Message ID,Send Time,Receive Time,Status,Error
0,10141103281,10141103421,1,"IOTHUB_CLIENT_CONFIRMATION_OK"
1,10141103482,10141103511,1,"IOTHUB_CLIENT_CONFIRMATION_OK"
2,10141103682,10141103713,1,"IOTHUB_CLIENT_CONFIRMATION_OK"
3,10141103882,10141104023,1,"IOTHUB_CLIENT_CONFIRMATION_OK"
4,10141104082,10141104126,1,"IOTHUB_CLIENT_CONFIRMATION_OK"
5,10141104282,10141104333,1,"IOTHUB_CLIENT_CONFIRMATION_OK"
6,10141104483,10141104539,1,"IOTHUB_CLIENT_CONFIRMATION_OK"
7,10141104683,10141104728,1,"IOTHUB_CLIENT_CONFIRMATION_OK"
8,10141104883,10141104917,1,"IOTHUB_CLIENT_CONFIRMATION_OK"
9,10141105083,10141105121,1,"IOTHUB_CLIENT_CONFIRMATION_OK"
10,10141105283,10141105319,1,"IOTHUB_CLIENT_CONFIRMATION_OK"
11,10141105483,10141105524,1,"IOTHUB_CLIENT_CONFIRMATION_OK"
12,10141105684,10141105718,1,"IOTHUB_CLIENT_CONFIRMATION_OK"
13,10141105884,10141105914,1,"IOTHUB_CLIENT_CONFIRMATION_OK"
14,10141106084,10141106121,1,"IOTHUB_CLIENT_CONFIRMATION_OK"
15,10141106284,10141106318,1,"IOTHUB_CLIENT_CONFIRMATION_OK"
16,10141106484,10141106517,1,"IOTHUB_CLIENT_CONFIRMATION_OK"
17,10141106684,10141106725,1,"IOTHUB_CLIENT_CONFIRMATION_OK"
18,10141106885,10141106914,1,"IOTHUB_CLIENT_CONFIRMATION_OK"
19,10141107085,10141107131,1,"IOTHUB_CLIENT_CONFIRMATION_OK"
20,10141107285,10141107322,1,"IOTHUB_CLIENT_CONFIRMATION_OK"
21,10141107485,10141107521,1,"IOTHUB_CLIENT_CONFIRMATION_OK"
22,10141107685,10141107736,1,"IOTHUB_CLIENT_CONFIRMATION_OK"
23,10141107885,10141107943,1,"IOTHUB_CLIENT_CONFIRMATION_OK"
24,10141108085,10141108125,1,"IOTHUB_CLIENT_CONFIRMATION_OK"
25,10141108286,10141108324,1,"IOTHUB_CLIENT_CONFIRMATION_OK"
26,10141108486,10141108520,1,"IOTHUB_CLIENT_CONFIRMATION_OK"
27,10141108686,10141108722,1,"IOTHUB_CLIENT_CONFIRMATION_OK"
28,10141108886,10141108930,1,"IOTHUB_CLIENT_CONFIRMATION_OK"
29,10141109086,10141109133,1,"IOTHUB_CLIENT_CONFIRMATION_OK"
30,10141109286,10141109326,1,"IOTHUB_CLIENT_CONFIRMATION_OK"
31,10141109487,10141109527,1,"IOTHUB_CLIENT_CONFIRMATION_OK"
32,10141109687,10141109723,1,"IOTHUB_CLIENT_CONFIRMATION_OK"
33,10141109887,10141109924,1,"IOTHUB_CLIENT_CONFIRMATION_OK"
34,10141110087,10141110187,1,"IOTHUB_CLIENT_CONFIRMATION_OK"
35,10141110287,10141110331,1,"IOTHUB_CLIENT_CONFIRMATION_OK"
36,10141110487,10141110537,1,"IOTHUB_CLIENT_CONFIRMATION_OK"
37,10141110688,10141110790,1,"IOTHUB_CLIENT_CONFIRMATION_OK"
38,10141110888,10141110928,1,"IOTHUB_CLIENT_CONFIRMATION_OK"
39,10141111088,10141111128,1,"IOTHUB_CLIENT_CONFIRMATION_OK"
40,10141111288,10141111350,1,"IOTHUB_CLIENT_CONFIRMATION_OK"
41,10141111488,10141111641,1,"IOTHUB_CLIENT_CONFIRMATION_OK"
42,10141111688,10141111751,1,"IOTHUB_CLIENT_CONFIRMATION_OK"
43,10141111889,10141111949,1,"IOTHUB_CLIENT_CONFIRMATION_OK"
44,10141112089,10141112249,1,"IOTHUB_CLIENT_CONFIRMATION_OK"
45,10141112289,10141112347,1,"IOTHUB_CLIENT_CONFIRMATION_OK"
46,10141112489,10141112542,1,"IOTHUB_CLIENT_CONFIRMATION_OK"
47,10141112689,10141112730,1,"IOTHUB_CLIENT_CONFIRMATION_OK"
48,10141112889,10141112935,1,"IOTHUB_CLIENT_CONFIRMATION_OK"
49,10141113089,10141113142,1,"IOTHUB_CLIENT_CONFIRMATION_OK"
50,10141113290,10141113329,1,"IOTHUB_CLIENT_CONFIRMATION_OK"
51,10141113490,10141113578,1,"IOTHUB_CLIENT_CONFIRMATION_OK"
52,10141113690,10141113734,1,"IOTHUB_CLIENT_CONFIRMATION_OK"
53,10141113890,10141113928,1,"IOTHUB_CLIENT_CONFIRMATION_OK"
54,10141114090,10141114140,1,"IOTHUB_CLIENT_CONFIRMATION_OK"
55,10141114290,10141114331,1,"IOTHUB_CLIENT_CONFIRMATION_OK"
56,10141114491,10141114537,1,"IOTHUB_CLIENT_CONFIRMATION_OK"
57,10141114691,10141114770,1,"IOTHUB_CLIENT_CONFIRMATION_OK"
58,10141114891,10141114936,1,"IOTHUB_CLIENT_CONFIRMATION_OK"
59,10141115091,10141115131,1,"IOTHUB_CLIENT_CONFIRMATION_OK"
60,10141115291,10141115330,1,"IOTHUB_CLIENT_CONFIRMATION_OK"
61,10141115491,10141115543,1,"IOTHUB_CLIENT_CONFIRMATION_OK"
62,10141115692,10141115739,1,"IOTHUB_CLIENT_CONFIRMATION_OK"
63,10141115892,10141115929,1,"IOTHUB_CLIENT_CONFIRMATION_OK"
64,10141116092,10141116165,1,"IOTHUB_CLIENT_CONFIRMATION_OK"
65,10141116292,10141116335,1,"IOTHUB_CLIENT_CONFIRMATION_OK"
66,10141116492,10141116583,1,"IOTHUB_CLIENT_CONFIRMATION_OK"
67,10141116692,10141116738,1,"IOTHUB_CLIENT_CONFIRMATION_OK"
68,10141116892,10141116941,1,"IOTHUB_CLIENT_CONFIRMATION_OK"
69,10141117093,10141117169,1,"IOTHUB_CLIENT_CONFIRMATION_OK"
70,10141117293,10141117335,1,"IOTHUB_CLIENT_CONFIRMATION_OK"
71,10141117493,10141117535,1,"IOTHUB_CLIENT_CONFIRMATION_OK"
72,10141117693,10141117792,1,"IOTHUB_CLIENT_CONFIRMATION_OK"
73,10141117893,10141117928,1,"IOTHUB_CLIENT_CONFIRMATION_OK"
74,10141118093,10141118136,1,"IOTHUB_CLIENT_CONFIRMATION_OK"
75,10141118294,10141118329,1,"IOTHUB_CLIENT_CONFIRMATION_OK"
76,10141118494,10141118529,1,"IOTHUB_CLIENT_CONFIRMATION_OK"
77,10141118694,10141118801,1,"IOTHUB_CLIENT_CONFIRMATION_OK"
78,10141118894,10141118935,1,"IOTHUB_CLIENT_CONFIRMATION_OK"
79,10141119094,10141119134,1,"IOTHUB_CLIENT_CONFIRMATION_OK"
80,10141119294,10141119417,1,"IOTHUB_CLIENT_CONFIRMATION_OK"
81,10141119494,10141119534,1,"IOTHUB_CLIENT_CONFIRMATION_OK"
82,10141119695,10141119736,1,"IOTHUB_CLIENT_CONFIRMATION_OK"
83,10141119895,10141119953,1,"IOTHUB_CLIENT_CONFIRMATION_OK"
84,10141120095,10141120136,1,"IOTHUB_CLIENT_CONFIRMATION_OK"
85,10141120295,10141120334,1,"IOTHUB_CLIENT_CONFIRMATION_OK"
86,10141120495,10141120535,1,"IOTHUB_CLIENT_CONFIRMATION_OK"
87,10141120695,10141120734,1,"IOTHUB_CLIENT_CONFIRMATION_OK"
88,10141120896,10141120952,1,"IOTHUB_CLIENT_CONFIRMATION_OK"
89,10141121096,10141121135,1,"IOTHUB_CLIENT_CONFIRMATION_OK"
90,10141121296,10141121334,1,"IOTHUB_CLIENT_CONFIRMATION_OK"
91,10141121496,10141121677,1,"IOTHUB_CLIENT_CONFIRMATION_OK"
92,10141121696,10141121742,1,"IOTHUB_CLIENT_CONFIRMATION_OK"
93,10141121896,10141121935,1,"IOTHUB_CLIENT_CONFIRMATION_OK"
94,10141122097,10141122141,1,"IOTHUB_CLIENT_CONFIRMATION_OK"
95,10141122297,10141122344,1,"IOTHUB_CLIENT_CONFIRMATION_OK"
96,10141122497,10141122529,1,"IOTHUB_CLIENT_CONFIRMATION_OK"
97,10141122697,10141122737,1,"IOTHUB_CLIENT_CONFIRMATION_OK"
98,10141122897,10141122954,1,"IOTHUB_CLIENT_CONFIRMATION_OK"
99,10141123097,10141123143,1,"IOTHUB_CLIENT_CONFIRMATION_OK"
100,10141123298,10141123334,1,"IOTHUB_CLIENT_CONFIRMATION_OK"
101,10141123498,10141123541,1,"IOTHUB_CLIENT_CONFIRMATION_OK"
102,10141123698,10141123893,1,"IOTHUB_CLIENT_CONFIRMATION_OK"
103,10141123898,10141123937,1,"IOTHUB_CLIENT_CONFIRMATION_OK"
104,10141124098,10141124140,1,"IOTHUB_CLIENT_CONFIRMATION_OK"
105,10141124298,10141124332,1,"IOTHUB_CLIENT_CONFIRMATION_OK"
106,10141124498,10141124542,1,"IOTHUB_CLIENT_CONFIRMATION_OK"
107,10141124699,10141124736,1,"IOTHUB_CLIENT_CONFIRMATION_OK"
108,10141124899,10141124939,1,"IOTHUB_CLIENT_CONFIRMATION_OK"
109,10141125099,10141125135,1,"IOTHUB_CLIENT_CONFIRMATION_OK"
110,10141125299,10141125340,1,"IOTHUB_CLIENT_CONFIRMATION_OK"
111,10141125499,10141125545,1,"IOTHUB_CLIENT_CONFIRMATION_OK"
112,10141125699,10141125734,1,"IOTHUB_CLIENT_CONFIRMATION_OK"
113,10141125900,10141125941,1,"IOTHUB_CLIENT_CONFIRMATION_OK"
114,10141126100,10141126136,1,"IOTHUB_CLIENT_CONFIRMATION_OK"
115,10141126300,10141126335,1,"IOTHUB_CLIENT_CONFIRMATION_OK"
116,10141126500,10141126576,1,"IOTHUB_CLIENT_CONFIRMATION_OK"
117,10141126700,10141126741,1,"IOTHUB_CLIENT_CONFIRMATION_OK"
118,10141126900,10141126939,1,"IOTHUB_CLIENT_CONFIRMATION_OK"
119,10141127101,10141127296,1,"IOTHUB_CLIENT_CONFIRMATION_OK"
120,10141127301,10141127335,1,"IOTHUB_CLIENT_CONFIRMATION_OK"
121,10141127501,10141127600,1,"IOTHUB_CLIENT_CONFIRMATION_OK"
122,10141127701,10141127753,1,"IOTHUB_CLIENT_CONFIRMATION_OK"
123,10141127901,10141127965,1,"IOTHUB_CLIENT_CONFIRMATION_OK"
124,10141128101,10141128138,1,"IOTHUB_CLIENT_CONFIRMATION_OK"
125,10141128302,10141128345,1,"IOTHUB_CLIENT_CONFIRMATION_OK"
126,10141128502,10141128547,1,"IOTHUB_CLIENT_CONFIRMATION_OK"
127,10141128702,10141128863,1,"IOTHUB_CLIENT_CONFIRMATION_OK"
128,10141128902,10141128948,1,"IOTHUB_CLIENT_CONFIRMATION_OK"
129,10141129102,10141129141,1,"IOTHUB_CLIENT_CONFIRMATION_OK"
130,10141129303,10141129442,1,"IOTHUB_CLIENT_CONFIRMATION_OK"
131,10141129503,10141129545,1,"IOTHUB_CLIENT_CONFIRMATION_OK"
132,10141129703,10141129746,1,"IOTHUB_CLIENT_CONFIRMATION_OK"
133,10141129903,10141129946,1,"IOTHUB_CLIENT_CONFIRMATION_OK"
134,10141130103,10141130140,1,"IOTHUB_CLIENT_CONFIRMATION_OK"
135,10141130303,10141130345,1,"IOTHUB_CLIENT_CONFIRMATION_OK"
136,10141130504,10141130609,1,"IOTHUB_CLIENT_CONFIRMATION_OK"
137,10141130704,10141130766,1,"IOTHUB_CLIENT_CONFIRMATION_OK"
138,10141130904,10141131099,1,"IOTHUB_CLIENT_CONFIRMATION_OK"
139,10141131104,10141131143,1,"IOTHUB_CLIENT_CONFIRMATION_OK"
140,10141131304,10141131343,1,"IOTHUB_CLIENT_CONFIRMATION_OK"
141,10141131504,10141131535,1,"IOTHUB_CLIENT_CONFIRMATION_OK"
142,10141131704,10141131750,1,"IOTHUB_CLIENT_CONFIRMATION_OK"
143,10141131905,10141131940,1,"IOTHUB_CLIENT_CONFIRMATION_OK"
144,10141132105,10141132148,1,"IOTHUB_CLIENT_CONFIRMATION_OK"
145,10141132305,10141132343,1,"IOTHUB_CLIENT_CONFIRMATION_OK"
146,10141132505,10141132544,1,"IOTHUB_CLIENT_CONFIRMATION_OK"
147,10141132705,10141132753,1,"IOTHUB_CLIENT_CONFIRMATION_OK"
148,10141132905,10141132943,1,"IOTHUB_CLIENT_CONFIRMATION_OK"
149,10141133106,10141133141,1,"IOTHUB_CLIENT_CONFIRMATION_OK"
150,10141133306,10141133348,1,"IOTHUB_CLIENT_CONFIRMATION_OK"
151,10141133506,10141133544,1,"IOTHUB_CLIENT_CONFIRMATION_OK"
152,10141133706,10141133768,1,"IOTHUB_CLIENT_CONFIRMATION_OK"
153,10141133906,10141133951,1,"IOTHUB_CLIENT_CONFIRMATION_OK"
154,10141134106,10141134151,1,"IOTHUB_CLIENT_CONFIRMATION_OK"
155,10141134307,10141134361,1,"IOTHUB_CLIENT_CONFIRMATION_OK"
156,10141134507,10141134556,1,"IOTHUB_CLIENT_CONFIRMATION_OK"
157,10141134707,10141134751,1,"IOTHUB_CLIENT_CONFIRMATION_OK"
158,10141134907,10141134986,1,"IOTHUB_CLIENT_CONFIRMATION_OK"
159,10141135107,10141135152,1,"IOTHUB_CLIENT_CONFIRMATION_OK"
160,10141135307,10141135347,1,"IOTHUB_CLIENT_CONFIRMATION_OK"
161,10141135508,10141135552,1,"IOTHUB_CLIENT_CONFIRMATION_OK"
162,10141135708,10141135770,1,"IOTHUB_CLIENT_CONFIRMATION_OK"
163,10141135908,10141136005,1,"IOTHUB_CLIENT_CONFIRMATION_OK"
164,10141136108,10141136151,1,"IOTHUB_CLIENT_CONFIRMATION_OK"
165,10141136308,10141136350,1,"IOTHUB_CLIENT_CONFIRMATION_OK"
166,10141136508,10141136599,1,"IOTHUB_CLIENT_CONFIRMATION_OK"
167,10141136708,10141136746,1,"IOTHUB_CLIENT_CONFIRMATION_OK"
168,10141136909,10141136949,1,"IOTHUB_CLIENT_CONFIRMATION_OK"
169,10141137109,10141137172,1,"IOTHUB_CLIENT_CONFIRMATION_OK"
170,10141137309,10141137340,1,"IOTHUB_CLIENT_CONFIRMATION_OK"
171,10141137509,10141137552,1,"IOTHUB_CLIENT_CONFIRMATION_OK"
172,10141137709,10141137874,1,"IOTHUB_CLIENT_CONFIRMATION_OK"
173,10141137909,10141137978,1,"IOTHUB_CLIENT_CONFIRMATION_OK"
174,10141138110,10141138153,1,"IOTHUB_CLIENT_CONFIRMATION_OK"
175,10141138310,10141138491,1,"IOTHUB_CLIENT_CONFIRMATION_OK"
176,10141138510,10141138556,1,"IOTHUB_CLIENT_CONFIRMATION_OK"
177,10141138710,10141138862,1,"IOTHUB_CLIENT_CONFIRMATION_OK"
178,10141138910,10141138949,1,"IOTHUB_CLIENT_CONFIRMATION_OK"
179,10141139110,10141139150,1,"IOTHUB_CLIENT_CONFIRMATION_OK"
180,10141139311,10141139346,1,"IOTHUB_CLIENT_CONFIRMATION_OK"
181,10141139511,10141139553,1,"IOTHUB_CLIENT_CONFIRMATION_OK"
182,10141139711,10141139752,1,"IOTHUB_CLIENT_CONFIRMATION_OK"
183,10141139911,10141139949,1,"IOTHUB_CLIENT_CONFIRMATION_OK"
184,10141140111,10141140150,1,"IOTHUB_CLIENT_CONFIRMATION_OK"
185,10141140311,10141140358,1,"IOTHUB_CLIENT_CONFIRMATION_OK"
186,10141140511,10141140558,1,"IOTHUB_CLIENT_CONFIRMATION_OK"
187,10141140712,10141140748,1,"IOTHUB_CLIENT_CONFIRMATION_OK"
188,10141140912,10141140942,1,"IOTHUB_CLIENT_CONFIRMATION_OK"
189,10141141112,10141141149,1,"IOTHUB_CLIENT_CONFIRMATION_OK"
190,10141141312,10141141349,1,"IOTHUB_CLIENT_CONFIRMATION_OK"
191,10141141512,10141141554,1,"IOTHUB_CLIENT_CONFIRMATION_OK"
192,10141141712,10141141759,1,"IOTHUB_CLIENT_CONFIRMATION_OK"
193,10141141913,10141141947,1,"IOTHUB_CLIENT_CONFIRMATION_OK"
194,10141142113,10141142153,1,"IOTHUB_CLIENT_CONFIRMATION_OK"
195,10141142313,10141142355,1,"IOTHUB_CLIENT_CONFIRMATION_OK"
196,10141142513,10141142550,1,"IOTHUB_CLIENT_CONFIRMATION_OK"
197,10141142713,10141142768,1,"IOTHUB_CLIENT_CONFIRMATION_OK"
198,10141142913,10141142957,1,"IOTHUB_CLIENT_CONFIRMATION_OK"
199,10141143113,10141143163,1,"IOTHUB_CLIENT_CONFIRMATION_OK"
200,10141143314,10141143368,1,"IOTHUB_CLIENT_CONFIRMATION_OK"
201,10141143514,10141143557,1,"IOTHUB_CLIENT_CONFIRMATION_OK"
202,10141143714,10141143791,1,"IOTHUB_CLIENT_CONFIRMATION_OK"
203,10141143914,10141143956,1,"IOTHUB_CLIENT_CONFIRMATION_OK"
204,10141144114,10141144148,1,"IOTHUB_CLIENT_CONFIRMATION_OK"
205,10141144314,10141144408,1,"IOTHUB_CLIENT_CONFIRMATION_OK"
206,10141144515,10141144558,1,"IOTHUB_CLIENT_CONFIRMATION_OK"
207,10141144715,10141144753,1,"IOTHUB_CLIENT_CONFIRMATION_OK"
208,10141144915,10141144957,1,"IOTHUB_CLIENT_CONFIRMATION_OK"
209,10141145115,10141145152,1,"IOTHUB_CLIENT_CONFIRMATION_OK"
210,10141145315,10141145356,1,"IOTHUB_CLIENT_CONFIRMATION_OK"
211,10141145515,10141145554,1,"IOTHUB_CLIENT_CONFIRMATION_OK"
212,10141145716,10141145753,1,"IOTHUB_CLIENT_CONFIRMATION_OK"
213,10141145916,10141146119,1,"IOTHUB_CLIENT_CONFIRMATION_OK"
214,10141146116,10141146174,1,"IOTHUB_CLIENT_CONFIRMATION_OK"
215,10141146316,10141146356,1,"IOTHUB_CLIENT_CONFIRMATION_OK"
216,10141146516,10141146561,1,"IOTHUB_CLIENT_CONFIRMATION_OK"
217,10141146717,10141146754,1,"IOTHUB_CLIENT_CONFIRMATION_OK"
218,10141146917,10141146953,1,"IOTHUB_CLIENT_CONFIRMATION_OK"
219,10141147117,10141147157,1,"IOTHUB_CLIENT_CONFIRMATION_OK"
220,10141147317,10141147361,1,"IOTHUB_CLIENT_CONFIRMATION_OK"
221,10141147517,10141147560,1,"IOTHUB_CLIENT_CONFIRMATION_OK"
222,10141147717,10141147773,1,"IOTHUB_CLIENT_CONFIRMATION_OK"
223,10141147917,10141147954,1,"IOTHUB_CLIENT_CONFIRMATION_OK"
224,10141148118,10141148156,1,"IOTHUB_CLIENT_CONFIRMATION_OK"
225,10141148318,10141148358,1,"IOTHUB_CLIENT_CONFIRMATION_OK"
226,10141148518,10141148557,1,"IOTHUB_CLIENT_CONFIRMATION_OK"
227,10141148718,10141148862,1,"IOTHUB_CLIENT_CONFIRMATION_OK"
228,10141148918,10141148958,1,"IOTHUB_CLIENT_CONFIRMATION_OK"
229,10141149118,10141149163,1,"IOTHUB_CLIENT_CONFIRMATION_OK"
230,10141149319,10141149359,1,"IOTHUB_CLIENT_CONFIRMATION_OK"
231,10141149519,10141149557,1,"IOTHUB_CLIENT_CONFIRMATION_OK"
232,10141149719,10141149762,1,"IOTHUB_CLIENT_CONFIRMATION_OK"
233,10141149919,10141149956,1,"IOTHUB_CLIENT_CONFIRMATION_OK"
234,10141150119,10141150159,1,"IOTHUB_CLIENT_CONFIRMATION_OK"
235,10141150319,10141150361,1,"IOTHUB_CLIENT_CONFIRMATION_OK"
236,10141150520,10141150567,1,"IOTHUB_CLIENT_CONFIRMATION_OK"
237,10141150720,10141150757,1,"IOTHUB_CLIENT_CONFIRMATION_OK"
238,10141150920,10141151096,1,"IOTHUB_CLIENT_CONFIRMATION_OK"
239,10141151120,10141151154,1,"IOTHUB_CLIENT_CONFIRMATION_OK"
240,10141151320,10141151362,1,"IOTHUB_CLIENT_CONFIRMATION_OK"
241,10141151520,10141151563,1,"IOTHUB_CLIENT_CONFIRMATION_OK"
242,10141151720,10141151756,1,"IOTHUB_CLIENT_CONFIRMATION_OK"
243,10141151921,10141151965,1,"IOTHUB_CLIENT_CONFIRMATION_OK"
244,10141152121,10141152249,1,"IOTHUB_CLIENT_CONFIRMATION_OK"
245,10141152321,10141152357,1,"IOTHUB_CLIENT_CONFIRMATION_OK"
246,10141152521,10141152560,1,"IOTHUB_CLIENT_CONFIRMATION_OK"
247,10141152721,10141152766,1,"IOTHUB_CLIENT_CONFIRMATION_OK"
248,10141152921,10141152967,1,"IOTHUB_CLIENT_CONFIRMATION_OK"
249,10141153122,10141153161,1,"IOTHUB_CLIENT_CONFIRMATION_OK"
250,10141153322,10141153366,1,"IOTHUB_CLIENT_CONFIRMATION_OK"
251,10141153522,10141153561,1,"IOTHUB_CLIENT_CONFIRMATION_OK"
252,10141153722,10141153780,1,"IOTHUB_CLIENT_CONFIRMATION_OK"
253,10141153922,10141153978,1,"IOTHUB_CLIENT_CONFIRMATION_OK"
254,10141154122,10141154164,1,"IOTHUB_CLIENT_CONFIRMATION_OK"
255,10141154322,10141154400,1,"IOTHUB_CLIENT_CONFIRMATION_OK"
256,10141154523,10141154561,1,"IOTHUB_CLIENT_CONFIRMATION_OK"
257,10141154723,10141154806,1,"IOTHUB_CLIENT_CONFIRMATION_OK"
258,10141154923,10141154967,1,"IOTHUB_CLIENT_CONFIRMATION_OK"
259,10141155123,10141155185,1,"IOTHUB_CLIENT_CONFIRMATION_OK"
260,10141155323,10141155364,1,"IOTHUB_CLIENT_CONFIRMATION_OK"
261,10141155523,10141155587,1,"IOTHUB_CLIENT_CONFIRMATION_OK"
262,10141155723,10141155779,1,"IOTHUB_CLIENT_CONFIRMATION_OK"
263,10141155924,10141156037,1,"IOTHUB_CLIENT_CONFIRMATION_OK"
264,10141156124,10141156166,1,"IOTHUB_CLIENT_CONFIRMATION_OK"
265,10141156324,10141156364,1,"IOTHUB_CLIENT_CONFIRMATION_OK"
266,10141156524,10141156661,1,"IOTHUB_CLIENT_CONFIRMATION_OK"
267,10141156724,10141156780,1,"IOTHUB_CLIENT_CONFIRMATION_OK"
268,10141156924,10141156969,1,"IOTHUB_CLIENT_CONFIRMATION_OK"
269,10141157125,10141157163,1,"IOTHUB_CLIENT_CONFIRMATION_OK"
270,10141157325,10141157358,1,"IOTHUB_CLIENT_CONFIRMATION_OK"
271,10141157525,10141157565,1,"IOTHUB_CLIENT_CONFIRMATION_OK"
272,10141157725,10141157768,1,"IOTHUB_CLIENT_CONFIRMATION_OK"
273,10141157925,10141157966,1,"IOTHUB_CLIENT_CONFIRMATION_OK"
274,10141158125,10141158289,1,"IOTHUB_CLIENT_CONFIRMATION_OK"
275,10141158326,10141158363,1,"IOTHUB_CLIENT_CONFIRMATION_OK"
276,10141158526,10141158571,1,"IOTHUB_CLIENT_CONFIRMATION_OK"
277,10141158726,10141158964,1,"IOTHUB_CLIENT_CONFIRMATION_OK"
278,10141158926,10141158999,1,"IOTHUB_CLIENT_CONFIRMATION_OK"
279,10141159126,10141159167,1,"IOTHUB_CLIENT_CONFIRMATION_OK"
280,10141159326,10141159366,1,"IOTHUB_CLIENT_CONFIRMATION_OK"
281,10141159526,10141159580,1,"IOTHUB_CLIENT_CONFIRMATION_OK"
282,10141159727,10141159773,1,"IOTHUB_CLIENT_CONFIRMATION_OK"
283,10141159927,10141159979,1,"IOTHUB_CLIENT_CONFIRMATION_OK"
284,10141160127,10141160198,1,"IOTHUB_CLIENT_CONFIRMATION_OK"
285,10141160327,10141160361,1,"IOTHUB_CLIENT_CONFIRMATION_OK"
286,10141160527,10141160573,1,"IOTHUB_CLIENT_CONFIRMATION_OK"
287,10141160727,10141160767,1,"IOTHUB_CLIENT_CONFIRMATION_OK"
288,10141160928,10141161079,1,"IOTHUB_CLIENT_CONFIRMATION_OK"
289,10141161128,10141161168,1,"IOTHUB_CLIENT_CONFIRMATION_OK"
290,10141161328,10141161366,1,"IOTHUB_CLIENT_CONFIRMATION_OK"
291,10141161528,10141161564,1,"IOTHUB_CLIENT_CONFIRMATION_OK"
292,10141161728,10141161768,1,"IOTHUB_CLIENT_CONFIRMATION_OK"
293,10141161928,10141161975,1,"IOTHUB_CLIENT_CONFIRMATION_OK"
294,10141162129,10141162165,1,"IOTHUB_CLIENT_CONFIRMATION_OK"
295,10141162329,10141162365,1,"IOTHUB_CLIENT_CONFIRMATION_OK"
296,10141162529,10141162566,1,"IOTHUB_CLIENT_CONFIRMATION_OK"
297,10141162729,10141162777,1,"IOTHUB_CLIENT_CONFIRMATION_OK"
298,10141162929,10141162972,1,"IOTHUB_CLIENT_CONFIRMATION_OK"
299,10141163129,10141163285,1,"IOTHUB_CLIENT_CONFIRMATION_OK"
300,10141163329,10141163370,1,"IOTHUB_CLIENT_CONFIRMATION_OK"
301,10141163530,10141163569,1,"IOTHUB_CLIENT_CONFIRMATION_OK"
302,10141163730,10141163767,1,"IOTHUB_CLIENT_CONFIRMATION_OK"
303,10141163930,10141163973,1,"IOTHUB_CLIENT_CONFIRMATION_OK"
304,10141164130,10141164170,1,"IOTHUB_CLIENT_CONFIRMATION_OK"
305,10141164330,10141164369,1,"IOTHUB_CLIENT_CONFIRMATION_OK"
306,10141164530,10141164566,1,"IOTHUB_CLIENT_CONFIRMATION_OK"
307,10141164731,10141164771,1,"IOTHUB_CLIENT_CONFIRMATION_OK"
308,10141164931,10141164977,1,"IOTHUB_CLIENT_CONFIRMATION_OK"
309,10141165131,10141165171,1,"IOTHUB_CLIENT_CONFIRMATION_OK"
310,10141165331,10141165526,1,"IOTHUB_CLIENT_CONFIRMATION_OK"
311,10141165531,10141165573,1,"IOTHUB_CLIENT_CONFIRMATION_OK"
312,10141165731,10141165781,1,"IOTHUB_CLIENT_CONFIRMATION_OK"
313,10141165932,10141165970,1,"IOTHUB_CLIENT_CONFIRMATION_OK"
314,10141166132,10141166168,1,"IOTHUB_CLIENT_CONFIRMATION_OK"
315,10141166332,10141166380,1,"IOTHUB_CLIENT_CONFIRMATION_OK"
316,10141166532,10141166569,1,"IOTHUB_CLIENT_CONFIRMATION_OK"
317,10141166732,10141166772,1,"IOTHUB_CLIENT_CONFIRMATION_OK"
318,10141166932,10141166967,1,"IOTHUB_CLIENT_CONFIRMATION_OK"
319,10141167133,10141167181,1,"IOTHUB_CLIENT_CONFIRMATION_OK"
320,10141167333,10141167370,1,"IOTHUB_CLIENT_CONFIRMATION_OK"
321,10141167533,10141167572,1,"IOTHUB_CLIENT_CONFIRMATION_OK"
322,10141167733,10141167771,1,"IOTHUB_CLIENT_CONFIRMATION_OK"
323,10141167933,10141167966,1,"IOTHUB_CLIENT_CONFIRMATION_OK"
324,10141168133,10141168176,1,"IOTHUB_CLIENT_CONFIRMATION_OK"
325,10141168334,10141168410,1,"IOTHUB_CLIENT_CONFIRMATION_OK"
326,10141168534,10141168576,1,"IOTHUB_CLIENT_CONFIRMATION_OK"
327,10141168734,10141168800,1,"IOTHUB_CLIENT_CONFIRMATION_OK"
328,10141168934,10141168979,1,"IOTHUB_CLIENT_CONFIRMATION_OK"
329,10141169134,10141169177,1,"IOTHUB_CLIENT_CONFIRMATION_OK"
330,10141169334,10141169375,1,"IOTHUB_CLIENT_CONFIRMATION_OK"
331,10141169535,10141169576,1,"IOTHUB_CLIENT_CONFIRMATION_OK"
332,10141169735,10141169816,1,"IOTHUB_CLIENT_CONFIRMATION_OK"
333,10141169935,10141169968,1,"IOTHUB_CLIENT_CONFIRMATION_OK"
334,10141170135,10141170179,1,"IOTHUB_CLIENT_CONFIRMATION_OK"
335,10141170335,10141170449,1,"IOTHUB_CLIENT_CONFIRMATION_OK"
336,10141170535,10141170573,1,"IOTHUB_CLIENT_CONFIRMATION_OK"
337,10141170736,10141170777,1,"IOTHUB_CLIENT_CONFIRMATION_OK"
338,10141170936,10141170975,1,"IOTHUB_CLIENT_CONFIRMATION_OK"
339,10141171136,10141171178,1,"IOTHUB_CLIENT_CONFIRMATION_OK"
340,10141171336,10141171379,1,"IOTHUB_CLIENT_CONFIRMATION_OK"
341,10141171536,10141171681,1,"IOTHUB_CLIENT_CONFIRMATION_OK"
342,10141171736,10141171791,1,"IOTHUB_CLIENT_CONFIRMATION_OK"
343,10141171937,10141172002,1,"IOTHUB_CLIENT_CONFIRMATION_OK"
344,10141172137,10141172176,1,"IOTHUB_CLIENT_CONFIRMATION_OK"
345,10141172337,10141172376,1,"IOTHUB_CLIENT_CONFIRMATION_OK"
346,10141172537,10141172718,1,"IOTHUB_CLIENT_CONFIRMATION_OK"
347,10141172737,10141172774,1,"IOTHUB_CLIENT_CONFIRMATION_OK"
348,10141172938,10141172978,1,"IOTHUB_CLIENT_CONFIRMATION_OK"
349,10141173138,10141173175,1,"IOTHUB_CLIENT_CONFIRMATION_OK"
350,10141173338,10141173378,1,"IOTHUB_CLIENT_CONFIRMATION_OK"
351,10141173538,10141173601,1,"IOTHUB_CLIENT_CONFIRMATION_OK"
352,10141173738,10141173776,1,"IOTHUB_CLIENT_CONFIRMATION_OK"
353,10141173938,10141173979,1,"IOTHUB_CLIENT_CONFIRMATION_OK"
354,10141174139,10141174181,1,"IOTHUB_CLIENT_CONFIRMATION_OK"
355,10141174339,10141174379,1,"IOTHUB_CLIENT_CONFIRMATION_OK"
356,10141174539,10141174574,1,"IOTHUB_CLIENT_CONFIRMATION_OK"
357,10141174739,10141174931,1,"IOTHUB_CLIENT_CONFIRMATION_OK"
358,10141174939,10141174976,1,"IOTHUB_CLIENT_CONFIRMATION_OK"
359,10141175139,10141175178,1,"IOTHUB_CLIENT_CONFIRMATION_OK"
360,10141175339,10141175375,1,"IOTHUB_CLIENT_CONFIRMATION_OK"
361,10141175540,10141175588,1,"IOTHUB_CLIENT_CONFIRMATION_OK"
362,10141175740,10141175779,1,"IOTHUB_CLIENT_CONFIRMATION_OK"
363,10141175940,10141175978,1,"IOTHUB_CLIENT_CONFIRMATION_OK"
364,10141176140,10141176179,1,"IOTHUB_CLIENT_CONFIRMATION_OK"
365,10141176340,10141176379,1,"IOTHUB_CLIENT_CONFIRMATION_OK"
366,10141176540,10141176583,1,"IOTHUB_CLIENT_CONFIRMATION_OK"
367,10141176740,10141176796,1,"IOTHUB_CLIENT_CONFIRMATION_OK"
368,10141176941,10141177003,1,"IOTHUB_CLIENT_CONFIRMATION_OK"
369,10141177141,10141177179,1,"IOTHUB_CLIENT_CONFIRMATION_OK"
370,10141177341,10141177384,1,"IOTHUB_CLIENT_CONFIRMATION_OK"
371,10141177541,10141177586,1,"IOTHUB_CLIENT_CONFIRMATION_OK"
372,10141177741,10141177802,1,"IOTHUB_CLIENT_CONFIRMATION_OK"
373,10141177941,10141177985,1,"IOTHUB_CLIENT_CONFIRMATION_OK"
374,10141178141,10141178211,1,"IOTHUB_CLIENT_CONFIRMATION_OK"
375,10141178342,10141178383,1,"IOTHUB_CLIENT_CONFIRMATION_OK"
376,10141178542,10141178585,1,"IOTHUB_CLIENT_CONFIRMATION_OK"
377,10141178742,10141178817,1,"IOTHUB_CLIENT_CONFIRMATION_OK"
378,10141178942,10141178988,1,"IOTHUB_CLIENT_CONFIRMATION_OK"
379,10141179142,10141179182,1,"IOTHUB_CLIENT_CONFIRMATION_OK"
380,10141179342,10141179408,1,"IOTHUB_CLIENT_CONFIRMATION_OK"
381,10141179543,10141179604,1,"IOTHUB_CLIENT_CONFIRMATION_OK"
382,10141179743,10141179822,1,"IOTHUB_CLIENT_CONFIRMATION_OK"
383,10141179943,10141179987,1,"IOTHUB_CLIENT_CONFIRMATION_OK"
384,10141180143,10141180178,1,"IOTHUB_CLIENT_CONFIRMATION_OK"
385,10141180343,10141180428,1,"IOTHUB_CLIENT_CONFIRMATION_OK"
386,10141180543,10141180584,1,"IOTHUB_CLIENT_CONFIRMATION_OK"
387,10141180743,10141180789,1,"IOTHUB_CLIENT_CONFIRMATION_OK"
388,10141180944,10141180992,1,"IOTHUB_CLIENT_CONFIRMATION_OK"
389,10141181144,10141181186,1,"IOTHUB_CLIENT_CONFIRMATION_OK"
390,10141181344,10141181406,1,"IOTHUB_CLIENT_CONFIRMATION_OK"
391,10141181544,10141181583,1,"IOTHUB_CLIENT_CONFIRMATION_OK"
392,10141181744,10141182020,1,"IOTHUB_CLIENT_CONFIRMATION_OK"
393,10141181944,10141182080,1,"IOTHUB_CLIENT_CONFIRMATION_OK"
394,10141182144,10141182182,1,"IOTHUB_CLIENT_CONFIRMATION_OK"
395,10141182345,10141182795,1,"IOTHUB_CLIENT_CONFIRMATION_OK"
396,10141182545,10141182847,1,"IOTHUB_CLIENT_CONFIRMATION_OK"
397,10141182745,10141182907,1,"IOTHUB_CLIENT_CONFIRMATION_OK"
398,10141182945,10141182982,1,"IOTHUB_CLIENT_CONFIRMATION_OK"
399,10141183145,10141183194,1,"IOTHUB_CLIENT_CONFIRMATION_OK"
400,10141183345,10141183380,1,"IOTHUB_CLIENT_CONFIRMATION_OK"
401,10141183545,10141183585,1,"IOTHUB_CLIENT_CONFIRMATION_OK"
402,10141183746,10141183790,1,"IOTHUB_CLIENT_CONFIRMATION_OK"
403,10141183946,10141183988,1,"IOTHUB_CLIENT_CONFIRMATION_OK"
404,10141184146,10141184181,1,"IOTHUB_CLIENT_CONFIRMATION_OK"
405,10141184346,10141184383,1,"IOTHUB_CLIENT_CONFIRMATION_OK"
406,10141184546,10141184589,1,"IOTHUB_CLIENT_CONFIRMATION_OK"
407,10141184746,10141184913,1,"IOTHUB_CLIENT_CONFIRMATION_OK"
408,10141184947,10141184981,1,"IOTHUB_CLIENT_CONFIRMATION_OK"
409,10141185147,10141185188,1,"IOTHUB_CLIENT_CONFIRMATION_OK"
410,10141185347,10141185435,1,"IOTHUB_CLIENT_CONFIRMATION_OK"
411,10141185547,10141185584,1,"IOTHUB_CLIENT_CONFIRMATION_OK"
412,10141185747,10141185785,1,"IOTHUB_CLIENT_CONFIRMATION_OK"
413,10141185947,10141185985,1,"IOTHUB_CLIENT_CONFIRMATION_OK"
414,10141186148,10141186188,1,"IOTHUB_CLIENT_CONFIRMATION_OK"
415,10141186348,10141186385,1,"IOTHUB_CLIENT_CONFIRMATION_OK"
416,10141186548,10141186591,1,"IOTHUB_CLIENT_CONFIRMATION_OK"
417,10141186748,10141186788,1,"IOTHUB_CLIENT_CONFIRMATION_OK"
418,10141186948,10141187139,1,"IOTHUB_CLIENT_CONFIRMATION_OK"
419,10141187148,10141187201,1,"IOTHUB_CLIENT_CONFIRMATION_OK"
420,10141187348,10141187395,1,"IOTHUB_CLIENT_CONFIRMATION_OK"
421,10141187549,10141187597,1,"IOTHUB_CLIENT_CONFIRMATION_OK"
422,10141187749,10141187788,1,"IOTHUB_CLIENT_CONFIRMATION_OK"
423,10141187949,10141188005,1,"IOTHUB_CLIENT_CONFIRMATION_OK"
424,10141188149,10141188186,1,"IOTHUB_CLIENT_CONFIRMATION_OK"
425,10141188349,10141188389,1,"IOTHUB_CLIENT_CONFIRMATION_OK"
426,10141188549,10141188591,1,"IOTHUB_CLIENT_CONFIRMATION_OK"
427,10141188749,10141188820,1,"IOTHUB_CLIENT_CONFIRMATION_OK"
428,10141188950,10141188986,1,"IOTHUB_CLIENT_CONFIRMATION_OK"
429,10141189150,10141189189,1,"IOTHUB_CLIENT_CONFIRMATION_OK"
430,10141189350,10141189387,1,"IOTHUB_CLIENT_CONFIRMATION_OK"
431,10141189550,10141189601,1,"IOTHUB_CLIENT_CONFIRMATION_OK"
432,10141189750,10141189811,1,"IOTHUB_CLIENT_CONFIRMATION_OK"
433,10141189951,10141189991,1,"IOTHUB_CLIENT_CONFIRMATION_OK"
434,10141190151,10141190199,1,"IOTHUB_CLIENT_CONFIRMATION_OK"
435,10141190351,10141190434,1,"IOTHUB_CLIENT_CONFIRMATION_OK"
436,10141190551,10141190587,1,"IOTHUB_CLIENT_CONFIRMATION_OK"
437,10141190751,10141190804,1,"IOTHUB_CLIENT_CONFIRMATION_OK"
438,10141190951,10141191093,1,"IOTHUB_CLIENT_CONFIRMATION_OK"
439,10141191151,10141191193,1,"IOTHUB_CLIENT_CONFIRMATION_OK"
440,10141191352,10141191392,1,"IOTHUB_CLIENT_CONFIRMATION_OK"
441,10141191552,10141191596,1,"IOTHUB_CLIENT_CONFIRMATION_OK"
442,10141191752,10141191794,1,"IOTHUB_CLIENT_CONFIRMATION_OK"
443,10141191952,10141192149,1,"IOTHUB_CLIENT_CONFIRMATION_OK"
444,10141192152,10141192193,1,"IOTHUB_CLIENT_CONFIRMATION_OK"
445,10141192353,10141192389,1,"IOTHUB_CLIENT_CONFIRMATION_OK"
446,10141192553,10141192595,1,"IOTHUB_CLIENT_CONFIRMATION_OK"
447,10141192753,10141192793,1,"IOTHUB_CLIENT_CONFIRMATION_OK"
448,10141192953,10141192997,1,"IOTHUB_CLIENT_CONFIRMATION_OK"
449,10141193153,10141193213,1,"IOTHUB_CLIENT_CONFIRMATION_OK"
450,10141193353,10141193394,1,"IOTHUB_CLIENT_CONFIRMATION_OK"
451,10141193554,10141193591,1,"IOTHUB_CLIENT_CONFIRMATION_OK"
452,10141193754,10141193792,1,"IOTHUB_CLIENT_CONFIRMATION_OK"
453,10141193954,10141193999,1,"IOTHUB_CLIENT_CONFIRMATION_OK"
454,10141194154,10141194195,1,"IOTHUB_CLIENT_CONFIRMATION_OK"
455,10141194354,10141194392,1,"IOTHUB_CLIENT_CONFIRMATION_OK"
456,10141194554,10141194600,1,"IOTHUB_CLIENT_CONFIRMATION_OK"
457,10141194754,10141194796,1,"IOTHUB_CLIENT_CONFIRMATION_OK"
458,10141194955,10141194996,1,"IOTHUB_CLIENT_CONFIRMATION_OK"
459,10141195155,10141195196,1,"IOTHUB_CLIENT_CONFIRMATION_OK"
460,10141195355,10141195401,1,"IOTHUB_CLIENT_CONFIRMATION_OK"
461,10141195555,10141195595,1,"IOTHUB_CLIENT_CONFIRMATION_OK"
462,10141195755,10141195808,1,"IOTHUB_CLIENT_CONFIRMATION_OK"
463,10141195955,10141196019,1,"IOTHUB_CLIENT_CONFIRMATION_OK"
464,10141196156,10141196201,1,"IOTHUB_CLIENT_CONFIRMATION_OK"
465,10141196356,10141196396,1,"IOTHUB_CLIENT_CONFIRMATION_OK"
466,10141196556,10141196616,1,"IOTHUB_CLIENT_CONFIRMATION_OK"
467,10141196756,10141196794,1,"IOTHUB_CLIENT_CONFIRMATION_OK"
468,10141196956,10141197005,1,"IOTHUB_CLIENT_CONFIRMATION_OK"
469,10141197156,10141197205,1,"IOTHUB_CLIENT_CONFIRMATION_OK"
470,10141197356,10141197398,1,"IOTHUB_CLIENT_CONFIRMATION_OK"
471,10141197557,10141197642,1,"IOTHUB_CLIENT_CONFIRMATION_OK"
472,10141197757,10141197796,1,"IOTHUB_CLIENT_CONFIRMATION_OK"
473,10141197957,10141197995,1,"IOTHUB_CLIENT_CONFIRMATION_OK"
474,10141198157,10141198260,1,"IOTHUB_CLIENT_CONFIRMATION_OK"
475,10141198357,10141198397,1,"IOTHUB_CLIENT_CONFIRMATION_OK"
476,10141198557,10141198601,1,"IOTHUB_CLIENT_CONFIRMATION_OK"
477,10141198758,10141198795,1,"IOTHUB_CLIENT_CONFIRMATION_OK"
478,10141198958,10141199019,1,"IOTHUB_CLIENT_CONFIRMATION_OK"
479,10141199158,10141199197,1,"IOTHUB_CLIENT_CONFIRMATION_OK"
480,10141199358,10141199418,1,"IOTHUB_CLIENT_CONFIRMATION_OK"
481,10141199558,10141199599,1,"IOTHUB_CLIENT_CONFIRMATION_OK"
482,10141199758,10141199950,1,"IOTHUB_CLIENT_CONFIRMATION_OK"
483,10141199959,10141199998,1,"IOTHUB_CLIENT_CONFIRMATION_OK"
484,10141200159,10141200210,1,"IOTHUB_CLIENT_CONFIRMATION_OK"
485,10141200359,10141200406,1,"IOTHUB_CLIENT_CONFIRMATION_OK"
486,10141200559,10141200618,1,"IOTHUB_CLIENT_CONFIRMATION_OK"
487,10141200759,10141200803,1,"IOTHUB_CLIENT_CONFIRMATION_OK"
488,10141200959,10141201007,1,"IOTHUB_CLIENT_CONFIRMATION_OK"
489,10141201160,10141201216,1,"IOTHUB_CLIENT_CONFIRMATION_OK"
490,10141201360,10141201397,1,"IOTHUB_CLIENT_CONFIRMATION_OK"
491,10141201560,10141201616,1,"IOTHUB_CLIENT_CONFIRMATION_OK"
492,10141201760,10141201799,1,"IOTHUB_CLIENT_CONFIRMATION_OK"
493,10141201960,10141202153,1,"IOTHUB_CLIENT_CONFIRMATION_OK"
494,10141202160,10141202200,1,"IOTHUB_CLIENT_CONFIRMATION_OK"
495,10141202360,10141202401,1,"IOTHUB_CLIENT_CONFIRMATION_OK"
496,10141202561,10141202603,1,"IOTHUB_CLIENT_CONFIRMATION_OK"
497,10141202761,10141202814,1,"IOTHUB_CLIENT_CONFIRMATION_OK"
498,10141202961,10141202998,1,"IOTHUB_CLIENT_CONFIRMATION_OK"
499,10141203161,10141203209,1,"IOTHUB_CLIENT_CONFIRMATION_OK"
500,10141203361,10141203398,1,"IOTHUB_CLIENT_CONFIRMATION_OK"
501,10141203561,10141203601,1,"IOTHUB_CLIENT_CONFIRMATION_OK"
502,10141203761,10141203803,1,"IOTHUB_CLIENT_CONFIRMATION_OK"
503,10141203962,10141204000,1,"IOTHUB_CLIENT_CONFIRMATION_OK"
504,10141204162,10141204197,1,"IOTHUB_CLIENT_CONFIRMATION_OK"
505,10141204362,10141204407,1,"IOTHUB_CLIENT_CONFIRMATION_OK"
506,10141204562,10141204600,1,"IOTHUB_CLIENT_CONFIRMATION_OK"
507,10141204762,10141204847,1,"IOTHUB_CLIENT_CONFIRMATION_OK"
508,10141204963,10141205000,1,"IOTHUB_CLIENT_CONFIRMATION_OK"
509,10141205163,10141205204,1,"IOTHUB_CLIENT_CONFIRMATION_OK"
510,10141205363,10141205426,1,"IOTHUB_CLIENT_CONFIRMATION_OK"
511,10141205563,10141205607,1,"IOTHUB_CLIENT_CONFIRMATION_OK"
512,10141205763,10141205803,1,"IOTHUB_CLIENT_CONFIRMATION_OK"
513,10141205963,10141206036,1,"IOTHUB_CLIENT_CONFIRMATION_OK"
514,10141206163,10141206219,1,"IOTHUB_CLIENT_CONFIRMATION_OK"
515,10141206364,10141206404,1,"IOTHUB_CLIENT_CONFIRMATION_OK"
516,10141206564,10141206606,1,"IOTHUB_CLIENT_CONFIRMATION_OK"
517,10141206764,10141206801,1,"IOTHUB_CLIENT_CONFIRMATION_OK"
518,10141206964,10141207069,1,"IOTHUB_CLIENT_CONFIRMATION_OK"
519,10141207164,10141207209,1,"IOTHUB_CLIENT_CONFIRMATION_OK"
520,10141207364,10141207405,1,"IOTHUB_CLIENT_CONFIRMATION_OK"
521,10141207565,10141207666,1,"IOTHUB_CLIENT_CONFIRMATION_OK"
522,10141207765,10141207806,1,"IOTHUB_CLIENT_CONFIRMATION_OK"
523,10141207965,10141208010,1,"IOTHUB_CLIENT_CONFIRMATION_OK"
524,10141208165,10141208276,1,"IOTHUB_CLIENT_CONFIRMATION_OK"
525,10141208365,10141208417,1,"IOTHUB_CLIENT_CONFIRMATION_OK"
526,10141208565,10141208620,1,"IOTHUB_CLIENT_CONFIRMATION_OK"
527,10141208765,10141208808,1,"IOTHUB_CLIENT_CONFIRMATION_OK"
528,10141208966,10141209009,1,"IOTHUB_CLIENT_CONFIRMATION_OK"
529,10141209166,10141209225,1,"IOTHUB_CLIENT_CONFIRMATION_OK"
530,10141209366,10141209408,1,"IOTHUB_CLIENT_CONFIRMATION_OK"
531,10141209566,10141209615,1,"IOTHUB_CLIENT_CONFIRMATION_OK"
532,10141209766,10141209905,1,"IOTHUB_CLIENT_CONFIRMATION_OK"
533,10141209966,10141210005,1,"IOTHUB_CLIENT_CONFIRMATION_OK"
534,10141210166,10141210242,1,"IOTHUB_CLIENT_CONFIRMATION_OK"
535,10141210367,10141210406,1,"IOTHUB_CLIENT_CONFIRMATION_OK"
536,10141210567,10141210606,1,"IOTHUB_CLIENT_CONFIRMATION_OK"
537,10141210767,10141210807,1,"IOTHUB_CLIENT_CONFIRMATION_OK"
538,10141210967,10141211010,1,"IOTHUB_CLIENT_CONFIRMATION_OK"
539,10141211167,10141211204,1,"IOTHUB_CLIENT_CONFIRMATION_OK"
540,10141211367,10141211409,1,"IOTHUB_CLIENT_CONFIRMATION_OK"
541,10141211567,10141211619,1,"IOTHUB_CLIENT_CONFIRMATION_OK"
542,10141211768,10141211810,1,"IOTHUB_CLIENT_CONFIRMATION_OK"
543,10141211968,10141212061,1,"IOTHUB_CLIENT_CONFIRMATION_OK"
544,10141212168,10141212212,1,"IOTHUB_CLIENT_CONFIRMATION_OK"
545,10141212368,10141212423,1,"IOTHUB_CLIENT_CONFIRMATION_OK"
546,10141212568,10141212709,1,"IOTHUB_CLIENT_CONFIRMATION_OK"
547,10141212768,10141212809,1,"IOTHUB_CLIENT_CONFIRMATION_OK"
548,10141212968,10141213003,1,"IOTHUB_CLIENT_CONFIRMATION_OK"
549,10141213169,10141213205,1,"IOTHUB_CLIENT_CONFIRMATION_OK"
550,10141213369,10141213406,1,"IOTHUB_CLIENT_CONFIRMATION_OK"
551,10141213569,10141213608,1,"IOTHUB_CLIENT_CONFIRMATION_OK"
552,10141213769,10141213809,1,"IOTHUB_CLIENT_CONFIRMATION_OK"
553,10141213969,10141214006,1,"IOTHUB_CLIENT_CONFIRMATION_OK"
554,10141214169,10141214337,1,"IOTHUB_CLIENT_CONFIRMATION_OK"
555,10141214369,10141214411,1,"IOTHUB_CLIENT_CONFIRMATION_OK"
556,10141214570,10141214606,1,"IOTHUB_CLIENT_CONFIRMATION_OK"
557,10141214770,10141214808,1,"IOTHUB_CLIENT_CONFIRMATION_OK"
558,10141214970,10141215018,1,"IOTHUB_CLIENT_CONFIRMATION_OK"
559,10141215170,10141215214,1,"IOTHUB_CLIENT_CONFIRMATION_OK"
560,10141215371,10141215411,1,"IOTHUB_CLIENT_CONFIRMATION_OK"
561,10141215571,10141215623,1,"IOTHUB_CLIENT_CONFIRMATION_OK"
562,10141215771,10141215804,1,"IOTHUB_CLIENT_CONFIRMATION_OK"
563,10141215971,10141216007,1,"IOTHUB_CLIENT_CONFIRMATION_OK"
564,10141216171,10141216207,1,"IOTHUB_CLIENT_CONFIRMATION_OK"
565,10141216371,10141216566,1,"IOTHUB_CLIENT_CONFIRMATION_OK"
566,10141216571,10141216612,1,"IOTHUB_CLIENT_CONFIRMATION_OK"
567,10141216772,10141216813,1,"IOTHUB_CLIENT_CONFIRMATION_OK"
568,10141216972,10141217008,1,"IOTHUB_CLIENT_CONFIRMATION_OK"
569,10141217172,10141217213,1,"IOTHUB_CLIENT_CONFIRMATION_OK"
570,10141217372,10141217417,1,"IOTHUB_CLIENT_CONFIRMATION_OK"
571,10141217572,10141217609,1,"IOTHUB_CLIENT_CONFIRMATION_OK"
572,10141217772,10141217812,1,"IOTHUB_CLIENT_CONFIRMATION_OK"
573,10141217972,10141218014,1,"IOTHUB_CLIENT_CONFIRMATION_OK"
574,10141218173,10141218262,1,"IOTHUB_CLIENT_CONFIRMATION_OK"
575,10141218373,10141218415,1,"IOTHUB_CLIENT_CONFIRMATION_OK"
576,10141218573,10141218610,1,"IOTHUB_CLIENT_CONFIRMATION_OK"
577,10141218773,10141218813,1,"IOTHUB_CLIENT_CONFIRMATION_OK"
578,10141218973,10141219011,1,"IOTHUB_CLIENT_CONFIRMATION_OK"
579,10141219173,10141219243,1,"IOTHUB_CLIENT_CONFIRMATION_OK"
580,10141219373,10141219411,1,"IOTHUB_CLIENT_CONFIRMATION_OK"
581,10141219574,10141219614,1,"IOTHUB_CLIENT_CONFIRMATION_OK"
582,10141219774,10141219818,1,"IOTHUB_CLIENT_CONFIRMATION_OK"
583,10141219974,10141220016,1,"IOTHUB_CLIENT_CONFIRMATION_OK"
584,10141220174,10141220214,1,"IOTHUB_CLIENT_CONFIRMATION_OK"
585,10141220374,10141220444,1,"IOTHUB_CLIENT_CONFIRMATION_OK"
586,10141220574,10141220616,1,"IOTHUB_CLIENT_CONFIRMATION_OK"
587,10141220774,10141220864,1,"IOTHUB_CLIENT_CONFIRMATION_OK"
588,10141220975,10141221026,1,"IOTHUB_CLIENT_CONFIRMATION_OK"
589,10141221175,10141221226,1,"IOTHUB_CLIENT_CONFIRMATION_OK"
590,10141221375,10141221445,1,"IOTHUB_CLIENT_CONFIRMATION_OK"
591,10141221575,10141221615,1,"IOTHUB_CLIENT_CONFIRMATION_OK"
592,10141221775,10141221811,1,"IOTHUB_CLIENT_CONFIRMATION_OK"
593,10141221975,10141222080,1,"IOTHUB_CLIENT_CONFIRMATION_OK"
594,10141222176,10141222219,1,"IOTHUB_CLIENT_CONFIRMATION_OK"
595,10141222376,10141222413,1,"IOTHUB_CLIENT_CONFIRMATION_OK"
596,10141222576,10141222688,1,"IOTHUB_CLIENT_CONFIRMATION_OK"
597,10141222776,10141222832,1,"IOTHUB_CLIENT_CONFIRMATION_OK"
598,10141222976,10141223036,1,"IOTHUB_CLIENT_CONFIRMATION_OK"
599,10141223176,10141223211,1,"IOTHUB_CLIENT_CONFIRMATION_OK"
600,10141223376,10141223419,1,"IOTHUB_CLIENT_CONFIRMATION_OK"
601,10141223577,10141223616,1,"IOTHUB_CLIENT_CONFIRMATION_OK"
602,10141223777,10141223829,1,"IOTHUB_CLIENT_CONFIRMATION_OK"
603,10141223977,10141224016,1,"IOTHUB_CLIENT_CONFIRMATION_OK"
604,10141224177,10141224323,1,"IOTHUB_CLIENT_CONFIRMATION_OK"
605,10141224377,10141224417,1,"IOTHUB_CLIENT_CONFIRMATION_OK"
606,10141224577,10141224615,1,"IOTHUB_CLIENT_CONFIRMATION_OK"
607,10141224778,10141224812,1,"IOTHUB_CLIENT_CONFIRMATION_OK"
608,10141224978,10141225043,1,"IOTHUB_CLIENT_CONFIRMATION_OK"
609,10141225178,10141225219,1,"IOTHUB_CLIENT_CONFIRMATION_OK"
610,10141225378,10141225420,1,"IOTHUB_CLIENT_CONFIRMATION_OK"
611,10141225578,10141225630,1,"IOTHUB_CLIENT_CONFIRMATION_OK"
612,10141225778,10141225823,1,"IOTHUB_CLIENT_CONFIRMATION_OK"
613,10141225978,10141226014,1,"IOTHUB_CLIENT_CONFIRMATION_OK"
614,10141226179,10141226222,1,"IOTHUB_CLIENT_CONFIRMATION_OK"
615,10141226379,10141226555,1,"IOTHUB_CLIENT_CONFIRMATION_OK"
616,10141226579,10141226619,1,"IOTHUB_CLIENT_CONFIRMATION_OK"
617,10141226779,10141226817,1,"IOTHUB_CLIENT_CONFIRMATION_OK"
618,10141226979,10141227018,1,"IOTHUB_CLIENT_CONFIRMATION_OK"
619,10141227180,10141227223,1,"IOTHUB_CLIENT_CONFIRMATION_OK"
620,10141227380,10141227426,1,"IOTHUB_CLIENT_CONFIRMATION_OK"
621,10141227580,10141227635,1,"IOTHUB_CLIENT_CONFIRMATION_OK"
622,10141227780,10141227821,1,"IOTHUB_CLIENT_CONFIRMATION_OK"
623,10141227980,10141228022,1,"IOTHUB_CLIENT_CONFIRMATION_OK"
624,10141228180,10141228253,1,"IOTHUB_CLIENT_CONFIRMATION_OK"
625,10141228380,10141228415,1,"IOTHUB_CLIENT_CONFIRMATION_OK"
626,10141228581,10141228616,1,"IOTHUB_CLIENT_CONFIRMATION_OK"
627,10141228781,10141228827,1,"IOTHUB_CLIENT_CONFIRMATION_OK"
628,10141228981,10141229021,1,"IOTHUB_CLIENT_CONFIRMATION_OK"
629,10141229181,10141229215,1,"IOTHUB_CLIENT_CONFIRMATION_OK"
630,10141229381,10141229424,1,"IOTHUB_CLIENT_CONFIRMATION_OK"
631,10141229581,10141229622,1,"IOTHUB_CLIENT_CONFIRMATION_OK"
632,10141229782,10141229820,1,"IOTHUB_CLIENT_CONFIRMATION_OK"
633,10141229982,10141230023,1,"IOTHUB_CLIENT_CONFIRMATION_OK"
634,10141230182,10141230221,1,"IOTHUB_CLIENT_CONFIRMATION_OK"
635,10141230382,10141230468,1,"IOTHUB_CLIENT_CONFIRMATION_OK"
636,10141230582,10141230630,1,"IOTHUB_CLIENT_CONFIRMATION_OK"
637,10141230782,10141230826,1,"IOTHUB_CLIENT_CONFIRMATION_OK"
638,10141230983,10141231031,1,"IOTHUB_CLIENT_CONFIRMATION_OK"
639,10141231183,10141231224,1,"IOTHUB_CLIENT_CONFIRMATION_OK"
640,10141231383,10141231462,1,"IOTHUB_CLIENT_CONFIRMATION_OK"
641,10141231583,10141231626,1,"IOTHUB_CLIENT_CONFIRMATION_OK"
642,10141231783,10141231821,1,"IOTHUB_CLIENT_CONFIRMATION_OK"
643,10141231983,10141232131,1,"IOTHUB_CLIENT_CONFIRMATION_OK"
644,10141232183,10141232223,1,"IOTHUB_CLIENT_CONFIRMATION_OK"
645,10141232384,10141232467,1,"IOTHUB_CLIENT_CONFIRMATION_OK"
646,10141232584,10141232682,1,"IOTHUB_CLIENT_CONFIRMATION_OK"
647,10141232784,10141232872,1,"IOTHUB_CLIENT_CONFIRMATION_OK"
648,10141232984,10141233018,1,"IOTHUB_CLIENT_CONFIRMATION_OK"
649,10141233184,10141233220,1,"IOTHUB_CLIENT_CONFIRMATION_OK"
650,10141233384,10141233422,1,"IOTHUB_CLIENT_CONFIRMATION_OK"
651,10141233585,10141233614,1,"IOTHUB_CLIENT_CONFIRMATION_OK"
652,10141233785,10141233821,1,"IOTHUB_CLIENT_CONFIRMATION_OK"
653,10141233985,10141234025,1,"IOTHUB_CLIENT_CONFIRMATION_OK"
654,10141234185,10141234221,1,"IOTHUB_CLIENT_CONFIRMATION_OK"
655,10141234385,10141234428,1,"IOTHUB_CLIENT_CONFIRMATION_OK"
656,10141234585,10141234619,1,"IOTHUB_CLIENT_CONFIRMATION_OK"
657,10141234785,10141234828,1,"IOTHUB_CLIENT_CONFIRMATION_OK"
658,10141234986,10141235053,1,"IOTHUB_CLIENT_CONFIRMATION_OK"
659,10141235186,10141235219,1,"IOTHUB_CLIENT_CONFIRMATION_OK"
660,10141235386,10141235438,1,"IOTHUB_CLIENT_CONFIRMATION_OK"
661,10141235586,10141235625,1,"IOTHUB_CLIENT_CONFIRMATION_OK"
662,10141235786,10141235827,1,"IOTHUB_CLIENT_CONFIRMATION_OK"
663,10141235986,10141236025,1,"IOTHUB_CLIENT_CONFIRMATION_OK"
664,10141236187,10141236237,1,"IOTHUB_CLIENT_CONFIRMATION_OK"
665,10141236387,10141236424,1,"IOTHUB_CLIENT_CONFIRMATION_OK"
666,10141236587,10141236626,1,"IOTHUB_CLIENT_CONFIRMATION_OK"
667,10141236787,10141236831,1,"IOTHUB_CLIENT_CONFIRMATION_OK"
668,10141236987,10141237031,1,"IOTHUB_CLIENT_CONFIRMATION_OK"
669,10141237187,10141237228,1,"IOTHUB_CLIENT_CONFIRMATION_OK"
670,10141237387,10141237513,1,"IOTHUB_CLIENT_CONFIRMATION_OK"
671,10141237588,10141237633,1,"IOTHUB_CLIENT_CONFIRMATION_OK"
672,10141237788,10141237840,1,"IOTHUB_CLIENT_CONFIRMATION_OK"
673,10141237988,10141238052,1,"IOTHUB_CLIENT_CONFIRMATION_OK"
674,10141238188,10141238260,1,"IOTHUB_CLIENT_CONFIRMATION_OK"
675,10141238388,10141238431,1,"IOTHUB_CLIENT_CONFIRMATION_OK"
676,10141238589,10141238646,1,"IOTHUB_CLIENT_CONFIRMATION_OK"
677,10141238789,10141238830,1,"IOTHUB_CLIENT_CONFIRMATION_OK"
678,10141238989,10141239054,1,"IOTHUB_CLIENT_CONFIRMATION_OK"
679,10141239189,10141239259,1,"IOTHUB_CLIENT_CONFIRMATION_OK"
680,10141239390,10141239431,1,"IOTHUB_CLIENT_CONFIRMATION_OK"
681,10141239590,10141239635,1,"IOTHUB_CLIENT_CONFIRMATION_OK"
682,10141239790,10141239867,1,"IOTHUB_CLIENT_CONFIRMATION_OK"
683,10141239990,10141240024,1,"IOTHUB_CLIENT_CONFIRMATION_OK"
684,10141240190,10141240234,1,"IOTHUB_CLIENT_CONFIRMATION_OK"
685,10141240390,10141240428,1,"IOTHUB_CLIENT_CONFIRMATION_OK"
686,10141240591,10141240628,1,"IOTHUB_CLIENT_CONFIRMATION_OK"
687,10141240791,10141240828,1,"IOTHUB_CLIENT_CONFIRMATION_OK"
688,10141240991,10141241029,1,"IOTHUB_CLIENT_CONFIRMATION_OK"
689,10141241191,10141241241,1,"IOTHUB_CLIENT_CONFIRMATION_OK"
690,10141241391,10141241491,1,"IOTHUB_CLIENT_CONFIRMATION_OK"
691,10141241591,10141241627,1,"IOTHUB_CLIENT_CONFIRMATION_OK"
692,10141241791,10141241833,1,"IOTHUB_CLIENT_CONFIRMATION_OK"
693,10141241992,10141242105,1,"IOTHUB_CLIENT_CONFIRMATION_OK"
694,10141242192,10141242231,1,"IOTHUB_CLIENT_CONFIRMATION_OK"
695,10141242392,10141242435,1,"IOTHUB_CLIENT_CONFIRMATION_OK"
696,10141242592,10141242629,1,"IOTHUB_CLIENT_CONFIRMATION_OK"
697,10141242792,10141242837,1,"IOTHUB_CLIENT_CONFIRMATION_OK"
698,10141242992,10141243039,1,"IOTHUB_CLIENT_CONFIRMATION_OK"
699,10141243193,10141243235,1,"IOTHUB_CLIENT_CONFIRMATION_OK"
700,10141243393,10141243434,1,"IOTHUB_CLIENT_CONFIRMATION_OK"
701,10141243593,10141243713,1,"IOTHUB_CLIENT_CONFIRMATION_OK"
702,10141243793,10141243831,1,"IOTHUB_CLIENT_CONFIRMATION_OK"
703,10141243993,10141244038,1,"IOTHUB_CLIENT_CONFIRMATION_OK"
704,10141244193,10141244338,1,"IOTHUB_CLIENT_CONFIRMATION_OK"
705,10141244394,10141244429,1,"IOTHUB_CLIENT_CONFIRMATION_OK"
706,10141244594,10141244653,1,"IOTHUB_CLIENT_CONFIRMATION_OK"
707,10141244794,10141244852,1,"IOTHUB_CLIENT_CONFIRMATION_OK"
708,10141244994,10141245032,1,"IOTHUB_CLIENT_CONFIRMATION_OK"
709,10141245194,10141245232,1,"IOTHUB_CLIENT_CONFIRMATION_OK"
710,10141245394,10141245448,1,"IOTHUB_CLIENT_CONFIRMATION_OK"
711,10141245594,10141245635,1,"IOTHUB_CLIENT_CONFIRMATION_OK"
712,10141245795,10141245835,1,"IOTHUB_CLIENT_CONFIRMATION_OK"
713,10141245995,10141246049,1,"IOTHUB_CLIENT_CONFIRMATION_OK"
714,10141246195,10141246236,1,"IOTHUB_CLIENT_CONFIRMATION_OK"
715,10141246395,10141246436,1,"IOTHUB_CLIENT_CONFIRMATION_OK"
716,10141246595,10141246632,1,"IOTHUB_CLIENT_CONFIRMATION_OK"
717,10141246795,10141246840,1,"IOTHUB_CLIENT_CONFIRMATION_OK"
718,10141246996,10141247032,1,"IOTHUB_CLIENT_CONFIRMATION_OK"
719,10141247196,10141247275,1,"IOTHUB_CLIENT_CONFIRMATION_OK"
720,10141247396,10141247441,1,"IOTHUB_CLIENT_CONFIRMATION_OK"
721,10141247596,10141247641,1,"IOTHUB_CLIENT_CONFIRMATION_OK"
722,10141247796,10141247831,1,"IOTHUB_CLIENT_CONFIRMATION_OK"
723,10141247996,10141248035,1,"IOTHUB_CLIENT_CONFIRMATION_OK"
724,10141248196,10141248231,1,"IOTHUB_CLIENT_CONFIRMATION_OK"
725,10141248397,10141248459,1,"IOTHUB_CLIENT_CONFIRMATION_OK"
726,10141248597,10141248633,1,"IOTHUB_CLIENT_CONFIRMATION_OK"
727,10141248797,10141248831,1,"IOTHUB_CLIENT_CONFIRMATION_OK"
728,10141248997,10141249035,1,"IOTHUB_CLIENT_CONFIRMATION_OK"
729,10141249197,10141249239,1,"IOTHUB_CLIENT_CONFIRMATION_OK"
730,10141249397,10141249435,1,"IOTHUB_CLIENT_CONFIRMATION_OK"
731,10141249598,10141249644,1,"IOTHUB_CLIENT_CONFIRMATION_OK"
732,10141249798,10141249840,1,"IOTHUB_CLIENT_CONFIRMATION_OK"
733,10141249998,10141250041,1,"IOTHUB_CLIENT_CONFIRMATION_OK"
734,10141250198,10141250239,1,"IOTHUB_CLIENT_CONFIRMATION_OK"
735,10141250398,10141250458,1,"IOTHUB_CLIENT_CONFIRMATION_OK"
736,10141250598,10141250657,1,"IOTHUB_CLIENT_CONFIRMATION_OK"
737,10141250798,10141250882,1,"IOTHUB_CLIENT_CONFIRMATION_OK"
738,10141250999,10141251032,1,"IOTHUB_CLIENT_CONFIRMATION_OK"
739,10141251199,10141251247,1,"IOTHUB_CLIENT_CONFIRMATION_OK"
740,10141251399,10141251491,1,"IOTHUB_CLIENT_CONFIRMATION_OK"
741,10141251599,10141251636,1,"IOTHUB_CLIENT_CONFIRMATION_OK"
742,10141251799,10141251840,1,"IOTHUB_CLIENT_CONFIRMATION_OK"
743,10141251999,10141252214,1,"IOTHUB_CLIENT_CONFIRMATION_OK"
744,10141252199,10141252247,1,"IOTHUB_CLIENT_CONFIRMATION_OK"
745,10141252400,10141252434,1,"IOTHUB_CLIENT_CONFIRMATION_OK"
746,10141252600,10141252637,1,"IOTHUB_CLIENT_CONFIRMATION_OK"
747,10141252800,10141252875,1,"IOTHUB_CLIENT_CONFIRMATION_OK"
748,10141253000,10141253049,1,"IOTHUB_CLIENT_CONFIRMATION_OK"
749,10141253200,10141253238,1,"IOTHUB_CLIENT_CONFIRMATION_OK"
750,10141253400,10141253438,1,"IOTHUB_CLIENT_CONFIRMATION_OK"
751,10141253601,10141253728,1,"IOTHUB_CLIENT_CONFIRMATION_OK"
752,10141253801,10141253835,1,"IOTHUB_CLIENT_CONFIRMATION_OK"
753,10141254001,10141254042,1,"IOTHUB_CLIENT_CONFIRMATION_OK"
754,10141254201,10141254357,1,"IOTHUB_CLIENT_CONFIRMATION_OK"
755,10141254401,10141254437,1,"IOTHUB_CLIENT_CONFIRMATION_OK"
756,10141254601,10141254680,1,"IOTHUB_CLIENT_CONFIRMATION_OK"
757,10141254802,10141254843,1,"IOTHUB_CLIENT_CONFIRMATION_OK"
758,10141255002,10141255037,1,"IOTHUB_CLIENT_CONFIRMATION_OK"
759,10141255202,10141255251,1,"IOTHUB_CLIENT_CONFIRMATION_OK"
760,10141255402,10141255443,1,"IOTHUB_CLIENT_CONFIRMATION_OK"
761,10141255602,10141255677,1,"IOTHUB_CLIENT_CONFIRMATION_OK"
762,10141255802,10141255971,1,"IOTHUB_CLIENT_CONFIRMATION_OK"
763,10141256002,10141256043,1,"IOTHUB_CLIENT_CONFIRMATION_OK"
764,10141256203,10141256240,1,"IOTHUB_CLIENT_CONFIRMATION_OK"
765,10141256403,10141256446,1,"IOTHUB_CLIENT_CONFIRMATION_OK"
766,10141256603,10141256644,1,"IOTHUB_CLIENT_CONFIRMATION_OK"
767,10141256803,10141256842,1,"IOTHUB_CLIENT_CONFIRMATION_OK"
768,10141257003,10141257051,1,"IOTHUB_CLIENT_CONFIRMATION_OK"
769,10141257203,10141257243,1,"IOTHUB_CLIENT_CONFIRMATION_OK"
770,10141257404,10141257439,1,"IOTHUB_CLIENT_CONFIRMATION_OK"
771,10141257604,10141257654,1,"IOTHUB_CLIENT_CONFIRMATION_OK"
772,10141257804,10141257842,1,"IOTHUB_CLIENT_CONFIRMATION_OK"
773,10141258004,10141258051,1,"IOTHUB_CLIENT_CONFIRMATION_OK"
774,10141258204,10141258242,1,"IOTHUB_CLIENT_CONFIRMATION_OK"
775,10141258404,10141258439,1,"IOTHUB_CLIENT_CONFIRMATION_OK"
776,10141258605,10141258642,1,"IOTHUB_CLIENT_CONFIRMATION_OK"
777,10141258805,10141258851,1,"IOTHUB_CLIENT_CONFIRMATION_OK"
778,10141259005,10141259055,1,"IOTHUB_CLIENT_CONFIRMATION_OK"
779,10141259205,10141259246,1,"IOTHUB_CLIENT_CONFIRMATION_OK"
780,10141259405,10141259465,1,"IOTHUB_CLIENT_CONFIRMATION_OK"
781,10141259605,10141259648,1,"IOTHUB_CLIENT_CONFIRMATION_OK"
782,10141259806,10141259857,1,"IOTHUB_CLIENT_CONFIRMATION_OK"
783,10141260006,10141260045,1,"IOTHUB_CLIENT_CONFIRMATION_OK"
784,10141260206,10141260308,1,"IOTHUB_CLIENT_CONFIRMATION_OK"
785,10141260406,10141260487,1,"IOTHUB_CLIENT_CONFIRMATION_OK"
786,10141260606,10141260641,1,"IOTHUB_CLIENT_CONFIRMATION_OK"
787,10141260806,10141260871,1,"IOTHUB_CLIENT_CONFIRMATION_OK"
788,10141261007,10141261044,1,"IOTHUB_CLIENT_CONFIRMATION_OK"
789,10141261207,10141261247,1,"IOTHUB_CLIENT_CONFIRMATION_OK"
790,10141261407,10141261477,1,"IOTHUB_CLIENT_CONFIRMATION_OK"
791,10141261607,10141261641,1,"IOTHUB_CLIENT_CONFIRMATION_OK"
792,10141261807,10141261852,1,"IOTHUB_CLIENT_CONFIRMATION_OK"
793,10141262007,10141262090,1,"IOTHUB_CLIENT_CONFIRMATION_OK"
794,10141262207,10141262245,1,"IOTHUB_CLIENT_CONFIRMATION_OK"
795,10141262408,10141262444,1,"IOTHUB_CLIENT_CONFIRMATION_OK"
796,10141262608,10141262681,1,"IOTHUB_CLIENT_CONFIRMATION_OK"
797,10141262808,10141262851,1,"IOTHUB_CLIENT_CONFIRMATION_OK"
798,10141263008,10141263096,1,"IOTHUB_CLIENT_CONFIRMATION_OK"
799,10141263208,10141263245,1,"IOTHUB_CLIENT_CONFIRMATION_OK"
800,10141263408,10141263446,1,"IOTHUB_CLIENT_CONFIRMATION_OK"
801,10141263609,10141263787,1,"IOTHUB_CLIENT_CONFIRMATION_OK"
802,10141263809,10141263842,1,"IOTHUB_CLIENT_CONFIRMATION_OK"
803,10141264009,10141264069,1,"IOTHUB_CLIENT_CONFIRMATION_OK"
804,10141264209,10141264324,1,"IOTHUB_CLIENT_CONFIRMATION_OK"
805,10141264409,10141264449,1,"IOTHUB_CLIENT_CONFIRMATION_OK"
806,10141264609,10141264653,1,"IOTHUB_CLIENT_CONFIRMATION_OK"
807,10141264809,10141264857,1,"IOTHUB_CLIENT_CONFIRMATION_OK"
808,10141265010,10141265047,1,"IOTHUB_CLIENT_CONFIRMATION_OK"
809,10141265210,10141265252,1,"IOTHUB_CLIENT_CONFIRMATION_OK"
810,10141265410,10141265497,1,"IOTHUB_CLIENT_CONFIRMATION_OK"
811,10141265610,10141265660,1,"IOTHUB_CLIENT_CONFIRMATION_OK"
812,10141265810,10141265960,1,"IOTHUB_CLIENT_CONFIRMATION_OK"
813,10141266010,10141266045,1,"IOTHUB_CLIENT_CONFIRMATION_OK"
814,10141266211,10141266244,1,"IOTHUB_CLIENT_CONFIRMATION_OK"
815,10141266411,10141266562,1,"IOTHUB_CLIENT_CONFIRMATION_OK"
816,10141266611,10141266661,1,"IOTHUB_CLIENT_CONFIRMATION_OK"
817,10141266811,10141266859,1,"IOTHUB_CLIENT_CONFIRMATION_OK"
818,10141267011,10141267047,1,"IOTHUB_CLIENT_CONFIRMATION_OK"
819,10141267211,10141267250,1,"IOTHUB_CLIENT_CONFIRMATION_OK"
820,10141267412,10141267452,1,"IOTHUB_CLIENT_CONFIRMATION_OK"
821,10141267612,10141267674,1,"IOTHUB_CLIENT_CONFIRMATION_OK"
822,10141267812,10141267850,1,"IOTHUB_CLIENT_CONFIRMATION_OK"
823,10141268012,10141268215,1,"IOTHUB_CLIENT_CONFIRMATION_OK"
824,10141268212,10141268258,1,"IOTHUB_CLIENT_CONFIRMATION_OK"
825,10141268412,10141268455,1,"IOTHUB_CLIENT_CONFIRMATION_OK"
826,10141268613,10141268656,1,"IOTHUB_CLIENT_CONFIRMATION_OK"
827,10141268813,10141268850,1,"IOTHUB_CLIENT_CONFIRMATION_OK"
828,10141269013,10141269051,1,"IOTHUB_CLIENT_CONFIRMATION_OK"
829,10141269213,10141269249,1,"IOTHUB_CLIENT_CONFIRMATION_OK"
830,10141269413,10141269450,1,"IOTHUB_CLIENT_CONFIRMATION_OK"
831,10141269613,10141269659,1,"IOTHUB_CLIENT_CONFIRMATION_OK"
832,10141269814,10141269848,1,"IOTHUB_CLIENT_CONFIRMATION_OK"
833,10141270014,10141270052,1,"IOTHUB_CLIENT_CONFIRMATION_OK"
834,10141270214,10141270253,1,"IOTHUB_CLIENT_CONFIRMATION_OK"
835,10141270414,10141270499,1,"IOTHUB_CLIENT_CONFIRMATION_OK"
836,10141270614,10141270652,1,"IOTHUB_CLIENT_CONFIRMATION_OK"
837,10141270814,10141270872,1,"IOTHUB_CLIENT_CONFIRMATION_OK"
838,10141271015,10141271057,1,"IOTHUB_CLIENT_CONFIRMATION_OK"
839,10141271215,10141271256,1,"IOTHUB_CLIENT_CONFIRMATION_OK"
840,10141271415,10141271483,1,"IOTHUB_CLIENT_CONFIRMATION_OK"
841,10141271615,10141271656,1,"IOTHUB_CLIENT_CONFIRMATION_OK"
842,10141271815,10141271863,1,"IOTHUB_CLIENT_CONFIRMATION_OK"
843,10141272015,10141272108,1,"IOTHUB_CLIENT_CONFIRMATION_OK"
844,10141272215,10141272252,1,"IOTHUB_CLIENT_CONFIRMATION_OK"
845,10141272416,10141272482,1,"IOTHUB_CLIENT_CONFIRMATION_OK"
846,10141272616,10141272655,1,"IOTHUB_CLIENT_CONFIRMATION_OK"
847,10141272816,10141272855,1,"IOTHUB_CLIENT_CONFIRMATION_OK"
848,10141273016,10141273110,1,"IOTHUB_CLIENT_CONFIRMATION_OK"
849,10141273216,10141273250,1,"IOTHUB_CLIENT_CONFIRMATION_OK"
850,10141273416,10141273462,1,"IOTHUB_CLIENT_CONFIRMATION_OK"
851,10141273617,10141273720,1,"IOTHUB_CLIENT_CONFIRMATION_OK"
852,10141273817,10141273876,1,"IOTHUB_CLIENT_CONFIRMATION_OK"
853,10141274017,10141274058,1,"IOTHUB_CLIENT_CONFIRMATION_OK"
854,10141274217,10141274334,1,"IOTHUB_CLIENT_CONFIRMATION_OK"
855,10141274417,10141274461,1,"IOTHUB_CLIENT_CONFIRMATION_OK"
856,10141274617,10141274654,1,"IOTHUB_CLIENT_CONFIRMATION_OK"
857,10141274817,10141274857,1,"IOTHUB_CLIENT_CONFIRMATION_OK"
858,10141275018,10141275080,1,"IOTHUB_CLIENT_CONFIRMATION_OK"
859,10141275218,10141275256,1,"IOTHUB_CLIENT_CONFIRMATION_OK"
860,10141275418,10141275458,1,"IOTHUB_CLIENT_CONFIRMATION_OK"
861,10141275618,10141275657,1,"IOTHUB_CLIENT_CONFIRMATION_OK"
862,10141275818,10141275974,1,"IOTHUB_CLIENT_CONFIRMATION_OK"
863,10141276018,10141276071,1,"IOTHUB_CLIENT_CONFIRMATION_OK"
864,10141276219,10141276253,1,"IOTHUB_CLIENT_CONFIRMATION_OK"
865,10141276419,10141276462,1,"IOTHUB_CLIENT_CONFIRMATION_OK"
866,10141276619,10141276659,1,"IOTHUB_CLIENT_CONFIRMATION_OK"
867,10141276819,10141276859,1,"IOTHUB_CLIENT_CONFIRMATION_OK"
868,10141277019,10141277057,1,"IOTHUB_CLIENT_CONFIRMATION_OK"
869,10141277219,10141277258,1,"IOTHUB_CLIENT_CONFIRMATION_OK"
870,10141277419,10141277452,1,"IOTHUB_CLIENT_CONFIRMATION_OK"
871,10141277620,10141277687,1,"IOTHUB_CLIENT_CONFIRMATION_OK"
872,10141277820,10141277861,1,"IOTHUB_CLIENT_CONFIRMATION_OK"
873,10141278020,10141278193,1,"IOTHUB_CLIENT_CONFIRMATION_OK"
874,10141278220,10141278262,1,"IOTHUB_CLIENT_CONFIRMATION_OK"
875,10141278420,10141278462,1,"IOTHUB_CLIENT_CONFIRMATION_OK"
876,10141278620,10141278663,1,"IOTHUB_CLIENT_CONFIRMATION_OK"
877,10141278821,10141278864,1,"IOTHUB_CLIENT_CONFIRMATION_OK"
878,10141279021,10141279072,1,"IOTHUB_CLIENT_CONFIRMATION_OK"
879,10141279221,10141279264,1,"IOTHUB_CLIENT_CONFIRMATION_OK"
880,10141279421,10141279533,1,"IOTHUB_CLIENT_CONFIRMATION_OK"
881,10141279621,10141279683,1,"IOTHUB_CLIENT_CONFIRMATION_OK"
882,10141279821,10141279881,1,"IOTHUB_CLIENT_CONFIRMATION_OK"
883,10141280021,10141280057,1,"IOTHUB_CLIENT_CONFIRMATION_OK"
884,10141280222,10141280260,1,"IOTHUB_CLIENT_CONFIRMATION_OK"
885,10141280422,10141280456,1,"IOTHUB_CLIENT_CONFIRMATION_OK"
886,10141280622,10141280655,1,"IOTHUB_CLIENT_CONFIRMATION_OK"
887,10141280822,10141280879,1,"IOTHUB_CLIENT_CONFIRMATION_OK"
888,10141281022,10141281062,1,"IOTHUB_CLIENT_CONFIRMATION_OK"
889,10141281222,10141281281,1,"IOTHUB_CLIENT_CONFIRMATION_OK"
890,10141281423,10141281504,1,"IOTHUB_CLIENT_CONFIRMATION_OK"
891,10141281623,10141281660,1,"IOTHUB_CLIENT_CONFIRMATION_OK"
892,10141281823,10141281856,1,"IOTHUB_CLIENT_CONFIRMATION_OK"
893,10141282023,10141282107,1,"IOTHUB_CLIENT_CONFIRMATION_OK"
894,10141282223,10141282266,1,"IOTHUB_CLIENT_CONFIRMATION_OK"
895,10141282423,10141282538,1,"IOTHUB_CLIENT_CONFIRMATION_OK"
896,10141282623,10141282681,1,"IOTHUB_CLIENT_CONFIRMATION_OK"
897,10141282824,10141282860,1,"IOTHUB_CLIENT_CONFIRMATION_OK"
898,10141283024,10141283112,1,"IOTHUB_CLIENT_CONFIRMATION_OK"
899,10141283224,10141283291,1,"IOTHUB_CLIENT_CONFIRMATION_OK"
900,10141283424,10141283464,1,"IOTHUB_CLIENT_CONFIRMATION_OK"
901,10141283624,10141283740,1,"IOTHUB_CLIENT_CONFIRMATION_OK"
902,10141283824,10141283861,1,"IOTHUB_CLIENT_CONFIRMATION_OK"
903,10141284025,10141284063,1,"IOTHUB_CLIENT_CONFIRMATION_OK"
904,10141284225,10141284257,1,"IOTHUB_CLIENT_CONFIRMATION_OK"
905,10141284425,10141284472,1,"IOTHUB_CLIENT_CONFIRMATION_OK"
906,10141284625,10141284662,1,"IOTHUB_CLIENT_CONFIRMATION_OK"
907,10141284825,10141284877,1,"IOTHUB_CLIENT_CONFIRMATION_OK"
908,10141285025,10141285070,1,"IOTHUB_CLIENT_CONFIRMATION_OK"
909,10141285225,10141285351,1,"IOTHUB_CLIENT_CONFIRMATION_OK"
910,10141285426,10141285469,1,"IOTHUB_CLIENT_CONFIRMATION_OK"
911,10141285626,10141285665,1,"IOTHUB_CLIENT_CONFIRMATION_OK"
912,10141285826,10141285986,1,"IOTHUB_CLIENT_CONFIRMATION_OK"
913,10141286026,10141286056,1,"IOTHUB_CLIENT_CONFIRMATION_OK"
914,10141286226,10141286265,1,"IOTHUB_CLIENT_CONFIRMATION_OK"
915,10141286426,10141286469,1,"IOTHUB_CLIENT_CONFIRMATION_OK"
916,10141286626,10141286667,1,"IOTHUB_CLIENT_CONFIRMATION_OK"
917,10141286827,10141286863,1,"IOTHUB_CLIENT_CONFIRMATION_OK"
918,10141287027,10141287074,1,"IOTHUB_CLIENT_CONFIRMATION_OK"
919,10141287227,10141287267,1,"IOTHUB_CLIENT_CONFIRMATION_OK"
920,10141287427,10141287467,1,"IOTHUB_CLIENT_CONFIRMATION_OK"
921,10141287627,10141287684,1,"IOTHUB_CLIENT_CONFIRMATION_OK"
922,10141287827,10141287877,1,"IOTHUB_CLIENT_CONFIRMATION_OK"
923,10141288028,10141288076,1,"IOTHUB_CLIENT_CONFIRMATION_OK"
924,10141288228,10141288266,1,"IOTHUB_CLIENT_CONFIRMATION_OK"
925,10141288428,10141288465,1,"IOTHUB_CLIENT_CONFIRMATION_OK"
926,10141288628,10141288671,1,"IOTHUB_CLIENT_CONFIRMATION_OK"
927,10141288828,10141288868,1,"IOTHUB_CLIENT_CONFIRMATION_OK"
928,10141289028,10141289063,1,"IOTHUB_CLIENT_CONFIRMATION_OK"
929,10141289228,10141289280,1,"IOTHUB_CLIENT_CONFIRMATION_OK"
930,10141289429,10141289478,1,"IOTHUB_CLIENT_CONFIRMATION_OK"
931,10141289629,10141289669,1,"IOTHUB_CLIENT_CONFIRMATION_OK"
932,10141289829,10141289870,1,"IOTHUB_CLIENT_CONFIRMATION_OK"
933,10141290029,10141290070,1,"IOTHUB_CLIENT_CONFIRMATION_OK"
934,10141290229,10141290419,1,"IOTHUB_CLIENT_CONFIRMATION_OK"
935,10141290429,10141290474,1,"IOTHUB_CLIENT_CONFIRMATION_OK"
936,10141290630,10141290667,1,"IOTHUB_CLIENT_CONFIRMATION_OK"
937,10141290830,10141290862,1,"IOTHUB_CLIENT_CONFIRMATION_OK"
938,10141291030,10141291069,1,"IOTHUB_CLIENT_CONFIRMATION_OK"
939,10141291230,10141291274,1,"IOTHUB_CLIENT_CONFIRMATION_OK"
940,10141291430,10141291493,1,"IOTHUB_CLIENT_CONFIRMATION_OK"
941,10141291630,10141291671,1,"IOTHUB_CLIENT_CONFIRMATION_OK"
942,10141291831,10141291870,1,"IOTHUB_CLIENT_CONFIRMATION_OK"
943,10141292031,10141292079,1,"IOTHUB_CLIENT_CONFIRMATION_OK"
944,10141292231,10141292272,1,"IOTHUB_CLIENT_CONFIRMATION_OK"
945,10141292431,10141292470,1,"IOTHUB_CLIENT_CONFIRMATION_OK"
946,10141292631,10141292688,1,"IOTHUB_CLIENT_CONFIRMATION_OK"
947,10141292831,10141292867,1,"IOTHUB_CLIENT_CONFIRMATION_OK"
948,10141293031,10141293075,1,"IOTHUB_CLIENT_CONFIRMATION_OK"
949,10141293232,10141293284,1,"IOTHUB_CLIENT_CONFIRMATION_OK"
950,10141293432,10141293504,1,"IOTHUB_CLIENT_CONFIRMATION_OK"
951,10141293632,10141293713,1,"IOTHUB_CLIENT_CONFIRMATION_OK"
952,10141293832,10141293901,1,"IOTHUB_CLIENT_CONFIRMATION_OK"
953,10141294032,10141294070,1,"IOTHUB_CLIENT_CONFIRMATION_OK"
954,10141294232,10141294321,1,"IOTHUB_CLIENT_CONFIRMATION_OK"
955,10141294432,10141294473,1,"IOTHUB_CLIENT_CONFIRMATION_OK"
956,10141294633,10141294670,1,"IOTHUB_CLIENT_CONFIRMATION_OK"
957,10141294833,10141294875,1,"IOTHUB_CLIENT_CONFIRMATION_OK"
958,10141295033,10141295076,1,"IOTHUB_CLIENT_CONFIRMATION_OK"
959,10141295233,10141295352,1,"IOTHUB_CLIENT_CONFIRMATION_OK"
960,10141295433,10141295474,1,"IOTHUB_CLIENT_CONFIRMATION_OK"
961,10141295633,10141295671,1,"IOTHUB_CLIENT_CONFIRMATION_OK"
962,10141295834,10141295960,1,"IOTHUB_CLIENT_CONFIRMATION_OK"
963,10141296034,10141296072,1,"IOTHUB_CLIENT_CONFIRMATION_OK"
964,10141296234,10141296271,1,"IOTHUB_CLIENT_CONFIRMATION_OK"
965,10141296434,10141296475,1,"IOTHUB_CLIENT_CONFIRMATION_OK"
966,10141296634,10141296677,1,"IOTHUB_CLIENT_CONFIRMATION_OK"
967,10141296834,10141296870,1,"IOTHUB_CLIENT_CONFIRMATION_OK"
968,10141297035,10141297088,1,"IOTHUB_CLIENT_CONFIRMATION_OK"
969,10141297235,10141297272,1,"IOTHUB_CLIENT_CONFIRMATION_OK"
970,10141297435,10141297478,1,"IOTHUB_CLIENT_CONFIRMATION_OK"
971,10141297635,10141297678,1,"IOTHUB_CLIENT_CONFIRMATION_OK"
972,10141297835,10141297884,1,"IOTHUB_CLIENT_CONFIRMATION_OK"
973,10141298035,10141298193,1,"IOTHUB_CLIENT_CONFIRMATION_OK"
974,10141298236,10141298272,1,"IOTHUB_CLIENT_CONFIRMATION_OK"
975,10141298436,10141298504,1,"IOTHUB_CLIENT_CONFIRMATION_OK"
976,10141298636,10141298682,1,"IOTHUB_CLIENT_CONFIRMATION_OK"
977,10141298836,10141298875,1,"IOTHUB_CLIENT_CONFIRMATION_OK"
978,10141299036,10141299099,1,"IOTHUB_CLIENT_CONFIRMATION_OK"
979,10141299236,10141299273,1,"IOTHUB_CLIENT_CONFIRMATION_OK"
980,10141299436,10141299486,1,"IOTHUB_CLIENT_CONFIRMATION_OK"
981,10141299637,10141299684,1,"IOTHUB_CLIENT_CONFIRMATION_OK"
982,10141299837,10141299872,1,"IOTHUB_CLIENT_CONFIRMATION_OK"
983,10141300037,10141300076,1,"IOTHUB_CLIENT_CONFIRMATION_OK"
984,10141300237,10141300436,1,"IOTHUB_CLIENT_CONFIRMATION_OK"
985,10141300437,10141300472,1,"IOTHUB_CLIENT_CONFIRMATION_OK"
986,10141300637,10141300677,1,"IOTHUB_CLIENT_CONFIRMATION_OK"
987,10141300837,10141300872,1,"IOTHUB_CLIENT_CONFIRMATION_OK"
988,10141301038,10141301090,1,"IOTHUB_CLIENT_CONFIRMATION_OK"
989,10141301238,10141301287,1,"IOTHUB_CLIENT_CONFIRMATION_OK"
990,10141301438,10141301476,1,"IOTHUB_CLIENT_CONFIRMATION_OK"
991,10141301638,10141301674,1,"IOTHUB_CLIENT_CONFIRMATION_OK"
992,10141301838,10141301874,1,"IOTHUB_CLIENT_CONFIRMATION_OK"
993,10141302038,10141302078,1,"IOTHUB_CLIENT_CONFIRMATION_OK"
994,10141302239,10141302280,1,"IOTHUB_CLIENT_CONFIRMATION_OK"
995,10141302439,10141302481,1,"IOTHUB_CLIENT_CONFIRMATION_OK"
996,10141302639,10141302683,1,"IOTHUB_CLIENT_CONFIRMATION_OK"
997,10141302839,10141302881,1,"IOTHUB_CLIENT_CONFIRMATION_OK"
998,10141303039,10141303074,1,"IOTHUB_CLIENT_CONFIRMATION_OK"
999,10141303239,10141303280,1,"IOTHUB_CLIENT_CONFIRMATION_OK"
1000,10141303439,10141303502,1,"IOTHUB_CLIENT_CONFIRMATION_OK"
1001,10141303640,10141303679,1,"IOTHUB_CLIENT_CONFIRMATION_OK"
1002,10141303840,10141303878,1,"IOTHUB_CLIENT_CONFIRMATION_OK"
1003,10141304040,10141304088,1,"IOTHUB_CLIENT_CONFIRMATION_OK"
1004,10141304240,10141304296,1,"IOTHUB_CLIENT_CONFIRMATION_OK"
1005,10141304440,10141304476,1,"IOTHUB_CLIENT_CONFIRMATION_OK"
1006,10141304641,10141304678,1,"IOTHUB_CLIENT_CONFIRMATION_OK"
1007,10141304841,10141304875,1,"IOTHUB_CLIENT_CONFIRMATION_OK"
1008,10141305041,10141305082,1,"IOTHUB_CLIENT_CONFIRMATION_OK"
1009,10141305241,10141305316,1,"IOTHUB_CLIENT_CONFIRMATION_OK"
1010,10141305441,10141305480,1,"IOTHUB_CLIENT_CONFIRMATION_OK"
1011,10141305641,10141305681,1,"IOTHUB_CLIENT_CONFIRMATION_OK"
1012,10141305841,10141305916,1,"IOTHUB_CLIENT_CONFIRMATION_OK"
1013,10141306042,10141306084,1,"IOTHUB_CLIENT_CONFIRMATION_OK"
1014,10141306242,10141306276,1,"IOTHUB_CLIENT_CONFIRMATION_OK"
1015,10141306442,10141306522,1,"IOTHUB_CLIENT_CONFIRMATION_OK"
1016,10141306642,10141306683,1,"IOTHUB_CLIENT_CONFIRMATION_OK"
1017,10141306842,10141306886,1,"IOTHUB_CLIENT_CONFIRMATION_OK"
1018,10141307043,10141307102,1,"IOTHUB_CLIENT_CONFIRMATION_OK"
1019,10141307243,10141307286,1,"IOTHUB_CLIENT_CONFIRMATION_OK"
1020,10141307443,10141307500,1,"IOTHUB_CLIENT_CONFIRMATION_OK"
1021,10141307643,10141307757,1,"IOTHUB_CLIENT_CONFIRMATION_OK"
1022,10141307843,10141307931,1,"IOTHUB_CLIENT_CONFIRMATION_OK"
1023,10141308043,10141308150,1,"IOTHUB_CLIENT_CONFIRMATION_OK"
1024,10141308243,10141308283,1,"IOTHUB_CLIENT_CONFIRMATION_OK"
1025,10141308444,10141308501,1,"IOTHUB_CLIENT_CONFIRMATION_OK"
1026,10141308644,10141308805,1,"IOTHUB_CLIENT_CONFIRMATION_OK"
1027,10141308844,10141308904,1,"IOTHUB_CLIENT_CONFIRMATION_OK"
1028,10141309044,10141309079,1,"IOTHUB_CLIENT_CONFIRMATION_OK"
1029,10141309244,10141309295,1,"IOTHUB_CLIENT_CONFIRMATION_OK"
1030,10141309444,10141309483,1,"IOTHUB_CLIENT_CONFIRMATION_OK"
1031,10141309645,10141309681,1,"IOTHUB_CLIENT_CONFIRMATION_OK"
1032,10141309845,10141309880,1,"IOTHUB_CLIENT_CONFIRMATION_OK"
1033,10141310045,10141310092,1,"IOTHUB_CLIENT_CONFIRMATION_OK"
1034,10141310245,10141310381,1,"IOTHUB_CLIENT_CONFIRMATION_OK"
1035,10141310445,10141310517,1,"IOTHUB_CLIENT_CONFIRMATION_OK"
1036,10141310645,10141310680,1,"IOTHUB_CLIENT_CONFIRMATION_OK"
1037,10141310845,10141310992,1,"IOTHUB_CLIENT_CONFIRMATION_OK"
1038,10141311046,10141311087,1,"IOTHUB_CLIENT_CONFIRMATION_OK"
1039,10141311246,10141311285,1,"IOTHUB_CLIENT_CONFIRMATION_OK"
1040,10141311446,10141311483,1,"IOTHUB_CLIENT_CONFIRMATION_OK"
1041,10141311646,10141311690,1,"IOTHUB_CLIENT_CONFIRMATION_OK"
1042,10141311846,10141311885,1,"IOTHUB_CLIENT_CONFIRMATION_OK"
1043,10141312046,10141312093,1,"IOTHUB_CLIENT_CONFIRMATION_OK"
1044,10141312247,10141312280,1,"IOTHUB_CLIENT_CONFIRMATION_OK"
1045,10141312447,10141312623,1,"IOTHUB_CLIENT_CONFIRMATION_OK"
1046,10141312647,10141312697,1,"IOTHUB_CLIENT_CONFIRMATION_OK"
1047,10141312847,10141312922,1,"IOTHUB_CLIENT_CONFIRMATION_OK"
1048,10141313047,10141313107,1,"IOTHUB_CLIENT_CONFIRMATION_OK"
1049,10141313247,10141313286,1,"IOTHUB_CLIENT_CONFIRMATION_OK"
1050,10141313447,10141313486,1,"IOTHUB_CLIENT_CONFIRMATION_OK"
1051,10141313648,10141313701,1,"IOTHUB_CLIENT_CONFIRMATION_OK"
1052,10141313848,10141313887,1,"IOTHUB_CLIENT_CONFIRMATION_OK"
1053,10141314048,10141314085,1,"IOTHUB_CLIENT_CONFIRMATION_OK"
1054,10141314248,10141314288,1,"IOTHUB_CLIENT_CONFIRMATION_OK"
1055,10141314448,10141314499,1,"IOTHUB_CLIENT_CONFIRMATION_OK"
1056,10141314648,10141314679,1,"IOTHUB_CLIENT_CONFIRMATION_OK"
1057,10141314848,10141314914,1,"IOTHUB_CLIENT_CONFIRMATION_OK"
1058,10141315049,10141315105,1,"IOTHUB_CLIENT_CONFIRMATION_OK"
1059,10141315249,10141315304,1,"IOTHUB_CLIENT_CONFIRMATION_OK"
1060,10141315449,10141315486,1,"IOTHUB_CLIENT_CONFIRMATION_OK"
1061,10141315649,10141315686,1,"IOTHUB_CLIENT_CONFIRMATION_OK"
1062,10141315849,10141315915,1,"IOTHUB_CLIENT_CONFIRMATION_OK"
1063,10141316049,10141316087,1,"IOTHUB_CLIENT_CONFIRMATION_OK"
1064,10141316250,10141316299,1,"IOTHUB_CLIENT_CONFIRMATION_OK"
1065,10141316450,10141316553,1,"IOTHUB_CLIENT_CONFIRMATION_OK"
1066,10141316650,10141316719,1,"IOTHUB_CLIENT_CONFIRMATION_OK"
1067,10141316850,10141316887,1,"IOTHUB_CLIENT_CONFIRMATION_OK"
1068,10141317050,10141317092,1,"IOTHUB_CLIENT_CONFIRMATION_OK"
1069,10141317250,10141317289,1,"IOTHUB_CLIENT_CONFIRMATION_OK"
1070,10141317450,10141317533,1,"IOTHUB_CLIENT_CONFIRMATION_OK"
1071,10141317651,10141317695,1,"IOTHUB_CLIENT_CONFIRMATION_OK"
1072,10141317851,10141317886,1,"IOTHUB_CLIENT_CONFIRMATION_OK"
1073,10141318051,10141318152,1,"IOTHUB_CLIENT_CONFIRMATION_OK"
1074,10141318251,10141318286,1,"IOTHUB_CLIENT_CONFIRMATION_OK"
1075,10141318451,10141318491,1,"IOTHUB_CLIENT_CONFIRMATION_OK"
1076,10141318651,10141318765,1,"IOTHUB_CLIENT_CONFIRMATION_OK"
1077,10141318852,10141318891,1,"IOTHUB_CLIENT_CONFIRMATION_OK"
1078,10141319052,10141319093,1,"IOTHUB_CLIENT_CONFIRMATION_OK"
1079,10141319252,10141319287,1,"IOTHUB_CLIENT_CONFIRMATION_OK"
1080,10141319452,10141319491,1,"IOTHUB_CLIENT_CONFIRMATION_OK"
1081,10141319652,10141319688,1,"IOTHUB_CLIENT_CONFIRMATION_OK"
1082,10141319852,10141319890,1,"IOTHUB_CLIENT_CONFIRMATION_OK"
1083,10141320053,10141320092,1,"IOTHUB_CLIENT_CONFIRMATION_OK"
1084,10141320253,10141320405,1,"IOTHUB_CLIENT_CONFIRMATION_OK"
1085,10141320453,10141320490,1,"IOTHUB_CLIENT_CONFIRMATION_OK"
1086,10141320653,10141320727,1,"IOTHUB_CLIENT_CONFIRMATION_OK"
1087,10141320853,10141321011,1,"IOTHUB_CLIENT_CONFIRMATION_OK"
1088,10141321053,10141321088,1,"IOTHUB_CLIENT_CONFIRMATION_OK"
1089,10141321253,10141321294,1,"IOTHUB_CLIENT_CONFIRMATION_OK"
1090,10141321454,10141321498,1,"IOTHUB_CLIENT_CONFIRMATION_OK"
1091,10141321654,10141321692,1,"IOTHUB_CLIENT_CONFIRMATION_OK"
1092,10141321854,10141321893,1,"IOTHUB_CLIENT_CONFIRMATION_OK"
1093,10141322054,10141322101,1,"IOTHUB_CLIENT_CONFIRMATION_OK"
1094,10141322254,10141322289,1,"IOTHUB_CLIENT_CONFIRMATION_OK"
1095,10141322454,10141322647,1,"IOTHUB_CLIENT_CONFIRMATION_OK"
1096,10141322655,10141322721,1,"IOTHUB_CLIENT_CONFIRMATION_OK"
1097,10141322855,10141322890,1,"IOTHUB_CLIENT_CONFIRMATION_OK"
1098,10141323055,10141323100,1,"IOTHUB_CLIENT_CONFIRMATION_OK"
1099,10141323255,10141323295,1,"IOTHUB_CLIENT_CONFIRMATION_OK"
1100,10141323455,10141323494,1,"IOTHUB_CLIENT_CONFIRMATION_OK"
1101,10141323655,10141323696,1,"IOTHUB_CLIENT_CONFIRMATION_OK"
1102,10141323855,10141323889,1,"IOTHUB_CLIENT_CONFIRMATION_OK"
1103,10141324055,10141324101,1,"IOTHUB_CLIENT_CONFIRMATION_OK"
1104,10141324256,10141324333,1,"IOTHUB_CLIENT_CONFIRMATION_OK"
1105,10141324456,10141324498,1,"IOTHUB_CLIENT_CONFIRMATION_OK"
1106,10141324656,10141324706,1,"IOTHUB_CLIENT_CONFIRMATION_OK"
1107,10141324856,10141324894,1,"IOTHUB_CLIENT_CONFIRMATION_OK"
1108,10141325056,10141325094,1,"IOTHUB_CLIENT_CONFIRMATION_OK"
1109,10141325256,10141325350,1,"IOTHUB_CLIENT_CONFIRMATION_OK"
1110,10141325457,10141325492,1,"IOTHUB_CLIENT_CONFIRMATION_OK"
1111,10141325657,10141325698,1,"IOTHUB_CLIENT_CONFIRMATION_OK"
1112,10141325857,10141325960,1,"IOTHUB_CLIENT_CONFIRMATION_OK"
1113,10141326057,10141326104,1,"IOTHUB_CLIENT_CONFIRMATION_OK"
1114,10141326257,10141326297,1,"IOTHUB_CLIENT_CONFIRMATION_OK"
1115,10141326457,10141326499,1,"IOTHUB_CLIENT_CONFIRMATION_OK"
1116,10141326657,10141326695,1,"IOTHUB_CLIENT_CONFIRMATION_OK"
1117,10141326858,10141326908,1,"IOTHUB_CLIENT_CONFIRMATION_OK"
1118,10141327058,10141327097,1,"IOTHUB_CLIENT_CONFIRMATION_OK"
1119,10141327258,10141327294,1,"IOTHUB_CLIENT_CONFIRMATION_OK"
1120,10141327458,10141327573,1,"IOTHUB_CLIENT_CONFIRMATION_OK"
1121,10141327658,10141327702,1,"IOTHUB_CLIENT_CONFIRMATION_OK"
1122,10141327858,10141327900,1,"IOTHUB_CLIENT_CONFIRMATION_OK"
1123,10141328058,10141328195,1,"IOTHUB_CLIENT_CONFIRMATION_OK"
1124,10141328259,10141328295,1,"IOTHUB_CLIENT_CONFIRMATION_OK"
1125,10141328459,10141328499,1,"IOTHUB_CLIENT_CONFIRMATION_OK"
1126,10141328659,10141328699,1,"IOTHUB_CLIENT_CONFIRMATION_OK"
1127,10141328859,10141328969,1,"IOTHUB_CLIENT_CONFIRMATION_OK"
1128,10141329060,10141329094,1,"IOTHUB_CLIENT_CONFIRMATION_OK"
1129,10141329260,10141329301,1,"IOTHUB_CLIENT_CONFIRMATION_OK"
1130,10141329460,10141329512,1,"IOTHUB_CLIENT_CONFIRMATION_OK"
1131,10141329660,10141329699,1,"IOTHUB_CLIENT_CONFIRMATION_OK"
1132,10141329860,10141329908,1,"IOTHUB_CLIENT_CONFIRMATION_OK"
1133,10141330060,10141330123,1,"IOTHUB_CLIENT_CONFIRMATION_OK"
1134,10141330261,10141330298,1,"IOTHUB_CLIENT_CONFIRMATION_OK"
1135,10141330461,10141330518,1,"IOTHUB_CLIENT_CONFIRMATION_OK"
1136,10141330661,10141330720,1,"IOTHUB_CLIENT_CONFIRMATION_OK"
1137,10141330861,10141330896,1,"IOTHUB_CLIENT_CONFIRMATION_OK"
1138,10141331061,10141331108,1,"IOTHUB_CLIENT_CONFIRMATION_OK"
1139,10141331261,10141331299,1,"IOTHUB_CLIENT_CONFIRMATION_OK"
1140,10141331462,10141331505,1,"IOTHUB_CLIENT_CONFIRMATION_OK"
1141,10141331662,10141331703,1,"IOTHUB_CLIENT_CONFIRMATION_OK"
1142,10141331862,10141331904,1,"IOTHUB_CLIENT_CONFIRMATION_OK"
1143,10141332062,10141332107,1,"IOTHUB_CLIENT_CONFIRMATION_OK"
1144,10141332262,10141332303,1,"IOTHUB_CLIENT_CONFIRMATION_OK"
1145,10141332462,10141332533,1,"IOTHUB_CLIENT_CONFIRMATION_OK"
1146,10141332662,10141332698,1,"IOTHUB_CLIENT_CONFIRMATION_OK"
1147,10141332863,10141332906,1,"IOTHUB_CLIENT_CONFIRMATION_OK"
1148,10141333063,10141333105,1,"IOTHUB_CLIENT_CONFIRMATION_OK"
1149,10141333263,10141333302,1,"IOTHUB_CLIENT_CONFIRMATION_OK"
1150,10141333463,10141333502,1,"IOTHUB_CLIENT_CONFIRMATION_OK"
1151,10141333663,10141333712,1,"IOTHUB_CLIENT_CONFIRMATION_OK"
1152,10141333863,10141333906,1,"IOTHUB_CLIENT_CONFIRMATION_OK"
1153,10141334064,10141334100,1,"IOTHUB_CLIENT_CONFIRMATION_OK"
1154,10141334264,10141334320,1,"IOTHUB_CLIENT_CONFIRMATION_OK"
1155,10141334464,10141334506,1,"IOTHUB_CLIENT_CONFIRMATION_OK"
1156,10141334664,10141334708,1,"IOTHUB_CLIENT_CONFIRMATION_OK"
1157,10141334864,10141334904,1,"IOTHUB_CLIENT_CONFIRMATION_OK"
1158,10141335064,10141335106,1,"IOTHUB_CLIENT_CONFIRMATION_OK"
1159,10141335264,10141335327,1,"IOTHUB_CLIENT_CONFIRMATION_OK"
1160,10141335465,10141335519,1,"IOTHUB_CLIENT_CONFIRMATION_OK"
1161,10141335665,10141335705,1,"IOTHUB_CLIENT_CONFIRMATION_OK"
1162,10141335865,10141335945,1,"IOTHUB_CLIENT_CONFIRMATION_OK"
1163,10141336065,10141336105,1,"IOTHUB_CLIENT_CONFIRMATION_OK"
1164,10141336265,10141336308,1,"IOTHUB_CLIENT_CONFIRMATION_OK"
1165,10141336465,10141336504,1,"IOTHUB_CLIENT_CONFIRMATION_OK"
1166,10141336666,10141336709,1,"IOTHUB_CLIENT_CONFIRMATION_OK"
1167,10141336866,10141336940,1,"IOTHUB_CLIENT_CONFIRMATION_OK"
1168,10141337066,10141337104,1,"IOTHUB_CLIENT_CONFIRMATION_OK"
1169,10141337266,10141337322,1,"IOTHUB_CLIENT_CONFIRMATION_OK"
1170,10141337466,10141337563,1,"IOTHUB_CLIENT_CONFIRMATION_OK"
1171,10141337667,10141337705,1,"IOTHUB_CLIENT_CONFIRMATION_OK"
1172,10141337867,10141337923,1,"IOTHUB_CLIENT_CONFIRMATION_OK"
1173,10141338067,10141338173,1,"IOTHUB_CLIENT_CONFIRMATION_OK"
1174,10141338267,10141338303,1,"IOTHUB_CLIENT_CONFIRMATION_OK"
1175,10141338467,10141338512,1,"IOTHUB_CLIENT_CONFIRMATION_OK"
1176,10141338667,10141338710,1,"IOTHUB_CLIENT_CONFIRMATION_OK"
1177,10141338867,10141338905,1,"IOTHUB_CLIENT_CONFIRMATION_OK"
1178,10141339068,10141339124,1,"IOTHUB_CLIENT_CONFIRMATION_OK"
1179,10141339268,10141339305,1,"IOTHUB_CLIENT_CONFIRMATION_OK"
1180,10141339468,10141339507,1,"IOTHUB_CLIENT_CONFIRMATION_OK"
1181,10141339668,10141339797,1,"IOTHUB_CLIENT_CONFIRMATION_OK"
1182,10141339868,10141339904,1,"IOTHUB_CLIENT_CONFIRMATION_OK"
1183,10141340068,10141340108,1,"IOTHUB_CLIENT_CONFIRMATION_OK"
1184,10141340269,10141340414,1,"IOTHUB_CLIENT_CONFIRMATION_OK"
1185,10141340469,10141340514,1,"IOTHUB_CLIENT_CONFIRMATION_OK"
1186,10141340669,10141340708,1,"IOTHUB_CLIENT_CONFIRMATION_OK"
1187,10141340869,10141340907,1,"IOTHUB_CLIENT_CONFIRMATION_OK"
1188,10141341070,10141341108,1,"IOTHUB_CLIENT_CONFIRMATION_OK"
1189,10141341270,10141341317,1,"IOTHUB_CLIENT_CONFIRMATION_OK"
1190,10141341470,10141341528,1,"IOTHUB_CLIENT_CONFIRMATION_OK"
1191,10141341670,10141341709,1,"IOTHUB_CLIENT_CONFIRMATION_OK"
1192,10141341870,10141342024,1,"IOTHUB_CLIENT_CONFIRMATION_OK"
1193,10141342070,10141342110,1,"IOTHUB_CLIENT_CONFIRMATION_OK"
1194,10141342270,10141342305,1,"IOTHUB_CLIENT_CONFIRMATION_OK"
1195,10141342471,10141342654,1,"IOTHUB_CLIENT_CONFIRMATION_OK"
1196,10141342671,10141342706,1,"IOTHUB_CLIENT_CONFIRMATION_OK"
1197,10141342871,10141342917,1,"IOTHUB_CLIENT_CONFIRMATION_OK"
1198,10141343071,10141343113,1,"IOTHUB_CLIENT_CONFIRMATION_OK"
1199,10141343271,10141343314,1,"IOTHUB_CLIENT_CONFIRMATION_OK"
1200,10141343471,10141343506,1,"IOTHUB_CLIENT_CONFIRMATION_OK"
1201,10141343672,10141343711,1,"IOTHUB_CLIENT_CONFIRMATION_OK"
1202,10141343872,10141343909,1,"IOTHUB_CLIENT_CONFIRMATION_OK"
1203,10141344072,10141344116,1,"IOTHUB_CLIENT_CONFIRMATION_OK"
1204,10141344272,10141344318,1,"IOTHUB_CLIENT_CONFIRMATION_OK"
1205,10141344472,10141344509,1,"IOTHUB_CLIENT_CONFIRMATION_OK"
1206,10141344672,10141344722,1,"IOTHUB_CLIENT_CONFIRMATION_OK"
1207,10141344872,10141344913,1,"IOTHUB_CLIENT_CONFIRMATION_OK"
1208,10141345073,10141345112,1,"IOTHUB_CLIENT_CONFIRMATION_OK"
1209,10141345273,10141345307,1,"IOTHUB_CLIENT_CONFIRMATION_OK"
1210,10141345473,10141345506,1,"IOTHUB_CLIENT_CONFIRMATION_OK"
1211,10141345673,10141345713,1,"IOTHUB_CLIENT_CONFIRMATION_OK"
1212,10141345873,10141345927,1,"IOTHUB_CLIENT_CONFIRMATION_OK"
1213,10141346073,10141346113,1,"IOTHUB_CLIENT_CONFIRMATION_OK"
1214,10141346274,10141346311,1,"IOTHUB_CLIENT_CONFIRMATION_OK"
1215,10141346474,10141346530,1,"IOTHUB_CLIENT_CONFIRMATION_OK"
1216,10141346674,10141346712,1,"IOTHUB_CLIENT_CONFIRMATION_OK"
1217,10141346874,10141346929,1,"IOTHUB_CLIENT_CONFIRMATION_OK"
1218,10141347074,10141347174,1,"IOTHUB_CLIENT_CONFIRMATION_OK"
1219,10141347274,10141347311,1,"IOTHUB_CLIENT_CONFIRMATION_OK"
1220,10141347474,10141347596,1,"IOTHUB_CLIENT_CONFIRMATION_OK"
1221,10141347675,10141347711,1,"IOTHUB_CLIENT_CONFIRMATION_OK"
1222,10141347875,10141347916,1,"IOTHUB_CLIENT_CONFIRMATION_OK"
1223,10141348075,10141348107,1,"IOTHUB_CLIENT_CONFIRMATION_OK"
1224,10141348275,10141348310,1,"IOTHUB_CLIENT_CONFIRMATION_OK"
1225,10141348475,10141348520,1,"IOTHUB_CLIENT_CONFIRMATION_OK"
1226,10141348675,10141348713,1,"IOTHUB_CLIENT_CONFIRMATION_OK"
1227,10141348876,10141348926,1,"IOTHUB_CLIENT_CONFIRMATION_OK"
1228,10141349076,10141349127,1,"IOTHUB_CLIENT_CONFIRMATION_OK"
1229,10141349276,10141349321,1,"IOTHUB_CLIENT_CONFIRMATION_OK"
1230,10141349476,10141349533,1,"IOTHUB_CLIENT_CONFIRMATION_OK"
1231,10141349676,10141349886,1,"IOTHUB_CLIENT_CONFIRMATION_OK"
1232,10141349876,10141349922,1,"IOTHUB_CLIENT_CONFIRMATION_OK"
1233,10141350076,10141350117,1,"IOTHUB_CLIENT_CONFIRMATION_OK"
1234,10141350277,10141350318,1,"IOTHUB_CLIENT_CONFIRMATION_OK"
1235,10141350477,10141350516,1,"IOTHUB_CLIENT_CONFIRMATION_OK"
1236,10141350677,10141350721,1,"IOTHUB_CLIENT_CONFIRMATION_OK"
1237,10141350877,10141350913,1,"IOTHUB_CLIENT_CONFIRMATION_OK"
1238,10141351077,10141351115,1,"IOTHUB_CLIENT_CONFIRMATION_OK"
1239,10141351277,10141351318,1,"IOTHUB_CLIENT_CONFIRMATION_OK"
1240,10141351478,10141351516,1,"IOTHUB_CLIENT_CONFIRMATION_OK"
1241,10141351678,10141351725,1,"IOTHUB_CLIENT_CONFIRMATION_OK"
1242,10141351878,10141351918,1,"IOTHUB_CLIENT_CONFIRMATION_OK"
1243,10141352078,10141352174,1,"IOTHUB_CLIENT_CONFIRMATION_OK"
1244,10141352278,10141352432,1,"IOTHUB_CLIENT_CONFIRMATION_OK"
1245,10141352478,10141352522,1,"IOTHUB_CLIENT_CONFIRMATION_OK"
1246,10141352679,10141352717,1,"IOTHUB_CLIENT_CONFIRMATION_OK"
1247,10141352879,10141352919,1,"IOTHUB_CLIENT_CONFIRMATION_OK"
1248,10141353079,10141353129,1,"IOTHUB_CLIENT_CONFIRMATION_OK"
1249,10141353279,10141353314,1,"IOTHUB_CLIENT_CONFIRMATION_OK"
1250,10141353479,10141353522,1,"IOTHUB_CLIENT_CONFIRMATION_OK"
1251,10141353679,10141353723,1,"IOTHUB_CLIENT_CONFIRMATION_OK"
1252,10141353880,10141353922,1,"IOTHUB_CLIENT_CONFIRMATION_OK"
1253,10141354080,10141354249,1,"IOTHUB_CLIENT_CONFIRMATION_OK"
1254,10141354280,10141354313,1,"IOTHUB_CLIENT_CONFIRMATION_OK"
1255,10141354480,10141354526,1,"IOTHUB_CLIENT_CONFIRMATION_OK"
1256,10141354680,10141354802,1,"IOTHUB_CLIENT_CONFIRMATION_OK"
1257,10141354880,10141354915,1,"IOTHUB_CLIENT_CONFIRMATION_OK"
1258,10141355080,10141355128,1,"IOTHUB_CLIENT_CONFIRMATION_OK"
1259,10141355281,10141355322,1,"IOTHUB_CLIENT_CONFIRMATION_OK"
1260,10141355481,10141355517,1,"IOTHUB_CLIENT_CONFIRMATION_OK"
1261,10141355681,10141355720,1,"IOTHUB_CLIENT_CONFIRMATION_OK"
1262,10141355881,10141355929,1,"IOTHUB_CLIENT_CONFIRMATION_OK"
1263,10141356081,10141356122,1,"IOTHUB_CLIENT_CONFIRMATION_OK"
1264,10141356281,10141356327,1,"IOTHUB_CLIENT_CONFIRMATION_OK"
1265,10141356482,10141356528,1,"IOTHUB_CLIENT_CONFIRMATION_OK"
1266,10141356682,10141356733,1,"IOTHUB_CLIENT_CONFIRMATION_OK"
1267,10141356882,10141356923,1,"IOTHUB_CLIENT_CONFIRMATION_OK"
1268,10141357082,10141357129,1,"IOTHUB_CLIENT_CONFIRMATION_OK"
1269,10141357282,10141357318,1,"IOTHUB_CLIENT_CONFIRMATION_OK"
1270,10141357482,10141357530,1,"IOTHUB_CLIENT_CONFIRMATION_OK"
1271,10141357683,10141357721,1,"IOTHUB_CLIENT_CONFIRMATION_OK"
1272,10141357883,10141357920,1,"IOTHUB_CLIENT_CONFIRMATION_OK"
1273,10141358083,10141358123,1,"IOTHUB_CLIENT_CONFIRMATION_OK"
1274,10141358283,10141358320,1,"IOTHUB_CLIENT_CONFIRMATION_OK"
1275,10141358483,10141358521,1,"IOTHUB_CLIENT_CONFIRMATION_OK"
1276,10141358683,10141358719,1,"IOTHUB_CLIENT_CONFIRMATION_OK"
1277,10141358884,10141358922,1,"IOTHUB_CLIENT_CONFIRMATION_OK"
1278,10141359084,10141359206,1,"IOTHUB_CLIENT_CONFIRMATION_OK"
1279,10141359284,10141359333,1,"IOTHUB_CLIENT_CONFIRMATION_OK"
1280,10141359484,10141359522,1,"IOTHUB_CLIENT_CONFIRMATION_OK"
1281,10141359684,10141359813,1,"IOTHUB_CLIENT_CONFIRMATION_OK"
1282,10141359884,10141359933,1,"IOTHUB_CLIENT_CONFIRMATION_OK"
1283,10141360084,10141360122,1,"IOTHUB_CLIENT_CONFIRMATION_OK"
1284,10141360285,10141360337,1,"IOTHUB_CLIENT_CONFIRMATION_OK"
1285,10141360485,10141360525,1,"IOTHUB_CLIENT_CONFIRMATION_OK"
1286,10141360685,10141360722,1,"IOTHUB_CLIENT_CONFIRMATION_OK"
1287,10141360885,10141360925,1,"IOTHUB_CLIENT_CONFIRMATION_OK"
1288,10141361085,10141361123,1,"IOTHUB_CLIENT_CONFIRMATION_OK"
1289,10141361285,10141361422,1,"IOTHUB_CLIENT_CONFIRMATION_OK"
1290,10141361486,10141361527,1,"IOTHUB_CLIENT_CONFIRMATION_OK"
1291,10141361686,10141361783,1,"IOTHUB_CLIENT_CONFIRMATION_OK"
1292,10141361886,10141362035,1,"IOTHUB_CLIENT_CONFIRMATION_OK"
1293,10141362086,10141362130,1,"IOTHUB_CLIENT_CONFIRMATION_OK"
1294,10141362286,10141362323,1,"IOTHUB_CLIENT_CONFIRMATION_OK"
1295,10141362486,10141362524,1,"IOTHUB_CLIENT_CONFIRMATION_OK"
1296,10141362687,10141362723,1,"IOTHUB_CLIENT_CONFIRMATION_OK"
1297,10141362887,10141362924,1,"IOTHUB_CLIENT_CONFIRMATION_OK"
1298,10141363087,10141363128,1,"IOTHUB_CLIENT_CONFIRMATION_OK"
1299,10141363287,10141363327,1,"IOTHUB_CLIENT_CONFIRMATION_OK"
1300,10141363487,10141363527,1,"IOTHUB_CLIENT_CONFIRMATION_OK"
1301,10141363687,10141363723,1,"IOTHUB_CLIENT_CONFIRMATION_OK"
1302,10141363887,10141363963,1,"IOTHUB_CLIENT_CONFIRMATION_OK"
1303,10141364088,10141364268,1,"IOTHUB_CLIENT_CONFIRMATION_OK"
1304,10141364288,10141364325,1,"IOTHUB_CLIENT_CONFIRMATION_OK"
1305,10141364488,10141364530,1,"IOTHUB_CLIENT_CONFIRMATION_OK"
1306,10141364688,10141364728,1,"IOTHUB_CLIENT_CONFIRMATION_OK"
1307,10141364888,10141364971,1,"IOTHUB_CLIENT_CONFIRMATION_OK"
1308,10141365088,10141365328,1,"IOTHUB_CLIENT_CONFIRMATION_OK"
1309,10141365289,10141365343,1,"IOTHUB_CLIENT_CONFIRMATION_OK"
1310,10141365489,10141365524,1,"IOTHUB_CLIENT_CONFIRMATION_OK"
1311,10141365689,10141365738,1,"IOTHUB_CLIENT_CONFIRMATION_OK"
1312,10141365889,10141365945,1,"IOTHUB_CLIENT_CONFIRMATION_OK"
1313,10141366089,10141366131,1,"IOTHUB_CLIENT_CONFIRMATION_OK"
1314,10141366289,10141366342,1,"IOTHUB_CLIENT_CONFIRMATION_OK"
1315,10141366489,10141366526,1,"IOTHUB_CLIENT_CONFIRMATION_OK"
1316,10141366690,10141366733,1,"IOTHUB_CLIENT_CONFIRMATION_OK"
1317,10141366890,10141366957,1,"IOTHUB_CLIENT_CONFIRMATION_OK"
1318,10141367090,10141367132,1,"IOTHUB_CLIENT_CONFIRMATION_OK"
1319,10141367290,10141367327,1,"IOTHUB_CLIENT_CONFIRMATION_OK"
1320,10141367490,10141367575,1,"IOTHUB_CLIENT_CONFIRMATION_OK"
1321,10141367690,10141367748,1,"IOTHUB_CLIENT_CONFIRMATION_OK"
1322,10141367891,10141367926,1,"IOTHUB_CLIENT_CONFIRMATION_OK"
1323,10141368091,10141368179,1,"IOTHUB_CLIENT_CONFIRMATION_OK"
1324,10141368291,10141368346,1,"IOTHUB_CLIENT_CONFIRMATION_OK"
1325,10141368491,10141368526,1,"IOTHUB_CLIENT_CONFIRMATION_OK"
1326,10141368691,10141368779,1,"IOTHUB_CLIENT_CONFIRMATION_OK"
1327,10141368891,10141368944,1,"IOTHUB_CLIENT_CONFIRMATION_OK"
1328,10141369092,10141369207,1,"IOTHUB_CLIENT_CONFIRMATION_OK"
1329,10141369292,10141369325,1,"IOTHUB_CLIENT_CONFIRMATION_OK"
1330,10141369492,10141369534,1,"IOTHUB_CLIENT_CONFIRMATION_OK"
1331,10141369692,10141369883,1,"IOTHUB_CLIENT_CONFIRMATION_OK"
1332,10141369892,10141369933,1,"IOTHUB_CLIENT_CONFIRMATION_OK"
1333,10141370092,10141370128,1,"IOTHUB_CLIENT_CONFIRMATION_OK"
1334,10141370292,10141370334,1,"IOTHUB_CLIENT_CONFIRMATION_OK"
1335,10141370493,10141370541,1,"IOTHUB_CLIENT_CONFIRMATION_OK"
1336,10141370693,10141370733,1,"IOTHUB_CLIENT_CONFIRMATION_OK"
1337,10141370893,10141370933,1,"IOTHUB_CLIENT_CONFIRMATION_OK"
1338,10141371093,10141371129,1,"IOTHUB_CLIENT_CONFIRMATION_OK"
1339,10141371293,10141371496,1,"IOTHUB_CLIENT_CONFIRMATION_OK"
1340,10141371493,10141371534,1,"IOTHUB_CLIENT_CONFIRMATION_OK"
1341,10141371694,10141371732,1,"IOTHUB_CLIENT_CONFIRMATION_OK"
1342,10141371894,10141371933,1,"IOTHUB_CLIENT_CONFIRMATION_OK"
1343,10141372094,10141372129,1,"IOTHUB_CLIENT_CONFIRMATION_OK"
1344,10141372294,10141372331,1,"IOTHUB_CLIENT_CONFIRMATION_OK"
1345,10141372494,10141372534,1,"IOTHUB_CLIENT_CONFIRMATION_OK"
1346,10141372694,10141372736,1,"IOTHUB_CLIENT_CONFIRMATION_OK"
1347,10141372895,10141372933,1,"IOTHUB_CLIENT_CONFIRMATION_OK"
1348,10141373095,10141373145,1,"IOTHUB_CLIENT_CONFIRMATION_OK"
1349,10141373295,10141373824,1,"IOTHUB_CLIENT_CONFIRMATION_OK"
1350,10141373495,10141374067,1,"IOTHUB_CLIENT_CONFIRMATION_OK"
1351,10141373695,10141374124,1,"IOTHUB_CLIENT_CONFIRMATION_OK"
1352,10141373895,10141374182,1,"IOTHUB_CLIENT_CONFIRMATION_OK"
1353,10141374095,10141374352,1,"IOTHUB_CLIENT_CONFIRMATION_OK"
1354,10141374296,10141374368,1,"IOTHUB_CLIENT_CONFIRMATION_OK"
1355,10141374496,10141374528,1,"IOTHUB_CLIENT_CONFIRMATION_OK"
1356,10141374696,10141374779,1,"IOTHUB_CLIENT_CONFIRMATION_OK"
1357,10141374896,10141374936,1,"IOTHUB_CLIENT_CONFIRMATION_OK"
1358,10141375096,10141375139,1,"IOTHUB_CLIENT_CONFIRMATION_OK"
1359,10141375296,10141375400,1,"IOTHUB_CLIENT_CONFIRMATION_OK"
1360,10141375497,10141375610,1,"IOTHUB_CLIENT_CONFIRMATION_OK"
1361,10141375697,10141375733,1,"IOTHUB_CLIENT_CONFIRMATION_OK"
1362,10141375897,10141375933,1,"IOTHUB_CLIENT_CONFIRMATION_OK"
1363,10141376097,10141376133,1,"IOTHUB_CLIENT_CONFIRMATION_OK"
1364,10141376297,10141376407,1,"IOTHUB_CLIENT_CONFIRMATION_OK"
1365,10141376497,10141376535,1,"IOTHUB_CLIENT_CONFIRMATION_OK"
1366,10141376698,10141376739,1,"IOTHUB_CLIENT_CONFIRMATION_OK"
1367,10141376898,10141377053,1,"IOTHUB_CLIENT_CONFIRMATION_OK"
1368,10141377098,10141377147,1,"IOTHUB_CLIENT_CONFIRMATION_OK"
1369,10141377298,10141377338,1,"IOTHUB_CLIENT_CONFIRMATION_OK"
1370,10141377498,10141377542,1,"IOTHUB_CLIENT_CONFIRMATION_OK"
1371,10141377698,10141377739,1,"IOTHUB_CLIENT_CONFIRMATION_OK"
1372,10141377899,10141377938,1,"IOTHUB_CLIENT_CONFIRMATION_OK"
1373,10141378099,10141378135,1,"IOTHUB_CLIENT_CONFIRMATION_OK"
1374,10141378299,10141378355,1,"IOTHUB_CLIENT_CONFIRMATION_OK"
1375,10141378499,10141378542,1,"IOTHUB_CLIENT_CONFIRMATION_OK"
1376,10141378699,10141378738,1,"IOTHUB_CLIENT_CONFIRMATION_OK"
1377,10141378899,10141378947,1,"IOTHUB_CLIENT_CONFIRMATION_OK"
1378,10141379100,10141379298,1,"IOTHUB_CLIENT_CONFIRMATION_OK"
1379,10141379300,10141379339,1,"IOTHUB_CLIENT_CONFIRMATION_OK"
1380,10141379500,10141379537,1,"IOTHUB_CLIENT_CONFIRMATION_OK"
1381,10141379700,10141379746,1,"IOTHUB_CLIENT_CONFIRMATION_OK"
1382,10141379900,10141379938,1,"IOTHUB_CLIENT_CONFIRMATION_OK"
1383,10141380100,10141380139,1,"IOTHUB_CLIENT_CONFIRMATION_OK"
1384,10141380301,10141380339,1,"IOTHUB_CLIENT_CONFIRMATION_OK"
1385,10141380501,10141380543,1,"IOTHUB_CLIENT_CONFIRMATION_OK"
1386,10141380701,10141380739,1,"IOTHUB_CLIENT_CONFIRMATION_OK"
1387,10141380901,10141380939,1,"IOTHUB_CLIENT_CONFIRMATION_OK"
1388,10141381101,10141381137,1,"IOTHUB_CLIENT_CONFIRMATION_OK"
1389,10141381301,10141381518,1,"IOTHUB_CLIENT_CONFIRMATION_OK"
1390,10141381501,10141381549,1,"IOTHUB_CLIENT_CONFIRMATION_OK"
1391,10141381702,10141381777,1,"IOTHUB_CLIENT_CONFIRMATION_OK"
1392,10141381902,10141381943,1,"IOTHUB_CLIENT_CONFIRMATION_OK"
1393,10141382102,10141382137,1,"IOTHUB_CLIENT_CONFIRMATION_OK"
1394,10141382302,10141382340,1,"IOTHUB_CLIENT_CONFIRMATION_OK"
1395,10141382502,10141382577,1,"IOTHUB_CLIENT_CONFIRMATION_OK"
1396,10141382702,10141382743,1,"IOTHUB_CLIENT_CONFIRMATION_OK"
1397,10141382903,10141382942,1,"IOTHUB_CLIENT_CONFIRMATION_OK"
1398,10141383103,10141383151,1,"IOTHUB_CLIENT_CONFIRMATION_OK"
1399,10141383303,10141383358,1,"IOTHUB_CLIENT_CONFIRMATION_OK"
1400,10141383503,10141383541,1,"IOTHUB_CLIENT_CONFIRMATION_OK"
1401,10141383703,10141383806,1,"IOTHUB_CLIENT_CONFIRMATION_OK"
1402,10141383903,10141383948,1,"IOTHUB_CLIENT_CONFIRMATION_OK"
1403,10141384104,10141384160,1,"IOTHUB_CLIENT_CONFIRMATION_OK"
1404,10141384304,10141384343,1,"IOTHUB_CLIENT_CONFIRMATION_OK"
1405,10141384504,10141384541,1,"IOTHUB_CLIENT_CONFIRMATION_OK"
1406,10141384704,10141384778,1,"IOTHUB_CLIENT_CONFIRMATION_OK"
1407,10141384904,10141384939,1,"IOTHUB_CLIENT_CONFIRMATION_OK"
1408,10141385104,10141385144,1,"IOTHUB_CLIENT_CONFIRMATION_OK"
1409,10141385305,10141385379,1,"IOTHUB_CLIENT_CONFIRMATION_OK"
1410,10141385505,10141385544,1,"IOTHUB_CLIENT_CONFIRMATION_OK"
1411,10141385705,10141385745,1,"IOTHUB_CLIENT_CONFIRMATION_OK"
1412,10141385905,10141385942,1,"IOTHUB_CLIENT_CONFIRMATION_OK"
1413,10141386105,10141386149,1,"IOTHUB_CLIENT_CONFIRMATION_OK"
1414,10141386305,10141386414,1,"IOTHUB_CLIENT_CONFIRMATION_OK"
1415,10141386506,10141386540,1,"IOTHUB_CLIENT_CONFIRMATION_OK"
1416,10141386706,10141386740,1,"IOTHUB_CLIENT_CONFIRMATION_OK"
1417,10141386906,10141387084,1,"IOTHUB_CLIENT_CONFIRMATION_OK"
1418,10141387106,10141387149,1,"IOTHUB_CLIENT_CONFIRMATION_OK"
1419,10141387306,10141387341,1,"IOTHUB_CLIENT_CONFIRMATION_OK"
1420,10141387506,10141387543,1,"IOTHUB_CLIENT_CONFIRMATION_OK"
1421,10141387706,10141387747,1,"IOTHUB_CLIENT_CONFIRMATION_OK"
1422,10141387907,10141387943,1,"IOTHUB_CLIENT_CONFIRMATION_OK"
1423,10141388107,10141388146,1,"IOTHUB_CLIENT_CONFIRMATION_OK"
1424,10141388307,10141388339,1,"IOTHUB_CLIENT_CONFIRMATION_OK"
1425,10141388507,10141388561,1,"IOTHUB_CLIENT_CONFIRMATION_OK"
1426,10141388707,10141388759,1,"IOTHUB_CLIENT_CONFIRMATION_OK"
1427,10141388907,10141388946,1,"IOTHUB_CLIENT_CONFIRMATION_OK"
1428,10141389108,10141389139,1,"IOTHUB_CLIENT_CONFIRMATION_OK"
1429,10141389308,10141389344,1,"IOTHUB_CLIENT_CONFIRMATION_OK"
1430,10141389508,10141389544,1,"IOTHUB_CLIENT_CONFIRMATION_OK"
1431,10141389708,10141389748,1,"IOTHUB_CLIENT_CONFIRMATION_OK"
1432,10141389908,10141389949,1,"IOTHUB_CLIENT_CONFIRMATION_OK"
1433,10141390108,10141390144,1,"IOTHUB_CLIENT_CONFIRMATION_OK"
1434,10141390308,10141390348,1,"IOTHUB_CLIENT_CONFIRMATION_OK"
1435,10141390509,10141390546,1,"IOTHUB_CLIENT_CONFIRMATION_OK"
1436,10141390709,10141390745,1,"IOTHUB_CLIENT_CONFIRMATION_OK"
1437,10141390909,10141390950,1,"IOTHUB_CLIENT_CONFIRMATION_OK"
1438,10141391109,10141391144,1,"IOTHUB_CLIENT_CONFIRMATION_OK"
1439,10141391309,10141391345,1,"IOTHUB_CLIENT_CONFIRMATION_OK"
1440,10141391509,10141391548,1,"IOTHUB_CLIENT_CONFIRMATION_OK"
1441,10141391710,10141391762,1,"IOTHUB_CLIENT_CONFIRMATION_OK"
1442,10141391910,10141391953,1,"IOTHUB_CLIENT_CONFIRMATION_OK"
1443,10141392110,10141392143,1,"IOTHUB_CLIENT_CONFIRMATION_OK"
1444,10141392310,10141392346,1,"IOTHUB_CLIENT_CONFIRMATION_OK"
1445,10141392510,10141392558,1,"IOTHUB_CLIENT_CONFIRMATION_OK"
1446,10141392710,10141392745,1,"IOTHUB_CLIENT_CONFIRMATION_OK"
1447,10141392910,10141392959,1,"IOTHUB_CLIENT_CONFIRMATION_OK"
1448,10141393111,10141393173,1,"IOTHUB_CLIENT_CONFIRMATION_OK"
1449,10141393311,10141393348,1,"IOTHUB_CLIENT_CONFIRMATION_OK"
1450,10141393511,10141393572,1,"IOTHUB_CLIENT_CONFIRMATION_OK"
1451,10141393711,10141393749,1,"IOTHUB_CLIENT_CONFIRMATION_OK"
1452,10141393911,10141393949,1,"IOTHUB_CLIENT_CONFIRMATION_OK"
1453,10141394111,10141394178,1,"IOTHUB_CLIENT_CONFIRMATION_OK"
1454,10141394312,10141394351,1,"IOTHUB_CLIENT_CONFIRMATION_OK"
1455,10141394512,10141394549,1,"IOTHUB_CLIENT_CONFIRMATION_OK"
1456,10141394712,10141394803,1,"IOTHUB_CLIENT_CONFIRMATION_OK"
1457,10141394912,10141394948,1,"IOTHUB_CLIENT_CONFIRMATION_OK"
1458,10141395112,10141395149,1,"IOTHUB_CLIENT_CONFIRMATION_OK"
1459,10141395312,10141395350,1,"IOTHUB_CLIENT_CONFIRMATION_OK"
1460,10141395512,10141395553,1,"IOTHUB_CLIENT_CONFIRMATION_OK"
1461,10141395713,10141395792,1,"IOTHUB_CLIENT_CONFIRMATION_OK"
1462,10141395913,10141395945,1,"IOTHUB_CLIENT_CONFIRMATION_OK"
1463,10141396113,10141396180,1,"IOTHUB_CLIENT_CONFIRMATION_OK"
1464,10141396313,10141396414,1,"IOTHUB_CLIENT_CONFIRMATION_OK"
1465,10141396513,10141396564,1,"IOTHUB_CLIENT_CONFIRMATION_OK"
1466,10141396713,10141396779,1,"IOTHUB_CLIENT_CONFIRMATION_OK"
1467,10141396913,10141397026,1,"IOTHUB_CLIENT_CONFIRMATION_OK"
1468,10141397114,10141397151,1,"IOTHUB_CLIENT_CONFIRMATION_OK"
1469,10141397314,10141397346,1,"IOTHUB_CLIENT_CONFIRMATION_OK"
1470,10141397514,10141397557,1,"IOTHUB_CLIENT_CONFIRMATION_OK"
1471,10141397714,10141397755,1,"IOTHUB_CLIENT_CONFIRMATION_OK"
1472,10141397914,10141397948,1,"IOTHUB_CLIENT_CONFIRMATION_OK"
1473,10141398115,10141398165,1,"IOTHUB_CLIENT_CONFIRMATION_OK"
1474,10141398315,10141398349,1,"IOTHUB_CLIENT_CONFIRMATION_OK"
1475,10141398515,10141398696,1,"IOTHUB_CLIENT_CONFIRMATION_OK"
1476,10141398715,10141398757,1,"IOTHUB_CLIENT_CONFIRMATION_OK"
1477,10141398915,10141398954,1,"IOTHUB_CLIENT_CONFIRMATION_OK"
1478,10141399115,10141399184,1,"IOTHUB_CLIENT_CONFIRMATION_OK"
1479,10141399316,10141399357,1,"IOTHUB_CLIENT_CONFIRMATION_OK"
1480,10141399516,10141399560,1,"IOTHUB_CLIENT_CONFIRMATION_OK"
1481,10141399716,10141399790,1,"IOTHUB_CLIENT_CONFIRMATION_OK"
1482,10141399916,10141399976,1,"IOTHUB_CLIENT_CONFIRMATION_OK"
1483,10141400116,10141400157,1,"IOTHUB_CLIENT_CONFIRMATION_OK"
1484,10141400316,10141400353,1,"IOTHUB_CLIENT_CONFIRMATION_OK"
1485,10141400516,10141400587,1,"IOTHUB_CLIENT_CONFIRMATION_OK"
1486,10141400717,10141400754,1,"IOTHUB_CLIENT_CONFIRMATION_OK"
1487,10141400917,10141400955,1,"IOTHUB_CLIENT_CONFIRMATION_OK"
1488,10141401117,10141401160,1,"IOTHUB_CLIENT_CONFIRMATION_OK"
1489,10141401317,10141401414,1,"IOTHUB_CLIENT_CONFIRMATION_OK"
1490,10141401517,10141401575,1,"IOTHUB_CLIENT_CONFIRMATION_OK"
1491,10141401717,10141401755,1,"IOTHUB_CLIENT_CONFIRMATION_OK"
1492,10141401918,10141402046,1,"IOTHUB_CLIENT_CONFIRMATION_OK"
1493,10141402118,10141402157,1,"IOTHUB_CLIENT_CONFIRMATION_OK"
1494,10141402318,10141402369,1,"IOTHUB_CLIENT_CONFIRMATION_OK"
1495,10141402518,10141402555,1,"IOTHUB_CLIENT_CONFIRMATION_OK"
1496,10141402718,10141402756,1,"IOTHUB_CLIENT_CONFIRMATION_OK"
1497,10141402918,10141402966,1,"IOTHUB_CLIENT_CONFIRMATION_OK"
1498,10141403119,10141403156,1,"IOTHUB_CLIENT_CONFIRMATION_OK"
1499,10141403319,10141403363,1,"IOTHUB_CLIENT_CONFIRMATION_OK"
1500,10141403519,10141403663,1,"IOTHUB_CLIENT_CONFIRMATION_OK"
1501,10141403719,10141403758,1,"IOTHUB_CLIENT_CONFIRMATION_OK"
1502,10141403919,10141403953,1,"IOTHUB_CLIENT_CONFIRMATION_OK"
1503,10141404119,10141404322,1,"IOTHUB_CLIENT_CONFIRMATION_OK"
1504,10141404320,10141404360,1,"IOTHUB_CLIENT_CONFIRMATION_OK"
1505,10141404520,10141404558,1,"IOTHUB_CLIENT_CONFIRMATION_OK"
1506,10141404720,10141404825,1,"IOTHUB_CLIENT_CONFIRMATION_OK"
1507,10141404920,10141404955,1,"IOTHUB_CLIENT_CONFIRMATION_OK"
1508,10141405120,10141405163,1,"IOTHUB_CLIENT_CONFIRMATION_OK"
1509,10141405320,10141405440,1,"IOTHUB_CLIENT_CONFIRMATION_OK"
1510,10141405520,10141405557,1,"IOTHUB_CLIENT_CONFIRMATION_OK"
1511,10141405721,10141405758,1,"IOTHUB_CLIENT_CONFIRMATION_OK"
1512,10141405921,10141405962,1,"IOTHUB_CLIENT_CONFIRMATION_OK"
1513,10141406121,10141406162,1,"IOTHUB_CLIENT_CONFIRMATION_OK"
1514,10141406321,10141406355,1,"IOTHUB_CLIENT_CONFIRMATION_OK"
1515,10141406521,10141406573,1,"IOTHUB_CLIENT_CONFIRMATION_OK"
1516,10141406721,10141406767,1,"IOTHUB_CLIENT_CONFIRMATION_OK"
1517,10141406922,10141406966,1,"IOTHUB_CLIENT_CONFIRMATION_OK"
1518,10141407122,10141407163,1,"IOTHUB_CLIENT_CONFIRMATION_OK"
1519,10141407322,10141407358,1,"IOTHUB_CLIENT_CONFIRMATION_OK"
1520,10141407522,10141407562,1,"IOTHUB_CLIENT_CONFIRMATION_OK"
1521,10141407722,10141407762,1,"IOTHUB_CLIENT_CONFIRMATION_OK"
1522,10141407922,10141407960,1,"IOTHUB_CLIENT_CONFIRMATION_OK"
1523,10141408123,10141408165,1,"IOTHUB_CLIENT_CONFIRMATION_OK"
1524,10141408323,10141408362,1,"IOTHUB_CLIENT_CONFIRMATION_OK"
1525,10141408523,10141408560,1,"IOTHUB_CLIENT_CONFIRMATION_OK"
1526,10141408723,10141408762,1,"IOTHUB_CLIENT_CONFIRMATION_OK"
1527,10141408923,10141408990,1,"IOTHUB_CLIENT_CONFIRMATION_OK"
1528,10141409123,10141409159,1,"IOTHUB_CLIENT_CONFIRMATION_OK"
1529,10141409323,10141409370,1,"IOTHUB_CLIENT_CONFIRMATION_OK"
1530,10141409524,10141409564,1,"IOTHUB_CLIENT_CONFIRMATION_OK"
1531,10141409724,10141409783,1,"IOTHUB_CLIENT_CONFIRMATION_OK"
1532,10141409924,10141409958,1,"IOTHUB_CLIENT_CONFIRMATION_OK"
1533,10141410124,10141410161,1,"IOTHUB_CLIENT_CONFIRMATION_OK"
1534,10141410324,10141410392,1,"IOTHUB_CLIENT_CONFIRMATION_OK"
1535,10141410524,10141410574,1,"IOTHUB_CLIENT_CONFIRMATION_OK"
1536,10141410725,10141410768,1,"IOTHUB_CLIENT_CONFIRMATION_OK"
1537,10141410925,10141410966,1,"IOTHUB_CLIENT_CONFIRMATION_OK"
1538,10141411125,10141411161,1,"IOTHUB_CLIENT_CONFIRMATION_OK"
1539,10141411325,10141411400,1,"IOTHUB_CLIENT_CONFIRMATION_OK"
1540,10141411525,10141411563,1,"IOTHUB_CLIENT_CONFIRMATION_OK"
1541,10141411725,10141411766,1,"IOTHUB_CLIENT_CONFIRMATION_OK"
1542,10141411926,10141412069,1,"IOTHUB_CLIENT_CONFIRMATION_OK"
1543,10141412126,10141412168,1,"IOTHUB_CLIENT_CONFIRMATION_OK"
1544,10141412326,10141412366,1,"IOTHUB_CLIENT_CONFIRMATION_OK"
1545,10141412526,10141412573,1,"IOTHUB_CLIENT_CONFIRMATION_OK"
1546,10141412726,10141412769,1,"IOTHUB_CLIENT_CONFIRMATION_OK"
1547,10141412926,10141413002,1,"IOTHUB_CLIENT_CONFIRMATION_OK"
1548,10141413126,10141413160,1,"IOTHUB_CLIENT_CONFIRMATION_OK"
1549,10141413327,10141413368,1,"IOTHUB_CLIENT_CONFIRMATION_OK"
1550,10141413527,10141413567,1,"IOTHUB_CLIENT_CONFIRMATION_OK"
1551,10141413727,10141413780,1,"IOTHUB_CLIENT_CONFIRMATION_OK"
1552,10141413927,10141413972,1,"IOTHUB_CLIENT_CONFIRMATION_OK"
1553,10141414127,10141414189,1,"IOTHUB_CLIENT_CONFIRMATION_OK"
1554,10141414328,10141414367,1,"IOTHUB_CLIENT_CONFIRMATION_OK"
1555,10141414528,10141414707,1,"IOTHUB_CLIENT_CONFIRMATION_OK"
1556,10141414728,10141414813,1,"IOTHUB_CLIENT_CONFIRMATION_OK"
1557,10141414928,10141415027,1,"IOTHUB_CLIENT_CONFIRMATION_OK"
1558,10141415128,10141415176,1,"IOTHUB_CLIENT_CONFIRMATION_OK"
1559,10141415328,10141415393,1,"IOTHUB_CLIENT_CONFIRMATION_OK"
1560,10141415529,10141415577,1,"IOTHUB_CLIENT_CONFIRMATION_OK"
1561,10141415729,10141415781,1,"IOTHUB_CLIENT_CONFIRMATION_OK"
1562,10141415929,10141415965,1,"IOTHUB_CLIENT_CONFIRMATION_OK"
1563,10141416129,10141416166,1,"IOTHUB_CLIENT_CONFIRMATION_OK"
1564,10141416329,10141416395,1,"IOTHUB_CLIENT_CONFIRMATION_OK"
1565,10141416529,10141416572,1,"IOTHUB_CLIENT_CONFIRMATION_OK"
1566,10141416729,10141416764,1,"IOTHUB_CLIENT_CONFIRMATION_OK"
1567,10141416930,10141417014,1,"IOTHUB_CLIENT_CONFIRMATION_OK"
1568,10141417130,10141417165,1,"IOTHUB_CLIENT_CONFIRMATION_OK"
1569,10141417330,10141417376,1,"IOTHUB_CLIENT_CONFIRMATION_OK"
1570,10141417530,10141417590,1,"IOTHUB_CLIENT_CONFIRMATION_OK"
1571,10141417730,10141417762,1,"IOTHUB_CLIENT_CONFIRMATION_OK"
1572,10141417931,10141417971,1,"IOTHUB_CLIENT_CONFIRMATION_OK"
1573,10141418131,10141418170,1,"IOTHUB_CLIENT_CONFIRMATION_OK"
1574,10141418331,10141418372,1,"IOTHUB_CLIENT_CONFIRMATION_OK"
1575,10141418531,10141418658,1,"IOTHUB_CLIENT_CONFIRMATION_OK"
1576,10141418731,10141418781,1,"IOTHUB_CLIENT_CONFIRMATION_OK"
1577,10141418931,10141418967,1,"IOTHUB_CLIENT_CONFIRMATION_OK"
1578,10141419132,10141419262,1,"IOTHUB_CLIENT_CONFIRMATION_OK"
1579,10141419332,10141419372,1,"IOTHUB_CLIENT_CONFIRMATION_OK"
1580,10141419532,10141419566,1,"IOTHUB_CLIENT_CONFIRMATION_OK"
1581,10141419732,10141419769,1,"IOTHUB_CLIENT_CONFIRMATION_OK"
1582,10141419932,10141419989,1,"IOTHUB_CLIENT_CONFIRMATION_OK"
1583,10141420132,10141420169,1,"IOTHUB_CLIENT_CONFIRMATION_OK"
1584,10141420332,10141420369,1,"IOTHUB_CLIENT_CONFIRMATION_OK"
1585,10141420533,10141420575,1,"IOTHUB_CLIENT_CONFIRMATION_OK"
1586,10141420733,10141420903,1,"IOTHUB_CLIENT_CONFIRMATION_OK"
1587,10141420933,10141420971,1,"IOTHUB_CLIENT_CONFIRMATION_OK"
1588,10141421133,10141421170,1,"IOTHUB_CLIENT_CONFIRMATION_OK"
1589,10141421333,10141421371,1,"IOTHUB_CLIENT_CONFIRMATION_OK"
1590,10141421533,10141421606,1,"IOTHUB_CLIENT_CONFIRMATION_OK"
1591,10141421734,10141421771,1,"IOTHUB_CLIENT_CONFIRMATION_OK"
1592,10141421934,10141421980,1,"IOTHUB_CLIENT_CONFIRMATION_OK"
1593,10141422134,10141422197,1,"IOTHUB_CLIENT_CONFIRMATION_OK"
1594,10141422334,10141422373,1,"IOTHUB_CLIENT_CONFIRMATION_OK"
1595,10141422534,10141422620,1,"IOTHUB_CLIENT_CONFIRMATION_OK"
1596,10141422734,10141422829,1,"IOTHUB_CLIENT_CONFIRMATION_OK"
1597,10141422934,10141422969,1,"IOTHUB_CLIENT_CONFIRMATION_OK"
1598,10141423135,10141423176,1,"IOTHUB_CLIENT_CONFIRMATION_OK"
1599,10141423335,10141423372,1,"IOTHUB_CLIENT_CONFIRMATION_OK"
1600,10141423535,10141423574,1,"IOTHUB_CLIENT_CONFIRMATION_OK"
1601,10141423735,10141423774,1,"IOTHUB_CLIENT_CONFIRMATION_OK"
1602,10141423935,10141423988,1,"IOTHUB_CLIENT_CONFIRMATION_OK"
1603,10141424135,10141424170,1,"IOTHUB_CLIENT_CONFIRMATION_OK"
1604,10141424335,10141424378,1,"IOTHUB_CLIENT_CONFIRMATION_OK"
1605,10141424536,10141424571,1,"IOTHUB_CLIENT_CONFIRMATION_OK"
1606,10141424736,10141424775,1,"IOTHUB_CLIENT_CONFIRMATION_OK"
1607,10141424936,10141424973,1,"IOTHUB_CLIENT_CONFIRMATION_OK"
1608,10141425136,10141425171,1,"IOTHUB_CLIENT_CONFIRMATION_OK"
1609,10141425337,10141425385,1,"IOTHUB_CLIENT_CONFIRMATION_OK"
1610,10141425537,10141425581,1,"IOTHUB_CLIENT_CONFIRMATION_OK"
1611,10141425737,10141425777,1,"IOTHUB_CLIENT_CONFIRMATION_OK"
1612,10141425937,10141425986,1,"IOTHUB_CLIENT_CONFIRMATION_OK"
1613,10141426137,10141426176,1,"IOTHUB_CLIENT_CONFIRMATION_OK"
1614,10141426337,10141426381,1,"IOTHUB_CLIENT_CONFIRMATION_OK"
1615,10141426537,10141426574,1,"IOTHUB_CLIENT_CONFIRMATION_OK"
1616,10141426738,10141426777,1,"IOTHUB_CLIENT_CONFIRMATION_OK"
1617,10141426938,10141426994,1,"IOTHUB_CLIENT_CONFIRMATION_OK"
1618,10141427138,10141427178,1,"IOTHUB_CLIENT_CONFIRMATION_OK"
1619,10141427338,10141427386,1,"IOTHUB_CLIENT_CONFIRMATION_OK"
1620,10141427539,10141427627,1,"IOTHUB_CLIENT_CONFIRMATION_OK"
1621,10141427739,10141427776,1,"IOTHUB_CLIENT_CONFIRMATION_OK"
1622,10141427939,10141428014,1,"IOTHUB_CLIENT_CONFIRMATION_OK"
1623,10141428139,10141428180,1,"IOTHUB_CLIENT_CONFIRMATION_OK"
1624,10141428339,10141428375,1,"IOTHUB_CLIENT_CONFIRMATION_OK"
1625,10141428539,10141428650,1,"IOTHUB_CLIENT_CONFIRMATION_OK"
1626,10141428740,10141428787,1,"IOTHUB_CLIENT_CONFIRMATION_OK"
1627,10141428940,10141428985,1,"IOTHUB_CLIENT_CONFIRMATION_OK"
1628,10141429140,10141429357,1,"IOTHUB_CLIENT_CONFIRMATION_OK"
1629,10141429340,10141429380,1,"IOTHUB_CLIENT_CONFIRMATION_OK"
1630,10141429540,10141429579,1,"IOTHUB_CLIENT_CONFIRMATION_OK"
1631,10141429740,10141429776,1,"IOTHUB_CLIENT_CONFIRMATION_OK"
1632,10141429940,10141429980,1,"IOTHUB_CLIENT_CONFIRMATION_OK"
1633,10141430141,10141430177,1,"IOTHUB_CLIENT_CONFIRMATION_OK"
1634,10141430341,10141430387,1,"IOTHUB_CLIENT_CONFIRMATION_OK"
1635,10141430541,10141430577,1,"IOTHUB_CLIENT_CONFIRMATION_OK"
1636,10141430741,10141430932,1,"IOTHUB_CLIENT_CONFIRMATION_OK"
1637,10141430941,10141430982,1,"IOTHUB_CLIENT_CONFIRMATION_OK"
1638,10141431141,10141431176,1,"IOTHUB_CLIENT_CONFIRMATION_OK"
1639,10141431342,10141431373,1,"IOTHUB_CLIENT_CONFIRMATION_OK"
1640,10141431542,10141431583,1,"IOTHUB_CLIENT_CONFIRMATION_OK"
1641,10141431742,10141431783,1,"IOTHUB_CLIENT_CONFIRMATION_OK"
1642,10141431942,10141431985,1,"IOTHUB_CLIENT_CONFIRMATION_OK"
1643,10141432142,10141432176,1,"IOTHUB_CLIENT_CONFIRMATION_OK"
1644,10141432342,10141432377,1,"IOTHUB_CLIENT_CONFIRMATION_OK"
1645,10141432542,10141432610,1,"IOTHUB_CLIENT_CONFIRMATION_OK"
1646,10141432743,10141432775,1,"IOTHUB_CLIENT_CONFIRMATION_OK"
1647,10141432943,10141432984,1,"IOTHUB_CLIENT_CONFIRMATION_OK"
1648,10141433143,10141433179,1,"IOTHUB_CLIENT_CONFIRMATION_OK"
1649,10141433343,10141433386,1,"IOTHUB_CLIENT_CONFIRMATION_OK"
1650,10141433543,10141433636,1,"IOTHUB_CLIENT_CONFIRMATION_OK"
1651,10141433743,10141433811,1,"IOTHUB_CLIENT_CONFIRMATION_OK"
1652,10141433944,10141433995,1,"IOTHUB_CLIENT_CONFIRMATION_OK"
1653,10141434144,10141434254,1,"IOTHUB_CLIENT_CONFIRMATION_OK"
1654,10141434344,10141434384,1,"IOTHUB_CLIENT_CONFIRMATION_OK"
1655,10141434544,10141434578,1,"IOTHUB_CLIENT_CONFIRMATION_OK"
1656,10141434744,10141434777,1,"IOTHUB_CLIENT_CONFIRMATION_OK"
1657,10141434944,10141434983,1,"IOTHUB_CLIENT_CONFIRMATION_OK"
1658,10141435144,10141435190,1,"IOTHUB_CLIENT_CONFIRMATION_OK"
1659,10141435345,10141435381,1,"IOTHUB_CLIENT_CONFIRMATION_OK"
1660,10141435545,10141435582,1,"IOTHUB_CLIENT_CONFIRMATION_OK"
1661,10141435745,10141435874,1,"IOTHUB_CLIENT_CONFIRMATION_OK"
1662,10141435945,10141435987,1,"IOTHUB_CLIENT_CONFIRMATION_OK"
1663,10141436145,10141436204,1,"IOTHUB_CLIENT_CONFIRMATION_OK"
1664,10141436345,10141436486,1,"IOTHUB_CLIENT_CONFIRMATION_OK"
1665,10141436546,10141436583,1,"IOTHUB_CLIENT_CONFIRMATION_OK"
1666,10141436746,10141436783,1,"IOTHUB_CLIENT_CONFIRMATION_OK"
1667,10141436946,10141436976,1,"IOTHUB_CLIENT_CONFIRMATION_OK"
1668,10141437146,10141437185,1,"IOTHUB_CLIENT_CONFIRMATION_OK"
1669,10141437346,10141437390,1,"IOTHUB_CLIENT_CONFIRMATION_OK"
1670,10141437546,10141437581,1,"IOTHUB_CLIENT_CONFIRMATION_OK"
1671,10141437746,10141437788,1,"IOTHUB_CLIENT_CONFIRMATION_OK"
1672,10141437947,10141437990,1,"IOTHUB_CLIENT_CONFIRMATION_OK"
1673,10141438147,10141438182,1,"IOTHUB_CLIENT_CONFIRMATION_OK"
1674,10141438347,10141438399,1,"IOTHUB_CLIENT_CONFIRMATION_OK"
1675,10141438547,10141438611,1,"IOTHUB_CLIENT_CONFIRMATION_OK"
1676,10141438747,10141438784,1,"IOTHUB_CLIENT_CONFIRMATION_OK"
1677,10141438947,10141438984,1,"IOTHUB_CLIENT_CONFIRMATION_OK"
1678,10141439147,10141439184,1,"IOTHUB_CLIENT_CONFIRMATION_OK"
1679,10141439348,10141439389,1,"IOTHUB_CLIENT_CONFIRMATION_OK"
1680,10141439548,10141439590,1,"IOTHUB_CLIENT_CONFIRMATION_OK"
1681,10141439748,10141439810,1,"IOTHUB_CLIENT_CONFIRMATION_OK"
1682,10141439948,10141439990,1,"IOTHUB_CLIENT_CONFIRMATION_OK"
1683,10141440148,10141440191,1,"IOTHUB_CLIENT_CONFIRMATION_OK"
1684,10141440348,10141440388,1,"IOTHUB_CLIENT_CONFIRMATION_OK"
1685,10141440548,10141440585,1,"IOTHUB_CLIENT_CONFIRMATION_OK"
1686,10141440749,10141440796,1,"IOTHUB_CLIENT_CONFIRMATION_OK"
1687,10141440949,10141440984,1,"IOTHUB_CLIENT_CONFIRMATION_OK"
1688,10141441149,10141441200,1,"IOTHUB_CLIENT_CONFIRMATION_OK"
1689,10141441349,10141441419,1,"IOTHUB_CLIENT_CONFIRMATION_OK"
1690,10141441549,10141441605,1,"IOTHUB_CLIENT_CONFIRMATION_OK"
1691,10141441750,10141441805,1,"IOTHUB_CLIENT_CONFIRMATION_OK"
1692,10141441950,10141442029,1,"IOTHUB_CLIENT_CONFIRMATION_OK"
1693,10141442150,10141442187,1,"IOTHUB_CLIENT_CONFIRMATION_OK"
1694,10141442350,10141442394,1,"IOTHUB_CLIENT_CONFIRMATION_OK"
1695,10141442550,10141442590,1,"IOTHUB_CLIENT_CONFIRMATION_OK"
1696,10141442750,10141442786,1,"IOTHUB_CLIENT_CONFIRMATION_OK"
1697,10141442950,10141443093,1,"IOTHUB_CLIENT_CONFIRMATION_OK"
1698,10141443151,10141443187,1,"IOTHUB_CLIENT_CONFIRMATION_OK"
1699,10141443351,10141443381,1,"IOTHUB_CLIENT_CONFIRMATION_OK"
1700,10141443551,10141443736,1,"IOTHUB_CLIENT_CONFIRMATION_OK"
1701,10141443751,10141443793,1,"IOTHUB_CLIENT_CONFIRMATION_OK"
1702,10141443951,10141443989,1,"IOTHUB_CLIENT_CONFIRMATION_OK"
1703,10141444151,10141444192,1,"IOTHUB_CLIENT_CONFIRMATION_OK"
1704,10141444352,10141444401,1,"IOTHUB_CLIENT_CONFIRMATION_OK"
1705,10141444552,10141444586,1,"IOTHUB_CLIENT_CONFIRMATION_OK"
1706,10141444752,10141444795,1,"IOTHUB_CLIENT_CONFIRMATION_OK"
1707,10141444952,10141444995,1,"IOTHUB_CLIENT_CONFIRMATION_OK"
1708,10141445152,10141445197,1,"IOTHUB_CLIENT_CONFIRMATION_OK"
1709,10141445352,10141445393,1,"IOTHUB_CLIENT_CONFIRMATION_OK"
1710,10141445552,10141445589,1,"IOTHUB_CLIENT_CONFIRMATION_OK"
1711,10141445753,10141445938,1,"IOTHUB_CLIENT_CONFIRMATION_OK"
1712,10141445953,10141445990,1,"IOTHUB_CLIENT_CONFIRMATION_OK"
1713,10141446153,10141446185,1,"IOTHUB_CLIENT_CONFIRMATION_OK"
1714,10141446353,10141446392,1,"IOTHUB_CLIENT_CONFIRMATION_OK"
1715,10141446553,10141446591,1,"IOTHUB_CLIENT_CONFIRMATION_OK"
1716,10141446753,10141446787,1,"IOTHUB_CLIENT_CONFIRMATION_OK"
1717,10141446954,10141446999,1,"IOTHUB_CLIENT_CONFIRMATION_OK"
1718,10141447154,10141447191,1,"IOTHUB_CLIENT_CONFIRMATION_OK"
1719,10141447354,10141447389,1,"IOTHUB_CLIENT_CONFIRMATION_OK"
1720,10141447554,10141447587,1,"IOTHUB_CLIENT_CONFIRMATION_OK"
1721,10141447754,10141447790,1,"IOTHUB_CLIENT_CONFIRMATION_OK"
1722,10141447954,10141447985,1,"IOTHUB_CLIENT_CONFIRMATION_OK"
1723,10141448154,10141448191,1,"IOTHUB_CLIENT_CONFIRMATION_OK"
1724,10141448354,10141448408,1,"IOTHUB_CLIENT_CONFIRMATION_OK"
1725,10141448555,10141448605,1,"IOTHUB_CLIENT_CONFIRMATION_OK"
1726,10141448755,10141448792,1,"IOTHUB_CLIENT_CONFIRMATION_OK"
1727,10141448955,10141449000,1,"IOTHUB_CLIENT_CONFIRMATION_OK"
1728,10141449155,10141449215,1,"IOTHUB_CLIENT_CONFIRMATION_OK"
1729,10141449355,10141449393,1,"IOTHUB_CLIENT_CONFIRMATION_OK"
1730,10141449556,10141449593,1,"IOTHUB_CLIENT_CONFIRMATION_OK"
1731,10141449756,10141449815,1,"IOTHUB_CLIENT_CONFIRMATION_OK"
1732,10141449956,10141450031,1,"IOTHUB_CLIENT_CONFIRMATION_OK"
1733,10141450156,10141450215,1,"IOTHUB_CLIENT_CONFIRMATION_OK"
1734,10141450356,10141450412,1,"IOTHUB_CLIENT_CONFIRMATION_OK"
1735,10141450556,10141450594,1,"IOTHUB_CLIENT_CONFIRMATION_OK"
1736,10141450756,10141450833,1,"IOTHUB_CLIENT_CONFIRMATION_OK"
1737,10141450957,10141450998,1,"IOTHUB_CLIENT_CONFIRMATION_OK"
1738,10141451157,10141451195,1,"IOTHUB_CLIENT_CONFIRMATION_OK"
1739,10141451357,10141451448,1,"IOTHUB_CLIENT_CONFIRMATION_OK"
1740,10141451557,10141451599,1,"IOTHUB_CLIENT_CONFIRMATION_OK"
1741,10141451757,10141451792,1,"IOTHUB_CLIENT_CONFIRMATION_OK"
1742,10141451957,10141451991,1,"IOTHUB_CLIENT_CONFIRMATION_OK"
1743,10141452158,10141452191,1,"IOTHUB_CLIENT_CONFIRMATION_OK"
1744,10141452358,10141452533,1,"IOTHUB_CLIENT_CONFIRMATION_OK"
1745,10141452558,10141452597,1,"IOTHUB_CLIENT_CONFIRMATION_OK"
1746,10141452758,10141452795,1,"IOTHUB_CLIENT_CONFIRMATION_OK"
1747,10141452958,10141453068,1,"IOTHUB_CLIENT_CONFIRMATION_OK"
1748,10141453158,10141453194,1,"IOTHUB_CLIENT_CONFIRMATION_OK"
1749,10141453358,10141453396,1,"IOTHUB_CLIENT_CONFIRMATION_OK"
1750,10141453559,10141453675,1,"IOTHUB_CLIENT_CONFIRMATION_OK"
1751,10141453759,10141453803,1,"IOTHUB_CLIENT_CONFIRMATION_OK"
1752,10141453959,10141453992,1,"IOTHUB_CLIENT_CONFIRMATION_OK"
1753,10141454159,10141454195,1,"IOTHUB_CLIENT_CONFIRMATION_OK"
1754,10141454359,10141454394,1,"IOTHUB_CLIENT_CONFIRMATION_OK"
1755,10141454559,10141454614,1,"IOTHUB_CLIENT_CONFIRMATION_OK"
1756,10141454760,10141454877,1,"IOTHUB_CLIENT_CONFIRMATION_OK"
1757,10141454960,10141454994,1,"IOTHUB_CLIENT_CONFIRMATION_OK"
1758,10141455160,10141455296,1,"IOTHUB_CLIENT_CONFIRMATION_OK"
1759,10141455360,10141455400,1,"IOTHUB_CLIENT_CONFIRMATION_OK"
1760,10141455560,10141455600,1,"IOTHUB_CLIENT_CONFIRMATION_OK"
1761,10141455760,10141455911,1,"IOTHUB_CLIENT_CONFIRMATION_OK"
1762,10141455960,10141456002,1,"IOTHUB_CLIENT_CONFIRMATION_OK"
1763,10141456161,10141456192,1,"IOTHUB_CLIENT_CONFIRMATION_OK"
1764,10141456361,10141456394,1,"IOTHUB_CLIENT_CONFIRMATION_OK"
1765,10141456561,10141456601,1,"IOTHUB_CLIENT_CONFIRMATION_OK"
1766,10141456761,10141456808,1,"IOTHUB_CLIENT_CONFIRMATION_OK"
1767,10141456961,10141457001,1,"IOTHUB_CLIENT_CONFIRMATION_OK"
1768,10141457161,10141457201,1,"IOTHUB_CLIENT_CONFIRMATION_OK"
1769,10141457361,10141457442,1,"IOTHUB_CLIENT_CONFIRMATION_OK"
1770,10141457562,10141457598,1,"IOTHUB_CLIENT_CONFIRMATION_OK"
1771,10141457762,10141457801,1,"IOTHUB_CLIENT_CONFIRMATION_OK"
1772,10141457962,10141458054,1,"IOTHUB_CLIENT_CONFIRMATION_OK"
1773,10141458162,10141458200,1,"IOTHUB_CLIENT_CONFIRMATION_OK"
1774,10141458362,10141458420,1,"IOTHUB_CLIENT_CONFIRMATION_OK"
1775,10141458562,10141458667,1,"IOTHUB_CLIENT_CONFIRMATION_OK"
1776,10141458763,10141458796,1,"IOTHUB_CLIENT_CONFIRMATION_OK"
1777,10141458963,10141459028,1,"IOTHUB_CLIENT_CONFIRMATION_OK"
1778,10141459163,10141459208,1,"IOTHUB_CLIENT_CONFIRMATION_OK"
1779,10141459363,10141459404,1,"IOTHUB_CLIENT_CONFIRMATION_OK"
1780,10141459563,10141459597,1,"IOTHUB_CLIENT_CONFIRMATION_OK"
1781,10141459763,10141459805,1,"IOTHUB_CLIENT_CONFIRMATION_OK"
1782,10141459963,10141459999,1,"IOTHUB_CLIENT_CONFIRMATION_OK"
1783,10141460164,10141460317,1,"IOTHUB_CLIENT_CONFIRMATION_OK"
1784,10141460364,10141460410,1,"IOTHUB_CLIENT_CONFIRMATION_OK"
1785,10141460564,10141460604,1,"IOTHUB_CLIENT_CONFIRMATION_OK"
1786,10141460764,10141460913,1,"IOTHUB_CLIENT_CONFIRMATION_OK"
1787,10141460964,10141461000,1,"IOTHUB_CLIENT_CONFIRMATION_OK"
1788,10141461164,10141461201,1,"IOTHUB_CLIENT_CONFIRMATION_OK"
1789,10141461365,10141461432,1,"IOTHUB_CLIENT_CONFIRMATION_OK"
1790,10141461565,10141461607,1,"IOTHUB_CLIENT_CONFIRMATION_OK"
1791,10141461765,10141461800,1,"IOTHUB_CLIENT_CONFIRMATION_OK"
1792,10141461965,10141462028,1,"IOTHUB_CLIENT_CONFIRMATION_OK"
1793,10141462165,10141462214,1,"IOTHUB_CLIENT_CONFIRMATION_OK"
1794,10141462365,10141462577,1,"IOTHUB_CLIENT_CONFIRMATION_OK"
1795,10141462566,10141462609,1,"IOTHUB_CLIENT_CONFIRMATION_OK"
1796,10141462766,10141462852,1,"IOTHUB_CLIENT_CONFIRMATION_OK"
1797,10141462966,10141463128,1,"IOTHUB_CLIENT_CONFIRMATION_OK"
1798,10141463166,10141463206,1,"IOTHUB_CLIENT_CONFIRMATION_OK"
1799,10141463366,10141463409,1,"IOTHUB_CLIENT_CONFIRMATION_OK"
1800,10141463566,10141463606,1,"IOTHUB_CLIENT_CONFIRMATION_OK"
1801,10141463767,10141463818,1,"IOTHUB_CLIENT_CONFIRMATION_OK"
1802,10141463967,10141464005,1,"IOTHUB_CLIENT_CONFIRMATION_OK"
1803,10141464167,10141464215,1,"IOTHUB_CLIENT_CONFIRMATION_OK"
1804,10141464367,10141464408,1,"IOTHUB_CLIENT_CONFIRMATION_OK"
1805,10141464567,10141464602,1,"IOTHUB_CLIENT_CONFIRMATION_OK"
1806,10141464767,10141464849,1,"IOTHUB_CLIENT_CONFIRMATION_OK"
1807,10141464967,10141465010,1,"IOTHUB_CLIENT_CONFIRMATION_OK"
1808,10141465168,10141465361,1,"IOTHUB_CLIENT_CONFIRMATION_OK"
1809,10141465368,10141465406,1,"IOTHUB_CLIENT_CONFIRMATION_OK"
1810,10141465568,10141465607,1,"IOTHUB_CLIENT_CONFIRMATION_OK"
1811,10141465768,10141465811,1,"IOTHUB_CLIENT_CONFIRMATION_OK"
1812,10141465968,10141466007,1,"IOTHUB_CLIENT_CONFIRMATION_OK"
1813,10141466168,10141466207,1,"IOTHUB_CLIENT_CONFIRMATION_OK"
1814,10141466369,10141466405,1,"IOTHUB_CLIENT_CONFIRMATION_OK"
1815,10141466569,10141466608,1,"IOTHUB_CLIENT_CONFIRMATION_OK"
1816,10141466769,10141466813,1,"IOTHUB_CLIENT_CONFIRMATION_OK"
1817,10141466969,10141467018,1,"IOTHUB_CLIENT_CONFIRMATION_OK"
1818,10141467169,10141467206,1,"IOTHUB_CLIENT_CONFIRMATION_OK"
1819,10141467369,10141467405,1,"IOTHUB_CLIENT_CONFIRMATION_OK"
1820,10141467569,10141467635,1,"IOTHUB_CLIENT_CONFIRMATION_OK"
1821,10141467770,10141467821,1,"IOTHUB_CLIENT_CONFIRMATION_OK"
1822,10141467970,10141468072,1,"IOTHUB_CLIENT_CONFIRMATION_OK"
1823,10141468170,10141468205,1,"IOTHUB_CLIENT_CONFIRMATION_OK"
1824,10141468370,10141468413,1,"IOTHUB_CLIENT_CONFIRMATION_OK"
1825,10141468570,10141468675,1,"IOTHUB_CLIENT_CONFIRMATION_OK"
1826,10141468770,10141468856,1,"IOTHUB_CLIENT_CONFIRMATION_OK"
1827,10141468971,10141469020,1,"IOTHUB_CLIENT_CONFIRMATION_OK"
1828,10141469171,10141469220,1,"IOTHUB_CLIENT_CONFIRMATION_OK"
1829,10141469371,10141469406,1,"IOTHUB_CLIENT_CONFIRMATION_OK"
1830,10141469571,10141469634,1,"IOTHUB_CLIENT_CONFIRMATION_OK"
1831,10141469771,10141469812,1,"IOTHUB_CLIENT_CONFIRMATION_OK"
1832,10141469971,10141470015,1,"IOTHUB_CLIENT_CONFIRMATION_OK"
1833,10141470171,10141470206,1,"IOTHUB_CLIENT_CONFIRMATION_OK"
1834,10141470372,10141470407,1,"IOTHUB_CLIENT_CONFIRMATION_OK"
1835,10141470572,10141470608,1,"IOTHUB_CLIENT_CONFIRMATION_OK"
1836,10141470772,10141470912,1,"IOTHUB_CLIENT_CONFIRMATION_OK"
1837,10141470972,10141471007,1,"IOTHUB_CLIENT_CONFIRMATION_OK"
1838,10141471172,10141471209,1,"IOTHUB_CLIENT_CONFIRMATION_OK"
1839,10141471373,10141471412,1,"IOTHUB_CLIENT_CONFIRMATION_OK"
1840,10141471573,10141471622,1,"IOTHUB_CLIENT_CONFIRMATION_OK"
1841,10141471773,10141471810,1,"IOTHUB_CLIENT_CONFIRMATION_OK"
1842,10141471973,10141472010,1,"IOTHUB_CLIENT_CONFIRMATION_OK"
1843,10141472173,10141472210,1,"IOTHUB_CLIENT_CONFIRMATION_OK"
1844,10141472373,10141472546,1,"IOTHUB_CLIENT_CONFIRMATION_OK"
1845,10141472574,10141472614,1,"IOTHUB_CLIENT_CONFIRMATION_OK"
1846,10141472774,10141472811,1,"IOTHUB_CLIENT_CONFIRMATION_OK"
1847,10141472974,10141473142,1,"IOTHUB_CLIENT_CONFIRMATION_OK"
1848,10141473174,10141473210,1,"IOTHUB_CLIENT_CONFIRMATION_OK"
1849,10141473374,10141473409,1,"IOTHUB_CLIENT_CONFIRMATION_OK"
1850,10141473574,10141473615,1,"IOTHUB_CLIENT_CONFIRMATION_OK"
1851,10141473775,10141473812,1,"IOTHUB_CLIENT_CONFIRMATION_OK"
1852,10141473975,10141474015,1,"IOTHUB_CLIENT_CONFIRMATION_OK"
1853,10141474175,10141474210,1,"IOTHUB_CLIENT_CONFIRMATION_OK"
1854,10141474375,10141474437,1,"IOTHUB_CLIENT_CONFIRMATION_OK"
1855,10141474575,10141474619,1,"IOTHUB_CLIENT_CONFIRMATION_OK"
1856,10141474776,10141474824,1,"IOTHUB_CLIENT_CONFIRMATION_OK"
1857,10141474976,10141475019,1,"IOTHUB_CLIENT_CONFIRMATION_OK"
1858,10141475176,10141475311,1,"IOTHUB_CLIENT_CONFIRMATION_OK"
1859,10141475376,10141475412,1,"IOTHUB_CLIENT_CONFIRMATION_OK"
1860,10141475576,10141476196,1,"IOTHUB_CLIENT_CONFIRMATION_OK"
1861,10141475776,10141476433,1,"IOTHUB_CLIENT_CONFIRMATION_OK"
1862,10141475977,10141476571,1,"IOTHUB_CLIENT_CONFIRMATION_OK"
1863,10141476177,10141476601,1,"IOTHUB_CLIENT_CONFIRMATION_OK"
1864,10141476377,10141476680,1,"IOTHUB_CLIENT_CONFIRMATION_OK"
1865,10141476577,10141476709,1,"IOTHUB_CLIENT_CONFIRMATION_OK"
1866,10141476777,10141476818,1,"IOTHUB_CLIENT_CONFIRMATION_OK"
1867,10141476977,10141477056,1,"IOTHUB_CLIENT_CONFIRMATION_OK"
1868,10141477177,10141477227,1,"IOTHUB_CLIENT_CONFIRMATION_OK"
1869,10141477378,10141477551,1,"IOTHUB_CLIENT_CONFIRMATION_OK"
1870,10141477578,10141477627,1,"IOTHUB_CLIENT_CONFIRMATION_OK"
1871,10141477778,10141477816,1,"IOTHUB_CLIENT_CONFIRMATION_OK"
1872,10141477978,10141478048,1,"IOTHUB_CLIENT_CONFIRMATION_OK"
1873,10141478178,10141478216,1,"IOTHUB_CLIENT_CONFIRMATION_OK"
1874,10141478378,10141478419,1,"IOTHUB_CLIENT_CONFIRMATION_OK"
1875,10141478578,10141478620,1,"IOTHUB_CLIENT_CONFIRMATION_OK"
1876,10141478779,10141478820,1,"IOTHUB_CLIENT_CONFIRMATION_OK"
1877,10141478979,10141479019,1,"IOTHUB_CLIENT_CONFIRMATION_OK"
1878,10141479179,10141479230,1,"IOTHUB_CLIENT_CONFIRMATION_OK"
1879,10141479379,10141479416,1,"IOTHUB_CLIENT_CONFIRMATION_OK"
1880,10141479579,10141479613,1,"IOTHUB_CLIENT_CONFIRMATION_OK"
1881,10141479779,10141479817,1,"IOTHUB_CLIENT_CONFIRMATION_OK"
1882,10141479980,10141480017,1,"IOTHUB_CLIENT_CONFIRMATION_OK"
1883,10141480180,10141480214,1,"IOTHUB_CLIENT_CONFIRMATION_OK"
1884,10141480380,10141480430,1,"IOTHUB_CLIENT_CONFIRMATION_OK"
1885,10141480580,10141480618,1,"IOTHUB_CLIENT_CONFIRMATION_OK"
1886,10141480780,10141480823,1,"IOTHUB_CLIENT_CONFIRMATION_OK"
1887,10141480981,10141481016,1,"IOTHUB_CLIENT_CONFIRMATION_OK"
1888,10141481181,10141481242,1,"IOTHUB_CLIENT_CONFIRMATION_OK"
1889,10141481381,10141481444,1,"IOTHUB_CLIENT_CONFIRMATION_OK"
1890,10141481581,10141481613,1,"IOTHUB_CLIENT_CONFIRMATION_OK"
1891,10141481781,10141481853,1,"IOTHUB_CLIENT_CONFIRMATION_OK"
1892,10141481981,10141482048,1,"IOTHUB_CLIENT_CONFIRMATION_OK"
1893,10141482182,10141482215,1,"IOTHUB_CLIENT_CONFIRMATION_OK"
1894,10141482382,10141482470,1,"IOTHUB_CLIENT_CONFIRMATION_OK"
1895,10141482582,10141482644,1,"IOTHUB_CLIENT_CONFIRMATION_OK"
1896,10141482782,10141482824,1,"IOTHUB_CLIENT_CONFIRMATION_OK"
1897,10141482982,10141483100,1,"IOTHUB_CLIENT_CONFIRMATION_OK"
1898,10141483182,10141483214,1,"IOTHUB_CLIENT_CONFIRMATION_OK"
1899,10141483382,10141483428,1,"IOTHUB_CLIENT_CONFIRMATION_OK"
1900,10141483583,10141483687,1,"IOTHUB_CLIENT_CONFIRMATION_OK"
1901,10141483783,10141483818,1,"IOTHUB_CLIENT_CONFIRMATION_OK"
1902,10141483983,10141484023,1,"IOTHUB_CLIENT_CONFIRMATION_OK"
1903,10141484183,10141484223,1,"IOTHUB_CLIENT_CONFIRMATION_OK"
1904,10141484383,10141484472,1,"IOTHUB_CLIENT_CONFIRMATION_OK"
1905,10141484584,10141484631,1,"IOTHUB_CLIENT_CONFIRMATION_OK"
1906,10141484784,10141484817,1,"IOTHUB_CLIENT_CONFIRMATION_OK"
1907,10141484984,10141485022,1,"IOTHUB_CLIENT_CONFIRMATION_OK"
1908,10141485184,10141485318,1,"IOTHUB_CLIENT_CONFIRMATION_OK"
1909,10141485385,10141485469,1,"IOTHUB_CLIENT_CONFIRMATION_OK"
1910,10141485585,10141485631,1,"IOTHUB_CLIENT_CONFIRMATION_OK"
1911,10141485785,10141485957,1,"IOTHUB_CLIENT_CONFIRMATION_OK"
1912,10141485985,10141486026,1,"IOTHUB_CLIENT_CONFIRMATION_OK"
1913,10141486185,10141486217,1,"IOTHUB_CLIENT_CONFIRMATION_OK"
1914,10141486385,10141486422,1,"IOTHUB_CLIENT_CONFIRMATION_OK"
1915,10141486585,10141486621,1,"IOTHUB_CLIENT_CONFIRMATION_OK"
1916,10141486786,10141486825,1,"IOTHUB_CLIENT_CONFIRMATION_OK"
1917,10141486986,10141487023,1,"IOTHUB_CLIENT_CONFIRMATION_OK"
1918,10141487186,10141487229,1,"IOTHUB_CLIENT_CONFIRMATION_OK"
1919,10141487386,10141487562,1,"IOTHUB_CLIENT_CONFIRMATION_OK"
1920,10141487586,10141487618,1,"IOTHUB_CLIENT_CONFIRMATION_OK"
1921,10141487786,10141487825,1,"IOTHUB_CLIENT_CONFIRMATION_OK"
1922,10141487986,10141488076,1,"IOTHUB_CLIENT_CONFIRMATION_OK"
1923,10141488187,10141488228,1,"IOTHUB_CLIENT_CONFIRMATION_OK"
1924,10141488387,10141488421,1,"IOTHUB_CLIENT_CONFIRMATION_OK"
1925,10141488587,10141488620,1,"IOTHUB_CLIENT_CONFIRMATION_OK"
1926,10141488787,10141488821,1,"IOTHUB_CLIENT_CONFIRMATION_OK"
1927,10141488987,10141489020,1,"IOTHUB_CLIENT_CONFIRMATION_OK"
1928,10141489187,10141489224,1,"IOTHUB_CLIENT_CONFIRMATION_OK"
1929,10141489387,10141489425,1,"IOTHUB_CLIENT_CONFIRMATION_OK"
1930,10141489588,10141489781,1,"IOTHUB_CLIENT_CONFIRMATION_OK"
1931,10141489788,10141489847,1,"IOTHUB_CLIENT_CONFIRMATION_OK"
1932,10141489988,10141490021,1,"IOTHUB_CLIENT_CONFIRMATION_OK"
1933,10141490188,10141490221,1,"IOTHUB_CLIENT_CONFIRMATION_OK"
1934,10141490388,10141490424,1,"IOTHUB_CLIENT_CONFIRMATION_OK"
1935,10141490588,10141490672,1,"IOTHUB_CLIENT_CONFIRMATION_OK"
1936,10141490789,10141490823,1,"IOTHUB_CLIENT_CONFIRMATION_OK"
1937,10141490989,10141491033,1,"IOTHUB_CLIENT_CONFIRMATION_OK"
1938,10141491189,10141491302,1,"IOTHUB_CLIENT_CONFIRMATION_OK"
1939,10141491389,10141491518,1,"IOTHUB_CLIENT_CONFIRMATION_OK"
1940,10141491589,10141491625,1,"IOTHUB_CLIENT_CONFIRMATION_OK"
1941,10141491789,10141491825,1,"IOTHUB_CLIENT_CONFIRMATION_OK"
1942,10141491990,10141492030,1,"IOTHUB_CLIENT_CONFIRMATION_OK"
1943,10141492190,10141492231,1,"IOTHUB_CLIENT_CONFIRMATION_OK"
1944,10141492390,10141492543,1,"IOTHUB_CLIENT_CONFIRMATION_OK"
1945,10141492590,10141492633,1,"IOTHUB_CLIENT_CONFIRMATION_OK"
1946,10141492790,10141492831,1,"IOTHUB_CLIENT_CONFIRMATION_OK"
1947,10141492990,10141493162,1,"IOTHUB_CLIENT_CONFIRMATION_OK"
1948,10141493190,10141493226,1,"IOTHUB_CLIENT_CONFIRMATION_OK"
1949,10141493391,10141493425,1,"IOTHUB_CLIENT_CONFIRMATION_OK"
1950,10141493591,10141493634,1,"IOTHUB_CLIENT_CONFIRMATION_OK"
1951,10141493791,10141493829,1,"IOTHUB_CLIENT_CONFIRMATION_OK"
1952,10141493991,10141494025,1,"IOTHUB_CLIENT_CONFIRMATION_OK"
1953,10141494191,10141494228,1,"IOTHUB_CLIENT_CONFIRMATION_OK"
1954,10141494391,10141494428,1,"IOTHUB_CLIENT_CONFIRMATION_OK"
1955,10141494591,10141494749,1,"IOTHUB_CLIENT_CONFIRMATION_OK"
1956,10141494792,10141494834,1,"IOTHUB_CLIENT_CONFIRMATION_OK"
1957,10141494992,10141495028,1,"IOTHUB_CLIENT_CONFIRMATION_OK"
1958,10141495192,10141495364,1,"IOTHUB_CLIENT_CONFIRMATION_OK"
1959,10141495392,10141495429,1,"IOTHUB_CLIENT_CONFIRMATION_OK"
1960,10141495592,10141495633,1,"IOTHUB_CLIENT_CONFIRMATION_OK"
1961,10141495792,10141495826,1,"IOTHUB_CLIENT_CONFIRMATION_OK"
1962,10141495993,10141496028,1,"IOTHUB_CLIENT_CONFIRMATION_OK"
1963,10141496193,10141496230,1,"IOTHUB_CLIENT_CONFIRMATION_OK"
1964,10141496393,10141496503,1,"IOTHUB_CLIENT_CONFIRMATION_OK"
1965,10141496593,10141496634,1,"IOTHUB_CLIENT_CONFIRMATION_OK"
1966,10141496793,10141496841,1,"IOTHUB_CLIENT_CONFIRMATION_OK"
1967,10141496994,10141497073,1,"IOTHUB_CLIENT_CONFIRMATION_OK"
1968,10141497194,10141497225,1,"IOTHUB_CLIENT_CONFIRMATION_OK"
1969,10141497394,10141497450,1,"IOTHUB_CLIENT_CONFIRMATION_OK"
1970,10141497594,10141497635,1,"IOTHUB_CLIENT_CONFIRMATION_OK"
1971,10141497794,10141497891,1,"IOTHUB_CLIENT_CONFIRMATION_OK"
1972,10141497994,10141498088,1,"IOTHUB_CLIENT_CONFIRMATION_OK"
1973,10141498195,10141498233,1,"IOTHUB_CLIENT_CONFIRMATION_OK"
1974,10141498395,10141498426,1,"IOTHUB_CLIENT_CONFIRMATION_OK"
1975,10141498595,10141498708,1,"IOTHUB_CLIENT_CONFIRMATION_OK"
1976,10141498795,10141498836,1,"IOTHUB_CLIENT_CONFIRMATION_OK"
1977,10141498995,10141499038,1,"IOTHUB_CLIENT_CONFIRMATION_OK"
1978,10141499195,10141499227,1,"IOTHUB_CLIENT_CONFIRMATION_OK"
1979,10141499396,10141499429,1,"IOTHUB_CLIENT_CONFIRMATION_OK"
1980,10141499596,10141499715,1,"IOTHUB_CLIENT_CONFIRMATION_OK"
1981,10141499796,10141499855,1,"IOTHUB_CLIENT_CONFIRMATION_OK"
1982,10141499996,10141500043,1,"IOTHUB_CLIENT_CONFIRMATION_OK"
1983,10141500196,10141500387,1,"IOTHUB_CLIENT_CONFIRMATION_OK"
1984,10141500396,10141500428,1,"IOTHUB_CLIENT_CONFIRMATION_OK"
1985,10141500596,10141500634,1,"IOTHUB_CLIENT_CONFIRMATION_OK"
1986,10141500797,10141500832,1,"IOTHUB_CLIENT_CONFIRMATION_OK"
1987,10141500997,10141501040,1,"IOTHUB_CLIENT_CONFIRMATION_OK"
1988,10141501197,10141501236,1,"IOTHUB_CLIENT_CONFIRMATION_OK"
1989,10141501397,10141501431,1,"IOTHUB_CLIENT_CONFIRMATION_OK"
1990,10141501597,10141501632,1,"IOTHUB_CLIENT_CONFIRMATION_OK"
1991,10141501797,10141501844,1,"IOTHUB_CLIENT_CONFIRMATION_OK"
1992,10141501998,10141502036,1,"IOTHUB_CLIENT_CONFIRMATION_OK"
1993,10141502198,10141502235,1,"IOTHUB_CLIENT_CONFIRMATION_OK"
1994,10141502398,10141502572,1,"IOTHUB_CLIENT_CONFIRMATION_OK"
1995,10141502598,10141502633,1,"IOTHUB_CLIENT_CONFIRMATION_OK"
1996,10141502799,10141502879,1,"IOTHUB_CLIENT_CONFIRMATION_OK"
1997,10141502999,10141503054,1,"IOTHUB_CLIENT_CONFIRMATION_OK"
1998,10141503199,10141503234,1,"IOTHUB_CLIENT_CONFIRMATION_OK"
1999,10141503399,10141503437,1,"IOTHUB_CLIENT_CONFIRMATION_OK"
2000,10141503599,10141503643,1,"IOTHUB_CLIENT_CONFIRMATION_OK"
2001,10141503799,10141503840,1,"IOTHUB_CLIENT_CONFIRMATION_OK"
2002,10141503999,10141504052,1,"IOTHUB_CLIENT_CONFIRMATION_OK"
2003,10141504200,10141504236,1,"IOTHUB_CLIENT_CONFIRMATION_OK"
2004,10141504400,10141504453,1,"IOTHUB_CLIENT_CONFIRMATION_OK"
2005,10141504600,10141504639,1,"IOTHUB_CLIENT_CONFIRMATION_OK"
2006,10141504800,10141504879,1,"IOTHUB_CLIENT_CONFIRMATION_OK"
2007,10141505000,10141505089,1,"IOTHUB_CLIENT_CONFIRMATION_OK"
2008,10141505200,10141505284,1,"IOTHUB_CLIENT_CONFIRMATION_OK"
2009,10141505400,10141505438,1,"IOTHUB_CLIENT_CONFIRMATION_OK"
2010,10141505601,10141505635,1,"IOTHUB_CLIENT_CONFIRMATION_OK"
2011,10141505801,10141505888,1,"IOTHUB_CLIENT_CONFIRMATION_OK"
2012,10141506001,10141506042,1,"IOTHUB_CLIENT_CONFIRMATION_OK"
2013,10141506201,10141506231,1,"IOTHUB_CLIENT_CONFIRMATION_OK"
2014,10141506401,10141506444,1,"IOTHUB_CLIENT_CONFIRMATION_OK"
2015,10141506601,10141506680,1,"IOTHUB_CLIENT_CONFIRMATION_OK"
2016,10141506802,10141506895,1,"IOTHUB_CLIENT_CONFIRMATION_OK"
2017,10141507002,10141507073,1,"IOTHUB_CLIENT_CONFIRMATION_OK"
2018,10141507202,10141507236,1,"IOTHUB_CLIENT_CONFIRMATION_OK"
2019,10141507402,10141507515,1,"IOTHUB_CLIENT_CONFIRMATION_OK"
2020,10141507602,10141507648,1,"IOTHUB_CLIENT_CONFIRMATION_OK"
2021,10141507802,10141507843,1,"IOTHUB_CLIENT_CONFIRMATION_OK"
2022,10141508002,10141508120,1,"IOTHUB_CLIENT_CONFIRMATION_OK"
2023,10141508203,10141508237,1,"IOTHUB_CLIENT_CONFIRMATION_OK"
2024,10141508403,10141508445,1,"IOTHUB_CLIENT_CONFIRMATION_OK"
2025,10141508603,10141508637,1,"IOTHUB_CLIENT_CONFIRMATION_OK"
2026,10141508803,10141508841,1,"IOTHUB_CLIENT_CONFIRMATION_OK"
2027,10141509003,10141509065,1,"IOTHUB_CLIENT_CONFIRMATION_OK"
2028,10141509203,10141509236,1,"IOTHUB_CLIENT_CONFIRMATION_OK"
2029,10141509404,10141509442,1,"IOTHUB_CLIENT_CONFIRMATION_OK"
2030,10141509604,10141509761,1,"IOTHUB_CLIENT_CONFIRMATION_OK"
2031,10141509804,10141509838,1,"IOTHUB_CLIENT_CONFIRMATION_OK"
2032,10141510004,10141510049,1,"IOTHUB_CLIENT_CONFIRMATION_OK"
2033,10141510204,10141510238,1,"IOTHUB_CLIENT_CONFIRMATION_OK"
2034,10141510404,10141510437,1,"IOTHUB_CLIENT_CONFIRMATION_OK"
2035,10141510604,10141510644,1,"IOTHUB_CLIENT_CONFIRMATION_OK"
2036,10141510805,10141510915,1,"IOTHUB_CLIENT_CONFIRMATION_OK"
2037,10141511005,10141511041,1,"IOTHUB_CLIENT_CONFIRMATION_OK"
2038,10141511205,10141511240,1,"IOTHUB_CLIENT_CONFIRMATION_OK"
2039,10141511405,10141511446,1,"IOTHUB_CLIENT_CONFIRMATION_OK"
2040,10141511605,10141511656,1,"IOTHUB_CLIENT_CONFIRMATION_OK"
2041,10141511805,10141511852,1,"IOTHUB_CLIENT_CONFIRMATION_OK"
2042,10141512006,10141512048,1,"IOTHUB_CLIENT_CONFIRMATION_OK"
2043,10141512206,10141512239,1,"IOTHUB_CLIENT_CONFIRMATION_OK"
2044,10141512406,10141512453,1,"IOTHUB_CLIENT_CONFIRMATION_OK"
2045,10141512606,10141512648,1,"IOTHUB_CLIENT_CONFIRMATION_OK"
2046,10141512806,10141512855,1,"IOTHUB_CLIENT_CONFIRMATION_OK"
2047,10141513006,10141513066,1,"IOTHUB_CLIENT_CONFIRMATION_OK"
2048,10141513206,10141513247,1,"IOTHUB_CLIENT_CONFIRMATION_OK"
2049,10141513407,10141513491,1,"IOTHUB_CLIENT_CONFIRMATION_OK"
2050,10141513607,10141513692,1,"IOTHUB_CLIENT_CONFIRMATION_OK"
2051,10141513807,10141513842,1,"IOTHUB_CLIENT_CONFIRMATION_OK"
2052,10141514007,10141514045,1,"IOTHUB_CLIENT_CONFIRMATION_OK"
2053,10141514207,10141514245,1,"IOTHUB_CLIENT_CONFIRMATION_OK"
2054,10141514407,10141514442,1,"IOTHUB_CLIENT_CONFIRMATION_OK"
2055,10141514608,10141514699,1,"IOTHUB_CLIENT_CONFIRMATION_OK"
2056,10141514808,10141514841,1,"IOTHUB_CLIENT_CONFIRMATION_OK"
2057,10141515008,10141515050,1,"IOTHUB_CLIENT_CONFIRMATION_OK"
2058,10141515208,10141515355,1,"IOTHUB_CLIENT_CONFIRMATION_OK"
2059,10141515408,10141515452,1,"IOTHUB_CLIENT_CONFIRMATION_OK"
2060,10141515608,10141515645,1,"IOTHUB_CLIENT_CONFIRMATION_OK"
2061,10141515809,10141515844,1,"IOTHUB_CLIENT_CONFIRMATION_OK"
2062,10141516009,10141516045,1,"IOTHUB_CLIENT_CONFIRMATION_OK"
2063,10141516209,10141516269,1,"IOTHUB_CLIENT_CONFIRMATION_OK"
2064,10141516409,10141516447,1,"IOTHUB_CLIENT_CONFIRMATION_OK"
2065,10141516609,10141516667,1,"IOTHUB_CLIENT_CONFIRMATION_OK"
2066,10141516809,10141516967,1,"IOTHUB_CLIENT_CONFIRMATION_OK"
2067,10141517010,10141517044,1,"IOTHUB_CLIENT_CONFIRMATION_OK"
2068,10141517210,10141517241,1,"IOTHUB_CLIENT_CONFIRMATION_OK"
2069,10141517410,10141517597,1,"IOTHUB_CLIENT_CONFIRMATION_OK"
2070,10141517610,10141517644,1,"IOTHUB_CLIENT_CONFIRMATION_OK"
2071,10141517810,10141517848,1,"IOTHUB_CLIENT_CONFIRMATION_OK"
2072,10141518010,10141518041,1,"IOTHUB_CLIENT_CONFIRMATION_OK"
2073,10141518210,10141518285,1,"IOTHUB_CLIENT_CONFIRMATION_OK"
2074,10141518411,10141518484,1,"IOTHUB_CLIENT_CONFIRMATION_OK"
2075,10141518611,10141518658,1,"IOTHUB_CLIENT_CONFIRMATION_OK"
2076,10141518811,10141518860,1,"IOTHUB_CLIENT_CONFIRMATION_OK"
2077,10141519011,10141519083,1,"IOTHUB_CLIENT_CONFIRMATION_OK"
2078,10141519211,10141519250,1,"IOTHUB_CLIENT_CONFIRMATION_OK"
2079,10141519411,10141519457,1,"IOTHUB_CLIENT_CONFIRMATION_OK"
2080,10141519612,10141519654,1,"IOTHUB_CLIENT_CONFIRMATION_OK"
2081,10141519812,10141519857,1,"IOTHUB_CLIENT_CONFIRMATION_OK"
2082,10141520012,10141520054,1,"IOTHUB_CLIENT_CONFIRMATION_OK"
2083,10141520212,10141520277,1,"IOTHUB_CLIENT_CONFIRMATION_OK"
2084,10141520412,10141520447,1,"IOTHUB_CLIENT_CONFIRMATION_OK"
2085,10141520612,10141520646,1,"IOTHUB_CLIENT_CONFIRMATION_OK"
2086,10141520812,10141520855,1,"IOTHUB_CLIENT_CONFIRMATION_OK"
2087,10141521013,10141521049,1,"IOTHUB_CLIENT_CONFIRMATION_OK"
2088,10141521213,10141521246,1,"IOTHUB_CLIENT_CONFIRMATION_OK"
2089,10141521413,10141521460,1,"IOTHUB_CLIENT_CONFIRMATION_OK"
2090,10141521613,10141521654,1,"IOTHUB_CLIENT_CONFIRMATION_OK"
2091,10141521813,10141521860,1,"IOTHUB_CLIENT_CONFIRMATION_OK"
2092,10141522013,10141522057,1,"IOTHUB_CLIENT_CONFIRMATION_OK"
2093,10141522213,10141522250,1,"IOTHUB_CLIENT_CONFIRMATION_OK"
2094,10141522414,10141522467,1,"IOTHUB_CLIENT_CONFIRMATION_OK"
2095,10141522614,10141522648,1,"IOTHUB_CLIENT_CONFIRMATION_OK"
2096,10141522814,10141522849,1,"IOTHUB_CLIENT_CONFIRMATION_OK"
2097,10141523014,10141523108,1,"IOTHUB_CLIENT_CONFIRMATION_OK"
2098,10141523214,10141523246,1,"IOTHUB_CLIENT_CONFIRMATION_OK"
2099,10141523414,10141523453,1,"IOTHUB_CLIENT_CONFIRMATION_OK"
2100,10141523615,10141523648,1,"IOTHUB_CLIENT_CONFIRMATION_OK"
2101,10141523815,10141523850,1,"IOTHUB_CLIENT_CONFIRMATION_OK"
2102,10141524015,10141524121,1,"IOTHUB_CLIENT_CONFIRMATION_OK"
2103,10141524215,10141524270,1,"IOTHUB_CLIENT_CONFIRMATION_OK"
2104,10141524415,10141524474,1,"IOTHUB_CLIENT_CONFIRMATION_OK"
2105,10141524615,10141524886,1,"IOTHUB_CLIENT_CONFIRMATION_OK"
2106,10141524816,10141524940,1,"IOTHUB_CLIENT_CONFIRMATION_OK"
2107,10141525016,10141525046,1,"IOTHUB_CLIENT_CONFIRMATION_OK"
2108,10141525216,10141525278,1,"IOTHUB_CLIENT_CONFIRMATION_OK"
2109,10141525416,10141525456,1,"IOTHUB_CLIENT_CONFIRMATION_OK"
2110,10141525616,10141525668,1,"IOTHUB_CLIENT_CONFIRMATION_OK"
2111,10141525816,10141525892,1,"IOTHUB_CLIENT_CONFIRMATION_OK"
2112,10141526016,10141526047,1,"IOTHUB_CLIENT_CONFIRMATION_OK"
2113,10141526217,10141526250,1,"IOTHUB_CLIENT_CONFIRMATION_OK"
2114,10141526417,10141526453,1,"IOTHUB_CLIENT_CONFIRMATION_OK"
2115,10141526617,10141526651,1,"IOTHUB_CLIENT_CONFIRMATION_OK"
2116,10141526817,10141526904,1,"IOTHUB_CLIENT_CONFIRMATION_OK"
2117,10141527017,10141527088,1,"IOTHUB_CLIENT_CONFIRMATION_OK"
2118,10141527217,10141527260,1,"IOTHUB_CLIENT_CONFIRMATION_OK"
2119,10141527417,10141527518,1,"IOTHUB_CLIENT_CONFIRMATION_OK"
2120,10141527618,10141527660,1,"IOTHUB_CLIENT_CONFIRMATION_OK"
2121,10141527818,10141527872,1,"IOTHUB_CLIENT_CONFIRMATION_OK"
2122,10141528018,10141528059,1,"IOTHUB_CLIENT_CONFIRMATION_OK"
2123,10141528218,10141528254,1,"IOTHUB_CLIENT_CONFIRMATION_OK"
2124,10141528418,10141528452,1,"IOTHUB_CLIENT_CONFIRMATION_OK"
2125,10141528618,10141528655,1,"IOTHUB_CLIENT_CONFIRMATION_OK"
2126,10141528819,10141528881,1,"IOTHUB_CLIENT_CONFIRMATION_OK"
2127,10141529019,10141529159,1,"IOTHUB_CLIENT_CONFIRMATION_OK"
2128,10141529219,10141529253,1,"IOTHUB_CLIENT_CONFIRMATION_OK"
2129,10141529419,10141529453,1,"IOTHUB_CLIENT_CONFIRMATION_OK"
2130,10141529619,10141529765,1,"IOTHUB_CLIENT_CONFIRMATION_OK"
2131,10141529819,10141529862,1,"IOTHUB_CLIENT_CONFIRMATION_OK"
2132,10141530019,10141530056,1,"IOTHUB_CLIENT_CONFIRMATION_OK"
2133,10141530220,10141530292,1,"IOTHUB_CLIENT_CONFIRMATION_OK"
2134,10141530420,10141530456,1,"IOTHUB_CLIENT_CONFIRMATION_OK"
2135,10141530620,10141530656,1,"IOTHUB_CLIENT_CONFIRMATION_OK"
2136,10141530820,10141530859,1,"IOTHUB_CLIENT_CONFIRMATION_OK"
2137,10141531020,10141531139,1,"IOTHUB_CLIENT_CONFIRMATION_OK"
2138,10141531220,10141531257,1,"IOTHUB_CLIENT_CONFIRMATION_OK"
2139,10141531421,10141531456,1,"IOTHUB_CLIENT_CONFIRMATION_OK"
2140,10141531621,10141531661,1,"IOTHUB_CLIENT_CONFIRMATION_OK"
2141,10141531821,10141532002,1,"IOTHUB_CLIENT_CONFIRMATION_OK"
2142,10141532021,10141532053,1,"IOTHUB_CLIENT_CONFIRMATION_OK"
2143,10141532221,10141532260,1,"IOTHUB_CLIENT_CONFIRMATION_OK"
2144,10141532421,10141532492,1,"IOTHUB_CLIENT_CONFIRMATION_OK"
2145,10141532621,10141532675,1,"IOTHUB_CLIENT_CONFIRMATION_OK"
2146,10141532822,10141532861,1,"IOTHUB_CLIENT_CONFIRMATION_OK"
2147,10141533022,10141533061,1,"IOTHUB_CLIENT_CONFIRMATION_OK"
2148,10141533222,10141533270,1,"IOTHUB_CLIENT_CONFIRMATION_OK"
2149,10141533422,10141533456,1,"IOTHUB_CLIENT_CONFIRMATION_OK"
2150,10141533622,10141533660,1,"IOTHUB_CLIENT_CONFIRMATION_OK"
2151,10141533822,10141533878,1,"IOTHUB_CLIENT_CONFIRMATION_OK"
2152,10141534022,10141534067,1,"IOTHUB_CLIENT_CONFIRMATION_OK"
2153,10141534223,10141534267,1,"IOTHUB_CLIENT_CONFIRMATION_OK"
2154,10141534423,10141534467,1,"IOTHUB_CLIENT_CONFIRMATION_OK"
2155,10141534623,10141534675,1,"IOTHUB_CLIENT_CONFIRMATION_OK"
2156,10141534823,10141534857,1,"IOTHUB_CLIENT_CONFIRMATION_OK"
2157,10141535023,10141535068,1,"IOTHUB_CLIENT_CONFIRMATION_OK"
2158,10141535224,10141535292,1,"IOTHUB_CLIENT_CONFIRMATION_OK"
2159,10141535424,10141535458,1,"IOTHUB_CLIENT_CONFIRMATION_OK"
2160,10141535624,10141535693,1,"IOTHUB_CLIENT_CONFIRMATION_OK"
2161,10141535824,10141535876,1,"IOTHUB_CLIENT_CONFIRMATION_OK"
2162,10141536024,10141536096,1,"IOTHUB_CLIENT_CONFIRMATION_OK"
2163,10141536224,10141536327,1,"IOTHUB_CLIENT_CONFIRMATION_OK"
2164,10141536424,10141536460,1,"IOTHUB_CLIENT_CONFIRMATION_OK"
2165,10141536625,10141536664,1,"IOTHUB_CLIENT_CONFIRMATION_OK"
2166,10141536825,10141536973,1,"IOTHUB_CLIENT_CONFIRMATION_OK"
2167,10141537025,10141537073,1,"IOTHUB_CLIENT_CONFIRMATION_OK"
2168,10141537225,10141537259,1,"IOTHUB_CLIENT_CONFIRMATION_OK"
2169,10141537425,10141537482,1,"IOTHUB_CLIENT_CONFIRMATION_OK"
2170,10141537625,10141537663,1,"IOTHUB_CLIENT_CONFIRMATION_OK"
2171,10141537826,10141537880,1,"IOTHUB_CLIENT_CONFIRMATION_OK"
2172,10141538026,10141538075,1,"IOTHUB_CLIENT_CONFIRMATION_OK"
2173,10141538226,10141538297,1,"IOTHUB_CLIENT_CONFIRMATION_OK"
2174,10141538426,10141538558,1,"IOTHUB_CLIENT_CONFIRMATION_OK"
2175,10141538626,10141538686,1,"IOTHUB_CLIENT_CONFIRMATION_OK"
2176,10141538826,10141538862,1,"IOTHUB_CLIENT_CONFIRMATION_OK"
2177,10141539026,10141539250,1,"IOTHUB_CLIENT_CONFIRMATION_OK"
2178,10141539227,10141539273,1,"IOTHUB_CLIENT_CONFIRMATION_OK"
2179,10141539427,10141539462,1,"IOTHUB_CLIENT_CONFIRMATION_OK"
2180,10141539627,10141539660,1,"IOTHUB_CLIENT_CONFIRMATION_OK"
2181,10141539827,10141539869,1,"IOTHUB_CLIENT_CONFIRMATION_OK"
2182,10141540027,10141540064,1,"IOTHUB_CLIENT_CONFIRMATION_OK"
2183,10141540227,10141540267,1,"IOTHUB_CLIENT_CONFIRMATION_OK"
2184,10141540427,10141540466,1,"IOTHUB_CLIENT_CONFIRMATION_OK"
2185,10141540628,10141540666,1,"IOTHUB_CLIENT_CONFIRMATION_OK"
2186,10141540828,10141540861,1,"IOTHUB_CLIENT_CONFIRMATION_OK"
2187,10141541028,10141541071,1,"IOTHUB_CLIENT_CONFIRMATION_OK"
2188,10141541228,10141541468,1,"IOTHUB_CLIENT_CONFIRMATION_OK"
2189,10141541428,10141541547,1,"IOTHUB_CLIENT_CONFIRMATION_OK"
2190,10141541628,10141541664,1,"IOTHUB_CLIENT_CONFIRMATION_OK"
2191,10141541829,10141541882,1,"IOTHUB_CLIENT_CONFIRMATION_OK"
2192,10141542029,10141542078,1,"IOTHUB_CLIENT_CONFIRMATION_OK"
2193,10141542229,10141542268,1,"IOTHUB_CLIENT_CONFIRMATION_OK"
2194,10141542429,10141542477,1,"IOTHUB_CLIENT_CONFIRMATION_OK"
2195,10141542629,10141542667,1,"IOTHUB_CLIENT_CONFIRMATION_OK"
2196,10141542829,10141542873,1,"IOTHUB_CLIENT_CONFIRMATION_OK"
2197,10141543029,10141543069,1,"IOTHUB_CLIENT_CONFIRMATION_OK"
2198,10141543230,10141543272,1,"IOTHUB_CLIENT_CONFIRMATION_OK"
2199,10141543430,10141543463,1,"IOTHUB_CLIENT_CONFIRMATION_OK"
2200,10141543630,10141543673,1,"IOTHUB_CLIENT_CONFIRMATION_OK"
2201,10141543830,10141543891,1,"IOTHUB_CLIENT_CONFIRMATION_OK"
2202,10141544030,10141544090,1,"IOTHUB_CLIENT_CONFIRMATION_OK"
2203,10141544230,10141544268,1,"IOTHUB_CLIENT_CONFIRMATION_OK"
2204,10141544430,10141544471,1,"IOTHUB_CLIENT_CONFIRMATION_OK"
2205,10141544631,10141544717,1,"IOTHUB_CLIENT_CONFIRMATION_OK"
2206,10141544831,10141544862,1,"IOTHUB_CLIENT_CONFIRMATION_OK"
2207,10141545031,10141545092,1,"IOTHUB_CLIENT_CONFIRMATION_OK"
2208,10141545231,10141545267,1,"IOTHUB_CLIENT_CONFIRMATION_OK"
2209,10141545431,10141545531,1,"IOTHUB_CLIENT_CONFIRMATION_OK"
2210,10141545631,10141545665,1,"IOTHUB_CLIENT_CONFIRMATION_OK"
2211,10141545832,10141545869,1,"IOTHUB_CLIENT_CONFIRMATION_OK"
2212,10141546032,10141546073,1,"IOTHUB_CLIENT_CONFIRMATION_OK"
2213,10141546232,10141546363,1,"IOTHUB_CLIENT_CONFIRMATION_OK"
2214,10141546432,10141546574,1,"IOTHUB_CLIENT_CONFIRMATION_OK"
2215,10141546632,10141546696,1,"IOTHUB_CLIENT_CONFIRMATION_OK"
2216,10141546832,10141546988,1,"IOTHUB_CLIENT_CONFIRMATION_OK"
2217,10141547032,10141547084,1,"IOTHUB_CLIENT_CONFIRMATION_OK"
2218,10141547233,10141547263,1,"IOTHUB_CLIENT_CONFIRMATION_OK"
2219,10141547433,10141547474,1,"IOTHUB_CLIENT_CONFIRMATION_OK"
2220,10141547633,10141547663,1,"IOTHUB_CLIENT_CONFIRMATION_OK"
2221,10141547833,10141547867,1,"IOTHUB_CLIENT_CONFIRMATION_OK"
2222,10141548033,10141548068,1,"IOTHUB_CLIENT_CONFIRMATION_OK"
2223,10141548233,10141548289,1,"IOTHUB_CLIENT_CONFIRMATION_OK"
2224,10141548434,10141548619,1,"IOTHUB_CLIENT_CONFIRMATION_OK"
2225,10141548634,10141548674,1,"IOTHUB_CLIENT_CONFIRMATION_OK"
2226,10141548834,10141548867,1,"IOTHUB_CLIENT_CONFIRMATION_OK"
2227,10141549034,10141549074,1,"IOTHUB_CLIENT_CONFIRMATION_OK"
2228,10141549234,10141549272,1,"IOTHUB_CLIENT_CONFIRMATION_OK"
2229,10141549434,10141549468,1,"IOTHUB_CLIENT_CONFIRMATION_OK"
2230,10141549634,10141549676,1,"IOTHUB_CLIENT_CONFIRMATION_OK"
2231,10141549835,10141549872,1,"IOTHUB_CLIENT_CONFIRMATION_OK"
2232,10141550035,10141550075,1,"IOTHUB_CLIENT_CONFIRMATION_OK"
2233,10141550235,10141550274,1,"IOTHUB_CLIENT_CONFIRMATION_OK"
2234,10141550435,10141550468,1,"IOTHUB_CLIENT_CONFIRMATION_OK"
2235,10141550635,10141550671,1,"IOTHUB_CLIENT_CONFIRMATION_OK"
2236,10141550835,10141550878,1,"IOTHUB_CLIENT_CONFIRMATION_OK"
2237,10141551036,10141551102,1,"IOTHUB_CLIENT_CONFIRMATION_OK"
2238,10141551236,10141551285,1,"IOTHUB_CLIENT_CONFIRMATION_OK"
2239,10141551436,10141551481,1,"IOTHUB_CLIENT_CONFIRMATION_OK"
2240,10141551636,10141551670,1,"IOTHUB_CLIENT_CONFIRMATION_OK"
2241,10141551836,10141551894,1,"IOTHUB_CLIENT_CONFIRMATION_OK"
2242,10141552036,10141552086,1,"IOTHUB_CLIENT_CONFIRMATION_OK"
2243,10141552236,10141552275,1,"IOTHUB_CLIENT_CONFIRMATION_OK"
2244,10141552437,10141552552,1,"IOTHUB_CLIENT_CONFIRMATION_OK"
2245,10141552637,10141552671,1,"IOTHUB_CLIENT_CONFIRMATION_OK"
2246,10141552837,10141552870,1,"IOTHUB_CLIENT_CONFIRMATION_OK"
2247,10141553037,10141553074,1,"IOTHUB_CLIENT_CONFIRMATION_OK"
2248,10141553237,10141553361,1,"IOTHUB_CLIENT_CONFIRMATION_OK"
2249,10141553437,10141553564,1,"IOTHUB_CLIENT_CONFIRMATION_OK"
2250,10141553637,10141553692,1,"IOTHUB_CLIENT_CONFIRMATION_OK"
2251,10141553838,10141553884,1,"IOTHUB_CLIENT_CONFIRMATION_OK"
2252,10141554038,10141554176,1,"IOTHUB_CLIENT_CONFIRMATION_OK"
2253,10141554238,10141554269,1,"IOTHUB_CLIENT_CONFIRMATION_OK"
2254,10141554438,10141554480,1,"IOTHUB_CLIENT_CONFIRMATION_OK"
2255,10141554638,10141554673,1,"IOTHUB_CLIENT_CONFIRMATION_OK"
2256,10141554838,10141554894,1,"IOTHUB_CLIENT_CONFIRMATION_OK"
2257,10141555039,10141555077,1,"IOTHUB_CLIENT_CONFIRMATION_OK"
2258,10141555239,10141555278,1,"IOTHUB_CLIENT_CONFIRMATION_OK"
2259,10141555439,10141555479,1,"IOTHUB_CLIENT_CONFIRMATION_OK"
2260,10141555639,10141555674,1,"IOTHUB_CLIENT_CONFIRMATION_OK"
2261,10141555839,10141555875,1,"IOTHUB_CLIENT_CONFIRMATION_OK"
2262,10141556039,10141556083,1,"IOTHUB_CLIENT_CONFIRMATION_OK"
2263,10141556240,10141556424,1,"IOTHUB_CLIENT_CONFIRMATION_OK"
2264,10141556440,10141556503,1,"IOTHUB_CLIENT_CONFIRMATION_OK"
2265,10141556640,10141556672,1,"IOTHUB_CLIENT_CONFIRMATION_OK"
2266,10141556840,10141556884,1,"IOTHUB_CLIENT_CONFIRMATION_OK"
2267,10141557040,10141557083,1,"IOTHUB_CLIENT_CONFIRMATION_OK"
2268,10141557240,10141557274,1,"IOTHUB_CLIENT_CONFIRMATION_OK"
2269,10141557440,10141557478,1,"IOTHUB_CLIENT_CONFIRMATION_OK"
2270,10141557641,10141557677,1,"IOTHUB_CLIENT_CONFIRMATION_OK"
2271,10141557841,10141557879,1,"IOTHUB_CLIENT_CONFIRMATION_OK"
2272,10141558041,10141558090,1,"IOTHUB_CLIENT_CONFIRMATION_OK"
2273,10141558241,10141558274,1,"IOTHUB_CLIENT_CONFIRMATION_OK"
2274,10141558441,10141558664,1,"IOTHUB_CLIENT_CONFIRMATION_OK"
2275,10141558641,10141558682,1,"IOTHUB_CLIENT_CONFIRMATION_OK"
2276,10141558841,10141558876,1,"IOTHUB_CLIENT_CONFIRMATION_OK"
2277,10141559042,10141559103,1,"IOTHUB_CLIENT_CONFIRMATION_OK"
2278,10141559242,10141559287,1,"IOTHUB_CLIENT_CONFIRMATION_OK"
2279,10141559442,10141559478,1,"IOTHUB_CLIENT_CONFIRMATION_OK"
2280,10141559642,10141559687,1,"IOTHUB_CLIENT_CONFIRMATION_OK"
2281,10141559842,10141559886,1,"IOTHUB_CLIENT_CONFIRMATION_OK"
2282,10141560042,10141560080,1,"IOTHUB_CLIENT_CONFIRMATION_OK"
2283,10141560243,10141560288,1,"IOTHUB_CLIENT_CONFIRMATION_OK"
2284,10141560443,10141560479,1,"IOTHUB_CLIENT_CONFIRMATION_OK"
2285,10141560643,10141560678,1,"IOTHUB_CLIENT_CONFIRMATION_OK"
2286,10141560843,10141560874,1,"IOTHUB_CLIENT_CONFIRMATION_OK"
2287,10141561043,10141561079,1,"IOTHUB_CLIENT_CONFIRMATION_OK"
2288,10141561243,10141561592,1,"IOTHUB_CLIENT_CONFIRMATION_OK"
2289,10141561443,10141561960,1,"IOTHUB_CLIENT_CONFIRMATION_OK"
2290,10141561644,10141562015,1,"IOTHUB_CLIENT_CONFIRMATION_OK"
2291,10141561844,10141562075,1,"IOTHUB_CLIENT_CONFIRMATION_OK"
2292,10141562044,10141562115,1,"IOTHUB_CLIENT_CONFIRMATION_OK"
2293,10141562244,10141562277,1,"IOTHUB_CLIENT_CONFIRMATION_OK"
2294,10141562444,10141562481,1,"IOTHUB_CLIENT_CONFIRMATION_OK"
2295,10141562645,10141562678,1,"IOTHUB_CLIENT_CONFIRMATION_OK"
2296,10141562845,10141562877,1,"IOTHUB_CLIENT_CONFIRMATION_OK"
2297,10141563045,10141563078,1,"IOTHUB_CLIENT_CONFIRMATION_OK"
2298,10141563245,10141563294,1,"IOTHUB_CLIENT_CONFIRMATION_OK"
2299,10141563445,10141563583,1,"IOTHUB_CLIENT_CONFIRMATION_OK"
2300,10141563645,10141563724,1,"IOTHUB_CLIENT_CONFIRMATION_OK"
2301,10141563845,10141563893,1,"IOTHUB_CLIENT_CONFIRMATION_OK"
2302,10141564046,10141564194,1,"IOTHUB_CLIENT_CONFIRMATION_OK"
2303,10141564246,10141564277,1,"IOTHUB_CLIENT_CONFIRMATION_OK"
2304,10141564446,10141564484,1,"IOTHUB_CLIENT_CONFIRMATION_OK"
2305,10141564646,10141564682,1,"IOTHUB_CLIENT_CONFIRMATION_OK"
2306,10141564846,10141564891,1,"IOTHUB_CLIENT_CONFIRMATION_OK"
2307,10141565046,10141565081,1,"IOTHUB_CLIENT_CONFIRMATION_OK"
2308,10141565246,10141565287,1,"IOTHUB_CLIENT_CONFIRMATION_OK"
2309,10141565447,10141565478,1,"IOTHUB_CLIENT_CONFIRMATION_OK"
2310,10141565647,10141565681,1,"IOTHUB_CLIENT_CONFIRMATION_OK"
2311,10141565847,10141565883,1,"IOTHUB_CLIENT_CONFIRMATION_OK"
2312,10141566047,10141566109,1,"IOTHUB_CLIENT_CONFIRMATION_OK"
2313,10141566247,10141566445,1,"IOTHUB_CLIENT_CONFIRMATION_OK"
2314,10141566447,10141566485,1,"IOTHUB_CLIENT_CONFIRMATION_OK"
2315,10141566648,10141566682,1,"IOTHUB_CLIENT_CONFIRMATION_OK"
2316,10141566848,10141566884,1,"IOTHUB_CLIENT_CONFIRMATION_OK"
2317,10141567048,10141567091,1,"IOTHUB_CLIENT_CONFIRMATION_OK"
2318,10141567248,10141567289,1,"IOTHUB_CLIENT_CONFIRMATION_OK"
2319,10141567448,10141567488,1,"IOTHUB_CLIENT_CONFIRMATION_OK"
2320,10141567648,10141567684,1,"IOTHUB_CLIENT_CONFIRMATION_OK"
2321,10141567848,10141567903,1,"IOTHUB_CLIENT_CONFIRMATION_OK"
2322,10141568049,10141568095,1,"IOTHUB_CLIENT_CONFIRMATION_OK"
2323,10141568249,10141568285,1,"IOTHUB_CLIENT_CONFIRMATION_OK"
2324,10141568449,10141568535,1,"IOTHUB_CLIENT_CONFIRMATION_OK"
2325,10141568649,10141568704,1,"IOTHUB_CLIENT_CONFIRMATION_OK"
2326,10141568849,10141568879,1,"IOTHUB_CLIENT_CONFIRMATION_OK"
2327,10141569049,10141569128,1,"IOTHUB_CLIENT_CONFIRMATION_OK"
2328,10141569249,10141569288,1,"IOTHUB_CLIENT_CONFIRMATION_OK"
2329,10141569450,10141569494,1,"IOTHUB_CLIENT_CONFIRMATION_OK"
2330,10141569650,10141569741,1,"IOTHUB_CLIENT_CONFIRMATION_OK"
2331,10141569850,10141569890,1,"IOTHUB_CLIENT_CONFIRMATION_OK"
2332,10141570050,10141570096,1,"IOTHUB_CLIENT_CONFIRMATION_OK"
2333,10141570250,10141570290,1,"IOTHUB_CLIENT_CONFIRMATION_OK"
2334,10141570450,10141570479,1,"IOTHUB_CLIENT_CONFIRMATION_OK"
2335,10141570650,10141570687,1,"IOTHUB_CLIENT_CONFIRMATION_OK"
2336,10141570851,10141570886,1,"IOTHUB_CLIENT_CONFIRMATION_OK"
2337,10141571051,10141571086,1,"IOTHUB_CLIENT_CONFIRMATION_OK"
2338,10141571251,10141571402,1,"IOTHUB_CLIENT_CONFIRMATION_OK"
2339,10141571451,10141571488,1,"IOTHUB_CLIENT_CONFIRMATION_OK"
2340,10141571651,10141571687,1,"IOTHUB_CLIENT_CONFIRMATION_OK"
2341,10141571851,10141571889,1,"IOTHUB_CLIENT_CONFIRMATION_OK"
2342,10141572051,10141572106,1,"IOTHUB_CLIENT_CONFIRMATION_OK"
2343,10141572252,10141572289,1,"IOTHUB_CLIENT_CONFIRMATION_OK"
2344,10141572452,10141572490,1,"IOTHUB_CLIENT_CONFIRMATION_OK"
2345,10141572652,10141572685,1,"IOTHUB_CLIENT_CONFIRMATION_OK"
2346,10141572852,10141572880,1,"IOTHUB_CLIENT_CONFIRMATION_OK"
2347,10141573052,10141573090,1,"IOTHUB_CLIENT_CONFIRMATION_OK"
2348,10141573252,10141573283,1,"IOTHUB_CLIENT_CONFIRMATION_OK"
2349,10141573453,10141573649,1,"IOTHUB_CLIENT_CONFIRMATION_OK"
2350,10141573653,10141573688,1,"IOTHUB_CLIENT_CONFIRMATION_OK"
2351,10141573853,10141573889,1,"IOTHUB_CLIENT_CONFIRMATION_OK"
2352,10141574053,10141574092,1,"IOTHUB_CLIENT_CONFIRMATION_OK"
2353,10141574253,10141574293,1,"IOTHUB_CLIENT_CONFIRMATION_OK"
2354,10141574453,10141574499,1,"IOTHUB_CLIENT_CONFIRMATION_OK"
2355,10141574654,10141574695,1,"IOTHUB_CLIENT_CONFIRMATION_OK"
2356,10141574854,10141574892,1,"IOTHUB_CLIENT_CONFIRMATION_OK"
2357,10141575054,10141575089,1,"IOTHUB_CLIENT_CONFIRMATION_OK"
2358,10141575254,10141575311,1,"IOTHUB_CLIENT_CONFIRMATION_OK"
2359,10141575454,10141575498,1,"IOTHUB_CLIENT_CONFIRMATION_OK"
2360,10141575655,10141575721,1,"IOTHUB_CLIENT_CONFIRMATION_OK"
2361,10141575855,10141575888,1,"IOTHUB_CLIENT_CONFIRMATION_OK"
2362,10141576055,10141576101,1,"IOTHUB_CLIENT_CONFIRMATION_OK"
2363,10141576255,10141576334,1,"IOTHUB_CLIENT_CONFIRMATION_OK"
2364,10141576455,10141576488,1,"IOTHUB_CLIENT_CONFIRMATION_OK"
2365,10141576655,10141576718,1,"IOTHUB_CLIENT_CONFIRMATION_OK"
2366,10141576856,10141576949,1,"IOTHUB_CLIENT_CONFIRMATION_OK"
2367,10141577056,10141577131,1,"IOTHUB_CLIENT_CONFIRMATION_OK"
2368,10141577256,10141577292,1,"IOTHUB_CLIENT_CONFIRMATION_OK"
2369,10141577456,10141577507,1,"IOTHUB_CLIENT_CONFIRMATION_OK"
2370,10141577656,10141577694,1,"IOTHUB_CLIENT_CONFIRMATION_OK"
2371,10141577856,10141577897,1,"IOTHUB_CLIENT_CONFIRMATION_OK"
2372,10141578056,10141578087,1,"IOTHUB_CLIENT_CONFIRMATION_OK"
2373,10141578257,10141578293,1,"IOTHUB_CLIENT_CONFIRMATION_OK"
2374,10141578457,10141578568,1,"IOTHUB_CLIENT_CONFIRMATION_OK"
2375,10141578657,10141578691,1,"IOTHUB_CLIENT_CONFIRMATION_OK"
2376,10141578857,10141578893,1,"IOTHUB_CLIENT_CONFIRMATION_OK"
2377,10141579057,10141579199,1,"IOTHUB_CLIENT_CONFIRMATION_OK"
2378,10141579257,10141579293,1,"IOTHUB_CLIENT_CONFIRMATION_OK"
2379,10141579457,10141579502,1,"IOTHUB_CLIENT_CONFIRMATION_OK"
2380,10141579658,10141579693,1,"IOTHUB_CLIENT_CONFIRMATION_OK"
2381,10141579858,10141579895,1,"IOTHUB_CLIENT_CONFIRMATION_OK"
2382,10141580058,10141580091,1,"IOTHUB_CLIENT_CONFIRMATION_OK"
2383,10141580258,10141580290,1,"IOTHUB_CLIENT_CONFIRMATION_OK"
2384,10141580458,10141580492,1,"IOTHUB_CLIENT_CONFIRMATION_OK"
2385,10141580658,10141580818,1,"IOTHUB_CLIENT_CONFIRMATION_OK"
2386,10141580858,10141580938,1,"IOTHUB_CLIENT_CONFIRMATION_OK"
2387,10141581059,10141581097,1,"IOTHUB_CLIENT_CONFIRMATION_OK"
2388,10141581259,10141581432,1,"IOTHUB_CLIENT_CONFIRMATION_OK"
2389,10141581459,10141581491,1,"IOTHUB_CLIENT_CONFIRMATION_OK"
2390,10141581659,10141581696,1,"IOTHUB_CLIENT_CONFIRMATION_OK"
2391,10141581859,10141581897,1,"IOTHUB_CLIENT_CONFIRMATION_OK"
2392,10141582059,10141582089,1,"IOTHUB_CLIENT_CONFIRMATION_OK"
2393,10141582260,10141582290,1,"IOTHUB_CLIENT_CONFIRMATION_OK"
2394,10141582460,10141582491,1,"IOTHUB_CLIENT_CONFIRMATION_OK"
2395,10141582660,10141582707,1,"IOTHUB_CLIENT_CONFIRMATION_OK"
2396,10141582860,10141582907,1,"IOTHUB_CLIENT_CONFIRMATION_OK"
2397,10141583060,10141583099,1,"IOTHUB_CLIENT_CONFIRMATION_OK"
2398,10141583260,10141583290,1,"IOTHUB_CLIENT_CONFIRMATION_OK"
2399,10141583460,10141583490,1,"IOTHUB_CLIENT_CONFIRMATION_OK"
2400,10141583661,10141583702,1,"IOTHUB_CLIENT_CONFIRMATION_OK"
2401,10141583861,10141583898,1,"IOTHUB_CLIENT_CONFIRMATION_OK"
2402,10141584061,10141584103,1,"IOTHUB_CLIENT_CONFIRMATION_OK"
2403,10141584261,10141584303,1,"IOTHUB_CLIENT_CONFIRMATION_OK"
2404,10141584461,10141584509,1,"IOTHUB_CLIENT_CONFIRMATION_OK"
2405,10141584661,10141584694,1,"IOTHUB_CLIENT_CONFIRMATION_OK"
2406,10141584861,10141584897,1,"IOTHUB_CLIENT_CONFIRMATION_OK"
2407,10141585062,10141585096,1,"IOTHUB_CLIENT_CONFIRMATION_OK"
2408,10141585262,10141585299,1,"IOTHUB_CLIENT_CONFIRMATION_OK"
2409,10141585462,10141585494,1,"IOTHUB_CLIENT_CONFIRMATION_OK"
2410,10141585662,10141585724,1,"IOTHUB_CLIENT_CONFIRMATION_OK"
2411,10141585862,10141585923,1,"IOTHUB_CLIENT_CONFIRMATION_OK"
2412,10141586062,10141586116,1,"IOTHUB_CLIENT_CONFIRMATION_OK"
2413,10141586263,10141586340,1,"IOTHUB_CLIENT_CONFIRMATION_OK"
2414,10141586463,10141586508,1,"IOTHUB_CLIENT_CONFIRMATION_OK"
2415,10141586663,10141586710,1,"IOTHUB_CLIENT_CONFIRMATION_OK"
2416,10141586863,10141586956,1,"IOTHUB_CLIENT_CONFIRMATION_OK"
2417,10141587063,10141587104,1,"IOTHUB_CLIENT_CONFIRMATION_OK"
2418,10141587263,10141587297,1,"IOTHUB_CLIENT_CONFIRMATION_OK"
2419,10141587464,10141587501,1,"IOTHUB_CLIENT_CONFIRMATION_OK"
2420,10141587664,10141587695,1,"IOTHUB_CLIENT_CONFIRMATION_OK"
2421,10141587864,10141587970,1,"IOTHUB_CLIENT_CONFIRMATION_OK"
2422,10141588064,10141588106,1,"IOTHUB_CLIENT_CONFIRMATION_OK"
2423,10141588264,10141588304,1,"IOTHUB_CLIENT_CONFIRMATION_OK"
2424,10141588464,10141588590,1,"IOTHUB_CLIENT_CONFIRMATION_OK"
2425,10141588664,10141588695,1,"IOTHUB_CLIENT_CONFIRMATION_OK"
2426,10141588865,10141588920,1,"IOTHUB_CLIENT_CONFIRMATION_OK"
2427,10141589065,10141589204,1,"IOTHUB_CLIENT_CONFIRMATION_OK"
2428,10141589265,10141589299,1,"IOTHUB_CLIENT_CONFIRMATION_OK"
2429,10141589465,10141589530,1,"IOTHUB_CLIENT_CONFIRMATION_OK"
2430,10141589665,10141589706,1,"IOTHUB_CLIENT_CONFIRMATION_OK"
2431,10141589865,10141589912,1,"IOTHUB_CLIENT_CONFIRMATION_OK"
2432,10141590065,10141590100,1,"IOTHUB_CLIENT_CONFIRMATION_OK"
2433,10141590266,10141590304,1,"IOTHUB_CLIENT_CONFIRMATION_OK"
2434,10141590466,10141590503,1,"IOTHUB_CLIENT_CONFIRMATION_OK"
2435,10141590666,10141590824,1,"IOTHUB_CLIENT_CONFIRMATION_OK"
2436,10141590866,10141590935,1,"IOTHUB_CLIENT_CONFIRMATION_OK"
2437,10141591066,10141591106,1,"IOTHUB_CLIENT_CONFIRMATION_OK"
2438,10141591266,10141591301,1,"IOTHUB_CLIENT_CONFIRMATION_OK"
2439,10141591466,10141591514,1,"IOTHUB_CLIENT_CONFIRMATION_OK"
2440,10141591667,10141591710,1,"IOTHUB_CLIENT_CONFIRMATION_OK"
2441,10141591867,10141591905,1,"IOTHUB_CLIENT_CONFIRMATION_OK"
2442,10141592067,10141592110,1,"IOTHUB_CLIENT_CONFIRMATION_OK"
2443,10141592267,10141592305,1,"IOTHUB_CLIENT_CONFIRMATION_OK"
2444,10141592467,10141592504,1,"IOTHUB_CLIENT_CONFIRMATION_OK"
2445,10141592667,10141592711,1,"IOTHUB_CLIENT_CONFIRMATION_OK"
2446,10141592867,10141593055,1,"IOTHUB_CLIENT_CONFIRMATION_OK"
2447,10141593068,10141593110,1,"IOTHUB_CLIENT_CONFIRMATION_OK"
2448,10141593268,10141593323,1,"IOTHUB_CLIENT_CONFIRMATION_OK"
2449,10141593468,10141593515,1,"IOTHUB_CLIENT_CONFIRMATION_OK"
2450,10141593668,10141593708,1,"IOTHUB_CLIENT_CONFIRMATION_OK"
2451,10141593868,10141593921,1,"IOTHUB_CLIENT_CONFIRMATION_OK"
2452,10141594068,10141594104,1,"IOTHUB_CLIENT_CONFIRMATION_OK"
2453,10141594269,10141594319,1,"IOTHUB_CLIENT_CONFIRMATION_OK"
2454,10141594469,10141594505,1,"IOTHUB_CLIENT_CONFIRMATION_OK"
2455,10141594669,10141594711,1,"IOTHUB_CLIENT_CONFIRMATION_OK"
2456,10141594869,10141594903,1,"IOTHUB_CLIENT_CONFIRMATION_OK"
2457,10141595069,10141595116,1,"IOTHUB_CLIENT_CONFIRMATION_OK"
2458,10141595269,10141595320,1,"IOTHUB_CLIENT_CONFIRMATION_OK"
2459,10141595470,10141595501,1,"IOTHUB_CLIENT_CONFIRMATION_OK"
2460,10141595670,10141595721,1,"IOTHUB_CLIENT_CONFIRMATION_OK"
2461,10141595870,10141595903,1,"IOTHUB_CLIENT_CONFIRMATION_OK"
2462,10141596070,10141596109,1,"IOTHUB_CLIENT_CONFIRMATION_OK"
2463,10141596270,10141596336,1,"IOTHUB_CLIENT_CONFIRMATION_OK"
2464,10141596470,10141596536,1,"IOTHUB_CLIENT_CONFIRMATION_OK"
2465,10141596670,10141596775,1,"IOTHUB_CLIENT_CONFIRMATION_OK"
2466,10141596871,10141596972,1,"IOTHUB_CLIENT_CONFIRMATION_OK"
2467,10141597071,10141597111,1,"IOTHUB_CLIENT_CONFIRMATION_OK"
2468,10141597271,10141597302,1,"IOTHUB_CLIENT_CONFIRMATION_OK"
2469,10141597471,10141597512,1,"IOTHUB_CLIENT_CONFIRMATION_OK"
2470,10141597671,10141597704,1,"IOTHUB_CLIENT_CONFIRMATION_OK"
2471,10141597871,10141598004,1,"IOTHUB_CLIENT_CONFIRMATION_OK"
2472,10141598071,10141598102,1,"IOTHUB_CLIENT_CONFIRMATION_OK"
2473,10141598272,10141598305,1,"IOTHUB_CLIENT_CONFIRMATION_OK"
2474,10141598472,10141598589,1,"IOTHUB_CLIENT_CONFIRMATION_OK"
2475,10141598672,10141598707,1,"IOTHUB_CLIENT_CONFIRMATION_OK"
2476,10141598872,10141598906,1,"IOTHUB_CLIENT_CONFIRMATION_OK"
2477,10141599072,10141599109,1,"IOTHUB_CLIENT_CONFIRMATION_OK"
2478,10141599272,10141599309,1,"IOTHUB_CLIENT_CONFIRMATION_OK"
2479,10141599473,10141599507,1,"IOTHUB_CLIENT_CONFIRMATION_OK"
2480,10141599673,10141599730,1,"IOTHUB_CLIENT_CONFIRMATION_OK"
2481,10141599873,10141599912,1,"IOTHUB_CLIENT_CONFIRMATION_OK"
2482,10141600073,10141600214,1,"IOTHUB_CLIENT_CONFIRMATION_OK"
2483,10141600273,10141600314,1,"IOTHUB_CLIENT_CONFIRMATION_OK"
2484,10141600473,10141600551,1,"IOTHUB_CLIENT_CONFIRMATION_OK"
2485,10141600673,10141600819,1,"IOTHUB_CLIENT_CONFIRMATION_OK"
2486,10141600874,10141600905,1,"IOTHUB_CLIENT_CONFIRMATION_OK"
2487,10141601074,10141601115,1,"IOTHUB_CLIENT_CONFIRMATION_OK"
2488,10141601274,10141601309,1,"IOTHUB_CLIENT_CONFIRMATION_OK"
2489,10141601474,10141601573,1,"IOTHUB_CLIENT_CONFIRMATION_OK"
2490,10141601674,10141601714,1,"IOTHUB_CLIENT_CONFIRMATION_OK"
2491,10141601874,10141601913,1,"IOTHUB_CLIENT_CONFIRMATION_OK"
2492,10141602074,10141602127,1,"IOTHUB_CLIENT_CONFIRMATION_OK"
2493,10141602275,10141602311,1,"IOTHUB_CLIENT_CONFIRMATION_OK"
2494,10141602475,10141602514,1,"IOTHUB_CLIENT_CONFIRMATION_OK"
2495,10141602675,10141602719,1,"IOTHUB_CLIENT_CONFIRMATION_OK"
2496,10141602875,10141602910,1,"IOTHUB_CLIENT_CONFIRMATION_OK"
2497,10141603075,10141603106,1,"IOTHUB_CLIENT_CONFIRMATION_OK"
2498,10141603275,10141603310,1,"IOTHUB_CLIENT_CONFIRMATION_OK"
2499,10141603475,10141603518,1,"IOTHUB_CLIENT_CONFIRMATION_OK"
2500,10141603676,10141603728,1,"IOTHUB_CLIENT_CONFIRMATION_OK"
2501,10141603876,10141603920,1,"IOTHUB_CLIENT_CONFIRMATION_OK"
2502,10141604076,10141604115,1,"IOTHUB_CLIENT_CONFIRMATION_OK"
2503,10141604276,10141604306,1,"IOTHUB_CLIENT_CONFIRMATION_OK"
2504,10141604476,10141604510,1,"IOTHUB_CLIENT_CONFIRMATION_OK"
2505,10141604676,10141604736,1,"IOTHUB_CLIENT_CONFIRMATION_OK"
2506,10141604877,10141604969,1,"IOTHUB_CLIENT_CONFIRMATION_OK"
2507,10141605077,10141605113,1,"IOTHUB_CLIENT_CONFIRMATION_OK"
2508,10141605277,10141605311,1,"IOTHUB_CLIENT_CONFIRMATION_OK"
2509,10141605477,10141605558,1,"IOTHUB_CLIENT_CONFIRMATION_OK"
2510,10141605677,10141605738,1,"IOTHUB_CLIENT_CONFIRMATION_OK"
2511,10141605877,10141605910,1,"IOTHUB_CLIENT_CONFIRMATION_OK"
2512,10141606077,10141606111,1,"IOTHUB_CLIENT_CONFIRMATION_OK"
2513,10141606278,10141606358,1,"IOTHUB_CLIENT_CONFIRMATION_OK"
2514,10141606478,10141606510,1,"IOTHUB_CLIENT_CONFIRMATION_OK"
2515,10141606678,10141606714,1,"IOTHUB_CLIENT_CONFIRMATION_OK"
2516,10141606878,10141606912,1,"IOTHUB_CLIENT_CONFIRMATION_OK"
2517,10141607078,10141607114,1,"IOTHUB_CLIENT_CONFIRMATION_OK"
2518,10141607278,10141607309,1,"IOTHUB_CLIENT_CONFIRMATION_OK"
2519,10141607479,10141607511,1,"IOTHUB_CLIENT_CONFIRMATION_OK"
2520,10141607679,10141607725,1,"IOTHUB_CLIENT_CONFIRMATION_OK"
2521,10141607879,10141607992,1,"IOTHUB_CLIENT_CONFIRMATION_OK"
2522,10141608079,10141608114,1,"IOTHUB_CLIENT_CONFIRMATION_OK"
2523,10141608279,10141608322,1,"IOTHUB_CLIENT_CONFIRMATION_OK"
2524,10141608479,10141608586,1,"IOTHUB_CLIENT_CONFIRMATION_OK"
2525,10141608680,10141608765,1,"IOTHUB_CLIENT_CONFIRMATION_OK"
2526,10141608880,10141608913,1,"IOTHUB_CLIENT_CONFIRMATION_OK"
2527,10141609080,10141609133,1,"IOTHUB_CLIENT_CONFIRMATION_OK"
2528,10141609280,10141609308,1,"IOTHUB_CLIENT_CONFIRMATION_OK"
2529,10141609480,10141609524,1,"IOTHUB_CLIENT_CONFIRMATION_OK"
2530,10141609680,10141609733,1,"IOTHUB_CLIENT_CONFIRMATION_OK"
2531,10141609881,10141609947,1,"IOTHUB_CLIENT_CONFIRMATION_OK"
2532,10141610081,10141610215,1,"IOTHUB_CLIENT_CONFIRMATION_OK"
2533,10141610281,10141610325,1,"IOTHUB_CLIENT_CONFIRMATION_OK"
2534,10141610481,10141610534,1,"IOTHUB_CLIENT_CONFIRMATION_OK"
2535,10141610681,10141610820,1,"IOTHUB_CLIENT_CONFIRMATION_OK"
2536,10141610881,10141610952,1,"IOTHUB_CLIENT_CONFIRMATION_OK"
2537,10141611082,10141611114,1,"IOTHUB_CLIENT_CONFIRMATION_OK"
2538,10141611282,10141611317,1,"IOTHUB_CLIENT_CONFIRMATION_OK"
2539,10141611482,10141611579,1,"IOTHUB_CLIENT_CONFIRMATION_OK"
2540,10141611682,10141611712,1,"IOTHUB_CLIENT_CONFIRMATION_OK"
2541,10141611882,10141611920,1,"IOTHUB_CLIENT_CONFIRMATION_OK"
2542,10141612082,10141612118,1,"IOTHUB_CLIENT_CONFIRMATION_OK"
2543,10141612283,10141612327,1,"IOTHUB_CLIENT_CONFIRMATION_OK"
2544,10141612483,10141612517,1,"IOTHUB_CLIENT_CONFIRMATION_OK"
2545,10141612683,10141612714,1,"IOTHUB_CLIENT_CONFIRMATION_OK"
2546,10141612883,10141613098,1,"IOTHUB_CLIENT_CONFIRMATION_OK"
2547,10141613083,10141613118,1,"IOTHUB_CLIENT_CONFIRMATION_OK"
2548,10141613283,10141613318,1,"IOTHUB_CLIENT_CONFIRMATION_OK"
2549,10141613483,10141613514,1,"IOTHUB_CLIENT_CONFIRMATION_OK"
2550,10141613684,10141613725,1,"IOTHUB_CLIENT_CONFIRMATION_OK"
2551,10141613884,10141613953,1,"IOTHUB_CLIENT_CONFIRMATION_OK"
2552,10141614084,10141614156,1,"IOTHUB_CLIENT_CONFIRMATION_OK"
2553,10141614284,10141614327,1,"IOTHUB_CLIENT_CONFIRMATION_OK"
2554,10141614484,10141614529,1,"IOTHUB_CLIENT_CONFIRMATION_OK"
2555,10141614684,10141614746,1,"IOTHUB_CLIENT_CONFIRMATION_OK"
2556,10141614884,10141614924,1,"IOTHUB_CLIENT_CONFIRMATION_OK"
2557,10141615085,10141615137,1,"IOTHUB_CLIENT_CONFIRMATION_OK"
2558,10141615285,10141615325,1,"IOTHUB_CLIENT_CONFIRMATION_OK"
2559,10141615485,10141615519,1,"IOTHUB_CLIENT_CONFIRMATION_OK"
2560,10141615685,10141615744,1,"IOTHUB_CLIENT_CONFIRMATION_OK"
2561,10141615885,10141615945,1,"IOTHUB_CLIENT_CONFIRMATION_OK"
2562,10141616085,10141616119,1,"IOTHUB_CLIENT_CONFIRMATION_OK"
2563,10141616285,10141616372,1,"IOTHUB_CLIENT_CONFIRMATION_OK"
2564,10141616486,10141616525,1,"IOTHUB_CLIENT_CONFIRMATION_OK"
2565,10141616686,10141616716,1,"IOTHUB_CLIENT_CONFIRMATION_OK"
2566,10141616886,10141616923,1,"IOTHUB_CLIENT_CONFIRMATION_OK"
2567,10141617086,10141617125,1,"IOTHUB_CLIENT_CONFIRMATION_OK"
2568,10141617286,10141617322,1,"IOTHUB_CLIENT_CONFIRMATION_OK"
2569,10141617486,10141617528,1,"IOTHUB_CLIENT_CONFIRMATION_OK"
2570,10141617687,10141617725,1,"IOTHUB_CLIENT_CONFIRMATION_OK"
2571,10141617887,10141618005,1,"IOTHUB_CLIENT_CONFIRMATION_OK"
2572,10141618087,10141618134,1,"IOTHUB_CLIENT_CONFIRMATION_OK"
2573,10141618287,10141618321,1,"IOTHUB_CLIENT_CONFIRMATION_OK"
2574,10141618487,10141618606,1,"IOTHUB_CLIENT_CONFIRMATION_OK"
2575,10141618687,10141618752,1,"IOTHUB_CLIENT_CONFIRMATION_OK"
2576,10141618887,10141618922,1,"IOTHUB_CLIENT_CONFIRMATION_OK"
2577,10141619088,10141619125,1,"IOTHUB_CLIENT_CONFIRMATION_OK"
2578,10141619288,10141619322,1,"IOTHUB_CLIENT_CONFIRMATION_OK"
2579,10141619488,10141619533,1,"IOTHUB_CLIENT_CONFIRMATION_OK"
2580,10141619688,10141619740,1,"IOTHUB_CLIENT_CONFIRMATION_OK"
2581,10141619888,10141619926,1,"IOTHUB_CLIENT_CONFIRMATION_OK"
2582,10141620088,10141620233,1,"IOTHUB_CLIENT_CONFIRMATION_OK"
2583,10141620289,10141620323,1,"IOTHUB_CLIENT_CONFIRMATION_OK"
2584,10141620489,10141620522,1,"IOTHUB_CLIENT_CONFIRMATION_OK"
2585,10141620689,10141620841,1,"IOTHUB_CLIENT_CONFIRMATION_OK"
2586,10141620889,10141620931,1,"IOTHUB_CLIENT_CONFIRMATION_OK"
2587,10141621089,10141621127,1,"IOTHUB_CLIENT_CONFIRMATION_OK"
2588,10141621289,10141621326,1,"IOTHUB_CLIENT_CONFIRMATION_OK"
2589,10141621489,10141621524,1,"IOTHUB_CLIENT_CONFIRMATION_OK"
2590,10141621690,10141621742,1,"IOTHUB_CLIENT_CONFIRMATION_OK"
2591,10141621890,10141621935,1,"IOTHUB_CLIENT_CONFIRMATION_OK"
2592,10141622090,10141622122,1,"IOTHUB_CLIENT_CONFIRMATION_OK"
2593,10141622290,10141622327,1,"IOTHUB_CLIENT_CONFIRMATION_OK"
2594,10141622490,10141622526,1,"IOTHUB_CLIENT_CONFIRMATION_OK"
2595,10141622690,10141622722,1,"IOTHUB_CLIENT_CONFIRMATION_OK"
2596,10141622890,10141623084,1,"IOTHUB_CLIENT_CONFIRMATION_OK"
2597,10141623091,10141623138,1,"IOTHUB_CLIENT_CONFIRMATION_OK"
2598,10141623291,10141623329,1,"IOTHUB_CLIENT_CONFIRMATION_OK"
2599,10141623491,10141623532,1,"IOTHUB_CLIENT_CONFIRMATION_OK"
2600,10141623691,10141623729,1,"IOTHUB_CLIENT_CONFIRMATION_OK"
2601,10141623891,10141623933,1,"IOTHUB_CLIENT_CONFIRMATION_OK"
2602,10141624091,10141624140,1,"IOTHUB_CLIENT_CONFIRMATION_OK"
2603,10141624292,10141624331,1,"IOTHUB_CLIENT_CONFIRMATION_OK"
2604,10141624492,10141624533,1,"IOTHUB_CLIENT_CONFIRMATION_OK"
2605,10141624692,10141624739,1,"IOTHUB_CLIENT_CONFIRMATION_OK"
2606,10141624892,10141624967,1,"IOTHUB_CLIENT_CONFIRMATION_OK"
2607,10141625092,10141625146,1,"IOTHUB_CLIENT_CONFIRMATION_OK"
2608,10141625292,10141625330,1,"IOTHUB_CLIENT_CONFIRMATION_OK"
2609,10141625493,10141625527,1,"IOTHUB_CLIENT_CONFIRMATION_OK"
2610,10141625693,10141625725,1,"IOTHUB_CLIENT_CONFIRMATION_OK"
2611,10141625893,10141625930,1,"IOTHUB_CLIENT_CONFIRMATION_OK"
2612,10141626093,10141626129,1,"IOTHUB_CLIENT_CONFIRMATION_OK"
2613,10141626293,10141626331,1,"IOTHUB_CLIENT_CONFIRMATION_OK"
2614,10141626493,10141626525,1,"IOTHUB_CLIENT_CONFIRMATION_OK"
2615,10141626694,10141626737,1,"IOTHUB_CLIENT_CONFIRMATION_OK"
2616,10141626894,10141626940,1,"IOTHUB_CLIENT_CONFIRMATION_OK"
2617,10141627094,10141627154,1,"IOTHUB_CLIENT_CONFIRMATION_OK"
2618,10141627294,10141627344,1,"IOTHUB_CLIENT_CONFIRMATION_OK"
2619,10141627494,10141627539,1,"IOTHUB_CLIENT_CONFIRMATION_OK"
2620,10141627694,10141627727,1,"IOTHUB_CLIENT_CONFIRMATION_OK"
2621,10141627894,10141627963,1,"IOTHUB_CLIENT_CONFIRMATION_OK"
2622,10141628095,10141628135,1,"IOTHUB_CLIENT_CONFIRMATION_OK"
2623,10141628295,10141628328,1,"IOTHUB_CLIENT_CONFIRMATION_OK"
2624,10141628495,10141628561,1,"IOTHUB_CLIENT_CONFIRMATION_OK"
2625,10141628695,10141628752,1,"IOTHUB_CLIENT_CONFIRMATION_OK"
2626,10141628895,10141628941,1,"IOTHUB_CLIENT_CONFIRMATION_OK"
2627,10141629095,10141629244,1,"IOTHUB_CLIENT_CONFIRMATION_OK"
2628,10141629296,10141629331,1,"IOTHUB_CLIENT_CONFIRMATION_OK"
2629,10141629496,10141629530,1,"IOTHUB_CLIENT_CONFIRMATION_OK"
2630,10141629696,10141629736,1,"IOTHUB_CLIENT_CONFIRMATION_OK"
2631,10141629896,10141629929,1,"IOTHUB_CLIENT_CONFIRMATION_OK"
2632,10141630096,10141630218,1,"IOTHUB_CLIENT_CONFIRMATION_OK"
2633,10141630296,10141630348,1,"IOTHUB_CLIENT_CONFIRMATION_OK"
2634,10141630496,10141630534,1,"IOTHUB_CLIENT_CONFIRMATION_OK"
2635,10141630697,10141630799,1,"IOTHUB_CLIENT_CONFIRMATION_OK"
2636,10141630897,10141630966,1,"IOTHUB_CLIENT_CONFIRMATION_OK"
2637,10141631097,10141631135,1,"IOTHUB_CLIENT_CONFIRMATION_OK"
2638,10141631297,10141631331,1,"IOTHUB_CLIENT_CONFIRMATION_OK"
2639,10141631497,10141631546,1,"IOTHUB_CLIENT_CONFIRMATION_OK"
2640,10141631697,10141631743,1,"IOTHUB_CLIENT_CONFIRMATION_OK"
2641,10141631897,10141631943,1,"IOTHUB_CLIENT_CONFIRMATION_OK"
2642,10141632098,10141632142,1,"IOTHUB_CLIENT_CONFIRMATION_OK"
2643,10141632298,10141632433,1,"IOTHUB_CLIENT_CONFIRMATION_OK"
2644,10141632498,10141632546,1,"IOTHUB_CLIENT_CONFIRMATION_OK"
2645,10141632698,10141632750,1,"IOTHUB_CLIENT_CONFIRMATION_OK"
2646,10141632898,10141633053,1,"IOTHUB_CLIENT_CONFIRMATION_OK"
2647,10141633098,10141633138,1,"IOTHUB_CLIENT_CONFIRMATION_OK"
2648,10141633299,10141633365,1,"IOTHUB_CLIENT_CONFIRMATION_OK"
2649,10141633499,10141633553,1,"IOTHUB_CLIENT_CONFIRMATION_OK"
2650,10141633699,10141633737,1,"IOTHUB_CLIENT_CONFIRMATION_OK"
2651,10141633899,10141633937,1,"IOTHUB_CLIENT_CONFIRMATION_OK"
2652,10141634099,10141634155,1,"IOTHUB_CLIENT_CONFIRMATION_OK"
2653,10141634299,10141634334,1,"IOTHUB_CLIENT_CONFIRMATION_OK"
2654,10141634500,10141634541,1,"IOTHUB_CLIENT_CONFIRMATION_OK"
2655,10141634700,10141634733,1,"IOTHUB_CLIENT_CONFIRMATION_OK"
2656,10141634900,10141634938,1,"IOTHUB_CLIENT_CONFIRMATION_OK"
2657,10141635100,10141635268,1,"IOTHUB_CLIENT_CONFIRMATION_OK"
2658,10141635300,10141635339,1,"IOTHUB_CLIENT_CONFIRMATION_OK"
2659,10141635500,10141635539,1,"IOTHUB_CLIENT_CONFIRMATION_OK"
2660,10141635700,10141635734,1,"IOTHUB_CLIENT_CONFIRMATION_OK"
2661,10141635901,10141635942,1,"IOTHUB_CLIENT_CONFIRMATION_OK"
2662,10141636101,10141636135,1,"IOTHUB_CLIENT_CONFIRMATION_OK"
2663,10141636301,10141636342,1,"IOTHUB_CLIENT_CONFIRMATION_OK"
2664,10141636501,10141636541,1,"IOTHUB_CLIENT_CONFIRMATION_OK"
2665,10141636701,10141636741,1,"IOTHUB_CLIENT_CONFIRMATION_OK"
2666,10141636901,10141636935,1,"IOTHUB_CLIENT_CONFIRMATION_OK"
2667,10141637101,10141637134,1,"IOTHUB_CLIENT_CONFIRMATION_OK"
2668,10141637302,10141637508,1,"IOTHUB_CLIENT_CONFIRMATION_OK"
2669,10141637502,10141637540,1,"IOTHUB_CLIENT_CONFIRMATION_OK"
2670,10141637702,10141637737,1,"IOTHUB_CLIENT_CONFIRMATION_OK"
2671,10141637902,10141637937,1,"IOTHUB_CLIENT_CONFIRMATION_OK"
2672,10141638102,10141638146,1,"IOTHUB_CLIENT_CONFIRMATION_OK"
2673,10141638303,10141638332,1,"IOTHUB_CLIENT_CONFIRMATION_OK"
2674,10141638503,10141638541,1,"IOTHUB_CLIENT_CONFIRMATION_OK"
2675,10141638703,10141638740,1,"IOTHUB_CLIENT_CONFIRMATION_OK"
2676,10141638903,10141638949,1,"IOTHUB_CLIENT_CONFIRMATION_OK"
2677,10141639103,10141639145,1,"IOTHUB_CLIENT_CONFIRMATION_OK"
2678,10141639303,10141639344,1,"IOTHUB_CLIENT_CONFIRMATION_OK"
2679,10141639504,10141639537,1,"IOTHUB_CLIENT_CONFIRMATION_OK"
2680,10141639704,10141639739,1,"IOTHUB_CLIENT_CONFIRMATION_OK"
2681,10141639904,10141639939,1,"IOTHUB_CLIENT_CONFIRMATION_OK"
2682,10141640104,10141640148,1,"IOTHUB_CLIENT_CONFIRMATION_OK"
2683,10141640304,10141640344,1,"IOTHUB_CLIENT_CONFIRMATION_OK"
2684,10141640504,10141640544,1,"IOTHUB_CLIENT_CONFIRMATION_OK"
2685,10141640705,10141640760,1,"IOTHUB_CLIENT_CONFIRMATION_OK"
2686,10141640905,10141640945,1,"IOTHUB_CLIENT_CONFIRMATION_OK"
2687,10141641105,10141641140,1,"IOTHUB_CLIENT_CONFIRMATION_OK"
2688,10141641305,10141641366,1,"IOTHUB_CLIENT_CONFIRMATION_OK"
2689,10141641505,10141641544,1,"IOTHUB_CLIENT_CONFIRMATION_OK"
2690,10141641705,10141641745,1,"IOTHUB_CLIENT_CONFIRMATION_OK"
2691,10141641905,10141641943,1,"IOTHUB_CLIENT_CONFIRMATION_OK"
2692,10141642106,10141642159,1,"IOTHUB_CLIENT_CONFIRMATION_OK"
2693,10141642306,10141642393,1,"IOTHUB_CLIENT_CONFIRMATION_OK"
2694,10141642506,10141642557,1,"IOTHUB_CLIENT_CONFIRMATION_OK"
2695,10141642706,10141642746,1,"IOTHUB_CLIENT_CONFIRMATION_OK"
2696,10141642906,10141643019,1,"IOTHUB_CLIENT_CONFIRMATION_OK"
2697,10141643106,10141643145,1,"IOTHUB_CLIENT_CONFIRMATION_OK"
2698,10141643307,10141643340,1,"IOTHUB_CLIENT_CONFIRMATION_OK"
2699,10141643507,10141643549,1,"IOTHUB_CLIENT_CONFIRMATION_OK"
2700,10141643707,10141643745,1,"IOTHUB_CLIENT_CONFIRMATION_OK"
2701,10141643907,10141643950,1,"IOTHUB_CLIENT_CONFIRMATION_OK"
2702,10141644107,10141644142,1,"IOTHUB_CLIENT_CONFIRMATION_OK"
2703,10141644307,10141644348,1,"IOTHUB_CLIENT_CONFIRMATION_OK"
2704,10141644507,10141644629,1,"IOTHUB_CLIENT_CONFIRMATION_OK"
2705,10141644708,10141644812,1,"IOTHUB_CLIENT_CONFIRMATION_OK"
2706,10141644908,10141644958,1,"IOTHUB_CLIENT_CONFIRMATION_OK"
2707,10141645108,10141645237,1,"IOTHUB_CLIENT_CONFIRMATION_OK"
2708,10141645308,10141645343,1,"IOTHUB_CLIENT_CONFIRMATION_OK"
2709,10141645508,10141645537,1,"IOTHUB_CLIENT_CONFIRMATION_OK"
2710,10141645708,10141645875,1,"IOTHUB_CLIENT_CONFIRMATION_OK"
2711,10141645908,10141645947,1,"IOTHUB_CLIENT_CONFIRMATION_OK"
2712,10141646109,10141646143,1,"IOTHUB_CLIENT_CONFIRMATION_OK"
2713,10141646309,10141646345,1,"IOTHUB_CLIENT_CONFIRMATION_OK"
2714,10141646509,10141646545,1,"IOTHUB_CLIENT_CONFIRMATION_OK"
2715,10141646709,10141646887,1,"IOTHUB_CLIENT_CONFIRMATION_OK"
2716,10141646909,10141646944,1,"IOTHUB_CLIENT_CONFIRMATION_OK"
2717,10141647109,10141647147,1,"IOTHUB_CLIENT_CONFIRMATION_OK"
2718,10141647310,10141647484,1,"IOTHUB_CLIENT_CONFIRMATION_OK"
2719,10141647510,10141647544,1,"IOTHUB_CLIENT_CONFIRMATION_OK"
2720,10141647710,10141647740,1,"IOTHUB_CLIENT_CONFIRMATION_OK"
2721,10141647910,10141647945,1,"IOTHUB_CLIENT_CONFIRMATION_OK"
2722,10141648110,10141648217,1,"IOTHUB_CLIENT_CONFIRMATION_OK"
2723,10141648310,10141648347,1,"IOTHUB_CLIENT_CONFIRMATION_OK"
2724,10141648510,10141648541,1,"IOTHUB_CLIENT_CONFIRMATION_OK"
2725,10141648711,10141648742,1,"IOTHUB_CLIENT_CONFIRMATION_OK"
2726,10141648911,10141648950,1,"IOTHUB_CLIENT_CONFIRMATION_OK"
2727,10141649111,10141649152,1,"IOTHUB_CLIENT_CONFIRMATION_OK"
2728,10141649311,10141649348,1,"IOTHUB_CLIENT_CONFIRMATION_OK"
2729,10141649511,10141649709,1,"IOTHUB_CLIENT_CONFIRMATION_OK"
2730,10141649711,10141649753,1,"IOTHUB_CLIENT_CONFIRMATION_OK"
2731,10141649912,10141649945,1,"IOTHUB_CLIENT_CONFIRMATION_OK"
2732,10141650112,10141650157,1,"IOTHUB_CLIENT_CONFIRMATION_OK"
2733,10141650312,10141650371,1,"IOTHUB_CLIENT_CONFIRMATION_OK"
2734,10141650512,10141650564,1,"IOTHUB_CLIENT_CONFIRMATION_OK"
2735,10141650712,10141650750,1,"IOTHUB_CLIENT_CONFIRMATION_OK"
2736,10141650912,10141650962,1,"IOTHUB_CLIENT_CONFIRMATION_OK"
2737,10141651112,10141651147,1,"IOTHUB_CLIENT_CONFIRMATION_OK"
2738,10141651313,10141651400,1,"IOTHUB_CLIENT_CONFIRMATION_OK"
2739,10141651513,10141651558,1,"IOTHUB_CLIENT_CONFIRMATION_OK"
2740,10141651713,10141651794,1,"IOTHUB_CLIENT_CONFIRMATION_OK"
2741,10141651913,10141651948,1,"IOTHUB_CLIENT_CONFIRMATION_OK"
2742,10141652113,10141652155,1,"IOTHUB_CLIENT_CONFIRMATION_OK"
2743,10141652313,10141652357,1,"IOTHUB_CLIENT_CONFIRMATION_OK"
2744,10141652514,10141652555,1,"IOTHUB_CLIENT_CONFIRMATION_OK"
2745,10141652714,10141652753,1,"IOTHUB_CLIENT_CONFIRMATION_OK"
2746,10141652914,10141652965,1,"IOTHUB_CLIENT_CONFIRMATION_OK"
2747,10141653114,10141653150,1,"IOTHUB_CLIENT_CONFIRMATION_OK"
2748,10141653314,10141653356,1,"IOTHUB_CLIENT_CONFIRMATION_OK"
2749,10141653514,10141653573,1,"IOTHUB_CLIENT_CONFIRMATION_OK"
2750,10141653714,10141653749,1,"IOTHUB_CLIENT_CONFIRMATION_OK"
2751,10141653915,10141653949,1,"IOTHUB_CLIENT_CONFIRMATION_OK"
2752,10141654115,10141654181,1,"IOTHUB_CLIENT_CONFIRMATION_OK"
2753,10141654315,10141654351,1,"IOTHUB_CLIENT_CONFIRMATION_OK"
2754,10141654515,10141654588,1,"IOTHUB_CLIENT_CONFIRMATION_OK"
2755,10141654715,10141654761,1,"IOTHUB_CLIENT_CONFIRMATION_OK"
2756,10141654915,10141654972,1,"IOTHUB_CLIENT_CONFIRMATION_OK"
2757,10141655116,10141655195,1,"IOTHUB_CLIENT_CONFIRMATION_OK"
2758,10141655316,10141655355,1,"IOTHUB_CLIENT_CONFIRMATION_OK"
2759,10141655516,10141655552,1,"IOTHUB_CLIENT_CONFIRMATION_OK"
2760,10141655716,10141655811,1,"IOTHUB_CLIENT_CONFIRMATION_OK"
2761,10141655916,10141655956,1,"IOTHUB_CLIENT_CONFIRMATION_OK"
2762,10141656116,10141656167,1,"IOTHUB_CLIENT_CONFIRMATION_OK"
2763,10141656317,10141656351,1,"IOTHUB_CLIENT_CONFIRMATION_OK"
2764,10141656517,10141656557,1,"IOTHUB_CLIENT_CONFIRMATION_OK"
2765,10141656717,10141656822,1,"IOTHUB_CLIENT_CONFIRMATION_OK"
2766,10141656917,10141656952,1,"IOTHUB_CLIENT_CONFIRMATION_OK"
2767,10141657117,10141657163,1,"IOTHUB_CLIENT_CONFIRMATION_OK"
2768,10141657317,10141657463,1,"IOTHUB_CLIENT_CONFIRMATION_OK"
2769,10141657517,10141657553,1,"IOTHUB_CLIENT_CONFIRMATION_OK"
2770,10141657718,10141657756,1,"IOTHUB_CLIENT_CONFIRMATION_OK"
2771,10141657918,10141657957,1,"IOTHUB_CLIENT_CONFIRMATION_OK"
2772,10141658118,10141658155,1,"IOTHUB_CLIENT_CONFIRMATION_OK"
2773,10141658318,10141658353,1,"IOTHUB_CLIENT_CONFIRMATION_OK"
2774,10141658518,10141658554,1,"IOTHUB_CLIENT_CONFIRMATION_OK"
2775,10141658718,10141658762,1,"IOTHUB_CLIENT_CONFIRMATION_OK"
2776,10141658918,10141658953,1,"IOTHUB_CLIENT_CONFIRMATION_OK"
2777,10141659119,10141659153,1,"IOTHUB_CLIENT_CONFIRMATION_OK"
2778,10141659319,10141659352,1,"IOTHUB_CLIENT_CONFIRMATION_OK"
2779,10141659519,10141659771,1,"IOTHUB_CLIENT_CONFIRMATION_OK"
2780,10141659719,10141659789,1,"IOTHUB_CLIENT_CONFIRMATION_OK"
2781,10141659919,10141659952,1,"IOTHUB_CLIENT_CONFIRMATION_OK"
2782,10141660119,10141660159,1,"IOTHUB_CLIENT_CONFIRMATION_OK"
2783,10141660320,10141660352,1,"IOTHUB_CLIENT_CONFIRMATION_OK"
2784,10141660520,10141660569,1,"IOTHUB_CLIENT_CONFIRMATION_OK"
2785,10141660720,10141660771,1,"IOTHUB_CLIENT_CONFIRMATION_OK"
2786,10141660920,10141660950,1,"IOTHUB_CLIENT_CONFIRMATION_OK"
2787,10141661120,10141661152,1,"IOTHUB_CLIENT_CONFIRMATION_OK"
2788,10141661320,10141661382,1,"IOTHUB_CLIENT_CONFIRMATION_OK"
2789,10141661521,10141661555,1,"IOTHUB_CLIENT_CONFIRMATION_OK"
2790,10141661721,10141661755,1,"IOTHUB_CLIENT_CONFIRMATION_OK"
2791,10141661921,10141662002,1,"IOTHUB_CLIENT_CONFIRMATION_OK"
2792,10141662121,10141662159,1,"IOTHUB_CLIENT_CONFIRMATION_OK"
2793,10141662321,10141662373,1,"IOTHUB_CLIENT_CONFIRMATION_OK"
2794,10141662521,10141662556,1,"IOTHUB_CLIENT_CONFIRMATION_OK"
2795,10141662721,10141662758,1,"IOTHUB_CLIENT_CONFIRMATION_OK"
2796,10141662922,10141663003,1,"IOTHUB_CLIENT_CONFIRMATION_OK"
2797,10141663122,10141663155,1,"IOTHUB_CLIENT_CONFIRMATION_OK"
2798,10141663322,10141663370,1,"IOTHUB_CLIENT_CONFIRMATION_OK"
2799,10141663522,10141663609,1,"IOTHUB_CLIENT_CONFIRMATION_OK"
2800,10141663722,10141663766,1,"IOTHUB_CLIENT_CONFIRMATION_OK"
2801,10141663922,10141663959,1,"IOTHUB_CLIENT_CONFIRMATION_OK"
2802,10141664122,10141664196,1,"IOTHUB_CLIENT_CONFIRMATION_OK"
2803,10141664323,10141664357,1,"IOTHUB_CLIENT_CONFIRMATION_OK"
2804,10141664523,10141664609,1,"IOTHUB_CLIENT_CONFIRMATION_OK"
2805,10141664723,10141664763,1,"IOTHUB_CLIENT_CONFIRMATION_OK"
2806,10141664923,10141664952,1,"IOTHUB_CLIENT_CONFIRMATION_OK"
2807,10141665123,10141665224,1,"IOTHUB_CLIENT_CONFIRMATION_OK"
2808,10141665323,10141665366,1,"IOTHUB_CLIENT_CONFIRMATION_OK"
2809,10141665523,10141665557,1,"IOTHUB_CLIENT_CONFIRMATION_OK"
2810,10141665724,10141665764,1,"IOTHUB_CLIENT_CONFIRMATION_OK"
2811,10141665924,10141665960,1,"IOTHUB_CLIENT_CONFIRMATION_OK"
2812,10141666124,10141666164,1,"IOTHUB_CLIENT_CONFIRMATION_OK"
2813,10141666324,10141666358,1,"IOTHUB_CLIENT_CONFIRMATION_OK"
2814,10141666524,10141666560,1,"IOTHUB_CLIENT_CONFIRMATION_OK"
2815,10141666724,10141666841,1,"IOTHUB_CLIENT_CONFIRMATION_OK"
2816,10141666924,10141666957,1,"IOTHUB_CLIENT_CONFIRMATION_OK"
2817,10141667125,10141667166,1,"IOTHUB_CLIENT_CONFIRMATION_OK"
2818,10141667325,10141667462,1,"IOTHUB_CLIENT_CONFIRMATION_OK"
2819,10141667525,10141667583,1,"IOTHUB_CLIENT_CONFIRMATION_OK"
2820,10141667725,10141667761,1,"IOTHUB_CLIENT_CONFIRMATION_OK"
2821,10141667925,10141667964,1,"IOTHUB_CLIENT_CONFIRMATION_OK"
2822,10141668126,10141668160,1,"IOTHUB_CLIENT_CONFIRMATION_OK"
2823,10141668326,10141668367,1,"IOTHUB_CLIENT_CONFIRMATION_OK"
2824,10141668526,10141668562,1,"IOTHUB_CLIENT_CONFIRMATION_OK"
2825,10141668726,10141668765,1,"IOTHUB_CLIENT_CONFIRMATION_OK"
2826,10141668926,10141668961,1,"IOTHUB_CLIENT_CONFIRMATION_OK"
2827,10141669126,10141669170,1,"IOTHUB_CLIENT_CONFIRMATION_OK"
2828,10141669327,10141669361,1,"IOTHUB_CLIENT_CONFIRMATION_OK"
2829,10141669527,10141669703,1,"IOTHUB_CLIENT_CONFIRMATION_OK"
2830,10141669727,10141669763,1,"IOTHUB_CLIENT_CONFIRMATION_OK"
2831,10141669927,10141669965,1,"IOTHUB_CLIENT_CONFIRMATION_OK"
2832,10141670127,10141670161,1,"IOTHUB_CLIENT_CONFIRMATION_OK"
2833,10141670327,10141670363,1,"IOTHUB_CLIENT_CONFIRMATION_OK"
2834,10141670527,10141670558,1,"IOTHUB_CLIENT_CONFIRMATION_OK"
2835,10141670728,10141670765,1,"IOTHUB_CLIENT_CONFIRMATION_OK"
2836,10141670928,10141670968,1,"IOTHUB_CLIENT_CONFIRMATION_OK"
2837,10141671128,10141671159,1,"IOTHUB_CLIENT_CONFIRMATION_OK"
2838,10141671328,10141671365,1,"IOTHUB_CLIENT_CONFIRMATION_OK"
2839,10141671528,10141671567,1,"IOTHUB_CLIENT_CONFIRMATION_OK"
2840,10141671728,10141671940,1,"IOTHUB_CLIENT_CONFIRMATION_OK"
2841,10141671928,10141671963,1,"IOTHUB_CLIENT_CONFIRMATION_OK"
2842,10141672129,10141672169,1,"IOTHUB_CLIENT_CONFIRMATION_OK"
2843,10141672329,10141672367,1,"IOTHUB_CLIENT_CONFIRMATION_OK"
2844,10141672529,10141672566,1,"IOTHUB_CLIENT_CONFIRMATION_OK"
2845,10141672729,10141672767,1,"IOTHUB_CLIENT_CONFIRMATION_OK"
2846,10141672929,10141672961,1,"IOTHUB_CLIENT_CONFIRMATION_OK"
2847,10141673129,10141673163,1,"IOTHUB_CLIENT_CONFIRMATION_OK"
2848,10141673330,10141673361,1,"IOTHUB_CLIENT_CONFIRMATION_OK"
2849,10141673530,10141673570,1,"IOTHUB_CLIENT_CONFIRMATION_OK"
2850,10141673730,10141673781,1,"IOTHUB_CLIENT_CONFIRMATION_OK"
2851,10141673930,10141673966,1,"IOTHUB_CLIENT_CONFIRMATION_OK"
2852,10141674130,10141674182,1,"IOTHUB_CLIENT_CONFIRMATION_OK"
2853,10141674330,10141674366,1,"IOTHUB_CLIENT_CONFIRMATION_OK"
2854,10141674530,10141674583,1,"IOTHUB_CLIENT_CONFIRMATION_OK"
2855,10141674731,10141674769,1,"IOTHUB_CLIENT_CONFIRMATION_OK"
2856,10141674931,10141675271,1,"IOTHUB_CLIENT_CONFIRMATION_OK"
2857,10141675131,10141675339,1,"IOTHUB_CLIENT_CONFIRMATION_OK"
2858,10141675331,10141675395,1,"IOTHUB_CLIENT_CONFIRMATION_OK"
2859,10141675531,10141675571,1,"IOTHUB_CLIENT_CONFIRMATION_OK"
2860,10141675731,10141676070,1,"IOTHUB_CLIENT_CONFIRMATION_OK"
2861,10141675931,10141676149,1,"IOTHUB_CLIENT_CONFIRMATION_OK"
2862,10141676132,10141676193,1,"IOTHUB_CLIENT_CONFIRMATION_OK"
2863,10141676332,10141676367,1,"IOTHUB_CLIENT_CONFIRMATION_OK"
2864,10141676532,10141676583,1,"IOTHUB_CLIENT_CONFIRMATION_OK"
2865,10141676732,10141676812,1,"IOTHUB_CLIENT_CONFIRMATION_OK"
2866,10141676932,10141676968,1,"IOTHUB_CLIENT_CONFIRMATION_OK"
2867,10141677132,10141677201,1,"IOTHUB_CLIENT_CONFIRMATION_OK"
2868,10141677332,10141677442,1,"IOTHUB_CLIENT_CONFIRMATION_OK"
2869,10141677533,10141677568,1,"IOTHUB_CLIENT_CONFIRMATION_OK"
2870,10141677733,10141677775,1,"IOTHUB_CLIENT_CONFIRMATION_OK"
2871,10141677933,10141677968,1,"IOTHUB_CLIENT_CONFIRMATION_OK"
2872,10141678133,10141678171,1,"IOTHUB_CLIENT_CONFIRMATION_OK"
2873,10141678333,10141678362,1,"IOTHUB_CLIENT_CONFIRMATION_OK"
2874,10141678534,10141678573,1,"IOTHUB_CLIENT_CONFIRMATION_OK"
2875,10141678734,10141678772,1,"IOTHUB_CLIENT_CONFIRMATION_OK"
2876,10141678934,10141679059,1,"IOTHUB_CLIENT_CONFIRMATION_OK"
2877,10141679134,10141679167,1,"IOTHUB_CLIENT_CONFIRMATION_OK"
2878,10141679334,10141679419,1,"IOTHUB_CLIENT_CONFIRMATION_OK"
2879,10141679534,10141679702,1,"IOTHUB_CLIENT_CONFIRMATION_OK"
2880,10141679735,10141679770,1,"IOTHUB_CLIENT_CONFIRMATION_OK"
2881,10141679935,10141679975,1,"IOTHUB_CLIENT_CONFIRMATION_OK"
2882,10141680135,10141680167,1,"IOTHUB_CLIENT_CONFIRMATION_OK"
2883,10141680335,10141680389,1,"IOTHUB_CLIENT_CONFIRMATION_OK"
2884,10141680535,10141680570,1,"IOTHUB_CLIENT_CONFIRMATION_OK"
2885,10141680735,10141680772,1,"IOTHUB_CLIENT_CONFIRMATION_OK"
2886,10141680935,10141680978,1,"IOTHUB_CLIENT_CONFIRMATION_OK"
2887,10141681136,10141681170,1,"IOTHUB_CLIENT_CONFIRMATION_OK"
2888,10141681336,10141681370,1,"IOTHUB_CLIENT_CONFIRMATION_OK"
2889,10141681536,10141681574,1,"IOTHUB_CLIENT_CONFIRMATION_OK"
2890,10141681736,10141681913,1,"IOTHUB_CLIENT_CONFIRMATION_OK"
2891,10141681936,10141681972,1,"IOTHUB_CLIENT_CONFIRMATION_OK"
2892,10141682136,10141682171,1,"IOTHUB_CLIENT_CONFIRMATION_OK"
2893,10141682337,10141682542,1,"IOTHUB_CLIENT_CONFIRMATION_OK"
2894,10141682537,10141682567,1,"IOTHUB_CLIENT_CONFIRMATION_OK"
2895,10141682737,10141682785,1,"IOTHUB_CLIENT_CONFIRMATION_OK"
2896,10141682937,10141682979,1,"IOTHUB_CLIENT_CONFIRMATION_OK"
2897,10141683137,10141683194,1,"IOTHUB_CLIENT_CONFIRMATION_OK"
2898,10141683337,10141683381,1,"IOTHUB_CLIENT_CONFIRMATION_OK"
2899,10141683537,10141683585,1,"IOTHUB_CLIENT_CONFIRMATION_OK"
2900,10141683738,10141683779,1,"IOTHUB_CLIENT_CONFIRMATION_OK"
2901,10141683938,10141683983,1,"IOTHUB_CLIENT_CONFIRMATION_OK"
2902,10141684138,10141684172,1,"IOTHUB_CLIENT_CONFIRMATION_OK"
2903,10141684338,10141684371,1,"IOTHUB_CLIENT_CONFIRMATION_OK"
2904,10141684538,10141684581,1,"IOTHUB_CLIENT_CONFIRMATION_OK"
2905,10141684738,10141684776,1,"IOTHUB_CLIENT_CONFIRMATION_OK"
2906,10141684939,10141684979,1,"IOTHUB_CLIENT_CONFIRMATION_OK"
2907,10141685139,10141685201,1,"IOTHUB_CLIENT_CONFIRMATION_OK"
2908,10141685339,10141685373,1,"IOTHUB_CLIENT_CONFIRMATION_OK"
2909,10141685539,10141685572,1,"IOTHUB_CLIENT_CONFIRMATION_OK"
2910,10141685739,10141685848,1,"IOTHUB_CLIENT_CONFIRMATION_OK"
2911,10141685939,10141685975,1,"IOTHUB_CLIENT_CONFIRMATION_OK"
2912,10141686139,10141686169,1,"IOTHUB_CLIENT_CONFIRMATION_OK"
2913,10141686340,10141686377,1,"IOTHUB_CLIENT_CONFIRMATION_OK"
2914,10141686540,10141686587,1,"IOTHUB_CLIENT_CONFIRMATION_OK"
2915,10141686740,10141686852,1,"IOTHUB_CLIENT_CONFIRMATION_OK"
2916,10141686940,10141686977,1,"IOTHUB_CLIENT_CONFIRMATION_OK"
2917,10141687140,10141687187,1,"IOTHUB_CLIENT_CONFIRMATION_OK"
2918,10141687341,10141687430,1,"IOTHUB_CLIENT_CONFIRMATION_OK"
2919,10141687541,10141687572,1,"IOTHUB_CLIENT_CONFIRMATION_OK"
2920,10141687741,10141687774,1,"IOTHUB_CLIENT_CONFIRMATION_OK"
2921,10141687941,10141688063,1,"IOTHUB_CLIENT_CONFIRMATION_OK"
2922,10141688141,10141688182,1,"IOTHUB_CLIENT_CONFIRMATION_OK"
2923,10141688341,10141688383,1,"IOTHUB_CLIENT_CONFIRMATION_OK"
2924,10141688542,10141688574,1,"IOTHUB_CLIENT_CONFIRMATION_OK"
2925,10141688742,10141688807,1,"IOTHUB_CLIENT_CONFIRMATION_OK"
2926,10141688942,10141689064,1,"IOTHUB_CLIENT_CONFIRMATION_OK"
2927,10141689142,10141689176,1,"IOTHUB_CLIENT_CONFIRMATION_OK"
2928,10141689342,10141689443,1,"IOTHUB_CLIENT_CONFIRMATION_OK"
2929,10141689542,10141689669,1,"IOTHUB_CLIENT_CONFIRMATION_OK"
2930,10141689742,10141689785,1,"IOTHUB_CLIENT_CONFIRMATION_OK"
2931,10141689943,10141689978,1,"IOTHUB_CLIENT_CONFIRMATION_OK"
2932,10141690143,10141690188,1,"IOTHUB_CLIENT_CONFIRMATION_OK"
2933,10141690343,10141690381,1,"IOTHUB_CLIENT_CONFIRMATION_OK"
2934,10141690543,10141690578,1,"IOTHUB_CLIENT_CONFIRMATION_OK"
2935,10141690743,10141690786,1,"IOTHUB_CLIENT_CONFIRMATION_OK"
2936,10141690943,10141690974,1,"IOTHUB_CLIENT_CONFIRMATION_OK"
2937,10141691144,10141691175,1,"IOTHUB_CLIENT_CONFIRMATION_OK"
2938,10141691344,10141691388,1,"IOTHUB_CLIENT_CONFIRMATION_OK"
2939,10141691544,10141691584,1,"IOTHUB_CLIENT_CONFIRMATION_OK"
2940,10141691744,10141691925,1,"IOTHUB_CLIENT_CONFIRMATION_OK"
2941,10141691944,10141691980,1,"IOTHUB_CLIENT_CONFIRMATION_OK"
2942,10141692144,10141692185,1,"IOTHUB_CLIENT_CONFIRMATION_OK"
2943,10141692344,10141692381,1,"IOTHUB_CLIENT_CONFIRMATION_OK"
2944,10141692545,10141692580,1,"IOTHUB_CLIENT_CONFIRMATION_OK"
2945,10141692745,10141692782,1,"IOTHUB_CLIENT_CONFIRMATION_OK"
2946,10141692945,10141692989,1,"IOTHUB_CLIENT_CONFIRMATION_OK"
2947,10141693145,10141693175,1,"IOTHUB_CLIENT_CONFIRMATION_OK"
2948,10141693345,10141693376,1,"IOTHUB_CLIENT_CONFIRMATION_OK"
2949,10141693545,10141693589,1,"IOTHUB_CLIENT_CONFIRMATION_OK"
2950,10141693746,10141693779,1,"IOTHUB_CLIENT_CONFIRMATION_OK"
2951,10141693946,10141693981,1,"IOTHUB_CLIENT_CONFIRMATION_OK"
2952,10141694146,10141694209,1,"IOTHUB_CLIENT_CONFIRMATION_OK"
2953,10141694346,10141694382,1,"IOTHUB_CLIENT_CONFIRMATION_OK"
2954,10141694546,10141694588,1,"IOTHUB_CLIENT_CONFIRMATION_OK"
2955,10141694746,10141694779,1,"IOTHUB_CLIENT_CONFIRMATION_OK"
2956,10141694947,10141695029,1,"IOTHUB_CLIENT_CONFIRMATION_OK"
2957,10141695147,10141695213,1,"IOTHUB_CLIENT_CONFIRMATION_OK"
2958,10141695347,10141695384,1,"IOTHUB_CLIENT_CONFIRMATION_OK"
2959,10141695547,10141695583,1,"IOTHUB_CLIENT_CONFIRMATION_OK"
2960,10141695747,10141695785,1,"IOTHUB_CLIENT_CONFIRMATION_OK"
2961,10141695947,10141695995,1,"IOTHUB_CLIENT_CONFIRMATION_OK"
2962,10141696147,10141696225,1,"IOTHUB_CLIENT_CONFIRMATION_OK"
2963,10141696348,10141696390,1,"IOTHUB_CLIENT_CONFIRMATION_OK"
2964,10141696548,10141696603,1,"IOTHUB_CLIENT_CONFIRMATION_OK"
2965,10141696748,10141696835,1,"IOTHUB_CLIENT_CONFIRMATION_OK"
2966,10141696948,10141696985,1,"IOTHUB_CLIENT_CONFIRMATION_OK"
2967,10141697148,10141697177,1,"IOTHUB_CLIENT_CONFIRMATION_OK"
2968,10141697348,10141697460,1,"IOTHUB_CLIENT_CONFIRMATION_OK"
2969,10141697549,10141697580,1,"IOTHUB_CLIENT_CONFIRMATION_OK"
2970,10141697749,10141697790,1,"IOTHUB_CLIENT_CONFIRMATION_OK"
2971,10141697949,10141697980,1,"IOTHUB_CLIENT_CONFIRMATION_OK"
2972,10141698149,10141698184,1,"IOTHUB_CLIENT_CONFIRMATION_OK"
2973,10141698349,10141698382,1,"IOTHUB_CLIENT_CONFIRMATION_OK"
2974,10141698549,10141698585,1,"IOTHUB_CLIENT_CONFIRMATION_OK"
2975,10141698749,10141698787,1,"IOTHUB_CLIENT_CONFIRMATION_OK"
2976,10141698950,10141699084,1,"IOTHUB_CLIENT_CONFIRMATION_OK"
2977,10141699150,10141699183,1,"IOTHUB_CLIENT_CONFIRMATION_OK"
2978,10141699350,10141699383,1,"IOTHUB_CLIENT_CONFIRMATION_OK"
2979,10141699550,10141699679,1,"IOTHUB_CLIENT_CONFIRMATION_OK"
2980,10141699750,10141699782,1,"IOTHUB_CLIENT_CONFIRMATION_OK"
2981,10141699950,10141699987,1,"IOTHUB_CLIENT_CONFIRMATION_OK"
2982,10141700150,10141700184,1,"IOTHUB_CLIENT_CONFIRMATION_OK"
2983,10141700351,10141700382,1,"IOTHUB_CLIENT_CONFIRMATION_OK"
2984,10141700551,10141700584,1,"IOTHUB_CLIENT_CONFIRMATION_OK"
2985,10141700751,10141700783,1,"IOTHUB_CLIENT_CONFIRMATION_OK"
2986,10141700951,10141700984,1,"IOTHUB_CLIENT_CONFIRMATION_OK"
2987,10141701151,10141701310,1,"IOTHUB_CLIENT_CONFIRMATION_OK"
2988,10141701352,10141701390,1,"IOTHUB_CLIENT_CONFIRMATION_OK"
2989,10141701552,10141701587,1,"IOTHUB_CLIENT_CONFIRMATION_OK"
2990,10141701752,10141701985,1,"IOTHUB_CLIENT_CONFIRMATION_OK"
2991,10141701952,10141702002,1,"IOTHUB_CLIENT_CONFIRMATION_OK"
2992,10141702152,10141702195,1,"IOTHUB_CLIENT_CONFIRMATION_OK"
2993,10141702352,10141702384,1,"IOTHUB_CLIENT_CONFIRMATION_OK"
2994,10141702553,10141702598,1,"IOTHUB_CLIENT_CONFIRMATION_OK"
2995,10141702753,10141702790,1,"IOTHUB_CLIENT_CONFIRMATION_OK"
2996,10141702953,10141702988,1,"IOTHUB_CLIENT_CONFIRMATION_OK"
2997,10141703153,10141703189,1,"IOTHUB_CLIENT_CONFIRMATION_OK"
2998,10141703353,10141703385,1,"IOTHUB_CLIENT_CONFIRMATION_OK"
2999,10141703553,10141703584,1,"IOTHUB_CLIENT_CONFIRMATION_OK"
3000,10141703753,10141703785,1,"IOTHUB_CLIENT_CONFIRMATION_OK"
3001,10141703954,10141704002,1,"IOTHUB_CLIENT_CONFIRMATION_OK"
3002,10141704154,10141704203,1,"IOTHUB_CLIENT_CONFIRMATION_OK"
3003,10141704354,10141704387,1,"IOTHUB_CLIENT_CONFIRMATION_OK"
3004,10141704554,10141704611,1,"IOTHUB_CLIENT_CONFIRMATION_OK"
3005,10141704754,10141704791,1,"IOTHUB_CLIENT_CONFIRMATION_OK"
3006,10141704954,10141705028,1,"IOTHUB_CLIENT_CONFIRMATION_OK"
3007,10141705154,10141705244,1,"IOTHUB_CLIENT_CONFIRMATION_OK"
3008,10141705355,10141705389,1,"IOTHUB_CLIENT_CONFIRMATION_OK"
3009,10141705555,10141705588,1,"IOTHUB_CLIENT_CONFIRMATION_OK"
3010,10141705755,10141705806,1,"IOTHUB_CLIENT_CONFIRMATION_OK"
3011,10141705955,10141706016,1,"IOTHUB_CLIENT_CONFIRMATION_OK"
3012,10141706155,10141706195,1,"IOTHUB_CLIENT_CONFIRMATION_OK"
3013,10141706355,10141706391,1,"IOTHUB_CLIENT_CONFIRMATION_OK"
3014,10141706555,10141706594,1,"IOTHUB_CLIENT_CONFIRMATION_OK"
3015,10141706756,10141706797,1,"IOTHUB_CLIENT_CONFIRMATION_OK"
3016,10141706956,10141706998,1,"IOTHUB_CLIENT_CONFIRMATION_OK"
3017,10141707156,10141707190,1,"IOTHUB_CLIENT_CONFIRMATION_OK"
3018,10141707356,10141707397,1,"IOTHUB_CLIENT_CONFIRMATION_OK"
3019,10141707556,10141707592,1,"IOTHUB_CLIENT_CONFIRMATION_OK"
3020,10141707756,10141707792,1,"IOTHUB_CLIENT_CONFIRMATION_OK"
3021,10141707956,10141708015,1,"IOTHUB_CLIENT_CONFIRMATION_OK"
3022,10141708157,10141708209,1,"IOTHUB_CLIENT_CONFIRMATION_OK"
3023,10141708357,10141708411,1,"IOTHUB_CLIENT_CONFIRMATION_OK"
3024,10141708557,10141708602,1,"IOTHUB_CLIENT_CONFIRMATION_OK"
3025,10141708757,10141708790,1,"IOTHUB_CLIENT_CONFIRMATION_OK"
3026,10141708957,10141709025,1,"IOTHUB_CLIENT_CONFIRMATION_OK"
3027,10141709158,10141709190,1,"IOTHUB_CLIENT_CONFIRMATION_OK"
3028,10141709358,10141709387,1,"IOTHUB_CLIENT_CONFIRMATION_OK"
3029,10141709558,10141709634,1,"IOTHUB_CLIENT_CONFIRMATION_OK"
3030,10141709758,10141709792,1,"IOTHUB_CLIENT_CONFIRMATION_OK"
3031,10141709958,10141710000,1,"IOTHUB_CLIENT_CONFIRMATION_OK"
3032,10141710158,10141710194,1,"IOTHUB_CLIENT_CONFIRMATION_OK"
3033,10141710359,10141710389,1,"IOTHUB_CLIENT_CONFIRMATION_OK"
3034,10141710559,10141710640,1,"IOTHUB_CLIENT_CONFIRMATION_OK"
3035,10141710759,10141710796,1,"IOTHUB_CLIENT_CONFIRMATION_OK"
3036,10141710959,10141710999,1,"IOTHUB_CLIENT_CONFIRMATION_OK"
3037,10141711159,10141711259,1,"IOTHUB_CLIENT_CONFIRMATION_OK"
3038,10141711359,10141711395,1,"IOTHUB_CLIENT_CONFIRMATION_OK"
3039,10141711560,10141711593,1,"IOTHUB_CLIENT_CONFIRMATION_OK"
3040,10141711760,10141711878,1,"IOTHUB_CLIENT_CONFIRMATION_OK"
3041,10141711960,10141711992,1,"IOTHUB_CLIENT_CONFIRMATION_OK"
3042,10141712160,10141712197,1,"IOTHUB_CLIENT_CONFIRMATION_OK"
3043,10141712360,10141712396,1,"IOTHUB_CLIENT_CONFIRMATION_OK"
3044,10141712560,10141712604,1,"IOTHUB_CLIENT_CONFIRMATION_OK"
3045,10141712761,10141712796,1,"IOTHUB_CLIENT_CONFIRMATION_OK"
3046,10141712961,10141713004,1,"IOTHUB_CLIENT_CONFIRMATION_OK"
3047,10141713161,10141713205,1,"IOTHUB_CLIENT_CONFIRMATION_OK"
3048,10141713361,10141713494,1,"IOTHUB_CLIENT_CONFIRMATION_OK"
3049,10141713561,10141713595,1,"IOTHUB_CLIENT_CONFIRMATION_OK"
3050,10141713761,10141713796,1,"IOTHUB_CLIENT_CONFIRMATION_OK"
3051,10141713961,10141714114,1,"IOTHUB_CLIENT_CONFIRMATION_OK"
3052,10141714162,10141714194,1,"IOTHUB_CLIENT_CONFIRMATION_OK"
3053,10141714362,10141714395,1,"IOTHUB_CLIENT_CONFIRMATION_OK"
3054,10141714562,10141714613,1,"IOTHUB_CLIENT_CONFIRMATION_OK"
3055,10141714762,10141714797,1,"IOTHUB_CLIENT_CONFIRMATION_OK"
3056,10141714962,10141714995,1,"IOTHUB_CLIENT_CONFIRMATION_OK"
3057,10141715162,10141715195,1,"IOTHUB_CLIENT_CONFIRMATION_OK"
3058,10141715363,10141715397,1,"IOTHUB_CLIENT_CONFIRMATION_OK"
3059,10141715563,10141715714,1,"IOTHUB_CLIENT_CONFIRMATION_OK"
3060,10141715763,10141715796,1,"IOTHUB_CLIENT_CONFIRMATION_OK"
3061,10141715963,10141716003,1,"IOTHUB_CLIENT_CONFIRMATION_OK"
3062,10141716163,10141716349,1,"IOTHUB_CLIENT_CONFIRMATION_OK"
3063,10141716363,10141716394,1,"IOTHUB_CLIENT_CONFIRMATION_OK"
3064,10141716564,10141716627,1,"IOTHUB_CLIENT_CONFIRMATION_OK"
3065,10141716764,10141716798,1,"IOTHUB_CLIENT_CONFIRMATION_OK"
3066,10141716964,10141716994,1,"IOTHUB_CLIENT_CONFIRMATION_OK"
3067,10141717164,10141717203,1,"IOTHUB_CLIENT_CONFIRMATION_OK"
3068,10141717364,10141717404,1,"IOTHUB_CLIENT_CONFIRMATION_OK"
3069,10141717564,10141717602,1,"IOTHUB_CLIENT_CONFIRMATION_OK"
3070,10141717764,10141717837,1,"IOTHUB_CLIENT_CONFIRMATION_OK"
3071,10141717965,10141718042,1,"IOTHUB_CLIENT_CONFIRMATION_OK"
3072,10141718165,10141718201,1,"IOTHUB_CLIENT_CONFIRMATION_OK"
3073,10141718365,10141718412,1,"IOTHUB_CLIENT_CONFIRMATION_OK"
3074,10141718565,10141718601,1,"IOTHUB_CLIENT_CONFIRMATION_OK"
3075,10141718765,10141718801,1,"IOTHUB_CLIENT_CONFIRMATION_OK"
3076,10141718966,10141719003,1,"IOTHUB_CLIENT_CONFIRMATION_OK"
3077,10141719166,10141719200,1,"IOTHUB_CLIENT_CONFIRMATION_OK"
3078,10141719366,10141719402,1,"IOTHUB_CLIENT_CONFIRMATION_OK"
3079,10141719566,10141719610,1,"IOTHUB_CLIENT_CONFIRMATION_OK"
3080,10141719766,10141719805,1,"IOTHUB_CLIENT_CONFIRMATION_OK"
3081,10141719966,10141720007,1,"IOTHUB_CLIENT_CONFIRMATION_OK"
3082,10141720167,10141720221,1,"IOTHUB_CLIENT_CONFIRMATION_OK"
3083,10141720367,10141720396,1,"IOTHUB_CLIENT_CONFIRMATION_OK"
3084,10141720567,10141720641,1,"IOTHUB_CLIENT_CONFIRMATION_OK"
3085,10141720767,10141720805,1,"IOTHUB_CLIENT_CONFIRMATION_OK"
3086,10141720967,10141721038,1,"IOTHUB_CLIENT_CONFIRMATION_OK"
3087,10141721167,10141721229,1,"IOTHUB_CLIENT_CONFIRMATION_OK"
3088,10141721367,10141721401,1,"IOTHUB_CLIENT_CONFIRMATION_OK"
3089,10141721568,10141721605,1,"IOTHUB_CLIENT_CONFIRMATION_OK"
3090,10141721768,10141721850,1,"IOTHUB_CLIENT_CONFIRMATION_OK"
3091,10141721968,10141722059,1,"IOTHUB_CLIENT_CONFIRMATION_OK"
3092,10141722168,10141722208,1,"IOTHUB_CLIENT_CONFIRMATION_OK"
3093,10141722368,10141722461,1,"IOTHUB_CLIENT_CONFIRMATION_OK"
3094,10141722568,10141722606,1,"IOTHUB_CLIENT_CONFIRMATION_OK"
3095,10141722769,10141722811,1,"IOTHUB_CLIENT_CONFIRMATION_OK"
3096,10141722969,10141722998,1,"IOTHUB_CLIENT_CONFIRMATION_OK"
3097,10141723169,10141723205,1,"IOTHUB_CLIENT_CONFIRMATION_OK"
3098,10141723369,10141723478,1,"IOTHUB_CLIENT_CONFIRMATION_OK"
3099,10141723569,10141723599,1,"IOTHUB_CLIENT_CONFIRMATION_OK"
3100,10141723769,10141723803,1,"IOTHUB_CLIENT_CONFIRMATION_OK"
3101,10141723970,10141724087,1,"IOTHUB_CLIENT_CONFIRMATION_OK"
3102,10141724170,10141724210,1,"IOTHUB_CLIENT_CONFIRMATION_OK"
3103,10141724370,10141724409,1,"IOTHUB_CLIENT_CONFIRMATION_OK"
3104,10141724570,10141724606,1,"IOTHUB_CLIENT_CONFIRMATION_OK"
3105,10141724770,10141724811,1,"IOTHUB_CLIENT_CONFIRMATION_OK"
3106,10141724970,10141725010,1,"IOTHUB_CLIENT_CONFIRMATION_OK"
3107,10141725171,10141725206,1,"IOTHUB_CLIENT_CONFIRMATION_OK"
3108,10141725371,10141725401,1,"IOTHUB_CLIENT_CONFIRMATION_OK"
3109,10141725571,10141725709,1,"IOTHUB_CLIENT_CONFIRMATION_OK"
3110,10141725771,10141725810,1,"IOTHUB_CLIENT_CONFIRMATION_OK"
3111,10141725971,10141726020,1,"IOTHUB_CLIENT_CONFIRMATION_OK"
3112,10141726171,10141726322,1,"IOTHUB_CLIENT_CONFIRMATION_OK"
3113,10141726372,10141726403,1,"IOTHUB_CLIENT_CONFIRMATION_OK"
3114,10141726572,10141726610,1,"IOTHUB_CLIENT_CONFIRMATION_OK"
3115,10141726772,10141726803,1,"IOTHUB_CLIENT_CONFIRMATION_OK"
3116,10141726972,10141727009,1,"IOTHUB_CLIENT_CONFIRMATION_OK"
3117,10141727172,10141727240,1,"IOTHUB_CLIENT_CONFIRMATION_OK"
3118,10141727372,10141727405,1,"IOTHUB_CLIENT_CONFIRMATION_OK"
3119,10141727573,10141727611,1,"IOTHUB_CLIENT_CONFIRMATION_OK"
3120,10141727773,10141727810,1,"IOTHUB_CLIENT_CONFIRMATION_OK"
3121,10141727973,10141728038,1,"IOTHUB_CLIENT_CONFIRMATION_OK"
3122,10141728173,10141728214,1,"IOTHUB_CLIENT_CONFIRMATION_OK"
3123,10141728373,10141728574,1,"IOTHUB_CLIENT_CONFIRMATION_OK"
3124,10141728573,10141728642,1,"IOTHUB_CLIENT_CONFIRMATION_OK"
3125,10141728774,10141728835,1,"IOTHUB_CLIENT_CONFIRMATION_OK"
3126,10141728974,10141729002,1,"IOTHUB_CLIENT_CONFIRMATION_OK"
3127,10141729174,10141729203,1,"IOTHUB_CLIENT_CONFIRMATION_OK"
3128,10141729374,10141729438,1,"IOTHUB_CLIENT_CONFIRMATION_OK"
3129,10141729574,10141729616,1,"IOTHUB_CLIENT_CONFIRMATION_OK"
3130,10141729774,10141729808,1,"IOTHUB_CLIENT_CONFIRMATION_OK"
3131,10141729974,10141730030,1,"IOTHUB_CLIENT_CONFIRMATION_OK"
3132,10141730175,10141730212,1,"IOTHUB_CLIENT_CONFIRMATION_OK"
3133,10141730375,10141730417,1,"IOTHUB_CLIENT_CONFIRMATION_OK"
3134,10141730575,10141730641,1,"IOTHUB_CLIENT_CONFIRMATION_OK"
3135,10141730775,10141730807,1,"IOTHUB_CLIENT_CONFIRMATION_OK"
3136,10141730975,10141731038,1,"IOTHUB_CLIENT_CONFIRMATION_OK"
3137,10141731175,10141731243,1,"IOTHUB_CLIENT_CONFIRMATION_OK"
3138,10141731375,10141731419,1,"IOTHUB_CLIENT_CONFIRMATION_OK"
3139,10141731576,10141731612,1,"IOTHUB_CLIENT_CONFIRMATION_OK"
3140,10141731776,10141731857,1,"IOTHUB_CLIENT_CONFIRMATION_OK"
3141,10141731976,10141732016,1,"IOTHUB_CLIENT_CONFIRMATION_OK"
3142,10141732176,10141732206,1,"IOTHUB_CLIENT_CONFIRMATION_OK"
3143,10141732376,10141732417,1,"IOTHUB_CLIENT_CONFIRMATION_OK"
3144,10141732576,10141732624,1,"IOTHUB_CLIENT_CONFIRMATION_OK"
3145,10141732777,10141732816,1,"IOTHUB_CLIENT_CONFIRMATION_OK"
3146,10141732977,10141733016,1,"IOTHUB_CLIENT_CONFIRMATION_OK"
3147,10141733177,10141733209,1,"IOTHUB_CLIENT_CONFIRMATION_OK"
3148,10141733377,10141733480,1,"IOTHUB_CLIENT_CONFIRMATION_OK"
3149,10141733577,10141733638,1,"IOTHUB_CLIENT_CONFIRMATION_OK"
3150,10141733777,10141733811,1,"IOTHUB_CLIENT_CONFIRMATION_OK"
3151,10141733978,10141734097,1,"IOTHUB_CLIENT_CONFIRMATION_OK"
3152,10141734178,10141734214,1,"IOTHUB_CLIENT_CONFIRMATION_OK"
3153,10141734378,10141734412,1,"IOTHUB_CLIENT_CONFIRMATION_OK"
3154,10141734578,10141734616,1,"IOTHUB_CLIENT_CONFIRMATION_OK"
3155,10141734778,10141734811,1,"IOTHUB_CLIENT_CONFIRMATION_OK"
3156,10141734978,10141735021,1,"IOTHUB_CLIENT_CONFIRMATION_OK"
3157,10141735178,10141735248,1,"IOTHUB_CLIENT_CONFIRMATION_OK"
3158,10141735379,10141735421,1,"IOTHUB_CLIENT_CONFIRMATION_OK"
3159,10141735579,10141735720,1,"IOTHUB_CLIENT_CONFIRMATION_OK"
3160,10141735779,10141735813,1,"IOTHUB_CLIENT_CONFIRMATION_OK"
3161,10141735979,10141736013,1,"IOTHUB_CLIENT_CONFIRMATION_OK"
3162,10141736179,10141736327,1,"IOTHUB_CLIENT_CONFIRMATION_OK"
3163,10141736379,10141736424,1,"IOTHUB_CLIENT_CONFIRMATION_OK"
3164,10141736580,10141736635,1,"IOTHUB_CLIENT_CONFIRMATION_OK"
3165,10141736780,10141736815,1,"IOTHUB_CLIENT_CONFIRMATION_OK"
3166,10141736980,10141737021,1,"IOTHUB_CLIENT_CONFIRMATION_OK"
3167,10141737180,10141737305,1,"IOTHUB_CLIENT_CONFIRMATION_OK"
3168,10141737380,10141737429,1,"IOTHUB_CLIENT_CONFIRMATION_OK"
3169,10141737580,10141737623,1,"IOTHUB_CLIENT_CONFIRMATION_OK"
3170,10141737780,10141737841,1,"IOTHUB_CLIENT_CONFIRMATION_OK"
3171,10141737981,10141738020,1,"IOTHUB_CLIENT_CONFIRMATION_OK"
3172,10141738181,10141738219,1,"IOTHUB_CLIENT_CONFIRMATION_OK"
3173,10141738381,10141738574,1,"IOTHUB_CLIENT_CONFIRMATION_OK"
3174,10141738581,10141738617,1,"IOTHUB_CLIENT_CONFIRMATION_OK"
3175,10141738781,10141738820,1,"IOTHUB_CLIENT_CONFIRMATION_OK"
3176,10141738981,10141739015,1,"IOTHUB_CLIENT_CONFIRMATION_OK"
3177,10141739182,10141739220,1,"IOTHUB_CLIENT_CONFIRMATION_OK"
3178,10141739382,10141739421,1,"IOTHUB_CLIENT_CONFIRMATION_OK"
3179,10141739582,10141739615,1,"IOTHUB_CLIENT_CONFIRMATION_OK"
3180,10141739782,10141739826,1,"IOTHUB_CLIENT_CONFIRMATION_OK"
3181,10141739982,10141740017,1,"IOTHUB_CLIENT_CONFIRMATION_OK"
3182,10141740182,10141740226,1,"IOTHUB_CLIENT_CONFIRMATION_OK"
3183,10141740383,10141740424,1,"IOTHUB_CLIENT_CONFIRMATION_OK"
3184,10141740583,10141740796,1,"IOTHUB_CLIENT_CONFIRMATION_OK"
3185,10141740783,10141740815,1,"IOTHUB_CLIENT_CONFIRMATION_OK"
3186,10141740983,10141741037,1,"IOTHUB_CLIENT_CONFIRMATION_OK"
3187,10141741183,10141741223,1,"IOTHUB_CLIENT_CONFIRMATION_OK"
3188,10141741383,10141741418,1,"IOTHUB_CLIENT_CONFIRMATION_OK"
3189,10141741583,10141741612,1,"IOTHUB_CLIENT_CONFIRMATION_OK"
3190,10141741784,10141741828,1,"IOTHUB_CLIENT_CONFIRMATION_OK"
3191,10141741984,10141742015,1,"IOTHUB_CLIENT_CONFIRMATION_OK"
3192,10141742184,10141742225,1,"IOTHUB_CLIENT_CONFIRMATION_OK"
3193,10141742384,10141742448,1,"IOTHUB_CLIENT_CONFIRMATION_OK"
3194,10141742584,10141742635,1,"IOTHUB_CLIENT_CONFIRMATION_OK"
3195,10141742784,10141742813,1,"IOTHUB_CLIENT_CONFIRMATION_OK"
3196,10141742984,10141743014,1,"IOTHUB_CLIENT_CONFIRMATION_OK"
3197,10141743185,10141743217,1,"IOTHUB_CLIENT_CONFIRMATION_OK"
3198,10141743385,10141743463,1,"IOTHUB_CLIENT_CONFIRMATION_OK"
3199,10141743585,10141743615,1,"IOTHUB_CLIENT_CONFIRMATION_OK"
3200,10141743785,10141743844,1,"IOTHUB_CLIENT_CONFIRMATION_OK"
3201,10141743985,10141744082,1,"IOTHUB_CLIENT_CONFIRMATION_OK"
3202,10141744185,10141744233,1,"IOTHUB_CLIENT_CONFIRMATION_OK"
3203,10141744385,10141744431,1,"IOTHUB_CLIENT_CONFIRMATION_OK"
3204,10141744586,10141744633,1,"IOTHUB_CLIENT_CONFIRMATION_OK"
3205,10141744786,10141744819,1,"IOTHUB_CLIENT_CONFIRMATION_OK"
3206,10141744986,10141745026,1,"IOTHUB_CLIENT_CONFIRMATION_OK"
3207,10141745186,10141745217,1,"IOTHUB_CLIENT_CONFIRMATION_OK"
3208,10141745386,10141745424,1,"IOTHUB_CLIENT_CONFIRMATION_OK"
3209,10141745587,10141745704,1,"IOTHUB_CLIENT_CONFIRMATION_OK"
3210,10141745787,10141745863,1,"IOTHUB_CLIENT_CONFIRMATION_OK"
3211,10141745987,10141746024,1,"IOTHUB_CLIENT_CONFIRMATION_OK"
3212,10141746187,10141746317,1,"IOTHUB_CLIENT_CONFIRMATION_OK"
3213,10141746387,10141746431,1,"IOTHUB_CLIENT_CONFIRMATION_OK"
3214,10141746587,10141746629,1,"IOTHUB_CLIENT_CONFIRMATION_OK"
3215,10141746788,10141746822,1,"IOTHUB_CLIENT_CONFIRMATION_OK"
3216,10141746988,10141747024,1,"IOTHUB_CLIENT_CONFIRMATION_OK"
3217,10141747188,10141747229,1,"IOTHUB_CLIENT_CONFIRMATION_OK"
3218,10141747388,10141747425,1,"IOTHUB_CLIENT_CONFIRMATION_OK"
3219,10141747588,10141747632,1,"IOTHUB_CLIENT_CONFIRMATION_OK"
3220,10141747788,10141747826,1,"IOTHUB_CLIENT_CONFIRMATION_OK"
3221,10141747988,10141748024,1,"IOTHUB_CLIENT_CONFIRMATION_OK"
3222,10141748189,10141748249,1,"IOTHUB_CLIENT_CONFIRMATION_OK"
3223,10141748389,10141748552,1,"IOTHUB_CLIENT_CONFIRMATION_OK"
3224,10141748589,10141748625,1,"IOTHUB_CLIENT_CONFIRMATION_OK"
3225,10141748789,10141748824,1,"IOTHUB_CLIENT_CONFIRMATION_OK"
3226,10141748989,10141749027,1,"IOTHUB_CLIENT_CONFIRMATION_OK"
3227,10141749189,10141749222,1,"IOTHUB_CLIENT_CONFIRMATION_OK"
3228,10141749390,10141749421,1,"IOTHUB_CLIENT_CONFIRMATION_OK"
3229,10141749590,10141749628,1,"IOTHUB_CLIENT_CONFIRMATION_OK"
3230,10141749790,10141749819,1,"IOTHUB_CLIENT_CONFIRMATION_OK"
3231,10141749990,10141750027,1,"IOTHUB_CLIENT_CONFIRMATION_OK"
3232,10141750190,10141750224,1,"IOTHUB_CLIENT_CONFIRMATION_OK"
3233,10141750390,10141750429,1,"IOTHUB_CLIENT_CONFIRMATION_OK"
3234,10141750590,10141750797,1,"IOTHUB_CLIENT_CONFIRMATION_OK"
3235,10141750791,10141750826,1,"IOTHUB_CLIENT_CONFIRMATION_OK"
3236,10141750991,10141751032,1,"IOTHUB_CLIENT_CONFIRMATION_OK"
3237,10141751191,10141751229,1,"IOTHUB_CLIENT_CONFIRMATION_OK"
3238,10141751391,10141751423,1,"IOTHUB_CLIENT_CONFIRMATION_OK"
3239,10141751591,10141751621,1,"IOTHUB_CLIENT_CONFIRMATION_OK"
3240,10141751791,10141751850,1,"IOTHUB_CLIENT_CONFIRMATION_OK"
3241,10141751991,10141752025,1,"IOTHUB_CLIENT_CONFIRMATION_OK"
3242,10141752192,10141752229,1,"IOTHUB_CLIENT_CONFIRMATION_OK"
3243,10141752392,10141752453,1,"IOTHUB_CLIENT_CONFIRMATION_OK"
3244,10141752592,10141752623,1,"IOTHUB_CLIENT_CONFIRMATION_OK"
3245,10141752792,10141752830,1,"IOTHUB_CLIENT_CONFIRMATION_OK"
3246,10141752992,10141753033,1,"IOTHUB_CLIENT_CONFIRMATION_OK"
3247,10141753192,10141753223,1,"IOTHUB_CLIENT_CONFIRMATION_OK"
3248,10141753393,10141753444,1,"IOTHUB_CLIENT_CONFIRMATION_OK"
3249,10141753593,10141753623,1,"IOTHUB_CLIENT_CONFIRMATION_OK"
3250,10141753793,10141753824,1,"IOTHUB_CLIENT_CONFIRMATION_OK"
3251,10141753993,10141754047,1,"IOTHUB_CLIENT_CONFIRMATION_OK"
3252,10141754193,10141754225,1,"IOTHUB_CLIENT_CONFIRMATION_OK"
3253,10141754394,10141754428,1,"IOTHUB_CLIENT_CONFIRMATION_OK"
3254,10141754594,10141754657,1,"IOTHUB_CLIENT_CONFIRMATION_OK"
3255,10141754794,10141754834,1,"IOTHUB_CLIENT_CONFIRMATION_OK"
3256,10141754994,10141755048,1,"IOTHUB_CLIENT_CONFIRMATION_OK"
3257,10141755194,10141755231,1,"IOTHUB_CLIENT_CONFIRMATION_OK"
3258,10141755394,10141755437,1,"IOTHUB_CLIENT_CONFIRMATION_OK"
3259,10141755594,10141755670,1,"IOTHUB_CLIENT_CONFIRMATION_OK"
3260,10141755795,10141755830,1,"IOTHUB_CLIENT_CONFIRMATION_OK"
3261,10141755995,10141756031,1,"IOTHUB_CLIENT_CONFIRMATION_OK"
3262,10141756195,10141756293,1,"IOTHUB_CLIENT_CONFIRMATION_OK"
3263,10141756395,10141756437,1,"IOTHUB_CLIENT_CONFIRMATION_OK"
3264,10141756595,10141756631,1,"IOTHUB_CLIENT_CONFIRMATION_OK"
3265,10141756795,10141756833,1,"IOTHUB_CLIENT_CONFIRMATION_OK"
3266,10141756995,10141757035,1,"IOTHUB_CLIENT_CONFIRMATION_OK"
3267,10141757196,10141757229,1,"IOTHUB_CLIENT_CONFIRMATION_OK"
3268,10141757396,10141757428,1,"IOTHUB_CLIENT_CONFIRMATION_OK"
3269,10141757596,10141757635,1,"IOTHUB_CLIENT_CONFIRMATION_OK"
3270,10141757796,10141757905,1,"IOTHUB_CLIENT_CONFIRMATION_OK"
3271,10141757996,10141758029,1,"IOTHUB_CLIENT_CONFIRMATION_OK"
3272,10141758196,10141758294,1,"IOTHUB_CLIENT_CONFIRMATION_OK"
3273,10141758396,10141758529,1,"IOTHUB_CLIENT_CONFIRMATION_OK"
3274,10141758597,10141758630,1,"IOTHUB_CLIENT_CONFIRMATION_OK"
3275,10141758797,10141758842,1,"IOTHUB_CLIENT_CONFIRMATION_OK"
3276,10141758997,10141759049,1,"IOTHUB_CLIENT_CONFIRMATION_OK"
3277,10141759197,10141759242,1,"IOTHUB_CLIENT_CONFIRMATION_OK"
3278,10141759397,10141759482,1,"IOTHUB_CLIENT_CONFIRMATION_OK"
3279,10141759597,10141759630,1,"IOTHUB_CLIENT_CONFIRMATION_OK"
3280,10141759798,10141759833,1,"IOTHUB_CLIENT_CONFIRMATION_OK"
3281,10141759998,10141760134,1,"IOTHUB_CLIENT_CONFIRMATION_OK"
3282,10141760198,10141760235,1,"IOTHUB_CLIENT_CONFIRMATION_OK"
3283,10141760398,10141760462,1,"IOTHUB_CLIENT_CONFIRMATION_OK"
3284,10141760598,10141760755,1,"IOTHUB_CLIENT_CONFIRMATION_OK"
3285,10141760798,10141760836,1,"IOTHUB_CLIENT_CONFIRMATION_OK"
3286,10141760999,10141761038,1,"IOTHUB_CLIENT_CONFIRMATION_OK"
3287,10141761199,10141761238,1,"IOTHUB_CLIENT_CONFIRMATION_OK"
3288,10141761399,10141761427,1,"IOTHUB_CLIENT_CONFIRMATION_OK"
3289,10141761599,10141761638,1,"IOTHUB_CLIENT_CONFIRMATION_OK"
3290,10141761799,10141761832,1,"IOTHUB_CLIENT_CONFIRMATION_OK"
3291,10141761999,10141762070,1,"IOTHUB_CLIENT_CONFIRMATION_OK"
3292,10141762199,10141762233,1,"IOTHUB_CLIENT_CONFIRMATION_OK"
3293,10141762400,10141762453,1,"IOTHUB_CLIENT_CONFIRMATION_OK"
3294,10141762600,10141762648,1,"IOTHUB_CLIENT_CONFIRMATION_OK"
3295,10141762800,10141762999,1,"IOTHUB_CLIENT_CONFIRMATION_OK"
3296,10141763000,10141763039,1,"IOTHUB_CLIENT_CONFIRMATION_OK"
3297,10141763200,10141763244,1,"IOTHUB_CLIENT_CONFIRMATION_OK"
3298,10141763400,10141763595,1,"IOTHUB_CLIENT_CONFIRMATION_OK"
3299,10141763600,10141763636,1,"IOTHUB_CLIENT_CONFIRMATION_OK"
3300,10141763801,10141763837,1,"IOTHUB_CLIENT_CONFIRMATION_OK"
3301,10141764001,10141764034,1,"IOTHUB_CLIENT_CONFIRMATION_OK"
3302,10141764201,10141764234,1,"IOTHUB_CLIENT_CONFIRMATION_OK"
3303,10141764401,10141764434,1,"IOTHUB_CLIENT_CONFIRMATION_OK"
3304,10141764601,10141764640,1,"IOTHUB_CLIENT_CONFIRMATION_OK"
3305,10141764801,10141764887,1,"IOTHUB_CLIENT_CONFIRMATION_OK"
3306,10141765002,10141765224,1,"IOTHUB_CLIENT_CONFIRMATION_OK"
3307,10141765202,10141765250,1,"IOTHUB_CLIENT_CONFIRMATION_OK"
3308,10141765402,10141765437,1,"IOTHUB_CLIENT_CONFIRMATION_OK"
3309,10141765602,10141765654,1,"IOTHUB_CLIENT_CONFIRMATION_OK"
3310,10141765802,10141765849,1,"IOTHUB_CLIENT_CONFIRMATION_OK"
3311,10141766002,10141766058,1,"IOTHUB_CLIENT_CONFIRMATION_OK"
3312,10141766202,10141766236,1,"IOTHUB_CLIENT_CONFIRMATION_OK"
3313,10141766403,10141766434,1,"IOTHUB_CLIENT_CONFIRMATION_OK"
3314,10141766603,10141766644,1,"IOTHUB_CLIENT_CONFIRMATION_OK"
3315,10141766803,10141766854,1,"IOTHUB_CLIENT_CONFIRMATION_OK"
3316,10141767003,10141767044,1,"IOTHUB_CLIENT_CONFIRMATION_OK"
3317,10141767203,10141767240,1,"IOTHUB_CLIENT_CONFIRMATION_OK"
3318,10141767403,10141767437,1,"IOTHUB_CLIENT_CONFIRMATION_OK"
3319,10141767603,10141767656,1,"IOTHUB_CLIENT_CONFIRMATION_OK"
3320,10141767804,10141767868,1,"IOTHUB_CLIENT_CONFIRMATION_OK"
3321,10141768004,10141768040,1,"IOTHUB_CLIENT_CONFIRMATION_OK"
3322,10141768204,10141768235,1,"IOTHUB_CLIENT_CONFIRMATION_OK"
3323,10141768404,10141768470,1,"IOTHUB_CLIENT_CONFIRMATION_OK"
3324,10141768604,10141768666,1,"IOTHUB_CLIENT_CONFIRMATION_OK"
3325,10141768804,10141768859,1,"IOTHUB_CLIENT_CONFIRMATION_OK"
3326,10141769005,10141769084,1,"IOTHUB_CLIENT_CONFIRMATION_OK"
3327,10141769205,10141769239,1,"IOTHUB_CLIENT_CONFIRMATION_OK"
3328,10141769405,10141769442,1,"IOTHUB_CLIENT_CONFIRMATION_OK"
3329,10141769605,10141769642,1,"IOTHUB_CLIENT_CONFIRMATION_OK"
3330,10141769805,10141769845,1,"IOTHUB_CLIENT_CONFIRMATION_OK"
3331,10141770005,10141770088,1,"IOTHUB_CLIENT_CONFIRMATION_OK"
3332,10141770205,10141770241,1,"IOTHUB_CLIENT_CONFIRMATION_OK"
3333,10141770406,10141770472,1,"IOTHUB_CLIENT_CONFIRMATION_OK"
3334,10141770606,10141770704,1,"IOTHUB_CLIENT_CONFIRMATION_OK"
3335,10141770806,10141770842,1,"IOTHUB_CLIENT_CONFIRMATION_OK"
3336,10141771006,10141771039,1,"IOTHUB_CLIENT_CONFIRMATION_OK"
3337,10141771206,10141771383,1,"IOTHUB_CLIENT_CONFIRMATION_OK"
3338,10141771406,10141771445,1,"IOTHUB_CLIENT_CONFIRMATION_OK"
3339,10141771607,10141771647,1,"IOTHUB_CLIENT_CONFIRMATION_OK"
3340,10141771807,10141771855,1,"IOTHUB_CLIENT_CONFIRMATION_OK"
3341,10141772007,10141772091,1,"IOTHUB_CLIENT_CONFIRMATION_OK"
3342,10141772207,10141772240,1,"IOTHUB_CLIENT_CONFIRMATION_OK"
3343,10141772407,10141772453,1,"IOTHUB_CLIENT_CONFIRMATION_OK"
3344,10141772607,10141772639,1,"IOTHUB_CLIENT_CONFIRMATION_OK"
3345,10141772808,10141772941,1,"IOTHUB_CLIENT_CONFIRMATION_OK"
3346,10141773008,10141773038,1,"IOTHUB_CLIENT_CONFIRMATION_OK"
3347,10141773208,10141773246,1,"IOTHUB_CLIENT_CONFIRMATION_OK"
3348,10141773408,10141773550,1,"IOTHUB_CLIENT_CONFIRMATION_OK"
3349,10141773608,10141773642,1,"IOTHUB_CLIENT_CONFIRMATION_OK"
3350,10141773808,10141773840,1,"IOTHUB_CLIENT_CONFIRMATION_OK"
3351,10141774008,10141774044,1,"IOTHUB_CLIENT_CONFIRMATION_OK"
3352,10141774209,10141774244,1,"IOTHUB_CLIENT_CONFIRMATION_OK"
3353,10141774409,10141774448,1,"IOTHUB_CLIENT_CONFIRMATION_OK"
3354,10141774609,10141775047,1,"IOTHUB_CLIENT_CONFIRMATION_OK"
3355,10141774809,10141775285,1,"IOTHUB_CLIENT_CONFIRMATION_OK"
3356,10141775009,10141775339,1,"IOTHUB_CLIENT_CONFIRMATION_OK"
3357,10141775209,10141775384,1,"IOTHUB_CLIENT_CONFIRMATION_OK"
3358,10141775410,10141775443,1,"IOTHUB_CLIENT_CONFIRMATION_OK"
3359,10141775610,10141775800,1,"IOTHUB_CLIENT_CONFIRMATION_OK"
3360,10141775810,10141775848,1,"IOTHUB_CLIENT_CONFIRMATION_OK"
3361,10141776010,10141776043,1,"IOTHUB_CLIENT_CONFIRMATION_OK"
3362,10141776210,10141776250,1,"IOTHUB_CLIENT_CONFIRMATION_OK"
3363,10141776410,10141776447,1,"IOTHUB_CLIENT_CONFIRMATION_OK"
3364,10141776611,10141776643,1,"IOTHUB_CLIENT_CONFIRMATION_OK"
3365,10141776811,10141776859,1,"IOTHUB_CLIENT_CONFIRMATION_OK"
3366,10141777011,10141777066,1,"IOTHUB_CLIENT_CONFIRMATION_OK"
3367,10141777211,10141777288,1,"IOTHUB_CLIENT_CONFIRMATION_OK"
3368,10141777411,10141777451,1,"IOTHUB_CLIENT_CONFIRMATION_OK"
3369,10141777611,10141777646,1,"IOTHUB_CLIENT_CONFIRMATION_OK"
3370,10141777811,10141777862,1,"IOTHUB_CLIENT_CONFIRMATION_OK"
3371,10141778012,10141778046,1,"IOTHUB_CLIENT_CONFIRMATION_OK"
3372,10141778212,10141778242,1,"IOTHUB_CLIENT_CONFIRMATION_OK"
3373,10141778412,10141778572,1,"IOTHUB_CLIENT_CONFIRMATION_OK"
3374,10141778612,10141778656,1,"IOTHUB_CLIENT_CONFIRMATION_OK"
3375,10141778812,10141778858,1,"IOTHUB_CLIENT_CONFIRMATION_OK"
3376,10141779012,10141779134,1,"IOTHUB_CLIENT_CONFIRMATION_OK"
3377,10141779212,10141779250,1,"IOTHUB_CLIENT_CONFIRMATION_OK"
3378,10141779413,10141779450,1,"IOTHUB_CLIENT_CONFIRMATION_OK"
3379,10141779613,10141779660,1,"IOTHUB_CLIENT_CONFIRMATION_OK"
3380,10141779813,10141779846,1,"IOTHUB_CLIENT_CONFIRMATION_OK"
3381,10141780013,10141780228,1,"IOTHUB_CLIENT_CONFIRMATION_OK"
3382,10141780213,10141780293,1,"IOTHUB_CLIENT_CONFIRMATION_OK"
3383,10141780413,10141780454,1,"IOTHUB_CLIENT_CONFIRMATION_OK"
3384,10141780614,10141780642,1,"IOTHUB_CLIENT_CONFIRMATION_OK"
3385,10141780814,10141780864,1,"IOTHUB_CLIENT_CONFIRMATION_OK"
3386,10141781014,10141781049,1,"IOTHUB_CLIENT_CONFIRMATION_OK"
3387,10141781214,10141781254,1,"IOTHUB_CLIENT_CONFIRMATION_OK"
3388,10141781414,10141781452,1,"IOTHUB_CLIENT_CONFIRMATION_OK"
3389,10141781614,10141781651,1,"IOTHUB_CLIENT_CONFIRMATION_OK"
3390,10141781815,10141781854,1,"IOTHUB_CLIENT_CONFIRMATION_OK"
3391,10141782015,10141782053,1,"IOTHUB_CLIENT_CONFIRMATION_OK"
3392,10141782215,10141782441,1,"IOTHUB_CLIENT_CONFIRMATION_OK"
3393,10141782415,10141782462,1,"IOTHUB_CLIENT_CONFIRMATION_OK"
3394,10141782615,10141782670,1,"IOTHUB_CLIENT_CONFIRMATION_OK"
3395,10141782815,10141782976,1,"IOTHUB_CLIENT_CONFIRMATION_OK"
3396,10141783015,10141783050,1,"IOTHUB_CLIENT_CONFIRMATION_OK"
3397,10141783216,10141783277,1,"IOTHUB_CLIENT_CONFIRMATION_OK"
3398,10141783416,10141783460,1,"IOTHUB_CLIENT_CONFIRMATION_OK"
3399,10141783616,10141783658,1,"IOTHUB_CLIENT_CONFIRMATION_OK"
3400,10141783816,10141783860,1,"IOTHUB_CLIENT_CONFIRMATION_OK"
3401,10141784016,10141784053,1,"IOTHUB_CLIENT_CONFIRMATION_OK"
3402,10141784216,10141784251,1,"IOTHUB_CLIENT_CONFIRMATION_OK"
3403,10141784416,10141784458,1,"IOTHUB_CLIENT_CONFIRMATION_OK"
3404,10141784617,10141784660,1,"IOTHUB_CLIENT_CONFIRMATION_OK"
3405,10141784817,10141784859,1,"IOTHUB_CLIENT_CONFIRMATION_OK"
3406,10141785017,10141785208,1,"IOTHUB_CLIENT_CONFIRMATION_OK"
3407,10141785217,10141785265,1,"IOTHUB_CLIENT_CONFIRMATION_OK"
3408,10141785417,10141785454,1,"IOTHUB_CLIENT_CONFIRMATION_OK"
3409,10141785617,10141785653,1,"IOTHUB_CLIENT_CONFIRMATION_OK"
3410,10141785817,10141785859,1,"IOTHUB_CLIENT_CONFIRMATION_OK"
3411,10141786018,10141786056,1,"IOTHUB_CLIENT_CONFIRMATION_OK"
3412,10141786218,10141786270,1,"IOTHUB_CLIENT_CONFIRMATION_OK"
3413,10141786418,10141786467,1,"IOTHUB_CLIENT_CONFIRMATION_OK"
3414,10141786618,10141786653,1,"IOTHUB_CLIENT_CONFIRMATION_OK"
3415,10141786818,10141786880,1,"IOTHUB_CLIENT_CONFIRMATION_OK"
3416,10141787018,10141787063,1,"IOTHUB_CLIENT_CONFIRMATION_OK"
3417,10141787219,10141787434,1,"IOTHUB_CLIENT_CONFIRMATION_OK"
3418,10141787419,10141787454,1,"IOTHUB_CLIENT_CONFIRMATION_OK"
3419,10141787619,10141787655,1,"IOTHUB_CLIENT_CONFIRMATION_OK"
3420,10141787819,10141787881,1,"IOTHUB_CLIENT_CONFIRMATION_OK"
3421,10141788019,10141788053,1,"IOTHUB_CLIENT_CONFIRMATION_OK"
3422,10141788219,10141788255,1,"IOTHUB_CLIENT_CONFIRMATION_OK"
3423,10141788419,10141788473,1,"IOTHUB_CLIENT_CONFIRMATION_OK"
3424,10141788620,10141788656,1,"IOTHUB_CLIENT_CONFIRMATION_OK"
3425,10141788820,10141788862,1,"IOTHUB_CLIENT_CONFIRMATION_OK"
3426,10141789020,10141789065,1,"IOTHUB_CLIENT_CONFIRMATION_OK"
3427,10141789220,10141789257,1,"IOTHUB_CLIENT_CONFIRMATION_OK"
3428,10141789420,10141789460,1,"IOTHUB_CLIENT_CONFIRMATION_OK"
3429,10141789620,10141789653,1,"IOTHUB_CLIENT_CONFIRMATION_OK"
3430,10141789821,10141789863,1,"IOTHUB_CLIENT_CONFIRMATION_OK"
3431,10141790021,10141790076,1,"IOTHUB_CLIENT_CONFIRMATION_OK"
3432,10141790221,10141790256,1,"IOTHUB_CLIENT_CONFIRMATION_OK"
3433,10141790421,10141790463,1,"IOTHUB_CLIENT_CONFIRMATION_OK"
3434,10141790621,10141790678,1,"IOTHUB_CLIENT_CONFIRMATION_OK"
3435,10141790821,10141790861,1,"IOTHUB_CLIENT_CONFIRMATION_OK"
3436,10141791022,10141791062,1,"IOTHUB_CLIENT_CONFIRMATION_OK"
3437,10141791222,10141791290,1,"IOTHUB_CLIENT_CONFIRMATION_OK"
3438,10141791422,10141791454,1,"IOTHUB_CLIENT_CONFIRMATION_OK"
3439,10141791622,10141791660,1,"IOTHUB_CLIENT_CONFIRMATION_OK"
3440,10141791822,10141791858,1,"IOTHUB_CLIENT_CONFIRMATION_OK"
3441,10141792022,10141792056,1,"IOTHUB_CLIENT_CONFIRMATION_OK"
3442,10141792222,10141792301,1,"IOTHUB_CLIENT_CONFIRMATION_OK"
3443,10141792423,10141792470,1,"IOTHUB_CLIENT_CONFIRMATION_OK"
3444,10141792623,10141792693,1,"IOTHUB_CLIENT_CONFIRMATION_OK"
3445,10141792823,10141792915,1,"IOTHUB_CLIENT_CONFIRMATION_OK"
3446,10141793023,10141793086,1,"IOTHUB_CLIENT_CONFIRMATION_OK"
3447,10141793223,10141793260,1,"IOTHUB_CLIENT_CONFIRMATION_OK"
3448,10141793423,10141793552,1,"IOTHUB_CLIENT_CONFIRMATION_OK"
3449,10141793624,10141793665,1,"IOTHUB_CLIENT_CONFIRMATION_OK"
3450,10141793824,10141793857,1,"IOTHUB_CLIENT_CONFIRMATION_OK"
3451,10141794024,10141794075,1,"IOTHUB_CLIENT_CONFIRMATION_OK"
3452,10141794224,10141794266,1,"IOTHUB_CLIENT_CONFIRMATION_OK"
3453,10141794424,10141794457,1,"IOTHUB_CLIENT_CONFIRMATION_OK"
3454,10141794624,10141794675,1,"IOTHUB_CLIENT_CONFIRMATION_OK"
3455,10141794824,10141794857,1,"IOTHUB_CLIENT_CONFIRMATION_OK"
3456,10141795025,10141795148,1,"IOTHUB_CLIENT_CONFIRMATION_OK"
3457,10141795225,10141795266,1,"IOTHUB_CLIENT_CONFIRMATION_OK"
3458,10141795425,10141795466,1,"IOTHUB_CLIENT_CONFIRMATION_OK"
3459,10141795625,10141795759,1,"IOTHUB_CLIENT_CONFIRMATION_OK"
3460,10141795825,10141795925,1,"IOTHUB_CLIENT_CONFIRMATION_OK"
3461,10141796025,10141796063,1,"IOTHUB_CLIENT_CONFIRMATION_OK"
3462,10141796226,10141796261,1,"IOTHUB_CLIENT_CONFIRMATION_OK"
3463,10141796426,10141796459,1,"IOTHUB_CLIENT_CONFIRMATION_OK"
3464,10141796626,10141796662,1,"IOTHUB_CLIENT_CONFIRMATION_OK"
3465,10141796826,10141796862,1,"IOTHUB_CLIENT_CONFIRMATION_OK"
3466,10141797026,10141797064,1,"IOTHUB_CLIENT_CONFIRMATION_OK"
3467,10141797226,10141797393,1,"IOTHUB_CLIENT_CONFIRMATION_OK"
3468,10141797426,10141797463,1,"IOTHUB_CLIENT_CONFIRMATION_OK"
3469,10141797627,10141797665,1,"IOTHUB_CLIENT_CONFIRMATION_OK"
3470,10141797827,10141797993,1,"IOTHUB_CLIENT_CONFIRMATION_OK"
3471,10141798027,10141798075,1,"IOTHUB_CLIENT_CONFIRMATION_OK"
3472,10141798227,10141798264,1,"IOTHUB_CLIENT_CONFIRMATION_OK"
3473,10141798427,10141798470,1,"IOTHUB_CLIENT_CONFIRMATION_OK"
3474,10141798627,10141798662,1,"IOTHUB_CLIENT_CONFIRMATION_OK"
3475,10141798828,10141798868,1,"IOTHUB_CLIENT_CONFIRMATION_OK"
3476,10141799028,10141799061,1,"IOTHUB_CLIENT_CONFIRMATION_OK"
3477,10141799228,10141799261,1,"IOTHUB_CLIENT_CONFIRMATION_OK"
3478,10141799428,10141799503,1,"IOTHUB_CLIENT_CONFIRMATION_OK"
3479,10141799628,10141799662,1,"IOTHUB_CLIENT_CONFIRMATION_OK"
3480,10141799828,10141799867,1,"IOTHUB_CLIENT_CONFIRMATION_OK"
3481,10141800029,10141800067,1,"IOTHUB_CLIENT_CONFIRMATION_OK"
3482,10141800229,10141800281,1,"IOTHUB_CLIENT_CONFIRMATION_OK"
3483,10141800429,10141800464,1,"IOTHUB_CLIENT_CONFIRMATION_OK"
3484,10141800629,10141800672,1,"IOTHUB_CLIENT_CONFIRMATION_OK"
3485,10141800829,10141800861,1,"IOTHUB_CLIENT_CONFIRMATION_OK"
3486,10141801029,10141801067,1,"IOTHUB_CLIENT_CONFIRMATION_OK"
3487,10141801229,10141801287,1,"IOTHUB_CLIENT_CONFIRMATION_OK"
3488,10141801430,10141801470,1,"IOTHUB_CLIENT_CONFIRMATION_OK"
3489,10141801630,10141801669,1,"IOTHUB_CLIENT_CONFIRMATION_OK"
3490,10141801830,10141801876,1,"IOTHUB_CLIENT_CONFIRMATION_OK"
3491,10141802030,10141802064,1,"IOTHUB_CLIENT_CONFIRMATION_OK"
3492,10141802230,10141802265,1,"IOTHUB_CLIENT_CONFIRMATION_OK"
3493,10141802430,10141802464,1,"IOTHUB_CLIENT_CONFIRMATION_OK"
3494,10141802630,10141802668,1,"IOTHUB_CLIENT_CONFIRMATION_OK"
3495,10141802831,10141802866,1,"IOTHUB_CLIENT_CONFIRMATION_OK"
3496,10141803031,10141803072,1,"IOTHUB_CLIENT_CONFIRMATION_OK"
3497,10141803231,10141803263,1,"IOTHUB_CLIENT_CONFIRMATION_OK"
3498,10141803431,10141803532,1,"IOTHUB_CLIENT_CONFIRMATION_OK"
3499,10141803631,10141803673,1,"IOTHUB_CLIENT_CONFIRMATION_OK"
3500,10141803831,10141803866,1,"IOTHUB_CLIENT_CONFIRMATION_OK"
3501,10141804032,10141804097,1,"IOTHUB_CLIENT_CONFIRMATION_OK"
3502,10141804232,10141804265,1,"IOTHUB_CLIENT_CONFIRMATION_OK"
3503,10141804432,10141804490,1,"IOTHUB_CLIENT_CONFIRMATION_OK"
3504,10141804632,10141804673,1,"IOTHUB_CLIENT_CONFIRMATION_OK"
3505,10141804832,10141804909,1,"IOTHUB_CLIENT_CONFIRMATION_OK"
3506,10141805032,10141805107,1,"IOTHUB_CLIENT_CONFIRMATION_OK"
3507,10141805232,10141805271,1,"IOTHUB_CLIENT_CONFIRMATION_OK"
3508,10141805433,10141805483,1,"IOTHUB_CLIENT_CONFIRMATION_OK"
3509,10141805633,10141805713,1,"IOTHUB_CLIENT_CONFIRMATION_OK"
3510,10141805833,10141805869,1,"IOTHUB_CLIENT_CONFIRMATION_OK"
3511,10141806033,10141806084,1,"IOTHUB_CLIENT_CONFIRMATION_OK"
3512,10141806233,10141806268,1,"IOTHUB_CLIENT_CONFIRMATION_OK"
3513,10141806433,10141806467,1,"IOTHUB_CLIENT_CONFIRMATION_OK"
3514,10141806633,10141806671,1,"IOTHUB_CLIENT_CONFIRMATION_OK"
3515,10141806834,10141806880,1,"IOTHUB_CLIENT_CONFIRMATION_OK"
3516,10141807034,10141807076,1,"IOTHUB_CLIENT_CONFIRMATION_OK"
3517,10141807234,10141807348,1,"IOTHUB_CLIENT_CONFIRMATION_OK"
3518,10141807434,10141807477,1,"IOTHUB_CLIENT_CONFIRMATION_OK"
3519,10141807634,10141807715,1,"IOTHUB_CLIENT_CONFIRMATION_OK"
3520,10141807834,10141807950,1,"IOTHUB_CLIENT_CONFIRMATION_OK"
3521,10141808035,10141808080,1,"IOTHUB_CLIENT_CONFIRMATION_OK"
3522,10141808235,10141808270,1,"IOTHUB_CLIENT_CONFIRMATION_OK"
3523,10141808435,10141808483,1,"IOTHUB_CLIENT_CONFIRMATION_OK"
3524,10141808635,10141808672,1,"IOTHUB_CLIENT_CONFIRMATION_OK"
3525,10141808835,10141808889,1,"IOTHUB_CLIENT_CONFIRMATION_OK"
3526,10141809035,10141809070,1,"IOTHUB_CLIENT_CONFIRMATION_OK"
3527,10141809236,10141809270,1,"IOTHUB_CLIENT_CONFIRMATION_OK"
3528,10141809436,10141809569,1,"IOTHUB_CLIENT_CONFIRMATION_OK"
3529,10141809636,10141809672,1,"IOTHUB_CLIENT_CONFIRMATION_OK"
3530,10141809836,10141809885,1,"IOTHUB_CLIENT_CONFIRMATION_OK"
3531,10141810036,10141810186,1,"IOTHUB_CLIENT_CONFIRMATION_OK"
3532,10141810236,10141810274,1,"IOTHUB_CLIENT_CONFIRMATION_OK"
3533,10141810437,10141810474,1,"IOTHUB_CLIENT_CONFIRMATION_OK"
3534,10141810637,10141810671,1,"IOTHUB_CLIENT_CONFIRMATION_OK"
3535,10141810837,10141810874,1,"IOTHUB_CLIENT_CONFIRMATION_OK"
3536,10141811037,10141811080,1,"IOTHUB_CLIENT_CONFIRMATION_OK"
3537,10141811237,10141811345,1,"IOTHUB_CLIENT_CONFIRMATION_OK"
3538,10141811437,10141811468,1,"IOTHUB_CLIENT_CONFIRMATION_OK"
3539,10141811638,10141811715,1,"IOTHUB_CLIENT_CONFIRMATION_OK"
3540,10141811838,10141811872,1,"IOTHUB_CLIENT_CONFIRMATION_OK"
3541,10141812038,10141812073,1,"IOTHUB_CLIENT_CONFIRMATION_OK"
3542,10141812238,10141812279,1,"IOTHUB_CLIENT_CONFIRMATION_OK"
3543,10141812438,10141812486,1,"IOTHUB_CLIENT_CONFIRMATION_OK"
3544,10141812638,10141812685,1,"IOTHUB_CLIENT_CONFIRMATION_OK"
3545,10141812839,10141812872,1,"IOTHUB_CLIENT_CONFIRMATION_OK"
3546,10141813039,10141813077,1,"IOTHUB_CLIENT_CONFIRMATION_OK"
3547,10141813239,10141813277,1,"IOTHUB_CLIENT_CONFIRMATION_OK"
3548,10141813439,10141813493,1,"IOTHUB_CLIENT_CONFIRMATION_OK"
3549,10141813639,10141813702,1,"IOTHUB_CLIENT_CONFIRMATION_OK"
3550,10141813839,10141813887,1,"IOTHUB_CLIENT_CONFIRMATION_OK"
3551,10141814040,10141814094,1,"IOTHUB_CLIENT_CONFIRMATION_OK"
3552,10141814240,10141814276,1,"IOTHUB_CLIENT_CONFIRMATION_OK"
3553,10141814440,10141814471,1,"IOTHUB_CLIENT_CONFIRMATION_OK"
3554,10141814640,10141814680,1,"IOTHUB_CLIENT_CONFIRMATION_OK"
3555,10141814840,10141814897,1,"IOTHUB_CLIENT_CONFIRMATION_OK"
3556,10141815040,10141815086,1,"IOTHUB_CLIENT_CONFIRMATION_OK"
3557,10141815240,10141815268,1,"IOTHUB_CLIENT_CONFIRMATION_OK"
3558,10141815441,10141815490,1,"IOTHUB_CLIENT_CONFIRMATION_OK"
3559,10141815641,10141815696,1,"IOTHUB_CLIENT_CONFIRMATION_OK"
3560,10141815841,10141815872,1,"IOTHUB_CLIENT_CONFIRMATION_OK"
3561,10141816041,10141816092,1,"IOTHUB_CLIENT_CONFIRMATION_OK"
3562,10141816241,10141816296,1,"IOTHUB_CLIENT_CONFIRMATION_OK"
3563,10141816441,10141816478,1,"IOTHUB_CLIENT_CONFIRMATION_OK"
3564,10141816642,10141816706,1,"IOTHUB_CLIENT_CONFIRMATION_OK"
3565,10141816842,10141816869,1,"IOTHUB_CLIENT_CONFIRMATION_OK"
3566,10141817042,10141817081,1,"IOTHUB_CLIENT_CONFIRMATION_OK"
3567,10141817242,10141817305,1,"IOTHUB_CLIENT_CONFIRMATION_OK"
3568,10141817442,10141817493,1,"IOTHUB_CLIENT_CONFIRMATION_OK"
3569,10141817642,10141817678,1,"IOTHUB_CLIENT_CONFIRMATION_OK"
3570,10141817842,10141818008,1,"IOTHUB_CLIENT_CONFIRMATION_OK"
3571,10141818043,10141818089,1,"IOTHUB_CLIENT_CONFIRMATION_OK"
3572,10141818243,10141818276,1,"IOTHUB_CLIENT_CONFIRMATION_OK"
3573,10141818443,10141818480,1,"IOTHUB_CLIENT_CONFIRMATION_OK"
3574,10141818643,10141818679,1,"IOTHUB_CLIENT_CONFIRMATION_OK"
3575,10141818843,10141818884,1,"IOTHUB_CLIENT_CONFIRMATION_OK"
3576,10141819043,10141819081,1,"IOTHUB_CLIENT_CONFIRMATION_OK"
3577,10141819244,10141819290,1,"IOTHUB_CLIENT_CONFIRMATION_OK"
3578,10141819444,10141819547,1,"IOTHUB_CLIENT_CONFIRMATION_OK"
3579,10141819644,10141819680,1,"IOTHUB_CLIENT_CONFIRMATION_OK"
3580,10141819844,10141819887,1,"IOTHUB_CLIENT_CONFIRMATION_OK"
3581,10141820044,10141820148,1,"IOTHUB_CLIENT_CONFIRMATION_OK"
3582,10141820244,10141820280,1,"IOTHUB_CLIENT_CONFIRMATION_OK"
3583,10141820445,10141820485,1,"IOTHUB_CLIENT_CONFIRMATION_OK"
3584,10141820645,10141820679,1,"IOTHUB_CLIENT_CONFIRMATION_OK"
3585,10141820845,10141820886,1,"IOTHUB_CLIENT_CONFIRMATION_OK"
3586,10141821045,10141821079,1,"IOTHUB_CLIENT_CONFIRMATION_OK"
3587,10141821245,10141821282,1,"IOTHUB_CLIENT_CONFIRMATION_OK"
3588,10141821446,10141821487,1,"IOTHUB_CLIENT_CONFIRMATION_OK"
3589,10141821646,10141821786,1,"IOTHUB_CLIENT_CONFIRMATION_OK"
3590,10141821846,10141821881,1,"IOTHUB_CLIENT_CONFIRMATION_OK"
3591,10141822046,10141822080,1,"IOTHUB_CLIENT_CONFIRMATION_OK"
3592,10141822246,10141822388,1,"IOTHUB_CLIENT_CONFIRMATION_OK"
3593,10141822446,10141822484,1,"IOTHUB_CLIENT_CONFIRMATION_OK"
3594,10141822646,10141822689,1,"IOTHUB_CLIENT_CONFIRMATION_OK"
3595,10141822847,10141822887,1,"IOTHUB_CLIENT_CONFIRMATION_OK"
3596,10141823047,10141823085,1,"IOTHUB_CLIENT_CONFIRMATION_OK"
3597,10141823247,10141823285,1,"IOTHUB_CLIENT_CONFIRMATION_OK"
3598,10141823447,10141823487,1,"IOTHUB_CLIENT_CONFIRMATION_OK"
3599,10141823647,10141823686,1,"IOTHUB_CLIENT_CONFIRMATION_OK"
3600,10141823847,10141823880,1,"IOTHUB_CLIENT_CONFIRMATION_OK"
3601,10141824048,10141824082,1,"IOTHUB_CLIENT_CONFIRMATION_OK"
3602,10141824248,10141824281,1,"IOTHUB_CLIENT_CONFIRMATION_OK"
3603,10141824448,10141824487,1,"IOTHUB_CLIENT_CONFIRMATION_OK"
3604,10141824648,10141824685,1,"IOTHUB_CLIENT_CONFIRMATION_OK"
3605,10141824848,10141824887,1,"IOTHUB_CLIENT_CONFIRMATION_OK"
3606,10141825048,10141825085,1,"IOTHUB_CLIENT_CONFIRMATION_OK"
3607,10141825249,10141825282,1,"IOTHUB_CLIENT_CONFIRMATION_OK"
3608,10141825449,10141825489,1,"IOTHUB_CLIENT_CONFIRMATION_OK"
3609,10141825649,10141825688,1,"IOTHUB_CLIENT_CONFIRMATION_OK"
3610,10141825849,10141825887,1,"IOTHUB_CLIENT_CONFIRMATION_OK"
3611,10141826049,10141826083,1,"IOTHUB_CLIENT_CONFIRMATION_OK"
3612,10141826249,10141826296,1,"IOTHUB_CLIENT_CONFIRMATION_OK"
3613,10141826450,10141826492,1,"IOTHUB_CLIENT_CONFIRMATION_OK"
3614,10141826650,10141826688,1,"IOTHUB_CLIENT_CONFIRMATION_OK"
3615,10141826850,10141826889,1,"IOTHUB_CLIENT_CONFIRMATION_OK"
3616,10141827050,10141827092,1,"IOTHUB_CLIENT_CONFIRMATION_OK"
3617,10141827250,10141827336,1,"IOTHUB_CLIENT_CONFIRMATION_OK"
3618,10141827450,10141827496,1,"IOTHUB_CLIENT_CONFIRMATION_OK"
3619,10141827651,10141827704,1,"IOTHUB_CLIENT_CONFIRMATION_OK"
3620,10141827851,10141827892,1,"IOTHUB_CLIENT_CONFIRMATION_OK"
3621,10141828051,10141828129,1,"IOTHUB_CLIENT_CONFIRMATION_OK"
3622,10141828251,10141828300,1,"IOTHUB_CLIENT_CONFIRMATION_OK"
3623,10141828451,10141828507,1,"IOTHUB_CLIENT_CONFIRMATION_OK"
3624,10141828651,10141828696,1,"IOTHUB_CLIENT_CONFIRMATION_OK"
3625,10141828851,10141828905,1,"IOTHUB_CLIENT_CONFIRMATION_OK"
3626,10141829052,10141829093,1,"IOTHUB_CLIENT_CONFIRMATION_OK"
3627,10141829252,10141829287,1,"IOTHUB_CLIENT_CONFIRMATION_OK"
3628,10141829452,10141829516,1,"IOTHUB_CLIENT_CONFIRMATION_OK"
3629,10141829652,10141829692,1,"IOTHUB_CLIENT_CONFIRMATION_OK"
3630,10141829852,10141829886,1,"IOTHUB_CLIENT_CONFIRMATION_OK"
3631,10141830052,10141830131,1,"IOTHUB_CLIENT_CONFIRMATION_OK"
3632,10141830252,10141830293,1,"IOTHUB_CLIENT_CONFIRMATION_OK"
3633,10141830453,10141830496,1,"IOTHUB_CLIENT_CONFIRMATION_OK"
3634,10141830653,10141830693,1,"IOTHUB_CLIENT_CONFIRMATION_OK"
3635,10141830853,10141830892,1,"IOTHUB_CLIENT_CONFIRMATION_OK"
3636,10141831053,10141831203,1,"IOTHUB_CLIENT_CONFIRMATION_OK"
3637,10141831253,10141831290,1,"IOTHUB_CLIENT_CONFIRMATION_OK"
3638,10141831453,10141831497,1,"IOTHUB_CLIENT_CONFIRMATION_OK"
3639,10141831654,10141831834,1,"IOTHUB_CLIENT_CONFIRMATION_OK"
3640,10141831854,10141831894,1,"IOTHUB_CLIENT_CONFIRMATION_OK"
3641,10141832054,10141832099,1,"IOTHUB_CLIENT_CONFIRMATION_OK"
3642,10141832254,10141832303,1,"IOTHUB_CLIENT_CONFIRMATION_OK"
3643,10141832454,10141832521,1,"IOTHUB_CLIENT_CONFIRMATION_OK"
3644,10141832654,10141832695,1,"IOTHUB_CLIENT_CONFIRMATION_OK"
3645,10141832854,10141832896,1,"IOTHUB_CLIENT_CONFIRMATION_OK"
3646,10141833055,10141833109,1,"IOTHUB_CLIENT_CONFIRMATION_OK"
3647,10141833255,10141833316,1,"IOTHUB_CLIENT_CONFIRMATION_OK"
3648,10141833455,10141833504,1,"IOTHUB_CLIENT_CONFIRMATION_OK"
3649,10141833655,10141833696,1,"IOTHUB_CLIENT_CONFIRMATION_OK"
3650,10141833855,10141833890,1,"IOTHUB_CLIENT_CONFIRMATION_OK"
3651,10141834055,10141834099,1,"IOTHUB_CLIENT_CONFIRMATION_OK"
3652,10141834255,10141834299,1,"IOTHUB_CLIENT_CONFIRMATION_OK"
3653,10141834456,10141834505,1,"IOTHUB_CLIENT_CONFIRMATION_OK"
3654,10141834656,10141834772,1,"IOTHUB_CLIENT_CONFIRMATION_OK"
3655,10141834856,10141834890,1,"IOTHUB_CLIENT_CONFIRMATION_OK"
3656,10141835056,10141835111,1,"IOTHUB_CLIENT_CONFIRMATION_OK"
3657,10141835256,10141835295,1,"IOTHUB_CLIENT_CONFIRMATION_OK"
3658,10141835456,10141835499,1,"IOTHUB_CLIENT_CONFIRMATION_OK"
3659,10141835657,10141835761,1,"IOTHUB_CLIENT_CONFIRMATION_OK"
3660,10141835857,10141835909,1,"IOTHUB_CLIENT_CONFIRMATION_OK"
3661,10141836057,10141836098,1,"IOTHUB_CLIENT_CONFIRMATION_OK"
3662,10141836257,10141836308,1,"IOTHUB_CLIENT_CONFIRMATION_OK"
3663,10141836457,10141836490,1,"IOTHUB_CLIENT_CONFIRMATION_OK"
3664,10141836657,10141836723,1,"IOTHUB_CLIENT_CONFIRMATION_OK"
3665,10141836858,10141836894,1,"IOTHUB_CLIENT_CONFIRMATION_OK"
3666,10141837058,10141837096,1,"IOTHUB_CLIENT_CONFIRMATION_OK"
3667,10141837258,10141837350,1,"IOTHUB_CLIENT_CONFIRMATION_OK"
3668,10141837458,10141837499,1,"IOTHUB_CLIENT_CONFIRMATION_OK"
3669,10141837658,10141837697,1,"IOTHUB_CLIENT_CONFIRMATION_OK"
3670,10141837858,10141837953,1,"IOTHUB_CLIENT_CONFIRMATION_OK"
3671,10141838058,10141838107,1,"IOTHUB_CLIENT_CONFIRMATION_OK"
3672,10141838259,10141838300,1,"IOTHUB_CLIENT_CONFIRMATION_OK"
3673,10141838459,10141838495,1,"IOTHUB_CLIENT_CONFIRMATION_OK"
3674,10141838659,10141838712,1,"IOTHUB_CLIENT_CONFIRMATION_OK"
3675,10141838859,10141838997,1,"IOTHUB_CLIENT_CONFIRMATION_OK"
3676,10141839059,10141839098,1,"IOTHUB_CLIENT_CONFIRMATION_OK"
3677,10141839259,10141839359,1,"IOTHUB_CLIENT_CONFIRMATION_OK"
3678,10141839460,10141839619,1,"IOTHUB_CLIENT_CONFIRMATION_OK"
3679,10141839660,10141839697,1,"IOTHUB_CLIENT_CONFIRMATION_OK"
3680,10141839860,10141839904,1,"IOTHUB_CLIENT_CONFIRMATION_OK"
3681,10141840060,10141840106,1,"IOTHUB_CLIENT_CONFIRMATION_OK"
3682,10141840260,10141840304,1,"IOTHUB_CLIENT_CONFIRMATION_OK"
3683,10141840460,10141840532,1,"IOTHUB_CLIENT_CONFIRMATION_OK"
3684,10141840661,10141840696,1,"IOTHUB_CLIENT_CONFIRMATION_OK"
3685,10141840861,10141840916,1,"IOTHUB_CLIENT_CONFIRMATION_OK"
3686,10141841061,10141841267,1,"IOTHUB_CLIENT_CONFIRMATION_OK"
3687,10141841261,10141841297,1,"IOTHUB_CLIENT_CONFIRMATION_OK"
3688,10141841461,10141841507,1,"IOTHUB_CLIENT_CONFIRMATION_OK"
3689,10141841661,10141841702,1,"IOTHUB_CLIENT_CONFIRMATION_OK"
3690,10141841861,10141841902,1,"IOTHUB_CLIENT_CONFIRMATION_OK"
3691,10141842062,10141842097,1,"IOTHUB_CLIENT_CONFIRMATION_OK"
3692,10141842262,10141842299,1,"IOTHUB_CLIENT_CONFIRMATION_OK"
3693,10141842462,10141842495,1,"IOTHUB_CLIENT_CONFIRMATION_OK"
3694,10141842662,10141842696,1,"IOTHUB_CLIENT_CONFIRMATION_OK"
3695,10141842862,10141842955,1,"IOTHUB_CLIENT_CONFIRMATION_OK"
3696,10141843062,10141843102,1,"IOTHUB_CLIENT_CONFIRMATION_OK"
3697,10141843262,10141843295,1,"IOTHUB_CLIENT_CONFIRMATION_OK"
3698,10141843463,10141843500,1,"IOTHUB_CLIENT_CONFIRMATION_OK"
3699,10141843663,10141843700,1,"IOTHUB_CLIENT_CONFIRMATION_OK"
3700,10141843863,10141843987,1,"IOTHUB_CLIENT_CONFIRMATION_OK"
3701,10141844063,10141844108,1,"IOTHUB_CLIENT_CONFIRMATION_OK"
3702,10141844263,10141844301,1,"IOTHUB_CLIENT_CONFIRMATION_OK"
3703,10141844463,10141844569,1,"IOTHUB_CLIENT_CONFIRMATION_OK"
3704,10141844664,10141844704,1,"IOTHUB_CLIENT_CONFIRMATION_OK"
3705,10141844864,10141844904,1,"IOTHUB_CLIENT_CONFIRMATION_OK"
3706,10141845064,10141845098,1,"IOTHUB_CLIENT_CONFIRMATION_OK"
3707,10141845264,10141845301,1,"IOTHUB_CLIENT_CONFIRMATION_OK"
3708,10141845464,10141845513,1,"IOTHUB_CLIENT_CONFIRMATION_OK"
3709,10141845664,10141845707,1,"IOTHUB_CLIENT_CONFIRMATION_OK"
3710,10141845865,10141845897,1,"IOTHUB_CLIENT_CONFIRMATION_OK"
3711,10141846065,10141846206,1,"IOTHUB_CLIENT_CONFIRMATION_OK"
3712,10141846265,10141846316,1,"IOTHUB_CLIENT_CONFIRMATION_OK"
3713,10141846465,10141846501,1,"IOTHUB_CLIENT_CONFIRMATION_OK"
3714,10141846665,10141846847,1,"IOTHUB_CLIENT_CONFIRMATION_OK"
3715,10141846866,10141846921,1,"IOTHUB_CLIENT_CONFIRMATION_OK"
3716,10141847066,10141847127,1,"IOTHUB_CLIENT_CONFIRMATION_OK"
3717,10141847266,10141847304,1,"IOTHUB_CLIENT_CONFIRMATION_OK"
3718,10141847466,10141847504,1,"IOTHUB_CLIENT_CONFIRMATION_OK"
3719,10141847666,10141847708,1,"IOTHUB_CLIENT_CONFIRMATION_OK"
3720,10141847866,10141847899,1,"IOTHUB_CLIENT_CONFIRMATION_OK"
3721,10141848066,10141848100,1,"IOTHUB_CLIENT_CONFIRMATION_OK"
3722,10141848267,10141848299,1,"IOTHUB_CLIENT_CONFIRMATION_OK"
3723,10141848467,10141848505,1,"IOTHUB_CLIENT_CONFIRMATION_OK"
3724,10141848667,10141848724,1,"IOTHUB_CLIENT_CONFIRMATION_OK"
3725,10141848867,10141848905,1,"IOTHUB_CLIENT_CONFIRMATION_OK"
3726,10141849067,10141849104,1,"IOTHUB_CLIENT_CONFIRMATION_OK"
3727,10141849267,10141849303,1,"IOTHUB_CLIENT_CONFIRMATION_OK"
3728,10141849468,10141849503,1,"IOTHUB_CLIENT_CONFIRMATION_OK"
3729,10141849668,10141849722,1,"IOTHUB_CLIENT_CONFIRMATION_OK"
3730,10141849868,10141849959,1,"IOTHUB_CLIENT_CONFIRMATION_OK"
3731,10141850068,10141850170,1,"IOTHUB_CLIENT_CONFIRMATION_OK"
3732,10141850268,10141850301,1,"IOTHUB_CLIENT_CONFIRMATION_OK"
3733,10141850468,10141850508,1,"IOTHUB_CLIENT_CONFIRMATION_OK"
3734,10141850668,10141850712,1,"IOTHUB_CLIENT_CONFIRMATION_OK"
3735,10141850869,10141850945,1,"IOTHUB_CLIENT_CONFIRMATION_OK"
3736,10141851069,10141851192,1,"IOTHUB_CLIENT_CONFIRMATION_OK"
3737,10141851269,10141851305,1,"IOTHUB_CLIENT_CONFIRMATION_OK"
3738,10141851469,10141851511,1,"IOTHUB_CLIENT_CONFIRMATION_OK"
3739,10141851669,10141851799,1,"IOTHUB_CLIENT_CONFIRMATION_OK"
3740,10141851869,10141851907,1,"IOTHUB_CLIENT_CONFIRMATION_OK"
3741,10141852070,10141852113,1,"IOTHUB_CLIENT_CONFIRMATION_OK"
3742,10141852270,10141852312,1,"IOTHUB_CLIENT_CONFIRMATION_OK"
3743,10141852470,10141852512,1,"IOTHUB_CLIENT_CONFIRMATION_OK"
3744,10141852670,10141852704,1,"IOTHUB_CLIENT_CONFIRMATION_OK"
3745,10141852870,10141852912,1,"IOTHUB_CLIENT_CONFIRMATION_OK"
3746,10141853070,10141853113,1,"IOTHUB_CLIENT_CONFIRMATION_OK"
3747,10141853270,10141853448,1,"IOTHUB_CLIENT_CONFIRMATION_OK"
3748,10141853471,10141853505,1,"IOTHUB_CLIENT_CONFIRMATION_OK"
3749,10141853671,10141853711,1,"IOTHUB_CLIENT_CONFIRMATION_OK"
3750,10141853871,10141853904,1,"IOTHUB_CLIENT_CONFIRMATION_OK"
3751,10141854071,10141854108,1,"IOTHUB_CLIENT_CONFIRMATION_OK"
3752,10141854271,10141854316,1,"IOTHUB_CLIENT_CONFIRMATION_OK"
3753,10141854471,10141854511,1,"IOTHUB_CLIENT_CONFIRMATION_OK"
3754,10141854671,10141854724,1,"IOTHUB_CLIENT_CONFIRMATION_OK"
3755,10141854872,10141854928,1,"IOTHUB_CLIENT_CONFIRMATION_OK"
3756,10141855072,10141855158,1,"IOTHUB_CLIENT_CONFIRMATION_OK"
3757,10141855272,10141855310,1,"IOTHUB_CLIENT_CONFIRMATION_OK"
3758,10141855472,10141855519,1,"IOTHUB_CLIENT_CONFIRMATION_OK"
3759,10141855672,10141855711,1,"IOTHUB_CLIENT_CONFIRMATION_OK"
3760,10141855872,10141855911,1,"IOTHUB_CLIENT_CONFIRMATION_OK"
3761,10141856073,10141856118,1,"IOTHUB_CLIENT_CONFIRMATION_OK"
3762,10141856273,10141856309,1,"IOTHUB_CLIENT_CONFIRMATION_OK"
3763,10141856473,10141856550,1,"IOTHUB_CLIENT_CONFIRMATION_OK"
3764,10141856673,10141856767,1,"IOTHUB_CLIENT_CONFIRMATION_OK"
3765,10141856873,10141856914,1,"IOTHUB_CLIENT_CONFIRMATION_OK"
3766,10141857073,10141857112,1,"IOTHUB_CLIENT_CONFIRMATION_OK"
3767,10141857274,10141857374,1,"IOTHUB_CLIENT_CONFIRMATION_OK"
3768,10141857474,10141857519,1,"IOTHUB_CLIENT_CONFIRMATION_OK"
3769,10141857674,10141857706,1,"IOTHUB_CLIENT_CONFIRMATION_OK"
3770,10141857874,10141857914,1,"IOTHUB_CLIENT_CONFIRMATION_OK"
3771,10141858074,10141858108,1,"IOTHUB_CLIENT_CONFIRMATION_OK"
3772,10141858274,10141858376,1,"IOTHUB_CLIENT_CONFIRMATION_OK"
3773,10141858475,10141858515,1,"IOTHUB_CLIENT_CONFIRMATION_OK"
3774,10141858675,10141858713,1,"IOTHUB_CLIENT_CONFIRMATION_OK"
3775,10141858875,10141858999,1,"IOTHUB_CLIENT_CONFIRMATION_OK"
3776,10141859075,10141859109,1,"IOTHUB_CLIENT_CONFIRMATION_OK"
3777,10141859275,10141859313,1,"IOTHUB_CLIENT_CONFIRMATION_OK"
3778,10141859475,10141859595,1,"IOTHUB_CLIENT_CONFIRMATION_OK"
3779,10141859675,10141859713,1,"IOTHUB_CLIENT_CONFIRMATION_OK"
3780,10141859876,10141859944,1,"IOTHUB_CLIENT_CONFIRMATION_OK"
3781,10141860076,10141860115,1,"IOTHUB_CLIENT_CONFIRMATION_OK"
3782,10141860276,10141860313,1,"IOTHUB_CLIENT_CONFIRMATION_OK"
3783,10141860476,10141860511,1,"IOTHUB_CLIENT_CONFIRMATION_OK"
3784,10141860676,10141860715,1,"IOTHUB_CLIENT_CONFIRMATION_OK"
3785,10141860876,10141860914,1,"IOTHUB_CLIENT_CONFIRMATION_OK"
3786,10141861077,10141861225,1,"IOTHUB_CLIENT_CONFIRMATION_OK"
3787,10141861277,10141861309,1,"IOTHUB_CLIENT_CONFIRMATION_OK"
3788,10141861477,10141861515,1,"IOTHUB_CLIENT_CONFIRMATION_OK"
3789,10141861677,10141861870,1,"IOTHUB_CLIENT_CONFIRMATION_OK"
3790,10141861877,10141861914,1,"IOTHUB_CLIENT_CONFIRMATION_OK"
3791,10141862077,10141862114,1,"IOTHUB_CLIENT_CONFIRMATION_OK"
3792,10141862277,10141862309,1,"IOTHUB_CLIENT_CONFIRMATION_OK"
3793,10141862478,10141862513,1,"IOTHUB_CLIENT_CONFIRMATION_OK"
3794,10141862678,10141862716,1,"IOTHUB_CLIENT_CONFIRMATION_OK"
3795,10141862878,10141862935,1,"IOTHUB_CLIENT_CONFIRMATION_OK"
3796,10141863078,10141863154,1,"IOTHUB_CLIENT_CONFIRMATION_OK"
3797,10141863278,10141863329,1,"IOTHUB_CLIENT_CONFIRMATION_OK"
3798,10141863479,10141863533,1,"IOTHUB_CLIENT_CONFIRMATION_OK"
3799,10141863679,10141863714,1,"IOTHUB_CLIENT_CONFIRMATION_OK"
3800,10141863879,10141863913,1,"IOTHUB_CLIENT_CONFIRMATION_OK"
3801,10141864079,10141864117,1,"IOTHUB_CLIENT_CONFIRMATION_OK"
3802,10141864279,10141864330,1,"IOTHUB_CLIENT_CONFIRMATION_OK"
3803,10141864479,10141864523,1,"IOTHUB_CLIENT_CONFIRMATION_OK"
3804,10141864680,10141864715,1,"IOTHUB_CLIENT_CONFIRMATION_OK"
3805,10141864880,10141864919,1,"IOTHUB_CLIENT_CONFIRMATION_OK"
3806,10141865080,10141865140,1,"IOTHUB_CLIENT_CONFIRMATION_OK"
3807,10141865280,10141865313,1,"IOTHUB_CLIENT_CONFIRMATION_OK"
3808,10141865480,10141865524,1,"IOTHUB_CLIENT_CONFIRMATION_OK"
3809,10141865680,10141865721,1,"IOTHUB_CLIENT_CONFIRMATION_OK"
3810,10141865880,10141865916,1,"IOTHUB_CLIENT_CONFIRMATION_OK"
3811,10141866081,10141866121,1,"IOTHUB_CLIENT_CONFIRMATION_OK"
3812,10141866281,10141866331,1,"IOTHUB_CLIENT_CONFIRMATION_OK"
3813,10141866481,10141866520,1,"IOTHUB_CLIENT_CONFIRMATION_OK"
3814,10141866681,10141866718,1,"IOTHUB_CLIENT_CONFIRMATION_OK"
3815,10141866881,10141866919,1,"IOTHUB_CLIENT_CONFIRMATION_OK"
3816,10141867081,10141867119,1,"IOTHUB_CLIENT_CONFIRMATION_OK"
3817,10141867282,10141867341,1,"IOTHUB_CLIENT_CONFIRMATION_OK"
3818,10141867482,10141867531,1,"IOTHUB_CLIENT_CONFIRMATION_OK"
3819,10141867682,10141867729,1,"IOTHUB_CLIENT_CONFIRMATION_OK"
3820,10141867882,10141867934,1,"IOTHUB_CLIENT_CONFIRMATION_OK"
3821,10141868082,10141868128,1,"IOTHUB_CLIENT_CONFIRMATION_OK"
3822,10141868282,10141868364,1,"IOTHUB_CLIENT_CONFIRMATION_OK"
3823,10141868482,10141868520,1,"IOTHUB_CLIENT_CONFIRMATION_OK"
3824,10141868683,10141868720,1,"IOTHUB_CLIENT_CONFIRMATION_OK"
3825,10141868883,10141868988,1,"IOTHUB_CLIENT_CONFIRMATION_OK"
3826,10141869083,10141869120,1,"IOTHUB_CLIENT_CONFIRMATION_OK"
3827,10141869283,10141869325,1,"IOTHUB_CLIENT_CONFIRMATION_OK"
3828,10141869483,10141869600,1,"IOTHUB_CLIENT_CONFIRMATION_OK"
3829,10141869683,10141869751,1,"IOTHUB_CLIENT_CONFIRMATION_OK"
3830,10141869884,10141869920,1,"IOTHUB_CLIENT_CONFIRMATION_OK"
3831,10141870084,10141870123,1,"IOTHUB_CLIENT_CONFIRMATION_OK"
3832,10141870284,10141870328,1,"IOTHUB_CLIENT_CONFIRMATION_OK"
3833,10141870484,10141870523,1,"IOTHUB_CLIENT_CONFIRMATION_OK"
3834,10141870684,10141870726,1,"IOTHUB_CLIENT_CONFIRMATION_OK"
3835,10141870884,10141870928,1,"IOTHUB_CLIENT_CONFIRMATION_OK"
3836,10141871084,10141871249,1,"IOTHUB_CLIENT_CONFIRMATION_OK"
3837,10141871285,10141871330,1,"IOTHUB_CLIENT_CONFIRMATION_OK"
3838,10141871485,10141871519,1,"IOTHUB_CLIENT_CONFIRMATION_OK"
3839,10141871685,10141871720,1,"IOTHUB_CLIENT_CONFIRMATION_OK"
3840,10141871885,10141871923,1,"IOTHUB_CLIENT_CONFIRMATION_OK"
3841,10141872085,10141872121,1,"IOTHUB_CLIENT_CONFIRMATION_OK"
3842,10141872285,10141872334,1,"IOTHUB_CLIENT_CONFIRMATION_OK"
3843,10141872485,10141872553,1,"IOTHUB_CLIENT_CONFIRMATION_OK"
3844,10141872686,10141872729,1,"IOTHUB_CLIENT_CONFIRMATION_OK"
3845,10141872886,10141872928,1,"IOTHUB_CLIENT_CONFIRMATION_OK"
3846,10141873086,10141873125,1,"IOTHUB_CLIENT_CONFIRMATION_OK"
3847,10141873287,10141873321,1,"IOTHUB_CLIENT_CONFIRMATION_OK"
3848,10141873487,10141873540,1,"IOTHUB_CLIENT_CONFIRMATION_OK"
3849,10141873687,10141873720,1,"IOTHUB_CLIENT_CONFIRMATION_OK"
3850,10141873887,10141873934,1,"IOTHUB_CLIENT_CONFIRMATION_OK"
3851,10141874087,10141874122,1,"IOTHUB_CLIENT_CONFIRMATION_OK"
3852,10141874287,10141874323,1,"IOTHUB_CLIENT_CONFIRMATION_OK"
3853,10141874488,10141874561,1,"IOTHUB_CLIENT_CONFIRMATION_OK"
3854,10141874688,10141874723,1,"IOTHUB_CLIENT_CONFIRMATION_OK"
3855,10141874888,10141874934,1,"IOTHUB_CLIENT_CONFIRMATION_OK"
3856,10141875088,10141875155,1,"IOTHUB_CLIENT_CONFIRMATION_OK"
3857,10141875288,10141875322,1,"IOTHUB_CLIENT_CONFIRMATION_OK"
3858,10141875488,10141875529,1,"IOTHUB_CLIENT_CONFIRMATION_OK"
3859,10141875689,10141875722,1,"IOTHUB_CLIENT_CONFIRMATION_OK"
3860,10141875889,10141875957,1,"IOTHUB_CLIENT_CONFIRMATION_OK"
3861,10141876089,10141876163,1,"IOTHUB_CLIENT_CONFIRMATION_OK"
3862,10141876289,10141876382,1,"IOTHUB_CLIENT_CONFIRMATION_OK"
3863,10141876489,10141876532,1,"IOTHUB_CLIENT_CONFIRMATION_OK"
3864,10141876689,10141876808,1,"IOTHUB_CLIENT_CONFIRMATION_OK"
3865,10141876889,10141876938,1,"IOTHUB_CLIENT_CONFIRMATION_OK"
3866,10141877090,10141877128,1,"IOTHUB_CLIENT_CONFIRMATION_OK"
3867,10141877290,10141877349,1,"IOTHUB_CLIENT_CONFIRMATION_OK"
3868,10141877490,10141877526,1,"IOTHUB_CLIENT_CONFIRMATION_OK"
3869,10141877690,10141877763,1,"IOTHUB_CLIENT_CONFIRMATION_OK"
3870,10141877890,10141877926,1,"IOTHUB_CLIENT_CONFIRMATION_OK"
3871,10141878090,10141878128,1,"IOTHUB_CLIENT_CONFIRMATION_OK"
3872,10141878290,10141878432,1,"IOTHUB_CLIENT_CONFIRMATION_OK"
3873,10141878491,10141878538,1,"IOTHUB_CLIENT_CONFIRMATION_OK"
3874,10141878691,10141878727,1,"IOTHUB_CLIENT_CONFIRMATION_OK"
3875,10141878891,10141879043,1,"IOTHUB_CLIENT_CONFIRMATION_OK"
3876,10141879091,10141879145,1,"IOTHUB_CLIENT_CONFIRMATION_OK"
3877,10141879291,10141879333,1,"IOTHUB_CLIENT_CONFIRMATION_OK"
3878,10141879491,10141879533,1,"IOTHUB_CLIENT_CONFIRMATION_OK"
3879,10141879692,10141879744,1,"IOTHUB_CLIENT_CONFIRMATION_OK"
3880,10141879892,10141879925,1,"IOTHUB_CLIENT_CONFIRMATION_OK"
3881,10141880092,10141880141,1,"IOTHUB_CLIENT_CONFIRMATION_OK"
3882,10141880292,10141880345,1,"IOTHUB_CLIENT_CONFIRMATION_OK"
3883,10141880492,10141880533,1,"IOTHUB_CLIENT_CONFIRMATION_OK"
3884,10141880692,10141880759,1,"IOTHUB_CLIENT_CONFIRMATION_OK"
3885,10141880892,10141880962,1,"IOTHUB_CLIENT_CONFIRMATION_OK"
3886,10141881093,10141881273,1,"IOTHUB_CLIENT_CONFIRMATION_OK"
3887,10141881293,10141881329,1,"IOTHUB_CLIENT_CONFIRMATION_OK"
3888,10141881493,10141881527,1,"IOTHUB_CLIENT_CONFIRMATION_OK"
3889,10141881693,10141881737,1,"IOTHUB_CLIENT_CONFIRMATION_OK"
3890,10141881893,10141881971,1,"IOTHUB_CLIENT_CONFIRMATION_OK"
3891,10141882094,10141882130,1,"IOTHUB_CLIENT_CONFIRMATION_OK"
3892,10141882294,10141882339,1,"IOTHUB_CLIENT_CONFIRMATION_OK"
3893,10141882494,10141882554,1,"IOTHUB_CLIENT_CONFIRMATION_OK"
3894,10141882694,10141882745,1,"IOTHUB_CLIENT_CONFIRMATION_OK"
3895,10141882894,10141883015,1,"IOTHUB_CLIENT_CONFIRMATION_OK"
3896,10141883094,10141883134,1,"IOTHUB_CLIENT_CONFIRMATION_OK"
3897,10141883294,10141883399,1,"IOTHUB_CLIENT_CONFIRMATION_OK"
3898,10141883495,10141883537,1,"IOTHUB_CLIENT_CONFIRMATION_OK"
3899,10141883695,10141883734,1,"IOTHUB_CLIENT_CONFIRMATION_OK"
3900,10141883895,10141884045,1,"IOTHUB_CLIENT_CONFIRMATION_OK"
3901,10141884095,10141884133,1,"IOTHUB_CLIENT_CONFIRMATION_OK"
3902,10141884295,10141884334,1,"IOTHUB_CLIENT_CONFIRMATION_OK"
3903,10141884495,10141884534,1,"IOTHUB_CLIENT_CONFIRMATION_OK"
3904,10141884696,10141884746,1,"IOTHUB_CLIENT_CONFIRMATION_OK"
3905,10141884896,10141884983,1,"IOTHUB_CLIENT_CONFIRMATION_OK"
3906,10141885096,10141885156,1,"IOTHUB_CLIENT_CONFIRMATION_OK"
3907,10141885296,10141885330,1,"IOTHUB_CLIENT_CONFIRMATION_OK"
3908,10141885496,10141885630,1,"IOTHUB_CLIENT_CONFIRMATION_OK"
3909,10141885696,10141885732,1,"IOTHUB_CLIENT_CONFIRMATION_OK"
3910,10141885896,10141885933,1,"IOTHUB_CLIENT_CONFIRMATION_OK"
3911,10141886097,10141886242,1,"IOTHUB_CLIENT_CONFIRMATION_OK"
3912,10141886297,10141886342,1,"IOTHUB_CLIENT_CONFIRMATION_OK"
3913,10141886497,10141886561,1,"IOTHUB_CLIENT_CONFIRMATION_OK"
3914,10141886697,10141886737,1,"IOTHUB_CLIENT_CONFIRMATION_OK"
3915,10141886897,10141886959,1,"IOTHUB_CLIENT_CONFIRMATION_OK"
3916,10141887097,10141887132,1,"IOTHUB_CLIENT_CONFIRMATION_OK"
3917,10141887297,10141887362,1,"IOTHUB_CLIENT_CONFIRMATION_OK"
3918,10141887498,10141887536,1,"IOTHUB_CLIENT_CONFIRMATION_OK"
3919,10141887698,10141887731,1,"IOTHUB_CLIENT_CONFIRMATION_OK"
3920,10141887898,10141887931,1,"IOTHUB_CLIENT_CONFIRMATION_OK"
3921,10141888098,10141888134,1,"IOTHUB_CLIENT_CONFIRMATION_OK"
3922,10141888298,10141888501,1,"IOTHUB_CLIENT_CONFIRMATION_OK"
3923,10141888498,10141888537,1,"IOTHUB_CLIENT_CONFIRMATION_OK"
3924,10141888699,10141888741,1,"IOTHUB_CLIENT_CONFIRMATION_OK"
3925,10141888899,10141888946,1,"IOTHUB_CLIENT_CONFIRMATION_OK"
3926,10141889099,10141889140,1,"IOTHUB_CLIENT_CONFIRMATION_OK"
3927,10141889299,10141889335,1,"IOTHUB_CLIENT_CONFIRMATION_OK"
3928,10141889499,10141889533,1,"IOTHUB_CLIENT_CONFIRMATION_OK"
3929,10141889699,10141889740,1,"IOTHUB_CLIENT_CONFIRMATION_OK"
3930,10141889900,10141889933,1,"IOTHUB_CLIENT_CONFIRMATION_OK"
3931,10141890100,10141890139,1,"IOTHUB_CLIENT_CONFIRMATION_OK"
3932,10141890300,10141890342,1,"IOTHUB_CLIENT_CONFIRMATION_OK"
3933,10141890500,10141890734,1,"IOTHUB_CLIENT_CONFIRMATION_OK"
3934,10141890700,10141890781,1,"IOTHUB_CLIENT_CONFIRMATION_OK"
3935,10141890900,10141890935,1,"IOTHUB_CLIENT_CONFIRMATION_OK"
3936,10141891100,10141891136,1,"IOTHUB_CLIENT_CONFIRMATION_OK"
3937,10141891301,10141891334,1,"IOTHUB_CLIENT_CONFIRMATION_OK"
3938,10141891501,10141891539,1,"IOTHUB_CLIENT_CONFIRMATION_OK"
3939,10141891701,10141891745,1,"IOTHUB_CLIENT_CONFIRMATION_OK"
3940,10141891901,10141891941,1,"IOTHUB_CLIENT_CONFIRMATION_OK"
3941,10141892101,10141892135,1,"IOTHUB_CLIENT_CONFIRMATION_OK"
3942,10141892301,10141892434,1,"IOTHUB_CLIENT_CONFIRMATION_OK"
3943,10141892501,10141892537,1,"IOTHUB_CLIENT_CONFIRMATION_OK"
3944,10141892702,10141892734,1,"IOTHUB_CLIENT_CONFIRMATION_OK"
3945,10141892902,10141892940,1,"IOTHUB_CLIENT_CONFIRMATION_OK"
3946,10141893102,10141893140,1,"IOTHUB_CLIENT_CONFIRMATION_OK"
3947,10141893302,10141893385,1,"IOTHUB_CLIENT_CONFIRMATION_OK"
3948,10141893502,10141893544,1,"IOTHUB_CLIENT_CONFIRMATION_OK"
3949,10141893702,10141893755,1,"IOTHUB_CLIENT_CONFIRMATION_OK"
3950,10141893903,10141894072,1,"IOTHUB_CLIENT_CONFIRMATION_OK"
3951,10141894103,10141894139,1,"IOTHUB_CLIENT_CONFIRMATION_OK"
3952,10141894303,10141894352,1,"IOTHUB_CLIENT_CONFIRMATION_OK"
3953,10141894503,10141894541,1,"IOTHUB_CLIENT_CONFIRMATION_OK"
3954,10141894703,10141894735,1,"IOTHUB_CLIENT_CONFIRMATION_OK"
3955,10141894903,10141894944,1,"IOTHUB_CLIENT_CONFIRMATION_OK"
3956,10141895104,10141895150,1,"IOTHUB_CLIENT_CONFIRMATION_OK"
3957,10141895304,10141895339,1,"IOTHUB_CLIENT_CONFIRMATION_OK"
3958,10141895504,10141895797,1,"IOTHUB_CLIENT_CONFIRMATION_OK"
3959,10141895704,10141895828,1,"IOTHUB_CLIENT_CONFIRMATION_OK"
3960,10141895904,10141895937,1,"IOTHUB_CLIENT_CONFIRMATION_OK"
3961,10141896104,10141896484,1,"IOTHUB_CLIENT_CONFIRMATION_OK"
3962,10141896304,10141896538,1,"IOTHUB_CLIENT_CONFIRMATION_OK"
3963,10141896505,10141896561,1,"IOTHUB_CLIENT_CONFIRMATION_OK"
3964,10141896705,10141896745,1,"IOTHUB_CLIENT_CONFIRMATION_OK"
3965,10141896905,10141896942,1,"IOTHUB_CLIENT_CONFIRMATION_OK"
3966,10141897105,10141897146,1,"IOTHUB_CLIENT_CONFIRMATION_OK"
3967,10141897305,10141897350,1,"IOTHUB_CLIENT_CONFIRMATION_OK"
3968,10141897505,10141897540,1,"IOTHUB_CLIENT_CONFIRMATION_OK"
3969,10141897706,10141897739,1,"IOTHUB_CLIENT_CONFIRMATION_OK"
3970,10141897906,10141897939,1,"IOTHUB_CLIENT_CONFIRMATION_OK"
3971,10141898106,10141898143,1,"IOTHUB_CLIENT_CONFIRMATION_OK"
3972,10141898306,10141898469,1,"IOTHUB_CLIENT_CONFIRMATION_OK"
3973,10141898506,10141898541,1,"IOTHUB_CLIENT_CONFIRMATION_OK"
3974,10141898706,10141898773,1,"IOTHUB_CLIENT_CONFIRMATION_OK"
3975,10141898907,10141898946,1,"IOTHUB_CLIENT_CONFIRMATION_OK"
3976,10141899107,10141899142,1,"IOTHUB_CLIENT_CONFIRMATION_OK"
3977,10141899307,10141899341,1,"IOTHUB_CLIENT_CONFIRMATION_OK"
3978,10141899507,10141899620,1,"IOTHUB_CLIENT_CONFIRMATION_OK"
3979,10141899707,10141899745,1,"IOTHUB_CLIENT_CONFIRMATION_OK"
3980,10141899907,10141899995,1,"IOTHUB_CLIENT_CONFIRMATION_OK"
3981,10141900107,10141900300,1,"IOTHUB_CLIENT_CONFIRMATION_OK"
3982,10141900308,10141900350,1,"IOTHUB_CLIENT_CONFIRMATION_OK"
3983,10141900508,10141900704,1,"IOTHUB_CLIENT_CONFIRMATION_OK"
3984,10141900708,10141900747,1,"IOTHUB_CLIENT_CONFIRMATION_OK"
3985,10141900908,10141900941,1,"IOTHUB_CLIENT_CONFIRMATION_OK"
3986,10141901108,10141901145,1,"IOTHUB_CLIENT_CONFIRMATION_OK"
3987,10141901308,10141901348,1,"IOTHUB_CLIENT_CONFIRMATION_OK"
3988,10141901509,10141901550,1,"IOTHUB_CLIENT_CONFIRMATION_OK"
3989,10141901709,10141901785,1,"IOTHUB_CLIENT_CONFIRMATION_OK"
3990,10141901909,10141901952,1,"IOTHUB_CLIENT_CONFIRMATION_OK"
3991,10141902109,10141902159,1,"IOTHUB_CLIENT_CONFIRMATION_OK"
3992,10141902309,10141902346,1,"IOTHUB_CLIENT_CONFIRMATION_OK"
3993,10141902509,10141902544,1,"IOTHUB_CLIENT_CONFIRMATION_OK"
3994,10141902709,10141902907,1,"IOTHUB_CLIENT_CONFIRMATION_OK"
3995,10141902910,10141902978,1,"IOTHUB_CLIENT_CONFIRMATION_OK"
3996,10141903110,10141903145,1,"IOTHUB_CLIENT_CONFIRMATION_OK"
3997,10141903310,10141903349,1,"IOTHUB_CLIENT_CONFIRMATION_OK"
3998,10141903510,10141903548,1,"IOTHUB_CLIENT_CONFIRMATION_OK"
3999,10141903710,10141903746,1,"IOTHUB_CLIENT_CONFIRMATION_OK"
4000,10141903910,10141903953,1,"IOTHUB_CLIENT_CONFIRMATION_OK"
4001,10141904111,10141904146,1,"IOTHUB_CLIENT_CONFIRMATION_OK"
4002,10141904311,10141904357,1,"IOTHUB_CLIENT_CONFIRMATION_OK"
4003,10141904511,10141904550,1,"IOTHUB_CLIENT_CONFIRMATION_OK"
4004,10141904711,10141904762,1,"IOTHUB_CLIENT_CONFIRMATION_OK"
4005,10141904911,10141904977,1,"IOTHUB_CLIENT_CONFIRMATION_OK"
4006,10141905112,10141905213,1,"IOTHUB_CLIENT_CONFIRMATION_OK"
4007,10141905312,10141905346,1,"IOTHUB_CLIENT_CONFIRMATION_OK"
4008,10141905512,10141905559,1,"IOTHUB_CLIENT_CONFIRMATION_OK"
4009,10141905712,10141905757,1,"IOTHUB_CLIENT_CONFIRMATION_OK"
4010,10141905912,10141905959,1,"IOTHUB_CLIENT_CONFIRMATION_OK"
4011,10141906112,10141906172,1,"IOTHUB_CLIENT_CONFIRMATION_OK"
4012,10141906313,10141906346,1,"IOTHUB_CLIENT_CONFIRMATION_OK"
4013,10141906513,10141906551,1,"IOTHUB_CLIENT_CONFIRMATION_OK"
4014,10141906713,10141906815,1,"IOTHUB_CLIENT_CONFIRMATION_OK"
4015,10141906913,10141906955,1,"IOTHUB_CLIENT_CONFIRMATION_OK"
4016,10141907113,10141907155,1,"IOTHUB_CLIENT_CONFIRMATION_OK"
4017,10141907313,10141907349,1,"IOTHUB_CLIENT_CONFIRMATION_OK"
4018,10141907513,10141907550,1,"IOTHUB_CLIENT_CONFIRMATION_OK"
4019,10141907714,10141907783,1,"IOTHUB_CLIENT_CONFIRMATION_OK"
4020,10141907914,10141907953,1,"IOTHUB_CLIENT_CONFIRMATION_OK"
4021,10141908114,10141908158,1,"IOTHUB_CLIENT_CONFIRMATION_OK"
4022,10141908314,10141908421,1,"IOTHUB_CLIENT_CONFIRMATION_OK"
4023,10141908514,10141908553,1,"IOTHUB_CLIENT_CONFIRMATION_OK"
4024,10141908714,10141908751,1,"IOTHUB_CLIENT_CONFIRMATION_OK"
4025,10141908914,10141909020,1,"IOTHUB_CLIENT_CONFIRMATION_OK"
4026,10141909115,10141909150,1,"IOTHUB_CLIENT_CONFIRMATION_OK"
4027,10141909315,10141909360,1,"IOTHUB_CLIENT_CONFIRMATION_OK"
4028,10141909515,10141909552,1,"IOTHUB_CLIENT_CONFIRMATION_OK"
4029,10141909715,10141909757,1,"IOTHUB_CLIENT_CONFIRMATION_OK"
4030,10141909915,10141909979,1,"IOTHUB_CLIENT_CONFIRMATION_OK"
4031,10141910115,10141910151,1,"IOTHUB_CLIENT_CONFIRMATION_OK"
4032,10141910316,10141910355,1,"IOTHUB_CLIENT_CONFIRMATION_OK"
4033,10141910516,10141910736,1,"IOTHUB_CLIENT_CONFIRMATION_OK"
4034,10141910716,10141910781,1,"IOTHUB_CLIENT_CONFIRMATION_OK"
4035,10141910916,10141910952,1,"IOTHUB_CLIENT_CONFIRMATION_OK"
4036,10141911116,10141911260,1,"IOTHUB_CLIENT_CONFIRMATION_OK"
4037,10141911316,10141911380,1,"IOTHUB_CLIENT_CONFIRMATION_OK"
4038,10141911516,10141911555,1,"IOTHUB_CLIENT_CONFIRMATION_OK"
4039,10141911717,10141911764,1,"IOTHUB_CLIENT_CONFIRMATION_OK"
4040,10141911917,10141911961,1,"IOTHUB_CLIENT_CONFIRMATION_OK"
4041,10141912117,10141912151,1,"IOTHUB_CLIENT_CONFIRMATION_OK"
4042,10141912317,10141912352,1,"IOTHUB_CLIENT_CONFIRMATION_OK"
4043,10141912517,10141912560,1,"IOTHUB_CLIENT_CONFIRMATION_OK"
4044,10141912718,10141912864,1,"IOTHUB_CLIENT_CONFIRMATION_OK"
4045,10141912918,10141912971,1,"IOTHUB_CLIENT_CONFIRMATION_OK"
4046,10141913118,10141913185,1,"IOTHUB_CLIENT_CONFIRMATION_OK"
4047,10141913318,10141913510,1,"IOTHUB_CLIENT_CONFIRMATION_OK"
4048,10141913518,10141913565,1,"IOTHUB_CLIENT_CONFIRMATION_OK"
4049,10141913718,10141913808,1,"IOTHUB_CLIENT_CONFIRMATION_OK"
4050,10141913919,10141913965,1,"IOTHUB_CLIENT_CONFIRMATION_OK"
4051,10141914119,10141914166,1,"IOTHUB_CLIENT_CONFIRMATION_OK"
4052,10141914319,10141914353,1,"IOTHUB_CLIENT_CONFIRMATION_OK"
4053,10141914519,10141914568,1,"IOTHUB_CLIENT_CONFIRMATION_OK"
4054,10141914719,10141914760,1,"IOTHUB_CLIENT_CONFIRMATION_OK"
4055,10141914919,10141914963,1,"IOTHUB_CLIENT_CONFIRMATION_OK"
4056,10141915120,10141915153,1,"IOTHUB_CLIENT_CONFIRMATION_OK"
4057,10141915320,10141915356,1,"IOTHUB_CLIENT_CONFIRMATION_OK"
4058,10141915520,10141915559,1,"IOTHUB_CLIENT_CONFIRMATION_OK"
4059,10141915720,10141915760,1,"IOTHUB_CLIENT_CONFIRMATION_OK"
4060,10141915920,10141915958,1,"IOTHUB_CLIENT_CONFIRMATION_OK"
4061,10141916120,10141916154,1,"IOTHUB_CLIENT_CONFIRMATION_OK"
4062,10141916320,10141916356,1,"IOTHUB_CLIENT_CONFIRMATION_OK"
4063,10141916521,10141916581,1,"IOTHUB_CLIENT_CONFIRMATION_OK"
4064,10141916721,10141916756,1,"IOTHUB_CLIENT_CONFIRMATION_OK"
4065,10141916921,10141916956,1,"IOTHUB_CLIENT_CONFIRMATION_OK"
4066,10141917121,10141917159,1,"IOTHUB_CLIENT_CONFIRMATION_OK"
4067,10141917321,10141917356,1,"IOTHUB_CLIENT_CONFIRMATION_OK"
4068,10141917521,10141917562,1,"IOTHUB_CLIENT_CONFIRMATION_OK"
4069,10141917721,10141917755,1,"IOTHUB_CLIENT_CONFIRMATION_OK"
4070,10141917922,10141917968,1,"IOTHUB_CLIENT_CONFIRMATION_OK"
4071,10141918122,10141918169,1,"IOTHUB_CLIENT_CONFIRMATION_OK"
4072,10141918322,10141918363,1,"IOTHUB_CLIENT_CONFIRMATION_OK"
4073,10141918522,10141918567,1,"IOTHUB_CLIENT_CONFIRMATION_OK"
4074,10141918722,10141918760,1,"IOTHUB_CLIENT_CONFIRMATION_OK"
4075,10141918923,10141918976,1,"IOTHUB_CLIENT_CONFIRMATION_OK"
4076,10141919123,10141919169,1,"IOTHUB_CLIENT_CONFIRMATION_OK"
4077,10141919323,10141919362,1,"IOTHUB_CLIENT_CONFIRMATION_OK"
4078,10141919523,10141919730,1,"IOTHUB_CLIENT_CONFIRMATION_OK"
4079,10141919723,10141919769,1,"IOTHUB_CLIENT_CONFIRMATION_OK"
4080,10141919923,10141919986,1,"IOTHUB_CLIENT_CONFIRMATION_OK"
4081,10141920123,10141920162,1,"IOTHUB_CLIENT_CONFIRMATION_OK"
4082,10141920324,10141920360,1,"IOTHUB_CLIENT_CONFIRMATION_OK"
4083,10141920524,10141920607,1,"IOTHUB_CLIENT_CONFIRMATION_OK"
4084,10141920724,10141920784,1,"IOTHUB_CLIENT_CONFIRMATION_OK"
4085,10141920924,10141920988,1,"IOTHUB_CLIENT_CONFIRMATION_OK"
4086,10141921124,10141921204,1,"IOTHUB_CLIENT_CONFIRMATION_OK"
4087,10141921324,10141921367,1,"IOTHUB_CLIENT_CONFIRMATION_OK"
4088,10141921525,10141921590,1,"IOTHUB_CLIENT_CONFIRMATION_OK"
4089,10141921725,10141921763,1,"IOTHUB_CLIENT_CONFIRMATION_OK"
4090,10141921925,10141921965,1,"IOTHUB_CLIENT_CONFIRMATION_OK"
4091,10141922125,10141922166,1,"IOTHUB_CLIENT_CONFIRMATION_OK"
4092,10141922325,10141922361,1,"IOTHUB_CLIENT_CONFIRMATION_OK"
4093,10141922525,10141922577,1,"IOTHUB_CLIENT_CONFIRMATION_OK"
4094,10141922725,10141922832,1,"IOTHUB_CLIENT_CONFIRMATION_OK"
4095,10141922926,10141922960,1,"IOTHUB_CLIENT_CONFIRMATION_OK"
4096,10141923126,10141923161,1,"IOTHUB_CLIENT_CONFIRMATION_OK"
4097,10141923326,10141923474,1,"IOTHUB_CLIENT_CONFIRMATION_OK"
4098,10141923526,10141923572,1,"IOTHUB_CLIENT_CONFIRMATION_OK"
4099,10141923726,10141923767,1,"IOTHUB_CLIENT_CONFIRMATION_OK"
4100,10141923927,10141923962,1,"IOTHUB_CLIENT_CONFIRMATION_OK"
4101,10141924127,10141924166,1,"IOTHUB_CLIENT_CONFIRMATION_OK"
4102,10141924327,10141924370,1,"IOTHUB_CLIENT_CONFIRMATION_OK"
4103,10141924527,10141924566,1,"IOTHUB_CLIENT_CONFIRMATION_OK"
4104,10141924727,10141924778,1,"IOTHUB_CLIENT_CONFIRMATION_OK"
4105,10141924927,10141925150,1,"IOTHUB_CLIENT_CONFIRMATION_OK"
4106,10141925127,10141925170,1,"IOTHUB_CLIENT_CONFIRMATION_OK"
4107,10141925328,10141925364,1,"IOTHUB_CLIENT_CONFIRMATION_OK"
4108,10141925528,10141925926,1,"IOTHUB_CLIENT_CONFIRMATION_OK"
4109,10141925728,10141925999,1,"IOTHUB_CLIENT_CONFIRMATION_OK"
4110,10141925928,10141926128,1,"IOTHUB_CLIENT_CONFIRMATION_OK"
4111,10141926128,10141926180,1,"IOTHUB_CLIENT_CONFIRMATION_OK"
4112,10141926328,10141926380,1,"IOTHUB_CLIENT_CONFIRMATION_OK"
4113,10141926528,10141926567,1,"IOTHUB_CLIENT_CONFIRMATION_OK"
4114,10141926729,10141926772,1,"IOTHUB_CLIENT_CONFIRMATION_OK"
4115,10141926929,10141926993,1,"IOTHUB_CLIENT_CONFIRMATION_OK"
4116,10141927129,10141927170,1,"IOTHUB_CLIENT_CONFIRMATION_OK"
4117,10141927329,10141927406,1,"IOTHUB_CLIENT_CONFIRMATION_OK"
4118,10141927529,10141927565,1,"IOTHUB_CLIENT_CONFIRMATION_OK"
4119,10141927729,10141927785,1,"IOTHUB_CLIENT_CONFIRMATION_OK"
4120,10141927929,10141927970,1,"IOTHUB_CLIENT_CONFIRMATION_OK"
4121,10141928130,10141928180,1,"IOTHUB_CLIENT_CONFIRMATION_OK"
4122,10141928330,10141928393,1,"IOTHUB_CLIENT_CONFIRMATION_OK"
4123,10141928530,10141928565,1,"IOTHUB_CLIENT_CONFIRMATION_OK"
4124,10141928730,10141928768,1,"IOTHUB_CLIENT_CONFIRMATION_OK"
4125,10141928931,10141929013,1,"IOTHUB_CLIENT_CONFIRMATION_OK"
4126,10141929131,10141929175,1,"IOTHUB_CLIENT_CONFIRMATION_OK"
4127,10141929331,10141929377,1,"IOTHUB_CLIENT_CONFIRMATION_OK"
4128,10141929531,10141929576,1,"IOTHUB_CLIENT_CONFIRMATION_OK"
4129,10141929731,10141929774,1,"IOTHUB_CLIENT_CONFIRMATION_OK"
4130,10141929931,10141930018,1,"IOTHUB_CLIENT_CONFIRMATION_OK"
4131,10141930132,10141930174,1,"IOTHUB_CLIENT_CONFIRMATION_OK"
4132,10141930332,10141930383,1,"IOTHUB_CLIENT_CONFIRMATION_OK"
4133,10141930532,10141930627,1,"IOTHUB_CLIENT_CONFIRMATION_OK"
4134,10141930732,10141930789,1,"IOTHUB_CLIENT_CONFIRMATION_OK"
4135,10141930932,10141930969,1,"IOTHUB_CLIENT_CONFIRMATION_OK"
4136,10141931132,10141931242,1,"IOTHUB_CLIENT_CONFIRMATION_OK"
4137,10141931332,10141931368,1,"IOTHUB_CLIENT_CONFIRMATION_OK"
4138,10141931533,10141931570,1,"IOTHUB_CLIENT_CONFIRMATION_OK"
4139,10141931733,10141931805,1,"IOTHUB_CLIENT_CONFIRMATION_OK"
4140,10141931933,10141931971,1,"IOTHUB_CLIENT_CONFIRMATION_OK"
4141,10141932133,10141932168,1,"IOTHUB_CLIENT_CONFIRMATION_OK"
4142,10141932333,10141932379,1,"IOTHUB_CLIENT_CONFIRMATION_OK"
4143,10141932534,10141932595,1,"IOTHUB_CLIENT_CONFIRMATION_OK"
4144,10141932734,10141932866,1,"IOTHUB_CLIENT_CONFIRMATION_OK"
4145,10141932934,10141933055,1,"IOTHUB_CLIENT_CONFIRMATION_OK"
4146,10141933134,10141933177,1,"IOTHUB_CLIENT_CONFIRMATION_OK"
4147,10141933334,10141933481,1,"IOTHUB_CLIENT_CONFIRMATION_OK"
4148,10141933534,10141933585,1,"IOTHUB_CLIENT_CONFIRMATION_OK"
4149,10141933734,10141933774,1,"IOTHUB_CLIENT_CONFIRMATION_OK"
4150,10141933935,10141933969,1,"IOTHUB_CLIENT_CONFIRMATION_OK"
4151,10141934135,10141934178,1,"IOTHUB_CLIENT_CONFIRMATION_OK"
4152,10141934335,10141934377,1,"IOTHUB_CLIENT_CONFIRMATION_OK"
4153,10141934535,10141934578,1,"IOTHUB_CLIENT_CONFIRMATION_OK"
4154,10141934735,10141934770,1,"IOTHUB_CLIENT_CONFIRMATION_OK"
4155,10141934935,10141935105,1,"IOTHUB_CLIENT_CONFIRMATION_OK"
4156,10141935135,10141935170,1,"IOTHUB_CLIENT_CONFIRMATION_OK"
4157,10141935336,10141935368,1,"IOTHUB_CLIENT_CONFIRMATION_OK"
4158,10141935536,10141935584,1,"IOTHUB_CLIENT_CONFIRMATION_OK"
4159,10141935736,10141935777,1,"IOTHUB_CLIENT_CONFIRMATION_OK"
4160,10141935936,10141935972,1,"IOTHUB_CLIENT_CONFIRMATION_OK"
4161,10141936136,10141936178,1,"IOTHUB_CLIENT_CONFIRMATION_OK"
4162,10141936336,10141936374,1,"IOTHUB_CLIENT_CONFIRMATION_OK"
4163,10141936537,10141936603,1,"IOTHUB_CLIENT_CONFIRMATION_OK"
4164,10141936737,10141936767,1,"IOTHUB_CLIENT_CONFIRMATION_OK"
4165,10141936937,10141936970,1,"IOTHUB_CLIENT_CONFIRMATION_OK"
4166,10141937137,10141937172,1,"IOTHUB_CLIENT_CONFIRMATION_OK"
4167,10141937337,10141937410,1,"IOTHUB_CLIENT_CONFIRMATION_OK"
4168,10141937537,10141937578,1,"IOTHUB_CLIENT_CONFIRMATION_OK"
4169,10141937737,10141937809,1,"IOTHUB_CLIENT_CONFIRMATION_OK"
4170,10141937938,10141938051,1,"IOTHUB_CLIENT_CONFIRMATION_OK"
4171,10141938138,10141938185,1,"IOTHUB_CLIENT_CONFIRMATION_OK"
4172,10141938338,10141938372,1,"IOTHUB_CLIENT_CONFIRMATION_OK"
4173,10141938538,10141938621,1,"IOTHUB_CLIENT_CONFIRMATION_OK"
4174,10141938738,10141938779,1,"IOTHUB_CLIENT_CONFIRMATION_OK"
4175,10141938938,10141938976,1,"IOTHUB_CLIENT_CONFIRMATION_OK"
4176,10141939138,10141939175,1,"IOTHUB_CLIENT_CONFIRMATION_OK"
4177,10141939339,10141939383,1,"IOTHUB_CLIENT_CONFIRMATION_OK"
4178,10141939539,10141939587,1,"IOTHUB_CLIENT_CONFIRMATION_OK"
4179,10141939739,10141939782,1,"IOTHUB_CLIENT_CONFIRMATION_OK"
4180,10141939939,10141939989,1,"IOTHUB_CLIENT_CONFIRMATION_OK"
4181,10141940139,10141940191,1,"IOTHUB_CLIENT_CONFIRMATION_OK"
4182,10141940339,10141940396,1,"IOTHUB_CLIENT_CONFIRMATION_OK"
4183,10141940540,10141940619,1,"IOTHUB_CLIENT_CONFIRMATION_OK"
4184,10141940740,10141940782,1,"IOTHUB_CLIENT_CONFIRMATION_OK"
4185,10141940940,10141940978,1,"IOTHUB_CLIENT_CONFIRMATION_OK"
4186,10141941140,10141941223,1,"IOTHUB_CLIENT_CONFIRMATION_OK"
4187,10141941340,10141941380,1,"IOTHUB_CLIENT_CONFIRMATION_OK"
4188,10141941540,10141941583,1,"IOTHUB_CLIENT_CONFIRMATION_OK"
4189,10141941741,10141941775,1,"IOTHUB_CLIENT_CONFIRMATION_OK"
4190,10141941941,10141942027,1,"IOTHUB_CLIENT_CONFIRMATION_OK"
4191,10141942141,10141942181,1,"IOTHUB_CLIENT_CONFIRMATION_OK"
4192,10141942341,10141942377,1,"IOTHUB_CLIENT_CONFIRMATION_OK"
4193,10141942541,10141942580,1,"IOTHUB_CLIENT_CONFIRMATION_OK"
4194,10141942741,10141942855,1,"IOTHUB_CLIENT_CONFIRMATION_OK"
4195,10141942942,10141942977,1,"IOTHUB_CLIENT_CONFIRMATION_OK"
4196,10141943142,10141943175,1,"IOTHUB_CLIENT_CONFIRMATION_OK"
4197,10141943342,10141943500,1,"IOTHUB_CLIENT_CONFIRMATION_OK"
4198,10141943542,10141943592,1,"IOTHUB_CLIENT_CONFIRMATION_OK"
4199,10141943742,10141943778,1,"IOTHUB_CLIENT_CONFIRMATION_OK"
4200,10141943942,10141944003,1,"IOTHUB_CLIENT_CONFIRMATION_OK"
4201,10141944142,10141944230,1,"IOTHUB_CLIENT_CONFIRMATION_OK"
4202,10141944343,10141944386,1,"IOTHUB_CLIENT_CONFIRMATION_OK"
4203,10141944543,10141944583,1,"IOTHUB_CLIENT_CONFIRMATION_OK"
4204,10141944743,10141944803,1,"IOTHUB_CLIENT_CONFIRMATION_OK"
4205,10141944943,10141944982,1,"IOTHUB_CLIENT_CONFIRMATION_OK"
4206,10141945143,10141945181,1,"IOTHUB_CLIENT_CONFIRMATION_OK"
4207,10141945343,10141945377,1,"IOTHUB_CLIENT_CONFIRMATION_OK"
4208,10141945544,10141945583,1,"IOTHUB_CLIENT_CONFIRMATION_OK"
4209,10141945744,10141945779,1,"IOTHUB_CLIENT_CONFIRMATION_OK"
4210,10141945944,10141945990,1,"IOTHUB_CLIENT_CONFIRMATION_OK"
4211,10141946144,10141946198,1,"IOTHUB_CLIENT_CONFIRMATION_OK"
4212,10141946344,10141946386,1,"IOTHUB_CLIENT_CONFIRMATION_OK"
4213,10141946544,10141946582,1,"IOTHUB_CLIENT_CONFIRMATION_OK"
4214,10141946744,10141946796,1,"IOTHUB_CLIENT_CONFIRMATION_OK"
4215,10141946945,10141946992,1,"IOTHUB_CLIENT_CONFIRMATION_OK"
4216,10141947145,10141947188,1,"IOTHUB_CLIENT_CONFIRMATION_OK"
4217,10141947345,10141947387,1,"IOTHUB_CLIENT_CONFIRMATION_OK"
4218,10141947545,10141947581,1,"IOTHUB_CLIENT_CONFIRMATION_OK"
4219,10141947745,10141947808,1,"IOTHUB_CLIENT_CONFIRMATION_OK"
4220,10141947945,10141947979,1,"IOTHUB_CLIENT_CONFIRMATION_OK"
4221,10141948146,10141948183,1,"IOTHUB_CLIENT_CONFIRMATION_OK"
4222,10141948346,10141948430,1,"IOTHUB_CLIENT_CONFIRMATION_OK"
4223,10141948546,10141948588,1,"IOTHUB_CLIENT_CONFIRMATION_OK"
4224,10141948746,10141948781,1,"IOTHUB_CLIENT_CONFIRMATION_OK"
4225,10141948946,10141949041,1,"IOTHUB_CLIENT_CONFIRMATION_OK"
4226,10141949146,10141949183,1,"IOTHUB_CLIENT_CONFIRMATION_OK"
4227,10141949347,10141949381,1,"IOTHUB_CLIENT_CONFIRMATION_OK"
4228,10141949547,10141949626,1,"IOTHUB_CLIENT_CONFIRMATION_OK"
4229,10141949747,10141949791,1,"IOTHUB_CLIENT_CONFIRMATION_OK"
4230,10141949947,10141950130,1,"IOTHUB_CLIENT_CONFIRMATION_OK"
4231,10141950147,10141950188,1,"IOTHUB_CLIENT_CONFIRMATION_OK"
4232,10141950347,10141950383,1,"IOTHUB_CLIENT_CONFIRMATION_OK"
4233,10141950547,10141950585,1,"IOTHUB_CLIENT_CONFIRMATION_OK"
4234,10141950748,10141950790,1,"IOTHUB_CLIENT_CONFIRMATION_OK"
4235,10141950948,10141950987,1,"IOTHUB_CLIENT_CONFIRMATION_OK"
4236,10141951148,10141951190,1,"IOTHUB_CLIENT_CONFIRMATION_OK"
4237,10141951348,10141951388,1,"IOTHUB_CLIENT_CONFIRMATION_OK"
4238,10141951548,10141951599,1,"IOTHUB_CLIENT_CONFIRMATION_OK"
4239,10141951748,10141951783,1,"IOTHUB_CLIENT_CONFIRMATION_OK"
4240,10141951948,10141951983,1,"IOTHUB_CLIENT_CONFIRMATION_OK"
4241,10141952149,10141952378,1,"IOTHUB_CLIENT_CONFIRMATION_OK"
4242,10141952349,10141952405,1,"IOTHUB_CLIENT_CONFIRMATION_OK"
4243,10141952549,10141952607,1,"IOTHUB_CLIENT_CONFIRMATION_OK"
4244,10141952749,10141952790,1,"IOTHUB_CLIENT_CONFIRMATION_OK"
4245,10141952949,10141952987,1,"IOTHUB_CLIENT_CONFIRMATION_OK"
4246,10141953149,10141953184,1,"IOTHUB_CLIENT_CONFIRMATION_OK"
4247,10141953350,10141953406,1,"IOTHUB_CLIENT_CONFIRMATION_OK"
4248,10141953550,10141953585,1,"IOTHUB_CLIENT_CONFIRMATION_OK"
4249,10141953750,10141953790,1,"IOTHUB_CLIENT_CONFIRMATION_OK"
4250,10141953950,10141954043,1,"IOTHUB_CLIENT_CONFIRMATION_OK"
4251,10141954150,10141954187,1,"IOTHUB_CLIENT_CONFIRMATION_OK"
4252,10141954350,10141954389,1,"IOTHUB_CLIENT_CONFIRMATION_OK"
4253,10141954550,10141954608,1,"IOTHUB_CLIENT_CONFIRMATION_OK"
4254,10141954751,10141954785,1,"IOTHUB_CLIENT_CONFIRMATION_OK"
4255,10141954951,10141955031,1,"IOTHUB_CLIENT_CONFIRMATION_OK"
4256,10141955151,10141955247,1,"IOTHUB_CLIENT_CONFIRMATION_OK"
4257,10141955351,10141955388,1,"IOTHUB_CLIENT_CONFIRMATION_OK"
4258,10141955551,10141955638,1,"IOTHUB_CLIENT_CONFIRMATION_OK"
4259,10141955751,10141955810,1,"IOTHUB_CLIENT_CONFIRMATION_OK"
4260,10141955952,10141956053,1,"IOTHUB_CLIENT_CONFIRMATION_OK"
4261,10141956152,10141956188,1,"IOTHUB_CLIENT_CONFIRMATION_OK"
4262,10141956352,10141956400,1,"IOTHUB_CLIENT_CONFIRMATION_OK"
4263,10141956552,10141956598,1,"IOTHUB_CLIENT_CONFIRMATION_OK"
4264,10141956752,10141956790,1,"IOTHUB_CLIENT_CONFIRMATION_OK"
4265,10141956952,10141956994,1,"IOTHUB_CLIENT_CONFIRMATION_OK"
4266,10141957152,10141957358,1,"IOTHUB_CLIENT_CONFIRMATION_OK"
4267,10141957353,10141957393,1,"IOTHUB_CLIENT_CONFIRMATION_OK"
4268,10141957553,10141957603,1,"IOTHUB_CLIENT_CONFIRMATION_OK"
4269,10141957753,10141957796,1,"IOTHUB_CLIENT_CONFIRMATION_OK"
4270,10141957953,10141958048,1,"IOTHUB_CLIENT_CONFIRMATION_OK"
4271,10141958153,10141958191,1,"IOTHUB_CLIENT_CONFIRMATION_OK"
4272,10141958353,10141958388,1,"IOTHUB_CLIENT_CONFIRMATION_OK"
4273,10141958553,10141958589,1,"IOTHUB_CLIENT_CONFIRMATION_OK"
4274,10141958754,10141958811,1,"IOTHUB_CLIENT_CONFIRMATION_OK"
4275,10141958954,10141959005,1,"IOTHUB_CLIENT_CONFIRMATION_OK"
4276,10141959154,10141959192,1,"IOTHUB_CLIENT_CONFIRMATION_OK"
4277,10141959354,10141959398,1,"IOTHUB_CLIENT_CONFIRMATION_OK"
4278,10141959554,10141959590,1,"IOTHUB_CLIENT_CONFIRMATION_OK"
4279,10141959754,10141959796,1,"IOTHUB_CLIENT_CONFIRMATION_OK"
4280,10141959955,10141960031,1,"IOTHUB_CLIENT_CONFIRMATION_OK"
4281,10141960155,10141960195,1,"IOTHUB_CLIENT_CONFIRMATION_OK"
4282,10141960355,10141960475,1,"IOTHUB_CLIENT_CONFIRMATION_OK"
4283,10141960555,10141960851,1,"IOTHUB_CLIENT_CONFIRMATION_OK"
4284,10141960755,10141960874,1,"IOTHUB_CLIENT_CONFIRMATION_OK"
4285,10141960955,10141960999,1,"IOTHUB_CLIENT_CONFIRMATION_OK"
4286,10141961155,10141961194,1,"IOTHUB_CLIENT_CONFIRMATION_OK"
4287,10141961356,10141961393,1,"IOTHUB_CLIENT_CONFIRMATION_OK"
4288,10141961556,10141961594,1,"IOTHUB_CLIENT_CONFIRMATION_OK"
4289,10141961756,10141961833,1,"IOTHUB_CLIENT_CONFIRMATION_OK"
4290,10141961956,10141962016,1,"IOTHUB_CLIENT_CONFIRMATION_OK"
4291,10141962156,10141962330,1,"IOTHUB_CLIENT_CONFIRMATION_OK"
4292,10141962356,10141962394,1,"IOTHUB_CLIENT_CONFIRMATION_OK"
4293,10141962557,10141962598,1,"IOTHUB_CLIENT_CONFIRMATION_OK"
4294,10141962757,10141962958,1,"IOTHUB_CLIENT_CONFIRMATION_OK"
4295,10141962957,10141963018,1,"IOTHUB_CLIENT_CONFIRMATION_OK"
4296,10141963157,10141963187,1,"IOTHUB_CLIENT_CONFIRMATION_OK"
4297,10141963357,10141963396,1,"IOTHUB_CLIENT_CONFIRMATION_OK"
4298,10141963557,10141963590,1,"IOTHUB_CLIENT_CONFIRMATION_OK"
4299,10141963757,10141963826,1,"IOTHUB_CLIENT_CONFIRMATION_OK"
4300,10141963958,10141964001,1,"IOTHUB_CLIENT_CONFIRMATION_OK"
4301,10141964158,10141964197,1,"IOTHUB_CLIENT_CONFIRMATION_OK"
4302,10141964358,10141964397,1,"IOTHUB_CLIENT_CONFIRMATION_OK"
4303,10141964558,10141964599,1,"IOTHUB_CLIENT_CONFIRMATION_OK"
4304,10141964758,10141964832,1,"IOTHUB_CLIENT_CONFIRMATION_OK"
4305,10141964958,10141964995,1,"IOTHUB_CLIENT_CONFIRMATION_OK"
4306,10141965159,10141965211,1,"IOTHUB_CLIENT_CONFIRMATION_OK"
4307,10141965359,10141965396,1,"IOTHUB_CLIENT_CONFIRMATION_OK"
4308,10141965559,10141965605,1,"IOTHUB_CLIENT_CONFIRMATION_OK"
4309,10141965759,10141965812,1,"IOTHUB_CLIENT_CONFIRMATION_OK"
4310,10141965959,10141966004,1,"IOTHUB_CLIENT_CONFIRMATION_OK"
4311,10141966159,10141966208,1,"IOTHUB_CLIENT_CONFIRMATION_OK"
4312,10141966359,10141966410,1,"IOTHUB_CLIENT_CONFIRMATION_OK"
4313,10141966560,10141966594,1,"IOTHUB_CLIENT_CONFIRMATION_OK"
4314,10141966760,10141966796,1,"IOTHUB_CLIENT_CONFIRMATION_OK"
4315,10141966960,10141967022,1,"IOTHUB_CLIENT_CONFIRMATION_OK"
4316,10141967160,10141967232,1,"IOTHUB_CLIENT_CONFIRMATION_OK"
4317,10141967360,10141967403,1,"IOTHUB_CLIENT_CONFIRMATION_OK"
4318,10141967560,10141967631,1,"IOTHUB_CLIENT_CONFIRMATION_OK"
4319,10141967760,10141967860,1,"IOTHUB_CLIENT_CONFIRMATION_OK"
4320,10141967961,10141967997,1,"IOTHUB_CLIENT_CONFIRMATION_OK"
4321,10141968161,10141968202,1,"IOTHUB_CLIENT_CONFIRMATION_OK"
4322,10141968361,10141968455,1,"IOTHUB_CLIENT_CONFIRMATION_OK"
4323,10141968561,10141968618,1,"IOTHUB_CLIENT_CONFIRMATION_OK"
4324,10141968761,10141968818,1,"IOTHUB_CLIENT_CONFIRMATION_OK"
4325,10141968962,10141969012,1,"IOTHUB_CLIENT_CONFIRMATION_OK"
4326,10141969162,10141969201,1,"IOTHUB_CLIENT_CONFIRMATION_OK"
4327,10141969362,10141969468,1,"IOTHUB_CLIENT_CONFIRMATION_OK"
4328,10141969562,10141969605,1,"IOTHUB_CLIENT_CONFIRMATION_OK"
4329,10141969762,10141969797,1,"IOTHUB_CLIENT_CONFIRMATION_OK"
4330,10141969962,10141970126,1,"IOTHUB_CLIENT_CONFIRMATION_OK"
4331,10141970162,10141970205,1,"IOTHUB_CLIENT_CONFIRMATION_OK"
4332,10141970363,10141970402,1,"IOTHUB_CLIENT_CONFIRMATION_OK"
4333,10141970563,10141970687,1,"IOTHUB_CLIENT_CONFIRMATION_OK"
4334,10141970763,10141970814,1,"IOTHUB_CLIENT_CONFIRMATION_OK"
4335,10141970963,10141971031,1,"IOTHUB_CLIENT_CONFIRMATION_OK"
4336,10141971163,10141971202,1,"IOTHUB_CLIENT_CONFIRMATION_OK"
4337,10141971363,10141971406,1,"IOTHUB_CLIENT_CONFIRMATION_OK"
4338,10141971564,10141971607,1,"IOTHUB_CLIENT_CONFIRMATION_OK"
4339,10141971764,10141971803,1,"IOTHUB_CLIENT_CONFIRMATION_OK"
4340,10141971964,10141972011,1,"IOTHUB_CLIENT_CONFIRMATION_OK"
4341,10141972164,10141972410,1,"IOTHUB_CLIENT_CONFIRMATION_OK"
4342,10141972364,10141972430,1,"IOTHUB_CLIENT_CONFIRMATION_OK"
4343,10141972564,10141972628,1,"IOTHUB_CLIENT_CONFIRMATION_OK"
4344,10141972765,10141972840,1,"IOTHUB_CLIENT_CONFIRMATION_OK"
4345,10141972965,10141973001,1,"IOTHUB_CLIENT_CONFIRMATION_OK"
4346,10141973165,10141973206,1,"IOTHUB_CLIENT_CONFIRMATION_OK"
4347,10141973365,10141973438,1,"IOTHUB_CLIENT_CONFIRMATION_OK"
4348,10141973565,10141973649,1,"IOTHUB_CLIENT_CONFIRMATION_OK"
4349,10141973765,10141973814,1,"IOTHUB_CLIENT_CONFIRMATION_OK"
4350,10141973965,10141974005,1,"IOTHUB_CLIENT_CONFIRMATION_OK"
4351,10141974166,10141974201,1,"IOTHUB_CLIENT_CONFIRMATION_OK"
4352,10141974366,10141974470,1,"IOTHUB_CLIENT_CONFIRMATION_OK"
4353,10141974566,10141974612,1,"IOTHUB_CLIENT_CONFIRMATION_OK"
4354,10141974766,10141974811,1,"IOTHUB_CLIENT_CONFIRMATION_OK"
4355,10141974966,10141975079,1,"IOTHUB_CLIENT_CONFIRMATION_OK"
4356,10141975166,10141975204,1,"IOTHUB_CLIENT_CONFIRMATION_OK"
4357,10141975366,10141975404,1,"IOTHUB_CLIENT_CONFIRMATION_OK"
4358,10141975567,10141975674,1,"IOTHUB_CLIENT_CONFIRMATION_OK"
4359,10141975767,10141975822,1,"IOTHUB_CLIENT_CONFIRMATION_OK"
4360,10141975967,10141976008,1,"IOTHUB_CLIENT_CONFIRMATION_OK"
4361,10141976167,10141976252,1,"IOTHUB_CLIENT_CONFIRMATION_OK"
4362,10141976367,10141976406,1,"IOTHUB_CLIENT_CONFIRMATION_OK"
4363,10141976567,10141976607,1,"IOTHUB_CLIENT_CONFIRMATION_OK"
4364,10141976768,10141976804,1,"IOTHUB_CLIENT_CONFIRMATION_OK"
4365,10141976968,10141977010,1,"IOTHUB_CLIENT_CONFIRMATION_OK"
4366,10141977168,10141977285,1,"IOTHUB_CLIENT_CONFIRMATION_OK"
4367,10141977368,10141977458,1,"IOTHUB_CLIENT_CONFIRMATION_OK"
4368,10141977568,10141977610,1,"IOTHUB_CLIENT_CONFIRMATION_OK"
4369,10141977768,10141977892,1,"IOTHUB_CLIENT_CONFIRMATION_OK"
4370,10141977968,10141978078,1,"IOTHUB_CLIENT_CONFIRMATION_OK"
4371,10141978169,10141978202,1,"IOTHUB_CLIENT_CONFIRMATION_OK"
4372,10141978369,10141978417,1,"IOTHUB_CLIENT_CONFIRMATION_OK"
4373,10141978569,10141978602,1,"IOTHUB_CLIENT_CONFIRMATION_OK"
4374,10141978769,10141978811,1,"IOTHUB_CLIENT_CONFIRMATION_OK"
4375,10141978969,10141979003,1,"IOTHUB_CLIENT_CONFIRMATION_OK"
4376,10141979169,10141979223,1,"IOTHUB_CLIENT_CONFIRMATION_OK"
4377,10141979370,10141979552,1,"IOTHUB_CLIENT_CONFIRMATION_OK"
4378,10141979570,10141979609,1,"IOTHUB_CLIENT_CONFIRMATION_OK"
4379,10141979770,10141979811,1,"IOTHUB_CLIENT_CONFIRMATION_OK"
4380,10141979970,10141980009,1,"IOTHUB_CLIENT_CONFIRMATION_OK"
4381,10141980170,10141980207,1,"IOTHUB_CLIENT_CONFIRMATION_OK"
4382,10141980370,10141980406,1,"IOTHUB_CLIENT_CONFIRMATION_OK"
4383,10141980570,10141980625,1,"IOTHUB_CLIENT_CONFIRMATION_OK"
4384,10141980771,10141980805,1,"IOTHUB_CLIENT_CONFIRMATION_OK"
4385,10141980971,10141981003,1,"IOTHUB_CLIENT_CONFIRMATION_OK"
4386,10141981171,10141981220,1,"IOTHUB_CLIENT_CONFIRMATION_OK"
4387,10141981371,10141981407,1,"IOTHUB_CLIENT_CONFIRMATION_OK"
4388,10141981571,10141981609,1,"IOTHUB_CLIENT_CONFIRMATION_OK"
4389,10141981771,10141981816,1,"IOTHUB_CLIENT_CONFIRMATION_OK"
4390,10141981972,10141982014,1,"IOTHUB_CLIENT_CONFIRMATION_OK"
4391,10141982172,10141982206,1,"IOTHUB_CLIENT_CONFIRMATION_OK"
4392,10141982372,10141982441,1,"IOTHUB_CLIENT_CONFIRMATION_OK"
4393,10141982572,10141982610,1,"IOTHUB_CLIENT_CONFIRMATION_OK"
4394,10141982772,10141982822,1,"IOTHUB_CLIENT_CONFIRMATION_OK"
4395,10141982972,10141983059,1,"IOTHUB_CLIENT_CONFIRMATION_OK"
4396,10141983172,10141983221,1,"IOTHUB_CLIENT_CONFIRMATION_OK"
4397,10141983373,10141983429,1,"IOTHUB_CLIENT_CONFIRMATION_OK"
4398,10141983573,10141983608,1,"IOTHUB_CLIENT_CONFIRMATION_OK"
4399,10141983773,10141983809,1,"IOTHUB_CLIENT_CONFIRMATION_OK"
4400,10141983973,10141984014,1,"IOTHUB_CLIENT_CONFIRMATION_OK"
4401,10141984173,10141984213,1,"IOTHUB_CLIENT_CONFIRMATION_OK"
4402,10141984373,10141984442,1,"IOTHUB_CLIENT_CONFIRMATION_OK"
4403,10141984574,10141984626,1,"IOTHUB_CLIENT_CONFIRMATION_OK"
4404,10141984774,10141984828,1,"IOTHUB_CLIENT_CONFIRMATION_OK"
4405,10141984974,10141985067,1,"IOTHUB_CLIENT_CONFIRMATION_OK"
4406,10141985174,10141985222,1,"IOTHUB_CLIENT_CONFIRMATION_OK"
4407,10141985374,10141985413,1,"IOTHUB_CLIENT_CONFIRMATION_OK"
4408,10141985574,10141985714,1,"IOTHUB_CLIENT_CONFIRMATION_OK"
4409,10141985774,10141985824,1,"IOTHUB_CLIENT_CONFIRMATION_OK"
4410,10141985975,10141986009,1,"IOTHUB_CLIENT_CONFIRMATION_OK"
4411,10141986175,10141986210,1,"IOTHUB_CLIENT_CONFIRMATION_OK"
4412,10141986375,10141986418,1,"IOTHUB_CLIENT_CONFIRMATION_OK"
4413,10141986575,10141986642,1,"IOTHUB_CLIENT_CONFIRMATION_OK"
4414,10141986775,10141986814,1,"IOTHUB_CLIENT_CONFIRMATION_OK"
4415,10141986975,10141987012,1,"IOTHUB_CLIENT_CONFIRMATION_OK"
4416,10141987175,10141987312,1,"IOTHUB_CLIENT_CONFIRMATION_OK"
4417,10141987376,10141987415,1,"IOTHUB_CLIENT_CONFIRMATION_OK"
4418,10141987576,10141987616,1,"IOTHUB_CLIENT_CONFIRMATION_OK"
4419,10141987776,10141987831,1,"IOTHUB_CLIENT_CONFIRMATION_OK"
4420,10141987976,10141988012,1,"IOTHUB_CLIENT_CONFIRMATION_OK"
4421,10141988176,10141988212,1,"IOTHUB_CLIENT_CONFIRMATION_OK"
4422,10141988376,10141988437,1,"IOTHUB_CLIENT_CONFIRMATION_OK"
4423,10141988576,10141988612,1,"IOTHUB_CLIENT_CONFIRMATION_OK"
4424,10141988777,10141988814,1,"IOTHUB_CLIENT_CONFIRMATION_OK"
4425,10141988977,10141989018,1,"IOTHUB_CLIENT_CONFIRMATION_OK"
4426,10141989177,10141989396,1,"IOTHUB_CLIENT_CONFIRMATION_OK"
4427,10141989377,10141989568,1,"IOTHUB_CLIENT_CONFIRMATION_OK"
4428,10141989577,10141989941,1,"IOTHUB_CLIENT_CONFIRMATION_OK"
4429,10141989777,10141990031,1,"IOTHUB_CLIENT_CONFIRMATION_OK"
4430,10141989978,10141990098,1,"IOTHUB_CLIENT_CONFIRMATION_OK"
4431,10141990178,10141990216,1,"IOTHUB_CLIENT_CONFIRMATION_OK"
4432,10141990378,10141990416,1,"IOTHUB_CLIENT_CONFIRMATION_OK"
4433,10141990578,10141990616,1,"IOTHUB_CLIENT_CONFIRMATION_OK"
4434,10141990778,10141990816,1,"IOTHUB_CLIENT_CONFIRMATION_OK"
4435,10141990978,10141991023,1,"IOTHUB_CLIENT_CONFIRMATION_OK"
4436,10141991179,10141991253,1,"IOTHUB_CLIENT_CONFIRMATION_OK"
4437,10141991379,10141991415,1,"IOTHUB_CLIENT_CONFIRMATION_OK"
4438,10141991579,10141991646,1,"IOTHUB_CLIENT_CONFIRMATION_OK"
4439,10141991779,10141991821,1,"IOTHUB_CLIENT_CONFIRMATION_OK"
4440,10141991979,10141992040,1,"IOTHUB_CLIENT_CONFIRMATION_OK"
4441,10141992179,10141992255,1,"IOTHUB_CLIENT_CONFIRMATION_OK"
4442,10141992379,10141992415,1,"IOTHUB_CLIENT_CONFIRMATION_OK"
4443,10141992580,10141992617,1,"IOTHUB_CLIENT_CONFIRMATION_OK"
4444,10141992780,10141992879,1,"IOTHUB_CLIENT_CONFIRMATION_OK"
4445,10141992980,10141993016,1,"IOTHUB_CLIENT_CONFIRMATION_OK"
4446,10141993180,10141993222,1,"IOTHUB_CLIENT_CONFIRMATION_OK"
4447,10141993380,10141993422,1,"IOTHUB_CLIENT_CONFIRMATION_OK"
4448,10141993580,10141993615,1,"IOTHUB_CLIENT_CONFIRMATION_OK"
4449,10141993781,10141993817,1,"IOTHUB_CLIENT_CONFIRMATION_OK"
4450,10141993981,10141994020,1,"IOTHUB_CLIENT_CONFIRMATION_OK"
4451,10141994181,10141994218,1,"IOTHUB_CLIENT_CONFIRMATION_OK"
4452,10141994381,10141994512,1,"IOTHUB_CLIENT_CONFIRMATION_OK"
4453,10141994581,10141994613,1,"IOTHUB_CLIENT_CONFIRMATION_OK"
4454,10141994781,10141994821,1,"IOTHUB_CLIENT_CONFIRMATION_OK"
4455,10141994982,10141995124,1,"IOTHUB_CLIENT_CONFIRMATION_OK"
4456,10141995182,10141995227,1,"IOTHUB_CLIENT_CONFIRMATION_OK"
4457,10141995382,10141995416,1,"IOTHUB_CLIENT_CONFIRMATION_OK"
4458,10141995582,10141995624,1,"IOTHUB_CLIENT_CONFIRMATION_OK"
4459,10141995782,10141995827,1,"IOTHUB_CLIENT_CONFIRMATION_OK"
4460,10141995982,10141996020,1,"IOTHUB_CLIENT_CONFIRMATION_OK"
4461,10141996182,10141996232,1,"IOTHUB_CLIENT_CONFIRMATION_OK"
4462,10141996383,10141996420,1,"IOTHUB_CLIENT_CONFIRMATION_OK"
4463,10141996583,10141996760,1,"IOTHUB_CLIENT_CONFIRMATION_OK"
4464,10141996783,10141996820,1,"IOTHUB_CLIENT_CONFIRMATION_OK"
4465,10141996983,10141997067,1,"IOTHUB_CLIENT_CONFIRMATION_OK"
4466,10141997183,10141997227,1,"IOTHUB_CLIENT_CONFIRMATION_OK"
4467,10141997383,10141997422,1,"IOTHUB_CLIENT_CONFIRMATION_OK"
4468,10141997584,10141997621,1,"IOTHUB_CLIENT_CONFIRMATION_OK"
4469,10141997784,10141997818,1,"IOTHUB_CLIENT_CONFIRMATION_OK"
4470,10141997984,10141998020,1,"IOTHUB_CLIENT_CONFIRMATION_OK"
4471,10141998184,10141998221,1,"IOTHUB_CLIENT_CONFIRMATION_OK"
4472,10141998384,10141998420,1,"IOTHUB_CLIENT_CONFIRMATION_OK"
4473,10141998584,10141998620,1,"IOTHUB_CLIENT_CONFIRMATION_OK"
4474,10141998784,10141998828,1,"IOTHUB_CLIENT_CONFIRMATION_OK"
4475,10141998985,10141999034,1,"IOTHUB_CLIENT_CONFIRMATION_OK"
4476,10141999185,10141999226,1,"IOTHUB_CLIENT_CONFIRMATION_OK"
4477,10141999385,10141999467,1,"IOTHUB_CLIENT_CONFIRMATION_OK"
4478,10141999585,10141999664,1,"IOTHUB_CLIENT_CONFIRMATION_OK"
4479,10141999785,10141999824,1,"IOTHUB_CLIENT_CONFIRMATION_OK"
4480,10141999985,10142000035,1,"IOTHUB_CLIENT_CONFIRMATION_OK"
4481,10142000186,10142000225,1,"IOTHUB_CLIENT_CONFIRMATION_OK"
4482,10142000386,10142000433,1,"IOTHUB_CLIENT_CONFIRMATION_OK"
4483,10142000586,10142000643,1,"IOTHUB_CLIENT_CONFIRMATION_OK"
4484,10142000786,10142000831,1,"IOTHUB_CLIENT_CONFIRMATION_OK"
4485,10142000986,10142001021,1,"IOTHUB_CLIENT_CONFIRMATION_OK"
4486,10142001186,10142001253,1,"IOTHUB_CLIENT_CONFIRMATION_OK"
4487,10142001386,10142001421,1,"IOTHUB_CLIENT_CONFIRMATION_OK"
4488,10142001587,10142001659,1,"IOTHUB_CLIENT_CONFIRMATION_OK"
4489,10142001787,10142001823,1,"IOTHUB_CLIENT_CONFIRMATION_OK"
4490,10142001987,10142002030,1,"IOTHUB_CLIENT_CONFIRMATION_OK"
4491,10142002187,10142002302,1,"IOTHUB_CLIENT_CONFIRMATION_OK"
4492,10142002387,10142002436,1,"IOTHUB_CLIENT_CONFIRMATION_OK"
4493,10142002587,10142002639,1,"IOTHUB_CLIENT_CONFIRMATION_OK"
4494,10142002787,10142002890,1,"IOTHUB_CLIENT_CONFIRMATION_OK"
4495,10142002988,10142003031,1,"IOTHUB_CLIENT_CONFIRMATION_OK"
4496,10142003188,10142003229,1,"IOTHUB_CLIENT_CONFIRMATION_OK"
4497,10142003388,10142003452,1,"IOTHUB_CLIENT_CONFIRMATION_OK"
4498,10142003588,10142003626,1,"IOTHUB_CLIENT_CONFIRMATION_OK"
4499,10142003788,10142003834,1,"IOTHUB_CLIENT_CONFIRMATION_OK"
4500,10142003988,10142004032,1,"IOTHUB_CLIENT_CONFIRMATION_OK"
4501,10142004189,10142004225,1,"IOTHUB_CLIENT_CONFIRMATION_OK"
4502,10142004389,10142004430,1,"IOTHUB_CLIENT_CONFIRMATION_OK"
4503,10142004589,10142004632,1,"IOTHUB_CLIENT_CONFIRMATION_OK"
4504,10142004789,10142004831,1,"IOTHUB_CLIENT_CONFIRMATION_OK"
4505,10142004989,10142005035,1,"IOTHUB_CLIENT_CONFIRMATION_OK"
4506,10142005189,10142005286,1,"IOTHUB_CLIENT_CONFIRMATION_OK"
4507,10142005389,10142005430,1,"IOTHUB_CLIENT_CONFIRMATION_OK"
4508,10142005590,10142005633,1,"IOTHUB_CLIENT_CONFIRMATION_OK"
4509,10142005790,10142005837,1,"IOTHUB_CLIENT_CONFIRMATION_OK"
4510,10142005990,10142006026,1,"IOTHUB_CLIENT_CONFIRMATION_OK"
4511,10142006190,10142006256,1,"IOTHUB_CLIENT_CONFIRMATION_OK"
4512,10142006390,10142006430,1,"IOTHUB_CLIENT_CONFIRMATION_OK"
4513,10142006590,10142006659,1,"IOTHUB_CLIENT_CONFIRMATION_OK"
4514,10142006791,10142006827,1,"IOTHUB_CLIENT_CONFIRMATION_OK"
4515,10142006991,10142007028,1,"IOTHUB_CLIENT_CONFIRMATION_OK"
4516,10142007191,10142007263,1,"IOTHUB_CLIENT_CONFIRMATION_OK"
4517,10142007391,10142007428,1,"IOTHUB_CLIENT_CONFIRMATION_OK"
4518,10142007591,10142007664,1,"IOTHUB_CLIENT_CONFIRMATION_OK"
4519,10142007791,10142007878,1,"IOTHUB_CLIENT_CONFIRMATION_OK"
4520,10142007991,10142008030,1,"IOTHUB_CLIENT_CONFIRMATION_OK"
4521,10142008192,10142008227,1,"IOTHUB_CLIENT_CONFIRMATION_OK"
4522,10142008392,10142008442,1,"IOTHUB_CLIENT_CONFIRMATION_OK"
4523,10142008592,10142008629,1,"IOTHUB_CLIENT_CONFIRMATION_OK"
4524,10142008792,10142008851,1,"IOTHUB_CLIENT_CONFIRMATION_OK"
4525,10142008992,10142009054,1,"IOTHUB_CLIENT_CONFIRMATION_OK"
4526,10142009192,10142009236,1,"IOTHUB_CLIENT_CONFIRMATION_OK"
4527,10142009393,10142009513,1,"IOTHUB_CLIENT_CONFIRMATION_OK"
4528,10142009593,10142009627,1,"IOTHUB_CLIENT_CONFIRMATION_OK"
4529,10142009793,10142009827,1,"IOTHUB_CLIENT_CONFIRMATION_OK"
4530,10142009993,10142010123,1,"IOTHUB_CLIENT_CONFIRMATION_OK"
4531,10142010193,10142010234,1,"IOTHUB_CLIENT_CONFIRMATION_OK"
4532,10142010393,10142010431,1,"IOTHUB_CLIENT_CONFIRMATION_OK"
4533,10142010593,10142010626,1,"IOTHUB_CLIENT_CONFIRMATION_OK"
4534,10142010794,10142010831,1,"IOTHUB_CLIENT_CONFIRMATION_OK"
4535,10142010994,10142011046,1,"IOTHUB_CLIENT_CONFIRMATION_OK"
4536,10142011194,10142011235,1,"IOTHUB_CLIENT_CONFIRMATION_OK"
4537,10142011394,10142011437,1,"IOTHUB_CLIENT_CONFIRMATION_OK"
4538,10142011594,10142011763,1,"IOTHUB_CLIENT_CONFIRMATION_OK"
4539,10142011794,10142011834,1,"IOTHUB_CLIENT_CONFIRMATION_OK"
4540,10142011995,10142012038,1,"IOTHUB_CLIENT_CONFIRMATION_OK"
4541,10142012195,10142012230,1,"IOTHUB_CLIENT_CONFIRMATION_OK"
4542,10142012395,10142012451,1,"IOTHUB_CLIENT_CONFIRMATION_OK"
4543,10142012595,10142012664,1,"IOTHUB_CLIENT_CONFIRMATION_OK"
4544,10142012795,10142012830,1,"IOTHUB_CLIENT_CONFIRMATION_OK"
4545,10142012996,10142013033,1,"IOTHUB_CLIENT_CONFIRMATION_OK"
4546,10142013196,10142013232,1,"IOTHUB_CLIENT_CONFIRMATION_OK"
4547,10142013396,10142013452,1,"IOTHUB_CLIENT_CONFIRMATION_OK"
4548,10142013596,10142013631,1,"IOTHUB_CLIENT_CONFIRMATION_OK"
4549,10142013796,10142013987,1,"IOTHUB_CLIENT_CONFIRMATION_OK"
4550,10142013996,10142014031,1,"IOTHUB_CLIENT_CONFIRMATION_OK"
4551,10142014197,10142014238,1,"IOTHUB_CLIENT_CONFIRMATION_OK"
4552,10142014397,10142014432,1,"IOTHUB_CLIENT_CONFIRMATION_OK"
4553,10142014597,10142014634,1,"IOTHUB_CLIENT_CONFIRMATION_OK"
4554,10142014797,10142014841,1,"IOTHUB_CLIENT_CONFIRMATION_OK"
4555,10142014997,10142015037,1,"IOTHUB_CLIENT_CONFIRMATION_OK"
4556,10142015197,10142015234,1,"IOTHUB_CLIENT_CONFIRMATION_OK"
4557,10142015397,10142015435,1,"IOTHUB_CLIENT_CONFIRMATION_OK"
4558,10142015598,10142015637,1,"IOTHUB_CLIENT_CONFIRMATION_OK"
4559,10142015798,10142015834,1,"IOTHUB_CLIENT_CONFIRMATION_OK"
4560,10142015998,10142016370,1,"IOTHUB_CLIENT_CONFIRMATION_OK"
4561,10142016198,10142016399,1,"IOTHUB_CLIENT_CONFIRMATION_OK"
4562,10142016398,10142016435,1,"IOTHUB_CLIENT_CONFIRMATION_OK"
4563,10142016598,10142016792,1,"IOTHUB_CLIENT_CONFIRMATION_OK"
4564,10142016799,10142016833,1,"IOTHUB_CLIENT_CONFIRMATION_OK"
4565,10142016999,10142017054,1,"IOTHUB_CLIENT_CONFIRMATION_OK"
4566,10142017199,10142017242,1,"IOTHUB_CLIENT_CONFIRMATION_OK"
4567,10142017399,10142017441,1,"IOTHUB_CLIENT_CONFIRMATION_OK"
4568,10142017599,10142017639,1,"IOTHUB_CLIENT_CONFIRMATION_OK"
4569,10142017799,10142017840,1,"IOTHUB_CLIENT_CONFIRMATION_OK"
4570,10142017999,10142018043,1,"IOTHUB_CLIENT_CONFIRMATION_OK"
4571,10142018200,10142018233,1,"IOTHUB_CLIENT_CONFIRMATION_OK"
4572,10142018400,10142018453,1,"IOTHUB_CLIENT_CONFIRMATION_OK"
4573,10142018600,10142018634,1,"IOTHUB_CLIENT_CONFIRMATION_OK"
4574,10142018800,10142018836,1,"IOTHUB_CLIENT_CONFIRMATION_OK"
4575,10142019000,10142019040,1,"IOTHUB_CLIENT_CONFIRMATION_OK"
4576,10142019200,10142019248,1,"IOTHUB_CLIENT_CONFIRMATION_OK"
4577,10142019401,10142019463,1,"IOTHUB_CLIENT_CONFIRMATION_OK"
4578,10142019601,10142019644,1,"IOTHUB_CLIENT_CONFIRMATION_OK"
4579,10142019801,10142019859,1,"IOTHUB_CLIENT_CONFIRMATION_OK"
4580,10142020001,10142020076,1,"IOTHUB_CLIENT_CONFIRMATION_OK"
4581,10142020201,10142020242,1,"IOTHUB_CLIENT_CONFIRMATION_OK"
4582,10142020401,10142020439,1,"IOTHUB_CLIENT_CONFIRMATION_OK"
4583,10142020602,10142020723,1,"IOTHUB_CLIENT_CONFIRMATION_OK"
4584,10142020802,10142020837,1,"IOTHUB_CLIENT_CONFIRMATION_OK"
4585,10142021002,10142021118,1,"IOTHUB_CLIENT_CONFIRMATION_OK"
4586,10142021202,10142021242,1,"IOTHUB_CLIENT_CONFIRMATION_OK"
4587,10142021402,10142021438,1,"IOTHUB_CLIENT_CONFIRMATION_OK"
4588,10142021602,10142021795,1,"IOTHUB_CLIENT_CONFIRMATION_OK"
4589,10142021802,10142021849,1,"IOTHUB_CLIENT_CONFIRMATION_OK"
4590,10142022003,10142022036,1,"IOTHUB_CLIENT_CONFIRMATION_OK"
4591,10142022203,10142022240,1,"IOTHUB_CLIENT_CONFIRMATION_OK"
4592,10142022403,10142022444,1,"IOTHUB_CLIENT_CONFIRMATION_OK"
4593,10142022603,10142022646,1,"IOTHUB_CLIENT_CONFIRMATION_OK"
4594,10142022803,10142022849,1,"IOTHUB_CLIENT_CONFIRMATION_OK"
4595,10142023003,10142023042,1,"IOTHUB_CLIENT_CONFIRMATION_OK"
4596,10142023203,10142023244,1,"IOTHUB_CLIENT_CONFIRMATION_OK"
4597,10142023404,10142023471,1,"IOTHUB_CLIENT_CONFIRMATION_OK"
4598,10142023604,10142023646,1,"IOTHUB_CLIENT_CONFIRMATION_OK"
4599,10142023804,10142024001,1,"IOTHUB_CLIENT_CONFIRMATION_OK"
4600,10142024004,10142024043,1,"IOTHUB_CLIENT_CONFIRMATION_OK"
4601,10142024204,10142024240,1,"IOTHUB_CLIENT_CONFIRMATION_OK"
4602,10142024404,10142024493,1,"IOTHUB_CLIENT_CONFIRMATION_OK"
4603,10142024605,10142024642,1,"IOTHUB_CLIENT_CONFIRMATION_OK"
4604,10142024805,10142024864,1,"IOTHUB_CLIENT_CONFIRMATION_OK"
4605,10142025005,10142025048,1,"IOTHUB_CLIENT_CONFIRMATION_OK"
4606,10142025205,10142025242,1,"IOTHUB_CLIENT_CONFIRMATION_OK"
4607,10142025405,10142025448,1,"IOTHUB_CLIENT_CONFIRMATION_OK"
4608,10142025605,10142025640,1,"IOTHUB_CLIENT_CONFIRMATION_OK"
4609,10142025805,10142025897,1,"IOTHUB_CLIENT_CONFIRMATION_OK"
4610,10142026006,10142026221,1,"IOTHUB_CLIENT_CONFIRMATION_OK"
4611,10142026206,10142026240,1,"IOTHUB_CLIENT_CONFIRMATION_OK"
4612,10142026406,10142026447,1,"IOTHUB_CLIENT_CONFIRMATION_OK"
4613,10142026606,10142026856,1,"IOTHUB_CLIENT_CONFIRMATION_OK"
4614,10142026806,10142026874,1,"IOTHUB_CLIENT_CONFIRMATION_OK"
4615,10142027006,10142027056,1,"IOTHUB_CLIENT_CONFIRMATION_OK"
4616,10142027206,10142027251,1,"IOTHUB_CLIENT_CONFIRMATION_OK"
4617,10142027407,10142027499,1,"IOTHUB_CLIENT_CONFIRMATION_OK"
4618,10142027607,10142027642,1,"IOTHUB_CLIENT_CONFIRMATION_OK"
4619,10142027807,10142027881,1,"IOTHUB_CLIENT_CONFIRMATION_OK"
4620,10142028007,10142028043,1,"IOTHUB_CLIENT_CONFIRMATION_OK"
4621,10142028207,10142028248,1,"IOTHUB_CLIENT_CONFIRMATION_OK"
4622,10142028408,10142028446,1,"IOTHUB_CLIENT_CONFIRMATION_OK"
4623,10142028608,10142028645,1,"IOTHUB_CLIENT_CONFIRMATION_OK"
4624,10142028808,10142028895,1,"IOTHUB_CLIENT_CONFIRMATION_OK"
4625,10142029008,10142029050,1,"IOTHUB_CLIENT_CONFIRMATION_OK"
4626,10142029208,10142029243,1,"IOTHUB_CLIENT_CONFIRMATION_OK"
4627,10142029408,10142029505,1,"IOTHUB_CLIENT_CONFIRMATION_OK"
4628,10142029608,10142029651,1,"IOTHUB_CLIENT_CONFIRMATION_OK"
4629,10142029809,10142029880,1,"IOTHUB_CLIENT_CONFIRMATION_OK"
4630,10142030009,10142030125,1,"IOTHUB_CLIENT_CONFIRMATION_OK"
4631,10142030209,10142030242,1,"IOTHUB_CLIENT_CONFIRMATION_OK"
4632,10142030409,10142030455,1,"IOTHUB_CLIENT_CONFIRMATION_OK"
4633,10142030609,10142030646,1,"IOTHUB_CLIENT_CONFIRMATION_OK"
4634,10142030809,10142030854,1,"IOTHUB_CLIENT_CONFIRMATION_OK"
4635,10142031010,10142031115,1,"IOTHUB_CLIENT_CONFIRMATION_OK"
4636,10142031210,10142031257,1,"IOTHUB_CLIENT_CONFIRMATION_OK"
4637,10142031410,10142031460,1,"IOTHUB_CLIENT_CONFIRMATION_OK"
4638,10142031610,10142031735,1,"IOTHUB_CLIENT_CONFIRMATION_OK"
4639,10142031810,10142031867,1,"IOTHUB_CLIENT_CONFIRMATION_OK"
4640,10142032010,10142032076,1,"IOTHUB_CLIENT_CONFIRMATION_OK"
4641,10142032210,10142032363,1,"IOTHUB_CLIENT_CONFIRMATION_OK"
4642,10142032411,10142032449,1,"IOTHUB_CLIENT_CONFIRMATION_OK"
4643,10142032611,10142032654,1,"IOTHUB_CLIENT_CONFIRMATION_OK"
4644,10142032811,10142032874,1,"IOTHUB_CLIENT_CONFIRMATION_OK"
4645,10142033011,10142033055,1,"IOTHUB_CLIENT_CONFIRMATION_OK"
4646,10142033211,10142033247,1,"IOTHUB_CLIENT_CONFIRMATION_OK"
4647,10142033411,10142033488,1,"IOTHUB_CLIENT_CONFIRMATION_OK"
4648,10142033611,10142033712,1,"IOTHUB_CLIENT_CONFIRMATION_OK"
4649,10142033812,10142033972,1,"IOTHUB_CLIENT_CONFIRMATION_OK"
4650,10142034012,10142034045,1,"IOTHUB_CLIENT_CONFIRMATION_OK"
4651,10142034212,10142034247,1,"IOTHUB_CLIENT_CONFIRMATION_OK"
4652,10142034412,10142034581,1,"IOTHUB_CLIENT_CONFIRMATION_OK"
4653,10142034612,10142034649,1,"IOTHUB_CLIENT_CONFIRMATION_OK"
4654,10142034812,10142034857,1,"IOTHUB_CLIENT_CONFIRMATION_OK"
4655,10142035012,10142035055,1,"IOTHUB_CLIENT_CONFIRMATION_OK"
4656,10142035213,10142035248,1,"IOTHUB_CLIENT_CONFIRMATION_OK"
4657,10142035413,10142035458,1,"IOTHUB_CLIENT_CONFIRMATION_OK"
4658,10142035613,10142035648,1,"IOTHUB_CLIENT_CONFIRMATION_OK"
4659,10142035813,10142035850,1,"IOTHUB_CLIENT_CONFIRMATION_OK"
4660,10142036013,10142036195,1,"IOTHUB_CLIENT_CONFIRMATION_OK"
4661,10142036213,10142036270,1,"IOTHUB_CLIENT_CONFIRMATION_OK"
4662,10142036413,10142036458,1,"IOTHUB_CLIENT_CONFIRMATION_OK"
4663,10142036614,10142036652,1,"IOTHUB_CLIENT_CONFIRMATION_OK"
4664,10142036814,10142036905,1,"IOTHUB_CLIENT_CONFIRMATION_OK"
4665,10142037014,10142037049,1,"IOTHUB_CLIENT_CONFIRMATION_OK"
4666,10142037214,10142037254,1,"IOTHUB_CLIENT_CONFIRMATION_OK"
4667,10142037414,10142037462,1,"IOTHUB_CLIENT_CONFIRMATION_OK"
4668,10142037614,10142037648,1,"IOTHUB_CLIENT_CONFIRMATION_OK"
4669,10142037815,10142037871,1,"IOTHUB_CLIENT_CONFIRMATION_OK"
4670,10142038015,10142038056,1,"IOTHUB_CLIENT_CONFIRMATION_OK"
4671,10142038215,10142038255,1,"IOTHUB_CLIENT_CONFIRMATION_OK"
4672,10142038415,10142038485,1,"IOTHUB_CLIENT_CONFIRMATION_OK"
4673,10142038615,10142038652,1,"IOTHUB_CLIENT_CONFIRMATION_OK"
4674,10142038815,10142038864,1,"IOTHUB_CLIENT_CONFIRMATION_OK"
4675,10142039016,10142039066,1,"IOTHUB_CLIENT_CONFIRMATION_OK"
4676,10142039216,10142039257,1,"IOTHUB_CLIENT_CONFIRMATION_OK"
4677,10142039416,10142039486,1,"IOTHUB_CLIENT_CONFIRMATION_OK"
4678,10142039616,10142039679,1,"IOTHUB_CLIENT_CONFIRMATION_OK"
4679,10142039816,10142039859,1,"IOTHUB_CLIENT_CONFIRMATION_OK"
4680,10142040016,10142040065,1,"IOTHUB_CLIENT_CONFIRMATION_OK"
4681,10142040216,10142040252,1,"IOTHUB_CLIENT_CONFIRMATION_OK"
4682,10142040417,10142040473,1,"IOTHUB_CLIENT_CONFIRMATION_OK"
4683,10142040617,10142040726,1,"IOTHUB_CLIENT_CONFIRMATION_OK"
4684,10142040817,10142040855,1,"IOTHUB_CLIENT_CONFIRMATION_OK"
4685,10142041017,10142041054,1,"IOTHUB_CLIENT_CONFIRMATION_OK"
4686,10142041217,10142041296,1,"IOTHUB_CLIENT_CONFIRMATION_OK"
4687,10142041417,10142041454,1,"IOTHUB_CLIENT_CONFIRMATION_OK"
4688,10142041617,10142041693,1,"IOTHUB_CLIENT_CONFIRMATION_OK"
4689,10142041818,10142041848,1,"IOTHUB_CLIENT_CONFIRMATION_OK"
4690,10142042018,10142042056,1,"IOTHUB_CLIENT_CONFIRMATION_OK"
4691,10142042218,10142042310,1,"IOTHUB_CLIENT_CONFIRMATION_OK"
4692,10142042418,10142042456,1,"IOTHUB_CLIENT_CONFIRMATION_OK"
4693,10142042618,10142042654,1,"IOTHUB_CLIENT_CONFIRMATION_OK"
4694,10142042818,10142042855,1,"IOTHUB_CLIENT_CONFIRMATION_OK"
4695,10142043018,10142043055,1,"IOTHUB_CLIENT_CONFIRMATION_OK"
4696,10142043219,10142043256,1,"IOTHUB_CLIENT_CONFIRMATION_OK"
4697,10142043419,10142043456,1,"IOTHUB_CLIENT_CONFIRMATION_OK"
4698,10142043619,10142043657,1,"IOTHUB_CLIENT_CONFIRMATION_OK"
4699,10142043819,10142043935,1,"IOTHUB_CLIENT_CONFIRMATION_OK"
4700,10142044019,10142044058,1,"IOTHUB_CLIENT_CONFIRMATION_OK"
4701,10142044219,10142044257,1,"IOTHUB_CLIENT_CONFIRMATION_OK"
4702,10142044420,10142044596,1,"IOTHUB_CLIENT_CONFIRMATION_OK"
4703,10142044620,10142044656,1,"IOTHUB_CLIENT_CONFIRMATION_OK"
4704,10142044820,10142044867,1,"IOTHUB_CLIENT_CONFIRMATION_OK"
4705,10142045020,10142045072,1,"IOTHUB_CLIENT_CONFIRMATION_OK"
4706,10142045220,10142045255,1,"IOTHUB_CLIENT_CONFIRMATION_OK"
4707,10142045420,10142045462,1,"IOTHUB_CLIENT_CONFIRMATION_OK"
4708,10142045620,10142045659,1,"IOTHUB_CLIENT_CONFIRMATION_OK"
4709,10142045821,10142045896,1,"IOTHUB_CLIENT_CONFIRMATION_OK"
4710,10142046021,10142046169,1,"IOTHUB_CLIENT_CONFIRMATION_OK"
4711,10142046221,10142046258,1,"IOTHUB_CLIENT_CONFIRMATION_OK"
4712,10142046421,10142046460,1,"IOTHUB_CLIENT_CONFIRMATION_OK"
4713,10142046621,10142046794,1,"IOTHUB_CLIENT_CONFIRMATION_OK"
4714,10142046822,10142046864,1,"IOTHUB_CLIENT_CONFIRMATION_OK"
4715,10142047022,10142047058,1,"IOTHUB_CLIENT_CONFIRMATION_OK"
4716,10142047222,10142047299,1,"IOTHUB_CLIENT_CONFIRMATION_OK"
4717,10142047422,10142047472,1,"IOTHUB_CLIENT_CONFIRMATION_OK"
4718,10142047622,10142047658,1,"IOTHUB_CLIENT_CONFIRMATION_OK"
4719,10142047822,10142047869,1,"IOTHUB_CLIENT_CONFIRMATION_OK"
4720,10142048022,10142048070,1,"IOTHUB_CLIENT_CONFIRMATION_OK"
4721,10142048223,10142048267,1,"IOTHUB_CLIENT_CONFIRMATION_OK"
4722,10142048423,10142048458,1,"IOTHUB_CLIENT_CONFIRMATION_OK"
4723,10142048623,10142048661,1,"IOTHUB_CLIENT_CONFIRMATION_OK"
4724,10142048823,10142048860,1,"IOTHUB_CLIENT_CONFIRMATION_OK"
4725,10142049023,10142049077,1,"IOTHUB_CLIENT_CONFIRMATION_OK"
4726,10142049223,10142049284,1,"IOTHUB_CLIENT_CONFIRMATION_OK"
4727,10142049424,10142049465,1,"IOTHUB_CLIENT_CONFIRMATION_OK"
4728,10142049624,10142049744,1,"IOTHUB_CLIENT_CONFIRMATION_OK"
4729,10142049824,10142049881,1,"IOTHUB_CLIENT_CONFIRMATION_OK"
4730,10142050024,10142050071,1,"IOTHUB_CLIENT_CONFIRMATION_OK"
4731,10142050224,10142050258,1,"IOTHUB_CLIENT_CONFIRMATION_OK"
4732,10142050424,10142050494,1,"IOTHUB_CLIENT_CONFIRMATION_OK"
4733,10142050624,10142050675,1,"IOTHUB_CLIENT_CONFIRMATION_OK"
4734,10142050825,10142050858,1,"IOTHUB_CLIENT_CONFIRMATION_OK"
4735,10142051025,10142051071,1,"IOTHUB_CLIENT_CONFIRMATION_OK"
4736,10142051225,10142051262,1,"IOTHUB_CLIENT_CONFIRMATION_OK"
4737,10142051425,10142051553,1,"IOTHUB_CLIENT_CONFIRMATION_OK"
4738,10142051625,10142051688,1,"IOTHUB_CLIENT_CONFIRMATION_OK"
4739,10142051825,10142051859,1,"IOTHUB_CLIENT_CONFIRMATION_OK"
4740,10142052025,10142052059,1,"IOTHUB_CLIENT_CONFIRMATION_OK"
4741,10142052226,10142052292,1,"IOTHUB_CLIENT_CONFIRMATION_OK"
4742,10142052426,10142052462,1,"IOTHUB_CLIENT_CONFIRMATION_OK"
4743,10142052626,10142052685,1,"IOTHUB_CLIENT_CONFIRMATION_OK"
4744,10142052826,10142052864,1,"IOTHUB_CLIENT_CONFIRMATION_OK"
4745,10142053026,10142053069,1,"IOTHUB_CLIENT_CONFIRMATION_OK"
4746,10142053226,10142053295,1,"IOTHUB_CLIENT_CONFIRMATION_OK"
4747,10142053427,10142053469,1,"IOTHUB_CLIENT_CONFIRMATION_OK"
4748,10142053627,10142053666,1,"IOTHUB_CLIENT_CONFIRMATION_OK"
4749,10142053827,10142053920,1,"IOTHUB_CLIENT_CONFIRMATION_OK"
4750,10142054027,10142054068,1,"IOTHUB_CLIENT_CONFIRMATION_OK"
4751,10142054227,10142054258,1,"IOTHUB_CLIENT_CONFIRMATION_OK"
4752,10142054427,10142054591,1,"IOTHUB_CLIENT_CONFIRMATION_OK"
4753,10142054627,10142054687,1,"IOTHUB_CLIENT_CONFIRMATION_OK"
4754,10142054828,10142054866,1,"IOTHUB_CLIENT_CONFIRMATION_OK"
4755,10142055028,10142055071,1,"IOTHUB_CLIENT_CONFIRMATION_OK"
4756,10142055228,10142055296,1,"IOTHUB_CLIENT_CONFIRMATION_OK"
4757,10142055428,10142055469,1,"IOTHUB_CLIENT_CONFIRMATION_OK"
4758,10142055628,10142055677,1,"IOTHUB_CLIENT_CONFIRMATION_OK"
4759,10142055828,10142055873,1,"IOTHUB_CLIENT_CONFIRMATION_OK"
4760,10142056029,10142056173,1,"IOTHUB_CLIENT_CONFIRMATION_OK"
4761,10142056229,10142056282,1,"IOTHUB_CLIENT_CONFIRMATION_OK"
4762,10142056429,10142056475,1,"IOTHUB_CLIENT_CONFIRMATION_OK"
4763,10142056629,10142056776,1,"IOTHUB_CLIENT_CONFIRMATION_OK"
4764,10142056829,10142056874,1,"IOTHUB_CLIENT_CONFIRMATION_OK"
4765,10142057029,10142057087,1,"IOTHUB_CLIENT_CONFIRMATION_OK"
4766,10142057229,10142057269,1,"IOTHUB_CLIENT_CONFIRMATION_OK"
4767,10142057430,10142057468,1,"IOTHUB_CLIENT_CONFIRMATION_OK"
4768,10142057630,10142057668,1,"IOTHUB_CLIENT_CONFIRMATION_OK"
4769,10142057830,10142057870,1,"IOTHUB_CLIENT_CONFIRMATION_OK"
4770,10142058030,10142058066,1,"IOTHUB_CLIENT_CONFIRMATION_OK"
4771,10142058230,10142058372,1,"IOTHUB_CLIENT_CONFIRMATION_OK"
4772,10142058430,10142058471,1,"IOTHUB_CLIENT_CONFIRMATION_OK"
4773,10142058631,10142058669,1,"IOTHUB_CLIENT_CONFIRMATION_OK"
4774,10142058831,10142059010,1,"IOTHUB_CLIENT_CONFIRMATION_OK"
4775,10142059031,10142059067,1,"IOTHUB_CLIENT_CONFIRMATION_OK"
4776,10142059231,10142059277,1,"IOTHUB_CLIENT_CONFIRMATION_OK"
4777,10142059431,10142059467,1,"IOTHUB_CLIENT_CONFIRMATION_OK"
4778,10142059631,10142059679,1,"IOTHUB_CLIENT_CONFIRMATION_OK"
4779,10142059831,10142059875,1,"IOTHUB_CLIENT_CONFIRMATION_OK"
4780,10142060032,10142060071,1,"IOTHUB_CLIENT_CONFIRMATION_OK"
4781,10142060232,10142060274,1,"IOTHUB_CLIENT_CONFIRMATION_OK"
4782,10142060432,10142060468,1,"IOTHUB_CLIENT_CONFIRMATION_OK"
4783,10142060632,10142060684,1,"IOTHUB_CLIENT_CONFIRMATION_OK"
4784,10142060832,10142060869,1,"IOTHUB_CLIENT_CONFIRMATION_OK"
4785,10142061032,10142061239,1,"IOTHUB_CLIENT_CONFIRMATION_OK"
4786,10142061232,10142061375,1,"IOTHUB_CLIENT_CONFIRMATION_OK"
4787,10142061433,10142061469,1,"IOTHUB_CLIENT_CONFIRMATION_OK"
4788,10142061633,10142061674,1,"IOTHUB_CLIENT_CONFIRMATION_OK"
4789,10142061833,10142061870,1,"IOTHUB_CLIENT_CONFIRMATION_OK"
4790,10142062033,10142062076,1,"IOTHUB_CLIENT_CONFIRMATION_OK"
4791,10142062233,10142062268,1,"IOTHUB_CLIENT_CONFIRMATION_OK"
4792,10142062433,10142062477,1,"IOTHUB_CLIENT_CONFIRMATION_OK"
4793,10142062634,10142062670,1,"IOTHUB_CLIENT_CONFIRMATION_OK"
4794,10142062834,10142062885,1,"IOTHUB_CLIENT_CONFIRMATION_OK"
4795,10142063034,10142063075,1,"IOTHUB_CLIENT_CONFIRMATION_OK"
4796,10142063234,10142063289,1,"IOTHUB_CLIENT_CONFIRMATION_OK"
4797,10142063434,10142063482,1,"IOTHUB_CLIENT_CONFIRMATION_OK"
4798,10142063634,10142063671,1,"IOTHUB_CLIENT_CONFIRMATION_OK"
4799,10142063834,10142063899,1,"IOTHUB_CLIENT_CONFIRMATION_OK"
4800,10142064035,10142064071,1,"IOTHUB_CLIENT_CONFIRMATION_OK"
4801,10142064235,10142064268,1,"IOTHUB_CLIENT_CONFIRMATION_OK"
4802,10142064435,10142064589,1,"IOTHUB_CLIENT_CONFIRMATION_OK"
4803,10142064635,10142064689,1,"IOTHUB_CLIENT_CONFIRMATION_OK"
4804,10142064835,10142064882,1,"IOTHUB_CLIENT_CONFIRMATION_OK"
4805,10142065035,10142065077,1,"IOTHUB_CLIENT_CONFIRMATION_OK"
4806,10142065236,10142065271,1,"IOTHUB_CLIENT_CONFIRMATION_OK"
4807,10142065436,10142065497,1,"IOTHUB_CLIENT_CONFIRMATION_OK"
4808,10142065636,10142065679,1,"IOTHUB_CLIENT_CONFIRMATION_OK"
4809,10142065836,10142065900,1,"IOTHUB_CLIENT_CONFIRMATION_OK"
4810,10142066036,10142066150,1,"IOTHUB_CLIENT_CONFIRMATION_OK"
4811,10142066236,10142066273,1,"IOTHUB_CLIENT_CONFIRMATION_OK"
4812,10142066436,10142066478,1,"IOTHUB_CLIENT_CONFIRMATION_OK"
4813,10142066637,10142066776,1,"IOTHUB_CLIENT_CONFIRMATION_OK"
4814,10142066837,10142066877,1,"IOTHUB_CLIENT_CONFIRMATION_OK"
4815,10142067037,10142067090,1,"IOTHUB_CLIENT_CONFIRMATION_OK"
4816,10142067237,10142067272,1,"IOTHUB_CLIENT_CONFIRMATION_OK"
4817,10142067437,10142067474,1,"IOTHUB_CLIENT_CONFIRMATION_OK"
4818,10142067637,10142067680,1,"IOTHUB_CLIENT_CONFIRMATION_OK"
4819,10142067837,10142067899,1,"IOTHUB_CLIENT_CONFIRMATION_OK"
4820,10142068038,10142068078,1,"IOTHUB_CLIENT_CONFIRMATION_OK"
4821,10142068238,10142068449,1,"IOTHUB_CLIENT_CONFIRMATION_OK"
4822,10142068438,10142068476,1,"IOTHUB_CLIENT_CONFIRMATION_OK"
4823,10142068638,10142068671,1,"IOTHUB_CLIENT_CONFIRMATION_OK"
4824,10142068838,10142068877,1,"IOTHUB_CLIENT_CONFIRMATION_OK"
4825,10142069038,10142069074,1,"IOTHUB_CLIENT_CONFIRMATION_OK"
4826,10142069239,10142069273,1,"IOTHUB_CLIENT_CONFIRMATION_OK"
4827,10142069439,10142069472,1,"IOTHUB_CLIENT_CONFIRMATION_OK"
4828,10142069639,10142069673,1,"IOTHUB_CLIENT_CONFIRMATION_OK"
4829,10142069839,10142069874,1,"IOTHUB_CLIENT_CONFIRMATION_OK"
4830,10142070040,10142070083,1,"IOTHUB_CLIENT_CONFIRMATION_OK"
4831,10142070240,10142070275,1,"IOTHUB_CLIENT_CONFIRMATION_OK"
4832,10142070440,10142070475,1,"IOTHUB_CLIENT_CONFIRMATION_OK"
4833,10142070640,10142070677,1,"IOTHUB_CLIENT_CONFIRMATION_OK"
4834,10142070840,10142070878,1,"IOTHUB_CLIENT_CONFIRMATION_OK"
4835,10142071040,10142071128,1,"IOTHUB_CLIENT_CONFIRMATION_OK"
4836,10142071240,10142071278,1,"IOTHUB_CLIENT_CONFIRMATION_OK"
4837,10142071441,10142071475,1,"IOTHUB_CLIENT_CONFIRMATION_OK"
4838,10142071641,10142071722,1,"IOTHUB_CLIENT_CONFIRMATION_OK"
4839,10142071841,10142071901,1,"IOTHUB_CLIENT_CONFIRMATION_OK"
4840,10142072041,10142072084,1,"IOTHUB_CLIENT_CONFIRMATION_OK"
4841,10142072241,10142072342,1,"IOTHUB_CLIENT_CONFIRMATION_OK"
4842,10142072441,10142072471,1,"IOTHUB_CLIENT_CONFIRMATION_OK"
4843,10142072642,10142072692,1,"IOTHUB_CLIENT_CONFIRMATION_OK"
4844,10142072842,10142072881,1,"IOTHUB_CLIENT_CONFIRMATION_OK"
4845,10142073042,10142073077,1,"IOTHUB_CLIENT_CONFIRMATION_OK"
4846,10142073242,10142073340,1,"IOTHUB_CLIENT_CONFIRMATION_OK"
4847,10142073442,10142073482,1,"IOTHUB_CLIENT_CONFIRMATION_OK"
4848,10142073642,10142073678,1,"IOTHUB_CLIENT_CONFIRMATION_OK"
4849,10142073842,10142074044,1,"IOTHUB_CLIENT_CONFIRMATION_OK"
4850,10142074043,10142074320,1,"IOTHUB_CLIENT_CONFIRMATION_OK"
4851,10142074243,10142074372,1,"IOTHUB_CLIENT_CONFIRMATION_OK"
4852,10142074443,10142074479,1,"IOTHUB_CLIENT_CONFIRMATION_OK"
4853,10142074643,10142074920,1,"IOTHUB_CLIENT_CONFIRMATION_OK"
4854,10142074843,10142075030,1,"IOTHUB_CLIENT_CONFIRMATION_OK"
4855,10142075043,10142075122,1,"IOTHUB_CLIENT_CONFIRMATION_OK"
4856,10142075243,10142075282,1,"IOTHUB_CLIENT_CONFIRMATION_OK"
4857,10142075444,10142075481,1,"IOTHUB_CLIENT_CONFIRMATION_OK"
4858,10142075644,10142075684,1,"IOTHUB_CLIENT_CONFIRMATION_OK"
4859,10142075844,10142075893,1,"IOTHUB_CLIENT_CONFIRMATION_OK"
4860,10142076044,10142076266,1,"IOTHUB_CLIENT_CONFIRMATION_OK"
4861,10142076244,10142076291,1,"IOTHUB_CLIENT_CONFIRMATION_OK"
4862,10142076444,10142076492,1,"IOTHUB_CLIENT_CONFIRMATION_OK"
4863,10142076644,10142076677,1,"IOTHUB_CLIENT_CONFIRMATION_OK"
4864,10142076845,10142076889,1,"IOTHUB_CLIENT_CONFIRMATION_OK"
4865,10142077045,10142077105,1,"IOTHUB_CLIENT_CONFIRMATION_OK"
4866,10142077245,10142077286,1,"IOTHUB_CLIENT_CONFIRMATION_OK"
4867,10142077445,10142077572,1,"IOTHUB_CLIENT_CONFIRMATION_OK"
4868,10142077645,10142077685,1,"IOTHUB_CLIENT_CONFIRMATION_OK"
4869,10142077845,10142077881,1,"IOTHUB_CLIENT_CONFIRMATION_OK"
4870,10142078046,10142078090,1,"IOTHUB_CLIENT_CONFIRMATION_OK"
4871,10142078246,10142078450,1,"IOTHUB_CLIENT_CONFIRMATION_OK"
4872,10142078446,10142078494,1,"IOTHUB_CLIENT_CONFIRMATION_OK"
4873,10142078646,10142078713,1,"IOTHUB_CLIENT_CONFIRMATION_OK"
4874,10142078846,10142078880,1,"IOTHUB_CLIENT_CONFIRMATION_OK"
4875,10142079046,10142079085,1,"IOTHUB_CLIENT_CONFIRMATION_OK"
4876,10142079247,10142079333,1,"IOTHUB_CLIENT_CONFIRMATION_OK"
4877,10142079447,10142079521,1,"IOTHUB_CLIENT_CONFIRMATION_OK"
4878,10142079647,10142079688,1,"IOTHUB_CLIENT_CONFIRMATION_OK"
4879,10142079847,10142079885,1,"IOTHUB_CLIENT_CONFIRMATION_OK"
4880,10142080047,10142080081,1,"IOTHUB_CLIENT_CONFIRMATION_OK"
4881,10142080247,10142080280,1,"IOTHUB_CLIENT_CONFIRMATION_OK"
4882,10142080448,10142080522,1,"IOTHUB_CLIENT_CONFIRMATION_OK"
4883,10142080648,10142080682,1,"IOTHUB_CLIENT_CONFIRMATION_OK"
4884,10142080848,10142080892,1,"IOTHUB_CLIENT_CONFIRMATION_OK"
4885,10142081048,10142081145,1,"IOTHUB_CLIENT_CONFIRMATION_OK"
4886,10142081248,10142081286,1,"IOTHUB_CLIENT_CONFIRMATION_OK"
4887,10142081448,10142081505,1,"IOTHUB_CLIENT_CONFIRMATION_OK"
4888,10142081648,10142081758,1,"IOTHUB_CLIENT_CONFIRMATION_OK"
4889,10142081849,10142081921,1,"IOTHUB_CLIENT_CONFIRMATION_OK"
4890,10142082049,10142082095,1,"IOTHUB_CLIENT_CONFIRMATION_OK"
4891,10142082249,10142082289,1,"IOTHUB_CLIENT_CONFIRMATION_OK"
4892,10142082449,10142082489,1,"IOTHUB_CLIENT_CONFIRMATION_OK"
4893,10142082649,10142082688,1,"IOTHUB_CLIENT_CONFIRMATION_OK"
4894,10142082849,10142082898,1,"IOTHUB_CLIENT_CONFIRMATION_OK"
4895,10142083049,10142083099,1,"IOTHUB_CLIENT_CONFIRMATION_OK"
4896,10142083250,10142083396,1,"IOTHUB_CLIENT_CONFIRMATION_OK"
4897,10142083450,10142083487,1,"IOTHUB_CLIENT_CONFIRMATION_OK"
4898,10142083650,10142083688,1,"IOTHUB_CLIENT_CONFIRMATION_OK"
4899,10142083850,10142084004,1,"IOTHUB_CLIENT_CONFIRMATION_OK"
4900,10142084050,10142084090,1,"IOTHUB_CLIENT_CONFIRMATION_OK"
4901,10142084250,10142084299,1,"IOTHUB_CLIENT_CONFIRMATION_OK"
4902,10142084450,10142084486,1,"IOTHUB_CLIENT_CONFIRMATION_OK"
4903,10142084651,10142084686,1,"IOTHUB_CLIENT_CONFIRMATION_OK"
4904,10142084851,10142084890,1,"IOTHUB_CLIENT_CONFIRMATION_OK"
4905,10142085051,10142085105,1,"IOTHUB_CLIENT_CONFIRMATION_OK"
4906,10142085251,10142085296,1,"IOTHUB_CLIENT_CONFIRMATION_OK"
4907,10142085451,10142085619,1,"IOTHUB_CLIENT_CONFIRMATION_OK"
4908,10142085651,10142085691,1,"IOTHUB_CLIENT_CONFIRMATION_OK"
4909,10142085852,10142085889,1,"IOTHUB_CLIENT_CONFIRMATION_OK"
4910,10142086052,10142086093,1,"IOTHUB_CLIENT_CONFIRMATION_OK"
4911,10142086252,10142086291,1,"IOTHUB_CLIENT_CONFIRMATION_OK"
4912,10142086452,10142086501,1,"IOTHUB_CLIENT_CONFIRMATION_OK"
4913,10142086652,10142086709,1,"IOTHUB_CLIENT_CONFIRMATION_OK"
4914,10142086852,10142086898,1,"IOTHUB_CLIENT_CONFIRMATION_OK"
4915,10142087053,10142087094,1,"IOTHUB_CLIENT_CONFIRMATION_OK"
4916,10142087253,10142087293,1,"IOTHUB_CLIENT_CONFIRMATION_OK"
4917,10142087453,10142087495,1,"IOTHUB_CLIENT_CONFIRMATION_OK"
4918,10142087653,10142087694,1,"IOTHUB_CLIENT_CONFIRMATION_OK"
4919,10142087853,10142087964,1,"IOTHUB_CLIENT_CONFIRMATION_OK"
4920,10142088053,10142088094,1,"IOTHUB_CLIENT_CONFIRMATION_OK"
4921,10142088254,10142088313,1,"IOTHUB_CLIENT_CONFIRMATION_OK"
4922,10142088454,10142088536,1,"IOTHUB_CLIENT_CONFIRMATION_OK"
4923,10142088654,10142088692,1,"IOTHUB_CLIENT_CONFIRMATION_OK"
4924,10142088854,10142088895,1,"IOTHUB_CLIENT_CONFIRMATION_OK"
4925,10142089054,10142089094,1,"IOTHUB_CLIENT_CONFIRMATION_OK"
4926,10142089254,10142089297,1,"IOTHUB_CLIENT_CONFIRMATION_OK"
4927,10142089454,10142089499,1,"IOTHUB_CLIENT_CONFIRMATION_OK"
4928,10142089655,10142089702,1,"IOTHUB_CLIENT_CONFIRMATION_OK"
4929,10142089855,10142089893,1,"IOTHUB_CLIENT_CONFIRMATION_OK"
4930,10142090055,10142090106,1,"IOTHUB_CLIENT_CONFIRMATION_OK"
4931,10142090255,10142090293,1,"IOTHUB_CLIENT_CONFIRMATION_OK"
4932,10142090455,10142090501,1,"IOTHUB_CLIENT_CONFIRMATION_OK"
4933,10142090655,10142090693,1,"IOTHUB_CLIENT_CONFIRMATION_OK"
4934,10142090856,10142090899,1,"IOTHUB_CLIENT_CONFIRMATION_OK"
4935,10142091056,10142091115,1,"IOTHUB_CLIENT_CONFIRMATION_OK"
4936,10142091256,10142091294,1,"IOTHUB_CLIENT_CONFIRMATION_OK"
4937,10142091456,10142091505,1,"IOTHUB_CLIENT_CONFIRMATION_OK"
4938,10142091656,10142091719,1,"IOTHUB_CLIENT_CONFIRMATION_OK"
4939,10142091856,10142091926,1,"IOTHUB_CLIENT_CONFIRMATION_OK"
4940,10142092057,10142092099,1,"IOTHUB_CLIENT_CONFIRMATION_OK"
4941,10142092257,10142092296,1,"IOTHUB_CLIENT_CONFIRMATION_OK"
4942,10142092457,10142092506,1,"IOTHUB_CLIENT_CONFIRMATION_OK"
4943,10142092657,10142092732,1,"IOTHUB_CLIENT_CONFIRMATION_OK"
4944,10142092857,10142092926,1,"IOTHUB_CLIENT_CONFIRMATION_OK"
4945,10142093058,10142093095,1,"IOTHUB_CLIENT_CONFIRMATION_OK"
4946,10142093258,10142093342,1,"IOTHUB_CLIENT_CONFIRMATION_OK"
4947,10142093458,10142093496,1,"IOTHUB_CLIENT_CONFIRMATION_OK"
4948,10142093658,10142093692,1,"IOTHUB_CLIENT_CONFIRMATION_OK"
4949,10142093858,10142093969,1,"IOTHUB_CLIENT_CONFIRMATION_OK"
4950,10142094058,10142094104,1,"IOTHUB_CLIENT_CONFIRMATION_OK"
4951,10142094259,10142094305,1,"IOTHUB_CLIENT_CONFIRMATION_OK"
4952,10142094459,10142094500,1,"IOTHUB_CLIENT_CONFIRMATION_OK"
4953,10142094659,10142094727,1,"IOTHUB_CLIENT_CONFIRMATION_OK"
4954,10142094859,10142094904,1,"IOTHUB_CLIENT_CONFIRMATION_OK"
4955,10142095059,10142095096,1,"IOTHUB_CLIENT_CONFIRMATION_OK"
4956,10142095259,10142095296,1,"IOTHUB_CLIENT_CONFIRMATION_OK"
4957,10142095460,10142095617,1,"IOTHUB_CLIENT_CONFIRMATION_OK"
4958,10142095660,10142095704,1,"IOTHUB_CLIENT_CONFIRMATION_OK"
4959,10142095860,10142095896,1,"IOTHUB_CLIENT_CONFIRMATION_OK"
4960,10142096060,10142096206,1,"IOTHUB_CLIENT_CONFIRMATION_OK"
4961,10142096260,10142096295,1,"IOTHUB_CLIENT_CONFIRMATION_OK"
4962,10142096460,10142096506,1,"IOTHUB_CLIENT_CONFIRMATION_OK"
4963,10142096661,10142096696,1,"IOTHUB_CLIENT_CONFIRMATION_OK"
4964,10142096861,10142096895,1,"IOTHUB_CLIENT_CONFIRMATION_OK"
4965,10142097061,10142097102,1,"IOTHUB_CLIENT_CONFIRMATION_OK"
4966,10142097261,10142097310,1,"IOTHUB_CLIENT_CONFIRMATION_OK"
4967,10142097461,10142097514,1,"IOTHUB_CLIENT_CONFIRMATION_OK"
4968,10142097661,10142097840,1,"IOTHUB_CLIENT_CONFIRMATION_OK"
4969,10142097862,10142097960,1,"IOTHUB_CLIENT_CONFIRMATION_OK"
4970,10142098062,10142098102,1,"IOTHUB_CLIENT_CONFIRMATION_OK"
4971,10142098262,10142098306,1,"IOTHUB_CLIENT_CONFIRMATION_OK"
4972,10142098462,10142098525,1,"IOTHUB_CLIENT_CONFIRMATION_OK"
4973,10142098662,10142098707,1,"IOTHUB_CLIENT_CONFIRMATION_OK"
4974,10142098862,10142098916,1,"IOTHUB_CLIENT_CONFIRMATION_OK"
4975,10142099063,10142099097,1,"IOTHUB_CLIENT_CONFIRMATION_OK"
4976,10142099263,10142099315,1,"IOTHUB_CLIENT_CONFIRMATION_OK"
4977,10142099463,10142099515,1,"IOTHUB_CLIENT_CONFIRMATION_OK"
4978,10142099663,10142099753,1,"IOTHUB_CLIENT_CONFIRMATION_OK"
4979,10142099863,10142099924,1,"IOTHUB_CLIENT_CONFIRMATION_OK"
4980,10142100063,10142100102,1,"IOTHUB_CLIENT_CONFIRMATION_OK"
4981,10142100263,10142100297,1,"IOTHUB_CLIENT_CONFIRMATION_OK"
4982,10142100464,10142100498,1,"IOTHUB_CLIENT_CONFIRMATION_OK"
4983,10142100664,10142100707,1,"IOTHUB_CLIENT_CONFIRMATION_OK"
4984,10142100864,10142100898,1,"IOTHUB_CLIENT_CONFIRMATION_OK"
4985,10142101064,10142101116,1,"IOTHUB_CLIENT_CONFIRMATION_OK"
4986,10142101264,10142101296,1,"IOTHUB_CLIENT_CONFIRMATION_OK"
4987,10142101464,10142101513,1,"IOTHUB_CLIENT_CONFIRMATION_OK"
4988,10142101664,10142101734,1,"IOTHUB_CLIENT_CONFIRMATION_OK"
4989,10142101865,10142101938,1,"IOTHUB_CLIENT_CONFIRMATION_OK"
4990,10142102065,10142102102,1,"IOTHUB_CLIENT_CONFIRMATION_OK"
4991,10142102265,10142102300,1,"IOTHUB_CLIENT_CONFIRMATION_OK"
4992,10142102465,10142102525,1,"IOTHUB_CLIENT_CONFIRMATION_OK"
4993,10142102665,10142102752,1,"IOTHUB_CLIENT_CONFIRMATION_OK"
4994,10142102865,10142102912,1,"IOTHUB_CLIENT_CONFIRMATION_OK"
4995,10142103066,10142103100,1,"IOTHUB_CLIENT_CONFIRMATION_OK"
4996,10142103266,10142103411,1,"IOTHUB_CLIENT_CONFIRMATION_OK"
4997,10142103466,10142103502,1,"IOTHUB_CLIENT_CONFIRMATION_OK"
4998,10142103666,10142103726,1,"IOTHUB_CLIENT_CONFIRMATION_OK"
4999,10142103866,10142103927,1,"IOTHUB_CLIENT_CONFIRMATION_OK"
5000,10142104066,10142104104,1,"IOTHUB_CLIENT_CONFIRMATION_OK"
5001,10142104266,10142104310,1,"IOTHUB_CLIENT_CONFIRMATION_OK"
5002,10142104467,10142104505,1,"IOTHUB_CLIENT_CONFIRMATION_OK"
5003,10142104667,10142104700,1,"IOTHUB_CLIENT_CONFIRMATION_OK"
5004,10142104867,10142104901,1,"IOTHUB_CLIENT_CONFIRMATION_OK"
5005,10142105067,10142105106,1,"IOTHUB_CLIENT_CONFIRMATION_OK"
5006,10142105267,10142105316,1,"IOTHUB_CLIENT_CONFIRMATION_OK"
5007,10142105467,10142105502,1,"IOTHUB_CLIENT_CONFIRMATION_OK"
5008,10142105667,10142105702,1,"IOTHUB_CLIENT_CONFIRMATION_OK"
5009,10142105868,10142105906,1,"IOTHUB_CLIENT_CONFIRMATION_OK"
5010,10142106068,10142106107,1,"IOTHUB_CLIENT_CONFIRMATION_OK"
5011,10142106268,10142106310,1,"IOTHUB_CLIENT_CONFIRMATION_OK"
5012,10142106468,10142106515,1,"IOTHUB_CLIENT_CONFIRMATION_OK"
5013,10142106668,10142106714,1,"IOTHUB_CLIENT_CONFIRMATION_OK"
5014,10142106868,10142106906,1,"IOTHUB_CLIENT_CONFIRMATION_OK"
5015,10142107069,10142107109,1,"IOTHUB_CLIENT_CONFIRMATION_OK"
5016,10142107269,10142107326,1,"IOTHUB_CLIENT_CONFIRMATION_OK"
5017,10142107469,10142107507,1,"IOTHUB_CLIENT_CONFIRMATION_OK"
5018,10142107669,10142107725,1,"IOTHUB_CLIENT_CONFIRMATION_OK"
5019,10142107869,10142107918,1,"IOTHUB_CLIENT_CONFIRMATION_OK"
5020,10142108069,10142108147,1,"IOTHUB_CLIENT_CONFIRMATION_OK"
5021,10142108270,10142108334,1,"IOTHUB_CLIENT_CONFIRMATION_OK"
5022,10142108470,10142108512,1,"IOTHUB_CLIENT_CONFIRMATION_OK"
5023,10142108670,10142108705,1,"IOTHUB_CLIENT_CONFIRMATION_OK"
5024,10142108870,10142108952,1,"IOTHUB_CLIENT_CONFIRMATION_OK"
5025,10142109070,10142109105,1,"IOTHUB_CLIENT_CONFIRMATION_OK"
5026,10142109270,10142109305,1,"IOTHUB_CLIENT_CONFIRMATION_OK"
5027,10142109471,10142109508,1,"IOTHUB_CLIENT_CONFIRMATION_OK"
5028,10142109671,10142109706,1,"IOTHUB_CLIENT_CONFIRMATION_OK"
5029,10142109871,10142109943,1,"IOTHUB_CLIENT_CONFIRMATION_OK"
5030,10142110071,10142110119,1,"IOTHUB_CLIENT_CONFIRMATION_OK"
5031,10142110271,10142110305,1,"IOTHUB_CLIENT_CONFIRMATION_OK"
5032,10142110471,10142110565,1,"IOTHUB_CLIENT_CONFIRMATION_OK"
5033,10142110672,10142110711,1,"IOTHUB_CLIENT_CONFIRMATION_OK"
5034,10142110872,10142110967,1,"IOTHUB_CLIENT_CONFIRMATION_OK"
5035,10142111072,10142111200,1,"IOTHUB_CLIENT_CONFIRMATION_OK"
5036,10142111272,10142111308,1,"IOTHUB_CLIENT_CONFIRMATION_OK"
5037,10142111472,10142111524,1,"IOTHUB_CLIENT_CONFIRMATION_OK"
5038,10142111672,10142111722,1,"IOTHUB_CLIENT_CONFIRMATION_OK"
5039,10142111872,10142111911,1,"IOTHUB_CLIENT_CONFIRMATION_OK"
5040,10142112073,10142112110,1,"IOTHUB_CLIENT_CONFIRMATION_OK"
5041,10142112273,10142112321,1,"IOTHUB_CLIENT_CONFIRMATION_OK"
5042,10142112473,10142112507,1,"IOTHUB_CLIENT_CONFIRMATION_OK"
5043,10142112673,10142112847,1,"IOTHUB_CLIENT_CONFIRMATION_OK"
5044,10142112873,10142112911,1,"IOTHUB_CLIENT_CONFIRMATION_OK"
5045,10142113073,10142113106,1,"IOTHUB_CLIENT_CONFIRMATION_OK"
5046,10142113274,10142113480,1,"IOTHUB_CLIENT_CONFIRMATION_OK"
5047,10142113474,10142113519,1,"IOTHUB_CLIENT_CONFIRMATION_OK"
5048,10142113674,10142113710,1,"IOTHUB_CLIENT_CONFIRMATION_OK"
5049,10142113874,10142113919,1,"IOTHUB_CLIENT_CONFIRMATION_OK"
5050,10142114074,10142114126,1,"IOTHUB_CLIENT_CONFIRMATION_OK"
5051,10142114274,10142114313,1,"IOTHUB_CLIENT_CONFIRMATION_OK"
5052,10142114474,10142114515,1,"IOTHUB_CLIENT_CONFIRMATION_OK"
5053,10142114675,10142114713,1,"IOTHUB_CLIENT_CONFIRMATION_OK"
5054,10142114875,10142115057,1,"IOTHUB_CLIENT_CONFIRMATION_OK"
5055,10142115075,10142115111,1,"IOTHUB_CLIENT_CONFIRMATION_OK"
5056,10142115275,10142115310,1,"IOTHUB_CLIENT_CONFIRMATION_OK"
5057,10142115475,10142115513,1,"IOTHUB_CLIENT_CONFIRMATION_OK"
5058,10142115675,10142115710,1,"IOTHUB_CLIENT_CONFIRMATION_OK"
5059,10142115876,10142115961,1,"IOTHUB_CLIENT_CONFIRMATION_OK"
5060,10142116076,10142116115,1,"IOTHUB_CLIENT_CONFIRMATION_OK"
5061,10142116276,10142116309,1,"IOTHUB_CLIENT_CONFIRMATION_OK"
5062,10142116476,10142116533,1,"IOTHUB_CLIENT_CONFIRMATION_OK"
5063,10142116676,10142116733,1,"IOTHUB_CLIENT_CONFIRMATION_OK"
5064,10142116876,10142116913,1,"IOTHUB_CLIENT_CONFIRMATION_OK"
5065,10142117077,10142117109,1,"IOTHUB_CLIENT_CONFIRMATION_OK"
5066,10142117277,10142117330,1,"IOTHUB_CLIENT_CONFIRMATION_OK"
5067,10142117477,10142117529,1,"IOTHUB_CLIENT_CONFIRMATION_OK"
5068,10142117677,10142117743,1,"IOTHUB_CLIENT_CONFIRMATION_OK"
5069,10142117877,10142117943,1,"IOTHUB_CLIENT_CONFIRMATION_OK"
5070,10142118077,10142118119,1,"IOTHUB_CLIENT_CONFIRMATION_OK"
5071,10142118278,10142118342,1,"IOTHUB_CLIENT_CONFIRMATION_OK"
5072,10142118478,10142118518,1,"IOTHUB_CLIENT_CONFIRMATION_OK"
5073,10142118678,10142118718,1,"IOTHUB_CLIENT_CONFIRMATION_OK"
5074,10142118878,10142118951,1,"IOTHUB_CLIENT_CONFIRMATION_OK"
5075,10142119078,10142119119,1,"IOTHUB_CLIENT_CONFIRMATION_OK"
5076,10142119278,10142119314,1,"IOTHUB_CLIENT_CONFIRMATION_OK"
5077,10142119478,10142119516,1,"IOTHUB_CLIENT_CONFIRMATION_OK"
5078,10142119679,10142119728,1,"IOTHUB_CLIENT_CONFIRMATION_OK"
5079,10142119879,10142119974,1,"IOTHUB_CLIENT_CONFIRMATION_OK"
5080,10142120079,10142120118,1,"IOTHUB_CLIENT_CONFIRMATION_OK"
5081,10142120279,10142120328,1,"IOTHUB_CLIENT_CONFIRMATION_OK"
5082,10142120479,10142120586,1,"IOTHUB_CLIENT_CONFIRMATION_OK"
5083,10142120679,10142120777,1,"IOTHUB_CLIENT_CONFIRMATION_OK"
5084,10142120880,10142120921,1,"IOTHUB_CLIENT_CONFIRMATION_OK"
5085,10142121080,10142121192,1,"IOTHUB_CLIENT_CONFIRMATION_OK"
5086,10142121280,10142121320,1,"IOTHUB_CLIENT_CONFIRMATION_OK"
5087,10142121480,10142121516,1,"IOTHUB_CLIENT_CONFIRMATION_OK"
5088,10142121680,10142121720,1,"IOTHUB_CLIENT_CONFIRMATION_OK"
5089,10142121880,10142121933,1,"IOTHUB_CLIENT_CONFIRMATION_OK"
5090,10142122081,10142122116,1,"IOTHUB_CLIENT_CONFIRMATION_OK"
5091,10142122281,10142122315,1,"IOTHUB_CLIENT_CONFIRMATION_OK"
5092,10142122481,10142122560,1,"IOTHUB_CLIENT_CONFIRMATION_OK"
5093,10142122681,10142122806,1,"IOTHUB_CLIENT_CONFIRMATION_OK"
5094,10142122881,10142122927,1,"IOTHUB_CLIENT_CONFIRMATION_OK"
5095,10142123081,10142123118,1,"IOTHUB_CLIENT_CONFIRMATION_OK"
5096,10142123281,10142123415,1,"IOTHUB_CLIENT_CONFIRMATION_OK"
5097,10142123482,10142123521,1,"IOTHUB_CLIENT_CONFIRMATION_OK"
5098,10142123682,10142123739,1,"IOTHUB_CLIENT_CONFIRMATION_OK"
5099,10142123882,10142123919,1,"IOTHUB_CLIENT_CONFIRMATION_OK"
5100,10142124082,10142124254,1,"IOTHUB_CLIENT_CONFIRMATION_OK"
5101,10142124282,10142124321,1,"IOTHUB_CLIENT_CONFIRMATION_OK"
5102,10142124482,10142124518,1,"IOTHUB_CLIENT_CONFIRMATION_OK"
5103,10142124683,10142124723,1,"IOTHUB_CLIENT_CONFIRMATION_OK"
5104,10142124883,10142124934,1,"IOTHUB_CLIENT_CONFIRMATION_OK"
5105,10142125083,10142125121,1,"IOTHUB_CLIENT_CONFIRMATION_OK"
5106,10142125283,10142125361,1,"IOTHUB_CLIENT_CONFIRMATION_OK"
5107,10142125483,10142125537,1,"IOTHUB_CLIENT_CONFIRMATION_OK"
5108,10142125683,10142125719,1,"IOTHUB_CLIENT_CONFIRMATION_OK"
5109,10142125884,10142125919,1,"IOTHUB_CLIENT_CONFIRMATION_OK"
5110,10142126084,10142126126,1,"IOTHUB_CLIENT_CONFIRMATION_OK"
5111,10142126284,10142126360,1,"IOTHUB_CLIENT_CONFIRMATION_OK"
5112,10142126484,10142126536,1,"IOTHUB_CLIENT_CONFIRMATION_OK"
5113,10142126684,10142126736,1,"IOTHUB_CLIENT_CONFIRMATION_OK"
5114,10142126884,10142126927,1,"IOTHUB_CLIENT_CONFIRMATION_OK"
5115,10142127084,10142127140,1,"IOTHUB_CLIENT_CONFIRMATION_OK"
5116,10142127285,10142127327,1,"IOTHUB_CLIENT_CONFIRMATION_OK"
5117,10142127485,10142127540,1,"IOTHUB_CLIENT_CONFIRMATION_OK"
5118,10142127685,10142127743,1,"IOTHUB_CLIENT_CONFIRMATION_OK"
5119,10142127885,10142127923,1,"IOTHUB_CLIENT_CONFIRMATION_OK"
5120,10142128085,10142128118,1,"IOTHUB_CLIENT_CONFIRMATION_OK"
5121,10142128285,10142128352,1,"IOTHUB_CLIENT_CONFIRMATION_OK"
5122,10142128486,10142128521,1,"IOTHUB_CLIENT_CONFIRMATION_OK"
5123,10142128686,10142128721,1,"IOTHUB_CLIENT_CONFIRMATION_OK"
5124,10142128886,10142128965,1,"IOTHUB_CLIENT_CONFIRMATION_OK"
5125,10142129086,10142129130,1,"IOTHUB_CLIENT_CONFIRMATION_OK"
5126,10142129286,10142129330,1,"IOTHUB_CLIENT_CONFIRMATION_OK"
5127,10142129486,10142129537,1,"IOTHUB_CLIENT_CONFIRMATION_OK"
5128,10142129687,10142129721,1,"IOTHUB_CLIENT_CONFIRMATION_OK"
5129,10142129887,10142129975,1,"IOTHUB_CLIENT_CONFIRMATION_OK"
5130,10142130087,10142130121,1,"IOTHUB_CLIENT_CONFIRMATION_OK"
5131,10142130287,10142130336,1,"IOTHUB_CLIENT_CONFIRMATION_OK"
5132,10142130487,10142130590,1,"IOTHUB_CLIENT_CONFIRMATION_OK"
5133,10142130687,10142130725,1,"IOTHUB_CLIENT_CONFIRMATION_OK"
5134,10142130887,10142130925,1,"IOTHUB_CLIENT_CONFIRMATION_OK"
5135,10142131088,10142131182,1,"IOTHUB_CLIENT_CONFIRMATION_OK"
5136,10142131288,10142131322,1,"IOTHUB_CLIENT_CONFIRMATION_OK"
5137,10142131488,10142131524,1,"IOTHUB_CLIENT_CONFIRMATION_OK"
5138,10142131688,10142131720,1,"IOTHUB_CLIENT_CONFIRMATION_OK"
5139,10142131888,10142131926,1,"IOTHUB_CLIENT_CONFIRMATION_OK"
5140,10142132088,10142132212,1,"IOTHUB_CLIENT_CONFIRMATION_OK"
5141,10142132289,10142132327,1,"IOTHUB_CLIENT_CONFIRMATION_OK"
5142,10142132489,10142132530,1,"IOTHUB_CLIENT_CONFIRMATION_OK"
5143,10142132689,10142132833,1,"IOTHUB_CLIENT_CONFIRMATION_OK"
5144,10142132889,10142132928,1,"IOTHUB_CLIENT_CONFIRMATION_OK"
5145,10142133089,10142133124,1,"IOTHUB_CLIENT_CONFIRMATION_OK"
5146,10142133289,10142133343,1,"IOTHUB_CLIENT_CONFIRMATION_OK"
5147,10142133490,10142133529,1,"IOTHUB_CLIENT_CONFIRMATION_OK"
5148,10142133690,10142133727,1,"IOTHUB_CLIENT_CONFIRMATION_OK"
5149,10142133890,10142133931,1,"IOTHUB_CLIENT_CONFIRMATION_OK"
5150,10142134090,10142134124,1,"IOTHUB_CLIENT_CONFIRMATION_OK"
5151,10142134290,10142134327,1,"IOTHUB_CLIENT_CONFIRMATION_OK"
5152,10142134490,10142134541,1,"IOTHUB_CLIENT_CONFIRMATION_OK"
5153,10142134690,10142134726,1,"IOTHUB_CLIENT_CONFIRMATION_OK"
5154,10142134891,10142135063,1,"IOTHUB_CLIENT_CONFIRMATION_OK"
5155,10142135091,10142135126,1,"IOTHUB_CLIENT_CONFIRMATION_OK"
5156,10142135291,10142135331,1,"IOTHUB_CLIENT_CONFIRMATION_OK"
5157,10142135491,10142135528,1,"IOTHUB_CLIENT_CONFIRMATION_OK"
5158,10142135691,10142135755,1,"IOTHUB_CLIENT_CONFIRMATION_OK"
5159,10142135891,10142135926,1,"IOTHUB_CLIENT_CONFIRMATION_OK"
5160,10142136091,10142136126,1,"IOTHUB_CLIENT_CONFIRMATION_OK"
5161,10142136292,10142136327,1,"IOTHUB_CLIENT_CONFIRMATION_OK"
5162,10142136492,10142136558,1,"IOTHUB_CLIENT_CONFIRMATION_OK"
5163,10142136692,10142136732,1,"IOTHUB_CLIENT_CONFIRMATION_OK"
5164,10142136892,10142136938,1,"IOTHUB_CLIENT_CONFIRMATION_OK"
5165,10142137092,10142137306,1,"IOTHUB_CLIENT_CONFIRMATION_OK"
5166,10142137292,10142137332,1,"IOTHUB_CLIENT_CONFIRMATION_OK"
5167,10142137493,10142137531,1,"IOTHUB_CLIENT_CONFIRMATION_OK"
5168,10142137693,10142137749,1,"IOTHUB_CLIENT_CONFIRMATION_OK"
5169,10142137893,10142137966,1,"IOTHUB_CLIENT_CONFIRMATION_OK"
5170,10142138093,10142138129,1,"IOTHUB_CLIENT_CONFIRMATION_OK"
5171,10142138293,10142138331,1,"IOTHUB_CLIENT_CONFIRMATION_OK"
5172,10142138493,10142138563,1,"IOTHUB_CLIENT_CONFIRMATION_OK"
5173,10142138694,10142138730,1,"IOTHUB_CLIENT_CONFIRMATION_OK"
5174,10142138894,10142138934,1,"IOTHUB_CLIENT_CONFIRMATION_OK"
5175,10142139094,10142139133,1,"IOTHUB_CLIENT_CONFIRMATION_OK"
5176,10142139294,10142139337,1,"IOTHUB_CLIENT_CONFIRMATION_OK"
5177,10142139494,10142139547,1,"IOTHUB_CLIENT_CONFIRMATION_OK"
5178,10142139695,10142139732,1,"IOTHUB_CLIENT_CONFIRMATION_OK"
5179,10142139895,10142139976,1,"IOTHUB_CLIENT_CONFIRMATION_OK"
5180,10142140095,10142140136,1,"IOTHUB_CLIENT_CONFIRMATION_OK"
5181,10142140295,10142140334,1,"IOTHUB_CLIENT_CONFIRMATION_OK"
5182,10142140495,10142140561,1,"IOTHUB_CLIENT_CONFIRMATION_OK"
5183,10142140695,10142140772,1,"IOTHUB_CLIENT_CONFIRMATION_OK"
5184,10142140895,10142140935,1,"IOTHUB_CLIENT_CONFIRMATION_OK"
5185,10142141096,10142141132,1,"IOTHUB_CLIENT_CONFIRMATION_OK"
5186,10142141296,10142141364,1,"IOTHUB_CLIENT_CONFIRMATION_OK"
5187,10142141496,10142141555,1,"IOTHUB_CLIENT_CONFIRMATION_OK"
5188,10142141696,10142141769,1,"IOTHUB_CLIENT_CONFIRMATION_OK"
5189,10142141896,10142141936,1,"IOTHUB_CLIENT_CONFIRMATION_OK"
5190,10142142096,10142142176,1,"IOTHUB_CLIENT_CONFIRMATION_OK"
5191,10142142297,10142142338,1,"IOTHUB_CLIENT_CONFIRMATION_OK"
5192,10142142497,10142142536,1,"IOTHUB_CLIENT_CONFIRMATION_OK"
5193,10142142697,10142142861,1,"IOTHUB_CLIENT_CONFIRMATION_OK"
5194,10142142897,10142142943,1,"IOTHUB_CLIENT_CONFIRMATION_OK"
5195,10142143097,10142143138,1,"IOTHUB_CLIENT_CONFIRMATION_OK"
5196,10142143297,10142143336,1,"IOTHUB_CLIENT_CONFIRMATION_OK"
5197,10142143497,10142143533,1,"IOTHUB_CLIENT_CONFIRMATION_OK"
5198,10142143698,10142143777,1,"IOTHUB_CLIENT_CONFIRMATION_OK"
5199,10142143898,10142143963,1,"IOTHUB_CLIENT_CONFIRMATION_OK"
5200,10142144098,10142144132,1,"IOTHUB_CLIENT_CONFIRMATION_OK"
5201,10142144298,10142144332,1,"IOTHUB_CLIENT_CONFIRMATION_OK"
5202,10142144498,10142144538,1,"IOTHUB_CLIENT_CONFIRMATION_OK"
5203,10142144699,10142144868,1,"IOTHUB_CLIENT_CONFIRMATION_OK"
5204,10142144899,10142145098,1,"IOTHUB_CLIENT_CONFIRMATION_OK"
5205,10142145099,10142145143,1,"IOTHUB_CLIENT_CONFIRMATION_OK"
5206,10142145299,10142145335,1,"IOTHUB_CLIENT_CONFIRMATION_OK"
5207,10142145499,10142145536,1,"IOTHUB_CLIENT_CONFIRMATION_OK"
5208,10142145699,10142145739,1,"IOTHUB_CLIENT_CONFIRMATION_OK"
5209,10142145900,10142145940,1,"IOTHUB_CLIENT_CONFIRMATION_OK"
5210,10142146100,10142146130,1,"IOTHUB_CLIENT_CONFIRMATION_OK"
5211,10142146300,10142146355,1,"IOTHUB_CLIENT_CONFIRMATION_OK"
5212,10142146500,10142146536,1,"IOTHUB_CLIENT_CONFIRMATION_OK"
5213,10142146700,10142146734,1,"IOTHUB_CLIENT_CONFIRMATION_OK"
5214,10142146900,10142146940,1,"IOTHUB_CLIENT_CONFIRMATION_OK"
5215,10142147101,10142147140,1,"IOTHUB_CLIENT_CONFIRMATION_OK"
5216,10142147301,10142147340,1,"IOTHUB_CLIENT_CONFIRMATION_OK"
5217,10142147501,10142147552,1,"IOTHUB_CLIENT_CONFIRMATION_OK"
5218,10142147701,10142147773,1,"IOTHUB_CLIENT_CONFIRMATION_OK"
5219,10142147901,10142147937,1,"IOTHUB_CLIENT_CONFIRMATION_OK"
5220,10142148101,10142148149,1,"IOTHUB_CLIENT_CONFIRMATION_OK"
5221,10142148302,10142148350,1,"IOTHUB_CLIENT_CONFIRMATION_OK"
5222,10142148502,10142148550,1,"IOTHUB_CLIENT_CONFIRMATION_OK"
5223,10142148702,10142148793,1,"IOTHUB_CLIENT_CONFIRMATION_OK"
5224,10142148902,10142148977,1,"IOTHUB_CLIENT_CONFIRMATION_OK"
5225,10142149102,10142149143,1,"IOTHUB_CLIENT_CONFIRMATION_OK"
5226,10142149303,10142149341,1,"IOTHUB_CLIENT_CONFIRMATION_OK"
5227,10142149503,10142149532,1,"IOTHUB_CLIENT_CONFIRMATION_OK"
5228,10142149703,10142149737,1,"IOTHUB_CLIENT_CONFIRMATION_OK"
5229,10142149903,10142149966,1,"IOTHUB_CLIENT_CONFIRMATION_OK"
5230,10142150103,10142150139,1,"IOTHUB_CLIENT_CONFIRMATION_OK"
5231,10142150303,10142150341,1,"IOTHUB_CLIENT_CONFIRMATION_OK"
5232,10142150504,10142150588,1,"IOTHUB_CLIENT_CONFIRMATION_OK"
5233,10142150704,10142150746,1,"IOTHUB_CLIENT_CONFIRMATION_OK"
5234,10142150904,10142150945,1,"IOTHUB_CLIENT_CONFIRMATION_OK"
5235,10142151104,10142151190,1,"IOTHUB_CLIENT_CONFIRMATION_OK"
5236,10142151304,10142151346,1,"IOTHUB_CLIENT_CONFIRMATION_OK"
5237,10142151504,10142151544,1,"IOTHUB_CLIENT_CONFIRMATION_OK"
5238,10142151704,10142151746,1,"IOTHUB_CLIENT_CONFIRMATION_OK"
5239,10142151905,10142151940,1,"IOTHUB_CLIENT_CONFIRMATION_OK"
5240,10142152105,10142152205,1,"IOTHUB_CLIENT_CONFIRMATION_OK"
5241,10142152305,10142152348,1,"IOTHUB_CLIENT_CONFIRMATION_OK"
5242,10142152505,10142152574,1,"IOTHUB_CLIENT_CONFIRMATION_OK"
5243,10142152705,10142152815,1,"IOTHUB_CLIENT_CONFIRMATION_OK"
5244,10142152905,10142152964,1,"IOTHUB_CLIENT_CONFIRMATION_OK"
5245,10142153106,10142153139,1,"IOTHUB_CLIENT_CONFIRMATION_OK"
5246,10142153306,10142153340,1,"IOTHUB_CLIENT_CONFIRMATION_OK"
5247,10142153506,10142153556,1,"IOTHUB_CLIENT_CONFIRMATION_OK"
5248,10142153706,10142153738,1,"IOTHUB_CLIENT_CONFIRMATION_OK"
5249,10142153906,10142153939,1,"IOTHUB_CLIENT_CONFIRMATION_OK"
5250,10142154106,10142154147,1,"IOTHUB_CLIENT_CONFIRMATION_OK"
5251,10142154307,10142154439,1,"IOTHUB_CLIENT_CONFIRMATION_OK"
5252,10142154507,10142154574,1,"IOTHUB_CLIENT_CONFIRMATION_OK"
5253,10142154707,10142154747,1,"IOTHUB_CLIENT_CONFIRMATION_OK"
5254,10142154907,10142155055,1,"IOTHUB_CLIENT_CONFIRMATION_OK"
5255,10142155107,10142155150,1,"IOTHUB_CLIENT_CONFIRMATION_OK"
5256,10142155307,10142155386,1,"IOTHUB_CLIENT_CONFIRMATION_OK"
5257,10142155507,10142155555,1,"IOTHUB_CLIENT_CONFIRMATION_OK"
5258,10142155708,10142155750,1,"IOTHUB_CLIENT_CONFIRMATION_OK"
5259,10142155908,10142155956,1,"IOTHUB_CLIENT_CONFIRMATION_OK"
5260,10142156108,10142156144,1,"IOTHUB_CLIENT_CONFIRMATION_OK"
5261,10142156308,10142156342,1,"IOTHUB_CLIENT_CONFIRMATION_OK"
5262,10142156508,10142156557,1,"IOTHUB_CLIENT_CONFIRMATION_OK"
5263,10142156708,10142156745,1,"IOTHUB_CLIENT_CONFIRMATION_OK"
5264,10142156909,10142156942,1,"IOTHUB_CLIENT_CONFIRMATION_OK"
5265,10142157109,10142157287,1,"IOTHUB_CLIENT_CONFIRMATION_OK"
5266,10142157309,10142157352,1,"IOTHUB_CLIENT_CONFIRMATION_OK"
5267,10142157509,10142157546,1,"IOTHUB_CLIENT_CONFIRMATION_OK"
5268,10142157709,10142157746,1,"IOTHUB_CLIENT_CONFIRMATION_OK"
5269,10142157909,10142157952,1,"IOTHUB_CLIENT_CONFIRMATION_OK"
5270,10142158109,10142158143,1,"IOTHUB_CLIENT_CONFIRMATION_OK"
5271,10142158310,10142158345,1,"IOTHUB_CLIENT_CONFIRMATION_OK"
5272,10142158510,10142158549,1,"IOTHUB_CLIENT_CONFIRMATION_OK"
5273,10142158710,10142158743,1,"IOTHUB_CLIENT_CONFIRMATION_OK"
5274,10142158910,10142158951,1,"IOTHUB_CLIENT_CONFIRMATION_OK"
5275,10142159110,10142159148,1,"IOTHUB_CLIENT_CONFIRMATION_OK"
5276,10142159310,10142159555,1,"IOTHUB_CLIENT_CONFIRMATION_OK"
5277,10142159511,10142159577,1,"IOTHUB_CLIENT_CONFIRMATION_OK"
5278,10142159711,10142159746,1,"IOTHUB_CLIENT_CONFIRMATION_OK"
5279,10142159911,10142160012,1,"IOTHUB_CLIENT_CONFIRMATION_OK"
5280,10142160111,10142160200,1,"IOTHUB_CLIENT_CONFIRMATION_OK"
5281,10142160311,10142160358,1,"IOTHUB_CLIENT_CONFIRMATION_OK"
5282,10142160511,10142160569,1,"IOTHUB_CLIENT_CONFIRMATION_OK"
5283,10142160711,10142160751,1,"IOTHUB_CLIENT_CONFIRMATION_OK"
5284,10142160912,10142160981,1,"IOTHUB_CLIENT_CONFIRMATION_OK"
5285,10142161112,10142161183,1,"IOTHUB_CLIENT_CONFIRMATION_OK"
5286,10142161312,10142161352,1,"IOTHUB_CLIENT_CONFIRMATION_OK"
5287,10142161512,10142161550,1,"IOTHUB_CLIENT_CONFIRMATION_OK"
5288,10142161712,10142161755,1,"IOTHUB_CLIENT_CONFIRMATION_OK"
5289,10142161912,10142161951,1,"IOTHUB_CLIENT_CONFIRMATION_OK"
5290,10142162112,10142162188,1,"IOTHUB_CLIENT_CONFIRMATION_OK"
5291,10142162313,10142162362,1,"IOTHUB_CLIENT_CONFIRMATION_OK"
5292,10142162513,10142162570,1,"IOTHUB_CLIENT_CONFIRMATION_OK"
5293,10142162713,10142162827,1,"IOTHUB_CLIENT_CONFIRMATION_OK"
5294,10142162913,10142162949,1,"IOTHUB_CLIENT_CONFIRMATION_OK"
5295,10142163113,10142163146,1,"IOTHUB_CLIENT_CONFIRMATION_OK"
5296,10142163313,10142163347,1,"IOTHUB_CLIENT_CONFIRMATION_OK"
5297,10142163514,10142163551,1,"IOTHUB_CLIENT_CONFIRMATION_OK"
5298,10142163714,10142163759,1,"IOTHUB_CLIENT_CONFIRMATION_OK"
5299,10142163914,10142163950,1,"IOTHUB_CLIENT_CONFIRMATION_OK"
5300,10142164114,10142164167,1,"IOTHUB_CLIENT_CONFIRMATION_OK"
5301,10142164314,10142164428,1,"IOTHUB_CLIENT_CONFIRMATION_OK"
5302,10142164514,10142164555,1,"IOTHUB_CLIENT_CONFIRMATION_OK"
5303,10142164714,10142164760,1,"IOTHUB_CLIENT_CONFIRMATION_OK"
5304,10142164915,10142165045,1,"IOTHUB_CLIENT_CONFIRMATION_OK"
5305,10142165115,10142165154,1,"IOTHUB_CLIENT_CONFIRMATION_OK"
5306,10142165315,10142165360,1,"IOTHUB_CLIENT_CONFIRMATION_OK"
5307,10142165515,10142165551,1,"IOTHUB_CLIENT_CONFIRMATION_OK"
5308,10142165715,10142165767,1,"IOTHUB_CLIENT_CONFIRMATION_OK"
5309,10142165915,10142165951,1,"IOTHUB_CLIENT_CONFIRMATION_OK"
5310,10142166116,10142166157,1,"IOTHUB_CLIENT_CONFIRMATION_OK"
5311,10142166316,10142166355,1,"IOTHUB_CLIENT_CONFIRMATION_OK"
5312,10142166516,10142166736,1,"IOTHUB_CLIENT_CONFIRMATION_OK"
5313,10142166716,10142166777,1,"IOTHUB_CLIENT_CONFIRMATION_OK"
5314,10142166916,10142167322,1,"IOTHUB_CLIENT_CONFIRMATION_OK"
5315,10142167116,10142167692,1,"IOTHUB_CLIENT_CONFIRMATION_OK"
5316,10142167316,10142167749,1,"IOTHUB_CLIENT_CONFIRMATION_OK"
5317,10142167517,10142167924,1,"IOTHUB_CLIENT_CONFIRMATION_OK"
5318,10142167717,10142167951,1,"IOTHUB_CLIENT_CONFIRMATION_OK"
5319,10142167917,10142167971,1,"IOTHUB_CLIENT_CONFIRMATION_OK"
5320,10142168117,10142168153,1,"IOTHUB_CLIENT_CONFIRMATION_OK"
5321,10142168317,10142168349,1,"IOTHUB_CLIENT_CONFIRMATION_OK"
5322,10142168517,10142168553,1,"IOTHUB_CLIENT_CONFIRMATION_OK"
5323,10142168718,10142168763,1,"IOTHUB_CLIENT_CONFIRMATION_OK"
5324,10142168918,10142169003,1,"IOTHUB_CLIENT_CONFIRMATION_OK"
5325,10142169118,10142169155,1,"IOTHUB_CLIENT_CONFIRMATION_OK"
5326,10142169318,10142169589,1,"IOTHUB_CLIENT_CONFIRMATION_OK"
5327,10142169518,10142169612,1,"IOTHUB_CLIENT_CONFIRMATION_OK"
5328,10142169718,10142169769,1,"IOTHUB_CLIENT_CONFIRMATION_OK"
5329,10142169918,10142169957,1,"IOTHUB_CLIENT_CONFIRMATION_OK"
5330,10142170119,10142170156,1,"IOTHUB_CLIENT_CONFIRMATION_OK"
5331,10142170319,10142170353,1,"IOTHUB_CLIENT_CONFIRMATION_OK"
5332,10142170519,10142170564,1,"IOTHUB_CLIENT_CONFIRMATION_OK"
5333,10142170719,10142170760,1,"IOTHUB_CLIENT_CONFIRMATION_OK"
5334,10142170919,10142170957,1,"IOTHUB_CLIENT_CONFIRMATION_OK"
5335,10142171119,10142171164,1,"IOTHUB_CLIENT_CONFIRMATION_OK"
5336,10142171319,10142171366,1,"IOTHUB_CLIENT_CONFIRMATION_OK"
5337,10142171520,10142171747,1,"IOTHUB_CLIENT_CONFIRMATION_OK"
5338,10142171720,10142171767,1,"IOTHUB_CLIENT_CONFIRMATION_OK"
5339,10142171920,10142171957,1,"IOTHUB_CLIENT_CONFIRMATION_OK"
5340,10142172120,10142172161,1,"IOTHUB_CLIENT_CONFIRMATION_OK"
5341,10142172320,10142172392,1,"IOTHUB_CLIENT_CONFIRMATION_OK"
5342,10142172520,10142172575,1,"IOTHUB_CLIENT_CONFIRMATION_OK"
5343,10142172721,10142172764,1,"IOTHUB_CLIENT_CONFIRMATION_OK"
5344,10142172921,10142172985,1,"IOTHUB_CLIENT_CONFIRMATION_OK"
5345,10142173121,10142173156,1,"IOTHUB_CLIENT_CONFIRMATION_OK"
5346,10142173321,10142173368,1,"IOTHUB_CLIENT_CONFIRMATION_OK"
5347,10142173521,10142173574,1,"IOTHUB_CLIENT_CONFIRMATION_OK"
5348,10142173721,10142173760,1,"IOTHUB_CLIENT_CONFIRMATION_OK"
5349,10142173921,10142173967,1,"IOTHUB_CLIENT_CONFIRMATION_OK"
5350,10142174122,10142174155,1,"IOTHUB_CLIENT_CONFIRMATION_OK"
5351,10142174322,10142174391,1,"IOTHUB_CLIENT_CONFIRMATION_OK"
5352,10142174522,10142174562,1,"IOTHUB_CLIENT_CONFIRMATION_OK"
5353,10142174722,10142174768,1,"IOTHUB_CLIENT_CONFIRMATION_OK"
5354,10142174922,10142174988,1,"IOTHUB_CLIENT_CONFIRMATION_OK"
5355,10142175122,10142175161,1,"IOTHUB_CLIENT_CONFIRMATION_OK"
5356,10142175322,10142175359,1,"IOTHUB_CLIENT_CONFIRMATION_OK"
5357,10142175523,10142175598,1,"IOTHUB_CLIENT_CONFIRMATION_OK"
5358,10142175723,10142175775,1,"IOTHUB_CLIENT_CONFIRMATION_OK"
5359,10142175923,10142175956,1,"IOTHUB_CLIENT_CONFIRMATION_OK"
5360,10142176123,10142176157,1,"IOTHUB_CLIENT_CONFIRMATION_OK"
5361,10142176323,10142176359,1,"IOTHUB_CLIENT_CONFIRMATION_OK"
5362,10142176523,10142176616,1,"IOTHUB_CLIENT_CONFIRMATION_OK"
5363,10142176724,10142176768,1,"IOTHUB_CLIENT_CONFIRMATION_OK"
5364,10142176924,10142176961,1,"IOTHUB_CLIENT_CONFIRMATION_OK"
5365,10142177124,10142177226,1,"IOTHUB_CLIENT_CONFIRMATION_OK"
5366,10142177324,10142177363,1,"IOTHUB_CLIENT_CONFIRMATION_OK"
5367,10142177524,10142177591,1,"IOTHUB_CLIENT_CONFIRMATION_OK"
5368,10142177724,10142177854,1,"IOTHUB_CLIENT_CONFIRMATION_OK"
5369,10142177924,10142177962,1,"IOTHUB_CLIENT_CONFIRMATION_OK"
5370,10142178125,10142178165,1,"IOTHUB_CLIENT_CONFIRMATION_OK"
5371,10142178325,10142178366,1,"IOTHUB_CLIENT_CONFIRMATION_OK"
5372,10142178525,10142178562,1,"IOTHUB_CLIENT_CONFIRMATION_OK"
5373,10142178725,10142178774,1,"IOTHUB_CLIENT_CONFIRMATION_OK"
5374,10142178925,10142178967,1,"IOTHUB_CLIENT_CONFIRMATION_OK"
5375,10142179125,10142179168,1,"IOTHUB_CLIENT_CONFIRMATION_OK"
5376,10142179325,10142179475,1,"IOTHUB_CLIENT_CONFIRMATION_OK"
5377,10142179526,10142179569,1,"IOTHUB_CLIENT_CONFIRMATION_OK"
5378,10142179726,10142179771,1,"IOTHUB_CLIENT_CONFIRMATION_OK"
5379,10142179926,10142179965,1,"IOTHUB_CLIENT_CONFIRMATION_OK"
5380,10142180126,10142180166,1,"IOTHUB_CLIENT_CONFIRMATION_OK"
5381,10142180326,10142180365,1,"IOTHUB_CLIENT_CONFIRMATION_OK"
5382,10142180526,10142180560,1,"IOTHUB_CLIENT_CONFIRMATION_OK"
5383,10142180727,10142180759,1,"IOTHUB_CLIENT_CONFIRMATION_OK"
5384,10142180927,10142180962,1,"IOTHUB_CLIENT_CONFIRMATION_OK"
5385,10142181127,10142181190,1,"IOTHUB_CLIENT_CONFIRMATION_OK"
5386,10142181327,10142181369,1,"IOTHUB_CLIENT_CONFIRMATION_OK"
5387,10142181527,10142181712,1,"IOTHUB_CLIENT_CONFIRMATION_OK"
5388,10142181727,10142181763,1,"IOTHUB_CLIENT_CONFIRMATION_OK"
5389,10142181928,10142182012,1,"IOTHUB_CLIENT_CONFIRMATION_OK"
5390,10142182128,10142182169,1,"IOTHUB_CLIENT_CONFIRMATION_OK"
5391,10142182328,10142182363,1,"IOTHUB_CLIENT_CONFIRMATION_OK"
5392,10142182528,10142182570,1,"IOTHUB_CLIENT_CONFIRMATION_OK"
5393,10142182728,10142182764,1,"IOTHUB_CLIENT_CONFIRMATION_OK"
5394,10142182928,10142182979,1,"IOTHUB_CLIENT_CONFIRMATION_OK"
5395,10142183129,10142183170,1,"IOTHUB_CLIENT_CONFIRMATION_OK"
5396,10142183329,10142183370,1,"IOTHUB_CLIENT_CONFIRMATION_OK"
5397,10142183529,10142183570,1,"IOTHUB_CLIENT_CONFIRMATION_OK"
5398,10142183729,10142183766,1,"IOTHUB_CLIENT_CONFIRMATION_OK"
5399,10142183929,10142183985,1,"IOTHUB_CLIENT_CONFIRMATION_OK"
5400,10142184129,10142184173,1,"IOTHUB_CLIENT_CONFIRMATION_OK"
5401,10142184330,10142184369,1,"IOTHUB_CLIENT_CONFIRMATION_OK"
5402,10142184530,10142184563,1,"IOTHUB_CLIENT_CONFIRMATION_OK"
5403,10142184730,10142184779,1,"IOTHUB_CLIENT_CONFIRMATION_OK"
5404,10142184930,10142184973,1,"IOTHUB_CLIENT_CONFIRMATION_OK"
5405,10142185130,10142185170,1,"IOTHUB_CLIENT_CONFIRMATION_OK"
5406,10142185330,10142185373,1,"IOTHUB_CLIENT_CONFIRMATION_OK"
5407,10142185530,10142185573,1,"IOTHUB_CLIENT_CONFIRMATION_OK"
5408,10142185731,10142185775,1,"IOTHUB_CLIENT_CONFIRMATION_OK"
5409,10142185931,10142185974,1,"IOTHUB_CLIENT_CONFIRMATION_OK"
5410,10142186131,10142186191,1,"IOTHUB_CLIENT_CONFIRMATION_OK"
5411,10142186331,10142186374,1,"IOTHUB_CLIENT_CONFIRMATION_OK"
5412,10142186531,10142186601,1,"IOTHUB_CLIENT_CONFIRMATION_OK"
5413,10142186731,10142186780,1,"IOTHUB_CLIENT_CONFIRMATION_OK"
5414,10142186931,10142186970,1,"IOTHUB_CLIENT_CONFIRMATION_OK"
5415,10142187132,10142187193,1,"IOTHUB_CLIENT_CONFIRMATION_OK"
5416,10142187332,10142187372,1,"IOTHUB_CLIENT_CONFIRMATION_OK"
5417,10142187532,10142187637,1,"IOTHUB_CLIENT_CONFIRMATION_OK"
5418,10142187732,10142187850,1,"IOTHUB_CLIENT_CONFIRMATION_OK"
5419,10142187932,10142187972,1,"IOTHUB_CLIENT_CONFIRMATION_OK"
5420,10142188132,10142188179,1,"IOTHUB_CLIENT_CONFIRMATION_OK"
5421,10142188333,10142188367,1,"IOTHUB_CLIENT_CONFIRMATION_OK"
5422,10142188533,10142188575,1,"IOTHUB_CLIENT_CONFIRMATION_OK"
5423,10142188733,10142188815,1,"IOTHUB_CLIENT_CONFIRMATION_OK"
5424,10142188933,10142188968,1,"IOTHUB_CLIENT_CONFIRMATION_OK"
5425,10142189133,10142189173,1,"IOTHUB_CLIENT_CONFIRMATION_OK"
5426,10142189333,10142189477,1,"IOTHUB_CLIENT_CONFIRMATION_OK"
5427,10142189533,10142189574,1,"IOTHUB_CLIENT_CONFIRMATION_OK"
5428,10142189734,10142189796,1,"IOTHUB_CLIENT_CONFIRMATION_OK"
5429,10142189934,10142190091,1,"IOTHUB_CLIENT_CONFIRMATION_OK"
5430,10142190134,10142190175,1,"IOTHUB_CLIENT_CONFIRMATION_OK"
5431,10142190334,10142190369,1,"IOTHUB_CLIENT_CONFIRMATION_OK"
5432,10142190534,10142190568,1,"IOTHUB_CLIENT_CONFIRMATION_OK"
5433,10142190734,10142190769,1,"IOTHUB_CLIENT_CONFIRMATION_OK"
5434,10142190934,10142191007,1,"IOTHUB_CLIENT_CONFIRMATION_OK"
5435,10142191135,10142191169,1,"IOTHUB_CLIENT_CONFIRMATION_OK"
5436,10142191335,10142191389,1,"IOTHUB_CLIENT_CONFIRMATION_OK"
5437,10142191535,10142191711,1,"IOTHUB_CLIENT_CONFIRMATION_OK"
5438,10142191735,10142191768,1,"IOTHUB_CLIENT_CONFIRMATION_OK"
5439,10142191935,10142191974,1,"IOTHUB_CLIENT_CONFIRMATION_OK"
5440,10142192135,10142192179,1,"IOTHUB_CLIENT_CONFIRMATION_OK"
5441,10142192336,10142192370,1,"IOTHUB_CLIENT_CONFIRMATION_OK"
5442,10142192536,10142192576,1,"IOTHUB_CLIENT_CONFIRMATION_OK"
5443,10142192736,10142192778,1,"IOTHUB_CLIENT_CONFIRMATION_OK"
5444,10142192936,10142192970,1,"IOTHUB_CLIENT_CONFIRMATION_OK"
5445,10142193136,10142193173,1,"IOTHUB_CLIENT_CONFIRMATION_OK"
5446,10142193336,10142193380,1,"IOTHUB_CLIENT_CONFIRMATION_OK"
5447,10142193536,10142193577,1,"IOTHUB_CLIENT_CONFIRMATION_OK"
5448,10142193737,10142193951,1,"IOTHUB_CLIENT_CONFIRMATION_OK"
5449,10142193937,10142193972,1,"IOTHUB_CLIENT_CONFIRMATION_OK"
5450,10142194137,10142194172,1,"IOTHUB_CLIENT_CONFIRMATION_OK"
5451,10142194337,10142194371,1,"IOTHUB_CLIENT_CONFIRMATION_OK"
5452,10142194537,10142194576,1,"IOTHUB_CLIENT_CONFIRMATION_OK"
5453,10142194737,10142194774,1,"IOTHUB_CLIENT_CONFIRMATION_OK"
5454,10142194938,10142195042,1,"IOTHUB_CLIENT_CONFIRMATION_OK"
5455,10142195138,10142195175,1,"IOTHUB_CLIENT_CONFIRMATION_OK"
5456,10142195338,10142195377,1,"IOTHUB_CLIENT_CONFIRMATION_OK"
5457,10142195538,10142195575,1,"IOTHUB_CLIENT_CONFIRMATION_OK"
5458,10142195738,10142195772,1,"IOTHUB_CLIENT_CONFIRMATION_OK"
5459,10142195938,10142195982,1,"IOTHUB_CLIENT_CONFIRMATION_OK"
5460,10142196138,10142196185,1,"IOTHUB_CLIENT_CONFIRMATION_OK"
5461,10142196339,10142196376,1,"IOTHUB_CLIENT_CONFIRMATION_OK"
5462,10142196539,10142196587,1,"IOTHUB_CLIENT_CONFIRMATION_OK"
5463,10142196739,10142196777,1,"IOTHUB_CLIENT_CONFIRMATION_OK"
5464,10142196939,10142196982,1,"IOTHUB_CLIENT_CONFIRMATION_OK"
5465,10142197139,10142197206,1,"IOTHUB_CLIENT_CONFIRMATION_OK"
5466,10142197339,10142197384,1,"IOTHUB_CLIENT_CONFIRMATION_OK"
5467,10142197539,10142197575,1,"IOTHUB_CLIENT_CONFIRMATION_OK"
5468,10142197740,10142197851,1,"IOTHUB_CLIENT_CONFIRMATION_OK"
5469,10142197940,10142197985,1,"IOTHUB_CLIENT_CONFIRMATION_OK"
5470,10142198140,10142198181,1,"IOTHUB_CLIENT_CONFIRMATION_OK"
5471,10142198340,10142198410,1,"IOTHUB_CLIENT_CONFIRMATION_OK"
5472,10142198540,10142198593,1,"IOTHUB_CLIENT_CONFIRMATION_OK"
5473,10142198740,10142198830,1,"IOTHUB_CLIENT_CONFIRMATION_OK"
5474,10142198940,10142198974,1,"IOTHUB_CLIENT_CONFIRMATION_OK"
5475,10142199141,10142199184,1,"IOTHUB_CLIENT_CONFIRMATION_OK"
5476,10142199341,10142199440,1,"IOTHUB_CLIENT_CONFIRMATION_OK"
5477,10142199541,10142199626,1,"IOTHUB_CLIENT_CONFIRMATION_OK"
5478,10142199741,10142199815,1,"IOTHUB_CLIENT_CONFIRMATION_OK"
5479,10142199941,10142200062,1,"IOTHUB_CLIENT_CONFIRMATION_OK"
5480,10142200141,10142200183,1,"IOTHUB_CLIENT_CONFIRMATION_OK"
5481,10142200341,10142200391,1,"IOTHUB_CLIENT_CONFIRMATION_OK"
5482,10142200542,10142200590,1,"IOTHUB_CLIENT_CONFIRMATION_OK"
5483,10142200742,10142200782,1,"IOTHUB_CLIENT_CONFIRMATION_OK"
5484,10142200942,10142201001,1,"IOTHUB_CLIENT_CONFIRMATION_OK"
5485,10142201142,10142201210,1,"IOTHUB_CLIENT_CONFIRMATION_OK"
5486,10142201342,10142201381,1,"IOTHUB_CLIENT_CONFIRMATION_OK"
5487,10142201542,10142201700,1,"IOTHUB_CLIENT_CONFIRMATION_OK"
5488,10142201743,10142201782,1,"IOTHUB_CLIENT_CONFIRMATION_OK"
5489,10142201943,10142201981,1,"IOTHUB_CLIENT_CONFIRMATION_OK"
5490,10142202143,10142202179,1,"IOTHUB_CLIENT_CONFIRMATION_OK"
5491,10142202343,10142202378,1,"IOTHUB_CLIENT_CONFIRMATION_OK"
5492,10142202543,10142202581,1,"IOTHUB_CLIENT_CONFIRMATION_OK"
5493,10142202743,10142202781,1,"IOTHUB_CLIENT_CONFIRMATION_OK"
5494,10142202944,10142202976,1,"IOTHUB_CLIENT_CONFIRMATION_OK"
5495,10142203144,10142203191,1,"IOTHUB_CLIENT_CONFIRMATION_OK"
5496,10142203344,10142203390,1,"IOTHUB_CLIENT_CONFIRMATION_OK"
5497,10142203544,10142203592,1,"IOTHUB_CLIENT_CONFIRMATION_OK"
5498,10142203744,10142203960,1,"IOTHUB_CLIENT_CONFIRMATION_OK"
5499,10142203944,10142203980,1,"IOTHUB_CLIENT_CONFIRMATION_OK"
5500,10142204144,10142204178,1,"IOTHUB_CLIENT_CONFIRMATION_OK"
5501,10142204345,10142204423,1,"IOTHUB_CLIENT_CONFIRMATION_OK"
5502,10142204545,10142204585,1,"IOTHUB_CLIENT_CONFIRMATION_OK"
5503,10142204745,10142204785,1,"IOTHUB_CLIENT_CONFIRMATION_OK"
5504,10142204945,10142204990,1,"IOTHUB_CLIENT_CONFIRMATION_OK"
5505,10142205145,10142205179,1,"IOTHUB_CLIENT_CONFIRMATION_OK"
5506,10142205346,10142205383,1,"IOTHUB_CLIENT_CONFIRMATION_OK"
5507,10142205546,10142205592,1,"IOTHUB_CLIENT_CONFIRMATION_OK"
5508,10142205746,10142205785,1,"IOTHUB_CLIENT_CONFIRMATION_OK"
5509,10142205946,10142205998,1,"IOTHUB_CLIENT_CONFIRMATION_OK"
5510,10142206146,10142206183,1,"IOTHUB_CLIENT_CONFIRMATION_OK"
5511,10142206346,10142206383,1,"IOTHUB_CLIENT_CONFIRMATION_OK"
5512,10142206546,10142206613,1,"IOTHUB_CLIENT_CONFIRMATION_OK"
5513,10142206747,10142206784,1,"IOTHUB_CLIENT_CONFIRMATION_OK"
5514,10142206947,10142206986,1,"IOTHUB_CLIENT_CONFIRMATION_OK"
5515,10142207147,10142207213,1,"IOTHUB_CLIENT_CONFIRMATION_OK"
5516,10142207347,10142207385,1,"IOTHUB_CLIENT_CONFIRMATION_OK"
5517,10142207547,10142207583,1,"IOTHUB_CLIENT_CONFIRMATION_OK"
5518,10142207747,10142207823,1,"IOTHUB_CLIENT_CONFIRMATION_OK"
5519,10142207947,10142207991,1,"IOTHUB_CLIENT_CONFIRMATION_OK"
5520,10142208148,10142208186,1,"IOTHUB_CLIENT_CONFIRMATION_OK"
5521,10142208348,10142208385,1,"IOTHUB_CLIENT_CONFIRMATION_OK"
5522,10142208548,10142208583,1,"IOTHUB_CLIENT_CONFIRMATION_OK"
5523,10142208748,10142208836,1,"IOTHUB_CLIENT_CONFIRMATION_OK"
5524,10142208948,10142209020,1,"IOTHUB_CLIENT_CONFIRMATION_OK"
5525,10142209148,10142209180,1,"IOTHUB_CLIENT_CONFIRMATION_OK"
5526,10142209349,10142209469,1,"IOTHUB_CLIENT_CONFIRMATION_OK"
5527,10142209549,10142209586,1,"IOTHUB_CLIENT_CONFIRMATION_OK"
5528,10142209749,10142209783,1,"IOTHUB_CLIENT_CONFIRMATION_OK"
5529,10142209949,10142210059,1,"IOTHUB_CLIENT_CONFIRMATION_OK"
5530,10142210149,10142210196,1,"IOTHUB_CLIENT_CONFIRMATION_OK"
5531,10142210349,10142210386,1,"IOTHUB_CLIENT_CONFIRMATION_OK"
5532,10142210549,10142210587,1,"IOTHUB_CLIENT_CONFIRMATION_OK"
5533,10142210750,10142210786,1,"IOTHUB_CLIENT_CONFIRMATION_OK"
5534,10142210950,10142211078,1,"IOTHUB_CLIENT_CONFIRMATION_OK"
5535,10142211150,10142211197,1,"IOTHUB_CLIENT_CONFIRMATION_OK"
5536,10142211350,10142211393,1,"IOTHUB_CLIENT_CONFIRMATION_OK"
5537,10142211551,10142211688,1,"IOTHUB_CLIENT_CONFIRMATION_OK"
5538,10142211751,10142211787,1,"IOTHUB_CLIENT_CONFIRMATION_OK"
5539,10142211951,10142211986,1,"IOTHUB_CLIENT_CONFIRMATION_OK"
5540,10142212151,10142212290,1,"IOTHUB_CLIENT_CONFIRMATION_OK"
5541,10142212351,10142212392,1,"IOTHUB_CLIENT_CONFIRMATION_OK"
5542,10142212551,10142212590,1,"IOTHUB_CLIENT_CONFIRMATION_OK"
5543,10142212751,10142212785,1,"IOTHUB_CLIENT_CONFIRMATION_OK"
5544,10142212952,10142212987,1,"IOTHUB_CLIENT_CONFIRMATION_OK"
5545,10142213152,10142213199,1,"IOTHUB_CLIENT_CONFIRMATION_OK"
5546,10142213352,10142213388,1,"IOTHUB_CLIENT_CONFIRMATION_OK"
5547,10142213552,10142213585,1,"IOTHUB_CLIENT_CONFIRMATION_OK"
5548,10142213752,10142213917,1,"IOTHUB_CLIENT_CONFIRMATION_OK"
5549,10142213952,10142213992,1,"IOTHUB_CLIENT_CONFIRMATION_OK"
5550,10142214153,10142214197,1,"IOTHUB_CLIENT_CONFIRMATION_OK"
5551,10142214353,10142214541,1,"IOTHUB_CLIENT_CONFIRMATION_OK"
5552,10142214553,10142214590,1,"IOTHUB_CLIENT_CONFIRMATION_OK"
5553,10142214753,10142214842,1,"IOTHUB_CLIENT_CONFIRMATION_OK"
5554,10142214953,10142214993,1,"IOTHUB_CLIENT_CONFIRMATION_OK"
5555,10142215153,10142215192,1,"IOTHUB_CLIENT_CONFIRMATION_OK"
5556,10142215353,10142215399,1,"IOTHUB_CLIENT_CONFIRMATION_OK"
5557,10142215554,10142215591,1,"IOTHUB_CLIENT_CONFIRMATION_OK"
5558,10142215754,10142215789,1,"IOTHUB_CLIENT_CONFIRMATION_OK"
5559,10142215954,10142215984,1,"IOTHUB_CLIENT_CONFIRMATION_OK"
5560,10142216154,10142216206,1,"IOTHUB_CLIENT_CONFIRMATION_OK"
5561,10142216354,10142216391,1,"IOTHUB_CLIENT_CONFIRMATION_OK"
5562,10142216554,10142216597,1,"IOTHUB_CLIENT_CONFIRMATION_OK"
5563,10142216754,10142216804,1,"IOTHUB_CLIENT_CONFIRMATION_OK"
5564,10142216955,10142217013,1,"IOTHUB_CLIENT_CONFIRMATION_OK"
5565,10142217155,10142217199,1,"IOTHUB_CLIENT_CONFIRMATION_OK"
5566,10142217355,10142217396,1,"IOTHUB_CLIENT_CONFIRMATION_OK"
5567,10142217555,10142217599,1,"IOTHUB_CLIENT_CONFIRMATION_OK"
5568,10142217755,10142217811,1,"IOTHUB_CLIENT_CONFIRMATION_OK"
5569,10142217955,10142218002,1,"IOTHUB_CLIENT_CONFIRMATION_OK"
5570,10142218155,10142218191,1,"IOTHUB_CLIENT_CONFIRMATION_OK"
5571,10142218356,10142218396,1,"IOTHUB_CLIENT_CONFIRMATION_OK"
5572,10142218556,10142218639,1,"IOTHUB_CLIENT_CONFIRMATION_OK"
5573,10142218756,10142218819,1,"IOTHUB_CLIENT_CONFIRMATION_OK"
5574,10142218956,10142218993,1,"IOTHUB_CLIENT_CONFIRMATION_OK"
5575,10142219156,10142219194,1,"IOTHUB_CLIENT_CONFIRMATION_OK"
5576,10142219356,10142219432,1,"IOTHUB_CLIENT_CONFIRMATION_OK"
5577,10142219557,10142219604,1,"IOTHUB_CLIENT_CONFIRMATION_OK"
5578,10142219757,10142219796,1,"IOTHUB_CLIENT_CONFIRMATION_OK"
5579,10142219957,10142220040,1,"IOTHUB_CLIENT_CONFIRMATION_OK"
5580,10142220157,10142220190,1,"IOTHUB_CLIENT_CONFIRMATION_OK"
5581,10142220357,10142220410,1,"IOTHUB_CLIENT_CONFIRMATION_OK"
5582,10142220557,10142220595,1,"IOTHUB_CLIENT_CONFIRMATION_OK"
5583,10142220757,10142220791,1,"IOTHUB_CLIENT_CONFIRMATION_OK"
5584,10142220958,10142221004,1,"IOTHUB_CLIENT_CONFIRMATION_OK"
5585,10142221158,10142221195,1,"IOTHUB_CLIENT_CONFIRMATION_OK"
5586,10142221358,10142221397,1,"IOTHUB_CLIENT_CONFIRMATION_OK"
5587,10142221558,10142221686,1,"IOTHUB_CLIENT_CONFIRMATION_OK"
5588,10142221758,10142221794,1,"IOTHUB_CLIENT_CONFIRMATION_OK"
5589,10142221958,10142222034,1,"IOTHUB_CLIENT_CONFIRMATION_OK"
5590,10142222158,10142222337,1,"IOTHUB_CLIENT_CONFIRMATION_OK"
5591,10142222359,10142222397,1,"IOTHUB_CLIENT_CONFIRMATION_OK"
5592,10142222559,10142222596,1,"IOTHUB_CLIENT_CONFIRMATION_OK"
5593,10142222759,10142222824,1,"IOTHUB_CLIENT_CONFIRMATION_OK"
5594,10142222959,10142222993,1,"IOTHUB_CLIENT_CONFIRMATION_OK"
5595,10142223159,10142223209,1,"IOTHUB_CLIENT_CONFIRMATION_OK"
5596,10142223359,10142223397,1,"IOTHUB_CLIENT_CONFIRMATION_OK"
5597,10142223559,10142223607,1,"IOTHUB_CLIENT_CONFIRMATION_OK"
5598,10142223760,10142223899,1,"IOTHUB_CLIENT_CONFIRMATION_OK"
5599,10142223960,10142223994,1,"IOTHUB_CLIENT_CONFIRMATION_OK"
5600,10142224160,10142224201,1,"IOTHUB_CLIENT_CONFIRMATION_OK"
5601,10142224360,10142224534,1,"IOTHUB_CLIENT_CONFIRMATION_OK"
5602,10142224560,10142224604,1,"IOTHUB_CLIENT_CONFIRMATION_OK"
5603,10142224761,10142224799,1,"IOTHUB_CLIENT_CONFIRMATION_OK"
5604,10142224961,10142225001,1,"IOTHUB_CLIENT_CONFIRMATION_OK"
5605,10142225161,10142225204,1,"IOTHUB_CLIENT_CONFIRMATION_OK"
5606,10142225361,10142225398,1,"IOTHUB_CLIENT_CONFIRMATION_OK"
5607,10142225561,10142225601,1,"IOTHUB_CLIENT_CONFIRMATION_OK"
5608,10142225761,10142225798,1,"IOTHUB_CLIENT_CONFIRMATION_OK"
5609,10142225962,10142226013,1,"IOTHUB_CLIENT_CONFIRMATION_OK"
5610,10142226162,10142226200,1,"IOTHUB_CLIENT_CONFIRMATION_OK"
5611,10142226362,10142226396,1,"IOTHUB_CLIENT_CONFIRMATION_OK"
5612,10142226562,10142226755,1,"IOTHUB_CLIENT_CONFIRMATION_OK"
5613,10142226762,10142226802,1,"IOTHUB_CLIENT_CONFIRMATION_OK"
5614,10142226962,10142227007,1,"IOTHUB_CLIENT_CONFIRMATION_OK"
5615,10142227162,10142227199,1,"IOTHUB_CLIENT_CONFIRMATION_OK"
5616,10142227363,10142227398,1,"IOTHUB_CLIENT_CONFIRMATION_OK"
5617,10142227563,10142227635,1,"IOTHUB_CLIENT_CONFIRMATION_OK"
5618,10142227763,10142227807,1,"IOTHUB_CLIENT_CONFIRMATION_OK"
5619,10142227963,10142227999,1,"IOTHUB_CLIENT_CONFIRMATION_OK"
5620,10142228163,10142228200,1,"IOTHUB_CLIENT_CONFIRMATION_OK"
5621,10142228363,10142228572,1,"IOTHUB_CLIENT_CONFIRMATION_OK"
5622,10142228564,10142228600,1,"IOTHUB_CLIENT_CONFIRMATION_OK"
5623,10142228764,10142228939,1,"IOTHUB_CLIENT_CONFIRMATION_OK"
5624,10142228964,10142228996,1,"IOTHUB_CLIENT_CONFIRMATION_OK"
5625,10142229164,10142229199,1,"IOTHUB_CLIENT_CONFIRMATION_OK"
5626,10142229364,10142229397,1,"IOTHUB_CLIENT_CONFIRMATION_OK"
5627,10142229564,10142229598,1,"IOTHUB_CLIENT_CONFIRMATION_OK"
5628,10142229764,10142229852,1,"IOTHUB_CLIENT_CONFIRMATION_OK"
5629,10142229965,10142230005,1,"IOTHUB_CLIENT_CONFIRMATION_OK"
5630,10142230165,10142230202,1,"IOTHUB_CLIENT_CONFIRMATION_OK"
5631,10142230365,10142230402,1,"IOTHUB_CLIENT_CONFIRMATION_OK"
5632,10142230565,10142230609,1,"IOTHUB_CLIENT_CONFIRMATION_OK"
5633,10142230765,10142230800,1,"IOTHUB_CLIENT_CONFIRMATION_OK"
5634,10142230965,10142231207,1,"IOTHUB_CLIENT_CONFIRMATION_OK"
5635,10142231166,10142231235,1,"IOTHUB_CLIENT_CONFIRMATION_OK"
5636,10142231366,10142231404,1,"IOTHUB_CLIENT_CONFIRMATION_OK"
5637,10142231566,10142231628,1,"IOTHUB_CLIENT_CONFIRMATION_OK"
5638,10142231766,10142231810,1,"IOTHUB_CLIENT_CONFIRMATION_OK"
5639,10142231966,10142232016,1,"IOTHUB_CLIENT_CONFIRMATION_OK"
5640,10142232166,10142232235,1,"IOTHUB_CLIENT_CONFIRMATION_OK"
5641,10142232366,10142232409,1,"IOTHUB_CLIENT_CONFIRMATION_OK"
5642,10142232567,10142232606,1,"IOTHUB_CLIENT_CONFIRMATION_OK"
5643,10142232767,10142232852,1,"IOTHUB_CLIENT_CONFIRMATION_OK"
5644,10142232967,10142233003,1,"IOTHUB_CLIENT_CONFIRMATION_OK"
5645,10142233167,10142233206,1,"IOTHUB_CLIENT_CONFIRMATION_OK"
5646,10142233367,10142233404,1,"IOTHUB_CLIENT_CONFIRMATION_OK"
5647,10142233567,10142233616,1,"IOTHUB_CLIENT_CONFIRMATION_OK"
5648,10142233768,10142233857,1,"IOTHUB_CLIENT_CONFIRMATION_OK"
5649,10142233968,10142234004,1,"IOTHUB_CLIENT_CONFIRMATION_OK"
5650,10142234168,10142234207,1,"IOTHUB_CLIENT_CONFIRMATION_OK"
5651,10142234368,10142234477,1,"IOTHUB_CLIENT_CONFIRMATION_OK"
5652,10142234568,10142234607,1,"IOTHUB_CLIENT_CONFIRMATION_OK"
5653,10142234768,10142234807,1,"IOTHUB_CLIENT_CONFIRMATION_OK"
5654,10142234969,10142235007,1,"IOTHUB_CLIENT_CONFIRMATION_OK"
5655,10142235169,10142235209,1,"IOTHUB_CLIENT_CONFIRMATION_OK"
5656,10142235369,10142235403,1,"IOTHUB_CLIENT_CONFIRMATION_OK"
5657,10142235569,10142235608,1,"IOTHUB_CLIENT_CONFIRMATION_OK"
5658,10142235769,10142235897,1,"IOTHUB_CLIENT_CONFIRMATION_OK"
5659,10142235969,10142236111,1,"IOTHUB_CLIENT_CONFIRMATION_OK"
5660,10142236170,10142236202,1,"IOTHUB_CLIENT_CONFIRMATION_OK"
5661,10142236370,10142236405,1,"IOTHUB_CLIENT_CONFIRMATION_OK"
5662,10142236570,10142236714,1,"IOTHUB_CLIENT_CONFIRMATION_OK"
5663,10142236770,10142236811,1,"IOTHUB_CLIENT_CONFIRMATION_OK"
5664,10142236970,10142237004,1,"IOTHUB_CLIENT_CONFIRMATION_OK"
5665,10142237170,10142237231,1,"IOTHUB_CLIENT_CONFIRMATION_OK"
5666,10142237370,10142237407,1,"IOTHUB_CLIENT_CONFIRMATION_OK"
5667,10142237571,10142237611,1,"IOTHUB_CLIENT_CONFIRMATION_OK"
5668,10142237771,10142237815,1,"IOTHUB_CLIENT_CONFIRMATION_OK"
5669,10142237971,10142238010,1,"IOTHUB_CLIENT_CONFIRMATION_OK"
5670,10142238171,10142238205,1,"IOTHUB_CLIENT_CONFIRMATION_OK"
5671,10142238371,10142238411,1,"IOTHUB_CLIENT_CONFIRMATION_OK"
5672,10142238571,10142238606,1,"IOTHUB_CLIENT_CONFIRMATION_OK"
5673,10142238771,10142238810,1,"IOTHUB_CLIENT_CONFIRMATION_OK"
5674,10142238972,10142239033,1,"IOTHUB_CLIENT_CONFIRMATION_OK"
5675,10142239172,10142239209,1,"IOTHUB_CLIENT_CONFIRMATION_OK"
5676,10142239372,10142239414,1,"IOTHUB_CLIENT_CONFIRMATION_OK"
5677,10142239572,10142239616,1,"IOTHUB_CLIENT_CONFIRMATION_OK"
5678,10142239772,10142239810,1,"IOTHUB_CLIENT_CONFIRMATION_OK"
5679,10142239972,10142240012,1,"IOTHUB_CLIENT_CONFIRMATION_OK"
5680,10142240172,10142240216,1,"IOTHUB_CLIENT_CONFIRMATION_OK"
5681,10142240373,10142240411,1,"IOTHUB_CLIENT_CONFIRMATION_OK"
5682,10142240573,10142240659,1,"IOTHUB_CLIENT_CONFIRMATION_OK"
5683,10142240773,10142240810,1,"IOTHUB_CLIENT_CONFIRMATION_OK"
5684,10142240973,10142241029,1,"IOTHUB_CLIENT_CONFIRMATION_OK"
5685,10142241173,10142241212,1,"IOTHUB_CLIENT_CONFIRMATION_OK"
5686,10142241373,10142241421,1,"IOTHUB_CLIENT_CONFIRMATION_OK"
5687,10142241574,10142241623,1,"IOTHUB_CLIENT_CONFIRMATION_OK"
5688,10142241774,10142241840,1,"IOTHUB_CLIENT_CONFIRMATION_OK"
5689,10142241974,10142242013,1,"IOTHUB_CLIENT_CONFIRMATION_OK"
5690,10142242174,10142242228,1,"IOTHUB_CLIENT_CONFIRMATION_OK"
5691,10142242374,10142242412,1,"IOTHUB_CLIENT_CONFIRMATION_OK"
5692,10142242574,10142242613,1,"IOTHUB_CLIENT_CONFIRMATION_OK"
5693,10142242774,10142242851,1,"IOTHUB_CLIENT_CONFIRMATION_OK"
5694,10142242975,10142243013,1,"IOTHUB_CLIENT_CONFIRMATION_OK"
5695,10142243175,10142243230,1,"IOTHUB_CLIENT_CONFIRMATION_OK"
5696,10142243375,10142243422,1,"IOTHUB_CLIENT_CONFIRMATION_OK"
5697,10142243575,10142243611,1,"IOTHUB_CLIENT_CONFIRMATION_OK"
5698,10142243775,10142243866,1,"IOTHUB_CLIENT_CONFIRMATION_OK"
5699,10142243975,10142244012,1,"IOTHUB_CLIENT_CONFIRMATION_OK"
5700,10142244176,10142244215,1,"IOTHUB_CLIENT_CONFIRMATION_OK"
5701,10142244376,10142244491,1,"IOTHUB_CLIENT_CONFIRMATION_OK"
5702,10142244576,10142244612,1,"IOTHUB_CLIENT_CONFIRMATION_OK"
5703,10142244776,10142244819,1,"IOTHUB_CLIENT_CONFIRMATION_OK"
5704,10142244976,10142245015,1,"IOTHUB_CLIENT_CONFIRMATION_OK"
5705,10142245176,10142245223,1,"IOTHUB_CLIENT_CONFIRMATION_OK"
5706,10142245376,10142245444,1,"IOTHUB_CLIENT_CONFIRMATION_OK"
5707,10142245577,10142245616,1,"IOTHUB_CLIENT_CONFIRMATION_OK"
5708,10142245777,10142245815,1,"IOTHUB_CLIENT_CONFIRMATION_OK"
5709,10142245977,10142246091,1,"IOTHUB_CLIENT_CONFIRMATION_OK"
5710,10142246177,10142246213,1,"IOTHUB_CLIENT_CONFIRMATION_OK"
5711,10142246377,10142246413,1,"IOTHUB_CLIENT_CONFIRMATION_OK"
5712,10142246577,10142246701,1,"IOTHUB_CLIENT_CONFIRMATION_OK"
5713,10142246778,10142246817,1,"IOTHUB_CLIENT_CONFIRMATION_OK"
5714,10142246978,10142247023,1,"IOTHUB_CLIENT_CONFIRMATION_OK"
5715,10142247178,10142247218,1,"IOTHUB_CLIENT_CONFIRMATION_OK"
5716,10142247378,10142247412,1,"IOTHUB_CLIENT_CONFIRMATION_OK"
5717,10142247578,10142247708,1,"IOTHUB_CLIENT_CONFIRMATION_OK"
5718,10142247778,10142247830,1,"IOTHUB_CLIENT_CONFIRMATION_OK"
5719,10142247978,10142248055,1,"IOTHUB_CLIENT_CONFIRMATION_OK"
5720,10142248179,10142248312,1,"IOTHUB_CLIENT_CONFIRMATION_OK"
5721,10142248379,10142248421,1,"IOTHUB_CLIENT_CONFIRMATION_OK"
5722,10142248579,10142248619,1,"IOTHUB_CLIENT_CONFIRMATION_OK"
5723,10142248779,10142248927,1,"IOTHUB_CLIENT_CONFIRMATION_OK"
5724,10142248979,10142249017,1,"IOTHUB_CLIENT_CONFIRMATION_OK"
5725,10142249179,10142249214,1,"IOTHUB_CLIENT_CONFIRMATION_OK"
5726,10142249380,10142249420,1,"IOTHUB_CLIENT_CONFIRMATION_OK"
5727,10142249580,10142249617,1,"IOTHUB_CLIENT_CONFIRMATION_OK"
5728,10142249780,10142249861,1,"IOTHUB_CLIENT_CONFIRMATION_OK"
5729,10142249980,10142250031,1,"IOTHUB_CLIENT_CONFIRMATION_OK"
5730,10142250180,10142250213,1,"IOTHUB_CLIENT_CONFIRMATION_OK"
5731,10142250380,10142250418,1,"IOTHUB_CLIENT_CONFIRMATION_OK"
5732,10142250580,10142250616,1,"IOTHUB_CLIENT_CONFIRMATION_OK"
5733,10142250781,10142250820,1,"IOTHUB_CLIENT_CONFIRMATION_OK"
5734,10142250981,10142251161,1,"IOTHUB_CLIENT_CONFIRMATION_OK"
5735,10142251181,10142251224,1,"IOTHUB_CLIENT_CONFIRMATION_OK"
5736,10142251381,10142251416,1,"IOTHUB_CLIENT_CONFIRMATION_OK"
5737,10142251581,10142251621,1,"IOTHUB_CLIENT_CONFIRMATION_OK"
5738,10142251781,10142251820,1,"IOTHUB_CLIENT_CONFIRMATION_OK"
5739,10142251981,10142252018,1,"IOTHUB_CLIENT_CONFIRMATION_OK"
5740,10142252182,10142252220,1,"IOTHUB_CLIENT_CONFIRMATION_OK"
5741,10142252382,10142252416,1,"IOTHUB_CLIENT_CONFIRMATION_OK"
5742,10142252582,10142252625,1,"IOTHUB_CLIENT_CONFIRMATION_OK"
5743,10142252782,10142252825,1,"IOTHUB_CLIENT_CONFIRMATION_OK"
5744,10142252982,10142253020,1,"IOTHUB_CLIENT_CONFIRMATION_OK"
5745,10142253182,10142253390,1,"IOTHUB_CLIENT_CONFIRMATION_OK"
5746,10142253383,10142253446,1,"IOTHUB_CLIENT_CONFIRMATION_OK"
5747,10142253583,10142253622,1,"IOTHUB_CLIENT_CONFIRMATION_OK"
5748,10142253783,10142253824,1,"IOTHUB_CLIENT_CONFIRMATION_OK"
5749,10142253983,10142254017,1,"IOTHUB_CLIENT_CONFIRMATION_OK"
5750,10142254183,10142254579,1,"IOTHUB_CLIENT_CONFIRMATION_OK"
5751,10142254383,10142255013,1,"IOTHUB_CLIENT_CONFIRMATION_OK"
5752,10142254583,10142255118,1,"IOTHUB_CLIENT_CONFIRMATION_OK"
5753,10142254784,10142255172,1,"IOTHUB_CLIENT_CONFIRMATION_OK"
5754,10142254984,10142255226,1,"IOTHUB_CLIENT_CONFIRMATION_OK"
5755,10142255184,10142255266,1,"IOTHUB_CLIENT_CONFIRMATION_OK"
5756,10142255384,10142255427,1,"IOTHUB_CLIENT_CONFIRMATION_OK"
5757,10142255584,10142255625,1,"IOTHUB_CLIENT_CONFIRMATION_OK"
5758,10142255784,10142255829,1,"IOTHUB_CLIENT_CONFIRMATION_OK"
5759,10142255985,10142256041,1,"IOTHUB_CLIENT_CONFIRMATION_OK"
5760,10142256185,10142256225,1,"IOTHUB_CLIENT_CONFIRMATION_OK"
5761,10142256385,10142256425,1,"IOTHUB_CLIENT_CONFIRMATION_OK"
5762,10142256585,10142256655,1,"IOTHUB_CLIENT_CONFIRMATION_OK"
5763,10142256785,10142256824,1,"IOTHUB_CLIENT_CONFIRMATION_OK"
5764,10142256985,10142257032,1,"IOTHUB_CLIENT_CONFIRMATION_OK"
5765,10142257186,10142257310,1,"IOTHUB_CLIENT_CONFIRMATION_OK"
5766,10142257386,10142257518,1,"IOTHUB_CLIENT_CONFIRMATION_OK"
5767,10142257586,10142257621,1,"IOTHUB_CLIENT_CONFIRMATION_OK"
5768,10142257786,10142257825,1,"IOTHUB_CLIENT_CONFIRMATION_OK"
5769,10142257986,10142258052,1,"IOTHUB_CLIENT_CONFIRMATION_OK"
5770,10142258187,10142258303,1,"IOTHUB_CLIENT_CONFIRMATION_OK"
5771,10142258387,10142258423,1,"IOTHUB_CLIENT_CONFIRMATION_OK"
5772,10142258587,10142258622,1,"IOTHUB_CLIENT_CONFIRMATION_OK"
5773,10142258787,10142258899,1,"IOTHUB_CLIENT_CONFIRMATION_OK"
5774,10142258987,10142259032,1,"IOTHUB_CLIENT_CONFIRMATION_OK"
5775,10142259187,10142259235,1,"IOTHUB_CLIENT_CONFIRMATION_OK"
5776,10142259387,10142259423,1,"IOTHUB_CLIENT_CONFIRMATION_OK"
5777,10142259588,10142259638,1,"IOTHUB_CLIENT_CONFIRMATION_OK"
5778,10142259788,10142259833,1,"IOTHUB_CLIENT_CONFIRMATION_OK"
5779,10142259988,10142260024,1,"IOTHUB_CLIENT_CONFIRMATION_OK"
5780,10142260188,10142260227,1,"IOTHUB_CLIENT_CONFIRMATION_OK"
5781,10142260388,10142260547,1,"IOTHUB_CLIENT_CONFIRMATION_OK"
5782,10142260588,10142260623,1,"IOTHUB_CLIENT_CONFIRMATION_OK"
5783,10142260789,10142260829,1,"IOTHUB_CLIENT_CONFIRMATION_OK"
5784,10142260989,10142261146,1,"IOTHUB_CLIENT_CONFIRMATION_OK"
5785,10142261189,10142261224,1,"IOTHUB_CLIENT_CONFIRMATION_OK"
5786,10142261389,10142261429,1,"IOTHUB_CLIENT_CONFIRMATION_OK"
5787,10142261589,10142261636,1,"IOTHUB_CLIENT_CONFIRMATION_OK"
5788,10142261789,10142261838,1,"IOTHUB_CLIENT_CONFIRMATION_OK"
5789,10142261989,10142262027,1,"IOTHUB_CLIENT_CONFIRMATION_OK"
5790,10142262190,10142262231,1,"IOTHUB_CLIENT_CONFIRMATION_OK"
5791,10142262390,10142262431,1,"IOTHUB_CLIENT_CONFIRMATION_OK"
5792,10142262590,10142262630,1,"IOTHUB_CLIENT_CONFIRMATION_OK"
5793,10142262790,10142262822,1,"IOTHUB_CLIENT_CONFIRMATION_OK"
5794,10142262990,10142263031,1,"IOTHUB_CLIENT_CONFIRMATION_OK"
5795,10142263190,10142263423,1,"IOTHUB_CLIENT_CONFIRMATION_OK"
5796,10142263391,10142263443,1,"IOTHUB_CLIENT_CONFIRMATION_OK"
5797,10142263591,10142263637,1,"IOTHUB_CLIENT_CONFIRMATION_OK"
5798,10142263791,10142263856,1,"IOTHUB_CLIENT_CONFIRMATION_OK"
5799,10142263991,10142264094,1,"IOTHUB_CLIENT_CONFIRMATION_OK"
5800,10142264191,10142264241,1,"IOTHUB_CLIENT_CONFIRMATION_OK"
5801,10142264391,10142264526,1,"IOTHUB_CLIENT_CONFIRMATION_OK"
5802,10142264592,10142264639,1,"IOTHUB_CLIENT_CONFIRMATION_OK"
5803,10142264792,10142264839,1,"IOTHUB_CLIENT_CONFIRMATION_OK"
5804,10142264992,10142265040,1,"IOTHUB_CLIENT_CONFIRMATION_OK"
5805,10142265192,10142265237,1,"IOTHUB_CLIENT_CONFIRMATION_OK"
5806,10142265392,10142265552,1,"IOTHUB_CLIENT_CONFIRMATION_OK"
5807,10142265592,10142265634,1,"IOTHUB_CLIENT_CONFIRMATION_OK"
5808,10142265792,10142265880,1,"IOTHUB_CLIENT_CONFIRMATION_OK"
5809,10142265993,10142266176,1,"IOTHUB_CLIENT_CONFIRMATION_OK"
5810,10142266193,10142266247,1,"IOTHUB_CLIENT_CONFIRMATION_OK"
5811,10142266393,10142266441,1,"IOTHUB_CLIENT_CONFIRMATION_OK"
5812,10142266593,10142266662,1,"IOTHUB_CLIENT_CONFIRMATION_OK"
5813,10142266793,10142266842,1,"IOTHUB_CLIENT_CONFIRMATION_OK"
5814,10142266993,10142267037,1,"IOTHUB_CLIENT_CONFIRMATION_OK"
5815,10142267194,10142267243,1,"IOTHUB_CLIENT_CONFIRMATION_OK"
5816,10142267394,10142267440,1,"IOTHUB_CLIENT_CONFIRMATION_OK"
5817,10142267594,10142267641,1,"IOTHUB_CLIENT_CONFIRMATION_OK"
5818,10142267794,10142267844,1,"IOTHUB_CLIENT_CONFIRMATION_OK"
5819,10142267994,10142268036,1,"IOTHUB_CLIENT_CONFIRMATION_OK"
5820,10142268194,10142268393,1,"IOTHUB_CLIENT_CONFIRMATION_OK"
5821,10142268394,10142268441,1,"IOTHUB_CLIENT_CONFIRMATION_OK"
5822,10142268595,10142268636,1,"IOTHUB_CLIENT_CONFIRMATION_OK"
5823,10142268795,10142268829,1,"IOTHUB_CLIENT_CONFIRMATION_OK"
5824,10142268995,10142269044,1,"IOTHUB_CLIENT_CONFIRMATION_OK"
5825,10142269195,10142269279,1,"IOTHUB_CLIENT_CONFIRMATION_OK"
5826,10142269395,10142269488,1,"IOTHUB_CLIENT_CONFIRMATION_OK"
5827,10142269595,10142269628,1,"IOTHUB_CLIENT_CONFIRMATION_OK"
5828,10142269796,10142269830,1,"IOTHUB_CLIENT_CONFIRMATION_OK"
5829,10142269996,10142270039,1,"IOTHUB_CLIENT_CONFIRMATION_OK"
5830,10142270196,10142270243,1,"IOTHUB_CLIENT_CONFIRMATION_OK"
5831,10142270396,10142270469,1,"IOTHUB_CLIENT_CONFIRMATION_OK"
5832,10142270596,10142270658,1,"IOTHUB_CLIENT_CONFIRMATION_OK"
5833,10142270796,10142270863,1,"IOTHUB_CLIENT_CONFIRMATION_OK"
5834,10142270996,10142271052,1,"IOTHUB_CLIENT_CONFIRMATION_OK"
5835,10142271197,10142271251,1,"IOTHUB_CLIENT_CONFIRMATION_OK"
5836,10142271397,10142271446,1,"IOTHUB_CLIENT_CONFIRMATION_OK"
5837,10142271597,10142271668,1,"IOTHUB_CLIENT_CONFIRMATION_OK"
5838,10142271797,10142271841,1,"IOTHUB_CLIENT_CONFIRMATION_OK"
5839,10142271997,10142272043,1,"IOTHUB_CLIENT_CONFIRMATION_OK"
5840,10142272197,10142272246,1,"IOTHUB_CLIENT_CONFIRMATION_OK"
5841,10142272398,10142272442,1,"IOTHUB_CLIENT_CONFIRMATION_OK"
5842,10142272598,10142272682,1,"IOTHUB_CLIENT_CONFIRMATION_OK"
5843,10142272798,10142272869,1,"IOTHUB_CLIENT_CONFIRMATION_OK"
5844,10142272998,10142273048,1,"IOTHUB_CLIENT_CONFIRMATION_OK"
5845,10142273198,10142273322,1,"IOTHUB_CLIENT_CONFIRMATION_OK"
5846,10142273398,10142273451,1,"IOTHUB_CLIENT_CONFIRMATION_OK"
5847,10142273599,10142273637,1,"IOTHUB_CLIENT_CONFIRMATION_OK"
5848,10142273799,10142273913,1,"IOTHUB_CLIENT_CONFIRMATION_OK"
5849,10142273999,10142274047,1,"IOTHUB_CLIENT_CONFIRMATION_OK"
5850,10142274199,10142274253,1,"IOTHUB_CLIENT_CONFIRMATION_OK"
5851,10142274399,10142274446,1,"IOTHUB_CLIENT_CONFIRMATION_OK"
5852,10142274599,10142274658,1,"IOTHUB_CLIENT_CONFIRMATION_OK"
5853,10142274799,10142274841,1,"IOTHUB_CLIENT_CONFIRMATION_OK"
5854,10142275000,10142275045,1,"IOTHUB_CLIENT_CONFIRMATION_OK"
5855,10142275200,10142275241,1,"IOTHUB_CLIENT_CONFIRMATION_OK"
5856,10142275400,10142275572,1,"IOTHUB_CLIENT_CONFIRMATION_OK"
5857,10142275600,10142275650,1,"IOTHUB_CLIENT_CONFIRMATION_OK"
5858,10142275800,10142275855,1,"IOTHUB_CLIENT_CONFIRMATION_OK"
5859,10142276000,10142276049,1,"IOTHUB_CLIENT_CONFIRMATION_OK"
5860,10142276200,10142276251,1,"IOTHUB_CLIENT_CONFIRMATION_OK"
5861,10142276401,10142276447,1,"IOTHUB_CLIENT_CONFIRMATION_OK"
5862,10142276601,10142276650,1,"IOTHUB_CLIENT_CONFIRMATION_OK"
5863,10142276801,10142276851,1,"IOTHUB_CLIENT_CONFIRMATION_OK"
5864,10142277001,10142277049,1,"IOTHUB_CLIENT_CONFIRMATION_OK"
5865,10142277201,10142277251,1,"IOTHUB_CLIENT_CONFIRMATION_OK"
5866,10142277401,10142277443,1,"IOTHUB_CLIENT_CONFIRMATION_OK"
5867,10142277602,10142277819,1,"IOTHUB_CLIENT_CONFIRMATION_OK"
5868,10142277802,10142277850,1,"IOTHUB_CLIENT_CONFIRMATION_OK"
5869,10142278002,10142278045,1,"IOTHUB_CLIENT_CONFIRMATION_OK"
5870,10142278202,10142278279,1,"IOTHUB_CLIENT_CONFIRMATION_OK"
5871,10142278402,10142278446,1,"IOTHUB_CLIENT_CONFIRMATION_OK"
5872,10142278602,10142278654,1,"IOTHUB_CLIENT_CONFIRMATION_OK"
5873,10142278803,10142278848,1,"IOTHUB_CLIENT_CONFIRMATION_OK"
5874,10142279003,10142279043,1,"IOTHUB_CLIENT_CONFIRMATION_OK"
5875,10142279203,10142279247,1,"IOTHUB_CLIENT_CONFIRMATION_OK"
5876,10142279403,10142279452,1,"IOTHUB_CLIENT_CONFIRMATION_OK"
5877,10142279603,10142279645,1,"IOTHUB_CLIENT_CONFIRMATION_OK"
5878,10142279803,10142279862,1,"IOTHUB_CLIENT_CONFIRMATION_OK"
5879,10142280004,10142280088,1,"IOTHUB_CLIENT_CONFIRMATION_OK"
5880,10142280204,10142280257,1,"IOTHUB_CLIENT_CONFIRMATION_OK"
5881,10142280404,10142280479,1,"IOTHUB_CLIENT_CONFIRMATION_OK"
5882,10142280604,10142280641,1,"IOTHUB_CLIENT_CONFIRMATION_OK"
5883,10142280804,10142280841,1,"IOTHUB_CLIENT_CONFIRMATION_OK"
5884,10142281004,10142281096,1,"IOTHUB_CLIENT_CONFIRMATION_OK"
5885,10142281204,10142281254,1,"IOTHUB_CLIENT_CONFIRMATION_OK"
5886,10142281405,10142281454,1,"IOTHUB_CLIENT_CONFIRMATION_OK"
5887,10142281605,10142281706,1,"IOTHUB_CLIENT_CONFIRMATION_OK"
5888,10142281805,10142281855,1,"IOTHUB_CLIENT_CONFIRMATION_OK"
5889,10142282005,10142282067,1,"IOTHUB_CLIENT_CONFIRMATION_OK"
5890,10142282205,10142282261,1,"IOTHUB_CLIENT_CONFIRMATION_OK"
5891,10142282405,10142282452,1,"IOTHUB_CLIENT_CONFIRMATION_OK"
5892,10142282606,10142282717,1,"IOTHUB_CLIENT_CONFIRMATION_OK"
5893,10142282806,10142282859,1,"IOTHUB_CLIENT_CONFIRMATION_OK"
5894,10142283006,10142283064,1,"IOTHUB_CLIENT_CONFIRMATION_OK"
5895,10142283206,10142283317,1,"IOTHUB_CLIENT_CONFIRMATION_OK"
5896,10142283406,10142283456,1,"IOTHUB_CLIENT_CONFIRMATION_OK"
5897,10142283606,10142283657,1,"IOTHUB_CLIENT_CONFIRMATION_OK"
5898,10142283807,10142283850,1,"IOTHUB_CLIENT_CONFIRMATION_OK"
5899,10142284007,10142284038,1,"IOTHUB_CLIENT_CONFIRMATION_OK"
5900,10142284207,10142284277,1,"IOTHUB_CLIENT_CONFIRMATION_OK"
5901,10142284407,10142284452,1,"IOTHUB_CLIENT_CONFIRMATION_OK"
5902,10142284607,10142284643,1,"IOTHUB_CLIENT_CONFIRMATION_OK"
5903,10142284807,10142284954,1,"IOTHUB_CLIENT_CONFIRMATION_OK"
5904,10142285007,10142285058,1,"IOTHUB_CLIENT_CONFIRMATION_OK"
5905,10142285208,10142285243,1,"IOTHUB_CLIENT_CONFIRMATION_OK"
5906,10142285408,10142285560,1,"IOTHUB_CLIENT_CONFIRMATION_OK"
5907,10142285608,10142285669,1,"IOTHUB_CLIENT_CONFIRMATION_OK"
5908,10142285808,10142285850,1,"IOTHUB_CLIENT_CONFIRMATION_OK"
5909,10142286008,10142286059,1,"IOTHUB_CLIENT_CONFIRMATION_OK"
5910,10142286208,10142286253,1,"IOTHUB_CLIENT_CONFIRMATION_OK"
5911,10142286409,10142286444,1,"IOTHUB_CLIENT_CONFIRMATION_OK"
5912,10142286609,10142286642,1,"IOTHUB_CLIENT_CONFIRMATION_OK"
5913,10142286809,10142286845,1,"IOTHUB_CLIENT_CONFIRMATION_OK"
5914,10142287009,10142287084,1,"IOTHUB_CLIENT_CONFIRMATION_OK"
5915,10142287209,10142287244,1,"IOTHUB_CLIENT_CONFIRMATION_OK"
5916,10142287409,10142287451,1,"IOTHUB_CLIENT_CONFIRMATION_OK"
5917,10142287610,10142287647,1,"IOTHUB_CLIENT_CONFIRMATION_OK"
5918,10142287810,10142287842,1,"IOTHUB_CLIENT_CONFIRMATION_OK"
5919,10142288010,10142288058,1,"IOTHUB_CLIENT_CONFIRMATION_OK"
5920,10142288210,10142288270,1,"IOTHUB_CLIENT_CONFIRMATION_OK"
5921,10142288410,10142288445,1,"IOTHUB_CLIENT_CONFIRMATION_OK"
5922,10142288610,10142288650,1,"IOTHUB_CLIENT_CONFIRMATION_OK"
5923,10142288811,10142288860,1,"IOTHUB_CLIENT_CONFIRMATION_OK"
5924,10142289011,10142289056,1,"IOTHUB_CLIENT_CONFIRMATION_OK"
5925,10142289211,10142289253,1,"IOTHUB_CLIENT_CONFIRMATION_OK"
5926,10142289411,10142289457,1,"IOTHUB_CLIENT_CONFIRMATION_OK"
5927,10142289611,10142289647,1,"IOTHUB_CLIENT_CONFIRMATION_OK"
5928,10142289811,10142289873,1,"IOTHUB_CLIENT_CONFIRMATION_OK"
5929,10142290011,10142290055,1,"IOTHUB_CLIENT_CONFIRMATION_OK"
5930,10142290212,10142290248,1,"IOTHUB_CLIENT_CONFIRMATION_OK"
5931,10142290412,10142290488,1,"IOTHUB_CLIENT_CONFIRMATION_OK"
5932,10142290612,10142290659,1,"IOTHUB_CLIENT_CONFIRMATION_OK"
5933,10142290812,10142290844,1,"IOTHUB_CLIENT_CONFIRMATION_OK"
5934,10142291012,10142291112,1,"IOTHUB_CLIENT_CONFIRMATION_OK"
5935,10142291212,10142291254,1,"IOTHUB_CLIENT_CONFIRMATION_OK"
5936,10142291413,10142291461,1,"IOTHUB_CLIENT_CONFIRMATION_OK"
5937,10142291613,10142291662,1,"IOTHUB_CLIENT_CONFIRMATION_OK"
5938,10142291813,10142291856,1,"IOTHUB_CLIENT_CONFIRMATION_OK"
5939,10142292013,10142292057,1,"IOTHUB_CLIENT_CONFIRMATION_OK"
5940,10142292213,10142292249,1,"IOTHUB_CLIENT_CONFIRMATION_OK"
5941,10142292413,10142292465,1,"IOTHUB_CLIENT_CONFIRMATION_OK"
5942,10142292614,10142292783,1,"IOTHUB_CLIENT_CONFIRMATION_OK"
5943,10142292814,10142292846,1,"IOTHUB_CLIENT_CONFIRMATION_OK"
5944,10142293014,10142293050,1,"IOTHUB_CLIENT_CONFIRMATION_OK"
5945,10142293214,10142293258,1,"IOTHUB_CLIENT_CONFIRMATION_OK"
5946,10142293414,10142293451,1,"IOTHUB_CLIENT_CONFIRMATION_OK"
5947,10142293614,10142293648,1,"IOTHUB_CLIENT_CONFIRMATION_OK"
5948,10142293814,10142293856,1,"IOTHUB_CLIENT_CONFIRMATION_OK"
5949,10142294015,10142294052,1,"IOTHUB_CLIENT_CONFIRMATION_OK"
5950,10142294215,10142294255,1,"IOTHUB_CLIENT_CONFIRMATION_OK"
5951,10142294415,10142294475,1,"IOTHUB_CLIENT_CONFIRMATION_OK"
5952,10142294615,10142294658,1,"IOTHUB_CLIENT_CONFIRMATION_OK"
5953,10142294815,10142295015,1,"IOTHUB_CLIENT_CONFIRMATION_OK"
5954,10142295015,10142295062,1,"IOTHUB_CLIENT_CONFIRMATION_OK"
5955,10142295216,10142295258,1,"IOTHUB_CLIENT_CONFIRMATION_OK"
5956,10142295416,10142295457,1,"IOTHUB_CLIENT_CONFIRMATION_OK"
5957,10142295616,10142295662,1,"IOTHUB_CLIENT_CONFIRMATION_OK"
5958,10142295816,10142295852,1,"IOTHUB_CLIENT_CONFIRMATION_OK"
5959,10142296016,10142296074,1,"IOTHUB_CLIENT_CONFIRMATION_OK"
5960,10142296216,10142296273,1,"IOTHUB_CLIENT_CONFIRMATION_OK"
5961,10142296417,10142296472,1,"IOTHUB_CLIENT_CONFIRMATION_OK"
5962,10142296617,10142296711,1,"IOTHUB_CLIENT_CONFIRMATION_OK"
5963,10142296817,10142296868,1,"IOTHUB_CLIENT_CONFIRMATION_OK"
5964,10142297017,10142297066,1,"IOTHUB_CLIENT_CONFIRMATION_OK"
5965,10142297217,10142297251,1,"IOTHUB_CLIENT_CONFIRMATION_OK"
5966,10142297417,10142297461,1,"IOTHUB_CLIENT_CONFIRMATION_OK"
5967,10142297618,10142297757,1,"IOTHUB_CLIENT_CONFIRMATION_OK"
5968,10142297818,10142297863,1,"IOTHUB_CLIENT_CONFIRMATION_OK"
5969,10142298018,10142298053,1,"IOTHUB_CLIENT_CONFIRMATION_OK"
5970,10142298218,10142298272,1,"IOTHUB_CLIENT_CONFIRMATION_OK"
5971,10142298418,10142298461,1,"IOTHUB_CLIENT_CONFIRMATION_OK"
5972,10142298618,10142298650,1,"IOTHUB_CLIENT_CONFIRMATION_OK"
5973,10142298818,10142298863,1,"IOTHUB_CLIENT_CONFIRMATION_OK"
5974,10142299019,10142299096,1,"IOTHUB_CLIENT_CONFIRMATION_OK"
5975,10142299219,10142299259,1,"IOTHUB_CLIENT_CONFIRMATION_OK"
5976,10142299419,10142299459,1,"IOTHUB_CLIENT_CONFIRMATION_OK"
5977,10142299619,10142299654,1,"IOTHUB_CLIENT_CONFIRMATION_OK"
5978,10142299819,10142300022,1,"IOTHUB_CLIENT_CONFIRMATION_OK"
5979,10142300019,10142300087,1,"IOTHUB_CLIENT_CONFIRMATION_OK"
5980,10142300220,10142300253,1,"IOTHUB_CLIENT_CONFIRMATION_OK"
5981,10142300420,10142300458,1,"IOTHUB_CLIENT_CONFIRMATION_OK"
5982,10142300620,10142300659,1,"IOTHUB_CLIENT_CONFIRMATION_OK"
5983,10142300820,10142300852,1,"IOTHUB_CLIENT_CONFIRMATION_OK"
5984,10142301020,10142301055,1,"IOTHUB_CLIENT_CONFIRMATION_OK"
5985,10142301220,10142301274,1,"IOTHUB_CLIENT_CONFIRMATION_OK"
5986,10142301421,10142301463,1,"IOTHUB_CLIENT_CONFIRMATION_OK"
5987,10142301621,10142301665,1,"IOTHUB_CLIENT_CONFIRMATION_OK"
5988,10142301821,10142301871,1,"IOTHUB_CLIENT_CONFIRMATION_OK"
5989,10142302021,10142302064,1,"IOTHUB_CLIENT_CONFIRMATION_OK"
5990,10142302221,10142302256,1,"IOTHUB_CLIENT_CONFIRMATION_OK"
5991,10142302421,10142302481,1,"IOTHUB_CLIENT_CONFIRMATION_OK"
5992,10142302621,10142302807,1,"IOTHUB_CLIENT_CONFIRMATION_OK"
5993,10142302822,10142302855,1,"IOTHUB_CLIENT_CONFIRMATION_OK"
5994,10142303022,10142303060,1,"IOTHUB_CLIENT_CONFIRMATION_OK"
5995,10142303222,10142303258,1,"IOTHUB_CLIENT_CONFIRMATION_OK"
5996,10142303422,10142303463,1,"IOTHUB_CLIENT_CONFIRMATION_OK"
5997,10142303622,10142303669,1,"IOTHUB_CLIENT_CONFIRMATION_OK"
5998,10142303822,10142303865,1,"IOTHUB_CLIENT_CONFIRMATION_OK"
5999,10142304022,10142304063,1,"IOTHUB_CLIENT_CONFIRMATION_OK"
6000,10142304223,10142304267,1,"IOTHUB_CLIENT_CONFIRMATION_OK"
6001,10142304423,10142304458,1,"IOTHUB_CLIENT_CONFIRMATION_OK"
6002,10142304623,10142304658,1,"IOTHUB_CLIENT_CONFIRMATION_OK"
6003,10142304823,10142304863,1,"IOTHUB_CLIENT_CONFIRMATION_OK"
6004,10142305023,10142305089,1,"IOTHUB_CLIENT_CONFIRMATION_OK"
6005,10142305223,10142305270,1,"IOTHUB_CLIENT_CONFIRMATION_OK"
6006,10142305424,10142305484,1,"IOTHUB_CLIENT_CONFIRMATION_OK"
6007,10142305624,10142305658,1,"IOTHUB_CLIENT_CONFIRMATION_OK"
6008,10142305824,10142305876,1,"IOTHUB_CLIENT_CONFIRMATION_OK"
6009,10142306024,10142306062,1,"IOTHUB_CLIENT_CONFIRMATION_OK"
6010,10142306224,10142306265,1,"IOTHUB_CLIENT_CONFIRMATION_OK"
6011,10142306424,10142306463,1,"IOTHUB_CLIENT_CONFIRMATION_OK"
6012,10142306624,10142306664,1,"IOTHUB_CLIENT_CONFIRMATION_OK"
6013,10142306825,10142306868,1,"IOTHUB_CLIENT_CONFIRMATION_OK"
6014,10142307025,10142307068,1,"IOTHUB_CLIENT_CONFIRMATION_OK"
6015,10142307225,10142307261,1,"IOTHUB_CLIENT_CONFIRMATION_OK"
6016,10142307425,10142307467,1,"IOTHUB_CLIENT_CONFIRMATION_OK"
6017,10142307625,10142307675,1,"IOTHUB_CLIENT_CONFIRMATION_OK"
6018,10142307825,10142307866,1,"IOTHUB_CLIENT_CONFIRMATION_OK"
6019,10142308026,10142308088,1,"IOTHUB_CLIENT_CONFIRMATION_OK"
6020,10142308226,10142308290,1,"IOTHUB_CLIENT_CONFIRMATION_OK"
6021,10142308426,10142308460,1,"IOTHUB_CLIENT_CONFIRMATION_OK"
6022,10142308626,10142308662,1,"IOTHUB_CLIENT_CONFIRMATION_OK"
6023,10142308826,10142308862,1,"IOTHUB_CLIENT_CONFIRMATION_OK"
6024,10142309026,10142309070,1,"IOTHUB_CLIENT_CONFIRMATION_OK"
6025,10142309227,10142309302,1,"IOTHUB_CLIENT_CONFIRMATION_OK"
6026,10142309427,10142309470,1,"IOTHUB_CLIENT_CONFIRMATION_OK"
6027,10142309627,10142309679,1,"IOTHUB_CLIENT_CONFIRMATION_OK"
6028,10142309827,10142309926,1,"IOTHUB_CLIENT_CONFIRMATION_OK"
6029,10142310027,10142310082,1,"IOTHUB_CLIENT_CONFIRMATION_OK"
6030,10142310227,10142310272,1,"IOTHUB_CLIENT_CONFIRMATION_OK"
6031,10142310427,10142310522,1,"IOTHUB_CLIENT_CONFIRMATION_OK"
6032,10142310628,10142310665,1,"IOTHUB_CLIENT_CONFIRMATION_OK"
6033,10142310828,10142310873,1,"IOTHUB_CLIENT_CONFIRMATION_OK"
6034,10142311028,10142311091,1,"IOTHUB_CLIENT_CONFIRMATION_OK"
6035,10142311228,10142311266,1,"IOTHUB_CLIENT_CONFIRMATION_OK"
6036,10142311428,10142311473,1,"IOTHUB_CLIENT_CONFIRMATION_OK"
6037,10142311628,10142311695,1,"IOTHUB_CLIENT_CONFIRMATION_OK"
6038,10142311829,10142311865,1,"IOTHUB_CLIENT_CONFIRMATION_OK"
6039,10142312029,10142312199,1,"IOTHUB_CLIENT_CONFIRMATION_OK"
6040,10142312229,10142312279,1,"IOTHUB_CLIENT_CONFIRMATION_OK"
6041,10142312429,10142312471,1,"IOTHUB_CLIENT_CONFIRMATION_OK"
6042,10142312629,10142312813,1,"IOTHUB_CLIENT_CONFIRMATION_OK"
6043,10142312829,10142312866,1,"IOTHUB_CLIENT_CONFIRMATION_OK"
6044,10142313029,10142313084,1,"IOTHUB_CLIENT_CONFIRMATION_OK"
6045,10142313230,10142313266,1,"IOTHUB_CLIENT_CONFIRMATION_OK"
6046,10142313430,10142313459,1,"IOTHUB_CLIENT_CONFIRMATION_OK"
6047,10142313630,10142313667,1,"IOTHUB_CLIENT_CONFIRMATION_OK"
6048,10142313830,10142313870,1,"IOTHUB_CLIENT_CONFIRMATION_OK"
6049,10142314030,10142314067,1,"IOTHUB_CLIENT_CONFIRMATION_OK"
6050,10142314230,10142314276,1,"IOTHUB_CLIENT_CONFIRMATION_OK"
6051,10142314431,10142314479,1,"IOTHUB_CLIENT_CONFIRMATION_OK"
6052,10142314631,10142314667,1,"IOTHUB_CLIENT_CONFIRMATION_OK"
6053,10142314831,10142314867,1,"IOTHUB_CLIENT_CONFIRMATION_OK"
6054,10142315031,10142315091,1,"IOTHUB_CLIENT_CONFIRMATION_OK"
6055,10142315231,10142315268,1,"IOTHUB_CLIENT_CONFIRMATION_OK"
6056,10142315431,10142315506,1,"IOTHUB_CLIENT_CONFIRMATION_OK"
6057,10142315631,10142315672,1,"IOTHUB_CLIENT_CONFIRMATION_OK"
6058,10142315832,10142315871,1,"IOTHUB_CLIENT_CONFIRMATION_OK"
6059,10142316032,10142316095,1,"IOTHUB_CLIENT_CONFIRMATION_OK"
6060,10142316232,10142316272,1,"IOTHUB_CLIENT_CONFIRMATION_OK"
6061,10142316432,10142316490,1,"IOTHUB_CLIENT_CONFIRMATION_OK"
6062,10142316632,10142316684,1,"IOTHUB_CLIENT_CONFIRMATION_OK"
6063,10142316832,10142316877,1,"IOTHUB_CLIENT_CONFIRMATION_OK"
6064,10142317033,10142317099,1,"IOTHUB_CLIENT_CONFIRMATION_OK"
6065,10142317233,10142317273,1,"IOTHUB_CLIENT_CONFIRMATION_OK"
6066,10142317433,10142317474,1,"IOTHUB_CLIENT_CONFIRMATION_OK"
6067,10142317633,10142317731,1,"IOTHUB_CLIENT_CONFIRMATION_OK"
6068,10142317833,10142317870,1,"IOTHUB_CLIENT_CONFIRMATION_OK"
6069,10142318033,10142318085,1,"IOTHUB_CLIENT_CONFIRMATION_OK"
6070,10142318233,10142318332,1,"IOTHUB_CLIENT_CONFIRMATION_OK"
6071,10142318434,10142318597,1,"IOTHUB_CLIENT_CONFIRMATION_OK"
6072,10142318634,10142318672,1,"IOTHUB_CLIENT_CONFIRMATION_OK"
6073,10142318834,10142318870,1,"IOTHUB_CLIENT_CONFIRMATION_OK"
6074,10142319034,10142319087,1,"IOTHUB_CLIENT_CONFIRMATION_OK"
6075,10142319234,10142319344,1,"IOTHUB_CLIENT_CONFIRMATION_OK"
6076,10142319434,10142319469,1,"IOTHUB_CLIENT_CONFIRMATION_OK"
6077,10142319634,10142319674,1,"IOTHUB_CLIENT_CONFIRMATION_OK"
6078,10142319835,10142319958,1,"IOTHUB_CLIENT_CONFIRMATION_OK"
6079,10142320035,10142320075,1,"IOTHUB_CLIENT_CONFIRMATION_OK"
6080,10142320235,10142320275,1,"IOTHUB_CLIENT_CONFIRMATION_OK"
6081,10142320435,10142320481,1,"IOTHUB_CLIENT_CONFIRMATION_OK"
6082,10142320635,10142320672,1,"IOTHUB_CLIENT_CONFIRMATION_OK"
6083,10142320835,10142320878,1,"IOTHUB_CLIENT_CONFIRMATION_OK"
6084,10142321036,10142321075,1,"IOTHUB_CLIENT_CONFIRMATION_OK"
6085,10142321236,10142321275,1,"IOTHUB_CLIENT_CONFIRMATION_OK"
6086,10142321436,10142321608,1,"IOTHUB_CLIENT_CONFIRMATION_OK"
6087,10142321636,10142321678,1,"IOTHUB_CLIENT_CONFIRMATION_OK"
6088,10142321836,10142321872,1,"IOTHUB_CLIENT_CONFIRMATION_OK"
6089,10142322036,10142322220,1,"IOTHUB_CLIENT_CONFIRMATION_OK"
6090,10142322236,10142322276,1,"IOTHUB_CLIENT_CONFIRMATION_OK"
6091,10142322437,10142322479,1,"IOTHUB_CLIENT_CONFIRMATION_OK"
6092,10142322637,10142322743,1,"IOTHUB_CLIENT_CONFIRMATION_OK"
6093,10142322837,10142322878,1,"IOTHUB_CLIENT_CONFIRMATION_OK"
6094,10142323037,10142323099,1,"IOTHUB_CLIENT_CONFIRMATION_OK"
6095,10142323237,10142323311,1,"IOTHUB_CLIENT_CONFIRMATION_OK"
6096,10142323437,10142323471,1,"IOTHUB_CLIENT_CONFIRMATION_OK"
6097,10142323638,10142323678,1,"IOTHUB_CLIENT_CONFIRMATION_OK"
6098,10142323838,10142323874,1,"IOTHUB_CLIENT_CONFIRMATION_OK"
6099,10142324038,10142324081,1,"IOTHUB_CLIENT_CONFIRMATION_OK"
6100,10142324238,10142324328,1,"IOTHUB_CLIENT_CONFIRMATION_OK"
6101,10142324438,10142324481,1,"IOTHUB_CLIENT_CONFIRMATION_OK"
6102,10142324638,10142324675,1,"IOTHUB_CLIENT_CONFIRMATION_OK"
6103,10142324838,10142324928,1,"IOTHUB_CLIENT_CONFIRMATION_OK"
6104,10142325039,10142325155,1,"IOTHUB_CLIENT_CONFIRMATION_OK"
6105,10142325239,10142325282,1,"IOTHUB_CLIENT_CONFIRMATION_OK"
6106,10142325439,10142325484,1,"IOTHUB_CLIENT_CONFIRMATION_OK"
6107,10142325639,10142325682,1,"IOTHUB_CLIENT_CONFIRMATION_OK"
6108,10142325839,10142325889,1,"IOTHUB_CLIENT_CONFIRMATION_OK"
6109,10142326039,10142326087,1,"IOTHUB_CLIENT_CONFIRMATION_OK"
6110,10142326240,10142326283,1,"IOTHUB_CLIENT_CONFIRMATION_OK"
6111,10142326440,10142326599,1,"IOTHUB_CLIENT_CONFIRMATION_OK"
6112,10142326640,10142326680,1,"IOTHUB_CLIENT_CONFIRMATION_OK"
6113,10142326840,10142326894,1,"IOTHUB_CLIENT_CONFIRMATION_OK"
6114,10142327040,10142327210,1,"IOTHUB_CLIENT_CONFIRMATION_OK"
6115,10142327240,10142327276,1,"IOTHUB_CLIENT_CONFIRMATION_OK"
6116,10142327440,10142327477,1,"IOTHUB_CLIENT_CONFIRMATION_OK"
6117,10142327641,10142327700,1,"IOTHUB_CLIENT_CONFIRMATION_OK"
6118,10142327841,10142327884,1,"IOTHUB_CLIENT_CONFIRMATION_OK"
6119,10142328041,10142328076,1,"IOTHUB_CLIENT_CONFIRMATION_OK"
6120,10142328241,10142328280,1,"IOTHUB_CLIENT_CONFIRMATION_OK"
6121,10142328441,10142328477,1,"IOTHUB_CLIENT_CONFIRMATION_OK"
6122,10142328641,10142328683,1,"IOTHUB_CLIENT_CONFIRMATION_OK"
6123,10142328842,10142328885,1,"IOTHUB_CLIENT_CONFIRMATION_OK"
6124,10142329042,10142329077,1,"IOTHUB_CLIENT_CONFIRMATION_OK"
6125,10142329242,10142329283,1,"IOTHUB_CLIENT_CONFIRMATION_OK"
6126,10142329442,10142329494,1,"IOTHUB_CLIENT_CONFIRMATION_OK"
6127,10142329642,10142329681,1,"IOTHUB_CLIENT_CONFIRMATION_OK"
6128,10142329842,10142329880,1,"IOTHUB_CLIENT_CONFIRMATION_OK"
6129,10142330042,10142330093,1,"IOTHUB_CLIENT_CONFIRMATION_OK"
6130,10142330243,10142330278,1,"IOTHUB_CLIENT_CONFIRMATION_OK"
6131,10142330443,10142330491,1,"IOTHUB_CLIENT_CONFIRMATION_OK"
6132,10142330643,10142330684,1,"IOTHUB_CLIENT_CONFIRMATION_OK"
6133,10142330843,10142330877,1,"IOTHUB_CLIENT_CONFIRMATION_OK"
6134,10142331043,10142331115,1,"IOTHUB_CLIENT_CONFIRMATION_OK"
6135,10142331243,10142331277,1,"IOTHUB_CLIENT_CONFIRMATION_OK"
6136,10142331444,10142331481,1,"IOTHUB_CLIENT_CONFIRMATION_OK"
6137,10142331644,10142331682,1,"IOTHUB_CLIENT_CONFIRMATION_OK"
6138,10142331844,10142331876,1,"IOTHUB_CLIENT_CONFIRMATION_OK"
6139,10142332044,10142332142,1,"IOTHUB_CLIENT_CONFIRMATION_OK"
6140,10142332244,10142332297,1,"IOTHUB_CLIENT_CONFIRMATION_OK"
6141,10142332444,10142332479,1,"IOTHUB_CLIENT_CONFIRMATION_OK"
6142,10142332644,10142332710,1,"IOTHUB_CLIENT_CONFIRMATION_OK"
6143,10142332845,10142332909,1,"IOTHUB_CLIENT_CONFIRMATION_OK"
6144,10142333045,10142333090,1,"IOTHUB_CLIENT_CONFIRMATION_OK"
6145,10142333245,10142333326,1,"IOTHUB_CLIENT_CONFIRMATION_OK"
6146,10142333445,10142333481,1,"IOTHUB_CLIENT_CONFIRMATION_OK"
6147,10142333645,10142334051,1,"IOTHUB_CLIENT_CONFIRMATION_OK"
6148,10142333845,10142334415,1,"IOTHUB_CLIENT_CONFIRMATION_OK"
6149,10142334046,10142334466,1,"IOTHUB_CLIENT_CONFIRMATION_OK"
6150,10142334246,10142334529,1,"IOTHUB_CLIENT_CONFIRMATION_OK"
6151,10142334446,10142334599,1,"IOTHUB_CLIENT_CONFIRMATION_OK"
6152,10142334646,10142334682,1,"IOTHUB_CLIENT_CONFIRMATION_OK"
6153,10142334846,10142334932,1,"IOTHUB_CLIENT_CONFIRMATION_OK"
6154,10142335046,10142335095,1,"IOTHUB_CLIENT_CONFIRMATION_OK"
6155,10142335247,10142335286,1,"IOTHUB_CLIENT_CONFIRMATION_OK"
6156,10142335447,10142335481,1,"IOTHUB_CLIENT_CONFIRMATION_OK"
6157,10142335647,10142335682,1,"IOTHUB_CLIENT_CONFIRMATION_OK"
6158,10142335847,10142335885,1,"IOTHUB_CLIENT_CONFIRMATION_OK"
6159,10142336047,10142336092,1,"IOTHUB_CLIENT_CONFIRMATION_OK"
6160,10142336247,10142336288,1,"IOTHUB_CLIENT_CONFIRMATION_OK"
6161,10142336447,10142336652,1,"IOTHUB_CLIENT_CONFIRMATION_OK"
6162,10142336648,10142336684,1,"IOTHUB_CLIENT_CONFIRMATION_OK"
6163,10142336848,10142336882,1,"IOTHUB_CLIENT_CONFIRMATION_OK"
6164,10142337048,10142337084,1,"IOTHUB_CLIENT_CONFIRMATION_OK"
6165,10142337248,10142337310,1,"IOTHUB_CLIENT_CONFIRMATION_OK"
6166,10142337448,10142337506,1,"IOTHUB_CLIENT_CONFIRMATION_OK"
6167,10142337648,10142337688,1,"IOTHUB_CLIENT_CONFIRMATION_OK"
6168,10142337848,10142337886,1,"IOTHUB_CLIENT_CONFIRMATION_OK"
6169,10142338049,10142338086,1,"IOTHUB_CLIENT_CONFIRMATION_OK"
6170,10142338249,10142338282,1,"IOTHUB_CLIENT_CONFIRMATION_OK"
6171,10142338449,10142338492,1,"IOTHUB_CLIENT_CONFIRMATION_OK"
6172,10142338649,10142338692,1,"IOTHUB_CLIENT_CONFIRMATION_OK"
6173,10142338849,10142338897,1,"IOTHUB_CLIENT_CONFIRMATION_OK"
6174,10142339049,10142339084,1,"IOTHUB_CLIENT_CONFIRMATION_OK"
6175,10142339250,10142339372,1,"IOTHUB_CLIENT_CONFIRMATION_OK"
6176,10142339450,10142339500,1,"IOTHUB_CLIENT_CONFIRMATION_OK"
6177,10142339650,10142339683,1,"IOTHUB_CLIENT_CONFIRMATION_OK"
6178,10142339850,10142339982,1,"IOTHUB_CLIENT_CONFIRMATION_OK"
6179,10142340050,10142340092,1,"IOTHUB_CLIENT_CONFIRMATION_OK"
6180,10142340250,10142340301,1,"IOTHUB_CLIENT_CONFIRMATION_OK"
6181,10142340451,10142340502,1,"IOTHUB_CLIENT_CONFIRMATION_OK"
6182,10142340651,10142340690,1,"IOTHUB_CLIENT_CONFIRMATION_OK"
6183,10142340851,10142340885,1,"IOTHUB_CLIENT_CONFIRMATION_OK"
6184,10142341051,10142341088,1,"IOTHUB_CLIENT_CONFIRMATION_OK"
6185,10142341251,10142341283,1,"IOTHUB_CLIENT_CONFIRMATION_OK"
6186,10142341451,10142341600,1,"IOTHUB_CLIENT_CONFIRMATION_OK"
6187,10142341651,10142341706,1,"IOTHUB_CLIENT_CONFIRMATION_OK"
6188,10142341852,10142341941,1,"IOTHUB_CLIENT_CONFIRMATION_OK"
6189,10142342052,10142342220,1,"IOTHUB_CLIENT_CONFIRMATION_OK"
6190,10142342252,10142342290,1,"IOTHUB_CLIENT_CONFIRMATION_OK"
6191,10142342452,10142342493,1,"IOTHUB_CLIENT_CONFIRMATION_OK"
6192,10142342652,10142342688,1,"IOTHUB_CLIENT_CONFIRMATION_OK"
6193,10142342852,10142342884,1,"IOTHUB_CLIENT_CONFIRMATION_OK"
6194,10142343053,10142343094,1,"IOTHUB_CLIENT_CONFIRMATION_OK"
6195,10142343253,10142343301,1,"IOTHUB_CLIENT_CONFIRMATION_OK"
6196,10142343453,10142343493,1,"IOTHUB_CLIENT_CONFIRMATION_OK"
6197,10142343653,10142343690,1,"IOTHUB_CLIENT_CONFIRMATION_OK"
6198,10142343853,10142343936,1,"IOTHUB_CLIENT_CONFIRMATION_OK"
6199,10142344053,10142344094,1,"IOTHUB_CLIENT_CONFIRMATION_OK"
6200,10142344254,10142344296,1,"IOTHUB_CLIENT_CONFIRMATION_OK"
6201,10142344454,10142344487,1,"IOTHUB_CLIENT_CONFIRMATION_OK"
6202,10142344654,10142344688,1,"IOTHUB_CLIENT_CONFIRMATION_OK"
6203,10142344854,10142344940,1,"IOTHUB_CLIENT_CONFIRMATION_OK"
6204,10142345054,10142345095,1,"IOTHUB_CLIENT_CONFIRMATION_OK"
6205,10142345254,10142345304,1,"IOTHUB_CLIENT_CONFIRMATION_OK"
6206,10142345454,10142345522,1,"IOTHUB_CLIENT_CONFIRMATION_OK"
6207,10142345655,10142345692,1,"IOTHUB_CLIENT_CONFIRMATION_OK"
6208,10142345855,10142345904,1,"IOTHUB_CLIENT_CONFIRMATION_OK"
6209,10142346055,10142346091,1,"IOTHUB_CLIENT_CONFIRMATION_OK"
6210,10142346255,10142346301,1,"IOTHUB_CLIENT_CONFIRMATION_OK"
6211,10142346455,10142346525,1,"IOTHUB_CLIENT_CONFIRMATION_OK"
6212,10142346655,10142346695,1,"IOTHUB_CLIENT_CONFIRMATION_OK"
6213,10142346855,10142346896,1,"IOTHUB_CLIENT_CONFIRMATION_OK"
6214,10142347056,10142347164,1,"IOTHUB_CLIENT_CONFIRMATION_OK"
6215,10142347256,10142347290,1,"IOTHUB_CLIENT_CONFIRMATION_OK"
6216,10142347456,10142347493,1,"IOTHUB_CLIENT_CONFIRMATION_OK"
6217,10142347656,10142347796,1,"IOTHUB_CLIENT_CONFIRMATION_OK"
6218,10142347856,10142347889,1,"IOTHUB_CLIENT_CONFIRMATION_OK"
6219,10142348056,10142348089,1,"IOTHUB_CLIENT_CONFIRMATION_OK"
6220,10142348257,10142348294,1,"IOTHUB_CLIENT_CONFIRMATION_OK"
6221,10142348457,10142348516,1,"IOTHUB_CLIENT_CONFIRMATION_OK"
6222,10142348657,10142348696,1,"IOTHUB_CLIENT_CONFIRMATION_OK"
6223,10142348857,10142348903,1,"IOTHUB_CLIENT_CONFIRMATION_OK"
6224,10142349057,10142349113,1,"IOTHUB_CLIENT_CONFIRMATION_OK"
6225,10142349257,10142349433,1,"IOTHUB_CLIENT_CONFIRMATION_OK"
6226,10142349458,10142349498,1,"IOTHUB_CLIENT_CONFIRMATION_OK"
6227,10142349658,10142349693,1,"IOTHUB_CLIENT_CONFIRMATION_OK"
6228,10142349858,10142349952,1,"IOTHUB_CLIENT_CONFIRMATION_OK"
6229,10142350058,10142350126,1,"IOTHUB_CLIENT_CONFIRMATION_OK"
6230,10142350258,10142350298,1,"IOTHUB_CLIENT_CONFIRMATION_OK"
6231,10142350458,10142350503,1,"IOTHUB_CLIENT_CONFIRMATION_OK"
6232,10142350659,10142350699,1,"IOTHUB_CLIENT_CONFIRMATION_OK"
6233,10142350859,10142350899,1,"IOTHUB_CLIENT_CONFIRMATION_OK"
6234,10142351059,10142351106,1,"IOTHUB_CLIENT_CONFIRMATION_OK"
6235,10142351259,10142351308,1,"IOTHUB_CLIENT_CONFIRMATION_OK"
6236,10142351459,10142351506,1,"IOTHUB_CLIENT_CONFIRMATION_OK"
6237,10142351659,10142351702,1,"IOTHUB_CLIENT_CONFIRMATION_OK"
6238,10142351859,10142351929,1,"IOTHUB_CLIENT_CONFIRMATION_OK"
6239,10142352060,10142352119,1,"IOTHUB_CLIENT_CONFIRMATION_OK"
6240,10142352260,10142352300,1,"IOTHUB_CLIENT_CONFIRMATION_OK"
6241,10142352460,10142352494,1,"IOTHUB_CLIENT_CONFIRMATION_OK"
6242,10142352660,10142352740,1,"IOTHUB_CLIENT_CONFIRMATION_OK"
6243,10142352860,10142352900,1,"IOTHUB_CLIENT_CONFIRMATION_OK"
6244,10142353060,10142353093,1,"IOTHUB_CLIENT_CONFIRMATION_OK"
6245,10142353260,10142353303,1,"IOTHUB_CLIENT_CONFIRMATION_OK"
6246,10142353461,10142353502,1,"IOTHUB_CLIENT_CONFIRMATION_OK"
6247,10142353661,10142353751,1,"IOTHUB_CLIENT_CONFIRMATION_OK"
6248,10142353861,10142353896,1,"IOTHUB_CLIENT_CONFIRMATION_OK"
6249,10142354061,10142354102,1,"IOTHUB_CLIENT_CONFIRMATION_OK"
6250,10142354261,10142354369,1,"IOTHUB_CLIENT_CONFIRMATION_OK"
6251,10142354461,10142354500,1,"IOTHUB_CLIENT_CONFIRMATION_OK"
6252,10142354662,10142354709,1,"IOTHUB_CLIENT_CONFIRMATION_OK"
6253,10142354862,10142355020,1,"IOTHUB_CLIENT_CONFIRMATION_OK"
6254,10142355062,10142355096,1,"IOTHUB_CLIENT_CONFIRMATION_OK"
6255,10142355262,10142355307,1,"IOTHUB_CLIENT_CONFIRMATION_OK"
6256,10142355462,10142355502,1,"IOTHUB_CLIENT_CONFIRMATION_OK"
6257,10142355662,10142355695,1,"IOTHUB_CLIENT_CONFIRMATION_OK"
6258,10142355863,10142355903,1,"IOTHUB_CLIENT_CONFIRMATION_OK"
6259,10142356063,10142356107,1,"IOTHUB_CLIENT_CONFIRMATION_OK"
6260,10142356263,10142356305,1,"IOTHUB_CLIENT_CONFIRMATION_OK"
6261,10142356463,10142356606,1,"IOTHUB_CLIENT_CONFIRMATION_OK"
6262,10142356663,10142356729,1,"IOTHUB_CLIENT_CONFIRMATION_OK"
6263,10142356863,10142356904,1,"IOTHUB_CLIENT_CONFIRMATION_OK"
6264,10142357063,10142357215,1,"IOTHUB_CLIENT_CONFIRMATION_OK"
6265,10142357264,10142357307,1,"IOTHUB_CLIENT_CONFIRMATION_OK"
6266,10142357464,10142357506,1,"IOTHUB_CLIENT_CONFIRMATION_OK"
6267,10142357664,10142357704,1,"IOTHUB_CLIENT_CONFIRMATION_OK"
6268,10142357864,10142357906,1,"IOTHUB_CLIENT_CONFIRMATION_OK"
6269,10142358064,10142358124,1,"IOTHUB_CLIENT_CONFIRMATION_OK"
6270,10142358264,10142358310,1,"IOTHUB_CLIENT_CONFIRMATION_OK"
6271,10142358465,10142358516,1,"IOTHUB_CLIENT_CONFIRMATION_OK"
6272,10142358665,10142358831,1,"IOTHUB_CLIENT_CONFIRMATION_OK"
6273,10142358865,10142358907,1,"IOTHUB_CLIENT_CONFIRMATION_OK"
6274,10142359065,10142359101,1,"IOTHUB_CLIENT_CONFIRMATION_OK"
6275,10142359265,10142359308,1,"IOTHUB_CLIENT_CONFIRMATION_OK"
6276,10142359465,10142359514,1,"IOTHUB_CLIENT_CONFIRMATION_OK"
6277,10142359666,10142359753,1,"IOTHUB_CLIENT_CONFIRMATION_OK"
6278,10142359866,10142359904,1,"IOTHUB_CLIENT_CONFIRMATION_OK"
6279,10142360066,10142360106,1,"IOTHUB_CLIENT_CONFIRMATION_OK"
6280,10142360266,10142360301,1,"IOTHUB_CLIENT_CONFIRMATION_OK"
6281,10142360466,10142360516,1,"IOTHUB_CLIENT_CONFIRMATION_OK"
6282,10142360666,10142360710,1,"IOTHUB_CLIENT_CONFIRMATION_OK"
6283,10142360866,10142361065,1,"IOTHUB_CLIENT_CONFIRMATION_OK"
6284,10142361067,10142361102,1,"IOTHUB_CLIENT_CONFIRMATION_OK"
6285,10142361267,10142361303,1,"IOTHUB_CLIENT_CONFIRMATION_OK"
6286,10142361467,10142361503,1,"IOTHUB_CLIENT_CONFIRMATION_OK"
6287,10142361667,10142361712,1,"IOTHUB_CLIENT_CONFIRMATION_OK"
6288,10142361867,10142361964,1,"IOTHUB_CLIENT_CONFIRMATION_OK"
6289,10142362067,10142362138,1,"IOTHUB_CLIENT_CONFIRMATION_OK"
6290,10142362268,10142362306,1,"IOTHUB_CLIENT_CONFIRMATION_OK"
6291,10142362468,10142362511,1,"IOTHUB_CLIENT_CONFIRMATION_OK"
6292,10142362668,10142362755,1,"IOTHUB_CLIENT_CONFIRMATION_OK"
6293,10142362868,10142362908,1,"IOTHUB_CLIENT_CONFIRMATION_OK"
6294,10142363068,10142363110,1,"IOTHUB_CLIENT_CONFIRMATION_OK"
6295,10142363268,10142363305,1,"IOTHUB_CLIENT_CONFIRMATION_OK"
6296,10142363468,10142363501,1,"IOTHUB_CLIENT_CONFIRMATION_OK"
6297,10142363669,10142363761,1,"IOTHUB_CLIENT_CONFIRMATION_OK"
6298,10142363869,10142363913,1,"IOTHUB_CLIENT_CONFIRMATION_OK"
6299,10142364069,10142364111,1,"IOTHUB_CLIENT_CONFIRMATION_OK"
6300,10142364269,10142364376,1,"IOTHUB_CLIENT_CONFIRMATION_OK"
6301,10142364469,10142364507,1,"IOTHUB_CLIENT_CONFIRMATION_OK"
6302,10142364669,10142364709,1,"IOTHUB_CLIENT_CONFIRMATION_OK"
6303,10142364870,10142364903,1,"IOTHUB_CLIENT_CONFIRMATION_OK"
6304,10142365070,10142365110,1,"IOTHUB_CLIENT_CONFIRMATION_OK"
6305,10142365270,10142365307,1,"IOTHUB_CLIENT_CONFIRMATION_OK"
6306,10142365470,10142365503,1,"IOTHUB_CLIENT_CONFIRMATION_OK"
6307,10142365670,10142365709,1,"IOTHUB_CLIENT_CONFIRMATION_OK"
6308,10142365870,10142366016,1,"IOTHUB_CLIENT_CONFIRMATION_OK"
6309,10142366071,10142366109,1,"IOTHUB_CLIENT_CONFIRMATION_OK"
6310,10142366271,10142366308,1,"IOTHUB_CLIENT_CONFIRMATION_OK"
6311,10142366471,10142366642,1,"IOTHUB_CLIENT_CONFIRMATION_OK"
6312,10142366671,10142366718,1,"IOTHUB_CLIENT_CONFIRMATION_OK"
6313,10142366871,10142366999,1,"IOTHUB_CLIENT_CONFIRMATION_OK"
6314,10142367071,10142367152,1,"IOTHUB_CLIENT_CONFIRMATION_OK"
6315,10142367271,10142367319,1,"IOTHUB_CLIENT_CONFIRMATION_OK"
6316,10142367472,10142367513,1,"IOTHUB_CLIENT_CONFIRMATION_OK"
6317,10142367672,10142367715,1,"IOTHUB_CLIENT_CONFIRMATION_OK"
6318,10142367872,10142367916,1,"IOTHUB_CLIENT_CONFIRMATION_OK"
6319,10142368072,10142368107,1,"IOTHUB_CLIENT_CONFIRMATION_OK"
6320,10142368272,10142368307,1,"IOTHUB_CLIENT_CONFIRMATION_OK"
6321,10142368472,10142368508,1,"IOTHUB_CLIENT_CONFIRMATION_OK"
6322,10142368673,10142368858,1,"IOTHUB_CLIENT_CONFIRMATION_OK"
6323,10142368873,10142368905,1,"IOTHUB_CLIENT_CONFIRMATION_OK"
6324,10142369073,10142369117,1,"IOTHUB_CLIENT_CONFIRMATION_OK"
6325,10142369273,10142369336,1,"IOTHUB_CLIENT_CONFIRMATION_OK"
6326,10142369473,10142369518,1,"IOTHUB_CLIENT_CONFIRMATION_OK"
6327,10142369673,10142369707,1,"IOTHUB_CLIENT_CONFIRMATION_OK"
6328,10142369874,10142369913,1,"IOTHUB_CLIENT_CONFIRMATION_OK"
6329,10142370074,10142370120,1,"IOTHUB_CLIENT_CONFIRMATION_OK"
6330,10142370274,10142370314,1,"IOTHUB_CLIENT_CONFIRMATION_OK"
6331,10142370474,10142370517,1,"IOTHUB_CLIENT_CONFIRMATION_OK"
6332,10142370674,10142370716,1,"IOTHUB_CLIENT_CONFIRMATION_OK"
6333,10142370874,10142370914,1,"IOTHUB_CLIENT_CONFIRMATION_OK"
6334,10142371075,10142371123,1,"IOTHUB_CLIENT_CONFIRMATION_OK"
6335,10142371275,10142371317,1,"IOTHUB_CLIENT_CONFIRMATION_OK"
6336,10142371475,10142371514,1,"IOTHUB_CLIENT_CONFIRMATION_OK"
6337,10142371675,10142371719,1,"IOTHUB_CLIENT_CONFIRMATION_OK"
6338,10142371875,10142371914,1,"IOTHUB_CLIENT_CONFIRMATION_OK"
6339,10142372075,10142372195,1,"IOTHUB_CLIENT_CONFIRMATION_OK"
6340,10142372276,10142372311,1,"IOTHUB_CLIENT_CONFIRMATION_OK"
6341,10142372476,10142372515,1,"IOTHUB_CLIENT_CONFIRMATION_OK"
6342,10142372676,10142372777,1,"IOTHUB_CLIENT_CONFIRMATION_OK"
6343,10142372876,10142372912,1,"IOTHUB_CLIENT_CONFIRMATION_OK"
6344,10142373076,10142373126,1,"IOTHUB_CLIENT_CONFIRMATION_OK"
6345,10142373276,10142373311,1,"IOTHUB_CLIENT_CONFIRMATION_OK"
6346,10142373476,10142373511,1,"IOTHUB_CLIENT_CONFIRMATION_OK"
6347,10142373677,10142373730,1,"IOTHUB_CLIENT_CONFIRMATION_OK"
6348,10142373877,10142373957,1,"IOTHUB_CLIENT_CONFIRMATION_OK"
6349,10142374077,10142374111,1,"IOTHUB_CLIENT_CONFIRMATION_OK"
6350,10142374277,10142374359,1,"IOTHUB_CLIENT_CONFIRMATION_OK"
6351,10142374477,10142374547,1,"IOTHUB_CLIENT_CONFIRMATION_OK"
6352,10142374677,10142374736,1,"IOTHUB_CLIENT_CONFIRMATION_OK"
6353,10142374878,10142374957,1,"IOTHUB_CLIENT_CONFIRMATION_OK"
6354,10142375078,10142375120,1,"IOTHUB_CLIENT_CONFIRMATION_OK"
6355,10142375278,10142375313,1,"IOTHUB_CLIENT_CONFIRMATION_OK"
6356,10142375478,10142375513,1,"IOTHUB_CLIENT_CONFIRMATION_OK"
6357,10142375678,10142375770,1,"IOTHUB_CLIENT_CONFIRMATION_OK"
6358,10142375878,10142375962,1,"IOTHUB_CLIENT_CONFIRMATION_OK"
6359,10142376079,10142376121,1,"IOTHUB_CLIENT_CONFIRMATION_OK"
6360,10142376279,10142376316,1,"IOTHUB_CLIENT_CONFIRMATION_OK"
6361,10142376479,10142376585,1,"IOTHUB_CLIENT_CONFIRMATION_OK"
6362,10142376679,10142376713,1,"IOTHUB_CLIENT_CONFIRMATION_OK"
6363,10142376879,10142376933,1,"IOTHUB_CLIENT_CONFIRMATION_OK"
6364,10142377079,10142377114,1,"IOTHUB_CLIENT_CONFIRMATION_OK"
6365,10142377280,10142377315,1,"IOTHUB_CLIENT_CONFIRMATION_OK"
6366,10142377480,10142377519,1,"IOTHUB_CLIENT_CONFIRMATION_OK"
6367,10142377680,10142377714,1,"IOTHUB_CLIENT_CONFIRMATION_OK"
6368,10142377880,10142377940,1,"IOTHUB_CLIENT_CONFIRMATION_OK"
6369,10142378080,10142378203,1,"IOTHUB_CLIENT_CONFIRMATION_OK"
6370,10142378280,10142378322,1,"IOTHUB_CLIENT_CONFIRMATION_OK"
6371,10142378480,10142378514,1,"IOTHUB_CLIENT_CONFIRMATION_OK"
6372,10142378681,10142378818,1,"IOTHUB_CLIENT_CONFIRMATION_OK"
6373,10142378881,10142378921,1,"IOTHUB_CLIENT_CONFIRMATION_OK"
6374,10142379081,10142379115,1,"IOTHUB_CLIENT_CONFIRMATION_OK"
6375,10142379281,10142379339,1,"IOTHUB_CLIENT_CONFIRMATION_OK"
6376,10142379481,10142379519,1,"IOTHUB_CLIENT_CONFIRMATION_OK"
6377,10142379681,10142379734,1,"IOTHUB_CLIENT_CONFIRMATION_OK"
6378,10142379882,10142379928,1,"IOTHUB_CLIENT_CONFIRMATION_OK"
6379,10142380082,10142380118,1,"IOTHUB_CLIENT_CONFIRMATION_OK"
6380,10142380282,10142380440,1,"IOTHUB_CLIENT_CONFIRMATION_OK"
6381,10142380482,10142380525,1,"IOTHUB_CLIENT_CONFIRMATION_OK"
6382,10142380682,10142380723,1,"IOTHUB_CLIENT_CONFIRMATION_OK"
6383,10142380882,10142381054,1,"IOTHUB_CLIENT_CONFIRMATION_OK"
6384,10142381083,10142381119,1,"IOTHUB_CLIENT_CONFIRMATION_OK"
6385,10142381283,10142381331,1,"IOTHUB_CLIENT_CONFIRMATION_OK"
6386,10142381483,10142381519,1,"IOTHUB_CLIENT_CONFIRMATION_OK"
6387,10142381683,10142381724,1,"IOTHUB_CLIENT_CONFIRMATION_OK"
6388,10142381883,10142381918,1,"IOTHUB_CLIENT_CONFIRMATION_OK"
6389,10142382083,10142382127,1,"IOTHUB_CLIENT_CONFIRMATION_OK"
6390,10142382283,10142382316,1,"IOTHUB_CLIENT_CONFIRMATION_OK"
6391,10142382484,10142382528,1,"IOTHUB_CLIENT_CONFIRMATION_OK"
6392,10142382684,10142382722,1,"IOTHUB_CLIENT_CONFIRMATION_OK"
6393,10142382884,10142382941,1,"IOTHUB_CLIENT_CONFIRMATION_OK"
6394,10142383084,10142383310,1,"IOTHUB_CLIENT_CONFIRMATION_OK"
6395,10142383284,10142383332,1,"IOTHUB_CLIENT_CONFIRMATION_OK"
6396,10142383484,10142383518,1,"IOTHUB_CLIENT_CONFIRMATION_OK"
6397,10142383685,10142383744,1,"IOTHUB_CLIENT_CONFIRMATION_OK"
6398,10142383885,10142383921,1,"IOTHUB_CLIENT_CONFIRMATION_OK"
6399,10142384085,10142384125,1,"IOTHUB_CLIENT_CONFIRMATION_OK"
6400,10142384285,10142384322,1,"IOTHUB_CLIENT_CONFIRMATION_OK"
6401,10142384485,10142384532,1,"IOTHUB_CLIENT_CONFIRMATION_OK"
6402,10142384685,10142384723,1,"IOTHUB_CLIENT_CONFIRMATION_OK"
6403,10142384885,10142384946,1,"IOTHUB_CLIENT_CONFIRMATION_OK"
6404,10142385086,10142385119,1,"IOTHUB_CLIENT_CONFIRMATION_OK"
6405,10142385286,10142385520,1,"IOTHUB_CLIENT_CONFIRMATION_OK"
6406,10142385486,10142385554,1,"IOTHUB_CLIENT_CONFIRMATION_OK"
6407,10142385686,10142385798,1,"IOTHUB_CLIENT_CONFIRMATION_OK"
6408,10142385886,10142386012,1,"IOTHUB_CLIENT_CONFIRMATION_OK"
6409,10142386086,10142386153,1,"IOTHUB_CLIENT_CONFIRMATION_OK"
6410,10142386287,10142386325,1,"IOTHUB_CLIENT_CONFIRMATION_OK"
6411,10142386487,10142386619,1,"IOTHUB_CLIENT_CONFIRMATION_OK"
6412,10142386687,10142386729,1,"IOTHUB_CLIENT_CONFIRMATION_OK"
6413,10142386887,10142386932,1,"IOTHUB_CLIENT_CONFIRMATION_OK"
6414,10142387087,10142387129,1,"IOTHUB_CLIENT_CONFIRMATION_OK"
6415,10142387287,10142387323,1,"IOTHUB_CLIENT_CONFIRMATION_OK"
6416,10142387488,10142387532,1,"IOTHUB_CLIENT_CONFIRMATION_OK"
6417,10142387688,10142387720,1,"IOTHUB_CLIENT_CONFIRMATION_OK"
6418,10142387888,10142387922,1,"IOTHUB_CLIENT_CONFIRMATION_OK"
6419,10142388088,10142388233,1,"IOTHUB_CLIENT_CONFIRMATION_OK"
6420,10142388288,10142388329,1,"IOTHUB_CLIENT_CONFIRMATION_OK"
6421,10142388488,10142388526,1,"IOTHUB_CLIENT_CONFIRMATION_OK"
6422,10142388688,10142388856,1,"IOTHUB_CLIENT_CONFIRMATION_OK"
6423,10142388889,10142388953,1,"IOTHUB_CLIENT_CONFIRMATION_OK"
6424,10142389089,10142389136,1,"IOTHUB_CLIENT_CONFIRMATION_OK"
6425,10142389289,10142389324,1,"IOTHUB_CLIENT_CONFIRMATION_OK"
6426,10142389489,10142389541,1,"IOTHUB_CLIENT_CONFIRMATION_OK"
6427,10142389689,10142389730,1,"IOTHUB_CLIENT_CONFIRMATION_OK"
6428,10142389889,10142389924,1,"IOTHUB_CLIENT_CONFIRMATION_OK"
6429,10142390090,10142390127,1,"IOTHUB_CLIENT_CONFIRMATION_OK"
6430,10142390290,10142390462,1,"IOTHUB_CLIENT_CONFIRMATION_OK"
6431,10142390490,10142390534,1,"IOTHUB_CLIENT_CONFIRMATION_OK"
6432,10142390690,10142390762,1,"IOTHUB_CLIENT_CONFIRMATION_OK"
6433,10142390890,10142391088,1,"IOTHUB_CLIENT_CONFIRMATION_OK"
6434,10142391090,10142391125,1,"IOTHUB_CLIENT_CONFIRMATION_OK"
6435,10142391291,10142391351,1,"IOTHUB_CLIENT_CONFIRMATION_OK"
6436,10142391491,10142391537,1,"IOTHUB_CLIENT_CONFIRMATION_OK"
6437,10142391691,10142391730,1,"IOTHUB_CLIENT_CONFIRMATION_OK"
6438,10142391891,10142391931,1,"IOTHUB_CLIENT_CONFIRMATION_OK"
6439,10142392091,10142392126,1,"IOTHUB_CLIENT_CONFIRMATION_OK"
6440,10142392291,10142392331,1,"IOTHUB_CLIENT_CONFIRMATION_OK"
6441,10142392491,10142392532,1,"IOTHUB_CLIENT_CONFIRMATION_OK"
6442,10142392692,10142392733,1,"IOTHUB_CLIENT_CONFIRMATION_OK"
6443,10142392892,10142392938,1,"IOTHUB_CLIENT_CONFIRMATION_OK"
6444,10142393092,10142393133,1,"IOTHUB_CLIENT_CONFIRMATION_OK"
6445,10142393292,10142393335,1,"IOTHUB_CLIENT_CONFIRMATION_OK"
6446,10142393492,10142393530,1,"IOTHUB_CLIENT_CONFIRMATION_OK"
6447,10142393692,10142393752,1,"IOTHUB_CLIENT_CONFIRMATION_OK"
6448,10142393893,10142393931,1,"IOTHUB_CLIENT_CONFIRMATION_OK"
6449,10142394093,10142394130,1,"IOTHUB_CLIENT_CONFIRMATION_OK"
6450,10142394293,10142394370,1,"IOTHUB_CLIENT_CONFIRMATION_OK"
6451,10142394493,10142394564,1,"IOTHUB_CLIENT_CONFIRMATION_OK"
6452,10142394693,10142394735,1,"IOTHUB_CLIENT_CONFIRMATION_OK"
6453,10142394893,10142394946,1,"IOTHUB_CLIENT_CONFIRMATION_OK"
6454,10142395093,10142395137,1,"IOTHUB_CLIENT_CONFIRMATION_OK"
6455,10142395294,10142395338,1,"IOTHUB_CLIENT_CONFIRMATION_OK"
6456,10142395494,10142395549,1,"IOTHUB_CLIENT_CONFIRMATION_OK"
6457,10142395694,10142395731,1,"IOTHUB_CLIENT_CONFIRMATION_OK"
6458,10142395894,10142395972,1,"IOTHUB_CLIENT_CONFIRMATION_OK"
6459,10142396094,10142396138,1,"IOTHUB_CLIENT_CONFIRMATION_OK"
6460,10142396294,10142396339,1,"IOTHUB_CLIENT_CONFIRMATION_OK"
6461,10142396495,10142396646,1,"IOTHUB_CLIENT_CONFIRMATION_OK"
6462,10142396695,10142396733,1,"IOTHUB_CLIENT_CONFIRMATION_OK"
6463,10142396895,10142396975,1,"IOTHUB_CLIENT_CONFIRMATION_OK"
6464,10142397095,10142397131,1,"IOTHUB_CLIENT_CONFIRMATION_OK"
6465,10142397295,10142397335,1,"IOTHUB_CLIENT_CONFIRMATION_OK"
6466,10142397495,10142397536,1,"IOTHUB_CLIENT_CONFIRMATION_OK"
6467,10142397696,10142397739,1,"IOTHUB_CLIENT_CONFIRMATION_OK"
6468,10142397896,10142397936,1,"IOTHUB_CLIENT_CONFIRMATION_OK"
6469,10142398096,10142398225,1,"IOTHUB_CLIENT_CONFIRMATION_OK"
6470,10142398296,10142398334,1,"IOTHUB_CLIENT_CONFIRMATION_OK"
6471,10142398496,10142398532,1,"IOTHUB_CLIENT_CONFIRMATION_OK"
6472,10142398696,10142398842,1,"IOTHUB_CLIENT_CONFIRMATION_OK"
6473,10142398897,10142398933,1,"IOTHUB_CLIENT_CONFIRMATION_OK"
6474,10142399097,10142399136,1,"IOTHUB_CLIENT_CONFIRMATION_OK"
6475,10142399297,10142399334,1,"IOTHUB_CLIENT_CONFIRMATION_OK"
6476,10142399497,10142399535,1,"IOTHUB_CLIENT_CONFIRMATION_OK"
6477,10142399697,10142399745,1,"IOTHUB_CLIENT_CONFIRMATION_OK"
6478,10142399897,10142399948,1,"IOTHUB_CLIENT_CONFIRMATION_OK"
6479,10142400097,10142400137,1,"IOTHUB_CLIENT_CONFIRMATION_OK"
6480,10142400298,10142400456,1,"IOTHUB_CLIENT_CONFIRMATION_OK"
6481,10142400498,10142400537,1,"IOTHUB_CLIENT_CONFIRMATION_OK"
6482,10142400698,10142400735,1,"IOTHUB_CLIENT_CONFIRMATION_OK"
6483,10142400898,10142401070,1,"IOTHUB_CLIENT_CONFIRMATION_OK"
6484,10142401098,10142401134,1,"IOTHUB_CLIENT_CONFIRMATION_OK"
6485,10142401298,10142401332,1,"IOTHUB_CLIENT_CONFIRMATION_OK"
6486,10142401499,10142401539,1,"IOTHUB_CLIENT_CONFIRMATION_OK"
6487,10142401699,10142401742,1,"IOTHUB_CLIENT_CONFIRMATION_OK"
6488,10142401899,10142401931,1,"IOTHUB_CLIENT_CONFIRMATION_OK"
6489,10142402099,10142402137,1,"IOTHUB_CLIENT_CONFIRMATION_OK"
6490,10142402299,10142402336,1,"IOTHUB_CLIENT_CONFIRMATION_OK"
6491,10142402499,10142402554,1,"IOTHUB_CLIENT_CONFIRMATION_OK"
6492,10142402700,10142402733,1,"IOTHUB_CLIENT_CONFIRMATION_OK"
6493,10142402900,10142402935,1,"IOTHUB_CLIENT_CONFIRMATION_OK"
6494,10142403100,10142403148,1,"IOTHUB_CLIENT_CONFIRMATION_OK"
6495,10142403300,10142403335,1,"IOTHUB_CLIENT_CONFIRMATION_OK"
6496,10142403500,10142403542,1,"IOTHUB_CLIENT_CONFIRMATION_OK"
6497,10142403700,10142403736,1,"IOTHUB_CLIENT_CONFIRMATION_OK"
6498,10142403901,10142403938,1,"IOTHUB_CLIENT_CONFIRMATION_OK"
6499,10142404101,10142404138,1,"IOTHUB_CLIENT_CONFIRMATION_OK"
6500,10142404301,10142404362,1,"IOTHUB_CLIENT_CONFIRMATION_OK"
6501,10142404501,10142404544,1,"IOTHUB_CLIENT_CONFIRMATION_OK"
6502,10142404701,10142404737,1,"IOTHUB_CLIENT_CONFIRMATION_OK"
6503,10142404901,10142404945,1,"IOTHUB_CLIENT_CONFIRMATION_OK"
6504,10142405101,10142405143,1,"IOTHUB_CLIENT_CONFIRMATION_OK"
6505,10142405302,10142405371,1,"IOTHUB_CLIENT_CONFIRMATION_OK"
6506,10142405502,10142405556,1,"IOTHUB_CLIENT_CONFIRMATION_OK"
6507,10142405702,10142405740,1,"IOTHUB_CLIENT_CONFIRMATION_OK"
6508,10142405902,10142405992,1,"IOTHUB_CLIENT_CONFIRMATION_OK"
6509,10142406102,10142406194,1,"IOTHUB_CLIENT_CONFIRMATION_OK"
6510,10142406302,10142406339,1,"IOTHUB_CLIENT_CONFIRMATION_OK"
6511,10142406503,10142406585,1,"IOTHUB_CLIENT_CONFIRMATION_OK"
6512,10142406703,10142406741,1,"IOTHUB_CLIENT_CONFIRMATION_OK"
6513,10142406903,10142406936,1,"IOTHUB_CLIENT_CONFIRMATION_OK"
6514,10142407103,10142407157,1,"IOTHUB_CLIENT_CONFIRMATION_OK"
6515,10142407303,10142407340,1,"IOTHUB_CLIENT_CONFIRMATION_OK"
6516,10142407503,10142407589,1,"IOTHUB_CLIENT_CONFIRMATION_OK"
6517,10142407703,10142407742,1,"IOTHUB_CLIENT_CONFIRMATION_OK"
6518,10142407904,10142407942,1,"IOTHUB_CLIENT_CONFIRMATION_OK"
6519,10142408104,10142408210,1,"IOTHUB_CLIENT_CONFIRMATION_OK"
6520,10142408304,10142408344,1,"IOTHUB_CLIENT_CONFIRMATION_OK"
6521,10142408504,10142408543,1,"IOTHUB_CLIENT_CONFIRMATION_OK"
6522,10142408704,10142408819,1,"IOTHUB_CLIENT_CONFIRMATION_OK"
6523,10142408904,10142408939,1,"IOTHUB_CLIENT_CONFIRMATION_OK"
6524,10142409105,10142409229,1,"IOTHUB_CLIENT_CONFIRMATION_OK"
6525,10142409305,10142409431,1,"IOTHUB_CLIENT_CONFIRMATION_OK"
6526,10142409505,10142409565,1,"IOTHUB_CLIENT_CONFIRMATION_OK"
6527,10142409705,10142409748,1,"IOTHUB_CLIENT_CONFIRMATION_OK"
6528,10142409905,10142409950,1,"IOTHUB_CLIENT_CONFIRMATION_OK"
6529,10142410105,10142410160,1,"IOTHUB_CLIENT_CONFIRMATION_OK"
6530,10142410306,10142410439,1,"IOTHUB_CLIENT_CONFIRMATION_OK"
6531,10142410506,10142410570,1,"IOTHUB_CLIENT_CONFIRMATION_OK"
6532,10142410706,10142410798,1,"IOTHUB_CLIENT_CONFIRMATION_OK"
6533,10142410906,10142411094,1,"IOTHUB_CLIENT_CONFIRMATION_OK"
6534,10142411106,10142411145,1,"IOTHUB_CLIENT_CONFIRMATION_OK"
6535,10142411306,10142411348,1,"IOTHUB_CLIENT_CONFIRMATION_OK"
6536,10142411506,10142411549,1,"IOTHUB_CLIENT_CONFIRMATION_OK"
6537,10142411706,10142411768,1,"IOTHUB_CLIENT_CONFIRMATION_OK"
6538,10142411907,10142411948,1,"IOTHUB_CLIENT_CONFIRMATION_OK"
6539,10142412107,10142412155,1,"IOTHUB_CLIENT_CONFIRMATION_OK"
6540,10142412307,10142412341,1,"IOTHUB_CLIENT_CONFIRMATION_OK"
6541,10142412507,10142412670,1,"IOTHUB_CLIENT_CONFIRMATION_OK"
6542,10142412707,10142412781,1,"IOTHUB_CLIENT_CONFIRMATION_OK"
6543,10142412907,10142412942,1,"IOTHUB_CLIENT_CONFIRMATION_OK"
6544,10142413108,10142413296,1,"IOTHUB_CLIENT_CONFIRMATION_OK"
6545,10142413308,10142413342,1,"IOTHUB_CLIENT_CONFIRMATION_OK"
6546,10142413508,10142413578,1,"IOTHUB_CLIENT_CONFIRMATION_OK"
6547,10142413708,10142413773,1,"IOTHUB_CLIENT_CONFIRMATION_OK"
6548,10142413908,10142413949,1,"IOTHUB_CLIENT_CONFIRMATION_OK"
6549,10142414108,10142414161,1,"IOTHUB_CLIENT_CONFIRMATION_OK"
6550,10142414309,10142414347,1,"IOTHUB_CLIENT_CONFIRMATION_OK"
6551,10142414509,10142414556,1,"IOTHUB_CLIENT_CONFIRMATION_OK"
6552,10142414709,10142414750,1,"IOTHUB_CLIENT_CONFIRMATION_OK"
6553,10142414909,10142414963,1,"IOTHUB_CLIENT_CONFIRMATION_OK"
6554,10142415109,10142415180,1,"IOTHUB_CLIENT_CONFIRMATION_OK"
6555,10142415309,10142415344,1,"IOTHUB_CLIENT_CONFIRMATION_OK"
6556,10142415509,10142415550,1,"IOTHUB_CLIENT_CONFIRMATION_OK"
6557,10142415710,10142415749,1,"IOTHUB_CLIENT_CONFIRMATION_OK"
6558,10142415910,10142415954,1,"IOTHUB_CLIENT_CONFIRMATION_OK"
6559,10142416110,10142416147,1,"IOTHUB_CLIENT_CONFIRMATION_OK"
6560,10142416310,10142416357,1,"IOTHUB_CLIENT_CONFIRMATION_OK"
6561,10142416510,10142416559,1,"IOTHUB_CLIENT_CONFIRMATION_OK"
6562,10142416710,10142416746,1,"IOTHUB_CLIENT_CONFIRMATION_OK"
6563,10142416910,10142416948,1,"IOTHUB_CLIENT_CONFIRMATION_OK"
6564,10142417111,10142417182,1,"IOTHUB_CLIENT_CONFIRMATION_OK"
6565,10142417311,10142417346,1,"IOTHUB_CLIENT_CONFIRMATION_OK"
6566,10142417511,10142417570,1,"IOTHUB_CLIENT_CONFIRMATION_OK"
6567,10142417711,10142417754,1,"IOTHUB_CLIENT_CONFIRMATION_OK"
6568,10142417911,10142417947,1,"IOTHUB_CLIENT_CONFIRMATION_OK"
6569,10142418111,10142418182,1,"IOTHUB_CLIENT_CONFIRMATION_OK"
6570,10142418312,10142418359,1,"IOTHUB_CLIENT_CONFIRMATION_OK"
6571,10142418512,10142418585,1,"IOTHUB_CLIENT_CONFIRMATION_OK"
6572,10142418712,10142418789,1,"IOTHUB_CLIENT_CONFIRMATION_OK"
6573,10142418912,10142418951,1,"IOTHUB_CLIENT_CONFIRMATION_OK"
6574,10142419112,10142419149,1,"IOTHUB_CLIENT_CONFIRMATION_OK"
6575,10142419312,10142419346,1,"IOTHUB_CLIENT_CONFIRMATION_OK"
6576,10142419512,10142419556,1,"IOTHUB_CLIENT_CONFIRMATION_OK"
6577,10142419713,10142419769,1,"IOTHUB_CLIENT_CONFIRMATION_OK"
6578,10142419913,10142419959,1,"IOTHUB_CLIENT_CONFIRMATION_OK"
6579,10142420113,10142420147,1,"IOTHUB_CLIENT_CONFIRMATION_OK"
6580,10142420313,10142420507,1,"IOTHUB_CLIENT_CONFIRMATION_OK"
6581,10142420513,10142420549,1,"IOTHUB_CLIENT_CONFIRMATION_OK"
6582,10142420713,10142420754,1,"IOTHUB_CLIENT_CONFIRMATION_OK"
6583,10142420914,10142420946,1,"IOTHUB_CLIENT_CONFIRMATION_OK"
6584,10142421114,10142421150,1,"IOTHUB_CLIENT_CONFIRMATION_OK"
6585,10142421314,10142421358,1,"IOTHUB_CLIENT_CONFIRMATION_OK"
6586,10142421514,10142421550,1,"IOTHUB_CLIENT_CONFIRMATION_OK"
6587,10142421714,10142421753,1,"IOTHUB_CLIENT_CONFIRMATION_OK"
6588,10142421914,10142421955,1,"IOTHUB_CLIENT_CONFIRMATION_OK"
6589,10142422115,10142422186,1,"IOTHUB_CLIENT_CONFIRMATION_OK"
6590,10142422315,10142422390,1,"IOTHUB_CLIENT_CONFIRMATION_OK"
6591,10142422515,10142422738,1,"IOTHUB_CLIENT_CONFIRMATION_OK"
6592,10142422715,10142422756,1,"IOTHUB_CLIENT_CONFIRMATION_OK"
6593,10142422915,10142422948,1,"IOTHUB_CLIENT_CONFIRMATION_OK"
6594,10142423115,10142423156,1,"IOTHUB_CLIENT_CONFIRMATION_OK"
6595,10142423316,10142423400,1,"IOTHUB_CLIENT_CONFIRMATION_OK"
6596,10142423516,10142423558,1,"IOTHUB_CLIENT_CONFIRMATION_OK"
6597,10142423716,10142423758,1,"IOTHUB_CLIENT_CONFIRMATION_OK"
6598,10142423916,10142423956,1,"IOTHUB_CLIENT_CONFIRMATION_OK"
6599,10142424116,10142424158,1,"IOTHUB_CLIENT_CONFIRMATION_OK"
6600,10142424316,10142424374,1,"IOTHUB_CLIENT_CONFIRMATION_OK"
6601,10142424517,10142424557,1,"IOTHUB_CLIENT_CONFIRMATION_OK"
6602,10142424717,10142424759,1,"IOTHUB_CLIENT_CONFIRMATION_OK"
6603,10142424917,10142425015,1,"IOTHUB_CLIENT_CONFIRMATION_OK"
6604,10142425117,10142425185,1,"IOTHUB_CLIENT_CONFIRMATION_OK"
6605,10142425317,10142425428,1,"IOTHUB_CLIENT_CONFIRMATION_OK"
6606,10142425517,10142425563,1,"IOTHUB_CLIENT_CONFIRMATION_OK"
6607,10142425718,10142425761,1,"IOTHUB_CLIENT_CONFIRMATION_OK"
6608,10142425918,10142426027,1,"IOTHUB_CLIENT_CONFIRMATION_OK"
6609,10142426118,10142426152,1,"IOTHUB_CLIENT_CONFIRMATION_OK"
6610,10142426318,10142426355,1,"IOTHUB_CLIENT_CONFIRMATION_OK"
6611,10142426518,10142426553,1,"IOTHUB_CLIENT_CONFIRMATION_OK"
6612,10142426718,10142426759,1,"IOTHUB_CLIENT_CONFIRMATION_OK"
6613,10142426918,10142426957,1,"IOTHUB_CLIENT_CONFIRMATION_OK"
6614,10142427119,10142427178,1,"IOTHUB_CLIENT_CONFIRMATION_OK"
6615,10142427319,10142427677,1,"IOTHUB_CLIENT_CONFIRMATION_OK"
6616,10142427519,10142428100,1,"IOTHUB_CLIENT_CONFIRMATION_OK"
6617,10142427719,10142428177,1,"IOTHUB_CLIENT_CONFIRMATION_OK"
6618,10142427919,10142428289,1,"IOTHUB_CLIENT_CONFIRMATION_OK"
6619,10142428119,10142428326,1,"IOTHUB_CLIENT_CONFIRMATION_OK"
6620,10142428320,10142428356,1,"IOTHUB_CLIENT_CONFIRMATION_OK"
6621,10142428520,10142428597,1,"IOTHUB_CLIENT_CONFIRMATION_OK"
6622,10142428720,10142428762,1,"IOTHUB_CLIENT_CONFIRMATION_OK"
6623,10142428920,10142428956,1,"IOTHUB_CLIENT_CONFIRMATION_OK"
6624,10142429120,10142429158,1,"IOTHUB_CLIENT_CONFIRMATION_OK"
6625,10142429320,10142429354,1,"IOTHUB_CLIENT_CONFIRMATION_OK"
6626,10142429520,10142429554,1,"IOTHUB_CLIENT_CONFIRMATION_OK"
6627,10142429721,10142429809,1,"IOTHUB_CLIENT_CONFIRMATION_OK"
6628,10142429921,10142429954,1,"IOTHUB_CLIENT_CONFIRMATION_OK"
6629,10142430121,10142430162,1,"IOTHUB_CLIENT_CONFIRMATION_OK"
6630,10142430321,10142430371,1,"IOTHUB_CLIENT_CONFIRMATION_OK"
6631,10142430521,10142430719,1,"IOTHUB_CLIENT_CONFIRMATION_OK"
6632,10142430721,10142430843,1,"IOTHUB_CLIENT_CONFIRMATION_OK"
6633,10142430922,10142431013,1,"IOTHUB_CLIENT_CONFIRMATION_OK"
6634,10142431122,10142431157,1,"IOTHUB_CLIENT_CONFIRMATION_OK"
6635,10142431322,10142431366,1,"IOTHUB_CLIENT_CONFIRMATION_OK"
6636,10142431522,10142431604,1,"IOTHUB_CLIENT_CONFIRMATION_OK"
6637,10142431722,10142431774,1,"IOTHUB_CLIENT_CONFIRMATION_OK"
6638,10142431922,10142432007,1,"IOTHUB_CLIENT_CONFIRMATION_OK"
6639,10142432123,10142432170,1,"IOTHUB_CLIENT_CONFIRMATION_OK"
6640,10142432323,10142432359,1,"IOTHUB_CLIENT_CONFIRMATION_OK"
6641,10142432523,10142432581,1,"IOTHUB_CLIENT_CONFIRMATION_OK"
6642,10142432723,10142432777,1,"IOTHUB_CLIENT_CONFIRMATION_OK"
6643,10142432923,10142432963,1,"IOTHUB_CLIENT_CONFIRMATION_OK"
6644,10142433123,10142433306,1,"IOTHUB_CLIENT_CONFIRMATION_OK"
6645,10142433323,10142433365,1,"IOTHUB_CLIENT_CONFIRMATION_OK"
6646,10142433524,10142433559,1,"IOTHUB_CLIENT_CONFIRMATION_OK"
6647,10142433724,10142433772,1,"IOTHUB_CLIENT_CONFIRMATION_OK"
6648,10142433924,10142433960,1,"IOTHUB_CLIENT_CONFIRMATION_OK"
6649,10142434124,10142434165,1,"IOTHUB_CLIENT_CONFIRMATION_OK"
6650,10142434324,10142434358,1,"IOTHUB_CLIENT_CONFIRMATION_OK"
6651,10142434524,10142434629,1,"IOTHUB_CLIENT_CONFIRMATION_OK"
6652,10142434725,10142434886,1,"IOTHUB_CLIENT_CONFIRMATION_OK"
6653,10142434925,10142434970,1,"IOTHUB_CLIENT_CONFIRMATION_OK"
6654,10142435125,10142435162,1,"IOTHUB_CLIENT_CONFIRMATION_OK"
6655,10142435325,10142435501,1,"IOTHUB_CLIENT_CONFIRMATION_OK"
6656,10142435525,10142435560,1,"IOTHUB_CLIENT_CONFIRMATION_OK"
6657,10142435725,10142435758,1,"IOTHUB_CLIENT_CONFIRMATION_OK"
6658,10142435925,10142435967,1,"IOTHUB_CLIENT_CONFIRMATION_OK"
6659,10142436126,10142436170,1,"IOTHUB_CLIENT_CONFIRMATION_OK"
6660,10142436326,10142436381,1,"IOTHUB_CLIENT_CONFIRMATION_OK"
6661,10142436526,10142436559,1,"IOTHUB_CLIENT_CONFIRMATION_OK"
6662,10142436726,10142436765,1,"IOTHUB_CLIENT_CONFIRMATION_OK"
6663,10142436926,10142436970,1,"IOTHUB_CLIENT_CONFIRMATION_OK"
6664,10142437126,10142437182,1,"IOTHUB_CLIENT_CONFIRMATION_OK"
6665,10142437327,10142437388,1,"IOTHUB_CLIENT_CONFIRMATION_OK"
6666,10142437527,10142437595,1,"IOTHUB_CLIENT_CONFIRMATION_OK"
6667,10142437727,10142437760,1,"IOTHUB_CLIENT_CONFIRMATION_OK"
6668,10142437927,10142438010,1,"IOTHUB_CLIENT_CONFIRMATION_OK"
6669,10142438127,10142438187,1,"IOTHUB_CLIENT_CONFIRMATION_OK"
6670,10142438327,10142438400,1,"IOTHUB_CLIENT_CONFIRMATION_OK"
6671,10142438528,10142438567,1,"IOTHUB_CLIENT_CONFIRMATION_OK"
6672,10142438728,10142438851,1,"IOTHUB_CLIENT_CONFIRMATION_OK"
6673,10142438928,10142439016,1,"IOTHUB_CLIENT_CONFIRMATION_OK"
6674,10142439128,10142439171,1,"IOTHUB_CLIENT_CONFIRMATION_OK"
6675,10142439328,10142439368,1,"IOTHUB_CLIENT_CONFIRMATION_OK"
6676,10142439528,10142439568,1,"IOTHUB_CLIENT_CONFIRMATION_OK"
6677,10142439728,10142439840,1,"IOTHUB_CLIENT_CONFIRMATION_OK"
6678,10142439929,10142439971,1,"IOTHUB_CLIENT_CONFIRMATION_OK"
6679,10142440129,10142440164,1,"IOTHUB_CLIENT_CONFIRMATION_OK"
6680,10142440329,10142440467,1,"IOTHUB_CLIENT_CONFIRMATION_OK"
6681,10142440529,10142440593,1,"IOTHUB_CLIENT_CONFIRMATION_OK"
6682,10142440729,10142440768,1,"IOTHUB_CLIENT_CONFIRMATION_OK"
6683,10142440929,10142441066,1,"IOTHUB_CLIENT_CONFIRMATION_OK"
6684,10142441129,10142441169,1,"IOTHUB_CLIENT_CONFIRMATION_OK"
6685,10142441330,10142441364,1,"IOTHUB_CLIENT_CONFIRMATION_OK"
6686,10142441530,10142441570,1,"IOTHUB_CLIENT_CONFIRMATION_OK"
6687,10142441730,10142441789,1,"IOTHUB_CLIENT_CONFIRMATION_OK"
6688,10142441930,10142442038,1,"IOTHUB_CLIENT_CONFIRMATION_OK"
6689,10142442130,10142442185,1,"IOTHUB_CLIENT_CONFIRMATION_OK"
6690,10142442330,10142442363,1,"IOTHUB_CLIENT_CONFIRMATION_OK"
6691,10142442530,10142442690,1,"IOTHUB_CLIENT_CONFIRMATION_OK"
6692,10142442731,10142442765,1,"IOTHUB_CLIENT_CONFIRMATION_OK"
6693,10142442931,10142442971,1,"IOTHUB_CLIENT_CONFIRMATION_OK"
6694,10142443131,10142443300,1,"IOTHUB_CLIENT_CONFIRMATION_OK"
6695,10142443331,10142443368,1,"IOTHUB_CLIENT_CONFIRMATION_OK"
6696,10142443531,10142443567,1,"IOTHUB_CLIENT_CONFIRMATION_OK"
6697,10142443731,10142443786,1,"IOTHUB_CLIENT_CONFIRMATION_OK"
6698,10142443932,10142443999,1,"IOTHUB_CLIENT_CONFIRMATION_OK"
6699,10142444132,10142444166,1,"IOTHUB_CLIENT_CONFIRMATION_OK"
6700,10142444332,10142444372,1,"IOTHUB_CLIENT_CONFIRMATION_OK"
6701,10142444532,10142444569,1,"IOTHUB_CLIENT_CONFIRMATION_OK"
6702,10142444732,10142444991,1,"IOTHUB_CLIENT_CONFIRMATION_OK"
6703,10142444932,10142445011,1,"IOTHUB_CLIENT_CONFIRMATION_OK"
6704,10142445132,10142445194,1,"IOTHUB_CLIENT_CONFIRMATION_OK"
6705,10142445333,10142445376,1,"IOTHUB_CLIENT_CONFIRMATION_OK"
6706,10142445533,10142445572,1,"IOTHUB_CLIENT_CONFIRMATION_OK"
6707,10142445733,10142445779,1,"IOTHUB_CLIENT_CONFIRMATION_OK"
6708,10142445933,10142446027,1,"IOTHUB_CLIENT_CONFIRMATION_OK"
6709,10142446133,10142446177,1,"IOTHUB_CLIENT_CONFIRMATION_OK"
6710,10142446333,10142446373,1,"IOTHUB_CLIENT_CONFIRMATION_OK"
6711,10142446534,10142446573,1,"IOTHUB_CLIENT_CONFIRMATION_OK"
6712,10142446734,10142446767,1,"IOTHUB_CLIENT_CONFIRMATION_OK"
6713,10142446934,10142446974,1,"IOTHUB_CLIENT_CONFIRMATION_OK"
6714,10142447134,10142447170,1,"IOTHUB_CLIENT_CONFIRMATION_OK"
6715,10142447334,10142447470,1,"IOTHUB_CLIENT_CONFIRMATION_OK"
6716,10142447534,10142447682,1,"IOTHUB_CLIENT_CONFIRMATION_OK"
6717,10142447734,10142447787,1,"IOTHUB_CLIENT_CONFIRMATION_OK"
6718,10142447935,10142447973,1,"IOTHUB_CLIENT_CONFIRMATION_OK"
6719,10142448135,10142448291,1,"IOTHUB_CLIENT_CONFIRMATION_OK"
6720,10142448335,10142448369,1,"IOTHUB_CLIENT_CONFIRMATION_OK"
6721,10142448535,10142448582,1,"IOTHUB_CLIENT_CONFIRMATION_OK"
6722,10142448735,10142448789,1,"IOTHUB_CLIENT_CONFIRMATION_OK"
6723,10142448935,10142448978,1,"IOTHUB_CLIENT_CONFIRMATION_OK"
6724,10142449135,10142449178,1,"IOTHUB_CLIENT_CONFIRMATION_OK"
6725,10142449336,10142449373,1,"IOTHUB_CLIENT_CONFIRMATION_OK"
6726,10142449536,10142449584,1,"IOTHUB_CLIENT_CONFIRMATION_OK"
6727,10142449736,10142449922,1,"IOTHUB_CLIENT_CONFIRMATION_OK"
6728,10142449936,10142450030,1,"IOTHUB_CLIENT_CONFIRMATION_OK"
6729,10142450136,10142450182,1,"IOTHUB_CLIENT_CONFIRMATION_OK"
6730,10142450336,10142450369,1,"IOTHUB_CLIENT_CONFIRMATION_OK"
6731,10142450537,10142450596,1,"IOTHUB_CLIENT_CONFIRMATION_OK"
6732,10142450737,10142450771,1,"IOTHUB_CLIENT_CONFIRMATION_OK"
6733,10142450937,10142451027,1,"IOTHUB_CLIENT_CONFIRMATION_OK"
6734,10142451137,10142451183,1,"IOTHUB_CLIENT_CONFIRMATION_OK"
6735,10142451337,10142451376,1,"IOTHUB_CLIENT_CONFIRMATION_OK"
6736,10142451537,10142451587,1,"IOTHUB_CLIENT_CONFIRMATION_OK"
6737,10142451737,10142451776,1,"IOTHUB_CLIENT_CONFIRMATION_OK"
6738,10142451938,10142451982,1,"IOTHUB_CLIENT_CONFIRMATION_OK"
6739,10142452138,10142452230,1,"IOTHUB_CLIENT_CONFIRMATION_OK"
6740,10142452338,10142452380,1,"IOTHUB_CLIENT_CONFIRMATION_OK"
6741,10142452538,10142452600,1,"IOTHUB_CLIENT_CONFIRMATION_OK"
6742,10142452738,10142452828,1,"IOTHUB_CLIENT_CONFIRMATION_OK"
6743,10142452938,10142453003,1,"IOTHUB_CLIENT_CONFIRMATION_OK"
6744,10142453138,10142453260,1,"IOTHUB_CLIENT_CONFIRMATION_OK"
6745,10142453339,10142453378,1,"IOTHUB_CLIENT_CONFIRMATION_OK"
6746,10142453539,10142453581,1,"IOTHUB_CLIENT_CONFIRMATION_OK"
6747,10142453739,10142453782,1,"IOTHUB_CLIENT_CONFIRMATION_OK"
6748,10142453939,10142453976,1,"IOTHUB_CLIENT_CONFIRMATION_OK"
6749,10142454139,10142454177,1,"IOTHUB_CLIENT_CONFIRMATION_OK"
6750,10142454339,10142454378,1,"IOTHUB_CLIENT_CONFIRMATION_OK"
6751,10142454539,10142454610,1,"IOTHUB_CLIENT_CONFIRMATION_OK"
6752,10142454740,10142454892,1,"IOTHUB_CLIENT_CONFIRMATION_OK"
6753,10142454940,10142454975,1,"IOTHUB_CLIENT_CONFIRMATION_OK"
6754,10142455140,10142455186,1,"IOTHUB_CLIENT_CONFIRMATION_OK"
6755,10142455340,10142455580,1,"IOTHUB_CLIENT_CONFIRMATION_OK"
6756,10142455540,10142455626,1,"IOTHUB_CLIENT_CONFIRMATION_OK"
6757,10142455740,10142455807,1,"IOTHUB_CLIENT_CONFIRMATION_OK"
6758,10142455940,10142455974,1,"IOTHUB_CLIENT_CONFIRMATION_OK"
6759,10142456141,10142456187,1,"IOTHUB_CLIENT_CONFIRMATION_OK"
6760,10142456341,10142456383,1,"IOTHUB_CLIENT_CONFIRMATION_OK"
6761,10142456541,10142456589,1,"IOTHUB_CLIENT_CONFIRMATION_OK"
6762,10142456741,10142456801,1,"IOTHUB_CLIENT_CONFIRMATION_OK"
6763,10142456941,10142456996,1,"IOTHUB_CLIENT_CONFIRMATION_OK"
6764,10142457141,10142457181,1,"IOTHUB_CLIENT_CONFIRMATION_OK"
6765,10142457341,10142457380,1,"IOTHUB_CLIENT_CONFIRMATION_OK"
6766,10142457542,10142457587,1,"IOTHUB_CLIENT_CONFIRMATION_OK"
6767,10142457742,10142457792,1,"IOTHUB_CLIENT_CONFIRMATION_OK"
6768,10142457942,10142457984,1,"IOTHUB_CLIENT_CONFIRMATION_OK"
6769,10142458142,10142458194,1,"IOTHUB_CLIENT_CONFIRMATION_OK"
6770,10142458342,10142458423,1,"IOTHUB_CLIENT_CONFIRMATION_OK"
6771,10142458542,10142458596,1,"IOTHUB_CLIENT_CONFIRMATION_OK"
6772,10142458743,10142458795,1,"IOTHUB_CLIENT_CONFIRMATION_OK"
6773,10142458943,10142458987,1,"IOTHUB_CLIENT_CONFIRMATION_OK"
6774,10142459143,10142459193,1,"IOTHUB_CLIENT_CONFIRMATION_OK"
6775,10142459343,10142459404,1,"IOTHUB_CLIENT_CONFIRMATION_OK"
6776,10142459543,10142459597,1,"IOTHUB_CLIENT_CONFIRMATION_OK"
6777,10142459743,10142459822,1,"IOTHUB_CLIENT_CONFIRMATION_OK"
6778,10142459943,10142459987,1,"IOTHUB_CLIENT_CONFIRMATION_OK"
6779,10142460144,10142460195,1,"IOTHUB_CLIENT_CONFIRMATION_OK"
6780,10142460344,10142460422,1,"IOTHUB_CLIENT_CONFIRMATION_OK"
6781,10142460544,10142460581,1,"IOTHUB_CLIENT_CONFIRMATION_OK"
6782,10142460744,10142460817,1,"IOTHUB_CLIENT_CONFIRMATION_OK"
6783,10142460944,10142461043,1,"IOTHUB_CLIENT_CONFIRMATION_OK"
6784,10142461144,10142461211,1,"IOTHUB_CLIENT_CONFIRMATION_OK"
6785,10142461344,10142461384,1,"IOTHUB_CLIENT_CONFIRMATION_OK"
6786,10142461545,10142461600,1,"IOTHUB_CLIENT_CONFIRMATION_OK"
6787,10142461745,10142461788,1,"IOTHUB_CLIENT_CONFIRMATION_OK"
6788,10142461945,10142462023,1,"IOTHUB_CLIENT_CONFIRMATION_OK"
6789,10142462145,10142462183,1,"IOTHUB_CLIENT_CONFIRMATION_OK"
6790,10142462345,10142462388,1,"IOTHUB_CLIENT_CONFIRMATION_OK"
6791,10142462545,10142462647,1,"IOTHUB_CLIENT_CONFIRMATION_OK"
6792,10142462746,10142462796,1,"IOTHUB_CLIENT_CONFIRMATION_OK"
6793,10142462946,10142463024,1,"IOTHUB_CLIENT_CONFIRMATION_OK"
6794,10142463146,10142463296,1,"IOTHUB_CLIENT_CONFIRMATION_OK"
6795,10142463346,10142463383,1,"IOTHUB_CLIENT_CONFIRMATION_OK"
6796,10142463546,10142463586,1,"IOTHUB_CLIENT_CONFIRMATION_OK"
6797,10142463746,10142463783,1,"IOTHUB_CLIENT_CONFIRMATION_OK"
6798,10142463946,10142464016,1,"IOTHUB_CLIENT_CONFIRMATION_OK"
6799,10142464147,10142464185,1,"IOTHUB_CLIENT_CONFIRMATION_OK"
6800,10142464347,10142464382,1,"IOTHUB_CLIENT_CONFIRMATION_OK"
6801,10142464547,10142464592,1,"IOTHUB_CLIENT_CONFIRMATION_OK"
6802,10142464747,10142464904,1,"IOTHUB_CLIENT_CONFIRMATION_OK"
6803,10142464947,10142464995,1,"IOTHUB_CLIENT_CONFIRMATION_OK"
6804,10142465147,10142465207,1,"IOTHUB_CLIENT_CONFIRMATION_OK"
6805,10142465348,10142465525,1,"IOTHUB_CLIENT_CONFIRMATION_OK"
6806,10142465548,10142465599,1,"IOTHUB_CLIENT_CONFIRMATION_OK"
6807,10142465748,10142465789,1,"IOTHUB_CLIENT_CONFIRMATION_OK"
6808,10142465948,10142465988,1,"IOTHUB_CLIENT_CONFIRMATION_OK"
6809,10142466148,10142466192,1,"IOTHUB_CLIENT_CONFIRMATION_OK"
6810,10142466348,10142466390,1,"IOTHUB_CLIENT_CONFIRMATION_OK"
6811,10142466548,10142466596,1,"IOTHUB_CLIENT_CONFIRMATION_OK"
6812,10142466749,10142466801,1,"IOTHUB_CLIENT_CONFIRMATION_OK"
6813,10142466949,10142467147,1,"IOTHUB_CLIENT_CONFIRMATION_OK"
6814,10142467149,10142467200,1,"IOTHUB_CLIENT_CONFIRMATION_OK"
6815,10142467349,10142467397,1,"IOTHUB_CLIENT_CONFIRMATION_OK"
6816,10142467549,10142467587,1,"IOTHUB_CLIENT_CONFIRMATION_OK"
6817,10142467749,10142467803,1,"IOTHUB_CLIENT_CONFIRMATION_OK"
6818,10142467949,10142468001,1,"IOTHUB_CLIENT_CONFIRMATION_OK"
6819,10142468150,10142468196,1,"IOTHUB_CLIENT_CONFIRMATION_OK"
6820,10142468350,10142468397,1,"IOTHUB_CLIENT_CONFIRMATION_OK"
6821,10142468550,10142468602,1,"IOTHUB_CLIENT_CONFIRMATION_OK"
6822,10142468750,10142468806,1,"IOTHUB_CLIENT_CONFIRMATION_OK"
6823,10142468950,10142469001,1,"IOTHUB_CLIENT_CONFIRMATION_OK"
6824,10142469150,10142469191,1,"IOTHUB_CLIENT_CONFIRMATION_OK"
6825,10142469351,10142469394,1,"IOTHUB_CLIENT_CONFIRMATION_OK"
6826,10142469551,10142469590,1,"IOTHUB_CLIENT_CONFIRMATION_OK"
6827,10142469751,10142469808,1,"IOTHUB_CLIENT_CONFIRMATION_OK"
6828,10142469951,10142470019,1,"IOTHUB_CLIENT_CONFIRMATION_OK"
6829,10142470151,10142470201,1,"IOTHUB_CLIENT_CONFIRMATION_OK"
6830,10142470351,10142470437,1,"IOTHUB_CLIENT_CONFIRMATION_OK"
6831,10142470551,10142470596,1,"IOTHUB_CLIENT_CONFIRMATION_OK"
6832,10142470752,10142470798,1,"IOTHUB_CLIENT_CONFIRMATION_OK"
6833,10142470952,10142471020,1,"IOTHUB_CLIENT_CONFIRMATION_OK"
6834,10142471152,10142471193,1,"IOTHUB_CLIENT_CONFIRMATION_OK"
6835,10142471352,10142471400,1,"IOTHUB_CLIENT_CONFIRMATION_OK"
6836,10142471552,10142471593,1,"IOTHUB_CLIENT_CONFIRMATION_OK"
6837,10142471752,10142471791,1,"IOTHUB_CLIENT_CONFIRMATION_OK"
6838,10142471952,10142472069,1,"IOTHUB_CLIENT_CONFIRMATION_OK"
6839,10142472153,10142472225,1,"IOTHUB_CLIENT_CONFIRMATION_OK"
6840,10142472353,10142472405,1,"IOTHUB_CLIENT_CONFIRMATION_OK"
6841,10142472553,10142472674,1,"IOTHUB_CLIENT_CONFIRMATION_OK"
6842,10142472753,10142472793,1,"IOTHUB_CLIENT_CONFIRMATION_OK"
6843,10142472953,10142473004,1,"IOTHUB_CLIENT_CONFIRMATION_OK"
6844,10142473153,10142473187,1,"IOTHUB_CLIENT_CONFIRMATION_OK"
6845,10142473354,10142473395,1,"IOTHUB_CLIENT_CONFIRMATION_OK"
6846,10142473554,10142473588,1,"IOTHUB_CLIENT_CONFIRMATION_OK"
6847,10142473754,10142473796,1,"IOTHUB_CLIENT_CONFIRMATION_OK"
6848,10142473954,10142474016,1,"IOTHUB_CLIENT_CONFIRMATION_OK"
6849,10142474154,10142474307,1,"IOTHUB_CLIENT_CONFIRMATION_OK"
6850,10142474354,10142474392,1,"IOTHUB_CLIENT_CONFIRMATION_OK"
6851,10142474554,10142474594,1,"IOTHUB_CLIENT_CONFIRMATION_OK"
6852,10142474755,10142474944,1,"IOTHUB_CLIENT_CONFIRMATION_OK"
6853,10142474955,10142475001,1,"IOTHUB_CLIENT_CONFIRMATION_OK"
6854,10142475155,10142475232,1,"IOTHUB_CLIENT_CONFIRMATION_OK"
6855,10142475355,10142475392,1,"IOTHUB_CLIENT_CONFIRMATION_OK"
6856,10142475555,10142475594,1,"IOTHUB_CLIENT_CONFIRMATION_OK"
6857,10142475755,10142475806,1,"IOTHUB_CLIENT_CONFIRMATION_OK"
6858,10142475956,10142475998,1,"IOTHUB_CLIENT_CONFIRMATION_OK"
6859,10142476156,10142476218,1,"IOTHUB_CLIENT_CONFIRMATION_OK"
6860,10142476356,10142476404,1,"IOTHUB_CLIENT_CONFIRMATION_OK"
6861,10142476556,10142476601,1,"IOTHUB_CLIENT_CONFIRMATION_OK"
6862,10142476756,10142476802,1,"IOTHUB_CLIENT_CONFIRMATION_OK"
6863,10142476956,10142477004,1,"IOTHUB_CLIENT_CONFIRMATION_OK"
6864,10142477156,10142477191,1,"IOTHUB_CLIENT_CONFIRMATION_OK"
6865,10142477357,10142477399,1,"IOTHUB_CLIENT_CONFIRMATION_OK"
6866,10142477557,10142477614,1,"IOTHUB_CLIENT_CONFIRMATION_OK"
6867,10142477757,10142477813,1,"IOTHUB_CLIENT_CONFIRMATION_OK"
6868,10142477957,10142477999,1,"IOTHUB_CLIENT_CONFIRMATION_OK"
6869,10142478157,10142478201,1,"IOTHUB_CLIENT_CONFIRMATION_OK"
6870,10142478357,10142478399,1,"IOTHUB_CLIENT_CONFIRMATION_OK"
6871,10142478558,10142478615,1,"IOTHUB_CLIENT_CONFIRMATION_OK"
6872,10142478758,10142478811,1,"IOTHUB_CLIENT_CONFIRMATION_OK"
6873,10142478958,10142479017,1,"IOTHUB_CLIENT_CONFIRMATION_OK"
6874,10142479158,10142479193,1,"IOTHUB_CLIENT_CONFIRMATION_OK"
6875,10142479358,10142479398,1,"IOTHUB_CLIENT_CONFIRMATION_OK"
6876,10142479558,10142479604,1,"IOTHUB_CLIENT_CONFIRMATION_OK"
6877,10142479758,10142479811,1,"IOTHUB_CLIENT_CONFIRMATION_OK"
6878,10142479959,10142480013,1,"IOTHUB_CLIENT_CONFIRMATION_OK"
6879,10142480159,10142480198,1,"IOTHUB_CLIENT_CONFIRMATION_OK"
6880,10142480359,10142480490,1,"IOTHUB_CLIENT_CONFIRMATION_OK"
6881,10142480559,10142480598,1,"IOTHUB_CLIENT_CONFIRMATION_OK"
6882,10142480759,10142480794,1,"IOTHUB_CLIENT_CONFIRMATION_OK"
6883,10142480959,10142481009,1,"IOTHUB_CLIENT_CONFIRMATION_OK"
6884,10142481159,10142481194,1,"IOTHUB_CLIENT_CONFIRMATION_OK"
6885,10142481360,10142481444,1,"IOTHUB_CLIENT_CONFIRMATION_OK"
6886,10142481560,10142481600,1,"IOTHUB_CLIENT_CONFIRMATION_OK"
6887,10142481760,10142481802,1,"IOTHUB_CLIENT_CONFIRMATION_OK"
6888,10142481960,10142482117,1,"IOTHUB_CLIENT_CONFIRMATION_OK"
6889,10142482160,10142482209,1,"IOTHUB_CLIENT_CONFIRMATION_OK"
6890,10142482360,10142482413,1,"IOTHUB_CLIENT_CONFIRMATION_OK"
6891,10142482561,10142482643,1,"IOTHUB_CLIENT_CONFIRMATION_OK"
6892,10142482761,10142482799,1,"IOTHUB_CLIENT_CONFIRMATION_OK"
6893,10142482961,10142483016,1,"IOTHUB_CLIENT_CONFIRMATION_OK"
6894,10142483161,10142483250,1,"IOTHUB_CLIENT_CONFIRMATION_OK"
6895,10142483361,10142483405,1,"IOTHUB_CLIENT_CONFIRMATION_OK"
6896,10142483561,10142483650,1,"IOTHUB_CLIENT_CONFIRMATION_OK"
6897,10142483761,10142483808,1,"IOTHUB_CLIENT_CONFIRMATION_OK"
6898,10142483962,10142484010,1,"IOTHUB_CLIENT_CONFIRMATION_OK"
6899,10142484162,10142484273,1,"IOTHUB_CLIENT_CONFIRMATION_OK"
6900,10142484362,10142484435,1,"IOTHUB_CLIENT_CONFIRMATION_OK"
6901,10142484562,10142484601,1,"IOTHUB_CLIENT_CONFIRMATION_OK"
6902,10142484762,10142484946,1,"IOTHUB_CLIENT_CONFIRMATION_OK"
6903,10142484962,10142485404,1,"IOTHUB_CLIENT_CONFIRMATION_OK"
6904,10142485163,10142485870,1,"IOTHUB_CLIENT_CONFIRMATION_OK"
6905,10142485363,10142485973,1,"IOTHUB_CLIENT_CONFIRMATION_OK"
6906,10142485563,10142486025,1,"IOTHUB_CLIENT_CONFIRMATION_OK"
6907,10142485763,10142486105,1,"IOTHUB_CLIENT_CONFIRMATION_OK"
6908,10142485963,10142486188,1,"IOTHUB_CLIENT_CONFIRMATION_OK"
6909,10142486163,10142486263,1,"IOTHUB_CLIENT_CONFIRMATION_OK"
6910,10142486363,10142486576,1,"IOTHUB_CLIENT_CONFIRMATION_OK"
6911,10142486564,10142486607,1,"IOTHUB_CLIENT_CONFIRMATION_OK"
6912,10142486764,10142486813,1,"IOTHUB_CLIENT_CONFIRMATION_OK"
6913,10142486964,10142487013,1,"IOTHUB_CLIENT_CONFIRMATION_OK"
6914,10142487164,10142487203,1,"IOTHUB_CLIENT_CONFIRMATION_OK"
6915,10142487364,10142487403,1,"IOTHUB_CLIENT_CONFIRMATION_OK"
6916,10142487564,10142487623,1,"IOTHUB_CLIENT_CONFIRMATION_OK"
6917,10142487765,10142487804,1,"IOTHUB_CLIENT_CONFIRMATION_OK"
6918,10142487965,10142488016,1,"IOTHUB_CLIENT_CONFIRMATION_OK"
6919,10142488165,10142488209,1,"IOTHUB_CLIENT_CONFIRMATION_OK"
6920,10142488365,10142488402,1,"IOTHUB_CLIENT_CONFIRMATION_OK"
6921,10142488565,10142488608,1,"IOTHUB_CLIENT_CONFIRMATION_OK"
6922,10142488765,10142488801,1,"IOTHUB_CLIENT_CONFIRMATION_OK"
6923,10142488966,10142489008,1,"IOTHUB_CLIENT_CONFIRMATION_OK"
6924,10142489166,10142489209,1,"IOTHUB_CLIENT_CONFIRMATION_OK"
6925,10142489366,10142489415,1,"IOTHUB_CLIENT_CONFIRMATION_OK"
6926,10142489566,10142489616,1,"IOTHUB_CLIENT_CONFIRMATION_OK"
6927,10142489766,10142489806,1,"IOTHUB_CLIENT_CONFIRMATION_OK"
6928,10142489966,10142490003,1,"IOTHUB_CLIENT_CONFIRMATION_OK"
6929,10142490166,10142490203,1,"IOTHUB_CLIENT_CONFIRMATION_OK"
6930,10142490367,10142490414,1,"IOTHUB_CLIENT_CONFIRMATION_OK"
6931,10142490567,10142490618,1,"IOTHUB_CLIENT_CONFIRMATION_OK"
6932,10142490767,10142490839,1,"IOTHUB_CLIENT_CONFIRMATION_OK"
6933,10142490967,10142491056,1,"IOTHUB_CLIENT_CONFIRMATION_OK"
6934,10142491167,10142491226,1,"IOTHUB_CLIENT_CONFIRMATION_OK"
6935,10142491367,10142491467,1,"IOTHUB_CLIENT_CONFIRMATION_OK"
6936,10142491568,10142491612,1,"IOTHUB_CLIENT_CONFIRMATION_OK"
6937,10142491768,10142491818,1,"IOTHUB_CLIENT_CONFIRMATION_OK"
6938,10142491968,10142492116,1,"IOTHUB_CLIENT_CONFIRMATION_OK"
6939,10142492168,10142492203,1,"IOTHUB_CLIENT_CONFIRMATION_OK"
6940,10142492368,10142492409,1,"IOTHUB_CLIENT_CONFIRMATION_OK"
6941,10142492568,10142492606,1,"IOTHUB_CLIENT_CONFIRMATION_OK"
6942,10142492768,10142492812,1,"IOTHUB_CLIENT_CONFIRMATION_OK"
6943,10142492969,10142493010,1,"IOTHUB_CLIENT_CONFIRMATION_OK"
6944,10142493169,10142493209,1,"IOTHUB_CLIENT_CONFIRMATION_OK"
6945,10142493369,10142493431,1,"IOTHUB_CLIENT_CONFIRMATION_OK"
6946,10142493569,10142493714,1,"IOTHUB_CLIENT_CONFIRMATION_OK"
6947,10142493769,10142493812,1,"IOTHUB_CLIENT_CONFIRMATION_OK"
6948,10142493969,10142494010,1,"IOTHUB_CLIENT_CONFIRMATION_OK"
6949,10142494170,10142494341,1,"IOTHUB_CLIENT_CONFIRMATION_OK"
6950,10142494370,10142494411,1,"IOTHUB_CLIENT_CONFIRMATION_OK"
6951,10142494570,10142494623,1,"IOTHUB_CLIENT_CONFIRMATION_OK"
6952,10142494770,10142494821,1,"IOTHUB_CLIENT_CONFIRMATION_OK"
6953,10142494970,10142495026,1,"IOTHUB_CLIENT_CONFIRMATION_OK"
6954,10142495170,10142495224,1,"IOTHUB_CLIENT_CONFIRMATION_OK"
6955,10142495370,10142495415,1,"IOTHUB_CLIENT_CONFIRMATION_OK"
6956,10142495571,10142495670,1,"IOTHUB_CLIENT_CONFIRMATION_OK"
6957,10142495771,10142495958,1,"IOTHUB_CLIENT_CONFIRMATION_OK"
6958,10142495971,10142496015,1,"IOTHUB_CLIENT_CONFIRMATION_OK"
6959,10142496171,10142496208,1,"IOTHUB_CLIENT_CONFIRMATION_OK"
6960,10142496371,10142496454,1,"IOTHUB_CLIENT_CONFIRMATION_OK"
6961,10142496571,10142496615,1,"IOTHUB_CLIENT_CONFIRMATION_OK"
6962,10142496772,10142496806,1,"IOTHUB_CLIENT_CONFIRMATION_OK"
6963,10142496972,10142497013,1,"IOTHUB_CLIENT_CONFIRMATION_OK"
6964,10142497172,10142497218,1,"IOTHUB_CLIENT_CONFIRMATION_OK"
6965,10142497372,10142497406,1,"IOTHUB_CLIENT_CONFIRMATION_OK"
6966,10142497572,10142497623,1,"IOTHUB_CLIENT_CONFIRMATION_OK"
6967,10142497772,10142497830,1,"IOTHUB_CLIENT_CONFIRMATION_OK"
6968,10142497972,10142498039,1,"IOTHUB_CLIENT_CONFIRMATION_OK"
6969,10142498173,10142498214,1,"IOTHUB_CLIENT_CONFIRMATION_OK"
6970,10142498373,10142498424,1,"IOTHUB_CLIENT_CONFIRMATION_OK"
6971,10142498573,10142498657,1,"IOTHUB_CLIENT_CONFIRMATION_OK"
6972,10142498773,10142498819,1,"IOTHUB_CLIENT_CONFIRMATION_OK"
6973,10142498973,10142499010,1,"IOTHUB_CLIENT_CONFIRMATION_OK"
6974,10142499173,10142499225,1,"IOTHUB_CLIENT_CONFIRMATION_OK"
6975,10142499373,10142499418,1,"IOTHUB_CLIENT_CONFIRMATION_OK"
6976,10142499574,10142499614,1,"IOTHUB_CLIENT_CONFIRMATION_OK"
6977,10142499774,10142499838,1,"IOTHUB_CLIENT_CONFIRMATION_OK"
6978,10142499974,10142500070,1,"IOTHUB_CLIENT_CONFIRMATION_OK"
6979,10142500174,10142500220,1,"IOTHUB_CLIENT_CONFIRMATION_OK"
6980,10142500374,10142500422,1,"IOTHUB_CLIENT_CONFIRMATION_OK"
6981,10142500574,10142500614,1,"IOTHUB_CLIENT_CONFIRMATION_OK"
6982,10142500775,10142500864,1,"IOTHUB_CLIENT_CONFIRMATION_OK"
6983,10142500975,10142501064,1,"IOTHUB_CLIENT_CONFIRMATION_OK"
6984,10142501175,10142501233,1,"IOTHUB_CLIENT_CONFIRMATION_OK"
6985,10142501375,10142501454,1,"IOTHUB_CLIENT_CONFIRMATION_OK"
6986,10142501575,10142501641,1,"IOTHUB_CLIENT_CONFIRMATION_OK"
6987,10142501775,10142501812,1,"IOTHUB_CLIENT_CONFIRMATION_OK"
6988,10142501975,10142502067,1,"IOTHUB_CLIENT_CONFIRMATION_OK"
6989,10142502176,10142502230,1,"IOTHUB_CLIENT_CONFIRMATION_OK"
6990,10142502376,10142502428,1,"IOTHUB_CLIENT_CONFIRMATION_OK"
6991,10142502576,10142502633,1,"IOTHUB_CLIENT_CONFIRMATION_OK"
6992,10142502776,10142502811,1,"IOTHUB_CLIENT_CONFIRMATION_OK"
6993,10142502976,10142503029,1,"IOTHUB_CLIENT_CONFIRMATION_OK"
6994,10142503176,10142503222,1,"IOTHUB_CLIENT_CONFIRMATION_OK"
6995,10142503377,10142503417,1,"IOTHUB_CLIENT_CONFIRMATION_OK"
6996,10142503577,10142503735,1,"IOTHUB_CLIENT_CONFIRMATION_OK"
6997,10142503777,10142503847,1,"IOTHUB_CLIENT_CONFIRMATION_OK"
6998,10142503977,10142504023,1,"IOTHUB_CLIENT_CONFIRMATION_OK"
6999,10142504177,10142504320,1,"IOTHUB_CLIENT_CONFIRMATION_OK"
7000,10142504377,10142504446,1,"IOTHUB_CLIENT_CONFIRMATION_OK"
7001,10142504577,10142504620,1,"IOTHUB_CLIENT_CONFIRMATION_OK"
7002,10142504778,10142504824,1,"IOTHUB_CLIENT_CONFIRMATION_OK"
7003,10142504978,10142505021,1,"IOTHUB_CLIENT_CONFIRMATION_OK"
7004,10142505178,10142505214,1,"IOTHUB_CLIENT_CONFIRMATION_OK"
7005,10142505378,10142505432,1,"IOTHUB_CLIENT_CONFIRMATION_OK"
7006,10142505578,10142505629,1,"IOTHUB_CLIENT_CONFIRMATION_OK"
7007,10142505778,10142506014,1,"IOTHUB_CLIENT_CONFIRMATION_OK"
7008,10142505978,10142506037,1,"IOTHUB_CLIENT_CONFIRMATION_OK"
7009,10142506179,10142506247,1,"IOTHUB_CLIENT_CONFIRMATION_OK"
7010,10142506379,10142506418,1,"IOTHUB_CLIENT_CONFIRMATION_OK"
7011,10142506579,10142506642,1,"IOTHUB_CLIENT_CONFIRMATION_OK"
7012,10142506779,10142506824,1,"IOTHUB_CLIENT_CONFIRMATION_OK"
7013,10142506979,10142507096,1,"IOTHUB_CLIENT_CONFIRMATION_OK"
7014,10142507179,10142507236,1,"IOTHUB_CLIENT_CONFIRMATION_OK"
7015,10142507379,10142507460,1,"IOTHUB_CLIENT_CONFIRMATION_OK"
7016,10142507580,10142507691,1,"IOTHUB_CLIENT_CONFIRMATION_OK"
7017,10142507780,10142507821,1,"IOTHUB_CLIENT_CONFIRMATION_OK"
7018,10142507980,10142508066,1,"IOTHUB_CLIENT_CONFIRMATION_OK"
7019,10142508180,10142508223,1,"IOTHUB_CLIENT_CONFIRMATION_OK"
7020,10142508380,10142508425,1,"IOTHUB_CLIENT_CONFIRMATION_OK"
7021,10142508580,10142508669,1,"IOTHUB_CLIENT_CONFIRMATION_OK"
7022,10142508781,10142508817,1,"IOTHUB_CLIENT_CONFIRMATION_OK"
7023,10142508981,10142509022,1,"IOTHUB_CLIENT_CONFIRMATION_OK"
7024,10142509181,10142509282,1,"IOTHUB_CLIENT_CONFIRMATION_OK"
7025,10142509381,10142509418,1,"IOTHUB_CLIENT_CONFIRMATION_OK"
7026,10142509581,10142509622,1,"IOTHUB_CLIENT_CONFIRMATION_OK"
7027,10142509781,10142509819,1,"IOTHUB_CLIENT_CONFIRMATION_OK"
7028,10142509981,10142510028,1,"IOTHUB_CLIENT_CONFIRMATION_OK"
7029,10142510182,10142510226,1,"IOTHUB_CLIENT_CONFIRMATION_OK"
7030,10142510382,10142510432,1,"IOTHUB_CLIENT_CONFIRMATION_OK"
7031,10142510582,10142510627,1,"IOTHUB_CLIENT_CONFIRMATION_OK"
7032,10142510782,10142510938,1,"IOTHUB_CLIENT_CONFIRMATION_OK"
7033,10142510982,10142511022,1,"IOTHUB_CLIENT_CONFIRMATION_OK"
7034,10142511182,10142511245,1,"IOTHUB_CLIENT_CONFIRMATION_OK"
7035,10142511382,10142511545,1,"IOTHUB_CLIENT_CONFIRMATION_OK"
7036,10142511583,10142511617,1,"IOTHUB_CLIENT_CONFIRMATION_OK"
7037,10142511783,10142511843,1,"IOTHUB_CLIENT_CONFIRMATION_OK"
7038,10142511983,10142512065,1,"IOTHUB_CLIENT_CONFIRMATION_OK"
7039,10142512183,10142512249,1,"IOTHUB_CLIENT_CONFIRMATION_OK"
7040,10142512383,10142512427,1,"IOTHUB_CLIENT_CONFIRMATION_OK"
7041,10142512583,10142512658,1,"IOTHUB_CLIENT_CONFIRMATION_OK"
7042,10142512783,10142512827,1,"IOTHUB_CLIENT_CONFIRMATION_OK"
7043,10142512984,10142513035,1,"IOTHUB_CLIENT_CONFIRMATION_OK"
7044,10142513184,10142513229,1,"IOTHUB_CLIENT_CONFIRMATION_OK"
7045,10142513384,10142513427,1,"IOTHUB_CLIENT_CONFIRMATION_OK"
7046,10142513584,10142513655,1,"IOTHUB_CLIENT_CONFIRMATION_OK"
7047,10142513784,10142513906,1,"IOTHUB_CLIENT_CONFIRMATION_OK"
7048,10142513985,10142514046,1,"IOTHUB_CLIENT_CONFIRMATION_OK"
7049,10142514185,10142514269,1,"IOTHUB_CLIENT_CONFIRMATION_OK"
7050,10142514385,10142514428,1,"IOTHUB_CLIENT_CONFIRMATION_OK"
7051,10142514585,10142514646,1,"IOTHUB_CLIENT_CONFIRMATION_OK"
7052,10142514785,10142514886,1,"IOTHUB_CLIENT_CONFIRMATION_OK"
7053,10142514985,10142515029,1,"IOTHUB_CLIENT_CONFIRMATION_OK"
7054,10142515186,10142515224,1,"IOTHUB_CLIENT_CONFIRMATION_OK"
7055,10142515386,10142515429,1,"IOTHUB_CLIENT_CONFIRMATION_OK"
7056,10142515586,10142515627,1,"IOTHUB_CLIENT_CONFIRMATION_OK"
7057,10142515786,10142515894,1,"IOTHUB_CLIENT_CONFIRMATION_OK"
7058,10142515986,10142516040,1,"IOTHUB_CLIENT_CONFIRMATION_OK"
7059,10142516186,10142516220,1,"IOTHUB_CLIENT_CONFIRMATION_OK"
7060,10142516386,10142516513,1,"IOTHUB_CLIENT_CONFIRMATION_OK"
7061,10142516587,10142516660,1,"IOTHUB_CLIENT_CONFIRMATION_OK"
7062,10142516787,10142516835,1,"IOTHUB_CLIENT_CONFIRMATION_OK"
7063,10142516987,10142517023,1,"IOTHUB_CLIENT_CONFIRMATION_OK"
7064,10142517187,10142517225,1,"IOTHUB_CLIENT_CONFIRMATION_OK"
7065,10142517387,10142517442,1,"IOTHUB_CLIENT_CONFIRMATION_OK"
7066,10142517587,10142517619,1,"IOTHUB_CLIENT_CONFIRMATION_OK"
7067,10142517788,10142517826,1,"IOTHUB_CLIENT_CONFIRMATION_OK"
7068,10142517988,10142518139,1,"IOTHUB_CLIENT_CONFIRMATION_OK"
7069,10142518188,10142518229,1,"IOTHUB_CLIENT_CONFIRMATION_OK"
7070,10142518388,10142518445,1,"IOTHUB_CLIENT_CONFIRMATION_OK"
7071,10142518588,10142518749,1,"IOTHUB_CLIENT_CONFIRMATION_OK"
7072,10142518789,10142518836,1,"IOTHUB_CLIENT_CONFIRMATION_OK"
7073,10142518989,10142519035,1,"IOTHUB_CLIENT_CONFIRMATION_OK"
7074,10142519189,10142519247,1,"IOTHUB_CLIENT_CONFIRMATION_OK"
7075,10142519389,10142519438,1,"IOTHUB_CLIENT_CONFIRMATION_OK"
7076,10142519589,10142519625,1,"IOTHUB_CLIENT_CONFIRMATION_OK"
7077,10142519789,10142519857,1,"IOTHUB_CLIENT_CONFIRMATION_OK"
7078,10142519989,10142520034,1,"IOTHUB_CLIENT_CONFIRMATION_OK"
7079,10142520190,10142520229,1,"IOTHUB_CLIENT_CONFIRMATION_OK"
7080,10142520390,10142520431,1,"IOTHUB_CLIENT_CONFIRMATION_OK"
7081,10142520590,10142520642,1,"IOTHUB_CLIENT_CONFIRMATION_OK"
7082,10142520790,10142520848,1,"IOTHUB_CLIENT_CONFIRMATION_OK"
7083,10142520990,10142521031,1,"IOTHUB_CLIENT_CONFIRMATION_OK"
7084,10142521190,10142521251,1,"IOTHUB_CLIENT_CONFIRMATION_OK"
7085,10142521390,10142521439,1,"IOTHUB_CLIENT_CONFIRMATION_OK"
7086,10142521591,10142521623,1,"IOTHUB_CLIENT_CONFIRMATION_OK"
7087,10142521791,10142521857,1,"IOTHUB_CLIENT_CONFIRMATION_OK"
7088,10142521991,10142522036,1,"IOTHUB_CLIENT_CONFIRMATION_OK"
7089,10142522191,10142522311,1,"IOTHUB_CLIENT_CONFIRMATION_OK"
7090,10142522391,10142522427,1,"IOTHUB_CLIENT_CONFIRMATION_OK"
7091,10142522591,10142522653,1,"IOTHUB_CLIENT_CONFIRMATION_OK"
7092,10142522792,10142522843,1,"IOTHUB_CLIENT_CONFIRMATION_OK"
7093,10142522992,10142523050,1,"IOTHUB_CLIENT_CONFIRMATION_OK"
7094,10142523192,10142523231,1,"IOTHUB_CLIENT_CONFIRMATION_OK"
7095,10142523392,10142523429,1,"IOTHUB_CLIENT_CONFIRMATION_OK"
7096,10142523592,10142523658,1,"IOTHUB_CLIENT_CONFIRMATION_OK"
7097,10142523792,10142523841,1,"IOTHUB_CLIENT_CONFIRMATION_OK"
7098,10142523993,10142524061,1,"IOTHUB_CLIENT_CONFIRMATION_OK"
7099,10142524193,10142524269,1,"IOTHUB_CLIENT_CONFIRMATION_OK"
7100,10142524393,10142524445,1,"IOTHUB_CLIENT_CONFIRMATION_OK"
7101,10142524593,10142524630,1,"IOTHUB_CLIENT_CONFIRMATION_OK"
7102,10142524793,10142524837,1,"IOTHUB_CLIENT_CONFIRMATION_OK"
7103,10142524993,10142525028,1,"IOTHUB_CLIENT_CONFIRMATION_OK"
7104,10142525193,10142525304,1,"IOTHUB_CLIENT_CONFIRMATION_OK"
7105,10142525394,10142525449,1,"IOTHUB_CLIENT_CONFIRMATION_OK"
7106,10142525594,10142525632,1,"IOTHUB_CLIENT_CONFIRMATION_OK"
7107,10142525794,10142525949,1,"IOTHUB_CLIENT_CONFIRMATION_OK"
7108,10142525994,10142526037,1,"IOTHUB_CLIENT_CONFIRMATION_OK"
7109,10142526194,10142526230,1,"IOTHUB_CLIENT_CONFIRMATION_OK"
7110,10142526394,10142526525,1,"IOTHUB_CLIENT_CONFIRMATION_OK"
7111,10142526594,10142526678,1,"IOTHUB_CLIENT_CONFIRMATION_OK"
7112,10142526795,10142526842,1,"IOTHUB_CLIENT_CONFIRMATION_OK"
7113,10142526995,10142527036,1,"IOTHUB_CLIENT_CONFIRMATION_OK"
7114,10142527195,10142527258,1,"IOTHUB_CLIENT_CONFIRMATION_OK"
7115,10142527395,10142527431,1,"IOTHUB_CLIENT_CONFIRMATION_OK"
7116,10142527595,10142527632,1,"IOTHUB_CLIENT_CONFIRMATION_OK"
7117,10142527795,10142527905,1,"IOTHUB_CLIENT_CONFIRMATION_OK"
7118,10142527996,10142528142,1,"IOTHUB_CLIENT_CONFIRMATION_OK"
7119,10142528196,10142528233,1,"IOTHUB_CLIENT_CONFIRMATION_OK"
7120,10142528396,10142528459,1,"IOTHUB_CLIENT_CONFIRMATION_OK"
7121,10142528596,10142528754,1,"IOTHUB_CLIENT_CONFIRMATION_OK"
7122,10142528796,10142528837,1,"IOTHUB_CLIENT_CONFIRMATION_OK"
7123,10142528996,10142529036,1,"IOTHUB_CLIENT_CONFIRMATION_OK"
7124,10142529197,10142529255,1,"IOTHUB_CLIENT_CONFIRMATION_OK"
7125,10142529397,10142529436,1,"IOTHUB_CLIENT_CONFIRMATION_OK"
7126,10142529597,10142529632,1,"IOTHUB_CLIENT_CONFIRMATION_OK"
7127,10142529797,10142529834,1,"IOTHUB_CLIENT_CONFIRMATION_OK"
7128,10142529997,10142530033,1,"IOTHUB_CLIENT_CONFIRMATION_OK"
7129,10142530197,10142530373,1,"IOTHUB_CLIENT_CONFIRMATION_OK"
7130,10142530397,10142530441,1,"IOTHUB_CLIENT_CONFIRMATION_OK"
7131,10142530598,10142530632,1,"IOTHUB_CLIENT_CONFIRMATION_OK"
7132,10142530798,10142531018,1,"IOTHUB_CLIENT_CONFIRMATION_OK"
7133,10142530998,10142531037,1,"IOTHUB_CLIENT_CONFIRMATION_OK"
7134,10142531198,10142531239,1,"IOTHUB_CLIENT_CONFIRMATION_OK"
7135,10142531398,10142531436,1,"IOTHUB_CLIENT_CONFIRMATION_OK"
7136,10142531598,10142531651,1,"IOTHUB_CLIENT_CONFIRMATION_OK"
7137,10142531799,10142531862,1,"IOTHUB_CLIENT_CONFIRMATION_OK"
7138,10142531999,10142532043,1,"IOTHUB_CLIENT_CONFIRMATION_OK"
7139,10142532199,10142532241,1,"IOTHUB_CLIENT_CONFIRMATION_OK"
7140,10142532399,10142532442,1,"IOTHUB_CLIENT_CONFIRMATION_OK"
7141,10142532599,10142532643,1,"IOTHUB_CLIENT_CONFIRMATION_OK"
7142,10142532800,10142533375,1,"IOTHUB_CLIENT_CONFIRMATION_OK"
7143,10142533000,10142533798,1,"IOTHUB_CLIENT_CONFIRMATION_OK"
7144,10142533200,10142533948,1,"IOTHUB_CLIENT_CONFIRMATION_OK"
7145,10142533400,10142534020,1,"IOTHUB_CLIENT_CONFIRMATION_OK"
7146,10142533600,10142534079,1,"IOTHUB_CLIENT_CONFIRMATION_OK"
7147,10142533800,10142534135,1,"IOTHUB_CLIENT_CONFIRMATION_OK"
7148,10142534001,10142534290,1,"IOTHUB_CLIENT_CONFIRMATION_OK"
7149,10142534201,10142534328,1,"IOTHUB_CLIENT_CONFIRMATION_OK"
7150,10142534401,10142534484,1,"IOTHUB_CLIENT_CONFIRMATION_OK"
7151,10142534601,10142534647,1,"IOTHUB_CLIENT_CONFIRMATION_OK"
7152,10142534801,10142534851,1,"IOTHUB_CLIENT_CONFIRMATION_OK"
7153,10142535001,10142535049,1,"IOTHUB_CLIENT_CONFIRMATION_OK"
7154,10142535202,10142535284,1,"IOTHUB_CLIENT_CONFIRMATION_OK"
7155,10142535402,10142535437,1,"IOTHUB_CLIENT_CONFIRMATION_OK"
7156,10142535602,10142535649,1,"IOTHUB_CLIENT_CONFIRMATION_OK"
7157,10142535802,10142535898,1,"IOTHUB_CLIENT_CONFIRMATION_OK"
7158,10142536002,10142536041,1,"IOTHUB_CLIENT_CONFIRMATION_OK"
7159,10142536202,10142536251,1,"IOTHUB_CLIENT_CONFIRMATION_OK"
7160,10142536402,10142536520,1,"IOTHUB_CLIENT_CONFIRMATION_OK"
7161,10142536603,10142536653,1,"IOTHUB_CLIENT_CONFIRMATION_OK"
7162,10142536803,10142536840,1,"IOTHUB_CLIENT_CONFIRMATION_OK"
7163,10142537003,10142537045,1,"IOTHUB_CLIENT_CONFIRMATION_OK"
7164,10142537203,10142537244,1,"IOTHUB_CLIENT_CONFIRMATION_OK"
7165,10142537403,10142537442,1,"IOTHUB_CLIENT_CONFIRMATION_OK"
7166,10142537603,10142537640,1,"IOTHUB_CLIENT_CONFIRMATION_OK"
7167,10142537804,10142537894,1,"IOTHUB_CLIENT_CONFIRMATION_OK"
7168,10142538004,10142538156,1,"IOTHUB_CLIENT_CONFIRMATION_OK"
7169,10142538204,10142538239,1,"IOTHUB_CLIENT_CONFIRMATION_OK"
7170,10142538404,10142538439,1,"IOTHUB_CLIENT_CONFIRMATION_OK"
7171,10142538604,10142538793,1,"IOTHUB_CLIENT_CONFIRMATION_OK"
7172,10142538804,10142538851,1,"IOTHUB_CLIENT_CONFIRMATION_OK"
7173,10142539004,10142539044,1,"IOTHUB_CLIENT_CONFIRMATION_OK"
7174,10142539205,10142539241,1,"IOTHUB_CLIENT_CONFIRMATION_OK"
7175,10142539405,10142539478,1,"IOTHUB_CLIENT_CONFIRMATION_OK"
7176,10142539605,10142539640,1,"IOTHUB_CLIENT_CONFIRMATION_OK"
7177,10142539805,10142539869,1,"IOTHUB_CLIENT_CONFIRMATION_OK"
7178,10142540005,10142540042,1,"IOTHUB_CLIENT_CONFIRMATION_OK"
7179,10142540205,10142540398,1,"IOTHUB_CLIENT_CONFIRMATION_OK"
7180,10142540406,10142540458,1,"IOTHUB_CLIENT_CONFIRMATION_OK"
7181,10142540606,10142540642,1,"IOTHUB_CLIENT_CONFIRMATION_OK"
7182,10142540806,10142540856,1,"IOTHUB_CLIENT_CONFIRMATION_OK"
7183,10142541006,10142541081,1,"IOTHUB_CLIENT_CONFIRMATION_OK"
7184,10142541206,10142541249,1,"IOTHUB_CLIENT_CONFIRMATION_OK"
7185,10142541406,10142541445,1,"IOTHUB_CLIENT_CONFIRMATION_OK"
7186,10142541606,10142541679,1,"IOTHUB_CLIENT_CONFIRMATION_OK"
7187,10142541807,10142541847,1,"IOTHUB_CLIENT_CONFIRMATION_OK"
7188,10142542007,10142542080,1,"IOTHUB_CLIENT_CONFIRMATION_OK"
7189,10142542207,10142542253,1,"IOTHUB_CLIENT_CONFIRMATION_OK"
7190,10142542407,10142542444,1,"IOTHUB_CLIENT_CONFIRMATION_OK"
7191,10142542607,10142542655,1,"IOTHUB_CLIENT_CONFIRMATION_OK"
7192,10142542807,10142542848,1,"IOTHUB_CLIENT_CONFIRMATION_OK"
7193,10142543008,10142543053,1,"IOTHUB_CLIENT_CONFIRMATION_OK"
7194,10142543208,10142543253,1,"IOTHUB_CLIENT_CONFIRMATION_OK"
7195,10142543408,10142543445,1,"IOTHUB_CLIENT_CONFIRMATION_OK"
7196,10142543608,10142543651,1,"IOTHUB_CLIENT_CONFIRMATION_OK"
7197,10142543808,10142543847,1,"IOTHUB_CLIENT_CONFIRMATION_OK"
7198,10142544008,10142544053,1,"IOTHUB_CLIENT_CONFIRMATION_OK"
7199,10142544209,10142544266,1,"IOTHUB_CLIENT_CONFIRMATION_OK"
7200,10142544409,10142544488,1,"IOTHUB_CLIENT_CONFIRMATION_OK"
7201,10142544609,10142544652,1,"IOTHUB_CLIENT_CONFIRMATION_OK"
7202,10142544809,10142544886,1,"IOTHUB_CLIENT_CONFIRMATION_OK"
7203,10142545009,10142545053,1,"IOTHUB_CLIENT_CONFIRMATION_OK"
7204,10142545209,10142545271,1,"IOTHUB_CLIENT_CONFIRMATION_OK"
7205,10142545409,10142545453,1,"IOTHUB_CLIENT_CONFIRMATION_OK"
7206,10142545610,10142545658,1,"IOTHUB_CLIENT_CONFIRMATION_OK"
7207,10142545810,10142545874,1,"IOTHUB_CLIENT_CONFIRMATION_OK"
7208,10142546010,10142546112,1,"IOTHUB_CLIENT_CONFIRMATION_OK"
7209,10142546210,10142546253,1,"IOTHUB_CLIENT_CONFIRMATION_OK"
7210,10142546410,10142546484,1,"IOTHUB_CLIENT_CONFIRMATION_OK"
7211,10142546610,10142546669,1,"IOTHUB_CLIENT_CONFIRMATION_OK"
7212,10142546811,10142546853,1,"IOTHUB_CLIENT_CONFIRMATION_OK"
7213,10142547011,10142547090,1,"IOTHUB_CLIENT_CONFIRMATION_OK"
7214,10142547211,10142547250,1,"IOTHUB_CLIENT_CONFIRMATION_OK"
7215,10142547411,10142547481,1,"IOTHUB_CLIENT_CONFIRMATION_OK"
7216,10142547611,10142547647,1,"IOTHUB_CLIENT_CONFIRMATION_OK"
7217,10142547811,10142547875,1,"IOTHUB_CLIENT_CONFIRMATION_OK"
7218,10142548011,10142548113,1,"IOTHUB_CLIENT_CONFIRMATION_OK"
7219,10142548212,10142548246,1,"IOTHUB_CLIENT_CONFIRMATION_OK"
7220,10142548412,10142548447,1,"IOTHUB_CLIENT_CONFIRMATION_OK"
7221,10142548612,10142548720,1,"IOTHUB_CLIENT_CONFIRMATION_OK"
7222,10142548812,10142548853,1,"IOTHUB_CLIENT_CONFIRMATION_OK"
7223,10142549012,10142549076,1,"IOTHUB_CLIENT_CONFIRMATION_OK"
7224,10142549212,10142549254,1,"IOTHUB_CLIENT_CONFIRMATION_OK"
7225,10142549412,10142549456,1,"IOTHUB_CLIENT_CONFIRMATION_OK"
7226,10142549613,10142549659,1,"IOTHUB_CLIENT_CONFIRMATION_OK"
7227,10142549813,10142549865,1,"IOTHUB_CLIENT_CONFIRMATION_OK"
7228,10142550013,10142550084,1,"IOTHUB_CLIENT_CONFIRMATION_OK"
7229,10142550213,10142550350,1,"IOTHUB_CLIENT_CONFIRMATION_OK"
7230,10142550413,10142550449,1,"IOTHUB_CLIENT_CONFIRMATION_OK"
7231,10142550613,10142550649,1,"IOTHUB_CLIENT_CONFIRMATION_OK"
7232,10142550814,10142550992,1,"IOTHUB_CLIENT_CONFIRMATION_OK"
7233,10142551014,10142551048,1,"IOTHUB_CLIENT_CONFIRMATION_OK"
7234,10142551214,10142551273,1,"IOTHUB_CLIENT_CONFIRMATION_OK"
7235,10142551414,10142551457,1,"IOTHUB_CLIENT_CONFIRMATION_OK"
7236,10142551614,10142551663,1,"IOTHUB_CLIENT_CONFIRMATION_OK"
7237,10142551814,10142551862,1,"IOTHUB_CLIENT_CONFIRMATION_OK"
7238,10142552014,10142552058,1,"IOTHUB_CLIENT_CONFIRMATION_OK"
7239,10142552215,10142552248,1,"IOTHUB_CLIENT_CONFIRMATION_OK"
7240,10142552415,10142552614,1,"IOTHUB_CLIENT_CONFIRMATION_OK"
7241,10142552615,10142552659,1,"IOTHUB_CLIENT_CONFIRMATION_OK"
7242,10142552815,10142552869,1,"IOTHUB_CLIENT_CONFIRMATION_OK"
7243,10142553015,10142553088,1,"IOTHUB_CLIENT_CONFIRMATION_OK"
7244,10142553215,10142553267,1,"IOTHUB_CLIENT_CONFIRMATION_OK"
7245,10142553416,10142553460,1,"IOTHUB_CLIENT_CONFIRMATION_OK"
7246,10142553616,10142553658,1,"IOTHUB_CLIENT_CONFIRMATION_OK"
7247,10142553816,10142553852,1,"IOTHUB_CLIENT_CONFIRMATION_OK"
7248,10142554016,10142554064,1,"IOTHUB_CLIENT_CONFIRMATION_OK"
7249,10142554216,10142554264,1,"IOTHUB_CLIENT_CONFIRMATION_OK"
7250,10142554416,10142554454,1,"IOTHUB_CLIENT_CONFIRMATION_OK"
7251,10142554616,10142554655,1,"IOTHUB_CLIENT_CONFIRMATION_OK"
7252,10142554817,10142554863,1,"IOTHUB_CLIENT_CONFIRMATION_OK"
7253,10142555017,10142555051,1,"IOTHUB_CLIENT_CONFIRMATION_OK"
7254,10142555217,10142555284,1,"IOTHUB_CLIENT_CONFIRMATION_OK"
7255,10142555417,10142555467,1,"IOTHUB_CLIENT_CONFIRMATION_OK"
7256,10142555617,10142555720,1,"IOTHUB_CLIENT_CONFIRMATION_OK"
7257,10142555817,10142555969,1,"IOTHUB_CLIENT_CONFIRMATION_OK"
7258,10142556018,10142556056,1,"IOTHUB_CLIENT_CONFIRMATION_OK"
7259,10142556218,10142556284,1,"IOTHUB_CLIENT_CONFIRMATION_OK"
7260,10142556418,10142556479,1,"IOTHUB_CLIENT_CONFIRMATION_OK"
7261,10142556618,10142556710,1,"IOTHUB_CLIENT_CONFIRMATION_OK"
7262,10142556818,10142556871,1,"IOTHUB_CLIENT_CONFIRMATION_OK"
7263,10142557018,10142557062,1,"IOTHUB_CLIENT_CONFIRMATION_OK"
7264,10142557218,10142557260,1,"IOTHUB_CLIENT_CONFIRMATION_OK"
7265,10142557419,10142557579,1,"IOTHUB_CLIENT_CONFIRMATION_OK"
7266,10142557619,10142557711,1,"IOTHUB_CLIENT_CONFIRMATION_OK"
7267,10142557819,10142557886,1,"IOTHUB_CLIENT_CONFIRMATION_OK"
7268,10142558019,10142558056,1,"IOTHUB_CLIENT_CONFIRMATION_OK"
7269,10142558219,10142558257,1,"IOTHUB_CLIENT_CONFIRMATION_OK"
7270,10142558419,10142558470,1,"IOTHUB_CLIENT_CONFIRMATION_OK"
7271,10142558620,10142558658,1,"IOTHUB_CLIENT_CONFIRMATION_OK"
7272,10142558820,10142558873,1,"IOTHUB_CLIENT_CONFIRMATION_OK"
7273,10142559020,10142559058,1,"IOTHUB_CLIENT_CONFIRMATION_OK"
7274,10142559220,10142559260,1,"IOTHUB_CLIENT_CONFIRMATION_OK"
7275,10142559420,10142559467,1,"IOTHUB_CLIENT_CONFIRMATION_OK"
7276,10142559620,10142559829,1,"IOTHUB_CLIENT_CONFIRMATION_OK"
7277,10142559820,10142559891,1,"IOTHUB_CLIENT_CONFIRMATION_OK"
7278,10142560021,10142560076,1,"IOTHUB_CLIENT_CONFIRMATION_OK"
7279,10142560221,10142560286,1,"IOTHUB_CLIENT_CONFIRMATION_OK"
7280,10142560421,10142560459,1,"IOTHUB_CLIENT_CONFIRMATION_OK"
7281,10142560621,10142560668,1,"IOTHUB_CLIENT_CONFIRMATION_OK"
7282,10142560821,10142560934,1,"IOTHUB_CLIENT_CONFIRMATION_OK"
7283,10142561021,10142561097,1,"IOTHUB_CLIENT_CONFIRMATION_OK"
7284,10142561221,10142561262,1,"IOTHUB_CLIENT_CONFIRMATION_OK"
7285,10142561422,10142561498,1,"IOTHUB_CLIENT_CONFIRMATION_OK"
7286,10142561622,10142561660,1,"IOTHUB_CLIENT_CONFIRMATION_OK"
7287,10142561822,10142561881,1,"IOTHUB_CLIENT_CONFIRMATION_OK"
7288,10142562022,10142562079,1,"IOTHUB_CLIENT_CONFIRMATION_OK"
7289,10142562222,10142562277,1,"IOTHUB_CLIENT_CONFIRMATION_OK"
7290,10142562423,10142562505,1,"IOTHUB_CLIENT_CONFIRMATION_OK"
7291,10142562623,10142562690,1,"IOTHUB_CLIENT_CONFIRMATION_OK"
7292,10142562823,10142562885,1,"IOTHUB_CLIENT_CONFIRMATION_OK"
7293,10142563023,10142563112,1,"IOTHUB_CLIENT_CONFIRMATION_OK"
7294,10142563223,10142563263,1,"IOTHUB_CLIENT_CONFIRMATION_OK"
7295,10142563423,10142563488,1,"IOTHUB_CLIENT_CONFIRMATION_OK"
7296,10142563623,10142563667,1,"IOTHUB_CLIENT_CONFIRMATION_OK"
7297,10142563824,10142563865,1,"IOTHUB_CLIENT_CONFIRMATION_OK"
7298,10142564024,10142564064,1,"IOTHUB_CLIENT_CONFIRMATION_OK"
7299,10142564224,10142564258,1,"IOTHUB_CLIENT_CONFIRMATION_OK"
7300,10142564424,10142564474,1,"IOTHUB_CLIENT_CONFIRMATION_OK"
7301,10142564624,10142564770,1,"IOTHUB_CLIENT_CONFIRMATION_OK"
7302,10142564824,10142564866,1,"IOTHUB_CLIENT_CONFIRMATION_OK"
7303,10142565024,10142565056,1,"IOTHUB_CLIENT_CONFIRMATION_OK"
7304,10142565225,10142565387,1,"IOTHUB_CLIENT_CONFIRMATION_OK"
7305,10142565425,10142565479,1,"IOTHUB_CLIENT_CONFIRMATION_OK"
7306,10142565625,10142565668,1,"IOTHUB_CLIENT_CONFIRMATION_OK"
7307,10142565825,10142565862,1,"IOTHUB_CLIENT_CONFIRMATION_OK"
7308,10142566025,10142566056,1,"IOTHUB_CLIENT_CONFIRMATION_OK"
7309,10142566225,10142566303,1,"IOTHUB_CLIENT_CONFIRMATION_OK"
7310,10142566426,10142566490,1,"IOTHUB_CLIENT_CONFIRMATION_OK"
7311,10142566626,10142566669,1,"IOTHUB_CLIENT_CONFIRMATION_OK"
7312,10142566826,10142567010,1,"IOTHUB_CLIENT_CONFIRMATION_OK"
7313,10142567026,10142567100,1,"IOTHUB_CLIENT_CONFIRMATION_OK"
7314,10142567226,10142567386,1,"IOTHUB_CLIENT_CONFIRMATION_OK"
7315,10142567426,10142567617,1,"IOTHUB_CLIENT_CONFIRMATION_OK"
7316,10142567627,10142567672,1,"IOTHUB_CLIENT_CONFIRMATION_OK"
7317,10142567827,10142567914,1,"IOTHUB_CLIENT_CONFIRMATION_OK"
7318,10142568027,10142568082,1,"IOTHUB_CLIENT_CONFIRMATION_OK"
7319,10142568227,10142568265,1,"IOTHUB_CLIENT_CONFIRMATION_OK"
7320,10142568427,10142568469,1,"IOTHUB_CLIENT_CONFIRMATION_OK"
7321,10142568627,10142568689,1,"IOTHUB_CLIENT_CONFIRMATION_OK"
7322,10142568827,10142568885,1,"IOTHUB_CLIENT_CONFIRMATION_OK"
7323,10142569028,10142569068,1,"IOTHUB_CLIENT_CONFIRMATION_OK"
7324,10142569228,10142569276,1,"IOTHUB_CLIENT_CONFIRMATION_OK"
7325,10142569428,10142569471,1,"IOTHUB_CLIENT_CONFIRMATION_OK"
7326,10142569628,10142569842,1,"IOTHUB_CLIENT_CONFIRMATION_OK"
7327,10142569828,10142569879,1,"IOTHUB_CLIENT_CONFIRMATION_OK"
7328,10142570028,10142570064,1,"IOTHUB_CLIENT_CONFIRMATION_OK"
7329,10142570229,10142570262,1,"IOTHUB_CLIENT_CONFIRMATION_OK"
7330,10142570429,10142570463,1,"IOTHUB_CLIENT_CONFIRMATION_OK"
7331,10142570629,10142570664,1,"IOTHUB_CLIENT_CONFIRMATION_OK"
7332,10142570829,10142570875,1,"IOTHUB_CLIENT_CONFIRMATION_OK"
7333,10142571029,10142571066,1,"IOTHUB_CLIENT_CONFIRMATION_OK"
7334,10142571229,10142571264,1,"IOTHUB_CLIENT_CONFIRMATION_OK"
7335,10142571430,10142571516,1,"IOTHUB_CLIENT_CONFIRMATION_OK"
7336,10142571630,10142571675,1,"IOTHUB_CLIENT_CONFIRMATION_OK"
7337,10142571830,10142571908,1,"IOTHUB_CLIENT_CONFIRMATION_OK"
7338,10142572030,10142572067,1,"IOTHUB_CLIENT_CONFIRMATION_OK"
7339,10142572230,10142572363,1,"IOTHUB_CLIENT_CONFIRMATION_OK"
7340,10142572430,10142572591,1,"IOTHUB_CLIENT_CONFIRMATION_OK"
7341,10142572631,10142572666,1,"IOTHUB_CLIENT_CONFIRMATION_OK"
7342,10142572831,10142572870,1,"IOTHUB_CLIENT_CONFIRMATION_OK"
7343,10142573031,10142573180,1,"IOTHUB_CLIENT_CONFIRMATION_OK"
7344,10142573231,10142573279,1,"IOTHUB_CLIENT_CONFIRMATION_OK"
7345,10142573431,10142573485,1,"IOTHUB_CLIENT_CONFIRMATION_OK"
7346,10142573631,10142573673,1,"IOTHUB_CLIENT_CONFIRMATION_OK"
7347,10142573832,10142573925,1,"IOTHUB_CLIENT_CONFIRMATION_OK"
7348,10142574032,10142574107,1,"IOTHUB_CLIENT_CONFIRMATION_OK"
7349,10142574232,10142574287,1,"IOTHUB_CLIENT_CONFIRMATION_OK"
7350,10142574432,10142574472,1,"IOTHUB_CLIENT_CONFIRMATION_OK"
7351,10142574632,10142574805,1,"IOTHUB_CLIENT_CONFIRMATION_OK"
7352,10142574832,10142574870,1,"IOTHUB_CLIENT_CONFIRMATION_OK"
7353,10142575032,10142575069,1,"IOTHUB_CLIENT_CONFIRMATION_OK"
7354,10142575233,10142575269,1,"IOTHUB_CLIENT_CONFIRMATION_OK"
7355,10142575433,10142575476,1,"IOTHUB_CLIENT_CONFIRMATION_OK"
7356,10142575633,10142575674,1,"IOTHUB_CLIENT_CONFIRMATION_OK"
7357,10142575833,10142575878,1,"IOTHUB_CLIENT_CONFIRMATION_OK"
7358,10142576033,10142576090,1,"IOTHUB_CLIENT_CONFIRMATION_OK"
7359,10142576233,10142576274,1,"IOTHUB_CLIENT_CONFIRMATION_OK"
7360,10142576434,10142576502,1,"IOTHUB_CLIENT_CONFIRMATION_OK"
7361,10142576634,10142576675,1,"IOTHUB_CLIENT_CONFIRMATION_OK"
7362,10142576834,10142576872,1,"IOTHUB_CLIENT_CONFIRMATION_OK"
7363,10142577034,10142577082,1,"IOTHUB_CLIENT_CONFIRMATION_OK"
7364,10142577234,10142577302,1,"IOTHUB_CLIENT_CONFIRMATION_OK"
7365,10142577434,10142577520,1,"IOTHUB_CLIENT_CONFIRMATION_OK"
7366,10142577635,10142577675,1,"IOTHUB_CLIENT_CONFIRMATION_OK"
7367,10142577835,10142577878,1,"IOTHUB_CLIENT_CONFIRMATION_OK"
7368,10142578035,10142578312,1,"IOTHUB_CLIENT_CONFIRMATION_OK"
7369,10142578235,10142578714,1,"IOTHUB_CLIENT_CONFIRMATION_OK"
7370,10142578435,10142578796,1,"IOTHUB_CLIENT_CONFIRMATION_OK"
7371,10142578635,10142578829,1,"IOTHUB_CLIENT_CONFIRMATION_OK"
7372,10142578836,10142578899,1,"IOTHUB_CLIENT_CONFIRMATION_OK"
7373,10142579036,10142579076,1,"IOTHUB_CLIENT_CONFIRMATION_OK"
7374,10142579236,10142579304,1,"IOTHUB_CLIENT_CONFIRMATION_OK"
7375,10142579436,10142579474,1,"IOTHUB_CLIENT_CONFIRMATION_OK"
7376,10142579636,10142579730,1,"IOTHUB_CLIENT_CONFIRMATION_OK"
7377,10142579836,10142579867,1,"IOTHUB_CLIENT_CONFIRMATION_OK"
7378,10142580037,10142580079,1,"IOTHUB_CLIENT_CONFIRMATION_OK"
7379,10142580237,10142580350,1,"IOTHUB_CLIENT_CONFIRMATION_OK"
7380,10142580437,10142580511,1,"IOTHUB_CLIENT_CONFIRMATION_OK"
7381,10142580637,10142580695,1,"IOTHUB_CLIENT_CONFIRMATION_OK"
7382,10142580837,10142580959,1,"IOTHUB_CLIENT_CONFIRMATION_OK"
7383,10142581037,10142581074,1,"IOTHUB_CLIENT_CONFIRMATION_OK"
7384,10142581237,10142581274,1,"IOTHUB_CLIENT_CONFIRMATION_OK"
7385,10142581438,10142581470,1,"IOTHUB_CLIENT_CONFIRMATION_OK"
7386,10142581638,10142581672,1,"IOTHUB_CLIENT_CONFIRMATION_OK"
7387,10142581838,10142581877,1,"IOTHUB_CLIENT_CONFIRMATION_OK"
7388,10142582038,10142582079,1,"IOTHUB_CLIENT_CONFIRMATION_OK"
7389,10142582238,10142582281,1,"IOTHUB_CLIENT_CONFIRMATION_OK"
7390,10142582438,10142582605,1,"IOTHUB_CLIENT_CONFIRMATION_OK"
7391,10142582639,10142582681,1,"IOTHUB_CLIENT_CONFIRMATION_OK"
7392,10142582839,10142582874,1,"IOTHUB_CLIENT_CONFIRMATION_OK"
7393,10142583039,10142583089,1,"IOTHUB_CLIENT_CONFIRMATION_OK"
7394,10142583239,10142583275,1,"IOTHUB_CLIENT_CONFIRMATION_OK"
7395,10142583439,10142583476,1,"IOTHUB_CLIENT_CONFIRMATION_OK"
7396,10142583639,10142583682,1,"IOTHUB_CLIENT_CONFIRMATION_OK"
7397,10142583839,10142583883,1,"IOTHUB_CLIENT_CONFIRMATION_OK"
7398,10142584040,10142584080,1,"IOTHUB_CLIENT_CONFIRMATION_OK"
7399,10142584240,10142584279,1,"IOTHUB_CLIENT_CONFIRMATION_OK"
7400,10142584440,10142584491,1,"IOTHUB_CLIENT_CONFIRMATION_OK"
7401,10142584640,10142584851,1,"IOTHUB_CLIENT_CONFIRMATION_OK"
7402,10142584840,10142584886,1,"IOTHUB_CLIENT_CONFIRMATION_OK"
7403,10142585040,10142585075,1,"IOTHUB_CLIENT_CONFIRMATION_OK"
7404,10142585241,10142585274,1,"IOTHUB_CLIENT_CONFIRMATION_OK"
7405,10142585441,10142585482,1,"IOTHUB_CLIENT_CONFIRMATION_OK"
7406,10142585641,10142585680,1,"IOTHUB_CLIENT_CONFIRMATION_OK"
7407,10142585841,10142585880,1,"IOTHUB_CLIENT_CONFIRMATION_OK"
7408,10142586041,10142586087,1,"IOTHUB_CLIENT_CONFIRMATION_OK"
7409,10142586241,10142586276,1,"IOTHUB_CLIENT_CONFIRMATION_OK"
7410,10142586441,10142586566,1,"IOTHUB_CLIENT_CONFIRMATION_OK"
7411,10142586642,10142586681,1,"IOTHUB_CLIENT_CONFIRMATION_OK"
7412,10142586842,10142586909,1,"IOTHUB_CLIENT_CONFIRMATION_OK"
7413,10142587042,10142587097,1,"IOTHUB_CLIENT_CONFIRMATION_OK"
7414,10142587242,10142587288,1,"IOTHUB_CLIENT_CONFIRMATION_OK"
7415,10142587442,10142587782,1,"IOTHUB_CLIENT_CONFIRMATION_OK"
7416,10142587642,10142587798,1,"IOTHUB_CLIENT_CONFIRMATION_OK"
7417,10142587843,10142587886,1,"IOTHUB_CLIENT_CONFIRMATION_OK"
7418,10142588043,10142588100,1,"IOTHUB_CLIENT_CONFIRMATION_OK"
7419,10142588243,10142588276,1,"IOTHUB_CLIENT_CONFIRMATION_OK"
7420,10142588443,10142588477,1,"IOTHUB_CLIENT_CONFIRMATION_OK"
7421,10142588643,10142588719,1,"IOTHUB_CLIENT_CONFIRMATION_OK"
7422,10142588843,10142588883,1,"IOTHUB_CLIENT_CONFIRMATION_OK"
7423,10142589043,10142589077,1,"IOTHUB_CLIENT_CONFIRMATION_OK"
7424,10142589244,10142589286,1,"IOTHUB_CLIENT_CONFIRMATION_OK"
7425,10142589444,10142589486,1,"IOTHUB_CLIENT_CONFIRMATION_OK"
7426,10142589644,10142589712,1,"IOTHUB_CLIENT_CONFIRMATION_OK"
7427,10142589844,10142589921,1,"IOTHUB_CLIENT_CONFIRMATION_OK"
7428,10142590044,10142590086,1,"IOTHUB_CLIENT_CONFIRMATION_OK"
7429,10142590244,10142590318,1,"IOTHUB_CLIENT_CONFIRMATION_OK"
7430,10142590445,10142590489,1,"IOTHUB_CLIENT_CONFIRMATION_OK"
7431,10142590645,10142590680,1,"IOTHUB_CLIENT_CONFIRMATION_OK"
7432,10142590845,10142590936,1,"IOTHUB_CLIENT_CONFIRMATION_OK"
7433,10142591045,10142591082,1,"IOTHUB_CLIENT_CONFIRMATION_OK"
7434,10142591245,10142591282,1,"IOTHUB_CLIENT_CONFIRMATION_OK"
7435,10142591445,10142591517,1,"IOTHUB_CLIENT_CONFIRMATION_OK"
7436,10142591645,10142591684,1,"IOTHUB_CLIENT_CONFIRMATION_OK"
7437,10142591846,10142591957,1,"IOTHUB_CLIENT_CONFIRMATION_OK"
7438,10142592046,10142592088,1,"IOTHUB_CLIENT_CONFIRMATION_OK"
7439,10142592246,10142592285,1,"IOTHUB_CLIENT_CONFIRMATION_OK"
7440,10142592446,10142592568,1,"IOTHUB_CLIENT_CONFIRMATION_OK"
7441,10142592646,10142592689,1,"IOTHUB_CLIENT_CONFIRMATION_OK"
7442,10142592846,10142592880,1,"IOTHUB_CLIENT_CONFIRMATION_OK"
7443,10142593047,10142593290,1,"IOTHUB_CLIENT_CONFIRMATION_OK"
7444,10142593247,10142593312,1,"IOTHUB_CLIENT_CONFIRMATION_OK"
7445,10142593447,10142593518,1,"IOTHUB_CLIENT_CONFIRMATION_OK"
7446,10142593647,10142593694,1,"IOTHUB_CLIENT_CONFIRMATION_OK"
7447,10142593847,10142593888,1,"IOTHUB_CLIENT_CONFIRMATION_OK"
7448,10142594047,10142594097,1,"IOTHUB_CLIENT_CONFIRMATION_OK"
7449,10142594247,10142594288,1,"IOTHUB_CLIENT_CONFIRMATION_OK"
7450,10142594448,10142594515,1,"IOTHUB_CLIENT_CONFIRMATION_OK"
7451,10142594648,10142594868,1,"IOTHUB_CLIENT_CONFIRMATION_OK"
7452,10142594848,10142594890,1,"IOTHUB_CLIENT_CONFIRMATION_OK"
7453,10142595048,10142595082,1,"IOTHUB_CLIENT_CONFIRMATION_OK"
7454,10142595248,10142595278,1,"IOTHUB_CLIENT_CONFIRMATION_OK"
7455,10142595448,10142595500,1,"IOTHUB_CLIENT_CONFIRMATION_OK"
7456,10142595649,10142595686,1,"IOTHUB_CLIENT_CONFIRMATION_OK"
7457,10142595849,10142595887,1,"IOTHUB_CLIENT_CONFIRMATION_OK"
7458,10142596049,10142596088,1,"IOTHUB_CLIENT_CONFIRMATION_OK"
7459,10142596249,10142596288,1,"IOTHUB_CLIENT_CONFIRMATION_OK"
7460,10142596449,10142596485,1,"IOTHUB_CLIENT_CONFIRMATION_OK"
7461,10142596649,10142596690,1,"IOTHUB_CLIENT_CONFIRMATION_OK"
7462,10142596849,10142597039,1,"IOTHUB_CLIENT_CONFIRMATION_OK"
7463,10142597050,10142597098,1,"IOTHUB_CLIENT_CONFIRMATION_OK"
7464,10142597250,10142597284,1,"IOTHUB_CLIENT_CONFIRMATION_OK"
7465,10142597450,10142597490,1,"IOTHUB_CLIENT_CONFIRMATION_OK"
7466,10142597650,10142597687,1,"IOTHUB_CLIENT_CONFIRMATION_OK"
7467,10142597850,10142597905,1,"IOTHUB_CLIENT_CONFIRMATION_OK"
7468,10142598050,10142598094,1,"IOTHUB_CLIENT_CONFIRMATION_OK"
7469,10142598251,10142598285,1,"IOTHUB_CLIENT_CONFIRMATION_OK"
7470,10142598451,10142598485,1,"IOTHUB_CLIENT_CONFIRMATION_OK"
7471,10142598651,10142598702,1,"IOTHUB_CLIENT_CONFIRMATION_OK"
7472,10142598851,10142598886,1,"IOTHUB_CLIENT_CONFIRMATION_OK"
7473,10142599051,10142599090,1,"IOTHUB_CLIENT_CONFIRMATION_OK"
7474,10142599251,10142599293,1,"IOTHUB_CLIENT_CONFIRMATION_OK"
7475,10142599451,10142599493,1,"IOTHUB_CLIENT_CONFIRMATION_OK"
7476,10142599652,10142599730,1,"IOTHUB_CLIENT_CONFIRMATION_OK"
7477,10142599852,10142599939,1,"IOTHUB_CLIENT_CONFIRMATION_OK"
7478,10142600052,10142600133,1,"IOTHUB_CLIENT_CONFIRMATION_OK"
7479,10142600252,10142600369,1,"IOTHUB_CLIENT_CONFIRMATION_OK"
7480,10142600452,10142600489,1,"IOTHUB_CLIENT_CONFIRMATION_OK"
7481,10142600652,10142600692,1,"IOTHUB_CLIENT_CONFIRMATION_OK"
7482,10142600853,10142600891,1,"IOTHUB_CLIENT_CONFIRMATION_OK"
7483,10142601053,10142601094,1,"IOTHUB_CLIENT_CONFIRMATION_OK"
7484,10142601253,10142601294,1,"IOTHUB_CLIENT_CONFIRMATION_OK"
7485,10142601453,10142601519,1,"IOTHUB_CLIENT_CONFIRMATION_OK"
7486,10142601653,10142601689,1,"IOTHUB_CLIENT_CONFIRMATION_OK"
7487,10142601853,10142602006,1,"IOTHUB_CLIENT_CONFIRMATION_OK"
7488,10142602053,10142602093,1,"IOTHUB_CLIENT_CONFIRMATION_OK"
7489,10142602254,10142602294,1,"IOTHUB_CLIENT_CONFIRMATION_OK"
7490,10142602454,10142602631,1,"IOTHUB_CLIENT_CONFIRMATION_OK"
7491,10142602654,10142602706,1,"IOTHUB_CLIENT_CONFIRMATION_OK"
7492,10142602854,10142602893,1,"IOTHUB_CLIENT_CONFIRMATION_OK"
7493,10142603054,10142603096,1,"IOTHUB_CLIENT_CONFIRMATION_OK"
7494,10142603254,10142603332,1,"IOTHUB_CLIENT_CONFIRMATION_OK"
7495,10142603455,10142603491,1,"IOTHUB_CLIENT_CONFIRMATION_OK"
7496,10142603655,10142603688,1,"IOTHUB_CLIENT_CONFIRMATION_OK"
7497,10142603855,10142603897,1,"IOTHUB_CLIENT_CONFIRMATION_OK"
7498,10142604055,10142604090,1,"IOTHUB_CLIENT_CONFIRMATION_OK"
7499,10142604255,10142604315,1,"IOTHUB_CLIENT_CONFIRMATION_OK"
7500,10142604455,10142604493,1,"IOTHUB_CLIENT_CONFIRMATION_OK"
7501,10142604656,10142604702,1,"IOTHUB_CLIENT_CONFIRMATION_OK"
7502,10142604856,10142604890,1,"IOTHUB_CLIENT_CONFIRMATION_OK"
7503,10142605056,10142605097,1,"IOTHUB_CLIENT_CONFIRMATION_OK"
7504,10142605256,10142605346,1,"IOTHUB_CLIENT_CONFIRMATION_OK"
7505,10142605456,10142605506,1,"IOTHUB_CLIENT_CONFIRMATION_OK"
7506,10142605656,10142605721,1,"IOTHUB_CLIENT_CONFIRMATION_OK"
7507,10142605856,10142605959,1,"IOTHUB_CLIENT_CONFIRMATION_OK"
7508,10142606057,10142606091,1,"IOTHUB_CLIENT_CONFIRMATION_OK"
7509,10142606257,10142606364,1,"IOTHUB_CLIENT_CONFIRMATION_OK"
7510,10142606457,10142606489,1,"IOTHUB_CLIENT_CONFIRMATION_OK"
7511,10142606657,10142606691,1,"IOTHUB_CLIENT_CONFIRMATION_OK"
7512,10142606857,10142606973,1,"IOTHUB_CLIENT_CONFIRMATION_OK"
7513,10142607058,10142607095,1,"IOTHUB_CLIENT_CONFIRMATION_OK"
7514,10142607258,10142607299,1,"IOTHUB_CLIENT_CONFIRMATION_OK"
7515,10142607458,10142607584,1,"IOTHUB_CLIENT_CONFIRMATION_OK"
7516,10142607658,10142607697,1,"IOTHUB_CLIENT_CONFIRMATION_OK"
7517,10142607858,10142607901,1,"IOTHUB_CLIENT_CONFIRMATION_OK"
7518,10142608058,10142608099,1,"IOTHUB_CLIENT_CONFIRMATION_OK"
7519,10142608259,10142608299,1,"IOTHUB_CLIENT_CONFIRMATION_OK"
7520,10142608459,10142608519,1,"IOTHUB_CLIENT_CONFIRMATION_OK"
7521,10142608659,10142608702,1,"IOTHUB_CLIENT_CONFIRMATION_OK"
7522,10142608859,10142608896,1,"IOTHUB_CLIENT_CONFIRMATION_OK"
7523,10142609059,10142609201,1,"IOTHUB_CLIENT_CONFIRMATION_OK"
7524,10142609259,10142609302,1,"IOTHUB_CLIENT_CONFIRMATION_OK"
7525,10142609459,10142609495,1,"IOTHUB_CLIENT_CONFIRMATION_OK"
7526,10142609660,10142609838,1,"IOTHUB_CLIENT_CONFIRMATION_OK"
7527,10142609860,10142609902,1,"IOTHUB_CLIENT_CONFIRMATION_OK"
7528,10142610060,10142610102,1,"IOTHUB_CLIENT_CONFIRMATION_OK"
7529,10142610260,10142610292,1,"IOTHUB_CLIENT_CONFIRMATION_OK"
7530,10142610460,10142610513,1,"IOTHUB_CLIENT_CONFIRMATION_OK"
7531,10142610660,10142610701,1,"IOTHUB_CLIENT_CONFIRMATION_OK"
7532,10142610861,10142610913,1,"IOTHUB_CLIENT_CONFIRMATION_OK"
7533,10142611061,10142611097,1,"IOTHUB_CLIENT_CONFIRMATION_OK"
7534,10142611261,10142611300,1,"IOTHUB_CLIENT_CONFIRMATION_OK"
7535,10142611461,10142611507,1,"IOTHUB_CLIENT_CONFIRMATION_OK"
7536,10142611661,10142611701,1,"IOTHUB_CLIENT_CONFIRMATION_OK"
7537,10142611861,10142611946,1,"IOTHUB_CLIENT_CONFIRMATION_OK"
7538,10142612062,10142612126,1,"IOTHUB_CLIENT_CONFIRMATION_OK"
7539,10142612262,10142612296,1,"IOTHUB_CLIENT_CONFIRMATION_OK"
7540,10142612462,10142612558,1,"IOTHUB_CLIENT_CONFIRMATION_OK"
7541,10142612662,10142612719,1,"IOTHUB_CLIENT_CONFIRMATION_OK"
7542,10142612862,10142612902,1,"IOTHUB_CLIENT_CONFIRMATION_OK"
7543,10142613062,10142613167,1,"IOTHUB_CLIENT_CONFIRMATION_OK"
7544,10142613263,10142613307,1,"IOTHUB_CLIENT_CONFIRMATION_OK"
7545,10142613463,10142613499,1,"IOTHUB_CLIENT_CONFIRMATION_OK"
7546,10142613663,10142613717,1,"IOTHUB_CLIENT_CONFIRMATION_OK"
7547,10142613863,10142613905,1,"IOTHUB_CLIENT_CONFIRMATION_OK"
7548,10142614063,10142614168,1,"IOTHUB_CLIENT_CONFIRMATION_OK"
7549,10142614263,10142614305,1,"IOTHUB_CLIENT_CONFIRMATION_OK"
7550,10142614463,10142614505,1,"IOTHUB_CLIENT_CONFIRMATION_OK"
7551,10142614664,10142614822,1,"IOTHUB_CLIENT_CONFIRMATION_OK"
7552,10142614864,10142614897,1,"IOTHUB_CLIENT_CONFIRMATION_OK"
7553,10142615064,10142615097,1,"IOTHUB_CLIENT_CONFIRMATION_OK"
7554,10142615264,10142615310,1,"IOTHUB_CLIENT_CONFIRMATION_OK"
7555,10142615464,10142615507,1,"IOTHUB_CLIENT_CONFIRMATION_OK"
7556,10142615664,10142615700,1,"IOTHUB_CLIENT_CONFIRMATION_OK"
7557,10142615864,10142615923,1,"IOTHUB_CLIENT_CONFIRMATION_OK"
7558,10142616065,10142616116,1,"IOTHUB_CLIENT_CONFIRMATION_OK"
7559,10142616265,10142616300,1,"IOTHUB_CLIENT_CONFIRMATION_OK"
7560,10142616465,10142616499,1,"IOTHUB_CLIENT_CONFIRMATION_OK"
7561,10142616665,10142616699,1,"IOTHUB_CLIENT_CONFIRMATION_OK"
7562,10142616865,10142617074,1,"IOTHUB_CLIENT_CONFIRMATION_OK"
7563,10142617065,10142617100,1,"IOTHUB_CLIENT_CONFIRMATION_OK"
7564,10142617266,10142617307,1,"IOTHUB_CLIENT_CONFIRMATION_OK"
7565,10142617466,10142617521,1,"IOTHUB_CLIENT_CONFIRMATION_OK"
7566,10142617666,10142617701,1,"IOTHUB_CLIENT_CONFIRMATION_OK"
7567,10142617866,10142617907,1,"IOTHUB_CLIENT_CONFIRMATION_OK"
7568,10142618066,10142618102,1,"IOTHUB_CLIENT_CONFIRMATION_OK"
7569,10142618266,10142618304,1,"IOTHUB_CLIENT_CONFIRMATION_OK"
7570,10142618466,10142618503,1,"IOTHUB_CLIENT_CONFIRMATION_OK"
7571,10142618667,10142618710,1,"IOTHUB_CLIENT_CONFIRMATION_OK"
7572,10142618867,10142618909,1,"IOTHUB_CLIENT_CONFIRMATION_OK"
7573,10142619067,10142619109,1,"IOTHUB_CLIENT_CONFIRMATION_OK"
7574,10142619267,10142619307,1,"IOTHUB_CLIENT_CONFIRMATION_OK"
7575,10142619467,10142619508,1,"IOTHUB_CLIENT_CONFIRMATION_OK"
7576,10142619667,10142619707,1,"IOTHUB_CLIENT_CONFIRMATION_OK"
7577,10142619868,10142620007,1,"IOTHUB_CLIENT_CONFIRMATION_OK"
7578,10142620068,10142620105,1,"IOTHUB_CLIENT_CONFIRMATION_OK"
7579,10142620268,10142620365,1,"IOTHUB_CLIENT_CONFIRMATION_OK"
7580,10142620468,10142620538,1,"IOTHUB_CLIENT_CONFIRMATION_OK"
7581,10142620668,10142620711,1,"IOTHUB_CLIENT_CONFIRMATION_OK"
7582,10142620868,10142620908,1,"IOTHUB_CLIENT_CONFIRMATION_OK"
7583,10142621068,10142621105,1,"IOTHUB_CLIENT_CONFIRMATION_OK"
7584,10142621269,10142621306,1,"IOTHUB_CLIENT_CONFIRMATION_OK"
7585,10142621469,10142621511,1,"IOTHUB_CLIENT_CONFIRMATION_OK"
7586,10142621669,10142621711,1,"IOTHUB_CLIENT_CONFIRMATION_OK"
7587,10142621869,10142622063,1,"IOTHUB_CLIENT_CONFIRMATION_OK"
7588,10142622069,10142622109,1,"IOTHUB_CLIENT_CONFIRMATION_OK"
7589,10142622269,10142622385,1,"IOTHUB_CLIENT_CONFIRMATION_OK"
7590,10142622469,10142622623,1,"IOTHUB_CLIENT_CONFIRMATION_OK"
7591,10142622670,10142622728,1,"IOTHUB_CLIENT_CONFIRMATION_OK"
7592,10142622870,10142622910,1,"IOTHUB_CLIENT_CONFIRMATION_OK"
7593,10142623070,10142623109,1,"IOTHUB_CLIENT_CONFIRMATION_OK"
7594,10142623270,10142623306,1,"IOTHUB_CLIENT_CONFIRMATION_OK"
7595,10142623470,10142623583,1,"IOTHUB_CLIENT_CONFIRMATION_OK"
7596,10142623671,10142623711,1,"IOTHUB_CLIENT_CONFIRMATION_OK"
7597,10142623871,10142623911,1,"IOTHUB_CLIENT_CONFIRMATION_OK"
7598,10142624071,10142624235,1,"IOTHUB_CLIENT_CONFIRMATION_OK"
7599,10142624271,10142624305,1,"IOTHUB_CLIENT_CONFIRMATION_OK"
7600,10142624471,10142624529,1,"IOTHUB_CLIENT_CONFIRMATION_OK"
7601,10142624671,10142624859,1,"IOTHUB_CLIENT_CONFIRMATION_OK"
7602,10142624871,10142624912,1,"IOTHUB_CLIENT_CONFIRMATION_OK"
7603,10142625072,10142625125,1,"IOTHUB_CLIENT_CONFIRMATION_OK"
7604,10142625272,10142625309,1,"IOTHUB_CLIENT_CONFIRMATION_OK"
7605,10142625472,10142625512,1,"IOTHUB_CLIENT_CONFIRMATION_OK"
7606,10142625672,10142625707,1,"IOTHUB_CLIENT_CONFIRMATION_OK"
7607,10142625872,10142625910,1,"IOTHUB_CLIENT_CONFIRMATION_OK"
7608,10142626072,10142626111,1,"IOTHUB_CLIENT_CONFIRMATION_OK"
7609,10142626273,10142626313,1,"IOTHUB_CLIENT_CONFIRMATION_OK"
7610,10142626473,10142626525,1,"IOTHUB_CLIENT_CONFIRMATION_OK"
7611,10142626673,10142626718,1,"IOTHUB_CLIENT_CONFIRMATION_OK"
7612,10142626873,10142626922,1,"IOTHUB_CLIENT_CONFIRMATION_OK"
7613,10142627073,10142627124,1,"IOTHUB_CLIENT_CONFIRMATION_OK"
7614,10142627273,10142627309,1,"IOTHUB_CLIENT_CONFIRMATION_OK"
7615,10142627474,10142627539,1,"IOTHUB_CLIENT_CONFIRMATION_OK"
7616,10142627674,10142627714,1,"IOTHUB_CLIENT_CONFIRMATION_OK"
7617,10142627874,10142627940,1,"IOTHUB_CLIENT_CONFIRMATION_OK"
7618,10142628074,10142628143,1,"IOTHUB_CLIENT_CONFIRMATION_OK"
7619,10142628274,10142628316,1,"IOTHUB_CLIENT_CONFIRMATION_OK"
7620,10142628474,10142628510,1,"IOTHUB_CLIENT_CONFIRMATION_OK"
7621,10142628674,10142628711,1,"IOTHUB_CLIENT_CONFIRMATION_OK"
7622,10142628875,10142628917,1,"IOTHUB_CLIENT_CONFIRMATION_OK"
7623,10142629075,10142629250,1,"IOTHUB_CLIENT_CONFIRMATION_OK"
7624,10142629275,10142629312,1,"IOTHUB_CLIENT_CONFIRMATION_OK"
7625,10142629475,10142629512,1,"IOTHUB_CLIENT_CONFIRMATION_OK"
7626,10142629675,10142629856,1,"IOTHUB_CLIENT_CONFIRMATION_OK"
7627,10142629875,10142629916,1,"IOTHUB_CLIENT_CONFIRMATION_OK"
7628,10142630076,10142630120,1,"IOTHUB_CLIENT_CONFIRMATION_OK"
7629,10142630276,10142630315,1,"IOTHUB_CLIENT_CONFIRMATION_OK"
7630,10142630476,10142630522,1,"IOTHUB_CLIENT_CONFIRMATION_OK"
7631,10142630676,10142630723,1,"IOTHUB_CLIENT_CONFIRMATION_OK"
7632,10142630876,10142630971,1,"IOTHUB_CLIENT_CONFIRMATION_OK"
7633,10142631076,10142631116,1,"IOTHUB_CLIENT_CONFIRMATION_OK"
7634,10142631276,10142631309,1,"IOTHUB_CLIENT_CONFIRMATION_OK"
7635,10142631477,10142631511,1,"IOTHUB_CLIENT_CONFIRMATION_OK"
7636,10142631677,10142631712,1,"IOTHUB_CLIENT_CONFIRMATION_OK"
7637,10142631877,10142631915,1,"IOTHUB_CLIENT_CONFIRMATION_OK"
7638,10142632077,10142632119,1,"IOTHUB_CLIENT_CONFIRMATION_OK"
7639,10142632277,10142632324,1,"IOTHUB_CLIENT_CONFIRMATION_OK"
7640,10142632477,10142632554,1,"IOTHUB_CLIENT_CONFIRMATION_OK"
7641,10142632677,10142632715,1,"IOTHUB_CLIENT_CONFIRMATION_OK"
7642,10142632878,10142632920,1,"IOTHUB_CLIENT_CONFIRMATION_OK"
7643,10142633078,10142633142,1,"IOTHUB_CLIENT_CONFIRMATION_OK"
7644,10142633278,10142633343,1,"IOTHUB_CLIENT_CONFIRMATION_OK"
7645,10142633478,10142633516,1,"IOTHUB_CLIENT_CONFIRMATION_OK"
7646,10142633678,10142633718,1,"IOTHUB_CLIENT_CONFIRMATION_OK"
7647,10142633878,10142633925,1,"IOTHUB_CLIENT_CONFIRMATION_OK"
7648,10142634079,10142634162,1,"IOTHUB_CLIENT_CONFIRMATION_OK"
7649,10142634279,10142634349,1,"IOTHUB_CLIENT_CONFIRMATION_OK"
7650,10142634479,10142634519,1,"IOTHUB_CLIENT_CONFIRMATION_OK"
7651,10142634679,10142634792,1,"IOTHUB_CLIENT_CONFIRMATION_OK"
7652,10142634879,10142634913,1,"IOTHUB_CLIENT_CONFIRMATION_OK"
7653,10142635079,10142635114,1,"IOTHUB_CLIENT_CONFIRMATION_OK"
7654,10142635279,10142635574,1,"IOTHUB_CLIENT_CONFIRMATION_OK"
7655,10142635480,10142635608,1,"IOTHUB_CLIENT_CONFIRMATION_OK"
7656,10142635680,10142635714,1,"IOTHUB_CLIENT_CONFIRMATION_OK"
7657,10142635880,10142635922,1,"IOTHUB_CLIENT_CONFIRMATION_OK"
7658,10142636080,10142636127,1,"IOTHUB_CLIENT_CONFIRMATION_OK"
7659,10142636280,10142636315,1,"IOTHUB_CLIENT_CONFIRMATION_OK"
7660,10142636480,10142636527,1,"IOTHUB_CLIENT_CONFIRMATION_OK"
7661,10142636681,10142636716,1,"IOTHUB_CLIENT_CONFIRMATION_OK"
7662,10142636881,10142636917,1,"IOTHUB_CLIENT_CONFIRMATION_OK"
7663,10142637081,10142637131,1,"IOTHUB_CLIENT_CONFIRMATION_OK"
7664,10142637281,10142637331,1,"IOTHUB_CLIENT_CONFIRMATION_OK"
7665,10142637481,10142637520,1,"IOTHUB_CLIENT_CONFIRMATION_OK"
7666,10142637681,10142637732,1,"IOTHUB_CLIENT_CONFIRMATION_OK"
7667,10142637881,10142637928,1,"IOTHUB_CLIENT_CONFIRMATION_OK"
7668,10142638082,10142638133,1,"IOTHUB_CLIENT_CONFIRMATION_OK"
7669,10142638282,10142638316,1,"IOTHUB_CLIENT_CONFIRMATION_OK"
7670,10142638482,10142638517,1,"IOTHUB_CLIENT_CONFIRMATION_OK"
7671,10142638682,10142638724,1,"IOTHUB_CLIENT_CONFIRMATION_OK"
7672,10142638882,10142638923,1,"IOTHUB_CLIENT_CONFIRMATION_OK"
7673,10142639082,10142639142,1,"IOTHUB_CLIENT_CONFIRMATION_OK"
7674,10142639282,10142639316,1,"IOTHUB_CLIENT_CONFIRMATION_OK"
7675,10142639483,10142639522,1,"IOTHUB_CLIENT_CONFIRMATION_OK"
7676,10142639683,10142639780,1,"IOTHUB_CLIENT_CONFIRMATION_OK"
7677,10142639883,10142639922,1,"IOTHUB_CLIENT_CONFIRMATION_OK"
7678,10142640083,10142640122,1,"IOTHUB_CLIENT_CONFIRMATION_OK"
7679,10142640283,10142640399,1,"IOTHUB_CLIENT_CONFIRMATION_OK"
7680,10142640483,10142640527,1,"IOTHUB_CLIENT_CONFIRMATION_OK"
7681,10142640684,10142640742,1,"IOTHUB_CLIENT_CONFIRMATION_OK"
7682,10142640884,10142640921,1,"IOTHUB_CLIENT_CONFIRMATION_OK"
7683,10142641084,10142641116,1,"IOTHUB_CLIENT_CONFIRMATION_OK"
7684,10142641284,10142641329,1,"IOTHUB_CLIENT_CONFIRMATION_OK"
7685,10142641484,10142641521,1,"IOTHUB_CLIENT_CONFIRMATION_OK"
7686,10142641684,10142641730,1,"IOTHUB_CLIENT_CONFIRMATION_OK"
7687,10142641884,10142642015,1,"IOTHUB_CLIENT_CONFIRMATION_OK"
7688,10142642085,10142642131,1,"IOTHUB_CLIENT_CONFIRMATION_OK"
7689,10142642285,10142642338,1,"IOTHUB_CLIENT_CONFIRMATION_OK"
7690,10142642485,10142642644,1,"IOTHUB_CLIENT_CONFIRMATION_OK"
7691,10142642685,10142642721,1,"IOTHUB_CLIENT_CONFIRMATION_OK"
7692,10142642885,10142642921,1,"IOTHUB_CLIENT_CONFIRMATION_OK"
7693,10142643085,10142643128,1,"IOTHUB_CLIENT_CONFIRMATION_OK"
7694,10142643286,10142643343,1,"IOTHUB_CLIENT_CONFIRMATION_OK"
7695,10142643486,10142643519,1,"IOTHUB_CLIENT_CONFIRMATION_OK"
7696,10142643686,10142643722,1,"IOTHUB_CLIENT_CONFIRMATION_OK"
7697,10142643886,10142643919,1,"IOTHUB_CLIENT_CONFIRMATION_OK"
7698,10142644086,10142644261,1,"IOTHUB_CLIENT_CONFIRMATION_OK"
7699,10142644286,10142644326,1,"IOTHUB_CLIENT_CONFIRMATION_OK"
7700,10142644486,10142644554,1,"IOTHUB_CLIENT_CONFIRMATION_OK"
7701,10142644687,10142644735,1,"IOTHUB_CLIENT_CONFIRMATION_OK"
7702,10142644887,10142644930,1,"IOTHUB_CLIENT_CONFIRMATION_OK"
7703,10142645087,10142645124,1,"IOTHUB_CLIENT_CONFIRMATION_OK"
7704,10142645287,10142645332,1,"IOTHUB_CLIENT_CONFIRMATION_OK"
7705,10142645487,10142645528,1,"IOTHUB_CLIENT_CONFIRMATION_OK"
7706,10142645687,10142645769,1,"IOTHUB_CLIENT_CONFIRMATION_OK"
7707,10142645888,10142645946,1,"IOTHUB_CLIENT_CONFIRMATION_OK"
7708,10142646088,10142646130,1,"IOTHUB_CLIENT_CONFIRMATION_OK"
7709,10142646288,10142646332,1,"IOTHUB_CLIENT_CONFIRMATION_OK"
7710,10142646488,10142646525,1,"IOTHUB_CLIENT_CONFIRMATION_OK"
7711,10142646688,10142646740,1,"IOTHUB_CLIENT_CONFIRMATION_OK"
7712,10142646888,10142646952,1,"IOTHUB_CLIENT_CONFIRMATION_OK"
7713,10142647088,10142647126,1,"IOTHUB_CLIENT_CONFIRMATION_OK"
7714,10142647289,10142647330,1,"IOTHUB_CLIENT_CONFIRMATION_OK"
7715,10142647489,10142647594,1,"IOTHUB_CLIENT_CONFIRMATION_OK"
7716,10142647689,10142647728,1,"IOTHUB_CLIENT_CONFIRMATION_OK"
7717,10142647889,10142647925,1,"IOTHUB_CLIENT_CONFIRMATION_OK"
7718,10142648089,10142648126,1,"IOTHUB_CLIENT_CONFIRMATION_OK"
7719,10142648289,10142648325,1,"IOTHUB_CLIENT_CONFIRMATION_OK"
7720,10142648490,10142648533,1,"IOTHUB_CLIENT_CONFIRMATION_OK"
7721,10142648690,10142648732,1,"IOTHUB_CLIENT_CONFIRMATION_OK"
7722,10142648890,10142648929,1,"IOTHUB_CLIENT_CONFIRMATION_OK"
7723,10142649090,10142649244,1,"IOTHUB_CLIENT_CONFIRMATION_OK"
7724,10142649290,10142649326,1,"IOTHUB_CLIENT_CONFIRMATION_OK"
7725,10142649490,10142649529,1,"IOTHUB_CLIENT_CONFIRMATION_OK"
7726,10142649690,10142649831,1,"IOTHUB_CLIENT_CONFIRMATION_OK"
7727,10142649891,10142649938,1,"IOTHUB_CLIENT_CONFIRMATION_OK"
7728,10142650091,10142650158,1,"IOTHUB_CLIENT_CONFIRMATION_OK"
7729,10142650291,10142650335,1,"IOTHUB_CLIENT_CONFIRMATION_OK"
7730,10142650491,10142650535,1,"IOTHUB_CLIENT_CONFIRMATION_OK"
7731,10142650691,10142650734,1,"IOTHUB_CLIENT_CONFIRMATION_OK"
7732,10142650892,10142650929,1,"IOTHUB_CLIENT_CONFIRMATION_OK"
7733,10142651092,10142651132,1,"IOTHUB_CLIENT_CONFIRMATION_OK"
7734,10142651292,10142651459,1,"IOTHUB_CLIENT_CONFIRMATION_OK"
7735,10142651492,10142651534,1,"IOTHUB_CLIENT_CONFIRMATION_OK"
7736,10142651692,10142651808,1,"IOTHUB_CLIENT_CONFIRMATION_OK"
7737,10142651892,10142652076,1,"IOTHUB_CLIENT_CONFIRMATION_OK"
7738,10142652092,10142652139,1,"IOTHUB_CLIENT_CONFIRMATION_OK"
7739,10142652293,10142652333,1,"IOTHUB_CLIENT_CONFIRMATION_OK"
7740,10142652493,10142652533,1,"IOTHUB_CLIENT_CONFIRMATION_OK"
7741,10142652693,10142652734,1,"IOTHUB_CLIENT_CONFIRMATION_OK"
7742,10142652893,10142652949,1,"IOTHUB_CLIENT_CONFIRMATION_OK"
7743,10142653093,10142653128,1,"IOTHUB_CLIENT_CONFIRMATION_OK"
7744,10142653293,10142653327,1,"IOTHUB_CLIENT_CONFIRMATION_OK"
7745,10142653494,10142653536,1,"IOTHUB_CLIENT_CONFIRMATION_OK"
7746,10142653694,10142653744,1,"IOTHUB_CLIENT_CONFIRMATION_OK"
7747,10142653894,10142653929,1,"IOTHUB_CLIENT_CONFIRMATION_OK"
7748,10142654094,10142654132,1,"IOTHUB_CLIENT_CONFIRMATION_OK"
7749,10142654294,10142654334,1,"IOTHUB_CLIENT_CONFIRMATION_OK"
7750,10142654494,10142654530,1,"IOTHUB_CLIENT_CONFIRMATION_OK"
7751,10142654694,10142654736,1,"IOTHUB_CLIENT_CONFIRMATION_OK"
7752,10142654895,10142654937,1,"IOTHUB_CLIENT_CONFIRMATION_OK"
7753,10142655095,10142655141,1,"IOTHUB_CLIENT_CONFIRMATION_OK"
7754,10142655295,10142655335,1,"IOTHUB_CLIENT_CONFIRMATION_OK"
7755,10142655495,10142655535,1,"IOTHUB_CLIENT_CONFIRMATION_OK"
7756,10142655695,10142655733,1,"IOTHUB_CLIENT_CONFIRMATION_OK"
7757,10142655895,10142655950,1,"IOTHUB_CLIENT_CONFIRMATION_OK"
7758,10142656096,10142656128,1,"IOTHUB_CLIENT_CONFIRMATION_OK"
7759,10142656296,10142656346,1,"IOTHUB_CLIENT_CONFIRMATION_OK"
7760,10142656496,10142656572,1,"IOTHUB_CLIENT_CONFIRMATION_OK"
7761,10142656696,10142656739,1,"IOTHUB_CLIENT_CONFIRMATION_OK"
7762,10142656896,10142656982,1,"IOTHUB_CLIENT_CONFIRMATION_OK"
7763,10142657096,10142657132,1,"IOTHUB_CLIENT_CONFIRMATION_OK"
7764,10142657297,10142657332,1,"IOTHUB_CLIENT_CONFIRMATION_OK"
7765,10142657497,10142657595,1,"IOTHUB_CLIENT_CONFIRMATION_OK"
7766,10142657697,10142657731,1,"IOTHUB_CLIENT_CONFIRMATION_OK"
7767,10142657897,10142657929,1,"IOTHUB_CLIENT_CONFIRMATION_OK"
7768,10142658097,10142658136,1,"IOTHUB_CLIENT_CONFIRMATION_OK"
7769,10142658297,10142658337,1,"IOTHUB_CLIENT_CONFIRMATION_OK"
7770,10142658497,10142658634,1,"IOTHUB_CLIENT_CONFIRMATION_OK"
7771,10142658698,10142658734,1,"IOTHUB_CLIENT_CONFIRMATION_OK"
7772,10142658898,10142658935,1,"IOTHUB_CLIENT_CONFIRMATION_OK"
7773,10142659098,10142659204,1,"IOTHUB_CLIENT_CONFIRMATION_OK"
7774,10142659298,10142659338,1,"IOTHUB_CLIENT_CONFIRMATION_OK"
7775,10142659498,10142659533,1,"IOTHUB_CLIENT_CONFIRMATION_OK"
7776,10142659698,10142659845,1,"IOTHUB_CLIENT_CONFIRMATION_OK"
7777,10142659899,10142659947,1,"IOTHUB_CLIENT_CONFIRMATION_OK"
7778,10142660099,10142660142,1,"IOTHUB_CLIENT_CONFIRMATION_OK"
7779,10142660299,10142660334,1,"IOTHUB_CLIENT_CONFIRMATION_OK"
7780,10142660499,10142660550,1,"IOTHUB_CLIENT_CONFIRMATION_OK"
7781,10142660699,10142660748,1,"IOTHUB_CLIENT_CONFIRMATION_OK"
7782,10142660899,10142660944,1,"IOTHUB_CLIENT_CONFIRMATION_OK"
7783,10142661099,10142661140,1,"IOTHUB_CLIENT_CONFIRMATION_OK"
7784,10142661300,10142661471,1,"IOTHUB_CLIENT_CONFIRMATION_OK"
7785,10142661500,10142661562,1,"IOTHUB_CLIENT_CONFIRMATION_OK"
7786,10142661700,10142661741,1,"IOTHUB_CLIENT_CONFIRMATION_OK"
7787,10142661900,10142662072,1,"IOTHUB_CLIENT_CONFIRMATION_OK"
7788,10142662100,10142662137,1,"IOTHUB_CLIENT_CONFIRMATION_OK"
7789,10142662300,10142662338,1,"IOTHUB_CLIENT_CONFIRMATION_OK"
7790,10142662501,10142662543,1,"IOTHUB_CLIENT_CONFIRMATION_OK"
7791,10142662701,10142662737,1,"IOTHUB_CLIENT_CONFIRMATION_OK"
7792,10142662901,10142662939,1,"IOTHUB_CLIENT_CONFIRMATION_OK"
7793,10142663101,10142663135,1,"IOTHUB_CLIENT_CONFIRMATION_OK"
7794,10142663301,10142663334,1,"IOTHUB_CLIENT_CONFIRMATION_OK"
7795,10142663501,10142663713,1,"IOTHUB_CLIENT_CONFIRMATION_OK"
7796,10142663701,10142663765,1,"IOTHUB_CLIENT_CONFIRMATION_OK"
7797,10142663902,10142663938,1,"IOTHUB_CLIENT_CONFIRMATION_OK"
7798,10142664102,10142664145,1,"IOTHUB_CLIENT_CONFIRMATION_OK"
7799,10142664302,10142664339,1,"IOTHUB_CLIENT_CONFIRMATION_OK"
7800,10142664502,10142664556,1,"IOTHUB_CLIENT_CONFIRMATION_OK"
7801,10142664702,10142664803,1,"IOTHUB_CLIENT_CONFIRMATION_OK"
7802,10142664902,10142664941,1,"IOTHUB_CLIENT_CONFIRMATION_OK"
7803,10142665102,10142665164,1,"IOTHUB_CLIENT_CONFIRMATION_OK"
7804,10142665303,10142665355,1,"IOTHUB_CLIENT_CONFIRMATION_OK"
7805,10142665503,10142665567,1,"IOTHUB_CLIENT_CONFIRMATION_OK"
7806,10142665703,10142665745,1,"IOTHUB_CLIENT_CONFIRMATION_OK"
7807,10142665903,10142665973,1,"IOTHUB_CLIENT_CONFIRMATION_OK"
7808,10142666103,10142666142,1,"IOTHUB_CLIENT_CONFIRMATION_OK"
7809,10142666303,10142666378,1,"IOTHUB_CLIENT_CONFIRMATION_OK"
7810,10142666504,10142666546,1,"IOTHUB_CLIENT_CONFIRMATION_OK"
7811,10142666704,10142666740,1,"IOTHUB_CLIENT_CONFIRMATION_OK"
7812,10142666904,10142666969,1,"IOTHUB_CLIENT_CONFIRMATION_OK"
7813,10142667104,10142667138,1,"IOTHUB_CLIENT_CONFIRMATION_OK"
7814,10142667304,10142667341,1,"IOTHUB_CLIENT_CONFIRMATION_OK"
7815,10142667504,10142667598,1,"IOTHUB_CLIENT_CONFIRMATION_OK"
7816,10142667704,10142667771,1,"IOTHUB_CLIENT_CONFIRMATION_OK"
7817,10142667905,10142667949,1,"IOTHUB_CLIENT_CONFIRMATION_OK"
7818,10142668105,10142668143,1,"IOTHUB_CLIENT_CONFIRMATION_OK"
7819,10142668305,10142668339,1,"IOTHUB_CLIENT_CONFIRMATION_OK"
7820,10142668505,10142668605,1,"IOTHUB_CLIENT_CONFIRMATION_OK"
7821,10142668705,10142668742,1,"IOTHUB_CLIENT_CONFIRMATION_OK"
7822,10142668905,10142668952,1,"IOTHUB_CLIENT_CONFIRMATION_OK"
7823,10142669105,10142669235,1,"IOTHUB_CLIENT_CONFIRMATION_OK"
7824,10142669306,10142669357,1,"IOTHUB_CLIENT_CONFIRMATION_OK"
7825,10142669506,10142669561,1,"IOTHUB_CLIENT_CONFIRMATION_OK"
7826,10142669706,10142669843,1,"IOTHUB_CLIENT_CONFIRMATION_OK"
7827,10142669906,10142669945,1,"IOTHUB_CLIENT_CONFIRMATION_OK"
7828,10142670106,10142670145,1,"IOTHUB_CLIENT_CONFIRMATION_OK"
7829,10142670306,10142670345,1,"IOTHUB_CLIENT_CONFIRMATION_OK"
7830,10142670506,10142670542,1,"IOTHUB_CLIENT_CONFIRMATION_OK"
7831,10142670707,10142670753,1,"IOTHUB_CLIENT_CONFIRMATION_OK"
7832,10142670907,10142670948,1,"IOTHUB_CLIENT_CONFIRMATION_OK"
7833,10142671107,10142671181,1,"IOTHUB_CLIENT_CONFIRMATION_OK"
7834,10142671307,10142671362,1,"IOTHUB_CLIENT_CONFIRMATION_OK"
7835,10142671507,10142671541,1,"IOTHUB_CLIENT_CONFIRMATION_OK"
7836,10142671707,10142671747,1,"IOTHUB_CLIENT_CONFIRMATION_OK"
7837,10142671908,10142671952,1,"IOTHUB_CLIENT_CONFIRMATION_OK"
7838,10142672108,10142672156,1,"IOTHUB_CLIENT_CONFIRMATION_OK"
7839,10142672308,10142672366,1,"IOTHUB_CLIENT_CONFIRMATION_OK"
7840,10142672508,10142672555,1,"IOTHUB_CLIENT_CONFIRMATION_OK"
7841,10142672708,10142672744,1,"IOTHUB_CLIENT_CONFIRMATION_OK"
7842,10142672908,10142672950,1,"IOTHUB_CLIENT_CONFIRMATION_OK"
7843,10142673108,10142673171,1,"IOTHUB_CLIENT_CONFIRMATION_OK"
7844,10142673309,10142673346,1,"IOTHUB_CLIENT_CONFIRMATION_OK"
7845,10142673509,10142673558,1,"IOTHUB_CLIENT_CONFIRMATION_OK"
7846,10142673709,10142673761,1,"IOTHUB_CLIENT_CONFIRMATION_OK"
7847,10142673909,10142673951,1,"IOTHUB_CLIENT_CONFIRMATION_OK"
7848,10142674109,10142674178,1,"IOTHUB_CLIENT_CONFIRMATION_OK"
7849,10142674309,10142674352,1,"IOTHUB_CLIENT_CONFIRMATION_OK"
7850,10142674509,10142674548,1,"IOTHUB_CLIENT_CONFIRMATION_OK"
7851,10142674710,10142674746,1,"IOTHUB_CLIENT_CONFIRMATION_OK"
7852,10142674910,10142674953,1,"IOTHUB_CLIENT_CONFIRMATION_OK"
7853,10142675110,10142675147,1,"IOTHUB_CLIENT_CONFIRMATION_OK"
7854,10142675310,10142675347,1,"IOTHUB_CLIENT_CONFIRMATION_OK"
7855,10142675510,10142675554,1,"IOTHUB_CLIENT_CONFIRMATION_OK"
7856,10142675710,10142675758,1,"IOTHUB_CLIENT_CONFIRMATION_OK"
7857,10142675911,10142675955,1,"IOTHUB_CLIENT_CONFIRMATION_OK"
7858,10142676111,10142676147,1,"IOTHUB_CLIENT_CONFIRMATION_OK"
7859,10142676311,10142676431,1,"IOTHUB_CLIENT_CONFIRMATION_OK"
7860,10142676511,10142676552,1,"IOTHUB_CLIENT_CONFIRMATION_OK"
7861,10142676711,10142676754,1,"IOTHUB_CLIENT_CONFIRMATION_OK"
7862,10142676911,10142677038,1,"IOTHUB_CLIENT_CONFIRMATION_OK"
7863,10142677111,10142677159,1,"IOTHUB_CLIENT_CONFIRMATION_OK"
7864,10142677312,10142677353,1,"IOTHUB_CLIENT_CONFIRMATION_OK"
7865,10142677512,10142677555,1,"IOTHUB_CLIENT_CONFIRMATION_OK"
7866,10142677712,10142677753,1,"IOTHUB_CLIENT_CONFIRMATION_OK"
7867,10142677912,10142677979,1,"IOTHUB_CLIENT_CONFIRMATION_OK"
7868,10142678112,10142678165,1,"IOTHUB_CLIENT_CONFIRMATION_OK"
7869,10142678312,10142678350,1,"IOTHUB_CLIENT_CONFIRMATION_OK"
7870,10142678513,10142678645,1,"IOTHUB_CLIENT_CONFIRMATION_OK"
7871,10142678713,10142678756,1,"IOTHUB_CLIENT_CONFIRMATION_OK"
7872,10142678913,10142678948,1,"IOTHUB_CLIENT_CONFIRMATION_OK"
7873,10142679113,10142679255,1,"IOTHUB_CLIENT_CONFIRMATION_OK"
7874,10142679313,10142679349,1,"IOTHUB_CLIENT_CONFIRMATION_OK"
7875,10142679513,10142679543,1,"IOTHUB_CLIENT_CONFIRMATION_OK"
7876,10142679714,10142679763,1,"IOTHUB_CLIENT_CONFIRMATION_OK"
7877,10142679914,10142679959,1,"IOTHUB_CLIENT_CONFIRMATION_OK"
7878,10142680114,10142680147,1,"IOTHUB_CLIENT_CONFIRMATION_OK"
7879,10142680314,10142680351,1,"IOTHUB_CLIENT_CONFIRMATION_OK"
7880,10142680514,10142680557,1,"IOTHUB_CLIENT_CONFIRMATION_OK"
7881,10142680714,10142680752,1,"IOTHUB_CLIENT_CONFIRMATION_OK"
7882,10142680915,10142680971,1,"IOTHUB_CLIENT_CONFIRMATION_OK"
7883,10142681115,10142681162,1,"IOTHUB_CLIENT_CONFIRMATION_OK"
7884,10142681315,10142681525,1,"IOTHUB_CLIENT_CONFIRMATION_OK"
7885,10142681515,10142681552,1,"IOTHUB_CLIENT_CONFIRMATION_OK"
7886,10142681715,10142681754,1,"IOTHUB_CLIENT_CONFIRMATION_OK"
7887,10142681915,10142681958,1,"IOTHUB_CLIENT_CONFIRMATION_OK"
7888,10142682116,10142682151,1,"IOTHUB_CLIENT_CONFIRMATION_OK"
7889,10142682316,10142682355,1,"IOTHUB_CLIENT_CONFIRMATION_OK"
7890,10142682516,10142682553,1,"IOTHUB_CLIENT_CONFIRMATION_OK"
7891,10142682716,10142682756,1,"IOTHUB_CLIENT_CONFIRMATION_OK"
7892,10142682916,10142682979,1,"IOTHUB_CLIENT_CONFIRMATION_OK"
7893,10142683116,10142683162,1,"IOTHUB_CLIENT_CONFIRMATION_OK"
7894,10142683316,10142683351,1,"IOTHUB_CLIENT_CONFIRMATION_OK"
7895,10142683517,10142683572,1,"IOTHUB_CLIENT_CONFIRMATION_OK"
7896,10142683717,10142683754,1,"IOTHUB_CLIENT_CONFIRMATION_OK"
7897,10142683917,10142683956,1,"IOTHUB_CLIENT_CONFIRMATION_OK"
7898,10142684117,10142684175,1,"IOTHUB_CLIENT_CONFIRMATION_OK"
7899,10142684317,10142684351,1,"IOTHUB_CLIENT_CONFIRMATION_OK"
7900,10142684517,10142684576,1,"IOTHUB_CLIENT_CONFIRMATION_OK"
7901,10142684718,10142684790,1,"IOTHUB_CLIENT_CONFIRMATION_OK"
7902,10142684918,10142684948,1,"IOTHUB_CLIENT_CONFIRMATION_OK"
7903,10142685118,10142685153,1,"IOTHUB_CLIENT_CONFIRMATION_OK"
7904,10142685318,10142685355,1,"IOTHUB_CLIENT_CONFIRMATION_OK"
7905,10142685518,10142685555,1,"IOTHUB_CLIENT_CONFIRMATION_OK"
7906,10142685718,10142685803,1,"IOTHUB_CLIENT_CONFIRMATION_OK"
7907,10142685918,10142685957,1,"IOTHUB_CLIENT_CONFIRMATION_OK"
7908,10142686119,10142686153,1,"IOTHUB_CLIENT_CONFIRMATION_OK"
7909,10142686319,10142686429,1,"IOTHUB_CLIENT_CONFIRMATION_OK"
7910,10142686519,10142686554,1,"IOTHUB_CLIENT_CONFIRMATION_OK"
7911,10142686719,10142686761,1,"IOTHUB_CLIENT_CONFIRMATION_OK"
7912,10142686919,10142687066,1,"IOTHUB_CLIENT_CONFIRMATION_OK"
7913,10142687119,10142687156,1,"IOTHUB_CLIENT_CONFIRMATION_OK"
7914,10142687319,10142687347,1,"IOTHUB_CLIENT_CONFIRMATION_OK"
7915,10142687520,10142687562,1,"IOTHUB_CLIENT_CONFIRMATION_OK"
7916,10142687720,10142687761,1,"IOTHUB_CLIENT_CONFIRMATION_OK"
7917,10142687920,10142687963,1,"IOTHUB_CLIENT_CONFIRMATION_OK"
7918,10142688120,10142688161,1,"IOTHUB_CLIENT_CONFIRMATION_OK"
7919,10142688320,10142688403,1,"IOTHUB_CLIENT_CONFIRMATION_OK"
7920,10142688520,10142688714,1,"IOTHUB_CLIENT_CONFIRMATION_OK"
7921,10142688721,10142688759,1,"IOTHUB_CLIENT_CONFIRMATION_OK"
7922,10142688921,10142688963,1,"IOTHUB_CLIENT_CONFIRMATION_OK"
7923,10142689121,10142689165,1,"IOTHUB_CLIENT_CONFIRMATION_OK"
7924,10142689321,10142689364,1,"IOTHUB_CLIENT_CONFIRMATION_OK"
7925,10142689521,10142689604,1,"IOTHUB_CLIENT_CONFIRMATION_OK"
7926,10142689721,10142689792,1,"IOTHUB_CLIENT_CONFIRMATION_OK"
7927,10142689921,10142689974,1,"IOTHUB_CLIENT_CONFIRMATION_OK"
7928,10142690122,10142690160,1,"IOTHUB_CLIENT_CONFIRMATION_OK"
7929,10142690322,10142690358,1,"IOTHUB_CLIENT_CONFIRMATION_OK"
7930,10142690522,10142690565,1,"IOTHUB_CLIENT_CONFIRMATION_OK"
7931,10142690722,10142690812,1,"IOTHUB_CLIENT_CONFIRMATION_OK"
7932,10142690922,10142690958,1,"IOTHUB_CLIENT_CONFIRMATION_OK"
7933,10142691122,10142691157,1,"IOTHUB_CLIENT_CONFIRMATION_OK"
7934,10142691322,10142691412,1,"IOTHUB_CLIENT_CONFIRMATION_OK"
7935,10142691523,10142691559,1,"IOTHUB_CLIENT_CONFIRMATION_OK"
7936,10142691723,10142691764,1,"IOTHUB_CLIENT_CONFIRMATION_OK"
7937,10142691923,10142692084,1,"IOTHUB_CLIENT_CONFIRMATION_OK"
7938,10142692123,10142692158,1,"IOTHUB_CLIENT_CONFIRMATION_OK"
7939,10142692323,10142692359,1,"IOTHUB_CLIENT_CONFIRMATION_OK"
7940,10142692523,10142692568,1,"IOTHUB_CLIENT_CONFIRMATION_OK"
7941,10142692723,10142692759,1,"IOTHUB_CLIENT_CONFIRMATION_OK"
7942,10142692924,10142693073,1,"IOTHUB_CLIENT_CONFIRMATION_OK"
7943,10142693124,10142693162,1,"IOTHUB_CLIENT_CONFIRMATION_OK"
7944,10142693324,10142693358,1,"IOTHUB_CLIENT_CONFIRMATION_OK"
7945,10142693524,10142693729,1,"IOTHUB_CLIENT_CONFIRMATION_OK"
7946,10142693724,10142693763,1,"IOTHUB_CLIENT_CONFIRMATION_OK"
7947,10142693924,10142693957,1,"IOTHUB_CLIENT_CONFIRMATION_OK"
7948,10142694125,10142694170,1,"IOTHUB_CLIENT_CONFIRMATION_OK"
7949,10142694325,10142694358,1,"IOTHUB_CLIENT_CONFIRMATION_OK"
7950,10142694525,10142694618,1,"IOTHUB_CLIENT_CONFIRMATION_OK"
7951,10142694725,10142694772,1,"IOTHUB_CLIENT_CONFIRMATION_OK"
7952,10142694925,10142694965,1,"IOTHUB_CLIENT_CONFIRMATION_OK"
7953,10142695125,10142695164,1,"IOTHUB_CLIENT_CONFIRMATION_OK"
7954,10142695325,10142695390,1,"IOTHUB_CLIENT_CONFIRMATION_OK"
7955,10142695526,10142695574,1,"IOTHUB_CLIENT_CONFIRMATION_OK"
7956,10142695726,10142696007,1,"IOTHUB_CLIENT_CONFIRMATION_OK"
7957,10142695926,10142696032,1,"IOTHUB_CLIENT_CONFIRMATION_OK"
7958,10142696126,10142696165,1,"IOTHUB_CLIENT_CONFIRMATION_OK"
7959,10142696326,10142696413,1,"IOTHUB_CLIENT_CONFIRMATION_OK"
7960,10142696526,10142696563,1,"IOTHUB_CLIENT_CONFIRMATION_OK"
7961,10142696726,10142696762,1,"IOTHUB_CLIENT_CONFIRMATION_OK"
7962,10142696927,10142697051,1,"IOTHUB_CLIENT_CONFIRMATION_OK"
7963,10142697127,10142697163,1,"IOTHUB_CLIENT_CONFIRMATION_OK"
7964,10142697327,10142697365,1,"IOTHUB_CLIENT_CONFIRMATION_OK"
7965,10142697527,10142697567,1,"IOTHUB_CLIENT_CONFIRMATION_OK"
7966,10142697727,10142697761,1,"IOTHUB_CLIENT_CONFIRMATION_OK"
7967,10142697928,10142697986,1,"IOTHUB_CLIENT_CONFIRMATION_OK"
7968,10142698128,10142698161,1,"IOTHUB_CLIENT_CONFIRMATION_OK"
7969,10142698328,10142698372,1,"IOTHUB_CLIENT_CONFIRMATION_OK"
7970,10142698528,10142698712,1,"IOTHUB_CLIENT_CONFIRMATION_OK"
7971,10142698728,10142698783,1,"IOTHUB_CLIENT_CONFIRMATION_OK"
7972,10142698928,10142698965,1,"IOTHUB_CLIENT_CONFIRMATION_OK"
7973,10142699129,10142699291,1,"IOTHUB_CLIENT_CONFIRMATION_OK"
7974,10142699329,10142699364,1,"IOTHUB_CLIENT_CONFIRMATION_OK"
7975,10142699529,10142699569,1,"IOTHUB_CLIENT_CONFIRMATION_OK"
7976,10142699729,10142699766,1,"IOTHUB_CLIENT_CONFIRMATION_OK"
7977,10142699929,10142700002,1,"IOTHUB_CLIENT_CONFIRMATION_OK"
7978,10142700129,10142700425,1,"IOTHUB_CLIENT_CONFIRMATION_OK"
7979,10142700329,10142700482,1,"IOTHUB_CLIENT_CONFIRMATION_OK"
7980,10142700530,10142700605,1,"IOTHUB_CLIENT_CONFIRMATION_OK"
7981,10142700730,10142700919,1,"IOTHUB_CLIENT_CONFIRMATION_OK"
7982,10142700930,10142700969,1,"IOTHUB_CLIENT_CONFIRMATION_OK"
7983,10142701130,10142701159,1,"IOTHUB_CLIENT_CONFIRMATION_OK"
7984,10142701330,10142701381,1,"IOTHUB_CLIENT_CONFIRMATION_OK"
7985,10142701530,10142701571,1,"IOTHUB_CLIENT_CONFIRMATION_OK"
7986,10142701731,10142701769,1,"IOTHUB_CLIENT_CONFIRMATION_OK"
7987,10142701931,10142702004,1,"IOTHUB_CLIENT_CONFIRMATION_OK"
7988,10142702131,10142702176,1,"IOTHUB_CLIENT_CONFIRMATION_OK"
7989,10142702331,10142702365,1,"IOTHUB_CLIENT_CONFIRMATION_OK"
7990,10142702531,10142702603,1,"IOTHUB_CLIENT_CONFIRMATION_OK"
7991,10142702732,10142702772,1,"IOTHUB_CLIENT_CONFIRMATION_OK"
7992,10142702932,10142702969,1,"IOTHUB_CLIENT_CONFIRMATION_OK"
7993,10142703132,10142703173,1,"IOTHUB_CLIENT_CONFIRMATION_OK"
7994,10142703332,10142703374,1,"IOTHUB_CLIENT_CONFIRMATION_OK"
7995,10142703532,10142703713,1,"IOTHUB_CLIENT_CONFIRMATION_OK"
7996,10142703733,10142703773,1,"IOTHUB_CLIENT_CONFIRMATION_OK"
7997,10142703933,10142703982,1,"IOTHUB_CLIENT_CONFIRMATION_OK"
7998,10142704133,10142704171,1,"IOTHUB_CLIENT_CONFIRMATION_OK"
7999,10142704333,10142704373,1,"IOTHUB_CLIENT_CONFIRMATION_OK"
8000,10142704533,10142704630,1,"IOTHUB_CLIENT_CONFIRMATION_OK"
8001,10142704734,10142704774,1,"IOTHUB_CLIENT_CONFIRMATION_OK"
8002,10142704934,10142704970,1,"IOTHUB_CLIENT_CONFIRMATION_OK"
8003,10142705134,10142705186,1,"IOTHUB_CLIENT_CONFIRMATION_OK"
8004,10142705334,10142705386,1,"IOTHUB_CLIENT_CONFIRMATION_OK"
8005,10142705534,10142705607,1,"IOTHUB_CLIENT_CONFIRMATION_OK"
8006,10142705734,10142705779,1,"IOTHUB_CLIENT_CONFIRMATION_OK"
8007,10142705935,10142705973,1,"IOTHUB_CLIENT_CONFIRMATION_OK"
8008,10142706135,10142706175,1,"IOTHUB_CLIENT_CONFIRMATION_OK"
8009,10142706335,10142706409,1,"IOTHUB_CLIENT_CONFIRMATION_OK"
8010,10142706535,10142706573,1,"IOTHUB_CLIENT_CONFIRMATION_OK"
8011,10142706735,10142706774,1,"IOTHUB_CLIENT_CONFIRMATION_OK"
8012,10142706935,10142707055,1,"IOTHUB_CLIENT_CONFIRMATION_OK"
8013,10142707135,10142707171,1,"IOTHUB_CLIENT_CONFIRMATION_OK"
8014,10142707336,10142707406,1,"IOTHUB_CLIENT_CONFIRMATION_OK"
8015,10142707536,10142707576,1,"IOTHUB_CLIENT_CONFIRMATION_OK"
8016,10142707736,10142707765,1,"IOTHUB_CLIENT_CONFIRMATION_OK"
8017,10142707936,10142708014,1,"IOTHUB_CLIENT_CONFIRMATION_OK"
8018,10142708136,10142708185,1,"IOTHUB_CLIENT_CONFIRMATION_OK"
8019,10142708336,10142708372,1,"IOTHUB_CLIENT_CONFIRMATION_OK"
8020,10142708536,10142708638,1,"IOTHUB_CLIENT_CONFIRMATION_OK"
8021,10142708737,10142708791,1,"IOTHUB_CLIENT_CONFIRMATION_OK"
8022,10142708937,10142708979,1,"IOTHUB_CLIENT_CONFIRMATION_OK"
8023,10142709137,10142709252,1,"IOTHUB_CLIENT_CONFIRMATION_OK"
8024,10142709337,10142709384,1,"IOTHUB_CLIENT_CONFIRMATION_OK"
8025,10142709537,10142709576,1,"IOTHUB_CLIENT_CONFIRMATION_OK"
8026,10142709737,10142709786,1,"IOTHUB_CLIENT_CONFIRMATION_OK"
8027,10142709938,10142709973,1,"IOTHUB_CLIENT_CONFIRMATION_OK"
8028,10142710138,10142710174,1,"IOTHUB_CLIENT_CONFIRMATION_OK"
8029,10142710338,10142710382,1,"IOTHUB_CLIENT_CONFIRMATION_OK"
8030,10142710538,10142710575,1,"IOTHUB_CLIENT_CONFIRMATION_OK"
8031,10142710738,10142710906,1,"IOTHUB_CLIENT_CONFIRMATION_OK"
8032,10142710938,10142710978,1,"IOTHUB_CLIENT_CONFIRMATION_OK"
8033,10142711138,10142711175,1,"IOTHUB_CLIENT_CONFIRMATION_OK"
8034,10142711339,10142711380,1,"IOTHUB_CLIENT_CONFIRMATION_OK"
8035,10142711539,10142711596,1,"IOTHUB_CLIENT_CONFIRMATION_OK"
8036,10142711739,10142711781,1,"IOTHUB_CLIENT_CONFIRMATION_OK"
8037,10142711939,10142711982,1,"IOTHUB_CLIENT_CONFIRMATION_OK"
8038,10142712139,10142712174,1,"IOTHUB_CLIENT_CONFIRMATION_OK"
8039,10142712339,10142712378,1,"IOTHUB_CLIENT_CONFIRMATION_OK"
8040,10142712540,10142712576,1,"IOTHUB_CLIENT_CONFIRMATION_OK"
8041,10142712740,10142712782,1,"IOTHUB_CLIENT_CONFIRMATION_OK"
8042,10142712940,10142713126,1,"IOTHUB_CLIENT_CONFIRMATION_OK"
8043,10142713140,10142713185,1,"IOTHUB_CLIENT_CONFIRMATION_OK"
8044,10142713340,10142713382,1,"IOTHUB_CLIENT_CONFIRMATION_OK"
8045,10142713540,10142713577,1,"IOTHUB_CLIENT_CONFIRMATION_OK"
8046,10142713740,10142713782,1,"IOTHUB_CLIENT_CONFIRMATION_OK"
8047,10142713941,10142713979,1,"IOTHUB_CLIENT_CONFIRMATION_OK"
8048,10142714141,10142714182,1,"IOTHUB_CLIENT_CONFIRMATION_OK"
8049,10142714341,10142714383,1,"IOTHUB_CLIENT_CONFIRMATION_OK"
8050,10142714541,10142714578,1,"IOTHUB_CLIENT_CONFIRMATION_OK"
8051,10142714741,10142714785,1,"IOTHUB_CLIENT_CONFIRMATION_OK"
8052,10142714941,10142714981,1,"IOTHUB_CLIENT_CONFIRMATION_OK"
8053,10142715141,10142715176,1,"IOTHUB_CLIENT_CONFIRMATION_OK"
8054,10142715342,10142715379,1,"IOTHUB_CLIENT_CONFIRMATION_OK"
8055,10142715542,10142715589,1,"IOTHUB_CLIENT_CONFIRMATION_OK"
8056,10142715742,10142715815,1,"IOTHUB_CLIENT_CONFIRMATION_OK"
8057,10142715942,10142715986,1,"IOTHUB_CLIENT_CONFIRMATION_OK"
8058,10142716142,10142716179,1,"IOTHUB_CLIENT_CONFIRMATION_OK"
8059,10142716342,10142716394,1,"IOTHUB_CLIENT_CONFIRMATION_OK"
8060,10142716543,10142716584,1,"IOTHUB_CLIENT_CONFIRMATION_OK"
8061,10142716743,10142716838,1,"IOTHUB_CLIENT_CONFIRMATION_OK"
8062,10142716943,10142717020,1,"IOTHUB_CLIENT_CONFIRMATION_OK"
8063,10142717143,10142717180,1,"IOTHUB_CLIENT_CONFIRMATION_OK"
8064,10142717343,10142717385,1,"IOTHUB_CLIENT_CONFIRMATION_OK"
8065,10142717543,10142717580,1,"IOTHUB_CLIENT_CONFIRMATION_OK"
8066,10142717744,10142717786,1,"IOTHUB_CLIENT_CONFIRMATION_OK"
8067,10142717944,10142718036,1,"IOTHUB_CLIENT_CONFIRMATION_OK"
8068,10142718144,10142718183,1,"IOTHUB_CLIENT_CONFIRMATION_OK"
8069,10142718344,10142718384,1,"IOTHUB_CLIENT_CONFIRMATION_OK"
8070,10142718544,10142718666,1,"IOTHUB_CLIENT_CONFIRMATION_OK"
8071,10142718744,10142718782,1,"IOTHUB_CLIENT_CONFIRMATION_OK"
8072,10142718944,10142718988,1,"IOTHUB_CLIENT_CONFIRMATION_OK"
8073,10142719145,10142719320,1,"IOTHUB_CLIENT_CONFIRMATION_OK"
8074,10142719345,10142719384,1,"IOTHUB_CLIENT_CONFIRMATION_OK"
8075,10142719545,10142719592,1,"IOTHUB_CLIENT_CONFIRMATION_OK"
8076,10142719745,10142719776,1,"IOTHUB_CLIENT_CONFIRMATION_OK"
8077,10142719945,10142719984,1,"IOTHUB_CLIENT_CONFIRMATION_OK"
8078,10142720145,10142720178,1,"IOTHUB_CLIENT_CONFIRMATION_OK"
8079,10142720346,10142720381,1,"IOTHUB_CLIENT_CONFIRMATION_OK"
8080,10142720546,10142720592,1,"IOTHUB_CLIENT_CONFIRMATION_OK"
8081,10142720746,10142720891,1,"IOTHUB_CLIENT_CONFIRMATION_OK"
8082,10142720946,10142721001,1,"IOTHUB_CLIENT_CONFIRMATION_OK"
8083,10142721146,10142721210,1,"IOTHUB_CLIENT_CONFIRMATION_OK"
8084,10142721346,10142721508,1,"IOTHUB_CLIENT_CONFIRMATION_OK"
8085,10142721547,10142721584,1,"IOTHUB_CLIENT_CONFIRMATION_OK"
8086,10142721747,10142721785,1,"IOTHUB_CLIENT_CONFIRMATION_OK"
8087,10142721947,10142721997,1,"IOTHUB_CLIENT_CONFIRMATION_OK"
8088,10142722147,10142722188,1,"IOTHUB_CLIENT_CONFIRMATION_OK"
8089,10142722347,10142722389,1,"IOTHUB_CLIENT_CONFIRMATION_OK"
8090,10142722547,10142722582,1,"IOTHUB_CLIENT_CONFIRMATION_OK"
8091,10142722747,10142722781,1,"IOTHUB_CLIENT_CONFIRMATION_OK"
8092,10142722948,10142723128,1,"IOTHUB_CLIENT_CONFIRMATION_OK"
8093,10142723148,10142723184,1,"IOTHUB_CLIENT_CONFIRMATION_OK"
8094,10142723348,10142723440,1,"IOTHUB_CLIENT_CONFIRMATION_OK"
8095,10142723548,10142723584,1,"IOTHUB_CLIENT_CONFIRMATION_OK"
8096,10142723748,10142723781,1,"IOTHUB_CLIENT_CONFIRMATION_OK"
8097,10142723948,10142723987,1,"IOTHUB_CLIENT_CONFIRMATION_OK"
8098,10142724149,10142724183,1,"IOTHUB_CLIENT_CONFIRMATION_OK"
8099,10142724349,10142724386,1,"IOTHUB_CLIENT_CONFIRMATION_OK"
8100,10142724549,10142724593,1,"IOTHUB_CLIENT_CONFIRMATION_OK"
8101,10142724749,10142724791,1,"IOTHUB_CLIENT_CONFIRMATION_OK"
8102,10142724949,10142724995,1,"IOTHUB_CLIENT_CONFIRMATION_OK"
8103,10142725149,10142725193,1,"IOTHUB_CLIENT_CONFIRMATION_OK"
8104,10142725349,10142725397,1,"IOTHUB_CLIENT_CONFIRMATION_OK"
8105,10142725550,10142725591,1,"IOTHUB_CLIENT_CONFIRMATION_OK"
8106,10142725750,10142725794,1,"IOTHUB_CLIENT_CONFIRMATION_OK"
8107,10142725950,10142725987,1,"IOTHUB_CLIENT_CONFIRMATION_OK"
8108,10142726150,10142726186,1,"IOTHUB_CLIENT_CONFIRMATION_OK"
8109,10142726350,10142726403,1,"IOTHUB_CLIENT_CONFIRMATION_OK"
8110,10142726550,10142726584,1,"IOTHUB_CLIENT_CONFIRMATION_OK"
8111,10142726751,10142726796,1,"IOTHUB_CLIENT_CONFIRMATION_OK"
8112,10142726951,10142727018,1,"IOTHUB_CLIENT_CONFIRMATION_OK"
8113,10142727151,10142727190,1,"IOTHUB_CLIENT_CONFIRMATION_OK"
8114,10142727351,10142727397,1,"IOTHUB_CLIENT_CONFIRMATION_OK"
8115,10142727551,10142727591,1,"IOTHUB_CLIENT_CONFIRMATION_OK"
8116,10142727751,10142727801,1,"IOTHUB_CLIENT_CONFIRMATION_OK"
8117,10142727952,10142728029,1,"IOTHUB_CLIENT_CONFIRMATION_OK"
8118,10142728152,10142728192,1,"IOTHUB_CLIENT_CONFIRMATION_OK"
8119,10142728352,10142728392,1,"IOTHUB_CLIENT_CONFIRMATION_OK"
8120,10142728552,10142728639,1,"IOTHUB_CLIENT_CONFIRMATION_OK"
8121,10142728752,10142728792,1,"IOTHUB_CLIENT_CONFIRMATION_OK"
8122,10142728952,10142729020,1,"IOTHUB_CLIENT_CONFIRMATION_OK"
8123,10142729152,10142729252,1,"IOTHUB_CLIENT_CONFIRMATION_OK"
8124,10142729353,10142729398,1,"IOTHUB_CLIENT_CONFIRMATION_OK"
8125,10142729553,10142729585,1,"IOTHUB_CLIENT_CONFIRMATION_OK"
8126,10142729753,10142729796,1,"IOTHUB_CLIENT_CONFIRMATION_OK"
8127,10142729953,10142730000,1,"IOTHUB_CLIENT_CONFIRMATION_OK"
8128,10142730153,10142730188,1,"IOTHUB_CLIENT_CONFIRMATION_OK"
8129,10142730353,10142730393,1,"IOTHUB_CLIENT_CONFIRMATION_OK"
8130,10142730554,10142730602,1,"IOTHUB_CLIENT_CONFIRMATION_OK"
8131,10142730754,10142730873,1,"IOTHUB_CLIENT_CONFIRMATION_OK"
8132,10142730954,10142730990,1,"IOTHUB_CLIENT_CONFIRMATION_OK"
8133,10142731154,10142731193,1,"IOTHUB_CLIENT_CONFIRMATION_OK"
8134,10142731354,10142731506,1,"IOTHUB_CLIENT_CONFIRMATION_OK"
8135,10142731554,10142731590,1,"IOTHUB_CLIENT_CONFIRMATION_OK"
8136,10142731755,10142731804,1,"IOTHUB_CLIENT_CONFIRMATION_OK"
8137,10142731955,10142732041,1,"IOTHUB_CLIENT_CONFIRMATION_OK"
8138,10142732155,10142732192,1,"IOTHUB_CLIENT_CONFIRMATION_OK"
8139,10142732355,10142732397,1,"IOTHUB_CLIENT_CONFIRMATION_OK"
8140,10142732555,10142732593,1,"IOTHUB_CLIENT_CONFIRMATION_OK"
8141,10142732755,10142732790,1,"IOTHUB_CLIENT_CONFIRMATION_OK"
8142,10142732956,10142733112,1,"IOTHUB_CLIENT_CONFIRMATION_OK"
8143,10142733156,10142733185,1,"IOTHUB_CLIENT_CONFIRMATION_OK"
8144,10142733356,10142733391,1,"IOTHUB_CLIENT_CONFIRMATION_OK"
8145,10142733556,10142733732,1,"IOTHUB_CLIENT_CONFIRMATION_OK"
8146,10142733756,10142733804,1,"IOTHUB_CLIENT_CONFIRMATION_OK"
8147,10142733956,10142734002,1,"IOTHUB_CLIENT_CONFIRMATION_OK"
8148,10142734157,10142734192,1,"IOTHUB_CLIENT_CONFIRMATION_OK"
8149,10142734357,10142734402,1,"IOTHUB_CLIENT_CONFIRMATION_OK"
8150,10142734557,10142734593,1,"IOTHUB_CLIENT_CONFIRMATION_OK"
8151,10142734757,10142734797,1,"IOTHUB_CLIENT_CONFIRMATION_OK"
8152,10142734957,10142734997,1,"IOTHUB_CLIENT_CONFIRMATION_OK"
8153,10142735157,10142735196,1,"IOTHUB_CLIENT_CONFIRMATION_OK"
8154,10142735358,10142735410,1,"IOTHUB_CLIENT_CONFIRMATION_OK"
8155,10142735558,10142735669,1,"IOTHUB_CLIENT_CONFIRMATION_OK"
8156,10142735758,10142735792,1,"IOTHUB_CLIENT_CONFIRMATION_OK"
8157,10142735958,10142736010,1,"IOTHUB_CLIENT_CONFIRMATION_OK"
8158,10142736158,10142736195,1,"IOTHUB_CLIENT_CONFIRMATION_OK"
8159,10142736358,10142736395,1,"IOTHUB_CLIENT_CONFIRMATION_OK"
8160,10142736559,10142736615,1,"IOTHUB_CLIENT_CONFIRMATION_OK"
8161,10142736759,10142736799,1,"IOTHUB_CLIENT_CONFIRMATION_OK"
8162,10142736959,10142737015,1,"IOTHUB_CLIENT_CONFIRMATION_OK"
8163,10142737159,10142737199,1,"IOTHUB_CLIENT_CONFIRMATION_OK"
8164,10142737359,10142737394,1,"IOTHUB_CLIENT_CONFIRMATION_OK"
8165,10142737559,10142737606,1,"IOTHUB_CLIENT_CONFIRMATION_OK"
8166,10142737759,10142737829,1,"IOTHUB_CLIENT_CONFIRMATION_OK"
8167,10142737960,10142738004,1,"IOTHUB_CLIENT_CONFIRMATION_OK"
8168,10142738160,10142738217,1,"IOTHUB_CLIENT_CONFIRMATION_OK"
8169,10142738360,10142738395,1,"IOTHUB_CLIENT_CONFIRMATION_OK"
8170,10142738560,10142738629,1,"IOTHUB_CLIENT_CONFIRMATION_OK"
8171,10142738760,10142738809,1,"IOTHUB_CLIENT_CONFIRMATION_OK"
8172,10142738960,10142739007,1,"IOTHUB_CLIENT_CONFIRMATION_OK"
8173,10142739161,10142739223,1,"IOTHUB_CLIENT_CONFIRMATION_OK"
8174,10142739361,10142739419,1,"IOTHUB_CLIENT_CONFIRMATION_OK"
8175,10142739561,10142739602,1,"IOTHUB_CLIENT_CONFIRMATION_OK"
8176,10142739761,10142739806,1,"IOTHUB_CLIENT_CONFIRMATION_OK"
8177,10142739961,10142739998,1,"IOTHUB_CLIENT_CONFIRMATION_OK"
8178,10142740161,10142740224,1,"IOTHUB_CLIENT_CONFIRMATION_OK"
8179,10142740361,10142740440,1,"IOTHUB_CLIENT_CONFIRMATION_OK"
8180,10142740562,10142740610,1,"IOTHUB_CLIENT_CONFIRMATION_OK"
8181,10142740762,10142740852,1,"IOTHUB_CLIENT_CONFIRMATION_OK"
8182,10142740962,10142741001,1,"IOTHUB_CLIENT_CONFIRMATION_OK"
8183,10142741162,10142741199,1,"IOTHUB_CLIENT_CONFIRMATION_OK"
8184,10142741362,10142741495,1,"IOTHUB_CLIENT_CONFIRMATION_OK"
8185,10142741562,10142741603,1,"IOTHUB_CLIENT_CONFIRMATION_OK"
8186,10142741763,10142741876,1,"IOTHUB_CLIENT_CONFIRMATION_OK"
8187,10142741963,10142742011,1,"IOTHUB_CLIENT_CONFIRMATION_OK"
8188,10142742163,10142742206,1,"IOTHUB_CLIENT_CONFIRMATION_OK"
8189,10142742363,10142742403,1,"IOTHUB_CLIENT_CONFIRMATION_OK"
8190,10142742563,10142742603,1,"IOTHUB_CLIENT_CONFIRMATION_OK"
8191,10142742764,10142742804,1,"IOTHUB_CLIENT_CONFIRMATION_OK"
8192,10142742964,10142743134,1,"IOTHUB_CLIENT_CONFIRMATION_OK"
8193,10142743164,10142743195,1,"IOTHUB_CLIENT_CONFIRMATION_OK"
8194,10142743364,10142743395,1,"IOTHUB_CLIENT_CONFIRMATION_OK"
8195,10142743564,10142743602,1,"IOTHUB_CLIENT_CONFIRMATION_OK"
8196,10142743765,10142743808,1,"IOTHUB_CLIENT_CONFIRMATION_OK"
8197,10142743965,10142744007,1,"IOTHUB_CLIENT_CONFIRMATION_OK"
8198,10142744165,10142744210,1,"IOTHUB_CLIENT_CONFIRMATION_OK"
8199,10142744365,10142744408,1,"IOTHUB_CLIENT_CONFIRMATION_OK"
8200,10142744565,10142744633,1,"IOTHUB_CLIENT_CONFIRMATION_OK"
8201,10142744765,10142744808,1,"IOTHUB_CLIENT_CONFIRMATION_OK"
8202,10142744965,10142745025,1,"IOTHUB_CLIENT_CONFIRMATION_OK"
8203,10142745166,10142745364,1,"IOTHUB_CLIENT_CONFIRMATION_OK"
8204,10142745366,10142745402,1,"IOTHUB_CLIENT_CONFIRMATION_OK"
8205,10142745566,10142745607,1,"IOTHUB_CLIENT_CONFIRMATION_OK"
8206,10142745766,10142745797,1,"IOTHUB_CLIENT_CONFIRMATION_OK"
8207,10142745966,10142746004,1,"IOTHUB_CLIENT_CONFIRMATION_OK"
8208,10142746166,10142746212,1,"IOTHUB_CLIENT_CONFIRMATION_OK"
8209,10142746366,10142746400,1,"IOTHUB_CLIENT_CONFIRMATION_OK"
8210,10142746567,10142746601,1,"IOTHUB_CLIENT_CONFIRMATION_OK"
8211,10142746767,10142746809,1,"IOTHUB_CLIENT_CONFIRMATION_OK"
8212,10142746967,10142747005,1,"IOTHUB_CLIENT_CONFIRMATION_OK"
8213,10142747167,10142747208,1,"IOTHUB_CLIENT_CONFIRMATION_OK"
8214,10142747367,10142747408,1,"IOTHUB_CLIENT_CONFIRMATION_OK"
8215,10142747567,10142747608,1,"IOTHUB_CLIENT_CONFIRMATION_OK"
8216,10142747768,10142747886,1,"IOTHUB_CLIENT_CONFIRMATION_OK"
8217,10142747968,10142748073,1,"IOTHUB_CLIENT_CONFIRMATION_OK"
8218,10142748168,10142748212,1,"IOTHUB_CLIENT_CONFIRMATION_OK"
8219,10142748368,10142748401,1,"IOTHUB_CLIENT_CONFIRMATION_OK"
8220,10142748568,10142748721,1,"IOTHUB_CLIENT_CONFIRMATION_OK"
8221,10142748768,10142748854,1,"IOTHUB_CLIENT_CONFIRMATION_OK"
8222,10142748968,10142749016,1,"IOTHUB_CLIENT_CONFIRMATION_OK"
8223,10142749169,10142749198,1,"IOTHUB_CLIENT_CONFIRMATION_OK"
8224,10142749369,10142749411,1,"IOTHUB_CLIENT_CONFIRMATION_OK"
8225,10142749569,10142749625,1,"IOTHUB_CLIENT_CONFIRMATION_OK"
8226,10142749769,10142749803,1,"IOTHUB_CLIENT_CONFIRMATION_OK"
8227,10142749969,10142750011,1,"IOTHUB_CLIENT_CONFIRMATION_OK"
8228,10142750169,10142750352,1,"IOTHUB_CLIENT_CONFIRMATION_OK"
8229,10142750369,10142750422,1,"IOTHUB_CLIENT_CONFIRMATION_OK"
8230,10142750570,10142750607,1,"IOTHUB_CLIENT_CONFIRMATION_OK"
8231,10142750770,10142750810,1,"IOTHUB_CLIENT_CONFIRMATION_OK"
8232,10142750970,10142751005,1,"IOTHUB_CLIENT_CONFIRMATION_OK"
8233,10142751170,10142751213,1,"IOTHUB_CLIENT_CONFIRMATION_OK"
8234,10142751370,10142751412,1,"IOTHUB_CLIENT_CONFIRMATION_OK"
8235,10142751570,10142751631,1,"IOTHUB_CLIENT_CONFIRMATION_OK"
8236,10142751771,10142751809,1,"IOTHUB_CLIENT_CONFIRMATION_OK"
8237,10142751971,10142752020,1,"IOTHUB_CLIENT_CONFIRMATION_OK"
8238,10142752171,10142752213,1,"IOTHUB_CLIENT_CONFIRMATION_OK"
8239,10142752371,10142752409,1,"IOTHUB_CLIENT_CONFIRMATION_OK"
8240,10142752571,10142752608,1,"IOTHUB_CLIENT_CONFIRMATION_OK"
8241,10142752771,10142752809,1,"IOTHUB_CLIENT_CONFIRMATION_OK"
8242,10142752972,10142753033,1,"IOTHUB_CLIENT_CONFIRMATION_OK"
8243,10142753172,10142753208,1,"IOTHUB_CLIENT_CONFIRMATION_OK"
8244,10142753372,10142753405,1,"IOTHUB_CLIENT_CONFIRMATION_OK"
8245,10142753572,10142753647,1,"IOTHUB_CLIENT_CONFIRMATION_OK"
8246,10142753772,10142753808,1,"IOTHUB_CLIENT_CONFIRMATION_OK"
8247,10142753972,10142754016,1,"IOTHUB_CLIENT_CONFIRMATION_OK"
8248,10142754172,10142754263,1,"IOTHUB_CLIENT_CONFIRMATION_OK"
8249,10142754373,10142754406,1,"IOTHUB_CLIENT_CONFIRMATION_OK"
8250,10142754573,10142754612,1,"IOTHUB_CLIENT_CONFIRMATION_OK"
8251,10142754773,10142754812,1,"IOTHUB_CLIENT_CONFIRMATION_OK"
8252,10142754973,10142755015,1,"IOTHUB_CLIENT_CONFIRMATION_OK"
8253,10142755173,10142755270,1,"IOTHUB_CLIENT_CONFIRMATION_OK"
8254,10142755373,10142755409,1,"IOTHUB_CLIENT_CONFIRMATION_OK"
8255,10142755574,10142755626,1,"IOTHUB_CLIENT_CONFIRMATION_OK"
8256,10142755774,10142755887,1,"IOTHUB_CLIENT_CONFIRMATION_OK"
8257,10142755974,10142756017,1,"IOTHUB_CLIENT_CONFIRMATION_OK"
8258,10142756174,10142756208,1,"IOTHUB_CLIENT_CONFIRMATION_OK"
8259,10142756374,10142756571,1,"IOTHUB_CLIENT_CONFIRMATION_OK"
8260,10142756574,10142756616,1,"IOTHUB_CLIENT_CONFIRMATION_OK"
8261,10142756774,10142756810,1,"IOTHUB_CLIENT_CONFIRMATION_OK"
8262,10142756975,10142757017,1,"IOTHUB_CLIENT_CONFIRMATION_OK"
8263,10142757175,10142757216,1,"IOTHUB_CLIENT_CONFIRMATION_OK"
8264,10142757375,10142757558,1,"IOTHUB_CLIENT_CONFIRMATION_OK"
8265,10142757575,10142757608,1,"IOTHUB_CLIENT_CONFIRMATION_OK"
8266,10142757775,10142757817,1,"IOTHUB_CLIENT_CONFIRMATION_OK"
8267,10142757975,10142758014,1,"IOTHUB_CLIENT_CONFIRMATION_OK"
8268,10142758175,10142758209,1,"IOTHUB_CLIENT_CONFIRMATION_OK"
8269,10142758376,10142758415,1,"IOTHUB_CLIENT_CONFIRMATION_OK"
8270,10142758576,10142758616,1,"IOTHUB_CLIENT_CONFIRMATION_OK"
8271,10142758776,10142758821,1,"IOTHUB_CLIENT_CONFIRMATION_OK"
8272,10142758976,10142759013,1,"IOTHUB_CLIENT_CONFIRMATION_OK"
8273,10142759176,10142759208,1,"IOTHUB_CLIENT_CONFIRMATION_OK"
8274,10142759376,10142759415,1,"IOTHUB_CLIENT_CONFIRMATION_OK"
8275,10142759576,10142759620,1,"IOTHUB_CLIENT_CONFIRMATION_OK"
8276,10142759777,10142759815,1,"IOTHUB_CLIENT_CONFIRMATION_OK"
8277,10142759977,10142760012,1,"IOTHUB_CLIENT_CONFIRMATION_OK"
8278,10142760177,10142760225,1,"IOTHUB_CLIENT_CONFIRMATION_OK"
8279,10142760377,10142760419,1,"IOTHUB_CLIENT_CONFIRMATION_OK"
8280,10142760577,10142760606,1,"IOTHUB_CLIENT_CONFIRMATION_OK"
8281,10142760777,10142760822,1,"IOTHUB_CLIENT_CONFIRMATION_OK"
8282,10142760977,10142761023,1,"IOTHUB_CLIENT_CONFIRMATION_OK"
8283,10142761178,10142761213,1,"IOTHUB_CLIENT_CONFIRMATION_OK"
8284,10142761378,10142761430,1,"IOTHUB_CLIENT_CONFIRMATION_OK"
8285,10142761578,10142761617,1,"IOTHUB_CLIENT_CONFIRMATION_OK"
8286,10142761778,10142761810,1,"IOTHUB_CLIENT_CONFIRMATION_OK"
8287,10142761978,10142762016,1,"IOTHUB_CLIENT_CONFIRMATION_OK"
8288,10142762178,10142762217,1,"IOTHUB_CLIENT_CONFIRMATION_OK"
8289,10142762379,10142762442,1,"IOTHUB_CLIENT_CONFIRMATION_OK"
8290,10142762579,10142762629,1,"IOTHUB_CLIENT_CONFIRMATION_OK"
8291,10142762779,10142762820,1,"IOTHUB_CLIENT_CONFIRMATION_OK"
8292,10142762979,10142763064,1,"IOTHUB_CLIENT_CONFIRMATION_OK"
8293,10142763179,10142763210,1,"IOTHUB_CLIENT_CONFIRMATION_OK"
8294,10142763379,10142763415,1,"IOTHUB_CLIENT_CONFIRMATION_OK"
8295,10142763580,10142763667,1,"IOTHUB_CLIENT_CONFIRMATION_OK"
8296,10142763780,10142763815,1,"IOTHUB_CLIENT_CONFIRMATION_OK"
8297,10142763980,10142764015,1,"IOTHUB_CLIENT_CONFIRMATION_OK"
8298,10142764180,10142764217,1,"IOTHUB_CLIENT_CONFIRMATION_OK"
8299,10142764380,10142764419,1,"IOTHUB_CLIENT_CONFIRMATION_OK"
8300,10142764580,10142764623,1,"IOTHUB_CLIENT_CONFIRMATION_OK"
8301,10142764780,10142764825,1,"IOTHUB_CLIENT_CONFIRMATION_OK"
8302,10142764981,10142765019,1,"IOTHUB_CLIENT_CONFIRMATION_OK"
8303,10142765181,10142765285,1,"IOTHUB_CLIENT_CONFIRMATION_OK"
8304,10142765381,10142765423,1,"IOTHUB_CLIENT_CONFIRMATION_OK"
8305,10142765581,10142765621,1,"IOTHUB_CLIENT_CONFIRMATION_OK"
8306,10142765781,10142765897,1,"IOTHUB_CLIENT_CONFIRMATION_OK"
8307,10142765981,10142766022,1,"IOTHUB_CLIENT_CONFIRMATION_OK"
8308,10142766181,10142766215,1,"IOTHUB_CLIENT_CONFIRMATION_OK"
8309,10142766382,10142766813,1,"IOTHUB_CLIENT_CONFIRMATION_OK"
8310,10142766582,10142767130,1,"IOTHUB_CLIENT_CONFIRMATION_OK"
8311,10142766782,10142767172,1,"IOTHUB_CLIENT_CONFIRMATION_OK"
8312,10142766982,10142767279,1,"IOTHUB_CLIENT_CONFIRMATION_OK"
8313,10142767182,10142767338,1,"IOTHUB_CLIENT_CONFIRMATION_OK"
8314,10142767382,10142767522,1,"IOTHUB_CLIENT_CONFIRMATION_OK"
8315,10142767583,10142767640,1,"IOTHUB_CLIENT_CONFIRMATION_OK"
8316,10142767783,10142767855,1,"IOTHUB_CLIENT_CONFIRMATION_OK"
8317,10142767983,10142768140,1,"IOTHUB_CLIENT_CONFIRMATION_OK"
8318,10142768183,10142768216,1,"IOTHUB_CLIENT_CONFIRMATION_OK"
8319,10142768383,10142768416,1,"IOTHUB_CLIENT_CONFIRMATION_OK"
8320,10142768583,10142768620,1,"IOTHUB_CLIENT_CONFIRMATION_OK"
8321,10142768783,10142768821,1,"IOTHUB_CLIENT_CONFIRMATION_OK"
8322,10142768984,10142769024,1,"IOTHUB_CLIENT_CONFIRMATION_OK"
8323,10142769184,10142769222,1,"IOTHUB_CLIENT_CONFIRMATION_OK"
8324,10142769384,10142769418,1,"IOTHUB_CLIENT_CONFIRMATION_OK"
8325,10142769584,10142769621,1,"IOTHUB_CLIENT_CONFIRMATION_OK"
8326,10142769784,10142769828,1,"IOTHUB_CLIENT_CONFIRMATION_OK"
8327,10142769984,10142770052,1,"IOTHUB_CLIENT_CONFIRMATION_OK"
8328,10142770184,10142770366,1,"IOTHUB_CLIENT_CONFIRMATION_OK"
8329,10142770385,10142770425,1,"IOTHUB_CLIENT_CONFIRMATION_OK"
8330,10142770585,10142770632,1,"IOTHUB_CLIENT_CONFIRMATION_OK"
8331,10142770785,10142770825,1,"IOTHUB_CLIENT_CONFIRMATION_OK"
8332,10142770985,10142771085,1,"IOTHUB_CLIENT_CONFIRMATION_OK"
8333,10142771185,10142771237,1,"IOTHUB_CLIENT_CONFIRMATION_OK"
8334,10142771385,10142771431,1,"IOTHUB_CLIENT_CONFIRMATION_OK"
8335,10142771586,10142771628,1,"IOTHUB_CLIENT_CONFIRMATION_OK"
8336,10142771786,10142771826,1,"IOTHUB_CLIENT_CONFIRMATION_OK"
8337,10142771986,10142772031,1,"IOTHUB_CLIENT_CONFIRMATION_OK"
8338,10142772186,10142772227,1,"IOTHUB_CLIENT_CONFIRMATION_OK"
8339,10142772386,10142772477,1,"IOTHUB_CLIENT_CONFIRMATION_OK"
8340,10142772586,10142772625,1,"IOTHUB_CLIENT_CONFIRMATION_OK"
8341,10142772787,10142772848,1,"IOTHUB_CLIENT_CONFIRMATION_OK"
8342,10142772987,10142773027,1,"IOTHUB_CLIENT_CONFIRMATION_OK"
8343,10142773187,10142773228,1,"IOTHUB_CLIENT_CONFIRMATION_OK"
8344,10142773387,10142773463,1,"IOTHUB_CLIENT_CONFIRMATION_OK"
8345,10142773587,10142773641,1,"IOTHUB_CLIENT_CONFIRMATION_OK"
8346,10142773787,10142773824,1,"IOTHUB_CLIENT_CONFIRMATION_OK"
8347,10142773987,10142774032,1,"IOTHUB_CLIENT_CONFIRMATION_OK"
8348,10142774188,10142774220,1,"IOTHUB_CLIENT_CONFIRMATION_OK"
8349,10142774388,10142774428,1,"IOTHUB_CLIENT_CONFIRMATION_OK"
8350,10142774588,10142774651,1,"IOTHUB_CLIENT_CONFIRMATION_OK"
8351,10142774788,10142774833,1,"IOTHUB_CLIENT_CONFIRMATION_OK"
8352,10142774988,10142775023,1,"IOTHUB_CLIENT_CONFIRMATION_OK"
8353,10142775188,10142775261,1,"IOTHUB_CLIENT_CONFIRMATION_OK"
8354,10142775389,10142775437,1,"IOTHUB_CLIENT_CONFIRMATION_OK"
8355,10142775589,10142775621,1,"IOTHUB_CLIENT_CONFIRMATION_OK"
8356,10142775789,10142775873,1,"IOTHUB_CLIENT_CONFIRMATION_OK"
8357,10142775989,10142776021,1,"IOTHUB_CLIENT_CONFIRMATION_OK"
8358,10142776189,10142776229,1,"IOTHUB_CLIENT_CONFIRMATION_OK"
8359,10142776389,10142776426,1,"IOTHUB_CLIENT_CONFIRMATION_OK"
8360,10142776589,10142776639,1,"IOTHUB_CLIENT_CONFIRMATION_OK"
8361,10142776790,10142776883,1,"IOTHUB_CLIENT_CONFIRMATION_OK"
8362,10142776990,10142777036,1,"IOTHUB_CLIENT_CONFIRMATION_OK"
8363,10142777190,10142777224,1,"IOTHUB_CLIENT_CONFIRMATION_OK"
8364,10142777390,10142777524,1,"IOTHUB_CLIENT_CONFIRMATION_OK"
8365,10142777590,10142777663,1,"IOTHUB_CLIENT_CONFIRMATION_OK"
8366,10142777790,10142777828,1,"IOTHUB_CLIENT_CONFIRMATION_OK"
8367,10142777991,10142778138,1,"IOTHUB_CLIENT_CONFIRMATION_OK"
8368,10142778191,10142778232,1,"IOTHUB_CLIENT_CONFIRMATION_OK"
8369,10142778391,10142778432,1,"IOTHUB_CLIENT_CONFIRMATION_OK"
8370,10142778591,10142778630,1,"IOTHUB_CLIENT_CONFIRMATION_OK"
8371,10142778791,10142778859,1,"IOTHUB_CLIENT_CONFIRMATION_OK"
8372,10142778991,10142779032,1,"IOTHUB_CLIENT_CONFIRMATION_OK"
8373,10142779192,10142779227,1,"IOTHUB_CLIENT_CONFIRMATION_OK"
8374,10142779392,10142779426,1,"IOTHUB_CLIENT_CONFIRMATION_OK"
8375,10142779592,10142779744,1,"IOTHUB_CLIENT_CONFIRMATION_OK"
8376,10142779792,10142779830,1,"IOTHUB_CLIENT_CONFIRMATION_OK"
8377,10142779992,10142780030,1,"IOTHUB_CLIENT_CONFIRMATION_OK"
8378,10142780192,10142780359,1,"IOTHUB_CLIENT_CONFIRMATION_OK"
8379,10142780392,10142780433,1,"IOTHUB_CLIENT_CONFIRMATION_OK"
8380,10142780593,10142780635,1,"IOTHUB_CLIENT_CONFIRMATION_OK"
8381,10142780793,10142780840,1,"IOTHUB_CLIENT_CONFIRMATION_OK"
8382,10142780993,10142781033,1,"IOTHUB_CLIENT_CONFIRMATION_OK"
8383,10142781193,10142781233,1,"IOTHUB_CLIENT_CONFIRMATION_OK"
8384,10142781393,10142781431,1,"IOTHUB_CLIENT_CONFIRMATION_OK"
8385,10142781593,10142781634,1,"IOTHUB_CLIENT_CONFIRMATION_OK"
8386,10142781794,10142781988,1,"IOTHUB_CLIENT_CONFIRMATION_OK"
8387,10142781994,10142782051,1,"IOTHUB_CLIENT_CONFIRMATION_OK"
8388,10142782194,10142782230,1,"IOTHUB_CLIENT_CONFIRMATION_OK"
8389,10142782394,10142782438,1,"IOTHUB_CLIENT_CONFIRMATION_OK"
8390,10142782594,10142782630,1,"IOTHUB_CLIENT_CONFIRMATION_OK"
8391,10142782794,10142782841,1,"IOTHUB_CLIENT_CONFIRMATION_OK"
8392,10142782994,10142783038,1,"IOTHUB_CLIENT_CONFIRMATION_OK"
8393,10142783195,10142783247,1,"IOTHUB_CLIENT_CONFIRMATION_OK"
8394,10142783395,10142783441,1,"IOTHUB_CLIENT_CONFIRMATION_OK"
8395,10142783595,10142783647,1,"IOTHUB_CLIENT_CONFIRMATION_OK"
8396,10142783795,10142783836,1,"IOTHUB_CLIENT_CONFIRMATION_OK"
8397,10142783995,10142784043,1,"IOTHUB_CLIENT_CONFIRMATION_OK"
8398,10142784195,10142784242,1,"IOTHUB_CLIENT_CONFIRMATION_OK"
8399,10142784396,10142784431,1,"IOTHUB_CLIENT_CONFIRMATION_OK"
8400,10142784596,10142784630,1,"IOTHUB_CLIENT_CONFIRMATION_OK"
8401,10142784796,10142784831,1,"IOTHUB_CLIENT_CONFIRMATION_OK"
8402,10142784996,10142785028,1,"IOTHUB_CLIENT_CONFIRMATION_OK"
8403,10142785196,10142785247,1,"IOTHUB_CLIENT_CONFIRMATION_OK"
8404,10142785396,10142785441,1,"IOTHUB_CLIENT_CONFIRMATION_OK"
8405,10142785597,10142785632,1,"IOTHUB_CLIENT_CONFIRMATION_OK"
8406,10142785797,10142785853,1,"IOTHUB_CLIENT_CONFIRMATION_OK"
8407,10142785997,10142786037,1,"IOTHUB_CLIENT_CONFIRMATION_OK"
8408,10142786197,10142786238,1,"IOTHUB_CLIENT_CONFIRMATION_OK"
8409,10142786397,10142786438,1,"IOTHUB_CLIENT_CONFIRMATION_OK"
8410,10142786597,10142786686,1,"IOTHUB_CLIENT_CONFIRMATION_OK"
8411,10142786797,10142786914,1,"IOTHUB_CLIENT_CONFIRMATION_OK"
8412,10142786998,10142787038,1,"IOTHUB_CLIENT_CONFIRMATION_OK"
8413,10142787198,10142787233,1,"IOTHUB_CLIENT_CONFIRMATION_OK"
8414,10142787398,10142787526,1,"IOTHUB_CLIENT_CONFIRMATION_OK"
8415,10142787598,10142787631,1,"IOTHUB_CLIENT_CONFIRMATION_OK"
8416,10142787798,10142787835,1,"IOTHUB_CLIENT_CONFIRMATION_OK"
8417,10142787998,10142788042,1,"IOTHUB_CLIENT_CONFIRMATION_OK"
8418,10142788199,10142788251,1,"IOTHUB_CLIENT_CONFIRMATION_OK"
8419,10142788399,10142788434,1,"IOTHUB_CLIENT_CONFIRMATION_OK"
8420,10142788599,10142788642,1,"IOTHUB_CLIENT_CONFIRMATION_OK"
8421,10142788799,10142788848,1,"IOTHUB_CLIENT_CONFIRMATION_OK"
8422,10142788999,10142789142,1,"IOTHUB_CLIENT_CONFIRMATION_OK"
8423,10142789200,10142789244,1,"IOTHUB_CLIENT_CONFIRMATION_OK"
8424,10142789400,10142789443,1,"IOTHUB_CLIENT_CONFIRMATION_OK"
8425,10142789600,10142789893,1,"IOTHUB_CLIENT_CONFIRMATION_OK"
8426,10142789800,10142789917,1,"IOTHUB_CLIENT_CONFIRMATION_OK"
8427,10142790000,10142790036,1,"IOTHUB_CLIENT_CONFIRMATION_OK"
8428,10142790200,10142790346,1,"IOTHUB_CLIENT_CONFIRMATION_OK"
8429,10142790400,10142790438,1,"IOTHUB_CLIENT_CONFIRMATION_OK"
8430,10142790601,10142790640,1,"IOTHUB_CLIENT_CONFIRMATION_OK"
8431,10142790801,10142790834,1,"IOTHUB_CLIENT_CONFIRMATION_OK"
8432,10142791001,10142791037,1,"IOTHUB_CLIENT_CONFIRMATION_OK"
8433,10142791201,10142791238,1,"IOTHUB_CLIENT_CONFIRMATION_OK"
8434,10142791401,10142791444,1,"IOTHUB_CLIENT_CONFIRMATION_OK"
8435,10142791601,10142791640,1,"IOTHUB_CLIENT_CONFIRMATION_OK"
8436,10142791802,10142791983,1,"IOTHUB_CLIENT_CONFIRMATION_OK"
8437,10142792002,10142792041,1,"IOTHUB_CLIENT_CONFIRMATION_OK"
8438,10142792202,10142792236,1,"IOTHUB_CLIENT_CONFIRMATION_OK"
8439,10142792402,10142792486,1,"IOTHUB_CLIENT_CONFIRMATION_OK"
8440,10142792602,10142792645,1,"IOTHUB_CLIENT_CONFIRMATION_OK"
8441,10142792802,10142792851,1,"IOTHUB_CLIENT_CONFIRMATION_OK"
8442,10142793003,10142793063,1,"IOTHUB_CLIENT_CONFIRMATION_OK"
8443,10142793203,10142793237,1,"IOTHUB_CLIENT_CONFIRMATION_OK"
8444,10142793403,10142793442,1,"IOTHUB_CLIENT_CONFIRMATION_OK"
8445,10142793603,10142793644,1,"IOTHUB_CLIENT_CONFIRMATION_OK"
8446,10142793803,10142793851,1,"IOTHUB_CLIENT_CONFIRMATION_OK"
8447,10142794003,10142794216,1,"IOTHUB_CLIENT_CONFIRMATION_OK"
8448,10142794203,10142794255,1,"IOTHUB_CLIENT_CONFIRMATION_OK"
8449,10142794404,10142794440,1,"IOTHUB_CLIENT_CONFIRMATION_OK"
8450,10142794604,10142794654,1,"IOTHUB_CLIENT_CONFIRMATION_OK"
8451,10142794804,10142794840,1,"IOTHUB_CLIENT_CONFIRMATION_OK"
8452,10142795004,10142795042,1,"IOTHUB_CLIENT_CONFIRMATION_OK"
8453,10142795204,10142795242,1,"IOTHUB_CLIENT_CONFIRMATION_OK"
8454,10142795404,10142795438,1,"IOTHUB_CLIENT_CONFIRMATION_OK"
8455,10142795605,10142795639,1,"IOTHUB_CLIENT_CONFIRMATION_OK"
8456,10142795805,10142795847,1,"IOTHUB_CLIENT_CONFIRMATION_OK"
8457,10142796005,10142796051,1,"IOTHUB_CLIENT_CONFIRMATION_OK"
8458,10142796205,10142796246,1,"IOTHUB_CLIENT_CONFIRMATION_OK"
8459,10142796405,10142796453,1,"IOTHUB_CLIENT_CONFIRMATION_OK"
8460,10142796605,10142796649,1,"IOTHUB_CLIENT_CONFIRMATION_OK"
8461,10142796806,10142796844,1,"IOTHUB_CLIENT_CONFIRMATION_OK"
8462,10142797006,10142797043,1,"IOTHUB_CLIENT_CONFIRMATION_OK"
8463,10142797206,10142797244,1,"IOTHUB_CLIENT_CONFIRMATION_OK"
8464,10142797406,10142797481,1,"IOTHUB_CLIENT_CONFIRMATION_OK"
8465,10142797606,10142797645,1,"IOTHUB_CLIENT_CONFIRMATION_OK"
8466,10142797807,10142797843,1,"IOTHUB_CLIENT_CONFIRMATION_OK"
8467,10142798007,10142798094,1,"IOTHUB_CLIENT_CONFIRMATION_OK"
8468,10142798207,10142798246,1,"IOTHUB_CLIENT_CONFIRMATION_OK"
8469,10142798407,10142798448,1,"IOTHUB_CLIENT_CONFIRMATION_OK"
8470,10142798607,10142798636,1,"IOTHUB_CLIENT_CONFIRMATION_OK"
8471,10142798807,10142798924,1,"IOTHUB_CLIENT_CONFIRMATION_OK"
8472,10142799007,10142799131,1,"IOTHUB_CLIENT_CONFIRMATION_OK"
8473,10142799208,10142799253,1,"IOTHUB_CLIENT_CONFIRMATION_OK"
8474,10142799408,10142799447,1,"IOTHUB_CLIENT_CONFIRMATION_OK"
8475,10142799608,10142799759,1,"IOTHUB_CLIENT_CONFIRMATION_OK"
8476,10142799808,10142799849,1,"IOTHUB_CLIENT_CONFIRMATION_OK"
8477,10142800008,10142800053,1,"IOTHUB_CLIENT_CONFIRMATION_OK"
8478,10142800208,10142800236,1,"IOTHUB_CLIENT_CONFIRMATION_OK"
8479,10142800409,10142800445,1,"IOTHUB_CLIENT_CONFIRMATION_OK"
8480,10142800609,10142800637,1,"IOTHUB_CLIENT_CONFIRMATION_OK"
8481,10142800809,10142800842,1,"IOTHUB_CLIENT_CONFIRMATION_OK"
8482,10142801009,10142801061,1,"IOTHUB_CLIENT_CONFIRMATION_OK"
8483,10142801209,10142801258,1,"IOTHUB_CLIENT_CONFIRMATION_OK"
8484,10142801409,10142801449,1,"IOTHUB_CLIENT_CONFIRMATION_OK"
8485,10142801609,10142801641,1,"IOTHUB_CLIENT_CONFIRMATION_OK"
8486,10142801810,10142801993,1,"IOTHUB_CLIENT_CONFIRMATION_OK"
8487,10142802010,10142802070,1,"IOTHUB_CLIENT_CONFIRMATION_OK"
8488,10142802210,10142802243,1,"IOTHUB_CLIENT_CONFIRMATION_OK"
8489,10142802410,10142802445,1,"IOTHUB_CLIENT_CONFIRMATION_OK"
8490,10142802610,10142802675,1,"IOTHUB_CLIENT_CONFIRMATION_OK"
8491,10142802810,10142802854,1,"IOTHUB_CLIENT_CONFIRMATION_OK"
8492,10142803011,10142803051,1,"IOTHUB_CLIENT_CONFIRMATION_OK"
8493,10142803211,10142803278,1,"IOTHUB_CLIENT_CONFIRMATION_OK"
8494,10142803411,10142803444,1,"IOTHUB_CLIENT_CONFIRMATION_OK"
8495,10142803611,10142803648,1,"IOTHUB_CLIENT_CONFIRMATION_OK"
8496,10142803811,10142803855,1,"IOTHUB_CLIENT_CONFIRMATION_OK"
8497,10142804011,10142804227,1,"IOTHUB_CLIENT_CONFIRMATION_OK"
8498,10142804212,10142804246,1,"IOTHUB_CLIENT_CONFIRMATION_OK"
8499,10142804412,10142804449,1,"IOTHUB_CLIENT_CONFIRMATION_OK"
8500,10142804612,10142804644,1,"IOTHUB_CLIENT_CONFIRMATION_OK"
8501,10142804812,10142804901,1,"IOTHUB_CLIENT_CONFIRMATION_OK"
8502,10142805012,10142805100,1,"IOTHUB_CLIENT_CONFIRMATION_OK"
8503,10142805212,10142805261,1,"IOTHUB_CLIENT_CONFIRMATION_OK"
8504,10142805412,10142805453,1,"IOTHUB_CLIENT_CONFIRMATION_OK"
8505,10142805613,10142805654,1,"IOTHUB_CLIENT_CONFIRMATION_OK"
8506,10142805813,10142805859,1,"IOTHUB_CLIENT_CONFIRMATION_OK"
8507,10142806013,10142806061,1,"IOTHUB_CLIENT_CONFIRMATION_OK"
8508,10142806213,10142806244,1,"IOTHUB_CLIENT_CONFIRMATION_OK"
8509,10142806413,10142806457,1,"IOTHUB_CLIENT_CONFIRMATION_OK"
8510,10142806613,10142806663,1,"IOTHUB_CLIENT_CONFIRMATION_OK"
8511,10142806814,10142806866,1,"IOTHUB_CLIENT_CONFIRMATION_OK"
8512,10142807014,10142807062,1,"IOTHUB_CLIENT_CONFIRMATION_OK"
8513,10142807214,10142807248,1,"IOTHUB_CLIENT_CONFIRMATION_OK"
8514,10142807414,10142807477,1,"IOTHUB_CLIENT_CONFIRMATION_OK"
8515,10142807614,10142807661,1,"IOTHUB_CLIENT_CONFIRMATION_OK"
8516,10142807814,10142807857,1,"IOTHUB_CLIENT_CONFIRMATION_OK"
8517,10142808014,10142808096,1,"IOTHUB_CLIENT_CONFIRMATION_OK"
8518,10142808215,10142808249,1,"IOTHUB_CLIENT_CONFIRMATION_OK"
8519,10142808415,10142808456,1,"IOTHUB_CLIENT_CONFIRMATION_OK"
8520,10142808615,10142808648,1,"IOTHUB_CLIENT_CONFIRMATION_OK"
8521,10142808815,10142808851,1,"IOTHUB_CLIENT_CONFIRMATION_OK"
8522,10142809015,10142809094,1,"IOTHUB_CLIENT_CONFIRMATION_OK"
8523,10142809215,10142809255,1,"IOTHUB_CLIENT_CONFIRMATION_OK"
8524,10142809415,10142809460,1,"IOTHUB_CLIENT_CONFIRMATION_OK"
8525,10142809616,10142809722,1,"IOTHUB_CLIENT_CONFIRMATION_OK"
8526,10142809816,10142809856,1,"IOTHUB_CLIENT_CONFIRMATION_OK"
8527,10142810016,10142810053,1,"IOTHUB_CLIENT_CONFIRMATION_OK"
8528,10142810216,10142810430,1,"IOTHUB_CLIENT_CONFIRMATION_OK"
8529,10142810416,10142810476,1,"IOTHUB_CLIENT_CONFIRMATION_OK"
8530,10142810616,10142810653,1,"IOTHUB_CLIENT_CONFIRMATION_OK"
8531,10142810816,10142810854,1,"IOTHUB_CLIENT_CONFIRMATION_OK"
8532,10142811017,10142811054,1,"IOTHUB_CLIENT_CONFIRMATION_OK"
8533,10142811217,10142811369,1,"IOTHUB_CLIENT_CONFIRMATION_OK"
8534,10142811417,10142811452,1,"IOTHUB_CLIENT_CONFIRMATION_OK"
8535,10142811617,10142811647,1,"IOTHUB_CLIENT_CONFIRMATION_OK"
8536,10142811817,10142811941,1,"IOTHUB_CLIENT_CONFIRMATION_OK"
8537,10142812017,10142812055,1,"IOTHUB_CLIENT_CONFIRMATION_OK"
8538,10142812217,10142812265,1,"IOTHUB_CLIENT_CONFIRMATION_OK"
8539,10142812418,10142812452,1,"IOTHUB_CLIENT_CONFIRMATION_OK"
8540,10142812618,10142812754,1,"IOTHUB_CLIENT_CONFIRMATION_OK"
8541,10142812818,10142812865,1,"IOTHUB_CLIENT_CONFIRMATION_OK"
8542,10142813018,10142813056,1,"IOTHUB_CLIENT_CONFIRMATION_OK"
8543,10142813218,10142813256,1,"IOTHUB_CLIENT_CONFIRMATION_OK"
8544,10142813418,10142813603,1,"IOTHUB_CLIENT_CONFIRMATION_OK"
8545,10142813618,10142813654,1,"IOTHUB_CLIENT_CONFIRMATION_OK"
8546,10142813819,10142813854,1,"IOTHUB_CLIENT_CONFIRMATION_OK"
8547,10142814019,10142814058,1,"IOTHUB_CLIENT_CONFIRMATION_OK"
8548,10142814219,10142814258,1,"IOTHUB_CLIENT_CONFIRMATION_OK"
8549,10142814419,10142814457,1,"IOTHUB_CLIENT_CONFIRMATION_OK"
8550,10142814619,10142814659,1,"IOTHUB_CLIENT_CONFIRMATION_OK"
8551,10142814819,10142814857,1,"IOTHUB_CLIENT_CONFIRMATION_OK"
8552,10142815020,10142815055,1,"IOTHUB_CLIENT_CONFIRMATION_OK"
8553,10142815220,10142815257,1,"IOTHUB_CLIENT_CONFIRMATION_OK"
8554,10142815420,10142815458,1,"IOTHUB_CLIENT_CONFIRMATION_OK"
8555,10142815620,10142815657,1,"IOTHUB_CLIENT_CONFIRMATION_OK"
8556,10142815820,10142815863,1,"IOTHUB_CLIENT_CONFIRMATION_OK"
8557,10142816020,10142816054,1,"IOTHUB_CLIENT_CONFIRMATION_OK"
8558,10142816221,10142816260,1,"IOTHUB_CLIENT_CONFIRMATION_OK"
8559,10142816421,10142816460,1,"IOTHUB_CLIENT_CONFIRMATION_OK"
8560,10142816621,10142816689,1,"IOTHUB_CLIENT_CONFIRMATION_OK"
8561,10142816821,10142816905,1,"IOTHUB_CLIENT_CONFIRMATION_OK"
8562,10142817021,10142817062,1,"IOTHUB_CLIENT_CONFIRMATION_OK"
8563,10142817221,10142817265,1,"IOTHUB_CLIENT_CONFIRMATION_OK"
8564,10142817421,10142817478,1,"IOTHUB_CLIENT_CONFIRMATION_OK"
8565,10142817622,10142817664,1,"IOTHUB_CLIENT_CONFIRMATION_OK"
8566,10142817822,10142817869,1,"IOTHUB_CLIENT_CONFIRMATION_OK"
8567,10142818022,10142818061,1,"IOTHUB_CLIENT_CONFIRMATION_OK"
8568,10142818222,10142818263,1,"IOTHUB_CLIENT_CONFIRMATION_OK"
8569,10142818422,10142818491,1,"IOTHUB_CLIENT_CONFIRMATION_OK"
8570,10142818622,10142818663,1,"IOTHUB_CLIENT_CONFIRMATION_OK"
8571,10142818823,10142818863,1,"IOTHUB_CLIENT_CONFIRMATION_OK"
8572,10142819023,10142819119,1,"IOTHUB_CLIENT_CONFIRMATION_OK"
8573,10142819223,10142819259,1,"IOTHUB_CLIENT_CONFIRMATION_OK"
8574,10142819423,10142819454,1,"IOTHUB_CLIENT_CONFIRMATION_OK"
8575,10142819623,10142819712,1,"IOTHUB_CLIENT_CONFIRMATION_OK"
8576,10142819823,10142819892,1,"IOTHUB_CLIENT_CONFIRMATION_OK"
8577,10142820023,10142820080,1,"IOTHUB_CLIENT_CONFIRMATION_OK"
8578,10142820224,10142820268,1,"IOTHUB_CLIENT_CONFIRMATION_OK"
8579,10142820424,10142820495,1,"IOTHUB_CLIENT_CONFIRMATION_OK"
8580,10142820624,10142820667,1,"IOTHUB_CLIENT_CONFIRMATION_OK"
8581,10142820824,10142820876,1,"IOTHUB_CLIENT_CONFIRMATION_OK"
8582,10142821024,10142821064,1,"IOTHUB_CLIENT_CONFIRMATION_OK"
8583,10142821224,10142821335,1,"IOTHUB_CLIENT_CONFIRMATION_OK"
8584,10142821425,10142821465,1,"IOTHUB_CLIENT_CONFIRMATION_OK"
8585,10142821625,10142821659,1,"IOTHUB_CLIENT_CONFIRMATION_OK"
8586,10142821825,10142821956,1,"IOTHUB_CLIENT_CONFIRMATION_OK"
8587,10142822025,10142822058,1,"IOTHUB_CLIENT_CONFIRMATION_OK"
8588,10142822225,10142822267,1,"IOTHUB_CLIENT_CONFIRMATION_OK"
8589,10142822425,10142822474,1,"IOTHUB_CLIENT_CONFIRMATION_OK"
8590,10142822625,10142822695,1,"IOTHUB_CLIENT_CONFIRMATION_OK"
8591,10142822826,10142822866,1,"IOTHUB_CLIENT_CONFIRMATION_OK"
8592,10142823026,10142823072,1,"IOTHUB_CLIENT_CONFIRMATION_OK"
8593,10142823226,10142823297,1,"IOTHUB_CLIENT_CONFIRMATION_OK"
8594,10142823426,10142823569,1,"IOTHUB_CLIENT_CONFIRMATION_OK"
8595,10142823626,10142823665,1,"IOTHUB_CLIENT_CONFIRMATION_OK"
8596,10142823826,10142823859,1,"IOTHUB_CLIENT_CONFIRMATION_OK"
8597,10142824027,10142824183,1,"IOTHUB_CLIENT_CONFIRMATION_OK"
8598,10142824227,10142824703,1,"IOTHUB_CLIENT_CONFIRMATION_OK"
8599,10142824427,10142824732,1,"IOTHUB_CLIENT_CONFIRMATION_OK"
8600,10142824627,10142824762,1,"IOTHUB_CLIENT_CONFIRMATION_OK"
8601,10142824827,10142824954,1,"IOTHUB_CLIENT_CONFIRMATION_OK"
8602,10142825027,10142825069,1,"IOTHUB_CLIENT_CONFIRMATION_OK"
8603,10142825227,10142825262,1,"IOTHUB_CLIENT_CONFIRMATION_OK"
8604,10142825428,10142825469,1,"IOTHUB_CLIENT_CONFIRMATION_OK"
8605,10142825628,10142825675,1,"IOTHUB_CLIENT_CONFIRMATION_OK"
8606,10142825828,10142825873,1,"IOTHUB_CLIENT_CONFIRMATION_OK"
8607,10142826028,10142826095,1,"IOTHUB_CLIENT_CONFIRMATION_OK"
8608,10142826228,10142826369,1,"IOTHUB_CLIENT_CONFIRMATION_OK"
8609,10142826428,10142826490,1,"IOTHUB_CLIENT_CONFIRMATION_OK"
8610,10142826629,10142826671,1,"IOTHUB_CLIENT_CONFIRMATION_OK"
8611,10142826829,10142826980,1,"IOTHUB_CLIENT_CONFIRMATION_OK"
8612,10142827029,10142827063,1,"IOTHUB_CLIENT_CONFIRMATION_OK"
8613,10142827229,10142827265,1,"IOTHUB_CLIENT_CONFIRMATION_OK"
8614,10142827429,10142827463,1,"IOTHUB_CLIENT_CONFIRMATION_OK"
8615,10142827629,10142827669,1,"IOTHUB_CLIENT_CONFIRMATION_OK"
8616,10142827829,10142827866,1,"IOTHUB_CLIENT_CONFIRMATION_OK"
8617,10142828030,10142828076,1,"IOTHUB_CLIENT_CONFIRMATION_OK"
8618,10142828230,10142828274,1,"IOTHUB_CLIENT_CONFIRMATION_OK"
8619,10142828430,10142828586,1,"IOTHUB_CLIENT_CONFIRMATION_OK"
8620,10142828630,10142828666,1,"IOTHUB_CLIENT_CONFIRMATION_OK"
8621,10142828830,10142828865,1,"IOTHUB_CLIENT_CONFIRMATION_OK"
8622,10142829031,10142829080,1,"IOTHUB_CLIENT_CONFIRMATION_OK"
8623,10142829231,10142829279,1,"IOTHUB_CLIENT_CONFIRMATION_OK"
8624,10142829431,10142829471,1,"IOTHUB_CLIENT_CONFIRMATION_OK"
8625,10142829631,10142829672,1,"IOTHUB_CLIENT_CONFIRMATION_OK"
8626,10142829831,10142829878,1,"IOTHUB_CLIENT_CONFIRMATION_OK"
8627,10142830031,10142830101,1,"IOTHUB_CLIENT_CONFIRMATION_OK"
8628,10142830232,10142830277,1,"IOTHUB_CLIENT_CONFIRMATION_OK"
8629,10142830432,10142830489,1,"IOTHUB_CLIENT_CONFIRMATION_OK"
8630,10142830632,10142830852,1,"IOTHUB_CLIENT_CONFIRMATION_OK"
8631,10142830832,10142830902,1,"IOTHUB_CLIENT_CONFIRMATION_OK"
8632,10142831032,10142831077,1,"IOTHUB_CLIENT_CONFIRMATION_OK"
8633,10142831232,10142831267,1,"IOTHUB_CLIENT_CONFIRMATION_OK"
8634,10142831433,10142831475,1,"IOTHUB_CLIENT_CONFIRMATION_OK"
8635,10142831633,10142831666,1,"IOTHUB_CLIENT_CONFIRMATION_OK"
8636,10142831833,10142831870,1,"IOTHUB_CLIENT_CONFIRMATION_OK"
8637,10142832033,10142832078,1,"IOTHUB_CLIENT_CONFIRMATION_OK"
8638,10142832233,10142832280,1,"IOTHUB_CLIENT_CONFIRMATION_OK"
8639,10142832433,10142832482,1,"IOTHUB_CLIENT_CONFIRMATION_OK"
8640,10142832633,10142832675,1,"IOTHUB_CLIENT_CONFIRMATION_OK"
8641,10142832834,10142832874,1,"IOTHUB_CLIENT_CONFIRMATION_OK"
8642,10142833034,10142833071,1,"IOTHUB_CLIENT_CONFIRMATION_OK"
8643,10142833234,10142833267,1,"IOTHUB_CLIENT_CONFIRMATION_OK"
8644,10142833434,10142833506,1,"IOTHUB_CLIENT_CONFIRMATION_OK"
8645,10142833634,10142833705,1,"IOTHUB_CLIENT_CONFIRMATION_OK"
8646,10142833834,10142833874,1,"IOTHUB_CLIENT_CONFIRMATION_OK"
8647,10142834034,10142834099,1,"IOTHUB_CLIENT_CONFIRMATION_OK"
8648,10142834235,10142834269,1,"IOTHUB_CLIENT_CONFIRMATION_OK"
8649,10142834435,10142834481,1,"IOTHUB_CLIENT_CONFIRMATION_OK"
8650,10142834635,10142834749,1,"IOTHUB_CLIENT_CONFIRMATION_OK"
8651,10142834835,10142834889,1,"IOTHUB_CLIENT_CONFIRMATION_OK"
8652,10142835035,10142835070,1,"IOTHUB_CLIENT_CONFIRMATION_OK"
8653,10142835236,10142835279,1,"IOTHUB_CLIENT_CONFIRMATION_OK"
8654,10142835436,10142835474,1,"IOTHUB_CLIENT_CONFIRMATION_OK"
8655,10142835636,10142835740,1,"IOTHUB_CLIENT_CONFIRMATION_OK"
8656,10142835836,10142835885,1,"IOTHUB_CLIENT_CONFIRMATION_OK"
8657,10142836036,10142836077,1,"IOTHUB_CLIENT_CONFIRMATION_OK"
8658,10142836236,10142836367,1,"IOTHUB_CLIENT_CONFIRMATION_OK"
8659,10142836437,10142836497,1,"IOTHUB_CLIENT_CONFIRMATION_OK"
8660,10142836637,10142836688,1,"IOTHUB_CLIENT_CONFIRMATION_OK"
8661,10142836837,10142836872,1,"IOTHUB_CLIENT_CONFIRMATION_OK"
8662,10142837037,10142837082,1,"IOTHUB_CLIENT_CONFIRMATION_OK"
8663,10142837237,10142837270,1,"IOTHUB_CLIENT_CONFIRMATION_OK"
8664,10142837437,10142837482,1,"IOTHUB_CLIENT_CONFIRMATION_OK"
8665,10142837637,10142837669,1,"IOTHUB_CLIENT_CONFIRMATION_OK"
8666,10142837838,10142838039,1,"IOTHUB_CLIENT_CONFIRMATION_OK"
8667,10142838038,10142838077,1,"IOTHUB_CLIENT_CONFIRMATION_OK"
8668,10142838238,10142838281,1,"IOTHUB_CLIENT_CONFIRMATION_OK"
8669,10142838438,10142838603,1,"IOTHUB_CLIENT_CONFIRMATION_OK"
8670,10142838638,10142838673,1,"IOTHUB_CLIENT_CONFIRMATION_OK"
8671,10142838838,10142838880,1,"IOTHUB_CLIENT_CONFIRMATION_OK"
8672,10142839038,10142839080,1,"IOTHUB_CLIENT_CONFIRMATION_OK"
8673,10142839239,10142839282,1,"IOTHUB_CLIENT_CONFIRMATION_OK"
8674,10142839439,10142839479,1,"IOTHUB_CLIENT_CONFIRMATION_OK"
8675,10142839639,10142839676,1,"IOTHUB_CLIENT_CONFIRMATION_OK"
8676,10142839839,10142839880,1,"IOTHUB_CLIENT_CONFIRMATION_OK"
8677,10142840039,10142840074,1,"IOTHUB_CLIENT_CONFIRMATION_OK"
8678,10142840239,10142840300,1,"IOTHUB_CLIENT_CONFIRMATION_OK"
8679,10142840440,10142840489,1,"IOTHUB_CLIENT_CONFIRMATION_OK"
8680,10142840640,10142840855,1,"IOTHUB_CLIENT_CONFIRMATION_OK"
8681,10142840840,10142840882,1,"IOTHUB_CLIENT_CONFIRMATION_OK"
8682,10142841040,10142841089,1,"IOTHUB_CLIENT_CONFIRMATION_OK"
8683,10142841240,10142841284,1,"IOTHUB_CLIENT_CONFIRMATION_OK"
8684,10142841440,10142841473,1,"IOTHUB_CLIENT_CONFIRMATION_OK"
8685,10142841640,10142841686,1,"IOTHUB_CLIENT_CONFIRMATION_OK"
8686,10142841840,10142841875,1,"IOTHUB_CLIENT_CONFIRMATION_OK"
8687,10142842041,10142842101,1,"IOTHUB_CLIENT_CONFIRMATION_OK"
8688,10142842241,10142842276,1,"IOTHUB_CLIENT_CONFIRMATION_OK"
8689,10142842441,10142842500,1,"IOTHUB_CLIENT_CONFIRMATION_OK"
8690,10142842641,10142842679,1,"IOTHUB_CLIENT_CONFIRMATION_OK"
8691,10142842841,10142842877,1,"IOTHUB_CLIENT_CONFIRMATION_OK"
8692,10142843041,10142843077,1,"IOTHUB_CLIENT_CONFIRMATION_OK"
8693,10142843242,10142843278,1,"IOTHUB_CLIENT_CONFIRMATION_OK"
8694,10142843442,10142843511,1,"IOTHUB_CLIENT_CONFIRMATION_OK"
8695,10142843642,10142843677,1,"IOTHUB_CLIENT_CONFIRMATION_OK"
8696,10142843842,10142843946,1,"IOTHUB_CLIENT_CONFIRMATION_OK"
8697,10142844042,10142844124,1,"IOTHUB_CLIENT_CONFIRMATION_OK"
8698,10142844242,10142844284,1,"IOTHUB_CLIENT_CONFIRMATION_OK"
8699,10142844442,10142844505,1,"IOTHUB_CLIENT_CONFIRMATION_OK"
8700,10142844643,10142844701,1,"IOTHUB_CLIENT_CONFIRMATION_OK"
8701,10142844843,10142844874,1,"IOTHUB_CLIENT_CONFIRMATION_OK"
8702,10142845043,10142845080,1,"IOTHUB_CLIENT_CONFIRMATION_OK"
8703,10142845243,10142845277,1,"IOTHUB_CLIENT_CONFIRMATION_OK"
8704,10142845443,10142845496,1,"IOTHUB_CLIENT_CONFIRMATION_OK"
8705,10142845643,10142845741,1,"IOTHUB_CLIENT_CONFIRMATION_OK"
8706,10142845843,10142845881,1,"IOTHUB_CLIENT_CONFIRMATION_OK"
8707,10142846044,10142846088,1,"IOTHUB_CLIENT_CONFIRMATION_OK"
8708,10142846244,10142846398,1,"IOTHUB_CLIENT_CONFIRMATION_OK"
8709,10142846444,10142846488,1,"IOTHUB_CLIENT_CONFIRMATION_OK"
8710,10142846644,10142846692,1,"IOTHUB_CLIENT_CONFIRMATION_OK"
8711,10142846844,10142846876,1,"IOTHUB_CLIENT_CONFIRMATION_OK"
8712,10142847045,10142847080,1,"IOTHUB_CLIENT_CONFIRMATION_OK"
8713,10142847245,10142847290,1,"IOTHUB_CLIENT_CONFIRMATION_OK"
8714,10142847445,10142847483,1,"IOTHUB_CLIENT_CONFIRMATION_OK"
8715,10142847645,10142847680,1,"IOTHUB_CLIENT_CONFIRMATION_OK"
8716,10142847845,10142848094,1,"IOTHUB_CLIENT_CONFIRMATION_OK"
8717,10142848045,10142848116,1,"IOTHUB_CLIENT_CONFIRMATION_OK"
8718,10142848245,10142848287,1,"IOTHUB_CLIENT_CONFIRMATION_OK"
8719,10142848446,10142848483,1,"IOTHUB_CLIENT_CONFIRMATION_OK"
8720,10142848646,10142848681,1,"IOTHUB_CLIENT_CONFIRMATION_OK"
8721,10142848846,10142848888,1,"IOTHUB_CLIENT_CONFIRMATION_OK"
8722,10142849046,10142849082,1,"IOTHUB_CLIENT_CONFIRMATION_OK"
8723,10142849246,10142849293,1,"IOTHUB_CLIENT_CONFIRMATION_OK"
8724,10142849446,10142849493,1,"IOTHUB_CLIENT_CONFIRMATION_OK"
8725,10142849646,10142849682,1,"IOTHUB_CLIENT_CONFIRMATION_OK"
8726,10142849847,10142849891,1,"IOTHUB_CLIENT_CONFIRMATION_OK"
8727,10142850047,10142850084,1,"IOTHUB_CLIENT_CONFIRMATION_OK"
8728,10142850247,10142850295,1,"IOTHUB_CLIENT_CONFIRMATION_OK"
8729,10142850447,10142850487,1,"IOTHUB_CLIENT_CONFIRMATION_OK"
8730,10142850647,10142850716,1,"IOTHUB_CLIENT_CONFIRMATION_OK"
8731,10142850847,10142850888,1,"IOTHUB_CLIENT_CONFIRMATION_OK"
8732,10142851048,10142851090,1,"IOTHUB_CLIENT_CONFIRMATION_OK"
8733,10142851248,10142851374,1,"IOTHUB_CLIENT_CONFIRMATION_OK"
8734,10142851448,10142851492,1,"IOTHUB_CLIENT_CONFIRMATION_OK"
8735,10142851648,10142851689,1,"IOTHUB_CLIENT_CONFIRMATION_OK"
8736,10142851848,10142851926,1,"IOTHUB_CLIENT_CONFIRMATION_OK"
8737,10142852048,10142852146,1,"IOTHUB_CLIENT_CONFIRMATION_OK"
8738,10142852248,10142852287,1,"IOTHUB_CLIENT_CONFIRMATION_OK"
8739,10142852449,10142852492,1,"IOTHUB_CLIENT_CONFIRMATION_OK"
8740,10142852649,10142852691,1,"IOTHUB_CLIENT_CONFIRMATION_OK"
8741,10142852849,10142853009,1,"IOTHUB_CLIENT_CONFIRMATION_OK"
8742,10142853049,10142853093,1,"IOTHUB_CLIENT_CONFIRMATION_OK"
8743,10142853249,10142853284,1,"IOTHUB_CLIENT_CONFIRMATION_OK"
8744,10142853449,10142853484,1,"IOTHUB_CLIENT_CONFIRMATION_OK"
8745,10142853650,10142853693,1,"IOTHUB_CLIENT_CONFIRMATION_OK"
8746,10142853850,10142853884,1,"IOTHUB_CLIENT_CONFIRMATION_OK"
8747,10142854050,10142854092,1,"IOTHUB_CLIENT_CONFIRMATION_OK"
8748,10142854250,10142854292,1,"IOTHUB_CLIENT_CONFIRMATION_OK"
8749,10142854450,10142854488,1,"IOTHUB_CLIENT_CONFIRMATION_OK"
8750,10142854650,10142854685,1,"IOTHUB_CLIENT_CONFIRMATION_OK"
8751,10142854850,10142854889,1,"IOTHUB_CLIENT_CONFIRMATION_OK"
8752,10142855051,10142855087,1,"IOTHUB_CLIENT_CONFIRMATION_OK"
8753,10142855251,10142855298,1,"IOTHUB_CLIENT_CONFIRMATION_OK"
8754,10142855451,10142855486,1,"IOTHUB_CLIENT_CONFIRMATION_OK"
8755,10142855651,10142855702,1,"IOTHUB_CLIENT_CONFIRMATION_OK"
8756,10142855851,10142855902,1,"IOTHUB_CLIENT_CONFIRMATION_OK"
8757,10142856051,10142856085,1,"IOTHUB_CLIENT_CONFIRMATION_OK"
8758,10142856252,10142856295,1,"IOTHUB_CLIENT_CONFIRMATION_OK"
8759,10142856452,10142856487,1,"IOTHUB_CLIENT_CONFIRMATION_OK"
8760,10142856652,10142856703,1,"IOTHUB_CLIENT_CONFIRMATION_OK"
8761,10142856852,10142856901,1,"IOTHUB_CLIENT_CONFIRMATION_OK"
8762,10142857052,10142857094,1,"IOTHUB_CLIENT_CONFIRMATION_OK"
8763,10142857252,10142857306,1,"IOTHUB_CLIENT_CONFIRMATION_OK"
8764,10142857452,10142857526,1,"IOTHUB_CLIENT_CONFIRMATION_OK"
8765,10142857653,10142857690,1,"IOTHUB_CLIENT_CONFIRMATION_OK"
8766,10142857853,10142857974,1,"IOTHUB_CLIENT_CONFIRMATION_OK"
8767,10142858053,10142858091,1,"IOTHUB_CLIENT_CONFIRMATION_OK"
8768,10142858253,10142858297,1,"IOTHUB_CLIENT_CONFIRMATION_OK"
8769,10142858453,10142858585,1,"IOTHUB_CLIENT_CONFIRMATION_OK"
8770,10142858654,10142858689,1,"IOTHUB_CLIENT_CONFIRMATION_OK"
8771,10142858854,10142858889,1,"IOTHUB_CLIENT_CONFIRMATION_OK"
8772,10142859054,10142859101,1,"IOTHUB_CLIENT_CONFIRMATION_OK"
8773,10142859254,10142859294,1,"IOTHUB_CLIENT_CONFIRMATION_OK"
8774,10142859454,10142859515,1,"IOTHUB_CLIENT_CONFIRMATION_OK"
8775,10142859654,10142859705,1,"IOTHUB_CLIENT_CONFIRMATION_OK"
8776,10142859854,10142859894,1,"IOTHUB_CLIENT_CONFIRMATION_OK"
8777,10142860055,10142860206,1,"IOTHUB_CLIENT_CONFIRMATION_OK"
8778,10142860255,10142860295,1,"IOTHUB_CLIENT_CONFIRMATION_OK"
8779,10142860455,10142860546,1,"IOTHUB_CLIENT_CONFIRMATION_OK"
8780,10142860655,10142860836,1,"IOTHUB_CLIENT_CONFIRMATION_OK"
8781,10142860855,10142860901,1,"IOTHUB_CLIENT_CONFIRMATION_OK"
8782,10142861055,10142861087,1,"IOTHUB_CLIENT_CONFIRMATION_OK"
8783,10142861256,10142861293,1,"IOTHUB_CLIENT_CONFIRMATION_OK"
8784,10142861456,10142861498,1,"IOTHUB_CLIENT_CONFIRMATION_OK"
8785,10142861656,10142861725,1,"IOTHUB_CLIENT_CONFIRMATION_OK"
8786,10142861856,10142861938,1,"IOTHUB_CLIENT_CONFIRMATION_OK"
8787,10142862056,10142862096,1,"IOTHUB_CLIENT_CONFIRMATION_OK"
8788,10142862256,10142862447,1,"IOTHUB_CLIENT_CONFIRMATION_OK"
8789,10142862456,10142862499,1,"IOTHUB_CLIENT_CONFIRMATION_OK"
8790,10142862657,10142862728,1,"IOTHUB_CLIENT_CONFIRMATION_OK"
8791,10142862857,10142862895,1,"IOTHUB_CLIENT_CONFIRMATION_OK"
8792,10142863057,10142863108,1,"IOTHUB_CLIENT_CONFIRMATION_OK"
8793,10142863257,10142863293,1,"IOTHUB_CLIENT_CONFIRMATION_OK"
8794,10142863457,10142863499,1,"IOTHUB_CLIENT_CONFIRMATION_OK"
8795,10142863657,10142863698,1,"IOTHUB_CLIENT_CONFIRMATION_OK"
8796,10142863858,10142863897,1,"IOTHUB_CLIENT_CONFIRMATION_OK"
8797,10142864058,10142864110,1,"IOTHUB_CLIENT_CONFIRMATION_OK"
8798,10142864258,10142864301,1,"IOTHUB_CLIENT_CONFIRMATION_OK"
8799,10142864458,10142864494,1,"IOTHUB_CLIENT_CONFIRMATION_OK"
8800,10142864658,10142864708,1,"IOTHUB_CLIENT_CONFIRMATION_OK"
8801,10142864858,10142864922,1,"IOTHUB_CLIENT_CONFIRMATION_OK"
8802,10142865059,10142865115,1,"IOTHUB_CLIENT_CONFIRMATION_OK"
8803,10142865259,10142865293,1,"IOTHUB_CLIENT_CONFIRMATION_OK"
8804,10142865459,10142865495,1,"IOTHUB_CLIENT_CONFIRMATION_OK"
8805,10142865659,10142865753,1,"IOTHUB_CLIENT_CONFIRMATION_OK"
8806,10142865859,10142865896,1,"IOTHUB_CLIENT_CONFIRMATION_OK"
8807,10142866059,10142866091,1,"IOTHUB_CLIENT_CONFIRMATION_OK"
8808,10142866259,10142866363,1,"IOTHUB_CLIENT_CONFIRMATION_OK"
8809,10142866460,10142866502,1,"IOTHUB_CLIENT_CONFIRMATION_OK"
8810,10142866660,10142866697,1,"IOTHUB_CLIENT_CONFIRMATION_OK"
8811,10142866860,10142866914,1,"IOTHUB_CLIENT_CONFIRMATION_OK"
8812,10142867060,10142867103,1,"IOTHUB_CLIENT_CONFIRMATION_OK"
8813,10142867260,10142867373,1,"IOTHUB_CLIENT_CONFIRMATION_OK"
8814,10142867460,10142867499,1,"IOTHUB_CLIENT_CONFIRMATION_OK"
8815,10142867660,10142867697,1,"IOTHUB_CLIENT_CONFIRMATION_OK"
8816,10142867861,10142867978,1,"IOTHUB_CLIENT_CONFIRMATION_OK"
8817,10142868061,10142868098,1,"IOTHUB_CLIENT_CONFIRMATION_OK"
8818,10142868261,10142868304,1,"IOTHUB_CLIENT_CONFIRMATION_OK"
8819,10142868461,10142868597,1,"IOTHUB_CLIENT_CONFIRMATION_OK"
8820,10142868662,10142868709,1,"IOTHUB_CLIENT_CONFIRMATION_OK"
8821,10142868862,10142868897,1,"IOTHUB_CLIENT_CONFIRMATION_OK"
8822,10142869062,10142869100,1,"IOTHUB_CLIENT_CONFIRMATION_OK"
8823,10142869262,10142869304,1,"IOTHUB_CLIENT_CONFIRMATION_OK"
8824,10142869462,10142869520,1,"IOTHUB_CLIENT_CONFIRMATION_OK"
8825,10142869662,10142869697,1,"IOTHUB_CLIENT_CONFIRMATION_OK"
8826,10142869862,10142869908,1,"IOTHUB_CLIENT_CONFIRMATION_OK"
8827,10142870063,10142870216,1,"IOTHUB_CLIENT_CONFIRMATION_OK"
8828,10142870263,10142870360,1,"IOTHUB_CLIENT_CONFIRMATION_OK"
8829,10142870463,10142870506,1,"IOTHUB_CLIENT_CONFIRMATION_OK"
8830,10142870663,10142870825,1,"IOTHUB_CLIENT_CONFIRMATION_OK"
8831,10142870863,10142870901,1,"IOTHUB_CLIENT_CONFIRMATION_OK"
8832,10142871063,10142871114,1,"IOTHUB_CLIENT_CONFIRMATION_OK"
8833,10142871264,10142871390,1,"IOTHUB_CLIENT_CONFIRMATION_OK"
8834,10142871464,10142871604,1,"IOTHUB_CLIENT_CONFIRMATION_OK"
8835,10142871664,10142871703,1,"IOTHUB_CLIENT_CONFIRMATION_OK"
8836,10142871864,10142871903,1,"IOTHUB_CLIENT_CONFIRMATION_OK"
8837,10142872064,10142872107,1,"IOTHUB_CLIENT_CONFIRMATION_OK"
8838,10142872265,10142872432,1,"IOTHUB_CLIENT_CONFIRMATION_OK"
8839,10142872465,10142872505,1,"IOTHUB_CLIENT_CONFIRMATION_OK"
8840,10142872665,10142872706,1,"IOTHUB_CLIENT_CONFIRMATION_OK"
8841,10142872865,10142873060,1,"IOTHUB_CLIENT_CONFIRMATION_OK"
8842,10142873065,10142873109,1,"IOTHUB_CLIENT_CONFIRMATION_OK"
8843,10142873265,10142873302,1,"IOTHUB_CLIENT_CONFIRMATION_OK"
8844,10142873465,10142873546,1,"IOTHUB_CLIENT_CONFIRMATION_OK"
8845,10142873666,10142873931,1,"IOTHUB_CLIENT_CONFIRMATION_OK"
8846,10142873866,10142874330,1,"IOTHUB_CLIENT_CONFIRMATION_OK"
8847,10142874066,10142874458,1,"IOTHUB_CLIENT_CONFIRMATION_OK"
8848,10142874266,10142874501,1,"IOTHUB_CLIENT_CONFIRMATION_OK"
8849,10142874466,10142874542,1,"IOTHUB_CLIENT_CONFIRMATION_OK"
8850,10142874666,10142874730,1,"IOTHUB_CLIENT_CONFIRMATION_OK"
8851,10142874867,10142874907,1,"IOTHUB_CLIENT_CONFIRMATION_OK"
8852,10142875067,10142875182,1,"IOTHUB_CLIENT_CONFIRMATION_OK"
8853,10142875267,10142875303,1,"IOTHUB_CLIENT_CONFIRMATION_OK"
8854,10142875467,10142875526,1,"IOTHUB_CLIENT_CONFIRMATION_OK"
8855,10142875667,10142875708,1,"IOTHUB_CLIENT_CONFIRMATION_OK"
8856,10142875867,10142875903,1,"IOTHUB_CLIENT_CONFIRMATION_OK"
8857,10142876067,10142876112,1,"IOTHUB_CLIENT_CONFIRMATION_OK"
8858,10142876268,10142876324,1,"IOTHUB_CLIENT_CONFIRMATION_OK"
8859,10142876468,10142876506,1,"IOTHUB_CLIENT_CONFIRMATION_OK"
8860,10142876668,10142876714,1,"IOTHUB_CLIENT_CONFIRMATION_OK"
8861,10142876868,10142876909,1,"IOTHUB_CLIENT_CONFIRMATION_OK"
8862,10142877068,10142877109,1,"IOTHUB_CLIENT_CONFIRMATION_OK"
8863,10142877268,10142877343,1,"IOTHUB_CLIENT_CONFIRMATION_OK"
8864,10142877468,10142877504,1,"IOTHUB_CLIENT_CONFIRMATION_OK"
8865,10142877669,10142877702,1,"IOTHUB_CLIENT_CONFIRMATION_OK"
8866,10142877869,10142877963,1,"IOTHUB_CLIENT_CONFIRMATION_OK"
8867,10142878069,10142878112,1,"IOTHUB_CLIENT_CONFIRMATION_OK"
8868,10142878269,10142878307,1,"IOTHUB_CLIENT_CONFIRMATION_OK"
8869,10142878469,10142878585,1,"IOTHUB_CLIENT_CONFIRMATION_OK"
8870,10142878669,10142878705,1,"IOTHUB_CLIENT_CONFIRMATION_OK"
8871,10142878870,10142878914,1,"IOTHUB_CLIENT_CONFIRMATION_OK"
8872,10142879070,10142879104,1,"IOTHUB_CLIENT_CONFIRMATION_OK"
8873,10142879270,10142879308,1,"IOTHUB_CLIENT_CONFIRMATION_OK"
8874,10142879470,10142879513,1,"IOTHUB_CLIENT_CONFIRMATION_OK"
8875,10142879670,10142879715,1,"IOTHUB_CLIENT_CONFIRMATION_OK"
8876,10142879870,10142879905,1,"IOTHUB_CLIENT_CONFIRMATION_OK"
8877,10142880071,10142880209,1,"IOTHUB_CLIENT_CONFIRMATION_OK"
8878,10142880271,10142880308,1,"IOTHUB_CLIENT_CONFIRMATION_OK"
8879,10142880471,10142880510,1,"IOTHUB_CLIENT_CONFIRMATION_OK"
8880,10142880671,10142880879,1,"IOTHUB_CLIENT_CONFIRMATION_OK"
8881,10142880871,10142880913,1,"IOTHUB_CLIENT_CONFIRMATION_OK"
8882,10142881071,10142881111,1,"IOTHUB_CLIENT_CONFIRMATION_OK"
8883,10142881271,10142881308,1,"IOTHUB_CLIENT_CONFIRMATION_OK"
8884,10142881472,10142881509,1,"IOTHUB_CLIENT_CONFIRMATION_OK"
8885,10142881672,10142881717,1,"IOTHUB_CLIENT_CONFIRMATION_OK"
8886,10142881872,10142881923,1,"IOTHUB_CLIENT_CONFIRMATION_OK"
8887,10142882072,10142882111,1,"IOTHUB_CLIENT_CONFIRMATION_OK"
8888,10142882272,10142882444,1,"IOTHUB_CLIENT_CONFIRMATION_OK"
8889,10142882472,10142882511,1,"IOTHUB_CLIENT_CONFIRMATION_OK"
8890,10142882672,10142882717,1,"IOTHUB_CLIENT_CONFIRMATION_OK"
8891,10142882873,10142883056,1,"IOTHUB_CLIENT_CONFIRMATION_OK"
8892,10142883073,10142883111,1,"IOTHUB_CLIENT_CONFIRMATION_OK"
8893,10142883273,10142883311,1,"IOTHUB_CLIENT_CONFIRMATION_OK"
8894,10142883473,10142883518,1,"IOTHUB_CLIENT_CONFIRMATION_OK"
8895,10142883673,10142883714,1,"IOTHUB_CLIENT_CONFIRMATION_OK"
8896,10142883874,10142883916,1,"IOTHUB_CLIENT_CONFIRMATION_OK"
8897,10142884074,10142884116,1,"IOTHUB_CLIENT_CONFIRMATION_OK"
8898,10142884274,10142884306,1,"IOTHUB_CLIENT_CONFIRMATION_OK"
8899,10142884474,10142884508,1,"IOTHUB_CLIENT_CONFIRMATION_OK"
8900,10142884674,10142884719,1,"IOTHUB_CLIENT_CONFIRMATION_OK"
8901,10142884874,10142884906,1,"IOTHUB_CLIENT_CONFIRMATION_OK"
8902,10142885075,10142885109,1,"IOTHUB_CLIENT_CONFIRMATION_OK"
8903,10142885275,10142885312,1,"IOTHUB_CLIENT_CONFIRMATION_OK"
8904,10142885475,10142885511,1,"IOTHUB_CLIENT_CONFIRMATION_OK"
8905,10142885675,10142885719,1,"IOTHUB_CLIENT_CONFIRMATION_OK"
8906,10142885875,10142885907,1,"IOTHUB_CLIENT_CONFIRMATION_OK"
8907,10142886075,10142886112,1,"IOTHUB_CLIENT_CONFIRMATION_OK"
8908,10142886276,10142886337,1,"IOTHUB_CLIENT_CONFIRMATION_OK"
8909,10142886476,10142886516,1,"IOTHUB_CLIENT_CONFIRMATION_OK"
8910,10142886676,10142886716,1,"IOTHUB_CLIENT_CONFIRMATION_OK"
8911,10142886876,10142886918,1,"IOTHUB_CLIENT_CONFIRMATION_OK"
8912,10142887076,10142887143,1,"IOTHUB_CLIENT_CONFIRMATION_OK"
8913,10142887277,10142887348,1,"IOTHUB_CLIENT_CONFIRMATION_OK"
8914,10142887477,10142887522,1,"IOTHUB_CLIENT_CONFIRMATION_OK"
8915,10142887677,10142887717,1,"IOTHUB_CLIENT_CONFIRMATION_OK"
8916,10142887877,10142887962,1,"IOTHUB_CLIENT_CONFIRMATION_OK"
8917,10142888077,10142888118,1,"IOTHUB_CLIENT_CONFIRMATION_OK"
8918,10142888277,10142888330,1,"IOTHUB_CLIENT_CONFIRMATION_OK"
8919,10142888478,10142888575,1,"IOTHUB_CLIENT_CONFIRMATION_OK"
8920,10142888678,10142888718,1,"IOTHUB_CLIENT_CONFIRMATION_OK"
8921,10142888878,10142888911,1,"IOTHUB_CLIENT_CONFIRMATION_OK"
8922,10142889078,10142889131,1,"IOTHUB_CLIENT_CONFIRMATION_OK"
8923,10142889278,10142889337,1,"IOTHUB_CLIENT_CONFIRMATION_OK"
8924,10142889478,10142889618,1,"IOTHUB_CLIENT_CONFIRMATION_OK"
8925,10142889679,10142889754,1,"IOTHUB_CLIENT_CONFIRMATION_OK"
8926,10142889879,10142889923,1,"IOTHUB_CLIENT_CONFIRMATION_OK"
8927,10142890079,10142890197,1,"IOTHUB_CLIENT_CONFIRMATION_OK"
8928,10142890279,10142890317,1,"IOTHUB_CLIENT_CONFIRMATION_OK"
8929,10142890479,10142890551,1,"IOTHUB_CLIENT_CONFIRMATION_OK"
8930,10142890679,10142890819,1,"IOTHUB_CLIENT_CONFIRMATION_OK"
8931,10142890880,10142890915,1,"IOTHUB_CLIENT_CONFIRMATION_OK"
8932,10142891080,10142891125,1,"IOTHUB_CLIENT_CONFIRMATION_OK"
8933,10142891280,10142891322,1,"IOTHUB_CLIENT_CONFIRMATION_OK"
8934,10142891480,10142891517,1,"IOTHUB_CLIENT_CONFIRMATION_OK"
8935,10142891680,10142891742,1,"IOTHUB_CLIENT_CONFIRMATION_OK"
8936,10142891880,10142891914,1,"IOTHUB_CLIENT_CONFIRMATION_OK"
8937,10142892081,10142892119,1,"IOTHUB_CLIENT_CONFIRMATION_OK"
8938,10142892281,10142892452,1,"IOTHUB_CLIENT_CONFIRMATION_OK"
8939,10142892481,10142892527,1,"IOTHUB_CLIENT_CONFIRMATION_OK"
8940,10142892681,10142892720,1,"IOTHUB_CLIENT_CONFIRMATION_OK"
8941,10142892881,10142893069,1,"IOTHUB_CLIENT_CONFIRMATION_OK"
8942,10142893081,10142893125,1,"IOTHUB_CLIENT_CONFIRMATION_OK"
8943,10142893282,10142893319,1,"IOTHUB_CLIENT_CONFIRMATION_OK"
8944,10142893482,10142893522,1,"IOTHUB_CLIENT_CONFIRMATION_OK"
8945,10142893682,10142893716,1,"IOTHUB_CLIENT_CONFIRMATION_OK"
8946,10142893882,10142893919,1,"IOTHUB_CLIENT_CONFIRMATION_OK"
8947,10142894082,10142894117,1,"IOTHUB_CLIENT_CONFIRMATION_OK"
8948,10142894282,10142894316,1,"IOTHUB_CLIENT_CONFIRMATION_OK"
8949,10142894482,10142894748,1,"IOTHUB_CLIENT_CONFIRMATION_OK"
8950,10142894683,10142894769,1,"IOTHUB_CLIENT_CONFIRMATION_OK"
8951,10142894883,10142894929,1,"IOTHUB_CLIENT_CONFIRMATION_OK"
8952,10142895083,10142895130,1,"IOTHUB_CLIENT_CONFIRMATION_OK"
8953,10142895283,10142895324,1,"IOTHUB_CLIENT_CONFIRMATION_OK"
8954,10142895483,10142895533,1,"IOTHUB_CLIENT_CONFIRMATION_OK"
8955,10142895683,10142895749,1,"IOTHUB_CLIENT_CONFIRMATION_OK"
8956,10142895884,10142895934,1,"IOTHUB_CLIENT_CONFIRMATION_OK"
8957,10142896084,10142896123,1,"IOTHUB_CLIENT_CONFIRMATION_OK"
8958,10142896284,10142896360,1,"IOTHUB_CLIENT_CONFIRMATION_OK"
8959,10142896484,10142896517,1,"IOTHUB_CLIENT_CONFIRMATION_OK"
8960,10142896684,10142896719,1,"IOTHUB_CLIENT_CONFIRMATION_OK"
8961,10142896884,10142896931,1,"IOTHUB_CLIENT_CONFIRMATION_OK"
8962,10142897084,10142897174,1,"IOTHUB_CLIENT_CONFIRMATION_OK"
8963,10142897285,10142897372,1,"IOTHUB_CLIENT_CONFIRMATION_OK"
8964,10142897485,10142897543,1,"IOTHUB_CLIENT_CONFIRMATION_OK"
8965,10142897685,10142897720,1,"IOTHUB_CLIENT_CONFIRMATION_OK"
8966,10142897885,10142897983,1,"IOTHUB_CLIENT_CONFIRMATION_OK"
8967,10142898085,10142898117,1,"IOTHUB_CLIENT_CONFIRMATION_OK"
8968,10142898285,10142898324,1,"IOTHUB_CLIENT_CONFIRMATION_OK"
8969,10142898486,10142898520,1,"IOTHUB_CLIENT_CONFIRMATION_OK"
8970,10142898686,10142898730,1,"IOTHUB_CLIENT_CONFIRMATION_OK"
8971,10142898886,10142898930,1,"IOTHUB_CLIENT_CONFIRMATION_OK"
8972,10142899086,10142899127,1,"IOTHUB_CLIENT_CONFIRMATION_OK"
8973,10142899286,10142899329,1,"IOTHUB_CLIENT_CONFIRMATION_OK"
8974,10142899486,10142899666,1,"IOTHUB_CLIENT_CONFIRMATION_OK"
8975,10142899686,10142899727,1,"IOTHUB_CLIENT_CONFIRMATION_OK"
8976,10142899887,10142899958,1,"IOTHUB_CLIENT_CONFIRMATION_OK"
8977,10142900087,10142900127,1,"IOTHUB_CLIENT_CONFIRMATION_OK"
8978,10142900287,10142900322,1,"IOTHUB_CLIENT_CONFIRMATION_OK"
8979,10142900487,10142900529,1,"IOTHUB_CLIENT_CONFIRMATION_OK"
8980,10142900687,10142900737,1,"IOTHUB_CLIENT_CONFIRMATION_OK"
8981,10142900887,10142900960,1,"IOTHUB_CLIENT_CONFIRMATION_OK"
8982,10142901088,10142901127,1,"IOTHUB_CLIENT_CONFIRMATION_OK"
8983,10142901288,10142901322,1,"IOTHUB_CLIENT_CONFIRMATION_OK"
8984,10142901488,10142901524,1,"IOTHUB_CLIENT_CONFIRMATION_OK"
8985,10142901688,10142901730,1,"IOTHUB_CLIENT_CONFIRMATION_OK"
8986,10142901888,10142901935,1,"IOTHUB_CLIENT_CONFIRMATION_OK"
8987,10142902088,10142902132,1,"IOTHUB_CLIENT_CONFIRMATION_OK"
8988,10142902289,10142902348,1,"IOTHUB_CLIENT_CONFIRMATION_OK"
8989,10142902489,10142902526,1,"IOTHUB_CLIENT_CONFIRMATION_OK"
8990,10142902689,10142902727,1,"IOTHUB_CLIENT_CONFIRMATION_OK"
8991,10142902889,10142903000,1,"IOTHUB_CLIENT_CONFIRMATION_OK"
8992,10142903089,10142903127,1,"IOTHUB_CLIENT_CONFIRMATION_OK"
8993,10142903289,10142903323,1,"IOTHUB_CLIENT_CONFIRMATION_OK"
8994,10142903490,10142903579,1,"IOTHUB_CLIENT_CONFIRMATION_OK"
8995,10142903690,10142903766,1,"IOTHUB_CLIENT_CONFIRMATION_OK"
8996,10142903890,10142903930,1,"IOTHUB_CLIENT_CONFIRMATION_OK"
8997,10142904090,10142904156,1,"IOTHUB_CLIENT_CONFIRMATION_OK"
8998,10142904290,10142904336,1,"IOTHUB_CLIENT_CONFIRMATION_OK"
8999,10142904490,10142904577,1,"IOTHUB_CLIENT_CONFIRMATION_OK"
9000,10142904690,10142904735,1,"IOTHUB_CLIENT_CONFIRMATION_OK"
9001,10142904891,10142904930,1,"IOTHUB_CLIENT_CONFIRMATION_OK"
9002,10142905091,10142905199,1,"IOTHUB_CLIENT_CONFIRMATION_OK"
9003,10142905291,10142905326,1,"IOTHUB_CLIENT_CONFIRMATION_OK"
9004,10142905491,10142905537,1,"IOTHUB_CLIENT_CONFIRMATION_OK"
9005,10142905691,10142905856,1,"IOTHUB_CLIENT_CONFIRMATION_OK"
9006,10142905892,10142905930,1,"IOTHUB_CLIENT_CONFIRMATION_OK"
9007,10142906092,10142906143,1,"IOTHUB_CLIENT_CONFIRMATION_OK"
9008,10142906292,10142906332,1,"IOTHUB_CLIENT_CONFIRMATION_OK"
9009,10142906492,10142906542,1,"IOTHUB_CLIENT_CONFIRMATION_OK"
9010,10142906692,10142906733,1,"IOTHUB_CLIENT_CONFIRMATION_OK"
9011,10142906892,10142906933,1,"IOTHUB_CLIENT_CONFIRMATION_OK"
9012,10142907092,10142907127,1,"IOTHUB_CLIENT_CONFIRMATION_OK"
9013,10142907293,10142907436,1,"IOTHUB_CLIENT_CONFIRMATION_OK"
9014,10142907493,10142907561,1,"IOTHUB_CLIENT_CONFIRMATION_OK"
9015,10142907693,10142907734,1,"IOTHUB_CLIENT_CONFIRMATION_OK"
9016,10142907893,10142908051,1,"IOTHUB_CLIENT_CONFIRMATION_OK"
9017,10142908093,10142908131,1,"IOTHUB_CLIENT_CONFIRMATION_OK"
9018,10142908293,10142908342,1,"IOTHUB_CLIENT_CONFIRMATION_OK"
9019,10142908493,10142908572,1,"IOTHUB_CLIENT_CONFIRMATION_OK"
9020,10142908694,10142908729,1,"IOTHUB_CLIENT_CONFIRMATION_OK"
9021,10142908894,10142908989,1,"IOTHUB_CLIENT_CONFIRMATION_OK"
9022,10142909094,10142909135,1,"IOTHUB_CLIENT_CONFIRMATION_OK"
9023,10142909294,10142909336,1,"IOTHUB_CLIENT_CONFIRMATION_OK"
9024,10142909494,10142909668,1,"IOTHUB_CLIENT_CONFIRMATION_OK"
9025,10142909694,10142909732,1,"IOTHUB_CLIENT_CONFIRMATION_OK"
9026,10142909895,10142909936,1,"IOTHUB_CLIENT_CONFIRMATION_OK"
9027,10142910095,10142910304,1,"IOTHUB_CLIENT_CONFIRMATION_OK"
9028,10142910295,10142910333,1,"IOTHUB_CLIENT_CONFIRMATION_OK"
9029,10142910495,10142910535,1,"IOTHUB_CLIENT_CONFIRMATION_OK"
9030,10142910695,10142910739,1,"IOTHUB_CLIENT_CONFIRMATION_OK"
9031,10142910895,10142910930,1,"IOTHUB_CLIENT_CONFIRMATION_OK"
9032,10142911096,10142911146,1,"IOTHUB_CLIENT_CONFIRMATION_OK"
9033,10142911296,10142911330,1,"IOTHUB_CLIENT_CONFIRMATION_OK"
9034,10142911496,10142911530,1,"IOTHUB_CLIENT_CONFIRMATION_OK"
9035,10142911696,10142911738,1,"IOTHUB_CLIENT_CONFIRMATION_OK"
9036,10142911896,10142911960,1,"IOTHUB_CLIENT_CONFIRMATION_OK"
9037,10142912096,10142912129,1,"IOTHUB_CLIENT_CONFIRMATION_OK"
9038,10142912297,10142912521,1,"IOTHUB_CLIENT_CONFIRMATION_OK"
9039,10142912497,10142912541,1,"IOTHUB_CLIENT_CONFIRMATION_OK"
9040,10142912697,10142912737,1,"IOTHUB_CLIENT_CONFIRMATION_OK"
9041,10142912897,10142912938,1,"IOTHUB_CLIENT_CONFIRMATION_OK"
9042,10142913097,10142913133,1,"IOTHUB_CLIENT_CONFIRMATION_OK"
9043,10142913297,10142913402,1,"IOTHUB_CLIENT_CONFIRMATION_OK"
9044,10142913497,10142913534,1,"IOTHUB_CLIENT_CONFIRMATION_OK"
9045,10142913698,10142913747,1,"IOTHUB_CLIENT_CONFIRMATION_OK"
9046,10142913898,10142913940,1,"IOTHUB_CLIENT_CONFIRMATION_OK"
9047,10142914098,10142914148,1,"IOTHUB_CLIENT_CONFIRMATION_OK"
9048,10142914298,10142914339,1,"IOTHUB_CLIENT_CONFIRMATION_OK"
9049,10142914498,10142914536,1,"IOTHUB_CLIENT_CONFIRMATION_OK"
9050,10142914698,10142914747,1,"IOTHUB_CLIENT_CONFIRMATION_OK"
9051,10142914898,10142914980,1,"IOTHUB_CLIENT_CONFIRMATION_OK"
9052,10142915099,10142915381,1,"IOTHUB_CLIENT_CONFIRMATION_OK"
9053,10142915299,10142915407,1,"IOTHUB_CLIENT_CONFIRMATION_OK"
9054,10142915499,10142915534,1,"IOTHUB_CLIENT_CONFIRMATION_OK"
9055,10142915699,10142915750,1,"IOTHUB_CLIENT_CONFIRMATION_OK"
9056,10142915899,10142915932,1,"IOTHUB_CLIENT_CONFIRMATION_OK"
9057,10142916099,10142916135,1,"IOTHUB_CLIENT_CONFIRMATION_OK"
9058,10142916300,10142916358,1,"IOTHUB_CLIENT_CONFIRMATION_OK"
9059,10142916500,10142916538,1,"IOTHUB_CLIENT_CONFIRMATION_OK"
9060,10142916700,10142916737,1,"IOTHUB_CLIENT_CONFIRMATION_OK"
9061,10142916900,10142916974,1,"IOTHUB_CLIENT_CONFIRMATION_OK"
9062,10142917100,10142917166,1,"IOTHUB_CLIENT_CONFIRMATION_OK"
9063,10142917300,10142917373,1,"IOTHUB_CLIENT_CONFIRMATION_OK"
9064,10142917500,10142917540,1,"IOTHUB_CLIENT_CONFIRMATION_OK"
9065,10142917701,10142917735,1,"IOTHUB_CLIENT_CONFIRMATION_OK"
9066,10142917901,10142917998,1,"IOTHUB_CLIENT_CONFIRMATION_OK"
9067,10142918101,10142918136,1,"IOTHUB_CLIENT_CONFIRMATION_OK"
9068,10142918301,10142918344,1,"IOTHUB_CLIENT_CONFIRMATION_OK"
9069,10142918501,10142918608,1,"IOTHUB_CLIENT_CONFIRMATION_OK"
9070,10142918701,10142918751,1,"IOTHUB_CLIENT_CONFIRMATION_OK"
9071,10142918902,10142919248,1,"IOTHUB_CLIENT_CONFIRMATION_OK"
9072,10142919102,10142919277,1,"IOTHUB_CLIENT_CONFIRMATION_OK"
9073,10142919302,10142919367,1,"IOTHUB_CLIENT_CONFIRMATION_OK"
9074,10142919502,10142919608,1,"IOTHUB_CLIENT_CONFIRMATION_OK"
9075,10142919702,10142919745,1,"IOTHUB_CLIENT_CONFIRMATION_OK"
9076,10142919902,10142919953,1,"IOTHUB_CLIENT_CONFIRMATION_OK"
9077,10142920102,10142920215,1,"IOTHUB_CLIENT_CONFIRMATION_OK"
9078,10142920303,10142920357,1,"IOTHUB_CLIENT_CONFIRMATION_OK"
9079,10142920503,10142920546,1,"IOTHUB_CLIENT_CONFIRMATION_OK"
9080,10142920703,10142920844,1,"IOTHUB_CLIENT_CONFIRMATION_OK"
9081,10142920903,10142920959,1,"IOTHUB_CLIENT_CONFIRMATION_OK"
9082,10142921103,10142921142,1,"IOTHUB_CLIENT_CONFIRMATION_OK"
9083,10142921303,10142921345,1,"IOTHUB_CLIENT_CONFIRMATION_OK"
9084,10142921504,10142921540,1,"IOTHUB_CLIENT_CONFIRMATION_OK"
9085,10142921704,10142921765,1,"IOTHUB_CLIENT_CONFIRMATION_OK"
9086,10142921904,10142921949,1,"IOTHUB_CLIENT_CONFIRMATION_OK"
9087,10142922104,10142922147,1,"IOTHUB_CLIENT_CONFIRMATION_OK"
9088,10142922304,10142922450,1,"IOTHUB_CLIENT_CONFIRMATION_OK"
9089,10142922504,10142922545,1,"IOTHUB_CLIENT_CONFIRMATION_OK"
9090,10142922704,10142922743,1,"IOTHUB_CLIENT_CONFIRMATION_OK"
9091,10142922905,10142923062,1,"IOTHUB_CLIENT_CONFIRMATION_OK"
9092,10142923105,10142923150,1,"IOTHUB_CLIENT_CONFIRMATION_OK"
9093,10142923305,10142923347,1,"IOTHUB_CLIENT_CONFIRMATION_OK"
9094,10142923505,10142923544,1,"IOTHUB_CLIENT_CONFIRMATION_OK"
9095,10142923705,10142923736,1,"IOTHUB_CLIENT_CONFIRMATION_OK"
9096,10142923905,10142923946,1,"IOTHUB_CLIENT_CONFIRMATION_OK"
9097,10142924106,10142924142,1,"IOTHUB_CLIENT_CONFIRMATION_OK"
9098,10142924306,10142924352,1,"IOTHUB_CLIENT_CONFIRMATION_OK"
9099,10142924506,10142924684,1,"IOTHUB_CLIENT_CONFIRMATION_OK"
9100,10142924706,10142924746,1,"IOTHUB_CLIENT_CONFIRMATION_OK"
9101,10142924906,10142924962,1,"IOTHUB_CLIENT_CONFIRMATION_OK"
9102,10142925106,10142925339,1,"IOTHUB_CLIENT_CONFIRMATION_OK"
9103,10142925307,10142925369,1,"IOTHUB_CLIENT_CONFIRMATION_OK"
9104,10142925507,10142925605,1,"IOTHUB_CLIENT_CONFIRMATION_OK"
9105,10142925707,10142925750,1,"IOTHUB_CLIENT_CONFIRMATION_OK"
9106,10142925907,10142925952,1,"IOTHUB_CLIENT_CONFIRMATION_OK"
9107,10142926107,10142926150,1,"IOTHUB_CLIENT_CONFIRMATION_OK"
9108,10142926307,10142926337,1,"IOTHUB_CLIENT_CONFIRMATION_OK"
9109,10142926507,10142926547,1,"IOTHUB_CLIENT_CONFIRMATION_OK"
9110,10142926708,10142926746,1,"IOTHUB_CLIENT_CONFIRMATION_OK"
9111,10142926908,10142926951,1,"IOTHUB_CLIENT_CONFIRMATION_OK"
9112,10142927108,10142927145,1,"IOTHUB_CLIENT_CONFIRMATION_OK"
9113,10142927308,10142927344,1,"IOTHUB_CLIENT_CONFIRMATION_OK"
9114,10142927508,10142927548,1,"IOTHUB_CLIENT_CONFIRMATION_OK"
9115,10142927708,10142927748,1,"IOTHUB_CLIENT_CONFIRMATION_OK"
9116,10142927908,10142927967,1,"IOTHUB_CLIENT_CONFIRMATION_OK"
9117,10142928109,10142928145,1,"IOTHUB_CLIENT_CONFIRMATION_OK"
9118,10142928309,10142928354,1,"IOTHUB_CLIENT_CONFIRMATION_OK"
9119,10142928509,10142928574,1,"IOTHUB_CLIENT_CONFIRMATION_OK"
9120,10142928709,10142928742,1,"IOTHUB_CLIENT_CONFIRMATION_OK"
9121,10142928909,10142928946,1,"IOTHUB_CLIENT_CONFIRMATION_OK"
9122,10142929109,10142929162,1,"IOTHUB_CLIENT_CONFIRMATION_OK"
9123,10142929310,10142929345,1,"IOTHUB_CLIENT_CONFIRMATION_OK"
9124,10142929510,10142929576,1,"IOTHUB_CLIENT_CONFIRMATION_OK"
9125,10142929710,10142929751,1,"IOTHUB_CLIENT_CONFIRMATION_OK"
9126,10142929910,10142929945,1,"IOTHUB_CLIENT_CONFIRMATION_OK"
9127,10142930110,10142930190,1,"IOTHUB_CLIENT_CONFIRMATION_OK"
9128,10142930310,10142930344,1,"IOTHUB_CLIENT_CONFIRMATION_OK"
9129,10142930510,10142930551,1,"IOTHUB_CLIENT_CONFIRMATION_OK"
9130,10142930711,10142930807,1,"IOTHUB_CLIENT_CONFIRMATION_OK"
9131,10142930911,10142930948,1,"IOTHUB_CLIENT_CONFIRMATION_OK"
9132,10142931111,10142931149,1,"IOTHUB_CLIENT_CONFIRMATION_OK"
9133,10142931311,10142931348,1,"IOTHUB_CLIENT_CONFIRMATION_OK"
9134,10142931511,10142931551,1,"IOTHUB_CLIENT_CONFIRMATION_OK"
9135,10142931711,10142931885,1,"IOTHUB_CLIENT_CONFIRMATION_OK"
9136,10142931911,10142931955,1,"IOTHUB_CLIENT_CONFIRMATION_OK"
9137,10142932112,10142932156,1,"IOTHUB_CLIENT_CONFIRMATION_OK"
9138,10142932312,10142932548,1,"IOTHUB_CLIENT_CONFIRMATION_OK"
9139,10142932512,10142932561,1,"IOTHUB_CLIENT_CONFIRMATION_OK"
9140,10142932712,10142932771,1,"IOTHUB_CLIENT_CONFIRMATION_OK"
9141,10142932912,10142932953,1,"IOTHUB_CLIENT_CONFIRMATION_OK"
9142,10142933112,10142933155,1,"IOTHUB_CLIENT_CONFIRMATION_OK"
9143,10142933313,10142933346,1,"IOTHUB_CLIENT_CONFIRMATION_OK"
9144,10142933513,10142933581,1,"IOTHUB_CLIENT_CONFIRMATION_OK"
9145,10142933713,10142933748,1,"IOTHUB_CLIENT_CONFIRMATION_OK"
9146,10142933913,10142933949,1,"IOTHUB_CLIENT_CONFIRMATION_OK"
9147,10142934113,10142934157,1,"IOTHUB_CLIENT_CONFIRMATION_OK"
9148,10142934313,10142934353,1,"IOTHUB_CLIENT_CONFIRMATION_OK"
9149,10142934513,10142934549,1,"IOTHUB_CLIENT_CONFIRMATION_OK"
9150,10142934714,10142934756,1,"IOTHUB_CLIENT_CONFIRMATION_OK"
9151,10142934914,10142934968,1,"IOTHUB_CLIENT_CONFIRMATION_OK"
9152,10142935114,10142935153,1,"IOTHUB_CLIENT_CONFIRMATION_OK"
9153,10142935314,10142935365,1,"IOTHUB_CLIENT_CONFIRMATION_OK"
9154,10142935514,10142935556,1,"IOTHUB_CLIENT_CONFIRMATION_OK"
9155,10142935714,10142935755,1,"IOTHUB_CLIENT_CONFIRMATION_OK"
9156,10142935915,10142935952,1,"IOTHUB_CLIENT_CONFIRMATION_OK"
9157,10142936115,10142936155,1,"IOTHUB_CLIENT_CONFIRMATION_OK"
9158,10142936315,10142936411,1,"IOTHUB_CLIENT_CONFIRMATION_OK"
9159,10142936515,10142936580,1,"IOTHUB_CLIENT_CONFIRMATION_OK"
9160,10142936715,10142936762,1,"IOTHUB_CLIENT_CONFIRMATION_OK"
9161,10142936915,10142936956,1,"IOTHUB_CLIENT_CONFIRMATION_OK"
9162,10142937115,10142937166,1,"IOTHUB_CLIENT_CONFIRMATION_OK"
9163,10142937316,10142937377,1,"IOTHUB_CLIENT_CONFIRMATION_OK"
9164,10142937516,10142937555,1,"IOTHUB_CLIENT_CONFIRMATION_OK"
9165,10142937716,10142937753,1,"IOTHUB_CLIENT_CONFIRMATION_OK"
9166,10142937916,10142937983,1,"IOTHUB_CLIENT_CONFIRMATION_OK"
9167,10142938116,10142938164,1,"IOTHUB_CLIENT_CONFIRMATION_OK"
9168,10142938316,10142938357,1,"IOTHUB_CLIENT_CONFIRMATION_OK"
9169,10142938516,10142938557,1,"IOTHUB_CLIENT_CONFIRMATION_OK"
9170,10142938717,10142938753,1,"IOTHUB_CLIENT_CONFIRMATION_OK"
9171,10142938917,10142938992,1,"IOTHUB_CLIENT_CONFIRMATION_OK"
9172,10142939117,10142939196,1,"IOTHUB_CLIENT_CONFIRMATION_OK"
9173,10142939317,10142939349,1,"IOTHUB_CLIENT_CONFIRMATION_OK"
9174,10142939517,10142939610,1,"IOTHUB_CLIENT_CONFIRMATION_OK"
9175,10142939717,10142939758,1,"IOTHUB_CLIENT_CONFIRMATION_OK"
9176,10142939918,10142939958,1,"IOTHUB_CLIENT_CONFIRMATION_OK"
9177,10142940118,10142940226,1,"IOTHUB_CLIENT_CONFIRMATION_OK"
9178,10142940318,10142940361,1,"IOTHUB_CLIENT_CONFIRMATION_OK"
9179,10142940518,10142940558,1,"IOTHUB_CLIENT_CONFIRMATION_OK"
9180,10142940718,10142940754,1,"IOTHUB_CLIENT_CONFIRMATION_OK"
9181,10142940919,10142940961,1,"IOTHUB_CLIENT_CONFIRMATION_OK"
9182,10142941119,10142941160,1,"IOTHUB_CLIENT_CONFIRMATION_OK"
9183,10142941319,10142941355,1,"IOTHUB_CLIENT_CONFIRMATION_OK"
9184,10142941519,10142941559,1,"IOTHUB_CLIENT_CONFIRMATION_OK"
9185,10142941719,10142941850,1,"IOTHUB_CLIENT_CONFIRMATION_OK"
9186,10142941919,10142941953,1,"IOTHUB_CLIENT_CONFIRMATION_OK"
9187,10142942119,10142942157,1,"IOTHUB_CLIENT_CONFIRMATION_OK"
9188,10142942320,10142942455,1,"IOTHUB_CLIENT_CONFIRMATION_OK"
9189,10142942520,10142942563,1,"IOTHUB_CLIENT_CONFIRMATION_OK"
9190,10142942720,10142942758,1,"IOTHUB_CLIENT_CONFIRMATION_OK"
9191,10142942920,10142942956,1,"IOTHUB_CLIENT_CONFIRMATION_OK"
9192,10142943120,10142943160,1,"IOTHUB_CLIENT_CONFIRMATION_OK"
9193,10142943320,10142943356,1,"IOTHUB_CLIENT_CONFIRMATION_OK"
9194,10142943521,10142943570,1,"IOTHUB_CLIENT_CONFIRMATION_OK"
9195,10142943721,10142943762,1,"IOTHUB_CLIENT_CONFIRMATION_OK"
9196,10142943921,10142944083,1,"IOTHUB_CLIENT_CONFIRMATION_OK"
9197,10142944121,10142944159,1,"IOTHUB_CLIENT_CONFIRMATION_OK"
9198,10142944321,10142944352,1,"IOTHUB_CLIENT_CONFIRMATION_OK"
9199,10142944521,10142944695,1,"IOTHUB_CLIENT_CONFIRMATION_OK"
9200,10142944721,10142944780,1,"IOTHUB_CLIENT_CONFIRMATION_OK"
9201,10142944922,10142944965,1,"IOTHUB_CLIENT_CONFIRMATION_OK"
9202,10142945122,10142945162,1,"IOTHUB_CLIENT_CONFIRMATION_OK"
9203,10142945322,10142945381,1,"IOTHUB_CLIENT_CONFIRMATION_OK"
9204,10142945522,10142945566,1,"IOTHUB_CLIENT_CONFIRMATION_OK"
9205,10142945722,10142945760,1,"IOTHUB_CLIENT_CONFIRMATION_OK"
9206,10142945922,10142946007,1,"IOTHUB_CLIENT_CONFIRMATION_OK"
9207,10142946122,10142946215,1,"IOTHUB_CLIENT_CONFIRMATION_OK"
9208,10142946323,10142946357,1,"IOTHUB_CLIENT_CONFIRMATION_OK"
9209,10142946523,10142946564,1,"IOTHUB_CLIENT_CONFIRMATION_OK"
9210,10142946723,10142946802,1,"IOTHUB_CLIENT_CONFIRMATION_OK"
9211,10142946923,10142946986,1,"IOTHUB_CLIENT_CONFIRMATION_OK"
9212,10142947123,10142947173,1,"IOTHUB_CLIENT_CONFIRMATION_OK"
9213,10142947323,10142947365,1,"IOTHUB_CLIENT_CONFIRMATION_OK"
9214,10142947524,10142947563,1,"IOTHUB_CLIENT_CONFIRMATION_OK"
9215,10142947724,10142947757,1,"IOTHUB_CLIENT_CONFIRMATION_OK"
9216,10142947924,10142947967,1,"IOTHUB_CLIENT_CONFIRMATION_OK"
9217,10142948124,10142948191,1,"IOTHUB_CLIENT_CONFIRMATION_OK"
9218,10142948324,10142948365,1,"IOTHUB_CLIENT_CONFIRMATION_OK"
9219,10142948524,10142948582,1,"IOTHUB_CLIENT_CONFIRMATION_OK"
9220,10142948724,10142948770,1,"IOTHUB_CLIENT_CONFIRMATION_OK"
9221,10142948925,10142948973,1,"IOTHUB_CLIENT_CONFIRMATION_OK"
9222,10142949125,10142949168,1,"IOTHUB_CLIENT_CONFIRMATION_OK"
9223,10142949325,10142949356,1,"IOTHUB_CLIENT_CONFIRMATION_OK"
9224,10142949525,10142949591,1,"IOTHUB_CLIENT_CONFIRMATION_OK"
9225,10142949725,10142949758,1,"IOTHUB_CLIENT_CONFIRMATION_OK"
9226,10142949925,10142949970,1,"IOTHUB_CLIENT_CONFIRMATION_OK"
9227,10142950126,10142950197,1,"IOTHUB_CLIENT_CONFIRMATION_OK"
9228,10142950326,10142950375,1,"IOTHUB_CLIENT_CONFIRMATION_OK"
9229,10142950526,10142950574,1,"IOTHUB_CLIENT_CONFIRMATION_OK"
9230,10142950726,10142950768,1,"IOTHUB_CLIENT_CONFIRMATION_OK"
9231,10142950926,10142950965,1,"IOTHUB_CLIENT_CONFIRMATION_OK"
9232,10142951127,10142951221,1,"IOTHUB_CLIENT_CONFIRMATION_OK"
9233,10142951327,10142951370,1,"IOTHUB_CLIENT_CONFIRMATION_OK"
9234,10142951527,10142951584,1,"IOTHUB_CLIENT_CONFIRMATION_OK"
9235,10142951727,10142951814,1,"IOTHUB_CLIENT_CONFIRMATION_OK"
9236,10142951928,10142951966,1,"IOTHUB_CLIENT_CONFIRMATION_OK"
9237,10142952128,10142952169,1,"IOTHUB_CLIENT_CONFIRMATION_OK"
9238,10142952328,10142952431,1,"IOTHUB_CLIENT_CONFIRMATION_OK"
9239,10142952528,10142952566,1,"IOTHUB_CLIENT_CONFIRMATION_OK"
9240,10142952728,10142952775,1,"IOTHUB_CLIENT_CONFIRMATION_OK"
9241,10142952928,10142952967,1,"IOTHUB_CLIENT_CONFIRMATION_OK"
9242,10142953128,10142953165,1,"IOTHUB_CLIENT_CONFIRMATION_OK"
9243,10142953329,10142953485,1,"IOTHUB_CLIENT_CONFIRMATION_OK"
9244,10142953529,10142953574,1,"IOTHUB_CLIENT_CONFIRMATION_OK"
9245,10142953729,10142953769,1,"IOTHUB_CLIENT_CONFIRMATION_OK"
9246,10142953929,10142954083,1,"IOTHUB_CLIENT_CONFIRMATION_OK"
9247,10142954129,10142954174,1,"IOTHUB_CLIENT_CONFIRMATION_OK"
9248,10142954330,10142954372,1,"IOTHUB_CLIENT_CONFIRMATION_OK"
9249,10142954530,10142954733,1,"IOTHUB_CLIENT_CONFIRMATION_OK"
9250,10142954730,10142954769,1,"IOTHUB_CLIENT_CONFIRMATION_OK"
9251,10142954930,10142954962,1,"IOTHUB_CLIENT_CONFIRMATION_OK"
9252,10142955130,10142955165,1,"IOTHUB_CLIENT_CONFIRMATION_OK"
9253,10142955330,10142955364,1,"IOTHUB_CLIENT_CONFIRMATION_OK"
9254,10142955530,10142955570,1,"IOTHUB_CLIENT_CONFIRMATION_OK"
9255,10142955731,10142955767,1,"IOTHUB_CLIENT_CONFIRMATION_OK"
9256,10142955931,10142955967,1,"IOTHUB_CLIENT_CONFIRMATION_OK"
9257,10142956131,10142956334,1,"IOTHUB_CLIENT_CONFIRMATION_OK"
9258,10142956331,10142956372,1,"IOTHUB_CLIENT_CONFIRMATION_OK"
9259,10142956531,10142956574,1,"IOTHUB_CLIENT_CONFIRMATION_OK"
9260,10142956731,10142956773,1,"IOTHUB_CLIENT_CONFIRMATION_OK"
9261,10142956932,10142956966,1,"IOTHUB_CLIENT_CONFIRMATION_OK"
9262,10142957132,10142957166,1,"IOTHUB_CLIENT_CONFIRMATION_OK"
9263,10142957332,10142957371,1,"IOTHUB_CLIENT_CONFIRMATION_OK"
9264,10142957532,10142957572,1,"IOTHUB_CLIENT_CONFIRMATION_OK"
9265,10142957732,10142957774,1,"IOTHUB_CLIENT_CONFIRMATION_OK"
9266,10142957932,10142957977,1,"IOTHUB_CLIENT_CONFIRMATION_OK"
9267,10142958132,10142958170,1,"IOTHUB_CLIENT_CONFIRMATION_OK"
9268,10142958333,10142958366,1,"IOTHUB_CLIENT_CONFIRMATION_OK"
9269,10142958533,10142958581,1,"IOTHUB_CLIENT_CONFIRMATION_OK"
9270,10142958733,10142958777,1,"IOTHUB_CLIENT_CONFIRMATION_OK"
9271,10142958933,10142958974,1,"IOTHUB_CLIENT_CONFIRMATION_OK"
9272,10142959133,10142959170,1,"IOTHUB_CLIENT_CONFIRMATION_OK"
9273,10142959333,10142959388,1,"IOTHUB_CLIENT_CONFIRMATION_OK"
9274,10142959534,10142959584,1,"IOTHUB_CLIENT_CONFIRMATION_OK"
9275,10142959734,10142959773,1,"IOTHUB_CLIENT_CONFIRMATION_OK"
9276,10142959934,10142959999,1,"IOTHUB_CLIENT_CONFIRMATION_OK"
9277,10142960134,10142960194,1,"IOTHUB_CLIENT_CONFIRMATION_OK"
9278,10142960334,10142960389,1,"IOTHUB_CLIENT_CONFIRMATION_OK"
9279,10142960534,10142960575,1,"IOTHUB_CLIENT_CONFIRMATION_OK"
9280,10142960734,10142960776,1,"IOTHUB_CLIENT_CONFIRMATION_OK"
9281,10142960935,10142960974,1,"IOTHUB_CLIENT_CONFIRMATION_OK"
9282,10142961135,10142961211,1,"IOTHUB_CLIENT_CONFIRMATION_OK"
9283,10142961335,10142961368,1,"IOTHUB_CLIENT_CONFIRMATION_OK"
9284,10142961535,10142961623,1,"IOTHUB_CLIENT_CONFIRMATION_OK"
9285,10142961735,10142961840,1,"IOTHUB_CLIENT_CONFIRMATION_OK"
9286,10142961935,10142961975,1,"IOTHUB_CLIENT_CONFIRMATION_OK"
9287,10142962136,10142962173,1,"IOTHUB_CLIENT_CONFIRMATION_OK"
9288,10142962336,10142962439,1,"IOTHUB_CLIENT_CONFIRMATION_OK"
9289,10142962536,10142962578,1,"IOTHUB_CLIENT_CONFIRMATION_OK"
9290,10142962736,10142962798,1,"IOTHUB_CLIENT_CONFIRMATION_OK"
9291,10142962936,10142962982,1,"IOTHUB_CLIENT_CONFIRMATION_OK"
9292,10142963136,10142963168,1,"IOTHUB_CLIENT_CONFIRMATION_OK"
9293,10142963336,10142963453,1,"IOTHUB_CLIENT_CONFIRMATION_OK"
9294,10142963537,10142963574,1,"IOTHUB_CLIENT_CONFIRMATION_OK"
9295,10142963737,10142963767,1,"IOTHUB_CLIENT_CONFIRMATION_OK"
9296,10142963937,10142964059,1,"IOTHUB_CLIENT_CONFIRMATION_OK"
9297,10142964137,10142964178,1,"IOTHUB_CLIENT_CONFIRMATION_OK"
9298,10142964337,10142964380,1,"IOTHUB_CLIENT_CONFIRMATION_OK"
9299,10142964537,10142964677,1,"IOTHUB_CLIENT_CONFIRMATION_OK"
9300,10142964737,10142964775,1,"IOTHUB_CLIENT_CONFIRMATION_OK"
9301,10142964938,10142964982,1,"IOTHUB_CLIENT_CONFIRMATION_OK"
9302,10142965138,10142965175,1,"IOTHUB_CLIENT_CONFIRMATION_OK"
9303,10142965338,10142965392,1,"IOTHUB_CLIENT_CONFIRMATION_OK"
9304,10142965538,10142965605,1,"IOTHUB_CLIENT_CONFIRMATION_OK"
9305,10142965738,10142965776,1,"IOTHUB_CLIENT_CONFIRMATION_OK"
9306,10142965939,10142965972,1,"IOTHUB_CLIENT_CONFIRMATION_OK"
9307,10142966139,10142966284,1,"IOTHUB_CLIENT_CONFIRMATION_OK"
9308,10142966339,10142966391,1,"IOTHUB_CLIENT_CONFIRMATION_OK"
9309,10142966539,10142966578,1,"IOTHUB_CLIENT_CONFIRMATION_OK"
9310,10142966739,10142967116,1,"IOTHUB_CLIENT_CONFIRMATION_OK"
9311,10142966939,10142967137,1,"IOTHUB_CLIENT_CONFIRMATION_OK"
9312,10142967140,10142967179,1,"IOTHUB_CLIENT_CONFIRMATION_OK"
9313,10142967340,10142967389,1,"IOTHUB_CLIENT_CONFIRMATION_OK"
9314,10142967540,10142967579,1,"IOTHUB_CLIENT_CONFIRMATION_OK"
9315,10142967740,10142967776,1,"IOTHUB_CLIENT_CONFIRMATION_OK"
9316,10142967940,10142968019,1,"IOTHUB_CLIENT_CONFIRMATION_OK"
9317,10142968140,10142968186,1,"IOTHUB_CLIENT_CONFIRMATION_OK"
9318,10142968340,10142968384,1,"IOTHUB_CLIENT_CONFIRMATION_OK"
9319,10142968541,10142968580,1,"IOTHUB_CLIENT_CONFIRMATION_OK"
9320,10142968741,10142968780,1,"IOTHUB_CLIENT_CONFIRMATION_OK"
9321,10142968941,10142969007,1,"IOTHUB_CLIENT_CONFIRMATION_OK"
9322,10142969141,10142969175,1,"IOTHUB_CLIENT_CONFIRMATION_OK"
9323,10142969341,10142969375,1,"IOTHUB_CLIENT_CONFIRMATION_OK"
9324,10142969541,10142969632,1,"IOTHUB_CLIENT_CONFIRMATION_OK"
9325,10142969742,10142969780,1,"IOTHUB_CLIENT_CONFIRMATION_OK"
9326,10142969942,10142969980,1,"IOTHUB_CLIENT_CONFIRMATION_OK"
9327,10142970142,10142970235,1,"IOTHUB_CLIENT_CONFIRMATION_OK"
9328,10142970342,10142970379,1,"IOTHUB_CLIENT_CONFIRMATION_OK"
9329,10142970542,10142970585,1,"IOTHUB_CLIENT_CONFIRMATION_OK"
9330,10142970742,10142970787,1,"IOTHUB_CLIENT_CONFIRMATION_OK"
9331,10142970942,10142970974,1,"IOTHUB_CLIENT_CONFIRMATION_OK"
9332,10142971143,10142971256,1,"IOTHUB_CLIENT_CONFIRMATION_OK"
9333,10142971343,10142971383,1,"IOTHUB_CLIENT_CONFIRMATION_OK"
9334,10142971543,10142971588,1,"IOTHUB_CLIENT_CONFIRMATION_OK"
9335,10142971743,10142971904,1,"IOTHUB_CLIENT_CONFIRMATION_OK"
9336,10142971943,10142971982,1,"IOTHUB_CLIENT_CONFIRMATION_OK"
9337,10142972143,10142972176,1,"IOTHUB_CLIENT_CONFIRMATION_OK"
9338,10142972344,10142972382,1,"IOTHUB_CLIENT_CONFIRMATION_OK"
9339,10142972544,10142972598,1,"IOTHUB_CLIENT_CONFIRMATION_OK"
9340,10142972744,10142972782,1,"IOTHUB_CLIENT_CONFIRMATION_OK"
9341,10142972944,10142972980,1,"IOTHUB_CLIENT_CONFIRMATION_OK"
9342,10142973144,10142973188,1,"IOTHUB_CLIENT_CONFIRMATION_OK"
9343,10142973344,10142973494,1,"IOTHUB_CLIENT_CONFIRMATION_OK"
9344,10142973544,10142973582,1,"IOTHUB_CLIENT_CONFIRMATION_OK"
9345,10142973745,10142973793,1,"IOTHUB_CLIENT_CONFIRMATION_OK"
9346,10142973945,10142974121,1,"IOTHUB_CLIENT_CONFIRMATION_OK"
9347,10142974145,10142974182,1,"IOTHUB_CLIENT_CONFIRMATION_OK"
9348,10142974345,10142974395,1,"IOTHUB_CLIENT_CONFIRMATION_OK"
9349,10142974545,10142974581,1,"IOTHUB_CLIENT_CONFIRMATION_OK"
9350,10142974745,10142974817,1,"IOTHUB_CLIENT_CONFIRMATION_OK"
9351,10142974946,10142974999,1,"IOTHUB_CLIENT_CONFIRMATION_OK"
9352,10142975146,10142975188,1,"IOTHUB_CLIENT_CONFIRMATION_OK"
9353,10142975346,10142975387,1,"IOTHUB_CLIENT_CONFIRMATION_OK"
9354,10142975546,10142975591,1,"IOTHUB_CLIENT_CONFIRMATION_OK"
9355,10142975746,10142975783,1,"IOTHUB_CLIENT_CONFIRMATION_OK"
9356,10142975946,10142975982,1,"IOTHUB_CLIENT_CONFIRMATION_OK"
9357,10142976147,10142976363,1,"IOTHUB_CLIENT_CONFIRMATION_OK"
9358,10142976347,10142976379,1,"IOTHUB_CLIENT_CONFIRMATION_OK"
9359,10142976547,10142976597,1,"IOTHUB_CLIENT_CONFIRMATION_OK"
9360,10142976747,10142976782,1,"IOTHUB_CLIENT_CONFIRMATION_OK"
9361,10142976947,10142976981,1,"IOTHUB_CLIENT_CONFIRMATION_OK"
9362,10142977147,10142977187,1,"IOTHUB_CLIENT_CONFIRMATION_OK"
9363,10142977347,10142977383,1,"IOTHUB_CLIENT_CONFIRMATION_OK"
9364,10142977548,10142977584,1,"IOTHUB_CLIENT_CONFIRMATION_OK"
9365,10142977748,10142977787,1,"IOTHUB_CLIENT_CONFIRMATION_OK"
9366,10142977948,10142977996,1,"IOTHUB_CLIENT_CONFIRMATION_OK"
9367,10142978148,10142978187,1,"IOTHUB_CLIENT_CONFIRMATION_OK"
9368,10142978348,10142978391,1,"IOTHUB_CLIENT_CONFIRMATION_OK"
9369,10142978548,10142978586,1,"IOTHUB_CLIENT_CONFIRMATION_OK"
9370,10142978748,10142978786,1,"IOTHUB_CLIENT_CONFIRMATION_OK"
9371,10142978949,10142979058,1,"IOTHUB_CLIENT_CONFIRMATION_OK"
9372,10142979149,10142979187,1,"IOTHUB_CLIENT_CONFIRMATION_OK"
9373,10142979349,10142979482,1,"IOTHUB_CLIENT_CONFIRMATION_OK"
9374,10142979549,10142979655,1,"IOTHUB_CLIENT_CONFIRMATION_OK"
9375,10142979749,10142980015,1,"IOTHUB_CLIENT_CONFIRMATION_OK"
9376,10142979949,10142980398,1,"IOTHUB_CLIENT_CONFIRMATION_OK"
9377,10142980150,10142980471,1,"IOTHUB_CLIENT_CONFIRMATION_OK"
9378,10142980350,10142980517,1,"IOTHUB_CLIENT_CONFIRMATION_OK"
9379,10142980550,10142980596,1,"IOTHUB_CLIENT_CONFIRMATION_OK"
9380,10142980750,10142980788,1,"IOTHUB_CLIENT_CONFIRMATION_OK"
9381,10142980950,10142980991,1,"IOTHUB_CLIENT_CONFIRMATION_OK"
9382,10142981150,10142981185,1,"IOTHUB_CLIENT_CONFIRMATION_OK"
9383,10142981350,10142981391,1,"IOTHUB_CLIENT_CONFIRMATION_OK"
9384,10142981551,10142981601,1,"IOTHUB_CLIENT_CONFIRMATION_OK"
9385,10142981751,10142981814,1,"IOTHUB_CLIENT_CONFIRMATION_OK"
9386,10142981951,10142982021,1,"IOTHUB_CLIENT_CONFIRMATION_OK"
9387,10142982151,10142982186,1,"IOTHUB_CLIENT_CONFIRMATION_OK"
9388,10142982351,10142982425,1,"IOTHUB_CLIENT_CONFIRMATION_OK"
9389,10142982551,10142982587,1,"IOTHUB_CLIENT_CONFIRMATION_OK"
9390,10142982752,10142982797,1,"IOTHUB_CLIENT_CONFIRMATION_OK"
9391,10142982952,10142983003,1,"IOTHUB_CLIENT_CONFIRMATION_OK"
9392,10142983152,10142983183,1,"IOTHUB_CLIENT_CONFIRMATION_OK"
9393,10142983352,10142983395,1,"IOTHUB_CLIENT_CONFIRMATION_OK"
9394,10142983552,10142983603,1,"IOTHUB_CLIENT_CONFIRMATION_OK"
9395,10142983752,10142983797,1,"IOTHUB_CLIENT_CONFIRMATION_OK"
9396,10142983952,10142984008,1,"IOTHUB_CLIENT_CONFIRMATION_OK"
9397,10142984153,10142984191,1,"IOTHUB_CLIENT_CONFIRMATION_OK"
9398,10142984353,10142984393,1,"IOTHUB_CLIENT_CONFIRMATION_OK"
9399,10142984553,10142984617,1,"IOTHUB_CLIENT_CONFIRMATION_OK"
9400,10142984753,10142984795,1,"IOTHUB_CLIENT_CONFIRMATION_OK"
9401,10142984953,10142985034,1,"IOTHUB_CLIENT_CONFIRMATION_OK"
9402,10142985153,10142985196,1,"IOTHUB_CLIENT_CONFIRMATION_OK"
9403,10142985354,10142985391,1,"IOTHUB_CLIENT_CONFIRMATION_OK"
9404,10142985554,10142985677,1,"IOTHUB_CLIENT_CONFIRMATION_OK"
9405,10142985754,10142985792,1,"IOTHUB_CLIENT_CONFIRMATION_OK"
9406,10142985954,10142985988,1,"IOTHUB_CLIENT_CONFIRMATION_OK"
9407,10142986154,10142986326,1,"IOTHUB_CLIENT_CONFIRMATION_OK"
9408,10142986354,10142986391,1,"IOTHUB_CLIENT_CONFIRMATION_OK"
9409,10142986554,10142986593,1,"IOTHUB_CLIENT_CONFIRMATION_OK"
9410,10142986755,10142986792,1,"IOTHUB_CLIENT_CONFIRMATION_OK"
9411,10142986955,10142987011,1,"IOTHUB_CLIENT_CONFIRMATION_OK"
9412,10142987155,10142987190,1,"IOTHUB_CLIENT_CONFIRMATION_OK"
9413,10142987355,10142987390,1,"IOTHUB_CLIENT_CONFIRMATION_OK"
9414,10142987555,10142987658,1,"IOTHUB_CLIENT_CONFIRMATION_OK"
9415,10142987755,10142987954,1,"IOTHUB_CLIENT_CONFIRMATION_OK"
9416,10142987956,10142988016,1,"IOTHUB_CLIENT_CONFIRMATION_OK"
9417,10142988156,10142988197,1,"IOTHUB_CLIENT_CONFIRMATION_OK"
9418,10142988356,10142988552,1,"IOTHUB_CLIENT_CONFIRMATION_OK"
9419,10142988556,10142988606,1,"IOTHUB_CLIENT_CONFIRMATION_OK"
9420,10142988756,10142988803,1,"IOTHUB_CLIENT_CONFIRMATION_OK"
9421,10142988956,10142988991,1,"IOTHUB_CLIENT_CONFIRMATION_OK"
9422,10142989156,10142989248,1,"IOTHUB_CLIENT_CONFIRMATION_OK"
9423,10142989357,10142989392,1,"IOTHUB_CLIENT_CONFIRMATION_OK"
9424,10142989557,10142989623,1,"IOTHUB_CLIENT_CONFIRMATION_OK"
9425,10142989757,10142989796,1,"IOTHUB_CLIENT_CONFIRMATION_OK"
9426,10142989957,10142989993,1,"IOTHUB_CLIENT_CONFIRMATION_OK"
9427,10142990157,10142990202,1,"IOTHUB_CLIENT_CONFIRMATION_OK"
9428,10142990357,10142990397,1,"IOTHUB_CLIENT_CONFIRMATION_OK"
9429,10142990557,10142990601,1,"IOTHUB_CLIENT_CONFIRMATION_OK"
9430,10142990758,10142990797,1,"IOTHUB_CLIENT_CONFIRMATION_OK"
9431,10142990958,10142990992,1,"IOTHUB_CLIENT_CONFIRMATION_OK"
9432,10142991158,10142991198,1,"IOTHUB_CLIENT_CONFIRMATION_OK"
9433,10142991358,10142991397,1,"IOTHUB_CLIENT_CONFIRMATION_OK"
9434,10142991558,10142991598,1,"IOTHUB_CLIENT_CONFIRMATION_OK"
9435,10142991758,10142991803,1,"IOTHUB_CLIENT_CONFIRMATION_OK"
9436,10142991959,10142992008,1,"IOTHUB_CLIENT_CONFIRMATION_OK"
9437,10142992159,10142992192,1,"IOTHUB_CLIENT_CONFIRMATION_OK"
9438,10142992359,10142992430,1,"IOTHUB_CLIENT_CONFIRMATION_OK"
9439,10142992559,10142992602,1,"IOTHUB_CLIENT_CONFIRMATION_OK"
9440,10142992759,10142992823,1,"IOTHUB_CLIENT_CONFIRMATION_OK"
9441,10142992959,10142993012,1,"IOTHUB_CLIENT_CONFIRMATION_OK"
9442,10142993159,10142993207,1,"IOTHUB_CLIENT_CONFIRMATION_OK"
9443,10142993360,10142993515,1,"IOTHUB_CLIENT_CONFIRMATION_OK"
9444,10142993560,10142993598,1,"IOTHUB_CLIENT_CONFIRMATION_OK"
9445,10142993760,10142993810,1,"IOTHUB_CLIENT_CONFIRMATION_OK"
9446,10142993960,10142994056,1,"IOTHUB_CLIENT_CONFIRMATION_OK"
9447,10142994160,10142994201,1,"IOTHUB_CLIENT_CONFIRMATION_OK"
9448,10142994360,10142994402,1,"IOTHUB_CLIENT_CONFIRMATION_OK"
9449,10142994561,10142994660,1,"IOTHUB_CLIENT_CONFIRMATION_OK"
9450,10142994761,10142994872,1,"IOTHUB_CLIENT_CONFIRMATION_OK"
9451,10142994961,10142995003,1,"IOTHUB_CLIENT_CONFIRMATION_OK"
9452,10142995161,10142995205,1,"IOTHUB_CLIENT_CONFIRMATION_OK"
9453,10142995361,10142995402,1,"IOTHUB_CLIENT_CONFIRMATION_OK"
9454,10142995561,10142995702,1,"IOTHUB_CLIENT_CONFIRMATION_OK"
9455,10142995761,10142995812,1,"IOTHUB_CLIENT_CONFIRMATION_OK"
9456,10142995962,10142996012,1,"IOTHUB_CLIENT_CONFIRMATION_OK"
9457,10142996162,10142996309,1,"IOTHUB_CLIENT_CONFIRMATION_OK"
9458,10142996362,10142996400,1,"IOTHUB_CLIENT_CONFIRMATION_OK"
9459,10142996562,10142996603,1,"IOTHUB_CLIENT_CONFIRMATION_OK"
9460,10142996762,10142996855,1,"IOTHUB_CLIENT_CONFIRMATION_OK"
9461,10142996962,10142997000,1,"IOTHUB_CLIENT_CONFIRMATION_OK"
9462,10142997163,10142997206,1,"IOTHUB_CLIENT_CONFIRMATION_OK"
9463,10142997363,10142997404,1,"IOTHUB_CLIENT_CONFIRMATION_OK"
9464,10142997563,10142997610,1,"IOTHUB_CLIENT_CONFIRMATION_OK"
9465,10142997763,10142997929,1,"IOTHUB_CLIENT_CONFIRMATION_OK"
9466,10142997963,10142998001,1,"IOTHUB_CLIENT_CONFIRMATION_OK"
9467,10142998163,10142998203,1,"IOTHUB_CLIENT_CONFIRMATION_OK"
9468,10142998363,10142998571,1,"IOTHUB_CLIENT_CONFIRMATION_OK"
9469,10142998564,10142998620,1,"IOTHUB_CLIENT_CONFIRMATION_OK"
9470,10142998764,10142998806,1,"IOTHUB_CLIENT_CONFIRMATION_OK"
9471,10142998964,10142999004,1,"IOTHUB_CLIENT_CONFIRMATION_OK"
9472,10142999164,10142999207,1,"IOTHUB_CLIENT_CONFIRMATION_OK"
9473,10142999364,10142999396,1,"IOTHUB_CLIENT_CONFIRMATION_OK"
9474,10142999564,10142999601,1,"IOTHUB_CLIENT_CONFIRMATION_OK"
9475,10142999765,10142999814,1,"IOTHUB_CLIENT_CONFIRMATION_OK"
9476,10142999965,10143000006,1,"IOTHUB_CLIENT_CONFIRMATION_OK"
9477,10143000165,10143000202,1,"IOTHUB_CLIENT_CONFIRMATION_OK"
9478,10143000365,10143000400,1,"IOTHUB_CLIENT_CONFIRMATION_OK"
9479,10143000565,10143000600,1,"IOTHUB_CLIENT_CONFIRMATION_OK"
9480,10143000765,10143000803,1,"IOTHUB_CLIENT_CONFIRMATION_OK"
9481,10143000966,10143000999,1,"IOTHUB_CLIENT_CONFIRMATION_OK"
9482,10143001166,10143001200,1,"IOTHUB_CLIENT_CONFIRMATION_OK"
9483,10143001366,10143001409,1,"IOTHUB_CLIENT_CONFIRMATION_OK"
9484,10143001566,10143001604,1,"IOTHUB_CLIENT_CONFIRMATION_OK"
9485,10143001766,10143001811,1,"IOTHUB_CLIENT_CONFIRMATION_OK"
9486,10143001966,10143002005,1,"IOTHUB_CLIENT_CONFIRMATION_OK"
9487,10143002167,10143002208,1,"IOTHUB_CLIENT_CONFIRMATION_OK"
9488,10143002367,10143002434,1,"IOTHUB_CLIENT_CONFIRMATION_OK"
9489,10143002567,10143002608,1,"IOTHUB_CLIENT_CONFIRMATION_OK"
9490,10143002767,10143002831,1,"IOTHUB_CLIENT_CONFIRMATION_OK"
9491,10143002967,10143003010,1,"IOTHUB_CLIENT_CONFIRMATION_OK"
9492,10143003167,10143003204,1,"IOTHUB_CLIENT_CONFIRMATION_OK"
9493,10143003367,10143003430,1,"IOTHUB_CLIENT_CONFIRMATION_OK"
9494,10143003568,10143003614,1,"IOTHUB_CLIENT_CONFIRMATION_OK"
9495,10143003768,10143003798,1,"IOTHUB_CLIENT_CONFIRMATION_OK"
9496,10143003968,10143004046,1,"IOTHUB_CLIENT_CONFIRMATION_OK"
9497,10143004168,10143004205,1,"IOTHUB_CLIENT_CONFIRMATION_OK"
9498,10143004368,10143004414,1,"IOTHUB_CLIENT_CONFIRMATION_OK"
9499,10143004568,10143004611,1,"IOTHUB_CLIENT_CONFIRMATION_OK"
9500,10143004768,10143004813,1,"IOTHUB_CLIENT_CONFIRMATION_OK"
9501,10143004969,10143005067,1,"IOTHUB_CLIENT_CONFIRMATION_OK"
9502,10143005169,10143005211,1,"IOTHUB_CLIENT_CONFIRMATION_OK"
9503,10143005369,10143005418,1,"IOTHUB_CLIENT_CONFIRMATION_OK"
9504,10143005569,10143005691,1,"IOTHUB_CLIENT_CONFIRMATION_OK"
9505,10143005769,10143005806,1,"IOTHUB_CLIENT_CONFIRMATION_OK"
9506,10143005969,10143006073,1,"IOTHUB_CLIENT_CONFIRMATION_OK"
9507,10143006170,10143006359,1,"IOTHUB_CLIENT_CONFIRMATION_OK"
9508,10143006370,10143006410,1,"IOTHUB_CLIENT_CONFIRMATION_OK"
9509,10143006570,10143006641,1,"IOTHUB_CLIENT_CONFIRMATION_OK"
9510,10143006770,10143006805,1,"IOTHUB_CLIENT_CONFIRMATION_OK"
9511,10143006970,10143007032,1,"IOTHUB_CLIENT_CONFIRMATION_OK"
9512,10143007171,10143007206,1,"IOTHUB_CLIENT_CONFIRMATION_OK"
9513,10143007371,10143007405,1,"IOTHUB_CLIENT_CONFIRMATION_OK"
9514,10143007571,10143007606,1,"IOTHUB_CLIENT_CONFIRMATION_OK"
9515,10143007771,10143007936,1,"IOTHUB_CLIENT_CONFIRMATION_OK"
9516,10143007971,10143008003,1,"IOTHUB_CLIENT_CONFIRMATION_OK"
9517,10143008171,10143008204,1,"IOTHUB_CLIENT_CONFIRMATION_OK"
9518,10143008371,10143008548,1,"IOTHUB_CLIENT_CONFIRMATION_OK"
9519,10143008571,10143008614,1,"IOTHUB_CLIENT_CONFIRMATION_OK"
9520,10143008772,10143008810,1,"IOTHUB_CLIENT_CONFIRMATION_OK"
9521,10143008972,10143009012,1,"IOTHUB_CLIENT_CONFIRMATION_OK"
9522,10143009172,10143009226,1,"IOTHUB_CLIENT_CONFIRMATION_OK"
9523,10143009372,10143009409,1,"IOTHUB_CLIENT_CONFIRMATION_OK"
9524,10143009572,10143009607,1,"IOTHUB_CLIENT_CONFIRMATION_OK"
9525,10143009772,10143009805,1,"IOTHUB_CLIENT_CONFIRMATION_OK"
9526,10143009973,10143010181,1,"IOTHUB_CLIENT_CONFIRMATION_OK"
9527,10143010173,10143010208,1,"IOTHUB_CLIENT_CONFIRMATION_OK"
9528,10143010373,10143010404,1,"IOTHUB_CLIENT_CONFIRMATION_OK"
9529,10143010573,10143010615,1,"IOTHUB_CLIENT_CONFIRMATION_OK"
9530,10143010773,10143010815,1,"IOTHUB_CLIENT_CONFIRMATION_OK"
9531,10143010974,10143011041,1,"IOTHUB_CLIENT_CONFIRMATION_OK"
9532,10143011174,10143011211,1,"IOTHUB_CLIENT_CONFIRMATION_OK"
9533,10143011374,10143011414,1,"IOTHUB_CLIENT_CONFIRMATION_OK"
9534,10143011574,10143011631,1,"IOTHUB_CLIENT_CONFIRMATION_OK"
9535,10143011774,10143011823,1,"IOTHUB_CLIENT_CONFIRMATION_OK"
9536,10143011975,10143012015,1,"IOTHUB_CLIENT_CONFIRMATION_OK"
9537,10143012175,10143012215,1,"IOTHUB_CLIENT_CONFIRMATION_OK"
9538,10143012375,10143012427,1,"IOTHUB_CLIENT_CONFIRMATION_OK"
9539,10143012575,10143012614,1,"IOTHUB_CLIENT_CONFIRMATION_OK"
9540,10143012775,10143012812,1,"IOTHUB_CLIENT_CONFIRMATION_OK"
9541,10143012975,10143013064,1,"IOTHUB_CLIENT_CONFIRMATION_OK"
9542,10143013176,10143013219,1,"IOTHUB_CLIENT_CONFIRMATION_OK"
9543,10143013376,10143013425,1,"IOTHUB_CLIENT_CONFIRMATION_OK"
9544,10143013576,10143013611,1,"IOTHUB_CLIENT_CONFIRMATION_OK"
9545,10143013776,10143013812,1,"IOTHUB_CLIENT_CONFIRMATION_OK"
9546,10143013976,10143014032,1,"IOTHUB_CLIENT_CONFIRMATION_OK"
9547,10143014176,10143014212,1,"IOTHUB_CLIENT_CONFIRMATION_OK"
9548,10143014377,10143014417,1,"IOTHUB_CLIENT_CONFIRMATION_OK"
9549,10143014577,10143014611,1,"IOTHUB_CLIENT_CONFIRMATION_OK"
9550,10143014777,10143014831,1,"IOTHUB_CLIENT_CONFIRMATION_OK"
9551,10143014977,10143015048,1,"IOTHUB_CLIENT_CONFIRMATION_OK"
9552,10143015177,10143015224,1,"IOTHUB_CLIENT_CONFIRMATION_OK"
9553,10143015377,10143015446,1,"IOTHUB_CLIENT_CONFIRMATION_OK"
9554,10143015577,10143015658,1,"IOTHUB_CLIENT_CONFIRMATION_OK"
9555,10143015778,10143015813,1,"IOTHUB_CLIENT_CONFIRMATION_OK"
9556,10143015978,10143016021,1,"IOTHUB_CLIENT_CONFIRMATION_OK"
9557,10143016178,10143016274,1,"IOTHUB_CLIENT_CONFIRMATION_OK"
9558,10143016378,10143016453,1,"IOTHUB_CLIENT_CONFIRMATION_OK"
9559,10143016578,10143016622,1,"IOTHUB_CLIENT_CONFIRMATION_OK"
9560,10143016778,10143016819,1,"IOTHUB_CLIENT_CONFIRMATION_OK"
9561,10143016978,10143017052,1,"IOTHUB_CLIENT_CONFIRMATION_OK"
9562,10143017179,10143017275,1,"IOTHUB_CLIENT_CONFIRMATION_OK"
9563,10143017379,10143017417,1,"IOTHUB_CLIENT_CONFIRMATION_OK"
9564,10143017579,10143017617,1,"IOTHUB_CLIENT_CONFIRMATION_OK"
9565,10143017779,10143017915,1,"IOTHUB_CLIENT_CONFIRMATION_OK"
9566,10143017979,10143018017,1,"IOTHUB_CLIENT_CONFIRMATION_OK"
9567,10143018179,10143018218,1,"IOTHUB_CLIENT_CONFIRMATION_OK"
9568,10143018380,10143018500,1,"IOTHUB_CLIENT_CONFIRMATION_OK"
9569,10143018580,10143018630,1,"IOTHUB_CLIENT_CONFIRMATION_OK"
9570,10143018780,10143018828,1,"IOTHUB_CLIENT_CONFIRMATION_OK"
9571,10143018980,10143019023,1,"IOTHUB_CLIENT_CONFIRMATION_OK"
9572,10143019180,10143019218,1,"IOTHUB_CLIENT_CONFIRMATION_OK"
9573,10143019380,10143019420,1,"IOTHUB_CLIENT_CONFIRMATION_OK"
9574,10143019580,10143019618,1,"IOTHUB_CLIENT_CONFIRMATION_OK"
9575,10143019781,10143019824,1,"IOTHUB_CLIENT_CONFIRMATION_OK"
9576,10143019981,10143020187,1,"IOTHUB_CLIENT_CONFIRMATION_OK"
9577,10143020181,10143020243,1,"IOTHUB_CLIENT_CONFIRMATION_OK"
9578,10143020381,10143020420,1,"IOTHUB_CLIENT_CONFIRMATION_OK"
9579,10143020581,10143020667,1,"IOTHUB_CLIENT_CONFIRMATION_OK"
9580,10143020781,10143020819,1,"IOTHUB_CLIENT_CONFIRMATION_OK"
9581,10143020982,10143021023,1,"IOTHUB_CLIENT_CONFIRMATION_OK"
9582,10143021182,10143021219,1,"IOTHUB_CLIENT_CONFIRMATION_OK"
9583,10143021382,10143021419,1,"IOTHUB_CLIENT_CONFIRMATION_OK"
9584,10143021582,10143021624,1,"IOTHUB_CLIENT_CONFIRMATION_OK"
9585,10143021782,10143021828,1,"IOTHUB_CLIENT_CONFIRMATION_OK"
9586,10143021982,10143022018,1,"IOTHUB_CLIENT_CONFIRMATION_OK"
9587,10143022182,10143022215,1,"IOTHUB_CLIENT_CONFIRMATION_OK"
9588,10143022383,10143022420,1,"IOTHUB_CLIENT_CONFIRMATION_OK"
9589,10143022583,10143022654,1,"IOTHUB_CLIENT_CONFIRMATION_OK"
9590,10143022783,10143022835,1,"IOTHUB_CLIENT_CONFIRMATION_OK"
9591,10143022983,10143023017,1,"IOTHUB_CLIENT_CONFIRMATION_OK"
9592,10143023183,10143023220,1,"IOTHUB_CLIENT_CONFIRMATION_OK"
9593,10143023384,10143023442,1,"IOTHUB_CLIENT_CONFIRMATION_OK"
9594,10143023584,10143023639,1,"IOTHUB_CLIENT_CONFIRMATION_OK"
9595,10143023784,10143023827,1,"IOTHUB_CLIENT_CONFIRMATION_OK"
9596,10143023984,10143024073,1,"IOTHUB_CLIENT_CONFIRMATION_OK"
9597,10143024184,10143024221,1,"IOTHUB_CLIENT_CONFIRMATION_OK"
9598,10143024384,10143024427,1,"IOTHUB_CLIENT_CONFIRMATION_OK"
9599,10143024585,10143024653,1,"IOTHUB_CLIENT_CONFIRMATION_OK"
9600,10143024785,10143024840,1,"IOTHUB_CLIENT_CONFIRMATION_OK"
9601,10143024985,10143025084,1,"IOTHUB_CLIENT_CONFIRMATION_OK"
9602,10143025185,10143025225,1,"IOTHUB_CLIENT_CONFIRMATION_OK"
9603,10143025385,10143025445,1,"IOTHUB_CLIENT_CONFIRMATION_OK"
9604,10143025585,10143025703,1,"IOTHUB_CLIENT_CONFIRMATION_OK"
9605,10143025785,10143025833,1,"IOTHUB_CLIENT_CONFIRMATION_OK"
9606,10143025986,10143026026,1,"IOTHUB_CLIENT_CONFIRMATION_OK"
9607,10143026186,10143026271,1,"IOTHUB_CLIENT_CONFIRMATION_OK"
9608,10143026386,10143026425,1,"IOTHUB_CLIENT_CONFIRMATION_OK"
9609,10143026586,10143026626,1,"IOTHUB_CLIENT_CONFIRMATION_OK"
9610,10143026786,10143026826,1,"IOTHUB_CLIENT_CONFIRMATION_OK"
9611,10143026986,10143027029,1,"IOTHUB_CLIENT_CONFIRMATION_OK"
9612,10143027187,10143027340,1,"IOTHUB_CLIENT_CONFIRMATION_OK"
9613,10143027387,10143027431,1,"IOTHUB_CLIENT_CONFIRMATION_OK"
9614,10143027587,10143027631,1,"IOTHUB_CLIENT_CONFIRMATION_OK"
9615,10143027787,10143027945,1,"IOTHUB_CLIENT_CONFIRMATION_OK"
9616,10143027987,10143028025,1,"IOTHUB_CLIENT_CONFIRMATION_OK"
9617,10143028187,10143028229,1,"IOTHUB_CLIENT_CONFIRMATION_OK"
9618,10143028387,10143028430,1,"IOTHUB_CLIENT_CONFIRMATION_OK"
9619,10143028588,10143028632,1,"IOTHUB_CLIENT_CONFIRMATION_OK"
9620,10143028788,10143028832,1,"IOTHUB_CLIENT_CONFIRMATION_OK"
9621,10143028988,10143029023,1,"IOTHUB_CLIENT_CONFIRMATION_OK"
9622,10143029188,10143029237,1,"IOTHUB_CLIENT_CONFIRMATION_OK"
9623,10143029388,10143029565,1,"IOTHUB_CLIENT_CONFIRMATION_OK"
9624,10143029588,10143029631,1,"IOTHUB_CLIENT_CONFIRMATION_OK"
9625,10143029788,10143029827,1,"IOTHUB_CLIENT_CONFIRMATION_OK"
9626,10143029989,10143030203,1,"IOTHUB_CLIENT_CONFIRMATION_OK"
9627,10143030189,10143030243,1,"IOTHUB_CLIENT_CONFIRMATION_OK"
9628,10143030389,10143030429,1,"IOTHUB_CLIENT_CONFIRMATION_OK"
9629,10143030589,10143030633,1,"IOTHUB_CLIENT_CONFIRMATION_OK"
9630,10143030789,10143030827,1,"IOTHUB_CLIENT_CONFIRMATION_OK"
9631,10143030989,10143031023,1,"IOTHUB_CLIENT_CONFIRMATION_OK"
9632,10143031190,10143031223,1,"IOTHUB_CLIENT_CONFIRMATION_OK"
9633,10143031390,10143031434,1,"IOTHUB_CLIENT_CONFIRMATION_OK"
9634,10143031590,10143031628,1,"IOTHUB_CLIENT_CONFIRMATION_OK"
9635,10143031790,10143031830,1,"IOTHUB_CLIENT_CONFIRMATION_OK"
9636,10143031990,10143032040,1,"IOTHUB_CLIENT_CONFIRMATION_OK"
9637,10143032190,10143032225,1,"IOTHUB_CLIENT_CONFIRMATION_OK"
9638,10143032391,10143032428,1,"IOTHUB_CLIENT_CONFIRMATION_OK"
9639,10143032591,10143032633,1,"IOTHUB_CLIENT_CONFIRMATION_OK"
9640,10143032791,10143032871,1,"IOTHUB_CLIENT_CONFIRMATION_OK"
9641,10143032991,10143033028,1,"IOTHUB_CLIENT_CONFIRMATION_OK"
9642,10143033191,10143033229,1,"IOTHUB_CLIENT_CONFIRMATION_OK"
9643,10143033391,10143033503,1,"IOTHUB_CLIENT_CONFIRMATION_OK"
9644,10143033592,10143033628,1,"IOTHUB_CLIENT_CONFIRMATION_OK"
9645,10143033792,10143033836,1,"IOTHUB_CLIENT_CONFIRMATION_OK"
9646,10143033992,10143034060,1,"IOTHUB_CLIENT_CONFIRMATION_OK"
9647,10143034192,10143034251,1,"IOTHUB_CLIENT_CONFIRMATION_OK"
9648,10143034392,10143034443,1,"IOTHUB_CLIENT_CONFIRMATION_OK"
9649,10143034593,10143034630,1,"IOTHUB_CLIENT_CONFIRMATION_OK"
9650,10143034793,10143034838,1,"IOTHUB_CLIENT_CONFIRMATION_OK"
9651,10143034993,10143035095,1,"IOTHUB_CLIENT_CONFIRMATION_OK"
9652,10143035193,10143035233,1,"IOTHUB_CLIENT_CONFIRMATION_OK"
9653,10143035393,10143035435,1,"IOTHUB_CLIENT_CONFIRMATION_OK"
9654,10143035593,10143035671,1,"IOTHUB_CLIENT_CONFIRMATION_OK"
9655,10143035793,10143035835,1,"IOTHUB_CLIENT_CONFIRMATION_OK"
9656,10143035994,10143036029,1,"IOTHUB_CLIENT_CONFIRMATION_OK"
9657,10143036194,10143036231,1,"IOTHUB_CLIENT_CONFIRMATION_OK"
9658,10143036394,10143036423,1,"IOTHUB_CLIENT_CONFIRMATION_OK"
9659,10143036594,10143036676,1,"IOTHUB_CLIENT_CONFIRMATION_OK"
9660,10143036794,10143036831,1,"IOTHUB_CLIENT_CONFIRMATION_OK"
9661,10143036995,10143037055,1,"IOTHUB_CLIENT_CONFIRMATION_OK"
9662,10143037195,10143037292,1,"IOTHUB_CLIENT_CONFIRMATION_OK"
9663,10143037395,10143037437,1,"IOTHUB_CLIENT_CONFIRMATION_OK"
9664,10143037595,10143037639,1,"IOTHUB_CLIENT_CONFIRMATION_OK"
9665,10143037795,10143037912,1,"IOTHUB_CLIENT_CONFIRMATION_OK"
9666,10143037995,10143038046,1,"IOTHUB_CLIENT_CONFIRMATION_OK"
9667,10143038195,10143038240,1,"IOTHUB_CLIENT_CONFIRMATION_OK"
9668,10143038396,10143038430,1,"IOTHUB_CLIENT_CONFIRMATION_OK"
9669,10143038596,10143038631,1,"IOTHUB_CLIENT_CONFIRMATION_OK"
9670,10143038796,10143038855,1,"IOTHUB_CLIENT_CONFIRMATION_OK"
9671,10143038996,10143039030,1,"IOTHUB_CLIENT_CONFIRMATION_OK"
9672,10143039196,10143039261,1,"IOTHUB_CLIENT_CONFIRMATION_OK"
9673,10143039396,10143039557,1,"IOTHUB_CLIENT_CONFIRMATION_OK"
9674,10143039596,10143039632,1,"IOTHUB_CLIENT_CONFIRMATION_OK"
9675,10143039797,10143039832,1,"IOTHUB_CLIENT_CONFIRMATION_OK"
9676,10143039997,10143040170,1,"IOTHUB_CLIENT_CONFIRMATION_OK"
9677,10143040197,10143040244,1,"IOTHUB_CLIENT_CONFIRMATION_OK"
9678,10143040397,10143040444,1,"IOTHUB_CLIENT_CONFIRMATION_OK"
9679,10143040597,10143040633,1,"IOTHUB_CLIENT_CONFIRMATION_OK"
9680,10143040797,10143040836,1,"IOTHUB_CLIENT_CONFIRMATION_OK"
9681,10143040998,10143041040,1,"IOTHUB_CLIENT_CONFIRMATION_OK"
9682,10143041198,10143041237,1,"IOTHUB_CLIENT_CONFIRMATION_OK"
9683,10143041398,10143041440,1,"IOTHUB_CLIENT_CONFIRMATION_OK"
9684,10143041598,10143041797,1,"IOTHUB_CLIENT_CONFIRMATION_OK"
9685,10143041798,10143041836,1,"IOTHUB_CLIENT_CONFIRMATION_OK"
9686,10143041998,10143042039,1,"IOTHUB_CLIENT_CONFIRMATION_OK"
9687,10143042198,10143042241,1,"IOTHUB_CLIENT_CONFIRMATION_OK"
9688,10143042398,10143042434,1,"IOTHUB_CLIENT_CONFIRMATION_OK"
9689,10143042599,10143042636,1,"IOTHUB_CLIENT_CONFIRMATION_OK"
9690,10143042799,10143042842,1,"IOTHUB_CLIENT_CONFIRMATION_OK"
9691,10143042999,10143043040,1,"IOTHUB_CLIENT_CONFIRMATION_OK"
9692,10143043199,10143043235,1,"IOTHUB_CLIENT_CONFIRMATION_OK"
9693,10143043399,10143043447,1,"IOTHUB_CLIENT_CONFIRMATION_OK"
9694,10143043600,10143043665,1,"IOTHUB_CLIENT_CONFIRMATION_OK"
9695,10143043800,10143043852,1,"IOTHUB_CLIENT_CONFIRMATION_OK"
9696,10143044000,10143044036,1,"IOTHUB_CLIENT_CONFIRMATION_OK"
9697,10143044200,10143044240,1,"IOTHUB_CLIENT_CONFIRMATION_OK"
9698,10143044400,10143044441,1,"IOTHUB_CLIENT_CONFIRMATION_OK"
9699,10143044601,10143044640,1,"IOTHUB_CLIENT_CONFIRMATION_OK"
9700,10143044801,10143044847,1,"IOTHUB_CLIENT_CONFIRMATION_OK"
9701,10143045001,10143045047,1,"IOTHUB_CLIENT_CONFIRMATION_OK"
9702,10143045201,10143045263,1,"IOTHUB_CLIENT_CONFIRMATION_OK"
9703,10143045401,10143045442,1,"IOTHUB_CLIENT_CONFIRMATION_OK"
9704,10143045601,10143045729,1,"IOTHUB_CLIENT_CONFIRMATION_OK"
9705,10143045801,10143045835,1,"IOTHUB_CLIENT_CONFIRMATION_OK"
9706,10143046002,10143046050,1,"IOTHUB_CLIENT_CONFIRMATION_OK"
9707,10143046202,10143046238,1,"IOTHUB_CLIENT_CONFIRMATION_OK"
9708,10143046402,10143046442,1,"IOTHUB_CLIENT_CONFIRMATION_OK"
9709,10143046602,10143046686,1,"IOTHUB_CLIENT_CONFIRMATION_OK"
9710,10143046802,10143046846,1,"IOTHUB_CLIENT_CONFIRMATION_OK"
9711,10143047002,10143047081,1,"IOTHUB_CLIENT_CONFIRMATION_OK"
9712,10143047203,10143047281,1,"IOTHUB_CLIENT_CONFIRMATION_OK"
9713,10143047403,10143047436,1,"IOTHUB_CLIENT_CONFIRMATION_OK"
9714,10143047603,10143047636,1,"IOTHUB_CLIENT_CONFIRMATION_OK"
9715,10143047803,10143047900,1,"IOTHUB_CLIENT_CONFIRMATION_OK"
9716,10143048003,10143048037,1,"IOTHUB_CLIENT_CONFIRMATION_OK"
9717,10143048203,10143048241,1,"IOTHUB_CLIENT_CONFIRMATION_OK"
9718,10143048404,10143048453,1,"IOTHUB_CLIENT_CONFIRMATION_OK"
9719,10143048604,10143048654,1,"IOTHUB_CLIENT_CONFIRMATION_OK"
9720,10143048804,10143048909,1,"IOTHUB_CLIENT_CONFIRMATION_OK"
9721,10143049004,10143049102,1,"IOTHUB_CLIENT_CONFIRMATION_OK"
9722,10143049204,10143049239,1,"IOTHUB_CLIENT_CONFIRMATION_OK"
9723,10143049404,10143049514,1,"IOTHUB_CLIENT_CONFIRMATION_OK"
9724,10143049605,10143049653,1,"IOTHUB_CLIENT_CONFIRMATION_OK"
9725,10143049805,10143049891,1,"IOTHUB_CLIENT_CONFIRMATION_OK"
9726,10143050005,10143050148,1,"IOTHUB_CLIENT_CONFIRMATION_OK"
9727,10143050205,10143050256,1,"IOTHUB_CLIENT_CONFIRMATION_OK"
9728,10143050405,10143050445,1,"IOTHUB_CLIENT_CONFIRMATION_OK"
9729,10143050605,10143050643,1,"IOTHUB_CLIENT_CONFIRMATION_OK"
9730,10143050806,10143050839,1,"IOTHUB_CLIENT_CONFIRMATION_OK"
9731,10143051006,10143051040,1,"IOTHUB_CLIENT_CONFIRMATION_OK"
9732,10143051206,10143051246,1,"IOTHUB_CLIENT_CONFIRMATION_OK"
9733,10143051406,10143051446,1,"IOTHUB_CLIENT_CONFIRMATION_OK"
9734,10143051606,10143051785,1,"IOTHUB_CLIENT_CONFIRMATION_OK"
9735,10143051806,10143051854,1,"IOTHUB_CLIENT_CONFIRMATION_OK"
9736,10143052006,10143052046,1,"IOTHUB_CLIENT_CONFIRMATION_OK"
9737,10143052207,10143052249,1,"IOTHUB_CLIENT_CONFIRMATION_OK"
9738,10143052407,10143052446,1,"IOTHUB_CLIENT_CONFIRMATION_OK"
9739,10143052607,10143052644,1,"IOTHUB_CLIENT_CONFIRMATION_OK"
9740,10143052807,10143052841,1,"IOTHUB_CLIENT_CONFIRMATION_OK"
9741,10143053007,10143053089,1,"IOTHUB_CLIENT_CONFIRMATION_OK"
9742,10143053207,10143053244,1,"IOTHUB_CLIENT_CONFIRMATION_OK"
9743,10143053408,10143053487,1,"IOTHUB_CLIENT_CONFIRMATION_OK"
9744,10143053608,10143053650,1,"IOTHUB_CLIENT_CONFIRMATION_OK"
9745,10143053808,10143054136,1,"IOTHUB_CLIENT_CONFIRMATION_OK"
9746,10143054008,10143054160,1,"IOTHUB_CLIENT_CONFIRMATION_OK"
9747,10143054208,10143054250,1,"IOTHUB_CLIENT_CONFIRMATION_OK"
9748,10143054408,10143054544,1,"IOTHUB_CLIENT_CONFIRMATION_OK"
9749,10143054608,10143054648,1,"IOTHUB_CLIENT_CONFIRMATION_OK"
9750,10143054809,10143054864,1,"IOTHUB_CLIENT_CONFIRMATION_OK"
9751,10143055009,10143055165,1,"IOTHUB_CLIENT_CONFIRMATION_OK"
9752,10143055209,10143055251,1,"IOTHUB_CLIENT_CONFIRMATION_OK"
9753,10143055409,10143055447,1,"IOTHUB_CLIENT_CONFIRMATION_OK"
9754,10143055609,10143055657,1,"IOTHUB_CLIENT_CONFIRMATION_OK"
9755,10143055809,10143055844,1,"IOTHUB_CLIENT_CONFIRMATION_OK"
9756,10143056009,10143056090,1,"IOTHUB_CLIENT_CONFIRMATION_OK"
9757,10143056210,10143056246,1,"IOTHUB_CLIENT_CONFIRMATION_OK"
9758,10143056410,10143056441,1,"IOTHUB_CLIENT_CONFIRMATION_OK"
9759,10143056610,10143056781,1,"IOTHUB_CLIENT_CONFIRMATION_OK"
9760,10143056810,10143056857,1,"IOTHUB_CLIENT_CONFIRMATION_OK"
9761,10143057010,10143057051,1,"IOTHUB_CLIENT_CONFIRMATION_OK"
9762,10143057210,10143057261,1,"IOTHUB_CLIENT_CONFIRMATION_OK"
9763,10143057410,10143057449,1,"IOTHUB_CLIENT_CONFIRMATION_OK"
9764,10143057611,10143057648,1,"IOTHUB_CLIENT_CONFIRMATION_OK"
9765,10143057811,10143057875,1,"IOTHUB_CLIENT_CONFIRMATION_OK"
9766,10143058011,10143058054,1,"IOTHUB_CLIENT_CONFIRMATION_OK"
9767,10143058211,10143058252,1,"IOTHUB_CLIENT_CONFIRMATION_OK"
9768,10143058411,10143058442,1,"IOTHUB_CLIENT_CONFIRMATION_OK"
9769,10143058611,10143058649,1,"IOTHUB_CLIENT_CONFIRMATION_OK"
9770,10143058812,10143059018,1,"IOTHUB_CLIENT_CONFIRMATION_OK"
9771,10143059012,10143059046,1,"IOTHUB_CLIENT_CONFIRMATION_OK"
9772,10143059212,10143059255,1,"IOTHUB_CLIENT_CONFIRMATION_OK"
9773,10143059412,10143059449,1,"IOTHUB_CLIENT_CONFIRMATION_OK"
9774,10143059612,10143059652,1,"IOTHUB_CLIENT_CONFIRMATION_OK"
9775,10143059812,10143059854,1,"IOTHUB_CLIENT_CONFIRMATION_OK"
9776,10143060012,10143060067,1,"IOTHUB_CLIENT_CONFIRMATION_OK"
9777,10143060213,10143060253,1,"IOTHUB_CLIENT_CONFIRMATION_OK"
9778,10143060413,10143060451,1,"IOTHUB_CLIENT_CONFIRMATION_OK"
9779,10143060613,10143060704,1,"IOTHUB_CLIENT_CONFIRMATION_OK"
9780,10143060813,10143060854,1,"IOTHUB_CLIENT_CONFIRMATION_OK"
9781,10143061013,10143061056,1,"IOTHUB_CLIENT_CONFIRMATION_OK"
9782,10143061213,10143061257,1,"IOTHUB_CLIENT_CONFIRMATION_OK"
9783,10143061414,10143061453,1,"IOTHUB_CLIENT_CONFIRMATION_OK"
9784,10143061614,10143061670,1,"IOTHUB_CLIENT_CONFIRMATION_OK"
9785,10143061814,10143061851,1,"IOTHUB_CLIENT_CONFIRMATION_OK"
9786,10143062014,10143062045,1,"IOTHUB_CLIENT_CONFIRMATION_OK"
9787,10143062214,10143062287,1,"IOTHUB_CLIENT_CONFIRMATION_OK"
9788,10143062414,10143062452,1,"IOTHUB_CLIENT_CONFIRMATION_OK"
9789,10143062614,10143062660,1,"IOTHUB_CLIENT_CONFIRMATION_OK"
9790,10143062815,10143062896,1,"IOTHUB_CLIENT_CONFIRMATION_OK"
9791,10143063015,10143063055,1,"IOTHUB_CLIENT_CONFIRMATION_OK"
9792,10143063215,10143063244,1,"IOTHUB_CLIENT_CONFIRMATION_OK"
9793,10143063415,10143063460,1,"IOTHUB_CLIENT_CONFIRMATION_OK"
9794,10143063615,10143063653,1,"IOTHUB_CLIENT_CONFIRMATION_OK"
9795,10143063815,10143063896,1,"IOTHUB_CLIENT_CONFIRMATION_OK"
9796,10143064015,10143064045,1,"IOTHUB_CLIENT_CONFIRMATION_OK"
9797,10143064216,10143064253,1,"IOTHUB_CLIENT_CONFIRMATION_OK"
9798,10143064416,10143064521,1,"IOTHUB_CLIENT_CONFIRMATION_OK"
9799,10143064616,10143064657,1,"IOTHUB_CLIENT_CONFIRMATION_OK"
9800,10143064816,10143064872,1,"IOTHUB_CLIENT_CONFIRMATION_OK"
9801,10143065016,10143065152,1,"IOTHUB_CLIENT_CONFIRMATION_OK"
9802,10143065216,10143065253,1,"IOTHUB_CLIENT_CONFIRMATION_OK"
9803,10143065416,10143065458,1,"IOTHUB_CLIENT_CONFIRMATION_OK"
9804,10143065617,10143065654,1,"IOTHUB_CLIENT_CONFIRMATION_OK"
9805,10143065817,10143065877,1,"IOTHUB_CLIENT_CONFIRMATION_OK"
9806,10143066017,10143066064,1,"IOTHUB_CLIENT_CONFIRMATION_OK"
9807,10143066217,10143066252,1,"IOTHUB_CLIENT_CONFIRMATION_OK"
9808,10143066417,10143066456,1,"IOTHUB_CLIENT_CONFIRMATION_OK"
9809,10143066617,10143066756,1,"IOTHUB_CLIENT_CONFIRMATION_OK"
9810,10143066818,10143066852,1,"IOTHUB_CLIENT_CONFIRMATION_OK"
9811,10143067018,10143067150,1,"IOTHUB_CLIENT_CONFIRMATION_OK"
9812,10143067218,10143067367,1,"IOTHUB_CLIENT_CONFIRMATION_OK"
9813,10143067418,10143067474,1,"IOTHUB_CLIENT_CONFIRMATION_OK"
9814,10143067618,10143067724,1,"IOTHUB_CLIENT_CONFIRMATION_OK"
9815,10143067818,10143067854,1,"IOTHUB_CLIENT_CONFIRMATION_OK"
9816,10143068018,10143068058,1,"IOTHUB_CLIENT_CONFIRMATION_OK"
9817,10143068219,10143068255,1,"IOTHUB_CLIENT_CONFIRMATION_OK"
9818,10143068419,10143068457,1,"IOTHUB_CLIENT_CONFIRMATION_OK"
9819,10143068619,10143068659,1,"IOTHUB_CLIENT_CONFIRMATION_OK"
9820,10143068819,10143068983,1,"IOTHUB_CLIENT_CONFIRMATION_OK"
9821,10143069019,10143069063,1,"IOTHUB_CLIENT_CONFIRMATION_OK"
9822,10143069219,10143069260,1,"IOTHUB_CLIENT_CONFIRMATION_OK"
9823,10143069420,10143069600,1,"IOTHUB_CLIENT_CONFIRMATION_OK"
9824,10143069620,10143069662,1,"IOTHUB_CLIENT_CONFIRMATION_OK"
9825,10143069820,10143069854,1,"IOTHUB_CLIENT_CONFIRMATION_OK"
9826,10143070020,10143070072,1,"IOTHUB_CLIENT_CONFIRMATION_OK"
9827,10143070220,10143070256,1,"IOTHUB_CLIENT_CONFIRMATION_OK"
9828,10143070420,10143070464,1,"IOTHUB_CLIENT_CONFIRMATION_OK"
9829,10143070621,10143070656,1,"IOTHUB_CLIENT_CONFIRMATION_OK"
9830,10143070821,10143070856,1,"IOTHUB_CLIENT_CONFIRMATION_OK"
9831,10143071021,10143071063,1,"IOTHUB_CLIENT_CONFIRMATION_OK"
9832,10143071221,10143071264,1,"IOTHUB_CLIENT_CONFIRMATION_OK"
9833,10143071421,10143071458,1,"IOTHUB_CLIENT_CONFIRMATION_OK"
9834,10143071621,10143071663,1,"IOTHUB_CLIENT_CONFIRMATION_OK"
9835,10143071822,10143071888,1,"IOTHUB_CLIENT_CONFIRMATION_OK"
9836,10143072022,10143072061,1,"IOTHUB_CLIENT_CONFIRMATION_OK"
9837,10143072222,10143072260,1,"IOTHUB_CLIENT_CONFIRMATION_OK"
9838,10143072422,10143072459,1,"IOTHUB_CLIENT_CONFIRMATION_OK"
9839,10143072622,10143072700,1,"IOTHUB_CLIENT_CONFIRMATION_OK"
9840,10143072822,10143072879,1,"IOTHUB_CLIENT_CONFIRMATION_OK"
9841,10143073022,10143073062,1,"IOTHUB_CLIENT_CONFIRMATION_OK"
9842,10143073223,10143073266,1,"IOTHUB_CLIENT_CONFIRMATION_OK"
9843,10143073423,10143073470,1,"IOTHUB_CLIENT_CONFIRMATION_OK"
9844,10143073623,10143073657,1,"IOTHUB_CLIENT_CONFIRMATION_OK"
9845,10143073823,10143073860,1,"IOTHUB_CLIENT_CONFIRMATION_OK"
9846,10143074023,10143074057,1,"IOTHUB_CLIENT_CONFIRMATION_OK"
9847,10143074223,10143074291,1,"IOTHUB_CLIENT_CONFIRMATION_OK"
9848,10143074424,10143074472,1,"IOTHUB_CLIENT_CONFIRMATION_OK"
9849,10143074624,10143074700,1,"IOTHUB_CLIENT_CONFIRMATION_OK"
9850,10143074824,10143074872,1,"IOTHUB_CLIENT_CONFIRMATION_OK"
9851,10143075024,10143075083,1,"IOTHUB_CLIENT_CONFIRMATION_OK"
9852,10143075224,10143075262,1,"IOTHUB_CLIENT_CONFIRMATION_OK"
9853,10143075424,10143075474,1,"IOTHUB_CLIENT_CONFIRMATION_OK"
9854,10143075625,10143075663,1,"IOTHUB_CLIENT_CONFIRMATION_OK"
9855,10143075825,10143075866,1,"IOTHUB_CLIENT_CONFIRMATION_OK"
9856,10143076025,10143076096,1,"IOTHUB_CLIENT_CONFIRMATION_OK"
9857,10143076225,10143076256,1,"IOTHUB_CLIENT_CONFIRMATION_OK"
9858,10143076425,10143076469,1,"IOTHUB_CLIENT_CONFIRMATION_OK"
9859,10143076625,10143076740,1,"IOTHUB_CLIENT_CONFIRMATION_OK"
9860,10143076826,10143076894,1,"IOTHUB_CLIENT_CONFIRMATION_OK"
9861,10143077026,10143077089,1,"IOTHUB_CLIENT_CONFIRMATION_OK"
9862,10143077226,10143077484,1,"IOTHUB_CLIENT_CONFIRMATION_OK"
9863,10143077426,10143077896,1,"IOTHUB_CLIENT_CONFIRMATION_OK"
9864,10143077626,10143077972,1,"IOTHUB_CLIENT_CONFIRMATION_OK"
9865,10143077826,10143078016,1,"IOTHUB_CLIENT_CONFIRMATION_OK"
9866,10143078026,10143078069,1,"IOTHUB_CLIENT_CONFIRMATION_OK"
9867,10143078227,10143078353,1,"IOTHUB_CLIENT_CONFIRMATION_OK"
9868,10143078427,10143078463,1,"IOTHUB_CLIENT_CONFIRMATION_OK"
9869,10143078627,10143078661,1,"IOTHUB_CLIENT_CONFIRMATION_OK"
9870,10143078827,10143078979,1,"IOTHUB_CLIENT_CONFIRMATION_OK"
9871,10143079027,10143079065,1,"IOTHUB_CLIENT_CONFIRMATION_OK"
9872,10143079228,10143079266,1,"IOTHUB_CLIENT_CONFIRMATION_OK"
9873,10143079428,10143079585,1,"IOTHUB_CLIENT_CONFIRMATION_OK"
9874,10143079628,10143079669,1,"IOTHUB_CLIENT_CONFIRMATION_OK"
9875,10143079828,10143079869,1,"IOTHUB_CLIENT_CONFIRMATION_OK"
9876,10143080028,10143080064,1,"IOTHUB_CLIENT_CONFIRMATION_OK"
9877,10143080228,10143080328,1,"IOTHUB_CLIENT_CONFIRMATION_OK"
9878,10143080428,10143080462,1,"IOTHUB_CLIENT_CONFIRMATION_OK"
9879,10143080629,10143080680,1,"IOTHUB_CLIENT_CONFIRMATION_OK"
9880,10143080829,10143080867,1,"IOTHUB_CLIENT_CONFIRMATION_OK"
9881,10143081029,10143081231,1,"IOTHUB_CLIENT_CONFIRMATION_OK"
9882,10143081229,10143081286,1,"IOTHUB_CLIENT_CONFIRMATION_OK"
9883,10143081429,10143081458,1,"IOTHUB_CLIENT_CONFIRMATION_OK"
9884,10143081629,10143081670,1,"IOTHUB_CLIENT_CONFIRMATION_OK"
9885,10143081830,10143081867,1,"IOTHUB_CLIENT_CONFIRMATION_OK"
9886,10143082030,10143082065,1,"IOTHUB_CLIENT_CONFIRMATION_OK"
9887,10143082230,10143082266,1,"IOTHUB_CLIENT_CONFIRMATION_OK"
9888,10143082430,10143082462,1,"IOTHUB_CLIENT_CONFIRMATION_OK"
9889,10143082630,10143082663,1,"IOTHUB_CLIENT_CONFIRMATION_OK"
9890,10143082830,10143082885,1,"IOTHUB_CLIENT_CONFIRMATION_OK"
9891,10143083030,10143083073,1,"IOTHUB_CLIENT_CONFIRMATION_OK"
9892,10143083231,10143083281,1,"IOTHUB_CLIENT_CONFIRMATION_OK"
9893,10143083431,10143083527,1,"IOTHUB_CLIENT_CONFIRMATION_OK"
9894,10143083631,10143083677,1,"IOTHUB_CLIENT_CONFIRMATION_OK"
9895,10143083831,10143083955,1,"IOTHUB_CLIENT_CONFIRMATION_OK"
9896,10143084031,10143084069,1,"IOTHUB_CLIENT_CONFIRMATION_OK"
9897,10143084231,10143084265,1,"IOTHUB_CLIENT_CONFIRMATION_OK"
9898,10143084432,10143084508,1,"IOTHUB_CLIENT_CONFIRMATION_OK"
9899,10143084632,10143084682,1,"IOTHUB_CLIENT_CONFIRMATION_OK"
9900,10143084832,10143084871,1,"IOTHUB_CLIENT_CONFIRMATION_OK"
9901,10143085032,10143085119,1,"IOTHUB_CLIENT_CONFIRMATION_OK"
9902,10143085232,10143085265,1,"IOTHUB_CLIENT_CONFIRMATION_OK"
9903,10143085432,10143085470,1,"IOTHUB_CLIENT_CONFIRMATION_OK"
9904,10143085632,10143085672,1,"IOTHUB_CLIENT_CONFIRMATION_OK"
9905,10143085833,10143085875,1,"IOTHUB_CLIENT_CONFIRMATION_OK"
9906,10143086033,10143086120,1,"IOTHUB_CLIENT_CONFIRMATION_OK"
9907,10143086233,10143086262,1,"IOTHUB_CLIENT_CONFIRMATION_OK"
9908,10143086433,10143086471,1,"IOTHUB_CLIENT_CONFIRMATION_OK"
9909,10143086633,10143086815,1,"IOTHUB_CLIENT_CONFIRMATION_OK"
9910,10143086833,10143086893,1,"IOTHUB_CLIENT_CONFIRMATION_OK"
9911,10143087034,10143087082,1,"IOTHUB_CLIENT_CONFIRMATION_OK"
9912,10143087234,10143087271,1,"IOTHUB_CLIENT_CONFIRMATION_OK"
9913,10143087434,10143087473,1,"IOTHUB_CLIENT_CONFIRMATION_OK"
9914,10143087634,10143087668,1,"IOTHUB_CLIENT_CONFIRMATION_OK"
9915,10143087834,10143087874,1,"IOTHUB_CLIENT_CONFIRMATION_OK"
9916,10143088034,10143088073,1,"IOTHUB_CLIENT_CONFIRMATION_OK"
9917,10143088235,10143088437,1,"IOTHUB_CLIENT_CONFIRMATION_OK"
9918,10143088435,10143088489,1,"IOTHUB_CLIENT_CONFIRMATION_OK"
9919,10143088635,10143088675,1,"IOTHUB_CLIENT_CONFIRMATION_OK"
9920,10143088835,10143088875,1,"IOTHUB_CLIENT_CONFIRMATION_OK"
9921,10143089035,10143089078,1,"IOTHUB_CLIENT_CONFIRMATION_OK"
9922,10143089235,10143089276,1,"IOTHUB_CLIENT_CONFIRMATION_OK"
9923,10143089435,10143089490,1,"IOTHUB_CLIENT_CONFIRMATION_OK"
9924,10143089636,10143089674,1,"IOTHUB_CLIENT_CONFIRMATION_OK"
9925,10143089836,10143089875,1,"IOTHUB_CLIENT_CONFIRMATION_OK"
9926,10143090036,10143090074,1,"IOTHUB_CLIENT_CONFIRMATION_OK"
9927,10143090236,10143090272,1,"IOTHUB_CLIENT_CONFIRMATION_OK"
9928,10143090436,10143090476,1,"IOTHUB_CLIENT_CONFIRMATION_OK"
9929,10143090636,10143090690,1,"IOTHUB_CLIENT_CONFIRMATION_OK"
9930,10143090837,10143090877,1,"IOTHUB_CLIENT_CONFIRMATION_OK"
9931,10143091037,10143091078,1,"IOTHUB_CLIENT_CONFIRMATION_OK"
9932,10143091237,10143091273,1,"IOTHUB_CLIENT_CONFIRMATION_OK"
9933,10143091437,10143091467,1,"IOTHUB_CLIENT_CONFIRMATION_OK"
9934,10143091637,10143091696,1,"IOTHUB_CLIENT_CONFIRMATION_OK"
9935,10143091838,10143091888,1,"IOTHUB_CLIENT_CONFIRMATION_OK"
9936,10143092038,10143092072,1,"IOTHUB_CLIENT_CONFIRMATION_OK"
9937,10143092238,10143092297,1,"IOTHUB_CLIENT_CONFIRMATION_OK"
9938,10143092438,10143092492,1,"IOTHUB_CLIENT_CONFIRMATION_OK"
9939,10143092638,10143092667,1,"IOTHUB_CLIENT_CONFIRMATION_OK"
9940,10143092838,10143092990,1,"IOTHUB_CLIENT_CONFIRMATION_OK"
9941,10143093038,10143093078,1,"IOTHUB_CLIENT_CONFIRMATION_OK"
9942,10143093239,10143093323,1,"IOTHUB_CLIENT_CONFIRMATION_OK"
9943,10143093439,10143093470,1,"IOTHUB_CLIENT_CONFIRMATION_OK"
9944,10143093639,10143093673,1,"IOTHUB_CLIENT_CONFIRMATION_OK"
9945,10143093839,10143093933,1,"IOTHUB_CLIENT_CONFIRMATION_OK"
9946,10143094039,10143094075,1,"IOTHUB_CLIENT_CONFIRMATION_OK"
9947,10143094239,10143094274,1,"IOTHUB_CLIENT_CONFIRMATION_OK"
9948,10143094440,10143094550,1,"IOTHUB_CLIENT_CONFIRMATION_OK"
9949,10143094640,10143094679,1,"IOTHUB_CLIENT_CONFIRMATION_OK"
9950,10143094840,10143094918,1,"IOTHUB_CLIENT_CONFIRMATION_OK"
9951,10143095040,10143095082,1,"IOTHUB_CLIENT_CONFIRMATION_OK"
9952,10143095240,10143095278,1,"IOTHUB_CLIENT_CONFIRMATION_OK"
9953,10143095440,10143095483,1,"IOTHUB_CLIENT_CONFIRMATION_OK"
9954,10143095641,10143095676,1,"IOTHUB_CLIENT_CONFIRMATION_OK"
9955,10143095841,10143095881,1,"IOTHUB_CLIENT_CONFIRMATION_OK"
9956,10143096041,10143096161,1,"IOTHUB_CLIENT_CONFIRMATION_OK"
9957,10143096241,10143096283,1,"IOTHUB_CLIENT_CONFIRMATION_OK"
9958,10143096441,10143096474,1,"IOTHUB_CLIENT_CONFIRMATION_OK"
9959,10143096642,10143096813,1,"IOTHUB_CLIENT_CONFIRMATION_OK"
9960,10143096842,10143096878,1,"IOTHUB_CLIENT_CONFIRMATION_OK"
9961,10143097042,10143097085,1,"IOTHUB_CLIENT_CONFIRMATION_OK"
9962,10143097242,10143097275,1,"IOTHUB_CLIENT_CONFIRMATION_OK"
9963,10143097442,10143097484,1,"IOTHUB_CLIENT_CONFIRMATION_OK"
9964,10143097642,10143097685,1,"IOTHUB_CLIENT_CONFIRMATION_OK"
9965,10143097843,10143097883,1,"IOTHUB_CLIENT_CONFIRMATION_OK"
9966,10143098043,10143098088,1,"IOTHUB_CLIENT_CONFIRMATION_OK"
9967,10143098243,10143098386,1,"IOTHUB_CLIENT_CONFIRMATION_OK"
9968,10143098443,10143098496,1,"IOTHUB_CLIENT_CONFIRMATION_OK"
9969,10143098643,10143098737,1,"IOTHUB_CLIENT_CONFIRMATION_OK"
9970,10143098843,10143099009,1,"IOTHUB_CLIENT_CONFIRMATION_OK"
9971,10143099044,10143099096,1,"IOTHUB_CLIENT_CONFIRMATION_OK"
9972,10143099244,10143099286,1,"IOTHUB_CLIENT_CONFIRMATION_OK"
9973,10143099444,10143099568,1,"IOTHUB_CLIENT_CONFIRMATION_OK"
9974,10143099644,10143099688,1,"IOTHUB_CLIENT_CONFIRMATION_OK"
9975,10143099844,10143099883,1,"IOTHUB_CLIENT_CONFIRMATION_OK"
9976,10143100044,10143100085,1,"IOTHUB_CLIENT_CONFIRMATION_OK"
9977,10143100244,10143100310,1,"IOTHUB_CLIENT_CONFIRMATION_OK"
9978,10143100445,10143100505,1,"IOTHUB_CLIENT_CONFIRMATION_OK"
9979,10143100645,10143100708,1,"IOTHUB_CLIENT_CONFIRMATION_OK"
9980,10143100845,10143100878,1,"IOTHUB_CLIENT_CONFIRMATION_OK"
9981,10143101045,10143101110,1,"IOTHUB_CLIENT_CONFIRMATION_OK"
9982,10143101245,10143101281,1,"IOTHUB_CLIENT_CONFIRMATION_OK"
9983,10143101446,10143101477,1,"IOTHUB_CLIENT_CONFIRMATION_OK"
9984,10143101646,10143101694,1,"IOTHUB_CLIENT_CONFIRMATION_OK"
9985,10143101846,10143101887,1,"IOTHUB_CLIENT_CONFIRMATION_OK"
9986,10143102046,10143102081,1,"IOTHUB_CLIENT_CONFIRMATION_OK"
9987,10143102246,10143102304,1,"IOTHUB_CLIENT_CONFIRMATION_OK"
9988,10143102446,10143102485,1,"IOTHUB_CLIENT_CONFIRMATION_OK"
9989,10143102646,10143102680,1,"IOTHUB_CLIENT_CONFIRMATION_OK"
9990,10143102847,10143102884,1,"IOTHUB_CLIENT_CONFIRMATION_OK"
9991,10143103047,10143103087,1,"IOTHUB_CLIENT_CONFIRMATION_OK"
9992,10143103247,10143103323,1,"IOTHUB_CLIENT_CONFIRMATION_OK"
9993,10143103447,10143103488,1,"IOTHUB_CLIENT_CONFIRMATION_OK"
9994,10143103647,10143103688,1,"IOTHUB_CLIENT_CONFIRMATION_OK"
9995,10143103847,10143103990,1,"IOTHUB_CLIENT_CONFIRMATION_OK"
9996,10143104047,10143104097,1,"IOTHUB_CLIENT_CONFIRMATION_OK"
9997,10143104248,10143104283,1,"IOTHUB_CLIENT_CONFIRMATION_OK"
9998,10143104448,10143104564,1,"IOTHUB_CLIENT_CONFIRMATION_OK"
9999,10143104648,10143104695,1,"IOTHUB_CLIENT_CONFIRMATION_OK"
10000,10143104848,10143104895,1,"IOTHUB_CLIENT_CONFIRMATION_OK"
10001,10143105048,10143105083,1,"IOTHUB_CLIENT_CONFIRMATION_OK"
10002,10143105248,10143105286,1,"IOTHUB_CLIENT_CONFIRMATION_OK"
10003,10143105449,10143105547,1,"IOTHUB_CLIENT_CONFIRMATION_OK"
10004,10143105649,10143105712,1,"IOTHUB_CLIENT_CONFIRMATION_OK"
10005,10143105849,10143105902,1,"IOTHUB_CLIENT_CONFIRMATION_OK"
10006,10143106049,10143106165,1,"IOTHUB_CLIENT_CONFIRMATION_OK"
10007,10143106249,10143106286,1,"IOTHUB_CLIENT_CONFIRMATION_OK"
10008,10143106449,10143106492,1,"IOTHUB_CLIENT_CONFIRMATION_OK"
10009,10143106649,10143106776,1,"IOTHUB_CLIENT_CONFIRMATION_OK"
10010,10143106850,10143106905,1,"IOTHUB_CLIENT_CONFIRMATION_OK"
10011,10143107050,10143107098,1,"IOTHUB_CLIENT_CONFIRMATION_OK"
10012,10143107250,10143107288,1,"IOTHUB_CLIENT_CONFIRMATION_OK"
10013,10143107450,10143107493,1,"IOTHUB_CLIENT_CONFIRMATION_OK"
10014,10143107650,10143107698,1,"IOTHUB_CLIENT_CONFIRMATION_OK"
10015,10143107850,10143107916,1,"IOTHUB_CLIENT_CONFIRMATION_OK"
10016,10143108051,10143108087,1,"IOTHUB_CLIENT_CONFIRMATION_OK"
10017,10143108251,10143108387,1,"IOTHUB_CLIENT_CONFIRMATION_OK"
10018,10143108451,10143108494,1,"IOTHUB_CLIENT_CONFIRMATION_OK"
10019,10143108651,10143108691,1,"IOTHUB_CLIENT_CONFIRMATION_OK"
10020,10143108852,10143109023,1,"IOTHUB_CLIENT_CONFIRMATION_OK"
10021,10143109052,10143109089,1,"IOTHUB_CLIENT_CONFIRMATION_OK"
10022,10143109252,10143109292,1,"IOTHUB_CLIENT_CONFIRMATION_OK"
10023,10143109452,10143109502,1,"IOTHUB_CLIENT_CONFIRMATION_OK"
10024,10143109652,10143109697,1,"IOTHUB_CLIENT_CONFIRMATION_OK"
10025,10143109852,10143109889,1,"IOTHUB_CLIENT_CONFIRMATION_OK"
10026,10143110053,10143110088,1,"IOTHUB_CLIENT_CONFIRMATION_OK"
10027,10143110253,10143110292,1,"IOTHUB_CLIENT_CONFIRMATION_OK"
10028,10143110453,10143110639,1,"IOTHUB_CLIENT_CONFIRMATION_OK"
10029,10143110653,10143110688,1,"IOTHUB_CLIENT_CONFIRMATION_OK"
10030,10143110853,10143110891,1,"IOTHUB_CLIENT_CONFIRMATION_OK"
10031,10143111053,10143111303,1,"IOTHUB_CLIENT_CONFIRMATION_OK"
10032,10143111253,10143111348,1,"IOTHUB_CLIENT_CONFIRMATION_OK"
10033,10143111454,10143111538,1,"IOTHUB_CLIENT_CONFIRMATION_OK"
10034,10143111654,10143111720,1,"IOTHUB_CLIENT_CONFIRMATION_OK"
10035,10143111854,10143111894,1,"IOTHUB_CLIENT_CONFIRMATION_OK"
10036,10143112054,10143112093,1,"IOTHUB_CLIENT_CONFIRMATION_OK"
10037,10143112254,10143112334,1,"IOTHUB_CLIENT_CONFIRMATION_OK"
10038,10143112454,10143112508,1,"IOTHUB_CLIENT_CONFIRMATION_OK"
10039,10143112655,10143112711,1,"IOTHUB_CLIENT_CONFIRMATION_OK"
10040,10143112855,10143112892,1,"IOTHUB_CLIENT_CONFIRMATION_OK"
10041,10143113055,10143113099,1,"IOTHUB_CLIENT_CONFIRMATION_OK"
10042,10143113255,10143113350,1,"IOTHUB_CLIENT_CONFIRMATION_OK"
10043,10143113455,10143113489,1,"IOTHUB_CLIENT_CONFIRMATION_OK"
10044,10143113655,10143113686,1,"IOTHUB_CLIENT_CONFIRMATION_OK"
10045,10143113855,10143113951,1,"IOTHUB_CLIENT_CONFIRMATION_OK"
10046,10143114056,10143114145,1,"IOTHUB_CLIENT_CONFIRMATION_OK"
10047,10143114256,10143114298,1,"IOTHUB_CLIENT_CONFIRMATION_OK"
10048,10143114456,10143114690,1,"IOTHUB_CLIENT_CONFIRMATION_OK"
10049,10143114656,10143114707,1,"IOTHUB_CLIENT_CONFIRMATION_OK"
10050,10143114856,10143114893,1,"IOTHUB_CLIENT_CONFIRMATION_OK"
10051,10143115056,10143115097,1,"IOTHUB_CLIENT_CONFIRMATION_OK"
10052,10143115257,10143115292,1,"IOTHUB_CLIENT_CONFIRMATION_OK"
10053,10143115457,10143115493,1,"IOTHUB_CLIENT_CONFIRMATION_OK"
10054,10143115657,10143115692,1,"IOTHUB_CLIENT_CONFIRMATION_OK"
10055,10143115857,10143115896,1,"IOTHUB_CLIENT_CONFIRMATION_OK"
10056,10143116057,10143116101,1,"IOTHUB_CLIENT_CONFIRMATION_OK"
10057,10143116257,10143116302,1,"IOTHUB_CLIENT_CONFIRMATION_OK"
10058,10143116457,10143116519,1,"IOTHUB_CLIENT_CONFIRMATION_OK"
10059,10143116658,10143116730,1,"IOTHUB_CLIENT_CONFIRMATION_OK"
10060,10143116858,10143116908,1,"IOTHUB_CLIENT_CONFIRMATION_OK"
10061,10143117058,10143117122,1,"IOTHUB_CLIENT_CONFIRMATION_OK"
10062,10143117258,10143117344,1,"IOTHUB_CLIENT_CONFIRMATION_OK"
10063,10143117458,10143117497,1,"IOTHUB_CLIENT_CONFIRMATION_OK"
10064,10143117658,10143117705,1,"IOTHUB_CLIENT_CONFIRMATION_OK"
10065,10143117858,10143117899,1,"IOTHUB_CLIENT_CONFIRMATION_OK"
10066,10143118059,10143118101,1,"IOTHUB_CLIENT_CONFIRMATION_OK"
10067,10143118259,10143118352,1,"IOTHUB_CLIENT_CONFIRMATION_OK"
10068,10143118459,10143118489,1,"IOTHUB_CLIENT_CONFIRMATION_OK"
10069,10143118659,10143118697,1,"IOTHUB_CLIENT_CONFIRMATION_OK"
10070,10143118859,10143118964,1,"IOTHUB_CLIENT_CONFIRMATION_OK"
10071,10143119059,10143119106,1,"IOTHUB_CLIENT_CONFIRMATION_OK"
10072,10143119260,10143119305,1,"IOTHUB_CLIENT_CONFIRMATION_OK"
10073,10143119460,10143119573,1,"IOTHUB_CLIENT_CONFIRMATION_OK"
10074,10143119660,10143119698,1,"IOTHUB_CLIENT_CONFIRMATION_OK"
10075,10143119860,10143119893,1,"IOTHUB_CLIENT_CONFIRMATION_OK"
10076,10143120060,10143120101,1,"IOTHUB_CLIENT_CONFIRMATION_OK"
10077,10143120260,10143120293,1,"IOTHUB_CLIENT_CONFIRMATION_OK"
10078,10143120460,10143120589,1,"IOTHUB_CLIENT_CONFIRMATION_OK"
10079,10143120661,10143120701,1,"IOTHUB_CLIENT_CONFIRMATION_OK"
10080,10143120861,10143120911,1,"IOTHUB_CLIENT_CONFIRMATION_OK"
10081,10143121061,10143121212,1,"IOTHUB_CLIENT_CONFIRMATION_OK"
10082,10143121261,10143121295,1,"IOTHUB_CLIENT_CONFIRMATION_OK"
10083,10143121461,10143121568,1,"IOTHUB_CLIENT_CONFIRMATION_OK"
10084,10143121661,10143121826,1,"IOTHUB_CLIENT_CONFIRMATION_OK"
10085,10143121862,10143121899,1,"IOTHUB_CLIENT_CONFIRMATION_OK"
10086,10143122062,10143122107,1,"IOTHUB_CLIENT_CONFIRMATION_OK"
10087,10143122262,10143122310,1,"IOTHUB_CLIENT_CONFIRMATION_OK"
10088,10143122462,10143122504,1,"IOTHUB_CLIENT_CONFIRMATION_OK"
10089,10143122662,10143122708,1,"IOTHUB_CLIENT_CONFIRMATION_OK"
10090,10143122862,10143122904,1,"IOTHUB_CLIENT_CONFIRMATION_OK"
10091,10143123063,10143123100,1,"IOTHUB_CLIENT_CONFIRMATION_OK"
10092,10143123263,10143123447,1,"IOTHUB_CLIENT_CONFIRMATION_OK"
10093,10143123463,10143123500,1,"IOTHUB_CLIENT_CONFIRMATION_OK"
10094,10143123663,10143123699,1,"IOTHUB_CLIENT_CONFIRMATION_OK"
10095,10143123863,10143123905,1,"IOTHUB_CLIENT_CONFIRMATION_OK"
10096,10143124063,10143124101,1,"IOTHUB_CLIENT_CONFIRMATION_OK"
10097,10143124263,10143124301,1,"IOTHUB_CLIENT_CONFIRMATION_OK"
10098,10143124464,10143124500,1,"IOTHUB_CLIENT_CONFIRMATION_OK"
10099,10143124664,10143124693,1,"IOTHUB_CLIENT_CONFIRMATION_OK"
10100,10143124864,10143124904,1,"IOTHUB_CLIENT_CONFIRMATION_OK"
10101,10143125064,10143125114,1,"IOTHUB_CLIENT_CONFIRMATION_OK"
10102,10143125264,10143125300,1,"IOTHUB_CLIENT_CONFIRMATION_OK"
10103,10143125465,10143125688,1,"IOTHUB_CLIENT_CONFIRMATION_OK"
10104,10143125665,10143125707,1,"IOTHUB_CLIENT_CONFIRMATION_OK"
10105,10143125865,10143125936,1,"IOTHUB_CLIENT_CONFIRMATION_OK"
10106,10143126065,10143126159,1,"IOTHUB_CLIENT_CONFIRMATION_OK"
10107,10143126265,10143126299,1,"IOTHUB_CLIENT_CONFIRMATION_OK"
10108,10143126465,10143126503,1,"IOTHUB_CLIENT_CONFIRMATION_OK"
10109,10143126666,10143126755,1,"IOTHUB_CLIENT_CONFIRMATION_OK"
10110,10143126866,10143126914,1,"IOTHUB_CLIENT_CONFIRMATION_OK"
10111,10143127066,10143127106,1,"IOTHUB_CLIENT_CONFIRMATION_OK"
10112,10143127266,10143127302,1,"IOTHUB_CLIENT_CONFIRMATION_OK"
10113,10143127466,10143127507,1,"IOTHUB_CLIENT_CONFIRMATION_OK"
10114,10143127666,10143127703,1,"IOTHUB_CLIENT_CONFIRMATION_OK"
10115,10143127867,10143127910,1,"IOTHUB_CLIENT_CONFIRMATION_OK"
10116,10143128067,10143128104,1,"IOTHUB_CLIENT_CONFIRMATION_OK"
10117,10143128267,10143128405,1,"IOTHUB_CLIENT_CONFIRMATION_OK"
10118,10143128467,10143128501,1,"IOTHUB_CLIENT_CONFIRMATION_OK"
10119,10143128667,10143128697,1,"IOTHUB_CLIENT_CONFIRMATION_OK"
10120,10143128867,10143129012,1,"IOTHUB_CLIENT_CONFIRMATION_OK"
10121,10143129067,10143129114,1,"IOTHUB_CLIENT_CONFIRMATION_OK"
10122,10143129268,10143129307,1,"IOTHUB_CLIENT_CONFIRMATION_OK"
10123,10143129468,10143129505,1,"IOTHUB_CLIENT_CONFIRMATION_OK"
10124,10143129668,10143129712,1,"IOTHUB_CLIENT_CONFIRMATION_OK"
10125,10143129868,10143129902,1,"IOTHUB_CLIENT_CONFIRMATION_OK"
10126,10143130068,10143130119,1,"IOTHUB_CLIENT_CONFIRMATION_OK"
10127,10143130268,10143130305,1,"IOTHUB_CLIENT_CONFIRMATION_OK"
10128,10143130469,10143130511,1,"IOTHUB_CLIENT_CONFIRMATION_OK"
10129,10143130669,10143130712,1,"IOTHUB_CLIENT_CONFIRMATION_OK"
10130,10143130869,10143130907,1,"IOTHUB_CLIENT_CONFIRMATION_OK"
10131,10143131069,10143131141,1,"IOTHUB_CLIENT_CONFIRMATION_OK"
10132,10143131269,10143131297,1,"IOTHUB_CLIENT_CONFIRMATION_OK"
10133,10143131469,10143131515,1,"IOTHUB_CLIENT_CONFIRMATION_OK"
10134,10143131669,10143131756,1,"IOTHUB_CLIENT_CONFIRMATION_OK"
10135,10143131870,10143131912,1,"IOTHUB_CLIENT_CONFIRMATION_OK"
10136,10143132070,10143132098,1,"IOTHUB_CLIENT_CONFIRMATION_OK"
10137,10143132270,10143132319,1,"IOTHUB_CLIENT_CONFIRMATION_OK"
10138,10143132470,10143132543,1,"IOTHUB_CLIENT_CONFIRMATION_OK"
10139,10143132670,10143132754,1,"IOTHUB_CLIENT_CONFIRMATION_OK"
10140,10143132870,10143132906,1,"IOTHUB_CLIENT_CONFIRMATION_OK"
10141,10143133071,10143133100,1,"IOTHUB_CLIENT_CONFIRMATION_OK"
10142,10143133271,10143133373,1,"IOTHUB_CLIENT_CONFIRMATION_OK"
10143,10143133471,10143133559,1,"IOTHUB_CLIENT_CONFIRMATION_OK"
10144,10143133671,10143133713,1,"IOTHUB_CLIENT_CONFIRMATION_OK"
10145,10143133871,10143133994,1,"IOTHUB_CLIENT_CONFIRMATION_OK"
10146,10143134071,10143134114,1,"IOTHUB_CLIENT_CONFIRMATION_OK"
10147,10143134272,10143134310,1,"IOTHUB_CLIENT_CONFIRMATION_OK"
10148,10143134472,10143134513,1,"IOTHUB_CLIENT_CONFIRMATION_OK"
10149,10143134672,10143134799,1,"IOTHUB_CLIENT_CONFIRMATION_OK"
10150,10143134872,10143134923,1,"IOTHUB_CLIENT_CONFIRMATION_OK"
10151,10143135072,10143135119,1,"IOTHUB_CLIENT_CONFIRMATION_OK"
10152,10143135272,10143135310,1,"IOTHUB_CLIENT_CONFIRMATION_OK"
10153,10143135472,10143135615,1,"IOTHUB_CLIENT_CONFIRMATION_OK"
10154,10143135673,10143135717,1,"IOTHUB_CLIENT_CONFIRMATION_OK"
10155,10143135873,10143135934,1,"IOTHUB_CLIENT_CONFIRMATION_OK"
10156,10143136073,10143136236,1,"IOTHUB_CLIENT_CONFIRMATION_OK"
10157,10143136273,10143136310,1,"IOTHUB_CLIENT_CONFIRMATION_OK"
10158,10143136473,10143136503,1,"IOTHUB_CLIENT_CONFIRMATION_OK"
10159,10143136673,10143136721,1,"IOTHUB_CLIENT_CONFIRMATION_OK"
10160,10143136873,10143136914,1,"IOTHUB_CLIENT_CONFIRMATION_OK"
10161,10143137074,10143137119,1,"IOTHUB_CLIENT_CONFIRMATION_OK"
10162,10143137274,10143137318,1,"IOTHUB_CLIENT_CONFIRMATION_OK"
10163,10143137474,10143137512,1,"IOTHUB_CLIENT_CONFIRMATION_OK"
10164,10143137674,10143137873,1,"IOTHUB_CLIENT_CONFIRMATION_OK"
10165,10143137874,10143137915,1,"IOTHUB_CLIENT_CONFIRMATION_OK"
10166,10143138075,10143138125,1,"IOTHUB_CLIENT_CONFIRMATION_OK"
10167,10143138275,10143138451,1,"IOTHUB_CLIENT_CONFIRMATION_OK"
10168,10143138475,10143138511,1,"IOTHUB_CLIENT_CONFIRMATION_OK"
10169,10143138675,10143138712,1,"IOTHUB_CLIENT_CONFIRMATION_OK"
10170,10143138875,10143138910,1,"IOTHUB_CLIENT_CONFIRMATION_OK"
10171,10143139075,10143139119,1,"IOTHUB_CLIENT_CONFIRMATION_OK"
10172,10143139275,10143139343,1,"IOTHUB_CLIENT_CONFIRMATION_OK"
10173,10143139476,10143139519,1,"IOTHUB_CLIENT_CONFIRMATION_OK"
10174,10143139676,10143139719,1,"IOTHUB_CLIENT_CONFIRMATION_OK"
10175,10143139876,10143139913,1,"IOTHUB_CLIENT_CONFIRMATION_OK"
10176,10143140076,10143140163,1,"IOTHUB_CLIENT_CONFIRMATION_OK"
10177,10143140276,10143140322,1,"IOTHUB_CLIENT_CONFIRMATION_OK"
10178,10143140476,10143140564,1,"IOTHUB_CLIENT_CONFIRMATION_OK"
10179,10143140677,10143140736,1,"IOTHUB_CLIENT_CONFIRMATION_OK"
10180,10143140877,10143140937,1,"IOTHUB_CLIENT_CONFIRMATION_OK"
10181,10143141077,10143141203,1,"IOTHUB_CLIENT_CONFIRMATION_OK"
10182,10143141277,10143141320,1,"IOTHUB_CLIENT_CONFIRMATION_OK"
10183,10143141477,10143141511,1,"IOTHUB_CLIENT_CONFIRMATION_OK"
10184,10143141677,10143141722,1,"IOTHUB_CLIENT_CONFIRMATION_OK"
10185,10143141877,10143141911,1,"IOTHUB_CLIENT_CONFIRMATION_OK"
10186,10143142078,10143142114,1,"IOTHUB_CLIENT_CONFIRMATION_OK"
10187,10143142278,10143142315,1,"IOTHUB_CLIENT_CONFIRMATION_OK"
10188,10143142478,10143142528,1,"IOTHUB_CLIENT_CONFIRMATION_OK"
10189,10143142678,10143142823,1,"IOTHUB_CLIENT_CONFIRMATION_OK"
10190,10143142878,10143142913,1,"IOTHUB_CLIENT_CONFIRMATION_OK"
10191,10143143078,10143143113,1,"IOTHUB_CLIENT_CONFIRMATION_OK"
10192,10143143279,10143143438,1,"IOTHUB_CLIENT_CONFIRMATION_OK"
10193,10143143479,10143143511,1,"IOTHUB_CLIENT_CONFIRMATION_OK"
10194,10143143679,10143143723,1,"IOTHUB_CLIENT_CONFIRMATION_OK"
10195,10143143879,10143143915,1,"IOTHUB_CLIENT_CONFIRMATION_OK"
10196,10143144079,10143144110,1,"IOTHUB_CLIENT_CONFIRMATION_OK"
10197,10143144279,10143144322,1,"IOTHUB_CLIENT_CONFIRMATION_OK"
10198,10143144480,10143144521,1,"IOTHUB_CLIENT_CONFIRMATION_OK"
10199,10143144680,10143144730,1,"IOTHUB_CLIENT_CONFIRMATION_OK"
10200,10143144880,10143145054,1,"IOTHUB_CLIENT_CONFIRMATION_OK"
10201,10143145080,10143145123,1,"IOTHUB_CLIENT_CONFIRMATION_OK"
10202,10143145280,10143145337,1,"IOTHUB_CLIENT_CONFIRMATION_OK"
10203,10143145480,10143145708,1,"IOTHUB_CLIENT_CONFIRMATION_OK"
10204,10143145680,10143145727,1,"IOTHUB_CLIENT_CONFIRMATION_OK"
10205,10143145881,10143145918,1,"IOTHUB_CLIENT_CONFIRMATION_OK"
10206,10143146081,10143146124,1,"IOTHUB_CLIENT_CONFIRMATION_OK"
10207,10143146281,10143146327,1,"IOTHUB_CLIENT_CONFIRMATION_OK"
10208,10143146481,10143146523,1,"IOTHUB_CLIENT_CONFIRMATION_OK"
10209,10143146681,10143146738,1,"IOTHUB_CLIENT_CONFIRMATION_OK"
10210,10143146881,10143146914,1,"IOTHUB_CLIENT_CONFIRMATION_OK"
10211,10143147082,10143147109,1,"IOTHUB_CLIENT_CONFIRMATION_OK"
10212,10143147282,10143147337,1,"IOTHUB_CLIENT_CONFIRMATION_OK"
10213,10143147482,10143147531,1,"IOTHUB_CLIENT_CONFIRMATION_OK"
10214,10143147682,10143147755,1,"IOTHUB_CLIENT_CONFIRMATION_OK"
10215,10143147882,10143147913,1,"IOTHUB_CLIENT_CONFIRMATION_OK"
10216,10143148082,10143148120,1,"IOTHUB_CLIENT_CONFIRMATION_OK"
10217,10143148282,10143148359,1,"IOTHUB_CLIENT_CONFIRMATION_OK"
10218,10143148483,10143148521,1,"IOTHUB_CLIENT_CONFIRMATION_OK"
10219,10143148683,10143148730,1,"IOTHUB_CLIENT_CONFIRMATION_OK"
10220,10143148883,10143148988,1,"IOTHUB_CLIENT_CONFIRMATION_OK"
10221,10143149083,10143149125,1,"IOTHUB_CLIENT_CONFIRMATION_OK"
10222,10143149283,10143149319,1,"IOTHUB_CLIENT_CONFIRMATION_OK"
10223,10143149483,10143149514,1,"IOTHUB_CLIENT_CONFIRMATION_OK"
10224,10143149684,10143149721,1,"IOTHUB_CLIENT_CONFIRMATION_OK"
10225,10143149884,10143150029,1,"IOTHUB_CLIENT_CONFIRMATION_OK"
10226,10143150084,10143150129,1,"IOTHUB_CLIENT_CONFIRMATION_OK"
10227,10143150284,10143150326,1,"IOTHUB_CLIENT_CONFIRMATION_OK"
10228,10143150484,10143150628,1,"IOTHUB_CLIENT_CONFIRMATION_OK"
10229,10143150684,10143150733,1,"IOTHUB_CLIENT_CONFIRMATION_OK"
10230,10143150885,10143150934,1,"IOTHUB_CLIENT_CONFIRMATION_OK"
10231,10143151085,10143151251,1,"IOTHUB_CLIENT_CONFIRMATION_OK"
10232,10143151285,10143151323,1,"IOTHUB_CLIENT_CONFIRMATION_OK"
10233,10143151485,10143151561,1,"IOTHUB_CLIENT_CONFIRMATION_OK"
10234,10143151685,10143151729,1,"IOTHUB_CLIENT_CONFIRMATION_OK"
10235,10143151885,10143151936,1,"IOTHUB_CLIENT_CONFIRMATION_OK"
10236,10143152085,10143152121,1,"IOTHUB_CLIENT_CONFIRMATION_OK"
10237,10143152286,10143152458,1,"IOTHUB_CLIENT_CONFIRMATION_OK"
10238,10143152486,10143152532,1,"IOTHUB_CLIENT_CONFIRMATION_OK"
10239,10143152686,10143152888,1,"IOTHUB_CLIENT_CONFIRMATION_OK"
10240,10143152886,10143152931,1,"IOTHUB_CLIENT_CONFIRMATION_OK"
10241,10143153086,10143153122,1,"IOTHUB_CLIENT_CONFIRMATION_OK"
10242,10143153286,10143153318,1,"IOTHUB_CLIENT_CONFIRMATION_OK"
10243,10143153487,10143153531,1,"IOTHUB_CLIENT_CONFIRMATION_OK"
10244,10143153687,10143153733,1,"IOTHUB_CLIENT_CONFIRMATION_OK"
10245,10143153887,10143153932,1,"IOTHUB_CLIENT_CONFIRMATION_OK"
10246,10143154087,10143154138,1,"IOTHUB_CLIENT_CONFIRMATION_OK"
10247,10143154287,10143154322,1,"IOTHUB_CLIENT_CONFIRMATION_OK"
10248,10143154487,10143154525,1,"IOTHUB_CLIENT_CONFIRMATION_OK"
10249,10143154687,10143154720,1,"IOTHUB_CLIENT_CONFIRMATION_OK"
10250,10143154887,10143155100,1,"IOTHUB_CLIENT_CONFIRMATION_OK"
10251,10143155088,10143155131,1,"IOTHUB_CLIENT_CONFIRMATION_OK"
10252,10143155288,10143155324,1,"IOTHUB_CLIENT_CONFIRMATION_OK"
10253,10143155488,10143155529,1,"IOTHUB_CLIENT_CONFIRMATION_OK"
10254,10143155688,10143155772,1,"IOTHUB_CLIENT_CONFIRMATION_OK"
10255,10143155888,10143155929,1,"IOTHUB_CLIENT_CONFIRMATION_OK"
10256,10143156088,10143156130,1,"IOTHUB_CLIENT_CONFIRMATION_OK"
10257,10143156288,10143156321,1,"IOTHUB_CLIENT_CONFIRMATION_OK"
10258,10143156489,10143156544,1,"IOTHUB_CLIENT_CONFIRMATION_OK"
10259,10143156689,10143156742,1,"IOTHUB_CLIENT_CONFIRMATION_OK"
10260,10143156889,10143156931,1,"IOTHUB_CLIENT_CONFIRMATION_OK"
10261,10143157089,10143157122,1,"IOTHUB_CLIENT_CONFIRMATION_OK"
10262,10143157289,10143157331,1,"IOTHUB_CLIENT_CONFIRMATION_OK"
10263,10143157489,10143157551,1,"IOTHUB_CLIENT_CONFIRMATION_OK"
10264,10143157690,10143157755,1,"IOTHUB_CLIENT_CONFIRMATION_OK"
10265,10143157890,10143157926,1,"IOTHUB_CLIENT_CONFIRMATION_OK"
10266,10143158090,10143158143,1,"IOTHUB_CLIENT_CONFIRMATION_OK"
10267,10143158290,10143158362,1,"IOTHUB_CLIENT_CONFIRMATION_OK"
10268,10143158490,10143158524,1,"IOTHUB_CLIENT_CONFIRMATION_OK"
10269,10143158690,10143158728,1,"IOTHUB_CLIENT_CONFIRMATION_OK"
10270,10143158890,10143158984,1,"IOTHUB_CLIENT_CONFIRMATION_OK"
10271,10143159091,10143159147,1,"IOTHUB_CLIENT_CONFIRMATION_OK"
10272,10143159291,10143159326,1,"IOTHUB_CLIENT_CONFIRMATION_OK"
10273,10143159491,10143159586,1,"IOTHUB_CLIENT_CONFIRMATION_OK"
10274,10143159691,10143159720,1,"IOTHUB_CLIENT_CONFIRMATION_OK"
10275,10143159891,10143160006,1,"IOTHUB_CLIENT_CONFIRMATION_OK"
10276,10143160091,10143160127,1,"IOTHUB_CLIENT_CONFIRMATION_OK"
10277,10143160292,10143160332,1,"IOTHUB_CLIENT_CONFIRMATION_OK"
10278,10143160492,10143160608,1,"IOTHUB_CLIENT_CONFIRMATION_OK"
10279,10143160692,10143160728,1,"IOTHUB_CLIENT_CONFIRMATION_OK"
10280,10143160892,10143160925,1,"IOTHUB_CLIENT_CONFIRMATION_OK"
10281,10143161092,10143161212,1,"IOTHUB_CLIENT_CONFIRMATION_OK"
10282,10143161293,10143161330,1,"IOTHUB_CLIENT_CONFIRMATION_OK"
10283,10143161493,10143161530,1,"IOTHUB_CLIENT_CONFIRMATION_OK"
10284,10143161693,10143161728,1,"IOTHUB_CLIENT_CONFIRMATION_OK"
10285,10143161893,10143161925,1,"IOTHUB_CLIENT_CONFIRMATION_OK"
10286,10143162093,10143162128,1,"IOTHUB_CLIENT_CONFIRMATION_OK"
10287,10143162293,10143162336,1,"IOTHUB_CLIENT_CONFIRMATION_OK"
10288,10143162494,10143162558,1,"IOTHUB_CLIENT_CONFIRMATION_OK"
10289,10143162694,10143162846,1,"IOTHUB_CLIENT_CONFIRMATION_OK"
10290,10143162894,10143162947,1,"IOTHUB_CLIENT_CONFIRMATION_OK"
10291,10143163094,10143163128,1,"IOTHUB_CLIENT_CONFIRMATION_OK"
10292,10143163294,10143163442,1,"IOTHUB_CLIENT_CONFIRMATION_OK"
10293,10143163494,10143163530,1,"IOTHUB_CLIENT_CONFIRMATION_OK"
10294,10143163694,10143163739,1,"IOTHUB_CLIENT_CONFIRMATION_OK"
10295,10143163895,10143163950,1,"IOTHUB_CLIENT_CONFIRMATION_OK"
10296,10143164095,10143164127,1,"IOTHUB_CLIENT_CONFIRMATION_OK"
10297,10143164295,10143164330,1,"IOTHUB_CLIENT_CONFIRMATION_OK"
10298,10143164495,10143164536,1,"IOTHUB_CLIENT_CONFIRMATION_OK"
10299,10143164695,10143164735,1,"IOTHUB_CLIENT_CONFIRMATION_OK"
10300,10143164895,10143165054,1,"IOTHUB_CLIENT_CONFIRMATION_OK"
10301,10143165096,10143165135,1,"IOTHUB_CLIENT_CONFIRMATION_OK"
10302,10143165296,10143165333,1,"IOTHUB_CLIENT_CONFIRMATION_OK"
10303,10143165496,10143165676,1,"IOTHUB_CLIENT_CONFIRMATION_OK"
10304,10143165696,10143165740,1,"IOTHUB_CLIENT_CONFIRMATION_OK"
10305,10143165896,10143165966,1,"IOTHUB_CLIENT_CONFIRMATION_OK"
10306,10143166096,10143166128,1,"IOTHUB_CLIENT_CONFIRMATION_OK"
10307,10143166297,10143166337,1,"IOTHUB_CLIENT_CONFIRMATION_OK"
10308,10143166497,10143166549,1,"IOTHUB_CLIENT_CONFIRMATION_OK"
10309,10143166697,10143166731,1,"IOTHUB_CLIENT_CONFIRMATION_OK"
10310,10143166897,10143166943,1,"IOTHUB_CLIENT_CONFIRMATION_OK"
10311,10143167097,10143167160,1,"IOTHUB_CLIENT_CONFIRMATION_OK"
10312,10143167297,10143167341,1,"IOTHUB_CLIENT_CONFIRMATION_OK"
10313,10143167497,10143167540,1,"IOTHUB_CLIENT_CONFIRMATION_OK"
10314,10143167698,10143167921,1,"IOTHUB_CLIENT_CONFIRMATION_OK"
10315,10143167898,10143167944,1,"IOTHUB_CLIENT_CONFIRMATION_OK"
10316,10143168098,10143168137,1,"IOTHUB_CLIENT_CONFIRMATION_OK"
10317,10143168298,10143168335,1,"IOTHUB_CLIENT_CONFIRMATION_OK"
10318,10143168498,10143168537,1,"IOTHUB_CLIENT_CONFIRMATION_OK"
10319,10143168698,10143168737,1,"IOTHUB_CLIENT_CONFIRMATION_OK"
10320,10143168898,10143168941,1,"IOTHUB_CLIENT_CONFIRMATION_OK"
10321,10143169099,10143169130,1,"IOTHUB_CLIENT_CONFIRMATION_OK"
10322,10143169299,10143169329,1,"IOTHUB_CLIENT_CONFIRMATION_OK"
10323,10143169499,10143169550,1,"IOTHUB_CLIENT_CONFIRMATION_OK"
10324,10143169699,10143169760,1,"IOTHUB_CLIENT_CONFIRMATION_OK"
10325,10143169899,10143169936,1,"IOTHUB_CLIENT_CONFIRMATION_OK"
10326,10143170099,10143170134,1,"IOTHUB_CLIENT_CONFIRMATION_OK"
10327,10143170300,10143170343,1,"IOTHUB_CLIENT_CONFIRMATION_OK"
10328,10143170500,10143170557,1,"IOTHUB_CLIENT_CONFIRMATION_OK"
10329,10143170700,10143170742,1,"IOTHUB_CLIENT_CONFIRMATION_OK"
10330,10143170900,10143170947,1,"IOTHUB_CLIENT_CONFIRMATION_OK"
10331,10143171100,10143171184,1,"IOTHUB_CLIENT_CONFIRMATION_OK"
10332,10143171300,10143171333,1,"IOTHUB_CLIENT_CONFIRMATION_OK"
10333,10143171501,10143171535,1,"IOTHUB_CLIENT_CONFIRMATION_OK"
10334,10143171701,10143171774,1,"IOTHUB_CLIENT_CONFIRMATION_OK"
10335,10143171901,10143171980,1,"IOTHUB_CLIENT_CONFIRMATION_OK"
10336,10143172101,10143172139,1,"IOTHUB_CLIENT_CONFIRMATION_OK"
10337,10143172301,10143172336,1,"IOTHUB_CLIENT_CONFIRMATION_OK"
10338,10143172501,10143172535,1,"IOTHUB_CLIENT_CONFIRMATION_OK"
10339,10143172701,10143172790,1,"IOTHUB_CLIENT_CONFIRMATION_OK"
10340,10143172902,10143172937,1,"IOTHUB_CLIENT_CONFIRMATION_OK"
10341,10143173102,10143173134,1,"IOTHUB_CLIENT_CONFIRMATION_OK"
10342,10143173302,10143173402,1,"IOTHUB_CLIENT_CONFIRMATION_OK"
10343,10143173502,10143173545,1,"IOTHUB_CLIENT_CONFIRMATION_OK"
10344,10143173702,10143173738,1,"IOTHUB_CLIENT_CONFIRMATION_OK"
10345,10143173902,10143174014,1,"IOTHUB_CLIENT_CONFIRMATION_OK"
10346,10143174103,10143174148,1,"IOTHUB_CLIENT_CONFIRMATION_OK"
10347,10143174303,10143174343,1,"IOTHUB_CLIENT_CONFIRMATION_OK"
10348,10143174503,10143174561,1,"IOTHUB_CLIENT_CONFIRMATION_OK"
10349,10143174703,10143174753,1,"IOTHUB_CLIENT_CONFIRMATION_OK"
10350,10143174903,10143175047,1,"IOTHUB_CLIENT_CONFIRMATION_OK"
10351,10143175103,10143175150,1,"IOTHUB_CLIENT_CONFIRMATION_OK"
10352,10143175303,10143175340,1,"IOTHUB_CLIENT_CONFIRMATION_OK"
10353,10143175504,10143175646,1,"IOTHUB_CLIENT_CONFIRMATION_OK"
10354,10143175704,10143175741,1,"IOTHUB_CLIENT_CONFIRMATION_OK"
10355,10143175904,10143175939,1,"IOTHUB_CLIENT_CONFIRMATION_OK"
10356,10143176104,10143176256,1,"IOTHUB_CLIENT_CONFIRMATION_OK"
10357,10143176304,10143176361,1,"IOTHUB_CLIENT_CONFIRMATION_OK"
10358,10143176504,10143176544,1,"IOTHUB_CLIENT_CONFIRMATION_OK"
10359,10143176704,10143176734,1,"IOTHUB_CLIENT_CONFIRMATION_OK"
10360,10143176905,10143176950,1,"IOTHUB_CLIENT_CONFIRMATION_OK"
10361,10143177105,10143177143,1,"IOTHUB_CLIENT_CONFIRMATION_OK"
10362,10143177305,10143177385,1,"IOTHUB_CLIENT_CONFIRMATION_OK"
10363,10143177505,10143177535,1,"IOTHUB_CLIENT_CONFIRMATION_OK"
10364,10143177705,10143177888,1,"IOTHUB_CLIENT_CONFIRMATION_OK"
10365,10143177905,10143177944,1,"IOTHUB_CLIENT_CONFIRMATION_OK"
10366,10143178106,10143178145,1,"IOTHUB_CLIENT_CONFIRMATION_OK"
10367,10143178306,10143178338,1,"IOTHUB_CLIENT_CONFIRMATION_OK"
10368,10143178506,10143178555,1,"IOTHUB_CLIENT_CONFIRMATION_OK"
10369,10143178706,10143178744,1,"IOTHUB_CLIENT_CONFIRMATION_OK"
10370,10143178906,10143178952,1,"IOTHUB_CLIENT_CONFIRMATION_OK"
10371,10143179106,10143179146,1,"IOTHUB_CLIENT_CONFIRMATION_OK"
10372,10143179307,10143179343,1,"IOTHUB_CLIENT_CONFIRMATION_OK"
10373,10143179507,10143179547,1,"IOTHUB_CLIENT_CONFIRMATION_OK"
10374,10143179707,10143179741,1,"IOTHUB_CLIENT_CONFIRMATION_OK"
10375,10143179907,10143180114,1,"IOTHUB_CLIENT_CONFIRMATION_OK"
10376,10143180107,10143180142,1,"IOTHUB_CLIENT_CONFIRMATION_OK"
10377,10143180307,10143180341,1,"IOTHUB_CLIENT_CONFIRMATION_OK"
10378,10143180507,10143180565,1,"IOTHUB_CLIENT_CONFIRMATION_OK"
10379,10143180708,10143180759,1,"IOTHUB_CLIENT_CONFIRMATION_OK"
10380,10143180908,10143180946,1,"IOTHUB_CLIENT_CONFIRMATION_OK"
10381,10143181108,10143181148,1,"IOTHUB_CLIENT_CONFIRMATION_OK"
10382,10143181308,10143181344,1,"IOTHUB_CLIENT_CONFIRMATION_OK"
10383,10143181508,10143181581,1,"IOTHUB_CLIENT_CONFIRMATION_OK"
10384,10143181708,10143181767,1,"IOTHUB_CLIENT_CONFIRMATION_OK"
10385,10143181908,10143181950,1,"IOTHUB_CLIENT_CONFIRMATION_OK"
10386,10143182109,10143182154,1,"IOTHUB_CLIENT_CONFIRMATION_OK"
10387,10143182309,10143182344,1,"IOTHUB_CLIENT_CONFIRMATION_OK"
10388,10143182509,10143182545,1,"IOTHUB_CLIENT_CONFIRMATION_OK"
10389,10143182709,10143182772,1,"IOTHUB_CLIENT_CONFIRMATION_OK"
10390,10143182909,10143182950,1,"IOTHUB_CLIENT_CONFIRMATION_OK"
10391,10143183109,10143183153,1,"IOTHUB_CLIENT_CONFIRMATION_OK"
10392,10143183310,10143183384,1,"IOTHUB_CLIENT_CONFIRMATION_OK"
10393,10143183510,10143183552,1,"IOTHUB_CLIENT_CONFIRMATION_OK"
10394,10143183710,10143183745,1,"IOTHUB_CLIENT_CONFIRMATION_OK"
10395,10143183910,10143183999,1,"IOTHUB_CLIENT_CONFIRMATION_OK"
10396,10143184110,10143184148,1,"IOTHUB_CLIENT_CONFIRMATION_OK"
10397,10143184310,10143184409,1,"IOTHUB_CLIENT_CONFIRMATION_OK"
10398,10143184510,10143184580,1,"IOTHUB_CLIENT_CONFIRMATION_OK"
10399,10143184711,10143184750,1,"IOTHUB_CLIENT_CONFIRMATION_OK"
10400,10143184911,10143185006,1,"IOTHUB_CLIENT_CONFIRMATION_OK"
10401,10143185111,10143185145,1,"IOTHUB_CLIENT_CONFIRMATION_OK"
10402,10143185311,10143185353,1,"IOTHUB_CLIENT_CONFIRMATION_OK"
10403,10143185511,10143185621,1,"IOTHUB_CLIENT_CONFIRMATION_OK"
10404,10143185711,10143185756,1,"IOTHUB_CLIENT_CONFIRMATION_OK"
10405,10143185912,10143185942,1,"IOTHUB_CLIENT_CONFIRMATION_OK"
10406,10143186112,10143186238,1,"IOTHUB_CLIENT_CONFIRMATION_OK"
10407,10143186312,10143186346,1,"IOTHUB_CLIENT_CONFIRMATION_OK"
10408,10143186512,10143186548,1,"IOTHUB_CLIENT_CONFIRMATION_OK"
10409,10143186712,10143186755,1,"IOTHUB_CLIENT_CONFIRMATION_OK"
10410,10143186912,10143186948,1,"IOTHUB_CLIENT_CONFIRMATION_OK"
10411,10143187112,10143187161,1,"IOTHUB_CLIENT_CONFIRMATION_OK"
10412,10143187313,10143187345,1,"IOTHUB_CLIENT_CONFIRMATION_OK"
10413,10143187513,10143187551,1,"IOTHUB_CLIENT_CONFIRMATION_OK"
10414,10143187713,10143187851,1,"IOTHUB_CLIENT_CONFIRMATION_OK"
10415,10143187913,10143187949,1,"IOTHUB_CLIENT_CONFIRMATION_OK"
10416,10143188113,10143188146,1,"IOTHUB_CLIENT_CONFIRMATION_OK"
10417,10143188313,10143188462,1,"IOTHUB_CLIENT_CONFIRMATION_OK"
10418,10143188514,10143188552,1,"IOTHUB_CLIENT_CONFIRMATION_OK"
10419,10143188714,10143188753,1,"IOTHUB_CLIENT_CONFIRMATION_OK"
10420,10143188914,10143188955,1,"IOTHUB_CLIENT_CONFIRMATION_OK"
10421,10143189114,10143189147,1,"IOTHUB_CLIENT_CONFIRMATION_OK"
10422,10143189314,10143189378,1,"IOTHUB_CLIENT_CONFIRMATION_OK"
10423,10143189514,10143189553,1,"IOTHUB_CLIENT_CONFIRMATION_OK"
10424,10143189714,10143189747,1,"IOTHUB_CLIENT_CONFIRMATION_OK"
10425,10143189915,10143190093,1,"IOTHUB_CLIENT_CONFIRMATION_OK"
10426,10143190115,10143190155,1,"IOTHUB_CLIENT_CONFIRMATION_OK"
10427,10143190315,10143190351,1,"IOTHUB_CLIENT_CONFIRMATION_OK"
10428,10143190515,10143190737,1,"IOTHUB_CLIENT_CONFIRMATION_OK"
10429,10143190715,10143190766,1,"IOTHUB_CLIENT_CONFIRMATION_OK"
10430,10143190915,10143190952,1,"IOTHUB_CLIENT_CONFIRMATION_OK"
10431,10143191116,10143191156,1,"IOTHUB_CLIENT_CONFIRMATION_OK"
10432,10143191316,10143191349,1,"IOTHUB_CLIENT_CONFIRMATION_OK"
10433,10143191516,10143191556,1,"IOTHUB_CLIENT_CONFIRMATION_OK"
10434,10143191716,10143191765,1,"IOTHUB_CLIENT_CONFIRMATION_OK"
10435,10143191916,10143191953,1,"IOTHUB_CLIENT_CONFIRMATION_OK"
10436,10143192116,10143192161,1,"IOTHUB_CLIENT_CONFIRMATION_OK"
10437,10143192316,10143192365,1,"IOTHUB_CLIENT_CONFIRMATION_OK"
10438,10143192517,10143192553,1,"IOTHUB_CLIENT_CONFIRMATION_OK"
10439,10143192717,10143192760,1,"IOTHUB_CLIENT_CONFIRMATION_OK"
10440,10143192917,10143192981,1,"IOTHUB_CLIENT_CONFIRMATION_OK"
10441,10143193117,10143193158,1,"IOTHUB_CLIENT_CONFIRMATION_OK"
10442,10143193317,10143193369,1,"IOTHUB_CLIENT_CONFIRMATION_OK"
10443,10143193517,10143193552,1,"IOTHUB_CLIENT_CONFIRMATION_OK"
10444,10143193718,10143193761,1,"IOTHUB_CLIENT_CONFIRMATION_OK"
10445,10143193918,10143193993,1,"IOTHUB_CLIENT_CONFIRMATION_OK"
10446,10143194118,10143194154,1,"IOTHUB_CLIENT_CONFIRMATION_OK"
10447,10143194318,10143194354,1,"IOTHUB_CLIENT_CONFIRMATION_OK"
10448,10143194518,10143194574,1,"IOTHUB_CLIENT_CONFIRMATION_OK"
10449,10143194718,10143194764,1,"IOTHUB_CLIENT_CONFIRMATION_OK"
10450,10143194918,10143195002,1,"IOTHUB_CLIENT_CONFIRMATION_OK"
10451,10143195119,10143195161,1,"IOTHUB_CLIENT_CONFIRMATION_OK"
10452,10143195319,10143195354,1,"IOTHUB_CLIENT_CONFIRMATION_OK"
10453,10143195519,10143195642,1,"IOTHUB_CLIENT_CONFIRMATION_OK"
10454,10143195719,10143195755,1,"IOTHUB_CLIENT_CONFIRMATION_OK"
10455,10143195919,10143195964,1,"IOTHUB_CLIENT_CONFIRMATION_OK"
10456,10143196120,10143196216,1,"IOTHUB_CLIENT_CONFIRMATION_OK"
10457,10143196320,10143196360,1,"IOTHUB_CLIENT_CONFIRMATION_OK"
10458,10143196520,10143196549,1,"IOTHUB_CLIENT_CONFIRMATION_OK"
10459,10143196720,10143196862,1,"IOTHUB_CLIENT_CONFIRMATION_OK"
10460,10143196920,10143196955,1,"IOTHUB_CLIENT_CONFIRMATION_OK"
10461,10143197120,10143197153,1,"IOTHUB_CLIENT_CONFIRMATION_OK"
10462,10143197321,10143197355,1,"IOTHUB_CLIENT_CONFIRMATION_OK"
10463,10143197521,10143197560,1,"IOTHUB_CLIENT_CONFIRMATION_OK"
10464,10143197721,10143197887,1,"IOTHUB_CLIENT_CONFIRMATION_OK"
10465,10143197921,10143197969,1,"IOTHUB_CLIENT_CONFIRMATION_OK"
10466,10143198121,10143198163,1,"IOTHUB_CLIENT_CONFIRMATION_OK"
10467,10143198321,10143198382,1,"IOTHUB_CLIENT_CONFIRMATION_OK"
10468,10143198522,10143198556,1,"IOTHUB_CLIENT_CONFIRMATION_OK"
10469,10143198722,10143198799,1,"IOTHUB_CLIENT_CONFIRMATION_OK"
10470,10143198922,10143198958,1,"IOTHUB_CLIENT_CONFIRMATION_OK"
10471,10143199122,10143199188,1,"IOTHUB_CLIENT_CONFIRMATION_OK"
10472,10143199322,10143199366,1,"IOTHUB_CLIENT_CONFIRMATION_OK"
10473,10143199522,10143199557,1,"IOTHUB_CLIENT_CONFIRMATION_OK"
10474,10143199722,10143199766,1,"IOTHUB_CLIENT_CONFIRMATION_OK"
10475,10143199923,10143200115,1,"IOTHUB_CLIENT_CONFIRMATION_OK"
10476,10143200123,10143200159,1,"IOTHUB_CLIENT_CONFIRMATION_OK"
10477,10143200323,10143200357,1,"IOTHUB_CLIENT_CONFIRMATION_OK"
10478,10143200523,10143200561,1,"IOTHUB_CLIENT_CONFIRMATION_OK"
10479,10143200723,10143200756,1,"IOTHUB_CLIENT_CONFIRMATION_OK"
10480,10143200924,10143201007,1,"IOTHUB_CLIENT_CONFIRMATION_OK"
10481,10143201124,10143201168,1,"IOTHUB_CLIENT_CONFIRMATION_OK"
10482,10143201324,10143201361,1,"IOTHUB_CLIENT_CONFIRMATION_OK"
10483,10143201524,10143201559,1,"IOTHUB_CLIENT_CONFIRMATION_OK"
10484,10143201724,10143201774,1,"IOTHUB_CLIENT_CONFIRMATION_OK"
10485,10143201924,10143201961,1,"IOTHUB_CLIENT_CONFIRMATION_OK"
10486,10143202125,10143202353,1,"IOTHUB_CLIENT_CONFIRMATION_OK"
10487,10143202325,10143202376,1,"IOTHUB_CLIENT_CONFIRMATION_OK"
10488,10143202525,10143202562,1,"IOTHUB_CLIENT_CONFIRMATION_OK"
10489,10143202725,10143202766,1,"IOTHUB_CLIENT_CONFIRMATION_OK"
10490,10143202925,10143202971,1,"IOTHUB_CLIENT_CONFIRMATION_OK"
10491,10143203125,10143203827,1,"IOTHUB_CLIENT_CONFIRMATION_OK"
10492,10143203326,10143203939,1,"IOTHUB_CLIENT_CONFIRMATION_OK"
10493,10143203526,10143204047,1,"IOTHUB_CLIENT_CONFIRMATION_OK"
10494,10143203726,10143204100,1,"IOTHUB_CLIENT_CONFIRMATION_OK"
10495,10143203926,10143204147,1,"IOTHUB_CLIENT_CONFIRMATION_OK"
10496,10143204126,10143204171,1,"IOTHUB_CLIENT_CONFIRMATION_OK"
10497,10143204326,10143204377,1,"IOTHUB_CLIENT_CONFIRMATION_OK"
10498,10143204527,10143204559,1,"IOTHUB_CLIENT_CONFIRMATION_OK"
10499,10143204727,10143204766,1,"IOTHUB_CLIENT_CONFIRMATION_OK"
10500,10143204927,10143205074,1,"IOTHUB_CLIENT_CONFIRMATION_OK"
10501,10143205127,10143205167,1,"IOTHUB_CLIENT_CONFIRMATION_OK"
10502,10143205327,10143205379,1,"IOTHUB_CLIENT_CONFIRMATION_OK"
10503,10143205527,10143205669,1,"IOTHUB_CLIENT_CONFIRMATION_OK"
10504,10143205728,10143205779,1,"IOTHUB_CLIENT_CONFIRMATION_OK"
10505,10143205928,10143205977,1,"IOTHUB_CLIENT_CONFIRMATION_OK"
10506,10143206128,10143206265,1,"IOTHUB_CLIENT_CONFIRMATION_OK"
10507,10143206328,10143206378,1,"IOTHUB_CLIENT_CONFIRMATION_OK"
10508,10143206528,10143206584,1,"IOTHUB_CLIENT_CONFIRMATION_OK"
10509,10143206728,10143206779,1,"IOTHUB_CLIENT_CONFIRMATION_OK"
10510,10143206929,10143206987,1,"IOTHUB_CLIENT_CONFIRMATION_OK"
10511,10143207129,10143207283,1,"IOTHUB_CLIENT_CONFIRMATION_OK"
10512,10143207329,10143207390,1,"IOTHUB_CLIENT_CONFIRMATION_OK"
10513,10143207529,10143207590,1,"IOTHUB_CLIENT_CONFIRMATION_OK"
10514,10143207729,10143207893,1,"IOTHUB_CLIENT_CONFIRMATION_OK"
10515,10143207929,10143208018,1,"IOTHUB_CLIENT_CONFIRMATION_OK"
10516,10143208130,10143208176,1,"IOTHUB_CLIENT_CONFIRMATION_OK"
10517,10143208330,10143208381,1,"IOTHUB_CLIENT_CONFIRMATION_OK"
10518,10143208530,10143208579,1,"IOTHUB_CLIENT_CONFIRMATION_OK"
10519,10143208730,10143208781,1,"IOTHUB_CLIENT_CONFIRMATION_OK"
10520,10143208930,10143208977,1,"IOTHUB_CLIENT_CONFIRMATION_OK"
10521,10143209130,10143209184,1,"IOTHUB_CLIENT_CONFIRMATION_OK"
10522,10143209330,10143209382,1,"IOTHUB_CLIENT_CONFIRMATION_OK"
10523,10143209531,10143209600,1,"IOTHUB_CLIENT_CONFIRMATION_OK"
10524,10143209731,10143209796,1,"IOTHUB_CLIENT_CONFIRMATION_OK"
10525,10143209931,10143210199,1,"IOTHUB_CLIENT_CONFIRMATION_OK"
10526,10143210131,10143210219,1,"IOTHUB_CLIENT_CONFIRMATION_OK"
10527,10143210331,10143210379,1,"IOTHUB_CLIENT_CONFIRMATION_OK"
10528,10143210531,10143210578,1,"IOTHUB_CLIENT_CONFIRMATION_OK"
10529,10143210732,10143210779,1,"IOTHUB_CLIENT_CONFIRMATION_OK"
10530,10143210932,10143210986,1,"IOTHUB_CLIENT_CONFIRMATION_OK"
10531,10143211132,10143211187,1,"IOTHUB_CLIENT_CONFIRMATION_OK"
10532,10143211332,10143211394,1,"IOTHUB_CLIENT_CONFIRMATION_OK"
10533,10143211532,10143211606,1,"IOTHUB_CLIENT_CONFIRMATION_OK"
10534,10143211732,10143211791,1,"IOTHUB_CLIENT_CONFIRMATION_OK"
10535,10143211933,10143211971,1,"IOTHUB_CLIENT_CONFIRMATION_OK"
10536,10143212133,10143212355,1,"IOTHUB_CLIENT_CONFIRMATION_OK"
10537,10143212333,10143212386,1,"IOTHUB_CLIENT_CONFIRMATION_OK"
10538,10143212533,10143212609,1,"IOTHUB_CLIENT_CONFIRMATION_OK"
10539,10143212733,10143212794,1,"IOTHUB_CLIENT_CONFIRMATION_OK"
10540,10143212933,10143212983,1,"IOTHUB_CLIENT_CONFIRMATION_OK"
10541,10143213134,10143213194,1,"IOTHUB_CLIENT_CONFIRMATION_OK"
10542,10143213334,10143213392,1,"IOTHUB_CLIENT_CONFIRMATION_OK"
10543,10143213534,10143213595,1,"IOTHUB_CLIENT_CONFIRMATION_OK"
10544,10143213734,10143213804,1,"IOTHUB_CLIENT_CONFIRMATION_OK"
10545,10143213934,10143213987,1,"IOTHUB_CLIENT_CONFIRMATION_OK"
10546,10143214134,10143214185,1,"IOTHUB_CLIENT_CONFIRMATION_OK"
10547,10143214335,10143214373,1,"IOTHUB_CLIENT_CONFIRMATION_OK"
10548,10143214535,10143214577,1,"IOTHUB_CLIENT_CONFIRMATION_OK"
10549,10143214735,10143214799,1,"IOTHUB_CLIENT_CONFIRMATION_OK"
10550,10143214935,10143215002,1,"IOTHUB_CLIENT_CONFIRMATION_OK"
10551,10143215135,10143215174,1,"IOTHUB_CLIENT_CONFIRMATION_OK"
10552,10143215335,10143215368,1,"IOTHUB_CLIENT_CONFIRMATION_OK"
10553,10143215536,10143215615,1,"IOTHUB_CLIENT_CONFIRMATION_OK"
10554,10143215736,10143215772,1,"IOTHUB_CLIENT_CONFIRMATION_OK"
10555,10143215936,10143215985,1,"IOTHUB_CLIENT_CONFIRMATION_OK"
10556,10143216136,10143216255,1,"IOTHUB_CLIENT_CONFIRMATION_OK"
10557,10143216336,10143216376,1,"IOTHUB_CLIENT_CONFIRMATION_OK"
10558,10143216536,10143216600,1,"IOTHUB_CLIENT_CONFIRMATION_OK"
10559,10143216736,10143216787,1,"IOTHUB_CLIENT_CONFIRMATION_OK"
10560,10143216937,10143216990,1,"IOTHUB_CLIENT_CONFIRMATION_OK"
10561,10143217137,10143217240,1,"IOTHUB_CLIENT_CONFIRMATION_OK"
10562,10143217337,10143217391,1,"IOTHUB_CLIENT_CONFIRMATION_OK"
10563,10143217537,10143217598,1,"IOTHUB_CLIENT_CONFIRMATION_OK"
10564,10143217737,10143217848,1,"IOTHUB_CLIENT_CONFIRMATION_OK"
10565,10143217937,10143218021,1,"IOTHUB_CLIENT_CONFIRMATION_OK"
10566,10143218138,10143218177,1,"IOTHUB_CLIENT_CONFIRMATION_OK"
10567,10143218338,10143218455,1,"IOTHUB_CLIENT_CONFIRMATION_OK"
10568,10143218538,10143218572,1,"IOTHUB_CLIENT_CONFIRMATION_OK"
10569,10143218738,10143218777,1,"IOTHUB_CLIENT_CONFIRMATION_OK"
10570,10143218938,10143218981,1,"IOTHUB_CLIENT_CONFIRMATION_OK"
10571,10143219138,10143219178,1,"IOTHUB_CLIENT_CONFIRMATION_OK"
10572,10143219338,10143219393,1,"IOTHUB_CLIENT_CONFIRMATION_OK"
10573,10143219539,10143219600,1,"IOTHUB_CLIENT_CONFIRMATION_OK"
10574,10143219739,10143219775,1,"IOTHUB_CLIENT_CONFIRMATION_OK"
10575,10143219939,10143220081,1,"IOTHUB_CLIENT_CONFIRMATION_OK"
10576,10143220139,10143220174,1,"IOTHUB_CLIENT_CONFIRMATION_OK"
10577,10143220339,10143220370,1,"IOTHUB_CLIENT_CONFIRMATION_OK"
10578,10143220539,10143220704,1,"IOTHUB_CLIENT_CONFIRMATION_OK"
10579,10143220739,10143220803,1,"IOTHUB_CLIENT_CONFIRMATION_OK"
10580,10143220940,10143220973,1,"IOTHUB_CLIENT_CONFIRMATION_OK"
10581,10143221140,10143221178,1,"IOTHUB_CLIENT_CONFIRMATION_OK"
10582,10143221340,10143221379,1,"IOTHUB_CLIENT_CONFIRMATION_OK"
10583,10143221540,10143221583,1,"IOTHUB_CLIENT_CONFIRMATION_OK"
10584,10143221740,10143221783,1,"IOTHUB_CLIENT_CONFIRMATION_OK"
10585,10143221940,10143221974,1,"IOTHUB_CLIENT_CONFIRMATION_OK"
10586,10143222141,10143222307,1,"IOTHUB_CLIENT_CONFIRMATION_OK"
10587,10143222341,10143222395,1,"IOTHUB_CLIENT_CONFIRMATION_OK"
10588,10143222541,10143222575,1,"IOTHUB_CLIENT_CONFIRMATION_OK"
10589,10143222741,10143222984,1,"IOTHUB_CLIENT_CONFIRMATION_OK"
10590,10143222941,10143223004,1,"IOTHUB_CLIENT_CONFIRMATION_OK"
10591,10143223141,10143223180,1,"IOTHUB_CLIENT_CONFIRMATION_OK"
10592,10143223341,10143223395,1,"IOTHUB_CLIENT_CONFIRMATION_OK"
10593,10143223542,10143223574,1,"IOTHUB_CLIENT_CONFIRMATION_OK"
10594,10143223742,10143223777,1,"IOTHUB_CLIENT_CONFIRMATION_OK"
10595,10143223942,10143224038,1,"IOTHUB_CLIENT_CONFIRMATION_OK"
10596,10143224142,10143224175,1,"IOTHUB_CLIENT_CONFIRMATION_OK"
10597,10143224342,10143224386,1,"IOTHUB_CLIENT_CONFIRMATION_OK"
10598,10143224542,10143224578,1,"IOTHUB_CLIENT_CONFIRMATION_OK"
10599,10143224742,10143224801,1,"IOTHUB_CLIENT_CONFIRMATION_OK"
10600,10143224943,10143225028,1,"IOTHUB_CLIENT_CONFIRMATION_OK"
10601,10143225143,10143225176,1,"IOTHUB_CLIENT_CONFIRMATION_OK"
10602,10143225343,10143225385,1,"IOTHUB_CLIENT_CONFIRMATION_OK"
10603,10143225543,10143225691,1,"IOTHUB_CLIENT_CONFIRMATION_OK"
10604,10143225743,10143225789,1,"IOTHUB_CLIENT_CONFIRMATION_OK"
10605,10143225943,10143225977,1,"IOTHUB_CLIENT_CONFIRMATION_OK"
10606,10143226144,10143226252,1,"IOTHUB_CLIENT_CONFIRMATION_OK"
10607,10143226344,10143226386,1,"IOTHUB_CLIENT_CONFIRMATION_OK"
10608,10143226544,10143226578,1,"IOTHUB_CLIENT_CONFIRMATION_OK"
10609,10143226744,10143226783,1,"IOTHUB_CLIENT_CONFIRMATION_OK"
10610,10143226944,10143226974,1,"IOTHUB_CLIENT_CONFIRMATION_OK"
10611,10143227144,10143227240,1,"IOTHUB_CLIENT_CONFIRMATION_OK"
10612,10143227345,10143227384,1,"IOTHUB_CLIENT_CONFIRMATION_OK"
10613,10143227545,10143227579,1,"IOTHUB_CLIENT_CONFIRMATION_OK"
10614,10143227745,10143227874,1,"IOTHUB_CLIENT_CONFIRMATION_OK"
10615,10143227945,10143227986,1,"IOTHUB_CLIENT_CONFIRMATION_OK"
10616,10143228145,10143228179,1,"IOTHUB_CLIENT_CONFIRMATION_OK"
10617,10143228346,10143228473,1,"IOTHUB_CLIENT_CONFIRMATION_OK"
10618,10143228546,10143228603,1,"IOTHUB_CLIENT_CONFIRMATION_OK"
10619,10143228746,10143228804,1,"IOTHUB_CLIENT_CONFIRMATION_OK"
10620,10143228946,10143228984,1,"IOTHUB_CLIENT_CONFIRMATION_OK"
10621,10143229146,10143229184,1,"IOTHUB_CLIENT_CONFIRMATION_OK"
10622,10143229347,10143229407,1,"IOTHUB_CLIENT_CONFIRMATION_OK"
10623,10143229547,10143229580,1,"IOTHUB_CLIENT_CONFIRMATION_OK"
10624,10143229747,10143229787,1,"IOTHUB_CLIENT_CONFIRMATION_OK"
10625,10143229947,10143230089,1,"IOTHUB_CLIENT_CONFIRMATION_OK"
10626,10143230147,10143230198,1,"IOTHUB_CLIENT_CONFIRMATION_OK"
10627,10143230347,10143230378,1,"IOTHUB_CLIENT_CONFIRMATION_OK"
10628,10143230547,10143230751,1,"IOTHUB_CLIENT_CONFIRMATION_OK"
10629,10143230748,10143230793,1,"IOTHUB_CLIENT_CONFIRMATION_OK"
10630,10143230948,10143230988,1,"IOTHUB_CLIENT_CONFIRMATION_OK"
10631,10143231148,10143231188,1,"IOTHUB_CLIENT_CONFIRMATION_OK"
10632,10143231348,10143231388,1,"IOTHUB_CLIENT_CONFIRMATION_OK"
10633,10143231548,10143231582,1,"IOTHUB_CLIENT_CONFIRMATION_OK"
10634,10143231748,10143231795,1,"IOTHUB_CLIENT_CONFIRMATION_OK"
10635,10143231949,10143231986,1,"IOTHUB_CLIENT_CONFIRMATION_OK"
10636,10143232149,10143232179,1,"IOTHUB_CLIENT_CONFIRMATION_OK"
10637,10143232349,10143232382,1,"IOTHUB_CLIENT_CONFIRMATION_OK"
10638,10143232549,10143232580,1,"IOTHUB_CLIENT_CONFIRMATION_OK"
10639,10143232749,10143232811,1,"IOTHUB_CLIENT_CONFIRMATION_OK"
10640,10143232949,10143233018,1,"IOTHUB_CLIENT_CONFIRMATION_OK"
10641,10143233150,10143233187,1,"IOTHUB_CLIENT_CONFIRMATION_OK"
10642,10143233350,10143233412,1,"IOTHUB_CLIENT_CONFIRMATION_OK"
10643,10143233550,10143233580,1,"IOTHUB_CLIENT_CONFIRMATION_OK"
10644,10143233750,10143233786,1,"IOTHUB_CLIENT_CONFIRMATION_OK"
10645,10143233950,10143234076,1,"IOTHUB_CLIENT_CONFIRMATION_OK"
10646,10143234150,10143234196,1,"IOTHUB_CLIENT_CONFIRMATION_OK"
10647,10143234350,10143234383,1,"IOTHUB_CLIENT_CONFIRMATION_OK"
10648,10143234551,10143234588,1,"IOTHUB_CLIENT_CONFIRMATION_OK"
10649,10143234751,10143234784,1,"IOTHUB_CLIENT_CONFIRMATION_OK"
10650,10143234951,10143235041,1,"IOTHUB_CLIENT_CONFIRMATION_OK"
10651,10143235151,10143235195,1,"IOTHUB_CLIENT_CONFIRMATION_OK"
10652,10143235351,10143235383,1,"IOTHUB_CLIENT_CONFIRMATION_OK"
10653,10143235551,10143235910,1,"IOTHUB_CLIENT_CONFIRMATION_OK"
10654,10143235751,10143235937,1,"IOTHUB_CLIENT_CONFIRMATION_OK"
10655,10143235952,10143235996,1,"IOTHUB_CLIENT_CONFIRMATION_OK"
10656,10143236152,10143236211,1,"IOTHUB_CLIENT_CONFIRMATION_OK"
10657,10143236352,10143236409,1,"IOTHUB_CLIENT_CONFIRMATION_OK"
10658,10143236552,10143236587,1,"IOTHUB_CLIENT_CONFIRMATION_OK"
10659,10143236752,10143236804,1,"IOTHUB_CLIENT_CONFIRMATION_OK"
10660,10143236952,10143237008,1,"IOTHUB_CLIENT_CONFIRMATION_OK"
10661,10143237153,10143237213,1,"IOTHUB_CLIENT_CONFIRMATION_OK"
10662,10143237353,10143237383,1,"IOTHUB_CLIENT_CONFIRMATION_OK"
10663,10143237553,10143237688,1,"IOTHUB_CLIENT_CONFIRMATION_OK"
10664,10143237753,10143237897,1,"IOTHUB_CLIENT_CONFIRMATION_OK"
10665,10143237953,10143237990,1,"IOTHUB_CLIENT_CONFIRMATION_OK"
10666,10143238153,10143238192,1,"IOTHUB_CLIENT_CONFIRMATION_OK"
10667,10143238354,10143238386,1,"IOTHUB_CLIENT_CONFIRMATION_OK"
10668,10143238554,10143238603,1,"IOTHUB_CLIENT_CONFIRMATION_OK"
10669,10143238754,10143238798,1,"IOTHUB_CLIENT_CONFIRMATION_OK"
10670,10143238954,10143238995,1,"IOTHUB_CLIENT_CONFIRMATION_OK"
10671,10143239154,10143239190,1,"IOTHUB_CLIENT_CONFIRMATION_OK"
10672,10143239354,10143239527,1,"IOTHUB_CLIENT_CONFIRMATION_OK"
10673,10143239554,10143239587,1,"IOTHUB_CLIENT_CONFIRMATION_OK"
10674,10143239755,10143239788,1,"IOTHUB_CLIENT_CONFIRMATION_OK"
10675,10143239955,10143240149,1,"IOTHUB_CLIENT_CONFIRMATION_OK"
10676,10143240155,10143240186,1,"IOTHUB_CLIENT_CONFIRMATION_OK"
10677,10143240355,10143240391,1,"IOTHUB_CLIENT_CONFIRMATION_OK"
10678,10143240555,10143240594,1,"IOTHUB_CLIENT_CONFIRMATION_OK"
10679,10143240756,10143240818,1,"IOTHUB_CLIENT_CONFIRMATION_OK"
10680,10143240956,10143240995,1,"IOTHUB_CLIENT_CONFIRMATION_OK"
10681,10143241156,10143241196,1,"IOTHUB_CLIENT_CONFIRMATION_OK"
10682,10143241356,10143241388,1,"IOTHUB_CLIENT_CONFIRMATION_OK"
10683,10143241556,10143241616,1,"IOTHUB_CLIENT_CONFIRMATION_OK"
10684,10143241757,10143241791,1,"IOTHUB_CLIENT_CONFIRMATION_OK"
10685,10143241957,10143241994,1,"IOTHUB_CLIENT_CONFIRMATION_OK"
10686,10143242157,10143242368,1,"IOTHUB_CLIENT_CONFIRMATION_OK"
10687,10143242357,10143242400,1,"IOTHUB_CLIENT_CONFIRMATION_OK"
10688,10143242557,10143242593,1,"IOTHUB_CLIENT_CONFIRMATION_OK"
10689,10143242757,10143242800,1,"IOTHUB_CLIENT_CONFIRMATION_OK"
10690,10143242957,10143242993,1,"IOTHUB_CLIENT_CONFIRMATION_OK"
10691,10143243158,10143243202,1,"IOTHUB_CLIENT_CONFIRMATION_OK"
10692,10143243358,10143243388,1,"IOTHUB_CLIENT_CONFIRMATION_OK"
10693,10143243558,10143243587,1,"IOTHUB_CLIENT_CONFIRMATION_OK"
10694,10143243758,10143243800,1,"IOTHUB_CLIENT_CONFIRMATION_OK"
10695,10143243958,10143244077,1,"IOTHUB_CLIENT_CONFIRMATION_OK"
10696,10143244158,10143244192,1,"IOTHUB_CLIENT_CONFIRMATION_OK"
10697,10143244359,10143244401,1,"IOTHUB_CLIENT_CONFIRMATION_OK"
10698,10143244559,10143244603,1,"IOTHUB_CLIENT_CONFIRMATION_OK"
10699,10143244759,10143244823,1,"IOTHUB_CLIENT_CONFIRMATION_OK"
10700,10143244959,10143245024,1,"IOTHUB_CLIENT_CONFIRMATION_OK"
10701,10143245159,10143245203,1,"IOTHUB_CLIENT_CONFIRMATION_OK"
10702,10143245359,10143245405,1,"IOTHUB_CLIENT_CONFIRMATION_OK"
10703,10143245559,10143245632,1,"IOTHUB_CLIENT_CONFIRMATION_OK"
10704,10143245760,10143245793,1,"IOTHUB_CLIENT_CONFIRMATION_OK"
10705,10143245960,10143246021,1,"IOTHUB_CLIENT_CONFIRMATION_OK"
10706,10143246160,10143246243,1,"IOTHUB_CLIENT_CONFIRMATION_OK"
10707,10143246360,10143246395,1,"IOTHUB_CLIENT_CONFIRMATION_OK"
10708,10143246560,10143246597,1,"IOTHUB_CLIENT_CONFIRMATION_OK"
10709,10143246760,10143246812,1,"IOTHUB_CLIENT_CONFIRMATION_OK"
10710,10143246961,10143246992,1,"IOTHUB_CLIENT_CONFIRMATION_OK"
10711,10143247161,10143247261,1,"IOTHUB_CLIENT_CONFIRMATION_OK"
10712,10143247361,10143247402,1,"IOTHUB_CLIENT_CONFIRMATION_OK"
10713,10143247561,10143247599,1,"IOTHUB_CLIENT_CONFIRMATION_OK"
10714,10143247761,10143247908,1,"IOTHUB_CLIENT_CONFIRMATION_OK"
10715,10143247962,10143248001,1,"IOTHUB_CLIENT_CONFIRMATION_OK"
10716,10143248162,10143248196,1,"IOTHUB_CLIENT_CONFIRMATION_OK"
10717,10143248362,10143248493,1,"IOTHUB_CLIENT_CONFIRMATION_OK"
10718,10143248562,10143248597,1,"IOTHUB_CLIENT_CONFIRMATION_OK"
10719,10143248762,10143248800,1,"IOTHUB_CLIENT_CONFIRMATION_OK"
10720,10143248962,10143248993,1,"IOTHUB_CLIENT_CONFIRMATION_OK"
10721,10143249162,10143249196,1,"IOTHUB_CLIENT_CONFIRMATION_OK"
10722,10143249363,10143249493,1,"IOTHUB_CLIENT_CONFIRMATION_OK"
10723,10143249563,10143249607,1,"IOTHUB_CLIENT_CONFIRMATION_OK"
10724,10143249763,10143249801,1,"IOTHUB_CLIENT_CONFIRMATION_OK"
10725,10143249963,10143250115,1,"IOTHUB_CLIENT_CONFIRMATION_OK"
10726,10143250163,10143250200,1,"IOTHUB_CLIENT_CONFIRMATION_OK"
10727,10143250363,10143250402,1,"IOTHUB_CLIENT_CONFIRMATION_OK"
10728,10143250564,10143250592,1,"IOTHUB_CLIENT_CONFIRMATION_OK"
10729,10143250764,10143250805,1,"IOTHUB_CLIENT_CONFIRMATION_OK"
10730,10143250964,10143250998,1,"IOTHUB_CLIENT_CONFIRMATION_OK"
10731,10143251164,10143251205,1,"IOTHUB_CLIENT_CONFIRMATION_OK"
10732,10143251364,10143251405,1,"IOTHUB_CLIENT_CONFIRMATION_OK"
10733,10143251564,10143251598,1,"IOTHUB_CLIENT_CONFIRMATION_OK"
10734,10143251765,10143251794,1,"IOTHUB_CLIENT_CONFIRMATION_OK"
10735,10143251965,10143252003,1,"IOTHUB_CLIENT_CONFIRMATION_OK"
10736,10143252165,10143252365,1,"IOTHUB_CLIENT_CONFIRMATION_OK"
10737,10143252365,10143252397,1,"IOTHUB_CLIENT_CONFIRMATION_OK"
10738,10143252565,10143252597,1,"IOTHUB_CLIENT_CONFIRMATION_OK"
10739,10143252765,10143252795,1,"IOTHUB_CLIENT_CONFIRMATION_OK"
10740,10143252966,10143253001,1,"IOTHUB_CLIENT_CONFIRMATION_OK"
10741,10143253166,10143253197,1,"IOTHUB_CLIENT_CONFIRMATION_OK"
10742,10143253366,10143253399,1,"IOTHUB_CLIENT_CONFIRMATION_OK"
10743,10143253566,10143253600,1,"IOTHUB_CLIENT_CONFIRMATION_OK"
10744,10143253766,10143253808,1,"IOTHUB_CLIENT_CONFIRMATION_OK"
10745,10143253966,10143254019,1,"IOTHUB_CLIENT_CONFIRMATION_OK"
10746,10143254166,10143254210,1,"IOTHUB_CLIENT_CONFIRMATION_OK"
10747,10143254367,10143254406,1,"IOTHUB_CLIENT_CONFIRMATION_OK"
10748,10143254567,10143254609,1,"IOTHUB_CLIENT_CONFIRMATION_OK"
10749,10143254767,10143254824,1,"IOTHUB_CLIENT_CONFIRMATION_OK"
10750,10143254967,10143255022,1,"IOTHUB_CLIENT_CONFIRMATION_OK"
10751,10143255167,10143255208,1,"IOTHUB_CLIENT_CONFIRMATION_OK"
10752,10143255368,10143255405,1,"IOTHUB_CLIENT_CONFIRMATION_OK"
10753,10143255568,10143255637,1,"IOTHUB_CLIENT_CONFIRMATION_OK"
10754,10143255768,10143255798,1,"IOTHUB_CLIENT_CONFIRMATION_OK"
10755,10143255968,10143256034,1,"IOTHUB_CLIENT_CONFIRMATION_OK"
10756,10143256168,10143256253,1,"IOTHUB_CLIENT_CONFIRMATION_OK"
10757,10143256368,10143256398,1,"IOTHUB_CLIENT_CONFIRMATION_OK"
10758,10143256569,10143256605,1,"IOTHUB_CLIENT_CONFIRMATION_OK"
10759,10143256769,10143256801,1,"IOTHUB_CLIENT_CONFIRMATION_OK"
10760,10143256969,10143257005,1,"IOTHUB_CLIENT_CONFIRMATION_OK"
10761,10143257169,10143257260,1,"IOTHUB_CLIENT_CONFIRMATION_OK"
10762,10143257369,10143257419,1,"IOTHUB_CLIENT_CONFIRMATION_OK"
10763,10143257569,10143257606,1,"IOTHUB_CLIENT_CONFIRMATION_OK"
10764,10143257770,10143257912,1,"IOTHUB_CLIENT_CONFIRMATION_OK"
10765,10143257970,10143258011,1,"IOTHUB_CLIENT_CONFIRMATION_OK"
10766,10143258170,10143258209,1,"IOTHUB_CLIENT_CONFIRMATION_OK"
10767,10143258370,10143258426,1,"IOTHUB_CLIENT_CONFIRMATION_OK"
10768,10143258570,10143258608,1,"IOTHUB_CLIENT_CONFIRMATION_OK"
10769,10143258770,10143258814,1,"IOTHUB_CLIENT_CONFIRMATION_OK"
10770,10143258970,10143259035,1,"IOTHUB_CLIENT_CONFIRMATION_OK"
10771,10143259171,10143259211,1,"IOTHUB_CLIENT_CONFIRMATION_OK"
10772,10143259371,10143259492,1,"IOTHUB_CLIENT_CONFIRMATION_OK"
10773,10143259571,10143259605,1,"IOTHUB_CLIENT_CONFIRMATION_OK"
10774,10143259771,10143259814,1,"IOTHUB_CLIENT_CONFIRMATION_OK"
10775,10143259971,10143260102,1,"IOTHUB_CLIENT_CONFIRMATION_OK"
10776,10143260171,10143260211,1,"IOTHUB_CLIENT_CONFIRMATION_OK"
10777,10143260371,10143260411,1,"IOTHUB_CLIENT_CONFIRMATION_OK"
10778,10143260572,10143260623,1,"IOTHUB_CLIENT_CONFIRMATION_OK"
10779,10143260772,10143260810,1,"IOTHUB_CLIENT_CONFIRMATION_OK"
10780,10143260972,10143261006,1,"IOTHUB_CLIENT_CONFIRMATION_OK"
10781,10143261172,10143261210,1,"IOTHUB_CLIENT_CONFIRMATION_OK"
10782,10143261372,10143261412,1,"IOTHUB_CLIENT_CONFIRMATION_OK"
10783,10143261572,10143261718,1,"IOTHUB_CLIENT_CONFIRMATION_OK"
10784,10143261773,10143261814,1,"IOTHUB_CLIENT_CONFIRMATION_OK"
10785,10143261973,10143262012,1,"IOTHUB_CLIENT_CONFIRMATION_OK"
10786,10143262173,10143262341,1,"IOTHUB_CLIENT_CONFIRMATION_OK"
10787,10143262373,10143262415,1,"IOTHUB_CLIENT_CONFIRMATION_OK"
10788,10143262573,10143262616,1,"IOTHUB_CLIENT_CONFIRMATION_OK"
10789,10143262773,10143262806,1,"IOTHUB_CLIENT_CONFIRMATION_OK"
10790,10143262974,10143263022,1,"IOTHUB_CLIENT_CONFIRMATION_OK"
10791,10143263174,10143263212,1,"IOTHUB_CLIENT_CONFIRMATION_OK"
10792,10143263374,10143263418,1,"IOTHUB_CLIENT_CONFIRMATION_OK"
10793,10143263574,10143263611,1,"IOTHUB_CLIENT_CONFIRMATION_OK"
10794,10143263774,10143263810,1,"IOTHUB_CLIENT_CONFIRMATION_OK"
10795,10143263974,10143264027,1,"IOTHUB_CLIENT_CONFIRMATION_OK"
10796,10143264174,10143264219,1,"IOTHUB_CLIENT_CONFIRMATION_OK"
10797,10143264375,10143264413,1,"IOTHUB_CLIENT_CONFIRMATION_OK"
10798,10143264575,10143264617,1,"IOTHUB_CLIENT_CONFIRMATION_OK"
10799,10143264775,10143264816,1,"IOTHUB_CLIENT_CONFIRMATION_OK"
10800,10143264975,10143265035,1,"IOTHUB_CLIENT_CONFIRMATION_OK"
10801,10143265175,10143265213,1,"IOTHUB_CLIENT_CONFIRMATION_OK"
10802,10143265375,10143265422,1,"IOTHUB_CLIENT_CONFIRMATION_OK"
10803,10143265576,10143265608,1,"IOTHUB_CLIENT_CONFIRMATION_OK"
10804,10143265776,10143265816,1,"IOTHUB_CLIENT_CONFIRMATION_OK"
10805,10143265976,10143266023,1,"IOTHUB_CLIENT_CONFIRMATION_OK"
10806,10143266176,10143266285,1,"IOTHUB_CLIENT_CONFIRMATION_OK"
10807,10143266376,10143266418,1,"IOTHUB_CLIENT_CONFIRMATION_OK"
10808,10143266576,10143266625,1,"IOTHUB_CLIENT_CONFIRMATION_OK"
10809,10143266777,10143266816,1,"IOTHUB_CLIENT_CONFIRMATION_OK"
10810,10143266977,10143267011,1,"IOTHUB_CLIENT_CONFIRMATION_OK"
10811,10143267177,10143267249,1,"IOTHUB_CLIENT_CONFIRMATION_OK"
10812,10143267377,10143267417,1,"IOTHUB_CLIENT_CONFIRMATION_OK"
10813,10143267577,10143267618,1,"IOTHUB_CLIENT_CONFIRMATION_OK"
10814,10143267777,10143267884,1,"IOTHUB_CLIENT_CONFIRMATION_OK"
10815,10143267978,10143268013,1,"IOTHUB_CLIENT_CONFIRMATION_OK"
10816,10143268178,10143268234,1,"IOTHUB_CLIENT_CONFIRMATION_OK"
10817,10143268378,10143268410,1,"IOTHUB_CLIENT_CONFIRMATION_OK"
10818,10143268578,10143268608,1,"IOTHUB_CLIENT_CONFIRMATION_OK"
10819,10143268778,10143268885,1,"IOTHUB_CLIENT_CONFIRMATION_OK"
10820,10143268978,10143269011,1,"IOTHUB_CLIENT_CONFIRMATION_OK"
10821,10143269178,10143269213,1,"IOTHUB_CLIENT_CONFIRMATION_OK"
10822,10143269379,10143269501,1,"IOTHUB_CLIENT_CONFIRMATION_OK"
10823,10143269579,10143269620,1,"IOTHUB_CLIENT_CONFIRMATION_OK"
10824,10143269779,10143269817,1,"IOTHUB_CLIENT_CONFIRMATION_OK"
10825,10143269979,10143270113,1,"IOTHUB_CLIENT_CONFIRMATION_OK"
10826,10143270179,10143270215,1,"IOTHUB_CLIENT_CONFIRMATION_OK"
10827,10143270379,10143270430,1,"IOTHUB_CLIENT_CONFIRMATION_OK"
10828,10143270579,10143270619,1,"IOTHUB_CLIENT_CONFIRMATION_OK"
10829,10143270780,10143270900,1,"IOTHUB_CLIENT_CONFIRMATION_OK"
10830,10143270980,10143271020,1,"IOTHUB_CLIENT_CONFIRMATION_OK"
10831,10143271180,10143271217,1,"IOTHUB_CLIENT_CONFIRMATION_OK"
10832,10143271380,10143271422,1,"IOTHUB_CLIENT_CONFIRMATION_OK"
10833,10143271580,10143271745,1,"IOTHUB_CLIENT_CONFIRMATION_OK"
10834,10143271780,10143271834,1,"IOTHUB_CLIENT_CONFIRMATION_OK"
10835,10143271981,10143272016,1,"IOTHUB_CLIENT_CONFIRMATION_OK"
10836,10143272181,10143272387,1,"IOTHUB_CLIENT_CONFIRMATION_OK"
10837,10143272381,10143272421,1,"IOTHUB_CLIENT_CONFIRMATION_OK"
10838,10143272581,10143272621,1,"IOTHUB_CLIENT_CONFIRMATION_OK"
10839,10143272781,10143272814,1,"IOTHUB_CLIENT_CONFIRMATION_OK"
10840,10143272981,10143273015,1,"IOTHUB_CLIENT_CONFIRMATION_OK"
10841,10143273182,10143273238,1,"IOTHUB_CLIENT_CONFIRMATION_OK"
10842,10143273382,10143273433,1,"IOTHUB_CLIENT_CONFIRMATION_OK"
10843,10143273582,10143273611,1,"IOTHUB_CLIENT_CONFIRMATION_OK"
10844,10143273782,10143273817,1,"IOTHUB_CLIENT_CONFIRMATION_OK"
10845,10143273982,10143274025,1,"IOTHUB_CLIENT_CONFIRMATION_OK"
10846,10143274182,10143274212,1,"IOTHUB_CLIENT_CONFIRMATION_OK"
10847,10143274382,10143274452,1,"IOTHUB_CLIENT_CONFIRMATION_OK"
10848,10143274583,10143274623,1,"IOTHUB_CLIENT_CONFIRMATION_OK"
10849,10143274783,10143274827,1,"IOTHUB_CLIENT_CONFIRMATION_OK"
10850,10143274983,10143275059,1,"IOTHUB_CLIENT_CONFIRMATION_OK"
10851,10143275183,10143275215,1,"IOTHUB_CLIENT_CONFIRMATION_OK"
10852,10143275383,10143275423,1,"IOTHUB_CLIENT_CONFIRMATION_OK"
10853,10143275583,10143275669,1,"IOTHUB_CLIENT_CONFIRMATION_OK"
10854,10143275783,10143275816,1,"IOTHUB_CLIENT_CONFIRMATION_OK"
10855,10143275984,10143276026,1,"IOTHUB_CLIENT_CONFIRMATION_OK"
10856,10143276184,10143276230,1,"IOTHUB_CLIENT_CONFIRMATION_OK"
10857,10143276384,10143276417,1,"IOTHUB_CLIENT_CONFIRMATION_OK"
10858,10143276584,10143276683,1,"IOTHUB_CLIENT_CONFIRMATION_OK"
10859,10143276784,10143276815,1,"IOTHUB_CLIENT_CONFIRMATION_OK"
10860,10143276985,10143277022,1,"IOTHUB_CLIENT_CONFIRMATION_OK"
10861,10143277185,10143277299,1,"IOTHUB_CLIENT_CONFIRMATION_OK"
10862,10143277385,10143277415,1,"IOTHUB_CLIENT_CONFIRMATION_OK"
10863,10143277585,10143277645,1,"IOTHUB_CLIENT_CONFIRMATION_OK"
10864,10143277785,10143277906,1,"IOTHUB_CLIENT_CONFIRMATION_OK"
10865,10143277985,10143278020,1,"IOTHUB_CLIENT_CONFIRMATION_OK"
10866,10143278186,10143278220,1,"IOTHUB_CLIENT_CONFIRMATION_OK"
10867,10143278386,10143278418,1,"IOTHUB_CLIENT_CONFIRMATION_OK"
10868,10143278586,10143278622,1,"IOTHUB_CLIENT_CONFIRMATION_OK"
10869,10143278786,10143278944,1,"IOTHUB_CLIENT_CONFIRMATION_OK"
10870,10143278986,10143279024,1,"IOTHUB_CLIENT_CONFIRMATION_OK"
10871,10143279186,10143279216,1,"IOTHUB_CLIENT_CONFIRMATION_OK"
10872,10143279387,10143279557,1,"IOTHUB_CLIENT_CONFIRMATION_OK"
10873,10143279587,10143279623,1,"IOTHUB_CLIENT_CONFIRMATION_OK"
10874,10143279787,10143279841,1,"IOTHUB_CLIENT_CONFIRMATION_OK"
10875,10143279987,10143280028,1,"IOTHUB_CLIENT_CONFIRMATION_OK"
10876,10143280187,10143280223,1,"IOTHUB_CLIENT_CONFIRMATION_OK"
10877,10143280387,10143280426,1,"IOTHUB_CLIENT_CONFIRMATION_OK"
10878,10143280587,10143280648,1,"IOTHUB_CLIENT_CONFIRMATION_OK"
10879,10143280788,10143280821,1,"IOTHUB_CLIENT_CONFIRMATION_OK"
10880,10143280988,10143281030,1,"IOTHUB_CLIENT_CONFIRMATION_OK"
10881,10143281188,10143281232,1,"IOTHUB_CLIENT_CONFIRMATION_OK"
10882,10143281388,10143281429,1,"IOTHUB_CLIENT_CONFIRMATION_OK"
10883,10143281588,10143281793,1,"IOTHUB_CLIENT_CONFIRMATION_OK"
10884,10143281788,10143281825,1,"IOTHUB_CLIENT_CONFIRMATION_OK"
10885,10143281989,10143282022,1,"IOTHUB_CLIENT_CONFIRMATION_OK"
10886,10143282189,10143282242,1,"IOTHUB_CLIENT_CONFIRMATION_OK"
10887,10143282389,10143282429,1,"IOTHUB_CLIENT_CONFIRMATION_OK"
10888,10143282589,10143282617,1,"IOTHUB_CLIENT_CONFIRMATION_OK"
10889,10143282789,10143282829,1,"IOTHUB_CLIENT_CONFIRMATION_OK"
10890,10143282989,10143283024,1,"IOTHUB_CLIENT_CONFIRMATION_OK"
10891,10143283189,10143283228,1,"IOTHUB_CLIENT_CONFIRMATION_OK"
10892,10143283390,10143283439,1,"IOTHUB_CLIENT_CONFIRMATION_OK"
10893,10143283590,10143283630,1,"IOTHUB_CLIENT_CONFIRMATION_OK"
10894,10143283790,10143283838,1,"IOTHUB_CLIENT_CONFIRMATION_OK"
10895,10143283990,10143284023,1,"IOTHUB_CLIENT_CONFIRMATION_OK"
10896,10143284190,10143284231,1,"IOTHUB_CLIENT_CONFIRMATION_OK"
10897,10143284390,10143284447,1,"IOTHUB_CLIENT_CONFIRMATION_OK"
10898,10143284590,10143284625,1,"IOTHUB_CLIENT_CONFIRMATION_OK"
10899,10143284791,10143284823,1,"IOTHUB_CLIENT_CONFIRMATION_OK"
10900,10143284991,10143285060,1,"IOTHUB_CLIENT_CONFIRMATION_OK"
10901,10143285191,10143285225,1,"IOTHUB_CLIENT_CONFIRMATION_OK"
10902,10143285391,10143285430,1,"IOTHUB_CLIENT_CONFIRMATION_OK"
10903,10143285591,10143285687,1,"IOTHUB_CLIENT_CONFIRMATION_OK"
10904,10143285791,10143285821,1,"IOTHUB_CLIENT_CONFIRMATION_OK"
10905,10143285992,10143286023,1,"IOTHUB_CLIENT_CONFIRMATION_OK"
10906,10143286192,10143286222,1,"IOTHUB_CLIENT_CONFIRMATION_OK"
10907,10143286392,10143286432,1,"IOTHUB_CLIENT_CONFIRMATION_OK"
10908,10143286592,10143286715,1,"IOTHUB_CLIENT_CONFIRMATION_OK"
10909,10143286792,10143286832,1,"IOTHUB_CLIENT_CONFIRMATION_OK"
10910,10143286992,10143287033,1,"IOTHUB_CLIENT_CONFIRMATION_OK"
10911,10143287192,10143287299,1,"IOTHUB_CLIENT_CONFIRMATION_OK"
10912,10143287393,10143287438,1,"IOTHUB_CLIENT_CONFIRMATION_OK"
10913,10143287593,10143287633,1,"IOTHUB_CLIENT_CONFIRMATION_OK"
10914,10143287793,10143287923,1,"IOTHUB_CLIENT_CONFIRMATION_OK"
10915,10143287993,10143288038,1,"IOTHUB_CLIENT_CONFIRMATION_OK"
10916,10143288193,10143288225,1,"IOTHUB_CLIENT_CONFIRMATION_OK"
10917,10143288393,10143288426,1,"IOTHUB_CLIENT_CONFIRMATION_OK"
10918,10143288594,10143288632,1,"IOTHUB_CLIENT_CONFIRMATION_OK"
10919,10143288794,10143288906,1,"IOTHUB_CLIENT_CONFIRMATION_OK"
10920,10143288994,10143289025,1,"IOTHUB_CLIENT_CONFIRMATION_OK"
10921,10143289194,10143289224,1,"IOTHUB_CLIENT_CONFIRMATION_OK"
10922,10143289394,10143289531,1,"IOTHUB_CLIENT_CONFIRMATION_OK"
10923,10143289594,10143289637,1,"IOTHUB_CLIENT_CONFIRMATION_OK"
10924,10143289794,10143289837,1,"IOTHUB_CLIENT_CONFIRMATION_OK"
10925,10143289995,10143290142,1,"IOTHUB_CLIENT_CONFIRMATION_OK"
10926,10143290195,10143290235,1,"IOTHUB_CLIENT_CONFIRMATION_OK"
10927,10143290395,10143290428,1,"IOTHUB_CLIENT_CONFIRMATION_OK"
10928,10143290595,10143290625,1,"IOTHUB_CLIENT_CONFIRMATION_OK"
10929,10143290795,10143290854,1,"IOTHUB_CLIENT_CONFIRMATION_OK"
10930,10143290995,10143291032,1,"IOTHUB_CLIENT_CONFIRMATION_OK"
10931,10143291195,10143291248,1,"IOTHUB_CLIENT_CONFIRMATION_OK"
10932,10143291396,10143291446,1,"IOTHUB_CLIENT_CONFIRMATION_OK"
10933,10143291596,10143291768,1,"IOTHUB_CLIENT_CONFIRMATION_OK"
10934,10143291796,10143291826,1,"IOTHUB_CLIENT_CONFIRMATION_OK"
10935,10143291996,10143292031,1,"IOTHUB_CLIENT_CONFIRMATION_OK"
10936,10143292196,10143292435,1,"IOTHUB_CLIENT_CONFIRMATION_OK"
10937,10143292396,10143292465,1,"IOTHUB_CLIENT_CONFIRMATION_OK"
10938,10143292597,10143292628,1,"IOTHUB_CLIENT_CONFIRMATION_OK"
10939,10143292797,10143292833,1,"IOTHUB_CLIENT_CONFIRMATION_OK"
10940,10143292997,10143293031,1,"IOTHUB_CLIENT_CONFIRMATION_OK"
10941,10143293197,10143293226,1,"IOTHUB_CLIENT_CONFIRMATION_OK"
10942,10143293397,10143293455,1,"IOTHUB_CLIENT_CONFIRMATION_OK"
10943,10143293597,10143293639,1,"IOTHUB_CLIENT_CONFIRMATION_OK"
10944,10143293797,10143293846,1,"IOTHUB_CLIENT_CONFIRMATION_OK"
10945,10143293998,10143294033,1,"IOTHUB_CLIENT_CONFIRMATION_OK"
10946,10143294198,10143294243,1,"IOTHUB_CLIENT_CONFIRMATION_OK"
10947,10143294398,10143294479,1,"IOTHUB_CLIENT_CONFIRMATION_OK"
10948,10143294598,10143294648,1,"IOTHUB_CLIENT_CONFIRMATION_OK"
10949,10143294798,10143294839,1,"IOTHUB_CLIENT_CONFIRMATION_OK"
10950,10143294998,10143295087,1,"IOTHUB_CLIENT_CONFIRMATION_OK"
10951,10143295198,10143295234,1,"IOTHUB_CLIENT_CONFIRMATION_OK"
10952,10143295399,10143295432,1,"IOTHUB_CLIENT_CONFIRMATION_OK"
10953,10143295599,10143295687,1,"IOTHUB_CLIENT_CONFIRMATION_OK"
10954,10143295799,10143295836,1,"IOTHUB_CLIENT_CONFIRMATION_OK"
10955,10143295999,10143296056,1,"IOTHUB_CLIENT_CONFIRMATION_OK"
10956,10143296199,10143296251,1,"IOTHUB_CLIENT_CONFIRMATION_OK"
10957,10143296399,10143296486,1,"IOTHUB_CLIENT_CONFIRMATION_OK"
10958,10143296600,10143296709,1,"IOTHUB_CLIENT_CONFIRMATION_OK"
10959,10143296800,10143296830,1,"IOTHUB_CLIENT_CONFIRMATION_OK"
10960,10143297000,10143297035,1,"IOTHUB_CLIENT_CONFIRMATION_OK"
10961,10143297200,10143297340,1,"IOTHUB_CLIENT_CONFIRMATION_OK"
10962,10143297400,10143297434,1,"IOTHUB_CLIENT_CONFIRMATION_OK"
10963,10143297600,10143297641,1,"IOTHUB_CLIENT_CONFIRMATION_OK"
10964,10143297800,10143297837,1,"IOTHUB_CLIENT_CONFIRMATION_OK"
10965,10143298001,10143298041,1,"IOTHUB_CLIENT_CONFIRMATION_OK"
10966,10143298201,10143298234,1,"IOTHUB_CLIENT_CONFIRMATION_OK"
10967,10143298401,10143298434,1,"IOTHUB_CLIENT_CONFIRMATION_OK"
10968,10143298601,10143298642,1,"IOTHUB_CLIENT_CONFIRMATION_OK"
10969,10143298801,10143298955,1,"IOTHUB_CLIENT_CONFIRMATION_OK"
10970,10143299001,10143299035,1,"IOTHUB_CLIENT_CONFIRMATION_OK"
10971,10143299202,10143299247,1,"IOTHUB_CLIENT_CONFIRMATION_OK"
10972,10143299402,10143299585,1,"IOTHUB_CLIENT_CONFIRMATION_OK"
10973,10143299602,10143299635,1,"IOTHUB_CLIENT_CONFIRMATION_OK"
10974,10143299802,10143299839,1,"IOTHUB_CLIENT_CONFIRMATION_OK"
10975,10143300002,10143300038,1,"IOTHUB_CLIENT_CONFIRMATION_OK"
10976,10143300202,10143300233,1,"IOTHUB_CLIENT_CONFIRMATION_OK"
10977,10143300402,10143300438,1,"IOTHUB_CLIENT_CONFIRMATION_OK"
10978,10143300603,10143300634,1,"IOTHUB_CLIENT_CONFIRMATION_OK"
10979,10143300803,10143300847,1,"IOTHUB_CLIENT_CONFIRMATION_OK"
10980,10143301003,10143301032,1,"IOTHUB_CLIENT_CONFIRMATION_OK"
10981,10143301203,10143301248,1,"IOTHUB_CLIENT_CONFIRMATION_OK"
10982,10143301403,10143301438,1,"IOTHUB_CLIENT_CONFIRMATION_OK"
10983,10143301603,10143301633,1,"IOTHUB_CLIENT_CONFIRMATION_OK"
10984,10143301803,10143301881,1,"IOTHUB_CLIENT_CONFIRMATION_OK"
10985,10143302004,10143302145,1,"IOTHUB_CLIENT_CONFIRMATION_OK"
10986,10143302204,10143302249,1,"IOTHUB_CLIENT_CONFIRMATION_OK"
10987,10143302404,10143302436,1,"IOTHUB_CLIENT_CONFIRMATION_OK"
10988,10143302604,10143302654,1,"IOTHUB_CLIENT_CONFIRMATION_OK"
10989,10143302804,10143302862,1,"IOTHUB_CLIENT_CONFIRMATION_OK"
10990,10143303004,10143303095,1,"IOTHUB_CLIENT_CONFIRMATION_OK"
10991,10143303205,10143303235,1,"IOTHUB_CLIENT_CONFIRMATION_OK"
10992,10143303405,10143303445,1,"IOTHUB_CLIENT_CONFIRMATION_OK"
10993,10143303605,10143303646,1,"IOTHUB_CLIENT_CONFIRMATION_OK"
10994,10143303805,10143303910,1,"IOTHUB_CLIENT_CONFIRMATION_OK"
10995,10143304005,10143304040,1,"IOTHUB_CLIENT_CONFIRMATION_OK"
10996,10143304205,10143304246,1,"IOTHUB_CLIENT_CONFIRMATION_OK"
10997,10143304406,10143304698,1,"IOTHUB_CLIENT_CONFIRMATION_OK"
10998,10143304606,10143304722,1,"IOTHUB_CLIENT_CONFIRMATION_OK"
10999,10143304806,10143304844,1,"IOTHUB_CLIENT_CONFIRMATION_OK"
11000,10143305006,10143305096,1,"IOTHUB_CLIENT_CONFIRMATION_OK"
11001,10143305206,10143305248,1,"IOTHUB_CLIENT_CONFIRMATION_OK"
11002,10143305406,10143305449,1,"IOTHUB_CLIENT_CONFIRMATION_OK"
11003,10143305606,10143305642,1,"IOTHUB_CLIENT_CONFIRMATION_OK"
11004,10143305807,10143305836,1,"IOTHUB_CLIENT_CONFIRMATION_OK"
11005,10143306007,10143306152,1,"IOTHUB_CLIENT_CONFIRMATION_OK"
11006,10143306207,10143306236,1,"IOTHUB_CLIENT_CONFIRMATION_OK"
11007,10143306407,10143306451,1,"IOTHUB_CLIENT_CONFIRMATION_OK"
11008,10143306607,10143306739,1,"IOTHUB_CLIENT_CONFIRMATION_OK"
11009,10143306807,10143306871,1,"IOTHUB_CLIENT_CONFIRMATION_OK"
11010,10143307007,10143307057,1,"IOTHUB_CLIENT_CONFIRMATION_OK"
11011,10143307208,10143307357,1,"IOTHUB_CLIENT_CONFIRMATION_OK"
11012,10143307408,10143307477,1,"IOTHUB_CLIENT_CONFIRMATION_OK"
11013,10143307608,10143307646,1,"IOTHUB_CLIENT_CONFIRMATION_OK"
11014,10143307808,10143307846,1,"IOTHUB_CLIENT_CONFIRMATION_OK"
11015,10143308008,10143308046,1,"IOTHUB_CLIENT_CONFIRMATION_OK"
11016,10143308209,10143308241,1,"IOTHUB_CLIENT_CONFIRMATION_OK"
11017,10143308409,10143308438,1,"IOTHUB_CLIENT_CONFIRMATION_OK"
11018,10143308609,10143308653,1,"IOTHUB_CLIENT_CONFIRMATION_OK"
11019,10143308809,10143308962,1,"IOTHUB_CLIENT_CONFIRMATION_OK"
11020,10143309009,10143309040,1,"IOTHUB_CLIENT_CONFIRMATION_OK"
11021,10143309209,10143309270,1,"IOTHUB_CLIENT_CONFIRMATION_OK"
11022,10143309410,10143309648,1,"IOTHUB_CLIENT_CONFIRMATION_OK"
11023,10143309610,10143309713,1,"IOTHUB_CLIENT_CONFIRMATION_OK"
11024,10143309810,10143309858,1,"IOTHUB_CLIENT_CONFIRMATION_OK"
11025,10143310010,10143310055,1,"IOTHUB_CLIENT_CONFIRMATION_OK"
11026,10143310210,10143310244,1,"IOTHUB_CLIENT_CONFIRMATION_OK"
11027,10143310410,10143310449,1,"IOTHUB_CLIENT_CONFIRMATION_OK"
11028,10143310611,10143310661,1,"IOTHUB_CLIENT_CONFIRMATION_OK"
11029,10143310811,10143310844,1,"IOTHUB_CLIENT_CONFIRMATION_OK"
11030,10143311011,10143311191,1,"IOTHUB_CLIENT_CONFIRMATION_OK"
11031,10143311211,10143311246,1,"IOTHUB_CLIENT_CONFIRMATION_OK"
11032,10143311411,10143311467,1,"IOTHUB_CLIENT_CONFIRMATION_OK"
11033,10143311611,10143311647,1,"IOTHUB_CLIENT_CONFIRMATION_OK"
11034,10143311811,10143311844,1,"IOTHUB_CLIENT_CONFIRMATION_OK"
11035,10143312012,10143312043,1,"IOTHUB_CLIENT_CONFIRMATION_OK"
11036,10143312212,10143312253,1,"IOTHUB_CLIENT_CONFIRMATION_OK"
11037,10143312412,10143312451,1,"IOTHUB_CLIENT_CONFIRMATION_OK"
11038,10143312612,10143312657,1,"IOTHUB_CLIENT_CONFIRMATION_OK"
11039,10143312812,10143312849,1,"IOTHUB_CLIENT_CONFIRMATION_OK"
11040,10143313012,10143313054,1,"IOTHUB_CLIENT_CONFIRMATION_OK"
11041,10143313212,10143313260,1,"IOTHUB_CLIENT_CONFIRMATION_OK"
11042,10143313413,10143313460,1,"IOTHUB_CLIENT_CONFIRMATION_OK"
11043,10143313613,10143313652,1,"IOTHUB_CLIENT_CONFIRMATION_OK"
11044,10143313813,10143313860,1,"IOTHUB_CLIENT_CONFIRMATION_OK"
11045,10143314013,10143314052,1,"IOTHUB_CLIENT_CONFIRMATION_OK"
11046,10143314213,10143314250,1,"IOTHUB_CLIENT_CONFIRMATION_OK"
11047,10143314413,10143314455,1,"IOTHUB_CLIENT_CONFIRMATION_OK"
11048,10143314613,10143314644,1,"IOTHUB_CLIENT_CONFIRMATION_OK"
11049,10143314814,10143314863,1,"IOTHUB_CLIENT_CONFIRMATION_OK"
11050,10143315014,10143315066,1,"IOTHUB_CLIENT_CONFIRMATION_OK"
11051,10143315214,10143315259,1,"IOTHUB_CLIENT_CONFIRMATION_OK"
11052,10143315414,10143315452,1,"IOTHUB_CLIENT_CONFIRMATION_OK"
11053,10143315614,10143315647,1,"IOTHUB_CLIENT_CONFIRMATION_OK"
11054,10143315814,10143315853,1,"IOTHUB_CLIENT_CONFIRMATION_OK"
11055,10143316015,10143316084,1,"IOTHUB_CLIENT_CONFIRMATION_OK"
11056,10143316215,10143316245,1,"IOTHUB_CLIENT_CONFIRMATION_OK"
11057,10143316415,10143316449,1,"IOTHUB_CLIENT_CONFIRMATION_OK"
11058,10143316615,10143316689,1,"IOTHUB_CLIENT_CONFIRMATION_OK"
11059,10143316815,10143316848,1,"IOTHUB_CLIENT_CONFIRMATION_OK"
11060,10143317015,10143317045,1,"IOTHUB_CLIENT_CONFIRMATION_OK"
11061,10143317216,10143317334,1,"IOTHUB_CLIENT_CONFIRMATION_OK"
11062,10143317416,10143317710,1,"IOTHUB_CLIENT_CONFIRMATION_OK"
11063,10143317616,10143318181,1,"IOTHUB_CLIENT_CONFIRMATION_OK"
11064,10143317816,10143318234,1,"IOTHUB_CLIENT_CONFIRMATION_OK"
11065,10143318016,10143318284,1,"IOTHUB_CLIENT_CONFIRMATION_OK"
11066,10143318216,10143318330,1,"IOTHUB_CLIENT_CONFIRMATION_OK"
11067,10143318417,10143318452,1,"IOTHUB_CLIENT_CONFIRMATION_OK"
11068,10143318617,10143318650,1,"IOTHUB_CLIENT_CONFIRMATION_OK"
11069,10143318817,10143318926,1,"IOTHUB_CLIENT_CONFIRMATION_OK"
11070,10143319017,10143319053,1,"IOTHUB_CLIENT_CONFIRMATION_OK"
11071,10143319217,10143319279,1,"IOTHUB_CLIENT_CONFIRMATION_OK"
11072,10143319417,10143319543,1,"IOTHUB_CLIENT_CONFIRMATION_OK"
11073,10143319617,10143319655,1,"IOTHUB_CLIENT_CONFIRMATION_OK"
11074,10143319818,10143319861,1,"IOTHUB_CLIENT_CONFIRMATION_OK"
11075,10143320018,10143320049,1,"IOTHUB_CLIENT_CONFIRMATION_OK"
11076,10143320218,10143320252,1,"IOTHUB_CLIENT_CONFIRMATION_OK"
11077,10143320418,10143320450,1,"IOTHUB_CLIENT_CONFIRMATION_OK"
11078,10143320618,10143320660,1,"IOTHUB_CLIENT_CONFIRMATION_OK"
11079,10143320818,10143320911,1,"IOTHUB_CLIENT_CONFIRMATION_OK"
11080,10143321018,10143321172,1,"IOTHUB_CLIENT_CONFIRMATION_OK"
11081,10143321219,10143321247,1,"IOTHUB_CLIENT_CONFIRMATION_OK"
11082,10143321419,10143321460,1,"IOTHUB_CLIENT_CONFIRMATION_OK"
11083,10143321619,10143321771,1,"IOTHUB_CLIENT_CONFIRMATION_OK"
11084,10143321819,10143321858,1,"IOTHUB_CLIENT_CONFIRMATION_OK"
11085,10143322019,10143322069,1,"IOTHUB_CLIENT_CONFIRMATION_OK"
11086,10143322219,10143322251,1,"IOTHUB_CLIENT_CONFIRMATION_OK"
11087,10143322420,10143322455,1,"IOTHUB_CLIENT_CONFIRMATION_OK"
11088,10143322620,10143322658,1,"IOTHUB_CLIENT_CONFIRMATION_OK"
11089,10143322820,10143322866,1,"IOTHUB_CLIENT_CONFIRMATION_OK"
11090,10143323020,10143323111,1,"IOTHUB_CLIENT_CONFIRMATION_OK"
11091,10143323220,10143323490,1,"IOTHUB_CLIENT_CONFIRMATION_OK"
11092,10143323420,10143323526,1,"IOTHUB_CLIENT_CONFIRMATION_OK"
11093,10143323620,10143323655,1,"IOTHUB_CLIENT_CONFIRMATION_OK"
11094,10143323821,10143323857,1,"IOTHUB_CLIENT_CONFIRMATION_OK"
11095,10143324021,10143324055,1,"IOTHUB_CLIENT_CONFIRMATION_OK"
11096,10143324221,10143324251,1,"IOTHUB_CLIENT_CONFIRMATION_OK"
11097,10143324421,10143324452,1,"IOTHUB_CLIENT_CONFIRMATION_OK"
11098,10143324621,10143324653,1,"IOTHUB_CLIENT_CONFIRMATION_OK"
11099,10143324821,10143324880,1,"IOTHUB_CLIENT_CONFIRMATION_OK"
11100,10143325021,10143325107,1,"IOTHUB_CLIENT_CONFIRMATION_OK"
11101,10143325222,10143325252,1,"IOTHUB_CLIENT_CONFIRMATION_OK"
11102,10143325422,10143325469,1,"IOTHUB_CLIENT_CONFIRMATION_OK"
11103,10143325622,10143325683,1,"IOTHUB_CLIENT_CONFIRMATION_OK"
11104,10143325822,10143325852,1,"IOTHUB_CLIENT_CONFIRMATION_OK"
11105,10143326022,10143326054,1,"IOTHUB_CLIENT_CONFIRMATION_OK"
11106,10143326222,10143326271,1,"IOTHUB_CLIENT_CONFIRMATION_OK"
11107,10143326423,10143326458,1,"IOTHUB_CLIENT_CONFIRMATION_OK"
11108,10143326623,10143326656,1,"IOTHUB_CLIENT_CONFIRMATION_OK"
11109,10143326823,10143326854,1,"IOTHUB_CLIENT_CONFIRMATION_OK"
11110,10143327023,10143327064,1,"IOTHUB_CLIENT_CONFIRMATION_OK"
11111,10143327223,10143327273,1,"IOTHUB_CLIENT_CONFIRMATION_OK"
11112,10143327423,10143327464,1,"IOTHUB_CLIENT_CONFIRMATION_OK"
11113,10143327623,10143327668,1,"IOTHUB_CLIENT_CONFIRMATION_OK"
11114,10143327824,10143327879,1,"IOTHUB_CLIENT_CONFIRMATION_OK"
11115,10143328024,10143328056,1,"IOTHUB_CLIENT_CONFIRMATION_OK"
11116,10143328224,10143328263,1,"IOTHUB_CLIENT_CONFIRMATION_OK"
11117,10143328424,10143328472,1,"IOTHUB_CLIENT_CONFIRMATION_OK"
11118,10143328624,10143328657,1,"IOTHUB_CLIENT_CONFIRMATION_OK"
11119,10143328824,10143328886,1,"IOTHUB_CLIENT_CONFIRMATION_OK"
11120,10143329024,10143329057,1,"IOTHUB_CLIENT_CONFIRMATION_OK"
11121,10143329225,10143329264,1,"IOTHUB_CLIENT_CONFIRMATION_OK"
11122,10143329425,10143329493,1,"IOTHUB_CLIENT_CONFIRMATION_OK"
11123,10143329625,10143329654,1,"IOTHUB_CLIENT_CONFIRMATION_OK"
11124,10143329825,10143329911,1,"IOTHUB_CLIENT_CONFIRMATION_OK"
11125,10143330025,10143330115,1,"IOTHUB_CLIENT_CONFIRMATION_OK"
11126,10143330225,10143330255,1,"IOTHUB_CLIENT_CONFIRMATION_OK"
11127,10143330426,10143330496,1,"IOTHUB_CLIENT_CONFIRMATION_OK"
11128,10143330626,10143330677,1,"IOTHUB_CLIENT_CONFIRMATION_OK"
11129,10143330826,10143330859,1,"IOTHUB_CLIENT_CONFIRMATION_OK"
11130,10143331026,10143331126,1,"IOTHUB_CLIENT_CONFIRMATION_OK"
11131,10143331226,10143331298,1,"IOTHUB_CLIENT_CONFIRMATION_OK"
11132,10143331426,10143331518,1,"IOTHUB_CLIENT_CONFIRMATION_OK"
11133,10143331626,10143331756,1,"IOTHUB_CLIENT_CONFIRMATION_OK"
11134,10143331827,10143331865,1,"IOTHUB_CLIENT_CONFIRMATION_OK"
11135,10143332027,10143332071,1,"IOTHUB_CLIENT_CONFIRMATION_OK"
11136,10143332227,10143332258,1,"IOTHUB_CLIENT_CONFIRMATION_OK"
11137,10143332427,10143332470,1,"IOTHUB_CLIENT_CONFIRMATION_OK"
11138,10143332627,10143332703,1,"IOTHUB_CLIENT_CONFIRMATION_OK"
11139,10143332828,10143332861,1,"IOTHUB_CLIENT_CONFIRMATION_OK"
11140,10143333028,10143333083,1,"IOTHUB_CLIENT_CONFIRMATION_OK"
11141,10143333228,10143333353,1,"IOTHUB_CLIENT_CONFIRMATION_OK"
11142,10143333428,10143333457,1,"IOTHUB_CLIENT_CONFIRMATION_OK"
11143,10143333628,10143333659,1,"IOTHUB_CLIENT_CONFIRMATION_OK"
11144,10143333828,10143333975,1,"IOTHUB_CLIENT_CONFIRMATION_OK"
11145,10143334029,10143334065,1,"IOTHUB_CLIENT_CONFIRMATION_OK"
11146,10143334229,10143334279,1,"IOTHUB_CLIENT_CONFIRMATION_OK"
11147,10143334429,10143334460,1,"IOTHUB_CLIENT_CONFIRMATION_OK"
11148,10143334629,10143334661,1,"IOTHUB_CLIENT_CONFIRMATION_OK"
11149,10143334829,10143334863,1,"IOTHUB_CLIENT_CONFIRMATION_OK"
11150,10143335029,10143335066,1,"IOTHUB_CLIENT_CONFIRMATION_OK"
11151,10143335229,10143335298,1,"IOTHUB_CLIENT_CONFIRMATION_OK"
11152,10143335429,10143335584,1,"IOTHUB_CLIENT_CONFIRMATION_OK"
11153,10143335630,10143335661,1,"IOTHUB_CLIENT_CONFIRMATION_OK"
11154,10143335830,10143335873,1,"IOTHUB_CLIENT_CONFIRMATION_OK"
11155,10143336030,10143336203,1,"IOTHUB_CLIENT_CONFIRMATION_OK"
11156,10143336230,10143336265,1,"IOTHUB_CLIENT_CONFIRMATION_OK"
11157,10143336430,10143336466,1,"IOTHUB_CLIENT_CONFIRMATION_OK"
11158,10143336630,10143336670,1,"IOTHUB_CLIENT_CONFIRMATION_OK"
11159,10143336831,10143336868,1,"IOTHUB_CLIENT_CONFIRMATION_OK"
11160,10143337031,10143337077,1,"IOTHUB_CLIENT_CONFIRMATION_OK"
11161,10143337231,10143337271,1,"IOTHUB_CLIENT_CONFIRMATION_OK"
11162,10143337431,10143337471,1,"IOTHUB_CLIENT_CONFIRMATION_OK"
11163,10143337631,10143337826,1,"IOTHUB_CLIENT_CONFIRMATION_OK"
11164,10143337831,10143337862,1,"IOTHUB_CLIENT_CONFIRMATION_OK"
11165,10143338032,10143338079,1,"IOTHUB_CLIENT_CONFIRMATION_OK"
11166,10143338232,10143338261,1,"IOTHUB_CLIENT_CONFIRMATION_OK"
11167,10143338432,10143338465,1,"IOTHUB_CLIENT_CONFIRMATION_OK"
11168,10143338632,10143338664,1,"IOTHUB_CLIENT_CONFIRMATION_OK"
11169,10143338832,10143338905,1,"IOTHUB_CLIENT_CONFIRMATION_OK"
11170,10143339032,10143339065,1,"IOTHUB_CLIENT_CONFIRMATION_OK"
11171,10143339232,10143339272,1,"IOTHUB_CLIENT_CONFIRMATION_OK"
11172,10143339433,10143339523,1,"IOTHUB_CLIENT_CONFIRMATION_OK"
11173,10143339633,10143339665,1,"IOTHUB_CLIENT_CONFIRMATION_OK"
11174,10143339833,10143339868,1,"IOTHUB_CLIENT_CONFIRMATION_OK"
11175,10143340033,10143340084,1,"IOTHUB_CLIENT_CONFIRMATION_OK"
11176,10143340233,10143340264,1,"IOTHUB_CLIENT_CONFIRMATION_OK"
11177,10143340433,10143340482,1,"IOTHUB_CLIENT_CONFIRMATION_OK"
11178,10143340633,10143340666,1,"IOTHUB_CLIENT_CONFIRMATION_OK"
11179,10143340834,10143340874,1,"IOTHUB_CLIENT_CONFIRMATION_OK"
11180,10143341034,10143341085,1,"IOTHUB_CLIENT_CONFIRMATION_OK"
11181,10143341234,10143341263,1,"IOTHUB_CLIENT_CONFIRMATION_OK"
11182,10143341434,10143341476,1,"IOTHUB_CLIENT_CONFIRMATION_OK"
11183,10143341634,10143341699,1,"IOTHUB_CLIENT_CONFIRMATION_OK"
11184,10143341834,10143341867,1,"IOTHUB_CLIENT_CONFIRMATION_OK"
11185,10143342035,10143342075,1,"IOTHUB_CLIENT_CONFIRMATION_OK"
11186,10143342235,10143342273,1,"IOTHUB_CLIENT_CONFIRMATION_OK"
11187,10143342435,10143342478,1,"IOTHUB_CLIENT_CONFIRMATION_OK"
11188,10143342635,10143342713,1,"IOTHUB_CLIENT_CONFIRMATION_OK"
11189,10143342835,10143342868,1,"IOTHUB_CLIENT_CONFIRMATION_OK"
11190,10143343035,10143343068,1,"IOTHUB_CLIENT_CONFIRMATION_OK"
11191,10143343236,10143343384,1,"IOTHUB_CLIENT_CONFIRMATION_OK"
11192,10143343436,10143343470,1,"IOTHUB_CLIENT_CONFIRMATION_OK"
11193,10143343636,10143343675,1,"IOTHUB_CLIENT_CONFIRMATION_OK"
11194,10143343836,10143343957,1,"IOTHUB_CLIENT_CONFIRMATION_OK"
11195,10143344036,10143344069,1,"IOTHUB_CLIENT_CONFIRMATION_OK"
11196,10143344236,10143344280,1,"IOTHUB_CLIENT_CONFIRMATION_OK"
11197,10143344436,10143344480,1,"IOTHUB_CLIENT_CONFIRMATION_OK"
11198,10143344637,10143344670,1,"IOTHUB_CLIENT_CONFIRMATION_OK"
11199,10143344837,10143344890,1,"IOTHUB_CLIENT_CONFIRMATION_OK"
11200,10143345037,10143345092,1,"IOTHUB_CLIENT_CONFIRMATION_OK"
11201,10143345237,10143345268,1,"IOTHUB_CLIENT_CONFIRMATION_OK"
11202,10143345437,10143345591,1,"IOTHUB_CLIENT_CONFIRMATION_OK"
11203,10143345637,10143345678,1,"IOTHUB_CLIENT_CONFIRMATION_OK"
11204,10143345838,10143345877,1,"IOTHUB_CLIENT_CONFIRMATION_OK"
11205,10143346038,10143346211,1,"IOTHUB_CLIENT_CONFIRMATION_OK"
11206,10143346238,10143346277,1,"IOTHUB_CLIENT_CONFIRMATION_OK"
11207,10143346438,10143346493,1,"IOTHUB_CLIENT_CONFIRMATION_OK"
11208,10143346638,10143346690,1,"IOTHUB_CLIENT_CONFIRMATION_OK"
11209,10143346838,10143346884,1,"IOTHUB_CLIENT_CONFIRMATION_OK"
11210,10143347039,10143347084,1,"IOTHUB_CLIENT_CONFIRMATION_OK"
11211,10143347239,10143347272,1,"IOTHUB_CLIENT_CONFIRMATION_OK"
11212,10143347439,10143347472,1,"IOTHUB_CLIENT_CONFIRMATION_OK"
11213,10143347639,10143347842,1,"IOTHUB_CLIENT_CONFIRMATION_OK"
11214,10143347839,10143347893,1,"IOTHUB_CLIENT_CONFIRMATION_OK"
11215,10143348039,10143348075,1,"IOTHUB_CLIENT_CONFIRMATION_OK"
11216,10143348239,10143348267,1,"IOTHUB_CLIENT_CONFIRMATION_OK"
11217,10143348440,10143348477,1,"IOTHUB_CLIENT_CONFIRMATION_OK"
11218,10143348640,10143348670,1,"IOTHUB_CLIENT_CONFIRMATION_OK"
11219,10143348840,10143348884,1,"IOTHUB_CLIENT_CONFIRMATION_OK"
11220,10143349040,10143349081,1,"IOTHUB_CLIENT_CONFIRMATION_OK"
11221,10143349240,10143349271,1,"IOTHUB_CLIENT_CONFIRMATION_OK"
11222,10143349441,10143349479,1,"IOTHUB_CLIENT_CONFIRMATION_OK"
11223,10143349641,10143349681,1,"IOTHUB_CLIENT_CONFIRMATION_OK"
11224,10143349841,10143349870,1,"IOTHUB_CLIENT_CONFIRMATION_OK"
11225,10143350041,10143350078,1,"IOTHUB_CLIENT_CONFIRMATION_OK"
11226,10143350241,10143350271,1,"IOTHUB_CLIENT_CONFIRMATION_OK"
11227,10143350441,10143350485,1,"IOTHUB_CLIENT_CONFIRMATION_OK"
11228,10143350642,10143350692,1,"IOTHUB_CLIENT_CONFIRMATION_OK"
11229,10143350842,10143350906,1,"IOTHUB_CLIENT_CONFIRMATION_OK"
11230,10143351042,10143351085,1,"IOTHUB_CLIENT_CONFIRMATION_OK"
11231,10143351242,10143351282,1,"IOTHUB_CLIENT_CONFIRMATION_OK"
11232,10143351442,10143351472,1,"IOTHUB_CLIENT_CONFIRMATION_OK"
11233,10143351642,10143351682,1,"IOTHUB_CLIENT_CONFIRMATION_OK"
11234,10143351842,10143351879,1,"IOTHUB_CLIENT_CONFIRMATION_OK"
11235,10143352043,10143352074,1,"IOTHUB_CLIENT_CONFIRMATION_OK"
11236,10143352243,10143352280,1,"IOTHUB_CLIENT_CONFIRMATION_OK"
11237,10143352443,10143352476,1,"IOTHUB_CLIENT_CONFIRMATION_OK"
11238,10143352643,10143352704,1,"IOTHUB_CLIENT_CONFIRMATION_OK"
11239,10143352843,10143352883,1,"IOTHUB_CLIENT_CONFIRMATION_OK"
11240,10143353043,10143353086,1,"IOTHUB_CLIENT_CONFIRMATION_OK"
11241,10143353243,10143353315,1,"IOTHUB_CLIENT_CONFIRMATION_OK"
11242,10143353444,10143353476,1,"IOTHUB_CLIENT_CONFIRMATION_OK"
11243,10143353644,10143353683,1,"IOTHUB_CLIENT_CONFIRMATION_OK"
11244,10143353844,10143353921,1,"IOTHUB_CLIENT_CONFIRMATION_OK"
11245,10143354044,10143354091,1,"IOTHUB_CLIENT_CONFIRMATION_OK"
11246,10143354244,10143354291,1,"IOTHUB_CLIENT_CONFIRMATION_OK"
11247,10143354444,10143354478,1,"IOTHUB_CLIENT_CONFIRMATION_OK"
11248,10143354645,10143354688,1,"IOTHUB_CLIENT_CONFIRMATION_OK"
11249,10143354845,10143354949,1,"IOTHUB_CLIENT_CONFIRMATION_OK"
11250,10143355045,10143355077,1,"IOTHUB_CLIENT_CONFIRMATION_OK"
11251,10143355245,10143355275,1,"IOTHUB_CLIENT_CONFIRMATION_OK"
11252,10143355445,10143355565,1,"IOTHUB_CLIENT_CONFIRMATION_OK"
11253,10143355645,10143355768,1,"IOTHUB_CLIENT_CONFIRMATION_OK"
11254,10143355846,10143355884,1,"IOTHUB_CLIENT_CONFIRMATION_OK"
11255,10143356046,10143356214,1,"IOTHUB_CLIENT_CONFIRMATION_OK"
11256,10143356246,10143356289,1,"IOTHUB_CLIENT_CONFIRMATION_OK"
11257,10143356446,10143356488,1,"IOTHUB_CLIENT_CONFIRMATION_OK"
11258,10143356646,10143356680,1,"IOTHUB_CLIENT_CONFIRMATION_OK"
11259,10143356846,10143356880,1,"IOTHUB_CLIENT_CONFIRMATION_OK"
11260,10143357046,10143357086,1,"IOTHUB_CLIENT_CONFIRMATION_OK"
11261,10143357247,10143357277,1,"IOTHUB_CLIENT_CONFIRMATION_OK"
11262,10143357447,10143357486,1,"IOTHUB_CLIENT_CONFIRMATION_OK"
11263,10143357647,10143357690,1,"IOTHUB_CLIENT_CONFIRMATION_OK"
11264,10143357847,10143357913,1,"IOTHUB_CLIENT_CONFIRMATION_OK"
11265,10143358047,10143358089,1,"IOTHUB_CLIENT_CONFIRMATION_OK"
11266,10143358247,10143358278,1,"IOTHUB_CLIENT_CONFIRMATION_OK"
11267,10143358447,10143358490,1,"IOTHUB_CLIENT_CONFIRMATION_OK"
11268,10143358648,10143358695,1,"IOTHUB_CLIENT_CONFIRMATION_OK"
11269,10143358848,10143358904,1,"IOTHUB_CLIENT_CONFIRMATION_OK"
11270,10143359048,10143359088,1,"IOTHUB_CLIENT_CONFIRMATION_OK"
11271,10143359248,10143359287,1,"IOTHUB_CLIENT_CONFIRMATION_OK"
11272,10143359448,10143359493,1,"IOTHUB_CLIENT_CONFIRMATION_OK"
11273,10143359648,10143359732,1,"IOTHUB_CLIENT_CONFIRMATION_OK"
11274,10143359849,10143359900,1,"IOTHUB_CLIENT_CONFIRMATION_OK"
11275,10143360049,10143360088,1,"IOTHUB_CLIENT_CONFIRMATION_OK"
11276,10143360249,10143360334,1,"IOTHUB_CLIENT_CONFIRMATION_OK"
11277,10143360449,10143360503,1,"IOTHUB_CLIENT_CONFIRMATION_OK"
11278,10143360649,10143360691,1,"IOTHUB_CLIENT_CONFIRMATION_OK"
11279,10143360849,10143360911,1,"IOTHUB_CLIENT_CONFIRMATION_OK"
11280,10143361049,10143361118,1,"IOTHUB_CLIENT_CONFIRMATION_OK"
11281,10143361250,10143361288,1,"IOTHUB_CLIENT_CONFIRMATION_OK"
11282,10143361450,10143361480,1,"IOTHUB_CLIENT_CONFIRMATION_OK"
11283,10143361650,10143361726,1,"IOTHUB_CLIENT_CONFIRMATION_OK"
11284,10143361850,10143361880,1,"IOTHUB_CLIENT_CONFIRMATION_OK"
11285,10143362050,10143362131,1,"IOTHUB_CLIENT_CONFIRMATION_OK"
11286,10143362250,10143362282,1,"IOTHUB_CLIENT_CONFIRMATION_OK"
11287,10143362450,10143362495,1,"IOTHUB_CLIENT_CONFIRMATION_OK"
11288,10143362651,10143362735,1,"IOTHUB_CLIENT_CONFIRMATION_OK"
11289,10143362851,10143362884,1,"IOTHUB_CLIENT_CONFIRMATION_OK"
11290,10143363051,10143363084,1,"IOTHUB_CLIENT_CONFIRMATION_OK"
11291,10143363251,10143363345,1,"IOTHUB_CLIENT_CONFIRMATION_OK"
11292,10143363451,10143363481,1,"IOTHUB_CLIENT_CONFIRMATION_OK"
11293,10143363651,10143363685,1,"IOTHUB_CLIENT_CONFIRMATION_OK"
11294,10143363852,10143363895,1,"IOTHUB_CLIENT_CONFIRMATION_OK"
11295,10143364052,10143364085,1,"IOTHUB_CLIENT_CONFIRMATION_OK"
11296,10143364252,10143364296,1,"IOTHUB_CLIENT_CONFIRMATION_OK"
11297,10143364452,10143364483,1,"IOTHUB_CLIENT_CONFIRMATION_OK"
11298,10143364652,10143364683,1,"IOTHUB_CLIENT_CONFIRMATION_OK"
11299,10143364852,10143364970,1,"IOTHUB_CLIENT_CONFIRMATION_OK"
11300,10143365052,10143365102,1,"IOTHUB_CLIENT_CONFIRMATION_OK"
11301,10143365253,10143365284,1,"IOTHUB_CLIENT_CONFIRMATION_OK"
11302,10143365453,10143365588,1,"IOTHUB_CLIENT_CONFIRMATION_OK"
11303,10143365653,10143365685,1,"IOTHUB_CLIENT_CONFIRMATION_OK"
11304,10143365853,10143365896,1,"IOTHUB_CLIENT_CONFIRMATION_OK"
11305,10143366053,10143366086,1,"IOTHUB_CLIENT_CONFIRMATION_OK"
11306,10143366253,10143366286,1,"IOTHUB_CLIENT_CONFIRMATION_OK"
11307,10143366454,10143366488,1,"IOTHUB_CLIENT_CONFIRMATION_OK"
11308,10143366654,10143366688,1,"IOTHUB_CLIENT_CONFIRMATION_OK"
11309,10143366854,10143366896,1,"IOTHUB_CLIENT_CONFIRMATION_OK"
11310,10143367054,10143367210,1,"IOTHUB_CLIENT_CONFIRMATION_OK"
11311,10143367254,10143367312,1,"IOTHUB_CLIENT_CONFIRMATION_OK"
11312,10143367454,10143367485,1,"IOTHUB_CLIENT_CONFIRMATION_OK"
11313,10143367654,10143367820,1,"IOTHUB_CLIENT_CONFIRMATION_OK"
11314,10143367855,10143367893,1,"IOTHUB_CLIENT_CONFIRMATION_OK"
11315,10143368055,10143368106,1,"IOTHUB_CLIENT_CONFIRMATION_OK"
11316,10143368255,10143368302,1,"IOTHUB_CLIENT_CONFIRMATION_OK"
11317,10143368455,10143368491,1,"IOTHUB_CLIENT_CONFIRMATION_OK"
11318,10143368655,10143368699,1,"IOTHUB_CLIENT_CONFIRMATION_OK"
11319,10143368855,10143368888,1,"IOTHUB_CLIENT_CONFIRMATION_OK"
11320,10143369055,10143369107,1,"IOTHUB_CLIENT_CONFIRMATION_OK"
11321,10143369256,10143369287,1,"IOTHUB_CLIENT_CONFIRMATION_OK"
11322,10143369456,10143369493,1,"IOTHUB_CLIENT_CONFIRMATION_OK"
11323,10143369656,10143369686,1,"IOTHUB_CLIENT_CONFIRMATION_OK"
11324,10143369856,10143370060,1,"IOTHUB_CLIENT_CONFIRMATION_OK"
11325,10143370056,10143370090,1,"IOTHUB_CLIENT_CONFIRMATION_OK"
11326,10143370256,10143370289,1,"IOTHUB_CLIENT_CONFIRMATION_OK"
11327,10143370457,10143370489,1,"IOTHUB_CLIENT_CONFIRMATION_OK"
11328,10143370657,10143370698,1,"IOTHUB_CLIENT_CONFIRMATION_OK"
11329,10143370857,10143370904,1,"IOTHUB_CLIENT_CONFIRMATION_OK"
11330,10143371057,10143371096,1,"IOTHUB_CLIENT_CONFIRMATION_OK"
11331,10143371257,10143371306,1,"IOTHUB_CLIENT_CONFIRMATION_OK"
11332,10143371457,10143371489,1,"IOTHUB_CLIENT_CONFIRMATION_OK"
11333,10143371658,10143371702,1,"IOTHUB_CLIENT_CONFIRMATION_OK"
11334,10143371858,10143371894,1,"IOTHUB_CLIENT_CONFIRMATION_OK"
11335,10143372058,10143372092,1,"IOTHUB_CLIENT_CONFIRMATION_OK"
11336,10143372258,10143372300,1,"IOTHUB_CLIENT_CONFIRMATION_OK"
11337,10143372458,10143372500,1,"IOTHUB_CLIENT_CONFIRMATION_OK"
11338,10143372658,10143372732,1,"IOTHUB_CLIENT_CONFIRMATION_OK"
11339,10143372858,10143372899,1,"IOTHUB_CLIENT_CONFIRMATION_OK"
11340,10143373059,10143373098,1,"IOTHUB_CLIENT_CONFIRMATION_OK"
11341,10143373259,10143373333,1,"IOTHUB_CLIENT_CONFIRMATION_OK"
11342,10143373459,10143373530,1,"IOTHUB_CLIENT_CONFIRMATION_OK"
11343,10143373659,10143373699,1,"IOTHUB_CLIENT_CONFIRMATION_OK"
11344,10143373859,10143373890,1,"IOTHUB_CLIENT_CONFIRMATION_OK"
11345,10143374060,10143374093,1,"IOTHUB_CLIENT_CONFIRMATION_OK"
11346,10143374260,10143374346,1,"IOTHUB_CLIENT_CONFIRMATION_OK"
11347,10143374460,10143374490,1,"IOTHUB_CLIENT_CONFIRMATION_OK"
11348,10143374660,10143374703,1,"IOTHUB_CLIENT_CONFIRMATION_OK"
11349,10143374860,10143374959,1,"IOTHUB_CLIENT_CONFIRMATION_OK"
11350,10143375060,10143375100,1,"IOTHUB_CLIENT_CONFIRMATION_OK"
11351,10143375261,10143375300,1,"IOTHUB_CLIENT_CONFIRMATION_OK"
11352,10143375461,10143375583,1,"IOTHUB_CLIENT_CONFIRMATION_OK"
11353,10143375661,10143375690,1,"IOTHUB_CLIENT_CONFIRMATION_OK"
11354,10143375861,10143375902,1,"IOTHUB_CLIENT_CONFIRMATION_OK"
11355,10143376061,10143376101,1,"IOTHUB_CLIENT_CONFIRMATION_OK"
11356,10143376261,10143376303,1,"IOTHUB_CLIENT_CONFIRMATION_OK"
11357,10143376462,10143376504,1,"IOTHUB_CLIENT_CONFIRMATION_OK"
11358,10143376662,10143376712,1,"IOTHUB_CLIENT_CONFIRMATION_OK"
11359,10143376862,10143376897,1,"IOTHUB_CLIENT_CONFIRMATION_OK"
11360,10143377062,10143377205,1,"IOTHUB_CLIENT_CONFIRMATION_OK"
11361,10143377262,10143377301,1,"IOTHUB_CLIENT_CONFIRMATION_OK"
11362,10143377462,10143377518,1,"IOTHUB_CLIENT_CONFIRMATION_OK"
11363,10143377663,10143377821,1,"IOTHUB_CLIENT_CONFIRMATION_OK"
11364,10143377863,10143377904,1,"IOTHUB_CLIENT_CONFIRMATION_OK"
11365,10143378063,10143378111,1,"IOTHUB_CLIENT_CONFIRMATION_OK"
11366,10143378263,10143378302,1,"IOTHUB_CLIENT_CONFIRMATION_OK"
11367,10143378463,10143378507,1,"IOTHUB_CLIENT_CONFIRMATION_OK"
11368,10143378663,10143378701,1,"IOTHUB_CLIENT_CONFIRMATION_OK"
11369,10143378863,10143378906,1,"IOTHUB_CLIENT_CONFIRMATION_OK"
11370,10143379064,10143379105,1,"IOTHUB_CLIENT_CONFIRMATION_OK"
11371,10143379264,10143379444,1,"IOTHUB_CLIENT_CONFIRMATION_OK"
11372,10143379464,10143379523,1,"IOTHUB_CLIENT_CONFIRMATION_OK"
11373,10143379664,10143379725,1,"IOTHUB_CLIENT_CONFIRMATION_OK"
11374,10143379864,10143380049,1,"IOTHUB_CLIENT_CONFIRMATION_OK"
11375,10143380064,10143380107,1,"IOTHUB_CLIENT_CONFIRMATION_OK"
11376,10143380265,10143380307,1,"IOTHUB_CLIENT_CONFIRMATION_OK"
11377,10143380465,10143380510,1,"IOTHUB_CLIENT_CONFIRMATION_OK"
11378,10143380665,10143380711,1,"IOTHUB_CLIENT_CONFIRMATION_OK"
11379,10143380865,10143380917,1,"IOTHUB_CLIENT_CONFIRMATION_OK"
11380,10143381065,10143381101,1,"IOTHUB_CLIENT_CONFIRMATION_OK"
11381,10143381265,10143381311,1,"IOTHUB_CLIENT_CONFIRMATION_OK"
11382,10143381466,10143381498,1,"IOTHUB_CLIENT_CONFIRMATION_OK"
11383,10143381666,10143381703,1,"IOTHUB_CLIENT_CONFIRMATION_OK"
11384,10143381866,10143381903,1,"IOTHUB_CLIENT_CONFIRMATION_OK"
11385,10143382066,10143382104,1,"IOTHUB_CLIENT_CONFIRMATION_OK"
11386,10143382266,10143382326,1,"IOTHUB_CLIENT_CONFIRMATION_OK"
11387,10143382466,10143382511,1,"IOTHUB_CLIENT_CONFIRMATION_OK"
11388,10143382667,10143382723,1,"IOTHUB_CLIENT_CONFIRMATION_OK"
11389,10143382867,10143382911,1,"IOTHUB_CLIENT_CONFIRMATION_OK"
11390,10143383067,10143383104,1,"IOTHUB_CLIENT_CONFIRMATION_OK"
11391,10143383267,10143383321,1,"IOTHUB_CLIENT_CONFIRMATION_OK"
11392,10143383467,10143383505,1,"IOTHUB_CLIENT_CONFIRMATION_OK"
11393,10143383667,10143383726,1,"IOTHUB_CLIENT_CONFIRMATION_OK"
11394,10143383868,10143383905,1,"IOTHUB_CLIENT_CONFIRMATION_OK"
11395,10143384068,10143384110,1,"IOTHUB_CLIENT_CONFIRMATION_OK"
11396,10143384268,10143384329,1,"IOTHUB_CLIENT_CONFIRMATION_OK"
11397,10143384468,10143384600,1,"IOTHUB_CLIENT_CONFIRMATION_OK"
11398,10143384668,10143384739,1,"IOTHUB_CLIENT_CONFIRMATION_OK"
11399,10143384868,10143385022,1,"IOTHUB_CLIENT_CONFIRMATION_OK"
11400,10143385069,10143385099,1,"IOTHUB_CLIENT_CONFIRMATION_OK"
11401,10143385269,10143385299,1,"IOTHUB_CLIENT_CONFIRMATION_OK"
11402,10143385469,10143385511,1,"IOTHUB_CLIENT_CONFIRMATION_OK"
11403,10143385669,10143385721,1,"IOTHUB_CLIENT_CONFIRMATION_OK"
11404,10143385869,10143385905,1,"IOTHUB_CLIENT_CONFIRMATION_OK"
11405,10143386069,10143386107,1,"IOTHUB_CLIENT_CONFIRMATION_OK"
11406,10143386269,10143386318,1,"IOTHUB_CLIENT_CONFIRMATION_OK"
11407,10143386470,10143386646,1,"IOTHUB_CLIENT_CONFIRMATION_OK"
11408,10143386670,10143386710,1,"IOTHUB_CLIENT_CONFIRMATION_OK"
11409,10143386870,10143386925,1,"IOTHUB_CLIENT_CONFIRMATION_OK"
11410,10143387070,10143387267,1,"IOTHUB_CLIENT_CONFIRMATION_OK"
11411,10143387270,10143387300,1,"IOTHUB_CLIENT_CONFIRMATION_OK"
11412,10143387470,10143387512,1,"IOTHUB_CLIENT_CONFIRMATION_OK"
11413,10143387670,10143387704,1,"IOTHUB_CLIENT_CONFIRMATION_OK"
11414,10143387871,10143387922,1,"IOTHUB_CLIENT_CONFIRMATION_OK"
11415,10143388071,10143388108,1,"IOTHUB_CLIENT_CONFIRMATION_OK"
11416,10143388271,10143388338,1,"IOTHUB_CLIENT_CONFIRMATION_OK"
11417,10143388471,10143388511,1,"IOTHUB_CLIENT_CONFIRMATION_OK"
11418,10143388671,10143388711,1,"IOTHUB_CLIENT_CONFIRMATION_OK"
11419,10143388872,10143388914,1,"IOTHUB_CLIENT_CONFIRMATION_OK"
11420,10143389072,10143389110,1,"IOTHUB_CLIENT_CONFIRMATION_OK"
11421,10143389272,10143389316,1,"IOTHUB_CLIENT_CONFIRMATION_OK"
11422,10143389472,10143389554,1,"IOTHUB_CLIENT_CONFIRMATION_OK"
11423,10143389672,10143389713,1,"IOTHUB_CLIENT_CONFIRMATION_OK"
11424,10143389872,10143389908,1,"IOTHUB_CLIENT_CONFIRMATION_OK"
11425,10143390072,10143390113,1,"IOTHUB_CLIENT_CONFIRMATION_OK"
11426,10143390273,10143390313,1,"IOTHUB_CLIENT_CONFIRMATION_OK"
11427,10143390473,10143390518,1,"IOTHUB_CLIENT_CONFIRMATION_OK"
11428,10143390673,10143390709,1,"IOTHUB_CLIENT_CONFIRMATION_OK"
11429,10143390873,10143390917,1,"IOTHUB_CLIENT_CONFIRMATION_OK"
11430,10143391073,10143391139,1,"IOTHUB_CLIENT_CONFIRMATION_OK"
11431,10143391273,10143391323,1,"IOTHUB_CLIENT_CONFIRMATION_OK"
11432,10143391474,10143391536,1,"IOTHUB_CLIENT_CONFIRMATION_OK"
11433,10143391674,10143391715,1,"IOTHUB_CLIENT_CONFIRMATION_OK"
11434,10143391874,10143391917,1,"IOTHUB_CLIENT_CONFIRMATION_OK"
11435,10143392074,10143392149,1,"IOTHUB_CLIENT_CONFIRMATION_OK"
11436,10143392274,10143392315,1,"IOTHUB_CLIENT_CONFIRMATION_OK"
11437,10143392474,10143392524,1,"IOTHUB_CLIENT_CONFIRMATION_OK"
11438,10143392675,10143392828,1,"IOTHUB_CLIENT_CONFIRMATION_OK"
11439,10143392875,10143392943,1,"IOTHUB_CLIENT_CONFIRMATION_OK"
11440,10143393075,10143393121,1,"IOTHUB_CLIENT_CONFIRMATION_OK"
11441,10143393275,10143393316,1,"IOTHUB_CLIENT_CONFIRMATION_OK"
11442,10143393475,10143393517,1,"IOTHUB_CLIENT_CONFIRMATION_OK"
11443,10143393675,10143393711,1,"IOTHUB_CLIENT_CONFIRMATION_OK"
11444,10143393875,10143393917,1,"IOTHUB_CLIENT_CONFIRMATION_OK"
11445,10143394076,10143394114,1,"IOTHUB_CLIENT_CONFIRMATION_OK"
11446,10143394276,10143394387,1,"IOTHUB_CLIENT_CONFIRMATION_OK"
11447,10143394476,10143394516,1,"IOTHUB_CLIENT_CONFIRMATION_OK"
11448,10143394676,10143394719,1,"IOTHUB_CLIENT_CONFIRMATION_OK"
11449,10143394876,10143395005,1,"IOTHUB_CLIENT_CONFIRMATION_OK"
11450,10143395077,10143395159,1,"IOTHUB_CLIENT_CONFIRMATION_OK"
11451,10143395277,10143395316,1,"IOTHUB_CLIENT_CONFIRMATION_OK"
11452,10143395477,10143395520,1,"IOTHUB_CLIENT_CONFIRMATION_OK"
11453,10143395677,10143395718,1,"IOTHUB_CLIENT_CONFIRMATION_OK"
11454,10143395877,10143395949,1,"IOTHUB_CLIENT_CONFIRMATION_OK"
11455,10143396077,10143396126,1,"IOTHUB_CLIENT_CONFIRMATION_OK"
11456,10143396278,10143396318,1,"IOTHUB_CLIENT_CONFIRMATION_OK"
11457,10143396478,10143396628,1,"IOTHUB_CLIENT_CONFIRMATION_OK"
11458,10143396678,10143396719,1,"IOTHUB_CLIENT_CONFIRMATION_OK"
11459,10143396878,10143396921,1,"IOTHUB_CLIENT_CONFIRMATION_OK"
11460,10143397078,10143397260,1,"IOTHUB_CLIENT_CONFIRMATION_OK"
11461,10143397278,10143397358,1,"IOTHUB_CLIENT_CONFIRMATION_OK"
11462,10143397479,10143397534,1,"IOTHUB_CLIENT_CONFIRMATION_OK"
11463,10143397679,10143397714,1,"IOTHUB_CLIENT_CONFIRMATION_OK"
11464,10143397879,10143397921,1,"IOTHUB_CLIENT_CONFIRMATION_OK"
11465,10143398079,10143398125,1,"IOTHUB_CLIENT_CONFIRMATION_OK"
11466,10143398279,10143398317,1,"IOTHUB_CLIENT_CONFIRMATION_OK"
11467,10143398479,10143398523,1,"IOTHUB_CLIENT_CONFIRMATION_OK"
11468,10143398680,10143398868,1,"IOTHUB_CLIENT_CONFIRMATION_OK"
11469,10143398880,10143398925,1,"IOTHUB_CLIENT_CONFIRMATION_OK"
11470,10143399080,10143399124,1,"IOTHUB_CLIENT_CONFIRMATION_OK"
11471,10143399280,10143399470,1,"IOTHUB_CLIENT_CONFIRMATION_OK"
11472,10143399480,10143399573,1,"IOTHUB_CLIENT_CONFIRMATION_OK"
11473,10143399680,10143399724,1,"IOTHUB_CLIENT_CONFIRMATION_OK"
11474,10143399880,10143399915,1,"IOTHUB_CLIENT_CONFIRMATION_OK"
11475,10143400081,10143400120,1,"IOTHUB_CLIENT_CONFIRMATION_OK"
11476,10143400281,10143400319,1,"IOTHUB_CLIENT_CONFIRMATION_OK"
11477,10143400481,10143400521,1,"IOTHUB_CLIENT_CONFIRMATION_OK"
11478,10143400681,10143400722,1,"IOTHUB_CLIENT_CONFIRMATION_OK"
11479,10143400881,10143400922,1,"IOTHUB_CLIENT_CONFIRMATION_OK"
11480,10143401081,10143401161,1,"IOTHUB_CLIENT_CONFIRMATION_OK"
11481,10143401281,10143401336,1,"IOTHUB_CLIENT_CONFIRMATION_OK"
11482,10143401482,10143401703,1,"IOTHUB_CLIENT_CONFIRMATION_OK"
11483,10143401682,10143401721,1,"IOTHUB_CLIENT_CONFIRMATION_OK"
11484,10143401882,10143401956,1,"IOTHUB_CLIENT_CONFIRMATION_OK"
11485,10143402082,10143402119,1,"IOTHUB_CLIENT_CONFIRMATION_OK"
11486,10143402282,10143402321,1,"IOTHUB_CLIENT_CONFIRMATION_OK"
11487,10143402482,10143402516,1,"IOTHUB_CLIENT_CONFIRMATION_OK"
11488,10143402683,10143402726,1,"IOTHUB_CLIENT_CONFIRMATION_OK"
11489,10143402883,10143402922,1,"IOTHUB_CLIENT_CONFIRMATION_OK"
11490,10143403083,10143403134,1,"IOTHUB_CLIENT_CONFIRMATION_OK"
11491,10143403283,10143403331,1,"IOTHUB_CLIENT_CONFIRMATION_OK"
11492,10143403483,10143403523,1,"IOTHUB_CLIENT_CONFIRMATION_OK"
11493,10143403683,10143403754,1,"IOTHUB_CLIENT_CONFIRMATION_OK"
11494,10143403883,10143403924,1,"IOTHUB_CLIENT_CONFIRMATION_OK"
11495,10143404084,10143404154,1,"IOTHUB_CLIENT_CONFIRMATION_OK"
11496,10143404284,10143404409,1,"IOTHUB_CLIENT_CONFIRMATION_OK"
11497,10143404484,10143404535,1,"IOTHUB_CLIENT_CONFIRMATION_OK"
11498,10143404684,10143404726,1,"IOTHUB_CLIENT_CONFIRMATION_OK"
11499,10143404884,10143404974,1,"IOTHUB_CLIENT_CONFIRMATION_OK"
11500,10143405084,10143405125,1,"IOTHUB_CLIENT_CONFIRMATION_OK"
11501,10143405284,10143405329,1,"IOTHUB_CLIENT_CONFIRMATION_OK"
11502,10143405485,10143405592,1,"IOTHUB_CLIENT_CONFIRMATION_OK"
11503,10143405685,10143405720,1,"IOTHUB_CLIENT_CONFIRMATION_OK"
11504,10143405885,10143405932,1,"IOTHUB_CLIENT_CONFIRMATION_OK"
11505,10143406085,10143406128,1,"IOTHUB_CLIENT_CONFIRMATION_OK"
11506,10143406285,10143406330,1,"IOTHUB_CLIENT_CONFIRMATION_OK"
11507,10143406485,10143406595,1,"IOTHUB_CLIENT_CONFIRMATION_OK"
11508,10143406686,10143406725,1,"IOTHUB_CLIENT_CONFIRMATION_OK"
11509,10143406886,10143406928,1,"IOTHUB_CLIENT_CONFIRMATION_OK"
11510,10143407086,10143407225,1,"IOTHUB_CLIENT_CONFIRMATION_OK"
11511,10143407286,10143407327,1,"IOTHUB_CLIENT_CONFIRMATION_OK"
11512,10143407486,10143407528,1,"IOTHUB_CLIENT_CONFIRMATION_OK"
11513,10143407686,10143407841,1,"IOTHUB_CLIENT_CONFIRMATION_OK"
11514,10143407886,10143407929,1,"IOTHUB_CLIENT_CONFIRMATION_OK"
11515,10143408087,10143408125,1,"IOTHUB_CLIENT_CONFIRMATION_OK"
11516,10143408287,10143408338,1,"IOTHUB_CLIENT_CONFIRMATION_OK"
11517,10143408487,10143408521,1,"IOTHUB_CLIENT_CONFIRMATION_OK"
11518,10143408687,10143408823,1,"IOTHUB_CLIENT_CONFIRMATION_OK"
11519,10143408887,10143408935,1,"IOTHUB_CLIENT_CONFIRMATION_OK"
11520,10143409087,10143409127,1,"IOTHUB_CLIENT_CONFIRMATION_OK"
11521,10143409288,10143409494,1,"IOTHUB_CLIENT_CONFIRMATION_OK"
11522,10143409488,10143409556,1,"IOTHUB_CLIENT_CONFIRMATION_OK"
11523,10143409688,10143409727,1,"IOTHUB_CLIENT_CONFIRMATION_OK"
11524,10143409888,10143410061,1,"IOTHUB_CLIENT_CONFIRMATION_OK"
11525,10143410088,10143410133,1,"IOTHUB_CLIENT_CONFIRMATION_OK"
11526,10143410288,10143410328,1,"IOTHUB_CLIENT_CONFIRMATION_OK"
11527,10143410489,10143410530,1,"IOTHUB_CLIENT_CONFIRMATION_OK"
11528,10143410689,10143410737,1,"IOTHUB_CLIENT_CONFIRMATION_OK"
11529,10143410889,10143410930,1,"IOTHUB_CLIENT_CONFIRMATION_OK"
11530,10143411089,10143411132,1,"IOTHUB_CLIENT_CONFIRMATION_OK"
11531,10143411290,10143411331,1,"IOTHUB_CLIENT_CONFIRMATION_OK"
11532,10143411490,10143411713,1,"IOTHUB_CLIENT_CONFIRMATION_OK"
11533,10143411690,10143411775,1,"IOTHUB_CLIENT_CONFIRMATION_OK"
11534,10143411890,10143411927,1,"IOTHUB_CLIENT_CONFIRMATION_OK"
11535,10143412090,10143412133,1,"IOTHUB_CLIENT_CONFIRMATION_OK"
11536,10143412290,10143412328,1,"IOTHUB_CLIENT_CONFIRMATION_OK"
11537,10143412490,10143412530,1,"IOTHUB_CLIENT_CONFIRMATION_OK"
11538,10143412691,10143412734,1,"IOTHUB_CLIENT_CONFIRMATION_OK"
11539,10143412891,10143412930,1,"IOTHUB_CLIENT_CONFIRMATION_OK"
11540,10143413091,10143413129,1,"IOTHUB_CLIENT_CONFIRMATION_OK"
11541,10143413291,10143413328,1,"IOTHUB_CLIENT_CONFIRMATION_OK"
11542,10143413491,10143413539,1,"IOTHUB_CLIENT_CONFIRMATION_OK"
11543,10143413691,10143413904,1,"IOTHUB_CLIENT_CONFIRMATION_OK"
11544,10143413891,10143413929,1,"IOTHUB_CLIENT_CONFIRMATION_OK"
11545,10143414092,10143414128,1,"IOTHUB_CLIENT_CONFIRMATION_OK"
11546,10143414292,10143414337,1,"IOTHUB_CLIENT_CONFIRMATION_OK"
11547,10143414492,10143414537,1,"IOTHUB_CLIENT_CONFIRMATION_OK"
11548,10143414692,10143414741,1,"IOTHUB_CLIENT_CONFIRMATION_OK"
11549,10143414892,10143415792,1,"IOTHUB_CLIENT_CONFIRMATION_OK"
11550,10143415092,10143415909,1,"IOTHUB_CLIENT_CONFIRMATION_OK"
11551,10143415292,10143415955,1,"IOTHUB_CLIENT_CONFIRMATION_OK"
11552,10143415493,10143415998,1,"IOTHUB_CLIENT_CONFIRMATION_OK"
11553,10143415693,10143416044,1,"IOTHUB_CLIENT_CONFIRMATION_OK"
11554,10143415893,10143416169,1,"IOTHUB_CLIENT_CONFIRMATION_OK"
11555,10143416093,10143416196,1,"IOTHUB_CLIENT_CONFIRMATION_OK"
11556,10143416293,10143416337,1,"IOTHUB_CLIENT_CONFIRMATION_OK"
11557,10143416494,10143416538,1,"IOTHUB_CLIENT_CONFIRMATION_OK"
11558,10143416694,10143416736,1,"IOTHUB_CLIENT_CONFIRMATION_OK"
11559,10143416894,10143416983,1,"IOTHUB_CLIENT_CONFIRMATION_OK"
11560,10143417094,10143417181,1,"IOTHUB_CLIENT_CONFIRMATION_OK"
11561,10143417294,10143417359,1,"IOTHUB_CLIENT_CONFIRMATION_OK"
11562,10143417494,10143417584,1,"IOTHUB_CLIENT_CONFIRMATION_OK"
11563,10143417694,10143417837,1,"IOTHUB_CLIENT_CONFIRMATION_OK"
11564,10143417895,10143417961,1,"IOTHUB_CLIENT_CONFIRMATION_OK"
11565,10143418095,10143418133,1,"IOTHUB_CLIENT_CONFIRMATION_OK"
11566,10143418295,10143418331,1,"IOTHUB_CLIENT_CONFIRMATION_OK"
11567,10143418495,10143418540,1,"IOTHUB_CLIENT_CONFIRMATION_OK"
11568,10143418695,10143418849,1,"IOTHUB_CLIENT_CONFIRMATION_OK"
11569,10143418895,10143418962,1,"IOTHUB_CLIENT_CONFIRMATION_OK"
11570,10143419096,10143419138,1,"IOTHUB_CLIENT_CONFIRMATION_OK"
11571,10143419296,10143419460,1,"IOTHUB_CLIENT_CONFIRMATION_OK"
11572,10143419496,10143419582,1,"IOTHUB_CLIENT_CONFIRMATION_OK"
11573,10143419696,10143419743,1,"IOTHUB_CLIENT_CONFIRMATION_OK"
11574,10143419896,10143419933,1,"IOTHUB_CLIENT_CONFIRMATION_OK"
11575,10143420097,10143420137,1,"IOTHUB_CLIENT_CONFIRMATION_OK"
11576,10143420297,10143420335,1,"IOTHUB_CLIENT_CONFIRMATION_OK"
11577,10143420497,10143420537,1,"IOTHUB_CLIENT_CONFIRMATION_OK"
11578,10143420697,10143420770,1,"IOTHUB_CLIENT_CONFIRMATION_OK"
11579,10143420897,10143420937,1,"IOTHUB_CLIENT_CONFIRMATION_OK"
11580,10143421097,10143421137,1,"IOTHUB_CLIENT_CONFIRMATION_OK"
11581,10143421298,10143421418,1,"IOTHUB_CLIENT_CONFIRMATION_OK"
11582,10143421498,10143421618,1,"IOTHUB_CLIENT_CONFIRMATION_OK"
11583,10143421698,10143421735,1,"IOTHUB_CLIENT_CONFIRMATION_OK"
11584,10143421898,10143421936,1,"IOTHUB_CLIENT_CONFIRMATION_OK"
11585,10143422098,10143422224,1,"IOTHUB_CLIENT_CONFIRMATION_OK"
11586,10143422298,10143422338,1,"IOTHUB_CLIENT_CONFIRMATION_OK"
11587,10143422499,10143422538,1,"IOTHUB_CLIENT_CONFIRMATION_OK"
11588,10143422699,10143422836,1,"IOTHUB_CLIENT_CONFIRMATION_OK"
11589,10143422899,10143422940,1,"IOTHUB_CLIENT_CONFIRMATION_OK"
11590,10143423099,10143423136,1,"IOTHUB_CLIENT_CONFIRMATION_OK"
11591,10143423299,10143423338,1,"IOTHUB_CLIENT_CONFIRMATION_OK"
11592,10143423499,10143423559,1,"IOTHUB_CLIENT_CONFIRMATION_OK"
11593,10143423699,10143423859,1,"IOTHUB_CLIENT_CONFIRMATION_OK"
11594,10143423900,10143423953,1,"IOTHUB_CLIENT_CONFIRMATION_OK"
11595,10143424100,10143424141,1,"IOTHUB_CLIENT_CONFIRMATION_OK"
11596,10143424300,10143424500,1,"IOTHUB_CLIENT_CONFIRMATION_OK"
11597,10143424500,10143424541,1,"IOTHUB_CLIENT_CONFIRMATION_OK"
11598,10143424700,10143424733,1,"IOTHUB_CLIENT_CONFIRMATION_OK"
11599,10143424900,10143424943,1,"IOTHUB_CLIENT_CONFIRMATION_OK"
11600,10143425101,10143425187,1,"IOTHUB_CLIENT_CONFIRMATION_OK"
11601,10143425301,10143425337,1,"IOTHUB_CLIENT_CONFIRMATION_OK"
11602,10143425501,10143425543,1,"IOTHUB_CLIENT_CONFIRMATION_OK"
11603,10143425701,10143425756,1,"IOTHUB_CLIENT_CONFIRMATION_OK"
11604,10143425901,10143425942,1,"IOTHUB_CLIENT_CONFIRMATION_OK"
11605,10143426101,10143426141,1,"IOTHUB_CLIENT_CONFIRMATION_OK"
11606,10143426301,10143426348,1,"IOTHUB_CLIENT_CONFIRMATION_OK"
11607,10143426502,10143426706,1,"IOTHUB_CLIENT_CONFIRMATION_OK"
11608,10143426702,10143426741,1,"IOTHUB_CLIENT_CONFIRMATION_OK"
11609,10143426902,10143426945,1,"IOTHUB_CLIENT_CONFIRMATION_OK"
11610,10143427102,10143427143,1,"IOTHUB_CLIENT_CONFIRMATION_OK"
11611,10143427302,10143427338,1,"IOTHUB_CLIENT_CONFIRMATION_OK"
11612,10143427502,10143427547,1,"IOTHUB_CLIENT_CONFIRMATION_OK"
11613,10143427703,10143427784,1,"IOTHUB_CLIENT_CONFIRMATION_OK"
11614,10143427903,10143427946,1,"IOTHUB_CLIENT_CONFIRMATION_OK"
11615,10143428103,10143428181,1,"IOTHUB_CLIENT_CONFIRMATION_OK"
11616,10143428303,10143428367,1,"IOTHUB_CLIENT_CONFIRMATION_OK"
11617,10143428503,10143428551,1,"IOTHUB_CLIENT_CONFIRMATION_OK"
11618,10143428703,10143428773,1,"IOTHUB_CLIENT_CONFIRMATION_OK"
11619,10143428903,10143428943,1,"IOTHUB_CLIENT_CONFIRMATION_OK"
11620,10143429104,10143429145,1,"IOTHUB_CLIENT_CONFIRMATION_OK"
11621,10143429304,10143429399,1,"IOTHUB_CLIENT_CONFIRMATION_OK"
11622,10143429504,10143429548,1,"IOTHUB_CLIENT_CONFIRMATION_OK"
11623,10143429704,10143429741,1,"IOTHUB_CLIENT_CONFIRMATION_OK"
11624,10143429904,10143429989,1,"IOTHUB_CLIENT_CONFIRMATION_OK"
11625,10143430104,10143430143,1,"IOTHUB_CLIENT_CONFIRMATION_OK"
11626,10143430305,10143430347,1,"IOTHUB_CLIENT_CONFIRMATION_OK"
11627,10143430505,10143430605,1,"IOTHUB_CLIENT_CONFIRMATION_OK"
11628,10143430705,10143430748,1,"IOTHUB_CLIENT_CONFIRMATION_OK"
11629,10143430905,10143430944,1,"IOTHUB_CLIENT_CONFIRMATION_OK"
11630,10143431105,10143431143,1,"IOTHUB_CLIENT_CONFIRMATION_OK"
11631,10143431306,10143431345,1,"IOTHUB_CLIENT_CONFIRMATION_OK"
11632,10143431506,10143431636,1,"IOTHUB_CLIENT_CONFIRMATION_OK"
11633,10143431706,10143431745,1,"IOTHUB_CLIENT_CONFIRMATION_OK"
11634,10143431906,10143431949,1,"IOTHUB_CLIENT_CONFIRMATION_OK"
11635,10143432106,10143432227,1,"IOTHUB_CLIENT_CONFIRMATION_OK"
11636,10143432306,10143432342,1,"IOTHUB_CLIENT_CONFIRMATION_OK"
11637,10143432507,10143432568,1,"IOTHUB_CLIENT_CONFIRMATION_OK"
11638,10143432707,10143432834,1,"IOTHUB_CLIENT_CONFIRMATION_OK"
11639,10143432907,10143432941,1,"IOTHUB_CLIENT_CONFIRMATION_OK"
11640,10143433107,10143433146,1,"IOTHUB_CLIENT_CONFIRMATION_OK"
11641,10143433307,10143433346,1,"IOTHUB_CLIENT_CONFIRMATION_OK"
11642,10143433507,10143433549,1,"IOTHUB_CLIENT_CONFIRMATION_OK"
11643,10143433707,10143433863,1,"IOTHUB_CLIENT_CONFIRMATION_OK"
11644,10143433907,10143433965,1,"IOTHUB_CLIENT_CONFIRMATION_OK"
11645,10143434108,10143434147,1,"IOTHUB_CLIENT_CONFIRMATION_OK"
11646,10143434308,10143434461,1,"IOTHUB_CLIENT_CONFIRMATION_OK"
11647,10143434508,10143434561,1,"IOTHUB_CLIENT_CONFIRMATION_OK"
11648,10143434708,10143434746,1,"IOTHUB_CLIENT_CONFIRMATION_OK"
11649,10143434908,10143434954,1,"IOTHUB_CLIENT_CONFIRMATION_OK"
11650,10143435108,10143435145,1,"IOTHUB_CLIENT_CONFIRMATION_OK"
11651,10143435308,10143435350,1,"IOTHUB_CLIENT_CONFIRMATION_OK"
11652,10143435509,10143435550,1,"IOTHUB_CLIENT_CONFIRMATION_OK"
11653,10143435709,10143435746,1,"IOTHUB_CLIENT_CONFIRMATION_OK"
11654,10143435909,10143435949,1,"IOTHUB_CLIENT_CONFIRMATION_OK"
11655,10143436109,10143436147,1,"IOTHUB_CLIENT_CONFIRMATION_OK"
11656,10143436309,10143436349,1,"IOTHUB_CLIENT_CONFIRMATION_OK"
11657,10143436509,10143436714,1,"IOTHUB_CLIENT_CONFIRMATION_OK"
11658,10143436709,10143436755,1,"IOTHUB_CLIENT_CONFIRMATION_OK"
11659,10143436910,10143436951,1,"IOTHUB_CLIENT_CONFIRMATION_OK"
11660,10143437110,10143437154,1,"IOTHUB_CLIENT_CONFIRMATION_OK"
11661,10143437310,10143437377,1,"IOTHUB_CLIENT_CONFIRMATION_OK"
11662,10143437510,10143437553,1,"IOTHUB_CLIENT_CONFIRMATION_OK"
11663,10143437710,10143437755,1,"IOTHUB_CLIENT_CONFIRMATION_OK"
11664,10143437910,10143437945,1,"IOTHUB_CLIENT_CONFIRMATION_OK"
11665,10143438111,10143438162,1,"IOTHUB_CLIENT_CONFIRMATION_OK"
11666,10143438311,10143438361,1,"IOTHUB_CLIENT_CONFIRMATION_OK"
11667,10143438511,10143438565,1,"IOTHUB_CLIENT_CONFIRMATION_OK"
11668,10143438711,10143438804,1,"IOTHUB_CLIENT_CONFIRMATION_OK"
11669,10143438911,10143438969,1,"IOTHUB_CLIENT_CONFIRMATION_OK"
11670,10143439111,10143439151,1,"IOTHUB_CLIENT_CONFIRMATION_OK"
11671,10143439311,10143439372,1,"IOTHUB_CLIENT_CONFIRMATION_OK"
11672,10143439512,10143439591,1,"IOTHUB_CLIENT_CONFIRMATION_OK"
11673,10143439712,10143439758,1,"IOTHUB_CLIENT_CONFIRMATION_OK"
11674,10143439912,10143439976,1,"IOTHUB_CLIENT_CONFIRMATION_OK"
11675,10143440112,10143440154,1,"IOTHUB_CLIENT_CONFIRMATION_OK"
11676,10143440312,10143440351,1,"IOTHUB_CLIENT_CONFIRMATION_OK"
11677,10143440512,10143440662,1,"IOTHUB_CLIENT_CONFIRMATION_OK"
11678,10143440712,10143440754,1,"IOTHUB_CLIENT_CONFIRMATION_OK"
11679,10143440913,10143440955,1,"IOTHUB_CLIENT_CONFIRMATION_OK"
11680,10143441113,10143441152,1,"IOTHUB_CLIENT_CONFIRMATION_OK"
11681,10143441313,10143441351,1,"IOTHUB_CLIENT_CONFIRMATION_OK"
11682,10143441513,10143441604,1,"IOTHUB_CLIENT_CONFIRMATION_OK"
11683,10143441713,10143441756,1,"IOTHUB_CLIENT_CONFIRMATION_OK"
11684,10143441914,10143441955,1,"IOTHUB_CLIENT_CONFIRMATION_OK"
11685,10143442114,10143442225,1,"IOTHUB_CLIENT_CONFIRMATION_OK"
11686,10143442314,10143442352,1,"IOTHUB_CLIENT_CONFIRMATION_OK"
11687,10143442514,10143442550,1,"IOTHUB_CLIENT_CONFIRMATION_OK"
11688,10143442714,10143442825,1,"IOTHUB_CLIENT_CONFIRMATION_OK"
11689,10143442914,10143442952,1,"IOTHUB_CLIENT_CONFIRMATION_OK"
11690,10143443114,10143443151,1,"IOTHUB_CLIENT_CONFIRMATION_OK"
11691,10143443315,10143443356,1,"IOTHUB_CLIENT_CONFIRMATION_OK"
11692,10143443515,10143443559,1,"IOTHUB_CLIENT_CONFIRMATION_OK"
11693,10143443715,10143443871,1,"IOTHUB_CLIENT_CONFIRMATION_OK"
11694,10143443915,10143443955,1,"IOTHUB_CLIENT_CONFIRMATION_OK"
11695,10143444115,10143444160,1,"IOTHUB_CLIENT_CONFIRMATION_OK"
11696,10143444315,10143444449,1,"IOTHUB_CLIENT_CONFIRMATION_OK"
11697,10143444515,10143444556,1,"IOTHUB_CLIENT_CONFIRMATION_OK"
11698,10143444716,10143444754,1,"IOTHUB_CLIENT_CONFIRMATION_OK"
11699,10143444916,10143445065,1,"IOTHUB_CLIENT_CONFIRMATION_OK"
11700,10143445116,10143445164,1,"IOTHUB_CLIENT_CONFIRMATION_OK"
11701,10143445316,10143445357,1,"IOTHUB_CLIENT_CONFIRMATION_OK"
11702,10143445516,10143445557,1,"IOTHUB_CLIENT_CONFIRMATION_OK"
11703,10143445716,10143445756,1,"IOTHUB_CLIENT_CONFIRMATION_OK"
11704,10143445917,10143445957,1,"IOTHUB_CLIENT_CONFIRMATION_OK"
11705,10143446117,10143446154,1,"IOTHUB_CLIENT_CONFIRMATION_OK"
11706,10143446317,10143446356,1,"IOTHUB_CLIENT_CONFIRMATION_OK"
11707,10143446517,10143446686,1,"IOTHUB_CLIENT_CONFIRMATION_OK"
11708,10143446717,10143446851,1,"IOTHUB_CLIENT_CONFIRMATION_OK"
11709,10143446917,10143446963,1,"IOTHUB_CLIENT_CONFIRMATION_OK"
11710,10143447117,10143447298,1,"IOTHUB_CLIENT_CONFIRMATION_OK"
11711,10143447318,10143447359,1,"IOTHUB_CLIENT_CONFIRMATION_OK"
11712,10143447518,10143447566,1,"IOTHUB_CLIENT_CONFIRMATION_OK"
11713,10143447718,10143447761,1,"IOTHUB_CLIENT_CONFIRMATION_OK"
11714,10143447918,10143447967,1,"IOTHUB_CLIENT_CONFIRMATION_OK"
11715,10143448118,10143448174,1,"IOTHUB_CLIENT_CONFIRMATION_OK"
11716,10143448318,10143448358,1,"IOTHUB_CLIENT_CONFIRMATION_OK"
11717,10143448518,10143448556,1,"IOTHUB_CLIENT_CONFIRMATION_OK"
11718,10143448719,10143448919,1,"IOTHUB_CLIENT_CONFIRMATION_OK"
11719,10143448919,10143448959,1,"IOTHUB_CLIENT_CONFIRMATION_OK"
11720,10143449119,10143449162,1,"IOTHUB_CLIENT_CONFIRMATION_OK"
11721,10143449319,10143449356,1,"IOTHUB_CLIENT_CONFIRMATION_OK"
11722,10143449519,10143449559,1,"IOTHUB_CLIENT_CONFIRMATION_OK"
11723,10143449719,10143449771,1,"IOTHUB_CLIENT_CONFIRMATION_OK"
11724,10143449919,10143449959,1,"IOTHUB_CLIENT_CONFIRMATION_OK"
11725,10143450120,10143450170,1,"IOTHUB_CLIENT_CONFIRMATION_OK"
11726,10143450320,10143450359,1,"IOTHUB_CLIENT_CONFIRMATION_OK"
11727,10143450520,10143450559,1,"IOTHUB_CLIENT_CONFIRMATION_OK"
11728,10143450720,10143450760,1,"IOTHUB_CLIENT_CONFIRMATION_OK"
11729,10143450920,10143450957,1,"IOTHUB_CLIENT_CONFIRMATION_OK"
11730,10143451120,10143451158,1,"IOTHUB_CLIENT_CONFIRMATION_OK"
11731,10143451321,10143451363,1,"IOTHUB_CLIENT_CONFIRMATION_OK"
11732,10143451521,10143451559,1,"IOTHUB_CLIENT_CONFIRMATION_OK"
11733,10143451721,10143451760,1,"IOTHUB_CLIENT_CONFIRMATION_OK"
11734,10143451921,10143451959,1,"IOTHUB_CLIENT_CONFIRMATION_OK"
11735,10143452121,10143452192,1,"IOTHUB_CLIENT_CONFIRMATION_OK"
11736,10143452321,10143452369,1,"IOTHUB_CLIENT_CONFIRMATION_OK"
11737,10143452521,10143452565,1,"IOTHUB_CLIENT_CONFIRMATION_OK"
11738,10143452722,10143452801,1,"IOTHUB_CLIENT_CONFIRMATION_OK"
11739,10143452922,10143452961,1,"IOTHUB_CLIENT_CONFIRMATION_OK"
11740,10143453122,10143453161,1,"IOTHUB_CLIENT_CONFIRMATION_OK"
11741,10143453322,10143453361,1,"IOTHUB_CLIENT_CONFIRMATION_OK"
11742,10143453522,10143453574,1,"IOTHUB_CLIENT_CONFIRMATION_OK"
11743,10143453722,10143453810,1,"IOTHUB_CLIENT_CONFIRMATION_OK"
11744,10143453922,10143453977,1,"IOTHUB_CLIENT_CONFIRMATION_OK"
11745,10143454123,10143454162,1,"IOTHUB_CLIENT_CONFIRMATION_OK"
11746,10143454323,10143454436,1,"IOTHUB_CLIENT_CONFIRMATION_OK"
11747,10143454523,10143454560,1,"IOTHUB_CLIENT_CONFIRMATION_OK"
11748,10143454723,10143454759,1,"IOTHUB_CLIENT_CONFIRMATION_OK"
11749,10143454923,10143455060,1,"IOTHUB_CLIENT_CONFIRMATION_OK"
11750,10143455123,10143455163,1,"IOTHUB_CLIENT_CONFIRMATION_OK"
11751,10143455324,10143455362,1,"IOTHUB_CLIENT_CONFIRMATION_OK"
11752,10143455524,10143455562,1,"IOTHUB_CLIENT_CONFIRMATION_OK"
11753,10143455724,10143455768,1,"IOTHUB_CLIENT_CONFIRMATION_OK"
11754,10143455924,10143455963,1,"IOTHUB_CLIENT_CONFIRMATION_OK"
11755,10143456124,10143456162,1,"IOTHUB_CLIENT_CONFIRMATION_OK"
11756,10143456325,10143456364,1,"IOTHUB_CLIENT_CONFIRMATION_OK"
11757,10143456525,10143456677,1,"IOTHUB_CLIENT_CONFIRMATION_OK"
11758,10143456725,10143456768,1,"IOTHUB_CLIENT_CONFIRMATION_OK"
11759,10143456925,10143456967,1,"IOTHUB_CLIENT_CONFIRMATION_OK"
11760,10143457125,10143457282,1,"IOTHUB_CLIENT_CONFIRMATION_OK"
11761,10143457325,10143457389,1,"IOTHUB_CLIENT_CONFIRMATION_OK"
11762,10143457525,10143457604,1,"IOTHUB_CLIENT_CONFIRMATION_OK"
11763,10143457726,10143457767,1,"IOTHUB_CLIENT_CONFIRMATION_OK"
11764,10143457926,10143457966,1,"IOTHUB_CLIENT_CONFIRMATION_OK"
11765,10143458126,10143458174,1,"IOTHUB_CLIENT_CONFIRMATION_OK"
11766,10143458326,10143458369,1,"IOTHUB_CLIENT_CONFIRMATION_OK"
11767,10143458526,10143458567,1,"IOTHUB_CLIENT_CONFIRMATION_OK"
11768,10143458726,10143458909,1,"IOTHUB_CLIENT_CONFIRMATION_OK"
11769,10143458926,10143459030,1,"IOTHUB_CLIENT_CONFIRMATION_OK"
11770,10143459127,10143459169,1,"IOTHUB_CLIENT_CONFIRMATION_OK"
11771,10143459327,10143459364,1,"IOTHUB_CLIENT_CONFIRMATION_OK"
11772,10143459527,10143459582,1,"IOTHUB_CLIENT_CONFIRMATION_OK"
11773,10143459727,10143459764,1,"IOTHUB_CLIENT_CONFIRMATION_OK"
11774,10143459927,10143459964,1,"IOTHUB_CLIENT_CONFIRMATION_OK"
11775,10143460127,10143460194,1,"IOTHUB_CLIENT_CONFIRMATION_OK"
11776,10143460327,10143460368,1,"IOTHUB_CLIENT_CONFIRMATION_OK"
11777,10143460528,10143460576,1,"IOTHUB_CLIENT_CONFIRMATION_OK"
11778,10143460728,10143460768,1,"IOTHUB_CLIENT_CONFIRMATION_OK"
11779,10143460928,10143461161,1,"IOTHUB_CLIENT_CONFIRMATION_OK"
11780,10143461128,10143461186,1,"IOTHUB_CLIENT_CONFIRMATION_OK"
11781,10143461328,10143461366,1,"IOTHUB_CLIENT_CONFIRMATION_OK"
11782,10143461528,10143461565,1,"IOTHUB_CLIENT_CONFIRMATION_OK"
11783,10143461728,10143461771,1,"IOTHUB_CLIENT_CONFIRMATION_OK"
11784,10143461929,10143461969,1,"IOTHUB_CLIENT_CONFIRMATION_OK"
11785,10143462129,10143462169,1,"IOTHUB_CLIENT_CONFIRMATION_OK"
11786,10143462329,10143462377,1,"IOTHUB_CLIENT_CONFIRMATION_OK"
11787,10143462529,10143462565,1,"IOTHUB_CLIENT_CONFIRMATION_OK"
11788,10143462729,10143462785,1,"IOTHUB_CLIENT_CONFIRMATION_OK"
11789,10143462929,10143462967,1,"IOTHUB_CLIENT_CONFIRMATION_OK"
11790,10143463130,10143463170,1,"IOTHUB_CLIENT_CONFIRMATION_OK"
11791,10143463330,10143463387,1,"IOTHUB_CLIENT_CONFIRMATION_OK"
11792,10143463530,10143463575,1,"IOTHUB_CLIENT_CONFIRMATION_OK"
11793,10143463730,10143463779,1,"IOTHUB_CLIENT_CONFIRMATION_OK"
11794,10143463930,10143463969,1,"IOTHUB_CLIENT_CONFIRMATION_OK"
11795,10143464130,10143464170,1,"IOTHUB_CLIENT_CONFIRMATION_OK"
11796,10143464331,10143464401,1,"IOTHUB_CLIENT_CONFIRMATION_OK"
11797,10143464531,10143464569,1,"IOTHUB_CLIENT_CONFIRMATION_OK"
11798,10143464731,10143464771,1,"IOTHUB_CLIENT_CONFIRMATION_OK"
11799,10143464931,10143465012,1,"IOTHUB_CLIENT_CONFIRMATION_OK"
11800,10143465131,10143465175,1,"IOTHUB_CLIENT_CONFIRMATION_OK"
11801,10143465332,10143465372,1,"IOTHUB_CLIENT_CONFIRMATION_OK"
11802,10143465532,10143465592,1,"IOTHUB_CLIENT_CONFIRMATION_OK"
11803,10143465732,10143465771,1,"IOTHUB_CLIENT_CONFIRMATION_OK"
11804,10143465932,10143466019,1,"IOTHUB_CLIENT_CONFIRMATION_OK"
11805,10143466132,10143466170,1,"IOTHUB_CLIENT_CONFIRMATION_OK"
11806,10143466332,10143466371,1,"IOTHUB_CLIENT_CONFIRMATION_OK"
11807,10143466533,10143466674,1,"IOTHUB_CLIENT_CONFIRMATION_OK"
11808,10143466733,10143466772,1,"IOTHUB_CLIENT_CONFIRMATION_OK"
11809,10143466933,10143466979,1,"IOTHUB_CLIENT_CONFIRMATION_OK"
11810,10143467133,10143467172,1,"IOTHUB_CLIENT_CONFIRMATION_OK"
11811,10143467333,10143467386,1,"IOTHUB_CLIENT_CONFIRMATION_OK"
11812,10143467533,10143467590,1,"IOTHUB_CLIENT_CONFIRMATION_OK"
11813,10143467734,10143467801,1,"IOTHUB_CLIENT_CONFIRMATION_OK"
11814,10143467934,10143467977,1,"IOTHUB_CLIENT_CONFIRMATION_OK"
11815,10143468134,10143468331,1,"IOTHUB_CLIENT_CONFIRMATION_OK"
11816,10143468334,10143468375,1,"IOTHUB_CLIENT_CONFIRMATION_OK"
11817,10143468534,10143468589,1,"IOTHUB_CLIENT_CONFIRMATION_OK"
11818,10143468734,10143468767,1,"IOTHUB_CLIENT_CONFIRMATION_OK"
11819,10143468934,10143468974,1,"IOTHUB_CLIENT_CONFIRMATION_OK"
11820,10143469135,10143469176,1,"IOTHUB_CLIENT_CONFIRMATION_OK"
11821,10143469335,10143469417,1,"IOTHUB_CLIENT_CONFIRMATION_OK"
11822,10143469535,10143469579,1,"IOTHUB_CLIENT_CONFIRMATION_OK"
11823,10143469735,10143469777,1,"IOTHUB_CLIENT_CONFIRMATION_OK"
11824,10143469935,10143469975,1,"IOTHUB_CLIENT_CONFIRMATION_OK"
11825,10143470135,10143470174,1,"IOTHUB_CLIENT_CONFIRMATION_OK"
11826,10143470335,10143470550,1,"IOTHUB_CLIENT_CONFIRMATION_OK"
11827,10143470536,10143470576,1,"IOTHUB_CLIENT_CONFIRMATION_OK"
11828,10143470736,10143470773,1,"IOTHUB_CLIENT_CONFIRMATION_OK"
11829,10143470936,10143471009,1,"IOTHUB_CLIENT_CONFIRMATION_OK"
11830,10143471136,10143471185,1,"IOTHUB_CLIENT_CONFIRMATION_OK"
11831,10143471336,10143471374,1,"IOTHUB_CLIENT_CONFIRMATION_OK"
11832,10143471536,10143471603,1,"IOTHUB_CLIENT_CONFIRMATION_OK"
11833,10143471737,10143471776,1,"IOTHUB_CLIENT_CONFIRMATION_OK"
11834,10143471937,10143471975,1,"IOTHUB_CLIENT_CONFIRMATION_OK"
11835,10143472137,10143472190,1,"IOTHUB_CLIENT_CONFIRMATION_OK"
11836,10143472337,10143472381,1,"IOTHUB_CLIENT_CONFIRMATION_OK"
11837,10143472537,10143472631,1,"IOTHUB_CLIENT_CONFIRMATION_OK"
11838,10143472737,10143472779,1,"IOTHUB_CLIENT_CONFIRMATION_OK"
11839,10143472937,10143473009,1,"IOTHUB_CLIENT_CONFIRMATION_OK"
11840,10143473138,10143473226,1,"IOTHUB_CLIENT_CONFIRMATION_OK"
11841,10143473338,10143473377,1,"IOTHUB_CLIENT_CONFIRMATION_OK"
11842,10143473538,10143473607,1,"IOTHUB_CLIENT_CONFIRMATION_OK"
11843,10143473738,10143473872,1,"IOTHUB_CLIENT_CONFIRMATION_OK"
11844,10143473938,10143473976,1,"IOTHUB_CLIENT_CONFIRMATION_OK"
11845,10143474138,10143474179,1,"IOTHUB_CLIENT_CONFIRMATION_OK"
11846,10143474339,10143474465,1,"IOTHUB_CLIENT_CONFIRMATION_OK"
11847,10143474539,10143474576,1,"IOTHUB_CLIENT_CONFIRMATION_OK"
11848,10143474739,10143474794,1,"IOTHUB_CLIENT_CONFIRMATION_OK"
11849,10143474939,10143474977,1,"IOTHUB_CLIENT_CONFIRMATION_OK"
11850,10143475139,10143475176,1,"IOTHUB_CLIENT_CONFIRMATION_OK"
11851,10143475339,10143475459,1,"IOTHUB_CLIENT_CONFIRMATION_OK"
11852,10143475539,10143475579,1,"IOTHUB_CLIENT_CONFIRMATION_OK"
11853,10143475740,10143475781,1,"IOTHUB_CLIENT_CONFIRMATION_OK"
11854,10143475940,10143476068,1,"IOTHUB_CLIENT_CONFIRMATION_OK"
11855,10143476140,10143476178,1,"IOTHUB_CLIENT_CONFIRMATION_OK"
11856,10143476340,10143476378,1,"IOTHUB_CLIENT_CONFIRMATION_OK"
11857,10143476540,10143476726,1,"IOTHUB_CLIENT_CONFIRMATION_OK"
11858,10143476740,10143476782,1,"IOTHUB_CLIENT_CONFIRMATION_OK"
11859,10143476941,10143476979,1,"IOTHUB_CLIENT_CONFIRMATION_OK"
11860,10143477141,10143477195,1,"IOTHUB_CLIENT_CONFIRMATION_OK"
11861,10143477341,10143477406,1,"IOTHUB_CLIENT_CONFIRMATION_OK"
11862,10143477541,10143477579,1,"IOTHUB_CLIENT_CONFIRMATION_OK"
11863,10143477741,10143477781,1,"IOTHUB_CLIENT_CONFIRMATION_OK"
11864,10143477941,10143477990,1,"IOTHUB_CLIENT_CONFIRMATION_OK"
11865,10143478141,10143478495,1,"IOTHUB_CLIENT_CONFIRMATION_OK"
11866,10143478342,10143478527,1,"IOTHUB_CLIENT_CONFIRMATION_OK"
11867,10143478542,10143478611,1,"IOTHUB_CLIENT_CONFIRMATION_OK"
11868,10143478742,10143478834,1,"IOTHUB_CLIENT_CONFIRMATION_OK"
11869,10143478942,10143478982,1,"IOTHUB_CLIENT_CONFIRMATION_OK"
11870,10143479142,10143479208,1,"IOTHUB_CLIENT_CONFIRMATION_OK"
11871,10143479342,10143479390,1,"IOTHUB_CLIENT_CONFIRMATION_OK"
11872,10143479543,10143479592,1,"IOTHUB_CLIENT_CONFIRMATION_OK"
11873,10143479743,10143479782,1,"IOTHUB_CLIENT_CONFIRMATION_OK"
11874,10143479943,10143480004,1,"IOTHUB_CLIENT_CONFIRMATION_OK"
11875,10143480143,10143480179,1,"IOTHUB_CLIENT_CONFIRMATION_OK"
11876,10143480343,10143480559,1,"IOTHUB_CLIENT_CONFIRMATION_OK"
11877,10143480543,10143480586,1,"IOTHUB_CLIENT_CONFIRMATION_OK"
11878,10143480743,10143480785,1,"IOTHUB_CLIENT_CONFIRMATION_OK"
11879,10143480944,10143481002,1,"IOTHUB_CLIENT_CONFIRMATION_OK"
11880,10143481144,10143481188,1,"IOTHUB_CLIENT_CONFIRMATION_OK"
11881,10143481344,10143481381,1,"IOTHUB_CLIENT_CONFIRMATION_OK"
11882,10143481544,10143481592,1,"IOTHUB_CLIENT_CONFIRMATION_OK"
11883,10143481744,10143481782,1,"IOTHUB_CLIENT_CONFIRMATION_OK"
11884,10143481944,10143481981,1,"IOTHUB_CLIENT_CONFIRMATION_OK"
11885,10143482144,10143482185,1,"IOTHUB_CLIENT_CONFIRMATION_OK"
11886,10143482345,10143482387,1,"IOTHUB_CLIENT_CONFIRMATION_OK"
11887,10143482545,10143482581,1,"IOTHUB_CLIENT_CONFIRMATION_OK"
11888,10143482745,10143482790,1,"IOTHUB_CLIENT_CONFIRMATION_OK"
11889,10143482945,10143482991,1,"IOTHUB_CLIENT_CONFIRMATION_OK"
11890,10143483145,10143483198,1,"IOTHUB_CLIENT_CONFIRMATION_OK"
11891,10143483345,10143483387,1,"IOTHUB_CLIENT_CONFIRMATION_OK"
11892,10143483545,10143483586,1,"IOTHUB_CLIENT_CONFIRMATION_OK"
11893,10143483746,10143483807,1,"IOTHUB_CLIENT_CONFIRMATION_OK"
11894,10143483946,10143483994,1,"IOTHUB_CLIENT_CONFIRMATION_OK"
11895,10143484146,10143484191,1,"IOTHUB_CLIENT_CONFIRMATION_OK"
11896,10143484346,10143484423,1,"IOTHUB_CLIENT_CONFIRMATION_OK"
11897,10143484546,10143484588,1,"IOTHUB_CLIENT_CONFIRMATION_OK"
11898,10143484747,10143484846,1,"IOTHUB_CLIENT_CONFIRMATION_OK"
11899,10143484947,10143484987,1,"IOTHUB_CLIENT_CONFIRMATION_OK"
11900,10143485147,10143485191,1,"IOTHUB_CLIENT_CONFIRMATION_OK"
11901,10143485347,10143485431,1,"IOTHUB_CLIENT_CONFIRMATION_OK"
11902,10143485547,10143485610,1,"IOTHUB_CLIENT_CONFIRMATION_OK"
11903,10143485747,10143485795,1,"IOTHUB_CLIENT_CONFIRMATION_OK"
11904,10143485948,10143486065,1,"IOTHUB_CLIENT_CONFIRMATION_OK"
11905,10143486148,10143486188,1,"IOTHUB_CLIENT_CONFIRMATION_OK"
11906,10143486348,10143486395,1,"IOTHUB_CLIENT_CONFIRMATION_OK"
11907,10143486548,10143486658,1,"IOTHUB_CLIENT_CONFIRMATION_OK"
11908,10143486748,10143486787,1,"IOTHUB_CLIENT_CONFIRMATION_OK"
11909,10143486948,10143486993,1,"IOTHUB_CLIENT_CONFIRMATION_OK"
11910,10143487149,10143487188,1,"IOTHUB_CLIENT_CONFIRMATION_OK"
11911,10143487349,10143487401,1,"IOTHUB_CLIENT_CONFIRMATION_OK"
11912,10143487549,10143487655,1,"IOTHUB_CLIENT_CONFIRMATION_OK"
11913,10143487749,10143487807,1,"IOTHUB_CLIENT_CONFIRMATION_OK"
11914,10143487949,10143487992,1,"IOTHUB_CLIENT_CONFIRMATION_OK"
11915,10143488149,10143488273,1,"IOTHUB_CLIENT_CONFIRMATION_OK"
11916,10143488349,10143488411,1,"IOTHUB_CLIENT_CONFIRMATION_OK"
11917,10143488550,10143488585,1,"IOTHUB_CLIENT_CONFIRMATION_OK"
11918,10143488750,10143488901,1,"IOTHUB_CLIENT_CONFIRMATION_OK"
11919,10143488950,10143488991,1,"IOTHUB_CLIENT_CONFIRMATION_OK"
11920,10143489150,10143489193,1,"IOTHUB_CLIENT_CONFIRMATION_OK"
11921,10143489350,10143489432,1,"IOTHUB_CLIENT_CONFIRMATION_OK"
11922,10143489550,10143489737,1,"IOTHUB_CLIENT_CONFIRMATION_OK"
11923,10143489751,10143489790,1,"IOTHUB_CLIENT_CONFIRMATION_OK"
11924,10143489951,10143490028,1,"IOTHUB_CLIENT_CONFIRMATION_OK"
11925,10143490151,10143490191,1,"IOTHUB_CLIENT_CONFIRMATION_OK"
11926,10143490351,10143490506,1,"IOTHUB_CLIENT_CONFIRMATION_OK"
11927,10143490551,10143490587,1,"IOTHUB_CLIENT_CONFIRMATION_OK"
11928,10143490751,10143490787,1,"IOTHUB_CLIENT_CONFIRMATION_OK"
11929,10143490951,10143491136,1,"IOTHUB_CLIENT_CONFIRMATION_OK"
11930,10143491152,10143491192,1,"IOTHUB_CLIENT_CONFIRMATION_OK"
11931,10143491352,10143491389,1,"IOTHUB_CLIENT_CONFIRMATION_OK"
11932,10143491552,10143491592,1,"IOTHUB_CLIENT_CONFIRMATION_OK"
11933,10143491752,10143491791,1,"IOTHUB_CLIENT_CONFIRMATION_OK"
11934,10143491952,10143491989,1,"IOTHUB_CLIENT_CONFIRMATION_OK"
11935,10143492152,10143492188,1,"IOTHUB_CLIENT_CONFIRMATION_OK"
11936,10143492353,10143492388,1,"IOTHUB_CLIENT_CONFIRMATION_OK"
11937,10143492553,10143492743,1,"IOTHUB_CLIENT_CONFIRMATION_OK"
11938,10143492753,10143492819,1,"IOTHUB_CLIENT_CONFIRMATION_OK"
11939,10143492953,10143492994,1,"IOTHUB_CLIENT_CONFIRMATION_OK"
11940,10143493153,10143493360,1,"IOTHUB_CLIENT_CONFIRMATION_OK"
11941,10143493353,10143493424,1,"IOTHUB_CLIENT_CONFIRMATION_OK"
11942,10143493553,10143493592,1,"IOTHUB_CLIENT_CONFIRMATION_OK"
11943,10143493754,10143493794,1,"IOTHUB_CLIENT_CONFIRMATION_OK"
11944,10143493954,10143493997,1,"IOTHUB_CLIENT_CONFIRMATION_OK"
11945,10143494154,10143494190,1,"IOTHUB_CLIENT_CONFIRMATION_OK"
11946,10143494354,10143494393,1,"IOTHUB_CLIENT_CONFIRMATION_OK"
11947,10143494554,10143494592,1,"IOTHUB_CLIENT_CONFIRMATION_OK"
11948,10143494755,10143494799,1,"IOTHUB_CLIENT_CONFIRMATION_OK"
11949,10143494955,10143494989,1,"IOTHUB_CLIENT_CONFIRMATION_OK"
11950,10143495155,10143495197,1,"IOTHUB_CLIENT_CONFIRMATION_OK"
11951,10143495355,10143495397,1,"IOTHUB_CLIENT_CONFIRMATION_OK"
11952,10143495555,10143495596,1,"IOTHUB_CLIENT_CONFIRMATION_OK"
11953,10143495756,10143495799,1,"IOTHUB_CLIENT_CONFIRMATION_OK"
11954,10143495956,10143495995,1,"IOTHUB_CLIENT_CONFIRMATION_OK"
11955,10143496156,10143496196,1,"IOTHUB_CLIENT_CONFIRMATION_OK"
11956,10143496356,10143496394,1,"IOTHUB_CLIENT_CONFIRMATION_OK"
11957,10143496556,10143496607,1,"IOTHUB_CLIENT_CONFIRMATION_OK"
11958,10143496756,10143496796,1,"IOTHUB_CLIENT_CONFIRMATION_OK"
11959,10143496957,10143496997,1,"IOTHUB_CLIENT_CONFIRMATION_OK"
11960,10143497157,10143497224,1,"IOTHUB_CLIENT_CONFIRMATION_OK"
11961,10143497357,10143497403,1,"IOTHUB_CLIENT_CONFIRMATION_OK"
11962,10143497557,10143497634,1,"IOTHUB_CLIENT_CONFIRMATION_OK"
11963,10143497757,10143497795,1,"IOTHUB_CLIENT_CONFIRMATION_OK"
11964,10143497957,10143498003,1,"IOTHUB_CLIENT_CONFIRMATION_OK"
11965,10143498158,10143498234,1,"IOTHUB_CLIENT_CONFIRMATION_OK"
11966,10143498358,10143498396,1,"IOTHUB_CLIENT_CONFIRMATION_OK"
11967,10143498558,10143498599,1,"IOTHUB_CLIENT_CONFIRMATION_OK"
11968,10143498758,10143498872,1,"IOTHUB_CLIENT_CONFIRMATION_OK"
11969,10143498958,10143498995,1,"IOTHUB_CLIENT_CONFIRMATION_OK"
11970,10143499158,10143499192,1,"IOTHUB_CLIENT_CONFIRMATION_OK"
11971,10143499358,10143499479,1,"IOTHUB_CLIENT_CONFIRMATION_OK"
11972,10143499559,10143499596,1,"IOTHUB_CLIENT_CONFIRMATION_OK"
11973,10143499759,10143499800,1,"IOTHUB_CLIENT_CONFIRMATION_OK"
11974,10143499959,10143500019,1,"IOTHUB_CLIENT_CONFIRMATION_OK"
11975,10143500159,10143500195,1,"IOTHUB_CLIENT_CONFIRMATION_OK"
11976,10143500359,10143500650,1,"IOTHUB_CLIENT_CONFIRMATION_OK"
11977,10143500559,10143500888,1,"IOTHUB_CLIENT_CONFIRMATION_OK"
11978,10143500760,10143501364,1,"IOTHUB_CLIENT_CONFIRMATION_OK"
11979,10143500960,10143501431,1,"IOTHUB_CLIENT_CONFIRMATION_OK"
11980,10143501160,10143501480,1,"IOTHUB_CLIENT_CONFIRMATION_OK"
11981,10143501360,10143501564,1,"IOTHUB_CLIENT_CONFIRMATION_OK"
11982,10143501560,10143501597,1,"IOTHUB_CLIENT_CONFIRMATION_OK"
11983,10143501760,10143501798,1,"IOTHUB_CLIENT_CONFIRMATION_OK"
11984,10143501960,10143502001,1,"IOTHUB_CLIENT_CONFIRMATION_OK"
11985,10143502161,10143502196,1,"IOTHUB_CLIENT_CONFIRMATION_OK"
11986,10143502361,10143502401,1,"IOTHUB_CLIENT_CONFIRMATION_OK"
11987,10143502561,10143502748,1,"IOTHUB_CLIENT_CONFIRMATION_OK"
11988,10143502761,10143502799,1,"IOTHUB_CLIENT_CONFIRMATION_OK"
11989,10143502961,10143502999,1,"IOTHUB_CLIENT_CONFIRMATION_OK"
11990,10143503161,10143503348,1,"IOTHUB_CLIENT_CONFIRMATION_OK"
11991,10143503362,10143503404,1,"IOTHUB_CLIENT_CONFIRMATION_OK"
11992,10143503562,10143503614,1,"IOTHUB_CLIENT_CONFIRMATION_OK"
11993,10143503762,10143503799,1,"IOTHUB_CLIENT_CONFIRMATION_OK"
11994,10143503962,10143504013,1,"IOTHUB_CLIENT_CONFIRMATION_OK"
11995,10143504162,10143504234,1,"IOTHUB_CLIENT_CONFIRMATION_OK"
11996,10143504362,10143504403,1,"IOTHUB_CLIENT_CONFIRMATION_OK"
11997,10143504562,10143504611,1,"IOTHUB_CLIENT_CONFIRMATION_OK"
11998,10143504763,10143504803,1,"IOTHUB_CLIENT_CONFIRMATION_OK"
11999,10143504963,10143505008,1,"IOTHUB_CLIENT_CONFIRMATION_OK"
12000,10143505163,10143505213,1,"IOTHUB_CLIENT_CONFIRMATION_OK"
12001,10143505363,10143505599,1,"IOTHUB_CLIENT_CONFIRMATION_OK"
12002,10143505563,10143505617,1,"IOTHUB_CLIENT_CONFIRMATION_OK"
12003,10143505763,10143505800,1,"IOTHUB_CLIENT_CONFIRMATION_OK"
12004,10143505964,10143506001,1,"IOTHUB_CLIENT_CONFIRMATION_OK"
12005,10143506164,10143506200,1,"IOTHUB_CLIENT_CONFIRMATION_OK"
12006,10143506364,10143506406,1,"IOTHUB_CLIENT_CONFIRMATION_OK"
12007,10143506564,10143506678,1,"IOTHUB_CLIENT_CONFIRMATION_OK"
12008,10143506764,10143506806,1,"IOTHUB_CLIENT_CONFIRMATION_OK"
12009,10143506964,10143507009,1,"IOTHUB_CLIENT_CONFIRMATION_OK"
12010,10143507164,10143507233,1,"IOTHUB_CLIENT_CONFIRMATION_OK"
12011,10143507365,10143507404,1,"IOTHUB_CLIENT_CONFIRMATION_OK"
12012,10143507565,10143507657,1,"IOTHUB_CLIENT_CONFIRMATION_OK"
12013,10143507765,10143507856,1,"IOTHUB_CLIENT_CONFIRMATION_OK"
12014,10143507965,10143508004,1,"IOTHUB_CLIENT_CONFIRMATION_OK"
12015,10143508165,10143508262,1,"IOTHUB_CLIENT_CONFIRMATION_OK"
12016,10143508365,10143508410,1,"IOTHUB_CLIENT_CONFIRMATION_OK"
12017,10143508565,10143508602,1,"IOTHUB_CLIENT_CONFIRMATION_OK"
12018,10143508766,10143508888,1,"IOTHUB_CLIENT_CONFIRMATION_OK"
12019,10143508966,10143509028,1,"IOTHUB_CLIENT_CONFIRMATION_OK"
12020,10143509166,10143509209,1,"IOTHUB_CLIENT_CONFIRMATION_OK"
12021,10143509366,10143509402,1,"IOTHUB_CLIENT_CONFIRMATION_OK"
12022,10143509566,10143509601,1,"IOTHUB_CLIENT_CONFIRMATION_OK"
12023,10143509766,10143509805,1,"IOTHUB_CLIENT_CONFIRMATION_OK"
12024,10143509967,10143510006,1,"IOTHUB_CLIENT_CONFIRMATION_OK"
12025,10143510167,10143510205,1,"IOTHUB_CLIENT_CONFIRMATION_OK"
12026,10143510367,10143510502,1,"IOTHUB_CLIENT_CONFIRMATION_OK"
12027,10143510567,10143510605,1,"IOTHUB_CLIENT_CONFIRMATION_OK"
12028,10143510767,10143510806,1,"IOTHUB_CLIENT_CONFIRMATION_OK"
12029,10143510967,10143511116,1,"IOTHUB_CLIENT_CONFIRMATION_OK"
12030,10143511167,10143511208,1,"IOTHUB_CLIENT_CONFIRMATION_OK"
12031,10143511368,10143511404,1,"IOTHUB_CLIENT_CONFIRMATION_OK"
12032,10143511568,10143511605,1,"IOTHUB_CLIENT_CONFIRMATION_OK"
12033,10143511768,10143511804,1,"IOTHUB_CLIENT_CONFIRMATION_OK"
12034,10143511968,10143512010,1,"IOTHUB_CLIENT_CONFIRMATION_OK"
12035,10143512168,10143512209,1,"IOTHUB_CLIENT_CONFIRMATION_OK"
12036,10143512368,10143512405,1,"IOTHUB_CLIENT_CONFIRMATION_OK"
12037,10143512569,10143512761,1,"IOTHUB_CLIENT_CONFIRMATION_OK"
12038,10143512769,10143512801,1,"IOTHUB_CLIENT_CONFIRMATION_OK"
12039,10143512969,10143513004,1,"IOTHUB_CLIENT_CONFIRMATION_OK"
12040,10143513169,10143513208,1,"IOTHUB_CLIENT_CONFIRMATION_OK"
12041,10143513369,10143513404,1,"IOTHUB_CLIENT_CONFIRMATION_OK"
12042,10143513569,10143513610,1,"IOTHUB_CLIENT_CONFIRMATION_OK"
12043,10143513769,10143513866,1,"IOTHUB_CLIENT_CONFIRMATION_OK"
12044,10143513970,10143514012,1,"IOTHUB_CLIENT_CONFIRMATION_OK"
12045,10143514170,10143514220,1,"IOTHUB_CLIENT_CONFIRMATION_OK"
12046,10143514370,10143514411,1,"IOTHUB_CLIENT_CONFIRMATION_OK"
12047,10143514570,10143514613,1,"IOTHUB_CLIENT_CONFIRMATION_OK"
12048,10143514770,10143514827,1,"IOTHUB_CLIENT_CONFIRMATION_OK"
12049,10143514970,10143515017,1,"IOTHUB_CLIENT_CONFIRMATION_OK"
12050,10143515171,10143515218,1,"IOTHUB_CLIENT_CONFIRMATION_OK"
12051,10143515371,10143515435,1,"IOTHUB_CLIENT_CONFIRMATION_OK"
12052,10143515571,10143515614,1,"IOTHUB_CLIENT_CONFIRMATION_OK"
12053,10143515771,10143515809,1,"IOTHUB_CLIENT_CONFIRMATION_OK"
12054,10143515971,10143516038,1,"IOTHUB_CLIENT_CONFIRMATION_OK"
12055,10143516171,10143516206,1,"IOTHUB_CLIENT_CONFIRMATION_OK"
12056,10143516371,10143516416,1,"IOTHUB_CLIENT_CONFIRMATION_OK"
12057,10143516572,10143516647,1,"IOTHUB_CLIENT_CONFIRMATION_OK"
12058,10143516772,10143516808,1,"IOTHUB_CLIENT_CONFIRMATION_OK"
12059,10143516972,10143517012,1,"IOTHUB_CLIENT_CONFIRMATION_OK"
12060,10143517172,10143517207,1,"IOTHUB_CLIENT_CONFIRMATION_OK"
12061,10143517372,10143517453,1,"IOTHUB_CLIENT_CONFIRMATION_OK"
12062,10143517572,10143517694,1,"IOTHUB_CLIENT_CONFIRMATION_OK"
12063,10143517773,10143517820,1,"IOTHUB_CLIENT_CONFIRMATION_OK"
12064,10143517973,10143518022,1,"IOTHUB_CLIENT_CONFIRMATION_OK"
12065,10143518173,10143518286,1,"IOTHUB_CLIENT_CONFIRMATION_OK"
12066,10143518373,10143518421,1,"IOTHUB_CLIENT_CONFIRMATION_OK"
12067,10143518573,10143518622,1,"IOTHUB_CLIENT_CONFIRMATION_OK"
12068,10143518773,10143519162,1,"IOTHUB_CLIENT_CONFIRMATION_OK"
12069,10143518973,10143519181,1,"IOTHUB_CLIENT_CONFIRMATION_OK"
12070,10143519174,10143519211,1,"IOTHUB_CLIENT_CONFIRMATION_OK"
12071,10143519374,10143519421,1,"IOTHUB_CLIENT_CONFIRMATION_OK"
12072,10143519574,10143519617,1,"IOTHUB_CLIENT_CONFIRMATION_OK"
12073,10143519774,10143519809,1,"IOTHUB_CLIENT_CONFIRMATION_OK"
12074,10143519974,10143520011,1,"IOTHUB_CLIENT_CONFIRMATION_OK"
12075,10143520174,10143520213,1,"IOTHUB_CLIENT_CONFIRMATION_OK"
12076,10143520375,10143520517,1,"IOTHUB_CLIENT_CONFIRMATION_OK"
12077,10143520575,10143520620,1,"IOTHUB_CLIENT_CONFIRMATION_OK"
12078,10143520775,10143520809,1,"IOTHUB_CLIENT_CONFIRMATION_OK"
12079,10143520975,10143521143,1,"IOTHUB_CLIENT_CONFIRMATION_OK"
12080,10143521175,10143521212,1,"IOTHUB_CLIENT_CONFIRMATION_OK"
12081,10143521375,10143521415,1,"IOTHUB_CLIENT_CONFIRMATION_OK"
12082,10143521576,10143521614,1,"IOTHUB_CLIENT_CONFIRMATION_OK"
12083,10143521776,10143521813,1,"IOTHUB_CLIENT_CONFIRMATION_OK"
12084,10143521976,10143522016,1,"IOTHUB_CLIENT_CONFIRMATION_OK"
12085,10143522176,10143522216,1,"IOTHUB_CLIENT_CONFIRMATION_OK"
12086,10143522376,10143522412,1,"IOTHUB_CLIENT_CONFIRMATION_OK"
12087,10143522576,10143522752,1,"IOTHUB_CLIENT_CONFIRMATION_OK"
12088,10143522776,10143522813,1,"IOTHUB_CLIENT_CONFIRMATION_OK"
12089,10143522977,10143523025,1,"IOTHUB_CLIENT_CONFIRMATION_OK"
12090,10143523177,10143523212,1,"IOTHUB_CLIENT_CONFIRMATION_OK"
12091,10143523377,10143523426,1,"IOTHUB_CLIENT_CONFIRMATION_OK"
12092,10143523577,10143523612,1,"IOTHUB_CLIENT_CONFIRMATION_OK"
12093,10143523777,10143523817,1,"IOTHUB_CLIENT_CONFIRMATION_OK"
12094,10143523977,10143524032,1,"IOTHUB_CLIENT_CONFIRMATION_OK"
12095,10143524177,10143524218,1,"IOTHUB_CLIENT_CONFIRMATION_OK"
12096,10143524378,10143524415,1,"IOTHUB_CLIENT_CONFIRMATION_OK"
12097,10143524578,10143524614,1,"IOTHUB_CLIENT_CONFIRMATION_OK"
12098,10143524778,10143525072,1,"IOTHUB_CLIENT_CONFIRMATION_OK"
12099,10143524978,10143525098,1,"IOTHUB_CLIENT_CONFIRMATION_OK"
12100,10143525178,10143525221,1,"IOTHUB_CLIENT_CONFIRMATION_OK"
12101,10143525378,10143525444,1,"IOTHUB_CLIENT_CONFIRMATION_OK"
12102,10143525579,10143525616,1,"IOTHUB_CLIENT_CONFIRMATION_OK"
12103,10143525779,10143525839,1,"IOTHUB_CLIENT_CONFIRMATION_OK"
12104,10143525979,10143526070,1,"IOTHUB_CLIENT_CONFIRMATION_OK"
12105,10143526179,10143526217,1,"IOTHUB_CLIENT_CONFIRMATION_OK"
12106,10143526379,10143526413,1,"IOTHUB_CLIENT_CONFIRMATION_OK"
12107,10143526579,10143526670,1,"IOTHUB_CLIENT_CONFIRMATION_OK"
12108,10143526780,10143526817,1,"IOTHUB_CLIENT_CONFIRMATION_OK"
12109,10143526980,10143527018,1,"IOTHUB_CLIENT_CONFIRMATION_OK"
12110,10143527180,10143527219,1,"IOTHUB_CLIENT_CONFIRMATION_OK"
12111,10143527380,10143527417,1,"IOTHUB_CLIENT_CONFIRMATION_OK"
12112,10143527580,10143527694,1,"IOTHUB_CLIENT_CONFIRMATION_OK"
12113,10143527780,10143527873,1,"IOTHUB_CLIENT_CONFIRMATION_OK"
12114,10143527980,10143528019,1,"IOTHUB_CLIENT_CONFIRMATION_OK"
12115,10143528181,10143528344,1,"IOTHUB_CLIENT_CONFIRMATION_OK"
12116,10143528381,10143528420,1,"IOTHUB_CLIENT_CONFIRMATION_OK"
12117,10143528581,10143528622,1,"IOTHUB_CLIENT_CONFIRMATION_OK"
12118,10143528781,10143528907,1,"IOTHUB_CLIENT_CONFIRMATION_OK"
12119,10143528981,10143529041,1,"IOTHUB_CLIENT_CONFIRMATION_OK"
12120,10143529181,10143529220,1,"IOTHUB_CLIENT_CONFIRMATION_OK"
12121,10143529382,10143529420,1,"IOTHUB_CLIENT_CONFIRMATION_OK"
12122,10143529582,10143529621,1,"IOTHUB_CLIENT_CONFIRMATION_OK"
12123,10143529782,10143529941,1,"IOTHUB_CLIENT_CONFIRMATION_OK"
12124,10143529982,10143530044,1,"IOTHUB_CLIENT_CONFIRMATION_OK"
12125,10143530182,10143530224,1,"IOTHUB_CLIENT_CONFIRMATION_OK"
12126,10143530382,10143530541,1,"IOTHUB_CLIENT_CONFIRMATION_OK"
12127,10143530582,10143530637,1,"IOTHUB_CLIENT_CONFIRMATION_OK"
12128,10143530783,10143530822,1,"IOTHUB_CLIENT_CONFIRMATION_OK"
12129,10143530983,10143531020,1,"IOTHUB_CLIENT_CONFIRMATION_OK"
12130,10143531183,10143531226,1,"IOTHUB_CLIENT_CONFIRMATION_OK"
12131,10143531383,10143531468,1,"IOTHUB_CLIENT_CONFIRMATION_OK"
12132,10143531583,10143531624,1,"IOTHUB_CLIENT_CONFIRMATION_OK"
12133,10143531783,10143531823,1,"IOTHUB_CLIENT_CONFIRMATION_OK"
12134,10143531984,10143532147,1,"IOTHUB_CLIENT_CONFIRMATION_OK"
12135,10143532184,10143532232,1,"IOTHUB_CLIENT_CONFIRMATION_OK"
12136,10143532384,10143532426,1,"IOTHUB_CLIENT_CONFIRMATION_OK"
12137,10143532584,10143532770,1,"IOTHUB_CLIENT_CONFIRMATION_OK"
12138,10143532784,10143532829,1,"IOTHUB_CLIENT_CONFIRMATION_OK"
12139,10143532984,10143533045,1,"IOTHUB_CLIENT_CONFIRMATION_OK"
12140,10143533184,10143533249,1,"IOTHUB_CLIENT_CONFIRMATION_OK"
12141,10143533385,10143533422,1,"IOTHUB_CLIENT_CONFIRMATION_OK"
12142,10143533585,10143533620,1,"IOTHUB_CLIENT_CONFIRMATION_OK"
12143,10143533785,10143533846,1,"IOTHUB_CLIENT_CONFIRMATION_OK"
12144,10143533985,10143534020,1,"IOTHUB_CLIENT_CONFIRMATION_OK"
12145,10143534185,10143534224,1,"IOTHUB_CLIENT_CONFIRMATION_OK"
12146,10143534385,10143534426,1,"IOTHUB_CLIENT_CONFIRMATION_OK"
12147,10143534586,10143534622,1,"IOTHUB_CLIENT_CONFIRMATION_OK"
12148,10143534786,10143534821,1,"IOTHUB_CLIENT_CONFIRMATION_OK"
12149,10143534986,10143535029,1,"IOTHUB_CLIENT_CONFIRMATION_OK"
12150,10143535186,10143535225,1,"IOTHUB_CLIENT_CONFIRMATION_OK"
12151,10143535386,10143535424,1,"IOTHUB_CLIENT_CONFIRMATION_OK"
12152,10143535586,10143535630,1,"IOTHUB_CLIENT_CONFIRMATION_OK"
12153,10143535786,10143535834,1,"IOTHUB_CLIENT_CONFIRMATION_OK"
12154,10143535987,10143536056,1,"IOTHUB_CLIENT_CONFIRMATION_OK"
12155,10143536187,10143536228,1,"IOTHUB_CLIENT_CONFIRMATION_OK"
12156,10143536387,10143536425,1,"IOTHUB_CLIENT_CONFIRMATION_OK"
12157,10143536587,10143536627,1,"IOTHUB_CLIENT_CONFIRMATION_OK"
12158,10143536787,10143536829,1,"IOTHUB_CLIENT_CONFIRMATION_OK"
12159,10143536987,10143537068,1,"IOTHUB_CLIENT_CONFIRMATION_OK"
12160,10143537187,10143537235,1,"IOTHUB_CLIENT_CONFIRMATION_OK"
12161,10143537388,10143537426,1,"IOTHUB_CLIENT_CONFIRMATION_OK"
12162,10143537588,10143537676,1,"IOTHUB_CLIENT_CONFIRMATION_OK"
12163,10143537788,10143537826,1,"IOTHUB_CLIENT_CONFIRMATION_OK"
12164,10143537988,10143538033,1,"IOTHUB_CLIENT_CONFIRMATION_OK"
12165,10143538188,10143538297,1,"IOTHUB_CLIENT_CONFIRMATION_OK"
12166,10143538388,10143538427,1,"IOTHUB_CLIENT_CONFIRMATION_OK"
12167,10143538589,10143538631,1,"IOTHUB_CLIENT_CONFIRMATION_OK"
12168,10143538789,10143538838,1,"IOTHUB_CLIENT_CONFIRMATION_OK"
12169,10143538989,10143539036,1,"IOTHUB_CLIENT_CONFIRMATION_OK"
12170,10143539189,10143539373,1,"IOTHUB_CLIENT_CONFIRMATION_OK"
12171,10143539389,10143539427,1,"IOTHUB_CLIENT_CONFIRMATION_OK"
12172,10143539589,10143539676,1,"IOTHUB_CLIENT_CONFIRMATION_OK"
12173,10143539789,10143539853,1,"IOTHUB_CLIENT_CONFIRMATION_OK"
12174,10143539990,10143540026,1,"IOTHUB_CLIENT_CONFIRMATION_OK"
12175,10143540190,10143540237,1,"IOTHUB_CLIENT_CONFIRMATION_OK"
12176,10143540390,10143540445,1,"IOTHUB_CLIENT_CONFIRMATION_OK"
12177,10143540590,10143540628,1,"IOTHUB_CLIENT_CONFIRMATION_OK"
12178,10143540790,10143540842,1,"IOTHUB_CLIENT_CONFIRMATION_OK"
12179,10143540990,10143541061,1,"IOTHUB_CLIENT_CONFIRMATION_OK"
12180,10143541191,10143541228,1,"IOTHUB_CLIENT_CONFIRMATION_OK"
12181,10143541391,10143541430,1,"IOTHUB_CLIENT_CONFIRMATION_OK"
12182,10143541591,10143541625,1,"IOTHUB_CLIENT_CONFIRMATION_OK"
12183,10143541791,10143541827,1,"IOTHUB_CLIENT_CONFIRMATION_OK"
12184,10143541991,10143542069,1,"IOTHUB_CLIENT_CONFIRMATION_OK"
12185,10143542191,10143542232,1,"IOTHUB_CLIENT_CONFIRMATION_OK"
12186,10143542391,10143542432,1,"IOTHUB_CLIENT_CONFIRMATION_OK"
12187,10143542592,10143542690,1,"IOTHUB_CLIENT_CONFIRMATION_OK"
12188,10143542792,10143542850,1,"IOTHUB_CLIENT_CONFIRMATION_OK"
12189,10143542992,10143543125,1,"IOTHUB_CLIENT_CONFIRMATION_OK"
12190,10143543192,10143543340,1,"IOTHUB_CLIENT_CONFIRMATION_OK"
12191,10143543392,10143543427,1,"IOTHUB_CLIENT_CONFIRMATION_OK"
12192,10143543592,10143543646,1,"IOTHUB_CLIENT_CONFIRMATION_OK"
12193,10143543793,10143543832,1,"IOTHUB_CLIENT_CONFIRMATION_OK"
12194,10143543993,10143544041,1,"IOTHUB_CLIENT_CONFIRMATION_OK"
12195,10143544193,10143544349,1,"IOTHUB_CLIENT_CONFIRMATION_OK"
12196,10143544393,10143544442,1,"IOTHUB_CLIENT_CONFIRMATION_OK"
12197,10143544593,10143544634,1,"IOTHUB_CLIENT_CONFIRMATION_OK"
12198,10143544793,10143544957,1,"IOTHUB_CLIENT_CONFIRMATION_OK"
12199,10143544993,10143545036,1,"IOTHUB_CLIENT_CONFIRMATION_OK"
12200,10143545194,10143545307,1,"IOTHUB_CLIENT_CONFIRMATION_OK"
12201,10143545394,10143545433,1,"IOTHUB_CLIENT_CONFIRMATION_OK"
12202,10143545594,10143545634,1,"IOTHUB_CLIENT_CONFIRMATION_OK"
12203,10143545794,10143545842,1,"IOTHUB_CLIENT_CONFIRMATION_OK"
12204,10143545994,10143546035,1,"IOTHUB_CLIENT_CONFIRMATION_OK"
12205,10143546194,10143546243,1,"IOTHUB_CLIENT_CONFIRMATION_OK"
12206,10143546395,10143546437,1,"IOTHUB_CLIENT_CONFIRMATION_OK"
12207,10143546595,10143546639,1,"IOTHUB_CLIENT_CONFIRMATION_OK"
12208,10143546795,10143546833,1,"IOTHUB_CLIENT_CONFIRMATION_OK"
12209,10143546995,10143547206,1,"IOTHUB_CLIENT_CONFIRMATION_OK"
12210,10143547195,10143547234,1,"IOTHUB_CLIENT_CONFIRMATION_OK"
12211,10143547395,10143547433,1,"IOTHUB_CLIENT_CONFIRMATION_OK"
12212,10143547595,10143547634,1,"IOTHUB_CLIENT_CONFIRMATION_OK"
12213,10143547796,10143547833,1,"IOTHUB_CLIENT_CONFIRMATION_OK"
12214,10143547996,10143548030,1,"IOTHUB_CLIENT_CONFIRMATION_OK"
12215,10143548196,10143548290,1,"IOTHUB_CLIENT_CONFIRMATION_OK"
12216,10143548396,10143548440,1,"IOTHUB_CLIENT_CONFIRMATION_OK"
12217,10143548596,10143548635,1,"IOTHUB_CLIENT_CONFIRMATION_OK"
12218,10143548796,10143548846,1,"IOTHUB_CLIENT_CONFIRMATION_OK"
12219,10143548997,10143549036,1,"IOTHUB_CLIENT_CONFIRMATION_OK"
12220,10143549197,10143549237,1,"IOTHUB_CLIENT_CONFIRMATION_OK"
12221,10143549397,10143549438,1,"IOTHUB_CLIENT_CONFIRMATION_OK"
12222,10143549597,10143549671,1,"IOTHUB_CLIENT_CONFIRMATION_OK"
12223,10143549797,10143549847,1,"IOTHUB_CLIENT_CONFIRMATION_OK"
12224,10143549997,10143550041,1,"IOTHUB_CLIENT_CONFIRMATION_OK"
12225,10143550197,10143550242,1,"IOTHUB_CLIENT_CONFIRMATION_OK"
12226,10143550398,10143550458,1,"IOTHUB_CLIENT_CONFIRMATION_OK"
12227,10143550598,10143550636,1,"IOTHUB_CLIENT_CONFIRMATION_OK"
12228,10143550798,10143550834,1,"IOTHUB_CLIENT_CONFIRMATION_OK"
12229,10143550998,10143551070,1,"IOTHUB_CLIENT_CONFIRMATION_OK"
12230,10143551198,10143551238,1,"IOTHUB_CLIENT_CONFIRMATION_OK"
12231,10143551398,10143551434,1,"IOTHUB_CLIENT_CONFIRMATION_OK"
12232,10143551599,10143551641,1,"IOTHUB_CLIENT_CONFIRMATION_OK"
12233,10143551799,10143551839,1,"IOTHUB_CLIENT_CONFIRMATION_OK"
12234,10143551999,10143552098,1,"IOTHUB_CLIENT_CONFIRMATION_OK"
12235,10143552199,10143552235,1,"IOTHUB_CLIENT_CONFIRMATION_OK"
12236,10143552399,10143552441,1,"IOTHUB_CLIENT_CONFIRMATION_OK"
12237,10143552599,10143552717,1,"IOTHUB_CLIENT_CONFIRMATION_OK"
12238,10143552799,10143552835,1,"IOTHUB_CLIENT_CONFIRMATION_OK"
12239,10143553000,10143553042,1,"IOTHUB_CLIENT_CONFIRMATION_OK"
12240,10143553200,10143553314,1,"IOTHUB_CLIENT_CONFIRMATION_OK"
12241,10143553400,10143553445,1,"IOTHUB_CLIENT_CONFIRMATION_OK"
12242,10143553600,10143553683,1,"IOTHUB_CLIENT_CONFIRMATION_OK"
12243,10143553800,10143553839,1,"IOTHUB_CLIENT_CONFIRMATION_OK"
12244,10143554000,10143554048,1,"IOTHUB_CLIENT_CONFIRMATION_OK"
12245,10143554201,10143554314,1,"IOTHUB_CLIENT_CONFIRMATION_OK"
12246,10143554401,10143554442,1,"IOTHUB_CLIENT_CONFIRMATION_OK"
12247,10143554601,10143554641,1,"IOTHUB_CLIENT_CONFIRMATION_OK"
12248,10143554801,10143554926,1,"IOTHUB_CLIENT_CONFIRMATION_OK"
12249,10143555001,10143555041,1,"IOTHUB_CLIENT_CONFIRMATION_OK"
12250,10143555201,10143555237,1,"IOTHUB_CLIENT_CONFIRMATION_OK"
12251,10143555401,10143555542,1,"IOTHUB_CLIENT_CONFIRMATION_OK"
12252,10143555602,10143555640,1,"IOTHUB_CLIENT_CONFIRMATION_OK"
12253,10143555802,10143555838,1,"IOTHUB_CLIENT_CONFIRMATION_OK"
12254,10143556002,10143556040,1,"IOTHUB_CLIENT_CONFIRMATION_OK"
12255,10143556202,10143556240,1,"IOTHUB_CLIENT_CONFIRMATION_OK"
12256,10143556402,10143556439,1,"IOTHUB_CLIENT_CONFIRMATION_OK"
12257,10143556602,10143556639,1,"IOTHUB_CLIENT_CONFIRMATION_OK"
12258,10143556803,10143556845,1,"IOTHUB_CLIENT_CONFIRMATION_OK"
12259,10143557003,10143557161,1,"IOTHUB_CLIENT_CONFIRMATION_OK"
12260,10143557203,10143557240,1,"IOTHUB_CLIENT_CONFIRMATION_OK"
12261,10143557403,10143557456,1,"IOTHUB_CLIENT_CONFIRMATION_OK"
12262,10143557603,10143557794,1,"IOTHUB_CLIENT_CONFIRMATION_OK"
12263,10143557803,10143557840,1,"IOTHUB_CLIENT_CONFIRMATION_OK"
12264,10143558004,10143558043,1,"IOTHUB_CLIENT_CONFIRMATION_OK"
12265,10143558204,10143558246,1,"IOTHUB_CLIENT_CONFIRMATION_OK"
12266,10143558404,10143558443,1,"IOTHUB_CLIENT_CONFIRMATION_OK"
12267,10143558604,10143558640,1,"IOTHUB_CLIENT_CONFIRMATION_OK"
12268,10143558804,10143558872,1,"IOTHUB_CLIENT_CONFIRMATION_OK"
12269,10143559004,10143559045,1,"IOTHUB_CLIENT_CONFIRMATION_OK"
12270,10143559205,10143559422,1,"IOTHUB_CLIENT_CONFIRMATION_OK"
12271,10143559405,10143559443,1,"IOTHUB_CLIENT_CONFIRMATION_OK"
12272,10143559605,10143559641,1,"IOTHUB_CLIENT_CONFIRMATION_OK"
12273,10143559805,10143559845,1,"IOTHUB_CLIENT_CONFIRMATION_OK"
12274,10143560005,10143560040,1,"IOTHUB_CLIENT_CONFIRMATION_OK"
12275,10143560205,10143560241,1,"IOTHUB_CLIENT_CONFIRMATION_OK"
12276,10143560405,10143560443,1,"IOTHUB_CLIENT_CONFIRMATION_OK"
12277,10143560606,10143560645,1,"IOTHUB_CLIENT_CONFIRMATION_OK"
12278,10143560806,10143560842,1,"IOTHUB_CLIENT_CONFIRMATION_OK"
12279,10143561006,10143561070,1,"IOTHUB_CLIENT_CONFIRMATION_OK"
12280,10143561206,10143561246,1,"IOTHUB_CLIENT_CONFIRMATION_OK"
12281,10143561406,10143561444,1,"IOTHUB_CLIENT_CONFIRMATION_OK"
12282,10143561606,10143561647,1,"IOTHUB_CLIENT_CONFIRMATION_OK"
12283,10143561806,10143561844,1,"IOTHUB_CLIENT_CONFIRMATION_OK"
12284,10143562007,10143562112,1,"IOTHUB_CLIENT_CONFIRMATION_OK"
12285,10143562207,10143562246,1,"IOTHUB_CLIENT_CONFIRMATION_OK"
12286,10143562407,10143562445,1,"IOTHUB_CLIENT_CONFIRMATION_OK"
12287,10143562607,10143562694,1,"IOTHUB_CLIENT_CONFIRMATION_OK"
12288,10143562807,10143562861,1,"IOTHUB_CLIENT_CONFIRMATION_OK"
12289,10143563007,10143563048,1,"IOTHUB_CLIENT_CONFIRMATION_OK"
12290,10143563208,10143563308,1,"IOTHUB_CLIENT_CONFIRMATION_OK"
12291,10143563408,10143563445,1,"IOTHUB_CLIENT_CONFIRMATION_OK"
12292,10143563608,10143563645,1,"IOTHUB_CLIENT_CONFIRMATION_OK"
12293,10143563808,10143563848,1,"IOTHUB_CLIENT_CONFIRMATION_OK"
12294,10143564008,10143564051,1,"IOTHUB_CLIENT_CONFIRMATION_OK"
12295,10143564208,10143564316,1,"IOTHUB_CLIENT_CONFIRMATION_OK"
12296,10143564409,10143564485,1,"IOTHUB_CLIENT_CONFIRMATION_OK"
12297,10143564609,10143564664,1,"IOTHUB_CLIENT_CONFIRMATION_OK"
12298,10143564809,10143564930,1,"IOTHUB_CLIENT_CONFIRMATION_OK"
12299,10143565009,10143565045,1,"IOTHUB_CLIENT_CONFIRMATION_OK"
12300,10143565209,10143565246,1,"IOTHUB_CLIENT_CONFIRMATION_OK"
12301,10143565410,10143565534,1,"IOTHUB_CLIENT_CONFIRMATION_OK"
12302,10143565610,10143565649,1,"IOTHUB_CLIENT_CONFIRMATION_OK"
12303,10143565810,10143565845,1,"IOTHUB_CLIENT_CONFIRMATION_OK"
12304,10143566010,10143566053,1,"IOTHUB_CLIENT_CONFIRMATION_OK"
12305,10143566210,10143566249,1,"IOTHUB_CLIENT_CONFIRMATION_OK"
12306,10143566410,10143566447,1,"IOTHUB_CLIENT_CONFIRMATION_OK"
12307,10143566611,10143566649,1,"IOTHUB_CLIENT_CONFIRMATION_OK"
12308,10143566811,10143566868,1,"IOTHUB_CLIENT_CONFIRMATION_OK"
12309,10143567011,10143567312,1,"IOTHUB_CLIENT_CONFIRMATION_OK"
12310,10143567211,10143567341,1,"IOTHUB_CLIENT_CONFIRMATION_OK"
12311,10143567411,10143567448,1,"IOTHUB_CLIENT_CONFIRMATION_OK"
12312,10143567611,10143567711,1,"IOTHUB_CLIENT_CONFIRMATION_OK"
12313,10143567812,10143567851,1,"IOTHUB_CLIENT_CONFIRMATION_OK"
12314,10143568012,10143568050,1,"IOTHUB_CLIENT_CONFIRMATION_OK"
12315,10143568212,10143568318,1,"IOTHUB_CLIENT_CONFIRMATION_OK"
12316,10143568412,10143568451,1,"IOTHUB_CLIENT_CONFIRMATION_OK"
12317,10143568612,10143568651,1,"IOTHUB_CLIENT_CONFIRMATION_OK"
12318,10143568812,10143568847,1,"IOTHUB_CLIENT_CONFIRMATION_OK"
12319,10143569013,10143569056,1,"IOTHUB_CLIENT_CONFIRMATION_OK"
12320,10143569213,10143569360,1,"IOTHUB_CLIENT_CONFIRMATION_OK"
12321,10143569413,10143569496,1,"IOTHUB_CLIENT_CONFIRMATION_OK"
12322,10143569613,10143569651,1,"IOTHUB_CLIENT_CONFIRMATION_OK"
12323,10143569813,10143569959,1,"IOTHUB_CLIENT_CONFIRMATION_OK"
12324,10143570013,10143570051,1,"IOTHUB_CLIENT_CONFIRMATION_OK"
12325,10143570213,10143570253,1,"IOTHUB_CLIENT_CONFIRMATION_OK"
12326,10143570414,10143570452,1,"IOTHUB_CLIENT_CONFIRMATION_OK"
12327,10143570614,10143570654,1,"IOTHUB_CLIENT_CONFIRMATION_OK"
12328,10143570814,10143570851,1,"IOTHUB_CLIENT_CONFIRMATION_OK"
12329,10143571014,10143571052,1,"IOTHUB_CLIENT_CONFIRMATION_OK"
12330,10143571214,10143571254,1,"IOTHUB_CLIENT_CONFIRMATION_OK"
12331,10143571414,10143571608,1,"IOTHUB_CLIENT_CONFIRMATION_OK"
12332,10143571615,10143571650,1,"IOTHUB_CLIENT_CONFIRMATION_OK"
12333,10143571815,10143571854,1,"IOTHUB_CLIENT_CONFIRMATION_OK"
12334,10143572015,10143572215,1,"IOTHUB_CLIENT_CONFIRMATION_OK"
12335,10143572215,10143572256,1,"IOTHUB_CLIENT_CONFIRMATION_OK"
12336,10143572415,10143572453,1,"IOTHUB_CLIENT_CONFIRMATION_OK"
12337,10143572615,10143572665,1,"IOTHUB_CLIENT_CONFIRMATION_OK"
12338,10143572816,10143572852,1,"IOTHUB_CLIENT_CONFIRMATION_OK"
12339,10143573016,10143573058,1,"IOTHUB_CLIENT_CONFIRMATION_OK"
12340,10143573216,10143573260,1,"IOTHUB_CLIENT_CONFIRMATION_OK"
12341,10143573416,10143573454,1,"IOTHUB_CLIENT_CONFIRMATION_OK"
12342,10143573616,10143573678,1,"IOTHUB_CLIENT_CONFIRMATION_OK"
12343,10143573816,10143573912,1,"IOTHUB_CLIENT_CONFIRMATION_OK"
12344,10143574017,10143574056,1,"IOTHUB_CLIENT_CONFIRMATION_OK"
12345,10143574217,10143574272,1,"IOTHUB_CLIENT_CONFIRMATION_OK"
12346,10143574417,10143574455,1,"IOTHUB_CLIENT_CONFIRMATION_OK"
12347,10143574617,10143574655,1,"IOTHUB_CLIENT_CONFIRMATION_OK"
12348,10143574817,10143574857,1,"IOTHUB_CLIENT_CONFIRMATION_OK"
12349,10143575017,10143575093,1,"IOTHUB_CLIENT_CONFIRMATION_OK"
12350,10143575217,10143575254,1,"IOTHUB_CLIENT_CONFIRMATION_OK"
12351,10143575418,10143575511,1,"IOTHUB_CLIENT_CONFIRMATION_OK"
12352,10143575618,10143575671,1,"IOTHUB_CLIENT_CONFIRMATION_OK"
12353,10143575818,10143575860,1,"IOTHUB_CLIENT_CONFIRMATION_OK"
12354,10143576018,10143576057,1,"IOTHUB_CLIENT_CONFIRMATION_OK"
12355,10143576218,10143576255,1,"IOTHUB_CLIENT_CONFIRMATION_OK"
12356,10143576418,10143576537,1,"IOTHUB_CLIENT_CONFIRMATION_OK"
12357,10143576619,10143576662,1,"IOTHUB_CLIENT_CONFIRMATION_OK"
12358,10143576819,10143576855,1,"IOTHUB_CLIENT_CONFIRMATION_OK"
12359,10143577019,10143577134,1,"IOTHUB_CLIENT_CONFIRMATION_OK"
12360,10143577219,10143577254,1,"IOTHUB_CLIENT_CONFIRMATION_OK"
12361,10143577419,10143577456,1,"IOTHUB_CLIENT_CONFIRMATION_OK"
12362,10143577619,10143577730,1,"IOTHUB_CLIENT_CONFIRMATION_OK"
12363,10143577820,10143577854,1,"IOTHUB_CLIENT_CONFIRMATION_OK"
12364,10143578020,10143578053,1,"IOTHUB_CLIENT_CONFIRMATION_OK"
12365,10143578220,10143578253,1,"IOTHUB_CLIENT_CONFIRMATION_OK"
12366,10143578420,10143578460,1,"IOTHUB_CLIENT_CONFIRMATION_OK"
12367,10143578620,10143578719,1,"IOTHUB_CLIENT_CONFIRMATION_OK"
12368,10143578820,10143578858,1,"IOTHUB_CLIENT_CONFIRMATION_OK"
12369,10143579020,10143579070,1,"IOTHUB_CLIENT_CONFIRMATION_OK"
12370,10143579221,10143579381,1,"IOTHUB_CLIENT_CONFIRMATION_OK"
12371,10143579421,10143579453,1,"IOTHUB_CLIENT_CONFIRMATION_OK"
12372,10143579621,10143579660,1,"IOTHUB_CLIENT_CONFIRMATION_OK"
12373,10143579821,10143579970,1,"IOTHUB_CLIENT_CONFIRMATION_OK"
12374,10143580021,10143580066,1,"IOTHUB_CLIENT_CONFIRMATION_OK"
12375,10143580221,10143580280,1,"IOTHUB_CLIENT_CONFIRMATION_OK"
12376,10143580422,10143580465,1,"IOTHUB_CLIENT_CONFIRMATION_OK"
12377,10143580622,10143580661,1,"IOTHUB_CLIENT_CONFIRMATION_OK"
12378,10143580822,10143580855,1,"IOTHUB_CLIENT_CONFIRMATION_OK"
12379,10143581022,10143581057,1,"IOTHUB_CLIENT_CONFIRMATION_OK"
12380,10143581222,10143581259,1,"IOTHUB_CLIENT_CONFIRMATION_OK"
12381,10143581422,10143581592,1,"IOTHUB_CLIENT_CONFIRMATION_OK"
12382,10143581622,10143581673,1,"IOTHUB_CLIENT_CONFIRMATION_OK"
12383,10143581823,10143581880,1,"IOTHUB_CLIENT_CONFIRMATION_OK"
12384,10143582023,10143582222,1,"IOTHUB_CLIENT_CONFIRMATION_OK"
12385,10143582223,10143582260,1,"IOTHUB_CLIENT_CONFIRMATION_OK"
12386,10143582423,10143582477,1,"IOTHUB_CLIENT_CONFIRMATION_OK"
12387,10143582623,10143582668,1,"IOTHUB_CLIENT_CONFIRMATION_OK"
12388,10143582823,10143582865,1,"IOTHUB_CLIENT_CONFIRMATION_OK"
12389,10143583024,10143583067,1,"IOTHUB_CLIENT_CONFIRMATION_OK"
12390,10143583224,10143583260,1,"IOTHUB_CLIENT_CONFIRMATION_OK"
12391,10143583424,10143583462,1,"IOTHUB_CLIENT_CONFIRMATION_OK"
12392,10143583624,10143583733,1,"IOTHUB_CLIENT_CONFIRMATION_OK"
12393,10143583824,10143583862,1,"IOTHUB_CLIENT_CONFIRMATION_OK"
12394,10143584024,10143584070,1,"IOTHUB_CLIENT_CONFIRMATION_OK"
12395,10143584225,10143584259,1,"IOTHUB_CLIENT_CONFIRMATION_OK"
12396,10143584425,10143584466,1,"IOTHUB_CLIENT_CONFIRMATION_OK"
12397,10143584625,10143584664,1,"IOTHUB_CLIENT_CONFIRMATION_OK"
12398,10143584825,10143584920,1,"IOTHUB_CLIENT_CONFIRMATION_OK"
12399,10143585025,10143585066,1,"IOTHUB_CLIENT_CONFIRMATION_OK"
12400,10143585225,10143585286,1,"IOTHUB_CLIENT_CONFIRMATION_OK"
12401,10143585426,10143585532,1,"IOTHUB_CLIENT_CONFIRMATION_OK"
12402,10143585626,10143585666,1,"IOTHUB_CLIENT_CONFIRMATION_OK"
12403,10143585826,10143585864,1,"IOTHUB_CLIENT_CONFIRMATION_OK"
12404,10143586026,10143586062,1,"IOTHUB_CLIENT_CONFIRMATION_OK"
12405,10143586226,10143586273,1,"IOTHUB_CLIENT_CONFIRMATION_OK"
12406,10143586426,10143586553,1,"IOTHUB_CLIENT_CONFIRMATION_OK"
12407,10143586626,10143586667,1,"IOTHUB_CLIENT_CONFIRMATION_OK"
12408,10143586827,10143586870,1,"IOTHUB_CLIENT_CONFIRMATION_OK"
12409,10143587027,10143587213,1,"IOTHUB_CLIENT_CONFIRMATION_OK"
12410,10143587227,10143587276,1,"IOTHUB_CLIENT_CONFIRMATION_OK"
12411,10143587427,10143587464,1,"IOTHUB_CLIENT_CONFIRMATION_OK"
12412,10143587627,10143587680,1,"IOTHUB_CLIENT_CONFIRMATION_OK"
12413,10143587827,10143587867,1,"IOTHUB_CLIENT_CONFIRMATION_OK"
12414,10143588028,10143588067,1,"IOTHUB_CLIENT_CONFIRMATION_OK"
12415,10143588228,10143588267,1,"IOTHUB_CLIENT_CONFIRMATION_OK"
12416,10143588428,10143588499,1,"IOTHUB_CLIENT_CONFIRMATION_OK"
12417,10143588628,10143588664,1,"IOTHUB_CLIENT_CONFIRMATION_OK"
12418,10143588828,10143588871,1,"IOTHUB_CLIENT_CONFIRMATION_OK"
12419,10143589028,10143589074,1,"IOTHUB_CLIENT_CONFIRMATION_OK"
12420,10143589229,10143589445,1,"IOTHUB_CLIENT_CONFIRMATION_OK"
12421,10143589429,10143589469,1,"IOTHUB_CLIENT_CONFIRMATION_OK"
12422,10143589629,10143589703,1,"IOTHUB_CLIENT_CONFIRMATION_OK"
12423,10143589829,10143589899,1,"IOTHUB_CLIENT_CONFIRMATION_OK"
12424,10143590029,10143590071,1,"IOTHUB_CLIENT_CONFIRMATION_OK"
12425,10143590229,10143590268,1,"IOTHUB_CLIENT_CONFIRMATION_OK"
12426,10143590429,10143590490,1,"IOTHUB_CLIENT_CONFIRMATION_OK"
12427,10143590630,10143590668,1,"IOTHUB_CLIENT_CONFIRMATION_OK"
12428,10143590830,10143590874,1,"IOTHUB_CLIENT_CONFIRMATION_OK"
12429,10143591030,10143591094,1,"IOTHUB_CLIENT_CONFIRMATION_OK"
12430,10143591230,10143591267,1,"IOTHUB_CLIENT_CONFIRMATION_OK"
12431,10143591430,10143591495,1,"IOTHUB_CLIENT_CONFIRMATION_OK"
12432,10143591630,10143591670,1,"IOTHUB_CLIENT_CONFIRMATION_OK"
12433,10143591831,10143591867,1,"IOTHUB_CLIENT_CONFIRMATION_OK"
12434,10143592031,10143592089,1,"IOTHUB_CLIENT_CONFIRMATION_OK"
12435,10143592231,10143592265,1,"IOTHUB_CLIENT_CONFIRMATION_OK"
12436,10143592431,10143592466,1,"IOTHUB_CLIENT_CONFIRMATION_OK"
12437,10143592631,10143592707,1,"IOTHUB_CLIENT_CONFIRMATION_OK"
12438,10143592831,10143592880,1,"IOTHUB_CLIENT_CONFIRMATION_OK"
12439,10143593031,10143593071,1,"IOTHUB_CLIENT_CONFIRMATION_OK"
12440,10143593232,10143593271,1,"IOTHUB_CLIENT_CONFIRMATION_OK"
12441,10143593432,10143593474,1,"IOTHUB_CLIENT_CONFIRMATION_OK"
12442,10143593632,10143593714,1,"IOTHUB_CLIENT_CONFIRMATION_OK"
12443,10143593832,10143593869,1,"IOTHUB_CLIENT_CONFIRMATION_OK"
12444,10143594032,10143594086,1,"IOTHUB_CLIENT_CONFIRMATION_OK"
12445,10143594232,10143594353,1,"IOTHUB_CLIENT_CONFIRMATION_OK"
12446,10143594433,10143594470,1,"IOTHUB_CLIENT_CONFIRMATION_OK"
12447,10143594633,10143594667,1,"IOTHUB_CLIENT_CONFIRMATION_OK"
12448,10143594833,10143594871,1,"IOTHUB_CLIENT_CONFIRMATION_OK"
12449,10143595033,10143595068,1,"IOTHUB_CLIENT_CONFIRMATION_OK"
12450,10143595233,10143595297,1,"IOTHUB_CLIENT_CONFIRMATION_OK"
12451,10143595433,10143595473,1,"IOTHUB_CLIENT_CONFIRMATION_OK"
12452,10143595634,10143595677,1,"IOTHUB_CLIENT_CONFIRMATION_OK"
12453,10143595834,10143595876,1,"IOTHUB_CLIENT_CONFIRMATION_OK"
12454,10143596034,10143596071,1,"IOTHUB_CLIENT_CONFIRMATION_OK"
12455,10143596234,10143596269,1,"IOTHUB_CLIENT_CONFIRMATION_OK"
12456,10143596434,10143596475,1,"IOTHUB_CLIENT_CONFIRMATION_OK"
12457,10143596634,10143596683,1,"IOTHUB_CLIENT_CONFIRMATION_OK"
12458,10143596834,10143596873,1,"IOTHUB_CLIENT_CONFIRMATION_OK"
12459,10143597035,10143597075,1,"IOTHUB_CLIENT_CONFIRMATION_OK"
12460,10143597235,10143597269,1,"IOTHUB_CLIENT_CONFIRMATION_OK"
12461,10143597435,10143597472,1,"IOTHUB_CLIENT_CONFIRMATION_OK"
12462,10143597635,10143597681,1,"IOTHUB_CLIENT_CONFIRMATION_OK"
12463,10143597835,10143597896,1,"IOTHUB_CLIENT_CONFIRMATION_OK"
12464,10143598035,10143598074,1,"IOTHUB_CLIENT_CONFIRMATION_OK"
12465,10143598236,10143598284,1,"IOTHUB_CLIENT_CONFIRMATION_OK"
12466,10143598436,10143598473,1,"IOTHUB_CLIENT_CONFIRMATION_OK"
12467,10143598636,10143598684,1,"IOTHUB_CLIENT_CONFIRMATION_OK"
12468,10143598836,10143598882,1,"IOTHUB_CLIENT_CONFIRMATION_OK"
12469,10143599036,10143599112,1,"IOTHUB_CLIENT_CONFIRMATION_OK"
12470,10143599236,10143599291,1,"IOTHUB_CLIENT_CONFIRMATION_OK"
12471,10143599436,10143599476,1,"IOTHUB_CLIENT_CONFIRMATION_OK"
12472,10143599637,10143599677,1,"IOTHUB_CLIENT_CONFIRMATION_OK"
12473,10143599837,10143599894,1,"IOTHUB_CLIENT_CONFIRMATION_OK"
12474,10143600037,10143600076,1,"IOTHUB_CLIENT_CONFIRMATION_OK"
12475,10143600237,10143600325,1,"IOTHUB_CLIENT_CONFIRMATION_OK"
12476,10143600437,10143600555,1,"IOTHUB_CLIENT_CONFIRMATION_OK"
12477,10143600637,10143600680,1,"IOTHUB_CLIENT_CONFIRMATION_OK"
12478,10143600838,10143600947,1,"IOTHUB_CLIENT_CONFIRMATION_OK"
12479,10143601038,10143601074,1,"IOTHUB_CLIENT_CONFIRMATION_OK"
12480,10143601238,10143601286,1,"IOTHUB_CLIENT_CONFIRMATION_OK"
12481,10143601438,10143601557,1,"IOTHUB_CLIENT_CONFIRMATION_OK"
12482,10143601638,10143601722,1,"IOTHUB_CLIENT_CONFIRMATION_OK"
12483,10143601838,10143601872,1,"IOTHUB_CLIENT_CONFIRMATION_OK"
12484,10143602039,10143602180,1,"IOTHUB_CLIENT_CONFIRMATION_OK"
12485,10143602239,10143602281,1,"IOTHUB_CLIENT_CONFIRMATION_OK"
12486,10143602439,10143602489,1,"IOTHUB_CLIENT_CONFIRMATION_OK"
12487,10143602639,10143602699,1,"IOTHUB_CLIENT_CONFIRMATION_OK"
12488,10143602839,10143602875,1,"IOTHUB_CLIENT_CONFIRMATION_OK"
12489,10143603039,10143603074,1,"IOTHUB_CLIENT_CONFIRMATION_OK"
12490,10143603240,10143603279,1,"IOTHUB_CLIENT_CONFIRMATION_OK"
12491,10143603440,10143603481,1,"IOTHUB_CLIENT_CONFIRMATION_OK"
12492,10143603640,10143603817,1,"IOTHUB_CLIENT_CONFIRMATION_OK"
12493,10143603840,10143603879,1,"IOTHUB_CLIENT_CONFIRMATION_OK"
12494,10143604040,10143604076,1,"IOTHUB_CLIENT_CONFIRMATION_OK"
12495,10143604240,10143604278,1,"IOTHUB_CLIENT_CONFIRMATION_OK"
12496,10143604440,10143604480,1,"IOTHUB_CLIENT_CONFIRMATION_OK"
12497,10143604641,10143604677,1,"IOTHUB_CLIENT_CONFIRMATION_OK"
12498,10143604841,10143604882,1,"IOTHUB_CLIENT_CONFIRMATION_OK"
12499,10143605041,10143605078,1,"IOTHUB_CLIENT_CONFIRMATION_OK"
12500,10143605241,10143605291,1,"IOTHUB_CLIENT_CONFIRMATION_OK"
12501,10143605441,10143605480,1,"IOTHUB_CLIENT_CONFIRMATION_OK"
12502,10143605641,10143605680,1,"IOTHUB_CLIENT_CONFIRMATION_OK"
12503,10143605841,10143606102,1,"IOTHUB_CLIENT_CONFIRMATION_OK"
12504,10143606042,10143606423,1,"IOTHUB_CLIENT_CONFIRMATION_OK"
12505,10143606242,10143606908,1,"IOTHUB_CLIENT_CONFIRMATION_OK"
12506,10143606442,10143606950,1,"IOTHUB_CLIENT_CONFIRMATION_OK"
12507,10143606642,10143607008,1,"IOTHUB_CLIENT_CONFIRMATION_OK"
12508,10143606842,10143607151,1,"IOTHUB_CLIENT_CONFIRMATION_OK"
12509,10143607042,10143607172,1,"IOTHUB_CLIENT_CONFIRMATION_OK"
12510,10143607243,10143607280,1,"IOTHUB_CLIENT_CONFIRMATION_OK"
12511,10143607443,10143607484,1,"IOTHUB_CLIENT_CONFIRMATION_OK"
12512,10143607643,10143607700,1,"IOTHUB_CLIENT_CONFIRMATION_OK"
12513,10143607843,10143607882,1,"IOTHUB_CLIENT_CONFIRMATION_OK"
12514,10143608043,10143608085,1,"IOTHUB_CLIENT_CONFIRMATION_OK"
12515,10143608243,10143608291,1,"IOTHUB_CLIENT_CONFIRMATION_OK"
12516,10143608444,10143608483,1,"IOTHUB_CLIENT_CONFIRMATION_OK"
12517,10143608644,10143608683,1,"IOTHUB_CLIENT_CONFIRMATION_OK"
12518,10143608844,10143608880,1,"IOTHUB_CLIENT_CONFIRMATION_OK"
12519,10143609044,10143609083,1,"IOTHUB_CLIENT_CONFIRMATION_OK"
12520,10143609244,10143609294,1,"IOTHUB_CLIENT_CONFIRMATION_OK"
12521,10143609444,10143609486,1,"IOTHUB_CLIENT_CONFIRMATION_OK"
12522,10143609645,10143609682,1,"IOTHUB_CLIENT_CONFIRMATION_OK"
12523,10143609845,10143609912,1,"IOTHUB_CLIENT_CONFIRMATION_OK"
12524,10143610045,10143610082,1,"IOTHUB_CLIENT_CONFIRMATION_OK"
12525,10143610245,10143610279,1,"IOTHUB_CLIENT_CONFIRMATION_OK"
12526,10143610445,10143610491,1,"IOTHUB_CLIENT_CONFIRMATION_OK"
12527,10143610645,10143610692,1,"IOTHUB_CLIENT_CONFIRMATION_OK"
12528,10143610845,10143610921,1,"IOTHUB_CLIENT_CONFIRMATION_OK"
12529,10143611046,10143611082,1,"IOTHUB_CLIENT_CONFIRMATION_OK"
12530,10143611246,10143611284,1,"IOTHUB_CLIENT_CONFIRMATION_OK"
12531,10143611446,10143611533,1,"IOTHUB_CLIENT_CONFIRMATION_OK"
12532,10143611646,10143611681,1,"IOTHUB_CLIENT_CONFIRMATION_OK"
12533,10143611846,10143611970,1,"IOTHUB_CLIENT_CONFIRMATION_OK"
12534,10143612046,10143612146,1,"IOTHUB_CLIENT_CONFIRMATION_OK"
12535,10143612247,10143612282,1,"IOTHUB_CLIENT_CONFIRMATION_OK"
12536,10143612447,10143612502,1,"IOTHUB_CLIENT_CONFIRMATION_OK"
12537,10143612647,10143612681,1,"IOTHUB_CLIENT_CONFIRMATION_OK"
12538,10143612847,10143612887,1,"IOTHUB_CLIENT_CONFIRMATION_OK"
12539,10143613047,10143613159,1,"IOTHUB_CLIENT_CONFIRMATION_OK"
12540,10143613247,10143613287,1,"IOTHUB_CLIENT_CONFIRMATION_OK"
12541,10143613448,10143613482,1,"IOTHUB_CLIENT_CONFIRMATION_OK"
12542,10143613648,10143613760,1,"IOTHUB_CLIENT_CONFIRMATION_OK"
12543,10143613848,10143613891,1,"IOTHUB_CLIENT_CONFIRMATION_OK"
12544,10143614048,10143614084,1,"IOTHUB_CLIENT_CONFIRMATION_OK"
12545,10143614248,10143614370,1,"IOTHUB_CLIENT_CONFIRMATION_OK"
12546,10143614449,10143614484,1,"IOTHUB_CLIENT_CONFIRMATION_OK"
12547,10143614649,10143614683,1,"IOTHUB_CLIENT_CONFIRMATION_OK"
12548,10143614849,10143614883,1,"IOTHUB_CLIENT_CONFIRMATION_OK"
12549,10143615049,10143615090,1,"IOTHUB_CLIENT_CONFIRMATION_OK"
12550,10143615249,10143615297,1,"IOTHUB_CLIENT_CONFIRMATION_OK"
12551,10143615449,10143615505,1,"IOTHUB_CLIENT_CONFIRMATION_OK"
12552,10143615650,10143615687,1,"IOTHUB_CLIENT_CONFIRMATION_OK"
12553,10143615850,10143615999,1,"IOTHUB_CLIENT_CONFIRMATION_OK"
12554,10143616050,10143616085,1,"IOTHUB_CLIENT_CONFIRMATION_OK"
12555,10143616250,10143616288,1,"IOTHUB_CLIENT_CONFIRMATION_OK"
12556,10143616450,10143616621,1,"IOTHUB_CLIENT_CONFIRMATION_OK"
12557,10143616650,10143616691,1,"IOTHUB_CLIENT_CONFIRMATION_OK"
12558,10143616850,10143616893,1,"IOTHUB_CLIENT_CONFIRMATION_OK"
12559,10143617051,10143617091,1,"IOTHUB_CLIENT_CONFIRMATION_OK"
12560,10143617251,10143617293,1,"IOTHUB_CLIENT_CONFIRMATION_OK"
12561,10143617451,10143617602,1,"IOTHUB_CLIENT_CONFIRMATION_OK"
12562,10143617651,10143617694,1,"IOTHUB_CLIENT_CONFIRMATION_OK"
12563,10143617851,10143617892,1,"IOTHUB_CLIENT_CONFIRMATION_OK"
12564,10143618051,10143618239,1,"IOTHUB_CLIENT_CONFIRMATION_OK"
12565,10143618252,10143618287,1,"IOTHUB_CLIENT_CONFIRMATION_OK"
12566,10143618452,10143618488,1,"IOTHUB_CLIENT_CONFIRMATION_OK"
12567,10143618652,10143618871,1,"IOTHUB_CLIENT_CONFIRMATION_OK"
12568,10143618852,10143618893,1,"IOTHUB_CLIENT_CONFIRMATION_OK"
12569,10143619052,10143619088,1,"IOTHUB_CLIENT_CONFIRMATION_OK"
12570,10143619252,10143619296,1,"IOTHUB_CLIENT_CONFIRMATION_OK"
12571,10143619452,10143619494,1,"IOTHUB_CLIENT_CONFIRMATION_OK"
12572,10143619653,10143619694,1,"IOTHUB_CLIENT_CONFIRMATION_OK"
12573,10143619853,10143619889,1,"IOTHUB_CLIENT_CONFIRMATION_OK"
12574,10143620053,10143620090,1,"IOTHUB_CLIENT_CONFIRMATION_OK"
12575,10143620253,10143620320,1,"IOTHUB_CLIENT_CONFIRMATION_OK"
12576,10143620453,10143620522,1,"IOTHUB_CLIENT_CONFIRMATION_OK"
12577,10143620653,10143620698,1,"IOTHUB_CLIENT_CONFIRMATION_OK"
12578,10143620854,10143620909,1,"IOTHUB_CLIENT_CONFIRMATION_OK"
12579,10143621054,10143621094,1,"IOTHUB_CLIENT_CONFIRMATION_OK"
12580,10143621254,10143621296,1,"IOTHUB_CLIENT_CONFIRMATION_OK"
12581,10143621454,10143621534,1,"IOTHUB_CLIENT_CONFIRMATION_OK"
12582,10143621654,10143621692,1,"IOTHUB_CLIENT_CONFIRMATION_OK"
12583,10143621854,10143621888,1,"IOTHUB_CLIENT_CONFIRMATION_OK"
12584,10143622055,10143622145,1,"IOTHUB_CLIENT_CONFIRMATION_OK"
12585,10143622255,10143622297,1,"IOTHUB_CLIENT_CONFIRMATION_OK"
12586,10143622455,10143622490,1,"IOTHUB_CLIENT_CONFIRMATION_OK"
12587,10143622655,10143622699,1,"IOTHUB_CLIENT_CONFIRMATION_OK"
12588,10143622855,10143622900,1,"IOTHUB_CLIENT_CONFIRMATION_OK"
12589,10143623055,10143623158,1,"IOTHUB_CLIENT_CONFIRMATION_OK"
12590,10143623255,10143623290,1,"IOTHUB_CLIENT_CONFIRMATION_OK"
12591,10143623456,10143623495,1,"IOTHUB_CLIENT_CONFIRMATION_OK"
12592,10143623656,10143623774,1,"IOTHUB_CLIENT_CONFIRMATION_OK"
12593,10143623856,10143623892,1,"IOTHUB_CLIENT_CONFIRMATION_OK"
12594,10143624056,10143624112,1,"IOTHUB_CLIENT_CONFIRMATION_OK"
12595,10143624256,10143624395,1,"IOTHUB_CLIENT_CONFIRMATION_OK"
12596,10143624456,10143624493,1,"IOTHUB_CLIENT_CONFIRMATION_OK"
12597,10143624657,10143624690,1,"IOTHUB_CLIENT_CONFIRMATION_OK"
12598,10143624857,10143624890,1,"IOTHUB_CLIENT_CONFIRMATION_OK"
12599,10143625057,10143625091,1,"IOTHUB_CLIENT_CONFIRMATION_OK"
12600,10143625257,10143625295,1,"IOTHUB_CLIENT_CONFIRMATION_OK"
12601,10143625457,10143625494,1,"IOTHUB_CLIENT_CONFIRMATION_OK"
12602,10143625657,10143625695,1,"IOTHUB_CLIENT_CONFIRMATION_OK"
12603,10143625858,10143626007,1,"IOTHUB_CLIENT_CONFIRMATION_OK"
12604,10143626058,10143626095,1,"IOTHUB_CLIENT_CONFIRMATION_OK"
12605,10143626258,10143626297,1,"IOTHUB_CLIENT_CONFIRMATION_OK"
12606,10143626458,10143626647,1,"IOTHUB_CLIENT_CONFIRMATION_OK"
12607,10143626658,10143626699,1,"IOTHUB_CLIENT_CONFIRMATION_OK"
12608,10143626858,10143626895,1,"IOTHUB_CLIENT_CONFIRMATION_OK"
12609,10143627058,10143627095,1,"IOTHUB_CLIENT_CONFIRMATION_OK"
12610,10143627259,10143627341,1,"IOTHUB_CLIENT_CONFIRMATION_OK"
12611,10143627459,10143627492,1,"IOTHUB_CLIENT_CONFIRMATION_OK"
12612,10143627659,10143627700,1,"IOTHUB_CLIENT_CONFIRMATION_OK"
12613,10143627859,10143627897,1,"IOTHUB_CLIENT_CONFIRMATION_OK"
12614,10143628059,10143628173,1,"IOTHUB_CLIENT_CONFIRMATION_OK"
12615,10143628259,10143628309,1,"IOTHUB_CLIENT_CONFIRMATION_OK"
12616,10143628460,10143628495,1,"IOTHUB_CLIENT_CONFIRMATION_OK"
12617,10143628660,10143628766,1,"IOTHUB_CLIENT_CONFIRMATION_OK"
12618,10143628860,10143628895,1,"IOTHUB_CLIENT_CONFIRMATION_OK"
12619,10143629060,10143629097,1,"IOTHUB_CLIENT_CONFIRMATION_OK"
12620,10143629260,10143629378,1,"IOTHUB_CLIENT_CONFIRMATION_OK"
12621,10143629460,10143629496,1,"IOTHUB_CLIENT_CONFIRMATION_OK"
12622,10143629661,10143629698,1,"IOTHUB_CLIENT_CONFIRMATION_OK"
12623,10143629861,10143629919,1,"IOTHUB_CLIENT_CONFIRMATION_OK"
12624,10143630061,10143630096,1,"IOTHUB_CLIENT_CONFIRMATION_OK"
12625,10143630261,10143630302,1,"IOTHUB_CLIENT_CONFIRMATION_OK"
12626,10143630461,10143630501,1,"IOTHUB_CLIENT_CONFIRMATION_OK"
12627,10143630661,10143630697,1,"IOTHUB_CLIENT_CONFIRMATION_OK"
12628,10143630861,10143631038,1,"IOTHUB_CLIENT_CONFIRMATION_OK"
12629,10143631062,10143631098,1,"IOTHUB_CLIENT_CONFIRMATION_OK"
12630,10143631262,10143631303,1,"IOTHUB_CLIENT_CONFIRMATION_OK"
12631,10143631462,10143631613,1,"IOTHUB_CLIENT_CONFIRMATION_OK"
12632,10143631662,10143631698,1,"IOTHUB_CLIENT_CONFIRMATION_OK"
12633,10143631862,10143631904,1,"IOTHUB_CLIENT_CONFIRMATION_OK"
12634,10143632062,10143632101,1,"IOTHUB_CLIENT_CONFIRMATION_OK"
12635,10143632263,10143632297,1,"IOTHUB_CLIENT_CONFIRMATION_OK"
12636,10143632463,10143632505,1,"IOTHUB_CLIENT_CONFIRMATION_OK"
12637,10143632663,10143632697,1,"IOTHUB_CLIENT_CONFIRMATION_OK"
12638,10143632863,10143632896,1,"IOTHUB_CLIENT_CONFIRMATION_OK"
12639,10143633063,10143633237,1,"IOTHUB_CLIENT_CONFIRMATION_OK"
12640,10143633263,10143633310,1,"IOTHUB_CLIENT_CONFIRMATION_OK"
12641,10143633464,10143633503,1,"IOTHUB_CLIENT_CONFIRMATION_OK"
12642,10143633664,10143633720,1,"IOTHUB_CLIENT_CONFIRMATION_OK"
12643,10143633864,10143633920,1,"IOTHUB_CLIENT_CONFIRMATION_OK"
12644,10143634064,10143634114,1,"IOTHUB_CLIENT_CONFIRMATION_OK"
12645,10143634264,10143634305,1,"IOTHUB_CLIENT_CONFIRMATION_OK"
12646,10143634464,10143634496,1,"IOTHUB_CLIENT_CONFIRMATION_OK"
12647,10143634664,10143634709,1,"IOTHUB_CLIENT_CONFIRMATION_OK"
12648,10143634865,10143634903,1,"IOTHUB_CLIENT_CONFIRMATION_OK"
12649,10143635065,10143635099,1,"IOTHUB_CLIENT_CONFIRMATION_OK"
12650,10143635265,10143635407,1,"IOTHUB_CLIENT_CONFIRMATION_OK"
12651,10143635465,10143635500,1,"IOTHUB_CLIENT_CONFIRMATION_OK"
12652,10143635665,10143635701,1,"IOTHUB_CLIENT_CONFIRMATION_OK"
12653,10143635865,10143636069,1,"IOTHUB_CLIENT_CONFIRMATION_OK"
12654,10143636066,10143636108,1,"IOTHUB_CLIENT_CONFIRMATION_OK"
12655,10143636266,10143636303,1,"IOTHUB_CLIENT_CONFIRMATION_OK"
12656,10143636466,10143636503,1,"IOTHUB_CLIENT_CONFIRMATION_OK"
12657,10143636666,10143636700,1,"IOTHUB_CLIENT_CONFIRMATION_OK"
12658,10143636866,10143636903,1,"IOTHUB_CLIENT_CONFIRMATION_OK"
12659,10143637066,10143637138,1,"IOTHUB_CLIENT_CONFIRMATION_OK"
12660,10143637266,10143637305,1,"IOTHUB_CLIENT_CONFIRMATION_OK"
12661,10143637467,10143637519,1,"IOTHUB_CLIENT_CONFIRMATION_OK"
12662,10143637667,10143637709,1,"IOTHUB_CLIENT_CONFIRMATION_OK"
12663,10143637867,10143637900,1,"IOTHUB_CLIENT_CONFIRMATION_OK"
12664,10143638067,10143638109,1,"IOTHUB_CLIENT_CONFIRMATION_OK"
12665,10143638267,10143638300,1,"IOTHUB_CLIENT_CONFIRMATION_OK"
12666,10143638467,10143638506,1,"IOTHUB_CLIENT_CONFIRMATION_OK"
12667,10143638667,10143638708,1,"IOTHUB_CLIENT_CONFIRMATION_OK"
12668,10143638868,10143638900,1,"IOTHUB_CLIENT_CONFIRMATION_OK"
12669,10143639068,10143639179,1,"IOTHUB_CLIENT_CONFIRMATION_OK"
12670,10143639268,10143639400,1,"IOTHUB_CLIENT_CONFIRMATION_OK"
12671,10143639468,10143639500,1,"IOTHUB_CLIENT_CONFIRMATION_OK"
12672,10143639668,10143639739,1,"IOTHUB_CLIENT_CONFIRMATION_OK"
12673,10143639868,10143639905,1,"IOTHUB_CLIENT_CONFIRMATION_OK"
12674,10143640069,10143640107,1,"IOTHUB_CLIENT_CONFIRMATION_OK"
12675,10143640269,10143640430,1,"IOTHUB_CLIENT_CONFIRMATION_OK"
12676,10143640469,10143640515,1,"IOTHUB_CLIENT_CONFIRMATION_OK"
12677,10143640669,10143640713,1,"IOTHUB_CLIENT_CONFIRMATION_OK"
12678,10143640869,10143641037,1,"IOTHUB_CLIENT_CONFIRMATION_OK"
12679,10143641069,10143641105,1,"IOTHUB_CLIENT_CONFIRMATION_OK"
12680,10143641269,10143641313,1,"IOTHUB_CLIENT_CONFIRMATION_OK"
12681,10143641470,10143641503,1,"IOTHUB_CLIENT_CONFIRMATION_OK"
12682,10143641670,10143641727,1,"IOTHUB_CLIENT_CONFIRMATION_OK"
12683,10143641870,10143641912,1,"IOTHUB_CLIENT_CONFIRMATION_OK"
12684,10143642070,10143642115,1,"IOTHUB_CLIENT_CONFIRMATION_OK"
12685,10143642270,10143642305,1,"IOTHUB_CLIENT_CONFIRMATION_OK"
12686,10143642470,10143642507,1,"IOTHUB_CLIENT_CONFIRMATION_OK"
12687,10143642671,10143642711,1,"IOTHUB_CLIENT_CONFIRMATION_OK"
12688,10143642871,10143642949,1,"IOTHUB_CLIENT_CONFIRMATION_OK"
12689,10143643071,10143643269,1,"IOTHUB_CLIENT_CONFIRMATION_OK"
12690,10143643271,10143643307,1,"IOTHUB_CLIENT_CONFIRMATION_OK"
12691,10143643471,10143643505,1,"IOTHUB_CLIENT_CONFIRMATION_OK"
12692,10143643672,10143643703,1,"IOTHUB_CLIENT_CONFIRMATION_OK"
12693,10143643872,10143643912,1,"IOTHUB_CLIENT_CONFIRMATION_OK"
12694,10143644072,10143644133,1,"IOTHUB_CLIENT_CONFIRMATION_OK"
12695,10143644272,10143644321,1,"IOTHUB_CLIENT_CONFIRMATION_OK"
12696,10143644472,10143644513,1,"IOTHUB_CLIENT_CONFIRMATION_OK"
12697,10143644672,10143644710,1,"IOTHUB_CLIENT_CONFIRMATION_OK"
12698,10143644872,10143644919,1,"IOTHUB_CLIENT_CONFIRMATION_OK"
12699,10143645073,10143645119,1,"IOTHUB_CLIENT_CONFIRMATION_OK"
12700,10143645273,10143645492,1,"IOTHUB_CLIENT_CONFIRMATION_OK"
12701,10143645473,10143645514,1,"IOTHUB_CLIENT_CONFIRMATION_OK"
12702,10143645673,10143645710,1,"IOTHUB_CLIENT_CONFIRMATION_OK"
12703,10143645873,10143645913,1,"IOTHUB_CLIENT_CONFIRMATION_OK"
12704,10143646073,10143646119,1,"IOTHUB_CLIENT_CONFIRMATION_OK"
12705,10143646274,10143646308,1,"IOTHUB_CLIENT_CONFIRMATION_OK"
12706,10143646474,10143646553,1,"IOTHUB_CLIENT_CONFIRMATION_OK"
12707,10143646674,10143646711,1,"IOTHUB_CLIENT_CONFIRMATION_OK"
12708,10143646874,10143646914,1,"IOTHUB_CLIENT_CONFIRMATION_OK"
12709,10143647074,10143647178,1,"IOTHUB_CLIENT_CONFIRMATION_OK"
12710,10143647275,10143647335,1,"IOTHUB_CLIENT_CONFIRMATION_OK"
12711,10143647475,10143647517,1,"IOTHUB_CLIENT_CONFIRMATION_OK"
12712,10143647675,10143647722,1,"IOTHUB_CLIENT_CONFIRMATION_OK"
12713,10143647875,10143647914,1,"IOTHUB_CLIENT_CONFIRMATION_OK"
12714,10143648075,10143648179,1,"IOTHUB_CLIENT_CONFIRMATION_OK"
12715,10143648275,10143648316,1,"IOTHUB_CLIENT_CONFIRMATION_OK"
12716,10143648475,10143648509,1,"IOTHUB_CLIENT_CONFIRMATION_OK"
12717,10143648676,10143648796,1,"IOTHUB_CLIENT_CONFIRMATION_OK"
12718,10143648876,10143648914,1,"IOTHUB_CLIENT_CONFIRMATION_OK"
12719,10143649076,10143649118,1,"IOTHUB_CLIENT_CONFIRMATION_OK"
12720,10143649276,10143649398,1,"IOTHUB_CLIENT_CONFIRMATION_OK"
12721,10143649476,10143649516,1,"IOTHUB_CLIENT_CONFIRMATION_OK"
12722,10143649676,10143649712,1,"IOTHUB_CLIENT_CONFIRMATION_OK"
12723,10143649877,10143649913,1,"IOTHUB_CLIENT_CONFIRMATION_OK"
12724,10143650077,10143650112,1,"IOTHUB_CLIENT_CONFIRMATION_OK"
12725,10143650277,10143650400,1,"IOTHUB_CLIENT_CONFIRMATION_OK"
12726,10143650477,10143650511,1,"IOTHUB_CLIENT_CONFIRMATION_OK"
12727,10143650677,10143650715,1,"IOTHUB_CLIENT_CONFIRMATION_OK"
12728,10143650877,10143651022,1,"IOTHUB_CLIENT_CONFIRMATION_OK"
12729,10143651078,10143651120,1,"IOTHUB_CLIENT_CONFIRMATION_OK"
12730,10143651278,10143651329,1,"IOTHUB_CLIENT_CONFIRMATION_OK"
12731,10143651478,10143651654,1,"IOTHUB_CLIENT_CONFIRMATION_OK"
12732,10143651678,10143651721,1,"IOTHUB_CLIENT_CONFIRMATION_OK"
12733,10143651878,10143651916,1,"IOTHUB_CLIENT_CONFIRMATION_OK"
12734,10143652079,10143652123,1,"IOTHUB_CLIENT_CONFIRMATION_OK"
12735,10143652279,10143652318,1,"IOTHUB_CLIENT_CONFIRMATION_OK"
12736,10143652479,10143652513,1,"IOTHUB_CLIENT_CONFIRMATION_OK"
12737,10143652679,10143652711,1,"IOTHUB_CLIENT_CONFIRMATION_OK"
12738,10143652879,10143652912,1,"IOTHUB_CLIENT_CONFIRMATION_OK"
12739,10143653079,10143653292,1,"IOTHUB_CLIENT_CONFIRMATION_OK"
12740,10143653279,10143653318,1,"IOTHUB_CLIENT_CONFIRMATION_OK"
12741,10143653480,10143653515,1,"IOTHUB_CLIENT_CONFIRMATION_OK"
12742,10143653680,10143653723,1,"IOTHUB_CLIENT_CONFIRMATION_OK"
12743,10143653880,10143653924,1,"IOTHUB_CLIENT_CONFIRMATION_OK"
12744,10143654080,10143654123,1,"IOTHUB_CLIENT_CONFIRMATION_OK"
12745,10143654280,10143654328,1,"IOTHUB_CLIENT_CONFIRMATION_OK"
12746,10143654480,10143654527,1,"IOTHUB_CLIENT_CONFIRMATION_OK"
12747,10143654681,10143654733,1,"IOTHUB_CLIENT_CONFIRMATION_OK"
12748,10143654881,10143654918,1,"IOTHUB_CLIENT_CONFIRMATION_OK"
12749,10143655081,10143655130,1,"IOTHUB_CLIENT_CONFIRMATION_OK"
12750,10143655281,10143655315,1,"IOTHUB_CLIENT_CONFIRMATION_OK"
12751,10143655481,10143655535,1,"IOTHUB_CLIENT_CONFIRMATION_OK"
12752,10143655681,10143655716,1,"IOTHUB_CLIENT_CONFIRMATION_OK"
12753,10143655881,10143655925,1,"IOTHUB_CLIENT_CONFIRMATION_OK"
12754,10143656082,10143656138,1,"IOTHUB_CLIENT_CONFIRMATION_OK"
12755,10143656282,10143656320,1,"IOTHUB_CLIENT_CONFIRMATION_OK"
12756,10143656482,10143656535,1,"IOTHUB_CLIENT_CONFIRMATION_OK"
12757,10143656682,10143656716,1,"IOTHUB_CLIENT_CONFIRMATION_OK"
12758,10143656882,10143656918,1,"IOTHUB_CLIENT_CONFIRMATION_OK"
12759,10143657082,10143657160,1,"IOTHUB_CLIENT_CONFIRMATION_OK"
12760,10143657283,10143657322,1,"IOTHUB_CLIENT_CONFIRMATION_OK"
12761,10143657483,10143657530,1,"IOTHUB_CLIENT_CONFIRMATION_OK"
12762,10143657683,10143657723,1,"IOTHUB_CLIENT_CONFIRMATION_OK"
12763,10143657883,10143657916,1,"IOTHUB_CLIENT_CONFIRMATION_OK"
12764,10143658084,10143658162,1,"IOTHUB_CLIENT_CONFIRMATION_OK"
12765,10143658284,10143658314,1,"IOTHUB_CLIENT_CONFIRMATION_OK"
12766,10143658484,10143658549,1,"IOTHUB_CLIENT_CONFIRMATION_OK"
12767,10143658684,10143658773,1,"IOTHUB_CLIENT_CONFIRMATION_OK"
12768,10143658884,10143658923,1,"IOTHUB_CLIENT_CONFIRMATION_OK"
12769,10143659084,10143659120,1,"IOTHUB_CLIENT_CONFIRMATION_OK"
12770,10143659285,10143659384,1,"IOTHUB_CLIENT_CONFIRMATION_OK"
12771,10143659485,10143659528,1,"IOTHUB_CLIENT_CONFIRMATION_OK"
12772,10143659685,10143659735,1,"IOTHUB_CLIENT_CONFIRMATION_OK"
12773,10143659885,10143659926,1,"IOTHUB_CLIENT_CONFIRMATION_OK"
12774,10143660085,10143660136,1,"IOTHUB_CLIENT_CONFIRMATION_OK"
12775,10143660285,10143660389,1,"IOTHUB_CLIENT_CONFIRMATION_OK"
12776,10143660486,10143660535,1,"IOTHUB_CLIENT_CONFIRMATION_OK"
12777,10143660686,10143660761,1,"IOTHUB_CLIENT_CONFIRMATION_OK"
12778,10143660886,10143661234,1,"IOTHUB_CLIENT_CONFIRMATION_OK"
12779,10143661086,10143661270,1,"IOTHUB_CLIENT_CONFIRMATION_OK"
12780,10143661286,10143661331,1,"IOTHUB_CLIENT_CONFIRMATION_OK"
12781,10143661486,10143661522,1,"IOTHUB_CLIENT_CONFIRMATION_OK"
12782,10143661686,10143661726,1,"IOTHUB_CLIENT_CONFIRMATION_OK"
12783,10143661887,10143661960,1,"IOTHUB_CLIENT_CONFIRMATION_OK"
12784,10143662087,10143662123,1,"IOTHUB_CLIENT_CONFIRMATION_OK"
12785,10143662287,10143662325,1,"IOTHUB_CLIENT_CONFIRMATION_OK"
12786,10143662487,10143662518,1,"IOTHUB_CLIENT_CONFIRMATION_OK"
12787,10143662687,10143662722,1,"IOTHUB_CLIENT_CONFIRMATION_OK"
12788,10143662887,10143662921,1,"IOTHUB_CLIENT_CONFIRMATION_OK"
12789,10143663088,10143663117,1,"IOTHUB_CLIENT_CONFIRMATION_OK"
12790,10143663288,10143663329,1,"IOTHUB_CLIENT_CONFIRMATION_OK"
12791,10143663488,10143663519,1,"IOTHUB_CLIENT_CONFIRMATION_OK"
12792,10143663688,10143663797,1,"IOTHUB_CLIENT_CONFIRMATION_OK"
12793,10143663888,10143663923,1,"IOTHUB_CLIENT_CONFIRMATION_OK"
12794,10143664088,10143664131,1,"IOTHUB_CLIENT_CONFIRMATION_OK"
12795,10143664289,10143664424,1,"IOTHUB_CLIENT_CONFIRMATION_OK"
12796,10143664489,10143664549,1,"IOTHUB_CLIENT_CONFIRMATION_OK"
12797,10143664689,10143664729,1,"IOTHUB_CLIENT_CONFIRMATION_OK"
12798,10143664889,10143664938,1,"IOTHUB_CLIENT_CONFIRMATION_OK"
12799,10143665089,10143665130,1,"IOTHUB_CLIENT_CONFIRMATION_OK"
12800,10143665289,10143665424,1,"IOTHUB_CLIENT_CONFIRMATION_OK"
12801,10143665490,10143665532,1,"IOTHUB_CLIENT_CONFIRMATION_OK"
12802,10143665690,10143665720,1,"IOTHUB_CLIENT_CONFIRMATION_OK"
12803,10143665890,10143666036,1,"IOTHUB_CLIENT_CONFIRMATION_OK"
12804,10143666090,10143666129,1,"IOTHUB_CLIENT_CONFIRMATION_OK"
12805,10143666290,10143666330,1,"IOTHUB_CLIENT_CONFIRMATION_OK"
12806,10143666491,10143666694,1,"IOTHUB_CLIENT_CONFIRMATION_OK"
12807,10143666691,10143666730,1,"IOTHUB_CLIENT_CONFIRMATION_OK"
12808,10143666891,10143666921,1,"IOTHUB_CLIENT_CONFIRMATION_OK"
12809,10143667091,10143667126,1,"IOTHUB_CLIENT_CONFIRMATION_OK"
12810,10143667291,10143667330,1,"IOTHUB_CLIENT_CONFIRMATION_OK"
12811,10143667491,10143667576,1,"IOTHUB_CLIENT_CONFIRMATION_OK"
12812,10143667692,10143667726,1,"IOTHUB_CLIENT_CONFIRMATION_OK"
12813,10143667892,10143667926,1,"IOTHUB_CLIENT_CONFIRMATION_OK"
12814,10143668092,10143668305,1,"IOTHUB_CLIENT_CONFIRMATION_OK"
12815,10143668292,10143668331,1,"IOTHUB_CLIENT_CONFIRMATION_OK"
12816,10143668492,10143668564,1,"IOTHUB_CLIENT_CONFIRMATION_OK"
12817,10143668692,10143668748,1,"IOTHUB_CLIENT_CONFIRMATION_OK"
12818,10143668893,10143668927,1,"IOTHUB_CLIENT_CONFIRMATION_OK"
12819,10143669093,10143669137,1,"IOTHUB_CLIENT_CONFIRMATION_OK"
12820,10143669293,10143669327,1,"IOTHUB_CLIENT_CONFIRMATION_OK"
12821,10143669493,10143669541,1,"IOTHUB_CLIENT_CONFIRMATION_OK"
12822,10143669693,10143669726,1,"IOTHUB_CLIENT_CONFIRMATION_OK"
12823,10143669893,10143669938,1,"IOTHUB_CLIENT_CONFIRMATION_OK"
12824,10143670094,10143670134,1,"IOTHUB_CLIENT_CONFIRMATION_OK"
12825,10143670294,10143670517,1,"IOTHUB_CLIENT_CONFIRMATION_OK"
12826,10143670494,10143670541,1,"IOTHUB_CLIENT_CONFIRMATION_OK"
12827,10143670694,10143670735,1,"IOTHUB_CLIENT_CONFIRMATION_OK"
12828,10143670894,10143670932,1,"IOTHUB_CLIENT_CONFIRMATION_OK"
12829,10143671094,10143671133,1,"IOTHUB_CLIENT_CONFIRMATION_OK"
12830,10143671295,10143671372,1,"IOTHUB_CLIENT_CONFIRMATION_OK"
12831,10143671495,10143671539,1,"IOTHUB_CLIENT_CONFIRMATION_OK"
12832,10143671695,10143671739,1,"IOTHUB_CLIENT_CONFIRMATION_OK"
12833,10143671895,10143671935,1,"IOTHUB_CLIENT_CONFIRMATION_OK"
12834,10143672095,10143672167,1,"IOTHUB_CLIENT_CONFIRMATION_OK"
12835,10143672295,10143672338,1,"IOTHUB_CLIENT_CONFIRMATION_OK"
12836,10143672495,10143672537,1,"IOTHUB_CLIENT_CONFIRMATION_OK"
12837,10143672696,10143672735,1,"IOTHUB_CLIENT_CONFIRMATION_OK"
12838,10143672896,10143672959,1,"IOTHUB_CLIENT_CONFIRMATION_OK"
12839,10143673096,10143673163,1,"IOTHUB_CLIENT_CONFIRMATION_OK"
12840,10143673296,10143673333,1,"IOTHUB_CLIENT_CONFIRMATION_OK"
12841,10143673496,10143673568,1,"IOTHUB_CLIENT_CONFIRMATION_OK"
12842,10143673696,10143673804,1,"IOTHUB_CLIENT_CONFIRMATION_OK"
12843,10143673897,10143673937,1,"IOTHUB_CLIENT_CONFIRMATION_OK"
12844,10143674097,10143674139,1,"IOTHUB_CLIENT_CONFIRMATION_OK"
12845,10143674297,10143674399,1,"IOTHUB_CLIENT_CONFIRMATION_OK"
12846,10143674497,10143674531,1,"IOTHUB_CLIENT_CONFIRMATION_OK"
12847,10143674697,10143674737,1,"IOTHUB_CLIENT_CONFIRMATION_OK"
12848,10143674898,10143674933,1,"IOTHUB_CLIENT_CONFIRMATION_OK"
12849,10143675098,10143675137,1,"IOTHUB_CLIENT_CONFIRMATION_OK"
12850,10143675298,10143675387,1,"IOTHUB_CLIENT_CONFIRMATION_OK"
12851,10143675498,10143675539,1,"IOTHUB_CLIENT_CONFIRMATION_OK"
12852,10143675698,10143675739,1,"IOTHUB_CLIENT_CONFIRMATION_OK"
12853,10143675898,10143676008,1,"IOTHUB_CLIENT_CONFIRMATION_OK"
12854,10143676099,10143676139,1,"IOTHUB_CLIENT_CONFIRMATION_OK"
12855,10143676299,10143676333,1,"IOTHUB_CLIENT_CONFIRMATION_OK"
12856,10143676499,10143676648,1,"IOTHUB_CLIENT_CONFIRMATION_OK"
12857,10143676699,10143676731,1,"IOTHUB_CLIENT_CONFIRMATION_OK"
12858,10143676899,10143676931,1,"IOTHUB_CLIENT_CONFIRMATION_OK"
12859,10143677099,10143677136,1,"IOTHUB_CLIENT_CONFIRMATION_OK"
12860,10143677300,10143677335,1,"IOTHUB_CLIENT_CONFIRMATION_OK"
12861,10143677500,10143677542,1,"IOTHUB_CLIENT_CONFIRMATION_OK"
12862,10143677700,10143677739,1,"IOTHUB_CLIENT_CONFIRMATION_OK"
12863,10143677900,10143677941,1,"IOTHUB_CLIENT_CONFIRMATION_OK"
12864,10143678100,10143678247,1,"IOTHUB_CLIENT_CONFIRMATION_OK"
12865,10143678300,10143678336,1,"IOTHUB_CLIENT_CONFIRMATION_OK"
12866,10143678501,10143678530,1,"IOTHUB_CLIENT_CONFIRMATION_OK"
12867,10143678701,10143678895,1,"IOTHUB_CLIENT_CONFIRMATION_OK"
12868,10143678901,10143678981,1,"IOTHUB_CLIENT_CONFIRMATION_OK"
12869,10143679101,10143679135,1,"IOTHUB_CLIENT_CONFIRMATION_OK"
12870,10143679301,10143679342,1,"IOTHUB_CLIENT_CONFIRMATION_OK"
12871,10143679502,10143679544,1,"IOTHUB_CLIENT_CONFIRMATION_OK"
12872,10143679702,10143679742,1,"IOTHUB_CLIENT_CONFIRMATION_OK"
12873,10143679902,10143679937,1,"IOTHUB_CLIENT_CONFIRMATION_OK"
12874,10143680102,10143680156,1,"IOTHUB_CLIENT_CONFIRMATION_OK"
12875,10143680302,10143680471,1,"IOTHUB_CLIENT_CONFIRMATION_OK"
12876,10143680502,10143680541,1,"IOTHUB_CLIENT_CONFIRMATION_OK"
12877,10143680703,10143680736,1,"IOTHUB_CLIENT_CONFIRMATION_OK"
12878,10143680903,10143681091,1,"IOTHUB_CLIENT_CONFIRMATION_OK"
12879,10143681103,10143681147,1,"IOTHUB_CLIENT_CONFIRMATION_OK"
12880,10143681303,10143681341,1,"IOTHUB_CLIENT_CONFIRMATION_OK"
12881,10143681503,10143681544,1,"IOTHUB_CLIENT_CONFIRMATION_OK"
12882,10143681703,10143681738,1,"IOTHUB_CLIENT_CONFIRMATION_OK"
12883,10143681903,10143681942,1,"IOTHUB_CLIENT_CONFIRMATION_OK"
12884,10143682104,10143682143,1,"IOTHUB_CLIENT_CONFIRMATION_OK"
12885,10143682304,10143682344,1,"IOTHUB_CLIENT_CONFIRMATION_OK"
12886,10143682504,10143682545,1,"IOTHUB_CLIENT_CONFIRMATION_OK"
12887,10143682704,10143682745,1,"IOTHUB_CLIENT_CONFIRMATION_OK"
12888,10143682904,10143682937,1,"IOTHUB_CLIENT_CONFIRMATION_OK"
12889,10143683104,10143683141,1,"IOTHUB_CLIENT_CONFIRMATION_OK"
12890,10143683304,10143683365,1,"IOTHUB_CLIENT_CONFIRMATION_OK"
12891,10143683505,10143683546,1,"IOTHUB_CLIENT_CONFIRMATION_OK"
12892,10143683705,10143683740,1,"IOTHUB_CLIENT_CONFIRMATION_OK"
12893,10143683905,10143683942,1,"IOTHUB_CLIENT_CONFIRMATION_OK"
12894,10143684105,10143684195,1,"IOTHUB_CLIENT_CONFIRMATION_OK"
12895,10143684305,10143684345,1,"IOTHUB_CLIENT_CONFIRMATION_OK"
12896,10143684505,10143684549,1,"IOTHUB_CLIENT_CONFIRMATION_OK"
12897,10143684706,10143684747,1,"IOTHUB_CLIENT_CONFIRMATION_OK"
12898,10143684906,10143684954,1,"IOTHUB_CLIENT_CONFIRMATION_OK"
12899,10143685106,10143685143,1,"IOTHUB_CLIENT_CONFIRMATION_OK"
12900,10143685306,10143685356,1,"IOTHUB_CLIENT_CONFIRMATION_OK"
12901,10143685506,10143685549,1,"IOTHUB_CLIENT_CONFIRMATION_OK"
12902,10143685706,10143685769,1,"IOTHUB_CLIENT_CONFIRMATION_OK"
12903,10143685906,10143685971,1,"IOTHUB_CLIENT_CONFIRMATION_OK"
12904,10143686107,10143686156,1,"IOTHUB_CLIENT_CONFIRMATION_OK"
12905,10143686307,10143686348,1,"IOTHUB_CLIENT_CONFIRMATION_OK"
12906,10143686507,10143686619,1,"IOTHUB_CLIENT_CONFIRMATION_OK"
12907,10143686707,10143686746,1,"IOTHUB_CLIENT_CONFIRMATION_OK"
12908,10143686907,10143686990,1,"IOTHUB_CLIENT_CONFIRMATION_OK"
12909,10143687107,10143687196,1,"IOTHUB_CLIENT_CONFIRMATION_OK"
12910,10143687308,10143687362,1,"IOTHUB_CLIENT_CONFIRMATION_OK"
12911,10143687508,10143687550,1,"IOTHUB_CLIENT_CONFIRMATION_OK"
12912,10143687708,10143687753,1,"IOTHUB_CLIENT_CONFIRMATION_OK"
12913,10143687908,10143687964,1,"IOTHUB_CLIENT_CONFIRMATION_OK"
12914,10143688108,10143688199,1,"IOTHUB_CLIENT_CONFIRMATION_OK"
12915,10143688308,10143688352,1,"IOTHUB_CLIENT_CONFIRMATION_OK"
12916,10143688509,10143688569,1,"IOTHUB_CLIENT_CONFIRMATION_OK"
12917,10143688709,10143688839,1,"IOTHUB_CLIENT_CONFIRMATION_OK"
12918,10143688909,10143688954,1,"IOTHUB_CLIENT_CONFIRMATION_OK"
12919,10143689109,10143689149,1,"IOTHUB_CLIENT_CONFIRMATION_OK"
12920,10143689309,10143689422,1,"IOTHUB_CLIENT_CONFIRMATION_OK"
12921,10143689509,10143689550,1,"IOTHUB_CLIENT_CONFIRMATION_OK"
12922,10143689709,10143689763,1,"IOTHUB_CLIENT_CONFIRMATION_OK"
12923,10143689910,10143689947,1,"IOTHUB_CLIENT_CONFIRMATION_OK"
12924,10143690110,10143690149,1,"IOTHUB_CLIENT_CONFIRMATION_OK"
12925,10143690310,10143690439,1,"IOTHUB_CLIENT_CONFIRMATION_OK"
12926,10143690510,10143690552,1,"IOTHUB_CLIENT_CONFIRMATION_OK"
12927,10143690710,10143690751,1,"IOTHUB_CLIENT_CONFIRMATION_OK"
12928,10143690910,10143691089,1,"IOTHUB_CLIENT_CONFIRMATION_OK"
12929,10143691111,10143691143,1,"IOTHUB_CLIENT_CONFIRMATION_OK"
12930,10143691311,10143691370,1,"IOTHUB_CLIENT_CONFIRMATION_OK"
12931,10143691511,10143691548,1,"IOTHUB_CLIENT_CONFIRMATION_OK"
12932,10143691711,10143691751,1,"IOTHUB_CLIENT_CONFIRMATION_OK"
12933,10143691911,10143691942,1,"IOTHUB_CLIENT_CONFIRMATION_OK"
12934,10143692111,10143692151,1,"IOTHUB_CLIENT_CONFIRMATION_OK"
12935,10143692311,10143692352,1,"IOTHUB_CLIENT_CONFIRMATION_OK"
12936,10143692512,10143692553,1,"IOTHUB_CLIENT_CONFIRMATION_OK"
12937,10143692712,10143692766,1,"IOTHUB_CLIENT_CONFIRMATION_OK"
12938,10143692912,10143692954,1,"IOTHUB_CLIENT_CONFIRMATION_OK"
12939,10143693112,10143693331,1,"IOTHUB_CLIENT_CONFIRMATION_OK"
12940,10143693312,10143693353,1,"IOTHUB_CLIENT_CONFIRMATION_OK"
12941,10143693512,10143693578,1,"IOTHUB_CLIENT_CONFIRMATION_OK"
12942,10143693713,10143693758,1,"IOTHUB_CLIENT_CONFIRMATION_OK"
12943,10143693913,10143693953,1,"IOTHUB_CLIENT_CONFIRMATION_OK"
12944,10143694113,10143694164,1,"IOTHUB_CLIENT_CONFIRMATION_OK"
12945,10143694313,10143694361,1,"IOTHUB_CLIENT_CONFIRMATION_OK"
12946,10143694513,10143694548,1,"IOTHUB_CLIENT_CONFIRMATION_OK"
12947,10143694713,10143694754,1,"IOTHUB_CLIENT_CONFIRMATION_OK"
12948,10143694913,10143694955,1,"IOTHUB_CLIENT_CONFIRMATION_OK"
12949,10143695114,10143695156,1,"IOTHUB_CLIENT_CONFIRMATION_OK"
12950,10143695314,10143695346,1,"IOTHUB_CLIENT_CONFIRMATION_OK"
12951,10143695514,10143695552,1,"IOTHUB_CLIENT_CONFIRMATION_OK"
12952,10143695714,10143695754,1,"IOTHUB_CLIENT_CONFIRMATION_OK"
12953,10143695914,10143695961,1,"IOTHUB_CLIENT_CONFIRMATION_OK"
12954,10143696114,10143696156,1,"IOTHUB_CLIENT_CONFIRMATION_OK"
12955,10143696315,10143696351,1,"IOTHUB_CLIENT_CONFIRMATION_OK"
12956,10143696515,10143696566,1,"IOTHUB_CLIENT_CONFIRMATION_OK"
12957,10143696715,10143696785,1,"IOTHUB_CLIENT_CONFIRMATION_OK"
12958,10143696915,10143696953,1,"IOTHUB_CLIENT_CONFIRMATION_OK"
12959,10143697115,10143697220,1,"IOTHUB_CLIENT_CONFIRMATION_OK"
12960,10143697315,10143697353,1,"IOTHUB_CLIENT_CONFIRMATION_OK"
12961,10143697515,10143697566,1,"IOTHUB_CLIENT_CONFIRMATION_OK"
12962,10143697716,10143697764,1,"IOTHUB_CLIENT_CONFIRMATION_OK"
12963,10143697916,10143697947,1,"IOTHUB_CLIENT_CONFIRMATION_OK"
12964,10143698116,10143698190,1,"IOTHUB_CLIENT_CONFIRMATION_OK"
12965,10143698316,10143698347,1,"IOTHUB_CLIENT_CONFIRMATION_OK"
12966,10143698516,10143698554,1,"IOTHUB_CLIENT_CONFIRMATION_OK"
12967,10143698716,10143698847,1,"IOTHUB_CLIENT_CONFIRMATION_OK"
12968,10143698916,10143698967,1,"IOTHUB_CLIENT_CONFIRMATION_OK"
12969,10143699117,10143699156,1,"IOTHUB_CLIENT_CONFIRMATION_OK"
12970,10143699317,10143699425,1,"IOTHUB_CLIENT_CONFIRMATION_OK"
12971,10143699517,10143699549,1,"IOTHUB_CLIENT_CONFIRMATION_OK"
12972,10143699717,10143699757,1,"IOTHUB_CLIENT_CONFIRMATION_OK"
12973,10143699917,10143699947,1,"IOTHUB_CLIENT_CONFIRMATION_OK"
12974,10143700117,10143700151,1,"IOTHUB_CLIENT_CONFIRMATION_OK"
12975,10143700318,10143700439,1,"IOTHUB_CLIENT_CONFIRMATION_OK"
12976,10143700518,10143700558,1,"IOTHUB_CLIENT_CONFIRMATION_OK"
12977,10143700718,10143700756,1,"IOTHUB_CLIENT_CONFIRMATION_OK"
12978,10143700918,10143701051,1,"IOTHUB_CLIENT_CONFIRMATION_OK"
12979,10143701118,10143701155,1,"IOTHUB_CLIENT_CONFIRMATION_OK"
12980,10143701318,10143701350,1,"IOTHUB_CLIENT_CONFIRMATION_OK"
12981,10143701519,10143701664,1,"IOTHUB_CLIENT_CONFIRMATION_OK"
12982,10143701719,10143701759,1,"IOTHUB_CLIENT_CONFIRMATION_OK"
12983,10143701919,10143701949,1,"IOTHUB_CLIENT_CONFIRMATION_OK"
12984,10143702119,10143702153,1,"IOTHUB_CLIENT_CONFIRMATION_OK"
12985,10143702319,10143702358,1,"IOTHUB_CLIENT_CONFIRMATION_OK"
12986,10143702519,10143702558,1,"IOTHUB_CLIENT_CONFIRMATION_OK"
12987,10143702720,10143702752,1,"IOTHUB_CLIENT_CONFIRMATION_OK"
12988,10143702920,10143702961,1,"IOTHUB_CLIENT_CONFIRMATION_OK"
12989,10143703120,10143703295,1,"IOTHUB_CLIENT_CONFIRMATION_OK"
12990,10143703320,10143703372,1,"IOTHUB_CLIENT_CONFIRMATION_OK"
12991,10143703520,10143703553,1,"IOTHUB_CLIENT_CONFIRMATION_OK"
12992,10143703720,10143703759,1,"IOTHUB_CLIENT_CONFIRMATION_OK"
12993,10143703920,10143703961,1,"IOTHUB_CLIENT_CONFIRMATION_OK"
12994,10143704121,10143704157,1,"IOTHUB_CLIENT_CONFIRMATION_OK"
12995,10143704321,10143704359,1,"IOTHUB_CLIENT_CONFIRMATION_OK"
12996,10143704521,10143704560,1,"IOTHUB_CLIENT_CONFIRMATION_OK"
12997,10143704721,10143704815,1,"IOTHUB_CLIENT_CONFIRMATION_OK"
12998,10143704921,10143704962,1,"IOTHUB_CLIENT_CONFIRMATION_OK"
12999,10143705121,10143705156,1,"IOTHUB_CLIENT_CONFIRMATION_OK"
13000,10143705321,10143705521,1,"IOTHUB_CLIENT_CONFIRMATION_OK"
13001,10143705522,10143705573,1,"IOTHUB_CLIENT_CONFIRMATION_OK"
13002,10143705722,10143705755,1,"IOTHUB_CLIENT_CONFIRMATION_OK"
13003,10143705922,10143705952,1,"IOTHUB_CLIENT_CONFIRMATION_OK"
13004,10143706122,10143706164,1,"IOTHUB_CLIENT_CONFIRMATION_OK"
13005,10143706322,10143706374,1,"IOTHUB_CLIENT_CONFIRMATION_OK"
13006,10143706522,10143706564,1,"IOTHUB_CLIENT_CONFIRMATION_OK"
13007,10143706723,10143706765,1,"IOTHUB_CLIENT_CONFIRMATION_OK"
13008,10143706923,10143706953,1,"IOTHUB_CLIENT_CONFIRMATION_OK"
13009,10143707123,10143707165,1,"IOTHUB_CLIENT_CONFIRMATION_OK"
13010,10143707323,10143707370,1,"IOTHUB_CLIENT_CONFIRMATION_OK"
13011,10143707523,10143707563,1,"IOTHUB_CLIENT_CONFIRMATION_OK"
13012,10143707723,10143707764,1,"IOTHUB_CLIENT_CONFIRMATION_OK"
13013,10143707923,10143707956,1,"IOTHUB_CLIENT_CONFIRMATION_OK"
13014,10143708124,10143708176,1,"IOTHUB_CLIENT_CONFIRMATION_OK"
13015,10143708324,10143708368,1,"IOTHUB_CLIENT_CONFIRMATION_OK"
13016,10143708524,10143708564,1,"IOTHUB_CLIENT_CONFIRMATION_OK"
13017,10143708724,10143708795,1,"IOTHUB_CLIENT_CONFIRMATION_OK"
13018,10143708924,10143708959,1,"IOTHUB_CLIENT_CONFIRMATION_OK"
13019,10143709124,10143709162,1,"IOTHUB_CLIENT_CONFIRMATION_OK"
13020,10143709325,10143709407,1,"IOTHUB_CLIENT_CONFIRMATION_OK"
13021,10143709525,10143709556,1,"IOTHUB_CLIENT_CONFIRMATION_OK"
13022,10143709725,10143709769,1,"IOTHUB_CLIENT_CONFIRMATION_OK"
13023,10143709925,10143709965,1,"IOTHUB_CLIENT_CONFIRMATION_OK"
13024,10143710125,10143710165,1,"IOTHUB_CLIENT_CONFIRMATION_OK"
13025,10143710325,10143710421,1,"IOTHUB_CLIENT_CONFIRMATION_OK"
13026,10143710526,10143710558,1,"IOTHUB_CLIENT_CONFIRMATION_OK"
13027,10143710726,10143710807,1,"IOTHUB_CLIENT_CONFIRMATION_OK"
13028,10143710926,10143711044,1,"IOTHUB_CLIENT_CONFIRMATION_OK"
13029,10143711126,10143711168,1,"IOTHUB_CLIENT_CONFIRMATION_OK"
13030,10143711326,10143711356,1,"IOTHUB_CLIENT_CONFIRMATION_OK"
13031,10143711526,10143711636,1,"IOTHUB_CLIENT_CONFIRMATION_OK"
13032,10143711726,10143711765,1,"IOTHUB_CLIENT_CONFIRMATION_OK"
13033,10143711927,10143712003,1,"IOTHUB_CLIENT_CONFIRMATION_OK"
13034,10143712127,10143712170,1,"IOTHUB_CLIENT_CONFIRMATION_OK"
13035,10143712327,10143712369,1,"IOTHUB_CLIENT_CONFIRMATION_OK"
13036,10143712527,10143712557,1,"IOTHUB_CLIENT_CONFIRMATION_OK"
13037,10143712727,10143712765,1,"IOTHUB_CLIENT_CONFIRMATION_OK"
13038,10143712927,10143712969,1,"IOTHUB_CLIENT_CONFIRMATION_OK"
13039,10143713128,10143713255,1,"IOTHUB_CLIENT_CONFIRMATION_OK"
13040,10143713328,10143713358,1,"IOTHUB_CLIENT_CONFIRMATION_OK"
13041,10143713528,10143713562,1,"IOTHUB_CLIENT_CONFIRMATION_OK"
13042,10143713728,10143713867,1,"IOTHUB_CLIENT_CONFIRMATION_OK"
13043,10143713928,10143713991,1,"IOTHUB_CLIENT_CONFIRMATION_OK"
13044,10143714128,10143714160,1,"IOTHUB_CLIENT_CONFIRMATION_OK"
13045,10143714329,10143714366,1,"IOTHUB_CLIENT_CONFIRMATION_OK"
13046,10143714529,10143714560,1,"IOTHUB_CLIENT_CONFIRMATION_OK"
13047,10143714729,10143714760,1,"IOTHUB_CLIENT_CONFIRMATION_OK"
13048,10143714929,10143714974,1,"IOTHUB_CLIENT_CONFIRMATION_OK"
13049,10143715129,10143715188,1,"IOTHUB_CLIENT_CONFIRMATION_OK"
13050,10143715329,10143715496,1,"IOTHUB_CLIENT_CONFIRMATION_OK"
13051,10143715529,10143715574,1,"IOTHUB_CLIENT_CONFIRMATION_OK"
13052,10143715730,10143715773,1,"IOTHUB_CLIENT_CONFIRMATION_OK"
13053,10143715930,10143716102,1,"IOTHUB_CLIENT_CONFIRMATION_OK"
13054,10143716130,10143716159,1,"IOTHUB_CLIENT_CONFIRMATION_OK"
13055,10143716330,10143716360,1,"IOTHUB_CLIENT_CONFIRMATION_OK"
13056,10143716530,10143716564,1,"IOTHUB_CLIENT_CONFIRMATION_OK"
13057,10143716730,10143716770,1,"IOTHUB_CLIENT_CONFIRMATION_OK"
13058,10143716931,10143716975,1,"IOTHUB_CLIENT_CONFIRMATION_OK"
13059,10143717131,10143717177,1,"IOTHUB_CLIENT_CONFIRMATION_OK"
13060,10143717331,10143717362,1,"IOTHUB_CLIENT_CONFIRMATION_OK"
13061,10143717531,10143717598,1,"IOTHUB_CLIENT_CONFIRMATION_OK"
13062,10143717731,10143717771,1,"IOTHUB_CLIENT_CONFIRMATION_OK"
13063,10143717931,10143717972,1,"IOTHUB_CLIENT_CONFIRMATION_OK"
13064,10143718131,10143718171,1,"IOTHUB_CLIENT_CONFIRMATION_OK"
13065,10143718332,10143718370,1,"IOTHUB_CLIENT_CONFIRMATION_OK"
13066,10143718532,10143718574,1,"IOTHUB_CLIENT_CONFIRMATION_OK"
13067,10143718732,10143718771,1,"IOTHUB_CLIENT_CONFIRMATION_OK"
13068,10143718932,10143718978,1,"IOTHUB_CLIENT_CONFIRMATION_OK"
13069,10143719132,10143719166,1,"IOTHUB_CLIENT_CONFIRMATION_OK"
13070,10143719332,10143719368,1,"IOTHUB_CLIENT_CONFIRMATION_OK"
13071,10143719533,10143719574,1,"IOTHUB_CLIENT_CONFIRMATION_OK"
13072,10143719733,10143719774,1,"IOTHUB_CLIENT_CONFIRMATION_OK"
13073,10143719933,10143719975,1,"IOTHUB_CLIENT_CONFIRMATION_OK"
13074,10143720133,10143720172,1,"IOTHUB_CLIENT_CONFIRMATION_OK"
13075,10143720333,10143720370,1,"IOTHUB_CLIENT_CONFIRMATION_OK"
13076,10143720533,10143720563,1,"IOTHUB_CLIENT_CONFIRMATION_OK"
13077,10143720734,10143720767,1,"IOTHUB_CLIENT_CONFIRMATION_OK"
13078,10143720934,10143720965,1,"IOTHUB_CLIENT_CONFIRMATION_OK"
13079,10143721134,10143721174,1,"IOTHUB_CLIENT_CONFIRMATION_OK"
13080,10143721334,10143721382,1,"IOTHUB_CLIENT_CONFIRMATION_OK"
13081,10143721534,10143721587,1,"IOTHUB_CLIENT_CONFIRMATION_OK"
13082,10143721734,10143721768,1,"IOTHUB_CLIENT_CONFIRMATION_OK"
13083,10143721934,10143721999,1,"IOTHUB_CLIENT_CONFIRMATION_OK"
13084,10143722135,10143722164,1,"IOTHUB_CLIENT_CONFIRMATION_OK"
13085,10143722335,10143722377,1,"IOTHUB_CLIENT_CONFIRMATION_OK"
13086,10143722535,10143722649,1,"IOTHUB_CLIENT_CONFIRMATION_OK"
13087,10143722735,10143722776,1,"IOTHUB_CLIENT_CONFIRMATION_OK"
13088,10143722935,10143722969,1,"IOTHUB_CLIENT_CONFIRMATION_OK"
13089,10143723135,10143723260,1,"IOTHUB_CLIENT_CONFIRMATION_OK"
13090,10143723336,10143723374,1,"IOTHUB_CLIENT_CONFIRMATION_OK"
13091,10143723536,10143723588,1,"IOTHUB_CLIENT_CONFIRMATION_OK"
13092,10143723736,10143723870,1,"IOTHUB_CLIENT_CONFIRMATION_OK"
13093,10143723936,10143723979,1,"IOTHUB_CLIENT_CONFIRMATION_OK"
13094,10143724136,10143724182,1,"IOTHUB_CLIENT_CONFIRMATION_OK"
13095,10143724336,10143724384,1,"IOTHUB_CLIENT_CONFIRMATION_OK"
13096,10143724536,10143724568,1,"IOTHUB_CLIENT_CONFIRMATION_OK"
13097,10143724737,10143724786,1,"IOTHUB_CLIENT_CONFIRMATION_OK"
13098,10143724937,10143724973,1,"IOTHUB_CLIENT_CONFIRMATION_OK"
13099,10143725137,10143725178,1,"IOTHUB_CLIENT_CONFIRMATION_OK"
13100,10143725337,10143725393,1,"IOTHUB_CLIENT_CONFIRMATION_OK"
13101,10143725537,10143725577,1,"IOTHUB_CLIENT_CONFIRMATION_OK"
13102,10143725737,10143725778,1,"IOTHUB_CLIENT_CONFIRMATION_OK"
13103,10143725938,10143725998,1,"IOTHUB_CLIENT_CONFIRMATION_OK"
13104,10143726138,10143726179,1,"IOTHUB_CLIENT_CONFIRMATION_OK"
13105,10143726338,10143726378,1,"IOTHUB_CLIENT_CONFIRMATION_OK"
13106,10143726538,10143726674,1,"IOTHUB_CLIENT_CONFIRMATION_OK"
13107,10143726738,10143726780,1,"IOTHUB_CLIENT_CONFIRMATION_OK"
13108,10143726938,10143726997,1,"IOTHUB_CLIENT_CONFIRMATION_OK"
13109,10143727138,10143727176,1,"IOTHUB_CLIENT_CONFIRMATION_OK"
13110,10143727339,10143727380,1,"IOTHUB_CLIENT_CONFIRMATION_OK"
13111,10143727539,10143727630,1,"IOTHUB_CLIENT_CONFIRMATION_OK"
13112,10143727739,10143727790,1,"IOTHUB_CLIENT_CONFIRMATION_OK"
13113,10143727939,10143727987,1,"IOTHUB_CLIENT_CONFIRMATION_OK"
13114,10143728139,10143728230,1,"IOTHUB_CLIENT_CONFIRMATION_OK"
13115,10143728340,10143728373,1,"IOTHUB_CLIENT_CONFIRMATION_OK"
13116,10143728540,10143728596,1,"IOTHUB_CLIENT_CONFIRMATION_OK"
13117,10143728740,10143728848,1,"IOTHUB_CLIENT_CONFIRMATION_OK"
13118,10143728940,10143728982,1,"IOTHUB_CLIENT_CONFIRMATION_OK"
13119,10143729140,10143729178,1,"IOTHUB_CLIENT_CONFIRMATION_OK"
13120,10143729340,10143729424,1,"IOTHUB_CLIENT_CONFIRMATION_OK"
13121,10143729541,10143729579,1,"IOTHUB_CLIENT_CONFIRMATION_OK"
13122,10143729741,10143729840,1,"IOTHUB_CLIENT_CONFIRMATION_OK"
13123,10143729941,10143729981,1,"IOTHUB_CLIENT_CONFIRMATION_OK"
13124,10143730141,10143730184,1,"IOTHUB_CLIENT_CONFIRMATION_OK"
13125,10143730341,10143730468,1,"IOTHUB_CLIENT_CONFIRMATION_OK"
13126,10143730541,10143730582,1,"IOTHUB_CLIENT_CONFIRMATION_OK"
13127,10143730741,10143730801,1,"IOTHUB_CLIENT_CONFIRMATION_OK"
13128,10143730942,10143731077,1,"IOTHUB_CLIENT_CONFIRMATION_OK"
13129,10143731142,10143731176,1,"IOTHUB_CLIENT_CONFIRMATION_OK"
13130,10143731342,10143731384,1,"IOTHUB_CLIENT_CONFIRMATION_OK"
13131,10143731542,10143731584,1,"IOTHUB_CLIENT_CONFIRMATION_OK"
13132,10143731742,10143731780,1,"IOTHUB_CLIENT_CONFIRMATION_OK"
13133,10143731942,10143731981,1,"IOTHUB_CLIENT_CONFIRMATION_OK"
13134,10143732143,10143732181,1,"IOTHUB_CLIENT_CONFIRMATION_OK"
13135,10143732343,10143732376,1,"IOTHUB_CLIENT_CONFIRMATION_OK"
13136,10143732543,10143732761,1,"IOTHUB_CLIENT_CONFIRMATION_OK"
13137,10143732743,10143732783,1,"IOTHUB_CLIENT_CONFIRMATION_OK"
13138,10143732943,10143732980,1,"IOTHUB_CLIENT_CONFIRMATION_OK"
13139,10143733143,10143733177,1,"IOTHUB_CLIENT_CONFIRMATION_OK"
13140,10143733343,10143733383,1,"IOTHUB_CLIENT_CONFIRMATION_OK"
13141,10143733544,10143733586,1,"IOTHUB_CLIENT_CONFIRMATION_OK"
13142,10143733744,10143733791,1,"IOTHUB_CLIENT_CONFIRMATION_OK"
13143,10143733944,10143733985,1,"IOTHUB_CLIENT_CONFIRMATION_OK"
13144,10143734144,10143734182,1,"IOTHUB_CLIENT_CONFIRMATION_OK"
13145,10143734344,10143734386,1,"IOTHUB_CLIENT_CONFIRMATION_OK"
13146,10143734544,10143734577,1,"IOTHUB_CLIENT_CONFIRMATION_OK"
13147,10143734745,10143734790,1,"IOTHUB_CLIENT_CONFIRMATION_OK"
13148,10143734945,10143734992,1,"IOTHUB_CLIENT_CONFIRMATION_OK"
13149,10143735145,10143735580,1,"IOTHUB_CLIENT_CONFIRMATION_OK"
13150,10143735345,10143735972,1,"IOTHUB_CLIENT_CONFIRMATION_OK"
13151,10143735545,10143736093,1,"IOTHUB_CLIENT_CONFIRMATION_OK"
13152,10143735745,10143736134,1,"IOTHUB_CLIENT_CONFIRMATION_OK"
13153,10143735945,10143736200,1,"IOTHUB_CLIENT_CONFIRMATION_OK"
13154,10143736146,10143736235,1,"IOTHUB_CLIENT_CONFIRMATION_OK"
13155,10143736346,10143736388,1,"IOTHUB_CLIENT_CONFIRMATION_OK"
13156,10143736546,10143736612,1,"IOTHUB_CLIENT_CONFIRMATION_OK"
13157,10143736746,10143736788,1,"IOTHUB_CLIENT_CONFIRMATION_OK"
13158,10143736946,10143736978,1,"IOTHUB_CLIENT_CONFIRMATION_OK"
13159,10143737147,10143737186,1,"IOTHUB_CLIENT_CONFIRMATION_OK"
13160,10143737347,10143737420,1,"IOTHUB_CLIENT_CONFIRMATION_OK"
13161,10143737547,10143737652,1,"IOTHUB_CLIENT_CONFIRMATION_OK"
13162,10143737747,10143737793,1,"IOTHUB_CLIENT_CONFIRMATION_OK"
13163,10143737947,10143737991,1,"IOTHUB_CLIENT_CONFIRMATION_OK"
13164,10143738147,10143738269,1,"IOTHUB_CLIENT_CONFIRMATION_OK"
13165,10143738347,10143738390,1,"IOTHUB_CLIENT_CONFIRMATION_OK"
13166,10143738548,10143738594,1,"IOTHUB_CLIENT_CONFIRMATION_OK"
13167,10143738748,10143738874,1,"IOTHUB_CLIENT_CONFIRMATION_OK"
13168,10143738948,10143738988,1,"IOTHUB_CLIENT_CONFIRMATION_OK"
13169,10143739148,10143739178,1,"IOTHUB_CLIENT_CONFIRMATION_OK"
13170,10143739348,10143739377,1,"IOTHUB_CLIENT_CONFIRMATION_OK"
13171,10143739548,10143739581,1,"IOTHUB_CLIENT_CONFIRMATION_OK"
13172,10143739749,10143739877,1,"IOTHUB_CLIENT_CONFIRMATION_OK"
13173,10143739949,10143739979,1,"IOTHUB_CLIENT_CONFIRMATION_OK"
13174,10143740149,10143740188,1,"IOTHUB_CLIENT_CONFIRMATION_OK"
13175,10143740349,10143740510,1,"IOTHUB_CLIENT_CONFIRMATION_OK"
13176,10143740549,10143740590,1,"IOTHUB_CLIENT_CONFIRMATION_OK"
13177,10143740749,10143740780,1,"IOTHUB_CLIENT_CONFIRMATION_OK"
13178,10143740950,10143741026,1,"IOTHUB_CLIENT_CONFIRMATION_OK"
13179,10143741150,10143741192,1,"IOTHUB_CLIENT_CONFIRMATION_OK"
13180,10143741350,10143741386,1,"IOTHUB_CLIENT_CONFIRMATION_OK"
13181,10143741550,10143741593,1,"IOTHUB_CLIENT_CONFIRMATION_OK"
13182,10143741750,10143741780,1,"IOTHUB_CLIENT_CONFIRMATION_OK"
13183,10143741950,10143742110,1,"IOTHUB_CLIENT_CONFIRMATION_OK"
13184,10143742151,10143742179,1,"IOTHUB_CLIENT_CONFIRMATION_OK"
13185,10143742351,10143742392,1,"IOTHUB_CLIENT_CONFIRMATION_OK"
13186,10143742551,10143742748,1,"IOTHUB_CLIENT_CONFIRMATION_OK"
13187,10143742751,10143742782,1,"IOTHUB_CLIENT_CONFIRMATION_OK"
13188,10143742951,10143742993,1,"IOTHUB_CLIENT_CONFIRMATION_OK"
13189,10143743151,10143743193,1,"IOTHUB_CLIENT_CONFIRMATION_OK"
13190,10143743351,10143743380,1,"IOTHUB_CLIENT_CONFIRMATION_OK"
13191,10143743552,10143743590,1,"IOTHUB_CLIENT_CONFIRMATION_OK"
13192,10143743752,10143743790,1,"IOTHUB_CLIENT_CONFIRMATION_OK"
13193,10143743952,10143743983,1,"IOTHUB_CLIENT_CONFIRMATION_OK"
13194,10143744152,10143744190,1,"IOTHUB_CLIENT_CONFIRMATION_OK"
13195,10143744352,10143744398,1,"IOTHUB_CLIENT_CONFIRMATION_OK"
13196,10143744552,10143744594,1,"IOTHUB_CLIENT_CONFIRMATION_OK"
13197,10143744753,10143744791,1,"IOTHUB_CLIENT_CONFIRMATION_OK"
13198,10143744953,10143744992,1,"IOTHUB_CLIENT_CONFIRMATION_OK"
13199,10143745153,10143745191,1,"IOTHUB_CLIENT_CONFIRMATION_OK"
13200,10143745353,10143745400,1,"IOTHUB_CLIENT_CONFIRMATION_OK"
13201,10143745553,10143745590,1,"IOTHUB_CLIENT_CONFIRMATION_OK"
13202,10143745753,10143745795,1,"IOTHUB_CLIENT_CONFIRMATION_OK"
13203,10143745954,10143746002,1,"IOTHUB_CLIENT_CONFIRMATION_OK"
13204,10143746154,10143746195,1,"IOTHUB_CLIENT_CONFIRMATION_OK"
13205,10143746354,10143746388,1,"IOTHUB_CLIENT_CONFIRMATION_OK"
13206,10143746554,10143746617,1,"IOTHUB_CLIENT_CONFIRMATION_OK"
13207,10143746754,10143746795,1,"IOTHUB_CLIENT_CONFIRMATION_OK"
13208,10143746954,10143747003,1,"IOTHUB_CLIENT_CONFIRMATION_OK"
13209,10143747155,10143747193,1,"IOTHUB_CLIENT_CONFIRMATION_OK"
13210,10143747355,10143747394,1,"IOTHUB_CLIENT_CONFIRMATION_OK"
13211,10143747555,10143747622,1,"IOTHUB_CLIENT_CONFIRMATION_OK"
13212,10143747755,10143747794,1,"IOTHUB_CLIENT_CONFIRMATION_OK"
13213,10143747955,10143747997,1,"IOTHUB_CLIENT_CONFIRMATION_OK"
13214,10143748155,10143748281,1,"IOTHUB_CLIENT_CONFIRMATION_OK"
13215,10143748355,10143748400,1,"IOTHUB_CLIENT_CONFIRMATION_OK"
13216,10143748556,10143748601,1,"IOTHUB_CLIENT_CONFIRMATION_OK"
13217,10143748756,10143748793,1,"IOTHUB_CLIENT_CONFIRMATION_OK"
13218,10143748956,10143748996,1,"IOTHUB_CLIENT_CONFIRMATION_OK"
13219,10143749156,10143749190,1,"IOTHUB_CLIENT_CONFIRMATION_OK"
13220,10143749356,10143749398,1,"IOTHUB_CLIENT_CONFIRMATION_OK"
13221,10143749556,10143749597,1,"IOTHUB_CLIENT_CONFIRMATION_OK"
13222,10143749757,10143749905,1,"IOTHUB_CLIENT_CONFIRMATION_OK"
13223,10143749957,10143750002,1,"IOTHUB_CLIENT_CONFIRMATION_OK"
13224,10143750157,10143750195,1,"IOTHUB_CLIENT_CONFIRMATION_OK"
13225,10143750357,10143750515,1,"IOTHUB_CLIENT_CONFIRMATION_OK"
13226,10143750557,10143750601,1,"IOTHUB_CLIENT_CONFIRMATION_OK"
13227,10143750757,10143750797,1,"IOTHUB_CLIENT_CONFIRMATION_OK"
13228,10143750957,10143750991,1,"IOTHUB_CLIENT_CONFIRMATION_OK"
13229,10143751158,10143751202,1,"IOTHUB_CLIENT_CONFIRMATION_OK"
13230,10143751358,10143751397,1,"IOTHUB_CLIENT_CONFIRMATION_OK"
13231,10143751558,10143751600,1,"IOTHUB_CLIENT_CONFIRMATION_OK"
13232,10143751758,10143751799,1,"IOTHUB_CLIENT_CONFIRMATION_OK"
13233,10143751958,10143752134,1,"IOTHUB_CLIENT_CONFIRMATION_OK"
13234,10143752158,10143752224,1,"IOTHUB_CLIENT_CONFIRMATION_OK"
13235,10143752359,10143752414,1,"IOTHUB_CLIENT_CONFIRMATION_OK"
13236,10143752559,10143752752,1,"IOTHUB_CLIENT_CONFIRMATION_OK"
13237,10143752759,10143752794,1,"IOTHUB_CLIENT_CONFIRMATION_OK"
13238,10143752959,10143753001,1,"IOTHUB_CLIENT_CONFIRMATION_OK"
13239,10143753159,10143753211,1,"IOTHUB_CLIENT_CONFIRMATION_OK"
13240,10143753359,10143753398,1,"IOTHUB_CLIENT_CONFIRMATION_OK"
13241,10143753560,10143753601,1,"IOTHUB_CLIENT_CONFIRMATION_OK"
13242,10143753760,10143753808,1,"IOTHUB_CLIENT_CONFIRMATION_OK"
13243,10143753960,10143753999,1,"IOTHUB_CLIENT_CONFIRMATION_OK"
13244,10143754160,10143754200,1,"IOTHUB_CLIENT_CONFIRMATION_OK"
13245,10143754360,10143754404,1,"IOTHUB_CLIENT_CONFIRMATION_OK"
13246,10143754560,10143754612,1,"IOTHUB_CLIENT_CONFIRMATION_OK"
13247,10143754761,10143754815,1,"IOTHUB_CLIENT_CONFIRMATION_OK"
13248,10143754961,10143755024,1,"IOTHUB_CLIENT_CONFIRMATION_OK"
13249,10143755161,10143755201,1,"IOTHUB_CLIENT_CONFIRMATION_OK"
13250,10143755361,10143755424,1,"IOTHUB_CLIENT_CONFIRMATION_OK"
13251,10143755561,10143755599,1,"IOTHUB_CLIENT_CONFIRMATION_OK"
13252,10143755761,10143755802,1,"IOTHUB_CLIENT_CONFIRMATION_OK"
13253,10143755961,10143756032,1,"IOTHUB_CLIENT_CONFIRMATION_OK"
13254,10143756162,10143756202,1,"IOTHUB_CLIENT_CONFIRMATION_OK"
13255,10143756362,10143756395,1,"IOTHUB_CLIENT_CONFIRMATION_OK"
13256,10143756562,10143756602,1,"IOTHUB_CLIENT_CONFIRMATION_OK"
13257,10143756762,10143756805,1,"IOTHUB_CLIENT_CONFIRMATION_OK"
13258,10143756962,10143757064,1,"IOTHUB_CLIENT_CONFIRMATION_OK"
13259,10143757162,10143757201,1,"IOTHUB_CLIENT_CONFIRMATION_OK"
13260,10143757363,10143757404,1,"IOTHUB_CLIENT_CONFIRMATION_OK"
13261,10143757563,10143757674,1,"IOTHUB_CLIENT_CONFIRMATION_OK"
13262,10143757763,10143757802,1,"IOTHUB_CLIENT_CONFIRMATION_OK"
13263,10143757963,10143758018,1,"IOTHUB_CLIENT_CONFIRMATION_OK"
13264,10143758163,10143758300,1,"IOTHUB_CLIENT_CONFIRMATION_OK"
13265,10143758363,10143758404,1,"IOTHUB_CLIENT_CONFIRMATION_OK"
13266,10143758564,10143758602,1,"IOTHUB_CLIENT_CONFIRMATION_OK"
13267,10143758764,10143758806,1,"IOTHUB_CLIENT_CONFIRMATION_OK"
13268,10143758964,10143758995,1,"IOTHUB_CLIENT_CONFIRMATION_OK"
13269,10143759164,10143759205,1,"IOTHUB_CLIENT_CONFIRMATION_OK"
13270,10143759364,10143759404,1,"IOTHUB_CLIENT_CONFIRMATION_OK"
13271,10143759564,10143759601,1,"IOTHUB_CLIENT_CONFIRMATION_OK"
13272,10143759764,10143759944,1,"IOTHUB_CLIENT_CONFIRMATION_OK"
13273,10143759965,10143760065,1,"IOTHUB_CLIENT_CONFIRMATION_OK"
13274,10143760165,10143760202,1,"IOTHUB_CLIENT_CONFIRMATION_OK"
13275,10143760365,10143760418,1,"IOTHUB_CLIENT_CONFIRMATION_OK"
13276,10143760565,10143760604,1,"IOTHUB_CLIENT_CONFIRMATION_OK"
13277,10143760765,10143760809,1,"IOTHUB_CLIENT_CONFIRMATION_OK"
13278,10143760965,10143761016,1,"IOTHUB_CLIENT_CONFIRMATION_OK"
13279,10143761166,10143761204,1,"IOTHUB_CLIENT_CONFIRMATION_OK"
13280,10143761366,10143761407,1,"IOTHUB_CLIENT_CONFIRMATION_OK"
13281,10143761566,10143761614,1,"IOTHUB_CLIENT_CONFIRMATION_OK"
13282,10143761766,10143761805,1,"IOTHUB_CLIENT_CONFIRMATION_OK"
13283,10143761966,10143762191,1,"IOTHUB_CLIENT_CONFIRMATION_OK"
13284,10143762166,10143762201,1,"IOTHUB_CLIENT_CONFIRMATION_OK"
13285,10143762366,10143762406,1,"IOTHUB_CLIENT_CONFIRMATION_OK"
13286,10143762567,10143762609,1,"IOTHUB_CLIENT_CONFIRMATION_OK"
13287,10143762767,10143762818,1,"IOTHUB_CLIENT_CONFIRMATION_OK"
13288,10143762967,10143763005,1,"IOTHUB_CLIENT_CONFIRMATION_OK"
13289,10143763167,10143763200,1,"IOTHUB_CLIENT_CONFIRMATION_OK"
13290,10143763367,10143763405,1,"IOTHUB_CLIENT_CONFIRMATION_OK"
13291,10143763567,10143763609,1,"IOTHUB_CLIENT_CONFIRMATION_OK"
13292,10143763768,10143763877,1,"IOTHUB_CLIENT_CONFIRMATION_OK"
13293,10143763968,10143763999,1,"IOTHUB_CLIENT_CONFIRMATION_OK"
13294,10143764168,10143764199,1,"IOTHUB_CLIENT_CONFIRMATION_OK"
13295,10143764368,10143764508,1,"IOTHUB_CLIENT_CONFIRMATION_OK"
13296,10143764568,10143764601,1,"IOTHUB_CLIENT_CONFIRMATION_OK"
13297,10143764768,10143764804,1,"IOTHUB_CLIENT_CONFIRMATION_OK"
13298,10143764969,10143764999,1,"IOTHUB_CLIENT_CONFIRMATION_OK"
13299,10143765169,10143765204,1,"IOTHUB_CLIENT_CONFIRMATION_OK"
13300,10143765369,10143765523,1,"IOTHUB_CLIENT_CONFIRMATION_OK"
13301,10143765569,10143765608,1,"IOTHUB_CLIENT_CONFIRMATION_OK"
13302,10143765769,10143765807,1,"IOTHUB_CLIENT_CONFIRMATION_OK"
13303,10143765969,10143765999,1,"IOTHUB_CLIENT_CONFIRMATION_OK"
13304,10143766169,10143766211,1,"IOTHUB_CLIENT_CONFIRMATION_OK"
13305,10143766370,10143766411,1,"IOTHUB_CLIENT_CONFIRMATION_OK"
13306,10143766570,10143766610,1,"IOTHUB_CLIENT_CONFIRMATION_OK"
13307,10143766770,10143766823,1,"IOTHUB_CLIENT_CONFIRMATION_OK"
13308,10143766970,10143767144,1,"IOTHUB_CLIENT_CONFIRMATION_OK"
13309,10143767170,10143767212,1,"IOTHUB_CLIENT_CONFIRMATION_OK"
13310,10143767370,10143767406,1,"IOTHUB_CLIENT_CONFIRMATION_OK"
13311,10143767571,10143767615,1,"IOTHUB_CLIENT_CONFIRMATION_OK"
13312,10143767771,10143767798,1,"IOTHUB_CLIENT_CONFIRMATION_OK"
13313,10143767971,10143768013,1,"IOTHUB_CLIENT_CONFIRMATION_OK"
13314,10143768171,10143768209,1,"IOTHUB_CLIENT_CONFIRMATION_OK"
13315,10143768371,10143768434,1,"IOTHUB_CLIENT_CONFIRMATION_OK"
13316,10143768571,10143768606,1,"IOTHUB_CLIENT_CONFIRMATION_OK"
13317,10143768772,10143768832,1,"IOTHUB_CLIENT_CONFIRMATION_OK"
13318,10143768972,10143769008,1,"IOTHUB_CLIENT_CONFIRMATION_OK"
13319,10143769172,10143769213,1,"IOTHUB_CLIENT_CONFIRMATION_OK"
13320,10143769372,10143769412,1,"IOTHUB_CLIENT_CONFIRMATION_OK"
13321,10143769572,10143769612,1,"IOTHUB_CLIENT_CONFIRMATION_OK"
13322,10143769772,10143769849,1,"IOTHUB_CLIENT_CONFIRMATION_OK"
13323,10143769973,10143770013,1,"IOTHUB_CLIENT_CONFIRMATION_OK"
13324,10143770173,10143770205,1,"IOTHUB_CLIENT_CONFIRMATION_OK"
13325,10143770373,10143770475,1,"IOTHUB_CLIENT_CONFIRMATION_OK"
13326,10143770573,10143770616,1,"IOTHUB_CLIENT_CONFIRMATION_OK"
13327,10143770773,10143770839,1,"IOTHUB_CLIENT_CONFIRMATION_OK"
13328,10143770974,10143771088,1,"IOTHUB_CLIENT_CONFIRMATION_OK"
13329,10143771174,10143771211,1,"IOTHUB_CLIENT_CONFIRMATION_OK"
13330,10143771374,10143771413,1,"IOTHUB_CLIENT_CONFIRMATION_OK"
13331,10143771574,10143771607,1,"IOTHUB_CLIENT_CONFIRMATION_OK"
13332,10143771774,10143771815,1,"IOTHUB_CLIENT_CONFIRMATION_OK"
13333,10143771974,10143772100,1,"IOTHUB_CLIENT_CONFIRMATION_OK"
13334,10143772175,10143772210,1,"IOTHUB_CLIENT_CONFIRMATION_OK"
13335,10143772375,10143772420,1,"IOTHUB_CLIENT_CONFIRMATION_OK"
13336,10143772575,10143772709,1,"IOTHUB_CLIENT_CONFIRMATION_OK"
13337,10143772775,10143772817,1,"IOTHUB_CLIENT_CONFIRMATION_OK"
13338,10143772975,10143773013,1,"IOTHUB_CLIENT_CONFIRMATION_OK"
13339,10143773175,10143773330,1,"IOTHUB_CLIENT_CONFIRMATION_OK"
13340,10143773376,10143773415,1,"IOTHUB_CLIENT_CONFIRMATION_OK"
13341,10143773576,10143773614,1,"IOTHUB_CLIENT_CONFIRMATION_OK"
13342,10143773776,10143773817,1,"IOTHUB_CLIENT_CONFIRMATION_OK"
13343,10143773976,10143774005,1,"IOTHUB_CLIENT_CONFIRMATION_OK"
13344,10143774176,10143774205,1,"IOTHUB_CLIENT_CONFIRMATION_OK"
13345,10143774377,10143774421,1,"IOTHUB_CLIENT_CONFIRMATION_OK"
13346,10143774577,10143774620,1,"IOTHUB_CLIENT_CONFIRMATION_OK"
13347,10143774777,10143774949,1,"IOTHUB_CLIENT_CONFIRMATION_OK"
13348,10143774977,10143775018,1,"IOTHUB_CLIENT_CONFIRMATION_OK"
13349,10143775177,10143775218,1,"IOTHUB_CLIENT_CONFIRMATION_OK"
13350,10143775377,10143775411,1,"IOTHUB_CLIENT_CONFIRMATION_OK"
13351,10143775578,10143775626,1,"IOTHUB_CLIENT_CONFIRMATION_OK"
13352,10143775778,10143775842,1,"IOTHUB_CLIENT_CONFIRMATION_OK"
13353,10143775978,10143776026,1,"IOTHUB_CLIENT_CONFIRMATION_OK"
13354,10143776178,10143776218,1,"IOTHUB_CLIENT_CONFIRMATION_OK"
13355,10143776378,10143776422,1,"IOTHUB_CLIENT_CONFIRMATION_OK"
13356,10143776578,10143776634,1,"IOTHUB_CLIENT_CONFIRMATION_OK"
13357,10143776779,10143776818,1,"IOTHUB_CLIENT_CONFIRMATION_OK"
13358,10143776979,10143777040,1,"IOTHUB_CLIENT_CONFIRMATION_OK"
13359,10143777179,10143777216,1,"IOTHUB_CLIENT_CONFIRMATION_OK"
13360,10143777379,10143777451,1,"IOTHUB_CLIENT_CONFIRMATION_OK"
13361,10143777579,10143777693,1,"IOTHUB_CLIENT_CONFIRMATION_OK"
13362,10143777779,10143777842,1,"IOTHUB_CLIENT_CONFIRMATION_OK"
13363,10143777979,10143778524,1,"IOTHUB_CLIENT_CONFIRMATION_OK"
13364,10143778180,10143778585,1,"IOTHUB_CLIENT_CONFIRMATION_OK"
13365,10143778380,10143778629,1,"IOTHUB_CLIENT_CONFIRMATION_OK"
13366,10143778580,10143778668,1,"IOTHUB_CLIENT_CONFIRMATION_OK"
13367,10143778780,10143778859,1,"IOTHUB_CLIENT_CONFIRMATION_OK"
13368,10143778980,10143779019,1,"IOTHUB_CLIENT_CONFIRMATION_OK"
13369,10143779180,10143779305,1,"IOTHUB_CLIENT_CONFIRMATION_OK"
13370,10143779381,10143779422,1,"IOTHUB_CLIENT_CONFIRMATION_OK"
13371,10143779581,10143779619,1,"IOTHUB_CLIENT_CONFIRMATION_OK"
13372,10143779781,10143779919,1,"IOTHUB_CLIENT_CONFIRMATION_OK"
13373,10143779981,10143780017,1,"IOTHUB_CLIENT_CONFIRMATION_OK"
13374,10143780181,10143780231,1,"IOTHUB_CLIENT_CONFIRMATION_OK"
13375,10143780381,10143780532,1,"IOTHUB_CLIENT_CONFIRMATION_OK"
13376,10143780582,10143780624,1,"IOTHUB_CLIENT_CONFIRMATION_OK"
13377,10143780782,10143780822,1,"IOTHUB_CLIENT_CONFIRMATION_OK"
13378,10143780982,10143781020,1,"IOTHUB_CLIENT_CONFIRMATION_OK"
13379,10143781182,10143781223,1,"IOTHUB_CLIENT_CONFIRMATION_OK"
13380,10143781382,10143781424,1,"IOTHUB_CLIENT_CONFIRMATION_OK"
13381,10143781582,10143781627,1,"IOTHUB_CLIENT_CONFIRMATION_OK"
13382,10143781783,10143781823,1,"IOTHUB_CLIENT_CONFIRMATION_OK"
13383,10143781983,10143782158,1,"IOTHUB_CLIENT_CONFIRMATION_OK"
13384,10143782183,10143782282,1,"IOTHUB_CLIENT_CONFIRMATION_OK"
13385,10143782383,10143782425,1,"IOTHUB_CLIENT_CONFIRMATION_OK"
13386,10143782583,10143782675,1,"IOTHUB_CLIENT_CONFIRMATION_OK"
13387,10143782783,10143782831,1,"IOTHUB_CLIENT_CONFIRMATION_OK"
13388,10143782983,10143783024,1,"IOTHUB_CLIENT_CONFIRMATION_OK"
13389,10143783184,10143783222,1,"IOTHUB_CLIENT_CONFIRMATION_OK"
13390,10143783384,10143783423,1,"IOTHUB_CLIENT_CONFIRMATION_OK"
13391,10143783584,10143783624,1,"IOTHUB_CLIENT_CONFIRMATION_OK"
13392,10143783784,10143783820,1,"IOTHUB_CLIENT_CONFIRMATION_OK"
13393,10143783984,10143784025,1,"IOTHUB_CLIENT_CONFIRMATION_OK"
13394,10143784184,10143784546,1,"IOTHUB_CLIENT_CONFIRMATION_OK"
13395,10143784384,10143784668,1,"IOTHUB_CLIENT_CONFIRMATION_OK"
13396,10143784585,10143784694,1,"IOTHUB_CLIENT_CONFIRMATION_OK"
13397,10143784785,10143784865,1,"IOTHUB_CLIENT_CONFIRMATION_OK"
13398,10143784985,10143785022,1,"IOTHUB_CLIENT_CONFIRMATION_OK"
13399,10143785185,10143785216,1,"IOTHUB_CLIENT_CONFIRMATION_OK"
13400,10143785385,10143785477,1,"IOTHUB_CLIENT_CONFIRMATION_OK"
13401,10143785585,10143785628,1,"IOTHUB_CLIENT_CONFIRMATION_OK"
13402,10143785786,10143785867,1,"IOTHUB_CLIENT_CONFIRMATION_OK"
13403,10143785986,10143786024,1,"IOTHUB_CLIENT_CONFIRMATION_OK"
13404,10143786186,10143786225,1,"IOTHUB_CLIENT_CONFIRMATION_OK"
13405,10143786386,10143786480,1,"IOTHUB_CLIENT_CONFIRMATION_OK"
13406,10143786586,10143786626,1,"IOTHUB_CLIENT_CONFIRMATION_OK"
13407,10143786786,10143786825,1,"IOTHUB_CLIENT_CONFIRMATION_OK"
13408,10143786987,10143787120,1,"IOTHUB_CLIENT_CONFIRMATION_OK"
13409,10143787187,10143787247,1,"IOTHUB_CLIENT_CONFIRMATION_OK"
13410,10143787387,10143787428,1,"IOTHUB_CLIENT_CONFIRMATION_OK"
13411,10143787587,10143787734,1,"IOTHUB_CLIENT_CONFIRMATION_OK"
13412,10143787787,10143787831,1,"IOTHUB_CLIENT_CONFIRMATION_OK"
13413,10143787987,10143788041,1,"IOTHUB_CLIENT_CONFIRMATION_OK"
13414,10143788187,10143788231,1,"IOTHUB_CLIENT_CONFIRMATION_OK"
13415,10143788388,10143788472,1,"IOTHUB_CLIENT_CONFIRMATION_OK"
13416,10143788588,10143788633,1,"IOTHUB_CLIENT_CONFIRMATION_OK"
13417,10143788788,10143788833,1,"IOTHUB_CLIENT_CONFIRMATION_OK"
13418,10143788988,10143789028,1,"IOTHUB_CLIENT_CONFIRMATION_OK"
13419,10143789188,10143789368,1,"IOTHUB_CLIENT_CONFIRMATION_OK"
13420,10143789388,10143789441,1,"IOTHUB_CLIENT_CONFIRMATION_OK"
13421,10143789589,10143789626,1,"IOTHUB_CLIENT_CONFIRMATION_OK"
13422,10143789789,10143789871,1,"IOTHUB_CLIENT_CONFIRMATION_OK"
13423,10143789989,10143790066,1,"IOTHUB_CLIENT_CONFIRMATION_OK"
13424,10143790189,10143790228,1,"IOTHUB_CLIENT_CONFIRMATION_OK"
13425,10143790389,10143790441,1,"IOTHUB_CLIENT_CONFIRMATION_OK"
13426,10143790589,10143790633,1,"IOTHUB_CLIENT_CONFIRMATION_OK"
13427,10143790790,10143790840,1,"IOTHUB_CLIENT_CONFIRMATION_OK"
13428,10143790990,10143791072,1,"IOTHUB_CLIENT_CONFIRMATION_OK"
13429,10143791190,10143791224,1,"IOTHUB_CLIENT_CONFIRMATION_OK"
13430,10143791390,10143791476,1,"IOTHUB_CLIENT_CONFIRMATION_OK"
13431,10143791590,10143791634,1,"IOTHUB_CLIENT_CONFIRMATION_OK"
13432,10143791790,10143791859,1,"IOTHUB_CLIENT_CONFIRMATION_OK"
13433,10143791991,10143792090,1,"IOTHUB_CLIENT_CONFIRMATION_OK"
13434,10143792191,10143792230,1,"IOTHUB_CLIENT_CONFIRMATION_OK"
13435,10143792391,10143792441,1,"IOTHUB_CLIENT_CONFIRMATION_OK"
13436,10143792591,10143792697,1,"IOTHUB_CLIENT_CONFIRMATION_OK"
13437,10143792791,10143792829,1,"IOTHUB_CLIENT_CONFIRMATION_OK"
13438,10143792991,10143793031,1,"IOTHUB_CLIENT_CONFIRMATION_OK"
13439,10143793191,10143793229,1,"IOTHUB_CLIENT_CONFIRMATION_OK"
13440,10143793392,10143793442,1,"IOTHUB_CLIENT_CONFIRMATION_OK"
13441,10143793592,10143793640,1,"IOTHUB_CLIENT_CONFIRMATION_OK"
13442,10143793792,10143793836,1,"IOTHUB_CLIENT_CONFIRMATION_OK"
13443,10143793992,10143794035,1,"IOTHUB_CLIENT_CONFIRMATION_OK"
13444,10143794192,10143794321,1,"IOTHUB_CLIENT_CONFIRMATION_OK"
13445,10143794392,10143794431,1,"IOTHUB_CLIENT_CONFIRMATION_OK"
13446,10143794592,10143794640,1,"IOTHUB_CLIENT_CONFIRMATION_OK"
13447,10143794793,10143794927,1,"IOTHUB_CLIENT_CONFIRMATION_OK"
13448,10143794993,10143795038,1,"IOTHUB_CLIENT_CONFIRMATION_OK"
13449,10143795193,10143795231,1,"IOTHUB_CLIENT_CONFIRMATION_OK"
13450,10143795393,10143795457,1,"IOTHUB_CLIENT_CONFIRMATION_OK"
13451,10143795593,10143795630,1,"IOTHUB_CLIENT_CONFIRMATION_OK"
13452,10143795793,10143795833,1,"IOTHUB_CLIENT_CONFIRMATION_OK"
13453,10143795994,10143796029,1,"IOTHUB_CLIENT_CONFIRMATION_OK"
13454,10143796194,10143796286,1,"IOTHUB_CLIENT_CONFIRMATION_OK"
13455,10143796394,10143796434,1,"IOTHUB_CLIENT_CONFIRMATION_OK"
13456,10143796594,10143796636,1,"IOTHUB_CLIENT_CONFIRMATION_OK"
13457,10143796794,10143796832,1,"IOTHUB_CLIENT_CONFIRMATION_OK"
13458,10143796994,10143797035,1,"IOTHUB_CLIENT_CONFIRMATION_OK"
13459,10143797194,10143797231,1,"IOTHUB_CLIENT_CONFIRMATION_OK"
13460,10143797395,10143797437,1,"IOTHUB_CLIENT_CONFIRMATION_OK"
13461,10143797595,10143797655,1,"IOTHUB_CLIENT_CONFIRMATION_OK"
13462,10143797795,10143797837,1,"IOTHUB_CLIENT_CONFIRMATION_OK"
13463,10143797995,10143798033,1,"IOTHUB_CLIENT_CONFIRMATION_OK"
13464,10143798195,10143798238,1,"IOTHUB_CLIENT_CONFIRMATION_OK"
13465,10143798395,10143798437,1,"IOTHUB_CLIENT_CONFIRMATION_OK"
13466,10143798596,10143798667,1,"IOTHUB_CLIENT_CONFIRMATION_OK"
13467,10143798796,10143798841,1,"IOTHUB_CLIENT_CONFIRMATION_OK"
13468,10143798996,10143799036,1,"IOTHUB_CLIENT_CONFIRMATION_OK"
13469,10143799196,10143799292,1,"IOTHUB_CLIENT_CONFIRMATION_OK"
13470,10143799396,10143799452,1,"IOTHUB_CLIENT_CONFIRMATION_OK"
13471,10143799596,10143799639,1,"IOTHUB_CLIENT_CONFIRMATION_OK"
13472,10143799797,10143799893,1,"IOTHUB_CLIENT_CONFIRMATION_OK"
13473,10143799997,10143800036,1,"IOTHUB_CLIENT_CONFIRMATION_OK"
13474,10143800197,10143800234,1,"IOTHUB_CLIENT_CONFIRMATION_OK"
13475,10143800397,10143800436,1,"IOTHUB_CLIENT_CONFIRMATION_OK"
13476,10143800597,10143800654,1,"IOTHUB_CLIENT_CONFIRMATION_OK"
13477,10143800798,10143800902,1,"IOTHUB_CLIENT_CONFIRMATION_OK"
13478,10143800998,10143801039,1,"IOTHUB_CLIENT_CONFIRMATION_OK"
13479,10143801198,10143801231,1,"IOTHUB_CLIENT_CONFIRMATION_OK"
13480,10143801398,10143801542,1,"IOTHUB_CLIENT_CONFIRMATION_OK"
13481,10143801598,10143801640,1,"IOTHUB_CLIENT_CONFIRMATION_OK"
13482,10143801798,10143801838,1,"IOTHUB_CLIENT_CONFIRMATION_OK"
13483,10143801998,10143802154,1,"IOTHUB_CLIENT_CONFIRMATION_OK"
13484,10143802199,10143802240,1,"IOTHUB_CLIENT_CONFIRMATION_OK"
13485,10143802399,10143802437,1,"IOTHUB_CLIENT_CONFIRMATION_OK"
13486,10143802599,10143802637,1,"IOTHUB_CLIENT_CONFIRMATION_OK"
13487,10143802799,10143802840,1,"IOTHUB_CLIENT_CONFIRMATION_OK"
13488,10143802999,10143803047,1,"IOTHUB_CLIENT_CONFIRMATION_OK"
13489,10143803199,10143803235,1,"IOTHUB_CLIENT_CONFIRMATION_OK"
13490,10143803400,10143803434,1,"IOTHUB_CLIENT_CONFIRMATION_OK"
13491,10143803600,10143803773,1,"IOTHUB_CLIENT_CONFIRMATION_OK"
13492,10143803800,10143803844,1,"IOTHUB_CLIENT_CONFIRMATION_OK"
13493,10143804000,10143804047,1,"IOTHUB_CLIENT_CONFIRMATION_OK"
13494,10143804200,10143804239,1,"IOTHUB_CLIENT_CONFIRMATION_OK"
13495,10143804400,10143804437,1,"IOTHUB_CLIENT_CONFIRMATION_OK"
13496,10143804600,10143804680,1,"IOTHUB_CLIENT_CONFIRMATION_OK"
13497,10143804801,10143804839,1,"IOTHUB_CLIENT_CONFIRMATION_OK"
13498,10143805001,10143805040,1,"IOTHUB_CLIENT_CONFIRMATION_OK"
13499,10143805201,10143805242,1,"IOTHUB_CLIENT_CONFIRMATION_OK"
13500,10143805401,10143805440,1,"IOTHUB_CLIENT_CONFIRMATION_OK"
13501,10143805602,10143805642,1,"IOTHUB_CLIENT_CONFIRMATION_OK"
13502,10143805802,10143806015,1,"IOTHUB_CLIENT_CONFIRMATION_OK"
13503,10143806002,10143806040,1,"IOTHUB_CLIENT_CONFIRMATION_OK"
13504,10143806202,10143806239,1,"IOTHUB_CLIENT_CONFIRMATION_OK"
13505,10143806403,10143806442,1,"IOTHUB_CLIENT_CONFIRMATION_OK"
13506,10143806603,10143806642,1,"IOTHUB_CLIENT_CONFIRMATION_OK"
13507,10143806803,10143806843,1,"IOTHUB_CLIENT_CONFIRMATION_OK"
13508,10143807003,10143807050,1,"IOTHUB_CLIENT_CONFIRMATION_OK"
13509,10143807203,10143807246,1,"IOTHUB_CLIENT_CONFIRMATION_OK"
13510,10143807403,10143807437,1,"IOTHUB_CLIENT_CONFIRMATION_OK"
13511,10143807604,10143807657,1,"IOTHUB_CLIENT_CONFIRMATION_OK"
13512,10143807804,10143807844,1,"IOTHUB_CLIENT_CONFIRMATION_OK"
13513,10143808004,10143808042,1,"IOTHUB_CLIENT_CONFIRMATION_OK"
13514,10143808204,10143808242,1,"IOTHUB_CLIENT_CONFIRMATION_OK"
13515,10143808404,10143808442,1,"IOTHUB_CLIENT_CONFIRMATION_OK"
13516,10143808604,10143808672,1,"IOTHUB_CLIENT_CONFIRMATION_OK"
13517,10143808805,10143808837,1,"IOTHUB_CLIENT_CONFIRMATION_OK"
13518,10143809005,10143809040,1,"IOTHUB_CLIENT_CONFIRMATION_OK"
13519,10143809205,10143809293,1,"IOTHUB_CLIENT_CONFIRMATION_OK"
13520,10143809405,10143809448,1,"IOTHUB_CLIENT_CONFIRMATION_OK"
13521,10143809605,10143809641,1,"IOTHUB_CLIENT_CONFIRMATION_OK"
13522,10143809805,10143809918,1,"IOTHUB_CLIENT_CONFIRMATION_OK"
13523,10143810006,10143810068,1,"IOTHUB_CLIENT_CONFIRMATION_OK"
13524,10143810206,10143810243,1,"IOTHUB_CLIENT_CONFIRMATION_OK"
13525,10143810406,10143810443,1,"IOTHUB_CLIENT_CONFIRMATION_OK"
13526,10143810606,10143810642,1,"IOTHUB_CLIENT_CONFIRMATION_OK"
13527,10143810806,10143810906,1,"IOTHUB_CLIENT_CONFIRMATION_OK"
13528,10143811007,10143811048,1,"IOTHUB_CLIENT_CONFIRMATION_OK"
13529,10143811207,10143811245,1,"IOTHUB_CLIENT_CONFIRMATION_OK"
13530,10143811407,10143811533,1,"IOTHUB_CLIENT_CONFIRMATION_OK"
13531,10143811607,10143811646,1,"IOTHUB_CLIENT_CONFIRMATION_OK"
13532,10143811807,10143811844,1,"IOTHUB_CLIENT_CONFIRMATION_OK"
13533,10143812007,10143812133,1,"IOTHUB_CLIENT_CONFIRMATION_OK"
13534,10143812208,10143812245,1,"IOTHUB_CLIENT_CONFIRMATION_OK"
13535,10143812408,10143812445,1,"IOTHUB_CLIENT_CONFIRMATION_OK"
13536,10143812608,10143812643,1,"IOTHUB_CLIENT_CONFIRMATION_OK"
13537,10143812808,10143812843,1,"IOTHUB_CLIENT_CONFIRMATION_OK"
13538,10143813008,10143813049,1,"IOTHUB_CLIENT_CONFIRMATION_OK"
13539,10143813208,10143813247,1,"IOTHUB_CLIENT_CONFIRMATION_OK"
13540,10143813408,10143813450,1,"IOTHUB_CLIENT_CONFIRMATION_OK"
13541,10143813609,10143813760,1,"IOTHUB_CLIENT_CONFIRMATION_OK"
13542,10143813809,10143813853,1,"IOTHUB_CLIENT_CONFIRMATION_OK"
13543,10143814009,10143814050,1,"IOTHUB_CLIENT_CONFIRMATION_OK"
13544,10143814209,10143814376,1,"IOTHUB_CLIENT_CONFIRMATION_OK"
13545,10143814409,10143814447,1,"IOTHUB_CLIENT_CONFIRMATION_OK"
13546,10143814609,10143814652,1,"IOTHUB_CLIENT_CONFIRMATION_OK"
13547,10143814810,10143814843,1,"IOTHUB_CLIENT_CONFIRMATION_OK"
13548,10143815010,10143815045,1,"IOTHUB_CLIENT_CONFIRMATION_OK"
13549,10143815210,10143815245,1,"IOTHUB_CLIENT_CONFIRMATION_OK"
13550,10143815410,10143815448,1,"IOTHUB_CLIENT_CONFIRMATION_OK"
13551,10143815610,10143815666,1,"IOTHUB_CLIENT_CONFIRMATION_OK"
13552,10143815810,10143815950,1,"IOTHUB_CLIENT_CONFIRMATION_OK"
13553,10143816011,10143816045,1,"IOTHUB_CLIENT_CONFIRMATION_OK"
13554,10143816211,10143816249,1,"IOTHUB_CLIENT_CONFIRMATION_OK"
13555,10143816411,10143816450,1,"IOTHUB_CLIENT_CONFIRMATION_OK"
13556,10143816611,10143816648,1,"IOTHUB_CLIENT_CONFIRMATION_OK"
13557,10143816811,10143816845,1,"IOTHUB_CLIENT_CONFIRMATION_OK"
13558,10143817011,10143817050,1,"IOTHUB_CLIENT_CONFIRMATION_OK"
13559,10143817212,10143817256,1,"IOTHUB_CLIENT_CONFIRMATION_OK"
13560,10143817412,10143817455,1,"IOTHUB_CLIENT_CONFIRMATION_OK"
13561,10143817612,10143817661,1,"IOTHUB_CLIENT_CONFIRMATION_OK"
13562,10143817812,10143817864,1,"IOTHUB_CLIENT_CONFIRMATION_OK"
13563,10143818012,10143818049,1,"IOTHUB_CLIENT_CONFIRMATION_OK"
13564,10143818212,10143818247,1,"IOTHUB_CLIENT_CONFIRMATION_OK"
13565,10143818413,10143818453,1,"IOTHUB_CLIENT_CONFIRMATION_OK"
13566,10143818613,10143818694,1,"IOTHUB_CLIENT_CONFIRMATION_OK"
13567,10143818813,10143818854,1,"IOTHUB_CLIENT_CONFIRMATION_OK"
13568,10143819013,10143819047,1,"IOTHUB_CLIENT_CONFIRMATION_OK"
13569,10143819213,10143819295,1,"IOTHUB_CLIENT_CONFIRMATION_OK"
13570,10143819413,10143819465,1,"IOTHUB_CLIENT_CONFIRMATION_OK"
13571,10143819614,10143819649,1,"IOTHUB_CLIENT_CONFIRMATION_OK"
13572,10143819814,10143819906,1,"IOTHUB_CLIENT_CONFIRMATION_OK"
13573,10143820014,10143820050,1,"IOTHUB_CLIENT_CONFIRMATION_OK"
13574,10143820214,10143820248,1,"IOTHUB_CLIENT_CONFIRMATION_OK"
13575,10143820414,10143820462,1,"IOTHUB_CLIENT_CONFIRMATION_OK"
13576,10143820614,10143820662,1,"IOTHUB_CLIENT_CONFIRMATION_OK"
13577,10143820815,10143820949,1,"IOTHUB_CLIENT_CONFIRMATION_OK"
13578,10143821015,10143821056,1,"IOTHUB_CLIENT_CONFIRMATION_OK"
13579,10143821215,10143821251,1,"IOTHUB_CLIENT_CONFIRMATION_OK"
13580,10143821415,10143821573,1,"IOTHUB_CLIENT_CONFIRMATION_OK"
13581,10143821615,10143821653,1,"IOTHUB_CLIENT_CONFIRMATION_OK"
13582,10143821815,10143821853,1,"IOTHUB_CLIENT_CONFIRMATION_OK"
13583,10143822016,10143822049,1,"IOTHUB_CLIENT_CONFIRMATION_OK"
13584,10143822216,10143822251,1,"IOTHUB_CLIENT_CONFIRMATION_OK"
13585,10143822416,10143822454,1,"IOTHUB_CLIENT_CONFIRMATION_OK"
13586,10143822616,10143822686,1,"IOTHUB_CLIENT_CONFIRMATION_OK"
13587,10143822816,10143822857,1,"IOTHUB_CLIENT_CONFIRMATION_OK"
13588,10143823016,10143823051,1,"IOTHUB_CLIENT_CONFIRMATION_OK"
13589,10143823217,10143823281,1,"IOTHUB_CLIENT_CONFIRMATION_OK"
13590,10143823417,10143823481,1,"IOTHUB_CLIENT_CONFIRMATION_OK"
13591,10143823617,10143823820,1,"IOTHUB_CLIENT_CONFIRMATION_OK"
13592,10143823817,10143823926,1,"IOTHUB_CLIENT_CONFIRMATION_OK"
13593,10143824017,10143824050,1,"IOTHUB_CLIENT_CONFIRMATION_OK"
13594,10143824218,10143824252,1,"IOTHUB_CLIENT_CONFIRMATION_OK"
13595,10143824418,10143824459,1,"IOTHUB_CLIENT_CONFIRMATION_OK"
13596,10143824618,10143824666,1,"IOTHUB_CLIENT_CONFIRMATION_OK"
13597,10143824818,10143824856,1,"IOTHUB_CLIENT_CONFIRMATION_OK"
13598,10143825018,10143825051,1,"IOTHUB_CLIENT_CONFIRMATION_OK"
13599,10143825218,10143825252,1,"IOTHUB_CLIENT_CONFIRMATION_OK"
13600,10143825418,10143825481,1,"IOTHUB_CLIENT_CONFIRMATION_OK"
13601,10143825619,10143825661,1,"IOTHUB_CLIENT_CONFIRMATION_OK"
13602,10143825819,10143825868,1,"IOTHUB_CLIENT_CONFIRMATION_OK"
13603,10143826019,10143826057,1,"IOTHUB_CLIENT_CONFIRMATION_OK"
13604,10143826219,10143826260,1,"IOTHUB_CLIENT_CONFIRMATION_OK"
13605,10143826419,10143826486,1,"IOTHUB_CLIENT_CONFIRMATION_OK"
13606,10143826619,10143826676,1,"IOTHUB_CLIENT_CONFIRMATION_OK"
13607,10143826820,10143826860,1,"IOTHUB_CLIENT_CONFIRMATION_OK"
13608,10143827020,10143827091,1,"IOTHUB_CLIENT_CONFIRMATION_OK"
13609,10143827220,10143827252,1,"IOTHUB_CLIENT_CONFIRMATION_OK"
13610,10143827420,10143827459,1,"IOTHUB_CLIENT_CONFIRMATION_OK"
13611,10143827620,10143827657,1,"IOTHUB_CLIENT_CONFIRMATION_OK"
13612,10143827820,10143827887,1,"IOTHUB_CLIENT_CONFIRMATION_OK"
13613,10143828020,10143828119,1,"IOTHUB_CLIENT_CONFIRMATION_OK"
13614,10143828221,10143828255,1,"IOTHUB_CLIENT_CONFIRMATION_OK"
13615,10143828421,10143828458,1,"IOTHUB_CLIENT_CONFIRMATION_OK"
13616,10143828621,10143828763,1,"IOTHUB_CLIENT_CONFIRMATION_OK"
13617,10143828821,10143828860,1,"IOTHUB_CLIENT_CONFIRMATION_OK"
13618,10143829021,10143829055,1,"IOTHUB_CLIENT_CONFIRMATION_OK"
13619,10143829221,10143829379,1,"IOTHUB_CLIENT_CONFIRMATION_OK"
13620,10143829422,10143829463,1,"IOTHUB_CLIENT_CONFIRMATION_OK"
13621,10143829622,10143829675,1,"IOTHUB_CLIENT_CONFIRMATION_OK"
13622,10143829822,10143829901,1,"IOTHUB_CLIENT_CONFIRMATION_OK"
13623,10143830022,10143830067,1,"IOTHUB_CLIENT_CONFIRMATION_OK"
13624,10143830222,10143830258,1,"IOTHUB_CLIENT_CONFIRMATION_OK"
13625,10143830422,10143830464,1,"IOTHUB_CLIENT_CONFIRMATION_OK"
13626,10143830622,10143830665,1,"IOTHUB_CLIENT_CONFIRMATION_OK"
13627,10143830823,10143831024,1,"IOTHUB_CLIENT_CONFIRMATION_OK"
13628,10143831023,10143831058,1,"IOTHUB_CLIENT_CONFIRMATION_OK"
13629,10143831223,10143831262,1,"IOTHUB_CLIENT_CONFIRMATION_OK"
13630,10143831423,10143831459,1,"IOTHUB_CLIENT_CONFIRMATION_OK"
13631,10143831623,10143831659,1,"IOTHUB_CLIENT_CONFIRMATION_OK"
13632,10143831824,10143831858,1,"IOTHUB_CLIENT_CONFIRMATION_OK"
13633,10143832024,10143832059,1,"IOTHUB_CLIENT_CONFIRMATION_OK"
13634,10143832224,10143832255,1,"IOTHUB_CLIENT_CONFIRMATION_OK"
13635,10143832424,10143832472,1,"IOTHUB_CLIENT_CONFIRMATION_OK"
13636,10143832624,10143832691,1,"IOTHUB_CLIENT_CONFIRMATION_OK"
13637,10143832824,10143832859,1,"IOTHUB_CLIENT_CONFIRMATION_OK"
13638,10143833025,10143833080,1,"IOTHUB_CLIENT_CONFIRMATION_OK"
13639,10143833225,10143833261,1,"IOTHUB_CLIENT_CONFIRMATION_OK"
13640,10143833425,10143833458,1,"IOTHUB_CLIENT_CONFIRMATION_OK"
13641,10143833625,10143833684,1,"IOTHUB_CLIENT_CONFIRMATION_OK"
13642,10143833825,10143833868,1,"IOTHUB_CLIENT_CONFIRMATION_OK"
13643,10143834025,10143834062,1,"IOTHUB_CLIENT_CONFIRMATION_OK"
13644,10143834226,10143834326,1,"IOTHUB_CLIENT_CONFIRMATION_OK"
13645,10143834426,10143834461,1,"IOTHUB_CLIENT_CONFIRMATION_OK"
13646,10143834626,10143834662,1,"IOTHUB_CLIENT_CONFIRMATION_OK"
13647,10143834826,10143834863,1,"IOTHUB_CLIENT_CONFIRMATION_OK"
13648,10143835026,10143835065,1,"IOTHUB_CLIENT_CONFIRMATION_OK"
13649,10143835226,10143835387,1,"IOTHUB_CLIENT_CONFIRMATION_OK"
13650,10143835426,10143835468,1,"IOTHUB_CLIENT_CONFIRMATION_OK"
13651,10143835627,10143835660,1,"IOTHUB_CLIENT_CONFIRMATION_OK"
13652,10143835827,10143835981,1,"IOTHUB_CLIENT_CONFIRMATION_OK"
13653,10143836027,10143836064,1,"IOTHUB_CLIENT_CONFIRMATION_OK"
13654,10143836227,10143836263,1,"IOTHUB_CLIENT_CONFIRMATION_OK"
13655,10143836427,10143836581,1,"IOTHUB_CLIENT_CONFIRMATION_OK"
13656,10143836627,10143836675,1,"IOTHUB_CLIENT_CONFIRMATION_OK"
13657,10143836827,10143836907,1,"IOTHUB_CLIENT_CONFIRMATION_OK"
13658,10143837028,10143837069,1,"IOTHUB_CLIENT_CONFIRMATION_OK"
13659,10143837228,10143837266,1,"IOTHUB_CLIENT_CONFIRMATION_OK"
13660,10143837428,10143837498,1,"IOTHUB_CLIENT_CONFIRMATION_OK"
13661,10143837628,10143837670,1,"IOTHUB_CLIENT_CONFIRMATION_OK"
13662,10143837828,10143837881,1,"IOTHUB_CLIENT_CONFIRMATION_OK"
13663,10143838028,10143838199,1,"IOTHUB_CLIENT_CONFIRMATION_OK"
13664,10143838228,10143838262,1,"IOTHUB_CLIENT_CONFIRMATION_OK"
13665,10143838429,10143838461,1,"IOTHUB_CLIENT_CONFIRMATION_OK"
13666,10143838629,10143838674,1,"IOTHUB_CLIENT_CONFIRMATION_OK"
13667,10143838829,10143838862,1,"IOTHUB_CLIENT_CONFIRMATION_OK"
13668,10143839029,10143839069,1,"IOTHUB_CLIENT_CONFIRMATION_OK"
13669,10143839229,10143839269,1,"IOTHUB_CLIENT_CONFIRMATION_OK"
13670,10143839429,10143839466,1,"IOTHUB_CLIENT_CONFIRMATION_OK"
13671,10143839630,10143839661,1,"IOTHUB_CLIENT_CONFIRMATION_OK"
13672,10143839830,10143839958,1,"IOTHUB_CLIENT_CONFIRMATION_OK"
13673,10143840030,10143840066,1,"IOTHUB_CLIENT_CONFIRMATION_OK"
13674,10143840230,10143840459,1,"IOTHUB_CLIENT_CONFIRMATION_OK"
13675,10143840430,10143840480,1,"IOTHUB_CLIENT_CONFIRMATION_OK"
13676,10143840630,10143840676,1,"IOTHUB_CLIENT_CONFIRMATION_OK"
13677,10143840831,10143840880,1,"IOTHUB_CLIENT_CONFIRMATION_OK"
13678,10143841031,10143841067,1,"IOTHUB_CLIENT_CONFIRMATION_OK"
13679,10143841231,10143841273,1,"IOTHUB_CLIENT_CONFIRMATION_OK"
13680,10143841431,10143841506,1,"IOTHUB_CLIENT_CONFIRMATION_OK"
13681,10143841631,10143841669,1,"IOTHUB_CLIENT_CONFIRMATION_OK"
13682,10143841831,10143841868,1,"IOTHUB_CLIENT_CONFIRMATION_OK"
13683,10143842031,10143842111,1,"IOTHUB_CLIENT_CONFIRMATION_OK"
13684,10143842232,10143842271,1,"IOTHUB_CLIENT_CONFIRMATION_OK"
13685,10143842432,10143842471,1,"IOTHUB_CLIENT_CONFIRMATION_OK"
13686,10143842632,10143842668,1,"IOTHUB_CLIENT_CONFIRMATION_OK"
13687,10143842832,10143842883,1,"IOTHUB_CLIENT_CONFIRMATION_OK"
13688,10143843032,10143843128,1,"IOTHUB_CLIENT_CONFIRMATION_OK"
13689,10143843232,10143843271,1,"IOTHUB_CLIENT_CONFIRMATION_OK"
13690,10143843433,10143843548,1,"IOTHUB_CLIENT_CONFIRMATION_OK"
13691,10143843633,10143843765,1,"IOTHUB_CLIENT_CONFIRMATION_OK"
13692,10143843833,10143843882,1,"IOTHUB_CLIENT_CONFIRMATION_OK"
13693,10143844033,10143844077,1,"IOTHUB_CLIENT_CONFIRMATION_OK"
13694,10143844233,10143844265,1,"IOTHUB_CLIENT_CONFIRMATION_OK"
13695,10143844433,10143844471,1,"IOTHUB_CLIENT_CONFIRMATION_OK"
13696,10143844634,10143844677,1,"IOTHUB_CLIENT_CONFIRMATION_OK"
13697,10143844834,10143844874,1,"IOTHUB_CLIENT_CONFIRMATION_OK"
13698,10143845034,10143845070,1,"IOTHUB_CLIENT_CONFIRMATION_OK"
13699,10143845234,10143845432,1,"IOTHUB_CLIENT_CONFIRMATION_OK"
13700,10143845434,10143845473,1,"IOTHUB_CLIENT_CONFIRMATION_OK"
13701,10143845634,10143845670,1,"IOTHUB_CLIENT_CONFIRMATION_OK"
13702,10143845835,10143846029,1,"IOTHUB_CLIENT_CONFIRMATION_OK"
13703,10143846035,10143846087,1,"IOTHUB_CLIENT_CONFIRMATION_OK"
13704,10143846235,10143846283,1,"IOTHUB_CLIENT_CONFIRMATION_OK"
13705,10143846435,10143846473,1,"IOTHUB_CLIENT_CONFIRMATION_OK"
13706,10143846635,10143846730,1,"IOTHUB_CLIENT_CONFIRMATION_OK"
13707,10143846835,10143846871,1,"IOTHUB_CLIENT_CONFIRMATION_OK"
13708,10143847035,10143847086,1,"IOTHUB_CLIENT_CONFIRMATION_OK"
13709,10143847236,10143847276,1,"IOTHUB_CLIENT_CONFIRMATION_OK"
13710,10143847436,10143847486,1,"IOTHUB_CLIENT_CONFIRMATION_OK"
13711,10143847636,10143847691,1,"IOTHUB_CLIENT_CONFIRMATION_OK"
13712,10143847836,10143847876,1,"IOTHUB_CLIENT_CONFIRMATION_OK"
13713,10143848036,10143848072,1,"IOTHUB_CLIENT_CONFIRMATION_OK"
13714,10143848236,10143848271,1,"IOTHUB_CLIENT_CONFIRMATION_OK"
13715,10143848436,10143848479,1,"IOTHUB_CLIENT_CONFIRMATION_OK"
13716,10143848637,10143848674,1,"IOTHUB_CLIENT_CONFIRMATION_OK"
13717,10143848837,10143848893,1,"IOTHUB_CLIENT_CONFIRMATION_OK"
13718,10143849037,10143849071,1,"IOTHUB_CLIENT_CONFIRMATION_OK"
13719,10143849237,10143849295,1,"IOTHUB_CLIENT_CONFIRMATION_OK"
13720,10143849437,10143849474,1,"IOTHUB_CLIENT_CONFIRMATION_OK"
13721,10143849638,10143849679,1,"IOTHUB_CLIENT_CONFIRMATION_OK"
13722,10143849838,10143849901,1,"IOTHUB_CLIENT_CONFIRMATION_OK"
13723,10143850038,10143850074,1,"IOTHUB_CLIENT_CONFIRMATION_OK"
13724,10143850238,10143850286,1,"IOTHUB_CLIENT_CONFIRMATION_OK"
13725,10143850438,10143850474,1,"IOTHUB_CLIENT_CONFIRMATION_OK"
13726,10143850638,10143850679,1,"IOTHUB_CLIENT_CONFIRMATION_OK"
13727,10143850839,10143850910,1,"IOTHUB_CLIENT_CONFIRMATION_OK"
13728,10143851039,10143851077,1,"IOTHUB_CLIENT_CONFIRMATION_OK"
13729,10143851239,10143851274,1,"IOTHUB_CLIENT_CONFIRMATION_OK"
13730,10143851439,10143851519,1,"IOTHUB_CLIENT_CONFIRMATION_OK"
13731,10143851640,10143851686,1,"IOTHUB_CLIENT_CONFIRMATION_OK"
13732,10143851840,10143851881,1,"IOTHUB_CLIENT_CONFIRMATION_OK"
13733,10143852040,10143852128,1,"IOTHUB_CLIENT_CONFIRMATION_OK"
13734,10143852240,10143852283,1,"IOTHUB_CLIENT_CONFIRMATION_OK"
13735,10143852440,10143852534,1,"IOTHUB_CLIENT_CONFIRMATION_OK"
13736,10143852640,10143852692,1,"IOTHUB_CLIENT_CONFIRMATION_OK"
13737,10143852840,10143852873,1,"IOTHUB_CLIENT_CONFIRMATION_OK"
13738,10143853041,10143853139,1,"IOTHUB_CLIENT_CONFIRMATION_OK"
13739,10143853241,10143853281,1,"IOTHUB_CLIENT_CONFIRMATION_OK"
13740,10143853441,10143853480,1,"IOTHUB_CLIENT_CONFIRMATION_OK"
13741,10143853641,10143853679,1,"IOTHUB_CLIENT_CONFIRMATION_OK"
13742,10143853841,10143853889,1,"IOTHUB_CLIENT_CONFIRMATION_OK"
13743,10143854041,10143854083,1,"IOTHUB_CLIENT_CONFIRMATION_OK"
13744,10143854241,10143854285,1,"IOTHUB_CLIENT_CONFIRMATION_OK"
13745,10143854442,10143854482,1,"IOTHUB_CLIENT_CONFIRMATION_OK"
13746,10143854642,10143854676,1,"IOTHUB_CLIENT_CONFIRMATION_OK"
13747,10143854842,10143854881,1,"IOTHUB_CLIENT_CONFIRMATION_OK"
13748,10143855042,10143855080,1,"IOTHUB_CLIENT_CONFIRMATION_OK"
13749,10143855242,10143855446,1,"IOTHUB_CLIENT_CONFIRMATION_OK"
13750,10143855442,10143855481,1,"IOTHUB_CLIENT_CONFIRMATION_OK"
13751,10143855643,10143855679,1,"IOTHUB_CLIENT_CONFIRMATION_OK"
13752,10143855843,10143855910,1,"IOTHUB_CLIENT_CONFIRMATION_OK"
13753,10143856043,10143856085,1,"IOTHUB_CLIENT_CONFIRMATION_OK"
13754,10143856243,10143856278,1,"IOTHUB_CLIENT_CONFIRMATION_OK"
13755,10143856443,10143856538,1,"IOTHUB_CLIENT_CONFIRMATION_OK"
13756,10143856643,10143856685,1,"IOTHUB_CLIENT_CONFIRMATION_OK"
13757,10143856843,10143856888,1,"IOTHUB_CLIENT_CONFIRMATION_OK"
13758,10143857044,10143857096,1,"IOTHUB_CLIENT_CONFIRMATION_OK"
13759,10143857244,10143857284,1,"IOTHUB_CLIENT_CONFIRMATION_OK"
13760,10143857444,10143857483,1,"IOTHUB_CLIENT_CONFIRMATION_OK"
13761,10143857644,10143857683,1,"IOTHUB_CLIENT_CONFIRMATION_OK"
13762,10143857844,10143857882,1,"IOTHUB_CLIENT_CONFIRMATION_OK"
13763,10143858044,10143858111,1,"IOTHUB_CLIENT_CONFIRMATION_OK"
13764,10143858244,10143858282,1,"IOTHUB_CLIENT_CONFIRMATION_OK"
13765,10143858445,10143858479,1,"IOTHUB_CLIENT_CONFIRMATION_OK"
13766,10143858645,10143858724,1,"IOTHUB_CLIENT_CONFIRMATION_OK"
13767,10143858845,10143858878,1,"IOTHUB_CLIENT_CONFIRMATION_OK"
13768,10143859045,10143859082,1,"IOTHUB_CLIENT_CONFIRMATION_OK"
13769,10143859245,10143859330,1,"IOTHUB_CLIENT_CONFIRMATION_OK"
13770,10143859445,10143859485,1,"IOTHUB_CLIENT_CONFIRMATION_OK"
13771,10143859645,10143859686,1,"IOTHUB_CLIENT_CONFIRMATION_OK"
13772,10143859846,10143859888,1,"IOTHUB_CLIENT_CONFIRMATION_OK"
13773,10143860046,10143860081,1,"IOTHUB_CLIENT_CONFIRMATION_OK"
13774,10143860246,10143860374,1,"IOTHUB_CLIENT_CONFIRMATION_OK"
13775,10143860446,10143860490,1,"IOTHUB_CLIENT_CONFIRMATION_OK"
13776,10143860646,10143860695,1,"IOTHUB_CLIENT_CONFIRMATION_OK"
13777,10143860846,10143860991,1,"IOTHUB_CLIENT_CONFIRMATION_OK"
13778,10143861047,10143861089,1,"IOTHUB_CLIENT_CONFIRMATION_OK"
13779,10143861247,10143861288,1,"IOTHUB_CLIENT_CONFIRMATION_OK"
13780,10143861447,10143861598,1,"IOTHUB_CLIENT_CONFIRMATION_OK"
13781,10143861647,10143861682,1,"IOTHUB_CLIENT_CONFIRMATION_OK"
13782,10143861847,10143861926,1,"IOTHUB_CLIENT_CONFIRMATION_OK"
13783,10143862047,10143862103,1,"IOTHUB_CLIENT_CONFIRMATION_OK"
13784,10143862247,10143862610,1,"IOTHUB_CLIENT_CONFIRMATION_OK"
13785,10143862448,10143862861,1,"IOTHUB_CLIENT_CONFIRMATION_OK"
13786,10143862648,10143863120,1,"IOTHUB_CLIENT_CONFIRMATION_OK"
13787,10143862848,10143863237,1,"IOTHUB_CLIENT_CONFIRMATION_OK"
13788,10143863048,10143863262,1,"IOTHUB_CLIENT_CONFIRMATION_OK"
13789,10143863248,10143863291,1,"IOTHUB_CLIENT_CONFIRMATION_OK"
13790,10143863448,10143863490,1,"IOTHUB_CLIENT_CONFIRMATION_OK"
13791,10143863649,10143863682,1,"IOTHUB_CLIENT_CONFIRMATION_OK"
13792,10143863849,10143863883,1,"IOTHUB_CLIENT_CONFIRMATION_OK"
13793,10143864049,10143864091,1,"IOTHUB_CLIENT_CONFIRMATION_OK"
13794,10143864249,10143864282,1,"IOTHUB_CLIENT_CONFIRMATION_OK"
13795,10143864449,10143864490,1,"IOTHUB_CLIENT_CONFIRMATION_OK"
13796,10143864649,10143864691,1,"IOTHUB_CLIENT_CONFIRMATION_OK"
13797,10143864850,10143864889,1,"IOTHUB_CLIENT_CONFIRMATION_OK"
13798,10143865050,10143865108,1,"IOTHUB_CLIENT_CONFIRMATION_OK"
13799,10143865250,10143865294,1,"IOTHUB_CLIENT_CONFIRMATION_OK"
13800,10143865450,10143865485,1,"IOTHUB_CLIENT_CONFIRMATION_OK"
13801,10143865651,10143865694,1,"IOTHUB_CLIENT_CONFIRMATION_OK"
13802,10143865851,10143865897,1,"IOTHUB_CLIENT_CONFIRMATION_OK"
13803,10143866051,10143866088,1,"IOTHUB_CLIENT_CONFIRMATION_OK"
13804,10143866251,10143866283,1,"IOTHUB_CLIENT_CONFIRMATION_OK"
13805,10143866451,10143866493,1,"IOTHUB_CLIENT_CONFIRMATION_OK"
13806,10143866651,10143866725,1,"IOTHUB_CLIENT_CONFIRMATION_OK"
13807,10143866852,10143866891,1,"IOTHUB_CLIENT_CONFIRMATION_OK"
13808,10143867052,10143867099,1,"IOTHUB_CLIENT_CONFIRMATION_OK"
13809,10143867252,10143867289,1,"IOTHUB_CLIENT_CONFIRMATION_OK"
13810,10143867452,10143867511,1,"IOTHUB_CLIENT_CONFIRMATION_OK"
13811,10143867652,10143867694,1,"IOTHUB_CLIENT_CONFIRMATION_OK"
13812,10143867852,10143867892,1,"IOTHUB_CLIENT_CONFIRMATION_OK"
13813,10143868053,10143868121,1,"IOTHUB_CLIENT_CONFIRMATION_OK"
13814,10143868253,10143868286,1,"IOTHUB_CLIENT_CONFIRMATION_OK"
13815,10143868453,10143868485,1,"IOTHUB_CLIENT_CONFIRMATION_OK"
13816,10143868653,10143868722,1,"IOTHUB_CLIENT_CONFIRMATION_OK"
13817,10143868853,10143868887,1,"IOTHUB_CLIENT_CONFIRMATION_OK"
13818,10143869053,10143869097,1,"IOTHUB_CLIENT_CONFIRMATION_OK"
13819,10143869254,10143869335,1,"IOTHUB_CLIENT_CONFIRMATION_OK"
13820,10143869454,10143869493,1,"IOTHUB_CLIENT_CONFIRMATION_OK"
13821,10143869654,10143869689,1,"IOTHUB_CLIENT_CONFIRMATION_OK"
13822,10143869854,10143869899,1,"IOTHUB_CLIENT_CONFIRMATION_OK"
13823,10143870054,10143870090,1,"IOTHUB_CLIENT_CONFIRMATION_OK"
13824,10143870255,10143870346,1,"IOTHUB_CLIENT_CONFIRMATION_OK"
13825,10143870455,10143870488,1,"IOTHUB_CLIENT_CONFIRMATION_OK"
13826,10143870655,10143870699,1,"IOTHUB_CLIENT_CONFIRMATION_OK"
13827,10143870855,10143870965,1,"IOTHUB_CLIENT_CONFIRMATION_OK"
13828,10143871055,10143871105,1,"IOTHUB_CLIENT_CONFIRMATION_OK"
13829,10143871255,10143871295,1,"IOTHUB_CLIENT_CONFIRMATION_OK"
13830,10143871455,10143871568,1,"IOTHUB_CLIENT_CONFIRMATION_OK"
13831,10143871656,10143871710,1,"IOTHUB_CLIENT_CONFIRMATION_OK"
13832,10143871856,10143871898,1,"IOTHUB_CLIENT_CONFIRMATION_OK"
13833,10143872056,10143872089,1,"IOTHUB_CLIENT_CONFIRMATION_OK"
13834,10143872256,10143872297,1,"IOTHUB_CLIENT_CONFIRMATION_OK"
13835,10143872456,10143872585,1,"IOTHUB_CLIENT_CONFIRMATION_OK"
13836,10143872656,10143872706,1,"IOTHUB_CLIENT_CONFIRMATION_OK"
13837,10143872857,10143872962,1,"IOTHUB_CLIENT_CONFIRMATION_OK"
13838,10143873057,10143873231,1,"IOTHUB_CLIENT_CONFIRMATION_OK"
13839,10143873257,10143873296,1,"IOTHUB_CLIENT_CONFIRMATION_OK"
13840,10143873457,10143873501,1,"IOTHUB_CLIENT_CONFIRMATION_OK"
13841,10143873657,10143873690,1,"IOTHUB_CLIENT_CONFIRMATION_OK"
13842,10143873857,10143873896,1,"IOTHUB_CLIENT_CONFIRMATION_OK"
13843,10143874057,10143874098,1,"IOTHUB_CLIENT_CONFIRMATION_OK"
13844,10143874258,10143874293,1,"IOTHUB_CLIENT_CONFIRMATION_OK"
13845,10143874458,10143874496,1,"IOTHUB_CLIENT_CONFIRMATION_OK"
13846,10143874658,10143874695,1,"IOTHUB_CLIENT_CONFIRMATION_OK"
13847,10143874858,10143874892,1,"IOTHUB_CLIENT_CONFIRMATION_OK"
13848,10143875058,10143875100,1,"IOTHUB_CLIENT_CONFIRMATION_OK"
13849,10143875259,10143875469,1,"IOTHUB_CLIENT_CONFIRMATION_OK"
13850,10143875459,10143875505,1,"IOTHUB_CLIENT_CONFIRMATION_OK"
13851,10143875659,10143875697,1,"IOTHUB_CLIENT_CONFIRMATION_OK"
13852,10143875859,10143875898,1,"IOTHUB_CLIENT_CONFIRMATION_OK"
13853,10143876059,10143876098,1,"IOTHUB_CLIENT_CONFIRMATION_OK"
13854,10143876259,10143876305,1,"IOTHUB_CLIENT_CONFIRMATION_OK"
13855,10143876459,10143876515,1,"IOTHUB_CLIENT_CONFIRMATION_OK"
13856,10143876660,10143876693,1,"IOTHUB_CLIENT_CONFIRMATION_OK"
13857,10143876860,10143876893,1,"IOTHUB_CLIENT_CONFIRMATION_OK"
13858,10143877060,10143877122,1,"IOTHUB_CLIENT_CONFIRMATION_OK"
13859,10143877260,10143877292,1,"IOTHUB_CLIENT_CONFIRMATION_OK"
13860,10143877460,10143877504,1,"IOTHUB_CLIENT_CONFIRMATION_OK"
13861,10143877660,10143877723,1,"IOTHUB_CLIENT_CONFIRMATION_OK"
13862,10143877860,10143877899,1,"IOTHUB_CLIENT_CONFIRMATION_OK"
13863,10143878061,10143878117,1,"IOTHUB_CLIENT_CONFIRMATION_OK"
13864,10143878261,10143878300,1,"IOTHUB_CLIENT_CONFIRMATION_OK"
13865,10143878461,10143878506,1,"IOTHUB_CLIENT_CONFIRMATION_OK"
13866,10143878661,10143878780,1,"IOTHUB_CLIENT_CONFIRMATION_OK"
13867,10143878861,10143878895,1,"IOTHUB_CLIENT_CONFIRMATION_OK"
13868,10143879062,10143879114,1,"IOTHUB_CLIENT_CONFIRMATION_OK"
13869,10143879262,10143879337,1,"IOTHUB_CLIENT_CONFIRMATION_OK"
13870,10143879462,10143879517,1,"IOTHUB_CLIENT_CONFIRMATION_OK"
13871,10143879662,10143879701,1,"IOTHUB_CLIENT_CONFIRMATION_OK"
13872,10143879862,10143879901,1,"IOTHUB_CLIENT_CONFIRMATION_OK"
13873,10143880062,10143880104,1,"IOTHUB_CLIENT_CONFIRMATION_OK"
13874,10143880262,10143880351,1,"IOTHUB_CLIENT_CONFIRMATION_OK"
13875,10143880463,10143880496,1,"IOTHUB_CLIENT_CONFIRMATION_OK"
13876,10143880663,10143880696,1,"IOTHUB_CLIENT_CONFIRMATION_OK"
13877,10143880863,10143880961,1,"IOTHUB_CLIENT_CONFIRMATION_OK"
13878,10143881063,10143881113,1,"IOTHUB_CLIENT_CONFIRMATION_OK"
13879,10143881263,10143881340,1,"IOTHUB_CLIENT_CONFIRMATION_OK"
13880,10143881463,10143881596,1,"IOTHUB_CLIENT_CONFIRMATION_OK"
13881,10143881664,10143881708,1,"IOTHUB_CLIENT_CONFIRMATION_OK"
13882,10143881864,10143881902,1,"IOTHUB_CLIENT_CONFIRMATION_OK"
13883,10143882064,10143882098,1,"IOTHUB_CLIENT_CONFIRMATION_OK"
13884,10143882264,10143882302,1,"IOTHUB_CLIENT_CONFIRMATION_OK"
13885,10143882464,10143882587,1,"IOTHUB_CLIENT_CONFIRMATION_OK"
13886,10143882664,10143882709,1,"IOTHUB_CLIENT_CONFIRMATION_OK"
13887,10143882865,10143882904,1,"IOTHUB_CLIENT_CONFIRMATION_OK"
13888,10143883065,10143883200,1,"IOTHUB_CLIENT_CONFIRMATION_OK"
13889,10143883265,10143883308,1,"IOTHUB_CLIENT_CONFIRMATION_OK"
13890,10143883465,10143883505,1,"IOTHUB_CLIENT_CONFIRMATION_OK"
13891,10143883665,10143883806,1,"IOTHUB_CLIENT_CONFIRMATION_OK"
13892,10143883865,10143883902,1,"IOTHUB_CLIENT_CONFIRMATION_OK"
13893,10143884066,10143884115,1,"IOTHUB_CLIENT_CONFIRMATION_OK"
13894,10143884266,10143884345,1,"IOTHUB_CLIENT_CONFIRMATION_OK"
13895,10143884466,10143884502,1,"IOTHUB_CLIENT_CONFIRMATION_OK"
13896,10143884666,10143884741,1,"IOTHUB_CLIENT_CONFIRMATION_OK"
13897,10143884866,10143885000,1,"IOTHUB_CLIENT_CONFIRMATION_OK"
13898,10143885066,10143885110,1,"IOTHUB_CLIENT_CONFIRMATION_OK"
13899,10143885266,10143885422,1,"IOTHUB_CLIENT_CONFIRMATION_OK"
13900,10143885467,10143885589,1,"IOTHUB_CLIENT_CONFIRMATION_OK"
13901,10143885667,10143885733,1,"IOTHUB_CLIENT_CONFIRMATION_OK"
13902,10143885867,10143886071,1,"IOTHUB_CLIENT_CONFIRMATION_OK"
13903,10143886067,10143886104,1,"IOTHUB_CLIENT_CONFIRMATION_OK"
13904,10143886267,10143886305,1,"IOTHUB_CLIENT_CONFIRMATION_OK"
13905,10143886467,10143886529,1,"IOTHUB_CLIENT_CONFIRMATION_OK"
13906,10143886667,10143886720,1,"IOTHUB_CLIENT_CONFIRMATION_OK"
13907,10143886868,10143886923,1,"IOTHUB_CLIENT_CONFIRMATION_OK"
13908,10143887068,10143887104,1,"IOTHUB_CLIENT_CONFIRMATION_OK"
13909,10143887268,10143887304,1,"IOTHUB_CLIENT_CONFIRMATION_OK"
13910,10143887468,10143887709,1,"IOTHUB_CLIENT_CONFIRMATION_OK"
13911,10143887668,10143887737,1,"IOTHUB_CLIENT_CONFIRMATION_OK"
13912,10143887868,10143887905,1,"IOTHUB_CLIENT_CONFIRMATION_OK"
13913,10143888068,10143888148,1,"IOTHUB_CLIENT_CONFIRMATION_OK"
13914,10143888269,10143888303,1,"IOTHUB_CLIENT_CONFIRMATION_OK"
13915,10143888469,10143888507,1,"IOTHUB_CLIENT_CONFIRMATION_OK"
13916,10143888669,10143888744,1,"IOTHUB_CLIENT_CONFIRMATION_OK"
13917,10143888869,10143888913,1,"IOTHUB_CLIENT_CONFIRMATION_OK"
13918,10143889069,10143889114,1,"IOTHUB_CLIENT_CONFIRMATION_OK"
13919,10143889269,10143889392,1,"IOTHUB_CLIENT_CONFIRMATION_OK"
13920,10143889470,10143889514,1,"IOTHUB_CLIENT_CONFIRMATION_OK"
13921,10143889670,10143889710,1,"IOTHUB_CLIENT_CONFIRMATION_OK"
13922,10143889870,10143889910,1,"IOTHUB_CLIENT_CONFIRMATION_OK"
13923,10143890070,10143890118,1,"IOTHUB_CLIENT_CONFIRMATION_OK"
13924,10143890270,10143890399,1,"IOTHUB_CLIENT_CONFIRMATION_OK"
13925,10143890470,10143890511,1,"IOTHUB_CLIENT_CONFIRMATION_OK"
13926,10143890671,10143890712,1,"IOTHUB_CLIENT_CONFIRMATION_OK"
13927,10143890871,10143891006,1,"IOTHUB_CLIENT_CONFIRMATION_OK"
13928,10143891071,10143891108,1,"IOTHUB_CLIENT_CONFIRMATION_OK"
13929,10143891271,10143891325,1,"IOTHUB_CLIENT_CONFIRMATION_OK"
13930,10143891471,10143891506,1,"IOTHUB_CLIENT_CONFIRMATION_OK"
13931,10143891671,10143891714,1,"IOTHUB_CLIENT_CONFIRMATION_OK"
13932,10143891871,10143891909,1,"IOTHUB_CLIENT_CONFIRMATION_OK"
13933,10143892072,10143892108,1,"IOTHUB_CLIENT_CONFIRMATION_OK"
13934,10143892272,10143892311,1,"IOTHUB_CLIENT_CONFIRMATION_OK"
13935,10143892472,10143892648,1,"IOTHUB_CLIENT_CONFIRMATION_OK"
13936,10143892672,10143892729,1,"IOTHUB_CLIENT_CONFIRMATION_OK"
13937,10143892872,10143892916,1,"IOTHUB_CLIENT_CONFIRMATION_OK"
13938,10143893072,10143893113,1,"IOTHUB_CLIENT_CONFIRMATION_OK"
13939,10143893273,10143893315,1,"IOTHUB_CLIENT_CONFIRMATION_OK"
13940,10143893473,10143893506,1,"IOTHUB_CLIENT_CONFIRMATION_OK"
13941,10143893673,10143893719,1,"IOTHUB_CLIENT_CONFIRMATION_OK"
13942,10143893873,10143893912,1,"IOTHUB_CLIENT_CONFIRMATION_OK"
13943,10143894073,10143894121,1,"IOTHUB_CLIENT_CONFIRMATION_OK"
13944,10143894273,10143894308,1,"IOTHUB_CLIENT_CONFIRMATION_OK"
13945,10143894474,10143894508,1,"IOTHUB_CLIENT_CONFIRMATION_OK"
13946,10143894674,10143894816,1,"IOTHUB_CLIENT_CONFIRMATION_OK"
13947,10143894874,10143894914,1,"IOTHUB_CLIENT_CONFIRMATION_OK"
13948,10143895074,10143895114,1,"IOTHUB_CLIENT_CONFIRMATION_OK"
13949,10143895274,10143895519,1,"IOTHUB_CLIENT_CONFIRMATION_OK"
13950,10143895474,10143895546,1,"IOTHUB_CLIENT_CONFIRMATION_OK"
13951,10143895674,10143895720,1,"IOTHUB_CLIENT_CONFIRMATION_OK"
13952,10143895875,10143895923,1,"IOTHUB_CLIENT_CONFIRMATION_OK"
13953,10143896075,10143896115,1,"IOTHUB_CLIENT_CONFIRMATION_OK"
13954,10143896275,10143896317,1,"IOTHUB_CLIENT_CONFIRMATION_OK"
13955,10143896475,10143896508,1,"IOTHUB_CLIENT_CONFIRMATION_OK"
13956,10143896675,10143896716,1,"IOTHUB_CLIENT_CONFIRMATION_OK"
13957,10143896875,10143896916,1,"IOTHUB_CLIENT_CONFIRMATION_OK"
13958,10143897076,10143897110,1,"IOTHUB_CLIENT_CONFIRMATION_OK"
13959,10143897276,10143897310,1,"IOTHUB_CLIENT_CONFIRMATION_OK"
13960,10143897476,10143897515,1,"IOTHUB_CLIENT_CONFIRMATION_OK"
13961,10143897676,10143897718,1,"IOTHUB_CLIENT_CONFIRMATION_OK"
13962,10143897876,10143897913,1,"IOTHUB_CLIENT_CONFIRMATION_OK"
13963,10143898076,10143898116,1,"IOTHUB_CLIENT_CONFIRMATION_OK"
13964,10143898277,10143898313,1,"IOTHUB_CLIENT_CONFIRMATION_OK"
13965,10143898477,10143898515,1,"IOTHUB_CLIENT_CONFIRMATION_OK"
13966,10143898677,10143898731,1,"IOTHUB_CLIENT_CONFIRMATION_OK"
13967,10143898877,10143898912,1,"IOTHUB_CLIENT_CONFIRMATION_OK"
13968,10143899077,10143899114,1,"IOTHUB_CLIENT_CONFIRMATION_OK"
13969,10143899277,10143899325,1,"IOTHUB_CLIENT_CONFIRMATION_OK"
13970,10143899477,10143899513,1,"IOTHUB_CLIENT_CONFIRMATION_OK"
13971,10143899678,10143899743,1,"IOTHUB_CLIENT_CONFIRMATION_OK"
13972,10143899878,10143899915,1,"IOTHUB_CLIENT_CONFIRMATION_OK"
13973,10143900078,10143900114,1,"IOTHUB_CLIENT_CONFIRMATION_OK"
13974,10143900278,10143900363,1,"IOTHUB_CLIENT_CONFIRMATION_OK"
13975,10143900478,10143900519,1,"IOTHUB_CLIENT_CONFIRMATION_OK"
13976,10143900678,10143900736,1,"IOTHUB_CLIENT_CONFIRMATION_OK"
13977,10143900879,10143901075,1,"IOTHUB_CLIENT_CONFIRMATION_OK"
13978,10143901079,10143901132,1,"IOTHUB_CLIENT_CONFIRMATION_OK"
13979,10143901279,10143901313,1,"IOTHUB_CLIENT_CONFIRMATION_OK"
13980,10143901479,10143901520,1,"IOTHUB_CLIENT_CONFIRMATION_OK"
13981,10143901679,10143901720,1,"IOTHUB_CLIENT_CONFIRMATION_OK"
13982,10143901879,10143901994,1,"IOTHUB_CLIENT_CONFIRMATION_OK"
13983,10143902079,10143902120,1,"IOTHUB_CLIENT_CONFIRMATION_OK"
13984,10143902280,10143902313,1,"IOTHUB_CLIENT_CONFIRMATION_OK"
13985,10143902480,10143902621,1,"IOTHUB_CLIENT_CONFIRMATION_OK"
13986,10143902680,10143902717,1,"IOTHUB_CLIENT_CONFIRMATION_OK"
13987,10143902880,10143902927,1,"IOTHUB_CLIENT_CONFIRMATION_OK"
13988,10143903081,10143903248,1,"IOTHUB_CLIENT_CONFIRMATION_OK"
13989,10143903281,10143903350,1,"IOTHUB_CLIENT_CONFIRMATION_OK"
13990,10143903481,10143903524,1,"IOTHUB_CLIENT_CONFIRMATION_OK"
13991,10143903681,10143903728,1,"IOTHUB_CLIENT_CONFIRMATION_OK"
13992,10143903881,10143903928,1,"IOTHUB_CLIENT_CONFIRMATION_OK"
13993,10143904081,10143904124,1,"IOTHUB_CLIENT_CONFIRMATION_OK"
13994,10143904281,10143904343,1,"IOTHUB_CLIENT_CONFIRMATION_OK"
13995,10143904482,10143904526,1,"IOTHUB_CLIENT_CONFIRMATION_OK"
13996,10143904682,10143904776,1,"IOTHUB_CLIENT_CONFIRMATION_OK"
13997,10143904882,10143904917,1,"IOTHUB_CLIENT_CONFIRMATION_OK"
13998,10143905082,10143905117,1,"IOTHUB_CLIENT_CONFIRMATION_OK"
13999,10143905282,10143905410,1,"IOTHUB_CLIENT_CONFIRMATION_OK"
14000,10143905482,10143905626,1,"IOTHUB_CLIENT_CONFIRMATION_OK"
14001,10143905683,10143905721,1,"IOTHUB_CLIENT_CONFIRMATION_OK"
14002,10143905883,10143905922,1,"IOTHUB_CLIENT_CONFIRMATION_OK"
14003,10143906083,10143906123,1,"IOTHUB_CLIENT_CONFIRMATION_OK"
14004,10143906283,10143906339,1,"IOTHUB_CLIENT_CONFIRMATION_OK"
14005,10143906484,10143906620,1,"IOTHUB_CLIENT_CONFIRMATION_OK"
14006,10143906684,10143906727,1,"IOTHUB_CLIENT_CONFIRMATION_OK"
14007,10143906884,10143907047,1,"IOTHUB_CLIENT_CONFIRMATION_OK"
14008,10143907084,10143907138,1,"IOTHUB_CLIENT_CONFIRMATION_OK"
14009,10143907284,10143907323,1,"IOTHUB_CLIENT_CONFIRMATION_OK"
14010,10143907484,10143907657,1,"IOTHUB_CLIENT_CONFIRMATION_OK"
14011,10143907685,10143907725,1,"IOTHUB_CLIENT_CONFIRMATION_OK"
14012,10143907885,10143907934,1,"IOTHUB_CLIENT_CONFIRMATION_OK"
14013,10143908085,10143908126,1,"IOTHUB_CLIENT_CONFIRMATION_OK"
14014,10143908285,10143908348,1,"IOTHUB_CLIENT_CONFIRMATION_OK"
14015,10143908485,10143908522,1,"IOTHUB_CLIENT_CONFIRMATION_OK"
14016,10143908685,10143908726,1,"IOTHUB_CLIENT_CONFIRMATION_OK"
14017,10143908885,10143908932,1,"IOTHUB_CLIENT_CONFIRMATION_OK"
14018,10143909086,10143909121,1,"IOTHUB_CLIENT_CONFIRMATION_OK"
14019,10143909286,10143909347,1,"IOTHUB_CLIENT_CONFIRMATION_OK"
14020,10143909486,10143909528,1,"IOTHUB_CLIENT_CONFIRMATION_OK"
14021,10143909686,10143909890,1,"IOTHUB_CLIENT_CONFIRMATION_OK"
14022,10143909886,10143909927,1,"IOTHUB_CLIENT_CONFIRMATION_OK"
14023,10143910086,10143910125,1,"IOTHUB_CLIENT_CONFIRMATION_OK"
14024,10143910287,10143910350,1,"IOTHUB_CLIENT_CONFIRMATION_OK"
14025,10143910487,10143910532,1,"IOTHUB_CLIENT_CONFIRMATION_OK"
14026,10143910687,10143910730,1,"IOTHUB_CLIENT_CONFIRMATION_OK"
14027,10143910887,10143910923,1,"IOTHUB_CLIENT_CONFIRMATION_OK"
14028,10143911087,10143911148,1,"IOTHUB_CLIENT_CONFIRMATION_OK"
14029,10143911287,10143911326,1,"IOTHUB_CLIENT_CONFIRMATION_OK"
14030,10143911488,10143911529,1,"IOTHUB_CLIENT_CONFIRMATION_OK"
14031,10143911688,10143911756,1,"IOTHUB_CLIENT_CONFIRMATION_OK"
14032,10143911888,10143911931,1,"IOTHUB_CLIENT_CONFIRMATION_OK"
14033,10143912088,10143912163,1,"IOTHUB_CLIENT_CONFIRMATION_OK"
14034,10143912288,10143912322,1,"IOTHUB_CLIENT_CONFIRMATION_OK"
14035,10143912488,10143912563,1,"IOTHUB_CLIENT_CONFIRMATION_OK"
14036,10143912688,10143912722,1,"IOTHUB_CLIENT_CONFIRMATION_OK"
14037,10143912889,10143912929,1,"IOTHUB_CLIENT_CONFIRMATION_OK"
14038,10143913089,10143913182,1,"IOTHUB_CLIENT_CONFIRMATION_OK"
14039,10143913289,10143913327,1,"IOTHUB_CLIENT_CONFIRMATION_OK"
14040,10143913489,10143913531,1,"IOTHUB_CLIENT_CONFIRMATION_OK"
14041,10143913689,10143913732,1,"IOTHUB_CLIENT_CONFIRMATION_OK"
14042,10143913889,10143913932,1,"IOTHUB_CLIENT_CONFIRMATION_OK"
14043,10143914090,10143914176,1,"IOTHUB_CLIENT_CONFIRMATION_OK"
14044,10143914290,10143914324,1,"IOTHUB_CLIENT_CONFIRMATION_OK"
14045,10143914490,10143914526,1,"IOTHUB_CLIENT_CONFIRMATION_OK"
14046,10143914690,10143914808,1,"IOTHUB_CLIENT_CONFIRMATION_OK"
14047,10143914890,10143914943,1,"IOTHUB_CLIENT_CONFIRMATION_OK"
14048,10143915090,10143915133,1,"IOTHUB_CLIENT_CONFIRMATION_OK"
14049,10143915290,10143915403,1,"IOTHUB_CLIENT_CONFIRMATION_OK"
14050,10143915491,10143915525,1,"IOTHUB_CLIENT_CONFIRMATION_OK"
14051,10143915691,10143915732,1,"IOTHUB_CLIENT_CONFIRMATION_OK"
14052,10143915891,10143915980,1,"IOTHUB_CLIENT_CONFIRMATION_OK"
14053,10143916091,10143916130,1,"IOTHUB_CLIENT_CONFIRMATION_OK"
14054,10143916291,10143916332,1,"IOTHUB_CLIENT_CONFIRMATION_OK"
14055,10143916491,10143916527,1,"IOTHUB_CLIENT_CONFIRMATION_OK"
14056,10143916692,10143916728,1,"IOTHUB_CLIENT_CONFIRMATION_OK"
14057,10143916892,10143917057,1,"IOTHUB_CLIENT_CONFIRMATION_OK"
14058,10143917092,10143917127,1,"IOTHUB_CLIENT_CONFIRMATION_OK"
14059,10143917292,10143917325,1,"IOTHUB_CLIENT_CONFIRMATION_OK"
14060,10143917492,10143917698,1,"IOTHUB_CLIENT_CONFIRMATION_OK"
14061,10143917692,10143917733,1,"IOTHUB_CLIENT_CONFIRMATION_OK"
14062,10143917892,10143917928,1,"IOTHUB_CLIENT_CONFIRMATION_OK"
14063,10143918093,10143918128,1,"IOTHUB_CLIENT_CONFIRMATION_OK"
14064,10143918293,10143918339,1,"IOTHUB_CLIENT_CONFIRMATION_OK"
14065,10143918493,10143918527,1,"IOTHUB_CLIENT_CONFIRMATION_OK"
14066,10143918693,10143918737,1,"IOTHUB_CLIENT_CONFIRMATION_OK"
14067,10143918893,10143918989,1,"IOTHUB_CLIENT_CONFIRMATION_OK"
14068,10143919093,10143919273,1,"IOTHUB_CLIENT_CONFIRMATION_OK"
14069,10143919293,10143919338,1,"IOTHUB_CLIENT_CONFIRMATION_OK"
14070,10143919494,10143919529,1,"IOTHUB_CLIENT_CONFIRMATION_OK"
14071,10143919694,10143919730,1,"IOTHUB_CLIENT_CONFIRMATION_OK"
14072,10143919894,10143919949,1,"IOTHUB_CLIENT_CONFIRMATION_OK"
14073,10143920094,10143920129,1,"IOTHUB_CLIENT_CONFIRMATION_OK"
14074,10143920294,10143920332,1,"IOTHUB_CLIENT_CONFIRMATION_OK"
14075,10143920494,10143920543,1,"IOTHUB_CLIENT_CONFIRMATION_OK"
14076,10143920694,10143920736,1,"IOTHUB_CLIENT_CONFIRMATION_OK"
14077,10143920895,10143920964,1,"IOTHUB_CLIENT_CONFIRMATION_OK"
14078,10143921095,10143921139,1,"IOTHUB_CLIENT_CONFIRMATION_OK"
14079,10143921295,10143921336,1,"IOTHUB_CLIENT_CONFIRMATION_OK"
14080,10143921495,10143921532,1,"IOTHUB_CLIENT_CONFIRMATION_OK"
14081,10143921695,10143921742,1,"IOTHUB_CLIENT_CONFIRMATION_OK"
14082,10143921895,10143921938,1,"IOTHUB_CLIENT_CONFIRMATION_OK"
14083,10143922096,10143922149,1,"IOTHUB_CLIENT_CONFIRMATION_OK"
14084,10143922296,10143922342,1,"IOTHUB_CLIENT_CONFIRMATION_OK"
14085,10143922496,10143922552,1,"IOTHUB_CLIENT_CONFIRMATION_OK"
14086,10143922696,10143922735,1,"IOTHUB_CLIENT_CONFIRMATION_OK"
14087,10143922896,10143922958,1,"IOTHUB_CLIENT_CONFIRMATION_OK"
14088,10143923096,10143923171,1,"IOTHUB_CLIENT_CONFIRMATION_OK"
14089,10143923296,10143923340,1,"IOTHUB_CLIENT_CONFIRMATION_OK"
14090,10143923497,10143923538,1,"IOTHUB_CLIENT_CONFIRMATION_OK"
14091,10143923697,10143923739,1,"IOTHUB_CLIENT_CONFIRMATION_OK"
14092,10143923897,10143923937,1,"IOTHUB_CLIENT_CONFIRMATION_OK"
14093,10143924097,10143924170,1,"IOTHUB_CLIENT_CONFIRMATION_OK"
14094,10143924297,10143924360,1,"IOTHUB_CLIENT_CONFIRMATION_OK"
14095,10143924497,10143924548,1,"IOTHUB_CLIENT_CONFIRMATION_OK"
14096,10143924698,10143924793,1,"IOTHUB_CLIENT_CONFIRMATION_OK"
14097,10143924898,10143924937,1,"IOTHUB_CLIENT_CONFIRMATION_OK"
14098,10143925098,10143925133,1,"IOTHUB_CLIENT_CONFIRMATION_OK"
14099,10143925298,10143925394,1,"IOTHUB_CLIENT_CONFIRMATION_OK"
14100,10143925499,10143925539,1,"IOTHUB_CLIENT_CONFIRMATION_OK"
14101,10143925699,10143925739,1,"IOTHUB_CLIENT_CONFIRMATION_OK"
14102,10143925899,10143925960,1,"IOTHUB_CLIENT_CONFIRMATION_OK"
14103,10143926099,10143926141,1,"IOTHUB_CLIENT_CONFIRMATION_OK"
14104,10143926299,10143926405,1,"IOTHUB_CLIENT_CONFIRMATION_OK"
14105,10143926499,10143926543,1,"IOTHUB_CLIENT_CONFIRMATION_OK"
14106,10143926699,10143926734,1,"IOTHUB_CLIENT_CONFIRMATION_OK"
14107,10143926900,10143927037,1,"IOTHUB_CLIENT_CONFIRMATION_OK"
14108,10143927100,10143927140,1,"IOTHUB_CLIENT_CONFIRMATION_OK"
14109,10143927300,10143927336,1,"IOTHUB_CLIENT_CONFIRMATION_OK"
14110,10143927500,10143927634,1,"IOTHUB_CLIENT_CONFIRMATION_OK"
14111,10143927700,10143927740,1,"IOTHUB_CLIENT_CONFIRMATION_OK"
14112,10143927900,10143927941,1,"IOTHUB_CLIENT_CONFIRMATION_OK"
14113,10143928101,10143928145,1,"IOTHUB_CLIENT_CONFIRMATION_OK"
14114,10143928301,10143928340,1,"IOTHUB_CLIENT_CONFIRMATION_OK"
14115,10143928501,10143928542,1,"IOTHUB_CLIENT_CONFIRMATION_OK"
14116,10143928701,10143928752,1,"IOTHUB_CLIENT_CONFIRMATION_OK"
14117,10143928901,10143928941,1,"IOTHUB_CLIENT_CONFIRMATION_OK"
14118,10143929101,10143929268,1,"IOTHUB_CLIENT_CONFIRMATION_OK"
14119,10143929302,10143929338,1,"IOTHUB_CLIENT_CONFIRMATION_OK"
14120,10143929502,10143929536,1,"IOTHUB_CLIENT_CONFIRMATION_OK"
14121,10143929702,10143929744,1,"IOTHUB_CLIENT_CONFIRMATION_OK"
14122,10143929902,10143929941,1,"IOTHUB_CLIENT_CONFIRMATION_OK"
14123,10143930102,10143930147,1,"IOTHUB_CLIENT_CONFIRMATION_OK"
14124,10143930303,10143930332,1,"IOTHUB_CLIENT_CONFIRMATION_OK"
14125,10143930503,10143930541,1,"IOTHUB_CLIENT_CONFIRMATION_OK"
14126,10143930703,10143930740,1,"IOTHUB_CLIENT_CONFIRMATION_OK"
14127,10143930903,10143930943,1,"IOTHUB_CLIENT_CONFIRMATION_OK"
14128,10143931103,10143931143,1,"IOTHUB_CLIENT_CONFIRMATION_OK"
14129,10143931303,10143931500,1,"IOTHUB_CLIENT_CONFIRMATION_OK"
14130,10143931504,10143931546,1,"IOTHUB_CLIENT_CONFIRMATION_OK"
14131,10143931704,10143931746,1,"IOTHUB_CLIENT_CONFIRMATION_OK"
14132,10143931904,10143931940,1,"IOTHUB_CLIENT_CONFIRMATION_OK"
14133,10143932104,10143932162,1,"IOTHUB_CLIENT_CONFIRMATION_OK"
14134,10143932304,10143932347,1,"IOTHUB_CLIENT_CONFIRMATION_OK"
14135,10143932504,10143932541,1,"IOTHUB_CLIENT_CONFIRMATION_OK"
14136,10143932704,10143932743,1,"IOTHUB_CLIENT_CONFIRMATION_OK"
14137,10143932905,10143932947,1,"IOTHUB_CLIENT_CONFIRMATION_OK"
14138,10143933105,10143933142,1,"IOTHUB_CLIENT_CONFIRMATION_OK"
14139,10143933305,10143933343,1,"IOTHUB_CLIENT_CONFIRMATION_OK"
14140,10143933505,10143933552,1,"IOTHUB_CLIENT_CONFIRMATION_OK"
14141,10143933705,10143933749,1,"IOTHUB_CLIENT_CONFIRMATION_OK"
14142,10143933905,10143933945,1,"IOTHUB_CLIENT_CONFIRMATION_OK"
14143,10143934106,10143934141,1,"IOTHUB_CLIENT_CONFIRMATION_OK"
14144,10143934306,10143934391,1,"IOTHUB_CLIENT_CONFIRMATION_OK"
14145,10143934506,10143934541,1,"IOTHUB_CLIENT_CONFIRMATION_OK"
14146,10143934706,10143934758,1,"IOTHUB_CLIENT_CONFIRMATION_OK"
14147,10143934906,10143934942,1,"IOTHUB_CLIENT_CONFIRMATION_OK"
14148,10143935106,10143935145,1,"IOTHUB_CLIENT_CONFIRMATION_OK"
14149,10143935307,10143935409,1,"IOTHUB_CLIENT_CONFIRMATION_OK"
14150,10143935507,10143935558,1,"IOTHUB_CLIENT_CONFIRMATION_OK"
14151,10143935707,10143935745,1,"IOTHUB_CLIENT_CONFIRMATION_OK"
14152,10143935907,10143935945,1,"IOTHUB_CLIENT_CONFIRMATION_OK"
14153,10143936107,10143936166,1,"IOTHUB_CLIENT_CONFIRMATION_OK"
14154,10143936307,10143936385,1,"IOTHUB_CLIENT_CONFIRMATION_OK"
14155,10143936507,10143936550,1,"IOTHUB_CLIENT_CONFIRMATION_OK"
14156,10143936708,10143936744,1,"IOTHUB_CLIENT_CONFIRMATION_OK"
14157,10143936908,10143936983,1,"IOTHUB_CLIENT_CONFIRMATION_OK"
14158,10143937108,10143937161,1,"IOTHUB_CLIENT_CONFIRMATION_OK"
14159,10143937308,10143937385,1,"IOTHUB_CLIENT_CONFIRMATION_OK"
14160,10143937508,10143937598,1,"IOTHUB_CLIENT_CONFIRMATION_OK"
14161,10143937708,10143937751,1,"IOTHUB_CLIENT_CONFIRMATION_OK"
14162,10143937909,10143937983,1,"IOTHUB_CLIENT_CONFIRMATION_OK"
14163,10143938109,10143938147,1,"IOTHUB_CLIENT_CONFIRMATION_OK"
14164,10143938309,10143938347,1,"IOTHUB_CLIENT_CONFIRMATION_OK"
14165,10143938509,10143938617,1,"IOTHUB_CLIENT_CONFIRMATION_OK"
14166,10143938709,10143938743,1,"IOTHUB_CLIENT_CONFIRMATION_OK"
14167,10143938909,10143938947,1,"IOTHUB_CLIENT_CONFIRMATION_OK"
14168,10143939110,10143939241,1,"IOTHUB_CLIENT_CONFIRMATION_OK"
14169,10143939310,10143939345,1,"IOTHUB_CLIENT_CONFIRMATION_OK"
14170,10143939510,10143939551,1,"IOTHUB_CLIENT_CONFIRMATION_OK"
14171,10143939710,10143939868,1,"IOTHUB_CLIENT_CONFIRMATION_OK"
14172,10143939910,10143939953,1,"IOTHUB_CLIENT_CONFIRMATION_OK"
14173,10143940110,10143940147,1,"IOTHUB_CLIENT_CONFIRMATION_OK"
14174,10143940310,10143940353,1,"IOTHUB_CLIENT_CONFIRMATION_OK"
14175,10143940511,10143940555,1,"IOTHUB_CLIENT_CONFIRMATION_OK"
14176,10143940711,10143940750,1,"IOTHUB_CLIENT_CONFIRMATION_OK"
14177,10143940911,10143940953,1,"IOTHUB_CLIENT_CONFIRMATION_OK"
14178,10143941111,10143941154,1,"IOTHUB_CLIENT_CONFIRMATION_OK"
14179,10143941311,10143941470,1,"IOTHUB_CLIENT_CONFIRMATION_OK"
14180,10143941511,10143941550,1,"IOTHUB_CLIENT_CONFIRMATION_OK"
14181,10143941712,10143941752,1,"IOTHUB_CLIENT_CONFIRMATION_OK"
14182,10143941912,10143942113,1,"IOTHUB_CLIENT_CONFIRMATION_OK"
14183,10143942112,10143942153,1,"IOTHUB_CLIENT_CONFIRMATION_OK"
14184,10143942312,10143942349,1,"IOTHUB_CLIENT_CONFIRMATION_OK"
14185,10143942512,10143942548,1,"IOTHUB_CLIENT_CONFIRMATION_OK"
14186,10143942712,10143942753,1,"IOTHUB_CLIENT_CONFIRMATION_OK"
14187,10143942912,10143942951,1,"IOTHUB_CLIENT_CONFIRMATION_OK"
14188,10143943113,10143943144,1,"IOTHUB_CLIENT_CONFIRMATION_OK"
14189,10143943313,10143943351,1,"IOTHUB_CLIENT_CONFIRMATION_OK"
14190,10143943513,10143943719,1,"IOTHUB_CLIENT_CONFIRMATION_OK"
14191,10143943713,10143943749,1,"IOTHUB_CLIENT_CONFIRMATION_OK"
14192,10143943913,10143943951,1,"IOTHUB_CLIENT_CONFIRMATION_OK"
14193,10143944113,10143944154,1,"IOTHUB_CLIENT_CONFIRMATION_OK"
14194,10143944314,10143944350,1,"IOTHUB_CLIENT_CONFIRMATION_OK"
14195,10143944514,10143944608,1,"IOTHUB_CLIENT_CONFIRMATION_OK"
14196,10143944714,10143944750,1,"IOTHUB_CLIENT_CONFIRMATION_OK"
14197,10143944914,10143944955,1,"IOTHUB_CLIENT_CONFIRMATION_OK"
14198,10143945114,10143945155,1,"IOTHUB_CLIENT_CONFIRMATION_OK"
14199,10143945314,10143945358,1,"IOTHUB_CLIENT_CONFIRMATION_OK"
14200,10143945515,10143945562,1,"IOTHUB_CLIENT_CONFIRMATION_OK"
14201,10143945715,10143945758,1,"IOTHUB_CLIENT_CONFIRMATION_OK"
14202,10143945915,10143945964,1,"IOTHUB_CLIENT_CONFIRMATION_OK"
14203,10143946115,10143946149,1,"IOTHUB_CLIENT_CONFIRMATION_OK"
14204,10143946315,10143946357,1,"IOTHUB_CLIENT_CONFIRMATION_OK"
14205,10143946515,10143946558,1,"IOTHUB_CLIENT_CONFIRMATION_OK"
14206,10143946715,10143946778,1,"IOTHUB_CLIENT_CONFIRMATION_OK"
14207,10143946916,10143946991,1,"IOTHUB_CLIENT_CONFIRMATION_OK"
14208,10143947116,10143947156,1,"IOTHUB_CLIENT_CONFIRMATION_OK"
14209,10143947316,10143947359,1,"IOTHUB_CLIENT_CONFIRMATION_OK"
14210,10143947516,10143947616,1,"IOTHUB_CLIENT_CONFIRMATION_OK"
14211,10143947716,10143947755,1,"IOTHUB_CLIENT_CONFIRMATION_OK"
14212,10143947916,10143947957,1,"IOTHUB_CLIENT_CONFIRMATION_OK"
14213,10143948117,10143948158,1,"IOTHUB_CLIENT_CONFIRMATION_OK"
14214,10143948317,10143948360,1,"IOTHUB_CLIENT_CONFIRMATION_OK"
14215,10143948517,10143948615,1,"IOTHUB_CLIENT_CONFIRMATION_OK"
14216,10143948717,10143948756,1,"IOTHUB_CLIENT_CONFIRMATION_OK"
14217,10143948917,10143948960,1,"IOTHUB_CLIENT_CONFIRMATION_OK"
14218,10143949117,10143949222,1,"IOTHUB_CLIENT_CONFIRMATION_OK"
14219,10143949318,10143949357,1,"IOTHUB_CLIENT_CONFIRMATION_OK"
14220,10143949518,10143949568,1,"IOTHUB_CLIENT_CONFIRMATION_OK"
14221,10143949718,10143949839,1,"IOTHUB_CLIENT_CONFIRMATION_OK"
14222,10143949918,10143949958,1,"IOTHUB_CLIENT_CONFIRMATION_OK"
14223,10143950118,10143950156,1,"IOTHUB_CLIENT_CONFIRMATION_OK"
14224,10143950318,10143950354,1,"IOTHUB_CLIENT_CONFIRMATION_OK"
14225,10143950518,10143950569,1,"IOTHUB_CLIENT_CONFIRMATION_OK"
14226,10143950719,10143950758,1,"IOTHUB_CLIENT_CONFIRMATION_OK"
14227,10143950919,10143950956,1,"IOTHUB_CLIENT_CONFIRMATION_OK"
14228,10143951119,10143951163,1,"IOTHUB_CLIENT_CONFIRMATION_OK"
14229,10143951319,10143951462,1,"IOTHUB_CLIENT_CONFIRMATION_OK"
14230,10143951519,10143951560,1,"IOTHUB_CLIENT_CONFIRMATION_OK"
14231,10143951719,10143951755,1,"IOTHUB_CLIENT_CONFIRMATION_OK"
14232,10143951920,10143952105,1,"IOTHUB_CLIENT_CONFIRMATION_OK"
14233,10143952120,10143952165,1,"IOTHUB_CLIENT_CONFIRMATION_OK"
14234,10143952320,10143952377,1,"IOTHUB_CLIENT_CONFIRMATION_OK"
14235,10143952520,10143952557,1,"IOTHUB_CLIENT_CONFIRMATION_OK"
14236,10143952720,10143952756,1,"IOTHUB_CLIENT_CONFIRMATION_OK"
14237,10143952920,10143952965,1,"IOTHUB_CLIENT_CONFIRMATION_OK"
14238,10143953120,10143953161,1,"IOTHUB_CLIENT_CONFIRMATION_OK"
14239,10143953321,10143953362,1,"IOTHUB_CLIENT_CONFIRMATION_OK"
14240,10143953521,10143953723,1,"IOTHUB_CLIENT_CONFIRMATION_OK"
14241,10143953721,10143953762,1,"IOTHUB_CLIENT_CONFIRMATION_OK"
14242,10143953921,10143953982,1,"IOTHUB_CLIENT_CONFIRMATION_OK"
14243,10143954121,10143954159,1,"IOTHUB_CLIENT_CONFIRMATION_OK"
14244,10143954321,10143954361,1,"IOTHUB_CLIENT_CONFIRMATION_OK"
14245,10143954522,10143954559,1,"IOTHUB_CLIENT_CONFIRMATION_OK"
14246,10143954722,10143954760,1,"IOTHUB_CLIENT_CONFIRMATION_OK"
14247,10143954922,10143954962,1,"IOTHUB_CLIENT_CONFIRMATION_OK"
14248,10143955122,10143955167,1,"IOTHUB_CLIENT_CONFIRMATION_OK"
14249,10143955322,10143955361,1,"IOTHUB_CLIENT_CONFIRMATION_OK"
14250,10143955522,10143955577,1,"IOTHUB_CLIENT_CONFIRMATION_OK"
14251,10143955723,10143955776,1,"IOTHUB_CLIENT_CONFIRMATION_OK"
14252,10143955923,10143955967,1,"IOTHUB_CLIENT_CONFIRMATION_OK"
14253,10143956123,10143956160,1,"IOTHUB_CLIENT_CONFIRMATION_OK"
14254,10143956323,10143956361,1,"IOTHUB_CLIENT_CONFIRMATION_OK"
14255,10143956523,10143956589,1,"IOTHUB_CLIENT_CONFIRMATION_OK"
14256,10143956723,10143956763,1,"IOTHUB_CLIENT_CONFIRMATION_OK"
14257,10143956923,10143956994,1,"IOTHUB_CLIENT_CONFIRMATION_OK"
14258,10143957124,10143957160,1,"IOTHUB_CLIENT_CONFIRMATION_OK"
14259,10143957324,10143957364,1,"IOTHUB_CLIENT_CONFIRMATION_OK"
14260,10143957524,10143957582,1,"IOTHUB_CLIENT_CONFIRMATION_OK"
14261,10143957724,10143957765,1,"IOTHUB_CLIENT_CONFIRMATION_OK"
14262,10143957924,10143957970,1,"IOTHUB_CLIENT_CONFIRMATION_OK"
14263,10143958124,10143958172,1,"IOTHUB_CLIENT_CONFIRMATION_OK"
14264,10143958325,10143958362,1,"IOTHUB_CLIENT_CONFIRMATION_OK"
14265,10143958525,10143958585,1,"IOTHUB_CLIENT_CONFIRMATION_OK"
14266,10143958725,10143958795,1,"IOTHUB_CLIENT_CONFIRMATION_OK"
14267,10143958925,10143959035,1,"IOTHUB_CLIENT_CONFIRMATION_OK"
14268,10143959125,10143959222,1,"IOTHUB_CLIENT_CONFIRMATION_OK"
14269,10143959325,10143959367,1,"IOTHUB_CLIENT_CONFIRMATION_OK"
14270,10143959526,10143959569,1,"IOTHUB_CLIENT_CONFIRMATION_OK"
14271,10143959726,10143959845,1,"IOTHUB_CLIENT_CONFIRMATION_OK"
14272,10143959926,10143959970,1,"IOTHUB_CLIENT_CONFIRMATION_OK"
14273,10143960126,10143960168,1,"IOTHUB_CLIENT_CONFIRMATION_OK"
14274,10143960326,10143960367,1,"IOTHUB_CLIENT_CONFIRMATION_OK"
14275,10143960526,10143960593,1,"IOTHUB_CLIENT_CONFIRMATION_OK"
14276,10143960726,10143960768,1,"IOTHUB_CLIENT_CONFIRMATION_OK"
14277,10143960927,10143960963,1,"IOTHUB_CLIENT_CONFIRMATION_OK"
14278,10143961127,10143961170,1,"IOTHUB_CLIENT_CONFIRMATION_OK"
14279,10143961327,10143961456,1,"IOTHUB_CLIENT_CONFIRMATION_OK"
14280,10143961527,10143961572,1,"IOTHUB_CLIENT_CONFIRMATION_OK"
14281,10143961727,10143961771,1,"IOTHUB_CLIENT_CONFIRMATION_OK"
14282,10143961927,10143962064,1,"IOTHUB_CLIENT_CONFIRMATION_OK"
14283,10143962128,10143962165,1,"IOTHUB_CLIENT_CONFIRMATION_OK"
14284,10143962328,10143962372,1,"IOTHUB_CLIENT_CONFIRMATION_OK"
14285,10143962528,10143962565,1,"IOTHUB_CLIENT_CONFIRMATION_OK"
14286,10143962728,10143962769,1,"IOTHUB_CLIENT_CONFIRMATION_OK"
14287,10143962928,10143962965,1,"IOTHUB_CLIENT_CONFIRMATION_OK"
14288,10143963128,10143963186,1,"IOTHUB_CLIENT_CONFIRMATION_OK"
14289,10143963328,10143963386,1,"IOTHUB_CLIENT_CONFIRMATION_OK"
14290,10143963529,10143963691,1,"IOTHUB_CLIENT_CONFIRMATION_OK"
14291,10143963729,10143963769,1,"IOTHUB_CLIENT_CONFIRMATION_OK"
14292,10143963929,10143963995,1,"IOTHUB_CLIENT_CONFIRMATION_OK"
14293,10143964129,10143964305,1,"IOTHUB_CLIENT_CONFIRMATION_OK"
14294,10143964329,10143964432,1,"IOTHUB_CLIENT_CONFIRMATION_OK"
14295,10143964529,10143964573,1,"IOTHUB_CLIENT_CONFIRMATION_OK"
14296,10143964730,10143964767,1,"IOTHUB_CLIENT_CONFIRMATION_OK"
14297,10143964930,10143964969,1,"IOTHUB_CLIENT_CONFIRMATION_OK"
14298,10143965130,10143965180,1,"IOTHUB_CLIENT_CONFIRMATION_OK"
14299,10143965330,10143965370,1,"IOTHUB_CLIENT_CONFIRMATION_OK"
14300,10143965530,10143965584,1,"IOTHUB_CLIENT_CONFIRMATION_OK"
14301,10143965731,10143965790,1,"IOTHUB_CLIENT_CONFIRMATION_OK"
14302,10143965931,10143965972,1,"IOTHUB_CLIENT_CONFIRMATION_OK"
14303,10143966131,10143966168,1,"IOTHUB_CLIENT_CONFIRMATION_OK"
14304,10143966331,10143966377,1,"IOTHUB_CLIENT_CONFIRMATION_OK"
14305,10143966531,10143966584,1,"IOTHUB_CLIENT_CONFIRMATION_OK"
14306,10143966731,10143966781,1,"IOTHUB_CLIENT_CONFIRMATION_OK"
14307,10143966931,10143967012,1,"IOTHUB_CLIENT_CONFIRMATION_OK"
14308,10143967132,10143967236,1,"IOTHUB_CLIENT_CONFIRMATION_OK"
14309,10143967332,10143967596,1,"IOTHUB_CLIENT_CONFIRMATION_OK"
14310,10143967532,10143968007,1,"IOTHUB_CLIENT_CONFIRMATION_OK"
14311,10143967732,10143968112,1,"IOTHUB_CLIENT_CONFIRMATION_OK"
14312,10143967932,10143968248,1,"IOTHUB_CLIENT_CONFIRMATION_OK"
14313,10143968132,10143968270,1,"IOTHUB_CLIENT_CONFIRMATION_OK"
14314,10143968333,10143968376,1,"IOTHUB_CLIENT_CONFIRMATION_OK"
14315,10143968533,10143968656,1,"IOTHUB_CLIENT_CONFIRMATION_OK"
14316,10143968733,10143968774,1,"IOTHUB_CLIENT_CONFIRMATION_OK"
14317,10143968933,10143968972,1,"IOTHUB_CLIENT_CONFIRMATION_OK"
14318,10143969133,10143969240,1,"IOTHUB_CLIENT_CONFIRMATION_OK"
14319,10143969333,10143969372,1,"IOTHUB_CLIENT_CONFIRMATION_OK"
14320,10143969534,10143969577,1,"IOTHUB_CLIENT_CONFIRMATION_OK"
14321,10143969734,10143969863,1,"IOTHUB_CLIENT_CONFIRMATION_OK"
14322,10143969934,10143969974,1,"IOTHUB_CLIENT_CONFIRMATION_OK"
14323,10143970134,10143970170,1,"IOTHUB_CLIENT_CONFIRMATION_OK"
14324,10143970334,10143970374,1,"IOTHUB_CLIENT_CONFIRMATION_OK"
14325,10143970534,10143970572,1,"IOTHUB_CLIENT_CONFIRMATION_OK"
14326,10143970735,10143970906,1,"IOTHUB_CLIENT_CONFIRMATION_OK"
14327,10143970935,10143970973,1,"IOTHUB_CLIENT_CONFIRMATION_OK"
14328,10143971135,10143971173,1,"IOTHUB_CLIENT_CONFIRMATION_OK"
14329,10143971335,10143971518,1,"IOTHUB_CLIENT_CONFIRMATION_OK"
14330,10143971535,10143971573,1,"IOTHUB_CLIENT_CONFIRMATION_OK"
14331,10143971735,10143971771,1,"IOTHUB_CLIENT_CONFIRMATION_OK"
14332,10143971935,10143971974,1,"IOTHUB_CLIENT_CONFIRMATION_OK"
14333,10143972136,10143972184,1,"IOTHUB_CLIENT_CONFIRMATION_OK"
14334,10143972336,10143972379,1,"IOTHUB_CLIENT_CONFIRMATION_OK"
14335,10143972536,10143972573,1,"IOTHUB_CLIENT_CONFIRMATION_OK"
14336,10143972736,10143972775,1,"IOTHUB_CLIENT_CONFIRMATION_OK"
14337,10143972936,10143972976,1,"IOTHUB_CLIENT_CONFIRMATION_OK"
14338,10143973136,10143973172,1,"IOTHUB_CLIENT_CONFIRMATION_OK"
14339,10143973337,10143973372,1,"IOTHUB_CLIENT_CONFIRMATION_OK"
14340,10143973537,10143973573,1,"IOTHUB_CLIENT_CONFIRMATION_OK"
14341,10143973737,10143973777,1,"IOTHUB_CLIENT_CONFIRMATION_OK"
14342,10143973937,10143973976,1,"IOTHUB_CLIENT_CONFIRMATION_OK"
14343,10143974137,10143974188,1,"IOTHUB_CLIENT_CONFIRMATION_OK"
14344,10143974337,10143974378,1,"IOTHUB_CLIENT_CONFIRMATION_OK"
14345,10143974537,10143974588,1,"IOTHUB_CLIENT_CONFIRMATION_OK"
14346,10143974738,10143974778,1,"IOTHUB_CLIENT_CONFIRMATION_OK"
14347,10143974938,10143974985,1,"IOTHUB_CLIENT_CONFIRMATION_OK"
14348,10143975138,10143975176,1,"IOTHUB_CLIENT_CONFIRMATION_OK"
14349,10143975338,10143975380,1,"IOTHUB_CLIENT_CONFIRMATION_OK"
14350,10143975538,10143975586,1,"IOTHUB_CLIENT_CONFIRMATION_OK"
14351,10143975738,10143975785,1,"IOTHUB_CLIENT_CONFIRMATION_OK"
14352,10143975939,10143975978,1,"IOTHUB_CLIENT_CONFIRMATION_OK"
14353,10143976139,10143976177,1,"IOTHUB_CLIENT_CONFIRMATION_OK"
14354,10143976339,10143976392,1,"IOTHUB_CLIENT_CONFIRMATION_OK"
14355,10143976539,10143976577,1,"IOTHUB_CLIENT_CONFIRMATION_OK"
14356,10143976739,10143976781,1,"IOTHUB_CLIENT_CONFIRMATION_OK"
14357,10143976939,10143977012,1,"IOTHUB_CLIENT_CONFIRMATION_OK"
14358,10143977139,10143977180,1,"IOTHUB_CLIENT_CONFIRMATION_OK"
14359,10143977340,10143977376,1,"IOTHUB_CLIENT_CONFIRMATION_OK"
14360,10143977540,10143977622,1,"IOTHUB_CLIENT_CONFIRMATION_OK"
14361,10143977740,10143977781,1,"IOTHUB_CLIENT_CONFIRMATION_OK"
14362,10143977940,10143977974,1,"IOTHUB_CLIENT_CONFIRMATION_OK"
14363,10143978140,10143978175,1,"IOTHUB_CLIENT_CONFIRMATION_OK"
14364,10143978340,10143978378,1,"IOTHUB_CLIENT_CONFIRMATION_OK"
14365,10143978541,10143978629,1,"IOTHUB_CLIENT_CONFIRMATION_OK"
14366,10143978741,10143978776,1,"IOTHUB_CLIENT_CONFIRMATION_OK"
14367,10143978941,10143978997,1,"IOTHUB_CLIENT_CONFIRMATION_OK"
14368,10143979141,10143979250,1,"IOTHUB_CLIENT_CONFIRMATION_OK"
14369,10143979341,10143979384,1,"IOTHUB_CLIENT_CONFIRMATION_OK"
14370,10143979541,10143979574,1,"IOTHUB_CLIENT_CONFIRMATION_OK"
14371,10143979741,10143979853,1,"IOTHUB_CLIENT_CONFIRMATION_OK"
14372,10143979942,10143979981,1,"IOTHUB_CLIENT_CONFIRMATION_OK"
14373,10143980142,10143980182,1,"IOTHUB_CLIENT_CONFIRMATION_OK"
14374,10143980342,10143980377,1,"IOTHUB_CLIENT_CONFIRMATION_OK"
14375,10143980542,10143980581,1,"IOTHUB_CLIENT_CONFIRMATION_OK"
14376,10143980742,10143980866,1,"IOTHUB_CLIENT_CONFIRMATION_OK"
14377,10143980942,10143980977,1,"IOTHUB_CLIENT_CONFIRMATION_OK"
14378,10143981142,10143981191,1,"IOTHUB_CLIENT_CONFIRMATION_OK"
14379,10143981343,10143981475,1,"IOTHUB_CLIENT_CONFIRMATION_OK"
14380,10143981543,10143981582,1,"IOTHUB_CLIENT_CONFIRMATION_OK"
14381,10143981743,10143981801,1,"IOTHUB_CLIENT_CONFIRMATION_OK"
14382,10143981943,10143982088,1,"IOTHUB_CLIENT_CONFIRMATION_OK"
14383,10143982143,10143982182,1,"IOTHUB_CLIENT_CONFIRMATION_OK"
14384,10143982343,10143982393,1,"IOTHUB_CLIENT_CONFIRMATION_OK"
14385,10143982544,10143982579,1,"IOTHUB_CLIENT_CONFIRMATION_OK"
14386,10143982744,10143982791,1,"IOTHUB_CLIENT_CONFIRMATION_OK"
14387,10143982944,10143982985,1,"IOTHUB_CLIENT_CONFIRMATION_OK"
14388,10143983144,10143983182,1,"IOTHUB_CLIENT_CONFIRMATION_OK"
14389,10143983344,10143983383,1,"IOTHUB_CLIENT_CONFIRMATION_OK"
14390,10143983544,10143983714,1,"IOTHUB_CLIENT_CONFIRMATION_OK"
14391,10143983745,10143984090,1,"IOTHUB_CLIENT_CONFIRMATION_OK"
14392,10143983945,10143984199,1,"IOTHUB_CLIENT_CONFIRMATION_OK"
14394,10143984345,10143984518,1,"IOTHUB_CLIENT_CONFIRMATION_OK"
14395,10143984565,10143984606,1,"IOTHUB_CLIENT_CONFIRMATION_OK"
14396,10143984766,10143984875,1,"IOTHUB_CLIENT_CONFIRMATION_OK"
14397,10143984966,10143985019,1,"IOTHUB_CLIENT_CONFIRMATION_OK"
14398,10143985166,10143985204,1,"IOTHUB_CLIENT_CONFIRMATION_OK"
14399,10143985366,10143985434,1,"IOTHUB_CLIENT_CONFIRMATION_OK"
14400,10143985566,10143985613,1,"IOTHUB_CLIENT_CONFIRMATION_OK"
14401,10143985766,10143985878,1,"IOTHUB_CLIENT_CONFIRMATION_OK"
14402,10143985966,10143986002,1,"IOTHUB_CLIENT_CONFIRMATION_OK"
14403,10143986167,10143986223,1,"IOTHUB_CLIENT_CONFIRMATION_OK"
14404,10143986367,10143986491,1,"IOTHUB_CLIENT_CONFIRMATION_OK"
14405,10143986567,10143986603,1,"IOTHUB_CLIENT_CONFIRMATION_OK"
14406,10143986767,10143986804,1,"IOTHUB_CLIENT_CONFIRMATION_OK"
14407,10143986967,10143987017,1,"IOTHUB_CLIENT_CONFIRMATION_OK"
14408,10143987167,10143987202,1,"IOTHUB_CLIENT_CONFIRMATION_OK"
14409,10143987368,10143987501,1,"IOTHUB_CLIENT_CONFIRMATION_OK"
14410,10143987568,10143987603,1,"IOTHUB_CLIENT_CONFIRMATION_OK"
14411,10143987768,10143987814,1,"IOTHUB_CLIENT_CONFIRMATION_OK"
14412,10143987968,10143988116,1,"IOTHUB_CLIENT_CONFIRMATION_OK"
14413,10143988168,10143988221,1,"IOTHUB_CLIENT_CONFIRMATION_OK"
14414,10143988368,10143988404,1,"IOTHUB_CLIENT_CONFIRMATION_OK"
14415,10143988568,10143988604,1,"IOTHUB_CLIENT_CONFIRMATION_OK"
14416,10143988769,10143988813,1,"IOTHUB_CLIENT_CONFIRMATION_OK"
14417,10143988969,10143989009,1,"IOTHUB_CLIENT_CONFIRMATION_OK"
14418,10143989169,10143989205,1,"IOTHUB_CLIENT_CONFIRMATION_OK"
14419,10143989369,10143989406,1,"IOTHUB_CLIENT_CONFIRMATION_OK"
14420,10143989569,10143989747,1,"IOTHUB_CLIENT_CONFIRMATION_OK"
14421,10143989769,10143989809,1,"IOTHUB_CLIENT_CONFIRMATION_OK"
14422,10143989970,10143990010,1,"IOTHUB_CLIENT_CONFIRMATION_OK"
14423,10143990170,10143990257,1,"IOTHUB_CLIENT_CONFIRMATION_OK"
14424,10143990370,10143990440,1,"IOTHUB_CLIENT_CONFIRMATION_OK"
14425,10143990570,10143990606,1,"IOTHUB_CLIENT_CONFIRMATION_OK"
14426,10143990770,10143990817,1,"IOTHUB_CLIENT_CONFIRMATION_OK"
14427,10143990970,10143991037,1,"IOTHUB_CLIENT_CONFIRMATION_OK"
14428,10143991170,10143991247,1,"IOTHUB_CLIENT_CONFIRMATION_OK"
14429,10143991371,10143991421,1,"IOTHUB_CLIENT_CONFIRMATION_OK"
14430,10143991571,10143991612,1,"IOTHUB_CLIENT_CONFIRMATION_OK"
14431,10143991771,10143991868,1,"IOTHUB_CLIENT_CONFIRMATION_OK"
14432,10143991971,10143992035,1,"IOTHUB_CLIENT_CONFIRMATION_OK"
14433,10143992171,10143992208,1,"IOTHUB_CLIENT_CONFIRMATION_OK"
14434,10143992371,10143992410,1,"IOTHUB_CLIENT_CONFIRMATION_OK"
14435,10143992572,10143992610,1,"IOTHUB_CLIENT_CONFIRMATION_OK"
14436,10143992772,10143992867,1,"IOTHUB_CLIENT_CONFIRMATION_OK"
14437,10143992972,10143993006,1,"IOTHUB_CLIENT_CONFIRMATION_OK"
14438,10143993172,10143993200,1,"IOTHUB_CLIENT_CONFIRMATION_OK"
14439,10143993372,10143993495,1,"IOTHUB_CLIENT_CONFIRMATION_OK"
14440,10143993572,10143993610,1,"IOTHUB_CLIENT_CONFIRMATION_OK"
14441,10143993772,10143993813,1,"IOTHUB_CLIENT_CONFIRMATION_OK"
14442,10143993973,10143994012,1,"IOTHUB_CLIENT_CONFIRMATION_OK"
14443,10143994173,10143994214,1,"IOTHUB_CLIENT_CONFIRMATION_OK"
14444,10143994373,10143994501,1,"IOTHUB_CLIENT_CONFIRMATION_OK"
14445,10143994573,10143994625,1,"IOTHUB_CLIENT_CONFIRMATION_OK"
14446,10143994773,10143994818,1,"IOTHUB_CLIENT_CONFIRMATION_OK"
14447,10143994973,10143995126,1,"IOTHUB_CLIENT_CONFIRMATION_OK"
14448,10143995174,10143995207,1,"IOTHUB_CLIENT_CONFIRMATION_OK"
14449,10143995374,10143995420,1,"IOTHUB_CLIENT_CONFIRMATION_OK"
14450,10143995574,10143995663,1,"IOTHUB_CLIENT_CONFIRMATION_OK"
14451,10143995774,10143995812,1,"IOTHUB_CLIENT_CONFIRMATION_OK"
14452,10143995974,10143996023,1,"IOTHUB_CLIENT_CONFIRMATION_OK"
14453,10143996174,10143996216,1,"IOTHUB_CLIENT_CONFIRMATION_OK"
14454,10143996374,10143996437,1,"IOTHUB_CLIENT_CONFIRMATION_OK"
14455,10143996575,10143996620,1,"IOTHUB_CLIENT_CONFIRMATION_OK"
14456,10143996775,10143996808,1,"IOTHUB_CLIENT_CONFIRMATION_OK"
14457,10143996975,10143997036,1,"IOTHUB_CLIENT_CONFIRMATION_OK"
14458,10143997175,10143997220,1,"IOTHUB_CLIENT_CONFIRMATION_OK"
14459,10143997375,10143997414,1,"IOTHUB_CLIENT_CONFIRMATION_OK"
14460,10143997575,10143997617,1,"IOTHUB_CLIENT_CONFIRMATION_OK"
14461,10143997775,10143997813,1,"IOTHUB_CLIENT_CONFIRMATION_OK"
14462,10143997976,10143998011,1,"IOTHUB_CLIENT_CONFIRMATION_OK"
14463,10143998176,10143998239,1,"IOTHUB_CLIENT_CONFIRMATION_OK"
14464,10143998376,10143998419,1,"IOTHUB_CLIENT_CONFIRMATION_OK"
14465,10143998576,10143998616,1,"IOTHUB_CLIENT_CONFIRMATION_OK"
14466,10143998776,10143998855,1,"IOTHUB_CLIENT_CONFIRMATION_OK"
14467,10143998976,10143999018,1,"IOTHUB_CLIENT_CONFIRMATION_OK"
14468,10143999177,10143999258,1,"IOTHUB_CLIENT_CONFIRMATION_OK"
14469,10143999377,10143999415,1,"IOTHUB_CLIENT_CONFIRMATION_OK"
14470,10143999577,10143999628,1,"IOTHUB_CLIENT_CONFIRMATION_OK"
14471,10143999777,10143999864,1,"IOTHUB_CLIENT_CONFIRMATION_OK"
14472,10143999977,10144000073,1,"IOTHUB_CLIENT_CONFIRMATION_OK"
14473,10144000177,10144000210,1,"IOTHUB_CLIENT_CONFIRMATION_OK"
14474,10144000377,10144000411,1,"IOTHUB_CLIENT_CONFIRMATION_OK"
14475,10144000578,10144000628,1,"IOTHUB_CLIENT_CONFIRMATION_OK"
14476,10144000778,10144000914,1,"IOTHUB_CLIENT_CONFIRMATION_OK"
14477,10144000978,10144001018,1,"IOTHUB_CLIENT_CONFIRMATION_OK"
14478,10144001178,10144001221,1,"IOTHUB_CLIENT_CONFIRMATION_OK"
14479,10144001378,10144001519,1,"IOTHUB_CLIENT_CONFIRMATION_OK"
14480,10144001578,10144001627,1,"IOTHUB_CLIENT_CONFIRMATION_OK"
14481,10144001779,10144001817,1,"IOTHUB_CLIENT_CONFIRMATION_OK"
14482,10144001979,10144002016,1,"IOTHUB_CLIENT_CONFIRMATION_OK"
14483,10144002179,10144002214,1,"IOTHUB_CLIENT_CONFIRMATION_OK"
14484,10144002379,10144002429,1,"IOTHUB_CLIENT_CONFIRMATION_OK"
14485,10144002579,10144002613,1,"IOTHUB_CLIENT_CONFIRMATION_OK"
14486,10144002779,10144002824,1,"IOTHUB_CLIENT_CONFIRMATION_OK"
14487,10144002979,10144003026,1,"IOTHUB_CLIENT_CONFIRMATION_OK"
14488,10144003180,10144003217,1,"IOTHUB_CLIENT_CONFIRMATION_OK"
14489,10144003380,10144003420,1,"IOTHUB_CLIENT_CONFIRMATION_OK"
14490,10144003580,10144003621,1,"IOTHUB_CLIENT_CONFIRMATION_OK"
14491,10144003780,10144003819,1,"IOTHUB_CLIENT_CONFIRMATION_OK"
14492,10144003980,10144004018,1,"IOTHUB_CLIENT_CONFIRMATION_OK"
14493,10144004180,10144004218,1,"IOTHUB_CLIENT_CONFIRMATION_OK"
14494,10144004381,10144004425,1,"IOTHUB_CLIENT_CONFIRMATION_OK"
14495,10144004581,10144004637,1,"IOTHUB_CLIENT_CONFIRMATION_OK"
14496,10144004781,10144004821,1,"IOTHUB_CLIENT_CONFIRMATION_OK"
14497,10144004981,10144005073,1,"IOTHUB_CLIENT_CONFIRMATION_OK"
14498,10144005181,10144005256,1,"IOTHUB_CLIENT_CONFIRMATION_OK"
14499,10144005381,10144005427,1,"IOTHUB_CLIENT_CONFIRMATION_OK"
14500,10144005581,10144005634,1,"IOTHUB_CLIENT_CONFIRMATION_OK"
14501,10144005782,10144005819,1,"IOTHUB_CLIENT_CONFIRMATION_OK"
14502,10144005982,10144006018,1,"IOTHUB_CLIENT_CONFIRMATION_OK"
14503,10144006182,10144006285,1,"IOTHUB_CLIENT_CONFIRMATION_OK"
14504,10144006382,10144006428,1,"IOTHUB_CLIENT_CONFIRMATION_OK"
14505,10144006582,10144006618,1,"IOTHUB_CLIENT_CONFIRMATION_OK"
14506,10144006782,10144006921,1,"IOTHUB_CLIENT_CONFIRMATION_OK"
14507,10144006983,10144007024,1,"IOTHUB_CLIENT_CONFIRMATION_OK"
14508,10144007183,10144007216,1,"IOTHUB_CLIENT_CONFIRMATION_OK"
14509,10144007383,10144007424,1,"IOTHUB_CLIENT_CONFIRMATION_OK"
14510,10144007583,10144007626,1,"IOTHUB_CLIENT_CONFIRMATION_OK"
14511,10144007783,10144007899,1,"IOTHUB_CLIENT_CONFIRMATION_OK"
14512,10144007983,10144008024,1,"IOTHUB_CLIENT_CONFIRMATION_OK"
14513,10144008184,10144008216,1,"IOTHUB_CLIENT_CONFIRMATION_OK"
14514,10144008384,10144008505,1,"IOTHUB_CLIENT_CONFIRMATION_OK"
14515,10144008584,10144008642,1,"IOTHUB_CLIENT_CONFIRMATION_OK"
14516,10144008784,10144008833,1,"IOTHUB_CLIENT_CONFIRMATION_OK"
14517,10144008984,10144009026,1,"IOTHUB_CLIENT_CONFIRMATION_OK"
14518,10144009184,10144009216,1,"IOTHUB_CLIENT_CONFIRMATION_OK"
14519,10144009384,10144009529,1,"IOTHUB_CLIENT_CONFIRMATION_OK"
14520,10144009585,10144009617,1,"IOTHUB_CLIENT_CONFIRMATION_OK"
14521,10144009785,10144009823,1,"IOTHUB_CLIENT_CONFIRMATION_OK"
14522,10144009985,10144010128,1,"IOTHUB_CLIENT_CONFIRMATION_OK"
14523,10144010185,10144010332,1,"IOTHUB_CLIENT_CONFIRMATION_OK"
14524,10144010385,10144010419,1,"IOTHUB_CLIENT_CONFIRMATION_OK"
14525,10144010585,10144010632,1,"IOTHUB_CLIENT_CONFIRMATION_OK"
14526,10144010785,10144010826,1,"IOTHUB_CLIENT_CONFIRMATION_OK"
14527,10144010986,10144011182,1,"IOTHUB_CLIENT_CONFIRMATION_OK"
14528,10144011186,10144011223,1,"IOTHUB_CLIENT_CONFIRMATION_OK"
14529,10144011386,10144011422,1,"IOTHUB_CLIENT_CONFIRMATION_OK"
14530,10144011586,10144011625,1,"IOTHUB_CLIENT_CONFIRMATION_OK"
14531,10144011786,10144011842,1,"IOTHUB_CLIENT_CONFIRMATION_OK"
14532,10144011986,10144012041,1,"IOTHUB_CLIENT_CONFIRMATION_OK"
14533,10144012187,10144012225,1,"IOTHUB_CLIENT_CONFIRMATION_OK"
14534,10144012387,10144012463,1,"IOTHUB_CLIENT_CONFIRMATION_OK"
14535,10144012587,10144012809,1,"IOTHUB_CLIENT_CONFIRMATION_OK"
14536,10144012787,10144012828,1,"IOTHUB_CLIENT_CONFIRMATION_OK"
14537,10144012987,10144013027,1,"IOTHUB_CLIENT_CONFIRMATION_OK"
14538,10144013187,10144013226,1,"IOTHUB_CLIENT_CONFIRMATION_OK"
14539,10144013387,10144013440,1,"IOTHUB_CLIENT_CONFIRMATION_OK"
14540,10144013588,10144013626,1,"IOTHUB_CLIENT_CONFIRMATION_OK"
14541,10144013788,10144013828,1,"IOTHUB_CLIENT_CONFIRMATION_OK"
14542,10144013988,10144014030,1,"IOTHUB_CLIENT_CONFIRMATION_OK"
14543,10144014188,10144014412,1,"IOTHUB_CLIENT_CONFIRMATION_OK"
14544,10144014388,10144014426,1,"IOTHUB_CLIENT_CONFIRMATION_OK"
14545,10144014588,10144014618,1,"IOTHUB_CLIENT_CONFIRMATION_OK"
14546,10144014789,10144014837,1,"IOTHUB_CLIENT_CONFIRMATION_OK"
14547,10144014989,10144015039,1,"IOTHUB_CLIENT_CONFIRMATION_OK"
14548,10144015189,10144015226,1,"IOTHUB_CLIENT_CONFIRMATION_OK"
14549,10144015389,10144015454,1,"IOTHUB_CLIENT_CONFIRMATION_OK"
14550,10144015589,10144015627,1,"IOTHUB_CLIENT_CONFIRMATION_OK"
14551,10144015789,10144015834,1,"IOTHUB_CLIENT_CONFIRMATION_OK"
14552,10144015989,10144016035,1,"IOTHUB_CLIENT_CONFIRMATION_OK"
14553,10144016190,10144016228,1,"IOTHUB_CLIENT_CONFIRMATION_OK"
14554,10144016390,10144016461,1,"IOTHUB_CLIENT_CONFIRMATION_OK"
14555,10144016590,10144016645,1,"IOTHUB_CLIENT_CONFIRMATION_OK"
14556,10144016790,10144016830,1,"IOTHUB_CLIENT_CONFIRMATION_OK"
14557,10144016990,10144017081,1,"IOTHUB_CLIENT_CONFIRMATION_OK"
14558,10144017190,10144017235,1,"IOTHUB_CLIENT_CONFIRMATION_OK"
14559,10144017390,10144017425,1,"IOTHUB_CLIENT_CONFIRMATION_OK"
14560,10144017591,10144017625,1,"IOTHUB_CLIENT_CONFIRMATION_OK"
14561,10144017791,10144017828,1,"IOTHUB_CLIENT_CONFIRMATION_OK"
14562,10144017991,10144018081,1,"IOTHUB_CLIENT_CONFIRMATION_OK"
14563,10144018191,10144018230,1,"IOTHUB_CLIENT_CONFIRMATION_OK"
14564,10144018391,10144018426,1,"IOTHUB_CLIENT_CONFIRMATION_OK"
14565,10144018591,10144018699,1,"IOTHUB_CLIENT_CONFIRMATION_OK"
14566,10144018792,10144018846,1,"IOTHUB_CLIENT_CONFIRMATION_OK"
14567,10144018992,10144019044,1,"IOTHUB_CLIENT_CONFIRMATION_OK"
14568,10144019192,10144019231,1,"IOTHUB_CLIENT_CONFIRMATION_OK"
14569,10144019392,10144019430,1,"IOTHUB_CLIENT_CONFIRMATION_OK"
14570,10144019592,10144019730,1,"IOTHUB_CLIENT_CONFIRMATION_OK"
14571,10144019793,10144019835,1,"IOTHUB_CLIENT_CONFIRMATION_OK"
14572,10144019993,10144020117,1,"IOTHUB_CLIENT_CONFIRMATION_OK"
14573,10144020193,10144020340,1,"IOTHUB_CLIENT_CONFIRMATION_OK"
14574,10144020393,10144020444,1,"IOTHUB_CLIENT_CONFIRMATION_OK"
14575,10144020593,10144020631,1,"IOTHUB_CLIENT_CONFIRMATION_OK"
14576,10144020793,10144020829,1,"IOTHUB_CLIENT_CONFIRMATION_OK"
14577,10144020993,10144021049,1,"IOTHUB_CLIENT_CONFIRMATION_OK"
14578,10144021194,10144021348,1,"IOTHUB_CLIENT_CONFIRMATION_OK"
14579,10144021394,10144021434,1,"IOTHUB_CLIENT_CONFIRMATION_OK"
14580,10144021594,10144021636,1,"IOTHUB_CLIENT_CONFIRMATION_OK"
14581,10144021794,10144021837,1,"IOTHUB_CLIENT_CONFIRMATION_OK"
14582,10144021994,10144022033,1,"IOTHUB_CLIENT_CONFIRMATION_OK"
14583,10144022194,10144022230,1,"IOTHUB_CLIENT_CONFIRMATION_OK"
14584,10144022395,10144022432,1,"IOTHUB_CLIENT_CONFIRMATION_OK"
14585,10144022595,10144022634,1,"IOTHUB_CLIENT_CONFIRMATION_OK"
14586,10144022795,10144022973,1,"IOTHUB_CLIENT_CONFIRMATION_OK"
14587,10144022995,10144023037,1,"IOTHUB_CLIENT_CONFIRMATION_OK"
14588,10144023195,10144023227,1,"IOTHUB_CLIENT_CONFIRMATION_OK"
14589,10144023395,10144023432,1,"IOTHUB_CLIENT_CONFIRMATION_OK"
14590,10144023595,10144023637,1,"IOTHUB_CLIENT_CONFIRMATION_OK"
14591,10144023796,10144023838,1,"IOTHUB_CLIENT_CONFIRMATION_OK"
14592,10144023996,10144024120,1,"IOTHUB_CLIENT_CONFIRMATION_OK"
14593,10144024196,10144024242,1,"IOTHUB_CLIENT_CONFIRMATION_OK"
14594,10144024396,10144024613,1,"IOTHUB_CLIENT_CONFIRMATION_OK"
14595,10144024596,10144024634,1,"IOTHUB_CLIENT_CONFIRMATION_OK"
14596,10144024797,10144024839,1,"IOTHUB_CLIENT_CONFIRMATION_OK"
14597,10144024997,10144025040,1,"IOTHUB_CLIENT_CONFIRMATION_OK"
14598,10144025197,10144025235,1,"IOTHUB_CLIENT_CONFIRMATION_OK"
14599,10144025397,10144025436,1,"IOTHUB_CLIENT_CONFIRMATION_OK"
14600,10144025597,10144025635,1,"IOTHUB_CLIENT_CONFIRMATION_OK"
14601,10144025797,10144025871,1,"IOTHUB_CLIENT_CONFIRMATION_OK"
14602,10144025997,10144026040,1,"IOTHUB_CLIENT_CONFIRMATION_OK"
14603,10144026198,10144026239,1,"IOTHUB_CLIENT_CONFIRMATION_OK"
14604,10144026398,10144026440,1,"IOTHUB_CLIENT_CONFIRMATION_OK"
14605,10144026598,10144026633,1,"IOTHUB_CLIENT_CONFIRMATION_OK"
14606,10144026798,10144026831,1,"IOTHUB_CLIENT_CONFIRMATION_OK"
14607,10144026998,10144027063,1,"IOTHUB_CLIENT_CONFIRMATION_OK"
14608,10144027198,10144027242,1,"IOTHUB_CLIENT_CONFIRMATION_OK"
14609,10144027399,10144027437,1,"IOTHUB_CLIENT_CONFIRMATION_OK"
14610,10144027599,10144027643,1,"IOTHUB_CLIENT_CONFIRMATION_OK"
14611,10144027799,10144027835,1,"IOTHUB_CLIENT_CONFIRMATION_OK"
14612,10144027999,10144028050,1,"IOTHUB_CLIENT_CONFIRMATION_OK"
14613,10144028199,10144028256,1,"IOTHUB_CLIENT_CONFIRMATION_OK"
14614,10144028399,10144028439,1,"IOTHUB_CLIENT_CONFIRMATION_OK"
14615,10144028599,10144028696,1,"IOTHUB_CLIENT_CONFIRMATION_OK"
14616,10144028799,10144028912,1,"IOTHUB_CLIENT_CONFIRMATION_OK"
14617,10144029000,10144029037,1,"IOTHUB_CLIENT_CONFIRMATION_OK"
14618,10144029200,10144029303,1,"IOTHUB_CLIENT_CONFIRMATION_OK"
14619,10144029400,10144029469,1,"IOTHUB_CLIENT_CONFIRMATION_OK"
14620,10144029600,10144029637,1,"IOTHUB_CLIENT_CONFIRMATION_OK"
14621,10144029800,10144029954,1,"IOTHUB_CLIENT_CONFIRMATION_OK"
14622,10144030000,10144030057,1,"IOTHUB_CLIENT_CONFIRMATION_OK"
14623,10144030201,10144030242,1,"IOTHUB_CLIENT_CONFIRMATION_OK"
14624,10144030401,10144030450,1,"IOTHUB_CLIENT_CONFIRMATION_OK"
14625,10144030601,10144030637,1,"IOTHUB_CLIENT_CONFIRMATION_OK"
14626,10144030801,10144030965,1,"IOTHUB_CLIENT_CONFIRMATION_OK"
14627,10144031001,10144031037,1,"IOTHUB_CLIENT_CONFIRMATION_OK"
14628,10144031201,10144031234,1,"IOTHUB_CLIENT_CONFIRMATION_OK"
14629,10144031401,10144031562,1,"IOTHUB_CLIENT_CONFIRMATION_OK"
14630,10144031602,10144031648,1,"IOTHUB_CLIENT_CONFIRMATION_OK"
14631,10144031802,10144031840,1,"IOTHUB_CLIENT_CONFIRMATION_OK"
14632,10144032002,10144032040,1,"IOTHUB_CLIENT_CONFIRMATION_OK"
14633,10144032202,10144032235,1,"IOTHUB_CLIENT_CONFIRMATION_OK"
14634,10144032402,10144032442,1,"IOTHUB_CLIENT_CONFIRMATION_OK"
14635,10144032602,10144032642,1,"IOTHUB_CLIENT_CONFIRMATION_OK"
14636,10144032802,10144032844,1,"IOTHUB_CLIENT_CONFIRMATION_OK"
14637,10144033003,10144033042,1,"IOTHUB_CLIENT_CONFIRMATION_OK"
14638,10144033203,10144033244,1,"IOTHUB_CLIENT_CONFIRMATION_OK"
14639,10144033403,10144033484,1,"IOTHUB_CLIENT_CONFIRMATION_OK"
14640,10144033603,10144033642,1,"IOTHUB_CLIENT_CONFIRMATION_OK"
14641,10144033803,10144033840,1,"IOTHUB_CLIENT_CONFIRMATION_OK"
14642,10144034003,10144034039,1,"IOTHUB_CLIENT_CONFIRMATION_OK"
14643,10144034203,10144034245,1,"IOTHUB_CLIENT_CONFIRMATION_OK"
14644,10144034404,10144034444,1,"IOTHUB_CLIENT_CONFIRMATION_OK"
14645,10144034604,10144034641,1,"IOTHUB_CLIENT_CONFIRMATION_OK"
14646,10144034804,10144034845,1,"IOTHUB_CLIENT_CONFIRMATION_OK"
14647,10144035004,10144035046,1,"IOTHUB_CLIENT_CONFIRMATION_OK"
14648,10144035204,10144035241,1,"IOTHUB_CLIENT_CONFIRMATION_OK"
14649,10144035404,10144035447,1,"IOTHUB_CLIENT_CONFIRMATION_OK"
14650,10144035604,10144035639,1,"IOTHUB_CLIENT_CONFIRMATION_OK"
14651,10144035805,10144035887,1,"IOTHUB_CLIENT_CONFIRMATION_OK"
14652,10144036005,10144036039,1,"IOTHUB_CLIENT_CONFIRMATION_OK"
14653,10144036205,10144036245,1,"IOTHUB_CLIENT_CONFIRMATION_OK"
14654,10144036405,10144036444,1,"IOTHUB_CLIENT_CONFIRMATION_OK"
14655,10144036605,10144036654,1,"IOTHUB_CLIENT_CONFIRMATION_OK"
14656,10144036805,10144036860,1,"IOTHUB_CLIENT_CONFIRMATION_OK"
14657,10144037005,10144037047,1,"IOTHUB_CLIENT_CONFIRMATION_OK"
14658,10144037206,10144037246,1,"IOTHUB_CLIENT_CONFIRMATION_OK"
14659,10144037406,10144037488,1,"IOTHUB_CLIENT_CONFIRMATION_OK"
14660,10144037606,10144037639,1,"IOTHUB_CLIENT_CONFIRMATION_OK"
14661,10144037806,10144037877,1,"IOTHUB_CLIENT_CONFIRMATION_OK"
14662,10144038006,10144038046,1,"IOTHUB_CLIENT_CONFIRMATION_OK"
14663,10144038206,10144038324,1,"IOTHUB_CLIENT_CONFIRMATION_OK"
14664,10144038407,10144038534,1,"IOTHUB_CLIENT_CONFIRMATION_OK"
14665,10144038607,10144038674,1,"IOTHUB_CLIENT_CONFIRMATION_OK"
14666,10144038807,10144038849,1,"IOTHUB_CLIENT_CONFIRMATION_OK"
14667,10144039007,10144039042,1,"IOTHUB_CLIENT_CONFIRMATION_OK"
14668,10144039207,10144039242,1,"IOTHUB_CLIENT_CONFIRMATION_OK"
14669,10144039407,10144039553,1,"IOTHUB_CLIENT_CONFIRMATION_OK"
14670,10144039607,10144039654,1,"IOTHUB_CLIENT_CONFIRMATION_OK"
14671,10144039808,10144039846,1,"IOTHUB_CLIENT_CONFIRMATION_OK"
14672,10144040008,10144040048,1,"IOTHUB_CLIENT_CONFIRMATION_OK"
14673,10144040208,10144040287,1,"IOTHUB_CLIENT_CONFIRMATION_OK"
14674,10144040408,10144040443,1,"IOTHUB_CLIENT_CONFIRMATION_OK"
14675,10144040608,10144040642,1,"IOTHUB_CLIENT_CONFIRMATION_OK"
14676,10144040808,10144040864,1,"IOTHUB_CLIENT_CONFIRMATION_OK"
14677,10144041009,10144041220,1,"IOTHUB_CLIENT_CONFIRMATION_OK"
14678,10144041209,10144041262,1,"IOTHUB_CLIENT_CONFIRMATION_OK"
14679,10144041409,10144041450,1,"IOTHUB_CLIENT_CONFIRMATION_OK"
14680,10144041609,10144041645,1,"IOTHUB_CLIENT_CONFIRMATION_OK"
14681,10144041809,10144041849,1,"IOTHUB_CLIENT_CONFIRMATION_OK"
14682,10144042009,10144042054,1,"IOTHUB_CLIENT_CONFIRMATION_OK"
14683,10144042210,10144042324,1,"IOTHUB_CLIENT_CONFIRMATION_OK"
14684,10144042410,10144042468,1,"IOTHUB_CLIENT_CONFIRMATION_OK"
14685,10144042610,10144042727,1,"IOTHUB_CLIENT_CONFIRMATION_OK"
14686,10144042810,10144042855,1,"IOTHUB_CLIENT_CONFIRMATION_OK"
14687,10144043010,10144043045,1,"IOTHUB_CLIENT_CONFIRMATION_OK"
14688,10144043210,10144043352,1,"IOTHUB_CLIENT_CONFIRMATION_OK"
14689,10144043411,10144043446,1,"IOTHUB_CLIENT_CONFIRMATION_OK"
14690,10144043611,10144043653,1,"IOTHUB_CLIENT_CONFIRMATION_OK"
14691,10144043811,10144043864,1,"IOTHUB_CLIENT_CONFIRMATION_OK"
14692,10144044011,10144044046,1,"IOTHUB_CLIENT_CONFIRMATION_OK"
14693,10144044211,10144044367,1,"IOTHUB_CLIENT_CONFIRMATION_OK"
14694,10144044411,10144044446,1,"IOTHUB_CLIENT_CONFIRMATION_OK"
14695,10144044611,10144044649,1,"IOTHUB_CLIENT_CONFIRMATION_OK"
14696,10144044812,10144044983,1,"IOTHUB_CLIENT_CONFIRMATION_OK"
14697,10144045012,10144045054,1,"IOTHUB_CLIENT_CONFIRMATION_OK"
14393,10143984145,10144045173,1,"IOTHUB_CLIENT_CONFIRMATION_OK"
14698,10144045212,10144045247,1,"IOTHUB_CLIENT_CONFIRMATION_OK"
14699,10144045412,10144045455,1,"IOTHUB_CLIENT_CONFIRMATION_OK"
14700,10144045612,10144045657,1,"IOTHUB_CLIENT_CONFIRMATION_OK"
14701,10144045812,10144045850,1,"IOTHUB_CLIENT_CONFIRMATION_OK"
14702,10144046012,10144046081,1,"IOTHUB_CLIENT_CONFIRMATION_OK"
14703,10144046213,10144046252,1,"IOTHUB_CLIENT_CONFIRMATION_OK"
14704,10144046413,10144046458,1,"IOTHUB_CLIENT_CONFIRMATION_OK"
14705,10144046613,10144046656,1,"IOTHUB_CLIENT_CONFIRMATION_OK"
14706,10144046813,10144046879,1,"IOTHUB_CLIENT_CONFIRMATION_OK"
14707,10144047013,10144047083,1,"IOTHUB_CLIENT_CONFIRMATION_OK"
14708,10144047213,10144047342,1,"IOTHUB_CLIENT_CONFIRMATION_OK"
14709,10144047414,10144047555,1,"IOTHUB_CLIENT_CONFIRMATION_OK"
14710,10144047614,10144047654,1,"IOTHUB_CLIENT_CONFIRMATION_OK"
14711,10144047814,10144047861,1,"IOTHUB_CLIENT_CONFIRMATION_OK"
14712,10144048014,10144048061,1,"IOTHUB_CLIENT_CONFIRMATION_OK"
14713,10144048214,10144048257,1,"IOTHUB_CLIENT_CONFIRMATION_OK"
14714,10144048414,10144048594,1,"IOTHUB_CLIENT_CONFIRMATION_OK"
14715,10144048614,10144048669,1,"IOTHUB_CLIENT_CONFIRMATION_OK"
14716,10144048815,10144048854,1,"IOTHUB_CLIENT_CONFIRMATION_OK"
14717,10144049015,10144049052,1,"IOTHUB_CLIENT_CONFIRMATION_OK"
14718,10144049215,10144049254,1,"IOTHUB_CLIENT_CONFIRMATION_OK"
14719,10144049415,10144049452,1,"IOTHUB_CLIENT_CONFIRMATION_OK"
14720,10144049615,10144049651,1,"IOTHUB_CLIENT_CONFIRMATION_OK"
14721,10144049815,10144049849,1,"IOTHUB_CLIENT_CONFIRMATION_OK"
14722,10144050016,10144050200,1,"IOTHUB_CLIENT_CONFIRMATION_OK"
14723,10144050216,10144050246,1,"IOTHUB_CLIENT_CONFIRMATION_OK"
14724,10144050416,10144050463,1,"IOTHUB_CLIENT_CONFIRMATION_OK"
14725,10144050616,10144050651,1,"IOTHUB_CLIENT_CONFIRMATION_OK"
14726,10144050816,10144050858,1,"IOTHUB_CLIENT_CONFIRMATION_OK"
14727,10144051016,10144051054,1,"IOTHUB_CLIENT_CONFIRMATION_OK"
14728,10144051216,10144051264,1,"IOTHUB_CLIENT_CONFIRMATION_OK"
14729,10144051417,10144051467,1,"IOTHUB_CLIENT_CONFIRMATION_OK"
14730,10144051617,10144051817,1,"IOTHUB_CLIENT_CONFIRMATION_OK"
14731,10144051817,10144051859,1,"IOTHUB_CLIENT_CONFIRMATION_OK"
14732,10144052017,10144052079,1,"IOTHUB_CLIENT_CONFIRMATION_OK"
14733,10144052217,10144052323,1,"IOTHUB_CLIENT_CONFIRMATION_OK"
14734,10144052417,10144052460,1,"IOTHUB_CLIENT_CONFIRMATION_OK"
14735,10144052618,10144052658,1,"IOTHUB_CLIENT_CONFIRMATION_OK"
14736,10144052818,10144052871,1,"IOTHUB_CLIENT_CONFIRMATION_OK"
14737,10144053018,10144053058,1,"IOTHUB_CLIENT_CONFIRMATION_OK"
14738,10144053218,10144053257,1,"IOTHUB_CLIENT_CONFIRMATION_OK"
14739,10144053418,10144053455,1,"IOTHUB_CLIENT_CONFIRMATION_OK"
14740,10144053619,10144053659,1,"IOTHUB_CLIENT_CONFIRMATION_OK"
14741,10144053819,10144053855,1,"IOTHUB_CLIENT_CONFIRMATION_OK"
14742,10144054019,10144054057,1,"IOTHUB_CLIENT_CONFIRMATION_OK"
14743,10144054219,10144054257,1,"IOTHUB_CLIENT_CONFIRMATION_OK"
14744,10144054419,10144054456,1,"IOTHUB_CLIENT_CONFIRMATION_OK"
14745,10144054619,10144054672,1,"IOTHUB_CLIENT_CONFIRMATION_OK"
14746,10144054819,10144054855,1,"IOTHUB_CLIENT_CONFIRMATION_OK"
14747,10144055020,10144055054,1,"IOTHUB_CLIENT_CONFIRMATION_OK"
14748,10144055220,10144055259,1,"IOTHUB_CLIENT_CONFIRMATION_OK"
14749,10144055420,10144055462,1,"IOTHUB_CLIENT_CONFIRMATION_OK"
14750,10144055620,10144055659,1,"IOTHUB_CLIENT_CONFIRMATION_OK"
14751,10144055820,10144055861,1,"IOTHUB_CLIENT_CONFIRMATION_OK"
14752,10144056020,10144056090,1,"IOTHUB_CLIENT_CONFIRMATION_OK"
14753,10144056220,10144056270,1,"IOTHUB_CLIENT_CONFIRMATION_OK"
14754,10144056421,10144056461,1,"IOTHUB_CLIENT_CONFIRMATION_OK"
14755,10144056621,10144056664,1,"IOTHUB_CLIENT_CONFIRMATION_OK"
14756,10144056821,10144056854,1,"IOTHUB_CLIENT_CONFIRMATION_OK"
14757,10144057021,10144057143,1,"IOTHUB_CLIENT_CONFIRMATION_OK"
14758,10144057221,10144057260,1,"IOTHUB_CLIENT_CONFIRMATION_OK"
14759,10144057421,10144057498,1,"IOTHUB_CLIENT_CONFIRMATION_OK"
14760,10144057622,10144057740,1,"IOTHUB_CLIENT_CONFIRMATION_OK"
14761,10144057822,10144057864,1,"IOTHUB_CLIENT_CONFIRMATION_OK"
14762,10144058022,10144058070,1,"IOTHUB_CLIENT_CONFIRMATION_OK"
14763,10144058222,10144058273,1,"IOTHUB_CLIENT_CONFIRMATION_OK"
14764,10144058422,10144058463,1,"IOTHUB_CLIENT_CONFIRMATION_OK"
14765,10144058622,10144058761,1,"IOTHUB_CLIENT_CONFIRMATION_OK"
14766,10144058822,10144058885,1,"IOTHUB_CLIENT_CONFIRMATION_OK"
14767,10144059023,10144059073,1,"IOTHUB_CLIENT_CONFIRMATION_OK"
14768,10144059223,10144059257,1,"IOTHUB_CLIENT_CONFIRMATION_OK"
14769,10144059423,10144059476,1,"IOTHUB_CLIENT_CONFIRMATION_OK"
14770,10144059623,10144059662,1,"IOTHUB_CLIENT_CONFIRMATION_OK"
14771,10144059823,10144059973,1,"IOTHUB_CLIENT_CONFIRMATION_OK"
14772,10144060023,10144060060,1,"IOTHUB_CLIENT_CONFIRMATION_OK"
14773,10144060224,10144060378,1,"IOTHUB_CLIENT_CONFIRMATION_OK"
14774,10144060424,10144060467,1,"IOTHUB_CLIENT_CONFIRMATION_OK"
14775,10144060624,10144060667,1,"IOTHUB_CLIENT_CONFIRMATION_OK"
14776,10144060824,10144060860,1,"IOTHUB_CLIENT_CONFIRMATION_OK"
14777,10144061024,10144061082,1,"IOTHUB_CLIENT_CONFIRMATION_OK"
14778,10144061224,10144061264,1,"IOTHUB_CLIENT_CONFIRMATION_OK"
14779,10144061424,10144061466,1,"IOTHUB_CLIENT_CONFIRMATION_OK"
14780,10144061625,10144061666,1,"IOTHUB_CLIENT_CONFIRMATION_OK"
14781,10144061825,10144061991,1,"IOTHUB_CLIENT_CONFIRMATION_OK"
14782,10144062025,10144062068,1,"IOTHUB_CLIENT_CONFIRMATION_OK"
14783,10144062225,10144062264,1,"IOTHUB_CLIENT_CONFIRMATION_OK"
14784,10144062425,10144062482,1,"IOTHUB_CLIENT_CONFIRMATION_OK"
14785,10144062625,10144062669,1,"IOTHUB_CLIENT_CONFIRMATION_OK"
14786,10144062826,10144062884,1,"IOTHUB_CLIENT_CONFIRMATION_OK"
14787,10144063026,10144063102,1,"IOTHUB_CLIENT_CONFIRMATION_OK"
14788,10144063226,10144063264,1,"IOTHUB_CLIENT_CONFIRMATION_OK"
14789,10144063426,10144063502,1,"IOTHUB_CLIENT_CONFIRMATION_OK"
14790,10144063626,10144063663,1,"IOTHUB_CLIENT_CONFIRMATION_OK"
14791,10144063826,10144063860,1,"IOTHUB_CLIENT_CONFIRMATION_OK"
14792,10144064026,10144064112,1,"IOTHUB_CLIENT_CONFIRMATION_OK"
14793,10144064227,10144064266,1,"IOTHUB_CLIENT_CONFIRMATION_OK"
14794,10144064427,10144064467,1,"IOTHUB_CLIENT_CONFIRMATION_OK"
14795,10144064627,10144064694,1,"IOTHUB_CLIENT_CONFIRMATION_OK"
14796,10144064827,10144064873,1,"IOTHUB_CLIENT_CONFIRMATION_OK"
14797,10144065027,10144065135,1,"IOTHUB_CLIENT_CONFIRMATION_OK"
14798,10144065227,10144065266,1,"IOTHUB_CLIENT_CONFIRMATION_OK"
14799,10144065428,10144065461,1,"IOTHUB_CLIENT_CONFIRMATION_OK"
14800,10144065628,10144065756,1,"IOTHUB_CLIENT_CONFIRMATION_OK"
14801,10144065828,10144065870,1,"IOTHUB_CLIENT_CONFIRMATION_OK"
14802,10144066028,10144066067,1,"IOTHUB_CLIENT_CONFIRMATION_OK"
14803,10144066228,10144066266,1,"IOTHUB_CLIENT_CONFIRMATION_OK"
14804,10144066428,10144066470,1,"IOTHUB_CLIENT_CONFIRMATION_OK"
14805,10144066628,10144066795,1,"IOTHUB_CLIENT_CONFIRMATION_OK"
14806,10144066829,10144066864,1,"IOTHUB_CLIENT_CONFIRMATION_OK"
14807,10144067029,10144067069,1,"IOTHUB_CLIENT_CONFIRMATION_OK"
14808,10144067229,10144067271,1,"IOTHUB_CLIENT_CONFIRMATION_OK"
14809,10144067429,10144067468,1,"IOTHUB_CLIENT_CONFIRMATION_OK"
14810,10144067629,10144067692,1,"IOTHUB_CLIENT_CONFIRMATION_OK"
14811,10144067829,10144067989,1,"IOTHUB_CLIENT_CONFIRMATION_OK"
14812,10144068030,10144068081,1,"IOTHUB_CLIENT_CONFIRMATION_OK"
14813,10144068230,10144068267,1,"IOTHUB_CLIENT_CONFIRMATION_OK"
14814,10144068430,10144068470,1,"IOTHUB_CLIENT_CONFIRMATION_OK"
14815,10144068630,10144068672,1,"IOTHUB_CLIENT_CONFIRMATION_OK"
14816,10144068830,10144068864,1,"IOTHUB_CLIENT_CONFIRMATION_OK"
14817,10144069030,10144069066,1,"IOTHUB_CLIENT_CONFIRMATION_OK"
14818,10144069230,10144069280,1,"IOTHUB_CLIENT_CONFIRMATION_OK"
14819,10144069431,10144069463,1,"IOTHUB_CLIENT_CONFIRMATION_OK"
14820,10144069631,10144069670,1,"IOTHUB_CLIENT_CONFIRMATION_OK"
14821,10144069831,10144069879,1,"IOTHUB_CLIENT_CONFIRMATION_OK"
14822,10144070031,10144070071,1,"IOTHUB_CLIENT_CONFIRMATION_OK"
14823,10144070231,10144070270,1,"IOTHUB_CLIENT_CONFIRMATION_OK"
14824,10144070431,10144070498,1,"IOTHUB_CLIENT_CONFIRMATION_OK"
14825,10144070632,10144070665,1,"IOTHUB_CLIENT_CONFIRMATION_OK"
14826,10144070832,10144070881,1,"IOTHUB_CLIENT_CONFIRMATION_OK"
14827,10144071032,10144071098,1,"IOTHUB_CLIENT_CONFIRMATION_OK"
14828,10144071232,10144071266,1,"IOTHUB_CLIENT_CONFIRMATION_OK"
14829,10144071432,10144071462,1,"IOTHUB_CLIENT_CONFIRMATION_OK"
14830,10144071632,10144071673,1,"IOTHUB_CLIENT_CONFIRMATION_OK"
14831,10144071832,10144071878,1,"IOTHUB_CLIENT_CONFIRMATION_OK"
14832,10144072033,10144072112,1,"IOTHUB_CLIENT_CONFIRMATION_OK"
14833,10144072233,10144072272,1,"IOTHUB_CLIENT_CONFIRMATION_OK"
14834,10144072433,10144072473,1,"IOTHUB_CLIENT_CONFIRMATION_OK"
14835,10144072633,10144072838,1,"IOTHUB_CLIENT_CONFIRMATION_OK"
14836,10144072833,10144072903,1,"IOTHUB_CLIENT_CONFIRMATION_OK"
14837,10144073033,10144073067,1,"IOTHUB_CLIENT_CONFIRMATION_OK"
14838,10144073233,10144073269,1,"IOTHUB_CLIENT_CONFIRMATION_OK"
14839,10144073434,10144073549,1,"IOTHUB_CLIENT_CONFIRMATION_OK"
14840,10144073634,10144073669,1,"IOTHUB_CLIENT_CONFIRMATION_OK"
14841,10144073834,10144073880,1,"IOTHUB_CLIENT_CONFIRMATION_OK"
14842,10144074034,10144074084,1,"IOTHUB_CLIENT_CONFIRMATION_OK"
14843,10144074234,10144074271,1,"IOTHUB_CLIENT_CONFIRMATION_OK"
14844,10144074434,10144074474,1,"IOTHUB_CLIENT_CONFIRMATION_OK"
14845,10144074635,10144074677,1,"IOTHUB_CLIENT_CONFIRMATION_OK"
14846,10144074835,10144074990,1,"IOTHUB_CLIENT_CONFIRMATION_OK"
14847,10144075035,10144075089,1,"IOTHUB_CLIENT_CONFIRMATION_OK"
14848,10144075235,10144075417,1,"IOTHUB_CLIENT_CONFIRMATION_OK"
14849,10144075435,10144075497,1,"IOTHUB_CLIENT_CONFIRMATION_OK"
14850,10144075635,10144075683,1,"IOTHUB_CLIENT_CONFIRMATION_OK"
14851,10144075835,10144075875,1,"IOTHUB_CLIENT_CONFIRMATION_OK"
14852,10144076036,10144076080,1,"IOTHUB_CLIENT_CONFIRMATION_OK"
14853,10144076236,10144076274,1,"IOTHUB_CLIENT_CONFIRMATION_OK"
14854,10144076436,10144076472,1,"IOTHUB_CLIENT_CONFIRMATION_OK"
14855,10144076636,10144076749,1,"IOTHUB_CLIENT_CONFIRMATION_OK"
14856,10144076836,10144077041,1,"IOTHUB_CLIENT_CONFIRMATION_OK"
14857,10144077036,10144077074,1,"IOTHUB_CLIENT_CONFIRMATION_OK"
14858,10144077237,10144077277,1,"IOTHUB_CLIENT_CONFIRMATION_OK"
14859,10144077437,10144077474,1,"IOTHUB_CLIENT_CONFIRMATION_OK"
14860,10144077637,10144077691,1,"IOTHUB_CLIENT_CONFIRMATION_OK"
14861,10144077837,10144077873,1,"IOTHUB_CLIENT_CONFIRMATION_OK"
14862,10144078037,10144078093,1,"IOTHUB_CLIENT_CONFIRMATION_OK"
14863,10144078237,10144078290,1,"IOTHUB_CLIENT_CONFIRMATION_OK"
14864,10144078437,10144078485,1,"IOTHUB_CLIENT_CONFIRMATION_OK"
14865,10144078638,10144078679,1,"IOTHUB_CLIENT_CONFIRMATION_OK"
14866,10144078838,10144078908,1,"IOTHUB_CLIENT_CONFIRMATION_OK"
14867,10144079038,10144079101,1,"IOTHUB_CLIENT_CONFIRMATION_OK"
14868,10144079238,10144079279,1,"IOTHUB_CLIENT_CONFIRMATION_OK"
14869,10144079438,10144079479,1,"IOTHUB_CLIENT_CONFIRMATION_OK"
14870,10144079638,10144079737,1,"IOTHUB_CLIENT_CONFIRMATION_OK"
14871,10144079839,10144079881,1,"IOTHUB_CLIENT_CONFIRMATION_OK"
14872,10144080039,10144080130,1,"IOTHUB_CLIENT_CONFIRMATION_OK"
14873,10144080239,10144080278,1,"IOTHUB_CLIENT_CONFIRMATION_OK"
14874,10144080439,10144080491,1,"IOTHUB_CLIENT_CONFIRMATION_OK"
14875,10144080639,10144080841,1,"IOTHUB_CLIENT_CONFIRMATION_OK"
14876,10144080839,10144080899,1,"IOTHUB_CLIENT_CONFIRMATION_OK"
14877,10144081039,10144081080,1,"IOTHUB_CLIENT_CONFIRMATION_OK"
14878,10144081240,10144081285,1,"IOTHUB_CLIENT_CONFIRMATION_OK"
14879,10144081440,10144081477,1,"IOTHUB_CLIENT_CONFIRMATION_OK"
14880,10144081640,10144081689,1,"IOTHUB_CLIENT_CONFIRMATION_OK"
14881,10144081840,10144081898,1,"IOTHUB_CLIENT_CONFIRMATION_OK"
14882,10144082040,10144082080,1,"IOTHUB_CLIENT_CONFIRMATION_OK"
14883,10144082240,10144082284,1,"IOTHUB_CLIENT_CONFIRMATION_OK"
14884,10144082441,10144082481,1,"IOTHUB_CLIENT_CONFIRMATION_OK"
14885,10144082641,10144082681,1,"IOTHUB_CLIENT_CONFIRMATION_OK"
14886,10144082841,10144082936,1,"IOTHUB_CLIENT_CONFIRMATION_OK"
14887,10144083041,10144083081,1,"IOTHUB_CLIENT_CONFIRMATION_OK"
14888,10144083241,10144083281,1,"IOTHUB_CLIENT_CONFIRMATION_OK"
14889,10144083441,10144083475,1,"IOTHUB_CLIENT_CONFIRMATION_OK"
14890,10144083641,10144083702,1,"IOTHUB_CLIENT_CONFIRMATION_OK"
14891,10144083842,10144083917,1,"IOTHUB_CLIENT_CONFIRMATION_OK"
14892,10144084042,10144084082,1,"IOTHUB_CLIENT_CONFIRMATION_OK"
14893,10144084242,10144084282,1,"IOTHUB_CLIENT_CONFIRMATION_OK"
14894,10144084442,10144084553,1,"IOTHUB_CLIENT_CONFIRMATION_OK"
14895,10144084642,10144084675,1,"IOTHUB_CLIENT_CONFIRMATION_OK"
14896,10144084842,10144084900,1,"IOTHUB_CLIENT_CONFIRMATION_OK"
14897,10144085043,10144085088,1,"IOTHUB_CLIENT_CONFIRMATION_OK"
14898,10144085243,10144085278,1,"IOTHUB_CLIENT_CONFIRMATION_OK"
14899,10144085443,10144085507,1,"IOTHUB_CLIENT_CONFIRMATION_OK"
14900,10144085643,10144085691,1,"IOTHUB_CLIENT_CONFIRMATION_OK"
14901,10144085843,10144085909,1,"IOTHUB_CLIENT_CONFIRMATION_OK"
14902,10144086043,10144086091,1,"IOTHUB_CLIENT_CONFIRMATION_OK"
14903,10144086244,10144086286,1,"IOTHUB_CLIENT_CONFIRMATION_OK"
14904,10144086444,10144086485,1,"IOTHUB_CLIENT_CONFIRMATION_OK"
14905,10144086644,10144086677,1,"IOTHUB_CLIENT_CONFIRMATION_OK"
14906,10144086844,10144086916,1,"IOTHUB_CLIENT_CONFIRMATION_OK"
14907,10144087044,10144087124,1,"IOTHUB_CLIENT_CONFIRMATION_OK"
14908,10144087244,10144087283,1,"IOTHUB_CLIENT_CONFIRMATION_OK"
14909,10144087444,10144087483,1,"IOTHUB_CLIENT_CONFIRMATION_OK"
14910,10144087645,10144087707,1,"IOTHUB_CLIENT_CONFIRMATION_OK"
14911,10144087845,10144087893,1,"IOTHUB_CLIENT_CONFIRMATION_OK"
14912,10144088045,10144088097,1,"IOTHUB_CLIENT_CONFIRMATION_OK"
14913,10144088245,10144088289,1,"IOTHUB_CLIENT_CONFIRMATION_OK"
14914,10144088445,10144088485,1,"IOTHUB_CLIENT_CONFIRMATION_OK"
14915,10144088646,10144088764,1,"IOTHUB_CLIENT_CONFIRMATION_OK"
14916,10144088846,10144088885,1,"IOTHUB_CLIENT_CONFIRMATION_OK"
14917,10144089046,10144089085,1,"IOTHUB_CLIENT_CONFIRMATION_OK"
14918,10144089246,10144089400,1,"IOTHUB_CLIENT_CONFIRMATION_OK"
14919,10144089446,10144089487,1,"IOTHUB_CLIENT_CONFIRMATION_OK"
14920,10144089646,10144089681,1,"IOTHUB_CLIENT_CONFIRMATION_OK"
14921,10144089846,10144089883,1,"IOTHUB_CLIENT_CONFIRMATION_OK"
14922,10144090047,10144090089,1,"IOTHUB_CLIENT_CONFIRMATION_OK"
14923,10144090247,10144090467,1,"IOTHUB_CLIENT_CONFIRMATION_OK"
14924,10144090447,10144090485,1,"IOTHUB_CLIENT_CONFIRMATION_OK"
14925,10144090647,10144090682,1,"IOTHUB_CLIENT_CONFIRMATION_OK"
14926,10144090847,10144090883,1,"IOTHUB_CLIENT_CONFIRMATION_OK"
14927,10144091047,10144091081,1,"IOTHUB_CLIENT_CONFIRMATION_OK"
14928,10144091247,10144091294,1,"IOTHUB_CLIENT_CONFIRMATION_OK"
14929,10144091448,10144091486,1,"IOTHUB_CLIENT_CONFIRMATION_OK"
14930,10144091648,10144091702,1,"IOTHUB_CLIENT_CONFIRMATION_OK"
14931,10144091848,10144091880,1,"IOTHUB_CLIENT_CONFIRMATION_OK"
14932,10144092048,10144092084,1,"IOTHUB_CLIENT_CONFIRMATION_OK"
14933,10144092248,10144092286,1,"IOTHUB_CLIENT_CONFIRMATION_OK"
14934,10144092448,10144092506,1,"IOTHUB_CLIENT_CONFIRMATION_OK"
14935,10144092649,10144092725,1,"IOTHUB_CLIENT_CONFIRMATION_OK"
14936,10144092849,10144092882,1,"IOTHUB_CLIENT_CONFIRMATION_OK"
14937,10144093049,10144093127,1,"IOTHUB_CLIENT_CONFIRMATION_OK"
14938,10144093249,10144093298,1,"IOTHUB_CLIENT_CONFIRMATION_OK"
14939,10144093449,10144093533,1,"IOTHUB_CLIENT_CONFIRMATION_OK"
14940,10144093649,10144093697,1,"IOTHUB_CLIENT_CONFIRMATION_OK"
14941,10144093849,10144093901,1,"IOTHUB_CLIENT_CONFIRMATION_OK"
14942,10144094050,10144094159,1,"IOTHUB_CLIENT_CONFIRMATION_OK"
14943,10144094250,10144094285,1,"IOTHUB_CLIENT_CONFIRMATION_OK"
14944,10144094450,10144094493,1,"IOTHUB_CLIENT_CONFIRMATION_OK"
14945,10144094650,10144094698,1,"IOTHUB_CLIENT_CONFIRMATION_OK"
14946,10144094850,10144094895,1,"IOTHUB_CLIENT_CONFIRMATION_OK"
14947,10144095050,10144095149,1,"IOTHUB_CLIENT_CONFIRMATION_OK"
14948,10144095251,10144095294,1,"IOTHUB_CLIENT_CONFIRMATION_OK"
14949,10144095451,10144095487,1,"IOTHUB_CLIENT_CONFIRMATION_OK"
14950,10144095651,10144095828,1,"IOTHUB_CLIENT_CONFIRMATION_OK"
14951,10144095851,10144095887,1,"IOTHUB_CLIENT_CONFIRMATION_OK"
14952,10144096051,10144096093,1,"IOTHUB_CLIENT_CONFIRMATION_OK"
14953,10144096251,10144096300,1,"IOTHUB_CLIENT_CONFIRMATION_OK"
14954,10144096451,10144096489,1,"IOTHUB_CLIENT_CONFIRMATION_OK"
14955,10144096652,10144096783,1,"IOTHUB_CLIENT_CONFIRMATION_OK"
14956,10144096852,10144096895,1,"IOTHUB_CLIENT_CONFIRMATION_OK"
14957,10144097052,10144097102,1,"IOTHUB_CLIENT_CONFIRMATION_OK"
14958,10144097252,10144097401,1,"IOTHUB_CLIENT_CONFIRMATION_OK"
14959,10144097452,10144097504,1,"IOTHUB_CLIENT_CONFIRMATION_OK"
14960,10144097652,10144097687,1,"IOTHUB_CLIENT_CONFIRMATION_OK"
14961,10144097853,10144097888,1,"IOTHUB_CLIENT_CONFIRMATION_OK"
14962,10144098053,10144098104,1,"IOTHUB_CLIENT_CONFIRMATION_OK"
14963,10144098253,10144098292,1,"IOTHUB_CLIENT_CONFIRMATION_OK"
14964,10144098453,10144098506,1,"IOTHUB_CLIENT_CONFIRMATION_OK"
14965,10144098653,10144098692,1,"IOTHUB_CLIENT_CONFIRMATION_OK"
14966,10144098853,10144098894,1,"IOTHUB_CLIENT_CONFIRMATION_OK"
14967,10144099053,10144099108,1,"IOTHUB_CLIENT_CONFIRMATION_OK"
14968,10144099254,10144099299,1,"IOTHUB_CLIENT_CONFIRMATION_OK"
14969,10144099454,10144099502,1,"IOTHUB_CLIENT_CONFIRMATION_OK"
14970,10144099654,10144099738,1,"IOTHUB_CLIENT_CONFIRMATION_OK"
14971,10144099854,10144099897,1,"IOTHUB_CLIENT_CONFIRMATION_OK"
14972,10144100054,10144100107,1,"IOTHUB_CLIENT_CONFIRMATION_OK"
14973,10144100254,10144100293,1,"IOTHUB_CLIENT_CONFIRMATION_OK"
14974,10144100454,10144100529,1,"IOTHUB_CLIENT_CONFIRMATION_OK"
14975,10144100655,10144100705,1,"IOTHUB_CLIENT_CONFIRMATION_OK"
14976,10144100855,10144100897,1,"IOTHUB_CLIENT_CONFIRMATION_OK"
14977,10144101055,10144101136,1,"IOTHUB_CLIENT_CONFIRMATION_OK"
14978,10144101255,10144101324,1,"IOTHUB_CLIENT_CONFIRMATION_OK"
14979,10144101455,10144101495,1,"IOTHUB_CLIENT_CONFIRMATION_OK"
14980,10144101655,10144101694,1,"IOTHUB_CLIENT_CONFIRMATION_OK"
14981,10144101855,10144101889,1,"IOTHUB_CLIENT_CONFIRMATION_OK"
14982,10144102056,10144102166,1,"IOTHUB_CLIENT_CONFIRMATION_OK"
14983,10144102256,10144102315,1,"IOTHUB_CLIENT_CONFIRMATION_OK"
14984,10144102456,10144102501,1,"IOTHUB_CLIENT_CONFIRMATION_OK"
14985,10144102656,10144102776,1,"IOTHUB_CLIENT_CONFIRMATION_OK"
14986,10144102856,10144102892,1,"IOTHUB_CLIENT_CONFIRMATION_OK"
14987,10144103056,10144103124,1,"IOTHUB_CLIENT_CONFIRMATION_OK"
14988,10144103257,10144103299,1,"IOTHUB_CLIENT_CONFIRMATION_OK"
14989,10144103457,10144103491,1,"IOTHUB_CLIENT_CONFIRMATION_OK"
14990,10144103657,10144103783,1,"IOTHUB_CLIENT_CONFIRMATION_OK"
14991,10144103857,10144103901,1,"IOTHUB_CLIENT_CONFIRMATION_OK"
14992,10144104057,10144104116,1,"IOTHUB_CLIENT_CONFIRMATION_OK"
14993,10144104257,10144104527,1,"IOTHUB_CLIENT_CONFIRMATION_OK"
14994,10144104457,10144104548,1,"IOTHUB_CLIENT_CONFIRMATION_OK"
14995,10144104658,10144104702,1,"IOTHUB_CLIENT_CONFIRMATION_OK"
14996,10144104858,10144104935,1,"IOTHUB_CLIENT_CONFIRMATION_OK"
14997,10144105058,10144105093,1,"IOTHUB_CLIENT_CONFIRMATION_OK"
14998,10144105258,10144105319,1,"IOTHUB_CLIENT_CONFIRMATION_OK"
14999,10144105458,10144105499,1,"IOTHUB_CLIENT_CONFIRMATION_OK"
15000,10144105658,10144105699,1,"IOTHUB_CLIENT_CONFIRMATION_OK"
15001,10144105858,10144105932,1,"IOTHUB_CLIENT_CONFIRMATION_OK"
15002,10144106059,10144106102,1,"IOTHUB_CLIENT_CONFIRMATION_OK"
15003,10144106259,10144106311,1,"IOTHUB_CLIENT_CONFIRMATION_OK"
15004,10144106459,10144106560,1,"IOTHUB_CLIENT_CONFIRMATION_OK"
15005,10144106659,10144106689,1,"IOTHUB_CLIENT_CONFIRMATION_OK"
15006,10144106859,10144106943,1,"IOTHUB_CLIENT_CONFIRMATION_OK"
15007,10144107059,10144107110,1,"IOTHUB_CLIENT_CONFIRMATION_OK"
15008,10144107259,10144107292,1,"IOTHUB_CLIENT_CONFIRMATION_OK"
15009,10144107460,10144107559,1,"IOTHUB_CLIENT_CONFIRMATION_OK"
15010,10144107660,10144107697,1,"IOTHUB_CLIENT_CONFIRMATION_OK"
15011,10144107860,10144107895,1,"IOTHUB_CLIENT_CONFIRMATION_OK"
15012,10144108060,10144108098,1,"IOTHUB_CLIENT_CONFIRMATION_OK"
15013,10144108260,10144108307,1,"IOTHUB_CLIENT_CONFIRMATION_OK"
15014,10144108460,10144108560,1,"IOTHUB_CLIENT_CONFIRMATION_OK"
15015,10144108660,10144108700,1,"IOTHUB_CLIENT_CONFIRMATION_OK"
15016,10144108861,10144108904,1,"IOTHUB_CLIENT_CONFIRMATION_OK"
15017,10144109061,10144109180,1,"IOTHUB_CLIENT_CONFIRMATION_OK"
15018,10144109261,10144109298,1,"IOTHUB_CLIENT_CONFIRMATION_OK"
15019,10144109461,10144109502,1,"IOTHUB_CLIENT_CONFIRMATION_OK"
15020,10144109661,10144109770,1,"IOTHUB_CLIENT_CONFIRMATION_OK"
15021,10144109861,10144109902,1,"IOTHUB_CLIENT_CONFIRMATION_OK"
15022,10144110061,10144110196,1,"IOTHUB_CLIENT_CONFIRMATION_OK"
15023,10144110262,10144110310,1,"IOTHUB_CLIENT_CONFIRMATION_OK"
15024,10144110462,10144110500,1,"IOTHUB_CLIENT_CONFIRMATION_OK"
15025,10144110662,10144110816,1,"IOTHUB_CLIENT_CONFIRMATION_OK"
15026,10144110862,10144110907,1,"IOTHUB_CLIENT_CONFIRMATION_OK"
15027,10144111062,10144111106,1,"IOTHUB_CLIENT_CONFIRMATION_OK"
15028,10144111262,10144111301,1,"IOTHUB_CLIENT_CONFIRMATION_OK"
15029,10144111462,10144111507,1,"IOTHUB_CLIENT_CONFIRMATION_OK"
15030,10144111663,10144111816,1,"IOTHUB_CLIENT_CONFIRMATION_OK"
15031,10144111863,10144111902,1,"IOTHUB_CLIENT_CONFIRMATION_OK"
15032,10144112063,10144112103,1,"IOTHUB_CLIENT_CONFIRMATION_OK"
15033,10144112263,10144112444,1,"IOTHUB_CLIENT_CONFIRMATION_OK"
15034,10144112463,10144112517,1,"IOTHUB_CLIENT_CONFIRMATION_OK"
15035,10144112663,10144112697,1,"IOTHUB_CLIENT_CONFIRMATION_OK"
15036,10144112863,10144112907,1,"IOTHUB_CLIENT_CONFIRMATION_OK"
15037,10144113064,10144113110,1,"IOTHUB_CLIENT_CONFIRMATION_OK"
15038,10144113264,10144113300,1,"IOTHUB_CLIENT_CONFIRMATION_OK"
15039,10144113464,10144113505,1,"IOTHUB_CLIENT_CONFIRMATION_OK"
15040,10144113664,10144113708,1,"IOTHUB_CLIENT_CONFIRMATION_OK"
15041,10144113864,10144113902,1,"IOTHUB_CLIENT_CONFIRMATION_OK"
15042,10144114064,10144114097,1,"IOTHUB_CLIENT_CONFIRMATION_OK"
15043,10144114264,10144114306,1,"IOTHUB_CLIENT_CONFIRMATION_OK"
15044,10144114465,10144114506,1,"IOTHUB_CLIENT_CONFIRMATION_OK"
15045,10144114665,10144114703,1,"IOTHUB_CLIENT_CONFIRMATION_OK"
15046,10144114865,10144114903,1,"IOTHUB_CLIENT_CONFIRMATION_OK"
15047,10144115065,10144115108,1,"IOTHUB_CLIENT_CONFIRMATION_OK"
15048,10144115265,10144115310,1,"IOTHUB_CLIENT_CONFIRMATION_OK"
15049,10144115465,10144115533,1,"IOTHUB_CLIENT_CONFIRMATION_OK"
15050,10144115666,10144115713,1,"IOTHUB_CLIENT_CONFIRMATION_OK"
15051,10144115866,10144115914,1,"IOTHUB_CLIENT_CONFIRMATION_OK"
15052,10144116066,10144116128,1,"IOTHUB_CLIENT_CONFIRMATION_OK"
15053,10144116266,10144116305,1,"IOTHUB_CLIENT_CONFIRMATION_OK"
15054,10144116466,10144116507,1,"IOTHUB_CLIENT_CONFIRMATION_OK"
15055,10144116666,10144116706,1,"IOTHUB_CLIENT_CONFIRMATION_OK"
15056,10144116867,10144116925,1,"IOTHUB_CLIENT_CONFIRMATION_OK"
15057,10144117067,10144117143,1,"IOTHUB_CLIENT_CONFIRMATION_OK"
15058,10144117267,10144117316,1,"IOTHUB_CLIENT_CONFIRMATION_OK"
15059,10144117467,10144117508,1,"IOTHUB_CLIENT_CONFIRMATION_OK"
15060,10144117667,10144117762,1,"IOTHUB_CLIENT_CONFIRMATION_OK"
15061,10144117867,10144117927,1,"IOTHUB_CLIENT_CONFIRMATION_OK"
15062,10144118068,10144118114,1,"IOTHUB_CLIENT_CONFIRMATION_OK"
15063,10144118268,10144118304,1,"IOTHUB_CLIENT_CONFIRMATION_OK"
15064,10144118468,10144118545,1,"IOTHUB_CLIENT_CONFIRMATION_OK"
15065,10144118668,10144118762,1,"IOTHUB_CLIENT_CONFIRMATION_OK"
15066,10144118868,10144118910,1,"IOTHUB_CLIENT_CONFIRMATION_OK"
15067,10144119068,10144119108,1,"IOTHUB_CLIENT_CONFIRMATION_OK"
15068,10144119268,10144119368,1,"IOTHUB_CLIENT_CONFIRMATION_OK"
15069,10144119469,10144119505,1,"IOTHUB_CLIENT_CONFIRMATION_OK"
15070,10144119669,10144119704,1,"IOTHUB_CLIENT_CONFIRMATION_OK"
15071,10144119869,10144119911,1,"IOTHUB_CLIENT_CONFIRMATION_OK"
15072,10144120069,10144120103,1,"IOTHUB_CLIENT_CONFIRMATION_OK"
15073,10144120269,10144120375,1,"IOTHUB_CLIENT_CONFIRMATION_OK"
15074,10144120469,10144120505,1,"IOTHUB_CLIENT_CONFIRMATION_OK"
15075,10144120670,10144120710,1,"IOTHUB_CLIENT_CONFIRMATION_OK"
15076,10144120870,10144121088,1,"IOTHUB_CLIENT_CONFIRMATION_OK"
15077,10144121070,10144121104,1,"IOTHUB_CLIENT_CONFIRMATION_OK"
15078,10144121270,10144121308,1,"IOTHUB_CLIENT_CONFIRMATION_OK"
15079,10144121470,10144121511,1,"IOTHUB_CLIENT_CONFIRMATION_OK"
15080,10144121670,10144121715,1,"IOTHUB_CLIENT_CONFIRMATION_OK"
15081,10144121870,10144122008,1,"IOTHUB_CLIENT_CONFIRMATION_OK"
15082,10144122071,10144122111,1,"IOTHUB_CLIENT_CONFIRMATION_OK"
15083,10144122271,10144122303,1,"IOTHUB_CLIENT_CONFIRMATION_OK"
15084,10144122471,10144122507,1,"IOTHUB_CLIENT_CONFIRMATION_OK"
15085,10144122671,10144122705,1,"IOTHUB_CLIENT_CONFIRMATION_OK"
15086,10144122871,10144122917,1,"IOTHUB_CLIENT_CONFIRMATION_OK"
15087,10144123071,10144123114,1,"IOTHUB_CLIENT_CONFIRMATION_OK"
15088,10144123271,10144123308,1,"IOTHUB_CLIENT_CONFIRMATION_OK"
15089,10144123472,10144123648,1,"IOTHUB_CLIENT_CONFIRMATION_OK"
15090,10144123672,10144123711,1,"IOTHUB_CLIENT_CONFIRMATION_OK"
15091,10144123872,10144123920,1,"IOTHUB_CLIENT_CONFIRMATION_OK"
15092,10144124072,10144124116,1,"IOTHUB_CLIENT_CONFIRMATION_OK"
15093,10144124272,10144124305,1,"IOTHUB_CLIENT_CONFIRMATION_OK"
15094,10144124472,10144124513,1,"IOTHUB_CLIENT_CONFIRMATION_OK"
15095,10144124673,10144124706,1,"IOTHUB_CLIENT_CONFIRMATION_OK"
15096,10144124873,10144124939,1,"IOTHUB_CLIENT_CONFIRMATION_OK"
15097,10144125073,10144125283,1,"IOTHUB_CLIENT_CONFIRMATION_OK"
15098,10144125273,10144125308,1,"IOTHUB_CLIENT_CONFIRMATION_OK"
15099,10144125473,10144125516,1,"IOTHUB_CLIENT_CONFIRMATION_OK"
15100,10144125673,10144125712,1,"IOTHUB_CLIENT_CONFIRMATION_OK"
15101,10144125874,10144125918,1,"IOTHUB_CLIENT_CONFIRMATION_OK"
15102,10144126074,10144126113,1,"IOTHUB_CLIENT_CONFIRMATION_OK"
15103,10144126274,10144126340,1,"IOTHUB_CLIENT_CONFIRMATION_OK"
15104,10144126474,10144126510,1,"IOTHUB_CLIENT_CONFIRMATION_OK"
15105,10144126674,10144126715,1,"IOTHUB_CLIENT_CONFIRMATION_OK"
15106,10144126874,10144126973,1,"IOTHUB_CLIENT_CONFIRMATION_OK"
15107,10144127075,10144127109,1,"IOTHUB_CLIENT_CONFIRMATION_OK"
15108,10144127275,10144127378,1,"IOTHUB_CLIENT_CONFIRMATION_OK"
15109,10144127475,10144127511,1,"IOTHUB_CLIENT_CONFIRMATION_OK"
15110,10144127675,10144127714,1,"IOTHUB_CLIENT_CONFIRMATION_OK"
15111,10144127875,10144127922,1,"IOTHUB_CLIENT_CONFIRMATION_OK"
15112,10144128075,10144128119,1,"IOTHUB_CLIENT_CONFIRMATION_OK"
15113,10144128275,10144128313,1,"IOTHUB_CLIENT_CONFIRMATION_OK"
15114,10144128476,10144128528,1,"IOTHUB_CLIENT_CONFIRMATION_OK"
15115,10144128676,10144128726,1,"IOTHUB_CLIENT_CONFIRMATION_OK"
15116,10144128876,10144129007,1,"IOTHUB_CLIENT_CONFIRMATION_OK"
15117,10144129076,10144129114,1,"IOTHUB_CLIENT_CONFIRMATION_OK"
15118,10144129276,10144129317,1,"IOTHUB_CLIENT_CONFIRMATION_OK"
15119,10144129476,10144129510,1,"IOTHUB_CLIENT_CONFIRMATION_OK"
15120,10144129677,10144129711,1,"IOTHUB_CLIENT_CONFIRMATION_OK"
15121,10144129877,10144129919,1,"IOTHUB_CLIENT_CONFIRMATION_OK"
15122,10144130077,10144130117,1,"IOTHUB_CLIENT_CONFIRMATION_OK"
15123,10144130277,10144130314,1,"IOTHUB_CLIENT_CONFIRMATION_OK"
15124,10144130477,10144130647,1,"IOTHUB_CLIENT_CONFIRMATION_OK"
15125,10144130677,10144130725,1,"IOTHUB_CLIENT_CONFIRMATION_OK"
15126,10144130877,10144130925,1,"IOTHUB_CLIENT_CONFIRMATION_OK"
15127,10144131078,10144131114,1,"IOTHUB_CLIENT_CONFIRMATION_OK"
15128,10144131278,10144131312,1,"IOTHUB_CLIENT_CONFIRMATION_OK"
15129,10144131478,10144131647,1,"IOTHUB_CLIENT_CONFIRMATION_OK"
15130,10144131678,10144131717,1,"IOTHUB_CLIENT_CONFIRMATION_OK"
15131,10144131878,10144131916,1,"IOTHUB_CLIENT_CONFIRMATION_OK"
15132,10144132078,10144132264,1,"IOTHUB_CLIENT_CONFIRMATION_OK"
15133,10144132278,10144132317,1,"IOTHUB_CLIENT_CONFIRMATION_OK"
15134,10144132479,10144132527,1,"IOTHUB_CLIENT_CONFIRMATION_OK"
15135,10144132679,10144132723,1,"IOTHUB_CLIENT_CONFIRMATION_OK"
15136,10144132879,10144132918,1,"IOTHUB_CLIENT_CONFIRMATION_OK"
15137,10144133079,10144133121,1,"IOTHUB_CLIENT_CONFIRMATION_OK"
15138,10144133279,10144133321,1,"IOTHUB_CLIENT_CONFIRMATION_OK"
15139,10144133479,10144133519,1,"IOTHUB_CLIENT_CONFIRMATION_OK"
15140,10144133680,10144134045,1,"IOTHUB_CLIENT_CONFIRMATION_OK"
15141,10144133880,10144134449,1,"IOTHUB_CLIENT_CONFIRMATION_OK"
15142,10144134080,10144134511,1,"IOTHUB_CLIENT_CONFIRMATION_OK"
15143,10144134280,10144134553,1,"IOTHUB_CLIENT_CONFIRMATION_OK"
15144,10144134480,10144134605,1,"IOTHUB_CLIENT_CONFIRMATION_OK"
15145,10144134680,10144134752,1,"IOTHUB_CLIENT_CONFIRMATION_OK"
15146,10144134880,10144134920,1,"IOTHUB_CLIENT_CONFIRMATION_OK"
15147,10144135081,10144135119,1,"IOTHUB_CLIENT_CONFIRMATION_OK"
15148,10144135281,10144135320,1,"IOTHUB_CLIENT_CONFIRMATION_OK"
15149,10144135481,10144135521,1,"IOTHUB_CLIENT_CONFIRMATION_OK"
15150,10144135681,10144135718,1,"IOTHUB_CLIENT_CONFIRMATION_OK"
15151,10144135881,10144135944,1,"IOTHUB_CLIENT_CONFIRMATION_OK"
15152,10144136082,10144136119,1,"IOTHUB_CLIENT_CONFIRMATION_OK"
15153,10144136282,10144136321,1,"IOTHUB_CLIENT_CONFIRMATION_OK"
15154,10144136482,10144136609,1,"IOTHUB_CLIENT_CONFIRMATION_OK"
15155,10144136682,10144136732,1,"IOTHUB_CLIENT_CONFIRMATION_OK"
15156,10144136882,10144137017,1,"IOTHUB_CLIENT_CONFIRMATION_OK"
15157,10144137082,10144137120,1,"IOTHUB_CLIENT_CONFIRMATION_OK"
15158,10144137283,10144137332,1,"IOTHUB_CLIENT_CONFIRMATION_OK"
15159,10144137483,10144137620,1,"IOTHUB_CLIENT_CONFIRMATION_OK"
15160,10144137683,10144137726,1,"IOTHUB_CLIENT_CONFIRMATION_OK"
15161,10144137883,10144137916,1,"IOTHUB_CLIENT_CONFIRMATION_OK"
15162,10144138083,10144138120,1,"IOTHUB_CLIENT_CONFIRMATION_OK"
15163,10144138283,10144138323,1,"IOTHUB_CLIENT_CONFIRMATION_OK"
15164,10144138483,10144138620,1,"IOTHUB_CLIENT_CONFIRMATION_OK"
15165,10144138684,10144138732,1,"IOTHUB_CLIENT_CONFIRMATION_OK"
15166,10144138884,10144138921,1,"IOTHUB_CLIENT_CONFIRMATION_OK"
15167,10144139084,10144139127,1,"IOTHUB_CLIENT_CONFIRMATION_OK"
15168,10144139284,10144139326,1,"IOTHUB_CLIENT_CONFIRMATION_OK"
15169,10144139484,10144139525,1,"IOTHUB_CLIENT_CONFIRMATION_OK"
15170,10144139685,10144139720,1,"IOTHUB_CLIENT_CONFIRMATION_OK"
15171,10144139885,10144139925,1,"IOTHUB_CLIENT_CONFIRMATION_OK"
15172,10144140085,10144140513,1,"IOTHUB_CLIENT_CONFIRMATION_OK"
15173,10144140285,10144140556,1,"IOTHUB_CLIENT_CONFIRMATION_OK"
15174,10144140485,10144140576,1,"IOTHUB_CLIENT_CONFIRMATION_OK"
15175,10144140685,10144140728,1,"IOTHUB_CLIENT_CONFIRMATION_OK"
15176,10144140886,10144140920,1,"IOTHUB_CLIENT_CONFIRMATION_OK"
15177,10144141086,10144141128,1,"IOTHUB_CLIENT_CONFIRMATION_OK"
15178,10144141286,10144141341,1,"IOTHUB_CLIENT_CONFIRMATION_OK"
15179,10144141486,10144141524,1,"IOTHUB_CLIENT_CONFIRMATION_OK"
15180,10144141686,10144141881,1,"IOTHUB_CLIENT_CONFIRMATION_OK"
15181,10144141886,10144141925,1,"IOTHUB_CLIENT_CONFIRMATION_OK"
15182,10144142087,10144142133,1,"IOTHUB_CLIENT_CONFIRMATION_OK"
15183,10144142287,10144142321,1,"IOTHUB_CLIENT_CONFIRMATION_OK"
15184,10144142487,10144142530,1,"IOTHUB_CLIENT_CONFIRMATION_OK"
15185,10144142687,10144142739,1,"IOTHUB_CLIENT_CONFIRMATION_OK"
15186,10144142887,10144142932,1,"IOTHUB_CLIENT_CONFIRMATION_OK"
15187,10144143087,10144143132,1,"IOTHUB_CLIENT_CONFIRMATION_OK"
15188,10144143288,10144143321,1,"IOTHUB_CLIENT_CONFIRMATION_OK"
15189,10144143488,10144143522,1,"IOTHUB_CLIENT_CONFIRMATION_OK"
15190,10144143688,10144143725,1,"IOTHUB_CLIENT_CONFIRMATION_OK"
15191,10144143888,10144143927,1,"IOTHUB_CLIENT_CONFIRMATION_OK"
15192,10144144088,10144144124,1,"IOTHUB_CLIENT_CONFIRMATION_OK"
15193,10144144288,10144144326,1,"IOTHUB_CLIENT_CONFIRMATION_OK"
15194,10144144489,10144144561,1,"IOTHUB_CLIENT_CONFIRMATION_OK"
15195,10144144689,10144144729,1,"IOTHUB_CLIENT_CONFIRMATION_OK"
15196,10144144889,10144144941,1,"IOTHUB_CLIENT_CONFIRMATION_OK"
15197,10144145089,10144145127,1,"IOTHUB_CLIENT_CONFIRMATION_OK"
15198,10144145289,10144145330,1,"IOTHUB_CLIENT_CONFIRMATION_OK"
15199,10144145489,10144145592,1,"IOTHUB_CLIENT_CONFIRMATION_OK"
15200,10144145689,10144145792,1,"IOTHUB_CLIENT_CONFIRMATION_OK"
15201,10144145890,10144145930,1,"IOTHUB_CLIENT_CONFIRMATION_OK"
15202,10144146090,10144146199,1,"IOTHUB_CLIENT_CONFIRMATION_OK"
15203,10144146290,10144146324,1,"IOTHUB_CLIENT_CONFIRMATION_OK"
15204,10144146490,10144146562,1,"IOTHUB_CLIENT_CONFIRMATION_OK"
15205,10144146690,10144146727,1,"IOTHUB_CLIENT_CONFIRMATION_OK"
15206,10144146890,10144146933,1,"IOTHUB_CLIENT_CONFIRMATION_OK"
15207,10144147090,10144147207,1,"IOTHUB_CLIENT_CONFIRMATION_OK"
15208,10144147291,10144147336,1,"IOTHUB_CLIENT_CONFIRMATION_OK"
15209,10144147491,10144147528,1,"IOTHUB_CLIENT_CONFIRMATION_OK"
15210,10144147691,10144147870,1,"IOTHUB_CLIENT_CONFIRMATION_OK"
15211,10144147891,10144147926,1,"IOTHUB_CLIENT_CONFIRMATION_OK"
15212,10144148091,10144148129,1,"IOTHUB_CLIENT_CONFIRMATION_OK"
15213,10144148291,10144148334,1,"IOTHUB_CLIENT_CONFIRMATION_OK"
15214,10144148491,10144148530,1,"IOTHUB_CLIENT_CONFIRMATION_OK"
15215,10144148692,10144148837,1,"IOTHUB_CLIENT_CONFIRMATION_OK"
15216,10144148892,10144148925,1,"IOTHUB_CLIENT_CONFIRMATION_OK"
15217,10144149092,10144149129,1,"IOTHUB_CLIENT_CONFIRMATION_OK"
15218,10144149292,10144149328,1,"IOTHUB_CLIENT_CONFIRMATION_OK"
15219,10144149492,10144149547,1,"IOTHUB_CLIENT_CONFIRMATION_OK"
15220,10144149692,10144149741,1,"IOTHUB_CLIENT_CONFIRMATION_OK"
15221,10144149893,10144150084,1,"IOTHUB_CLIENT_CONFIRMATION_OK"
15222,10144150093,10144150128,1,"IOTHUB_CLIENT_CONFIRMATION_OK"
15223,10144150293,10144150505,1,"IOTHUB_CLIENT_CONFIRMATION_OK"
15224,10144150493,10144150552,1,"IOTHUB_CLIENT_CONFIRMATION_OK"
15225,10144150693,10144150749,1,"IOTHUB_CLIENT_CONFIRMATION_OK"
15226,10144150893,10144150933,1,"IOTHUB_CLIENT_CONFIRMATION_OK"
15227,10144151094,10144151145,1,"IOTHUB_CLIENT_CONFIRMATION_OK"
15228,10144151294,10144151340,1,"IOTHUB_CLIENT_CONFIRMATION_OK"
15229,10144151494,10144151551,1,"IOTHUB_CLIENT_CONFIRMATION_OK"
15230,10144151694,10144151729,1,"IOTHUB_CLIENT_CONFIRMATION_OK"
15231,10144151894,10144151939,1,"IOTHUB_CLIENT_CONFIRMATION_OK"
15232,10144152094,10144152133,1,"IOTHUB_CLIENT_CONFIRMATION_OK"
15233,10144152294,10144152331,1,"IOTHUB_CLIENT_CONFIRMATION_OK"
15234,10144152495,10144152535,1,"IOTHUB_CLIENT_CONFIRMATION_OK"
15235,10144152695,10144152729,1,"IOTHUB_CLIENT_CONFIRMATION_OK"
15236,10144152895,10144152940,1,"IOTHUB_CLIENT_CONFIRMATION_OK"
15237,10144153095,10144153138,1,"IOTHUB_CLIENT_CONFIRMATION_OK"
15238,10144153295,10144153338,1,"IOTHUB_CLIENT_CONFIRMATION_OK"
15239,10144153495,10144153559,1,"IOTHUB_CLIENT_CONFIRMATION_OK"
15240,10144153696,10144153734,1,"IOTHUB_CLIENT_CONFIRMATION_OK"
15241,10144153896,10144153936,1,"IOTHUB_CLIENT_CONFIRMATION_OK"
15242,10144154096,10144154152,1,"IOTHUB_CLIENT_CONFIRMATION_OK"
15243,10144154296,10144154355,1,"IOTHUB_CLIENT_CONFIRMATION_OK"
15244,10144154496,10144154528,1,"IOTHUB_CLIENT_CONFIRMATION_OK"
15245,10144154696,10144154759,1,"IOTHUB_CLIENT_CONFIRMATION_OK"
15246,10144154896,10144154936,1,"IOTHUB_CLIENT_CONFIRMATION_OK"
15247,10144155097,10144155167,1,"IOTHUB_CLIENT_CONFIRMATION_OK"
15248,10144155297,10144155330,1,"IOTHUB_CLIENT_CONFIRMATION_OK"
15249,10144155497,10144155535,1,"IOTHUB_CLIENT_CONFIRMATION_OK"
15250,10144155697,10144155788,1,"IOTHUB_CLIENT_CONFIRMATION_OK"
15251,10144155897,10144155947,1,"IOTHUB_CLIENT_CONFIRMATION_OK"
15252,10144156097,10144156149,1,"IOTHUB_CLIENT_CONFIRMATION_OK"
15253,10144156298,10144156335,1,"IOTHUB_CLIENT_CONFIRMATION_OK"
15254,10144156498,10144156545,1,"IOTHUB_CLIENT_CONFIRMATION_OK"
15255,10144156698,10144156821,1,"IOTHUB_CLIENT_CONFIRMATION_OK"
15256,10144156898,10144156935,1,"IOTHUB_CLIENT_CONFIRMATION_OK"
15257,10144157098,10144157139,1,"IOTHUB_CLIENT_CONFIRMATION_OK"
15258,10144157298,10144157469,1,"IOTHUB_CLIENT_CONFIRMATION_OK"
15259,10144157498,10144157532,1,"IOTHUB_CLIENT_CONFIRMATION_OK"
15260,10144157699,10144157732,1,"IOTHUB_CLIENT_CONFIRMATION_OK"
15261,10144157899,10144157942,1,"IOTHUB_CLIENT_CONFIRMATION_OK"
15262,10144158099,10144158137,1,"IOTHUB_CLIENT_CONFIRMATION_OK"
15263,10144158299,10144158333,1,"IOTHUB_CLIENT_CONFIRMATION_OK"
15264,10144158499,10144158551,1,"IOTHUB_CLIENT_CONFIRMATION_OK"
15265,10144158699,10144158783,1,"IOTHUB_CLIENT_CONFIRMATION_OK"
15266,10144158900,10144159122,1,"IOTHUB_CLIENT_CONFIRMATION_OK"
15267,10144159100,10144159138,1,"IOTHUB_CLIENT_CONFIRMATION_OK"
15268,10144159300,10144159344,1,"IOTHUB_CLIENT_CONFIRMATION_OK"
15269,10144159500,10144159541,1,"IOTHUB_CLIENT_CONFIRMATION_OK"
15270,10144159700,10144159733,1,"IOTHUB_CLIENT_CONFIRMATION_OK"
15271,10144159900,10144159939,1,"IOTHUB_CLIENT_CONFIRMATION_OK"
15272,10144160100,10144160149,1,"IOTHUB_CLIENT_CONFIRMATION_OK"
15273,10144160301,10144160333,1,"IOTHUB_CLIENT_CONFIRMATION_OK"
15274,10144160501,10144160573,1,"IOTHUB_CLIENT_CONFIRMATION_OK"
15275,10144160701,10144160741,1,"IOTHUB_CLIENT_CONFIRMATION_OK"
15276,10144160901,10144160937,1,"IOTHUB_CLIENT_CONFIRMATION_OK"
15277,10144161101,10144161153,1,"IOTHUB_CLIENT_CONFIRMATION_OK"
15278,10144161301,10144161340,1,"IOTHUB_CLIENT_CONFIRMATION_OK"
15279,10144161502,10144161552,1,"IOTHUB_CLIENT_CONFIRMATION_OK"
15280,10144161702,10144161740,1,"IOTHUB_CLIENT_CONFIRMATION_OK"
15281,10144161902,10144161942,1,"IOTHUB_CLIENT_CONFIRMATION_OK"
15282,10144162102,10144162200,1,"IOTHUB_CLIENT_CONFIRMATION_OK"
15283,10144162302,10144162342,1,"IOTHUB_CLIENT_CONFIRMATION_OK"
15284,10144162503,10144162543,1,"IOTHUB_CLIENT_CONFIRMATION_OK"
15285,10144162703,10144162816,1,"IOTHUB_CLIENT_CONFIRMATION_OK"
15286,10144162903,10144162959,1,"IOTHUB_CLIENT_CONFIRMATION_OK"
15287,10144163103,10144163148,1,"IOTHUB_CLIENT_CONFIRMATION_OK"
15288,10144163303,10144163343,1,"IOTHUB_CLIENT_CONFIRMATION_OK"
15289,10144163503,10144163554,1,"IOTHUB_CLIENT_CONFIRMATION_OK"
15290,10144163703,10144163809,1,"IOTHUB_CLIENT_CONFIRMATION_OK"
15291,10144163904,10144163943,1,"IOTHUB_CLIENT_CONFIRMATION_OK"
15292,10144164104,10144164144,1,"IOTHUB_CLIENT_CONFIRMATION_OK"
15293,10144164304,10144164412,1,"IOTHUB_CLIENT_CONFIRMATION_OK"
15294,10144164504,10144164557,1,"IOTHUB_CLIENT_CONFIRMATION_OK"
15295,10144164704,10144164745,1,"IOTHUB_CLIENT_CONFIRMATION_OK"
15296,10144164904,10144164945,1,"IOTHUB_CLIENT_CONFIRMATION_OK"
15297,10144165105,10144165141,1,"IOTHUB_CLIENT_CONFIRMATION_OK"
15298,10144165305,10144165447,1,"IOTHUB_CLIENT_CONFIRMATION_OK"
15299,10144165505,10144165541,1,"IOTHUB_CLIENT_CONFIRMATION_OK"
15300,10144165705,10144165751,1,"IOTHUB_CLIENT_CONFIRMATION_OK"
15301,10144165905,10144166047,1,"IOTHUB_CLIENT_CONFIRMATION_OK"
15302,10144166105,10144166144,1,"IOTHUB_CLIENT_CONFIRMATION_OK"
15303,10144166305,10144166340,1,"IOTHUB_CLIENT_CONFIRMATION_OK"
15304,10144166506,10144166542,1,"IOTHUB_CLIENT_CONFIRMATION_OK"
15305,10144166706,10144166741,1,"IOTHUB_CLIENT_CONFIRMATION_OK"
15306,10144166906,10144167065,1,"IOTHUB_CLIENT_CONFIRMATION_OK"
15307,10144167106,10144167146,1,"IOTHUB_CLIENT_CONFIRMATION_OK"
15308,10144167306,10144167347,1,"IOTHUB_CLIENT_CONFIRMATION_OK"
15309,10144167506,10144167545,1,"IOTHUB_CLIENT_CONFIRMATION_OK"
15310,10144167706,10144167749,1,"IOTHUB_CLIENT_CONFIRMATION_OK"
15311,10144167907,10144167959,1,"IOTHUB_CLIENT_CONFIRMATION_OK"
15312,10144168107,10144168146,1,"IOTHUB_CLIENT_CONFIRMATION_OK"
15313,10144168307,10144168368,1,"IOTHUB_CLIENT_CONFIRMATION_OK"
15314,10144168507,10144168676,1,"IOTHUB_CLIENT_CONFIRMATION_OK"
15315,10144168707,10144168802,1,"IOTHUB_CLIENT_CONFIRMATION_OK"
15316,10144168907,10144168956,1,"IOTHUB_CLIENT_CONFIRMATION_OK"
15317,10144169108,10144169146,1,"IOTHUB_CLIENT_CONFIRMATION_OK"
15318,10144169308,10144169343,1,"IOTHUB_CLIENT_CONFIRMATION_OK"
15319,10144169508,10144169548,1,"IOTHUB_CLIENT_CONFIRMATION_OK"
15320,10144169708,10144169782,1,"IOTHUB_CLIENT_CONFIRMATION_OK"
15321,10144169908,10144169943,1,"IOTHUB_CLIENT_CONFIRMATION_OK"
15322,10144170108,10144170358,1,"IOTHUB_CLIENT_CONFIRMATION_OK"
15323,10144170308,10144170382,1,"IOTHUB_CLIENT_CONFIRMATION_OK"
15324,10144170509,10144170546,1,"IOTHUB_CLIENT_CONFIRMATION_OK"
15325,10144170709,10144170768,1,"IOTHUB_CLIENT_CONFIRMATION_OK"
15326,10144170909,10144171014,1,"IOTHUB_CLIENT_CONFIRMATION_OK"
15327,10144171109,10144171144,1,"IOTHUB_CLIENT_CONFIRMATION_OK"
15328,10144171309,10144171402,1,"IOTHUB_CLIENT_CONFIRMATION_OK"
15329,10144171509,10144171558,1,"IOTHUB_CLIENT_CONFIRMATION_OK"
15330,10144171709,10144171762,1,"IOTHUB_CLIENT_CONFIRMATION_OK"
15331,10144171910,10144171949,1,"IOTHUB_CLIENT_CONFIRMATION_OK"
15332,10144172110,10144172146,1,"IOTHUB_CLIENT_CONFIRMATION_OK"
15333,10144172310,10144172385,1,"IOTHUB_CLIENT_CONFIRMATION_OK"
15334,10144172510,10144172553,1,"IOTHUB_CLIENT_CONFIRMATION_OK"
15335,10144172710,10144172753,1,"IOTHUB_CLIENT_CONFIRMATION_OK"
15336,10144172910,10144172947,1,"IOTHUB_CLIENT_CONFIRMATION_OK"
15337,10144173110,10144173145,1,"IOTHUB_CLIENT_CONFIRMATION_OK"
15338,10144173311,10144173354,1,"IOTHUB_CLIENT_CONFIRMATION_OK"
15339,10144173511,10144173666,1,"IOTHUB_CLIENT_CONFIRMATION_OK"
15340,10144173711,10144173751,1,"IOTHUB_CLIENT_CONFIRMATION_OK"
15341,10144173911,10144174029,1,"IOTHUB_CLIENT_CONFIRMATION_OK"
15342,10144174111,10144174238,1,"IOTHUB_CLIENT_CONFIRMATION_OK"
15343,10144174311,10144174370,1,"IOTHUB_CLIENT_CONFIRMATION_OK"
15344,10144174511,10144174559,1,"IOTHUB_CLIENT_CONFIRMATION_OK"
15345,10144174712,10144174903,1,"IOTHUB_CLIENT_CONFIRMATION_OK"
15346,10144174912,10144175031,1,"IOTHUB_CLIENT_CONFIRMATION_OK"
15347,10144175112,10144175144,1,"IOTHUB_CLIENT_CONFIRMATION_OK"
15348,10144175312,10144175366,1,"IOTHUB_CLIENT_CONFIRMATION_OK"
15349,10144175512,10144175553,1,"IOTHUB_CLIENT_CONFIRMATION_OK"
15350,10144175712,10144175760,1,"IOTHUB_CLIENT_CONFIRMATION_OK"
15351,10144175913,10144175948,1,"IOTHUB_CLIENT_CONFIRMATION_OK"
15352,10144176113,10144176149,1,"IOTHUB_CLIENT_CONFIRMATION_OK"
15353,10144176313,10144176348,1,"IOTHUB_CLIENT_CONFIRMATION_OK"
15354,10144176513,10144176586,1,"IOTHUB_CLIENT_CONFIRMATION_OK"
15355,10144176713,10144176776,1,"IOTHUB_CLIENT_CONFIRMATION_OK"
15356,10144176913,10144176980,1,"IOTHUB_CLIENT_CONFIRMATION_OK"
15357,10144177113,10144177147,1,"IOTHUB_CLIENT_CONFIRMATION_OK"
15358,10144177314,10144177353,1,"IOTHUB_CLIENT_CONFIRMATION_OK"
15359,10144177514,10144177561,1,"IOTHUB_CLIENT_CONFIRMATION_OK"
15360,10144177714,10144177762,1,"IOTHUB_CLIENT_CONFIRMATION_OK"
15361,10144177914,10144177960,1,"IOTHUB_CLIENT_CONFIRMATION_OK"
15362,10144178114,10144178157,1,"IOTHUB_CLIENT_CONFIRMATION_OK"
15363,10144178314,10144178380,1,"IOTHUB_CLIENT_CONFIRMATION_OK"
15364,10144178515,10144178566,1,"IOTHUB_CLIENT_CONFIRMATION_OK"
15365,10144178715,10144178885,1,"IOTHUB_CLIENT_CONFIRMATION_OK"
15366,10144178915,10144178951,1,"IOTHUB_CLIENT_CONFIRMATION_OK"
15367,10144179115,10144179274,1,"IOTHUB_CLIENT_CONFIRMATION_OK"
15368,10144179315,10144179355,1,"IOTHUB_CLIENT_CONFIRMATION_OK"
15369,10144179515,10144179554,1,"IOTHUB_CLIENT_CONFIRMATION_OK"
15370,10144179715,10144179753,1,"IOTHUB_CLIENT_CONFIRMATION_OK"
15371,10144179916,10144179979,1,"IOTHUB_CLIENT_CONFIRMATION_OK"
15372,10144180116,10144180157,1,"IOTHUB_CLIENT_CONFIRMATION_OK"
15373,10144180316,10144180499,1,"IOTHUB_CLIENT_CONFIRMATION_OK"
15374,10144180516,10144180561,1,"IOTHUB_CLIENT_CONFIRMATION_OK"
15375,10144180716,10144180756,1,"IOTHUB_CLIENT_CONFIRMATION_OK"
15376,10144180916,10144180951,1,"IOTHUB_CLIENT_CONFIRMATION_OK"
15377,10144181116,10144181158,1,"IOTHUB_CLIENT_CONFIRMATION_OK"
15378,10144181317,10144181357,1,"IOTHUB_CLIENT_CONFIRMATION_OK"
15379,10144181517,10144181555,1,"IOTHUB_CLIENT_CONFIRMATION_OK"
15380,10144181717,10144181758,1,"IOTHUB_CLIENT_CONFIRMATION_OK"
15381,10144181917,10144181963,1,"IOTHUB_CLIENT_CONFIRMATION_OK"
15382,10144182117,10144182182,1,"IOTHUB_CLIENT_CONFIRMATION_OK"
15383,10144182317,10144182357,1,"IOTHUB_CLIENT_CONFIRMATION_OK"
15384,10144182518,10144182621,1,"IOTHUB_CLIENT_CONFIRMATION_OK"
15385,10144182718,10144182770,1,"IOTHUB_CLIENT_CONFIRMATION_OK"
15386,10144182918,10144182955,1,"IOTHUB_CLIENT_CONFIRMATION_OK"
15387,10144183118,10144183158,1,"IOTHUB_CLIENT_CONFIRMATION_OK"
15388,10144183318,10144183358,1,"IOTHUB_CLIENT_CONFIRMATION_OK"
15389,10144183518,10144183567,1,"IOTHUB_CLIENT_CONFIRMATION_OK"
15390,10144183718,10144183752,1,"IOTHUB_CLIENT_CONFIRMATION_OK"
15391,10144183919,10144183958,1,"IOTHUB_CLIENT_CONFIRMATION_OK"
15392,10144184119,10144184161,1,"IOTHUB_CLIENT_CONFIRMATION_OK"
15393,10144184319,10144184410,1,"IOTHUB_CLIENT_CONFIRMATION_OK"
15394,10144184519,10144184561,1,"IOTHUB_CLIENT_CONFIRMATION_OK"
15395,10144184719,10144184759,1,"IOTHUB_CLIENT_CONFIRMATION_OK"
15396,10144184919,10144184958,1,"IOTHUB_CLIENT_CONFIRMATION_OK"
15397,10144185120,10144185227,1,"IOTHUB_CLIENT_CONFIRMATION_OK"
15398,10144185320,10144185364,1,"IOTHUB_CLIENT_CONFIRMATION_OK"
15399,10144185520,10144185555,1,"IOTHUB_CLIENT_CONFIRMATION_OK"
15400,10144185720,10144185890,1,"IOTHUB_CLIENT_CONFIRMATION_OK"
15401,10144185920,10144185973,1,"IOTHUB_CLIENT_CONFIRMATION_OK"
15402,10144186120,10144186158,1,"IOTHUB_CLIENT_CONFIRMATION_OK"
15403,10144186320,10144186357,1,"IOTHUB_CLIENT_CONFIRMATION_OK"
15404,10144186521,10144186563,1,"IOTHUB_CLIENT_CONFIRMATION_OK"
15405,10144186721,10144186890,1,"IOTHUB_CLIENT_CONFIRMATION_OK"
15406,10144186921,10144186964,1,"IOTHUB_CLIENT_CONFIRMATION_OK"
15407,10144187121,10144187164,1,"IOTHUB_CLIENT_CONFIRMATION_OK"
15408,10144187321,10144187479,1,"IOTHUB_CLIENT_CONFIRMATION_OK"
15409,10144187521,10144187565,1,"IOTHUB_CLIENT_CONFIRMATION_OK"
15410,10144187722,10144187755,1,"IOTHUB_CLIENT_CONFIRMATION_OK"
15411,10144187922,10144187988,1,"IOTHUB_CLIENT_CONFIRMATION_OK"
15412,10144188122,10144188180,1,"IOTHUB_CLIENT_CONFIRMATION_OK"
15413,10144188322,10144188360,1,"IOTHUB_CLIENT_CONFIRMATION_OK"
15414,10144188522,10144188692,1,"IOTHUB_CLIENT_CONFIRMATION_OK"
15415,10144188722,10144188759,1,"IOTHUB_CLIENT_CONFIRMATION_OK"
15416,10144188922,10144189103,1,"IOTHUB_CLIENT_CONFIRMATION_OK"
15417,10144189123,10144189158,1,"IOTHUB_CLIENT_CONFIRMATION_OK"
15418,10144189323,10144189359,1,"IOTHUB_CLIENT_CONFIRMATION_OK"
15419,10144189523,10144189559,1,"IOTHUB_CLIENT_CONFIRMATION_OK"
15420,10144189723,10144189762,1,"IOTHUB_CLIENT_CONFIRMATION_OK"
15421,10144189923,10144189966,1,"IOTHUB_CLIENT_CONFIRMATION_OK"
15422,10144190123,10144190159,1,"IOTHUB_CLIENT_CONFIRMATION_OK"
15423,10144190323,10144190365,1,"IOTHUB_CLIENT_CONFIRMATION_OK"
15424,10144190524,10144190564,1,"IOTHUB_CLIENT_CONFIRMATION_OK"
15425,10144190724,10144190777,1,"IOTHUB_CLIENT_CONFIRMATION_OK"
15426,10144190924,10144190984,1,"IOTHUB_CLIENT_CONFIRMATION_OK"
15427,10144191124,10144191176,1,"IOTHUB_CLIENT_CONFIRMATION_OK"
15428,10144191324,10144191361,1,"IOTHUB_CLIENT_CONFIRMATION_OK"
15429,10144191524,10144191561,1,"IOTHUB_CLIENT_CONFIRMATION_OK"
15430,10144191725,10144191773,1,"IOTHUB_CLIENT_CONFIRMATION_OK"
15431,10144191925,10144191960,1,"IOTHUB_CLIENT_CONFIRMATION_OK"
15432,10144192125,10144192211,1,"IOTHUB_CLIENT_CONFIRMATION_OK"
15433,10144192325,10144192363,1,"IOTHUB_CLIENT_CONFIRMATION_OK"
15434,10144192525,10144192563,1,"IOTHUB_CLIENT_CONFIRMATION_OK"
15435,10144192725,10144192811,1,"IOTHUB_CLIENT_CONFIRMATION_OK"
15436,10144192925,10144192983,1,"IOTHUB_CLIENT_CONFIRMATION_OK"
15437,10144193126,10144193163,1,"IOTHUB_CLIENT_CONFIRMATION_OK"
15438,10144193326,10144193359,1,"IOTHUB_CLIENT_CONFIRMATION_OK"
15439,10144193526,10144193590,1,"IOTHUB_CLIENT_CONFIRMATION_OK"
15440,10144193726,10144193911,1,"IOTHUB_CLIENT_CONFIRMATION_OK"
15441,10144193926,10144193969,1,"IOTHUB_CLIENT_CONFIRMATION_OK"
15442,10144194126,10144194173,1,"IOTHUB_CLIENT_CONFIRMATION_OK"
15443,10144194326,10144194463,1,"IOTHUB_CLIENT_CONFIRMATION_OK"
15444,10144194527,10144194599,1,"IOTHUB_CLIENT_CONFIRMATION_OK"
15445,10144194727,10144194780,1,"IOTHUB_CLIENT_CONFIRMATION_OK"
15446,10144194927,10144194982,1,"IOTHUB_CLIENT_CONFIRMATION_OK"
15447,10144195127,10144195165,1,"IOTHUB_CLIENT_CONFIRMATION_OK"
15448,10144195327,10144195500,1,"IOTHUB_CLIENT_CONFIRMATION_OK"
15449,10144195527,10144195564,1,"IOTHUB_CLIENT_CONFIRMATION_OK"
15450,10144195728,10144195764,1,"IOTHUB_CLIENT_CONFIRMATION_OK"
15451,10144195928,10144196085,1,"IOTHUB_CLIENT_CONFIRMATION_OK"
15452,10144196128,10144196163,1,"IOTHUB_CLIENT_CONFIRMATION_OK"
15453,10144196328,10144196361,1,"IOTHUB_CLIENT_CONFIRMATION_OK"
15454,10144196528,10144196565,1,"IOTHUB_CLIENT_CONFIRMATION_OK"
15455,10144196728,10144196769,1,"IOTHUB_CLIENT_CONFIRMATION_OK"
15456,10144196928,10144197137,1,"IOTHUB_CLIENT_CONFIRMATION_OK"
15457,10144197129,10144197192,1,"IOTHUB_CLIENT_CONFIRMATION_OK"
15458,10144197329,10144197364,1,"IOTHUB_CLIENT_CONFIRMATION_OK"
15459,10144197529,10144197567,1,"IOTHUB_CLIENT_CONFIRMATION_OK"
15460,10144197729,10144197774,1,"IOTHUB_CLIENT_CONFIRMATION_OK"
15461,10144197929,10144197991,1,"IOTHUB_CLIENT_CONFIRMATION_OK"
15462,10144198129,10144198194,1,"IOTHUB_CLIENT_CONFIRMATION_OK"
15463,10144198330,10144198385,1,"IOTHUB_CLIENT_CONFIRMATION_OK"
15464,10144198530,10144198601,1,"IOTHUB_CLIENT_CONFIRMATION_OK"
15465,10144198730,10144198776,1,"IOTHUB_CLIENT_CONFIRMATION_OK"
15466,10144198930,10144198970,1,"IOTHUB_CLIENT_CONFIRMATION_OK"
15467,10144199130,10144199213,1,"IOTHUB_CLIENT_CONFIRMATION_OK"
15468,10144199330,10144199368,1,"IOTHUB_CLIENT_CONFIRMATION_OK"
15469,10144199530,10144199564,1,"IOTHUB_CLIENT_CONFIRMATION_OK"
15470,10144199731,10144199860,1,"IOTHUB_CLIENT_CONFIRMATION_OK"
15471,10144199931,10144199986,1,"IOTHUB_CLIENT_CONFIRMATION_OK"
15472,10144200131,10144200247,1,"IOTHUB_CLIENT_CONFIRMATION_OK"
15473,10144200331,10144200371,1,"IOTHUB_CLIENT_CONFIRMATION_OK"
15474,10144200531,10144200578,1,"IOTHUB_CLIENT_CONFIRMATION_OK"
15475,10144200731,10144200853,1,"IOTHUB_CLIENT_CONFIRMATION_OK"
15476,10144200932,10144200970,1,"IOTHUB_CLIENT_CONFIRMATION_OK"
15477,10144201132,10144201170,1,"IOTHUB_CLIENT_CONFIRMATION_OK"
15478,10144201332,10144201379,1,"IOTHUB_CLIENT_CONFIRMATION_OK"
15479,10144201532,10144201572,1,"IOTHUB_CLIENT_CONFIRMATION_OK"
15480,10144201732,10144201865,1,"IOTHUB_CLIENT_CONFIRMATION_OK"
15481,10144201932,10144202024,1,"IOTHUB_CLIENT_CONFIRMATION_OK"
15482,10144202133,10144202170,1,"IOTHUB_CLIENT_CONFIRMATION_OK"
15483,10144202333,10144202489,1,"IOTHUB_CLIENT_CONFIRMATION_OK"
15484,10144202533,10144202572,1,"IOTHUB_CLIENT_CONFIRMATION_OK"
15485,10144202733,10144202766,1,"IOTHUB_CLIENT_CONFIRMATION_OK"
15486,10144202933,10144202972,1,"IOTHUB_CLIENT_CONFIRMATION_OK"
15487,10144203133,10144203171,1,"IOTHUB_CLIENT_CONFIRMATION_OK"
15488,10144203333,10144203383,1,"IOTHUB_CLIENT_CONFIRMATION_OK"
15489,10144203534,10144203572,1,"IOTHUB_CLIENT_CONFIRMATION_OK"
15490,10144203734,10144203773,1,"IOTHUB_CLIENT_CONFIRMATION_OK"
15491,10144203934,10144204110,1,"IOTHUB_CLIENT_CONFIRMATION_OK"
15492,10144204134,10144204173,1,"IOTHUB_CLIENT_CONFIRMATION_OK"
15493,10144204334,10144204381,1,"IOTHUB_CLIENT_CONFIRMATION_OK"
15494,10144204534,10144204572,1,"IOTHUB_CLIENT_CONFIRMATION_OK"
15495,10144204735,10144204773,1,"IOTHUB_CLIENT_CONFIRMATION_OK"
15496,10144204935,10144204971,1,"IOTHUB_CLIENT_CONFIRMATION_OK"
15497,10144205135,10144205175,1,"IOTHUB_CLIENT_CONFIRMATION_OK"
15498,10144205335,10144205369,1,"IOTHUB_CLIENT_CONFIRMATION_OK"
15499,10144205535,10144205569,1,"IOTHUB_CLIENT_CONFIRMATION_OK"
15500,10144205735,10144205787,1,"IOTHUB_CLIENT_CONFIRMATION_OK"
15501,10144205935,10144205970,1,"IOTHUB_CLIENT_CONFIRMATION_OK"
15502,10144206136,10144206182,1,"IOTHUB_CLIENT_CONFIRMATION_OK"
15503,10144206336,10144206374,1,"IOTHUB_CLIENT_CONFIRMATION_OK"
15504,10144206536,10144206573,1,"IOTHUB_CLIENT_CONFIRMATION_OK"
15505,10144206736,10144206892,1,"IOTHUB_CLIENT_CONFIRMATION_OK"
15506,10144206936,10144206981,1,"IOTHUB_CLIENT_CONFIRMATION_OK"
15507,10144207136,10144207196,1,"IOTHUB_CLIENT_CONFIRMATION_OK"
15508,10144207337,10144207415,1,"IOTHUB_CLIENT_CONFIRMATION_OK"
15509,10144207537,10144207573,1,"IOTHUB_CLIENT_CONFIRMATION_OK"
15510,10144207737,10144207811,1,"IOTHUB_CLIENT_CONFIRMATION_OK"
15511,10144207937,10144207978,1,"IOTHUB_CLIENT_CONFIRMATION_OK"
15512,10144208137,10144208195,1,"IOTHUB_CLIENT_CONFIRMATION_OK"
15513,10144208337,10144208376,1,"IOTHUB_CLIENT_CONFIRMATION_OK"
15514,10144208537,10144208594,1,"IOTHUB_CLIENT_CONFIRMATION_OK"
15515,10144208738,10144208844,1,"IOTHUB_CLIENT_CONFIRMATION_OK"
15516,10144208938,10144208976,1,"IOTHUB_CLIENT_CONFIRMATION_OK"
15517,10144209138,10144209172,1,"IOTHUB_CLIENT_CONFIRMATION_OK"
15518,10144209338,10144209463,1,"IOTHUB_CLIENT_CONFIRMATION_OK"
15519,10144209538,10144209578,1,"IOTHUB_CLIENT_CONFIRMATION_OK"
15520,10144209739,10144209780,1,"IOTHUB_CLIENT_CONFIRMATION_OK"
15521,10144209939,10144209980,1,"IOTHUB_CLIENT_CONFIRMATION_OK"
15522,10144210139,10144210177,1,"IOTHUB_CLIENT_CONFIRMATION_OK"
15523,10144210339,10144210478,1,"IOTHUB_CLIENT_CONFIRMATION_OK"
15524,10144210539,10144210577,1,"IOTHUB_CLIENT_CONFIRMATION_OK"
15525,10144210740,10144210778,1,"IOTHUB_CLIENT_CONFIRMATION_OK"
15526,10144210940,10144211080,1,"IOTHUB_CLIENT_CONFIRMATION_OK"
15527,10144211140,10144211192,1,"IOTHUB_CLIENT_CONFIRMATION_OK"
15528,10144211340,10144211388,1,"IOTHUB_CLIENT_CONFIRMATION_OK"
15529,10144211540,10144211576,1,"IOTHUB_CLIENT_CONFIRMATION_OK"
15530,10144211740,10144211775,1,"IOTHUB_CLIENT_CONFIRMATION_OK"
15531,10144211940,10144212098,1,"IOTHUB_CLIENT_CONFIRMATION_OK"
15532,10144212141,10144212176,1,"IOTHUB_CLIENT_CONFIRMATION_OK"
15533,10144212341,10144212373,1,"IOTHUB_CLIENT_CONFIRMATION_OK"
15534,10144212541,10144212588,1,"IOTHUB_CLIENT_CONFIRMATION_OK"
15535,10144212741,10144212779,1,"IOTHUB_CLIENT_CONFIRMATION_OK"
15536,10144212941,10144212980,1,"IOTHUB_CLIENT_CONFIRMATION_OK"
15537,10144213141,10144213175,1,"IOTHUB_CLIENT_CONFIRMATION_OK"
15538,10144213342,10144213375,1,"IOTHUB_CLIENT_CONFIRMATION_OK"
15539,10144213542,10144213767,1,"IOTHUB_CLIENT_CONFIRMATION_OK"
15540,10144213742,10144213790,1,"IOTHUB_CLIENT_CONFIRMATION_OK"
15541,10144213942,10144213999,1,"IOTHUB_CLIENT_CONFIRMATION_OK"
15542,10144214142,10144214178,1,"IOTHUB_CLIENT_CONFIRMATION_OK"
15543,10144214342,10144214391,1,"IOTHUB_CLIENT_CONFIRMATION_OK"
15544,10144214542,10144214580,1,"IOTHUB_CLIENT_CONFIRMATION_OK"
15545,10144214743,10144214783,1,"IOTHUB_CLIENT_CONFIRMATION_OK"
15546,10144214943,10144214979,1,"IOTHUB_CLIENT_CONFIRMATION_OK"
15547,10144215143,10144215241,1,"IOTHUB_CLIENT_CONFIRMATION_OK"
15548,10144215343,10144215386,1,"IOTHUB_CLIENT_CONFIRMATION_OK"
15549,10144215543,10144215593,1,"IOTHUB_CLIENT_CONFIRMATION_OK"
15550,10144215743,10144215853,1,"IOTHUB_CLIENT_CONFIRMATION_OK"
15551,10144215944,10144215979,1,"IOTHUB_CLIENT_CONFIRMATION_OK"
15552,10144216144,10144216182,1,"IOTHUB_CLIENT_CONFIRMATION_OK"
15553,10144216344,10144216379,1,"IOTHUB_CLIENT_CONFIRMATION_OK"
15554,10144216544,10144216583,1,"IOTHUB_CLIENT_CONFIRMATION_OK"
15555,10144216744,10144216983,1,"IOTHUB_CLIENT_CONFIRMATION_OK"
15556,10144216944,10144217005,1,"IOTHUB_CLIENT_CONFIRMATION_OK"
15557,10144217145,10144217181,1,"IOTHUB_CLIENT_CONFIRMATION_OK"
15558,10144217345,10144217507,1,"IOTHUB_CLIENT_CONFIRMATION_OK"
15559,10144217545,10144217585,1,"IOTHUB_CLIENT_CONFIRMATION_OK"
15560,10144217745,10144217779,1,"IOTHUB_CLIENT_CONFIRMATION_OK"
15561,10144217945,10144217986,1,"IOTHUB_CLIENT_CONFIRMATION_OK"
15562,10144218145,10144218184,1,"IOTHUB_CLIENT_CONFIRMATION_OK"
15563,10144218345,10144218383,1,"IOTHUB_CLIENT_CONFIRMATION_OK"
15564,10144218546,10144218583,1,"IOTHUB_CLIENT_CONFIRMATION_OK"
15565,10144218746,10144218779,1,"IOTHUB_CLIENT_CONFIRMATION_OK"
15566,10144218946,10144218989,1,"IOTHUB_CLIENT_CONFIRMATION_OK"
15567,10144219146,10144219182,1,"IOTHUB_CLIENT_CONFIRMATION_OK"
15568,10144219346,10144219411,1,"IOTHUB_CLIENT_CONFIRMATION_OK"
15569,10144219546,10144219607,1,"IOTHUB_CLIENT_CONFIRMATION_OK"
15570,10144219747,10144219787,1,"IOTHUB_CLIENT_CONFIRMATION_OK"
15571,10144219947,10144219988,1,"IOTHUB_CLIENT_CONFIRMATION_OK"
15572,10144220147,10144220187,1,"IOTHUB_CLIENT_CONFIRMATION_OK"
15573,10144220347,10144220388,1,"IOTHUB_CLIENT_CONFIRMATION_OK"
15574,10144220547,10144220588,1,"IOTHUB_CLIENT_CONFIRMATION_OK"
15575,10144220747,10144220787,1,"IOTHUB_CLIENT_CONFIRMATION_OK"
15576,10144220947,10144221111,1,"IOTHUB_CLIENT_CONFIRMATION_OK"
15577,10144221148,10144221330,1,"IOTHUB_CLIENT_CONFIRMATION_OK"
15578,10144221348,10144221412,1,"IOTHUB_CLIENT_CONFIRMATION_OK"
15579,10144221548,10144221586,1,"IOTHUB_CLIENT_CONFIRMATION_OK"
15580,10144221748,10144221788,1,"IOTHUB_CLIENT_CONFIRMATION_OK"
15581,10144221948,10144222006,1,"IOTHUB_CLIENT_CONFIRMATION_OK"
15582,10144222148,10144222354,1,"IOTHUB_CLIENT_CONFIRMATION_OK"
15583,10144222349,10144222386,1,"IOTHUB_CLIENT_CONFIRMATION_OK"
15584,10144222549,10144222587,1,"IOTHUB_CLIENT_CONFIRMATION_OK"
15585,10144222749,10144222861,1,"IOTHUB_CLIENT_CONFIRMATION_OK"
15586,10144222949,10144223007,1,"IOTHUB_CLIENT_CONFIRMATION_OK"
15587,10144223149,10144223184,1,"IOTHUB_CLIENT_CONFIRMATION_OK"
15588,10144223349,10144223390,1,"IOTHUB_CLIENT_CONFIRMATION_OK"
15589,10144223549,10144223624,1,"IOTHUB_CLIENT_CONFIRMATION_OK"
15590,10144223750,10144223888,1,"IOTHUB_CLIENT_CONFIRMATION_OK"
15591,10144223950,10144223983,1,"IOTHUB_CLIENT_CONFIRMATION_OK"
15592,10144224150,10144224188,1,"IOTHUB_CLIENT_CONFIRMATION_OK"
15593,10144224350,10144224386,1,"IOTHUB_CLIENT_CONFIRMATION_OK"
15594,10144224550,10144224616,1,"IOTHUB_CLIENT_CONFIRMATION_OK"
15595,10144224750,10144224788,1,"IOTHUB_CLIENT_CONFIRMATION_OK"
15596,10144224951,10144225002,1,"IOTHUB_CLIENT_CONFIRMATION_OK"
15597,10144225151,10144225187,1,"IOTHUB_CLIENT_CONFIRMATION_OK"
15598,10144225351,10144225542,1,"IOTHUB_CLIENT_CONFIRMATION_OK"
15599,10144225551,10144225608,1,"IOTHUB_CLIENT_CONFIRMATION_OK"
15600,10144225751,10144225812,1,"IOTHUB_CLIENT_CONFIRMATION_OK"
15601,10144225951,10144226028,1,"IOTHUB_CLIENT_CONFIRMATION_OK"
15602,10144226151,10144226192,1,"IOTHUB_CLIENT_CONFIRMATION_OK"
15603,10144226352,10144226409,1,"IOTHUB_CLIENT_CONFIRMATION_OK"
15604,10144226552,10144226589,1,"IOTHUB_CLIENT_CONFIRMATION_OK"
15605,10144226752,10144226795,1,"IOTHUB_CLIENT_CONFIRMATION_OK"
15606,10144226952,10144227157,1,"IOTHUB_CLIENT_CONFIRMATION_OK"
15607,10144227152,10144227184,1,"IOTHUB_CLIENT_CONFIRMATION_OK"
15608,10144227352,10144227390,1,"IOTHUB_CLIENT_CONFIRMATION_OK"
15609,10144227553,10144227606,1,"IOTHUB_CLIENT_CONFIRMATION_OK"
15610,10144227753,10144227807,1,"IOTHUB_CLIENT_CONFIRMATION_OK"
15611,10144227953,10144228006,1,"IOTHUB_CLIENT_CONFIRMATION_OK"
15612,10144228153,10144228191,1,"IOTHUB_CLIENT_CONFIRMATION_OK"
15613,10144228353,10144228396,1,"IOTHUB_CLIENT_CONFIRMATION_OK"
15614,10144228553,10144228594,1,"IOTHUB_CLIENT_CONFIRMATION_OK"
15615,10144228753,10144228789,1,"IOTHUB_CLIENT_CONFIRMATION_OK"
15616,10144228954,10144228992,1,"IOTHUB_CLIENT_CONFIRMATION_OK"
15617,10144229154,10144229211,1,"IOTHUB_CLIENT_CONFIRMATION_OK"
15618,10144229354,10144229403,1,"IOTHUB_CLIENT_CONFIRMATION_OK"
15619,10144229554,10144229606,1,"IOTHUB_CLIENT_CONFIRMATION_OK"
15620,10144229754,10144229805,1,"IOTHUB_CLIENT_CONFIRMATION_OK"
15621,10144229954,10144230002,1,"IOTHUB_CLIENT_CONFIRMATION_OK"
15622,10144230155,10144230229,1,"IOTHUB_CLIENT_CONFIRMATION_OK"
15623,10144230355,10144230426,1,"IOTHUB_CLIENT_CONFIRMATION_OK"
15624,10144230555,10144230590,1,"IOTHUB_CLIENT_CONFIRMATION_OK"
15625,10144230755,10144230824,1,"IOTHUB_CLIENT_CONFIRMATION_OK"
15626,10144230955,10144230990,1,"IOTHUB_CLIENT_CONFIRMATION_OK"
15627,10144231155,10144231197,1,"IOTHUB_CLIENT_CONFIRMATION_OK"
15628,10144231355,10144231601,1,"IOTHUB_CLIENT_CONFIRMATION_OK"
15629,10144231556,10144232051,1,"IOTHUB_CLIENT_CONFIRMATION_OK"
15630,10144231756,10144232121,1,"IOTHUB_CLIENT_CONFIRMATION_OK"
15631,10144231956,10144232172,1,"IOTHUB_CLIENT_CONFIRMATION_OK"
15632,10144232156,10144232205,1,"IOTHUB_CLIENT_CONFIRMATION_OK"
15633,10144232356,10144232499,1,"IOTHUB_CLIENT_CONFIRMATION_OK"
15634,10144232556,10144232593,1,"IOTHUB_CLIENT_CONFIRMATION_OK"
15635,10144232757,10144232795,1,"IOTHUB_CLIENT_CONFIRMATION_OK"
15636,10144232957,10144232994,1,"IOTHUB_CLIENT_CONFIRMATION_OK"
15637,10144233157,10144233196,1,"IOTHUB_CLIENT_CONFIRMATION_OK"
15638,10144233357,10144233390,1,"IOTHUB_CLIENT_CONFIRMATION_OK"
15639,10144233557,10144233600,1,"IOTHUB_CLIENT_CONFIRMATION_OK"
15640,10144233757,10144233802,1,"IOTHUB_CLIENT_CONFIRMATION_OK"
15641,10144233958,10144234107,1,"IOTHUB_CLIENT_CONFIRMATION_OK"
15642,10144234158,10144234198,1,"IOTHUB_CLIENT_CONFIRMATION_OK"
15643,10144234358,10144234573,1,"IOTHUB_CLIENT_CONFIRMATION_OK"
15644,10144234558,10144234608,1,"IOTHUB_CLIENT_CONFIRMATION_OK"
15645,10144234758,10144234792,1,"IOTHUB_CLIENT_CONFIRMATION_OK"
15646,10144234958,10144234995,1,"IOTHUB_CLIENT_CONFIRMATION_OK"
15647,10144235158,10144235198,1,"IOTHUB_CLIENT_CONFIRMATION_OK"
15648,10144235359,10144235404,1,"IOTHUB_CLIENT_CONFIRMATION_OK"
15649,10144235559,10144235657,1,"IOTHUB_CLIENT_CONFIRMATION_OK"
15650,10144235759,10144235796,1,"IOTHUB_CLIENT_CONFIRMATION_OK"
15651,10144235959,10144235994,1,"IOTHUB_CLIENT_CONFIRMATION_OK"
15652,10144236159,10144236198,1,"IOTHUB_CLIENT_CONFIRMATION_OK"
15653,10144236359,10144236412,1,"IOTHUB_CLIENT_CONFIRMATION_OK"
15654,10144236560,10144236593,1,"IOTHUB_CLIENT_CONFIRMATION_OK"
15655,10144236760,10144236795,1,"IOTHUB_CLIENT_CONFIRMATION_OK"
15656,10144236960,10144236997,1,"IOTHUB_CLIENT_CONFIRMATION_OK"
15657,10144237160,10144237344,1,"IOTHUB_CLIENT_CONFIRMATION_OK"
15658,10144237360,10144237398,1,"IOTHUB_CLIENT_CONFIRMATION_OK"
15659,10144237560,10144237602,1,"IOTHUB_CLIENT_CONFIRMATION_OK"
15660,10144237760,10144237801,1,"IOTHUB_CLIENT_CONFIRMATION_OK"
15661,10144237961,10144238007,1,"IOTHUB_CLIENT_CONFIRMATION_OK"
15662,10144238161,10144238200,1,"IOTHUB_CLIENT_CONFIRMATION_OK"
15663,10144238361,10144238413,1,"IOTHUB_CLIENT_CONFIRMATION_OK"
15664,10144238561,10144238607,1,"IOTHUB_CLIENT_CONFIRMATION_OK"
15665,10144238761,10144238815,1,"IOTHUB_CLIENT_CONFIRMATION_OK"
15666,10144238961,10144239036,1,"IOTHUB_CLIENT_CONFIRMATION_OK"
15667,10144239162,10144239199,1,"IOTHUB_CLIENT_CONFIRMATION_OK"
15668,10144239362,10144239411,1,"IOTHUB_CLIENT_CONFIRMATION_OK"
15669,10144239562,10144239615,1,"IOTHUB_CLIENT_CONFIRMATION_OK"
15670,10144239762,10144239802,1,"IOTHUB_CLIENT_CONFIRMATION_OK"
15671,10144239962,10144240007,1,"IOTHUB_CLIENT_CONFIRMATION_OK"
15672,10144240162,10144240205,1,"IOTHUB_CLIENT_CONFIRMATION_OK"
15673,10144240363,10144240501,1,"IOTHUB_CLIENT_CONFIRMATION_OK"
15674,10144240563,10144240612,1,"IOTHUB_CLIENT_CONFIRMATION_OK"
15675,10144240763,10144240800,1,"IOTHUB_CLIENT_CONFIRMATION_OK"
15676,10144240963,10144241113,1,"IOTHUB_CLIENT_CONFIRMATION_OK"
15677,10144241163,10144241200,1,"IOTHUB_CLIENT_CONFIRMATION_OK"
15678,10144241363,10144241410,1,"IOTHUB_CLIENT_CONFIRMATION_OK"
15679,10144241563,10144241603,1,"IOTHUB_CLIENT_CONFIRMATION_OK"
15680,10144241764,10144241806,1,"IOTHUB_CLIENT_CONFIRMATION_OK"
15681,10144241964,10144242137,1,"IOTHUB_CLIENT_CONFIRMATION_OK"
15682,10144242164,10144242204,1,"IOTHUB_CLIENT_CONFIRMATION_OK"
15683,10144242364,10144242411,1,"IOTHUB_CLIENT_CONFIRMATION_OK"
15684,10144242564,10144242600,1,"IOTHUB_CLIENT_CONFIRMATION_OK"
15685,10144242764,10144242804,1,"IOTHUB_CLIENT_CONFIRMATION_OK"
15686,10144242964,10144243004,1,"IOTHUB_CLIENT_CONFIRMATION_OK"
15687,10144243165,10144243214,1,"IOTHUB_CLIENT_CONFIRMATION_OK"
15688,10144243365,10144243403,1,"IOTHUB_CLIENT_CONFIRMATION_OK"
15689,10144243565,10144243810,1,"IOTHUB_CLIENT_CONFIRMATION_OK"
15690,10144243765,10144243825,1,"IOTHUB_CLIENT_CONFIRMATION_OK"
15691,10144243965,10144244036,1,"IOTHUB_CLIENT_CONFIRMATION_OK"
15692,10144244166,10144244212,1,"IOTHUB_CLIENT_CONFIRMATION_OK"
15693,10144244366,10144244401,1,"IOTHUB_CLIENT_CONFIRMATION_OK"
15694,10144244566,10144244599,1,"IOTHUB_CLIENT_CONFIRMATION_OK"
15695,10144244766,10144244811,1,"IOTHUB_CLIENT_CONFIRMATION_OK"
15696,10144244966,10144245013,1,"IOTHUB_CLIENT_CONFIRMATION_OK"
15697,10144245166,10144245204,1,"IOTHUB_CLIENT_CONFIRMATION_OK"
15698,10144245366,10144245404,1,"IOTHUB_CLIENT_CONFIRMATION_OK"
15699,10144245567,10144245603,1,"IOTHUB_CLIENT_CONFIRMATION_OK"
15700,10144245767,10144245871,1,"IOTHUB_CLIENT_CONFIRMATION_OK"
15701,10144245967,10144245999,1,"IOTHUB_CLIENT_CONFIRMATION_OK"
15702,10144246167,10144246220,1,"IOTHUB_CLIENT_CONFIRMATION_OK"
15703,10144246367,10144246407,1,"IOTHUB_CLIENT_CONFIRMATION_OK"
15704,10144246567,10144246601,1,"IOTHUB_CLIENT_CONFIRMATION_OK"
15705,10144246767,10144246873,1,"IOTHUB_CLIENT_CONFIRMATION_OK"
15706,10144246968,10144247010,1,"IOTHUB_CLIENT_CONFIRMATION_OK"
15707,10144247168,10144247207,1,"IOTHUB_CLIENT_CONFIRMATION_OK"
15708,10144247368,10144247510,1,"IOTHUB_CLIENT_CONFIRMATION_OK"
15709,10144247568,10144247619,1,"IOTHUB_CLIENT_CONFIRMATION_OK"
15710,10144247768,10144247807,1,"IOTHUB_CLIENT_CONFIRMATION_OK"
15711,10144247968,10144248009,1,"IOTHUB_CLIENT_CONFIRMATION_OK"
15712,10144248168,10144248207,1,"IOTHUB_CLIENT_CONFIRMATION_OK"
15713,10144248369,10144248412,1,"IOTHUB_CLIENT_CONFIRMATION_OK"
15714,10144248569,10144248604,1,"IOTHUB_CLIENT_CONFIRMATION_OK"
15715,10144248769,10144248807,1,"IOTHUB_CLIENT_CONFIRMATION_OK"
15716,10144248969,10144249006,1,"IOTHUB_CLIENT_CONFIRMATION_OK"
15717,10144249169,10144249207,1,"IOTHUB_CLIENT_CONFIRMATION_OK"
15718,10144249369,10144249406,1,"IOTHUB_CLIENT_CONFIRMATION_OK"
15719,10144249569,10144249625,1,"IOTHUB_CLIENT_CONFIRMATION_OK"
15720,10144249770,10144249809,1,"IOTHUB_CLIENT_CONFIRMATION_OK"
15721,10144249970,10144250007,1,"IOTHUB_CLIENT_CONFIRMATION_OK"
15722,10144250170,10144250231,1,"IOTHUB_CLIENT_CONFIRMATION_OK"
15723,10144250370,10144250403,1,"IOTHUB_CLIENT_CONFIRMATION_OK"
15724,10144250570,10144250714,1,"IOTHUB_CLIENT_CONFIRMATION_OK"
15725,10144250770,10144250813,1,"IOTHUB_CLIENT_CONFIRMATION_OK"
15726,10144250970,10144251007,1,"IOTHUB_CLIENT_CONFIRMATION_OK"
15727,10144251171,10144251207,1,"IOTHUB_CLIENT_CONFIRMATION_OK"
15728,10144251371,10144251421,1,"IOTHUB_CLIENT_CONFIRMATION_OK"
15729,10144251571,10144251606,1,"IOTHUB_CLIENT_CONFIRMATION_OK"
15730,10144251771,10144251810,1,"IOTHUB_CLIENT_CONFIRMATION_OK"
15731,10144251971,10144252010,1,"IOTHUB_CLIENT_CONFIRMATION_OK"
15732,10144252172,10144252357,1,"IOTHUB_CLIENT_CONFIRMATION_OK"
15733,10144252372,10144252432,1,"IOTHUB_CLIENT_CONFIRMATION_OK"
15734,10144252572,10144252609,1,"IOTHUB_CLIENT_CONFIRMATION_OK"
15735,10144252772,10144252809,1,"IOTHUB_CLIENT_CONFIRMATION_OK"
15736,10144252972,10144253028,1,"IOTHUB_CLIENT_CONFIRMATION_OK"
15737,10144253172,10144253213,1,"IOTHUB_CLIENT_CONFIRMATION_OK"
15738,10144253373,10144253411,1,"IOTHUB_CLIENT_CONFIRMATION_OK"
15739,10144253573,10144253623,1,"IOTHUB_CLIENT_CONFIRMATION_OK"
15740,10144253773,10144253818,1,"IOTHUB_CLIENT_CONFIRMATION_OK"
15741,10144253973,10144254007,1,"IOTHUB_CLIENT_CONFIRMATION_OK"
15742,10144254173,10144254211,1,"IOTHUB_CLIENT_CONFIRMATION_OK"
15743,10144254373,10144254409,1,"IOTHUB_CLIENT_CONFIRMATION_OK"
15744,10144254574,10144254612,1,"IOTHUB_CLIENT_CONFIRMATION_OK"
15745,10144254774,10144254810,1,"IOTHUB_CLIENT_CONFIRMATION_OK"
15746,10144254974,10144255018,1,"IOTHUB_CLIENT_CONFIRMATION_OK"
15747,10144255174,10144255217,1,"IOTHUB_CLIENT_CONFIRMATION_OK"
15748,10144255374,10144255420,1,"IOTHUB_CLIENT_CONFIRMATION_OK"
15749,10144255574,10144255717,1,"IOTHUB_CLIENT_CONFIRMATION_OK"
15750,10144255775,10144255814,1,"IOTHUB_CLIENT_CONFIRMATION_OK"
15751,10144255975,10144256021,1,"IOTHUB_CLIENT_CONFIRMATION_OK"
15752,10144256175,10144256213,1,"IOTHUB_CLIENT_CONFIRMATION_OK"
15753,10144256375,10144256418,1,"IOTHUB_CLIENT_CONFIRMATION_OK"
15754,10144256575,10144256613,1,"IOTHUB_CLIENT_CONFIRMATION_OK"
15755,10144256775,10144256822,1,"IOTHUB_CLIENT_CONFIRMATION_OK"
15756,10144256975,10144257187,1,"IOTHUB_CLIENT_CONFIRMATION_OK"
15757,10144257176,10144257212,1,"IOTHUB_CLIENT_CONFIRMATION_OK"
15758,10144257376,10144257418,1,"IOTHUB_CLIENT_CONFIRMATION_OK"
15759,10144257576,10144257614,1,"IOTHUB_CLIENT_CONFIRMATION_OK"
15760,10144257776,10144257816,1,"IOTHUB_CLIENT_CONFIRMATION_OK"
15761,10144257976,10144258009,1,"IOTHUB_CLIENT_CONFIRMATION_OK"
15762,10144258176,10144258217,1,"IOTHUB_CLIENT_CONFIRMATION_OK"
15763,10144258376,10144258412,1,"IOTHUB_CLIENT_CONFIRMATION_OK"
15764,10144258577,10144258627,1,"IOTHUB_CLIENT_CONFIRMATION_OK"
15765,10144258777,10144258812,1,"IOTHUB_CLIENT_CONFIRMATION_OK"
15766,10144258977,10144259025,1,"IOTHUB_CLIENT_CONFIRMATION_OK"
15767,10144259177,10144259227,1,"IOTHUB_CLIENT_CONFIRMATION_OK"
15768,10144259377,10144259426,1,"IOTHUB_CLIENT_CONFIRMATION_OK"
15769,10144259577,10144259639,1,"IOTHUB_CLIENT_CONFIRMATION_OK"
15770,10144259778,10144259850,1,"IOTHUB_CLIENT_CONFIRMATION_OK"
15771,10144259978,10144260021,1,"IOTHUB_CLIENT_CONFIRMATION_OK"
15772,10144260178,10144260514,1,"IOTHUB_CLIENT_CONFIRMATION_OK"
15773,10144260378,10144260533,1,"IOTHUB_CLIENT_CONFIRMATION_OK"
15774,10144260578,10144260620,1,"IOTHUB_CLIENT_CONFIRMATION_OK"
15775,10144260778,10144260903,1,"IOTHUB_CLIENT_CONFIRMATION_OK"
15776,10144260978,10144261017,1,"IOTHUB_CLIENT_CONFIRMATION_OK"
15777,10144261179,10144261212,1,"IOTHUB_CLIENT_CONFIRMATION_OK"
15778,10144261379,10144261424,1,"IOTHUB_CLIENT_CONFIRMATION_OK"
15779,10144261579,10144261631,1,"IOTHUB_CLIENT_CONFIRMATION_OK"
15780,10144261779,10144261933,1,"IOTHUB_CLIENT_CONFIRMATION_OK"
15781,10144261979,10144262036,1,"IOTHUB_CLIENT_CONFIRMATION_OK"
15782,10144262179,10144262218,1,"IOTHUB_CLIENT_CONFIRMATION_OK"
15783,10144262379,10144262566,1,"IOTHUB_CLIENT_CONFIRMATION_OK"
15784,10144262580,10144262617,1,"IOTHUB_CLIENT_CONFIRMATION_OK"
15785,10144262780,10144262836,1,"IOTHUB_CLIENT_CONFIRMATION_OK"
15786,10144262980,10144263017,1,"IOTHUB_CLIENT_CONFIRMATION_OK"
15787,10144263180,10144263217,1,"IOTHUB_CLIENT_CONFIRMATION_OK"
15788,10144263380,10144263415,1,"IOTHUB_CLIENT_CONFIRMATION_OK"
15789,10144263580,10144263628,1,"IOTHUB_CLIENT_CONFIRMATION_OK"
15790,10144263781,10144263824,1,"IOTHUB_CLIENT_CONFIRMATION_OK"
15791,10144263981,10144264020,1,"IOTHUB_CLIENT_CONFIRMATION_OK"
15792,10144264181,10144264313,1,"IOTHUB_CLIENT_CONFIRMATION_OK"
15793,10144264381,10144264415,1,"IOTHUB_CLIENT_CONFIRMATION_OK"
15794,10144264581,10144264616,1,"IOTHUB_CLIENT_CONFIRMATION_OK"
15795,10144264781,10144264822,1,"IOTHUB_CLIENT_CONFIRMATION_OK"
15796,10144264981,10144265019,1,"IOTHUB_CLIENT_CONFIRMATION_OK"
15797,10144265182,10144265219,1,"IOTHUB_CLIENT_CONFIRMATION_OK"
15798,10144265382,10144265415,1,"IOTHUB_CLIENT_CONFIRMATION_OK"
15799,10144265582,10144265755,1,"IOTHUB_CLIENT_CONFIRMATION_OK"
15800,10144265782,10144265819,1,"IOTHUB_CLIENT_CONFIRMATION_OK"
15801,10144265982,10144266025,1,"IOTHUB_CLIENT_CONFIRMATION_OK"
15802,10144266182,10144266221,1,"IOTHUB_CLIENT_CONFIRMATION_OK"
15803,10144266383,10144266419,1,"IOTHUB_CLIENT_CONFIRMATION_OK"
15804,10144266583,10144266623,1,"IOTHUB_CLIENT_CONFIRMATION_OK"
15805,10144266783,10144266820,1,"IOTHUB_CLIENT_CONFIRMATION_OK"
15806,10144266983,10144267018,1,"IOTHUB_CLIENT_CONFIRMATION_OK"
15807,10144267183,10144267424,1,"IOTHUB_CLIENT_CONFIRMATION_OK"
15808,10144267383,10144267445,1,"IOTHUB_CLIENT_CONFIRMATION_OK"
15809,10144267583,10144267623,1,"IOTHUB_CLIENT_CONFIRMATION_OK"
15810,10144267784,10144267839,1,"IOTHUB_CLIENT_CONFIRMATION_OK"
15811,10144267984,10144268023,1,"IOTHUB_CLIENT_CONFIRMATION_OK"
15812,10144268184,10144268220,1,"IOTHUB_CLIENT_CONFIRMATION_OK"
15813,10144268384,10144268423,1,"IOTHUB_CLIENT_CONFIRMATION_OK"
15814,10144268584,10144268622,1,"IOTHUB_CLIENT_CONFIRMATION_OK"
15815,10144268785,10144268855,1,"IOTHUB_CLIENT_CONFIRMATION_OK"
15816,10144268985,10144269081,1,"IOTHUB_CLIENT_CONFIRMATION_OK"
15817,10144269185,10144269221,1,"IOTHUB_CLIENT_CONFIRMATION_OK"
15818,10144269385,10144269512,1,"IOTHUB_CLIENT_CONFIRMATION_OK"
15819,10144269585,10144269619,1,"IOTHUB_CLIENT_CONFIRMATION_OK"
15820,10144269785,10144269835,1,"IOTHUB_CLIENT_CONFIRMATION_OK"
15821,10144269985,10144270023,1,"IOTHUB_CLIENT_CONFIRMATION_OK"
15822,10144270186,10144270221,1,"IOTHUB_CLIENT_CONFIRMATION_OK"
15823,10144270386,10144270527,1,"IOTHUB_CLIENT_CONFIRMATION_OK"
15824,10144270586,10144270624,1,"IOTHUB_CLIENT_CONFIRMATION_OK"
15825,10144270786,10144270835,1,"IOTHUB_CLIENT_CONFIRMATION_OK"
15826,10144270986,10144271025,1,"IOTHUB_CLIENT_CONFIRMATION_OK"
15827,10144271186,10144271224,1,"IOTHUB_CLIENT_CONFIRMATION_OK"
15828,10144271386,10144271421,1,"IOTHUB_CLIENT_CONFIRMATION_OK"
15829,10144271587,10144271620,1,"IOTHUB_CLIENT_CONFIRMATION_OK"
15830,10144271787,10144271827,1,"IOTHUB_CLIENT_CONFIRMATION_OK"
15831,10144271987,10144272176,1,"IOTHUB_CLIENT_CONFIRMATION_OK"
15832,10144272187,10144272228,1,"IOTHUB_CLIENT_CONFIRMATION_OK"
15833,10144272387,10144272425,1,"IOTHUB_CLIENT_CONFIRMATION_OK"
15834,10144272587,10144272622,1,"IOTHUB_CLIENT_CONFIRMATION_OK"
15835,10144272788,10144272822,1,"IOTHUB_CLIENT_CONFIRMATION_OK"
15836,10144272988,10144273023,1,"IOTHUB_CLIENT_CONFIRMATION_OK"
15837,10144273188,10144273231,1,"IOTHUB_CLIENT_CONFIRMATION_OK"
15838,10144273388,10144273423,1,"IOTHUB_CLIENT_CONFIRMATION_OK"
15839,10144273588,10144273835,1,"IOTHUB_CLIENT_CONFIRMATION_OK"
15840,10144273788,10144273870,1,"IOTHUB_CLIENT_CONFIRMATION_OK"
15841,10144273988,10144274026,1,"IOTHUB_CLIENT_CONFIRMATION_OK"
15842,10144274189,10144274234,1,"IOTHUB_CLIENT_CONFIRMATION_OK"
15843,10144274389,10144274422,1,"IOTHUB_CLIENT_CONFIRMATION_OK"
15844,10144274589,10144274622,1,"IOTHUB_CLIENT_CONFIRMATION_OK"
15845,10144274789,10144274852,1,"IOTHUB_CLIENT_CONFIRMATION_OK"
15846,10144274989,10144275028,1,"IOTHUB_CLIENT_CONFIRMATION_OK"
15847,10144275189,10144275278,1,"IOTHUB_CLIENT_CONFIRMATION_OK"
15848,10144275390,10144275425,1,"IOTHUB_CLIENT_CONFIRMATION_OK"
15849,10144275590,10144275627,1,"IOTHUB_CLIENT_CONFIRMATION_OK"
15850,10144275790,10144275920,1,"IOTHUB_CLIENT_CONFIRMATION_OK"
15851,10144275990,10144276027,1,"IOTHUB_CLIENT_CONFIRMATION_OK"
15852,10144276190,10144276251,1,"IOTHUB_CLIENT_CONFIRMATION_OK"
15853,10144276390,10144276433,1,"IOTHUB_CLIENT_CONFIRMATION_OK"
15854,10144276590,10144276624,1,"IOTHUB_CLIENT_CONFIRMATION_OK"
15855,10144276791,10144276925,1,"IOTHUB_CLIENT_CONFIRMATION_OK"
15856,10144276991,10144277059,1,"IOTHUB_CLIENT_CONFIRMATION_OK"
15857,10144277191,10144277226,1,"IOTHUB_CLIENT_CONFIRMATION_OK"
15858,10144277391,10144277567,1,"IOTHUB_CLIENT_CONFIRMATION_OK"
15859,10144277591,10144277626,1,"IOTHUB_CLIENT_CONFIRMATION_OK"
15860,10144277791,10144277826,1,"IOTHUB_CLIENT_CONFIRMATION_OK"
15861,10144277992,10144278029,1,"IOTHUB_CLIENT_CONFIRMATION_OK"
15862,10144278192,10144278227,1,"IOTHUB_CLIENT_CONFIRMATION_OK"
15863,10144278392,10144278425,1,"IOTHUB_CLIENT_CONFIRMATION_OK"
15864,10144278592,10144278630,1,"IOTHUB_CLIENT_CONFIRMATION_OK"
15865,10144278792,10144278841,1,"IOTHUB_CLIENT_CONFIRMATION_OK"
15866,10144278992,10144279063,1,"IOTHUB_CLIENT_CONFIRMATION_OK"
15867,10144279193,10144279236,1,"IOTHUB_CLIENT_CONFIRMATION_OK"
15868,10144279393,10144279428,1,"IOTHUB_CLIENT_CONFIRMATION_OK"
15869,10144279593,10144279633,1,"IOTHUB_CLIENT_CONFIRMATION_OK"
15870,10144279793,10144279842,1,"IOTHUB_CLIENT_CONFIRMATION_OK"
15871,10144279993,10144280037,1,"IOTHUB_CLIENT_CONFIRMATION_OK"
15872,10144280193,10144280229,1,"IOTHUB_CLIENT_CONFIRMATION_OK"
15873,10144280393,10144280430,1,"IOTHUB_CLIENT_CONFIRMATION_OK"
15874,10144280594,10144280652,1,"IOTHUB_CLIENT_CONFIRMATION_OK"
15875,10144280794,10144280831,1,"IOTHUB_CLIENT_CONFIRMATION_OK"
15876,10144280994,10144281064,1,"IOTHUB_CLIENT_CONFIRMATION_OK"
15877,10144281194,10144281268,1,"IOTHUB_CLIENT_CONFIRMATION_OK"
15878,10144281394,10144281433,1,"IOTHUB_CLIENT_CONFIRMATION_OK"
15879,10144281594,10144281632,1,"IOTHUB_CLIENT_CONFIRMATION_OK"
15880,10144281795,10144281840,1,"IOTHUB_CLIENT_CONFIRMATION_OK"
15881,10144281995,10144282027,1,"IOTHUB_CLIENT_CONFIRMATION_OK"
15882,10144282195,10144282291,1,"IOTHUB_CLIENT_CONFIRMATION_OK"
15883,10144282395,10144282443,1,"IOTHUB_CLIENT_CONFIRMATION_OK"
15884,10144282595,10144282638,1,"IOTHUB_CLIENT_CONFIRMATION_OK"
15885,10144282795,10144282944,1,"IOTHUB_CLIENT_CONFIRMATION_OK"
15886,10144282995,10144283037,1,"IOTHUB_CLIENT_CONFIRMATION_OK"
15887,10144283196,10144283264,1,"IOTHUB_CLIENT_CONFIRMATION_OK"
15888,10144283396,10144283475,1,"IOTHUB_CLIENT_CONFIRMATION_OK"
15889,10144283596,10144283642,1,"IOTHUB_CLIENT_CONFIRMATION_OK"
15890,10144283796,10144283878,1,"IOTHUB_CLIENT_CONFIRMATION_OK"
15891,10144283996,10144284039,1,"IOTHUB_CLIENT_CONFIRMATION_OK"
15892,10144284197,10144284235,1,"IOTHUB_CLIENT_CONFIRMATION_OK"
15893,10144284397,10144284513,1,"IOTHUB_CLIENT_CONFIRMATION_OK"
15894,10144284597,10144284635,1,"IOTHUB_CLIENT_CONFIRMATION_OK"
15895,10144284797,10144284832,1,"IOTHUB_CLIENT_CONFIRMATION_OK"
15896,10144284997,10144285039,1,"IOTHUB_CLIENT_CONFIRMATION_OK"
15897,10144285197,10144285232,1,"IOTHUB_CLIENT_CONFIRMATION_OK"
15898,10144285398,10144285556,1,"IOTHUB_CLIENT_CONFIRMATION_OK"
15899,10144285598,10144285637,1,"IOTHUB_CLIENT_CONFIRMATION_OK"
15900,10144285798,10144285835,1,"IOTHUB_CLIENT_CONFIRMATION_OK"
15901,10144285998,10144286045,1,"IOTHUB_CLIENT_CONFIRMATION_OK"
15902,10144286198,10144286234,1,"IOTHUB_CLIENT_CONFIRMATION_OK"
15903,10144286398,10144286438,1,"IOTHUB_CLIENT_CONFIRMATION_OK"
15904,10144286598,10144286633,1,"IOTHUB_CLIENT_CONFIRMATION_OK"
15905,10144286799,10144286845,1,"IOTHUB_CLIENT_CONFIRMATION_OK"
15906,10144286999,10144287207,1,"IOTHUB_CLIENT_CONFIRMATION_OK"
15907,10144287199,10144287242,1,"IOTHUB_CLIENT_CONFIRMATION_OK"
15908,10144287399,10144287438,1,"IOTHUB_CLIENT_CONFIRMATION_OK"
15909,10144287599,10144287648,1,"IOTHUB_CLIENT_CONFIRMATION_OK"
15910,10144287799,10144287846,1,"IOTHUB_CLIENT_CONFIRMATION_OK"
15911,10144287999,10144288036,1,"IOTHUB_CLIENT_CONFIRMATION_OK"
15912,10144288200,10144288242,1,"IOTHUB_CLIENT_CONFIRMATION_OK"
15913,10144288400,10144288439,1,"IOTHUB_CLIENT_CONFIRMATION_OK"
15914,10144288600,10144288634,1,"IOTHUB_CLIENT_CONFIRMATION_OK"
15915,10144288800,10144288837,1,"IOTHUB_CLIENT_CONFIRMATION_OK"
15916,10144289000,10144289035,1,"IOTHUB_CLIENT_CONFIRMATION_OK"
15917,10144289200,10144289238,1,"IOTHUB_CLIENT_CONFIRMATION_OK"
15918,10144289400,10144289432,1,"IOTHUB_CLIENT_CONFIRMATION_OK"
15919,10144289601,10144289637,1,"IOTHUB_CLIENT_CONFIRMATION_OK"
15920,10144289801,10144289851,1,"IOTHUB_CLIENT_CONFIRMATION_OK"
15921,10144290001,10144290039,1,"IOTHUB_CLIENT_CONFIRMATION_OK"
15922,10144290201,10144290244,1,"IOTHUB_CLIENT_CONFIRMATION_OK"
15923,10144290401,10144290440,1,"IOTHUB_CLIENT_CONFIRMATION_OK"
15924,10144290601,10144290640,1,"IOTHUB_CLIENT_CONFIRMATION_OK"
15925,10144290801,10144290867,1,"IOTHUB_CLIENT_CONFIRMATION_OK"
15926,10144291002,10144291034,1,"IOTHUB_CLIENT_CONFIRMATION_OK"
15927,10144291202,10144291241,1,"IOTHUB_CLIENT_CONFIRMATION_OK"
15928,10144291402,10144291465,1,"IOTHUB_CLIENT_CONFIRMATION_OK"
15929,10144291602,10144291639,1,"IOTHUB_CLIENT_CONFIRMATION_OK"
15930,10144291802,10144291874,1,"IOTHUB_CLIENT_CONFIRMATION_OK"
15931,10144292002,10144292038,1,"IOTHUB_CLIENT_CONFIRMATION_OK"
15932,10144292202,10144292242,1,"IOTHUB_CLIENT_CONFIRMATION_OK"
15933,10144292403,10144292498,1,"IOTHUB_CLIENT_CONFIRMATION_OK"
15934,10144292603,10144292641,1,"IOTHUB_CLIENT_CONFIRMATION_OK"
15935,10144292803,10144292838,1,"IOTHUB_CLIENT_CONFIRMATION_OK"
15936,10144293003,10144293038,1,"IOTHUB_CLIENT_CONFIRMATION_OK"
15937,10144293203,10144293332,1,"IOTHUB_CLIENT_CONFIRMATION_OK"
15938,10144293403,10144293458,1,"IOTHUB_CLIENT_CONFIRMATION_OK"
15939,10144293604,10144293651,1,"IOTHUB_CLIENT_CONFIRMATION_OK"
15940,10144293804,10144293839,1,"IOTHUB_CLIENT_CONFIRMATION_OK"
15941,10144294004,10144294167,1,"IOTHUB_CLIENT_CONFIRMATION_OK"
15942,10144294204,10144294240,1,"IOTHUB_CLIENT_CONFIRMATION_OK"
15943,10144294404,10144294440,1,"IOTHUB_CLIENT_CONFIRMATION_OK"
15944,10144294604,10144294640,1,"IOTHUB_CLIENT_CONFIRMATION_OK"
15945,10144294804,10144294848,1,"IOTHUB_CLIENT_CONFIRMATION_OK"
15946,10144295005,10144295038,1,"IOTHUB_CLIENT_CONFIRMATION_OK"
15947,10144295205,10144295261,1,"IOTHUB_CLIENT_CONFIRMATION_OK"
15948,10144295405,10144295441,1,"IOTHUB_CLIENT_CONFIRMATION_OK"
15949,10144295605,10144295648,1,"IOTHUB_CLIENT_CONFIRMATION_OK"
15950,10144295805,10144295915,1,"IOTHUB_CLIENT_CONFIRMATION_OK"
15951,10144296005,10144296048,1,"IOTHUB_CLIENT_CONFIRMATION_OK"
15952,10144296206,10144296256,1,"IOTHUB_CLIENT_CONFIRMATION_OK"
15953,10144296406,10144296447,1,"IOTHUB_CLIENT_CONFIRMATION_OK"
15954,10144296606,10144296644,1,"IOTHUB_CLIENT_CONFIRMATION_OK"
15955,10144296806,10144296862,1,"IOTHUB_CLIENT_CONFIRMATION_OK"
15956,10144297006,10144297040,1,"IOTHUB_CLIENT_CONFIRMATION_OK"
15957,10144297206,10144297244,1,"IOTHUB_CLIENT_CONFIRMATION_OK"
15958,10144297406,10144297440,1,"IOTHUB_CLIENT_CONFIRMATION_OK"
15959,10144297607,10144297642,1,"IOTHUB_CLIENT_CONFIRMATION_OK"
15960,10144297807,10144297873,1,"IOTHUB_CLIENT_CONFIRMATION_OK"
15961,10144298007,10144298044,1,"IOTHUB_CLIENT_CONFIRMATION_OK"
15962,10144298207,10144298248,1,"IOTHUB_CLIENT_CONFIRMATION_OK"
15963,10144298407,10144298445,1,"IOTHUB_CLIENT_CONFIRMATION_OK"
15964,10144298607,10144298753,1,"IOTHUB_CLIENT_CONFIRMATION_OK"
15965,10144298808,10144298943,1,"IOTHUB_CLIENT_CONFIRMATION_OK"
15966,10144299008,10144299049,1,"IOTHUB_CLIENT_CONFIRMATION_OK"
15967,10144299208,10144299247,1,"IOTHUB_CLIENT_CONFIRMATION_OK"
15968,10144299408,10144299451,1,"IOTHUB_CLIENT_CONFIRMATION_OK"
15969,10144299608,10144299648,1,"IOTHUB_CLIENT_CONFIRMATION_OK"
15970,10144299808,10144299841,1,"IOTHUB_CLIENT_CONFIRMATION_OK"
15971,10144300009,10144300046,1,"IOTHUB_CLIENT_CONFIRMATION_OK"
15972,10144300209,10144300243,1,"IOTHUB_CLIENT_CONFIRMATION_OK"
15973,10144300409,10144300578,1,"IOTHUB_CLIENT_CONFIRMATION_OK"
15974,10144300609,10144300651,1,"IOTHUB_CLIENT_CONFIRMATION_OK"
15975,10144300809,10144300842,1,"IOTHUB_CLIENT_CONFIRMATION_OK"
15976,10144301010,10144301043,1,"IOTHUB_CLIENT_CONFIRMATION_OK"
15977,10144301210,10144301246,1,"IOTHUB_CLIENT_CONFIRMATION_OK"
15978,10144301410,10144301451,1,"IOTHUB_CLIENT_CONFIRMATION_OK"
15979,10144301610,10144301649,1,"IOTHUB_CLIENT_CONFIRMATION_OK"
15980,10144301810,10144301844,1,"IOTHUB_CLIENT_CONFIRMATION_OK"
15981,10144302010,10144302208,1,"IOTHUB_CLIENT_CONFIRMATION_OK"
15982,10144302211,10144302247,1,"IOTHUB_CLIENT_CONFIRMATION_OK"
15983,10144302411,10144302452,1,"IOTHUB_CLIENT_CONFIRMATION_OK"
15984,10144302611,10144302664,1,"IOTHUB_CLIENT_CONFIRMATION_OK"
15985,10144302811,10144302868,1,"IOTHUB_CLIENT_CONFIRMATION_OK"
15986,10144303011,10144303051,1,"IOTHUB_CLIENT_CONFIRMATION_OK"
15987,10144303211,10144303255,1,"IOTHUB_CLIENT_CONFIRMATION_OK"
15988,10144303411,10144303447,1,"IOTHUB_CLIENT_CONFIRMATION_OK"
15989,10144303612,10144303837,1,"IOTHUB_CLIENT_CONFIRMATION_OK"
15990,10144303812,10144303877,1,"IOTHUB_CLIENT_CONFIRMATION_OK"
15991,10144304012,10144304048,1,"IOTHUB_CLIENT_CONFIRMATION_OK"
15992,10144304212,10144304297,1,"IOTHUB_CLIENT_CONFIRMATION_OK"
15993,10144304412,10144304460,1,"IOTHUB_CLIENT_CONFIRMATION_OK"
15994,10144304612,10144304649,1,"IOTHUB_CLIENT_CONFIRMATION_OK"
15995,10144304812,10144304924,1,"IOTHUB_CLIENT_CONFIRMATION_OK"
15996,10144305013,10144305044,1,"IOTHUB_CLIENT_CONFIRMATION_OK"
15997,10144305213,10144305291,1,"IOTHUB_CLIENT_CONFIRMATION_OK"
15998,10144305413,10144305461,1,"IOTHUB_CLIENT_CONFIRMATION_OK"
15999,10144305613,10144305655,1,"IOTHUB_CLIENT_CONFIRMATION_OK"
16000,10144305813,10144305909,1,"IOTHUB_CLIENT_CONFIRMATION_OK"
16001,10144306013,10144306059,1,"IOTHUB_CLIENT_CONFIRMATION_OK"
16002,10144306214,10144306246,1,"IOTHUB_CLIENT_CONFIRMATION_OK"
16003,10144306414,10144306447,1,"IOTHUB_CLIENT_CONFIRMATION_OK"
16004,10144306614,10144306693,1,"IOTHUB_CLIENT_CONFIRMATION_OK"
16005,10144306814,10144306946,1,"IOTHUB_CLIENT_CONFIRMATION_OK"
16006,10144307014,10144307051,1,"IOTHUB_CLIENT_CONFIRMATION_OK"
16007,10144307214,10144307253,1,"IOTHUB_CLIENT_CONFIRMATION_OK"
16008,10144307414,10144307562,1,"IOTHUB_CLIENT_CONFIRMATION_OK"
16009,10144307615,10144307672,1,"IOTHUB_CLIENT_CONFIRMATION_OK"
16010,10144307815,10144307853,1,"IOTHUB_CLIENT_CONFIRMATION_OK"
16011,10144308015,10144308056,1,"IOTHUB_CLIENT_CONFIRMATION_OK"
16012,10144308215,10144308249,1,"IOTHUB_CLIENT_CONFIRMATION_OK"
16013,10144308415,10144308458,1,"IOTHUB_CLIENT_CONFIRMATION_OK"
16014,10144308615,10144308652,1,"IOTHUB_CLIENT_CONFIRMATION_OK"
16015,10144308815,10144308859,1,"IOTHUB_CLIENT_CONFIRMATION_OK"
16016,10144309016,10144309221,1,"IOTHUB_CLIENT_CONFIRMATION_OK"
16017,10144309216,10144309260,1,"IOTHUB_CLIENT_CONFIRMATION_OK"
16018,10144309416,10144309495,1,"IOTHUB_CLIENT_CONFIRMATION_OK"
16019,10144309616,10144309654,1,"IOTHUB_CLIENT_CONFIRMATION_OK"
16020,10144309816,10144309864,1,"IOTHUB_CLIENT_CONFIRMATION_OK"
16021,10144310016,10144310051,1,"IOTHUB_CLIENT_CONFIRMATION_OK"
16022,10144310217,10144310260,1,"IOTHUB_CLIENT_CONFIRMATION_OK"
16023,10144310417,10144310462,1,"IOTHUB_CLIENT_CONFIRMATION_OK"
16024,10144310617,10144310654,1,"IOTHUB_CLIENT_CONFIRMATION_OK"
16025,10144310817,10144310850,1,"IOTHUB_CLIENT_CONFIRMATION_OK"
16026,10144311017,10144311054,1,"IOTHUB_CLIENT_CONFIRMATION_OK"
16027,10144311217,10144311263,1,"IOTHUB_CLIENT_CONFIRMATION_OK"
16028,10144311417,10144311446,1,"IOTHUB_CLIENT_CONFIRMATION_OK"
16029,10144311618,10144311658,1,"IOTHUB_CLIENT_CONFIRMATION_OK"
16030,10144311818,10144311856,1,"IOTHUB_CLIENT_CONFIRMATION_OK"
16031,10144312018,10144312056,1,"IOTHUB_CLIENT_CONFIRMATION_OK"
16032,10144312218,10144312289,1,"IOTHUB_CLIENT_CONFIRMATION_OK"
16033,10144312418,10144312454,1,"IOTHUB_CLIENT_CONFIRMATION_OK"
16034,10144312618,10144312653,1,"IOTHUB_CLIENT_CONFIRMATION_OK"
16035,10144312818,10144312894,1,"IOTHUB_CLIENT_CONFIRMATION_OK"
16036,10144313019,10144313066,1,"IOTHUB_CLIENT_CONFIRMATION_OK"
16037,10144313219,10144313254,1,"IOTHUB_CLIENT_CONFIRMATION_OK"
16038,10144313419,10144313454,1,"IOTHUB_CLIENT_CONFIRMATION_OK"
16039,10144313619,10144313657,1,"IOTHUB_CLIENT_CONFIRMATION_OK"
16040,10144313819,10144313903,1,"IOTHUB_CLIENT_CONFIRMATION_OK"
16041,10144314020,10144314080,1,"IOTHUB_CLIENT_CONFIRMATION_OK"
16042,10144314220,10144314256,1,"IOTHUB_CLIENT_CONFIRMATION_OK"
16043,10144314420,10144314554,1,"IOTHUB_CLIENT_CONFIRMATION_OK"
16044,10144314620,10144314657,1,"IOTHUB_CLIENT_CONFIRMATION_OK"
16045,10144314820,10144314865,1,"IOTHUB_CLIENT_CONFIRMATION_OK"
16046,10144315020,10144315064,1,"IOTHUB_CLIENT_CONFIRMATION_OK"
16047,10144315220,10144315254,1,"IOTHUB_CLIENT_CONFIRMATION_OK"
16048,10144315421,10144315688,1,"IOTHUB_CLIENT_CONFIRMATION_OK"
16049,10144315621,10144315715,1,"IOTHUB_CLIENT_CONFIRMATION_OK"
16050,10144315821,10144315858,1,"IOTHUB_CLIENT_CONFIRMATION_OK"
16051,10144316021,10144316092,1,"IOTHUB_CLIENT_CONFIRMATION_OK"
16052,10144316221,10144316260,1,"IOTHUB_CLIENT_CONFIRMATION_OK"
16053,10144316421,10144316478,1,"IOTHUB_CLIENT_CONFIRMATION_OK"
16054,10144316622,10144316709,1,"IOTHUB_CLIENT_CONFIRMATION_OK"
16055,10144316822,10144316867,1,"IOTHUB_CLIENT_CONFIRMATION_OK"
16056,10144317022,10144317106,1,"IOTHUB_CLIENT_CONFIRMATION_OK"
16057,10144317222,10144317262,1,"IOTHUB_CLIENT_CONFIRMATION_OK"
16058,10144317422,10144317477,1,"IOTHUB_CLIENT_CONFIRMATION_OK"
16059,10144317622,10144317726,1,"IOTHUB_CLIENT_CONFIRMATION_OK"
16060,10144317823,10144317865,1,"IOTHUB_CLIENT_CONFIRMATION_OK"
16061,10144318023,10144318060,1,"IOTHUB_CLIENT_CONFIRMATION_OK"
16062,10144318223,10144318263,1,"IOTHUB_CLIENT_CONFIRMATION_OK"
16063,10144318423,10144318462,1,"IOTHUB_CLIENT_CONFIRMATION_OK"
16064,10144318623,10144318751,1,"IOTHUB_CLIENT_CONFIRMATION_OK"
16065,10144318823,10144318857,1,"IOTHUB_CLIENT_CONFIRMATION_OK"
16066,10144319023,10144319070,1,"IOTHUB_CLIENT_CONFIRMATION_OK"
16067,10144319224,10144319366,1,"IOTHUB_CLIENT_CONFIRMATION_OK"
16068,10144319424,10144319458,1,"IOTHUB_CLIENT_CONFIRMATION_OK"
16069,10144319624,10144319658,1,"IOTHUB_CLIENT_CONFIRMATION_OK"
16070,10144319824,10144319859,1,"IOTHUB_CLIENT_CONFIRMATION_OK"
16071,10144320024,10144320056,1,"IOTHUB_CLIENT_CONFIRMATION_OK"
16072,10144320224,10144320379,1,"IOTHUB_CLIENT_CONFIRMATION_OK"
16073,10144320425,10144320458,1,"IOTHUB_CLIENT_CONFIRMATION_OK"
16074,10144320625,10144320674,1,"IOTHUB_CLIENT_CONFIRMATION_OK"
16075,10144320825,10144320982,1,"IOTHUB_CLIENT_CONFIRMATION_OK"
16076,10144321025,10144321059,1,"IOTHUB_CLIENT_CONFIRMATION_OK"
16077,10144321225,10144321265,1,"IOTHUB_CLIENT_CONFIRMATION_OK"
16078,10144321425,10144321460,1,"IOTHUB_CLIENT_CONFIRMATION_OK"
16079,10144321625,10144321666,1,"IOTHUB_CLIENT_CONFIRMATION_OK"
16080,10144321826,10144322022,1,"IOTHUB_CLIENT_CONFIRMATION_OK"
16081,10144322026,10144322063,1,"IOTHUB_CLIENT_CONFIRMATION_OK"
16082,10144322226,10144322258,1,"IOTHUB_CLIENT_CONFIRMATION_OK"
16083,10144322426,10144322466,1,"IOTHUB_CLIENT_CONFIRMATION_OK"
16084,10144322626,10144322663,1,"IOTHUB_CLIENT_CONFIRMATION_OK"
16085,10144322826,10144322867,1,"IOTHUB_CLIENT_CONFIRMATION_OK"
16086,10144323027,10144323059,1,"IOTHUB_CLIENT_CONFIRMATION_OK"
16087,10144323227,10144323266,1,"IOTHUB_CLIENT_CONFIRMATION_OK"
16088,10144323427,10144323465,1,"IOTHUB_CLIENT_CONFIRMATION_OK"
16089,10144323627,10144323717,1,"IOTHUB_CLIENT_CONFIRMATION_OK"
16090,10144323827,10144323861,1,"IOTHUB_CLIENT_CONFIRMATION_OK"
16091,10144324027,10144324071,1,"IOTHUB_CLIENT_CONFIRMATION_OK"
16092,10144324227,10144324263,1,"IOTHUB_CLIENT_CONFIRMATION_OK"
16093,10144324428,10144324473,1,"IOTHUB_CLIENT_CONFIRMATION_OK"
16094,10144324628,10144324660,1,"IOTHUB_CLIENT_CONFIRMATION_OK"
16095,10144324828,10144324866,1,"IOTHUB_CLIENT_CONFIRMATION_OK"
16096,10144325028,10144325065,1,"IOTHUB_CLIENT_CONFIRMATION_OK"
16097,10144325228,10144325267,1,"IOTHUB_CLIENT_CONFIRMATION_OK"
16098,10144325428,10144325475,1,"IOTHUB_CLIENT_CONFIRMATION_OK"
16099,10144325628,10144325683,1,"IOTHUB_CLIENT_CONFIRMATION_OK"
16100,10144325829,10144325878,1,"IOTHUB_CLIENT_CONFIRMATION_OK"
16101,10144326029,10144326067,1,"IOTHUB_CLIENT_CONFIRMATION_OK"
16102,10144326229,10144326296,1,"IOTHUB_CLIENT_CONFIRMATION_OK"
16103,10144326429,10144326476,1,"IOTHUB_CLIENT_CONFIRMATION_OK"
16104,10144326629,10144326673,1,"IOTHUB_CLIENT_CONFIRMATION_OK"
16105,10144326829,10144326865,1,"IOTHUB_CLIENT_CONFIRMATION_OK"
16106,10144327030,10144327077,1,"IOTHUB_CLIENT_CONFIRMATION_OK"
16107,10144327230,10144327308,1,"IOTHUB_CLIENT_CONFIRMATION_OK"
16108,10144327430,10144327465,1,"IOTHUB_CLIENT_CONFIRMATION_OK"
16109,10144327630,10144327670,1,"IOTHUB_CLIENT_CONFIRMATION_OK"
16110,10144327830,10144327925,1,"IOTHUB_CLIENT_CONFIRMATION_OK"
16111,10144328030,10144328092,1,"IOTHUB_CLIENT_CONFIRMATION_OK"
16112,10144328231,10144328282,1,"IOTHUB_CLIENT_CONFIRMATION_OK"
16113,10144328431,10144328477,1,"IOTHUB_CLIENT_CONFIRMATION_OK"
16114,10144328631,10144328670,1,"IOTHUB_CLIENT_CONFIRMATION_OK"
16115,10144328831,10144328939,1,"IOTHUB_CLIENT_CONFIRMATION_OK"
16116,10144329031,10144329101,1,"IOTHUB_CLIENT_CONFIRMATION_OK"
16117,10144329231,10144329265,1,"IOTHUB_CLIENT_CONFIRMATION_OK"
16118,10144329431,10144329547,1,"IOTHUB_CLIENT_CONFIRMATION_OK"
16119,10144329632,10144329669,1,"IOTHUB_CLIENT_CONFIRMATION_OK"
16120,10144329832,10144329882,1,"IOTHUB_CLIENT_CONFIRMATION_OK"
16121,10144330032,10144330072,1,"IOTHUB_CLIENT_CONFIRMATION_OK"
16122,10144330232,10144330279,1,"IOTHUB_CLIENT_CONFIRMATION_OK"
16123,10144330432,10144330578,1,"IOTHUB_CLIENT_CONFIRMATION_OK"
16124,10144330632,10144330719,1,"IOTHUB_CLIENT_CONFIRMATION_OK"
16125,10144330833,10144330877,1,"IOTHUB_CLIENT_CONFIRMATION_OK"
16126,10144331033,10144331073,1,"IOTHUB_CLIENT_CONFIRMATION_OK"
16127,10144331233,10144331269,1,"IOTHUB_CLIENT_CONFIRMATION_OK"
16128,10144331433,10144331471,1,"IOTHUB_CLIENT_CONFIRMATION_OK"
16129,10144331633,10144331666,1,"IOTHUB_CLIENT_CONFIRMATION_OK"
16130,10144331833,10144331878,1,"IOTHUB_CLIENT_CONFIRMATION_OK"
16131,10144332034,10144332220,1,"IOTHUB_CLIENT_CONFIRMATION_OK"
16132,10144332234,10144332266,1,"IOTHUB_CLIENT_CONFIRMATION_OK"
16133,10144332434,10144332472,1,"IOTHUB_CLIENT_CONFIRMATION_OK"
16134,10144332634,10144332671,1,"IOTHUB_CLIENT_CONFIRMATION_OK"
16135,10144332834,10144332868,1,"IOTHUB_CLIENT_CONFIRMATION_OK"
16136,10144333034,10144333082,1,"IOTHUB_CLIENT_CONFIRMATION_OK"
16137,10144333234,10144333269,1,"IOTHUB_CLIENT_CONFIRMATION_OK"
16138,10144333435,10144333466,1,"IOTHUB_CLIENT_CONFIRMATION_OK"
16139,10144333635,10144333679,1,"IOTHUB_CLIENT_CONFIRMATION_OK"
16140,10144333835,10144333871,1,"IOTHUB_CLIENT_CONFIRMATION_OK"
16141,10144334035,10144334068,1,"IOTHUB_CLIENT_CONFIRMATION_OK"
16142,10144334235,10144334288,1,"IOTHUB_CLIENT_CONFIRMATION_OK"
16143,10144334435,10144334469,1,"IOTHUB_CLIENT_CONFIRMATION_OK"
16144,10144334635,10144334686,1,"IOTHUB_CLIENT_CONFIRMATION_OK"
16145,10144334836,10144334910,1,"IOTHUB_CLIENT_CONFIRMATION_OK"
16146,10144335036,10144335082,1,"IOTHUB_CLIENT_CONFIRMATION_OK"
16147,10144335236,10144335328,1,"IOTHUB_CLIENT_CONFIRMATION_OK"
16148,10144335436,10144335483,1,"IOTHUB_CLIENT_CONFIRMATION_OK"
16149,10144335636,10144335674,1,"IOTHUB_CLIENT_CONFIRMATION_OK"
16150,10144335836,10144335944,1,"IOTHUB_CLIENT_CONFIRMATION_OK"
16151,10144336036,10144336074,1,"IOTHUB_CLIENT_CONFIRMATION_OK"
16152,10144336237,10144336273,1,"IOTHUB_CLIENT_CONFIRMATION_OK"
16153,10144336437,10144336474,1,"IOTHUB_CLIENT_CONFIRMATION_OK"
16154,10144336637,10144336680,1,"IOTHUB_CLIENT_CONFIRMATION_OK"
16155,10144336837,10144336958,1,"IOTHUB_CLIENT_CONFIRMATION_OK"
16156,10144337037,10144337082,1,"IOTHUB_CLIENT_CONFIRMATION_OK"
16157,10144337237,10144337274,1,"IOTHUB_CLIENT_CONFIRMATION_OK"
16158,10144337438,10144337578,1,"IOTHUB_CLIENT_CONFIRMATION_OK"
16159,10144337638,10144337672,1,"IOTHUB_CLIENT_CONFIRMATION_OK"
16160,10144337838,10144337879,1,"IOTHUB_CLIENT_CONFIRMATION_OK"
16161,10144338038,10144338073,1,"IOTHUB_CLIENT_CONFIRMATION_OK"
16162,10144338238,10144338276,1,"IOTHUB_CLIENT_CONFIRMATION_OK"
16163,10144338438,10144338472,1,"IOTHUB_CLIENT_CONFIRMATION_OK"
16164,10144338638,10144338676,1,"IOTHUB_CLIENT_CONFIRMATION_OK"
16165,10144338839,10144338879,1,"IOTHUB_CLIENT_CONFIRMATION_OK"
16166,10144339039,10144339251,1,"IOTHUB_CLIENT_CONFIRMATION_OK"
16167,10144339239,10144339276,1,"IOTHUB_CLIENT_CONFIRMATION_OK"
16168,10144339439,10144339475,1,"IOTHUB_CLIENT_CONFIRMATION_OK"
16169,10144339639,10144339674,1,"IOTHUB_CLIENT_CONFIRMATION_OK"
16170,10144339839,10144339872,1,"IOTHUB_CLIENT_CONFIRMATION_OK"
16171,10144340040,10144340076,1,"IOTHUB_CLIENT_CONFIRMATION_OK"
16172,10144340240,10144340278,1,"IOTHUB_CLIENT_CONFIRMATION_OK"
16173,10144340440,10144340507,1,"IOTHUB_CLIENT_CONFIRMATION_OK"
16174,10144340640,10144340678,1,"IOTHUB_CLIENT_CONFIRMATION_OK"
16175,10144340840,10144340873,1,"IOTHUB_CLIENT_CONFIRMATION_OK"
16176,10144341040,10144341075,1,"IOTHUB_CLIENT_CONFIRMATION_OK"
16177,10144341240,10144341295,1,"IOTHUB_CLIENT_CONFIRMATION_OK"
16178,10144341441,10144341472,1,"IOTHUB_CLIENT_CONFIRMATION_OK"
16179,10144341641,10144341682,1,"IOTHUB_CLIENT_CONFIRMATION_OK"
16180,10144341841,10144341888,1,"IOTHUB_CLIENT_CONFIRMATION_OK"
16181,10144342041,10144342077,1,"IOTHUB_CLIENT_CONFIRMATION_OK"
16182,10144342241,10144342311,1,"IOTHUB_CLIENT_CONFIRMATION_OK"
16183,10144342441,10144342475,1,"IOTHUB_CLIENT_CONFIRMATION_OK"
16184,10144342642,10144342676,1,"IOTHUB_CLIENT_CONFIRMATION_OK"
16185,10144342842,10144342922,1,"IOTHUB_CLIENT_CONFIRMATION_OK"
16186,10144343042,10144343079,1,"IOTHUB_CLIENT_CONFIRMATION_OK"
16187,10144343242,10144343275,1,"IOTHUB_CLIENT_CONFIRMATION_OK"
16188,10144343442,10144343479,1,"IOTHUB_CLIENT_CONFIRMATION_OK"
16189,10144343642,10144343674,1,"IOTHUB_CLIENT_CONFIRMATION_OK"
16190,10144343842,10144343986,1,"IOTHUB_CLIENT_CONFIRMATION_OK"
16191,10144344043,10144344077,1,"IOTHUB_CLIENT_CONFIRMATION_OK"
16192,10144344243,10144344279,1,"IOTHUB_CLIENT_CONFIRMATION_OK"
16193,10144344443,10144344478,1,"IOTHUB_CLIENT_CONFIRMATION_OK"
16194,10144344643,10144344682,1,"IOTHUB_CLIENT_CONFIRMATION_OK"
16195,10144344843,10144344884,1,"IOTHUB_CLIENT_CONFIRMATION_OK"
16196,10144345044,10144345082,1,"IOTHUB_CLIENT_CONFIRMATION_OK"
16197,10144345244,10144345282,1,"IOTHUB_CLIENT_CONFIRMATION_OK"
16198,10144345444,10144345631,1,"IOTHUB_CLIENT_CONFIRMATION_OK"
16199,10144345644,10144345693,1,"IOTHUB_CLIENT_CONFIRMATION_OK"
16200,10144345844,10144345936,1,"IOTHUB_CLIENT_CONFIRMATION_OK"
16201,10144346045,10144346084,1,"IOTHUB_CLIENT_CONFIRMATION_OK"
16202,10144346245,10144346295,1,"IOTHUB_CLIENT_CONFIRMATION_OK"
16203,10144346445,10144346477,1,"IOTHUB_CLIENT_CONFIRMATION_OK"
16204,10144346645,10144346684,1,"IOTHUB_CLIENT_CONFIRMATION_OK"
16205,10144346845,10144346879,1,"IOTHUB_CLIENT_CONFIRMATION_OK"
16206,10144347045,10144347087,1,"IOTHUB_CLIENT_CONFIRMATION_OK"
16207,10144347245,10144347281,1,"IOTHUB_CLIENT_CONFIRMATION_OK"
16208,10144347446,10144347478,1,"IOTHUB_CLIENT_CONFIRMATION_OK"
16209,10144347646,10144347691,1,"IOTHUB_CLIENT_CONFIRMATION_OK"
16210,10144347846,10144347886,1,"IOTHUB_CLIENT_CONFIRMATION_OK"
16211,10144348046,10144348083,1,"IOTHUB_CLIENT_CONFIRMATION_OK"
16212,10144348246,10144348288,1,"IOTHUB_CLIENT_CONFIRMATION_OK"
16213,10144348446,10144348492,1,"IOTHUB_CLIENT_CONFIRMATION_OK"
16214,10144348646,10144348687,1,"IOTHUB_CLIENT_CONFIRMATION_OK"
16215,10144348847,10144348937,1,"IOTHUB_CLIENT_CONFIRMATION_OK"
16216,10144349047,10144349090,1,"IOTHUB_CLIENT_CONFIRMATION_OK"
16217,10144349247,10144349358,1,"IOTHUB_CLIENT_CONFIRMATION_OK"
16218,10144349447,10144349499,1,"IOTHUB_CLIENT_CONFIRMATION_OK"
16219,10144349647,10144349678,1,"IOTHUB_CLIENT_CONFIRMATION_OK"
16220,10144349847,10144349879,1,"IOTHUB_CLIENT_CONFIRMATION_OK"
16221,10144350047,10144350090,1,"IOTHUB_CLIENT_CONFIRMATION_OK"
16222,10144350248,10144350363,1,"IOTHUB_CLIENT_CONFIRMATION_OK"
16223,10144350448,10144350498,1,"IOTHUB_CLIENT_CONFIRMATION_OK"
16224,10144350648,10144350687,1,"IOTHUB_CLIENT_CONFIRMATION_OK"
16225,10144350848,10144351010,1,"IOTHUB_CLIENT_CONFIRMATION_OK"
16226,10144351048,10144351082,1,"IOTHUB_CLIENT_CONFIRMATION_OK"
16227,10144351248,10144351284,1,"IOTHUB_CLIENT_CONFIRMATION_OK"
16228,10144351449,10144351516,1,"IOTHUB_CLIENT_CONFIRMATION_OK"
16229,10144351649,10144351693,1,"IOTHUB_CLIENT_CONFIRMATION_OK"
16230,10144351849,10144352010,1,"IOTHUB_CLIENT_CONFIRMATION_OK"
16231,10144352049,10144352091,1,"IOTHUB_CLIENT_CONFIRMATION_OK"
16232,10144352249,10144352288,1,"IOTHUB_CLIENT_CONFIRMATION_OK"
16233,10144352449,10144352631,1,"IOTHUB_CLIENT_CONFIRMATION_OK"
16234,10144352649,10144352686,1,"IOTHUB_CLIENT_CONFIRMATION_OK"
16235,10144352850,10144352886,1,"IOTHUB_CLIENT_CONFIRMATION_OK"
16236,10144353050,10144353097,1,"IOTHUB_CLIENT_CONFIRMATION_OK"
16237,10144353250,10144353290,1,"IOTHUB_CLIENT_CONFIRMATION_OK"
16238,10144353450,10144353497,1,"IOTHUB_CLIENT_CONFIRMATION_OK"
16239,10144353650,10144353712,1,"IOTHUB_CLIENT_CONFIRMATION_OK"
16240,10144353850,10144353889,1,"IOTHUB_CLIENT_CONFIRMATION_OK"
16241,10144354050,10144354138,1,"IOTHUB_CLIENT_CONFIRMATION_OK"
16242,10144354251,10144354332,1,"IOTHUB_CLIENT_CONFIRMATION_OK"
16243,10144354451,10144354493,1,"IOTHUB_CLIENT_CONFIRMATION_OK"
16244,10144354651,10144354784,1,"IOTHUB_CLIENT_CONFIRMATION_OK"
16245,10144354851,10144354884,1,"IOTHUB_CLIENT_CONFIRMATION_OK"
16246,10144355051,10144355097,1,"IOTHUB_CLIENT_CONFIRMATION_OK"
16247,10144355251,10144355290,1,"IOTHUB_CLIENT_CONFIRMATION_OK"
16248,10144355452,10144355487,1,"IOTHUB_CLIENT_CONFIRMATION_OK"
16249,10144355652,10144355770,1,"IOTHUB_CLIENT_CONFIRMATION_OK"
16250,10144355852,10144355892,1,"IOTHUB_CLIENT_CONFIRMATION_OK"
16251,10144356052,10144356092,1,"IOTHUB_CLIENT_CONFIRMATION_OK"
16252,10144356252,10144356380,1,"IOTHUB_CLIENT_CONFIRMATION_OK"
16253,10144356452,10144356511,1,"IOTHUB_CLIENT_CONFIRMATION_OK"
16254,10144356652,10144356697,1,"IOTHUB_CLIENT_CONFIRMATION_OK"
16255,10144356853,10144356887,1,"IOTHUB_CLIENT_CONFIRMATION_OK"
16256,10144357053,10144357095,1,"IOTHUB_CLIENT_CONFIRMATION_OK"
16257,10144357253,10144357406,1,"IOTHUB_CLIENT_CONFIRMATION_OK"
16258,10144357453,10144357509,1,"IOTHUB_CLIENT_CONFIRMATION_OK"
16259,10144357653,10144357691,1,"IOTHUB_CLIENT_CONFIRMATION_OK"
16260,10144357853,10144357895,1,"IOTHUB_CLIENT_CONFIRMATION_OK"
16261,10144358054,10144358107,1,"IOTHUB_CLIENT_CONFIRMATION_OK"
16262,10144358254,10144358289,1,"IOTHUB_CLIENT_CONFIRMATION_OK"
16263,10144358454,10144358490,1,"IOTHUB_CLIENT_CONFIRMATION_OK"
16264,10144358654,10144358700,1,"IOTHUB_CLIENT_CONFIRMATION_OK"
16265,10144358854,10144358889,1,"IOTHUB_CLIENT_CONFIRMATION_OK"
16266,10144359054,10144359094,1,"IOTHUB_CLIENT_CONFIRMATION_OK"
16267,10144359255,10144359300,1,"IOTHUB_CLIENT_CONFIRMATION_OK"
16268,10144359455,10144359493,1,"IOTHUB_CLIENT_CONFIRMATION_OK"
16269,10144359655,10144359694,1,"IOTHUB_CLIENT_CONFIRMATION_OK"
16270,10144359855,10144359890,1,"IOTHUB_CLIENT_CONFIRMATION_OK"
16271,10144360055,10144360097,1,"IOTHUB_CLIENT_CONFIRMATION_OK"
16272,10144360255,10144360295,1,"IOTHUB_CLIENT_CONFIRMATION_OK"
16273,10144360455,10144360494,1,"IOTHUB_CLIENT_CONFIRMATION_OK"
16274,10144360656,10144360689,1,"IOTHUB_CLIENT_CONFIRMATION_OK"
16275,10144360856,10144360894,1,"IOTHUB_CLIENT_CONFIRMATION_OK"
16276,10144361056,10144361110,1,"IOTHUB_CLIENT_CONFIRMATION_OK"
16277,10144361256,10144361291,1,"IOTHUB_CLIENT_CONFIRMATION_OK"
16278,10144361456,10144361489,1,"IOTHUB_CLIENT_CONFIRMATION_OK"
16279,10144361656,10144361714,1,"IOTHUB_CLIENT_CONFIRMATION_OK"
16280,10144361857,10144361893,1,"IOTHUB_CLIENT_CONFIRMATION_OK"
16281,10144362057,10144362134,1,"IOTHUB_CLIENT_CONFIRMATION_OK"
16282,10144362257,10144362290,1,"IOTHUB_CLIENT_CONFIRMATION_OK"
16283,10144362457,10144362497,1,"IOTHUB_CLIENT_CONFIRMATION_OK"
16284,10144362657,10144362749,1,"IOTHUB_CLIENT_CONFIRMATION_OK"
16285,10144362858,10144362895,1,"IOTHUB_CLIENT_CONFIRMATION_OK"
16286,10144363058,10144363094,1,"IOTHUB_CLIENT_CONFIRMATION_OK"
16287,10144363258,10144363288,1,"IOTHUB_CLIENT_CONFIRMATION_OK"
16288,10144363458,10144363508,1,"IOTHUB_CLIENT_CONFIRMATION_OK"
16289,10144363658,10144363767,1,"IOTHUB_CLIENT_CONFIRMATION_OK"
16290,10144363859,10144363899,1,"IOTHUB_CLIENT_CONFIRMATION_OK"
16291,10144364059,10144364091,1,"IOTHUB_CLIENT_CONFIRMATION_OK"
16292,10144364259,10144364397,1,"IOTHUB_CLIENT_CONFIRMATION_OK"
16293,10144364459,10144364505,1,"IOTHUB_CLIENT_CONFIRMATION_OK"
16294,10144364659,10144364694,1,"IOTHUB_CLIENT_CONFIRMATION_OK"
16295,10144364859,10144364931,1,"IOTHUB_CLIENT_CONFIRMATION_OK"
16296,10144365059,10144365126,1,"IOTHUB_CLIENT_CONFIRMATION_OK"
16297,10144365260,10144365502,1,"IOTHUB_CLIENT_CONFIRMATION_OK"
16298,10144365460,10144365515,1,"IOTHUB_CLIENT_CONFIRMATION_OK"
16299,10144365660,10144365697,1,"IOTHUB_CLIENT_CONFIRMATION_OK"
16300,10144365860,10144365903,1,"IOTHUB_CLIENT_CONFIRMATION_OK"
16301,10144366060,10144366099,1,"IOTHUB_CLIENT_CONFIRMATION_OK"
16302,10144366260,10144366293,1,"IOTHUB_CLIENT_CONFIRMATION_OK"
16303,10144366461,10144366531,1,"IOTHUB_CLIENT_CONFIRMATION_OK"
16304,10144366661,10144366703,1,"IOTHUB_CLIENT_CONFIRMATION_OK"
16305,10144366861,10144367089,1,"IOTHUB_CLIENT_CONFIRMATION_OK"
16306,10144367061,10144367114,1,"IOTHUB_CLIENT_CONFIRMATION_OK"
16307,10144367261,10144367297,1,"IOTHUB_CLIENT_CONFIRMATION_OK"
16308,10144367461,10144367498,1,"IOTHUB_CLIENT_CONFIRMATION_OK"
16309,10144367661,10144367711,1,"IOTHUB_CLIENT_CONFIRMATION_OK"
16310,10144367862,10144367897,1,"IOTHUB_CLIENT_CONFIRMATION_OK"
16311,10144368062,10144368099,1,"IOTHUB_CLIENT_CONFIRMATION_OK"
16312,10144368262,10144368299,1,"IOTHUB_CLIENT_CONFIRMATION_OK"
16313,10144368462,10144368517,1,"IOTHUB_CLIENT_CONFIRMATION_OK"
16314,10144368662,10144368698,1,"IOTHUB_CLIENT_CONFIRMATION_OK"
16315,10144368862,10144368899,1,"IOTHUB_CLIENT_CONFIRMATION_OK"
16316,10144369062,10144369101,1,"IOTHUB_CLIENT_CONFIRMATION_OK"
16317,10144369263,10144369335,1,"IOTHUB_CLIENT_CONFIRMATION_OK"
16318,10144369463,10144369509,1,"IOTHUB_CLIENT_CONFIRMATION_OK"
16319,10144369663,10144369716,1,"IOTHUB_CLIENT_CONFIRMATION_OK"
16320,10144369863,10144369902,1,"IOTHUB_CLIENT_CONFIRMATION_OK"
16321,10144370063,10144370116,1,"IOTHUB_CLIENT_CONFIRMATION_OK"
16322,10144370263,10144370302,1,"IOTHUB_CLIENT_CONFIRMATION_OK"
16323,10144370464,10144370501,1,"IOTHUB_CLIENT_CONFIRMATION_OK"
16324,10144370664,10144370719,1,"IOTHUB_CLIENT_CONFIRMATION_OK"
16325,10144370864,10144370900,1,"IOTHUB_CLIENT_CONFIRMATION_OK"
16326,10144371064,10144371104,1,"IOTHUB_CLIENT_CONFIRMATION_OK"
16327,10144371264,10144371333,1,"IOTHUB_CLIENT_CONFIRMATION_OK"
16328,10144371464,10144371505,1,"IOTHUB_CLIENT_CONFIRMATION_OK"
16329,10144371664,10144371697,1,"IOTHUB_CLIENT_CONFIRMATION_OK"
16330,10144371865,10144371907,1,"IOTHUB_CLIENT_CONFIRMATION_OK"
16331,10144372065,10144372106,1,"IOTHUB_CLIENT_CONFIRMATION_OK"
16332,10144372265,10144372343,1,"IOTHUB_CLIENT_CONFIRMATION_OK"
16333,10144372465,10144372505,1,"IOTHUB_CLIENT_CONFIRMATION_OK"
16334,10144372665,10144372704,1,"IOTHUB_CLIENT_CONFIRMATION_OK"
16335,10144372865,10144372961,1,"IOTHUB_CLIENT_CONFIRMATION_OK"
16336,10144373066,10144373106,1,"IOTHUB_CLIENT_CONFIRMATION_OK"
16337,10144373266,10144373320,1,"IOTHUB_CLIENT_CONFIRMATION_OK"
16338,10144373466,10144373509,1,"IOTHUB_CLIENT_CONFIRMATION_OK"
16339,10144373666,10144373782,1,"IOTHUB_CLIENT_CONFIRMATION_OK"
16340,10144373866,10144373978,1,"IOTHUB_CLIENT_CONFIRMATION_OK"
16341,10144374066,10144374125,1,"IOTHUB_CLIENT_CONFIRMATION_OK"
16342,10144374266,10144374302,1,"IOTHUB_CLIENT_CONFIRMATION_OK"
16343,10144374467,10144374606,1,"IOTHUB_CLIENT_CONFIRMATION_OK"
16344,10144374667,10144374713,1,"IOTHUB_CLIENT_CONFIRMATION_OK"
16345,10144374867,10144374907,1,"IOTHUB_CLIENT_CONFIRMATION_OK"
16346,10144375067,10144375109,1,"IOTHUB_CLIENT_CONFIRMATION_OK"
16347,10144375267,10144375301,1,"IOTHUB_CLIENT_CONFIRMATION_OK"
16348,10144375467,10144375508,1,"IOTHUB_CLIENT_CONFIRMATION_OK"
16349,10144375668,10144375699,1,"IOTHUB_CLIENT_CONFIRMATION_OK"
16350,10144375868,10144375907,1,"IOTHUB_CLIENT_CONFIRMATION_OK"
16351,10144376068,10144376108,1,"IOTHUB_CLIENT_CONFIRMATION_OK"
16352,10144376268,10144376308,1,"IOTHUB_CLIENT_CONFIRMATION_OK"
16353,10144376468,10144376512,1,"IOTHUB_CLIENT_CONFIRMATION_OK"
16354,10144376669,10144376720,1,"IOTHUB_CLIENT_CONFIRMATION_OK"
16355,10144376869,10144376901,1,"IOTHUB_CLIENT_CONFIRMATION_OK"
16356,10144377069,10144377125,1,"IOTHUB_CLIENT_CONFIRMATION_OK"
16357,10144377269,10144377303,1,"IOTHUB_CLIENT_CONFIRMATION_OK"
16358,10144377469,10144377509,1,"IOTHUB_CLIENT_CONFIRMATION_OK"
16359,10144377669,10144377732,1,"IOTHUB_CLIENT_CONFIRMATION_OK"
16360,10144377870,10144377905,1,"IOTHUB_CLIENT_CONFIRMATION_OK"
16361,10144378070,10144378105,1,"IOTHUB_CLIENT_CONFIRMATION_OK"
16362,10144378270,10144378353,1,"IOTHUB_CLIENT_CONFIRMATION_OK"
16363,10144378470,10144378515,1,"IOTHUB_CLIENT_CONFIRMATION_OK"
16364,10144378670,10144378755,1,"IOTHUB_CLIENT_CONFIRMATION_OK"
16365,10144378870,10144378903,1,"IOTHUB_CLIENT_CONFIRMATION_OK"
16366,10144379070,10144379107,1,"IOTHUB_CLIENT_CONFIRMATION_OK"
16367,10144379271,10144379409,1,"IOTHUB_CLIENT_CONFIRMATION_OK"
16368,10144379471,10144379504,1,"IOTHUB_CLIENT_CONFIRMATION_OK"
16369,10144379671,10144379705,1,"IOTHUB_CLIENT_CONFIRMATION_OK"
16370,10144379871,10144379908,1,"IOTHUB_CLIENT_CONFIRMATION_OK"
16371,10144380071,10144380112,1,"IOTHUB_CLIENT_CONFIRMATION_OK"
16372,10144380271,10144380377,1,"IOTHUB_CLIENT_CONFIRMATION_OK"
16373,10144380472,10144380503,1,"IOTHUB_CLIENT_CONFIRMATION_OK"
16374,10144380672,10144380705,1,"IOTHUB_CLIENT_CONFIRMATION_OK"
16375,10144380872,10144380993,1,"IOTHUB_CLIENT_CONFIRMATION_OK"
16376,10144381072,10144381124,1,"IOTHUB_CLIENT_CONFIRMATION_OK"
16377,10144381272,10144381312,1,"IOTHUB_CLIENT_CONFIRMATION_OK"
16378,10144381472,10144381515,1,"IOTHUB_CLIENT_CONFIRMATION_OK"
16379,10144381672,10144381707,1,"IOTHUB_CLIENT_CONFIRMATION_OK"
16380,10144381873,10144381999,1,"IOTHUB_CLIENT_CONFIRMATION_OK"
16381,10144382073,10144382110,1,"IOTHUB_CLIENT_CONFIRMATION_OK"
16382,10144382273,10144382310,1,"IOTHUB_CLIENT_CONFIRMATION_OK"
16383,10144382473,10144382613,1,"IOTHUB_CLIENT_CONFIRMATION_OK"
16384,10144382673,10144382713,1,"IOTHUB_CLIENT_CONFIRMATION_OK"
16385,10144382874,10144382911,1,"IOTHUB_CLIENT_CONFIRMATION_OK"
16386,10144383074,10144383381,1,"IOTHUB_CLIENT_CONFIRMATION_OK"
16387,10144383274,10144383775,1,"IOTHUB_CLIENT_CONFIRMATION_OK"
16388,10144383474,10144383881,1,"IOTHUB_CLIENT_CONFIRMATION_OK"
16389,10144383675,10144383930,1,"IOTHUB_CLIENT_CONFIRMATION_OK"
16390,10144383875,10144383983,1,"IOTHUB_CLIENT_CONFIRMATION_OK"
16391,10144384075,10144384236,1,"IOTHUB_CLIENT_CONFIRMATION_OK"
16392,10144384275,10144384311,1,"IOTHUB_CLIENT_CONFIRMATION_OK"
16393,10144384475,10144384601,1,"IOTHUB_CLIENT_CONFIRMATION_OK"
16394,10144384675,10144384706,1,"IOTHUB_CLIENT_CONFIRMATION_OK"
16395,10144384876,10144384910,1,"IOTHUB_CLIENT_CONFIRMATION_OK"
16396,10144385076,10144385114,1,"IOTHUB_CLIENT_CONFIRMATION_OK"
16397,10144385276,10144385332,1,"IOTHUB_CLIENT_CONFIRMATION_OK"
16398,10144385476,10144385513,1,"IOTHUB_CLIENT_CONFIRMATION_OK"
16399,10144385676,10144385887,1,"IOTHUB_CLIENT_CONFIRMATION_OK"
16400,10144385876,10144385947,1,"IOTHUB_CLIENT_CONFIRMATION_OK"
16401,10144386076,10144386115,1,"IOTHUB_CLIENT_CONFIRMATION_OK"
16402,10144386277,10144386312,1,"IOTHUB_CLIENT_CONFIRMATION_OK"
16403,10144386477,10144386512,1,"IOTHUB_CLIENT_CONFIRMATION_OK"
16404,10144386677,10144386728,1,"IOTHUB_CLIENT_CONFIRMATION_OK"
16405,10144386877,10144386929,1,"IOTHUB_CLIENT_CONFIRMATION_OK"
16406,10144387077,10144387115,1,"IOTHUB_CLIENT_CONFIRMATION_OK"
16407,10144387277,10144387324,1,"IOTHUB_CLIENT_CONFIRMATION_OK"
16408,10144387477,10144387513,1,"IOTHUB_CLIENT_CONFIRMATION_OK"
16409,10144387678,10144387726,1,"IOTHUB_CLIENT_CONFIRMATION_OK"
16410,10144387878,10144387911,1,"IOTHUB_CLIENT_CONFIRMATION_OK"
16411,10144388078,10144388116,1,"IOTHUB_CLIENT_CONFIRMATION_OK"
16412,10144388278,10144388317,1,"IOTHUB_CLIENT_CONFIRMATION_OK"
16413,10144388478,10144388521,1,"IOTHUB_CLIENT_CONFIRMATION_OK"
16414,10144388678,10144388716,1,"IOTHUB_CLIENT_CONFIRMATION_OK"
16415,10144388879,10144388925,1,"IOTHUB_CLIENT_CONFIRMATION_OK"
16416,10144389079,10144389115,1,"IOTHUB_CLIENT_CONFIRMATION_OK"
16417,10144389279,10144389320,1,"IOTHUB_CLIENT_CONFIRMATION_OK"
16418,10144389479,10144389649,1,"IOTHUB_CLIENT_CONFIRMATION_OK"
16419,10144389679,10144389716,1,"IOTHUB_CLIENT_CONFIRMATION_OK"
16420,10144389879,10144389912,1,"IOTHUB_CLIENT_CONFIRMATION_OK"
16421,10144390079,10144390120,1,"IOTHUB_CLIENT_CONFIRMATION_OK"
16422,10144390280,10144390328,1,"IOTHUB_CLIENT_CONFIRMATION_OK"
16423,10144390480,10144390642,1,"IOTHUB_CLIENT_CONFIRMATION_OK"
16424,10144390680,10144390719,1,"IOTHUB_CLIENT_CONFIRMATION_OK"
16425,10144390880,10144390914,1,"IOTHUB_CLIENT_CONFIRMATION_OK"
16426,10144391080,10144391139,1,"IOTHUB_CLIENT_CONFIRMATION_OK"
16427,10144391280,10144391347,1,"IOTHUB_CLIENT_CONFIRMATION_OK"
16428,10144391481,10144391519,1,"IOTHUB_CLIENT_CONFIRMATION_OK"
16429,10144391681,10144391719,1,"IOTHUB_CLIENT_CONFIRMATION_OK"
16430,10144391881,10144391916,1,"IOTHUB_CLIENT_CONFIRMATION_OK"
16431,10144392081,10144392270,1,"IOTHUB_CLIENT_CONFIRMATION_OK"
16432,10144392281,10144392324,1,"IOTHUB_CLIENT_CONFIRMATION_OK"
16433,10144392481,10144392513,1,"IOTHUB_CLIENT_CONFIRMATION_OK"
16434,10144392682,10144392722,1,"IOTHUB_CLIENT_CONFIRMATION_OK"
16435,10144392882,10144392913,1,"IOTHUB_CLIENT_CONFIRMATION_OK"
16436,10144393082,10144393128,1,"IOTHUB_CLIENT_CONFIRMATION_OK"
16437,10144393282,10144393320,1,"IOTHUB_CLIENT_CONFIRMATION_OK"
16438,10144393482,10144393527,1,"IOTHUB_CLIENT_CONFIRMATION_OK"
16439,10144393682,10144393719,1,"IOTHUB_CLIENT_CONFIRMATION_OK"
16440,10144393882,10144393917,1,"IOTHUB_CLIENT_CONFIRMATION_OK"
16441,10144394083,10144394164,1,"IOTHUB_CLIENT_CONFIRMATION_OK"
16442,10144394283,10144394380,1,"IOTHUB_CLIENT_CONFIRMATION_OK"
16443,10144394483,10144394522,1,"IOTHUB_CLIENT_CONFIRMATION_OK"
16444,10144394683,10144394717,1,"IOTHUB_CLIENT_CONFIRMATION_OK"
16445,10144394883,10144394919,1,"IOTHUB_CLIENT_CONFIRMATION_OK"
16446,10144395083,10144395135,1,"IOTHUB_CLIENT_CONFIRMATION_OK"
16447,10144395284,10144395389,1,"IOTHUB_CLIENT_CONFIRMATION_OK"
16448,10144395484,10144395525,1,"IOTHUB_CLIENT_CONFIRMATION_OK"
16449,10144395684,10144395739,1,"IOTHUB_CLIENT_CONFIRMATION_OK"
16450,10144395884,10144396000,1,"IOTHUB_CLIENT_CONFIRMATION_OK"
16451,10144396084,10144396146,1,"IOTHUB_CLIENT_CONFIRMATION_OK"
16452,10144396284,10144396344,1,"IOTHUB_CLIENT_CONFIRMATION_OK"
16453,10144396484,10144396521,1,"IOTHUB_CLIENT_CONFIRMATION_OK"
16454,10144396685,10144396721,1,"IOTHUB_CLIENT_CONFIRMATION_OK"
16455,10144396885,10144397007,1,"IOTHUB_CLIENT_CONFIRMATION_OK"
16456,10144397085,10144397119,1,"IOTHUB_CLIENT_CONFIRMATION_OK"
16457,10144397285,10144397325,1,"IOTHUB_CLIENT_CONFIRMATION_OK"
16458,10144397485,10144397623,1,"IOTHUB_CLIENT_CONFIRMATION_OK"
16459,10144397685,10144397736,1,"IOTHUB_CLIENT_CONFIRMATION_OK"
16460,10144397886,10144397921,1,"IOTHUB_CLIENT_CONFIRMATION_OK"
16461,10144398086,10144398132,1,"IOTHUB_CLIENT_CONFIRMATION_OK"
16462,10144398286,10144398351,1,"IOTHUB_CLIENT_CONFIRMATION_OK"
16463,10144398486,10144398518,1,"IOTHUB_CLIENT_CONFIRMATION_OK"
16464,10144398686,10144398723,1,"IOTHUB_CLIENT_CONFIRMATION_OK"
16465,10144398886,10144398917,1,"IOTHUB_CLIENT_CONFIRMATION_OK"
16466,10144399086,10144399264,1,"IOTHUB_CLIENT_CONFIRMATION_OK"
16467,10144399287,10144399323,1,"IOTHUB_CLIENT_CONFIRMATION_OK"
16468,10144399487,10144399537,1,"IOTHUB_CLIENT_CONFIRMATION_OK"
16469,10144399687,10144399723,1,"IOTHUB_CLIENT_CONFIRMATION_OK"
16470,10144399887,10144399926,1,"IOTHUB_CLIENT_CONFIRMATION_OK"
16471,10144400087,10144400129,1,"IOTHUB_CLIENT_CONFIRMATION_OK"
16472,10144400287,10144400329,1,"IOTHUB_CLIENT_CONFIRMATION_OK"
16473,10144400488,10144400526,1,"IOTHUB_CLIENT_CONFIRMATION_OK"
16474,10144400688,10144400731,1,"IOTHUB_CLIENT_CONFIRMATION_OK"
16475,10144400888,10144400924,1,"IOTHUB_CLIENT_CONFIRMATION_OK"
16476,10144401088,10144401153,1,"IOTHUB_CLIENT_CONFIRMATION_OK"
16477,10144401288,10144401335,1,"IOTHUB_CLIENT_CONFIRMATION_OK"
16478,10144401488,10144401545,1,"IOTHUB_CLIENT_CONFIRMATION_OK"
16479,10144401688,10144401729,1,"IOTHUB_CLIENT_CONFIRMATION_OK"
16480,10144401889,10144401929,1,"IOTHUB_CLIENT_CONFIRMATION_OK"
16481,10144402089,10144402121,1,"IOTHUB_CLIENT_CONFIRMATION_OK"
16482,10144402289,10144402327,1,"IOTHUB_CLIENT_CONFIRMATION_OK"
16483,10144402489,10144402541,1,"IOTHUB_CLIENT_CONFIRMATION_OK"
16484,10144402689,10144402816,1,"IOTHUB_CLIENT_CONFIRMATION_OK"
16485,10144402889,10144402946,1,"IOTHUB_CLIENT_CONFIRMATION_OK"
16486,10144403089,10144403125,1,"IOTHUB_CLIENT_CONFIRMATION_OK"
16487,10144403290,10144403324,1,"IOTHUB_CLIENT_CONFIRMATION_OK"
16488,10144403490,10144403531,1,"IOTHUB_CLIENT_CONFIRMATION_OK"
16489,10144403690,10144403732,1,"IOTHUB_CLIENT_CONFIRMATION_OK"
16490,10144403890,10144403928,1,"IOTHUB_CLIENT_CONFIRMATION_OK"
16491,10144404090,10144404127,1,"IOTHUB_CLIENT_CONFIRMATION_OK"
16492,10144404290,10144404320,1,"IOTHUB_CLIENT_CONFIRMATION_OK"
16493,10144404490,10144404558,1,"IOTHUB_CLIENT_CONFIRMATION_OK"
16494,10144404691,10144404722,1,"IOTHUB_CLIENT_CONFIRMATION_OK"
16495,10144404891,10144404929,1,"IOTHUB_CLIENT_CONFIRMATION_OK"
16496,10144405091,10144405150,1,"IOTHUB_CLIENT_CONFIRMATION_OK"
16497,10144405291,10144405325,1,"IOTHUB_CLIENT_CONFIRMATION_OK"
16498,10144405491,10144405543,1,"IOTHUB_CLIENT_CONFIRMATION_OK"
16499,10144405691,10144405728,1,"IOTHUB_CLIENT_CONFIRMATION_OK"
16500,10144405891,10144405925,1,"IOTHUB_CLIENT_CONFIRMATION_OK"
16501,10144406092,10144406166,1,"IOTHUB_CLIENT_CONFIRMATION_OK"
16502,10144406292,10144406326,1,"IOTHUB_CLIENT_CONFIRMATION_OK"
16503,10144406492,10144406537,1,"IOTHUB_CLIENT_CONFIRMATION_OK"
16504,10144406692,10144406770,1,"IOTHUB_CLIENT_CONFIRMATION_OK"
16505,10144406892,10144406928,1,"IOTHUB_CLIENT_CONFIRMATION_OK"
16506,10144407092,10144407169,1,"IOTHUB_CLIENT_CONFIRMATION_OK"
16507,10144407293,10144407329,1,"IOTHUB_CLIENT_CONFIRMATION_OK"
16508,10144407493,10144407541,1,"IOTHUB_CLIENT_CONFIRMATION_OK"
16509,10144407693,10144407800,1,"IOTHUB_CLIENT_CONFIRMATION_OK"
16510,10144407893,10144407929,1,"IOTHUB_CLIENT_CONFIRMATION_OK"
16511,10144408093,10144408129,1,"IOTHUB_CLIENT_CONFIRMATION_OK"
16512,10144408293,10144408332,1,"IOTHUB_CLIENT_CONFIRMATION_OK"
16513,10144408493,10144408528,1,"IOTHUB_CLIENT_CONFIRMATION_OK"
16514,10144408694,10144408733,1,"IOTHUB_CLIENT_CONFIRMATION_OK"
16515,10144408894,10144408928,1,"IOTHUB_CLIENT_CONFIRMATION_OK"
16516,10144409094,10144409132,1,"IOTHUB_CLIENT_CONFIRMATION_OK"
16517,10144409294,10144409347,1,"IOTHUB_CLIENT_CONFIRMATION_OK"
16518,10144409494,10144409536,1,"IOTHUB_CLIENT_CONFIRMATION_OK"
16519,10144409694,10144409731,1,"IOTHUB_CLIENT_CONFIRMATION_OK"
16520,10144409895,10144409958,1,"IOTHUB_CLIENT_CONFIRMATION_OK"
16521,10144410095,10144410135,1,"IOTHUB_CLIENT_CONFIRMATION_OK"
16522,10144410295,10144410358,1,"IOTHUB_CLIENT_CONFIRMATION_OK"
16523,10144410495,10144410531,1,"IOTHUB_CLIENT_CONFIRMATION_OK"
16524,10144410695,10144410732,1,"IOTHUB_CLIENT_CONFIRMATION_OK"
16525,10144410895,10144410969,1,"IOTHUB_CLIENT_CONFIRMATION_OK"
16526,10144411096,10144411130,1,"IOTHUB_CLIENT_CONFIRMATION_OK"
16527,10144411296,10144411377,1,"IOTHUB_CLIENT_CONFIRMATION_OK"
16528,10144411496,10144411580,1,"IOTHUB_CLIENT_CONFIRMATION_OK"
16529,10144411696,10144411732,1,"IOTHUB_CLIENT_CONFIRMATION_OK"
16530,10144411896,10144411983,1,"IOTHUB_CLIENT_CONFIRMATION_OK"
16531,10144412097,10144412147,1,"IOTHUB_CLIENT_CONFIRMATION_OK"
16532,10144412297,10144412333,1,"IOTHUB_CLIENT_CONFIRMATION_OK"
16533,10144412497,10144412598,1,"IOTHUB_CLIENT_CONFIRMATION_OK"
16534,10144412697,10144412735,1,"IOTHUB_CLIENT_CONFIRMATION_OK"
16535,10144412897,10144412957,1,"IOTHUB_CLIENT_CONFIRMATION_OK"
16536,10144413097,10144413132,1,"IOTHUB_CLIENT_CONFIRMATION_OK"
16537,10144413297,10144413328,1,"IOTHUB_CLIENT_CONFIRMATION_OK"
16538,10144413498,10144413535,1,"IOTHUB_CLIENT_CONFIRMATION_OK"
16539,10144413698,10144413734,1,"IOTHUB_CLIENT_CONFIRMATION_OK"
16540,10144413898,10144413934,1,"IOTHUB_CLIENT_CONFIRMATION_OK"
16541,10144414098,10144414131,1,"IOTHUB_CLIENT_CONFIRMATION_OK"
16542,10144414298,10144414345,1,"IOTHUB_CLIENT_CONFIRMATION_OK"
16543,10144414498,10144414547,1,"IOTHUB_CLIENT_CONFIRMATION_OK"
16544,10144414698,10144414749,1,"IOTHUB_CLIENT_CONFIRMATION_OK"
16545,10144414899,10144414930,1,"IOTHUB_CLIENT_CONFIRMATION_OK"
16546,10144415099,10144415130,1,"IOTHUB_CLIENT_CONFIRMATION_OK"
16547,10144415299,10144415338,1,"IOTHUB_CLIENT_CONFIRMATION_OK"
16548,10144415499,10144415534,1,"IOTHUB_CLIENT_CONFIRMATION_OK"
16549,10144415699,10144415739,1,"IOTHUB_CLIENT_CONFIRMATION_OK"
16550,10144415899,10144415933,1,"IOTHUB_CLIENT_CONFIRMATION_OK"
16551,10144416100,10144416136,1,"IOTHUB_CLIENT_CONFIRMATION_OK"
16552,10144416300,10144416341,1,"IOTHUB_CLIENT_CONFIRMATION_OK"
16553,10144416500,10144416540,1,"IOTHUB_CLIENT_CONFIRMATION_OK"
16554,10144416700,10144416730,1,"IOTHUB_CLIENT_CONFIRMATION_OK"
16555,10144416900,10144416972,1,"IOTHUB_CLIENT_CONFIRMATION_OK"
16556,10144417100,10144417138,1,"IOTHUB_CLIENT_CONFIRMATION_OK"
16557,10144417300,10144417345,1,"IOTHUB_CLIENT_CONFIRMATION_OK"
16558,10144417501,10144417547,1,"IOTHUB_CLIENT_CONFIRMATION_OK"
16559,10144417701,10144417743,1,"IOTHUB_CLIENT_CONFIRMATION_OK"
16560,10144417901,10144417969,1,"IOTHUB_CLIENT_CONFIRMATION_OK"
16561,10144418101,10144418139,1,"IOTHUB_CLIENT_CONFIRMATION_OK"
16562,10144418301,10144418343,1,"IOTHUB_CLIENT_CONFIRMATION_OK"
16563,10144418501,10144418541,1,"IOTHUB_CLIENT_CONFIRMATION_OK"
16564,10144418702,10144418741,1,"IOTHUB_CLIENT_CONFIRMATION_OK"
16565,10144418902,10144419013,1,"IOTHUB_CLIENT_CONFIRMATION_OK"
16566,10144419102,10144419143,1,"IOTHUB_CLIENT_CONFIRMATION_OK"
16567,10144419302,10144419343,1,"IOTHUB_CLIENT_CONFIRMATION_OK"
16568,10144419502,10144419584,1,"IOTHUB_CLIENT_CONFIRMATION_OK"
16569,10144419702,10144419733,1,"IOTHUB_CLIENT_CONFIRMATION_OK"
16570,10144419903,10144419941,1,"IOTHUB_CLIENT_CONFIRMATION_OK"
16571,10144420103,10144420141,1,"IOTHUB_CLIENT_CONFIRMATION_OK"
16572,10144420303,10144420339,1,"IOTHUB_CLIENT_CONFIRMATION_OK"
16573,10144420503,10144420615,1,"IOTHUB_CLIENT_CONFIRMATION_OK"
16574,10144420703,10144420753,1,"IOTHUB_CLIENT_CONFIRMATION_OK"
16575,10144420903,10144420941,1,"IOTHUB_CLIENT_CONFIRMATION_OK"
16576,10144421104,10144421233,1,"IOTHUB_CLIENT_CONFIRMATION_OK"
16577,10144421304,10144421335,1,"IOTHUB_CLIENT_CONFIRMATION_OK"
16578,10144421504,10144421537,1,"IOTHUB_CLIENT_CONFIRMATION_OK"
16579,10144421704,10144421736,1,"IOTHUB_CLIENT_CONFIRMATION_OK"
16580,10144421904,10144421949,1,"IOTHUB_CLIENT_CONFIRMATION_OK"
16581,10144422105,10144422244,1,"IOTHUB_CLIENT_CONFIRMATION_OK"
16582,10144422305,10144422341,1,"IOTHUB_CLIENT_CONFIRMATION_OK"
16583,10144422505,10144422545,1,"IOTHUB_CLIENT_CONFIRMATION_OK"
16584,10144422705,10144422848,1,"IOTHUB_CLIENT_CONFIRMATION_OK"
16585,10144422905,10144422942,1,"IOTHUB_CLIENT_CONFIRMATION_OK"
16586,10144423105,10144423143,1,"IOTHUB_CLIENT_CONFIRMATION_OK"
16587,10144423305,10144423342,1,"IOTHUB_CLIENT_CONFIRMATION_OK"
16588,10144423506,10144423541,1,"IOTHUB_CLIENT_CONFIRMATION_OK"
16589,10144423706,10144423859,1,"IOTHUB_CLIENT_CONFIRMATION_OK"
16590,10144423906,10144423944,1,"IOTHUB_CLIENT_CONFIRMATION_OK"
16591,10144424106,10144424137,1,"IOTHUB_CLIENT_CONFIRMATION_OK"
16592,10144424306,10144424345,1,"IOTHUB_CLIENT_CONFIRMATION_OK"
16593,10144424506,10144424543,1,"IOTHUB_CLIENT_CONFIRMATION_OK"
16594,10144424707,10144424739,1,"IOTHUB_CLIENT_CONFIRMATION_OK"
16595,10144424907,10144425016,1,"IOTHUB_CLIENT_CONFIRMATION_OK"
16596,10144425107,10144425136,1,"IOTHUB_CLIENT_CONFIRMATION_OK"
16597,10144425307,10144425527,1,"IOTHUB_CLIENT_CONFIRMATION_OK"
16598,10144425507,10144425555,1,"IOTHUB_CLIENT_CONFIRMATION_OK"
16599,10144425707,10144425752,1,"IOTHUB_CLIENT_CONFIRMATION_OK"
16600,10144425907,10144425966,1,"IOTHUB_CLIENT_CONFIRMATION_OK"
16601,10144426108,10144426149,1,"IOTHUB_CLIENT_CONFIRMATION_OK"
16602,10144426308,10144426341,1,"IOTHUB_CLIENT_CONFIRMATION_OK"
16603,10144426508,10144426550,1,"IOTHUB_CLIENT_CONFIRMATION_OK"
16604,10144426708,10144426778,1,"IOTHUB_CLIENT_CONFIRMATION_OK"
16605,10144426908,10144427116,1,"IOTHUB_CLIENT_CONFIRMATION_OK"
16606,10144427108,10144427150,1,"IOTHUB_CLIENT_CONFIRMATION_OK"
16607,10144427308,10144427346,1,"IOTHUB_CLIENT_CONFIRMATION_OK"
16608,10144427509,10144427552,1,"IOTHUB_CLIENT_CONFIRMATION_OK"
16609,10144427709,10144427743,1,"IOTHUB_CLIENT_CONFIRMATION_OK"
16610,10144427909,10144427949,1,"IOTHUB_CLIENT_CONFIRMATION_OK"
16611,10144428109,10144428145,1,"IOTHUB_CLIENT_CONFIRMATION_OK"
16612,10144428309,10144428345,1,"IOTHUB_CLIENT_CONFIRMATION_OK"
16613,10144428509,10144428550,1,"IOTHUB_CLIENT_CONFIRMATION_OK"
16614,10144428710,10144428746,1,"IOTHUB_CLIENT_CONFIRMATION_OK"
16615,10144428910,10144428945,1,"IOTHUB_CLIENT_CONFIRMATION_OK"
16616,10144429110,10144429203,1,"IOTHUB_CLIENT_CONFIRMATION_OK"
16617,10144429310,10144429360,1,"IOTHUB_CLIENT_CONFIRMATION_OK"
16618,10144429510,10144429545,1,"IOTHUB_CLIENT_CONFIRMATION_OK"
16619,10144429710,10144429781,1,"IOTHUB_CLIENT_CONFIRMATION_OK"
16620,10144429910,10144429944,1,"IOTHUB_CLIENT_CONFIRMATION_OK"
16621,10144430111,10144430161,1,"IOTHUB_CLIENT_CONFIRMATION_OK"
16622,10144430311,10144430348,1,"IOTHUB_CLIENT_CONFIRMATION_OK"
16623,10144430511,10144430545,1,"IOTHUB_CLIENT_CONFIRMATION_OK"
16624,10144430711,10144430805,1,"IOTHUB_CLIENT_CONFIRMATION_OK"
16625,10144430911,10144430948,1,"IOTHUB_CLIENT_CONFIRMATION_OK"
16626,10144431111,10144431153,1,"IOTHUB_CLIENT_CONFIRMATION_OK"
16627,10144431312,10144431413,1,"IOTHUB_CLIENT_CONFIRMATION_OK"
16628,10144431512,10144431550,1,"IOTHUB_CLIENT_CONFIRMATION_OK"
16629,10144431712,10144431749,1,"IOTHUB_CLIENT_CONFIRMATION_OK"
16630,10144431912,10144431947,1,"IOTHUB_CLIENT_CONFIRMATION_OK"
16631,10144432112,10144432158,1,"IOTHUB_CLIENT_CONFIRMATION_OK"
16632,10144432312,10144432439,1,"IOTHUB_CLIENT_CONFIRMATION_OK"
16633,10144432512,10144432558,1,"IOTHUB_CLIENT_CONFIRMATION_OK"
16634,10144432713,10144432748,1,"IOTHUB_CLIENT_CONFIRMATION_OK"
16635,10144432913,10144432955,1,"IOTHUB_CLIENT_CONFIRMATION_OK"
16636,10144433113,10144433161,1,"IOTHUB_CLIENT_CONFIRMATION_OK"
16637,10144433313,10144433349,1,"IOTHUB_CLIENT_CONFIRMATION_OK"
16638,10144433513,10144433546,1,"IOTHUB_CLIENT_CONFIRMATION_OK"
16639,10144433713,10144433755,1,"IOTHUB_CLIENT_CONFIRMATION_OK"
16640,10144433913,10144434064,1,"IOTHUB_CLIENT_CONFIRMATION_OK"
16641,10144434114,10144434146,1,"IOTHUB_CLIENT_CONFIRMATION_OK"
16642,10144434314,10144434347,1,"IOTHUB_CLIENT_CONFIRMATION_OK"
16643,10144434514,10144434547,1,"IOTHUB_CLIENT_CONFIRMATION_OK"
16644,10144434714,10144434760,1,"IOTHUB_CLIENT_CONFIRMATION_OK"
16645,10144434914,10144434965,1,"IOTHUB_CLIENT_CONFIRMATION_OK"
16646,10144435114,10144435158,1,"IOTHUB_CLIENT_CONFIRMATION_OK"
16647,10144435315,10144435354,1,"IOTHUB_CLIENT_CONFIRMATION_OK"
16648,10144435515,10144435769,1,"IOTHUB_CLIENT_CONFIRMATION_OK"
16649,10144435715,10144435794,1,"IOTHUB_CLIENT_CONFIRMATION_OK"
16650,10144435915,10144435950,1,"IOTHUB_CLIENT_CONFIRMATION_OK"
16651,10144436115,10144436172,1,"IOTHUB_CLIENT_CONFIRMATION_OK"
16652,10144436315,10144436347,1,"IOTHUB_CLIENT_CONFIRMATION_OK"
16653,10144436515,10144436550,1,"IOTHUB_CLIENT_CONFIRMATION_OK"
16654,10144436716,10144436788,1,"IOTHUB_CLIENT_CONFIRMATION_OK"
16655,10144436916,10144436958,1,"IOTHUB_CLIENT_CONFIRMATION_OK"
16656,10144437116,10144437185,1,"IOTHUB_CLIENT_CONFIRMATION_OK"
16657,10144437316,10144437349,1,"IOTHUB_CLIENT_CONFIRMATION_OK"
16658,10144437516,10144437550,1,"IOTHUB_CLIENT_CONFIRMATION_OK"
16659,10144437717,10144437796,1,"IOTHUB_CLIENT_CONFIRMATION_OK"
16660,10144437917,10144437949,1,"IOTHUB_CLIENT_CONFIRMATION_OK"
16661,10144438117,10144438149,1,"IOTHUB_CLIENT_CONFIRMATION_OK"
16662,10144438317,10144438353,1,"IOTHUB_CLIENT_CONFIRMATION_OK"
16663,10144438517,10144438628,1,"IOTHUB_CLIENT_CONFIRMATION_OK"
16664,10144438717,10144438819,1,"IOTHUB_CLIENT_CONFIRMATION_OK"
16665,10144438917,10144438964,1,"IOTHUB_CLIENT_CONFIRMATION_OK"
16666,10144439118,10144439165,1,"IOTHUB_CLIENT_CONFIRMATION_OK"
16667,10144439318,10144439427,1,"IOTHUB_CLIENT_CONFIRMATION_OK"
16668,10144439518,10144439552,1,"IOTHUB_CLIENT_CONFIRMATION_OK"
16669,10144439718,10144439758,1,"IOTHUB_CLIENT_CONFIRMATION_OK"
16670,10144439918,10144439952,1,"IOTHUB_CLIENT_CONFIRMATION_OK"
16671,10144440118,10144440163,1,"IOTHUB_CLIENT_CONFIRMATION_OK"
16672,10144440319,10144440605,1,"IOTHUB_CLIENT_CONFIRMATION_OK"
16673,10144440519,10144440626,1,"IOTHUB_CLIENT_CONFIRMATION_OK"
16674,10144440719,10144440758,1,"IOTHUB_CLIENT_CONFIRMATION_OK"
16675,10144440919,10144441057,1,"IOTHUB_CLIENT_CONFIRMATION_OK"
16676,10144441119,10144441151,1,"IOTHUB_CLIENT_CONFIRMATION_OK"
16677,10144441319,10144441356,1,"IOTHUB_CLIENT_CONFIRMATION_OK"
16678,10144441519,10144441553,1,"IOTHUB_CLIENT_CONFIRMATION_OK"
16679,10144441720,10144441752,1,"IOTHUB_CLIENT_CONFIRMATION_OK"
16680,10144441920,10144442071,1,"IOTHUB_CLIENT_CONFIRMATION_OK"
16681,10144442120,10144442180,1,"IOTHUB_CLIENT_CONFIRMATION_OK"
16682,10144442320,10144442358,1,"IOTHUB_CLIENT_CONFIRMATION_OK"
16683,10144442520,10144442686,1,"IOTHUB_CLIENT_CONFIRMATION_OK"
16684,10144442720,10144442767,1,"IOTHUB_CLIENT_CONFIRMATION_OK"
16685,10144442921,10144442955,1,"IOTHUB_CLIENT_CONFIRMATION_OK"
16686,10144443121,10144443155,1,"IOTHUB_CLIENT_CONFIRMATION_OK"
16687,10144443321,10144443369,1,"IOTHUB_CLIENT_CONFIRMATION_OK"
16688,10144443521,10144443577,1,"IOTHUB_CLIENT_CONFIRMATION_OK"
16689,10144443721,10144443757,1,"IOTHUB_CLIENT_CONFIRMATION_OK"
16690,10144443921,10144444009,1,"IOTHUB_CLIENT_CONFIRMATION_OK"
16691,10144444121,10144444168,1,"IOTHUB_CLIENT_CONFIRMATION_OK"
16692,10144444322,10144444360,1,"IOTHUB_CLIENT_CONFIRMATION_OK"
16693,10144444522,10144444561,1,"IOTHUB_CLIENT_CONFIRMATION_OK"
16694,10144444722,10144444755,1,"IOTHUB_CLIENT_CONFIRMATION_OK"
16695,10144444922,10144444958,1,"IOTHUB_CLIENT_CONFIRMATION_OK"
16696,10144445122,10144445156,1,"IOTHUB_CLIENT_CONFIRMATION_OK"
16697,10144445322,10144445362,1,"IOTHUB_CLIENT_CONFIRMATION_OK"
16698,10144445523,10144445554,1,"IOTHUB_CLIENT_CONFIRMATION_OK"
16699,10144445723,10144445761,1,"IOTHUB_CLIENT_CONFIRMATION_OK"
16700,10144445923,10144445957,1,"IOTHUB_CLIENT_CONFIRMATION_OK"
16701,10144446123,10144446156,1,"IOTHUB_CLIENT_CONFIRMATION_OK"
16702,10144446323,10144446366,1,"IOTHUB_CLIENT_CONFIRMATION_OK"
16703,10144446523,10144446561,1,"IOTHUB_CLIENT_CONFIRMATION_OK"
16704,10144446723,10144446761,1,"IOTHUB_CLIENT_CONFIRMATION_OK"
16705,10144446924,10144446967,1,"IOTHUB_CLIENT_CONFIRMATION_OK"
16706,10144447124,10144447169,1,"IOTHUB_CLIENT_CONFIRMATION_OK"
16707,10144447324,10144447364,1,"IOTHUB_CLIENT_CONFIRMATION_OK"
16708,10144447524,10144447563,1,"IOTHUB_CLIENT_CONFIRMATION_OK"
16709,10144447724,10144447758,1,"IOTHUB_CLIENT_CONFIRMATION_OK"
16710,10144447924,10144447977,1,"IOTHUB_CLIENT_CONFIRMATION_OK"
16711,10144448124,10144448160,1,"IOTHUB_CLIENT_CONFIRMATION_OK"
16712,10144448325,10144448404,1,"IOTHUB_CLIENT_CONFIRMATION_OK"
16713,10144448525,10144448559,1,"IOTHUB_CLIENT_CONFIRMATION_OK"
16714,10144448725,10144448761,1,"IOTHUB_CLIENT_CONFIRMATION_OK"
16715,10144448925,10144449031,1,"IOTHUB_CLIENT_CONFIRMATION_OK"
16716,10144449125,10144449165,1,"IOTHUB_CLIENT_CONFIRMATION_OK"
16717,10144449325,10144449365,1,"IOTHUB_CLIENT_CONFIRMATION_OK"
16718,10144449525,10144449641,1,"IOTHUB_CLIENT_CONFIRMATION_OK"
16719,10144449726,10144449766,1,"IOTHUB_CLIENT_CONFIRMATION_OK"
16720,10144449926,10144449967,1,"IOTHUB_CLIENT_CONFIRMATION_OK"
16721,10144450126,10144450159,1,"IOTHUB_CLIENT_CONFIRMATION_OK"
16722,10144450326,10144450365,1,"IOTHUB_CLIENT_CONFIRMATION_OK"
16723,10144450526,10144450649,1,"IOTHUB_CLIENT_CONFIRMATION_OK"
16724,10144450726,10144450758,1,"IOTHUB_CLIENT_CONFIRMATION_OK"
16725,10144450927,10144450961,1,"IOTHUB_CLIENT_CONFIRMATION_OK"
16726,10144451127,10144451269,1,"IOTHUB_CLIENT_CONFIRMATION_OK"
16727,10144451327,10144451379,1,"IOTHUB_CLIENT_CONFIRMATION_OK"
16728,10144451527,10144451565,1,"IOTHUB_CLIENT_CONFIRMATION_OK"
16729,10144451727,10144451758,1,"IOTHUB_CLIENT_CONFIRMATION_OK"
16730,10144451927,10144451958,1,"IOTHUB_CLIENT_CONFIRMATION_OK"
16731,10144452127,10144452278,1,"IOTHUB_CLIENT_CONFIRMATION_OK"
16732,10144452328,10144452378,1,"IOTHUB_CLIENT_CONFIRMATION_OK"
16733,10144452528,10144452560,1,"IOTHUB_CLIENT_CONFIRMATION_OK"
16734,10144452728,10144452887,1,"IOTHUB_CLIENT_CONFIRMATION_OK"
16735,10144452928,10144452961,1,"IOTHUB_CLIENT_CONFIRMATION_OK"
16736,10144453128,10144453162,1,"IOTHUB_CLIENT_CONFIRMATION_OK"
16737,10144453328,10144453372,1,"IOTHUB_CLIENT_CONFIRMATION_OK"
16738,10144453529,10144453565,1,"IOTHUB_CLIENT_CONFIRMATION_OK"
16739,10144453729,10144453927,1,"IOTHUB_CLIENT_CONFIRMATION_OK"
16740,10144453929,10144453997,1,"IOTHUB_CLIENT_CONFIRMATION_OK"
16741,10144454129,10144454185,1,"IOTHUB_CLIENT_CONFIRMATION_OK"
16742,10144454329,10144454381,1,"IOTHUB_CLIENT_CONFIRMATION_OK"
16743,10144454529,10144454561,1,"IOTHUB_CLIENT_CONFIRMATION_OK"
16744,10144454729,10144454764,1,"IOTHUB_CLIENT_CONFIRMATION_OK"
16745,10144454930,10144454971,1,"IOTHUB_CLIENT_CONFIRMATION_OK"
16746,10144455130,10144455166,1,"IOTHUB_CLIENT_CONFIRMATION_OK"
16747,10144455330,10144455559,1,"IOTHUB_CLIENT_CONFIRMATION_OK"
16748,10144455530,10144455566,1,"IOTHUB_CLIENT_CONFIRMATION_OK"
16749,10144455730,10144455775,1,"IOTHUB_CLIENT_CONFIRMATION_OK"
16750,10144455930,10144455971,1,"IOTHUB_CLIENT_CONFIRMATION_OK"
16751,10144456130,10144456168,1,"IOTHUB_CLIENT_CONFIRMATION_OK"
16752,10144456331,10144456389,1,"IOTHUB_CLIENT_CONFIRMATION_OK"
16753,10144456531,10144456573,1,"IOTHUB_CLIENT_CONFIRMATION_OK"
16754,10144456731,10144456764,1,"IOTHUB_CLIENT_CONFIRMATION_OK"
16755,10144456931,10144456965,1,"IOTHUB_CLIENT_CONFIRMATION_OK"
16756,10144457131,10144457167,1,"IOTHUB_CLIENT_CONFIRMATION_OK"
16757,10144457331,10144457372,1,"IOTHUB_CLIENT_CONFIRMATION_OK"
16758,10144457532,10144457576,1,"IOTHUB_CLIENT_CONFIRMATION_OK"
16759,10144457732,10144457765,1,"IOTHUB_CLIENT_CONFIRMATION_OK"
16760,10144457932,10144458019,1,"IOTHUB_CLIENT_CONFIRMATION_OK"
16761,10144458132,10144458236,1,"IOTHUB_CLIENT_CONFIRMATION_OK"
16762,10144458332,10144458374,1,"IOTHUB_CLIENT_CONFIRMATION_OK"
16763,10144458533,10144458567,1,"IOTHUB_CLIENT_CONFIRMATION_OK"
16764,10144458733,10144458767,1,"IOTHUB_CLIENT_CONFIRMATION_OK"
16765,10144458933,10144458982,1,"IOTHUB_CLIENT_CONFIRMATION_OK"
16766,10144459133,10144459258,1,"IOTHUB_CLIENT_CONFIRMATION_OK"
16767,10144459333,10144459368,1,"IOTHUB_CLIENT_CONFIRMATION_OK"
16768,10144459533,10144459572,1,"IOTHUB_CLIENT_CONFIRMATION_OK"
16769,10144459734,10144459768,1,"IOTHUB_CLIENT_CONFIRMATION_OK"
16770,10144459934,10144459969,1,"IOTHUB_CLIENT_CONFIRMATION_OK"
16771,10144460134,10144460167,1,"IOTHUB_CLIENT_CONFIRMATION_OK"
16772,10144460334,10144460367,1,"IOTHUB_CLIENT_CONFIRMATION_OK"
16773,10144460534,10144460579,1,"IOTHUB_CLIENT_CONFIRMATION_OK"
16774,10144460734,10144460894,1,"IOTHUB_CLIENT_CONFIRMATION_OK"
16775,10144460934,10144460967,1,"IOTHUB_CLIENT_CONFIRMATION_OK"
16776,10144461135,10144461182,1,"IOTHUB_CLIENT_CONFIRMATION_OK"
16777,10144461335,10144461370,1,"IOTHUB_CLIENT_CONFIRMATION_OK"
16778,10144461535,10144461572,1,"IOTHUB_CLIENT_CONFIRMATION_OK"
16779,10144461735,10144461774,1,"IOTHUB_CLIENT_CONFIRMATION_OK"
16780,10144461935,10144461977,1,"IOTHUB_CLIENT_CONFIRMATION_OK"
16781,10144462135,10144462169,1,"IOTHUB_CLIENT_CONFIRMATION_OK"
16782,10144462335,10144462530,1,"IOTHUB_CLIENT_CONFIRMATION_OK"
16783,10144462536,10144462581,1,"IOTHUB_CLIENT_CONFIRMATION_OK"
16784,10144462736,10144462775,1,"IOTHUB_CLIENT_CONFIRMATION_OK"
16785,10144462936,10144462971,1,"IOTHUB_CLIENT_CONFIRMATION_OK"
16786,10144463136,10144463187,1,"IOTHUB_CLIENT_CONFIRMATION_OK"
16787,10144463336,10144463369,1,"IOTHUB_CLIENT_CONFIRMATION_OK"
16788,10144463536,10144463582,1,"IOTHUB_CLIENT_CONFIRMATION_OK"
16789,10144463736,10144463797,1,"IOTHUB_CLIENT_CONFIRMATION_OK"
16790,10144463937,10144463985,1,"IOTHUB_CLIENT_CONFIRMATION_OK"
16791,10144464137,10144464168,1,"IOTHUB_CLIENT_CONFIRMATION_OK"
16792,10144464337,10144464377,1,"IOTHUB_CLIENT_CONFIRMATION_OK"
16793,10144464537,10144464606,1,"IOTHUB_CLIENT_CONFIRMATION_OK"
16794,10144464737,10144464783,1,"IOTHUB_CLIENT_CONFIRMATION_OK"
16795,10144464937,10144465011,1,"IOTHUB_CLIENT_CONFIRMATION_OK"
16796,10144465138,10144465220,1,"IOTHUB_CLIENT_CONFIRMATION_OK"
16797,10144465338,10144465376,1,"IOTHUB_CLIENT_CONFIRMATION_OK"
16798,10144465538,10144465629,1,"IOTHUB_CLIENT_CONFIRMATION_OK"
16799,10144465738,10144465788,1,"IOTHUB_CLIENT_CONFIRMATION_OK"
16800,10144465938,10144465974,1,"IOTHUB_CLIENT_CONFIRMATION_OK"
16801,10144466138,10144466244,1,"IOTHUB_CLIENT_CONFIRMATION_OK"
16802,10144466339,10144466378,1,"IOTHUB_CLIENT_CONFIRMATION_OK"
16803,10144466539,10144466578,1,"IOTHUB_CLIENT_CONFIRMATION_OK"
16804,10144466739,10144466773,1,"IOTHUB_CLIENT_CONFIRMATION_OK"
16805,10144466939,10144466975,1,"IOTHUB_CLIENT_CONFIRMATION_OK"
16806,10144467139,10144467251,1,"IOTHUB_CLIENT_CONFIRMATION_OK"
16807,10144467339,10144467380,1,"IOTHUB_CLIENT_CONFIRMATION_OK"
16808,10144467539,10144467580,1,"IOTHUB_CLIENT_CONFIRMATION_OK"
16809,10144467740,10144467862,1,"IOTHUB_CLIENT_CONFIRMATION_OK"
16810,10144467940,10144467978,1,"IOTHUB_CLIENT_CONFIRMATION_OK"
16811,10144468140,10144468253,1,"IOTHUB_CLIENT_CONFIRMATION_OK"
16812,10144468340,10144468376,1,"IOTHUB_CLIENT_CONFIRMATION_OK"
16813,10144468540,10144468575,1,"IOTHUB_CLIENT_CONFIRMATION_OK"
16814,10144468740,10144468893,1,"IOTHUB_CLIENT_CONFIRMATION_OK"
16815,10144468941,10144468991,1,"IOTHUB_CLIENT_CONFIRMATION_OK"
16816,10144469141,10144469182,1,"IOTHUB_CLIENT_CONFIRMATION_OK"
16817,10144469341,10144469377,1,"IOTHUB_CLIENT_CONFIRMATION_OK"
16818,10144469541,10144469571,1,"IOTHUB_CLIENT_CONFIRMATION_OK"
16819,10144469741,10144469775,1,"IOTHUB_CLIENT_CONFIRMATION_OK"
16820,10144469941,10144469980,1,"IOTHUB_CLIENT_CONFIRMATION_OK"
16821,10144470141,10144470173,1,"IOTHUB_CLIENT_CONFIRMATION_OK"
16822,10144470342,10144470531,1,"IOTHUB_CLIENT_CONFIRMATION_OK"
16823,10144470542,10144470581,1,"IOTHUB_CLIENT_CONFIRMATION_OK"
16824,10144470742,10144470778,1,"IOTHUB_CLIENT_CONFIRMATION_OK"
16825,10144470942,10144470976,1,"IOTHUB_CLIENT_CONFIRMATION_OK"
16826,10144471142,10144471176,1,"IOTHUB_CLIENT_CONFIRMATION_OK"
16827,10144471342,10144471381,1,"IOTHUB_CLIENT_CONFIRMATION_OK"
16828,10144471543,10144471576,1,"IOTHUB_CLIENT_CONFIRMATION_OK"
16829,10144471743,10144471784,1,"IOTHUB_CLIENT_CONFIRMATION_OK"
16830,10144471943,10144472161,1,"IOTHUB_CLIENT_CONFIRMATION_OK"
16831,10144472143,10144472179,1,"IOTHUB_CLIENT_CONFIRMATION_OK"
16832,10144472343,10144472394,1,"IOTHUB_CLIENT_CONFIRMATION_OK"
16833,10144472543,10144472583,1,"IOTHUB_CLIENT_CONFIRMATION_OK"
16834,10144472744,10144472778,1,"IOTHUB_CLIENT_CONFIRMATION_OK"
16835,10144472944,10144472979,1,"IOTHUB_CLIENT_CONFIRMATION_OK"
16836,10144473144,10144473195,1,"IOTHUB_CLIENT_CONFIRMATION_OK"
16837,10144473344,10144473382,1,"IOTHUB_CLIENT_CONFIRMATION_OK"
16838,10144473544,10144473585,1,"IOTHUB_CLIENT_CONFIRMATION_OK"
16839,10144473744,10144473867,1,"IOTHUB_CLIENT_CONFIRMATION_OK"
16840,10144473945,10144473981,1,"IOTHUB_CLIENT_CONFIRMATION_OK"
16841,10144474145,10144474284,1,"IOTHUB_CLIENT_CONFIRMATION_OK"
16842,10144474345,10144474376,1,"IOTHUB_CLIENT_CONFIRMATION_OK"
16843,10144474545,10144474622,1,"IOTHUB_CLIENT_CONFIRMATION_OK"
16844,10144474745,10144474780,1,"IOTHUB_CLIENT_CONFIRMATION_OK"
16845,10144474946,10144474986,1,"IOTHUB_CLIENT_CONFIRMATION_OK"
16846,10144475146,10144475189,1,"IOTHUB_CLIENT_CONFIRMATION_OK"
16847,10144475346,10144475385,1,"IOTHUB_CLIENT_CONFIRMATION_OK"
16848,10144475546,10144475588,1,"IOTHUB_CLIENT_CONFIRMATION_OK"
16849,10144475746,10144475913,1,"IOTHUB_CLIENT_CONFIRMATION_OK"
16850,10144475947,10144475986,1,"IOTHUB_CLIENT_CONFIRMATION_OK"
16851,10144476147,10144476181,1,"IOTHUB_CLIENT_CONFIRMATION_OK"
16852,10144476347,10144476403,1,"IOTHUB_CLIENT_CONFIRMATION_OK"
16853,10144476547,10144476580,1,"IOTHUB_CLIENT_CONFIRMATION_OK"
16854,10144476747,10144476782,1,"IOTHUB_CLIENT_CONFIRMATION_OK"
16855,10144476947,10144476979,1,"IOTHUB_CLIENT_CONFIRMATION_OK"
16856,10144477147,10144477179,1,"IOTHUB_CLIENT_CONFIRMATION_OK"
16857,10144477348,10144477376,1,"IOTHUB_CLIENT_CONFIRMATION_OK"
16858,10144477548,10144477586,1,"IOTHUB_CLIENT_CONFIRMATION_OK"
16859,10144477748,10144477789,1,"IOTHUB_CLIENT_CONFIRMATION_OK"
16860,10144477948,10144477980,1,"IOTHUB_CLIENT_CONFIRMATION_OK"
16861,10144478148,10144478184,1,"IOTHUB_CLIENT_CONFIRMATION_OK"
16862,10144478348,10144478386,1,"IOTHUB_CLIENT_CONFIRMATION_OK"
16863,10144478548,10144478583,1,"IOTHUB_CLIENT_CONFIRMATION_OK"
16864,10144478749,10144478784,1,"IOTHUB_CLIENT_CONFIRMATION_OK"
16865,10144478949,10144478980,1,"IOTHUB_CLIENT_CONFIRMATION_OK"
16866,10144479149,10144479181,1,"IOTHUB_CLIENT_CONFIRMATION_OK"
16867,10144479349,10144479381,1,"IOTHUB_CLIENT_CONFIRMATION_OK"
16868,10144479549,10144479590,1,"IOTHUB_CLIENT_CONFIRMATION_OK"
16869,10144479749,10144479783,1,"IOTHUB_CLIENT_CONFIRMATION_OK"
16870,10144479949,10144479983,1,"IOTHUB_CLIENT_CONFIRMATION_OK"
16871,10144480150,10144480207,1,"IOTHUB_CLIENT_CONFIRMATION_OK"
16872,10144480350,10144480383,1,"IOTHUB_CLIENT_CONFIRMATION_OK"
16873,10144480550,10144480612,1,"IOTHUB_CLIENT_CONFIRMATION_OK"
16874,10144480750,10144480786,1,"IOTHUB_CLIENT_CONFIRMATION_OK"
16875,10144480951,10144481010,1,"IOTHUB_CLIENT_CONFIRMATION_OK"
16876,10144481151,10144481225,1,"IOTHUB_CLIENT_CONFIRMATION_OK"
16877,10144481351,10144481384,1,"IOTHUB_CLIENT_CONFIRMATION_OK"
16878,10144481551,10144481590,1,"IOTHUB_CLIENT_CONFIRMATION_OK"
16879,10144481751,10144481839,1,"IOTHUB_CLIENT_CONFIRMATION_OK"
16880,10144481951,10144481989,1,"IOTHUB_CLIENT_CONFIRMATION_OK"
16881,10144482152,10144482232,1,"IOTHUB_CLIENT_CONFIRMATION_OK"
16882,10144482352,10144482386,1,"IOTHUB_CLIENT_CONFIRMATION_OK"
16883,10144482552,10144482584,1,"IOTHUB_CLIENT_CONFIRMATION_OK"
16884,10144482752,10144482849,1,"IOTHUB_CLIENT_CONFIRMATION_OK"
16885,10144482952,10144482982,1,"IOTHUB_CLIENT_CONFIRMATION_OK"
16886,10144483152,10144483185,1,"IOTHUB_CLIENT_CONFIRMATION_OK"
16887,10144483352,10144483388,1,"IOTHUB_CLIENT_CONFIRMATION_OK"
16888,10144483553,10144483588,1,"IOTHUB_CLIENT_CONFIRMATION_OK"
16889,10144483753,10144483872,1,"IOTHUB_CLIENT_CONFIRMATION_OK"
16890,10144483953,10144484000,1,"IOTHUB_CLIENT_CONFIRMATION_OK"
16891,10144484153,10144484183,1,"IOTHUB_CLIENT_CONFIRMATION_OK"
16892,10144484353,10144484484,1,"IOTHUB_CLIENT_CONFIRMATION_OK"
16893,10144484553,10144484670,1,"IOTHUB_CLIENT_CONFIRMATION_OK"
16894,10144484753,10144484794,1,"IOTHUB_CLIENT_CONFIRMATION_OK"
16895,10144484954,10144484989,1,"IOTHUB_CLIENT_CONFIRMATION_OK"
16896,10144485154,10144485185,1,"IOTHUB_CLIENT_CONFIRMATION_OK"
16897,10144485354,10144485551,1,"IOTHUB_CLIENT_CONFIRMATION_OK"
16898,10144485554,10144485611,1,"IOTHUB_CLIENT_CONFIRMATION_OK"
16899,10144485754,10144485785,1,"IOTHUB_CLIENT_CONFIRMATION_OK"
16900,10144485954,10144486111,1,"IOTHUB_CLIENT_CONFIRMATION_OK"
16901,10144486155,10144486188,1,"IOTHUB_CLIENT_CONFIRMATION_OK"
16902,10144486355,10144486386,1,"IOTHUB_CLIENT_CONFIRMATION_OK"
16903,10144486555,10144486609,1,"IOTHUB_CLIENT_CONFIRMATION_OK"
16904,10144486755,10144486792,1,"IOTHUB_CLIENT_CONFIRMATION_OK"
16905,10144486955,10144487124,1,"IOTHUB_CLIENT_CONFIRMATION_OK"
16906,10144487155,10144487191,1,"IOTHUB_CLIENT_CONFIRMATION_OK"
16907,10144487355,10144487389,1,"IOTHUB_CLIENT_CONFIRMATION_OK"
16908,10144487556,10144487604,1,"IOTHUB_CLIENT_CONFIRMATION_OK"
16909,10144487756,10144487801,1,"IOTHUB_CLIENT_CONFIRMATION_OK"
16910,10144487956,10144487998,1,"IOTHUB_CLIENT_CONFIRMATION_OK"
16911,10144488156,10144488194,1,"IOTHUB_CLIENT_CONFIRMATION_OK"
16912,10144488356,10144488388,1,"IOTHUB_CLIENT_CONFIRMATION_OK"
16913,10144488556,10144488597,1,"IOTHUB_CLIENT_CONFIRMATION_OK"
16914,10144488757,10144488793,1,"IOTHUB_CLIENT_CONFIRMATION_OK"
16915,10144488957,10144489004,1,"IOTHUB_CLIENT_CONFIRMATION_OK"
16916,10144489157,10144489237,1,"IOTHUB_CLIENT_CONFIRMATION_OK"
16917,10144489357,10144489405,1,"IOTHUB_CLIENT_CONFIRMATION_OK"
16918,10144489557,10144489668,1,"IOTHUB_CLIENT_CONFIRMATION_OK"
16919,10144489757,10144489847,1,"IOTHUB_CLIENT_CONFIRMATION_OK"
16920,10144489957,10144489992,1,"IOTHUB_CLIENT_CONFIRMATION_OK"
16921,10144490158,10144490195,1,"IOTHUB_CLIENT_CONFIRMATION_OK"
16922,10144490358,10144490397,1,"IOTHUB_CLIENT_CONFIRMATION_OK"
16923,10144490558,10144490592,1,"IOTHUB_CLIENT_CONFIRMATION_OK"
16924,10144490758,10144490864,1,"IOTHUB_CLIENT_CONFIRMATION_OK"
16925,10144490958,10144490990,1,"IOTHUB_CLIENT_CONFIRMATION_OK"
16926,10144491158,10144491192,1,"IOTHUB_CLIENT_CONFIRMATION_OK"
16927,10144491359,10144491480,1,"IOTHUB_CLIENT_CONFIRMATION_OK"
16928,10144491559,10144491590,1,"IOTHUB_CLIENT_CONFIRMATION_OK"
16929,10144491759,10144491792,1,"IOTHUB_CLIENT_CONFIRMATION_OK"
16930,10144491959,10144491992,1,"IOTHUB_CLIENT_CONFIRMATION_OK"
16931,10144492159,10144492198,1,"IOTHUB_CLIENT_CONFIRMATION_OK"
16932,10144492359,10144492486,1,"IOTHUB_CLIENT_CONFIRMATION_OK"
16933,10144492559,10144492590,1,"IOTHUB_CLIENT_CONFIRMATION_OK"
16934,10144492760,10144492793,1,"IOTHUB_CLIENT_CONFIRMATION_OK"
16935,10144492960,10144492990,1,"IOTHUB_CLIENT_CONFIRMATION_OK"
16936,10144493160,10144493205,1,"IOTHUB_CLIENT_CONFIRMATION_OK"
16937,10144493360,10144493390,1,"IOTHUB_CLIENT_CONFIRMATION_OK"
16938,10144493560,10144493598,1,"IOTHUB_CLIENT_CONFIRMATION_OK"
16939,10144493760,10144493794,1,"IOTHUB_CLIENT_CONFIRMATION_OK"
16940,10144493961,10144494141,1,"IOTHUB_CLIENT_CONFIRMATION_OK"
16941,10144494161,10144494201,1,"IOTHUB_CLIENT_CONFIRMATION_OK"
16942,10144494361,10144494402,1,"IOTHUB_CLIENT_CONFIRMATION_OK"
16943,10144494561,10144494594,1,"IOTHUB_CLIENT_CONFIRMATION_OK"
16944,10144494761,10144494884,1,"IOTHUB_CLIENT_CONFIRMATION_OK"
16945,10144494962,10144495001,1,"IOTHUB_CLIENT_CONFIRMATION_OK"
16946,10144495162,10144495197,1,"IOTHUB_CLIENT_CONFIRMATION_OK"
16947,10144495362,10144495396,1,"IOTHUB_CLIENT_CONFIRMATION_OK"
16948,10144495562,10144495752,1,"IOTHUB_CLIENT_CONFIRMATION_OK"
16949,10144495762,10144495831,1,"IOTHUB_CLIENT_CONFIRMATION_OK"
16950,10144495962,10144496039,1,"IOTHUB_CLIENT_CONFIRMATION_OK"
16951,10144496162,10144496198,1,"IOTHUB_CLIENT_CONFIRMATION_OK"
16952,10144496363,10144496401,1,"IOTHUB_CLIENT_CONFIRMATION_OK"
16953,10144496563,10144496597,1,"IOTHUB_CLIENT_CONFIRMATION_OK"
16954,10144496763,10144496798,1,"IOTHUB_CLIENT_CONFIRMATION_OK"
16955,10144496963,10144496997,1,"IOTHUB_CLIENT_CONFIRMATION_OK"
16956,10144497163,10144497363,1,"IOTHUB_CLIENT_CONFIRMATION_OK"
16957,10144497364,10144497395,1,"IOTHUB_CLIENT_CONFIRMATION_OK"
16958,10144497564,10144497598,1,"IOTHUB_CLIENT_CONFIRMATION_OK"
16959,10144497764,10144497800,1,"IOTHUB_CLIENT_CONFIRMATION_OK"
16960,10144497964,10144497995,1,"IOTHUB_CLIENT_CONFIRMATION_OK"
16961,10144498164,10144498193,1,"IOTHUB_CLIENT_CONFIRMATION_OK"
16962,10144498365,10144498399,1,"IOTHUB_CLIENT_CONFIRMATION_OK"
16963,10144498565,10144498597,1,"IOTHUB_CLIENT_CONFIRMATION_OK"
16964,10144498765,10144498802,1,"IOTHUB_CLIENT_CONFIRMATION_OK"
16965,10144498965,10144499014,1,"IOTHUB_CLIENT_CONFIRMATION_OK"
16966,10144499165,10144499199,1,"IOTHUB_CLIENT_CONFIRMATION_OK"
16967,10144499365,10144499401,1,"IOTHUB_CLIENT_CONFIRMATION_OK"
16968,10144499565,10144499599,1,"IOTHUB_CLIENT_CONFIRMATION_OK"
16969,10144499765,10144499802,1,"IOTHUB_CLIENT_CONFIRMATION_OK"
16970,10144499966,10144500008,1,"IOTHUB_CLIENT_CONFIRMATION_OK"
16971,10144500166,10144500196,1,"IOTHUB_CLIENT_CONFIRMATION_OK"
16972,10144500366,10144500409,1,"IOTHUB_CLIENT_CONFIRMATION_OK"
16973,10144500566,10144500599,1,"IOTHUB_CLIENT_CONFIRMATION_OK"
16974,10144500766,10144500804,1,"IOTHUB_CLIENT_CONFIRMATION_OK"
16975,10144500966,10144501016,1,"IOTHUB_CLIENT_CONFIRMATION_OK"
16976,10144501166,10144501198,1,"IOTHUB_CLIENT_CONFIRMATION_OK"
16977,10144501367,10144501398,1,"IOTHUB_CLIENT_CONFIRMATION_OK"
16978,10144501567,10144501627,1,"IOTHUB_CLIENT_CONFIRMATION_OK"
16979,10144501767,10144501800,1,"IOTHUB_CLIENT_CONFIRMATION_OK"
16980,10144501967,10144502032,1,"IOTHUB_CLIENT_CONFIRMATION_OK"
16981,10144502167,10144502199,1,"IOTHUB_CLIENT_CONFIRMATION_OK"
16982,10144502367,10144502401,1,"IOTHUB_CLIENT_CONFIRMATION_OK"
16983,10144502568,10144502647,1,"IOTHUB_CLIENT_CONFIRMATION_OK"
16984,10144502768,10144502809,1,"IOTHUB_CLIENT_CONFIRMATION_OK"
16985,10144502968,10144503001,1,"IOTHUB_CLIENT_CONFIRMATION_OK"
16986,10144503168,10144503264,1,"IOTHUB_CLIENT_CONFIRMATION_OK"
16987,10144503368,10144503475,1,"IOTHUB_CLIENT_CONFIRMATION_OK"
16988,10144503568,10144503599,1,"IOTHUB_CLIENT_CONFIRMATION_OK"
16989,10144503768,10144503800,1,"IOTHUB_CLIENT_CONFIRMATION_OK"
16990,10144503969,10144504008,1,"IOTHUB_CLIENT_CONFIRMATION_OK"
16991,10144504169,10144504269,1,"IOTHUB_CLIENT_CONFIRMATION_OK"
16992,10144504369,10144504404,1,"IOTHUB_CLIENT_CONFIRMATION_OK"
16993,10144504569,10144504620,1,"IOTHUB_CLIENT_CONFIRMATION_OK"
16994,10144504769,10144504882,1,"IOTHUB_CLIENT_CONFIRMATION_OK"
16995,10144504969,10144505001,1,"IOTHUB_CLIENT_CONFIRMATION_OK"
16996,10144505169,10144505202,1,"IOTHUB_CLIENT_CONFIRMATION_OK"
16997,10144505370,10144505411,1,"IOTHUB_CLIENT_CONFIRMATION_OK"
16998,10144505570,10144505616,1,"IOTHUB_CLIENT_CONFIRMATION_OK"
16999,10144505770,10144505913,1,"IOTHUB_CLIENT_CONFIRMATION_OK"
17000,10144505970,10144506007,1,"IOTHUB_CLIENT_CONFIRMATION_OK"
17001,10144506170,10144506206,1,"IOTHUB_CLIENT_CONFIRMATION_OK"
17002,10144506370,10144506403,1,"IOTHUB_CLIENT_CONFIRMATION_OK"
17003,10144506570,10144506602,1,"IOTHUB_CLIENT_CONFIRMATION_OK"
17004,10144506771,10144506816,1,"IOTHUB_CLIENT_CONFIRMATION_OK"
17005,10144506971,10144507002,1,"IOTHUB_CLIENT_CONFIRMATION_OK"
17006,10144507171,10144507212,1,"IOTHUB_CLIENT_CONFIRMATION_OK"
17007,10144507371,10144507520,1,"IOTHUB_CLIENT_CONFIRMATION_OK"
17008,10144507571,10144507609,1,"IOTHUB_CLIENT_CONFIRMATION_OK"
17009,10144507772,10144507810,1,"IOTHUB_CLIENT_CONFIRMATION_OK"
17010,10144507972,10144508005,1,"IOTHUB_CLIENT_CONFIRMATION_OK"
17011,10144508172,10144508204,1,"IOTHUB_CLIENT_CONFIRMATION_OK"
17012,10144508372,10144508407,1,"IOTHUB_CLIENT_CONFIRMATION_OK"
17013,10144508572,10144508619,1,"IOTHUB_CLIENT_CONFIRMATION_OK"
17014,10144508772,10144508812,1,"IOTHUB_CLIENT_CONFIRMATION_OK"
17015,10144508972,10144509248,1,"IOTHUB_CLIENT_CONFIRMATION_OK"
17016,10144509173,10144509267,1,"IOTHUB_CLIENT_CONFIRMATION_OK"
17017,10144509373,10144509405,1,"IOTHUB_CLIENT_CONFIRMATION_OK"
17018,10144509573,10144509663,1,"IOTHUB_CLIENT_CONFIRMATION_OK"
17019,10144509773,10144509850,1,"IOTHUB_CLIENT_CONFIRMATION_OK"
17020,10144509973,10144510015,1,"IOTHUB_CLIENT_CONFIRMATION_OK"
17021,10144510173,10144510204,1,"IOTHUB_CLIENT_CONFIRMATION_OK"
17022,10144510374,10144510410,1,"IOTHUB_CLIENT_CONFIRMATION_OK"
17023,10144510574,10144510701,1,"IOTHUB_CLIENT_CONFIRMATION_OK"
17024,10144510774,10144510814,1,"IOTHUB_CLIENT_CONFIRMATION_OK"
17025,10144510974,10144511008,1,"IOTHUB_CLIENT_CONFIRMATION_OK"
17026,10144511174,10144511213,1,"IOTHUB_CLIENT_CONFIRMATION_OK"
17027,10144511374,10144511409,1,"IOTHUB_CLIENT_CONFIRMATION_OK"
17028,10144511574,10144511610,1,"IOTHUB_CLIENT_CONFIRMATION_OK"
17029,10144511775,10144511811,1,"IOTHUB_CLIENT_CONFIRMATION_OK"
17030,10144511975,10144512013,1,"IOTHUB_CLIENT_CONFIRMATION_OK"
17031,10144512175,10144512346,1,"IOTHUB_CLIENT_CONFIRMATION_OK"
17032,10144512375,10144512409,1,"IOTHUB_CLIENT_CONFIRMATION_OK"
17033,10144512575,10144512617,1,"IOTHUB_CLIENT_CONFIRMATION_OK"
17034,10144512775,10144512810,1,"IOTHUB_CLIENT_CONFIRMATION_OK"
17035,10144512976,10144513008,1,"IOTHUB_CLIENT_CONFIRMATION_OK"
17036,10144513176,10144513205,1,"IOTHUB_CLIENT_CONFIRMATION_OK"
17037,10144513376,10144513420,1,"IOTHUB_CLIENT_CONFIRMATION_OK"
17038,10144513576,10144513607,1,"IOTHUB_CLIENT_CONFIRMATION_OK"
17039,10144513776,10144513960,1,"IOTHUB_CLIENT_CONFIRMATION_OK"
17040,10144513976,10144514037,1,"IOTHUB_CLIENT_CONFIRMATION_OK"
17041,10144514176,10144514215,1,"IOTHUB_CLIENT_CONFIRMATION_OK"
17042,10144514377,10144514410,1,"IOTHUB_CLIENT_CONFIRMATION_OK"
17043,10144514577,10144514606,1,"IOTHUB_CLIENT_CONFIRMATION_OK"
17044,10144514777,10144514813,1,"IOTHUB_CLIENT_CONFIRMATION_OK"
17045,10144514977,10144515024,1,"IOTHUB_CLIENT_CONFIRMATION_OK"
17046,10144515177,10144515212,1,"IOTHUB_CLIENT_CONFIRMATION_OK"
17047,10144515377,10144515601,1,"IOTHUB_CLIENT_CONFIRMATION_OK"
17048,10144515578,10144515616,1,"IOTHUB_CLIENT_CONFIRMATION_OK"
17049,10144515778,10144515854,1,"IOTHUB_CLIENT_CONFIRMATION_OK"
17050,10144515978,10144516016,1,"IOTHUB_CLIENT_CONFIRMATION_OK"
17051,10144516178,10144516217,1,"IOTHUB_CLIENT_CONFIRMATION_OK"
17052,10144516378,10144516420,1,"IOTHUB_CLIENT_CONFIRMATION_OK"
17053,10144516579,10144516628,1,"IOTHUB_CLIENT_CONFIRMATION_OK"
17054,10144516779,10144516828,1,"IOTHUB_CLIENT_CONFIRMATION_OK"
17055,10144516979,10144517012,1,"IOTHUB_CLIENT_CONFIRMATION_OK"
17056,10144517179,10144517218,1,"IOTHUB_CLIENT_CONFIRMATION_OK"
17057,10144517379,10144517429,1,"IOTHUB_CLIENT_CONFIRMATION_OK"
17058,10144517579,10144517639,1,"IOTHUB_CLIENT_CONFIRMATION_OK"
17059,10144517780,10144517823,1,"IOTHUB_CLIENT_CONFIRMATION_OK"
17060,10144517980,10144518009,1,"IOTHUB_CLIENT_CONFIRMATION_OK"
17061,10144518180,10144518624,1,"IOTHUB_CLIENT_CONFIRMATION_OK"
17062,10144518380,10144519068,1,"IOTHUB_CLIENT_CONFIRMATION_OK"
17063,10144518580,10144519124,1,"IOTHUB_CLIENT_CONFIRMATION_OK"
17064,10144518780,10144519177,1,"IOTHUB_CLIENT_CONFIRMATION_OK"
17065,10144518981,10144519230,1,"IOTHUB_CLIENT_CONFIRMATION_OK"
17066,10144519181,10144519299,1,"IOTHUB_CLIENT_CONFIRMATION_OK"
17067,10144519381,10144519433,1,"IOTHUB_CLIENT_CONFIRMATION_OK"
17068,10144519581,10144519672,1,"IOTHUB_CLIENT_CONFIRMATION_OK"
17069,10144519781,10144519814,1,"IOTHUB_CLIENT_CONFIRMATION_OK"
17070,10144519981,10144520016,1,"IOTHUB_CLIENT_CONFIRMATION_OK"
17071,10144520182,10144520224,1,"IOTHUB_CLIENT_CONFIRMATION_OK"
17072,10144520382,10144520421,1,"IOTHUB_CLIENT_CONFIRMATION_OK"
17073,10144520582,10144520632,1,"IOTHUB_CLIENT_CONFIRMATION_OK"
17074,10144520782,10144520907,1,"IOTHUB_CLIENT_CONFIRMATION_OK"
17075,10144520982,10144521024,1,"IOTHUB_CLIENT_CONFIRMATION_OK"
17076,10144521182,10144521216,1,"IOTHUB_CLIENT_CONFIRMATION_OK"
17077,10144521382,10144521414,1,"IOTHUB_CLIENT_CONFIRMATION_OK"
17078,10144521583,10144521616,1,"IOTHUB_CLIENT_CONFIRMATION_OK"
17079,10144521783,10144521827,1,"IOTHUB_CLIENT_CONFIRMATION_OK"
17080,10144521983,10144522022,1,"IOTHUB_CLIENT_CONFIRMATION_OK"
17081,10144522183,10144522213,1,"IOTHUB_CLIENT_CONFIRMATION_OK"
17082,10144522383,10144522544,1,"IOTHUB_CLIENT_CONFIRMATION_OK"
17083,10144522583,10144522617,1,"IOTHUB_CLIENT_CONFIRMATION_OK"
17084,10144522784,10144522834,1,"IOTHUB_CLIENT_CONFIRMATION_OK"
17085,10144522984,10144523017,1,"IOTHUB_CLIENT_CONFIRMATION_OK"
17086,10144523184,10144523240,1,"IOTHUB_CLIENT_CONFIRMATION_OK"
17087,10144523384,10144523414,1,"IOTHUB_CLIENT_CONFIRMATION_OK"
17088,10144523584,10144523625,1,"IOTHUB_CLIENT_CONFIRMATION_OK"
17089,10144523784,10144523849,1,"IOTHUB_CLIENT_CONFIRMATION_OK"
17090,10144523984,10144524162,1,"IOTHUB_CLIENT_CONFIRMATION_OK"
17091,10144524185,10144524220,1,"IOTHUB_CLIENT_CONFIRMATION_OK"
17092,10144524385,10144524430,1,"IOTHUB_CLIENT_CONFIRMATION_OK"
17093,10144524585,10144524626,1,"IOTHUB_CLIENT_CONFIRMATION_OK"
17094,10144524785,10144524820,1,"IOTHUB_CLIENT_CONFIRMATION_OK"
17095,10144524985,10144525125,1,"IOTHUB_CLIENT_CONFIRMATION_OK"
17096,10144525185,10144525218,1,"IOTHUB_CLIENT_CONFIRMATION_OK"
17097,10144525386,10144525425,1,"IOTHUB_CLIENT_CONFIRMATION_OK"
17098,10144525586,10144525799,1,"IOTHUB_CLIENT_CONFIRMATION_OK"
17099,10144525786,10144525829,1,"IOTHUB_CLIENT_CONFIRMATION_OK"
17100,10144525986,10144526024,1,"IOTHUB_CLIENT_CONFIRMATION_OK"
17101,10144526186,10144526218,1,"IOTHUB_CLIENT_CONFIRMATION_OK"
17102,10144526386,10144526432,1,"IOTHUB_CLIENT_CONFIRMATION_OK"
17103,10144526586,10144526632,1,"IOTHUB_CLIENT_CONFIRMATION_OK"
17104,10144526787,10144526824,1,"IOTHUB_CLIENT_CONFIRMATION_OK"
17105,10144526987,10144527043,1,"IOTHUB_CLIENT_CONFIRMATION_OK"
17106,10144527187,10144527232,1,"IOTHUB_CLIENT_CONFIRMATION_OK"
17107,10144527387,10144527421,1,"IOTHUB_CLIENT_CONFIRMATION_OK"
17108,10144527587,10144527625,1,"IOTHUB_CLIENT_CONFIRMATION_OK"
17109,10144527788,10144527860,1,"IOTHUB_CLIENT_CONFIRMATION_OK"
17110,10144527988,10144528025,1,"IOTHUB_CLIENT_CONFIRMATION_OK"
17111,10144528188,10144528229,1,"IOTHUB_CLIENT_CONFIRMATION_OK"
17112,10144528388,10144528475,1,"IOTHUB_CLIENT_CONFIRMATION_OK"
17113,10144528588,10144528624,1,"IOTHUB_CLIENT_CONFIRMATION_OK"
17114,10144528788,10144528876,1,"IOTHUB_CLIENT_CONFIRMATION_OK"
17115,10144528988,10144529024,1,"IOTHUB_CLIENT_CONFIRMATION_OK"
17116,10144529189,10144529237,1,"IOTHUB_CLIENT_CONFIRMATION_OK"
17117,10144529389,10144529504,1,"IOTHUB_CLIENT_CONFIRMATION_OK"
17118,10144529589,10144529619,1,"IOTHUB_CLIENT_CONFIRMATION_OK"
17119,10144529789,10144529825,1,"IOTHUB_CLIENT_CONFIRMATION_OK"
17120,10144529989,10144530090,1,"IOTHUB_CLIENT_CONFIRMATION_OK"
17121,10144530189,10144530223,1,"IOTHUB_CLIENT_CONFIRMATION_OK"
17122,10144530390,10144530522,1,"IOTHUB_CLIENT_CONFIRMATION_OK"
17123,10144530590,10144530633,1,"IOTHUB_CLIENT_CONFIRMATION_OK"
17124,10144530790,10144530835,1,"IOTHUB_CLIENT_CONFIRMATION_OK"
17125,10144530990,10144531140,1,"IOTHUB_CLIENT_CONFIRMATION_OK"
17126,10144531190,10144531225,1,"IOTHUB_CLIENT_CONFIRMATION_OK"
17127,10144531390,10144531448,1,"IOTHUB_CLIENT_CONFIRMATION_OK"
17128,10144531591,10144531625,1,"IOTHUB_CLIENT_CONFIRMATION_OK"
17129,10144531791,10144531821,1,"IOTHUB_CLIENT_CONFIRMATION_OK"
17130,10144531991,10144532149,1,"IOTHUB_CLIENT_CONFIRMATION_OK"
17131,10144532191,10144532225,1,"IOTHUB_CLIENT_CONFIRMATION_OK"
17132,10144532391,10144532428,1,"IOTHUB_CLIENT_CONFIRMATION_OK"
17133,10144532591,10144532758,1,"IOTHUB_CLIENT_CONFIRMATION_OK"
17134,10144532792,10144532820,1,"IOTHUB_CLIENT_CONFIRMATION_OK"
17135,10144532992,10144533046,1,"IOTHUB_CLIENT_CONFIRMATION_OK"
17136,10144533192,10144533231,1,"IOTHUB_CLIENT_CONFIRMATION_OK"
17137,10144533392,10144533425,1,"IOTHUB_CLIENT_CONFIRMATION_OK"
17138,10144533592,10144533638,1,"IOTHUB_CLIENT_CONFIRMATION_OK"
17139,10144533792,10144533832,1,"IOTHUB_CLIENT_CONFIRMATION_OK"
17140,10144533992,10144534026,1,"IOTHUB_CLIENT_CONFIRMATION_OK"
17141,10144534193,10144534224,1,"IOTHUB_CLIENT_CONFIRMATION_OK"
17142,10144534393,10144534437,1,"IOTHUB_CLIENT_CONFIRMATION_OK"
17143,10144534593,10144534631,1,"IOTHUB_CLIENT_CONFIRMATION_OK"
17144,10144534793,10144534828,1,"IOTHUB_CLIENT_CONFIRMATION_OK"
17145,10144534993,10144535030,1,"IOTHUB_CLIENT_CONFIRMATION_OK"
17146,10144535193,10144535226,1,"IOTHUB_CLIENT_CONFIRMATION_OK"
17147,10144535393,10144535436,1,"IOTHUB_CLIENT_CONFIRMATION_OK"
17148,10144535594,10144535630,1,"IOTHUB_CLIENT_CONFIRMATION_OK"
17149,10144535794,10144535836,1,"IOTHUB_CLIENT_CONFIRMATION_OK"
17150,10144535994,10144536026,1,"IOTHUB_CLIENT_CONFIRMATION_OK"
17151,10144536194,10144536229,1,"IOTHUB_CLIENT_CONFIRMATION_OK"
17152,10144536394,10144536450,1,"IOTHUB_CLIENT_CONFIRMATION_OK"
17153,10144536594,10144536632,1,"IOTHUB_CLIENT_CONFIRMATION_OK"
17154,10144536795,10144536828,1,"IOTHUB_CLIENT_CONFIRMATION_OK"
17155,10144536995,10144537027,1,"IOTHUB_CLIENT_CONFIRMATION_OK"
17156,10144537195,10144537225,1,"IOTHUB_CLIENT_CONFIRMATION_OK"
17157,10144537395,10144537462,1,"IOTHUB_CLIENT_CONFIRMATION_OK"
17158,10144537595,10144537648,1,"IOTHUB_CLIENT_CONFIRMATION_OK"
17159,10144537795,10144537825,1,"IOTHUB_CLIENT_CONFIRMATION_OK"
17160,10144537995,10144538071,1,"IOTHUB_CLIENT_CONFIRMATION_OK"
17161,10144538196,10144538224,1,"IOTHUB_CLIENT_CONFIRMATION_OK"
17162,10144538396,10144538431,1,"IOTHUB_CLIENT_CONFIRMATION_OK"
17163,10144538596,10144538625,1,"IOTHUB_CLIENT_CONFIRMATION_OK"
17164,10144538796,10144538843,1,"IOTHUB_CLIENT_CONFIRMATION_OK"
17165,10144538996,10144539096,1,"IOTHUB_CLIENT_CONFIRMATION_OK"
17166,10144539196,10144539227,1,"IOTHUB_CLIENT_CONFIRMATION_OK"
17167,10144539396,10144539433,1,"IOTHUB_CLIENT_CONFIRMATION_OK"
17168,10144539597,10144539694,1,"IOTHUB_CLIENT_CONFIRMATION_OK"
17169,10144539797,10144539833,1,"IOTHUB_CLIENT_CONFIRMATION_OK"
17170,10144539997,10144540034,1,"IOTHUB_CLIENT_CONFIRMATION_OK"
17171,10144540197,10144540239,1,"IOTHUB_CLIENT_CONFIRMATION_OK"
17172,10144540397,10144540431,1,"IOTHUB_CLIENT_CONFIRMATION_OK"
17173,10144540597,10144540789,1,"IOTHUB_CLIENT_CONFIRMATION_OK"
17174,10144540797,10144540837,1,"IOTHUB_CLIENT_CONFIRMATION_OK"
17175,10144540998,10144541031,1,"IOTHUB_CLIENT_CONFIRMATION_OK"
17176,10144541198,10144541228,1,"IOTHUB_CLIENT_CONFIRMATION_OK"
17177,10144541398,10144541432,1,"IOTHUB_CLIENT_CONFIRMATION_OK"
17178,10144541598,10144541632,1,"IOTHUB_CLIENT_CONFIRMATION_OK"
17179,10144541798,10144541832,1,"IOTHUB_CLIENT_CONFIRMATION_OK"
17180,10144541998,10144542032,1,"IOTHUB_CLIENT_CONFIRMATION_OK"
17181,10144542199,10144542231,1,"IOTHUB_CLIENT_CONFIRMATION_OK"
17182,10144542399,10144542464,1,"IOTHUB_CLIENT_CONFIRMATION_OK"
17183,10144542599,10144542640,1,"IOTHUB_CLIENT_CONFIRMATION_OK"
17184,10144542799,10144542846,1,"IOTHUB_CLIENT_CONFIRMATION_OK"
17185,10144542999,10144543034,1,"IOTHUB_CLIENT_CONFIRMATION_OK"
17186,10144543199,10144543233,1,"IOTHUB_CLIENT_CONFIRMATION_OK"
17187,10144543399,10144543434,1,"IOTHUB_CLIENT_CONFIRMATION_OK"
17188,10144543600,10144543631,1,"IOTHUB_CLIENT_CONFIRMATION_OK"
17189,10144543800,10144543840,1,"IOTHUB_CLIENT_CONFIRMATION_OK"
17190,10144544000,10144544036,1,"IOTHUB_CLIENT_CONFIRMATION_OK"
17191,10144544200,10144544241,1,"IOTHUB_CLIENT_CONFIRMATION_OK"
17192,10144544400,10144544447,1,"IOTHUB_CLIENT_CONFIRMATION_OK"
17193,10144544600,10144544642,1,"IOTHUB_CLIENT_CONFIRMATION_OK"
17194,10144544800,10144544863,1,"IOTHUB_CLIENT_CONFIRMATION_OK"
17195,10144545001,10144545056,1,"IOTHUB_CLIENT_CONFIRMATION_OK"
17196,10144545201,10144545232,1,"IOTHUB_CLIENT_CONFIRMATION_OK"
17197,10144545401,10144545459,1,"IOTHUB_CLIENT_CONFIRMATION_OK"
17198,10144545601,10144545709,1,"IOTHUB_CLIENT_CONFIRMATION_OK"
17199,10144545801,10144545846,1,"IOTHUB_CLIENT_CONFIRMATION_OK"
17200,10144546001,10144546078,1,"IOTHUB_CLIENT_CONFIRMATION_OK"
17201,10144546202,10144546273,1,"IOTHUB_CLIENT_CONFIRMATION_OK"
17202,10144546402,10144546433,1,"IOTHUB_CLIENT_CONFIRMATION_OK"
17203,10144546602,10144546711,1,"IOTHUB_CLIENT_CONFIRMATION_OK"
17204,10144546802,10144546831,1,"IOTHUB_CLIENT_CONFIRMATION_OK"
17205,10144547002,10144547113,1,"IOTHUB_CLIENT_CONFIRMATION_OK"
17206,10144547202,10144547250,1,"IOTHUB_CLIENT_CONFIRMATION_OK"
17207,10144547402,10144547438,1,"IOTHUB_CLIENT_CONFIRMATION_OK"
17208,10144547603,10144547712,1,"IOTHUB_CLIENT_CONFIRMATION_OK"
17209,10144547803,10144547842,1,"IOTHUB_CLIENT_CONFIRMATION_OK"
17210,10144548003,10144548036,1,"IOTHUB_CLIENT_CONFIRMATION_OK"
17211,10144548203,10144548245,1,"IOTHUB_CLIENT_CONFIRMATION_OK"
17212,10144548403,10144548445,1,"IOTHUB_CLIENT_CONFIRMATION_OK"
17213,10144548603,10144548638,1,"IOTHUB_CLIENT_CONFIRMATION_OK"
17214,10144548803,10144548842,1,"IOTHUB_CLIENT_CONFIRMATION_OK"
17215,10144549004,10144549038,1,"IOTHUB_CLIENT_CONFIRMATION_OK"
17216,10144549204,10144549339,1,"IOTHUB_CLIENT_CONFIRMATION_OK"
17217,10144549404,10144549437,1,"IOTHUB_CLIENT_CONFIRMATION_OK"
17218,10144549604,10144549638,1,"IOTHUB_CLIENT_CONFIRMATION_OK"
17219,10144549804,10144549862,1,"IOTHUB_CLIENT_CONFIRMATION_OK"
17220,10144550004,10144550039,1,"IOTHUB_CLIENT_CONFIRMATION_OK"
17221,10144550205,10144550238,1,"IOTHUB_CLIENT_CONFIRMATION_OK"
17222,10144550405,10144550436,1,"IOTHUB_CLIENT_CONFIRMATION_OK"
17223,10144550605,10144550658,1,"IOTHUB_CLIENT_CONFIRMATION_OK"
17224,10144550805,10144550966,1,"IOTHUB_CLIENT_CONFIRMATION_OK"
17225,10144551005,10144551042,1,"IOTHUB_CLIENT_CONFIRMATION_OK"
17226,10144551205,10144551241,1,"IOTHUB_CLIENT_CONFIRMATION_OK"
17227,10144551405,10144551438,1,"IOTHUB_CLIENT_CONFIRMATION_OK"
17228,10144551606,10144551652,1,"IOTHUB_CLIENT_CONFIRMATION_OK"
17229,10144551806,10144551860,1,"IOTHUB_CLIENT_CONFIRMATION_OK"
17230,10144552006,10144552036,1,"IOTHUB_CLIENT_CONFIRMATION_OK"
17231,10144552206,10144552244,1,"IOTHUB_CLIENT_CONFIRMATION_OK"
17232,10144552406,10144552598,1,"IOTHUB_CLIENT_CONFIRMATION_OK"
17233,10144552606,10144552640,1,"IOTHUB_CLIENT_CONFIRMATION_OK"
17234,10144552806,10144552866,1,"IOTHUB_CLIENT_CONFIRMATION_OK"
17235,10144553007,10144553039,1,"IOTHUB_CLIENT_CONFIRMATION_OK"
17236,10144553207,10144553242,1,"IOTHUB_CLIENT_CONFIRMATION_OK"
17237,10144553407,10144553440,1,"IOTHUB_CLIENT_CONFIRMATION_OK"
17238,10144553607,10144553645,1,"IOTHUB_CLIENT_CONFIRMATION_OK"
17239,10144553807,10144553843,1,"IOTHUB_CLIENT_CONFIRMATION_OK"
17240,10144554007,10144554039,1,"IOTHUB_CLIENT_CONFIRMATION_OK"
17241,10144554207,10144554237,1,"IOTHUB_CLIENT_CONFIRMATION_OK"
17242,10144554408,10144554443,1,"IOTHUB_CLIENT_CONFIRMATION_OK"
17243,10144554608,10144554653,1,"IOTHUB_CLIENT_CONFIRMATION_OK"
17244,10144554808,10144554837,1,"IOTHUB_CLIENT_CONFIRMATION_OK"
17245,10144555008,10144555043,1,"IOTHUB_CLIENT_CONFIRMATION_OK"
17246,10144555208,10144555254,1,"IOTHUB_CLIENT_CONFIRMATION_OK"
17247,10144555408,10144555445,1,"IOTHUB_CLIENT_CONFIRMATION_OK"
17248,10144555609,10144555663,1,"IOTHUB_CLIENT_CONFIRMATION_OK"
17249,10144555809,10144555841,1,"IOTHUB_CLIENT_CONFIRMATION_OK"
17250,10144556009,10144556040,1,"IOTHUB_CLIENT_CONFIRMATION_OK"
17251,10144556209,10144556275,1,"IOTHUB_CLIENT_CONFIRMATION_OK"
17252,10144556409,10144556449,1,"IOTHUB_CLIENT_CONFIRMATION_OK"
17253,10144556609,10144556645,1,"IOTHUB_CLIENT_CONFIRMATION_OK"
17254,10144556810,10144556908,1,"IOTHUB_CLIENT_CONFIRMATION_OK"
17255,10144557010,10144557045,1,"IOTHUB_CLIENT_CONFIRMATION_OK"
17256,10144557210,10144557284,1,"IOTHUB_CLIENT_CONFIRMATION_OK"
17257,10144557410,10144557444,1,"IOTHUB_CLIENT_CONFIRMATION_OK"
17258,10144557610,10144557639,1,"IOTHUB_CLIENT_CONFIRMATION_OK"
17259,10144557810,10144557896,1,"IOTHUB_CLIENT_CONFIRMATION_OK"
17260,10144558011,10144558046,1,"IOTHUB_CLIENT_CONFIRMATION_OK"
17261,10144558211,10144558247,1,"IOTHUB_CLIENT_CONFIRMATION_OK"
17262,10144558411,10144558452,1,"IOTHUB_CLIENT_CONFIRMATION_OK"
17263,10144558611,10144558697,1,"IOTHUB_CLIENT_CONFIRMATION_OK"
17264,10144558811,10144558945,1,"IOTHUB_CLIENT_CONFIRMATION_OK"
17265,10144559011,10144559052,1,"IOTHUB_CLIENT_CONFIRMATION_OK"
17266,10144559211,10144559252,1,"IOTHUB_CLIENT_CONFIRMATION_OK"
17267,10144559412,10144559566,1,"IOTHUB_CLIENT_CONFIRMATION_OK"
17268,10144559612,10144559644,1,"IOTHUB_CLIENT_CONFIRMATION_OK"
17269,10144559812,10144559931,1,"IOTHUB_CLIENT_CONFIRMATION_OK"
17270,10144560012,10144560056,1,"IOTHUB_CLIENT_CONFIRMATION_OK"
17271,10144560212,10144560247,1,"IOTHUB_CLIENT_CONFIRMATION_OK"
17272,10144560412,10144560572,1,"IOTHUB_CLIENT_CONFIRMATION_OK"
17273,10144560613,10144560647,1,"IOTHUB_CLIENT_CONFIRMATION_OK"
17274,10144560813,10144560848,1,"IOTHUB_CLIENT_CONFIRMATION_OK"
17275,10144561013,10144561049,1,"IOTHUB_CLIENT_CONFIRMATION_OK"
17276,10144561213,10144561247,1,"IOTHUB_CLIENT_CONFIRMATION_OK"
17277,10144561413,10144561443,1,"IOTHUB_CLIENT_CONFIRMATION_OK"
17278,10144561613,10144561647,1,"IOTHUB_CLIENT_CONFIRMATION_OK"
17279,10144561814,10144561850,1,"IOTHUB_CLIENT_CONFIRMATION_OK"
17280,10144562014,10144562215,1,"IOTHUB_CLIENT_CONFIRMATION_OK"
17281,10144562214,10144562253,1,"IOTHUB_CLIENT_CONFIRMATION_OK"
17282,10144562414,10144562461,1,"IOTHUB_CLIENT_CONFIRMATION_OK"
17283,10144562614,10144562644,1,"IOTHUB_CLIENT_CONFIRMATION_OK"
17284,10144562814,10144562859,1,"IOTHUB_CLIENT_CONFIRMATION_OK"
17285,10144563014,10144563047,1,"IOTHUB_CLIENT_CONFIRMATION_OK"
17286,10144563215,10144563249,1,"IOTHUB_CLIENT_CONFIRMATION_OK"
17287,10144563415,10144563449,1,"IOTHUB_CLIENT_CONFIRMATION_OK"
17288,10144563615,10144563646,1,"IOTHUB_CLIENT_CONFIRMATION_OK"
17289,10144563815,10144563859,1,"IOTHUB_CLIENT_CONFIRMATION_OK"
17290,10144564015,10144564054,1,"IOTHUB_CLIENT_CONFIRMATION_OK"
17291,10144564215,10144564252,1,"IOTHUB_CLIENT_CONFIRMATION_OK"
17292,10144564416,10144564549,1,"IOTHUB_CLIENT_CONFIRMATION_OK"
17293,10144564616,10144564654,1,"IOTHUB_CLIENT_CONFIRMATION_OK"
17294,10144564816,10144564851,1,"IOTHUB_CLIENT_CONFIRMATION_OK"
17295,10144565016,10144565047,1,"IOTHUB_CLIENT_CONFIRMATION_OK"
17296,10144565216,10144565261,1,"IOTHUB_CLIENT_CONFIRMATION_OK"
17297,10144565416,10144565466,1,"IOTHUB_CLIENT_CONFIRMATION_OK"
17298,10144565616,10144565649,1,"IOTHUB_CLIENT_CONFIRMATION_OK"
17299,10144565817,10144565986,1,"IOTHUB_CLIENT_CONFIRMATION_OK"
17300,10144566017,10144566047,1,"IOTHUB_CLIENT_CONFIRMATION_OK"
17301,10144566217,10144566265,1,"IOTHUB_CLIENT_CONFIRMATION_OK"
17302,10144566417,10144566450,1,"IOTHUB_CLIENT_CONFIRMATION_OK"
17303,10144566617,10144566654,1,"IOTHUB_CLIENT_CONFIRMATION_OK"
17304,10144566817,10144566855,1,"IOTHUB_CLIENT_CONFIRMATION_OK"
17305,10144567018,10144567064,1,"IOTHUB_CLIENT_CONFIRMATION_OK"
17306,10144567218,10144567254,1,"IOTHUB_CLIENT_CONFIRMATION_OK"
17307,10144567418,10144567476,1,"IOTHUB_CLIENT_CONFIRMATION_OK"
17308,10144567618,10144567654,1,"IOTHUB_CLIENT_CONFIRMATION_OK"
17309,10144567818,10144567864,1,"IOTHUB_CLIENT_CONFIRMATION_OK"
17310,10144568018,10144568059,1,"IOTHUB_CLIENT_CONFIRMATION_OK"
17311,10144568219,10144568253,1,"IOTHUB_CLIENT_CONFIRMATION_OK"
17312,10144568419,10144568456,1,"IOTHUB_CLIENT_CONFIRMATION_OK"
17313,10144568619,10144568670,1,"IOTHUB_CLIENT_CONFIRMATION_OK"
17314,10144568819,10144568854,1,"IOTHUB_CLIENT_CONFIRMATION_OK"
17315,10144569019,10144569076,1,"IOTHUB_CLIENT_CONFIRMATION_OK"
17316,10144569220,10144569268,1,"IOTHUB_CLIENT_CONFIRMATION_OK"
17317,10144569420,10144569541,1,"IOTHUB_CLIENT_CONFIRMATION_OK"
17318,10144569620,10144569652,1,"IOTHUB_CLIENT_CONFIRMATION_OK"
17319,10144569820,10144569851,1,"IOTHUB_CLIENT_CONFIRMATION_OK"
17320,10144570020,10144570109,1,"IOTHUB_CLIENT_CONFIRMATION_OK"
17321,10144570220,10144570274,1,"IOTHUB_CLIENT_CONFIRMATION_OK"
17322,10144570420,10144570456,1,"IOTHUB_CLIENT_CONFIRMATION_OK"
17323,10144570621,10144570655,1,"IOTHUB_CLIENT_CONFIRMATION_OK"
17324,10144570821,10144570857,1,"IOTHUB_CLIENT_CONFIRMATION_OK"
17325,10144571021,10144571064,1,"IOTHUB_CLIENT_CONFIRMATION_OK"
17326,10144571221,10144571261,1,"IOTHUB_CLIENT_CONFIRMATION_OK"
17327,10144571421,10144571452,1,"IOTHUB_CLIENT_CONFIRMATION_OK"
17328,10144571621,10144571653,1,"IOTHUB_CLIENT_CONFIRMATION_OK"
17329,10144571822,10144571884,1,"IOTHUB_CLIENT_CONFIRMATION_OK"
17330,10144572022,10144572054,1,"IOTHUB_CLIENT_CONFIRMATION_OK"
17331,10144572222,10144572286,1,"IOTHUB_CLIENT_CONFIRMATION_OK"
17332,10144572422,10144572453,1,"IOTHUB_CLIENT_CONFIRMATION_OK"
17333,10144572622,10144572655,1,"IOTHUB_CLIENT_CONFIRMATION_OK"
17334,10144572822,10144572896,1,"IOTHUB_CLIENT_CONFIRMATION_OK"
17335,10144573022,10144573072,1,"IOTHUB_CLIENT_CONFIRMATION_OK"
17336,10144573223,10144573265,1,"IOTHUB_CLIENT_CONFIRMATION_OK"
17337,10144573423,10144573515,1,"IOTHUB_CLIENT_CONFIRMATION_OK"
17338,10144573623,10144573669,1,"IOTHUB_CLIENT_CONFIRMATION_OK"
17339,10144573823,10144573909,1,"IOTHUB_CLIENT_CONFIRMATION_OK"
17340,10144574023,10144574054,1,"IOTHUB_CLIENT_CONFIRMATION_OK"
17341,10144574223,10144574265,1,"IOTHUB_CLIENT_CONFIRMATION_OK"
17342,10144574423,10144574535,1,"IOTHUB_CLIENT_CONFIRMATION_OK"
17343,10144574624,10144574656,1,"IOTHUB_CLIENT_CONFIRMATION_OK"
17344,10144574824,10144574868,1,"IOTHUB_CLIENT_CONFIRMATION_OK"
17345,10144575024,10144575066,1,"IOTHUB_CLIENT_CONFIRMATION_OK"
17346,10144575224,10144575257,1,"IOTHUB_CLIENT_CONFIRMATION_OK"
17347,10144575424,10144575462,1,"IOTHUB_CLIENT_CONFIRMATION_OK"
17348,10144575624,10144575659,1,"IOTHUB_CLIENT_CONFIRMATION_OK"
17349,10144575824,10144575879,1,"IOTHUB_CLIENT_CONFIRMATION_OK"
17350,10144576025,10144576125,1,"IOTHUB_CLIENT_CONFIRMATION_OK"
17351,10144576225,10144576264,1,"IOTHUB_CLIENT_CONFIRMATION_OK"
17352,10144576425,10144576457,1,"IOTHUB_CLIENT_CONFIRMATION_OK"
17353,10144576625,10144576670,1,"IOTHUB_CLIENT_CONFIRMATION_OK"
17354,10144576825,10144576874,1,"IOTHUB_CLIENT_CONFIRMATION_OK"
17355,10144577025,10144577178,1,"IOTHUB_CLIENT_CONFIRMATION_OK"
17356,10144577226,10144577270,1,"IOTHUB_CLIENT_CONFIRMATION_OK"
17357,10144577426,10144577461,1,"IOTHUB_CLIENT_CONFIRMATION_OK"
17358,10144577626,10144577805,1,"IOTHUB_CLIENT_CONFIRMATION_OK"
17359,10144577826,10144577855,1,"IOTHUB_CLIENT_CONFIRMATION_OK"
17360,10144578026,10144578084,1,"IOTHUB_CLIENT_CONFIRMATION_OK"
17361,10144578226,10144578258,1,"IOTHUB_CLIENT_CONFIRMATION_OK"
17362,10144578426,10144578461,1,"IOTHUB_CLIENT_CONFIRMATION_OK"
17363,10144578627,10144578659,1,"IOTHUB_CLIENT_CONFIRMATION_OK"
17364,10144578827,10144578932,1,"IOTHUB_CLIENT_CONFIRMATION_OK"
17365,10144579027,10144579068,1,"IOTHUB_CLIENT_CONFIRMATION_OK"
17366,10144579227,10144579258,1,"IOTHUB_CLIENT_CONFIRMATION_OK"
17367,10144579427,10144579465,1,"IOTHUB_CLIENT_CONFIRMATION_OK"
17368,10144579627,10144579660,1,"IOTHUB_CLIENT_CONFIRMATION_OK"
17369,10144579827,10144579864,1,"IOTHUB_CLIENT_CONFIRMATION_OK"
17370,10144580028,10144580068,1,"IOTHUB_CLIENT_CONFIRMATION_OK"
17371,10144580228,10144580264,1,"IOTHUB_CLIENT_CONFIRMATION_OK"
17372,10144580428,10144580475,1,"IOTHUB_CLIENT_CONFIRMATION_OK"
17373,10144580628,10144580662,1,"IOTHUB_CLIENT_CONFIRMATION_OK"
17374,10144580828,10144580870,1,"IOTHUB_CLIENT_CONFIRMATION_OK"
17375,10144581028,10144581062,1,"IOTHUB_CLIENT_CONFIRMATION_OK"
17376,10144581229,10144581266,1,"IOTHUB_CLIENT_CONFIRMATION_OK"
17377,10144581429,10144581463,1,"IOTHUB_CLIENT_CONFIRMATION_OK"
17378,10144581629,10144581666,1,"IOTHUB_CLIENT_CONFIRMATION_OK"
17379,10144581829,10144581866,1,"IOTHUB_CLIENT_CONFIRMATION_OK"
17380,10144582029,10144582066,1,"IOTHUB_CLIENT_CONFIRMATION_OK"
17381,10144582229,10144582263,1,"IOTHUB_CLIENT_CONFIRMATION_OK"
17382,10144582430,10144582502,1,"IOTHUB_CLIENT_CONFIRMATION_OK"
17383,10144582630,10144582663,1,"IOTHUB_CLIENT_CONFIRMATION_OK"
17384,10144582830,10144582864,1,"IOTHUB_CLIENT_CONFIRMATION_OK"
17385,10144583030,10144583105,1,"IOTHUB_CLIENT_CONFIRMATION_OK"
17386,10144583230,10144583270,1,"IOTHUB_CLIENT_CONFIRMATION_OK"
17387,10144583430,10144583463,1,"IOTHUB_CLIENT_CONFIRMATION_OK"
17388,10144583631,10144583665,1,"IOTHUB_CLIENT_CONFIRMATION_OK"
17389,10144583831,10144583866,1,"IOTHUB_CLIENT_CONFIRMATION_OK"
17390,10144584031,10144584118,1,"IOTHUB_CLIENT_CONFIRMATION_OK"
17391,10144584231,10144584271,1,"IOTHUB_CLIENT_CONFIRMATION_OK"
17392,10144584431,10144584466,1,"IOTHUB_CLIENT_CONFIRMATION_OK"
17393,10144584631,10144584736,1,"IOTHUB_CLIENT_CONFIRMATION_OK"
17394,10144584832,10144584882,1,"IOTHUB_CLIENT_CONFIRMATION_OK"
17395,10144585032,10144585076,1,"IOTHUB_CLIENT_CONFIRMATION_OK"
17396,10144585232,10144585263,1,"IOTHUB_CLIENT_CONFIRMATION_OK"
17397,10144585432,10144585461,1,"IOTHUB_CLIENT_CONFIRMATION_OK"
17398,10144585632,10144585790,1,"IOTHUB_CLIENT_CONFIRMATION_OK"
17399,10144585832,10144585889,1,"IOTHUB_CLIENT_CONFIRMATION_OK"
17400,10144586032,10144586064,1,"IOTHUB_CLIENT_CONFIRMATION_OK"
17401,10144586233,10144586276,1,"IOTHUB_CLIENT_CONFIRMATION_OK"
17402,10144586433,10144586472,1,"IOTHUB_CLIENT_CONFIRMATION_OK"
17403,10144586633,10144586679,1,"IOTHUB_CLIENT_CONFIRMATION_OK"
17404,10144586833,10144586876,1,"IOTHUB_CLIENT_CONFIRMATION_OK"
17405,10144587033,10144587064,1,"IOTHUB_CLIENT_CONFIRMATION_OK"
17406,10144587233,10144587269,1,"IOTHUB_CLIENT_CONFIRMATION_OK"
17407,10144587433,10144587469,1,"IOTHUB_CLIENT_CONFIRMATION_OK"
17408,10144587634,10144587674,1,"IOTHUB_CLIENT_CONFIRMATION_OK"
17409,10144587834,10144587879,1,"IOTHUB_CLIENT_CONFIRMATION_OK"
17410,10144588034,10144588084,1,"IOTHUB_CLIENT_CONFIRMATION_OK"
17411,10144588234,10144588338,1,"IOTHUB_CLIENT_CONFIRMATION_OK"
17412,10144588434,10144588549,1,"IOTHUB_CLIENT_CONFIRMATION_OK"
17413,10144588634,10144588676,1,"IOTHUB_CLIENT_CONFIRMATION_OK"
17414,10144588834,10144588952,1,"IOTHUB_CLIENT_CONFIRMATION_OK"
17415,10144589035,10144589068,1,"IOTHUB_CLIENT_CONFIRMATION_OK"
17416,10144589235,10144589278,1,"IOTHUB_CLIENT_CONFIRMATION_OK"
17417,10144589435,10144589572,1,"IOTHUB_CLIENT_CONFIRMATION_OK"
17418,10144589635,10144589667,1,"IOTHUB_CLIENT_CONFIRMATION_OK"
17419,10144589835,10144589871,1,"IOTHUB_CLIENT_CONFIRMATION_OK"
17420,10144590035,10144590072,1,"IOTHUB_CLIENT_CONFIRMATION_OK"
17421,10144590235,10144590296,1,"IOTHUB_CLIENT_CONFIRMATION_OK"
17422,10144590436,10144590605,1,"IOTHUB_CLIENT_CONFIRMATION_OK"
17423,10144590636,10144590674,1,"IOTHUB_CLIENT_CONFIRMATION_OK"
17424,10144590836,10144590879,1,"IOTHUB_CLIENT_CONFIRMATION_OK"
17425,10144591036,10144591182,1,"IOTHUB_CLIENT_CONFIRMATION_OK"
17426,10144591236,10144591268,1,"IOTHUB_CLIENT_CONFIRMATION_OK"
17427,10144591436,10144591466,1,"IOTHUB_CLIENT_CONFIRMATION_OK"
17428,10144591636,10144591670,1,"IOTHUB_CLIENT_CONFIRMATION_OK"
17429,10144591837,10144591876,1,"IOTHUB_CLIENT_CONFIRMATION_OK"
17430,10144592037,10144592221,1,"IOTHUB_CLIENT_CONFIRMATION_OK"
17431,10144592237,10144592272,1,"IOTHUB_CLIENT_CONFIRMATION_OK"
17432,10144592437,10144592486,1,"IOTHUB_CLIENT_CONFIRMATION_OK"
17433,10144592637,10144592673,1,"IOTHUB_CLIENT_CONFIRMATION_OK"
17434,10144592837,10144592874,1,"IOTHUB_CLIENT_CONFIRMATION_OK"
17435,10144593038,10144593069,1,"IOTHUB_CLIENT_CONFIRMATION_OK"
17436,10144593238,10144593268,1,"IOTHUB_CLIENT_CONFIRMATION_OK"
17437,10144593438,10144593558,1,"IOTHUB_CLIENT_CONFIRMATION_OK"
17438,10144593638,10144593668,1,"IOTHUB_CLIENT_CONFIRMATION_OK"
17439,10144593838,10144593893,1,"IOTHUB_CLIENT_CONFIRMATION_OK"
17440,10144594038,10144594076,1,"IOTHUB_CLIENT_CONFIRMATION_OK"
17441,10144594238,10144594270,1,"IOTHUB_CLIENT_CONFIRMATION_OK"
17442,10144594439,10144594473,1,"IOTHUB_CLIENT_CONFIRMATION_OK"
17443,10144594639,10144594680,1,"IOTHUB_CLIENT_CONFIRMATION_OK"
17444,10144594839,10144594878,1,"IOTHUB_CLIENT_CONFIRMATION_OK"
17445,10144595039,10144595072,1,"IOTHUB_CLIENT_CONFIRMATION_OK"
17446,10144595239,10144595277,1,"IOTHUB_CLIENT_CONFIRMATION_OK"
17447,10144595439,10144595481,1,"IOTHUB_CLIENT_CONFIRMATION_OK"
17448,10144595640,10144595673,1,"IOTHUB_CLIENT_CONFIRMATION_OK"
17449,10144595840,10144595888,1,"IOTHUB_CLIENT_CONFIRMATION_OK"
17450,10144596040,10144596097,1,"IOTHUB_CLIENT_CONFIRMATION_OK"
17451,10144596240,10144596283,1,"IOTHUB_CLIENT_CONFIRMATION_OK"
17452,10144596440,10144596497,1,"IOTHUB_CLIENT_CONFIRMATION_OK"
17453,10144596640,10144596673,1,"IOTHUB_CLIENT_CONFIRMATION_OK"
17454,10144596841,10144596901,1,"IOTHUB_CLIENT_CONFIRMATION_OK"
17455,10144597041,10144597105,1,"IOTHUB_CLIENT_CONFIRMATION_OK"
17456,10144597241,10144597274,1,"IOTHUB_CLIENT_CONFIRMATION_OK"
17457,10144597441,10144597528,1,"IOTHUB_CLIENT_CONFIRMATION_OK"
17458,10144597641,10144597675,1,"IOTHUB_CLIENT_CONFIRMATION_OK"
17459,10144597841,10144597878,1,"IOTHUB_CLIENT_CONFIRMATION_OK"
17460,10144598041,10144598130,1,"IOTHUB_CLIENT_CONFIRMATION_OK"
17461,10144598242,10144598274,1,"IOTHUB_CLIENT_CONFIRMATION_OK"
17462,10144598442,10144598476,1,"IOTHUB_CLIENT_CONFIRMATION_OK"
17463,10144598642,10144598680,1,"IOTHUB_CLIENT_CONFIRMATION_OK"
17464,10144598842,10144598877,1,"IOTHUB_CLIENT_CONFIRMATION_OK"
17465,10144599042,10144599184,1,"IOTHUB_CLIENT_CONFIRMATION_OK"
17466,10144599242,10144599275,1,"IOTHUB_CLIENT_CONFIRMATION_OK"
17467,10144599443,10144599480,1,"IOTHUB_CLIENT_CONFIRMATION_OK"
17468,10144599643,10144599678,1,"IOTHUB_CLIENT_CONFIRMATION_OK"
17469,10144599843,10144599878,1,"IOTHUB_CLIENT_CONFIRMATION_OK"
17470,10144600043,10144600080,1,"IOTHUB_CLIENT_CONFIRMATION_OK"
17471,10144600243,10144600271,1,"IOTHUB_CLIENT_CONFIRMATION_OK"
17472,10144600443,10144600497,1,"IOTHUB_CLIENT_CONFIRMATION_OK"
17473,10144600643,10144600820,1,"IOTHUB_CLIENT_CONFIRMATION_OK"
17474,10144600844,10144600900,1,"IOTHUB_CLIENT_CONFIRMATION_OK"
17475,10144601044,10144601091,1,"IOTHUB_CLIENT_CONFIRMATION_OK"
17476,10144601244,10144601278,1,"IOTHUB_CLIENT_CONFIRMATION_OK"
17477,10144601444,10144601482,1,"IOTHUB_CLIENT_CONFIRMATION_OK"
17478,10144601644,10144601695,1,"IOTHUB_CLIENT_CONFIRMATION_OK"
17479,10144601844,10144601887,1,"IOTHUB_CLIENT_CONFIRMATION_OK"
17480,10144602045,10144602085,1,"IOTHUB_CLIENT_CONFIRMATION_OK"
17481,10144602245,10144602444,1,"IOTHUB_CLIENT_CONFIRMATION_OK"
17482,10144602445,10144602483,1,"IOTHUB_CLIENT_CONFIRMATION_OK"
17483,10144602645,10144602677,1,"IOTHUB_CLIENT_CONFIRMATION_OK"
17484,10144602845,10144602882,1,"IOTHUB_CLIENT_CONFIRMATION_OK"
17485,10144603045,10144603082,1,"IOTHUB_CLIENT_CONFIRMATION_OK"
17486,10144603245,10144603278,1,"IOTHUB_CLIENT_CONFIRMATION_OK"
17487,10144603446,10144603565,1,"IOTHUB_CLIENT_CONFIRMATION_OK"
17488,10144603646,10144603681,1,"IOTHUB_CLIENT_CONFIRMATION_OK"
17489,10144603846,10144603888,1,"IOTHUB_CLIENT_CONFIRMATION_OK"
17490,10144604046,10144604087,1,"IOTHUB_CLIENT_CONFIRMATION_OK"
17491,10144604246,10144604281,1,"IOTHUB_CLIENT_CONFIRMATION_OK"
17492,10144604446,10144604511,1,"IOTHUB_CLIENT_CONFIRMATION_OK"
17493,10144604646,10144604683,1,"IOTHUB_CLIENT_CONFIRMATION_OK"
17494,10144604847,10144604882,1,"IOTHUB_CLIENT_CONFIRMATION_OK"
17495,10144605047,10144605125,1,"IOTHUB_CLIENT_CONFIRMATION_OK"
17496,10144605247,10144605277,1,"IOTHUB_CLIENT_CONFIRMATION_OK"
17497,10144605447,10144605525,1,"IOTHUB_CLIENT_CONFIRMATION_OK"
17498,10144605647,10144605683,1,"IOTHUB_CLIENT_CONFIRMATION_OK"
17499,10144605847,10144605881,1,"IOTHUB_CLIENT_CONFIRMATION_OK"
17500,10144606047,10144606155,1,"IOTHUB_CLIENT_CONFIRMATION_OK"
17501,10144606248,10144606280,1,"IOTHUB_CLIENT_CONFIRMATION_OK"
17502,10144606448,10144606484,1,"IOTHUB_CLIENT_CONFIRMATION_OK"
17503,10144606648,10144606695,1,"IOTHUB_CLIENT_CONFIRMATION_OK"
17504,10144606848,10144606884,1,"IOTHUB_CLIENT_CONFIRMATION_OK"
17505,10144607048,10144607162,1,"IOTHUB_CLIENT_CONFIRMATION_OK"
17506,10144607248,10144607286,1,"IOTHUB_CLIENT_CONFIRMATION_OK"
17507,10144607448,10144607482,1,"IOTHUB_CLIENT_CONFIRMATION_OK"
17508,10144607649,10144607786,1,"IOTHUB_CLIENT_CONFIRMATION_OK"
17509,10144607849,10144607877,1,"IOTHUB_CLIENT_CONFIRMATION_OK"
17510,10144608049,10144608092,1,"IOTHUB_CLIENT_CONFIRMATION_OK"
17511,10144608249,10144608312,1,"IOTHUB_CLIENT_CONFIRMATION_OK"
17512,10144608449,10144608494,1,"IOTHUB_CLIENT_CONFIRMATION_OK"
17513,10144608649,10144608693,1,"IOTHUB_CLIENT_CONFIRMATION_OK"
17514,10144608850,10144608955,1,"IOTHUB_CLIENT_CONFIRMATION_OK"
17515,10144609050,10144609100,1,"IOTHUB_CLIENT_CONFIRMATION_OK"
17516,10144609250,10144609441,1,"IOTHUB_CLIENT_CONFIRMATION_OK"
17517,10144609450,10144609481,1,"IOTHUB_CLIENT_CONFIRMATION_OK"
17518,10144609650,10144609685,1,"IOTHUB_CLIENT_CONFIRMATION_OK"
17519,10144609850,10144609885,1,"IOTHUB_CLIENT_CONFIRMATION_OK"
17520,10144610051,10144610086,1,"IOTHUB_CLIENT_CONFIRMATION_OK"
17521,10144610251,10144610294,1,"IOTHUB_CLIENT_CONFIRMATION_OK"
17522,10144610451,10144610487,1,"IOTHUB_CLIENT_CONFIRMATION_OK"
17523,10144610651,10144610689,1,"IOTHUB_CLIENT_CONFIRMATION_OK"
17524,10144610851,10144610886,1,"IOTHUB_CLIENT_CONFIRMATION_OK"
17525,10144611051,10144611088,1,"IOTHUB_CLIENT_CONFIRMATION_OK"
17526,10144611251,10144611284,1,"IOTHUB_CLIENT_CONFIRMATION_OK"
17527,10144611452,10144611491,1,"IOTHUB_CLIENT_CONFIRMATION_OK"
17528,10144611652,10144611688,1,"IOTHUB_CLIENT_CONFIRMATION_OK"
17529,10144611852,10144611886,1,"IOTHUB_CLIENT_CONFIRMATION_OK"
17530,10144612052,10144612159,1,"IOTHUB_CLIENT_CONFIRMATION_OK"
17531,10144612252,10144612286,1,"IOTHUB_CLIENT_CONFIRMATION_OK"
17532,10144612453,10144612544,1,"IOTHUB_CLIENT_CONFIRMATION_OK"
17533,10144612653,10144612686,1,"IOTHUB_CLIENT_CONFIRMATION_OK"
17534,10144612853,10144612885,1,"IOTHUB_CLIENT_CONFIRMATION_OK"
17535,10144613053,10144613160,1,"IOTHUB_CLIENT_CONFIRMATION_OK"
17536,10144613253,10144613298,1,"IOTHUB_CLIENT_CONFIRMATION_OK"
17537,10144613454,10144613503,1,"IOTHUB_CLIENT_CONFIRMATION_OK"
17538,10144613654,10144613691,1,"IOTHUB_CLIENT_CONFIRMATION_OK"
17539,10144613854,10144613888,1,"IOTHUB_CLIENT_CONFIRMATION_OK"
17540,10144614054,10144614174,1,"IOTHUB_CLIENT_CONFIRMATION_OK"
17541,10144614254,10144614289,1,"IOTHUB_CLIENT_CONFIRMATION_OK"
17542,10144614454,10144614503,1,"IOTHUB_CLIENT_CONFIRMATION_OK"
17543,10144614654,10144614694,1,"IOTHUB_CLIENT_CONFIRMATION_OK"
17544,10144614855,10144614896,1,"IOTHUB_CLIENT_CONFIRMATION_OK"
17545,10144615055,10144615091,1,"IOTHUB_CLIENT_CONFIRMATION_OK"
17546,10144615255,10144615315,1,"IOTHUB_CLIENT_CONFIRMATION_OK"
17547,10144615455,10144615496,1,"IOTHUB_CLIENT_CONFIRMATION_OK"
17548,10144615655,10144615731,1,"IOTHUB_CLIENT_CONFIRMATION_OK"
17549,10144615855,10144615884,1,"IOTHUB_CLIENT_CONFIRMATION_OK"
17550,10144616056,10144616087,1,"IOTHUB_CLIENT_CONFIRMATION_OK"
17551,10144616256,10144616416,1,"IOTHUB_CLIENT_CONFIRMATION_OK"
17552,10144616456,10144616490,1,"IOTHUB_CLIENT_CONFIRMATION_OK"
17553,10144616656,10144616697,1,"IOTHUB_CLIENT_CONFIRMATION_OK"
17554,10144616856,10144616922,1,"IOTHUB_CLIENT_CONFIRMATION_OK"
17555,10144617056,10144617092,1,"IOTHUB_CLIENT_CONFIRMATION_OK"
17556,10144617256,10144617443,1,"IOTHUB_CLIENT_CONFIRMATION_OK"
17557,10144617457,10144617495,1,"IOTHUB_CLIENT_CONFIRMATION_OK"
17558,10144617657,10144617709,1,"IOTHUB_CLIENT_CONFIRMATION_OK"
17559,10144617857,10144617885,1,"IOTHUB_CLIENT_CONFIRMATION_OK"
17560,10144618057,10144618102,1,"IOTHUB_CLIENT_CONFIRMATION_OK"
17561,10144618257,10144618326,1,"IOTHUB_CLIENT_CONFIRMATION_OK"
17562,10144618457,10144618490,1,"IOTHUB_CLIENT_CONFIRMATION_OK"
17563,10144618658,10144618695,1,"IOTHUB_CLIENT_CONFIRMATION_OK"
17564,10144618858,10144619062,1,"IOTHUB_CLIENT_CONFIRMATION_OK"
17565,10144619058,10144619100,1,"IOTHUB_CLIENT_CONFIRMATION_OK"
17566,10144619258,10144619300,1,"IOTHUB_CLIENT_CONFIRMATION_OK"
17567,10144619458,10144619642,1,"IOTHUB_CLIENT_CONFIRMATION_OK"
17568,10144619658,10144619702,1,"IOTHUB_CLIENT_CONFIRMATION_OK"
17569,10144619858,10144619887,1,"IOTHUB_CLIENT_CONFIRMATION_OK"
17570,10144620059,10144620093,1,"IOTHUB_CLIENT_CONFIRMATION_OK"
17571,10144620259,10144620296,1,"IOTHUB_CLIENT_CONFIRMATION_OK"
17572,10144620459,10144620647,1,"IOTHUB_CLIENT_CONFIRMATION_OK"
17573,10144620659,10144620691,1,"IOTHUB_CLIENT_CONFIRMATION_OK"
17574,10144620859,10144620893,1,"IOTHUB_CLIENT_CONFIRMATION_OK"
17575,10144621059,10144621100,1,"IOTHUB_CLIENT_CONFIRMATION_OK"
17576,10144621260,10144621294,1,"IOTHUB_CLIENT_CONFIRMATION_OK"
17577,10144621460,10144621503,1,"IOTHUB_CLIENT_CONFIRMATION_OK"
17578,10144621660,10144621702,1,"IOTHUB_CLIENT_CONFIRMATION_OK"
17579,10144621860,10144621907,1,"IOTHUB_CLIENT_CONFIRMATION_OK"
17580,10144622060,10144622273,1,"IOTHUB_CLIENT_CONFIRMATION_OK"
17581,10144622260,10144622304,1,"IOTHUB_CLIENT_CONFIRMATION_OK"
17582,10144622460,10144622491,1,"IOTHUB_CLIENT_CONFIRMATION_OK"
17583,10144622661,10144622702,1,"IOTHUB_CLIENT_CONFIRMATION_OK"
17584,10144622861,10144622895,1,"IOTHUB_CLIENT_CONFIRMATION_OK"
17585,10144623061,10144623093,1,"IOTHUB_CLIENT_CONFIRMATION_OK"
17586,10144623261,10144623320,1,"IOTHUB_CLIENT_CONFIRMATION_OK"
17587,10144623461,10144623495,1,"IOTHUB_CLIENT_CONFIRMATION_OK"
17588,10144623661,10144623703,1,"IOTHUB_CLIENT_CONFIRMATION_OK"
17589,10144623862,10144623920,1,"IOTHUB_CLIENT_CONFIRMATION_OK"
17590,10144624062,10144624099,1,"IOTHUB_CLIENT_CONFIRMATION_OK"
17591,10144624262,10144624367,1,"IOTHUB_CLIENT_CONFIRMATION_OK"
17592,10144624462,10144624498,1,"IOTHUB_CLIENT_CONFIRMATION_OK"
17593,10144624662,10144624697,1,"IOTHUB_CLIENT_CONFIRMATION_OK"
17594,10144624862,10144624892,1,"IOTHUB_CLIENT_CONFIRMATION_OK"
17595,10144625062,10144625182,1,"IOTHUB_CLIENT_CONFIRMATION_OK"
17596,10144625263,10144625314,1,"IOTHUB_CLIENT_CONFIRMATION_OK"
17597,10144625463,10144625495,1,"IOTHUB_CLIENT_CONFIRMATION_OK"
17598,10144625663,10144625702,1,"IOTHUB_CLIENT_CONFIRMATION_OK"
17599,10144625863,10144626012,1,"IOTHUB_CLIENT_CONFIRMATION_OK"
17600,10144626063,10144626096,1,"IOTHUB_CLIENT_CONFIRMATION_OK"
17601,10144626263,10144626467,1,"IOTHUB_CLIENT_CONFIRMATION_OK"
17602,10144626464,10144626506,1,"IOTHUB_CLIENT_CONFIRMATION_OK"
17603,10144626664,10144626698,1,"IOTHUB_CLIENT_CONFIRMATION_OK"
17604,10144626864,10144626901,1,"IOTHUB_CLIENT_CONFIRMATION_OK"
17605,10144627064,10144627120,1,"IOTHUB_CLIENT_CONFIRMATION_OK"
17606,10144627264,10144627294,1,"IOTHUB_CLIENT_CONFIRMATION_OK"
17607,10144627464,10144627499,1,"IOTHUB_CLIENT_CONFIRMATION_OK"
17608,10144627664,10144627713,1,"IOTHUB_CLIENT_CONFIRMATION_OK"
17609,10144627865,10144627900,1,"IOTHUB_CLIENT_CONFIRMATION_OK"
17610,10144628065,10144628123,1,"IOTHUB_CLIENT_CONFIRMATION_OK"
17611,10144628265,10144628297,1,"IOTHUB_CLIENT_CONFIRMATION_OK"
17612,10144628465,10144628507,1,"IOTHUB_CLIENT_CONFIRMATION_OK"
17613,10144628665,10144628695,1,"IOTHUB_CLIENT_CONFIRMATION_OK"
17614,10144628865,10144628902,1,"IOTHUB_CLIENT_CONFIRMATION_OK"
17615,10144629066,10144629316,1,"IOTHUB_CLIENT_CONFIRMATION_OK"
17616,10144629266,10144629332,1,"IOTHUB_CLIENT_CONFIRMATION_OK"
17617,10144629466,10144629498,1,"IOTHUB_CLIENT_CONFIRMATION_OK"
17618,10144629666,10144629710,1,"IOTHUB_CLIENT_CONFIRMATION_OK"
17619,10144629866,10144629900,1,"IOTHUB_CLIENT_CONFIRMATION_OK"
17620,10144630066,10144630102,1,"IOTHUB_CLIENT_CONFIRMATION_OK"
17621,10144630267,10144630350,1,"IOTHUB_CLIENT_CONFIRMATION_OK"
17622,10144630467,10144630510,1,"IOTHUB_CLIENT_CONFIRMATION_OK"
17623,10144630667,10144630744,1,"IOTHUB_CLIENT_CONFIRMATION_OK"
17624,10144630867,10144630898,1,"IOTHUB_CLIENT_CONFIRMATION_OK"
17625,10144631067,10144631125,1,"IOTHUB_CLIENT_CONFIRMATION_OK"
17626,10144631267,10144631354,1,"IOTHUB_CLIENT_CONFIRMATION_OK"
17627,10144631468,10144631500,1,"IOTHUB_CLIENT_CONFIRMATION_OK"
17628,10144631668,10144631697,1,"IOTHUB_CLIENT_CONFIRMATION_OK"
17629,10144631868,10144631899,1,"IOTHUB_CLIENT_CONFIRMATION_OK"
17630,10144632068,10144632103,1,"IOTHUB_CLIENT_CONFIRMATION_OK"
17631,10144632268,10144632394,1,"IOTHUB_CLIENT_CONFIRMATION_OK"
17632,10144632468,10144632499,1,"IOTHUB_CLIENT_CONFIRMATION_OK"
17633,10144632669,10144632705,1,"IOTHUB_CLIENT_CONFIRMATION_OK"
17634,10144632869,10144632992,1,"IOTHUB_CLIENT_CONFIRMATION_OK"
17635,10144633069,10144633113,1,"IOTHUB_CLIENT_CONFIRMATION_OK"
17636,10144633269,10144633301,1,"IOTHUB_CLIENT_CONFIRMATION_OK"
17637,10144633469,10144633499,1,"IOTHUB_CLIENT_CONFIRMATION_OK"
17638,10144633669,10144633707,1,"IOTHUB_CLIENT_CONFIRMATION_OK"
17639,10144633870,10144634033,1,"IOTHUB_CLIENT_CONFIRMATION_OK"
17640,10144634070,10144634101,1,"IOTHUB_CLIENT_CONFIRMATION_OK"
17641,10144634270,10144634309,1,"IOTHUB_CLIENT_CONFIRMATION_OK"
17642,10144634470,10144634501,1,"IOTHUB_CLIENT_CONFIRMATION_OK"
17643,10144634670,10144634748,1,"IOTHUB_CLIENT_CONFIRMATION_OK"
17644,10144634870,10144634908,1,"IOTHUB_CLIENT_CONFIRMATION_OK"
17645,10144635070,10144635155,1,"IOTHUB_CLIENT_CONFIRMATION_OK"
17646,10144635271,10144635306,1,"IOTHUB_CLIENT_CONFIRMATION_OK"
17647,10144635471,10144635618,1,"IOTHUB_CLIENT_CONFIRMATION_OK"
17648,10144635671,10144635705,1,"IOTHUB_CLIENT_CONFIRMATION_OK"
17649,10144635871,10144635906,1,"IOTHUB_CLIENT_CONFIRMATION_OK"
17650,10144636071,10144636175,1,"IOTHUB_CLIENT_CONFIRMATION_OK"
17651,10144636271,10144636304,1,"IOTHUB_CLIENT_CONFIRMATION_OK"
17652,10144636472,10144636512,1,"IOTHUB_CLIENT_CONFIRMATION_OK"
17653,10144636672,10144636709,1,"IOTHUB_CLIENT_CONFIRMATION_OK"
17654,10144636872,10144636903,1,"IOTHUB_CLIENT_CONFIRMATION_OK"
17655,10144637072,10144637176,1,"IOTHUB_CLIENT_CONFIRMATION_OK"
17656,10144637272,10144637312,1,"IOTHUB_CLIENT_CONFIRMATION_OK"
17657,10144637472,10144637503,1,"IOTHUB_CLIENT_CONFIRMATION_OK"
17658,10144637673,10144637812,1,"IOTHUB_CLIENT_CONFIRMATION_OK"
17659,10144637873,10144637919,1,"IOTHUB_CLIENT_CONFIRMATION_OK"
17660,10144638073,10144638104,1,"IOTHUB_CLIENT_CONFIRMATION_OK"
17661,10144638273,10144638306,1,"IOTHUB_CLIENT_CONFIRMATION_OK"
17662,10144638473,10144638503,1,"IOTHUB_CLIENT_CONFIRMATION_OK"
17663,10144638673,10144638716,1,"IOTHUB_CLIENT_CONFIRMATION_OK"
17664,10144638874,10144638925,1,"IOTHUB_CLIENT_CONFIRMATION_OK"
17665,10144639074,10144639105,1,"IOTHUB_CLIENT_CONFIRMATION_OK"
17666,10144639274,10144639536,1,"IOTHUB_CLIENT_CONFIRMATION_OK"
17667,10144639474,10144639567,1,"IOTHUB_CLIENT_CONFIRMATION_OK"
17668,10144639674,10144639716,1,"IOTHUB_CLIENT_CONFIRMATION_OK"
17669,10144639874,10144639951,1,"IOTHUB_CLIENT_CONFIRMATION_OK"
17670,10144640074,10144640116,1,"IOTHUB_CLIENT_CONFIRMATION_OK"
17671,10144640275,10144640304,1,"IOTHUB_CLIENT_CONFIRMATION_OK"
17672,10144640475,10144640509,1,"IOTHUB_CLIENT_CONFIRMATION_OK"
17673,10144640675,10144640716,1,"IOTHUB_CLIENT_CONFIRMATION_OK"
17674,10144640875,10144640960,1,"IOTHUB_CLIENT_CONFIRMATION_OK"
17675,10144641075,10144641107,1,"IOTHUB_CLIENT_CONFIRMATION_OK"
17676,10144641275,10144641306,1,"IOTHUB_CLIENT_CONFIRMATION_OK"
17677,10144641475,10144641602,1,"IOTHUB_CLIENT_CONFIRMATION_OK"
17678,10144641676,10144641708,1,"IOTHUB_CLIENT_CONFIRMATION_OK"
17679,10144641876,10144641911,1,"IOTHUB_CLIENT_CONFIRMATION_OK"
17680,10144642076,10144642108,1,"IOTHUB_CLIENT_CONFIRMATION_OK"
17681,10144642276,10144642310,1,"IOTHUB_CLIENT_CONFIRMATION_OK"
17682,10144642476,10144642605,1,"IOTHUB_CLIENT_CONFIRMATION_OK"
17683,10144642676,10144642708,1,"IOTHUB_CLIENT_CONFIRMATION_OK"
17684,10144642877,10144642918,1,"IOTHUB_CLIENT_CONFIRMATION_OK"
17685,10144643077,10144643115,1,"IOTHUB_CLIENT_CONFIRMATION_OK"
17686,10144643277,10144643315,1,"IOTHUB_CLIENT_CONFIRMATION_OK"
17687,10144643477,10144643507,1,"IOTHUB_CLIENT_CONFIRMATION_OK"
17688,10144643677,10144643715,1,"IOTHUB_CLIENT_CONFIRMATION_OK"
17689,10144643877,10144643915,1,"IOTHUB_CLIENT_CONFIRMATION_OK"
17690,10144644078,10144644273,1,"IOTHUB_CLIENT_CONFIRMATION_OK"
17691,10144644278,10144644308,1,"IOTHUB_CLIENT_CONFIRMATION_OK"
17692,10144644478,10144644513,1,"IOTHUB_CLIENT_CONFIRMATION_OK"
17693,10144644678,10144644715,1,"IOTHUB_CLIENT_CONFIRMATION_OK"
17694,10144644878,10144644916,1,"IOTHUB_CLIENT_CONFIRMATION_OK"
17695,10144645078,10144645115,1,"IOTHUB_CLIENT_CONFIRMATION_OK"
17696,10144645278,10144645316,1,"IOTHUB_CLIENT_CONFIRMATION_OK"
17697,10144645479,10144645513,1,"IOTHUB_CLIENT_CONFIRMATION_OK"
17698,10144645679,10144645720,1,"IOTHUB_CLIENT_CONFIRMATION_OK"
17699,10144645879,10144645912,1,"IOTHUB_CLIENT_CONFIRMATION_OK"
17700,10144646079,10144646136,1,"IOTHUB_CLIENT_CONFIRMATION_OK"
17701,10144646279,10144646325,1,"IOTHUB_CLIENT_CONFIRMATION_OK"
17702,10144646479,10144646508,1,"IOTHUB_CLIENT_CONFIRMATION_OK"
17703,10144646680,10144646716,1,"IOTHUB_CLIENT_CONFIRMATION_OK"
17704,10144646880,10144646940,1,"IOTHUB_CLIENT_CONFIRMATION_OK"
17705,10144647080,10144647116,1,"IOTHUB_CLIENT_CONFIRMATION_OK"
17706,10144647280,10144647336,1,"IOTHUB_CLIENT_CONFIRMATION_OK"
17707,10144647480,10144647514,1,"IOTHUB_CLIENT_CONFIRMATION_OK"
17708,10144647680,10144647712,1,"IOTHUB_CLIENT_CONFIRMATION_OK"
17709,10144647880,10144647963,1,"IOTHUB_CLIENT_CONFIRMATION_OK"
17710,10144648081,10144648117,1,"IOTHUB_CLIENT_CONFIRMATION_OK"
17711,10144648281,10144648328,1,"IOTHUB_CLIENT_CONFIRMATION_OK"
17712,10144648481,10144648532,1,"IOTHUB_CLIENT_CONFIRMATION_OK"
17713,10144648681,10144648715,1,"IOTHUB_CLIENT_CONFIRMATION_OK"
17714,10144648881,10144649005,1,"IOTHUB_CLIENT_CONFIRMATION_OK"
17715,10144649081,10144649150,1,"IOTHUB_CLIENT_CONFIRMATION_OK"
17716,10144649281,10144649322,1,"IOTHUB_CLIENT_CONFIRMATION_OK"
17717,10144649482,10144649528,1,"IOTHUB_CLIENT_CONFIRMATION_OK"
17718,10144649682,10144649715,1,"IOTHUB_CLIENT_CONFIRMATION_OK"
17719,10144649882,10144649913,1,"IOTHUB_CLIENT_CONFIRMATION_OK"
17720,10144650082,10144650140,1,"IOTHUB_CLIENT_CONFIRMATION_OK"
17721,10144650282,10144650313,1,"IOTHUB_CLIENT_CONFIRMATION_OK"
17722,10144650482,10144650610,1,"IOTHUB_CLIENT_CONFIRMATION_OK"
17723,10144650683,10144650722,1,"IOTHUB_CLIENT_CONFIRMATION_OK"
17724,10144650883,10144650940,1,"IOTHUB_CLIENT_CONFIRMATION_OK"
17725,10144651083,10144651226,1,"IOTHUB_CLIENT_CONFIRMATION_OK"
17726,10144651283,10144651316,1,"IOTHUB_CLIENT_CONFIRMATION_OK"
17727,10144651483,10144651541,1,"IOTHUB_CLIENT_CONFIRMATION_OK"
17728,10144651683,10144651721,1,"IOTHUB_CLIENT_CONFIRMATION_OK"
17729,10144651883,10144651920,1,"IOTHUB_CLIENT_CONFIRMATION_OK"
17730,10144652084,10144652236,1,"IOTHUB_CLIENT_CONFIRMATION_OK"
17731,10144652284,10144652316,1,"IOTHUB_CLIENT_CONFIRMATION_OK"
17732,10144652484,10144652526,1,"IOTHUB_CLIENT_CONFIRMATION_OK"
17733,10144652684,10144652851,1,"IOTHUB_CLIENT_CONFIRMATION_OK"
17734,10144652884,10144653007,1,"IOTHUB_CLIENT_CONFIRMATION_OK"
17735,10144653084,10144653131,1,"IOTHUB_CLIENT_CONFIRMATION_OK"
17736,10144653285,10144653319,1,"IOTHUB_CLIENT_CONFIRMATION_OK"
17737,10144653485,10144653513,1,"IOTHUB_CLIENT_CONFIRMATION_OK"
17738,10144653685,10144653730,1,"IOTHUB_CLIENT_CONFIRMATION_OK"
17739,10144653885,10144653916,1,"IOTHUB_CLIENT_CONFIRMATION_OK"
17740,10144654085,10144654130,1,"IOTHUB_CLIENT_CONFIRMATION_OK"
17741,10144654285,10144654337,1,"IOTHUB_CLIENT_CONFIRMATION_OK"
17742,10144654486,10144654524,1,"IOTHUB_CLIENT_CONFIRMATION_OK"
17743,10144654686,10144654725,1,"IOTHUB_CLIENT_CONFIRMATION_OK"
17744,10144654886,10144654941,1,"IOTHUB_CLIENT_CONFIRMATION_OK"
17745,10144655086,10144655116,1,"IOTHUB_CLIENT_CONFIRMATION_OK"
17746,10144655286,10144655326,1,"IOTHUB_CLIENT_CONFIRMATION_OK"
17747,10144655486,10144655520,1,"IOTHUB_CLIENT_CONFIRMATION_OK"
17748,10144655686,10144655720,1,"IOTHUB_CLIENT_CONFIRMATION_OK"
17749,10144655887,10144655979,1,"IOTHUB_CLIENT_CONFIRMATION_OK"
17750,10144656087,10144656121,1,"IOTHUB_CLIENT_CONFIRMATION_OK"
17751,10144656287,10144656321,1,"IOTHUB_CLIENT_CONFIRMATION_OK"
17752,10144656487,10144656586,1,"IOTHUB_CLIENT_CONFIRMATION_OK"
17753,10144656687,10144656723,1,"IOTHUB_CLIENT_CONFIRMATION_OK"
17754,10144656887,10144656931,1,"IOTHUB_CLIENT_CONFIRMATION_OK"
17755,10144657087,10144657117,1,"IOTHUB_CLIENT_CONFIRMATION_OK"
17756,10144657288,10144657333,1,"IOTHUB_CLIENT_CONFIRMATION_OK"
17757,10144657488,10144657665,1,"IOTHUB_CLIENT_CONFIRMATION_OK"
17758,10144657688,10144657723,1,"IOTHUB_CLIENT_CONFIRMATION_OK"
17759,10144657888,10144657920,1,"IOTHUB_CLIENT_CONFIRMATION_OK"
17760,10144658088,10144658124,1,"IOTHUB_CLIENT_CONFIRMATION_OK"
17761,10144658288,10144658323,1,"IOTHUB_CLIENT_CONFIRMATION_OK"
17762,10144658489,10144658536,1,"IOTHUB_CLIENT_CONFIRMATION_OK"
17763,10144658689,10144658730,1,"IOTHUB_CLIENT_CONFIRMATION_OK"
17764,10144658889,10144658922,1,"IOTHUB_CLIENT_CONFIRMATION_OK"
17765,10144659089,10144659275,1,"IOTHUB_CLIENT_CONFIRMATION_OK"
17766,10144659289,10144659323,1,"IOTHUB_CLIENT_CONFIRMATION_OK"
17767,10144659489,10144659525,1,"IOTHUB_CLIENT_CONFIRMATION_OK"
17768,10144659689,10144659723,1,"IOTHUB_CLIENT_CONFIRMATION_OK"
17769,10144659890,10144659924,1,"IOTHUB_CLIENT_CONFIRMATION_OK"
17770,10144660090,10144660126,1,"IOTHUB_CLIENT_CONFIRMATION_OK"
17771,10144660290,10144660343,1,"IOTHUB_CLIENT_CONFIRMATION_OK"
17772,10144660490,10144660554,1,"IOTHUB_CLIENT_CONFIRMATION_OK"
17773,10144660690,10144660726,1,"IOTHUB_CLIENT_CONFIRMATION_OK"
17774,10144660890,10144660925,1,"IOTHUB_CLIENT_CONFIRMATION_OK"
17775,10144661091,10144661123,1,"IOTHUB_CLIENT_CONFIRMATION_OK"
17776,10144661291,10144661336,1,"IOTHUB_CLIENT_CONFIRMATION_OK"
17777,10144661491,10144661522,1,"IOTHUB_CLIENT_CONFIRMATION_OK"
17778,10144661691,10144661733,1,"IOTHUB_CLIENT_CONFIRMATION_OK"
17779,10144661891,10144661954,1,"IOTHUB_CLIENT_CONFIRMATION_OK"
17780,10144662091,10144662402,1,"IOTHUB_CLIENT_CONFIRMATION_OK"
17781,10144662291,10144662850,1,"IOTHUB_CLIENT_CONFIRMATION_OK"
17782,10144662492,10144662946,1,"IOTHUB_CLIENT_CONFIRMATION_OK"
17783,10144662692,10144663006,1,"IOTHUB_CLIENT_CONFIRMATION_OK"
17784,10144662892,10144663114,1,"IOTHUB_CLIENT_CONFIRMATION_OK"
17785,10144663092,10144663163,1,"IOTHUB_CLIENT_CONFIRMATION_OK"
17786,10144663292,10144663325,1,"IOTHUB_CLIENT_CONFIRMATION_OK"
17787,10144663493,10144663573,1,"IOTHUB_CLIENT_CONFIRMATION_OK"
17788,10144663693,10144663735,1,"IOTHUB_CLIENT_CONFIRMATION_OK"
17789,10144663893,10144663988,1,"IOTHUB_CLIENT_CONFIRMATION_OK"
17790,10144664093,10144664126,1,"IOTHUB_CLIENT_CONFIRMATION_OK"
17791,10144664293,10144664325,1,"IOTHUB_CLIENT_CONFIRMATION_OK"
17792,10144664493,10144664705,1,"IOTHUB_CLIENT_CONFIRMATION_OK"
17793,10144664694,10144664736,1,"IOTHUB_CLIENT_CONFIRMATION_OK"
17794,10144664894,10144664928,1,"IOTHUB_CLIENT_CONFIRMATION_OK"
17795,10144665094,10144665147,1,"IOTHUB_CLIENT_CONFIRMATION_OK"
17796,10144665294,10144665330,1,"IOTHUB_CLIENT_CONFIRMATION_OK"
17797,10144665494,10144665527,1,"IOTHUB_CLIENT_CONFIRMATION_OK"
17798,10144665694,10144665729,1,"IOTHUB_CLIENT_CONFIRMATION_OK"
17799,10144665894,10144665936,1,"IOTHUB_CLIENT_CONFIRMATION_OK"
17800,10144666095,10144666154,1,"IOTHUB_CLIENT_CONFIRMATION_OK"
17801,10144666295,10144666341,1,"IOTHUB_CLIENT_CONFIRMATION_OK"
17802,10144666495,10144666530,1,"IOTHUB_CLIENT_CONFIRMATION_OK"
17803,10144666695,10144666759,1,"IOTHUB_CLIENT_CONFIRMATION_OK"
17804,10144666895,10144666935,1,"IOTHUB_CLIENT_CONFIRMATION_OK"
17805,10144667095,10144667153,1,"IOTHUB_CLIENT_CONFIRMATION_OK"
17806,10144667296,10144667329,1,"IOTHUB_CLIENT_CONFIRMATION_OK"
17807,10144667496,10144667543,1,"IOTHUB_CLIENT_CONFIRMATION_OK"
17808,10144667696,10144667781,1,"IOTHUB_CLIENT_CONFIRMATION_OK"
17809,10144667896,10144667933,1,"IOTHUB_CLIENT_CONFIRMATION_OK"
17810,10144668096,10144668129,1,"IOTHUB_CLIENT_CONFIRMATION_OK"
17811,10144668296,10144668393,1,"IOTHUB_CLIENT_CONFIRMATION_OK"
17812,10144668496,10144668534,1,"IOTHUB_CLIENT_CONFIRMATION_OK"
17813,10144668697,10144668733,1,"IOTHUB_CLIENT_CONFIRMATION_OK"
17814,10144668897,10144668936,1,"IOTHUB_CLIENT_CONFIRMATION_OK"
17815,10144669097,10144669134,1,"IOTHUB_CLIENT_CONFIRMATION_OK"
17816,10144669297,10144669476,1,"IOTHUB_CLIENT_CONFIRMATION_OK"
17817,10144669497,10144669530,1,"IOTHUB_CLIENT_CONFIRMATION_OK"
17818,10144669697,10144669740,1,"IOTHUB_CLIENT_CONFIRMATION_OK"
17819,10144669897,10144669930,1,"IOTHUB_CLIENT_CONFIRMATION_OK"
17820,10144670098,10144670130,1,"IOTHUB_CLIENT_CONFIRMATION_OK"
17821,10144670298,10144670340,1,"IOTHUB_CLIENT_CONFIRMATION_OK"
17822,10144670498,10144670526,1,"IOTHUB_CLIENT_CONFIRMATION_OK"
17823,10144670698,10144670742,1,"IOTHUB_CLIENT_CONFIRMATION_OK"
17824,10144670898,10144670937,1,"IOTHUB_CLIENT_CONFIRMATION_OK"
17825,10144671098,10144671138,1,"IOTHUB_CLIENT_CONFIRMATION_OK"
17826,10144671298,10144671333,1,"IOTHUB_CLIENT_CONFIRMATION_OK"
17827,10144671499,10144671538,1,"IOTHUB_CLIENT_CONFIRMATION_OK"
17828,10144671699,10144671735,1,"IOTHUB_CLIENT_CONFIRMATION_OK"
17829,10144671899,10144671934,1,"IOTHUB_CLIENT_CONFIRMATION_OK"
17830,10144672099,10144672130,1,"IOTHUB_CLIENT_CONFIRMATION_OK"
17831,10144672299,10144672341,1,"IOTHUB_CLIENT_CONFIRMATION_OK"
17832,10144672499,10144672554,1,"IOTHUB_CLIENT_CONFIRMATION_OK"
17833,10144672700,10144672735,1,"IOTHUB_CLIENT_CONFIRMATION_OK"
17834,10144672900,10144672935,1,"IOTHUB_CLIENT_CONFIRMATION_OK"
17835,10144673100,10144673137,1,"IOTHUB_CLIENT_CONFIRMATION_OK"
17836,10144673300,10144673337,1,"IOTHUB_CLIENT_CONFIRMATION_OK"
17837,10144673500,10144673544,1,"IOTHUB_CLIENT_CONFIRMATION_OK"
17838,10144673700,10144673761,1,"IOTHUB_CLIENT_CONFIRMATION_OK"
17839,10144673900,10144673943,1,"IOTHUB_CLIENT_CONFIRMATION_OK"
17840,10144674101,10144674177,1,"IOTHUB_CLIENT_CONFIRMATION_OK"
17841,10144674301,10144674369,1,"IOTHUB_CLIENT_CONFIRMATION_OK"
17842,10144674501,10144674536,1,"IOTHUB_CLIENT_CONFIRMATION_OK"
17843,10144674701,10144674923,1,"IOTHUB_CLIENT_CONFIRMATION_OK"
17844,10144674902,10144674946,1,"IOTHUB_CLIENT_CONFIRMATION_OK"
17845,10144675102,10144675135,1,"IOTHUB_CLIENT_CONFIRMATION_OK"
17846,10144675302,10144675338,1,"IOTHUB_CLIENT_CONFIRMATION_OK"
17847,10144675502,10144675532,1,"IOTHUB_CLIENT_CONFIRMATION_OK"
17848,10144675702,10144675918,1,"IOTHUB_CLIENT_CONFIRMATION_OK"
17849,10144675902,10144675938,1,"IOTHUB_CLIENT_CONFIRMATION_OK"
17850,10144676102,10144676139,1,"IOTHUB_CLIENT_CONFIRMATION_OK"
17851,10144676303,10144676337,1,"IOTHUB_CLIENT_CONFIRMATION_OK"
17852,10144676503,10144676536,1,"IOTHUB_CLIENT_CONFIRMATION_OK"
17853,10144676703,10144676734,1,"IOTHUB_CLIENT_CONFIRMATION_OK"
17854,10144676903,10144676949,1,"IOTHUB_CLIENT_CONFIRMATION_OK"
17855,10144677103,10144677138,1,"IOTHUB_CLIENT_CONFIRMATION_OK"
17856,10144677303,10144677345,1,"IOTHUB_CLIENT_CONFIRMATION_OK"
17857,10144677504,10144677544,1,"IOTHUB_CLIENT_CONFIRMATION_OK"
17858,10144677704,10144677739,1,"IOTHUB_CLIENT_CONFIRMATION_OK"
17859,10144677904,10144678022,1,"IOTHUB_CLIENT_CONFIRMATION_OK"
17860,10144678104,10144678149,1,"IOTHUB_CLIENT_CONFIRMATION_OK"
17861,10144678304,10144678340,1,"IOTHUB_CLIENT_CONFIRMATION_OK"
17862,10144678504,10144678583,1,"IOTHUB_CLIENT_CONFIRMATION_OK"
17863,10144678704,10144678748,1,"IOTHUB_CLIENT_CONFIRMATION_OK"
17864,10144678905,10144678980,1,"IOTHUB_CLIENT_CONFIRMATION_OK"
17865,10144679105,10144679135,1,"IOTHUB_CLIENT_CONFIRMATION_OK"
17866,10144679305,10144679350,1,"IOTHUB_CLIENT_CONFIRMATION_OK"
17867,10144679505,10144679681,1,"IOTHUB_CLIENT_CONFIRMATION_OK"
17868,10144679705,10144679754,1,"IOTHUB_CLIENT_CONFIRMATION_OK"
17869,10144679905,10144679940,1,"IOTHUB_CLIENT_CONFIRMATION_OK"
17870,10144680105,10144680136,1,"IOTHUB_CLIENT_CONFIRMATION_OK"
17871,10144680306,10144680345,1,"IOTHUB_CLIENT_CONFIRMATION_OK"
17872,10144680506,10144680731,1,"IOTHUB_CLIENT_CONFIRMATION_OK"
17873,10144680706,10144680746,1,"IOTHUB_CLIENT_CONFIRMATION_OK"
17874,10144680906,10144680944,1,"IOTHUB_CLIENT_CONFIRMATION_OK"
17875,10144681106,10144681135,1,"IOTHUB_CLIENT_CONFIRMATION_OK"
17876,10144681306,10144681343,1,"IOTHUB_CLIENT_CONFIRMATION_OK"
17877,10144681507,10144681541,1,"IOTHUB_CLIENT_CONFIRMATION_OK"
17878,10144681707,10144681757,1,"IOTHUB_CLIENT_CONFIRMATION_OK"
17879,10144681907,10144681957,1,"IOTHUB_CLIENT_CONFIRMATION_OK"
17880,10144682107,10144682138,1,"IOTHUB_CLIENT_CONFIRMATION_OK"
17881,10144682307,10144682343,1,"IOTHUB_CLIENT_CONFIRMATION_OK"
17882,10144682507,10144682551,1,"IOTHUB_CLIENT_CONFIRMATION_OK"
17883,10144682707,10144682760,1,"IOTHUB_CLIENT_CONFIRMATION_OK"
17884,10144682908,10144682947,1,"IOTHUB_CLIENT_CONFIRMATION_OK"
17885,10144683108,10144683147,1,"IOTHUB_CLIENT_CONFIRMATION_OK"
17886,10144683308,10144683399,1,"IOTHUB_CLIENT_CONFIRMATION_OK"
17887,10144683508,10144683548,1,"IOTHUB_CLIENT_CONFIRMATION_OK"
17888,10144683708,10144683855,1,"IOTHUB_CLIENT_CONFIRMATION_OK"
17889,10144683908,10144683953,1,"IOTHUB_CLIENT_CONFIRMATION_OK"
17890,10144684108,10144684141,1,"IOTHUB_CLIENT_CONFIRMATION_OK"
17891,10144684309,10144684509,1,"IOTHUB_CLIENT_CONFIRMATION_OK"
17892,10144684509,10144684552,1,"IOTHUB_CLIENT_CONFIRMATION_OK"
17893,10144684709,10144684746,1,"IOTHUB_CLIENT_CONFIRMATION_OK"
17894,10144684909,10144684944,1,"IOTHUB_CLIENT_CONFIRMATION_OK"
17895,10144685109,10144685147,1,"IOTHUB_CLIENT_CONFIRMATION_OK"
17896,10144685310,10144685342,1,"IOTHUB_CLIENT_CONFIRMATION_OK"
17897,10144685510,10144685542,1,"IOTHUB_CLIENT_CONFIRMATION_OK"
17898,10144685710,10144685747,1,"IOTHUB_CLIENT_CONFIRMATION_OK"
17899,10144685910,10144685950,1,"IOTHUB_CLIENT_CONFIRMATION_OK"
17900,10144686110,10144686152,1,"IOTHUB_CLIENT_CONFIRMATION_OK"
17901,10144686310,10144686345,1,"IOTHUB_CLIENT_CONFIRMATION_OK"
17902,10144686511,10144686554,1,"IOTHUB_CLIENT_CONFIRMATION_OK"
17903,10144686711,10144686739,1,"IOTHUB_CLIENT_CONFIRMATION_OK"
17904,10144686911,10144686942,1,"IOTHUB_CLIENT_CONFIRMATION_OK"
17905,10144687111,10144687146,1,"IOTHUB_CLIENT_CONFIRMATION_OK"
17906,10144687311,10144687347,1,"IOTHUB_CLIENT_CONFIRMATION_OK"
17907,10144687511,10144687623,1,"IOTHUB_CLIENT_CONFIRMATION_OK"
17908,10144687711,10144687746,1,"IOTHUB_CLIENT_CONFIRMATION_OK"
17909,10144687912,10144687956,1,"IOTHUB_CLIENT_CONFIRMATION_OK"
17910,10144688112,10144688232,1,"IOTHUB_CLIENT_CONFIRMATION_OK"
17911,10144688312,10144688345,1,"IOTHUB_CLIENT_CONFIRMATION_OK"
17912,10144688512,10144688552,1,"IOTHUB_CLIENT_CONFIRMATION_OK"
17913,10144688712,10144688755,1,"IOTHUB_CLIENT_CONFIRMATION_OK"
17914,10144688913,10144688990,1,"IOTHUB_CLIENT_CONFIRMATION_OK"
17915,10144689113,10144689257,1,"IOTHUB_CLIENT_CONFIRMATION_OK"
17916,10144689313,10144689346,1,"IOTHUB_CLIENT_CONFIRMATION_OK"
17917,10144689513,10144689559,1,"IOTHUB_CLIENT_CONFIRMATION_OK"
17918,10144689713,10144689766,1,"IOTHUB_CLIENT_CONFIRMATION_OK"
17919,10144689913,10144689950,1,"IOTHUB_CLIENT_CONFIRMATION_OK"
17920,10144690114,10144690144,1,"IOTHUB_CLIENT_CONFIRMATION_OK"
17921,10144690314,10144690349,1,"IOTHUB_CLIENT_CONFIRMATION_OK"
17922,10144690514,10144690549,1,"IOTHUB_CLIENT_CONFIRMATION_OK"
17923,10144690714,10144690922,1,"IOTHUB_CLIENT_CONFIRMATION_OK"
17924,10144690914,10144690954,1,"IOTHUB_CLIENT_CONFIRMATION_OK"
17925,10144691114,10144691144,1,"IOTHUB_CLIENT_CONFIRMATION_OK"
17926,10144691314,10144691350,1,"IOTHUB_CLIENT_CONFIRMATION_OK"
17927,10144691515,10144691575,1,"IOTHUB_CLIENT_CONFIRMATION_OK"
17928,10144691715,10144691751,1,"IOTHUB_CLIENT_CONFIRMATION_OK"
17929,10144691915,10144691965,1,"IOTHUB_CLIENT_CONFIRMATION_OK"
17930,10144692115,10144692156,1,"IOTHUB_CLIENT_CONFIRMATION_OK"
17931,10144692315,10144692359,1,"IOTHUB_CLIENT_CONFIRMATION_OK"
17932,10144692515,10144692547,1,"IOTHUB_CLIENT_CONFIRMATION_OK"
17933,10144692716,10144692759,1,"IOTHUB_CLIENT_CONFIRMATION_OK"
17934,10144692916,10144693006,1,"IOTHUB_CLIENT_CONFIRMATION_OK"
17935,10144693116,10144693146,1,"IOTHUB_CLIENT_CONFIRMATION_OK"
17936,10144693316,10144693348,1,"IOTHUB_CLIENT_CONFIRMATION_OK"
17937,10144693516,10144693553,1,"IOTHUB_CLIENT_CONFIRMATION_OK"
17938,10144693716,10144693748,1,"IOTHUB_CLIENT_CONFIRMATION_OK"
17939,10144693916,10144694025,1,"IOTHUB_CLIENT_CONFIRMATION_OK"
17940,10144694117,10144694244,1,"IOTHUB_CLIENT_CONFIRMATION_OK"
17941,10144694317,10144694353,1,"IOTHUB_CLIENT_CONFIRMATION_OK"
17942,10144694517,10144694666,1,"IOTHUB_CLIENT_CONFIRMATION_OK"
17943,10144694717,10144694754,1,"IOTHUB_CLIENT_CONFIRMATION_OK"
17944,10144694917,10144694950,1,"IOTHUB_CLIENT_CONFIRMATION_OK"
17945,10144695117,10144695156,1,"IOTHUB_CLIENT_CONFIRMATION_OK"
17946,10144695318,10144695350,1,"IOTHUB_CLIENT_CONFIRMATION_OK"
17947,10144695518,10144695682,1,"IOTHUB_CLIENT_CONFIRMATION_OK"
17948,10144695718,10144695761,1,"IOTHUB_CLIENT_CONFIRMATION_OK"
17949,10144695918,10144695964,1,"IOTHUB_CLIENT_CONFIRMATION_OK"
17950,10144696118,10144696164,1,"IOTHUB_CLIENT_CONFIRMATION_OK"
17951,10144696319,10144696363,1,"IOTHUB_CLIENT_CONFIRMATION_OK"
17952,10144696519,10144696559,1,"IOTHUB_CLIENT_CONFIRMATION_OK"
17953,10144696719,10144696767,1,"IOTHUB_CLIENT_CONFIRMATION_OK"
17954,10144696919,10144696950,1,"IOTHUB_CLIENT_CONFIRMATION_OK"
17955,10144697119,10144697298,1,"IOTHUB_CLIENT_CONFIRMATION_OK"
17956,10144697320,10144697359,1,"IOTHUB_CLIENT_CONFIRMATION_OK"
17957,10144697520,10144697553,1,"IOTHUB_CLIENT_CONFIRMATION_OK"
17958,10144697720,10144697757,1,"IOTHUB_CLIENT_CONFIRMATION_OK"
17959,10144697920,10144697952,1,"IOTHUB_CLIENT_CONFIRMATION_OK"
17960,10144698120,10144698157,1,"IOTHUB_CLIENT_CONFIRMATION_OK"
17961,10144698320,10144698365,1,"IOTHUB_CLIENT_CONFIRMATION_OK"
17962,10144698521,10144698558,1,"IOTHUB_CLIENT_CONFIRMATION_OK"
17963,10144698721,10144698759,1,"IOTHUB_CLIENT_CONFIRMATION_OK"
17964,10144698921,10144698957,1,"IOTHUB_CLIENT_CONFIRMATION_OK"
17965,10144699121,10144699154,1,"IOTHUB_CLIENT_CONFIRMATION_OK"
17966,10144699321,10144699372,1,"IOTHUB_CLIENT_CONFIRMATION_OK"
17967,10144699521,10144699554,1,"IOTHUB_CLIENT_CONFIRMATION_OK"
17968,10144699721,10144699757,1,"IOTHUB_CLIENT_CONFIRMATION_OK"
17969,10144699922,10144699984,1,"IOTHUB_CLIENT_CONFIRMATION_OK"
17970,10144700122,10144700156,1,"IOTHUB_CLIENT_CONFIRMATION_OK"
17971,10144700322,10144700354,1,"IOTHUB_CLIENT_CONFIRMATION_OK"
17972,10144700522,10144700552,1,"IOTHUB_CLIENT_CONFIRMATION_OK"
17973,10144700722,10144700761,1,"IOTHUB_CLIENT_CONFIRMATION_OK"
17974,10144700922,10144700999,1,"IOTHUB_CLIENT_CONFIRMATION_OK"
17975,10144701123,10144701154,1,"IOTHUB_CLIENT_CONFIRMATION_OK"
17976,10144701323,10144701355,1,"IOTHUB_CLIENT_CONFIRMATION_OK"
17977,10144701523,10144701620,1,"IOTHUB_CLIENT_CONFIRMATION_OK"
17978,10144701723,10144701756,1,"IOTHUB_CLIENT_CONFIRMATION_OK"
17979,10144701923,10144701961,1,"IOTHUB_CLIENT_CONFIRMATION_OK"
17980,10144702123,10144702157,1,"IOTHUB_CLIENT_CONFIRMATION_OK"
17981,10144702323,10144702367,1,"IOTHUB_CLIENT_CONFIRMATION_OK"
17982,10144702524,10144702624,1,"IOTHUB_CLIENT_CONFIRMATION_OK"
17983,10144702724,10144702761,1,"IOTHUB_CLIENT_CONFIRMATION_OK"
17984,10144702924,10144702960,1,"IOTHUB_CLIENT_CONFIRMATION_OK"
17985,10144703124,10144703237,1,"IOTHUB_CLIENT_CONFIRMATION_OK"
17986,10144703324,10144703423,1,"IOTHUB_CLIENT_CONFIRMATION_OK"
17987,10144703524,10144703555,1,"IOTHUB_CLIENT_CONFIRMATION_OK"
17988,10144703725,10144703784,1,"IOTHUB_CLIENT_CONFIRMATION_OK"
17989,10144703925,10144703961,1,"IOTHUB_CLIENT_CONFIRMATION_OK"
17990,10144704125,10144704277,1,"IOTHUB_CLIENT_CONFIRMATION_OK"
17991,10144704325,10144704356,1,"IOTHUB_CLIENT_CONFIRMATION_OK"
17992,10144704525,10144704558,1,"IOTHUB_CLIENT_CONFIRMATION_OK"
17993,10144704725,10144704760,1,"IOTHUB_CLIENT_CONFIRMATION_OK"
17994,10144704926,10144704973,1,"IOTHUB_CLIENT_CONFIRMATION_OK"
17995,10144705126,10144705203,1,"IOTHUB_CLIENT_CONFIRMATION_OK"
17996,10144705326,10144705379,1,"IOTHUB_CLIENT_CONFIRMATION_OK"
17997,10144705526,10144705561,1,"IOTHUB_CLIENT_CONFIRMATION_OK"
17998,10144705726,10144705893,1,"IOTHUB_CLIENT_CONFIRMATION_OK"
17999,10144705926,10144705969,1,"IOTHUB_CLIENT_CONFIRMATION_OK"
18000,10144706127,10144706159,1,"IOTHUB_CLIENT_CONFIRMATION_OK"
18001,10144706327,10144706357,1,"IOTHUB_CLIENT_CONFIRMATION_OK"
18002,10144706527,10144706574,1,"IOTHUB_CLIENT_CONFIRMATION_OK"
18003,10144706727,10144706762,1,"IOTHUB_CLIENT_CONFIRMATION_OK"
18004,10144706927,10144706965,1,"IOTHUB_CLIENT_CONFIRMATION_OK"
18005,10144707128,10144707160,1,"IOTHUB_CLIENT_CONFIRMATION_OK"
18006,10144707328,10144707519,1,"IOTHUB_CLIENT_CONFIRMATION_OK"
18007,10144707528,10144707558,1,"IOTHUB_CLIENT_CONFIRMATION_OK"
18008,10144707728,10144707765,1,"IOTHUB_CLIENT_CONFIRMATION_OK"
18009,10144707928,10144707960,1,"IOTHUB_CLIENT_CONFIRMATION_OK"
18010,10144708128,10144708164,1,"IOTHUB_CLIENT_CONFIRMATION_OK"
18011,10144708329,10144708365,1,"IOTHUB_CLIENT_CONFIRMATION_OK"
18012,10144708529,10144708613,1,"IOTHUB_CLIENT_CONFIRMATION_OK"
18013,10144708729,10144708758,1,"IOTHUB_CLIENT_CONFIRMATION_OK"
18014,10144708929,10144709023,1,"IOTHUB_CLIENT_CONFIRMATION_OK"
18015,10144709129,10144709165,1,"IOTHUB_CLIENT_CONFIRMATION_OK"
18016,10144709329,10144709374,1,"IOTHUB_CLIENT_CONFIRMATION_OK"
18017,10144709530,10144709672,1,"IOTHUB_CLIENT_CONFIRMATION_OK"
18018,10144709730,10144709758,1,"IOTHUB_CLIENT_CONFIRMATION_OK"
18019,10144709930,10144709960,1,"IOTHUB_CLIENT_CONFIRMATION_OK"
18020,10144710130,10144710163,1,"IOTHUB_CLIENT_CONFIRMATION_OK"
18021,10144710330,10144710364,1,"IOTHUB_CLIENT_CONFIRMATION_OK"
18022,10144710530,10144710668,1,"IOTHUB_CLIENT_CONFIRMATION_OK"
18023,10144710731,10144710764,1,"IOTHUB_CLIENT_CONFIRMATION_OK"
18024,10144710931,10144710963,1,"IOTHUB_CLIENT_CONFIRMATION_OK"
18025,10144711131,10144711276,1,"IOTHUB_CLIENT_CONFIRMATION_OK"
18026,10144711331,10144711367,1,"IOTHUB_CLIENT_CONFIRMATION_OK"
18027,10144711531,10144711565,1,"IOTHUB_CLIENT_CONFIRMATION_OK"
18028,10144711731,10144711774,1,"IOTHUB_CLIENT_CONFIRMATION_OK"
18029,10144711931,10144711965,1,"IOTHUB_CLIENT_CONFIRMATION_OK"
18030,10144712132,10144712332,1,"IOTHUB_CLIENT_CONFIRMATION_OK"
18031,10144712332,10144712374,1,"IOTHUB_CLIENT_CONFIRMATION_OK"
18032,10144712532,10144712593,1,"IOTHUB_CLIENT_CONFIRMATION_OK"
18033,10144712732,10144712771,1,"IOTHUB_CLIENT_CONFIRMATION_OK"
18034,10144712932,10144712993,1,"IOTHUB_CLIENT_CONFIRMATION_OK"
18035,10144713132,10144713164,1,"IOTHUB_CLIENT_CONFIRMATION_OK"
18036,10144713332,10144713376,1,"IOTHUB_CLIENT_CONFIRMATION_OK"
18037,10144713533,10144713567,1,"IOTHUB_CLIENT_CONFIRMATION_OK"
18038,10144713733,10144713764,1,"IOTHUB_CLIENT_CONFIRMATION_OK"
18039,10144713933,10144713966,1,"IOTHUB_CLIENT_CONFIRMATION_OK"
18040,10144714133,10144714172,1,"IOTHUB_CLIENT_CONFIRMATION_OK"
18041,10144714333,10144714398,1,"IOTHUB_CLIENT_CONFIRMATION_OK"
18042,10144714533,10144714564,1,"IOTHUB_CLIENT_CONFIRMATION_OK"
18043,10144714734,10144714767,1,"IOTHUB_CLIENT_CONFIRMATION_OK"
18044,10144714934,10144714987,1,"IOTHUB_CLIENT_CONFIRMATION_OK"
18045,10144715134,10144715165,1,"IOTHUB_CLIENT_CONFIRMATION_OK"
18046,10144715334,10144715369,1,"IOTHUB_CLIENT_CONFIRMATION_OK"
18047,10144715534,10144715574,1,"IOTHUB_CLIENT_CONFIRMATION_OK"
18048,10144715734,10144715766,1,"IOTHUB_CLIENT_CONFIRMATION_OK"
18049,10144715934,10144715993,1,"IOTHUB_CLIENT_CONFIRMATION_OK"
18050,10144716135,10144716176,1,"IOTHUB_CLIENT_CONFIRMATION_OK"
18051,10144716335,10144716367,1,"IOTHUB_CLIENT_CONFIRMATION_OK"
18052,10144716535,10144716602,1,"IOTHUB_CLIENT_CONFIRMATION_OK"
18053,10144716735,10144716784,1,"IOTHUB_CLIENT_CONFIRMATION_OK"
18054,10144716935,10144716983,1,"IOTHUB_CLIENT_CONFIRMATION_OK"
18055,10144717135,10144717173,1,"IOTHUB_CLIENT_CONFIRMATION_OK"
18056,10144717336,10144717381,1,"IOTHUB_CLIENT_CONFIRMATION_OK"
18057,10144717536,10144717646,1,"IOTHUB_CLIENT_CONFIRMATION_OK"
18058,10144717736,10144717767,1,"IOTHUB_CLIENT_CONFIRMATION_OK"
18059,10144717936,10144717964,1,"IOTHUB_CLIENT_CONFIRMATION_OK"
18060,10144718136,10144718276,1,"IOTHUB_CLIENT_CONFIRMATION_OK"
18061,10144718336,10144718381,1,"IOTHUB_CLIENT_CONFIRMATION_OK"
18062,10144718536,10144718569,1,"IOTHUB_CLIENT_CONFIRMATION_OK"
18063,10144718737,10144718770,1,"IOTHUB_CLIENT_CONFIRMATION_OK"
18064,10144718937,10144718980,1,"IOTHUB_CLIENT_CONFIRMATION_OK"
18065,10144719137,10144719286,1,"IOTHUB_CLIENT_CONFIRMATION_OK"
18066,10144719337,10144719371,1,"IOTHUB_CLIENT_CONFIRMATION_OK"
18067,10144719537,10144719612,1,"IOTHUB_CLIENT_CONFIRMATION_OK"
18068,10144719737,10144719770,1,"IOTHUB_CLIENT_CONFIRMATION_OK"
18069,10144719938,10144719984,1,"IOTHUB_CLIENT_CONFIRMATION_OK"
18070,10144720138,10144720167,1,"IOTHUB_CLIENT_CONFIRMATION_OK"
18071,10144720338,10144720373,1,"IOTHUB_CLIENT_CONFIRMATION_OK"
18072,10144720538,10144720570,1,"IOTHUB_CLIENT_CONFIRMATION_OK"
18073,10144720739,10144720925,1,"IOTHUB_CLIENT_CONFIRMATION_OK"
18074,10144720939,10144720983,1,"IOTHUB_CLIENT_CONFIRMATION_OK"
18075,10144721139,10144721187,1,"IOTHUB_CLIENT_CONFIRMATION_OK"
18076,10144721339,10144721373,1,"IOTHUB_CLIENT_CONFIRMATION_OK"
18077,10144721539,10144721572,1,"IOTHUB_CLIENT_CONFIRMATION_OK"
18078,10144721740,10144721770,1,"IOTHUB_CLIENT_CONFIRMATION_OK"
18079,10144721940,10144721973,1,"IOTHUB_CLIENT_CONFIRMATION_OK"
18080,10144722140,10144722199,1,"IOTHUB_CLIENT_CONFIRMATION_OK"
18081,10144722340,10144722377,1,"IOTHUB_CLIENT_CONFIRMATION_OK"
18082,10144722540,10144722578,1,"IOTHUB_CLIENT_CONFIRMATION_OK"
18083,10144722741,10144722784,1,"IOTHUB_CLIENT_CONFIRMATION_OK"
18084,10144722941,10144722980,1,"IOTHUB_CLIENT_CONFIRMATION_OK"
18085,10144723141,10144723173,1,"IOTHUB_CLIENT_CONFIRMATION_OK"
18086,10144723341,10144723375,1,"IOTHUB_CLIENT_CONFIRMATION_OK"
18087,10144723541,10144723621,1,"IOTHUB_CLIENT_CONFIRMATION_OK"
18088,10144723741,10144723774,1,"IOTHUB_CLIENT_CONFIRMATION_OK"
18089,10144723941,10144724024,1,"IOTHUB_CLIENT_CONFIRMATION_OK"
18090,10144724142,10144724180,1,"IOTHUB_CLIENT_CONFIRMATION_OK"
18091,10144724342,10144724385,1,"IOTHUB_CLIENT_CONFIRMATION_OK"
18092,10144724542,10144724618,1,"IOTHUB_CLIENT_CONFIRMATION_OK"
18093,10144724742,10144724780,1,"IOTHUB_CLIENT_CONFIRMATION_OK"
18094,10144724942,10144724983,1,"IOTHUB_CLIENT_CONFIRMATION_OK"
18095,10144725142,10144725189,1,"IOTHUB_CLIENT_CONFIRMATION_OK"
18096,10144725343,10144725384,1,"IOTHUB_CLIENT_CONFIRMATION_OK"
18097,10144725543,10144725641,1,"IOTHUB_CLIENT_CONFIRMATION_OK"
18098,10144725743,10144725776,1,"IOTHUB_CLIENT_CONFIRMATION_OK"
18099,10144725943,10144726071,1,"IOTHUB_CLIENT_CONFIRMATION_OK"
18100,10144726143,10144726292,1,"IOTHUB_CLIENT_CONFIRMATION_OK"
18101,10144726343,10144726388,1,"IOTHUB_CLIENT_CONFIRMATION_OK"
18102,10144726543,10144726576,1,"IOTHUB_CLIENT_CONFIRMATION_OK"
18103,10144726744,10144726787,1,"IOTHUB_CLIENT_CONFIRMATION_OK"
18104,10144726944,10144726977,1,"IOTHUB_CLIENT_CONFIRMATION_OK"
18105,10144727144,10144727310,1,"IOTHUB_CLIENT_CONFIRMATION_OK"
18106,10144727344,10144727383,1,"IOTHUB_CLIENT_CONFIRMATION_OK"
18107,10144727544,10144727585,1,"IOTHUB_CLIENT_CONFIRMATION_OK"
18108,10144727744,10144727776,1,"IOTHUB_CLIENT_CONFIRMATION_OK"
18109,10144727945,10144727982,1,"IOTHUB_CLIENT_CONFIRMATION_OK"
18110,10144728145,10144728173,1,"IOTHUB_CLIENT_CONFIRMATION_OK"
18111,10144728345,10144728380,1,"IOTHUB_CLIENT_CONFIRMATION_OK"
18112,10144728545,10144728590,1,"IOTHUB_CLIENT_CONFIRMATION_OK"
18113,10144728745,10144728790,1,"IOTHUB_CLIENT_CONFIRMATION_OK"
18114,10144728945,10144728994,1,"IOTHUB_CLIENT_CONFIRMATION_OK"
18115,10144729145,10144729174,1,"IOTHUB_CLIENT_CONFIRMATION_OK"
18116,10144729346,10144729376,1,"IOTHUB_CLIENT_CONFIRMATION_OK"
18117,10144729546,10144729590,1,"IOTHUB_CLIENT_CONFIRMATION_OK"
18118,10144729746,10144729779,1,"IOTHUB_CLIENT_CONFIRMATION_OK"
18119,10144729946,10144729983,1,"IOTHUB_CLIENT_CONFIRMATION_OK"
18120,10144730146,10144730179,1,"IOTHUB_CLIENT_CONFIRMATION_OK"
18121,10144730346,10144730381,1,"IOTHUB_CLIENT_CONFIRMATION_OK"
18122,10144730547,10144730586,1,"IOTHUB_CLIENT_CONFIRMATION_OK"
18123,10144730747,10144730778,1,"IOTHUB_CLIENT_CONFIRMATION_OK"
18124,10144730947,10144730997,1,"IOTHUB_CLIENT_CONFIRMATION_OK"
18125,10144731147,10144731182,1,"IOTHUB_CLIENT_CONFIRMATION_OK"
18126,10144731347,10144731382,1,"IOTHUB_CLIENT_CONFIRMATION_OK"
18127,10144731547,10144731581,1,"IOTHUB_CLIENT_CONFIRMATION_OK"
18128,10144731747,10144731796,1,"IOTHUB_CLIENT_CONFIRMATION_OK"
18129,10144731948,10144731977,1,"IOTHUB_CLIENT_CONFIRMATION_OK"
18130,10144732148,10144732189,1,"IOTHUB_CLIENT_CONFIRMATION_OK"
18131,10144732348,10144732379,1,"IOTHUB_CLIENT_CONFIRMATION_OK"
18132,10144732548,10144732591,1,"IOTHUB_CLIENT_CONFIRMATION_OK"
18133,10144732748,10144732782,1,"IOTHUB_CLIENT_CONFIRMATION_OK"
18134,10144732948,10144732979,1,"IOTHUB_CLIENT_CONFIRMATION_OK"
18135,10144733149,10144733206,1,"IOTHUB_CLIENT_CONFIRMATION_OK"
18136,10144733349,10144733380,1,"IOTHUB_CLIENT_CONFIRMATION_OK"
18137,10144733549,10144733581,1,"IOTHUB_CLIENT_CONFIRMATION_OK"
18138,10144733749,10144733779,1,"IOTHUB_CLIENT_CONFIRMATION_OK"
18139,10144733949,10144733982,1,"IOTHUB_CLIENT_CONFIRMATION_OK"
18140,10144734149,10144734209,1,"IOTHUB_CLIENT_CONFIRMATION_OK"
18141,10144734349,10144734381,1,"IOTHUB_CLIENT_CONFIRMATION_OK"
18142,10144734550,10144734581,1,"IOTHUB_CLIENT_CONFIRMATION_OK"
18143,10144734750,10144734826,1,"IOTHUB_CLIENT_CONFIRMATION_OK"
18144,10144734950,10144734983,1,"IOTHUB_CLIENT_CONFIRMATION_OK"
18145,10144735150,10144735181,1,"IOTHUB_CLIENT_CONFIRMATION_OK"
18146,10144735350,10144735390,1,"IOTHUB_CLIENT_CONFIRMATION_OK"
18147,10144735550,10144735582,1,"IOTHUB_CLIENT_CONFIRMATION_OK"
18148,10144735751,10144735829,1,"IOTHUB_CLIENT_CONFIRMATION_OK"
18149,10144735951,10144735998,1,"IOTHUB_CLIENT_CONFIRMATION_OK"
18150,10144736151,10144736183,1,"IOTHUB_CLIENT_CONFIRMATION_OK"
18151,10144736351,10144736489,1,"IOTHUB_CLIENT_CONFIRMATION_OK"
18152,10144736551,10144736584,1,"IOTHUB_CLIENT_CONFIRMATION_OK"
18153,10144736751,10144736789,1,"IOTHUB_CLIENT_CONFIRMATION_OK"
18154,10144736952,10144736985,1,"IOTHUB_CLIENT_CONFIRMATION_OK"
18155,10144737152,10144737184,1,"IOTHUB_CLIENT_CONFIRMATION_OK"
18156,10144737352,10144737524,1,"IOTHUB_CLIENT_CONFIRMATION_OK"
18157,10144737552,10144737588,1,"IOTHUB_CLIENT_CONFIRMATION_OK"
18158,10144737752,10144737789,1,"IOTHUB_CLIENT_CONFIRMATION_OK"
18159,10144737952,10144737986,1,"IOTHUB_CLIENT_CONFIRMATION_OK"
18160,10144738153,10144738192,1,"IOTHUB_CLIENT_CONFIRMATION_OK"
18161,10144738353,10144738394,1,"IOTHUB_CLIENT_CONFIRMATION_OK"
18162,10144738553,10144738588,1,"IOTHUB_CLIENT_CONFIRMATION_OK"
18163,10144738753,10144738811,1,"IOTHUB_CLIENT_CONFIRMATION_OK"
18164,10144738953,10144739151,1,"IOTHUB_CLIENT_CONFIRMATION_OK"
18165,10144739153,10144739186,1,"IOTHUB_CLIENT_CONFIRMATION_OK"
18166,10144739353,10144739386,1,"IOTHUB_CLIENT_CONFIRMATION_OK"
18167,10144739554,10144739592,1,"IOTHUB_CLIENT_CONFIRMATION_OK"
18168,10144739754,10144739795,1,"IOTHUB_CLIENT_CONFIRMATION_OK"
18169,10144739954,10144739984,1,"IOTHUB_CLIENT_CONFIRMATION_OK"
18170,10144740154,10144740187,1,"IOTHUB_CLIENT_CONFIRMATION_OK"
18171,10144740354,10144740389,1,"IOTHUB_CLIENT_CONFIRMATION_OK"
18172,10144740554,10144740609,1,"IOTHUB_CLIENT_CONFIRMATION_OK"
18173,10144740755,10144740787,1,"IOTHUB_CLIENT_CONFIRMATION_OK"
18174,10144740955,10144740991,1,"IOTHUB_CLIENT_CONFIRMATION_OK"
18175,10144741155,10144741199,1,"IOTHUB_CLIENT_CONFIRMATION_OK"
18176,10144741355,10144741390,1,"IOTHUB_CLIENT_CONFIRMATION_OK"
18177,10144741555,10144741588,1,"IOTHUB_CLIENT_CONFIRMATION_OK"
18178,10144741755,10144741808,1,"IOTHUB_CLIENT_CONFIRMATION_OK"
18179,10144741955,10144741993,1,"IOTHUB_CLIENT_CONFIRMATION_OK"
18180,10144742156,10144742204,1,"IOTHUB_CLIENT_CONFIRMATION_OK"
18181,10144742356,10144742407,1,"IOTHUB_CLIENT_CONFIRMATION_OK"
18182,10144742556,10144742588,1,"IOTHUB_CLIENT_CONFIRMATION_OK"
18183,10144742756,10144742824,1,"IOTHUB_CLIENT_CONFIRMATION_OK"
18184,10144742956,10144742985,1,"IOTHUB_CLIENT_CONFIRMATION_OK"
18185,10144743156,10144743193,1,"IOTHUB_CLIENT_CONFIRMATION_OK"
18186,10144743357,10144743438,1,"IOTHUB_CLIENT_CONFIRMATION_OK"
18187,10144743557,10144743595,1,"IOTHUB_CLIENT_CONFIRMATION_OK"
18188,10144743757,10144743791,1,"IOTHUB_CLIENT_CONFIRMATION_OK"
18189,10144743957,10144743989,1,"IOTHUB_CLIENT_CONFIRMATION_OK"
18190,10144744157,10144744187,1,"IOTHUB_CLIENT_CONFIRMATION_OK"
18191,10144744357,10144744458,1,"IOTHUB_CLIENT_CONFIRMATION_OK"
18192,10144744557,10144744588,1,"IOTHUB_CLIENT_CONFIRMATION_OK"
18193,10144744758,10144744791,1,"IOTHUB_CLIENT_CONFIRMATION_OK"
18194,10144744958,10144745063,1,"IOTHUB_CLIENT_CONFIRMATION_OK"
18195,10144745158,10144745188,1,"IOTHUB_CLIENT_CONFIRMATION_OK"
18196,10144745358,10144745388,1,"IOTHUB_CLIENT_CONFIRMATION_OK"
18197,10144745558,10144745651,1,"IOTHUB_CLIENT_CONFIRMATION_OK"
18198,10144745758,10144745790,1,"IOTHUB_CLIENT_CONFIRMATION_OK"
18199,10144745959,10144746085,1,"IOTHUB_CLIENT_CONFIRMATION_OK"
18200,10144746159,10144746198,1,"IOTHUB_CLIENT_CONFIRMATION_OK"
18201,10144746359,10144746419,1,"IOTHUB_CLIENT_CONFIRMATION_OK"
18202,10144746559,10144746603,1,"IOTHUB_CLIENT_CONFIRMATION_OK"
18203,10144746759,10144746806,1,"IOTHUB_CLIENT_CONFIRMATION_OK"
18204,10144746960,10144746992,1,"IOTHUB_CLIENT_CONFIRMATION_OK"
18205,10144747160,10144747188,1,"IOTHUB_CLIENT_CONFIRMATION_OK"
18206,10144747360,10144747391,1,"IOTHUB_CLIENT_CONFIRMATION_OK"
18207,10144747560,10144747723,1,"IOTHUB_CLIENT_CONFIRMATION_OK"
18208,10144747760,10144747791,1,"IOTHUB_CLIENT_CONFIRMATION_OK"
18209,10144747960,10144747992,1,"IOTHUB_CLIENT_CONFIRMATION_OK"
18210,10144748161,10144748195,1,"IOTHUB_CLIENT_CONFIRMATION_OK"
18211,10144748361,10144748390,1,"IOTHUB_CLIENT_CONFIRMATION_OK"
18212,10144748561,10144748600,1,"IOTHUB_CLIENT_CONFIRMATION_OK"
18213,10144748761,10144748800,1,"IOTHUB_CLIENT_CONFIRMATION_OK"
18214,10144748961,10144748996,1,"IOTHUB_CLIENT_CONFIRMATION_OK"
18215,10144749161,10144749353,1,"IOTHUB_CLIENT_CONFIRMATION_OK"
18216,10144749361,10144749396,1,"IOTHUB_CLIENT_CONFIRMATION_OK"
18217,10144749562,10144749593,1,"IOTHUB_CLIENT_CONFIRMATION_OK"
18218,10144749762,10144749802,1,"IOTHUB_CLIENT_CONFIRMATION_OK"
18219,10144749962,10144749994,1,"IOTHUB_CLIENT_CONFIRMATION_OK"
18220,10144750162,10144750257,1,"IOTHUB_CLIENT_CONFIRMATION_OK"
18221,10144750362,10144750393,1,"IOTHUB_CLIENT_CONFIRMATION_OK"
18222,10144750563,10144750607,1,"IOTHUB_CLIENT_CONFIRMATION_OK"
18223,10144750763,10144750796,1,"IOTHUB_CLIENT_CONFIRMATION_OK"
18224,10144750963,10144751028,1,"IOTHUB_CLIENT_CONFIRMATION_OK"
18225,10144751163,10144751196,1,"IOTHUB_CLIENT_CONFIRMATION_OK"
18226,10144751363,10144751393,1,"IOTHUB_CLIENT_CONFIRMATION_OK"
18227,10144751563,10144751596,1,"IOTHUB_CLIENT_CONFIRMATION_OK"
18228,10144751764,10144751795,1,"IOTHUB_CLIENT_CONFIRMATION_OK"
18229,10144751964,10144752009,1,"IOTHUB_CLIENT_CONFIRMATION_OK"
18230,10144752164,10144752195,1,"IOTHUB_CLIENT_CONFIRMATION_OK"
18231,10144752364,10144752416,1,"IOTHUB_CLIENT_CONFIRMATION_OK"
18232,10144752564,10144752595,1,"IOTHUB_CLIENT_CONFIRMATION_OK"
18233,10144752764,10144752796,1,"IOTHUB_CLIENT_CONFIRMATION_OK"
18234,10144752964,10144753001,1,"IOTHUB_CLIENT_CONFIRMATION_OK"
18235,10144753165,10144753206,1,"IOTHUB_CLIENT_CONFIRMATION_OK"
18236,10144753365,10144753399,1,"IOTHUB_CLIENT_CONFIRMATION_OK"
18237,10144753565,10144753612,1,"IOTHUB_CLIENT_CONFIRMATION_OK"
18238,10144753765,10144753798,1,"IOTHUB_CLIENT_CONFIRMATION_OK"
18239,10144753965,10144754013,1,"IOTHUB_CLIENT_CONFIRMATION_OK"
18240,10144754165,10144754196,1,"IOTHUB_CLIENT_CONFIRMATION_OK"
18241,10144754366,10144754397,1,"IOTHUB_CLIENT_CONFIRMATION_OK"
18242,10144754566,10144754639,1,"IOTHUB_CLIENT_CONFIRMATION_OK"
18243,10144754766,10144754796,1,"IOTHUB_CLIENT_CONFIRMATION_OK"
18244,10144754966,10144754994,1,"IOTHUB_CLIENT_CONFIRMATION_OK"
18245,10144755166,10144755257,1,"IOTHUB_CLIENT_CONFIRMATION_OK"
18246,10144755366,10144755395,1,"IOTHUB_CLIENT_CONFIRMATION_OK"
18247,10144755566,10144755631,1,"IOTHUB_CLIENT_CONFIRMATION_OK"
18248,10144755767,10144755799,1,"IOTHUB_CLIENT_CONFIRMATION_OK"
18249,10144755967,10144756007,1,"IOTHUB_CLIENT_CONFIRMATION_OK"
18250,10144756167,10144756243,1,"IOTHUB_CLIENT_CONFIRMATION_OK"
18251,10144756367,10144756435,1,"IOTHUB_CLIENT_CONFIRMATION_OK"
18252,10144756567,10144756599,1,"IOTHUB_CLIENT_CONFIRMATION_OK"
18253,10144756767,10144756868,1,"IOTHUB_CLIENT_CONFIRMATION_OK"
18254,10144756967,10144757000,1,"IOTHUB_CLIENT_CONFIRMATION_OK"
18255,10144757168,10144757253,1,"IOTHUB_CLIENT_CONFIRMATION_OK"
18256,10144757368,10144757400,1,"IOTHUB_CLIENT_CONFIRMATION_OK"
18257,10144757568,10144757602,1,"IOTHUB_CLIENT_CONFIRMATION_OK"
18258,10144757768,10144757874,1,"IOTHUB_CLIENT_CONFIRMATION_OK"
18259,10144757968,10144758000,1,"IOTHUB_CLIENT_CONFIRMATION_OK"
18260,10144758168,10144758202,1,"IOTHUB_CLIENT_CONFIRMATION_OK"
18261,10144758369,10144758404,1,"IOTHUB_CLIENT_CONFIRMATION_OK"
18262,10144758569,10144758611,1,"IOTHUB_CLIENT_CONFIRMATION_OK"
18263,10144758769,10144758809,1,"IOTHUB_CLIENT_CONFIRMATION_OK"
18264,10144758969,10144759003,1,"IOTHUB_CLIENT_CONFIRMATION_OK"
18265,10144759169,10144759203,1,"IOTHUB_CLIENT_CONFIRMATION_OK"
18266,10144759369,10144759503,1,"IOTHUB_CLIENT_CONFIRMATION_OK"
18267,10144759569,10144759605,1,"IOTHUB_CLIENT_CONFIRMATION_OK"
18268,10144759770,10144759802,1,"IOTHUB_CLIENT_CONFIRMATION_OK"
18269,10144759970,10144760007,1,"IOTHUB_CLIENT_CONFIRMATION_OK"
18270,10144760170,10144760198,1,"IOTHUB_CLIENT_CONFIRMATION_OK"
18271,10144760370,10144760403,1,"IOTHUB_CLIENT_CONFIRMATION_OK"
18272,10144760570,10144760601,1,"IOTHUB_CLIENT_CONFIRMATION_OK"
18273,10144760770,10144760805,1,"IOTHUB_CLIENT_CONFIRMATION_OK"
18274,10144760971,10144761157,1,"IOTHUB_CLIENT_CONFIRMATION_OK"
18275,10144761171,10144761205,1,"IOTHUB_CLIENT_CONFIRMATION_OK"
18276,10144761371,10144761402,1,"IOTHUB_CLIENT_CONFIRMATION_OK"
18277,10144761571,10144761615,1,"IOTHUB_CLIENT_CONFIRMATION_OK"
18278,10144761771,10144761805,1,"IOTHUB_CLIENT_CONFIRMATION_OK"
18279,10144761972,10144762010,1,"IOTHUB_CLIENT_CONFIRMATION_OK"
18280,10144762172,10144762209,1,"IOTHUB_CLIENT_CONFIRMATION_OK"
18281,10144762372,10144762434,1,"IOTHUB_CLIENT_CONFIRMATION_OK"
18282,10144762572,10144762607,1,"IOTHUB_CLIENT_CONFIRMATION_OK"
18283,10144762772,10144762804,1,"IOTHUB_CLIENT_CONFIRMATION_OK"
18284,10144762973,10144763005,1,"IOTHUB_CLIENT_CONFIRMATION_OK"
18285,10144763173,10144763208,1,"IOTHUB_CLIENT_CONFIRMATION_OK"
18286,10144763373,10144763405,1,"IOTHUB_CLIENT_CONFIRMATION_OK"
18287,10144763573,10144763603,1,"IOTHUB_CLIENT_CONFIRMATION_OK"
18288,10144763773,10144763815,1,"IOTHUB_CLIENT_CONFIRMATION_OK"
18289,10144763973,10144764018,1,"IOTHUB_CLIENT_CONFIRMATION_OK"
18290,10144764174,10144764210,1,"IOTHUB_CLIENT_CONFIRMATION_OK"
18291,10144764374,10144764404,1,"IOTHUB_CLIENT_CONFIRMATION_OK"
18292,10144764574,10144764606,1,"IOTHUB_CLIENT_CONFIRMATION_OK"
18293,10144764774,10144764827,1,"IOTHUB_CLIENT_CONFIRMATION_OK"
18294,10144764974,10144765020,1,"IOTHUB_CLIENT_CONFIRMATION_OK"
18295,10144765175,10144765209,1,"IOTHUB_CLIENT_CONFIRMATION_OK"
18296,10144765375,10144765467,1,"IOTHUB_CLIENT_CONFIRMATION_OK"
18297,10144765575,10144765620,1,"IOTHUB_CLIENT_CONFIRMATION_OK"
18298,10144765775,10144765869,1,"IOTHUB_CLIENT_CONFIRMATION_OK"
18299,10144765975,10144766022,1,"IOTHUB_CLIENT_CONFIRMATION_OK"
18300,10144766175,10144766292,1,"IOTHUB_CLIENT_CONFIRMATION_OK"
18301,10144766376,10144766512,1,"IOTHUB_CLIENT_CONFIRMATION_OK"
18302,10144766576,10144766607,1,"IOTHUB_CLIENT_CONFIRMATION_OK"
18303,10144766776,10144766806,1,"IOTHUB_CLIENT_CONFIRMATION_OK"
18304,10144766976,10144767010,1,"IOTHUB_CLIENT_CONFIRMATION_OK"
18305,10144767176,10144767210,1,"IOTHUB_CLIENT_CONFIRMATION_OK"
18306,10144767376,10144767530,1,"IOTHUB_CLIENT_CONFIRMATION_OK"
18307,10144767577,10144767608,1,"IOTHUB_CLIENT_CONFIRMATION_OK"
18308,10144767777,10144767809,1,"IOTHUB_CLIENT_CONFIRMATION_OK"
18309,10144767977,10144768010,1,"IOTHUB_CLIENT_CONFIRMATION_OK"
18310,10144768177,10144768210,1,"IOTHUB_CLIENT_CONFIRMATION_OK"
18311,10144768377,10144768423,1,"IOTHUB_CLIENT_CONFIRMATION_OK"
18312,10144768577,10144768618,1,"IOTHUB_CLIENT_CONFIRMATION_OK"
18313,10144768777,10144768806,1,"IOTHUB_CLIENT_CONFIRMATION_OK"
18314,10144768978,10144769174,1,"IOTHUB_CLIENT_CONFIRMATION_OK"
18315,10144769178,10144769212,1,"IOTHUB_CLIENT_CONFIRMATION_OK"
18316,10144769378,10144769410,1,"IOTHUB_CLIENT_CONFIRMATION_OK"
18317,10144769578,10144769611,1,"IOTHUB_CLIENT_CONFIRMATION_OK"
18318,10144769778,10144769822,1,"IOTHUB_CLIENT_CONFIRMATION_OK"
18319,10144769978,10144770007,1,"IOTHUB_CLIENT_CONFIRMATION_OK"
18320,10144770179,10144770213,1,"IOTHUB_CLIENT_CONFIRMATION_OK"
18321,10144770379,10144770407,1,"IOTHUB_CLIENT_CONFIRMATION_OK"
18322,10144770579,10144770609,1,"IOTHUB_CLIENT_CONFIRMATION_OK"
18323,10144770779,10144770914,1,"IOTHUB_CLIENT_CONFIRMATION_OK"
18324,10144770979,10144771026,1,"IOTHUB_CLIENT_CONFIRMATION_OK"
18325,10144771179,10144771325,1,"IOTHUB_CLIENT_CONFIRMATION_OK"
18326,10144771380,10144771413,1,"IOTHUB_CLIENT_CONFIRMATION_OK"
18327,10144771580,10144771615,1,"IOTHUB_CLIENT_CONFIRMATION_OK"
18328,10144771780,10144771810,1,"IOTHUB_CLIENT_CONFIRMATION_OK"
18329,10144771980,10144772018,1,"IOTHUB_CLIENT_CONFIRMATION_OK"
18330,10144772180,10144772352,1,"IOTHUB_CLIENT_CONFIRMATION_OK"
18331,10144772380,10144772412,1,"IOTHUB_CLIENT_CONFIRMATION_OK"
18332,10144772580,10144772610,1,"IOTHUB_CLIENT_CONFIRMATION_OK"
18333,10144772781,10144772824,1,"IOTHUB_CLIENT_CONFIRMATION_OK"
18334,10144772981,10144773010,1,"IOTHUB_CLIENT_CONFIRMATION_OK"
18335,10144773181,10144773214,1,"IOTHUB_CLIENT_CONFIRMATION_OK"
18336,10144773381,10144773424,1,"IOTHUB_CLIENT_CONFIRMATION_OK"
18337,10144773581,10144773615,1,"IOTHUB_CLIENT_CONFIRMATION_OK"
18338,10144773782,10144773811,1,"IOTHUB_CLIENT_CONFIRMATION_OK"
18339,10144773982,10144774025,1,"IOTHUB_CLIENT_CONFIRMATION_OK"
18340,10144774182,10144774213,1,"IOTHUB_CLIENT_CONFIRMATION_OK"
18341,10144774382,10144774432,1,"IOTHUB_CLIENT_CONFIRMATION_OK"
18342,10144774582,10144774615,1,"IOTHUB_CLIENT_CONFIRMATION_OK"
18343,10144774782,10144774814,1,"IOTHUB_CLIENT_CONFIRMATION_OK"
18344,10144774982,10144775022,1,"IOTHUB_CLIENT_CONFIRMATION_OK"
18345,10144775183,10144775213,1,"IOTHUB_CLIENT_CONFIRMATION_OK"
18346,10144775383,10144775423,1,"IOTHUB_CLIENT_CONFIRMATION_OK"
18347,10144775583,10144775616,1,"IOTHUB_CLIENT_CONFIRMATION_OK"
18348,10144775783,10144775817,1,"IOTHUB_CLIENT_CONFIRMATION_OK"
18349,10144775983,10144776083,1,"IOTHUB_CLIENT_CONFIRMATION_OK"
18350,10144776183,10144776214,1,"IOTHUB_CLIENT_CONFIRMATION_OK"
18351,10144776384,10144776435,1,"IOTHUB_CLIENT_CONFIRMATION_OK"
18352,10144776584,10144776644,1,"IOTHUB_CLIENT_CONFIRMATION_OK"
18353,10144776784,10144776814,1,"IOTHUB_CLIENT_CONFIRMATION_OK"
18354,10144776984,10144777040,1,"IOTHUB_CLIENT_CONFIRMATION_OK"
18355,10144777184,10144777214,1,"IOTHUB_CLIENT_CONFIRMATION_OK"
18356,10144777384,10144777441,1,"IOTHUB_CLIENT_CONFIRMATION_OK"
18357,10144777585,10144777665,1,"IOTHUB_CLIENT_CONFIRMATION_OK"
18358,10144777785,10144777819,1,"IOTHUB_CLIENT_CONFIRMATION_OK"
18359,10144777985,10144778014,1,"IOTHUB_CLIENT_CONFIRMATION_OK"
18360,10144778185,10144778289,1,"IOTHUB_CLIENT_CONFIRMATION_OK"
18361,10144778385,10144778418,1,"IOTHUB_CLIENT_CONFIRMATION_OK"
18362,10144778585,10144778624,1,"IOTHUB_CLIENT_CONFIRMATION_OK"
18363,10144778785,10144778825,1,"IOTHUB_CLIENT_CONFIRMATION_OK"
18364,10144778986,10144779019,1,"IOTHUB_CLIENT_CONFIRMATION_OK"
18365,10144779186,10144779217,1,"IOTHUB_CLIENT_CONFIRMATION_OK"
18366,10144779386,10144779502,1,"IOTHUB_CLIENT_CONFIRMATION_OK"
18367,10144779586,10144779616,1,"IOTHUB_CLIENT_CONFIRMATION_OK"
18368,10144779786,10144779921,1,"IOTHUB_CLIENT_CONFIRMATION_OK"
18369,10144779986,10144780034,1,"IOTHUB_CLIENT_CONFIRMATION_OK"
18370,10144780186,10144780220,1,"IOTHUB_CLIENT_CONFIRMATION_OK"
18371,10144780387,10144780417,1,"IOTHUB_CLIENT_CONFIRMATION_OK"
18372,10144780587,10144780619,1,"IOTHUB_CLIENT_CONFIRMATION_OK"
18373,10144780787,10144780953,1,"IOTHUB_CLIENT_CONFIRMATION_OK"
18374,10144780987,10144781039,1,"IOTHUB_CLIENT_CONFIRMATION_OK"
18375,10144781187,10144781220,1,"IOTHUB_CLIENT_CONFIRMATION_OK"
18376,10144781387,10144781429,1,"IOTHUB_CLIENT_CONFIRMATION_OK"
18377,10144781588,10144781622,1,"IOTHUB_CLIENT_CONFIRMATION_OK"
18378,10144781788,10144781834,1,"IOTHUB_CLIENT_CONFIRMATION_OK"
18379,10144781988,10144782103,1,"IOTHUB_CLIENT_CONFIRMATION_OK"
18380,10144782188,10144782217,1,"IOTHUB_CLIENT_CONFIRMATION_OK"
18381,10144782388,10144782579,1,"IOTHUB_CLIENT_CONFIRMATION_OK"
18382,10144782589,10144782621,1,"IOTHUB_CLIENT_CONFIRMATION_OK"
18383,10144782789,10144782833,1,"IOTHUB_CLIENT_CONFIRMATION_OK"
18384,10144782989,10144783021,1,"IOTHUB_CLIENT_CONFIRMATION_OK"
18385,10144783189,10144783229,1,"IOTHUB_CLIENT_CONFIRMATION_OK"
18386,10144783389,10144783429,1,"IOTHUB_CLIENT_CONFIRMATION_OK"
18387,10144783589,10144783638,1,"IOTHUB_CLIENT_CONFIRMATION_OK"
18388,10144783790,10144783819,1,"IOTHUB_CLIENT_CONFIRMATION_OK"
18389,10144783990,10144784024,1,"IOTHUB_CLIENT_CONFIRMATION_OK"
18390,10144784190,10144784224,1,"IOTHUB_CLIENT_CONFIRMATION_OK"
18391,10144784390,10144784421,1,"IOTHUB_CLIENT_CONFIRMATION_OK"
18392,10144784590,10144784624,1,"IOTHUB_CLIENT_CONFIRMATION_OK"
18393,10144784790,10144784823,1,"IOTHUB_CLIENT_CONFIRMATION_OK"
18394,10144784990,10144785022,1,"IOTHUB_CLIENT_CONFIRMATION_OK"
18395,10144785191,10144785238,1,"IOTHUB_CLIENT_CONFIRMATION_OK"
18396,10144785391,10144785420,1,"IOTHUB_CLIENT_CONFIRMATION_OK"
18397,10144785591,10144785629,1,"IOTHUB_CLIENT_CONFIRMATION_OK"
18398,10144785791,10144785847,1,"IOTHUB_CLIENT_CONFIRMATION_OK"
18399,10144785991,10144786022,1,"IOTHUB_CLIENT_CONFIRMATION_OK"
18400,10144786191,10144786256,1,"IOTHUB_CLIENT_CONFIRMATION_OK"
18401,10144786391,10144786428,1,"IOTHUB_CLIENT_CONFIRMATION_OK"
18402,10144786592,10144786633,1,"IOTHUB_CLIENT_CONFIRMATION_OK"
18403,10144786792,10144786882,1,"IOTHUB_CLIENT_CONFIRMATION_OK"
18404,10144786992,10144787038,1,"IOTHUB_CLIENT_CONFIRMATION_OK"
18405,10144787192,10144787257,1,"IOTHUB_CLIENT_CONFIRMATION_OK"
18406,10144787392,10144787426,1,"IOTHUB_CLIENT_CONFIRMATION_OK"
18407,10144787592,10144787623,1,"IOTHUB_CLIENT_CONFIRMATION_OK"
18408,10144787792,10144787874,1,"IOTHUB_CLIENT_CONFIRMATION_OK"
18409,10144787993,10144788026,1,"IOTHUB_CLIENT_CONFIRMATION_OK"
18410,10144788193,10144788229,1,"IOTHUB_CLIENT_CONFIRMATION_OK"
18411,10144788393,10144788491,1,"IOTHUB_CLIENT_CONFIRMATION_OK"
18412,10144788593,10144788656,1,"IOTHUB_CLIENT_CONFIRMATION_OK"
18413,10144788793,10144788825,1,"IOTHUB_CLIENT_CONFIRMATION_OK"
18414,10144788993,10144789025,1,"IOTHUB_CLIENT_CONFIRMATION_OK"
18415,10144789193,10144789236,1,"IOTHUB_CLIENT_CONFIRMATION_OK"
18416,10144789394,10144789526,1,"IOTHUB_CLIENT_CONFIRMATION_OK"
18417,10144789594,10144789622,1,"IOTHUB_CLIENT_CONFIRMATION_OK"
18418,10144789794,10144789828,1,"IOTHUB_CLIENT_CONFIRMATION_OK"
18419,10144789994,10144790033,1,"IOTHUB_CLIENT_CONFIRMATION_OK"
18420,10144790194,10144790229,1,"IOTHUB_CLIENT_CONFIRMATION_OK"
18421,10144790394,10144790429,1,"IOTHUB_CLIENT_CONFIRMATION_OK"
18422,10144790594,10144790661,1,"IOTHUB_CLIENT_CONFIRMATION_OK"
18423,10144790795,10144790835,1,"IOTHUB_CLIENT_CONFIRMATION_OK"
18424,10144790995,10144791140,1,"IOTHUB_CLIENT_CONFIRMATION_OK"
18425,10144791195,10144791232,1,"IOTHUB_CLIENT_CONFIRMATION_OK"
18426,10144791395,10144791425,1,"IOTHUB_CLIENT_CONFIRMATION_OK"
18427,10144791595,10144791643,1,"IOTHUB_CLIENT_CONFIRMATION_OK"
18428,10144791795,10144791826,1,"IOTHUB_CLIENT_CONFIRMATION_OK"
18429,10144791995,10144792024,1,"IOTHUB_CLIENT_CONFIRMATION_OK"
18430,10144792196,10144792225,1,"IOTHUB_CLIENT_CONFIRMATION_OK"
18431,10144792396,10144792434,1,"IOTHUB_CLIENT_CONFIRMATION_OK"
18432,10144792596,10144792791,1,"IOTHUB_CLIENT_CONFIRMATION_OK"
18433,10144792796,10144792908,1,"IOTHUB_CLIENT_CONFIRMATION_OK"
18434,10144792996,10144793046,1,"IOTHUB_CLIENT_CONFIRMATION_OK"
18435,10144793196,10144793244,1,"IOTHUB_CLIENT_CONFIRMATION_OK"
18436,10144793396,10144793435,1,"IOTHUB_CLIENT_CONFIRMATION_OK"
18437,10144793597,10144793626,1,"IOTHUB_CLIENT_CONFIRMATION_OK"
18438,10144793797,10144793842,1,"IOTHUB_CLIENT_CONFIRMATION_OK"
18439,10144793997,10144794034,1,"IOTHUB_CLIENT_CONFIRMATION_OK"
18440,10144794197,10144794230,1,"IOTHUB_CLIENT_CONFIRMATION_OK"
18441,10144794397,10144794431,1,"IOTHUB_CLIENT_CONFIRMATION_OK"
18442,10144794597,10144794629,1,"IOTHUB_CLIENT_CONFIRMATION_OK"
18443,10144794797,10144794837,1,"IOTHUB_CLIENT_CONFIRMATION_OK"
18444,10144794998,10144795030,1,"IOTHUB_CLIENT_CONFIRMATION_OK"
18445,10144795198,10144795227,1,"IOTHUB_CLIENT_CONFIRMATION_OK"
18446,10144795398,10144795440,1,"IOTHUB_CLIENT_CONFIRMATION_OK"
18447,10144795598,10144795632,1,"IOTHUB_CLIENT_CONFIRMATION_OK"
18448,10144795798,10144795831,1,"IOTHUB_CLIENT_CONFIRMATION_OK"
18449,10144795999,10144796028,1,"IOTHUB_CLIENT_CONFIRMATION_OK"
18450,10144796199,10144796244,1,"IOTHUB_CLIENT_CONFIRMATION_OK"
18451,10144796399,10144796463,1,"IOTHUB_CLIENT_CONFIRMATION_OK"
18452,10144796599,10144796627,1,"IOTHUB_CLIENT_CONFIRMATION_OK"
18453,10144796799,10144796842,1,"IOTHUB_CLIENT_CONFIRMATION_OK"
18454,10144796999,10144797078,1,"IOTHUB_CLIENT_CONFIRMATION_OK"
18455,10144797200,10144797273,1,"IOTHUB_CLIENT_CONFIRMATION_OK"
18456,10144797400,10144797509,1,"IOTHUB_CLIENT_CONFIRMATION_OK"
18457,10144797600,10144797654,1,"IOTHUB_CLIENT_CONFIRMATION_OK"
18458,10144797800,10144797829,1,"IOTHUB_CLIENT_CONFIRMATION_OK"
18459,10144798000,10144798117,1,"IOTHUB_CLIENT_CONFIRMATION_OK"
18460,10144798201,10144798230,1,"IOTHUB_CLIENT_CONFIRMATION_OK"
18461,10144798401,10144798430,1,"IOTHUB_CLIENT_CONFIRMATION_OK"
18462,10144798601,10144798641,1,"IOTHUB_CLIENT_CONFIRMATION_OK"
18463,10144798801,10144798829,1,"IOTHUB_CLIENT_CONFIRMATION_OK"
18464,10144799001,10144799143,1,"IOTHUB_CLIENT_CONFIRMATION_OK"
18465,10144799201,10144799236,1,"IOTHUB_CLIENT_CONFIRMATION_OK"
18466,10144799401,10144799431,1,"IOTHUB_CLIENT_CONFIRMATION_OK"
18467,10144799602,10144799630,1,"IOTHUB_CLIENT_CONFIRMATION_OK"
18468,10144799802,10144799838,1,"IOTHUB_CLIENT_CONFIRMATION_OK"
18469,10144800002,10144800031,1,"IOTHUB_CLIENT_CONFIRMATION_OK"
18470,10144800202,10144800243,1,"IOTHUB_CLIENT_CONFIRMATION_OK"
18471,10144800402,10144800455,1,"IOTHUB_CLIENT_CONFIRMATION_OK"
18472,10144800602,10144800808,1,"IOTHUB_CLIENT_CONFIRMATION_OK"
18473,10144800803,10144800857,1,"IOTHUB_CLIENT_CONFIRMATION_OK"
18474,10144801003,10144801073,1,"IOTHUB_CLIENT_CONFIRMATION_OK"
18475,10144801203,10144801321,1,"IOTHUB_CLIENT_CONFIRMATION_OK"
18476,10144801403,10144801434,1,"IOTHUB_CLIENT_CONFIRMATION_OK"
18477,10144801603,10144801637,1,"IOTHUB_CLIENT_CONFIRMATION_OK"
18478,10144801803,10144801839,1,"IOTHUB_CLIENT_CONFIRMATION_OK"
18479,10144802003,10144802058,1,"IOTHUB_CLIENT_CONFIRMATION_OK"
18480,10144802204,10144802316,1,"IOTHUB_CLIENT_CONFIRMATION_OK"
18481,10144802404,10144802439,1,"IOTHUB_CLIENT_CONFIRMATION_OK"
18482,10144802604,10144802644,1,"IOTHUB_CLIENT_CONFIRMATION_OK"
18483,10144802804,10144802944,1,"IOTHUB_CLIENT_CONFIRMATION_OK"
18484,10144803004,10144803032,1,"IOTHUB_CLIENT_CONFIRMATION_OK"
18485,10144803204,10144803236,1,"IOTHUB_CLIENT_CONFIRMATION_OK"
18486,10144803405,10144803456,1,"IOTHUB_CLIENT_CONFIRMATION_OK"
18487,10144803605,10144803633,1,"IOTHUB_CLIENT_CONFIRMATION_OK"
18488,10144803805,10144803876,1,"IOTHUB_CLIENT_CONFIRMATION_OK"
18489,10144804005,10144804077,1,"IOTHUB_CLIENT_CONFIRMATION_OK"
18490,10144804205,10144804235,1,"IOTHUB_CLIENT_CONFIRMATION_OK"
18491,10144804405,10144804592,1,"IOTHUB_CLIENT_CONFIRMATION_OK"
18492,10144804605,10144804642,1,"IOTHUB_CLIENT_CONFIRMATION_OK"
18493,10144804806,10144804844,1,"IOTHUB_CLIENT_CONFIRMATION_OK"
18494,10144805006,10144805042,1,"IOTHUB_CLIENT_CONFIRMATION_OK"
18495,10144805206,10144805240,1,"IOTHUB_CLIENT_CONFIRMATION_OK"
18496,10144805406,10144805436,1,"IOTHUB_CLIENT_CONFIRMATION_OK"
18497,10144805606,10144805646,1,"IOTHUB_CLIENT_CONFIRMATION_OK"
18498,10144805806,10144805838,1,"IOTHUB_CLIENT_CONFIRMATION_OK"
18499,10144806007,10144806051,1,"IOTHUB_CLIENT_CONFIRMATION_OK"
18500,10144806207,10144806238,1,"IOTHUB_CLIENT_CONFIRMATION_OK"
18501,10144806407,10144806527,1,"IOTHUB_CLIENT_CONFIRMATION_OK"
18502,10144806607,10144806734,1,"IOTHUB_CLIENT_CONFIRMATION_OK"
18503,10144806807,10144806852,1,"IOTHUB_CLIENT_CONFIRMATION_OK"
18504,10144807007,10144807038,1,"IOTHUB_CLIENT_CONFIRMATION_OK"
18505,10144807207,10144807238,1,"IOTHUB_CLIENT_CONFIRMATION_OK"
18506,10144807408,10144807439,1,"IOTHUB_CLIENT_CONFIRMATION_OK"
18507,10144807608,10144807769,1,"IOTHUB_CLIENT_CONFIRMATION_OK"
18508,10144807808,10144807837,1,"IOTHUB_CLIENT_CONFIRMATION_OK"
18509,10144808008,10144808039,1,"IOTHUB_CLIENT_CONFIRMATION_OK"
18510,10144808208,10144808241,1,"IOTHUB_CLIENT_CONFIRMATION_OK"
18511,10144808408,10144808452,1,"IOTHUB_CLIENT_CONFIRMATION_OK"
18512,10144808609,10144808647,1,"IOTHUB_CLIENT_CONFIRMATION_OK"
18513,10144808809,10144808851,1,"IOTHUB_CLIENT_CONFIRMATION_OK"
18514,10144809009,10144809065,1,"IOTHUB_CLIENT_CONFIRMATION_OK"
18515,10144809209,10144809243,1,"IOTHUB_CLIENT_CONFIRMATION_OK"
18516,10144809409,10144809441,1,"IOTHUB_CLIENT_CONFIRMATION_OK"
18517,10144809609,10144809663,1,"IOTHUB_CLIENT_CONFIRMATION_OK"
18518,10144809810,10144809839,1,"IOTHUB_CLIENT_CONFIRMATION_OK"
18519,10144810010,10144810041,1,"IOTHUB_CLIENT_CONFIRMATION_OK"
18520,10144810210,10144810244,1,"IOTHUB_CLIENT_CONFIRMATION_OK"
18521,10144810410,10144810446,1,"IOTHUB_CLIENT_CONFIRMATION_OK"
18522,10144810610,10144810657,1,"IOTHUB_CLIENT_CONFIRMATION_OK"
18523,10144810810,10144810858,1,"IOTHUB_CLIENT_CONFIRMATION_OK"
18524,10144811010,10144811080,1,"IOTHUB_CLIENT_CONFIRMATION_OK"
18525,10144811211,10144811887,1,"IOTHUB_CLIENT_CONFIRMATION_OK"
18526,10144811411,10144811904,1,"IOTHUB_CLIENT_CONFIRMATION_OK"
18527,10144811611,10144811923,1,"IOTHUB_CLIENT_CONFIRMATION_OK"
18528,10144811811,10144811974,1,"IOTHUB_CLIENT_CONFIRMATION_OK"
18529,10144812011,10144812080,1,"IOTHUB_CLIENT_CONFIRMATION_OK"
18530,10144812211,10144812242,1,"IOTHUB_CLIENT_CONFIRMATION_OK"
18531,10144812412,10144812480,1,"IOTHUB_CLIENT_CONFIRMATION_OK"
18532,10144812612,10144812643,1,"IOTHUB_CLIENT_CONFIRMATION_OK"
18533,10144812812,10144812841,1,"IOTHUB_CLIENT_CONFIRMATION_OK"
18534,10144813012,10144813100,1,"IOTHUB_CLIENT_CONFIRMATION_OK"
18535,10144813212,10144813242,1,"IOTHUB_CLIENT_CONFIRMATION_OK"
18536,10144813412,10144813443,1,"IOTHUB_CLIENT_CONFIRMATION_OK"
18537,10144813612,10144813644,1,"IOTHUB_CLIENT_CONFIRMATION_OK"
18538,10144813813,10144813846,1,"IOTHUB_CLIENT_CONFIRMATION_OK"
18539,10144814013,10144814144,1,"IOTHUB_CLIENT_CONFIRMATION_OK"
18540,10144814213,10144814247,1,"IOTHUB_CLIENT_CONFIRMATION_OK"
18541,10144814413,10144814448,1,"IOTHUB_CLIENT_CONFIRMATION_OK"
18542,10144814613,10144814758,1,"IOTHUB_CLIENT_CONFIRMATION_OK"
18543,10144814813,10144814846,1,"IOTHUB_CLIENT_CONFIRMATION_OK"
18544,10144815014,10144815043,1,"IOTHUB_CLIENT_CONFIRMATION_OK"
18545,10144815214,10144815270,1,"IOTHUB_CLIENT_CONFIRMATION_OK"
18546,10144815414,10144815447,1,"IOTHUB_CLIENT_CONFIRMATION_OK"
18547,10144815614,10144815779,1,"IOTHUB_CLIENT_CONFIRMATION_OK"
18548,10144815814,10144815851,1,"IOTHUB_CLIENT_CONFIRMATION_OK"
18549,10144816015,10144816044,1,"IOTHUB_CLIENT_CONFIRMATION_OK"
18550,10144816215,10144816244,1,"IOTHUB_CLIENT_CONFIRMATION_OK"
18551,10144816415,10144816456,1,"IOTHUB_CLIENT_CONFIRMATION_OK"
18552,10144816615,10144816649,1,"IOTHUB_CLIENT_CONFIRMATION_OK"
18553,10144816815,10144816848,1,"IOTHUB_CLIENT_CONFIRMATION_OK"
18554,10144817015,10144817058,1,"IOTHUB_CLIENT_CONFIRMATION_OK"
18555,10144817216,10144817247,1,"IOTHUB_CLIENT_CONFIRMATION_OK"
18556,10144817416,10144817476,1,"IOTHUB_CLIENT_CONFIRMATION_OK"
18557,10144817616,10144817656,1,"IOTHUB_CLIENT_CONFIRMATION_OK"
18558,10144817816,10144817862,1,"IOTHUB_CLIENT_CONFIRMATION_OK"
18559,10144818016,10144818059,1,"IOTHUB_CLIENT_CONFIRMATION_OK"
18560,10144818216,10144818255,1,"IOTHUB_CLIENT_CONFIRMATION_OK"
18561,10144818417,10144818482,1,"IOTHUB_CLIENT_CONFIRMATION_OK"
18562,10144818617,10144818664,1,"IOTHUB_CLIENT_CONFIRMATION_OK"
18563,10144818817,10144818845,1,"IOTHUB_CLIENT_CONFIRMATION_OK"
18564,10144819017,10144819049,1,"IOTHUB_CLIENT_CONFIRMATION_OK"
18565,10144819217,10144819249,1,"IOTHUB_CLIENT_CONFIRMATION_OK"
18566,10144819417,10144819510,1,"IOTHUB_CLIENT_CONFIRMATION_OK"
18567,10144819617,10144819648,1,"IOTHUB_CLIENT_CONFIRMATION_OK"
18568,10144819818,10144819858,1,"IOTHUB_CLIENT_CONFIRMATION_OK"
18569,10144820018,10144820143,1,"IOTHUB_CLIENT_CONFIRMATION_OK"
18570,10144820218,10144820247,1,"IOTHUB_CLIENT_CONFIRMATION_OK"
18571,10144820418,10144820458,1,"IOTHUB_CLIENT_CONFIRMATION_OK"
18572,10144820618,10144820649,1,"IOTHUB_CLIENT_CONFIRMATION_OK"
18573,10144820818,10144820851,1,"IOTHUB_CLIENT_CONFIRMATION_OK"
18574,10144821019,10144821138,1,"IOTHUB_CLIENT_CONFIRMATION_OK"
18575,10144821219,10144821292,1,"IOTHUB_CLIENT_CONFIRMATION_OK"
18576,10144821419,10144821495,1,"IOTHUB_CLIENT_CONFIRMATION_OK"
18577,10144821619,10144821652,1,"IOTHUB_CLIENT_CONFIRMATION_OK"
18578,10144821819,10144821849,1,"IOTHUB_CLIENT_CONFIRMATION_OK"
18579,10144822019,10144822054,1,"IOTHUB_CLIENT_CONFIRMATION_OK"
18580,10144822219,10144822247,1,"IOTHUB_CLIENT_CONFIRMATION_OK"
18581,10144822420,10144822454,1,"IOTHUB_CLIENT_CONFIRMATION_OK"
18582,10144822620,10144822786,1,"IOTHUB_CLIENT_CONFIRMATION_OK"
18583,10144822820,10144822856,1,"IOTHUB_CLIENT_CONFIRMATION_OK"
18584,10144823020,10144823065,1,"IOTHUB_CLIENT_CONFIRMATION_OK"
18585,10144823220,10144823275,1,"IOTHUB_CLIENT_CONFIRMATION_OK"
18586,10144823420,10144823456,1,"IOTHUB_CLIENT_CONFIRMATION_OK"
18587,10144823621,10144823652,1,"IOTHUB_CLIENT_CONFIRMATION_OK"
18588,10144823821,10144823850,1,"IOTHUB_CLIENT_CONFIRMATION_OK"
18589,10144824021,10144824054,1,"IOTHUB_CLIENT_CONFIRMATION_OK"
18590,10144824221,10144824402,1,"IOTHUB_CLIENT_CONFIRMATION_OK"
18591,10144824421,10144824453,1,"IOTHUB_CLIENT_CONFIRMATION_OK"
18592,10144824621,10144824651,1,"IOTHUB_CLIENT_CONFIRMATION_OK"
18593,10144824821,10144824852,1,"IOTHUB_CLIENT_CONFIRMATION_OK"
18594,10144825022,10144825053,1,"IOTHUB_CLIENT_CONFIRMATION_OK"
18595,10144825222,10144825275,1,"IOTHUB_CLIENT_CONFIRMATION_OK"
18596,10144825422,10144825455,1,"IOTHUB_CLIENT_CONFIRMATION_OK"
18597,10144825622,10144825651,1,"IOTHUB_CLIENT_CONFIRMATION_OK"
18598,10144825822,10144825854,1,"IOTHUB_CLIENT_CONFIRMATION_OK"
18599,10144826022,10144826054,1,"IOTHUB_CLIENT_CONFIRMATION_OK"
18600,10144826223,10144826252,1,"IOTHUB_CLIENT_CONFIRMATION_OK"
18601,10144826423,10144826525,1,"IOTHUB_CLIENT_CONFIRMATION_OK"
18602,10144826623,10144826655,1,"IOTHUB_CLIENT_CONFIRMATION_OK"
18603,10144826823,10144826856,1,"IOTHUB_CLIENT_CONFIRMATION_OK"
18604,10144827023,10144827109,1,"IOTHUB_CLIENT_CONFIRMATION_OK"
18605,10144827223,10144827263,1,"IOTHUB_CLIENT_CONFIRMATION_OK"
18606,10144827423,10144827513,1,"IOTHUB_CLIENT_CONFIRMATION_OK"
18607,10144827624,10144827661,1,"IOTHUB_CLIENT_CONFIRMATION_OK"
18608,10144827824,10144827854,1,"IOTHUB_CLIENT_CONFIRMATION_OK"
18609,10144828024,10144828127,1,"IOTHUB_CLIENT_CONFIRMATION_OK"
18610,10144828224,10144828564,1,"IOTHUB_CLIENT_CONFIRMATION_OK"
18611,10144828424,10144829014,1,"IOTHUB_CLIENT_CONFIRMATION_OK"
18612,10144828624,10144829091,1,"IOTHUB_CLIENT_CONFIRMATION_OK"
18613,10144828825,10144829139,1,"IOTHUB_CLIENT_CONFIRMATION_OK"
18614,10144829025,10144829184,1,"IOTHUB_CLIENT_CONFIRMATION_OK"
18615,10144829225,10144829254,1,"IOTHUB_CLIENT_CONFIRMATION_OK"
18616,10144829425,10144829456,1,"IOTHUB_CLIENT_CONFIRMATION_OK"
18617,10144829625,10144829761,1,"IOTHUB_CLIENT_CONFIRMATION_OK"
18618,10144829825,10144829857,1,"IOTHUB_CLIENT_CONFIRMATION_OK"
18619,10144830025,10144830054,1,"IOTHUB_CLIENT_CONFIRMATION_OK"
18620,10144830226,10144830258,1,"IOTHUB_CLIENT_CONFIRMATION_OK"
18621,10144830426,10144830461,1,"IOTHUB_CLIENT_CONFIRMATION_OK"
18622,10144830626,10144830765,1,"IOTHUB_CLIENT_CONFIRMATION_OK"
18623,10144830826,10144830857,1,"IOTHUB_CLIENT_CONFIRMATION_OK"
18624,10144831026,10144831064,1,"IOTHUB_CLIENT_CONFIRMATION_OK"
18625,10144831226,10144831258,1,"IOTHUB_CLIENT_CONFIRMATION_OK"
18626,10144831427,10144831458,1,"IOTHUB_CLIENT_CONFIRMATION_OK"
18627,10144831627,10144831680,1,"IOTHUB_CLIENT_CONFIRMATION_OK"
18628,10144831827,10144831870,1,"IOTHUB_CLIENT_CONFIRMATION_OK"
18629,10144832027,10144832056,1,"IOTHUB_CLIENT_CONFIRMATION_OK"
18630,10144832227,10144832261,1,"IOTHUB_CLIENT_CONFIRMATION_OK"
18631,10144832427,10144832485,1,"IOTHUB_CLIENT_CONFIRMATION_OK"
18632,10144832627,10144832664,1,"IOTHUB_CLIENT_CONFIRMATION_OK"
18633,10144832828,10144832867,1,"IOTHUB_CLIENT_CONFIRMATION_OK"
18634,10144833028,10144833060,1,"IOTHUB_CLIENT_CONFIRMATION_OK"
18635,10144833228,10144833260,1,"IOTHUB_CLIENT_CONFIRMATION_OK"
18636,10144833428,10144833470,1,"IOTHUB_CLIENT_CONFIRMATION_OK"
18637,10144833628,10144833668,1,"IOTHUB_CLIENT_CONFIRMATION_OK"
18638,10144833828,10144833862,1,"IOTHUB_CLIENT_CONFIRMATION_OK"
18639,10144834029,10144834060,1,"IOTHUB_CLIENT_CONFIRMATION_OK"
18640,10144834229,10144834258,1,"IOTHUB_CLIENT_CONFIRMATION_OK"
18641,10144834429,10144834493,1,"IOTHUB_CLIENT_CONFIRMATION_OK"
18642,10144834629,10144834660,1,"IOTHUB_CLIENT_CONFIRMATION_OK"
18643,10144834829,10144834862,1,"IOTHUB_CLIENT_CONFIRMATION_OK"
18644,10144835029,10144835134,1,"IOTHUB_CLIENT_CONFIRMATION_OK"
18645,10144835229,10144835257,1,"IOTHUB_CLIENT_CONFIRMATION_OK"
18646,10144835430,10144835464,1,"IOTHUB_CLIENT_CONFIRMATION_OK"
18647,10144835630,10144835665,1,"IOTHUB_CLIENT_CONFIRMATION_OK"
18648,10144835830,10144835863,1,"IOTHUB_CLIENT_CONFIRMATION_OK"
18649,10144836030,10144836107,1,"IOTHUB_CLIENT_CONFIRMATION_OK"
18650,10144836230,10144836259,1,"IOTHUB_CLIENT_CONFIRMATION_OK"
18651,10144836430,10144836460,1,"IOTHUB_CLIENT_CONFIRMATION_OK"
18652,10144836630,10144836728,1,"IOTHUB_CLIENT_CONFIRMATION_OK"
18653,10144836831,10144836863,1,"IOTHUB_CLIENT_CONFIRMATION_OK"
18654,10144837031,10144837062,1,"IOTHUB_CLIENT_CONFIRMATION_OK"
18655,10144837231,10144837280,1,"IOTHUB_CLIENT_CONFIRMATION_OK"
18656,10144837431,10144837463,1,"IOTHUB_CLIENT_CONFIRMATION_OK"
18657,10144837631,10144837731,1,"IOTHUB_CLIENT_CONFIRMATION_OK"
18658,10144837831,10144837862,1,"IOTHUB_CLIENT_CONFIRMATION_OK"
18659,10144838032,10144838072,1,"IOTHUB_CLIENT_CONFIRMATION_OK"
18660,10144838232,10144838341,1,"IOTHUB_CLIENT_CONFIRMATION_OK"
18661,10144838432,10144838479,1,"IOTHUB_CLIENT_CONFIRMATION_OK"
18662,10144838632,10144838663,1,"IOTHUB_CLIENT_CONFIRMATION_OK"
18663,10144838832,10144838875,1,"IOTHUB_CLIENT_CONFIRMATION_OK"
18664,10144839032,10144839069,1,"IOTHUB_CLIENT_CONFIRMATION_OK"
18665,10144839232,10144839363,1,"IOTHUB_CLIENT_CONFIRMATION_OK"
18666,10144839433,10144839465,1,"IOTHUB_CLIENT_CONFIRMATION_OK"
18667,10144839633,10144839665,1,"IOTHUB_CLIENT_CONFIRMATION_OK"
18668,10144839833,10144839861,1,"IOTHUB_CLIENT_CONFIRMATION_OK"
18669,10144840033,10144840073,1,"IOTHUB_CLIENT_CONFIRMATION_OK"
18670,10144840233,10144840276,1,"IOTHUB_CLIENT_CONFIRMATION_OK"
18671,10144840433,10144840465,1,"IOTHUB_CLIENT_CONFIRMATION_OK"
18672,10144840634,10144840706,1,"IOTHUB_CLIENT_CONFIRMATION_OK"
18673,10144840834,10144840985,1,"IOTHUB_CLIENT_CONFIRMATION_OK"
18674,10144841034,10144841171,1,"IOTHUB_CLIENT_CONFIRMATION_OK"
18675,10144841234,10144841276,1,"IOTHUB_CLIENT_CONFIRMATION_OK"
18676,10144841434,10144841464,1,"IOTHUB_CLIENT_CONFIRMATION_OK"
18677,10144841634,10144841667,1,"IOTHUB_CLIENT_CONFIRMATION_OK"
18678,10144841834,10144841880,1,"IOTHUB_CLIENT_CONFIRMATION_OK"
18679,10144842035,10144842079,1,"IOTHUB_CLIENT_CONFIRMATION_OK"
18680,10144842235,10144842267,1,"IOTHUB_CLIENT_CONFIRMATION_OK"
18681,10144842435,10144842609,1,"IOTHUB_CLIENT_CONFIRMATION_OK"
18682,10144842635,10144842670,1,"IOTHUB_CLIENT_CONFIRMATION_OK"
18683,10144842835,10144842866,1,"IOTHUB_CLIENT_CONFIRMATION_OK"
18684,10144843035,10144843066,1,"IOTHUB_CLIENT_CONFIRMATION_OK"
18685,10144843236,10144843287,1,"IOTHUB_CLIENT_CONFIRMATION_OK"
18686,10144843436,10144843488,1,"IOTHUB_CLIENT_CONFIRMATION_OK"
18687,10144843636,10144843673,1,"IOTHUB_CLIENT_CONFIRMATION_OK"
18688,10144843836,10144843864,1,"IOTHUB_CLIENT_CONFIRMATION_OK"
18689,10144844036,10144844293,1,"IOTHUB_CLIENT_CONFIRMATION_OK"
18690,10144844236,10144844315,1,"IOTHUB_CLIENT_CONFIRMATION_OK"
18691,10144844436,10144844465,1,"IOTHUB_CLIENT_CONFIRMATION_OK"
18692,10144844637,10144844678,1,"IOTHUB_CLIENT_CONFIRMATION_OK"
18693,10144844837,10144844880,1,"IOTHUB_CLIENT_CONFIRMATION_OK"
18694,10144845037,10144845071,1,"IOTHUB_CLIENT_CONFIRMATION_OK"
18695,10144845237,10144845299,1,"IOTHUB_CLIENT_CONFIRMATION_OK"
18696,10144845437,10144845468,1,"IOTHUB_CLIENT_CONFIRMATION_OK"
18697,10144845637,10144845710,1,"IOTHUB_CLIENT_CONFIRMATION_OK"
18698,10144845838,10144845868,1,"IOTHUB_CLIENT_CONFIRMATION_OK"
18699,10144846038,10144846083,1,"IOTHUB_CLIENT_CONFIRMATION_OK"
18700,10144846238,10144846308,1,"IOTHUB_CLIENT_CONFIRMATION_OK"
18701,10144846438,10144846469,1,"IOTHUB_CLIENT_CONFIRMATION_OK"
18702,10144846638,10144846666,1,"IOTHUB_CLIENT_CONFIRMATION_OK"
18703,10144846838,10144846885,1,"IOTHUB_CLIENT_CONFIRMATION_OK"
18704,10144847038,10144847076,1,"IOTHUB_CLIENT_CONFIRMATION_OK"
18705,10144847239,10144847353,1,"IOTHUB_CLIENT_CONFIRMATION_OK"
18706,10144847439,10144847473,1,"IOTHUB_CLIENT_CONFIRMATION_OK"
18707,10144847639,10144847671,1,"IOTHUB_CLIENT_CONFIRMATION_OK"
18708,10144847839,10144847956,1,"IOTHUB_CLIENT_CONFIRMATION_OK"
18709,10144848039,10144848069,1,"IOTHUB_CLIENT_CONFIRMATION_OK"
18710,10144848239,10144848304,1,"IOTHUB_CLIENT_CONFIRMATION_OK"
18711,10144848440,10144848471,1,"IOTHUB_CLIENT_CONFIRMATION_OK"
18712,10144848640,10144848671,1,"IOTHUB_CLIENT_CONFIRMATION_OK"
18713,10144848840,10144848870,1,"IOTHUB_CLIENT_CONFIRMATION_OK"
18714,10144849040,10144849093,1,"IOTHUB_CLIENT_CONFIRMATION_OK"
18715,10144849240,10144849272,1,"IOTHUB_CLIENT_CONFIRMATION_OK"
18716,10144849440,10144849593,1,"IOTHUB_CLIENT_CONFIRMATION_OK"
18717,10144849640,10144849671,1,"IOTHUB_CLIENT_CONFIRMATION_OK"
18718,10144849841,10144849875,1,"IOTHUB_CLIENT_CONFIRMATION_OK"
18719,10144850041,10144850072,1,"IOTHUB_CLIENT_CONFIRMATION_OK"
18720,10144850241,10144850279,1,"IOTHUB_CLIENT_CONFIRMATION_OK"
18721,10144850441,10144850475,1,"IOTHUB_CLIENT_CONFIRMATION_OK"
18722,10144850641,10144850670,1,"IOTHUB_CLIENT_CONFIRMATION_OK"
18723,10144850841,10144850921,1,"IOTHUB_CLIENT_CONFIRMATION_OK"
18724,10144851042,10144851310,1,"IOTHUB_CLIENT_CONFIRMATION_OK"
18725,10144851242,10144851329,1,"IOTHUB_CLIENT_CONFIRMATION_OK"
18726,10144851442,10144851473,1,"IOTHUB_CLIENT_CONFIRMATION_OK"
18727,10144851642,10144851721,1,"IOTHUB_CLIENT_CONFIRMATION_OK"
18728,10144851842,10144851904,1,"IOTHUB_CLIENT_CONFIRMATION_OK"
18729,10144852042,10144852090,1,"IOTHUB_CLIENT_CONFIRMATION_OK"
18730,10144852243,10144852273,1,"IOTHUB_CLIENT_CONFIRMATION_OK"
18731,10144852443,10144852471,1,"IOTHUB_CLIENT_CONFIRMATION_OK"
18732,10144852643,10144852746,1,"IOTHUB_CLIENT_CONFIRMATION_OK"
18733,10144852843,10144852907,1,"IOTHUB_CLIENT_CONFIRMATION_OK"
18734,10144853043,10144853092,1,"IOTHUB_CLIENT_CONFIRMATION_OK"
18735,10144853243,10144853343,1,"IOTHUB_CLIENT_CONFIRMATION_OK"
18736,10144853443,10144853474,1,"IOTHUB_CLIENT_CONFIRMATION_OK"
18737,10144853644,10144853673,1,"IOTHUB_CLIENT_CONFIRMATION_OK"
18738,10144853844,10144853878,1,"IOTHUB_CLIENT_CONFIRMATION_OK"
18739,10144854044,10144854074,1,"IOTHUB_CLIENT_CONFIRMATION_OK"
18740,10144854244,10144854403,1,"IOTHUB_CLIENT_CONFIRMATION_OK"
18741,10144854444,10144854480,1,"IOTHUB_CLIENT_CONFIRMATION_OK"
18742,10144854644,10144854681,1,"IOTHUB_CLIENT_CONFIRMATION_OK"
18743,10144854845,10144854874,1,"IOTHUB_CLIENT_CONFIRMATION_OK"
18744,10144855045,10144855083,1,"IOTHUB_CLIENT_CONFIRMATION_OK"
18745,10144855245,10144855274,1,"IOTHUB_CLIENT_CONFIRMATION_OK"
18746,10144855445,10144855515,1,"IOTHUB_CLIENT_CONFIRMATION_OK"
18747,10144855645,10144855679,1,"IOTHUB_CLIENT_CONFIRMATION_OK"
18748,10144855845,10144856003,1,"IOTHUB_CLIENT_CONFIRMATION_OK"
18749,10144856046,10144856078,1,"IOTHUB_CLIENT_CONFIRMATION_OK"
18750,10144856246,10144856274,1,"IOTHUB_CLIENT_CONFIRMATION_OK"
18751,10144856446,10144856481,1,"IOTHUB_CLIENT_CONFIRMATION_OK"
18752,10144856646,10144856678,1,"IOTHUB_CLIENT_CONFIRMATION_OK"
18753,10144856846,10144856882,1,"IOTHUB_CLIENT_CONFIRMATION_OK"
18754,10144857047,10144857087,1,"IOTHUB_CLIENT_CONFIRMATION_OK"
18755,10144857247,10144857280,1,"IOTHUB_CLIENT_CONFIRMATION_OK"
18756,10144857447,10144857639,1,"IOTHUB_CLIENT_CONFIRMATION_OK"
18757,10144857647,10144857680,1,"IOTHUB_CLIENT_CONFIRMATION_OK"
18758,10144857847,10144857875,1,"IOTHUB_CLIENT_CONFIRMATION_OK"
18759,10144858047,10144858077,1,"IOTHUB_CLIENT_CONFIRMATION_OK"
18760,10144858248,10144858278,1,"IOTHUB_CLIENT_CONFIRMATION_OK"
18761,10144858448,10144858480,1,"IOTHUB_CLIENT_CONFIRMATION_OK"
18762,10144858648,10144858686,1,"IOTHUB_CLIENT_CONFIRMATION_OK"
18763,10144858848,10144858886,1,"IOTHUB_CLIENT_CONFIRMATION_OK"
18764,10144859048,10144859082,1,"IOTHUB_CLIENT_CONFIRMATION_OK"
18765,10144859248,10144859281,1,"IOTHUB_CLIENT_CONFIRMATION_OK"
18766,10144859448,10144859486,1,"IOTHUB_CLIENT_CONFIRMATION_OK"
18767,10144859649,10144859753,1,"IOTHUB_CLIENT_CONFIRMATION_OK"
18768,10144859849,10144859881,1,"IOTHUB_CLIENT_CONFIRMATION_OK"
18769,10144860049,10144860078,1,"IOTHUB_CLIENT_CONFIRMATION_OK"
18770,10144860249,10144860279,1,"IOTHUB_CLIENT_CONFIRMATION_OK"
18771,10144860449,10144860486,1,"IOTHUB_CLIENT_CONFIRMATION_OK"
18772,10144860649,10144860797,1,"IOTHUB_CLIENT_CONFIRMATION_OK"
18773,10144860849,10144860881,1,"IOTHUB_CLIENT_CONFIRMATION_OK"
18774,10144861050,10144861083,1,"IOTHUB_CLIENT_CONFIRMATION_OK"
18775,10144861250,10144861431,1,"IOTHUB_CLIENT_CONFIRMATION_OK"
18776,10144861450,10144861480,1,"IOTHUB_CLIENT_CONFIRMATION_OK"
18777,10144861650,10144861683,1,"IOTHUB_CLIENT_CONFIRMATION_OK"
18778,10144861850,10144861888,1,"IOTHUB_CLIENT_CONFIRMATION_OK"
18779,10144862050,10144862091,1,"IOTHUB_CLIENT_CONFIRMATION_OK"
18780,10144862251,10144862395,1,"IOTHUB_CLIENT_CONFIRMATION_OK"
18781,10144862451,10144862482,1,"IOTHUB_CLIENT_CONFIRMATION_OK"
18782,10144862651,10144862686,1,"IOTHUB_CLIENT_CONFIRMATION_OK"
18783,10144862851,10144863024,1,"IOTHUB_CLIENT_CONFIRMATION_OK"
18784,10144863051,10144863092,1,"IOTHUB_CLIENT_CONFIRMATION_OK"
18785,10144863251,10144863287,1,"IOTHUB_CLIENT_CONFIRMATION_OK"
18786,10144863452,10144863485,1,"IOTHUB_CLIENT_CONFIRMATION_OK"
18787,10144863652,10144863695,1,"IOTHUB_CLIENT_CONFIRMATION_OK"
18788,10144863852,10144863881,1,"IOTHUB_CLIENT_CONFIRMATION_OK"
18789,10144864052,10144864176,1,"IOTHUB_CLIENT_CONFIRMATION_OK"
18790,10144864252,10144864281,1,"IOTHUB_CLIENT_CONFIRMATION_OK"
18791,10144864452,10144864566,1,"IOTHUB_CLIENT_CONFIRMATION_OK"
18792,10144864652,10144864701,1,"IOTHUB_CLIENT_CONFIRMATION_OK"
18793,10144864853,10144864889,1,"IOTHUB_CLIENT_CONFIRMATION_OK"
18794,10144865053,10144865087,1,"IOTHUB_CLIENT_CONFIRMATION_OK"
18795,10144865253,10144865290,1,"IOTHUB_CLIENT_CONFIRMATION_OK"
18796,10144865453,10144865483,1,"IOTHUB_CLIENT_CONFIRMATION_OK"
18797,10144865653,10144865699,1,"IOTHUB_CLIENT_CONFIRMATION_OK"
18798,10144865853,10144865886,1,"IOTHUB_CLIENT_CONFIRMATION_OK"
18799,10144866053,10144866199,1,"IOTHUB_CLIENT_CONFIRMATION_OK"
18800,10144866254,10144866287,1,"IOTHUB_CLIENT_CONFIRMATION_OK"
18801,10144866454,10144866483,1,"IOTHUB_CLIENT_CONFIRMATION_OK"
18802,10144866654,10144866691,1,"IOTHUB_CLIENT_CONFIRMATION_OK"
18803,10144866854,10144866884,1,"IOTHUB_CLIENT_CONFIRMATION_OK"
18804,10144867054,10144867098,1,"IOTHUB_CLIENT_CONFIRMATION_OK"
18805,10144867254,10144867290,1,"IOTHUB_CLIENT_CONFIRMATION_OK"
18806,10144867455,10144867486,1,"IOTHUB_CLIENT_CONFIRMATION_OK"
18807,10144867655,10144867843,1,"IOTHUB_CLIENT_CONFIRMATION_OK"
18808,10144867855,10144867885,1,"IOTHUB_CLIENT_CONFIRMATION_OK"
18809,10144868055,10144868092,1,"IOTHUB_CLIENT_CONFIRMATION_OK"
18810,10144868255,10144868286,1,"IOTHUB_CLIENT_CONFIRMATION_OK"
18811,10144868455,10144868638,1,"IOTHUB_CLIENT_CONFIRMATION_OK"
18812,10144868655,10144868685,1,"IOTHUB_CLIENT_CONFIRMATION_OK"
18813,10144868856,10144868887,1,"IOTHUB_CLIENT_CONFIRMATION_OK"
18814,10144869056,10144869094,1,"IOTHUB_CLIENT_CONFIRMATION_OK"
18815,10144869256,10144869320,1,"IOTHUB_CLIENT_CONFIRMATION_OK"
18816,10144869456,10144869488,1,"IOTHUB_CLIENT_CONFIRMATION_OK"
18817,10144869656,10144869703,1,"IOTHUB_CLIENT_CONFIRMATION_OK"
18818,10144869856,10144869887,1,"IOTHUB_CLIENT_CONFIRMATION_OK"
18819,10144870056,10144870091,1,"IOTHUB_CLIENT_CONFIRMATION_OK"
18820,10144870257,10144870285,1,"IOTHUB_CLIENT_CONFIRMATION_OK"
18821,10144870457,10144870490,1,"IOTHUB_CLIENT_CONFIRMATION_OK"
18822,10144870657,10144870692,1,"IOTHUB_CLIENT_CONFIRMATION_OK"
18823,10144870857,10144870889,1,"IOTHUB_CLIENT_CONFIRMATION_OK"
18824,10144871057,10144871099,1,"IOTHUB_CLIENT_CONFIRMATION_OK"
18825,10144871257,10144871288,1,"IOTHUB_CLIENT_CONFIRMATION_OK"
18826,10144871458,10144871493,1,"IOTHUB_CLIENT_CONFIRMATION_OK"
18827,10144871658,10144871688,1,"IOTHUB_CLIENT_CONFIRMATION_OK"
18828,10144871858,10144871887,1,"IOTHUB_CLIENT_CONFIRMATION_OK"
18829,10144872058,10144872110,1,"IOTHUB_CLIENT_CONFIRMATION_OK"
18830,10144872258,10144872291,1,"IOTHUB_CLIENT_CONFIRMATION_OK"
18831,10144872458,10144872519,1,"IOTHUB_CLIENT_CONFIRMATION_OK"
18832,10144872659,10144872693,1,"IOTHUB_CLIENT_CONFIRMATION_OK"
18833,10144872859,10144872891,1,"IOTHUB_CLIENT_CONFIRMATION_OK"
18834,10144873059,10144873130,1,"IOTHUB_CLIENT_CONFIRMATION_OK"
18835,10144873259,10144873288,1,"IOTHUB_CLIENT_CONFIRMATION_OK"
18836,10144873459,10144873500,1,"IOTHUB_CLIENT_CONFIRMATION_OK"
18837,10144873659,10144873695,1,"IOTHUB_CLIENT_CONFIRMATION_OK"
18838,10144873859,10144873936,1,"IOTHUB_CLIENT_CONFIRMATION_OK"
18839,10144874060,10144874159,1,"IOTHUB_CLIENT_CONFIRMATION_OK"
18840,10144874260,10144874313,1,"IOTHUB_CLIENT_CONFIRMATION_OK"
18841,10144874460,10144874492,1,"IOTHUB_CLIENT_CONFIRMATION_OK"
18842,10144874660,10144874773,1,"IOTHUB_CLIENT_CONFIRMATION_OK"
18843,10144874860,10144874891,1,"IOTHUB_CLIENT_CONFIRMATION_OK"
18844,10144875060,10144875100,1,"IOTHUB_CLIENT_CONFIRMATION_OK"
18845,10144875261,10144875294,1,"IOTHUB_CLIENT_CONFIRMATION_OK"
18846,10144875461,10144875503,1,"IOTHUB_CLIENT_CONFIRMATION_OK"
18847,10144875661,10144875818,1,"IOTHUB_CLIENT_CONFIRMATION_OK"
18848,10144875862,10144875900,1,"IOTHUB_CLIENT_CONFIRMATION_OK"
18849,10144876062,10144876093,1,"IOTHUB_CLIENT_CONFIRMATION_OK"
18850,10144876262,10144876437,1,"IOTHUB_CLIENT_CONFIRMATION_OK"
18851,10144876462,10144876490,1,"IOTHUB_CLIENT_CONFIRMATION_OK"
18852,10144876662,10144876691,1,"IOTHUB_CLIENT_CONFIRMATION_OK"
18853,10144876862,10144876892,1,"IOTHUB_CLIENT_CONFIRMATION_OK"
18854,10144877062,10144877120,1,"IOTHUB_CLIENT_CONFIRMATION_OK"
18855,10144877263,10144877458,1,"IOTHUB_CLIENT_CONFIRMATION_OK"
18856,10144877463,10144877492,1,"IOTHUB_CLIENT_CONFIRMATION_OK"
18857,10144877663,10144877696,1,"IOTHUB_CLIENT_CONFIRMATION_OK"
18858,10144877863,10144877897,1,"IOTHUB_CLIENT_CONFIRMATION_OK"
18859,10144878063,10144878192,1,"IOTHUB_CLIENT_CONFIRMATION_OK"
18860,10144878263,10144878302,1,"IOTHUB_CLIENT_CONFIRMATION_OK"
18861,10144878463,10144878500,1,"IOTHUB_CLIENT_CONFIRMATION_OK"
18862,10144878664,10144878707,1,"IOTHUB_CLIENT_CONFIRMATION_OK"
18863,10144878864,10144878894,1,"IOTHUB_CLIENT_CONFIRMATION_OK"
18864,10144879064,10144879122,1,"IOTHUB_CLIENT_CONFIRMATION_OK"
18865,10144879264,10144879297,1,"IOTHUB_CLIENT_CONFIRMATION_OK"
18866,10144879464,10144879526,1,"IOTHUB_CLIENT_CONFIRMATION_OK"
18867,10144879664,10144879695,1,"IOTHUB_CLIENT_CONFIRMATION_OK"
18868,10144879865,10144879900,1,"IOTHUB_CLIENT_CONFIRMATION_OK"
18869,10144880065,10144880129,1,"IOTHUB_CLIENT_CONFIRMATION_OK"
18870,10144880265,10144880301,1,"IOTHUB_CLIENT_CONFIRMATION_OK"
18871,10144880465,10144880514,1,"IOTHUB_CLIENT_CONFIRMATION_OK"
18872,10144880665,10144880693,1,"IOTHUB_CLIENT_CONFIRMATION_OK"
18873,10144880865,10144880910,1,"IOTHUB_CLIENT_CONFIRMATION_OK"
18874,10144881066,10144881142,1,"IOTHUB_CLIENT_CONFIRMATION_OK"
18875,10144881266,10144881306,1,"IOTHUB_CLIENT_CONFIRMATION_OK"
18876,10144881466,10144881500,1,"IOTHUB_CLIENT_CONFIRMATION_OK"
18877,10144881666,10144881775,1,"IOTHUB_CLIENT_CONFIRMATION_OK"
18878,10144881866,10144881898,1,"IOTHUB_CLIENT_CONFIRMATION_OK"
18879,10144882066,10144882098,1,"IOTHUB_CLIENT_CONFIRMATION_OK"
18880,10144882266,10144882298,1,"IOTHUB_CLIENT_CONFIRMATION_OK"
18881,10144882467,10144882515,1,"IOTHUB_CLIENT_CONFIRMATION_OK"
18882,10144882667,10144882729,1,"IOTHUB_CLIENT_CONFIRMATION_OK"
18883,10144882867,10144882895,1,"IOTHUB_CLIENT_CONFIRMATION_OK"
18884,10144883067,10144883099,1,"IOTHUB_CLIENT_CONFIRMATION_OK"
18885,10144883267,10144883312,1,"IOTHUB_CLIENT_CONFIRMATION_OK"
18886,10144883467,10144883499,1,"IOTHUB_CLIENT_CONFIRMATION_OK"
18887,10144883668,10144883699,1,"IOTHUB_CLIENT_CONFIRMATION_OK"
18888,10144883868,10144883918,1,"IOTHUB_CLIENT_CONFIRMATION_OK"
18889,10144884068,10144884105,1,"IOTHUB_CLIENT_CONFIRMATION_OK"
18890,10144884268,10144884448,1,"IOTHUB_CLIENT_CONFIRMATION_OK"
18891,10144884468,10144884499,1,"IOTHUB_CLIENT_CONFIRMATION_OK"
18892,10144884668,10144884701,1,"IOTHUB_CLIENT_CONFIRMATION_OK"
18893,10144884868,10144884902,1,"IOTHUB_CLIENT_CONFIRMATION_OK"
18894,10144885068,10144885100,1,"IOTHUB_CLIENT_CONFIRMATION_OK"
18895,10144885269,10144885297,1,"IOTHUB_CLIENT_CONFIRMATION_OK"
18896,10144885469,10144885511,1,"IOTHUB_CLIENT_CONFIRMATION_OK"
18897,10144885669,10144885698,1,"IOTHUB_CLIENT_CONFIRMATION_OK"
18898,10144885869,10144885902,1,"IOTHUB_CLIENT_CONFIRMATION_OK"
18899,10144886069,10144886099,1,"IOTHUB_CLIENT_CONFIRMATION_OK"
18900,10144886269,10144886301,1,"IOTHUB_CLIENT_CONFIRMATION_OK"
18901,10144886470,10144886500,1,"IOTHUB_CLIENT_CONFIRMATION_OK"
18902,10144886670,10144886698,1,"IOTHUB_CLIENT_CONFIRMATION_OK"
18903,10144886870,10144886904,1,"IOTHUB_CLIENT_CONFIRMATION_OK"
18904,10144887070,10144887116,1,"IOTHUB_CLIENT_CONFIRMATION_OK"
18905,10144887270,10144887303,1,"IOTHUB_CLIENT_CONFIRMATION_OK"
18906,10144887471,10144887503,1,"IOTHUB_CLIENT_CONFIRMATION_OK"
18907,10144887671,10144887722,1,"IOTHUB_CLIENT_CONFIRMATION_OK"
18908,10144887871,10144887902,1,"IOTHUB_CLIENT_CONFIRMATION_OK"
18909,10144888071,10144888110,1,"IOTHUB_CLIENT_CONFIRMATION_OK"
18910,10144888271,10144888303,1,"IOTHUB_CLIENT_CONFIRMATION_OK"
18911,10144888471,10144888506,1,"IOTHUB_CLIENT_CONFIRMATION_OK"
18912,10144888671,10144888717,1,"IOTHUB_CLIENT_CONFIRMATION_OK"
18913,10144888872,10144888900,1,"IOTHUB_CLIENT_CONFIRMATION_OK"
18914,10144889072,10144889113,1,"IOTHUB_CLIENT_CONFIRMATION_OK"
18915,10144889272,10144889314,1,"IOTHUB_CLIENT_CONFIRMATION_OK"
18916,10144889472,10144889505,1,"IOTHUB_CLIENT_CONFIRMATION_OK"
18917,10144889672,10144889722,1,"IOTHUB_CLIENT_CONFIRMATION_OK"
18918,10144889872,10144889906,1,"IOTHUB_CLIENT_CONFIRMATION_OK"
18919,10144890073,10144890112,1,"IOTHUB_CLIENT_CONFIRMATION_OK"
18920,10144890273,10144890302,1,"IOTHUB_CLIENT_CONFIRMATION_OK"
18921,10144890473,10144890502,1,"IOTHUB_CLIENT_CONFIRMATION_OK"
18922,10144890673,10144890785,1,"IOTHUB_CLIENT_CONFIRMATION_OK"
18923,10144890873,10144890907,1,"IOTHUB_CLIENT_CONFIRMATION_OK"
18924,10144891074,10144891110,1,"IOTHUB_CLIENT_CONFIRMATION_OK"
18925,10144891274,10144891446,1,"IOTHUB_CLIENT_CONFIRMATION_OK"
18926,10144891474,10144891503,1,"IOTHUB_CLIENT_CONFIRMATION_OK"
18927,10144891674,10144891705,1,"IOTHUB_CLIENT_CONFIRMATION_OK"
18928,10144891874,10144891924,1,"IOTHUB_CLIENT_CONFIRMATION_OK"
18929,10144892074,10144892107,1,"IOTHUB_CLIENT_CONFIRMATION_OK"
18930,10144892274,10144892309,1,"IOTHUB_CLIENT_CONFIRMATION_OK"
18931,10144892475,10144892517,1,"IOTHUB_CLIENT_CONFIRMATION_OK"
18932,10144892675,10144892704,1,"IOTHUB_CLIENT_CONFIRMATION_OK"
18933,10144892875,10144893043,1,"IOTHUB_CLIENT_CONFIRMATION_OK"
18934,10144893075,10144893104,1,"IOTHUB_CLIENT_CONFIRMATION_OK"
18935,10144893275,10144893308,1,"IOTHUB_CLIENT_CONFIRMATION_OK"
18936,10144893475,10144893510,1,"IOTHUB_CLIENT_CONFIRMATION_OK"
18937,10144893676,10144893714,1,"IOTHUB_CLIENT_CONFIRMATION_OK"
18938,10144893876,10144893907,1,"IOTHUB_CLIENT_CONFIRMATION_OK"
18939,10144894076,10144894115,1,"IOTHUB_CLIENT_CONFIRMATION_OK"
18940,10144894276,10144894307,1,"IOTHUB_CLIENT_CONFIRMATION_OK"
18941,10144894476,10144894506,1,"IOTHUB_CLIENT_CONFIRMATION_OK"
18942,10144894676,10144894715,1,"IOTHUB_CLIENT_CONFIRMATION_OK"
18943,10144894876,10144894907,1,"IOTHUB_CLIENT_CONFIRMATION_OK"
18944,10144895077,10144895109,1,"IOTHUB_CLIENT_CONFIRMATION_OK"
18945,10144895277,10144895317,1,"IOTHUB_CLIENT_CONFIRMATION_OK"
18946,10144895477,10144895509,1,"IOTHUB_CLIENT_CONFIRMATION_OK"
18947,10144895677,10144895708,1,"IOTHUB_CLIENT_CONFIRMATION_OK"
18948,10144895877,10144895921,1,"IOTHUB_CLIENT_CONFIRMATION_OK"
18949,10144896077,10144896108,1,"IOTHUB_CLIENT_CONFIRMATION_OK"
18950,10144896278,10144896309,1,"IOTHUB_CLIENT_CONFIRMATION_OK"
18951,10144896478,10144896506,1,"IOTHUB_CLIENT_CONFIRMATION_OK"
18952,10144896678,10144896730,1,"IOTHUB_CLIENT_CONFIRMATION_OK"
18953,10144896878,10144896917,1,"IOTHUB_CLIENT_CONFIRMATION_OK"
18954,10144897078,10144897112,1,"IOTHUB_CLIENT_CONFIRMATION_OK"
18955,10144897278,10144897307,1,"IOTHUB_CLIENT_CONFIRMATION_OK"
18956,10144897479,10144897506,1,"IOTHUB_CLIENT_CONFIRMATION_OK"
18957,10144897679,10144897763,1,"IOTHUB_CLIENT_CONFIRMATION_OK"
18958,10144897879,10144897912,1,"IOTHUB_CLIENT_CONFIRMATION_OK"
18959,10144898079,10144898113,1,"IOTHUB_CLIENT_CONFIRMATION_OK"
18960,10144898279,10144898370,1,"IOTHUB_CLIENT_CONFIRMATION_OK"
18961,10144898479,10144898517,1,"IOTHUB_CLIENT_CONFIRMATION_OK"
18962,10144898680,10144898707,1,"IOTHUB_CLIENT_CONFIRMATION_OK"
18963,10144898880,10144898911,1,"IOTHUB_CLIENT_CONFIRMATION_OK"
18964,10144899080,10144899112,1,"IOTHUB_CLIENT_CONFIRMATION_OK"
18965,10144899280,10144899397,1,"IOTHUB_CLIENT_CONFIRMATION_OK"
18966,10144899480,10144899511,1,"IOTHUB_CLIENT_CONFIRMATION_OK"
18967,10144899680,10144899710,1,"IOTHUB_CLIENT_CONFIRMATION_OK"
18968,10144899881,10144900004,1,"IOTHUB_CLIENT_CONFIRMATION_OK"
18969,10144900081,10144900109,1,"IOTHUB_CLIENT_CONFIRMATION_OK"
18970,10144900281,10144900355,1,"IOTHUB_CLIENT_CONFIRMATION_OK"
18971,10144900481,10144900513,1,"IOTHUB_CLIENT_CONFIRMATION_OK"
18972,10144900681,10144900717,1,"IOTHUB_CLIENT_CONFIRMATION_OK"
18973,10144900881,10144901003,1,"IOTHUB_CLIENT_CONFIRMATION_OK"
18974,10144901081,10144901123,1,"IOTHUB_CLIENT_CONFIRMATION_OK"
18975,10144901282,10144901315,1,"IOTHUB_CLIENT_CONFIRMATION_OK"
18976,10144901482,10144901636,1,"IOTHUB_CLIENT_CONFIRMATION_OK"
18977,10144901682,10144901714,1,"IOTHUB_CLIENT_CONFIRMATION_OK"
18978,10144901882,10144901915,1,"IOTHUB_CLIENT_CONFIRMATION_OK"
18979,10144902082,10144902112,1,"IOTHUB_CLIENT_CONFIRMATION_OK"
18980,10144902282,10144902314,1,"IOTHUB_CLIENT_CONFIRMATION_OK"
18981,10144902483,10144902780,1,"IOTHUB_CLIENT_CONFIRMATION_OK"
18982,10144902683,10144902803,1,"IOTHUB_CLIENT_CONFIRMATION_OK"
18983,10144902883,10144902916,1,"IOTHUB_CLIENT_CONFIRMATION_OK"
18984,10144903083,10144903214,1,"IOTHUB_CLIENT_CONFIRMATION_OK"
18985,10144903283,10144903315,1,"IOTHUB_CLIENT_CONFIRMATION_OK"
18986,10144903483,10144903515,1,"IOTHUB_CLIENT_CONFIRMATION_OK"
18987,10144903684,10144903716,1,"IOTHUB_CLIENT_CONFIRMATION_OK"
18988,10144903884,10144903927,1,"IOTHUB_CLIENT_CONFIRMATION_OK"
18989,10144904084,10144904229,1,"IOTHUB_CLIENT_CONFIRMATION_OK"
18990,10144904284,10144904316,1,"IOTHUB_CLIENT_CONFIRMATION_OK"
18991,10144904484,10144904521,1,"IOTHUB_CLIENT_CONFIRMATION_OK"
18992,10144904684,10144904834,1,"IOTHUB_CLIENT_CONFIRMATION_OK"
18993,10144904884,10144904914,1,"IOTHUB_CLIENT_CONFIRMATION_OK"
18994,10144905085,10144905118,1,"IOTHUB_CLIENT_CONFIRMATION_OK"
18995,10144905285,10144905342,1,"IOTHUB_CLIENT_CONFIRMATION_OK"
18996,10144905485,10144905517,1,"IOTHUB_CLIENT_CONFIRMATION_OK"
18997,10144905685,10144905901,1,"IOTHUB_CLIENT_CONFIRMATION_OK"
18998,10144905885,10144905921,1,"IOTHUB_CLIENT_CONFIRMATION_OK"
18999,10144906085,10144906118,1,"IOTHUB_CLIENT_CONFIRMATION_OK"
19000,10144906286,10144906323,1,"IOTHUB_CLIENT_CONFIRMATION_OK"
19001,10144906486,10144906518,1,"IOTHUB_CLIENT_CONFIRMATION_OK"
19002,10144906686,10144906735,1,"IOTHUB_CLIENT_CONFIRMATION_OK"
19003,10144906886,10144906963,1,"IOTHUB_CLIENT_CONFIRMATION_OK"
19004,10144907086,10144907119,1,"IOTHUB_CLIENT_CONFIRMATION_OK"
19005,10144907286,10144907324,1,"IOTHUB_CLIENT_CONFIRMATION_OK"
19006,10144907487,10144907521,1,"IOTHUB_CLIENT_CONFIRMATION_OK"
19007,10144907687,10144907721,1,"IOTHUB_CLIENT_CONFIRMATION_OK"
19008,10144907887,10144907971,1,"IOTHUB_CLIENT_CONFIRMATION_OK"
19009,10144908087,10144908122,1,"IOTHUB_CLIENT_CONFIRMATION_OK"
19010,10144908287,10144908316,1,"IOTHUB_CLIENT_CONFIRMATION_OK"
19011,10144908487,10144908519,1,"IOTHUB_CLIENT_CONFIRMATION_OK"
19012,10144908687,10144908728,1,"IOTHUB_CLIENT_CONFIRMATION_OK"
19013,10144908888,10144908922,1,"IOTHUB_CLIENT_CONFIRMATION_OK"
19014,10144909088,10144909125,1,"IOTHUB_CLIENT_CONFIRMATION_OK"
19015,10144909288,10144909321,1,"IOTHUB_CLIENT_CONFIRMATION_OK"
19016,10144909488,10144909519,1,"IOTHUB_CLIENT_CONFIRMATION_OK"
19017,10144909688,10144909719,1,"IOTHUB_CLIENT_CONFIRMATION_OK"
19018,10144909888,10144909919,1,"IOTHUB_CLIENT_CONFIRMATION_OK"
19019,10144910088,10144910135,1,"IOTHUB_CLIENT_CONFIRMATION_OK"
19020,10144910289,10144910324,1,"IOTHUB_CLIENT_CONFIRMATION_OK"
19021,10144910489,10144910524,1,"IOTHUB_CLIENT_CONFIRMATION_OK"
19022,10144910689,10144910732,1,"IOTHUB_CLIENT_CONFIRMATION_OK"
19023,10144910889,10144910917,1,"IOTHUB_CLIENT_CONFIRMATION_OK"
19024,10144911089,10144911126,1,"IOTHUB_CLIENT_CONFIRMATION_OK"
19025,10144911289,10144911329,1,"IOTHUB_CLIENT_CONFIRMATION_OK"
19026,10144911490,10144911521,1,"IOTHUB_CLIENT_CONFIRMATION_OK"
19027,10144911690,10144911731,1,"IOTHUB_CLIENT_CONFIRMATION_OK"
19028,10144911890,10144911920,1,"IOTHUB_CLIENT_CONFIRMATION_OK"
19029,10144912090,10144912128,1,"IOTHUB_CLIENT_CONFIRMATION_OK"
19030,10144912290,10144912323,1,"IOTHUB_CLIENT_CONFIRMATION_OK"
19031,10144912490,10144912525,1,"IOTHUB_CLIENT_CONFIRMATION_OK"
19032,10144912690,10144912754,1,"IOTHUB_CLIENT_CONFIRMATION_OK"
19033,10144912891,10144912920,1,"IOTHUB_CLIENT_CONFIRMATION_OK"
19034,10144913091,10144913125,1,"IOTHUB_CLIENT_CONFIRMATION_OK"
19035,10144913291,10144913411,1,"IOTHUB_CLIENT_CONFIRMATION_OK"
19036,10144913491,10144913523,1,"IOTHUB_CLIENT_CONFIRMATION_OK"
19037,10144913691,10144914036,1,"IOTHUB_CLIENT_CONFIRMATION_OK"
19038,10144913891,10144914056,1,"IOTHUB_CLIENT_CONFIRMATION_OK"
19039,10144914091,10144914123,1,"IOTHUB_CLIENT_CONFIRMATION_OK"
19040,10144914292,10144914446,1,"IOTHUB_CLIENT_CONFIRMATION_OK"
19041,10144914492,10144914545,1,"IOTHUB_CLIENT_CONFIRMATION_OK"
19042,10144914692,10144914742,1,"IOTHUB_CLIENT_CONFIRMATION_OK"
19043,10144914892,10144914927,1,"IOTHUB_CLIENT_CONFIRMATION_OK"
19044,10144915092,10144915124,1,"IOTHUB_CLIENT_CONFIRMATION_OK"
19045,10144915292,10144915320,1,"IOTHUB_CLIENT_CONFIRMATION_OK"
19046,10144915493,10144915522,1,"IOTHUB_CLIENT_CONFIRMATION_OK"
19047,10144915693,10144915723,1,"IOTHUB_CLIENT_CONFIRMATION_OK"
19048,10144915893,10144916084,1,"IOTHUB_CLIENT_CONFIRMATION_OK"
19049,10144916093,10144916133,1,"IOTHUB_CLIENT_CONFIRMATION_OK"
19050,10144916293,10144916348,1,"IOTHUB_CLIENT_CONFIRMATION_OK"
19051,10144916493,10144916526,1,"IOTHUB_CLIENT_CONFIRMATION_OK"
19052,10144916693,10144916731,1,"IOTHUB_CLIENT_CONFIRMATION_OK"
19053,10144916894,10144916926,1,"IOTHUB_CLIENT_CONFIRMATION_OK"
19054,10144917094,10144917132,1,"IOTHUB_CLIENT_CONFIRMATION_OK"
19055,10144917294,10144917322,1,"IOTHUB_CLIENT_CONFIRMATION_OK"
19056,10144917494,10144917531,1,"IOTHUB_CLIENT_CONFIRMATION_OK"
19057,10144917694,10144917737,1,"IOTHUB_CLIENT_CONFIRMATION_OK"
19058,10144917894,10144917942,1,"IOTHUB_CLIENT_CONFIRMATION_OK"
19059,10144918095,10144918149,1,"IOTHUB_CLIENT_CONFIRMATION_OK"
19060,10144918295,10144918375,1,"IOTHUB_CLIENT_CONFIRMATION_OK"
19061,10144918495,10144918544,1,"IOTHUB_CLIENT_CONFIRMATION_OK"
19062,10144918695,10144918724,1,"IOTHUB_CLIENT_CONFIRMATION_OK"
19063,10144918895,10144918927,1,"IOTHUB_CLIENT_CONFIRMATION_OK"
19064,10144919095,10144919211,1,"IOTHUB_CLIENT_CONFIRMATION_OK"
19065,10144919295,10144919336,1,"IOTHUB_CLIENT_CONFIRMATION_OK"
19066,10144919496,10144919530,1,"IOTHUB_CLIENT_CONFIRMATION_OK"
19067,10144919696,10144919839,1,"IOTHUB_CLIENT_CONFIRMATION_OK"
19068,10144919896,10144919937,1,"IOTHUB_CLIENT_CONFIRMATION_OK"
19069,10144920096,10144920129,1,"IOTHUB_CLIENT_CONFIRMATION_OK"
19070,10144920296,10144920328,1,"IOTHUB_CLIENT_CONFIRMATION_OK"
19071,10144920496,10144920538,1,"IOTHUB_CLIENT_CONFIRMATION_OK"
19072,10144920697,10144920868,1,"IOTHUB_CLIENT_CONFIRMATION_OK"
19073,10144920897,10144920931,1,"IOTHUB_CLIENT_CONFIRMATION_OK"
19074,10144921097,10144921129,1,"IOTHUB_CLIENT_CONFIRMATION_OK"
19075,10144921297,10144921328,1,"IOTHUB_CLIENT_CONFIRMATION_OK"
19076,10144921497,10144921538,1,"IOTHUB_CLIENT_CONFIRMATION_OK"
19077,10144921697,10144921741,1,"IOTHUB_CLIENT_CONFIRMATION_OK"
19078,10144921897,10144921926,1,"IOTHUB_CLIENT_CONFIRMATION_OK"
19079,10144922098,10144922127,1,"IOTHUB_CLIENT_CONFIRMATION_OK"
19080,10144922298,10144922515,1,"IOTHUB_CLIENT_CONFIRMATION_OK"
19081,10144922498,10144922549,1,"IOTHUB_CLIENT_CONFIRMATION_OK"
19082,10144922698,10144922731,1,"IOTHUB_CLIENT_CONFIRMATION_OK"
19083,10144922898,10144922931,1,"IOTHUB_CLIENT_CONFIRMATION_OK"
19084,10144923098,10144923130,1,"IOTHUB_CLIENT_CONFIRMATION_OK"
19085,10144923299,10144923330,1,"IOTHUB_CLIENT_CONFIRMATION_OK"
19086,10144923499,10144923585,1,"IOTHUB_CLIENT_CONFIRMATION_OK"
19087,10144923699,10144923728,1,"IOTHUB_CLIENT_CONFIRMATION_OK"
19088,10144923899,10144923958,1,"IOTHUB_CLIENT_CONFIRMATION_OK"
19089,10144924099,10144924132,1,"IOTHUB_CLIENT_CONFIRMATION_OK"
19090,10144924299,10144924343,1,"IOTHUB_CLIENT_CONFIRMATION_OK"
19091,10144924500,10144924598,1,"IOTHUB_CLIENT_CONFIRMATION_OK"
19092,10144924700,10144924731,1,"IOTHUB_CLIENT_CONFIRMATION_OK"
19093,10144924900,10144924933,1,"IOTHUB_CLIENT_CONFIRMATION_OK"
19094,10144925100,10144925180,1,"IOTHUB_CLIENT_CONFIRMATION_OK"
19095,10144925300,10144925332,1,"IOTHUB_CLIENT_CONFIRMATION_OK"
19096,10144925500,10144925535,1,"IOTHUB_CLIENT_CONFIRMATION_OK"
19097,10144925700,10144925743,1,"IOTHUB_CLIENT_CONFIRMATION_OK"
19098,10144925901,10144925931,1,"IOTHUB_CLIENT_CONFIRMATION_OK"
19099,10144926101,10144926198,1,"IOTHUB_CLIENT_CONFIRMATION_OK"
19100,10144926301,10144926343,1,"IOTHUB_CLIENT_CONFIRMATION_OK"
19101,10144926501,10144926529,1,"IOTHUB_CLIENT_CONFIRMATION_OK"
19102,10144926701,10144926814,1,"IOTHUB_CLIENT_CONFIRMATION_OK"
19103,10144926901,10144926932,1,"IOTHUB_CLIENT_CONFIRMATION_OK"
19104,10144927101,10144927171,1,"IOTHUB_CLIENT_CONFIRMATION_OK"
19105,10144927302,10144927337,1,"IOTHUB_CLIENT_CONFIRMATION_OK"
19106,10144927502,10144927531,1,"IOTHUB_CLIENT_CONFIRMATION_OK"
19107,10144927702,10144927730,1,"IOTHUB_CLIENT_CONFIRMATION_OK"
19108,10144927902,10144928032,1,"IOTHUB_CLIENT_CONFIRMATION_OK"
19109,10144928102,10144928132,1,"IOTHUB_CLIENT_CONFIRMATION_OK"
19110,10144928302,10144928439,1,"IOTHUB_CLIENT_CONFIRMATION_OK"
19111,10144928503,10144928534,1,"IOTHUB_CLIENT_CONFIRMATION_OK"
19112,10144928703,10144928743,1,"IOTHUB_CLIENT_CONFIRMATION_OK"
19113,10144928903,10144928935,1,"IOTHUB_CLIENT_CONFIRMATION_OK"
19114,10144929103,10144929133,1,"IOTHUB_CLIENT_CONFIRMATION_OK"
19115,10144929303,10144929459,1,"IOTHUB_CLIENT_CONFIRMATION_OK"
19116,10144929503,10144929535,1,"IOTHUB_CLIENT_CONFIRMATION_OK"
19117,10144929703,10144929736,1,"IOTHUB_CLIENT_CONFIRMATION_OK"
19118,10144929904,10144929941,1,"IOTHUB_CLIENT_CONFIRMATION_OK"
19119,10144930104,10144930133,1,"IOTHUB_CLIENT_CONFIRMATION_OK"
19120,10144930304,10144930337,1,"IOTHUB_CLIENT_CONFIRMATION_OK"
19121,10144930504,10144930537,1,"IOTHUB_CLIENT_CONFIRMATION_OK"
19122,10144930704,10144930740,1,"IOTHUB_CLIENT_CONFIRMATION_OK"
19123,10144930904,10144931094,1,"IOTHUB_CLIENT_CONFIRMATION_OK"
19124,10144931105,10144931143,1,"IOTHUB_CLIENT_CONFIRMATION_OK"
19125,10144931305,10144931337,1,"IOTHUB_CLIENT_CONFIRMATION_OK"
19126,10144931505,10144931536,1,"IOTHUB_CLIENT_CONFIRMATION_OK"
19127,10144931705,10144931812,1,"IOTHUB_CLIENT_CONFIRMATION_OK"
19128,10144931905,10144931937,1,"IOTHUB_CLIENT_CONFIRMATION_OK"
19129,10144932105,10144932136,1,"IOTHUB_CLIENT_CONFIRMATION_OK"
19130,10144932305,10144932335,1,"IOTHUB_CLIENT_CONFIRMATION_OK"
19131,10144932506,10144932548,1,"IOTHUB_CLIENT_CONFIRMATION_OK"
19132,10144932706,10144932736,1,"IOTHUB_CLIENT_CONFIRMATION_OK"
19133,10144932906,10144932942,1,"IOTHUB_CLIENT_CONFIRMATION_OK"
19134,10144933106,10144933143,1,"IOTHUB_CLIENT_CONFIRMATION_OK"
19135,10144933306,10144933339,1,"IOTHUB_CLIENT_CONFIRMATION_OK"
19136,10144933507,10144933536,1,"IOTHUB_CLIENT_CONFIRMATION_OK"
19137,10144933707,10144933745,1,"IOTHUB_CLIENT_CONFIRMATION_OK"
19138,10144933907,10144933936,1,"IOTHUB_CLIENT_CONFIRMATION_OK"
19139,10144934107,10144934145,1,"IOTHUB_CLIENT_CONFIRMATION_OK"
19140,10144934307,10144934342,1,"IOTHUB_CLIENT_CONFIRMATION_OK"
19141,10144934507,10144934539,1,"IOTHUB_CLIENT_CONFIRMATION_OK"
19142,10144934707,10144934753,1,"IOTHUB_CLIENT_CONFIRMATION_OK"
19143,10144934908,10144934958,1,"IOTHUB_CLIENT_CONFIRMATION_OK"
19144,10144935108,10144935142,1,"IOTHUB_CLIENT_CONFIRMATION_OK"
19145,10144935308,10144935370,1,"IOTHUB_CLIENT_CONFIRMATION_OK"
19146,10144935508,10144935547,1,"IOTHUB_CLIENT_CONFIRMATION_OK"
19147,10144935708,10144935770,1,"IOTHUB_CLIENT_CONFIRMATION_OK"
19148,10144935908,10144935939,1,"IOTHUB_CLIENT_CONFIRMATION_OK"
19149,10144936108,10144936138,1,"IOTHUB_CLIENT_CONFIRMATION_OK"
19150,10144936309,10144936416,1,"IOTHUB_CLIENT_CONFIRMATION_OK"
19151,10144936509,10144936548,1,"IOTHUB_CLIENT_CONFIRMATION_OK"
19152,10144936709,10144936742,1,"IOTHUB_CLIENT_CONFIRMATION_OK"
19153,10144936909,10144936942,1,"IOTHUB_CLIENT_CONFIRMATION_OK"
19154,10144937109,10144937140,1,"IOTHUB_CLIENT_CONFIRMATION_OK"
19155,10144937309,10144937446,1,"IOTHUB_CLIENT_CONFIRMATION_OK"
19156,10144937510,10144937548,1,"IOTHUB_CLIENT_CONFIRMATION_OK"
19157,10144937710,10144937745,1,"IOTHUB_CLIENT_CONFIRMATION_OK"
19158,10144937910,10144937942,1,"IOTHUB_CLIENT_CONFIRMATION_OK"
19159,10144938110,10144938142,1,"IOTHUB_CLIENT_CONFIRMATION_OK"
19160,10144938310,10144938343,1,"IOTHUB_CLIENT_CONFIRMATION_OK"
19161,10144938510,10144938542,1,"IOTHUB_CLIENT_CONFIRMATION_OK"
19162,10144938710,10144938742,1,"IOTHUB_CLIENT_CONFIRMATION_OK"
19163,10144938911,10144938945,1,"IOTHUB_CLIENT_CONFIRMATION_OK"
19164,10144939111,10144939142,1,"IOTHUB_CLIENT_CONFIRMATION_OK"
19165,10144939311,10144939346,1,"IOTHUB_CLIENT_CONFIRMATION_OK"
19166,10144939511,10144939564,1,"IOTHUB_CLIENT_CONFIRMATION_OK"
19167,10144939711,10144939743,1,"IOTHUB_CLIENT_CONFIRMATION_OK"
19168,10144939911,10144939961,1,"IOTHUB_CLIENT_CONFIRMATION_OK"
19169,10144940112,10144940150,1,"IOTHUB_CLIENT_CONFIRMATION_OK"
19170,10144940312,10144940343,1,"IOTHUB_CLIENT_CONFIRMATION_OK"
19171,10144940512,10144940543,1,"IOTHUB_CLIENT_CONFIRMATION_OK"
19172,10144940712,10144940877,1,"IOTHUB_CLIENT_CONFIRMATION_OK"
19173,10144940912,10144940944,1,"IOTHUB_CLIENT_CONFIRMATION_OK"
19174,10144941112,10144941154,1,"IOTHUB_CLIENT_CONFIRMATION_OK"
19175,10144941312,10144941346,1,"IOTHUB_CLIENT_CONFIRMATION_OK"
19176,10144941513,10144941545,1,"IOTHUB_CLIENT_CONFIRMATION_OK"
19177,10144941713,10144941752,1,"IOTHUB_CLIENT_CONFIRMATION_OK"
19178,10144941913,10144941970,1,"IOTHUB_CLIENT_CONFIRMATION_OK"
19179,10144942113,10144942147,1,"IOTHUB_CLIENT_CONFIRMATION_OK"
19180,10144942313,10144942348,1,"IOTHUB_CLIENT_CONFIRMATION_OK"
19181,10144942513,10144942547,1,"IOTHUB_CLIENT_CONFIRMATION_OK"
19182,10144942713,10144942769,1,"IOTHUB_CLIENT_CONFIRMATION_OK"
19183,10144942914,10144942947,1,"IOTHUB_CLIENT_CONFIRMATION_OK"
19184,10144943114,10144943141,1,"IOTHUB_CLIENT_CONFIRMATION_OK"
19185,10144943314,10144943396,1,"IOTHUB_CLIENT_CONFIRMATION_OK"
19186,10144943514,10144943547,1,"IOTHUB_CLIENT_CONFIRMATION_OK"
19187,10144943714,10144943747,1,"IOTHUB_CLIENT_CONFIRMATION_OK"
19188,10144943914,10144943945,1,"IOTHUB_CLIENT_CONFIRMATION_OK"
19189,10144944115,10144944157,1,"IOTHUB_CLIENT_CONFIRMATION_OK"
19190,10144944315,10144944462,1,"IOTHUB_CLIENT_CONFIRMATION_OK"
19191,10144944515,10144944543,1,"IOTHUB_CLIENT_CONFIRMATION_OK"
19192,10144944715,10144944747,1,"IOTHUB_CLIENT_CONFIRMATION_OK"
19193,10144944915,10144945048,1,"IOTHUB_CLIENT_CONFIRMATION_OK"
19194,10144945115,10144945147,1,"IOTHUB_CLIENT_CONFIRMATION_OK"
19195,10144945315,10144945348,1,"IOTHUB_CLIENT_CONFIRMATION_OK"
19196,10144945516,10144945641,1,"IOTHUB_CLIENT_CONFIRMATION_OK"
19197,10144945716,10144945754,1,"IOTHUB_CLIENT_CONFIRMATION_OK"
19198,10144945916,10144946066,1,"IOTHUB_CLIENT_CONFIRMATION_OK"
19199,10144946116,10144946147,1,"IOTHUB_CLIENT_CONFIRMATION_OK"
19200,10144946316,10144946371,1,"IOTHUB_CLIENT_CONFIRMATION_OK"
19201,10144946516,10144946549,1,"IOTHUB_CLIENT_CONFIRMATION_OK"
19202,10144946717,10144946748,1,"IOTHUB_CLIENT_CONFIRMATION_OK"
19203,10144946917,10144946951,1,"IOTHUB_CLIENT_CONFIRMATION_OK"
19204,10144947117,10144947149,1,"IOTHUB_CLIENT_CONFIRMATION_OK"
19205,10144947317,10144947345,1,"IOTHUB_CLIENT_CONFIRMATION_OK"
19206,10144947517,10144947722,1,"IOTHUB_CLIENT_CONFIRMATION_OK"
19207,10144947717,10144947751,1,"IOTHUB_CLIENT_CONFIRMATION_OK"
19208,10144947917,10144947960,1,"IOTHUB_CLIENT_CONFIRMATION_OK"
19209,10144948118,10144948150,1,"IOTHUB_CLIENT_CONFIRMATION_OK"
19210,10144948318,10144948350,1,"IOTHUB_CLIENT_CONFIRMATION_OK"
19211,10144948518,10144948555,1,"IOTHUB_CLIENT_CONFIRMATION_OK"
19212,10144948718,10144948754,1,"IOTHUB_CLIENT_CONFIRMATION_OK"
19213,10144948918,10144948950,1,"IOTHUB_CLIENT_CONFIRMATION_OK"
19214,10144949118,10144949147,1,"IOTHUB_CLIENT_CONFIRMATION_OK"
19215,10144949319,10144949348,1,"IOTHUB_CLIENT_CONFIRMATION_OK"
19216,10144949519,10144949554,1,"IOTHUB_CLIENT_CONFIRMATION_OK"
19217,10144949719,10144949757,1,"IOTHUB_CLIENT_CONFIRMATION_OK"
19218,10144949919,10144949950,1,"IOTHUB_CLIENT_CONFIRMATION_OK"
19219,10144950119,10144950153,1,"IOTHUB_CLIENT_CONFIRMATION_OK"
19220,10144950319,10144950411,1,"IOTHUB_CLIENT_CONFIRMATION_OK"
19221,10144950519,10144950551,1,"IOTHUB_CLIENT_CONFIRMATION_OK"
19222,10144950720,10144950808,1,"IOTHUB_CLIENT_CONFIRMATION_OK"
19223,10144950920,10144950951,1,"IOTHUB_CLIENT_CONFIRMATION_OK"
19224,10144951120,10144951167,1,"IOTHUB_CLIENT_CONFIRMATION_OK"
19225,10144951320,10144951454,1,"IOTHUB_CLIENT_CONFIRMATION_OK"
19226,10144951520,10144951553,1,"IOTHUB_CLIENT_CONFIRMATION_OK"
19227,10144951720,10144951756,1,"IOTHUB_CLIENT_CONFIRMATION_OK"
19228,10144951921,10144951951,1,"IOTHUB_CLIENT_CONFIRMATION_OK"
19229,10144952121,10144952152,1,"IOTHUB_CLIENT_CONFIRMATION_OK"
19230,10144952321,10144952489,1,"IOTHUB_CLIENT_CONFIRMATION_OK"
19231,10144952521,10144952557,1,"IOTHUB_CLIENT_CONFIRMATION_OK"
19232,10144952721,10144952795,1,"IOTHUB_CLIENT_CONFIRMATION_OK"
19233,10144952921,10144953096,1,"IOTHUB_CLIENT_CONFIRMATION_OK"
19234,10144953121,10144953173,1,"IOTHUB_CLIENT_CONFIRMATION_OK"
19235,10144953322,10144953354,1,"IOTHUB_CLIENT_CONFIRMATION_OK"
19236,10144953522,10144953562,1,"IOTHUB_CLIENT_CONFIRMATION_OK"
19237,10144953722,10144953750,1,"IOTHUB_CLIENT_CONFIRMATION_OK"
19238,10144953922,10144953953,1,"IOTHUB_CLIENT_CONFIRMATION_OK"
19239,10144954122,10144954174,1,"IOTHUB_CLIENT_CONFIRMATION_OK"
19240,10144954322,10144954365,1,"IOTHUB_CLIENT_CONFIRMATION_OK"
19241,10144954523,10144954553,1,"IOTHUB_CLIENT_CONFIRMATION_OK"
19242,10144954723,10144954753,1,"IOTHUB_CLIENT_CONFIRMATION_OK"
19243,10144954923,10144954955,1,"IOTHUB_CLIENT_CONFIRMATION_OK"
19244,10144955123,10144955171,1,"IOTHUB_CLIENT_CONFIRMATION_OK"
19245,10144955323,10144955354,1,"IOTHUB_CLIENT_CONFIRMATION_OK"
19246,10144955523,10144955556,1,"IOTHUB_CLIENT_CONFIRMATION_OK"
19247,10144955723,10144955789,1,"IOTHUB_CLIENT_CONFIRMATION_OK"
19248,10144955924,10144955957,1,"IOTHUB_CLIENT_CONFIRMATION_OK"
19249,10144956124,10144956212,1,"IOTHUB_CLIENT_CONFIRMATION_OK"
19250,10144956324,10144956365,1,"IOTHUB_CLIENT_CONFIRMATION_OK"
19251,10144956524,10144956555,1,"IOTHUB_CLIENT_CONFIRMATION_OK"
19252,10144956724,10144956841,1,"IOTHUB_CLIENT_CONFIRMATION_OK"
19253,10144956924,10144956953,1,"IOTHUB_CLIENT_CONFIRMATION_OK"
19254,10144957125,10144957167,1,"IOTHUB_CLIENT_CONFIRMATION_OK"
19255,10144957325,10144957355,1,"IOTHUB_CLIENT_CONFIRMATION_OK"
19256,10144957525,10144957560,1,"IOTHUB_CLIENT_CONFIRMATION_OK"
19257,10144957725,10144957902,1,"IOTHUB_CLIENT_CONFIRMATION_OK"
19258,10144957925,10144957962,1,"IOTHUB_CLIENT_CONFIRMATION_OK"
19259,10144958126,10144958155,1,"IOTHUB_CLIENT_CONFIRMATION_OK"
19260,10144958326,10144958380,1,"IOTHUB_CLIENT_CONFIRMATION_OK"
19261,10144958526,10144958558,1,"IOTHUB_CLIENT_CONFIRMATION_OK"
19262,10144958726,10144958754,1,"IOTHUB_CLIENT_CONFIRMATION_OK"
19263,10144958926,10144958957,1,"IOTHUB_CLIENT_CONFIRMATION_OK"
19264,10144959126,10144959156,1,"IOTHUB_CLIENT_CONFIRMATION_OK"
19265,10144959327,10144959362,1,"IOTHUB_CLIENT_CONFIRMATION_OK"
19266,10144959527,10144959574,1,"IOTHUB_CLIENT_CONFIRMATION_OK"
19267,10144959727,10144959756,1,"IOTHUB_CLIENT_CONFIRMATION_OK"
19268,10144959927,10144959968,1,"IOTHUB_CLIENT_CONFIRMATION_OK"
19269,10144960127,10144960158,1,"IOTHUB_CLIENT_CONFIRMATION_OK"
19270,10144960327,10144960381,1,"IOTHUB_CLIENT_CONFIRMATION_OK"
19271,10144960528,10144960600,1,"IOTHUB_CLIENT_CONFIRMATION_OK"
19272,10144960728,10144960756,1,"IOTHUB_CLIENT_CONFIRMATION_OK"
19273,10144960928,10144960996,1,"IOTHUB_CLIENT_CONFIRMATION_OK"
19274,10144961128,10144961167,1,"IOTHUB_CLIENT_CONFIRMATION_OK"
19275,10144961328,10144961362,1,"IOTHUB_CLIENT_CONFIRMATION_OK"
19276,10144961528,10144961617,1,"IOTHUB_CLIENT_CONFIRMATION_OK"
19277,10144961728,10144961760,1,"IOTHUB_CLIENT_CONFIRMATION_OK"
19278,10144961929,10144961963,1,"IOTHUB_CLIENT_CONFIRMATION_OK"
19279,10144962129,10144962159,1,"IOTHUB_CLIENT_CONFIRMATION_OK"
19280,10144962329,10144962361,1,"IOTHUB_CLIENT_CONFIRMATION_OK"
19281,10144962529,10144962632,1,"IOTHUB_CLIENT_CONFIRMATION_OK"
19282,10144962729,10144962769,1,"IOTHUB_CLIENT_CONFIRMATION_OK"
19283,10144962929,10144962989,1,"IOTHUB_CLIENT_CONFIRMATION_OK"
19284,10144963130,10144963258,1,"IOTHUB_CLIENT_CONFIRMATION_OK"
19285,10144963330,10144963359,1,"IOTHUB_CLIENT_CONFIRMATION_OK"
19286,10144963530,10144963562,1,"IOTHUB_CLIENT_CONFIRMATION_OK"
19287,10144963730,10144963763,1,"IOTHUB_CLIENT_CONFIRMATION_OK"
19288,10144963930,10144963968,1,"IOTHUB_CLIENT_CONFIRMATION_OK"
19289,10144964130,10144964275,1,"IOTHUB_CLIENT_CONFIRMATION_OK"
19290,10144964330,10144964367,1,"IOTHUB_CLIENT_CONFIRMATION_OK"
19291,10144964531,10144964564,1,"IOTHUB_CLIENT_CONFIRMATION_OK"
19292,10144964731,10144964764,1,"IOTHUB_CLIENT_CONFIRMATION_OK"
19293,10144964931,10144964962,1,"IOTHUB_CLIENT_CONFIRMATION_OK"
19294,10144965131,10144965162,1,"IOTHUB_CLIENT_CONFIRMATION_OK"
19295,10144965331,10144965361,1,"IOTHUB_CLIENT_CONFIRMATION_OK"
19296,10144965532,10144965562,1,"IOTHUB_CLIENT_CONFIRMATION_OK"
19297,10144965732,10144965916,1,"IOTHUB_CLIENT_CONFIRMATION_OK"
19298,10144965932,10144965961,1,"IOTHUB_CLIENT_CONFIRMATION_OK"
19299,10144966132,10144966212,1,"IOTHUB_CLIENT_CONFIRMATION_OK"
19300,10144966332,10144966429,1,"IOTHUB_CLIENT_CONFIRMATION_OK"
19301,10144966532,10144966562,1,"IOTHUB_CLIENT_CONFIRMATION_OK"
19302,10144966733,10144966770,1,"IOTHUB_CLIENT_CONFIRMATION_OK"
19303,10144966933,10144966965,1,"IOTHUB_CLIENT_CONFIRMATION_OK"
19304,10144967133,10144967162,1,"IOTHUB_CLIENT_CONFIRMATION_OK"
19305,10144967333,10144967446,1,"IOTHUB_CLIENT_CONFIRMATION_OK"
19306,10144967533,10144967564,1,"IOTHUB_CLIENT_CONFIRMATION_OK"
19307,10144967733,10144967766,1,"IOTHUB_CLIENT_CONFIRMATION_OK"
19308,10144967933,10144968079,1,"IOTHUB_CLIENT_CONFIRMATION_OK"
19309,10144968134,10144968177,1,"IOTHUB_CLIENT_CONFIRMATION_OK"
19310,10144968334,10144968365,1,"IOTHUB_CLIENT_CONFIRMATION_OK"
19311,10144968534,10144968615,1,"IOTHUB_CLIENT_CONFIRMATION_OK"
19312,10144968734,10144968764,1,"IOTHUB_CLIENT_CONFIRMATION_OK"
19313,10144968934,10144968964,1,"IOTHUB_CLIENT_CONFIRMATION_OK"
19314,10144969134,10144969168,1,"IOTHUB_CLIENT_CONFIRMATION_OK"
19315,10144969335,10144969634,1,"IOTHUB_CLIENT_CONFIRMATION_OK"
19316,10144969535,10144970070,1,"IOTHUB_CLIENT_CONFIRMATION_OK"
19317,10144969735,10144970137,1,"IOTHUB_CLIENT_CONFIRMATION_OK"
19318,10144969935,10144970327,1,"IOTHUB_CLIENT_CONFIRMATION_OK"
19319,10144970135,10144970352,1,"IOTHUB_CLIENT_CONFIRMATION_OK"
19320,10144970335,10144970375,1,"IOTHUB_CLIENT_CONFIRMATION_OK"
19321,10144970536,10144970566,1,"IOTHUB_CLIENT_CONFIRMATION_OK"
19322,10144970736,10144970764,1,"IOTHUB_CLIENT_CONFIRMATION_OK"
19323,10144970936,10144970972,1,"IOTHUB_CLIENT_CONFIRMATION_OK"
19324,10144971136,10144971239,1,"IOTHUB_CLIENT_CONFIRMATION_OK"
19325,10144971336,10144971445,1,"IOTHUB_CLIENT_CONFIRMATION_OK"
19326,10144971536,10144971569,1,"IOTHUB_CLIENT_CONFIRMATION_OK"
19327,10144971737,10144972025,1,"IOTHUB_CLIENT_CONFIRMATION_OK"
19328,10144971937,10144972065,1,"IOTHUB_CLIENT_CONFIRMATION_OK"
19329,10144972137,10144972171,1,"IOTHUB_CLIENT_CONFIRMATION_OK"
19330,10144972337,10144972376,1,"IOTHUB_CLIENT_CONFIRMATION_OK"
19331,10144972537,10144972566,1,"IOTHUB_CLIENT_CONFIRMATION_OK"
19332,10144972737,10144972838,1,"IOTHUB_CLIENT_CONFIRMATION_OK"
19333,10144972937,10144972975,1,"IOTHUB_CLIENT_CONFIRMATION_OK"
19334,10144973138,10144973171,1,"IOTHUB_CLIENT_CONFIRMATION_OK"
19335,10144973338,10144973455,1,"IOTHUB_CLIENT_CONFIRMATION_OK"
19336,10144973538,10144973580,1,"IOTHUB_CLIENT_CONFIRMATION_OK"
19337,10144973738,10144973779,1,"IOTHUB_CLIENT_CONFIRMATION_OK"
19338,10144973938,10144973980,1,"IOTHUB_CLIENT_CONFIRMATION_OK"
19339,10144974138,10144974187,1,"IOTHUB_CLIENT_CONFIRMATION_OK"
19340,10144974339,10144974489,1,"IOTHUB_CLIENT_CONFIRMATION_OK"
19341,10144974539,10144974569,1,"IOTHUB_CLIENT_CONFIRMATION_OK"
19342,10144974739,10144974776,1,"IOTHUB_CLIENT_CONFIRMATION_OK"
19343,10144974939,10144974974,1,"IOTHUB_CLIENT_CONFIRMATION_OK"
19344,10144975139,10144975180,1,"IOTHUB_CLIENT_CONFIRMATION_OK"
19345,10144975339,10144975369,1,"IOTHUB_CLIENT_CONFIRMATION_OK"
19346,10144975540,10144975569,1,"IOTHUB_CLIENT_CONFIRMATION_OK"
19347,10144975740,10144975770,1,"IOTHUB_CLIENT_CONFIRMATION_OK"
19348,10144975940,10144975971,1,"IOTHUB_CLIENT_CONFIRMATION_OK"
19349,10144976140,10144976171,1,"IOTHUB_CLIENT_CONFIRMATION_OK"
19350,10144976340,10144976372,1,"IOTHUB_CLIENT_CONFIRMATION_OK"
19351,10144976540,10144976678,1,"IOTHUB_CLIENT_CONFIRMATION_OK"
19352,10144976740,10144976772,1,"IOTHUB_CLIENT_CONFIRMATION_OK"
19353,10144976941,10144976985,1,"IOTHUB_CLIENT_CONFIRMATION_OK"
19354,10144977141,10144977177,1,"IOTHUB_CLIENT_CONFIRMATION_OK"
19355,10144977341,10144977372,1,"IOTHUB_CLIENT_CONFIRMATION_OK"
19356,10144977541,10144977693,1,"IOTHUB_CLIENT_CONFIRMATION_OK"
19357,10144977741,10144977771,1,"IOTHUB_CLIENT_CONFIRMATION_OK"
19358,10144977941,10144977981,1,"IOTHUB_CLIENT_CONFIRMATION_OK"
19359,10144978142,10144978170,1,"IOTHUB_CLIENT_CONFIRMATION_OK"
19360,10144978342,10144978371,1,"IOTHUB_CLIENT_CONFIRMATION_OK"
19361,10144978542,10144978572,1,"IOTHUB_CLIENT_CONFIRMATION_OK"
19362,10144978742,10144978776,1,"IOTHUB_CLIENT_CONFIRMATION_OK"
19363,10144978942,10144978978,1,"IOTHUB_CLIENT_CONFIRMATION_OK"
19364,10144979142,10144979335,1,"IOTHUB_CLIENT_CONFIRMATION_OK"
19365,10144979342,10144979372,1,"IOTHUB_CLIENT_CONFIRMATION_OK"
19366,10144979543,10144979577,1,"IOTHUB_CLIENT_CONFIRMATION_OK"
19367,10144979743,10144979774,1,"IOTHUB_CLIENT_CONFIRMATION_OK"
19368,10144979943,10144979983,1,"IOTHUB_CLIENT_CONFIRMATION_OK"
19369,10144980143,10144980172,1,"IOTHUB_CLIENT_CONFIRMATION_OK"
19370,10144980343,10144980382,1,"IOTHUB_CLIENT_CONFIRMATION_OK"
19371,10144980543,10144980583,1,"IOTHUB_CLIENT_CONFIRMATION_OK"
19372,10144980743,10144980773,1,"IOTHUB_CLIENT_CONFIRMATION_OK"
19373,10144980944,10144980973,1,"IOTHUB_CLIENT_CONFIRMATION_OK"
19374,10144981144,10144981176,1,"IOTHUB_CLIENT_CONFIRMATION_OK"
19375,10144981344,10144981376,1,"IOTHUB_CLIENT_CONFIRMATION_OK"
19376,10144981544,10144981575,1,"IOTHUB_CLIENT_CONFIRMATION_OK"
19377,10144981744,10144981778,1,"IOTHUB_CLIENT_CONFIRMATION_OK"
19378,10144981944,10144981982,1,"IOTHUB_CLIENT_CONFIRMATION_OK"
19379,10144982145,10144982176,1,"IOTHUB_CLIENT_CONFIRMATION_OK"
19380,10144982345,10144982380,1,"IOTHUB_CLIENT_CONFIRMATION_OK"
19381,10144982545,10144982583,1,"IOTHUB_CLIENT_CONFIRMATION_OK"
19382,10144982745,10144982777,1,"IOTHUB_CLIENT_CONFIRMATION_OK"
19383,10144982945,10144983016,1,"IOTHUB_CLIENT_CONFIRMATION_OK"
19384,10144983146,10144983190,1,"IOTHUB_CLIENT_CONFIRMATION_OK"
19385,10144983346,10144983375,1,"IOTHUB_CLIENT_CONFIRMATION_OK"
19386,10144983546,10144983625,1,"IOTHUB_CLIENT_CONFIRMATION_OK"
19387,10144983746,10144983779,1,"IOTHUB_CLIENT_CONFIRMATION_OK"
19388,10144983946,10144983976,1,"IOTHUB_CLIENT_CONFIRMATION_OK"
19389,10144984146,10144984184,1,"IOTHUB_CLIENT_CONFIRMATION_OK"
19390,10144984346,10144984401,1,"IOTHUB_CLIENT_CONFIRMATION_OK"
19391,10144984547,10144984666,1,"IOTHUB_CLIENT_CONFIRMATION_OK"
19392,10144984747,10144984779,1,"IOTHUB_CLIENT_CONFIRMATION_OK"
19393,10144984947,10144984982,1,"IOTHUB_CLIENT_CONFIRMATION_OK"
19394,10144985147,10144985179,1,"IOTHUB_CLIENT_CONFIRMATION_OK"
19395,10144985347,10144985379,1,"IOTHUB_CLIENT_CONFIRMATION_OK"
19396,10144985547,10144985590,1,"IOTHUB_CLIENT_CONFIRMATION_OK"
19397,10144985747,10144985778,1,"IOTHUB_CLIENT_CONFIRMATION_OK"
19398,10144985948,10144985979,1,"IOTHUB_CLIENT_CONFIRMATION_OK"
19399,10144986148,10144986188,1,"IOTHUB_CLIENT_CONFIRMATION_OK"
19400,10144986348,10144986385,1,"IOTHUB_CLIENT_CONFIRMATION_OK"
19401,10144986548,10144986587,1,"IOTHUB_CLIENT_CONFIRMATION_OK"
19402,10144986748,10144986817,1,"IOTHUB_CLIENT_CONFIRMATION_OK"
19403,10144986948,10144986981,1,"IOTHUB_CLIENT_CONFIRMATION_OK"
19404,10144987149,10144987180,1,"IOTHUB_CLIENT_CONFIRMATION_OK"
19405,10144987349,10144987379,1,"IOTHUB_CLIENT_CONFIRMATION_OK"
19406,10144987549,10144987577,1,"IOTHUB_CLIENT_CONFIRMATION_OK"
19407,10144987749,10144987834,1,"IOTHUB_CLIENT_CONFIRMATION_OK"
19408,10144987949,10144987977,1,"IOTHUB_CLIENT_CONFIRMATION_OK"
19409,10144988149,10144988180,1,"IOTHUB_CLIENT_CONFIRMATION_OK"
19410,10144988349,10144988438,1,"IOTHUB_CLIENT_CONFIRMATION_OK"
19411,10144988550,10144988587,1,"IOTHUB_CLIENT_CONFIRMATION_OK"
19412,10144988750,10144988789,1,"IOTHUB_CLIENT_CONFIRMATION_OK"
19413,10144988950,10144988982,1,"IOTHUB_CLIENT_CONFIRMATION_OK"
19414,10144989150,10144989181,1,"IOTHUB_CLIENT_CONFIRMATION_OK"
19415,10144989350,10144989450,1,"IOTHUB_CLIENT_CONFIRMATION_OK"
19416,10144989550,10144989581,1,"IOTHUB_CLIENT_CONFIRMATION_OK"
19417,10144989750,10144989783,1,"IOTHUB_CLIENT_CONFIRMATION_OK"
19418,10144989951,10144990086,1,"IOTHUB_CLIENT_CONFIRMATION_OK"
19419,10144990151,10144990184,1,"IOTHUB_CLIENT_CONFIRMATION_OK"
19420,10144990351,10144990387,1,"IOTHUB_CLIENT_CONFIRMATION_OK"
19421,10144990551,10144990655,1,"IOTHUB_CLIENT_CONFIRMATION_OK"
19422,10144990751,10144990843,1,"IOTHUB_CLIENT_CONFIRMATION_OK"
19423,10144990951,10144991088,1,"IOTHUB_CLIENT_CONFIRMATION_OK"
19424,10144991152,10144991193,1,"IOTHUB_CLIENT_CONFIRMATION_OK"
19425,10144991352,10144991382,1,"IOTHUB_CLIENT_CONFIRMATION_OK"
19426,10144991552,10144991586,1,"IOTHUB_CLIENT_CONFIRMATION_OK"
19427,10144991752,10144991787,1,"IOTHUB_CLIENT_CONFIRMATION_OK"
19428,10144991952,10144991981,1,"IOTHUB_CLIENT_CONFIRMATION_OK"
19429,10144992152,10144992183,1,"IOTHUB_CLIENT_CONFIRMATION_OK"
19430,10144992352,10144992384,1,"IOTHUB_CLIENT_CONFIRMATION_OK"
19431,10144992553,10144992729,1,"IOTHUB_CLIENT_CONFIRMATION_OK"
19432,10144992753,10144992782,1,"IOTHUB_CLIENT_CONFIRMATION_OK"
19433,10144992953,10144992989,1,"IOTHUB_CLIENT_CONFIRMATION_OK"
19434,10144993153,10144993184,1,"IOTHUB_CLIENT_CONFIRMATION_OK"
19435,10144993353,10144993394,1,"IOTHUB_CLIENT_CONFIRMATION_OK"
19436,10144993553,10144993599,1,"IOTHUB_CLIENT_CONFIRMATION_OK"
19437,10144993753,10144993786,1,"IOTHUB_CLIENT_CONFIRMATION_OK"
19438,10144993954,10144993984,1,"IOTHUB_CLIENT_CONFIRMATION_OK"
19439,10144994154,10144994185,1,"IOTHUB_CLIENT_CONFIRMATION_OK"
19440,10144994354,10144994384,1,"IOTHUB_CLIENT_CONFIRMATION_OK"
19441,10144994554,10144994590,1,"IOTHUB_CLIENT_CONFIRMATION_OK"
19442,10144994754,10144994806,1,"IOTHUB_CLIENT_CONFIRMATION_OK"
19443,10144994954,10144994986,1,"IOTHUB_CLIENT_CONFIRMATION_OK"
19444,10144995155,10144995187,1,"IOTHUB_CLIENT_CONFIRMATION_OK"
19445,10144995355,10144995427,1,"IOTHUB_CLIENT_CONFIRMATION_OK"
19446,10144995555,10144995584,1,"IOTHUB_CLIENT_CONFIRMATION_OK"
19447,10144995755,10144995954,1,"IOTHUB_CLIENT_CONFIRMATION_OK"
19448,10144995955,10144995986,1,"IOTHUB_CLIENT_CONFIRMATION_OK"
19449,10144996155,10144996186,1,"IOTHUB_CLIENT_CONFIRMATION_OK"
19450,10144996355,10144996412,1,"IOTHUB_CLIENT_CONFIRMATION_OK"
19451,10144996556,10144996583,1,"IOTHUB_CLIENT_CONFIRMATION_OK"
19452,10144996756,10144996799,1,"IOTHUB_CLIENT_CONFIRMATION_OK"
19453,10144996956,10144996988,1,"IOTHUB_CLIENT_CONFIRMATION_OK"
19454,10144997156,10144997190,1,"IOTHUB_CLIENT_CONFIRMATION_OK"
19455,10144997356,10144997580,1,"IOTHUB_CLIENT_CONFIRMATION_OK"
19456,10144997556,10144997645,1,"IOTHUB_CLIENT_CONFIRMATION_OK"
19457,10144997757,10144997792,1,"IOTHUB_CLIENT_CONFIRMATION_OK"
19458,10144997957,10144997992,1,"IOTHUB_CLIENT_CONFIRMATION_OK"
19459,10144998157,10144998188,1,"IOTHUB_CLIENT_CONFIRMATION_OK"
19460,10144998357,10144998387,1,"IOTHUB_CLIENT_CONFIRMATION_OK"
19461,10144998557,10144998597,1,"IOTHUB_CLIENT_CONFIRMATION_OK"
19462,10144998757,10144998787,1,"IOTHUB_CLIENT_CONFIRMATION_OK"
19463,10144998957,10144999000,1,"IOTHUB_CLIENT_CONFIRMATION_OK"
19464,10144999158,10144999187,1,"IOTHUB_CLIENT_CONFIRMATION_OK"
19465,10144999358,10144999397,1,"IOTHUB_CLIENT_CONFIRMATION_OK"
19466,10144999558,10144999635,1,"IOTHUB_CLIENT_CONFIRMATION_OK"
19467,10144999758,10144999838,1,"IOTHUB_CLIENT_CONFIRMATION_OK"
19468,10144999958,10144999994,1,"IOTHUB_CLIENT_CONFIRMATION_OK"
19469,10145000158,10145000243,1,"IOTHUB_CLIENT_CONFIRMATION_OK"
19470,10145000359,10145000391,1,"IOTHUB_CLIENT_CONFIRMATION_OK"
19471,10145000559,10145000589,1,"IOTHUB_CLIENT_CONFIRMATION_OK"
19472,10145000759,10145000787,1,"IOTHUB_CLIENT_CONFIRMATION_OK"
19473,10145000959,10145000991,1,"IOTHUB_CLIENT_CONFIRMATION_OK"
19474,10145001159,10145001286,1,"IOTHUB_CLIENT_CONFIRMATION_OK"
19475,10145001359,10145001389,1,"IOTHUB_CLIENT_CONFIRMATION_OK"
19476,10145001559,10145001592,1,"IOTHUB_CLIENT_CONFIRMATION_OK"
19477,10145001760,10145001789,1,"IOTHUB_CLIENT_CONFIRMATION_OK"
19478,10145001960,10145001991,1,"IOTHUB_CLIENT_CONFIRMATION_OK"
19479,10145002160,10145002196,1,"IOTHUB_CLIENT_CONFIRMATION_OK"
19480,10145002360,10145002391,1,"IOTHUB_CLIENT_CONFIRMATION_OK"
19481,10145002560,10145002591,1,"IOTHUB_CLIENT_CONFIRMATION_OK"
19482,10145002760,10145002939,1,"IOTHUB_CLIENT_CONFIRMATION_OK"
19483,10145002961,10145002996,1,"IOTHUB_CLIENT_CONFIRMATION_OK"
19484,10145003161,10145003196,1,"IOTHUB_CLIENT_CONFIRMATION_OK"
19485,10145003361,10145003393,1,"IOTHUB_CLIENT_CONFIRMATION_OK"
19486,10145003561,10145003589,1,"IOTHUB_CLIENT_CONFIRMATION_OK"
19487,10145003761,10145003792,1,"IOTHUB_CLIENT_CONFIRMATION_OK"
19488,10145003961,10145003992,1,"IOTHUB_CLIENT_CONFIRMATION_OK"
19489,10145004161,10145004199,1,"IOTHUB_CLIENT_CONFIRMATION_OK"
19490,10145004362,10145004428,1,"IOTHUB_CLIENT_CONFIRMATION_OK"
19491,10145004562,10145004593,1,"IOTHUB_CLIENT_CONFIRMATION_OK"
19492,10145004762,10145004793,1,"IOTHUB_CLIENT_CONFIRMATION_OK"
19493,10145004962,10145005046,1,"IOTHUB_CLIENT_CONFIRMATION_OK"
19494,10145005162,10145005192,1,"IOTHUB_CLIENT_CONFIRMATION_OK"
19495,10145005362,10145005393,1,"IOTHUB_CLIENT_CONFIRMATION_OK"
19496,10145005563,10145005628,1,"IOTHUB_CLIENT_CONFIRMATION_OK"
19497,10145005763,10145005793,1,"IOTHUB_CLIENT_CONFIRMATION_OK"
19498,10145005963,10145006079,1,"IOTHUB_CLIENT_CONFIRMATION_OK"
19499,10145006163,10145006193,1,"IOTHUB_CLIENT_CONFIRMATION_OK"
19500,10145006363,10145006395,1,"IOTHUB_CLIENT_CONFIRMATION_OK"
19501,10145006563,10145006594,1,"IOTHUB_CLIENT_CONFIRMATION_OK"
19502,10145006763,10145006794,1,"IOTHUB_CLIENT_CONFIRMATION_OK"
19503,10145006964,10145006996,1,"IOTHUB_CLIENT_CONFIRMATION_OK"
19504,10145007164,10145007205,1,"IOTHUB_CLIENT_CONFIRMATION_OK"
19505,10145007364,10145007395,1,"IOTHUB_CLIENT_CONFIRMATION_OK"
19506,10145007564,10145007760,1,"IOTHUB_CLIENT_CONFIRMATION_OK"
19507,10145007764,10145007798,1,"IOTHUB_CLIENT_CONFIRMATION_OK"
19508,10145007965,10145007998,1,"IOTHUB_CLIENT_CONFIRMATION_OK"
19509,10145008165,10145008195,1,"IOTHUB_CLIENT_CONFIRMATION_OK"
19510,10145008365,10145008464,1,"IOTHUB_CLIENT_CONFIRMATION_OK"
19511,10145008565,10145008596,1,"IOTHUB_CLIENT_CONFIRMATION_OK"
19512,10145008765,10145008794,1,"IOTHUB_CLIENT_CONFIRMATION_OK"
19513,10145008965,10145008997,1,"IOTHUB_CLIENT_CONFIRMATION_OK"
19514,10145009165,10145009196,1,"IOTHUB_CLIENT_CONFIRMATION_OK"
19515,10145009366,10145009404,1,"IOTHUB_CLIENT_CONFIRMATION_OK"
19516,10145009566,10145009601,1,"IOTHUB_CLIENT_CONFIRMATION_OK"
19517,10145009766,10145009797,1,"IOTHUB_CLIENT_CONFIRMATION_OK"
19518,10145009966,10145009997,1,"IOTHUB_CLIENT_CONFIRMATION_OK"
19519,10145010166,10145010199,1,"IOTHUB_CLIENT_CONFIRMATION_OK"
19520,10145010366,10145010404,1,"IOTHUB_CLIENT_CONFIRMATION_OK"
19521,10145010567,10145010599,1,"IOTHUB_CLIENT_CONFIRMATION_OK"
19522,10145010767,10145010810,1,"IOTHUB_CLIENT_CONFIRMATION_OK"
19523,10145010967,10145010999,1,"IOTHUB_CLIENT_CONFIRMATION_OK"
19524,10145011167,10145011204,1,"IOTHUB_CLIENT_CONFIRMATION_OK"
19525,10145011367,10145011417,1,"IOTHUB_CLIENT_CONFIRMATION_OK"
19526,10145011567,10145011607,1,"IOTHUB_CLIENT_CONFIRMATION_OK"
19527,10145011768,10145011798,1,"IOTHUB_CLIENT_CONFIRMATION_OK"
19528,10145011968,10145012053,1,"IOTHUB_CLIENT_CONFIRMATION_OK"
19529,10145012168,10145012198,1,"IOTHUB_CLIENT_CONFIRMATION_OK"
19530,10145012368,10145012445,1,"IOTHUB_CLIENT_CONFIRMATION_OK"
19531,10145012568,10145012599,1,"IOTHUB_CLIENT_CONFIRMATION_OK"
19532,10145012768,10145012798,1,"IOTHUB_CLIENT_CONFIRMATION_OK"
19533,10145012969,10145013102,1,"IOTHUB_CLIENT_CONFIRMATION_OK"
19534,10145013169,10145013197,1,"IOTHUB_CLIENT_CONFIRMATION_OK"
19535,10145013369,10145013400,1,"IOTHUB_CLIENT_CONFIRMATION_OK"
19536,10145013569,10145013738,1,"IOTHUB_CLIENT_CONFIRMATION_OK"
19537,10145013769,10145013800,1,"IOTHUB_CLIENT_CONFIRMATION_OK"
19538,10145013969,10145014153,1,"IOTHUB_CLIENT_CONFIRMATION_OK"
19539,10145014169,10145014199,1,"IOTHUB_CLIENT_CONFIRMATION_OK"
19540,10145014370,10145014402,1,"IOTHUB_CLIENT_CONFIRMATION_OK"
19541,10145014570,10145014600,1,"IOTHUB_CLIENT_CONFIRMATION_OK"
19542,10145014770,10145014800,1,"IOTHUB_CLIENT_CONFIRMATION_OK"
19543,10145014970,10145015007,1,"IOTHUB_CLIENT_CONFIRMATION_OK"
19544,10145015170,10145015205,1,"IOTHUB_CLIENT_CONFIRMATION_OK"
19545,10145015370,10145015402,1,"IOTHUB_CLIENT_CONFIRMATION_OK"
19546,10145015571,10145015603,1,"IOTHUB_CLIENT_CONFIRMATION_OK"
19547,10145015771,10145015813,1,"IOTHUB_CLIENT_CONFIRMATION_OK"
19548,10145015971,10145016013,1,"IOTHUB_CLIENT_CONFIRMATION_OK"
19549,10145016171,10145016204,1,"IOTHUB_CLIENT_CONFIRMATION_OK"
19550,10145016371,10145016403,1,"IOTHUB_CLIENT_CONFIRMATION_OK"
19551,10145016571,10145016604,1,"IOTHUB_CLIENT_CONFIRMATION_OK"
19552,10145016771,10145016854,1,"IOTHUB_CLIENT_CONFIRMATION_OK"
19553,10145016972,10145017027,1,"IOTHUB_CLIENT_CONFIRMATION_OK"
19554,10145017172,10145017209,1,"IOTHUB_CLIENT_CONFIRMATION_OK"
19555,10145017372,10145017401,1,"IOTHUB_CLIENT_CONFIRMATION_OK"
19556,10145017572,10145017618,1,"IOTHUB_CLIENT_CONFIRMATION_OK"
19557,10145017772,10145017820,1,"IOTHUB_CLIENT_CONFIRMATION_OK"
19558,10145017972,10145018014,1,"IOTHUB_CLIENT_CONFIRMATION_OK"
19559,10145018173,10145018204,1,"IOTHUB_CLIENT_CONFIRMATION_OK"
19560,10145018373,10145018442,1,"IOTHUB_CLIENT_CONFIRMATION_OK"
19561,10145018573,10145018634,1,"IOTHUB_CLIENT_CONFIRMATION_OK"
19562,10145018773,10145018806,1,"IOTHUB_CLIENT_CONFIRMATION_OK"
19563,10145018973,10145019001,1,"IOTHUB_CLIENT_CONFIRMATION_OK"
19564,10145019173,10145019206,1,"IOTHUB_CLIENT_CONFIRMATION_OK"
19565,10145019373,10145019485,1,"IOTHUB_CLIENT_CONFIRMATION_OK"
19566,10145019574,10145019613,1,"IOTHUB_CLIENT_CONFIRMATION_OK"
19567,10145019774,10145019803,1,"IOTHUB_CLIENT_CONFIRMATION_OK"
19568,10145019974,10145020076,1,"IOTHUB_CLIENT_CONFIRMATION_OK"
19569,10145020174,10145020216,1,"IOTHUB_CLIENT_CONFIRMATION_OK"
19570,10145020374,10145020423,1,"IOTHUB_CLIENT_CONFIRMATION_OK"
19571,10145020574,10145020604,1,"IOTHUB_CLIENT_CONFIRMATION_OK"
19572,10145020774,10145020836,1,"IOTHUB_CLIENT_CONFIRMATION_OK"
19573,10145020975,10145021118,1,"IOTHUB_CLIENT_CONFIRMATION_OK"
19574,10145021175,10145021207,1,"IOTHUB_CLIENT_CONFIRMATION_OK"
19575,10145021375,10145021431,1,"IOTHUB_CLIENT_CONFIRMATION_OK"
19576,10145021575,10145021612,1,"IOTHUB_CLIENT_CONFIRMATION_OK"
19577,10145021775,10145021806,1,"IOTHUB_CLIENT_CONFIRMATION_OK"
19578,10145021975,10145022022,1,"IOTHUB_CLIENT_CONFIRMATION_OK"
19579,10145022176,10145022214,1,"IOTHUB_CLIENT_CONFIRMATION_OK"
19580,10145022376,10145022407,1,"IOTHUB_CLIENT_CONFIRMATION_OK"
19581,10145022576,10145022745,1,"IOTHUB_CLIENT_CONFIRMATION_OK"
19582,10145022776,10145022808,1,"IOTHUB_CLIENT_CONFIRMATION_OK"
19583,10145022976,10145023015,1,"IOTHUB_CLIENT_CONFIRMATION_OK"
19584,10145023176,10145023204,1,"IOTHUB_CLIENT_CONFIRMATION_OK"
19585,10145023377,10145023408,1,"IOTHUB_CLIENT_CONFIRMATION_OK"
19586,10145023577,10145023609,1,"IOTHUB_CLIENT_CONFIRMATION_OK"
19587,10145023777,10145023808,1,"IOTHUB_CLIENT_CONFIRMATION_OK"
19588,10145023977,10145024011,1,"IOTHUB_CLIENT_CONFIRMATION_OK"
19589,10145024177,10145024389,1,"IOTHUB_CLIENT_CONFIRMATION_OK"
19590,10145024377,10145024412,1,"IOTHUB_CLIENT_CONFIRMATION_OK"
19591,10145024577,10145024619,1,"IOTHUB_CLIENT_CONFIRMATION_OK"
19592,10145024778,10145024810,1,"IOTHUB_CLIENT_CONFIRMATION_OK"
19593,10145024978,10145025008,1,"IOTHUB_CLIENT_CONFIRMATION_OK"
19594,10145025178,10145025212,1,"IOTHUB_CLIENT_CONFIRMATION_OK"
19595,10145025378,10145025416,1,"IOTHUB_CLIENT_CONFIRMATION_OK"
19596,10145025578,10145025616,1,"IOTHUB_CLIENT_CONFIRMATION_OK"
19597,10145025779,10145025813,1,"IOTHUB_CLIENT_CONFIRMATION_OK"
19598,10145025979,10145026008,1,"IOTHUB_CLIENT_CONFIRMATION_OK"
19599,10145026179,10145026213,1,"IOTHUB_CLIENT_CONFIRMATION_OK"
19600,10145026379,10145026420,1,"IOTHUB_CLIENT_CONFIRMATION_OK"
19601,10145026579,10145026612,1,"IOTHUB_CLIENT_CONFIRMATION_OK"
19602,10145026780,10145026812,1,"IOTHUB_CLIENT_CONFIRMATION_OK"
19603,10145026980,10145027048,1,"IOTHUB_CLIENT_CONFIRMATION_OK"
19604,10145027180,10145027224,1,"IOTHUB_CLIENT_CONFIRMATION_OK"
19605,10145027380,10145027448,1,"IOTHUB_CLIENT_CONFIRMATION_OK"
19606,10145027580,10145027625,1,"IOTHUB_CLIENT_CONFIRMATION_OK"
19607,10145027780,10145027815,1,"IOTHUB_CLIENT_CONFIRMATION_OK"
19608,10145027980,10145028054,1,"IOTHUB_CLIENT_CONFIRMATION_OK"
19609,10145028181,10145028214,1,"IOTHUB_CLIENT_CONFIRMATION_OK"
19610,10145028381,10145028412,1,"IOTHUB_CLIENT_CONFIRMATION_OK"
19611,10145028581,10145028668,1,"IOTHUB_CLIENT_CONFIRMATION_OK"
19612,10145028781,10145028812,1,"IOTHUB_CLIENT_CONFIRMATION_OK"
19613,10145028981,10145029063,1,"IOTHUB_CLIENT_CONFIRMATION_OK"
19614,10145029181,10145029212,1,"IOTHUB_CLIENT_CONFIRMATION_OK"
19615,10145029381,10145029419,1,"IOTHUB_CLIENT_CONFIRMATION_OK"
19616,10145029582,10145029723,1,"IOTHUB_CLIENT_CONFIRMATION_OK"
19617,10145029782,10145029912,1,"IOTHUB_CLIENT_CONFIRMATION_OK"
19618,10145029982,10145030012,1,"IOTHUB_CLIENT_CONFIRMATION_OK"
19619,10145030182,10145030217,1,"IOTHUB_CLIENT_CONFIRMATION_OK"
19620,10145030382,10145030425,1,"IOTHUB_CLIENT_CONFIRMATION_OK"
19621,10145030582,10145030622,1,"IOTHUB_CLIENT_CONFIRMATION_OK"
19622,10145030783,10145030814,1,"IOTHUB_CLIENT_CONFIRMATION_OK"
19623,10145030983,10145031013,1,"IOTHUB_CLIENT_CONFIRMATION_OK"
19624,10145031183,10145031346,1,"IOTHUB_CLIENT_CONFIRMATION_OK"
19625,10145031383,10145031419,1,"IOTHUB_CLIENT_CONFIRMATION_OK"
19626,10145031583,10145031613,1,"IOTHUB_CLIENT_CONFIRMATION_OK"
19627,10145031783,10145031815,1,"IOTHUB_CLIENT_CONFIRMATION_OK"
19628,10145031983,10145032015,1,"IOTHUB_CLIENT_CONFIRMATION_OK"
19629,10145032184,10145032211,1,"IOTHUB_CLIENT_CONFIRMATION_OK"
19630,10145032384,10145032425,1,"IOTHUB_CLIENT_CONFIRMATION_OK"
19631,10145032584,10145032613,1,"IOTHUB_CLIENT_CONFIRMATION_OK"
19632,10145032784,10145032813,1,"IOTHUB_CLIENT_CONFIRMATION_OK"
19633,10145032984,10145033017,1,"IOTHUB_CLIENT_CONFIRMATION_OK"
19634,10145033184,10145033225,1,"IOTHUB_CLIENT_CONFIRMATION_OK"
19635,10145033385,10145033421,1,"IOTHUB_CLIENT_CONFIRMATION_OK"
19636,10145033585,10145033617,1,"IOTHUB_CLIENT_CONFIRMATION_OK"
19637,10145033785,10145033816,1,"IOTHUB_CLIENT_CONFIRMATION_OK"
19638,10145033985,10145034020,1,"IOTHUB_CLIENT_CONFIRMATION_OK"
19639,10145034185,10145034218,1,"IOTHUB_CLIENT_CONFIRMATION_OK"
19640,10145034385,10145034431,1,"IOTHUB_CLIENT_CONFIRMATION_OK"
19641,10145034586,10145034618,1,"IOTHUB_CLIENT_CONFIRMATION_OK"
19642,10145034786,10145034826,1,"IOTHUB_CLIENT_CONFIRMATION_OK"
19643,10145034986,10145035051,1,"IOTHUB_CLIENT_CONFIRMATION_OK"
19644,10145035186,10145035262,1,"IOTHUB_CLIENT_CONFIRMATION_OK"
19645,10145035386,10145035426,1,"IOTHUB_CLIENT_CONFIRMATION_OK"
19646,10145035586,10145035623,1,"IOTHUB_CLIENT_CONFIRMATION_OK"
19647,10145035786,10145035829,1,"IOTHUB_CLIENT_CONFIRMATION_OK"
19648,10145035987,10145036059,1,"IOTHUB_CLIENT_CONFIRMATION_OK"
19649,10145036187,10145036217,1,"IOTHUB_CLIENT_CONFIRMATION_OK"
19650,10145036387,10145036419,1,"IOTHUB_CLIENT_CONFIRMATION_OK"
19651,10145036587,10145036670,1,"IOTHUB_CLIENT_CONFIRMATION_OK"
19652,10145036787,10145036817,1,"IOTHUB_CLIENT_CONFIRMATION_OK"
19653,10145036987,10145037019,1,"IOTHUB_CLIENT_CONFIRMATION_OK"
19654,10145037187,10145037224,1,"IOTHUB_CLIENT_CONFIRMATION_OK"
19655,10145037388,10145037422,1,"IOTHUB_CLIENT_CONFIRMATION_OK"
19656,10145037588,10145037696,1,"IOTHUB_CLIENT_CONFIRMATION_OK"
19657,10145037788,10145037818,1,"IOTHUB_CLIENT_CONFIRMATION_OK"
19658,10145037988,10145038017,1,"IOTHUB_CLIENT_CONFIRMATION_OK"
19659,10145038188,10145038289,1,"IOTHUB_CLIENT_CONFIRMATION_OK"
19660,10145038388,10145038419,1,"IOTHUB_CLIENT_CONFIRMATION_OK"
19661,10145038588,10145038620,1,"IOTHUB_CLIENT_CONFIRMATION_OK"
19662,10145038789,10145038818,1,"IOTHUB_CLIENT_CONFIRMATION_OK"
19663,10145038989,10145039022,1,"IOTHUB_CLIENT_CONFIRMATION_OK"
19664,10145039189,10145039337,1,"IOTHUB_CLIENT_CONFIRMATION_OK"
19665,10145039389,10145039438,1,"IOTHUB_CLIENT_CONFIRMATION_OK"
19666,10145039589,10145039622,1,"IOTHUB_CLIENT_CONFIRMATION_OK"
19667,10145039789,10145039819,1,"IOTHUB_CLIENT_CONFIRMATION_OK"
19668,10145039990,10145040026,1,"IOTHUB_CLIENT_CONFIRMATION_OK"
19669,10145040190,10145040226,1,"IOTHUB_CLIENT_CONFIRMATION_OK"
19670,10145040390,10145040431,1,"IOTHUB_CLIENT_CONFIRMATION_OK"
19671,10145040590,10145040629,1,"IOTHUB_CLIENT_CONFIRMATION_OK"
19672,10145040790,10145040964,1,"IOTHUB_CLIENT_CONFIRMATION_OK"
19673,10145040990,10145041021,1,"IOTHUB_CLIENT_CONFIRMATION_OK"
19674,10145041191,10145041223,1,"IOTHUB_CLIENT_CONFIRMATION_OK"
19675,10145041391,10145041433,1,"IOTHUB_CLIENT_CONFIRMATION_OK"
19676,10145041591,10145041624,1,"IOTHUB_CLIENT_CONFIRMATION_OK"
19677,10145041791,10145041821,1,"IOTHUB_CLIENT_CONFIRMATION_OK"
19678,10145041991,10145042025,1,"IOTHUB_CLIENT_CONFIRMATION_OK"
19679,10145042191,10145042220,1,"IOTHUB_CLIENT_CONFIRMATION_OK"
19680,10145042391,10145042585,1,"IOTHUB_CLIENT_CONFIRMATION_OK"
19681,10145042592,10145042624,1,"IOTHUB_CLIENT_CONFIRMATION_OK"
19682,10145042792,10145042825,1,"IOTHUB_CLIENT_CONFIRMATION_OK"
19683,10145042992,10145043024,1,"IOTHUB_CLIENT_CONFIRMATION_OK"
19684,10145043192,10145043226,1,"IOTHUB_CLIENT_CONFIRMATION_OK"
19685,10145043392,10145043433,1,"IOTHUB_CLIENT_CONFIRMATION_OK"
19686,10145043592,10145043743,1,"IOTHUB_CLIENT_CONFIRMATION_OK"
19687,10145043793,10145043831,1,"IOTHUB_CLIENT_CONFIRMATION_OK"
19688,10145043993,10145044023,1,"IOTHUB_CLIENT_CONFIRMATION_OK"
19689,10145044193,10145044225,1,"IOTHUB_CLIENT_CONFIRMATION_OK"
19690,10145044393,10145044432,1,"IOTHUB_CLIENT_CONFIRMATION_OK"
19691,10145044593,10145044638,1,"IOTHUB_CLIENT_CONFIRMATION_OK"
19692,10145044793,10145044824,1,"IOTHUB_CLIENT_CONFIRMATION_OK"
19693,10145044993,10145045036,1,"IOTHUB_CLIENT_CONFIRMATION_OK"
19694,10145045194,10145045249,1,"IOTHUB_CLIENT_CONFIRMATION_OK"
19695,10145045394,10145045437,1,"IOTHUB_CLIENT_CONFIRMATION_OK"
19696,10145045594,10145045637,1,"IOTHUB_CLIENT_CONFIRMATION_OK"
19697,10145045794,10145045833,1,"IOTHUB_CLIENT_CONFIRMATION_OK"
19698,10145045994,10145046025,1,"IOTHUB_CLIENT_CONFIRMATION_OK"
19699,10145046194,10145046263,1,"IOTHUB_CLIENT_CONFIRMATION_OK"
19700,10145046395,10145046445,1,"IOTHUB_CLIENT_CONFIRMATION_OK"
19701,10145046595,10145046625,1,"IOTHUB_CLIENT_CONFIRMATION_OK"
19702,10145046795,10145046883,1,"IOTHUB_CLIENT_CONFIRMATION_OK"
19703,10145046995,10145047029,1,"IOTHUB_CLIENT_CONFIRMATION_OK"
19704,10145047195,10145047233,1,"IOTHUB_CLIENT_CONFIRMATION_OK"
19705,10145047395,10145047431,1,"IOTHUB_CLIENT_CONFIRMATION_OK"
19706,10145047595,10145047640,1,"IOTHUB_CLIENT_CONFIRMATION_OK"
19707,10145047796,10145047947,1,"IOTHUB_CLIENT_CONFIRMATION_OK"
19708,10145047996,10145048025,1,"IOTHUB_CLIENT_CONFIRMATION_OK"
19709,10145048196,10145048228,1,"IOTHUB_CLIENT_CONFIRMATION_OK"
19710,10145048396,10145048439,1,"IOTHUB_CLIENT_CONFIRMATION_OK"
19711,10145048596,10145048626,1,"IOTHUB_CLIENT_CONFIRMATION_OK"
19712,10145048796,10145048827,1,"IOTHUB_CLIENT_CONFIRMATION_OK"
19713,10145048997,10145049038,1,"IOTHUB_CLIENT_CONFIRMATION_OK"
19714,10145049197,10145049229,1,"IOTHUB_CLIENT_CONFIRMATION_OK"
19715,10145049397,10145049426,1,"IOTHUB_CLIENT_CONFIRMATION_OK"
19716,10145049597,10145049635,1,"IOTHUB_CLIENT_CONFIRMATION_OK"
19717,10145049797,10145049840,1,"IOTHUB_CLIENT_CONFIRMATION_OK"
19718,10145049997,10145050026,1,"IOTHUB_CLIENT_CONFIRMATION_OK"
19719,10145050198,10145050230,1,"IOTHUB_CLIENT_CONFIRMATION_OK"
19720,10145050398,10145050431,1,"IOTHUB_CLIENT_CONFIRMATION_OK"
19721,10145050598,10145050646,1,"IOTHUB_CLIENT_CONFIRMATION_OK"
19722,10145050798,10145050858,1,"IOTHUB_CLIENT_CONFIRMATION_OK"
19723,10145050998,10145051038,1,"IOTHUB_CLIENT_CONFIRMATION_OK"
19724,10145051198,10145051240,1,"IOTHUB_CLIENT_CONFIRMATION_OK"
19725,10145051398,10145051431,1,"IOTHUB_CLIENT_CONFIRMATION_OK"
19726,10145051599,10145051631,1,"IOTHUB_CLIENT_CONFIRMATION_OK"
19727,10145051799,10145051831,1,"IOTHUB_CLIENT_CONFIRMATION_OK"
19728,10145051999,10145052050,1,"IOTHUB_CLIENT_CONFIRMATION_OK"
19729,10145052199,10145052235,1,"IOTHUB_CLIENT_CONFIRMATION_OK"
19730,10145052399,10145052433,1,"IOTHUB_CLIENT_CONFIRMATION_OK"
19731,10145052599,10145052642,1,"IOTHUB_CLIENT_CONFIRMATION_OK"
19732,10145052799,10145052831,1,"IOTHUB_CLIENT_CONFIRMATION_OK"
19733,10145053000,10145053032,1,"IOTHUB_CLIENT_CONFIRMATION_OK"
19734,10145053200,10145053269,1,"IOTHUB_CLIENT_CONFIRMATION_OK"
19735,10145053400,10145053431,1,"IOTHUB_CLIENT_CONFIRMATION_OK"
19736,10145053600,10145053633,1,"IOTHUB_CLIENT_CONFIRMATION_OK"
19737,10145053800,10145053870,1,"IOTHUB_CLIENT_CONFIRMATION_OK"
19738,10145054000,10145054032,1,"IOTHUB_CLIENT_CONFIRMATION_OK"
19739,10145054201,10145054274,1,"IOTHUB_CLIENT_CONFIRMATION_OK"
19740,10145054401,10145054430,1,"IOTHUB_CLIENT_CONFIRMATION_OK"
19741,10145054601,10145054634,1,"IOTHUB_CLIENT_CONFIRMATION_OK"
19742,10145054801,10145054889,1,"IOTHUB_CLIENT_CONFIRMATION_OK"
19743,10145055001,10145055030,1,"IOTHUB_CLIENT_CONFIRMATION_OK"
19744,10145055201,10145055250,1,"IOTHUB_CLIENT_CONFIRMATION_OK"
19745,10145055402,10145055453,1,"IOTHUB_CLIENT_CONFIRMATION_OK"
19746,10145055602,10145055657,1,"IOTHUB_CLIENT_CONFIRMATION_OK"
19747,10145055802,10145055900,1,"IOTHUB_CLIENT_CONFIRMATION_OK"
19748,10145056002,10145056034,1,"IOTHUB_CLIENT_CONFIRMATION_OK"
19749,10145056202,10145056233,1,"IOTHUB_CLIENT_CONFIRMATION_OK"
19750,10145056402,10145056522,1,"IOTHUB_CLIENT_CONFIRMATION_OK"
19751,10145056602,10145056632,1,"IOTHUB_CLIENT_CONFIRMATION_OK"
19752,10145056803,10145056848,1,"IOTHUB_CLIENT_CONFIRMATION_OK"
19753,10145057003,10145057039,1,"IOTHUB_CLIENT_CONFIRMATION_OK"
19754,10145057203,10145057237,1,"IOTHUB_CLIENT_CONFIRMATION_OK"
19755,10145057403,10145057523,1,"IOTHUB_CLIENT_CONFIRMATION_OK"
19756,10145057603,10145057635,1,"IOTHUB_CLIENT_CONFIRMATION_OK"
19757,10145057803,10145057834,1,"IOTHUB_CLIENT_CONFIRMATION_OK"
19758,10145058004,10145058154,1,"IOTHUB_CLIENT_CONFIRMATION_OK"
19759,10145058204,10145058235,1,"IOTHUB_CLIENT_CONFIRMATION_OK"
19760,10145058404,10145058446,1,"IOTHUB_CLIENT_CONFIRMATION_OK"
19761,10145058604,10145058636,1,"IOTHUB_CLIENT_CONFIRMATION_OK"
19762,10145058804,10145058842,1,"IOTHUB_CLIENT_CONFIRMATION_OK"
19763,10145059004,10145059035,1,"IOTHUB_CLIENT_CONFIRMATION_OK"
19764,10145059205,10145059236,1,"IOTHUB_CLIENT_CONFIRMATION_OK"
19765,10145059405,10145059437,1,"IOTHUB_CLIENT_CONFIRMATION_OK"
19766,10145059605,10145059634,1,"IOTHUB_CLIENT_CONFIRMATION_OK"
19767,10145059805,10145059835,1,"IOTHUB_CLIENT_CONFIRMATION_OK"
19768,10145060005,10145060034,1,"IOTHUB_CLIENT_CONFIRMATION_OK"
19769,10145060205,10145060234,1,"IOTHUB_CLIENT_CONFIRMATION_OK"
19770,10145060405,10145060435,1,"IOTHUB_CLIENT_CONFIRMATION_OK"
19771,10145060606,10145060645,1,"IOTHUB_CLIENT_CONFIRMATION_OK"
19772,10145060806,10145060837,1,"IOTHUB_CLIENT_CONFIRMATION_OK"
19773,10145061006,10145061038,1,"IOTHUB_CLIENT_CONFIRMATION_OK"
19774,10145061206,10145061235,1,"IOTHUB_CLIENT_CONFIRMATION_OK"
19775,10145061406,10145061445,1,"IOTHUB_CLIENT_CONFIRMATION_OK"
19776,10145061606,10145061638,1,"IOTHUB_CLIENT_CONFIRMATION_OK"
19777,10145061807,10145061838,1,"IOTHUB_CLIENT_CONFIRMATION_OK"
19778,10145062007,10145062037,1,"IOTHUB_CLIENT_CONFIRMATION_OK"
19779,10145062207,10145062240,1,"IOTHUB_CLIENT_CONFIRMATION_OK"
19780,10145062407,10145062438,1,"IOTHUB_CLIENT_CONFIRMATION_OK"
19781,10145062607,10145062638,1,"IOTHUB_CLIENT_CONFIRMATION_OK"
19782,10145062807,10145062920,1,"IOTHUB_CLIENT_CONFIRMATION_OK"
19783,10145063008,10145063082,1,"IOTHUB_CLIENT_CONFIRMATION_OK"
19784,10145063208,10145063240,1,"IOTHUB_CLIENT_CONFIRMATION_OK"
19785,10145063408,10145063446,1,"IOTHUB_CLIENT_CONFIRMATION_OK"
19786,10145063608,10145063638,1,"IOTHUB_CLIENT_CONFIRMATION_OK"
19787,10145063808,10145063837,1,"IOTHUB_CLIENT_CONFIRMATION_OK"
19788,10145064008,10145064043,1,"IOTHUB_CLIENT_CONFIRMATION_OK"
19789,10145064209,10145064244,1,"IOTHUB_CLIENT_CONFIRMATION_OK"
19790,10145064409,10145064462,1,"IOTHUB_CLIENT_CONFIRMATION_OK"
19791,10145064609,10145064637,1,"IOTHUB_CLIENT_CONFIRMATION_OK"
19792,10145064809,10145064841,1,"IOTHUB_CLIENT_CONFIRMATION_OK"
19793,10145065009,10145065086,1,"IOTHUB_CLIENT_CONFIRMATION_OK"
19794,10145065209,10145065238,1,"IOTHUB_CLIENT_CONFIRMATION_OK"
19795,10145065409,10145065461,1,"IOTHUB_CLIENT_CONFIRMATION_OK"
19796,10145065610,10145065640,1,"IOTHUB_CLIENT_CONFIRMATION_OK"
19797,10145065810,10145065846,1,"IOTHUB_CLIENT_CONFIRMATION_OK"
19798,10145066010,10145066088,1,"IOTHUB_CLIENT_CONFIRMATION_OK"
19799,10145066210,10145066243,1,"IOTHUB_CLIENT_CONFIRMATION_OK"
19800,10145066410,10145066443,1,"IOTHUB_CLIENT_CONFIRMATION_OK"
19801,10145066610,10145066701,1,"IOTHUB_CLIENT_CONFIRMATION_OK"
19802,10145066810,10145066865,1,"IOTHUB_CLIENT_CONFIRMATION_OK"
19803,10145067011,10145067044,1,"IOTHUB_CLIENT_CONFIRMATION_OK"
19804,10145067211,10145067249,1,"IOTHUB_CLIENT_CONFIRMATION_OK"
19805,10145067411,10145067553,1,"IOTHUB_CLIENT_CONFIRMATION_OK"
19806,10145067611,10145067760,1,"IOTHUB_CLIENT_CONFIRMATION_OK"
19807,10145067811,10145067852,1,"IOTHUB_CLIENT_CONFIRMATION_OK"
19808,10145068011,10145068045,1,"IOTHUB_CLIENT_CONFIRMATION_OK"
19809,10145068211,10145068241,1,"IOTHUB_CLIENT_CONFIRMATION_OK"
19810,10145068412,10145068440,1,"IOTHUB_CLIENT_CONFIRMATION_OK"
19811,10145068612,10145068648,1,"IOTHUB_CLIENT_CONFIRMATION_OK"
19812,10145068812,10145068843,1,"IOTHUB_CLIENT_CONFIRMATION_OK"
19813,10145069012,10145069054,1,"IOTHUB_CLIENT_CONFIRMATION_OK"
19814,10145069212,10145069362,1,"IOTHUB_CLIENT_CONFIRMATION_OK"
19815,10145069412,10145069443,1,"IOTHUB_CLIENT_CONFIRMATION_OK"
19816,10145069613,10145069644,1,"IOTHUB_CLIENT_CONFIRMATION_OK"
19817,10145069813,10145069842,1,"IOTHUB_CLIENT_CONFIRMATION_OK"
19818,10145070013,10145070043,1,"IOTHUB_CLIENT_CONFIRMATION_OK"
19819,10145070213,10145070242,1,"IOTHUB_CLIENT_CONFIRMATION_OK"
19820,10145070413,10145070445,1,"IOTHUB_CLIENT_CONFIRMATION_OK"
19821,10145070613,10145070645,1,"IOTHUB_CLIENT_CONFIRMATION_OK"
19822,10145070813,10145070996,1,"IOTHUB_CLIENT_CONFIRMATION_OK"
19823,10145071014,10145071073,1,"IOTHUB_CLIENT_CONFIRMATION_OK"
19824,10145071214,10145071242,1,"IOTHUB_CLIENT_CONFIRMATION_OK"
19825,10145071414,10145071445,1,"IOTHUB_CLIENT_CONFIRMATION_OK"
19826,10145071614,10145071642,1,"IOTHUB_CLIENT_CONFIRMATION_OK"
19827,10145071814,10145071847,1,"IOTHUB_CLIENT_CONFIRMATION_OK"
19828,10145072014,10145072047,1,"IOTHUB_CLIENT_CONFIRMATION_OK"
19829,10145072214,10145072246,1,"IOTHUB_CLIENT_CONFIRMATION_OK"
19830,10145072414,10145072448,1,"IOTHUB_CLIENT_CONFIRMATION_OK"
19831,10145072615,10145072648,1,"IOTHUB_CLIENT_CONFIRMATION_OK"
19832,10145072815,10145072853,1,"IOTHUB_CLIENT_CONFIRMATION_OK"
19833,10145073015,10145073049,1,"IOTHUB_CLIENT_CONFIRMATION_OK"
19834,10145073215,10145073245,1,"IOTHUB_CLIENT_CONFIRMATION_OK"
19835,10145073415,10145073446,1,"IOTHUB_CLIENT_CONFIRMATION_OK"
19836,10145073615,10145073654,1,"IOTHUB_CLIENT_CONFIRMATION_OK"
19837,10145073815,10145073846,1,"IOTHUB_CLIENT_CONFIRMATION_OK"
19838,10145074016,10145074048,1,"IOTHUB_CLIENT_CONFIRMATION_OK"
19839,10145074216,10145074252,1,"IOTHUB_CLIENT_CONFIRMATION_OK"
19840,10145074416,10145074448,1,"IOTHUB_CLIENT_CONFIRMATION_OK"
19841,10145074616,10145074685,1,"IOTHUB_CLIENT_CONFIRMATION_OK"
19842,10145074816,10145074878,1,"IOTHUB_CLIENT_CONFIRMATION_OK"
19843,10145075016,10145075048,1,"IOTHUB_CLIENT_CONFIRMATION_OK"
19844,10145075216,10145075308,1,"IOTHUB_CLIENT_CONFIRMATION_OK"
19845,10145075417,10145075447,1,"IOTHUB_CLIENT_CONFIRMATION_OK"
19846,10145075617,10145075648,1,"IOTHUB_CLIENT_CONFIRMATION_OK"
19847,10145075817,10145075852,1,"IOTHUB_CLIENT_CONFIRMATION_OK"
19848,10145076017,10145076047,1,"IOTHUB_CLIENT_CONFIRMATION_OK"
19849,10145076217,10145076314,1,"IOTHUB_CLIENT_CONFIRMATION_OK"
19850,10145076417,10145076447,1,"IOTHUB_CLIENT_CONFIRMATION_OK"
19851,10145076618,10145076651,1,"IOTHUB_CLIENT_CONFIRMATION_OK"
19852,10145076818,10145076939,1,"IOTHUB_CLIENT_CONFIRMATION_OK"
19853,10145077018,10145077054,1,"IOTHUB_CLIENT_CONFIRMATION_OK"
19854,10145077218,10145077248,1,"IOTHUB_CLIENT_CONFIRMATION_OK"
19855,10145077418,10145077456,1,"IOTHUB_CLIENT_CONFIRMATION_OK"
19856,10145077618,10145077650,1,"IOTHUB_CLIENT_CONFIRMATION_OK"
19857,10145077818,10145077934,1,"IOTHUB_CLIENT_CONFIRMATION_OK"
19858,10145078019,10145078048,1,"IOTHUB_CLIENT_CONFIRMATION_OK"
19859,10145078219,10145078286,1,"IOTHUB_CLIENT_CONFIRMATION_OK"
19860,10145078419,10145078523,1,"IOTHUB_CLIENT_CONFIRMATION_OK"
19861,10145078619,10145078651,1,"IOTHUB_CLIENT_CONFIRMATION_OK"
19862,10145078819,10145078852,1,"IOTHUB_CLIENT_CONFIRMATION_OK"
19863,10145079020,10145079049,1,"IOTHUB_CLIENT_CONFIRMATION_OK"
19864,10145079220,10145079252,1,"IOTHUB_CLIENT_CONFIRMATION_OK"
19865,10145079420,10145079575,1,"IOTHUB_CLIENT_CONFIRMATION_OK"
19866,10145079620,10145079655,1,"IOTHUB_CLIENT_CONFIRMATION_OK"
19867,10145079820,10145079853,1,"IOTHUB_CLIENT_CONFIRMATION_OK"
19868,10145080020,10145080054,1,"IOTHUB_CLIENT_CONFIRMATION_OK"
19869,10145080220,10145080257,1,"IOTHUB_CLIENT_CONFIRMATION_OK"
19870,10145080421,10145080448,1,"IOTHUB_CLIENT_CONFIRMATION_OK"
19871,10145080621,10145080672,1,"IOTHUB_CLIENT_CONFIRMATION_OK"
19872,10145080821,10145080850,1,"IOTHUB_CLIENT_CONFIRMATION_OK"
19873,10145081021,10145081220,1,"IOTHUB_CLIENT_CONFIRMATION_OK"
19874,10145081221,10145081254,1,"IOTHUB_CLIENT_CONFIRMATION_OK"
19875,10145081422,10145081482,1,"IOTHUB_CLIENT_CONFIRMATION_OK"
19876,10145081622,10145081653,1,"IOTHUB_CLIENT_CONFIRMATION_OK"
19877,10145081822,10145081851,1,"IOTHUB_CLIENT_CONFIRMATION_OK"
19878,10145082022,10145082054,1,"IOTHUB_CLIENT_CONFIRMATION_OK"
19879,10145082222,10145082262,1,"IOTHUB_CLIENT_CONFIRMATION_OK"
19880,10145082422,10145082459,1,"IOTHUB_CLIENT_CONFIRMATION_OK"
19881,10145082622,10145082655,1,"IOTHUB_CLIENT_CONFIRMATION_OK"
19882,10145082823,10145082858,1,"IOTHUB_CLIENT_CONFIRMATION_OK"
19883,10145083023,10145083060,1,"IOTHUB_CLIENT_CONFIRMATION_OK"
19884,10145083223,10145083253,1,"IOTHUB_CLIENT_CONFIRMATION_OK"
19885,10145083423,10145083463,1,"IOTHUB_CLIENT_CONFIRMATION_OK"
19886,10145083624,10145083655,1,"IOTHUB_CLIENT_CONFIRMATION_OK"
19887,10145083824,10145083857,1,"IOTHUB_CLIENT_CONFIRMATION_OK"
19888,10145084024,10145084054,1,"IOTHUB_CLIENT_CONFIRMATION_OK"
19889,10145084224,10145084252,1,"IOTHUB_CLIENT_CONFIRMATION_OK"
19890,10145084424,10145084460,1,"IOTHUB_CLIENT_CONFIRMATION_OK"
19891,10145084624,10145084655,1,"IOTHUB_CLIENT_CONFIRMATION_OK"
19892,10145084824,10145084856,1,"IOTHUB_CLIENT_CONFIRMATION_OK"
19893,10145085025,10145085079,1,"IOTHUB_CLIENT_CONFIRMATION_OK"
19894,10145085225,10145085254,1,"IOTHUB_CLIENT_CONFIRMATION_OK"
19895,10145085425,10145085480,1,"IOTHUB_CLIENT_CONFIRMATION_OK"
19896,10145085625,10145085672,1,"IOTHUB_CLIENT_CONFIRMATION_OK"
19897,10145085825,10145085867,1,"IOTHUB_CLIENT_CONFIRMATION_OK"
19898,10145086025,10145086056,1,"IOTHUB_CLIENT_CONFIRMATION_OK"
19899,10145086226,10145086256,1,"IOTHUB_CLIENT_CONFIRMATION_OK"
19900,10145086426,10145086484,1,"IOTHUB_CLIENT_CONFIRMATION_OK"
19901,10145086626,10145086656,1,"IOTHUB_CLIENT_CONFIRMATION_OK"
19902,10145086826,10145086856,1,"IOTHUB_CLIENT_CONFIRMATION_OK"
19903,10145087026,10145087105,1,"IOTHUB_CLIENT_CONFIRMATION_OK"
19904,10145087226,10145087258,1,"IOTHUB_CLIENT_CONFIRMATION_OK"
19905,10145087427,10145087487,1,"IOTHUB_CLIENT_CONFIRMATION_OK"
19906,10145087627,10145087661,1,"IOTHUB_CLIENT_CONFIRMATION_OK"
19907,10145087827,10145087858,1,"IOTHUB_CLIENT_CONFIRMATION_OK"
19908,10145088027,10145088130,1,"IOTHUB_CLIENT_CONFIRMATION_OK"
19909,10145088227,10145088260,1,"IOTHUB_CLIENT_CONFIRMATION_OK"
19910,10145088427,10145088460,1,"IOTHUB_CLIENT_CONFIRMATION_OK"
19911,10145088627,10145088745,1,"IOTHUB_CLIENT_CONFIRMATION_OK"
19912,10145088828,10145088861,1,"IOTHUB_CLIENT_CONFIRMATION_OK"
19913,10145089028,10145089057,1,"IOTHUB_CLIENT_CONFIRMATION_OK"
19914,10145089228,10145089260,1,"IOTHUB_CLIENT_CONFIRMATION_OK"
19915,10145089428,10145089465,1,"IOTHUB_CLIENT_CONFIRMATION_OK"
19916,10145089628,10145089776,1,"IOTHUB_CLIENT_CONFIRMATION_OK"
19917,10145089828,10145089865,1,"IOTHUB_CLIENT_CONFIRMATION_OK"
19918,10145090029,10145090089,1,"IOTHUB_CLIENT_CONFIRMATION_OK"
19919,10145090229,10145090259,1,"IOTHUB_CLIENT_CONFIRMATION_OK"
19920,10145090429,10145090460,1,"IOTHUB_CLIENT_CONFIRMATION_OK"
19921,10145090629,10145090660,1,"IOTHUB_CLIENT_CONFIRMATION_OK"
19922,10145090829,10145090873,1,"IOTHUB_CLIENT_CONFIRMATION_OK"
19923,10145091029,10145091062,1,"IOTHUB_CLIENT_CONFIRMATION_OK"
19924,10145091229,10145091266,1,"IOTHUB_CLIENT_CONFIRMATION_OK"
19925,10145091430,10145091461,1,"IOTHUB_CLIENT_CONFIRMATION_OK"
19926,10145091630,10145091657,1,"IOTHUB_CLIENT_CONFIRMATION_OK"
19927,10145091830,10145091858,1,"IOTHUB_CLIENT_CONFIRMATION_OK"
19928,10145092030,10145092059,1,"IOTHUB_CLIENT_CONFIRMATION_OK"
19929,10145092230,10145092263,1,"IOTHUB_CLIENT_CONFIRMATION_OK"
19930,10145092430,10145092461,1,"IOTHUB_CLIENT_CONFIRMATION_OK"
19931,10145092630,10145092671,1,"IOTHUB_CLIENT_CONFIRMATION_OK"
19932,10145092831,10145092865,1,"IOTHUB_CLIENT_CONFIRMATION_OK"
19933,10145093031,10145093062,1,"IOTHUB_CLIENT_CONFIRMATION_OK"
19934,10145093231,10145093260,1,"IOTHUB_CLIENT_CONFIRMATION_OK"
19935,10145093431,10145093567,1,"IOTHUB_CLIENT_CONFIRMATION_OK"
19936,10145093631,10145093671,1,"IOTHUB_CLIENT_CONFIRMATION_OK"
19937,10145093831,10145093868,1,"IOTHUB_CLIENT_CONFIRMATION_OK"
19938,10145094032,10145094061,1,"IOTHUB_CLIENT_CONFIRMATION_OK"
19939,10145094232,10145094262,1,"IOTHUB_CLIENT_CONFIRMATION_OK"
19940,10145094432,10145094592,1,"IOTHUB_CLIENT_CONFIRMATION_OK"
19941,10145094632,10145094662,1,"IOTHUB_CLIENT_CONFIRMATION_OK"
19942,10145094832,10145094875,1,"IOTHUB_CLIENT_CONFIRMATION_OK"
19943,10145095032,10145095096,1,"IOTHUB_CLIENT_CONFIRMATION_OK"
19944,10145095232,10145095279,1,"IOTHUB_CLIENT_CONFIRMATION_OK"
19945,10145095433,10145095472,1,"IOTHUB_CLIENT_CONFIRMATION_OK"
19946,10145095633,10145095696,1,"IOTHUB_CLIENT_CONFIRMATION_OK"
19947,10145095833,10145095869,1,"IOTHUB_CLIENT_CONFIRMATION_OK"
19948,10145096033,10145096213,1,"IOTHUB_CLIENT_CONFIRMATION_OK"
19949,10145096233,10145096262,1,"IOTHUB_CLIENT_CONFIRMATION_OK"
19950,10145096433,10145096463,1,"IOTHUB_CLIENT_CONFIRMATION_OK"
19951,10145096634,10145096663,1,"IOTHUB_CLIENT_CONFIRMATION_OK"
19952,10145096834,10145096866,1,"IOTHUB_CLIENT_CONFIRMATION_OK"
19953,10145097034,10145097063,1,"IOTHUB_CLIENT_CONFIRMATION_OK"
19954,10145097234,10145097262,1,"IOTHUB_CLIENT_CONFIRMATION_OK"
19955,10145097434,10145097469,1,"IOTHUB_CLIENT_CONFIRMATION_OK"
19956,10145097635,10145097825,1,"IOTHUB_CLIENT_CONFIRMATION_OK"
19957,10145097835,10145097866,1,"IOTHUB_CLIENT_CONFIRMATION_OK"
19958,10145098035,10145098068,1,"IOTHUB_CLIENT_CONFIRMATION_OK"
19959,10145098235,10145098273,1,"IOTHUB_CLIENT_CONFIRMATION_OK"
19960,10145098435,10145098481,1,"IOTHUB_CLIENT_CONFIRMATION_OK"
19961,10145098635,10145098664,1,"IOTHUB_CLIENT_CONFIRMATION_OK"
19962,10145098836,10145098895,1,"IOTHUB_CLIENT_CONFIRMATION_OK"
19963,10145099036,10145099070,1,"IOTHUB_CLIENT_CONFIRMATION_OK"
19964,10145099236,10145099264,1,"IOTHUB_CLIENT_CONFIRMATION_OK"
19965,10145099436,10145099476,1,"IOTHUB_CLIENT_CONFIRMATION_OK"
19966,10145099636,10145099671,1,"IOTHUB_CLIENT_CONFIRMATION_OK"
19967,10145099836,10145099876,1,"IOTHUB_CLIENT_CONFIRMATION_OK"
19968,10145100037,10145100068,1,"IOTHUB_CLIENT_CONFIRMATION_OK"
19969,10145100237,10145100268,1,"IOTHUB_CLIENT_CONFIRMATION_OK"
19970,10145100437,10145100480,1,"IOTHUB_CLIENT_CONFIRMATION_OK"
19971,10145100637,10145100672,1,"IOTHUB_CLIENT_CONFIRMATION_OK"
19972,10145100837,10145100899,1,"IOTHUB_CLIENT_CONFIRMATION_OK"
19973,10145101037,10145101068,1,"IOTHUB_CLIENT_CONFIRMATION_OK"
19974,10145101237,10145101274,1,"IOTHUB_CLIENT_CONFIRMATION_OK"
19975,10145101438,10145101511,1,"IOTHUB_CLIENT_CONFIRMATION_OK"
19976,10145101638,10145101670,1,"IOTHUB_CLIENT_CONFIRMATION_OK"
19977,10145101838,10145101887,1,"IOTHUB_CLIENT_CONFIRMATION_OK"
19978,10145102038,10145102180,1,"IOTHUB_CLIENT_CONFIRMATION_OK"
19979,10145102238,10145102266,1,"IOTHUB_CLIENT_CONFIRMATION_OK"
19980,10145102438,10145102494,1,"IOTHUB_CLIENT_CONFIRMATION_OK"
19981,10145102638,10145102668,1,"IOTHUB_CLIENT_CONFIRMATION_OK"
19982,10145102839,10145102875,1,"IOTHUB_CLIENT_CONFIRMATION_OK"
19983,10145103039,10145103113,1,"IOTHUB_CLIENT_CONFIRMATION_OK"
19984,10145103239,10145103272,1,"IOTHUB_CLIENT_CONFIRMATION_OK"
19985,10145103439,10145103467,1,"IOTHUB_CLIENT_CONFIRMATION_OK"
19986,10145103639,10145103722,1,"IOTHUB_CLIENT_CONFIRMATION_OK"
19987,10145103839,10145103897,1,"IOTHUB_CLIENT_CONFIRMATION_OK"
19988,10145104040,10145104070,1,"IOTHUB_CLIENT_CONFIRMATION_OK"
19989,10145104240,10145104272,1,"IOTHUB_CLIENT_CONFIRMATION_OK"
19990,10145104440,10145104476,1,"IOTHUB_CLIENT_CONFIRMATION_OK"
19991,10145104640,10145104733,1,"IOTHUB_CLIENT_CONFIRMATION_OK"
19992,10145104840,10145104874,1,"IOTHUB_CLIENT_CONFIRMATION_OK"
19993,10145105040,10145105088,1,"IOTHUB_CLIENT_CONFIRMATION_OK"
19994,10145105240,10145105343,1,"IOTHUB_CLIENT_CONFIRMATION_OK"
19995,10145105441,10145105496,1,"IOTHUB_CLIENT_CONFIRMATION_OK"
19996,10145105641,10145105673,1,"IOTHUB_CLIENT_CONFIRMATION_OK"
19997,10145105841,10145105875,1,"IOTHUB_CLIENT_CONFIRMATION_OK"
19998,10145106041,10145106097,1,"IOTHUB_CLIENT_CONFIRMATION_OK"
19999,10145106241,10145106367,1,"IOTHUB_CLIENT_CONFIRMATION_OK"
20000,10145106441,10145106472,1,"IOTHUB_CLIENT_CONFIRMATION_OK"
20001,10145106642,10145106674,1,"IOTHUB_CLIENT_CONFIRMATION_OK"
20002,10145106842,10145106872,1,"IOTHUB_CLIENT_CONFIRMATION_OK"
20003,10145107042,10145107176,1,"IOTHUB_CLIENT_CONFIRMATION_OK"
20004,10145107242,10145107279,1,"IOTHUB_CLIENT_CONFIRMATION_OK"
20005,10145107442,10145107471,1,"IOTHUB_CLIENT_CONFIRMATION_OK"
20006,10145107642,10145107678,1,"IOTHUB_CLIENT_CONFIRMATION_OK"
20007,10145107842,10145107998,1,"IOTHUB_CLIENT_CONFIRMATION_OK"
20008,10145108043,10145108076,1,"IOTHUB_CLIENT_CONFIRMATION_OK"
20009,10145108243,10145108277,1,"IOTHUB_CLIENT_CONFIRMATION_OK"
20010,10145108443,10145108475,1,"IOTHUB_CLIENT_CONFIRMATION_OK"
20011,10145108643,10145108686,1,"IOTHUB_CLIENT_CONFIRMATION_OK"
20012,10145108843,10145108890,1,"IOTHUB_CLIENT_CONFIRMATION_OK"
20013,10145109044,10145109086,1,"IOTHUB_CLIENT_CONFIRMATION_OK"
20014,10145109244,10145109275,1,"IOTHUB_CLIENT_CONFIRMATION_OK"
20015,10145109444,10145109629,1,"IOTHUB_CLIENT_CONFIRMATION_OK"
20016,10145109644,10145109677,1,"IOTHUB_CLIENT_CONFIRMATION_OK"
20017,10145109844,10145109895,1,"IOTHUB_CLIENT_CONFIRMATION_OK"
20018,10145110044,10145110075,1,"IOTHUB_CLIENT_CONFIRMATION_OK"
20019,10145110244,10145110294,1,"IOTHUB_CLIENT_CONFIRMATION_OK"
20020,10145110445,10145110486,1,"IOTHUB_CLIENT_CONFIRMATION_OK"
20021,10145110645,10145110681,1,"IOTHUB_CLIENT_CONFIRMATION_OK"
20022,10145110845,10145110874,1,"IOTHUB_CLIENT_CONFIRMATION_OK"
20023,10145111045,10145111087,1,"IOTHUB_CLIENT_CONFIRMATION_OK"
20024,10145111245,10145111276,1,"IOTHUB_CLIENT_CONFIRMATION_OK"
20025,10145111445,10145111480,1,"IOTHUB_CLIENT_CONFIRMATION_OK"
20026,10145111646,10145111682,1,"IOTHUB_CLIENT_CONFIRMATION_OK"
20027,10145111846,10145111891,1,"IOTHUB_CLIENT_CONFIRMATION_OK"
20028,10145112046,10145112079,1,"IOTHUB_CLIENT_CONFIRMATION_OK"
20029,10145112246,10145112302,1,"IOTHUB_CLIENT_CONFIRMATION_OK"
20030,10145112446,10145112484,1,"IOTHUB_CLIENT_CONFIRMATION_OK"
20031,10145112646,10145112694,1,"IOTHUB_CLIENT_CONFIRMATION_OK"
20032,10145112847,10145113016,1,"IOTHUB_CLIENT_CONFIRMATION_OK"
20033,10145113047,10145113091,1,"IOTHUB_CLIENT_CONFIRMATION_OK"
20034,10145113247,10145113275,1,"IOTHUB_CLIENT_CONFIRMATION_OK"
20035,10145113447,10145113479,1,"IOTHUB_CLIENT_CONFIRMATION_OK"
20036,10145113647,10145113678,1,"IOTHUB_CLIENT_CONFIRMATION_OK"
20037,10145113847,10145113876,1,"IOTHUB_CLIENT_CONFIRMATION_OK"
20038,10145114047,10145114083,1,"IOTHUB_CLIENT_CONFIRMATION_OK"
20039,10145114248,10145114429,1,"IOTHUB_CLIENT_CONFIRMATION_OK"
20040,10145114448,10145114486,1,"IOTHUB_CLIENT_CONFIRMATION_OK"
20041,10145114648,10145114684,1,"IOTHUB_CLIENT_CONFIRMATION_OK"
20042,10145114848,10145114882,1,"IOTHUB_CLIENT_CONFIRMATION_OK"
20043,10145115048,10145115078,1,"IOTHUB_CLIENT_CONFIRMATION_OK"
20044,10145115248,10145115284,1,"IOTHUB_CLIENT_CONFIRMATION_OK"
20045,10145115449,10145115487,1,"IOTHUB_CLIENT_CONFIRMATION_OK"
20046,10145115649,10145115686,1,"IOTHUB_CLIENT_CONFIRMATION_OK"
20047,10145115849,10145116060,1,"IOTHUB_CLIENT_CONFIRMATION_OK"
20048,10145116049,10145116086,1,"IOTHUB_CLIENT_CONFIRMATION_OK"
20049,10145116249,10145116278,1,"IOTHUB_CLIENT_CONFIRMATION_OK"
20050,10145116449,10145116480,1,"IOTHUB_CLIENT_CONFIRMATION_OK"
20051,10145116650,10145116677,1,"IOTHUB_CLIENT_CONFIRMATION_OK"
20052,10145116850,10145116880,1,"IOTHUB_CLIENT_CONFIRMATION_OK"
20053,10145117050,10145117085,1,"IOTHUB_CLIENT_CONFIRMATION_OK"
20054,10145117250,10145117282,1,"IOTHUB_CLIENT_CONFIRMATION_OK"
20055,10145117450,10145117735,1,"IOTHUB_CLIENT_CONFIRMATION_OK"
20056,10145117650,10145117780,1,"IOTHUB_CLIENT_CONFIRMATION_OK"
20057,10145117850,10145117890,1,"IOTHUB_CLIENT_CONFIRMATION_OK"
20058,10145118051,10145118173,1,"IOTHUB_CLIENT_CONFIRMATION_OK"
20059,10145118251,10145118280,1,"IOTHUB_CLIENT_CONFIRMATION_OK"
20060,10145118451,10145118490,1,"IOTHUB_CLIENT_CONFIRMATION_OK"
20061,10145118651,10145118697,1,"IOTHUB_CLIENT_CONFIRMATION_OK"
20062,10145118851,10145118887,1,"IOTHUB_CLIENT_CONFIRMATION_OK"
20063,10145119051,10145119196,1,"IOTHUB_CLIENT_CONFIRMATION_OK"
20064,10145119251,10145119305,1,"IOTHUB_CLIENT_CONFIRMATION_OK"
20065,10145119452,10145119486,1,"IOTHUB_CLIENT_CONFIRMATION_OK"
20066,10145119652,10145119812,1,"IOTHUB_CLIENT_CONFIRMATION_OK"
20067,10145119852,10145119881,1,"IOTHUB_CLIENT_CONFIRMATION_OK"
20068,10145120052,10145120083,1,"IOTHUB_CLIENT_CONFIRMATION_OK"
20069,10145120252,10145120282,1,"IOTHUB_CLIENT_CONFIRMATION_OK"
20070,10145120452,10145120483,1,"IOTHUB_CLIENT_CONFIRMATION_OK"
20071,10145120653,10145120685,1,"IOTHUB_CLIENT_CONFIRMATION_OK"
20072,10145120853,10145120887,1,"IOTHUB_CLIENT_CONFIRMATION_OK"
20073,10145121053,10145121086,1,"IOTHUB_CLIENT_CONFIRMATION_OK"
20074,10145121253,10145121284,1,"IOTHUB_CLIENT_CONFIRMATION_OK"
20075,10145121453,10145121483,1,"IOTHUB_CLIENT_CONFIRMATION_OK"
20076,10145121653,10145121684,1,"IOTHUB_CLIENT_CONFIRMATION_OK"
20077,10145121854,10145121894,1,"IOTHUB_CLIENT_CONFIRMATION_OK"
20078,10145122054,10145122121,1,"IOTHUB_CLIENT_CONFIRMATION_OK"
20079,10145122254,10145122284,1,"IOTHUB_CLIENT_CONFIRMATION_OK"
20080,10145122454,10145122505,1,"IOTHUB_CLIENT_CONFIRMATION_OK"
20081,10145122654,10145122686,1,"IOTHUB_CLIENT_CONFIRMATION_OK"
20082,10145122854,10145122938,1,"IOTHUB_CLIENT_CONFIRMATION_OK"
20083,10145123055,10145123092,1,"IOTHUB_CLIENT_CONFIRMATION_OK"
20084,10145123255,10145123283,1,"IOTHUB_CLIENT_CONFIRMATION_OK"
20085,10145123455,10145123545,1,"IOTHUB_CLIENT_CONFIRMATION_OK"
20086,10145123655,10145123704,1,"IOTHUB_CLIENT_CONFIRMATION_OK"
20087,10145123855,10145123888,1,"IOTHUB_CLIENT_CONFIRMATION_OK"
20088,10145124056,10145124086,1,"IOTHUB_CLIENT_CONFIRMATION_OK"
20089,10145124256,10145124302,1,"IOTHUB_CLIENT_CONFIRMATION_OK"
20090,10145124456,10145124566,1,"IOTHUB_CLIENT_CONFIRMATION_OK"
20091,10145124656,10145124685,1,"IOTHUB_CLIENT_CONFIRMATION_OK"
20092,10145124856,10145124890,1,"IOTHUB_CLIENT_CONFIRMATION_OK"
20093,10145125056,10145125170,1,"IOTHUB_CLIENT_CONFIRMATION_OK"
20094,10145125257,10145125301,1,"IOTHUB_CLIENT_CONFIRMATION_OK"
20095,10145125457,10145125490,1,"IOTHUB_CLIENT_CONFIRMATION_OK"
20096,10145125657,10145125696,1,"IOTHUB_CLIENT_CONFIRMATION_OK"
20097,10145125857,10145125887,1,"IOTHUB_CLIENT_CONFIRMATION_OK"
20098,10145126057,10145126197,1,"IOTHUB_CLIENT_CONFIRMATION_OK"
20099,10145126257,10145126312,1,"IOTHUB_CLIENT_CONFIRMATION_OK"
20100,10145126458,10145126502,1,"IOTHUB_CLIENT_CONFIRMATION_OK"
20101,10145126658,10145126704,1,"IOTHUB_CLIENT_CONFIRMATION_OK"
20102,10145126858,10145126900,1,"IOTHUB_CLIENT_CONFIRMATION_OK"
20103,10145127058,10145127091,1,"IOTHUB_CLIENT_CONFIRMATION_OK"
20104,10145127258,10145127288,1,"IOTHUB_CLIENT_CONFIRMATION_OK"
20105,10145127458,10145127574,1,"IOTHUB_CLIENT_CONFIRMATION_OK"
20106,10145127659,10145127809,1,"IOTHUB_CLIENT_CONFIRMATION_OK"
20107,10145127859,10145127888,1,"IOTHUB_CLIENT_CONFIRMATION_OK"
20108,10145128059,10145128089,1,"IOTHUB_CLIENT_CONFIRMATION_OK"
20109,10145128259,10145128332,1,"IOTHUB_CLIENT_CONFIRMATION_OK"
20110,10145128459,10145128488,1,"IOTHUB_CLIENT_CONFIRMATION_OK"
20111,10145128659,10145128692,1,"IOTHUB_CLIENT_CONFIRMATION_OK"
20112,10145128860,10145128907,1,"IOTHUB_CLIENT_CONFIRMATION_OK"
20113,10145129060,10145129092,1,"IOTHUB_CLIENT_CONFIRMATION_OK"
20114,10145129260,10145129442,1,"IOTHUB_CLIENT_CONFIRMATION_OK"
20115,10145129460,10145129492,1,"IOTHUB_CLIENT_CONFIRMATION_OK"
20116,10145129660,10145129701,1,"IOTHUB_CLIENT_CONFIRMATION_OK"
20117,10145129860,10145129894,1,"IOTHUB_CLIENT_CONFIRMATION_OK"
20118,10145130060,10145130101,1,"IOTHUB_CLIENT_CONFIRMATION_OK"
20119,10145130261,10145130300,1,"IOTHUB_CLIENT_CONFIRMATION_OK"
20120,10145130461,10145130498,1,"IOTHUB_CLIENT_CONFIRMATION_OK"
20121,10145130661,10145131000,1,"IOTHUB_CLIENT_CONFIRMATION_OK"
20122,10145130861,10145131427,1,"IOTHUB_CLIENT_CONFIRMATION_OK"
20123,10145131061,10145131481,1,"IOTHUB_CLIENT_CONFIRMATION_OK"
20124,10145131262,10145131675,1,"IOTHUB_CLIENT_CONFIRMATION_OK"
20125,10145131462,10145131710,1,"IOTHUB_CLIENT_CONFIRMATION_OK"
20126,10145131662,10145131727,1,"IOTHUB_CLIENT_CONFIRMATION_OK"
20127,10145131862,10145131890,1,"IOTHUB_CLIENT_CONFIRMATION_OK"
20128,10145132062,10145132094,1,"IOTHUB_CLIENT_CONFIRMATION_OK"
20129,10145132262,10145132367,1,"IOTHUB_CLIENT_CONFIRMATION_OK"
20130,10145132463,10145132561,1,"IOTHUB_CLIENT_CONFIRMATION_OK"
20131,10145132663,10145132701,1,"IOTHUB_CLIENT_CONFIRMATION_OK"
20132,10145132863,10145132898,1,"IOTHUB_CLIENT_CONFIRMATION_OK"
20133,10145133063,10145133179,1,"IOTHUB_CLIENT_CONFIRMATION_OK"
20134,10145133263,10145133304,1,"IOTHUB_CLIENT_CONFIRMATION_OK"
20135,10145133463,10145133514,1,"IOTHUB_CLIENT_CONFIRMATION_OK"
20136,10145133664,10145133705,1,"IOTHUB_CLIENT_CONFIRMATION_OK"
20137,10145133864,10145133891,1,"IOTHUB_CLIENT_CONFIRMATION_OK"
20138,10145134064,10145134194,1,"IOTHUB_CLIENT_CONFIRMATION_OK"
20139,10145134264,10145134296,1,"IOTHUB_CLIENT_CONFIRMATION_OK"
20140,10145134464,10145134495,1,"IOTHUB_CLIENT_CONFIRMATION_OK"
20141,10145134664,10145134822,1,"IOTHUB_CLIENT_CONFIRMATION_OK"
20142,10145134864,10145134906,1,"IOTHUB_CLIENT_CONFIRMATION_OK"
20143,10145135065,10145135106,1,"IOTHUB_CLIENT_CONFIRMATION_OK"
20144,10145135265,10145135302,1,"IOTHUB_CLIENT_CONFIRMATION_OK"
20145,10145135465,10145135503,1,"IOTHUB_CLIENT_CONFIRMATION_OK"
20146,10145135665,10145135701,1,"IOTHUB_CLIENT_CONFIRMATION_OK"
20147,10145135865,10145135904,1,"IOTHUB_CLIENT_CONFIRMATION_OK"
20148,10145136065,10145136104,1,"IOTHUB_CLIENT_CONFIRMATION_OK"
20149,10145136266,10145136421,1,"IOTHUB_CLIENT_CONFIRMATION_OK"
20150,10145136466,10145136514,1,"IOTHUB_CLIENT_CONFIRMATION_OK"
20151,10145136666,10145136705,1,"IOTHUB_CLIENT_CONFIRMATION_OK"
20152,10145136866,10145136910,1,"IOTHUB_CLIENT_CONFIRMATION_OK"
20153,10145137066,10145137107,1,"IOTHUB_CLIENT_CONFIRMATION_OK"
20154,10145137266,10145137307,1,"IOTHUB_CLIENT_CONFIRMATION_OK"
20155,10145137466,10145137548,1,"IOTHUB_CLIENT_CONFIRMATION_OK"
20156,10145137667,10145137719,1,"IOTHUB_CLIENT_CONFIRMATION_OK"
20157,10145137867,10145138077,1,"IOTHUB_CLIENT_CONFIRMATION_OK"
20158,10145138067,10145138102,1,"IOTHUB_CLIENT_CONFIRMATION_OK"
20159,10145138267,10145138304,1,"IOTHUB_CLIENT_CONFIRMATION_OK"
20160,10145138467,10145138510,1,"IOTHUB_CLIENT_CONFIRMATION_OK"
20161,10145138667,10145138698,1,"IOTHUB_CLIENT_CONFIRMATION_OK"
20162,10145138867,10145138900,1,"IOTHUB_CLIENT_CONFIRMATION_OK"
20163,10145139068,10145139109,1,"IOTHUB_CLIENT_CONFIRMATION_OK"
20164,10145139268,10145139304,1,"IOTHUB_CLIENT_CONFIRMATION_OK"
20165,10145139468,10145139498,1,"IOTHUB_CLIENT_CONFIRMATION_OK"
20166,10145139668,10145139701,1,"IOTHUB_CLIENT_CONFIRMATION_OK"
20167,10145139868,10145139905,1,"IOTHUB_CLIENT_CONFIRMATION_OK"
20168,10145140068,10145140103,1,"IOTHUB_CLIENT_CONFIRMATION_OK"
20169,10145140268,10145140320,1,"IOTHUB_CLIENT_CONFIRMATION_OK"
20170,10145140469,10145140507,1,"IOTHUB_CLIENT_CONFIRMATION_OK"
20171,10145140669,10145140722,1,"IOTHUB_CLIENT_CONFIRMATION_OK"
20172,10145140869,10145140913,1,"IOTHUB_CLIENT_CONFIRMATION_OK"
20173,10145141069,10145141105,1,"IOTHUB_CLIENT_CONFIRMATION_OK"
20174,10145141269,10145141308,1,"IOTHUB_CLIENT_CONFIRMATION_OK"
20175,10145141469,10145141508,1,"IOTHUB_CLIENT_CONFIRMATION_OK"
20176,10145141670,10145141717,1,"IOTHUB_CLIENT_CONFIRMATION_OK"
20177,10145141870,10145141912,1,"IOTHUB_CLIENT_CONFIRMATION_OK"
20178,10145142070,10145142109,1,"IOTHUB_CLIENT_CONFIRMATION_OK"
20179,10145142270,10145142346,1,"IOTHUB_CLIENT_CONFIRMATION_OK"
20180,10145142470,10145142516,1,"IOTHUB_CLIENT_CONFIRMATION_OK"
20181,10145142670,10145142733,1,"IOTHUB_CLIENT_CONFIRMATION_OK"
20182,10145142871,10145142916,1,"IOTHUB_CLIENT_CONFIRMATION_OK"
20183,10145143071,10145143173,1,"IOTHUB_CLIENT_CONFIRMATION_OK"
20184,10145143271,10145143372,1,"IOTHUB_CLIENT_CONFIRMATION_OK"
20185,10145143471,10145143513,1,"IOTHUB_CLIENT_CONFIRMATION_OK"
20186,10145143671,10145143712,1,"IOTHUB_CLIENT_CONFIRMATION_OK"
20187,10145143871,10145143918,1,"IOTHUB_CLIENT_CONFIRMATION_OK"
20188,10145144071,10145144108,1,"IOTHUB_CLIENT_CONFIRMATION_OK"
20189,10145144272,10145144407,1,"IOTHUB_CLIENT_CONFIRMATION_OK"
20190,10145144472,10145144509,1,"IOTHUB_CLIENT_CONFIRMATION_OK"
20191,10145144672,10145144710,1,"IOTHUB_CLIENT_CONFIRMATION_OK"
20192,10145144872,10145145022,1,"IOTHUB_CLIENT_CONFIRMATION_OK"
20193,10145145072,10145145103,1,"IOTHUB_CLIENT_CONFIRMATION_OK"
20194,10145145272,10145145315,1,"IOTHUB_CLIENT_CONFIRMATION_OK"
20195,10145145472,10145145513,1,"IOTHUB_CLIENT_CONFIRMATION_OK"
20196,10145145673,10145145713,1,"IOTHUB_CLIENT_CONFIRMATION_OK"
20197,10145145873,10145146040,1,"IOTHUB_CLIENT_CONFIRMATION_OK"
20198,10145146073,10145146115,1,"IOTHUB_CLIENT_CONFIRMATION_OK"
20199,10145146273,10145146301,1,"IOTHUB_CLIENT_CONFIRMATION_OK"
20200,10145146473,10145146550,1,"IOTHUB_CLIENT_CONFIRMATION_OK"
20201,10145146674,10145146739,1,"IOTHUB_CLIENT_CONFIRMATION_OK"
20202,10145146875,10145146916,1,"IOTHUB_CLIENT_CONFIRMATION_OK"
20203,10145147075,10145147108,1,"IOTHUB_CLIENT_CONFIRMATION_OK"
20204,10145147275,10145147316,1,"IOTHUB_CLIENT_CONFIRMATION_OK"
20205,10145147475,10145147671,1,"IOTHUB_CLIENT_CONFIRMATION_OK"
20206,10145147675,10145147712,1,"IOTHUB_CLIENT_CONFIRMATION_OK"
20207,10145147875,10145147935,1,"IOTHUB_CLIENT_CONFIRMATION_OK"
20208,10145148075,10145148113,1,"IOTHUB_CLIENT_CONFIRMATION_OK"
20209,10145148276,10145148313,1,"IOTHUB_CLIENT_CONFIRMATION_OK"
20210,10145148476,10145148515,1,"IOTHUB_CLIENT_CONFIRMATION_OK"
20211,10145148676,10145148800,1,"IOTHUB_CLIENT_CONFIRMATION_OK"
20212,10145148876,10145148912,1,"IOTHUB_CLIENT_CONFIRMATION_OK"
20213,10145149076,10145149286,1,"IOTHUB_CLIENT_CONFIRMATION_OK"
20214,10145149276,10145149328,1,"IOTHUB_CLIENT_CONFIRMATION_OK"
20215,10145149476,10145149517,1,"IOTHUB_CLIENT_CONFIRMATION_OK"
20216,10145149677,10145149720,1,"IOTHUB_CLIENT_CONFIRMATION_OK"
20217,10145149877,10145149916,1,"IOTHUB_CLIENT_CONFIRMATION_OK"
20218,10145150077,10145150114,1,"IOTHUB_CLIENT_CONFIRMATION_OK"
20219,10145150277,10145150352,1,"IOTHUB_CLIENT_CONFIRMATION_OK"
20220,10145150477,10145150516,1,"IOTHUB_CLIENT_CONFIRMATION_OK"
20221,10145150677,10145150714,1,"IOTHUB_CLIENT_CONFIRMATION_OK"
20222,10145150878,10145150922,1,"IOTHUB_CLIENT_CONFIRMATION_OK"
20223,10145151078,10145151121,1,"IOTHUB_CLIENT_CONFIRMATION_OK"
20224,10145151278,10145151343,1,"IOTHUB_CLIENT_CONFIRMATION_OK"
20225,10145151478,10145151518,1,"IOTHUB_CLIENT_CONFIRMATION_OK"
20226,10145151678,10145151719,1,"IOTHUB_CLIENT_CONFIRMATION_OK"
20227,10145151878,10145151959,1,"IOTHUB_CLIENT_CONFIRMATION_OK"
20228,10145152078,10145152119,1,"IOTHUB_CLIENT_CONFIRMATION_OK"
20229,10145152279,10145152320,1,"IOTHUB_CLIENT_CONFIRMATION_OK"
20230,10145152479,10145152517,1,"IOTHUB_CLIENT_CONFIRMATION_OK"
20231,10145152679,10145152719,1,"IOTHUB_CLIENT_CONFIRMATION_OK"
20232,10145152879,10145152967,1,"IOTHUB_CLIENT_CONFIRMATION_OK"
20233,10145153079,10145153124,1,"IOTHUB_CLIENT_CONFIRMATION_OK"
20234,10145153279,10145153323,1,"IOTHUB_CLIENT_CONFIRMATION_OK"
20235,10145153479,10145153697,1,"IOTHUB_CLIENT_CONFIRMATION_OK"
20236,10145153680,10145153718,1,"IOTHUB_CLIENT_CONFIRMATION_OK"
20237,10145153880,10145153917,1,"IOTHUB_CLIENT_CONFIRMATION_OK"
20238,10145154080,10145154122,1,"IOTHUB_CLIENT_CONFIRMATION_OK"
20239,10145154280,10145154317,1,"IOTHUB_CLIENT_CONFIRMATION_OK"
20240,10145154480,10145154606,1,"IOTHUB_CLIENT_CONFIRMATION_OK"
20241,10145154680,10145154730,1,"IOTHUB_CLIENT_CONFIRMATION_OK"
20242,10145154880,10145154934,1,"IOTHUB_CLIENT_CONFIRMATION_OK"
20243,10145155081,10145155125,1,"IOTHUB_CLIENT_CONFIRMATION_OK"
20244,10145155281,10145155355,1,"IOTHUB_CLIENT_CONFIRMATION_OK"
20245,10145155481,10145155516,1,"IOTHUB_CLIENT_CONFIRMATION_OK"
20246,10145155681,10145155730,1,"IOTHUB_CLIENT_CONFIRMATION_OK"
20247,10145155881,10145155924,1,"IOTHUB_CLIENT_CONFIRMATION_OK"
20248,10145156081,10145156264,1,"IOTHUB_CLIENT_CONFIRMATION_OK"
20249,10145156282,10145156327,1,"IOTHUB_CLIENT_CONFIRMATION_OK"
20250,10145156482,10145156522,1,"IOTHUB_CLIENT_CONFIRMATION_OK"
20251,10145156682,10145156719,1,"IOTHUB_CLIENT_CONFIRMATION_OK"
20252,10145156882,10145156920,1,"IOTHUB_CLIENT_CONFIRMATION_OK"
20253,10145157082,10145157121,1,"IOTHUB_CLIENT_CONFIRMATION_OK"
20254,10145157282,10145157321,1,"IOTHUB_CLIENT_CONFIRMATION_OK"
20255,10145157482,10145157557,1,"IOTHUB_CLIENT_CONFIRMATION_OK"
20256,10145157683,10145157719,1,"IOTHUB_CLIENT_CONFIRMATION_OK"
20257,10145157883,10145157917,1,"IOTHUB_CLIENT_CONFIRMATION_OK"
20258,10145158083,10145158229,1,"IOTHUB_CLIENT_CONFIRMATION_OK"
20259,10145158283,10145158459,1,"IOTHUB_CLIENT_CONFIRMATION_OK"
20260,10145158483,10145158532,1,"IOTHUB_CLIENT_CONFIRMATION_OK"
20261,10145158684,10145158730,1,"IOTHUB_CLIENT_CONFIRMATION_OK"
20262,10145158884,10145158927,1,"IOTHUB_CLIENT_CONFIRMATION_OK"
20263,10145159084,10145159117,1,"IOTHUB_CLIENT_CONFIRMATION_OK"
20264,10145159284,10145159432,1,"IOTHUB_CLIENT_CONFIRMATION_OK"
20265,10145159484,10145159526,1,"IOTHUB_CLIENT_CONFIRMATION_OK"
20266,10145159684,10145159724,1,"IOTHUB_CLIENT_CONFIRMATION_OK"
20267,10145159885,10145159938,1,"IOTHUB_CLIENT_CONFIRMATION_OK"
20268,10145160085,10145160122,1,"IOTHUB_CLIENT_CONFIRMATION_OK"
20269,10145160285,10145160349,1,"IOTHUB_CLIENT_CONFIRMATION_OK"
20270,10145160485,10145160547,1,"IOTHUB_CLIENT_CONFIRMATION_OK"
20271,10145160685,10145160725,1,"IOTHUB_CLIENT_CONFIRMATION_OK"
20272,10145160885,10145161061,1,"IOTHUB_CLIENT_CONFIRMATION_OK"
20273,10145161086,10145161118,1,"IOTHUB_CLIENT_CONFIRMATION_OK"
20274,10145161286,10145161337,1,"IOTHUB_CLIENT_CONFIRMATION_OK"
20275,10145161486,10145161527,1,"IOTHUB_CLIENT_CONFIRMATION_OK"
20276,10145161686,10145161758,1,"IOTHUB_CLIENT_CONFIRMATION_OK"
20277,10145161886,10145161921,1,"IOTHUB_CLIENT_CONFIRMATION_OK"
20278,10145162086,10145162165,1,"IOTHUB_CLIENT_CONFIRMATION_OK"
20279,10145162287,10145162326,1,"IOTHUB_CLIENT_CONFIRMATION_OK"
20280,10145162487,10145162564,1,"IOTHUB_CLIENT_CONFIRMATION_OK"
20281,10145162687,10145162724,1,"IOTHUB_CLIENT_CONFIRMATION_OK"
20282,10145162887,10145162922,1,"IOTHUB_CLIENT_CONFIRMATION_OK"
20283,10145163087,10145163214,1,"IOTHUB_CLIENT_CONFIRMATION_OK"
20284,10145163287,10145163324,1,"IOTHUB_CLIENT_CONFIRMATION_OK"
20285,10145163487,10145163531,1,"IOTHUB_CLIENT_CONFIRMATION_OK"
20286,10145163688,10145163807,1,"IOTHUB_CLIENT_CONFIRMATION_OK"
20287,10145163888,10145163925,1,"IOTHUB_CLIENT_CONFIRMATION_OK"
20288,10145164088,10145164245,1,"IOTHUB_CLIENT_CONFIRMATION_OK"
20289,10145164288,10145164324,1,"IOTHUB_CLIENT_CONFIRMATION_OK"
20290,10145164488,10145164544,1,"IOTHUB_CLIENT_CONFIRMATION_OK"
20291,10145164688,10145164809,1,"IOTHUB_CLIENT_CONFIRMATION_OK"
20292,10145164889,10145164918,1,"IOTHUB_CLIENT_CONFIRMATION_OK"
20293,10145165089,10145165119,1,"IOTHUB_CLIENT_CONFIRMATION_OK"
20294,10145165289,10145165323,1,"IOTHUB_CLIENT_CONFIRMATION_OK"
20295,10145165489,10145165529,1,"IOTHUB_CLIENT_CONFIRMATION_OK"
20296,10145165689,10145165738,1,"IOTHUB_CLIENT_CONFIRMATION_OK"
20297,10145165889,10145165954,1,"IOTHUB_CLIENT_CONFIRMATION_OK"
20298,10145166089,10145166126,1,"IOTHUB_CLIENT_CONFIRMATION_OK"
20299,10145166290,10145166434,1,"IOTHUB_CLIENT_CONFIRMATION_OK"
20300,10145166490,10145166608,1,"IOTHUB_CLIENT_CONFIRMATION_OK"
20301,10145166690,10145166739,1,"IOTHUB_CLIENT_CONFIRMATION_OK"
20302,10145166890,10145166929,1,"IOTHUB_CLIENT_CONFIRMATION_OK"
20303,10145167090,10145167135,1,"IOTHUB_CLIENT_CONFIRMATION_OK"
20304,10145167291,10145167328,1,"IOTHUB_CLIENT_CONFIRMATION_OK"
20305,10145167491,10145167533,1,"IOTHUB_CLIENT_CONFIRMATION_OK"
20306,10145167691,10145167728,1,"IOTHUB_CLIENT_CONFIRMATION_OK"
20307,10145167891,10145168068,1,"IOTHUB_CLIENT_CONFIRMATION_OK"
20308,10145168091,10145168129,1,"IOTHUB_CLIENT_CONFIRMATION_OK"
20309,10145168291,10145168330,1,"IOTHUB_CLIENT_CONFIRMATION_OK"
20310,10145168492,10145168533,1,"IOTHUB_CLIENT_CONFIRMATION_OK"
20311,10145168692,10145168731,1,"IOTHUB_CLIENT_CONFIRMATION_OK"
20312,10145168892,10145168941,1,"IOTHUB_CLIENT_CONFIRMATION_OK"
20313,10145169092,10145169127,1,"IOTHUB_CLIENT_CONFIRMATION_OK"
20314,10145169292,10145169336,1,"IOTHUB_CLIENT_CONFIRMATION_OK"
20315,10145169492,10145169529,1,"IOTHUB_CLIENT_CONFIRMATION_OK"
20316,10145169693,10145169738,1,"IOTHUB_CLIENT_CONFIRMATION_OK"
20317,10145169893,10145169931,1,"IOTHUB_CLIENT_CONFIRMATION_OK"
20318,10145170093,10145170140,1,"IOTHUB_CLIENT_CONFIRMATION_OK"
20319,10145170293,10145170330,1,"IOTHUB_CLIENT_CONFIRMATION_OK"
20320,10145170493,10145170541,1,"IOTHUB_CLIENT_CONFIRMATION_OK"
20321,10145170693,10145170733,1,"IOTHUB_CLIENT_CONFIRMATION_OK"
20322,10145170893,10145170935,1,"IOTHUB_CLIENT_CONFIRMATION_OK"
20323,10145171094,10145171180,1,"IOTHUB_CLIENT_CONFIRMATION_OK"
20324,10145171294,10145171362,1,"IOTHUB_CLIENT_CONFIRMATION_OK"
20325,10145171494,10145171533,1,"IOTHUB_CLIENT_CONFIRMATION_OK"
20326,10145171694,10145171779,1,"IOTHUB_CLIENT_CONFIRMATION_OK"
20327,10145171894,10145171932,1,"IOTHUB_CLIENT_CONFIRMATION_OK"
20328,10145172094,10145172132,1,"IOTHUB_CLIENT_CONFIRMATION_OK"
20329,10145172295,10145172335,1,"IOTHUB_CLIENT_CONFIRMATION_OK"
20330,10145172495,10145172534,1,"IOTHUB_CLIENT_CONFIRMATION_OK"
20331,10145172695,10145172798,1,"IOTHUB_CLIENT_CONFIRMATION_OK"
20332,10145172895,10145172943,1,"IOTHUB_CLIENT_CONFIRMATION_OK"
20333,10145173095,10145173132,1,"IOTHUB_CLIENT_CONFIRMATION_OK"
20334,10145173295,10145173426,1,"IOTHUB_CLIENT_CONFIRMATION_OK"
20335,10145173495,10145173534,1,"IOTHUB_CLIENT_CONFIRMATION_OK"
20336,10145173696,10145173748,1,"IOTHUB_CLIENT_CONFIRMATION_OK"
20337,10145173896,10145173933,1,"IOTHUB_CLIENT_CONFIRMATION_OK"
20338,10145174096,10145174134,1,"IOTHUB_CLIENT_CONFIRMATION_OK"
20339,10145174296,10145174437,1,"IOTHUB_CLIENT_CONFIRMATION_OK"
20340,10145174496,10145174546,1,"IOTHUB_CLIENT_CONFIRMATION_OK"
20341,10145174696,10145174761,1,"IOTHUB_CLIENT_CONFIRMATION_OK"
20342,10145174897,10145175063,1,"IOTHUB_CLIENT_CONFIRMATION_OK"
20343,10145175097,10145175133,1,"IOTHUB_CLIENT_CONFIRMATION_OK"
20344,10145175297,10145175333,1,"IOTHUB_CLIENT_CONFIRMATION_OK"
20345,10145175497,10145175535,1,"IOTHUB_CLIENT_CONFIRMATION_OK"
20346,10145175697,10145175740,1,"IOTHUB_CLIENT_CONFIRMATION_OK"
20347,10145175897,10145176073,1,"IOTHUB_CLIENT_CONFIRMATION_OK"
20348,10145176098,10145176257,1,"IOTHUB_CLIENT_CONFIRMATION_OK"
20349,10145176298,10145176333,1,"IOTHUB_CLIENT_CONFIRMATION_OK"
20350,10145176498,10145176549,1,"IOTHUB_CLIENT_CONFIRMATION_OK"
20351,10145176698,10145176735,1,"IOTHUB_CLIENT_CONFIRMATION_OK"
20352,10145176898,10145176941,1,"IOTHUB_CLIENT_CONFIRMATION_OK"
20353,10145177098,10145177141,1,"IOTHUB_CLIENT_CONFIRMATION_OK"
20354,10145177298,10145177336,1,"IOTHUB_CLIENT_CONFIRMATION_OK"
20355,10145177499,10145177689,1,"IOTHUB_CLIENT_CONFIRMATION_OK"
20356,10145177699,10145177738,1,"IOTHUB_CLIENT_CONFIRMATION_OK"
20357,10145177899,10145177946,1,"IOTHUB_CLIENT_CONFIRMATION_OK"
20358,10145178099,10145178138,1,"IOTHUB_CLIENT_CONFIRMATION_OK"
20359,10145178299,10145178338,1,"IOTHUB_CLIENT_CONFIRMATION_OK"
20360,10145178499,10145178546,1,"IOTHUB_CLIENT_CONFIRMATION_OK"
20361,10145178700,10145178741,1,"IOTHUB_CLIENT_CONFIRMATION_OK"
20362,10145178900,10145178938,1,"IOTHUB_CLIENT_CONFIRMATION_OK"
20363,10145179100,10145179372,1,"IOTHUB_CLIENT_CONFIRMATION_OK"
20364,10145179300,10145179388,1,"IOTHUB_CLIENT_CONFIRMATION_OK"
20365,10145179500,10145179541,1,"IOTHUB_CLIENT_CONFIRMATION_OK"
20366,10145179700,10145179761,1,"IOTHUB_CLIENT_CONFIRMATION_OK"
20367,10145179900,10145179945,1,"IOTHUB_CLIENT_CONFIRMATION_OK"
20368,10145180101,10145180139,1,"IOTHUB_CLIENT_CONFIRMATION_OK"
20369,10145180301,10145180386,1,"IOTHUB_CLIENT_CONFIRMATION_OK"
20370,10145180501,10145180541,1,"IOTHUB_CLIENT_CONFIRMATION_OK"
20371,10145180701,10145180741,1,"IOTHUB_CLIENT_CONFIRMATION_OK"
20372,10145180901,10145180945,1,"IOTHUB_CLIENT_CONFIRMATION_OK"
20373,10145181101,10145181149,1,"IOTHUB_CLIENT_CONFIRMATION_OK"
20374,10145181302,10145181398,1,"IOTHUB_CLIENT_CONFIRMATION_OK"
20375,10145181502,10145181540,1,"IOTHUB_CLIENT_CONFIRMATION_OK"
20376,10145181702,10145181779,1,"IOTHUB_CLIENT_CONFIRMATION_OK"
20377,10145181902,10145182017,1,"IOTHUB_CLIENT_CONFIRMATION_OK"
20378,10145182102,10145182141,1,"IOTHUB_CLIENT_CONFIRMATION_OK"
20379,10145182302,10145182340,1,"IOTHUB_CLIENT_CONFIRMATION_OK"
20380,10145182503,10145182543,1,"IOTHUB_CLIENT_CONFIRMATION_OK"
20381,10145182703,10145182739,1,"IOTHUB_CLIENT_CONFIRMATION_OK"
20382,10145182903,10145183031,1,"IOTHUB_CLIENT_CONFIRMATION_OK"
20383,10145183103,10145183142,1,"IOTHUB_CLIENT_CONFIRMATION_OK"
20384,10145183303,10145183343,1,"IOTHUB_CLIENT_CONFIRMATION_OK"
20385,10145183503,10145183542,1,"IOTHUB_CLIENT_CONFIRMATION_OK"
20386,10145183703,10145183746,1,"IOTHUB_CLIENT_CONFIRMATION_OK"
20387,10145183904,10145183944,1,"IOTHUB_CLIENT_CONFIRMATION_OK"
20388,10145184104,10145184149,1,"IOTHUB_CLIENT_CONFIRMATION_OK"
20389,10145184304,10145184343,1,"IOTHUB_CLIENT_CONFIRMATION_OK"
20390,10145184504,10145184660,1,"IOTHUB_CLIENT_CONFIRMATION_OK"
20391,10145184704,10145184736,1,"IOTHUB_CLIENT_CONFIRMATION_OK"
20392,10145184904,10145184943,1,"IOTHUB_CLIENT_CONFIRMATION_OK"
20393,10145185104,10145185142,1,"IOTHUB_CLIENT_CONFIRMATION_OK"
20394,10145185305,10145185370,1,"IOTHUB_CLIENT_CONFIRMATION_OK"
20395,10145185505,10145185541,1,"IOTHUB_CLIENT_CONFIRMATION_OK"
20396,10145185705,10145185752,1,"IOTHUB_CLIENT_CONFIRMATION_OK"
20397,10145185905,10145185944,1,"IOTHUB_CLIENT_CONFIRMATION_OK"
20398,10145186105,10145186284,1,"IOTHUB_CLIENT_CONFIRMATION_OK"
20399,10145186305,10145186344,1,"IOTHUB_CLIENT_CONFIRMATION_OK"
20400,10145186505,10145186541,1,"IOTHUB_CLIENT_CONFIRMATION_OK"
20401,10145186706,10145186744,1,"IOTHUB_CLIENT_CONFIRMATION_OK"
20402,10145186906,10145186950,1,"IOTHUB_CLIENT_CONFIRMATION_OK"
20403,10145187106,10145187156,1,"IOTHUB_CLIENT_CONFIRMATION_OK"
20404,10145187306,10145187348,1,"IOTHUB_CLIENT_CONFIRMATION_OK"
20405,10145187506,10145187546,1,"IOTHUB_CLIENT_CONFIRMATION_OK"
20406,10145187706,10145187770,1,"IOTHUB_CLIENT_CONFIRMATION_OK"
20407,10145187906,10145187942,1,"IOTHUB_CLIENT_CONFIRMATION_OK"
20408,10145188107,10145188146,1,"IOTHUB_CLIENT_CONFIRMATION_OK"
20409,10145188307,10145188395,1,"IOTHUB_CLIENT_CONFIRMATION_OK"
20410,10145188507,10145188542,1,"IOTHUB_CLIENT_CONFIRMATION_OK"
20411,10145188707,10145188747,1,"IOTHUB_CLIENT_CONFIRMATION_OK"
20412,10145188907,10145188972,1,"IOTHUB_CLIENT_CONFIRMATION_OK"
20413,10145189107,10145189144,1,"IOTHUB_CLIENT_CONFIRMATION_OK"
20414,10145189307,10145189411,1,"IOTHUB_CLIENT_CONFIRMATION_OK"
20415,10145189508,10145189564,1,"IOTHUB_CLIENT_CONFIRMATION_OK"
20416,10145189708,10145189762,1,"IOTHUB_CLIENT_CONFIRMATION_OK"
20417,10145189908,10145190029,1,"IOTHUB_CLIENT_CONFIRMATION_OK"
20418,10145190108,10145190147,1,"IOTHUB_CLIENT_CONFIRMATION_OK"
20419,10145190308,10145190349,1,"IOTHUB_CLIENT_CONFIRMATION_OK"
20420,10145190508,10145190546,1,"IOTHUB_CLIENT_CONFIRMATION_OK"
20421,10145190709,10145190766,1,"IOTHUB_CLIENT_CONFIRMATION_OK"
20422,10145190909,10145191030,1,"IOTHUB_CLIENT_CONFIRMATION_OK"
20423,10145191109,10145191248,1,"IOTHUB_CLIENT_CONFIRMATION_OK"
20424,10145191309,10145191345,1,"IOTHUB_CLIENT_CONFIRMATION_OK"
20425,10145191509,10145191662,1,"IOTHUB_CLIENT_CONFIRMATION_OK"
20426,10145191709,10145191771,1,"IOTHUB_CLIENT_CONFIRMATION_OK"
20427,10145191910,10145191956,1,"IOTHUB_CLIENT_CONFIRMATION_OK"
20428,10145192110,10145192144,1,"IOTHUB_CLIENT_CONFIRMATION_OK"
20429,10145192310,10145192355,1,"IOTHUB_CLIENT_CONFIRMATION_OK"
20430,10145192510,10145192671,1,"IOTHUB_CLIENT_CONFIRMATION_OK"
20431,10145192710,10145192745,1,"IOTHUB_CLIENT_CONFIRMATION_OK"
20432,10145192910,10145192952,1,"IOTHUB_CLIENT_CONFIRMATION_OK"
20433,10145193110,10145193163,1,"IOTHUB_CLIENT_CONFIRMATION_OK"
20434,10145193311,10145193346,1,"IOTHUB_CLIENT_CONFIRMATION_OK"
20435,10145193511,10145193556,1,"IOTHUB_CLIENT_CONFIRMATION_OK"
20436,10145193711,10145193749,1,"IOTHUB_CLIENT_CONFIRMATION_OK"
20437,10145193911,10145193948,1,"IOTHUB_CLIENT_CONFIRMATION_OK"
20438,10145194111,10145194288,1,"IOTHUB_CLIENT_CONFIRMATION_OK"
20439,10145194311,10145194379,1,"IOTHUB_CLIENT_CONFIRMATION_OK"
20440,10145194512,10145194563,1,"IOTHUB_CLIENT_CONFIRMATION_OK"
20441,10145194712,10145194768,1,"IOTHUB_CLIENT_CONFIRMATION_OK"
20442,10145194912,10145194959,1,"IOTHUB_CLIENT_CONFIRMATION_OK"
20443,10145195112,10145195161,1,"IOTHUB_CLIENT_CONFIRMATION_OK"
20444,10145195312,10145195377,1,"IOTHUB_CLIENT_CONFIRMATION_OK"
20445,10145195512,10145195556,1,"IOTHUB_CLIENT_CONFIRMATION_OK"
20446,10145195713,10145195748,1,"IOTHUB_CLIENT_CONFIRMATION_OK"
20447,10145195913,10145195966,1,"IOTHUB_CLIENT_CONFIRMATION_OK"
20448,10145196113,10145196150,1,"IOTHUB_CLIENT_CONFIRMATION_OK"
20449,10145196313,10145196416,1,"IOTHUB_CLIENT_CONFIRMATION_OK"
20450,10145196513,10145196556,1,"IOTHUB_CLIENT_CONFIRMATION_OK"
20451,10145196713,10145196751,1,"IOTHUB_CLIENT_CONFIRMATION_OK"
20452,10145196913,10145197002,1,"IOTHUB_CLIENT_CONFIRMATION_OK"
20453,10145197114,10145197160,1,"IOTHUB_CLIENT_CONFIRMATION_OK"
20454,10145197314,10145197347,1,"IOTHUB_CLIENT_CONFIRMATION_OK"
20455,10145197514,10145197552,1,"IOTHUB_CLIENT_CONFIRMATION_OK"
20456,10145197714,10145197767,1,"IOTHUB_CLIENT_CONFIRMATION_OK"
20457,10145197915,10145198016,1,"IOTHUB_CLIENT_CONFIRMATION_OK"
20458,10145198115,10145198151,1,"IOTHUB_CLIENT_CONFIRMATION_OK"
20459,10145198315,10145198355,1,"IOTHUB_CLIENT_CONFIRMATION_OK"
20460,10145198515,10145198643,1,"IOTHUB_CLIENT_CONFIRMATION_OK"
20461,10145198715,10145198755,1,"IOTHUB_CLIENT_CONFIRMATION_OK"
20462,10145198916,10145198960,1,"IOTHUB_CLIENT_CONFIRMATION_OK"
20463,10145199116,10145199155,1,"IOTHUB_CLIENT_CONFIRMATION_OK"
20464,10145199316,10145199357,1,"IOTHUB_CLIENT_CONFIRMATION_OK"
20465,10145199516,10145199662,1,"IOTHUB_CLIENT_CONFIRMATION_OK"
20466,10145199716,10145199756,1,"IOTHUB_CLIENT_CONFIRMATION_OK"
20467,10145199916,10145199954,1,"IOTHUB_CLIENT_CONFIRMATION_OK"
20468,10145200116,10145200153,1,"IOTHUB_CLIENT_CONFIRMATION_OK"
20469,10145200317,10145200354,1,"IOTHUB_CLIENT_CONFIRMATION_OK"
20470,10145200517,10145200555,1,"IOTHUB_CLIENT_CONFIRMATION_OK"
20471,10145200717,10145200753,1,"IOTHUB_CLIENT_CONFIRMATION_OK"
20472,10145200917,10145200951,1,"IOTHUB_CLIENT_CONFIRMATION_OK"
20473,10145201117,10145201271,1,"IOTHUB_CLIENT_CONFIRMATION_OK"
20474,10145201317,10145201358,1,"IOTHUB_CLIENT_CONFIRMATION_OK"
20475,10145201518,10145201564,1,"IOTHUB_CLIENT_CONFIRMATION_OK"
20476,10145201718,10145201766,1,"IOTHUB_CLIENT_CONFIRMATION_OK"
20477,10145201918,10145201955,1,"IOTHUB_CLIENT_CONFIRMATION_OK"
20478,10145202118,10145202169,1,"IOTHUB_CLIENT_CONFIRMATION_OK"
20479,10145202318,10145202370,1,"IOTHUB_CLIENT_CONFIRMATION_OK"
20480,10145202518,10145202556,1,"IOTHUB_CLIENT_CONFIRMATION_OK"
20481,10145202719,10145202897,1,"IOTHUB_CLIENT_CONFIRMATION_OK"
20482,10145202919,10145202964,1,"IOTHUB_CLIENT_CONFIRMATION_OK"
20483,10145203119,10145203162,1,"IOTHUB_CLIENT_CONFIRMATION_OK"
20484,10145203319,10145203440,1,"IOTHUB_CLIENT_CONFIRMATION_OK"
20485,10145203519,10145203564,1,"IOTHUB_CLIENT_CONFIRMATION_OK"
20486,10145203719,10145203762,1,"IOTHUB_CLIENT_CONFIRMATION_OK"
20487,10145203919,10145203959,1,"IOTHUB_CLIENT_CONFIRMATION_OK"
20488,10145204120,10145204153,1,"IOTHUB_CLIENT_CONFIRMATION_OK"
20489,10145204320,10145204371,1,"IOTHUB_CLIENT_CONFIRMATION_OK"
20490,10145204520,10145204559,1,"IOTHUB_CLIENT_CONFIRMATION_OK"
20491,10145204720,10145204763,1,"IOTHUB_CLIENT_CONFIRMATION_OK"
20492,10145204920,10145204959,1,"IOTHUB_CLIENT_CONFIRMATION_OK"
20493,10145205120,10145205159,1,"IOTHUB_CLIENT_CONFIRMATION_OK"
20494,10145205320,10145205361,1,"IOTHUB_CLIENT_CONFIRMATION_OK"
20495,10145205521,10145205554,1,"IOTHUB_CLIENT_CONFIRMATION_OK"
20496,10145205721,10145205760,1,"IOTHUB_CLIENT_CONFIRMATION_OK"
20497,10145205921,10145205962,1,"IOTHUB_CLIENT_CONFIRMATION_OK"
20498,10145206121,10145206181,1,"IOTHUB_CLIENT_CONFIRMATION_OK"
20499,10145206322,10145206373,1,"IOTHUB_CLIENT_CONFIRMATION_OK"
20500,10145206522,10145206580,1,"IOTHUB_CLIENT_CONFIRMATION_OK"
20501,10145206722,10145206760,1,"IOTHUB_CLIENT_CONFIRMATION_OK"
20502,10145206922,10145206957,1,"IOTHUB_CLIENT_CONFIRMATION_OK"
20503,10145207122,10145207175,1,"IOTHUB_CLIENT_CONFIRMATION_OK"
20504,10145207322,10145207358,1,"IOTHUB_CLIENT_CONFIRMATION_OK"
20505,10145207522,10145207624,1,"IOTHUB_CLIENT_CONFIRMATION_OK"
20506,10145207723,10145207832,1,"IOTHUB_CLIENT_CONFIRMATION_OK"
20507,10145207923,10145207964,1,"IOTHUB_CLIENT_CONFIRMATION_OK"
20508,10145208123,10145208255,1,"IOTHUB_CLIENT_CONFIRMATION_OK"
20509,10145208323,10145208365,1,"IOTHUB_CLIENT_CONFIRMATION_OK"
20510,10145208523,10145208569,1,"IOTHUB_CLIENT_CONFIRMATION_OK"
20511,10145208723,10145208756,1,"IOTHUB_CLIENT_CONFIRMATION_OK"
20512,10145208924,10145208962,1,"IOTHUB_CLIENT_CONFIRMATION_OK"
20513,10145209124,10145209244,1,"IOTHUB_CLIENT_CONFIRMATION_OK"
20514,10145209324,10145209360,1,"IOTHUB_CLIENT_CONFIRMATION_OK"
20515,10145209524,10145209563,1,"IOTHUB_CLIENT_CONFIRMATION_OK"
20516,10145209724,10145209865,1,"IOTHUB_CLIENT_CONFIRMATION_OK"
20517,10145209924,10145209964,1,"IOTHUB_CLIENT_CONFIRMATION_OK"
20518,10145210124,10145210155,1,"IOTHUB_CLIENT_CONFIRMATION_OK"
20519,10145210325,10145210367,1,"IOTHUB_CLIENT_CONFIRMATION_OK"
20520,10145210525,10145210562,1,"IOTHUB_CLIENT_CONFIRMATION_OK"
20521,10145210725,10145210762,1,"IOTHUB_CLIENT_CONFIRMATION_OK"
20522,10145210925,10145210959,1,"IOTHUB_CLIENT_CONFIRMATION_OK"
20523,10145211125,10145211166,1,"IOTHUB_CLIENT_CONFIRMATION_OK"
20524,10145211325,10145211485,1,"IOTHUB_CLIENT_CONFIRMATION_OK"
20525,10145211525,10145211605,1,"IOTHUB_CLIENT_CONFIRMATION_OK"
20526,10145211726,10145211781,1,"IOTHUB_CLIENT_CONFIRMATION_OK"
20527,10145211926,10145211967,1,"IOTHUB_CLIENT_CONFIRMATION_OK"
20528,10145212126,10145212173,1,"IOTHUB_CLIENT_CONFIRMATION_OK"
20529,10145212326,10145212381,1,"IOTHUB_CLIENT_CONFIRMATION_OK"
20530,10145212526,10145212562,1,"IOTHUB_CLIENT_CONFIRMATION_OK"
20531,10145212726,10145212764,1,"IOTHUB_CLIENT_CONFIRMATION_OK"
20532,10145212927,10145212969,1,"IOTHUB_CLIENT_CONFIRMATION_OK"
20533,10145213127,10145213169,1,"IOTHUB_CLIENT_CONFIRMATION_OK"
20534,10145213327,10145213364,1,"IOTHUB_CLIENT_CONFIRMATION_OK"
20535,10145213527,10145213568,1,"IOTHUB_CLIENT_CONFIRMATION_OK"
20536,10145213727,10145213769,1,"IOTHUB_CLIENT_CONFIRMATION_OK"
20537,10145213927,10145213965,1,"IOTHUB_CLIENT_CONFIRMATION_OK"
20538,10145214127,10145214171,1,"IOTHUB_CLIENT_CONFIRMATION_OK"
20539,10145214328,10145214370,1,"IOTHUB_CLIENT_CONFIRMATION_OK"
20540,10145214528,10145214572,1,"IOTHUB_CLIENT_CONFIRMATION_OK"
20541,10145214728,10145214789,1,"IOTHUB_CLIENT_CONFIRMATION_OK"
20542,10145214928,10145214966,1,"IOTHUB_CLIENT_CONFIRMATION_OK"
20543,10145215128,10145215170,1,"IOTHUB_CLIENT_CONFIRMATION_OK"
20544,10145215328,10145215367,1,"IOTHUB_CLIENT_CONFIRMATION_OK"
20545,10145215529,10145215564,1,"IOTHUB_CLIENT_CONFIRMATION_OK"
20546,10145215729,10145215806,1,"IOTHUB_CLIENT_CONFIRMATION_OK"
20547,10145215929,10145215981,1,"IOTHUB_CLIENT_CONFIRMATION_OK"
20548,10145216129,10145216193,1,"IOTHUB_CLIENT_CONFIRMATION_OK"
20549,10145216329,10145216370,1,"IOTHUB_CLIENT_CONFIRMATION_OK"
20550,10145216529,10145216569,1,"IOTHUB_CLIENT_CONFIRMATION_OK"
20551,10145216729,10145216812,1,"IOTHUB_CLIENT_CONFIRMATION_OK"
20552,10145216930,10145216980,1,"IOTHUB_CLIENT_CONFIRMATION_OK"
20553,10145217130,10145217164,1,"IOTHUB_CLIENT_CONFIRMATION_OK"
20554,10145217330,10145217364,1,"IOTHUB_CLIENT_CONFIRMATION_OK"
20555,10145217530,10145217572,1,"IOTHUB_CLIENT_CONFIRMATION_OK"
20556,10145217730,10145217829,1,"IOTHUB_CLIENT_CONFIRMATION_OK"
20557,10145217930,10145217995,1,"IOTHUB_CLIENT_CONFIRMATION_OK"
20558,10145218131,10145218168,1,"IOTHUB_CLIENT_CONFIRMATION_OK"
20559,10145218331,10145218443,1,"IOTHUB_CLIENT_CONFIRMATION_OK"
20560,10145218531,10145218566,1,"IOTHUB_CLIENT_CONFIRMATION_OK"
20561,10145218731,10145218776,1,"IOTHUB_CLIENT_CONFIRMATION_OK"
20562,10145218931,10145218972,1,"IOTHUB_CLIENT_CONFIRMATION_OK"
20563,10145219131,10145219176,1,"IOTHUB_CLIENT_CONFIRMATION_OK"
20564,10145219332,10145219464,1,"IOTHUB_CLIENT_CONFIRMATION_OK"
20565,10145219532,10145219573,1,"IOTHUB_CLIENT_CONFIRMATION_OK"
20566,10145219732,10145219770,1,"IOTHUB_CLIENT_CONFIRMATION_OK"
20567,10145219932,10145220103,1,"IOTHUB_CLIENT_CONFIRMATION_OK"
20568,10145220132,10145220167,1,"IOTHUB_CLIENT_CONFIRMATION_OK"
20569,10145220332,10145220371,1,"IOTHUB_CLIENT_CONFIRMATION_OK"
20570,10145220532,10145220566,1,"IOTHUB_CLIENT_CONFIRMATION_OK"
20571,10145220733,10145220773,1,"IOTHUB_CLIENT_CONFIRMATION_OK"
20572,10145220933,10145221084,1,"IOTHUB_CLIENT_CONFIRMATION_OK"
20573,10145221133,10145221168,1,"IOTHUB_CLIENT_CONFIRMATION_OK"
20574,10145221333,10145221367,1,"IOTHUB_CLIENT_CONFIRMATION_OK"
20575,10145221533,10145221698,1,"IOTHUB_CLIENT_CONFIRMATION_OK"
20576,10145221733,10145221770,1,"IOTHUB_CLIENT_CONFIRMATION_OK"
20577,10145221934,10145221969,1,"IOTHUB_CLIENT_CONFIRMATION_OK"
20578,10145222134,10145222184,1,"IOTHUB_CLIENT_CONFIRMATION_OK"
20579,10145222334,10145222412,1,"IOTHUB_CLIENT_CONFIRMATION_OK"
20580,10145222534,10145222702,1,"IOTHUB_CLIENT_CONFIRMATION_OK"
20581,10145222734,10145222785,1,"IOTHUB_CLIENT_CONFIRMATION_OK"
20582,10145222934,10145222969,1,"IOTHUB_CLIENT_CONFIRMATION_OK"
20583,10145223135,10145223170,1,"IOTHUB_CLIENT_CONFIRMATION_OK"
20584,10145223335,10145223372,1,"IOTHUB_CLIENT_CONFIRMATION_OK"
20585,10145223535,10145223569,1,"IOTHUB_CLIENT_CONFIRMATION_OK"
20586,10145223735,10145223784,1,"IOTHUB_CLIENT_CONFIRMATION_OK"
20587,10145223935,10145223981,1,"IOTHUB_CLIENT_CONFIRMATION_OK"
20588,10145224136,10145224324,1,"IOTHUB_CLIENT_CONFIRMATION_OK"
20589,10145224336,10145224379,1,"IOTHUB_CLIENT_CONFIRMATION_OK"
20590,10145224536,10145224573,1,"IOTHUB_CLIENT_CONFIRMATION_OK"
20591,10145224736,10145224778,1,"IOTHUB_CLIENT_CONFIRMATION_OK"
20592,10145224936,10145224973,1,"IOTHUB_CLIENT_CONFIRMATION_OK"
20593,10145225136,10145225174,1,"IOTHUB_CLIENT_CONFIRMATION_OK"
20594,10145225336,10145225374,1,"IOTHUB_CLIENT_CONFIRMATION_OK"
20595,10145225537,10145225579,1,"IOTHUB_CLIENT_CONFIRMATION_OK"
20596,10145225737,10145225773,1,"IOTHUB_CLIENT_CONFIRMATION_OK"
20597,10145225937,10145225971,1,"IOTHUB_CLIENT_CONFIRMATION_OK"
20598,10145226137,10145226172,1,"IOTHUB_CLIENT_CONFIRMATION_OK"
20599,10145226337,10145226375,1,"IOTHUB_CLIENT_CONFIRMATION_OK"
20600,10145226537,10145226580,1,"IOTHUB_CLIENT_CONFIRMATION_OK"
20601,10145226738,10145226776,1,"IOTHUB_CLIENT_CONFIRMATION_OK"
20602,10145226938,10145226984,1,"IOTHUB_CLIENT_CONFIRMATION_OK"
20603,10145227138,10145227181,1,"IOTHUB_CLIENT_CONFIRMATION_OK"
20604,10145227338,10145227489,1,"IOTHUB_CLIENT_CONFIRMATION_OK"
20605,10145227538,10145227572,1,"IOTHUB_CLIENT_CONFIRMATION_OK"
20606,10145227738,10145227771,1,"IOTHUB_CLIENT_CONFIRMATION_OK"
20607,10145227938,10145228122,1,"IOTHUB_CLIENT_CONFIRMATION_OK"
20608,10145228139,10145228198,1,"IOTHUB_CLIENT_CONFIRMATION_OK"
20609,10145228339,10145228373,1,"IOTHUB_CLIENT_CONFIRMATION_OK"
20610,10145228539,10145228573,1,"IOTHUB_CLIENT_CONFIRMATION_OK"
20611,10145228739,10145228772,1,"IOTHUB_CLIENT_CONFIRMATION_OK"
20612,10145228939,10145228980,1,"IOTHUB_CLIENT_CONFIRMATION_OK"
20613,10145229139,10145229187,1,"IOTHUB_CLIENT_CONFIRMATION_OK"
20614,10145229340,10145229377,1,"IOTHUB_CLIENT_CONFIRMATION_OK"
20615,10145229540,10145229578,1,"IOTHUB_CLIENT_CONFIRMATION_OK"
20616,10145229740,10145229783,1,"IOTHUB_CLIENT_CONFIRMATION_OK"
20617,10145229940,10145229979,1,"IOTHUB_CLIENT_CONFIRMATION_OK"
20618,10145230140,10145230178,1,"IOTHUB_CLIENT_CONFIRMATION_OK"
20619,10145230340,10145230374,1,"IOTHUB_CLIENT_CONFIRMATION_OK"
20620,10145230540,10145230577,1,"IOTHUB_CLIENT_CONFIRMATION_OK"
20621,10145230741,10145230783,1,"IOTHUB_CLIENT_CONFIRMATION_OK"
20622,10145230941,10145230973,1,"IOTHUB_CLIENT_CONFIRMATION_OK"
20623,10145231141,10145231178,1,"IOTHUB_CLIENT_CONFIRMATION_OK"
20624,10145231341,10145231374,1,"IOTHUB_CLIENT_CONFIRMATION_OK"
20625,10145231541,10145231580,1,"IOTHUB_CLIENT_CONFIRMATION_OK"
20626,10145231741,10145231797,1,"IOTHUB_CLIENT_CONFIRMATION_OK"
20627,10145231942,10145231994,1,"IOTHUB_CLIENT_CONFIRMATION_OK"
20628,10145232142,10145232188,1,"IOTHUB_CLIENT_CONFIRMATION_OK"
20629,10145232342,10145232412,1,"IOTHUB_CLIENT_CONFIRMATION_OK"
20630,10145232542,10145232577,1,"IOTHUB_CLIENT_CONFIRMATION_OK"
20631,10145232742,10145232811,1,"IOTHUB_CLIENT_CONFIRMATION_OK"
20632,10145232942,10145232974,1,"IOTHUB_CLIENT_CONFIRMATION_OK"
20633,10145233143,10145233188,1,"IOTHUB_CLIENT_CONFIRMATION_OK"
20634,10145233343,10145233421,1,"IOTHUB_CLIENT_CONFIRMATION_OK"
20635,10145233543,10145233584,1,"IOTHUB_CLIENT_CONFIRMATION_OK"
20636,10145233743,10145233777,1,"IOTHUB_CLIENT_CONFIRMATION_OK"
20637,10145233943,10145233981,1,"IOTHUB_CLIENT_CONFIRMATION_OK"
20638,10145234143,10145234180,1,"IOTHUB_CLIENT_CONFIRMATION_OK"
20639,10145234343,10145234439,1,"IOTHUB_CLIENT_CONFIRMATION_OK"
20640,10145234544,10145234589,1,"IOTHUB_CLIENT_CONFIRMATION_OK"
20641,10145234744,10145234778,1,"IOTHUB_CLIENT_CONFIRMATION_OK"
20642,10145234944,10145235053,1,"IOTHUB_CLIENT_CONFIRMATION_OK"
20643,10145235144,10145235182,1,"IOTHUB_CLIENT_CONFIRMATION_OK"
20644,10145235344,10145235433,1,"IOTHUB_CLIENT_CONFIRMATION_OK"
20645,10145235544,10145235582,1,"IOTHUB_CLIENT_CONFIRMATION_OK"
20646,10145235745,10145235779,1,"IOTHUB_CLIENT_CONFIRMATION_OK"
20647,10145235945,10145236070,1,"IOTHUB_CLIENT_CONFIRMATION_OK"
20648,10145236145,10145236180,1,"IOTHUB_CLIENT_CONFIRMATION_OK"
20649,10145236345,10145236382,1,"IOTHUB_CLIENT_CONFIRMATION_OK"
20650,10145236545,10145236674,1,"IOTHUB_CLIENT_CONFIRMATION_OK"
20651,10145236746,10145236786,1,"IOTHUB_CLIENT_CONFIRMATION_OK"
20652,10145236946,10145237010,1,"IOTHUB_CLIENT_CONFIRMATION_OK"
20653,10145237146,10145237195,1,"IOTHUB_CLIENT_CONFIRMATION_OK"
20654,10145237346,10145237383,1,"IOTHUB_CLIENT_CONFIRMATION_OK"
20655,10145237546,10145237699,1,"IOTHUB_CLIENT_CONFIRMATION_OK"
20656,10145237746,10145237784,1,"IOTHUB_CLIENT_CONFIRMATION_OK"
20657,10145237946,10145237983,1,"IOTHUB_CLIENT_CONFIRMATION_OK"
20658,10145238147,10145238185,1,"IOTHUB_CLIENT_CONFIRMATION_OK"
20659,10145238347,10145238379,1,"IOTHUB_CLIENT_CONFIRMATION_OK"
20660,10145238547,10145238583,1,"IOTHUB_CLIENT_CONFIRMATION_OK"
20661,10145238747,10145238801,1,"IOTHUB_CLIENT_CONFIRMATION_OK"
20662,10145238947,10145238998,1,"IOTHUB_CLIENT_CONFIRMATION_OK"
20663,10145239147,10145239403,1,"IOTHUB_CLIENT_CONFIRMATION_OK"
20664,10145239348,10145239421,1,"IOTHUB_CLIENT_CONFIRMATION_OK"
20665,10145239548,10145239586,1,"IOTHUB_CLIENT_CONFIRMATION_OK"
20666,10145239748,10145239796,1,"IOTHUB_CLIENT_CONFIRMATION_OK"
20667,10145239948,10145239986,1,"IOTHUB_CLIENT_CONFIRMATION_OK"
20668,10145240148,10145240189,1,"IOTHUB_CLIENT_CONFIRMATION_OK"
20669,10145240348,10145240437,1,"IOTHUB_CLIENT_CONFIRMATION_OK"
20670,10145240548,10145240589,1,"IOTHUB_CLIENT_CONFIRMATION_OK"
20671,10145240749,10145240850,1,"IOTHUB_CLIENT_CONFIRMATION_OK"
20672,10145240949,10145240994,1,"IOTHUB_CLIENT_CONFIRMATION_OK"
20673,10145241149,10145241227,1,"IOTHUB_CLIENT_CONFIRMATION_OK"
20674,10145241349,10145241467,1,"IOTHUB_CLIENT_CONFIRMATION_OK"
20675,10145241549,10145241587,1,"IOTHUB_CLIENT_CONFIRMATION_OK"
20676,10145241749,10145241785,1,"IOTHUB_CLIENT_CONFIRMATION_OK"
20677,10145241950,10145241991,1,"IOTHUB_CLIENT_CONFIRMATION_OK"
20678,10145242150,10145242187,1,"IOTHUB_CLIENT_CONFIRMATION_OK"
20679,10145242350,10145242391,1,"IOTHUB_CLIENT_CONFIRMATION_OK"
20680,10145242550,10145242594,1,"IOTHUB_CLIENT_CONFIRMATION_OK"
20681,10145242750,10145242790,1,"IOTHUB_CLIENT_CONFIRMATION_OK"
20682,10145242950,10145243086,1,"IOTHUB_CLIENT_CONFIRMATION_OK"
20683,10145243150,10145243191,1,"IOTHUB_CLIENT_CONFIRMATION_OK"
20684,10145243351,10145243388,1,"IOTHUB_CLIENT_CONFIRMATION_OK"
20685,10145243551,10145243592,1,"IOTHUB_CLIENT_CONFIRMATION_OK"
20686,10145243751,10145243791,1,"IOTHUB_CLIENT_CONFIRMATION_OK"
20687,10145243951,10145243989,1,"IOTHUB_CLIENT_CONFIRMATION_OK"
20688,10145244151,10145244185,1,"IOTHUB_CLIENT_CONFIRMATION_OK"
20689,10145244351,10145244394,1,"IOTHUB_CLIENT_CONFIRMATION_OK"
20690,10145244552,10145244704,1,"IOTHUB_CLIENT_CONFIRMATION_OK"
20691,10145244752,10145244785,1,"IOTHUB_CLIENT_CONFIRMATION_OK"
20692,10145244952,10145244994,1,"IOTHUB_CLIENT_CONFIRMATION_OK"
20693,10145245152,10145245186,1,"IOTHUB_CLIENT_CONFIRMATION_OK"
20694,10145245352,10145245394,1,"IOTHUB_CLIENT_CONFIRMATION_OK"
20695,10145245552,10145245590,1,"IOTHUB_CLIENT_CONFIRMATION_OK"
20696,10145245753,10145245848,1,"IOTHUB_CLIENT_CONFIRMATION_OK"
20697,10145245953,10145245989,1,"IOTHUB_CLIENT_CONFIRMATION_OK"
20698,10145246153,10145246279,1,"IOTHUB_CLIENT_CONFIRMATION_OK"
20699,10145246353,10145246390,1,"IOTHUB_CLIENT_CONFIRMATION_OK"
20700,10145246553,10145246592,1,"IOTHUB_CLIENT_CONFIRMATION_OK"
20701,10145246753,10145246899,1,"IOTHUB_CLIENT_CONFIRMATION_OK"
20702,10145246953,10145246998,1,"IOTHUB_CLIENT_CONFIRMATION_OK"
20703,10145247154,10145247193,1,"IOTHUB_CLIENT_CONFIRMATION_OK"
20704,10145247354,10145247394,1,"IOTHUB_CLIENT_CONFIRMATION_OK"
20705,10145247554,10145247597,1,"IOTHUB_CLIENT_CONFIRMATION_OK"
20706,10145247754,10145247912,1,"IOTHUB_CLIENT_CONFIRMATION_OK"
20707,10145247954,10145248013,1,"IOTHUB_CLIENT_CONFIRMATION_OK"
20708,10145248154,10145248207,1,"IOTHUB_CLIENT_CONFIRMATION_OK"
20709,10145248355,10145248539,1,"IOTHUB_CLIENT_CONFIRMATION_OK"
20710,10145248555,10145248594,1,"IOTHUB_CLIENT_CONFIRMATION_OK"
20711,10145248755,10145248788,1,"IOTHUB_CLIENT_CONFIRMATION_OK"
20712,10145248955,10145248999,1,"IOTHUB_CLIENT_CONFIRMATION_OK"
20713,10145249155,10145249191,1,"IOTHUB_CLIENT_CONFIRMATION_OK"
20714,10145249356,10145249530,1,"IOTHUB_CLIENT_CONFIRMATION_OK"
20715,10145249556,10145249590,1,"IOTHUB_CLIENT_CONFIRMATION_OK"
20716,10145249756,10145249796,1,"IOTHUB_CLIENT_CONFIRMATION_OK"
20717,10145249956,10145249989,1,"IOTHUB_CLIENT_CONFIRMATION_OK"
20718,10145250156,10145250189,1,"IOTHUB_CLIENT_CONFIRMATION_OK"
20719,10145250356,10145250390,1,"IOTHUB_CLIENT_CONFIRMATION_OK"
20720,10145250556,10145250605,1,"IOTHUB_CLIENT_CONFIRMATION_OK"
20721,10145250757,10145250793,1,"IOTHUB_CLIENT_CONFIRMATION_OK"
20722,10145250957,10145251160,1,"IOTHUB_CLIENT_CONFIRMATION_OK"
20723,10145251157,10145251200,1,"IOTHUB_CLIENT_CONFIRMATION_OK"
20724,10145251357,10145251420,1,"IOTHUB_CLIENT_CONFIRMATION_OK"
20725,10145251557,10145251591,1,"IOTHUB_CLIENT_CONFIRMATION_OK"
20726,10145251757,10145251794,1,"IOTHUB_CLIENT_CONFIRMATION_OK"
20727,10145251958,10145252001,1,"IOTHUB_CLIENT_CONFIRMATION_OK"
20728,10145252158,10145252192,1,"IOTHUB_CLIENT_CONFIRMATION_OK"
20729,10145252358,10145252398,1,"IOTHUB_CLIENT_CONFIRMATION_OK"
20730,10145252558,10145252595,1,"IOTHUB_CLIENT_CONFIRMATION_OK"
20731,10145252759,10145252817,1,"IOTHUB_CLIENT_CONFIRMATION_OK"
20732,10145252959,10145252993,1,"IOTHUB_CLIENT_CONFIRMATION_OK"
20733,10145253159,10145253208,1,"IOTHUB_CLIENT_CONFIRMATION_OK"
20734,10145253359,10145253398,1,"IOTHUB_CLIENT_CONFIRMATION_OK"
20735,10145253559,10145253590,1,"IOTHUB_CLIENT_CONFIRMATION_OK"
20736,10145253759,10145253816,1,"IOTHUB_CLIENT_CONFIRMATION_OK"
20737,10145253959,10145253995,1,"IOTHUB_CLIENT_CONFIRMATION_OK"
20738,10145254160,10145254301,1,"IOTHUB_CLIENT_CONFIRMATION_OK"
20739,10145254360,10145254412,1,"IOTHUB_CLIENT_CONFIRMATION_OK"
20740,10145254560,10145254600,1,"IOTHUB_CLIENT_CONFIRMATION_OK"
20741,10145254760,10145254939,1,"IOTHUB_CLIENT_CONFIRMATION_OK"
20742,10145254960,10145255029,1,"IOTHUB_CLIENT_CONFIRMATION_OK"
20743,10145255160,10145255193,1,"IOTHUB_CLIENT_CONFIRMATION_OK"
20744,10145255360,10145255394,1,"IOTHUB_CLIENT_CONFIRMATION_OK"
20745,10145255561,10145255614,1,"IOTHUB_CLIENT_CONFIRMATION_OK"
20746,10145255761,10145255793,1,"IOTHUB_CLIENT_CONFIRMATION_OK"
20747,10145255961,10145256003,1,"IOTHUB_CLIENT_CONFIRMATION_OK"
20748,10145256161,10145256200,1,"IOTHUB_CLIENT_CONFIRMATION_OK"
20749,10145256361,10145256396,1,"IOTHUB_CLIENT_CONFIRMATION_OK"
20750,10145256561,10145256596,1,"IOTHUB_CLIENT_CONFIRMATION_OK"
20751,10145256761,10145256798,1,"IOTHUB_CLIENT_CONFIRMATION_OK"
20752,10145256962,10145257001,1,"IOTHUB_CLIENT_CONFIRMATION_OK"
20753,10145257162,10145257195,1,"IOTHUB_CLIENT_CONFIRMATION_OK"
20754,10145257362,10145257400,1,"IOTHUB_CLIENT_CONFIRMATION_OK"
20755,10145257562,10145257599,1,"IOTHUB_CLIENT_CONFIRMATION_OK"
20756,10145257762,10145257794,1,"IOTHUB_CLIENT_CONFIRMATION_OK"
20757,10145257962,10145258008,1,"IOTHUB_CLIENT_CONFIRMATION_OK"
20758,10145258163,10145258204,1,"IOTHUB_CLIENT_CONFIRMATION_OK"
20759,10145258363,10145258396,1,"IOTHUB_CLIENT_CONFIRMATION_OK"
20760,10145258563,10145258625,1,"IOTHUB_CLIENT_CONFIRMATION_OK"
20761,10145258763,10145258798,1,"IOTHUB_CLIENT_CONFIRMATION_OK"
20762,10145258963,10145259004,1,"IOTHUB_CLIENT_CONFIRMATION_OK"
20763,10145259163,10145259196,1,"IOTHUB_CLIENT_CONFIRMATION_OK"
20764,10145259363,10145259396,1,"IOTHUB_CLIENT_CONFIRMATION_OK"
20765,10145259564,10145259630,1,"IOTHUB_CLIENT_CONFIRMATION_OK"
20766,10145259764,10145259800,1,"IOTHUB_CLIENT_CONFIRMATION_OK"
20767,10145259964,10145260001,1,"IOTHUB_CLIENT_CONFIRMATION_OK"
20768,10145260164,10145260254,1,"IOTHUB_CLIENT_CONFIRMATION_OK"
20769,10145260364,10145260396,1,"IOTHUB_CLIENT_CONFIRMATION_OK"
20770,10145260564,10145260602,1,"IOTHUB_CLIENT_CONFIRMATION_OK"
20771,10145260764,10145260800,1,"IOTHUB_CLIENT_CONFIRMATION_OK"
20772,10145260965,10145261001,1,"IOTHUB_CLIENT_CONFIRMATION_OK"
20773,10145261165,10145261267,1,"IOTHUB_CLIENT_CONFIRMATION_OK"
20774,10145261365,10145261409,1,"IOTHUB_CLIENT_CONFIRMATION_OK"
20775,10145261565,10145261608,1,"IOTHUB_CLIENT_CONFIRMATION_OK"
20776,10145261765,10145261887,1,"IOTHUB_CLIENT_CONFIRMATION_OK"
20777,10145261965,10145262001,1,"IOTHUB_CLIENT_CONFIRMATION_OK"
20778,10145262166,10145262198,1,"IOTHUB_CLIENT_CONFIRMATION_OK"
20779,10145262366,10145262417,1,"IOTHUB_CLIENT_CONFIRMATION_OK"
20780,10145262566,10145262620,1,"IOTHUB_CLIENT_CONFIRMATION_OK"
20781,10145262766,10145262909,1,"IOTHUB_CLIENT_CONFIRMATION_OK"
20782,10145262966,10145263010,1,"IOTHUB_CLIENT_CONFIRMATION_OK"
20783,10145263166,10145263211,1,"IOTHUB_CLIENT_CONFIRMATION_OK"
20784,10145263366,10145263404,1,"IOTHUB_CLIENT_CONFIRMATION_OK"
20785,10145263567,10145263600,1,"IOTHUB_CLIENT_CONFIRMATION_OK"
20786,10145263767,10145263805,1,"IOTHUB_CLIENT_CONFIRMATION_OK"
20787,10145263967,10145264002,1,"IOTHUB_CLIENT_CONFIRMATION_OK"
20788,10145264167,10145264505,1,"IOTHUB_CLIENT_CONFIRMATION_OK"
20789,10145264367,10145264794,1,"IOTHUB_CLIENT_CONFIRMATION_OK"
20790,10145264568,10145264983,1,"IOTHUB_CLIENT_CONFIRMATION_OK"
20791,10145264768,10145265184,1,"IOTHUB_CLIENT_CONFIRMATION_OK"
20792,10145264968,10145265216,1,"IOTHUB_CLIENT_CONFIRMATION_OK"
20793,10145265168,10145265233,1,"IOTHUB_CLIENT_CONFIRMATION_OK"
20794,10145265368,10145265404,1,"IOTHUB_CLIENT_CONFIRMATION_OK"
20795,10145265568,10145265605,1,"IOTHUB_CLIENT_CONFIRMATION_OK"
20796,10145265768,10145265808,1,"IOTHUB_CLIENT_CONFIRMATION_OK"
20797,10145265969,10145266018,1,"IOTHUB_CLIENT_CONFIRMATION_OK"
20798,10145266169,10145266208,1,"IOTHUB_CLIENT_CONFIRMATION_OK"
20799,10145266369,10145266405,1,"IOTHUB_CLIENT_CONFIRMATION_OK"
20800,10145266569,10145266609,1,"IOTHUB_CLIENT_CONFIRMATION_OK"
20801,10145266769,10145266814,1,"IOTHUB_CLIENT_CONFIRMATION_OK"
20802,10145266970,10145267029,1,"IOTHUB_CLIENT_CONFIRMATION_OK"
20803,10145267170,10145267207,1,"IOTHUB_CLIENT_CONFIRMATION_OK"
20804,10145267370,10145267407,1,"IOTHUB_CLIENT_CONFIRMATION_OK"
20805,10145267570,10145267605,1,"IOTHUB_CLIENT_CONFIRMATION_OK"
20806,10145267770,10145267813,1,"IOTHUB_CLIENT_CONFIRMATION_OK"
20807,10145267970,10145268019,1,"IOTHUB_CLIENT_CONFIRMATION_OK"
20808,10145268171,10145268220,1,"IOTHUB_CLIENT_CONFIRMATION_OK"
20809,10145268371,10145268406,1,"IOTHUB_CLIENT_CONFIRMATION_OK"
20810,10145268571,10145268610,1,"IOTHUB_CLIENT_CONFIRMATION_OK"
20811,10145268771,10145268851,1,"IOTHUB_CLIENT_CONFIRMATION_OK"
20812,10145268971,10145269009,1,"IOTHUB_CLIENT_CONFIRMATION_OK"
20813,10145269171,10145269230,1,"IOTHUB_CLIENT_CONFIRMATION_OK"
20814,10145269371,10145269406,1,"IOTHUB_CLIENT_CONFIRMATION_OK"
20815,10145269572,10145269611,1,"IOTHUB_CLIENT_CONFIRMATION_OK"
20816,10145269772,10145269872,1,"IOTHUB_CLIENT_CONFIRMATION_OK"
20817,10145269972,10145270008,1,"IOTHUB_CLIENT_CONFIRMATION_OK"
20818,10145270172,10145270204,1,"IOTHUB_CLIENT_CONFIRMATION_OK"
20819,10145270372,10145270405,1,"IOTHUB_CLIENT_CONFIRMATION_OK"
20820,10145270572,10145270605,1,"IOTHUB_CLIENT_CONFIRMATION_OK"
20821,10145270772,10145270826,1,"IOTHUB_CLIENT_CONFIRMATION_OK"
20822,10145270973,10145271018,1,"IOTHUB_CLIENT_CONFIRMATION_OK"
20823,10145271173,10145271205,1,"IOTHUB_CLIENT_CONFIRMATION_OK"
20824,10145271373,10145271508,1,"IOTHUB_CLIENT_CONFIRMATION_OK"
20825,10145271573,10145271607,1,"IOTHUB_CLIENT_CONFIRMATION_OK"
20826,10145271773,10145271810,1,"IOTHUB_CLIENT_CONFIRMATION_OK"
20827,10145271973,10145272017,1,"IOTHUB_CLIENT_CONFIRMATION_OK"
20828,10145272174,10145272207,1,"IOTHUB_CLIENT_CONFIRMATION_OK"
20829,10145272374,10145272418,1,"IOTHUB_CLIENT_CONFIRMATION_OK"
20830,10145272574,10145272612,1,"IOTHUB_CLIENT_CONFIRMATION_OK"
20831,10145272774,10145272810,1,"IOTHUB_CLIENT_CONFIRMATION_OK"
20832,10145272974,10145273144,1,"IOTHUB_CLIENT_CONFIRMATION_OK"
20833,10145273174,10145273209,1,"IOTHUB_CLIENT_CONFIRMATION_OK"
20834,10145273374,10145273406,1,"IOTHUB_CLIENT_CONFIRMATION_OK"
20835,10145273575,10145273611,1,"IOTHUB_CLIENT_CONFIRMATION_OK"
20836,10145273775,10145273809,1,"IOTHUB_CLIENT_CONFIRMATION_OK"
20837,10145273975,10145274024,1,"IOTHUB_CLIENT_CONFIRMATION_OK"
20838,10145274175,10145274208,1,"IOTHUB_CLIENT_CONFIRMATION_OK"
20839,10145274375,10145274413,1,"IOTHUB_CLIENT_CONFIRMATION_OK"
20840,10145274576,10145274665,1,"IOTHUB_CLIENT_CONFIRMATION_OK"
20841,10145274776,10145274817,1,"IOTHUB_CLIENT_CONFIRMATION_OK"
20842,10145274976,10145275014,1,"IOTHUB_CLIENT_CONFIRMATION_OK"
20843,10145275176,10145275268,1,"IOTHUB_CLIENT_CONFIRMATION_OK"
20844,10145275376,10145275420,1,"IOTHUB_CLIENT_CONFIRMATION_OK"
20845,10145275576,10145275610,1,"IOTHUB_CLIENT_CONFIRMATION_OK"
20846,10145275776,10145275813,1,"IOTHUB_CLIENT_CONFIRMATION_OK"
20847,10145275977,10145276014,1,"IOTHUB_CLIENT_CONFIRMATION_OK"
20848,10145276177,10145276316,1,"IOTHUB_CLIENT_CONFIRMATION_OK"
20849,10145276377,10145276411,1,"IOTHUB_CLIENT_CONFIRMATION_OK"
20850,10145276577,10145276622,1,"IOTHUB_CLIENT_CONFIRMATION_OK"
20851,10145276777,10145276850,1,"IOTHUB_CLIENT_CONFIRMATION_OK"
20852,10145276977,10145277025,1,"IOTHUB_CLIENT_CONFIRMATION_OK"
20853,10145277178,10145277221,1,"IOTHUB_CLIENT_CONFIRMATION_OK"
20854,10145277378,10145277421,1,"IOTHUB_CLIENT_CONFIRMATION_OK"
20855,10145277578,10145277613,1,"IOTHUB_CLIENT_CONFIRMATION_OK"
20856,10145277778,10145277952,1,"IOTHUB_CLIENT_CONFIRMATION_OK"
20857,10145277978,10145278010,1,"IOTHUB_CLIENT_CONFIRMATION_OK"
20858,10145278178,10145278218,1,"IOTHUB_CLIENT_CONFIRMATION_OK"
20859,10145278378,10145278436,1,"IOTHUB_CLIENT_CONFIRMATION_OK"
20860,10145278579,10145278615,1,"IOTHUB_CLIENT_CONFIRMATION_OK"
20861,10145278779,10145278814,1,"IOTHUB_CLIENT_CONFIRMATION_OK"
20862,10145278979,10145279050,1,"IOTHUB_CLIENT_CONFIRMATION_OK"
20863,10145279179,10145279228,1,"IOTHUB_CLIENT_CONFIRMATION_OK"
20864,10145279379,10145279453,1,"IOTHUB_CLIENT_CONFIRMATION_OK"
20865,10145279580,10145279619,1,"IOTHUB_CLIENT_CONFIRMATION_OK"
20866,10145279780,10145279820,1,"IOTHUB_CLIENT_CONFIRMATION_OK"
20867,10145279980,10145280083,1,"IOTHUB_CLIENT_CONFIRMATION_OK"
20868,10145280180,10145280219,1,"IOTHUB_CLIENT_CONFIRMATION_OK"
20869,10145280380,10145280427,1,"IOTHUB_CLIENT_CONFIRMATION_OK"
20870,10145280580,10145280632,1,"IOTHUB_CLIENT_CONFIRMATION_OK"
20871,10145280780,10145280835,1,"IOTHUB_CLIENT_CONFIRMATION_OK"
20872,10145280981,10145281099,1,"IOTHUB_CLIENT_CONFIRMATION_OK"
20873,10145281181,10145281215,1,"IOTHUB_CLIENT_CONFIRMATION_OK"
20874,10145281381,10145281416,1,"IOTHUB_CLIENT_CONFIRMATION_OK"
20875,10145281581,10145281715,1,"IOTHUB_CLIENT_CONFIRMATION_OK"
20876,10145281781,10145281819,1,"IOTHUB_CLIENT_CONFIRMATION_OK"
20877,10145281981,10145282014,1,"IOTHUB_CLIENT_CONFIRMATION_OK"
20878,10145282181,10145282217,1,"IOTHUB_CLIENT_CONFIRMATION_OK"
20879,10145282382,10145282420,1,"IOTHUB_CLIENT_CONFIRMATION_OK"
20880,10145282582,10145282845,1,"IOTHUB_CLIENT_CONFIRMATION_OK"
20881,10145282782,10145282863,1,"IOTHUB_CLIENT_CONFIRMATION_OK"
20882,10145282982,10145283015,1,"IOTHUB_CLIENT_CONFIRMATION_OK"
20883,10145283182,10145283237,1,"IOTHUB_CLIENT_CONFIRMATION_OK"
20884,10145283382,10145283419,1,"IOTHUB_CLIENT_CONFIRMATION_OK"
20885,10145283582,10145283629,1,"IOTHUB_CLIENT_CONFIRMATION_OK"
20886,10145283783,10145283852,1,"IOTHUB_CLIENT_CONFIRMATION_OK"
20887,10145283983,10145284029,1,"IOTHUB_CLIENT_CONFIRMATION_OK"
20888,10145284183,10145284240,1,"IOTHUB_CLIENT_CONFIRMATION_OK"
20889,10145284383,10145284415,1,"IOTHUB_CLIENT_CONFIRMATION_OK"
20890,10145284583,10145284617,1,"IOTHUB_CLIENT_CONFIRMATION_OK"
20891,10145284783,10145284876,1,"IOTHUB_CLIENT_CONFIRMATION_OK"
20892,10145284984,10145285031,1,"IOTHUB_CLIENT_CONFIRMATION_OK"
20893,10145285184,10145285219,1,"IOTHUB_CLIENT_CONFIRMATION_OK"
20894,10145285384,10145285498,1,"IOTHUB_CLIENT_CONFIRMATION_OK"
20895,10145285584,10145285626,1,"IOTHUB_CLIENT_CONFIRMATION_OK"
20896,10145285784,10145285825,1,"IOTHUB_CLIENT_CONFIRMATION_OK"
20897,10145285985,10145286030,1,"IOTHUB_CLIENT_CONFIRMATION_OK"
20898,10145286185,10145286255,1,"IOTHUB_CLIENT_CONFIRMATION_OK"
20899,10145286385,10145286508,1,"IOTHUB_CLIENT_CONFIRMATION_OK"
20900,10145286585,10145286622,1,"IOTHUB_CLIENT_CONFIRMATION_OK"
20901,10145286785,10145286821,1,"IOTHUB_CLIENT_CONFIRMATION_OK"
20902,10145286985,10145287026,1,"IOTHUB_CLIENT_CONFIRMATION_OK"
20903,10145287186,10145287228,1,"IOTHUB_CLIENT_CONFIRMATION_OK"
20904,10145287386,10145287418,1,"IOTHUB_CLIENT_CONFIRMATION_OK"
20905,10145287586,10145287626,1,"IOTHUB_CLIENT_CONFIRMATION_OK"
20906,10145287786,10145287818,1,"IOTHUB_CLIENT_CONFIRMATION_OK"
20907,10145287986,10145288147,1,"IOTHUB_CLIENT_CONFIRMATION_OK"
20908,10145288186,10145288233,1,"IOTHUB_CLIENT_CONFIRMATION_OK"
20909,10145288387,10145288420,1,"IOTHUB_CLIENT_CONFIRMATION_OK"
20910,10145288587,10145288634,1,"IOTHUB_CLIENT_CONFIRMATION_OK"
20911,10145288787,10145288829,1,"IOTHUB_CLIENT_CONFIRMATION_OK"
20912,10145288987,10145289024,1,"IOTHUB_CLIENT_CONFIRMATION_OK"
20913,10145289187,10145289221,1,"IOTHUB_CLIENT_CONFIRMATION_OK"
20914,10145289387,10145289421,1,"IOTHUB_CLIENT_CONFIRMATION_OK"
20915,10145289588,10145289622,1,"IOTHUB_CLIENT_CONFIRMATION_OK"
20916,10145289788,10145289817,1,"IOTHUB_CLIENT_CONFIRMATION_OK"
20917,10145289988,10145290022,1,"IOTHUB_CLIENT_CONFIRMATION_OK"
20918,10145290188,10145290254,1,"IOTHUB_CLIENT_CONFIRMATION_OK"
20919,10145290388,10145290420,1,"IOTHUB_CLIENT_CONFIRMATION_OK"
20920,10145290588,10145290625,1,"IOTHUB_CLIENT_CONFIRMATION_OK"
20921,10145290789,10145290862,1,"IOTHUB_CLIENT_CONFIRMATION_OK"
20922,10145290989,10145291048,1,"IOTHUB_CLIENT_CONFIRMATION_OK"
20923,10145291189,10145291233,1,"IOTHUB_CLIENT_CONFIRMATION_OK"
20924,10145291389,10145291426,1,"IOTHUB_CLIENT_CONFIRMATION_OK"
20925,10145291589,10145291627,1,"IOTHUB_CLIENT_CONFIRMATION_OK"
20926,10145291789,10145291849,1,"IOTHUB_CLIENT_CONFIRMATION_OK"
20927,10145291989,10145292022,1,"IOTHUB_CLIENT_CONFIRMATION_OK"
20928,10145292190,10145292240,1,"IOTHUB_CLIENT_CONFIRMATION_OK"
20929,10145292390,10145292493,1,"IOTHUB_CLIENT_CONFIRMATION_OK"
20930,10145292590,10145292626,1,"IOTHUB_CLIENT_CONFIRMATION_OK"
20931,10145292790,10145292875,1,"IOTHUB_CLIENT_CONFIRMATION_OK"
20932,10145292990,10145293025,1,"IOTHUB_CLIENT_CONFIRMATION_OK"
20933,10145293190,10145293235,1,"IOTHUB_CLIENT_CONFIRMATION_OK"
20934,10145293391,10145293494,1,"IOTHUB_CLIENT_CONFIRMATION_OK"
20935,10145293591,10145293633,1,"IOTHUB_CLIENT_CONFIRMATION_OK"
20936,10145293791,10145293825,1,"IOTHUB_CLIENT_CONFIRMATION_OK"
20937,10145293991,10145294023,1,"IOTHUB_CLIENT_CONFIRMATION_OK"
20938,10145294191,10145294228,1,"IOTHUB_CLIENT_CONFIRMATION_OK"
20939,10145294391,10145294506,1,"IOTHUB_CLIENT_CONFIRMATION_OK"
20940,10145294591,10145294630,1,"IOTHUB_CLIENT_CONFIRMATION_OK"
20941,10145294792,10145294836,1,"IOTHUB_CLIENT_CONFIRMATION_OK"
20942,10145294992,10145295029,1,"IOTHUB_CLIENT_CONFIRMATION_OK"
20943,10145295192,10145295226,1,"IOTHUB_CLIENT_CONFIRMATION_OK"
20944,10145295392,10145295434,1,"IOTHUB_CLIENT_CONFIRMATION_OK"
20945,10145295592,10145295642,1,"IOTHUB_CLIENT_CONFIRMATION_OK"
20946,10145295792,10145295835,1,"IOTHUB_CLIENT_CONFIRMATION_OK"
20947,10145295993,10145296178,1,"IOTHUB_CLIENT_CONFIRMATION_OK"
20948,10145296193,10145296225,1,"IOTHUB_CLIENT_CONFIRMATION_OK"
20949,10145296393,10145296432,1,"IOTHUB_CLIENT_CONFIRMATION_OK"
20950,10145296593,10145296625,1,"IOTHUB_CLIENT_CONFIRMATION_OK"
20951,10145296793,10145296829,1,"IOTHUB_CLIENT_CONFIRMATION_OK"
20952,10145296993,10145297031,1,"IOTHUB_CLIENT_CONFIRMATION_OK"
20953,10145297193,10145297226,1,"IOTHUB_CLIENT_CONFIRMATION_OK"
20954,10145297394,10145297516,1,"IOTHUB_CLIENT_CONFIRMATION_OK"
20955,10145297594,10145297812,1,"IOTHUB_CLIENT_CONFIRMATION_OK"
20956,10145297794,10145297832,1,"IOTHUB_CLIENT_CONFIRMATION_OK"
20957,10145297994,10145298025,1,"IOTHUB_CLIENT_CONFIRMATION_OK"
20958,10145298194,10145298231,1,"IOTHUB_CLIENT_CONFIRMATION_OK"
20959,10145298394,10145298434,1,"IOTHUB_CLIENT_CONFIRMATION_OK"
20960,10145298594,10145298641,1,"IOTHUB_CLIENT_CONFIRMATION_OK"
20961,10145298795,10145298838,1,"IOTHUB_CLIENT_CONFIRMATION_OK"
20962,10145298995,10145299035,1,"IOTHUB_CLIENT_CONFIRMATION_OK"
20963,10145299195,10145299244,1,"IOTHUB_CLIENT_CONFIRMATION_OK"
20964,10145299395,10145299434,1,"IOTHUB_CLIENT_CONFIRMATION_OK"
20965,10145299595,10145299629,1,"IOTHUB_CLIENT_CONFIRMATION_OK"
20966,10145299795,10145299905,1,"IOTHUB_CLIENT_CONFIRMATION_OK"
20967,10145299995,10145300034,1,"IOTHUB_CLIENT_CONFIRMATION_OK"
20968,10145300196,10145300234,1,"IOTHUB_CLIENT_CONFIRMATION_OK"
20969,10145300396,10145300488,1,"IOTHUB_CLIENT_CONFIRMATION_OK"
20970,10145300596,10145300647,1,"IOTHUB_CLIENT_CONFIRMATION_OK"
20971,10145300796,10145300846,1,"IOTHUB_CLIENT_CONFIRMATION_OK"
20972,10145300996,10145301029,1,"IOTHUB_CLIENT_CONFIRMATION_OK"
20973,10145301196,10145301251,1,"IOTHUB_CLIENT_CONFIRMATION_OK"
20974,10145301397,10145301565,1,"IOTHUB_CLIENT_CONFIRMATION_OK"
20975,10145301597,10145301632,1,"IOTHUB_CLIENT_CONFIRMATION_OK"
20976,10145301797,10145301835,1,"IOTHUB_CLIENT_CONFIRMATION_OK"
20977,10145301997,10145302035,1,"IOTHUB_CLIENT_CONFIRMATION_OK"
20978,10145302197,10145302232,1,"IOTHUB_CLIENT_CONFIRMATION_OK"
20979,10145302397,10145302436,1,"IOTHUB_CLIENT_CONFIRMATION_OK"
20980,10145302598,10145302636,1,"IOTHUB_CLIENT_CONFIRMATION_OK"
20981,10145302798,10145302834,1,"IOTHUB_CLIENT_CONFIRMATION_OK"
20982,10145302998,10145303033,1,"IOTHUB_CLIENT_CONFIRMATION_OK"
20983,10145303198,10145303239,1,"IOTHUB_CLIENT_CONFIRMATION_OK"
20984,10145303398,10145303456,1,"IOTHUB_CLIENT_CONFIRMATION_OK"
20985,10145303598,10145303637,1,"IOTHUB_CLIENT_CONFIRMATION_OK"
20986,10145303799,10145303835,1,"IOTHUB_CLIENT_CONFIRMATION_OK"
20987,10145303999,10145304032,1,"IOTHUB_CLIENT_CONFIRMATION_OK"
20988,10145304199,10145304241,1,"IOTHUB_CLIENT_CONFIRMATION_OK"
20989,10145304399,10145304444,1,"IOTHUB_CLIENT_CONFIRMATION_OK"
20990,10145304599,10145304637,1,"IOTHUB_CLIENT_CONFIRMATION_OK"
20991,10145304800,10145304839,1,"IOTHUB_CLIENT_CONFIRMATION_OK"
20992,10145305000,10145305072,1,"IOTHUB_CLIENT_CONFIRMATION_OK"
20993,10145305200,10145305238,1,"IOTHUB_CLIENT_CONFIRMATION_OK"
20994,10145305400,10145305455,1,"IOTHUB_CLIENT_CONFIRMATION_OK"
20995,10145305600,10145305654,1,"IOTHUB_CLIENT_CONFIRMATION_OK"
20996,10145305800,10145305985,1,"IOTHUB_CLIENT_CONFIRMATION_OK"
20997,10145306000,10145306033,1,"IOTHUB_CLIENT_CONFIRMATION_OK"
20998,10145306201,10145306239,1,"IOTHUB_CLIENT_CONFIRMATION_OK"
20999,10145306401,10145306439,1,"IOTHUB_CLIENT_CONFIRMATION_OK"
21000,10145306601,10145306653,1,"IOTHUB_CLIENT_CONFIRMATION_OK"
21001,10145306801,10145306837,1,"IOTHUB_CLIENT_CONFIRMATION_OK"
21002,10145307001,10145307067,1,"IOTHUB_CLIENT_CONFIRMATION_OK"
21003,10145307201,10145307232,1,"IOTHUB_CLIENT_CONFIRMATION_OK"
21004,10145307401,10145307450,1,"IOTHUB_CLIENT_CONFIRMATION_OK"
21005,10145307602,10145307638,1,"IOTHUB_CLIENT_CONFIRMATION_OK"
21006,10145307802,10145307883,1,"IOTHUB_CLIENT_CONFIRMATION_OK"
21007,10145308002,10145308042,1,"IOTHUB_CLIENT_CONFIRMATION_OK"
21008,10145308202,10145308240,1,"IOTHUB_CLIENT_CONFIRMATION_OK"
21009,10145308402,10145308589,1,"IOTHUB_CLIENT_CONFIRMATION_OK"
21010,10145308602,10145308634,1,"IOTHUB_CLIENT_CONFIRMATION_OK"
21011,10145308803,10145308842,1,"IOTHUB_CLIENT_CONFIRMATION_OK"
21012,10145309003,10145309038,1,"IOTHUB_CLIENT_CONFIRMATION_OK"
21013,10145309203,10145309241,1,"IOTHUB_CLIENT_CONFIRMATION_OK"
21014,10145309403,10145309582,1,"IOTHUB_CLIENT_CONFIRMATION_OK"
21015,10145309603,10145309638,1,"IOTHUB_CLIENT_CONFIRMATION_OK"
21016,10145309803,10145309840,1,"IOTHUB_CLIENT_CONFIRMATION_OK"
21017,10145310003,10145310048,1,"IOTHUB_CLIENT_CONFIRMATION_OK"
21018,10145310204,10145310237,1,"IOTHUB_CLIENT_CONFIRMATION_OK"
21019,10145310404,10145310440,1,"IOTHUB_CLIENT_CONFIRMATION_OK"
21020,10145310604,10145310635,1,"IOTHUB_CLIENT_CONFIRMATION_OK"
21021,10145310804,10145310837,1,"IOTHUB_CLIENT_CONFIRMATION_OK"
21022,10145311004,10145311203,1,"IOTHUB_CLIENT_CONFIRMATION_OK"
21023,10145311205,10145311243,1,"IOTHUB_CLIENT_CONFIRMATION_OK"
21024,10145311405,10145311440,1,"IOTHUB_CLIENT_CONFIRMATION_OK"
21025,10145311605,10145311658,1,"IOTHUB_CLIENT_CONFIRMATION_OK"
21026,10145311805,10145311846,1,"IOTHUB_CLIENT_CONFIRMATION_OK"
21027,10145312005,10145312039,1,"IOTHUB_CLIENT_CONFIRMATION_OK"
21028,10145312205,10145312241,1,"IOTHUB_CLIENT_CONFIRMATION_OK"
21029,10145312405,10145312470,1,"IOTHUB_CLIENT_CONFIRMATION_OK"
21030,10145312606,10145312641,1,"IOTHUB_CLIENT_CONFIRMATION_OK"
21031,10145312806,10145312843,1,"IOTHUB_CLIENT_CONFIRMATION_OK"
21032,10145313006,10145313071,1,"IOTHUB_CLIENT_CONFIRMATION_OK"
21033,10145313206,10145313255,1,"IOTHUB_CLIENT_CONFIRMATION_OK"
21034,10145313406,10145313446,1,"IOTHUB_CLIENT_CONFIRMATION_OK"
21035,10145313606,10145313643,1,"IOTHUB_CLIENT_CONFIRMATION_OK"
21036,10145313806,10145313847,1,"IOTHUB_CLIENT_CONFIRMATION_OK"
21037,10145314007,10145314039,1,"IOTHUB_CLIENT_CONFIRMATION_OK"
21038,10145314207,10145314242,1,"IOTHUB_CLIENT_CONFIRMATION_OK"
21039,10145314407,10145314440,1,"IOTHUB_CLIENT_CONFIRMATION_OK"
21040,10145314607,10145314698,1,"IOTHUB_CLIENT_CONFIRMATION_OK"
21041,10145314807,10145314942,1,"IOTHUB_CLIENT_CONFIRMATION_OK"
21042,10145315007,10145315040,1,"IOTHUB_CLIENT_CONFIRMATION_OK"
21043,10145315207,10145315252,1,"IOTHUB_CLIENT_CONFIRMATION_OK"
21044,10145315408,10145315441,1,"IOTHUB_CLIENT_CONFIRMATION_OK"
21045,10145315608,10145315641,1,"IOTHUB_CLIENT_CONFIRMATION_OK"
21046,10145315808,10145315887,1,"IOTHUB_CLIENT_CONFIRMATION_OK"
21047,10145316008,10145316046,1,"IOTHUB_CLIENT_CONFIRMATION_OK"
21048,10145316208,10145316248,1,"IOTHUB_CLIENT_CONFIRMATION_OK"
21049,10145316408,10145316571,1,"IOTHUB_CLIENT_CONFIRMATION_OK"
21050,10145316608,10145316638,1,"IOTHUB_CLIENT_CONFIRMATION_OK"
21051,10145316809,10145316843,1,"IOTHUB_CLIENT_CONFIRMATION_OK"
21052,10145317009,10145317049,1,"IOTHUB_CLIENT_CONFIRMATION_OK"
21053,10145317209,10145317248,1,"IOTHUB_CLIENT_CONFIRMATION_OK"
21054,10145317409,10145317456,1,"IOTHUB_CLIENT_CONFIRMATION_OK"
21055,10145317609,10145317641,1,"IOTHUB_CLIENT_CONFIRMATION_OK"
21056,10145317810,10145317862,1,"IOTHUB_CLIENT_CONFIRMATION_OK"
21057,10145318010,10145318095,1,"IOTHUB_CLIENT_CONFIRMATION_OK"
21058,10145318210,10145318251,1,"IOTHUB_CLIENT_CONFIRMATION_OK"
21059,10145318410,10145318472,1,"IOTHUB_CLIENT_CONFIRMATION_OK"
21060,10145318610,10145318692,1,"IOTHUB_CLIENT_CONFIRMATION_OK"
21061,10145318810,10145318844,1,"IOTHUB_CLIENT_CONFIRMATION_OK"
21062,10145319011,10145319041,1,"IOTHUB_CLIENT_CONFIRMATION_OK"
21063,10145319211,10145319244,1,"IOTHUB_CLIENT_CONFIRMATION_OK"
21064,10145319411,10145319447,1,"IOTHUB_CLIENT_CONFIRMATION_OK"
21065,10145319611,10145319647,1,"IOTHUB_CLIENT_CONFIRMATION_OK"
21066,10145319811,10145319841,1,"IOTHUB_CLIENT_CONFIRMATION_OK"
21067,10145320011,10145320062,1,"IOTHUB_CLIENT_CONFIRMATION_OK"
21068,10145320211,10145320255,1,"IOTHUB_CLIENT_CONFIRMATION_OK"
21069,10145320412,10145320445,1,"IOTHUB_CLIENT_CONFIRMATION_OK"
21070,10145320612,10145320647,1,"IOTHUB_CLIENT_CONFIRMATION_OK"
21071,10145320812,10145320855,1,"IOTHUB_CLIENT_CONFIRMATION_OK"
21072,10145321012,10145321049,1,"IOTHUB_CLIENT_CONFIRMATION_OK"
21073,10145321212,10145321255,1,"IOTHUB_CLIENT_CONFIRMATION_OK"
21074,10145321412,10145321454,1,"IOTHUB_CLIENT_CONFIRMATION_OK"
21075,10145321613,10145321646,1,"IOTHUB_CLIENT_CONFIRMATION_OK"
21076,10145321813,10145321863,1,"IOTHUB_CLIENT_CONFIRMATION_OK"
21077,10145322013,10145322064,1,"IOTHUB_CLIENT_CONFIRMATION_OK"
21078,10145322213,10145322248,1,"IOTHUB_CLIENT_CONFIRMATION_OK"
21079,10145322413,10145322485,1,"IOTHUB_CLIENT_CONFIRMATION_OK"
21080,10145322613,10145322646,1,"IOTHUB_CLIENT_CONFIRMATION_OK"
21081,10145322813,10145322899,1,"IOTHUB_CLIENT_CONFIRMATION_OK"
21082,10145323014,10145323047,1,"IOTHUB_CLIENT_CONFIRMATION_OK"
21083,10145323214,10145323244,1,"IOTHUB_CLIENT_CONFIRMATION_OK"
21084,10145323414,10145323531,1,"IOTHUB_CLIENT_CONFIRMATION_OK"
21085,10145323614,10145323645,1,"IOTHUB_CLIENT_CONFIRMATION_OK"
21086,10145323814,10145323848,1,"IOTHUB_CLIENT_CONFIRMATION_OK"
21087,10145324014,10145324049,1,"IOTHUB_CLIENT_CONFIRMATION_OK"
21088,10145324215,10145324256,1,"IOTHUB_CLIENT_CONFIRMATION_OK"
21089,10145324415,10145324555,1,"IOTHUB_CLIENT_CONFIRMATION_OK"
21090,10145324615,10145324647,1,"IOTHUB_CLIENT_CONFIRMATION_OK"
21091,10145324815,10145324858,1,"IOTHUB_CLIENT_CONFIRMATION_OK"
21092,10145325015,10145325172,1,"IOTHUB_CLIENT_CONFIRMATION_OK"
21093,10145325215,10145325259,1,"IOTHUB_CLIENT_CONFIRMATION_OK"
21094,10145325415,10145325476,1,"IOTHUB_CLIENT_CONFIRMATION_OK"
21095,10145325616,10145325660,1,"IOTHUB_CLIENT_CONFIRMATION_OK"
21096,10145325816,10145325847,1,"IOTHUB_CLIENT_CONFIRMATION_OK"
21097,10145326016,10145326051,1,"IOTHUB_CLIENT_CONFIRMATION_OK"
21098,10145326216,10145326249,1,"IOTHUB_CLIENT_CONFIRMATION_OK"
21099,10145326416,10145326451,1,"IOTHUB_CLIENT_CONFIRMATION_OK"
21100,10145326617,10145326680,1,"IOTHUB_CLIENT_CONFIRMATION_OK"
21101,10145326817,10145326849,1,"IOTHUB_CLIENT_CONFIRMATION_OK"
21102,10145327017,10145327048,1,"IOTHUB_CLIENT_CONFIRMATION_OK"
21103,10145327217,10145327293,1,"IOTHUB_CLIENT_CONFIRMATION_OK"
21104,10145327417,10145327455,1,"IOTHUB_CLIENT_CONFIRMATION_OK"
21105,10145327617,10145327698,1,"IOTHUB_CLIENT_CONFIRMATION_OK"
21106,10145327817,10145327856,1,"IOTHUB_CLIENT_CONFIRMATION_OK"
21107,10145328018,10145328051,1,"IOTHUB_CLIENT_CONFIRMATION_OK"
21108,10145328218,10145328308,1,"IOTHUB_CLIENT_CONFIRMATION_OK"
21109,10145328418,10145328450,1,"IOTHUB_CLIENT_CONFIRMATION_OK"
21110,10145328618,10145328658,1,"IOTHUB_CLIENT_CONFIRMATION_OK"
21111,10145328818,10145328912,1,"IOTHUB_CLIENT_CONFIRMATION_OK"
21112,10145329018,10145329056,1,"IOTHUB_CLIENT_CONFIRMATION_OK"
21113,10145329219,10145329319,1,"IOTHUB_CLIENT_CONFIRMATION_OK"
21114,10145329419,10145329452,1,"IOTHUB_CLIENT_CONFIRMATION_OK"
21115,10145329619,10145329650,1,"IOTHUB_CLIENT_CONFIRMATION_OK"
21116,10145329819,10145329962,1,"IOTHUB_CLIENT_CONFIRMATION_OK"
21117,10145330019,10145330053,1,"IOTHUB_CLIENT_CONFIRMATION_OK"
21118,10145330219,10145330257,1,"IOTHUB_CLIENT_CONFIRMATION_OK"
21119,10145330420,10145330461,1,"IOTHUB_CLIENT_CONFIRMATION_OK"
21120,10145330620,10145330653,1,"IOTHUB_CLIENT_CONFIRMATION_OK"
21121,10145330820,10145330857,1,"IOTHUB_CLIENT_CONFIRMATION_OK"
21122,10145331020,10145331060,1,"IOTHUB_CLIENT_CONFIRMATION_OK"
21123,10145331220,10145331259,1,"IOTHUB_CLIENT_CONFIRMATION_OK"
21124,10145331420,10145331461,1,"IOTHUB_CLIENT_CONFIRMATION_OK"
21125,10145331620,10145331661,1,"IOTHUB_CLIENT_CONFIRMATION_OK"
21126,10145331821,10145331857,1,"IOTHUB_CLIENT_CONFIRMATION_OK"
21127,10145332021,10145332062,1,"IOTHUB_CLIENT_CONFIRMATION_OK"
21128,10145332221,10145332254,1,"IOTHUB_CLIENT_CONFIRMATION_OK"
21129,10145332421,10145332480,1,"IOTHUB_CLIENT_CONFIRMATION_OK"
21130,10145332621,10145332655,1,"IOTHUB_CLIENT_CONFIRMATION_OK"
21131,10145332821,10145332864,1,"IOTHUB_CLIENT_CONFIRMATION_OK"
21132,10145333022,10145333067,1,"IOTHUB_CLIENT_CONFIRMATION_OK"
21133,10145333222,10145333252,1,"IOTHUB_CLIENT_CONFIRMATION_OK"
21134,10145333422,10145333460,1,"IOTHUB_CLIENT_CONFIRMATION_OK"
21135,10145333622,10145333717,1,"IOTHUB_CLIENT_CONFIRMATION_OK"
21136,10145333822,10145333858,1,"IOTHUB_CLIENT_CONFIRMATION_OK"
21137,10145334022,10145334055,1,"IOTHUB_CLIENT_CONFIRMATION_OK"
21138,10145334222,10145334260,1,"IOTHUB_CLIENT_CONFIRMATION_OK"
21139,10145334423,10145334471,1,"IOTHUB_CLIENT_CONFIRMATION_OK"
21140,10145334623,10145334738,1,"IOTHUB_CLIENT_CONFIRMATION_OK"
21141,10145334823,10145334864,1,"IOTHUB_CLIENT_CONFIRMATION_OK"
21142,10145335023,10145335073,1,"IOTHUB_CLIENT_CONFIRMATION_OK"
21143,10145335223,10145335349,1,"IOTHUB_CLIENT_CONFIRMATION_OK"
21144,10145335423,10145335493,1,"IOTHUB_CLIENT_CONFIRMATION_OK"
21145,10145335624,10145335660,1,"IOTHUB_CLIENT_CONFIRMATION_OK"
21146,10145335824,10145335860,1,"IOTHUB_CLIENT_CONFIRMATION_OK"
21147,10145336024,10145336059,1,"IOTHUB_CLIENT_CONFIRMATION_OK"
21148,10145336224,10145336257,1,"IOTHUB_CLIENT_CONFIRMATION_OK"
21149,10145336424,10145336466,1,"IOTHUB_CLIENT_CONFIRMATION_OK"
21150,10145336624,10145336654,1,"IOTHUB_CLIENT_CONFIRMATION_OK"
21151,10145336824,10145336864,1,"IOTHUB_CLIENT_CONFIRMATION_OK"
21152,10145337025,10145337065,1,"IOTHUB_CLIENT_CONFIRMATION_OK"
21153,10145337225,10145337264,1,"IOTHUB_CLIENT_CONFIRMATION_OK"
21154,10145337425,10145337470,1,"IOTHUB_CLIENT_CONFIRMATION_OK"
21155,10145337625,10145337660,1,"IOTHUB_CLIENT_CONFIRMATION_OK"
21156,10145337825,10145337867,1,"IOTHUB_CLIENT_CONFIRMATION_OK"
21157,10145338025,10145338063,1,"IOTHUB_CLIENT_CONFIRMATION_OK"
21158,10145338226,10145338268,1,"IOTHUB_CLIENT_CONFIRMATION_OK"
21159,10145338426,10145338495,1,"IOTHUB_CLIENT_CONFIRMATION_OK"
21160,10145338626,10145338839,1,"IOTHUB_CLIENT_CONFIRMATION_OK"
21161,10145338826,10145338926,1,"IOTHUB_CLIENT_CONFIRMATION_OK"
21162,10145339026,10145339144,1,"IOTHUB_CLIENT_CONFIRMATION_OK"
21163,10145339227,10145339268,1,"IOTHUB_CLIENT_CONFIRMATION_OK"
21164,10145339427,10145339541,1,"IOTHUB_CLIENT_CONFIRMATION_OK"
21165,10145339627,10145339662,1,"IOTHUB_CLIENT_CONFIRMATION_OK"
21166,10145339827,10145339856,1,"IOTHUB_CLIENT_CONFIRMATION_OK"
21167,10145340027,10145340147,1,"IOTHUB_CLIENT_CONFIRMATION_OK"
21168,10145340227,10145340261,1,"IOTHUB_CLIENT_CONFIRMATION_OK"
21169,10145340428,10145340474,1,"IOTHUB_CLIENT_CONFIRMATION_OK"
21170,10145340628,10145340669,1,"IOTHUB_CLIENT_CONFIRMATION_OK"
21171,10145340828,10145340865,1,"IOTHUB_CLIENT_CONFIRMATION_OK"
21172,10145341028,10145341159,1,"IOTHUB_CLIENT_CONFIRMATION_OK"
21173,10145341228,10145341262,1,"IOTHUB_CLIENT_CONFIRMATION_OK"
21174,10145341428,10145341463,1,"IOTHUB_CLIENT_CONFIRMATION_OK"
21175,10145341628,10145341660,1,"IOTHUB_CLIENT_CONFIRMATION_OK"
21176,10145341829,10145341862,1,"IOTHUB_CLIENT_CONFIRMATION_OK"
21177,10145342029,10145342136,1,"IOTHUB_CLIENT_CONFIRMATION_OK"
21178,10145342229,10145342344,1,"IOTHUB_CLIENT_CONFIRMATION_OK"
21179,10145342429,10145342473,1,"IOTHUB_CLIENT_CONFIRMATION_OK"
21180,10145342629,10145342749,1,"IOTHUB_CLIENT_CONFIRMATION_OK"
21181,10145342829,10145342862,1,"IOTHUB_CLIENT_CONFIRMATION_OK"
21182,10145343030,10145343061,1,"IOTHUB_CLIENT_CONFIRMATION_OK"
21183,10145343230,10145343355,1,"IOTHUB_CLIENT_CONFIRMATION_OK"
21184,10145343430,10145343466,1,"IOTHUB_CLIENT_CONFIRMATION_OK"
21185,10145343630,10145343661,1,"IOTHUB_CLIENT_CONFIRMATION_OK"
21186,10145343830,10145343867,1,"IOTHUB_CLIENT_CONFIRMATION_OK"
21187,10145344030,10145344070,1,"IOTHUB_CLIENT_CONFIRMATION_OK"
21188,10145344231,10145344366,1,"IOTHUB_CLIENT_CONFIRMATION_OK"
21189,10145344431,10145344464,1,"IOTHUB_CLIENT_CONFIRMATION_OK"
21190,10145344631,10145344665,1,"IOTHUB_CLIENT_CONFIRMATION_OK"
21191,10145344831,10145344985,1,"IOTHUB_CLIENT_CONFIRMATION_OK"
21192,10145345031,10145345067,1,"IOTHUB_CLIENT_CONFIRMATION_OK"
21193,10145345231,10145345270,1,"IOTHUB_CLIENT_CONFIRMATION_OK"
21194,10145345431,10145345470,1,"IOTHUB_CLIENT_CONFIRMATION_OK"
21195,10145345632,10145345663,1,"IOTHUB_CLIENT_CONFIRMATION_OK"
21196,10145345832,10145345866,1,"IOTHUB_CLIENT_CONFIRMATION_OK"
21197,10145346032,10145346076,1,"IOTHUB_CLIENT_CONFIRMATION_OK"
21198,10145346232,10145346266,1,"IOTHUB_CLIENT_CONFIRMATION_OK"
21199,10145346432,10145346673,1,"IOTHUB_CLIENT_CONFIRMATION_OK"
21200,10145346632,10145346690,1,"IOTHUB_CLIENT_CONFIRMATION_OK"
21201,10145346833,10145346871,1,"IOTHUB_CLIENT_CONFIRMATION_OK"
21202,10145347033,10145347074,1,"IOTHUB_CLIENT_CONFIRMATION_OK"
21203,10145347233,10145347275,1,"IOTHUB_CLIENT_CONFIRMATION_OK"
21204,10145347433,10145347473,1,"IOTHUB_CLIENT_CONFIRMATION_OK"
21205,10145347633,10145347674,1,"IOTHUB_CLIENT_CONFIRMATION_OK"
21206,10145347833,10145347889,1,"IOTHUB_CLIENT_CONFIRMATION_OK"
21207,10145348033,10145348091,1,"IOTHUB_CLIENT_CONFIRMATION_OK"
21208,10145348234,10145348265,1,"IOTHUB_CLIENT_CONFIRMATION_OK"
21209,10145348434,10145348463,1,"IOTHUB_CLIENT_CONFIRMATION_OK"
21210,10145348634,10145348706,1,"IOTHUB_CLIENT_CONFIRMATION_OK"
21211,10145348834,10145348881,1,"IOTHUB_CLIENT_CONFIRMATION_OK"
21212,10145349034,10145349076,1,"IOTHUB_CLIENT_CONFIRMATION_OK"
21213,10145349234,10145349264,1,"IOTHUB_CLIENT_CONFIRMATION_OK"
21214,10145349435,10145349484,1,"IOTHUB_CLIENT_CONFIRMATION_OK"
21215,10145349635,10145349720,1,"IOTHUB_CLIENT_CONFIRMATION_OK"
21216,10145349835,10145349871,1,"IOTHUB_CLIENT_CONFIRMATION_OK"
21217,10145350035,10145350072,1,"IOTHUB_CLIENT_CONFIRMATION_OK"
21218,10145350235,10145350333,1,"IOTHUB_CLIENT_CONFIRMATION_OK"
21219,10145350435,10145350475,1,"IOTHUB_CLIENT_CONFIRMATION_OK"
21220,10145350636,10145350672,1,"IOTHUB_CLIENT_CONFIRMATION_OK"
21221,10145350836,10145350893,1,"IOTHUB_CLIENT_CONFIRMATION_OK"
21222,10145351036,10145351070,1,"IOTHUB_CLIENT_CONFIRMATION_OK"
21223,10145351236,10145351345,1,"IOTHUB_CLIENT_CONFIRMATION_OK"
21224,10145351436,10145351469,1,"IOTHUB_CLIENT_CONFIRMATION_OK"
21225,10145351636,10145351670,1,"IOTHUB_CLIENT_CONFIRMATION_OK"
21226,10145351836,10145351963,1,"IOTHUB_CLIENT_CONFIRMATION_OK"
21227,10145352037,10145352152,1,"IOTHUB_CLIENT_CONFIRMATION_OK"
21228,10145352237,10145352278,1,"IOTHUB_CLIENT_CONFIRMATION_OK"
21229,10145352437,10145352476,1,"IOTHUB_CLIENT_CONFIRMATION_OK"
21230,10145352637,10145352672,1,"IOTHUB_CLIENT_CONFIRMATION_OK"
21231,10145352837,10145353027,1,"IOTHUB_CLIENT_CONFIRMATION_OK"
21232,10145353037,10145353074,1,"IOTHUB_CLIENT_CONFIRMATION_OK"
21233,10145353238,10145353275,1,"IOTHUB_CLIENT_CONFIRMATION_OK"
21234,10145353438,10145353478,1,"IOTHUB_CLIENT_CONFIRMATION_OK"
21235,10145353638,10145353672,1,"IOTHUB_CLIENT_CONFIRMATION_OK"
21236,10145353838,10145353872,1,"IOTHUB_CLIENT_CONFIRMATION_OK"
21237,10145354038,10145354072,1,"IOTHUB_CLIENT_CONFIRMATION_OK"
21238,10145354238,10145354270,1,"IOTHUB_CLIENT_CONFIRMATION_OK"
21239,10145354439,10145354617,1,"IOTHUB_CLIENT_CONFIRMATION_OK"
21240,10145354639,10145354674,1,"IOTHUB_CLIENT_CONFIRMATION_OK"
21241,10145354839,10145354873,1,"IOTHUB_CLIENT_CONFIRMATION_OK"
21242,10145355039,10145355085,1,"IOTHUB_CLIENT_CONFIRMATION_OK"
21243,10145355239,10145355284,1,"IOTHUB_CLIENT_CONFIRMATION_OK"
21244,10145355439,10145355487,1,"IOTHUB_CLIENT_CONFIRMATION_OK"
21245,10145355639,10145355679,1,"IOTHUB_CLIENT_CONFIRMATION_OK"
21246,10145355840,10145355873,1,"IOTHUB_CLIENT_CONFIRMATION_OK"
21247,10145356040,10145356071,1,"IOTHUB_CLIENT_CONFIRMATION_OK"
21248,10145356240,10145356273,1,"IOTHUB_CLIENT_CONFIRMATION_OK"
21249,10145356440,10145356483,1,"IOTHUB_CLIENT_CONFIRMATION_OK"
21250,10145356640,10145356683,1,"IOTHUB_CLIENT_CONFIRMATION_OK"
21251,10145356840,10145356888,1,"IOTHUB_CLIENT_CONFIRMATION_OK"
21252,10145357041,10145357081,1,"IOTHUB_CLIENT_CONFIRMATION_OK"
21253,10145357241,10145357288,1,"IOTHUB_CLIENT_CONFIRMATION_OK"
21254,10145357441,10145357515,1,"IOTHUB_CLIENT_CONFIRMATION_OK"
21255,10145357641,10145357710,1,"IOTHUB_CLIENT_CONFIRMATION_OK"
21256,10145357841,10145357878,1,"IOTHUB_CLIENT_CONFIRMATION_OK"
21257,10145358041,10145358083,1,"IOTHUB_CLIENT_CONFIRMATION_OK"
21258,10145358241,10145358321,1,"IOTHUB_CLIENT_CONFIRMATION_OK"
21259,10145358442,10145358474,1,"IOTHUB_CLIENT_CONFIRMATION_OK"
21260,10145358642,10145358689,1,"IOTHUB_CLIENT_CONFIRMATION_OK"
21261,10145358842,10145358926,1,"IOTHUB_CLIENT_CONFIRMATION_OK"
21262,10145359042,10145359085,1,"IOTHUB_CLIENT_CONFIRMATION_OK"
21263,10145359242,10145359337,1,"IOTHUB_CLIENT_CONFIRMATION_OK"
21264,10145359442,10145359478,1,"IOTHUB_CLIENT_CONFIRMATION_OK"
21265,10145359643,10145359681,1,"IOTHUB_CLIENT_CONFIRMATION_OK"
21266,10145359843,10145359998,1,"IOTHUB_CLIENT_CONFIRMATION_OK"
21267,10145360043,10145360090,1,"IOTHUB_CLIENT_CONFIRMATION_OK"
21268,10145360243,10145360274,1,"IOTHUB_CLIENT_CONFIRMATION_OK"
21269,10145360443,10145360489,1,"IOTHUB_CLIENT_CONFIRMATION_OK"
21270,10145360643,10145360683,1,"IOTHUB_CLIENT_CONFIRMATION_OK"
21271,10145360844,10145360877,1,"IOTHUB_CLIENT_CONFIRMATION_OK"
21272,10145361044,10145361081,1,"IOTHUB_CLIENT_CONFIRMATION_OK"
21273,10145361244,10145361277,1,"IOTHUB_CLIENT_CONFIRMATION_OK"
21274,10145361444,10145361547,1,"IOTHUB_CLIENT_CONFIRMATION_OK"
21275,10145361644,10145361692,1,"IOTHUB_CLIENT_CONFIRMATION_OK"
21276,10145361844,10145361883,1,"IOTHUB_CLIENT_CONFIRMATION_OK"
21277,10145362044,10145362305,1,"IOTHUB_CLIENT_CONFIRMATION_OK"
21278,10145362245,10145362345,1,"IOTHUB_CLIENT_CONFIRMATION_OK"
21279,10145362445,10145362477,1,"IOTHUB_CLIENT_CONFIRMATION_OK"
21280,10145362645,10145362699,1,"IOTHUB_CLIENT_CONFIRMATION_OK"
21281,10145362845,10145362878,1,"IOTHUB_CLIENT_CONFIRMATION_OK"
21282,10145363045,10145363090,1,"IOTHUB_CLIENT_CONFIRMATION_OK"
21283,10145363245,10145363327,1,"IOTHUB_CLIENT_CONFIRMATION_OK"
21284,10145363446,10145363480,1,"IOTHUB_CLIENT_CONFIRMATION_OK"
21285,10145363646,10145363703,1,"IOTHUB_CLIENT_CONFIRMATION_OK"
21286,10145363846,10145363879,1,"IOTHUB_CLIENT_CONFIRMATION_OK"
21287,10145364046,10145364101,1,"IOTHUB_CLIENT_CONFIRMATION_OK"
21288,10145364246,10145364281,1,"IOTHUB_CLIENT_CONFIRMATION_OK"
21289,10145364446,10145364493,1,"IOTHUB_CLIENT_CONFIRMATION_OK"
21290,10145364647,10145364743,1,"IOTHUB_CLIENT_CONFIRMATION_OK"
21291,10145364847,10145364877,1,"IOTHUB_CLIENT_CONFIRMATION_OK"
21292,10145365047,10145365083,1,"IOTHUB_CLIENT_CONFIRMATION_OK"
21293,10145365247,10145365339,1,"IOTHUB_CLIENT_CONFIRMATION_OK"
21294,10145365447,10145365479,1,"IOTHUB_CLIENT_CONFIRMATION_OK"
21295,10145365647,10145365690,1,"IOTHUB_CLIENT_CONFIRMATION_OK"
21296,10145365847,10145365893,1,"IOTHUB_CLIENT_CONFIRMATION_OK"
21297,10145366048,10145366085,1,"IOTHUB_CLIENT_CONFIRMATION_OK"
21298,10145366248,10145366372,1,"IOTHUB_CLIENT_CONFIRMATION_OK"
21299,10145366448,10145366486,1,"IOTHUB_CLIENT_CONFIRMATION_OK"
21300,10145366648,10145366683,1,"IOTHUB_CLIENT_CONFIRMATION_OK"
21301,10145366848,10145366886,1,"IOTHUB_CLIENT_CONFIRMATION_OK"
21302,10145367048,10145367081,1,"IOTHUB_CLIENT_CONFIRMATION_OK"
21303,10145367249,10145367287,1,"IOTHUB_CLIENT_CONFIRMATION_OK"
21304,10145367449,10145367490,1,"IOTHUB_CLIENT_CONFIRMATION_OK"
21305,10145367649,10145367681,1,"IOTHUB_CLIENT_CONFIRMATION_OK"
21306,10145367849,10145367885,1,"IOTHUB_CLIENT_CONFIRMATION_OK"
21307,10145368049,10145368097,1,"IOTHUB_CLIENT_CONFIRMATION_OK"
21308,10145368249,10145368286,1,"IOTHUB_CLIENT_CONFIRMATION_OK"
21309,10145368449,10145368492,1,"IOTHUB_CLIENT_CONFIRMATION_OK"
21310,10145368650,10145368688,1,"IOTHUB_CLIENT_CONFIRMATION_OK"
21311,10145368850,10145368888,1,"IOTHUB_CLIENT_CONFIRMATION_OK"
21312,10145369050,10145369128,1,"IOTHUB_CLIENT_CONFIRMATION_OK"
21313,10145369250,10145369287,1,"IOTHUB_CLIENT_CONFIRMATION_OK"
21314,10145369450,10145369507,1,"IOTHUB_CLIENT_CONFIRMATION_OK"
21315,10145369651,10145369680,1,"IOTHUB_CLIENT_CONFIRMATION_OK"
21316,10145369851,10145369878,1,"IOTHUB_CLIENT_CONFIRMATION_OK"
21317,10145370051,10145370117,1,"IOTHUB_CLIENT_CONFIRMATION_OK"
21318,10145370251,10145370283,1,"IOTHUB_CLIENT_CONFIRMATION_OK"
21319,10145370451,10145370484,1,"IOTHUB_CLIENT_CONFIRMATION_OK"
21320,10145370651,10145370734,1,"IOTHUB_CLIENT_CONFIRMATION_OK"
21321,10145370851,10145370901,1,"IOTHUB_CLIENT_CONFIRMATION_OK"
21322,10145371051,10145371133,1,"IOTHUB_CLIENT_CONFIRMATION_OK"
21323,10145371252,10145371287,1,"IOTHUB_CLIENT_CONFIRMATION_OK"
21324,10145371452,10145371487,1,"IOTHUB_CLIENT_CONFIRMATION_OK"
21325,10145371652,10145371745,1,"IOTHUB_CLIENT_CONFIRMATION_OK"
21326,10145371852,10145371916,1,"IOTHUB_CLIENT_CONFIRMATION_OK"
21327,10145372052,10145372090,1,"IOTHUB_CLIENT_CONFIRMATION_OK"
21328,10145372252,10145372296,1,"IOTHUB_CLIENT_CONFIRMATION_OK"
21329,10145372453,10145372487,1,"IOTHUB_CLIENT_CONFIRMATION_OK"
21330,10145372653,10145372758,1,"IOTHUB_CLIENT_CONFIRMATION_OK"
21331,10145372853,10145372893,1,"IOTHUB_CLIENT_CONFIRMATION_OK"
21332,10145373053,10145373087,1,"IOTHUB_CLIENT_CONFIRMATION_OK"
21333,10145373253,10145373366,1,"IOTHUB_CLIENT_CONFIRMATION_OK"
21334,10145373453,10145373481,1,"IOTHUB_CLIENT_CONFIRMATION_OK"
21335,10145373653,10145373691,1,"IOTHUB_CLIENT_CONFIRMATION_OK"
21336,10145373854,10145373893,1,"IOTHUB_CLIENT_CONFIRMATION_OK"
21337,10145374054,10145374094,1,"IOTHUB_CLIENT_CONFIRMATION_OK"
21338,10145374254,10145374399,1,"IOTHUB_CLIENT_CONFIRMATION_OK"
21339,10145374454,10145374485,1,"IOTHUB_CLIENT_CONFIRMATION_OK"
21340,10145374654,10145374687,1,"IOTHUB_CLIENT_CONFIRMATION_OK"
21341,10145374854,10145375010,1,"IOTHUB_CLIENT_CONFIRMATION_OK"
21342,10145375055,10145375103,1,"IOTHUB_CLIENT_CONFIRMATION_OK"
21343,10145375255,10145375283,1,"IOTHUB_CLIENT_CONFIRMATION_OK"
21344,10145375455,10145375490,1,"IOTHUB_CLIENT_CONFIRMATION_OK"
21345,10145375655,10145375691,1,"IOTHUB_CLIENT_CONFIRMATION_OK"
21346,10145375855,10145375900,1,"IOTHUB_CLIENT_CONFIRMATION_OK"
21347,10145376055,10145376102,1,"IOTHUB_CLIENT_CONFIRMATION_OK"
21348,10145376255,10145376298,1,"IOTHUB_CLIENT_CONFIRMATION_OK"
21349,10145376456,10145376636,1,"IOTHUB_CLIENT_CONFIRMATION_OK"
21350,10145376656,10145376693,1,"IOTHUB_CLIENT_CONFIRMATION_OK"
21351,10145376856,10145376900,1,"IOTHUB_CLIENT_CONFIRMATION_OK"
21352,10145377056,10145377093,1,"IOTHUB_CLIENT_CONFIRMATION_OK"
21353,10145377256,10145377342,1,"IOTHUB_CLIENT_CONFIRMATION_OK"
21354,10145377456,10145377522,1,"IOTHUB_CLIENT_CONFIRMATION_OK"
21355,10145377656,10145377691,1,"IOTHUB_CLIENT_CONFIRMATION_OK"
21356,10145377857,10145377894,1,"IOTHUB_CLIENT_CONFIRMATION_OK"
21357,10145378057,10145378092,1,"IOTHUB_CLIENT_CONFIRMATION_OK"
21358,10145378257,10145378294,1,"IOTHUB_CLIENT_CONFIRMATION_OK"
21359,10145378457,10145378499,1,"IOTHUB_CLIENT_CONFIRMATION_OK"
21360,10145378657,10145378691,1,"IOTHUB_CLIENT_CONFIRMATION_OK"
21361,10145378857,10145378895,1,"IOTHUB_CLIENT_CONFIRMATION_OK"
21362,10145379058,10145379097,1,"IOTHUB_CLIENT_CONFIRMATION_OK"
21363,10145379258,10145379301,1,"IOTHUB_CLIENT_CONFIRMATION_OK"
21364,10145379458,10145379488,1,"IOTHUB_CLIENT_CONFIRMATION_OK"
21365,10145379658,10145379705,1,"IOTHUB_CLIENT_CONFIRMATION_OK"
21366,10145379858,10145379893,1,"IOTHUB_CLIENT_CONFIRMATION_OK"
21367,10145380058,10145380115,1,"IOTHUB_CLIENT_CONFIRMATION_OK"
21368,10145380258,10145380322,1,"IOTHUB_CLIENT_CONFIRMATION_OK"
21369,10145380459,10145380493,1,"IOTHUB_CLIENT_CONFIRMATION_OK"
21370,10145380659,10145380692,1,"IOTHUB_CLIENT_CONFIRMATION_OK"
21371,10145380859,10145380910,1,"IOTHUB_CLIENT_CONFIRMATION_OK"
21372,10145381059,10145381099,1,"IOTHUB_CLIENT_CONFIRMATION_OK"
21373,10145381259,10145381317,1,"IOTHUB_CLIENT_CONFIRMATION_OK"
21374,10145381459,10145381499,1,"IOTHUB_CLIENT_CONFIRMATION_OK"
21375,10145381659,10145381691,1,"IOTHUB_CLIENT_CONFIRMATION_OK"
21376,10145381860,10145381953,1,"IOTHUB_CLIENT_CONFIRMATION_OK"
21377,10145382060,10145382095,1,"IOTHUB_CLIENT_CONFIRMATION_OK"
21378,10145382260,10145382294,1,"IOTHUB_CLIENT_CONFIRMATION_OK"
21379,10145382460,10145382495,1,"IOTHUB_CLIENT_CONFIRMATION_OK"
21380,10145382660,10145382711,1,"IOTHUB_CLIENT_CONFIRMATION_OK"
21381,10145382860,10145383042,1,"IOTHUB_CLIENT_CONFIRMATION_OK"
21382,10145383060,10145383097,1,"IOTHUB_CLIENT_CONFIRMATION_OK"
21383,10145383261,10145383295,1,"IOTHUB_CLIENT_CONFIRMATION_OK"
21384,10145383461,10145383585,1,"IOTHUB_CLIENT_CONFIRMATION_OK"
21385,10145383661,10145383699,1,"IOTHUB_CLIENT_CONFIRMATION_OK"
21386,10145383861,10145383928,1,"IOTHUB_CLIENT_CONFIRMATION_OK"
21387,10145384061,10145384106,1,"IOTHUB_CLIENT_CONFIRMATION_OK"
21388,10145384261,10145384295,1,"IOTHUB_CLIENT_CONFIRMATION_OK"
21389,10145384462,10145384611,1,"IOTHUB_CLIENT_CONFIRMATION_OK"
21390,10145384662,10145384693,1,"IOTHUB_CLIENT_CONFIRMATION_OK"
21391,10145384862,10145384895,1,"IOTHUB_CLIENT_CONFIRMATION_OK"
21392,10145385062,10145385102,1,"IOTHUB_CLIENT_CONFIRMATION_OK"
21393,10145385262,10145385302,1,"IOTHUB_CLIENT_CONFIRMATION_OK"
21394,10145385462,10145385510,1,"IOTHUB_CLIENT_CONFIRMATION_OK"
21395,10145385663,10145385705,1,"IOTHUB_CLIENT_CONFIRMATION_OK"
21396,10145385863,10145385896,1,"IOTHUB_CLIENT_CONFIRMATION_OK"
21397,10145386063,10145386221,1,"IOTHUB_CLIENT_CONFIRMATION_OK"
21398,10145386263,10145386295,1,"IOTHUB_CLIENT_CONFIRMATION_OK"
21399,10145386463,10145386502,1,"IOTHUB_CLIENT_CONFIRMATION_OK"
21400,10145386663,10145386711,1,"IOTHUB_CLIENT_CONFIRMATION_OK"
21401,10145386863,10145386906,1,"IOTHUB_CLIENT_CONFIRMATION_OK"
21402,10145387064,10145387097,1,"IOTHUB_CLIENT_CONFIRMATION_OK"
21403,10145387264,10145387292,1,"IOTHUB_CLIENT_CONFIRMATION_OK"
21404,10145387464,10145387501,1,"IOTHUB_CLIENT_CONFIRMATION_OK"
21405,10145387664,10145387862,1,"IOTHUB_CLIENT_CONFIRMATION_OK"
21406,10145387864,10145387901,1,"IOTHUB_CLIENT_CONFIRMATION_OK"
21407,10145388064,10145388107,1,"IOTHUB_CLIENT_CONFIRMATION_OK"
21408,10145388264,10145388303,1,"IOTHUB_CLIENT_CONFIRMATION_OK"
21409,10145388465,10145388500,1,"IOTHUB_CLIENT_CONFIRMATION_OK"
21410,10145388665,10145388701,1,"IOTHUB_CLIENT_CONFIRMATION_OK"
21411,10145388865,10145388912,1,"IOTHUB_CLIENT_CONFIRMATION_OK"
21412,10145389065,10145389106,1,"IOTHUB_CLIENT_CONFIRMATION_OK"
21413,10145389265,10145389324,1,"IOTHUB_CLIENT_CONFIRMATION_OK"
21414,10145389465,10145389508,1,"IOTHUB_CLIENT_CONFIRMATION_OK"
21415,10145389665,10145389695,1,"IOTHUB_CLIENT_CONFIRMATION_OK"
21416,10145389866,10145389936,1,"IOTHUB_CLIENT_CONFIRMATION_OK"
21417,10145390066,10145390101,1,"IOTHUB_CLIENT_CONFIRMATION_OK"
21418,10145390266,10145390300,1,"IOTHUB_CLIENT_CONFIRMATION_OK"
21419,10145390466,10145390551,1,"IOTHUB_CLIENT_CONFIRMATION_OK"
21420,10145390666,10145390719,1,"IOTHUB_CLIENT_CONFIRMATION_OK"
21421,10145390866,10145390902,1,"IOTHUB_CLIENT_CONFIRMATION_OK"
21422,10145391067,10145391103,1,"IOTHUB_CLIENT_CONFIRMATION_OK"
21423,10145391267,10145391299,1,"IOTHUB_CLIENT_CONFIRMATION_OK"
21424,10145391467,10145391553,1,"IOTHUB_CLIENT_CONFIRMATION_OK"
21425,10145391667,10145391702,1,"IOTHUB_CLIENT_CONFIRMATION_OK"
21426,10145391867,10145391898,1,"IOTHUB_CLIENT_CONFIRMATION_OK"
21427,10145392067,10145392173,1,"IOTHUB_CLIENT_CONFIRMATION_OK"
21428,10145392267,10145392296,1,"IOTHUB_CLIENT_CONFIRMATION_OK"
21429,10145392468,10145392503,1,"IOTHUB_CLIENT_CONFIRMATION_OK"
21430,10145392668,10145392702,1,"IOTHUB_CLIENT_CONFIRMATION_OK"
21431,10145392868,10145392905,1,"IOTHUB_CLIENT_CONFIRMATION_OK"
21432,10145393068,10145393312,1,"IOTHUB_CLIENT_CONFIRMATION_OK"
21433,10145393268,10145393333,1,"IOTHUB_CLIENT_CONFIRMATION_OK"
21434,10145393468,10145393498,1,"IOTHUB_CLIENT_CONFIRMATION_OK"
21435,10145393669,10145393705,1,"IOTHUB_CLIENT_CONFIRMATION_OK"
21436,10145393869,10145393909,1,"IOTHUB_CLIENT_CONFIRMATION_OK"
21437,10145394069,10145394107,1,"IOTHUB_CLIENT_CONFIRMATION_OK"
21438,10145394269,10145394300,1,"IOTHUB_CLIENT_CONFIRMATION_OK"
21439,10145394469,10145394503,1,"IOTHUB_CLIENT_CONFIRMATION_OK"
21440,10145394669,10145394817,1,"IOTHUB_CLIENT_CONFIRMATION_OK"
21441,10145394870,10145394925,1,"IOTHUB_CLIENT_CONFIRMATION_OK"
21442,10145395070,10145395104,1,"IOTHUB_CLIENT_CONFIRMATION_OK"
21443,10145395270,10145395302,1,"IOTHUB_CLIENT_CONFIRMATION_OK"
21444,10145395470,10145395501,1,"IOTHUB_CLIENT_CONFIRMATION_OK"
21445,10145395670,10145395700,1,"IOTHUB_CLIENT_CONFIRMATION_OK"
21446,10145395870,10145395905,1,"IOTHUB_CLIENT_CONFIRMATION_OK"
21447,10145396070,10145396111,1,"IOTHUB_CLIENT_CONFIRMATION_OK"
21448,10145396271,10145396444,1,"IOTHUB_CLIENT_CONFIRMATION_OK"
21449,10145396471,10145396510,1,"IOTHUB_CLIENT_CONFIRMATION_OK"
21450,10145396671,10145396701,1,"IOTHUB_CLIENT_CONFIRMATION_OK"
21451,10145396871,10145396923,1,"IOTHUB_CLIENT_CONFIRMATION_OK"
21452,10145397071,10145397105,1,"IOTHUB_CLIENT_CONFIRMATION_OK"
21453,10145397271,10145397303,1,"IOTHUB_CLIENT_CONFIRMATION_OK"
21454,10145397471,10145397511,1,"IOTHUB_CLIENT_CONFIRMATION_OK"
21455,10145397672,10145397700,1,"IOTHUB_CLIENT_CONFIRMATION_OK"
21456,10145397872,10145397959,1,"IOTHUB_CLIENT_CONFIRMATION_OK"
21457,10145398072,10145398109,1,"IOTHUB_CLIENT_CONFIRMATION_OK"
21458,10145398272,10145398308,1,"IOTHUB_CLIENT_CONFIRMATION_OK"
21459,10145398472,10145398510,1,"IOTHUB_CLIENT_CONFIRMATION_OK"
21460,10145398672,10145398702,1,"IOTHUB_CLIENT_CONFIRMATION_OK"
21461,10145398873,10145398904,1,"IOTHUB_CLIENT_CONFIRMATION_OK"
21462,10145399073,10145399112,1,"IOTHUB_CLIENT_CONFIRMATION_OK"
21463,10145399273,10145399301,1,"IOTHUB_CLIENT_CONFIRMATION_OK"
21464,10145399473,10145399514,1,"IOTHUB_CLIENT_CONFIRMATION_OK"
21465,10145399673,10145399716,1,"IOTHUB_CLIENT_CONFIRMATION_OK"
21466,10145399873,10145399912,1,"IOTHUB_CLIENT_CONFIRMATION_OK"
21467,10145400073,10145400118,1,"IOTHUB_CLIENT_CONFIRMATION_OK"
21468,10145400274,10145400306,1,"IOTHUB_CLIENT_CONFIRMATION_OK"
21469,10145400474,10145400510,1,"IOTHUB_CLIENT_CONFIRMATION_OK"
21470,10145400674,10145400752,1,"IOTHUB_CLIENT_CONFIRMATION_OK"
21471,10145400874,10145400908,1,"IOTHUB_CLIENT_CONFIRMATION_OK"
21472,10145401074,10145401148,1,"IOTHUB_CLIENT_CONFIRMATION_OK"
21473,10145401274,10145401308,1,"IOTHUB_CLIENT_CONFIRMATION_OK"
21474,10145401474,10145401510,1,"IOTHUB_CLIENT_CONFIRMATION_OK"
21475,10145401675,10145401744,1,"IOTHUB_CLIENT_CONFIRMATION_OK"
21476,10145401875,10145401907,1,"IOTHUB_CLIENT_CONFIRMATION_OK"
21477,10145402075,10145402113,1,"IOTHUB_CLIENT_CONFIRMATION_OK"
21478,10145402275,10145402366,1,"IOTHUB_CLIENT_CONFIRMATION_OK"
21479,10145402475,10145402508,1,"IOTHUB_CLIENT_CONFIRMATION_OK"
21480,10145402675,10145402760,1,"IOTHUB_CLIENT_CONFIRMATION_OK"
21481,10145402876,10145402924,1,"IOTHUB_CLIENT_CONFIRMATION_OK"
21482,10145403076,10145403121,1,"IOTHUB_CLIENT_CONFIRMATION_OK"
21483,10145403276,10145403373,1,"IOTHUB_CLIENT_CONFIRMATION_OK"
21484,10145403476,10145403508,1,"IOTHUB_CLIENT_CONFIRMATION_OK"
21485,10145403676,10145403708,1,"IOTHUB_CLIENT_CONFIRMATION_OK"
21486,10145403876,10145403910,1,"IOTHUB_CLIENT_CONFIRMATION_OK"
21487,10145404077,10145404118,1,"IOTHUB_CLIENT_CONFIRMATION_OK"
21488,10145404277,10145404608,1,"IOTHUB_CLIENT_CONFIRMATION_OK"
21489,10145404477,10145404659,1,"IOTHUB_CLIENT_CONFIRMATION_OK"
21490,10145404677,10145404718,1,"IOTHUB_CLIENT_CONFIRMATION_OK"
21491,10145404877,10145405274,1,"IOTHUB_CLIENT_CONFIRMATION_OK"
21492,10145405077,10145405336,1,"IOTHUB_CLIENT_CONFIRMATION_OK"
21493,10145405277,10145405362,1,"IOTHUB_CLIENT_CONFIRMATION_OK"
21494,10145405478,10145405506,1,"IOTHUB_CLIENT_CONFIRMATION_OK"
21495,10145405678,10145405710,1,"IOTHUB_CLIENT_CONFIRMATION_OK"
21496,10145405878,10145405915,1,"IOTHUB_CLIENT_CONFIRMATION_OK"
21497,10145406078,10145406107,1,"IOTHUB_CLIENT_CONFIRMATION_OK"
21498,10145406278,10145406324,1,"IOTHUB_CLIENT_CONFIRMATION_OK"
21499,10145406478,10145406646,1,"IOTHUB_CLIENT_CONFIRMATION_OK"
21500,10145406679,10145406714,1,"IOTHUB_CLIENT_CONFIRMATION_OK"
21501,10145406879,10145406917,1,"IOTHUB_CLIENT_CONFIRMATION_OK"
21502,10145407079,10145407133,1,"IOTHUB_CLIENT_CONFIRMATION_OK"
21503,10145407279,10145407315,1,"IOTHUB_CLIENT_CONFIRMATION_OK"
21504,10145407479,10145407511,1,"IOTHUB_CLIENT_CONFIRMATION_OK"
21505,10145407679,10145407739,1,"IOTHUB_CLIENT_CONFIRMATION_OK"
21506,10145407880,10145407908,1,"IOTHUB_CLIENT_CONFIRMATION_OK"
21507,10145408080,10145408267,1,"IOTHUB_CLIENT_CONFIRMATION_OK"
21508,10145408280,10145408314,1,"IOTHUB_CLIENT_CONFIRMATION_OK"
21509,10145408480,10145408511,1,"IOTHUB_CLIENT_CONFIRMATION_OK"
21510,10145408680,10145408717,1,"IOTHUB_CLIENT_CONFIRMATION_OK"
21511,10145408880,10145408916,1,"IOTHUB_CLIENT_CONFIRMATION_OK"
21512,10145409081,10145409111,1,"IOTHUB_CLIENT_CONFIRMATION_OK"
21513,10145409281,10145409321,1,"IOTHUB_CLIENT_CONFIRMATION_OK"
21514,10145409481,10145409510,1,"IOTHUB_CLIENT_CONFIRMATION_OK"
21515,10145409681,10145409723,1,"IOTHUB_CLIENT_CONFIRMATION_OK"
21516,10145409881,10145409918,1,"IOTHUB_CLIENT_CONFIRMATION_OK"
21517,10145410081,10145410123,1,"IOTHUB_CLIENT_CONFIRMATION_OK"
21518,10145410281,10145410328,1,"IOTHUB_CLIENT_CONFIRMATION_OK"
21519,10145410482,10145410522,1,"IOTHUB_CLIENT_CONFIRMATION_OK"
21520,10145410682,10145410716,1,"IOTHUB_CLIENT_CONFIRMATION_OK"
21521,10145410882,10145410925,1,"IOTHUB_CLIENT_CONFIRMATION_OK"
21522,10145411082,10145411116,1,"IOTHUB_CLIENT_CONFIRMATION_OK"
21523,10145411282,10145411330,1,"IOTHUB_CLIENT_CONFIRMATION_OK"
21524,10145411482,10145411537,1,"IOTHUB_CLIENT_CONFIRMATION_OK"
21525,10145411683,10145411728,1,"IOTHUB_CLIENT_CONFIRMATION_OK"
21526,10145411883,10145411924,1,"IOTHUB_CLIENT_CONFIRMATION_OK"
21527,10145412083,10145412119,1,"IOTHUB_CLIENT_CONFIRMATION_OK"
21528,10145412283,10145412315,1,"IOTHUB_CLIENT_CONFIRMATION_OK"
21529,10145412483,10145412530,1,"IOTHUB_CLIENT_CONFIRMATION_OK"
21530,10145412683,10145412727,1,"IOTHUB_CLIENT_CONFIRMATION_OK"
21531,10145412883,10145412927,1,"IOTHUB_CLIENT_CONFIRMATION_OK"
21532,10145413084,10145413115,1,"IOTHUB_CLIENT_CONFIRMATION_OK"
21533,10145413284,10145413319,1,"IOTHUB_CLIENT_CONFIRMATION_OK"
21534,10145413484,10145413550,1,"IOTHUB_CLIENT_CONFIRMATION_OK"
21535,10145413684,10145413713,1,"IOTHUB_CLIENT_CONFIRMATION_OK"
21536,10145413884,10145413919,1,"IOTHUB_CLIENT_CONFIRMATION_OK"
21537,10145414084,10145414161,1,"IOTHUB_CLIENT_CONFIRMATION_OK"
21538,10145414285,10145414318,1,"IOTHUB_CLIENT_CONFIRMATION_OK"
21539,10145414485,10145414561,1,"IOTHUB_CLIENT_CONFIRMATION_OK"
21540,10145414685,10145414719,1,"IOTHUB_CLIENT_CONFIRMATION_OK"
21541,10145414885,10145414914,1,"IOTHUB_CLIENT_CONFIRMATION_OK"
21542,10145415085,10145415181,1,"IOTHUB_CLIENT_CONFIRMATION_OK"
21543,10145415285,10145415331,1,"IOTHUB_CLIENT_CONFIRMATION_OK"
21544,10145415485,10145415530,1,"IOTHUB_CLIENT_CONFIRMATION_OK"
21545,10145415686,10145415736,1,"IOTHUB_CLIENT_CONFIRMATION_OK"
21546,10145415886,10145415918,1,"IOTHUB_CLIENT_CONFIRMATION_OK"
21547,10145416086,10145416192,1,"IOTHUB_CLIENT_CONFIRMATION_OK"
21548,10145416286,10145416317,1,"IOTHUB_CLIENT_CONFIRMATION_OK"
21549,10145416486,10145416530,1,"IOTHUB_CLIENT_CONFIRMATION_OK"
21550,10145416686,10145416816,1,"IOTHUB_CLIENT_CONFIRMATION_OK"
21551,10145416886,10145416922,1,"IOTHUB_CLIENT_CONFIRMATION_OK"
21552,10145417087,10145417127,1,"IOTHUB_CLIENT_CONFIRMATION_OK"
21553,10145417287,10145417321,1,"IOTHUB_CLIENT_CONFIRMATION_OK"
21554,10145417487,10145417518,1,"IOTHUB_CLIENT_CONFIRMATION_OK"
21555,10145417687,10145417721,1,"IOTHUB_CLIENT_CONFIRMATION_OK"
21556,10145417887,10145417930,1,"IOTHUB_CLIENT_CONFIRMATION_OK"
21557,10145418087,10145418120,1,"IOTHUB_CLIENT_CONFIRMATION_OK"
21558,10145418288,10145418324,1,"IOTHUB_CLIENT_CONFIRMATION_OK"
21559,10145418488,10145418522,1,"IOTHUB_CLIENT_CONFIRMATION_OK"
21560,10145418688,10145418720,1,"IOTHUB_CLIENT_CONFIRMATION_OK"
21561,10145418888,10145418917,1,"IOTHUB_CLIENT_CONFIRMATION_OK"
21562,10145419088,10145419136,1,"IOTHUB_CLIENT_CONFIRMATION_OK"
21563,10145419288,10145419326,1,"IOTHUB_CLIENT_CONFIRMATION_OK"
21564,10145419488,10145419526,1,"IOTHUB_CLIENT_CONFIRMATION_OK"
21565,10145419689,10145419731,1,"IOTHUB_CLIENT_CONFIRMATION_OK"
21566,10145419889,10145419945,1,"IOTHUB_CLIENT_CONFIRMATION_OK"
21567,10145420089,10145420128,1,"IOTHUB_CLIENT_CONFIRMATION_OK"
21568,10145420289,10145420321,1,"IOTHUB_CLIENT_CONFIRMATION_OK"
21569,10145420489,10145420581,1,"IOTHUB_CLIENT_CONFIRMATION_OK"
21570,10145420689,10145420722,1,"IOTHUB_CLIENT_CONFIRMATION_OK"
21571,10145420890,10145420959,1,"IOTHUB_CLIENT_CONFIRMATION_OK"
21572,10145421090,10145421127,1,"IOTHUB_CLIENT_CONFIRMATION_OK"
21573,10145421290,10145421324,1,"IOTHUB_CLIENT_CONFIRMATION_OK"
21574,10145421490,10145421569,1,"IOTHUB_CLIENT_CONFIRMATION_OK"
21575,10145421690,10145421727,1,"IOTHUB_CLIENT_CONFIRMATION_OK"
21576,10145421890,10145421924,1,"IOTHUB_CLIENT_CONFIRMATION_OK"
21577,10145422090,10145422199,1,"IOTHUB_CLIENT_CONFIRMATION_OK"
21578,10145422291,10145422323,1,"IOTHUB_CLIENT_CONFIRMATION_OK"
21579,10145422491,10145422524,1,"IOTHUB_CLIENT_CONFIRMATION_OK"
21580,10145422691,10145422723,1,"IOTHUB_CLIENT_CONFIRMATION_OK"
21581,10145422891,10145422924,1,"IOTHUB_CLIENT_CONFIRMATION_OK"
21582,10145423091,10145423200,1,"IOTHUB_CLIENT_CONFIRMATION_OK"
21583,10145423291,10145423359,1,"IOTHUB_CLIENT_CONFIRMATION_OK"
21584,10145423492,10145423551,1,"IOTHUB_CLIENT_CONFIRMATION_OK"
21585,10145423692,10145423723,1,"IOTHUB_CLIENT_CONFIRMATION_OK"
21586,10145423892,10145423936,1,"IOTHUB_CLIENT_CONFIRMATION_OK"
21587,10145424092,10145424129,1,"IOTHUB_CLIENT_CONFIRMATION_OK"
21588,10145424292,10145424327,1,"IOTHUB_CLIENT_CONFIRMATION_OK"
21589,10145424492,10145424544,1,"IOTHUB_CLIENT_CONFIRMATION_OK"
21590,10145424692,10145424824,1,"IOTHUB_CLIENT_CONFIRMATION_OK"
21591,10145424893,10145424930,1,"IOTHUB_CLIENT_CONFIRMATION_OK"
21592,10145425093,10145425136,1,"IOTHUB_CLIENT_CONFIRMATION_OK"
21593,10145425293,10145425328,1,"IOTHUB_CLIENT_CONFIRMATION_OK"
21594,10145425493,10145425528,1,"IOTHUB_CLIENT_CONFIRMATION_OK"
21595,10145425693,10145425740,1,"IOTHUB_CLIENT_CONFIRMATION_OK"
21596,10145425893,10145425930,1,"IOTHUB_CLIENT_CONFIRMATION_OK"
21597,10145426094,10145426132,1,"IOTHUB_CLIENT_CONFIRMATION_OK"
21598,10145426294,10145426464,1,"IOTHUB_CLIENT_CONFIRMATION_OK"
21599,10145426494,10145426530,1,"IOTHUB_CLIENT_CONFIRMATION_OK"
21600,10145426694,10145426737,1,"IOTHUB_CLIENT_CONFIRMATION_OK"
21601,10145426894,10145426934,1,"IOTHUB_CLIENT_CONFIRMATION_OK"
21602,10145427094,10145427128,1,"IOTHUB_CLIENT_CONFIRMATION_OK"
21603,10145427294,10145427329,1,"IOTHUB_CLIENT_CONFIRMATION_OK"
21604,10145427495,10145427541,1,"IOTHUB_CLIENT_CONFIRMATION_OK"
21605,10145427695,10145427752,1,"IOTHUB_CLIENT_CONFIRMATION_OK"
21606,10145427895,10145427948,1,"IOTHUB_CLIENT_CONFIRMATION_OK"
21607,10145428095,10145428131,1,"IOTHUB_CLIENT_CONFIRMATION_OK"
21608,10145428295,10145428330,1,"IOTHUB_CLIENT_CONFIRMATION_OK"
21609,10145428495,10145428567,1,"IOTHUB_CLIENT_CONFIRMATION_OK"
21610,10145428696,10145428728,1,"IOTHUB_CLIENT_CONFIRMATION_OK"
21611,10145428896,10145428929,1,"IOTHUB_CLIENT_CONFIRMATION_OK"
21612,10145429096,10145429219,1,"IOTHUB_CLIENT_CONFIRMATION_OK"
21613,10145429296,10145429334,1,"IOTHUB_CLIENT_CONFIRMATION_OK"
21614,10145429496,10145429587,1,"IOTHUB_CLIENT_CONFIRMATION_OK"
21615,10145429696,10145429729,1,"IOTHUB_CLIENT_CONFIRMATION_OK"
21616,10145429896,10145429998,1,"IOTHUB_CLIENT_CONFIRMATION_OK"
21617,10145430097,10145430203,1,"IOTHUB_CLIENT_CONFIRMATION_OK"
21618,10145430297,10145430330,1,"IOTHUB_CLIENT_CONFIRMATION_OK"
21619,10145430497,10145430534,1,"IOTHUB_CLIENT_CONFIRMATION_OK"
21620,10145430697,10145430732,1,"IOTHUB_CLIENT_CONFIRMATION_OK"
21621,10145430897,10145430932,1,"IOTHUB_CLIENT_CONFIRMATION_OK"
21622,10145431097,10145431222,1,"IOTHUB_CLIENT_CONFIRMATION_OK"
21623,10145431297,10145431377,1,"IOTHUB_CLIENT_CONFIRMATION_OK"
21624,10145431497,10145431538,1,"IOTHUB_CLIENT_CONFIRMATION_OK"
21625,10145431698,10145431843,1,"IOTHUB_CLIENT_CONFIRMATION_OK"
21626,10145431898,10145431939,1,"IOTHUB_CLIENT_CONFIRMATION_OK"
21627,10145432098,10145432130,1,"IOTHUB_CLIENT_CONFIRMATION_OK"
21628,10145432298,10145432332,1,"IOTHUB_CLIENT_CONFIRMATION_OK"
21629,10145432498,10145432532,1,"IOTHUB_CLIENT_CONFIRMATION_OK"
21630,10145432698,10145432853,1,"IOTHUB_CLIENT_CONFIRMATION_OK"
21631,10145432899,10145432934,1,"IOTHUB_CLIENT_CONFIRMATION_OK"
21632,10145433099,10145433132,1,"IOTHUB_CLIENT_CONFIRMATION_OK"
21633,10145433299,10145433470,1,"IOTHUB_CLIENT_CONFIRMATION_OK"
21634,10145433499,10145433534,1,"IOTHUB_CLIENT_CONFIRMATION_OK"
21635,10145433699,10145433729,1,"IOTHUB_CLIENT_CONFIRMATION_OK"
21636,10145433899,10145433934,1,"IOTHUB_CLIENT_CONFIRMATION_OK"
21637,10145434099,10145434144,1,"IOTHUB_CLIENT_CONFIRMATION_OK"
21638,10145434300,10145434472,1,"IOTHUB_CLIENT_CONFIRMATION_OK"
21639,10145434500,10145434538,1,"IOTHUB_CLIENT_CONFIRMATION_OK"
21640,10145434700,10145434744,1,"IOTHUB_CLIENT_CONFIRMATION_OK"
21641,10145434900,10145434934,1,"IOTHUB_CLIENT_CONFIRMATION_OK"
21642,10145435100,10145435134,1,"IOTHUB_CLIENT_CONFIRMATION_OK"
21643,10145435300,10145435333,1,"IOTHUB_CLIENT_CONFIRMATION_OK"
21644,10145435501,10145435565,1,"IOTHUB_CLIENT_CONFIRMATION_OK"
21645,10145435701,10145435734,1,"IOTHUB_CLIENT_CONFIRMATION_OK"
21646,10145435901,10145435940,1,"IOTHUB_CLIENT_CONFIRMATION_OK"
21647,10145436101,10145436146,1,"IOTHUB_CLIENT_CONFIRMATION_OK"
21648,10145436301,10145436474,1,"IOTHUB_CLIENT_CONFIRMATION_OK"
21649,10145436501,10145436543,1,"IOTHUB_CLIENT_CONFIRMATION_OK"
21650,10145436702,10145436743,1,"IOTHUB_CLIENT_CONFIRMATION_OK"
21651,10145436902,10145436932,1,"IOTHUB_CLIENT_CONFIRMATION_OK"
21652,10145437102,10145437143,1,"IOTHUB_CLIENT_CONFIRMATION_OK"
21653,10145437302,10145437336,1,"IOTHUB_CLIENT_CONFIRMATION_OK"
21654,10145437502,10145437537,1,"IOTHUB_CLIENT_CONFIRMATION_OK"
21655,10145437702,10145437734,1,"IOTHUB_CLIENT_CONFIRMATION_OK"
21656,10145437902,10145437936,1,"IOTHUB_CLIENT_CONFIRMATION_OK"
21657,10145438103,10145438149,1,"IOTHUB_CLIENT_CONFIRMATION_OK"
21658,10145438303,10145438352,1,"IOTHUB_CLIENT_CONFIRMATION_OK"
21659,10145438503,10145438545,1,"IOTHUB_CLIENT_CONFIRMATION_OK"
21660,10145438703,10145438787,1,"IOTHUB_CLIENT_CONFIRMATION_OK"
21661,10145438903,10145438949,1,"IOTHUB_CLIENT_CONFIRMATION_OK"
21662,10145439103,10145439136,1,"IOTHUB_CLIENT_CONFIRMATION_OK"
21663,10145439304,10145439337,1,"IOTHUB_CLIENT_CONFIRMATION_OK"
21664,10145439504,10145439542,1,"IOTHUB_CLIENT_CONFIRMATION_OK"
21665,10145439704,10145439774,1,"IOTHUB_CLIENT_CONFIRMATION_OK"
21666,10145439904,10145439937,1,"IOTHUB_CLIENT_CONFIRMATION_OK"
21667,10145440104,10145440146,1,"IOTHUB_CLIENT_CONFIRMATION_OK"
21668,10145440304,10145440387,1,"IOTHUB_CLIENT_CONFIRMATION_OK"
21669,10145440505,10145440549,1,"IOTHUB_CLIENT_CONFIRMATION_OK"
21670,10145440705,10145440744,1,"IOTHUB_CLIENT_CONFIRMATION_OK"
21671,10145440905,10145440948,1,"IOTHUB_CLIENT_CONFIRMATION_OK"
21672,10145441105,10145441148,1,"IOTHUB_CLIENT_CONFIRMATION_OK"
21673,10145441305,10145441416,1,"IOTHUB_CLIENT_CONFIRMATION_OK"
21674,10145441505,10145441540,1,"IOTHUB_CLIENT_CONFIRMATION_OK"
21675,10145441705,10145441743,1,"IOTHUB_CLIENT_CONFIRMATION_OK"
21676,10145441906,10145442109,1,"IOTHUB_CLIENT_CONFIRMATION_OK"
21677,10145442106,10145442174,1,"IOTHUB_CLIENT_CONFIRMATION_OK"
21678,10145442306,10145442338,1,"IOTHUB_CLIENT_CONFIRMATION_OK"
21679,10145442506,10145442547,1,"IOTHUB_CLIENT_CONFIRMATION_OK"
21680,10145442706,10145442743,1,"IOTHUB_CLIENT_CONFIRMATION_OK"
21681,10145442906,10145442946,1,"IOTHUB_CLIENT_CONFIRMATION_OK"
21682,10145443107,10145443140,1,"IOTHUB_CLIENT_CONFIRMATION_OK"
21683,10145443307,10145443338,1,"IOTHUB_CLIENT_CONFIRMATION_OK"
21684,10145443507,10145443558,1,"IOTHUB_CLIENT_CONFIRMATION_OK"
21685,10145443707,10145443748,1,"IOTHUB_CLIENT_CONFIRMATION_OK"
21686,10145443907,10145443945,1,"IOTHUB_CLIENT_CONFIRMATION_OK"
21687,10145444107,10145444196,1,"IOTHUB_CLIENT_CONFIRMATION_OK"
21688,10145444308,10145444378,1,"IOTHUB_CLIENT_CONFIRMATION_OK"
21689,10145444508,10145444546,1,"IOTHUB_CLIENT_CONFIRMATION_OK"
21690,10145444708,10145444812,1,"IOTHUB_CLIENT_CONFIRMATION_OK"
21691,10145444908,10145444950,1,"IOTHUB_CLIENT_CONFIRMATION_OK"
21692,10145445108,10145445201,1,"IOTHUB_CLIENT_CONFIRMATION_OK"
21693,10145445308,10145445356,1,"IOTHUB_CLIENT_CONFIRMATION_OK"
21694,10145445508,10145445541,1,"IOTHUB_CLIENT_CONFIRMATION_OK"
21695,10145445709,10145445743,1,"IOTHUB_CLIENT_CONFIRMATION_OK"
21696,10145445909,10145445943,1,"IOTHUB_CLIENT_CONFIRMATION_OK"
21697,10145446109,10145446214,1,"IOTHUB_CLIENT_CONFIRMATION_OK"
21698,10145446309,10145446343,1,"IOTHUB_CLIENT_CONFIRMATION_OK"
21699,10145446509,10145446546,1,"IOTHUB_CLIENT_CONFIRMATION_OK"
21700,10145446709,10145446823,1,"IOTHUB_CLIENT_CONFIRMATION_OK"
21701,10145446910,10145446945,1,"IOTHUB_CLIENT_CONFIRMATION_OK"
21702,10145447110,10145447142,1,"IOTHUB_CLIENT_CONFIRMATION_OK"
21703,10145447310,10145447403,1,"IOTHUB_CLIENT_CONFIRMATION_OK"
21704,10145447510,10145447562,1,"IOTHUB_CLIENT_CONFIRMATION_OK"
21705,10145447710,10145447839,1,"IOTHUB_CLIENT_CONFIRMATION_OK"
21706,10145447910,10145447944,1,"IOTHUB_CLIENT_CONFIRMATION_OK"
21707,10145448110,10145448155,1,"IOTHUB_CLIENT_CONFIRMATION_OK"
21708,10145448311,10145448449,1,"IOTHUB_CLIENT_CONFIRMATION_OK"
21709,10145448511,10145448541,1,"IOTHUB_CLIENT_CONFIRMATION_OK"
21710,10145448711,10145448744,1,"IOTHUB_CLIENT_CONFIRMATION_OK"
21711,10145448911,10145448941,1,"IOTHUB_CLIENT_CONFIRMATION_OK"
21712,10145449111,10145449148,1,"IOTHUB_CLIENT_CONFIRMATION_OK"
21713,10145449311,10145449470,1,"IOTHUB_CLIENT_CONFIRMATION_OK"
21714,10145449511,10145449543,1,"IOTHUB_CLIENT_CONFIRMATION_OK"
21715,10145449712,10145449744,1,"IOTHUB_CLIENT_CONFIRMATION_OK"
21716,10145449912,10145450090,1,"IOTHUB_CLIENT_CONFIRMATION_OK"
21717,10145450112,10145450146,1,"IOTHUB_CLIENT_CONFIRMATION_OK"
21718,10145450312,10145450342,1,"IOTHUB_CLIENT_CONFIRMATION_OK"
21719,10145450512,10145450544,1,"IOTHUB_CLIENT_CONFIRMATION_OK"
21720,10145450712,10145450743,1,"IOTHUB_CLIENT_CONFIRMATION_OK"
21721,10145450913,10145450950,1,"IOTHUB_CLIENT_CONFIRMATION_OK"
21722,10145451113,10145451144,1,"IOTHUB_CLIENT_CONFIRMATION_OK"
21723,10145451313,10145451346,1,"IOTHUB_CLIENT_CONFIRMATION_OK"
21724,10145451513,10145451546,1,"IOTHUB_CLIENT_CONFIRMATION_OK"
21725,10145451713,10145451793,1,"IOTHUB_CLIENT_CONFIRMATION_OK"
21726,10145451913,10145451945,1,"IOTHUB_CLIENT_CONFIRMATION_OK"
21727,10145452114,10145452147,1,"IOTHUB_CLIENT_CONFIRMATION_OK"
21728,10145452314,10145452343,1,"IOTHUB_CLIENT_CONFIRMATION_OK"
21729,10145452514,10145452557,1,"IOTHUB_CLIENT_CONFIRMATION_OK"
21730,10145452714,10145452748,1,"IOTHUB_CLIENT_CONFIRMATION_OK"
21731,10145452914,10145452947,1,"IOTHUB_CLIENT_CONFIRMATION_OK"
21732,10145453114,10145453147,1,"IOTHUB_CLIENT_CONFIRMATION_OK"
21733,10145453315,10145453356,1,"IOTHUB_CLIENT_CONFIRMATION_OK"
21734,10145453515,10145453548,1,"IOTHUB_CLIENT_CONFIRMATION_OK"
21735,10145453715,10145453754,1,"IOTHUB_CLIENT_CONFIRMATION_OK"
21736,10145453915,10145453951,1,"IOTHUB_CLIENT_CONFIRMATION_OK"
21737,10145454115,10145454155,1,"IOTHUB_CLIENT_CONFIRMATION_OK"
21738,10145454315,10145454351,1,"IOTHUB_CLIENT_CONFIRMATION_OK"
21739,10145454516,10145454544,1,"IOTHUB_CLIENT_CONFIRMATION_OK"
21740,10145454716,10145454754,1,"IOTHUB_CLIENT_CONFIRMATION_OK"
21741,10145454916,10145454946,1,"IOTHUB_CLIENT_CONFIRMATION_OK"
21742,10145455116,10145455152,1,"IOTHUB_CLIENT_CONFIRMATION_OK"
21743,10145455316,10145455360,1,"IOTHUB_CLIENT_CONFIRMATION_OK"
21744,10145455516,10145455550,1,"IOTHUB_CLIENT_CONFIRMATION_OK"
21745,10145455716,10145455749,1,"IOTHUB_CLIENT_CONFIRMATION_OK"
21746,10145455917,10145455962,1,"IOTHUB_CLIENT_CONFIRMATION_OK"
21747,10145456117,10145456176,1,"IOTHUB_CLIENT_CONFIRMATION_OK"
21748,10145456317,10145456368,1,"IOTHUB_CLIENT_CONFIRMATION_OK"
21749,10145456517,10145456548,1,"IOTHUB_CLIENT_CONFIRMATION_OK"
21750,10145456717,10145456753,1,"IOTHUB_CLIENT_CONFIRMATION_OK"
21751,10145456918,10145456988,1,"IOTHUB_CLIENT_CONFIRMATION_OK"
21752,10145457118,10145457220,1,"IOTHUB_CLIENT_CONFIRMATION_OK"
21753,10145457318,10145457353,1,"IOTHUB_CLIENT_CONFIRMATION_OK"
21754,10145457518,10145457550,1,"IOTHUB_CLIENT_CONFIRMATION_OK"
21755,10145457719,10145457796,1,"IOTHUB_CLIENT_CONFIRMATION_OK"
21756,10145457919,10145458015,1,"IOTHUB_CLIENT_CONFIRMATION_OK"
21757,10145458119,10145458159,1,"IOTHUB_CLIENT_CONFIRMATION_OK"
21758,10145458319,10145458350,1,"IOTHUB_CLIENT_CONFIRMATION_OK"
21759,10145458519,10145458628,1,"IOTHUB_CLIENT_CONFIRMATION_OK"
21760,10145458719,10145458759,1,"IOTHUB_CLIENT_CONFIRMATION_OK"
21761,10145458919,10145458957,1,"IOTHUB_CLIENT_CONFIRMATION_OK"
21762,10145459120,10145459150,1,"IOTHUB_CLIENT_CONFIRMATION_OK"
21763,10145459320,10145459373,1,"IOTHUB_CLIENT_CONFIRMATION_OK"
21764,10145459520,10145459657,1,"IOTHUB_CLIENT_CONFIRMATION_OK"
21765,10145459720,10145459759,1,"IOTHUB_CLIENT_CONFIRMATION_OK"
21766,10145459920,10145459954,1,"IOTHUB_CLIENT_CONFIRMATION_OK"
21767,10145460120,10145460249,1,"IOTHUB_CLIENT_CONFIRMATION_OK"
21768,10145460321,10145460351,1,"IOTHUB_CLIENT_CONFIRMATION_OK"
21769,10145460521,10145460556,1,"IOTHUB_CLIENT_CONFIRMATION_OK"
21770,10145460721,10145460762,1,"IOTHUB_CLIENT_CONFIRMATION_OK"
21771,10145460921,10145460962,1,"IOTHUB_CLIENT_CONFIRMATION_OK"
21772,10145461121,10145461274,1,"IOTHUB_CLIENT_CONFIRMATION_OK"
21773,10145461321,10145461355,1,"IOTHUB_CLIENT_CONFIRMATION_OK"
21774,10145461522,10145461552,1,"IOTHUB_CLIENT_CONFIRMATION_OK"
21775,10145461722,10145461796,1,"IOTHUB_CLIENT_CONFIRMATION_OK"
21776,10145461922,10145461955,1,"IOTHUB_CLIENT_CONFIRMATION_OK"
21777,10145462122,10145462163,1,"IOTHUB_CLIENT_CONFIRMATION_OK"
21778,10145462322,10145462353,1,"IOTHUB_CLIENT_CONFIRMATION_OK"
21779,10145462522,10145462552,1,"IOTHUB_CLIENT_CONFIRMATION_OK"
21780,10145462722,10145462946,1,"IOTHUB_CLIENT_CONFIRMATION_OK"
21781,10145462923,10145462962,1,"IOTHUB_CLIENT_CONFIRMATION_OK"
21782,10145463123,10145463156,1,"IOTHUB_CLIENT_CONFIRMATION_OK"
21783,10145463323,10145463372,1,"IOTHUB_CLIENT_CONFIRMATION_OK"
21784,10145463523,10145463557,1,"IOTHUB_CLIENT_CONFIRMATION_OK"
21785,10145463723,10145463763,1,"IOTHUB_CLIENT_CONFIRMATION_OK"
21786,10145463923,10145463961,1,"IOTHUB_CLIENT_CONFIRMATION_OK"
21787,10145464124,10145464163,1,"IOTHUB_CLIENT_CONFIRMATION_OK"
21788,10145464324,10145464355,1,"IOTHUB_CLIENT_CONFIRMATION_OK"
21789,10145464524,10145464554,1,"IOTHUB_CLIENT_CONFIRMATION_OK"
21790,10145464724,10145464756,1,"IOTHUB_CLIENT_CONFIRMATION_OK"
21791,10145464924,10145464969,1,"IOTHUB_CLIENT_CONFIRMATION_OK"
21792,10145465124,10145465157,1,"IOTHUB_CLIENT_CONFIRMATION_OK"
21793,10145465324,10145465355,1,"IOTHUB_CLIENT_CONFIRMATION_OK"
21794,10145465525,10145465574,1,"IOTHUB_CLIENT_CONFIRMATION_OK"
21795,10145465725,10145465764,1,"IOTHUB_CLIENT_CONFIRMATION_OK"
21796,10145465925,10145465980,1,"IOTHUB_CLIENT_CONFIRMATION_OK"
21797,10145466125,10145466157,1,"IOTHUB_CLIENT_CONFIRMATION_OK"
21798,10145466325,10145466367,1,"IOTHUB_CLIENT_CONFIRMATION_OK"
21799,10145466525,10145466656,1,"IOTHUB_CLIENT_CONFIRMATION_OK"
21800,10145466726,10145466757,1,"IOTHUB_CLIENT_CONFIRMATION_OK"
21801,10145466926,10145466956,1,"IOTHUB_CLIENT_CONFIRMATION_OK"
21802,10145467126,10145467161,1,"IOTHUB_CLIENT_CONFIRMATION_OK"
21803,10145467326,10145467359,1,"IOTHUB_CLIENT_CONFIRMATION_OK"
21804,10145467526,10145467565,1,"IOTHUB_CLIENT_CONFIRMATION_OK"
21805,10145467726,10145467761,1,"IOTHUB_CLIENT_CONFIRMATION_OK"
21806,10145467926,10145467969,1,"IOTHUB_CLIENT_CONFIRMATION_OK"
21807,10145468127,10145468274,1,"IOTHUB_CLIENT_CONFIRMATION_OK"
21808,10145468327,10145468360,1,"IOTHUB_CLIENT_CONFIRMATION_OK"
21809,10145468527,10145468582,1,"IOTHUB_CLIENT_CONFIRMATION_OK"
21810,10145468727,10145468765,1,"IOTHUB_CLIENT_CONFIRMATION_OK"
21811,10145468927,10145468985,1,"IOTHUB_CLIENT_CONFIRMATION_OK"
21812,10145469127,10145469162,1,"IOTHUB_CLIENT_CONFIRMATION_OK"
21813,10145469328,10145469396,1,"IOTHUB_CLIENT_CONFIRMATION_OK"
21814,10145469528,10145469568,1,"IOTHUB_CLIENT_CONFIRMATION_OK"
21815,10145469728,10145469769,1,"IOTHUB_CLIENT_CONFIRMATION_OK"
21816,10145469928,10145469966,1,"IOTHUB_CLIENT_CONFIRMATION_OK"
21817,10145470128,10145470158,1,"IOTHUB_CLIENT_CONFIRMATION_OK"
21818,10145470328,10145470356,1,"IOTHUB_CLIENT_CONFIRMATION_OK"
21819,10145470529,10145470601,1,"IOTHUB_CLIENT_CONFIRMATION_OK"
21820,10145470729,10145470758,1,"IOTHUB_CLIENT_CONFIRMATION_OK"
21821,10145470929,10145470961,1,"IOTHUB_CLIENT_CONFIRMATION_OK"
21822,10145471129,10145471162,1,"IOTHUB_CLIENT_CONFIRMATION_OK"
21823,10145471329,10145471361,1,"IOTHUB_CLIENT_CONFIRMATION_OK"
21824,10145471529,10145471562,1,"IOTHUB_CLIENT_CONFIRMATION_OK"
21825,10145471729,10145471844,1,"IOTHUB_CLIENT_CONFIRMATION_OK"
21826,10145471930,10145471965,1,"IOTHUB_CLIENT_CONFIRMATION_OK"
21827,10145472130,10145472171,1,"IOTHUB_CLIENT_CONFIRMATION_OK"
21828,10145472330,10145472370,1,"IOTHUB_CLIENT_CONFIRMATION_OK"
21829,10145472530,10145472570,1,"IOTHUB_CLIENT_CONFIRMATION_OK"
21830,10145472730,10145472777,1,"IOTHUB_CLIENT_CONFIRMATION_OK"
21831,10145472930,10145472974,1,"IOTHUB_CLIENT_CONFIRMATION_OK"
21832,10145473131,10145473162,1,"IOTHUB_CLIENT_CONFIRMATION_OK"
21833,10145473331,10145473361,1,"IOTHUB_CLIENT_CONFIRMATION_OK"
21834,10145473531,10145473574,1,"IOTHUB_CLIENT_CONFIRMATION_OK"
21835,10145473731,10145473763,1,"IOTHUB_CLIENT_CONFIRMATION_OK"
21836,10145473931,10145473964,1,"IOTHUB_CLIENT_CONFIRMATION_OK"
21837,10145474131,10145474185,1,"IOTHUB_CLIENT_CONFIRMATION_OK"
21838,10145474332,10145474362,1,"IOTHUB_CLIENT_CONFIRMATION_OK"
21839,10145474532,10145474605,1,"IOTHUB_CLIENT_CONFIRMATION_OK"
21840,10145474732,10145474798,1,"IOTHUB_CLIENT_CONFIRMATION_OK"
21841,10145474932,10145474963,1,"IOTHUB_CLIENT_CONFIRMATION_OK"
21842,10145475132,10145475213,1,"IOTHUB_CLIENT_CONFIRMATION_OK"
21843,10145475332,10145475363,1,"IOTHUB_CLIENT_CONFIRMATION_OK"
21844,10145475532,10145475568,1,"IOTHUB_CLIENT_CONFIRMATION_OK"
21845,10145475733,10145475768,1,"IOTHUB_CLIENT_CONFIRMATION_OK"
21846,10145475933,10145475967,1,"IOTHUB_CLIENT_CONFIRMATION_OK"
21847,10145476133,10145476231,1,"IOTHUB_CLIENT_CONFIRMATION_OK"
21848,10145476333,10145476363,1,"IOTHUB_CLIENT_CONFIRMATION_OK"
21849,10145476533,10145476569,1,"IOTHUB_CLIENT_CONFIRMATION_OK"
21850,10145476733,10145476844,1,"IOTHUB_CLIENT_CONFIRMATION_OK"
21851,10145476934,10145476966,1,"IOTHUB_CLIENT_CONFIRMATION_OK"
21852,10145477134,10145477207,1,"IOTHUB_CLIENT_CONFIRMATION_OK"
21853,10145477334,10145477373,1,"IOTHUB_CLIENT_CONFIRMATION_OK"
21854,10145477534,10145477573,1,"IOTHUB_CLIENT_CONFIRMATION_OK"
21855,10145477734,10145477857,1,"IOTHUB_CLIENT_CONFIRMATION_OK"
21856,10145477934,10145477966,1,"IOTHUB_CLIENT_CONFIRMATION_OK"
21857,10145478134,10145478169,1,"IOTHUB_CLIENT_CONFIRMATION_OK"
21858,10145478335,10145478469,1,"IOTHUB_CLIENT_CONFIRMATION_OK"
21859,10145478535,10145478564,1,"IOTHUB_CLIENT_CONFIRMATION_OK"
21860,10145478735,10145478768,1,"IOTHUB_CLIENT_CONFIRMATION_OK"
21861,10145478935,10145478975,1,"IOTHUB_CLIENT_CONFIRMATION_OK"
21862,10145479135,10145479168,1,"IOTHUB_CLIENT_CONFIRMATION_OK"
21863,10145479335,10145479474,1,"IOTHUB_CLIENT_CONFIRMATION_OK"
21864,10145479536,10145479569,1,"IOTHUB_CLIENT_CONFIRMATION_OK"
21865,10145479736,10145479766,1,"IOTHUB_CLIENT_CONFIRMATION_OK"
21866,10145479936,10145480107,1,"IOTHUB_CLIENT_CONFIRMATION_OK"
21867,10145480136,10145480178,1,"IOTHUB_CLIENT_CONFIRMATION_OK"
21868,10145480336,10145480369,1,"IOTHUB_CLIENT_CONFIRMATION_OK"
21869,10145480536,10145480574,1,"IOTHUB_CLIENT_CONFIRMATION_OK"
21870,10145480736,10145480838,1,"IOTHUB_CLIENT_CONFIRMATION_OK"
21871,10145480937,10145480967,1,"IOTHUB_CLIENT_CONFIRMATION_OK"
21872,10145481137,10145481172,1,"IOTHUB_CLIENT_CONFIRMATION_OK"
21873,10145481337,10145481366,1,"IOTHUB_CLIENT_CONFIRMATION_OK"
21874,10145481537,10145481577,1,"IOTHUB_CLIENT_CONFIRMATION_OK"
21875,10145481737,10145481767,1,"IOTHUB_CLIENT_CONFIRMATION_OK"
21876,10145481937,10145481972,1,"IOTHUB_CLIENT_CONFIRMATION_OK"
21877,10145482137,10145482175,1,"IOTHUB_CLIENT_CONFIRMATION_OK"
21878,10145482338,10145482388,1,"IOTHUB_CLIENT_CONFIRMATION_OK"
21879,10145482538,10145482578,1,"IOTHUB_CLIENT_CONFIRMATION_OK"
21880,10145482738,10145482773,1,"IOTHUB_CLIENT_CONFIRMATION_OK"
21881,10145482938,10145482968,1,"IOTHUB_CLIENT_CONFIRMATION_OK"
21882,10145483138,10145483177,1,"IOTHUB_CLIENT_CONFIRMATION_OK"
21883,10145483338,10145483373,1,"IOTHUB_CLIENT_CONFIRMATION_OK"
21884,10145483539,10145483581,1,"IOTHUB_CLIENT_CONFIRMATION_OK"
21885,10145483739,10145483793,1,"IOTHUB_CLIENT_CONFIRMATION_OK"
21886,10145483939,10145483973,1,"IOTHUB_CLIENT_CONFIRMATION_OK"
21887,10145484139,10145484180,1,"IOTHUB_CLIENT_CONFIRMATION_OK"
21888,10145484339,10145484373,1,"IOTHUB_CLIENT_CONFIRMATION_OK"
21889,10145484539,10145484571,1,"IOTHUB_CLIENT_CONFIRMATION_OK"
21890,10145484740,10145484797,1,"IOTHUB_CLIENT_CONFIRMATION_OK"
21891,10145484940,10145484969,1,"IOTHUB_CLIENT_CONFIRMATION_OK"
21892,10145485140,10145485175,1,"IOTHUB_CLIENT_CONFIRMATION_OK"
21893,10145485340,10145485446,1,"IOTHUB_CLIENT_CONFIRMATION_OK"
21894,10145485540,10145485583,1,"IOTHUB_CLIENT_CONFIRMATION_OK"
21895,10145485740,10145485769,1,"IOTHUB_CLIENT_CONFIRMATION_OK"
21896,10145485941,10145485972,1,"IOTHUB_CLIENT_CONFIRMATION_OK"
21897,10145486141,10145486173,1,"IOTHUB_CLIENT_CONFIRMATION_OK"
21898,10145486341,10145486546,1,"IOTHUB_CLIENT_CONFIRMATION_OK"
21899,10145486541,10145486583,1,"IOTHUB_CLIENT_CONFIRMATION_OK"
21900,10145486741,10145486771,1,"IOTHUB_CLIENT_CONFIRMATION_OK"
21901,10145486941,10145486970,1,"IOTHUB_CLIENT_CONFIRMATION_OK"
21902,10145487141,10145487186,1,"IOTHUB_CLIENT_CONFIRMATION_OK"
21903,10145487342,10145487374,1,"IOTHUB_CLIENT_CONFIRMATION_OK"
21904,10145487542,10145487579,1,"IOTHUB_CLIENT_CONFIRMATION_OK"
21905,10145487742,10145487783,1,"IOTHUB_CLIENT_CONFIRMATION_OK"
21906,10145487942,10145487970,1,"IOTHUB_CLIENT_CONFIRMATION_OK"
21907,10145488142,10145488176,1,"IOTHUB_CLIENT_CONFIRMATION_OK"
21908,10145488342,10145488388,1,"IOTHUB_CLIENT_CONFIRMATION_OK"
21909,10145488543,10145488581,1,"IOTHUB_CLIENT_CONFIRMATION_OK"
21910,10145488743,10145488784,1,"IOTHUB_CLIENT_CONFIRMATION_OK"
21911,10145488943,10145488984,1,"IOTHUB_CLIENT_CONFIRMATION_OK"
21912,10145489143,10145489180,1,"IOTHUB_CLIENT_CONFIRMATION_OK"
21913,10145489343,10145489376,1,"IOTHUB_CLIENT_CONFIRMATION_OK"
21914,10145489543,10145489583,1,"IOTHUB_CLIENT_CONFIRMATION_OK"
21915,10145489744,10145489781,1,"IOTHUB_CLIENT_CONFIRMATION_OK"
21916,10145489944,10145489984,1,"IOTHUB_CLIENT_CONFIRMATION_OK"
21917,10145490144,10145490192,1,"IOTHUB_CLIENT_CONFIRMATION_OK"
21918,10145490344,10145490373,1,"IOTHUB_CLIENT_CONFIRMATION_OK"
21919,10145490544,10145490575,1,"IOTHUB_CLIENT_CONFIRMATION_OK"
21920,10145490744,10145490803,1,"IOTHUB_CLIENT_CONFIRMATION_OK"
21921,10145490944,10145490984,1,"IOTHUB_CLIENT_CONFIRMATION_OK"
21922,10145491145,10145491267,1,"IOTHUB_CLIENT_CONFIRMATION_OK"
21923,10145491345,10145491378,1,"IOTHUB_CLIENT_CONFIRMATION_OK"
21924,10145491545,10145491580,1,"IOTHUB_CLIENT_CONFIRMATION_OK"
21925,10145491745,10145491884,1,"IOTHUB_CLIENT_CONFIRMATION_OK"
21926,10145491945,10145491986,1,"IOTHUB_CLIENT_CONFIRMATION_OK"
21927,10145492145,10145492180,1,"IOTHUB_CLIENT_CONFIRMATION_OK"
21928,10145492346,10145492387,1,"IOTHUB_CLIENT_CONFIRMATION_OK"
21929,10145492546,10145492576,1,"IOTHUB_CLIENT_CONFIRMATION_OK"
21930,10145492746,10145492901,1,"IOTHUB_CLIENT_CONFIRMATION_OK"
21931,10145492946,10145492980,1,"IOTHUB_CLIENT_CONFIRMATION_OK"
21932,10145493146,10145493191,1,"IOTHUB_CLIENT_CONFIRMATION_OK"
21933,10145493346,10145493509,1,"IOTHUB_CLIENT_CONFIRMATION_OK"
21934,10145493547,10145493588,1,"IOTHUB_CLIENT_CONFIRMATION_OK"
21935,10145493747,10145493810,1,"IOTHUB_CLIENT_CONFIRMATION_OK"
21936,10145493947,10145493992,1,"IOTHUB_CLIENT_CONFIRMATION_OK"
21937,10145494147,10145494195,1,"IOTHUB_CLIENT_CONFIRMATION_OK"
21938,10145494347,10145494519,1,"IOTHUB_CLIENT_CONFIRMATION_OK"
21939,10145494547,10145494581,1,"IOTHUB_CLIENT_CONFIRMATION_OK"
21940,10145494747,10145494782,1,"IOTHUB_CLIENT_CONFIRMATION_OK"
21941,10145494948,10145494977,1,"IOTHUB_CLIENT_CONFIRMATION_OK"
21942,10145495148,10145495181,1,"IOTHUB_CLIENT_CONFIRMATION_OK"
21943,10145495348,10145495381,1,"IOTHUB_CLIENT_CONFIRMATION_OK"
21944,10145495548,10145495588,1,"IOTHUB_CLIENT_CONFIRMATION_OK"
21945,10145495748,10145495806,1,"IOTHUB_CLIENT_CONFIRMATION_OK"
21946,10145495948,10145495995,1,"IOTHUB_CLIENT_CONFIRMATION_OK"
21947,10145496148,10145496180,1,"IOTHUB_CLIENT_CONFIRMATION_OK"
21948,10145496349,10145496378,1,"IOTHUB_CLIENT_CONFIRMATION_OK"
21949,10145496549,10145496612,1,"IOTHUB_CLIENT_CONFIRMATION_OK"
21950,10145496749,10145496781,1,"IOTHUB_CLIENT_CONFIRMATION_OK"
21951,10145496949,10145496981,1,"IOTHUB_CLIENT_CONFIRMATION_OK"
21952,10145497149,10145497221,1,"IOTHUB_CLIENT_CONFIRMATION_OK"
21953,10145497349,10145497384,1,"IOTHUB_CLIENT_CONFIRMATION_OK"
21954,10145497550,10145497587,1,"IOTHUB_CLIENT_CONFIRMATION_OK"
21955,10145497750,10145497782,1,"IOTHUB_CLIENT_CONFIRMATION_OK"
21956,10145497950,10145497984,1,"IOTHUB_CLIENT_CONFIRMATION_OK"
21957,10145498150,10145498256,1,"IOTHUB_CLIENT_CONFIRMATION_OK"
21958,10145498350,10145498397,1,"IOTHUB_CLIENT_CONFIRMATION_OK"
21959,10145498550,10145498582,1,"IOTHUB_CLIENT_CONFIRMATION_OK"
21960,10145498750,10145498869,1,"IOTHUB_CLIENT_CONFIRMATION_OK"
21961,10145498951,10145498988,1,"IOTHUB_CLIENT_CONFIRMATION_OK"
21962,10145499151,10145499180,1,"IOTHUB_CLIENT_CONFIRMATION_OK"
21963,10145499351,10145499414,1,"IOTHUB_CLIENT_CONFIRMATION_OK"
21964,10145499551,10145499581,1,"IOTHUB_CLIENT_CONFIRMATION_OK"
21965,10145499751,10145499874,1,"IOTHUB_CLIENT_CONFIRMATION_OK"
21966,10145499951,10145499989,1,"IOTHUB_CLIENT_CONFIRMATION_OK"
21967,10145500151,10145500179,1,"IOTHUB_CLIENT_CONFIRMATION_OK"
21968,10145500352,10145500384,1,"IOTHUB_CLIENT_CONFIRMATION_OK"
21969,10145500552,10145500591,1,"IOTHUB_CLIENT_CONFIRMATION_OK"
21970,10145500752,10145500783,1,"IOTHUB_CLIENT_CONFIRMATION_OK"
21971,10145500952,10145500991,1,"IOTHUB_CLIENT_CONFIRMATION_OK"
21972,10145501152,10145501186,1,"IOTHUB_CLIENT_CONFIRMATION_OK"
21973,10145501352,10145501573,1,"IOTHUB_CLIENT_CONFIRMATION_OK"
21974,10145501552,10145501596,1,"IOTHUB_CLIENT_CONFIRMATION_OK"
21975,10145501753,10145501799,1,"IOTHUB_CLIENT_CONFIRMATION_OK"
21976,10145501953,10145501983,1,"IOTHUB_CLIENT_CONFIRMATION_OK"
21977,10145502153,10145502197,1,"IOTHUB_CLIENT_CONFIRMATION_OK"
21978,10145502353,10145502391,1,"IOTHUB_CLIENT_CONFIRMATION_OK"
21979,10145502553,10145502588,1,"IOTHUB_CLIENT_CONFIRMATION_OK"
21980,10145502753,10145502790,1,"IOTHUB_CLIENT_CONFIRMATION_OK"
21981,10145502953,10145503007,1,"IOTHUB_CLIENT_CONFIRMATION_OK"
21982,10145503154,10145503192,1,"IOTHUB_CLIENT_CONFIRMATION_OK"
21983,10145503354,10145503397,1,"IOTHUB_CLIENT_CONFIRMATION_OK"
21984,10145503554,10145503595,1,"IOTHUB_CLIENT_CONFIRMATION_OK"
21985,10145503754,10145503787,1,"IOTHUB_CLIENT_CONFIRMATION_OK"
21986,10145503954,10145503990,1,"IOTHUB_CLIENT_CONFIRMATION_OK"
21987,10145504154,10145504190,1,"IOTHUB_CLIENT_CONFIRMATION_OK"
21988,10145504354,10145504392,1,"IOTHUB_CLIENT_CONFIRMATION_OK"
21989,10145504555,10145504587,1,"IOTHUB_CLIENT_CONFIRMATION_OK"
21990,10145504755,10145504797,1,"IOTHUB_CLIENT_CONFIRMATION_OK"
21991,10145504955,10145504986,1,"IOTHUB_CLIENT_CONFIRMATION_OK"
21992,10145505155,10145505204,1,"IOTHUB_CLIENT_CONFIRMATION_OK"
21993,10145505355,10145505390,1,"IOTHUB_CLIENT_CONFIRMATION_OK"
21994,10145505555,10145505587,1,"IOTHUB_CLIENT_CONFIRMATION_OK"
21995,10145505756,10145505809,1,"IOTHUB_CLIENT_CONFIRMATION_OK"
21996,10145505956,10145505997,1,"IOTHUB_CLIENT_CONFIRMATION_OK"
21997,10145506156,10145506200,1,"IOTHUB_CLIENT_CONFIRMATION_OK"
21998,10145506356,10145506395,1,"IOTHUB_CLIENT_CONFIRMATION_OK"
21999,10145506556,10145506611,1,"IOTHUB_CLIENT_CONFIRMATION_OK"
22000,10145506756,10145506822,1,"IOTHUB_CLIENT_CONFIRMATION_OK"
22001,10145506956,10145506989,1,"IOTHUB_CLIENT_CONFIRMATION_OK"
22002,10145507157,10145507188,1,"IOTHUB_CLIENT_CONFIRMATION_OK"
22003,10145507357,10145507432,1,"IOTHUB_CLIENT_CONFIRMATION_OK"
22004,10145507557,10145507592,1,"IOTHUB_CLIENT_CONFIRMATION_OK"
22005,10145507757,10145507831,1,"IOTHUB_CLIENT_CONFIRMATION_OK"
22006,10145507957,10145507999,1,"IOTHUB_CLIENT_CONFIRMATION_OK"
22007,10145508157,10145508192,1,"IOTHUB_CLIENT_CONFIRMATION_OK"
22008,10145508358,10145508441,1,"IOTHUB_CLIENT_CONFIRMATION_OK"
22009,10145508558,10145508603,1,"IOTHUB_CLIENT_CONFIRMATION_OK"
22010,10145508758,10145508794,1,"IOTHUB_CLIENT_CONFIRMATION_OK"
22011,10145508958,10145509058,1,"IOTHUB_CLIENT_CONFIRMATION_OK"
22012,10145509158,10145509203,1,"IOTHUB_CLIENT_CONFIRMATION_OK"
22013,10145509358,10145509449,1,"IOTHUB_CLIENT_CONFIRMATION_OK"
22014,10145509558,10145509594,1,"IOTHUB_CLIENT_CONFIRMATION_OK"
22015,10145509759,10145509791,1,"IOTHUB_CLIENT_CONFIRMATION_OK"
22016,10145509959,10145510085,1,"IOTHUB_CLIENT_CONFIRMATION_OK"
22017,10145510159,10145510188,1,"IOTHUB_CLIENT_CONFIRMATION_OK"
22018,10145510359,10145510393,1,"IOTHUB_CLIENT_CONFIRMATION_OK"
22019,10145510559,10145510590,1,"IOTHUB_CLIENT_CONFIRMATION_OK"
22020,10145510759,10145510790,1,"IOTHUB_CLIENT_CONFIRMATION_OK"
22021,10145510960,10145510994,1,"IOTHUB_CLIENT_CONFIRMATION_OK"
22022,10145511160,10145511191,1,"IOTHUB_CLIENT_CONFIRMATION_OK"
22023,10145511360,10145511393,1,"IOTHUB_CLIENT_CONFIRMATION_OK"
22024,10145511560,10145511691,1,"IOTHUB_CLIENT_CONFIRMATION_OK"
22025,10145511760,10145511800,1,"IOTHUB_CLIENT_CONFIRMATION_OK"
22026,10145511960,10145511993,1,"IOTHUB_CLIENT_CONFIRMATION_OK"
22027,10145512160,10145512190,1,"IOTHUB_CLIENT_CONFIRMATION_OK"
22028,10145512361,10145512396,1,"IOTHUB_CLIENT_CONFIRMATION_OK"
22029,10145512561,10145512600,1,"IOTHUB_CLIENT_CONFIRMATION_OK"
22030,10145512761,10145512872,1,"IOTHUB_CLIENT_CONFIRMATION_OK"
22031,10145512961,10145512994,1,"IOTHUB_CLIENT_CONFIRMATION_OK"
22032,10145513161,10145513315,1,"IOTHUB_CLIENT_CONFIRMATION_OK"
22033,10145513361,10145513395,1,"IOTHUB_CLIENT_CONFIRMATION_OK"
22034,10145513561,10145513595,1,"IOTHUB_CLIENT_CONFIRMATION_OK"
22035,10145513762,10145513795,1,"IOTHUB_CLIENT_CONFIRMATION_OK"
22036,10145513962,10145513998,1,"IOTHUB_CLIENT_CONFIRMATION_OK"
22037,10145514162,10145514196,1,"IOTHUB_CLIENT_CONFIRMATION_OK"
22038,10145514362,10145514392,1,"IOTHUB_CLIENT_CONFIRMATION_OK"
22039,10145514562,10145514610,1,"IOTHUB_CLIENT_CONFIRMATION_OK"
22040,10145514762,10145514941,1,"IOTHUB_CLIENT_CONFIRMATION_OK"
22041,10145514963,10145515005,1,"IOTHUB_CLIENT_CONFIRMATION_OK"
22042,10145515163,10145515196,1,"IOTHUB_CLIENT_CONFIRMATION_OK"
22043,10145515363,10145515402,1,"IOTHUB_CLIENT_CONFIRMATION_OK"
22044,10145515563,10145515594,1,"IOTHUB_CLIENT_CONFIRMATION_OK"
22045,10145515763,10145515791,1,"IOTHUB_CLIENT_CONFIRMATION_OK"
22046,10145515963,10145516005,1,"IOTHUB_CLIENT_CONFIRMATION_OK"
22047,10145516163,10145516194,1,"IOTHUB_CLIENT_CONFIRMATION_OK"
22048,10145516364,10145516400,1,"IOTHUB_CLIENT_CONFIRMATION_OK"
22049,10145516564,10145516599,1,"IOTHUB_CLIENT_CONFIRMATION_OK"
22050,10145516764,10145516798,1,"IOTHUB_CLIENT_CONFIRMATION_OK"
22051,10145516964,10145517001,1,"IOTHUB_CLIENT_CONFIRMATION_OK"
22052,10145517164,10145517201,1,"IOTHUB_CLIENT_CONFIRMATION_OK"
22053,10145517364,10145517407,1,"IOTHUB_CLIENT_CONFIRMATION_OK"
22054,10145517565,10145517607,1,"IOTHUB_CLIENT_CONFIRMATION_OK"
22055,10145517765,10145517795,1,"IOTHUB_CLIENT_CONFIRMATION_OK"
22056,10145517965,10145518001,1,"IOTHUB_CLIENT_CONFIRMATION_OK"
22057,10145518165,10145518193,1,"IOTHUB_CLIENT_CONFIRMATION_OK"
22058,10145518365,10145518399,1,"IOTHUB_CLIENT_CONFIRMATION_OK"
22059,10145518565,10145518658,1,"IOTHUB_CLIENT_CONFIRMATION_OK"
22060,10145518765,10145518811,1,"IOTHUB_CLIENT_CONFIRMATION_OK"
22061,10145518966,10145519011,1,"IOTHUB_CLIENT_CONFIRMATION_OK"
22062,10145519166,10145519202,1,"IOTHUB_CLIENT_CONFIRMATION_OK"
22063,10145519366,10145519413,1,"IOTHUB_CLIENT_CONFIRMATION_OK"
22064,10145519566,10145519763,1,"IOTHUB_CLIENT_CONFIRMATION_OK"
22065,10145519766,10145519798,1,"IOTHUB_CLIENT_CONFIRMATION_OK"
22066,10145519966,10145520009,1,"IOTHUB_CLIENT_CONFIRMATION_OK"
22067,10145520167,10145520223,1,"IOTHUB_CLIENT_CONFIRMATION_OK"
22068,10145520367,10145520407,1,"IOTHUB_CLIENT_CONFIRMATION_OK"
22069,10145520567,10145520606,1,"IOTHUB_CLIENT_CONFIRMATION_OK"
22070,10145520767,10145520808,1,"IOTHUB_CLIENT_CONFIRMATION_OK"
22071,10145520967,10145521005,1,"IOTHUB_CLIENT_CONFIRMATION_OK"
22072,10145521167,10145521209,1,"IOTHUB_CLIENT_CONFIRMATION_OK"
22073,10145521367,10145521405,1,"IOTHUB_CLIENT_CONFIRMATION_OK"
22074,10145521568,10145521603,1,"IOTHUB_CLIENT_CONFIRMATION_OK"
22075,10145521768,10145521802,1,"IOTHUB_CLIENT_CONFIRMATION_OK"
22076,10145521968,10145522000,1,"IOTHUB_CLIENT_CONFIRMATION_OK"
22077,10145522168,10145522201,1,"IOTHUB_CLIENT_CONFIRMATION_OK"
22078,10145522368,10145522410,1,"IOTHUB_CLIENT_CONFIRMATION_OK"
22079,10145522568,10145522688,1,"IOTHUB_CLIENT_CONFIRMATION_OK"
22080,10145522768,10145522861,1,"IOTHUB_CLIENT_CONFIRMATION_OK"
22081,10145522969,10145523010,1,"IOTHUB_CLIENT_CONFIRMATION_OK"
22082,10145523169,10145523201,1,"IOTHUB_CLIENT_CONFIRMATION_OK"
22083,10145523369,10145523484,1,"IOTHUB_CLIENT_CONFIRMATION_OK"
22084,10145523569,10145523600,1,"IOTHUB_CLIENT_CONFIRMATION_OK"
22085,10145523769,10145523809,1,"IOTHUB_CLIENT_CONFIRMATION_OK"
22086,10145523969,10145524000,1,"IOTHUB_CLIENT_CONFIRMATION_OK"
22087,10145524170,10145524200,1,"IOTHUB_CLIENT_CONFIRMATION_OK"
22088,10145524370,10145524517,1,"IOTHUB_CLIENT_CONFIRMATION_OK"
22089,10145524570,10145524606,1,"IOTHUB_CLIENT_CONFIRMATION_OK"
22090,10145524770,10145524803,1,"IOTHUB_CLIENT_CONFIRMATION_OK"
22091,10145524970,10145525106,1,"IOTHUB_CLIENT_CONFIRMATION_OK"
22092,10145525170,10145525209,1,"IOTHUB_CLIENT_CONFIRMATION_OK"
22093,10145525370,10145525407,1,"IOTHUB_CLIENT_CONFIRMATION_OK"
22094,10145525571,10145525607,1,"IOTHUB_CLIENT_CONFIRMATION_OK"
22095,10145525771,10145525834,1,"IOTHUB_CLIENT_CONFIRMATION_OK"
22096,10145525971,10145526006,1,"IOTHUB_CLIENT_CONFIRMATION_OK"
22097,10145526171,10145526204,1,"IOTHUB_CLIENT_CONFIRMATION_OK"
22098,10145526371,10145526444,1,"IOTHUB_CLIENT_CONFIRMATION_OK"
22099,10145526572,10145526783,1,"IOTHUB_CLIENT_CONFIRMATION_OK"
22100,10145526772,10145526809,1,"IOTHUB_CLIENT_CONFIRMATION_OK"
22101,10145526972,10145527003,1,"IOTHUB_CLIENT_CONFIRMATION_OK"
22102,10145527172,10145527208,1,"IOTHUB_CLIENT_CONFIRMATION_OK"
22103,10145527372,10145527403,1,"IOTHUB_CLIENT_CONFIRMATION_OK"
22104,10145527572,10145527608,1,"IOTHUB_CLIENT_CONFIRMATION_OK"
22105,10145527772,10145527813,1,"IOTHUB_CLIENT_CONFIRMATION_OK"
22106,10145527973,10145528017,1,"IOTHUB_CLIENT_CONFIRMATION_OK"
22107,10145528173,10145528224,1,"IOTHUB_CLIENT_CONFIRMATION_OK"
22108,10145528373,10145528412,1,"IOTHUB_CLIENT_CONFIRMATION_OK"
22109,10145528573,10145528604,1,"IOTHUB_CLIENT_CONFIRMATION_OK"
22110,10145528773,10145528825,1,"IOTHUB_CLIENT_CONFIRMATION_OK"
22111,10145528973,10145529005,1,"IOTHUB_CLIENT_CONFIRMATION_OK"
22112,10145529174,10145529204,1,"IOTHUB_CLIENT_CONFIRMATION_OK"
22113,10145529374,10145529408,1,"IOTHUB_CLIENT_CONFIRMATION_OK"
22114,10145529574,10145529603,1,"IOTHUB_CLIENT_CONFIRMATION_OK"
22115,10145529774,10145529825,1,"IOTHUB_CLIENT_CONFIRMATION_OK"
22116,10145529974,10145530007,1,"IOTHUB_CLIENT_CONFIRMATION_OK"
22117,10145530174,10145530211,1,"IOTHUB_CLIENT_CONFIRMATION_OK"
22118,10145530375,10145530439,1,"IOTHUB_CLIENT_CONFIRMATION_OK"
22119,10145530575,10145530615,1,"IOTHUB_CLIENT_CONFIRMATION_OK"
22120,10145530775,10145530807,1,"IOTHUB_CLIENT_CONFIRMATION_OK"
22121,10145530975,10145531009,1,"IOTHUB_CLIENT_CONFIRMATION_OK"
22122,10145531175,10145531206,1,"IOTHUB_CLIENT_CONFIRMATION_OK"
22123,10145531375,10145531451,1,"IOTHUB_CLIENT_CONFIRMATION_OK"
22124,10145531575,10145531607,1,"IOTHUB_CLIENT_CONFIRMATION_OK"
22125,10145531776,10145531809,1,"IOTHUB_CLIENT_CONFIRMATION_OK"
22126,10145531976,10145532070,1,"IOTHUB_CLIENT_CONFIRMATION_OK"
22127,10145532176,10145532208,1,"IOTHUB_CLIENT_CONFIRMATION_OK"
22128,10145532376,10145532412,1,"IOTHUB_CLIENT_CONFIRMATION_OK"
22129,10145532576,10145532613,1,"IOTHUB_CLIENT_CONFIRMATION_OK"
22130,10145532776,10145532809,1,"IOTHUB_CLIENT_CONFIRMATION_OK"
22131,10145532977,10145533119,1,"IOTHUB_CLIENT_CONFIRMATION_OK"
22132,10145533177,10145533216,1,"IOTHUB_CLIENT_CONFIRMATION_OK"
22133,10145533377,10145533409,1,"IOTHUB_CLIENT_CONFIRMATION_OK"
22134,10145533577,10145533674,1,"IOTHUB_CLIENT_CONFIRMATION_OK"
22135,10145533777,10145533813,1,"IOTHUB_CLIENT_CONFIRMATION_OK"
22136,10145533977,10145534011,1,"IOTHUB_CLIENT_CONFIRMATION_OK"
22137,10145534178,10145534231,1,"IOTHUB_CLIENT_CONFIRMATION_OK"
22138,10145534378,10145534413,1,"IOTHUB_CLIENT_CONFIRMATION_OK"
22139,10145534578,10145534732,1,"IOTHUB_CLIENT_CONFIRMATION_OK"
22140,10145534778,10145534819,1,"IOTHUB_CLIENT_CONFIRMATION_OK"
22141,10145534978,10145535011,1,"IOTHUB_CLIENT_CONFIRMATION_OK"
22142,10145535178,10145535209,1,"IOTHUB_CLIENT_CONFIRMATION_OK"
22143,10145535378,10145535408,1,"IOTHUB_CLIENT_CONFIRMATION_OK"
22144,10145535579,10145535617,1,"IOTHUB_CLIENT_CONFIRMATION_OK"
22145,10145535779,10145535819,1,"IOTHUB_CLIENT_CONFIRMATION_OK"
22146,10145535979,10145536012,1,"IOTHUB_CLIENT_CONFIRMATION_OK"
22147,10145536179,10145536359,1,"IOTHUB_CLIENT_CONFIRMATION_OK"
22148,10145536379,10145536423,1,"IOTHUB_CLIENT_CONFIRMATION_OK"
22149,10145536579,10145536611,1,"IOTHUB_CLIENT_CONFIRMATION_OK"
22150,10145536779,10145536813,1,"IOTHUB_CLIENT_CONFIRMATION_OK"
22151,10145536980,10145537019,1,"IOTHUB_CLIENT_CONFIRMATION_OK"
22152,10145537180,10145537220,1,"IOTHUB_CLIENT_CONFIRMATION_OK"
22153,10145537380,10145537415,1,"IOTHUB_CLIENT_CONFIRMATION_OK"
22154,10145537580,10145537614,1,"IOTHUB_CLIENT_CONFIRMATION_OK"
22155,10145537780,10145537997,1,"IOTHUB_CLIENT_CONFIRMATION_OK"
22156,10145537980,10145538015,1,"IOTHUB_CLIENT_CONFIRMATION_OK"
22157,10145538181,10145538215,1,"IOTHUB_CLIENT_CONFIRMATION_OK"
22158,10145538381,10145538594,1,"IOTHUB_CLIENT_CONFIRMATION_OK"
22159,10145538581,10145538620,1,"IOTHUB_CLIENT_CONFIRMATION_OK"
22160,10145538781,10145538814,1,"IOTHUB_CLIENT_CONFIRMATION_OK"
22161,10145538981,10145539017,1,"IOTHUB_CLIENT_CONFIRMATION_OK"
22162,10145539181,10145539217,1,"IOTHUB_CLIENT_CONFIRMATION_OK"
22163,10145539381,10145539416,1,"IOTHUB_CLIENT_CONFIRMATION_OK"
22164,10145539582,10145539616,1,"IOTHUB_CLIENT_CONFIRMATION_OK"
22165,10145539782,10145539822,1,"IOTHUB_CLIENT_CONFIRMATION_OK"
22166,10145539982,10145540019,1,"IOTHUB_CLIENT_CONFIRMATION_OK"
22167,10145540182,10145540216,1,"IOTHUB_CLIENT_CONFIRMATION_OK"
22168,10145540382,10145540414,1,"IOTHUB_CLIENT_CONFIRMATION_OK"
22169,10145540582,10145540626,1,"IOTHUB_CLIENT_CONFIRMATION_OK"
22170,10145540782,10145540812,1,"IOTHUB_CLIENT_CONFIRMATION_OK"
22171,10145540983,10145541013,1,"IOTHUB_CLIENT_CONFIRMATION_OK"
22172,10145541183,10145541223,1,"IOTHUB_CLIENT_CONFIRMATION_OK"
22173,10145541383,10145541418,1,"IOTHUB_CLIENT_CONFIRMATION_OK"
22174,10145541583,10145541645,1,"IOTHUB_CLIENT_CONFIRMATION_OK"
22175,10145541783,10145541814,1,"IOTHUB_CLIENT_CONFIRMATION_OK"
22176,10145541984,10145542035,1,"IOTHUB_CLIENT_CONFIRMATION_OK"
22177,10145542184,10145542265,1,"IOTHUB_CLIENT_CONFIRMATION_OK"
22178,10145542384,10145542426,1,"IOTHUB_CLIENT_CONFIRMATION_OK"
22179,10145542584,10145542615,1,"IOTHUB_CLIENT_CONFIRMATION_OK"
22180,10145542784,10145542814,1,"IOTHUB_CLIENT_CONFIRMATION_OK"
22181,10145542984,10145543028,1,"IOTHUB_CLIENT_CONFIRMATION_OK"
22182,10145543184,10145543263,1,"IOTHUB_CLIENT_CONFIRMATION_OK"
22183,10145543385,10145543435,1,"IOTHUB_CLIENT_CONFIRMATION_OK"
22184,10145543585,10145543617,1,"IOTHUB_CLIENT_CONFIRMATION_OK"
22185,10145543785,10145543903,1,"IOTHUB_CLIENT_CONFIRMATION_OK"
22186,10145543985,10145544017,1,"IOTHUB_CLIENT_CONFIRMATION_OK"
22187,10145544185,10145544219,1,"IOTHUB_CLIENT_CONFIRMATION_OK"
22188,10145544385,10145544438,1,"IOTHUB_CLIENT_CONFIRMATION_OK"
22189,10145544585,10145544620,1,"IOTHUB_CLIENT_CONFIRMATION_OK"
22190,10145544786,10145544905,1,"IOTHUB_CLIENT_CONFIRMATION_OK"
22191,10145544986,10145545017,1,"IOTHUB_CLIENT_CONFIRMATION_OK"
22192,10145545186,10145545220,1,"IOTHUB_CLIENT_CONFIRMATION_OK"
22193,10145545386,10145545505,1,"IOTHUB_CLIENT_CONFIRMATION_OK"
22194,10145545586,10145545622,1,"IOTHUB_CLIENT_CONFIRMATION_OK"
22195,10145545786,10145545823,1,"IOTHUB_CLIENT_CONFIRMATION_OK"
22196,10145545987,10145546041,1,"IOTHUB_CLIENT_CONFIRMATION_OK"
22197,10145546187,10145546226,1,"IOTHUB_CLIENT_CONFIRMATION_OK"
22198,10145546387,10145546519,1,"IOTHUB_CLIENT_CONFIRMATION_OK"
22199,10145546587,10145546618,1,"IOTHUB_CLIENT_CONFIRMATION_OK"
22200,10145546787,10145546825,1,"IOTHUB_CLIENT_CONFIRMATION_OK"
22201,10145546987,10145547021,1,"IOTHUB_CLIENT_CONFIRMATION_OK"
22202,10145547188,10145547232,1,"IOTHUB_CLIENT_CONFIRMATION_OK"
22203,10145547388,10145547426,1,"IOTHUB_CLIENT_CONFIRMATION_OK"
22204,10145547588,10145547621,1,"IOTHUB_CLIENT_CONFIRMATION_OK"
22205,10145547788,10145547852,1,"IOTHUB_CLIENT_CONFIRMATION_OK"
22206,10145547988,10145548141,1,"IOTHUB_CLIENT_CONFIRMATION_OK"
22207,10145548188,10145548220,1,"IOTHUB_CLIENT_CONFIRMATION_OK"
22208,10145548388,10145548427,1,"IOTHUB_CLIENT_CONFIRMATION_OK"
22209,10145548589,10145548621,1,"IOTHUB_CLIENT_CONFIRMATION_OK"
22210,10145548789,10145548835,1,"IOTHUB_CLIENT_CONFIRMATION_OK"
22211,10145548989,10145549019,1,"IOTHUB_CLIENT_CONFIRMATION_OK"
22212,10145549189,10145549217,1,"IOTHUB_CLIENT_CONFIRMATION_OK"
22213,10145549389,10145549424,1,"IOTHUB_CLIENT_CONFIRMATION_OK"
22214,10145549589,10145549769,1,"IOTHUB_CLIENT_CONFIRMATION_OK"
22215,10145549789,10145549827,1,"IOTHUB_CLIENT_CONFIRMATION_OK"
22216,10145549990,10145550020,1,"IOTHUB_CLIENT_CONFIRMATION_OK"
22217,10145550190,10145550228,1,"IOTHUB_CLIENT_CONFIRMATION_OK"
22218,10145550390,10145550421,1,"IOTHUB_CLIENT_CONFIRMATION_OK"
22219,10145550590,10145550641,1,"IOTHUB_CLIENT_CONFIRMATION_OK"
22220,10145550790,10145550822,1,"IOTHUB_CLIENT_CONFIRMATION_OK"
22221,10145550990,10145551024,1,"IOTHUB_CLIENT_CONFIRMATION_OK"
22222,10145551191,10145551393,1,"IOTHUB_CLIENT_CONFIRMATION_OK"
22223,10145551391,10145551429,1,"IOTHUB_CLIENT_CONFIRMATION_OK"
22224,10145551591,10145551623,1,"IOTHUB_CLIENT_CONFIRMATION_OK"
22225,10145551791,10145551842,1,"IOTHUB_CLIENT_CONFIRMATION_OK"
22226,10145551991,10145552026,1,"IOTHUB_CLIENT_CONFIRMATION_OK"
22227,10145552191,10145552233,1,"IOTHUB_CLIENT_CONFIRMATION_OK"
22228,10145552391,10145552445,1,"IOTHUB_CLIENT_CONFIRMATION_OK"
22229,10145552592,10145552624,1,"IOTHUB_CLIENT_CONFIRMATION_OK"
22230,10145552792,10145552825,1,"IOTHUB_CLIENT_CONFIRMATION_OK"
22231,10145552992,10145553024,1,"IOTHUB_CLIENT_CONFIRMATION_OK"
22232,10145553192,10145553232,1,"IOTHUB_CLIENT_CONFIRMATION_OK"
22233,10145553392,10145553466,1,"IOTHUB_CLIENT_CONFIRMATION_OK"
22234,10145553593,10145553627,1,"IOTHUB_CLIENT_CONFIRMATION_OK"
22235,10145553793,10145553834,1,"IOTHUB_CLIENT_CONFIRMATION_OK"
22236,10145553993,10145554075,1,"IOTHUB_CLIENT_CONFIRMATION_OK"
22237,10145554193,10145554223,1,"IOTHUB_CLIENT_CONFIRMATION_OK"
22238,10145554393,10145554467,1,"IOTHUB_CLIENT_CONFIRMATION_OK"
22239,10145554593,10145554628,1,"IOTHUB_CLIENT_CONFIRMATION_OK"
22240,10145554793,10145554829,1,"IOTHUB_CLIENT_CONFIRMATION_OK"
22241,10145554994,10145555096,1,"IOTHUB_CLIENT_CONFIRMATION_OK"
22242,10145555194,10145555230,1,"IOTHUB_CLIENT_CONFIRMATION_OK"
22243,10145555394,10145555426,1,"IOTHUB_CLIENT_CONFIRMATION_OK"
22244,10145555594,10145555685,1,"IOTHUB_CLIENT_CONFIRMATION_OK"
22245,10145555794,10145555831,1,"IOTHUB_CLIENT_CONFIRMATION_OK"
22246,10145555994,10145556030,1,"IOTHUB_CLIENT_CONFIRMATION_OK"
22247,10145556195,10145556232,1,"IOTHUB_CLIENT_CONFIRMATION_OK"
22248,10145556395,10145556430,1,"IOTHUB_CLIENT_CONFIRMATION_OK"
22249,10145556595,10145556711,1,"IOTHUB_CLIENT_CONFIRMATION_OK"
22250,10145556795,10145556831,1,"IOTHUB_CLIENT_CONFIRMATION_OK"
22251,10145556995,10145557037,1,"IOTHUB_CLIENT_CONFIRMATION_OK"
22252,10145557195,10145557246,1,"IOTHUB_CLIENT_CONFIRMATION_OK"
22253,10145557395,10145557429,1,"IOTHUB_CLIENT_CONFIRMATION_OK"
22254,10145557596,10145557663,1,"IOTHUB_CLIENT_CONFIRMATION_OK"
22255,10145557796,10145557874,1,"IOTHUB_CLIENT_CONFIRMATION_OK"
22256,10145557996,10145558025,1,"IOTHUB_CLIENT_CONFIRMATION_OK"
22257,10145558196,10145558400,1,"IOTHUB_CLIENT_CONFIRMATION_OK"
22258,10145558396,10145558432,1,"IOTHUB_CLIENT_CONFIRMATION_OK"
22259,10145558596,10145558636,1,"IOTHUB_CLIENT_CONFIRMATION_OK"
22260,10145558796,10145558832,1,"IOTHUB_CLIENT_CONFIRMATION_OK"
22261,10145558997,10145559037,1,"IOTHUB_CLIENT_CONFIRMATION_OK"
22262,10145559197,10145559231,1,"IOTHUB_CLIENT_CONFIRMATION_OK"
22263,10145559397,10145559437,1,"IOTHUB_CLIENT_CONFIRMATION_OK"
22264,10145559597,10145559629,1,"IOTHUB_CLIENT_CONFIRMATION_OK"
22265,10145559797,10145559829,1,"IOTHUB_CLIENT_CONFIRMATION_OK"
22266,10145559997,10145560035,1,"IOTHUB_CLIENT_CONFIRMATION_OK"
22267,10145560198,10145560231,1,"IOTHUB_CLIENT_CONFIRMATION_OK"
22268,10145560398,10145560436,1,"IOTHUB_CLIENT_CONFIRMATION_OK"
22269,10145560598,10145560628,1,"IOTHUB_CLIENT_CONFIRMATION_OK"
22270,10145560798,10145560834,1,"IOTHUB_CLIENT_CONFIRMATION_OK"
22271,10145560998,10145561042,1,"IOTHUB_CLIENT_CONFIRMATION_OK"
22272,10145561198,10145561230,1,"IOTHUB_CLIENT_CONFIRMATION_OK"
22273,10145561398,10145561460,1,"IOTHUB_CLIENT_CONFIRMATION_OK"
22274,10145561598,10145561630,1,"IOTHUB_CLIENT_CONFIRMATION_OK"
22275,10145561799,10145561839,1,"IOTHUB_CLIENT_CONFIRMATION_OK"
22276,10145561999,10145562071,1,"IOTHUB_CLIENT_CONFIRMATION_OK"
22277,10145562199,10145562236,1,"IOTHUB_CLIENT_CONFIRMATION_OK"
22278,10145562399,10145562434,1,"IOTHUB_CLIENT_CONFIRMATION_OK"
22279,10145562599,10145562634,1,"IOTHUB_CLIENT_CONFIRMATION_OK"
22280,10145562799,10145562837,1,"IOTHUB_CLIENT_CONFIRMATION_OK"
22281,10145563000,10145563100,1,"IOTHUB_CLIENT_CONFIRMATION_OK"
22282,10145563200,10145563231,1,"IOTHUB_CLIENT_CONFIRMATION_OK"
22283,10145563400,10145563444,1,"IOTHUB_CLIENT_CONFIRMATION_OK"
22284,10145563600,10145563728,1,"IOTHUB_CLIENT_CONFIRMATION_OK"
22285,10145563800,10145563834,1,"IOTHUB_CLIENT_CONFIRMATION_OK"
22286,10145564000,10145564038,1,"IOTHUB_CLIENT_CONFIRMATION_OK"
22287,10145564200,10145564236,1,"IOTHUB_CLIENT_CONFIRMATION_OK"
22288,10145564401,10145564447,1,"IOTHUB_CLIENT_CONFIRMATION_OK"
22289,10145564601,10145564721,1,"IOTHUB_CLIENT_CONFIRMATION_OK"
22290,10145564801,10145564844,1,"IOTHUB_CLIENT_CONFIRMATION_OK"
22291,10145565001,10145565042,1,"IOTHUB_CLIENT_CONFIRMATION_OK"
22292,10145565201,10145565329,1,"IOTHUB_CLIENT_CONFIRMATION_OK"
22293,10145565401,10145565439,1,"IOTHUB_CLIENT_CONFIRMATION_OK"
22294,10145565601,10145565637,1,"IOTHUB_CLIENT_CONFIRMATION_OK"
22295,10145565802,10145565839,1,"IOTHUB_CLIENT_CONFIRMATION_OK"
22296,10145566002,10145566037,1,"IOTHUB_CLIENT_CONFIRMATION_OK"
22297,10145566202,10145566342,1,"IOTHUB_CLIENT_CONFIRMATION_OK"
22298,10145566402,10145566444,1,"IOTHUB_CLIENT_CONFIRMATION_OK"
22299,10145566602,10145566634,1,"IOTHUB_CLIENT_CONFIRMATION_OK"
22300,10145566802,10145566838,1,"IOTHUB_CLIENT_CONFIRMATION_OK"
22301,10145567002,10145567050,1,"IOTHUB_CLIENT_CONFIRMATION_OK"
22302,10145567203,10145567234,1,"IOTHUB_CLIENT_CONFIRMATION_OK"
22303,10145567403,10145567452,1,"IOTHUB_CLIENT_CONFIRMATION_OK"
22304,10145567603,10145567636,1,"IOTHUB_CLIENT_CONFIRMATION_OK"
22305,10145567803,10145567983,1,"IOTHUB_CLIENT_CONFIRMATION_OK"
22306,10145568003,10145568051,1,"IOTHUB_CLIENT_CONFIRMATION_OK"
22307,10145568203,10145568252,1,"IOTHUB_CLIENT_CONFIRMATION_OK"
22308,10145568403,10145568440,1,"IOTHUB_CLIENT_CONFIRMATION_OK"
22309,10145568604,10145568644,1,"IOTHUB_CLIENT_CONFIRMATION_OK"
22310,10145568804,10145568854,1,"IOTHUB_CLIENT_CONFIRMATION_OK"
22311,10145569004,10145569090,1,"IOTHUB_CLIENT_CONFIRMATION_OK"
22312,10145569204,10145569236,1,"IOTHUB_CLIENT_CONFIRMATION_OK"
22313,10145569404,10145569475,1,"IOTHUB_CLIENT_CONFIRMATION_OK"
22314,10145569604,10145570196,1,"IOTHUB_CLIENT_CONFIRMATION_OK"
22315,10145569805,10145570441,1,"IOTHUB_CLIENT_CONFIRMATION_OK"
22316,10145570005,10145570485,1,"IOTHUB_CLIENT_CONFIRMATION_OK"
22317,10145570205,10145570549,1,"IOTHUB_CLIENT_CONFIRMATION_OK"
22318,10145570405,10145570707,1,"IOTHUB_CLIENT_CONFIRMATION_OK"
22319,10145570605,10145570735,1,"IOTHUB_CLIENT_CONFIRMATION_OK"
22320,10145570805,10145570843,1,"IOTHUB_CLIENT_CONFIRMATION_OK"
22321,10145571005,10145571042,1,"IOTHUB_CLIENT_CONFIRMATION_OK"
22322,10145571206,10145571250,1,"IOTHUB_CLIENT_CONFIRMATION_OK"
22323,10145571406,10145571438,1,"IOTHUB_CLIENT_CONFIRMATION_OK"
22324,10145571606,10145571718,1,"IOTHUB_CLIENT_CONFIRMATION_OK"
22325,10145571806,10145571841,1,"IOTHUB_CLIENT_CONFIRMATION_OK"
22326,10145572006,10145572058,1,"IOTHUB_CLIENT_CONFIRMATION_OK"
22327,10145572206,10145572237,1,"IOTHUB_CLIENT_CONFIRMATION_OK"
22328,10145572406,10145572442,1,"IOTHUB_CLIENT_CONFIRMATION_OK"
22329,10145572607,10145572637,1,"IOTHUB_CLIENT_CONFIRMATION_OK"
22330,10145572807,10145572841,1,"IOTHUB_CLIENT_CONFIRMATION_OK"
22331,10145573007,10145573045,1,"IOTHUB_CLIENT_CONFIRMATION_OK"
22332,10145573207,10145573344,1,"IOTHUB_CLIENT_CONFIRMATION_OK"
22333,10145573407,10145573440,1,"IOTHUB_CLIENT_CONFIRMATION_OK"
22334,10145573607,10145573644,1,"IOTHUB_CLIENT_CONFIRMATION_OK"
22335,10145573808,10145573937,1,"IOTHUB_CLIENT_CONFIRMATION_OK"
22336,10145574008,10145574044,1,"IOTHUB_CLIENT_CONFIRMATION_OK"
22337,10145574208,10145574245,1,"IOTHUB_CLIENT_CONFIRMATION_OK"
22338,10145574408,10145574455,1,"IOTHUB_CLIENT_CONFIRMATION_OK"
22339,10145574608,10145574646,1,"IOTHUB_CLIENT_CONFIRMATION_OK"
22340,10145574808,10145574975,1,"IOTHUB_CLIENT_CONFIRMATION_OK"
22341,10145575008,10145575046,1,"IOTHUB_CLIENT_CONFIRMATION_OK"
22342,10145575209,10145575244,1,"IOTHUB_CLIENT_CONFIRMATION_OK"
22343,10145575409,10145575449,1,"IOTHUB_CLIENT_CONFIRMATION_OK"
22344,10145575609,10145575642,1,"IOTHUB_CLIENT_CONFIRMATION_OK"
22345,10145575809,10145575851,1,"IOTHUB_CLIENT_CONFIRMATION_OK"
22346,10145576009,10145576051,1,"IOTHUB_CLIENT_CONFIRMATION_OK"
22347,10145576209,10145576253,1,"IOTHUB_CLIENT_CONFIRMATION_OK"
22348,10145576409,10145576609,1,"IOTHUB_CLIENT_CONFIRMATION_OK"
22349,10145576610,10145576659,1,"IOTHUB_CLIENT_CONFIRMATION_OK"
22350,10145576810,10145576857,1,"IOTHUB_CLIENT_CONFIRMATION_OK"
22351,10145577010,10145577050,1,"IOTHUB_CLIENT_CONFIRMATION_OK"
22352,10145577210,10145577252,1,"IOTHUB_CLIENT_CONFIRMATION_OK"
22353,10145577410,10145577447,1,"IOTHUB_CLIENT_CONFIRMATION_OK"
22354,10145577610,10145577644,1,"IOTHUB_CLIENT_CONFIRMATION_OK"
22355,10145577811,10145577841,1,"IOTHUB_CLIENT_CONFIRMATION_OK"
22356,10145578011,10145578048,1,"IOTHUB_CLIENT_CONFIRMATION_OK"
22357,10145578211,10145578244,1,"IOTHUB_CLIENT_CONFIRMATION_OK"
22358,10145578411,10145578448,1,"IOTHUB_CLIENT_CONFIRMATION_OK"
22359,10145578611,10145578651,1,"IOTHUB_CLIENT_CONFIRMATION_OK"
22360,10145578811,10145578855,1,"IOTHUB_CLIENT_CONFIRMATION_OK"
22361,10145579011,10145579055,1,"IOTHUB_CLIENT_CONFIRMATION_OK"
22362,10145579212,10145579261,1,"IOTHUB_CLIENT_CONFIRMATION_OK"
22363,10145579412,10145579448,1,"IOTHUB_CLIENT_CONFIRMATION_OK"
22364,10145579612,10145579651,1,"IOTHUB_CLIENT_CONFIRMATION_OK"
22365,10145579812,10145579848,1,"IOTHUB_CLIENT_CONFIRMATION_OK"
22366,10145580012,10145580084,1,"IOTHUB_CLIENT_CONFIRMATION_OK"
22367,10145580212,10145580265,1,"IOTHUB_CLIENT_CONFIRMATION_OK"
22368,10145580413,10145580450,1,"IOTHUB_CLIENT_CONFIRMATION_OK"
22369,10145580613,10145580666,1,"IOTHUB_CLIENT_CONFIRMATION_OK"
22370,10145580813,10145580867,1,"IOTHUB_CLIENT_CONFIRMATION_OK"
22371,10145581013,10145581077,1,"IOTHUB_CLIENT_CONFIRMATION_OK"
22372,10145581213,10145581284,1,"IOTHUB_CLIENT_CONFIRMATION_OK"
22373,10145581413,10145581451,1,"IOTHUB_CLIENT_CONFIRMATION_OK"
22374,10145581614,10145581648,1,"IOTHUB_CLIENT_CONFIRMATION_OK"
22375,10145581814,10145581897,1,"IOTHUB_CLIENT_CONFIRMATION_OK"
22376,10145582014,10145582056,1,"IOTHUB_CLIENT_CONFIRMATION_OK"
22377,10145582214,10145582248,1,"IOTHUB_CLIENT_CONFIRMATION_OK"
22378,10145582414,10145582494,1,"IOTHUB_CLIENT_CONFIRMATION_OK"
22379,10145582614,10145582650,1,"IOTHUB_CLIENT_CONFIRMATION_OK"
22380,10145582815,10145582895,1,"IOTHUB_CLIENT_CONFIRMATION_OK"
22381,10145583015,10145583048,1,"IOTHUB_CLIENT_CONFIRMATION_OK"
22382,10145583215,10145583381,1,"IOTHUB_CLIENT_CONFIRMATION_OK"
22383,10145583415,10145583450,1,"IOTHUB_CLIENT_CONFIRMATION_OK"
22384,10145583615,10145583648,1,"IOTHUB_CLIENT_CONFIRMATION_OK"
22385,10145583815,10145583849,1,"IOTHUB_CLIENT_CONFIRMATION_OK"
22386,10145584016,10145584063,1,"IOTHUB_CLIENT_CONFIRMATION_OK"
22387,10145584216,10145584253,1,"IOTHUB_CLIENT_CONFIRMATION_OK"
22388,10145584416,10145584654,1,"IOTHUB_CLIENT_CONFIRMATION_OK"
22389,10145584616,10145584671,1,"IOTHUB_CLIENT_CONFIRMATION_OK"
22390,10145584816,10145584849,1,"IOTHUB_CLIENT_CONFIRMATION_OK"
22391,10145585016,10145585058,1,"IOTHUB_CLIENT_CONFIRMATION_OK"
22392,10145585217,10145585249,1,"IOTHUB_CLIENT_CONFIRMATION_OK"
22393,10145585417,10145585451,1,"IOTHUB_CLIENT_CONFIRMATION_OK"
22394,10145585617,10145585671,1,"IOTHUB_CLIENT_CONFIRMATION_OK"
22395,10145585817,10145585851,1,"IOTHUB_CLIENT_CONFIRMATION_OK"
22396,10145586017,10145586049,1,"IOTHUB_CLIENT_CONFIRMATION_OK"
22397,10145586217,10145586249,1,"IOTHUB_CLIENT_CONFIRMATION_OK"
22398,10145586417,10145586472,1,"IOTHUB_CLIENT_CONFIRMATION_OK"
22399,10145586618,10145586659,1,"IOTHUB_CLIENT_CONFIRMATION_OK"
22400,10145586818,10145586849,1,"IOTHUB_CLIENT_CONFIRMATION_OK"
22401,10145587018,10145587050,1,"IOTHUB_CLIENT_CONFIRMATION_OK"
22402,10145587218,10145587275,1,"IOTHUB_CLIENT_CONFIRMATION_OK"
22403,10145587418,10145587480,1,"IOTHUB_CLIENT_CONFIRMATION_OK"
22404,10145587618,10145587653,1,"IOTHUB_CLIENT_CONFIRMATION_OK"
22405,10145587819,10145587865,1,"IOTHUB_CLIENT_CONFIRMATION_OK"
22406,10145588019,10145588059,1,"IOTHUB_CLIENT_CONFIRMATION_OK"
22407,10145588219,10145588286,1,"IOTHUB_CLIENT_CONFIRMATION_OK"
22408,10145588419,10145588516,1,"IOTHUB_CLIENT_CONFIRMATION_OK"
22409,10145588619,10145588674,1,"IOTHUB_CLIENT_CONFIRMATION_OK"
22410,10145588819,10145588890,1,"IOTHUB_CLIENT_CONFIRMATION_OK"
22411,10145589020,10145589053,1,"IOTHUB_CLIENT_CONFIRMATION_OK"
22412,10145589220,10145589273,1,"IOTHUB_CLIENT_CONFIRMATION_OK"
22413,10145589420,10145589449,1,"IOTHUB_CLIENT_CONFIRMATION_OK"
22414,10145589620,10145589652,1,"IOTHUB_CLIENT_CONFIRMATION_OK"
22415,10145589820,10145589979,1,"IOTHUB_CLIENT_CONFIRMATION_OK"
22416,10145590020,10145590059,1,"IOTHUB_CLIENT_CONFIRMATION_OK"
22417,10145590220,10145590268,1,"IOTHUB_CLIENT_CONFIRMATION_OK"
22418,10145590421,10145590465,1,"IOTHUB_CLIENT_CONFIRMATION_OK"
22419,10145590621,10145590652,1,"IOTHUB_CLIENT_CONFIRMATION_OK"
22420,10145590821,10145590863,1,"IOTHUB_CLIENT_CONFIRMATION_OK"
22421,10145591021,10145591061,1,"IOTHUB_CLIENT_CONFIRMATION_OK"
22422,10145591221,10145591262,1,"IOTHUB_CLIENT_CONFIRMATION_OK"
22423,10145591421,10145591485,1,"IOTHUB_CLIENT_CONFIRMATION_OK"
22424,10145591622,10145591656,1,"IOTHUB_CLIENT_CONFIRMATION_OK"
22425,10145591822,10145591856,1,"IOTHUB_CLIENT_CONFIRMATION_OK"
22426,10145592022,10145592071,1,"IOTHUB_CLIENT_CONFIRMATION_OK"
22427,10145592222,10145592254,1,"IOTHUB_CLIENT_CONFIRMATION_OK"
22428,10145592422,10145592452,1,"IOTHUB_CLIENT_CONFIRMATION_OK"
22429,10145592622,10145592695,1,"IOTHUB_CLIENT_CONFIRMATION_OK"
22430,10145592823,10145592856,1,"IOTHUB_CLIENT_CONFIRMATION_OK"
22431,10145593023,10145593095,1,"IOTHUB_CLIENT_CONFIRMATION_OK"
22432,10145593223,10145593255,1,"IOTHUB_CLIENT_CONFIRMATION_OK"
22433,10145593423,10145593457,1,"IOTHUB_CLIENT_CONFIRMATION_OK"
22434,10145593623,10145593700,1,"IOTHUB_CLIENT_CONFIRMATION_OK"
22435,10145593823,10145593857,1,"IOTHUB_CLIENT_CONFIRMATION_OK"
22436,10145594023,10145594061,1,"IOTHUB_CLIENT_CONFIRMATION_OK"
22437,10145594224,10145594255,1,"IOTHUB_CLIENT_CONFIRMATION_OK"
22438,10145594424,10145594457,1,"IOTHUB_CLIENT_CONFIRMATION_OK"
22439,10145594624,10145594703,1,"IOTHUB_CLIENT_CONFIRMATION_OK"
22440,10145594824,10145594860,1,"IOTHUB_CLIENT_CONFIRMATION_OK"
22441,10145595024,10145595061,1,"IOTHUB_CLIENT_CONFIRMATION_OK"
22442,10145595224,10145595316,1,"IOTHUB_CLIENT_CONFIRMATION_OK"
22443,10145595425,10145595457,1,"IOTHUB_CLIENT_CONFIRMATION_OK"
22444,10145595625,10145595660,1,"IOTHUB_CLIENT_CONFIRMATION_OK"
22445,10145595825,10145595858,1,"IOTHUB_CLIENT_CONFIRMATION_OK"
22446,10145596025,10145596059,1,"IOTHUB_CLIENT_CONFIRMATION_OK"
22447,10145596225,10145596337,1,"IOTHUB_CLIENT_CONFIRMATION_OK"
22448,10145596425,10145596458,1,"IOTHUB_CLIENT_CONFIRMATION_OK"
22449,10145596626,10145596656,1,"IOTHUB_CLIENT_CONFIRMATION_OK"
22450,10145596826,10145596953,1,"IOTHUB_CLIENT_CONFIRMATION_OK"
22451,10145597026,10145597058,1,"IOTHUB_CLIENT_CONFIRMATION_OK"
22452,10145597226,10145597260,1,"IOTHUB_CLIENT_CONFIRMATION_OK"
22453,10145597426,10145597465,1,"IOTHUB_CLIENT_CONFIRMATION_OK"
22454,10145597626,10145597658,1,"IOTHUB_CLIENT_CONFIRMATION_OK"
22455,10145597826,10145597972,1,"IOTHUB_CLIENT_CONFIRMATION_OK"
22456,10145598027,10145598064,1,"IOTHUB_CLIENT_CONFIRMATION_OK"
22457,10145598227,10145598256,1,"IOTHUB_CLIENT_CONFIRMATION_OK"
22458,10145598427,10145598578,1,"IOTHUB_CLIENT_CONFIRMATION_OK"
22459,10145598627,10145598660,1,"IOTHUB_CLIENT_CONFIRMATION_OK"
22460,10145598827,10145598861,1,"IOTHUB_CLIENT_CONFIRMATION_OK"
22461,10145599027,10145599069,1,"IOTHUB_CLIENT_CONFIRMATION_OK"
22462,10145599228,10145599260,1,"IOTHUB_CLIENT_CONFIRMATION_OK"
22463,10145599428,10145599570,1,"IOTHUB_CLIENT_CONFIRMATION_OK"
22464,10145599628,10145599676,1,"IOTHUB_CLIENT_CONFIRMATION_OK"
22465,10145599828,10145599865,1,"IOTHUB_CLIENT_CONFIRMATION_OK"
22466,10145600028,10145600199,1,"IOTHUB_CLIENT_CONFIRMATION_OK"
22467,10145600228,10145600262,1,"IOTHUB_CLIENT_CONFIRMATION_OK"
22468,10145600429,10145600461,1,"IOTHUB_CLIENT_CONFIRMATION_OK"
22469,10145600629,10145600668,1,"IOTHUB_CLIENT_CONFIRMATION_OK"
22470,10145600829,10145600861,1,"IOTHUB_CLIENT_CONFIRMATION_OK"
22471,10145601029,10145601065,1,"IOTHUB_CLIENT_CONFIRMATION_OK"
22472,10145601229,10145601267,1,"IOTHUB_CLIENT_CONFIRMATION_OK"
22473,10145601429,10145601460,1,"IOTHUB_CLIENT_CONFIRMATION_OK"
22474,10145601630,10145601661,1,"IOTHUB_CLIENT_CONFIRMATION_OK"
22475,10145601830,10145601877,1,"IOTHUB_CLIENT_CONFIRMATION_OK"
22476,10145602030,10145602064,1,"IOTHUB_CLIENT_CONFIRMATION_OK"
22477,10145602230,10145602281,1,"IOTHUB_CLIENT_CONFIRMATION_OK"
22478,10145602430,10145602471,1,"IOTHUB_CLIENT_CONFIRMATION_OK"
22479,10145602630,10145602668,1,"IOTHUB_CLIENT_CONFIRMATION_OK"
22480,10145602830,10145602866,1,"IOTHUB_CLIENT_CONFIRMATION_OK"
22481,10145603031,10145603062,1,"IOTHUB_CLIENT_CONFIRMATION_OK"
22482,10145603231,10145603267,1,"IOTHUB_CLIENT_CONFIRMATION_OK"
22483,10145603431,10145603465,1,"IOTHUB_CLIENT_CONFIRMATION_OK"
22484,10145603631,10145603661,1,"IOTHUB_CLIENT_CONFIRMATION_OK"
22485,10145603831,10145603875,1,"IOTHUB_CLIENT_CONFIRMATION_OK"
22486,10145604031,10145604066,1,"IOTHUB_CLIENT_CONFIRMATION_OK"
22487,10145604232,10145604265,1,"IOTHUB_CLIENT_CONFIRMATION_OK"
22488,10145604432,10145604470,1,"IOTHUB_CLIENT_CONFIRMATION_OK"
22489,10145604632,10145604676,1,"IOTHUB_CLIENT_CONFIRMATION_OK"
22490,10145604832,10145604867,1,"IOTHUB_CLIENT_CONFIRMATION_OK"
22491,10145605032,10145605066,1,"IOTHUB_CLIENT_CONFIRMATION_OK"
22492,10145605232,10145605267,1,"IOTHUB_CLIENT_CONFIRMATION_OK"
22493,10145605433,10145605480,1,"IOTHUB_CLIENT_CONFIRMATION_OK"
22494,10145605633,10145605664,1,"IOTHUB_CLIENT_CONFIRMATION_OK"
22495,10145605833,10145605864,1,"IOTHUB_CLIENT_CONFIRMATION_OK"
22496,10145606033,10145606098,1,"IOTHUB_CLIENT_CONFIRMATION_OK"
22497,10145606233,10145606298,1,"IOTHUB_CLIENT_CONFIRMATION_OK"
22498,10145606433,10145606504,1,"IOTHUB_CLIENT_CONFIRMATION_OK"
22499,10145606634,10145606666,1,"IOTHUB_CLIENT_CONFIRMATION_OK"
22500,10145606834,10145606869,1,"IOTHUB_CLIENT_CONFIRMATION_OK"
22501,10145607034,10145607130,1,"IOTHUB_CLIENT_CONFIRMATION_OK"
22502,10145607234,10145607271,1,"IOTHUB_CLIENT_CONFIRMATION_OK"
22503,10145607434,10145607466,1,"IOTHUB_CLIENT_CONFIRMATION_OK"
22504,10145607634,10145607662,1,"IOTHUB_CLIENT_CONFIRMATION_OK"
22505,10145607834,10145607898,1,"IOTHUB_CLIENT_CONFIRMATION_OK"
22506,10145608035,10145608133,1,"IOTHUB_CLIENT_CONFIRMATION_OK"
22507,10145608235,10145608269,1,"IOTHUB_CLIENT_CONFIRMATION_OK"
22508,10145608435,10145608572,1,"IOTHUB_CLIENT_CONFIRMATION_OK"
22509,10145608635,10145608760,1,"IOTHUB_CLIENT_CONFIRMATION_OK"
22510,10145608835,10145608868,1,"IOTHUB_CLIENT_CONFIRMATION_OK"
22511,10145609035,10145609070,1,"IOTHUB_CLIENT_CONFIRMATION_OK"
22512,10145609236,10145609280,1,"IOTHUB_CLIENT_CONFIRMATION_OK"
22513,10145609436,10145609468,1,"IOTHUB_CLIENT_CONFIRMATION_OK"
22514,10145609636,10145609768,1,"IOTHUB_CLIENT_CONFIRMATION_OK"
22515,10145609836,10145609871,1,"IOTHUB_CLIENT_CONFIRMATION_OK"
22516,10145610036,10145610071,1,"IOTHUB_CLIENT_CONFIRMATION_OK"
22517,10145610236,10145610379,1,"IOTHUB_CLIENT_CONFIRMATION_OK"
22518,10145610436,10145610466,1,"IOTHUB_CLIENT_CONFIRMATION_OK"
22519,10145610637,10145610678,1,"IOTHUB_CLIENT_CONFIRMATION_OK"
22520,10145610837,10145610867,1,"IOTHUB_CLIENT_CONFIRMATION_OK"
22521,10145611037,10145611068,1,"IOTHUB_CLIENT_CONFIRMATION_OK"
22522,10145611237,10145611406,1,"IOTHUB_CLIENT_CONFIRMATION_OK"
22523,10145611437,10145611473,1,"IOTHUB_CLIENT_CONFIRMATION_OK"
22524,10145611637,10145611670,1,"IOTHUB_CLIENT_CONFIRMATION_OK"
22525,10145611838,10145611878,1,"IOTHUB_CLIENT_CONFIRMATION_OK"
22526,10145612038,10145612076,1,"IOTHUB_CLIENT_CONFIRMATION_OK"
22527,10145612238,10145612267,1,"IOTHUB_CLIENT_CONFIRMATION_OK"
22528,10145612438,10145612472,1,"IOTHUB_CLIENT_CONFIRMATION_OK"
22529,10145612638,10145612674,1,"IOTHUB_CLIENT_CONFIRMATION_OK"
22530,10145612838,10145613040,1,"IOTHUB_CLIENT_CONFIRMATION_OK"
22531,10145613038,10145613075,1,"IOTHUB_CLIENT_CONFIRMATION_OK"
22532,10145613239,10145613270,1,"IOTHUB_CLIENT_CONFIRMATION_OK"
22533,10145613439,10145613479,1,"IOTHUB_CLIENT_CONFIRMATION_OK"
22534,10145613639,10145613721,1,"IOTHUB_CLIENT_CONFIRMATION_OK"
22535,10145613839,10145613888,1,"IOTHUB_CLIENT_CONFIRMATION_OK"
22536,10145614039,10145614133,1,"IOTHUB_CLIENT_CONFIRMATION_OK"
22537,10145614239,10145614283,1,"IOTHUB_CLIENT_CONFIRMATION_OK"
22538,10145614440,10145614537,1,"IOTHUB_CLIENT_CONFIRMATION_OK"
22539,10145614640,10145614675,1,"IOTHUB_CLIENT_CONFIRMATION_OK"
22540,10145614840,10145614879,1,"IOTHUB_CLIENT_CONFIRMATION_OK"
22541,10145615040,10145615169,1,"IOTHUB_CLIENT_CONFIRMATION_OK"
22542,10145615240,10145615271,1,"IOTHUB_CLIENT_CONFIRMATION_OK"
22543,10145615440,10145615471,1,"IOTHUB_CLIENT_CONFIRMATION_OK"
22544,10145615641,10145615670,1,"IOTHUB_CLIENT_CONFIRMATION_OK"
22545,10145615841,10145615879,1,"IOTHUB_CLIENT_CONFIRMATION_OK"
22546,10145616041,10145616075,1,"IOTHUB_CLIENT_CONFIRMATION_OK"
22547,10145616241,10145616272,1,"IOTHUB_CLIENT_CONFIRMATION_OK"
22548,10145616441,10145616476,1,"IOTHUB_CLIENT_CONFIRMATION_OK"
22549,10145616641,10145616787,1,"IOTHUB_CLIENT_CONFIRMATION_OK"
22550,10145616842,10145616876,1,"IOTHUB_CLIENT_CONFIRMATION_OK"
22551,10145617042,10145617077,1,"IOTHUB_CLIENT_CONFIRMATION_OK"
22552,10145617242,10145617280,1,"IOTHUB_CLIENT_CONFIRMATION_OK"
22553,10145617442,10145617481,1,"IOTHUB_CLIENT_CONFIRMATION_OK"
22554,10145617642,10145617692,1,"IOTHUB_CLIENT_CONFIRMATION_OK"
22555,10145617842,10145617938,1,"IOTHUB_CLIENT_CONFIRMATION_OK"
22556,10145618042,10145618076,1,"IOTHUB_CLIENT_CONFIRMATION_OK"
22557,10145618243,10145618340,1,"IOTHUB_CLIENT_CONFIRMATION_OK"
22558,10145618443,10145618475,1,"IOTHUB_CLIENT_CONFIRMATION_OK"
22559,10145618643,10145618675,1,"IOTHUB_CLIENT_CONFIRMATION_OK"
22560,10145618843,10145618965,1,"IOTHUB_CLIENT_CONFIRMATION_OK"
22561,10145619043,10145619081,1,"IOTHUB_CLIENT_CONFIRMATION_OK"
22562,10145619243,10145619284,1,"IOTHUB_CLIENT_CONFIRMATION_OK"
22563,10145619444,10145619494,1,"IOTHUB_CLIENT_CONFIRMATION_OK"
22564,10145619644,10145619674,1,"IOTHUB_CLIENT_CONFIRMATION_OK"
22565,10145619844,10145620005,1,"IOTHUB_CLIENT_CONFIRMATION_OK"
22566,10145620044,10145620100,1,"IOTHUB_CLIENT_CONFIRMATION_OK"
22567,10145620244,10145620286,1,"IOTHUB_CLIENT_CONFIRMATION_OK"
22568,10145620444,10145620477,1,"IOTHUB_CLIENT_CONFIRMATION_OK"
22569,10145620645,10145620677,1,"IOTHUB_CLIENT_CONFIRMATION_OK"
22570,10145620845,10145620877,1,"IOTHUB_CLIENT_CONFIRMATION_OK"
22571,10145621045,10145621077,1,"IOTHUB_CLIENT_CONFIRMATION_OK"
22572,10145621245,10145621277,1,"IOTHUB_CLIENT_CONFIRMATION_OK"
22573,10145621445,10145621630,1,"IOTHUB_CLIENT_CONFIRMATION_OK"
22574,10145621645,10145621679,1,"IOTHUB_CLIENT_CONFIRMATION_OK"
22575,10145621846,10145621886,1,"IOTHUB_CLIENT_CONFIRMATION_OK"
22576,10145622046,10145622113,1,"IOTHUB_CLIENT_CONFIRMATION_OK"
22577,10145622246,10145622281,1,"IOTHUB_CLIENT_CONFIRMATION_OK"
22578,10145622446,10145622479,1,"IOTHUB_CLIENT_CONFIRMATION_OK"
22579,10145622646,10145622681,1,"IOTHUB_CLIENT_CONFIRMATION_OK"
22580,10145622846,10145622891,1,"IOTHUB_CLIENT_CONFIRMATION_OK"
22581,10145623046,10145623236,1,"IOTHUB_CLIENT_CONFIRMATION_OK"
22582,10145623247,10145623287,1,"IOTHUB_CLIENT_CONFIRMATION_OK"
22583,10145623447,10145623486,1,"IOTHUB_CLIENT_CONFIRMATION_OK"
22584,10145623647,10145623688,1,"IOTHUB_CLIENT_CONFIRMATION_OK"
22585,10145623847,10145623911,1,"IOTHUB_CLIENT_CONFIRMATION_OK"
22586,10145624047,10145624087,1,"IOTHUB_CLIENT_CONFIRMATION_OK"
22587,10145624247,10145624285,1,"IOTHUB_CLIENT_CONFIRMATION_OK"
22588,10145624448,10145624478,1,"IOTHUB_CLIENT_CONFIRMATION_OK"
22589,10145624648,10145624685,1,"IOTHUB_CLIENT_CONFIRMATION_OK"
22590,10145624848,10145624879,1,"IOTHUB_CLIENT_CONFIRMATION_OK"
22591,10145625048,10145625084,1,"IOTHUB_CLIENT_CONFIRMATION_OK"
22592,10145625248,10145625293,1,"IOTHUB_CLIENT_CONFIRMATION_OK"
22593,10145625448,10145625481,1,"IOTHUB_CLIENT_CONFIRMATION_OK"
22594,10145625649,10145625685,1,"IOTHUB_CLIENT_CONFIRMATION_OK"
22595,10145625849,10145625903,1,"IOTHUB_CLIENT_CONFIRMATION_OK"
22596,10145626049,10145626084,1,"IOTHUB_CLIENT_CONFIRMATION_OK"
22597,10145626249,10145626312,1,"IOTHUB_CLIENT_CONFIRMATION_OK"
22598,10145626449,10145626485,1,"IOTHUB_CLIENT_CONFIRMATION_OK"
22599,10145626649,10145626716,1,"IOTHUB_CLIENT_CONFIRMATION_OK"
22600,10145626849,10145626932,1,"IOTHUB_CLIENT_CONFIRMATION_OK"
22601,10145627050,10145627082,1,"IOTHUB_CLIENT_CONFIRMATION_OK"
22602,10145627250,10145627281,1,"IOTHUB_CLIENT_CONFIRMATION_OK"
22603,10145627450,10145627538,1,"IOTHUB_CLIENT_CONFIRMATION_OK"
22604,10145627650,10145627681,1,"IOTHUB_CLIENT_CONFIRMATION_OK"
22605,10145627850,10145627959,1,"IOTHUB_CLIENT_CONFIRMATION_OK"
22606,10145628050,10145628102,1,"IOTHUB_CLIENT_CONFIRMATION_OK"
22607,10145628251,10145628295,1,"IOTHUB_CLIENT_CONFIRMATION_OK"
22608,10145628451,10145628585,1,"IOTHUB_CLIENT_CONFIRMATION_OK"
22609,10145628651,10145628687,1,"IOTHUB_CLIENT_CONFIRMATION_OK"
22610,10145628851,10145628890,1,"IOTHUB_CLIENT_CONFIRMATION_OK"
22611,10145629051,10145629086,1,"IOTHUB_CLIENT_CONFIRMATION_OK"
22612,10145629251,10145629285,1,"IOTHUB_CLIENT_CONFIRMATION_OK"
22613,10145629452,10145629570,1,"IOTHUB_CLIENT_CONFIRMATION_OK"
22614,10145629652,10145629684,1,"IOTHUB_CLIENT_CONFIRMATION_OK"
22615,10145629852,10145629898,1,"IOTHUB_CLIENT_CONFIRMATION_OK"
22616,10145630052,10145630196,1,"IOTHUB_CLIENT_CONFIRMATION_OK"
22617,10145630252,10145630292,1,"IOTHUB_CLIENT_CONFIRMATION_OK"
22618,10145630452,10145630489,1,"IOTHUB_CLIENT_CONFIRMATION_OK"
22619,10145630652,10145630693,1,"IOTHUB_CLIENT_CONFIRMATION_OK"
22620,10145630853,10145630883,1,"IOTHUB_CLIENT_CONFIRMATION_OK"
22621,10145631053,10145631095,1,"IOTHUB_CLIENT_CONFIRMATION_OK"
22622,10145631253,10145631298,1,"IOTHUB_CLIENT_CONFIRMATION_OK"
22623,10145631453,10145631482,1,"IOTHUB_CLIENT_CONFIRMATION_OK"
22624,10145631653,10145631818,1,"IOTHUB_CLIENT_CONFIRMATION_OK"
22625,10145631853,10145631884,1,"IOTHUB_CLIENT_CONFIRMATION_OK"
22626,10145632054,10145632085,1,"IOTHUB_CLIENT_CONFIRMATION_OK"
22627,10145632254,10145632290,1,"IOTHUB_CLIENT_CONFIRMATION_OK"
22628,10145632454,10145632485,1,"IOTHUB_CLIENT_CONFIRMATION_OK"
22629,10145632654,10145632686,1,"IOTHUB_CLIENT_CONFIRMATION_OK"
22630,10145632854,10145632892,1,"IOTHUB_CLIENT_CONFIRMATION_OK"
22631,10145633054,10145633089,1,"IOTHUB_CLIENT_CONFIRMATION_OK"
22632,10145633255,10145633295,1,"IOTHUB_CLIENT_CONFIRMATION_OK"
22633,10145633455,10145633485,1,"IOTHUB_CLIENT_CONFIRMATION_OK"
22634,10145633655,10145633687,1,"IOTHUB_CLIENT_CONFIRMATION_OK"
22635,10145633855,10145633888,1,"IOTHUB_CLIENT_CONFIRMATION_OK"
22636,10145634055,10145634101,1,"IOTHUB_CLIENT_CONFIRMATION_OK"
22637,10145634255,10145634299,1,"IOTHUB_CLIENT_CONFIRMATION_OK"
22638,10145634455,10145634492,1,"IOTHUB_CLIENT_CONFIRMATION_OK"
22639,10145634656,10145634689,1,"IOTHUB_CLIENT_CONFIRMATION_OK"
22640,10145634856,10145634901,1,"IOTHUB_CLIENT_CONFIRMATION_OK"
22641,10145635056,10145635099,1,"IOTHUB_CLIENT_CONFIRMATION_OK"
22642,10145635256,10145635290,1,"IOTHUB_CLIENT_CONFIRMATION_OK"
22643,10145635456,10145635492,1,"IOTHUB_CLIENT_CONFIRMATION_OK"
22644,10145635657,10145635695,1,"IOTHUB_CLIENT_CONFIRMATION_OK"
22645,10145635857,10145635904,1,"IOTHUB_CLIENT_CONFIRMATION_OK"
22646,10145636057,10145636139,1,"IOTHUB_CLIENT_CONFIRMATION_OK"
22647,10145636257,10145636291,1,"IOTHUB_CLIENT_CONFIRMATION_OK"
22648,10145636457,10145636519,1,"IOTHUB_CLIENT_CONFIRMATION_OK"
22649,10145636657,10145636690,1,"IOTHUB_CLIENT_CONFIRMATION_OK"
22650,10145636858,10145636896,1,"IOTHUB_CLIENT_CONFIRMATION_OK"
22651,10145637058,10145637139,1,"IOTHUB_CLIENT_CONFIRMATION_OK"
22652,10145637258,10145637289,1,"IOTHUB_CLIENT_CONFIRMATION_OK"
22653,10145637458,10145637494,1,"IOTHUB_CLIENT_CONFIRMATION_OK"
22654,10145637658,10145637688,1,"IOTHUB_CLIENT_CONFIRMATION_OK"
22655,10145637858,10145637901,1,"IOTHUB_CLIENT_CONFIRMATION_OK"
22656,10145638059,10145638142,1,"IOTHUB_CLIENT_CONFIRMATION_OK"
22657,10145638259,10145638348,1,"IOTHUB_CLIENT_CONFIRMATION_OK"
22658,10145638459,10145638493,1,"IOTHUB_CLIENT_CONFIRMATION_OK"
22659,10145638659,10145638781,1,"IOTHUB_CLIENT_CONFIRMATION_OK"
22660,10145638859,10145638900,1,"IOTHUB_CLIENT_CONFIRMATION_OK"
22661,10145639059,10145639094,1,"IOTHUB_CLIENT_CONFIRMATION_OK"
22662,10145639260,10145639294,1,"IOTHUB_CLIENT_CONFIRMATION_OK"
22663,10145639460,10145639495,1,"IOTHUB_CLIENT_CONFIRMATION_OK"
22664,10145639660,10145639839,1,"IOTHUB_CLIENT_CONFIRMATION_OK"
22665,10145639860,10145639906,1,"IOTHUB_CLIENT_CONFIRMATION_OK"
22666,10145640060,10145640092,1,"IOTHUB_CLIENT_CONFIRMATION_OK"
22667,10145640260,10145640291,1,"IOTHUB_CLIENT_CONFIRMATION_OK"
22668,10145640460,10145640504,1,"IOTHUB_CLIENT_CONFIRMATION_OK"
22669,10145640661,10145640691,1,"IOTHUB_CLIENT_CONFIRMATION_OK"
22670,10145640861,10145640907,1,"IOTHUB_CLIENT_CONFIRMATION_OK"
22671,10145641061,10145641096,1,"IOTHUB_CLIENT_CONFIRMATION_OK"
22672,10145641261,10145641421,1,"IOTHUB_CLIENT_CONFIRMATION_OK"
22673,10145641461,10145641501,1,"IOTHUB_CLIENT_CONFIRMATION_OK"
22674,10145641661,10145641696,1,"IOTHUB_CLIENT_CONFIRMATION_OK"
22675,10145641862,10145641891,1,"IOTHUB_CLIENT_CONFIRMATION_OK"
22676,10145642062,10145642099,1,"IOTHUB_CLIENT_CONFIRMATION_OK"
22677,10145642262,10145642292,1,"IOTHUB_CLIENT_CONFIRMATION_OK"
22678,10145642462,10145642491,1,"IOTHUB_CLIENT_CONFIRMATION_OK"
22679,10145642662,10145642693,1,"IOTHUB_CLIENT_CONFIRMATION_OK"
22680,10145642862,10145643102,1,"IOTHUB_CLIENT_CONFIRMATION_OK"
22681,10145643062,10145643116,1,"IOTHUB_CLIENT_CONFIRMATION_OK"
22682,10145643263,10145643296,1,"IOTHUB_CLIENT_CONFIRMATION_OK"
22683,10145643463,10145643530,1,"IOTHUB_CLIENT_CONFIRMATION_OK"
22684,10145643663,10145643697,1,"IOTHUB_CLIENT_CONFIRMATION_OK"
22685,10145643863,10145643893,1,"IOTHUB_CLIENT_CONFIRMATION_OK"
22686,10145644063,10145644104,1,"IOTHUB_CLIENT_CONFIRMATION_OK"
22687,10145644263,10145644306,1,"IOTHUB_CLIENT_CONFIRMATION_OK"
22688,10145644464,10145644670,1,"IOTHUB_CLIENT_CONFIRMATION_OK"
22689,10145644664,10145644697,1,"IOTHUB_CLIENT_CONFIRMATION_OK"
22690,10145644864,10145644900,1,"IOTHUB_CLIENT_CONFIRMATION_OK"
22691,10145645064,10145645098,1,"IOTHUB_CLIENT_CONFIRMATION_OK"
22692,10145645264,10145645307,1,"IOTHUB_CLIENT_CONFIRMATION_OK"
22693,10145645464,10145645498,1,"IOTHUB_CLIENT_CONFIRMATION_OK"
22694,10145645665,10145645703,1,"IOTHUB_CLIENT_CONFIRMATION_OK"
22695,10145645865,10145645894,1,"IOTHUB_CLIENT_CONFIRMATION_OK"
22696,10145646065,10145646107,1,"IOTHUB_CLIENT_CONFIRMATION_OK"
22697,10145646265,10145646313,1,"IOTHUB_CLIENT_CONFIRMATION_OK"
22698,10145646465,10145646505,1,"IOTHUB_CLIENT_CONFIRMATION_OK"
22699,10145646665,10145646721,1,"IOTHUB_CLIENT_CONFIRMATION_OK"
22700,10145646865,10145646904,1,"IOTHUB_CLIENT_CONFIRMATION_OK"
22701,10145647066,10145647101,1,"IOTHUB_CLIENT_CONFIRMATION_OK"
22702,10145647266,10145647478,1,"IOTHUB_CLIENT_CONFIRMATION_OK"
22703,10145647466,10145647505,1,"IOTHUB_CLIENT_CONFIRMATION_OK"
22704,10145647666,10145647698,1,"IOTHUB_CLIENT_CONFIRMATION_OK"
22705,10145647866,10145647899,1,"IOTHUB_CLIENT_CONFIRMATION_OK"
22706,10145648066,10145648101,1,"IOTHUB_CLIENT_CONFIRMATION_OK"
22707,10145648267,10145648375,1,"IOTHUB_CLIENT_CONFIRMATION_OK"
22708,10145648467,10145648501,1,"IOTHUB_CLIENT_CONFIRMATION_OK"
22709,10145648667,10145648712,1,"IOTHUB_CLIENT_CONFIRMATION_OK"
22710,10145648867,10145648979,1,"IOTHUB_CLIENT_CONFIRMATION_OK"
22711,10145649067,10145649103,1,"IOTHUB_CLIENT_CONFIRMATION_OK"
22712,10145649267,10145649309,1,"IOTHUB_CLIENT_CONFIRMATION_OK"
22713,10145649467,10145649501,1,"IOTHUB_CLIENT_CONFIRMATION_OK"
22714,10145649668,10145649699,1,"IOTHUB_CLIENT_CONFIRMATION_OK"
22715,10145649868,10145650011,1,"IOTHUB_CLIENT_CONFIRMATION_OK"
22716,10145650068,10145650097,1,"IOTHUB_CLIENT_CONFIRMATION_OK"
22717,10145650268,10145650297,1,"IOTHUB_CLIENT_CONFIRMATION_OK"
22718,10145650468,10145650506,1,"IOTHUB_CLIENT_CONFIRMATION_OK"
22719,10145650668,10145650708,1,"IOTHUB_CLIENT_CONFIRMATION_OK"
22720,10145650869,10145650907,1,"IOTHUB_CLIENT_CONFIRMATION_OK"
22721,10145651069,10145651101,1,"IOTHUB_CLIENT_CONFIRMATION_OK"
22722,10145651269,10145651301,1,"IOTHUB_CLIENT_CONFIRMATION_OK"
22723,10145651469,10145651631,1,"IOTHUB_CLIENT_CONFIRMATION_OK"
22724,10145651669,10145651698,1,"IOTHUB_CLIENT_CONFIRMATION_OK"
22725,10145651869,10145651899,1,"IOTHUB_CLIENT_CONFIRMATION_OK"
22726,10145652070,10145652105,1,"IOTHUB_CLIENT_CONFIRMATION_OK"
22727,10145652270,10145652385,1,"IOTHUB_CLIENT_CONFIRMATION_OK"
22728,10145652470,10145652501,1,"IOTHUB_CLIENT_CONFIRMATION_OK"
22729,10145652670,10145652720,1,"IOTHUB_CLIENT_CONFIRMATION_OK"
22730,10145652870,10145652903,1,"IOTHUB_CLIENT_CONFIRMATION_OK"
22731,10145653070,10145653265,1,"IOTHUB_CLIENT_CONFIRMATION_OK"
22732,10145653270,10145653327,1,"IOTHUB_CLIENT_CONFIRMATION_OK"
22733,10145653471,10145653502,1,"IOTHUB_CLIENT_CONFIRMATION_OK"
22734,10145653671,10145653702,1,"IOTHUB_CLIENT_CONFIRMATION_OK"
22735,10145653871,10145653905,1,"IOTHUB_CLIENT_CONFIRMATION_OK"
22736,10145654071,10145654116,1,"IOTHUB_CLIENT_CONFIRMATION_OK"
22737,10145654271,10145654309,1,"IOTHUB_CLIENT_CONFIRMATION_OK"
22738,10145654471,10145654537,1,"IOTHUB_CLIENT_CONFIRMATION_OK"
22739,10145654672,10145654702,1,"IOTHUB_CLIENT_CONFIRMATION_OK"
22740,10145654872,10145654911,1,"IOTHUB_CLIENT_CONFIRMATION_OK"
22741,10145655072,10145655105,1,"IOTHUB_CLIENT_CONFIRMATION_OK"
22742,10145655272,10145655371,1,"IOTHUB_CLIENT_CONFIRMATION_OK"
22743,10145655472,10145655517,1,"IOTHUB_CLIENT_CONFIRMATION_OK"
22744,10145655672,10145655703,1,"IOTHUB_CLIENT_CONFIRMATION_OK"
22745,10145655873,10145655906,1,"IOTHUB_CLIENT_CONFIRMATION_OK"
22746,10145656073,10145656112,1,"IOTHUB_CLIENT_CONFIRMATION_OK"
22747,10145656273,10145656367,1,"IOTHUB_CLIENT_CONFIRMATION_OK"
22748,10145656473,10145656503,1,"IOTHUB_CLIENT_CONFIRMATION_OK"
22749,10145656673,10145656705,1,"IOTHUB_CLIENT_CONFIRMATION_OK"
22750,10145656873,10145657071,1,"IOTHUB_CLIENT_CONFIRMATION_OK"
22751,10145657074,10145657113,1,"IOTHUB_CLIENT_CONFIRMATION_OK"
22752,10145657274,10145657313,1,"IOTHUB_CLIENT_CONFIRMATION_OK"
22753,10145657474,10145657525,1,"IOTHUB_CLIENT_CONFIRMATION_OK"
22754,10145657674,10145657704,1,"IOTHUB_CLIENT_CONFIRMATION_OK"
22755,10145657874,10145658095,1,"IOTHUB_CLIENT_CONFIRMATION_OK"
22756,10145658074,10145658116,1,"IOTHUB_CLIENT_CONFIRMATION_OK"
22757,10145658274,10145658307,1,"IOTHUB_CLIENT_CONFIRMATION_OK"
22758,10145658475,10145658514,1,"IOTHUB_CLIENT_CONFIRMATION_OK"
22759,10145658675,10145658709,1,"IOTHUB_CLIENT_CONFIRMATION_OK"
22760,10145658875,10145658916,1,"IOTHUB_CLIENT_CONFIRMATION_OK"
22761,10145659075,10145659130,1,"IOTHUB_CLIENT_CONFIRMATION_OK"
22762,10145659275,10145659312,1,"IOTHUB_CLIENT_CONFIRMATION_OK"
22763,10145659475,10145659514,1,"IOTHUB_CLIENT_CONFIRMATION_OK"
22764,10145659675,10145659712,1,"IOTHUB_CLIENT_CONFIRMATION_OK"
22765,10145659876,10145659919,1,"IOTHUB_CLIENT_CONFIRMATION_OK"
22766,10145660076,10145660121,1,"IOTHUB_CLIENT_CONFIRMATION_OK"
22767,10145660276,10145660308,1,"IOTHUB_CLIENT_CONFIRMATION_OK"
22768,10145660476,10145660506,1,"IOTHUB_CLIENT_CONFIRMATION_OK"
22769,10145660676,10145660728,1,"IOTHUB_CLIENT_CONFIRMATION_OK"
22770,10145660876,10145660907,1,"IOTHUB_CLIENT_CONFIRMATION_OK"
22771,10145661077,10145661111,1,"IOTHUB_CLIENT_CONFIRMATION_OK"
22772,10145661277,10145661308,1,"IOTHUB_CLIENT_CONFIRMATION_OK"
22773,10145661477,10145661513,1,"IOTHUB_CLIENT_CONFIRMATION_OK"
22774,10145661677,10145661739,1,"IOTHUB_CLIENT_CONFIRMATION_OK"
22775,10145661877,10145661918,1,"IOTHUB_CLIENT_CONFIRMATION_OK"
22776,10145662077,10145662113,1,"IOTHUB_CLIENT_CONFIRMATION_OK"
22777,10145662277,10145662360,1,"IOTHUB_CLIENT_CONFIRMATION_OK"
22778,10145662478,10145662507,1,"IOTHUB_CLIENT_CONFIRMATION_OK"
22779,10145662678,10145662715,1,"IOTHUB_CLIENT_CONFIRMATION_OK"
22780,10145662878,10145662913,1,"IOTHUB_CLIENT_CONFIRMATION_OK"
22781,10145663078,10145663111,1,"IOTHUB_CLIENT_CONFIRMATION_OK"
22782,10145663278,10145663367,1,"IOTHUB_CLIENT_CONFIRMATION_OK"
22783,10145663478,10145663516,1,"IOTHUB_CLIENT_CONFIRMATION_OK"
22784,10145663679,10145663708,1,"IOTHUB_CLIENT_CONFIRMATION_OK"
22785,10145663879,10145663973,1,"IOTHUB_CLIENT_CONFIRMATION_OK"
22786,10145664079,10145664132,1,"IOTHUB_CLIENT_CONFIRMATION_OK"
22787,10145664279,10145664325,1,"IOTHUB_CLIENT_CONFIRMATION_OK"
22788,10145664479,10145664526,1,"IOTHUB_CLIENT_CONFIRMATION_OK"
22789,10145664679,10145664717,1,"IOTHUB_CLIENT_CONFIRMATION_OK"
22790,10145664879,10145665027,1,"IOTHUB_CLIENT_CONFIRMATION_OK"
22791,10145665080,10145665118,1,"IOTHUB_CLIENT_CONFIRMATION_OK"
22792,10145665280,10145665327,1,"IOTHUB_CLIENT_CONFIRMATION_OK"
22793,10145665480,10145665515,1,"IOTHUB_CLIENT_CONFIRMATION_OK"
22794,10145665680,10145665723,1,"IOTHUB_CLIENT_CONFIRMATION_OK"
22795,10145665880,10145665913,1,"IOTHUB_CLIENT_CONFIRMATION_OK"
22796,10145666080,10145666116,1,"IOTHUB_CLIENT_CONFIRMATION_OK"
22797,10145666281,10145666317,1,"IOTHUB_CLIENT_CONFIRMATION_OK"
22798,10145666481,10145666518,1,"IOTHUB_CLIENT_CONFIRMATION_OK"
22799,10145666681,10145666712,1,"IOTHUB_CLIENT_CONFIRMATION_OK"
22800,10145666881,10145666913,1,"IOTHUB_CLIENT_CONFIRMATION_OK"
22801,10145667081,10145667149,1,"IOTHUB_CLIENT_CONFIRMATION_OK"
22802,10145667281,10145667316,1,"IOTHUB_CLIENT_CONFIRMATION_OK"
22803,10145667482,10145667521,1,"IOTHUB_CLIENT_CONFIRMATION_OK"
22804,10145667682,10145667744,1,"IOTHUB_CLIENT_CONFIRMATION_OK"
22805,10145667882,10145667916,1,"IOTHUB_CLIENT_CONFIRMATION_OK"
22806,10145668082,10145668145,1,"IOTHUB_CLIENT_CONFIRMATION_OK"
22807,10145668282,10145668322,1,"IOTHUB_CLIENT_CONFIRMATION_OK"
22808,10145668482,10145668517,1,"IOTHUB_CLIENT_CONFIRMATION_OK"
22809,10145668682,10145668753,1,"IOTHUB_CLIENT_CONFIRMATION_OK"
22810,10145668883,10145668919,1,"IOTHUB_CLIENT_CONFIRMATION_OK"
22811,10145669083,10145669120,1,"IOTHUB_CLIENT_CONFIRMATION_OK"
22812,10145669283,10145669316,1,"IOTHUB_CLIENT_CONFIRMATION_OK"
22813,10145669483,10145669524,1,"IOTHUB_CLIENT_CONFIRMATION_OK"
22814,10145669683,10145669781,1,"IOTHUB_CLIENT_CONFIRMATION_OK"
22815,10145669883,10145669923,1,"IOTHUB_CLIENT_CONFIRMATION_OK"
22816,10145670084,10145670122,1,"IOTHUB_CLIENT_CONFIRMATION_OK"
22817,10145670284,10145670525,1,"IOTHUB_CLIENT_CONFIRMATION_OK"
22818,10145670484,10145670552,1,"IOTHUB_CLIENT_CONFIRMATION_OK"
22819,10145670684,10145670721,1,"IOTHUB_CLIENT_CONFIRMATION_OK"
22820,10145670884,10145670939,1,"IOTHUB_CLIENT_CONFIRMATION_OK"
22821,10145671084,10145671114,1,"IOTHUB_CLIENT_CONFIRMATION_OK"
22822,10145671285,10145671354,1,"IOTHUB_CLIENT_CONFIRMATION_OK"
22823,10145671485,10145671515,1,"IOTHUB_CLIENT_CONFIRMATION_OK"
22824,10145671685,10145671719,1,"IOTHUB_CLIENT_CONFIRMATION_OK"
22825,10145671885,10145671969,1,"IOTHUB_CLIENT_CONFIRMATION_OK"
22826,10145672085,10145672117,1,"IOTHUB_CLIENT_CONFIRMATION_OK"
22827,10145672285,10145672327,1,"IOTHUB_CLIENT_CONFIRMATION_OK"
22828,10145672485,10145672570,1,"IOTHUB_CLIENT_CONFIRMATION_OK"
22829,10145672686,10145672728,1,"IOTHUB_CLIENT_CONFIRMATION_OK"
22830,10145672886,10145672973,1,"IOTHUB_CLIENT_CONFIRMATION_OK"
22831,10145673086,10145673121,1,"IOTHUB_CLIENT_CONFIRMATION_OK"
22832,10145673286,10145673322,1,"IOTHUB_CLIENT_CONFIRMATION_OK"
22833,10145673486,10145673589,1,"IOTHUB_CLIENT_CONFIRMATION_OK"
22834,10145673686,10145673718,1,"IOTHUB_CLIENT_CONFIRMATION_OK"
22835,10145673887,10145673921,1,"IOTHUB_CLIENT_CONFIRMATION_OK"
22836,10145674087,10145674117,1,"IOTHUB_CLIENT_CONFIRMATION_OK"
22837,10145674287,10145674328,1,"IOTHUB_CLIENT_CONFIRMATION_OK"
22838,10145674487,10145674629,1,"IOTHUB_CLIENT_CONFIRMATION_OK"
22839,10145674687,10145674739,1,"IOTHUB_CLIENT_CONFIRMATION_OK"
22840,10145674887,10145674919,1,"IOTHUB_CLIENT_CONFIRMATION_OK"
22841,10145675087,10145675209,1,"IOTHUB_CLIENT_CONFIRMATION_OK"
22842,10145675288,10145675325,1,"IOTHUB_CLIENT_CONFIRMATION_OK"
22843,10145675488,10145675525,1,"IOTHUB_CLIENT_CONFIRMATION_OK"
22844,10145675688,10145675740,1,"IOTHUB_CLIENT_CONFIRMATION_OK"
22845,10145675888,10145675921,1,"IOTHUB_CLIENT_CONFIRMATION_OK"
22846,10145676088,10145676119,1,"IOTHUB_CLIENT_CONFIRMATION_OK"
22847,10145676288,10145676322,1,"IOTHUB_CLIENT_CONFIRMATION_OK"
22848,10145676489,10145676529,1,"IOTHUB_CLIENT_CONFIRMATION_OK"
22849,10145676689,10145676755,1,"IOTHUB_CLIENT_CONFIRMATION_OK"
22850,10145676889,10145676924,1,"IOTHUB_CLIENT_CONFIRMATION_OK"
22851,10145677089,10145677122,1,"IOTHUB_CLIENT_CONFIRMATION_OK"
22852,10145677289,10145677375,1,"IOTHUB_CLIENT_CONFIRMATION_OK"
22853,10145677489,10145677521,1,"IOTHUB_CLIENT_CONFIRMATION_OK"
22854,10145677690,10145677732,1,"IOTHUB_CLIENT_CONFIRMATION_OK"
22855,10145677890,10145677921,1,"IOTHUB_CLIENT_CONFIRMATION_OK"
22856,10145678090,10145678136,1,"IOTHUB_CLIENT_CONFIRMATION_OK"
22857,10145678290,10145678384,1,"IOTHUB_CLIENT_CONFIRMATION_OK"
22858,10145678490,10145678532,1,"IOTHUB_CLIENT_CONFIRMATION_OK"
22859,10145678690,10145678732,1,"IOTHUB_CLIENT_CONFIRMATION_OK"
22860,10145678891,10145679011,1,"IOTHUB_CLIENT_CONFIRMATION_OK"
22861,10145679091,10145679122,1,"IOTHUB_CLIENT_CONFIRMATION_OK"
22862,10145679291,10145679327,1,"IOTHUB_CLIENT_CONFIRMATION_OK"
22863,10145679491,10145679525,1,"IOTHUB_CLIENT_CONFIRMATION_OK"
22864,10145679691,10145679745,1,"IOTHUB_CLIENT_CONFIRMATION_OK"
22865,10145679891,10145680014,1,"IOTHUB_CLIENT_CONFIRMATION_OK"
22866,10145680091,10145680125,1,"IOTHUB_CLIENT_CONFIRMATION_OK"
22867,10145680292,10145680336,1,"IOTHUB_CLIENT_CONFIRMATION_OK"
22868,10145680492,10145680534,1,"IOTHUB_CLIENT_CONFIRMATION_OK"
22869,10145680692,10145680725,1,"IOTHUB_CLIENT_CONFIRMATION_OK"
22870,10145680892,10145680952,1,"IOTHUB_CLIENT_CONFIRMATION_OK"
22871,10145681092,10145681149,1,"IOTHUB_CLIENT_CONFIRMATION_OK"
22872,10145681292,10145681334,1,"IOTHUB_CLIENT_CONFIRMATION_OK"
22873,10145681493,10145681651,1,"IOTHUB_CLIENT_CONFIRMATION_OK"
22874,10145681693,10145681723,1,"IOTHUB_CLIENT_CONFIRMATION_OK"
22875,10145681893,10145681934,1,"IOTHUB_CLIENT_CONFIRMATION_OK"
22876,10145682093,10145682122,1,"IOTHUB_CLIENT_CONFIRMATION_OK"
22877,10145682293,10145682343,1,"IOTHUB_CLIENT_CONFIRMATION_OK"
22878,10145682493,10145682523,1,"IOTHUB_CLIENT_CONFIRMATION_OK"
22879,10145682694,10145682736,1,"IOTHUB_CLIENT_CONFIRMATION_OK"
22880,10145682894,10145682940,1,"IOTHUB_CLIENT_CONFIRMATION_OK"
22881,10145683094,10145683297,1,"IOTHUB_CLIENT_CONFIRMATION_OK"
22882,10145683294,10145683338,1,"IOTHUB_CLIENT_CONFIRMATION_OK"
22883,10145683494,10145683527,1,"IOTHUB_CLIENT_CONFIRMATION_OK"
22884,10145683694,10145683753,1,"IOTHUB_CLIENT_CONFIRMATION_OK"
22885,10145683895,10145683924,1,"IOTHUB_CLIENT_CONFIRMATION_OK"
22886,10145684095,10145684129,1,"IOTHUB_CLIENT_CONFIRMATION_OK"
22887,10145684295,10145684329,1,"IOTHUB_CLIENT_CONFIRMATION_OK"
22888,10145684495,10145684537,1,"IOTHUB_CLIENT_CONFIRMATION_OK"
22889,10145684695,10145684895,1,"IOTHUB_CLIENT_CONFIRMATION_OK"
22890,10145684895,10145684934,1,"IOTHUB_CLIENT_CONFIRMATION_OK"
22891,10145685095,10145685130,1,"IOTHUB_CLIENT_CONFIRMATION_OK"
22892,10145685296,10145685335,1,"IOTHUB_CLIENT_CONFIRMATION_OK"
22893,10145685496,10145685529,1,"IOTHUB_CLIENT_CONFIRMATION_OK"
22894,10145685696,10145685744,1,"IOTHUB_CLIENT_CONFIRMATION_OK"
22895,10145685896,10145685951,1,"IOTHUB_CLIENT_CONFIRMATION_OK"
22896,10145686096,10145686185,1,"IOTHUB_CLIENT_CONFIRMATION_OK"
22897,10145686296,10145686398,1,"IOTHUB_CLIENT_CONFIRMATION_OK"
22898,10145686496,10145686529,1,"IOTHUB_CLIENT_CONFIRMATION_OK"
22899,10145686697,10145686738,1,"IOTHUB_CLIENT_CONFIRMATION_OK"
22900,10145686897,10145687014,1,"IOTHUB_CLIENT_CONFIRMATION_OK"
22901,10145687097,10145687131,1,"IOTHUB_CLIENT_CONFIRMATION_OK"
22902,10145687297,10145687326,1,"IOTHUB_CLIENT_CONFIRMATION_OK"
22903,10145687497,10145687533,1,"IOTHUB_CLIENT_CONFIRMATION_OK"
22904,10145687698,10145687732,1,"IOTHUB_CLIENT_CONFIRMATION_OK"
22905,10145687898,10145688020,1,"IOTHUB_CLIENT_CONFIRMATION_OK"
22906,10145688098,10145688133,1,"IOTHUB_CLIENT_CONFIRMATION_OK"
22907,10145688298,10145688330,1,"IOTHUB_CLIENT_CONFIRMATION_OK"
22908,10145688498,10145688634,1,"IOTHUB_CLIENT_CONFIRMATION_OK"
22909,10145688698,10145688726,1,"IOTHUB_CLIENT_CONFIRMATION_OK"
22910,10145688899,10145688932,1,"IOTHUB_CLIENT_CONFIRMATION_OK"
22911,10145689099,10145689132,1,"IOTHUB_CLIENT_CONFIRMATION_OK"
22912,10145689299,10145689348,1,"IOTHUB_CLIENT_CONFIRMATION_OK"
22913,10145689499,10145689660,1,"IOTHUB_CLIENT_CONFIRMATION_OK"
22914,10145689699,10145689734,1,"IOTHUB_CLIENT_CONFIRMATION_OK"
22915,10145689899,10145689937,1,"IOTHUB_CLIENT_CONFIRMATION_OK"
22916,10145690100,10145690130,1,"IOTHUB_CLIENT_CONFIRMATION_OK"
22917,10145690300,10145690330,1,"IOTHUB_CLIENT_CONFIRMATION_OK"
22918,10145690500,10145690558,1,"IOTHUB_CLIENT_CONFIRMATION_OK"
22919,10145690700,10145690743,1,"IOTHUB_CLIENT_CONFIRMATION_OK"
22920,10145690900,10145690933,1,"IOTHUB_CLIENT_CONFIRMATION_OK"
22921,10145691100,10145691138,1,"IOTHUB_CLIENT_CONFIRMATION_OK"
22922,10145691300,10145691332,1,"IOTHUB_CLIENT_CONFIRMATION_OK"
22923,10145691501,10145691536,1,"IOTHUB_CLIENT_CONFIRMATION_OK"
22924,10145691701,10145691744,1,"IOTHUB_CLIENT_CONFIRMATION_OK"
22925,10145691901,10145691959,1,"IOTHUB_CLIENT_CONFIRMATION_OK"
22926,10145692101,10145692136,1,"IOTHUB_CLIENT_CONFIRMATION_OK"
22927,10145692301,10145692363,1,"IOTHUB_CLIENT_CONFIRMATION_OK"
22928,10145692501,10145692531,1,"IOTHUB_CLIENT_CONFIRMATION_OK"
22929,10145692702,10145692732,1,"IOTHUB_CLIENT_CONFIRMATION_OK"
22930,10145692902,10145692935,1,"IOTHUB_CLIENT_CONFIRMATION_OK"
22931,10145693102,10145693135,1,"IOTHUB_CLIENT_CONFIRMATION_OK"
22932,10145693302,10145693364,1,"IOTHUB_CLIENT_CONFIRMATION_OK"
22933,10145693502,10145693552,1,"IOTHUB_CLIENT_CONFIRMATION_OK"
22934,10145693702,10145693741,1,"IOTHUB_CLIENT_CONFIRMATION_OK"
22935,10145693903,10145693981,1,"IOTHUB_CLIENT_CONFIRMATION_OK"
22936,10145694103,10145694148,1,"IOTHUB_CLIENT_CONFIRMATION_OK"
22937,10145694303,10145694343,1,"IOTHUB_CLIENT_CONFIRMATION_OK"
22938,10145694503,10145694546,1,"IOTHUB_CLIENT_CONFIRMATION_OK"
22939,10145694703,10145694757,1,"IOTHUB_CLIENT_CONFIRMATION_OK"
22940,10145694903,10145694994,1,"IOTHUB_CLIENT_CONFIRMATION_OK"
22941,10145695103,10145695168,1,"IOTHUB_CLIENT_CONFIRMATION_OK"
22942,10145695304,10145695352,1,"IOTHUB_CLIENT_CONFIRMATION_OK"
22943,10145695504,10145695623,1,"IOTHUB_CLIENT_CONFIRMATION_OK"
22944,10145695704,10145695739,1,"IOTHUB_CLIENT_CONFIRMATION_OK"
22945,10145695904,10145695938,1,"IOTHUB_CLIENT_CONFIRMATION_OK"
22946,10145696104,10145696143,1,"IOTHUB_CLIENT_CONFIRMATION_OK"
22947,10145696304,10145696338,1,"IOTHUB_CLIENT_CONFIRMATION_OK"
22948,10145696505,10145696620,1,"IOTHUB_CLIENT_CONFIRMATION_OK"
22949,10145696705,10145696743,1,"IOTHUB_CLIENT_CONFIRMATION_OK"
22950,10145696905,10145696934,1,"IOTHUB_CLIENT_CONFIRMATION_OK"
22951,10145697105,10145697231,1,"IOTHUB_CLIENT_CONFIRMATION_OK"
22952,10145697305,10145697336,1,"IOTHUB_CLIENT_CONFIRMATION_OK"
22953,10145697505,10145697544,1,"IOTHUB_CLIENT_CONFIRMATION_OK"
22954,10145697705,10145697739,1,"IOTHUB_CLIENT_CONFIRMATION_OK"
22955,10145697906,10145697939,1,"IOTHUB_CLIENT_CONFIRMATION_OK"
22956,10145698106,10145698240,1,"IOTHUB_CLIENT_CONFIRMATION_OK"
22957,10145698306,10145698342,1,"IOTHUB_CLIENT_CONFIRMATION_OK"
22958,10145698506,10145698538,1,"IOTHUB_CLIENT_CONFIRMATION_OK"
22959,10145698706,10145698740,1,"IOTHUB_CLIENT_CONFIRMATION_OK"
22960,10145698906,10145698942,1,"IOTHUB_CLIENT_CONFIRMATION_OK"
22961,10145699107,10145699164,1,"IOTHUB_CLIENT_CONFIRMATION_OK"
22962,10145699307,10145699411,1,"IOTHUB_CLIENT_CONFIRMATION_OK"
22963,10145699507,10145699545,1,"IOTHUB_CLIENT_CONFIRMATION_OK"
22964,10145699707,10145699884,1,"IOTHUB_CLIENT_CONFIRMATION_OK"
22965,10145699907,10145699940,1,"IOTHUB_CLIENT_CONFIRMATION_OK"
22966,10145700107,10145700144,1,"IOTHUB_CLIENT_CONFIRMATION_OK"
22967,10145700308,10145700340,1,"IOTHUB_CLIENT_CONFIRMATION_OK"
22968,10145700508,10145700546,1,"IOTHUB_CLIENT_CONFIRMATION_OK"
22969,10145700708,10145700740,1,"IOTHUB_CLIENT_CONFIRMATION_OK"
22970,10145700908,10145700954,1,"IOTHUB_CLIENT_CONFIRMATION_OK"
22971,10145701108,10145701143,1,"IOTHUB_CLIENT_CONFIRMATION_OK"
22972,10145701308,10145701494,1,"IOTHUB_CLIENT_CONFIRMATION_OK"
22973,10145701509,10145701539,1,"IOTHUB_CLIENT_CONFIRMATION_OK"
22974,10145701709,10145701745,1,"IOTHUB_CLIENT_CONFIRMATION_OK"
22975,10145701909,10145701954,1,"IOTHUB_CLIENT_CONFIRMATION_OK"
22976,10145702109,10145702143,1,"IOTHUB_CLIENT_CONFIRMATION_OK"
22977,10145702309,10145702342,1,"IOTHUB_CLIENT_CONFIRMATION_OK"
22978,10145702509,10145702546,1,"IOTHUB_CLIENT_CONFIRMATION_OK"
22979,10145702709,10145702742,1,"IOTHUB_CLIENT_CONFIRMATION_OK"
22980,10145702910,10145703122,1,"IOTHUB_CLIENT_CONFIRMATION_OK"
22981,10145703110,10145703149,1,"IOTHUB_CLIENT_CONFIRMATION_OK"
22982,10145703310,10145703424,1,"IOTHUB_CLIENT_CONFIRMATION_OK"
22983,10145703510,10145703555,1,"IOTHUB_CLIENT_CONFIRMATION_OK"
22984,10145703710,10145703745,1,"IOTHUB_CLIENT_CONFIRMATION_OK"
22985,10145703910,10145703971,1,"IOTHUB_CLIENT_CONFIRMATION_OK"
22986,10145704110,10145704149,1,"IOTHUB_CLIENT_CONFIRMATION_OK"
22987,10145704311,10145704341,1,"IOTHUB_CLIENT_CONFIRMATION_OK"
22988,10145704511,10145704548,1,"IOTHUB_CLIENT_CONFIRMATION_OK"
22989,10145704711,10145704742,1,"IOTHUB_CLIENT_CONFIRMATION_OK"
22990,10145704911,10145704946,1,"IOTHUB_CLIENT_CONFIRMATION_OK"
22991,10145705111,10145705153,1,"IOTHUB_CLIENT_CONFIRMATION_OK"
22992,10145705311,10145705357,1,"IOTHUB_CLIENT_CONFIRMATION_OK"
22993,10145705512,10145705559,1,"IOTHUB_CLIENT_CONFIRMATION_OK"
22994,10145705712,10145705761,1,"IOTHUB_CLIENT_CONFIRMATION_OK"
22995,10145705912,10145705943,1,"IOTHUB_CLIENT_CONFIRMATION_OK"
22996,10145706112,10145706146,1,"IOTHUB_CLIENT_CONFIRMATION_OK"
22997,10145706312,10145706347,1,"IOTHUB_CLIENT_CONFIRMATION_OK"
22998,10145706512,10145706551,1,"IOTHUB_CLIENT_CONFIRMATION_OK"
22999,10145706712,10145706776,1,"IOTHUB_CLIENT_CONFIRMATION_OK"
23000,10145706913,10145706946,1,"IOTHUB_CLIENT_CONFIRMATION_OK"
23001,10145707113,10145707145,1,"IOTHUB_CLIENT_CONFIRMATION_OK"
23002,10145707313,10145707393,1,"IOTHUB_CLIENT_CONFIRMATION_OK"
23003,10145707513,10145707549,1,"IOTHUB_CLIENT_CONFIRMATION_OK"
23004,10145707713,10145707747,1,"IOTHUB_CLIENT_CONFIRMATION_OK"
23005,10145707913,10145707985,1,"IOTHUB_CLIENT_CONFIRMATION_OK"
23006,10145708113,10145708182,1,"IOTHUB_CLIENT_CONFIRMATION_OK"
23007,10145708314,10145708410,1,"IOTHUB_CLIENT_CONFIRMATION_OK"
23008,10145708514,10145708566,1,"IOTHUB_CLIENT_CONFIRMATION_OK"
23009,10145708714,10145708751,1,"IOTHUB_CLIENT_CONFIRMATION_OK"
23010,10145708914,10145709038,1,"IOTHUB_CLIENT_CONFIRMATION_OK"
23011,10145709114,10145709148,1,"IOTHUB_CLIENT_CONFIRMATION_OK"
23012,10145709314,10145709359,1,"IOTHUB_CLIENT_CONFIRMATION_OK"
23013,10145709515,10145709553,1,"IOTHUB_CLIENT_CONFIRMATION_OK"
23014,10145709715,10145709744,1,"IOTHUB_CLIENT_CONFIRMATION_OK"
23015,10145709915,10145710048,1,"IOTHUB_CLIENT_CONFIRMATION_OK"
23016,10145710115,10145710145,1,"IOTHUB_CLIENT_CONFIRMATION_OK"
23017,10145710315,10145710350,1,"IOTHUB_CLIENT_CONFIRMATION_OK"
23018,10145710515,10145710583,1,"IOTHUB_CLIENT_CONFIRMATION_OK"
23019,10145710715,10145710758,1,"IOTHUB_CLIENT_CONFIRMATION_OK"
23020,10145710916,10145710956,1,"IOTHUB_CLIENT_CONFIRMATION_OK"
23021,10145711116,10145711148,1,"IOTHUB_CLIENT_CONFIRMATION_OK"
23022,10145711316,10145711349,1,"IOTHUB_CLIENT_CONFIRMATION_OK"
23023,10145711516,10145711667,1,"IOTHUB_CLIENT_CONFIRMATION_OK"
23024,10145711716,10145711758,1,"IOTHUB_CLIENT_CONFIRMATION_OK"
23025,10145711916,10145711954,1,"IOTHUB_CLIENT_CONFIRMATION_OK"
23026,10145712117,10145712148,1,"IOTHUB_CLIENT_CONFIRMATION_OK"
23027,10145712317,10145712351,1,"IOTHUB_CLIENT_CONFIRMATION_OK"
23028,10145712517,10145712550,1,"IOTHUB_CLIENT_CONFIRMATION_OK"
23029,10145712717,10145712757,1,"IOTHUB_CLIENT_CONFIRMATION_OK"
23030,10145712917,10145713006,1,"IOTHUB_CLIENT_CONFIRMATION_OK"
23031,10145713117,10145713292,1,"IOTHUB_CLIENT_CONFIRMATION_OK"
23032,10145713317,10145713357,1,"IOTHUB_CLIENT_CONFIRMATION_OK"
23033,10145713518,10145713579,1,"IOTHUB_CLIENT_CONFIRMATION_OK"
23034,10145713718,10145713760,1,"IOTHUB_CLIENT_CONFIRMATION_OK"
23035,10145713918,10145713956,1,"IOTHUB_CLIENT_CONFIRMATION_OK"
23036,10145714118,10145714154,1,"IOTHUB_CLIENT_CONFIRMATION_OK"
23037,10145714319,10145714360,1,"IOTHUB_CLIENT_CONFIRMATION_OK"
23038,10145714519,10145714550,1,"IOTHUB_CLIENT_CONFIRMATION_OK"
23039,10145714719,10145714751,1,"IOTHUB_CLIENT_CONFIRMATION_OK"
23040,10145714919,10145714954,1,"IOTHUB_CLIENT_CONFIRMATION_OK"
23041,10145715119,10145715155,1,"IOTHUB_CLIENT_CONFIRMATION_OK"
23042,10145715319,10145715351,1,"IOTHUB_CLIENT_CONFIRMATION_OK"
23043,10145715520,10145715574,1,"IOTHUB_CLIENT_CONFIRMATION_OK"
23044,10145715720,10145715753,1,"IOTHUB_CLIENT_CONFIRMATION_OK"
23045,10145715920,10145715977,1,"IOTHUB_CLIENT_CONFIRMATION_OK"
23046,10145716120,10145716151,1,"IOTHUB_CLIENT_CONFIRMATION_OK"
23047,10145716320,10145716372,1,"IOTHUB_CLIENT_CONFIRMATION_OK"
23048,10145716520,10145716568,1,"IOTHUB_CLIENT_CONFIRMATION_OK"
23049,10145716720,10145716754,1,"IOTHUB_CLIENT_CONFIRMATION_OK"
23050,10145716921,10145716980,1,"IOTHUB_CLIENT_CONFIRMATION_OK"
23051,10145717121,10145717180,1,"IOTHUB_CLIENT_CONFIRMATION_OK"
23052,10145717321,10145717369,1,"IOTHUB_CLIENT_CONFIRMATION_OK"
23053,10145717521,10145717593,1,"IOTHUB_CLIENT_CONFIRMATION_OK"
23054,10145717721,10145717830,1,"IOTHUB_CLIENT_CONFIRMATION_OK"
23055,10145717921,10145718051,1,"IOTHUB_CLIENT_CONFIRMATION_OK"
23056,10145718122,10145718165,1,"IOTHUB_CLIENT_CONFIRMATION_OK"
23057,10145718322,10145718355,1,"IOTHUB_CLIENT_CONFIRMATION_OK"
23058,10145718522,10145718662,1,"IOTHUB_CLIENT_CONFIRMATION_OK"
23059,10145718722,10145718753,1,"IOTHUB_CLIENT_CONFIRMATION_OK"
23060,10145718922,10145718959,1,"IOTHUB_CLIENT_CONFIRMATION_OK"
23061,10145719122,10145719159,1,"IOTHUB_CLIENT_CONFIRMATION_OK"
23062,10145719323,10145719353,1,"IOTHUB_CLIENT_CONFIRMATION_OK"
23063,10145719523,10145719698,1,"IOTHUB_CLIENT_CONFIRMATION_OK"
23064,10145719723,10145719771,1,"IOTHUB_CLIENT_CONFIRMATION_OK"
23065,10145719923,10145719964,1,"IOTHUB_CLIENT_CONFIRMATION_OK"
23066,10145720123,10145720156,1,"IOTHUB_CLIENT_CONFIRMATION_OK"
23067,10145720323,10145720364,1,"IOTHUB_CLIENT_CONFIRMATION_OK"
23068,10145720523,10145720561,1,"IOTHUB_CLIENT_CONFIRMATION_OK"
23069,10145720724,10145720763,1,"IOTHUB_CLIENT_CONFIRMATION_OK"
23070,10145720924,10145720963,1,"IOTHUB_CLIENT_CONFIRMATION_OK"
23071,10145721124,10145721161,1,"IOTHUB_CLIENT_CONFIRMATION_OK"
23072,10145721324,10145721363,1,"IOTHUB_CLIENT_CONFIRMATION_OK"
23073,10145721524,10145721572,1,"IOTHUB_CLIENT_CONFIRMATION_OK"
23074,10145721724,10145721854,1,"IOTHUB_CLIENT_CONFIRMATION_OK"
23075,10145721925,10145721954,1,"IOTHUB_CLIENT_CONFIRMATION_OK"
23076,10145722125,10145722159,1,"IOTHUB_CLIENT_CONFIRMATION_OK"
23077,10145722325,10145722365,1,"IOTHUB_CLIENT_CONFIRMATION_OK"
23078,10145722525,10145722569,1,"IOTHUB_CLIENT_CONFIRMATION_OK"
23079,10145722725,10145722757,1,"IOTHUB_CLIENT_CONFIRMATION_OK"
23080,10145722925,10145722962,1,"IOTHUB_CLIENT_CONFIRMATION_OK"
23081,10145723125,10145723162,1,"IOTHUB_CLIENT_CONFIRMATION_OK"
23082,10145723326,10145723377,1,"IOTHUB_CLIENT_CONFIRMATION_OK"
23083,10145723526,10145723559,1,"IOTHUB_CLIENT_CONFIRMATION_OK"
23084,10145723726,10145723776,1,"IOTHUB_CLIENT_CONFIRMATION_OK"
23085,10145723926,10145723988,1,"IOTHUB_CLIENT_CONFIRMATION_OK"
23086,10145724126,10145724161,1,"IOTHUB_CLIENT_CONFIRMATION_OK"
23087,10145724326,10145724365,1,"IOTHUB_CLIENT_CONFIRMATION_OK"
23088,10145724527,10145724555,1,"IOTHUB_CLIENT_CONFIRMATION_OK"
23089,10145724727,10145724765,1,"IOTHUB_CLIENT_CONFIRMATION_OK"
23090,10145724927,10145724998,1,"IOTHUB_CLIENT_CONFIRMATION_OK"
23091,10145725127,10145725162,1,"IOTHUB_CLIENT_CONFIRMATION_OK"
23092,10145725327,10145725369,1,"IOTHUB_CLIENT_CONFIRMATION_OK"
23093,10145725527,10145725607,1,"IOTHUB_CLIENT_CONFIRMATION_OK"
23094,10145725728,10145725760,1,"IOTHUB_CLIENT_CONFIRMATION_OK"
23095,10145725928,10145725959,1,"IOTHUB_CLIENT_CONFIRMATION_OK"
23096,10145726128,10145726164,1,"IOTHUB_CLIENT_CONFIRMATION_OK"
23097,10145726328,10145726497,1,"IOTHUB_CLIENT_CONFIRMATION_OK"
23098,10145726528,10145726717,1,"IOTHUB_CLIENT_CONFIRMATION_OK"
23099,10145726728,10145726760,1,"IOTHUB_CLIENT_CONFIRMATION_OK"
23100,10145726928,10145726963,1,"IOTHUB_CLIENT_CONFIRMATION_OK"
23101,10145727129,10145727166,1,"IOTHUB_CLIENT_CONFIRMATION_OK"
23102,10145727329,10145727558,1,"IOTHUB_CLIENT_CONFIRMATION_OK"
23103,10145727529,10145727615,1,"IOTHUB_CLIENT_CONFIRMATION_OK"
23104,10145727729,10145728091,1,"IOTHUB_CLIENT_CONFIRMATION_OK"
23105,10145727929,10145728168,1,"IOTHUB_CLIENT_CONFIRMATION_OK"
23106,10145728129,10145728346,1,"IOTHUB_CLIENT_CONFIRMATION_OK"
23107,10145728329,10145728371,1,"IOTHUB_CLIENT_CONFIRMATION_OK"
23108,10145728530,10145728574,1,"IOTHUB_CLIENT_CONFIRMATION_OK"
23109,10145728730,10145728774,1,"IOTHUB_CLIENT_CONFIRMATION_OK"
23110,10145728930,10145728962,1,"IOTHUB_CLIENT_CONFIRMATION_OK"
23111,10145729130,10145729167,1,"IOTHUB_CLIENT_CONFIRMATION_OK"
23112,10145729330,10145729367,1,"IOTHUB_CLIENT_CONFIRMATION_OK"
23113,10145729530,10145729562,1,"IOTHUB_CLIENT_CONFIRMATION_OK"
23114,10145729731,10145729773,1,"IOTHUB_CLIENT_CONFIRMATION_OK"
23115,10145729931,10145729967,1,"IOTHUB_CLIENT_CONFIRMATION_OK"
23116,10145730131,10145730193,1,"IOTHUB_CLIENT_CONFIRMATION_OK"
23117,10145730331,10145730375,1,"IOTHUB_CLIENT_CONFIRMATION_OK"
23118,10145730531,10145730637,1,"IOTHUB_CLIENT_CONFIRMATION_OK"
23119,10145730731,10145730767,1,"IOTHUB_CLIENT_CONFIRMATION_OK"
23120,10145730932,10145730974,1,"IOTHUB_CLIENT_CONFIRMATION_OK"
23121,10145731132,10145731162,1,"IOTHUB_CLIENT_CONFIRMATION_OK"
23122,10145731332,10145731484,1,"IOTHUB_CLIENT_CONFIRMATION_OK"
23123,10145731532,10145731565,1,"IOTHUB_CLIENT_CONFIRMATION_OK"
23124,10145731732,10145731761,1,"IOTHUB_CLIENT_CONFIRMATION_OK"
23125,10145731932,10145732057,1,"IOTHUB_CLIENT_CONFIRMATION_OK"
23126,10145732133,10145732162,1,"IOTHUB_CLIENT_CONFIRMATION_OK"
23127,10145732333,10145732388,1,"IOTHUB_CLIENT_CONFIRMATION_OK"
23128,10145732533,10145732569,1,"IOTHUB_CLIENT_CONFIRMATION_OK"
23129,10145732733,10145732776,1,"IOTHUB_CLIENT_CONFIRMATION_OK"
23130,10145732933,10145733076,1,"IOTHUB_CLIENT_CONFIRMATION_OK"
23131,10145733133,10145733166,1,"IOTHUB_CLIENT_CONFIRMATION_OK"
23132,10145733333,10145733374,1,"IOTHUB_CLIENT_CONFIRMATION_OK"
23133,10145733534,10145733685,1,"IOTHUB_CLIENT_CONFIRMATION_OK"
23134,10145733734,10145733767,1,"IOTHUB_CLIENT_CONFIRMATION_OK"
23135,10145733934,10145733967,1,"IOTHUB_CLIENT_CONFIRMATION_OK"
23136,10145734134,10145734163,1,"IOTHUB_CLIENT_CONFIRMATION_OK"
23137,10145734334,10145734367,1,"IOTHUB_CLIENT_CONFIRMATION_OK"
23138,10145734534,10145734705,1,"IOTHUB_CLIENT_CONFIRMATION_OK"
23139,10145734734,10145734770,1,"IOTHUB_CLIENT_CONFIRMATION_OK"
23140,10145734935,10145734977,1,"IOTHUB_CLIENT_CONFIRMATION_OK"
23141,10145735135,10145735184,1,"IOTHUB_CLIENT_CONFIRMATION_OK"
23142,10145735335,10145735366,1,"IOTHUB_CLIENT_CONFIRMATION_OK"
23143,10145735535,10145735580,1,"IOTHUB_CLIENT_CONFIRMATION_OK"
23144,10145735735,10145735804,1,"IOTHUB_CLIENT_CONFIRMATION_OK"
23145,10145735935,10145735971,1,"IOTHUB_CLIENT_CONFIRMATION_OK"
23146,10145736136,10145736169,1,"IOTHUB_CLIENT_CONFIRMATION_OK"
23147,10145736336,10145736366,1,"IOTHUB_CLIENT_CONFIRMATION_OK"
23148,10145736536,10145736571,1,"IOTHUB_CLIENT_CONFIRMATION_OK"
23149,10145736736,10145736820,1,"IOTHUB_CLIENT_CONFIRMATION_OK"
23150,10145736936,10145736980,1,"IOTHUB_CLIENT_CONFIRMATION_OK"
23151,10145737136,10145737170,1,"IOTHUB_CLIENT_CONFIRMATION_OK"
23152,10145737336,10145737431,1,"IOTHUB_CLIENT_CONFIRMATION_OK"
23153,10145737537,10145737578,1,"IOTHUB_CLIENT_CONFIRMATION_OK"
23154,10145737737,10145737774,1,"IOTHUB_CLIENT_CONFIRMATION_OK"
23155,10145737937,10145737968,1,"IOTHUB_CLIENT_CONFIRMATION_OK"
23156,10145738137,10145738178,1,"IOTHUB_CLIENT_CONFIRMATION_OK"
23157,10145738337,10145738468,1,"IOTHUB_CLIENT_CONFIRMATION_OK"
23158,10145738537,10145738578,1,"IOTHUB_CLIENT_CONFIRMATION_OK"
23159,10145738738,10145738771,1,"IOTHUB_CLIENT_CONFIRMATION_OK"
23160,10145738938,10145738988,1,"IOTHUB_CLIENT_CONFIRMATION_OK"
23161,10145739138,10145739172,1,"IOTHUB_CLIENT_CONFIRMATION_OK"
23162,10145739338,10145739398,1,"IOTHUB_CLIENT_CONFIRMATION_OK"
23163,10145739538,10145739572,1,"IOTHUB_CLIENT_CONFIRMATION_OK"
23164,10145739738,10145739781,1,"IOTHUB_CLIENT_CONFIRMATION_OK"
23165,10145739939,10145740117,1,"IOTHUB_CLIENT_CONFIRMATION_OK"
23166,10145740139,10145740178,1,"IOTHUB_CLIENT_CONFIRMATION_OK"
23167,10145740339,10145740373,1,"IOTHUB_CLIENT_CONFIRMATION_OK"
23168,10145740539,10145740588,1,"IOTHUB_CLIENT_CONFIRMATION_OK"
23169,10145740739,10145740772,1,"IOTHUB_CLIENT_CONFIRMATION_OK"
23170,10145740939,10145740972,1,"IOTHUB_CLIENT_CONFIRMATION_OK"
23171,10145741139,10145741180,1,"IOTHUB_CLIENT_CONFIRMATION_OK"
23172,10145741340,10145741376,1,"IOTHUB_CLIENT_CONFIRMATION_OK"
23173,10145741540,10145741571,1,"IOTHUB_CLIENT_CONFIRMATION_OK"
23174,10145741740,10145741773,1,"IOTHUB_CLIENT_CONFIRMATION_OK"
23175,10145741940,10145741986,1,"IOTHUB_CLIENT_CONFIRMATION_OK"
23176,10145742140,10145742174,1,"IOTHUB_CLIENT_CONFIRMATION_OK"
23177,10145742340,10145742372,1,"IOTHUB_CLIENT_CONFIRMATION_OK"
23178,10145742541,10145742584,1,"IOTHUB_CLIENT_CONFIRMATION_OK"
23179,10145742741,10145742786,1,"IOTHUB_CLIENT_CONFIRMATION_OK"
23180,10145742941,10145742972,1,"IOTHUB_CLIENT_CONFIRMATION_OK"
23181,10145743141,10145743174,1,"IOTHUB_CLIENT_CONFIRMATION_OK"
23182,10145743341,10145743375,1,"IOTHUB_CLIENT_CONFIRMATION_OK"
23183,10145743541,10145743576,1,"IOTHUB_CLIENT_CONFIRMATION_OK"
23184,10145743741,10145743774,1,"IOTHUB_CLIENT_CONFIRMATION_OK"
23185,10145743942,10145743988,1,"IOTHUB_CLIENT_CONFIRMATION_OK"
23186,10145744142,10145744180,1,"IOTHUB_CLIENT_CONFIRMATION_OK"
23187,10145744342,10145744388,1,"IOTHUB_CLIENT_CONFIRMATION_OK"
23188,10145744542,10145744717,1,"IOTHUB_CLIENT_CONFIRMATION_OK"
23189,10145744742,10145744776,1,"IOTHUB_CLIENT_CONFIRMATION_OK"
23190,10145744942,10145744986,1,"IOTHUB_CLIENT_CONFIRMATION_OK"
23191,10145745143,10145745184,1,"IOTHUB_CLIENT_CONFIRMATION_OK"
23192,10145745343,10145745389,1,"IOTHUB_CLIENT_CONFIRMATION_OK"
23193,10145745543,10145745577,1,"IOTHUB_CLIENT_CONFIRMATION_OK"
23194,10145745743,10145745773,1,"IOTHUB_CLIENT_CONFIRMATION_OK"
23195,10145745943,10145746011,1,"IOTHUB_CLIENT_CONFIRMATION_OK"
23196,10145746143,10145746178,1,"IOTHUB_CLIENT_CONFIRMATION_OK"
23197,10145746343,10145746415,1,"IOTHUB_CLIENT_CONFIRMATION_OK"
23198,10145746544,10145746576,1,"IOTHUB_CLIENT_CONFIRMATION_OK"
23199,10145746744,10145746779,1,"IOTHUB_CLIENT_CONFIRMATION_OK"
23200,10145746944,10145747016,1,"IOTHUB_CLIENT_CONFIRMATION_OK"
23201,10145747144,10145747178,1,"IOTHUB_CLIENT_CONFIRMATION_OK"
23202,10145747344,10145747383,1,"IOTHUB_CLIENT_CONFIRMATION_OK"
23203,10145747544,10145747635,1,"IOTHUB_CLIENT_CONFIRMATION_OK"
23204,10145747745,10145747775,1,"IOTHUB_CLIENT_CONFIRMATION_OK"
23205,10145747945,10145748026,1,"IOTHUB_CLIENT_CONFIRMATION_OK"
23206,10145748145,10145748179,1,"IOTHUB_CLIENT_CONFIRMATION_OK"
23207,10145748345,10145748377,1,"IOTHUB_CLIENT_CONFIRMATION_OK"
23208,10145748545,10145748667,1,"IOTHUB_CLIENT_CONFIRMATION_OK"
23209,10145748745,10145748795,1,"IOTHUB_CLIENT_CONFIRMATION_OK"
23210,10145748945,10145748982,1,"IOTHUB_CLIENT_CONFIRMATION_OK"
23211,10145749146,10145749175,1,"IOTHUB_CLIENT_CONFIRMATION_OK"
23212,10145749346,10145749376,1,"IOTHUB_CLIENT_CONFIRMATION_OK"
23213,10145749546,10145749697,1,"IOTHUB_CLIENT_CONFIRMATION_OK"
23214,10145749746,10145749781,1,"IOTHUB_CLIENT_CONFIRMATION_OK"
23215,10145749946,10145749989,1,"IOTHUB_CLIENT_CONFIRMATION_OK"
23216,10145750146,10145750315,1,"IOTHUB_CLIENT_CONFIRMATION_OK"
23217,10145750347,10145750382,1,"IOTHUB_CLIENT_CONFIRMATION_OK"
23218,10145750547,10145750585,1,"IOTHUB_CLIENT_CONFIRMATION_OK"
23219,10145750747,10145750779,1,"IOTHUB_CLIENT_CONFIRMATION_OK"
23220,10145750947,10145750986,1,"IOTHUB_CLIENT_CONFIRMATION_OK"
23221,10145751147,10145751183,1,"IOTHUB_CLIENT_CONFIRMATION_OK"
23222,10145751347,10145751391,1,"IOTHUB_CLIENT_CONFIRMATION_OK"
23223,10145751547,10145751595,1,"IOTHUB_CLIENT_CONFIRMATION_OK"
23224,10145751748,10145751780,1,"IOTHUB_CLIENT_CONFIRMATION_OK"
23225,10145751948,10145751986,1,"IOTHUB_CLIENT_CONFIRMATION_OK"
23226,10145752148,10145752189,1,"IOTHUB_CLIENT_CONFIRMATION_OK"
23227,10145752348,10145752386,1,"IOTHUB_CLIENT_CONFIRMATION_OK"
23228,10145752548,10145752596,1,"IOTHUB_CLIENT_CONFIRMATION_OK"
23229,10145752748,10145752785,1,"IOTHUB_CLIENT_CONFIRMATION_OK"
23230,10145752948,10145752990,1,"IOTHUB_CLIENT_CONFIRMATION_OK"
23231,10145753149,10145753184,1,"IOTHUB_CLIENT_CONFIRMATION_OK"
23232,10145753349,10145753405,1,"IOTHUB_CLIENT_CONFIRMATION_OK"
23233,10145753549,10145753659,1,"IOTHUB_CLIENT_CONFIRMATION_OK"
23234,10145753749,10145753781,1,"IOTHUB_CLIENT_CONFIRMATION_OK"
23235,10145753949,10145753994,1,"IOTHUB_CLIENT_CONFIRMATION_OK"
23236,10145754149,10145754194,1,"IOTHUB_CLIENT_CONFIRMATION_OK"
23237,10145754350,10145754382,1,"IOTHUB_CLIENT_CONFIRMATION_OK"
23238,10145754550,10145754594,1,"IOTHUB_CLIENT_CONFIRMATION_OK"
23239,10145754750,10145754799,1,"IOTHUB_CLIENT_CONFIRMATION_OK"
23240,10145754950,10145754995,1,"IOTHUB_CLIENT_CONFIRMATION_OK"
23241,10145755150,10145755185,1,"IOTHUB_CLIENT_CONFIRMATION_OK"
23242,10145755350,10145755395,1,"IOTHUB_CLIENT_CONFIRMATION_OK"
23243,10145755551,10145755611,1,"IOTHUB_CLIENT_CONFIRMATION_OK"
23244,10145755751,10145755785,1,"IOTHUB_CLIENT_CONFIRMATION_OK"
23245,10145755951,10145755988,1,"IOTHUB_CLIENT_CONFIRMATION_OK"
23246,10145756151,10145756183,1,"IOTHUB_CLIENT_CONFIRMATION_OK"
23247,10145756351,10145756382,1,"IOTHUB_CLIENT_CONFIRMATION_OK"
23248,10145756551,10145756622,1,"IOTHUB_CLIENT_CONFIRMATION_OK"
23249,10145756752,10145756789,1,"IOTHUB_CLIENT_CONFIRMATION_OK"
23250,10145756952,10145756984,1,"IOTHUB_CLIENT_CONFIRMATION_OK"
23251,10145757152,10145757246,1,"IOTHUB_CLIENT_CONFIRMATION_OK"
23252,10145757352,10145757382,1,"IOTHUB_CLIENT_CONFIRMATION_OK"
23253,10145757552,10145757590,1,"IOTHUB_CLIENT_CONFIRMATION_OK"
23254,10145757752,10145757785,1,"IOTHUB_CLIENT_CONFIRMATION_OK"
23255,10145757952,10145758006,1,"IOTHUB_CLIENT_CONFIRMATION_OK"
23256,10145758153,10145758246,1,"IOTHUB_CLIENT_CONFIRMATION_OK"
23257,10145758353,10145758394,1,"IOTHUB_CLIENT_CONFIRMATION_OK"
23258,10145758553,10145758594,1,"IOTHUB_CLIENT_CONFIRMATION_OK"
23259,10145758753,10145758868,1,"IOTHUB_CLIENT_CONFIRMATION_OK"
23260,10145758953,10145758988,1,"IOTHUB_CLIENT_CONFIRMATION_OK"
23261,10145759153,10145759211,1,"IOTHUB_CLIENT_CONFIRMATION_OK"
23262,10145759354,10145759384,1,"IOTHUB_CLIENT_CONFIRMATION_OK"
23263,10145759554,10145759587,1,"IOTHUB_CLIENT_CONFIRMATION_OK"
23264,10145759754,10145759881,1,"IOTHUB_CLIENT_CONFIRMATION_OK"
23265,10145759954,10145760017,1,"IOTHUB_CLIENT_CONFIRMATION_OK"
23266,10145760154,10145760190,1,"IOTHUB_CLIENT_CONFIRMATION_OK"
23267,10145760354,10145760498,1,"IOTHUB_CLIENT_CONFIRMATION_OK"
23268,10145760554,10145760588,1,"IOTHUB_CLIENT_CONFIRMATION_OK"
23269,10145760755,10145760783,1,"IOTHUB_CLIENT_CONFIRMATION_OK"
23270,10145760955,10145760988,1,"IOTHUB_CLIENT_CONFIRMATION_OK"
23271,10145761155,10145761204,1,"IOTHUB_CLIENT_CONFIRMATION_OK"
23272,10145761355,10145761496,1,"IOTHUB_CLIENT_CONFIRMATION_OK"
23273,10145761555,10145761588,1,"IOTHUB_CLIENT_CONFIRMATION_OK"
23274,10145761755,10145761795,1,"IOTHUB_CLIENT_CONFIRMATION_OK"
23275,10145761956,10145761989,1,"IOTHUB_CLIENT_CONFIRMATION_OK"
23276,10145762156,10145762211,1,"IOTHUB_CLIENT_CONFIRMATION_OK"
23277,10145762356,10145762394,1,"IOTHUB_CLIENT_CONFIRMATION_OK"
23278,10145762556,10145762640,1,"IOTHUB_CLIENT_CONFIRMATION_OK"
23279,10145762756,10145762788,1,"IOTHUB_CLIENT_CONFIRMATION_OK"
23280,10145762956,10145763031,1,"IOTHUB_CLIENT_CONFIRMATION_OK"
23281,10145763156,10145763194,1,"IOTHUB_CLIENT_CONFIRMATION_OK"
23282,10145763357,10145763392,1,"IOTHUB_CLIENT_CONFIRMATION_OK"
23283,10145763557,10145763637,1,"IOTHUB_CLIENT_CONFIRMATION_OK"
23284,10145763757,10145763789,1,"IOTHUB_CLIENT_CONFIRMATION_OK"
23285,10145763957,10145763995,1,"IOTHUB_CLIENT_CONFIRMATION_OK"
23286,10145764157,10145764275,1,"IOTHUB_CLIENT_CONFIRMATION_OK"
23287,10145764357,10145764387,1,"IOTHUB_CLIENT_CONFIRMATION_OK"
23288,10145764558,10145764666,1,"IOTHUB_CLIENT_CONFIRMATION_OK"
23289,10145764758,10145764789,1,"IOTHUB_CLIENT_CONFIRMATION_OK"
23290,10145764958,10145764991,1,"IOTHUB_CLIENT_CONFIRMATION_OK"
23291,10145765158,10145765270,1,"IOTHUB_CLIENT_CONFIRMATION_OK"
23292,10145765358,10145765390,1,"IOTHUB_CLIENT_CONFIRMATION_OK"
23293,10145765558,10145765588,1,"IOTHUB_CLIENT_CONFIRMATION_OK"
23294,10145765758,10145765798,1,"IOTHUB_CLIENT_CONFIRMATION_OK"
23295,10145765959,10145765988,1,"IOTHUB_CLIENT_CONFIRMATION_OK"
23296,10145766159,10145766202,1,"IOTHUB_CLIENT_CONFIRMATION_OK"
23297,10145766359,10145766389,1,"IOTHUB_CLIENT_CONFIRMATION_OK"
23298,10145766559,10145766593,1,"IOTHUB_CLIENT_CONFIRMATION_OK"
23299,10145766759,10145766887,1,"IOTHUB_CLIENT_CONFIRMATION_OK"
23300,10145766959,10145766992,1,"IOTHUB_CLIENT_CONFIRMATION_OK"
23301,10145767160,10145767194,1,"IOTHUB_CLIENT_CONFIRMATION_OK"
23302,10145767360,10145767396,1,"IOTHUB_CLIENT_CONFIRMATION_OK"
23303,10145767560,10145767601,1,"IOTHUB_CLIENT_CONFIRMATION_OK"
23304,10145767760,10145767794,1,"IOTHUB_CLIENT_CONFIRMATION_OK"
23305,10145767960,10145767999,1,"IOTHUB_CLIENT_CONFIRMATION_OK"
23306,10145768160,10145768195,1,"IOTHUB_CLIENT_CONFIRMATION_OK"
23307,10145768360,10145768408,1,"IOTHUB_CLIENT_CONFIRMATION_OK"
23308,10145768561,10145768614,1,"IOTHUB_CLIENT_CONFIRMATION_OK"
23309,10145768761,10145768813,1,"IOTHUB_CLIENT_CONFIRMATION_OK"
23310,10145768961,10145769002,1,"IOTHUB_CLIENT_CONFIRMATION_OK"
23311,10145769161,10145769191,1,"IOTHUB_CLIENT_CONFIRMATION_OK"
23312,10145769361,10145769395,1,"IOTHUB_CLIENT_CONFIRMATION_OK"
23313,10145769561,10145769628,1,"IOTHUB_CLIENT_CONFIRMATION_OK"
23314,10145769761,10145769797,1,"IOTHUB_CLIENT_CONFIRMATION_OK"
23315,10145769962,10145770050,1,"IOTHUB_CLIENT_CONFIRMATION_OK"
23316,10145770162,10145770194,1,"IOTHUB_CLIENT_CONFIRMATION_OK"
23317,10145770362,10145770404,1,"IOTHUB_CLIENT_CONFIRMATION_OK"
23318,10145770562,10145770650,1,"IOTHUB_CLIENT_CONFIRMATION_OK"
23319,10145770762,10145770812,1,"IOTHUB_CLIENT_CONFIRMATION_OK"
23320,10145770962,10145770993,1,"IOTHUB_CLIENT_CONFIRMATION_OK"
23321,10145771163,10145771194,1,"IOTHUB_CLIENT_CONFIRMATION_OK"
23322,10145771363,10145771403,1,"IOTHUB_CLIENT_CONFIRMATION_OK"
23323,10145771563,10145771672,1,"IOTHUB_CLIENT_CONFIRMATION_OK"
23324,10145771763,10145771805,1,"IOTHUB_CLIENT_CONFIRMATION_OK"
23325,10145771963,10145771997,1,"IOTHUB_CLIENT_CONFIRMATION_OK"
23326,10145772163,10145772290,1,"IOTHUB_CLIENT_CONFIRMATION_OK"
23327,10145772363,10145772397,1,"IOTHUB_CLIENT_CONFIRMATION_OK"
23328,10145772564,10145772592,1,"IOTHUB_CLIENT_CONFIRMATION_OK"
23329,10145772764,10145772793,1,"IOTHUB_CLIENT_CONFIRMATION_OK"
23330,10145772964,10145773008,1,"IOTHUB_CLIENT_CONFIRMATION_OK"
23331,10145773164,10145773296,1,"IOTHUB_CLIENT_CONFIRMATION_OK"
23332,10145773364,10145773405,1,"IOTHUB_CLIENT_CONFIRMATION_OK"
23333,10145773564,10145773597,1,"IOTHUB_CLIENT_CONFIRMATION_OK"
23334,10145773764,10145773798,1,"IOTHUB_CLIENT_CONFIRMATION_OK"
23335,10145773965,10145774000,1,"IOTHUB_CLIENT_CONFIRMATION_OK"
23336,10145774165,10145774196,1,"IOTHUB_CLIENT_CONFIRMATION_OK"
23337,10145774365,10145774397,1,"IOTHUB_CLIENT_CONFIRMATION_OK"
23338,10145774565,10145774599,1,"IOTHUB_CLIENT_CONFIRMATION_OK"
23339,10145774765,10145774921,1,"IOTHUB_CLIENT_CONFIRMATION_OK"
23340,10145774965,10145775001,1,"IOTHUB_CLIENT_CONFIRMATION_OK"
23341,10145775166,10145775218,1,"IOTHUB_CLIENT_CONFIRMATION_OK"
23342,10145775366,10145775400,1,"IOTHUB_CLIENT_CONFIRMATION_OK"
23343,10145775566,10145775601,1,"IOTHUB_CLIENT_CONFIRMATION_OK"
23344,10145775766,10145775797,1,"IOTHUB_CLIENT_CONFIRMATION_OK"
23345,10145775966,10145776005,1,"IOTHUB_CLIENT_CONFIRMATION_OK"
23346,10145776166,10145776199,1,"IOTHUB_CLIENT_CONFIRMATION_OK"
23347,10145776366,10145776557,1,"IOTHUB_CLIENT_CONFIRMATION_OK"
23348,10145776567,10145776607,1,"IOTHUB_CLIENT_CONFIRMATION_OK"
23349,10145776767,10145776864,1,"IOTHUB_CLIENT_CONFIRMATION_OK"
23350,10145776967,10145777002,1,"IOTHUB_CLIENT_CONFIRMATION_OK"
23351,10145777167,10145777201,1,"IOTHUB_CLIENT_CONFIRMATION_OK"
23352,10145777367,10145777404,1,"IOTHUB_CLIENT_CONFIRMATION_OK"
23353,10145777567,10145777603,1,"IOTHUB_CLIENT_CONFIRMATION_OK"
23354,10145777767,10145777801,1,"IOTHUB_CLIENT_CONFIRMATION_OK"
23355,10145777968,10145778170,1,"IOTHUB_CLIENT_CONFIRMATION_OK"
23356,10145778168,10145778202,1,"IOTHUB_CLIENT_CONFIRMATION_OK"
23357,10145778368,10145778408,1,"IOTHUB_CLIENT_CONFIRMATION_OK"
23358,10145778568,10145778604,1,"IOTHUB_CLIENT_CONFIRMATION_OK"
23359,10145778768,10145778803,1,"IOTHUB_CLIENT_CONFIRMATION_OK"
23360,10145778968,10145779005,1,"IOTHUB_CLIENT_CONFIRMATION_OK"
23361,10145779169,10145779222,1,"IOTHUB_CLIENT_CONFIRMATION_OK"
23362,10145779369,10145779405,1,"IOTHUB_CLIENT_CONFIRMATION_OK"
23363,10145779569,10145779644,1,"IOTHUB_CLIENT_CONFIRMATION_OK"
23364,10145779769,10145779806,1,"IOTHUB_CLIENT_CONFIRMATION_OK"
23365,10145779969,10145780252,1,"IOTHUB_CLIENT_CONFIRMATION_OK"
23366,10145780169,10145780298,1,"IOTHUB_CLIENT_CONFIRMATION_OK"
23367,10145780369,10145780743,1,"IOTHUB_CLIENT_CONFIRMATION_OK"
23368,10145780570,10145780868,1,"IOTHUB_CLIENT_CONFIRMATION_OK"
23369,10145780770,10145780888,1,"IOTHUB_CLIENT_CONFIRMATION_OK"
23370,10145780970,10145781002,1,"IOTHUB_CLIENT_CONFIRMATION_OK"
23371,10145781170,10145781202,1,"IOTHUB_CLIENT_CONFIRMATION_OK"
23372,10145781370,10145781406,1,"IOTHUB_CLIENT_CONFIRMATION_OK"
23373,10145781570,10145781614,1,"IOTHUB_CLIENT_CONFIRMATION_OK"
23374,10145781770,10145781860,1,"IOTHUB_CLIENT_CONFIRMATION_OK"
23375,10145781971,10145782014,1,"IOTHUB_CLIENT_CONFIRMATION_OK"
23376,10145782171,10145782207,1,"IOTHUB_CLIENT_CONFIRMATION_OK"
23377,10145782371,10145782496,1,"IOTHUB_CLIENT_CONFIRMATION_OK"
23378,10145782571,10145782606,1,"IOTHUB_CLIENT_CONFIRMATION_OK"
23379,10145782771,10145782817,1,"IOTHUB_CLIENT_CONFIRMATION_OK"
23380,10145782971,10145783016,1,"IOTHUB_CLIENT_CONFIRMATION_OK"
23381,10145783172,10145783206,1,"IOTHUB_CLIENT_CONFIRMATION_OK"
23382,10145783372,10145783497,1,"IOTHUB_CLIENT_CONFIRMATION_OK"
23383,10145783572,10145783605,1,"IOTHUB_CLIENT_CONFIRMATION_OK"
23384,10145783772,10145783811,1,"IOTHUB_CLIENT_CONFIRMATION_OK"
23385,10145783972,10145784109,1,"IOTHUB_CLIENT_CONFIRMATION_OK"
23386,10145784172,10145784204,1,"IOTHUB_CLIENT_CONFIRMATION_OK"
23387,10145784372,10145784414,1,"IOTHUB_CLIENT_CONFIRMATION_OK"
23388,10145784573,10145784610,1,"IOTHUB_CLIENT_CONFIRMATION_OK"
23389,10145784773,10145784802,1,"IOTHUB_CLIENT_CONFIRMATION_OK"
23390,10145784973,10145785164,1,"IOTHUB_CLIENT_CONFIRMATION_OK"
23391,10145785173,10145785213,1,"IOTHUB_CLIENT_CONFIRMATION_OK"
23392,10145785373,10145785412,1,"IOTHUB_CLIENT_CONFIRMATION_OK"
23393,10145785573,10145785611,1,"IOTHUB_CLIENT_CONFIRMATION_OK"
23394,10145785773,10145785816,1,"IOTHUB_CLIENT_CONFIRMATION_OK"
23395,10145785974,10145786019,1,"IOTHUB_CLIENT_CONFIRMATION_OK"
23396,10145786174,10145786212,1,"IOTHUB_CLIENT_CONFIRMATION_OK"
23397,10145786374,10145786405,1,"IOTHUB_CLIENT_CONFIRMATION_OK"
23398,10145786574,10145786606,1,"IOTHUB_CLIENT_CONFIRMATION_OK"
23399,10145786774,10145786809,1,"IOTHUB_CLIENT_CONFIRMATION_OK"
23400,10145786974,10145787008,1,"IOTHUB_CLIENT_CONFIRMATION_OK"
23401,10145787175,10145787212,1,"IOTHUB_CLIENT_CONFIRMATION_OK"
23402,10145787375,10145787411,1,"IOTHUB_CLIENT_CONFIRMATION_OK"
23403,10145787575,10145787606,1,"IOTHUB_CLIENT_CONFIRMATION_OK"
23404,10145787775,10145787835,1,"IOTHUB_CLIENT_CONFIRMATION_OK"
23405,10145787975,10145788011,1,"IOTHUB_CLIENT_CONFIRMATION_OK"
23406,10145788175,10145788214,1,"IOTHUB_CLIENT_CONFIRMATION_OK"
23407,10145788375,10145788410,1,"IOTHUB_CLIENT_CONFIRMATION_OK"
23408,10145788576,10145788613,1,"IOTHUB_CLIENT_CONFIRMATION_OK"
23409,10145788776,10145788845,1,"IOTHUB_CLIENT_CONFIRMATION_OK"
23410,10145788976,10145789021,1,"IOTHUB_CLIENT_CONFIRMATION_OK"
23411,10145789176,10145789207,1,"IOTHUB_CLIENT_CONFIRMATION_OK"
23412,10145789376,10145789414,1,"IOTHUB_CLIENT_CONFIRMATION_OK"
23413,10145789576,10145789623,1,"IOTHUB_CLIENT_CONFIRMATION_OK"
23414,10145789776,10145789859,1,"IOTHUB_CLIENT_CONFIRMATION_OK"
23415,10145789977,10145790008,1,"IOTHUB_CLIENT_CONFIRMATION_OK"
23416,10145790177,10145790213,1,"IOTHUB_CLIENT_CONFIRMATION_OK"
23417,10145790377,10145790470,1,"IOTHUB_CLIENT_CONFIRMATION_OK"
23418,10145790577,10145790611,1,"IOTHUB_CLIENT_CONFIRMATION_OK"
23419,10145790777,10145790809,1,"IOTHUB_CLIENT_CONFIRMATION_OK"
23420,10145790977,10145791011,1,"IOTHUB_CLIENT_CONFIRMATION_OK"
23421,10145791178,10145791221,1,"IOTHUB_CLIENT_CONFIRMATION_OK"
23422,10145791378,10145791484,1,"IOTHUB_CLIENT_CONFIRMATION_OK"
23423,10145791578,10145791613,1,"IOTHUB_CLIENT_CONFIRMATION_OK"
23424,10145791778,10145791811,1,"IOTHUB_CLIENT_CONFIRMATION_OK"
23425,10145791978,10145792112,1,"IOTHUB_CLIENT_CONFIRMATION_OK"
23426,10145792178,10145792218,1,"IOTHUB_CLIENT_CONFIRMATION_OK"
23427,10145792378,10145792520,1,"IOTHUB_CLIENT_CONFIRMATION_OK"
23428,10145792579,10145792725,1,"IOTHUB_CLIENT_CONFIRMATION_OK"
23429,10145792779,10145792822,1,"IOTHUB_CLIENT_CONFIRMATION_OK"
23430,10145792979,10145793121,1,"IOTHUB_CLIENT_CONFIRMATION_OK"
23431,10145793179,10145793212,1,"IOTHUB_CLIENT_CONFIRMATION_OK"
23432,10145793379,10145793410,1,"IOTHUB_CLIENT_CONFIRMATION_OK"
23433,10145793579,10145793751,1,"IOTHUB_CLIENT_CONFIRMATION_OK"
23434,10145793780,10145793813,1,"IOTHUB_CLIENT_CONFIRMATION_OK"
23435,10145793980,10145794011,1,"IOTHUB_CLIENT_CONFIRMATION_OK"
23436,10145794180,10145794220,1,"IOTHUB_CLIENT_CONFIRMATION_OK"
23437,10145794380,10145794410,1,"IOTHUB_CLIENT_CONFIRMATION_OK"
23438,10145794580,10145794756,1,"IOTHUB_CLIENT_CONFIRMATION_OK"
23439,10145794780,10145794817,1,"IOTHUB_CLIENT_CONFIRMATION_OK"
23440,10145794980,10145795011,1,"IOTHUB_CLIENT_CONFIRMATION_OK"
23441,10145795181,10145795220,1,"IOTHUB_CLIENT_CONFIRMATION_OK"
23442,10145795381,10145795416,1,"IOTHUB_CLIENT_CONFIRMATION_OK"
23443,10145795581,10145795616,1,"IOTHUB_CLIENT_CONFIRMATION_OK"
23444,10145795781,10145795817,1,"IOTHUB_CLIENT_CONFIRMATION_OK"
23445,10145795981,10145796024,1,"IOTHUB_CLIENT_CONFIRMATION_OK"
23446,10145796181,10145796220,1,"IOTHUB_CLIENT_CONFIRMATION_OK"
23447,10145796381,10145796423,1,"IOTHUB_CLIENT_CONFIRMATION_OK"
23448,10145796581,10145796625,1,"IOTHUB_CLIENT_CONFIRMATION_OK"
23449,10145796782,10145796817,1,"IOTHUB_CLIENT_CONFIRMATION_OK"
23450,10145796982,10145797019,1,"IOTHUB_CLIENT_CONFIRMATION_OK"
23451,10145797182,10145797234,1,"IOTHUB_CLIENT_CONFIRMATION_OK"
23452,10145797382,10145797434,1,"IOTHUB_CLIENT_CONFIRMATION_OK"
23453,10145797582,10145797621,1,"IOTHUB_CLIENT_CONFIRMATION_OK"
23454,10145797782,10145797818,1,"IOTHUB_CLIENT_CONFIRMATION_OK"
23455,10145797982,10145798016,1,"IOTHUB_CLIENT_CONFIRMATION_OK"
23456,10145798183,10145798221,1,"IOTHUB_CLIENT_CONFIRMATION_OK"
23457,10145798383,10145798433,1,"IOTHUB_CLIENT_CONFIRMATION_OK"
23458,10145798583,10145798622,1,"IOTHUB_CLIENT_CONFIRMATION_OK"
23459,10145798783,10145798825,1,"IOTHUB_CLIENT_CONFIRMATION_OK"
23460,10145798983,10145799055,1,"IOTHUB_CLIENT_CONFIRMATION_OK"
23461,10145799183,10145799220,1,"IOTHUB_CLIENT_CONFIRMATION_OK"
23462,10145799384,10145799417,1,"IOTHUB_CLIENT_CONFIRMATION_OK"
23463,10145799584,10145799618,1,"IOTHUB_CLIENT_CONFIRMATION_OK"
23464,10145799784,10145799874,1,"IOTHUB_CLIENT_CONFIRMATION_OK"
23465,10145799984,10145800095,1,"IOTHUB_CLIENT_CONFIRMATION_OK"
23466,10145800184,10145800228,1,"IOTHUB_CLIENT_CONFIRMATION_OK"
23467,10145800384,10145800415,1,"IOTHUB_CLIENT_CONFIRMATION_OK"
23468,10145800584,10145800703,1,"IOTHUB_CLIENT_CONFIRMATION_OK"
23469,10145800785,10145800825,1,"IOTHUB_CLIENT_CONFIRMATION_OK"
23470,10145800985,10145801022,1,"IOTHUB_CLIENT_CONFIRMATION_OK"
23471,10145801185,10145801217,1,"IOTHUB_CLIENT_CONFIRMATION_OK"
23472,10145801385,10145801444,1,"IOTHUB_CLIENT_CONFIRMATION_OK"
23473,10145801585,10145801705,1,"IOTHUB_CLIENT_CONFIRMATION_OK"
23474,10145801785,10145801824,1,"IOTHUB_CLIENT_CONFIRMATION_OK"
23475,10145801986,10145802035,1,"IOTHUB_CLIENT_CONFIRMATION_OK"
23476,10145802186,10145802316,1,"IOTHUB_CLIENT_CONFIRMATION_OK"
23477,10145802386,10145802415,1,"IOTHUB_CLIENT_CONFIRMATION_OK"
23478,10145802586,10145802620,1,"IOTHUB_CLIENT_CONFIRMATION_OK"
23479,10145802786,10145802829,1,"IOTHUB_CLIENT_CONFIRMATION_OK"
23480,10145802986,10145803020,1,"IOTHUB_CLIENT_CONFIRMATION_OK"
23481,10145803187,10145803329,1,"IOTHUB_CLIENT_CONFIRMATION_OK"
23482,10145803387,10145803418,1,"IOTHUB_CLIENT_CONFIRMATION_OK"
23483,10145803587,10145803629,1,"IOTHUB_CLIENT_CONFIRMATION_OK"
23484,10145803787,10145803828,1,"IOTHUB_CLIENT_CONFIRMATION_OK"
23485,10145803987,10145804020,1,"IOTHUB_CLIENT_CONFIRMATION_OK"
23486,10145804187,10145804227,1,"IOTHUB_CLIENT_CONFIRMATION_OK"
23487,10145804388,10145804476,1,"IOTHUB_CLIENT_CONFIRMATION_OK"
23488,10145804588,10145804621,1,"IOTHUB_CLIENT_CONFIRMATION_OK"
23489,10145804788,10145804957,1,"IOTHUB_CLIENT_CONFIRMATION_OK"
23490,10145804988,10145805025,1,"IOTHUB_CLIENT_CONFIRMATION_OK"
23491,10145805188,10145805219,1,"IOTHUB_CLIENT_CONFIRMATION_OK"
23492,10145805389,10145805423,1,"IOTHUB_CLIENT_CONFIRMATION_OK"
23493,10145805589,10145805621,1,"IOTHUB_CLIENT_CONFIRMATION_OK"
23494,10145805789,10145805821,1,"IOTHUB_CLIENT_CONFIRMATION_OK"
23495,10145805989,10145806020,1,"IOTHUB_CLIENT_CONFIRMATION_OK"
23496,10145806189,10145806230,1,"IOTHUB_CLIENT_CONFIRMATION_OK"
23497,10145806389,10145806614,1,"IOTHUB_CLIENT_CONFIRMATION_OK"
23498,10145806589,10145806645,1,"IOTHUB_CLIENT_CONFIRMATION_OK"
23499,10145806790,10145806833,1,"IOTHUB_CLIENT_CONFIRMATION_OK"
23500,10145806990,10145807023,1,"IOTHUB_CLIENT_CONFIRMATION_OK"
23501,10145807190,10145807224,1,"IOTHUB_CLIENT_CONFIRMATION_OK"
23502,10145807390,10145807434,1,"IOTHUB_CLIENT_CONFIRMATION_OK"
23503,10145807590,10145807627,1,"IOTHUB_CLIENT_CONFIRMATION_OK"
23504,10145807790,10145807827,1,"IOTHUB_CLIENT_CONFIRMATION_OK"
23505,10145807991,10145808032,1,"IOTHUB_CLIENT_CONFIRMATION_OK"
23506,10145808191,10145808227,1,"IOTHUB_CLIENT_CONFIRMATION_OK"
23507,10145808391,10145808426,1,"IOTHUB_CLIENT_CONFIRMATION_OK"
23508,10145808591,10145808645,1,"IOTHUB_CLIENT_CONFIRMATION_OK"
23509,10145808791,10145808826,1,"IOTHUB_CLIENT_CONFIRMATION_OK"
23510,10145808991,10145809025,1,"IOTHUB_CLIENT_CONFIRMATION_OK"
23511,10145809192,10145809358,1,"IOTHUB_CLIENT_CONFIRMATION_OK"
23512,10145809392,10145809424,1,"IOTHUB_CLIENT_CONFIRMATION_OK"
23513,10145809592,10145809778,1,"IOTHUB_CLIENT_CONFIRMATION_OK"
23514,10145809792,10145809826,1,"IOTHUB_CLIENT_CONFIRMATION_OK"
23515,10145809992,10145810026,1,"IOTHUB_CLIENT_CONFIRMATION_OK"
23516,10145810192,10145810229,1,"IOTHUB_CLIENT_CONFIRMATION_OK"
23517,10145810392,10145810427,1,"IOTHUB_CLIENT_CONFIRMATION_OK"
23518,10145810593,10145810624,1,"IOTHUB_CLIENT_CONFIRMATION_OK"
23519,10145810793,10145810828,1,"IOTHUB_CLIENT_CONFIRMATION_OK"
23520,10145810993,10145811028,1,"IOTHUB_CLIENT_CONFIRMATION_OK"
23521,10145811193,10145811233,1,"IOTHUB_CLIENT_CONFIRMATION_OK"
23522,10145811393,10145811429,1,"IOTHUB_CLIENT_CONFIRMATION_OK"
23523,10145811593,10145811634,1,"IOTHUB_CLIENT_CONFIRMATION_OK"
23524,10145811794,10145811829,1,"IOTHUB_CLIENT_CONFIRMATION_OK"
23525,10145811994,10145812023,1,"IOTHUB_CLIENT_CONFIRMATION_OK"
23526,10145812194,10145812223,1,"IOTHUB_CLIENT_CONFIRMATION_OK"
23527,10145812394,10145812433,1,"IOTHUB_CLIENT_CONFIRMATION_OK"
23528,10145812594,10145812629,1,"IOTHUB_CLIENT_CONFIRMATION_OK"
23529,10145812794,10145812827,1,"IOTHUB_CLIENT_CONFIRMATION_OK"
23530,10145812994,10145813032,1,"IOTHUB_CLIENT_CONFIRMATION_OK"
23531,10145813195,10145813227,1,"IOTHUB_CLIENT_CONFIRMATION_OK"
23532,10145813395,10145813439,1,"IOTHUB_CLIENT_CONFIRMATION_OK"
23533,10145813595,10145813630,1,"IOTHUB_CLIENT_CONFIRMATION_OK"
23534,10145813795,10145813827,1,"IOTHUB_CLIENT_CONFIRMATION_OK"
23535,10145813995,10145814061,1,"IOTHUB_CLIENT_CONFIRMATION_OK"
23536,10145814195,10145814230,1,"IOTHUB_CLIENT_CONFIRMATION_OK"
23537,10145814396,10145814439,1,"IOTHUB_CLIENT_CONFIRMATION_OK"
23538,10145814596,10145814629,1,"IOTHUB_CLIENT_CONFIRMATION_OK"
23539,10145814796,10145814838,1,"IOTHUB_CLIENT_CONFIRMATION_OK"
23540,10145814996,10145815163,1,"IOTHUB_CLIENT_CONFIRMATION_OK"
23541,10145815196,10145815249,1,"IOTHUB_CLIENT_CONFIRMATION_OK"
23542,10145815396,10145815432,1,"IOTHUB_CLIENT_CONFIRMATION_OK"
23543,10145815596,10145815629,1,"IOTHUB_CLIENT_CONFIRMATION_OK"
23544,10145815797,10145815825,1,"IOTHUB_CLIENT_CONFIRMATION_OK"
23545,10145815997,10145816035,1,"IOTHUB_CLIENT_CONFIRMATION_OK"
23546,10145816197,10145816232,1,"IOTHUB_CLIENT_CONFIRMATION_OK"
23547,10145816397,10145816431,1,"IOTHUB_CLIENT_CONFIRMATION_OK"
23548,10145816597,10145816633,1,"IOTHUB_CLIENT_CONFIRMATION_OK"
23549,10145816797,10145816831,1,"IOTHUB_CLIENT_CONFIRMATION_OK"
23550,10145816998,10145817032,1,"IOTHUB_CLIENT_CONFIRMATION_OK"
23551,10145817198,10145817230,1,"IOTHUB_CLIENT_CONFIRMATION_OK"
23552,10145817398,10145817431,1,"IOTHUB_CLIENT_CONFIRMATION_OK"
23553,10145817598,10145817632,1,"IOTHUB_CLIENT_CONFIRMATION_OK"
23554,10145817798,10145817863,1,"IOTHUB_CLIENT_CONFIRMATION_OK"
23555,10145817998,10145818040,1,"IOTHUB_CLIENT_CONFIRMATION_OK"
23556,10145818199,10145818238,1,"IOTHUB_CLIENT_CONFIRMATION_OK"
23557,10145818399,10145818440,1,"IOTHUB_CLIENT_CONFIRMATION_OK"
23558,10145818599,10145818642,1,"IOTHUB_CLIENT_CONFIRMATION_OK"
23559,10145818799,10145818836,1,"IOTHUB_CLIENT_CONFIRMATION_OK"
23560,10145818999,10145819046,1,"IOTHUB_CLIENT_CONFIRMATION_OK"
23561,10145819199,10145819233,1,"IOTHUB_CLIENT_CONFIRMATION_OK"
23562,10145819399,10145819440,1,"IOTHUB_CLIENT_CONFIRMATION_OK"
23563,10145819600,10145819635,1,"IOTHUB_CLIENT_CONFIRMATION_OK"
23564,10145819800,10145819834,1,"IOTHUB_CLIENT_CONFIRMATION_OK"
23565,10145820000,10145820045,1,"IOTHUB_CLIENT_CONFIRMATION_OK"
23566,10145820201,10145820250,1,"IOTHUB_CLIENT_CONFIRMATION_OK"
23567,10145820401,10145820453,1,"IOTHUB_CLIENT_CONFIRMATION_OK"
23568,10145820601,10145820647,1,"IOTHUB_CLIENT_CONFIRMATION_OK"
23569,10145820801,10145820833,1,"IOTHUB_CLIENT_CONFIRMATION_OK"
23570,10145821001,10145821082,1,"IOTHUB_CLIENT_CONFIRMATION_OK"
23571,10145821201,10145821241,1,"IOTHUB_CLIENT_CONFIRMATION_OK"
23572,10145821401,10145821471,1,"IOTHUB_CLIENT_CONFIRMATION_OK"
23573,10145821602,10145821635,1,"IOTHUB_CLIENT_CONFIRMATION_OK"
23574,10145821802,10145821839,1,"IOTHUB_CLIENT_CONFIRMATION_OK"
23575,10145822002,10145822082,1,"IOTHUB_CLIENT_CONFIRMATION_OK"
23576,10145822202,10145822235,1,"IOTHUB_CLIENT_CONFIRMATION_OK"
23577,10145822402,10145822447,1,"IOTHUB_CLIENT_CONFIRMATION_OK"
23578,10145822602,10145822650,1,"IOTHUB_CLIENT_CONFIRMATION_OK"
23579,10145822802,10145822838,1,"IOTHUB_CLIENT_CONFIRMATION_OK"
23580,10145823003,10145823121,1,"IOTHUB_CLIENT_CONFIRMATION_OK"
23581,10145823203,10145823239,1,"IOTHUB_CLIENT_CONFIRMATION_OK"
23582,10145823403,10145823435,1,"IOTHUB_CLIENT_CONFIRMATION_OK"
23583,10145823603,10145823742,1,"IOTHUB_CLIENT_CONFIRMATION_OK"
23584,10145823803,10145823889,1,"IOTHUB_CLIENT_CONFIRMATION_OK"
23585,10145824003,10145824039,1,"IOTHUB_CLIENT_CONFIRMATION_OK"
23586,10145824204,10145824233,1,"IOTHUB_CLIENT_CONFIRMATION_OK"
23587,10145824404,10145824443,1,"IOTHUB_CLIENT_CONFIRMATION_OK"
23588,10145824604,10145824741,1,"IOTHUB_CLIENT_CONFIRMATION_OK"
23589,10145824804,10145824841,1,"IOTHUB_CLIENT_CONFIRMATION_OK"
23590,10145825004,10145825035,1,"IOTHUB_CLIENT_CONFIRMATION_OK"
23591,10145825204,10145825362,1,"IOTHUB_CLIENT_CONFIRMATION_OK"
23592,10145825405,10145825436,1,"IOTHUB_CLIENT_CONFIRMATION_OK"
23593,10145825605,10145825640,1,"IOTHUB_CLIENT_CONFIRMATION_OK"
23594,10145825805,10145825837,1,"IOTHUB_CLIENT_CONFIRMATION_OK"
23595,10145826005,10145826036,1,"IOTHUB_CLIENT_CONFIRMATION_OK"
23596,10145826205,10145826235,1,"IOTHUB_CLIENT_CONFIRMATION_OK"
23597,10145826405,10145826450,1,"IOTHUB_CLIENT_CONFIRMATION_OK"
23598,10145826605,10145826645,1,"IOTHUB_CLIENT_CONFIRMATION_OK"
23599,10145826806,10145826844,1,"IOTHUB_CLIENT_CONFIRMATION_OK"
23600,10145827006,10145827038,1,"IOTHUB_CLIENT_CONFIRMATION_OK"
23601,10145827206,10145827258,1,"IOTHUB_CLIENT_CONFIRMATION_OK"
23602,10145827406,10145827440,1,"IOTHUB_CLIENT_CONFIRMATION_OK"
23603,10145827606,10145827637,1,"IOTHUB_CLIENT_CONFIRMATION_OK"
23604,10145827806,10145827840,1,"IOTHUB_CLIENT_CONFIRMATION_OK"
23605,10145828007,10145828042,1,"IOTHUB_CLIENT_CONFIRMATION_OK"
23606,10145828207,10145828238,1,"IOTHUB_CLIENT_CONFIRMATION_OK"
23607,10145828407,10145828450,1,"IOTHUB_CLIENT_CONFIRMATION_OK"
23608,10145828607,10145828636,1,"IOTHUB_CLIENT_CONFIRMATION_OK"
23609,10145828807,10145828899,1,"IOTHUB_CLIENT_CONFIRMATION_OK"
23610,10145829007,10145829120,1,"IOTHUB_CLIENT_CONFIRMATION_OK"
23611,10145829207,10145829243,1,"IOTHUB_CLIENT_CONFIRMATION_OK"
23612,10145829408,10145829458,1,"IOTHUB_CLIENT_CONFIRMATION_OK"
23613,10145829608,10145829637,1,"IOTHUB_CLIENT_CONFIRMATION_OK"
23614,10145829808,10145829837,1,"IOTHUB_CLIENT_CONFIRMATION_OK"
23615,10145830008,10145830143,1,"IOTHUB_CLIENT_CONFIRMATION_OK"
23616,10145830208,10145830285,1,"IOTHUB_CLIENT_CONFIRMATION_OK"
23617,10145830408,10145830452,1,"IOTHUB_CLIENT_CONFIRMATION_OK"
23618,10145830609,10145830642,1,"IOTHUB_CLIENT_CONFIRMATION_OK"
23619,10145830809,10145830848,1,"IOTHUB_CLIENT_CONFIRMATION_OK"
23620,10145831009,10145831039,1,"IOTHUB_CLIENT_CONFIRMATION_OK"
23621,10145831209,10145831241,1,"IOTHUB_CLIENT_CONFIRMATION_OK"
23622,10145831409,10145831446,1,"IOTHUB_CLIENT_CONFIRMATION_OK"
23623,10145831609,10145831781,1,"IOTHUB_CLIENT_CONFIRMATION_OK"
23624,10145831809,10145831852,1,"IOTHUB_CLIENT_CONFIRMATION_OK"
23625,10145832010,10145832044,1,"IOTHUB_CLIENT_CONFIRMATION_OK"
23626,10145832210,10145832241,1,"IOTHUB_CLIENT_CONFIRMATION_OK"
23627,10145832410,10145832463,1,"IOTHUB_CLIENT_CONFIRMATION_OK"
23628,10145832610,10145832640,1,"IOTHUB_CLIENT_CONFIRMATION_OK"
23629,10145832810,10145832855,1,"IOTHUB_CLIENT_CONFIRMATION_OK"
23630,10145833010,10145833042,1,"IOTHUB_CLIENT_CONFIRMATION_OK"
23631,10145833210,10145833240,1,"IOTHUB_CLIENT_CONFIRMATION_OK"
23632,10145833411,10145833444,1,"IOTHUB_CLIENT_CONFIRMATION_OK"
23633,10145833611,10145833646,1,"IOTHUB_CLIENT_CONFIRMATION_OK"
23634,10145833811,10145833844,1,"IOTHUB_CLIENT_CONFIRMATION_OK"
23635,10145834011,10145834042,1,"IOTHUB_CLIENT_CONFIRMATION_OK"
23636,10145834211,10145834243,1,"IOTHUB_CLIENT_CONFIRMATION_OK"
23637,10145834411,10145834444,1,"IOTHUB_CLIENT_CONFIRMATION_OK"
23638,10145834611,10145834652,1,"IOTHUB_CLIENT_CONFIRMATION_OK"
23639,10145834812,10145834846,1,"IOTHUB_CLIENT_CONFIRMATION_OK"
23640,10145835012,10145835045,1,"IOTHUB_CLIENT_CONFIRMATION_OK"
23641,10145835212,10145835265,1,"IOTHUB_CLIENT_CONFIRMATION_OK"
23642,10145835412,10145835455,1,"IOTHUB_CLIENT_CONFIRMATION_OK"
23643,10145835612,10145835647,1,"IOTHUB_CLIENT_CONFIRMATION_OK"
23644,10145835812,10145835857,1,"IOTHUB_CLIENT_CONFIRMATION_OK"
23645,10145836013,10145836058,1,"IOTHUB_CLIENT_CONFIRMATION_OK"
23646,10145836213,10145836248,1,"IOTHUB_CLIENT_CONFIRMATION_OK"
23647,10145836413,10145836461,1,"IOTHUB_CLIENT_CONFIRMATION_OK"
23648,10145836613,10145836642,1,"IOTHUB_CLIENT_CONFIRMATION_OK"
23649,10145836813,10145836848,1,"IOTHUB_CLIENT_CONFIRMATION_OK"
23650,10145837013,10145837064,1,"IOTHUB_CLIENT_CONFIRMATION_OK"
23651,10145837213,10145837256,1,"IOTHUB_CLIENT_CONFIRMATION_OK"
23652,10145837414,10145837454,1,"IOTHUB_CLIENT_CONFIRMATION_OK"
23653,10145837614,10145837681,1,"IOTHUB_CLIENT_CONFIRMATION_OK"
23654,10145837814,10145837858,1,"IOTHUB_CLIENT_CONFIRMATION_OK"
23655,10145838014,10145838082,1,"IOTHUB_CLIENT_CONFIRMATION_OK"
23656,10145838214,10145838268,1,"IOTHUB_CLIENT_CONFIRMATION_OK"
23657,10145838414,10145838451,1,"IOTHUB_CLIENT_CONFIRMATION_OK"
23658,10145838614,10145838703,1,"IOTHUB_CLIENT_CONFIRMATION_OK"
23659,10145838815,10145838985,1,"IOTHUB_CLIENT_CONFIRMATION_OK"
23660,10145839015,10145839059,1,"IOTHUB_CLIENT_CONFIRMATION_OK"
23661,10145839215,10145839249,1,"IOTHUB_CLIENT_CONFIRMATION_OK"
23662,10145839415,10145839458,1,"IOTHUB_CLIENT_CONFIRMATION_OK"
23663,10145839615,10145839797,1,"IOTHUB_CLIENT_CONFIRMATION_OK"
23664,10145839815,10145839856,1,"IOTHUB_CLIENT_CONFIRMATION_OK"
23665,10145840016,10145840047,1,"IOTHUB_CLIENT_CONFIRMATION_OK"
23666,10145840216,10145840246,1,"IOTHUB_CLIENT_CONFIRMATION_OK"
23667,10145840416,10145840451,1,"IOTHUB_CLIENT_CONFIRMATION_OK"
23668,10145840616,10145840648,1,"IOTHUB_CLIENT_CONFIRMATION_OK"
23669,10145840816,10145840849,1,"IOTHUB_CLIENT_CONFIRMATION_OK"
23670,10145841016,10145841060,1,"IOTHUB_CLIENT_CONFIRMATION_OK"
23671,10145841216,10145841261,1,"IOTHUB_CLIENT_CONFIRMATION_OK"
23672,10145841417,10145841460,1,"IOTHUB_CLIENT_CONFIRMATION_OK"
23673,10145841617,10145841668,1,"IOTHUB_CLIENT_CONFIRMATION_OK"
23674,10145841817,10145841858,1,"IOTHUB_CLIENT_CONFIRMATION_OK"
23675,10145842017,10145842055,1,"IOTHUB_CLIENT_CONFIRMATION_OK"
23676,10145842217,10145842252,1,"IOTHUB_CLIENT_CONFIRMATION_OK"
23677,10145842417,10145842455,1,"IOTHUB_CLIENT_CONFIRMATION_OK"
23678,10145842617,10145842651,1,"IOTHUB_CLIENT_CONFIRMATION_OK"
23679,10145842818,10145842871,1,"IOTHUB_CLIENT_CONFIRMATION_OK"
23680,10145843018,10145843053,1,"IOTHUB_CLIENT_CONFIRMATION_OK"
23681,10145843218,10145843251,1,"IOTHUB_CLIENT_CONFIRMATION_OK"
23682,10145843418,10145843475,1,"IOTHUB_CLIENT_CONFIRMATION_OK"
23683,10145843618,10145843660,1,"IOTHUB_CLIENT_CONFIRMATION_OK"
23684,10145843818,10145843864,1,"IOTHUB_CLIENT_CONFIRMATION_OK"
23685,10145844019,10145844056,1,"IOTHUB_CLIENT_CONFIRMATION_OK"
23686,10145844219,10145844262,1,"IOTHUB_CLIENT_CONFIRMATION_OK"
23687,10145844419,10145844453,1,"IOTHUB_CLIENT_CONFIRMATION_OK"
23688,10145844619,10145844661,1,"IOTHUB_CLIENT_CONFIRMATION_OK"
23689,10145844819,10145844853,1,"IOTHUB_CLIENT_CONFIRMATION_OK"
23690,10145845019,10145845089,1,"IOTHUB_CLIENT_CONFIRMATION_OK"
23691,10145845219,10145845253,1,"IOTHUB_CLIENT_CONFIRMATION_OK"
23692,10145845420,10145845454,1,"IOTHUB_CLIENT_CONFIRMATION_OK"
23693,10145845620,10145845674,1,"IOTHUB_CLIENT_CONFIRMATION_OK"
23694,10145845820,10145845856,1,"IOTHUB_CLIENT_CONFIRMATION_OK"
23695,10145846020,10145846053,1,"IOTHUB_CLIENT_CONFIRMATION_OK"
23696,10145846220,10145846262,1,"IOTHUB_CLIENT_CONFIRMATION_OK"
23697,10145846420,10145846453,1,"IOTHUB_CLIENT_CONFIRMATION_OK"
23698,10145846620,10145846695,1,"IOTHUB_CLIENT_CONFIRMATION_OK"
23699,10145846821,10145846857,1,"IOTHUB_CLIENT_CONFIRMATION_OK"
23700,10145847021,10145847063,1,"IOTHUB_CLIENT_CONFIRMATION_OK"
23701,10145847221,10145847298,1,"IOTHUB_CLIENT_CONFIRMATION_OK"
23702,10145847421,10145847457,1,"IOTHUB_CLIENT_CONFIRMATION_OK"
23703,10145847621,10145847652,1,"IOTHUB_CLIENT_CONFIRMATION_OK"
23704,10145847821,10145847872,1,"IOTHUB_CLIENT_CONFIRMATION_OK"
23705,10145848022,10145848053,1,"IOTHUB_CLIENT_CONFIRMATION_OK"
23706,10145848222,10145848317,1,"IOTHUB_CLIENT_CONFIRMATION_OK"
23707,10145848422,10145848457,1,"IOTHUB_CLIENT_CONFIRMATION_OK"
23708,10145848622,10145848653,1,"IOTHUB_CLIENT_CONFIRMATION_OK"
23709,10145848822,10145848942,1,"IOTHUB_CLIENT_CONFIRMATION_OK"
23710,10145849022,10145849053,1,"IOTHUB_CLIENT_CONFIRMATION_OK"
23711,10145849222,10145849257,1,"IOTHUB_CLIENT_CONFIRMATION_OK"
23712,10145849423,10145849467,1,"IOTHUB_CLIENT_CONFIRMATION_OK"
23713,10145849623,10145849660,1,"IOTHUB_CLIENT_CONFIRMATION_OK"
23714,10145849823,10145849954,1,"IOTHUB_CLIENT_CONFIRMATION_OK"
23715,10145850023,10145850060,1,"IOTHUB_CLIENT_CONFIRMATION_OK"
23716,10145850223,10145850255,1,"IOTHUB_CLIENT_CONFIRMATION_OK"
23717,10145850423,10145850569,1,"IOTHUB_CLIENT_CONFIRMATION_OK"
23718,10145850623,10145850652,1,"IOTHUB_CLIENT_CONFIRMATION_OK"
23719,10145850824,10145850864,1,"IOTHUB_CLIENT_CONFIRMATION_OK"
23720,10145851024,10145851064,1,"IOTHUB_CLIENT_CONFIRMATION_OK"
23721,10145851224,10145851258,1,"IOTHUB_CLIENT_CONFIRMATION_OK"
23722,10145851424,10145851609,1,"IOTHUB_CLIENT_CONFIRMATION_OK"
23723,10145851624,10145851658,1,"IOTHUB_CLIENT_CONFIRMATION_OK"
23724,10145851824,10145851864,1,"IOTHUB_CLIENT_CONFIRMATION_OK"
23725,10145852024,10145852066,1,"IOTHUB_CLIENT_CONFIRMATION_OK"
23726,10145852225,10145852258,1,"IOTHUB_CLIENT_CONFIRMATION_OK"
23727,10145852425,10145852459,1,"IOTHUB_CLIENT_CONFIRMATION_OK"
23728,10145852625,10145852672,1,"IOTHUB_CLIENT_CONFIRMATION_OK"
23729,10145852825,10145852939,1,"IOTHUB_CLIENT_CONFIRMATION_OK"
23730,10145853025,10145853130,1,"IOTHUB_CLIENT_CONFIRMATION_OK"
23731,10145853225,10145853260,1,"IOTHUB_CLIENT_CONFIRMATION_OK"
23732,10145853426,10145853462,1,"IOTHUB_CLIENT_CONFIRMATION_OK"
23733,10145853626,10145853739,1,"IOTHUB_CLIENT_CONFIRMATION_OK"
23734,10145853826,10145853871,1,"IOTHUB_CLIENT_CONFIRMATION_OK"
23735,10145854026,10145854072,1,"IOTHUB_CLIENT_CONFIRMATION_OK"
23736,10145854226,10145854260,1,"IOTHUB_CLIENT_CONFIRMATION_OK"
23737,10145854426,10145854465,1,"IOTHUB_CLIENT_CONFIRMATION_OK"
23738,10145854626,10145854748,1,"IOTHUB_CLIENT_CONFIRMATION_OK"
23739,10145854827,10145854859,1,"IOTHUB_CLIENT_CONFIRMATION_OK"
23740,10145855027,10145855058,1,"IOTHUB_CLIENT_CONFIRMATION_OK"
23741,10145855227,10145855377,1,"IOTHUB_CLIENT_CONFIRMATION_OK"
23742,10145855427,10145855458,1,"IOTHUB_CLIENT_CONFIRMATION_OK"
23743,10145855627,10145855672,1,"IOTHUB_CLIENT_CONFIRMATION_OK"
23744,10145855827,10145855859,1,"IOTHUB_CLIENT_CONFIRMATION_OK"
23745,10145856028,10145856066,1,"IOTHUB_CLIENT_CONFIRMATION_OK"
23746,10145856228,10145856261,1,"IOTHUB_CLIENT_CONFIRMATION_OK"
23747,10145856428,10145856463,1,"IOTHUB_CLIENT_CONFIRMATION_OK"
23748,10145856628,10145856660,1,"IOTHUB_CLIENT_CONFIRMATION_OK"
23749,10145856828,10145857011,1,"IOTHUB_CLIENT_CONFIRMATION_OK"
23750,10145857028,10145857059,1,"IOTHUB_CLIENT_CONFIRMATION_OK"
23751,10145857228,10145857284,1,"IOTHUB_CLIENT_CONFIRMATION_OK"
23752,10145857429,10145857474,1,"IOTHUB_CLIENT_CONFIRMATION_OK"
23753,10145857629,10145857764,1,"IOTHUB_CLIENT_CONFIRMATION_OK"
23754,10145857829,10145857874,1,"IOTHUB_CLIENT_CONFIRMATION_OK"
23755,10145858029,10145858075,1,"IOTHUB_CLIENT_CONFIRMATION_OK"
23756,10145858229,10145858270,1,"IOTHUB_CLIENT_CONFIRMATION_OK"
23757,10145858429,10145858464,1,"IOTHUB_CLIENT_CONFIRMATION_OK"
23758,10145858630,10145858666,1,"IOTHUB_CLIENT_CONFIRMATION_OK"
23759,10145858830,10145858868,1,"IOTHUB_CLIENT_CONFIRMATION_OK"
23760,10145859030,10145859096,1,"IOTHUB_CLIENT_CONFIRMATION_OK"
23761,10145859230,10145859266,1,"IOTHUB_CLIENT_CONFIRMATION_OK"
23762,10145859430,10145859472,1,"IOTHUB_CLIENT_CONFIRMATION_OK"
23763,10145859630,10145859672,1,"IOTHUB_CLIENT_CONFIRMATION_OK"
23764,10145859830,10145859883,1,"IOTHUB_CLIENT_CONFIRMATION_OK"
23765,10145860031,10145860072,1,"IOTHUB_CLIENT_CONFIRMATION_OK"
23766,10145860231,10145860301,1,"IOTHUB_CLIENT_CONFIRMATION_OK"
23767,10145860431,10145860483,1,"IOTHUB_CLIENT_CONFIRMATION_OK"
23768,10145860631,10145860675,1,"IOTHUB_CLIENT_CONFIRMATION_OK"
23769,10145860831,10145860880,1,"IOTHUB_CLIENT_CONFIRMATION_OK"
23770,10145861031,10145861072,1,"IOTHUB_CLIENT_CONFIRMATION_OK"
23771,10145861232,10145861275,1,"IOTHUB_CLIENT_CONFIRMATION_OK"
23772,10145861432,10145861464,1,"IOTHUB_CLIENT_CONFIRMATION_OK"
23773,10145861632,10145861696,1,"IOTHUB_CLIENT_CONFIRMATION_OK"
23774,10145861832,10145861870,1,"IOTHUB_CLIENT_CONFIRMATION_OK"
23775,10145862032,10145862116,1,"IOTHUB_CLIENT_CONFIRMATION_OK"
23776,10145862232,10145862324,1,"IOTHUB_CLIENT_CONFIRMATION_OK"
23777,10145862432,10145862477,1,"IOTHUB_CLIENT_CONFIRMATION_OK"
23778,10145862633,10145862670,1,"IOTHUB_CLIENT_CONFIRMATION_OK"
23779,10145862833,10145862886,1,"IOTHUB_CLIENT_CONFIRMATION_OK"
23780,10145863033,10145863072,1,"IOTHUB_CLIENT_CONFIRMATION_OK"
23781,10145863233,10145863341,1,"IOTHUB_CLIENT_CONFIRMATION_OK"
23782,10145863433,10145863474,1,"IOTHUB_CLIENT_CONFIRMATION_OK"
23783,10145863633,10145863680,1,"IOTHUB_CLIENT_CONFIRMATION_OK"
23784,10145863834,10145864021,1,"IOTHUB_CLIENT_CONFIRMATION_OK"
23785,10145864034,10145864076,1,"IOTHUB_CLIENT_CONFIRMATION_OK"
23786,10145864234,10145864289,1,"IOTHUB_CLIENT_CONFIRMATION_OK"
23787,10145864434,10145864470,1,"IOTHUB_CLIENT_CONFIRMATION_OK"
23788,10145864634,10145864682,1,"IOTHUB_CLIENT_CONFIRMATION_OK"
23789,10145864834,10145865028,1,"IOTHUB_CLIENT_CONFIRMATION_OK"
23790,10145865034,10145865096,1,"IOTHUB_CLIENT_CONFIRMATION_OK"
23791,10145865235,10145865265,1,"IOTHUB_CLIENT_CONFIRMATION_OK"
23792,10145865435,10145865472,1,"IOTHUB_CLIENT_CONFIRMATION_OK"
23793,10145865635,10145865678,1,"IOTHUB_CLIENT_CONFIRMATION_OK"
23794,10145865835,10145865886,1,"IOTHUB_CLIENT_CONFIRMATION_OK"
23795,10145866035,10145866071,1,"IOTHUB_CLIENT_CONFIRMATION_OK"
23796,10145866235,10145866279,1,"IOTHUB_CLIENT_CONFIRMATION_OK"
23797,10145866436,10145866675,1,"IOTHUB_CLIENT_CONFIRMATION_OK"
23798,10145866636,10145866702,1,"IOTHUB_CLIENT_CONFIRMATION_OK"
23799,10145866836,10145866871,1,"IOTHUB_CLIENT_CONFIRMATION_OK"
23800,10145867036,10145867081,1,"IOTHUB_CLIENT_CONFIRMATION_OK"
23801,10145867236,10145867274,1,"IOTHUB_CLIENT_CONFIRMATION_OK"
23802,10145867436,10145867470,1,"IOTHUB_CLIENT_CONFIRMATION_OK"
23803,10145867636,10145867671,1,"IOTHUB_CLIENT_CONFIRMATION_OK"
23804,10145867837,10145867879,1,"IOTHUB_CLIENT_CONFIRMATION_OK"
23805,10145868037,10145868079,1,"IOTHUB_CLIENT_CONFIRMATION_OK"
23806,10145868237,10145868287,1,"IOTHUB_CLIENT_CONFIRMATION_OK"
23807,10145868437,10145868479,1,"IOTHUB_CLIENT_CONFIRMATION_OK"
23808,10145868637,10145868675,1,"IOTHUB_CLIENT_CONFIRMATION_OK"
23809,10145868837,10145868891,1,"IOTHUB_CLIENT_CONFIRMATION_OK"
23810,10145869037,10145869083,1,"IOTHUB_CLIENT_CONFIRMATION_OK"
23811,10145869238,10145869325,1,"IOTHUB_CLIENT_CONFIRMATION_OK"
23812,10145869438,10145869476,1,"IOTHUB_CLIENT_CONFIRMATION_OK"
23813,10145869638,10145869713,1,"IOTHUB_CLIENT_CONFIRMATION_OK"
23814,10145869838,10145869881,1,"IOTHUB_CLIENT_CONFIRMATION_OK"
23815,10145870038,10145870076,1,"IOTHUB_CLIENT_CONFIRMATION_OK"
23816,10145870238,10145870329,1,"IOTHUB_CLIENT_CONFIRMATION_OK"
23817,10145870439,10145870478,1,"IOTHUB_CLIENT_CONFIRMATION_OK"
23818,10145870639,10145870696,1,"IOTHUB_CLIENT_CONFIRMATION_OK"
23819,10145870839,10145870874,1,"IOTHUB_CLIENT_CONFIRMATION_OK"
23820,10145871039,10145871087,1,"IOTHUB_CLIENT_CONFIRMATION_OK"
23821,10145871239,10145871272,1,"IOTHUB_CLIENT_CONFIRMATION_OK"
23822,10145871439,10145871490,1,"IOTHUB_CLIENT_CONFIRMATION_OK"
23823,10145871639,10145871683,1,"IOTHUB_CLIENT_CONFIRMATION_OK"
23824,10145871840,10145871985,1,"IOTHUB_CLIENT_CONFIRMATION_OK"
23825,10145872040,10145872078,1,"IOTHUB_CLIENT_CONFIRMATION_OK"
23826,10145872240,10145872278,1,"IOTHUB_CLIENT_CONFIRMATION_OK"
23827,10145872440,10145872485,1,"IOTHUB_CLIENT_CONFIRMATION_OK"
23828,10145872640,10145872697,1,"IOTHUB_CLIENT_CONFIRMATION_OK"
23829,10145872840,10145872879,1,"IOTHUB_CLIENT_CONFIRMATION_OK"
23830,10145873041,10145873083,1,"IOTHUB_CLIENT_CONFIRMATION_OK"
23831,10145873241,10145873275,1,"IOTHUB_CLIENT_CONFIRMATION_OK"
23832,10145873441,10145873613,1,"IOTHUB_CLIENT_CONFIRMATION_OK"
23833,10145873641,10145873677,1,"IOTHUB_CLIENT_CONFIRMATION_OK"
23834,10145873841,10145873874,1,"IOTHUB_CLIENT_CONFIRMATION_OK"
23835,10145874041,10145874120,1,"IOTHUB_CLIENT_CONFIRMATION_OK"
23836,10145874241,10145874283,1,"IOTHUB_CLIENT_CONFIRMATION_OK"
23837,10145874442,10145874481,1,"IOTHUB_CLIENT_CONFIRMATION_OK"
23838,10145874642,10145874678,1,"IOTHUB_CLIENT_CONFIRMATION_OK"
23839,10145874842,10145874909,1,"IOTHUB_CLIENT_CONFIRMATION_OK"
23840,10145875042,10145875130,1,"IOTHUB_CLIENT_CONFIRMATION_OK"
23841,10145875242,10145875273,1,"IOTHUB_CLIENT_CONFIRMATION_OK"
23842,10145875442,10145875483,1,"IOTHUB_CLIENT_CONFIRMATION_OK"
23843,10145875643,10145875739,1,"IOTHUB_CLIENT_CONFIRMATION_OK"
23844,10145875843,10145875875,1,"IOTHUB_CLIENT_CONFIRMATION_OK"
23845,10145876043,10145876110,1,"IOTHUB_CLIENT_CONFIRMATION_OK"
23846,10145876243,10145876290,1,"IOTHUB_CLIENT_CONFIRMATION_OK"
23847,10145876443,10145876503,1,"IOTHUB_CLIENT_CONFIRMATION_OK"
23848,10145876643,10145876764,1,"IOTHUB_CLIENT_CONFIRMATION_OK"
23849,10145876843,10145876912,1,"IOTHUB_CLIENT_CONFIRMATION_OK"
23850,10145877044,10145877092,1,"IOTHUB_CLIENT_CONFIRMATION_OK"
23851,10145877244,10145877388,1,"IOTHUB_CLIENT_CONFIRMATION_OK"
23852,10145877444,10145877478,1,"IOTHUB_CLIENT_CONFIRMATION_OK"
23853,10145877644,10145877692,1,"IOTHUB_CLIENT_CONFIRMATION_OK"
23854,10145877844,10145877894,1,"IOTHUB_CLIENT_CONFIRMATION_OK"
23855,10145878044,10145878082,1,"IOTHUB_CLIENT_CONFIRMATION_OK"
23856,10145878245,10145878400,1,"IOTHUB_CLIENT_CONFIRMATION_OK"
23857,10145878445,10145878487,1,"IOTHUB_CLIENT_CONFIRMATION_OK"
23858,10145878645,10145878676,1,"IOTHUB_CLIENT_CONFIRMATION_OK"
23859,10145878845,10145878885,1,"IOTHUB_CLIENT_CONFIRMATION_OK"
23860,10145879045,10145879155,1,"IOTHUB_CLIENT_CONFIRMATION_OK"
23861,10145879245,10145879291,1,"IOTHUB_CLIENT_CONFIRMATION_OK"
23862,10145879445,10145879494,1,"IOTHUB_CLIENT_CONFIRMATION_OK"
23863,10145879646,10145879686,1,"IOTHUB_CLIENT_CONFIRMATION_OK"
23864,10145879846,10145880033,1,"IOTHUB_CLIENT_CONFIRMATION_OK"
23865,10145880046,10145880087,1,"IOTHUB_CLIENT_CONFIRMATION_OK"
23866,10145880246,10145880312,1,"IOTHUB_CLIENT_CONFIRMATION_OK"
23867,10145880446,10145880495,1,"IOTHUB_CLIENT_CONFIRMATION_OK"
23868,10145880646,10145880702,1,"IOTHUB_CLIENT_CONFIRMATION_OK"
23869,10145880847,10145880891,1,"IOTHUB_CLIENT_CONFIRMATION_OK"
23870,10145881047,10145881092,1,"IOTHUB_CLIENT_CONFIRMATION_OK"
23871,10145881247,10145881290,1,"IOTHUB_CLIENT_CONFIRMATION_OK"
23872,10145881447,10145881498,1,"IOTHUB_CLIENT_CONFIRMATION_OK"
23873,10145881647,10145881681,1,"IOTHUB_CLIENT_CONFIRMATION_OK"
23874,10145881847,10145881884,1,"IOTHUB_CLIENT_CONFIRMATION_OK"
23875,10145882047,10145882111,1,"IOTHUB_CLIENT_CONFIRMATION_OK"
23876,10145882248,10145882278,1,"IOTHUB_CLIENT_CONFIRMATION_OK"
23877,10145882448,10145882489,1,"IOTHUB_CLIENT_CONFIRMATION_OK"
23878,10145882648,10145882711,1,"IOTHUB_CLIENT_CONFIRMATION_OK"
23879,10145882848,10145882897,1,"IOTHUB_CLIENT_CONFIRMATION_OK"
23880,10145883048,10145883119,1,"IOTHUB_CLIENT_CONFIRMATION_OK"
23881,10145883248,10145883362,1,"IOTHUB_CLIENT_CONFIRMATION_OK"
23882,10145883449,10145883482,1,"IOTHUB_CLIENT_CONFIRMATION_OK"
23883,10145883649,10145883775,1,"IOTHUB_CLIENT_CONFIRMATION_OK"
23884,10145883849,10145883895,1,"IOTHUB_CLIENT_CONFIRMATION_OK"
23885,10145884049,10145884099,1,"IOTHUB_CLIENT_CONFIRMATION_OK"
23886,10145884249,10145884297,1,"IOTHUB_CLIENT_CONFIRMATION_OK"
23887,10145884449,10145884526,1,"IOTHUB_CLIENT_CONFIRMATION_OK"
23888,10145884649,10145884796,1,"IOTHUB_CLIENT_CONFIRMATION_OK"
23889,10145884850,10145884891,1,"IOTHUB_CLIENT_CONFIRMATION_OK"
23890,10145885050,10145885087,1,"IOTHUB_CLIENT_CONFIRMATION_OK"
23891,10145885250,10145885410,1,"IOTHUB_CLIENT_CONFIRMATION_OK"
23892,10145885450,10145885495,1,"IOTHUB_CLIENT_CONFIRMATION_OK"
23893,10145885650,10145885690,1,"IOTHUB_CLIENT_CONFIRMATION_OK"
23894,10145885850,10145885895,1,"IOTHUB_CLIENT_CONFIRMATION_OK"
23895,10145886051,10145886104,1,"IOTHUB_CLIENT_CONFIRMATION_OK"
23896,10145886251,10145886286,1,"IOTHUB_CLIENT_CONFIRMATION_OK"
23897,10145886451,10145886488,1,"IOTHUB_CLIENT_CONFIRMATION_OK"
23898,10145886651,10145886695,1,"IOTHUB_CLIENT_CONFIRMATION_OK"
23899,10145886851,10145886885,1,"IOTHUB_CLIENT_CONFIRMATION_OK"
23900,10145887051,10145887090,1,"IOTHUB_CLIENT_CONFIRMATION_OK"
23901,10145887251,10145887288,1,"IOTHUB_CLIENT_CONFIRMATION_OK"
23902,10145887452,10145887496,1,"IOTHUB_CLIENT_CONFIRMATION_OK"
23903,10145887652,10145887699,1,"IOTHUB_CLIENT_CONFIRMATION_OK"
23904,10145887852,10145887899,1,"IOTHUB_CLIENT_CONFIRMATION_OK"
23905,10145888052,10145888108,1,"IOTHUB_CLIENT_CONFIRMATION_OK"
23906,10145888252,10145888595,1,"IOTHUB_CLIENT_CONFIRMATION_OK"
23907,10145888452,10145888966,1,"IOTHUB_CLIENT_CONFIRMATION_OK"
23908,10145888652,10145889029,1,"IOTHUB_CLIENT_CONFIRMATION_OK"
23909,10145888853,10145889097,1,"IOTHUB_CLIENT_CONFIRMATION_OK"
23910,10145889053,10145889151,1,"IOTHUB_CLIENT_CONFIRMATION_OK"
23911,10145889253,10145889295,1,"IOTHUB_CLIENT_CONFIRMATION_OK"
23912,10145889453,10145889506,1,"IOTHUB_CLIENT_CONFIRMATION_OK"
23913,10145889653,10145889698,1,"IOTHUB_CLIENT_CONFIRMATION_OK"
23914,10145889853,10145889905,1,"IOTHUB_CLIENT_CONFIRMATION_OK"
23915,10145890054,10145890108,1,"IOTHUB_CLIENT_CONFIRMATION_OK"
23916,10145890254,10145890291,1,"IOTHUB_CLIENT_CONFIRMATION_OK"
23917,10145890454,10145890485,1,"IOTHUB_CLIENT_CONFIRMATION_OK"
23918,10145890654,10145890707,1,"IOTHUB_CLIENT_CONFIRMATION_OK"
23919,10145890854,10145890892,1,"IOTHUB_CLIENT_CONFIRMATION_OK"
23920,10145891054,10145891087,1,"IOTHUB_CLIENT_CONFIRMATION_OK"
23921,10145891255,10145891286,1,"IOTHUB_CLIENT_CONFIRMATION_OK"
23922,10145891455,10145891490,1,"IOTHUB_CLIENT_CONFIRMATION_OK"
23923,10145891655,10145891718,1,"IOTHUB_CLIENT_CONFIRMATION_OK"
23924,10145891855,10145891900,1,"IOTHUB_CLIENT_CONFIRMATION_OK"
23925,10145892055,10145892088,1,"IOTHUB_CLIENT_CONFIRMATION_OK"
23926,10145892255,10145892346,1,"IOTHUB_CLIENT_CONFIRMATION_OK"
23927,10145892456,10145892490,1,"IOTHUB_CLIENT_CONFIRMATION_OK"
23928,10145892656,10145892688,1,"IOTHUB_CLIENT_CONFIRMATION_OK"
23929,10145892856,10145892915,1,"IOTHUB_CLIENT_CONFIRMATION_OK"
23930,10145893056,10145893101,1,"IOTHUB_CLIENT_CONFIRMATION_OK"
23931,10145893256,10145893354,1,"IOTHUB_CLIENT_CONFIRMATION_OK"
23932,10145893456,10145893620,1,"IOTHUB_CLIENT_CONFIRMATION_OK"
23933,10145893657,10145893693,1,"IOTHUB_CLIENT_CONFIRMATION_OK"
23934,10145893857,10145893889,1,"IOTHUB_CLIENT_CONFIRMATION_OK"
23935,10145894057,10145894096,1,"IOTHUB_CLIENT_CONFIRMATION_OK"
23936,10145894257,10145894294,1,"IOTHUB_CLIENT_CONFIRMATION_OK"
23937,10145894457,10145894493,1,"IOTHUB_CLIENT_CONFIRMATION_OK"
23938,10145894657,10145894689,1,"IOTHUB_CLIENT_CONFIRMATION_OK"
23939,10145894858,10145895054,1,"IOTHUB_CLIENT_CONFIRMATION_OK"
23940,10145895058,10145895097,1,"IOTHUB_CLIENT_CONFIRMATION_OK"
23941,10145895258,10145895291,1,"IOTHUB_CLIENT_CONFIRMATION_OK"
23942,10145895458,10145895496,1,"IOTHUB_CLIENT_CONFIRMATION_OK"
23943,10145895658,10145895700,1,"IOTHUB_CLIENT_CONFIRMATION_OK"
23944,10145895858,10145895896,1,"IOTHUB_CLIENT_CONFIRMATION_OK"
23945,10145896058,10145896092,1,"IOTHUB_CLIENT_CONFIRMATION_OK"
23946,10145896259,10145896294,1,"IOTHUB_CLIENT_CONFIRMATION_OK"
23947,10145896459,10145896512,1,"IOTHUB_CLIENT_CONFIRMATION_OK"
23948,10145896659,10145896693,1,"IOTHUB_CLIENT_CONFIRMATION_OK"
23949,10145896859,10145896900,1,"IOTHUB_CLIENT_CONFIRMATION_OK"
23950,10145897059,10145897103,1,"IOTHUB_CLIENT_CONFIRMATION_OK"
23951,10145897259,10145897292,1,"IOTHUB_CLIENT_CONFIRMATION_OK"
23952,10145897460,10145897495,1,"IOTHUB_CLIENT_CONFIRMATION_OK"
23953,10145897660,10145897708,1,"IOTHUB_CLIENT_CONFIRMATION_OK"
23954,10145897860,10145897894,1,"IOTHUB_CLIENT_CONFIRMATION_OK"
23955,10145898060,10145898115,1,"IOTHUB_CLIENT_CONFIRMATION_OK"
23956,10145898260,10145898295,1,"IOTHUB_CLIENT_CONFIRMATION_OK"
23957,10145898460,10145898494,1,"IOTHUB_CLIENT_CONFIRMATION_OK"
23958,10145898660,10145898723,1,"IOTHUB_CLIENT_CONFIRMATION_OK"
23959,10145898861,10145898895,1,"IOTHUB_CLIENT_CONFIRMATION_OK"
23960,10145899061,10145899103,1,"IOTHUB_CLIENT_CONFIRMATION_OK"
23961,10145899261,10145899341,1,"IOTHUB_CLIENT_CONFIRMATION_OK"
23962,10145899461,10145899495,1,"IOTHUB_CLIENT_CONFIRMATION_OK"
23963,10145899661,10145899733,1,"IOTHUB_CLIENT_CONFIRMATION_OK"
23964,10145899861,10145899894,1,"IOTHUB_CLIENT_CONFIRMATION_OK"
23965,10145900062,10145900115,1,"IOTHUB_CLIENT_CONFIRMATION_OK"
23966,10145900262,10145900348,1,"IOTHUB_CLIENT_CONFIRMATION_OK"
23967,10145900462,10145900505,1,"IOTHUB_CLIENT_CONFIRMATION_OK"
23968,10145900662,10145900710,1,"IOTHUB_CLIENT_CONFIRMATION_OK"
23969,10145900862,10145900968,1,"IOTHUB_CLIENT_CONFIRMATION_OK"
23970,10145901062,10145901107,1,"IOTHUB_CLIENT_CONFIRMATION_OK"
23971,10145901262,10145901303,1,"IOTHUB_CLIENT_CONFIRMATION_OK"
23972,10145901463,10145901496,1,"IOTHUB_CLIENT_CONFIRMATION_OK"
23973,10145901663,10145901729,1,"IOTHUB_CLIENT_CONFIRMATION_OK"
23974,10145901863,10145901896,1,"IOTHUB_CLIENT_CONFIRMATION_OK"
23975,10145902063,10145902118,1,"IOTHUB_CLIENT_CONFIRMATION_OK"
23976,10145902263,10145902297,1,"IOTHUB_CLIENT_CONFIRMATION_OK"
23977,10145902463,10145902494,1,"IOTHUB_CLIENT_CONFIRMATION_OK"
23978,10145902663,10145902707,1,"IOTHUB_CLIENT_CONFIRMATION_OK"
23979,10145902864,10145902896,1,"IOTHUB_CLIENT_CONFIRMATION_OK"
23980,10145903064,10145903102,1,"IOTHUB_CLIENT_CONFIRMATION_OK"
23981,10145903264,10145903305,1,"IOTHUB_CLIENT_CONFIRMATION_OK"
23982,10145903464,10145903503,1,"IOTHUB_CLIENT_CONFIRMATION_OK"
23983,10145903664,10145903753,1,"IOTHUB_CLIENT_CONFIRMATION_OK"
23984,10145903864,10145903900,1,"IOTHUB_CLIENT_CONFIRMATION_OK"
23985,10145904065,10145904119,1,"IOTHUB_CLIENT_CONFIRMATION_OK"
23986,10145904265,10145904300,1,"IOTHUB_CLIENT_CONFIRMATION_OK"
23987,10145904465,10145904499,1,"IOTHUB_CLIENT_CONFIRMATION_OK"
23988,10145904665,10145904730,1,"IOTHUB_CLIENT_CONFIRMATION_OK"
23989,10145904865,10145904901,1,"IOTHUB_CLIENT_CONFIRMATION_OK"
23990,10145905065,10145905129,1,"IOTHUB_CLIENT_CONFIRMATION_OK"
23991,10145905266,10145905300,1,"IOTHUB_CLIENT_CONFIRMATION_OK"
23992,10145905466,10145905505,1,"IOTHUB_CLIENT_CONFIRMATION_OK"
23993,10145905666,10145905774,1,"IOTHUB_CLIENT_CONFIRMATION_OK"
23994,10145905866,10145905989,1,"IOTHUB_CLIENT_CONFIRMATION_OK"
23995,10145906066,10145906100,1,"IOTHUB_CLIENT_CONFIRMATION_OK"
23996,10145906266,10145906318,1,"IOTHUB_CLIENT_CONFIRMATION_OK"
23997,10145906467,10145906525,1,"IOTHUB_CLIENT_CONFIRMATION_OK"
23998,10145906667,10145906825,1,"IOTHUB_CLIENT_CONFIRMATION_OK"
23999,10145906867,10145906900,1,"IOTHUB_CLIENT_CONFIRMATION_OK"
24000,10145907067,10145907103,1,"IOTHUB_CLIENT_CONFIRMATION_OK"
24001,10145907267,10145907298,1,"IOTHUB_CLIENT_CONFIRMATION_OK"
24002,10145907467,10145907513,1,"IOTHUB_CLIENT_CONFIRMATION_OK"
24003,10145907668,10145907701,1,"IOTHUB_CLIENT_CONFIRMATION_OK"
24004,10145907868,10145907909,1,"IOTHUB_CLIENT_CONFIRMATION_OK"
24005,10145908068,10145908135,1,"IOTHUB_CLIENT_CONFIRMATION_OK"
24006,10145908268,10145908461,1,"IOTHUB_CLIENT_CONFIRMATION_OK"
24007,10145908468,10145908521,1,"IOTHUB_CLIENT_CONFIRMATION_OK"
24008,10145908669,10145908708,1,"IOTHUB_CLIENT_CONFIRMATION_OK"
24009,10145908869,10145908903,1,"IOTHUB_CLIENT_CONFIRMATION_OK"
24010,10145909069,10145909109,1,"IOTHUB_CLIENT_CONFIRMATION_OK"
24011,10145909269,10145909299,1,"IOTHUB_CLIENT_CONFIRMATION_OK"
24012,10145909469,10145909512,1,"IOTHUB_CLIENT_CONFIRMATION_OK"
24013,10145909669,10145909704,1,"IOTHUB_CLIENT_CONFIRMATION_OK"
24014,10145909870,10145909906,1,"IOTHUB_CLIENT_CONFIRMATION_OK"
24015,10145910070,10145910102,1,"IOTHUB_CLIENT_CONFIRMATION_OK"
24016,10145910270,10145910314,1,"IOTHUB_CLIENT_CONFIRMATION_OK"
24017,10145910470,10145910509,1,"IOTHUB_CLIENT_CONFIRMATION_OK"
24018,10145910670,10145910705,1,"IOTHUB_CLIENT_CONFIRMATION_OK"
24019,10145910870,10145910952,1,"IOTHUB_CLIENT_CONFIRMATION_OK"
24020,10145911071,10145911155,1,"IOTHUB_CLIENT_CONFIRMATION_OK"
24021,10145911271,10145911304,1,"IOTHUB_CLIENT_CONFIRMATION_OK"
24022,10145911471,10145911549,1,"IOTHUB_CLIENT_CONFIRMATION_OK"
24023,10145911671,10145911703,1,"IOTHUB_CLIENT_CONFIRMATION_OK"
24024,10145911871,10145911927,1,"IOTHUB_CLIENT_CONFIRMATION_OK"
24025,10145912071,10145912182,1,"IOTHUB_CLIENT_CONFIRMATION_OK"
24026,10145912272,10145912303,1,"IOTHUB_CLIENT_CONFIRMATION_OK"
24027,10145912472,10145912508,1,"IOTHUB_CLIENT_CONFIRMATION_OK"
24028,10145912672,10145912702,1,"IOTHUB_CLIENT_CONFIRMATION_OK"
24029,10145912872,10145912907,1,"IOTHUB_CLIENT_CONFIRMATION_OK"
24030,10145913072,10145913208,1,"IOTHUB_CLIENT_CONFIRMATION_OK"
24031,10145913272,10145913306,1,"IOTHUB_CLIENT_CONFIRMATION_OK"
24032,10145913473,10145913505,1,"IOTHUB_CLIENT_CONFIRMATION_OK"
24033,10145913673,10145913823,1,"IOTHUB_CLIENT_CONFIRMATION_OK"
24034,10145913873,10145913904,1,"IOTHUB_CLIENT_CONFIRMATION_OK"
24035,10145914073,10145914120,1,"IOTHUB_CLIENT_CONFIRMATION_OK"
24036,10145914273,10145914307,1,"IOTHUB_CLIENT_CONFIRMATION_OK"
24037,10145914473,10145914507,1,"IOTHUB_CLIENT_CONFIRMATION_OK"
24038,10145914674,10145914832,1,"IOTHUB_CLIENT_CONFIRMATION_OK"
24039,10145914874,10145914904,1,"IOTHUB_CLIENT_CONFIRMATION_OK"
24040,10145915074,10145915110,1,"IOTHUB_CLIENT_CONFIRMATION_OK"
24041,10145915274,10145915453,1,"IOTHUB_CLIENT_CONFIRMATION_OK"
24042,10145915474,10145915519,1,"IOTHUB_CLIENT_CONFIRMATION_OK"
24043,10145915674,10145915710,1,"IOTHUB_CLIENT_CONFIRMATION_OK"
24044,10145915875,10145915912,1,"IOTHUB_CLIENT_CONFIRMATION_OK"
24045,10145916075,10145916108,1,"IOTHUB_CLIENT_CONFIRMATION_OK"
24046,10145916275,10145916311,1,"IOTHUB_CLIENT_CONFIRMATION_OK"
24047,10145916475,10145916516,1,"IOTHUB_CLIENT_CONFIRMATION_OK"
24048,10145916675,10145916706,1,"IOTHUB_CLIENT_CONFIRMATION_OK"
24049,10145916875,10145916911,1,"IOTHUB_CLIENT_CONFIRMATION_OK"
24050,10145917076,10145917117,1,"IOTHUB_CLIENT_CONFIRMATION_OK"
24051,10145917276,10145917321,1,"IOTHUB_CLIENT_CONFIRMATION_OK"
24052,10145917476,10145917519,1,"IOTHUB_CLIENT_CONFIRMATION_OK"
24053,10145917676,10145917707,1,"IOTHUB_CLIENT_CONFIRMATION_OK"
24054,10145917876,10145917916,1,"IOTHUB_CLIENT_CONFIRMATION_OK"
24055,10145918076,10145918126,1,"IOTHUB_CLIENT_CONFIRMATION_OK"
24056,10145918276,10145918316,1,"IOTHUB_CLIENT_CONFIRMATION_OK"
24057,10145918477,10145918551,1,"IOTHUB_CLIENT_CONFIRMATION_OK"
24058,10145918677,10145918711,1,"IOTHUB_CLIENT_CONFIRMATION_OK"
24059,10145918877,10145918917,1,"IOTHUB_CLIENT_CONFIRMATION_OK"
24060,10145919077,10145919183,1,"IOTHUB_CLIENT_CONFIRMATION_OK"
24061,10145919277,10145919311,1,"IOTHUB_CLIENT_CONFIRMATION_OK"
24062,10145919477,10145919513,1,"IOTHUB_CLIENT_CONFIRMATION_OK"
24063,10145919678,10145919714,1,"IOTHUB_CLIENT_CONFIRMATION_OK"
24064,10145919878,10145919914,1,"IOTHUB_CLIENT_CONFIRMATION_OK"
24065,10145920078,10145920225,1,"IOTHUB_CLIENT_CONFIRMATION_OK"
24066,10145920278,10145920309,1,"IOTHUB_CLIENT_CONFIRMATION_OK"
24067,10145920478,10145920514,1,"IOTHUB_CLIENT_CONFIRMATION_OK"
24068,10145920678,10145920715,1,"IOTHUB_CLIENT_CONFIRMATION_OK"
24069,10145920878,10145920917,1,"IOTHUB_CLIENT_CONFIRMATION_OK"
24070,10145921079,10145921115,1,"IOTHUB_CLIENT_CONFIRMATION_OK"
24071,10145921279,10145921323,1,"IOTHUB_CLIENT_CONFIRMATION_OK"
24072,10145921479,10145921519,1,"IOTHUB_CLIENT_CONFIRMATION_OK"
24073,10145921679,10145921717,1,"IOTHUB_CLIENT_CONFIRMATION_OK"
24074,10145921879,10145921911,1,"IOTHUB_CLIENT_CONFIRMATION_OK"
24075,10145922079,10145922113,1,"IOTHUB_CLIENT_CONFIRMATION_OK"
24076,10145922280,10145922319,1,"IOTHUB_CLIENT_CONFIRMATION_OK"
24077,10145922480,10145922512,1,"IOTHUB_CLIENT_CONFIRMATION_OK"
24078,10145922680,10145922712,1,"IOTHUB_CLIENT_CONFIRMATION_OK"
24079,10145922880,10145922940,1,"IOTHUB_CLIENT_CONFIRMATION_OK"
24080,10145923080,10145923122,1,"IOTHUB_CLIENT_CONFIRMATION_OK"
24081,10145923280,10145923348,1,"IOTHUB_CLIENT_CONFIRMATION_OK"
24082,10145923481,10145923512,1,"IOTHUB_CLIENT_CONFIRMATION_OK"
24083,10145923681,10145923714,1,"IOTHUB_CLIENT_CONFIRMATION_OK"
24084,10145923881,10145923964,1,"IOTHUB_CLIENT_CONFIRMATION_OK"
24085,10145924081,10145924113,1,"IOTHUB_CLIENT_CONFIRMATION_OK"
24086,10145924281,10145924316,1,"IOTHUB_CLIENT_CONFIRMATION_OK"
24087,10145924481,10145924534,1,"IOTHUB_CLIENT_CONFIRMATION_OK"
24088,10145924681,10145924715,1,"IOTHUB_CLIENT_CONFIRMATION_OK"
24089,10145924882,10145924977,1,"IOTHUB_CLIENT_CONFIRMATION_OK"
24090,10145925082,10145925121,1,"IOTHUB_CLIENT_CONFIRMATION_OK"
24091,10145925282,10145925313,1,"IOTHUB_CLIENT_CONFIRMATION_OK"
24092,10145925482,10145925590,1,"IOTHUB_CLIENT_CONFIRMATION_OK"
24093,10145925682,10145925723,1,"IOTHUB_CLIENT_CONFIRMATION_OK"
24094,10145925882,10145925939,1,"IOTHUB_CLIENT_CONFIRMATION_OK"
24095,10145926082,10145926117,1,"IOTHUB_CLIENT_CONFIRMATION_OK"
24096,10145926283,10145926323,1,"IOTHUB_CLIENT_CONFIRMATION_OK"
24097,10145926483,10145926599,1,"IOTHUB_CLIENT_CONFIRMATION_OK"
24098,10145926683,10145926741,1,"IOTHUB_CLIENT_CONFIRMATION_OK"
24099,10145926883,10145926928,1,"IOTHUB_CLIENT_CONFIRMATION_OK"
24100,10145927083,10145927224,1,"IOTHUB_CLIENT_CONFIRMATION_OK"
24101,10145927283,10145927319,1,"IOTHUB_CLIENT_CONFIRMATION_OK"
24102,10145927484,10145927518,1,"IOTHUB_CLIENT_CONFIRMATION_OK"
24103,10145927684,10145927727,1,"IOTHUB_CLIENT_CONFIRMATION_OK"
24104,10145927884,10145927922,1,"IOTHUB_CLIENT_CONFIRMATION_OK"
24105,10145928084,10145928233,1,"IOTHUB_CLIENT_CONFIRMATION_OK"
24106,10145928284,10145928334,1,"IOTHUB_CLIENT_CONFIRMATION_OK"
24107,10145928484,10145928513,1,"IOTHUB_CLIENT_CONFIRMATION_OK"
24108,10145928684,10145928849,1,"IOTHUB_CLIENT_CONFIRMATION_OK"
24109,10145928885,10145928957,1,"IOTHUB_CLIENT_CONFIRMATION_OK"
24110,10145929085,10145929117,1,"IOTHUB_CLIENT_CONFIRMATION_OK"
24111,10145929285,10145929316,1,"IOTHUB_CLIENT_CONFIRMATION_OK"
24112,10145929485,10145929518,1,"IOTHUB_CLIENT_CONFIRMATION_OK"
24113,10145929685,10145929900,1,"IOTHUB_CLIENT_CONFIRMATION_OK"
24114,10145929885,10145929934,1,"IOTHUB_CLIENT_CONFIRMATION_OK"
24115,10145930086,10145930121,1,"IOTHUB_CLIENT_CONFIRMATION_OK"
24116,10145930286,10145930401,1,"IOTHUB_CLIENT_CONFIRMATION_OK"
24117,10145930486,10145930522,1,"IOTHUB_CLIENT_CONFIRMATION_OK"
24118,10145930686,10145930737,1,"IOTHUB_CLIENT_CONFIRMATION_OK"
24119,10145930886,10145930937,1,"IOTHUB_CLIENT_CONFIRMATION_OK"
24120,10145931086,10145931131,1,"IOTHUB_CLIENT_CONFIRMATION_OK"
24121,10145931287,10145931319,1,"IOTHUB_CLIENT_CONFIRMATION_OK"
24122,10145931487,10145931521,1,"IOTHUB_CLIENT_CONFIRMATION_OK"
24123,10145931687,10145931747,1,"IOTHUB_CLIENT_CONFIRMATION_OK"
24124,10145931887,10145931929,1,"IOTHUB_CLIENT_CONFIRMATION_OK"
24125,10145932087,10145932130,1,"IOTHUB_CLIENT_CONFIRMATION_OK"
24126,10145932287,10145932318,1,"IOTHUB_CLIENT_CONFIRMATION_OK"
24127,10145932488,10145932553,1,"IOTHUB_CLIENT_CONFIRMATION_OK"
24128,10145932688,10145932735,1,"IOTHUB_CLIENT_CONFIRMATION_OK"
24129,10145932888,10145932919,1,"IOTHUB_CLIENT_CONFIRMATION_OK"
24130,10145933088,10145933123,1,"IOTHUB_CLIENT_CONFIRMATION_OK"
24131,10145933288,10145933338,1,"IOTHUB_CLIENT_CONFIRMATION_OK"
24132,10145933488,10145933598,1,"IOTHUB_CLIENT_CONFIRMATION_OK"
24133,10145933689,10145933745,1,"IOTHUB_CLIENT_CONFIRMATION_OK"
24134,10145933889,10145933931,1,"IOTHUB_CLIENT_CONFIRMATION_OK"
24135,10145934089,10145934218,1,"IOTHUB_CLIENT_CONFIRMATION_OK"
24136,10145934289,10145934335,1,"IOTHUB_CLIENT_CONFIRMATION_OK"
24137,10145934489,10145934526,1,"IOTHUB_CLIENT_CONFIRMATION_OK"
24138,10145934689,10145934725,1,"IOTHUB_CLIENT_CONFIRMATION_OK"
24139,10145934889,10145934938,1,"IOTHUB_CLIENT_CONFIRMATION_OK"
24140,10145935090,10145935218,1,"IOTHUB_CLIENT_CONFIRMATION_OK"
24141,10145935290,10145935325,1,"IOTHUB_CLIENT_CONFIRMATION_OK"
24142,10145935490,10145935524,1,"IOTHUB_CLIENT_CONFIRMATION_OK"
24143,10145935690,10145935734,1,"IOTHUB_CLIENT_CONFIRMATION_OK"
24144,10145935890,10145935937,1,"IOTHUB_CLIENT_CONFIRMATION_OK"
24145,10145936090,10145936125,1,"IOTHUB_CLIENT_CONFIRMATION_OK"
24146,10145936290,10145936339,1,"IOTHUB_CLIENT_CONFIRMATION_OK"
24147,10145936491,10145936525,1,"IOTHUB_CLIENT_CONFIRMATION_OK"
24148,10145936691,10145936932,1,"IOTHUB_CLIENT_CONFIRMATION_OK"
24149,10145936891,10145936951,1,"IOTHUB_CLIENT_CONFIRMATION_OK"
24150,10145937091,10145937122,1,"IOTHUB_CLIENT_CONFIRMATION_OK"
24151,10145937291,10145937331,1,"IOTHUB_CLIENT_CONFIRMATION_OK"
24152,10145937491,10145937529,1,"IOTHUB_CLIENT_CONFIRMATION_OK"
24153,10145937691,10145937730,1,"IOTHUB_CLIENT_CONFIRMATION_OK"
24154,10145937892,10145937975,1,"IOTHUB_CLIENT_CONFIRMATION_OK"
24155,10145938092,10145938127,1,"IOTHUB_CLIENT_CONFIRMATION_OK"
24156,10145938292,10145938363,1,"IOTHUB_CLIENT_CONFIRMATION_OK"
24157,10145938492,10145938523,1,"IOTHUB_CLIENT_CONFIRMATION_OK"
24158,10145938692,10145938725,1,"IOTHUB_CLIENT_CONFIRMATION_OK"
24159,10145938892,10145938977,1,"IOTHUB_CLIENT_CONFIRMATION_OK"
24160,10145939093,10145939125,1,"IOTHUB_CLIENT_CONFIRMATION_OK"
24161,10145939293,10145939328,1,"IOTHUB_CLIENT_CONFIRMATION_OK"
24162,10145939493,10145939523,1,"IOTHUB_CLIENT_CONFIRMATION_OK"
24163,10145939693,10145939728,1,"IOTHUB_CLIENT_CONFIRMATION_OK"
24164,10145939893,10145939929,1,"IOTHUB_CLIENT_CONFIRMATION_OK"
24165,10145940093,10145940129,1,"IOTHUB_CLIENT_CONFIRMATION_OK"
24166,10145940293,10145940335,1,"IOTHUB_CLIENT_CONFIRMATION_OK"
24167,10145940494,10145940539,1,"IOTHUB_CLIENT_CONFIRMATION_OK"
24168,10145940694,10145940733,1,"IOTHUB_CLIENT_CONFIRMATION_OK"
24169,10145940894,10145940928,1,"IOTHUB_CLIENT_CONFIRMATION_OK"
24170,10145941094,10145941163,1,"IOTHUB_CLIENT_CONFIRMATION_OK"
24171,10145941294,10145941327,1,"IOTHUB_CLIENT_CONFIRMATION_OK"
24172,10145941494,10145941569,1,"IOTHUB_CLIENT_CONFIRMATION_OK"
24173,10145941695,10145941735,1,"IOTHUB_CLIENT_CONFIRMATION_OK"
24174,10145941895,10145941935,1,"IOTHUB_CLIENT_CONFIRMATION_OK"
24175,10145942095,10145942184,1,"IOTHUB_CLIENT_CONFIRMATION_OK"
24176,10145942295,10145942332,1,"IOTHUB_CLIENT_CONFIRMATION_OK"
24177,10145942495,10145942527,1,"IOTHUB_CLIENT_CONFIRMATION_OK"
24178,10145942695,10145942734,1,"IOTHUB_CLIENT_CONFIRMATION_OK"
24179,10145942895,10145942928,1,"IOTHUB_CLIENT_CONFIRMATION_OK"
24180,10145943096,10145943230,1,"IOTHUB_CLIENT_CONFIRMATION_OK"
24181,10145943296,10145943327,1,"IOTHUB_CLIENT_CONFIRMATION_OK"
24182,10145943496,10145943542,1,"IOTHUB_CLIENT_CONFIRMATION_OK"
24183,10145943696,10145943836,1,"IOTHUB_CLIENT_CONFIRMATION_OK"
24184,10145943896,10145943934,1,"IOTHUB_CLIENT_CONFIRMATION_OK"
24185,10145944096,10145944125,1,"IOTHUB_CLIENT_CONFIRMATION_OK"
24186,10145944297,10145944331,1,"IOTHUB_CLIENT_CONFIRMATION_OK"
24187,10145944497,10145944528,1,"IOTHUB_CLIENT_CONFIRMATION_OK"
24188,10145944697,10145944857,1,"IOTHUB_CLIENT_CONFIRMATION_OK"
24189,10145944897,10145944966,1,"IOTHUB_CLIENT_CONFIRMATION_OK"
24190,10145945097,10145945128,1,"IOTHUB_CLIENT_CONFIRMATION_OK"
24191,10145945297,10145945356,1,"IOTHUB_CLIENT_CONFIRMATION_OK"
24192,10145945498,10145945531,1,"IOTHUB_CLIENT_CONFIRMATION_OK"
24193,10145945698,10145945730,1,"IOTHUB_CLIENT_CONFIRMATION_OK"
24194,10145945898,10145945952,1,"IOTHUB_CLIENT_CONFIRMATION_OK"
24195,10145946098,10145946137,1,"IOTHUB_CLIENT_CONFIRMATION_OK"
24196,10145946299,10145946342,1,"IOTHUB_CLIENT_CONFIRMATION_OK"
24197,10145946499,10145946532,1,"IOTHUB_CLIENT_CONFIRMATION_OK"
24198,10145946699,10145946731,1,"IOTHUB_CLIENT_CONFIRMATION_OK"
24199,10145946899,10145946958,1,"IOTHUB_CLIENT_CONFIRMATION_OK"
24200,10145947099,10145947135,1,"IOTHUB_CLIENT_CONFIRMATION_OK"
24201,10145947299,10145947330,1,"IOTHUB_CLIENT_CONFIRMATION_OK"
24202,10145947499,10145947597,1,"IOTHUB_CLIENT_CONFIRMATION_OK"
24203,10145947700,10145947741,1,"IOTHUB_CLIENT_CONFIRMATION_OK"
24204,10145947900,10145947945,1,"IOTHUB_CLIENT_CONFIRMATION_OK"
24205,10145948100,10145948135,1,"IOTHUB_CLIENT_CONFIRMATION_OK"
24206,10145948300,10145948344,1,"IOTHUB_CLIENT_CONFIRMATION_OK"
24207,10145948500,10145948640,1,"IOTHUB_CLIENT_CONFIRMATION_OK"
24208,10145948700,10145948732,1,"IOTHUB_CLIENT_CONFIRMATION_OK"
24209,10145948901,10145948934,1,"IOTHUB_CLIENT_CONFIRMATION_OK"
24210,10145949101,10145949144,1,"IOTHUB_CLIENT_CONFIRMATION_OK"
24211,10145949301,10145949331,1,"IOTHUB_CLIENT_CONFIRMATION_OK"
24212,10145949501,10145949543,1,"IOTHUB_CLIENT_CONFIRMATION_OK"
24213,10145949701,10145949733,1,"IOTHUB_CLIENT_CONFIRMATION_OK"
24214,10145949902,10145949937,1,"IOTHUB_CLIENT_CONFIRMATION_OK"
24215,10145950102,10145950135,1,"IOTHUB_CLIENT_CONFIRMATION_OK"
24216,10145950302,10145950335,1,"IOTHUB_CLIENT_CONFIRMATION_OK"
24217,10145950502,10145950638,1,"IOTHUB_CLIENT_CONFIRMATION_OK"
24218,10145950702,10145950734,1,"IOTHUB_CLIENT_CONFIRMATION_OK"
24219,10145950902,10145950946,1,"IOTHUB_CLIENT_CONFIRMATION_OK"
24220,10145951103,10145951134,1,"IOTHUB_CLIENT_CONFIRMATION_OK"
24221,10145951303,10145951348,1,"IOTHUB_CLIENT_CONFIRMATION_OK"
24222,10145951503,10145951538,1,"IOTHUB_CLIENT_CONFIRMATION_OK"
24223,10145951703,10145951749,1,"IOTHUB_CLIENT_CONFIRMATION_OK"
24224,10145951903,10145951943,1,"IOTHUB_CLIENT_CONFIRMATION_OK"
24225,10145952103,10145952146,1,"IOTHUB_CLIENT_CONFIRMATION_OK"
24226,10145952304,10145952336,1,"IOTHUB_CLIENT_CONFIRMATION_OK"
24227,10145952504,10145952574,1,"IOTHUB_CLIENT_CONFIRMATION_OK"
24228,10145952704,10145952735,1,"IOTHUB_CLIENT_CONFIRMATION_OK"
24229,10145952904,10145952946,1,"IOTHUB_CLIENT_CONFIRMATION_OK"
24230,10145953104,10145953140,1,"IOTHUB_CLIENT_CONFIRMATION_OK"
24231,10145953304,10145953343,1,"IOTHUB_CLIENT_CONFIRMATION_OK"
24232,10145953504,10145953538,1,"IOTHUB_CLIENT_CONFIRMATION_OK"
24233,10145953705,10145953737,1,"IOTHUB_CLIENT_CONFIRMATION_OK"
24234,10145953905,10145953946,1,"IOTHUB_CLIENT_CONFIRMATION_OK"
24235,10145954105,10145954143,1,"IOTHUB_CLIENT_CONFIRMATION_OK"
24236,10145954305,10145954337,1,"IOTHUB_CLIENT_CONFIRMATION_OK"
24237,10145954505,10145954539,1,"IOTHUB_CLIENT_CONFIRMATION_OK"
24238,10145954705,10145954736,1,"IOTHUB_CLIENT_CONFIRMATION_OK"
24239,10145954905,10145955004,1,"IOTHUB_CLIENT_CONFIRMATION_OK"
24240,10145955106,10145955152,1,"IOTHUB_CLIENT_CONFIRMATION_OK"
24241,10145955306,10145955338,1,"IOTHUB_CLIENT_CONFIRMATION_OK"
24242,10145955506,10145955630,1,"IOTHUB_CLIENT_CONFIRMATION_OK"
24243,10145955706,10145955751,1,"IOTHUB_CLIENT_CONFIRMATION_OK"
24244,10145955906,10145955938,1,"IOTHUB_CLIENT_CONFIRMATION_OK"
24245,10145956106,10145956141,1,"IOTHUB_CLIENT_CONFIRMATION_OK"
24246,10145956307,10145956338,1,"IOTHUB_CLIENT_CONFIRMATION_OK"
24247,10145956507,10145956649,1,"IOTHUB_CLIENT_CONFIRMATION_OK"
24248,10145956707,10145956748,1,"IOTHUB_CLIENT_CONFIRMATION_OK"
24249,10145956907,10145956960,1,"IOTHUB_CLIENT_CONFIRMATION_OK"
24250,10145957107,10145957137,1,"IOTHUB_CLIENT_CONFIRMATION_OK"
24251,10145957307,10145957343,1,"IOTHUB_CLIENT_CONFIRMATION_OK"
24252,10145957507,10145957539,1,"IOTHUB_CLIENT_CONFIRMATION_OK"
24253,10145957708,10145957740,1,"IOTHUB_CLIENT_CONFIRMATION_OK"
24254,10145957908,10145957940,1,"IOTHUB_CLIENT_CONFIRMATION_OK"
24255,10145958108,10145958321,1,"IOTHUB_CLIENT_CONFIRMATION_OK"
24256,10145958308,10145958350,1,"IOTHUB_CLIENT_CONFIRMATION_OK"
24257,10145958508,10145958552,1,"IOTHUB_CLIENT_CONFIRMATION_OK"
24258,10145958708,10145958750,1,"IOTHUB_CLIENT_CONFIRMATION_OK"
24259,10145958909,10145958942,1,"IOTHUB_CLIENT_CONFIRMATION_OK"
24260,10145959109,10145959145,1,"IOTHUB_CLIENT_CONFIRMATION_OK"
24261,10145959309,10145959350,1,"IOTHUB_CLIENT_CONFIRMATION_OK"
24262,10145959509,10145959548,1,"IOTHUB_CLIENT_CONFIRMATION_OK"
24263,10145959709,10145959747,1,"IOTHUB_CLIENT_CONFIRMATION_OK"
24264,10145959909,10145959986,1,"IOTHUB_CLIENT_CONFIRMATION_OK"
24265,10145960109,10145960145,1,"IOTHUB_CLIENT_CONFIRMATION_OK"
24266,10145960310,10145960383,1,"IOTHUB_CLIENT_CONFIRMATION_OK"
24267,10145960510,10145960543,1,"IOTHUB_CLIENT_CONFIRMATION_OK"
24268,10145960710,10145960758,1,"IOTHUB_CLIENT_CONFIRMATION_OK"
24269,10145960910,10145960990,1,"IOTHUB_CLIENT_CONFIRMATION_OK"
24270,10145961110,10145961142,1,"IOTHUB_CLIENT_CONFIRMATION_OK"
24271,10145961310,10145961355,1,"IOTHUB_CLIENT_CONFIRMATION_OK"
24272,10145961511,10145961541,1,"IOTHUB_CLIENT_CONFIRMATION_OK"
24273,10145961711,10145961741,1,"IOTHUB_CLIENT_CONFIRMATION_OK"
24274,10145961911,10145962026,1,"IOTHUB_CLIENT_CONFIRMATION_OK"
24275,10145962111,10145962148,1,"IOTHUB_CLIENT_CONFIRMATION_OK"
24276,10145962311,10145962340,1,"IOTHUB_CLIENT_CONFIRMATION_OK"
24277,10145962511,10145962548,1,"IOTHUB_CLIENT_CONFIRMATION_OK"
24278,10145962711,10145962747,1,"IOTHUB_CLIENT_CONFIRMATION_OK"
24279,10145962912,10145962942,1,"IOTHUB_CLIENT_CONFIRMATION_OK"
24280,10145963112,10145963152,1,"IOTHUB_CLIENT_CONFIRMATION_OK"
24281,10145963312,10145963353,1,"IOTHUB_CLIENT_CONFIRMATION_OK"
24282,10145963512,10145963655,1,"IOTHUB_CLIENT_CONFIRMATION_OK"
24283,10145963712,10145963750,1,"IOTHUB_CLIENT_CONFIRMATION_OK"
24284,10145963912,10145963942,1,"IOTHUB_CLIENT_CONFIRMATION_OK"
24285,10145964113,10145964154,1,"IOTHUB_CLIENT_CONFIRMATION_OK"
24286,10145964313,10145964344,1,"IOTHUB_CLIENT_CONFIRMATION_OK"
24287,10145964513,10145964554,1,"IOTHUB_CLIENT_CONFIRMATION_OK"
24288,10145964713,10145964751,1,"IOTHUB_CLIENT_CONFIRMATION_OK"
24289,10145964913,10145964950,1,"IOTHUB_CLIENT_CONFIRMATION_OK"
24290,10145965113,10145965147,1,"IOTHUB_CLIENT_CONFIRMATION_OK"
24291,10145965313,10145965355,1,"IOTHUB_CLIENT_CONFIRMATION_OK"
24292,10145965514,10145965547,1,"IOTHUB_CLIENT_CONFIRMATION_OK"
24293,10145965714,10145965760,1,"IOTHUB_CLIENT_CONFIRMATION_OK"
24294,10145965914,10145965949,1,"IOTHUB_CLIENT_CONFIRMATION_OK"
24295,10145966114,10145966152,1,"IOTHUB_CLIENT_CONFIRMATION_OK"
24296,10145966314,10145966347,1,"IOTHUB_CLIENT_CONFIRMATION_OK"
24297,10145966514,10145966545,1,"IOTHUB_CLIENT_CONFIRMATION_OK"
24298,10145966715,10145966790,1,"IOTHUB_CLIENT_CONFIRMATION_OK"
24299,10145966915,10145966947,1,"IOTHUB_CLIENT_CONFIRMATION_OK"
24300,10145967115,10145967152,1,"IOTHUB_CLIENT_CONFIRMATION_OK"
24301,10145967315,10145967412,1,"IOTHUB_CLIENT_CONFIRMATION_OK"
24302,10145967515,10145967551,1,"IOTHUB_CLIENT_CONFIRMATION_OK"
24303,10145967715,10145967756,1,"IOTHUB_CLIENT_CONFIRMATION_OK"
24304,10145967915,10145967949,1,"IOTHUB_CLIENT_CONFIRMATION_OK"
24305,10145968116,10145968153,1,"IOTHUB_CLIENT_CONFIRMATION_OK"
24306,10145968316,10145968433,1,"IOTHUB_CLIENT_CONFIRMATION_OK"
24307,10145968516,10145968546,1,"IOTHUB_CLIENT_CONFIRMATION_OK"
24308,10145968716,10145968749,1,"IOTHUB_CLIENT_CONFIRMATION_OK"
24309,10145968916,10145968954,1,"IOTHUB_CLIENT_CONFIRMATION_OK"
24310,10145969116,10145969160,1,"IOTHUB_CLIENT_CONFIRMATION_OK"
24311,10145969317,10145969350,1,"IOTHUB_CLIENT_CONFIRMATION_OK"
24312,10145969517,10145969550,1,"IOTHUB_CLIENT_CONFIRMATION_OK"
24313,10145969717,10145969752,1,"IOTHUB_CLIENT_CONFIRMATION_OK"
24314,10145969917,10145970114,1,"IOTHUB_CLIENT_CONFIRMATION_OK"
24315,10145970117,10145970156,1,"IOTHUB_CLIENT_CONFIRMATION_OK"
24316,10145970317,10145970357,1,"IOTHUB_CLIENT_CONFIRMATION_OK"
24317,10145970517,10145970552,1,"IOTHUB_CLIENT_CONFIRMATION_OK"
24318,10145970718,10145970771,1,"IOTHUB_CLIENT_CONFIRMATION_OK"
24319,10145970918,10145970961,1,"IOTHUB_CLIENT_CONFIRMATION_OK"
24320,10145971118,10145971155,1,"IOTHUB_CLIENT_CONFIRMATION_OK"
24321,10145971318,10145971350,1,"IOTHUB_CLIENT_CONFIRMATION_OK"
24322,10145971518,10145971561,1,"IOTHUB_CLIENT_CONFIRMATION_OK"
24323,10145971718,10145971753,1,"IOTHUB_CLIENT_CONFIRMATION_OK"
24324,10145971918,10145971954,1,"IOTHUB_CLIENT_CONFIRMATION_OK"
24325,10145972119,10145972176,1,"IOTHUB_CLIENT_CONFIRMATION_OK"
24326,10145972319,10145972352,1,"IOTHUB_CLIENT_CONFIRMATION_OK"
24327,10145972519,10145972583,1,"IOTHUB_CLIENT_CONFIRMATION_OK"
24328,10145972719,10145972891,1,"IOTHUB_CLIENT_CONFIRMATION_OK"
24329,10145972919,10145972954,1,"IOTHUB_CLIENT_CONFIRMATION_OK"
24330,10145973119,10145973312,1,"IOTHUB_CLIENT_CONFIRMATION_OK"
24331,10145973320,10145973353,1,"IOTHUB_CLIENT_CONFIRMATION_OK"
24332,10145973520,10145973561,1,"IOTHUB_CLIENT_CONFIRMATION_OK"
24333,10145973720,10145973757,1,"IOTHUB_CLIENT_CONFIRMATION_OK"
24334,10145973920,10145974095,1,"IOTHUB_CLIENT_CONFIRMATION_OK"
24335,10145974120,10145974166,1,"IOTHUB_CLIENT_CONFIRMATION_OK"
24336,10145974320,10145974355,1,"IOTHUB_CLIENT_CONFIRMATION_OK"
24337,10145974521,10145974559,1,"IOTHUB_CLIENT_CONFIRMATION_OK"
24338,10145974721,10145974945,1,"IOTHUB_CLIENT_CONFIRMATION_OK"
24339,10145974921,10145974965,1,"IOTHUB_CLIENT_CONFIRMATION_OK"
24340,10145975121,10145975153,1,"IOTHUB_CLIENT_CONFIRMATION_OK"
24341,10145975321,10145975364,1,"IOTHUB_CLIENT_CONFIRMATION_OK"
24342,10145975521,10145975553,1,"IOTHUB_CLIENT_CONFIRMATION_OK"
24343,10145975721,10145975795,1,"IOTHUB_CLIENT_CONFIRMATION_OK"
24344,10145975922,10145975971,1,"IOTHUB_CLIENT_CONFIRMATION_OK"
24345,10145976122,10145976164,1,"IOTHUB_CLIENT_CONFIRMATION_OK"
24346,10145976322,10145976358,1,"IOTHUB_CLIENT_CONFIRMATION_OK"
24347,10145976522,10145976555,1,"IOTHUB_CLIENT_CONFIRMATION_OK"
24348,10145976722,10145976756,1,"IOTHUB_CLIENT_CONFIRMATION_OK"
24349,10145976922,10145976989,1,"IOTHUB_CLIENT_CONFIRMATION_OK"
24350,10145977123,10145977167,1,"IOTHUB_CLIENT_CONFIRMATION_OK"
24351,10145977323,10145977363,1,"IOTHUB_CLIENT_CONFIRMATION_OK"
24352,10145977523,10145977604,1,"IOTHUB_CLIENT_CONFIRMATION_OK"
24353,10145977723,10145977758,1,"IOTHUB_CLIENT_CONFIRMATION_OK"
24354,10145977923,10145977957,1,"IOTHUB_CLIENT_CONFIRMATION_OK"
24355,10145978123,10145978169,1,"IOTHUB_CLIENT_CONFIRMATION_OK"
24356,10145978324,10145978356,1,"IOTHUB_CLIENT_CONFIRMATION_OK"
24357,10145978524,10145978637,1,"IOTHUB_CLIENT_CONFIRMATION_OK"
24358,10145978724,10145978794,1,"IOTHUB_CLIENT_CONFIRMATION_OK"
24359,10145978924,10145978956,1,"IOTHUB_CLIENT_CONFIRMATION_OK"
24360,10145979124,10145979170,1,"IOTHUB_CLIENT_CONFIRMATION_OK"
24361,10145979324,10145979356,1,"IOTHUB_CLIENT_CONFIRMATION_OK"
24362,10145979524,10145979559,1,"IOTHUB_CLIENT_CONFIRMATION_OK"
24363,10145979725,10145979762,1,"IOTHUB_CLIENT_CONFIRMATION_OK"
24364,10145979925,10145979970,1,"IOTHUB_CLIENT_CONFIRMATION_OK"
24365,10145980125,10145980262,1,"IOTHUB_CLIENT_CONFIRMATION_OK"
24366,10145980325,10145980399,1,"IOTHUB_CLIENT_CONFIRMATION_OK"
24367,10145980525,10145980567,1,"IOTHUB_CLIENT_CONFIRMATION_OK"
24368,10145980725,10145980760,1,"IOTHUB_CLIENT_CONFIRMATION_OK"
24369,10145980925,10145980975,1,"IOTHUB_CLIENT_CONFIRMATION_OK"
24370,10145981126,10145981156,1,"IOTHUB_CLIENT_CONFIRMATION_OK"
24371,10145981326,10145981360,1,"IOTHUB_CLIENT_CONFIRMATION_OK"
24372,10145981526,10145981558,1,"IOTHUB_CLIENT_CONFIRMATION_OK"
24373,10145981726,10145981901,1,"IOTHUB_CLIENT_CONFIRMATION_OK"
24374,10145981926,10145981957,1,"IOTHUB_CLIENT_CONFIRMATION_OK"
24375,10145982126,10145982165,1,"IOTHUB_CLIENT_CONFIRMATION_OK"
24376,10145982327,10145982361,1,"IOTHUB_CLIENT_CONFIRMATION_OK"
24377,10145982527,10145982563,1,"IOTHUB_CLIENT_CONFIRMATION_OK"
24378,10145982727,10145982756,1,"IOTHUB_CLIENT_CONFIRMATION_OK"
24379,10145982927,10145982967,1,"IOTHUB_CLIENT_CONFIRMATION_OK"
24380,10145983127,10145983165,1,"IOTHUB_CLIENT_CONFIRMATION_OK"
24381,10145983327,10145983366,1,"IOTHUB_CLIENT_CONFIRMATION_OK"
24382,10145983527,10145983569,1,"IOTHUB_CLIENT_CONFIRMATION_OK"
24383,10145983728,10145983770,1,"IOTHUB_CLIENT_CONFIRMATION_OK"
24384,10145983928,10145983969,1,"IOTHUB_CLIENT_CONFIRMATION_OK"
24385,10145984128,10145984160,1,"IOTHUB_CLIENT_CONFIRMATION_OK"
24386,10145984328,10145984359,1,"IOTHUB_CLIENT_CONFIRMATION_OK"
24387,10145984528,10145984574,1,"IOTHUB_CLIENT_CONFIRMATION_OK"
24388,10145984728,10145984759,1,"IOTHUB_CLIENT_CONFIRMATION_OK"
24389,10145984928,10145984975,1,"IOTHUB_CLIENT_CONFIRMATION_OK"
24390,10145985129,10145985162,1,"IOTHUB_CLIENT_CONFIRMATION_OK"
24391,10145985329,10145985361,1,"IOTHUB_CLIENT_CONFIRMATION_OK"
24392,10145985529,10145985612,1,"IOTHUB_CLIENT_CONFIRMATION_OK"
24393,10145985729,10145985768,1,"IOTHUB_CLIENT_CONFIRMATION_OK"
24394,10145985929,10145985963,1,"IOTHUB_CLIENT_CONFIRMATION_OK"
24395,10145986130,10145986223,1,"IOTHUB_CLIENT_CONFIRMATION_OK"
24396,10145986330,10145986362,1,"IOTHUB_CLIENT_CONFIRMATION_OK"
24397,10145986530,10145986614,1,"IOTHUB_CLIENT_CONFIRMATION_OK"
24398,10145986730,10145986761,1,"IOTHUB_CLIENT_CONFIRMATION_OK"
24399,10145986930,10145986966,1,"IOTHUB_CLIENT_CONFIRMATION_OK"
24400,10145987130,10145987233,1,"IOTHUB_CLIENT_CONFIRMATION_OK"
24401,10145987330,10145987408,1,"IOTHUB_CLIENT_CONFIRMATION_OK"
24402,10145987531,10145987563,1,"IOTHUB_CLIENT_CONFIRMATION_OK"
24403,10145987731,10145987761,1,"IOTHUB_CLIENT_CONFIRMATION_OK"
24404,10145987931,10145987964,1,"IOTHUB_CLIENT_CONFIRMATION_OK"
24405,10145988131,10145988243,1,"IOTHUB_CLIENT_CONFIRMATION_OK"
24406,10145988331,10145988364,1,"IOTHUB_CLIENT_CONFIRMATION_OK"
24407,10145988532,10145988566,1,"IOTHUB_CLIENT_CONFIRMATION_OK"
24408,10145988732,10145988868,1,"IOTHUB_CLIENT_CONFIRMATION_OK"
24409,10145988932,10145988987,1,"IOTHUB_CLIENT_CONFIRMATION_OK"
24410,10145989132,10145989168,1,"IOTHUB_CLIENT_CONFIRMATION_OK"
24411,10145989332,10145989367,1,"IOTHUB_CLIENT_CONFIRMATION_OK"
24412,10145989532,10145989567,1,"IOTHUB_CLIENT_CONFIRMATION_OK"
24413,10145989732,10145989952,1,"IOTHUB_CLIENT_CONFIRMATION_OK"
24414,10145989933,10145989971,1,"IOTHUB_CLIENT_CONFIRMATION_OK"
24415,10145990133,10145990164,1,"IOTHUB_CLIENT_CONFIRMATION_OK"
24416,10145990333,10145990364,1,"IOTHUB_CLIENT_CONFIRMATION_OK"
24417,10145990533,10145990579,1,"IOTHUB_CLIENT_CONFIRMATION_OK"
24418,10145990733,10145990764,1,"IOTHUB_CLIENT_CONFIRMATION_OK"
24419,10145990933,10145990981,1,"IOTHUB_CLIENT_CONFIRMATION_OK"
24420,10145991134,10145991172,1,"IOTHUB_CLIENT_CONFIRMATION_OK"
24421,10145991334,10145991363,1,"IOTHUB_CLIENT_CONFIRMATION_OK"
24422,10145991534,10145991585,1,"IOTHUB_CLIENT_CONFIRMATION_OK"
24423,10145991734,10145991765,1,"IOTHUB_CLIENT_CONFIRMATION_OK"
24424,10145991934,10145992009,1,"IOTHUB_CLIENT_CONFIRMATION_OK"
24425,10145992134,10145992164,1,"IOTHUB_CLIENT_CONFIRMATION_OK"
24426,10145992335,10145992365,1,"IOTHUB_CLIENT_CONFIRMATION_OK"
24427,10145992535,10145992628,1,"IOTHUB_CLIENT_CONFIRMATION_OK"
24428,10145992735,10145992779,1,"IOTHUB_CLIENT_CONFIRMATION_OK"
24429,10145992935,10145993026,1,"IOTHUB_CLIENT_CONFIRMATION_OK"
24430,10145993135,10145993177,1,"IOTHUB_CLIENT_CONFIRMATION_OK"
24431,10145993335,10145993364,1,"IOTHUB_CLIENT_CONFIRMATION_OK"
24432,10145993535,10145993650,1,"IOTHUB_CLIENT_CONFIRMATION_OK"
24433,10145993736,10145993767,1,"IOTHUB_CLIENT_CONFIRMATION_OK"
24434,10145993936,10145993967,1,"IOTHUB_CLIENT_CONFIRMATION_OK"
24435,10145994136,10145994170,1,"IOTHUB_CLIENT_CONFIRMATION_OK"
24436,10145994336,10145994369,1,"IOTHUB_CLIENT_CONFIRMATION_OK"
24437,10145994536,10145994580,1,"IOTHUB_CLIENT_CONFIRMATION_OK"
24438,10145994736,10145994769,1,"IOTHUB_CLIENT_CONFIRMATION_OK"
24439,10145994937,10145994969,1,"IOTHUB_CLIENT_CONFIRMATION_OK"
24440,10145995137,10145995176,1,"IOTHUB_CLIENT_CONFIRMATION_OK"
24441,10145995337,10145995372,1,"IOTHUB_CLIENT_CONFIRMATION_OK"
24442,10145995537,10145995597,1,"IOTHUB_CLIENT_CONFIRMATION_OK"
24443,10145995737,10145995774,1,"IOTHUB_CLIENT_CONFIRMATION_OK"
24444,10145995937,10145995969,1,"IOTHUB_CLIENT_CONFIRMATION_OK"
24445,10145996137,10145996193,1,"IOTHUB_CLIENT_CONFIRMATION_OK"
24446,10145996338,10145996394,1,"IOTHUB_CLIENT_CONFIRMATION_OK"
24447,10145996538,10145996573,1,"IOTHUB_CLIENT_CONFIRMATION_OK"
24448,10145996738,10145996800,1,"IOTHUB_CLIENT_CONFIRMATION_OK"
24449,10145996938,10145996973,1,"IOTHUB_CLIENT_CONFIRMATION_OK"
24450,10145997138,10145997175,1,"IOTHUB_CLIENT_CONFIRMATION_OK"
24451,10145997338,10145997404,1,"IOTHUB_CLIENT_CONFIRMATION_OK"
24452,10145997539,10145997568,1,"IOTHUB_CLIENT_CONFIRMATION_OK"
24453,10145997739,10145997771,1,"IOTHUB_CLIENT_CONFIRMATION_OK"
24454,10145997939,10145997974,1,"IOTHUB_CLIENT_CONFIRMATION_OK"
24455,10145998139,10145998174,1,"IOTHUB_CLIENT_CONFIRMATION_OK"
24456,10145998339,10145998430,1,"IOTHUB_CLIENT_CONFIRMATION_OK"
24457,10145998539,10145998572,1,"IOTHUB_CLIENT_CONFIRMATION_OK"
24458,10145998740,10145998769,1,"IOTHUB_CLIENT_CONFIRMATION_OK"
24459,10145998940,10145999045,1,"IOTHUB_CLIENT_CONFIRMATION_OK"
24460,10145999140,10145999177,1,"IOTHUB_CLIENT_CONFIRMATION_OK"
24461,10145999340,10145999369,1,"IOTHUB_CLIENT_CONFIRMATION_OK"
24462,10145999540,10145999589,1,"IOTHUB_CLIENT_CONFIRMATION_OK"
24463,10145999740,10145999812,1,"IOTHUB_CLIENT_CONFIRMATION_OK"
24464,10145999940,10146000072,1,"IOTHUB_CLIENT_CONFIRMATION_OK"
24465,10146000141,10146000172,1,"IOTHUB_CLIENT_CONFIRMATION_OK"
24466,10146000341,10146000412,1,"IOTHUB_CLIENT_CONFIRMATION_OK"
24467,10146000541,10146000619,1,"IOTHUB_CLIENT_CONFIRMATION_OK"
24468,10146000741,10146000782,1,"IOTHUB_CLIENT_CONFIRMATION_OK"
24469,10146000941,10146000974,1,"IOTHUB_CLIENT_CONFIRMATION_OK"
24470,10146001141,10146001187,1,"IOTHUB_CLIENT_CONFIRMATION_OK"
24471,10146001342,10146001376,1,"IOTHUB_CLIENT_CONFIRMATION_OK"
24472,10146001542,10146001639,1,"IOTHUB_CLIENT_CONFIRMATION_OK"
24473,10146001742,10146001784,1,"IOTHUB_CLIENT_CONFIRMATION_OK"
24474,10146001942,10146001974,1,"IOTHUB_CLIENT_CONFIRMATION_OK"
24475,10146002142,10146002242,1,"IOTHUB_CLIENT_CONFIRMATION_OK"
24476,10146002342,10146002376,1,"IOTHUB_CLIENT_CONFIRMATION_OK"
24477,10146002542,10146002605,1,"IOTHUB_CLIENT_CONFIRMATION_OK"
24478,10146002743,10146002803,1,"IOTHUB_CLIENT_CONFIRMATION_OK"
24479,10146002943,10146002980,1,"IOTHUB_CLIENT_CONFIRMATION_OK"
24480,10146003143,10146003262,1,"IOTHUB_CLIENT_CONFIRMATION_OK"
24481,10146003343,10146003375,1,"IOTHUB_CLIENT_CONFIRMATION_OK"
24482,10146003543,10146003574,1,"IOTHUB_CLIENT_CONFIRMATION_OK"
24483,10146003744,10146003888,1,"IOTHUB_CLIENT_CONFIRMATION_OK"
24484,10146003944,10146003977,1,"IOTHUB_CLIENT_CONFIRMATION_OK"
24485,10146004144,10146004175,1,"IOTHUB_CLIENT_CONFIRMATION_OK"
24486,10146004344,10146004373,1,"IOTHUB_CLIENT_CONFIRMATION_OK"
24487,10146004544,10146004592,1,"IOTHUB_CLIENT_CONFIRMATION_OK"
24488,10146004744,10146004898,1,"IOTHUB_CLIENT_CONFIRMATION_OK"
24489,10146004945,10146004975,1,"IOTHUB_CLIENT_CONFIRMATION_OK"
24490,10146005145,10146005194,1,"IOTHUB_CLIENT_CONFIRMATION_OK"
24491,10146005345,10146005376,1,"IOTHUB_CLIENT_CONFIRMATION_OK"
24492,10146005545,10146005581,1,"IOTHUB_CLIENT_CONFIRMATION_OK"
24493,10146005745,10146005784,1,"IOTHUB_CLIENT_CONFIRMATION_OK"
24494,10146005945,10146005991,1,"IOTHUB_CLIENT_CONFIRMATION_OK"
24495,10146006145,10146006187,1,"IOTHUB_CLIENT_CONFIRMATION_OK"
24496,10146006346,10146006381,1,"IOTHUB_CLIENT_CONFIRMATION_OK"
24497,10146006546,10146006576,1,"IOTHUB_CLIENT_CONFIRMATION_OK"
24498,10146006746,10146006783,1,"IOTHUB_CLIENT_CONFIRMATION_OK"
24499,10146006946,10146007001,1,"IOTHUB_CLIENT_CONFIRMATION_OK"
24500,10146007146,10146007187,1,"IOTHUB_CLIENT_CONFIRMATION_OK"
24501,10146007346,10146007380,1,"IOTHUB_CLIENT_CONFIRMATION_OK"
24502,10146007546,10146007584,1,"IOTHUB_CLIENT_CONFIRMATION_OK"
24503,10146007746,10146007790,1,"IOTHUB_CLIENT_CONFIRMATION_OK"
24504,10146007947,10146007993,1,"IOTHUB_CLIENT_CONFIRMATION_OK"
24505,10146008147,10146008215,1,"IOTHUB_CLIENT_CONFIRMATION_OK"
24506,10146008347,10146008380,1,"IOTHUB_CLIENT_CONFIRMATION_OK"
24507,10146008547,10146008594,1,"IOTHUB_CLIENT_CONFIRMATION_OK"
24508,10146008747,10146008779,1,"IOTHUB_CLIENT_CONFIRMATION_OK"
24509,10146008947,10146008989,1,"IOTHUB_CLIENT_CONFIRMATION_OK"
24510,10146009148,10146009200,1,"IOTHUB_CLIENT_CONFIRMATION_OK"
24511,10146009348,10146009380,1,"IOTHUB_CLIENT_CONFIRMATION_OK"
24512,10146009548,10146009583,1,"IOTHUB_CLIENT_CONFIRMATION_OK"
24513,10146009748,10146009784,1,"IOTHUB_CLIENT_CONFIRMATION_OK"
24514,10146009948,10146009982,1,"IOTHUB_CLIENT_CONFIRMATION_OK"
24515,10146010149,10146010241,1,"IOTHUB_CLIENT_CONFIRMATION_OK"
24516,10146010349,10146010378,1,"IOTHUB_CLIENT_CONFIRMATION_OK"
24517,10146010549,10146010581,1,"IOTHUB_CLIENT_CONFIRMATION_OK"
24518,10146010749,10146010839,1,"IOTHUB_CLIENT_CONFIRMATION_OK"
24519,10146010949,10146010980,1,"IOTHUB_CLIENT_CONFIRMATION_OK"
24520,10146011149,10146011210,1,"IOTHUB_CLIENT_CONFIRMATION_OK"
24521,10146011349,10146011380,1,"IOTHUB_CLIENT_CONFIRMATION_OK"
24522,10146011550,10146011581,1,"IOTHUB_CLIENT_CONFIRMATION_OK"
24523,10146011750,10146011849,1,"IOTHUB_CLIENT_CONFIRMATION_OK"
24524,10146011950,10146011985,1,"IOTHUB_CLIENT_CONFIRMATION_OK"
24525,10146012150,10146012184,1,"IOTHUB_CLIENT_CONFIRMATION_OK"
24526,10146012350,10146012470,1,"IOTHUB_CLIENT_CONFIRMATION_OK"
24527,10146012550,10146012583,1,"IOTHUB_CLIENT_CONFIRMATION_OK"
24528,10146012750,10146012786,1,"IOTHUB_CLIENT_CONFIRMATION_OK"
24529,10146012951,10146012986,1,"IOTHUB_CLIENT_CONFIRMATION_OK"
24530,10146013151,10146013180,1,"IOTHUB_CLIENT_CONFIRMATION_OK"
24531,10146013351,10146013492,1,"IOTHUB_CLIENT_CONFIRMATION_OK"
24532,10146013551,10146013583,1,"IOTHUB_CLIENT_CONFIRMATION_OK"
24533,10146013751,10146013791,1,"IOTHUB_CLIENT_CONFIRMATION_OK"
24534,10146013951,10146013988,1,"IOTHUB_CLIENT_CONFIRMATION_OK"
24535,10146014152,10146014183,1,"IOTHUB_CLIENT_CONFIRMATION_OK"
24536,10146014352,10146014411,1,"IOTHUB_CLIENT_CONFIRMATION_OK"
24537,10146014552,10146014586,1,"IOTHUB_CLIENT_CONFIRMATION_OK"
24538,10146014752,10146014784,1,"IOTHUB_CLIENT_CONFIRMATION_OK"
24539,10146014952,10146015123,1,"IOTHUB_CLIENT_CONFIRMATION_OK"
24540,10146015153,10146015185,1,"IOTHUB_CLIENT_CONFIRMATION_OK"
24541,10146015353,10146015386,1,"IOTHUB_CLIENT_CONFIRMATION_OK"
24542,10146015553,10146015585,1,"IOTHUB_CLIENT_CONFIRMATION_OK"
24543,10146015753,10146015783,1,"IOTHUB_CLIENT_CONFIRMATION_OK"
24544,10146015953,10146015985,1,"IOTHUB_CLIENT_CONFIRMATION_OK"
24545,10146016153,10146016188,1,"IOTHUB_CLIENT_CONFIRMATION_OK"
24546,10146016353,10146016388,1,"IOTHUB_CLIENT_CONFIRMATION_OK"
24547,10146016554,10146016584,1,"IOTHUB_CLIENT_CONFIRMATION_OK"
24548,10146016754,10146016802,1,"IOTHUB_CLIENT_CONFIRMATION_OK"
24549,10146016954,10146016984,1,"IOTHUB_CLIENT_CONFIRMATION_OK"
24550,10146017154,10146017211,1,"IOTHUB_CLIENT_CONFIRMATION_OK"
24551,10146017354,10146017393,1,"IOTHUB_CLIENT_CONFIRMATION_OK"
24552,10146017554,10146017592,1,"IOTHUB_CLIENT_CONFIRMATION_OK"
24553,10146017755,10146017813,1,"IOTHUB_CLIENT_CONFIRMATION_OK"
24554,10146017955,10146017988,1,"IOTHUB_CLIENT_CONFIRMATION_OK"
24555,10146018155,10146018212,1,"IOTHUB_CLIENT_CONFIRMATION_OK"
24556,10146018355,10146018395,1,"IOTHUB_CLIENT_CONFIRMATION_OK"
24557,10146018555,10146018590,1,"IOTHUB_CLIENT_CONFIRMATION_OK"
24558,10146018755,10146018823,1,"IOTHUB_CLIENT_CONFIRMATION_OK"
24559,10146018955,10146018993,1,"IOTHUB_CLIENT_CONFIRMATION_OK"
24560,10146019156,10146019190,1,"IOTHUB_CLIENT_CONFIRMATION_OK"
24561,10146019356,10146019455,1,"IOTHUB_CLIENT_CONFIRMATION_OK"
24562,10146019556,10146019591,1,"IOTHUB_CLIENT_CONFIRMATION_OK"
24563,10146019756,10146019888,1,"IOTHUB_CLIENT_CONFIRMATION_OK"
24564,10146019956,10146020113,1,"IOTHUB_CLIENT_CONFIRMATION_OK"
24565,10146020156,10146020191,1,"IOTHUB_CLIENT_CONFIRMATION_OK"
24566,10146020357,10146020517,1,"IOTHUB_CLIENT_CONFIRMATION_OK"
24567,10146020557,10146020594,1,"IOTHUB_CLIENT_CONFIRMATION_OK"
24568,10146020757,10146020795,1,"IOTHUB_CLIENT_CONFIRMATION_OK"
24569,10146020957,10146020987,1,"IOTHUB_CLIENT_CONFIRMATION_OK"
24570,10146021157,10146021199,1,"IOTHUB_CLIENT_CONFIRMATION_OK"
24571,10146021357,10146021390,1,"IOTHUB_CLIENT_CONFIRMATION_OK"
24572,10146021557,10146021590,1,"IOTHUB_CLIENT_CONFIRMATION_OK"
24573,10146021758,10146021791,1,"IOTHUB_CLIENT_CONFIRMATION_OK"
24574,10146021958,10146021999,1,"IOTHUB_CLIENT_CONFIRMATION_OK"
24575,10146022158,10146022196,1,"IOTHUB_CLIENT_CONFIRMATION_OK"
24576,10146022358,10146022399,1,"IOTHUB_CLIENT_CONFIRMATION_OK"
24577,10146022558,10146022593,1,"IOTHUB_CLIENT_CONFIRMATION_OK"
24578,10146022758,10146022797,1,"IOTHUB_CLIENT_CONFIRMATION_OK"
24579,10146022959,10146023012,1,"IOTHUB_CLIENT_CONFIRMATION_OK"
24580,10146023159,10146023196,1,"IOTHUB_CLIENT_CONFIRMATION_OK"
24581,10146023359,10146023406,1,"IOTHUB_CLIENT_CONFIRMATION_OK"
24582,10146023559,10146023588,1,"IOTHUB_CLIENT_CONFIRMATION_OK"
24583,10146023759,10146023788,1,"IOTHUB_CLIENT_CONFIRMATION_OK"
24584,10146023959,10146024001,1,"IOTHUB_CLIENT_CONFIRMATION_OK"
24585,10146024159,10146024203,1,"IOTHUB_CLIENT_CONFIRMATION_OK"
24586,10146024360,10146024408,1,"IOTHUB_CLIENT_CONFIRMATION_OK"
24587,10146024560,10146024596,1,"IOTHUB_CLIENT_CONFIRMATION_OK"
24588,10146024760,10146024789,1,"IOTHUB_CLIENT_CONFIRMATION_OK"
24589,10146024960,10146025019,1,"IOTHUB_CLIENT_CONFIRMATION_OK"
24590,10146025160,10146025226,1,"IOTHUB_CLIENT_CONFIRMATION_OK"
24591,10146025360,10146025415,1,"IOTHUB_CLIENT_CONFIRMATION_OK"
24592,10146025560,10146025593,1,"IOTHUB_CLIENT_CONFIRMATION_OK"
24593,10146025761,10146025836,1,"IOTHUB_CLIENT_CONFIRMATION_OK"
24594,10146025961,10146025998,1,"IOTHUB_CLIENT_CONFIRMATION_OK"
24595,10146026161,10146026199,1,"IOTHUB_CLIENT_CONFIRMATION_OK"
24596,10146026361,10146026403,1,"IOTHUB_CLIENT_CONFIRMATION_OK"
24597,10146026561,10146026604,1,"IOTHUB_CLIENT_CONFIRMATION_OK"
24598,10146026761,10146026900,1,"IOTHUB_CLIENT_CONFIRMATION_OK"
24599,10146026962,10146027004,1,"IOTHUB_CLIENT_CONFIRMATION_OK"
24600,10146027162,10146027197,1,"IOTHUB_CLIENT_CONFIRMATION_OK"
24601,10146027362,10146027393,1,"IOTHUB_CLIENT_CONFIRMATION_OK"
24602,10146027562,10146027592,1,"IOTHUB_CLIENT_CONFIRMATION_OK"
24603,10146027762,10146027791,1,"IOTHUB_CLIENT_CONFIRMATION_OK"
24604,10146027962,10146027994,1,"IOTHUB_CLIENT_CONFIRMATION_OK"
24605,10146028162,10146028197,1,"IOTHUB_CLIENT_CONFIRMATION_OK"
24606,10146028363,10146028420,1,"IOTHUB_CLIENT_CONFIRMATION_OK"
24607,10146028563,10146028595,1,"IOTHUB_CLIENT_CONFIRMATION_OK"
24608,10146028763,10146028800,1,"IOTHUB_CLIENT_CONFIRMATION_OK"
24609,10146028963,10146029031,1,"IOTHUB_CLIENT_CONFIRMATION_OK"
24610,10146029163,10146029201,1,"IOTHUB_CLIENT_CONFIRMATION_OK"
24611,10146029363,10146029396,1,"IOTHUB_CLIENT_CONFIRMATION_OK"
24612,10146029563,10146029603,1,"IOTHUB_CLIENT_CONFIRMATION_OK"
24613,10146029764,10146029795,1,"IOTHUB_CLIENT_CONFIRMATION_OK"
24614,10146029964,10146030087,1,"IOTHUB_CLIENT_CONFIRMATION_OK"
24615,10146030164,10146030196,1,"IOTHUB_CLIENT_CONFIRMATION_OK"
24616,10146030364,10146030419,1,"IOTHUB_CLIENT_CONFIRMATION_OK"
24617,10146030564,10146030679,1,"IOTHUB_CLIENT_CONFIRMATION_OK"
24618,10146030764,10146030811,1,"IOTHUB_CLIENT_CONFIRMATION_OK"
24619,10146030965,10146030995,1,"IOTHUB_CLIENT_CONFIRMATION_OK"
24620,10146031165,10146031196,1,"IOTHUB_CLIENT_CONFIRMATION_OK"
24621,10146031365,10146031394,1,"IOTHUB_CLIENT_CONFIRMATION_OK"
24622,10146031565,10146031698,1,"IOTHUB_CLIENT_CONFIRMATION_OK"
24623,10146031765,10146031795,1,"IOTHUB_CLIENT_CONFIRMATION_OK"
24624,10146031965,10146031998,1,"IOTHUB_CLIENT_CONFIRMATION_OK"
24625,10146032166,10146032324,1,"IOTHUB_CLIENT_CONFIRMATION_OK"
24626,10146032366,10146032404,1,"IOTHUB_CLIENT_CONFIRMATION_OK"
24627,10146032566,10146032629,1,"IOTHUB_CLIENT_CONFIRMATION_OK"
24628,10146032766,10146032796,1,"IOTHUB_CLIENT_CONFIRMATION_OK"
24629,10146032966,10146033005,1,"IOTHUB_CLIENT_CONFIRMATION_OK"
24630,10146033166,10146033335,1,"IOTHUB_CLIENT_CONFIRMATION_OK"
24631,10146033366,10146033398,1,"IOTHUB_CLIENT_CONFIRMATION_OK"
24632,10146033567,10146033598,1,"IOTHUB_CLIENT_CONFIRMATION_OK"
24633,10146033767,10146033798,1,"IOTHUB_CLIENT_CONFIRMATION_OK"
24634,10146033967,10146033997,1,"IOTHUB_CLIENT_CONFIRMATION_OK"
24635,10146034167,10146034239,1,"IOTHUB_CLIENT_CONFIRMATION_OK"
24636,10146034367,10146034475,1,"IOTHUB_CLIENT_CONFIRMATION_OK"
24637,10146034567,10146034597,1,"IOTHUB_CLIENT_CONFIRMATION_OK"
24638,10146034767,10146034843,1,"IOTHUB_CLIENT_CONFIRMATION_OK"
24639,10146034968,10146035001,1,"IOTHUB_CLIENT_CONFIRMATION_OK"
24640,10146035168,10146035207,1,"IOTHUB_CLIENT_CONFIRMATION_OK"
24641,10146035368,10146035478,1,"IOTHUB_CLIENT_CONFIRMATION_OK"
24642,10146035568,10146035617,1,"IOTHUB_CLIENT_CONFIRMATION_OK"
24643,10146035768,10146035801,1,"IOTHUB_CLIENT_CONFIRMATION_OK"
24644,10146035968,10146036025,1,"IOTHUB_CLIENT_CONFIRMATION_OK"
24645,10146036168,10146036203,1,"IOTHUB_CLIENT_CONFIRMATION_OK"
24646,10146036369,10146036408,1,"IOTHUB_CLIENT_CONFIRMATION_OK"
24647,10146036569,10146036599,1,"IOTHUB_CLIENT_CONFIRMATION_OK"
24648,10146036769,10146036830,1,"IOTHUB_CLIENT_CONFIRMATION_OK"
24649,10146036969,10146037127,1,"IOTHUB_CLIENT_CONFIRMATION_OK"
24650,10146037169,10146037207,1,"IOTHUB_CLIENT_CONFIRMATION_OK"
24651,10146037369,10146037416,1,"IOTHUB_CLIENT_CONFIRMATION_OK"
24652,10146037570,10146037606,1,"IOTHUB_CLIENT_CONFIRMATION_OK"
24653,10146037770,10146037905,1,"IOTHUB_CLIENT_CONFIRMATION_OK"
24654,10146037970,10146037999,1,"IOTHUB_CLIENT_CONFIRMATION_OK"
24655,10146038170,10146038208,1,"IOTHUB_CLIENT_CONFIRMATION_OK"
24656,10146038370,10146038415,1,"IOTHUB_CLIENT_CONFIRMATION_OK"
24657,10146038570,10146038602,1,"IOTHUB_CLIENT_CONFIRMATION_OK"
24658,10146038771,10146038821,1,"IOTHUB_CLIENT_CONFIRMATION_OK"
24659,10146038971,10146039009,1,"IOTHUB_CLIENT_CONFIRMATION_OK"
24660,10146039171,10146039204,1,"IOTHUB_CLIENT_CONFIRMATION_OK"
24661,10146039371,10146039401,1,"IOTHUB_CLIENT_CONFIRMATION_OK"
24662,10146039571,10146039609,1,"IOTHUB_CLIENT_CONFIRMATION_OK"
24663,10146039771,10146039801,1,"IOTHUB_CLIENT_CONFIRMATION_OK"
24664,10146039971,10146040003,1,"IOTHUB_CLIENT_CONFIRMATION_OK"
24665,10146040172,10146040218,1,"IOTHUB_CLIENT_CONFIRMATION_OK"
24666,10146040372,10146040404,1,"IOTHUB_CLIENT_CONFIRMATION_OK"
24667,10146040572,10146040602,1,"IOTHUB_CLIENT_CONFIRMATION_OK"
24668,10146040772,10146040815,1,"IOTHUB_CLIENT_CONFIRMATION_OK"
24669,10146040972,10146041005,1,"IOTHUB_CLIENT_CONFIRMATION_OK"
24670,10146041172,10146041218,1,"IOTHUB_CLIENT_CONFIRMATION_OK"
24671,10146041372,10146041420,1,"IOTHUB_CLIENT_CONFIRMATION_OK"
24672,10146041573,10146041606,1,"IOTHUB_CLIENT_CONFIRMATION_OK"
24673,10146041773,10146041826,1,"IOTHUB_CLIENT_CONFIRMATION_OK"
24674,10146041973,10146042015,1,"IOTHUB_CLIENT_CONFIRMATION_OK"
24675,10146042173,10146042215,1,"IOTHUB_CLIENT_CONFIRMATION_OK"
24676,10146042373,10146042431,1,"IOTHUB_CLIENT_CONFIRMATION_OK"
24677,10146042573,10146042611,1,"IOTHUB_CLIENT_CONFIRMATION_OK"
24678,10146042774,10146042809,1,"IOTHUB_CLIENT_CONFIRMATION_OK"
24679,10146042974,10146043004,1,"IOTHUB_CLIENT_CONFIRMATION_OK"
24680,10146043174,10146043209,1,"IOTHUB_CLIENT_CONFIRMATION_OK"
24681,10146043374,10146043446,1,"IOTHUB_CLIENT_CONFIRMATION_OK"
24682,10146043574,10146043608,1,"IOTHUB_CLIENT_CONFIRMATION_OK"
24683,10146043774,10146043807,1,"IOTHUB_CLIENT_CONFIRMATION_OK"
24684,10146043975,10146044062,1,"IOTHUB_CLIENT_CONFIRMATION_OK"
24685,10146044175,10146044221,1,"IOTHUB_CLIENT_CONFIRMATION_OK"
24686,10146044375,10146044408,1,"IOTHUB_CLIENT_CONFIRMATION_OK"
24687,10146044575,10146044617,1,"IOTHUB_CLIENT_CONFIRMATION_OK"
24688,10146044775,10146044809,1,"IOTHUB_CLIENT_CONFIRMATION_OK"
24689,10146044975,10146045099,1,"IOTHUB_CLIENT_CONFIRMATION_OK"
24690,10146045175,10146045204,1,"IOTHUB_CLIENT_CONFIRMATION_OK"
24691,10146045376,10146045410,1,"IOTHUB_CLIENT_CONFIRMATION_OK"
24692,10146045576,10146045703,1,"IOTHUB_CLIENT_CONFIRMATION_OK"
24693,10146045776,10146045811,1,"IOTHUB_CLIENT_CONFIRMATION_OK"
24694,10146045976,10146046009,1,"IOTHUB_CLIENT_CONFIRMATION_OK"
24695,10146046176,10146046214,1,"IOTHUB_CLIENT_CONFIRMATION_OK"
24696,10146046376,10146046413,1,"IOTHUB_CLIENT_CONFIRMATION_OK"
24697,10146046577,10146046720,1,"IOTHUB_CLIENT_CONFIRMATION_OK"
24698,10146046777,10146046817,1,"IOTHUB_CLIENT_CONFIRMATION_OK"
24699,10146046977,10146047015,1,"IOTHUB_CLIENT_CONFIRMATION_OK"
24700,10146047177,10146047347,1,"IOTHUB_CLIENT_CONFIRMATION_OK"
24701,10146047377,10146047425,1,"IOTHUB_CLIENT_CONFIRMATION_OK"
24702,10146047577,10146047615,1,"IOTHUB_CLIENT_CONFIRMATION_OK"
24703,10146047777,10146047822,1,"IOTHUB_CLIENT_CONFIRMATION_OK"
24704,10146047978,10146048015,1,"IOTHUB_CLIENT_CONFIRMATION_OK"
24705,10146048178,10146048375,1,"IOTHUB_CLIENT_CONFIRMATION_OK"
24706,10146048378,10146048414,1,"IOTHUB_CLIENT_CONFIRMATION_OK"
24707,10146048578,10146048618,1,"IOTHUB_CLIENT_CONFIRMATION_OK"
24708,10146048778,10146048814,1,"IOTHUB_CLIENT_CONFIRMATION_OK"
24709,10146048978,10146049012,1,"IOTHUB_CLIENT_CONFIRMATION_OK"
24710,10146049179,10146049213,1,"IOTHUB_CLIENT_CONFIRMATION_OK"
24711,10146049379,10146049411,1,"IOTHUB_CLIENT_CONFIRMATION_OK"
24712,10146049579,10146049614,1,"IOTHUB_CLIENT_CONFIRMATION_OK"
24713,10146049779,10146049813,1,"IOTHUB_CLIENT_CONFIRMATION_OK"
24714,10146049979,10146050023,1,"IOTHUB_CLIENT_CONFIRMATION_OK"
24715,10146050179,10146050228,1,"IOTHUB_CLIENT_CONFIRMATION_OK"
24716,10146050379,10146050455,1,"IOTHUB_CLIENT_CONFIRMATION_OK"
24717,10146050580,10146050610,1,"IOTHUB_CLIENT_CONFIRMATION_OK"
24718,10146050780,10146050819,1,"IOTHUB_CLIENT_CONFIRMATION_OK"
24719,10146050980,10146051115,1,"IOTHUB_CLIENT_CONFIRMATION_OK"
24720,10146051180,10146051227,1,"IOTHUB_CLIENT_CONFIRMATION_OK"
24721,10146051380,10146051896,1,"IOTHUB_CLIENT_CONFIRMATION_OK"
24722,10146051581,10146052310,1,"IOTHUB_CLIENT_CONFIRMATION_OK"
24723,10146051781,10146052414,1,"IOTHUB_CLIENT_CONFIRMATION_OK"
24724,10146051981,10146052503,1,"IOTHUB_CLIENT_CONFIRMATION_OK"
24725,10146052181,10146052580,1,"IOTHUB_CLIENT_CONFIRMATION_OK"
24726,10146052381,10146052740,1,"IOTHUB_CLIENT_CONFIRMATION_OK"
24727,10146052581,10146052842,1,"IOTHUB_CLIENT_CONFIRMATION_OK"
24728,10146052781,10146052911,1,"IOTHUB_CLIENT_CONFIRMATION_OK"
24729,10146052982,10146053024,1,"IOTHUB_CLIENT_CONFIRMATION_OK"
24730,10146053182,10146053223,1,"IOTHUB_CLIENT_CONFIRMATION_OK"
24731,10146053382,10146053418,1,"IOTHUB_CLIENT_CONFIRMATION_OK"
24732,10146053582,10146053750,1,"IOTHUB_CLIENT_CONFIRMATION_OK"
24733,10146053782,10146053832,1,"IOTHUB_CLIENT_CONFIRMATION_OK"
24734,10146053982,10146054010,1,"IOTHUB_CLIENT_CONFIRMATION_OK"
24735,10146054182,10146054223,1,"IOTHUB_CLIENT_CONFIRMATION_OK"
24736,10146054383,10146054506,1,"IOTHUB_CLIENT_CONFIRMATION_OK"
24737,10146054583,10146054617,1,"IOTHUB_CLIENT_CONFIRMATION_OK"
24738,10146054783,10146054819,1,"IOTHUB_CLIENT_CONFIRMATION_OK"
24739,10146054983,10146055022,1,"IOTHUB_CLIENT_CONFIRMATION_OK"
24740,10146055183,10146055367,1,"IOTHUB_CLIENT_CONFIRMATION_OK"
24741,10146055383,10146055416,1,"IOTHUB_CLIENT_CONFIRMATION_OK"
24742,10146055584,10146055630,1,"IOTHUB_CLIENT_CONFIRMATION_OK"
24743,10146055784,10146055818,1,"IOTHUB_CLIENT_CONFIRMATION_OK"
24744,10146055984,10146056036,1,"IOTHUB_CLIENT_CONFIRMATION_OK"
24745,10146056184,10146056243,1,"IOTHUB_CLIENT_CONFIRMATION_OK"
24746,10146056384,10146056429,1,"IOTHUB_CLIENT_CONFIRMATION_OK"
24747,10146056584,10146056632,1,"IOTHUB_CLIENT_CONFIRMATION_OK"
24748,10146056785,10146056822,1,"IOTHUB_CLIENT_CONFIRMATION_OK"
24749,10146056985,10146057017,1,"IOTHUB_CLIENT_CONFIRMATION_OK"
24750,10146057185,10146057228,1,"IOTHUB_CLIENT_CONFIRMATION_OK"
24751,10146057385,10146057438,1,"IOTHUB_CLIENT_CONFIRMATION_OK"
24752,10146057585,10146057620,1,"IOTHUB_CLIENT_CONFIRMATION_OK"
24753,10146057785,10146057832,1,"IOTHUB_CLIENT_CONFIRMATION_OK"
24754,10146057985,10146058031,1,"IOTHUB_CLIENT_CONFIRMATION_OK"
24755,10146058186,10146058264,1,"IOTHUB_CLIENT_CONFIRMATION_OK"
24756,10146058386,10146058446,1,"IOTHUB_CLIENT_CONFIRMATION_OK"
24757,10146058586,10146058625,1,"IOTHUB_CLIENT_CONFIRMATION_OK"
24758,10146058786,10146058835,1,"IOTHUB_CLIENT_CONFIRMATION_OK"
24759,10146058986,10146059045,1,"IOTHUB_CLIENT_CONFIRMATION_OK"
24760,10146059186,10146059223,1,"IOTHUB_CLIENT_CONFIRMATION_OK"
24761,10146059386,10146059453,1,"IOTHUB_CLIENT_CONFIRMATION_OK"
24762,10146059587,10146059756,1,"IOTHUB_CLIENT_CONFIRMATION_OK"
24763,10146059787,10146059817,1,"IOTHUB_CLIENT_CONFIRMATION_OK"
24764,10146059987,10146060064,1,"IOTHUB_CLIENT_CONFIRMATION_OK"
24765,10146060187,10146060221,1,"IOTHUB_CLIENT_CONFIRMATION_OK"
24766,10146060387,10146060420,1,"IOTHUB_CLIENT_CONFIRMATION_OK"
24767,10146060587,10146060670,1,"IOTHUB_CLIENT_CONFIRMATION_OK"
24768,10146060788,10146060845,1,"IOTHUB_CLIENT_CONFIRMATION_OK"
24769,10146060988,10146061050,1,"IOTHUB_CLIENT_CONFIRMATION_OK"
24770,10146061188,10146061231,1,"IOTHUB_CLIENT_CONFIRMATION_OK"
24771,10146061388,10146061432,1,"IOTHUB_CLIENT_CONFIRMATION_OK"
24772,10146061588,10146061686,1,"IOTHUB_CLIENT_CONFIRMATION_OK"
24773,10146061788,10146061819,1,"IOTHUB_CLIENT_CONFIRMATION_OK"
24774,10146061989,10146062022,1,"IOTHUB_CLIENT_CONFIRMATION_OK"
24775,10146062189,10146062310,1,"IOTHUB_CLIENT_CONFIRMATION_OK"
24776,10146062389,10146062454,1,"IOTHUB_CLIENT_CONFIRMATION_OK"
24777,10146062589,10146062634,1,"IOTHUB_CLIENT_CONFIRMATION_OK"
24778,10146062789,10146062821,1,"IOTHUB_CLIENT_CONFIRMATION_OK"
24779,10146062989,10146063027,1,"IOTHUB_CLIENT_CONFIRMATION_OK"
24780,10146063189,10146063332,1,"IOTHUB_CLIENT_CONFIRMATION_OK"
24781,10146063390,10146063433,1,"IOTHUB_CLIENT_CONFIRMATION_OK"
24782,10146063590,10146063640,1,"IOTHUB_CLIENT_CONFIRMATION_OK"
24783,10146063790,10146063956,1,"IOTHUB_CLIENT_CONFIRMATION_OK"
24784,10146063990,10146064021,1,"IOTHUB_CLIENT_CONFIRMATION_OK"
24785,10146064190,10146064226,1,"IOTHUB_CLIENT_CONFIRMATION_OK"
24786,10146064390,10146064569,1,"IOTHUB_CLIENT_CONFIRMATION_OK"
24787,10146064591,10146064632,1,"IOTHUB_CLIENT_CONFIRMATION_OK"
24788,10146064791,10146064994,1,"IOTHUB_CLIENT_CONFIRMATION_OK"
24789,10146064991,10146065022,1,"IOTHUB_CLIENT_CONFIRMATION_OK"
24790,10146065191,10146065229,1,"IOTHUB_CLIENT_CONFIRMATION_OK"
24791,10146065391,10146065442,1,"IOTHUB_CLIENT_CONFIRMATION_OK"
24792,10146065591,10146065646,1,"IOTHUB_CLIENT_CONFIRMATION_OK"
24793,10146065791,10146065839,1,"IOTHUB_CLIENT_CONFIRMATION_OK"
24794,10146065992,10146066064,1,"IOTHUB_CLIENT_CONFIRMATION_OK"
24795,10146066192,10146066235,1,"IOTHUB_CLIENT_CONFIRMATION_OK"
24796,10146066392,10146066493,1,"IOTHUB_CLIENT_CONFIRMATION_OK"
24797,10146066592,10146066625,1,"IOTHUB_CLIENT_CONFIRMATION_OK"
24798,10146066792,10146066843,1,"IOTHUB_CLIENT_CONFIRMATION_OK"
24799,10146066992,10146067039,1,"IOTHUB_CLIENT_CONFIRMATION_OK"
24800,10146067192,10146067234,1,"IOTHUB_CLIENT_CONFIRMATION_OK"
24801,10146067393,10146067457,1,"IOTHUB_CLIENT_CONFIRMATION_OK"
24802,10146067593,10146067638,1,"IOTHUB_CLIENT_CONFIRMATION_OK"
24803,10146067793,10146067835,1,"IOTHUB_CLIENT_CONFIRMATION_OK"
24804,10146067993,10146068033,1,"IOTHUB_CLIENT_CONFIRMATION_OK"
24805,10146068193,10146068247,1,"IOTHUB_CLIENT_CONFIRMATION_OK"
24806,10146068393,10146068430,1,"IOTHUB_CLIENT_CONFIRMATION_OK"
24807,10146068593,10146068708,1,"IOTHUB_CLIENT_CONFIRMATION_OK"
24808,10146068794,10146068836,1,"IOTHUB_CLIENT_CONFIRMATION_OK"
24809,10146068994,10146069028,1,"IOTHUB_CLIENT_CONFIRMATION_OK"
24810,10146069194,10146069236,1,"IOTHUB_CLIENT_CONFIRMATION_OK"
24811,10146069394,10146069446,1,"IOTHUB_CLIENT_CONFIRMATION_OK"
24812,10146069594,10146069647,1,"IOTHUB_CLIENT_CONFIRMATION_OK"
24813,10146069794,10146069836,1,"IOTHUB_CLIENT_CONFIRMATION_OK"
24814,10146069995,10146070030,1,"IOTHUB_CLIENT_CONFIRMATION_OK"
24815,10146070195,10146070237,1,"IOTHUB_CLIENT_CONFIRMATION_OK"
24816,10146070395,10146070433,1,"IOTHUB_CLIENT_CONFIRMATION_OK"
24817,10146070595,10146070655,1,"IOTHUB_CLIENT_CONFIRMATION_OK"
24818,10146070795,10146070899,1,"IOTHUB_CLIENT_CONFIRMATION_OK"
24819,10146070995,10146071037,1,"IOTHUB_CLIENT_CONFIRMATION_OK"
24820,10146071195,10146071245,1,"IOTHUB_CLIENT_CONFIRMATION_OK"
24821,10146071396,10146071451,1,"IOTHUB_CLIENT_CONFIRMATION_OK"
24822,10146071596,10146071633,1,"IOTHUB_CLIENT_CONFIRMATION_OK"
24823,10146071796,10146071889,1,"IOTHUB_CLIENT_CONFIRMATION_OK"
24824,10146071996,10146072039,1,"IOTHUB_CLIENT_CONFIRMATION_OK"
24825,10146072196,10146072231,1,"IOTHUB_CLIENT_CONFIRMATION_OK"
24826,10146072396,10146072505,1,"IOTHUB_CLIENT_CONFIRMATION_OK"
24827,10146072596,10146072640,1,"IOTHUB_CLIENT_CONFIRMATION_OK"
24828,10146072797,10146072832,1,"IOTHUB_CLIENT_CONFIRMATION_OK"
24829,10146072997,10146073032,1,"IOTHUB_CLIENT_CONFIRMATION_OK"
24830,10146073197,10146073240,1,"IOTHUB_CLIENT_CONFIRMATION_OK"
24831,10146073397,10146073528,1,"IOTHUB_CLIENT_CONFIRMATION_OK"
24832,10146073597,10146073635,1,"IOTHUB_CLIENT_CONFIRMATION_OK"
24833,10146073797,10146073872,1,"IOTHUB_CLIENT_CONFIRMATION_OK"
24834,10146073998,10146074156,1,"IOTHUB_CLIENT_CONFIRMATION_OK"
24835,10146074198,10146074245,1,"IOTHUB_CLIENT_CONFIRMATION_OK"
24836,10146074398,10146074462,1,"IOTHUB_CLIENT_CONFIRMATION_OK"
24837,10146074598,10146074632,1,"IOTHUB_CLIENT_CONFIRMATION_OK"
24838,10146074798,10146074848,1,"IOTHUB_CLIENT_CONFIRMATION_OK"
24839,10146074999,10146075159,1,"IOTHUB_CLIENT_CONFIRMATION_OK"
24840,10146075199,10146075248,1,"IOTHUB_CLIENT_CONFIRMATION_OK"
24841,10146075399,10146075430,1,"IOTHUB_CLIENT_CONFIRMATION_OK"
24842,10146075599,10146075630,1,"IOTHUB_CLIENT_CONFIRMATION_OK"
24843,10146075799,10146075833,1,"IOTHUB_CLIENT_CONFIRMATION_OK"
24844,10146075999,10146076038,1,"IOTHUB_CLIENT_CONFIRMATION_OK"
24845,10146076200,10146076259,1,"IOTHUB_CLIENT_CONFIRMATION_OK"
24846,10146076400,10146076432,1,"IOTHUB_CLIENT_CONFIRMATION_OK"
24847,10146076600,10146076790,1,"IOTHUB_CLIENT_CONFIRMATION_OK"
24848,10146076800,10146076865,1,"IOTHUB_CLIENT_CONFIRMATION_OK"
24849,10146077000,10146077042,1,"IOTHUB_CLIENT_CONFIRMATION_OK"
24850,10146077200,10146077237,1,"IOTHUB_CLIENT_CONFIRMATION_OK"
24851,10146077401,10146077438,1,"IOTHUB_CLIENT_CONFIRMATION_OK"
24852,10146077601,10146077653,1,"IOTHUB_CLIENT_CONFIRMATION_OK"
24853,10146077801,10146077847,1,"IOTHUB_CLIENT_CONFIRMATION_OK"
24854,10146078001,10146078057,1,"IOTHUB_CLIENT_CONFIRMATION_OK"
24855,10146078202,10146078408,1,"IOTHUB_CLIENT_CONFIRMATION_OK"
24856,10146078402,10146078449,1,"IOTHUB_CLIENT_CONFIRMATION_OK"
24857,10146078602,10146078665,1,"IOTHUB_CLIENT_CONFIRMATION_OK"
24858,10146078802,10146078860,1,"IOTHUB_CLIENT_CONFIRMATION_OK"
24859,10146079002,10146079130,1,"IOTHUB_CLIENT_CONFIRMATION_OK"
24860,10146079202,10146079248,1,"IOTHUB_CLIENT_CONFIRMATION_OK"
24861,10146079402,10146079446,1,"IOTHUB_CLIENT_CONFIRMATION_OK"
24862,10146079603,10146079652,1,"IOTHUB_CLIENT_CONFIRMATION_OK"
24863,10146079803,10146079959,1,"IOTHUB_CLIENT_CONFIRMATION_OK"
24864,10146080003,10146080051,1,"IOTHUB_CLIENT_CONFIRMATION_OK"
24865,10146080203,10146080262,1,"IOTHUB_CLIENT_CONFIRMATION_OK"
24866,10146080403,10146080559,1,"IOTHUB_CLIENT_CONFIRMATION_OK"
24867,10146080603,10146080675,1,"IOTHUB_CLIENT_CONFIRMATION_OK"
24868,10146080803,10146080835,1,"IOTHUB_CLIENT_CONFIRMATION_OK"
24869,10146081004,10146081051,1,"IOTHUB_CLIENT_CONFIRMATION_OK"
24870,10146081204,10146081249,1,"IOTHUB_CLIENT_CONFIRMATION_OK"
24871,10146081404,10146081576,1,"IOTHUB_CLIENT_CONFIRMATION_OK"
24872,10146081604,10146081640,1,"IOTHUB_CLIENT_CONFIRMATION_OK"
24873,10146081804,10146081848,1,"IOTHUB_CLIENT_CONFIRMATION_OK"
24874,10146082004,10146082047,1,"IOTHUB_CLIENT_CONFIRMATION_OK"
24875,10146082205,10146082257,1,"IOTHUB_CLIENT_CONFIRMATION_OK"
24876,10146082405,10146082448,1,"IOTHUB_CLIENT_CONFIRMATION_OK"
24877,10146082605,10146082657,1,"IOTHUB_CLIENT_CONFIRMATION_OK"
24878,10146082805,10146082848,1,"IOTHUB_CLIENT_CONFIRMATION_OK"
24879,10146083005,10146083142,1,"IOTHUB_CLIENT_CONFIRMATION_OK"
24880,10146083205,10146083364,1,"IOTHUB_CLIENT_CONFIRMATION_OK"
24881,10146083405,10146083450,1,"IOTHUB_CLIENT_CONFIRMATION_OK"
24882,10146083606,10146083771,1,"IOTHUB_CLIENT_CONFIRMATION_OK"
24883,10146083806,10146083848,1,"IOTHUB_CLIENT_CONFIRMATION_OK"
24884,10146084006,10146084069,1,"IOTHUB_CLIENT_CONFIRMATION_OK"
24885,10146084206,10146084261,1,"IOTHUB_CLIENT_CONFIRMATION_OK"
24886,10146084406,10146084456,1,"IOTHUB_CLIENT_CONFIRMATION_OK"
24887,10146084606,10146084649,1,"IOTHUB_CLIENT_CONFIRMATION_OK"
24888,10146084807,10146084849,1,"IOTHUB_CLIENT_CONFIRMATION_OK"
24889,10146085007,10146085047,1,"IOTHUB_CLIENT_CONFIRMATION_OK"
24890,10146085207,10146085240,1,"IOTHUB_CLIENT_CONFIRMATION_OK"
24891,10146085407,10146085446,1,"IOTHUB_CLIENT_CONFIRMATION_OK"
24892,10146085607,10146085668,1,"IOTHUB_CLIENT_CONFIRMATION_OK"
24893,10146085807,10146085852,1,"IOTHUB_CLIENT_CONFIRMATION_OK"
24894,10146086008,10146086084,1,"IOTHUB_CLIENT_CONFIRMATION_OK"
24895,10146086208,10146086258,1,"IOTHUB_CLIENT_CONFIRMATION_OK"
24896,10146086408,10146086457,1,"IOTHUB_CLIENT_CONFIRMATION_OK"
24897,10146086608,10146086657,1,"IOTHUB_CLIENT_CONFIRMATION_OK"
24898,10146086808,10146086849,1,"IOTHUB_CLIENT_CONFIRMATION_OK"
24899,10146087008,10146087138,1,"IOTHUB_CLIENT_CONFIRMATION_OK"
24900,10146087208,10146087259,1,"IOTHUB_CLIENT_CONFIRMATION_OK"
24901,10146087408,10146087539,1,"IOTHUB_CLIENT_CONFIRMATION_OK"
24902,10146087609,10146087638,1,"IOTHUB_CLIENT_CONFIRMATION_OK"
24903,10146087809,10146087852,1,"IOTHUB_CLIENT_CONFIRMATION_OK"
24904,10146088009,10146088045,1,"IOTHUB_CLIENT_CONFIRMATION_OK"
24905,10146088209,10146088260,1,"IOTHUB_CLIENT_CONFIRMATION_OK"
24906,10146088409,10146088559,1,"IOTHUB_CLIENT_CONFIRMATION_OK"
24907,10146088609,10146088648,1,"IOTHUB_CLIENT_CONFIRMATION_OK"
24908,10146088810,10146088876,1,"IOTHUB_CLIENT_CONFIRMATION_OK"
24909,10146089010,10146089054,1,"IOTHUB_CLIENT_CONFIRMATION_OK"
24910,10146089210,10146089242,1,"IOTHUB_CLIENT_CONFIRMATION_OK"
24911,10146089410,10146089443,1,"IOTHUB_CLIENT_CONFIRMATION_OK"
24912,10146089610,10146089641,1,"IOTHUB_CLIENT_CONFIRMATION_OK"
24913,10146089810,10146089850,1,"IOTHUB_CLIENT_CONFIRMATION_OK"
24914,10146090010,10146090223,1,"IOTHUB_CLIENT_CONFIRMATION_OK"
24915,10146090211,10146090251,1,"IOTHUB_CLIENT_CONFIRMATION_OK"
24916,10146090411,10146090444,1,"IOTHUB_CLIENT_CONFIRMATION_OK"
24917,10146090611,10146090646,1,"IOTHUB_CLIENT_CONFIRMATION_OK"
24918,10146090811,10146090846,1,"IOTHUB_CLIENT_CONFIRMATION_OK"
24919,10146091011,10146091050,1,"IOTHUB_CLIENT_CONFIRMATION_OK"
24920,10146091211,10146091264,1,"IOTHUB_CLIENT_CONFIRMATION_OK"
24921,10146091412,10146091564,1,"IOTHUB_CLIENT_CONFIRMATION_OK"
24922,10146091612,10146091651,1,"IOTHUB_CLIENT_CONFIRMATION_OK"
24923,10146091812,10146091847,1,"IOTHUB_CLIENT_CONFIRMATION_OK"
24924,10146092012,10146092062,1,"IOTHUB_CLIENT_CONFIRMATION_OK"
24925,10146092212,10146092278,1,"IOTHUB_CLIENT_CONFIRMATION_OK"
24926,10146092412,10146092457,1,"IOTHUB_CLIENT_CONFIRMATION_OK"
24927,10146092612,10146092652,1,"IOTHUB_CLIENT_CONFIRMATION_OK"
24928,10146092813,10146092904,1,"IOTHUB_CLIENT_CONFIRMATION_OK"
24929,10146093013,10146093047,1,"IOTHUB_CLIENT_CONFIRMATION_OK"
24930,10146093213,10146093336,1,"IOTHUB_CLIENT_CONFIRMATION_OK"
24931,10146093413,10146093474,1,"IOTHUB_CLIENT_CONFIRMATION_OK"
24932,10146093613,10146093648,1,"IOTHUB_CLIENT_CONFIRMATION_OK"
24933,10146093813,10146093948,1,"IOTHUB_CLIENT_CONFIRMATION_OK"
24934,10146094013,10146094049,1,"IOTHUB_CLIENT_CONFIRMATION_OK"
24935,10146094214,10146094266,1,"IOTHUB_CLIENT_CONFIRMATION_OK"
24936,10146094414,10146094469,1,"IOTHUB_CLIENT_CONFIRMATION_OK"
24937,10146094614,10146094662,1,"IOTHUB_CLIENT_CONFIRMATION_OK"
24938,10146094814,10146094964,1,"IOTHUB_CLIENT_CONFIRMATION_OK"
24939,10146095015,10146095052,1,"IOTHUB_CLIENT_CONFIRMATION_OK"
24940,10146095215,10146095256,1,"IOTHUB_CLIENT_CONFIRMATION_OK"
24941,10146095415,10146095587,1,"IOTHUB_CLIENT_CONFIRMATION_OK"
24942,10146095615,10146095662,1,"IOTHUB_CLIENT_CONFIRMATION_OK"
24943,10146095815,10146095860,1,"IOTHUB_CLIENT_CONFIRMATION_OK"
24944,10146096015,10146096071,1,"IOTHUB_CLIENT_CONFIRMATION_OK"
24945,10146096216,10146096262,1,"IOTHUB_CLIENT_CONFIRMATION_OK"
24946,10146096416,10146096478,1,"IOTHUB_CLIENT_CONFIRMATION_OK"
24947,10146096616,10146096678,1,"IOTHUB_CLIENT_CONFIRMATION_OK"
24948,10146096816,10146096862,1,"IOTHUB_CLIENT_CONFIRMATION_OK"
24949,10146097016,10146097073,1,"IOTHUB_CLIENT_CONFIRMATION_OK"
24950,10146097216,10146097266,1,"IOTHUB_CLIENT_CONFIRMATION_OK"
24951,10146097416,10146097493,1,"IOTHUB_CLIENT_CONFIRMATION_OK"
24952,10146097617,10146097694,1,"IOTHUB_CLIENT_CONFIRMATION_OK"
24953,10146097817,10146097862,1,"IOTHUB_CLIENT_CONFIRMATION_OK"
24954,10146098017,10146098054,1,"IOTHUB_CLIENT_CONFIRMATION_OK"
24955,10146098217,10146098255,1,"IOTHUB_CLIENT_CONFIRMATION_OK"
24956,10146098417,10146098455,1,"IOTHUB_CLIENT_CONFIRMATION_OK"
24957,10146098617,10146098702,1,"IOTHUB_CLIENT_CONFIRMATION_OK"
24958,10146098817,10146098855,1,"IOTHUB_CLIENT_CONFIRMATION_OK"
24959,10146099018,10146099048,1,"IOTHUB_CLIENT_CONFIRMATION_OK"
24960,10146099218,10146099323,1,"IOTHUB_CLIENT_CONFIRMATION_OK"
24961,10146099418,10146099453,1,"IOTHUB_CLIENT_CONFIRMATION_OK"
24962,10146099618,10146099655,1,"IOTHUB_CLIENT_CONFIRMATION_OK"
24963,10146099818,10146099859,1,"IOTHUB_CLIENT_CONFIRMATION_OK"
24964,10146100018,10146100058,1,"IOTHUB_CLIENT_CONFIRMATION_OK"
24965,10146100219,10146100344,1,"IOTHUB_CLIENT_CONFIRMATION_OK"
24966,10146100419,10146100493,1,"IOTHUB_CLIENT_CONFIRMATION_OK"
24967,10146100619,10146100657,1,"IOTHUB_CLIENT_CONFIRMATION_OK"
24968,10146100819,10146100970,1,"IOTHUB_CLIENT_CONFIRMATION_OK"
24969,10146101019,10146101071,1,"IOTHUB_CLIENT_CONFIRMATION_OK"
24970,10146101219,10146101251,1,"IOTHUB_CLIENT_CONFIRMATION_OK"
24971,10146101419,10146101496,1,"IOTHUB_CLIENT_CONFIRMATION_OK"
24972,10146101620,10146101657,1,"IOTHUB_CLIENT_CONFIRMATION_OK"
24973,10146101820,10146101981,1,"IOTHUB_CLIENT_CONFIRMATION_OK"
24974,10146102020,10146102056,1,"IOTHUB_CLIENT_CONFIRMATION_OK"
24975,10146102220,10146102259,1,"IOTHUB_CLIENT_CONFIRMATION_OK"
24976,10146102420,10146102458,1,"IOTHUB_CLIENT_CONFIRMATION_OK"
24977,10146102621,10146102692,1,"IOTHUB_CLIENT_CONFIRMATION_OK"
24978,10146102821,10146102870,1,"IOTHUB_CLIENT_CONFIRMATION_OK"
24979,10146103021,10146103080,1,"IOTHUB_CLIENT_CONFIRMATION_OK"
24980,10146103221,10146103261,1,"IOTHUB_CLIENT_CONFIRMATION_OK"
24981,10146103421,10146103625,1,"IOTHUB_CLIENT_CONFIRMATION_OK"
24982,10146103621,10146103667,1,"IOTHUB_CLIENT_CONFIRMATION_OK"
24983,10146103821,10146103857,1,"IOTHUB_CLIENT_CONFIRMATION_OK"
24984,10146104022,10146104062,1,"IOTHUB_CLIENT_CONFIRMATION_OK"
24985,10146104222,10146104265,1,"IOTHUB_CLIENT_CONFIRMATION_OK"
24986,10146104422,10146104466,1,"IOTHUB_CLIENT_CONFIRMATION_OK"
24987,10146104622,10146104663,1,"IOTHUB_CLIENT_CONFIRMATION_OK"
24988,10146104822,10146104863,1,"IOTHUB_CLIENT_CONFIRMATION_OK"
24989,10146105022,10146105064,1,"IOTHUB_CLIENT_CONFIRMATION_OK"
24990,10146105223,10146105265,1,"IOTHUB_CLIENT_CONFIRMATION_OK"
24991,10146105423,10146105463,1,"IOTHUB_CLIENT_CONFIRMATION_OK"
24992,10146105623,10146105678,1,"IOTHUB_CLIENT_CONFIRMATION_OK"
24993,10146105823,10146105861,1,"IOTHUB_CLIENT_CONFIRMATION_OK"
24994,10146106023,10146106087,1,"IOTHUB_CLIENT_CONFIRMATION_OK"
24995,10146106223,10146106272,1,"IOTHUB_CLIENT_CONFIRMATION_OK"
24996,10146106424,10146106475,1,"IOTHUB_CLIENT_CONFIRMATION_OK"
24997,10146106624,10146106667,1,"IOTHUB_CLIENT_CONFIRMATION_OK"
24998,10146106824,10146106865,1,"IOTHUB_CLIENT_CONFIRMATION_OK"
24999,10146107024,10146107061,1,"IOTHUB_CLIENT_CONFIRMATION_OK"
25000,10146107224,10146107437,1,"IOTHUB_CLIENT_CONFIRMATION_OK"
25001,10146107424,10146107504,1,"IOTHUB_CLIENT_CONFIRMATION_OK"
25002,10146107624,10146107661,1,"IOTHUB_CLIENT_CONFIRMATION_OK"
25003,10146107825,10146107930,1,"IOTHUB_CLIENT_CONFIRMATION_OK"
25004,10146108025,10146108064,1,"IOTHUB_CLIENT_CONFIRMATION_OK"
25005,10146108225,10146108294,1,"IOTHUB_CLIENT_CONFIRMATION_OK"
25006,10146108425,10146108478,1,"IOTHUB_CLIENT_CONFIRMATION_OK"
25007,10146108625,10146108672,1,"IOTHUB_CLIENT_CONFIRMATION_OK"
25008,10146108826,10146108942,1,"IOTHUB_CLIENT_CONFIRMATION_OK"
25009,10146109026,10146109068,1,"IOTHUB_CLIENT_CONFIRMATION_OK"
25010,10146109226,10146109280,1,"IOTHUB_CLIENT_CONFIRMATION_OK"
25011,10146109426,10146109475,1,"IOTHUB_CLIENT_CONFIRMATION_OK"
25012,10146109626,10146109665,1,"IOTHUB_CLIENT_CONFIRMATION_OK"
25013,10146109826,10146109944,1,"IOTHUB_CLIENT_CONFIRMATION_OK"
25014,10146110027,10146110076,1,"IOTHUB_CLIENT_CONFIRMATION_OK"
25015,10146110227,10146110278,1,"IOTHUB_CLIENT_CONFIRMATION_OK"
25016,10146110427,10146110553,1,"IOTHUB_CLIENT_CONFIRMATION_OK"
25017,10146110627,10146110675,1,"IOTHUB_CLIENT_CONFIRMATION_OK"
25018,10146110827,10146110870,1,"IOTHUB_CLIENT_CONFIRMATION_OK"
25019,10146111027,10146111060,1,"IOTHUB_CLIENT_CONFIRMATION_OK"
25020,10146111227,10146111275,1,"IOTHUB_CLIENT_CONFIRMATION_OK"
25021,10146111428,10146111555,1,"IOTHUB_CLIENT_CONFIRMATION_OK"
25022,10146111628,10146111659,1,"IOTHUB_CLIENT_CONFIRMATION_OK"
25023,10146111828,10146111868,1,"IOTHUB_CLIENT_CONFIRMATION_OK"
25024,10146112028,10146112173,1,"IOTHUB_CLIENT_CONFIRMATION_OK"
25025,10146112228,10146112263,1,"IOTHUB_CLIENT_CONFIRMATION_OK"
25026,10146112428,10146112468,1,"IOTHUB_CLIENT_CONFIRMATION_OK"
25027,10146112628,10146112668,1,"IOTHUB_CLIENT_CONFIRMATION_OK"
25028,10146112829,10146112881,1,"IOTHUB_CLIENT_CONFIRMATION_OK"
25029,10146113029,10146113072,1,"IOTHUB_CLIENT_CONFIRMATION_OK"
25030,10146113229,10146113266,1,"IOTHUB_CLIENT_CONFIRMATION_OK"
25031,10146113429,10146113470,1,"IOTHUB_CLIENT_CONFIRMATION_OK"
25032,10146113629,10146113667,1,"IOTHUB_CLIENT_CONFIRMATION_OK"
25033,10146113829,10146113870,1,"IOTHUB_CLIENT_CONFIRMATION_OK"
25034,10146114030,10146114062,1,"IOTHUB_CLIENT_CONFIRMATION_OK"
25035,10146114230,10146114283,1,"IOTHUB_CLIENT_CONFIRMATION_OK"
25036,10146114430,10146114485,1,"IOTHUB_CLIENT_CONFIRMATION_OK"
25037,10146114630,10146114669,1,"IOTHUB_CLIENT_CONFIRMATION_OK"
25038,10146114830,10146114885,1,"IOTHUB_CLIENT_CONFIRMATION_OK"
25039,10146115030,10146115080,1,"IOTHUB_CLIENT_CONFIRMATION_OK"
25040,10146115230,10146115264,1,"IOTHUB_CLIENT_CONFIRMATION_OK"
25041,10146115431,10146115494,1,"IOTHUB_CLIENT_CONFIRMATION_OK"
25042,10146115631,10146115685,1,"IOTHUB_CLIENT_CONFIRMATION_OK"
25043,10146115831,10146115865,1,"IOTHUB_CLIENT_CONFIRMATION_OK"
25044,10146116031,10146116067,1,"IOTHUB_CLIENT_CONFIRMATION_OK"
25045,10146116231,10146116271,1,"IOTHUB_CLIENT_CONFIRMATION_OK"
25046,10146116431,10146116476,1,"IOTHUB_CLIENT_CONFIRMATION_OK"
25047,10146116632,10146116683,1,"IOTHUB_CLIENT_CONFIRMATION_OK"
25048,10146116832,10146116912,1,"IOTHUB_CLIENT_CONFIRMATION_OK"
25049,10146117032,10146117072,1,"IOTHUB_CLIENT_CONFIRMATION_OK"
25050,10146117232,10146117268,1,"IOTHUB_CLIENT_CONFIRMATION_OK"
25051,10146117432,10146117491,1,"IOTHUB_CLIENT_CONFIRMATION_OK"
25052,10146117632,10146117674,1,"IOTHUB_CLIENT_CONFIRMATION_OK"
25053,10146117832,10146117874,1,"IOTHUB_CLIENT_CONFIRMATION_OK"
25054,10146118033,10146118112,1,"IOTHUB_CLIENT_CONFIRMATION_OK"
25055,10146118233,10146118274,1,"IOTHUB_CLIENT_CONFIRMATION_OK"
25056,10146118433,10146118503,1,"IOTHUB_CLIENT_CONFIRMATION_OK"
25057,10146118633,10146118702,1,"IOTHUB_CLIENT_CONFIRMATION_OK"
25058,10146118833,10146118899,1,"IOTHUB_CLIENT_CONFIRMATION_OK"
25059,10146119033,10146119116,1,"IOTHUB_CLIENT_CONFIRMATION_OK"
25060,10146119234,10146119276,1,"IOTHUB_CLIENT_CONFIRMATION_OK"
25061,10146119434,10146119491,1,"IOTHUB_CLIENT_CONFIRMATION_OK"
25062,10146119634,10146119677,1,"IOTHUB_CLIENT_CONFIRMATION_OK"
25063,10146119834,10146119876,1,"IOTHUB_CLIENT_CONFIRMATION_OK"
25064,10146120034,10146120125,1,"IOTHUB_CLIENT_CONFIRMATION_OK"
25065,10146120234,10146120356,1,"IOTHUB_CLIENT_CONFIRMATION_OK"
25066,10146120434,10146120470,1,"IOTHUB_CLIENT_CONFIRMATION_OK"
25067,10146120635,10146120764,1,"IOTHUB_CLIENT_CONFIRMATION_OK"
25068,10146120835,10146120874,1,"IOTHUB_CLIENT_CONFIRMATION_OK"
25069,10146121035,10146121082,1,"IOTHUB_CLIENT_CONFIRMATION_OK"
25070,10146121235,10146121296,1,"IOTHUB_CLIENT_CONFIRMATION_OK"
25071,10146121435,10146121512,1,"IOTHUB_CLIENT_CONFIRMATION_OK"
25072,10146121635,10146121691,1,"IOTHUB_CLIENT_CONFIRMATION_OK"
25073,10146121836,10146121872,1,"IOTHUB_CLIENT_CONFIRMATION_OK"
25074,10146122036,10146122084,1,"IOTHUB_CLIENT_CONFIRMATION_OK"
25075,10146122236,10146122299,1,"IOTHUB_CLIENT_CONFIRMATION_OK"
25076,10146122436,10146122478,1,"IOTHUB_CLIENT_CONFIRMATION_OK"
25077,10146122636,10146122677,1,"IOTHUB_CLIENT_CONFIRMATION_OK"
25078,10146122836,10146122906,1,"IOTHUB_CLIENT_CONFIRMATION_OK"
25079,10146123036,10146123089,1,"IOTHUB_CLIENT_CONFIRMATION_OK"
25080,10146123237,10146123330,1,"IOTHUB_CLIENT_CONFIRMATION_OK"
25081,10146123437,10146123484,1,"IOTHUB_CLIENT_CONFIRMATION_OK"
25082,10146123637,10146123688,1,"IOTHUB_CLIENT_CONFIRMATION_OK"
25083,10146123837,10146123984,1,"IOTHUB_CLIENT_CONFIRMATION_OK"
25084,10146124037,10146124076,1,"IOTHUB_CLIENT_CONFIRMATION_OK"
25085,10146124237,10146124268,1,"IOTHUB_CLIENT_CONFIRMATION_OK"
25086,10146124438,10146124553,1,"IOTHUB_CLIENT_CONFIRMATION_OK"
25087,10146124638,10146124671,1,"IOTHUB_CLIENT_CONFIRMATION_OK"
25088,10146124838,10146124951,1,"IOTHUB_CLIENT_CONFIRMATION_OK"
25089,10146125038,10146125073,1,"IOTHUB_CLIENT_CONFIRMATION_OK"
25090,10146125238,10146125272,1,"IOTHUB_CLIENT_CONFIRMATION_OK"
25091,10146125438,10146125586,1,"IOTHUB_CLIENT_CONFIRMATION_OK"
25092,10146125638,10146125673,1,"IOTHUB_CLIENT_CONFIRMATION_OK"
25093,10146125839,10146125883,1,"IOTHUB_CLIENT_CONFIRMATION_OK"
25094,10146126039,10146126077,1,"IOTHUB_CLIENT_CONFIRMATION_OK"
25095,10146126239,10146126270,1,"IOTHUB_CLIENT_CONFIRMATION_OK"
25096,10146126439,10146126660,1,"IOTHUB_CLIENT_CONFIRMATION_OK"
25097,10146126639,10146126868,1,"IOTHUB_CLIENT_CONFIRMATION_OK"
25098,10146126839,10146126894,1,"IOTHUB_CLIENT_CONFIRMATION_OK"
25099,10146127040,10146127082,1,"IOTHUB_CLIENT_CONFIRMATION_OK"
25100,10146127240,10146127299,1,"IOTHUB_CLIENT_CONFIRMATION_OK"
25101,10146127440,10146127487,1,"IOTHUB_CLIENT_CONFIRMATION_OK"
25102,10146127640,10146127701,1,"IOTHUB_CLIENT_CONFIRMATION_OK"
25103,10146127840,10146127894,1,"IOTHUB_CLIENT_CONFIRMATION_OK"
25104,10146128040,10146128095,1,"IOTHUB_CLIENT_CONFIRMATION_OK"
25105,10146128241,10146128293,1,"IOTHUB_CLIENT_CONFIRMATION_OK"
25106,10146128441,10146128501,1,"IOTHUB_CLIENT_CONFIRMATION_OK"
25107,10146128641,10146128696,1,"IOTHUB_CLIENT_CONFIRMATION_OK"
25108,10146128841,10146128881,1,"IOTHUB_CLIENT_CONFIRMATION_OK"
25109,10146129041,10146129088,1,"IOTHUB_CLIENT_CONFIRMATION_OK"
25110,10146129242,10146129328,1,"IOTHUB_CLIENT_CONFIRMATION_OK"
25111,10146129442,10146129479,1,"IOTHUB_CLIENT_CONFIRMATION_OK"
25112,10146129642,10146129693,1,"IOTHUB_CLIENT_CONFIRMATION_OK"
25113,10146129842,10146129890,1,"IOTHUB_CLIENT_CONFIRMATION_OK"
25114,10146130042,10146130082,1,"IOTHUB_CLIENT_CONFIRMATION_OK"
25115,10146130242,10146130342,1,"IOTHUB_CLIENT_CONFIRMATION_OK"
25116,10146130442,10146130534,1,"IOTHUB_CLIENT_CONFIRMATION_OK"
25117,10146130643,10146130671,1,"IOTHUB_CLIENT_CONFIRMATION_OK"
25118,10146130843,10146130958,1,"IOTHUB_CLIENT_CONFIRMATION_OK"
25119,10146131043,10146131091,1,"IOTHUB_CLIENT_CONFIRMATION_OK"
25120,10146131243,10146131312,1,"IOTHUB_CLIENT_CONFIRMATION_OK"
25121,10146131443,10146131499,1,"IOTHUB_CLIENT_CONFIRMATION_OK"
25122,10146131643,10146131756,1,"IOTHUB_CLIENT_CONFIRMATION_OK"
25123,10146131843,10146131977,1,"IOTHUB_CLIENT_CONFIRMATION_OK"
25124,10146132044,10146132088,1,"IOTHUB_CLIENT_CONFIRMATION_OK"
25125,10146132244,10146132284,1,"IOTHUB_CLIENT_CONFIRMATION_OK"
25126,10146132444,10146132480,1,"IOTHUB_CLIENT_CONFIRMATION_OK"
25127,10146132644,10146132729,1,"IOTHUB_CLIENT_CONFIRMATION_OK"
25128,10146132844,10146132885,1,"IOTHUB_CLIENT_CONFIRMATION_OK"
25129,10146133044,10146133085,1,"IOTHUB_CLIENT_CONFIRMATION_OK"
25130,10146133245,10146133285,1,"IOTHUB_CLIENT_CONFIRMATION_OK"
25131,10146133445,10146133592,1,"IOTHUB_CLIENT_CONFIRMATION_OK"
25132,10146133645,10146133687,1,"IOTHUB_CLIENT_CONFIRMATION_OK"
25133,10146133845,10146133882,1,"IOTHUB_CLIENT_CONFIRMATION_OK"
25134,10146134045,10146134099,1,"IOTHUB_CLIENT_CONFIRMATION_OK"
25135,10146134245,10146134285,1,"IOTHUB_CLIENT_CONFIRMATION_OK"
25136,10146134446,10146134481,1,"IOTHUB_CLIENT_CONFIRMATION_OK"
25137,10146134646,10146134683,1,"IOTHUB_CLIENT_CONFIRMATION_OK"
25138,10146134846,10146134889,1,"IOTHUB_CLIENT_CONFIRMATION_OK"
25139,10146135046,10146135212,1,"IOTHUB_CLIENT_CONFIRMATION_OK"
25140,10146135246,10146135297,1,"IOTHUB_CLIENT_CONFIRMATION_OK"
25141,10146135446,10146135499,1,"IOTHUB_CLIENT_CONFIRMATION_OK"
25142,10146135646,10146135687,1,"IOTHUB_CLIENT_CONFIRMATION_OK"
25143,10146135847,10146135900,1,"IOTHUB_CLIENT_CONFIRMATION_OK"
25144,10146136047,10146136083,1,"IOTHUB_CLIENT_CONFIRMATION_OK"
25145,10146136247,10146136302,1,"IOTHUB_CLIENT_CONFIRMATION_OK"
25146,10146136447,10146136481,1,"IOTHUB_CLIENT_CONFIRMATION_OK"
25147,10146136647,10146136867,1,"IOTHUB_CLIENT_CONFIRMATION_OK"
25148,10146136847,10146136900,1,"IOTHUB_CLIENT_CONFIRMATION_OK"
25149,10146137048,10146137104,1,"IOTHUB_CLIENT_CONFIRMATION_OK"
25150,10146137248,10146137289,1,"IOTHUB_CLIENT_CONFIRMATION_OK"
25151,10146137448,10146137540,1,"IOTHUB_CLIENT_CONFIRMATION_OK"
25152,10146137648,10146137711,1,"IOTHUB_CLIENT_CONFIRMATION_OK"
25153,10146137848,10146137888,1,"IOTHUB_CLIENT_CONFIRMATION_OK"
25154,10146138048,10146138096,1,"IOTHUB_CLIENT_CONFIRMATION_OK"
25155,10146138249,10146138362,1,"IOTHUB_CLIENT_CONFIRMATION_OK"
25156,10146138449,10146138491,1,"IOTHUB_CLIENT_CONFIRMATION_OK"
25157,10146138649,10146138687,1,"IOTHUB_CLIENT_CONFIRMATION_OK"
25158,10146138849,10146139000,1,"IOTHUB_CLIENT_CONFIRMATION_OK"
25159,10146139049,10146139110,1,"IOTHUB_CLIENT_CONFIRMATION_OK"
25160,10146139249,10146139289,1,"IOTHUB_CLIENT_CONFIRMATION_OK"
25161,10146139450,10146139494,1,"IOTHUB_CLIENT_CONFIRMATION_OK"
25162,10146139650,10146139704,1,"IOTHUB_CLIENT_CONFIRMATION_OK"
25163,10146139850,10146140019,1,"IOTHUB_CLIENT_CONFIRMATION_OK"
25164,10146140050,10146140100,1,"IOTHUB_CLIENT_CONFIRMATION_OK"
25165,10146140250,10146140284,1,"IOTHUB_CLIENT_CONFIRMATION_OK"
25166,10146140450,10146140490,1,"IOTHUB_CLIENT_CONFIRMATION_OK"
25167,10146140651,10146140686,1,"IOTHUB_CLIENT_CONFIRMATION_OK"
25168,10146140851,10146140892,1,"IOTHUB_CLIENT_CONFIRMATION_OK"
25169,10146141051,10146141107,1,"IOTHUB_CLIENT_CONFIRMATION_OK"
25170,10146141251,10146141297,1,"IOTHUB_CLIENT_CONFIRMATION_OK"
25171,10146141451,10146141572,1,"IOTHUB_CLIENT_CONFIRMATION_OK"
25172,10146141651,10146141704,1,"IOTHUB_CLIENT_CONFIRMATION_OK"
25173,10146141852,10146141897,1,"IOTHUB_CLIENT_CONFIRMATION_OK"
25174,10146142052,10146142097,1,"IOTHUB_CLIENT_CONFIRMATION_OK"
25175,10146142252,10146142295,1,"IOTHUB_CLIENT_CONFIRMATION_OK"
25176,10146142452,10146142504,1,"IOTHUB_CLIENT_CONFIRMATION_OK"
25177,10146142652,10146142701,1,"IOTHUB_CLIENT_CONFIRMATION_OK"
25178,10146142852,10146142924,1,"IOTHUB_CLIENT_CONFIRMATION_OK"
25179,10146143052,10146143114,1,"IOTHUB_CLIENT_CONFIRMATION_OK"
25180,10146143253,10146143314,1,"IOTHUB_CLIENT_CONFIRMATION_OK"
25181,10146143453,10146143499,1,"IOTHUB_CLIENT_CONFIRMATION_OK"
25182,10146143653,10146143719,1,"IOTHUB_CLIENT_CONFIRMATION_OK"
25183,10146143853,10146143904,1,"IOTHUB_CLIENT_CONFIRMATION_OK"
25184,10146144053,10146144105,1,"IOTHUB_CLIENT_CONFIRMATION_OK"
25185,10146144253,10146144347,1,"IOTHUB_CLIENT_CONFIRMATION_OK"
25186,10146144454,10146144499,1,"IOTHUB_CLIENT_CONFIRMATION_OK"
25187,10146144654,10146144712,1,"IOTHUB_CLIENT_CONFIRMATION_OK"
25188,10146144854,10146144914,1,"IOTHUB_CLIENT_CONFIRMATION_OK"
25189,10146145054,10146145104,1,"IOTHUB_CLIENT_CONFIRMATION_OK"
25190,10146145254,10146145368,1,"IOTHUB_CLIENT_CONFIRMATION_OK"
25191,10146145454,10146145501,1,"IOTHUB_CLIENT_CONFIRMATION_OK"
25192,10146145655,10146145711,1,"IOTHUB_CLIENT_CONFIRMATION_OK"
25193,10146145855,10146145989,1,"IOTHUB_CLIENT_CONFIRMATION_OK"
25194,10146146055,10146146116,1,"IOTHUB_CLIENT_CONFIRMATION_OK"
25195,10146146255,10146146307,1,"IOTHUB_CLIENT_CONFIRMATION_OK"
25196,10146146455,10146146499,1,"IOTHUB_CLIENT_CONFIRMATION_OK"
25197,10146146655,10146146784,1,"IOTHUB_CLIENT_CONFIRMATION_OK"
25198,10146146855,10146147035,1,"IOTHUB_CLIENT_CONFIRMATION_OK"
25199,10146147056,10146147093,1,"IOTHUB_CLIENT_CONFIRMATION_OK"
25200,10146147256,10146147300,1,"IOTHUB_CLIENT_CONFIRMATION_OK"
25201,10146147456,10146147508,1,"IOTHUB_CLIENT_CONFIRMATION_OK"
25202,10146147656,10146147693,1,"IOTHUB_CLIENT_CONFIRMATION_OK"
25203,10146147856,10146147901,1,"IOTHUB_CLIENT_CONFIRMATION_OK"
25204,10146148056,10146148096,1,"IOTHUB_CLIENT_CONFIRMATION_OK"
25205,10146148257,10146148302,1,"IOTHUB_CLIENT_CONFIRMATION_OK"
25206,10146148457,10146148619,1,"IOTHUB_CLIENT_CONFIRMATION_OK"
25207,10146148657,10146148698,1,"IOTHUB_CLIENT_CONFIRMATION_OK"
25208,10146148857,10146148907,1,"IOTHUB_CLIENT_CONFIRMATION_OK"
25209,10146149057,10146149093,1,"IOTHUB_CLIENT_CONFIRMATION_OK"
25210,10146149257,10146149307,1,"IOTHUB_CLIENT_CONFIRMATION_OK"
25211,10146149457,10146149493,1,"IOTHUB_CLIENT_CONFIRMATION_OK"
25212,10146149658,10146149698,1,"IOTHUB_CLIENT_CONFIRMATION_OK"
25213,10146149858,10146149900,1,"IOTHUB_CLIENT_CONFIRMATION_OK"
25214,10146150058,10146150243,1,"IOTHUB_CLIENT_CONFIRMATION_OK"
25215,10146150258,10146150296,1,"IOTHUB_CLIENT_CONFIRMATION_OK"
25216,10146150458,10146150499,1,"IOTHUB_CLIENT_CONFIRMATION_OK"
25217,10146150658,10146150712,1,"IOTHUB_CLIENT_CONFIRMATION_OK"
25218,10146150859,10146150911,1,"IOTHUB_CLIENT_CONFIRMATION_OK"
25219,10146151059,10146151095,1,"IOTHUB_CLIENT_CONFIRMATION_OK"
25220,10146151259,10146151301,1,"IOTHUB_CLIENT_CONFIRMATION_OK"
25221,10146151459,10146151504,1,"IOTHUB_CLIENT_CONFIRMATION_OK"
25222,10146151659,10146151715,1,"IOTHUB_CLIENT_CONFIRMATION_OK"
25223,10146151859,10146151945,1,"IOTHUB_CLIENT_CONFIRMATION_OK"
25224,10146152060,10146152103,1,"IOTHUB_CLIENT_CONFIRMATION_OK"
25225,10146152260,10146152317,1,"IOTHUB_CLIENT_CONFIRMATION_OK"
25226,10146152460,10146152526,1,"IOTHUB_CLIENT_CONFIRMATION_OK"
25227,10146152660,10146152705,1,"IOTHUB_CLIENT_CONFIRMATION_OK"
25228,10146152861,10146152911,1,"IOTHUB_CLIENT_CONFIRMATION_OK"
25229,10146153061,10146153109,1,"IOTHUB_CLIENT_CONFIRMATION_OK"
25230,10146153261,10146153320,1,"IOTHUB_CLIENT_CONFIRMATION_OK"
25231,10146153461,10146153504,1,"IOTHUB_CLIENT_CONFIRMATION_OK"
25232,10146153661,10146153706,1,"IOTHUB_CLIENT_CONFIRMATION_OK"
25233,10146153861,10146153931,1,"IOTHUB_CLIENT_CONFIRMATION_OK"
25234,10146154062,10146154101,1,"IOTHUB_CLIENT_CONFIRMATION_OK"
25235,10146154262,10146154301,1,"IOTHUB_CLIENT_CONFIRMATION_OK"
25236,10146154462,10146154539,1,"IOTHUB_CLIENT_CONFIRMATION_OK"
25237,10146154662,10146154715,1,"IOTHUB_CLIENT_CONFIRMATION_OK"
25238,10146154862,10146154939,1,"IOTHUB_CLIENT_CONFIRMATION_OK"
25239,10146155062,10146155110,1,"IOTHUB_CLIENT_CONFIRMATION_OK"
25240,10146155262,10146155307,1,"IOTHUB_CLIENT_CONFIRMATION_OK"
25241,10146155463,10146155550,1,"IOTHUB_CLIENT_CONFIRMATION_OK"
25242,10146155663,10146155698,1,"IOTHUB_CLIENT_CONFIRMATION_OK"
25243,10146155863,10146155899,1,"IOTHUB_CLIENT_CONFIRMATION_OK"
25244,10146156063,10146156175,1,"IOTHUB_CLIENT_CONFIRMATION_OK"
25245,10146156263,10146156399,1,"IOTHUB_CLIENT_CONFIRMATION_OK"
25246,10146156463,10146156582,1,"IOTHUB_CLIENT_CONFIRMATION_OK"
25247,10146156664,10146156724,1,"IOTHUB_CLIENT_CONFIRMATION_OK"
25248,10146156864,10146156902,1,"IOTHUB_CLIENT_CONFIRMATION_OK"
25249,10146157064,10146157218,1,"IOTHUB_CLIENT_CONFIRMATION_OK"
25250,10146157264,10146157303,1,"IOTHUB_CLIENT_CONFIRMATION_OK"
25251,10146157464,10146157521,1,"IOTHUB_CLIENT_CONFIRMATION_OK"
25252,10146157664,10146157705,1,"IOTHUB_CLIENT_CONFIRMATION_OK"
25253,10146157865,10146157904,1,"IOTHUB_CLIENT_CONFIRMATION_OK"
25254,10146158065,10146158113,1,"IOTHUB_CLIENT_CONFIRMATION_OK"
25255,10146158265,10146158314,1,"IOTHUB_CLIENT_CONFIRMATION_OK"
25256,10146158465,10146158511,1,"IOTHUB_CLIENT_CONFIRMATION_OK"
25257,10146158665,10146158837,1,"IOTHUB_CLIENT_CONFIRMATION_OK"
25258,10146158865,10146158912,1,"IOTHUB_CLIENT_CONFIRMATION_OK"
25259,10146159065,10146159100,1,"IOTHUB_CLIENT_CONFIRMATION_OK"
25260,10146159266,10146159317,1,"IOTHUB_CLIENT_CONFIRMATION_OK"
25261,10146159466,10146159502,1,"IOTHUB_CLIENT_CONFIRMATION_OK"
25262,10146159666,10146159714,1,"IOTHUB_CLIENT_CONFIRMATION_OK"
25263,10146159866,10146159906,1,"IOTHUB_CLIENT_CONFIRMATION_OK"
25264,10146160066,10146160117,1,"IOTHUB_CLIENT_CONFIRMATION_OK"
25265,10146160266,10146160307,1,"IOTHUB_CLIENT_CONFIRMATION_OK"
25266,10146160466,10146160522,1,"IOTHUB_CLIENT_CONFIRMATION_OK"
25267,10146160667,10146160704,1,"IOTHUB_CLIENT_CONFIRMATION_OK"
25268,10146160867,10146160912,1,"IOTHUB_CLIENT_CONFIRMATION_OK"
25269,10146161067,10146161103,1,"IOTHUB_CLIENT_CONFIRMATION_OK"
25270,10146161267,10146161352,1,"IOTHUB_CLIENT_CONFIRMATION_OK"
25271,10146161467,10146161512,1,"IOTHUB_CLIENT_CONFIRMATION_OK"
25272,10146161667,10146161714,1,"IOTHUB_CLIENT_CONFIRMATION_OK"
25273,10146161868,10146161933,1,"IOTHUB_CLIENT_CONFIRMATION_OK"
25274,10146162068,10146162109,1,"IOTHUB_CLIENT_CONFIRMATION_OK"
25275,10146162268,10146162313,1,"IOTHUB_CLIENT_CONFIRMATION_OK"
25276,10146162468,10146162680,1,"IOTHUB_CLIENT_CONFIRMATION_OK"
25277,10146162668,10146162818,1,"IOTHUB_CLIENT_CONFIRMATION_OK"
25278,10146162868,10146162914,1,"IOTHUB_CLIENT_CONFIRMATION_OK"
25279,10146163069,10146163618,1,"IOTHUB_CLIENT_CONFIRMATION_OK"
25280,10146163269,10146163785,1,"IOTHUB_CLIENT_CONFIRMATION_OK"
25281,10146163469,10146163881,1,"IOTHUB_CLIENT_CONFIRMATION_OK"
25282,10146163669,10146163954,1,"IOTHUB_CLIENT_CONFIRMATION_OK"
25283,10146163869,10146164008,1,"IOTHUB_CLIENT_CONFIRMATION_OK"
25284,10146164069,10146164128,1,"IOTHUB_CLIENT_CONFIRMATION_OK"
25285,10146164269,10146164316,1,"IOTHUB_CLIENT_CONFIRMATION_OK"
25286,10146164470,10146164525,1,"IOTHUB_CLIENT_CONFIRMATION_OK"
25287,10146164670,10146164735,1,"IOTHUB_CLIENT_CONFIRMATION_OK"
25288,10146164870,10146164935,1,"IOTHUB_CLIENT_CONFIRMATION_OK"
25289,10146165070,10146165126,1,"IOTHUB_CLIENT_CONFIRMATION_OK"
25290,10146165270,10146165316,1,"IOTHUB_CLIENT_CONFIRMATION_OK"
25291,10146165470,10146165516,1,"IOTHUB_CLIENT_CONFIRMATION_OK"
25292,10146165671,10146165735,1,"IOTHUB_CLIENT_CONFIRMATION_OK"
25293,10146165871,10146165922,1,"IOTHUB_CLIENT_CONFIRMATION_OK"
25294,10146166071,10146166116,1,"IOTHUB_CLIENT_CONFIRMATION_OK"
25295,10146166271,10146166398,1,"IOTHUB_CLIENT_CONFIRMATION_OK"
25296,10146166471,10146166508,1,"IOTHUB_CLIENT_CONFIRMATION_OK"
25297,10146166671,10146166784,1,"IOTHUB_CLIENT_CONFIRMATION_OK"
25298,10146166872,10146166949,1,"IOTHUB_CLIENT_CONFIRMATION_OK"
25299,10146167072,10146167116,1,"IOTHUB_CLIENT_CONFIRMATION_OK"
25300,10146167272,10146167365,1,"IOTHUB_CLIENT_CONFIRMATION_OK"
25301,10146167472,10146167528,1,"IOTHUB_CLIENT_CONFIRMATION_OK"
25302,10146167672,10146167715,1,"IOTHUB_CLIENT_CONFIRMATION_OK"
25303,10146167872,10146167917,1,"IOTHUB_CLIENT_CONFIRMATION_OK"
25304,10146168073,10146168118,1,"IOTHUB_CLIENT_CONFIRMATION_OK"
25305,10146168273,10146168600,1,"IOTHUB_CLIENT_CONFIRMATION_OK"
25306,10146168473,10146168625,1,"IOTHUB_CLIENT_CONFIRMATION_OK"
25307,10146168673,10146168713,1,"IOTHUB_CLIENT_CONFIRMATION_OK"
25308,10146168873,10146169001,1,"IOTHUB_CLIENT_CONFIRMATION_OK"
25309,10146169073,10146169113,1,"IOTHUB_CLIENT_CONFIRMATION_OK"
25310,10146169273,10146169312,1,"IOTHUB_CLIENT_CONFIRMATION_OK"
25311,10146169474,10146169509,1,"IOTHUB_CLIENT_CONFIRMATION_OK"
25312,10146169674,10146169715,1,"IOTHUB_CLIENT_CONFIRMATION_OK"
25313,10146169874,10146170018,1,"IOTHUB_CLIENT_CONFIRMATION_OK"
25314,10146170074,10146170113,1,"IOTHUB_CLIENT_CONFIRMATION_OK"
25315,10146170274,10146170313,1,"IOTHUB_CLIENT_CONFIRMATION_OK"
25316,10146170474,10146170617,1,"IOTHUB_CLIENT_CONFIRMATION_OK"
25317,10146170674,10146170714,1,"IOTHUB_CLIENT_CONFIRMATION_OK"
25318,10146170875,10146170920,1,"IOTHUB_CLIENT_CONFIRMATION_OK"
25319,10146171075,10146171118,1,"IOTHUB_CLIENT_CONFIRMATION_OK"
25320,10146171275,10146171331,1,"IOTHUB_CLIENT_CONFIRMATION_OK"
25321,10146171475,10146171628,1,"IOTHUB_CLIENT_CONFIRMATION_OK"
25322,10146171675,10146171712,1,"IOTHUB_CLIENT_CONFIRMATION_OK"
25323,10146171875,10146171914,1,"IOTHUB_CLIENT_CONFIRMATION_OK"
25324,10146172076,10146172305,1,"IOTHUB_CLIENT_CONFIRMATION_OK"
25325,10146172276,10146172324,1,"IOTHUB_CLIENT_CONFIRMATION_OK"
25326,10146172476,10146172517,1,"IOTHUB_CLIENT_CONFIRMATION_OK"
25327,10146172676,10146172726,1,"IOTHUB_CLIENT_CONFIRMATION_OK"
25328,10146172876,10146172919,1,"IOTHUB_CLIENT_CONFIRMATION_OK"
25329,10146173076,10146173114,1,"IOTHUB_CLIENT_CONFIRMATION_OK"
25330,10146173276,10146173326,1,"IOTHUB_CLIENT_CONFIRMATION_OK"
25331,10146173477,10146173517,1,"IOTHUB_CLIENT_CONFIRMATION_OK"
25332,10146173677,10146173734,1,"IOTHUB_CLIENT_CONFIRMATION_OK"
25333,10146173877,10146173926,1,"IOTHUB_CLIENT_CONFIRMATION_OK"
25334,10146174077,10146174117,1,"IOTHUB_CLIENT_CONFIRMATION_OK"
25335,10146174277,10146174386,1,"IOTHUB_CLIENT_CONFIRMATION_OK"
25336,10146174477,10146174513,1,"IOTHUB_CLIENT_CONFIRMATION_OK"
25337,10146174677,10146174718,1,"IOTHUB_CLIENT_CONFIRMATION_OK"
25338,10146174878,10146174966,1,"IOTHUB_CLIENT_CONFIRMATION_OK"
25339,10146175078,10146175114,1,"IOTHUB_CLIENT_CONFIRMATION_OK"
25340,10146175278,10146175387,1,"IOTHUB_CLIENT_CONFIRMATION_OK"
25341,10146175478,10146175516,1,"IOTHUB_CLIENT_CONFIRMATION_OK"
25342,10146175678,10146175721,1,"IOTHUB_CLIENT_CONFIRMATION_OK"
25343,10146175878,10146175933,1,"IOTHUB_CLIENT_CONFIRMATION_OK"
25344,10146176079,10146176118,1,"IOTHUB_CLIENT_CONFIRMATION_OK"
25345,10146176279,10146176317,1,"IOTHUB_CLIENT_CONFIRMATION_OK"
25346,10146176479,10146176514,1,"IOTHUB_CLIENT_CONFIRMATION_OK"
25347,10146176679,10146176745,1,"IOTHUB_CLIENT_CONFIRMATION_OK"
25348,10146176879,10146177016,1,"IOTHUB_CLIENT_CONFIRMATION_OK"
25349,10146177079,10146177117,1,"IOTHUB_CLIENT_CONFIRMATION_OK"
25350,10146177279,10146177320,1,"IOTHUB_CLIENT_CONFIRMATION_OK"
25351,10146177480,10146177521,1,"IOTHUB_CLIENT_CONFIRMATION_OK"
25352,10146177680,10146177724,1,"IOTHUB_CLIENT_CONFIRMATION_OK"
25353,10146177880,10146177914,1,"IOTHUB_CLIENT_CONFIRMATION_OK"
25354,10146178080,10146178119,1,"IOTHUB_CLIENT_CONFIRMATION_OK"
25355,10146178280,10146178332,1,"IOTHUB_CLIENT_CONFIRMATION_OK"
25356,10146178480,10146178646,1,"IOTHUB_CLIENT_CONFIRMATION_OK"
25357,10146178680,10146178729,1,"IOTHUB_CLIENT_CONFIRMATION_OK"
25358,10146178881,10146178919,1,"IOTHUB_CLIENT_CONFIRMATION_OK"
25359,10146179081,10146179136,1,"IOTHUB_CLIENT_CONFIRMATION_OK"
25360,10146179281,10146179315,1,"IOTHUB_CLIENT_CONFIRMATION_OK"
25361,10146179481,10146179523,1,"IOTHUB_CLIENT_CONFIRMATION_OK"
25362,10146179681,10146179722,1,"IOTHUB_CLIENT_CONFIRMATION_OK"
25363,10146179882,10146179922,1,"IOTHUB_CLIENT_CONFIRMATION_OK"
25364,10146180082,10146180269,1,"IOTHUB_CLIENT_CONFIRMATION_OK"
25365,10146180282,10146180321,1,"IOTHUB_CLIENT_CONFIRMATION_OK"
25366,10146180482,10146180544,1,"IOTHUB_CLIENT_CONFIRMATION_OK"
25367,10146180682,10146180742,1,"IOTHUB_CLIENT_CONFIRMATION_OK"
25368,10146180882,10146180923,1,"IOTHUB_CLIENT_CONFIRMATION_OK"
25369,10146181082,10146181128,1,"IOTHUB_CLIENT_CONFIRMATION_OK"
25370,10146181283,10146181322,1,"IOTHUB_CLIENT_CONFIRMATION_OK"
25371,10146181483,10146181543,1,"IOTHUB_CLIENT_CONFIRMATION_OK"
25372,10146181683,10146181722,1,"IOTHUB_CLIENT_CONFIRMATION_OK"
25373,10146181883,10146181918,1,"IOTHUB_CLIENT_CONFIRMATION_OK"
25374,10146182083,10146182129,1,"IOTHUB_CLIENT_CONFIRMATION_OK"
25375,10146182283,10146182326,1,"IOTHUB_CLIENT_CONFIRMATION_OK"
25376,10146182483,10146182530,1,"IOTHUB_CLIENT_CONFIRMATION_OK"
25377,10146182684,10146182750,1,"IOTHUB_CLIENT_CONFIRMATION_OK"
25378,10146182884,10146182930,1,"IOTHUB_CLIENT_CONFIRMATION_OK"
25379,10146183084,10146183118,1,"IOTHUB_CLIENT_CONFIRMATION_OK"
25380,10146183284,10146183327,1,"IOTHUB_CLIENT_CONFIRMATION_OK"
25381,10146183485,10146183524,1,"IOTHUB_CLIENT_CONFIRMATION_OK"
25382,10146183685,10146183724,1,"IOTHUB_CLIENT_CONFIRMATION_OK"
25383,10146183885,10146183939,1,"IOTHUB_CLIENT_CONFIRMATION_OK"
25384,10146184085,10146184125,1,"IOTHUB_CLIENT_CONFIRMATION_OK"
25385,10146184285,10146184322,1,"IOTHUB_CLIENT_CONFIRMATION_OK"
25386,10146184486,10146184552,1,"IOTHUB_CLIENT_CONFIRMATION_OK"
25387,10146184686,10146184723,1,"IOTHUB_CLIENT_CONFIRMATION_OK"
25388,10146184886,10146184948,1,"IOTHUB_CLIENT_CONFIRMATION_OK"
25389,10146185086,10146185121,1,"IOTHUB_CLIENT_CONFIRMATION_OK"
25390,10146185286,10146185335,1,"IOTHUB_CLIENT_CONFIRMATION_OK"
25391,10146185487,10146185574,1,"IOTHUB_CLIENT_CONFIRMATION_OK"
25392,10146185687,10146185755,1,"IOTHUB_CLIENT_CONFIRMATION_OK"
25393,10146185887,10146185925,1,"IOTHUB_CLIENT_CONFIRMATION_OK"
25394,10146186087,10146186125,1,"IOTHUB_CLIENT_CONFIRMATION_OK"
25395,10146186287,10146186325,1,"IOTHUB_CLIENT_CONFIRMATION_OK"
25396,10146186487,10146186613,1,"IOTHUB_CLIENT_CONFIRMATION_OK"
25397,10146186688,10146186743,1,"IOTHUB_CLIENT_CONFIRMATION_OK"
25398,10146186888,10146186928,1,"IOTHUB_CLIENT_CONFIRMATION_OK"
25399,10146187088,10146187237,1,"IOTHUB_CLIENT_CONFIRMATION_OK"
25400,10146187288,10146187321,1,"IOTHUB_CLIENT_CONFIRMATION_OK"
25401,10146187488,10146187525,1,"IOTHUB_CLIENT_CONFIRMATION_OK"
25402,10146187688,10146187728,1,"IOTHUB_CLIENT_CONFIRMATION_OK"
25403,10146187889,10146187929,1,"IOTHUB_CLIENT_CONFIRMATION_OK"
25404,10146188089,10146188135,1,"IOTHUB_CLIENT_CONFIRMATION_OK"
25405,10146188289,10146188326,1,"IOTHUB_CLIENT_CONFIRMATION_OK"
25406,10146188489,10146188524,1,"IOTHUB_CLIENT_CONFIRMATION_OK"
25407,10146188690,10146188749,1,"IOTHUB_CLIENT_CONFIRMATION_OK"
25408,10146188890,10146188926,1,"IOTHUB_CLIENT_CONFIRMATION_OK"
25409,10146189090,10146189130,1,"IOTHUB_CLIENT_CONFIRMATION_OK"
25410,10146189290,10146189334,1,"IOTHUB_CLIENT_CONFIRMATION_OK"
25411,10146189490,10146189552,1,"IOTHUB_CLIENT_CONFIRMATION_OK"
25412,10146189691,10146189727,1,"IOTHUB_CLIENT_CONFIRMATION_OK"
25413,10146189891,10146189951,1,"IOTHUB_CLIENT_CONFIRMATION_OK"
25414,10146190091,10146190134,1,"IOTHUB_CLIENT_CONFIRMATION_OK"
25415,10146190291,10146190369,1,"IOTHUB_CLIENT_CONFIRMATION_OK"
25416,10146190491,10146190525,1,"IOTHUB_CLIENT_CONFIRMATION_OK"
25417,10146190691,10146190729,1,"IOTHUB_CLIENT_CONFIRMATION_OK"
25418,10146190892,10146190984,1,"IOTHUB_CLIENT_CONFIRMATION_OK"
25419,10146191092,10146191128,1,"IOTHUB_CLIENT_CONFIRMATION_OK"
25420,10146191292,10146191330,1,"IOTHUB_CLIENT_CONFIRMATION_OK"
25421,10146191492,10146191531,1,"IOTHUB_CLIENT_CONFIRMATION_OK"
25422,10146191692,10146191743,1,"IOTHUB_CLIENT_CONFIRMATION_OK"
25423,10146191892,10146191987,1,"IOTHUB_CLIENT_CONFIRMATION_OK"
25424,10146192092,10146192131,1,"IOTHUB_CLIENT_CONFIRMATION_OK"
25425,10146192293,10146192329,1,"IOTHUB_CLIENT_CONFIRMATION_OK"
25426,10146192493,10146192601,1,"IOTHUB_CLIENT_CONFIRMATION_OK"
25427,10146192693,10146192732,1,"IOTHUB_CLIENT_CONFIRMATION_OK"
25428,10146192893,10146192934,1,"IOTHUB_CLIENT_CONFIRMATION_OK"
25429,10146193093,10146193137,1,"IOTHUB_CLIENT_CONFIRMATION_OK"
25430,10146193293,10146193336,1,"IOTHUB_CLIENT_CONFIRMATION_OK"
25431,10146193494,10146193770,1,"IOTHUB_CLIENT_CONFIRMATION_OK"
25432,10146193694,10146193787,1,"IOTHUB_CLIENT_CONFIRMATION_OK"
25433,10146193894,10146193932,1,"IOTHUB_CLIENT_CONFIRMATION_OK"
25434,10146194094,10146194157,1,"IOTHUB_CLIENT_CONFIRMATION_OK"
25435,10146194294,10146194330,1,"IOTHUB_CLIENT_CONFIRMATION_OK"
25436,10146194494,10146194568,1,"IOTHUB_CLIENT_CONFIRMATION_OK"
25437,10146194694,10146194747,1,"IOTHUB_CLIENT_CONFIRMATION_OK"
25438,10146194895,10146194934,1,"IOTHUB_CLIENT_CONFIRMATION_OK"
25439,10146195095,10146195190,1,"IOTHUB_CLIENT_CONFIRMATION_OK"
25440,10146195295,10146195329,1,"IOTHUB_CLIENT_CONFIRMATION_OK"
25441,10146195495,10146195535,1,"IOTHUB_CLIENT_CONFIRMATION_OK"
25442,10146195695,10146195838,1,"IOTHUB_CLIENT_CONFIRMATION_OK"
25443,10146195895,10146195933,1,"IOTHUB_CLIENT_CONFIRMATION_OK"
25444,10146196096,10146196142,1,"IOTHUB_CLIENT_CONFIRMATION_OK"
25445,10146196296,10146196332,1,"IOTHUB_CLIENT_CONFIRMATION_OK"
25446,10146196496,10146196535,1,"IOTHUB_CLIENT_CONFIRMATION_OK"
25447,10146196696,10146196812,1,"IOTHUB_CLIENT_CONFIRMATION_OK"
25448,10146196896,10146196949,1,"IOTHUB_CLIENT_CONFIRMATION_OK"
25449,10146197096,10146197135,1,"IOTHUB_CLIENT_CONFIRMATION_OK"
25450,10146197296,10146197424,1,"IOTHUB_CLIENT_CONFIRMATION_OK"
25451,10146197497,10146197531,1,"IOTHUB_CLIENT_CONFIRMATION_OK"
25452,10146197697,10146197737,1,"IOTHUB_CLIENT_CONFIRMATION_OK"
25453,10146197897,10146197937,1,"IOTHUB_CLIENT_CONFIRMATION_OK"
25454,10146198097,10146198141,1,"IOTHUB_CLIENT_CONFIRMATION_OK"
25455,10146198297,10146198455,1,"IOTHUB_CLIENT_CONFIRMATION_OK"
25456,10146198497,10146198530,1,"IOTHUB_CLIENT_CONFIRMATION_OK"
25457,10146198698,10146198741,1,"IOTHUB_CLIENT_CONFIRMATION_OK"
25458,10146198898,10146198937,1,"IOTHUB_CLIENT_CONFIRMATION_OK"
25459,10146199098,10146199137,1,"IOTHUB_CLIENT_CONFIRMATION_OK"
25460,10146199298,10146199333,1,"IOTHUB_CLIENT_CONFIRMATION_OK"
25461,10146199498,10146199540,1,"IOTHUB_CLIENT_CONFIRMATION_OK"
25462,10146199698,10146199735,1,"IOTHUB_CLIENT_CONFIRMATION_OK"
25463,10146199898,10146200114,1,"IOTHUB_CLIENT_CONFIRMATION_OK"
25464,10146200099,10146200138,1,"IOTHUB_CLIENT_CONFIRMATION_OK"
25465,10146200299,10146200339,1,"IOTHUB_CLIENT_CONFIRMATION_OK"
25466,10146200499,10146200541,1,"IOTHUB_CLIENT_CONFIRMATION_OK"
25467,10146200699,10146200741,1,"IOTHUB_CLIENT_CONFIRMATION_OK"
25468,10146200899,10146200947,1,"IOTHUB_CLIENT_CONFIRMATION_OK"
25469,10146201099,10146201151,1,"IOTHUB_CLIENT_CONFIRMATION_OK"
25470,10146201300,10146201351,1,"IOTHUB_CLIENT_CONFIRMATION_OK"
25471,10146201500,10146201592,1,"IOTHUB_CLIENT_CONFIRMATION_OK"
25472,10146201700,10146201734,1,"IOTHUB_CLIENT_CONFIRMATION_OK"
25473,10146201900,10146201944,1,"IOTHUB_CLIENT_CONFIRMATION_OK"
25474,10146202100,10146202209,1,"IOTHUB_CLIENT_CONFIRMATION_OK"
25475,10146202300,10146202342,1,"IOTHUB_CLIENT_CONFIRMATION_OK"
25476,10146202500,10146202563,1,"IOTHUB_CLIENT_CONFIRMATION_OK"
25477,10146202701,10146202815,1,"IOTHUB_CLIENT_CONFIRMATION_OK"
25478,10146202901,10146202943,1,"IOTHUB_CLIENT_CONFIRMATION_OK"
25479,10146203101,10146203146,1,"IOTHUB_CLIENT_CONFIRMATION_OK"
25480,10146203301,10146203341,1,"IOTHUB_CLIENT_CONFIRMATION_OK"
25481,10146203501,10146203541,1,"IOTHUB_CLIENT_CONFIRMATION_OK"
25482,10146203701,10146203858,1,"IOTHUB_CLIENT_CONFIRMATION_OK"
25483,10146203902,10146203938,1,"IOTHUB_CLIENT_CONFIRMATION_OK"
25484,10146204102,10146204141,1,"IOTHUB_CLIENT_CONFIRMATION_OK"
25485,10146204302,10146204341,1,"IOTHUB_CLIENT_CONFIRMATION_OK"
25486,10146204502,10146204539,1,"IOTHUB_CLIENT_CONFIRMATION_OK"
25487,10146204702,10146204742,1,"IOTHUB_CLIENT_CONFIRMATION_OK"
25488,10146204902,10146204940,1,"IOTHUB_CLIENT_CONFIRMATION_OK"
25489,10146205102,10146205142,1,"IOTHUB_CLIENT_CONFIRMATION_OK"
25490,10146205303,10146205340,1,"IOTHUB_CLIENT_CONFIRMATION_OK"
25491,10146205503,10146205552,1,"IOTHUB_CLIENT_CONFIRMATION_OK"
25492,10146205703,10146205743,1,"IOTHUB_CLIENT_CONFIRMATION_OK"
25493,10146205903,10146205943,1,"IOTHUB_CLIENT_CONFIRMATION_OK"
25494,10146206103,10146206143,1,"IOTHUB_CLIENT_CONFIRMATION_OK"
25495,10146206303,10146206360,1,"IOTHUB_CLIENT_CONFIRMATION_OK"
25496,10146206504,10146206559,1,"IOTHUB_CLIENT_CONFIRMATION_OK"
25497,10146206704,10146206781,1,"IOTHUB_CLIENT_CONFIRMATION_OK"
25498,10146206904,10146206940,1,"IOTHUB_CLIENT_CONFIRMATION_OK"
25499,10146207104,10146207144,1,"IOTHUB_CLIENT_CONFIRMATION_OK"
25500,10146207304,10146207341,1,"IOTHUB_CLIENT_CONFIRMATION_OK"
25501,10146207504,10146207550,1,"IOTHUB_CLIENT_CONFIRMATION_OK"
25502,10146207704,10146207752,1,"IOTHUB_CLIENT_CONFIRMATION_OK"
25503,10146207905,10146207952,1,"IOTHUB_CLIENT_CONFIRMATION_OK"
25504,10146208105,10146208141,1,"IOTHUB_CLIENT_CONFIRMATION_OK"
25505,10146208305,10146208344,1,"IOTHUB_CLIENT_CONFIRMATION_OK"
25506,10146208505,10146208599,1,"IOTHUB_CLIENT_CONFIRMATION_OK"
25507,10146208705,10146208744,1,"IOTHUB_CLIENT_CONFIRMATION_OK"
25508,10146208905,10146208942,1,"IOTHUB_CLIENT_CONFIRMATION_OK"
25509,10146209106,10146209214,1,"IOTHUB_CLIENT_CONFIRMATION_OK"
25510,10146209306,10146209344,1,"IOTHUB_CLIENT_CONFIRMATION_OK"
25511,10146209506,10146209550,1,"IOTHUB_CLIENT_CONFIRMATION_OK"
25512,10146209706,10146209771,1,"IOTHUB_CLIENT_CONFIRMATION_OK"
25513,10146209906,10146209953,1,"IOTHUB_CLIENT_CONFIRMATION_OK"
25514,10146210106,10146210220,1,"IOTHUB_CLIENT_CONFIRMATION_OK"
25515,10146210306,10146210348,1,"IOTHUB_CLIENT_CONFIRMATION_OK"
25516,10146210507,10146210558,1,"IOTHUB_CLIENT_CONFIRMATION_OK"
25517,10146210707,10146210830,1,"IOTHUB_CLIENT_CONFIRMATION_OK"
25518,10146210907,10146210945,1,"IOTHUB_CLIENT_CONFIRMATION_OK"
25519,10146211107,10146211331,1,"IOTHUB_CLIENT_CONFIRMATION_OK"
25520,10146211307,10146211351,1,"IOTHUB_CLIENT_CONFIRMATION_OK"
25521,10146211507,10146211601,1,"IOTHUB_CLIENT_CONFIRMATION_OK"
25522,10146211708,10146211939,1,"IOTHUB_CLIENT_CONFIRMATION_OK"
25523,10146211908,10146211963,1,"IOTHUB_CLIENT_CONFIRMATION_OK"
25524,10146212108,10146212156,1,"IOTHUB_CLIENT_CONFIRMATION_OK"
25525,10146212308,10146212345,1,"IOTHUB_CLIENT_CONFIRMATION_OK"
25526,10146212508,10146212545,1,"IOTHUB_CLIENT_CONFIRMATION_OK"
25527,10146212708,10146212745,1,"IOTHUB_CLIENT_CONFIRMATION_OK"
25528,10146212909,10146212965,1,"IOTHUB_CLIENT_CONFIRMATION_OK"
25529,10146213109,10146213147,1,"IOTHUB_CLIENT_CONFIRMATION_OK"
25530,10146213309,10146213376,1,"IOTHUB_CLIENT_CONFIRMATION_OK"
25531,10146213509,10146213548,1,"IOTHUB_CLIENT_CONFIRMATION_OK"
25532,10146213709,10146213752,1,"IOTHUB_CLIENT_CONFIRMATION_OK"
25533,10146213909,10146214010,1,"IOTHUB_CLIENT_CONFIRMATION_OK"
25534,10146214109,10146214151,1,"IOTHUB_CLIENT_CONFIRMATION_OK"
25535,10146214310,10146214348,1,"IOTHUB_CLIENT_CONFIRMATION_OK"
25536,10146214510,10146214560,1,"IOTHUB_CLIENT_CONFIRMATION_OK"
25537,10146214710,10146214750,1,"IOTHUB_CLIENT_CONFIRMATION_OK"
25538,10146214910,10146215019,1,"IOTHUB_CLIENT_CONFIRMATION_OK"
25539,10146215110,10146215148,1,"IOTHUB_CLIENT_CONFIRMATION_OK"
25540,10146215310,10146215355,1,"IOTHUB_CLIENT_CONFIRMATION_OK"
25541,10146215510,10146215641,1,"IOTHUB_CLIENT_CONFIRMATION_OK"
25542,10146215711,10146215833,1,"IOTHUB_CLIENT_CONFIRMATION_OK"
25543,10146215911,10146215946,1,"IOTHUB_CLIENT_CONFIRMATION_OK"
25544,10146216111,10146216144,1,"IOTHUB_CLIENT_CONFIRMATION_OK"
25545,10146216311,10146216364,1,"IOTHUB_CLIENT_CONFIRMATION_OK"
25546,10146216511,10146216660,1,"IOTHUB_CLIENT_CONFIRMATION_OK"
25547,10146216711,10146216751,1,"IOTHUB_CLIENT_CONFIRMATION_OK"
25548,10146216912,10146216951,1,"IOTHUB_CLIENT_CONFIRMATION_OK"
25549,10146217112,10146217290,1,"IOTHUB_CLIENT_CONFIRMATION_OK"
25550,10146217312,10146217354,1,"IOTHUB_CLIENT_CONFIRMATION_OK"
25551,10146217512,10146217550,1,"IOTHUB_CLIENT_CONFIRMATION_OK"
25552,10146217712,10146217748,1,"IOTHUB_CLIENT_CONFIRMATION_OK"
25553,10146217912,10146217969,1,"IOTHUB_CLIENT_CONFIRMATION_OK"
25554,10146218112,10146218150,1,"IOTHUB_CLIENT_CONFIRMATION_OK"
25555,10146218313,10146218358,1,"IOTHUB_CLIENT_CONFIRMATION_OK"
25556,10146218513,10146218551,1,"IOTHUB_CLIENT_CONFIRMATION_OK"
25557,10146218713,10146218755,1,"IOTHUB_CLIENT_CONFIRMATION_OK"
25558,10146218913,10146218946,1,"IOTHUB_CLIENT_CONFIRMATION_OK"
25559,10146219113,10146219152,1,"IOTHUB_CLIENT_CONFIRMATION_OK"
25560,10146219313,10146219357,1,"IOTHUB_CLIENT_CONFIRMATION_OK"
25561,10146219514,10146219553,1,"IOTHUB_CLIENT_CONFIRMATION_OK"
25562,10146219714,10146219764,1,"IOTHUB_CLIENT_CONFIRMATION_OK"
25563,10146219914,10146219954,1,"IOTHUB_CLIENT_CONFIRMATION_OK"
25564,10146220114,10146220154,1,"IOTHUB_CLIENT_CONFIRMATION_OK"
25565,10146220314,10146220355,1,"IOTHUB_CLIENT_CONFIRMATION_OK"
25566,10146220514,10146220557,1,"IOTHUB_CLIENT_CONFIRMATION_OK"
25567,10146220715,10146220824,1,"IOTHUB_CLIENT_CONFIRMATION_OK"
25568,10146220915,10146221043,1,"IOTHUB_CLIENT_CONFIRMATION_OK"
25569,10146221115,10146221158,1,"IOTHUB_CLIENT_CONFIRMATION_OK"
25570,10146221315,10146221354,1,"IOTHUB_CLIENT_CONFIRMATION_OK"
25571,10146221515,10146221555,1,"IOTHUB_CLIENT_CONFIRMATION_OK"
25572,10146221715,10146221759,1,"IOTHUB_CLIENT_CONFIRMATION_OK"
25573,10146221916,10146222051,1,"IOTHUB_CLIENT_CONFIRMATION_OK"
25574,10146222116,10146222166,1,"IOTHUB_CLIENT_CONFIRMATION_OK"
25575,10146222316,10146222354,1,"IOTHUB_CLIENT_CONFIRMATION_OK"
25576,10146222516,10146222553,1,"IOTHUB_CLIENT_CONFIRMATION_OK"
25577,10146222716,10146222755,1,"IOTHUB_CLIENT_CONFIRMATION_OK"
25578,10146222917,10146222965,1,"IOTHUB_CLIENT_CONFIRMATION_OK"
25579,10146223117,10146223158,1,"IOTHUB_CLIENT_CONFIRMATION_OK"
25580,10146223317,10146223356,1,"IOTHUB_CLIENT_CONFIRMATION_OK"
25581,10146223517,10146223703,1,"IOTHUB_CLIENT_CONFIRMATION_OK"
25582,10146223717,10146223754,1,"IOTHUB_CLIENT_CONFIRMATION_OK"
25583,10146223917,10146223957,1,"IOTHUB_CLIENT_CONFIRMATION_OK"
25584,10146224117,10146224157,1,"IOTHUB_CLIENT_CONFIRMATION_OK"
25585,10146224318,10146224352,1,"IOTHUB_CLIENT_CONFIRMATION_OK"
25586,10146224518,10146224557,1,"IOTHUB_CLIENT_CONFIRMATION_OK"
25587,10146224718,10146224757,1,"IOTHUB_CLIENT_CONFIRMATION_OK"
25588,10146224918,10146224996,1,"IOTHUB_CLIENT_CONFIRMATION_OK"
25589,10146225118,10146225231,1,"IOTHUB_CLIENT_CONFIRMATION_OK"
25590,10146225318,10146225353,1,"IOTHUB_CLIENT_CONFIRMATION_OK"
25591,10146225519,10146225556,1,"IOTHUB_CLIENT_CONFIRMATION_OK"
25592,10146225719,10146225755,1,"IOTHUB_CLIENT_CONFIRMATION_OK"
25593,10146225919,10146225959,1,"IOTHUB_CLIENT_CONFIRMATION_OK"
25594,10146226119,10146226157,1,"IOTHUB_CLIENT_CONFIRMATION_OK"
25595,10146226319,10146226365,1,"IOTHUB_CLIENT_CONFIRMATION_OK"
25596,10146226519,10146226566,1,"IOTHUB_CLIENT_CONFIRMATION_OK"
25597,10146226719,10146226780,1,"IOTHUB_CLIENT_CONFIRMATION_OK"
25598,10146226920,10146226969,1,"IOTHUB_CLIENT_CONFIRMATION_OK"
25599,10146227120,10146227155,1,"IOTHUB_CLIENT_CONFIRMATION_OK"
25600,10146227320,10146227396,1,"IOTHUB_CLIENT_CONFIRMATION_OK"
25601,10146227520,10146227566,1,"IOTHUB_CLIENT_CONFIRMATION_OK"
25602,10146227720,10146227804,1,"IOTHUB_CLIENT_CONFIRMATION_OK"
25603,10146227920,10146228031,1,"IOTHUB_CLIENT_CONFIRMATION_OK"
25604,10146228121,10146228188,1,"IOTHUB_CLIENT_CONFIRMATION_OK"
25605,10146228321,10146228429,1,"IOTHUB_CLIENT_CONFIRMATION_OK"
25606,10146228521,10146228555,1,"IOTHUB_CLIENT_CONFIRMATION_OK"
25607,10146228721,10146228802,1,"IOTHUB_CLIENT_CONFIRMATION_OK"
25608,10146228921,10146229037,1,"IOTHUB_CLIENT_CONFIRMATION_OK"
25609,10146229121,10146229164,1,"IOTHUB_CLIENT_CONFIRMATION_OK"
25610,10146229321,10146229357,1,"IOTHUB_CLIENT_CONFIRMATION_OK"
25611,10146229522,10146229588,1,"IOTHUB_CLIENT_CONFIRMATION_OK"
25612,10146229722,10146229769,1,"IOTHUB_CLIENT_CONFIRMATION_OK"
25613,10146229922,10146230080,1,"IOTHUB_CLIENT_CONFIRMATION_OK"
25614,10146230122,10146230157,1,"IOTHUB_CLIENT_CONFIRMATION_OK"
25615,10146230322,10146230361,1,"IOTHUB_CLIENT_CONFIRMATION_OK"
25616,10146230522,10146230562,1,"IOTHUB_CLIENT_CONFIRMATION_OK"
25617,10146230723,10146230763,1,"IOTHUB_CLIENT_CONFIRMATION_OK"
25618,10146230923,10146230963,1,"IOTHUB_CLIENT_CONFIRMATION_OK"
25619,10146231123,10146231158,1,"IOTHUB_CLIENT_CONFIRMATION_OK"
25620,10146231323,10146231364,1,"IOTHUB_CLIENT_CONFIRMATION_OK"
25621,10146231523,10146231729,1,"IOTHUB_CLIENT_CONFIRMATION_OK"
25622,10146231723,10146231760,1,"IOTHUB_CLIENT_CONFIRMATION_OK"
25623,10146231924,10146231962,1,"IOTHUB_CLIENT_CONFIRMATION_OK"
25624,10146232124,10146232171,1,"IOTHUB_CLIENT_CONFIRMATION_OK"
25625,10146232324,10146232371,1,"IOTHUB_CLIENT_CONFIRMATION_OK"
25626,10146232524,10146232560,1,"IOTHUB_CLIENT_CONFIRMATION_OK"
25627,10146232724,10146232771,1,"IOTHUB_CLIENT_CONFIRMATION_OK"
25628,10146232924,10146232964,1,"IOTHUB_CLIENT_CONFIRMATION_OK"
25629,10146233125,10146233164,1,"IOTHUB_CLIENT_CONFIRMATION_OK"
25630,10146233325,10146233513,1,"IOTHUB_CLIENT_CONFIRMATION_OK"
25631,10146233525,10146233561,1,"IOTHUB_CLIENT_CONFIRMATION_OK"
25632,10146233725,10146233762,1,"IOTHUB_CLIENT_CONFIRMATION_OK"
25633,10146233925,10146233968,1,"IOTHUB_CLIENT_CONFIRMATION_OK"
25634,10146234125,10146234166,1,"IOTHUB_CLIENT_CONFIRMATION_OK"
25635,10146234325,10146234381,1,"IOTHUB_CLIENT_CONFIRMATION_OK"
25636,10146234526,10146234564,1,"IOTHUB_CLIENT_CONFIRMATION_OK"
25637,10146234726,10146234775,1,"IOTHUB_CLIENT_CONFIRMATION_OK"
25638,10146234926,10146234972,1,"IOTHUB_CLIENT_CONFIRMATION_OK"
25639,10146235126,10146235165,1,"IOTHUB_CLIENT_CONFIRMATION_OK"
25640,10146235326,10146235364,1,"IOTHUB_CLIENT_CONFIRMATION_OK"
25641,10146235527,10146235560,1,"IOTHUB_CLIENT_CONFIRMATION_OK"
25642,10146235727,10146235765,1,"IOTHUB_CLIENT_CONFIRMATION_OK"
25643,10146235927,10146235971,1,"IOTHUB_CLIENT_CONFIRMATION_OK"
25644,10146236127,10146236177,1,"IOTHUB_CLIENT_CONFIRMATION_OK"
25645,10146236327,10146236394,1,"IOTHUB_CLIENT_CONFIRMATION_OK"
25646,10146236527,10146236573,1,"IOTHUB_CLIENT_CONFIRMATION_OK"
25647,10146236728,10146236766,1,"IOTHUB_CLIENT_CONFIRMATION_OK"
25648,10146236928,10146236975,1,"IOTHUB_CLIENT_CONFIRMATION_OK"
25649,10146237128,10146237170,1,"IOTHUB_CLIENT_CONFIRMATION_OK"
25650,10146237328,10146237369,1,"IOTHUB_CLIENT_CONFIRMATION_OK"
25651,10146237528,10146237580,1,"IOTHUB_CLIENT_CONFIRMATION_OK"
25652,10146237728,10146237768,1,"IOTHUB_CLIENT_CONFIRMATION_OK"
25653,10146237928,10146237963,1,"IOTHUB_CLIENT_CONFIRMATION_OK"
25654,10146238129,10146238210,1,"IOTHUB_CLIENT_CONFIRMATION_OK"
25655,10146238329,10146238365,1,"IOTHUB_CLIENT_CONFIRMATION_OK"
25656,10146238529,10146238626,1,"IOTHUB_CLIENT_CONFIRMATION_OK"
25657,10146238729,10146238780,1,"IOTHUB_CLIENT_CONFIRMATION_OK"
25658,10146238929,10146238970,1,"IOTHUB_CLIENT_CONFIRMATION_OK"
25659,10146239129,10146239226,1,"IOTHUB_CLIENT_CONFIRMATION_OK"
25660,10146239330,10146239363,1,"IOTHUB_CLIENT_CONFIRMATION_OK"
25661,10146239530,10146239566,1,"IOTHUB_CLIENT_CONFIRMATION_OK"
25662,10146239730,10146239774,1,"IOTHUB_CLIENT_CONFIRMATION_OK"
25663,10146239930,10146239972,1,"IOTHUB_CLIENT_CONFIRMATION_OK"
25664,10146240130,10146240249,1,"IOTHUB_CLIENT_CONFIRMATION_OK"
25665,10146240330,10146240377,1,"IOTHUB_CLIENT_CONFIRMATION_OK"
25666,10146240530,10146240574,1,"IOTHUB_CLIENT_CONFIRMATION_OK"
25667,10146240731,10146240855,1,"IOTHUB_CLIENT_CONFIRMATION_OK"
25668,10146240931,10146240974,1,"IOTHUB_CLIENT_CONFIRMATION_OK"
25669,10146241131,10146241175,1,"IOTHUB_CLIENT_CONFIRMATION_OK"
25670,10146241331,10146241376,1,"IOTHUB_CLIENT_CONFIRMATION_OK"
25671,10146241531,10146241566,1,"IOTHUB_CLIENT_CONFIRMATION_OK"
25672,10146241731,10146241857,1,"IOTHUB_CLIENT_CONFIRMATION_OK"
25673,10146241932,10146241976,1,"IOTHUB_CLIENT_CONFIRMATION_OK"
25674,10146242132,10146242169,1,"IOTHUB_CLIENT_CONFIRMATION_OK"
25675,10146242332,10146242479,1,"IOTHUB_CLIENT_CONFIRMATION_OK"
25676,10146242532,10146242571,1,"IOTHUB_CLIENT_CONFIRMATION_OK"
25677,10146242732,10146242769,1,"IOTHUB_CLIENT_CONFIRMATION_OK"
25678,10146242932,10146242974,1,"IOTHUB_CLIENT_CONFIRMATION_OK"
25679,10146243132,10146243169,1,"IOTHUB_CLIENT_CONFIRMATION_OK"
25680,10146243333,10146243498,1,"IOTHUB_CLIENT_CONFIRMATION_OK"
25681,10146243533,10146243573,1,"IOTHUB_CLIENT_CONFIRMATION_OK"
25682,10146243733,10146243769,1,"IOTHUB_CLIENT_CONFIRMATION_OK"
25683,10146243933,10146243970,1,"IOTHUB_CLIENT_CONFIRMATION_OK"
25684,10146244133,10146244167,1,"IOTHUB_CLIENT_CONFIRMATION_OK"
25685,10146244333,10146244385,1,"IOTHUB_CLIENT_CONFIRMATION_OK"
25686,10146244534,10146244578,1,"IOTHUB_CLIENT_CONFIRMATION_OK"
25687,10146244734,10146244773,1,"IOTHUB_CLIENT_CONFIRMATION_OK"
25688,10146244934,10146245012,1,"IOTHUB_CLIENT_CONFIRMATION_OK"
25689,10146245134,10146245222,1,"IOTHUB_CLIENT_CONFIRMATION_OK"
25690,10146245334,10146245372,1,"IOTHUB_CLIENT_CONFIRMATION_OK"
25691,10146245534,10146245631,1,"IOTHUB_CLIENT_CONFIRMATION_OK"
25692,10146245734,10146245776,1,"IOTHUB_CLIENT_CONFIRMATION_OK"
25693,10146245935,10146245972,1,"IOTHUB_CLIENT_CONFIRMATION_OK"
25694,10146246135,10146246247,1,"IOTHUB_CLIENT_CONFIRMATION_OK"
25695,10146246335,10146246377,1,"IOTHUB_CLIENT_CONFIRMATION_OK"
25696,10146246535,10146246659,1,"IOTHUB_CLIENT_CONFIRMATION_OK"
25697,10146246735,10146246774,1,"IOTHUB_CLIENT_CONFIRMATION_OK"
25698,10146246935,10146246987,1,"IOTHUB_CLIENT_CONFIRMATION_OK"
25699,10146247136,10146247283,1,"IOTHUB_CLIENT_CONFIRMATION_OK"
25700,10146247336,10146247375,1,"IOTHUB_CLIENT_CONFIRMATION_OK"
25701,10146247536,10146247577,1,"IOTHUB_CLIENT_CONFIRMATION_OK"
25702,10146247736,10146247779,1,"IOTHUB_CLIENT_CONFIRMATION_OK"
25703,10146247936,10146247974,1,"IOTHUB_CLIENT_CONFIRMATION_OK"
25704,10146248136,10146248175,1,"IOTHUB_CLIENT_CONFIRMATION_OK"
25705,10146248336,10146248375,1,"IOTHUB_CLIENT_CONFIRMATION_OK"
25706,10146248537,10146248601,1,"IOTHUB_CLIENT_CONFIRMATION_OK"
25707,10146248737,10146248783,1,"IOTHUB_CLIENT_CONFIRMATION_OK"
25708,10146248937,10146248975,1,"IOTHUB_CLIENT_CONFIRMATION_OK"
25709,10146249137,10146249208,1,"IOTHUB_CLIENT_CONFIRMATION_OK"
25710,10146249337,10146249427,1,"IOTHUB_CLIENT_CONFIRMATION_OK"
25711,10146249537,10146249577,1,"IOTHUB_CLIENT_CONFIRMATION_OK"
25712,10146249738,10146249775,1,"IOTHUB_CLIENT_CONFIRMATION_OK"
25713,10146249938,10146249976,1,"IOTHUB_CLIENT_CONFIRMATION_OK"
25714,10146250138,10146250173,1,"IOTHUB_CLIENT_CONFIRMATION_OK"
25715,10146250338,10146250475,1,"IOTHUB_CLIENT_CONFIRMATION_OK"
25716,10146250538,10146250577,1,"IOTHUB_CLIENT_CONFIRMATION_OK"
25717,10146250738,10146250772,1,"IOTHUB_CLIENT_CONFIRMATION_OK"
25718,10146250938,10146250975,1,"IOTHUB_CLIENT_CONFIRMATION_OK"
25719,10146251138,10146251176,1,"IOTHUB_CLIENT_CONFIRMATION_OK"
25720,10146251339,10146251379,1,"IOTHUB_CLIENT_CONFIRMATION_OK"
25721,10146251539,10146251577,1,"IOTHUB_CLIENT_CONFIRMATION_OK"
25722,10146251739,10146251781,1,"IOTHUB_CLIENT_CONFIRMATION_OK"
25723,10146251939,10146252096,1,"IOTHUB_CLIENT_CONFIRMATION_OK"
25724,10146252139,10146252182,1,"IOTHUB_CLIENT_CONFIRMATION_OK"
25725,10146252339,10146252376,1,"IOTHUB_CLIENT_CONFIRMATION_OK"
25726,10146252540,10146252584,1,"IOTHUB_CLIENT_CONFIRMATION_OK"
25727,10146252740,10146252799,1,"IOTHUB_CLIENT_CONFIRMATION_OK"
25728,10146252940,10146252979,1,"IOTHUB_CLIENT_CONFIRMATION_OK"
25729,10146253140,10146253202,1,"IOTHUB_CLIENT_CONFIRMATION_OK"
25730,10146253340,10146253377,1,"IOTHUB_CLIENT_CONFIRMATION_OK"
25731,10146253540,10146253777,1,"IOTHUB_CLIENT_CONFIRMATION_OK"
25732,10146253741,10146253798,1,"IOTHUB_CLIENT_CONFIRMATION_OK"
25733,10146253941,10146253989,1,"IOTHUB_CLIENT_CONFIRMATION_OK"
25734,10146254141,10146254181,1,"IOTHUB_CLIENT_CONFIRMATION_OK"
25735,10146254341,10146254375,1,"IOTHUB_CLIENT_CONFIRMATION_OK"
25736,10146254541,10146254575,1,"IOTHUB_CLIENT_CONFIRMATION_OK"
25737,10146254741,10146254793,1,"IOTHUB_CLIENT_CONFIRMATION_OK"
25738,10146254941,10146255011,1,"IOTHUB_CLIENT_CONFIRMATION_OK"
25739,10146255142,10146255188,1,"IOTHUB_CLIENT_CONFIRMATION_OK"
25740,10146255342,10146255382,1,"IOTHUB_CLIENT_CONFIRMATION_OK"
25741,10146255542,10146255580,1,"IOTHUB_CLIENT_CONFIRMATION_OK"
25742,10146255742,10146255806,1,"IOTHUB_CLIENT_CONFIRMATION_OK"
25743,10146255942,10146255979,1,"IOTHUB_CLIENT_CONFIRMATION_OK"
25744,10146256142,10146256183,1,"IOTHUB_CLIENT_CONFIRMATION_OK"
25745,10146256343,10146256410,1,"IOTHUB_CLIENT_CONFIRMATION_OK"
25746,10146256543,10146256596,1,"IOTHUB_CLIENT_CONFIRMATION_OK"
25747,10146256743,10146256846,1,"IOTHUB_CLIENT_CONFIRMATION_OK"
25748,10146256943,10146256985,1,"IOTHUB_CLIENT_CONFIRMATION_OK"
25749,10146257143,10146257185,1,"IOTHUB_CLIENT_CONFIRMATION_OK"
25750,10146257343,10146257433,1,"IOTHUB_CLIENT_CONFIRMATION_OK"
25751,10146257544,10146257658,1,"IOTHUB_CLIENT_CONFIRMATION_OK"
25752,10146257744,10146257790,1,"IOTHUB_CLIENT_CONFIRMATION_OK"
25753,10146257944,10146257989,1,"IOTHUB_CLIENT_CONFIRMATION_OK"
25754,10146258144,10146258179,1,"IOTHUB_CLIENT_CONFIRMATION_OK"
25755,10146258344,10146258489,1,"IOTHUB_CLIENT_CONFIRMATION_OK"
25756,10146258544,10146258581,1,"IOTHUB_CLIENT_CONFIRMATION_OK"
25757,10146258744,10146258782,1,"IOTHUB_CLIENT_CONFIRMATION_OK"
25758,10146258944,10146259097,1,"IOTHUB_CLIENT_CONFIRMATION_OK"
25759,10146259145,10146259186,1,"IOTHUB_CLIENT_CONFIRMATION_OK"
25760,10146259345,10146259391,1,"IOTHUB_CLIENT_CONFIRMATION_OK"
25761,10146259545,10146259582,1,"IOTHUB_CLIENT_CONFIRMATION_OK"
25762,10146259745,10146259790,1,"IOTHUB_CLIENT_CONFIRMATION_OK"
25763,10146259945,10146260152,1,"IOTHUB_CLIENT_CONFIRMATION_OK"
25764,10146260145,10146260186,1,"IOTHUB_CLIENT_CONFIRMATION_OK"
25765,10146260346,10146260383,1,"IOTHUB_CLIENT_CONFIRMATION_OK"
25766,10146260546,10146260591,1,"IOTHUB_CLIENT_CONFIRMATION_OK"
25767,10146260746,10146260794,1,"IOTHUB_CLIENT_CONFIRMATION_OK"
25768,10146260946,10146260984,1,"IOTHUB_CLIENT_CONFIRMATION_OK"
25769,10146261146,10146261184,1,"IOTHUB_CLIENT_CONFIRMATION_OK"
25770,10146261346,10146261385,1,"IOTHUB_CLIENT_CONFIRMATION_OK"
25771,10146261546,10146261585,1,"IOTHUB_CLIENT_CONFIRMATION_OK"
25772,10146261747,10146261798,1,"IOTHUB_CLIENT_CONFIRMATION_OK"
25773,10146261947,10146261986,1,"IOTHUB_CLIENT_CONFIRMATION_OK"
25774,10146262147,10146262191,1,"IOTHUB_CLIENT_CONFIRMATION_OK"
25775,10146262347,10146262383,1,"IOTHUB_CLIENT_CONFIRMATION_OK"
25776,10146262547,10146262586,1,"IOTHUB_CLIENT_CONFIRMATION_OK"
25777,10146262747,10146262841,1,"IOTHUB_CLIENT_CONFIRMATION_OK"
25778,10146262947,10146262987,1,"IOTHUB_CLIENT_CONFIRMATION_OK"
25779,10146263148,10146263181,1,"IOTHUB_CLIENT_CONFIRMATION_OK"
25780,10146263348,10146263400,1,"IOTHUB_CLIENT_CONFIRMATION_OK"
25781,10146263548,10146263589,1,"IOTHUB_CLIENT_CONFIRMATION_OK"
25782,10146263748,10146263877,1,"IOTHUB_CLIENT_CONFIRMATION_OK"
25783,10146263948,10146264014,1,"IOTHUB_CLIENT_CONFIRMATION_OK"
25784,10146264149,10146264192,1,"IOTHUB_CLIENT_CONFIRMATION_OK"
25785,10146264349,10146264388,1,"IOTHUB_CLIENT_CONFIRMATION_OK"
25786,10146264549,10146264588,1,"IOTHUB_CLIENT_CONFIRMATION_OK"
25787,10146264749,10146264788,1,"IOTHUB_CLIENT_CONFIRMATION_OK"
25788,10146264949,10146264985,1,"IOTHUB_CLIENT_CONFIRMATION_OK"
25789,10146265149,10146265192,1,"IOTHUB_CLIENT_CONFIRMATION_OK"
25790,10146265349,10146265386,1,"IOTHUB_CLIENT_CONFIRMATION_OK"
25791,10146265549,10146265584,1,"IOTHUB_CLIENT_CONFIRMATION_OK"
25792,10146265750,10146265819,1,"IOTHUB_CLIENT_CONFIRMATION_OK"
25793,10146265950,10146266005,1,"IOTHUB_CLIENT_CONFIRMATION_OK"
25794,10146266150,10146266201,1,"IOTHUB_CLIENT_CONFIRMATION_OK"
25795,10146266350,10146266398,1,"IOTHUB_CLIENT_CONFIRMATION_OK"
25796,10146266550,10146266586,1,"IOTHUB_CLIENT_CONFIRMATION_OK"
25797,10146266750,10146266795,1,"IOTHUB_CLIENT_CONFIRMATION_OK"
25798,10146266951,10146267047,1,"IOTHUB_CLIENT_CONFIRMATION_OK"
25799,10146267151,10146267188,1,"IOTHUB_CLIENT_CONFIRMATION_OK"
25800,10146267351,10146267389,1,"IOTHUB_CLIENT_CONFIRMATION_OK"
25801,10146267551,10146267627,1,"IOTHUB_CLIENT_CONFIRMATION_OK"
25802,10146267751,10146267798,1,"IOTHUB_CLIENT_CONFIRMATION_OK"
25803,10146267951,10146267998,1,"IOTHUB_CLIENT_CONFIRMATION_OK"
25804,10146268151,10146268190,1,"IOTHUB_CLIENT_CONFIRMATION_OK"
25805,10146268352,10146268394,1,"IOTHUB_CLIENT_CONFIRMATION_OK"
25806,10146268552,10146268648,1,"IOTHUB_CLIENT_CONFIRMATION_OK"
25807,10146268752,10146268787,1,"IOTHUB_CLIENT_CONFIRMATION_OK"
25808,10146268952,10146268989,1,"IOTHUB_CLIENT_CONFIRMATION_OK"
25809,10146269152,10146269259,1,"IOTHUB_CLIENT_CONFIRMATION_OK"
25810,10146269352,10146269392,1,"IOTHUB_CLIENT_CONFIRMATION_OK"
25811,10146269553,10146269594,1,"IOTHUB_CLIENT_CONFIRMATION_OK"
25812,10146269753,10146269800,1,"IOTHUB_CLIENT_CONFIRMATION_OK"
25813,10146269953,10146269995,1,"IOTHUB_CLIENT_CONFIRMATION_OK"
25814,10146270153,10146270298,1,"IOTHUB_CLIENT_CONFIRMATION_OK"
25815,10146270353,10146270396,1,"IOTHUB_CLIENT_CONFIRMATION_OK"
25816,10146270553,10146270599,1,"IOTHUB_CLIENT_CONFIRMATION_OK"
25817,10146270754,10146270795,1,"IOTHUB_CLIENT_CONFIRMATION_OK"
25818,10146270954,10146270992,1,"IOTHUB_CLIENT_CONFIRMATION_OK"
25819,10146271154,10146271186,1,"IOTHUB_CLIENT_CONFIRMATION_OK"
25820,10146271354,10146271390,1,"IOTHUB_CLIENT_CONFIRMATION_OK"
25821,10146271554,10146271593,1,"IOTHUB_CLIENT_CONFIRMATION_OK"
25822,10146271754,10146271970,1,"IOTHUB_CLIENT_CONFIRMATION_OK"
25823,10146271955,10146271994,1,"IOTHUB_CLIENT_CONFIRMATION_OK"
25824,10146272155,10146272193,1,"IOTHUB_CLIENT_CONFIRMATION_OK"
25825,10146272355,10146272393,1,"IOTHUB_CLIENT_CONFIRMATION_OK"
25826,10146272555,10146272604,1,"IOTHUB_CLIENT_CONFIRMATION_OK"
25827,10146272755,10146272798,1,"IOTHUB_CLIENT_CONFIRMATION_OK"
25828,10146272955,10146273011,1,"IOTHUB_CLIENT_CONFIRMATION_OK"
25829,10146273156,10146273193,1,"IOTHUB_CLIENT_CONFIRMATION_OK"
25830,10146273356,10146273401,1,"IOTHUB_CLIENT_CONFIRMATION_OK"
25831,10146273556,10146273605,1,"IOTHUB_CLIENT_CONFIRMATION_OK"
25832,10146273756,10146273795,1,"IOTHUB_CLIENT_CONFIRMATION_OK"
25833,10146273956,10146274018,1,"IOTHUB_CLIENT_CONFIRMATION_OK"
25834,10146274156,10146274211,1,"IOTHUB_CLIENT_CONFIRMATION_OK"
25835,10146274357,10146274392,1,"IOTHUB_CLIENT_CONFIRMATION_OK"
25836,10146274557,10146274708,1,"IOTHUB_CLIENT_CONFIRMATION_OK"
25837,10146274757,10146274818,1,"IOTHUB_CLIENT_CONFIRMATION_OK"
25838,10146274957,10146274996,1,"IOTHUB_CLIENT_CONFIRMATION_OK"
25839,10146275157,10146275196,1,"IOTHUB_CLIENT_CONFIRMATION_OK"
25840,10146275357,10146275400,1,"IOTHUB_CLIENT_CONFIRMATION_OK"
25841,10146275558,10146275658,1,"IOTHUB_CLIENT_CONFIRMATION_OK"
25842,10146275758,10146275793,1,"IOTHUB_CLIENT_CONFIRMATION_OK"
25843,10146275958,10146275998,1,"IOTHUB_CLIENT_CONFIRMATION_OK"
25844,10146276158,10146276202,1,"IOTHUB_CLIENT_CONFIRMATION_OK"
25845,10146276358,10146276394,1,"IOTHUB_CLIENT_CONFIRMATION_OK"
25846,10146276558,10146276661,1,"IOTHUB_CLIENT_CONFIRMATION_OK"
25847,10146276758,10146276796,1,"IOTHUB_CLIENT_CONFIRMATION_OK"
25848,10146276959,10146276999,1,"IOTHUB_CLIENT_CONFIRMATION_OK"
25849,10146277159,10146277305,1,"IOTHUB_CLIENT_CONFIRMATION_OK"
25850,10146277359,10146277405,1,"IOTHUB_CLIENT_CONFIRMATION_OK"
25851,10146277559,10146277601,1,"IOTHUB_CLIENT_CONFIRMATION_OK"
25852,10146277759,10146277800,1,"IOTHUB_CLIENT_CONFIRMATION_OK"
25853,10146277959,10146277995,1,"IOTHUB_CLIENT_CONFIRMATION_OK"
25854,10146278160,10146278202,1,"IOTHUB_CLIENT_CONFIRMATION_OK"
25855,10146278360,10146278403,1,"IOTHUB_CLIENT_CONFIRMATION_OK"
25856,10146278560,10146278604,1,"IOTHUB_CLIENT_CONFIRMATION_OK"
25857,10146278760,10146278798,1,"IOTHUB_CLIENT_CONFIRMATION_OK"
25858,10146278960,10146278997,1,"IOTHUB_CLIENT_CONFIRMATION_OK"
25859,10146279160,10146279202,1,"IOTHUB_CLIENT_CONFIRMATION_OK"
25860,10146279361,10146279403,1,"IOTHUB_CLIENT_CONFIRMATION_OK"
25861,10146279561,10146279603,1,"IOTHUB_CLIENT_CONFIRMATION_OK"
25862,10146279761,10146279805,1,"IOTHUB_CLIENT_CONFIRMATION_OK"
25863,10146279961,10146280017,1,"IOTHUB_CLIENT_CONFIRMATION_OK"
25864,10146280161,10146280199,1,"IOTHUB_CLIENT_CONFIRMATION_OK"
25865,10146280361,10146280434,1,"IOTHUB_CLIENT_CONFIRMATION_OK"
25866,10146280561,10146280613,1,"IOTHUB_CLIENT_CONFIRMATION_OK"
25867,10146280762,10146280802,1,"IOTHUB_CLIENT_CONFIRMATION_OK"
25868,10146280962,10146281040,1,"IOTHUB_CLIENT_CONFIRMATION_OK"
25869,10146281162,10146281199,1,"IOTHUB_CLIENT_CONFIRMATION_OK"
25870,10146281362,10146281411,1,"IOTHUB_CLIENT_CONFIRMATION_OK"
25871,10146281562,10146281604,1,"IOTHUB_CLIENT_CONFIRMATION_OK"
25872,10146281762,10146281818,1,"IOTHUB_CLIENT_CONFIRMATION_OK"
25873,10146281963,10146282054,1,"IOTHUB_CLIENT_CONFIRMATION_OK"
25874,10146282163,10146282198,1,"IOTHUB_CLIENT_CONFIRMATION_OK"
25875,10146282363,10146282401,1,"IOTHUB_CLIENT_CONFIRMATION_OK"
25876,10146282563,10146282664,1,"IOTHUB_CLIENT_CONFIRMATION_OK"
25877,10146282763,10146282802,1,"IOTHUB_CLIENT_CONFIRMATION_OK"
25878,10146282963,10146283002,1,"IOTHUB_CLIENT_CONFIRMATION_OK"
25879,10146283163,10146283206,1,"IOTHUB_CLIENT_CONFIRMATION_OK"
25880,10146283364,10146283402,1,"IOTHUB_CLIENT_CONFIRMATION_OK"
25881,10146283564,10146283723,1,"IOTHUB_CLIENT_CONFIRMATION_OK"
25882,10146283764,10146283810,1,"IOTHUB_CLIENT_CONFIRMATION_OK"
25883,10146283964,10146284004,1,"IOTHUB_CLIENT_CONFIRMATION_OK"
25884,10146284164,10146284208,1,"IOTHUB_CLIENT_CONFIRMATION_OK"
25885,10146284364,10146284435,1,"IOTHUB_CLIENT_CONFIRMATION_OK"
25886,10146284565,10146284655,1,"IOTHUB_CLIENT_CONFIRMATION_OK"
25887,10146284765,10146284806,1,"IOTHUB_CLIENT_CONFIRMATION_OK"
25888,10146284965,10146285008,1,"IOTHUB_CLIENT_CONFIRMATION_OK"
25889,10146285165,10146285337,1,"IOTHUB_CLIENT_CONFIRMATION_OK"
25890,10146285365,10146285407,1,"IOTHUB_CLIENT_CONFIRMATION_OK"
25891,10146285565,10146285606,1,"IOTHUB_CLIENT_CONFIRMATION_OK"
25892,10146285765,10146286187,1,"IOTHUB_CLIENT_CONFIRMATION_OK"
25893,10146285966,10146286592,1,"IOTHUB_CLIENT_CONFIRMATION_OK"
25894,10146286166,10146286700,1,"IOTHUB_CLIENT_CONFIRMATION_OK"
25895,10146286366,10146286770,1,"IOTHUB_CLIENT_CONFIRMATION_OK"
25896,10146286566,10146286830,1,"IOTHUB_CLIENT_CONFIRMATION_OK"
25897,10146286766,10146286966,1,"IOTHUB_CLIENT_CONFIRMATION_OK"
25898,10146286966,10146287006,1,"IOTHUB_CLIENT_CONFIRMATION_OK"
25899,10146287167,10146287206,1,"IOTHUB_CLIENT_CONFIRMATION_OK"
25900,10146287367,10146287404,1,"IOTHUB_CLIENT_CONFIRMATION_OK"
25901,10146287567,10146287613,1,"IOTHUB_CLIENT_CONFIRMATION_OK"
25902,10146287767,10146287799,1,"IOTHUB_CLIENT_CONFIRMATION_OK"
25903,10146287967,10146288002,1,"IOTHUB_CLIENT_CONFIRMATION_OK"
25904,10146288167,10146288205,1,"IOTHUB_CLIENT_CONFIRMATION_OK"
25905,10146288367,10146288591,1,"IOTHUB_CLIENT_CONFIRMATION_OK"
25906,10146288568,10146288612,1,"IOTHUB_CLIENT_CONFIRMATION_OK"
25907,10146288768,10146288843,1,"IOTHUB_CLIENT_CONFIRMATION_OK"
25908,10146288968,10146289052,1,"IOTHUB_CLIENT_CONFIRMATION_OK"
25909,10146289168,10146289215,1,"IOTHUB_CLIENT_CONFIRMATION_OK"
25910,10146289368,10146289405,1,"IOTHUB_CLIENT_CONFIRMATION_OK"
25911,10146289568,10146289646,1,"IOTHUB_CLIENT_CONFIRMATION_OK"
25912,10146289769,10146289814,1,"IOTHUB_CLIENT_CONFIRMATION_OK"
25913,10146289969,10146290093,1,"IOTHUB_CLIENT_CONFIRMATION_OK"
25914,10146290169,10146290207,1,"IOTHUB_CLIENT_CONFIRMATION_OK"
25915,10146290369,10146290417,1,"IOTHUB_CLIENT_CONFIRMATION_OK"
25916,10146290569,10146290742,1,"IOTHUB_CLIENT_CONFIRMATION_OK"
25917,10146290769,10146290815,1,"IOTHUB_CLIENT_CONFIRMATION_OK"
25918,10146290970,10146291010,1,"IOTHUB_CLIENT_CONFIRMATION_OK"
25919,10146291170,10146291220,1,"IOTHUB_CLIENT_CONFIRMATION_OK"
25920,10146291370,10146291415,1,"IOTHUB_CLIENT_CONFIRMATION_OK"
25921,10146291570,10146291784,1,"IOTHUB_CLIENT_CONFIRMATION_OK"
25922,10146291770,10146291821,1,"IOTHUB_CLIENT_CONFIRMATION_OK"
25923,10146291971,10146292006,1,"IOTHUB_CLIENT_CONFIRMATION_OK"
25924,10146292171,10146292210,1,"IOTHUB_CLIENT_CONFIRMATION_OK"
25925,10146292371,10146292405,1,"IOTHUB_CLIENT_CONFIRMATION_OK"
25926,10146292571,10146292609,1,"IOTHUB_CLIENT_CONFIRMATION_OK"
25927,10146292771,10146292811,1,"IOTHUB_CLIENT_CONFIRMATION_OK"
25928,10146292971,10146293008,1,"IOTHUB_CLIENT_CONFIRMATION_OK"
25929,10146293172,10146293209,1,"IOTHUB_CLIENT_CONFIRMATION_OK"
25930,10146293372,10146293415,1,"IOTHUB_CLIENT_CONFIRMATION_OK"
25931,10146293572,10146293625,1,"IOTHUB_CLIENT_CONFIRMATION_OK"
25932,10146293772,10146293866,1,"IOTHUB_CLIENT_CONFIRMATION_OK"
25933,10146293972,10146294013,1,"IOTHUB_CLIENT_CONFIRMATION_OK"
25934,10146294172,10146294218,1,"IOTHUB_CLIENT_CONFIRMATION_OK"
25935,10146294372,10146294491,1,"IOTHUB_CLIENT_CONFIRMATION_OK"
25936,10146294573,10146294629,1,"IOTHUB_CLIENT_CONFIRMATION_OK"
25937,10146294773,10146294818,1,"IOTHUB_CLIENT_CONFIRMATION_OK"
25938,10146294973,10146295025,1,"IOTHUB_CLIENT_CONFIRMATION_OK"
25939,10146295173,10146295218,1,"IOTHUB_CLIENT_CONFIRMATION_OK"
25940,10146295373,10146295497,1,"IOTHUB_CLIENT_CONFIRMATION_OK"
25941,10146295573,10146295616,1,"IOTHUB_CLIENT_CONFIRMATION_OK"
25942,10146295773,10146295824,1,"IOTHUB_CLIENT_CONFIRMATION_OK"
25943,10146295974,10146296018,1,"IOTHUB_CLIENT_CONFIRMATION_OK"
25944,10146296174,10146296216,1,"IOTHUB_CLIENT_CONFIRMATION_OK"
25945,10146296374,10146296437,1,"IOTHUB_CLIENT_CONFIRMATION_OK"
25946,10146296574,10146296619,1,"IOTHUB_CLIENT_CONFIRMATION_OK"
25947,10146296774,10146296819,1,"IOTHUB_CLIENT_CONFIRMATION_OK"
25948,10146296974,10146297213,1,"IOTHUB_CLIENT_CONFIRMATION_OK"
25949,10146297175,10146297231,1,"IOTHUB_CLIENT_CONFIRMATION_OK"
25950,10146297375,10146297422,1,"IOTHUB_CLIENT_CONFIRMATION_OK"
25951,10146297575,10146297635,1,"IOTHUB_CLIENT_CONFIRMATION_OK"
25952,10146297775,10146297807,1,"IOTHUB_CLIENT_CONFIRMATION_OK"
25953,10146297975,10146298015,1,"IOTHUB_CLIENT_CONFIRMATION_OK"
25954,10146298175,10146298253,1,"IOTHUB_CLIENT_CONFIRMATION_OK"
25955,10146298376,10146298415,1,"IOTHUB_CLIENT_CONFIRMATION_OK"
25956,10146298576,10146298641,1,"IOTHUB_CLIENT_CONFIRMATION_OK"
25957,10146298776,10146298813,1,"IOTHUB_CLIENT_CONFIRMATION_OK"
25958,10146298976,10146299016,1,"IOTHUB_CLIENT_CONFIRMATION_OK"
25959,10146299176,10146299250,1,"IOTHUB_CLIENT_CONFIRMATION_OK"
25960,10146299376,10146299417,1,"IOTHUB_CLIENT_CONFIRMATION_OK"
25961,10146299576,10146299634,1,"IOTHUB_CLIENT_CONFIRMATION_OK"
25962,10146299777,10146299833,1,"IOTHUB_CLIENT_CONFIRMATION_OK"
25963,10146299977,10146300016,1,"IOTHUB_CLIENT_CONFIRMATION_OK"
25964,10146300177,10146300285,1,"IOTHUB_CLIENT_CONFIRMATION_OK"
25965,10146300377,10146300422,1,"IOTHUB_CLIENT_CONFIRMATION_OK"
25966,10146300577,10146300623,1,"IOTHUB_CLIENT_CONFIRMATION_OK"
25967,10146300777,10146300933,1,"IOTHUB_CLIENT_CONFIRMATION_OK"
25968,10146300977,10146301037,1,"IOTHUB_CLIENT_CONFIRMATION_OK"
25969,10146301178,10146301247,1,"IOTHUB_CLIENT_CONFIRMATION_OK"
25970,10146301378,10146301426,1,"IOTHUB_CLIENT_CONFIRMATION_OK"
25971,10146301578,10146301621,1,"IOTHUB_CLIENT_CONFIRMATION_OK"
25972,10146301778,10146301828,1,"IOTHUB_CLIENT_CONFIRMATION_OK"
25973,10146301978,10146302012,1,"IOTHUB_CLIENT_CONFIRMATION_OK"
25974,10146302178,10146302214,1,"IOTHUB_CLIENT_CONFIRMATION_OK"
25975,10146302379,10146302452,1,"IOTHUB_CLIENT_CONFIRMATION_OK"
25976,10146302579,10146302620,1,"IOTHUB_CLIENT_CONFIRMATION_OK"
25977,10146302779,10146302852,1,"IOTHUB_CLIENT_CONFIRMATION_OK"
25978,10146302979,10146303014,1,"IOTHUB_CLIENT_CONFIRMATION_OK"
25979,10146303179,10146303215,1,"IOTHUB_CLIENT_CONFIRMATION_OK"
25980,10146303379,10146303474,1,"IOTHUB_CLIENT_CONFIRMATION_OK"
25981,10146303579,10146303627,1,"IOTHUB_CLIENT_CONFIRMATION_OK"
25982,10146303780,10146303817,1,"IOTHUB_CLIENT_CONFIRMATION_OK"
25983,10146303980,10146304088,1,"IOTHUB_CLIENT_CONFIRMATION_OK"
25984,10146304180,10146304221,1,"IOTHUB_CLIENT_CONFIRMATION_OK"
25985,10146304380,10146304428,1,"IOTHUB_CLIENT_CONFIRMATION_OK"
25986,10146304580,10146304621,1,"IOTHUB_CLIENT_CONFIRMATION_OK"
25987,10146304780,10146304818,1,"IOTHUB_CLIENT_CONFIRMATION_OK"
25988,10146304980,10146305159,1,"IOTHUB_CLIENT_CONFIRMATION_OK"
25989,10146305181,10146305340,1,"IOTHUB_CLIENT_CONFIRMATION_OK"
25990,10146305381,10146305414,1,"IOTHUB_CLIENT_CONFIRMATION_OK"
25991,10146305581,10146305628,1,"IOTHUB_CLIENT_CONFIRMATION_OK"
25992,10146305781,10146305826,1,"IOTHUB_CLIENT_CONFIRMATION_OK"
25993,10146305981,10146306029,1,"IOTHUB_CLIENT_CONFIRMATION_OK"
25994,10146306181,10146306234,1,"IOTHUB_CLIENT_CONFIRMATION_OK"
25995,10146306382,10146306420,1,"IOTHUB_CLIENT_CONFIRMATION_OK"
25996,10146306582,10146306627,1,"IOTHUB_CLIENT_CONFIRMATION_OK"
25997,10146306782,10146306823,1,"IOTHUB_CLIENT_CONFIRMATION_OK"
25998,10146306982,10146307019,1,"IOTHUB_CLIENT_CONFIRMATION_OK"
25999,10146307182,10146307344,1,"IOTHUB_CLIENT_CONFIRMATION_OK"
26000,10146307382,10146307422,1,"IOTHUB_CLIENT_CONFIRMATION_OK"
26001,10146307583,10146307621,1,"IOTHUB_CLIENT_CONFIRMATION_OK"
26002,10146307783,10146307821,1,"IOTHUB_CLIENT_CONFIRMATION_OK"
26003,10146307983,10146308043,1,"IOTHUB_CLIENT_CONFIRMATION_OK"
26004,10146308183,10146308225,1,"IOTHUB_CLIENT_CONFIRMATION_OK"
26005,10146308383,10146308428,1,"IOTHUB_CLIENT_CONFIRMATION_OK"
26006,10146308583,10146308622,1,"IOTHUB_CLIENT_CONFIRMATION_OK"
26007,10146308784,10146308841,1,"IOTHUB_CLIENT_CONFIRMATION_OK"
26008,10146308984,10146309026,1,"IOTHUB_CLIENT_CONFIRMATION_OK"
26009,10146309184,10146309236,1,"IOTHUB_CLIENT_CONFIRMATION_OK"
26010,10146309384,10146309427,1,"IOTHUB_CLIENT_CONFIRMATION_OK"
26011,10146309584,10146309630,1,"IOTHUB_CLIENT_CONFIRMATION_OK"
26012,10146309784,10146309820,1,"IOTHUB_CLIENT_CONFIRMATION_OK"
26013,10146309985,10146310024,1,"IOTHUB_CLIENT_CONFIRMATION_OK"
26014,10146310185,10146310235,1,"IOTHUB_CLIENT_CONFIRMATION_OK"
26015,10146310385,10146310471,1,"IOTHUB_CLIENT_CONFIRMATION_OK"
26016,10146310585,10146310625,1,"IOTHUB_CLIENT_CONFIRMATION_OK"
26017,10146310785,10146310826,1,"IOTHUB_CLIENT_CONFIRMATION_OK"
26018,10146310985,10146311111,1,"IOTHUB_CLIENT_CONFIRMATION_OK"
26019,10146311185,10146311229,1,"IOTHUB_CLIENT_CONFIRMATION_OK"
26020,10146311386,10146311443,1,"IOTHUB_CLIENT_CONFIRMATION_OK"
26021,10146311586,10146311626,1,"IOTHUB_CLIENT_CONFIRMATION_OK"
26022,10146311786,10146311824,1,"IOTHUB_CLIENT_CONFIRMATION_OK"
26023,10146311986,10146312143,1,"IOTHUB_CLIENT_CONFIRMATION_OK"
26024,10146312186,10146312248,1,"IOTHUB_CLIENT_CONFIRMATION_OK"
26025,10146312386,10146312427,1,"IOTHUB_CLIENT_CONFIRMATION_OK"
26026,10146312587,10146312624,1,"IOTHUB_CLIENT_CONFIRMATION_OK"
26027,10146312787,10146312826,1,"IOTHUB_CLIENT_CONFIRMATION_OK"
26028,10146312987,10146313027,1,"IOTHUB_CLIENT_CONFIRMATION_OK"
26029,10146313187,10146313223,1,"IOTHUB_CLIENT_CONFIRMATION_OK"
26030,10146313387,10146313427,1,"IOTHUB_CLIENT_CONFIRMATION_OK"
26031,10146313587,10146313931,1,"IOTHUB_CLIENT_CONFIRMATION_OK"
26032,10146313787,10146314012,1,"IOTHUB_CLIENT_CONFIRMATION_OK"
26033,10146313988,10146314032,1,"IOTHUB_CLIENT_CONFIRMATION_OK"
26034,10146314188,10146314315,1,"IOTHUB_CLIENT_CONFIRMATION_OK"
26035,10146314388,10146314425,1,"IOTHUB_CLIENT_CONFIRMATION_OK"
26036,10146314588,10146314621,1,"IOTHUB_CLIENT_CONFIRMATION_OK"
26037,10146314788,10146314822,1,"IOTHUB_CLIENT_CONFIRMATION_OK"
26038,10146314988,10146315028,1,"IOTHUB_CLIENT_CONFIRMATION_OK"
26039,10146315189,10146315314,1,"IOTHUB_CLIENT_CONFIRMATION_OK"
26040,10146315389,10146315426,1,"IOTHUB_CLIENT_CONFIRMATION_OK"
26041,10146315589,10146315630,1,"IOTHUB_CLIENT_CONFIRMATION_OK"
26042,10146315789,10146315826,1,"IOTHUB_CLIENT_CONFIRMATION_OK"
26043,10146315989,10146316032,1,"IOTHUB_CLIENT_CONFIRMATION_OK"
26044,10146316189,10146316230,1,"IOTHUB_CLIENT_CONFIRMATION_OK"
26045,10146316389,10146316427,1,"IOTHUB_CLIENT_CONFIRMATION_OK"
26046,10146316590,10146316627,1,"IOTHUB_CLIENT_CONFIRMATION_OK"
26047,10146316790,10146317006,1,"IOTHUB_CLIENT_CONFIRMATION_OK"
26048,10146316990,10146317027,1,"IOTHUB_CLIENT_CONFIRMATION_OK"
26049,10146317190,10146317230,1,"IOTHUB_CLIENT_CONFIRMATION_OK"
26050,10146317390,10146317436,1,"IOTHUB_CLIENT_CONFIRMATION_OK"
26051,10146317590,10146317630,1,"IOTHUB_CLIENT_CONFIRMATION_OK"
26052,10146317791,10146317828,1,"IOTHUB_CLIENT_CONFIRMATION_OK"
26053,10146317991,10146318065,1,"IOTHUB_CLIENT_CONFIRMATION_OK"
26054,10146318191,10146318236,1,"IOTHUB_CLIENT_CONFIRMATION_OK"
26055,10146318391,10146318460,1,"IOTHUB_CLIENT_CONFIRMATION_OK"
26056,10146318591,10146318655,1,"IOTHUB_CLIENT_CONFIRMATION_OK"
26057,10146318791,10146318831,1,"IOTHUB_CLIENT_CONFIRMATION_OK"
26058,10146318991,10146319092,1,"IOTHUB_CLIENT_CONFIRMATION_OK"
26059,10146319192,10146319235,1,"IOTHUB_CLIENT_CONFIRMATION_OK"
26060,10146319392,10146319425,1,"IOTHUB_CLIENT_CONFIRMATION_OK"
26061,10146319592,10146319673,1,"IOTHUB_CLIENT_CONFIRMATION_OK"
26062,10146319792,10146319826,1,"IOTHUB_CLIENT_CONFIRMATION_OK"
26063,10146319992,10146320134,1,"IOTHUB_CLIENT_CONFIRMATION_OK"
26064,10146320192,10146320228,1,"IOTHUB_CLIENT_CONFIRMATION_OK"
26065,10146320393,10146320430,1,"IOTHUB_CLIENT_CONFIRMATION_OK"
26066,10146320593,10146320754,1,"IOTHUB_CLIENT_CONFIRMATION_OK"
26067,10146320793,10146320831,1,"IOTHUB_CLIENT_CONFIRMATION_OK"
26068,10146320993,10146321028,1,"IOTHUB_CLIENT_CONFIRMATION_OK"
26069,10146321193,10146321236,1,"IOTHUB_CLIENT_CONFIRMATION_OK"
26070,10146321394,10146321432,1,"IOTHUB_CLIENT_CONFIRMATION_OK"
26071,10146321594,10146321757,1,"IOTHUB_CLIENT_CONFIRMATION_OK"
26072,10146321794,10146321833,1,"IOTHUB_CLIENT_CONFIRMATION_OK"
26073,10146321994,10146322028,1,"IOTHUB_CLIENT_CONFIRMATION_OK"
26074,10146322194,10146322235,1,"IOTHUB_CLIENT_CONFIRMATION_OK"
26075,10146322394,10146322446,1,"IOTHUB_CLIENT_CONFIRMATION_OK"
26076,10146322595,10146322634,1,"IOTHUB_CLIENT_CONFIRMATION_OK"
26077,10146322795,10146322830,1,"IOTHUB_CLIENT_CONFIRMATION_OK"
26078,10146322995,10146323038,1,"IOTHUB_CLIENT_CONFIRMATION_OK"
26079,10146323195,10146323232,1,"IOTHUB_CLIENT_CONFIRMATION_OK"
26080,10146323395,10146323438,1,"IOTHUB_CLIENT_CONFIRMATION_OK"
26081,10146323595,10146323651,1,"IOTHUB_CLIENT_CONFIRMATION_OK"
26082,10146323796,10146323831,1,"IOTHUB_CLIENT_CONFIRMATION_OK"
26083,10146323996,10146324045,1,"IOTHUB_CLIENT_CONFIRMATION_OK"
26084,10146324196,10146324236,1,"IOTHUB_CLIENT_CONFIRMATION_OK"
26085,10146324396,10146324439,1,"IOTHUB_CLIENT_CONFIRMATION_OK"
26086,10146324596,10146324759,1,"IOTHUB_CLIENT_CONFIRMATION_OK"
26087,10146324796,10146324833,1,"IOTHUB_CLIENT_CONFIRMATION_OK"
26088,10146324997,10146325107,1,"IOTHUB_CLIENT_CONFIRMATION_OK"
26089,10146325197,10146325228,1,"IOTHUB_CLIENT_CONFIRMATION_OK"
26090,10146325397,10146325471,1,"IOTHUB_CLIENT_CONFIRMATION_OK"
26091,10146325597,10146325637,1,"IOTHUB_CLIENT_CONFIRMATION_OK"
26092,10146325797,10146325835,1,"IOTHUB_CLIENT_CONFIRMATION_OK"
26093,10146325997,10146326093,1,"IOTHUB_CLIENT_CONFIRMATION_OK"
26094,10146326197,10146326238,1,"IOTHUB_CLIENT_CONFIRMATION_OK"
26095,10146326398,10146326440,1,"IOTHUB_CLIENT_CONFIRMATION_OK"
26096,10146326598,10146326647,1,"IOTHUB_CLIENT_CONFIRMATION_OK"
26097,10146326798,10146326840,1,"IOTHUB_CLIENT_CONFIRMATION_OK"
26098,10146326998,10146327120,1,"IOTHUB_CLIENT_CONFIRMATION_OK"
26099,10146327198,10146327233,1,"IOTHUB_CLIENT_CONFIRMATION_OK"
26100,10146327398,10146327435,1,"IOTHUB_CLIENT_CONFIRMATION_OK"
26101,10146327599,10146327636,1,"IOTHUB_CLIENT_CONFIRMATION_OK"
26102,10146327799,10146327836,1,"IOTHUB_CLIENT_CONFIRMATION_OK"
26103,10146327999,10146328033,1,"IOTHUB_CLIENT_CONFIRMATION_OK"
26104,10146328199,10146328260,1,"IOTHUB_CLIENT_CONFIRMATION_OK"
26105,10146328399,10146328443,1,"IOTHUB_CLIENT_CONFIRMATION_OK"
26106,10146328599,10146328793,1,"IOTHUB_CLIENT_CONFIRMATION_OK"
26107,10146328799,10146328836,1,"IOTHUB_CLIENT_CONFIRMATION_OK"
26108,10146329000,10146329039,1,"IOTHUB_CLIENT_CONFIRMATION_OK"
26109,10146329200,10146329239,1,"IOTHUB_CLIENT_CONFIRMATION_OK"
26110,10146329400,10146329463,1,"IOTHUB_CLIENT_CONFIRMATION_OK"
26111,10146329600,10146329640,1,"IOTHUB_CLIENT_CONFIRMATION_OK"
26112,10146329800,10146329937,1,"IOTHUB_CLIENT_CONFIRMATION_OK"
26113,10146330001,10146330035,1,"IOTHUB_CLIENT_CONFIRMATION_OK"
26114,10146330201,10146330240,1,"IOTHUB_CLIENT_CONFIRMATION_OK"
26115,10146330401,10146330442,1,"IOTHUB_CLIENT_CONFIRMATION_OK"
26116,10146330601,10146330646,1,"IOTHUB_CLIENT_CONFIRMATION_OK"
26117,10146330801,10146330869,1,"IOTHUB_CLIENT_CONFIRMATION_OK"
26118,10146331001,10146331051,1,"IOTHUB_CLIENT_CONFIRMATION_OK"
26119,10146331201,10146331241,1,"IOTHUB_CLIENT_CONFIRMATION_OK"
26120,10146331402,10146331436,1,"IOTHUB_CLIENT_CONFIRMATION_OK"
26121,10146331602,10146331642,1,"IOTHUB_CLIENT_CONFIRMATION_OK"
26122,10146331802,10146331959,1,"IOTHUB_CLIENT_CONFIRMATION_OK"
26123,10146332002,10146332045,1,"IOTHUB_CLIENT_CONFIRMATION_OK"
26124,10146332202,10146332238,1,"IOTHUB_CLIENT_CONFIRMATION_OK"
26125,10146332402,10146332566,1,"IOTHUB_CLIENT_CONFIRMATION_OK"
26126,10146332602,10146332645,1,"IOTHUB_CLIENT_CONFIRMATION_OK"
26127,10146332803,10146332839,1,"IOTHUB_CLIENT_CONFIRMATION_OK"
26128,10146333003,10146333039,1,"IOTHUB_CLIENT_CONFIRMATION_OK"
26129,10146333203,10146333256,1,"IOTHUB_CLIENT_CONFIRMATION_OK"
26130,10146333403,10146333566,1,"IOTHUB_CLIENT_CONFIRMATION_OK"
26131,10146333603,10146333644,1,"IOTHUB_CLIENT_CONFIRMATION_OK"
26132,10146333803,10146333840,1,"IOTHUB_CLIENT_CONFIRMATION_OK"
26133,10146334003,10146334037,1,"IOTHUB_CLIENT_CONFIRMATION_OK"
26134,10146334204,10146334238,1,"IOTHUB_CLIENT_CONFIRMATION_OK"
26135,10146334404,10146334446,1,"IOTHUB_CLIENT_CONFIRMATION_OK"
26136,10146334604,10146334718,1,"IOTHUB_CLIENT_CONFIRMATION_OK"
26137,10146334804,10146334843,1,"IOTHUB_CLIENT_CONFIRMATION_OK"
26138,10146335004,10146335201,1,"IOTHUB_CLIENT_CONFIRMATION_OK"
26139,10146335204,10146335251,1,"IOTHUB_CLIENT_CONFIRMATION_OK"
26140,10146335405,10146335441,1,"IOTHUB_CLIENT_CONFIRMATION_OK"
26141,10146335605,10146335640,1,"IOTHUB_CLIENT_CONFIRMATION_OK"
26142,10146335805,10146335840,1,"IOTHUB_CLIENT_CONFIRMATION_OK"
26143,10146336005,10146336047,1,"IOTHUB_CLIENT_CONFIRMATION_OK"
26144,10146336205,10146336272,1,"IOTHUB_CLIENT_CONFIRMATION_OK"
26145,10146336406,10146336440,1,"IOTHUB_CLIENT_CONFIRMATION_OK"
26146,10146336606,10146336663,1,"IOTHUB_CLIENT_CONFIRMATION_OK"
26147,10146336806,10146336846,1,"IOTHUB_CLIENT_CONFIRMATION_OK"
26148,10146337006,10146337043,1,"IOTHUB_CLIENT_CONFIRMATION_OK"
26149,10146337206,10146337282,1,"IOTHUB_CLIENT_CONFIRMATION_OK"
26150,10146337407,10146337446,1,"IOTHUB_CLIENT_CONFIRMATION_OK"
26151,10146337607,10146337647,1,"IOTHUB_CLIENT_CONFIRMATION_OK"
26152,10146337807,10146337918,1,"IOTHUB_CLIENT_CONFIRMATION_OK"
26153,10146338007,10146338043,1,"IOTHUB_CLIENT_CONFIRMATION_OK"
26154,10146338207,10146338251,1,"IOTHUB_CLIENT_CONFIRMATION_OK"
26155,10146338407,10146338440,1,"IOTHUB_CLIENT_CONFIRMATION_OK"
26156,10146338607,10146338646,1,"IOTHUB_CLIENT_CONFIRMATION_OK"
26157,10146338808,10146338930,1,"IOTHUB_CLIENT_CONFIRMATION_OK"
26158,10146339008,10146339045,1,"IOTHUB_CLIENT_CONFIRMATION_OK"
26159,10146339208,10146339342,1,"IOTHUB_CLIENT_CONFIRMATION_OK"
26160,10146339408,10146339446,1,"IOTHUB_CLIENT_CONFIRMATION_OK"
26161,10146339608,10146339649,1,"IOTHUB_CLIENT_CONFIRMATION_OK"
26162,10146339808,10146339850,1,"IOTHUB_CLIENT_CONFIRMATION_OK"
26163,10146340009,10146340049,1,"IOTHUB_CLIENT_CONFIRMATION_OK"
26164,10146340209,10146340242,1,"IOTHUB_CLIENT_CONFIRMATION_OK"
26165,10146340409,10146340575,1,"IOTHUB_CLIENT_CONFIRMATION_OK"
26166,10146340609,10146340643,1,"IOTHUB_CLIENT_CONFIRMATION_OK"
26167,10146340809,10146340847,1,"IOTHUB_CLIENT_CONFIRMATION_OK"
26168,10146341009,10146341065,1,"IOTHUB_CLIENT_CONFIRMATION_OK"
26169,10146341210,10146341248,1,"IOTHUB_CLIENT_CONFIRMATION_OK"
26170,10146341410,10146341459,1,"IOTHUB_CLIENT_CONFIRMATION_OK"
26171,10146341610,10146341646,1,"IOTHUB_CLIENT_CONFIRMATION_OK"
26172,10146341810,10146341844,1,"IOTHUB_CLIENT_CONFIRMATION_OK"
26173,10146342010,10146342045,1,"IOTHUB_CLIENT_CONFIRMATION_OK"
26174,10146342210,10146342246,1,"IOTHUB_CLIENT_CONFIRMATION_OK"
26175,10146342410,10146342453,1,"IOTHUB_CLIENT_CONFIRMATION_OK"
26176,10146342611,10146342665,1,"IOTHUB_CLIENT_CONFIRMATION_OK"
26177,10146342811,10146342847,1,"IOTHUB_CLIENT_CONFIRMATION_OK"
26178,10146343011,10146343045,1,"IOTHUB_CLIENT_CONFIRMATION_OK"
26179,10146343211,10146343285,1,"IOTHUB_CLIENT_CONFIRMATION_OK"
26180,10146343411,10146343452,1,"IOTHUB_CLIENT_CONFIRMATION_OK"
26181,10146343611,10146343684,1,"IOTHUB_CLIENT_CONFIRMATION_OK"
26182,10146343812,10146343849,1,"IOTHUB_CLIENT_CONFIRMATION_OK"
26183,10146344012,10146344072,1,"IOTHUB_CLIENT_CONFIRMATION_OK"
26184,10146344212,10146344298,1,"IOTHUB_CLIENT_CONFIRMATION_OK"
26185,10146344412,10146344469,1,"IOTHUB_CLIENT_CONFIRMATION_OK"
26186,10146344612,10146344659,1,"IOTHUB_CLIENT_CONFIRMATION_OK"
26187,10146344812,10146344852,1,"IOTHUB_CLIENT_CONFIRMATION_OK"
26188,10146345013,10146345054,1,"IOTHUB_CLIENT_CONFIRMATION_OK"
26189,10146345213,10146345401,1,"IOTHUB_CLIENT_CONFIRMATION_OK"
26190,10146345413,10146345471,1,"IOTHUB_CLIENT_CONFIRMATION_OK"
26191,10146345613,10146345650,1,"IOTHUB_CLIENT_CONFIRMATION_OK"
26192,10146345813,10146345865,1,"IOTHUB_CLIENT_CONFIRMATION_OK"
26193,10146346013,10146346050,1,"IOTHUB_CLIENT_CONFIRMATION_OK"
26194,10146346214,10146346251,1,"IOTHUB_CLIENT_CONFIRMATION_OK"
26195,10146346414,10146346476,1,"IOTHUB_CLIENT_CONFIRMATION_OK"
26196,10146346614,10146346650,1,"IOTHUB_CLIENT_CONFIRMATION_OK"
26197,10146346814,10146346895,1,"IOTHUB_CLIENT_CONFIRMATION_OK"
26198,10146347014,10146347059,1,"IOTHUB_CLIENT_CONFIRMATION_OK"
26199,10146347215,10146347258,1,"IOTHUB_CLIENT_CONFIRMATION_OK"
26200,10146347415,10146347504,1,"IOTHUB_CLIENT_CONFIRMATION_OK"
26201,10146347615,10146347652,1,"IOTHUB_CLIENT_CONFIRMATION_OK"
26202,10146347815,10146347852,1,"IOTHUB_CLIENT_CONFIRMATION_OK"
26203,10146348015,10146348057,1,"IOTHUB_CLIENT_CONFIRMATION_OK"
26204,10146348215,10146348248,1,"IOTHUB_CLIENT_CONFIRMATION_OK"
26205,10146348415,10146348559,1,"IOTHUB_CLIENT_CONFIRMATION_OK"
26206,10146348616,10146348655,1,"IOTHUB_CLIENT_CONFIRMATION_OK"
26207,10146348816,10146348855,1,"IOTHUB_CLIENT_CONFIRMATION_OK"
26208,10146349016,10146349055,1,"IOTHUB_CLIENT_CONFIRMATION_OK"
26209,10146349216,10146349255,1,"IOTHUB_CLIENT_CONFIRMATION_OK"
26210,10146349416,10146349457,1,"IOTHUB_CLIENT_CONFIRMATION_OK"
26211,10146349616,10146349669,1,"IOTHUB_CLIENT_CONFIRMATION_OK"
26212,10146349816,10146349851,1,"IOTHUB_CLIENT_CONFIRMATION_OK"
26213,10146350017,10146350063,1,"IOTHUB_CLIENT_CONFIRMATION_OK"
26214,10146350217,10146350258,1,"IOTHUB_CLIENT_CONFIRMATION_OK"
26215,10146350417,10146350452,1,"IOTHUB_CLIENT_CONFIRMATION_OK"
26216,10146350617,10146350693,1,"IOTHUB_CLIENT_CONFIRMATION_OK"
26217,10146350817,10146350874,1,"IOTHUB_CLIENT_CONFIRMATION_OK"
26218,10146351018,10146351075,1,"IOTHUB_CLIENT_CONFIRMATION_OK"
26219,10146351218,10146351322,1,"IOTHUB_CLIENT_CONFIRMATION_OK"
26220,10146351418,10146351454,1,"IOTHUB_CLIENT_CONFIRMATION_OK"
26221,10146351618,10146351721,1,"IOTHUB_CLIENT_CONFIRMATION_OK"
26222,10146351818,10146351860,1,"IOTHUB_CLIENT_CONFIRMATION_OK"
26223,10146352018,10146352064,1,"IOTHUB_CLIENT_CONFIRMATION_OK"
26224,10146352218,10146352351,1,"IOTHUB_CLIENT_CONFIRMATION_OK"
26225,10146352419,10146352466,1,"IOTHUB_CLIENT_CONFIRMATION_OK"
26226,10146352619,10146352666,1,"IOTHUB_CLIENT_CONFIRMATION_OK"
26227,10146352819,10146352895,1,"IOTHUB_CLIENT_CONFIRMATION_OK"
26228,10146353019,10146353059,1,"IOTHUB_CLIENT_CONFIRMATION_OK"
26229,10146353219,10146353255,1,"IOTHUB_CLIENT_CONFIRMATION_OK"
26230,10146353419,10146353463,1,"IOTHUB_CLIENT_CONFIRMATION_OK"
26231,10146353619,10146353657,1,"IOTHUB_CLIENT_CONFIRMATION_OK"
26232,10146353820,10146353853,1,"IOTHUB_CLIENT_CONFIRMATION_OK"
26233,10146354020,10146354060,1,"IOTHUB_CLIENT_CONFIRMATION_OK"
26234,10146354220,10146354259,1,"IOTHUB_CLIENT_CONFIRMATION_OK"
26235,10146354420,10146354461,1,"IOTHUB_CLIENT_CONFIRMATION_OK"
26236,10146354620,10146354675,1,"IOTHUB_CLIENT_CONFIRMATION_OK"
26237,10146354820,10146354881,1,"IOTHUB_CLIENT_CONFIRMATION_OK"
26238,10146355021,10146355524,1,"IOTHUB_CLIENT_CONFIRMATION_OK"
26239,10146355221,10146355686,1,"IOTHUB_CLIENT_CONFIRMATION_OK"
26240,10146355421,10146355719,1,"IOTHUB_CLIENT_CONFIRMATION_OK"
26241,10146355621,10146355749,1,"IOTHUB_CLIENT_CONFIRMATION_OK"
26242,10146355821,10146355860,1,"IOTHUB_CLIENT_CONFIRMATION_OK"
26243,10146356021,10146356068,1,"IOTHUB_CLIENT_CONFIRMATION_OK"
26244,10146356222,10146356259,1,"IOTHUB_CLIENT_CONFIRMATION_OK"
26245,10146356422,10146356456,1,"IOTHUB_CLIENT_CONFIRMATION_OK"
26246,10146356622,10146356662,1,"IOTHUB_CLIENT_CONFIRMATION_OK"
26247,10146356822,10146356879,1,"IOTHUB_CLIENT_CONFIRMATION_OK"
26248,10146357022,10146357117,1,"IOTHUB_CLIENT_CONFIRMATION_OK"
26249,10146357222,10146357264,1,"IOTHUB_CLIENT_CONFIRMATION_OK"
26250,10146357422,10146357472,1,"IOTHUB_CLIENT_CONFIRMATION_OK"
26251,10146357623,10146357732,1,"IOTHUB_CLIENT_CONFIRMATION_OK"
26252,10146357823,10146357862,1,"IOTHUB_CLIENT_CONFIRMATION_OK"
26253,10146358023,10146358067,1,"IOTHUB_CLIENT_CONFIRMATION_OK"
26254,10146358223,10146358256,1,"IOTHUB_CLIENT_CONFIRMATION_OK"
26255,10146358423,10146358463,1,"IOTHUB_CLIENT_CONFIRMATION_OK"
26256,10146358623,10146358740,1,"IOTHUB_CLIENT_CONFIRMATION_OK"
26257,10146358824,10146358872,1,"IOTHUB_CLIENT_CONFIRMATION_OK"
26258,10146359024,10146359098,1,"IOTHUB_CLIENT_CONFIRMATION_OK"
26259,10146359224,10146359354,1,"IOTHUB_CLIENT_CONFIRMATION_OK"
26260,10146359424,10146359460,1,"IOTHUB_CLIENT_CONFIRMATION_OK"
26261,10146359624,10146359663,1,"IOTHUB_CLIENT_CONFIRMATION_OK"
26262,10146359824,10146359866,1,"IOTHUB_CLIENT_CONFIRMATION_OK"
26263,10146360025,10146360073,1,"IOTHUB_CLIENT_CONFIRMATION_OK"
26264,10146360225,10146360382,1,"IOTHUB_CLIENT_CONFIRMATION_OK"
26265,10146360425,10146360475,1,"IOTHUB_CLIENT_CONFIRMATION_OK"
26266,10146360625,10146360659,1,"IOTHUB_CLIENT_CONFIRMATION_OK"
26267,10146360825,10146360864,1,"IOTHUB_CLIENT_CONFIRMATION_OK"
26268,10146361025,10146361061,1,"IOTHUB_CLIENT_CONFIRMATION_OK"
26269,10146361226,10146361263,1,"IOTHUB_CLIENT_CONFIRMATION_OK"
26270,10146361426,10146361461,1,"IOTHUB_CLIENT_CONFIRMATION_OK"
26271,10146361626,10146361665,1,"IOTHUB_CLIENT_CONFIRMATION_OK"
26272,10146361826,10146362004,1,"IOTHUB_CLIENT_CONFIRMATION_OK"
26273,10146362026,10146362071,1,"IOTHUB_CLIENT_CONFIRMATION_OK"
26274,10146362226,10146362265,1,"IOTHUB_CLIENT_CONFIRMATION_OK"
26275,10146362426,10146362461,1,"IOTHUB_CLIENT_CONFIRMATION_OK"
26276,10146362627,10146362670,1,"IOTHUB_CLIENT_CONFIRMATION_OK"
26277,10146362827,10146362869,1,"IOTHUB_CLIENT_CONFIRMATION_OK"
26278,10146363027,10146363069,1,"IOTHUB_CLIENT_CONFIRMATION_OK"
26279,10146363227,10146363267,1,"IOTHUB_CLIENT_CONFIRMATION_OK"
26280,10146363427,10146363657,1,"IOTHUB_CLIENT_CONFIRMATION_OK"
26281,10146363627,10146363677,1,"IOTHUB_CLIENT_CONFIRMATION_OK"
26282,10146363828,10146363864,1,"IOTHUB_CLIENT_CONFIRMATION_OK"
26283,10146364028,10146364075,1,"IOTHUB_CLIENT_CONFIRMATION_OK"
26284,10146364228,10146364265,1,"IOTHUB_CLIENT_CONFIRMATION_OK"
26285,10146364428,10146364476,1,"IOTHUB_CLIENT_CONFIRMATION_OK"
26286,10146364628,10146364740,1,"IOTHUB_CLIENT_CONFIRMATION_OK"
26287,10146364828,10146364869,1,"IOTHUB_CLIENT_CONFIRMATION_OK"
26288,10146365029,10146365130,1,"IOTHUB_CLIENT_CONFIRMATION_OK"
26289,10146365229,10146365265,1,"IOTHUB_CLIENT_CONFIRMATION_OK"
26290,10146365429,10146365473,1,"IOTHUB_CLIENT_CONFIRMATION_OK"
26291,10146365629,10146365764,1,"IOTHUB_CLIENT_CONFIRMATION_OK"
26292,10146365829,10146365865,1,"IOTHUB_CLIENT_CONFIRMATION_OK"
26293,10146366029,10146366064,1,"IOTHUB_CLIENT_CONFIRMATION_OK"
26294,10146366229,10146366281,1,"IOTHUB_CLIENT_CONFIRMATION_OK"
26295,10146366430,10146366468,1,"IOTHUB_CLIENT_CONFIRMATION_OK"
26296,10146366630,10146366785,1,"IOTHUB_CLIENT_CONFIRMATION_OK"
26297,10146366830,10146366874,1,"IOTHUB_CLIENT_CONFIRMATION_OK"
26298,10146367030,10146367067,1,"IOTHUB_CLIENT_CONFIRMATION_OK"
26299,10146367230,10146367421,1,"IOTHUB_CLIENT_CONFIRMATION_OK"
26300,10146367430,10146367465,1,"IOTHUB_CLIENT_CONFIRMATION_OK"
26301,10146367630,10146367673,1,"IOTHUB_CLIENT_CONFIRMATION_OK"
26302,10146367831,10146367866,1,"IOTHUB_CLIENT_CONFIRMATION_OK"
26303,10146368031,10146368077,1,"IOTHUB_CLIENT_CONFIRMATION_OK"
26304,10146368231,10146368277,1,"IOTHUB_CLIENT_CONFIRMATION_OK"
26305,10146368431,10146368471,1,"IOTHUB_CLIENT_CONFIRMATION_OK"
26306,10146368631,10146368771,1,"IOTHUB_CLIENT_CONFIRMATION_OK"
26307,10146368831,10146368976,1,"IOTHUB_CLIENT_CONFIRMATION_OK"
26308,10146369031,10146369071,1,"IOTHUB_CLIENT_CONFIRMATION_OK"
26309,10146369232,10146369271,1,"IOTHUB_CLIENT_CONFIRMATION_OK"
26310,10146369432,10146369469,1,"IOTHUB_CLIENT_CONFIRMATION_OK"
26311,10146369632,10146369669,1,"IOTHUB_CLIENT_CONFIRMATION_OK"
26312,10146369832,10146369869,1,"IOTHUB_CLIENT_CONFIRMATION_OK"
26313,10146370032,10146370076,1,"IOTHUB_CLIENT_CONFIRMATION_OK"
26314,10146370232,10146370270,1,"IOTHUB_CLIENT_CONFIRMATION_OK"
26315,10146370433,10146370479,1,"IOTHUB_CLIENT_CONFIRMATION_OK"
26316,10146370633,10146370666,1,"IOTHUB_CLIENT_CONFIRMATION_OK"
26317,10146370833,10146370879,1,"IOTHUB_CLIENT_CONFIRMATION_OK"
26318,10146371033,10146371068,1,"IOTHUB_CLIENT_CONFIRMATION_OK"
26319,10146371233,10146371267,1,"IOTHUB_CLIENT_CONFIRMATION_OK"
26320,10146371433,10146371470,1,"IOTHUB_CLIENT_CONFIRMATION_OK"
26321,10146371634,10146371677,1,"IOTHUB_CLIENT_CONFIRMATION_OK"
26322,10146371834,10146371873,1,"IOTHUB_CLIENT_CONFIRMATION_OK"
26323,10146372034,10146372087,1,"IOTHUB_CLIENT_CONFIRMATION_OK"
26324,10146372234,10146372276,1,"IOTHUB_CLIENT_CONFIRMATION_OK"
26325,10146372434,10146372470,1,"IOTHUB_CLIENT_CONFIRMATION_OK"
26326,10146372635,10146372689,1,"IOTHUB_CLIENT_CONFIRMATION_OK"
26327,10146372835,10146372880,1,"IOTHUB_CLIENT_CONFIRMATION_OK"
26328,10146373035,10146373068,1,"IOTHUB_CLIENT_CONFIRMATION_OK"
26329,10146373235,10146373272,1,"IOTHUB_CLIENT_CONFIRMATION_OK"
26330,10146373435,10146373475,1,"IOTHUB_CLIENT_CONFIRMATION_OK"
26331,10146373635,10146373711,1,"IOTHUB_CLIENT_CONFIRMATION_OK"
26332,10146373835,10146373871,1,"IOTHUB_CLIENT_CONFIRMATION_OK"
26333,10146374036,10146374078,1,"IOTHUB_CLIENT_CONFIRMATION_OK"
26334,10146374236,10146374341,1,"IOTHUB_CLIENT_CONFIRMATION_OK"
26335,10146374436,10146374470,1,"IOTHUB_CLIENT_CONFIRMATION_OK"
26336,10146374636,10146374673,1,"IOTHUB_CLIENT_CONFIRMATION_OK"
26337,10146374836,10146374873,1,"IOTHUB_CLIENT_CONFIRMATION_OK"
26338,10146375036,10146375106,1,"IOTHUB_CLIENT_CONFIRMATION_OK"
26339,10146375237,10146375347,1,"IOTHUB_CLIENT_CONFIRMATION_OK"
26340,10146375437,10146375486,1,"IOTHUB_CLIENT_CONFIRMATION_OK"
26341,10146375637,10146375678,1,"IOTHUB_CLIENT_CONFIRMATION_OK"
26342,10146375837,10146375973,1,"IOTHUB_CLIENT_CONFIRMATION_OK"
26343,10146376037,10146376077,1,"IOTHUB_CLIENT_CONFIRMATION_OK"
26344,10146376237,10146376274,1,"IOTHUB_CLIENT_CONFIRMATION_OK"
26345,10146376437,10146376471,1,"IOTHUB_CLIENT_CONFIRMATION_OK"
26346,10146376638,10146376678,1,"IOTHUB_CLIENT_CONFIRMATION_OK"
26347,10146376838,10146376972,1,"IOTHUB_CLIENT_CONFIRMATION_OK"
26348,10146377038,10146377076,1,"IOTHUB_CLIENT_CONFIRMATION_OK"
26349,10146377238,10146377278,1,"IOTHUB_CLIENT_CONFIRMATION_OK"
26350,10146377438,10146377623,1,"IOTHUB_CLIENT_CONFIRMATION_OK"
26351,10146377638,10146377675,1,"IOTHUB_CLIENT_CONFIRMATION_OK"
26352,10146377838,10146377876,1,"IOTHUB_CLIENT_CONFIRMATION_OK"
26353,10146378039,10146378087,1,"IOTHUB_CLIENT_CONFIRMATION_OK"
26354,10146378239,10146378276,1,"IOTHUB_CLIENT_CONFIRMATION_OK"
26355,10146378439,10146378503,1,"IOTHUB_CLIENT_CONFIRMATION_OK"
26356,10146378639,10146378708,1,"IOTHUB_CLIENT_CONFIRMATION_OK"
26357,10146378839,10146378878,1,"IOTHUB_CLIENT_CONFIRMATION_OK"
26358,10146379039,10146379097,1,"IOTHUB_CLIENT_CONFIRMATION_OK"
26359,10146379240,10146379274,1,"IOTHUB_CLIENT_CONFIRMATION_OK"
26360,10146379440,10146379482,1,"IOTHUB_CLIENT_CONFIRMATION_OK"
26361,10146379640,10146379714,1,"IOTHUB_CLIENT_CONFIRMATION_OK"
26362,10146379840,10146379881,1,"IOTHUB_CLIENT_CONFIRMATION_OK"
26363,10146380040,10146380128,1,"IOTHUB_CLIENT_CONFIRMATION_OK"
26364,10146380240,10146380275,1,"IOTHUB_CLIENT_CONFIRMATION_OK"
26365,10146380441,10146380473,1,"IOTHUB_CLIENT_CONFIRMATION_OK"
26366,10146380641,10146380725,1,"IOTHUB_CLIENT_CONFIRMATION_OK"
26367,10146380841,10146380875,1,"IOTHUB_CLIENT_CONFIRMATION_OK"
26368,10146381041,10146381089,1,"IOTHUB_CLIENT_CONFIRMATION_OK"
26369,10146381241,10146381374,1,"IOTHUB_CLIENT_CONFIRMATION_OK"
26370,10146381441,10146381487,1,"IOTHUB_CLIENT_CONFIRMATION_OK"
26371,10146381641,10146381743,1,"IOTHUB_CLIENT_CONFIRMATION_OK"
26372,10146381842,10146381889,1,"IOTHUB_CLIENT_CONFIRMATION_OK"
26373,10146382042,10146382077,1,"IOTHUB_CLIENT_CONFIRMATION_OK"
26374,10146382242,10146382398,1,"IOTHUB_CLIENT_CONFIRMATION_OK"
26375,10146382442,10146382479,1,"IOTHUB_CLIENT_CONFIRMATION_OK"
26376,10146382642,10146382681,1,"IOTHUB_CLIENT_CONFIRMATION_OK"
26377,10146382842,10146382881,1,"IOTHUB_CLIENT_CONFIRMATION_OK"
26378,10146383043,10146383083,1,"IOTHUB_CLIENT_CONFIRMATION_OK"
26379,10146383243,10146383281,1,"IOTHUB_CLIENT_CONFIRMATION_OK"
26380,10146383443,10146383480,1,"IOTHUB_CLIENT_CONFIRMATION_OK"
26381,10146383643,10146383685,1,"IOTHUB_CLIENT_CONFIRMATION_OK"
26382,10146383843,10146383878,1,"IOTHUB_CLIENT_CONFIRMATION_OK"
26383,10146384043,10146384097,1,"IOTHUB_CLIENT_CONFIRMATION_OK"
26384,10146384243,10146384290,1,"IOTHUB_CLIENT_CONFIRMATION_OK"
26385,10146384444,10146384485,1,"IOTHUB_CLIENT_CONFIRMATION_OK"
26386,10146384644,10146384690,1,"IOTHUB_CLIENT_CONFIRMATION_OK"
26387,10146384844,10146384890,1,"IOTHUB_CLIENT_CONFIRMATION_OK"
26388,10146385044,10146385084,1,"IOTHUB_CLIENT_CONFIRMATION_OK"
26389,10146385244,10146385279,1,"IOTHUB_CLIENT_CONFIRMATION_OK"
26390,10146385444,10146385477,1,"IOTHUB_CLIENT_CONFIRMATION_OK"
26391,10146385644,10146385682,1,"IOTHUB_CLIENT_CONFIRMATION_OK"
26392,10146385845,10146385891,1,"IOTHUB_CLIENT_CONFIRMATION_OK"
26393,10146386045,10146386119,1,"IOTHUB_CLIENT_CONFIRMATION_OK"
26394,10146386245,10146386284,1,"IOTHUB_CLIENT_CONFIRMATION_OK"
26395,10146386446,10146386488,1,"IOTHUB_CLIENT_CONFIRMATION_OK"
26396,10146386646,10146386686,1,"IOTHUB_CLIENT_CONFIRMATION_OK"
26397,10146386846,10146386880,1,"IOTHUB_CLIENT_CONFIRMATION_OK"
26398,10146387046,10146387137,1,"IOTHUB_CLIENT_CONFIRMATION_OK"
26399,10146387246,10146387283,1,"IOTHUB_CLIENT_CONFIRMATION_OK"
26400,10146387446,10146387486,1,"IOTHUB_CLIENT_CONFIRMATION_OK"
26401,10146387646,10146387833,1,"IOTHUB_CLIENT_CONFIRMATION_OK"
26402,10146387847,10146387881,1,"IOTHUB_CLIENT_CONFIRMATION_OK"
26403,10146388047,10146388089,1,"IOTHUB_CLIENT_CONFIRMATION_OK"
26404,10146388247,10146388304,1,"IOTHUB_CLIENT_CONFIRMATION_OK"
26405,10146388447,10146388480,1,"IOTHUB_CLIENT_CONFIRMATION_OK"
26406,10146388647,10146388693,1,"IOTHUB_CLIENT_CONFIRMATION_OK"
26407,10146388847,10146388879,1,"IOTHUB_CLIENT_CONFIRMATION_OK"
26408,10146389048,10146389083,1,"IOTHUB_CLIENT_CONFIRMATION_OK"
26409,10146389248,10146389294,1,"IOTHUB_CLIENT_CONFIRMATION_OK"
26410,10146389448,10146389487,1,"IOTHUB_CLIENT_CONFIRMATION_OK"
26411,10146389648,10146389696,1,"IOTHUB_CLIENT_CONFIRMATION_OK"
26412,10146389848,10146389897,1,"IOTHUB_CLIENT_CONFIRMATION_OK"
26413,10146390048,10146390094,1,"IOTHUB_CLIENT_CONFIRMATION_OK"
26414,10146390248,10146390362,1,"IOTHUB_CLIENT_CONFIRMATION_OK"
26415,10146390449,10146390488,1,"IOTHUB_CLIENT_CONFIRMATION_OK"
26416,10146390649,10146390688,1,"IOTHUB_CLIENT_CONFIRMATION_OK"
26417,10146390849,10146391003,1,"IOTHUB_CLIENT_CONFIRMATION_OK"
26418,10146391049,10146391093,1,"IOTHUB_CLIENT_CONFIRMATION_OK"
26419,10146391249,10146391284,1,"IOTHUB_CLIENT_CONFIRMATION_OK"
26420,10146391449,10146391485,1,"IOTHUB_CLIENT_CONFIRMATION_OK"
26421,10146391650,10146391687,1,"IOTHUB_CLIENT_CONFIRMATION_OK"
26422,10146391850,10146392023,1,"IOTHUB_CLIENT_CONFIRMATION_OK"
26423,10146392050,10146392095,1,"IOTHUB_CLIENT_CONFIRMATION_OK"
26424,10146392250,10146392286,1,"IOTHUB_CLIENT_CONFIRMATION_OK"
26425,10146392450,10146392494,1,"IOTHUB_CLIENT_CONFIRMATION_OK"
26426,10146392650,10146392686,1,"IOTHUB_CLIENT_CONFIRMATION_OK"
26427,10146392850,10146392889,1,"IOTHUB_CLIENT_CONFIRMATION_OK"
26428,10146393051,10146393099,1,"IOTHUB_CLIENT_CONFIRMATION_OK"
26429,10146393251,10146393413,1,"IOTHUB_CLIENT_CONFIRMATION_OK"
26430,10146393451,10146393629,1,"IOTHUB_CLIENT_CONFIRMATION_OK"
26431,10146393651,10146393689,1,"IOTHUB_CLIENT_CONFIRMATION_OK"
26432,10146393851,10146393896,1,"IOTHUB_CLIENT_CONFIRMATION_OK"
26433,10146394051,10146394102,1,"IOTHUB_CLIENT_CONFIRMATION_OK"
26434,10146394252,10146394292,1,"IOTHUB_CLIENT_CONFIRMATION_OK"
26435,10146394452,10146394496,1,"IOTHUB_CLIENT_CONFIRMATION_OK"
26436,10146394652,10146394687,1,"IOTHUB_CLIENT_CONFIRMATION_OK"
26437,10146394852,10146394899,1,"IOTHUB_CLIENT_CONFIRMATION_OK"
26438,10146395052,10146395097,1,"IOTHUB_CLIENT_CONFIRMATION_OK"
26439,10146395252,10146395292,1,"IOTHUB_CLIENT_CONFIRMATION_OK"
26440,10146395452,10146395512,1,"IOTHUB_CLIENT_CONFIRMATION_OK"
26441,10146395653,10146395709,1,"IOTHUB_CLIENT_CONFIRMATION_OK"
26442,10146395853,10146395897,1,"IOTHUB_CLIENT_CONFIRMATION_OK"
26443,10146396053,10146396090,1,"IOTHUB_CLIENT_CONFIRMATION_OK"
26444,10146396253,10146396353,1,"IOTHUB_CLIENT_CONFIRMATION_OK"
26445,10146396453,10146396491,1,"IOTHUB_CLIENT_CONFIRMATION_OK"
26446,10146396654,10146396757,1,"IOTHUB_CLIENT_CONFIRMATION_OK"
26447,10146396854,10146396906,1,"IOTHUB_CLIENT_CONFIRMATION_OK"
26448,10146397054,10146397109,1,"IOTHUB_CLIENT_CONFIRMATION_OK"
26449,10146397254,10146397403,1,"IOTHUB_CLIENT_CONFIRMATION_OK"
26450,10146397454,10146397490,1,"IOTHUB_CLIENT_CONFIRMATION_OK"
26451,10146397654,10146397690,1,"IOTHUB_CLIENT_CONFIRMATION_OK"
26452,10146397854,10146397890,1,"IOTHUB_CLIENT_CONFIRMATION_OK"
26453,10146398055,10146398187,1,"IOTHUB_CLIENT_CONFIRMATION_OK"
26454,10146398255,10146398290,1,"IOTHUB_CLIENT_CONFIRMATION_OK"
26455,10146398455,10146398492,1,"IOTHUB_CLIENT_CONFIRMATION_OK"
26456,10146398655,10146398690,1,"IOTHUB_CLIENT_CONFIRMATION_OK"
26457,10146398855,10146399030,1,"IOTHUB_CLIENT_CONFIRMATION_OK"
26458,10146399055,10146399114,1,"IOTHUB_CLIENT_CONFIRMATION_OK"
26459,10146399255,10146399296,1,"IOTHUB_CLIENT_CONFIRMATION_OK"
26460,10146399456,10146399499,1,"IOTHUB_CLIENT_CONFIRMATION_OK"
26461,10146399656,10146399717,1,"IOTHUB_CLIENT_CONFIRMATION_OK"
26462,10146399856,10146399891,1,"IOTHUB_CLIENT_CONFIRMATION_OK"
26463,10146400056,10146400096,1,"IOTHUB_CLIENT_CONFIRMATION_OK"
26464,10146400256,10146400296,1,"IOTHUB_CLIENT_CONFIRMATION_OK"
26465,10146400456,10146400506,1,"IOTHUB_CLIENT_CONFIRMATION_OK"
26466,10146400657,10146400696,1,"IOTHUB_CLIENT_CONFIRMATION_OK"
26467,10146400857,10146400904,1,"IOTHUB_CLIENT_CONFIRMATION_OK"
26468,10146401057,10146401095,1,"IOTHUB_CLIENT_CONFIRMATION_OK"
26469,10146401257,10146401305,1,"IOTHUB_CLIENT_CONFIRMATION_OK"
26470,10146401457,10146401502,1,"IOTHUB_CLIENT_CONFIRMATION_OK"
26471,10146401657,10146401692,1,"IOTHUB_CLIENT_CONFIRMATION_OK"
26472,10146401857,10146401914,1,"IOTHUB_CLIENT_CONFIRMATION_OK"
26473,10146402057,10146402100,1,"IOTHUB_CLIENT_CONFIRMATION_OK"
26474,10146402258,10146402291,1,"IOTHUB_CLIENT_CONFIRMATION_OK"
26475,10146402458,10146402493,1,"IOTHUB_CLIENT_CONFIRMATION_OK"
26476,10146402658,10146402719,1,"IOTHUB_CLIENT_CONFIRMATION_OK"
26477,10146402858,10146402927,1,"IOTHUB_CLIENT_CONFIRMATION_OK"
26478,10146403058,10146403097,1,"IOTHUB_CLIENT_CONFIRMATION_OK"
26479,10146403258,10146403295,1,"IOTHUB_CLIENT_CONFIRMATION_OK"
26480,10146403459,10146403500,1,"IOTHUB_CLIENT_CONFIRMATION_OK"
26481,10146403659,10146403772,1,"IOTHUB_CLIENT_CONFIRMATION_OK"
26482,10146403859,10146403909,1,"IOTHUB_CLIENT_CONFIRMATION_OK"
26483,10146404059,10146404099,1,"IOTHUB_CLIENT_CONFIRMATION_OK"
26484,10146404259,10146404386,1,"IOTHUB_CLIENT_CONFIRMATION_OK"
26485,10146404459,10146404501,1,"IOTHUB_CLIENT_CONFIRMATION_OK"
26486,10146404660,10146404697,1,"IOTHUB_CLIENT_CONFIRMATION_OK"
26487,10146404860,10146404891,1,"IOTHUB_CLIENT_CONFIRMATION_OK"
26488,10146405060,10146405109,1,"IOTHUB_CLIENT_CONFIRMATION_OK"
26489,10146405260,10146405430,1,"IOTHUB_CLIENT_CONFIRMATION_OK"
26490,10146405460,10146405503,1,"IOTHUB_CLIENT_CONFIRMATION_OK"
26491,10146405660,10146405696,1,"IOTHUB_CLIENT_CONFIRMATION_OK"
26492,10146405860,10146405902,1,"IOTHUB_CLIENT_CONFIRMATION_OK"
26493,10146406061,10146406095,1,"IOTHUB_CLIENT_CONFIRMATION_OK"
26494,10146406261,10146406329,1,"IOTHUB_CLIENT_CONFIRMATION_OK"
26495,10146406461,10146406500,1,"IOTHUB_CLIENT_CONFIRMATION_OK"
26496,10146406661,10146406695,1,"IOTHUB_CLIENT_CONFIRMATION_OK"
26497,10146406862,10146407063,1,"IOTHUB_CLIENT_CONFIRMATION_OK"
26498,10146407062,10146407098,1,"IOTHUB_CLIENT_CONFIRMATION_OK"
26499,10146407262,10146407302,1,"IOTHUB_CLIENT_CONFIRMATION_OK"
26500,10146407462,10146407502,1,"IOTHUB_CLIENT_CONFIRMATION_OK"
26501,10146407662,10146407698,1,"IOTHUB_CLIENT_CONFIRMATION_OK"
26502,10146407862,10146407897,1,"IOTHUB_CLIENT_CONFIRMATION_OK"
26503,10146408062,10146408113,1,"IOTHUB_CLIENT_CONFIRMATION_OK"
26504,10146408263,10146408301,1,"IOTHUB_CLIENT_CONFIRMATION_OK"
26505,10146408463,10146408554,1,"IOTHUB_CLIENT_CONFIRMATION_OK"
26506,10146408663,10146408700,1,"IOTHUB_CLIENT_CONFIRMATION_OK"
26507,10146408863,10146408912,1,"IOTHUB_CLIENT_CONFIRMATION_OK"
26508,10146409063,10146409168,1,"IOTHUB_CLIENT_CONFIRMATION_OK"
26509,10146409263,10146409306,1,"IOTHUB_CLIENT_CONFIRMATION_OK"
26510,10146409464,10146409501,1,"IOTHUB_CLIENT_CONFIRMATION_OK"
26511,10146409664,10146409700,1,"IOTHUB_CLIENT_CONFIRMATION_OK"
26512,10146409864,10146409902,1,"IOTHUB_CLIENT_CONFIRMATION_OK"
26513,10146410064,10146410188,1,"IOTHUB_CLIENT_CONFIRMATION_OK"
26514,10146410264,10146410306,1,"IOTHUB_CLIENT_CONFIRMATION_OK"
26515,10146410464,10146410500,1,"IOTHUB_CLIENT_CONFIRMATION_OK"
26516,10146410665,10146410786,1,"IOTHUB_CLIENT_CONFIRMATION_OK"
26517,10146410865,10146410904,1,"IOTHUB_CLIENT_CONFIRMATION_OK"
26518,10146411065,10146411105,1,"IOTHUB_CLIENT_CONFIRMATION_OK"
26519,10146411265,10146411303,1,"IOTHUB_CLIENT_CONFIRMATION_OK"
26520,10146411465,10146411501,1,"IOTHUB_CLIENT_CONFIRMATION_OK"
26521,10146411665,10146411808,1,"IOTHUB_CLIENT_CONFIRMATION_OK"
26522,10146411866,10146411905,1,"IOTHUB_CLIENT_CONFIRMATION_OK"
26523,10146412066,10146412105,1,"IOTHUB_CLIENT_CONFIRMATION_OK"
26524,10146412266,10146412410,1,"IOTHUB_CLIENT_CONFIRMATION_OK"
26525,10146412466,10146412504,1,"IOTHUB_CLIENT_CONFIRMATION_OK"
26526,10146412666,10146412700,1,"IOTHUB_CLIENT_CONFIRMATION_OK"
26527,10146412866,10146412911,1,"IOTHUB_CLIENT_CONFIRMATION_OK"
26528,10146413066,10146413119,1,"IOTHUB_CLIENT_CONFIRMATION_OK"
26529,10146413267,10146413307,1,"IOTHUB_CLIENT_CONFIRMATION_OK"
26530,10146413467,10146413514,1,"IOTHUB_CLIENT_CONFIRMATION_OK"
26531,10146413667,10146413718,1,"IOTHUB_CLIENT_CONFIRMATION_OK"
26532,10146413867,10146414053,1,"IOTHUB_CLIENT_CONFIRMATION_OK"
26533,10146414067,10146414108,1,"IOTHUB_CLIENT_CONFIRMATION_OK"
26534,10146414267,10146414308,1,"IOTHUB_CLIENT_CONFIRMATION_OK"
26535,10146414468,10146414509,1,"IOTHUB_CLIENT_CONFIRMATION_OK"
26536,10146414668,10146414711,1,"IOTHUB_CLIENT_CONFIRMATION_OK"
26537,10146414868,10146414910,1,"IOTHUB_CLIENT_CONFIRMATION_OK"
26538,10146415068,10146415112,1,"IOTHUB_CLIENT_CONFIRMATION_OK"
26539,10146415268,10146415304,1,"IOTHUB_CLIENT_CONFIRMATION_OK"
26540,10146415468,10146415506,1,"IOTHUB_CLIENT_CONFIRMATION_OK"
26541,10146415669,10146415703,1,"IOTHUB_CLIENT_CONFIRMATION_OK"
26542,10146415869,10146415911,1,"IOTHUB_CLIENT_CONFIRMATION_OK"
26543,10146416069,10146416135,1,"IOTHUB_CLIENT_CONFIRMATION_OK"
26544,10146416269,10146416307,1,"IOTHUB_CLIENT_CONFIRMATION_OK"
26545,10146416469,10146416526,1,"IOTHUB_CLIENT_CONFIRMATION_OK"
26546,10146416669,10146416705,1,"IOTHUB_CLIENT_CONFIRMATION_OK"
26547,10146416870,10146416905,1,"IOTHUB_CLIENT_CONFIRMATION_OK"
26548,10146417070,10146417148,1,"IOTHUB_CLIENT_CONFIRMATION_OK"
26549,10146417270,10146417302,1,"IOTHUB_CLIENT_CONFIRMATION_OK"
26550,10146417470,10146417512,1,"IOTHUB_CLIENT_CONFIRMATION_OK"
26551,10146417670,10146417762,1,"IOTHUB_CLIENT_CONFIRMATION_OK"
26552,10146417870,10146417906,1,"IOTHUB_CLIENT_CONFIRMATION_OK"
26553,10146418071,10146418112,1,"IOTHUB_CLIENT_CONFIRMATION_OK"
26554,10146418271,10146418306,1,"IOTHUB_CLIENT_CONFIRMATION_OK"
26555,10146418471,10146418537,1,"IOTHUB_CLIENT_CONFIRMATION_OK"
26556,10146418671,10146418775,1,"IOTHUB_CLIENT_CONFIRMATION_OK"
26557,10146418871,10146418906,1,"IOTHUB_CLIENT_CONFIRMATION_OK"
26558,10146419071,10146419110,1,"IOTHUB_CLIENT_CONFIRMATION_OK"
26559,10146419271,10146419318,1,"IOTHUB_CLIENT_CONFIRMATION_OK"
26560,10146419472,10146419512,1,"IOTHUB_CLIENT_CONFIRMATION_OK"
26561,10146419672,10146419708,1,"IOTHUB_CLIENT_CONFIRMATION_OK"
26562,10146419872,10146419913,1,"IOTHUB_CLIENT_CONFIRMATION_OK"
26563,10146420072,10146420112,1,"IOTHUB_CLIENT_CONFIRMATION_OK"
26564,10146420272,10146420446,1,"IOTHUB_CLIENT_CONFIRMATION_OK"
26565,10146420472,10146420508,1,"IOTHUB_CLIENT_CONFIRMATION_OK"
26566,10146420673,10146420707,1,"IOTHUB_CLIENT_CONFIRMATION_OK"
26567,10146420873,10146420914,1,"IOTHUB_CLIENT_CONFIRMATION_OK"
26568,10146421073,10146421114,1,"IOTHUB_CLIENT_CONFIRMATION_OK"
26569,10146421273,10146421308,1,"IOTHUB_CLIENT_CONFIRMATION_OK"
26570,10146421473,10146421516,1,"IOTHUB_CLIENT_CONFIRMATION_OK"
26571,10146421673,10146421721,1,"IOTHUB_CLIENT_CONFIRMATION_OK"
26572,10146421873,10146421914,1,"IOTHUB_CLIENT_CONFIRMATION_OK"
26573,10146422074,10146422129,1,"IOTHUB_CLIENT_CONFIRMATION_OK"
26574,10146422274,10146422307,1,"IOTHUB_CLIENT_CONFIRMATION_OK"
26575,10146422474,10146422514,1,"IOTHUB_CLIENT_CONFIRMATION_OK"
26576,10146422674,10146422708,1,"IOTHUB_CLIENT_CONFIRMATION_OK"
26577,10146422874,10146422914,1,"IOTHUB_CLIENT_CONFIRMATION_OK"
26578,10146423074,10146423111,1,"IOTHUB_CLIENT_CONFIRMATION_OK"
26579,10146423275,10146423311,1,"IOTHUB_CLIENT_CONFIRMATION_OK"
26580,10146423475,10146423610,1,"IOTHUB_CLIENT_CONFIRMATION_OK"
26581,10146423675,10146423713,1,"IOTHUB_CLIENT_CONFIRMATION_OK"
26582,10146423875,10146423911,1,"IOTHUB_CLIENT_CONFIRMATION_OK"
26583,10146424075,10146424233,1,"IOTHUB_CLIENT_CONFIRMATION_OK"
26584,10146424275,10146424314,1,"IOTHUB_CLIENT_CONFIRMATION_OK"
26585,10146424476,10146424514,1,"IOTHUB_CLIENT_CONFIRMATION_OK"
26586,10146424676,10146424713,1,"IOTHUB_CLIENT_CONFIRMATION_OK"
26587,10146424876,10146424912,1,"IOTHUB_CLIENT_CONFIRMATION_OK"
26588,10146425076,10146425239,1,"IOTHUB_CLIENT_CONFIRMATION_OK"
26589,10146425276,10146425317,1,"IOTHUB_CLIENT_CONFIRMATION_OK"
26590,10146425476,10146425511,1,"IOTHUB_CLIENT_CONFIRMATION_OK"
26591,10146425677,10146425713,1,"IOTHUB_CLIENT_CONFIRMATION_OK"
26592,10146425877,10146425914,1,"IOTHUB_CLIENT_CONFIRMATION_OK"
26593,10146426077,10146426111,1,"IOTHUB_CLIENT_CONFIRMATION_OK"
26594,10146426277,10146426317,1,"IOTHUB_CLIENT_CONFIRMATION_OK"
26595,10146426477,10146426512,1,"IOTHUB_CLIENT_CONFIRMATION_OK"
26596,10146426678,10146426911,1,"IOTHUB_CLIENT_CONFIRMATION_OK"
26597,10146426878,10146426937,1,"IOTHUB_CLIENT_CONFIRMATION_OK"
26598,10146427078,10146427113,1,"IOTHUB_CLIENT_CONFIRMATION_OK"
26599,10146427278,10146427365,1,"IOTHUB_CLIENT_CONFIRMATION_OK"
26600,10146427478,10146427530,1,"IOTHUB_CLIENT_CONFIRMATION_OK"
26601,10146427678,10146427722,1,"IOTHUB_CLIENT_CONFIRMATION_OK"
26602,10146427879,10146427932,1,"IOTHUB_CLIENT_CONFIRMATION_OK"
26603,10146428079,10146428121,1,"IOTHUB_CLIENT_CONFIRMATION_OK"
26604,10146428279,10146428312,1,"IOTHUB_CLIENT_CONFIRMATION_OK"
26605,10146428479,10146428519,1,"IOTHUB_CLIENT_CONFIRMATION_OK"
26606,10146428679,10146428719,1,"IOTHUB_CLIENT_CONFIRMATION_OK"
26607,10146428879,10146429099,1,"IOTHUB_CLIENT_CONFIRMATION_OK"
26608,10146429080,10146429120,1,"IOTHUB_CLIENT_CONFIRMATION_OK"
26609,10146429280,10146429325,1,"IOTHUB_CLIENT_CONFIRMATION_OK"
26610,10146429480,10146429557,1,"IOTHUB_CLIENT_CONFIRMATION_OK"
26611,10146429680,10146429717,1,"IOTHUB_CLIENT_CONFIRMATION_OK"
26612,10146429880,10146429915,1,"IOTHUB_CLIENT_CONFIRMATION_OK"
26613,10146430080,10146430119,1,"IOTHUB_CLIENT_CONFIRMATION_OK"
26614,10146430281,10146430314,1,"IOTHUB_CLIENT_CONFIRMATION_OK"
26615,10146430481,10146430652,1,"IOTHUB_CLIENT_CONFIRMATION_OK"
26616,10146430681,10146430729,1,"IOTHUB_CLIENT_CONFIRMATION_OK"
26617,10146430881,10146430922,1,"IOTHUB_CLIENT_CONFIRMATION_OK"
26618,10146431081,10146431114,1,"IOTHUB_CLIENT_CONFIRMATION_OK"
26619,10146431281,10146431338,1,"IOTHUB_CLIENT_CONFIRMATION_OK"
26620,10146431481,10146431524,1,"IOTHUB_CLIENT_CONFIRMATION_OK"
26621,10146431682,10146431718,1,"IOTHUB_CLIENT_CONFIRMATION_OK"
26622,10146431882,10146431922,1,"IOTHUB_CLIENT_CONFIRMATION_OK"
26623,10146432082,10146432129,1,"IOTHUB_CLIENT_CONFIRMATION_OK"
26624,10146432282,10146432336,1,"IOTHUB_CLIENT_CONFIRMATION_OK"
26625,10146432482,10146432517,1,"IOTHUB_CLIENT_CONFIRMATION_OK"
26626,10146432682,10146432745,1,"IOTHUB_CLIENT_CONFIRMATION_OK"
26627,10146432883,10146432922,1,"IOTHUB_CLIENT_CONFIRMATION_OK"
26628,10146433083,10146433121,1,"IOTHUB_CLIENT_CONFIRMATION_OK"
26629,10146433283,10146433335,1,"IOTHUB_CLIENT_CONFIRMATION_OK"
26630,10146433483,10146433521,1,"IOTHUB_CLIENT_CONFIRMATION_OK"
26631,10146433683,10146433793,1,"IOTHUB_CLIENT_CONFIRMATION_OK"
26632,10146433883,10146433918,1,"IOTHUB_CLIENT_CONFIRMATION_OK"
26633,10146434083,10146434138,1,"IOTHUB_CLIENT_CONFIRMATION_OK"
26634,10146434284,10146434381,1,"IOTHUB_CLIENT_CONFIRMATION_OK"
26635,10146434484,10146434522,1,"IOTHUB_CLIENT_CONFIRMATION_OK"
26636,10146434684,10146434728,1,"IOTHUB_CLIENT_CONFIRMATION_OK"
26637,10146434884,10146434924,1,"IOTHUB_CLIENT_CONFIRMATION_OK"
26638,10146435084,10146435119,1,"IOTHUB_CLIENT_CONFIRMATION_OK"
26639,10146435284,10146435407,1,"IOTHUB_CLIENT_CONFIRMATION_OK"
26640,10146435484,10146435519,1,"IOTHUB_CLIENT_CONFIRMATION_OK"
26641,10146435685,10146435739,1,"IOTHUB_CLIENT_CONFIRMATION_OK"
26642,10146435885,10146436031,1,"IOTHUB_CLIENT_CONFIRMATION_OK"
26643,10146436085,10146436124,1,"IOTHUB_CLIENT_CONFIRMATION_OK"
26644,10146436285,10146436327,1,"IOTHUB_CLIENT_CONFIRMATION_OK"
26645,10146436485,10146436522,1,"IOTHUB_CLIENT_CONFIRMATION_OK"
26646,10146436685,10146436723,1,"IOTHUB_CLIENT_CONFIRMATION_OK"
26647,10146436886,10146437038,1,"IOTHUB_CLIENT_CONFIRMATION_OK"
26648,10146437086,10146437121,1,"IOTHUB_CLIENT_CONFIRMATION_OK"
26649,10146437286,10146437323,1,"IOTHUB_CLIENT_CONFIRMATION_OK"
26650,10146437486,10146437531,1,"IOTHUB_CLIENT_CONFIRMATION_OK"
26651,10146437686,10146437722,1,"IOTHUB_CLIENT_CONFIRMATION_OK"
26652,10146437886,10146437924,1,"IOTHUB_CLIENT_CONFIRMATION_OK"
26653,10146438087,10146438131,1,"IOTHUB_CLIENT_CONFIRMATION_OK"
26654,10146438287,10146438318,1,"IOTHUB_CLIENT_CONFIRMATION_OK"
26655,10146438487,10146438797,1,"IOTHUB_CLIENT_CONFIRMATION_OK"
26656,10146438687,10146438820,1,"IOTHUB_CLIENT_CONFIRMATION_OK"
26657,10146438887,10146438923,1,"IOTHUB_CLIENT_CONFIRMATION_OK"
26658,10146439087,10146439196,1,"IOTHUB_CLIENT_CONFIRMATION_OK"
26659,10146439287,10146439334,1,"IOTHUB_CLIENT_CONFIRMATION_OK"
26660,10146439488,10146439527,1,"IOTHUB_CLIENT_CONFIRMATION_OK"
26661,10146439688,10146439726,1,"IOTHUB_CLIENT_CONFIRMATION_OK"
26662,10146439888,10146439927,1,"IOTHUB_CLIENT_CONFIRMATION_OK"
26663,10146440088,10146440130,1,"IOTHUB_CLIENT_CONFIRMATION_OK"
26664,10146440288,10146440328,1,"IOTHUB_CLIENT_CONFIRMATION_OK"
26665,10146440488,10146440530,1,"IOTHUB_CLIENT_CONFIRMATION_OK"
26666,10146440689,10146440822,1,"IOTHUB_CLIENT_CONFIRMATION_OK"
26667,10146440889,10146440933,1,"IOTHUB_CLIENT_CONFIRMATION_OK"
26668,10146441089,10146441126,1,"IOTHUB_CLIENT_CONFIRMATION_OK"
26669,10146441289,10146441334,1,"IOTHUB_CLIENT_CONFIRMATION_OK"
26670,10146441489,10146441528,1,"IOTHUB_CLIENT_CONFIRMATION_OK"
26671,10146441689,10146441866,1,"IOTHUB_CLIENT_CONFIRMATION_OK"
26672,10146441890,10146441930,1,"IOTHUB_CLIENT_CONFIRMATION_OK"
26673,10146442090,10146442137,1,"IOTHUB_CLIENT_CONFIRMATION_OK"
26674,10146442290,10146442334,1,"IOTHUB_CLIENT_CONFIRMATION_OK"
26675,10146442490,10146442530,1,"IOTHUB_CLIENT_CONFIRMATION_OK"
26676,10146442690,10146442754,1,"IOTHUB_CLIENT_CONFIRMATION_OK"
26677,10146442890,10146442937,1,"IOTHUB_CLIENT_CONFIRMATION_OK"
26678,10146443091,10146443130,1,"IOTHUB_CLIENT_CONFIRMATION_OK"
26679,10146443291,10146443323,1,"IOTHUB_CLIENT_CONFIRMATION_OK"
26680,10146443491,10146443547,1,"IOTHUB_CLIENT_CONFIRMATION_OK"
26681,10146443691,10146443724,1,"IOTHUB_CLIENT_CONFIRMATION_OK"
26682,10146443891,10146443938,1,"IOTHUB_CLIENT_CONFIRMATION_OK"
26683,10146444091,10146444136,1,"IOTHUB_CLIENT_CONFIRMATION_OK"
26684,10146444291,10146444327,1,"IOTHUB_CLIENT_CONFIRMATION_OK"
26685,10146444492,10146444525,1,"IOTHUB_CLIENT_CONFIRMATION_OK"
26686,10146444692,10146444730,1,"IOTHUB_CLIENT_CONFIRMATION_OK"
26687,10146444892,10146444954,1,"IOTHUB_CLIENT_CONFIRMATION_OK"
26688,10146445092,10146445146,1,"IOTHUB_CLIENT_CONFIRMATION_OK"
26689,10146445292,10146445327,1,"IOTHUB_CLIENT_CONFIRMATION_OK"
26690,10146445492,10146445625,1,"IOTHUB_CLIENT_CONFIRMATION_OK"
26691,10146445693,10146445731,1,"IOTHUB_CLIENT_CONFIRMATION_OK"
26692,10146445893,10146445948,1,"IOTHUB_CLIENT_CONFIRMATION_OK"
26693,10146446093,10146446154,1,"IOTHUB_CLIENT_CONFIRMATION_OK"
26694,10146446293,10146446325,1,"IOTHUB_CLIENT_CONFIRMATION_OK"
26695,10146446493,10146446534,1,"IOTHUB_CLIENT_CONFIRMATION_OK"
26696,10146446693,10146446753,1,"IOTHUB_CLIENT_CONFIRMATION_OK"
26697,10146446893,10146446939,1,"IOTHUB_CLIENT_CONFIRMATION_OK"
26698,10146447094,10146447141,1,"IOTHUB_CLIENT_CONFIRMATION_OK"
26699,10146447294,10146447566,1,"IOTHUB_CLIENT_CONFIRMATION_OK"
26700,10146447494,10146448039,1,"IOTHUB_CLIENT_CONFIRMATION_OK"
26701,10146447694,10146448121,1,"IOTHUB_CLIENT_CONFIRMATION_OK"
26702,10146447894,10146448158,1,"IOTHUB_CLIENT_CONFIRMATION_OK"
26703,10146448094,10146448204,1,"IOTHUB_CLIENT_CONFIRMATION_OK"
26704,10146448295,10146448377,1,"IOTHUB_CLIENT_CONFIRMATION_OK"
26705,10146448495,10146448534,1,"IOTHUB_CLIENT_CONFIRMATION_OK"
26706,10146448695,10146448774,1,"IOTHUB_CLIENT_CONFIRMATION_OK"
26707,10146448895,10146448943,1,"IOTHUB_CLIENT_CONFIRMATION_OK"
26708,10146449095,10146449137,1,"IOTHUB_CLIENT_CONFIRMATION_OK"
26709,10146449295,10146449408,1,"IOTHUB_CLIENT_CONFIRMATION_OK"
26710,10146449496,10146449533,1,"IOTHUB_CLIENT_CONFIRMATION_OK"
26711,10146449696,10146449730,1,"IOTHUB_CLIENT_CONFIRMATION_OK"
26712,10146449896,10146449935,1,"IOTHUB_CLIENT_CONFIRMATION_OK"
26713,10146450096,10146450151,1,"IOTHUB_CLIENT_CONFIRMATION_OK"
26714,10146450296,10146450456,1,"IOTHUB_CLIENT_CONFIRMATION_OK"
26715,10146450496,10146450537,1,"IOTHUB_CLIENT_CONFIRMATION_OK"
26716,10146450696,10146450735,1,"IOTHUB_CLIENT_CONFIRMATION_OK"
26717,10146450897,10146450932,1,"IOTHUB_CLIENT_CONFIRMATION_OK"
26718,10146451097,10146451158,1,"IOTHUB_CLIENT_CONFIRMATION_OK"
26719,10146451297,10146451332,1,"IOTHUB_CLIENT_CONFIRMATION_OK"
26720,10146451497,10146451538,1,"IOTHUB_CLIENT_CONFIRMATION_OK"
26721,10146451697,10146451749,1,"IOTHUB_CLIENT_CONFIRMATION_OK"
26722,10146451897,10146452096,1,"IOTHUB_CLIENT_CONFIRMATION_OK"
26723,10146452098,10146452144,1,"IOTHUB_CLIENT_CONFIRMATION_OK"
26724,10146452298,10146452351,1,"IOTHUB_CLIENT_CONFIRMATION_OK"
26725,10146452498,10146452708,1,"IOTHUB_CLIENT_CONFIRMATION_OK"
26726,10146452698,10146452744,1,"IOTHUB_CLIENT_CONFIRMATION_OK"
26727,10146452898,10146452970,1,"IOTHUB_CLIENT_CONFIRMATION_OK"
26728,10146453098,10146453146,1,"IOTHUB_CLIENT_CONFIRMATION_OK"
26729,10146453299,10146453339,1,"IOTHUB_CLIENT_CONFIRMATION_OK"
26730,10146453499,10146453541,1,"IOTHUB_CLIENT_CONFIRMATION_OK"
26731,10146453699,10146453740,1,"IOTHUB_CLIENT_CONFIRMATION_OK"
26732,10146453899,10146453946,1,"IOTHUB_CLIENT_CONFIRMATION_OK"
26733,10146454099,10146454147,1,"IOTHUB_CLIENT_CONFIRMATION_OK"
26734,10146454299,10146454331,1,"IOTHUB_CLIENT_CONFIRMATION_OK"
26735,10146454499,10146454533,1,"IOTHUB_CLIENT_CONFIRMATION_OK"
26736,10146454700,10146454771,1,"IOTHUB_CLIENT_CONFIRMATION_OK"
26737,10146454900,10146454952,1,"IOTHUB_CLIENT_CONFIRMATION_OK"
26738,10146455100,10146455161,1,"IOTHUB_CLIENT_CONFIRMATION_OK"
26739,10146455300,10146455334,1,"IOTHUB_CLIENT_CONFIRMATION_OK"
26740,10146455500,10146455536,1,"IOTHUB_CLIENT_CONFIRMATION_OK"
26741,10146455700,10146455777,1,"IOTHUB_CLIENT_CONFIRMATION_OK"
26742,10146455901,10146455942,1,"IOTHUB_CLIENT_CONFIRMATION_OK"
26743,10146456101,10146456136,1,"IOTHUB_CLIENT_CONFIRMATION_OK"
26744,10146456301,10146456383,1,"IOTHUB_CLIENT_CONFIRMATION_OK"
26745,10146456501,10146456537,1,"IOTHUB_CLIENT_CONFIRMATION_OK"
26746,10146456701,10146456774,1,"IOTHUB_CLIENT_CONFIRMATION_OK"
26747,10146456901,10146456945,1,"IOTHUB_CLIENT_CONFIRMATION_OK"
26748,10146457102,10146457140,1,"IOTHUB_CLIENT_CONFIRMATION_OK"
26749,10146457302,10146457398,1,"IOTHUB_CLIENT_CONFIRMATION_OK"
26750,10146457502,10146457547,1,"IOTHUB_CLIENT_CONFIRMATION_OK"
26751,10146457702,10146457751,1,"IOTHUB_CLIENT_CONFIRMATION_OK"
26752,10146457902,10146457938,1,"IOTHUB_CLIENT_CONFIRMATION_OK"
26753,10146458102,10146458139,1,"IOTHUB_CLIENT_CONFIRMATION_OK"
26754,10146458302,10146458337,1,"IOTHUB_CLIENT_CONFIRMATION_OK"
26755,10146458503,10146458552,1,"IOTHUB_CLIENT_CONFIRMATION_OK"
26756,10146458703,10146458740,1,"IOTHUB_CLIENT_CONFIRMATION_OK"
26757,10146458903,10146458955,1,"IOTHUB_CLIENT_CONFIRMATION_OK"
26758,10146459103,10146459140,1,"IOTHUB_CLIENT_CONFIRMATION_OK"
26759,10146459303,10146459343,1,"IOTHUB_CLIENT_CONFIRMATION_OK"
26760,10146459503,10146459538,1,"IOTHUB_CLIENT_CONFIRMATION_OK"
26761,10146459704,10146459743,1,"IOTHUB_CLIENT_CONFIRMATION_OK"
26762,10146459904,10146459948,1,"IOTHUB_CLIENT_CONFIRMATION_OK"
26763,10146460104,10146460149,1,"IOTHUB_CLIENT_CONFIRMATION_OK"
26764,10146460304,10146460339,1,"IOTHUB_CLIENT_CONFIRMATION_OK"
26765,10146460504,10146460541,1,"IOTHUB_CLIENT_CONFIRMATION_OK"
26766,10146460704,10146460744,1,"IOTHUB_CLIENT_CONFIRMATION_OK"
26767,10146460905,10146460957,1,"IOTHUB_CLIENT_CONFIRMATION_OK"
26768,10146461105,10146461152,1,"IOTHUB_CLIENT_CONFIRMATION_OK"
26769,10146461305,10146461355,1,"IOTHUB_CLIENT_CONFIRMATION_OK"
26770,10146461505,10146461549,1,"IOTHUB_CLIENT_CONFIRMATION_OK"
26771,10146461705,10146461759,1,"IOTHUB_CLIENT_CONFIRMATION_OK"
26772,10146461905,10146461940,1,"IOTHUB_CLIENT_CONFIRMATION_OK"
26773,10146462106,10146462149,1,"IOTHUB_CLIENT_CONFIRMATION_OK"
26774,10146462306,10146462341,1,"IOTHUB_CLIENT_CONFIRMATION_OK"
26775,10146462506,10146462566,1,"IOTHUB_CLIENT_CONFIRMATION_OK"
26776,10146462706,10146462761,1,"IOTHUB_CLIENT_CONFIRMATION_OK"
26777,10146462906,10146462996,1,"IOTHUB_CLIENT_CONFIRMATION_OK"
26778,10146463106,10146463160,1,"IOTHUB_CLIENT_CONFIRMATION_OK"
26779,10146463306,10146463353,1,"IOTHUB_CLIENT_CONFIRMATION_OK"
26780,10146463507,10146463541,1,"IOTHUB_CLIENT_CONFIRMATION_OK"
26781,10146463707,10146463803,1,"IOTHUB_CLIENT_CONFIRMATION_OK"
26782,10146463907,10146463943,1,"IOTHUB_CLIENT_CONFIRMATION_OK"
26783,10146464107,10146464142,1,"IOTHUB_CLIENT_CONFIRMATION_OK"
26784,10146464307,10146464418,1,"IOTHUB_CLIENT_CONFIRMATION_OK"
26785,10146464507,10146464547,1,"IOTHUB_CLIENT_CONFIRMATION_OK"
26786,10146464708,10146464747,1,"IOTHUB_CLIENT_CONFIRMATION_OK"
26787,10146464908,10146464944,1,"IOTHUB_CLIENT_CONFIRMATION_OK"
26788,10146465108,10146465148,1,"IOTHUB_CLIENT_CONFIRMATION_OK"
26789,10146465308,10146465448,1,"IOTHUB_CLIENT_CONFIRMATION_OK"
26790,10146465508,10146465544,1,"IOTHUB_CLIENT_CONFIRMATION_OK"
26791,10146465708,10146465750,1,"IOTHUB_CLIENT_CONFIRMATION_OK"
26792,10146465909,10146465942,1,"IOTHUB_CLIENT_CONFIRMATION_OK"
26793,10146466109,10146466144,1,"IOTHUB_CLIENT_CONFIRMATION_OK"
26794,10146466309,10146466343,1,"IOTHUB_CLIENT_CONFIRMATION_OK"
26795,10146466509,10146466563,1,"IOTHUB_CLIENT_CONFIRMATION_OK"
26796,10146466709,10146466750,1,"IOTHUB_CLIENT_CONFIRMATION_OK"
26797,10146466910,10146467113,1,"IOTHUB_CLIENT_CONFIRMATION_OK"
26798,10146467110,10146467148,1,"IOTHUB_CLIENT_CONFIRMATION_OK"
26799,10146467310,10146467344,1,"IOTHUB_CLIENT_CONFIRMATION_OK"
26800,10146467510,10146467559,1,"IOTHUB_CLIENT_CONFIRMATION_OK"
26801,10146467710,10146467751,1,"IOTHUB_CLIENT_CONFIRMATION_OK"
26802,10146467910,10146467950,1,"IOTHUB_CLIENT_CONFIRMATION_OK"
26803,10146468110,10146468168,1,"IOTHUB_CLIENT_CONFIRMATION_OK"
26804,10146468311,10146468350,1,"IOTHUB_CLIENT_CONFIRMATION_OK"
26805,10146468511,10146468593,1,"IOTHUB_CLIENT_CONFIRMATION_OK"
26806,10146468711,10146468747,1,"IOTHUB_CLIENT_CONFIRMATION_OK"
26807,10146468911,10146468951,1,"IOTHUB_CLIENT_CONFIRMATION_OK"
26808,10146469111,10146469207,1,"IOTHUB_CLIENT_CONFIRMATION_OK"
26809,10146469311,10146469345,1,"IOTHUB_CLIENT_CONFIRMATION_OK"
26810,10146469512,10146469557,1,"IOTHUB_CLIENT_CONFIRMATION_OK"
26811,10146469712,10146469819,1,"IOTHUB_CLIENT_CONFIRMATION_OK"
26812,10146469912,10146469958,1,"IOTHUB_CLIENT_CONFIRMATION_OK"
26813,10146470112,10146470214,1,"IOTHUB_CLIENT_CONFIRMATION_OK"
26814,10146470312,10146470351,1,"IOTHUB_CLIENT_CONFIRMATION_OK"
26815,10146470512,10146470553,1,"IOTHUB_CLIENT_CONFIRMATION_OK"
26816,10146470713,10146470828,1,"IOTHUB_CLIENT_CONFIRMATION_OK"
26817,10146470913,10146470967,1,"IOTHUB_CLIENT_CONFIRMATION_OK"
26818,10146471113,10146471157,1,"IOTHUB_CLIENT_CONFIRMATION_OK"
26819,10146471313,10146471344,1,"IOTHUB_CLIENT_CONFIRMATION_OK"
26820,10146471513,10146471550,1,"IOTHUB_CLIENT_CONFIRMATION_OK"
26821,10146471713,10146471822,1,"IOTHUB_CLIENT_CONFIRMATION_OK"
26822,10146471914,10146471959,1,"IOTHUB_CLIENT_CONFIRMATION_OK"
26823,10146472114,10146472147,1,"IOTHUB_CLIENT_CONFIRMATION_OK"
26824,10146472314,10146472453,1,"IOTHUB_CLIENT_CONFIRMATION_OK"
26825,10146472514,10146472553,1,"IOTHUB_CLIENT_CONFIRMATION_OK"
26826,10146472714,10146472753,1,"IOTHUB_CLIENT_CONFIRMATION_OK"
26827,10146472914,10146472952,1,"IOTHUB_CLIENT_CONFIRMATION_OK"
26828,10146473114,10146473151,1,"IOTHUB_CLIENT_CONFIRMATION_OK"
26829,10146473315,10146473350,1,"IOTHUB_CLIENT_CONFIRMATION_OK"
26830,10146473515,10146473556,1,"IOTHUB_CLIENT_CONFIRMATION_OK"
26831,10146473715,10146473756,1,"IOTHUB_CLIENT_CONFIRMATION_OK"
26832,10146473915,10146473950,1,"IOTHUB_CLIENT_CONFIRMATION_OK"
26833,10146474115,10146474150,1,"IOTHUB_CLIENT_CONFIRMATION_OK"
26834,10146474315,10146474356,1,"IOTHUB_CLIENT_CONFIRMATION_OK"
26835,10146474516,10146474573,1,"IOTHUB_CLIENT_CONFIRMATION_OK"
26836,10146474716,10146474754,1,"IOTHUB_CLIENT_CONFIRMATION_OK"
26837,10146474916,10146474958,1,"IOTHUB_CLIENT_CONFIRMATION_OK"
26838,10146475116,10146475186,1,"IOTHUB_CLIENT_CONFIRMATION_OK"
26839,10146475316,10146475366,1,"IOTHUB_CLIENT_CONFIRMATION_OK"
26840,10146475516,10146475581,1,"IOTHUB_CLIENT_CONFIRMATION_OK"
26841,10146475717,10146475759,1,"IOTHUB_CLIENT_CONFIRMATION_OK"
26842,10146475917,10146475961,1,"IOTHUB_CLIENT_CONFIRMATION_OK"
26843,10146476117,10146476212,1,"IOTHUB_CLIENT_CONFIRMATION_OK"
26844,10146476317,10146476351,1,"IOTHUB_CLIENT_CONFIRMATION_OK"
26845,10146476517,10146476555,1,"IOTHUB_CLIENT_CONFIRMATION_OK"
26846,10146476717,10146476753,1,"IOTHUB_CLIENT_CONFIRMATION_OK"
26847,10146476917,10146476953,1,"IOTHUB_CLIENT_CONFIRMATION_OK"
26848,10146477118,10146477329,1,"IOTHUB_CLIENT_CONFIRMATION_OK"
26849,10146477318,10146477360,1,"IOTHUB_CLIENT_CONFIRMATION_OK"
26850,10146477518,10146477558,1,"IOTHUB_CLIENT_CONFIRMATION_OK"
26851,10146477718,10146477754,1,"IOTHUB_CLIENT_CONFIRMATION_OK"
26852,10146477918,10146477969,1,"IOTHUB_CLIENT_CONFIRMATION_OK"
26853,10146478118,10146478159,1,"IOTHUB_CLIENT_CONFIRMATION_OK"
26854,10146478319,10146478364,1,"IOTHUB_CLIENT_CONFIRMATION_OK"
26855,10146478519,10146478558,1,"IOTHUB_CLIENT_CONFIRMATION_OK"
26856,10146478719,10146478852,1,"IOTHUB_CLIENT_CONFIRMATION_OK"
26857,10146478919,10146478970,1,"IOTHUB_CLIENT_CONFIRMATION_OK"
26858,10146479119,10146479154,1,"IOTHUB_CLIENT_CONFIRMATION_OK"
26859,10146479319,10146479382,1,"IOTHUB_CLIENT_CONFIRMATION_OK"
26860,10146479520,10146479564,1,"IOTHUB_CLIENT_CONFIRMATION_OK"
26861,10146479720,10146479750,1,"IOTHUB_CLIENT_CONFIRMATION_OK"
26862,10146479920,10146479958,1,"IOTHUB_CLIENT_CONFIRMATION_OK"
26863,10146480120,10146480160,1,"IOTHUB_CLIENT_CONFIRMATION_OK"
26864,10146480320,10146480493,1,"IOTHUB_CLIENT_CONFIRMATION_OK"
26865,10146480520,10146480576,1,"IOTHUB_CLIENT_CONFIRMATION_OK"
26866,10146480720,10146480762,1,"IOTHUB_CLIENT_CONFIRMATION_OK"
26867,10146480921,10146480979,1,"IOTHUB_CLIENT_CONFIRMATION_OK"
26868,10146481121,10146481156,1,"IOTHUB_CLIENT_CONFIRMATION_OK"
26869,10146481321,10146481350,1,"IOTHUB_CLIENT_CONFIRMATION_OK"
26870,10146481521,10146481571,1,"IOTHUB_CLIENT_CONFIRMATION_OK"
26871,10146481721,10146481785,1,"IOTHUB_CLIENT_CONFIRMATION_OK"
26872,10146481921,10146482198,1,"IOTHUB_CLIENT_CONFIRMATION_OK"
26873,10146482122,10146482214,1,"IOTHUB_CLIENT_CONFIRMATION_OK"
26874,10146482322,10146482356,1,"IOTHUB_CLIENT_CONFIRMATION_OK"
26875,10146482522,10146482592,1,"IOTHUB_CLIENT_CONFIRMATION_OK"
26876,10146482722,10146482763,1,"IOTHUB_CLIENT_CONFIRMATION_OK"
26877,10146482922,10146482980,1,"IOTHUB_CLIENT_CONFIRMATION_OK"
26878,10146483122,10146483210,1,"IOTHUB_CLIENT_CONFIRMATION_OK"
26879,10146483323,10146483361,1,"IOTHUB_CLIENT_CONFIRMATION_OK"
26880,10146483523,10146483618,1,"IOTHUB_CLIENT_CONFIRMATION_OK"
26881,10146483723,10146483772,1,"IOTHUB_CLIENT_CONFIRMATION_OK"
26882,10146483923,10146483954,1,"IOTHUB_CLIENT_CONFIRMATION_OK"
26883,10146484123,10146484242,1,"IOTHUB_CLIENT_CONFIRMATION_OK"
26884,10146484323,10146484365,1,"IOTHUB_CLIENT_CONFIRMATION_OK"
26885,10146484524,10146484556,1,"IOTHUB_CLIENT_CONFIRMATION_OK"
26886,10146484724,10146484763,1,"IOTHUB_CLIENT_CONFIRMATION_OK"
26887,10146484924,10146484969,1,"IOTHUB_CLIENT_CONFIRMATION_OK"
26888,10146485124,10146485268,1,"IOTHUB_CLIENT_CONFIRMATION_OK"
26889,10146485324,10146485362,1,"IOTHUB_CLIENT_CONFIRMATION_OK"
26890,10146485524,10146485574,1,"IOTHUB_CLIENT_CONFIRMATION_OK"
26891,10146485724,10146485881,1,"IOTHUB_CLIENT_CONFIRMATION_OK"
26892,10146485925,10146485963,1,"IOTHUB_CLIENT_CONFIRMATION_OK"
26893,10146486125,10146486162,1,"IOTHUB_CLIENT_CONFIRMATION_OK"
26894,10146486325,10146486373,1,"IOTHUB_CLIENT_CONFIRMATION_OK"
26895,10146486525,10146486571,1,"IOTHUB_CLIENT_CONFIRMATION_OK"
26896,10146486725,10146486924,1,"IOTHUB_CLIENT_CONFIRMATION_OK"
26897,10146486925,10146486962,1,"IOTHUB_CLIENT_CONFIRMATION_OK"
26898,10146487126,10146487160,1,"IOTHUB_CLIENT_CONFIRMATION_OK"
26899,10146487326,10146487440,1,"IOTHUB_CLIENT_CONFIRMATION_OK"
26900,10146487526,10146487566,1,"IOTHUB_CLIENT_CONFIRMATION_OK"
26901,10146487726,10146487766,1,"IOTHUB_CLIENT_CONFIRMATION_OK"
26902,10146487926,10146487970,1,"IOTHUB_CLIENT_CONFIRMATION_OK"
26903,10146488126,10146488161,1,"IOTHUB_CLIENT_CONFIRMATION_OK"
26904,10146488327,10146488365,1,"IOTHUB_CLIENT_CONFIRMATION_OK"
26905,10146488527,10146488604,1,"IOTHUB_CLIENT_CONFIRMATION_OK"
26906,10146488727,10146488760,1,"IOTHUB_CLIENT_CONFIRMATION_OK"
26907,10146488927,10146489094,1,"IOTHUB_CLIENT_CONFIRMATION_OK"
26908,10146489127,10146489167,1,"IOTHUB_CLIENT_CONFIRMATION_OK"
26909,10146489327,10146489365,1,"IOTHUB_CLIENT_CONFIRMATION_OK"
26910,10146489528,10146489563,1,"IOTHUB_CLIENT_CONFIRMATION_OK"
26911,10146489728,10146489761,1,"IOTHUB_CLIENT_CONFIRMATION_OK"
26912,10146489928,10146489961,1,"IOTHUB_CLIENT_CONFIRMATION_OK"
26913,10146490128,10146490162,1,"IOTHUB_CLIENT_CONFIRMATION_OK"
26914,10146490328,10146490369,1,"IOTHUB_CLIENT_CONFIRMATION_OK"
26915,10146490528,10146490569,1,"IOTHUB_CLIENT_CONFIRMATION_OK"
26916,10146490729,10146490761,1,"IOTHUB_CLIENT_CONFIRMATION_OK"
26917,10146490929,10146490971,1,"IOTHUB_CLIENT_CONFIRMATION_OK"
26918,10146491129,10146491163,1,"IOTHUB_CLIENT_CONFIRMATION_OK"
26919,10146491329,10146491367,1,"IOTHUB_CLIENT_CONFIRMATION_OK"
26920,10146491529,10146491565,1,"IOTHUB_CLIENT_CONFIRMATION_OK"
26921,10146491729,10146491797,1,"IOTHUB_CLIENT_CONFIRMATION_OK"
26922,10146491929,10146491971,1,"IOTHUB_CLIENT_CONFIRMATION_OK"
26923,10146492130,10146492210,1,"IOTHUB_CLIENT_CONFIRMATION_OK"
26924,10146492330,10146492368,1,"IOTHUB_CLIENT_CONFIRMATION_OK"
26925,10146492530,10146492567,1,"IOTHUB_CLIENT_CONFIRMATION_OK"
26926,10146492730,10146492814,1,"IOTHUB_CLIENT_CONFIRMATION_OK"
26927,10146492930,10146493048,1,"IOTHUB_CLIENT_CONFIRMATION_OK"
26928,10146493130,10146493169,1,"IOTHUB_CLIENT_CONFIRMATION_OK"
26929,10146493331,10146493370,1,"IOTHUB_CLIENT_CONFIRMATION_OK"
26930,10146493531,10146493580,1,"IOTHUB_CLIENT_CONFIRMATION_OK"
26931,10146493731,10146493828,1,"IOTHUB_CLIENT_CONFIRMATION_OK"
26932,10146493931,10146493967,1,"IOTHUB_CLIENT_CONFIRMATION_OK"
26933,10146494131,10146494163,1,"IOTHUB_CLIENT_CONFIRMATION_OK"
26934,10146494331,10146494442,1,"IOTHUB_CLIENT_CONFIRMATION_OK"
26935,10146494531,10146494567,1,"IOTHUB_CLIENT_CONFIRMATION_OK"
26936,10146494732,10146494771,1,"IOTHUB_CLIENT_CONFIRMATION_OK"
26937,10146494932,10146494979,1,"IOTHUB_CLIENT_CONFIRMATION_OK"
26938,10146495132,10146495168,1,"IOTHUB_CLIENT_CONFIRMATION_OK"
26939,10146495332,10146495458,1,"IOTHUB_CLIENT_CONFIRMATION_OK"
26940,10146495532,10146495574,1,"IOTHUB_CLIENT_CONFIRMATION_OK"
26941,10146495732,10146495761,1,"IOTHUB_CLIENT_CONFIRMATION_OK"
26942,10146495933,10146496083,1,"IOTHUB_CLIENT_CONFIRMATION_OK"
26943,10146496133,10146496168,1,"IOTHUB_CLIENT_CONFIRMATION_OK"
26944,10146496333,10146496367,1,"IOTHUB_CLIENT_CONFIRMATION_OK"
26945,10146496533,10146496569,1,"IOTHUB_CLIENT_CONFIRMATION_OK"
26946,10146496733,10146496767,1,"IOTHUB_CLIENT_CONFIRMATION_OK"
26947,10146496933,10146497090,1,"IOTHUB_CLIENT_CONFIRMATION_OK"
26948,10146497133,10146497172,1,"IOTHUB_CLIENT_CONFIRMATION_OK"
26949,10146497334,10146497383,1,"IOTHUB_CLIENT_CONFIRMATION_OK"
26950,10146497534,10146497571,1,"IOTHUB_CLIENT_CONFIRMATION_OK"
26951,10146497734,10146497768,1,"IOTHUB_CLIENT_CONFIRMATION_OK"
26952,10146497934,10146497970,1,"IOTHUB_CLIENT_CONFIRMATION_OK"
26953,10146498134,10146498180,1,"IOTHUB_CLIENT_CONFIRMATION_OK"
26954,10146498334,10146498378,1,"IOTHUB_CLIENT_CONFIRMATION_OK"
26955,10146498535,10146498725,1,"IOTHUB_CLIENT_CONFIRMATION_OK"
26956,10146498735,10146498777,1,"IOTHUB_CLIENT_CONFIRMATION_OK"
26957,10146498935,10146498978,1,"IOTHUB_CLIENT_CONFIRMATION_OK"
26958,10146499135,10146499169,1,"IOTHUB_CLIENT_CONFIRMATION_OK"
26959,10146499335,10146499365,1,"IOTHUB_CLIENT_CONFIRMATION_OK"
26960,10146499535,10146499581,1,"IOTHUB_CLIENT_CONFIRMATION_OK"
26961,10146499735,10146499770,1,"IOTHUB_CLIENT_CONFIRMATION_OK"
26962,10146499936,10146499982,1,"IOTHUB_CLIENT_CONFIRMATION_OK"
26963,10146500136,10146500356,1,"IOTHUB_CLIENT_CONFIRMATION_OK"
26964,10146500336,10146500375,1,"IOTHUB_CLIENT_CONFIRMATION_OK"
26965,10146500536,10146500571,1,"IOTHUB_CLIENT_CONFIRMATION_OK"
26966,10146500736,10146500768,1,"IOTHUB_CLIENT_CONFIRMATION_OK"
26967,10146500936,10146500972,1,"IOTHUB_CLIENT_CONFIRMATION_OK"
26968,10146501137,10146501173,1,"IOTHUB_CLIENT_CONFIRMATION_OK"
26969,10146501337,10146501380,1,"IOTHUB_CLIENT_CONFIRMATION_OK"
26970,10146501537,10146501581,1,"IOTHUB_CLIENT_CONFIRMATION_OK"
26971,10146501737,10146501839,1,"IOTHUB_CLIENT_CONFIRMATION_OK"
26972,10146501937,10146501971,1,"IOTHUB_CLIENT_CONFIRMATION_OK"
26973,10146502137,10146502180,1,"IOTHUB_CLIENT_CONFIRMATION_OK"
26974,10146502337,10146502455,1,"IOTHUB_CLIENT_CONFIRMATION_OK"
26975,10146502538,10146502600,1,"IOTHUB_CLIENT_CONFIRMATION_OK"
26976,10146502738,10146502780,1,"IOTHUB_CLIENT_CONFIRMATION_OK"
26977,10146502938,10146503006,1,"IOTHUB_CLIENT_CONFIRMATION_OK"
26978,10146503138,10146503172,1,"IOTHUB_CLIENT_CONFIRMATION_OK"
26979,10146503338,10146503374,1,"IOTHUB_CLIENT_CONFIRMATION_OK"
26980,10146503538,10146503581,1,"IOTHUB_CLIENT_CONFIRMATION_OK"
26981,10146503739,10146503788,1,"IOTHUB_CLIENT_CONFIRMATION_OK"
26982,10146503939,10146504108,1,"IOTHUB_CLIENT_CONFIRMATION_OK"
26983,10146504139,10146504179,1,"IOTHUB_CLIENT_CONFIRMATION_OK"
26984,10146504339,10146504386,1,"IOTHUB_CLIENT_CONFIRMATION_OK"
26985,10146504539,10146504570,1,"IOTHUB_CLIENT_CONFIRMATION_OK"
26986,10146504739,10146504790,1,"IOTHUB_CLIENT_CONFIRMATION_OK"
26987,10146504939,10146504986,1,"IOTHUB_CLIENT_CONFIRMATION_OK"
26988,10146505140,10146505173,1,"IOTHUB_CLIENT_CONFIRMATION_OK"
26989,10146505340,10146505384,1,"IOTHUB_CLIENT_CONFIRMATION_OK"
26990,10146505540,10146505603,1,"IOTHUB_CLIENT_CONFIRMATION_OK"
26991,10146505740,10146505793,1,"IOTHUB_CLIENT_CONFIRMATION_OK"
26992,10146505940,10146505981,1,"IOTHUB_CLIENT_CONFIRMATION_OK"
26993,10146506140,10146506223,1,"IOTHUB_CLIENT_CONFIRMATION_OK"
26994,10146506341,10146506383,1,"IOTHUB_CLIENT_CONFIRMATION_OK"
26995,10146506541,10146506646,1,"IOTHUB_CLIENT_CONFIRMATION_OK"
26996,10146506741,10146506867,1,"IOTHUB_CLIENT_CONFIRMATION_OK"
26997,10146506941,10146506977,1,"IOTHUB_CLIENT_CONFIRMATION_OK"
26998,10146507141,10146507259,1,"IOTHUB_CLIENT_CONFIRMATION_OK"
26999,10146507341,10146507374,1,"IOTHUB_CLIENT_CONFIRMATION_OK"
