Message ID,Send Time,Receive Time,Status,Error
0,10818720189,10818720336,1,"IOTHUB_CLIENT_CONFIRMATION_OK"
1,10818720522,10818720552,1,"IOTHUB_CLIENT_CONFIRMATION_OK"
2,10818720855,10818720886,1,"IOTHUB_CLIENT_CONFIRMATION_OK"
3,10818721188,10818721226,1,"IOTHUB_CLIENT_CONFIRMATION_OK"
4,10818721521,10818721567,1,"IOTHUB_CLIENT_CONFIRMATION_OK"
5,10818721855,10818721888,1,"IOTHUB_CLIENT_CONFIRMATION_OK"
6,10818722188,10818722244,1,"IOTHUB_CLIENT_CONFIRMATION_OK"
7,10818722521,10818722568,1,"IOTHUB_CLIENT_CONFIRMATION_OK"
8,10818722854,10818723232,1,"IOTHUB_CLIENT_CONFIRMATION_OK"
9,10818723187,10818723267,1,"IOTHUB_CLIENT_CONFIRMATION_OK"
10,10818723520,10818723554,1,"IOTHUB_CLIENT_CONFIRMATION_OK"
11,10818723854,10818723887,1,"IOTHUB_CLIENT_CONFIRMATION_OK"
12,10818724187,10818724217,1,"IOTHUB_CLIENT_CONFIRMATION_OK"
13,10818724520,10818724554,1,"IOTHUB_CLIENT_CONFIRMATION_OK"
14,10818724853,10818724893,1,"IOTHUB_CLIENT_CONFIRMATION_OK"
15,10818725186,10818725221,1,"IOTHUB_CLIENT_CONFIRMATION_OK"
16,10818725519,10818725551,1,"IOTHUB_CLIENT_CONFIRMATION_OK"
17,10818725853,10818725886,1,"IOTHUB_CLIENT_CONFIRMATION_OK"
18,10818726186,10818726268,1,"IOTHUB_CLIENT_CONFIRMATION_OK"
19,10818726519,10818726550,1,"IOTHUB_CLIENT_CONFIRMATION_OK"
20,10818726852,10818726881,1,"IOTHUB_CLIENT_CONFIRMATION_OK"
21,10818727185,10818727218,1,"IOTHUB_CLIENT_CONFIRMATION_OK"
22,10818727518,10818727551,1,"IOTHUB_CLIENT_CONFIRMATION_OK"
23,10818727852,10818727882,1,"IOTHUB_CLIENT_CONFIRMATION_OK"
24,10818728185,10818728216,1,"IOTHUB_CLIENT_CONFIRMATION_OK"
25,10818728518,10818728549,1,"IOTHUB_CLIENT_CONFIRMATION_OK"
26,10818728851,10818728887,1,"IOTHUB_CLIENT_CONFIRMATION_OK"
27,10818729184,10818729217,1,"IOTHUB_CLIENT_CONFIRMATION_OK"
28,10818729517,10818729550,1,"IOTHUB_CLIENT_CONFIRMATION_OK"
29,10818729851,10818729884,1,"IOTHUB_CLIENT_CONFIRMATION_OK"
30,10818730184,10818730330,1,"IOTHUB_CLIENT_CONFIRMATION_OK"
31,10818730517,10818730551,1,"IOTHUB_CLIENT_CONFIRMATION_OK"
32,10818730850,10818730941,1,"IOTHUB_CLIENT_CONFIRMATION_OK"
33,10818731183,10818731227,1,"IOTHUB_CLIENT_CONFIRMATION_OK"
34,10818731516,10818731546,1,"IOTHUB_CLIENT_CONFIRMATION_OK"
35,10818731850,10818731897,1,"IOTHUB_CLIENT_CONFIRMATION_OK"
36,10818732183,10818732215,1,"IOTHUB_CLIENT_CONFIRMATION_OK"
37,10818732516,10818732564,1,"IOTHUB_CLIENT_CONFIRMATION_OK"
38,10818732849,10818732883,1,"IOTHUB_CLIENT_CONFIRMATION_OK"
39,10818733182,10818733211,1,"IOTHUB_CLIENT_CONFIRMATION_OK"
40,10818733515,10818733560,1,"IOTHUB_CLIENT_CONFIRMATION_OK"
41,10818733849,10818733883,1,"IOTHUB_CLIENT_CONFIRMATION_OK"
42,10818734182,10818734214,1,"IOTHUB_CLIENT_CONFIRMATION_OK"
43,10818734515,10818734544,1,"IOTHUB_CLIENT_CONFIRMATION_OK"
44,10818734848,10818734882,1,"IOTHUB_CLIENT_CONFIRMATION_OK"
45,10818735181,10818735209,1,"IOTHUB_CLIENT_CONFIRMATION_OK"
46,10818735514,10818735547,1,"IOTHUB_CLIENT_CONFIRMATION_OK"
47,10818735847,10818736225,1,"IOTHUB_CLIENT_CONFIRMATION_OK"
48,10818736181,10818736251,1,"IOTHUB_CLIENT_CONFIRMATION_OK"
49,10818736514,10818736835,1,"IOTHUB_CLIENT_CONFIRMATION_OK"
50,10818736847,10818736911,1,"IOTHUB_CLIENT_CONFIRMATION_OK"
51,10818737180,10818737249,1,"IOTHUB_CLIENT_CONFIRMATION_OK"
52,10818737513,10818737546,1,"IOTHUB_CLIENT_CONFIRMATION_OK"
53,10818737846,10818737923,1,"IOTHUB_CLIENT_CONFIRMATION_OK"
54,10818738180,10818738263,1,"IOTHUB_CLIENT_CONFIRMATION_OK"
55,10818738513,10818738543,1,"IOTHUB_CLIENT_CONFIRMATION_OK"
56,10818738846,10818738885,1,"IOTHUB_CLIENT_CONFIRMATION_OK"
57,10818739179,10818739209,1,"IOTHUB_CLIENT_CONFIRMATION_OK"
58,10818739512,10818739546,1,"IOTHUB_CLIENT_CONFIRMATION_OK"
59,10818739845,10818739877,1,"IOTHUB_CLIENT_CONFIRMATION_OK"
60,10818740179,10818740216,1,"IOTHUB_CLIENT_CONFIRMATION_OK"
61,10818740512,10818740544,1,"IOTHUB_CLIENT_CONFIRMATION_OK"
62,10818740845,10818740873,1,"IOTHUB_CLIENT_CONFIRMATION_OK"
63,10818741178,10818741211,1,"IOTHUB_CLIENT_CONFIRMATION_OK"
64,10818741511,10818741542,1,"IOTHUB_CLIENT_CONFIRMATION_OK"
65,10818741844,10818741876,1,"IOTHUB_CLIENT_CONFIRMATION_OK"
66,10818742178,10818742404,1,"IOTHUB_CLIENT_CONFIRMATION_OK"
67,10818742511,10818742541,1,"IOTHUB_CLIENT_CONFIRMATION_OK"
68,10818742844,10818742875,1,"IOTHUB_CLIENT_CONFIRMATION_OK"
69,10818743177,10818743206,1,"IOTHUB_CLIENT_CONFIRMATION_OK"
70,10818743510,10818743548,1,"IOTHUB_CLIENT_CONFIRMATION_OK"
71,10818743843,10818743876,1,"IOTHUB_CLIENT_CONFIRMATION_OK"
72,10818744177,10818744209,1,"IOTHUB_CLIENT_CONFIRMATION_OK"
73,10818744510,10818744663,1,"IOTHUB_CLIENT_CONFIRMATION_OK"
74,10818744843,10818744875,1,"IOTHUB_CLIENT_CONFIRMATION_OK"
75,10818745176,10818745282,1,"IOTHUB_CLIENT_CONFIRMATION_OK"
76,10818745509,10818745554,1,"IOTHUB_CLIENT_CONFIRMATION_OK"
77,10818745842,10818745884,1,"IOTHUB_CLIENT_CONFIRMATION_OK"
78,10818746175,10818746204,1,"IOTHUB_CLIENT_CONFIRMATION_OK"
79,10818746509,10818746540,1,"IOTHUB_CLIENT_CONFIRMATION_OK"
80,10818746842,10818746923,1,"IOTHUB_CLIENT_CONFIRMATION_OK"
81,10818747175,10818747214,1,"IOTHUB_CLIENT_CONFIRMATION_OK"
82,10818747508,10818747545,1,"IOTHUB_CLIENT_CONFIRMATION_OK"
83,10818747841,10818747872,1,"IOTHUB_CLIENT_CONFIRMATION_OK"
84,10818748174,10818748210,1,"IOTHUB_CLIENT_CONFIRMATION_OK"
85,10818748508,10818748539,1,"IOTHUB_CLIENT_CONFIRMATION_OK"
86,10818748841,10818748872,1,"IOTHUB_CLIENT_CONFIRMATION_OK"
87,10818749174,10818749205,1,"IOTHUB_CLIENT_CONFIRMATION_OK"
88,10818749507,10818749546,1,"IOTHUB_CLIENT_CONFIRMATION_OK"
89,10818749840,10818749871,1,"IOTHUB_CLIENT_CONFIRMATION_OK"
90,10818750173,10818750202,1,"IOTHUB_CLIENT_CONFIRMATION_OK"
91,10818750507,10818750538,1,"IOTHUB_CLIENT_CONFIRMATION_OK"
92,10818750840,10818750987,1,"IOTHUB_CLIENT_CONFIRMATION_OK"
93,10818751173,10818751216,1,"IOTHUB_CLIENT_CONFIRMATION_OK"
94,10818751506,10818751537,1,"IOTHUB_CLIENT_CONFIRMATION_OK"
95,10818751839,10818751874,1,"IOTHUB_CLIENT_CONFIRMATION_OK"
96,10818752172,10818752203,1,"IOTHUB_CLIENT_CONFIRMATION_OK"
97,10818752506,10818752535,1,"IOTHUB_CLIENT_CONFIRMATION_OK"
98,10818752839,10818752876,1,"IOTHUB_CLIENT_CONFIRMATION_OK"
99,10818753172,10818753221,1,"IOTHUB_CLIENT_CONFIRMATION_OK"
100,10818753505,10818753535,1,"IOTHUB_CLIENT_CONFIRMATION_OK"
101,10818753838,10818753870,1,"IOTHUB_CLIENT_CONFIRMATION_OK"
102,10818754171,10818754204,1,"IOTHUB_CLIENT_CONFIRMATION_OK"
103,10818754505,10818754540,1,"IOTHUB_CLIENT_CONFIRMATION_OK"
104,10818754838,10818754867,1,"IOTHUB_CLIENT_CONFIRMATION_OK"
105,10818755171,10818755206,1,"IOTHUB_CLIENT_CONFIRMATION_OK"
106,10818755504,10818755551,1,"IOTHUB_CLIENT_CONFIRMATION_OK"
107,10818755837,10818755869,1,"IOTHUB_CLIENT_CONFIRMATION_OK"
108,10818756170,10818756203,1,"IOTHUB_CLIENT_CONFIRMATION_OK"
109,10818756503,10818756535,1,"IOTHUB_CLIENT_CONFIRMATION_OK"
110,10818756837,10818756869,1,"IOTHUB_CLIENT_CONFIRMATION_OK"
111,10818757170,10818757291,1,"IOTHUB_CLIENT_CONFIRMATION_OK"
112,10818757503,10818757532,1,"IOTHUB_CLIENT_CONFIRMATION_OK"
113,10818757836,10818757870,1,"IOTHUB_CLIENT_CONFIRMATION_OK"
114,10818758169,10818758205,1,"IOTHUB_CLIENT_CONFIRMATION_OK"
115,10818758502,10818758536,1,"IOTHUB_CLIENT_CONFIRMATION_OK"
116,10818758836,10818758970,1,"IOTHUB_CLIENT_CONFIRMATION_OK"
117,10818759169,10818759202,1,"IOTHUB_CLIENT_CONFIRMATION_OK"
118,10818759502,10818759589,1,"IOTHUB_CLIENT_CONFIRMATION_OK"
119,10818759835,10818759879,1,"IOTHUB_CLIENT_CONFIRMATION_OK"
120,10818760168,10818760204,1,"IOTHUB_CLIENT_CONFIRMATION_OK"
121,10818760501,10818760541,1,"IOTHUB_CLIENT_CONFIRMATION_OK"
122,10818760835,10818760864,1,"IOTHUB_CLIENT_CONFIRMATION_OK"
123,10818761168,10818761211,1,"IOTHUB_CLIENT_CONFIRMATION_OK"
124,10818761501,10818761530,1,"IOTHUB_CLIENT_CONFIRMATION_OK"
125,10818761834,10818761863,1,"IOTHUB_CLIENT_CONFIRMATION_OK"
126,10818762167,10818762201,1,"IOTHUB_CLIENT_CONFIRMATION_OK"
127,10818762500,10818762541,1,"IOTHUB_CLIENT_CONFIRMATION_OK"
128,10818762834,10818762869,1,"IOTHUB_CLIENT_CONFIRMATION_OK"
129,10818763167,10818763199,1,"IOTHUB_CLIENT_CONFIRMATION_OK"
130,10818763500,10818763536,1,"IOTHUB_CLIENT_CONFIRMATION_OK"
131,10818763833,10818763861,1,"IOTHUB_CLIENT_CONFIRMATION_OK"
132,10818764166,10818764198,1,"IOTHUB_CLIENT_CONFIRMATION_OK"
133,10818764499,10818764530,1,"IOTHUB_CLIENT_CONFIRMATION_OK"
134,10818764833,10818764862,1,"IOTHUB_CLIENT_CONFIRMATION_OK"
135,10818765166,10818765421,1,"IOTHUB_CLIENT_CONFIRMATION_OK"
136,10818765499,10818765541,1,"IOTHUB_CLIENT_CONFIRMATION_OK"
137,10818765832,10818765866,1,"IOTHUB_CLIENT_CONFIRMATION_OK"
138,10818766165,10818766195,1,"IOTHUB_CLIENT_CONFIRMATION_OK"
139,10818766498,10818766545,1,"IOTHUB_CLIENT_CONFIRMATION_OK"
140,10818766832,10818766863,1,"IOTHUB_CLIENT_CONFIRMATION_OK"
141,10818767165,10818767204,1,"IOTHUB_CLIENT_CONFIRMATION_OK"
142,10818767498,10818767653,1,"IOTHUB_CLIENT_CONFIRMATION_OK"
143,10818767831,10818767861,1,"IOTHUB_CLIENT_CONFIRMATION_OK"
144,10818768164,10818768247,1,"IOTHUB_CLIENT_CONFIRMATION_OK"
145,10818768497,10818768529,1,"IOTHUB_CLIENT_CONFIRMATION_OK"
146,10818768831,10818768861,1,"IOTHUB_CLIENT_CONFIRMATION_OK"
147,10818769164,10818769205,1,"IOTHUB_CLIENT_CONFIRMATION_OK"
148,10818769497,10818769526,1,"IOTHUB_CLIENT_CONFIRMATION_OK"
149,10818769830,10818769870,1,"IOTHUB_CLIENT_CONFIRMATION_OK"
150,10818770163,10818770195,1,"IOTHUB_CLIENT_CONFIRMATION_OK"
151,10818770496,10818770527,1,"IOTHUB_CLIENT_CONFIRMATION_OK"
152,10818770829,10818770862,1,"IOTHUB_CLIENT_CONFIRMATION_OK"
153,10818771163,10818771195,1,"IOTHUB_CLIENT_CONFIRMATION_OK"
154,10818771496,10818771529,1,"IOTHUB_CLIENT_CONFIRMATION_OK"
155,10818771829,10818771862,1,"IOTHUB_CLIENT_CONFIRMATION_OK"
156,10818772162,10818772195,1,"IOTHUB_CLIENT_CONFIRMATION_OK"
157,10818772495,10818772526,1,"IOTHUB_CLIENT_CONFIRMATION_OK"
158,10818772828,10818772857,1,"IOTHUB_CLIENT_CONFIRMATION_OK"
159,10818773162,10818773197,1,"IOTHUB_CLIENT_CONFIRMATION_OK"
160,10818773495,10818773524,1,"IOTHUB_CLIENT_CONFIRMATION_OK"
161,10818773828,10818773865,1,"IOTHUB_CLIENT_CONFIRMATION_OK"
162,10818774161,10818774193,1,"IOTHUB_CLIENT_CONFIRMATION_OK"
163,10818774494,10818774539,1,"IOTHUB_CLIENT_CONFIRMATION_OK"
164,10818774827,10818774857,1,"IOTHUB_CLIENT_CONFIRMATION_OK"
165,10818775161,10818775193,1,"IOTHUB_CLIENT_CONFIRMATION_OK"
166,10818775494,10818775634,1,"IOTHUB_CLIENT_CONFIRMATION_OK"
167,10818775827,10818775861,1,"IOTHUB_CLIENT_CONFIRMATION_OK"
168,10818776160,10818776244,1,"IOTHUB_CLIENT_CONFIRMATION_OK"
169,10818776493,10818776525,1,"IOTHUB_CLIENT_CONFIRMATION_OK"
170,10818776826,10818776886,1,"IOTHUB_CLIENT_CONFIRMATION_OK"
171,10818777160,10818777188,1,"IOTHUB_CLIENT_CONFIRMATION_OK"
172,10818777493,10818777546,1,"IOTHUB_CLIENT_CONFIRMATION_OK"
173,10818777826,10818777868,1,"IOTHUB_CLIENT_CONFIRMATION_OK"
174,10818778159,10818778189,1,"IOTHUB_CLIENT_CONFIRMATION_OK"
175,10818778492,10818778527,1,"IOTHUB_CLIENT_CONFIRMATION_OK"
176,10818778825,10818778857,1,"IOTHUB_CLIENT_CONFIRMATION_OK"
177,10818779159,10818779190,1,"IOTHUB_CLIENT_CONFIRMATION_OK"
178,10818779492,10818779522,1,"IOTHUB_CLIENT_CONFIRMATION_OK"
179,10818779825,10818779858,1,"IOTHUB_CLIENT_CONFIRMATION_OK"
180,10818780158,10818780190,1,"IOTHUB_CLIENT_CONFIRMATION_OK"
181,10818780491,10818780524,1,"IOTHUB_CLIENT_CONFIRMATION_OK"
182,10818780824,10818780856,1,"IOTHUB_CLIENT_CONFIRMATION_OK"
183,10818781158,10818781194,1,"IOTHUB_CLIENT_CONFIRMATION_OK"
184,10818781491,10818781530,1,"IOTHUB_CLIENT_CONFIRMATION_OK"
185,10818781824,10818781927,1,"IOTHUB_CLIENT_CONFIRMATION_OK"
186,10818782157,10818782191,1,"IOTHUB_CLIENT_CONFIRMATION_OK"
187,10818782490,10818782552,1,"IOTHUB_CLIENT_CONFIRMATION_OK"
188,10818782823,10818782858,1,"IOTHUB_CLIENT_CONFIRMATION_OK"
189,10818783157,10818783188,1,"IOTHUB_CLIENT_CONFIRMATION_OK"
190,10818783490,10818783525,1,"IOTHUB_CLIENT_CONFIRMATION_OK"
191,10818783823,10818783858,1,"IOTHUB_CLIENT_CONFIRMATION_OK"
192,10818784156,10818784196,1,"IOTHUB_CLIENT_CONFIRMATION_OK"
193,10818784489,10818784522,1,"IOTHUB_CLIENT_CONFIRMATION_OK"
194,10818784822,10818784855,1,"IOTHUB_CLIENT_CONFIRMATION_OK"
195,10818785156,10818785184,1,"IOTHUB_CLIENT_CONFIRMATION_OK"
196,10818785489,10818785520,1,"IOTHUB_CLIENT_CONFIRMATION_OK"
197,10818785822,10818785850,1,"IOTHUB_CLIENT_CONFIRMATION_OK"
198,10818786155,10818786183,1,"IOTHUB_CLIENT_CONFIRMATION_OK"
199,10818786488,10818786523,1,"IOTHUB_CLIENT_CONFIRMATION_OK"
200,10818786821,10818786855,1,"IOTHUB_CLIENT_CONFIRMATION_OK"
201,10818787154,10818787234,1,"IOTHUB_CLIENT_CONFIRMATION_OK"
202,10818787488,10818787520,1,"IOTHUB_CLIENT_CONFIRMATION_OK"
203,10818787821,10818787850,1,"IOTHUB_CLIENT_CONFIRMATION_OK"
204,10818788154,10818788238,1,"IOTHUB_CLIENT_CONFIRMATION_OK"
205,10818788487,10818788532,1,"IOTHUB_CLIENT_CONFIRMATION_OK"
206,10818788820,10818788880,1,"IOTHUB_CLIENT_CONFIRMATION_OK"
207,10818789153,10818789185,1,"IOTHUB_CLIENT_CONFIRMATION_OK"
208,10818789487,10818789521,1,"IOTHUB_CLIENT_CONFIRMATION_OK"
209,10818789820,10818789872,1,"IOTHUB_CLIENT_CONFIRMATION_OK"
210,10818790153,10818790185,1,"IOTHUB_CLIENT_CONFIRMATION_OK"
211,10818790486,10818790523,1,"IOTHUB_CLIENT_CONFIRMATION_OK"
212,10818790819,10818790852,1,"IOTHUB_CLIENT_CONFIRMATION_OK"
213,10818791152,10818791184,1,"IOTHUB_CLIENT_CONFIRMATION_OK"
214,10818791486,10818791515,1,"IOTHUB_CLIENT_CONFIRMATION_OK"
215,10818791819,10818791856,1,"IOTHUB_CLIENT_CONFIRMATION_OK"
216,10818792152,10818792288,1,"IOTHUB_CLIENT_CONFIRMATION_OK"
217,10818792485,10818792514,1,"IOTHUB_CLIENT_CONFIRMATION_OK"
218,10818792818,10818792920,1,"IOTHUB_CLIENT_CONFIRMATION_OK"
219,10818793151,10818793185,1,"IOTHUB_CLIENT_CONFIRMATION_OK"
220,10818793484,10818793527,1,"IOTHUB_CLIENT_CONFIRMATION_OK"
221,10818793818,10818793850,1,"IOTHUB_CLIENT_CONFIRMATION_OK"
222,10818794151,10818794183,1,"IOTHUB_CLIENT_CONFIRMATION_OK"
223,10818794484,10818794533,1,"IOTHUB_CLIENT_CONFIRMATION_OK"
224,10818794817,10818794850,1,"IOTHUB_CLIENT_CONFIRMATION_OK"
225,10818795150,10818795183,1,"IOTHUB_CLIENT_CONFIRMATION_OK"
226,10818795484,10818795520,1,"IOTHUB_CLIENT_CONFIRMATION_OK"
227,10818795817,10818795853,1,"IOTHUB_CLIENT_CONFIRMATION_OK"
228,10818796150,10818796180,1,"IOTHUB_CLIENT_CONFIRMATION_OK"
229,10818796483,10818796516,1,"IOTHUB_CLIENT_CONFIRMATION_OK"
230,10818796816,10818796848,1,"IOTHUB_CLIENT_CONFIRMATION_OK"
231,10818797149,10818797180,1,"IOTHUB_CLIENT_CONFIRMATION_OK"
232,10818797483,10818797627,1,"IOTHUB_CLIENT_CONFIRMATION_OK"
233,10818797816,10818797856,1,"IOTHUB_CLIENT_CONFIRMATION_OK"
234,10818798149,10818798183,1,"IOTHUB_CLIENT_CONFIRMATION_OK"
235,10818798482,10818798512,1,"IOTHUB_CLIENT_CONFIRMATION_OK"
236,10818798815,10818798851,1,"IOTHUB_CLIENT_CONFIRMATION_OK"
237,10818799148,10818799180,1,"IOTHUB_CLIENT_CONFIRMATION_OK"
238,10818799482,10818799512,1,"IOTHUB_CLIENT_CONFIRMATION_OK"
239,10818799815,10818799867,1,"IOTHUB_CLIENT_CONFIRMATION_OK"
240,10818800148,10818800181,1,"IOTHUB_CLIENT_CONFIRMATION_OK"
241,10818800481,10818800513,1,"IOTHUB_CLIENT_CONFIRMATION_OK"
242,10818800814,10818800889,1,"IOTHUB_CLIENT_CONFIRMATION_OK"
243,10818801147,10818801181,1,"IOTHUB_CLIENT_CONFIRMATION_OK"
244,10818801481,10818801518,1,"IOTHUB_CLIENT_CONFIRMATION_OK"
245,10818801814,10818801842,1,"IOTHUB_CLIENT_CONFIRMATION_OK"
246,10818802147,10818802185,1,"IOTHUB_CLIENT_CONFIRMATION_OK"
247,10818802480,10818802510,1,"IOTHUB_CLIENT_CONFIRMATION_OK"
248,10818802813,10818802910,1,"IOTHUB_CLIENT_CONFIRMATION_OK"
249,10818803146,10818803179,1,"IOTHUB_CLIENT_CONFIRMATION_OK"
250,10818803480,10818803516,1,"IOTHUB_CLIENT_CONFIRMATION_OK"
251,10818803813,10818803846,1,"IOTHUB_CLIENT_CONFIRMATION_OK"
252,10818804146,10818804175,1,"IOTHUB_CLIENT_CONFIRMATION_OK"
253,10818804479,10818804510,1,"IOTHUB_CLIENT_CONFIRMATION_OK"
254,10818804812,10818804946,1,"IOTHUB_CLIENT_CONFIRMATION_OK"
255,10818805145,10818805179,1,"IOTHUB_CLIENT_CONFIRMATION_OK"
256,10818805479,10818805565,1,"IOTHUB_CLIENT_CONFIRMATION_OK"
257,10818805812,10818805842,1,"IOTHUB_CLIENT_CONFIRMATION_OK"
258,10818806145,10818806175,1,"IOTHUB_CLIENT_CONFIRMATION_OK"
259,10818806478,10818806506,1,"IOTHUB_CLIENT_CONFIRMATION_OK"
260,10818806811,10818806841,1,"IOTHUB_CLIENT_CONFIRMATION_OK"
261,10818807144,10818807179,1,"IOTHUB_CLIENT_CONFIRMATION_OK"
262,10818807478,10818807509,1,"IOTHUB_CLIENT_CONFIRMATION_OK"
263,10818807811,10818807845,1,"IOTHUB_CLIENT_CONFIRMATION_OK"
264,10818808144,10818808177,1,"IOTHUB_CLIENT_CONFIRMATION_OK"
265,10818808477,10818808510,1,"IOTHUB_CLIENT_CONFIRMATION_OK"
266,10818808810,10818808842,1,"IOTHUB_CLIENT_CONFIRMATION_OK"
267,10818809143,10818809181,1,"IOTHUB_CLIENT_CONFIRMATION_OK"
268,10818809477,10818809510,1,"IOTHUB_CLIENT_CONFIRMATION_OK"
269,10818809810,10818809851,1,"IOTHUB_CLIENT_CONFIRMATION_OK"
270,10818810143,10818810173,1,"IOTHUB_CLIENT_CONFIRMATION_OK"
271,10818810476,10818810509,1,"IOTHUB_CLIENT_CONFIRMATION_OK"
272,10818810809,10818810837,1,"IOTHUB_CLIENT_CONFIRMATION_OK"
273,10818811142,10818811172,1,"IOTHUB_CLIENT_CONFIRMATION_OK"
274,10818811476,10818811508,1,"IOTHUB_CLIENT_CONFIRMATION_OK"
275,10818811809,10818811838,1,"IOTHUB_CLIENT_CONFIRMATION_OK"
276,10818812142,10818812172,1,"IOTHUB_CLIENT_CONFIRMATION_OK"
277,10818812475,10818812505,1,"IOTHUB_CLIENT_CONFIRMATION_OK"
278,10818812808,10818812992,1,"IOTHUB_CLIENT_CONFIRMATION_OK"
279,10818813141,10818813175,1,"IOTHUB_CLIENT_CONFIRMATION_OK"
280,10818813474,10818813511,1,"IOTHUB_CLIENT_CONFIRMATION_OK"
281,10818813808,10818813837,1,"IOTHUB_CLIENT_CONFIRMATION_OK"
282,10818814141,10818814174,1,"IOTHUB_CLIENT_CONFIRMATION_OK"
283,10818814474,10818814507,1,"IOTHUB_CLIENT_CONFIRMATION_OK"
284,10818814807,10818814837,1,"IOTHUB_CLIENT_CONFIRMATION_OK"
285,10818815140,10818815234,1,"IOTHUB_CLIENT_CONFIRMATION_OK"
286,10818815474,10818815507,1,"IOTHUB_CLIENT_CONFIRMATION_OK"
287,10818815807,10818815848,1,"IOTHUB_CLIENT_CONFIRMATION_OK"
288,10818816140,10818816199,1,"IOTHUB_CLIENT_CONFIRMATION_OK"
289,10818816473,10818816502,1,"IOTHUB_CLIENT_CONFIRMATION_OK"
290,10818816806,10818816839,1,"IOTHUB_CLIENT_CONFIRMATION_OK"
291,10818817139,10818817171,1,"IOTHUB_CLIENT_CONFIRMATION_OK"
292,10818817473,10818817504,1,"IOTHUB_CLIENT_CONFIRMATION_OK"
293,10818817806,10818817855,1,"IOTHUB_CLIENT_CONFIRMATION_OK"
294,10818818139,10818818175,1,"IOTHUB_CLIENT_CONFIRMATION_OK"
295,10818818472,10818818507,1,"IOTHUB_CLIENT_CONFIRMATION_OK"
296,10818818805,10818818837,1,"IOTHUB_CLIENT_CONFIRMATION_OK"
297,10818819138,10818819173,1,"IOTHUB_CLIENT_CONFIRMATION_OK"
298,10818819472,10818819515,1,"IOTHUB_CLIENT_CONFIRMATION_OK"
299,10818819805,10818819834,1,"IOTHUB_CLIENT_CONFIRMATION_OK"
300,10818820138,10818820170,1,"IOTHUB_CLIENT_CONFIRMATION_OK"
301,10818820471,10818820505,1,"IOTHUB_CLIENT_CONFIRMATION_OK"
302,10818820804,10818820843,1,"IOTHUB_CLIENT_CONFIRMATION_OK"
303,10818821137,10818821169,1,"IOTHUB_CLIENT_CONFIRMATION_OK"
304,10818821470,10818821539,1,"IOTHUB_CLIENT_CONFIRMATION_OK"
305,10818821804,10818821839,1,"IOTHUB_CLIENT_CONFIRMATION_OK"
306,10818822137,10818822169,1,"IOTHUB_CLIENT_CONFIRMATION_OK"
307,10818822470,10818822510,1,"IOTHUB_CLIENT_CONFIRMATION_OK"
308,10818822803,10818822834,1,"IOTHUB_CLIENT_CONFIRMATION_OK"
309,10818823136,10818823226,1,"IOTHUB_CLIENT_CONFIRMATION_OK"
310,10818823470,10818823500,1,"IOTHUB_CLIENT_CONFIRMATION_OK"
311,10818823803,10818823844,1,"IOTHUB_CLIENT_CONFIRMATION_OK"
312,10818824136,10818824168,1,"IOTHUB_CLIENT_CONFIRMATION_OK"
313,10818824469,10818824502,1,"IOTHUB_CLIENT_CONFIRMATION_OK"
314,10818824802,10818824854,1,"IOTHUB_CLIENT_CONFIRMATION_OK"
315,10818825135,10818825176,1,"IOTHUB_CLIENT_CONFIRMATION_OK"
316,10818825469,10818825500,1,"IOTHUB_CLIENT_CONFIRMATION_OK"
317,10818825802,10818825836,1,"IOTHUB_CLIENT_CONFIRMATION_OK"
318,10818826135,10818826169,1,"IOTHUB_CLIENT_CONFIRMATION_OK"
319,10818826468,10818826499,1,"IOTHUB_CLIENT_CONFIRMATION_OK"
320,10818826801,10818826830,1,"IOTHUB_CLIENT_CONFIRMATION_OK"
321,10818827134,10818827277,1,"IOTHUB_CLIENT_CONFIRMATION_OK"
322,10818827467,10818827502,1,"IOTHUB_CLIENT_CONFIRMATION_OK"
323,10818827801,10818827895,1,"IOTHUB_CLIENT_CONFIRMATION_OK"
324,10818828134,10818828164,1,"IOTHUB_CLIENT_CONFIRMATION_OK"
325,10818828467,10818828517,1,"IOTHUB_CLIENT_CONFIRMATION_OK"
326,10818828800,10818828834,1,"IOTHUB_CLIENT_CONFIRMATION_OK"
327,10818829133,10818829166,1,"IOTHUB_CLIENT_CONFIRMATION_OK"
328,10818829466,10818829532,1,"IOTHUB_CLIENT_CONFIRMATION_OK"
329,10818829800,10818829831,1,"IOTHUB_CLIENT_CONFIRMATION_OK"
330,10818830133,10818830169,1,"IOTHUB_CLIENT_CONFIRMATION_OK"
331,10818830466,10818830498,1,"IOTHUB_CLIENT_CONFIRMATION_OK"
332,10818830799,10818830831,1,"IOTHUB_CLIENT_CONFIRMATION_OK"
333,10818831132,10818831164,1,"IOTHUB_CLIENT_CONFIRMATION_OK"
334,10818831465,10818831501,1,"IOTHUB_CLIENT_CONFIRMATION_OK"
335,10818831798,10818831829,1,"IOTHUB_CLIENT_CONFIRMATION_OK"
336,10818832132,10818832170,1,"IOTHUB_CLIENT_CONFIRMATION_OK"
337,10818832465,10818832497,1,"IOTHUB_CLIENT_CONFIRMATION_OK"
338,10818832798,10818832832,1,"IOTHUB_CLIENT_CONFIRMATION_OK"
339,10818833131,10818833161,1,"IOTHUB_CLIENT_CONFIRMATION_OK"
340,10818833464,10818833596,1,"IOTHUB_CLIENT_CONFIRMATION_OK"
341,10818833797,10818833828,1,"IOTHUB_CLIENT_CONFIRMATION_OK"
342,10818834131,10818834216,1,"IOTHUB_CLIENT_CONFIRMATION_OK"
343,10818834464,10818834496,1,"IOTHUB_CLIENT_CONFIRMATION_OK"
344,10818834797,10818834825,1,"IOTHUB_CLIENT_CONFIRMATION_OK"
345,10818835130,10818835163,1,"IOTHUB_CLIENT_CONFIRMATION_OK"
346,10818835463,10818835496,1,"IOTHUB_CLIENT_CONFIRMATION_OK"
347,10818835796,10818835832,1,"IOTHUB_CLIENT_CONFIRMATION_OK"
348,10818836130,10818836180,1,"IOTHUB_CLIENT_CONFIRMATION_OK"
349,10818836463,10818836493,1,"IOTHUB_CLIENT_CONFIRMATION_OK"
350,10818836796,10818836832,1,"IOTHUB_CLIENT_CONFIRMATION_OK"
351,10818837129,10818837221,1,"IOTHUB_CLIENT_CONFIRMATION_OK"
352,10818837462,10818837497,1,"IOTHUB_CLIENT_CONFIRMATION_OK"
353,10818837795,10818837920,1,"IOTHUB_CLIENT_CONFIRMATION_OK"
354,10818838129,10818838162,1,"IOTHUB_CLIENT_CONFIRMATION_OK"
355,10818838462,10818838493,1,"IOTHUB_CLIENT_CONFIRMATION_OK"
356,10818838795,10818838826,1,"IOTHUB_CLIENT_CONFIRMATION_OK"
357,10818839128,10818839162,1,"IOTHUB_CLIENT_CONFIRMATION_OK"
358,10818839461,10818839491,1,"IOTHUB_CLIENT_CONFIRMATION_OK"
359,10818839794,10818839826,1,"IOTHUB_CLIENT_CONFIRMATION_OK"
360,10818840128,10818840159,1,"IOTHUB_CLIENT_CONFIRMATION_OK"
361,10818840461,10818840495,1,"IOTHUB_CLIENT_CONFIRMATION_OK"
362,10818840794,10818840824,1,"IOTHUB_CLIENT_CONFIRMATION_OK"
363,10818841127,10818841165,1,"IOTHUB_CLIENT_CONFIRMATION_OK"
364,10818841460,10818841490,1,"IOTHUB_CLIENT_CONFIRMATION_OK"
365,10818841793,10818841822,1,"IOTHUB_CLIENT_CONFIRMATION_OK"
366,10818842127,10818842201,1,"IOTHUB_CLIENT_CONFIRMATION_OK"
367,10818842460,10818842490,1,"IOTHUB_CLIENT_CONFIRMATION_OK"
368,10818842793,10818842837,1,"IOTHUB_CLIENT_CONFIRMATION_OK"
369,10818843126,10818843155,1,"IOTHUB_CLIENT_CONFIRMATION_OK"
370,10818843459,10818843492,1,"IOTHUB_CLIENT_CONFIRMATION_OK"
371,10818843792,10818843821,1,"IOTHUB_CLIENT_CONFIRMATION_OK"
372,10818844126,10818844157,1,"IOTHUB_CLIENT_CONFIRMATION_OK"
373,10818844459,10818844491,1,"IOTHUB_CLIENT_CONFIRMATION_OK"
374,10818844792,10818844821,1,"IOTHUB_CLIENT_CONFIRMATION_OK"
375,10818845125,10818845164,1,"IOTHUB_CLIENT_CONFIRMATION_OK"
376,10818845458,10818845487,1,"IOTHUB_CLIENT_CONFIRMATION_OK"
377,10818845791,10818845824,1,"IOTHUB_CLIENT_CONFIRMATION_OK"
378,10818846125,10818846310,1,"IOTHUB_CLIENT_CONFIRMATION_OK"
379,10818846458,10818846487,1,"IOTHUB_CLIENT_CONFIRMATION_OK"
380,10818846791,10818846900,1,"IOTHUB_CLIENT_CONFIRMATION_OK"
381,10818847124,10818847158,1,"IOTHUB_CLIENT_CONFIRMATION_OK"
382,10818847457,10818847490,1,"IOTHUB_CLIENT_CONFIRMATION_OK"
383,10818847790,10818847831,1,"IOTHUB_CLIENT_CONFIRMATION_OK"
384,10818848124,10818848156,1,"IOTHUB_CLIENT_CONFIRMATION_OK"
385,10818848457,10818848501,1,"IOTHUB_CLIENT_CONFIRMATION_OK"
386,10818848790,10818848822,1,"IOTHUB_CLIENT_CONFIRMATION_OK"
387,10818849123,10818849153,1,"IOTHUB_CLIENT_CONFIRMATION_OK"
388,10818849456,10818849490,1,"IOTHUB_CLIENT_CONFIRMATION_OK"
389,10818849789,10818849825,1,"IOTHUB_CLIENT_CONFIRMATION_OK"
390,10818850123,10818850152,1,"IOTHUB_CLIENT_CONFIRMATION_OK"
391,10818850456,10818850488,1,"IOTHUB_CLIENT_CONFIRMATION_OK"
392,10818850789,10818850823,1,"IOTHUB_CLIENT_CONFIRMATION_OK"
393,10818851122,10818851155,1,"IOTHUB_CLIENT_CONFIRMATION_OK"
394,10818851455,10818851490,1,"IOTHUB_CLIENT_CONFIRMATION_OK"
395,10818851788,10818851819,1,"IOTHUB_CLIENT_CONFIRMATION_OK"
396,10818852122,10818852155,1,"IOTHUB_CLIENT_CONFIRMATION_OK"
397,10818852455,10818852569,1,"IOTHUB_CLIENT_CONFIRMATION_OK"
398,10818852788,10818852824,1,"IOTHUB_CLIENT_CONFIRMATION_OK"
399,10818853121,10818853179,1,"IOTHUB_CLIENT_CONFIRMATION_OK"
400,10818853454,10818853511,1,"IOTHUB_CLIENT_CONFIRMATION_OK"
401,10818853787,10818853819,1,"IOTHUB_CLIENT_CONFIRMATION_OK"
402,10818854121,10818854204,1,"IOTHUB_CLIENT_CONFIRMATION_OK"
403,10818854454,10818854506,1,"IOTHUB_CLIENT_CONFIRMATION_OK"
404,10818854787,10818854821,1,"IOTHUB_CLIENT_CONFIRMATION_OK"
405,10818855120,10818855154,1,"IOTHUB_CLIENT_CONFIRMATION_OK"
406,10818855453,10818855488,1,"IOTHUB_CLIENT_CONFIRMATION_OK"
407,10818855786,10818855822,1,"IOTHUB_CLIENT_CONFIRMATION_OK"
408,10818856120,10818856152,1,"IOTHUB_CLIENT_CONFIRMATION_OK"
409,10818856453,10818856486,1,"IOTHUB_CLIENT_CONFIRMATION_OK"
410,10818856786,10818856821,1,"IOTHUB_CLIENT_CONFIRMATION_OK"
411,10818857119,10818857153,1,"IOTHUB_CLIENT_CONFIRMATION_OK"
412,10818857452,10818857481,1,"IOTHUB_CLIENT_CONFIRMATION_OK"
413,10818857785,10818857818,1,"IOTHUB_CLIENT_CONFIRMATION_OK"
414,10818858119,10818858151,1,"IOTHUB_CLIENT_CONFIRMATION_OK"
415,10818858452,10818858482,1,"IOTHUB_CLIENT_CONFIRMATION_OK"
416,10818858785,10818858881,1,"IOTHUB_CLIENT_CONFIRMATION_OK"
417,10818859118,10818859152,1,"IOTHUB_CLIENT_CONFIRMATION_OK"
418,10818859451,10818859491,1,"IOTHUB_CLIENT_CONFIRMATION_OK"
419,10818859784,10818859821,1,"IOTHUB_CLIENT_CONFIRMATION_OK"
420,10818860118,10818860150,1,"IOTHUB_CLIENT_CONFIRMATION_OK"
421,10818860451,10818860492,1,"IOTHUB_CLIENT_CONFIRMATION_OK"
422,10818860784,10818860838,1,"IOTHUB_CLIENT_CONFIRMATION_OK"
423,10818861117,10818861152,1,"IOTHUB_CLIENT_CONFIRMATION_OK"
424,10818861450,10818861484,1,"IOTHUB_CLIENT_CONFIRMATION_OK"
425,10818861783,10818861814,1,"IOTHUB_CLIENT_CONFIRMATION_OK"
426,10818862117,10818862157,1,"IOTHUB_CLIENT_CONFIRMATION_OK"
427,10818862450,10818862492,1,"IOTHUB_CLIENT_CONFIRMATION_OK"
428,10818862783,10818862817,1,"IOTHUB_CLIENT_CONFIRMATION_OK"
429,10818863116,10818863150,1,"IOTHUB_CLIENT_CONFIRMATION_OK"
430,10818863449,10818863480,1,"IOTHUB_CLIENT_CONFIRMATION_OK"
431,10818863782,10818863815,1,"IOTHUB_CLIENT_CONFIRMATION_OK"
432,10818864115,10818864155,1,"IOTHUB_CLIENT_CONFIRMATION_OK"
433,10818864449,10818864483,1,"IOTHUB_CLIENT_CONFIRMATION_OK"
434,10818864782,10818864841,1,"IOTHUB_CLIENT_CONFIRMATION_OK"
435,10818865115,10818865173,1,"IOTHUB_CLIENT_CONFIRMATION_OK"
436,10818865448,10818865479,1,"IOTHUB_CLIENT_CONFIRMATION_OK"
437,10818865781,10818865854,1,"IOTHUB_CLIENT_CONFIRMATION_OK"
438,10818866114,10818866144,1,"IOTHUB_CLIENT_CONFIRMATION_OK"
439,10818866448,10818866476,1,"IOTHUB_CLIENT_CONFIRMATION_OK"
440,10818866781,10818866868,1,"IOTHUB_CLIENT_CONFIRMATION_OK"
441,10818867114,10818867145,1,"IOTHUB_CLIENT_CONFIRMATION_OK"
442,10818867447,10818867499,1,"IOTHUB_CLIENT_CONFIRMATION_OK"
443,10818867780,10818867821,1,"IOTHUB_CLIENT_CONFIRMATION_OK"
444,10818868113,10818868147,1,"IOTHUB_CLIENT_CONFIRMATION_OK"
445,10818868447,10818868478,1,"IOTHUB_CLIENT_CONFIRMATION_OK"
446,10818868780,10818868810,1,"IOTHUB_CLIENT_CONFIRMATION_OK"
447,10818869113,10818869147,1,"IOTHUB_CLIENT_CONFIRMATION_OK"
448,10818869446,10818869483,1,"IOTHUB_CLIENT_CONFIRMATION_OK"
449,10818869779,10818869809,1,"IOTHUB_CLIENT_CONFIRMATION_OK"
450,10818870112,10818870145,1,"IOTHUB_CLIENT_CONFIRMATION_OK"
451,10818870446,10818870478,1,"IOTHUB_CLIENT_CONFIRMATION_OK"
452,10818870779,10818870915,1,"IOTHUB_CLIENT_CONFIRMATION_OK"
453,10818871112,10818871143,1,"IOTHUB_CLIENT_CONFIRMATION_OK"
454,10818871445,10818871537,1,"IOTHUB_CLIENT_CONFIRMATION_OK"
455,10818871778,10818871807,1,"IOTHUB_CLIENT_CONFIRMATION_OK"
456,10818872111,10818872152,1,"IOTHUB_CLIENT_CONFIRMATION_OK"
457,10818872445,10818872480,1,"IOTHUB_CLIENT_CONFIRMATION_OK"
458,10818872778,10818872808,1,"IOTHUB_CLIENT_CONFIRMATION_OK"
459,10818873111,10818873195,1,"IOTHUB_CLIENT_CONFIRMATION_OK"
460,10818873444,10818873479,1,"IOTHUB_CLIENT_CONFIRMATION_OK"
461,10818873777,10818873875,1,"IOTHUB_CLIENT_CONFIRMATION_OK"
462,10818874110,10818874148,1,"IOTHUB_CLIENT_CONFIRMATION_OK"
463,10818874443,10818874478,1,"IOTHUB_CLIENT_CONFIRMATION_OK"
464,10818874777,10818874809,1,"IOTHUB_CLIENT_CONFIRMATION_OK"
465,10818875110,10818875156,1,"IOTHUB_CLIENT_CONFIRMATION_OK"
466,10818875443,10818875495,1,"IOTHUB_CLIENT_CONFIRMATION_OK"
467,10818875776,10818875809,1,"IOTHUB_CLIENT_CONFIRMATION_OK"
468,10818876109,10818876142,1,"IOTHUB_CLIENT_CONFIRMATION_OK"
469,10818876443,10818876472,1,"IOTHUB_CLIENT_CONFIRMATION_OK"
470,10818876776,10818876809,1,"IOTHUB_CLIENT_CONFIRMATION_OK"
471,10818877109,10818877143,1,"IOTHUB_CLIENT_CONFIRMATION_OK"
472,10818877442,10818877484,1,"IOTHUB_CLIENT_CONFIRMATION_OK"
473,10818877775,10818877809,1,"IOTHUB_CLIENT_CONFIRMATION_OK"
474,10818878108,10818878138,1,"IOTHUB_CLIENT_CONFIRMATION_OK"
475,10818878442,10818878475,1,"IOTHUB_CLIENT_CONFIRMATION_OK"
476,10818878775,10818878806,1,"IOTHUB_CLIENT_CONFIRMATION_OK"
477,10818879108,10818879140,1,"IOTHUB_CLIENT_CONFIRMATION_OK"
478,10818879441,10818879572,1,"IOTHUB_CLIENT_CONFIRMATION_OK"
479,10818879774,10818879804,1,"IOTHUB_CLIENT_CONFIRMATION_OK"
480,10818880107,10818880354,1,"IOTHUB_CLIENT_CONFIRMATION_OK"
481,10818880441,10818880478,1,"IOTHUB_CLIENT_CONFIRMATION_OK"
482,10818880774,10818880804,1,"IOTHUB_CLIENT_CONFIRMATION_OK"
483,10818881107,10818881140,1,"IOTHUB_CLIENT_CONFIRMATION_OK"
484,10818881440,10818881471,1,"IOTHUB_CLIENT_CONFIRMATION_OK"
485,10818881773,10818881805,1,"IOTHUB_CLIENT_CONFIRMATION_OK"
486,10818882106,10818882153,1,"IOTHUB_CLIENT_CONFIRMATION_OK"
487,10818882440,10818882469,1,"IOTHUB_CLIENT_CONFIRMATION_OK"
488,10818882773,10818882807,1,"IOTHUB_CLIENT_CONFIRMATION_OK"
489,10818883106,10818883141,1,"IOTHUB_CLIENT_CONFIRMATION_OK"
490,10818883439,10818883555,1,"IOTHUB_CLIENT_CONFIRMATION_OK"
491,10818883772,10818883801,1,"IOTHUB_CLIENT_CONFIRMATION_OK"
492,10818884105,10818884174,1,"IOTHUB_CLIENT_CONFIRMATION_OK"
493,10818884438,10818884467,1,"IOTHUB_CLIENT_CONFIRMATION_OK"
494,10818884772,10818884801,1,"IOTHUB_CLIENT_CONFIRMATION_OK"
495,10818885105,10818885137,1,"IOTHUB_CLIENT_CONFIRMATION_OK"
496,10818885438,10818885474,1,"IOTHUB_CLIENT_CONFIRMATION_OK"
497,10818885771,10818885837,1,"IOTHUB_CLIENT_CONFIRMATION_OK"
498,10818886104,10818886138,1,"IOTHUB_CLIENT_CONFIRMATION_OK"
499,10818886437,10818886470,1,"IOTHUB_CLIENT_CONFIRMATION_OK"
500,10818886771,10818886803,1,"IOTHUB_CLIENT_CONFIRMATION_OK"
501,10818887104,10818887135,1,"IOTHUB_CLIENT_CONFIRMATION_OK"
502,10818887437,10818887469,1,"IOTHUB_CLIENT_CONFIRMATION_OK"
503,10818887770,10818887804,1,"IOTHUB_CLIENT_CONFIRMATION_OK"
504,10818888103,10818888309,1,"IOTHUB_CLIENT_CONFIRMATION_OK"
505,10818888436,10818888468,1,"IOTHUB_CLIENT_CONFIRMATION_OK"
506,10818888770,10818888806,1,"IOTHUB_CLIENT_CONFIRMATION_OK"
507,10818889103,10818889136,1,"IOTHUB_CLIENT_CONFIRMATION_OK"
508,10818889436,10818889470,1,"IOTHUB_CLIENT_CONFIRMATION_OK"
509,10818889769,10818889801,1,"IOTHUB_CLIENT_CONFIRMATION_OK"
510,10818890102,10818890137,1,"IOTHUB_CLIENT_CONFIRMATION_OK"
511,10818890435,10818890467,1,"IOTHUB_CLIENT_CONFIRMATION_OK"
512,10818890769,10818890799,1,"IOTHUB_CLIENT_CONFIRMATION_OK"
513,10818891102,10818891131,1,"IOTHUB_CLIENT_CONFIRMATION_OK"
514,10818891435,10818891550,1,"IOTHUB_CLIENT_CONFIRMATION_OK"
515,10818891768,10818891799,1,"IOTHUB_CLIENT_CONFIRMATION_OK"
516,10818892101,10818892185,1,"IOTHUB_CLIENT_CONFIRMATION_OK"
517,10818892434,10818892467,1,"IOTHUB_CLIENT_CONFIRMATION_OK"
518,10818892768,10818892799,1,"IOTHUB_CLIENT_CONFIRMATION_OK"
519,10818893101,10818893169,1,"IOTHUB_CLIENT_CONFIRMATION_OK"
520,10818893434,10818893468,1,"IOTHUB_CLIENT_CONFIRMATION_OK"
521,10818893767,10818893813,1,"IOTHUB_CLIENT_CONFIRMATION_OK"
522,10818894100,10818894160,1,"IOTHUB_CLIENT_CONFIRMATION_OK"
523,10818894433,10818894509,1,"IOTHUB_CLIENT_CONFIRMATION_OK"
524,10818894767,10818894802,1,"IOTHUB_CLIENT_CONFIRMATION_OK"
525,10818895100,10818895134,1,"IOTHUB_CLIENT_CONFIRMATION_OK"
526,10818895433,10818895462,1,"IOTHUB_CLIENT_CONFIRMATION_OK"
527,10818895766,10818895795,1,"IOTHUB_CLIENT_CONFIRMATION_OK"
528,10818896099,10818896132,1,"IOTHUB_CLIENT_CONFIRMATION_OK"
529,10818896432,10818896463,1,"IOTHUB_CLIENT_CONFIRMATION_OK"
530,10818896766,10818896800,1,"IOTHUB_CLIENT_CONFIRMATION_OK"
531,10818897099,10818897138,1,"IOTHUB_CLIENT_CONFIRMATION_OK"
532,10818897432,10818897461,1,"IOTHUB_CLIENT_CONFIRMATION_OK"
533,10818897765,10818897890,1,"IOTHUB_CLIENT_CONFIRMATION_OK"
534,10818898098,10818898128,1,"IOTHUB_CLIENT_CONFIRMATION_OK"
535,10818898431,10818898487,1,"IOTHUB_CLIENT_CONFIRMATION_OK"
536,10818898765,10818898797,1,"IOTHUB_CLIENT_CONFIRMATION_OK"
537,10818899098,10818899131,1,"IOTHUB_CLIENT_CONFIRMATION_OK"
538,10818899431,10818899460,1,"IOTHUB_CLIENT_CONFIRMATION_OK"
539,10818899764,10818899818,1,"IOTHUB_CLIENT_CONFIRMATION_OK"
540,10818900097,10818900128,1,"IOTHUB_CLIENT_CONFIRMATION_OK"
541,10818900430,10818900478,1,"IOTHUB_CLIENT_CONFIRMATION_OK"
542,10818900764,10818900792,1,"IOTHUB_CLIENT_CONFIRMATION_OK"
543,10818901097,10818901128,1,"IOTHUB_CLIENT_CONFIRMATION_OK"
544,10818901430,10818901464,1,"IOTHUB_CLIENT_CONFIRMATION_OK"
545,10818901763,10818901956,1,"IOTHUB_CLIENT_CONFIRMATION_OK"
546,10818902096,10818902129,1,"IOTHUB_CLIENT_CONFIRMATION_OK"
547,10818902429,10818902463,1,"IOTHUB_CLIENT_CONFIRMATION_OK"
548,10818902763,10818902796,1,"IOTHUB_CLIENT_CONFIRMATION_OK"
549,10818903096,10818903126,1,"IOTHUB_CLIENT_CONFIRMATION_OK"
550,10818903429,10818903468,1,"IOTHUB_CLIENT_CONFIRMATION_OK"
551,10818903762,10818903803,1,"IOTHUB_CLIENT_CONFIRMATION_OK"
552,10818904095,10818904188,1,"IOTHUB_CLIENT_CONFIRMATION_OK"
553,10818904428,10818904462,1,"IOTHUB_CLIENT_CONFIRMATION_OK"
554,10818904762,10818904799,1,"IOTHUB_CLIENT_CONFIRMATION_OK"
555,10818905095,10818905128,1,"IOTHUB_CLIENT_CONFIRMATION_OK"
556,10818905428,10818905457,1,"IOTHUB_CLIENT_CONFIRMATION_OK"
557,10818905761,10818905841,1,"IOTHUB_CLIENT_CONFIRMATION_OK"
558,10818906094,10818906127,1,"IOTHUB_CLIENT_CONFIRMATION_OK"
559,10818906427,10818906473,1,"IOTHUB_CLIENT_CONFIRMATION_OK"
560,10818906761,10818906790,1,"IOTHUB_CLIENT_CONFIRMATION_OK"
561,10818907094,10818907129,1,"IOTHUB_CLIENT_CONFIRMATION_OK"
562,10818907427,10818907458,1,"IOTHUB_CLIENT_CONFIRMATION_OK"
563,10818907760,10818907789,1,"IOTHUB_CLIENT_CONFIRMATION_OK"
564,10818908093,10818908126,1,"IOTHUB_CLIENT_CONFIRMATION_OK"
565,10818908426,10818908465,1,"IOTHUB_CLIENT_CONFIRMATION_OK"
566,10818908760,10818908792,1,"IOTHUB_CLIENT_CONFIRMATION_OK"
567,10818909093,10818909183,1,"IOTHUB_CLIENT_CONFIRMATION_OK"
568,10818909426,10818909455,1,"IOTHUB_CLIENT_CONFIRMATION_OK"
569,10818909759,10818909793,1,"IOTHUB_CLIENT_CONFIRMATION_OK"
570,10818910092,10818910126,1,"IOTHUB_CLIENT_CONFIRMATION_OK"
571,10818910425,10818910540,1,"IOTHUB_CLIENT_CONFIRMATION_OK"
572,10818910758,10818910790,1,"IOTHUB_CLIENT_CONFIRMATION_OK"
573,10818911092,10818911152,1,"IOTHUB_CLIENT_CONFIRMATION_OK"
574,10818911425,10818911461,1,"IOTHUB_CLIENT_CONFIRMATION_OK"
575,10818911758,10818911790,1,"IOTHUB_CLIENT_CONFIRMATION_OK"
576,10818912091,10818912163,1,"IOTHUB_CLIENT_CONFIRMATION_OK"
577,10818912424,10818912469,1,"IOTHUB_CLIENT_CONFIRMATION_OK"
578,10818912757,10818912792,1,"IOTHUB_CLIENT_CONFIRMATION_OK"
579,10818913091,10818913272,1,"IOTHUB_CLIENT_CONFIRMATION_OK"
580,10818913424,10818913625,1,"IOTHUB_CLIENT_CONFIRMATION_OK"
581,10818913757,10818914170,1,"IOTHUB_CLIENT_CONFIRMATION_OK"
582,10818914090,10818914217,1,"IOTHUB_CLIENT_CONFIRMATION_OK"
583,10818914423,10818914455,1,"IOTHUB_CLIENT_CONFIRMATION_OK"
584,10818914756,10818914791,1,"IOTHUB_CLIENT_CONFIRMATION_OK"
585,10818915090,10818915121,1,"IOTHUB_CLIENT_CONFIRMATION_OK"
586,10818915423,10818915457,1,"IOTHUB_CLIENT_CONFIRMATION_OK"
587,10818915756,10818915785,1,"IOTHUB_CLIENT_CONFIRMATION_OK"
588,10818916089,10818916118,1,"IOTHUB_CLIENT_CONFIRMATION_OK"
589,10818916422,10818916451,1,"IOTHUB_CLIENT_CONFIRMATION_OK"
590,10818916755,10818916869,1,"IOTHUB_CLIENT_CONFIRMATION_OK"
591,10818917088,10818917125,1,"IOTHUB_CLIENT_CONFIRMATION_OK"
592,10818917422,10818917477,1,"IOTHUB_CLIENT_CONFIRMATION_OK"
593,10818917755,10818917787,1,"IOTHUB_CLIENT_CONFIRMATION_OK"
594,10818918088,10818918121,1,"IOTHUB_CLIENT_CONFIRMATION_OK"
595,10818918421,10818918479,1,"IOTHUB_CLIENT_CONFIRMATION_OK"
596,10818918754,10818918785,1,"IOTHUB_CLIENT_CONFIRMATION_OK"
597,10818919087,10818919120,1,"IOTHUB_CLIENT_CONFIRMATION_OK"
598,10818919421,10818919451,1,"IOTHUB_CLIENT_CONFIRMATION_OK"
599,10818919754,10818919794,1,"IOTHUB_CLIENT_CONFIRMATION_OK"
600,10818920087,10818920234,1,"IOTHUB_CLIENT_CONFIRMATION_OK"
601,10818920420,10818920451,1,"IOTHUB_CLIENT_CONFIRMATION_OK"
602,10818920753,10818920790,1,"IOTHUB_CLIENT_CONFIRMATION_OK"
603,10818921086,10818921115,1,"IOTHUB_CLIENT_CONFIRMATION_OK"
604,10818921420,10818921452,1,"IOTHUB_CLIENT_CONFIRMATION_OK"
605,10818921753,10818921784,1,"IOTHUB_CLIENT_CONFIRMATION_OK"
606,10818922086,10818922119,1,"IOTHUB_CLIENT_CONFIRMATION_OK"
607,10818922419,10818922583,1,"IOTHUB_CLIENT_CONFIRMATION_OK"
608,10818922752,10818922782,1,"IOTHUB_CLIENT_CONFIRMATION_OK"
609,10818923085,10818923119,1,"IOTHUB_CLIENT_CONFIRMATION_OK"
610,10818923419,10818923450,1,"IOTHUB_CLIENT_CONFIRMATION_OK"
611,10818923752,10818923782,1,"IOTHUB_CLIENT_CONFIRMATION_OK"
612,10818924085,10818924118,1,"IOTHUB_CLIENT_CONFIRMATION_OK"
613,10818924418,10818924453,1,"IOTHUB_CLIENT_CONFIRMATION_OK"
614,10818924751,10818924780,1,"IOTHUB_CLIENT_CONFIRMATION_OK"
615,10818925084,10818925122,1,"IOTHUB_CLIENT_CONFIRMATION_OK"
616,10818925417,10818925449,1,"IOTHUB_CLIENT_CONFIRMATION_OK"
617,10818925751,10818925784,1,"IOTHUB_CLIENT_CONFIRMATION_OK"
618,10818926084,10818926117,1,"IOTHUB_CLIENT_CONFIRMATION_OK"
619,10818926417,10818926464,1,"IOTHUB_CLIENT_CONFIRMATION_OK"
620,10818926750,10818926782,1,"IOTHUB_CLIENT_CONFIRMATION_OK"
621,10818927083,10818927179,1,"IOTHUB_CLIENT_CONFIRMATION_OK"
622,10818927416,10818927450,1,"IOTHUB_CLIENT_CONFIRMATION_OK"
623,10818927750,10818927790,1,"IOTHUB_CLIENT_CONFIRMATION_OK"
624,10818928083,10818928114,1,"IOTHUB_CLIENT_CONFIRMATION_OK"
625,10818928416,10818928449,1,"IOTHUB_CLIENT_CONFIRMATION_OK"
626,10818928749,10818928793,1,"IOTHUB_CLIENT_CONFIRMATION_OK"
627,10818929082,10818929116,1,"IOTHUB_CLIENT_CONFIRMATION_OK"
628,10818929415,10818929448,1,"IOTHUB_CLIENT_CONFIRMATION_OK"
629,10818929749,10818929789,1,"IOTHUB_CLIENT_CONFIRMATION_OK"
630,10818930082,10818930120,1,"IOTHUB_CLIENT_CONFIRMATION_OK"
631,10818930415,10818930451,1,"IOTHUB_CLIENT_CONFIRMATION_OK"
632,10818930748,10818930787,1,"IOTHUB_CLIENT_CONFIRMATION_OK"
633,10818931081,10818931121,1,"IOTHUB_CLIENT_CONFIRMATION_OK"
634,10818931414,10818931445,1,"IOTHUB_CLIENT_CONFIRMATION_OK"
635,10818931747,10818931779,1,"IOTHUB_CLIENT_CONFIRMATION_OK"
636,10818932081,10818932117,1,"IOTHUB_CLIENT_CONFIRMATION_OK"
637,10818932414,10818932568,1,"IOTHUB_CLIENT_CONFIRMATION_OK"
638,10818932747,10818932777,1,"IOTHUB_CLIENT_CONFIRMATION_OK"
639,10818933080,10818933121,1,"IOTHUB_CLIENT_CONFIRMATION_OK"
640,10818933413,10818933444,1,"IOTHUB_CLIENT_CONFIRMATION_OK"
641,10818933746,10818933778,1,"IOTHUB_CLIENT_CONFIRMATION_OK"
642,10818934080,10818934111,1,"IOTHUB_CLIENT_CONFIRMATION_OK"
643,10818934413,10818934465,1,"IOTHUB_CLIENT_CONFIRMATION_OK"
644,10818934746,10818934777,1,"IOTHUB_CLIENT_CONFIRMATION_OK"
645,10818935079,10818935206,1,"IOTHUB_CLIENT_CONFIRMATION_OK"
646,10818935412,10818935448,1,"IOTHUB_CLIENT_CONFIRMATION_OK"
647,10818935745,10818935798,1,"IOTHUB_CLIENT_CONFIRMATION_OK"
648,10818936079,10818936111,1,"IOTHUB_CLIENT_CONFIRMATION_OK"
649,10818936412,10818936441,1,"IOTHUB_CLIENT_CONFIRMATION_OK"
650,10818936745,10818936779,1,"IOTHUB_CLIENT_CONFIRMATION_OK"
651,10818937078,10818937113,1,"IOTHUB_CLIENT_CONFIRMATION_OK"
652,10818937411,10818937443,1,"IOTHUB_CLIENT_CONFIRMATION_OK"
653,10818937744,10818937782,1,"IOTHUB_CLIENT_CONFIRMATION_OK"
654,10818938078,10818938107,1,"IOTHUB_CLIENT_CONFIRMATION_OK"
655,10818938411,10818938439,1,"IOTHUB_CLIENT_CONFIRMATION_OK"
656,10818938744,10818938775,1,"IOTHUB_CLIENT_CONFIRMATION_OK"
657,10818939077,10818939140,1,"IOTHUB_CLIENT_CONFIRMATION_OK"
658,10818939410,10818939456,1,"IOTHUB_CLIENT_CONFIRMATION_OK"
659,10818939743,10818939808,1,"IOTHUB_CLIENT_CONFIRMATION_OK"
660,10818940076,10818940109,1,"IOTHUB_CLIENT_CONFIRMATION_OK"
661,10818940410,10818940442,1,"IOTHUB_CLIENT_CONFIRMATION_OK"
662,10818940743,10818940779,1,"IOTHUB_CLIENT_CONFIRMATION_OK"
663,10818941076,10818941106,1,"IOTHUB_CLIENT_CONFIRMATION_OK"
664,10818941409,10818941492,1,"IOTHUB_CLIENT_CONFIRMATION_OK"
665,10818941742,10818941775,1,"IOTHUB_CLIENT_CONFIRMATION_OK"
666,10818942075,10818942112,1,"IOTHUB_CLIENT_CONFIRMATION_OK"
667,10818942409,10818942471,1,"IOTHUB_CLIENT_CONFIRMATION_OK"
668,10818942742,10818942771,1,"IOTHUB_CLIENT_CONFIRMATION_OK"
669,10818943075,10818943117,1,"IOTHUB_CLIENT_CONFIRMATION_OK"
670,10818943408,10818943438,1,"IOTHUB_CLIENT_CONFIRMATION_OK"
671,10818943741,10818943774,1,"IOTHUB_CLIENT_CONFIRMATION_OK"
672,10818944074,10818944108,1,"IOTHUB_CLIENT_CONFIRMATION_OK"
673,10818944408,10818944437,1,"IOTHUB_CLIENT_CONFIRMATION_OK"
674,10818944741,10818944777,1,"IOTHUB_CLIENT_CONFIRMATION_OK"
675,10818945074,10818945111,1,"IOTHUB_CLIENT_CONFIRMATION_OK"
676,10818945407,10818945445,1,"IOTHUB_CLIENT_CONFIRMATION_OK"
677,10818945740,10818945772,1,"IOTHUB_CLIENT_CONFIRMATION_OK"
678,10818946073,10818946104,1,"IOTHUB_CLIENT_CONFIRMATION_OK"
679,10818946407,10818946437,1,"IOTHUB_CLIENT_CONFIRMATION_OK"
680,10818946740,10818946772,1,"IOTHUB_CLIENT_CONFIRMATION_OK"
681,10818947073,10818947180,1,"IOTHUB_CLIENT_CONFIRMATION_OK"
682,10818947406,10818947436,1,"IOTHUB_CLIENT_CONFIRMATION_OK"
683,10818947739,10818947874,1,"IOTHUB_CLIENT_CONFIRMATION_OK"
684,10818948072,10818948102,1,"IOTHUB_CLIENT_CONFIRMATION_OK"
685,10818948405,10818948454,1,"IOTHUB_CLIENT_CONFIRMATION_OK"
686,10818948739,10818948770,1,"IOTHUB_CLIENT_CONFIRMATION_OK"
687,10818949072,10818949107,1,"IOTHUB_CLIENT_CONFIRMATION_OK"
688,10818949405,10818949470,1,"IOTHUB_CLIENT_CONFIRMATION_OK"
689,10818949738,10818949772,1,"IOTHUB_CLIENT_CONFIRMATION_OK"
690,10818950071,10818950105,1,"IOTHUB_CLIENT_CONFIRMATION_OK"
691,10818950404,10818950437,1,"IOTHUB_CLIENT_CONFIRMATION_OK"
692,10818950738,10818950771,1,"IOTHUB_CLIENT_CONFIRMATION_OK"
693,10818951071,10818951107,1,"IOTHUB_CLIENT_CONFIRMATION_OK"
694,10818951404,10818951436,1,"IOTHUB_CLIENT_CONFIRMATION_OK"
695,10818951737,10818951768,1,"IOTHUB_CLIENT_CONFIRMATION_OK"
696,10818952070,10818952102,1,"IOTHUB_CLIENT_CONFIRMATION_OK"
697,10818952403,10818952436,1,"IOTHUB_CLIENT_CONFIRMATION_OK"
698,10818952737,10818952766,1,"IOTHUB_CLIENT_CONFIRMATION_OK"
699,10818953070,10818953100,1,"IOTHUB_CLIENT_CONFIRMATION_OK"
700,10818953403,10818953526,1,"IOTHUB_CLIENT_CONFIRMATION_OK"
701,10818953736,10818953769,1,"IOTHUB_CLIENT_CONFIRMATION_OK"
702,10818954069,10818954151,1,"IOTHUB_CLIENT_CONFIRMATION_OK"
703,10818954402,10818954435,1,"IOTHUB_CLIENT_CONFIRMATION_OK"
704,10818954736,10818954769,1,"IOTHUB_CLIENT_CONFIRMATION_OK"
705,10818955069,10818955101,1,"IOTHUB_CLIENT_CONFIRMATION_OK"
706,10818955402,10818955444,1,"IOTHUB_CLIENT_CONFIRMATION_OK"
707,10818955735,10818955777,1,"IOTHUB_CLIENT_CONFIRMATION_OK"
708,10818956068,10818956108,1,"IOTHUB_CLIENT_CONFIRMATION_OK"
709,10818956401,10818956433,1,"IOTHUB_CLIENT_CONFIRMATION_OK"
710,10818956735,10818956766,1,"IOTHUB_CLIENT_CONFIRMATION_OK"
711,10818957068,10818957101,1,"IOTHUB_CLIENT_CONFIRMATION_OK"
712,10818957401,10818957433,1,"IOTHUB_CLIENT_CONFIRMATION_OK"
713,10818957734,10818957764,1,"IOTHUB_CLIENT_CONFIRMATION_OK"
714,10818958067,10818958099,1,"IOTHUB_CLIENT_CONFIRMATION_OK"
715,10818958400,10818958430,1,"IOTHUB_CLIENT_CONFIRMATION_OK"
716,10818958734,10818958763,1,"IOTHUB_CLIENT_CONFIRMATION_OK"
717,10818959067,10818959102,1,"IOTHUB_CLIENT_CONFIRMATION_OK"
718,10818959400,10818960108,1,"IOTHUB_CLIENT_CONFIRMATION_OK"
719,10818959733,10818960144,1,"IOTHUB_CLIENT_CONFIRMATION_OK"
720,10818960066,10818960171,1,"IOTHUB_CLIENT_CONFIRMATION_OK"
721,10818960399,10818960435,1,"IOTHUB_CLIENT_CONFIRMATION_OK"
722,10818960733,10818960776,1,"IOTHUB_CLIENT_CONFIRMATION_OK"
723,10818961066,10818961096,1,"IOTHUB_CLIENT_CONFIRMATION_OK"
724,10818961399,10818961434,1,"IOTHUB_CLIENT_CONFIRMATION_OK"
725,10818961732,10818961765,1,"IOTHUB_CLIENT_CONFIRMATION_OK"
726,10818962065,10818962151,1,"IOTHUB_CLIENT_CONFIRMATION_OK"
727,10818962398,10818962428,1,"IOTHUB_CLIENT_CONFIRMATION_OK"
728,10818962731,10818962768,1,"IOTHUB_CLIENT_CONFIRMATION_OK"
729,10818963065,10818963105,1,"IOTHUB_CLIENT_CONFIRMATION_OK"
730,10818963398,10818963435,1,"IOTHUB_CLIENT_CONFIRMATION_OK"
731,10818963731,10818963768,1,"IOTHUB_CLIENT_CONFIRMATION_OK"
732,10818964064,10818964096,1,"IOTHUB_CLIENT_CONFIRMATION_OK"
733,10818964397,10818964439,1,"IOTHUB_CLIENT_CONFIRMATION_OK"
734,10818964730,10818964761,1,"IOTHUB_CLIENT_CONFIRMATION_OK"
735,10818965064,10818965091,1,"IOTHUB_CLIENT_CONFIRMATION_OK"
736,10818965397,10818965426,1,"IOTHUB_CLIENT_CONFIRMATION_OK"
737,10818965730,10818965758,1,"IOTHUB_CLIENT_CONFIRMATION_OK"
738,10818966063,10818966215,1,"IOTHUB_CLIENT_CONFIRMATION_OK"
739,10818966396,10818966553,1,"IOTHUB_CLIENT_CONFIRMATION_OK"
740,10818966729,10818966761,1,"IOTHUB_CLIENT_CONFIRMATION_OK"
741,10818967063,10818967094,1,"IOTHUB_CLIENT_CONFIRMATION_OK"
742,10818967396,10818967425,1,"IOTHUB_CLIENT_CONFIRMATION_OK"
743,10818967729,10818967763,1,"IOTHUB_CLIENT_CONFIRMATION_OK"
744,10818968062,10818968122,1,"IOTHUB_CLIENT_CONFIRMATION_OK"
745,10818968395,10818968426,1,"IOTHUB_CLIENT_CONFIRMATION_OK"
746,10818968728,10818968757,1,"IOTHUB_CLIENT_CONFIRMATION_OK"
747,10818969062,10818969093,1,"IOTHUB_CLIENT_CONFIRMATION_OK"
748,10818969395,10818969427,1,"IOTHUB_CLIENT_CONFIRMATION_OK"
749,10818969728,10818969758,1,"IOTHUB_CLIENT_CONFIRMATION_OK"
750,10818970061,10818970214,1,"IOTHUB_CLIENT_CONFIRMATION_OK"
751,10818970394,10818970425,1,"IOTHUB_CLIENT_CONFIRMATION_OK"
752,10818970727,10818970773,1,"IOTHUB_CLIENT_CONFIRMATION_OK"
753,10818971061,10818971089,1,"IOTHUB_CLIENT_CONFIRMATION_OK"
754,10818971394,10818971428,1,"IOTHUB_CLIENT_CONFIRMATION_OK"
755,10818971727,10818971757,1,"IOTHUB_CLIENT_CONFIRMATION_OK"
756,10818972060,10818972093,1,"IOTHUB_CLIENT_CONFIRMATION_OK"
757,10818972393,10818972461,1,"IOTHUB_CLIENT_CONFIRMATION_OK"
758,10818972726,10818972757,1,"IOTHUB_CLIENT_CONFIRMATION_OK"
759,10818973060,10818973094,1,"IOTHUB_CLIENT_CONFIRMATION_OK"
760,10818973393,10818973428,1,"IOTHUB_CLIENT_CONFIRMATION_OK"
761,10818973726,10818973757,1,"IOTHUB_CLIENT_CONFIRMATION_OK"
762,10818974059,10818974144,1,"IOTHUB_CLIENT_CONFIRMATION_OK"
763,10818974392,10818974427,1,"IOTHUB_CLIENT_CONFIRMATION_OK"
764,10818974725,10818974756,1,"IOTHUB_CLIENT_CONFIRMATION_OK"
765,10818975059,10818975094,1,"IOTHUB_CLIENT_CONFIRMATION_OK"
766,10818975392,10818975425,1,"IOTHUB_CLIENT_CONFIRMATION_OK"
767,10818975725,10818975756,1,"IOTHUB_CLIENT_CONFIRMATION_OK"
768,10818976058,10818976090,1,"IOTHUB_CLIENT_CONFIRMATION_OK"
769,10818976391,10818976423,1,"IOTHUB_CLIENT_CONFIRMATION_OK"
770,10818976725,10818976757,1,"IOTHUB_CLIENT_CONFIRMATION_OK"
771,10818977058,10818977089,1,"IOTHUB_CLIENT_CONFIRMATION_OK"
772,10818977391,10818977419,1,"IOTHUB_CLIENT_CONFIRMATION_OK"
773,10818977724,10818977757,1,"IOTHUB_CLIENT_CONFIRMATION_OK"
774,10818978057,10818978195,1,"IOTHUB_CLIENT_CONFIRMATION_OK"
775,10818978390,10818978421,1,"IOTHUB_CLIENT_CONFIRMATION_OK"
776,10818978724,10818978805,1,"IOTHUB_CLIENT_CONFIRMATION_OK"
777,10818979057,10818979091,1,"IOTHUB_CLIENT_CONFIRMATION_OK"
778,10818979390,10818979427,1,"IOTHUB_CLIENT_CONFIRMATION_OK"
779,10818979723,10818979758,1,"IOTHUB_CLIENT_CONFIRMATION_OK"
780,10818980056,10818980111,1,"IOTHUB_CLIENT_CONFIRMATION_OK"
781,10818980389,10818980440,1,"IOTHUB_CLIENT_CONFIRMATION_OK"
782,10818980723,10818980812,1,"IOTHUB_CLIENT_CONFIRMATION_OK"
783,10818981056,10818981089,1,"IOTHUB_CLIENT_CONFIRMATION_OK"
784,10818981389,10818981421,1,"IOTHUB_CLIENT_CONFIRMATION_OK"
785,10818981722,10818981767,1,"IOTHUB_CLIENT_CONFIRMATION_OK"
786,10818982055,10818982087,1,"IOTHUB_CLIENT_CONFIRMATION_OK"
787,10818982388,10818982537,1,"IOTHUB_CLIENT_CONFIRMATION_OK"
788,10818982722,10818982777,1,"IOTHUB_CLIENT_CONFIRMATION_OK"
789,10818983055,10818983087,1,"IOTHUB_CLIENT_CONFIRMATION_OK"
790,10818983388,10818983421,1,"IOTHUB_CLIENT_CONFIRMATION_OK"
791,10818983721,10818983756,1,"IOTHUB_CLIENT_CONFIRMATION_OK"
792,10818984054,10818984086,1,"IOTHUB_CLIENT_CONFIRMATION_OK"
793,10818984387,10818984418,1,"IOTHUB_CLIENT_CONFIRMATION_OK"
794,10818984721,10818984752,1,"IOTHUB_CLIENT_CONFIRMATION_OK"
795,10818985054,10818985083,1,"IOTHUB_CLIENT_CONFIRMATION_OK"
796,10818985387,10818985420,1,"IOTHUB_CLIENT_CONFIRMATION_OK"
797,10818985720,10818985751,1,"IOTHUB_CLIENT_CONFIRMATION_OK"
798,10818986053,10818986094,1,"IOTHUB_CLIENT_CONFIRMATION_OK"
799,10818986386,10818986420,1,"IOTHUB_CLIENT_CONFIRMATION_OK"
800,10818986720,10818986752,1,"IOTHUB_CLIENT_CONFIRMATION_OK"
801,10818987053,10818987092,1,"IOTHUB_CLIENT_CONFIRMATION_OK"
802,10818987386,10818987419,1,"IOTHUB_CLIENT_CONFIRMATION_OK"
803,10818987719,10818987757,1,"IOTHUB_CLIENT_CONFIRMATION_OK"
804,10818988052,10818988084,1,"IOTHUB_CLIENT_CONFIRMATION_OK"
805,10818988385,10818988580,1,"IOTHUB_CLIENT_CONFIRMATION_OK"
806,10818988719,10818988752,1,"IOTHUB_CLIENT_CONFIRMATION_OK"
807,10818989052,10818989081,1,"IOTHUB_CLIENT_CONFIRMATION_OK"
808,10818989385,10818989418,1,"IOTHUB_CLIENT_CONFIRMATION_OK"
809,10818989718,10818989748,1,"IOTHUB_CLIENT_CONFIRMATION_OK"
810,10818990051,10818990086,1,"IOTHUB_CLIENT_CONFIRMATION_OK"
811,10818990385,10818990415,1,"IOTHUB_CLIENT_CONFIRMATION_OK"
812,10818990718,10818990815,1,"IOTHUB_CLIENT_CONFIRMATION_OK"
813,10818991051,10818991084,1,"IOTHUB_CLIENT_CONFIRMATION_OK"
814,10818991384,10818991433,1,"IOTHUB_CLIENT_CONFIRMATION_OK"
815,10818991717,10818991749,1,"IOTHUB_CLIENT_CONFIRMATION_OK"
816,10818992050,10818992079,1,"IOTHUB_CLIENT_CONFIRMATION_OK"
817,10818992384,10818992416,1,"IOTHUB_CLIENT_CONFIRMATION_OK"
818,10818992717,10818992771,1,"IOTHUB_CLIENT_CONFIRMATION_OK"
819,10818993050,10818993396,1,"IOTHUB_CLIENT_CONFIRMATION_OK"
820,10818993383,10818993426,1,"IOTHUB_CLIENT_CONFIRMATION_OK"
821,10818993716,10818993746,1,"IOTHUB_CLIENT_CONFIRMATION_OK"
822,10818994049,10818994079,1,"IOTHUB_CLIENT_CONFIRMATION_OK"
823,10818994383,10818994422,1,"IOTHUB_CLIENT_CONFIRMATION_OK"
824,10818994716,10818994749,1,"IOTHUB_CLIENT_CONFIRMATION_OK"
825,10818995049,10818995078,1,"IOTHUB_CLIENT_CONFIRMATION_OK"
826,10818995382,10818995416,1,"IOTHUB_CLIENT_CONFIRMATION_OK"
827,10818995715,10818995760,1,"IOTHUB_CLIENT_CONFIRMATION_OK"
828,10818996048,10818996082,1,"IOTHUB_CLIENT_CONFIRMATION_OK"
829,10818996382,10818996415,1,"IOTHUB_CLIENT_CONFIRMATION_OK"
830,10818996715,10818996745,1,"IOTHUB_CLIENT_CONFIRMATION_OK"
831,10818997048,10818997165,1,"IOTHUB_CLIENT_CONFIRMATION_OK"
832,10818997381,10818997412,1,"IOTHUB_CLIENT_CONFIRMATION_OK"
833,10818997714,10818997767,1,"IOTHUB_CLIENT_CONFIRMATION_OK"
834,10818998047,10818998079,1,"IOTHUB_CLIENT_CONFIRMATION_OK"
835,10818998381,10818998414,1,"IOTHUB_CLIENT_CONFIRMATION_OK"
836,10818998714,10818998770,1,"IOTHUB_CLIENT_CONFIRMATION_OK"
837,10818999047,10818999228,1,"IOTHUB_CLIENT_CONFIRMATION_OK"
838,10818999380,10818999439,1,"IOTHUB_CLIENT_CONFIRMATION_OK"
839,10818999713,10818999744,1,"IOTHUB_CLIENT_CONFIRMATION_OK"
840,10819000046,10819000077,1,"IOTHUB_CLIENT_CONFIRMATION_OK"
841,10819000380,10819000410,1,"IOTHUB_CLIENT_CONFIRMATION_OK"
842,10819000713,10819000746,1,"IOTHUB_CLIENT_CONFIRMATION_OK"
843,10819001046,10819001090,1,"IOTHUB_CLIENT_CONFIRMATION_OK"
844,10819001379,10819001408,1,"IOTHUB_CLIENT_CONFIRMATION_OK"
845,10819001712,10819001747,1,"IOTHUB_CLIENT_CONFIRMATION_OK"
846,10819002045,10819002082,1,"IOTHUB_CLIENT_CONFIRMATION_OK"
847,10819002379,10819002414,1,"IOTHUB_CLIENT_CONFIRMATION_OK"
848,10819002712,10819002747,1,"IOTHUB_CLIENT_CONFIRMATION_OK"
849,10819003045,10819003077,1,"IOTHUB_CLIENT_CONFIRMATION_OK"
850,10819003378,10819003412,1,"IOTHUB_CLIENT_CONFIRMATION_OK"
851,10819003711,10819003746,1,"IOTHUB_CLIENT_CONFIRMATION_OK"
852,10819004044,10819004114,1,"IOTHUB_CLIENT_CONFIRMATION_OK"
853,10819004378,10819004408,1,"IOTHUB_CLIENT_CONFIRMATION_OK"
854,10819004711,10819004743,1,"IOTHUB_CLIENT_CONFIRMATION_OK"
855,10819005044,10819005126,1,"IOTHUB_CLIENT_CONFIRMATION_OK"
856,10819005377,10819005409,1,"IOTHUB_CLIENT_CONFIRMATION_OK"
857,10819005710,10819005753,1,"IOTHUB_CLIENT_CONFIRMATION_OK"
858,10819006043,10819006075,1,"IOTHUB_CLIENT_CONFIRMATION_OK"
859,10819006377,10819006409,1,"IOTHUB_CLIENT_CONFIRMATION_OK"
860,10819006710,10819006742,1,"IOTHUB_CLIENT_CONFIRMATION_OK"
861,10819007043,10819007075,1,"IOTHUB_CLIENT_CONFIRMATION_OK"
862,10819007376,10819007408,1,"IOTHUB_CLIENT_CONFIRMATION_OK"
863,10819007709,10819007742,1,"IOTHUB_CLIENT_CONFIRMATION_OK"
864,10819008042,10819008076,1,"IOTHUB_CLIENT_CONFIRMATION_OK"
865,10819008376,10819008409,1,"IOTHUB_CLIENT_CONFIRMATION_OK"
866,10819008709,10819008742,1,"IOTHUB_CLIENT_CONFIRMATION_OK"
867,10819009042,10819009083,1,"IOTHUB_CLIENT_CONFIRMATION_OK"
868,10819009375,10819009406,1,"IOTHUB_CLIENT_CONFIRMATION_OK"
869,10819009708,10819009737,1,"IOTHUB_CLIENT_CONFIRMATION_OK"
870,10819010041,10819010073,1,"IOTHUB_CLIENT_CONFIRMATION_OK"
871,10819010374,10819010439,1,"IOTHUB_CLIENT_CONFIRMATION_OK"
872,10819010708,10819010740,1,"IOTHUB_CLIENT_CONFIRMATION_OK"
873,10819011041,10819011076,1,"IOTHUB_CLIENT_CONFIRMATION_OK"
874,10819011374,10819011473,1,"IOTHUB_CLIENT_CONFIRMATION_OK"
875,10819011707,10819011740,1,"IOTHUB_CLIENT_CONFIRMATION_OK"
876,10819012040,10819012069,1,"IOTHUB_CLIENT_CONFIRMATION_OK"
877,10819012373,10819012406,1,"IOTHUB_CLIENT_CONFIRMATION_OK"
878,10819012707,10819012744,1,"IOTHUB_CLIENT_CONFIRMATION_OK"
879,10819013040,10819013074,1,"IOTHUB_CLIENT_CONFIRMATION_OK"
880,10819013373,10819013428,1,"IOTHUB_CLIENT_CONFIRMATION_OK"
881,10819013706,10819013738,1,"IOTHUB_CLIENT_CONFIRMATION_OK"
882,10819014039,10819014072,1,"IOTHUB_CLIENT_CONFIRMATION_OK"
883,10819014372,10819014403,1,"IOTHUB_CLIENT_CONFIRMATION_OK"
884,10819014706,10819014894,1,"IOTHUB_CLIENT_CONFIRMATION_OK"
885,10819015039,10819015202,1,"IOTHUB_CLIENT_CONFIRMATION_OK"
886,10819015372,10819015419,1,"IOTHUB_CLIENT_CONFIRMATION_OK"
887,10819015705,10819015733,1,"IOTHUB_CLIENT_CONFIRMATION_OK"
888,10819016038,10819016069,1,"IOTHUB_CLIENT_CONFIRMATION_OK"
889,10819016371,10819016404,1,"IOTHUB_CLIENT_CONFIRMATION_OK"
890,10819016705,10819016738,1,"IOTHUB_CLIENT_CONFIRMATION_OK"
891,10819017038,10819017072,1,"IOTHUB_CLIENT_CONFIRMATION_OK"
892,10819017371,10819017402,1,"IOTHUB_CLIENT_CONFIRMATION_OK"
893,10819017704,10819017804,1,"IOTHUB_CLIENT_CONFIRMATION_OK"
894,10819018037,10819018071,1,"IOTHUB_CLIENT_CONFIRMATION_OK"
895,10819018370,10819018413,1,"IOTHUB_CLIENT_CONFIRMATION_OK"
896,10819018704,10819018738,1,"IOTHUB_CLIENT_CONFIRMATION_OK"
897,10819019037,10819019069,1,"IOTHUB_CLIENT_CONFIRMATION_OK"
898,10819019370,10819019415,1,"IOTHUB_CLIENT_CONFIRMATION_OK"
899,10819019703,10819019734,1,"IOTHUB_CLIENT_CONFIRMATION_OK"
