Message ID,Send Time,Receive Time,Status,Error
0,10818720166,10818720323,1,"IOTHUB_CLIENT_CONFIRMATION_OK"
1,10818720499,10818720532,1,"IOTHUB_CLIENT_CONFIRMATION_OK"
2,10818720833,10818720878,1,"IOTHUB_CLIENT_CONFIRMATION_OK"
3,10818721166,10818721199,1,"IOTHUB_CLIENT_CONFIRMATION_OK"
4,10818721499,10818721582,1,"IOTHUB_CLIENT_CONFIRMATION_OK"
5,10818721832,10818721861,1,"IOTHUB_CLIENT_CONFIRMATION_OK"
6,10818722165,10818722193,1,"IOTHUB_CLIENT_CONFIRMATION_OK"
7,10818722498,10818722536,1,"IOTHUB_CLIENT_CONFIRMATION_OK"
8,10818722832,10818722861,1,"IOTHUB_CLIENT_CONFIRMATION_OK"
9,10818723165,10818723198,1,"IOTHUB_CLIENT_CONFIRMATION_OK"
10,10818723498,10818723526,1,"IOTHUB_CLIENT_CONFIRMATION_OK"
11,10818723831,10818724007,1,"IOTHUB_CLIENT_CONFIRMATION_OK"
12,10818724164,10818724192,1,"IOTHUB_CLIENT_CONFIRMATION_OK"
13,10818724497,10818724525,1,"IOTHUB_CLIENT_CONFIRMATION_OK"
14,10818724831,10818724859,1,"IOTHUB_CLIENT_CONFIRMATION_OK"
15,10818725164,10818725231,1,"IOTHUB_CLIENT_CONFIRMATION_OK"
16,10818725497,10818725529,1,"IOTHUB_CLIENT_CONFIRMATION_OK"
17,10818725830,10818725857,1,"IOTHUB_CLIENT_CONFIRMATION_OK"
18,10818726163,10818726194,1,"IOTHUB_CLIENT_CONFIRMATION_OK"
19,10818726496,10818726526,1,"IOTHUB_CLIENT_CONFIRMATION_OK"
20,10818726829,10818726861,1,"IOTHUB_CLIENT_CONFIRMATION_OK"
21,10818727163,10818727191,1,"IOTHUB_CLIENT_CONFIRMATION_OK"
22,10818727496,10818727540,1,"IOTHUB_CLIENT_CONFIRMATION_OK"
23,10818727829,10818727864,1,"IOTHUB_CLIENT_CONFIRMATION_OK"
24,10818728162,10818728190,1,"IOTHUB_CLIENT_CONFIRMATION_OK"
25,10818728495,10818728527,1,"IOTHUB_CLIENT_CONFIRMATION_OK"
26,10818728828,10818728913,1,"IOTHUB_CLIENT_CONFIRMATION_OK"
27,10818729161,10818729304,1,"IOTHUB_CLIENT_CONFIRMATION_OK"
28,10818729495,10818729523,1,"IOTHUB_CLIENT_CONFIRMATION_OK"
29,10818729828,10818729953,1,"IOTHUB_CLIENT_CONFIRMATION_OK"
30,10818730161,10818730200,1,"IOTHUB_CLIENT_CONFIRMATION_OK"
31,10818730494,10818730523,1,"IOTHUB_CLIENT_CONFIRMATION_OK"
32,10818730827,10818730859,1,"IOTHUB_CLIENT_CONFIRMATION_OK"
33,10818731160,10818731191,1,"IOTHUB_CLIENT_CONFIRMATION_OK"
34,10818731494,10818731523,1,"IOTHUB_CLIENT_CONFIRMATION_OK"
35,10818731827,10818731855,1,"IOTHUB_CLIENT_CONFIRMATION_OK"
36,10818732160,10818732187,1,"IOTHUB_CLIENT_CONFIRMATION_OK"
37,10818732493,10818732524,1,"IOTHUB_CLIENT_CONFIRMATION_OK"
38,10818732826,10818732856,1,"IOTHUB_CLIENT_CONFIRMATION_OK"
39,10818733159,10818733190,1,"IOTHUB_CLIENT_CONFIRMATION_OK"
40,10818733493,10818733526,1,"IOTHUB_CLIENT_CONFIRMATION_OK"
41,10818733826,10818733985,1,"IOTHUB_CLIENT_CONFIRMATION_OK"
42,10818734159,10818734187,1,"IOTHUB_CLIENT_CONFIRMATION_OK"
43,10818734492,10818734750,1,"IOTHUB_CLIENT_CONFIRMATION_OK"
44,10818734825,10818734855,1,"IOTHUB_CLIENT_CONFIRMATION_OK"
45,10818735158,10818735187,1,"IOTHUB_CLIENT_CONFIRMATION_OK"
46,10818735491,10818735520,1,"IOTHUB_CLIENT_CONFIRMATION_OK"
47,10818735825,10818735856,1,"IOTHUB_CLIENT_CONFIRMATION_OK"
48,10818736158,10818736187,1,"IOTHUB_CLIENT_CONFIRMATION_OK"
49,10818736491,10818736522,1,"IOTHUB_CLIENT_CONFIRMATION_OK"
50,10818736824,10818736853,1,"IOTHUB_CLIENT_CONFIRMATION_OK"
51,10818737157,10818737185,1,"IOTHUB_CLIENT_CONFIRMATION_OK"
52,10818737491,10818737521,1,"IOTHUB_CLIENT_CONFIRMATION_OK"
53,10818737824,10818737870,1,"IOTHUB_CLIENT_CONFIRMATION_OK"
54,10818738157,10818738192,1,"IOTHUB_CLIENT_CONFIRMATION_OK"
55,10818738490,10818738519,1,"IOTHUB_CLIENT_CONFIRMATION_OK"
56,10818738823,10818738852,1,"IOTHUB_CLIENT_CONFIRMATION_OK"
57,10818739156,10818739217,1,"IOTHUB_CLIENT_CONFIRMATION_OK"
58,10818739489,10818739519,1,"IOTHUB_CLIENT_CONFIRMATION_OK"
59,10818739823,10818739851,1,"IOTHUB_CLIENT_CONFIRMATION_OK"
60,10818740156,10818740185,1,"IOTHUB_CLIENT_CONFIRMATION_OK"
61,10818740489,10818740517,1,"IOTHUB_CLIENT_CONFIRMATION_OK"
62,10818740822,10818740851,1,"IOTHUB_CLIENT_CONFIRMATION_OK"
63,10818741155,10818741183,1,"IOTHUB_CLIENT_CONFIRMATION_OK"
64,10818741488,10818741517,1,"IOTHUB_CLIENT_CONFIRMATION_OK"
65,10818741822,10818741851,1,"IOTHUB_CLIENT_CONFIRMATION_OK"
66,10818742155,10818742183,1,"IOTHUB_CLIENT_CONFIRMATION_OK"
67,10818742488,10818742516,1,"IOTHUB_CLIENT_CONFIRMATION_OK"
68,10818742821,10818742879,1,"IOTHUB_CLIENT_CONFIRMATION_OK"
69,10818743154,10818743182,1,"IOTHUB_CLIENT_CONFIRMATION_OK"
70,10818743487,10818743645,1,"IOTHUB_CLIENT_CONFIRMATION_OK"
71,10818743821,10818743896,1,"IOTHUB_CLIENT_CONFIRMATION_OK"
72,10818744154,10818744182,1,"IOTHUB_CLIENT_CONFIRMATION_OK"
73,10818744487,10818744517,1,"IOTHUB_CLIENT_CONFIRMATION_OK"
74,10818744820,10818744850,1,"IOTHUB_CLIENT_CONFIRMATION_OK"
75,10818745153,10818745182,1,"IOTHUB_CLIENT_CONFIRMATION_OK"
76,10818745486,10818745515,1,"IOTHUB_CLIENT_CONFIRMATION_OK"
77,10818745820,10818745847,1,"IOTHUB_CLIENT_CONFIRMATION_OK"
78,10818746153,10818746381,1,"IOTHUB_CLIENT_CONFIRMATION_OK"
79,10818746486,10818746518,1,"IOTHUB_CLIENT_CONFIRMATION_OK"
80,10818746819,10818746848,1,"IOTHUB_CLIENT_CONFIRMATION_OK"
81,10818747152,10818747181,1,"IOTHUB_CLIENT_CONFIRMATION_OK"
82,10818747485,10818747586,1,"IOTHUB_CLIENT_CONFIRMATION_OK"
83,10818747819,10818747847,1,"IOTHUB_CLIENT_CONFIRMATION_OK"
84,10818748152,10818748181,1,"IOTHUB_CLIENT_CONFIRMATION_OK"
85,10818748485,10818748516,1,"IOTHUB_CLIENT_CONFIRMATION_OK"
86,10818748818,10818748846,1,"IOTHUB_CLIENT_CONFIRMATION_OK"
87,10818749151,10818749217,1,"IOTHUB_CLIENT_CONFIRMATION_OK"
88,10818749484,10818749514,1,"IOTHUB_CLIENT_CONFIRMATION_OK"
89,10818749818,10818749846,1,"IOTHUB_CLIENT_CONFIRMATION_OK"
90,10818750151,10818750180,1,"IOTHUB_CLIENT_CONFIRMATION_OK"
91,10818750484,10818750515,1,"IOTHUB_CLIENT_CONFIRMATION_OK"
92,10818750817,10818750851,1,"IOTHUB_CLIENT_CONFIRMATION_OK"
93,10818751150,10818751180,1,"IOTHUB_CLIENT_CONFIRMATION_OK"
94,10818751483,10818751513,1,"IOTHUB_CLIENT_CONFIRMATION_OK"
95,10818751816,10818751845,1,"IOTHUB_CLIENT_CONFIRMATION_OK"
96,10818752150,10818752259,1,"IOTHUB_CLIENT_CONFIRMATION_OK"
97,10818752483,10818752518,1,"IOTHUB_CLIENT_CONFIRMATION_OK"
98,10818752816,10818752852,1,"IOTHUB_CLIENT_CONFIRMATION_OK"
99,10818753149,10818753272,1,"IOTHUB_CLIENT_CONFIRMATION_OK"
100,10818753482,10818753511,1,"IOTHUB_CLIENT_CONFIRMATION_OK"
101,10818753815,10818753900,1,"IOTHUB_CLIENT_CONFIRMATION_OK"
102,10818754149,10818754178,1,"IOTHUB_CLIENT_CONFIRMATION_OK"
103,10818754482,10818754541,1,"IOTHUB_CLIENT_CONFIRMATION_OK"
104,10818754815,10818754844,1,"IOTHUB_CLIENT_CONFIRMATION_OK"
105,10818755148,10818755177,1,"IOTHUB_CLIENT_CONFIRMATION_OK"
106,10818755481,10818755510,1,"IOTHUB_CLIENT_CONFIRMATION_OK"
107,10818755814,10818755843,1,"IOTHUB_CLIENT_CONFIRMATION_OK"
108,10818756148,10818756332,1,"IOTHUB_CLIENT_CONFIRMATION_OK"
109,10818756481,10818756512,1,"IOTHUB_CLIENT_CONFIRMATION_OK"
110,10818756814,10818756842,1,"IOTHUB_CLIENT_CONFIRMATION_OK"
111,10818757147,10818757175,1,"IOTHUB_CLIENT_CONFIRMATION_OK"
112,10818757480,10818757542,1,"IOTHUB_CLIENT_CONFIRMATION_OK"
113,10818757813,10818757854,1,"IOTHUB_CLIENT_CONFIRMATION_OK"
114,10818758147,10818758177,1,"IOTHUB_CLIENT_CONFIRMATION_OK"
115,10818758480,10818758511,1,"IOTHUB_CLIENT_CONFIRMATION_OK"
116,10818758813,10818758841,1,"IOTHUB_CLIENT_CONFIRMATION_OK"
117,10818759146,10818759174,1,"IOTHUB_CLIENT_CONFIRMATION_OK"
118,10818759479,10818759511,1,"IOTHUB_CLIENT_CONFIRMATION_OK"
119,10818759812,10818759842,1,"IOTHUB_CLIENT_CONFIRMATION_OK"
120,10818760146,10818760174,1,"IOTHUB_CLIENT_CONFIRMATION_OK"
121,10818760479,10818760507,1,"IOTHUB_CLIENT_CONFIRMATION_OK"
122,10818760812,10818760843,1,"IOTHUB_CLIENT_CONFIRMATION_OK"
123,10818761145,10818761295,1,"IOTHUB_CLIENT_CONFIRMATION_OK"
124,10818761478,10818761606,1,"IOTHUB_CLIENT_CONFIRMATION_OK"
125,10818761811,10818761843,1,"IOTHUB_CLIENT_CONFIRMATION_OK"
126,10818762145,10818762173,1,"IOTHUB_CLIENT_CONFIRMATION_OK"
127,10818762478,10818762507,1,"IOTHUB_CLIENT_CONFIRMATION_OK"
128,10818762811,10818762838,1,"IOTHUB_CLIENT_CONFIRMATION_OK"
129,10818763144,10818763172,1,"IOTHUB_CLIENT_CONFIRMATION_OK"
130,10818763477,10818763509,1,"IOTHUB_CLIENT_CONFIRMATION_OK"
131,10818763810,10818763954,1,"IOTHUB_CLIENT_CONFIRMATION_OK"
132,10818764144,10818764172,1,"IOTHUB_CLIENT_CONFIRMATION_OK"
133,10818764477,10818764590,1,"IOTHUB_CLIENT_CONFIRMATION_OK"
134,10818764810,10818764841,1,"IOTHUB_CLIENT_CONFIRMATION_OK"
135,10818765143,10818765180,1,"IOTHUB_CLIENT_CONFIRMATION_OK"
136,10818765476,10818765505,1,"IOTHUB_CLIENT_CONFIRMATION_OK"
137,10818765809,10818765838,1,"IOTHUB_CLIENT_CONFIRMATION_OK"
138,10818766142,10818766185,1,"IOTHUB_CLIENT_CONFIRMATION_OK"
139,10818766476,10818766505,1,"IOTHUB_CLIENT_CONFIRMATION_OK"
140,10818766809,10818766837,1,"IOTHUB_CLIENT_CONFIRMATION_OK"
141,10818767142,10818767169,1,"IOTHUB_CLIENT_CONFIRMATION_OK"
142,10818767475,10818767503,1,"IOTHUB_CLIENT_CONFIRMATION_OK"
143,10818767808,10818767845,1,"IOTHUB_CLIENT_CONFIRMATION_OK"
144,10818768141,10818768171,1,"IOTHUB_CLIENT_CONFIRMATION_OK"
145,10818768475,10818768503,1,"IOTHUB_CLIENT_CONFIRMATION_OK"
146,10818768808,10818768835,1,"IOTHUB_CLIENT_CONFIRMATION_OK"
147,10818769141,10818769245,1,"IOTHUB_CLIENT_CONFIRMATION_OK"
148,10818769474,10818769502,1,"IOTHUB_CLIENT_CONFIRMATION_OK"
149,10818769807,10818769836,1,"IOTHUB_CLIENT_CONFIRMATION_OK"
150,10818770140,10818770170,1,"IOTHUB_CLIENT_CONFIRMATION_OK"
151,10818770474,10818770506,1,"IOTHUB_CLIENT_CONFIRMATION_OK"
152,10818770807,10818770834,1,"IOTHUB_CLIENT_CONFIRMATION_OK"
153,10818771140,10818771170,1,"IOTHUB_CLIENT_CONFIRMATION_OK"
154,10818771473,10818771502,1,"IOTHUB_CLIENT_CONFIRMATION_OK"
155,10818771806,10818771834,1,"IOTHUB_CLIENT_CONFIRMATION_OK"
156,10818772139,10818772170,1,"IOTHUB_CLIENT_CONFIRMATION_OK"
157,10818772473,10818772500,1,"IOTHUB_CLIENT_CONFIRMATION_OK"
158,10818772806,10818772832,1,"IOTHUB_CLIENT_CONFIRMATION_OK"
159,10818773139,10818773167,1,"IOTHUB_CLIENT_CONFIRMATION_OK"
160,10818773472,10818773501,1,"IOTHUB_CLIENT_CONFIRMATION_OK"
161,10818773805,10818773947,1,"IOTHUB_CLIENT_CONFIRMATION_OK"
162,10818774138,10818774166,1,"IOTHUB_CLIENT_CONFIRMATION_OK"
163,10818774471,10818774556,1,"IOTHUB_CLIENT_CONFIRMATION_OK"
164,10818774805,10818774834,1,"IOTHUB_CLIENT_CONFIRMATION_OK"
165,10818775138,10818775167,1,"IOTHUB_CLIENT_CONFIRMATION_OK"
166,10818775471,10818775499,1,"IOTHUB_CLIENT_CONFIRMATION_OK"
167,10818775804,10818775833,1,"IOTHUB_CLIENT_CONFIRMATION_OK"
168,10818776137,10818776167,1,"IOTHUB_CLIENT_CONFIRMATION_OK"
169,10818776470,10818776508,1,"IOTHUB_CLIENT_CONFIRMATION_OK"
170,10818776804,10818776832,1,"IOTHUB_CLIENT_CONFIRMATION_OK"
171,10818777137,10818777164,1,"IOTHUB_CLIENT_CONFIRMATION_OK"
172,10818777470,10818777499,1,"IOTHUB_CLIENT_CONFIRMATION_OK"
173,10818777803,10818777831,1,"IOTHUB_CLIENT_CONFIRMATION_OK"
174,10818778136,10818778164,1,"IOTHUB_CLIENT_CONFIRMATION_OK"
175,10818778469,10818778497,1,"IOTHUB_CLIENT_CONFIRMATION_OK"
176,10818778802,10818778831,1,"IOTHUB_CLIENT_CONFIRMATION_OK"
177,10818779136,10818779221,1,"IOTHUB_CLIENT_CONFIRMATION_OK"
178,10818779469,10818779502,1,"IOTHUB_CLIENT_CONFIRMATION_OK"
179,10818779802,10818779836,1,"IOTHUB_CLIENT_CONFIRMATION_OK"
180,10818780135,10818780165,1,"IOTHUB_CLIENT_CONFIRMATION_OK"
181,10818780468,10818780649,1,"IOTHUB_CLIENT_CONFIRMATION_OK"
182,10818780801,10818780830,1,"IOTHUB_CLIENT_CONFIRMATION_OK"
183,10818781135,10818781177,1,"IOTHUB_CLIENT_CONFIRMATION_OK"
184,10818781468,10818781497,1,"IOTHUB_CLIENT_CONFIRMATION_OK"
185,10818781801,10818781834,1,"IOTHUB_CLIENT_CONFIRMATION_OK"
186,10818782134,10818782163,1,"IOTHUB_CLIENT_CONFIRMATION_OK"
187,10818782467,10818782495,1,"IOTHUB_CLIENT_CONFIRMATION_OK"
188,10818782800,10818782829,1,"IOTHUB_CLIENT_CONFIRMATION_OK"
189,10818783133,10818783162,1,"IOTHUB_CLIENT_CONFIRMATION_OK"
190,10818783467,10818783504,1,"IOTHUB_CLIENT_CONFIRMATION_OK"
191,10818783800,10818783898,1,"IOTHUB_CLIENT_CONFIRMATION_OK"
192,10818784133,10818784164,1,"IOTHUB_CLIENT_CONFIRMATION_OK"
193,10818784466,10818784506,1,"IOTHUB_CLIENT_CONFIRMATION_OK"
194,10818784799,10818784835,1,"IOTHUB_CLIENT_CONFIRMATION_OK"
195,10818785132,10818785160,1,"IOTHUB_CLIENT_CONFIRMATION_OK"
196,10818785466,10818785494,1,"IOTHUB_CLIENT_CONFIRMATION_OK"
197,10818785799,10818785827,1,"IOTHUB_CLIENT_CONFIRMATION_OK"
198,10818786132,10818786163,1,"IOTHUB_CLIENT_CONFIRMATION_OK"
199,10818786465,10818786500,1,"IOTHUB_CLIENT_CONFIRMATION_OK"
200,10818786798,10818786841,1,"IOTHUB_CLIENT_CONFIRMATION_OK"
201,10818787131,10818787159,1,"IOTHUB_CLIENT_CONFIRMATION_OK"
202,10818787465,10818787494,1,"IOTHUB_CLIENT_CONFIRMATION_OK"
203,10818787798,10818787838,1,"IOTHUB_CLIENT_CONFIRMATION_OK"
204,10818788131,10818788160,1,"IOTHUB_CLIENT_CONFIRMATION_OK"
205,10818788464,10818788567,1,"IOTHUB_CLIENT_CONFIRMATION_OK"
206,10818788797,10818788825,1,"IOTHUB_CLIENT_CONFIRMATION_OK"
207,10818789130,10818789168,1,"IOTHUB_CLIENT_CONFIRMATION_OK"
208,10818789464,10818789496,1,"IOTHUB_CLIENT_CONFIRMATION_OK"
209,10818789797,10818789827,1,"IOTHUB_CLIENT_CONFIRMATION_OK"
210,10818790130,10818790159,1,"IOTHUB_CLIENT_CONFIRMATION_OK"
211,10818790463,10818790494,1,"IOTHUB_CLIENT_CONFIRMATION_OK"
212,10818790796,10818790830,1,"IOTHUB_CLIENT_CONFIRMATION_OK"
213,10818791129,10818791157,1,"IOTHUB_CLIENT_CONFIRMATION_OK"
214,10818791463,10818791497,1,"IOTHUB_CLIENT_CONFIRMATION_OK"
215,10818791796,10818791823,1,"IOTHUB_CLIENT_CONFIRMATION_OK"
216,10818792129,10818792157,1,"IOTHUB_CLIENT_CONFIRMATION_OK"
217,10818792462,10818792490,1,"IOTHUB_CLIENT_CONFIRMATION_OK"
218,10818792795,10818792827,1,"IOTHUB_CLIENT_CONFIRMATION_OK"
219,10818793128,10818793156,1,"IOTHUB_CLIENT_CONFIRMATION_OK"
220,10818793462,10818793493,1,"IOTHUB_CLIENT_CONFIRMATION_OK"
221,10818793795,10818793823,1,"IOTHUB_CLIENT_CONFIRMATION_OK"
222,10818794128,10818794156,1,"IOTHUB_CLIENT_CONFIRMATION_OK"
223,10818794461,10818794565,1,"IOTHUB_CLIENT_CONFIRMATION_OK"
224,10818794794,10818794824,1,"IOTHUB_CLIENT_CONFIRMATION_OK"
225,10818795127,10818795159,1,"IOTHUB_CLIENT_CONFIRMATION_OK"
226,10818795461,10818795488,1,"IOTHUB_CLIENT_CONFIRMATION_OK"
227,10818795794,10818795822,1,"IOTHUB_CLIENT_CONFIRMATION_OK"
228,10818796127,10818796190,1,"IOTHUB_CLIENT_CONFIRMATION_OK"
229,10818796460,10818796488,1,"IOTHUB_CLIENT_CONFIRMATION_OK"
230,10818796793,10818796829,1,"IOTHUB_CLIENT_CONFIRMATION_OK"
231,10818797126,10818797155,1,"IOTHUB_CLIENT_CONFIRMATION_OK"
232,10818797459,10818797487,1,"IOTHUB_CLIENT_CONFIRMATION_OK"
233,10818797793,10818797828,1,"IOTHUB_CLIENT_CONFIRMATION_OK"
234,10818798126,10818798154,1,"IOTHUB_CLIENT_CONFIRMATION_OK"
235,10818798459,10818798493,1,"IOTHUB_CLIENT_CONFIRMATION_OK"
236,10818798792,10818798825,1,"IOTHUB_CLIENT_CONFIRMATION_OK"
237,10818799125,10818799231,1,"IOTHUB_CLIENT_CONFIRMATION_OK"
238,10818799458,10818799487,1,"IOTHUB_CLIENT_CONFIRMATION_OK"
239,10818799792,10818799841,1,"IOTHUB_CLIENT_CONFIRMATION_OK"
240,10818800125,10818800154,1,"IOTHUB_CLIENT_CONFIRMATION_OK"
241,10818800458,10818800486,1,"IOTHUB_CLIENT_CONFIRMATION_OK"
242,10818800791,10818800853,1,"IOTHUB_CLIENT_CONFIRMATION_OK"
243,10818801124,10818801159,1,"IOTHUB_CLIENT_CONFIRMATION_OK"
244,10818801457,10818801489,1,"IOTHUB_CLIENT_CONFIRMATION_OK"
245,10818801790,10818801817,1,"IOTHUB_CLIENT_CONFIRMATION_OK"
246,10818802124,10818802151,1,"IOTHUB_CLIENT_CONFIRMATION_OK"
247,10818802457,10818802489,1,"IOTHUB_CLIENT_CONFIRMATION_OK"
248,10818802790,10818802819,1,"IOTHUB_CLIENT_CONFIRMATION_OK"
249,10818803123,10818803283,1,"IOTHUB_CLIENT_CONFIRMATION_OK"
250,10818803456,10818803486,1,"IOTHUB_CLIENT_CONFIRMATION_OK"
251,10818803789,10818803899,1,"IOTHUB_CLIENT_CONFIRMATION_OK"
252,10818804123,10818804150,1,"IOTHUB_CLIENT_CONFIRMATION_OK"
253,10818804456,10818804513,1,"IOTHUB_CLIENT_CONFIRMATION_OK"
254,10818804789,10818804817,1,"IOTHUB_CLIENT_CONFIRMATION_OK"
255,10818805122,10818805149,1,"IOTHUB_CLIENT_CONFIRMATION_OK"
256,10818805455,10818805486,1,"IOTHUB_CLIENT_CONFIRMATION_OK"
257,10818805788,10818805819,1,"IOTHUB_CLIENT_CONFIRMATION_OK"
258,10818806122,10818806152,1,"IOTHUB_CLIENT_CONFIRMATION_OK"
259,10818806455,10818806483,1,"IOTHUB_CLIENT_CONFIRMATION_OK"
260,10818806788,10818806934,1,"IOTHUB_CLIENT_CONFIRMATION_OK"
261,10818807121,10818807153,1,"IOTHUB_CLIENT_CONFIRMATION_OK"
262,10818807454,10818807483,1,"IOTHUB_CLIENT_CONFIRMATION_OK"
263,10818807787,10818807816,1,"IOTHUB_CLIENT_CONFIRMATION_OK"
264,10818808121,10818808148,1,"IOTHUB_CLIENT_CONFIRMATION_OK"
265,10818808454,10818808574,1,"IOTHUB_CLIENT_CONFIRMATION_OK"
266,10818808787,10818808815,1,"IOTHUB_CLIENT_CONFIRMATION_OK"
267,10818809120,10818809199,1,"IOTHUB_CLIENT_CONFIRMATION_OK"
268,10818809453,10818809484,1,"IOTHUB_CLIENT_CONFIRMATION_OK"
269,10818809786,10818809814,1,"IOTHUB_CLIENT_CONFIRMATION_OK"
270,10818810119,10818810148,1,"IOTHUB_CLIENT_CONFIRMATION_OK"
271,10818810453,10818810486,1,"IOTHUB_CLIENT_CONFIRMATION_OK"
272,10818810786,10818810814,1,"IOTHUB_CLIENT_CONFIRMATION_OK"
273,10818811119,10818811154,1,"IOTHUB_CLIENT_CONFIRMATION_OK"
274,10818811452,10818811480,1,"IOTHUB_CLIENT_CONFIRMATION_OK"
275,10818811785,10818811815,1,"IOTHUB_CLIENT_CONFIRMATION_OK"
276,10818812118,10818812146,1,"IOTHUB_CLIENT_CONFIRMATION_OK"
277,10818812452,10818812480,1,"IOTHUB_CLIENT_CONFIRMATION_OK"
278,10818812785,10818812815,1,"IOTHUB_CLIENT_CONFIRMATION_OK"
279,10818813118,10818813256,1,"IOTHUB_CLIENT_CONFIRMATION_OK"
280,10818813451,10818813479,1,"IOTHUB_CLIENT_CONFIRMATION_OK"
281,10818813784,10818813859,1,"IOTHUB_CLIENT_CONFIRMATION_OK"
282,10818814117,10818814145,1,"IOTHUB_CLIENT_CONFIRMATION_OK"
283,10818814451,10818814479,1,"IOTHUB_CLIENT_CONFIRMATION_OK"
284,10818814784,10818814814,1,"IOTHUB_CLIENT_CONFIRMATION_OK"
285,10818815117,10818815146,1,"IOTHUB_CLIENT_CONFIRMATION_OK"
286,10818815450,10818815478,1,"IOTHUB_CLIENT_CONFIRMATION_OK"
287,10818815783,10818815812,1,"IOTHUB_CLIENT_CONFIRMATION_OK"
288,10818816116,10818816147,1,"IOTHUB_CLIENT_CONFIRMATION_OK"
289,10818816449,10818816478,1,"IOTHUB_CLIENT_CONFIRMATION_OK"
290,10818816783,10818816811,1,"IOTHUB_CLIENT_CONFIRMATION_OK"
291,10818817116,10818817145,1,"IOTHUB_CLIENT_CONFIRMATION_OK"
292,10818817449,10818817476,1,"IOTHUB_CLIENT_CONFIRMATION_OK"
293,10818817782,10818817956,1,"IOTHUB_CLIENT_CONFIRMATION_OK"
294,10818818115,10818818143,1,"IOTHUB_CLIENT_CONFIRMATION_OK"
295,10818818448,10818818478,1,"IOTHUB_CLIENT_CONFIRMATION_OK"
296,10818818782,10818818810,1,"IOTHUB_CLIENT_CONFIRMATION_OK"
297,10818819115,10818819178,1,"IOTHUB_CLIENT_CONFIRMATION_OK"
298,10818819448,10818819480,1,"IOTHUB_CLIENT_CONFIRMATION_OK"
299,10818819781,10818819811,1,"IOTHUB_CLIENT_CONFIRMATION_OK"
300,10818820114,10818820143,1,"IOTHUB_CLIENT_CONFIRMATION_OK"
301,10818820447,10818820476,1,"IOTHUB_CLIENT_CONFIRMATION_OK"
302,10818820781,10818820810,1,"IOTHUB_CLIENT_CONFIRMATION_OK"
303,10818821114,10818821143,1,"IOTHUB_CLIENT_CONFIRMATION_OK"
304,10818821447,10818821476,1,"IOTHUB_CLIENT_CONFIRMATION_OK"
305,10818821780,10818821808,1,"IOTHUB_CLIENT_CONFIRMATION_OK"
306,10818822113,10818822143,1,"IOTHUB_CLIENT_CONFIRMATION_OK"
307,10818822446,10818822474,1,"IOTHUB_CLIENT_CONFIRMATION_OK"
308,10818822779,10818822808,1,"IOTHUB_CLIENT_CONFIRMATION_OK"
309,10818823113,10818823261,1,"IOTHUB_CLIENT_CONFIRMATION_OK"
310,10818823446,10818823475,1,"IOTHUB_CLIENT_CONFIRMATION_OK"
311,10818823779,10818823872,1,"IOTHUB_CLIENT_CONFIRMATION_OK"
312,10818824112,10818824143,1,"IOTHUB_CLIENT_CONFIRMATION_OK"
313,10818824445,10818824504,1,"IOTHUB_CLIENT_CONFIRMATION_OK"
314,10818824778,10818824995,1,"IOTHUB_CLIENT_CONFIRMATION_OK"
315,10818825112,10818825215,1,"IOTHUB_CLIENT_CONFIRMATION_OK"
316,10818825445,10818825474,1,"IOTHUB_CLIENT_CONFIRMATION_OK"
317,10818825778,10818825807,1,"IOTHUB_CLIENT_CONFIRMATION_OK"
318,10818826111,10818826143,1,"IOTHUB_CLIENT_CONFIRMATION_OK"
319,10818826444,10818826474,1,"IOTHUB_CLIENT_CONFIRMATION_OK"
320,10818826777,10818826829,1,"IOTHUB_CLIENT_CONFIRMATION_OK"
321,10818827111,10818827138,1,"IOTHUB_CLIENT_CONFIRMATION_OK"
322,10818827444,10818827472,1,"IOTHUB_CLIENT_CONFIRMATION_OK"
323,10818827777,10818827854,1,"IOTHUB_CLIENT_CONFIRMATION_OK"
324,10818828110,10818828141,1,"IOTHUB_CLIENT_CONFIRMATION_OK"
325,10818828443,10818828471,1,"IOTHUB_CLIENT_CONFIRMATION_OK"
326,10818828776,10818828811,1,"IOTHUB_CLIENT_CONFIRMATION_OK"
327,10818829110,10818829138,1,"IOTHUB_CLIENT_CONFIRMATION_OK"
328,10818829443,10818829471,1,"IOTHUB_CLIENT_CONFIRMATION_OK"
329,10818829776,10818829805,1,"IOTHUB_CLIENT_CONFIRMATION_OK"
330,10818830109,10818830139,1,"IOTHUB_CLIENT_CONFIRMATION_OK"
331,10818830442,10818830471,1,"IOTHUB_CLIENT_CONFIRMATION_OK"
332,10818830775,10818830808,1,"IOTHUB_CLIENT_CONFIRMATION_OK"
333,10818831108,10818831138,1,"IOTHUB_CLIENT_CONFIRMATION_OK"
334,10818831442,10818831504,1,"IOTHUB_CLIENT_CONFIRMATION_OK"
335,10818831775,10818831804,1,"IOTHUB_CLIENT_CONFIRMATION_OK"
336,10818832108,10818832137,1,"IOTHUB_CLIENT_CONFIRMATION_OK"
337,10818832441,10818832470,1,"IOTHUB_CLIENT_CONFIRMATION_OK"
338,10818832774,10818832802,1,"IOTHUB_CLIENT_CONFIRMATION_OK"
339,10818833107,10818833135,1,"IOTHUB_CLIENT_CONFIRMATION_OK"
340,10818833441,10818833469,1,"IOTHUB_CLIENT_CONFIRMATION_OK"
341,10818833774,10818833804,1,"IOTHUB_CLIENT_CONFIRMATION_OK"
342,10818834107,10818834138,1,"IOTHUB_CLIENT_CONFIRMATION_OK"
343,10818834440,10818834470,1,"IOTHUB_CLIENT_CONFIRMATION_OK"
344,10818834773,10818834806,1,"IOTHUB_CLIENT_CONFIRMATION_OK"
345,10818835106,10818835134,1,"IOTHUB_CLIENT_CONFIRMATION_OK"
346,10818835440,10818835567,1,"IOTHUB_CLIENT_CONFIRMATION_OK"
347,10818835773,10818835802,1,"IOTHUB_CLIENT_CONFIRMATION_OK"
348,10818836106,10818836184,1,"IOTHUB_CLIENT_CONFIRMATION_OK"
349,10818836439,10818836468,1,"IOTHUB_CLIENT_CONFIRMATION_OK"
350,10818836772,10818836801,1,"IOTHUB_CLIENT_CONFIRMATION_OK"
351,10818837105,10818837133,1,"IOTHUB_CLIENT_CONFIRMATION_OK"
352,10818837438,10818837471,1,"IOTHUB_CLIENT_CONFIRMATION_OK"
353,10818837772,10818837834,1,"IOTHUB_CLIENT_CONFIRMATION_OK"
354,10818838105,10818838132,1,"IOTHUB_CLIENT_CONFIRMATION_OK"
355,10818838438,10818838468,1,"IOTHUB_CLIENT_CONFIRMATION_OK"
356,10818838771,10818838800,1,"IOTHUB_CLIENT_CONFIRMATION_OK"
357,10818839104,10818839133,1,"IOTHUB_CLIENT_CONFIRMATION_OK"
358,10818839437,10818839466,1,"IOTHUB_CLIENT_CONFIRMATION_OK"
359,10818839771,10818839800,1,"IOTHUB_CLIENT_CONFIRMATION_OK"
360,10818840104,10818840271,1,"IOTHUB_CLIENT_CONFIRMATION_OK"
361,10818840437,10818840467,1,"IOTHUB_CLIENT_CONFIRMATION_OK"
362,10818840770,10818840891,1,"IOTHUB_CLIENT_CONFIRMATION_OK"
363,10818841103,10818841133,1,"IOTHUB_CLIENT_CONFIRMATION_OK"
364,10818841436,10818841505,1,"IOTHUB_CLIENT_CONFIRMATION_OK"
365,10818841770,10818841797,1,"IOTHUB_CLIENT_CONFIRMATION_OK"
366,10818842103,10818842144,1,"IOTHUB_CLIENT_CONFIRMATION_OK"
367,10818842436,10818842464,1,"IOTHUB_CLIENT_CONFIRMATION_OK"
368,10818842769,10818842799,1,"IOTHUB_CLIENT_CONFIRMATION_OK"
369,10818843102,10818843130,1,"IOTHUB_CLIENT_CONFIRMATION_OK"
370,10818843435,10818843464,1,"IOTHUB_CLIENT_CONFIRMATION_OK"
371,10818843769,10818843812,1,"IOTHUB_CLIENT_CONFIRMATION_OK"
372,10818844102,10818844129,1,"IOTHUB_CLIENT_CONFIRMATION_OK"
373,10818844435,10818844465,1,"IOTHUB_CLIENT_CONFIRMATION_OK"
374,10818844768,10818844799,1,"IOTHUB_CLIENT_CONFIRMATION_OK"
375,10818845101,10818845131,1,"IOTHUB_CLIENT_CONFIRMATION_OK"
376,10818845434,10818845596,1,"IOTHUB_CLIENT_CONFIRMATION_OK"
377,10818845767,10818845801,1,"IOTHUB_CLIENT_CONFIRMATION_OK"
378,10818846101,10818846183,1,"IOTHUB_CLIENT_CONFIRMATION_OK"
379,10818846434,10818846463,1,"IOTHUB_CLIENT_CONFIRMATION_OK"
380,10818846767,10818846799,1,"IOTHUB_CLIENT_CONFIRMATION_OK"
381,10818847100,10818847133,1,"IOTHUB_CLIENT_CONFIRMATION_OK"
382,10818847433,10818847462,1,"IOTHUB_CLIENT_CONFIRMATION_OK"
383,10818847766,10818847798,1,"IOTHUB_CLIENT_CONFIRMATION_OK"
384,10818848100,10818848128,1,"IOTHUB_CLIENT_CONFIRMATION_OK"
385,10818848433,10818848463,1,"IOTHUB_CLIENT_CONFIRMATION_OK"
386,10818848766,10818848795,1,"IOTHUB_CLIENT_CONFIRMATION_OK"
387,10818849099,10818849128,1,"IOTHUB_CLIENT_CONFIRMATION_OK"
388,10818849432,10818849462,1,"IOTHUB_CLIENT_CONFIRMATION_OK"
389,10818849765,10818849793,1,"IOTHUB_CLIENT_CONFIRMATION_OK"
390,10818850098,10818850250,1,"IOTHUB_CLIENT_CONFIRMATION_OK"
391,10818850432,10818850462,1,"IOTHUB_CLIENT_CONFIRMATION_OK"
392,10818850765,10818850932,1,"IOTHUB_CLIENT_CONFIRMATION_OK"
393,10818851098,10818851126,1,"IOTHUB_CLIENT_CONFIRMATION_OK"
394,10818851431,10818851470,1,"IOTHUB_CLIENT_CONFIRMATION_OK"
395,10818851764,10818851793,1,"IOTHUB_CLIENT_CONFIRMATION_OK"
396,10818852097,10818852129,1,"IOTHUB_CLIENT_CONFIRMATION_OK"
397,10818852431,10818852473,1,"IOTHUB_CLIENT_CONFIRMATION_OK"
398,10818852764,10818852792,1,"IOTHUB_CLIENT_CONFIRMATION_OK"
399,10818853097,10818853125,1,"IOTHUB_CLIENT_CONFIRMATION_OK"
400,10818853430,10818853460,1,"IOTHUB_CLIENT_CONFIRMATION_OK"
401,10818853763,10818853792,1,"IOTHUB_CLIENT_CONFIRMATION_OK"
402,10818854096,10818854124,1,"IOTHUB_CLIENT_CONFIRMATION_OK"
403,10818854430,10818854459,1,"IOTHUB_CLIENT_CONFIRMATION_OK"
404,10818854763,10818854795,1,"IOTHUB_CLIENT_CONFIRMATION_OK"
405,10818855096,10818855124,1,"IOTHUB_CLIENT_CONFIRMATION_OK"
406,10818855429,10818855526,1,"IOTHUB_CLIENT_CONFIRMATION_OK"
407,10818855762,10818855791,1,"IOTHUB_CLIENT_CONFIRMATION_OK"
408,10818856095,10818856135,1,"IOTHUB_CLIENT_CONFIRMATION_OK"
409,10818856428,10818856540,1,"IOTHUB_CLIENT_CONFIRMATION_OK"
410,10818856762,10818856791,1,"IOTHUB_CLIENT_CONFIRMATION_OK"
411,10818857095,10818857123,1,"IOTHUB_CLIENT_CONFIRMATION_OK"
412,10818857428,10818857456,1,"IOTHUB_CLIENT_CONFIRMATION_OK"
413,10818857761,10818857791,1,"IOTHUB_CLIENT_CONFIRMATION_OK"
414,10818858094,10818858125,1,"IOTHUB_CLIENT_CONFIRMATION_OK"
415,10818858427,10818858456,1,"IOTHUB_CLIENT_CONFIRMATION_OK"
416,10818858761,10818858788,1,"IOTHUB_CLIENT_CONFIRMATION_OK"
417,10818859094,10818859123,1,"IOTHUB_CLIENT_CONFIRMATION_OK"
418,10818859427,10818859460,1,"IOTHUB_CLIENT_CONFIRMATION_OK"
419,10818859760,10818859788,1,"IOTHUB_CLIENT_CONFIRMATION_OK"
420,10818860093,10818860195,1,"IOTHUB_CLIENT_CONFIRMATION_OK"
421,10818860426,10818860455,1,"IOTHUB_CLIENT_CONFIRMATION_OK"
422,10818860760,10818860801,1,"IOTHUB_CLIENT_CONFIRMATION_OK"
423,10818861093,10818861120,1,"IOTHUB_CLIENT_CONFIRMATION_OK"
424,10818861426,10818861453,1,"IOTHUB_CLIENT_CONFIRMATION_OK"
425,10818861759,10818861789,1,"IOTHUB_CLIENT_CONFIRMATION_OK"
426,10818862092,10818862121,1,"IOTHUB_CLIENT_CONFIRMATION_OK"
427,10818862425,10818862455,1,"IOTHUB_CLIENT_CONFIRMATION_OK"
428,10818862759,10818862787,1,"IOTHUB_CLIENT_CONFIRMATION_OK"
429,10818863092,10818863121,1,"IOTHUB_CLIENT_CONFIRMATION_OK"
430,10818863425,10818863453,1,"IOTHUB_CLIENT_CONFIRMATION_OK"
431,10818863758,10818863786,1,"IOTHUB_CLIENT_CONFIRMATION_OK"
432,10818864091,10818864119,1,"IOTHUB_CLIENT_CONFIRMATION_OK"
433,10818864424,10818864453,1,"IOTHUB_CLIENT_CONFIRMATION_OK"
434,10818864758,10818864791,1,"IOTHUB_CLIENT_CONFIRMATION_OK"
435,10818865091,10818865138,1,"IOTHUB_CLIENT_CONFIRMATION_OK"
436,10818865424,10818865489,1,"IOTHUB_CLIENT_CONFIRMATION_OK"
437,10818865757,10818865788,1,"IOTHUB_CLIENT_CONFIRMATION_OK"
438,10818866090,10818866119,1,"IOTHUB_CLIENT_CONFIRMATION_OK"
439,10818866423,10818866452,1,"IOTHUB_CLIENT_CONFIRMATION_OK"
440,10818866756,10818866789,1,"IOTHUB_CLIENT_CONFIRMATION_OK"
441,10818867090,10818867118,1,"IOTHUB_CLIENT_CONFIRMATION_OK"
442,10818867423,10818867462,1,"IOTHUB_CLIENT_CONFIRMATION_OK"
443,10818867756,10818867785,1,"IOTHUB_CLIENT_CONFIRMATION_OK"
444,10818868089,10818868118,1,"IOTHUB_CLIENT_CONFIRMATION_OK"
445,10818868422,10818868451,1,"IOTHUB_CLIENT_CONFIRMATION_OK"
446,10818868755,10818868785,1,"IOTHUB_CLIENT_CONFIRMATION_OK"
447,10818869089,10818869117,1,"IOTHUB_CLIENT_CONFIRMATION_OK"
448,10818869422,10818869451,1,"IOTHUB_CLIENT_CONFIRMATION_OK"
449,10818869755,10818869783,1,"IOTHUB_CLIENT_CONFIRMATION_OK"
450,10818870088,10818870186,1,"IOTHUB_CLIENT_CONFIRMATION_OK"
451,10818870421,10818870449,1,"IOTHUB_CLIENT_CONFIRMATION_OK"
452,10818870754,10818870812,1,"IOTHUB_CLIENT_CONFIRMATION_OK"
453,10818871088,10818871116,1,"IOTHUB_CLIENT_CONFIRMATION_OK"
454,10818871421,10818871448,1,"IOTHUB_CLIENT_CONFIRMATION_OK"
455,10818871754,10818871782,1,"IOTHUB_CLIENT_CONFIRMATION_OK"
456,10818872087,10818872116,1,"IOTHUB_CLIENT_CONFIRMATION_OK"
457,10818872420,10818872449,1,"IOTHUB_CLIENT_CONFIRMATION_OK"
458,10818872753,10818872783,1,"IOTHUB_CLIENT_CONFIRMATION_OK"
459,10818873087,10818873266,1,"IOTHUB_CLIENT_CONFIRMATION_OK"
460,10818873420,10818873687,1,"IOTHUB_CLIENT_CONFIRMATION_OK"
461,10818873753,10818873790,1,"IOTHUB_CLIENT_CONFIRMATION_OK"
462,10818874086,10818874114,1,"IOTHUB_CLIENT_CONFIRMATION_OK"
463,10818874419,10818874447,1,"IOTHUB_CLIENT_CONFIRMATION_OK"
464,10818874752,10818874875,1,"IOTHUB_CLIENT_CONFIRMATION_OK"
465,10818875086,10818875114,1,"IOTHUB_CLIENT_CONFIRMATION_OK"
466,10818875419,10818875490,1,"IOTHUB_CLIENT_CONFIRMATION_OK"
467,10818875752,10818875783,1,"IOTHUB_CLIENT_CONFIRMATION_OK"
468,10818876085,10818876116,1,"IOTHUB_CLIENT_CONFIRMATION_OK"
469,10818876418,10818876446,1,"IOTHUB_CLIENT_CONFIRMATION_OK"
470,10818876751,10818876780,1,"IOTHUB_CLIENT_CONFIRMATION_OK"
471,10818877085,10818877112,1,"IOTHUB_CLIENT_CONFIRMATION_OK"
472,10818877418,10818877447,1,"IOTHUB_CLIENT_CONFIRMATION_OK"
473,10818877751,10818877778,1,"IOTHUB_CLIENT_CONFIRMATION_OK"
474,10818878084,10818878113,1,"IOTHUB_CLIENT_CONFIRMATION_OK"
475,10818878417,10818878446,1,"IOTHUB_CLIENT_CONFIRMATION_OK"
476,10818878750,10818878781,1,"IOTHUB_CLIENT_CONFIRMATION_OK"
477,10818879084,10818879113,1,"IOTHUB_CLIENT_CONFIRMATION_OK"
478,10818879417,10818879445,1,"IOTHUB_CLIENT_CONFIRMATION_OK"
479,10818879750,10818879779,1,"IOTHUB_CLIENT_CONFIRMATION_OK"
480,10818880083,10818880193,1,"IOTHUB_CLIENT_CONFIRMATION_OK"
481,10818880416,10818880445,1,"IOTHUB_CLIENT_CONFIRMATION_OK"
482,10818880749,10818880808,1,"IOTHUB_CLIENT_CONFIRMATION_OK"
483,10818881083,10818881126,1,"IOTHUB_CLIENT_CONFIRMATION_OK"
484,10818881416,10818881448,1,"IOTHUB_CLIENT_CONFIRMATION_OK"
485,10818881749,10818881782,1,"IOTHUB_CLIENT_CONFIRMATION_OK"
486,10818882082,10818882110,1,"IOTHUB_CLIENT_CONFIRMATION_OK"
487,10818882415,10818882444,1,"IOTHUB_CLIENT_CONFIRMATION_OK"
488,10818882748,10818882776,1,"IOTHUB_CLIENT_CONFIRMATION_OK"
489,10818883082,10818883123,1,"IOTHUB_CLIENT_CONFIRMATION_OK"
490,10818883415,10818883445,1,"IOTHUB_CLIENT_CONFIRMATION_OK"
491,10818883748,10818883776,1,"IOTHUB_CLIENT_CONFIRMATION_OK"
492,10818884081,10818884112,1,"IOTHUB_CLIENT_CONFIRMATION_OK"
493,10818884414,10818884442,1,"IOTHUB_CLIENT_CONFIRMATION_OK"
494,10818884747,10818884878,1,"IOTHUB_CLIENT_CONFIRMATION_OK"
495,10818885081,10818885113,1,"IOTHUB_CLIENT_CONFIRMATION_OK"
496,10818885414,10818885484,1,"IOTHUB_CLIENT_CONFIRMATION_OK"
497,10818885747,10818885776,1,"IOTHUB_CLIENT_CONFIRMATION_OK"
498,10818886080,10818886120,1,"IOTHUB_CLIENT_CONFIRMATION_OK"
499,10818886413,10818886441,1,"IOTHUB_CLIENT_CONFIRMATION_OK"
500,10818886746,10818886775,1,"IOTHUB_CLIENT_CONFIRMATION_OK"
501,10818887080,10818887110,1,"IOTHUB_CLIENT_CONFIRMATION_OK"
502,10818887413,10818887441,1,"IOTHUB_CLIENT_CONFIRMATION_OK"
503,10818887746,10818887831,1,"IOTHUB_CLIENT_CONFIRMATION_OK"
504,10818888079,10818888107,1,"IOTHUB_CLIENT_CONFIRMATION_OK"
505,10818888412,10818888443,1,"IOTHUB_CLIENT_CONFIRMATION_OK"
506,10818888745,10818888774,1,"IOTHUB_CLIENT_CONFIRMATION_OK"
507,10818889079,10818889107,1,"IOTHUB_CLIENT_CONFIRMATION_OK"
508,10818889412,10818889440,1,"IOTHUB_CLIENT_CONFIRMATION_OK"
509,10818889745,10818889778,1,"IOTHUB_CLIENT_CONFIRMATION_OK"
510,10818890078,10818890113,1,"IOTHUB_CLIENT_CONFIRMATION_OK"
511,10818890411,10818890440,1,"IOTHUB_CLIENT_CONFIRMATION_OK"
512,10818890744,10818890774,1,"IOTHUB_CLIENT_CONFIRMATION_OK"
513,10818891078,10818891106,1,"IOTHUB_CLIENT_CONFIRMATION_OK"
514,10818891411,10818891439,1,"IOTHUB_CLIENT_CONFIRMATION_OK"
515,10818891744,10818891773,1,"IOTHUB_CLIENT_CONFIRMATION_OK"
516,10818892077,10818892108,1,"IOTHUB_CLIENT_CONFIRMATION_OK"
517,10818892410,10818892519,1,"IOTHUB_CLIENT_CONFIRMATION_OK"
518,10818892743,10818892776,1,"IOTHUB_CLIENT_CONFIRMATION_OK"
519,10818893077,10818893134,1,"IOTHUB_CLIENT_CONFIRMATION_OK"
520,10818893410,10818893438,1,"IOTHUB_CLIENT_CONFIRMATION_OK"
521,10818893743,10818893773,1,"IOTHUB_CLIENT_CONFIRMATION_OK"
522,10818894076,10818894105,1,"IOTHUB_CLIENT_CONFIRMATION_OK"
523,10818894409,10818894438,1,"IOTHUB_CLIENT_CONFIRMATION_OK"
524,10818894742,10818894770,1,"IOTHUB_CLIENT_CONFIRMATION_OK"
525,10818895076,10818895104,1,"IOTHUB_CLIENT_CONFIRMATION_OK"
526,10818895409,10818895437,1,"IOTHUB_CLIENT_CONFIRMATION_OK"
527,10818895742,10818895771,1,"IOTHUB_CLIENT_CONFIRMATION_OK"
528,10818896075,10818896107,1,"IOTHUB_CLIENT_CONFIRMATION_OK"
529,10818896408,10818896437,1,"IOTHUB_CLIENT_CONFIRMATION_OK"
530,10818896741,10818896774,1,"IOTHUB_CLIENT_CONFIRMATION_OK"
531,10818897075,10818897116,1,"IOTHUB_CLIENT_CONFIRMATION_OK"
532,10818897408,10818897436,1,"IOTHUB_CLIENT_CONFIRMATION_OK"
533,10818897741,10818897809,1,"IOTHUB_CLIENT_CONFIRMATION_OK"
534,10818898074,10818898102,1,"IOTHUB_CLIENT_CONFIRMATION_OK"
535,10818898407,10818898437,1,"IOTHUB_CLIENT_CONFIRMATION_OK"
536,10818898740,10818898770,1,"IOTHUB_CLIENT_CONFIRMATION_OK"
537,10818899074,10818899103,1,"IOTHUB_CLIENT_CONFIRMATION_OK"
538,10818899407,10818899435,1,"IOTHUB_CLIENT_CONFIRMATION_OK"
539,10818899740,10818899771,1,"IOTHUB_CLIENT_CONFIRMATION_OK"
540,10818900073,10818900102,1,"IOTHUB_CLIENT_CONFIRMATION_OK"
541,10818900406,10818900434,1,"IOTHUB_CLIENT_CONFIRMATION_OK"
542,10818900739,10818900769,1,"IOTHUB_CLIENT_CONFIRMATION_OK"
543,10818901073,10818901100,1,"IOTHUB_CLIENT_CONFIRMATION_OK"
544,10818901406,10818901434,1,"IOTHUB_CLIENT_CONFIRMATION_OK"
545,10818901739,10818901770,1,"IOTHUB_CLIENT_CONFIRMATION_OK"
546,10818902072,10818902100,1,"IOTHUB_CLIENT_CONFIRMATION_OK"
547,10818902405,10818902500,1,"IOTHUB_CLIENT_CONFIRMATION_OK"
548,10818902738,10818902770,1,"IOTHUB_CLIENT_CONFIRMATION_OK"
549,10818903072,10818903112,1,"IOTHUB_CLIENT_CONFIRMATION_OK"
550,10818903405,10818903432,1,"IOTHUB_CLIENT_CONFIRMATION_OK"
551,10818903738,10818903773,1,"IOTHUB_CLIENT_CONFIRMATION_OK"
552,10818904071,10818904099,1,"IOTHUB_CLIENT_CONFIRMATION_OK"
553,10818904404,10818904435,1,"IOTHUB_CLIENT_CONFIRMATION_OK"
554,10818904737,10818904768,1,"IOTHUB_CLIENT_CONFIRMATION_OK"
555,10818905071,10818905099,1,"IOTHUB_CLIENT_CONFIRMATION_OK"
556,10818905404,10818905438,1,"IOTHUB_CLIENT_CONFIRMATION_OK"
557,10818905737,10818905768,1,"IOTHUB_CLIENT_CONFIRMATION_OK"
558,10818906070,10818906100,1,"IOTHUB_CLIENT_CONFIRMATION_OK"
559,10818906403,10818906436,1,"IOTHUB_CLIENT_CONFIRMATION_OK"
560,10818906736,10818906769,1,"IOTHUB_CLIENT_CONFIRMATION_OK"
561,10818907070,10818907168,1,"IOTHUB_CLIENT_CONFIRMATION_OK"
562,10818907403,10818907617,1,"IOTHUB_CLIENT_CONFIRMATION_OK"
563,10818907736,10818907814,1,"IOTHUB_CLIENT_CONFIRMATION_OK"
564,10818908069,10818908100,1,"IOTHUB_CLIENT_CONFIRMATION_OK"
565,10818908402,10818908430,1,"IOTHUB_CLIENT_CONFIRMATION_OK"
566,10818908735,10818908764,1,"IOTHUB_CLIENT_CONFIRMATION_OK"
567,10818909069,10818909098,1,"IOTHUB_CLIENT_CONFIRMATION_OK"
568,10818909402,10818909434,1,"IOTHUB_CLIENT_CONFIRMATION_OK"
569,10818909735,10818909764,1,"IOTHUB_CLIENT_CONFIRMATION_OK"
570,10818910068,10818910096,1,"IOTHUB_CLIENT_CONFIRMATION_OK"
571,10818910401,10818910436,1,"IOTHUB_CLIENT_CONFIRMATION_OK"
572,10818910734,10818910763,1,"IOTHUB_CLIENT_CONFIRMATION_OK"
573,10818911068,10818911096,1,"IOTHUB_CLIENT_CONFIRMATION_OK"
574,10818911401,10818911437,1,"IOTHUB_CLIENT_CONFIRMATION_OK"
575,10818911734,10818911818,1,"IOTHUB_CLIENT_CONFIRMATION_OK"
576,10818912067,10818912099,1,"IOTHUB_CLIENT_CONFIRMATION_OK"
577,10818912400,10818912440,1,"IOTHUB_CLIENT_CONFIRMATION_OK"
578,10818912733,10818912761,1,"IOTHUB_CLIENT_CONFIRMATION_OK"
579,10818913067,10818913100,1,"IOTHUB_CLIENT_CONFIRMATION_OK"
580,10818913400,10818913427,1,"IOTHUB_CLIENT_CONFIRMATION_OK"
581,10818913733,10818913762,1,"IOTHUB_CLIENT_CONFIRMATION_OK"
582,10818914066,10818914096,1,"IOTHUB_CLIENT_CONFIRMATION_OK"
583,10818914399,10818914427,1,"IOTHUB_CLIENT_CONFIRMATION_OK"
584,10818914732,10818914764,1,"IOTHUB_CLIENT_CONFIRMATION_OK"
585,10818915065,10818915099,1,"IOTHUB_CLIENT_CONFIRMATION_OK"
586,10818915399,10818915502,1,"IOTHUB_CLIENT_CONFIRMATION_OK"
587,10818915732,10818915761,1,"IOTHUB_CLIENT_CONFIRMATION_OK"
588,10818916065,10818916093,1,"IOTHUB_CLIENT_CONFIRMATION_OK"
589,10818916398,10818916425,1,"IOTHUB_CLIENT_CONFIRMATION_OK"
590,10818916731,10818916759,1,"IOTHUB_CLIENT_CONFIRMATION_OK"
591,10818917064,10818917111,1,"IOTHUB_CLIENT_CONFIRMATION_OK"
592,10818917398,10818917426,1,"IOTHUB_CLIENT_CONFIRMATION_OK"
593,10818917731,10818917758,1,"IOTHUB_CLIENT_CONFIRMATION_OK"
594,10818918064,10818918100,1,"IOTHUB_CLIENT_CONFIRMATION_OK"
595,10818918397,10818918430,1,"IOTHUB_CLIENT_CONFIRMATION_OK"
596,10818918730,10818918759,1,"IOTHUB_CLIENT_CONFIRMATION_OK"
597,10818919063,10818919096,1,"IOTHUB_CLIENT_CONFIRMATION_OK"
598,10818919397,10818919549,1,"IOTHUB_CLIENT_CONFIRMATION_OK"
599,10818919730,10818919759,1,"IOTHUB_CLIENT_CONFIRMATION_OK"
600,10818920063,10818920157,1,"IOTHUB_CLIENT_CONFIRMATION_OK"
601,10818920396,10818920424,1,"IOTHUB_CLIENT_CONFIRMATION_OK"
602,10818920729,10818920768,1,"IOTHUB_CLIENT_CONFIRMATION_OK"
603,10818921062,10818921092,1,"IOTHUB_CLIENT_CONFIRMATION_OK"
604,10818921395,10818921426,1,"IOTHUB_CLIENT_CONFIRMATION_OK"
605,10818921729,10818921774,1,"IOTHUB_CLIENT_CONFIRMATION_OK"
606,10818922062,10818922110,1,"IOTHUB_CLIENT_CONFIRMATION_OK"
607,10818922395,10818922425,1,"IOTHUB_CLIENT_CONFIRMATION_OK"
608,10818922728,10818922755,1,"IOTHUB_CLIENT_CONFIRMATION_OK"
609,10818923061,10818923091,1,"IOTHUB_CLIENT_CONFIRMATION_OK"
610,10818923394,10818923426,1,"IOTHUB_CLIENT_CONFIRMATION_OK"
611,10818923728,10818923756,1,"IOTHUB_CLIENT_CONFIRMATION_OK"
612,10818924061,10818924208,1,"IOTHUB_CLIENT_CONFIRMATION_OK"
613,10818924394,10818924422,1,"IOTHUB_CLIENT_CONFIRMATION_OK"
614,10818924727,10818924832,1,"IOTHUB_CLIENT_CONFIRMATION_OK"
615,10818925060,10818925088,1,"IOTHUB_CLIENT_CONFIRMATION_OK"
616,10818925393,10818925435,1,"IOTHUB_CLIENT_CONFIRMATION_OK"
617,10818925727,10818925762,1,"IOTHUB_CLIENT_CONFIRMATION_OK"
618,10818926060,10818926090,1,"IOTHUB_CLIENT_CONFIRMATION_OK"
619,10818926393,10818926443,1,"IOTHUB_CLIENT_CONFIRMATION_OK"
620,10818926726,10818926755,1,"IOTHUB_CLIENT_CONFIRMATION_OK"
621,10818927059,10818927088,1,"IOTHUB_CLIENT_CONFIRMATION_OK"
622,10818927392,10818927421,1,"IOTHUB_CLIENT_CONFIRMATION_OK"
623,10818927726,10818927755,1,"IOTHUB_CLIENT_CONFIRMATION_OK"
624,10818928059,10818928092,1,"IOTHUB_CLIENT_CONFIRMATION_OK"
625,10818928392,10818928421,1,"IOTHUB_CLIENT_CONFIRMATION_OK"
626,10818928725,10818928754,1,"IOTHUB_CLIENT_CONFIRMATION_OK"
627,10818929058,10818929086,1,"IOTHUB_CLIENT_CONFIRMATION_OK"
628,10818929391,10818929500,1,"IOTHUB_CLIENT_CONFIRMATION_OK"
629,10818929725,10818929753,1,"IOTHUB_CLIENT_CONFIRMATION_OK"
630,10818930058,10818930114,1,"IOTHUB_CLIENT_CONFIRMATION_OK"
631,10818930391,10818930421,1,"IOTHUB_CLIENT_CONFIRMATION_OK"
632,10818930724,10818930753,1,"IOTHUB_CLIENT_CONFIRMATION_OK"
633,10818931057,10818931086,1,"IOTHUB_CLIENT_CONFIRMATION_OK"
634,10818931390,10818931419,1,"IOTHUB_CLIENT_CONFIRMATION_OK"
635,10818931723,10818931751,1,"IOTHUB_CLIENT_CONFIRMATION_OK"
636,10818932057,10818932092,1,"IOTHUB_CLIENT_CONFIRMATION_OK"
637,10818932390,10818932444,1,"IOTHUB_CLIENT_CONFIRMATION_OK"
638,10818932723,10818932756,1,"IOTHUB_CLIENT_CONFIRMATION_OK"
639,10818933056,10818933086,1,"IOTHUB_CLIENT_CONFIRMATION_OK"
640,10818933389,10818933420,1,"IOTHUB_CLIENT_CONFIRMATION_OK"
641,10818933722,10818933750,1,"IOTHUB_CLIENT_CONFIRMATION_OK"
642,10818934056,10818934084,1,"IOTHUB_CLIENT_CONFIRMATION_OK"
643,10818934389,10818934418,1,"IOTHUB_CLIENT_CONFIRMATION_OK"
644,10818934722,10818934752,1,"IOTHUB_CLIENT_CONFIRMATION_OK"
645,10818935055,10818935084,1,"IOTHUB_CLIENT_CONFIRMATION_OK"
646,10818935388,10818935416,1,"IOTHUB_CLIENT_CONFIRMATION_OK"
647,10818935721,10818935750,1,"IOTHUB_CLIENT_CONFIRMATION_OK"
648,10818936055,10818936083,1,"IOTHUB_CLIENT_CONFIRMATION_OK"
649,10818936388,10818936500,1,"IOTHUB_CLIENT_CONFIRMATION_OK"
650,10818936721,10818936750,1,"IOTHUB_CLIENT_CONFIRMATION_OK"
651,10818937054,10818937109,1,"IOTHUB_CLIENT_CONFIRMATION_OK"
652,10818937387,10818937422,1,"IOTHUB_CLIENT_CONFIRMATION_OK"
653,10818937720,10818937751,1,"IOTHUB_CLIENT_CONFIRMATION_OK"
654,10818938054,10818938083,1,"IOTHUB_CLIENT_CONFIRMATION_OK"
655,10818938387,10818938415,1,"IOTHUB_CLIENT_CONFIRMATION_OK"
656,10818938720,10818938749,1,"IOTHUB_CLIENT_CONFIRMATION_OK"
657,10818939053,10818939082,1,"IOTHUB_CLIENT_CONFIRMATION_OK"
658,10818939386,10818939415,1,"IOTHUB_CLIENT_CONFIRMATION_OK"
659,10818939719,10818939752,1,"IOTHUB_CLIENT_CONFIRMATION_OK"
660,10818940053,10818940081,1,"IOTHUB_CLIENT_CONFIRMATION_OK"
661,10818940386,10818940414,1,"IOTHUB_CLIENT_CONFIRMATION_OK"
662,10818940719,10818940748,1,"IOTHUB_CLIENT_CONFIRMATION_OK"
663,10818941052,10818941079,1,"IOTHUB_CLIENT_CONFIRMATION_OK"
664,10818941385,10818941413,1,"IOTHUB_CLIENT_CONFIRMATION_OK"
665,10818941718,10818941778,1,"IOTHUB_CLIENT_CONFIRMATION_OK"
666,10818942051,10818942078,1,"IOTHUB_CLIENT_CONFIRMATION_OK"
667,10818942385,10818942414,1,"IOTHUB_CLIENT_CONFIRMATION_OK"
668,10818942718,10818942751,1,"IOTHUB_CLIENT_CONFIRMATION_OK"
669,10818943051,10818943081,1,"IOTHUB_CLIENT_CONFIRMATION_OK"
670,10818943384,10818943414,1,"IOTHUB_CLIENT_CONFIRMATION_OK"
671,10818943717,10818943755,1,"IOTHUB_CLIENT_CONFIRMATION_OK"
672,10818944050,10818944079,1,"IOTHUB_CLIENT_CONFIRMATION_OK"
673,10818944384,10818944425,1,"IOTHUB_CLIENT_CONFIRMATION_OK"
674,10818944717,10818944746,1,"IOTHUB_CLIENT_CONFIRMATION_OK"
675,10818945050,10818945077,1,"IOTHUB_CLIENT_CONFIRMATION_OK"
676,10818945383,10818945440,1,"IOTHUB_CLIENT_CONFIRMATION_OK"
677,10818945716,10818945744,1,"IOTHUB_CLIENT_CONFIRMATION_OK"
678,10818946049,10818946078,1,"IOTHUB_CLIENT_CONFIRMATION_OK"
679,10818946383,10818946455,1,"IOTHUB_CLIENT_CONFIRMATION_OK"
680,10818946716,10818946744,1,"IOTHUB_CLIENT_CONFIRMATION_OK"
681,10818947049,10818947077,1,"IOTHUB_CLIENT_CONFIRMATION_OK"
682,10818947382,10818947411,1,"IOTHUB_CLIENT_CONFIRMATION_OK"
683,10818947715,10818947743,1,"IOTHUB_CLIENT_CONFIRMATION_OK"
684,10818948048,10818948077,1,"IOTHUB_CLIENT_CONFIRMATION_OK"
685,10818948382,10818948411,1,"IOTHUB_CLIENT_CONFIRMATION_OK"
686,10818948715,10818948889,1,"IOTHUB_CLIENT_CONFIRMATION_OK"
687,10818949048,10818949087,1,"IOTHUB_CLIENT_CONFIRMATION_OK"
688,10818949381,10818949409,1,"IOTHUB_CLIENT_CONFIRMATION_OK"
689,10818949714,10818949743,1,"IOTHUB_CLIENT_CONFIRMATION_OK"
690,10818950047,10818950128,1,"IOTHUB_CLIENT_CONFIRMATION_OK"
691,10818950380,10818950410,1,"IOTHUB_CLIENT_CONFIRMATION_OK"
692,10818950714,10818951004,1,"IOTHUB_CLIENT_CONFIRMATION_OK"
693,10818951047,10818951138,1,"IOTHUB_CLIENT_CONFIRMATION_OK"
694,10818951380,10818951408,1,"IOTHUB_CLIENT_CONFIRMATION_OK"
695,10818951713,10818951872,1,"IOTHUB_CLIENT_CONFIRMATION_OK"
696,10818952046,10818952078,1,"IOTHUB_CLIENT_CONFIRMATION_OK"
697,10818952379,10818952495,1,"IOTHUB_CLIENT_CONFIRMATION_OK"
698,10818952713,10818952757,1,"IOTHUB_CLIENT_CONFIRMATION_OK"
699,10818953046,10818953073,1,"IOTHUB_CLIENT_CONFIRMATION_OK"
700,10818953379,10818953408,1,"IOTHUB_CLIENT_CONFIRMATION_OK"
701,10818953712,10818953743,1,"IOTHUB_CLIENT_CONFIRMATION_OK"
702,10818954045,10818954085,1,"IOTHUB_CLIENT_CONFIRMATION_OK"
703,10818954378,10818954408,1,"IOTHUB_CLIENT_CONFIRMATION_OK"
704,10818954712,10818954740,1,"IOTHUB_CLIENT_CONFIRMATION_OK"
705,10818955045,10818955075,1,"IOTHUB_CLIENT_CONFIRMATION_OK"
706,10818955378,10818955411,1,"IOTHUB_CLIENT_CONFIRMATION_OK"
707,10818955711,10818955739,1,"IOTHUB_CLIENT_CONFIRMATION_OK"
708,10818956044,10818956071,1,"IOTHUB_CLIENT_CONFIRMATION_OK"
709,10818956377,10818956523,1,"IOTHUB_CLIENT_CONFIRMATION_OK"
710,10818956711,10818956741,1,"IOTHUB_CLIENT_CONFIRMATION_OK"
711,10818957044,10818957134,1,"IOTHUB_CLIENT_CONFIRMATION_OK"
712,10818957377,10818957405,1,"IOTHUB_CLIENT_CONFIRMATION_OK"
713,10818957710,10818957745,1,"IOTHUB_CLIENT_CONFIRMATION_OK"
714,10818958043,10818958071,1,"IOTHUB_CLIENT_CONFIRMATION_OK"
715,10818958376,10818958409,1,"IOTHUB_CLIENT_CONFIRMATION_OK"
716,10818958710,10818958744,1,"IOTHUB_CLIENT_CONFIRMATION_OK"
717,10818959043,10818959071,1,"IOTHUB_CLIENT_CONFIRMATION_OK"
718,10818959376,10818959409,1,"IOTHUB_CLIENT_CONFIRMATION_OK"
719,10818959709,10818959737,1,"IOTHUB_CLIENT_CONFIRMATION_OK"
720,10818960042,10818960168,1,"IOTHUB_CLIENT_CONFIRMATION_OK"
721,10818960375,10818960404,1,"IOTHUB_CLIENT_CONFIRMATION_OK"
722,10818960708,10818960737,1,"IOTHUB_CLIENT_CONFIRMATION_OK"
723,10818961042,10818961189,1,"IOTHUB_CLIENT_CONFIRMATION_OK"
724,10818961375,10818961662,1,"IOTHUB_CLIENT_CONFIRMATION_OK"
725,10818961708,10818961874,1,"IOTHUB_CLIENT_CONFIRMATION_OK"
726,10818962041,10818962073,1,"IOTHUB_CLIENT_CONFIRMATION_OK"
727,10818962374,10818962404,1,"IOTHUB_CLIENT_CONFIRMATION_OK"
728,10818962707,10818962735,1,"IOTHUB_CLIENT_CONFIRMATION_OK"
729,10818963041,10818963069,1,"IOTHUB_CLIENT_CONFIRMATION_OK"
730,10818963374,10818963402,1,"IOTHUB_CLIENT_CONFIRMATION_OK"
731,10818963707,10818963735,1,"IOTHUB_CLIENT_CONFIRMATION_OK"
732,10818964040,10818964119,1,"IOTHUB_CLIENT_CONFIRMATION_OK"
733,10818964373,10818964401,1,"IOTHUB_CLIENT_CONFIRMATION_OK"
734,10818964706,10818964734,1,"IOTHUB_CLIENT_CONFIRMATION_OK"
735,10818965040,10818965081,1,"IOTHUB_CLIENT_CONFIRMATION_OK"
736,10818965373,10818965405,1,"IOTHUB_CLIENT_CONFIRMATION_OK"
737,10818965706,10818965734,1,"IOTHUB_CLIENT_CONFIRMATION_OK"
738,10818966039,10818966067,1,"IOTHUB_CLIENT_CONFIRMATION_OK"
739,10818966372,10818966400,1,"IOTHUB_CLIENT_CONFIRMATION_OK"
740,10818966705,10818966737,1,"IOTHUB_CLIENT_CONFIRMATION_OK"
741,10818967039,10818967073,1,"IOTHUB_CLIENT_CONFIRMATION_OK"
742,10818967372,10818967400,1,"IOTHUB_CLIENT_CONFIRMATION_OK"
743,10818967705,10818967776,1,"IOTHUB_CLIENT_CONFIRMATION_OK"
744,10818968038,10818968069,1,"IOTHUB_CLIENT_CONFIRMATION_OK"
745,10818968371,10818968399,1,"IOTHUB_CLIENT_CONFIRMATION_OK"
746,10818968704,10818968788,1,"IOTHUB_CLIENT_CONFIRMATION_OK"
747,10818969038,10818969066,1,"IOTHUB_CLIENT_CONFIRMATION_OK"
748,10818969371,10818969401,1,"IOTHUB_CLIENT_CONFIRMATION_OK"
749,10818969704,10818969735,1,"IOTHUB_CLIENT_CONFIRMATION_OK"
750,10818970037,10818970065,1,"IOTHUB_CLIENT_CONFIRMATION_OK"
751,10818970370,10818970400,1,"IOTHUB_CLIENT_CONFIRMATION_OK"
752,10818970703,10818970734,1,"IOTHUB_CLIENT_CONFIRMATION_OK"
753,10818971037,10818971080,1,"IOTHUB_CLIENT_CONFIRMATION_OK"
754,10818971370,10818971400,1,"IOTHUB_CLIENT_CONFIRMATION_OK"
755,10818971703,10818971733,1,"IOTHUB_CLIENT_CONFIRMATION_OK"
756,10818972036,10818972066,1,"IOTHUB_CLIENT_CONFIRMATION_OK"
757,10818972369,10818972398,1,"IOTHUB_CLIENT_CONFIRMATION_OK"
758,10818972702,10818972730,1,"IOTHUB_CLIENT_CONFIRMATION_OK"
759,10818973035,10818973068,1,"IOTHUB_CLIENT_CONFIRMATION_OK"
760,10818973369,10818973398,1,"IOTHUB_CLIENT_CONFIRMATION_OK"
761,10818973702,10818973741,1,"IOTHUB_CLIENT_CONFIRMATION_OK"
762,10818974035,10818974146,1,"IOTHUB_CLIENT_CONFIRMATION_OK"
763,10818974368,10818974396,1,"IOTHUB_CLIENT_CONFIRMATION_OK"
764,10818974701,10818974758,1,"IOTHUB_CLIENT_CONFIRMATION_OK"
765,10818975034,10818975065,1,"IOTHUB_CLIENT_CONFIRMATION_OK"
766,10818975368,10818975396,1,"IOTHUB_CLIENT_CONFIRMATION_OK"
767,10818975701,10818975729,1,"IOTHUB_CLIENT_CONFIRMATION_OK"
768,10818976034,10818976069,1,"IOTHUB_CLIENT_CONFIRMATION_OK"
769,10818976367,10818976449,1,"IOTHUB_CLIENT_CONFIRMATION_OK"
770,10818976700,10818976728,1,"IOTHUB_CLIENT_CONFIRMATION_OK"
771,10818977033,10818977064,1,"IOTHUB_CLIENT_CONFIRMATION_OK"
772,10818977367,10818977396,1,"IOTHUB_CLIENT_CONFIRMATION_OK"
773,10818977700,10818977727,1,"IOTHUB_CLIENT_CONFIRMATION_OK"
774,10818978033,10818978065,1,"IOTHUB_CLIENT_CONFIRMATION_OK"
775,10818978366,10818978397,1,"IOTHUB_CLIENT_CONFIRMATION_OK"
776,10818978699,10818978728,1,"IOTHUB_CLIENT_CONFIRMATION_OK"
777,10818979032,10818979061,1,"IOTHUB_CLIENT_CONFIRMATION_OK"
778,10818979366,10818979396,1,"IOTHUB_CLIENT_CONFIRMATION_OK"
779,10818979699,10818979727,1,"IOTHUB_CLIENT_CONFIRMATION_OK"
780,10818980032,10818980062,1,"IOTHUB_CLIENT_CONFIRMATION_OK"
781,10818980365,10818980400,1,"IOTHUB_CLIENT_CONFIRMATION_OK"
782,10818980698,10818980725,1,"IOTHUB_CLIENT_CONFIRMATION_OK"
783,10818981031,10818981143,1,"IOTHUB_CLIENT_CONFIRMATION_OK"
784,10818981364,10818981392,1,"IOTHUB_CLIENT_CONFIRMATION_OK"
785,10818981698,10818981758,1,"IOTHUB_CLIENT_CONFIRMATION_OK"
786,10818982031,10818982059,1,"IOTHUB_CLIENT_CONFIRMATION_OK"
787,10818982364,10818982392,1,"IOTHUB_CLIENT_CONFIRMATION_OK"
788,10818982697,10818982727,1,"IOTHUB_CLIENT_CONFIRMATION_OK"
789,10818983030,10818983061,1,"IOTHUB_CLIENT_CONFIRMATION_OK"
790,10818983363,10818983392,1,"IOTHUB_CLIENT_CONFIRMATION_OK"
791,10818983697,10818983728,1,"IOTHUB_CLIENT_CONFIRMATION_OK"
792,10818984030,10818984058,1,"IOTHUB_CLIENT_CONFIRMATION_OK"
793,10818984363,10818984392,1,"IOTHUB_CLIENT_CONFIRMATION_OK"
794,10818984696,10818984724,1,"IOTHUB_CLIENT_CONFIRMATION_OK"
795,10818985029,10818985058,1,"IOTHUB_CLIENT_CONFIRMATION_OK"
796,10818985362,10818985467,1,"IOTHUB_CLIENT_CONFIRMATION_OK"
797,10818985695,10818985724,1,"IOTHUB_CLIENT_CONFIRMATION_OK"
798,10818986029,10818986057,1,"IOTHUB_CLIENT_CONFIRMATION_OK"
799,10818986362,10818986468,1,"IOTHUB_CLIENT_CONFIRMATION_OK"
800,10818986695,10818986724,1,"IOTHUB_CLIENT_CONFIRMATION_OK"
801,10818987028,10818987090,1,"IOTHUB_CLIENT_CONFIRMATION_OK"
802,10818987361,10818987389,1,"IOTHUB_CLIENT_CONFIRMATION_OK"
803,10818987694,10818987724,1,"IOTHUB_CLIENT_CONFIRMATION_OK"
804,10818988028,10818988058,1,"IOTHUB_CLIENT_CONFIRMATION_OK"
805,10818988361,10818988389,1,"IOTHUB_CLIENT_CONFIRMATION_OK"
806,10818988694,10818988723,1,"IOTHUB_CLIENT_CONFIRMATION_OK"
807,10818989027,10818989055,1,"IOTHUB_CLIENT_CONFIRMATION_OK"
808,10818989360,10818989387,1,"IOTHUB_CLIENT_CONFIRMATION_OK"
809,10818989693,10818989736,1,"IOTHUB_CLIENT_CONFIRMATION_OK"
810,10818990027,10818990058,1,"IOTHUB_CLIENT_CONFIRMATION_OK"
811,10818990360,10818990399,1,"IOTHUB_CLIENT_CONFIRMATION_OK"
812,10818990693,10818990721,1,"IOTHUB_CLIENT_CONFIRMATION_OK"
813,10818991026,10818991167,1,"IOTHUB_CLIENT_CONFIRMATION_OK"
814,10818991359,10818991389,1,"IOTHUB_CLIENT_CONFIRMATION_OK"
815,10818991692,10818991780,1,"IOTHUB_CLIENT_CONFIRMATION_OK"
816,10818992025,10818992060,1,"IOTHUB_CLIENT_CONFIRMATION_OK"
817,10818992359,10818992396,1,"IOTHUB_CLIENT_CONFIRMATION_OK"
818,10818992692,10818992724,1,"IOTHUB_CLIENT_CONFIRMATION_OK"
819,10818993025,10818993055,1,"IOTHUB_CLIENT_CONFIRMATION_OK"
820,10818993358,10818993390,1,"IOTHUB_CLIENT_CONFIRMATION_OK"
821,10818993691,10818993719,1,"IOTHUB_CLIENT_CONFIRMATION_OK"
822,10818994024,10818994052,1,"IOTHUB_CLIENT_CONFIRMATION_OK"
823,10818994358,10818994386,1,"IOTHUB_CLIENT_CONFIRMATION_OK"
824,10818994691,10818994721,1,"IOTHUB_CLIENT_CONFIRMATION_OK"
825,10818995024,10818995052,1,"IOTHUB_CLIENT_CONFIRMATION_OK"
826,10818995357,10818995386,1,"IOTHUB_CLIENT_CONFIRMATION_OK"
827,10818995690,10818995719,1,"IOTHUB_CLIENT_CONFIRMATION_OK"
828,10818996023,10818996052,1,"IOTHUB_CLIENT_CONFIRMATION_OK"
829,10818996357,10818996455,1,"IOTHUB_CLIENT_CONFIRMATION_OK"
830,10818996690,10818996719,1,"IOTHUB_CLIENT_CONFIRMATION_OK"
831,10818997023,10818997054,1,"IOTHUB_CLIENT_CONFIRMATION_OK"
832,10818997356,10818997388,1,"IOTHUB_CLIENT_CONFIRMATION_OK"
833,10818997689,10818997717,1,"IOTHUB_CLIENT_CONFIRMATION_OK"
834,10818998022,10818998050,1,"IOTHUB_CLIENT_CONFIRMATION_OK"
835,10818998356,10818998383,1,"IOTHUB_CLIENT_CONFIRMATION_OK"
836,10818998689,10818998716,1,"IOTHUB_CLIENT_CONFIRMATION_OK"
837,10818999022,10818999049,1,"IOTHUB_CLIENT_CONFIRMATION_OK"
838,10818999355,10818999384,1,"IOTHUB_CLIENT_CONFIRMATION_OK"
839,10818999688,10818999716,1,"IOTHUB_CLIENT_CONFIRMATION_OK"
840,10819000021,10819000052,1,"IOTHUB_CLIENT_CONFIRMATION_OK"
841,10819000354,10819000383,1,"IOTHUB_CLIENT_CONFIRMATION_OK"
842,10819000688,10819000716,1,"IOTHUB_CLIENT_CONFIRMATION_OK"
843,10819001021,10819001151,1,"IOTHUB_CLIENT_CONFIRMATION_OK"
844,10819001354,10819001383,1,"IOTHUB_CLIENT_CONFIRMATION_OK"
845,10819001687,10819001759,1,"IOTHUB_CLIENT_CONFIRMATION_OK"
846,10819002020,10819002049,1,"IOTHUB_CLIENT_CONFIRMATION_OK"
847,10819002353,10819002380,1,"IOTHUB_CLIENT_CONFIRMATION_OK"
848,10819002687,10819002718,1,"IOTHUB_CLIENT_CONFIRMATION_OK"
849,10819003020,10819003049,1,"IOTHUB_CLIENT_CONFIRMATION_OK"
850,10819003353,10819003381,1,"IOTHUB_CLIENT_CONFIRMATION_OK"
851,10819003686,10819003724,1,"IOTHUB_CLIENT_CONFIRMATION_OK"
852,10819004019,10819004191,1,"IOTHUB_CLIENT_CONFIRMATION_OK"
853,10819004352,10819004380,1,"IOTHUB_CLIENT_CONFIRMATION_OK"
854,10819004686,10819004777,1,"IOTHUB_CLIENT_CONFIRMATION_OK"
855,10819005019,10819005048,1,"IOTHUB_CLIENT_CONFIRMATION_OK"
856,10819005352,10819005383,1,"IOTHUB_CLIENT_CONFIRMATION_OK"
857,10819005685,10819005713,1,"IOTHUB_CLIENT_CONFIRMATION_OK"
858,10819006018,10819006049,1,"IOTHUB_CLIENT_CONFIRMATION_OK"
859,10819006351,10819006399,1,"IOTHUB_CLIENT_CONFIRMATION_OK"
860,10819006685,10819006714,1,"IOTHUB_CLIENT_CONFIRMATION_OK"
861,10819007018,10819007046,1,"IOTHUB_CLIENT_CONFIRMATION_OK"
862,10819007351,10819007380,1,"IOTHUB_CLIENT_CONFIRMATION_OK"
863,10819007684,10819007714,1,"IOTHUB_CLIENT_CONFIRMATION_OK"
864,10819008017,10819008045,1,"IOTHUB_CLIENT_CONFIRMATION_OK"
865,10819008350,10819008379,1,"IOTHUB_CLIENT_CONFIRMATION_OK"
866,10819008683,10819008712,1,"IOTHUB_CLIENT_CONFIRMATION_OK"
867,10819009017,10819009045,1,"IOTHUB_CLIENT_CONFIRMATION_OK"
868,10819009350,10819009447,1,"IOTHUB_CLIENT_CONFIRMATION_OK"
869,10819009683,10819009714,1,"IOTHUB_CLIENT_CONFIRMATION_OK"
870,10819010016,10819010055,1,"IOTHUB_CLIENT_CONFIRMATION_OK"
871,10819010349,10819010385,1,"IOTHUB_CLIENT_CONFIRMATION_OK"
872,10819010682,10819010714,1,"IOTHUB_CLIENT_CONFIRMATION_OK"
873,10819011016,10819011093,1,"IOTHUB_CLIENT_CONFIRMATION_OK"
874,10819011349,10819011386,1,"IOTHUB_CLIENT_CONFIRMATION_OK"
875,10819011682,10819011710,1,"IOTHUB_CLIENT_CONFIRMATION_OK"
876,10819012015,10819012043,1,"IOTHUB_CLIENT_CONFIRMATION_OK"
877,10819012348,10819012381,1,"IOTHUB_CLIENT_CONFIRMATION_OK"
878,10819012681,10819012709,1,"IOTHUB_CLIENT_CONFIRMATION_OK"
879,10819013015,10819013043,1,"IOTHUB_CLIENT_CONFIRMATION_OK"
880,10819013348,10819013528,1,"IOTHUB_CLIENT_CONFIRMATION_OK"
881,10819013681,10819013708,1,"IOTHUB_CLIENT_CONFIRMATION_OK"
882,10819014014,10819014043,1,"IOTHUB_CLIENT_CONFIRMATION_OK"
883,10819014347,10819014388,1,"IOTHUB_CLIENT_CONFIRMATION_OK"
884,10819014680,10819014744,1,"IOTHUB_CLIENT_CONFIRMATION_OK"
885,10819015014,10819015043,1,"IOTHUB_CLIENT_CONFIRMATION_OK"
886,10819015347,10819015374,1,"IOTHUB_CLIENT_CONFIRMATION_OK"
887,10819015680,10819015708,1,"IOTHUB_CLIENT_CONFIRMATION_OK"
888,10819016013,10819016042,1,"IOTHUB_CLIENT_CONFIRMATION_OK"
889,10819016346,10819016374,1,"IOTHUB_CLIENT_CONFIRMATION_OK"
890,10819016679,10819016708,1,"IOTHUB_CLIENT_CONFIRMATION_OK"
891,10819017013,10819017042,1,"IOTHUB_CLIENT_CONFIRMATION_OK"
892,10819017346,10819017381,1,"IOTHUB_CLIENT_CONFIRMATION_OK"
893,10819017679,10819017710,1,"IOTHUB_CLIENT_CONFIRMATION_OK"
894,10819018012,10819018043,1,"IOTHUB_CLIENT_CONFIRMATION_OK"
895,10819018345,10819018373,1,"IOTHUB_CLIENT_CONFIRMATION_OK"
896,10819018678,10819018809,1,"IOTHUB_CLIENT_CONFIRMATION_OK"
897,10819019012,10819019040,1,"IOTHUB_CLIENT_CONFIRMATION_OK"
898,10819019345,10819019418,1,"IOTHUB_CLIENT_CONFIRMATION_OK"
899,10819019678,10819019706,1,"IOTHUB_CLIENT_CONFIRMATION_OK"
