Message ID,Send Time,Receive Time,Status,Error
0,10819081226,10819081400,1,"IOTHUB_CLIENT_CONFIRMATION_OK"
1,10819081559,10819081597,1,"IOTHUB_CLIENT_CONFIRMATION_OK"
2,10819081892,10819081926,1,"IOTHUB_CLIENT_CONFIRMATION_OK"
3,10819082226,10819082258,1,"IOTHUB_CLIENT_CONFIRMATION_OK"
4,10819082559,10819082588,1,"IOTHUB_CLIENT_CONFIRMATION_OK"
5,10819082892,10819082923,1,"IOTHUB_CLIENT_CONFIRMATION_OK"
6,10819083225,10819083256,1,"IOTHUB_CLIENT_CONFIRMATION_OK"
7,10819083558,10819083591,1,"IOTHUB_CLIENT_CONFIRMATION_OK"
8,10819083891,10819083930,1,"IOTHUB_CLIENT_CONFIRMATION_OK"
9,10819084225,10819084252,1,"IOTHUB_CLIENT_CONFIRMATION_OK"
10,10819084558,10819084594,1,"IOTHUB_CLIENT_CONFIRMATION_OK"
11,10819084891,10819084922,1,"IOTHUB_CLIENT_CONFIRMATION_OK"
12,10819085224,10819085277,1,"IOTHUB_CLIENT_CONFIRMATION_OK"
13,10819085557,10819085587,1,"IOTHUB_CLIENT_CONFIRMATION_OK"
14,10819085890,10819085919,1,"IOTHUB_CLIENT_CONFIRMATION_OK"
15,10819086224,10819086259,1,"IOTHUB_CLIENT_CONFIRMATION_OK"
16,10819086557,10819086607,1,"IOTHUB_CLIENT_CONFIRMATION_OK"
17,10819086890,10819087033,1,"IOTHUB_CLIENT_CONFIRMATION_OK"
18,10819087223,10819087255,1,"IOTHUB_CLIENT_CONFIRMATION_OK"
19,10819087556,10819087586,1,"IOTHUB_CLIENT_CONFIRMATION_OK"
20,10819087889,10819087920,1,"IOTHUB_CLIENT_CONFIRMATION_OK"
21,10819088223,10819088255,1,"IOTHUB_CLIENT_CONFIRMATION_OK"
22,10819088556,10819088584,1,"IOTHUB_CLIENT_CONFIRMATION_OK"
23,10819088889,10819088918,1,"IOTHUB_CLIENT_CONFIRMATION_OK"
24,10819089222,10819089250,1,"IOTHUB_CLIENT_CONFIRMATION_OK"
25,10819089555,10819089586,1,"IOTHUB_CLIENT_CONFIRMATION_OK"
26,10819089888,10819089919,1,"IOTHUB_CLIENT_CONFIRMATION_OK"
27,10819090222,10819090254,1,"IOTHUB_CLIENT_CONFIRMATION_OK"
28,10819090555,10819090588,1,"IOTHUB_CLIENT_CONFIRMATION_OK"
29,10819090888,10819090949,1,"IOTHUB_CLIENT_CONFIRMATION_OK"
30,10819091221,10819091255,1,"IOTHUB_CLIENT_CONFIRMATION_OK"
31,10819091554,10819091582,1,"IOTHUB_CLIENT_CONFIRMATION_OK"
32,10819091887,10819091916,1,"IOTHUB_CLIENT_CONFIRMATION_OK"
33,10819092221,10819092253,1,"IOTHUB_CLIENT_CONFIRMATION_OK"
34,10819092554,10819092586,1,"IOTHUB_CLIENT_CONFIRMATION_OK"
35,10819092887,10819092916,1,"IOTHUB_CLIENT_CONFIRMATION_OK"
36,10819093220,10819093325,1,"IOTHUB_CLIENT_CONFIRMATION_OK"
37,10819093553,10819093581,1,"IOTHUB_CLIENT_CONFIRMATION_OK"
38,10819093886,10819093917,1,"IOTHUB_CLIENT_CONFIRMATION_OK"
39,10819094220,10819094253,1,"IOTHUB_CLIENT_CONFIRMATION_OK"
40,10819094553,10819094582,1,"IOTHUB_CLIENT_CONFIRMATION_OK"
41,10819094886,10819094916,1,"IOTHUB_CLIENT_CONFIRMATION_OK"
42,10819095219,10819095249,1,"IOTHUB_CLIENT_CONFIRMATION_OK"
43,10819095552,10819095581,1,"IOTHUB_CLIENT_CONFIRMATION_OK"
44,10819095885,10819095914,1,"IOTHUB_CLIENT_CONFIRMATION_OK"
45,10819096219,10819096256,1,"IOTHUB_CLIENT_CONFIRMATION_OK"
46,10819096552,10819096598,1,"IOTHUB_CLIENT_CONFIRMATION_OK"
47,10819096885,10819096917,1,"IOTHUB_CLIENT_CONFIRMATION_OK"
48,10819097218,10819097251,1,"IOTHUB_CLIENT_CONFIRMATION_OK"
49,10819097551,10819097581,1,"IOTHUB_CLIENT_CONFIRMATION_OK"
50,10819097884,10819097924,1,"IOTHUB_CLIENT_CONFIRMATION_OK"
51,10819098217,10819098303,1,"IOTHUB_CLIENT_CONFIRMATION_OK"
52,10819098551,10819098580,1,"IOTHUB_CLIENT_CONFIRMATION_OK"
53,10819098884,10819098917,1,"IOTHUB_CLIENT_CONFIRMATION_OK"
54,10819099217,10819099248,1,"IOTHUB_CLIENT_CONFIRMATION_OK"
55,10819099550,10819099579,1,"IOTHUB_CLIENT_CONFIRMATION_OK"
56,10819099883,10819099935,1,"IOTHUB_CLIENT_CONFIRMATION_OK"
57,10819100216,10819100326,1,"IOTHUB_CLIENT_CONFIRMATION_OK"
58,10819100550,10819100581,1,"IOTHUB_CLIENT_CONFIRMATION_OK"
59,10819100883,10819100915,1,"IOTHUB_CLIENT_CONFIRMATION_OK"
60,10819101216,10819101247,1,"IOTHUB_CLIENT_CONFIRMATION_OK"
61,10819101549,10819101582,1,"IOTHUB_CLIENT_CONFIRMATION_OK"
62,10819101882,10819101910,1,"IOTHUB_CLIENT_CONFIRMATION_OK"
63,10819102215,10819102244,1,"IOTHUB_CLIENT_CONFIRMATION_OK"
64,10819102549,10819102583,1,"IOTHUB_CLIENT_CONFIRMATION_OK"
65,10819102882,10819102922,1,"IOTHUB_CLIENT_CONFIRMATION_OK"
66,10819103215,10819103247,1,"IOTHUB_CLIENT_CONFIRMATION_OK"
67,10819103548,10819103582,1,"IOTHUB_CLIENT_CONFIRMATION_OK"
68,10819103881,10819103912,1,"IOTHUB_CLIENT_CONFIRMATION_OK"
69,10819104214,10819104243,1,"IOTHUB_CLIENT_CONFIRMATION_OK"
70,10819104548,10819104600,1,"IOTHUB_CLIENT_CONFIRMATION_OK"
71,10819104881,10819104909,1,"IOTHUB_CLIENT_CONFIRMATION_OK"
72,10819105214,10819105242,1,"IOTHUB_CLIENT_CONFIRMATION_OK"
73,10819105547,10819105591,1,"IOTHUB_CLIENT_CONFIRMATION_OK"
74,10819105880,10819105911,1,"IOTHUB_CLIENT_CONFIRMATION_OK"
75,10819106213,10819106243,1,"IOTHUB_CLIENT_CONFIRMATION_OK"
76,10819106546,10819106647,1,"IOTHUB_CLIENT_CONFIRMATION_OK"
77,10819106880,10819106909,1,"IOTHUB_CLIENT_CONFIRMATION_OK"
78,10819107213,10819107251,1,"IOTHUB_CLIENT_CONFIRMATION_OK"
79,10819107546,10819107587,1,"IOTHUB_CLIENT_CONFIRMATION_OK"
80,10819107879,10819107907,1,"IOTHUB_CLIENT_CONFIRMATION_OK"
81,10819108212,10819108245,1,"IOTHUB_CLIENT_CONFIRMATION_OK"
82,10819108545,10819108574,1,"IOTHUB_CLIENT_CONFIRMATION_OK"
83,10819108879,10819108909,1,"IOTHUB_CLIENT_CONFIRMATION_OK"
84,10819109212,10819109241,1,"IOTHUB_CLIENT_CONFIRMATION_OK"
85,10819109545,10819109578,1,"IOTHUB_CLIENT_CONFIRMATION_OK"
86,10819109878,10819109911,1,"IOTHUB_CLIENT_CONFIRMATION_OK"
87,10819110211,10819110244,1,"IOTHUB_CLIENT_CONFIRMATION_OK"
88,10819110544,10819110577,1,"IOTHUB_CLIENT_CONFIRMATION_OK"
89,10819110878,10819110909,1,"IOTHUB_CLIENT_CONFIRMATION_OK"
90,10819111211,10819111246,1,"IOTHUB_CLIENT_CONFIRMATION_OK"
91,10819111544,10819111696,1,"IOTHUB_CLIENT_CONFIRMATION_OK"
92,10819111877,10819111915,1,"IOTHUB_CLIENT_CONFIRMATION_OK"
93,10819112210,10819112306,1,"IOTHUB_CLIENT_CONFIRMATION_OK"
94,10819112543,10819112575,1,"IOTHUB_CLIENT_CONFIRMATION_OK"
95,10819112876,10819112906,1,"IOTHUB_CLIENT_CONFIRMATION_OK"
96,10819113210,10819113238,1,"IOTHUB_CLIENT_CONFIRMATION_OK"
97,10819113543,10819113572,1,"IOTHUB_CLIENT_CONFIRMATION_OK"
98,10819113876,10819113913,1,"IOTHUB_CLIENT_CONFIRMATION_OK"
99,10819114209,10819114241,1,"IOTHUB_CLIENT_CONFIRMATION_OK"
100,10819114542,10819114571,1,"IOTHUB_CLIENT_CONFIRMATION_OK"
101,10819114875,10819114907,1,"IOTHUB_CLIENT_CONFIRMATION_OK"
102,10819115209,10819115240,1,"IOTHUB_CLIENT_CONFIRMATION_OK"
103,10819115542,10819115588,1,"IOTHUB_CLIENT_CONFIRMATION_OK"
104,10819115875,10819115905,1,"IOTHUB_CLIENT_CONFIRMATION_OK"
105,10819116208,10819116236,1,"IOTHUB_CLIENT_CONFIRMATION_OK"
106,10819116541,10819116570,1,"IOTHUB_CLIENT_CONFIRMATION_OK"
107,10819116874,10819116913,1,"IOTHUB_CLIENT_CONFIRMATION_OK"
108,10819117208,10819117236,1,"IOTHUB_CLIENT_CONFIRMATION_OK"
109,10819117541,10819117569,1,"IOTHUB_CLIENT_CONFIRMATION_OK"
110,10819117874,10819117910,1,"IOTHUB_CLIENT_CONFIRMATION_OK"
111,10819118207,10819118240,1,"IOTHUB_CLIENT_CONFIRMATION_OK"
112,10819118540,10819118605,1,"IOTHUB_CLIENT_CONFIRMATION_OK"
113,10819118873,10819118907,1,"IOTHUB_CLIENT_CONFIRMATION_OK"
114,10819119207,10819119235,1,"IOTHUB_CLIENT_CONFIRMATION_OK"
115,10819119540,10819119577,1,"IOTHUB_CLIENT_CONFIRMATION_OK"
116,10819119873,10819119906,1,"IOTHUB_CLIENT_CONFIRMATION_OK"
117,10819120206,10819120236,1,"IOTHUB_CLIENT_CONFIRMATION_OK"
118,10819120539,10819120571,1,"IOTHUB_CLIENT_CONFIRMATION_OK"
119,10819120872,10819120902,1,"IOTHUB_CLIENT_CONFIRMATION_OK"
120,10819121205,10819121241,1,"IOTHUB_CLIENT_CONFIRMATION_OK"
121,10819121539,10819121570,1,"IOTHUB_CLIENT_CONFIRMATION_OK"
122,10819121872,10819121907,1,"IOTHUB_CLIENT_CONFIRMATION_OK"
123,10819122205,10819122232,1,"IOTHUB_CLIENT_CONFIRMATION_OK"
124,10819122538,10819122569,1,"IOTHUB_CLIENT_CONFIRMATION_OK"
125,10819122871,10819122899,1,"IOTHUB_CLIENT_CONFIRMATION_OK"
126,10819123204,10819123235,1,"IOTHUB_CLIENT_CONFIRMATION_OK"
127,10819123538,10819123569,1,"IOTHUB_CLIENT_CONFIRMATION_OK"
128,10819123871,10819123976,1,"IOTHUB_CLIENT_CONFIRMATION_OK"
129,10819124204,10819124234,1,"IOTHUB_CLIENT_CONFIRMATION_OK"
130,10819124537,10819124566,1,"IOTHUB_CLIENT_CONFIRMATION_OK"
131,10819124870,10819124899,1,"IOTHUB_CLIENT_CONFIRMATION_OK"
132,10819125203,10819125239,1,"IOTHUB_CLIENT_CONFIRMATION_OK"
133,10819125537,10819125596,1,"IOTHUB_CLIENT_CONFIRMATION_OK"
134,10819125870,10819125898,1,"IOTHUB_CLIENT_CONFIRMATION_OK"
135,10819126203,10819126232,1,"IOTHUB_CLIENT_CONFIRMATION_OK"
136,10819126536,10819126568,1,"IOTHUB_CLIENT_CONFIRMATION_OK"
137,10819126869,10819126898,1,"IOTHUB_CLIENT_CONFIRMATION_OK"
138,10819127202,10819127231,1,"IOTHUB_CLIENT_CONFIRMATION_OK"
139,10819127536,10819127567,1,"IOTHUB_CLIENT_CONFIRMATION_OK"
140,10819127869,10819127901,1,"IOTHUB_CLIENT_CONFIRMATION_OK"
141,10819128202,10819128235,1,"IOTHUB_CLIENT_CONFIRMATION_OK"
142,10819128535,10819128563,1,"IOTHUB_CLIENT_CONFIRMATION_OK"
143,10819128868,10819128896,1,"IOTHUB_CLIENT_CONFIRMATION_OK"
144,10819129201,10819129230,1,"IOTHUB_CLIENT_CONFIRMATION_OK"
145,10819129534,10819129619,1,"IOTHUB_CLIENT_CONFIRMATION_OK"
146,10819129868,10819129899,1,"IOTHUB_CLIENT_CONFIRMATION_OK"
147,10819130201,10819130229,1,"IOTHUB_CLIENT_CONFIRMATION_OK"
148,10819130534,10819130569,1,"IOTHUB_CLIENT_CONFIRMATION_OK"
149,10819130867,10819130899,1,"IOTHUB_CLIENT_CONFIRMATION_OK"
150,10819131200,10819131251,1,"IOTHUB_CLIENT_CONFIRMATION_OK"
151,10819131533,10819131563,1,"IOTHUB_CLIENT_CONFIRMATION_OK"
152,10819131867,10819131896,1,"IOTHUB_CLIENT_CONFIRMATION_OK"
153,10819132200,10819132236,1,"IOTHUB_CLIENT_CONFIRMATION_OK"
154,10819132533,10819132657,1,"IOTHUB_CLIENT_CONFIRMATION_OK"
155,10819132866,10819132897,1,"IOTHUB_CLIENT_CONFIRMATION_OK"
156,10819133199,10819133228,1,"IOTHUB_CLIENT_CONFIRMATION_OK"
157,10819133532,10819133564,1,"IOTHUB_CLIENT_CONFIRMATION_OK"
158,10819133866,10819133895,1,"IOTHUB_CLIENT_CONFIRMATION_OK"
159,10819134199,10819134231,1,"IOTHUB_CLIENT_CONFIRMATION_OK"
160,10819134532,10819134565,1,"IOTHUB_CLIENT_CONFIRMATION_OK"
161,10819134865,10819134901,1,"IOTHUB_CLIENT_CONFIRMATION_OK"
162,10819135198,10819135251,1,"IOTHUB_CLIENT_CONFIRMATION_OK"
163,10819135531,10819135563,1,"IOTHUB_CLIENT_CONFIRMATION_OK"
164,10819135864,10819135893,1,"IOTHUB_CLIENT_CONFIRMATION_OK"
165,10819136198,10819136230,1,"IOTHUB_CLIENT_CONFIRMATION_OK"
166,10819136531,10819136569,1,"IOTHUB_CLIENT_CONFIRMATION_OK"
167,10819136864,10819136895,1,"IOTHUB_CLIENT_CONFIRMATION_OK"
168,10819137197,10819137229,1,"IOTHUB_CLIENT_CONFIRMATION_OK"
169,10819137530,10819137571,1,"IOTHUB_CLIENT_CONFIRMATION_OK"
170,10819137863,10819137891,1,"IOTHUB_CLIENT_CONFIRMATION_OK"
171,10819138197,10819138231,1,"IOTHUB_CLIENT_CONFIRMATION_OK"
172,10819138530,10819138559,1,"IOTHUB_CLIENT_CONFIRMATION_OK"
173,10819138863,10819138993,1,"IOTHUB_CLIENT_CONFIRMATION_OK"
174,10819139196,10819139226,1,"IOTHUB_CLIENT_CONFIRMATION_OK"
175,10819139529,10819139560,1,"IOTHUB_CLIENT_CONFIRMATION_OK"
176,10819139862,10819139893,1,"IOTHUB_CLIENT_CONFIRMATION_OK"
177,10819140196,10819140229,1,"IOTHUB_CLIENT_CONFIRMATION_OK"
178,10819140529,10819140562,1,"IOTHUB_CLIENT_CONFIRMATION_OK"
179,10819140862,10819140893,1,"IOTHUB_CLIENT_CONFIRMATION_OK"
180,10819141195,10819141228,1,"IOTHUB_CLIENT_CONFIRMATION_OK"
181,10819141528,10819141556,1,"IOTHUB_CLIENT_CONFIRMATION_OK"
182,10819141861,10819141893,1,"IOTHUB_CLIENT_CONFIRMATION_OK"
183,10819142195,10819142241,1,"IOTHUB_CLIENT_CONFIRMATION_OK"
184,10819142528,10819142568,1,"IOTHUB_CLIENT_CONFIRMATION_OK"
185,10819142861,10819142890,1,"IOTHUB_CLIENT_CONFIRMATION_OK"
186,10819143194,10819143222,1,"IOTHUB_CLIENT_CONFIRMATION_OK"
187,10819143527,10819143556,1,"IOTHUB_CLIENT_CONFIRMATION_OK"
188,10819143860,10819143889,1,"IOTHUB_CLIENT_CONFIRMATION_OK"
189,10819144193,10819144237,1,"IOTHUB_CLIENT_CONFIRMATION_OK"
190,10819144527,10819144556,1,"IOTHUB_CLIENT_CONFIRMATION_OK"
191,10819144860,10819144888,1,"IOTHUB_CLIENT_CONFIRMATION_OK"
192,10819145193,10819145308,1,"IOTHUB_CLIENT_CONFIRMATION_OK"
193,10819145526,10819145555,1,"IOTHUB_CLIENT_CONFIRMATION_OK"
194,10819145859,10819145901,1,"IOTHUB_CLIENT_CONFIRMATION_OK"
195,10819146192,10819146223,1,"IOTHUB_CLIENT_CONFIRMATION_OK"
196,10819146526,10819146555,1,"IOTHUB_CLIENT_CONFIRMATION_OK"
197,10819146859,10819146890,1,"IOTHUB_CLIENT_CONFIRMATION_OK"
198,10819147192,10819147223,1,"IOTHUB_CLIENT_CONFIRMATION_OK"
199,10819147525,10819147555,1,"IOTHUB_CLIENT_CONFIRMATION_OK"
200,10819147858,10819147888,1,"IOTHUB_CLIENT_CONFIRMATION_OK"
201,10819148191,10819148220,1,"IOTHUB_CLIENT_CONFIRMATION_OK"
202,10819148525,10819148554,1,"IOTHUB_CLIENT_CONFIRMATION_OK"
203,10819148858,10819148887,1,"IOTHUB_CLIENT_CONFIRMATION_OK"
204,10819149191,10819149222,1,"IOTHUB_CLIENT_CONFIRMATION_OK"
205,10819149524,10819149554,1,"IOTHUB_CLIENT_CONFIRMATION_OK"
206,10819149857,10819149887,1,"IOTHUB_CLIENT_CONFIRMATION_OK"
207,10819150190,10819150222,1,"IOTHUB_CLIENT_CONFIRMATION_OK"
208,10819150523,10819150559,1,"IOTHUB_CLIENT_CONFIRMATION_OK"
209,10819150857,10819150930,1,"IOTHUB_CLIENT_CONFIRMATION_OK"
210,10819151190,10819151362,1,"IOTHUB_CLIENT_CONFIRMATION_OK"
211,10819151523,10819151597,1,"IOTHUB_CLIENT_CONFIRMATION_OK"
212,10819151856,10819151886,1,"IOTHUB_CLIENT_CONFIRMATION_OK"
213,10819152189,10819152227,1,"IOTHUB_CLIENT_CONFIRMATION_OK"
214,10819152522,10819152557,1,"IOTHUB_CLIENT_CONFIRMATION_OK"
215,10819152856,10819152888,1,"IOTHUB_CLIENT_CONFIRMATION_OK"
216,10819153189,10819153223,1,"IOTHUB_CLIENT_CONFIRMATION_OK"
217,10819153522,10819153557,1,"IOTHUB_CLIENT_CONFIRMATION_OK"
218,10819153855,10819153892,1,"IOTHUB_CLIENT_CONFIRMATION_OK"
219,10819154188,10819154217,1,"IOTHUB_CLIENT_CONFIRMATION_OK"
220,10819154521,10819154551,1,"IOTHUB_CLIENT_CONFIRMATION_OK"
221,10819154855,10819154887,1,"IOTHUB_CLIENT_CONFIRMATION_OK"
222,10819155188,10819155223,1,"IOTHUB_CLIENT_CONFIRMATION_OK"
223,10819155521,10819155555,1,"IOTHUB_CLIENT_CONFIRMATION_OK"
224,10819155854,10819155882,1,"IOTHUB_CLIENT_CONFIRMATION_OK"
225,10819156187,10819156216,1,"IOTHUB_CLIENT_CONFIRMATION_OK"
226,10819156520,10819156553,1,"IOTHUB_CLIENT_CONFIRMATION_OK"
227,10819156853,10819156886,1,"IOTHUB_CLIENT_CONFIRMATION_OK"
228,10819157187,10819157216,1,"IOTHUB_CLIENT_CONFIRMATION_OK"
229,10819157520,10819157548,1,"IOTHUB_CLIENT_CONFIRMATION_OK"
230,10819157853,10819157909,1,"IOTHUB_CLIENT_CONFIRMATION_OK"
231,10819158186,10819158214,1,"IOTHUB_CLIENT_CONFIRMATION_OK"
232,10819158519,10819158556,1,"IOTHUB_CLIENT_CONFIRMATION_OK"
233,10819158852,10819158881,1,"IOTHUB_CLIENT_CONFIRMATION_OK"
234,10819159186,10819159331,1,"IOTHUB_CLIENT_CONFIRMATION_OK"
235,10819159519,10819159549,1,"IOTHUB_CLIENT_CONFIRMATION_OK"
236,10819159852,10819159881,1,"IOTHUB_CLIENT_CONFIRMATION_OK"
237,10819160185,10819160215,1,"IOTHUB_CLIENT_CONFIRMATION_OK"
238,10819160518,10819160570,1,"IOTHUB_CLIENT_CONFIRMATION_OK"
239,10819160851,10819160897,1,"IOTHUB_CLIENT_CONFIRMATION_OK"
240,10819161185,10819161213,1,"IOTHUB_CLIENT_CONFIRMATION_OK"
241,10819161518,10819161549,1,"IOTHUB_CLIENT_CONFIRMATION_OK"
242,10819161851,10819161883,1,"IOTHUB_CLIENT_CONFIRMATION_OK"
243,10819162184,10819162217,1,"IOTHUB_CLIENT_CONFIRMATION_OK"
244,10819162517,10819162547,1,"IOTHUB_CLIENT_CONFIRMATION_OK"
245,10819162850,10819162879,1,"IOTHUB_CLIENT_CONFIRMATION_OK"
246,10819163184,10819163213,1,"IOTHUB_CLIENT_CONFIRMATION_OK"
247,10819163517,10819163732,1,"IOTHUB_CLIENT_CONFIRMATION_OK"
248,10819163850,10819163888,1,"IOTHUB_CLIENT_CONFIRMATION_OK"
249,10819164183,10819164215,1,"IOTHUB_CLIENT_CONFIRMATION_OK"
250,10819164516,10819164547,1,"IOTHUB_CLIENT_CONFIRMATION_OK"
251,10819164849,10819164943,1,"IOTHUB_CLIENT_CONFIRMATION_OK"
252,10819165183,10819165214,1,"IOTHUB_CLIENT_CONFIRMATION_OK"
253,10819165516,10819165548,1,"IOTHUB_CLIENT_CONFIRMATION_OK"
254,10819165849,10819165878,1,"IOTHUB_CLIENT_CONFIRMATION_OK"
255,10819166182,10819166212,1,"IOTHUB_CLIENT_CONFIRMATION_OK"
256,10819166515,10819166547,1,"IOTHUB_CLIENT_CONFIRMATION_OK"
257,10819166848,10819166883,1,"IOTHUB_CLIENT_CONFIRMATION_OK"
258,10819167182,10819167214,1,"IOTHUB_CLIENT_CONFIRMATION_OK"
259,10819167515,10819167545,1,"IOTHUB_CLIENT_CONFIRMATION_OK"
260,10819167848,10819167876,1,"IOTHUB_CLIENT_CONFIRMATION_OK"
261,10819168181,10819168215,1,"IOTHUB_CLIENT_CONFIRMATION_OK"
262,10819168514,10819168551,1,"IOTHUB_CLIENT_CONFIRMATION_OK"
263,10819168847,10819168884,1,"IOTHUB_CLIENT_CONFIRMATION_OK"
264,10819169181,10819169210,1,"IOTHUB_CLIENT_CONFIRMATION_OK"
265,10819169514,10819169546,1,"IOTHUB_CLIENT_CONFIRMATION_OK"
266,10819169847,10819169876,1,"IOTHUB_CLIENT_CONFIRMATION_OK"
267,10819170180,10819170210,1,"IOTHUB_CLIENT_CONFIRMATION_OK"
268,10819170513,10819170546,1,"IOTHUB_CLIENT_CONFIRMATION_OK"
269,10819170846,10819170877,1,"IOTHUB_CLIENT_CONFIRMATION_OK"
270,10819171180,10819171250,1,"IOTHUB_CLIENT_CONFIRMATION_OK"
271,10819171513,10819171544,1,"IOTHUB_CLIENT_CONFIRMATION_OK"
272,10819171846,10819171874,1,"IOTHUB_CLIENT_CONFIRMATION_OK"
273,10819172179,10819172211,1,"IOTHUB_CLIENT_CONFIRMATION_OK"
274,10819172512,10819172545,1,"IOTHUB_CLIENT_CONFIRMATION_OK"
275,10819172845,10819172873,1,"IOTHUB_CLIENT_CONFIRMATION_OK"
276,10819173179,10819173209,1,"IOTHUB_CLIENT_CONFIRMATION_OK"
277,10819173512,10819173540,1,"IOTHUB_CLIENT_CONFIRMATION_OK"
278,10819173845,10819173874,1,"IOTHUB_CLIENT_CONFIRMATION_OK"
279,10819174178,10819174303,1,"IOTHUB_CLIENT_CONFIRMATION_OK"
280,10819174511,10819174539,1,"IOTHUB_CLIENT_CONFIRMATION_OK"
281,10819174844,10819174873,1,"IOTHUB_CLIENT_CONFIRMATION_OK"
282,10819175178,10819175206,1,"IOTHUB_CLIENT_CONFIRMATION_OK"
283,10819175511,10819175539,1,"IOTHUB_CLIENT_CONFIRMATION_OK"
284,10819175844,10819175877,1,"IOTHUB_CLIENT_CONFIRMATION_OK"
285,10819176177,10819176209,1,"IOTHUB_CLIENT_CONFIRMATION_OK"
286,10819176510,10819176538,1,"IOTHUB_CLIENT_CONFIRMATION_OK"
287,10819176843,10819176949,1,"IOTHUB_CLIENT_CONFIRMATION_OK"
288,10819177177,10819177206,1,"IOTHUB_CLIENT_CONFIRMATION_OK"
289,10819177510,10819177545,1,"IOTHUB_CLIENT_CONFIRMATION_OK"
290,10819177843,10819177872,1,"IOTHUB_CLIENT_CONFIRMATION_OK"
291,10819178176,10819178358,1,"IOTHUB_CLIENT_CONFIRMATION_OK"
292,10819178509,10819178539,1,"IOTHUB_CLIENT_CONFIRMATION_OK"
293,10819178842,10819178876,1,"IOTHUB_CLIENT_CONFIRMATION_OK"
294,10819179176,10819179207,1,"IOTHUB_CLIENT_CONFIRMATION_OK"
295,10819179509,10819179540,1,"IOTHUB_CLIENT_CONFIRMATION_OK"
296,10819179842,10819179873,1,"IOTHUB_CLIENT_CONFIRMATION_OK"
297,10819180175,10819180203,1,"IOTHUB_CLIENT_CONFIRMATION_OK"
298,10819180508,10819180538,1,"IOTHUB_CLIENT_CONFIRMATION_OK"
299,10819180841,10819180876,1,"IOTHUB_CLIENT_CONFIRMATION_OK"
300,10819181175,10819181204,1,"IOTHUB_CLIENT_CONFIRMATION_OK"
301,10819181508,10819181538,1,"IOTHUB_CLIENT_CONFIRMATION_OK"
302,10819181841,10819181874,1,"IOTHUB_CLIENT_CONFIRMATION_OK"
303,10819182174,10819182203,1,"IOTHUB_CLIENT_CONFIRMATION_OK"
304,10819182507,10819182550,1,"IOTHUB_CLIENT_CONFIRMATION_OK"
305,10819182840,10819182879,1,"IOTHUB_CLIENT_CONFIRMATION_OK"
306,10819183174,10819183202,1,"IOTHUB_CLIENT_CONFIRMATION_OK"
307,10819183507,10819183534,1,"IOTHUB_CLIENT_CONFIRMATION_OK"
308,10819183840,10819183883,1,"IOTHUB_CLIENT_CONFIRMATION_OK"
309,10819184173,10819184207,1,"IOTHUB_CLIENT_CONFIRMATION_OK"
310,10819184506,10819184695,1,"IOTHUB_CLIENT_CONFIRMATION_OK"
311,10819184839,10819184869,1,"IOTHUB_CLIENT_CONFIRMATION_OK"
312,10819185172,10819185282,1,"IOTHUB_CLIENT_CONFIRMATION_OK"
313,10819185506,10819185541,1,"IOTHUB_CLIENT_CONFIRMATION_OK"
314,10819185839,10819185867,1,"IOTHUB_CLIENT_CONFIRMATION_OK"
315,10819186172,10819186200,1,"IOTHUB_CLIENT_CONFIRMATION_OK"
316,10819186505,10819186538,1,"IOTHUB_CLIENT_CONFIRMATION_OK"
317,10819186838,10819186868,1,"IOTHUB_CLIENT_CONFIRMATION_OK"
318,10819187171,10819187199,1,"IOTHUB_CLIENT_CONFIRMATION_OK"
319,10819187505,10819187535,1,"IOTHUB_CLIENT_CONFIRMATION_OK"
320,10819187838,10819187870,1,"IOTHUB_CLIENT_CONFIRMATION_OK"
321,10819188171,10819188200,1,"IOTHUB_CLIENT_CONFIRMATION_OK"
322,10819188504,10819188532,1,"IOTHUB_CLIENT_CONFIRMATION_OK"
323,10819188837,10819188872,1,"IOTHUB_CLIENT_CONFIRMATION_OK"
324,10819189170,10819189201,1,"IOTHUB_CLIENT_CONFIRMATION_OK"
325,10819189504,10819189532,1,"IOTHUB_CLIENT_CONFIRMATION_OK"
326,10819189837,10819189865,1,"IOTHUB_CLIENT_CONFIRMATION_OK"
327,10819190170,10819190199,1,"IOTHUB_CLIENT_CONFIRMATION_OK"
328,10819190503,10819190535,1,"IOTHUB_CLIENT_CONFIRMATION_OK"
329,10819190836,10819190954,1,"IOTHUB_CLIENT_CONFIRMATION_OK"
330,10819191169,10819191199,1,"IOTHUB_CLIENT_CONFIRMATION_OK"
331,10819191503,10819191558,1,"IOTHUB_CLIENT_CONFIRMATION_OK"
332,10819191836,10819191867,1,"IOTHUB_CLIENT_CONFIRMATION_OK"
333,10819192169,10819192198,1,"IOTHUB_CLIENT_CONFIRMATION_OK"
334,10819192502,10819192532,1,"IOTHUB_CLIENT_CONFIRMATION_OK"
335,10819192835,10819192868,1,"IOTHUB_CLIENT_CONFIRMATION_OK"
336,10819193168,10819193208,1,"IOTHUB_CLIENT_CONFIRMATION_OK"
337,10819193502,10819193533,1,"IOTHUB_CLIENT_CONFIRMATION_OK"
338,10819193835,10819193865,1,"IOTHUB_CLIENT_CONFIRMATION_OK"
339,10819194168,10819194196,1,"IOTHUB_CLIENT_CONFIRMATION_OK"
340,10819194501,10819194530,1,"IOTHUB_CLIENT_CONFIRMATION_OK"
341,10819194834,10819194863,1,"IOTHUB_CLIENT_CONFIRMATION_OK"
342,10819195167,10819195195,1,"IOTHUB_CLIENT_CONFIRMATION_OK"
343,10819195501,10819195530,1,"IOTHUB_CLIENT_CONFIRMATION_OK"
344,10819195834,10819195862,1,"IOTHUB_CLIENT_CONFIRMATION_OK"
345,10819196167,10819196196,1,"IOTHUB_CLIENT_CONFIRMATION_OK"
346,10819196500,10819196530,1,"IOTHUB_CLIENT_CONFIRMATION_OK"
347,10819196833,10819196865,1,"IOTHUB_CLIENT_CONFIRMATION_OK"
348,10819197166,10819197196,1,"IOTHUB_CLIENT_CONFIRMATION_OK"
349,10819197500,10819197530,1,"IOTHUB_CLIENT_CONFIRMATION_OK"
350,10819197833,10819197936,1,"IOTHUB_CLIENT_CONFIRMATION_OK"
351,10819198166,10819198195,1,"IOTHUB_CLIENT_CONFIRMATION_OK"
352,10819198499,10819198529,1,"IOTHUB_CLIENT_CONFIRMATION_OK"
353,10819198832,10819198866,1,"IOTHUB_CLIENT_CONFIRMATION_OK"
354,10819199165,10819199194,1,"IOTHUB_CLIENT_CONFIRMATION_OK"
355,10819199498,10819199526,1,"IOTHUB_CLIENT_CONFIRMATION_OK"
356,10819199832,10819199863,1,"IOTHUB_CLIENT_CONFIRMATION_OK"
357,10819200165,10819200197,1,"IOTHUB_CLIENT_CONFIRMATION_OK"
358,10819200498,10819200527,1,"IOTHUB_CLIENT_CONFIRMATION_OK"
359,10819200831,10819200861,1,"IOTHUB_CLIENT_CONFIRMATION_OK"
360,10819201164,10819201196,1,"IOTHUB_CLIENT_CONFIRMATION_OK"
361,10819201497,10819201527,1,"IOTHUB_CLIENT_CONFIRMATION_OK"
362,10819201831,10819201861,1,"IOTHUB_CLIENT_CONFIRMATION_OK"
363,10819202164,10819202200,1,"IOTHUB_CLIENT_CONFIRMATION_OK"
364,10819202497,10819202525,1,"IOTHUB_CLIENT_CONFIRMATION_OK"
365,10819202830,10819202860,1,"IOTHUB_CLIENT_CONFIRMATION_OK"
366,10819203163,10819203195,1,"IOTHUB_CLIENT_CONFIRMATION_OK"
367,10819203496,10819203525,1,"IOTHUB_CLIENT_CONFIRMATION_OK"
368,10819203830,10819203861,1,"IOTHUB_CLIENT_CONFIRMATION_OK"
369,10819204163,10819204238,1,"IOTHUB_CLIENT_CONFIRMATION_OK"
370,10819204496,10819204541,1,"IOTHUB_CLIENT_CONFIRMATION_OK"
371,10819204829,10819204860,1,"IOTHUB_CLIENT_CONFIRMATION_OK"
372,10819205162,10819205195,1,"IOTHUB_CLIENT_CONFIRMATION_OK"
373,10819205495,10819205527,1,"IOTHUB_CLIENT_CONFIRMATION_OK"
374,10819205829,10819205861,1,"IOTHUB_CLIENT_CONFIRMATION_OK"
375,10819206162,10819206195,1,"IOTHUB_CLIENT_CONFIRMATION_OK"
376,10819206495,10819206538,1,"IOTHUB_CLIENT_CONFIRMATION_OK"
377,10819206828,10819206858,1,"IOTHUB_CLIENT_CONFIRMATION_OK"
378,10819207161,10819207193,1,"IOTHUB_CLIENT_CONFIRMATION_OK"
379,10819207494,10819207534,1,"IOTHUB_CLIENT_CONFIRMATION_OK"
380,10819207827,10819207856,1,"IOTHUB_CLIENT_CONFIRMATION_OK"
381,10819208161,10819208205,1,"IOTHUB_CLIENT_CONFIRMATION_OK"
382,10819208494,10819208522,1,"IOTHUB_CLIENT_CONFIRMATION_OK"
383,10819208827,10819208880,1,"IOTHUB_CLIENT_CONFIRMATION_OK"
384,10819209160,10819209189,1,"IOTHUB_CLIENT_CONFIRMATION_OK"
385,10819209493,10819209522,1,"IOTHUB_CLIENT_CONFIRMATION_OK"
386,10819209826,10819209854,1,"IOTHUB_CLIENT_CONFIRMATION_OK"
387,10819210160,10819210194,1,"IOTHUB_CLIENT_CONFIRMATION_OK"
388,10819210493,10819210551,1,"IOTHUB_CLIENT_CONFIRMATION_OK"
389,10819210826,10819210854,1,"IOTHUB_CLIENT_CONFIRMATION_OK"
390,10819211159,10819211187,1,"IOTHUB_CLIENT_CONFIRMATION_OK"
391,10819211492,10819211521,1,"IOTHUB_CLIENT_CONFIRMATION_OK"
392,10819211825,10819211854,1,"IOTHUB_CLIENT_CONFIRMATION_OK"
393,10819212159,10819212207,1,"IOTHUB_CLIENT_CONFIRMATION_OK"
394,10819212492,10819212526,1,"IOTHUB_CLIENT_CONFIRMATION_OK"
395,10819212825,10819212865,1,"IOTHUB_CLIENT_CONFIRMATION_OK"
396,10819213158,10819213187,1,"IOTHUB_CLIENT_CONFIRMATION_OK"
397,10819213491,10819213529,1,"IOTHUB_CLIENT_CONFIRMATION_OK"
398,10819213824,10819213855,1,"IOTHUB_CLIENT_CONFIRMATION_OK"
399,10819214158,10819214206,1,"IOTHUB_CLIENT_CONFIRMATION_OK"
400,10819214491,10819214522,1,"IOTHUB_CLIENT_CONFIRMATION_OK"
401,10819214824,10819214862,1,"IOTHUB_CLIENT_CONFIRMATION_OK"
402,10819215157,10819215186,1,"IOTHUB_CLIENT_CONFIRMATION_OK"
403,10819215490,10819215519,1,"IOTHUB_CLIENT_CONFIRMATION_OK"
404,10819215823,10819215857,1,"IOTHUB_CLIENT_CONFIRMATION_OK"
405,10819216157,10819216184,1,"IOTHUB_CLIENT_CONFIRMATION_OK"
406,10819216490,10819216519,1,"IOTHUB_CLIENT_CONFIRMATION_OK"
407,10819216823,10819216862,1,"IOTHUB_CLIENT_CONFIRMATION_OK"
408,10819217156,10819217185,1,"IOTHUB_CLIENT_CONFIRMATION_OK"
409,10819217489,10819217548,1,"IOTHUB_CLIENT_CONFIRMATION_OK"
410,10819217822,10819217856,1,"IOTHUB_CLIENT_CONFIRMATION_OK"
411,10819218156,10819218183,1,"IOTHUB_CLIENT_CONFIRMATION_OK"
412,10819218489,10819218519,1,"IOTHUB_CLIENT_CONFIRMATION_OK"
413,10819218822,10819218855,1,"IOTHUB_CLIENT_CONFIRMATION_OK"
414,10819219155,10819219186,1,"IOTHUB_CLIENT_CONFIRMATION_OK"
415,10819219488,10819219523,1,"IOTHUB_CLIENT_CONFIRMATION_OK"
416,10819219821,10819219849,1,"IOTHUB_CLIENT_CONFIRMATION_OK"
417,10819220155,10819220311,1,"IOTHUB_CLIENT_CONFIRMATION_OK"
418,10819220488,10819220516,1,"IOTHUB_CLIENT_CONFIRMATION_OK"
419,10819220821,10819220850,1,"IOTHUB_CLIENT_CONFIRMATION_OK"
420,10819221154,10819221190,1,"IOTHUB_CLIENT_CONFIRMATION_OK"
421,10819221487,10819221519,1,"IOTHUB_CLIENT_CONFIRMATION_OK"
422,10819221820,10819221852,1,"IOTHUB_CLIENT_CONFIRMATION_OK"
423,10819222154,10819222182,1,"IOTHUB_CLIENT_CONFIRMATION_OK"
424,10819222487,10819222519,1,"IOTHUB_CLIENT_CONFIRMATION_OK"
425,10819222820,10819222850,1,"IOTHUB_CLIENT_CONFIRMATION_OK"
426,10819223153,10819223190,1,"IOTHUB_CLIENT_CONFIRMATION_OK"
427,10819223486,10819223531,1,"IOTHUB_CLIENT_CONFIRMATION_OK"
428,10819223819,10819223851,1,"IOTHUB_CLIENT_CONFIRMATION_OK"
429,10819224153,10819224183,1,"IOTHUB_CLIENT_CONFIRMATION_OK"
430,10819224486,10819224618,1,"IOTHUB_CLIENT_CONFIRMATION_OK"
431,10819224819,10819224848,1,"IOTHUB_CLIENT_CONFIRMATION_OK"
432,10819225152,10819225182,1,"IOTHUB_CLIENT_CONFIRMATION_OK"
433,10819225485,10819225513,1,"IOTHUB_CLIENT_CONFIRMATION_OK"
434,10819225818,10819225846,1,"IOTHUB_CLIENT_CONFIRMATION_OK"
435,10819226152,10819226182,1,"IOTHUB_CLIENT_CONFIRMATION_OK"
436,10819226485,10819226517,1,"IOTHUB_CLIENT_CONFIRMATION_OK"
437,10819226818,10819226846,1,"IOTHUB_CLIENT_CONFIRMATION_OK"
438,10819227151,10819227179,1,"IOTHUB_CLIENT_CONFIRMATION_OK"
439,10819227484,10819227515,1,"IOTHUB_CLIENT_CONFIRMATION_OK"
440,10819227817,10819227846,1,"IOTHUB_CLIENT_CONFIRMATION_OK"
441,10819228151,10819228189,1,"IOTHUB_CLIENT_CONFIRMATION_OK"
442,10819228484,10819228512,1,"IOTHUB_CLIENT_CONFIRMATION_OK"
443,10819228817,10819228846,1,"IOTHUB_CLIENT_CONFIRMATION_OK"
444,10819229150,10819229185,1,"IOTHUB_CLIENT_CONFIRMATION_OK"
445,10819229483,10819229559,1,"IOTHUB_CLIENT_CONFIRMATION_OK"
446,10819229816,10819229850,1,"IOTHUB_CLIENT_CONFIRMATION_OK"
447,10819230150,10819230179,1,"IOTHUB_CLIENT_CONFIRMATION_OK"
448,10819230483,10819230517,1,"IOTHUB_CLIENT_CONFIRMATION_OK"
449,10819230816,10819230985,1,"IOTHUB_CLIENT_CONFIRMATION_OK"
450,10819231149,10819231179,1,"IOTHUB_CLIENT_CONFIRMATION_OK"
451,10819231482,10819231511,1,"IOTHUB_CLIENT_CONFIRMATION_OK"
452,10819231815,10819231851,1,"IOTHUB_CLIENT_CONFIRMATION_OK"
453,10819232149,10819232179,1,"IOTHUB_CLIENT_CONFIRMATION_OK"
454,10819232482,10819232522,1,"IOTHUB_CLIENT_CONFIRMATION_OK"
455,10819232815,10819232866,1,"IOTHUB_CLIENT_CONFIRMATION_OK"
456,10819233148,10819233179,1,"IOTHUB_CLIENT_CONFIRMATION_OK"
457,10819233481,10819233510,1,"IOTHUB_CLIENT_CONFIRMATION_OK"
458,10819233814,10819233845,1,"IOTHUB_CLIENT_CONFIRMATION_OK"
459,10819234148,10819234179,1,"IOTHUB_CLIENT_CONFIRMATION_OK"
460,10819234481,10819234510,1,"IOTHUB_CLIENT_CONFIRMATION_OK"
461,10819234814,10819234845,1,"IOTHUB_CLIENT_CONFIRMATION_OK"
462,10819235147,10819235181,1,"IOTHUB_CLIENT_CONFIRMATION_OK"
463,10819235480,10819235509,1,"IOTHUB_CLIENT_CONFIRMATION_OK"
464,10819235813,10819235897,1,"IOTHUB_CLIENT_CONFIRMATION_OK"
465,10819236147,10819236183,1,"IOTHUB_CLIENT_CONFIRMATION_OK"
466,10819236480,10819236523,1,"IOTHUB_CLIENT_CONFIRMATION_OK"
467,10819236813,10819236857,1,"IOTHUB_CLIENT_CONFIRMATION_OK"
468,10819237146,10819237297,1,"IOTHUB_CLIENT_CONFIRMATION_OK"
469,10819237479,10819237510,1,"IOTHUB_CLIENT_CONFIRMATION_OK"
470,10819237812,10819237869,1,"IOTHUB_CLIENT_CONFIRMATION_OK"
471,10819238146,10819238184,1,"IOTHUB_CLIENT_CONFIRMATION_OK"
472,10819238479,10819238511,1,"IOTHUB_CLIENT_CONFIRMATION_OK"
473,10819238812,10819238841,1,"IOTHUB_CLIENT_CONFIRMATION_OK"
474,10819239145,10819239188,1,"IOTHUB_CLIENT_CONFIRMATION_OK"
475,10819239478,10819239507,1,"IOTHUB_CLIENT_CONFIRMATION_OK"
476,10819239811,10819239843,1,"IOTHUB_CLIENT_CONFIRMATION_OK"
477,10819240145,10819240312,1,"IOTHUB_CLIENT_CONFIRMATION_OK"
478,10819240478,10819240506,1,"IOTHUB_CLIENT_CONFIRMATION_OK"
479,10819240811,10819240839,1,"IOTHUB_CLIENT_CONFIRMATION_OK"
480,10819241144,10819241175,1,"IOTHUB_CLIENT_CONFIRMATION_OK"
481,10819241477,10819241526,1,"IOTHUB_CLIENT_CONFIRMATION_OK"
482,10819241810,10819241846,1,"IOTHUB_CLIENT_CONFIRMATION_OK"
483,10819242144,10819242209,1,"IOTHUB_CLIENT_CONFIRMATION_OK"
484,10819242477,10819242505,1,"IOTHUB_CLIENT_CONFIRMATION_OK"
485,10819242810,10819242838,1,"IOTHUB_CLIENT_CONFIRMATION_OK"
486,10819243143,10819243182,1,"IOTHUB_CLIENT_CONFIRMATION_OK"
487,10819243476,10819243632,1,"IOTHUB_CLIENT_CONFIRMATION_OK"
488,10819243809,10819243838,1,"IOTHUB_CLIENT_CONFIRMATION_OK"
489,10819244142,10819244171,1,"IOTHUB_CLIENT_CONFIRMATION_OK"
490,10819244476,10819244507,1,"IOTHUB_CLIENT_CONFIRMATION_OK"
491,10819244809,10819244838,1,"IOTHUB_CLIENT_CONFIRMATION_OK"
492,10819245142,10819245181,1,"IOTHUB_CLIENT_CONFIRMATION_OK"
493,10819245475,10819245509,1,"IOTHUB_CLIENT_CONFIRMATION_OK"
494,10819245808,10819245864,1,"IOTHUB_CLIENT_CONFIRMATION_OK"
495,10819246141,10819246171,1,"IOTHUB_CLIENT_CONFIRMATION_OK"
496,10819246475,10819246634,1,"IOTHUB_CLIENT_CONFIRMATION_OK"
497,10819246808,10819246845,1,"IOTHUB_CLIENT_CONFIRMATION_OK"
498,10819247141,10819247171,1,"IOTHUB_CLIENT_CONFIRMATION_OK"
499,10819247474,10819247502,1,"IOTHUB_CLIENT_CONFIRMATION_OK"
500,10819247807,10819247867,1,"IOTHUB_CLIENT_CONFIRMATION_OK"
501,10819248140,10819248171,1,"IOTHUB_CLIENT_CONFIRMATION_OK"
502,10819248474,10819248504,1,"IOTHUB_CLIENT_CONFIRMATION_OK"
503,10819248807,10819248835,1,"IOTHUB_CLIENT_CONFIRMATION_OK"
504,10819249140,10819249168,1,"IOTHUB_CLIENT_CONFIRMATION_OK"
505,10819249473,10819249515,1,"IOTHUB_CLIENT_CONFIRMATION_OK"
506,10819249806,10819249892,1,"IOTHUB_CLIENT_CONFIRMATION_OK"
507,10819250139,10819250201,1,"IOTHUB_CLIENT_CONFIRMATION_OK"
508,10819250473,10819250502,1,"IOTHUB_CLIENT_CONFIRMATION_OK"
509,10819250806,10819250837,1,"IOTHUB_CLIENT_CONFIRMATION_OK"
510,10819251139,10819251167,1,"IOTHUB_CLIENT_CONFIRMATION_OK"
511,10819251472,10819251501,1,"IOTHUB_CLIENT_CONFIRMATION_OK"
512,10819251805,10819251834,1,"IOTHUB_CLIENT_CONFIRMATION_OK"
513,10819252138,10819252187,1,"IOTHUB_CLIENT_CONFIRMATION_OK"
514,10819252472,10819252502,1,"IOTHUB_CLIENT_CONFIRMATION_OK"
515,10819252805,10819252848,1,"IOTHUB_CLIENT_CONFIRMATION_OK"
516,10819253138,10819253171,1,"IOTHUB_CLIENT_CONFIRMATION_OK"
517,10819253471,10819253500,1,"IOTHUB_CLIENT_CONFIRMATION_OK"
518,10819253804,10819253837,1,"IOTHUB_CLIENT_CONFIRMATION_OK"
519,10819254137,10819254169,1,"IOTHUB_CLIENT_CONFIRMATION_OK"
520,10819254471,10819254499,1,"IOTHUB_CLIENT_CONFIRMATION_OK"
521,10819254804,10819254834,1,"IOTHUB_CLIENT_CONFIRMATION_OK"
522,10819255137,10819255170,1,"IOTHUB_CLIENT_CONFIRMATION_OK"
523,10819255470,10819255570,1,"IOTHUB_CLIENT_CONFIRMATION_OK"
524,10819255803,10819255860,1,"IOTHUB_CLIENT_CONFIRMATION_OK"
525,10819256136,10819256197,1,"IOTHUB_CLIENT_CONFIRMATION_OK"
526,10819256470,10819256499,1,"IOTHUB_CLIENT_CONFIRMATION_OK"
527,10819256803,10819256831,1,"IOTHUB_CLIENT_CONFIRMATION_OK"
528,10819257136,10819257168,1,"IOTHUB_CLIENT_CONFIRMATION_OK"
529,10819257469,10819257522,1,"IOTHUB_CLIENT_CONFIRMATION_OK"
530,10819257802,10819257838,1,"IOTHUB_CLIENT_CONFIRMATION_OK"
531,10819258135,10819258167,1,"IOTHUB_CLIENT_CONFIRMATION_OK"
532,10819258469,10819258507,1,"IOTHUB_CLIENT_CONFIRMATION_OK"
533,10819258802,10819258833,1,"IOTHUB_CLIENT_CONFIRMATION_OK"
534,10819259135,10819259163,1,"IOTHUB_CLIENT_CONFIRMATION_OK"
535,10819259468,10819259505,1,"IOTHUB_CLIENT_CONFIRMATION_OK"
536,10819259801,10819259834,1,"IOTHUB_CLIENT_CONFIRMATION_OK"
537,10819260134,10819260169,1,"IOTHUB_CLIENT_CONFIRMATION_OK"
538,10819260468,10819260516,1,"IOTHUB_CLIENT_CONFIRMATION_OK"
539,10819260801,10819260841,1,"IOTHUB_CLIENT_CONFIRMATION_OK"
540,10819261134,10819261165,1,"IOTHUB_CLIENT_CONFIRMATION_OK"
541,10819261467,10819261500,1,"IOTHUB_CLIENT_CONFIRMATION_OK"
542,10819261800,10819261913,1,"IOTHUB_CLIENT_CONFIRMATION_OK"
543,10819262133,10819262162,1,"IOTHUB_CLIENT_CONFIRMATION_OK"
544,10819262467,10819262515,1,"IOTHUB_CLIENT_CONFIRMATION_OK"
545,10819262800,10819262829,1,"IOTHUB_CLIENT_CONFIRMATION_OK"
546,10819263133,10819263162,1,"IOTHUB_CLIENT_CONFIRMATION_OK"
547,10819263466,10819263495,1,"IOTHUB_CLIENT_CONFIRMATION_OK"
548,10819263799,10819263830,1,"IOTHUB_CLIENT_CONFIRMATION_OK"
549,10819264132,10819264161,1,"IOTHUB_CLIENT_CONFIRMATION_OK"
550,10819264466,10819264505,1,"IOTHUB_CLIENT_CONFIRMATION_OK"
551,10819264799,10819264828,1,"IOTHUB_CLIENT_CONFIRMATION_OK"
552,10819265132,10819265167,1,"IOTHUB_CLIENT_CONFIRMATION_OK"
553,10819265465,10819265496,1,"IOTHUB_CLIENT_CONFIRMATION_OK"
554,10819265798,10819265827,1,"IOTHUB_CLIENT_CONFIRMATION_OK"
555,10819266131,10819266159,1,"IOTHUB_CLIENT_CONFIRMATION_OK"
556,10819266465,10819266493,1,"IOTHUB_CLIENT_CONFIRMATION_OK"
557,10819266798,10819266828,1,"IOTHUB_CLIENT_CONFIRMATION_OK"
558,10819267131,10819267162,1,"IOTHUB_CLIENT_CONFIRMATION_OK"
559,10819267464,10819267493,1,"IOTHUB_CLIENT_CONFIRMATION_OK"
560,10819267797,10819267827,1,"IOTHUB_CLIENT_CONFIRMATION_OK"
561,10819268130,10819268229,1,"IOTHUB_CLIENT_CONFIRMATION_OK"
562,10819268463,10819268493,1,"IOTHUB_CLIENT_CONFIRMATION_OK"
563,10819268797,10819268942,1,"IOTHUB_CLIENT_CONFIRMATION_OK"
564,10819269130,10819269162,1,"IOTHUB_CLIENT_CONFIRMATION_OK"
565,10819269463,10819269492,1,"IOTHUB_CLIENT_CONFIRMATION_OK"
566,10819269796,10819269827,1,"IOTHUB_CLIENT_CONFIRMATION_OK"
567,10819270129,10819270167,1,"IOTHUB_CLIENT_CONFIRMATION_OK"
568,10819270462,10819270494,1,"IOTHUB_CLIENT_CONFIRMATION_OK"
569,10819270796,10819270828,1,"IOTHUB_CLIENT_CONFIRMATION_OK"
570,10819271129,10819271166,1,"IOTHUB_CLIENT_CONFIRMATION_OK"
571,10819271462,10819271491,1,"IOTHUB_CLIENT_CONFIRMATION_OK"
572,10819271795,10819271823,1,"IOTHUB_CLIENT_CONFIRMATION_OK"
573,10819272128,10819272157,1,"IOTHUB_CLIENT_CONFIRMATION_OK"
574,10819272461,10819272494,1,"IOTHUB_CLIENT_CONFIRMATION_OK"
575,10819272795,10819272827,1,"IOTHUB_CLIENT_CONFIRMATION_OK"
576,10819273128,10819273173,1,"IOTHUB_CLIENT_CONFIRMATION_OK"
577,10819273461,10819273493,1,"IOTHUB_CLIENT_CONFIRMATION_OK"
578,10819273794,10819273833,1,"IOTHUB_CLIENT_CONFIRMATION_OK"
579,10819274127,10819274157,1,"IOTHUB_CLIENT_CONFIRMATION_OK"
580,10819274460,10819274492,1,"IOTHUB_CLIENT_CONFIRMATION_OK"
581,10819274794,10819274829,1,"IOTHUB_CLIENT_CONFIRMATION_OK"
582,10819275127,10819275269,1,"IOTHUB_CLIENT_CONFIRMATION_OK"
583,10819275460,10819275489,1,"IOTHUB_CLIENT_CONFIRMATION_OK"
584,10819275793,10819275822,1,"IOTHUB_CLIENT_CONFIRMATION_OK"
585,10819276126,10819276160,1,"IOTHUB_CLIENT_CONFIRMATION_OK"
586,10819276459,10819276488,1,"IOTHUB_CLIENT_CONFIRMATION_OK"
587,10819276793,10819276828,1,"IOTHUB_CLIENT_CONFIRMATION_OK"
588,10819277126,10819277155,1,"IOTHUB_CLIENT_CONFIRMATION_OK"
589,10819277459,10819277487,1,"IOTHUB_CLIENT_CONFIRMATION_OK"
590,10819277792,10819277820,1,"IOTHUB_CLIENT_CONFIRMATION_OK"
591,10819278125,10819278155,1,"IOTHUB_CLIENT_CONFIRMATION_OK"
592,10819278458,10819278491,1,"IOTHUB_CLIENT_CONFIRMATION_OK"
593,10819278791,10819278820,1,"IOTHUB_CLIENT_CONFIRMATION_OK"
594,10819279125,10819279156,1,"IOTHUB_CLIENT_CONFIRMATION_OK"
595,10819279458,10819279493,1,"IOTHUB_CLIENT_CONFIRMATION_OK"
596,10819279791,10819279819,1,"IOTHUB_CLIENT_CONFIRMATION_OK"
597,10819280124,10819280152,1,"IOTHUB_CLIENT_CONFIRMATION_OK"
598,10819280457,10819280496,1,"IOTHUB_CLIENT_CONFIRMATION_OK"
599,10819280790,10819280825,1,"IOTHUB_CLIENT_CONFIRMATION_OK"
600,10819281124,10819281151,1,"IOTHUB_CLIENT_CONFIRMATION_OK"
601,10819281457,10819281491,1,"IOTHUB_CLIENT_CONFIRMATION_OK"
602,10819281790,10819281824,1,"IOTHUB_CLIENT_CONFIRMATION_OK"
603,10819282123,10819282220,1,"IOTHUB_CLIENT_CONFIRMATION_OK"
604,10819282456,10819282485,1,"IOTHUB_CLIENT_CONFIRMATION_OK"
605,10819282789,10819282823,1,"IOTHUB_CLIENT_CONFIRMATION_OK"
606,10819283123,10819283161,1,"IOTHUB_CLIENT_CONFIRMATION_OK"
607,10819283456,10819283486,1,"IOTHUB_CLIENT_CONFIRMATION_OK"
608,10819283789,10819283823,1,"IOTHUB_CLIENT_CONFIRMATION_OK"
609,10819284122,10819284155,1,"IOTHUB_CLIENT_CONFIRMATION_OK"
610,10819284455,10819284485,1,"IOTHUB_CLIENT_CONFIRMATION_OK"
611,10819284788,10819284817,1,"IOTHUB_CLIENT_CONFIRMATION_OK"
612,10819285122,10819285156,1,"IOTHUB_CLIENT_CONFIRMATION_OK"
613,10819285455,10819285504,1,"IOTHUB_CLIENT_CONFIRMATION_OK"
614,10819285788,10819285819,1,"IOTHUB_CLIENT_CONFIRMATION_OK"
615,10819286121,10819286151,1,"IOTHUB_CLIENT_CONFIRMATION_OK"
616,10819286454,10819286489,1,"IOTHUB_CLIENT_CONFIRMATION_OK"
617,10819286787,10819286825,1,"IOTHUB_CLIENT_CONFIRMATION_OK"
618,10819287121,10819287154,1,"IOTHUB_CLIENT_CONFIRMATION_OK"
619,10819287454,10819287486,1,"IOTHUB_CLIENT_CONFIRMATION_OK"
620,10819287787,10819287816,1,"IOTHUB_CLIENT_CONFIRMATION_OK"
621,10819288120,10819288150,1,"IOTHUB_CLIENT_CONFIRMATION_OK"
622,10819288453,10819288517,1,"IOTHUB_CLIENT_CONFIRMATION_OK"
623,10819288786,10819288817,1,"IOTHUB_CLIENT_CONFIRMATION_OK"
624,10819289120,10819289147,1,"IOTHUB_CLIENT_CONFIRMATION_OK"
625,10819289453,10819289505,1,"IOTHUB_CLIENT_CONFIRMATION_OK"
626,10819289786,10819289815,1,"IOTHUB_CLIENT_CONFIRMATION_OK"
627,10819290119,10819290152,1,"IOTHUB_CLIENT_CONFIRMATION_OK"
628,10819290452,10819290500,1,"IOTHUB_CLIENT_CONFIRMATION_OK"
629,10819290785,10819290819,1,"IOTHUB_CLIENT_CONFIRMATION_OK"
630,10819291119,10819291147,1,"IOTHUB_CLIENT_CONFIRMATION_OK"
631,10819291452,10819291484,1,"IOTHUB_CLIENT_CONFIRMATION_OK"
632,10819291785,10819291819,1,"IOTHUB_CLIENT_CONFIRMATION_OK"
633,10819292118,10819292154,1,"IOTHUB_CLIENT_CONFIRMATION_OK"
634,10819292451,10819292483,1,"IOTHUB_CLIENT_CONFIRMATION_OK"
635,10819292784,10819292814,1,"IOTHUB_CLIENT_CONFIRMATION_OK"
636,10819293118,10819293147,1,"IOTHUB_CLIENT_CONFIRMATION_OK"
637,10819293451,10819293482,1,"IOTHUB_CLIENT_CONFIRMATION_OK"
638,10819293784,10819293813,1,"IOTHUB_CLIENT_CONFIRMATION_OK"
639,10819294117,10819294145,1,"IOTHUB_CLIENT_CONFIRMATION_OK"
640,10819294450,10819294478,1,"IOTHUB_CLIENT_CONFIRMATION_OK"
641,10819294783,10819294840,1,"IOTHUB_CLIENT_CONFIRMATION_OK"
642,10819295117,10819295145,1,"IOTHUB_CLIENT_CONFIRMATION_OK"
643,10819295450,10819295480,1,"IOTHUB_CLIENT_CONFIRMATION_OK"
644,10819295783,10819295824,1,"IOTHUB_CLIENT_CONFIRMATION_OK"
645,10819296116,10819296145,1,"IOTHUB_CLIENT_CONFIRMATION_OK"
646,10819296449,10819296477,1,"IOTHUB_CLIENT_CONFIRMATION_OK"
647,10819296782,10819296816,1,"IOTHUB_CLIENT_CONFIRMATION_OK"
648,10819297115,10819297145,1,"IOTHUB_CLIENT_CONFIRMATION_OK"
649,10819297449,10819297477,1,"IOTHUB_CLIENT_CONFIRMATION_OK"
650,10819297782,10819297813,1,"IOTHUB_CLIENT_CONFIRMATION_OK"
651,10819298115,10819298144,1,"IOTHUB_CLIENT_CONFIRMATION_OK"
652,10819298448,10819298479,1,"IOTHUB_CLIENT_CONFIRMATION_OK"
653,10819298781,10819298811,1,"IOTHUB_CLIENT_CONFIRMATION_OK"
654,10819299114,10819299142,1,"IOTHUB_CLIENT_CONFIRMATION_OK"
655,10819299448,10819299477,1,"IOTHUB_CLIENT_CONFIRMATION_OK"
656,10819299781,10819299814,1,"IOTHUB_CLIENT_CONFIRMATION_OK"
657,10819300114,10819300144,1,"IOTHUB_CLIENT_CONFIRMATION_OK"
658,10819300447,10819300478,1,"IOTHUB_CLIENT_CONFIRMATION_OK"
659,10819300780,10819300809,1,"IOTHUB_CLIENT_CONFIRMATION_OK"
660,10819301113,10819301150,1,"IOTHUB_CLIENT_CONFIRMATION_OK"
661,10819301447,10819301509,1,"IOTHUB_CLIENT_CONFIRMATION_OK"
662,10819301780,10819301808,1,"IOTHUB_CLIENT_CONFIRMATION_OK"
663,10819302113,10819302146,1,"IOTHUB_CLIENT_CONFIRMATION_OK"
664,10819302446,10819302564,1,"IOTHUB_CLIENT_CONFIRMATION_OK"
665,10819302779,10819302839,1,"IOTHUB_CLIENT_CONFIRMATION_OK"
666,10819303112,10819303145,1,"IOTHUB_CLIENT_CONFIRMATION_OK"
667,10819303446,10819303482,1,"IOTHUB_CLIENT_CONFIRMATION_OK"
668,10819303779,10819303807,1,"IOTHUB_CLIENT_CONFIRMATION_OK"
669,10819304112,10819304141,1,"IOTHUB_CLIENT_CONFIRMATION_OK"
670,10819304445,10819304486,1,"IOTHUB_CLIENT_CONFIRMATION_OK"
671,10819304778,10819304810,1,"IOTHUB_CLIENT_CONFIRMATION_OK"
672,10819305111,10819305139,1,"IOTHUB_CLIENT_CONFIRMATION_OK"
673,10819305445,10819305472,1,"IOTHUB_CLIENT_CONFIRMATION_OK"
674,10819305778,10819305889,1,"IOTHUB_CLIENT_CONFIRMATION_OK"
675,10819306111,10819306141,1,"IOTHUB_CLIENT_CONFIRMATION_OK"
676,10819306444,10819306476,1,"IOTHUB_CLIENT_CONFIRMATION_OK"
677,10819306777,10819306807,1,"IOTHUB_CLIENT_CONFIRMATION_OK"
678,10819307110,10819307138,1,"IOTHUB_CLIENT_CONFIRMATION_OK"
679,10819307444,10819307529,1,"IOTHUB_CLIENT_CONFIRMATION_OK"
680,10819307777,10819307805,1,"IOTHUB_CLIENT_CONFIRMATION_OK"
681,10819308110,10819308137,1,"IOTHUB_CLIENT_CONFIRMATION_OK"
682,10819308443,10819308476,1,"IOTHUB_CLIENT_CONFIRMATION_OK"
683,10819308776,10819308805,1,"IOTHUB_CLIENT_CONFIRMATION_OK"
684,10819309109,10819309141,1,"IOTHUB_CLIENT_CONFIRMATION_OK"
685,10819309443,10819309470,1,"IOTHUB_CLIENT_CONFIRMATION_OK"
686,10819309776,10819309805,1,"IOTHUB_CLIENT_CONFIRMATION_OK"
687,10819310109,10819310182,1,"IOTHUB_CLIENT_CONFIRMATION_OK"
688,10819310442,10819310478,1,"IOTHUB_CLIENT_CONFIRMATION_OK"
689,10819310775,10819310809,1,"IOTHUB_CLIENT_CONFIRMATION_OK"
690,10819311108,10819311140,1,"IOTHUB_CLIENT_CONFIRMATION_OK"
691,10819311441,10819311474,1,"IOTHUB_CLIENT_CONFIRMATION_OK"
692,10819311775,10819311809,1,"IOTHUB_CLIENT_CONFIRMATION_OK"
693,10819312108,10819312136,1,"IOTHUB_CLIENT_CONFIRMATION_OK"
694,10819312441,10819312475,1,"IOTHUB_CLIENT_CONFIRMATION_OK"
695,10819312774,10819312803,1,"IOTHUB_CLIENT_CONFIRMATION_OK"
696,10819313107,10819313142,1,"IOTHUB_CLIENT_CONFIRMATION_OK"
697,10819313440,10819313471,1,"IOTHUB_CLIENT_CONFIRMATION_OK"
698,10819313774,10819313872,1,"IOTHUB_CLIENT_CONFIRMATION_OK"
699,10819314107,10819314135,1,"IOTHUB_CLIENT_CONFIRMATION_OK"
700,10819314440,10819314474,1,"IOTHUB_CLIENT_CONFIRMATION_OK"
701,10819314773,10819314809,1,"IOTHUB_CLIENT_CONFIRMATION_OK"
702,10819315106,10819315140,1,"IOTHUB_CLIENT_CONFIRMATION_OK"
703,10819315439,10819315470,1,"IOTHUB_CLIENT_CONFIRMATION_OK"
704,10819315773,10819315800,1,"IOTHUB_CLIENT_CONFIRMATION_OK"
705,10819316106,10819316136,1,"IOTHUB_CLIENT_CONFIRMATION_OK"
706,10819316439,10819316467,1,"IOTHUB_CLIENT_CONFIRMATION_OK"
707,10819316772,10819316803,1,"IOTHUB_CLIENT_CONFIRMATION_OK"
708,10819317105,10819317255,1,"IOTHUB_CLIENT_CONFIRMATION_OK"
709,10819317439,10819317472,1,"IOTHUB_CLIENT_CONFIRMATION_OK"
710,10819317772,10819317804,1,"IOTHUB_CLIENT_CONFIRMATION_OK"
711,10819318105,10819318139,1,"IOTHUB_CLIENT_CONFIRMATION_OK"
712,10819318438,10819318471,1,"IOTHUB_CLIENT_CONFIRMATION_OK"
713,10819318771,10819318894,1,"IOTHUB_CLIENT_CONFIRMATION_OK"
714,10819319104,10819319137,1,"IOTHUB_CLIENT_CONFIRMATION_OK"
715,10819319437,10819319484,1,"IOTHUB_CLIENT_CONFIRMATION_OK"
716,10819319771,10819319802,1,"IOTHUB_CLIENT_CONFIRMATION_OK"
717,10819320104,10819320192,1,"IOTHUB_CLIENT_CONFIRMATION_OK"
718,10819320437,10819320468,1,"IOTHUB_CLIENT_CONFIRMATION_OK"
719,10819320770,10819320799,1,"IOTHUB_CLIENT_CONFIRMATION_OK"
720,10819321103,10819321135,1,"IOTHUB_CLIENT_CONFIRMATION_OK"
721,10819321436,10819321464,1,"IOTHUB_CLIENT_CONFIRMATION_OK"
722,10819321770,10819321798,1,"IOTHUB_CLIENT_CONFIRMATION_OK"
723,10819322103,10819322132,1,"IOTHUB_CLIENT_CONFIRMATION_OK"
724,10819322436,10819322471,1,"IOTHUB_CLIENT_CONFIRMATION_OK"
725,10819322769,10819322797,1,"IOTHUB_CLIENT_CONFIRMATION_OK"
726,10819323102,10819323134,1,"IOTHUB_CLIENT_CONFIRMATION_OK"
727,10819323435,10819323468,1,"IOTHUB_CLIENT_CONFIRMATION_OK"
728,10819323769,10819323797,1,"IOTHUB_CLIENT_CONFIRMATION_OK"
729,10819324102,10819324131,1,"IOTHUB_CLIENT_CONFIRMATION_OK"
730,10819324435,10819324466,1,"IOTHUB_CLIENT_CONFIRMATION_OK"
731,10819324768,10819324797,1,"IOTHUB_CLIENT_CONFIRMATION_OK"
732,10819325101,10819325134,1,"IOTHUB_CLIENT_CONFIRMATION_OK"
733,10819325434,10819325467,1,"IOTHUB_CLIENT_CONFIRMATION_OK"
734,10819325768,10819325813,1,"IOTHUB_CLIENT_CONFIRMATION_OK"
735,10819326101,10819326130,1,"IOTHUB_CLIENT_CONFIRMATION_OK"
736,10819326434,10819326550,1,"IOTHUB_CLIENT_CONFIRMATION_OK"
737,10819326767,10819326800,1,"IOTHUB_CLIENT_CONFIRMATION_OK"
738,10819327100,10819327149,1,"IOTHUB_CLIENT_CONFIRMATION_OK"
739,10819327433,10819327473,1,"IOTHUB_CLIENT_CONFIRMATION_OK"
740,10819327767,10819327800,1,"IOTHUB_CLIENT_CONFIRMATION_OK"
741,10819328100,10819328133,1,"IOTHUB_CLIENT_CONFIRMATION_OK"
742,10819328433,10819328465,1,"IOTHUB_CLIENT_CONFIRMATION_OK"
743,10819328766,10819328802,1,"IOTHUB_CLIENT_CONFIRMATION_OK"
744,10819329099,10819329127,1,"IOTHUB_CLIENT_CONFIRMATION_OK"
745,10819329432,10819329462,1,"IOTHUB_CLIENT_CONFIRMATION_OK"
746,10819329766,10819329793,1,"IOTHUB_CLIENT_CONFIRMATION_OK"
747,10819330099,10819330138,1,"IOTHUB_CLIENT_CONFIRMATION_OK"
748,10819330432,10819330460,1,"IOTHUB_CLIENT_CONFIRMATION_OK"
749,10819330765,10819330799,1,"IOTHUB_CLIENT_CONFIRMATION_OK"
750,10819331098,10819331126,1,"IOTHUB_CLIENT_CONFIRMATION_OK"
751,10819331431,10819331469,1,"IOTHUB_CLIENT_CONFIRMATION_OK"
752,10819331765,10819331994,1,"IOTHUB_CLIENT_CONFIRMATION_OK"
753,10819332098,10819332207,1,"IOTHUB_CLIENT_CONFIRMATION_OK"
754,10819332431,10819332460,1,"IOTHUB_CLIENT_CONFIRMATION_OK"
755,10819332764,10819332818,1,"IOTHUB_CLIENT_CONFIRMATION_OK"
756,10819333097,10819333131,1,"IOTHUB_CLIENT_CONFIRMATION_OK"
757,10819333430,10819333458,1,"IOTHUB_CLIENT_CONFIRMATION_OK"
758,10819333763,10819333814,1,"IOTHUB_CLIENT_CONFIRMATION_OK"
759,10819334097,10819334126,1,"IOTHUB_CLIENT_CONFIRMATION_OK"
760,10819334430,10819334457,1,"IOTHUB_CLIENT_CONFIRMATION_OK"
761,10819334763,10819334792,1,"IOTHUB_CLIENT_CONFIRMATION_OK"
762,10819335096,10819335126,1,"IOTHUB_CLIENT_CONFIRMATION_OK"
763,10819335429,10819335462,1,"IOTHUB_CLIENT_CONFIRMATION_OK"
764,10819335762,10819335794,1,"IOTHUB_CLIENT_CONFIRMATION_OK"
765,10819336096,10819336123,1,"IOTHUB_CLIENT_CONFIRMATION_OK"
766,10819336429,10819336458,1,"IOTHUB_CLIENT_CONFIRMATION_OK"
767,10819336762,10819336793,1,"IOTHUB_CLIENT_CONFIRMATION_OK"
768,10819337095,10819337123,1,"IOTHUB_CLIENT_CONFIRMATION_OK"
769,10819337428,10819337457,1,"IOTHUB_CLIENT_CONFIRMATION_OK"
770,10819337761,10819337789,1,"IOTHUB_CLIENT_CONFIRMATION_OK"
771,10819338095,10819338122,1,"IOTHUB_CLIENT_CONFIRMATION_OK"
772,10819338428,10819338464,1,"IOTHUB_CLIENT_CONFIRMATION_OK"
773,10819338761,10819338789,1,"IOTHUB_CLIENT_CONFIRMATION_OK"
774,10819339094,10819339136,1,"IOTHUB_CLIENT_CONFIRMATION_OK"
775,10819339427,10819339460,1,"IOTHUB_CLIENT_CONFIRMATION_OK"
776,10819339761,10819339789,1,"IOTHUB_CLIENT_CONFIRMATION_OK"
777,10819340094,10819340125,1,"IOTHUB_CLIENT_CONFIRMATION_OK"
778,10819340427,10819340543,1,"IOTHUB_CLIENT_CONFIRMATION_OK"
779,10819340760,10819340791,1,"IOTHUB_CLIENT_CONFIRMATION_OK"
780,10819341093,10819341122,1,"IOTHUB_CLIENT_CONFIRMATION_OK"
781,10819341426,10819341454,1,"IOTHUB_CLIENT_CONFIRMATION_OK"
782,10819341759,10819341792,1,"IOTHUB_CLIENT_CONFIRMATION_OK"
783,10819342093,10819342124,1,"IOTHUB_CLIENT_CONFIRMATION_OK"
784,10819342426,10819342468,1,"IOTHUB_CLIENT_CONFIRMATION_OK"
785,10819342759,10819342794,1,"IOTHUB_CLIENT_CONFIRMATION_OK"
786,10819343092,10819343129,1,"IOTHUB_CLIENT_CONFIRMATION_OK"
787,10819343425,10819343453,1,"IOTHUB_CLIENT_CONFIRMATION_OK"
788,10819343758,10819343788,1,"IOTHUB_CLIENT_CONFIRMATION_OK"
789,10819344092,10819344119,1,"IOTHUB_CLIENT_CONFIRMATION_OK"
790,10819344425,10819344453,1,"IOTHUB_CLIENT_CONFIRMATION_OK"
791,10819344758,10819344786,1,"IOTHUB_CLIENT_CONFIRMATION_OK"
792,10819345091,10819345120,1,"IOTHUB_CLIENT_CONFIRMATION_OK"
793,10819345424,10819345456,1,"IOTHUB_CLIENT_CONFIRMATION_OK"
794,10819345757,10819345785,1,"IOTHUB_CLIENT_CONFIRMATION_OK"
795,10819346091,10819346131,1,"IOTHUB_CLIENT_CONFIRMATION_OK"
796,10819346424,10819346452,1,"IOTHUB_CLIENT_CONFIRMATION_OK"
797,10819346757,10819346862,1,"IOTHUB_CLIENT_CONFIRMATION_OK"
798,10819347090,10819347122,1,"IOTHUB_CLIENT_CONFIRMATION_OK"
799,10819347423,10819347452,1,"IOTHUB_CLIENT_CONFIRMATION_OK"
800,10819347756,10819347796,1,"IOTHUB_CLIENT_CONFIRMATION_OK"
801,10819348089,10819348122,1,"IOTHUB_CLIENT_CONFIRMATION_OK"
802,10819348423,10819348451,1,"IOTHUB_CLIENT_CONFIRMATION_OK"
803,10819348756,10819348786,1,"IOTHUB_CLIENT_CONFIRMATION_OK"
804,10819349089,10819349118,1,"IOTHUB_CLIENT_CONFIRMATION_OK"
805,10819349422,10819349463,1,"IOTHUB_CLIENT_CONFIRMATION_OK"
806,10819349755,10819349784,1,"IOTHUB_CLIENT_CONFIRMATION_OK"
807,10819350088,10819350118,1,"IOTHUB_CLIENT_CONFIRMATION_OK"
808,10819350422,10819350451,1,"IOTHUB_CLIENT_CONFIRMATION_OK"
809,10819350755,10819350783,1,"IOTHUB_CLIENT_CONFIRMATION_OK"
810,10819351088,10819351171,1,"IOTHUB_CLIENT_CONFIRMATION_OK"
811,10819351421,10819351451,1,"IOTHUB_CLIENT_CONFIRMATION_OK"
812,10819351754,10819351785,1,"IOTHUB_CLIENT_CONFIRMATION_OK"
813,10819352087,10819352116,1,"IOTHUB_CLIENT_CONFIRMATION_OK"
814,10819352420,10819352487,1,"IOTHUB_CLIENT_CONFIRMATION_OK"
815,10819352754,10819352782,1,"IOTHUB_CLIENT_CONFIRMATION_OK"
816,10819353087,10819353121,1,"IOTHUB_CLIENT_CONFIRMATION_OK"
817,10819353420,10819353448,1,"IOTHUB_CLIENT_CONFIRMATION_OK"
818,10819353753,10819353786,1,"IOTHUB_CLIENT_CONFIRMATION_OK"
819,10819354086,10819354114,1,"IOTHUB_CLIENT_CONFIRMATION_OK"
820,10819354419,10819354450,1,"IOTHUB_CLIENT_CONFIRMATION_OK"
821,10819354753,10819354785,1,"IOTHUB_CLIENT_CONFIRMATION_OK"
822,10819355086,10819355114,1,"IOTHUB_CLIENT_CONFIRMATION_OK"
823,10819355419,10819355451,1,"IOTHUB_CLIENT_CONFIRMATION_OK"
824,10819355752,10819355787,1,"IOTHUB_CLIENT_CONFIRMATION_OK"
825,10819356085,10819356117,1,"IOTHUB_CLIENT_CONFIRMATION_OK"
826,10819356418,10819356470,1,"IOTHUB_CLIENT_CONFIRMATION_OK"
827,10819356752,10819356782,1,"IOTHUB_CLIENT_CONFIRMATION_OK"
828,10819357085,10819357115,1,"IOTHUB_CLIENT_CONFIRMATION_OK"
829,10819357418,10819357446,1,"IOTHUB_CLIENT_CONFIRMATION_OK"
830,10819357751,10819357785,1,"IOTHUB_CLIENT_CONFIRMATION_OK"
831,10819358084,10819358112,1,"IOTHUB_CLIENT_CONFIRMATION_OK"
832,10819358417,10819358445,1,"IOTHUB_CLIENT_CONFIRMATION_OK"
833,10819358751,10819358795,1,"IOTHUB_CLIENT_CONFIRMATION_OK"
834,10819359084,10819359112,1,"IOTHUB_CLIENT_CONFIRMATION_OK"
835,10819359417,10819359445,1,"IOTHUB_CLIENT_CONFIRMATION_OK"
836,10819359750,10819359780,1,"IOTHUB_CLIENT_CONFIRMATION_OK"
837,10819360083,10819360114,1,"IOTHUB_CLIENT_CONFIRMATION_OK"
838,10819360416,10819360447,1,"IOTHUB_CLIENT_CONFIRMATION_OK"
839,10819360749,10819360779,1,"IOTHUB_CLIENT_CONFIRMATION_OK"
840,10819361083,10819361113,1,"IOTHUB_CLIENT_CONFIRMATION_OK"
841,10819361416,10819361445,1,"IOTHUB_CLIENT_CONFIRMATION_OK"
842,10819361749,10819361779,1,"IOTHUB_CLIENT_CONFIRMATION_OK"
843,10819362082,10819362110,1,"IOTHUB_CLIENT_CONFIRMATION_OK"
844,10819362415,10819362487,1,"IOTHUB_CLIENT_CONFIRMATION_OK"
845,10819362748,10819362779,1,"IOTHUB_CLIENT_CONFIRMATION_OK"
846,10819363081,10819363110,1,"IOTHUB_CLIENT_CONFIRMATION_OK"
847,10819363415,10819363447,1,"IOTHUB_CLIENT_CONFIRMATION_OK"
848,10819363748,10819363794,1,"IOTHUB_CLIENT_CONFIRMATION_OK"
849,10819364081,10819364111,1,"IOTHUB_CLIENT_CONFIRMATION_OK"
850,10819364414,10819364442,1,"IOTHUB_CLIENT_CONFIRMATION_OK"
851,10819364747,10819364784,1,"IOTHUB_CLIENT_CONFIRMATION_OK"
852,10819365080,10819365123,1,"IOTHUB_CLIENT_CONFIRMATION_OK"
853,10819365414,10819365448,1,"IOTHUB_CLIENT_CONFIRMATION_OK"
854,10819365747,10819365776,1,"IOTHUB_CLIENT_CONFIRMATION_OK"
855,10819366080,10819366112,1,"IOTHUB_CLIENT_CONFIRMATION_OK"
856,10819366413,10819366526,1,"IOTHUB_CLIENT_CONFIRMATION_OK"
857,10819366746,10819366782,1,"IOTHUB_CLIENT_CONFIRMATION_OK"
858,10819367079,10819367108,1,"IOTHUB_CLIENT_CONFIRMATION_OK"
859,10819367412,10819367440,1,"IOTHUB_CLIENT_CONFIRMATION_OK"
860,10819367746,10819367779,1,"IOTHUB_CLIENT_CONFIRMATION_OK"
861,10819368079,10819368109,1,"IOTHUB_CLIENT_CONFIRMATION_OK"
862,10819368412,10819368443,1,"IOTHUB_CLIENT_CONFIRMATION_OK"
863,10819368745,10819368778,1,"IOTHUB_CLIENT_CONFIRMATION_OK"
864,10819369078,10819369109,1,"IOTHUB_CLIENT_CONFIRMATION_OK"
865,10819369411,10819369450,1,"IOTHUB_CLIENT_CONFIRMATION_OK"
866,10819369745,10819369776,1,"IOTHUB_CLIENT_CONFIRMATION_OK"
867,10819370078,10819370107,1,"IOTHUB_CLIENT_CONFIRMATION_OK"
868,10819370411,10819370443,1,"IOTHUB_CLIENT_CONFIRMATION_OK"
869,10819370744,10819370820,1,"IOTHUB_CLIENT_CONFIRMATION_OK"
870,10819371077,10819371110,1,"IOTHUB_CLIENT_CONFIRMATION_OK"
871,10819371410,10819371438,1,"IOTHUB_CLIENT_CONFIRMATION_OK"
872,10819371743,10819371779,1,"IOTHUB_CLIENT_CONFIRMATION_OK"
873,10819372077,10819372107,1,"IOTHUB_CLIENT_CONFIRMATION_OK"
874,10819372410,10819372440,1,"IOTHUB_CLIENT_CONFIRMATION_OK"
875,10819372743,10819372838,1,"IOTHUB_CLIENT_CONFIRMATION_OK"
876,10819373076,10819373110,1,"IOTHUB_CLIENT_CONFIRMATION_OK"
877,10819373409,10819373438,1,"IOTHUB_CLIENT_CONFIRMATION_OK"
878,10819373742,10819373770,1,"IOTHUB_CLIENT_CONFIRMATION_OK"
879,10819374076,10819374106,1,"IOTHUB_CLIENT_CONFIRMATION_OK"
880,10819374409,10819374437,1,"IOTHUB_CLIENT_CONFIRMATION_OK"
881,10819374742,10819374971,1,"IOTHUB_CLIENT_CONFIRMATION_OK"
882,10819375075,10819375188,1,"IOTHUB_CLIENT_CONFIRMATION_OK"
883,10819375408,10819375442,1,"IOTHUB_CLIENT_CONFIRMATION_OK"
884,10819375741,10819375773,1,"IOTHUB_CLIENT_CONFIRMATION_OK"
885,10819376075,10819376103,1,"IOTHUB_CLIENT_CONFIRMATION_OK"
886,10819376408,10819376438,1,"IOTHUB_CLIENT_CONFIRMATION_OK"
887,10819376741,10819376769,1,"IOTHUB_CLIENT_CONFIRMATION_OK"
888,10819377074,10819377102,1,"IOTHUB_CLIENT_CONFIRMATION_OK"
889,10819377407,10819377436,1,"IOTHUB_CLIENT_CONFIRMATION_OK"
890,10819377740,10819377775,1,"IOTHUB_CLIENT_CONFIRMATION_OK"
891,10819378073,10819378106,1,"IOTHUB_CLIENT_CONFIRMATION_OK"
892,10819378407,10819378443,1,"IOTHUB_CLIENT_CONFIRMATION_OK"
893,10819378740,10819378768,1,"IOTHUB_CLIENT_CONFIRMATION_OK"
894,10819379073,10819379101,1,"IOTHUB_CLIENT_CONFIRMATION_OK"
895,10819379406,10819379434,1,"IOTHUB_CLIENT_CONFIRMATION_OK"
896,10819379739,10819379869,1,"IOTHUB_CLIENT_CONFIRMATION_OK"
897,10819380072,10819380101,1,"IOTHUB_CLIENT_CONFIRMATION_OK"
898,10819380406,10819380434,1,"IOTHUB_CLIENT_CONFIRMATION_OK"
899,10819380739,10819380768,1,"IOTHUB_CLIENT_CONFIRMATION_OK"
