Message ID,Send Time,Receive Time,Status,Error
0,10819080980,10819081155,1,"IOTHUB_CLIENT_CONFIRMATION_OK"
1,10819081314,10819081341,1,"IOTHUB_CLIENT_CONFIRMATION_OK"
2,10819081651,10819081684,1,"IOTHUB_CLIENT_CONFIRMATION_OK"
3,10819081984,10819082019,1,"IOTHUB_CLIENT_CONFIRMATION_OK"
4,10819082318,10819082353,1,"IOTHUB_CLIENT_CONFIRMATION_OK"
5,10819082651,10819082692,1,"IOTHUB_CLIENT_CONFIRMATION_OK"
6,10819082984,10819083033,1,"IOTHUB_CLIENT_CONFIRMATION_OK"
7,10819083317,10819083394,1,"IOTHUB_CLIENT_CONFIRMATION_OK"
8,10819083650,10819083685,1,"IOTHUB_CLIENT_CONFIRMATION_OK"
9,10819083983,10819084018,1,"IOTHUB_CLIENT_CONFIRMATION_OK"
10,10819084317,10819084393,1,"IOTHUB_CLIENT_CONFIRMATION_OK"
11,10819084650,10819084715,1,"IOTHUB_CLIENT_CONFIRMATION_OK"
12,10819084983,10819085016,1,"IOTHUB_CLIENT_CONFIRMATION_OK"
13,10819085316,10819085350,1,"IOTHUB_CLIENT_CONFIRMATION_OK"
14,10819085649,10819085683,1,"IOTHUB_CLIENT_CONFIRMATION_OK"
15,10819085982,10819086014,1,"IOTHUB_CLIENT_CONFIRMATION_OK"
16,10819086316,10819086450,1,"IOTHUB_CLIENT_CONFIRMATION_OK"
17,10819086649,10819086679,1,"IOTHUB_CLIENT_CONFIRMATION_OK"
18,10819086982,10819087057,1,"IOTHUB_CLIENT_CONFIRMATION_OK"
19,10819087315,10819087343,1,"IOTHUB_CLIENT_CONFIRMATION_OK"
20,10819087648,10819087677,1,"IOTHUB_CLIENT_CONFIRMATION_OK"
21,10819087981,10819088013,1,"IOTHUB_CLIENT_CONFIRMATION_OK"
22,10819088315,10819088359,1,"IOTHUB_CLIENT_CONFIRMATION_OK"
23,10819088648,10819088679,1,"IOTHUB_CLIENT_CONFIRMATION_OK"
24,10819088981,10819089020,1,"IOTHUB_CLIENT_CONFIRMATION_OK"
25,10819089314,10819089543,1,"IOTHUB_CLIENT_CONFIRMATION_OK"
26,10819089647,10819089676,1,"IOTHUB_CLIENT_CONFIRMATION_OK"
27,10819089980,10819090154,1,"IOTHUB_CLIENT_CONFIRMATION_OK"
28,10819090314,10819090347,1,"IOTHUB_CLIENT_CONFIRMATION_OK"
29,10819090647,10819090679,1,"IOTHUB_CLIENT_CONFIRMATION_OK"
30,10819090980,10819091011,1,"IOTHUB_CLIENT_CONFIRMATION_OK"
31,10819091313,10819091353,1,"IOTHUB_CLIENT_CONFIRMATION_OK"
32,10819091646,10819091680,1,"IOTHUB_CLIENT_CONFIRMATION_OK"
33,10819091979,10819092021,1,"IOTHUB_CLIENT_CONFIRMATION_OK"
34,10819092313,10819092355,1,"IOTHUB_CLIENT_CONFIRMATION_OK"
35,10819092646,10819092686,1,"IOTHUB_CLIENT_CONFIRMATION_OK"
36,10819092979,10819093016,1,"IOTHUB_CLIENT_CONFIRMATION_OK"
37,10819093312,10819093346,1,"IOTHUB_CLIENT_CONFIRMATION_OK"
38,10819093645,10819093673,1,"IOTHUB_CLIENT_CONFIRMATION_OK"
39,10819093978,10819094012,1,"IOTHUB_CLIENT_CONFIRMATION_OK"
40,10819094312,10819094343,1,"IOTHUB_CLIENT_CONFIRMATION_OK"
41,10819094645,10819094688,1,"IOTHUB_CLIENT_CONFIRMATION_OK"
42,10819094978,10819095015,1,"IOTHUB_CLIENT_CONFIRMATION_OK"
43,10819095311,10819095346,1,"IOTHUB_CLIENT_CONFIRMATION_OK"
44,10819095644,10819095678,1,"IOTHUB_CLIENT_CONFIRMATION_OK"
45,10819095977,10819096063,1,"IOTHUB_CLIENT_CONFIRMATION_OK"
46,10819096310,10819096360,1,"IOTHUB_CLIENT_CONFIRMATION_OK"
47,10819096644,10819096695,1,"IOTHUB_CLIENT_CONFIRMATION_OK"
48,10819096977,10819097030,1,"IOTHUB_CLIENT_CONFIRMATION_OK"
49,10819097310,10819097344,1,"IOTHUB_CLIENT_CONFIRMATION_OK"
50,10819097643,10819097681,1,"IOTHUB_CLIENT_CONFIRMATION_OK"
51,10819097976,10819098010,1,"IOTHUB_CLIENT_CONFIRMATION_OK"
52,10819098309,10819098338,1,"IOTHUB_CLIENT_CONFIRMATION_OK"
53,10819098643,10819098672,1,"IOTHUB_CLIENT_CONFIRMATION_OK"
54,10819098976,10819099032,1,"IOTHUB_CLIENT_CONFIRMATION_OK"
55,10819099309,10819099340,1,"IOTHUB_CLIENT_CONFIRMATION_OK"
56,10819099642,10819099685,1,"IOTHUB_CLIENT_CONFIRMATION_OK"
57,10819099975,10819100019,1,"IOTHUB_CLIENT_CONFIRMATION_OK"
58,10819100308,10819100347,1,"IOTHUB_CLIENT_CONFIRMATION_OK"
59,10819100642,10819100670,1,"IOTHUB_CLIENT_CONFIRMATION_OK"
60,10819100975,10819101013,1,"IOTHUB_CLIENT_CONFIRMATION_OK"
61,10819101308,10819101342,1,"IOTHUB_CLIENT_CONFIRMATION_OK"
62,10819101641,10819101679,1,"IOTHUB_CLIENT_CONFIRMATION_OK"
63,10819101974,10819102089,1,"IOTHUB_CLIENT_CONFIRMATION_OK"
64,10819102307,10819102336,1,"IOTHUB_CLIENT_CONFIRMATION_OK"
65,10819102641,10819102688,1,"IOTHUB_CLIENT_CONFIRMATION_OK"
66,10819102974,10819103011,1,"IOTHUB_CLIENT_CONFIRMATION_OK"
67,10819103307,10819103350,1,"IOTHUB_CLIENT_CONFIRMATION_OK"
68,10819103640,10819103674,1,"IOTHUB_CLIENT_CONFIRMATION_OK"
69,10819103973,10819104006,1,"IOTHUB_CLIENT_CONFIRMATION_OK"
70,10819104306,10819104337,1,"IOTHUB_CLIENT_CONFIRMATION_OK"
71,10819104640,10819104685,1,"IOTHUB_CLIENT_CONFIRMATION_OK"
72,10819104973,10819105117,1,"IOTHUB_CLIENT_CONFIRMATION_OK"
73,10819105306,10819105337,1,"IOTHUB_CLIENT_CONFIRMATION_OK"
74,10819105639,10819105740,1,"IOTHUB_CLIENT_CONFIRMATION_OK"
75,10819105972,10819106002,1,"IOTHUB_CLIENT_CONFIRMATION_OK"
76,10819106305,10819106347,1,"IOTHUB_CLIENT_CONFIRMATION_OK"
77,10819106639,10819106668,1,"IOTHUB_CLIENT_CONFIRMATION_OK"
78,10819106972,10819107002,1,"IOTHUB_CLIENT_CONFIRMATION_OK"
79,10819107305,10819107333,1,"IOTHUB_CLIENT_CONFIRMATION_OK"
80,10819107638,10819107671,1,"IOTHUB_CLIENT_CONFIRMATION_OK"
81,10819107971,10819108155,1,"IOTHUB_CLIENT_CONFIRMATION_OK"
82,10819108304,10819108344,1,"IOTHUB_CLIENT_CONFIRMATION_OK"
83,10819108638,10819108818,1,"IOTHUB_CLIENT_CONFIRMATION_OK"
84,10819108971,10819109006,1,"IOTHUB_CLIENT_CONFIRMATION_OK"
85,10819109304,10819109342,1,"IOTHUB_CLIENT_CONFIRMATION_OK"
86,10819109637,10819109671,1,"IOTHUB_CLIENT_CONFIRMATION_OK"
87,10819109970,10819110001,1,"IOTHUB_CLIENT_CONFIRMATION_OK"
88,10819110303,10819110350,1,"IOTHUB_CLIENT_CONFIRMATION_OK"
89,10819110637,10819110669,1,"IOTHUB_CLIENT_CONFIRMATION_OK"
90,10819110970,10819111002,1,"IOTHUB_CLIENT_CONFIRMATION_OK"
91,10819111303,10819111335,1,"IOTHUB_CLIENT_CONFIRMATION_OK"
92,10819111636,10819111678,1,"IOTHUB_CLIENT_CONFIRMATION_OK"
93,10819111969,10819112009,1,"IOTHUB_CLIENT_CONFIRMATION_OK"
94,10819112302,10819112336,1,"IOTHUB_CLIENT_CONFIRMATION_OK"
95,10819112636,10819112666,1,"IOTHUB_CLIENT_CONFIRMATION_OK"
96,10819112969,10819113003,1,"IOTHUB_CLIENT_CONFIRMATION_OK"
97,10819113302,10819113332,1,"IOTHUB_CLIENT_CONFIRMATION_OK"
98,10819113635,10819113665,1,"IOTHUB_CLIENT_CONFIRMATION_OK"
99,10819113968,10819114002,1,"IOTHUB_CLIENT_CONFIRMATION_OK"
100,10819114301,10819114345,1,"IOTHUB_CLIENT_CONFIRMATION_OK"
101,10819114635,10819114748,1,"IOTHUB_CLIENT_CONFIRMATION_OK"
102,10819114968,10819114999,1,"IOTHUB_CLIENT_CONFIRMATION_OK"
103,10819115301,10819115357,1,"IOTHUB_CLIENT_CONFIRMATION_OK"
104,10819115634,10819115667,1,"IOTHUB_CLIENT_CONFIRMATION_OK"
105,10819115967,10819116002,1,"IOTHUB_CLIENT_CONFIRMATION_OK"
106,10819116300,10819116334,1,"IOTHUB_CLIENT_CONFIRMATION_OK"
107,10819116634,10819116668,1,"IOTHUB_CLIENT_CONFIRMATION_OK"
108,10819116967,10819116999,1,"IOTHUB_CLIENT_CONFIRMATION_OK"
109,10819117300,10819117329,1,"IOTHUB_CLIENT_CONFIRMATION_OK"
110,10819117633,10819117811,1,"IOTHUB_CLIENT_CONFIRMATION_OK"
111,10819117966,10819118002,1,"IOTHUB_CLIENT_CONFIRMATION_OK"
112,10819118299,10819118424,1,"IOTHUB_CLIENT_CONFIRMATION_OK"
113,10819118633,10819118692,1,"IOTHUB_CLIENT_CONFIRMATION_OK"
114,10819118966,10819118994,1,"IOTHUB_CLIENT_CONFIRMATION_OK"
115,10819119299,10819119330,1,"IOTHUB_CLIENT_CONFIRMATION_OK"
116,10819119632,10819119664,1,"IOTHUB_CLIENT_CONFIRMATION_OK"
117,10819119965,10819120002,1,"IOTHUB_CLIENT_CONFIRMATION_OK"
118,10819120298,10819120331,1,"IOTHUB_CLIENT_CONFIRMATION_OK"
119,10819120632,10819120767,1,"IOTHUB_CLIENT_CONFIRMATION_OK"
120,10819120965,10819120995,1,"IOTHUB_CLIENT_CONFIRMATION_OK"
121,10819121298,10819121373,1,"IOTHUB_CLIENT_CONFIRMATION_OK"
122,10819121631,10819121665,1,"IOTHUB_CLIENT_CONFIRMATION_OK"
123,10819121964,10819122006,1,"IOTHUB_CLIENT_CONFIRMATION_OK"
124,10819122297,10819122334,1,"IOTHUB_CLIENT_CONFIRMATION_OK"
125,10819122631,10819122663,1,"IOTHUB_CLIENT_CONFIRMATION_OK"
126,10819122964,10819122994,1,"IOTHUB_CLIENT_CONFIRMATION_OK"
127,10819123297,10819123330,1,"IOTHUB_CLIENT_CONFIRMATION_OK"
128,10819123630,10819123825,1,"IOTHUB_CLIENT_CONFIRMATION_OK"
129,10819123963,10819123994,1,"IOTHUB_CLIENT_CONFIRMATION_OK"
130,10819124296,10819124419,1,"IOTHUB_CLIENT_CONFIRMATION_OK"
131,10819124630,10819124668,1,"IOTHUB_CLIENT_CONFIRMATION_OK"
132,10819124963,10819124998,1,"IOTHUB_CLIENT_CONFIRMATION_OK"
133,10819125296,10819125326,1,"IOTHUB_CLIENT_CONFIRMATION_OK"
134,10819125629,10819125659,1,"IOTHUB_CLIENT_CONFIRMATION_OK"
135,10819125962,10819125994,1,"IOTHUB_CLIENT_CONFIRMATION_OK"
136,10819126295,10819126323,1,"IOTHUB_CLIENT_CONFIRMATION_OK"
137,10819126629,10819126664,1,"IOTHUB_CLIENT_CONFIRMATION_OK"
138,10819126962,10819126993,1,"IOTHUB_CLIENT_CONFIRMATION_OK"
139,10819127295,10819127331,1,"IOTHUB_CLIENT_CONFIRMATION_OK"
140,10819127628,10819127663,1,"IOTHUB_CLIENT_CONFIRMATION_OK"
141,10819127961,10819127991,1,"IOTHUB_CLIENT_CONFIRMATION_OK"
142,10819128294,10819128326,1,"IOTHUB_CLIENT_CONFIRMATION_OK"
143,10819128627,10819128665,1,"IOTHUB_CLIENT_CONFIRMATION_OK"
144,10819128961,10819128996,1,"IOTHUB_CLIENT_CONFIRMATION_OK"
145,10819129294,10819129325,1,"IOTHUB_CLIENT_CONFIRMATION_OK"
146,10819129627,10819129705,1,"IOTHUB_CLIENT_CONFIRMATION_OK"
147,10819129960,10819130004,1,"IOTHUB_CLIENT_CONFIRMATION_OK"
148,10819130293,10819130431,1,"IOTHUB_CLIENT_CONFIRMATION_OK"
149,10819130626,10819130664,1,"IOTHUB_CLIENT_CONFIRMATION_OK"
150,10819130960,10819130991,1,"IOTHUB_CLIENT_CONFIRMATION_OK"
151,10819131293,10819131323,1,"IOTHUB_CLIENT_CONFIRMATION_OK"
152,10819131626,10819131661,1,"IOTHUB_CLIENT_CONFIRMATION_OK"
153,10819131959,10819131989,1,"IOTHUB_CLIENT_CONFIRMATION_OK"
154,10819132292,10819132322,1,"IOTHUB_CLIENT_CONFIRMATION_OK"
155,10819132625,10819132757,1,"IOTHUB_CLIENT_CONFIRMATION_OK"
156,10819132959,10819132997,1,"IOTHUB_CLIENT_CONFIRMATION_OK"
157,10819133292,10819133389,1,"IOTHUB_CLIENT_CONFIRMATION_OK"
158,10819133625,10819133655,1,"IOTHUB_CLIENT_CONFIRMATION_OK"
159,10819133958,10819133993,1,"IOTHUB_CLIENT_CONFIRMATION_OK"
160,10819134291,10819134324,1,"IOTHUB_CLIENT_CONFIRMATION_OK"
161,10819134624,10819134663,1,"IOTHUB_CLIENT_CONFIRMATION_OK"
162,10819134957,10819134989,1,"IOTHUB_CLIENT_CONFIRMATION_OK"
163,10819135291,10819135320,1,"IOTHUB_CLIENT_CONFIRMATION_OK"
164,10819135624,10819135655,1,"IOTHUB_CLIENT_CONFIRMATION_OK"
165,10819135957,10819135990,1,"IOTHUB_CLIENT_CONFIRMATION_OK"
166,10819136290,10819136419,1,"IOTHUB_CLIENT_CONFIRMATION_OK"
167,10819136623,10819136657,1,"IOTHUB_CLIENT_CONFIRMATION_OK"
168,10819136956,10819137042,1,"IOTHUB_CLIENT_CONFIRMATION_OK"
169,10819137290,10819137319,1,"IOTHUB_CLIENT_CONFIRMATION_OK"
170,10819137623,10819137657,1,"IOTHUB_CLIENT_CONFIRMATION_OK"
171,10819137956,10819137987,1,"IOTHUB_CLIENT_CONFIRMATION_OK"
172,10819138289,10819138330,1,"IOTHUB_CLIENT_CONFIRMATION_OK"
173,10819138622,10819138660,1,"IOTHUB_CLIENT_CONFIRMATION_OK"
174,10819138955,10819138989,1,"IOTHUB_CLIENT_CONFIRMATION_OK"
175,10819139289,10819139322,1,"IOTHUB_CLIENT_CONFIRMATION_OK"
176,10819139622,10819139675,1,"IOTHUB_CLIENT_CONFIRMATION_OK"
177,10819139955,10819139986,1,"IOTHUB_CLIENT_CONFIRMATION_OK"
178,10819140288,10819140327,1,"IOTHUB_CLIENT_CONFIRMATION_OK"
179,10819140621,10819140653,1,"IOTHUB_CLIENT_CONFIRMATION_OK"
180,10819140954,10819140986,1,"IOTHUB_CLIENT_CONFIRMATION_OK"
181,10819141287,10819141318,1,"IOTHUB_CLIENT_CONFIRMATION_OK"
182,10819141621,10819141804,1,"IOTHUB_CLIENT_CONFIRMATION_OK"
183,10819141954,10819141985,1,"IOTHUB_CLIENT_CONFIRMATION_OK"
184,10819142287,10819142423,1,"IOTHUB_CLIENT_CONFIRMATION_OK"
185,10819142620,10819142660,1,"IOTHUB_CLIENT_CONFIRMATION_OK"
186,10819142953,10819142983,1,"IOTHUB_CLIENT_CONFIRMATION_OK"
187,10819143286,10819143319,1,"IOTHUB_CLIENT_CONFIRMATION_OK"
188,10819143620,10819143655,1,"IOTHUB_CLIENT_CONFIRMATION_OK"
189,10819143953,10819143984,1,"IOTHUB_CLIENT_CONFIRMATION_OK"
190,10819144286,10819144320,1,"IOTHUB_CLIENT_CONFIRMATION_OK"
191,10819144619,10819144651,1,"IOTHUB_CLIENT_CONFIRMATION_OK"
192,10819144952,10819144988,1,"IOTHUB_CLIENT_CONFIRMATION_OK"
193,10819145285,10819145318,1,"IOTHUB_CLIENT_CONFIRMATION_OK"
194,10819145619,10819145671,1,"IOTHUB_CLIENT_CONFIRMATION_OK"
195,10819145952,10819145985,1,"IOTHUB_CLIENT_CONFIRMATION_OK"
196,10819146285,10819146319,1,"IOTHUB_CLIENT_CONFIRMATION_OK"
197,10819146618,10819146656,1,"IOTHUB_CLIENT_CONFIRMATION_OK"
198,10819146951,10819146993,1,"IOTHUB_CLIENT_CONFIRMATION_OK"
199,10819147284,10819147320,1,"IOTHUB_CLIENT_CONFIRMATION_OK"
200,10819147618,10819147701,1,"IOTHUB_CLIENT_CONFIRMATION_OK"
201,10819147951,10819147990,1,"IOTHUB_CLIENT_CONFIRMATION_OK"
202,10819148284,10819148320,1,"IOTHUB_CLIENT_CONFIRMATION_OK"
203,10819148617,10819148652,1,"IOTHUB_CLIENT_CONFIRMATION_OK"
204,10819148950,10819149011,1,"IOTHUB_CLIENT_CONFIRMATION_OK"
205,10819149283,10819149319,1,"IOTHUB_CLIENT_CONFIRMATION_OK"
206,10819149617,10819149650,1,"IOTHUB_CLIENT_CONFIRMATION_OK"
207,10819149950,10819149992,1,"IOTHUB_CLIENT_CONFIRMATION_OK"
208,10819150283,10819150311,1,"IOTHUB_CLIENT_CONFIRMATION_OK"
209,10819150616,10819150752,1,"IOTHUB_CLIENT_CONFIRMATION_OK"
210,10819150949,10819150978,1,"IOTHUB_CLIENT_CONFIRMATION_OK"
211,10819151282,10819151390,1,"IOTHUB_CLIENT_CONFIRMATION_OK"
212,10819151616,10819151659,1,"IOTHUB_CLIENT_CONFIRMATION_OK"
213,10819151949,10819151992,1,"IOTHUB_CLIENT_CONFIRMATION_OK"
214,10819152282,10819152311,1,"IOTHUB_CLIENT_CONFIRMATION_OK"
215,10819152615,10819152646,1,"IOTHUB_CLIENT_CONFIRMATION_OK"
216,10819152948,10819153010,1,"IOTHUB_CLIENT_CONFIRMATION_OK"
217,10819153281,10819153318,1,"IOTHUB_CLIENT_CONFIRMATION_OK"
218,10819153614,10819153647,1,"IOTHUB_CLIENT_CONFIRMATION_OK"
219,10819153948,10819153983,1,"IOTHUB_CLIENT_CONFIRMATION_OK"
220,10819154281,10819154415,1,"IOTHUB_CLIENT_CONFIRMATION_OK"
221,10819154614,10819154646,1,"IOTHUB_CLIENT_CONFIRMATION_OK"
222,10819154947,10819155024,1,"IOTHUB_CLIENT_CONFIRMATION_OK"
223,10819155280,10819155310,1,"IOTHUB_CLIENT_CONFIRMATION_OK"
224,10819155614,10819155652,1,"IOTHUB_CLIENT_CONFIRMATION_OK"
225,10819155947,10819155977,1,"IOTHUB_CLIENT_CONFIRMATION_OK"
226,10819156280,10819156309,1,"IOTHUB_CLIENT_CONFIRMATION_OK"
227,10819156613,10819156645,1,"IOTHUB_CLIENT_CONFIRMATION_OK"
228,10819156946,10819156977,1,"IOTHUB_CLIENT_CONFIRMATION_OK"
229,10819157279,10819157461,1,"IOTHUB_CLIENT_CONFIRMATION_OK"
230,10819157613,10819157643,1,"IOTHUB_CLIENT_CONFIRMATION_OK"
231,10819157946,10819157977,1,"IOTHUB_CLIENT_CONFIRMATION_OK"
232,10819158279,10819158338,1,"IOTHUB_CLIENT_CONFIRMATION_OK"
233,10819158612,10819158641,1,"IOTHUB_CLIENT_CONFIRMATION_OK"
234,10819158945,10819158977,1,"IOTHUB_CLIENT_CONFIRMATION_OK"
235,10819159278,10819159313,1,"IOTHUB_CLIENT_CONFIRMATION_OK"
236,10819159611,10819159639,1,"IOTHUB_CLIENT_CONFIRMATION_OK"
237,10819159945,10819159978,1,"IOTHUB_CLIENT_CONFIRMATION_OK"
238,10819160278,10819160315,1,"IOTHUB_CLIENT_CONFIRMATION_OK"
239,10819160611,10819160655,1,"IOTHUB_CLIENT_CONFIRMATION_OK"
240,10819160944,10819160985,1,"IOTHUB_CLIENT_CONFIRMATION_OK"
241,10819161277,10819161307,1,"IOTHUB_CLIENT_CONFIRMATION_OK"
242,10819161610,10819161646,1,"IOTHUB_CLIENT_CONFIRMATION_OK"
243,10819161944,10819161977,1,"IOTHUB_CLIENT_CONFIRMATION_OK"
244,10819162277,10819162316,1,"IOTHUB_CLIENT_CONFIRMATION_OK"
245,10819162610,10819162644,1,"IOTHUB_CLIENT_CONFIRMATION_OK"
246,10819162943,10819162976,1,"IOTHUB_CLIENT_CONFIRMATION_OK"
247,10819163276,10819163419,1,"IOTHUB_CLIENT_CONFIRMATION_OK"
248,10819163609,10819163653,1,"IOTHUB_CLIENT_CONFIRMATION_OK"
249,10819163943,10819164038,1,"IOTHUB_CLIENT_CONFIRMATION_OK"
250,10819164276,10819164308,1,"IOTHUB_CLIENT_CONFIRMATION_OK"
251,10819164609,10819164644,1,"IOTHUB_CLIENT_CONFIRMATION_OK"
252,10819164942,10819164976,1,"IOTHUB_CLIENT_CONFIRMATION_OK"
253,10819165275,10819165360,1,"IOTHUB_CLIENT_CONFIRMATION_OK"
254,10819165608,10819165637,1,"IOTHUB_CLIENT_CONFIRMATION_OK"
255,10819165942,10819165974,1,"IOTHUB_CLIENT_CONFIRMATION_OK"
256,10819166275,10819166472,1,"IOTHUB_CLIENT_CONFIRMATION_OK"
257,10819166608,10819166665,1,"IOTHUB_CLIENT_CONFIRMATION_OK"
258,10819166941,10819167068,1,"IOTHUB_CLIENT_CONFIRMATION_OK"
259,10819167274,10819167398,1,"IOTHUB_CLIENT_CONFIRMATION_OK"
260,10819167607,10819167808,1,"IOTHUB_CLIENT_CONFIRMATION_OK"
261,10819167941,10819167973,1,"IOTHUB_CLIENT_CONFIRMATION_OK"
262,10819168274,10819168308,1,"IOTHUB_CLIENT_CONFIRMATION_OK"
263,10819168607,10819168636,1,"IOTHUB_CLIENT_CONFIRMATION_OK"
264,10819168940,10819168970,1,"IOTHUB_CLIENT_CONFIRMATION_OK"
265,10819169273,10819169316,1,"IOTHUB_CLIENT_CONFIRMATION_OK"
266,10819169606,10819169636,1,"IOTHUB_CLIENT_CONFIRMATION_OK"
267,10819169940,10819169967,1,"IOTHUB_CLIENT_CONFIRMATION_OK"
268,10819170273,10819170304,1,"IOTHUB_CLIENT_CONFIRMATION_OK"
269,10819170606,10819170640,1,"IOTHUB_CLIENT_CONFIRMATION_OK"
270,10819170939,10819170968,1,"IOTHUB_CLIENT_CONFIRMATION_OK"
271,10819171272,10819171306,1,"IOTHUB_CLIENT_CONFIRMATION_OK"
272,10819171605,10819171636,1,"IOTHUB_CLIENT_CONFIRMATION_OK"
273,10819171939,10819171969,1,"IOTHUB_CLIENT_CONFIRMATION_OK"
274,10819172272,10819172355,1,"IOTHUB_CLIENT_CONFIRMATION_OK"
275,10819172605,10819172636,1,"IOTHUB_CLIENT_CONFIRMATION_OK"
276,10819172938,10819172977,1,"IOTHUB_CLIENT_CONFIRMATION_OK"
277,10819173271,10819173305,1,"IOTHUB_CLIENT_CONFIRMATION_OK"
278,10819173604,10819173643,1,"IOTHUB_CLIENT_CONFIRMATION_OK"
279,10819173938,10819173976,1,"IOTHUB_CLIENT_CONFIRMATION_OK"
280,10819174271,10819174303,1,"IOTHUB_CLIENT_CONFIRMATION_OK"
281,10819174604,10819174654,1,"IOTHUB_CLIENT_CONFIRMATION_OK"
282,10819174937,10819174969,1,"IOTHUB_CLIENT_CONFIRMATION_OK"
283,10819175270,10819175317,1,"IOTHUB_CLIENT_CONFIRMATION_OK"
284,10819175603,10819175641,1,"IOTHUB_CLIENT_CONFIRMATION_OK"
285,10819175937,10819175969,1,"IOTHUB_CLIENT_CONFIRMATION_OK"
286,10819176270,10819176299,1,"IOTHUB_CLIENT_CONFIRMATION_OK"
287,10819176603,10819176632,1,"IOTHUB_CLIENT_CONFIRMATION_OK"
288,10819176936,10819176973,1,"IOTHUB_CLIENT_CONFIRMATION_OK"
289,10819177269,10819177301,1,"IOTHUB_CLIENT_CONFIRMATION_OK"
290,10819177602,10819177633,1,"IOTHUB_CLIENT_CONFIRMATION_OK"
291,10819177936,10819177978,1,"IOTHUB_CLIENT_CONFIRMATION_OK"
292,10819178269,10819178349,1,"IOTHUB_CLIENT_CONFIRMATION_OK"
293,10819178602,10819178643,1,"IOTHUB_CLIENT_CONFIRMATION_OK"
294,10819178935,10819178975,1,"IOTHUB_CLIENT_CONFIRMATION_OK"
295,10819179268,10819179306,1,"IOTHUB_CLIENT_CONFIRMATION_OK"
296,10819179601,10819179637,1,"IOTHUB_CLIENT_CONFIRMATION_OK"
297,10819179935,10819179964,1,"IOTHUB_CLIENT_CONFIRMATION_OK"
298,10819180268,10819180297,1,"IOTHUB_CLIENT_CONFIRMATION_OK"
299,10819180601,10819180633,1,"IOTHUB_CLIENT_CONFIRMATION_OK"
300,10819180934,10819180967,1,"IOTHUB_CLIENT_CONFIRMATION_OK"
301,10819181267,10819181299,1,"IOTHUB_CLIENT_CONFIRMATION_OK"
302,10819181600,10819181639,1,"IOTHUB_CLIENT_CONFIRMATION_OK"
303,10819181934,10819182009,1,"IOTHUB_CLIENT_CONFIRMATION_OK"
304,10819182267,10819182295,1,"IOTHUB_CLIENT_CONFIRMATION_OK"
305,10819182600,10819182631,1,"IOTHUB_CLIENT_CONFIRMATION_OK"
306,10819182933,10819182966,1,"IOTHUB_CLIENT_CONFIRMATION_OK"
307,10819183266,10819183300,1,"IOTHUB_CLIENT_CONFIRMATION_OK"
308,10819183599,10819183631,1,"IOTHUB_CLIENT_CONFIRMATION_OK"
309,10819183933,10819183963,1,"IOTHUB_CLIENT_CONFIRMATION_OK"
310,10819184266,10819184304,1,"IOTHUB_CLIENT_CONFIRMATION_OK"
311,10819184599,10819184630,1,"IOTHUB_CLIENT_CONFIRMATION_OK"
312,10819184932,10819185064,1,"IOTHUB_CLIENT_CONFIRMATION_OK"
313,10819185265,10819185310,1,"IOTHUB_CLIENT_CONFIRMATION_OK"
314,10819185598,10819185665,1,"IOTHUB_CLIENT_CONFIRMATION_OK"
315,10819185932,10819185969,1,"IOTHUB_CLIENT_CONFIRMATION_OK"
316,10819186265,10819186293,1,"IOTHUB_CLIENT_CONFIRMATION_OK"
317,10819186598,10819186631,1,"IOTHUB_CLIENT_CONFIRMATION_OK"
318,10819186931,10819186967,1,"IOTHUB_CLIENT_CONFIRMATION_OK"
319,10819187264,10819187297,1,"IOTHUB_CLIENT_CONFIRMATION_OK"
320,10819187597,10819187639,1,"IOTHUB_CLIENT_CONFIRMATION_OK"
321,10819187931,10819188112,1,"IOTHUB_CLIENT_CONFIRMATION_OK"
322,10819188264,10819188340,1,"IOTHUB_CLIENT_CONFIRMATION_OK"
323,10819188597,10819188724,1,"IOTHUB_CLIENT_CONFIRMATION_OK"
324,10819188930,10819188963,1,"IOTHUB_CLIENT_CONFIRMATION_OK"
325,10819189263,10819189295,1,"IOTHUB_CLIENT_CONFIRMATION_OK"
326,10819189597,10819189627,1,"IOTHUB_CLIENT_CONFIRMATION_OK"
327,10819189930,10819189962,1,"IOTHUB_CLIENT_CONFIRMATION_OK"
328,10819190263,10819190296,1,"IOTHUB_CLIENT_CONFIRMATION_OK"
329,10819190596,10819190641,1,"IOTHUB_CLIENT_CONFIRMATION_OK"
330,10819190929,10819190965,1,"IOTHUB_CLIENT_CONFIRMATION_OK"
331,10819191262,10819191300,1,"IOTHUB_CLIENT_CONFIRMATION_OK"
332,10819191596,10819191629,1,"IOTHUB_CLIENT_CONFIRMATION_OK"
333,10819191929,10819191961,1,"IOTHUB_CLIENT_CONFIRMATION_OK"
334,10819192262,10819192294,1,"IOTHUB_CLIENT_CONFIRMATION_OK"
335,10819192595,10819192628,1,"IOTHUB_CLIENT_CONFIRMATION_OK"
336,10819192928,10819192974,1,"IOTHUB_CLIENT_CONFIRMATION_OK"
337,10819193261,10819193301,1,"IOTHUB_CLIENT_CONFIRMATION_OK"
338,10819193595,10819193657,1,"IOTHUB_CLIENT_CONFIRMATION_OK"
339,10819193928,10819194063,1,"IOTHUB_CLIENT_CONFIRMATION_OK"
340,10819194261,10819194302,1,"IOTHUB_CLIENT_CONFIRMATION_OK"
341,10819194594,10819194668,1,"IOTHUB_CLIENT_CONFIRMATION_OK"
342,10819194927,10819194961,1,"IOTHUB_CLIENT_CONFIRMATION_OK"
343,10819195260,10819195327,1,"IOTHUB_CLIENT_CONFIRMATION_OK"
344,10819195594,10819195625,1,"IOTHUB_CLIENT_CONFIRMATION_OK"
345,10819195927,10819195974,1,"IOTHUB_CLIENT_CONFIRMATION_OK"
346,10819196260,10819196294,1,"IOTHUB_CLIENT_CONFIRMATION_OK"
347,10819196593,10819196621,1,"IOTHUB_CLIENT_CONFIRMATION_OK"
348,10819196926,10819197112,1,"IOTHUB_CLIENT_CONFIRMATION_OK"
349,10819197259,10819197293,1,"IOTHUB_CLIENT_CONFIRMATION_OK"
350,10819197593,10819197719,1,"IOTHUB_CLIENT_CONFIRMATION_OK"
351,10819197926,10819197958,1,"IOTHUB_CLIENT_CONFIRMATION_OK"
352,10819198259,10819198317,1,"IOTHUB_CLIENT_CONFIRMATION_OK"
353,10819198592,10819198624,1,"IOTHUB_CLIENT_CONFIRMATION_OK"
354,10819198925,10819198953,1,"IOTHUB_CLIENT_CONFIRMATION_OK"
355,10819199258,10819199290,1,"IOTHUB_CLIENT_CONFIRMATION_OK"
356,10819199592,10819199626,1,"IOTHUB_CLIENT_CONFIRMATION_OK"
357,10819199925,10819199971,1,"IOTHUB_CLIENT_CONFIRMATION_OK"
358,10819200258,10819200287,1,"IOTHUB_CLIENT_CONFIRMATION_OK"
359,10819200591,10819200645,1,"IOTHUB_CLIENT_CONFIRMATION_OK"
360,10819200924,10819200967,1,"IOTHUB_CLIENT_CONFIRMATION_OK"
361,10819201257,10819201293,1,"IOTHUB_CLIENT_CONFIRMATION_OK"
362,10819201591,10819201622,1,"IOTHUB_CLIENT_CONFIRMATION_OK"
363,10819201924,10819201966,1,"IOTHUB_CLIENT_CONFIRMATION_OK"
364,10819202257,10819202314,1,"IOTHUB_CLIENT_CONFIRMATION_OK"
365,10819202590,10819202618,1,"IOTHUB_CLIENT_CONFIRMATION_OK"
366,10819202923,10819202998,1,"IOTHUB_CLIENT_CONFIRMATION_OK"
367,10819203256,10819203288,1,"IOTHUB_CLIENT_CONFIRMATION_OK"
368,10819203590,10819203625,1,"IOTHUB_CLIENT_CONFIRMATION_OK"
369,10819203923,10819203953,1,"IOTHUB_CLIENT_CONFIRMATION_OK"
370,10819204256,10819204303,1,"IOTHUB_CLIENT_CONFIRMATION_OK"
371,10819204589,10819204619,1,"IOTHUB_CLIENT_CONFIRMATION_OK"
372,10819204922,10819204956,1,"IOTHUB_CLIENT_CONFIRMATION_OK"
373,10819205255,10819205284,1,"IOTHUB_CLIENT_CONFIRMATION_OK"
374,10819205589,10819205629,1,"IOTHUB_CLIENT_CONFIRMATION_OK"
375,10819205922,10819205957,1,"IOTHUB_CLIENT_CONFIRMATION_OK"
376,10819206255,10819206290,1,"IOTHUB_CLIENT_CONFIRMATION_OK"
377,10819206588,10819206777,1,"IOTHUB_CLIENT_CONFIRMATION_OK"
378,10819206921,10819206959,1,"IOTHUB_CLIENT_CONFIRMATION_OK"
379,10819207255,10819207283,1,"IOTHUB_CLIENT_CONFIRMATION_OK"
380,10819207588,10819207639,1,"IOTHUB_CLIENT_CONFIRMATION_OK"
381,10819207921,10819207953,1,"IOTHUB_CLIENT_CONFIRMATION_OK"
382,10819208254,10819208285,1,"IOTHUB_CLIENT_CONFIRMATION_OK"
383,10819208587,10819208622,1,"IOTHUB_CLIENT_CONFIRMATION_OK"
384,10819208920,10819208992,1,"IOTHUB_CLIENT_CONFIRMATION_OK"
385,10819209254,10819209284,1,"IOTHUB_CLIENT_CONFIRMATION_OK"
386,10819209587,10819209625,1,"IOTHUB_CLIENT_CONFIRMATION_OK"
387,10819209920,10819209950,1,"IOTHUB_CLIENT_CONFIRMATION_OK"
388,10819210253,10819210286,1,"IOTHUB_CLIENT_CONFIRMATION_OK"
389,10819210586,10819210633,1,"IOTHUB_CLIENT_CONFIRMATION_OK"
390,10819210919,10819210957,1,"IOTHUB_CLIENT_CONFIRMATION_OK"
391,10819211253,10819211281,1,"IOTHUB_CLIENT_CONFIRMATION_OK"
392,10819211586,10819211617,1,"IOTHUB_CLIENT_CONFIRMATION_OK"
393,10819211919,10819211952,1,"IOTHUB_CLIENT_CONFIRMATION_OK"
394,10819212252,10819212287,1,"IOTHUB_CLIENT_CONFIRMATION_OK"
395,10819212585,10819212660,1,"IOTHUB_CLIENT_CONFIRMATION_OK"
396,10819212919,10819212959,1,"IOTHUB_CLIENT_CONFIRMATION_OK"
397,10819213252,10819213285,1,"IOTHUB_CLIENT_CONFIRMATION_OK"
398,10819213585,10819213615,1,"IOTHUB_CLIENT_CONFIRMATION_OK"
399,10819213918,10819213951,1,"IOTHUB_CLIENT_CONFIRMATION_OK"
400,10819214251,10819214282,1,"IOTHUB_CLIENT_CONFIRMATION_OK"
401,10819214584,10819214614,1,"IOTHUB_CLIENT_CONFIRMATION_OK"
402,10819214917,10819214951,1,"IOTHUB_CLIENT_CONFIRMATION_OK"
403,10819215251,10819215281,1,"IOTHUB_CLIENT_CONFIRMATION_OK"
404,10819215584,10819215614,1,"IOTHUB_CLIENT_CONFIRMATION_OK"
405,10819215917,10819215952,1,"IOTHUB_CLIENT_CONFIRMATION_OK"
406,10819216250,10819216279,1,"IOTHUB_CLIENT_CONFIRMATION_OK"
407,10819216583,10819216618,1,"IOTHUB_CLIENT_CONFIRMATION_OK"
408,10819216916,10819216952,1,"IOTHUB_CLIENT_CONFIRMATION_OK"
409,10819217250,10819217281,1,"IOTHUB_CLIENT_CONFIRMATION_OK"
410,10819217583,10819217613,1,"IOTHUB_CLIENT_CONFIRMATION_OK"
411,10819217916,10819217946,1,"IOTHUB_CLIENT_CONFIRMATION_OK"
412,10819218249,10819218282,1,"IOTHUB_CLIENT_CONFIRMATION_OK"
413,10819218582,10819218662,1,"IOTHUB_CLIENT_CONFIRMATION_OK"
414,10819218915,10819218959,1,"IOTHUB_CLIENT_CONFIRMATION_OK"
415,10819219249,10819219284,1,"IOTHUB_CLIENT_CONFIRMATION_OK"
416,10819219582,10819219615,1,"IOTHUB_CLIENT_CONFIRMATION_OK"
417,10819219915,10819219944,1,"IOTHUB_CLIENT_CONFIRMATION_OK"
418,10819220248,10819220279,1,"IOTHUB_CLIENT_CONFIRMATION_OK"
419,10819220581,10819220615,1,"IOTHUB_CLIENT_CONFIRMATION_OK"
420,10819220914,10819220948,1,"IOTHUB_CLIENT_CONFIRMATION_OK"
421,10819221248,10819221291,1,"IOTHUB_CLIENT_CONFIRMATION_OK"
422,10819221581,10819221707,1,"IOTHUB_CLIENT_CONFIRMATION_OK"
423,10819221914,10819221944,1,"IOTHUB_CLIENT_CONFIRMATION_OK"
424,10819222247,10819222319,1,"IOTHUB_CLIENT_CONFIRMATION_OK"
425,10819222580,10819222611,1,"IOTHUB_CLIENT_CONFIRMATION_OK"
426,10819222913,10819222952,1,"IOTHUB_CLIENT_CONFIRMATION_OK"
427,10819223247,10819223317,1,"IOTHUB_CLIENT_CONFIRMATION_OK"
428,10819223580,10819223610,1,"IOTHUB_CLIENT_CONFIRMATION_OK"
429,10819223913,10819224042,1,"IOTHUB_CLIENT_CONFIRMATION_OK"
430,10819224246,10819224278,1,"IOTHUB_CLIENT_CONFIRMATION_OK"
431,10819224579,10819224633,1,"IOTHUB_CLIENT_CONFIRMATION_OK"
432,10819224912,10819224948,1,"IOTHUB_CLIENT_CONFIRMATION_OK"
433,10819225246,10819225284,1,"IOTHUB_CLIENT_CONFIRMATION_OK"
434,10819225579,10819225614,1,"IOTHUB_CLIENT_CONFIRMATION_OK"
435,10819225912,10819226096,1,"IOTHUB_CLIENT_CONFIRMATION_OK"
436,10819226245,10819226300,1,"IOTHUB_CLIENT_CONFIRMATION_OK"
437,10819226578,10819226615,1,"IOTHUB_CLIENT_CONFIRMATION_OK"
438,10819226911,10819226941,1,"IOTHUB_CLIENT_CONFIRMATION_OK"
439,10819227245,10819227275,1,"IOTHUB_CLIENT_CONFIRMATION_OK"
440,10819227578,10819227608,1,"IOTHUB_CLIENT_CONFIRMATION_OK"
441,10819227911,10819227940,1,"IOTHUB_CLIENT_CONFIRMATION_OK"
442,10819228244,10819228317,1,"IOTHUB_CLIENT_CONFIRMATION_OK"
443,10819228577,10819228611,1,"IOTHUB_CLIENT_CONFIRMATION_OK"
444,10819228910,10819228943,1,"IOTHUB_CLIENT_CONFIRMATION_OK"
445,10819229244,10819229273,1,"IOTHUB_CLIENT_CONFIRMATION_OK"
446,10819229577,10819229609,1,"IOTHUB_CLIENT_CONFIRMATION_OK"
447,10819229910,10819229946,1,"IOTHUB_CLIENT_CONFIRMATION_OK"
448,10819230243,10819230273,1,"IOTHUB_CLIENT_CONFIRMATION_OK"
449,10819230576,10819230607,1,"IOTHUB_CLIENT_CONFIRMATION_OK"
450,10819230909,10819230942,1,"IOTHUB_CLIENT_CONFIRMATION_OK"
451,10819231243,10819231386,1,"IOTHUB_CLIENT_CONFIRMATION_OK"
452,10819231576,10819231608,1,"IOTHUB_CLIENT_CONFIRMATION_OK"
453,10819231909,10819231985,1,"IOTHUB_CLIENT_CONFIRMATION_OK"
454,10819232242,10819232278,1,"IOTHUB_CLIENT_CONFIRMATION_OK"
455,10819232575,10819232607,1,"IOTHUB_CLIENT_CONFIRMATION_OK"
456,10819232908,10819232939,1,"IOTHUB_CLIENT_CONFIRMATION_OK"
457,10819233241,10819233275,1,"IOTHUB_CLIENT_CONFIRMATION_OK"
458,10819233575,10819233605,1,"IOTHUB_CLIENT_CONFIRMATION_OK"
459,10819233908,10819233937,1,"IOTHUB_CLIENT_CONFIRMATION_OK"
460,10819234241,10819234272,1,"IOTHUB_CLIENT_CONFIRMATION_OK"
461,10819234574,10819234607,1,"IOTHUB_CLIENT_CONFIRMATION_OK"
462,10819234907,10819234939,1,"IOTHUB_CLIENT_CONFIRMATION_OK"
463,10819235240,10819235270,1,"IOTHUB_CLIENT_CONFIRMATION_OK"
464,10819235574,10819235605,1,"IOTHUB_CLIENT_CONFIRMATION_OK"
465,10819235907,10819235947,1,"IOTHUB_CLIENT_CONFIRMATION_OK"
466,10819236240,10819236270,1,"IOTHUB_CLIENT_CONFIRMATION_OK"
467,10819236573,10819236605,1,"IOTHUB_CLIENT_CONFIRMATION_OK"
468,10819236906,10819236938,1,"IOTHUB_CLIENT_CONFIRMATION_OK"
469,10819237239,10819237363,1,"IOTHUB_CLIENT_CONFIRMATION_OK"
470,10819237573,10819237602,1,"IOTHUB_CLIENT_CONFIRMATION_OK"
471,10819237906,10819237966,1,"IOTHUB_CLIENT_CONFIRMATION_OK"
472,10819238239,10819238269,1,"IOTHUB_CLIENT_CONFIRMATION_OK"
473,10819238572,10819238605,1,"IOTHUB_CLIENT_CONFIRMATION_OK"
474,10819238905,10819238948,1,"IOTHUB_CLIENT_CONFIRMATION_OK"
475,10819239238,10819239270,1,"IOTHUB_CLIENT_CONFIRMATION_OK"
476,10819239572,10819239604,1,"IOTHUB_CLIENT_CONFIRMATION_OK"
477,10819239905,10819239952,1,"IOTHUB_CLIENT_CONFIRMATION_OK"
478,10819240238,10819240406,1,"IOTHUB_CLIENT_CONFIRMATION_OK"
479,10819240571,10819240599,1,"IOTHUB_CLIENT_CONFIRMATION_OK"
480,10819240904,10819241012,1,"IOTHUB_CLIENT_CONFIRMATION_OK"
481,10819241237,10819241270,1,"IOTHUB_CLIENT_CONFIRMATION_OK"
482,10819241571,10819241605,1,"IOTHUB_CLIENT_CONFIRMATION_OK"
483,10819241904,10819241934,1,"IOTHUB_CLIENT_CONFIRMATION_OK"
484,10819242237,10819242266,1,"IOTHUB_CLIENT_CONFIRMATION_OK"
485,10819242570,10819242610,1,"IOTHUB_CLIENT_CONFIRMATION_OK"
486,10819242903,10819242934,1,"IOTHUB_CLIENT_CONFIRMATION_OK"
487,10819243236,10819243267,1,"IOTHUB_CLIENT_CONFIRMATION_OK"
488,10819243569,10819243601,1,"IOTHUB_CLIENT_CONFIRMATION_OK"
489,10819243903,10819243931,1,"IOTHUB_CLIENT_CONFIRMATION_OK"
490,10819244236,10819244265,1,"IOTHUB_CLIENT_CONFIRMATION_OK"
491,10819244569,10819244620,1,"IOTHUB_CLIENT_CONFIRMATION_OK"
492,10819244902,10819245051,1,"IOTHUB_CLIENT_CONFIRMATION_OK"
493,10819245235,10819245267,1,"IOTHUB_CLIENT_CONFIRMATION_OK"
494,10819245568,10819245603,1,"IOTHUB_CLIENT_CONFIRMATION_OK"
495,10819245902,10819245930,1,"IOTHUB_CLIENT_CONFIRMATION_OK"
496,10819246235,10819246323,1,"IOTHUB_CLIENT_CONFIRMATION_OK"
497,10819246568,10819246599,1,"IOTHUB_CLIENT_CONFIRMATION_OK"
498,10819246901,10819246937,1,"IOTHUB_CLIENT_CONFIRMATION_OK"
499,10819247234,10819247266,1,"IOTHUB_CLIENT_CONFIRMATION_OK"
500,10819247567,10819247597,1,"IOTHUB_CLIENT_CONFIRMATION_OK"
501,10819247901,10819247930,1,"IOTHUB_CLIENT_CONFIRMATION_OK"
502,10819248234,10819248265,1,"IOTHUB_CLIENT_CONFIRMATION_OK"
503,10819248567,10819248598,1,"IOTHUB_CLIENT_CONFIRMATION_OK"
504,10819248900,10819248930,1,"IOTHUB_CLIENT_CONFIRMATION_OK"
505,10819249233,10819249387,1,"IOTHUB_CLIENT_CONFIRMATION_OK"
506,10819249566,10819249595,1,"IOTHUB_CLIENT_CONFIRMATION_OK"
507,10819249900,10819250010,1,"IOTHUB_CLIENT_CONFIRMATION_OK"
508,10819250233,10819250267,1,"IOTHUB_CLIENT_CONFIRMATION_OK"
509,10819250566,10819250604,1,"IOTHUB_CLIENT_CONFIRMATION_OK"
510,10819250899,10819250931,1,"IOTHUB_CLIENT_CONFIRMATION_OK"
511,10819251232,10819251272,1,"IOTHUB_CLIENT_CONFIRMATION_OK"
512,10819251565,10819251605,1,"IOTHUB_CLIENT_CONFIRMATION_OK"
513,10819251899,10819251957,1,"IOTHUB_CLIENT_CONFIRMATION_OK"
514,10819252232,10819252443,1,"IOTHUB_CLIENT_CONFIRMATION_OK"
515,10819252565,10819252597,1,"IOTHUB_CLIENT_CONFIRMATION_OK"
516,10819252898,10819253050,1,"IOTHUB_CLIENT_CONFIRMATION_OK"
517,10819253231,10819253266,1,"IOTHUB_CLIENT_CONFIRMATION_OK"
518,10819253564,10819253594,1,"IOTHUB_CLIENT_CONFIRMATION_OK"
519,10819253898,10819253929,1,"IOTHUB_CLIENT_CONFIRMATION_OK"
520,10819254231,10819254262,1,"IOTHUB_CLIENT_CONFIRMATION_OK"
521,10819254564,10819254602,1,"IOTHUB_CLIENT_CONFIRMATION_OK"
522,10819254897,10819254929,1,"IOTHUB_CLIENT_CONFIRMATION_OK"
523,10819255230,10819255270,1,"IOTHUB_CLIENT_CONFIRMATION_OK"
524,10819255563,10819255592,1,"IOTHUB_CLIENT_CONFIRMATION_OK"
525,10819255896,10819255925,1,"IOTHUB_CLIENT_CONFIRMATION_OK"
526,10819256230,10819256261,1,"IOTHUB_CLIENT_CONFIRMATION_OK"
527,10819256563,10819256594,1,"IOTHUB_CLIENT_CONFIRMATION_OK"
528,10819256896,10819256930,1,"IOTHUB_CLIENT_CONFIRMATION_OK"
529,10819257229,10819257273,1,"IOTHUB_CLIENT_CONFIRMATION_OK"
530,10819257562,10819257603,1,"IOTHUB_CLIENT_CONFIRMATION_OK"
531,10819257896,10819257926,1,"IOTHUB_CLIENT_CONFIRMATION_OK"
532,10819258229,10819258265,1,"IOTHUB_CLIENT_CONFIRMATION_OK"
533,10819258562,10819258591,1,"IOTHUB_CLIENT_CONFIRMATION_OK"
534,10819258895,10819258947,1,"IOTHUB_CLIENT_CONFIRMATION_OK"
535,10819259228,10819259256,1,"IOTHUB_CLIENT_CONFIRMATION_OK"
536,10819259561,10819259599,1,"IOTHUB_CLIENT_CONFIRMATION_OK"
537,10819259894,10819259928,1,"IOTHUB_CLIENT_CONFIRMATION_OK"
538,10819260228,10819260259,1,"IOTHUB_CLIENT_CONFIRMATION_OK"
539,10819260561,10819260591,1,"IOTHUB_CLIENT_CONFIRMATION_OK"
540,10819260894,10819260927,1,"IOTHUB_CLIENT_CONFIRMATION_OK"
541,10819261227,10819261260,1,"IOTHUB_CLIENT_CONFIRMATION_OK"
542,10819261560,10819261603,1,"IOTHUB_CLIENT_CONFIRMATION_OK"
543,10819261893,10819261981,1,"IOTHUB_CLIENT_CONFIRMATION_OK"
544,10819262227,10819262264,1,"IOTHUB_CLIENT_CONFIRMATION_OK"
545,10819262560,10819262598,1,"IOTHUB_CLIENT_CONFIRMATION_OK"
546,10819262893,10819262924,1,"IOTHUB_CLIENT_CONFIRMATION_OK"
547,10819263226,10819263255,1,"IOTHUB_CLIENT_CONFIRMATION_OK"
548,10819263559,10819263588,1,"IOTHUB_CLIENT_CONFIRMATION_OK"
549,10819263892,10819263923,1,"IOTHUB_CLIENT_CONFIRMATION_OK"
550,10819264226,10819264267,1,"IOTHUB_CLIENT_CONFIRMATION_OK"
551,10819264559,10819264591,1,"IOTHUB_CLIENT_CONFIRMATION_OK"
552,10819264892,10819265085,1,"IOTHUB_CLIENT_CONFIRMATION_OK"
553,10819265225,10819265254,1,"IOTHUB_CLIENT_CONFIRMATION_OK"
554,10819265558,10819265691,1,"IOTHUB_CLIENT_CONFIRMATION_OK"
555,10819265891,10819265927,1,"IOTHUB_CLIENT_CONFIRMATION_OK"
556,10819266225,10819266256,1,"IOTHUB_CLIENT_CONFIRMATION_OK"
557,10819266558,10819266588,1,"IOTHUB_CLIENT_CONFIRMATION_OK"
558,10819266891,10819266921,1,"IOTHUB_CLIENT_CONFIRMATION_OK"
559,10819267224,10819267259,1,"IOTHUB_CLIENT_CONFIRMATION_OK"
560,10819267557,10819267589,1,"IOTHUB_CLIENT_CONFIRMATION_OK"
561,10819267890,10819267957,1,"IOTHUB_CLIENT_CONFIRMATION_OK"
562,10819268224,10819268253,1,"IOTHUB_CLIENT_CONFIRMATION_OK"
563,10819268557,10819268594,1,"IOTHUB_CLIENT_CONFIRMATION_OK"
564,10819268890,10819268920,1,"IOTHUB_CLIENT_CONFIRMATION_OK"
565,10819269223,10819269254,1,"IOTHUB_CLIENT_CONFIRMATION_OK"
566,10819269556,10819269600,1,"IOTHUB_CLIENT_CONFIRMATION_OK"
567,10819269889,10819269929,1,"IOTHUB_CLIENT_CONFIRMATION_OK"
568,10819270223,10819270255,1,"IOTHUB_CLIENT_CONFIRMATION_OK"
569,10819270556,10819270599,1,"IOTHUB_CLIENT_CONFIRMATION_OK"
570,10819270889,10819270985,1,"IOTHUB_CLIENT_CONFIRMATION_OK"
571,10819271222,10819271256,1,"IOTHUB_CLIENT_CONFIRMATION_OK"
572,10819271555,10819271615,1,"IOTHUB_CLIENT_CONFIRMATION_OK"
573,10819271888,10819271917,1,"IOTHUB_CLIENT_CONFIRMATION_OK"
574,10819272222,10819272252,1,"IOTHUB_CLIENT_CONFIRMATION_OK"
575,10819272555,10819272588,1,"IOTHUB_CLIENT_CONFIRMATION_OK"
576,10819272888,10819272923,1,"IOTHUB_CLIENT_CONFIRMATION_OK"
577,10819273221,10819273251,1,"IOTHUB_CLIENT_CONFIRMATION_OK"
578,10819273554,10819273588,1,"IOTHUB_CLIENT_CONFIRMATION_OK"
579,10819273887,10819273919,1,"IOTHUB_CLIENT_CONFIRMATION_OK"
580,10819274220,10819274251,1,"IOTHUB_CLIENT_CONFIRMATION_OK"
581,10819274554,10819274669,1,"IOTHUB_CLIENT_CONFIRMATION_OK"
582,10819274887,10819274918,1,"IOTHUB_CLIENT_CONFIRMATION_OK"
583,10819275220,10819275294,1,"IOTHUB_CLIENT_CONFIRMATION_OK"
584,10819275553,10819275594,1,"IOTHUB_CLIENT_CONFIRMATION_OK"
585,10819275886,10819275924,1,"IOTHUB_CLIENT_CONFIRMATION_OK"
586,10819276219,10819276249,1,"IOTHUB_CLIENT_CONFIRMATION_OK"
587,10819276553,10819276584,1,"IOTHUB_CLIENT_CONFIRMATION_OK"
588,10819276886,10819276923,1,"IOTHUB_CLIENT_CONFIRMATION_OK"
589,10819277219,10819277269,1,"IOTHUB_CLIENT_CONFIRMATION_OK"
590,10819277552,10819277723,1,"IOTHUB_CLIENT_CONFIRMATION_OK"
591,10819277885,10819277917,1,"IOTHUB_CLIENT_CONFIRMATION_OK"
592,10819278218,10819278327,1,"IOTHUB_CLIENT_CONFIRMATION_OK"
593,10819278552,10819278585,1,"IOTHUB_CLIENT_CONFIRMATION_OK"
594,10819278885,10819278927,1,"IOTHUB_CLIENT_CONFIRMATION_OK"
595,10819279218,10819279250,1,"IOTHUB_CLIENT_CONFIRMATION_OK"
596,10819279551,10819279588,1,"IOTHUB_CLIENT_CONFIRMATION_OK"
597,10819279884,10819279917,1,"IOTHUB_CLIENT_CONFIRMATION_OK"
598,10819280217,10819280248,1,"IOTHUB_CLIENT_CONFIRMATION_OK"
599,10819280551,10819280583,1,"IOTHUB_CLIENT_CONFIRMATION_OK"
600,10819280884,10819280925,1,"IOTHUB_CLIENT_CONFIRMATION_OK"
601,10819281217,10819281248,1,"IOTHUB_CLIENT_CONFIRMATION_OK"
602,10819281550,10819281580,1,"IOTHUB_CLIENT_CONFIRMATION_OK"
603,10819281883,10819281924,1,"IOTHUB_CLIENT_CONFIRMATION_OK"
604,10819282216,10819282259,1,"IOTHUB_CLIENT_CONFIRMATION_OK"
605,10819282550,10819282581,1,"IOTHUB_CLIENT_CONFIRMATION_OK"
606,10819282883,10819283063,1,"IOTHUB_CLIENT_CONFIRMATION_OK"
607,10819283216,10819283264,1,"IOTHUB_CLIENT_CONFIRMATION_OK"
608,10819283549,10819283830,1,"IOTHUB_CLIENT_CONFIRMATION_OK"
609,10819283882,10819284072,1,"IOTHUB_CLIENT_CONFIRMATION_OK"
610,10819284215,10819284255,1,"IOTHUB_CLIENT_CONFIRMATION_OK"
611,10819284549,10819284578,1,"IOTHUB_CLIENT_CONFIRMATION_OK"
612,10819284882,10819284911,1,"IOTHUB_CLIENT_CONFIRMATION_OK"
613,10819285215,10819285250,1,"IOTHUB_CLIENT_CONFIRMATION_OK"
614,10819285548,10819285581,1,"IOTHUB_CLIENT_CONFIRMATION_OK"
615,10819285881,10819285915,1,"IOTHUB_CLIENT_CONFIRMATION_OK"
616,10819286214,10819286247,1,"IOTHUB_CLIENT_CONFIRMATION_OK"
617,10819286548,10819286703,1,"IOTHUB_CLIENT_CONFIRMATION_OK"
618,10819286881,10819286914,1,"IOTHUB_CLIENT_CONFIRMATION_OK"
619,10819287214,10819287315,1,"IOTHUB_CLIENT_CONFIRMATION_OK"
620,10819287547,10819287578,1,"IOTHUB_CLIENT_CONFIRMATION_OK"
621,10819287880,10819288006,1,"IOTHUB_CLIENT_CONFIRMATION_OK"
622,10819288213,10819288248,1,"IOTHUB_CLIENT_CONFIRMATION_OK"
623,10819288547,10819288578,1,"IOTHUB_CLIENT_CONFIRMATION_OK"
624,10819288880,10819288919,1,"IOTHUB_CLIENT_CONFIRMATION_OK"
625,10819289213,10819289249,1,"IOTHUB_CLIENT_CONFIRMATION_OK"
626,10819289546,10819289630,1,"IOTHUB_CLIENT_CONFIRMATION_OK"
627,10819289879,10819289924,1,"IOTHUB_CLIENT_CONFIRMATION_OK"
628,10819290212,10819290266,1,"IOTHUB_CLIENT_CONFIRMATION_OK"
629,10819290546,10819290575,1,"IOTHUB_CLIENT_CONFIRMATION_OK"
630,10819290879,10819290914,1,"IOTHUB_CLIENT_CONFIRMATION_OK"
631,10819291212,10819291246,1,"IOTHUB_CLIENT_CONFIRMATION_OK"
632,10819291545,10819291575,1,"IOTHUB_CLIENT_CONFIRMATION_OK"
633,10819291878,10819291921,1,"IOTHUB_CLIENT_CONFIRMATION_OK"
634,10819292211,10819292244,1,"IOTHUB_CLIENT_CONFIRMATION_OK"
635,10819292545,10819292586,1,"IOTHUB_CLIENT_CONFIRMATION_OK"
636,10819292878,10819292912,1,"IOTHUB_CLIENT_CONFIRMATION_OK"
637,10819293211,10819293290,1,"IOTHUB_CLIENT_CONFIRMATION_OK"
638,10819293544,10819293572,1,"IOTHUB_CLIENT_CONFIRMATION_OK"
639,10819293877,10819293943,1,"IOTHUB_CLIENT_CONFIRMATION_OK"
640,10819294210,10819294265,1,"IOTHUB_CLIENT_CONFIRMATION_OK"
641,10819294544,10819294577,1,"IOTHUB_CLIENT_CONFIRMATION_OK"
642,10819294877,10819294906,1,"IOTHUB_CLIENT_CONFIRMATION_OK"
643,10819295210,10819295243,1,"IOTHUB_CLIENT_CONFIRMATION_OK"
644,10819295543,10819295573,1,"IOTHUB_CLIENT_CONFIRMATION_OK"
645,10819295876,10819295921,1,"IOTHUB_CLIENT_CONFIRMATION_OK"
646,10819296209,10819296343,1,"IOTHUB_CLIENT_CONFIRMATION_OK"
647,10819296543,10819296575,1,"IOTHUB_CLIENT_CONFIRMATION_OK"
648,10819296876,10819296943,1,"IOTHUB_CLIENT_CONFIRMATION_OK"
649,10819297209,10819297241,1,"IOTHUB_CLIENT_CONFIRMATION_OK"
650,10819297542,10819297593,1,"IOTHUB_CLIENT_CONFIRMATION_OK"
651,10819297875,10819297906,1,"IOTHUB_CLIENT_CONFIRMATION_OK"
652,10819298208,10819298239,1,"IOTHUB_CLIENT_CONFIRMATION_OK"
653,10819298541,10819298570,1,"IOTHUB_CLIENT_CONFIRMATION_OK"
654,10819298875,10819298910,1,"IOTHUB_CLIENT_CONFIRMATION_OK"
655,10819299208,10819299241,1,"IOTHUB_CLIENT_CONFIRMATION_OK"
656,10819299541,10819299574,1,"IOTHUB_CLIENT_CONFIRMATION_OK"
657,10819299874,10819299903,1,"IOTHUB_CLIENT_CONFIRMATION_OK"
658,10819300207,10819300238,1,"IOTHUB_CLIENT_CONFIRMATION_OK"
659,10819300540,10819300594,1,"IOTHUB_CLIENT_CONFIRMATION_OK"
660,10819300874,10819300922,1,"IOTHUB_CLIENT_CONFIRMATION_OK"
661,10819301207,10819301264,1,"IOTHUB_CLIENT_CONFIRMATION_OK"
662,10819301540,10819301594,1,"IOTHUB_CLIENT_CONFIRMATION_OK"
663,10819301873,10819301908,1,"IOTHUB_CLIENT_CONFIRMATION_OK"
664,10819302206,10819302241,1,"IOTHUB_CLIENT_CONFIRMATION_OK"
665,10819302539,10819302571,1,"IOTHUB_CLIENT_CONFIRMATION_OK"
666,10819302873,10819302916,1,"IOTHUB_CLIENT_CONFIRMATION_OK"
667,10819303206,10819303236,1,"IOTHUB_CLIENT_CONFIRMATION_OK"
668,10819303539,10819303579,1,"IOTHUB_CLIENT_CONFIRMATION_OK"
669,10819303872,10819303913,1,"IOTHUB_CLIENT_CONFIRMATION_OK"
670,10819304205,10819304240,1,"IOTHUB_CLIENT_CONFIRMATION_OK"
671,10819304538,10819304568,1,"IOTHUB_CLIENT_CONFIRMATION_OK"
672,10819304872,10819304909,1,"IOTHUB_CLIENT_CONFIRMATION_OK"
673,10819305205,10819305293,1,"IOTHUB_CLIENT_CONFIRMATION_OK"
674,10819305538,10819305571,1,"IOTHUB_CLIENT_CONFIRMATION_OK"
675,10819305871,10819305910,1,"IOTHUB_CLIENT_CONFIRMATION_OK"
676,10819306204,10819306243,1,"IOTHUB_CLIENT_CONFIRMATION_OK"
677,10819306537,10819306574,1,"IOTHUB_CLIENT_CONFIRMATION_OK"
678,10819306871,10819306906,1,"IOTHUB_CLIENT_CONFIRMATION_OK"
679,10819307204,10819307257,1,"IOTHUB_CLIENT_CONFIRMATION_OK"
680,10819307537,10819307567,1,"IOTHUB_CLIENT_CONFIRMATION_OK"
681,10819307870,10819307902,1,"IOTHUB_CLIENT_CONFIRMATION_OK"
682,10819308203,10819308339,1,"IOTHUB_CLIENT_CONFIRMATION_OK"
683,10819308536,10819308565,1,"IOTHUB_CLIENT_CONFIRMATION_OK"
684,10819308870,10819308948,1,"IOTHUB_CLIENT_CONFIRMATION_OK"
685,10819309203,10819309233,1,"IOTHUB_CLIENT_CONFIRMATION_OK"
686,10819309536,10819309585,1,"IOTHUB_CLIENT_CONFIRMATION_OK"
687,10819309869,10819309903,1,"IOTHUB_CLIENT_CONFIRMATION_OK"
688,10819310202,10819310232,1,"IOTHUB_CLIENT_CONFIRMATION_OK"
689,10819310535,10819310572,1,"IOTHUB_CLIENT_CONFIRMATION_OK"
690,10819310869,10819310902,1,"IOTHUB_CLIENT_CONFIRMATION_OK"
691,10819311202,10819311383,1,"IOTHUB_CLIENT_CONFIRMATION_OK"
692,10819311535,10819311582,1,"IOTHUB_CLIENT_CONFIRMATION_OK"
693,10819311868,10819312002,1,"IOTHUB_CLIENT_CONFIRMATION_OK"
694,10819312201,10819312233,1,"IOTHUB_CLIENT_CONFIRMATION_OK"
695,10819312534,10819312609,1,"IOTHUB_CLIENT_CONFIRMATION_OK"
696,10819312867,10819312906,1,"IOTHUB_CLIENT_CONFIRMATION_OK"
697,10819313201,10819313231,1,"IOTHUB_CLIENT_CONFIRMATION_OK"
698,10819313534,10819313576,1,"IOTHUB_CLIENT_CONFIRMATION_OK"
699,10819313867,10819313897,1,"IOTHUB_CLIENT_CONFIRMATION_OK"
700,10819314200,10819314234,1,"IOTHUB_CLIENT_CONFIRMATION_OK"
701,10819314533,10819314571,1,"IOTHUB_CLIENT_CONFIRMATION_OK"
702,10819314866,10819314899,1,"IOTHUB_CLIENT_CONFIRMATION_OK"
703,10819315200,10819315230,1,"IOTHUB_CLIENT_CONFIRMATION_OK"
704,10819315533,10819315575,1,"IOTHUB_CLIENT_CONFIRMATION_OK"
705,10819315866,10819315894,1,"IOTHUB_CLIENT_CONFIRMATION_OK"
706,10819316199,10819316243,1,"IOTHUB_CLIENT_CONFIRMATION_OK"
707,10819316532,10819316572,1,"IOTHUB_CLIENT_CONFIRMATION_OK"
708,10819316865,10819316904,1,"IOTHUB_CLIENT_CONFIRMATION_OK"
709,10819317199,10819317274,1,"IOTHUB_CLIENT_CONFIRMATION_OK"
710,10819317532,10819317580,1,"IOTHUB_CLIENT_CONFIRMATION_OK"
711,10819317865,10819317898,1,"IOTHUB_CLIENT_CONFIRMATION_OK"
712,10819318198,10819318231,1,"IOTHUB_CLIENT_CONFIRMATION_OK"
713,10819318531,10819318580,1,"IOTHUB_CLIENT_CONFIRMATION_OK"
714,10819318864,10819318901,1,"IOTHUB_CLIENT_CONFIRMATION_OK"
715,10819319198,10819319234,1,"IOTHUB_CLIENT_CONFIRMATION_OK"
716,10819319531,10819319567,1,"IOTHUB_CLIENT_CONFIRMATION_OK"
717,10819319864,10819319900,1,"IOTHUB_CLIENT_CONFIRMATION_OK"
718,10819320197,10819320322,1,"IOTHUB_CLIENT_CONFIRMATION_OK"
719,10819320530,10819320561,1,"IOTHUB_CLIENT_CONFIRMATION_OK"
720,10819320863,10819320943,1,"IOTHUB_CLIENT_CONFIRMATION_OK"
721,10819321197,10819321231,1,"IOTHUB_CLIENT_CONFIRMATION_OK"
722,10819321530,10819321573,1,"IOTHUB_CLIENT_CONFIRMATION_OK"
723,10819321863,10819321899,1,"IOTHUB_CLIENT_CONFIRMATION_OK"
724,10819322196,10819322243,1,"IOTHUB_CLIENT_CONFIRMATION_OK"
725,10819322529,10819322570,1,"IOTHUB_CLIENT_CONFIRMATION_OK"
726,10819322862,10819322898,1,"IOTHUB_CLIENT_CONFIRMATION_OK"
727,10819323196,10819323227,1,"IOTHUB_CLIENT_CONFIRMATION_OK"
728,10819323529,10819323570,1,"IOTHUB_CLIENT_CONFIRMATION_OK"
729,10819323862,10819324013,1,"IOTHUB_CLIENT_CONFIRMATION_OK"
730,10819324195,10819324236,1,"IOTHUB_CLIENT_CONFIRMATION_OK"
731,10819324528,10819324630,1,"IOTHUB_CLIENT_CONFIRMATION_OK"
732,10819324861,10819324897,1,"IOTHUB_CLIENT_CONFIRMATION_OK"
733,10819325195,10819325225,1,"IOTHUB_CLIENT_CONFIRMATION_OK"
734,10819325528,10819325561,1,"IOTHUB_CLIENT_CONFIRMATION_OK"
735,10819325861,10819325909,1,"IOTHUB_CLIENT_CONFIRMATION_OK"
736,10819326194,10819326240,1,"IOTHUB_CLIENT_CONFIRMATION_OK"
737,10819326527,10819326559,1,"IOTHUB_CLIENT_CONFIRMATION_OK"
738,10819326860,10819327034,1,"IOTHUB_CLIENT_CONFIRMATION_OK"
739,10819327194,10819327230,1,"IOTHUB_CLIENT_CONFIRMATION_OK"
740,10819327527,10819327643,1,"IOTHUB_CLIENT_CONFIRMATION_OK"
741,10819327860,10819327898,1,"IOTHUB_CLIENT_CONFIRMATION_OK"
742,10819328193,10819328235,1,"IOTHUB_CLIENT_CONFIRMATION_OK"
743,10819328526,10819328559,1,"IOTHUB_CLIENT_CONFIRMATION_OK"
744,10819328859,10819328892,1,"IOTHUB_CLIENT_CONFIRMATION_OK"
745,10819329193,10819329223,1,"IOTHUB_CLIENT_CONFIRMATION_OK"
746,10819329526,10819329557,1,"IOTHUB_CLIENT_CONFIRMATION_OK"
747,10819329859,10819329898,1,"IOTHUB_CLIENT_CONFIRMATION_OK"
748,10819330192,10819330236,1,"IOTHUB_CLIENT_CONFIRMATION_OK"
749,10819330525,10819330558,1,"IOTHUB_CLIENT_CONFIRMATION_OK"
750,10819330858,10819330900,1,"IOTHUB_CLIENT_CONFIRMATION_OK"
751,10819331192,10819331223,1,"IOTHUB_CLIENT_CONFIRMATION_OK"
752,10819331525,10819331563,1,"IOTHUB_CLIENT_CONFIRMATION_OK"
753,10819331858,10819331889,1,"IOTHUB_CLIENT_CONFIRMATION_OK"
754,10819332191,10819332230,1,"IOTHUB_CLIENT_CONFIRMATION_OK"
755,10819332524,10819332553,1,"IOTHUB_CLIENT_CONFIRMATION_OK"
756,10819332857,10819332927,1,"IOTHUB_CLIENT_CONFIRMATION_OK"
757,10819333190,10819333220,1,"IOTHUB_CLIENT_CONFIRMATION_OK"
758,10819333524,10819333557,1,"IOTHUB_CLIENT_CONFIRMATION_OK"
759,10819333857,10819333889,1,"IOTHUB_CLIENT_CONFIRMATION_OK"
760,10819334190,10819334230,1,"IOTHUB_CLIENT_CONFIRMATION_OK"
761,10819334523,10819334555,1,"IOTHUB_CLIENT_CONFIRMATION_OK"
762,10819334856,10819334890,1,"IOTHUB_CLIENT_CONFIRMATION_OK"
763,10819335189,10819335230,1,"IOTHUB_CLIENT_CONFIRMATION_OK"
764,10819335523,10819335556,1,"IOTHUB_CLIENT_CONFIRMATION_OK"
765,10819335856,10819335990,1,"IOTHUB_CLIENT_CONFIRMATION_OK"
766,10819336189,10819336222,1,"IOTHUB_CLIENT_CONFIRMATION_OK"
767,10819336522,10819336628,1,"IOTHUB_CLIENT_CONFIRMATION_OK"
768,10819336855,10819336905,1,"IOTHUB_CLIENT_CONFIRMATION_OK"
769,10819337188,10819337229,1,"IOTHUB_CLIENT_CONFIRMATION_OK"
770,10819337522,10819337560,1,"IOTHUB_CLIENT_CONFIRMATION_OK"
771,10819337855,10819337900,1,"IOTHUB_CLIENT_CONFIRMATION_OK"
772,10819338188,10819338230,1,"IOTHUB_CLIENT_CONFIRMATION_OK"
773,10819338521,10819338551,1,"IOTHUB_CLIENT_CONFIRMATION_OK"
774,10819338854,10819338928,1,"IOTHUB_CLIENT_CONFIRMATION_OK"
775,10819339187,10819339216,1,"IOTHUB_CLIENT_CONFIRMATION_OK"
776,10819339521,10819339548,1,"IOTHUB_CLIENT_CONFIRMATION_OK"
777,10819339854,10819339885,1,"IOTHUB_CLIENT_CONFIRMATION_OK"
778,10819340187,10819340222,1,"IOTHUB_CLIENT_CONFIRMATION_OK"
779,10819340520,10819340551,1,"IOTHUB_CLIENT_CONFIRMATION_OK"
780,10819340853,10819340886,1,"IOTHUB_CLIENT_CONFIRMATION_OK"
781,10819341186,10819341217,1,"IOTHUB_CLIENT_CONFIRMATION_OK"
782,10819341519,10819341554,1,"IOTHUB_CLIENT_CONFIRMATION_OK"
783,10819341853,10819341885,1,"IOTHUB_CLIENT_CONFIRMATION_OK"
784,10819342186,10819342224,1,"IOTHUB_CLIENT_CONFIRMATION_OK"
785,10819342519,10819342585,1,"IOTHUB_CLIENT_CONFIRMATION_OK"
786,10819342852,10819342900,1,"IOTHUB_CLIENT_CONFIRMATION_OK"
787,10819343185,10819343213,1,"IOTHUB_CLIENT_CONFIRMATION_OK"
788,10819343519,10819343551,1,"IOTHUB_CLIENT_CONFIRMATION_OK"
789,10819343852,10819343884,1,"IOTHUB_CLIENT_CONFIRMATION_OK"
790,10819344185,10819344218,1,"IOTHUB_CLIENT_CONFIRMATION_OK"
791,10819344518,10819344604,1,"IOTHUB_CLIENT_CONFIRMATION_OK"
792,10819344851,10819344883,1,"IOTHUB_CLIENT_CONFIRMATION_OK"
793,10819345184,10819345223,1,"IOTHUB_CLIENT_CONFIRMATION_OK"
794,10819345517,10819345651,1,"IOTHUB_CLIENT_CONFIRMATION_OK"
795,10819345851,10819345881,1,"IOTHUB_CLIENT_CONFIRMATION_OK"
796,10819346184,10819346263,1,"IOTHUB_CLIENT_CONFIRMATION_OK"
797,10819346517,10819346574,1,"IOTHUB_CLIENT_CONFIRMATION_OK"
798,10819346850,10819346905,1,"IOTHUB_CLIENT_CONFIRMATION_OK"
799,10819347183,10819347217,1,"IOTHUB_CLIENT_CONFIRMATION_OK"
800,10819347516,10819347551,1,"IOTHUB_CLIENT_CONFIRMATION_OK"
801,10819347850,10819347899,1,"IOTHUB_CLIENT_CONFIRMATION_OK"
802,10819348183,10819348227,1,"IOTHUB_CLIENT_CONFIRMATION_OK"
803,10819348516,10819348691,1,"IOTHUB_CLIENT_CONFIRMATION_OK"
804,10819348849,10819348880,1,"IOTHUB_CLIENT_CONFIRMATION_OK"
805,10819349182,10819349329,1,"IOTHUB_CLIENT_CONFIRMATION_OK"
806,10819349515,10819349554,1,"IOTHUB_CLIENT_CONFIRMATION_OK"
807,10819349849,10819349879,1,"IOTHUB_CLIENT_CONFIRMATION_OK"
808,10819350182,10819350222,1,"IOTHUB_CLIENT_CONFIRMATION_OK"
809,10819350515,10819350545,1,"IOTHUB_CLIENT_CONFIRMATION_OK"
810,10819350848,10819350880,1,"IOTHUB_CLIENT_CONFIRMATION_OK"
811,10819351181,10819351234,1,"IOTHUB_CLIENT_CONFIRMATION_OK"
812,10819351514,10819351578,1,"IOTHUB_CLIENT_CONFIRMATION_OK"
813,10819351848,10819351920,1,"IOTHUB_CLIENT_CONFIRMATION_OK"
814,10819352181,10819352212,1,"IOTHUB_CLIENT_CONFIRMATION_OK"
815,10819352514,10819352545,1,"IOTHUB_CLIENT_CONFIRMATION_OK"
816,10819352847,10819352882,1,"IOTHUB_CLIENT_CONFIRMATION_OK"
817,10819353180,10819353212,1,"IOTHUB_CLIENT_CONFIRMATION_OK"
818,10819353513,10819353547,1,"IOTHUB_CLIENT_CONFIRMATION_OK"
819,10819353846,10819353877,1,"IOTHUB_CLIENT_CONFIRMATION_OK"
820,10819354180,10819354211,1,"IOTHUB_CLIENT_CONFIRMATION_OK"
821,10819354513,10819354603,1,"IOTHUB_CLIENT_CONFIRMATION_OK"
822,10819354846,10819354877,1,"IOTHUB_CLIENT_CONFIRMATION_OK"
823,10819355179,10819355216,1,"IOTHUB_CLIENT_CONFIRMATION_OK"
824,10819355512,10819355543,1,"IOTHUB_CLIENT_CONFIRMATION_OK"
825,10819355845,10819355877,1,"IOTHUB_CLIENT_CONFIRMATION_OK"
826,10819356179,10819356209,1,"IOTHUB_CLIENT_CONFIRMATION_OK"
827,10819356512,10819356555,1,"IOTHUB_CLIENT_CONFIRMATION_OK"
828,10819356845,10819356909,1,"IOTHUB_CLIENT_CONFIRMATION_OK"
829,10819357178,10819357214,1,"IOTHUB_CLIENT_CONFIRMATION_OK"
830,10819357511,10819357657,1,"IOTHUB_CLIENT_CONFIRMATION_OK"
831,10819357844,10819357875,1,"IOTHUB_CLIENT_CONFIRMATION_OK"
832,10819358178,10819358268,1,"IOTHUB_CLIENT_CONFIRMATION_OK"
833,10819358511,10819358558,1,"IOTHUB_CLIENT_CONFIRMATION_OK"
834,10819358844,10819358913,1,"IOTHUB_CLIENT_CONFIRMATION_OK"
835,10819359177,10819359207,1,"IOTHUB_CLIENT_CONFIRMATION_OK"
836,10819359510,10819359713,1,"IOTHUB_CLIENT_CONFIRMATION_OK"
837,10819359843,10819359876,1,"IOTHUB_CLIENT_CONFIRMATION_OK"
838,10819360177,10819360209,1,"IOTHUB_CLIENT_CONFIRMATION_OK"
839,10819360510,10819360572,1,"IOTHUB_CLIENT_CONFIRMATION_OK"
840,10819360843,10819360893,1,"IOTHUB_CLIENT_CONFIRMATION_OK"
841,10819361176,10819361334,1,"IOTHUB_CLIENT_CONFIRMATION_OK"
842,10819361509,10819361541,1,"IOTHUB_CLIENT_CONFIRMATION_OK"
843,10819361842,10819361882,1,"IOTHUB_CLIENT_CONFIRMATION_OK"
844,10819362176,10819362208,1,"IOTHUB_CLIENT_CONFIRMATION_OK"
845,10819362509,10819362541,1,"IOTHUB_CLIENT_CONFIRMATION_OK"
846,10819362842,10819362871,1,"IOTHUB_CLIENT_CONFIRMATION_OK"
847,10819363175,10819363209,1,"IOTHUB_CLIENT_CONFIRMATION_OK"
848,10819363508,10819363552,1,"IOTHUB_CLIENT_CONFIRMATION_OK"
849,10819363841,10819363878,1,"IOTHUB_CLIENT_CONFIRMATION_OK"
850,10819364175,10819364229,1,"IOTHUB_CLIENT_CONFIRMATION_OK"
851,10819364508,10819364554,1,"IOTHUB_CLIENT_CONFIRMATION_OK"
852,10819364841,10819364891,1,"IOTHUB_CLIENT_CONFIRMATION_OK"
853,10819365174,10819365206,1,"IOTHUB_CLIENT_CONFIRMATION_OK"
854,10819365507,10819365537,1,"IOTHUB_CLIENT_CONFIRMATION_OK"
855,10819365840,10819365870,1,"IOTHUB_CLIENT_CONFIRMATION_OK"
856,10819366174,10819366235,1,"IOTHUB_CLIENT_CONFIRMATION_OK"
857,10819366507,10819366567,1,"IOTHUB_CLIENT_CONFIRMATION_OK"
858,10819366840,10819366870,1,"IOTHUB_CLIENT_CONFIRMATION_OK"
859,10819367173,10819367219,1,"IOTHUB_CLIENT_CONFIRMATION_OK"
860,10819367506,10819367544,1,"IOTHUB_CLIENT_CONFIRMATION_OK"
861,10819367839,10819367870,1,"IOTHUB_CLIENT_CONFIRMATION_OK"
862,10819368173,10819368205,1,"IOTHUB_CLIENT_CONFIRMATION_OK"
863,10819368506,10819368537,1,"IOTHUB_CLIENT_CONFIRMATION_OK"
864,10819368839,10819368868,1,"IOTHUB_CLIENT_CONFIRMATION_OK"
865,10819369172,10819369211,1,"IOTHUB_CLIENT_CONFIRMATION_OK"
866,10819369505,10819369537,1,"IOTHUB_CLIENT_CONFIRMATION_OK"
867,10819369838,10819369868,1,"IOTHUB_CLIENT_CONFIRMATION_OK"
868,10819370171,10819370276,1,"IOTHUB_CLIENT_CONFIRMATION_OK"
869,10819370505,10819370536,1,"IOTHUB_CLIENT_CONFIRMATION_OK"
870,10819370838,10819370877,1,"IOTHUB_CLIENT_CONFIRMATION_OK"
871,10819371171,10819371210,1,"IOTHUB_CLIENT_CONFIRMATION_OK"
872,10819371504,10819371536,1,"IOTHUB_CLIENT_CONFIRMATION_OK"
873,10819371837,10819371876,1,"IOTHUB_CLIENT_CONFIRMATION_OK"
874,10819372170,10819372201,1,"IOTHUB_CLIENT_CONFIRMATION_OK"
875,10819372504,10819372535,1,"IOTHUB_CLIENT_CONFIRMATION_OK"
876,10819372837,10819372866,1,"IOTHUB_CLIENT_CONFIRMATION_OK"
877,10819373170,10819373326,1,"IOTHUB_CLIENT_CONFIRMATION_OK"
878,10819373503,10819373533,1,"IOTHUB_CLIENT_CONFIRMATION_OK"
879,10819373836,10819373932,1,"IOTHUB_CLIENT_CONFIRMATION_OK"
880,10819374169,10819374200,1,"IOTHUB_CLIENT_CONFIRMATION_OK"
881,10819374503,10819374550,1,"IOTHUB_CLIENT_CONFIRMATION_OK"
882,10819374836,10819374866,1,"IOTHUB_CLIENT_CONFIRMATION_OK"
883,10819375169,10819375197,1,"IOTHUB_CLIENT_CONFIRMATION_OK"
884,10819375502,10819375530,1,"IOTHUB_CLIENT_CONFIRMATION_OK"
885,10819375835,10819375865,1,"IOTHUB_CLIENT_CONFIRMATION_OK"
886,10819376168,10819376204,1,"IOTHUB_CLIENT_CONFIRMATION_OK"
887,10819376502,10819376558,1,"IOTHUB_CLIENT_CONFIRMATION_OK"
888,10819376835,10819376864,1,"IOTHUB_CLIENT_CONFIRMATION_OK"
889,10819377168,10819377210,1,"IOTHUB_CLIENT_CONFIRMATION_OK"
890,10819377501,10819377537,1,"IOTHUB_CLIENT_CONFIRMATION_OK"
891,10819377834,10819377867,1,"IOTHUB_CLIENT_CONFIRMATION_OK"
892,10819378167,10819378196,1,"IOTHUB_CLIENT_CONFIRMATION_OK"
893,10819378500,10819378531,1,"IOTHUB_CLIENT_CONFIRMATION_OK"
894,10819378834,10819378865,1,"IOTHUB_CLIENT_CONFIRMATION_OK"
895,10819379167,10819379218,1,"IOTHUB_CLIENT_CONFIRMATION_OK"
896,10819379500,10819379530,1,"IOTHUB_CLIENT_CONFIRMATION_OK"
897,10819379833,10819379864,1,"IOTHUB_CLIENT_CONFIRMATION_OK"
898,10819380166,10819380201,1,"IOTHUB_CLIENT_CONFIRMATION_OK"
899,10819380499,10819380532,1,"IOTHUB_CLIENT_CONFIRMATION_OK"
