Message ID,Send Time,Receive Time,Status,Error
0,10819081950,10819082250,1,"IOTHUB_CLIENT_CONFIRMATION_OK"
1,10819082283,10819082315,1,"IOTHUB_CLIENT_CONFIRMATION_OK"
2,10819082616,10819082648,1,"IOTHUB_CLIENT_CONFIRMATION_OK"
3,10819082949,10819082984,1,"IOTHUB_CLIENT_CONFIRMATION_OK"
4,10819083282,10819083312,1,"IOTHUB_CLIENT_CONFIRMATION_OK"
5,10819083615,10819083644,1,"IOTHUB_CLIENT_CONFIRMATION_OK"
6,10819083949,10819084001,1,"IOTHUB_CLIENT_CONFIRMATION_OK"
7,10819084282,10819084312,1,"IOTHUB_CLIENT_CONFIRMATION_OK"
8,10819084615,10819084644,1,"IOTHUB_CLIENT_CONFIRMATION_OK"
9,10819084948,10819084985,1,"IOTHUB_CLIENT_CONFIRMATION_OK"
10,10819085281,10819085312,1,"IOTHUB_CLIENT_CONFIRMATION_OK"
11,10819085614,10819085644,1,"IOTHUB_CLIENT_CONFIRMATION_OK"
12,10819085947,10819085978,1,"IOTHUB_CLIENT_CONFIRMATION_OK"
13,10819086281,10819086309,1,"IOTHUB_CLIENT_CONFIRMATION_OK"
14,10819086614,10819086643,1,"IOTHUB_CLIENT_CONFIRMATION_OK"
15,10819086947,10819086978,1,"IOTHUB_CLIENT_CONFIRMATION_OK"
16,10819087280,10819087309,1,"IOTHUB_CLIENT_CONFIRMATION_OK"
17,10819087613,10819087643,1,"IOTHUB_CLIENT_CONFIRMATION_OK"
18,10819087946,10819087984,1,"IOTHUB_CLIENT_CONFIRMATION_OK"
19,10819088280,10819088318,1,"IOTHUB_CLIENT_CONFIRMATION_OK"
20,10819088613,10819088646,1,"IOTHUB_CLIENT_CONFIRMATION_OK"
21,10819088946,10819089104,1,"IOTHUB_CLIENT_CONFIRMATION_OK"
22,10819089279,10819089313,1,"IOTHUB_CLIENT_CONFIRMATION_OK"
23,10819089612,10819089725,1,"IOTHUB_CLIENT_CONFIRMATION_OK"
24,10819089945,10819089979,1,"IOTHUB_CLIENT_CONFIRMATION_OK"
25,10819090279,10819090338,1,"IOTHUB_CLIENT_CONFIRMATION_OK"
26,10819090612,10819090640,1,"IOTHUB_CLIENT_CONFIRMATION_OK"
27,10819090945,10819090988,1,"IOTHUB_CLIENT_CONFIRMATION_OK"
28,10819091278,10819091308,1,"IOTHUB_CLIENT_CONFIRMATION_OK"
29,10819091611,10819091651,1,"IOTHUB_CLIENT_CONFIRMATION_OK"
30,10819091944,10819091977,1,"IOTHUB_CLIENT_CONFIRMATION_OK"
31,10819092278,10819092309,1,"IOTHUB_CLIENT_CONFIRMATION_OK"
32,10819092611,10819092640,1,"IOTHUB_CLIENT_CONFIRMATION_OK"
33,10819092944,10819092973,1,"IOTHUB_CLIENT_CONFIRMATION_OK"
34,10819093277,10819093310,1,"IOTHUB_CLIENT_CONFIRMATION_OK"
35,10819093610,10819093641,1,"IOTHUB_CLIENT_CONFIRMATION_OK"
36,10819093943,10819093981,1,"IOTHUB_CLIENT_CONFIRMATION_OK"
37,10819094276,10819094325,1,"IOTHUB_CLIENT_CONFIRMATION_OK"
38,10819094610,10819094801,1,"IOTHUB_CLIENT_CONFIRMATION_OK"
39,10819094943,10819095012,1,"IOTHUB_CLIENT_CONFIRMATION_OK"
40,10819095276,10819095308,1,"IOTHUB_CLIENT_CONFIRMATION_OK"
41,10819095609,10819095637,1,"IOTHUB_CLIENT_CONFIRMATION_OK"
42,10819095942,10819095974,1,"IOTHUB_CLIENT_CONFIRMATION_OK"
43,10819096275,10819096303,1,"IOTHUB_CLIENT_CONFIRMATION_OK"
44,10819096609,10819096640,1,"IOTHUB_CLIENT_CONFIRMATION_OK"
45,10819096942,10819096973,1,"IOTHUB_CLIENT_CONFIRMATION_OK"
46,10819097275,10819097309,1,"IOTHUB_CLIENT_CONFIRMATION_OK"
47,10819097608,10819097645,1,"IOTHUB_CLIENT_CONFIRMATION_OK"
48,10819097941,10819097976,1,"IOTHUB_CLIENT_CONFIRMATION_OK"
49,10819098274,10819098303,1,"IOTHUB_CLIENT_CONFIRMATION_OK"
50,10819098607,10819098637,1,"IOTHUB_CLIENT_CONFIRMATION_OK"
51,10819098941,10819099077,1,"IOTHUB_CLIENT_CONFIRMATION_OK"
52,10819099274,10819099312,1,"IOTHUB_CLIENT_CONFIRMATION_OK"
53,10819099607,10819099692,1,"IOTHUB_CLIENT_CONFIRMATION_OK"
54,10819099940,10819099972,1,"IOTHUB_CLIENT_CONFIRMATION_OK"
55,10819100273,10819100320,1,"IOTHUB_CLIENT_CONFIRMATION_OK"
56,10819100606,10819100635,1,"IOTHUB_CLIENT_CONFIRMATION_OK"
57,10819100940,10819100973,1,"IOTHUB_CLIENT_CONFIRMATION_OK"
58,10819101273,10819101304,1,"IOTHUB_CLIENT_CONFIRMATION_OK"
59,10819101606,10819101635,1,"IOTHUB_CLIENT_CONFIRMATION_OK"
60,10819101939,10819101977,1,"IOTHUB_CLIENT_CONFIRMATION_OK"
61,10819102272,10819102303,1,"IOTHUB_CLIENT_CONFIRMATION_OK"
62,10819102605,10819102640,1,"IOTHUB_CLIENT_CONFIRMATION_OK"
63,10819102938,10819102967,1,"IOTHUB_CLIENT_CONFIRMATION_OK"
64,10819103272,10819103303,1,"IOTHUB_CLIENT_CONFIRMATION_OK"
65,10819103605,10819103648,1,"IOTHUB_CLIENT_CONFIRMATION_OK"
66,10819103938,10819104045,1,"IOTHUB_CLIENT_CONFIRMATION_OK"
67,10819104271,10819104320,1,"IOTHUB_CLIENT_CONFIRMATION_OK"
68,10819104604,10819104662,1,"IOTHUB_CLIENT_CONFIRMATION_OK"
69,10819104937,10819104990,1,"IOTHUB_CLIENT_CONFIRMATION_OK"
70,10819105271,10819105301,1,"IOTHUB_CLIENT_CONFIRMATION_OK"
71,10819105604,10819105635,1,"IOTHUB_CLIENT_CONFIRMATION_OK"
72,10819105937,10819105972,1,"IOTHUB_CLIENT_CONFIRMATION_OK"
73,10819106270,10819106306,1,"IOTHUB_CLIENT_CONFIRMATION_OK"
74,10819106603,10819106637,1,"IOTHUB_CLIENT_CONFIRMATION_OK"
75,10819106936,10819106979,1,"IOTHUB_CLIENT_CONFIRMATION_OK"
76,10819107269,10819107300,1,"IOTHUB_CLIENT_CONFIRMATION_OK"
77,10819107603,10819107640,1,"IOTHUB_CLIENT_CONFIRMATION_OK"
78,10819107936,10819107977,1,"IOTHUB_CLIENT_CONFIRMATION_OK"
79,10819108269,10819108299,1,"IOTHUB_CLIENT_CONFIRMATION_OK"
80,10819108602,10819108630,1,"IOTHUB_CLIENT_CONFIRMATION_OK"
81,10819108935,10819109137,1,"IOTHUB_CLIENT_CONFIRMATION_OK"
82,10819109268,10819109300,1,"IOTHUB_CLIENT_CONFIRMATION_OK"
83,10819109602,10819109743,1,"IOTHUB_CLIENT_CONFIRMATION_OK"
84,10819109935,10819110081,1,"IOTHUB_CLIENT_CONFIRMATION_OK"
85,10819110268,10819110353,1,"IOTHUB_CLIENT_CONFIRMATION_OK"
86,10819110601,10819110634,1,"IOTHUB_CLIENT_CONFIRMATION_OK"
87,10819110934,10819110972,1,"IOTHUB_CLIENT_CONFIRMATION_OK"
88,10819111267,10819111300,1,"IOTHUB_CLIENT_CONFIRMATION_OK"
89,10819111600,10819111634,1,"IOTHUB_CLIENT_CONFIRMATION_OK"
90,10819111934,10819111965,1,"IOTHUB_CLIENT_CONFIRMATION_OK"
91,10819112267,10819112302,1,"IOTHUB_CLIENT_CONFIRMATION_OK"
92,10819112600,10819112634,1,"IOTHUB_CLIENT_CONFIRMATION_OK"
93,10819112933,10819112964,1,"IOTHUB_CLIENT_CONFIRMATION_OK"
94,10819113266,10819113297,1,"IOTHUB_CLIENT_CONFIRMATION_OK"
95,10819113599,10819113628,1,"IOTHUB_CLIENT_CONFIRMATION_OK"
96,10819113933,10819114017,1,"IOTHUB_CLIENT_CONFIRMATION_OK"
97,10819114266,10819114297,1,"IOTHUB_CLIENT_CONFIRMATION_OK"
98,10819114599,10819114634,1,"IOTHUB_CLIENT_CONFIRMATION_OK"
99,10819114932,10819114963,1,"IOTHUB_CLIENT_CONFIRMATION_OK"
100,10819115265,10819115298,1,"IOTHUB_CLIENT_CONFIRMATION_OK"
101,10819115598,10819115631,1,"IOTHUB_CLIENT_CONFIRMATION_OK"
102,10819115932,10819115959,1,"IOTHUB_CLIENT_CONFIRMATION_OK"
103,10819116265,10819116299,1,"IOTHUB_CLIENT_CONFIRMATION_OK"
104,10819116598,10819116638,1,"IOTHUB_CLIENT_CONFIRMATION_OK"
105,10819116931,10819116963,1,"IOTHUB_CLIENT_CONFIRMATION_OK"
106,10819117264,10819117299,1,"IOTHUB_CLIENT_CONFIRMATION_OK"
107,10819117597,10819117625,1,"IOTHUB_CLIENT_CONFIRMATION_OK"
108,10819117930,10819117965,1,"IOTHUB_CLIENT_CONFIRMATION_OK"
109,10819118264,10819118294,1,"IOTHUB_CLIENT_CONFIRMATION_OK"
110,10819118597,10819118627,1,"IOTHUB_CLIENT_CONFIRMATION_OK"
111,10819118930,10819119102,1,"IOTHUB_CLIENT_CONFIRMATION_OK"
112,10819119263,10819119294,1,"IOTHUB_CLIENT_CONFIRMATION_OK"
113,10819119596,10819119749,1,"IOTHUB_CLIENT_CONFIRMATION_OK"
114,10819119929,10819119963,1,"IOTHUB_CLIENT_CONFIRMATION_OK"
115,10819120263,10819120295,1,"IOTHUB_CLIENT_CONFIRMATION_OK"
116,10819120596,10819120624,1,"IOTHUB_CLIENT_CONFIRMATION_OK"
117,10819120929,10819120962,1,"IOTHUB_CLIENT_CONFIRMATION_OK"
118,10819121262,10819121296,1,"IOTHUB_CLIENT_CONFIRMATION_OK"
119,10819121595,10819121624,1,"IOTHUB_CLIENT_CONFIRMATION_OK"
120,10819121928,10819121961,1,"IOTHUB_CLIENT_CONFIRMATION_OK"
121,10819122261,10819122290,1,"IOTHUB_CLIENT_CONFIRMATION_OK"
122,10819122595,10819122625,1,"IOTHUB_CLIENT_CONFIRMATION_OK"
123,10819122928,10819122957,1,"IOTHUB_CLIENT_CONFIRMATION_OK"
124,10819123261,10819123408,1,"IOTHUB_CLIENT_CONFIRMATION_OK"
125,10819123594,10819123627,1,"IOTHUB_CLIENT_CONFIRMATION_OK"
126,10819123927,10819124021,1,"IOTHUB_CLIENT_CONFIRMATION_OK"
127,10819124260,10819124303,1,"IOTHUB_CLIENT_CONFIRMATION_OK"
128,10819124594,10819124643,1,"IOTHUB_CLIENT_CONFIRMATION_OK"
129,10819124927,10819124963,1,"IOTHUB_CLIENT_CONFIRMATION_OK"
130,10819125260,10819125292,1,"IOTHUB_CLIENT_CONFIRMATION_OK"
131,10819125593,10819125623,1,"IOTHUB_CLIENT_CONFIRMATION_OK"
132,10819125926,10819125959,1,"IOTHUB_CLIENT_CONFIRMATION_OK"
133,10819126259,10819126308,1,"IOTHUB_CLIENT_CONFIRMATION_OK"
134,10819126592,10819126623,1,"IOTHUB_CLIENT_CONFIRMATION_OK"
135,10819126926,10819126953,1,"IOTHUB_CLIENT_CONFIRMATION_OK"
136,10819127259,10819127288,1,"IOTHUB_CLIENT_CONFIRMATION_OK"
137,10819127592,10819127623,1,"IOTHUB_CLIENT_CONFIRMATION_OK"
138,10819127925,10819127955,1,"IOTHUB_CLIENT_CONFIRMATION_OK"
139,10819128258,10819128410,1,"IOTHUB_CLIENT_CONFIRMATION_OK"
140,10819128591,10819128623,1,"IOTHUB_CLIENT_CONFIRMATION_OK"
141,10819128925,10819129025,1,"IOTHUB_CLIENT_CONFIRMATION_OK"
142,10819129258,10819129290,1,"IOTHUB_CLIENT_CONFIRMATION_OK"
143,10819129591,10819129638,1,"IOTHUB_CLIENT_CONFIRMATION_OK"
144,10819129924,10819129955,1,"IOTHUB_CLIENT_CONFIRMATION_OK"
145,10819130257,10819130290,1,"IOTHUB_CLIENT_CONFIRMATION_OK"
146,10819130590,10819130619,1,"IOTHUB_CLIENT_CONFIRMATION_OK"
147,10819130923,10819130956,1,"IOTHUB_CLIENT_CONFIRMATION_OK"
148,10819131257,10819131284,1,"IOTHUB_CLIENT_CONFIRMATION_OK"
149,10819131590,10819131621,1,"IOTHUB_CLIENT_CONFIRMATION_OK"
150,10819131923,10819131957,1,"IOTHUB_CLIENT_CONFIRMATION_OK"
151,10819132256,10819132290,1,"IOTHUB_CLIENT_CONFIRMATION_OK"
152,10819132589,10819132621,1,"IOTHUB_CLIENT_CONFIRMATION_OK"
153,10819132922,10819132956,1,"IOTHUB_CLIENT_CONFIRMATION_OK"
154,10819133256,10819133369,1,"IOTHUB_CLIENT_CONFIRMATION_OK"
155,10819133589,10819133618,1,"IOTHUB_CLIENT_CONFIRMATION_OK"
156,10819133922,10819133972,1,"IOTHUB_CLIENT_CONFIRMATION_OK"
157,10819134255,10819134286,1,"IOTHUB_CLIENT_CONFIRMATION_OK"
158,10819134588,10819134621,1,"IOTHUB_CLIENT_CONFIRMATION_OK"
159,10819134921,10819134952,1,"IOTHUB_CLIENT_CONFIRMATION_OK"
160,10819135255,10819135289,1,"IOTHUB_CLIENT_CONFIRMATION_OK"
161,10819135588,10819135616,1,"IOTHUB_CLIENT_CONFIRMATION_OK"
162,10819135921,10819135951,1,"IOTHUB_CLIENT_CONFIRMATION_OK"
163,10819136254,10819136290,1,"IOTHUB_CLIENT_CONFIRMATION_OK"
164,10819136587,10819136622,1,"IOTHUB_CLIENT_CONFIRMATION_OK"
165,10819136920,10819136949,1,"IOTHUB_CLIENT_CONFIRMATION_OK"
166,10819137253,10819137288,1,"IOTHUB_CLIENT_CONFIRMATION_OK"
167,10819137587,10819137615,1,"IOTHUB_CLIENT_CONFIRMATION_OK"
168,10819137920,10819137951,1,"IOTHUB_CLIENT_CONFIRMATION_OK"
169,10819138253,10819138460,1,"IOTHUB_CLIENT_CONFIRMATION_OK"
170,10819138586,10819138616,1,"IOTHUB_CLIENT_CONFIRMATION_OK"
171,10819138919,10819138950,1,"IOTHUB_CLIENT_CONFIRMATION_OK"
172,10819139252,10819139335,1,"IOTHUB_CLIENT_CONFIRMATION_OK"
173,10819139586,10819139617,1,"IOTHUB_CLIENT_CONFIRMATION_OK"
174,10819139919,10819139950,1,"IOTHUB_CLIENT_CONFIRMATION_OK"
175,10819140252,10819140293,1,"IOTHUB_CLIENT_CONFIRMATION_OK"
176,10819140585,10819140626,1,"IOTHUB_CLIENT_CONFIRMATION_OK"
177,10819140918,10819140950,1,"IOTHUB_CLIENT_CONFIRMATION_OK"
178,10819141251,10819141281,1,"IOTHUB_CLIENT_CONFIRMATION_OK"
179,10819141585,10819141615,1,"IOTHUB_CLIENT_CONFIRMATION_OK"
180,10819141918,10819141950,1,"IOTHUB_CLIENT_CONFIRMATION_OK"
181,10819142251,10819142281,1,"IOTHUB_CLIENT_CONFIRMATION_OK"
182,10819142584,10819142796,1,"IOTHUB_CLIENT_CONFIRMATION_OK"
183,10819142917,10819142950,1,"IOTHUB_CLIENT_CONFIRMATION_OK"
184,10819143250,10819143403,1,"IOTHUB_CLIENT_CONFIRMATION_OK"
185,10819143584,10819143627,1,"IOTHUB_CLIENT_CONFIRMATION_OK"
186,10819143917,10819144009,1,"IOTHUB_CLIENT_CONFIRMATION_OK"
187,10819144250,10819144280,1,"IOTHUB_CLIENT_CONFIRMATION_OK"
188,10819144583,10819144625,1,"IOTHUB_CLIENT_CONFIRMATION_OK"
189,10819144916,10819144948,1,"IOTHUB_CLIENT_CONFIRMATION_OK"
190,10819145249,10819145278,1,"IOTHUB_CLIENT_CONFIRMATION_OK"
191,10819145582,10819145612,1,"IOTHUB_CLIENT_CONFIRMATION_OK"
192,10819145916,10819145944,1,"IOTHUB_CLIENT_CONFIRMATION_OK"
193,10819146249,10819146279,1,"IOTHUB_CLIENT_CONFIRMATION_OK"
194,10819146582,10819146614,1,"IOTHUB_CLIENT_CONFIRMATION_OK"
195,10819146915,10819146950,1,"IOTHUB_CLIENT_CONFIRMATION_OK"
196,10819147248,10819147280,1,"IOTHUB_CLIENT_CONFIRMATION_OK"
197,10819147581,10819147708,1,"IOTHUB_CLIENT_CONFIRMATION_OK"
198,10819147915,10819147946,1,"IOTHUB_CLIENT_CONFIRMATION_OK"
199,10819148248,10819148310,1,"IOTHUB_CLIENT_CONFIRMATION_OK"
200,10819148581,10819148618,1,"IOTHUB_CLIENT_CONFIRMATION_OK"
201,10819148914,10819148946,1,"IOTHUB_CLIENT_CONFIRMATION_OK"
202,10819149247,10819149286,1,"IOTHUB_CLIENT_CONFIRMATION_OK"
203,10819149580,10819149610,1,"IOTHUB_CLIENT_CONFIRMATION_OK"
204,10819149913,10819149943,1,"IOTHUB_CLIENT_CONFIRMATION_OK"
205,10819150247,10819150278,1,"IOTHUB_CLIENT_CONFIRMATION_OK"
206,10819150580,10819150608,1,"IOTHUB_CLIENT_CONFIRMATION_OK"
207,10819150913,10819151118,1,"IOTHUB_CLIENT_CONFIRMATION_OK"
208,10819151246,10819151279,1,"IOTHUB_CLIENT_CONFIRMATION_OK"
209,10819151579,10819151610,1,"IOTHUB_CLIENT_CONFIRMATION_OK"
210,10819151912,10819151941,1,"IOTHUB_CLIENT_CONFIRMATION_OK"
211,10819152246,10819152276,1,"IOTHUB_CLIENT_CONFIRMATION_OK"
212,10819152579,10819152772,1,"IOTHUB_CLIENT_CONFIRMATION_OK"
213,10819152912,10819152943,1,"IOTHUB_CLIENT_CONFIRMATION_OK"
214,10819153245,10819153384,1,"IOTHUB_CLIENT_CONFIRMATION_OK"
215,10819153578,10819153616,1,"IOTHUB_CLIENT_CONFIRMATION_OK"
216,10819153911,10819154016,1,"IOTHUB_CLIENT_CONFIRMATION_OK"
217,10819154245,10819154276,1,"IOTHUB_CLIENT_CONFIRMATION_OK"
218,10819154578,10819154634,1,"IOTHUB_CLIENT_CONFIRMATION_OK"
219,10819154911,10819154953,1,"IOTHUB_CLIENT_CONFIRMATION_OK"
220,10819155244,10819155275,1,"IOTHUB_CLIENT_CONFIRMATION_OK"
221,10819155577,10819155606,1,"IOTHUB_CLIENT_CONFIRMATION_OK"
222,10819155910,10819155945,1,"IOTHUB_CLIENT_CONFIRMATION_OK"
223,10819156244,10819156273,1,"IOTHUB_CLIENT_CONFIRMATION_OK"
224,10819156577,10819156608,1,"IOTHUB_CLIENT_CONFIRMATION_OK"
225,10819156910,10819156942,1,"IOTHUB_CLIENT_CONFIRMATION_OK"
226,10819157243,10819157274,1,"IOTHUB_CLIENT_CONFIRMATION_OK"
227,10819157576,10819157647,1,"IOTHUB_CLIENT_CONFIRMATION_OK"
228,10819157909,10819157949,1,"IOTHUB_CLIENT_CONFIRMATION_OK"
229,10819158242,10819158273,1,"IOTHUB_CLIENT_CONFIRMATION_OK"
230,10819158576,10819158615,1,"IOTHUB_CLIENT_CONFIRMATION_OK"
231,10819158909,10819158941,1,"IOTHUB_CLIENT_CONFIRMATION_OK"
232,10819159242,10819159274,1,"IOTHUB_CLIENT_CONFIRMATION_OK"
233,10819159575,10819159604,1,"IOTHUB_CLIENT_CONFIRMATION_OK"
234,10819159908,10819159939,1,"IOTHUB_CLIENT_CONFIRMATION_OK"
235,10819160241,10819160281,1,"IOTHUB_CLIENT_CONFIRMATION_OK"
236,10819160575,10819160610,1,"IOTHUB_CLIENT_CONFIRMATION_OK"
237,10819160908,10819160939,1,"IOTHUB_CLIENT_CONFIRMATION_OK"
238,10819161241,10819161298,1,"IOTHUB_CLIENT_CONFIRMATION_OK"
239,10819161574,10819161610,1,"IOTHUB_CLIENT_CONFIRMATION_OK"
240,10819161907,10819161937,1,"IOTHUB_CLIENT_CONFIRMATION_OK"
241,10819162240,10819162269,1,"IOTHUB_CLIENT_CONFIRMATION_OK"
242,10819162573,10819162604,1,"IOTHUB_CLIENT_CONFIRMATION_OK"
243,10819162907,10819162938,1,"IOTHUB_CLIENT_CONFIRMATION_OK"
244,10819163240,10819163278,1,"IOTHUB_CLIENT_CONFIRMATION_OK"
245,10819163573,10819163604,1,"IOTHUB_CLIENT_CONFIRMATION_OK"
246,10819163906,10819163938,1,"IOTHUB_CLIENT_CONFIRMATION_OK"
247,10819164239,10819164270,1,"IOTHUB_CLIENT_CONFIRMATION_OK"
248,10819164572,10819164607,1,"IOTHUB_CLIENT_CONFIRMATION_OK"
249,10819164906,10819164936,1,"IOTHUB_CLIENT_CONFIRMATION_OK"
250,10819165239,10819165271,1,"IOTHUB_CLIENT_CONFIRMATION_OK"
251,10819165572,10819165600,1,"IOTHUB_CLIENT_CONFIRMATION_OK"
252,10819165905,10819165938,1,"IOTHUB_CLIENT_CONFIRMATION_OK"
253,10819166238,10819166266,1,"IOTHUB_CLIENT_CONFIRMATION_OK"
254,10819166571,10819166601,1,"IOTHUB_CLIENT_CONFIRMATION_OK"
255,10819166904,10819167052,1,"IOTHUB_CLIENT_CONFIRMATION_OK"
256,10819167238,10819167274,1,"IOTHUB_CLIENT_CONFIRMATION_OK"
257,10819167571,10819167671,1,"IOTHUB_CLIENT_CONFIRMATION_OK"
258,10819167904,10819167936,1,"IOTHUB_CLIENT_CONFIRMATION_OK"
259,10819168237,10819168286,1,"IOTHUB_CLIENT_CONFIRMATION_OK"
260,10819168570,10819168602,1,"IOTHUB_CLIENT_CONFIRMATION_OK"
261,10819168903,10819168976,1,"IOTHUB_CLIENT_CONFIRMATION_OK"
262,10819169237,10819169275,1,"IOTHUB_CLIENT_CONFIRMATION_OK"
263,10819169570,10819169598,1,"IOTHUB_CLIENT_CONFIRMATION_OK"
264,10819169903,10819169931,1,"IOTHUB_CLIENT_CONFIRMATION_OK"
265,10819170236,10819170266,1,"IOTHUB_CLIENT_CONFIRMATION_OK"
266,10819170569,10819170602,1,"IOTHUB_CLIENT_CONFIRMATION_OK"
267,10819170902,10819170934,1,"IOTHUB_CLIENT_CONFIRMATION_OK"
268,10819171236,10819171273,1,"IOTHUB_CLIENT_CONFIRMATION_OK"
269,10819171569,10819171599,1,"IOTHUB_CLIENT_CONFIRMATION_OK"
270,10819171902,10819172012,1,"IOTHUB_CLIENT_CONFIRMATION_OK"
271,10819172235,10819172266,1,"IOTHUB_CLIENT_CONFIRMATION_OK"
272,10819172568,10819172622,1,"IOTHUB_CLIENT_CONFIRMATION_OK"
273,10819172901,10819172931,1,"IOTHUB_CLIENT_CONFIRMATION_OK"
274,10819173234,10819173265,1,"IOTHUB_CLIENT_CONFIRMATION_OK"
275,10819173568,10819173597,1,"IOTHUB_CLIENT_CONFIRMATION_OK"
276,10819173901,10819173933,1,"IOTHUB_CLIENT_CONFIRMATION_OK"
277,10819174234,10819174271,1,"IOTHUB_CLIENT_CONFIRMATION_OK"
278,10819174567,10819174597,1,"IOTHUB_CLIENT_CONFIRMATION_OK"
279,10819174900,10819174931,1,"IOTHUB_CLIENT_CONFIRMATION_OK"
280,10819175233,10819175263,1,"IOTHUB_CLIENT_CONFIRMATION_OK"
281,10819175567,10819175598,1,"IOTHUB_CLIENT_CONFIRMATION_OK"
282,10819175900,10819175935,1,"IOTHUB_CLIENT_CONFIRMATION_OK"
283,10819176233,10819176271,1,"IOTHUB_CLIENT_CONFIRMATION_OK"
284,10819176566,10819176598,1,"IOTHUB_CLIENT_CONFIRMATION_OK"
285,10819176899,10819177095,1,"IOTHUB_CLIENT_CONFIRMATION_OK"
286,10819177232,10819177261,1,"IOTHUB_CLIENT_CONFIRMATION_OK"
287,10819177565,10819177705,1,"IOTHUB_CLIENT_CONFIRMATION_OK"
288,10819177899,10819177928,1,"IOTHUB_CLIENT_CONFIRMATION_OK"
289,10819178232,10819178316,1,"IOTHUB_CLIENT_CONFIRMATION_OK"
290,10819178565,10819178603,1,"IOTHUB_CLIENT_CONFIRMATION_OK"
291,10819178898,10819178933,1,"IOTHUB_CLIENT_CONFIRMATION_OK"
292,10819179231,10819179263,1,"IOTHUB_CLIENT_CONFIRMATION_OK"
293,10819179564,10819179597,1,"IOTHUB_CLIENT_CONFIRMATION_OK"
294,10819179897,10819179927,1,"IOTHUB_CLIENT_CONFIRMATION_OK"
295,10819180231,10819180263,1,"IOTHUB_CLIENT_CONFIRMATION_OK"
296,10819180564,10819180609,1,"IOTHUB_CLIENT_CONFIRMATION_OK"
297,10819180897,10819180931,1,"IOTHUB_CLIENT_CONFIRMATION_OK"
298,10819181230,10819181265,1,"IOTHUB_CLIENT_CONFIRMATION_OK"
299,10819181563,10819181600,1,"IOTHUB_CLIENT_CONFIRMATION_OK"
300,10819181896,10819181990,1,"IOTHUB_CLIENT_CONFIRMATION_OK"
301,10819182230,10819182258,1,"IOTHUB_CLIENT_CONFIRMATION_OK"
302,10819182563,10819182599,1,"IOTHUB_CLIENT_CONFIRMATION_OK"
303,10819182896,10819183059,1,"IOTHUB_CLIENT_CONFIRMATION_OK"
304,10819183229,10819183276,1,"IOTHUB_CLIENT_CONFIRMATION_OK"
305,10819183562,10819183593,1,"IOTHUB_CLIENT_CONFIRMATION_OK"
306,10819183895,10819183930,1,"IOTHUB_CLIENT_CONFIRMATION_OK"
307,10819184229,10819184271,1,"IOTHUB_CLIENT_CONFIRMATION_OK"
308,10819184562,10819184592,1,"IOTHUB_CLIENT_CONFIRMATION_OK"
309,10819184895,10819184929,1,"IOTHUB_CLIENT_CONFIRMATION_OK"
310,10819185228,10819185281,1,"IOTHUB_CLIENT_CONFIRMATION_OK"
311,10819185561,10819185594,1,"IOTHUB_CLIENT_CONFIRMATION_OK"
312,10819185894,10819185926,1,"IOTHUB_CLIENT_CONFIRMATION_OK"
313,10819186228,10819186256,1,"IOTHUB_CLIENT_CONFIRMATION_OK"
314,10819186561,10819186595,1,"IOTHUB_CLIENT_CONFIRMATION_OK"
315,10819186894,10819186932,1,"IOTHUB_CLIENT_CONFIRMATION_OK"
316,10819187227,10819187255,1,"IOTHUB_CLIENT_CONFIRMATION_OK"
317,10819187560,10819187704,1,"IOTHUB_CLIENT_CONFIRMATION_OK"
318,10819187893,10819187928,1,"IOTHUB_CLIENT_CONFIRMATION_OK"
319,10819188226,10819188321,1,"IOTHUB_CLIENT_CONFIRMATION_OK"
320,10819188560,10819188591,1,"IOTHUB_CLIENT_CONFIRMATION_OK"
321,10819188893,10819188932,1,"IOTHUB_CLIENT_CONFIRMATION_OK"
322,10819189226,10819189258,1,"IOTHUB_CLIENT_CONFIRMATION_OK"
323,10819189559,10819189589,1,"IOTHUB_CLIENT_CONFIRMATION_OK"
324,10819189892,10819189938,1,"IOTHUB_CLIENT_CONFIRMATION_OK"
325,10819190225,10819190253,1,"IOTHUB_CLIENT_CONFIRMATION_OK"
326,10819190559,10819190590,1,"IOTHUB_CLIENT_CONFIRMATION_OK"
327,10819190892,10819190923,1,"IOTHUB_CLIENT_CONFIRMATION_OK"
328,10819191225,10819191280,1,"IOTHUB_CLIENT_CONFIRMATION_OK"
329,10819191558,10819191588,1,"IOTHUB_CLIENT_CONFIRMATION_OK"
330,10819191891,10819191972,1,"IOTHUB_CLIENT_CONFIRMATION_OK"
331,10819192224,10819192256,1,"IOTHUB_CLIENT_CONFIRMATION_OK"
332,10819192558,10819192587,1,"IOTHUB_CLIENT_CONFIRMATION_OK"
333,10819192891,10819192934,1,"IOTHUB_CLIENT_CONFIRMATION_OK"
334,10819193224,10819193256,1,"IOTHUB_CLIENT_CONFIRMATION_OK"
335,10819193557,10819193589,1,"IOTHUB_CLIENT_CONFIRMATION_OK"
336,10819193890,10819193920,1,"IOTHUB_CLIENT_CONFIRMATION_OK"
337,10819194223,10819194327,1,"IOTHUB_CLIENT_CONFIRMATION_OK"
338,10819194557,10819194585,1,"IOTHUB_CLIENT_CONFIRMATION_OK"
339,10819194890,10819194923,1,"IOTHUB_CLIENT_CONFIRMATION_OK"
340,10819195223,10819195251,1,"IOTHUB_CLIENT_CONFIRMATION_OK"
341,10819195556,10819195607,1,"IOTHUB_CLIENT_CONFIRMATION_OK"
342,10819195889,10819195926,1,"IOTHUB_CLIENT_CONFIRMATION_OK"
343,10819196222,10819196257,1,"IOTHUB_CLIENT_CONFIRMATION_OK"
344,10819196556,10819196588,1,"IOTHUB_CLIENT_CONFIRMATION_OK"
345,10819196889,10819196965,1,"IOTHUB_CLIENT_CONFIRMATION_OK"
346,10819197222,10819197256,1,"IOTHUB_CLIENT_CONFIRMATION_OK"
347,10819197555,10819197583,1,"IOTHUB_CLIENT_CONFIRMATION_OK"
348,10819197888,10819197919,1,"IOTHUB_CLIENT_CONFIRMATION_OK"
349,10819198221,10819198281,1,"IOTHUB_CLIENT_CONFIRMATION_OK"
350,10819198555,10819198584,1,"IOTHUB_CLIENT_CONFIRMATION_OK"
351,10819198888,10819198919,1,"IOTHUB_CLIENT_CONFIRMATION_OK"
352,10819199221,10819199253,1,"IOTHUB_CLIENT_CONFIRMATION_OK"
353,10819199554,10819199583,1,"IOTHUB_CLIENT_CONFIRMATION_OK"
354,10819199887,10819199918,1,"IOTHUB_CLIENT_CONFIRMATION_OK"
355,10819200220,10819200258,1,"IOTHUB_CLIENT_CONFIRMATION_OK"
356,10819200553,10819200583,1,"IOTHUB_CLIENT_CONFIRMATION_OK"
357,10819200887,10819200917,1,"IOTHUB_CLIENT_CONFIRMATION_OK"
358,10819201220,10819201252,1,"IOTHUB_CLIENT_CONFIRMATION_OK"
359,10819201553,10819201683,1,"IOTHUB_CLIENT_CONFIRMATION_OK"
360,10819201886,10819202068,1,"IOTHUB_CLIENT_CONFIRMATION_OK"
361,10819202219,10819202248,1,"IOTHUB_CLIENT_CONFIRMATION_OK"
362,10819202552,10819202682,1,"IOTHUB_CLIENT_CONFIRMATION_OK"
363,10819202886,10819202919,1,"IOTHUB_CLIENT_CONFIRMATION_OK"
364,10819203219,10819203308,1,"IOTHUB_CLIENT_CONFIRMATION_OK"
365,10819203552,10819203585,1,"IOTHUB_CLIENT_CONFIRMATION_OK"
366,10819203885,10819203974,1,"IOTHUB_CLIENT_CONFIRMATION_OK"
367,10819204218,10819204247,1,"IOTHUB_CLIENT_CONFIRMATION_OK"
368,10819204551,10819204582,1,"IOTHUB_CLIENT_CONFIRMATION_OK"
369,10819204884,10819204914,1,"IOTHUB_CLIENT_CONFIRMATION_OK"
370,10819205218,10819205247,1,"IOTHUB_CLIENT_CONFIRMATION_OK"
371,10819205551,10819205578,1,"IOTHUB_CLIENT_CONFIRMATION_OK"
372,10819205884,10819205915,1,"IOTHUB_CLIENT_CONFIRMATION_OK"
373,10819206217,10819206246,1,"IOTHUB_CLIENT_CONFIRMATION_OK"
374,10819206550,10819206580,1,"IOTHUB_CLIENT_CONFIRMATION_OK"
375,10819206884,10819206944,1,"IOTHUB_CLIENT_CONFIRMATION_OK"
376,10819207217,10819207248,1,"IOTHUB_CLIENT_CONFIRMATION_OK"
377,10819207550,10819207585,1,"IOTHUB_CLIENT_CONFIRMATION_OK"
378,10819207883,10819207913,1,"IOTHUB_CLIENT_CONFIRMATION_OK"
379,10819208216,10819208271,1,"IOTHUB_CLIENT_CONFIRMATION_OK"
380,10819208549,10819208580,1,"IOTHUB_CLIENT_CONFIRMATION_OK"
381,10819208883,10819208913,1,"IOTHUB_CLIENT_CONFIRMATION_OK"
382,10819209216,10819209246,1,"IOTHUB_CLIENT_CONFIRMATION_OK"
383,10819209549,10819209581,1,"IOTHUB_CLIENT_CONFIRMATION_OK"
384,10819209882,10819209914,1,"IOTHUB_CLIENT_CONFIRMATION_OK"
385,10819210215,10819210246,1,"IOTHUB_CLIENT_CONFIRMATION_OK"
386,10819210548,10819210582,1,"IOTHUB_CLIENT_CONFIRMATION_OK"
387,10819210882,10819210910,1,"IOTHUB_CLIENT_CONFIRMATION_OK"
388,10819211215,10819211243,1,"IOTHUB_CLIENT_CONFIRMATION_OK"
389,10819211548,10819211578,1,"IOTHUB_CLIENT_CONFIRMATION_OK"
390,10819211881,10819211918,1,"IOTHUB_CLIENT_CONFIRMATION_OK"
391,10819212214,10819212249,1,"IOTHUB_CLIENT_CONFIRMATION_OK"
392,10819212547,10819212578,1,"IOTHUB_CLIENT_CONFIRMATION_OK"
393,10819212881,10819212913,1,"IOTHUB_CLIENT_CONFIRMATION_OK"
394,10819213214,10819213248,1,"IOTHUB_CLIENT_CONFIRMATION_OK"
395,10819213547,10819213577,1,"IOTHUB_CLIENT_CONFIRMATION_OK"
396,10819213880,10819213919,1,"IOTHUB_CLIENT_CONFIRMATION_OK"
397,10819214213,10819214258,1,"IOTHUB_CLIENT_CONFIRMATION_OK"
398,10819214546,10819214579,1,"IOTHUB_CLIENT_CONFIRMATION_OK"
399,10819214880,10819214912,1,"IOTHUB_CLIENT_CONFIRMATION_OK"
400,10819215213,10819215244,1,"IOTHUB_CLIENT_CONFIRMATION_OK"
401,10819215546,10819215600,1,"IOTHUB_CLIENT_CONFIRMATION_OK"
402,10819215879,10819215918,1,"IOTHUB_CLIENT_CONFIRMATION_OK"
403,10819216212,10819216402,1,"IOTHUB_CLIENT_CONFIRMATION_OK"
404,10819216545,10819216579,1,"IOTHUB_CLIENT_CONFIRMATION_OK"
405,10819216879,10819216944,1,"IOTHUB_CLIENT_CONFIRMATION_OK"
406,10819217212,10819217246,1,"IOTHUB_CLIENT_CONFIRMATION_OK"
407,10819217545,10819217584,1,"IOTHUB_CLIENT_CONFIRMATION_OK"
408,10819217878,10819217912,1,"IOTHUB_CLIENT_CONFIRMATION_OK"
409,10819218211,10819218246,1,"IOTHUB_CLIENT_CONFIRMATION_OK"
410,10819218544,10819218577,1,"IOTHUB_CLIENT_CONFIRMATION_OK"
411,10819218878,10819218913,1,"IOTHUB_CLIENT_CONFIRMATION_OK"
412,10819219211,10819219241,1,"IOTHUB_CLIENT_CONFIRMATION_OK"
413,10819219544,10819219604,1,"IOTHUB_CLIENT_CONFIRMATION_OK"
414,10819219877,10819219907,1,"IOTHUB_CLIENT_CONFIRMATION_OK"
415,10819220210,10819220240,1,"IOTHUB_CLIENT_CONFIRMATION_OK"
416,10819220543,10819220574,1,"IOTHUB_CLIENT_CONFIRMATION_OK"
417,10819220877,10819220911,1,"IOTHUB_CLIENT_CONFIRMATION_OK"
418,10819221210,10819221257,1,"IOTHUB_CLIENT_CONFIRMATION_OK"
419,10819221543,10819221574,1,"IOTHUB_CLIENT_CONFIRMATION_OK"
420,10819221876,10819221905,1,"IOTHUB_CLIENT_CONFIRMATION_OK"
421,10819222209,10819222239,1,"IOTHUB_CLIENT_CONFIRMATION_OK"
422,10819222542,10819222582,1,"IOTHUB_CLIENT_CONFIRMATION_OK"
423,10819222876,10819222907,1,"IOTHUB_CLIENT_CONFIRMATION_OK"
424,10819223209,10819223239,1,"IOTHUB_CLIENT_CONFIRMATION_OK"
425,10819223542,10819223574,1,"IOTHUB_CLIENT_CONFIRMATION_OK"
426,10819223875,10819223908,1,"IOTHUB_CLIENT_CONFIRMATION_OK"
427,10819224208,10819224241,1,"IOTHUB_CLIENT_CONFIRMATION_OK"
428,10819224541,10819224573,1,"IOTHUB_CLIENT_CONFIRMATION_OK"
429,10819224874,10819224908,1,"IOTHUB_CLIENT_CONFIRMATION_OK"
430,10819225208,10819225236,1,"IOTHUB_CLIENT_CONFIRMATION_OK"
431,10819225541,10819225571,1,"IOTHUB_CLIENT_CONFIRMATION_OK"
432,10819225874,10819225907,1,"IOTHUB_CLIENT_CONFIRMATION_OK"
433,10819226207,10819226369,1,"IOTHUB_CLIENT_CONFIRMATION_OK"
434,10819226540,10819226574,1,"IOTHUB_CLIENT_CONFIRMATION_OK"
435,10819226873,10819226986,1,"IOTHUB_CLIENT_CONFIRMATION_OK"
436,10819227207,10819227259,1,"IOTHUB_CLIENT_CONFIRMATION_OK"
437,10819227540,10819227599,1,"IOTHUB_CLIENT_CONFIRMATION_OK"
438,10819227873,10819227907,1,"IOTHUB_CLIENT_CONFIRMATION_OK"
439,10819228206,10819228235,1,"IOTHUB_CLIENT_CONFIRMATION_OK"
440,10819228539,10819228573,1,"IOTHUB_CLIENT_CONFIRMATION_OK"
441,10819228872,10819228903,1,"IOTHUB_CLIENT_CONFIRMATION_OK"
442,10819229206,10819229238,1,"IOTHUB_CLIENT_CONFIRMATION_OK"
443,10819229539,10819229568,1,"IOTHUB_CLIENT_CONFIRMATION_OK"
444,10819229872,10819229919,1,"IOTHUB_CLIENT_CONFIRMATION_OK"
445,10819230205,10819230242,1,"IOTHUB_CLIENT_CONFIRMATION_OK"
446,10819230538,10819230665,1,"IOTHUB_CLIENT_CONFIRMATION_OK"
447,10819230871,10819230903,1,"IOTHUB_CLIENT_CONFIRMATION_OK"
448,10819231205,10819231280,1,"IOTHUB_CLIENT_CONFIRMATION_OK"
449,10819231538,10819231568,1,"IOTHUB_CLIENT_CONFIRMATION_OK"
450,10819231871,10819231908,1,"IOTHUB_CLIENT_CONFIRMATION_OK"
451,10819232204,10819232237,1,"IOTHUB_CLIENT_CONFIRMATION_OK"
452,10819232537,10819232569,1,"IOTHUB_CLIENT_CONFIRMATION_OK"
453,10819232870,10819232902,1,"IOTHUB_CLIENT_CONFIRMATION_OK"
454,10819233204,10819233236,1,"IOTHUB_CLIENT_CONFIRMATION_OK"
455,10819233537,10819233575,1,"IOTHUB_CLIENT_CONFIRMATION_OK"
456,10819233870,10819233903,1,"IOTHUB_CLIENT_CONFIRMATION_OK"
457,10819234203,10819234233,1,"IOTHUB_CLIENT_CONFIRMATION_OK"
458,10819234536,10819234569,1,"IOTHUB_CLIENT_CONFIRMATION_OK"
459,10819234869,10819234909,1,"IOTHUB_CLIENT_CONFIRMATION_OK"
460,10819235203,10819235232,1,"IOTHUB_CLIENT_CONFIRMATION_OK"
461,10819235536,10819235567,1,"IOTHUB_CLIENT_CONFIRMATION_OK"
462,10819235869,10819235902,1,"IOTHUB_CLIENT_CONFIRMATION_OK"
463,10819236202,10819236355,1,"IOTHUB_CLIENT_CONFIRMATION_OK"
464,10819236535,10819236565,1,"IOTHUB_CLIENT_CONFIRMATION_OK"
465,10819236868,10819236963,1,"IOTHUB_CLIENT_CONFIRMATION_OK"
466,10819237202,10819237236,1,"IOTHUB_CLIENT_CONFIRMATION_OK"
467,10819237535,10819237613,1,"IOTHUB_CLIENT_CONFIRMATION_OK"
468,10819237868,10819237902,1,"IOTHUB_CLIENT_CONFIRMATION_OK"
469,10819238201,10819238238,1,"IOTHUB_CLIENT_CONFIRMATION_OK"
470,10819238534,10819238649,1,"IOTHUB_CLIENT_CONFIRMATION_OK"
471,10819238868,10819238900,1,"IOTHUB_CLIENT_CONFIRMATION_OK"
472,10819239201,10819239236,1,"IOTHUB_CLIENT_CONFIRMATION_OK"
473,10819239534,10819239564,1,"IOTHUB_CLIENT_CONFIRMATION_OK"
474,10819239867,10819239898,1,"IOTHUB_CLIENT_CONFIRMATION_OK"
475,10819240200,10819240232,1,"IOTHUB_CLIENT_CONFIRMATION_OK"
476,10819240533,10819240681,1,"IOTHUB_CLIENT_CONFIRMATION_OK"
477,10819240867,10819240899,1,"IOTHUB_CLIENT_CONFIRMATION_OK"
478,10819241200,10819241291,1,"IOTHUB_CLIENT_CONFIRMATION_OK"
479,10819241533,10819241565,1,"IOTHUB_CLIENT_CONFIRMATION_OK"
480,10819241866,10819241902,1,"IOTHUB_CLIENT_CONFIRMATION_OK"
481,10819242199,10819242247,1,"IOTHUB_CLIENT_CONFIRMATION_OK"
482,10819242532,10819242564,1,"IOTHUB_CLIENT_CONFIRMATION_OK"
483,10819242866,10819242897,1,"IOTHUB_CLIENT_CONFIRMATION_OK"
484,10819243199,10819243230,1,"IOTHUB_CLIENT_CONFIRMATION_OK"
485,10819243532,10819243564,1,"IOTHUB_CLIENT_CONFIRMATION_OK"
486,10819243865,10819243897,1,"IOTHUB_CLIENT_CONFIRMATION_OK"
487,10819244198,10819244226,1,"IOTHUB_CLIENT_CONFIRMATION_OK"
488,10819244531,10819244560,1,"IOTHUB_CLIENT_CONFIRMATION_OK"
489,10819244865,10819244896,1,"IOTHUB_CLIENT_CONFIRMATION_OK"
490,10819245198,10819245228,1,"IOTHUB_CLIENT_CONFIRMATION_OK"
491,10819245531,10819245565,1,"IOTHUB_CLIENT_CONFIRMATION_OK"
492,10819245864,10819245898,1,"IOTHUB_CLIENT_CONFIRMATION_OK"
493,10819246197,10819246373,1,"IOTHUB_CLIENT_CONFIRMATION_OK"
494,10819246530,10819246564,1,"IOTHUB_CLIENT_CONFIRMATION_OK"
495,10819246864,10819246988,1,"IOTHUB_CLIENT_CONFIRMATION_OK"
496,10819247197,10819247227,1,"IOTHUB_CLIENT_CONFIRMATION_OK"
497,10819247530,10819247560,1,"IOTHUB_CLIENT_CONFIRMATION_OK"
498,10819247863,10819247910,1,"IOTHUB_CLIENT_CONFIRMATION_OK"
499,10819248196,10819248229,1,"IOTHUB_CLIENT_CONFIRMATION_OK"
500,10819248529,10819248564,1,"IOTHUB_CLIENT_CONFIRMATION_OK"
501,10819248863,10819248892,1,"IOTHUB_CLIENT_CONFIRMATION_OK"
502,10819249196,10819249227,1,"IOTHUB_CLIENT_CONFIRMATION_OK"
503,10819249529,10819249562,1,"IOTHUB_CLIENT_CONFIRMATION_OK"
504,10819249862,10819249898,1,"IOTHUB_CLIENT_CONFIRMATION_OK"
505,10819250195,10819250224,1,"IOTHUB_CLIENT_CONFIRMATION_OK"
506,10819250528,10819250578,1,"IOTHUB_CLIENT_CONFIRMATION_OK"
507,10819250862,10819250895,1,"IOTHUB_CLIENT_CONFIRMATION_OK"
508,10819251195,10819251224,1,"IOTHUB_CLIENT_CONFIRMATION_OK"
509,10819251528,10819251558,1,"IOTHUB_CLIENT_CONFIRMATION_OK"
510,10819251861,10819251890,1,"IOTHUB_CLIENT_CONFIRMATION_OK"
511,10819252194,10819252233,1,"IOTHUB_CLIENT_CONFIRMATION_OK"
512,10819252527,10819252558,1,"IOTHUB_CLIENT_CONFIRMATION_OK"
513,10819252861,10819252889,1,"IOTHUB_CLIENT_CONFIRMATION_OK"
514,10819253194,10819253223,1,"IOTHUB_CLIENT_CONFIRMATION_OK"
515,10819253527,10819253562,1,"IOTHUB_CLIENT_CONFIRMATION_OK"
516,10819253860,10819253895,1,"IOTHUB_CLIENT_CONFIRMATION_OK"
517,10819254193,10819254226,1,"IOTHUB_CLIENT_CONFIRMATION_OK"
518,10819254526,10819254556,1,"IOTHUB_CLIENT_CONFIRMATION_OK"
519,10819254860,10819254894,1,"IOTHUB_CLIENT_CONFIRMATION_OK"
520,10819255193,10819255235,1,"IOTHUB_CLIENT_CONFIRMATION_OK"
521,10819255526,10819255702,1,"IOTHUB_CLIENT_CONFIRMATION_OK"
522,10819255859,10819255888,1,"IOTHUB_CLIENT_CONFIRMATION_OK"
523,10819256192,10819256314,1,"IOTHUB_CLIENT_CONFIRMATION_OK"
524,10819256525,10819256555,1,"IOTHUB_CLIENT_CONFIRMATION_OK"
525,10819256859,10819256936,1,"IOTHUB_CLIENT_CONFIRMATION_OK"
526,10819257192,10819257225,1,"IOTHUB_CLIENT_CONFIRMATION_OK"
527,10819257525,10819257567,1,"IOTHUB_CLIENT_CONFIRMATION_OK"
528,10819257858,10819257888,1,"IOTHUB_CLIENT_CONFIRMATION_OK"
529,10819258191,10819258330,1,"IOTHUB_CLIENT_CONFIRMATION_OK"
530,10819258524,10819258556,1,"IOTHUB_CLIENT_CONFIRMATION_OK"
531,10819258858,10819258888,1,"IOTHUB_CLIENT_CONFIRMATION_OK"
532,10819259191,10819259225,1,"IOTHUB_CLIENT_CONFIRMATION_OK"
533,10819259524,10819259554,1,"IOTHUB_CLIENT_CONFIRMATION_OK"
534,10819259857,10819259892,1,"IOTHUB_CLIENT_CONFIRMATION_OK"
535,10819260190,10819260223,1,"IOTHUB_CLIENT_CONFIRMATION_OK"
536,10819260523,10819260559,1,"IOTHUB_CLIENT_CONFIRMATION_OK"
537,10819260856,10819260886,1,"IOTHUB_CLIENT_CONFIRMATION_OK"
538,10819261190,10819261220,1,"IOTHUB_CLIENT_CONFIRMATION_OK"
539,10819261523,10819261553,1,"IOTHUB_CLIENT_CONFIRMATION_OK"
540,10819261856,10819261889,1,"IOTHUB_CLIENT_CONFIRMATION_OK"
541,10819262189,10819262218,1,"IOTHUB_CLIENT_CONFIRMATION_OK"
542,10819262522,10819262567,1,"IOTHUB_CLIENT_CONFIRMATION_OK"
543,10819262855,10819262887,1,"IOTHUB_CLIENT_CONFIRMATION_OK"
544,10819263189,10819263220,1,"IOTHUB_CLIENT_CONFIRMATION_OK"
545,10819263522,10819263551,1,"IOTHUB_CLIENT_CONFIRMATION_OK"
546,10819263855,10819263886,1,"IOTHUB_CLIENT_CONFIRMATION_OK"
547,10819264188,10819264236,1,"IOTHUB_CLIENT_CONFIRMATION_OK"
548,10819264521,10819264554,1,"IOTHUB_CLIENT_CONFIRMATION_OK"
549,10819264854,10819264997,1,"IOTHUB_CLIENT_CONFIRMATION_OK"
550,10819265187,10819265226,1,"IOTHUB_CLIENT_CONFIRMATION_OK"
551,10819265521,10819265668,1,"IOTHUB_CLIENT_CONFIRMATION_OK"
552,10819265854,10819265891,1,"IOTHUB_CLIENT_CONFIRMATION_OK"
553,10819266187,10819266279,1,"IOTHUB_CLIENT_CONFIRMATION_OK"
554,10819266520,10819266552,1,"IOTHUB_CLIENT_CONFIRMATION_OK"
555,10819266853,10819266901,1,"IOTHUB_CLIENT_CONFIRMATION_OK"
556,10819267186,10819267216,1,"IOTHUB_CLIENT_CONFIRMATION_OK"
557,10819267520,10819267551,1,"IOTHUB_CLIENT_CONFIRMATION_OK"
558,10819267853,10819267887,1,"IOTHUB_CLIENT_CONFIRMATION_OK"
559,10819268186,10819268216,1,"IOTHUB_CLIENT_CONFIRMATION_OK"
560,10819268519,10819268548,1,"IOTHUB_CLIENT_CONFIRMATION_OK"
561,10819268852,10819268884,1,"IOTHUB_CLIENT_CONFIRMATION_OK"
562,10819269185,10819269238,1,"IOTHUB_CLIENT_CONFIRMATION_OK"
563,10819269519,10819269557,1,"IOTHUB_CLIENT_CONFIRMATION_OK"
564,10819269852,10819269882,1,"IOTHUB_CLIENT_CONFIRMATION_OK"
565,10819270185,10819270217,1,"IOTHUB_CLIENT_CONFIRMATION_OK"
566,10819270518,10819270547,1,"IOTHUB_CLIENT_CONFIRMATION_OK"
567,10819270851,10819270883,1,"IOTHUB_CLIENT_CONFIRMATION_OK"
568,10819271184,10819271223,1,"IOTHUB_CLIENT_CONFIRMATION_OK"
569,10819271518,10819271547,1,"IOTHUB_CLIENT_CONFIRMATION_OK"
570,10819271851,10819271885,1,"IOTHUB_CLIENT_CONFIRMATION_OK"
571,10819272184,10819272220,1,"IOTHUB_CLIENT_CONFIRMATION_OK"
572,10819272517,10819272548,1,"IOTHUB_CLIENT_CONFIRMATION_OK"
573,10819272850,10819272881,1,"IOTHUB_CLIENT_CONFIRMATION_OK"
574,10819273183,10819273216,1,"IOTHUB_CLIENT_CONFIRMATION_OK"
575,10819273517,10819273547,1,"IOTHUB_CLIENT_CONFIRMATION_OK"
576,10819273850,10819273880,1,"IOTHUB_CLIENT_CONFIRMATION_OK"
577,10819274183,10819274227,1,"IOTHUB_CLIENT_CONFIRMATION_OK"
578,10819274516,10819274547,1,"IOTHUB_CLIENT_CONFIRMATION_OK"
579,10819274849,10819275040,1,"IOTHUB_CLIENT_CONFIRMATION_OK"
580,10819275182,10819275220,1,"IOTHUB_CLIENT_CONFIRMATION_OK"
581,10819275515,10819275640,1,"IOTHUB_CLIENT_CONFIRMATION_OK"
582,10819275849,10819275880,1,"IOTHUB_CLIENT_CONFIRMATION_OK"
583,10819276182,10819276247,1,"IOTHUB_CLIENT_CONFIRMATION_OK"
584,10819276515,10819276546,1,"IOTHUB_CLIENT_CONFIRMATION_OK"
585,10819276848,10819276886,1,"IOTHUB_CLIENT_CONFIRMATION_OK"
586,10819277181,10819277215,1,"IOTHUB_CLIENT_CONFIRMATION_OK"
587,10819277514,10819277551,1,"IOTHUB_CLIENT_CONFIRMATION_OK"
588,10819277848,10819277877,1,"IOTHUB_CLIENT_CONFIRMATION_OK"
589,10819278181,10819278212,1,"IOTHUB_CLIENT_CONFIRMATION_OK"
590,10819278514,10819278544,1,"IOTHUB_CLIENT_CONFIRMATION_OK"
591,10819278847,10819278888,1,"IOTHUB_CLIENT_CONFIRMATION_OK"
592,10819279180,10819279209,1,"IOTHUB_CLIENT_CONFIRMATION_OK"
593,10819279513,10819279545,1,"IOTHUB_CLIENT_CONFIRMATION_OK"
594,10819279847,10819279905,1,"IOTHUB_CLIENT_CONFIRMATION_OK"
595,10819280180,10819280212,1,"IOTHUB_CLIENT_CONFIRMATION_OK"
596,10819280513,10819280739,1,"IOTHUB_CLIENT_CONFIRMATION_OK"
597,10819280846,10819280876,1,"IOTHUB_CLIENT_CONFIRMATION_OK"
598,10819281179,10819281217,1,"IOTHUB_CLIENT_CONFIRMATION_OK"
599,10819281512,10819281544,1,"IOTHUB_CLIENT_CONFIRMATION_OK"
600,10819281845,10819281930,1,"IOTHUB_CLIENT_CONFIRMATION_OK"
601,10819282179,10819282206,1,"IOTHUB_CLIENT_CONFIRMATION_OK"
602,10819282512,10819282546,1,"IOTHUB_CLIENT_CONFIRMATION_OK"
603,10819282845,10819282875,1,"IOTHUB_CLIENT_CONFIRMATION_OK"
604,10819283178,10819283211,1,"IOTHUB_CLIENT_CONFIRMATION_OK"
605,10819283511,10819283543,1,"IOTHUB_CLIENT_CONFIRMATION_OK"
606,10819283844,10819283873,1,"IOTHUB_CLIENT_CONFIRMATION_OK"
607,10819284178,10819284208,1,"IOTHUB_CLIENT_CONFIRMATION_OK"
608,10819284511,10819284545,1,"IOTHUB_CLIENT_CONFIRMATION_OK"
609,10819284844,10819285005,1,"IOTHUB_CLIENT_CONFIRMATION_OK"
610,10819285177,10819285208,1,"IOTHUB_CLIENT_CONFIRMATION_OK"
611,10819285510,10819285608,1,"IOTHUB_CLIENT_CONFIRMATION_OK"
612,10819285843,10819285899,1,"IOTHUB_CLIENT_CONFIRMATION_OK"
613,10819286177,10819286274,1,"IOTHUB_CLIENT_CONFIRMATION_OK"
614,10819286510,10819286543,1,"IOTHUB_CLIENT_CONFIRMATION_OK"
615,10819286843,10819286886,1,"IOTHUB_CLIENT_CONFIRMATION_OK"
616,10819287176,10819287208,1,"IOTHUB_CLIENT_CONFIRMATION_OK"
617,10819287509,10819287542,1,"IOTHUB_CLIENT_CONFIRMATION_OK"
618,10819287842,10819287874,1,"IOTHUB_CLIENT_CONFIRMATION_OK"
619,10819288175,10819288351,1,"IOTHUB_CLIENT_CONFIRMATION_OK"
620,10819288509,10819288544,1,"IOTHUB_CLIENT_CONFIRMATION_OK"
621,10819288842,10819288876,1,"IOTHUB_CLIENT_CONFIRMATION_OK"
622,10819289175,10819289236,1,"IOTHUB_CLIENT_CONFIRMATION_OK"
623,10819289508,10819289538,1,"IOTHUB_CLIENT_CONFIRMATION_OK"
624,10819289841,10819289942,1,"IOTHUB_CLIENT_CONFIRMATION_OK"
625,10819290174,10819290210,1,"IOTHUB_CLIENT_CONFIRMATION_OK"
626,10819290508,10819290546,1,"IOTHUB_CLIENT_CONFIRMATION_OK"
627,10819290841,10819290904,1,"IOTHUB_CLIENT_CONFIRMATION_OK"
628,10819291174,10819291202,1,"IOTHUB_CLIENT_CONFIRMATION_OK"
629,10819291507,10819291537,1,"IOTHUB_CLIENT_CONFIRMATION_OK"
630,10819291840,10819291869,1,"IOTHUB_CLIENT_CONFIRMATION_OK"
631,10819292173,10819292208,1,"IOTHUB_CLIENT_CONFIRMATION_OK"
632,10819292507,10819292538,1,"IOTHUB_CLIENT_CONFIRMATION_OK"
633,10819292840,10819292872,1,"IOTHUB_CLIENT_CONFIRMATION_OK"
634,10819293173,10819293203,1,"IOTHUB_CLIENT_CONFIRMATION_OK"
635,10819293506,10819293535,1,"IOTHUB_CLIENT_CONFIRMATION_OK"
636,10819293839,10819293871,1,"IOTHUB_CLIENT_CONFIRMATION_OK"
637,10819294172,10819294201,1,"IOTHUB_CLIENT_CONFIRMATION_OK"
638,10819294506,10819294537,1,"IOTHUB_CLIENT_CONFIRMATION_OK"
639,10819294839,10819295165,1,"IOTHUB_CLIENT_CONFIRMATION_OK"
640,10819295172,10819295223,1,"IOTHUB_CLIENT_CONFIRMATION_OK"
641,10819295505,10819295563,1,"IOTHUB_CLIENT_CONFIRMATION_OK"
642,10819295838,10819295869,1,"IOTHUB_CLIENT_CONFIRMATION_OK"
643,10819296171,10819296200,1,"IOTHUB_CLIENT_CONFIRMATION_OK"
644,10819296505,10819296535,1,"IOTHUB_CLIENT_CONFIRMATION_OK"
645,10819296838,10819296868,1,"IOTHUB_CLIENT_CONFIRMATION_OK"
646,10819297171,10819297203,1,"IOTHUB_CLIENT_CONFIRMATION_OK"
647,10819297504,10819297536,1,"IOTHUB_CLIENT_CONFIRMATION_OK"
648,10819297837,10819297870,1,"IOTHUB_CLIENT_CONFIRMATION_OK"
649,10819298170,10819298201,1,"IOTHUB_CLIENT_CONFIRMATION_OK"
650,10819298503,10819298535,1,"IOTHUB_CLIENT_CONFIRMATION_OK"
651,10819298837,10819298868,1,"IOTHUB_CLIENT_CONFIRMATION_OK"
652,10819299170,10819299216,1,"IOTHUB_CLIENT_CONFIRMATION_OK"
653,10819299503,10819299537,1,"IOTHUB_CLIENT_CONFIRMATION_OK"
654,10819299836,10819300030,1,"IOTHUB_CLIENT_CONFIRMATION_OK"
655,10819300169,10819300200,1,"IOTHUB_CLIENT_CONFIRMATION_OK"
656,10819300502,10819300535,1,"IOTHUB_CLIENT_CONFIRMATION_OK"
657,10819300836,10819300870,1,"IOTHUB_CLIENT_CONFIRMATION_OK"
658,10819301169,10819301197,1,"IOTHUB_CLIENT_CONFIRMATION_OK"
659,10819301502,10819301531,1,"IOTHUB_CLIENT_CONFIRMATION_OK"
660,10819301835,10819301865,1,"IOTHUB_CLIENT_CONFIRMATION_OK"
661,10819302168,10819302201,1,"IOTHUB_CLIENT_CONFIRMATION_OK"
662,10819302501,10819302530,1,"IOTHUB_CLIENT_CONFIRMATION_OK"
663,10819302835,10819302880,1,"IOTHUB_CLIENT_CONFIRMATION_OK"
664,10819303168,10819303205,1,"IOTHUB_CLIENT_CONFIRMATION_OK"
665,10819303501,10819303548,1,"IOTHUB_CLIENT_CONFIRMATION_OK"
666,10819303834,10819303912,1,"IOTHUB_CLIENT_CONFIRMATION_OK"
667,10819304167,10819304279,1,"IOTHUB_CLIENT_CONFIRMATION_OK"
668,10819304500,10819304644,1,"IOTHUB_CLIENT_CONFIRMATION_OK"
669,10819304834,10819304916,1,"IOTHUB_CLIENT_CONFIRMATION_OK"
670,10819305167,10819305214,1,"IOTHUB_CLIENT_CONFIRMATION_OK"
671,10819305500,10819305531,1,"IOTHUB_CLIENT_CONFIRMATION_OK"
672,10819305833,10819305863,1,"IOTHUB_CLIENT_CONFIRMATION_OK"
673,10819306166,10819306199,1,"IOTHUB_CLIENT_CONFIRMATION_OK"
674,10819306499,10819306537,1,"IOTHUB_CLIENT_CONFIRMATION_OK"
675,10819306833,10819306876,1,"IOTHUB_CLIENT_CONFIRMATION_OK"
676,10819307166,10819307196,1,"IOTHUB_CLIENT_CONFIRMATION_OK"
677,10819307499,10819307527,1,"IOTHUB_CLIENT_CONFIRMATION_OK"
678,10819307832,10819307864,1,"IOTHUB_CLIENT_CONFIRMATION_OK"
679,10819308165,10819308197,1,"IOTHUB_CLIENT_CONFIRMATION_OK"
680,10819308498,10819308532,1,"IOTHUB_CLIENT_CONFIRMATION_OK"
681,10819308832,10819308864,1,"IOTHUB_CLIENT_CONFIRMATION_OK"
682,10819309165,10819309216,1,"IOTHUB_CLIENT_CONFIRMATION_OK"
683,10819309498,10819309527,1,"IOTHUB_CLIENT_CONFIRMATION_OK"
684,10819309831,10819309864,1,"IOTHUB_CLIENT_CONFIRMATION_OK"
685,10819310164,10819310195,1,"IOTHUB_CLIENT_CONFIRMATION_OK"
686,10819310497,10819310530,1,"IOTHUB_CLIENT_CONFIRMATION_OK"
687,10819310830,10819310861,1,"IOTHUB_CLIENT_CONFIRMATION_OK"
688,10819311164,10819311196,1,"IOTHUB_CLIENT_CONFIRMATION_OK"
689,10819311497,10819311528,1,"IOTHUB_CLIENT_CONFIRMATION_OK"
690,10819311830,10819311859,1,"IOTHUB_CLIENT_CONFIRMATION_OK"
691,10819312163,10819312193,1,"IOTHUB_CLIENT_CONFIRMATION_OK"
692,10819312496,10819312531,1,"IOTHUB_CLIENT_CONFIRMATION_OK"
693,10819312829,10819312863,1,"IOTHUB_CLIENT_CONFIRMATION_OK"
694,10819313163,10819313202,1,"IOTHUB_CLIENT_CONFIRMATION_OK"
695,10819313496,10819313527,1,"IOTHUB_CLIENT_CONFIRMATION_OK"
696,10819313829,10819313858,1,"IOTHUB_CLIENT_CONFIRMATION_OK"
697,10819314162,10819314305,1,"IOTHUB_CLIENT_CONFIRMATION_OK"
698,10819314495,10819314530,1,"IOTHUB_CLIENT_CONFIRMATION_OK"
699,10819314828,10819314911,1,"IOTHUB_CLIENT_CONFIRMATION_OK"
700,10819315162,10819315192,1,"IOTHUB_CLIENT_CONFIRMATION_OK"
701,10819315495,10819315536,1,"IOTHUB_CLIENT_CONFIRMATION_OK"
702,10819315828,10819315917,1,"IOTHUB_CLIENT_CONFIRMATION_OK"
703,10819316161,10819316192,1,"IOTHUB_CLIENT_CONFIRMATION_OK"
704,10819316494,10819316524,1,"IOTHUB_CLIENT_CONFIRMATION_OK"
705,10819316827,10819316858,1,"IOTHUB_CLIENT_CONFIRMATION_OK"
706,10819317161,10819317193,1,"IOTHUB_CLIENT_CONFIRMATION_OK"
707,10819317494,10819317525,1,"IOTHUB_CLIENT_CONFIRMATION_OK"
708,10819317827,10819317859,1,"IOTHUB_CLIENT_CONFIRMATION_OK"
709,10819318160,10819318188,1,"IOTHUB_CLIENT_CONFIRMATION_OK"
710,10819318493,10819318523,1,"IOTHUB_CLIENT_CONFIRMATION_OK"
711,10819318826,10819318858,1,"IOTHUB_CLIENT_CONFIRMATION_OK"
712,10819319160,10819319208,1,"IOTHUB_CLIENT_CONFIRMATION_OK"
713,10819319493,10819319524,1,"IOTHUB_CLIENT_CONFIRMATION_OK"
714,10819319826,10819319891,1,"IOTHUB_CLIENT_CONFIRMATION_OK"
715,10819320159,10819320188,1,"IOTHUB_CLIENT_CONFIRMATION_OK"
716,10819320492,10819320532,1,"IOTHUB_CLIENT_CONFIRMATION_OK"
717,10819320825,10819320859,1,"IOTHUB_CLIENT_CONFIRMATION_OK"
718,10819321159,10819321189,1,"IOTHUB_CLIENT_CONFIRMATION_OK"
719,10819321492,10819321521,1,"IOTHUB_CLIENT_CONFIRMATION_OK"
720,10819321825,10819321854,1,"IOTHUB_CLIENT_CONFIRMATION_OK"
721,10819322158,10819322192,1,"IOTHUB_CLIENT_CONFIRMATION_OK"
722,10819322491,10819322521,1,"IOTHUB_CLIENT_CONFIRMATION_OK"
723,10819322824,10819322854,1,"IOTHUB_CLIENT_CONFIRMATION_OK"
724,10819323158,10819323188,1,"IOTHUB_CLIENT_CONFIRMATION_OK"
725,10819323491,10819323521,1,"IOTHUB_CLIENT_CONFIRMATION_OK"
726,10819323824,10819323855,1,"IOTHUB_CLIENT_CONFIRMATION_OK"
727,10819324157,10819324297,1,"IOTHUB_CLIENT_CONFIRMATION_OK"
728,10819324490,10819324520,1,"IOTHUB_CLIENT_CONFIRMATION_OK"
729,10819324823,10819324907,1,"IOTHUB_CLIENT_CONFIRMATION_OK"
730,10819325157,10819325192,1,"IOTHUB_CLIENT_CONFIRMATION_OK"
731,10819325490,10819325526,1,"IOTHUB_CLIENT_CONFIRMATION_OK"
732,10819325823,10819325855,1,"IOTHUB_CLIENT_CONFIRMATION_OK"
733,10819326156,10819326188,1,"IOTHUB_CLIENT_CONFIRMATION_OK"
734,10819326489,10819326521,1,"IOTHUB_CLIENT_CONFIRMATION_OK"
735,10819326822,10819326858,1,"IOTHUB_CLIENT_CONFIRMATION_OK"
736,10819327156,10819327188,1,"IOTHUB_CLIENT_CONFIRMATION_OK"
737,10819327489,10819327518,1,"IOTHUB_CLIENT_CONFIRMATION_OK"
738,10819327822,10819327854,1,"IOTHUB_CLIENT_CONFIRMATION_OK"
739,10819328155,10819328188,1,"IOTHUB_CLIENT_CONFIRMATION_OK"
740,10819328488,10819328516,1,"IOTHUB_CLIENT_CONFIRMATION_OK"
741,10819328821,10819328856,1,"IOTHUB_CLIENT_CONFIRMATION_OK"
742,10819329154,10819329229,1,"IOTHUB_CLIENT_CONFIRMATION_OK"
743,10819329488,10819329519,1,"IOTHUB_CLIENT_CONFIRMATION_OK"
744,10819329821,10819329855,1,"IOTHUB_CLIENT_CONFIRMATION_OK"
745,10819330154,10819330183,1,"IOTHUB_CLIENT_CONFIRMATION_OK"
746,10819330487,10819330526,1,"IOTHUB_CLIENT_CONFIRMATION_OK"
747,10819330820,10819330853,1,"IOTHUB_CLIENT_CONFIRMATION_OK"
748,10819331153,10819331182,1,"IOTHUB_CLIENT_CONFIRMATION_OK"
749,10819331487,10819331525,1,"IOTHUB_CLIENT_CONFIRMATION_OK"
750,10819331820,10819331853,1,"IOTHUB_CLIENT_CONFIRMATION_OK"
751,10819332153,10819332183,1,"IOTHUB_CLIENT_CONFIRMATION_OK"
752,10819332486,10819332521,1,"IOTHUB_CLIENT_CONFIRMATION_OK"
753,10819332819,10819332851,1,"IOTHUB_CLIENT_CONFIRMATION_OK"
754,10819333152,10819333210,1,"IOTHUB_CLIENT_CONFIRMATION_OK"
755,10819333486,10819333517,1,"IOTHUB_CLIENT_CONFIRMATION_OK"
756,10819333819,10819333857,1,"IOTHUB_CLIENT_CONFIRMATION_OK"
757,10819334152,10819334300,1,"IOTHUB_CLIENT_CONFIRMATION_OK"
758,10819334485,10819334522,1,"IOTHUB_CLIENT_CONFIRMATION_OK"
759,10819334818,10819334910,1,"IOTHUB_CLIENT_CONFIRMATION_OK"
760,10819335151,10819335184,1,"IOTHUB_CLIENT_CONFIRMATION_OK"
761,10819335485,10819335561,1,"IOTHUB_CLIENT_CONFIRMATION_OK"
762,10819335818,10819335853,1,"IOTHUB_CLIENT_CONFIRMATION_OK"
763,10819336151,10819336276,1,"IOTHUB_CLIENT_CONFIRMATION_OK"
764,10819336484,10819336521,1,"IOTHUB_CLIENT_CONFIRMATION_OK"
765,10819336817,10819336847,1,"IOTHUB_CLIENT_CONFIRMATION_OK"
766,10819337150,10819337179,1,"IOTHUB_CLIENT_CONFIRMATION_OK"
767,10819337484,10819337513,1,"IOTHUB_CLIENT_CONFIRMATION_OK"
768,10819337817,10819337846,1,"IOTHUB_CLIENT_CONFIRMATION_OK"
769,10819338150,10819338186,1,"IOTHUB_CLIENT_CONFIRMATION_OK"
770,10819338483,10819338520,1,"IOTHUB_CLIENT_CONFIRMATION_OK"
771,10819338816,10819338850,1,"IOTHUB_CLIENT_CONFIRMATION_OK"
772,10819339149,10819339331,1,"IOTHUB_CLIENT_CONFIRMATION_OK"
773,10819339483,10819339515,1,"IOTHUB_CLIENT_CONFIRMATION_OK"
774,10819339816,10819339939,1,"IOTHUB_CLIENT_CONFIRMATION_OK"
775,10819340149,10819340182,1,"IOTHUB_CLIENT_CONFIRMATION_OK"
776,10819340482,10819340552,1,"IOTHUB_CLIENT_CONFIRMATION_OK"
777,10819340815,10819340852,1,"IOTHUB_CLIENT_CONFIRMATION_OK"
778,10819341148,10819341176,1,"IOTHUB_CLIENT_CONFIRMATION_OK"
779,10819341482,10819341516,1,"IOTHUB_CLIENT_CONFIRMATION_OK"
780,10819341815,10819341856,1,"IOTHUB_CLIENT_CONFIRMATION_OK"
781,10819342148,10819342177,1,"IOTHUB_CLIENT_CONFIRMATION_OK"
782,10819342481,10819342509,1,"IOTHUB_CLIENT_CONFIRMATION_OK"
783,10819342814,10819342850,1,"IOTHUB_CLIENT_CONFIRMATION_OK"
784,10819343147,10819343184,1,"IOTHUB_CLIENT_CONFIRMATION_OK"
785,10819343480,10819343585,1,"IOTHUB_CLIENT_CONFIRMATION_OK"
786,10819343814,10819343845,1,"IOTHUB_CLIENT_CONFIRMATION_OK"
787,10819344147,10819344197,1,"IOTHUB_CLIENT_CONFIRMATION_OK"
788,10819344480,10819344511,1,"IOTHUB_CLIENT_CONFIRMATION_OK"
789,10819344813,10819344850,1,"IOTHUB_CLIENT_CONFIRMATION_OK"
790,10819345146,10819345179,1,"IOTHUB_CLIENT_CONFIRMATION_OK"
791,10819345479,10819345644,1,"IOTHUB_CLIENT_CONFIRMATION_OK"
792,10819345813,10819345843,1,"IOTHUB_CLIENT_CONFIRMATION_OK"
793,10819346146,10819346176,1,"IOTHUB_CLIENT_CONFIRMATION_OK"
794,10819346479,10819346511,1,"IOTHUB_CLIENT_CONFIRMATION_OK"
795,10819346812,10819346844,1,"IOTHUB_CLIENT_CONFIRMATION_OK"
796,10819347145,10819347176,1,"IOTHUB_CLIENT_CONFIRMATION_OK"
797,10819347478,10819347510,1,"IOTHUB_CLIENT_CONFIRMATION_OK"
798,10819347812,10819347846,1,"IOTHUB_CLIENT_CONFIRMATION_OK"
799,10819348145,10819348177,1,"IOTHUB_CLIENT_CONFIRMATION_OK"
800,10819348478,10819348695,1,"IOTHUB_CLIENT_CONFIRMATION_OK"
801,10819348811,10819348840,1,"IOTHUB_CLIENT_CONFIRMATION_OK"
802,10819349144,10819349292,1,"IOTHUB_CLIENT_CONFIRMATION_OK"
803,10819349477,10819349505,1,"IOTHUB_CLIENT_CONFIRMATION_OK"
804,10819349810,10819349907,1,"IOTHUB_CLIENT_CONFIRMATION_OK"
805,10819350144,10819350177,1,"IOTHUB_CLIENT_CONFIRMATION_OK"
806,10819350477,10819350516,1,"IOTHUB_CLIENT_CONFIRMATION_OK"
807,10819350810,10819350843,1,"IOTHUB_CLIENT_CONFIRMATION_OK"
808,10819351143,10819351177,1,"IOTHUB_CLIENT_CONFIRMATION_OK"
809,10819351476,10819351507,1,"IOTHUB_CLIENT_CONFIRMATION_OK"
810,10819351809,10819351840,1,"IOTHUB_CLIENT_CONFIRMATION_OK"
811,10819352143,10819352172,1,"IOTHUB_CLIENT_CONFIRMATION_OK"
812,10819352476,10819352507,1,"IOTHUB_CLIENT_CONFIRMATION_OK"
813,10819352809,10819352843,1,"IOTHUB_CLIENT_CONFIRMATION_OK"
814,10819353142,10819353173,1,"IOTHUB_CLIENT_CONFIRMATION_OK"
815,10819353475,10819353562,1,"IOTHUB_CLIENT_CONFIRMATION_OK"
816,10819353808,10819353869,1,"IOTHUB_CLIENT_CONFIRMATION_OK"
817,10819354142,10819354170,1,"IOTHUB_CLIENT_CONFIRMATION_OK"
818,10819354475,10819354509,1,"IOTHUB_CLIENT_CONFIRMATION_OK"
819,10819354808,10819354840,1,"IOTHUB_CLIENT_CONFIRMATION_OK"
820,10819355141,10819355284,1,"IOTHUB_CLIENT_CONFIRMATION_OK"
821,10819355474,10819355548,1,"IOTHUB_CLIENT_CONFIRMATION_OK"
822,10819355807,10819355836,1,"IOTHUB_CLIENT_CONFIRMATION_OK"
823,10819356141,10819356173,1,"IOTHUB_CLIENT_CONFIRMATION_OK"
824,10819356474,10819356506,1,"IOTHUB_CLIENT_CONFIRMATION_OK"
825,10819356807,10819356838,1,"IOTHUB_CLIENT_CONFIRMATION_OK"
826,10819357140,10819357183,1,"IOTHUB_CLIENT_CONFIRMATION_OK"
827,10819357473,10819357502,1,"IOTHUB_CLIENT_CONFIRMATION_OK"
828,10819357806,10819357839,1,"IOTHUB_CLIENT_CONFIRMATION_OK"
829,10819358140,10819358171,1,"IOTHUB_CLIENT_CONFIRMATION_OK"
830,10819358473,10819358548,1,"IOTHUB_CLIENT_CONFIRMATION_OK"
831,10819358806,10819358837,1,"IOTHUB_CLIENT_CONFIRMATION_OK"
832,10819359139,10819359169,1,"IOTHUB_CLIENT_CONFIRMATION_OK"
833,10819359472,10819359501,1,"IOTHUB_CLIENT_CONFIRMATION_OK"
834,10819359805,10819359843,1,"IOTHUB_CLIENT_CONFIRMATION_OK"
835,10819360138,10819360166,1,"IOTHUB_CLIENT_CONFIRMATION_OK"
836,10819360472,10819360517,1,"IOTHUB_CLIENT_CONFIRMATION_OK"
837,10819360805,10819360832,1,"IOTHUB_CLIENT_CONFIRMATION_OK"
838,10819361138,10819361166,1,"IOTHUB_CLIENT_CONFIRMATION_OK"
839,10819361471,10819361501,1,"IOTHUB_CLIENT_CONFIRMATION_OK"
840,10819361804,10819361837,1,"IOTHUB_CLIENT_CONFIRMATION_OK"
841,10819362137,10819362167,1,"IOTHUB_CLIENT_CONFIRMATION_OK"
842,10819362470,10819362519,1,"IOTHUB_CLIENT_CONFIRMATION_OK"
843,10819362804,10819362843,1,"IOTHUB_CLIENT_CONFIRMATION_OK"
844,10819363137,10819363210,1,"IOTHUB_CLIENT_CONFIRMATION_OK"
845,10819363470,10819363759,1,"IOTHUB_CLIENT_CONFIRMATION_OK"
846,10819363803,10819363834,1,"IOTHUB_CLIENT_CONFIRMATION_OK"
847,10819364136,10819364168,1,"IOTHUB_CLIENT_CONFIRMATION_OK"
848,10819364469,10819364501,1,"IOTHUB_CLIENT_CONFIRMATION_OK"
849,10819364803,10819364843,1,"IOTHUB_CLIENT_CONFIRMATION_OK"
850,10819365136,10819365171,1,"IOTHUB_CLIENT_CONFIRMATION_OK"
851,10819365469,10819365500,1,"IOTHUB_CLIENT_CONFIRMATION_OK"
852,10819365802,10819365837,1,"IOTHUB_CLIENT_CONFIRMATION_OK"
853,10819366135,10819366163,1,"IOTHUB_CLIENT_CONFIRMATION_OK"
854,10819366468,10819366524,1,"IOTHUB_CLIENT_CONFIRMATION_OK"
855,10819366802,10819366832,1,"IOTHUB_CLIENT_CONFIRMATION_OK"
856,10819367135,10819367163,1,"IOTHUB_CLIENT_CONFIRMATION_OK"
857,10819367468,10819367502,1,"IOTHUB_CLIENT_CONFIRMATION_OK"
858,10819367801,10819367833,1,"IOTHUB_CLIENT_CONFIRMATION_OK"
859,10819368134,10819368177,1,"IOTHUB_CLIENT_CONFIRMATION_OK"
860,10819368467,10819368678,1,"IOTHUB_CLIENT_CONFIRMATION_OK"
861,10819368800,10819368951,1,"IOTHUB_CLIENT_CONFIRMATION_OK"
862,10819369134,10819369163,1,"IOTHUB_CLIENT_CONFIRMATION_OK"
863,10819369467,10819369512,1,"IOTHUB_CLIENT_CONFIRMATION_OK"
864,10819369800,10819369838,1,"IOTHUB_CLIENT_CONFIRMATION_OK"
865,10819370133,10819370166,1,"IOTHUB_CLIENT_CONFIRMATION_OK"
866,10819370466,10819370500,1,"IOTHUB_CLIENT_CONFIRMATION_OK"
867,10819370799,10819370838,1,"IOTHUB_CLIENT_CONFIRMATION_OK"
868,10819371133,10819371174,1,"IOTHUB_CLIENT_CONFIRMATION_OK"
869,10819371466,10819371499,1,"IOTHUB_CLIENT_CONFIRMATION_OK"
870,10819371799,10819371830,1,"IOTHUB_CLIENT_CONFIRMATION_OK"
871,10819372132,10819372162,1,"IOTHUB_CLIENT_CONFIRMATION_OK"
872,10819372465,10819372498,1,"IOTHUB_CLIENT_CONFIRMATION_OK"
873,10819372798,10819372849,1,"IOTHUB_CLIENT_CONFIRMATION_OK"
874,10819373132,10819373164,1,"IOTHUB_CLIENT_CONFIRMATION_OK"
875,10819373465,10819373497,1,"IOTHUB_CLIENT_CONFIRMATION_OK"
876,10819373798,10819373838,1,"IOTHUB_CLIENT_CONFIRMATION_OK"
877,10819374131,10819374163,1,"IOTHUB_CLIENT_CONFIRMATION_OK"
878,10819374464,10819374497,1,"IOTHUB_CLIENT_CONFIRMATION_OK"
879,10819374797,10819374826,1,"IOTHUB_CLIENT_CONFIRMATION_OK"
880,10819375130,10819375168,1,"IOTHUB_CLIENT_CONFIRMATION_OK"
881,10819375464,10819375493,1,"IOTHUB_CLIENT_CONFIRMATION_OK"
882,10819375797,10819375826,1,"IOTHUB_CLIENT_CONFIRMATION_OK"
883,10819376130,10819376162,1,"IOTHUB_CLIENT_CONFIRMATION_OK"
884,10819376463,10819376491,1,"IOTHUB_CLIENT_CONFIRMATION_OK"
885,10819376796,10819376829,1,"IOTHUB_CLIENT_CONFIRMATION_OK"
886,10819377129,10819377157,1,"IOTHUB_CLIENT_CONFIRMATION_OK"
887,10819377463,10819377505,1,"IOTHUB_CLIENT_CONFIRMATION_OK"
888,10819377796,10819377938,1,"IOTHUB_CLIENT_CONFIRMATION_OK"
889,10819378129,10819378157,1,"IOTHUB_CLIENT_CONFIRMATION_OK"
890,10819378462,10819378550,1,"IOTHUB_CLIENT_CONFIRMATION_OK"
891,10819378795,10819378826,1,"IOTHUB_CLIENT_CONFIRMATION_OK"
892,10819379128,10819379165,1,"IOTHUB_CLIENT_CONFIRMATION_OK"
893,10819379462,10819379492,1,"IOTHUB_CLIENT_CONFIRMATION_OK"
894,10819379795,10819379827,1,"IOTHUB_CLIENT_CONFIRMATION_OK"
895,10819380128,10819380157,1,"IOTHUB_CLIENT_CONFIRMATION_OK"
896,10819380461,10819380498,1,"IOTHUB_CLIENT_CONFIRMATION_OK"
897,10819380794,10819380824,1,"IOTHUB_CLIENT_CONFIRMATION_OK"
898,10819381127,10819381159,1,"IOTHUB_CLIENT_CONFIRMATION_OK"
899,10819381460,10819381491,1,"IOTHUB_CLIENT_CONFIRMATION_OK"
