Message ID,Send Time,Receive Time,Status,Error
0,10815826986,10815827232,1,"IOTHUB_CLIENT_CONFIRMATION_OK"
1,10815827319,10815827375,1,"IOTHUB_CLIENT_CONFIRMATION_OK"
2,10815827653,10815827688,1,"IOTHUB_CLIENT_CONFIRMATION_OK"
3,10815827986,10815828025,1,"IOTHUB_CLIENT_CONFIRMATION_OK"
4,10815828319,10815828453,1,"IOTHUB_CLIENT_CONFIRMATION_OK"
5,10815828652,10815828690,1,"IOTHUB_CLIENT_CONFIRMATION_OK"
6,10815828985,10815829017,1,"IOTHUB_CLIENT_CONFIRMATION_OK"
7,10815829318,10815829352,1,"IOTHUB_CLIENT_CONFIRMATION_OK"
8,10815829651,10815829683,1,"IOTHUB_CLIENT_CONFIRMATION_OK"
9,10815829985,10815830015,1,"IOTHUB_CLIENT_CONFIRMATION_OK"
10,10815830318,10815830353,1,"IOTHUB_CLIENT_CONFIRMATION_OK"
11,10815830651,10815830686,1,"IOTHUB_CLIENT_CONFIRMATION_OK"
12,10815830984,10815831015,1,"IOTHUB_CLIENT_CONFIRMATION_OK"
13,10815831317,10815831346,1,"IOTHUB_CLIENT_CONFIRMATION_OK"
14,10815831650,10815831687,1,"IOTHUB_CLIENT_CONFIRMATION_OK"
15,10815831984,10815832012,1,"IOTHUB_CLIENT_CONFIRMATION_OK"
16,10815832317,10815832354,1,"IOTHUB_CLIENT_CONFIRMATION_OK"
17,10815832650,10815832682,1,"IOTHUB_CLIENT_CONFIRMATION_OK"
18,10815832983,10815833015,1,"IOTHUB_CLIENT_CONFIRMATION_OK"
19,10815833316,10815833348,1,"IOTHUB_CLIENT_CONFIRMATION_OK"
20,10815833649,10815833766,1,"IOTHUB_CLIENT_CONFIRMATION_OK"
21,10815833983,10815834021,1,"IOTHUB_CLIENT_CONFIRMATION_OK"
22,10815834316,10815834347,1,"IOTHUB_CLIENT_CONFIRMATION_OK"
23,10815834649,10815834688,1,"IOTHUB_CLIENT_CONFIRMATION_OK"
24,10815834982,10815835015,1,"IOTHUB_CLIENT_CONFIRMATION_OK"
25,10815835315,10815835346,1,"IOTHUB_CLIENT_CONFIRMATION_OK"
26,10815835648,10815835683,1,"IOTHUB_CLIENT_CONFIRMATION_OK"
27,10815835982,10815836022,1,"IOTHUB_CLIENT_CONFIRMATION_OK"
28,10815836315,10815836355,1,"IOTHUB_CLIENT_CONFIRMATION_OK"
29,10815836648,10815836676,1,"IOTHUB_CLIENT_CONFIRMATION_OK"
30,10815836981,10815837011,1,"IOTHUB_CLIENT_CONFIRMATION_OK"
31,10815837314,10815837346,1,"IOTHUB_CLIENT_CONFIRMATION_OK"
32,10815837647,10815837680,1,"IOTHUB_CLIENT_CONFIRMATION_OK"
33,10815837980,10815838021,1,"IOTHUB_CLIENT_CONFIRMATION_OK"
34,10815838314,10815838345,1,"IOTHUB_CLIENT_CONFIRMATION_OK"
35,10815838647,10815838686,1,"IOTHUB_CLIENT_CONFIRMATION_OK"
36,10815838980,10815839010,1,"IOTHUB_CLIENT_CONFIRMATION_OK"
37,10815839313,10815839343,1,"IOTHUB_CLIENT_CONFIRMATION_OK"
38,10815839646,10815839678,1,"IOTHUB_CLIENT_CONFIRMATION_OK"
39,10815839979,10815840010,1,"IOTHUB_CLIENT_CONFIRMATION_OK"
40,10815840313,10815840342,1,"IOTHUB_CLIENT_CONFIRMATION_OK"
41,10815840646,10815840743,1,"IOTHUB_CLIENT_CONFIRMATION_OK"
42,10815840979,10815841014,1,"IOTHUB_CLIENT_CONFIRMATION_OK"
43,10815841312,10815841361,1,"IOTHUB_CLIENT_CONFIRMATION_OK"
44,10815841645,10815841680,1,"IOTHUB_CLIENT_CONFIRMATION_OK"
45,10815841978,10815842011,1,"IOTHUB_CLIENT_CONFIRMATION_OK"
46,10815842311,10815842354,1,"IOTHUB_CLIENT_CONFIRMATION_OK"
47,10815842645,10815842674,1,"IOTHUB_CLIENT_CONFIRMATION_OK"
48,10815842978,10815843012,1,"IOTHUB_CLIENT_CONFIRMATION_OK"
49,10815843311,10815843341,1,"IOTHUB_CLIENT_CONFIRMATION_OK"
50,10815843644,10815843806,1,"IOTHUB_CLIENT_CONFIRMATION_OK"
51,10815843977,10815844056,1,"IOTHUB_CLIENT_CONFIRMATION_OK"
52,10815844310,10815844346,1,"IOTHUB_CLIENT_CONFIRMATION_OK"
53,10815844644,10815844691,1,"IOTHUB_CLIENT_CONFIRMATION_OK"
54,10815844977,10815845009,1,"IOTHUB_CLIENT_CONFIRMATION_OK"
55,10815845310,10815845340,1,"IOTHUB_CLIENT_CONFIRMATION_OK"
56,10815845643,10815845675,1,"IOTHUB_CLIENT_CONFIRMATION_OK"
57,10815845976,10815846060,1,"IOTHUB_CLIENT_CONFIRMATION_OK"
58,10815846309,10815846342,1,"IOTHUB_CLIENT_CONFIRMATION_OK"
59,10815846643,10815846671,1,"IOTHUB_CLIENT_CONFIRMATION_OK"
60,10815846976,10815847011,1,"IOTHUB_CLIENT_CONFIRMATION_OK"
61,10815847309,10815847340,1,"IOTHUB_CLIENT_CONFIRMATION_OK"
62,10815847642,10815847702,1,"IOTHUB_CLIENT_CONFIRMATION_OK"
63,10815847975,10815848014,1,"IOTHUB_CLIENT_CONFIRMATION_OK"
64,10815848308,10815848353,1,"IOTHUB_CLIENT_CONFIRMATION_OK"
65,10815848642,10815848672,1,"IOTHUB_CLIENT_CONFIRMATION_OK"
66,10815848975,10815849018,1,"IOTHUB_CLIENT_CONFIRMATION_OK"
67,10815849308,10815849340,1,"IOTHUB_CLIENT_CONFIRMATION_OK"
68,10815849641,10815849672,1,"IOTHUB_CLIENT_CONFIRMATION_OK"
69,10815849974,10815850026,1,"IOTHUB_CLIENT_CONFIRMATION_OK"
70,10815850307,10815850345,1,"IOTHUB_CLIENT_CONFIRMATION_OK"
71,10815850641,10815850673,1,"IOTHUB_CLIENT_CONFIRMATION_OK"
72,10815850974,10815851049,1,"IOTHUB_CLIENT_CONFIRMATION_OK"
73,10815851307,10815851341,1,"IOTHUB_CLIENT_CONFIRMATION_OK"
74,10815851640,10815851688,1,"IOTHUB_CLIENT_CONFIRMATION_OK"
75,10815851973,10815852004,1,"IOTHUB_CLIENT_CONFIRMATION_OK"
76,10815852306,10815852343,1,"IOTHUB_CLIENT_CONFIRMATION_OK"
77,10815852640,10815852669,1,"IOTHUB_CLIENT_CONFIRMATION_OK"
78,10815852973,10815853004,1,"IOTHUB_CLIENT_CONFIRMATION_OK"
79,10815853306,10815853341,1,"IOTHUB_CLIENT_CONFIRMATION_OK"
80,10815853639,10815853697,1,"IOTHUB_CLIENT_CONFIRMATION_OK"
81,10815853972,10815854003,1,"IOTHUB_CLIENT_CONFIRMATION_OK"
82,10815854305,10815854336,1,"IOTHUB_CLIENT_CONFIRMATION_OK"
83,10815854638,10815854669,1,"IOTHUB_CLIENT_CONFIRMATION_OK"
84,10815854972,10815855039,1,"IOTHUB_CLIENT_CONFIRMATION_OK"
85,10815855305,10815855344,1,"IOTHUB_CLIENT_CONFIRMATION_OK"
86,10815855638,10815855666,1,"IOTHUB_CLIENT_CONFIRMATION_OK"
87,10815855971,10815856138,1,"IOTHUB_CLIENT_CONFIRMATION_OK"
88,10815856304,10815856344,1,"IOTHUB_CLIENT_CONFIRMATION_OK"
89,10815856637,10815856671,1,"IOTHUB_CLIENT_CONFIRMATION_OK"
90,10815856971,10815857007,1,"IOTHUB_CLIENT_CONFIRMATION_OK"
91,10815857304,10815857345,1,"IOTHUB_CLIENT_CONFIRMATION_OK"
92,10815857637,10815857668,1,"IOTHUB_CLIENT_CONFIRMATION_OK"
93,10815857970,10815858004,1,"IOTHUB_CLIENT_CONFIRMATION_OK"
94,10815858303,10815858388,1,"IOTHUB_CLIENT_CONFIRMATION_OK"
95,10815858636,10815858742,1,"IOTHUB_CLIENT_CONFIRMATION_OK"
96,10815858970,10815858999,1,"IOTHUB_CLIENT_CONFIRMATION_OK"
97,10815859303,10815859347,1,"IOTHUB_CLIENT_CONFIRMATION_OK"
98,10815859636,10815859670,1,"IOTHUB_CLIENT_CONFIRMATION_OK"
99,10815859969,10815860031,1,"IOTHUB_CLIENT_CONFIRMATION_OK"
100,10815860302,10815860340,1,"IOTHUB_CLIENT_CONFIRMATION_OK"
101,10815860635,10815860681,1,"IOTHUB_CLIENT_CONFIRMATION_OK"
102,10815860968,10815861008,1,"IOTHUB_CLIENT_CONFIRMATION_OK"
103,10815861302,10815861334,1,"IOTHUB_CLIENT_CONFIRMATION_OK"
104,10815861635,10815861673,1,"IOTHUB_CLIENT_CONFIRMATION_OK"
105,10815861968,10815861997,1,"IOTHUB_CLIENT_CONFIRMATION_OK"
106,10815862301,10815862348,1,"IOTHUB_CLIENT_CONFIRMATION_OK"
107,10815862634,10815862666,1,"IOTHUB_CLIENT_CONFIRMATION_OK"
108,10815862967,10815862999,1,"IOTHUB_CLIENT_CONFIRMATION_OK"
109,10815863301,10815863339,1,"IOTHUB_CLIENT_CONFIRMATION_OK"
110,10815863634,10815863721,1,"IOTHUB_CLIENT_CONFIRMATION_OK"
111,10815863967,10815864095,1,"IOTHUB_CLIENT_CONFIRMATION_OK"
112,10815864300,10815864330,1,"IOTHUB_CLIENT_CONFIRMATION_OK"
113,10815864633,10815864670,1,"IOTHUB_CLIENT_CONFIRMATION_OK"
114,10815864966,10815865004,1,"IOTHUB_CLIENT_CONFIRMATION_OK"
115,10815865300,10815865347,1,"IOTHUB_CLIENT_CONFIRMATION_OK"
116,10815865633,10815865663,1,"IOTHUB_CLIENT_CONFIRMATION_OK"
117,10815865966,10815865999,1,"IOTHUB_CLIENT_CONFIRMATION_OK"
118,10815866299,10815866351,1,"IOTHUB_CLIENT_CONFIRMATION_OK"
119,10815866632,10815866698,1,"IOTHUB_CLIENT_CONFIRMATION_OK"
120,10815866965,10815867024,1,"IOTHUB_CLIENT_CONFIRMATION_OK"
121,10815867299,10815867329,1,"IOTHUB_CLIENT_CONFIRMATION_OK"
122,10815867632,10815867681,1,"IOTHUB_CLIENT_CONFIRMATION_OK"
123,10815867965,10815867995,1,"IOTHUB_CLIENT_CONFIRMATION_OK"
124,10815868298,10815868389,1,"IOTHUB_CLIENT_CONFIRMATION_OK"
125,10815868631,10815868663,1,"IOTHUB_CLIENT_CONFIRMATION_OK"
126,10815868964,10815869005,1,"IOTHUB_CLIENT_CONFIRMATION_OK"
127,10815869298,10815869334,1,"IOTHUB_CLIENT_CONFIRMATION_OK"
128,10815869631,10815869659,1,"IOTHUB_CLIENT_CONFIRMATION_OK"
129,10815869964,10815869996,1,"IOTHUB_CLIENT_CONFIRMATION_OK"
130,10815870297,10815870330,1,"IOTHUB_CLIENT_CONFIRMATION_OK"
131,10815870630,10815870666,1,"IOTHUB_CLIENT_CONFIRMATION_OK"
132,10815870963,10815870993,1,"IOTHUB_CLIENT_CONFIRMATION_OK"
133,10815871296,10815871331,1,"IOTHUB_CLIENT_CONFIRMATION_OK"
134,10815871630,10815871663,1,"IOTHUB_CLIENT_CONFIRMATION_OK"
135,10815871963,10815871995,1,"IOTHUB_CLIENT_CONFIRMATION_OK"
136,10815872296,10815872420,1,"IOTHUB_CLIENT_CONFIRMATION_OK"
137,10815872629,10815872658,1,"IOTHUB_CLIENT_CONFIRMATION_OK"
138,10815872962,10815873022,1,"IOTHUB_CLIENT_CONFIRMATION_OK"
139,10815873295,10815873353,1,"IOTHUB_CLIENT_CONFIRMATION_OK"
140,10815873629,10815873660,1,"IOTHUB_CLIENT_CONFIRMATION_OK"
141,10815873962,10815873995,1,"IOTHUB_CLIENT_CONFIRMATION_OK"
142,10815874295,10815874329,1,"IOTHUB_CLIENT_CONFIRMATION_OK"
143,10815874628,10815874669,1,"IOTHUB_CLIENT_CONFIRMATION_OK"
144,10815874961,10815874996,1,"IOTHUB_CLIENT_CONFIRMATION_OK"
145,10815875294,10815875327,1,"IOTHUB_CLIENT_CONFIRMATION_OK"
146,10815875628,10815875657,1,"IOTHUB_CLIENT_CONFIRMATION_OK"
147,10815875961,10815876087,1,"IOTHUB_CLIENT_CONFIRMATION_OK"
148,10815876294,10815876329,1,"IOTHUB_CLIENT_CONFIRMATION_OK"
149,10815876627,10815876674,1,"IOTHUB_CLIENT_CONFIRMATION_OK"
150,10815876960,10815876998,1,"IOTHUB_CLIENT_CONFIRMATION_OK"
151,10815877293,10815877323,1,"IOTHUB_CLIENT_CONFIRMATION_OK"
152,10815877626,10815877658,1,"IOTHUB_CLIENT_CONFIRMATION_OK"
153,10815877960,10815877991,1,"IOTHUB_CLIENT_CONFIRMATION_OK"
154,10815878293,10815878343,1,"IOTHUB_CLIENT_CONFIRMATION_OK"
155,10815878626,10815878659,1,"IOTHUB_CLIENT_CONFIRMATION_OK"
156,10815878959,10815878990,1,"IOTHUB_CLIENT_CONFIRMATION_OK"
157,10815879292,10815879502,1,"IOTHUB_CLIENT_CONFIRMATION_OK"
158,10815879625,10815879658,1,"IOTHUB_CLIENT_CONFIRMATION_OK"
159,10815879958,10815879994,1,"IOTHUB_CLIENT_CONFIRMATION_OK"
160,10815880292,10815880325,1,"IOTHUB_CLIENT_CONFIRMATION_OK"
161,10815880625,10815880655,1,"IOTHUB_CLIENT_CONFIRMATION_OK"
162,10815880958,10815880991,1,"IOTHUB_CLIENT_CONFIRMATION_OK"
163,10815881291,10815881321,1,"IOTHUB_CLIENT_CONFIRMATION_OK"
164,10815881624,10815881653,1,"IOTHUB_CLIENT_CONFIRMATION_OK"
165,10815881957,10815881988,1,"IOTHUB_CLIENT_CONFIRMATION_OK"
166,10815882291,10815882322,1,"IOTHUB_CLIENT_CONFIRMATION_OK"
167,10815882624,10815882659,1,"IOTHUB_CLIENT_CONFIRMATION_OK"
168,10815882957,10815882994,1,"IOTHUB_CLIENT_CONFIRMATION_OK"
169,10815883290,10815883324,1,"IOTHUB_CLIENT_CONFIRMATION_OK"
170,10815883623,10815883720,1,"IOTHUB_CLIENT_CONFIRMATION_OK"
171,10815883956,10815883987,1,"IOTHUB_CLIENT_CONFIRMATION_OK"
172,10815884290,10815884317,1,"IOTHUB_CLIENT_CONFIRMATION_OK"
173,10815884623,10815884652,1,"IOTHUB_CLIENT_CONFIRMATION_OK"
174,10815884956,10815884986,1,"IOTHUB_CLIENT_CONFIRMATION_OK"
175,10815885289,10815885333,1,"IOTHUB_CLIENT_CONFIRMATION_OK"
176,10815885622,10815885663,1,"IOTHUB_CLIENT_CONFIRMATION_OK"
177,10815885955,10815885988,1,"IOTHUB_CLIENT_CONFIRMATION_OK"
178,10815886289,10815886321,1,"IOTHUB_CLIENT_CONFIRMATION_OK"
179,10815886622,10815886652,1,"IOTHUB_CLIENT_CONFIRMATION_OK"
180,10815886955,10815886984,1,"IOTHUB_CLIENT_CONFIRMATION_OK"
181,10815887288,10815887318,1,"IOTHUB_CLIENT_CONFIRMATION_OK"
182,10815887621,10815887658,1,"IOTHUB_CLIENT_CONFIRMATION_OK"
183,10815887954,10815887985,1,"IOTHUB_CLIENT_CONFIRMATION_OK"
184,10815888288,10815888368,1,"IOTHUB_CLIENT_CONFIRMATION_OK"
185,10815888621,10815888651,1,"IOTHUB_CLIENT_CONFIRMATION_OK"
186,10815888954,10815888988,1,"IOTHUB_CLIENT_CONFIRMATION_OK"
187,10815889287,10815889330,1,"IOTHUB_CLIENT_CONFIRMATION_OK"
188,10815889620,10815889657,1,"IOTHUB_CLIENT_CONFIRMATION_OK"
189,10815889953,10815889993,1,"IOTHUB_CLIENT_CONFIRMATION_OK"
190,10815890287,10815890319,1,"IOTHUB_CLIENT_CONFIRMATION_OK"
191,10815890620,10815890653,1,"IOTHUB_CLIENT_CONFIRMATION_OK"
192,10815890953,10815890984,1,"IOTHUB_CLIENT_CONFIRMATION_OK"
193,10815891286,10815891331,1,"IOTHUB_CLIENT_CONFIRMATION_OK"
194,10815891619,10815891666,1,"IOTHUB_CLIENT_CONFIRMATION_OK"
195,10815891952,10815891982,1,"IOTHUB_CLIENT_CONFIRMATION_OK"
196,10815892285,10815892315,1,"IOTHUB_CLIENT_CONFIRMATION_OK"
197,10815892619,10815892650,1,"IOTHUB_CLIENT_CONFIRMATION_OK"
198,10815892952,10815892987,1,"IOTHUB_CLIENT_CONFIRMATION_OK"
199,10815893285,10815893313,1,"IOTHUB_CLIENT_CONFIRMATION_OK"
200,10815893618,10815893694,1,"IOTHUB_CLIENT_CONFIRMATION_OK"
201,10815893951,10815894017,1,"IOTHUB_CLIENT_CONFIRMATION_OK"
202,10815894284,10815894315,1,"IOTHUB_CLIENT_CONFIRMATION_OK"
203,10815894618,10815894646,1,"IOTHUB_CLIENT_CONFIRMATION_OK"
204,10815894951,10815895029,1,"IOTHUB_CLIENT_CONFIRMATION_OK"
205,10815895284,10815895325,1,"IOTHUB_CLIENT_CONFIRMATION_OK"
206,10815895617,10815895650,1,"IOTHUB_CLIENT_CONFIRMATION_OK"
207,10815895950,10815895981,1,"IOTHUB_CLIENT_CONFIRMATION_OK"
208,10815896283,10815896337,1,"IOTHUB_CLIENT_CONFIRMATION_OK"
209,10815896617,10815896648,1,"IOTHUB_CLIENT_CONFIRMATION_OK"
210,10815896950,10815896982,1,"IOTHUB_CLIENT_CONFIRMATION_OK"
211,10815897283,10815897315,1,"IOTHUB_CLIENT_CONFIRMATION_OK"
212,10815897616,10815897650,1,"IOTHUB_CLIENT_CONFIRMATION_OK"
213,10815897949,10815897985,1,"IOTHUB_CLIENT_CONFIRMATION_OK"
214,10815898282,10815898378,1,"IOTHUB_CLIENT_CONFIRMATION_OK"
215,10815898615,10815898646,1,"IOTHUB_CLIENT_CONFIRMATION_OK"
216,10815898949,10815898978,1,"IOTHUB_CLIENT_CONFIRMATION_OK"
217,10815899282,10815899314,1,"IOTHUB_CLIENT_CONFIRMATION_OK"
218,10815899615,10815899652,1,"IOTHUB_CLIENT_CONFIRMATION_OK"
219,10815899948,10815899977,1,"IOTHUB_CLIENT_CONFIRMATION_OK"
220,10815900281,10815900311,1,"IOTHUB_CLIENT_CONFIRMATION_OK"
221,10815900614,10815900671,1,"IOTHUB_CLIENT_CONFIRMATION_OK"
222,10815900948,10815900979,1,"IOTHUB_CLIENT_CONFIRMATION_OK"
223,10815901281,10815901311,1,"IOTHUB_CLIENT_CONFIRMATION_OK"
224,10815901614,10815901643,1,"IOTHUB_CLIENT_CONFIRMATION_OK"
225,10815901947,10815901980,1,"IOTHUB_CLIENT_CONFIRMATION_OK"
226,10815902280,10815902316,1,"IOTHUB_CLIENT_CONFIRMATION_OK"
227,10815902613,10815902645,1,"IOTHUB_CLIENT_CONFIRMATION_OK"
228,10815902947,10815902978,1,"IOTHUB_CLIENT_CONFIRMATION_OK"
229,10815903280,10815903346,1,"IOTHUB_CLIENT_CONFIRMATION_OK"
230,10815903613,10815903705,1,"IOTHUB_CLIENT_CONFIRMATION_OK"
231,10815903946,10815903975,1,"IOTHUB_CLIENT_CONFIRMATION_OK"
232,10815904279,10815904313,1,"IOTHUB_CLIENT_CONFIRMATION_OK"
233,10815904612,10815904645,1,"IOTHUB_CLIENT_CONFIRMATION_OK"
234,10815904946,10815904976,1,"IOTHUB_CLIENT_CONFIRMATION_OK"
235,10815905279,10815905410,1,"IOTHUB_CLIENT_CONFIRMATION_OK"
236,10815905612,10815905645,1,"IOTHUB_CLIENT_CONFIRMATION_OK"
237,10815905945,10815906005,1,"IOTHUB_CLIENT_CONFIRMATION_OK"
238,10815906278,10815906307,1,"IOTHUB_CLIENT_CONFIRMATION_OK"
239,10815906611,10815906641,1,"IOTHUB_CLIENT_CONFIRMATION_OK"
240,10815906944,10815906979,1,"IOTHUB_CLIENT_CONFIRMATION_OK"
241,10815907278,10815907309,1,"IOTHUB_CLIENT_CONFIRMATION_OK"
242,10815907611,10815907641,1,"IOTHUB_CLIENT_CONFIRMATION_OK"
243,10815907944,10815907975,1,"IOTHUB_CLIENT_CONFIRMATION_OK"
244,10815908277,10815908316,1,"IOTHUB_CLIENT_CONFIRMATION_OK"
245,10815908610,10815908641,1,"IOTHUB_CLIENT_CONFIRMATION_OK"
246,10815908943,10815908989,1,"IOTHUB_CLIENT_CONFIRMATION_OK"
247,10815909277,10815909306,1,"IOTHUB_CLIENT_CONFIRMATION_OK"
248,10815909610,10815909640,1,"IOTHUB_CLIENT_CONFIRMATION_OK"
249,10815909943,10815909975,1,"IOTHUB_CLIENT_CONFIRMATION_OK"
250,10815910276,10815910323,1,"IOTHUB_CLIENT_CONFIRMATION_OK"
251,10815910609,10815910644,1,"IOTHUB_CLIENT_CONFIRMATION_OK"
252,10815910942,10815910978,1,"IOTHUB_CLIENT_CONFIRMATION_OK"
253,10815911276,10815911309,1,"IOTHUB_CLIENT_CONFIRMATION_OK"
254,10815911609,10815911640,1,"IOTHUB_CLIENT_CONFIRMATION_OK"
255,10815911942,10815911980,1,"IOTHUB_CLIENT_CONFIRMATION_OK"
256,10815912275,10815912354,1,"IOTHUB_CLIENT_CONFIRMATION_OK"
257,10815912608,10815912642,1,"IOTHUB_CLIENT_CONFIRMATION_OK"
258,10815912941,10815912977,1,"IOTHUB_CLIENT_CONFIRMATION_OK"
259,10815913275,10815913306,1,"IOTHUB_CLIENT_CONFIRMATION_OK"
260,10815913608,10815913664,1,"IOTHUB_CLIENT_CONFIRMATION_OK"
261,10815913941,10815913974,1,"IOTHUB_CLIENT_CONFIRMATION_OK"
262,10815914274,10815914368,1,"IOTHUB_CLIENT_CONFIRMATION_OK"
263,10815914607,10815914792,1,"IOTHUB_CLIENT_CONFIRMATION_OK"
264,10815914940,10815914972,1,"IOTHUB_CLIENT_CONFIRMATION_OK"
265,10815915273,10815915309,1,"IOTHUB_CLIENT_CONFIRMATION_OK"
266,10815915607,10815915636,1,"IOTHUB_CLIENT_CONFIRMATION_OK"
267,10815915940,10815916105,1,"IOTHUB_CLIENT_CONFIRMATION_OK"
268,10815916273,10815916304,1,"IOTHUB_CLIENT_CONFIRMATION_OK"
269,10815916606,10815916662,1,"IOTHUB_CLIENT_CONFIRMATION_OK"
270,10815916939,10815916968,1,"IOTHUB_CLIENT_CONFIRMATION_OK"
271,10815917272,10815917308,1,"IOTHUB_CLIENT_CONFIRMATION_OK"
272,10815917606,10815917637,1,"IOTHUB_CLIENT_CONFIRMATION_OK"
273,10815917939,10815917970,1,"IOTHUB_CLIENT_CONFIRMATION_OK"
274,10815918272,10815918339,1,"IOTHUB_CLIENT_CONFIRMATION_OK"
275,10815918605,10815918666,1,"IOTHUB_CLIENT_CONFIRMATION_OK"
276,10815918938,10815918967,1,"IOTHUB_CLIENT_CONFIRMATION_OK"
277,10815919271,10815919304,1,"IOTHUB_CLIENT_CONFIRMATION_OK"
278,10815919604,10815919635,1,"IOTHUB_CLIENT_CONFIRMATION_OK"
279,10815919938,10815919983,1,"IOTHUB_CLIENT_CONFIRMATION_OK"
280,10815920271,10815920302,1,"IOTHUB_CLIENT_CONFIRMATION_OK"
281,10815920604,10815920634,1,"IOTHUB_CLIENT_CONFIRMATION_OK"
282,10815920937,10815920974,1,"IOTHUB_CLIENT_CONFIRMATION_OK"
283,10815921270,10815921302,1,"IOTHUB_CLIENT_CONFIRMATION_OK"
284,10815921603,10815921631,1,"IOTHUB_CLIENT_CONFIRMATION_OK"
285,10815921937,10815921966,1,"IOTHUB_CLIENT_CONFIRMATION_OK"
286,10815922270,10815922301,1,"IOTHUB_CLIENT_CONFIRMATION_OK"
287,10815922603,10815922637,1,"IOTHUB_CLIENT_CONFIRMATION_OK"
288,10815922936,10815923019,1,"IOTHUB_CLIENT_CONFIRMATION_OK"
289,10815923269,10815923302,1,"IOTHUB_CLIENT_CONFIRMATION_OK"
290,10815923602,10815923632,1,"IOTHUB_CLIENT_CONFIRMATION_OK"
291,10815923936,10815923991,1,"IOTHUB_CLIENT_CONFIRMATION_OK"
292,10815924269,10815924302,1,"IOTHUB_CLIENT_CONFIRMATION_OK"
293,10815924602,10815924635,1,"IOTHUB_CLIENT_CONFIRMATION_OK"
294,10815924935,10815924974,1,"IOTHUB_CLIENT_CONFIRMATION_OK"
295,10815925268,10815925303,1,"IOTHUB_CLIENT_CONFIRMATION_OK"
296,10815925601,10815925631,1,"IOTHUB_CLIENT_CONFIRMATION_OK"
297,10815925934,10815926096,1,"IOTHUB_CLIENT_CONFIRMATION_OK"
298,10815926268,10815926319,1,"IOTHUB_CLIENT_CONFIRMATION_OK"
299,10815926601,10815926632,1,"IOTHUB_CLIENT_CONFIRMATION_OK"
300,10815926934,10815926990,1,"IOTHUB_CLIENT_CONFIRMATION_OK"
301,10815927267,10815927299,1,"IOTHUB_CLIENT_CONFIRMATION_OK"
302,10815927600,10815927634,1,"IOTHUB_CLIENT_CONFIRMATION_OK"
303,10815927933,10815927989,1,"IOTHUB_CLIENT_CONFIRMATION_OK"
304,10815928267,10815928299,1,"IOTHUB_CLIENT_CONFIRMATION_OK"
305,10815928600,10815928633,1,"IOTHUB_CLIENT_CONFIRMATION_OK"
306,10815928933,10815928963,1,"IOTHUB_CLIENT_CONFIRMATION_OK"
307,10815929266,10815929297,1,"IOTHUB_CLIENT_CONFIRMATION_OK"
308,10815929599,10815929632,1,"IOTHUB_CLIENT_CONFIRMATION_OK"
309,10815929932,10815929969,1,"IOTHUB_CLIENT_CONFIRMATION_OK"
310,10815930265,10815930308,1,"IOTHUB_CLIENT_CONFIRMATION_OK"
311,10815930599,10815930678,1,"IOTHUB_CLIENT_CONFIRMATION_OK"
312,10815930932,10815930969,1,"IOTHUB_CLIENT_CONFIRMATION_OK"
313,10815931265,10815931295,1,"IOTHUB_CLIENT_CONFIRMATION_OK"
314,10815931598,10815931634,1,"IOTHUB_CLIENT_CONFIRMATION_OK"
315,10815931931,10815931966,1,"IOTHUB_CLIENT_CONFIRMATION_OK"
316,10815932264,10815932297,1,"IOTHUB_CLIENT_CONFIRMATION_OK"
317,10815932598,10815932632,1,"IOTHUB_CLIENT_CONFIRMATION_OK"
318,10815932931,10815932963,1,"IOTHUB_CLIENT_CONFIRMATION_OK"
319,10815933264,10815933299,1,"IOTHUB_CLIENT_CONFIRMATION_OK"
320,10815933597,10815933745,1,"IOTHUB_CLIENT_CONFIRMATION_OK"
321,10815933930,10815933962,1,"IOTHUB_CLIENT_CONFIRMATION_OK"
322,10815934263,10815934293,1,"IOTHUB_CLIENT_CONFIRMATION_OK"
323,10815934597,10815934630,1,"IOTHUB_CLIENT_CONFIRMATION_OK"
324,10815934930,10815934974,1,"IOTHUB_CLIENT_CONFIRMATION_OK"
325,10815935263,10815935294,1,"IOTHUB_CLIENT_CONFIRMATION_OK"
326,10815935596,10815935627,1,"IOTHUB_CLIENT_CONFIRMATION_OK"
327,10815935929,10815935998,1,"IOTHUB_CLIENT_CONFIRMATION_OK"
328,10815936262,10815936295,1,"IOTHUB_CLIENT_CONFIRMATION_OK"
329,10815936596,10815936629,1,"IOTHUB_CLIENT_CONFIRMATION_OK"
330,10815936929,10815936971,1,"IOTHUB_CLIENT_CONFIRMATION_OK"
331,10815937262,10815937296,1,"IOTHUB_CLIENT_CONFIRMATION_OK"
332,10815937595,10815937638,1,"IOTHUB_CLIENT_CONFIRMATION_OK"
333,10815937928,10815937975,1,"IOTHUB_CLIENT_CONFIRMATION_OK"
334,10815938261,10815938295,1,"IOTHUB_CLIENT_CONFIRMATION_OK"
335,10815938595,10815938623,1,"IOTHUB_CLIENT_CONFIRMATION_OK"
336,10815938928,10815938961,1,"IOTHUB_CLIENT_CONFIRMATION_OK"
337,10815939261,10815939292,1,"IOTHUB_CLIENT_CONFIRMATION_OK"
338,10815939594,10815939626,1,"IOTHUB_CLIENT_CONFIRMATION_OK"
339,10815939927,10815939958,1,"IOTHUB_CLIENT_CONFIRMATION_OK"
340,10815940260,10815940293,1,"IOTHUB_CLIENT_CONFIRMATION_OK"
341,10815940593,10815940636,1,"IOTHUB_CLIENT_CONFIRMATION_OK"
342,10815940927,10815940955,1,"IOTHUB_CLIENT_CONFIRMATION_OK"
343,10815941260,10815941293,1,"IOTHUB_CLIENT_CONFIRMATION_OK"
344,10815941593,10815941628,1,"IOTHUB_CLIENT_CONFIRMATION_OK"
345,10815941926,10815941961,1,"IOTHUB_CLIENT_CONFIRMATION_OK"
346,10815942259,10815942290,1,"IOTHUB_CLIENT_CONFIRMATION_OK"
347,10815942592,10815942623,1,"IOTHUB_CLIENT_CONFIRMATION_OK"
348,10815942926,10815942989,1,"IOTHUB_CLIENT_CONFIRMATION_OK"
349,10815943259,10815943294,1,"IOTHUB_CLIENT_CONFIRMATION_OK"
350,10815943592,10815943621,1,"IOTHUB_CLIENT_CONFIRMATION_OK"
351,10815943925,10815943958,1,"IOTHUB_CLIENT_CONFIRMATION_OK"
352,10815944258,10815944288,1,"IOTHUB_CLIENT_CONFIRMATION_OK"
353,10815944591,10815944631,1,"IOTHUB_CLIENT_CONFIRMATION_OK"
354,10815944925,10815944959,1,"IOTHUB_CLIENT_CONFIRMATION_OK"
355,10815945258,10815945335,1,"IOTHUB_CLIENT_CONFIRMATION_OK"
356,10815945591,10815945623,1,"IOTHUB_CLIENT_CONFIRMATION_OK"
357,10815945924,10815946051,1,"IOTHUB_CLIENT_CONFIRMATION_OK"
358,10815946257,10815946312,1,"IOTHUB_CLIENT_CONFIRMATION_OK"
359,10815946590,10815946622,1,"IOTHUB_CLIENT_CONFIRMATION_OK"
360,10815946924,10815946955,1,"IOTHUB_CLIENT_CONFIRMATION_OK"
361,10815947257,10815947300,1,"IOTHUB_CLIENT_CONFIRMATION_OK"
362,10815947590,10815947623,1,"IOTHUB_CLIENT_CONFIRMATION_OK"
363,10815947923,10815947955,1,"IOTHUB_CLIENT_CONFIRMATION_OK"
364,10815948256,10815948330,1,"IOTHUB_CLIENT_CONFIRMATION_OK"
365,10815948589,10815948625,1,"IOTHUB_CLIENT_CONFIRMATION_OK"
366,10815948923,10815948958,1,"IOTHUB_CLIENT_CONFIRMATION_OK"
367,10815949256,10815949415,1,"IOTHUB_CLIENT_CONFIRMATION_OK"
368,10815949589,10815949622,1,"IOTHUB_CLIENT_CONFIRMATION_OK"
369,10815949922,10815949953,1,"IOTHUB_CLIENT_CONFIRMATION_OK"
370,10815950255,10815950293,1,"IOTHUB_CLIENT_CONFIRMATION_OK"
371,10815950588,10815950662,1,"IOTHUB_CLIENT_CONFIRMATION_OK"
372,10815950921,10815950954,1,"IOTHUB_CLIENT_CONFIRMATION_OK"
373,10815951255,10815951298,1,"IOTHUB_CLIENT_CONFIRMATION_OK"
374,10815951588,10815951620,1,"IOTHUB_CLIENT_CONFIRMATION_OK"
375,10815951921,10815951984,1,"IOTHUB_CLIENT_CONFIRMATION_OK"
376,10815952254,10815952285,1,"IOTHUB_CLIENT_CONFIRMATION_OK"
377,10815952587,10815952623,1,"IOTHUB_CLIENT_CONFIRMATION_OK"
378,10815952920,10815952954,1,"IOTHUB_CLIENT_CONFIRMATION_OK"
379,10815953254,10815953283,1,"IOTHUB_CLIENT_CONFIRMATION_OK"
380,10815953587,10815953828,1,"IOTHUB_CLIENT_CONFIRMATION_OK"
381,10815953920,10815953952,1,"IOTHUB_CLIENT_CONFIRMATION_OK"
382,10815954253,10815954295,1,"IOTHUB_CLIENT_CONFIRMATION_OK"
383,10815954586,10815954632,1,"IOTHUB_CLIENT_CONFIRMATION_OK"
384,10815954919,10815954949,1,"IOTHUB_CLIENT_CONFIRMATION_OK"
385,10815955252,10815955295,1,"IOTHUB_CLIENT_CONFIRMATION_OK"
386,10815955586,10815955617,1,"IOTHUB_CLIENT_CONFIRMATION_OK"
387,10815955919,10815956046,1,"IOTHUB_CLIENT_CONFIRMATION_OK"
388,10815956252,10815956299,1,"IOTHUB_CLIENT_CONFIRMATION_OK"
389,10815956585,10815956628,1,"IOTHUB_CLIENT_CONFIRMATION_OK"
390,10815956918,10815956972,1,"IOTHUB_CLIENT_CONFIRMATION_OK"
391,10815957251,10815957281,1,"IOTHUB_CLIENT_CONFIRMATION_OK"
392,10815957585,10815957630,1,"IOTHUB_CLIENT_CONFIRMATION_OK"
393,10815957918,10815957958,1,"IOTHUB_CLIENT_CONFIRMATION_OK"
394,10815958251,10815958300,1,"IOTHUB_CLIENT_CONFIRMATION_OK"
395,10815958584,10815958634,1,"IOTHUB_CLIENT_CONFIRMATION_OK"
396,10815958917,10815958948,1,"IOTHUB_CLIENT_CONFIRMATION_OK"
397,10815959250,10815959282,1,"IOTHUB_CLIENT_CONFIRMATION_OK"
398,10815959584,10815959616,1,"IOTHUB_CLIENT_CONFIRMATION_OK"
399,10815959917,10815959955,1,"IOTHUB_CLIENT_CONFIRMATION_OK"
400,10815960250,10815960281,1,"IOTHUB_CLIENT_CONFIRMATION_OK"
401,10815960583,10815960637,1,"IOTHUB_CLIENT_CONFIRMATION_OK"
402,10815960916,10815960949,1,"IOTHUB_CLIENT_CONFIRMATION_OK"
403,10815961249,10815961292,1,"IOTHUB_CLIENT_CONFIRMATION_OK"
404,10815961582,10815961615,1,"IOTHUB_CLIENT_CONFIRMATION_OK"
405,10815961916,10815961957,1,"IOTHUB_CLIENT_CONFIRMATION_OK"
406,10815962249,10815962301,1,"IOTHUB_CLIENT_CONFIRMATION_OK"
407,10815962582,10815962715,1,"IOTHUB_CLIENT_CONFIRMATION_OK"
408,10815962915,10815962978,1,"IOTHUB_CLIENT_CONFIRMATION_OK"
409,10815963248,10815963281,1,"IOTHUB_CLIENT_CONFIRMATION_OK"
410,10815963581,10815963621,1,"IOTHUB_CLIENT_CONFIRMATION_OK"
411,10815963915,10815963949,1,"IOTHUB_CLIENT_CONFIRMATION_OK"
412,10815964248,10815964286,1,"IOTHUB_CLIENT_CONFIRMATION_OK"
413,10815964581,10815964613,1,"IOTHUB_CLIENT_CONFIRMATION_OK"
414,10815964914,10815964949,1,"IOTHUB_CLIENT_CONFIRMATION_OK"
415,10815965247,10815965284,1,"IOTHUB_CLIENT_CONFIRMATION_OK"
416,10815965580,10815965632,1,"IOTHUB_CLIENT_CONFIRMATION_OK"
417,10815965914,10815966094,1,"IOTHUB_CLIENT_CONFIRMATION_OK"
418,10815966247,10815966278,1,"IOTHUB_CLIENT_CONFIRMATION_OK"
419,10815966580,10815966619,1,"IOTHUB_CLIENT_CONFIRMATION_OK"
420,10815966913,10815966943,1,"IOTHUB_CLIENT_CONFIRMATION_OK"
421,10815967246,10815967281,1,"IOTHUB_CLIENT_CONFIRMATION_OK"
422,10815967579,10815967623,1,"IOTHUB_CLIENT_CONFIRMATION_OK"
423,10815967912,10815967949,1,"IOTHUB_CLIENT_CONFIRMATION_OK"
424,10815968246,10815968321,1,"IOTHUB_CLIENT_CONFIRMATION_OK"
425,10815968579,10815968613,1,"IOTHUB_CLIENT_CONFIRMATION_OK"
426,10815968912,10815968946,1,"IOTHUB_CLIENT_CONFIRMATION_OK"
427,10815969245,10815969323,1,"IOTHUB_CLIENT_CONFIRMATION_OK"
428,10815969578,10815969615,1,"IOTHUB_CLIENT_CONFIRMATION_OK"
429,10815969911,10815969965,1,"IOTHUB_CLIENT_CONFIRMATION_OK"
430,10815970245,10815970573,1,"IOTHUB_CLIENT_CONFIRMATION_OK"
431,10815970578,10815970614,1,"IOTHUB_CLIENT_CONFIRMATION_OK"
432,10815970911,10815970957,1,"IOTHUB_CLIENT_CONFIRMATION_OK"
433,10815971244,10815971276,1,"IOTHUB_CLIENT_CONFIRMATION_OK"
434,10815971577,10815971613,1,"IOTHUB_CLIENT_CONFIRMATION_OK"
435,10815971910,10815971943,1,"IOTHUB_CLIENT_CONFIRMATION_OK"
436,10815972244,10815972278,1,"IOTHUB_CLIENT_CONFIRMATION_OK"
437,10815972577,10815972611,1,"IOTHUB_CLIENT_CONFIRMATION_OK"
438,10815972910,10815972942,1,"IOTHUB_CLIENT_CONFIRMATION_OK"
439,10815973243,10815973274,1,"IOTHUB_CLIENT_CONFIRMATION_OK"
440,10815973576,10815973632,1,"IOTHUB_CLIENT_CONFIRMATION_OK"
441,10815973909,10815973943,1,"IOTHUB_CLIENT_CONFIRMATION_OK"
442,10815974242,10815974290,1,"IOTHUB_CLIENT_CONFIRMATION_OK"
443,10815974576,10815974608,1,"IOTHUB_CLIENT_CONFIRMATION_OK"
444,10815974909,10815974941,1,"IOTHUB_CLIENT_CONFIRMATION_OK"
445,10815975242,10815975275,1,"IOTHUB_CLIENT_CONFIRMATION_OK"
446,10815975575,10815975617,1,"IOTHUB_CLIENT_CONFIRMATION_OK"
447,10815975908,10815976068,1,"IOTHUB_CLIENT_CONFIRMATION_OK"
448,10815976241,10815976269,1,"IOTHUB_CLIENT_CONFIRMATION_OK"
449,10815976575,10815976656,1,"IOTHUB_CLIENT_CONFIRMATION_OK"
450,10815976908,10815976940,1,"IOTHUB_CLIENT_CONFIRMATION_OK"
451,10815977241,10815977273,1,"IOTHUB_CLIENT_CONFIRMATION_OK"
452,10815977574,10815977677,1,"IOTHUB_CLIENT_CONFIRMATION_OK"
453,10815977907,10815977945,1,"IOTHUB_CLIENT_CONFIRMATION_OK"
454,10815978240,10815978333,1,"IOTHUB_CLIENT_CONFIRMATION_OK"
455,10815978573,10815978628,1,"IOTHUB_CLIENT_CONFIRMATION_OK"
456,10815978907,10815978937,1,"IOTHUB_CLIENT_CONFIRMATION_OK"
457,10815979240,10815979317,1,"IOTHUB_CLIENT_CONFIRMATION_OK"
458,10815979573,10815979608,1,"IOTHUB_CLIENT_CONFIRMATION_OK"
459,10815979906,10815979956,1,"IOTHUB_CLIENT_CONFIRMATION_OK"
460,10815980239,10815980271,1,"IOTHUB_CLIENT_CONFIRMATION_OK"
461,10815980572,10815980604,1,"IOTHUB_CLIENT_CONFIRMATION_OK"
462,10815980905,10815980963,1,"IOTHUB_CLIENT_CONFIRMATION_OK"
463,10815981239,10815981270,1,"IOTHUB_CLIENT_CONFIRMATION_OK"
464,10815981572,10815981606,1,"IOTHUB_CLIENT_CONFIRMATION_OK"
465,10815981905,10815981958,1,"IOTHUB_CLIENT_CONFIRMATION_OK"
466,10815982238,10815982277,1,"IOTHUB_CLIENT_CONFIRMATION_OK"
467,10815982571,10815982605,1,"IOTHUB_CLIENT_CONFIRMATION_OK"
468,10815982904,10815983003,1,"IOTHUB_CLIENT_CONFIRMATION_OK"
469,10815983238,10815983356,1,"IOTHUB_CLIENT_CONFIRMATION_OK"
470,10815983571,10815983619,1,"IOTHUB_CLIENT_CONFIRMATION_OK"
471,10815983904,10815983941,1,"IOTHUB_CLIENT_CONFIRMATION_OK"
472,10815984237,10815984286,1,"IOTHUB_CLIENT_CONFIRMATION_OK"
473,10815984570,10815984602,1,"IOTHUB_CLIENT_CONFIRMATION_OK"
474,10815984903,10815984996,1,"IOTHUB_CLIENT_CONFIRMATION_OK"
475,10815985237,10815985275,1,"IOTHUB_CLIENT_CONFIRMATION_OK"
476,10815985570,10815985601,1,"IOTHUB_CLIENT_CONFIRMATION_OK"
477,10815985903,10815985950,1,"IOTHUB_CLIENT_CONFIRMATION_OK"
478,10815986236,10815986268,1,"IOTHUB_CLIENT_CONFIRMATION_OK"
479,10815986569,10815986607,1,"IOTHUB_CLIENT_CONFIRMATION_OK"
480,10815986902,10815986938,1,"IOTHUB_CLIENT_CONFIRMATION_OK"
481,10815987235,10815987270,1,"IOTHUB_CLIENT_CONFIRMATION_OK"
482,10815987569,10815987603,1,"IOTHUB_CLIENT_CONFIRMATION_OK"
483,10815987902,10815987980,1,"IOTHUB_CLIENT_CONFIRMATION_OK"
484,10815988235,10815988351,1,"IOTHUB_CLIENT_CONFIRMATION_OK"
485,10815988568,10815988600,1,"IOTHUB_CLIENT_CONFIRMATION_OK"
486,10815988901,10815988944,1,"IOTHUB_CLIENT_CONFIRMATION_OK"
487,10815989234,10815989265,1,"IOTHUB_CLIENT_CONFIRMATION_OK"
488,10815989568,10815989599,1,"IOTHUB_CLIENT_CONFIRMATION_OK"
489,10815989901,10815989933,1,"IOTHUB_CLIENT_CONFIRMATION_OK"
490,10815990234,10815990265,1,"IOTHUB_CLIENT_CONFIRMATION_OK"
491,10815990567,10815990608,1,"IOTHUB_CLIENT_CONFIRMATION_OK"
492,10815990900,10815990935,1,"IOTHUB_CLIENT_CONFIRMATION_OK"
493,10815991233,10815991266,1,"IOTHUB_CLIENT_CONFIRMATION_OK"
494,10815991567,10815991602,1,"IOTHUB_CLIENT_CONFIRMATION_OK"
495,10815991900,10815991936,1,"IOTHUB_CLIENT_CONFIRMATION_OK"
496,10815992233,10815992264,1,"IOTHUB_CLIENT_CONFIRMATION_OK"
497,10815992566,10815992600,1,"IOTHUB_CLIENT_CONFIRMATION_OK"
498,10815992899,10815992963,1,"IOTHUB_CLIENT_CONFIRMATION_OK"
499,10815993232,10815993264,1,"IOTHUB_CLIENT_CONFIRMATION_OK"
500,10815993565,10815993644,1,"IOTHUB_CLIENT_CONFIRMATION_OK"
501,10815993899,10815993972,1,"IOTHUB_CLIENT_CONFIRMATION_OK"
502,10815994232,10815994270,1,"IOTHUB_CLIENT_CONFIRMATION_OK"
503,10815994565,10815994597,1,"IOTHUB_CLIENT_CONFIRMATION_OK"
504,10815994898,10815994933,1,"IOTHUB_CLIENT_CONFIRMATION_OK"
505,10815995231,10815995291,1,"IOTHUB_CLIENT_CONFIRMATION_OK"
506,10815995564,10815995613,1,"IOTHUB_CLIENT_CONFIRMATION_OK"
507,10815995898,10815995939,1,"IOTHUB_CLIENT_CONFIRMATION_OK"
508,10815996231,10815996263,1,"IOTHUB_CLIENT_CONFIRMATION_OK"
509,10815996564,10815996619,1,"IOTHUB_CLIENT_CONFIRMATION_OK"
510,10815996897,10815996929,1,"IOTHUB_CLIENT_CONFIRMATION_OK"
511,10815997230,10815997259,1,"IOTHUB_CLIENT_CONFIRMATION_OK"
512,10815997563,10815997595,1,"IOTHUB_CLIENT_CONFIRMATION_OK"
513,10815997897,10815997932,1,"IOTHUB_CLIENT_CONFIRMATION_OK"
514,10815998230,10815998338,1,"IOTHUB_CLIENT_CONFIRMATION_OK"
515,10815998563,10815998595,1,"IOTHUB_CLIENT_CONFIRMATION_OK"
516,10815998896,10815998925,1,"IOTHUB_CLIENT_CONFIRMATION_OK"
517,10815999229,10815999262,1,"IOTHUB_CLIENT_CONFIRMATION_OK"
518,10815999562,10815999596,1,"IOTHUB_CLIENT_CONFIRMATION_OK"
519,10815999896,10815999938,1,"IOTHUB_CLIENT_CONFIRMATION_OK"
520,10816000229,10816000259,1,"IOTHUB_CLIENT_CONFIRMATION_OK"
521,10816000562,10816000599,1,"IOTHUB_CLIENT_CONFIRMATION_OK"
522,10816000895,10816000936,1,"IOTHUB_CLIENT_CONFIRMATION_OK"
523,10816001228,10816001263,1,"IOTHUB_CLIENT_CONFIRMATION_OK"
524,10816001561,10816001605,1,"IOTHUB_CLIENT_CONFIRMATION_OK"
525,10816001895,10816001933,1,"IOTHUB_CLIENT_CONFIRMATION_OK"
526,10816002228,10816002269,1,"IOTHUB_CLIENT_CONFIRMATION_OK"
527,10816002561,10816002602,1,"IOTHUB_CLIENT_CONFIRMATION_OK"
528,10816002894,10816002930,1,"IOTHUB_CLIENT_CONFIRMATION_OK"
529,10816003227,10816003257,1,"IOTHUB_CLIENT_CONFIRMATION_OK"
530,10816003560,10816003671,1,"IOTHUB_CLIENT_CONFIRMATION_OK"
531,10816003894,10816003924,1,"IOTHUB_CLIENT_CONFIRMATION_OK"
532,10816004227,10816004301,1,"IOTHUB_CLIENT_CONFIRMATION_OK"
533,10816004560,10816004593,1,"IOTHUB_CLIENT_CONFIRMATION_OK"
534,10816004893,10816004928,1,"IOTHUB_CLIENT_CONFIRMATION_OK"
535,10816005226,10816005262,1,"IOTHUB_CLIENT_CONFIRMATION_OK"
536,10816005559,10816005597,1,"IOTHUB_CLIENT_CONFIRMATION_OK"
537,10816005893,10816006015,1,"IOTHUB_CLIENT_CONFIRMATION_OK"
538,10816006226,10816006266,1,"IOTHUB_CLIENT_CONFIRMATION_OK"
539,10816006559,10816006594,1,"IOTHUB_CLIENT_CONFIRMATION_OK"
540,10816006892,10816006958,1,"IOTHUB_CLIENT_CONFIRMATION_OK"
541,10816007225,10816007256,1,"IOTHUB_CLIENT_CONFIRMATION_OK"
542,10816007558,10816007590,1,"IOTHUB_CLIENT_CONFIRMATION_OK"
543,10816007891,10816007923,1,"IOTHUB_CLIENT_CONFIRMATION_OK"
544,10816008225,10816008270,1,"IOTHUB_CLIENT_CONFIRMATION_OK"
545,10816008558,10816008593,1,"IOTHUB_CLIENT_CONFIRMATION_OK"
546,10816008891,10816008931,1,"IOTHUB_CLIENT_CONFIRMATION_OK"
547,10816009224,10816009263,1,"IOTHUB_CLIENT_CONFIRMATION_OK"
548,10816009557,10816009594,1,"IOTHUB_CLIENT_CONFIRMATION_OK"
549,10816009890,10816009932,1,"IOTHUB_CLIENT_CONFIRMATION_OK"
550,10816010224,10816010261,1,"IOTHUB_CLIENT_CONFIRMATION_OK"
551,10816010557,10816010606,1,"IOTHUB_CLIENT_CONFIRMATION_OK"
552,10816010890,10816010924,1,"IOTHUB_CLIENT_CONFIRMATION_OK"
553,10816011223,10816011281,1,"IOTHUB_CLIENT_CONFIRMATION_OK"
554,10816011556,10816011588,1,"IOTHUB_CLIENT_CONFIRMATION_OK"
555,10816011889,10816011923,1,"IOTHUB_CLIENT_CONFIRMATION_OK"
556,10816012223,10816012257,1,"IOTHUB_CLIENT_CONFIRMATION_OK"
557,10816012556,10816012597,1,"IOTHUB_CLIENT_CONFIRMATION_OK"
558,10816012889,10816012929,1,"IOTHUB_CLIENT_CONFIRMATION_OK"
559,10816013222,10816013254,1,"IOTHUB_CLIENT_CONFIRMATION_OK"
560,10816013555,10816013590,1,"IOTHUB_CLIENT_CONFIRMATION_OK"
561,10816013888,10816013946,1,"IOTHUB_CLIENT_CONFIRMATION_OK"
562,10816014222,10816014294,1,"IOTHUB_CLIENT_CONFIRMATION_OK"
563,10816014555,10816014586,1,"IOTHUB_CLIENT_CONFIRMATION_OK"
564,10816014888,10816014920,1,"IOTHUB_CLIENT_CONFIRMATION_OK"
565,10816015221,10816015255,1,"IOTHUB_CLIENT_CONFIRMATION_OK"
566,10816015554,10816015593,1,"IOTHUB_CLIENT_CONFIRMATION_OK"
567,10816015888,10816016023,1,"IOTHUB_CLIENT_CONFIRMATION_OK"
568,10816016221,10816016259,1,"IOTHUB_CLIENT_CONFIRMATION_OK"
569,10816016554,10816016586,1,"IOTHUB_CLIENT_CONFIRMATION_OK"
570,10816016887,10816016924,1,"IOTHUB_CLIENT_CONFIRMATION_OK"
571,10816017220,10816017252,1,"IOTHUB_CLIENT_CONFIRMATION_OK"
572,10816017553,10816017594,1,"IOTHUB_CLIENT_CONFIRMATION_OK"
573,10816017887,10816017934,1,"IOTHUB_CLIENT_CONFIRMATION_OK"
574,10816018220,10816018260,1,"IOTHUB_CLIENT_CONFIRMATION_OK"
575,10816018553,10816018587,1,"IOTHUB_CLIENT_CONFIRMATION_OK"
576,10816018886,10816018919,1,"IOTHUB_CLIENT_CONFIRMATION_OK"
577,10816019219,10816019251,1,"IOTHUB_CLIENT_CONFIRMATION_OK"
578,10816019552,10816019595,1,"IOTHUB_CLIENT_CONFIRMATION_OK"
579,10816019886,10816019948,1,"IOTHUB_CLIENT_CONFIRMATION_OK"
580,10816020219,10816020249,1,"IOTHUB_CLIENT_CONFIRMATION_OK"
581,10816020552,10816020581,1,"IOTHUB_CLIENT_CONFIRMATION_OK"
582,10816020885,10816020919,1,"IOTHUB_CLIENT_CONFIRMATION_OK"
583,10816021218,10816021250,1,"IOTHUB_CLIENT_CONFIRMATION_OK"
584,10816021551,10816021581,1,"IOTHUB_CLIENT_CONFIRMATION_OK"
585,10816021885,10816021917,1,"IOTHUB_CLIENT_CONFIRMATION_OK"
586,10816022218,10816022262,1,"IOTHUB_CLIENT_CONFIRMATION_OK"
587,10816022551,10816022597,1,"IOTHUB_CLIENT_CONFIRMATION_OK"
588,10816022884,10816022969,1,"IOTHUB_CLIENT_CONFIRMATION_OK"
589,10816023217,10816023248,1,"IOTHUB_CLIENT_CONFIRMATION_OK"
590,10816023550,10816023583,1,"IOTHUB_CLIENT_CONFIRMATION_OK"
591,10816023884,10816023928,1,"IOTHUB_CLIENT_CONFIRMATION_OK"
592,10816024217,10816024250,1,"IOTHUB_CLIENT_CONFIRMATION_OK"
593,10816024550,10816024681,1,"IOTHUB_CLIENT_CONFIRMATION_OK"
594,10816024883,10816024916,1,"IOTHUB_CLIENT_CONFIRMATION_OK"
595,10816025216,10816025360,1,"IOTHUB_CLIENT_CONFIRMATION_OK"
596,10816025549,10816025580,1,"IOTHUB_CLIENT_CONFIRMATION_OK"
597,10816025882,10816025967,1,"IOTHUB_CLIENT_CONFIRMATION_OK"
598,10816026216,10816026247,1,"IOTHUB_CLIENT_CONFIRMATION_OK"
599,10816026549,10816026588,1,"IOTHUB_CLIENT_CONFIRMATION_OK"
600,10816026882,10816026936,1,"IOTHUB_CLIENT_CONFIRMATION_OK"
601,10816027215,10816027245,1,"IOTHUB_CLIENT_CONFIRMATION_OK"
602,10816027548,10816027609,1,"IOTHUB_CLIENT_CONFIRMATION_OK"
603,10816027881,10816027915,1,"IOTHUB_CLIENT_CONFIRMATION_OK"
604,10816028215,10816028248,1,"IOTHUB_CLIENT_CONFIRMATION_OK"
605,10816028548,10816028578,1,"IOTHUB_CLIENT_CONFIRMATION_OK"
606,10816028881,10816028911,1,"IOTHUB_CLIENT_CONFIRMATION_OK"
607,10816029214,10816029248,1,"IOTHUB_CLIENT_CONFIRMATION_OK"
608,10816029547,10816029581,1,"IOTHUB_CLIENT_CONFIRMATION_OK"
609,10816029880,10816029914,1,"IOTHUB_CLIENT_CONFIRMATION_OK"
610,10816030214,10816030243,1,"IOTHUB_CLIENT_CONFIRMATION_OK"
611,10816030547,10816030580,1,"IOTHUB_CLIENT_CONFIRMATION_OK"
612,10816030880,10816030918,1,"IOTHUB_CLIENT_CONFIRMATION_OK"
613,10816031213,10816031245,1,"IOTHUB_CLIENT_CONFIRMATION_OK"
614,10816031546,10816031585,1,"IOTHUB_CLIENT_CONFIRMATION_OK"
615,10816031879,10816031927,1,"IOTHUB_CLIENT_CONFIRMATION_OK"
616,10816032212,10816032244,1,"IOTHUB_CLIENT_CONFIRMATION_OK"
617,10816032546,10816032591,1,"IOTHUB_CLIENT_CONFIRMATION_OK"
618,10816032879,10816032952,1,"IOTHUB_CLIENT_CONFIRMATION_OK"
619,10816033212,10816033246,1,"IOTHUB_CLIENT_CONFIRMATION_OK"
620,10816033545,10816033602,1,"IOTHUB_CLIENT_CONFIRMATION_OK"
621,10816033878,10816033913,1,"IOTHUB_CLIENT_CONFIRMATION_OK"
622,10816034211,10816034242,1,"IOTHUB_CLIENT_CONFIRMATION_OK"
623,10816034545,10816034596,1,"IOTHUB_CLIENT_CONFIRMATION_OK"
624,10816034878,10816034914,1,"IOTHUB_CLIENT_CONFIRMATION_OK"
625,10816035211,10816035242,1,"IOTHUB_CLIENT_CONFIRMATION_OK"
626,10816035544,10816035582,1,"IOTHUB_CLIENT_CONFIRMATION_OK"
627,10816035877,10816036016,1,"IOTHUB_CLIENT_CONFIRMATION_OK"
628,10816036210,10816036282,1,"IOTHUB_CLIENT_CONFIRMATION_OK"
629,10816036544,10816036574,1,"IOTHUB_CLIENT_CONFIRMATION_OK"
630,10816036877,10816036914,1,"IOTHUB_CLIENT_CONFIRMATION_OK"
631,10816037210,10816037257,1,"IOTHUB_CLIENT_CONFIRMATION_OK"
632,10816037543,10816037574,1,"IOTHUB_CLIENT_CONFIRMATION_OK"
633,10816037876,10816037911,1,"IOTHUB_CLIENT_CONFIRMATION_OK"
634,10816038209,10816038283,1,"IOTHUB_CLIENT_CONFIRMATION_OK"
635,10816038543,10816038573,1,"IOTHUB_CLIENT_CONFIRMATION_OK"
636,10816038876,10816038908,1,"IOTHUB_CLIENT_CONFIRMATION_OK"
637,10816039209,10816039240,1,"IOTHUB_CLIENT_CONFIRMATION_OK"
638,10816039542,10816039583,1,"IOTHUB_CLIENT_CONFIRMATION_OK"
639,10816039875,10816039910,1,"IOTHUB_CLIENT_CONFIRMATION_OK"
640,10816040209,10816040240,1,"IOTHUB_CLIENT_CONFIRMATION_OK"
641,10816040542,10816040625,1,"IOTHUB_CLIENT_CONFIRMATION_OK"
642,10816040875,10816040909,1,"IOTHUB_CLIENT_CONFIRMATION_OK"
643,10816041208,10816041242,1,"IOTHUB_CLIENT_CONFIRMATION_OK"
644,10816041541,10816041576,1,"IOTHUB_CLIENT_CONFIRMATION_OK"
645,10816041874,10816041909,1,"IOTHUB_CLIENT_CONFIRMATION_OK"
646,10816042208,10816042238,1,"IOTHUB_CLIENT_CONFIRMATION_OK"
647,10816042541,10816042572,1,"IOTHUB_CLIENT_CONFIRMATION_OK"
648,10816042874,10816042908,1,"IOTHUB_CLIENT_CONFIRMATION_OK"
649,10816043207,10816043253,1,"IOTHUB_CLIENT_CONFIRMATION_OK"
650,10816043540,10816043580,1,"IOTHUB_CLIENT_CONFIRMATION_OK"
651,10816043873,10816043909,1,"IOTHUB_CLIENT_CONFIRMATION_OK"
652,10816044207,10816044238,1,"IOTHUB_CLIENT_CONFIRMATION_OK"
653,10816044540,10816044573,1,"IOTHUB_CLIENT_CONFIRMATION_OK"
654,10816044873,10816044918,1,"IOTHUB_CLIENT_CONFIRMATION_OK"
655,10816045206,10816045305,1,"IOTHUB_CLIENT_CONFIRMATION_OK"
656,10816045539,10816045570,1,"IOTHUB_CLIENT_CONFIRMATION_OK"
657,10816045872,10816045968,1,"IOTHUB_CLIENT_CONFIRMATION_OK"
658,10816046206,10816046239,1,"IOTHUB_CLIENT_CONFIRMATION_OK"
659,10816046539,10816046570,1,"IOTHUB_CLIENT_CONFIRMATION_OK"
660,10816046872,10816046907,1,"IOTHUB_CLIENT_CONFIRMATION_OK"
661,10816047205,10816047249,1,"IOTHUB_CLIENT_CONFIRMATION_OK"
662,10816047538,10816047573,1,"IOTHUB_CLIENT_CONFIRMATION_OK"
663,10816047871,10816047910,1,"IOTHUB_CLIENT_CONFIRMATION_OK"
664,10816048205,10816048240,1,"IOTHUB_CLIENT_CONFIRMATION_OK"
665,10816048538,10816048569,1,"IOTHUB_CLIENT_CONFIRMATION_OK"
666,10816048871,10816048915,1,"IOTHUB_CLIENT_CONFIRMATION_OK"
667,10816049204,10816049248,1,"IOTHUB_CLIENT_CONFIRMATION_OK"
668,10816049537,10816049571,1,"IOTHUB_CLIENT_CONFIRMATION_OK"
669,10816049870,10816049913,1,"IOTHUB_CLIENT_CONFIRMATION_OK"
670,10816050203,10816050234,1,"IOTHUB_CLIENT_CONFIRMATION_OK"
671,10816050537,10816050574,1,"IOTHUB_CLIENT_CONFIRMATION_OK"
672,10816050870,10816050901,1,"IOTHUB_CLIENT_CONFIRMATION_OK"
673,10816051203,10816051236,1,"IOTHUB_CLIENT_CONFIRMATION_OK"
674,10816051536,10816051566,1,"IOTHUB_CLIENT_CONFIRMATION_OK"
675,10816051869,10816051907,1,"IOTHUB_CLIENT_CONFIRMATION_OK"
676,10816052202,10816052235,1,"IOTHUB_CLIENT_CONFIRMATION_OK"
677,10816052536,10816052567,1,"IOTHUB_CLIENT_CONFIRMATION_OK"
678,10816052869,10816052943,1,"IOTHUB_CLIENT_CONFIRMATION_OK"
679,10816053202,10816053264,1,"IOTHUB_CLIENT_CONFIRMATION_OK"
680,10816053535,10816053582,1,"IOTHUB_CLIENT_CONFIRMATION_OK"
681,10816053868,10816053902,1,"IOTHUB_CLIENT_CONFIRMATION_OK"
682,10816054201,10816054241,1,"IOTHUB_CLIENT_CONFIRMATION_OK"
683,10816054534,10816054573,1,"IOTHUB_CLIENT_CONFIRMATION_OK"
684,10816054868,10816054908,1,"IOTHUB_CLIENT_CONFIRMATION_OK"
685,10816055201,10816055259,1,"IOTHUB_CLIENT_CONFIRMATION_OK"
686,10816055534,10816055569,1,"IOTHUB_CLIENT_CONFIRMATION_OK"
687,10816055867,10816055898,1,"IOTHUB_CLIENT_CONFIRMATION_OK"
688,10816056200,10816056230,1,"IOTHUB_CLIENT_CONFIRMATION_OK"
689,10816056533,10816056565,1,"IOTHUB_CLIENT_CONFIRMATION_OK"
690,10816056867,10816056904,1,"IOTHUB_CLIENT_CONFIRMATION_OK"
691,10816057200,10816057233,1,"IOTHUB_CLIENT_CONFIRMATION_OK"
692,10816057533,10816057570,1,"IOTHUB_CLIENT_CONFIRMATION_OK"
693,10816057866,10816057920,1,"IOTHUB_CLIENT_CONFIRMATION_OK"
694,10816058199,10816058298,1,"IOTHUB_CLIENT_CONFIRMATION_OK"
695,10816058532,10816058566,1,"IOTHUB_CLIENT_CONFIRMATION_OK"
696,10816058866,10816058896,1,"IOTHUB_CLIENT_CONFIRMATION_OK"
697,10816059199,10816059234,1,"IOTHUB_CLIENT_CONFIRMATION_OK"
698,10816059532,10816059563,1,"IOTHUB_CLIENT_CONFIRMATION_OK"
699,10816059865,10816059910,1,"IOTHUB_CLIENT_CONFIRMATION_OK"
700,10816060198,10816060233,1,"IOTHUB_CLIENT_CONFIRMATION_OK"
701,10816060531,10816060562,1,"IOTHUB_CLIENT_CONFIRMATION_OK"
702,10816060864,10816060911,1,"IOTHUB_CLIENT_CONFIRMATION_OK"
703,10816061198,10816061230,1,"IOTHUB_CLIENT_CONFIRMATION_OK"
704,10816061531,10816061566,1,"IOTHUB_CLIENT_CONFIRMATION_OK"
705,10816061864,10816061903,1,"IOTHUB_CLIENT_CONFIRMATION_OK"
706,10816062197,10816062226,1,"IOTHUB_CLIENT_CONFIRMATION_OK"
707,10816062530,10816062655,1,"IOTHUB_CLIENT_CONFIRMATION_OK"
708,10816062863,10816062913,1,"IOTHUB_CLIENT_CONFIRMATION_OK"
709,10816063197,10816063232,1,"IOTHUB_CLIENT_CONFIRMATION_OK"
710,10816063530,10816063678,1,"IOTHUB_CLIENT_CONFIRMATION_OK"
711,10816063863,10816063910,1,"IOTHUB_CLIENT_CONFIRMATION_OK"
712,10816064196,10816064226,1,"IOTHUB_CLIENT_CONFIRMATION_OK"
713,10816064529,10816064561,1,"IOTHUB_CLIENT_CONFIRMATION_OK"
714,10816064862,10816064906,1,"IOTHUB_CLIENT_CONFIRMATION_OK"
715,10816065195,10816065230,1,"IOTHUB_CLIENT_CONFIRMATION_OK"
716,10816065529,10816065564,1,"IOTHUB_CLIENT_CONFIRMATION_OK"
717,10816065862,10816065912,1,"IOTHUB_CLIENT_CONFIRMATION_OK"
718,10816066195,10816066226,1,"IOTHUB_CLIENT_CONFIRMATION_OK"
719,10816066528,10816066592,1,"IOTHUB_CLIENT_CONFIRMATION_OK"
720,10816066861,10816066895,1,"IOTHUB_CLIENT_CONFIRMATION_OK"
721,10816067194,10816067229,1,"IOTHUB_CLIENT_CONFIRMATION_OK"
722,10816067528,10816067565,1,"IOTHUB_CLIENT_CONFIRMATION_OK"
723,10816067861,10816067896,1,"IOTHUB_CLIENT_CONFIRMATION_OK"
724,10816068194,10816068243,1,"IOTHUB_CLIENT_CONFIRMATION_OK"
725,10816068527,10816068562,1,"IOTHUB_CLIENT_CONFIRMATION_OK"
726,10816068860,10816068908,1,"IOTHUB_CLIENT_CONFIRMATION_OK"
727,10816069193,10816069225,1,"IOTHUB_CLIENT_CONFIRMATION_OK"
728,10816069527,10816069557,1,"IOTHUB_CLIENT_CONFIRMATION_OK"
729,10816069860,10816069898,1,"IOTHUB_CLIENT_CONFIRMATION_OK"
730,10816070193,10816070227,1,"IOTHUB_CLIENT_CONFIRMATION_OK"
731,10816070526,10816070663,1,"IOTHUB_CLIENT_CONFIRMATION_OK"
732,10816070859,10816070906,1,"IOTHUB_CLIENT_CONFIRMATION_OK"
733,10816071192,10816071225,1,"IOTHUB_CLIENT_CONFIRMATION_OK"
734,10816071525,10816071560,1,"IOTHUB_CLIENT_CONFIRMATION_OK"
735,10816071859,10816071903,1,"IOTHUB_CLIENT_CONFIRMATION_OK"
736,10816072192,10816072243,1,"IOTHUB_CLIENT_CONFIRMATION_OK"
737,10816072525,10816072581,1,"IOTHUB_CLIENT_CONFIRMATION_OK"
738,10816072858,10816072900,1,"IOTHUB_CLIENT_CONFIRMATION_OK"
739,10816073191,10816073231,1,"IOTHUB_CLIENT_CONFIRMATION_OK"
740,10816073524,10816073693,1,"IOTHUB_CLIENT_CONFIRMATION_OK"
741,10816073858,10816073900,1,"IOTHUB_CLIENT_CONFIRMATION_OK"
742,10816074191,10816074226,1,"IOTHUB_CLIENT_CONFIRMATION_OK"
743,10816074524,10816074555,1,"IOTHUB_CLIENT_CONFIRMATION_OK"
744,10816074857,10816074903,1,"IOTHUB_CLIENT_CONFIRMATION_OK"
745,10816075190,10816075234,1,"IOTHUB_CLIENT_CONFIRMATION_OK"
746,10816075523,10816075561,1,"IOTHUB_CLIENT_CONFIRMATION_OK"
747,10816075856,10816075943,1,"IOTHUB_CLIENT_CONFIRMATION_OK"
748,10816076190,10816076224,1,"IOTHUB_CLIENT_CONFIRMATION_OK"
749,10816076523,10816076556,1,"IOTHUB_CLIENT_CONFIRMATION_OK"
750,10816076856,10816076892,1,"IOTHUB_CLIENT_CONFIRMATION_OK"
751,10816077189,10816077222,1,"IOTHUB_CLIENT_CONFIRMATION_OK"
752,10816077522,10816077571,1,"IOTHUB_CLIENT_CONFIRMATION_OK"
753,10816077856,10816077899,1,"IOTHUB_CLIENT_CONFIRMATION_OK"
754,10816078189,10816078221,1,"IOTHUB_CLIENT_CONFIRMATION_OK"
755,10816078522,10816078564,1,"IOTHUB_CLIENT_CONFIRMATION_OK"
756,10816078855,10816078889,1,"IOTHUB_CLIENT_CONFIRMATION_OK"
757,10816079188,10816079224,1,"IOTHUB_CLIENT_CONFIRMATION_OK"
758,10816079521,10816079559,1,"IOTHUB_CLIENT_CONFIRMATION_OK"
759,10816079855,10816079917,1,"IOTHUB_CLIENT_CONFIRMATION_OK"
760,10816080188,10816080230,1,"IOTHUB_CLIENT_CONFIRMATION_OK"
761,10816080521,10816080554,1,"IOTHUB_CLIENT_CONFIRMATION_OK"
762,10816080854,10816080887,1,"IOTHUB_CLIENT_CONFIRMATION_OK"
763,10816081187,10816081222,1,"IOTHUB_CLIENT_CONFIRMATION_OK"
764,10816081520,10816081551,1,"IOTHUB_CLIENT_CONFIRMATION_OK"
765,10816081853,10816081886,1,"IOTHUB_CLIENT_CONFIRMATION_OK"
766,10816082187,10816082220,1,"IOTHUB_CLIENT_CONFIRMATION_OK"
767,10816082520,10816082551,1,"IOTHUB_CLIENT_CONFIRMATION_OK"
768,10816082853,10816082899,1,"IOTHUB_CLIENT_CONFIRMATION_OK"
769,10816083186,10816083220,1,"IOTHUB_CLIENT_CONFIRMATION_OK"
770,10816083519,10816083688,1,"IOTHUB_CLIENT_CONFIRMATION_OK"
771,10816083852,10816083937,1,"IOTHUB_CLIENT_CONFIRMATION_OK"
772,10816084186,10816084223,1,"IOTHUB_CLIENT_CONFIRMATION_OK"
773,10816084519,10816084549,1,"IOTHUB_CLIENT_CONFIRMATION_OK"
774,10816084852,10816084883,1,"IOTHUB_CLIENT_CONFIRMATION_OK"
775,10816085185,10816085222,1,"IOTHUB_CLIENT_CONFIRMATION_OK"
776,10816085518,10816085557,1,"IOTHUB_CLIENT_CONFIRMATION_OK"
777,10816085851,10816085962,1,"IOTHUB_CLIENT_CONFIRMATION_OK"
778,10816086185,10816086219,1,"IOTHUB_CLIENT_CONFIRMATION_OK"
779,10816086518,10816086562,1,"IOTHUB_CLIENT_CONFIRMATION_OK"
780,10816086851,10816086885,1,"IOTHUB_CLIENT_CONFIRMATION_OK"
781,10816087184,10816087222,1,"IOTHUB_CLIENT_CONFIRMATION_OK"
782,10816087517,10816087702,1,"IOTHUB_CLIENT_CONFIRMATION_OK"
783,10816087850,10816087884,1,"IOTHUB_CLIENT_CONFIRMATION_OK"
784,10816088184,10816088241,1,"IOTHUB_CLIENT_CONFIRMATION_OK"
785,10816088517,10816088553,1,"IOTHUB_CLIENT_CONFIRMATION_OK"
786,10816088850,10816088937,1,"IOTHUB_CLIENT_CONFIRMATION_OK"
787,10816089183,10816089217,1,"IOTHUB_CLIENT_CONFIRMATION_OK"
788,10816089516,10816089550,1,"IOTHUB_CLIENT_CONFIRMATION_OK"
789,10816089849,10816089880,1,"IOTHUB_CLIENT_CONFIRMATION_OK"
790,10816090183,10816090212,1,"IOTHUB_CLIENT_CONFIRMATION_OK"
791,10816090516,10816090637,1,"IOTHUB_CLIENT_CONFIRMATION_OK"
792,10816090849,10816090893,1,"IOTHUB_CLIENT_CONFIRMATION_OK"
793,10816091182,10816091215,1,"IOTHUB_CLIENT_CONFIRMATION_OK"
794,10816091515,10816091548,1,"IOTHUB_CLIENT_CONFIRMATION_OK"
795,10816091848,10816092062,1,"IOTHUB_CLIENT_CONFIRMATION_OK"
796,10816092182,10816092214,1,"IOTHUB_CLIENT_CONFIRMATION_OK"
797,10816092515,10816092548,1,"IOTHUB_CLIENT_CONFIRMATION_OK"
798,10816092848,10816092920,1,"IOTHUB_CLIENT_CONFIRMATION_OK"
799,10816093181,10816093216,1,"IOTHUB_CLIENT_CONFIRMATION_OK"
800,10816093514,10816093682,1,"IOTHUB_CLIENT_CONFIRMATION_OK"
801,10816093847,10816093880,1,"IOTHUB_CLIENT_CONFIRMATION_OK"
802,10816094181,10816094212,1,"IOTHUB_CLIENT_CONFIRMATION_OK"
803,10816094514,10816094553,1,"IOTHUB_CLIENT_CONFIRMATION_OK"
804,10816094847,10816094880,1,"IOTHUB_CLIENT_CONFIRMATION_OK"
805,10816095180,10816095215,1,"IOTHUB_CLIENT_CONFIRMATION_OK"
806,10816095513,10816095547,1,"IOTHUB_CLIENT_CONFIRMATION_OK"
807,10816095846,10816095947,1,"IOTHUB_CLIENT_CONFIRMATION_OK"
808,10816096180,10816096213,1,"IOTHUB_CLIENT_CONFIRMATION_OK"
809,10816096513,10816096564,1,"IOTHUB_CLIENT_CONFIRMATION_OK"
810,10816096846,10816096888,1,"IOTHUB_CLIENT_CONFIRMATION_OK"
811,10816097179,10816097214,1,"IOTHUB_CLIENT_CONFIRMATION_OK"
812,10816097512,10816097589,1,"IOTHUB_CLIENT_CONFIRMATION_OK"
813,10816097845,10816097880,1,"IOTHUB_CLIENT_CONFIRMATION_OK"
814,10816098179,10816098211,1,"IOTHUB_CLIENT_CONFIRMATION_OK"
815,10816098512,10816098543,1,"IOTHUB_CLIENT_CONFIRMATION_OK"
816,10816098845,10816098909,1,"IOTHUB_CLIENT_CONFIRMATION_OK"
817,10816099178,10816099212,1,"IOTHUB_CLIENT_CONFIRMATION_OK"
818,10816099511,10816099548,1,"IOTHUB_CLIENT_CONFIRMATION_OK"
819,10816099844,10816099879,1,"IOTHUB_CLIENT_CONFIRMATION_OK"
820,10816100177,10816100225,1,"IOTHUB_CLIENT_CONFIRMATION_OK"
821,10816100511,10816100633,1,"IOTHUB_CLIENT_CONFIRMATION_OK"
822,10816100844,10816100877,1,"IOTHUB_CLIENT_CONFIRMATION_OK"
823,10816101177,10816101208,1,"IOTHUB_CLIENT_CONFIRMATION_OK"
824,10816101510,10816101550,1,"IOTHUB_CLIENT_CONFIRMATION_OK"
825,10816101843,10816101874,1,"IOTHUB_CLIENT_CONFIRMATION_OK"
826,10816102176,10816102879,1,"IOTHUB_CLIENT_CONFIRMATION_OK"
827,10816102510,10816102897,1,"IOTHUB_CLIENT_CONFIRMATION_OK"
828,10816102843,10816102918,1,"IOTHUB_CLIENT_CONFIRMATION_OK"
829,10816103176,10816103229,1,"IOTHUB_CLIENT_CONFIRMATION_OK"
830,10816103509,10816103657,1,"IOTHUB_CLIENT_CONFIRMATION_OK"
831,10816103842,10816103881,1,"IOTHUB_CLIENT_CONFIRMATION_OK"
832,10816104175,10816104224,1,"IOTHUB_CLIENT_CONFIRMATION_OK"
833,10816104509,10816104565,1,"IOTHUB_CLIENT_CONFIRMATION_OK"
834,10816104842,10816104874,1,"IOTHUB_CLIENT_CONFIRMATION_OK"
835,10816105175,10816105207,1,"IOTHUB_CLIENT_CONFIRMATION_OK"
836,10816105508,10816105541,1,"IOTHUB_CLIENT_CONFIRMATION_OK"
837,10816105841,10816105887,1,"IOTHUB_CLIENT_CONFIRMATION_OK"
838,10816106174,10816106207,1,"IOTHUB_CLIENT_CONFIRMATION_OK"
839,10816106508,10816106542,1,"IOTHUB_CLIENT_CONFIRMATION_OK"
840,10816106841,10816106876,1,"IOTHUB_CLIENT_CONFIRMATION_OK"
841,10816107174,10816107231,1,"IOTHUB_CLIENT_CONFIRMATION_OK"
842,10816107507,10816107543,1,"IOTHUB_CLIENT_CONFIRMATION_OK"
843,10816107840,10816107896,1,"IOTHUB_CLIENT_CONFIRMATION_OK"
844,10816108173,10816108216,1,"IOTHUB_CLIENT_CONFIRMATION_OK"
845,10816108507,10816108542,1,"IOTHUB_CLIENT_CONFIRMATION_OK"
846,10816108840,10816108873,1,"IOTHUB_CLIENT_CONFIRMATION_OK"
847,10816109173,10816109273,1,"IOTHUB_CLIENT_CONFIRMATION_OK"
848,10816109506,10816109539,1,"IOTHUB_CLIENT_CONFIRMATION_OK"
849,10816109839,10816109875,1,"IOTHUB_CLIENT_CONFIRMATION_OK"
850,10816110172,10816110206,1,"IOTHUB_CLIENT_CONFIRMATION_OK"
851,10816110506,10816110562,1,"IOTHUB_CLIENT_CONFIRMATION_OK"
852,10816110839,10816110873,1,"IOTHUB_CLIENT_CONFIRMATION_OK"
853,10816111172,10816111206,1,"IOTHUB_CLIENT_CONFIRMATION_OK"
854,10816111505,10816111629,1,"IOTHUB_CLIENT_CONFIRMATION_OK"
855,10816111838,10816111869,1,"IOTHUB_CLIENT_CONFIRMATION_OK"
856,10816112171,10816112202,1,"IOTHUB_CLIENT_CONFIRMATION_OK"
857,10816112505,10816112536,1,"IOTHUB_CLIENT_CONFIRMATION_OK"
858,10816112838,10816112871,1,"IOTHUB_CLIENT_CONFIRMATION_OK"
859,10816113171,10816113210,1,"IOTHUB_CLIENT_CONFIRMATION_OK"
860,10816113504,10816113645,1,"IOTHUB_CLIENT_CONFIRMATION_OK"
861,10816113837,10816113869,1,"IOTHUB_CLIENT_CONFIRMATION_OK"
862,10816114170,10816114201,1,"IOTHUB_CLIENT_CONFIRMATION_OK"
863,10816114504,10816114538,1,"IOTHUB_CLIENT_CONFIRMATION_OK"
864,10816114837,10816114871,1,"IOTHUB_CLIENT_CONFIRMATION_OK"
865,10816115170,10816115204,1,"IOTHUB_CLIENT_CONFIRMATION_OK"
866,10816115503,10816115532,1,"IOTHUB_CLIENT_CONFIRMATION_OK"
867,10816115836,10816115921,1,"IOTHUB_CLIENT_CONFIRMATION_OK"
868,10816116169,10816116199,1,"IOTHUB_CLIENT_CONFIRMATION_OK"
869,10816116503,10816116536,1,"IOTHUB_CLIENT_CONFIRMATION_OK"
870,10816116836,10816116866,1,"IOTHUB_CLIENT_CONFIRMATION_OK"
871,10816117169,10816117211,1,"IOTHUB_CLIENT_CONFIRMATION_OK"
872,10816117502,10816117543,1,"IOTHUB_CLIENT_CONFIRMATION_OK"
873,10816117835,10816117874,1,"IOTHUB_CLIENT_CONFIRMATION_OK"
874,10816118168,10816118356,1,"IOTHUB_CLIENT_CONFIRMATION_OK"
875,10816118502,10816118537,1,"IOTHUB_CLIENT_CONFIRMATION_OK"
876,10816118835,10816118865,1,"IOTHUB_CLIENT_CONFIRMATION_OK"
877,10816119168,10816119198,1,"IOTHUB_CLIENT_CONFIRMATION_OK"
878,10816119501,10816119539,1,"IOTHUB_CLIENT_CONFIRMATION_OK"
879,10816119834,10816119908,1,"IOTHUB_CLIENT_CONFIRMATION_OK"
880,10816120167,10816120201,1,"IOTHUB_CLIENT_CONFIRMATION_OK"
881,10816120501,10816120564,1,"IOTHUB_CLIENT_CONFIRMATION_OK"
882,10816120834,10816120868,1,"IOTHUB_CLIENT_CONFIRMATION_OK"
883,10816121167,10816121203,1,"IOTHUB_CLIENT_CONFIRMATION_OK"
884,10816121500,10816121534,1,"IOTHUB_CLIENT_CONFIRMATION_OK"
885,10816121833,10816121864,1,"IOTHUB_CLIENT_CONFIRMATION_OK"
886,10816122166,10816122198,1,"IOTHUB_CLIENT_CONFIRMATION_OK"
887,10816122500,10816122534,1,"IOTHUB_CLIENT_CONFIRMATION_OK"
888,10816122833,10816122871,1,"IOTHUB_CLIENT_CONFIRMATION_OK"
889,10816123166,10816123200,1,"IOTHUB_CLIENT_CONFIRMATION_OK"
890,10816123499,10816123621,1,"IOTHUB_CLIENT_CONFIRMATION_OK"
891,10816123832,10816123908,1,"IOTHUB_CLIENT_CONFIRMATION_OK"
892,10816124165,10816124202,1,"IOTHUB_CLIENT_CONFIRMATION_OK"
893,10816124499,10816124541,1,"IOTHUB_CLIENT_CONFIRMATION_OK"
894,10816124832,10816124870,1,"IOTHUB_CLIENT_CONFIRMATION_OK"
895,10816125165,10816125243,1,"IOTHUB_CLIENT_CONFIRMATION_OK"
896,10816125498,10816125528,1,"IOTHUB_CLIENT_CONFIRMATION_OK"
897,10816125831,10816125865,1,"IOTHUB_CLIENT_CONFIRMATION_OK"
898,10816126164,10816126213,1,"IOTHUB_CLIENT_CONFIRMATION_OK"
899,10816126498,10816126532,1,"IOTHUB_CLIENT_CONFIRMATION_OK"
