Message ID,Send Time,Receive Time,Status,Error
0,10822706703,10822706912,1,"IOTHUB_CLIENT_CONFIRMATION_OK"
1,10822707036,10822707069,1,"IOTHUB_CLIENT_CONFIRMATION_OK"
2,10822707370,10822707401,1,"IOTHUB_CLIENT_CONFIRMATION_OK"
3,10822707703,10822707732,1,"IOTHUB_CLIENT_CONFIRMATION_OK"
4,10822708036,10822708072,1,"IOTHUB_CLIENT_CONFIRMATION_OK"
5,10822708369,10822708444,1,"IOTHUB_CLIENT_CONFIRMATION_OK"
6,10822708702,10822708734,1,"IOTHUB_CLIENT_CONFIRMATION_OK"
7,10822709035,10822709066,1,"IOTHUB_CLIENT_CONFIRMATION_OK"
8,10822709369,10822709490,1,"IOTHUB_CLIENT_CONFIRMATION_OK"
9,10822709702,10822709733,1,"IOTHUB_CLIENT_CONFIRMATION_OK"
10,10822710035,10822710070,1,"IOTHUB_CLIENT_CONFIRMATION_OK"
11,10822710368,10822710400,1,"IOTHUB_CLIENT_CONFIRMATION_OK"
12,10822710701,10822710734,1,"IOTHUB_CLIENT_CONFIRMATION_OK"
13,10822711034,10822711109,1,"IOTHUB_CLIENT_CONFIRMATION_OK"
14,10822711368,10822711403,1,"IOTHUB_CLIENT_CONFIRMATION_OK"
15,10822711701,10822711736,1,"IOTHUB_CLIENT_CONFIRMATION_OK"
16,10822712034,10822712118,1,"IOTHUB_CLIENT_CONFIRMATION_OK"
17,10822712367,10822712400,1,"IOTHUB_CLIENT_CONFIRMATION_OK"
18,10822712700,10822712750,1,"IOTHUB_CLIENT_CONFIRMATION_OK"
19,10822713033,10822713067,1,"IOTHUB_CLIENT_CONFIRMATION_OK"
20,10822713366,10822713396,1,"IOTHUB_CLIENT_CONFIRMATION_OK"
21,10822713700,10822713759,1,"IOTHUB_CLIENT_CONFIRMATION_OK"
22,10822714033,10822714064,1,"IOTHUB_CLIENT_CONFIRMATION_OK"
23,10822714366,10822714397,1,"IOTHUB_CLIENT_CONFIRMATION_OK"
24,10822714699,10822714741,1,"IOTHUB_CLIENT_CONFIRMATION_OK"
25,10822715032,10822715128,1,"IOTHUB_CLIENT_CONFIRMATION_OK"
26,10822715365,10822715434,1,"IOTHUB_CLIENT_CONFIRMATION_OK"
27,10822715699,10822715732,1,"IOTHUB_CLIENT_CONFIRMATION_OK"
28,10822716032,10822716085,1,"IOTHUB_CLIENT_CONFIRMATION_OK"
29,10822716365,10822716397,1,"IOTHUB_CLIENT_CONFIRMATION_OK"
30,10822716698,10822716729,1,"IOTHUB_CLIENT_CONFIRMATION_OK"
31,10822717031,10822717070,1,"IOTHUB_CLIENT_CONFIRMATION_OK"
32,10822717364,10822717394,1,"IOTHUB_CLIENT_CONFIRMATION_OK"
33,10822717697,10822717728,1,"IOTHUB_CLIENT_CONFIRMATION_OK"
34,10822718031,10822718062,1,"IOTHUB_CLIENT_CONFIRMATION_OK"
35,10822718364,10822718394,1,"IOTHUB_CLIENT_CONFIRMATION_OK"
36,10822718697,10822718730,1,"IOTHUB_CLIENT_CONFIRMATION_OK"
37,10822719030,10822719059,1,"IOTHUB_CLIENT_CONFIRMATION_OK"
38,10822719363,10822719394,1,"IOTHUB_CLIENT_CONFIRMATION_OK"
39,10822719696,10822719746,1,"IOTHUB_CLIENT_CONFIRMATION_OK"
40,10822720030,10822720063,1,"IOTHUB_CLIENT_CONFIRMATION_OK"
41,10822720363,10822720397,1,"IOTHUB_CLIENT_CONFIRMATION_OK"
42,10822720696,10822720726,1,"IOTHUB_CLIENT_CONFIRMATION_OK"
43,10822721029,10822721068,1,"IOTHUB_CLIENT_CONFIRMATION_OK"
44,10822721362,10822721571,1,"IOTHUB_CLIENT_CONFIRMATION_OK"
45,10822721695,10822721728,1,"IOTHUB_CLIENT_CONFIRMATION_OK"
46,10822722029,10822722062,1,"IOTHUB_CLIENT_CONFIRMATION_OK"
47,10822722362,10822722395,1,"IOTHUB_CLIENT_CONFIRMATION_OK"
48,10822722695,10822722740,1,"IOTHUB_CLIENT_CONFIRMATION_OK"
49,10822723028,10822723200,1,"IOTHUB_CLIENT_CONFIRMATION_OK"
50,10822723361,10822723401,1,"IOTHUB_CLIENT_CONFIRMATION_OK"
51,10822723694,10822723724,1,"IOTHUB_CLIENT_CONFIRMATION_OK"
52,10822724027,10822724060,1,"IOTHUB_CLIENT_CONFIRMATION_OK"
53,10822724361,10822724393,1,"IOTHUB_CLIENT_CONFIRMATION_OK"
54,10822724694,10822724823,1,"IOTHUB_CLIENT_CONFIRMATION_OK"
55,10822725027,10822725057,1,"IOTHUB_CLIENT_CONFIRMATION_OK"
56,10822725360,10822725391,1,"IOTHUB_CLIENT_CONFIRMATION_OK"
57,10822725693,10822725725,1,"IOTHUB_CLIENT_CONFIRMATION_OK"
58,10822726026,10822726059,1,"IOTHUB_CLIENT_CONFIRMATION_OK"
59,10822726360,10822726445,1,"IOTHUB_CLIENT_CONFIRMATION_OK"
60,10822726693,10822726726,1,"IOTHUB_CLIENT_CONFIRMATION_OK"
61,10822727026,10822727068,1,"IOTHUB_CLIENT_CONFIRMATION_OK"
62,10822727359,10822727390,1,"IOTHUB_CLIENT_CONFIRMATION_OK"
63,10822727692,10822727726,1,"IOTHUB_CLIENT_CONFIRMATION_OK"
64,10822728025,10822728075,1,"IOTHUB_CLIENT_CONFIRMATION_OK"
65,10822728359,10822728400,1,"IOTHUB_CLIENT_CONFIRMATION_OK"
66,10822728692,10822728796,1,"IOTHUB_CLIENT_CONFIRMATION_OK"
67,10822729025,10822729054,1,"IOTHUB_CLIENT_CONFIRMATION_OK"
68,10822729358,10822729398,1,"IOTHUB_CLIENT_CONFIRMATION_OK"
69,10822729691,10822729825,1,"IOTHUB_CLIENT_CONFIRMATION_OK"
70,10822730024,10822730061,1,"IOTHUB_CLIENT_CONFIRMATION_OK"
71,10822730357,10822730386,1,"IOTHUB_CLIENT_CONFIRMATION_OK"
72,10822730691,10822730721,1,"IOTHUB_CLIENT_CONFIRMATION_OK"
73,10822731024,10822731071,1,"IOTHUB_CLIENT_CONFIRMATION_OK"
74,10822731357,10822731435,1,"IOTHUB_CLIENT_CONFIRMATION_OK"
75,10822731690,10822731721,1,"IOTHUB_CLIENT_CONFIRMATION_OK"
76,10822732023,10822732057,1,"IOTHUB_CLIENT_CONFIRMATION_OK"
77,10822732356,10822732446,1,"IOTHUB_CLIENT_CONFIRMATION_OK"
78,10822732690,10822732721,1,"IOTHUB_CLIENT_CONFIRMATION_OK"
79,10822733023,10822733077,1,"IOTHUB_CLIENT_CONFIRMATION_OK"
80,10822733356,10822733389,1,"IOTHUB_CLIENT_CONFIRMATION_OK"
81,10822733689,10822733720,1,"IOTHUB_CLIENT_CONFIRMATION_OK"
82,10822734022,10822734077,1,"IOTHUB_CLIENT_CONFIRMATION_OK"
83,10822734355,10822734387,1,"IOTHUB_CLIENT_CONFIRMATION_OK"
84,10822734689,10822734720,1,"IOTHUB_CLIENT_CONFIRMATION_OK"
85,10822735022,10822735053,1,"IOTHUB_CLIENT_CONFIRMATION_OK"
86,10822735355,10822735385,1,"IOTHUB_CLIENT_CONFIRMATION_OK"
87,10822735688,10822735723,1,"IOTHUB_CLIENT_CONFIRMATION_OK"
88,10822736021,10822736052,1,"IOTHUB_CLIENT_CONFIRMATION_OK"
89,10822736354,10822736385,1,"IOTHUB_CLIENT_CONFIRMATION_OK"
90,10822736687,10822736719,1,"IOTHUB_CLIENT_CONFIRMATION_OK"
91,10822737021,10822737054,1,"IOTHUB_CLIENT_CONFIRMATION_OK"
92,10822737354,10822737384,1,"IOTHUB_CLIENT_CONFIRMATION_OK"
93,10822737687,10822737720,1,"IOTHUB_CLIENT_CONFIRMATION_OK"
94,10822738020,10822738078,1,"IOTHUB_CLIENT_CONFIRMATION_OK"
95,10822738353,10822738383,1,"IOTHUB_CLIENT_CONFIRMATION_OK"
96,10822738686,10822738718,1,"IOTHUB_CLIENT_CONFIRMATION_OK"
97,10822739020,10822739099,1,"IOTHUB_CLIENT_CONFIRMATION_OK"
98,10822739353,10822739386,1,"IOTHUB_CLIENT_CONFIRMATION_OK"
99,10822739686,10822739719,1,"IOTHUB_CLIENT_CONFIRMATION_OK"
100,10822740019,10822740052,1,"IOTHUB_CLIENT_CONFIRMATION_OK"
101,10822740352,10822740385,1,"IOTHUB_CLIENT_CONFIRMATION_OK"
102,10822740685,10822740721,1,"IOTHUB_CLIENT_CONFIRMATION_OK"
103,10822741019,10822741049,1,"IOTHUB_CLIENT_CONFIRMATION_OK"
104,10822741352,10822741382,1,"IOTHUB_CLIENT_CONFIRMATION_OK"
105,10822741685,10822741716,1,"IOTHUB_CLIENT_CONFIRMATION_OK"
106,10822742018,10822742053,1,"IOTHUB_CLIENT_CONFIRMATION_OK"
107,10822742351,10822742383,1,"IOTHUB_CLIENT_CONFIRMATION_OK"
108,10822742684,10822742716,1,"IOTHUB_CLIENT_CONFIRMATION_OK"
109,10822743017,10822743047,1,"IOTHUB_CLIENT_CONFIRMATION_OK"
110,10822743351,10822743383,1,"IOTHUB_CLIENT_CONFIRMATION_OK"
111,10822743684,10822743716,1,"IOTHUB_CLIENT_CONFIRMATION_OK"
112,10822744017,10822744046,1,"IOTHUB_CLIENT_CONFIRMATION_OK"
113,10822744350,10822744382,1,"IOTHUB_CLIENT_CONFIRMATION_OK"
114,10822744683,10822744712,1,"IOTHUB_CLIENT_CONFIRMATION_OK"
115,10822745016,10822745059,1,"IOTHUB_CLIENT_CONFIRMATION_OK"
116,10822745349,10822745383,1,"IOTHUB_CLIENT_CONFIRMATION_OK"
117,10822745683,10822745712,1,"IOTHUB_CLIENT_CONFIRMATION_OK"
118,10822746016,10822746048,1,"IOTHUB_CLIENT_CONFIRMATION_OK"
119,10822746349,10822746381,1,"IOTHUB_CLIENT_CONFIRMATION_OK"
120,10822746682,10822746808,1,"IOTHUB_CLIENT_CONFIRMATION_OK"
121,10822747015,10822747048,1,"IOTHUB_CLIENT_CONFIRMATION_OK"
122,10822747348,10822747394,1,"IOTHUB_CLIENT_CONFIRMATION_OK"
123,10822747682,10822747714,1,"IOTHUB_CLIENT_CONFIRMATION_OK"
124,10822748015,10822748050,1,"IOTHUB_CLIENT_CONFIRMATION_OK"
125,10822748348,10822748399,1,"IOTHUB_CLIENT_CONFIRMATION_OK"
126,10822748681,10822748715,1,"IOTHUB_CLIENT_CONFIRMATION_OK"
127,10822749014,10822749046,1,"IOTHUB_CLIENT_CONFIRMATION_OK"
128,10822749347,10822749417,1,"IOTHUB_CLIENT_CONFIRMATION_OK"
129,10822749681,10822749727,1,"IOTHUB_CLIENT_CONFIRMATION_OK"
130,10822750014,10822750134,1,"IOTHUB_CLIENT_CONFIRMATION_OK"
131,10822750347,10822750380,1,"IOTHUB_CLIENT_CONFIRMATION_OK"
132,10822750680,10822750711,1,"IOTHUB_CLIENT_CONFIRMATION_OK"
133,10822751013,10822751053,1,"IOTHUB_CLIENT_CONFIRMATION_OK"
134,10822751346,10822751379,1,"IOTHUB_CLIENT_CONFIRMATION_OK"
135,10822751679,10822751711,1,"IOTHUB_CLIENT_CONFIRMATION_OK"
136,10822752013,10822752047,1,"IOTHUB_CLIENT_CONFIRMATION_OK"
137,10822752346,10822752377,1,"IOTHUB_CLIENT_CONFIRMATION_OK"
138,10822752679,10822752718,1,"IOTHUB_CLIENT_CONFIRMATION_OK"
139,10822753012,10822753044,1,"IOTHUB_CLIENT_CONFIRMATION_OK"
140,10822753345,10822753375,1,"IOTHUB_CLIENT_CONFIRMATION_OK"
141,10822753678,10822753734,1,"IOTHUB_CLIENT_CONFIRMATION_OK"
142,10822754012,10822754047,1,"IOTHUB_CLIENT_CONFIRMATION_OK"
143,10822754345,10822754379,1,"IOTHUB_CLIENT_CONFIRMATION_OK"
144,10822754678,10822754852,1,"IOTHUB_CLIENT_CONFIRMATION_OK"
145,10822755011,10822755044,1,"IOTHUB_CLIENT_CONFIRMATION_OK"
146,10822755344,10822755374,1,"IOTHUB_CLIENT_CONFIRMATION_OK"
147,10822755677,10822755711,1,"IOTHUB_CLIENT_CONFIRMATION_OK"
148,10822756011,10822756043,1,"IOTHUB_CLIENT_CONFIRMATION_OK"
149,10822756344,10822756374,1,"IOTHUB_CLIENT_CONFIRMATION_OK"
150,10822756677,10822756716,1,"IOTHUB_CLIENT_CONFIRMATION_OK"
151,10822757010,10822757043,1,"IOTHUB_CLIENT_CONFIRMATION_OK"
152,10822757343,10822757373,1,"IOTHUB_CLIENT_CONFIRMATION_OK"
153,10822757676,10822757728,1,"IOTHUB_CLIENT_CONFIRMATION_OK"
154,10822758010,10822758045,1,"IOTHUB_CLIENT_CONFIRMATION_OK"
155,10822758343,10822758378,1,"IOTHUB_CLIENT_CONFIRMATION_OK"
156,10822758676,10822758821,1,"IOTHUB_CLIENT_CONFIRMATION_OK"
157,10822759009,10822759041,1,"IOTHUB_CLIENT_CONFIRMATION_OK"
158,10822759342,10822759431,1,"IOTHUB_CLIENT_CONFIRMATION_OK"
159,10822759675,10822759709,1,"IOTHUB_CLIENT_CONFIRMATION_OK"
160,10822760009,10822760040,1,"IOTHUB_CLIENT_CONFIRMATION_OK"
161,10822760342,10822760446,1,"IOTHUB_CLIENT_CONFIRMATION_OK"
162,10822760675,10822760706,1,"IOTHUB_CLIENT_CONFIRMATION_OK"
163,10822761008,10822761052,1,"IOTHUB_CLIENT_CONFIRMATION_OK"
164,10822761341,10822761406,1,"IOTHUB_CLIENT_CONFIRMATION_OK"
165,10822761674,10822761707,1,"IOTHUB_CLIENT_CONFIRMATION_OK"
166,10822762008,10822762071,1,"IOTHUB_CLIENT_CONFIRMATION_OK"
167,10822762341,10822762374,1,"IOTHUB_CLIENT_CONFIRMATION_OK"
168,10822762674,10822762704,1,"IOTHUB_CLIENT_CONFIRMATION_OK"
169,10822763007,10822763036,1,"IOTHUB_CLIENT_CONFIRMATION_OK"
170,10822763340,10822763372,1,"IOTHUB_CLIENT_CONFIRMATION_OK"
171,10822763673,10822763709,1,"IOTHUB_CLIENT_CONFIRMATION_OK"
172,10822764006,10822764038,1,"IOTHUB_CLIENT_CONFIRMATION_OK"
173,10822764340,10822764393,1,"IOTHUB_CLIENT_CONFIRMATION_OK"
174,10822764673,10822764704,1,"IOTHUB_CLIENT_CONFIRMATION_OK"
175,10822765006,10822765035,1,"IOTHUB_CLIENT_CONFIRMATION_OK"
176,10822765339,10822765385,1,"IOTHUB_CLIENT_CONFIRMATION_OK"
177,10822765672,10822765704,1,"IOTHUB_CLIENT_CONFIRMATION_OK"
178,10822766005,10822766037,1,"IOTHUB_CLIENT_CONFIRMATION_OK"
179,10822766339,10822766390,1,"IOTHUB_CLIENT_CONFIRMATION_OK"
180,10822766672,10822766707,1,"IOTHUB_CLIENT_CONFIRMATION_OK"
181,10822767005,10822767037,1,"IOTHUB_CLIENT_CONFIRMATION_OK"
182,10822767338,10822767371,1,"IOTHUB_CLIENT_CONFIRMATION_OK"
183,10822767671,10822767705,1,"IOTHUB_CLIENT_CONFIRMATION_OK"
184,10822768004,10822768180,1,"IOTHUB_CLIENT_CONFIRMATION_OK"
185,10822768338,10822768366,1,"IOTHUB_CLIENT_CONFIRMATION_OK"
186,10822768671,10822768703,1,"IOTHUB_CLIENT_CONFIRMATION_OK"
187,10822769004,10822769036,1,"IOTHUB_CLIENT_CONFIRMATION_OK"
188,10822769337,10822769368,1,"IOTHUB_CLIENT_CONFIRMATION_OK"
189,10822769670,10822769805,1,"IOTHUB_CLIENT_CONFIRMATION_OK"
190,10822770003,10822770037,1,"IOTHUB_CLIENT_CONFIRMATION_OK"
191,10822770336,10822770369,1,"IOTHUB_CLIENT_CONFIRMATION_OK"
192,10822770670,10822770699,1,"IOTHUB_CLIENT_CONFIRMATION_OK"
193,10822771003,10822771036,1,"IOTHUB_CLIENT_CONFIRMATION_OK"
194,10822771336,10822771432,1,"IOTHUB_CLIENT_CONFIRMATION_OK"
195,10822771669,10822771702,1,"IOTHUB_CLIENT_CONFIRMATION_OK"
196,10822772002,10822772037,1,"IOTHUB_CLIENT_CONFIRMATION_OK"
197,10822772335,10822772372,1,"IOTHUB_CLIENT_CONFIRMATION_OK"
198,10822772669,10822772697,1,"IOTHUB_CLIENT_CONFIRMATION_OK"
199,10822773002,10822773059,1,"IOTHUB_CLIENT_CONFIRMATION_OK"
200,10822773335,10822773372,1,"IOTHUB_CLIENT_CONFIRMATION_OK"
201,10822773668,10822773697,1,"IOTHUB_CLIENT_CONFIRMATION_OK"
202,10822774001,10822774035,1,"IOTHUB_CLIENT_CONFIRMATION_OK"
203,10822774334,10822774371,1,"IOTHUB_CLIENT_CONFIRMATION_OK"
204,10822774668,10822774698,1,"IOTHUB_CLIENT_CONFIRMATION_OK"
205,10822775001,10822775031,1,"IOTHUB_CLIENT_CONFIRMATION_OK"
206,10822775334,10822775372,1,"IOTHUB_CLIENT_CONFIRMATION_OK"
207,10822775667,10822775698,1,"IOTHUB_CLIENT_CONFIRMATION_OK"
208,10822776000,10822776032,1,"IOTHUB_CLIENT_CONFIRMATION_OK"
209,10822776333,10822776370,1,"IOTHUB_CLIENT_CONFIRMATION_OK"
210,10822776666,10822776700,1,"IOTHUB_CLIENT_CONFIRMATION_OK"
211,10822777000,10822777031,1,"IOTHUB_CLIENT_CONFIRMATION_OK"
212,10822777333,10822777524,1,"IOTHUB_CLIENT_CONFIRMATION_OK"
213,10822777666,10822777696,1,"IOTHUB_CLIENT_CONFIRMATION_OK"
214,10822777999,10822778034,1,"IOTHUB_CLIENT_CONFIRMATION_OK"
215,10822778332,10822778366,1,"IOTHUB_CLIENT_CONFIRMATION_OK"
216,10822778665,10822778706,1,"IOTHUB_CLIENT_CONFIRMATION_OK"
217,10822778999,10822779147,1,"IOTHUB_CLIENT_CONFIRMATION_OK"
218,10822779332,10822779363,1,"IOTHUB_CLIENT_CONFIRMATION_OK"
219,10822779665,10822779700,1,"IOTHUB_CLIENT_CONFIRMATION_OK"
220,10822779998,10822780029,1,"IOTHUB_CLIENT_CONFIRMATION_OK"
221,10822780331,10822780363,1,"IOTHUB_CLIENT_CONFIRMATION_OK"
222,10822780664,10822780783,1,"IOTHUB_CLIENT_CONFIRMATION_OK"
223,10822780998,10822781031,1,"IOTHUB_CLIENT_CONFIRMATION_OK"
224,10822781331,10822781367,1,"IOTHUB_CLIENT_CONFIRMATION_OK"
225,10822781664,10822781702,1,"IOTHUB_CLIENT_CONFIRMATION_OK"
226,10822781997,10822782032,1,"IOTHUB_CLIENT_CONFIRMATION_OK"
227,10822782330,10822782401,1,"IOTHUB_CLIENT_CONFIRMATION_OK"
228,10822782663,10822782697,1,"IOTHUB_CLIENT_CONFIRMATION_OK"
229,10822782997,10822783075,1,"IOTHUB_CLIENT_CONFIRMATION_OK"
230,10822783330,10822783360,1,"IOTHUB_CLIENT_CONFIRMATION_OK"
231,10822783663,10822783695,1,"IOTHUB_CLIENT_CONFIRMATION_OK"
232,10822783996,10822784029,1,"IOTHUB_CLIENT_CONFIRMATION_OK"
233,10822784329,10822784361,1,"IOTHUB_CLIENT_CONFIRMATION_OK"
234,10822784662,10822784695,1,"IOTHUB_CLIENT_CONFIRMATION_OK"
235,10822784995,10822785034,1,"IOTHUB_CLIENT_CONFIRMATION_OK"
236,10822785329,10822785359,1,"IOTHUB_CLIENT_CONFIRMATION_OK"
237,10822785662,10822785871,1,"IOTHUB_CLIENT_CONFIRMATION_OK"
238,10822785995,10822786024,1,"IOTHUB_CLIENT_CONFIRMATION_OK"
239,10822786328,10822786403,1,"IOTHUB_CLIENT_CONFIRMATION_OK"
240,10822786661,10822786870,1,"IOTHUB_CLIENT_CONFIRMATION_OK"
241,10822786994,10822787022,1,"IOTHUB_CLIENT_CONFIRMATION_OK"
242,10822787328,10822787357,1,"IOTHUB_CLIENT_CONFIRMATION_OK"
243,10822787661,10822787695,1,"IOTHUB_CLIENT_CONFIRMATION_OK"
244,10822787994,10822788025,1,"IOTHUB_CLIENT_CONFIRMATION_OK"
245,10822788327,10822788501,1,"IOTHUB_CLIENT_CONFIRMATION_OK"
246,10822788660,10822788703,1,"IOTHUB_CLIENT_CONFIRMATION_OK"
247,10822788993,10822789025,1,"IOTHUB_CLIENT_CONFIRMATION_OK"
248,10822789326,10822789356,1,"IOTHUB_CLIENT_CONFIRMATION_OK"
249,10822789660,10822789693,1,"IOTHUB_CLIENT_CONFIRMATION_OK"
250,10822789993,10822790118,1,"IOTHUB_CLIENT_CONFIRMATION_OK"
251,10822790326,10822790358,1,"IOTHUB_CLIENT_CONFIRMATION_OK"
252,10822790659,10822790693,1,"IOTHUB_CLIENT_CONFIRMATION_OK"
253,10822790992,10822791026,1,"IOTHUB_CLIENT_CONFIRMATION_OK"
254,10822791325,10822791356,1,"IOTHUB_CLIENT_CONFIRMATION_OK"
255,10822791659,10822791744,1,"IOTHUB_CLIENT_CONFIRMATION_OK"
256,10822791992,10822792029,1,"IOTHUB_CLIENT_CONFIRMATION_OK"
257,10822792325,10822792353,1,"IOTHUB_CLIENT_CONFIRMATION_OK"
258,10822792658,10822792689,1,"IOTHUB_CLIENT_CONFIRMATION_OK"
259,10822792991,10822793022,1,"IOTHUB_CLIENT_CONFIRMATION_OK"
260,10822793324,10822793376,1,"IOTHUB_CLIENT_CONFIRMATION_OK"
261,10822793657,10822793686,1,"IOTHUB_CLIENT_CONFIRMATION_OK"
262,10822793991,10822794076,1,"IOTHUB_CLIENT_CONFIRMATION_OK"
263,10822794324,10822794381,1,"IOTHUB_CLIENT_CONFIRMATION_OK"
264,10822794657,10822794693,1,"IOTHUB_CLIENT_CONFIRMATION_OK"
265,10822794990,10822795023,1,"IOTHUB_CLIENT_CONFIRMATION_OK"
266,10822795323,10822795357,1,"IOTHUB_CLIENT_CONFIRMATION_OK"
267,10822795656,10822795685,1,"IOTHUB_CLIENT_CONFIRMATION_OK"
268,10822795990,10822796023,1,"IOTHUB_CLIENT_CONFIRMATION_OK"
269,10822796323,10822796470,1,"IOTHUB_CLIENT_CONFIRMATION_OK"
270,10822796656,10822796806,1,"IOTHUB_CLIENT_CONFIRMATION_OK"
271,10822796989,10822797018,1,"IOTHUB_CLIENT_CONFIRMATION_OK"
272,10822797322,10822797360,1,"IOTHUB_CLIENT_CONFIRMATION_OK"
273,10822797655,10822797692,1,"IOTHUB_CLIENT_CONFIRMATION_OK"
274,10822797989,10822798024,1,"IOTHUB_CLIENT_CONFIRMATION_OK"
275,10822798322,10822798354,1,"IOTHUB_CLIENT_CONFIRMATION_OK"
276,10822798655,10822798689,1,"IOTHUB_CLIENT_CONFIRMATION_OK"
277,10822798988,10822799029,1,"IOTHUB_CLIENT_CONFIRMATION_OK"
278,10822799321,10822799365,1,"IOTHUB_CLIENT_CONFIRMATION_OK"
279,10822799654,10822799683,1,"IOTHUB_CLIENT_CONFIRMATION_OK"
280,10822799987,10822800029,1,"IOTHUB_CLIENT_CONFIRMATION_OK"
281,10822800321,10822800399,1,"IOTHUB_CLIENT_CONFIRMATION_OK"
282,10822800654,10822800685,1,"IOTHUB_CLIENT_CONFIRMATION_OK"
283,10822800987,10822801018,1,"IOTHUB_CLIENT_CONFIRMATION_OK"
284,10822801320,10822801361,1,"IOTHUB_CLIENT_CONFIRMATION_OK"
285,10822801653,10822801686,1,"IOTHUB_CLIENT_CONFIRMATION_OK"
286,10822801986,10822802015,1,"IOTHUB_CLIENT_CONFIRMATION_OK"
287,10822802320,10822802352,1,"IOTHUB_CLIENT_CONFIRMATION_OK"
288,10822802653,10822802751,1,"IOTHUB_CLIENT_CONFIRMATION_OK"
289,10822802986,10822803027,1,"IOTHUB_CLIENT_CONFIRMATION_OK"
290,10822803319,10822803354,1,"IOTHUB_CLIENT_CONFIRMATION_OK"
291,10822803652,10822803758,1,"IOTHUB_CLIENT_CONFIRMATION_OK"
292,10822803985,10822804015,1,"IOTHUB_CLIENT_CONFIRMATION_OK"
293,10822804319,10822804376,1,"IOTHUB_CLIENT_CONFIRMATION_OK"
294,10822804652,10822804688,1,"IOTHUB_CLIENT_CONFIRMATION_OK"
295,10822804985,10822805014,1,"IOTHUB_CLIENT_CONFIRMATION_OK"
296,10822805318,10822805406,1,"IOTHUB_CLIENT_CONFIRMATION_OK"
297,10822805651,10822805690,1,"IOTHUB_CLIENT_CONFIRMATION_OK"
298,10822805984,10822806013,1,"IOTHUB_CLIENT_CONFIRMATION_OK"
299,10822806317,10822806352,1,"IOTHUB_CLIENT_CONFIRMATION_OK"
300,10822806651,10822806684,1,"IOTHUB_CLIENT_CONFIRMATION_OK"
301,10822806984,10822807016,1,"IOTHUB_CLIENT_CONFIRMATION_OK"
302,10822807317,10822807347,1,"IOTHUB_CLIENT_CONFIRMATION_OK"
303,10822807650,10822807722,1,"IOTHUB_CLIENT_CONFIRMATION_OK"
304,10822807983,10822808029,1,"IOTHUB_CLIENT_CONFIRMATION_OK"
305,10822808316,10822808347,1,"IOTHUB_CLIENT_CONFIRMATION_OK"
306,10822808650,10822808732,1,"IOTHUB_CLIENT_CONFIRMATION_OK"
307,10822808983,10822809016,1,"IOTHUB_CLIENT_CONFIRMATION_OK"
308,10822809316,10822809349,1,"IOTHUB_CLIENT_CONFIRMATION_OK"
309,10822809649,10822809683,1,"IOTHUB_CLIENT_CONFIRMATION_OK"
310,10822809982,10822810010,1,"IOTHUB_CLIENT_CONFIRMATION_OK"
311,10822810315,10822810355,1,"IOTHUB_CLIENT_CONFIRMATION_OK"
312,10822810648,10822810683,1,"IOTHUB_CLIENT_CONFIRMATION_OK"
313,10822810982,10822811015,1,"IOTHUB_CLIENT_CONFIRMATION_OK"
314,10822811315,10822811348,1,"IOTHUB_CLIENT_CONFIRMATION_OK"
315,10822811648,10822811678,1,"IOTHUB_CLIENT_CONFIRMATION_OK"
316,10822811981,10822812011,1,"IOTHUB_CLIENT_CONFIRMATION_OK"
317,10822812314,10822812364,1,"IOTHUB_CLIENT_CONFIRMATION_OK"
318,10822812647,10822812716,1,"IOTHUB_CLIENT_CONFIRMATION_OK"
319,10822812981,10822813011,1,"IOTHUB_CLIENT_CONFIRMATION_OK"
320,10822813314,10822813377,1,"IOTHUB_CLIENT_CONFIRMATION_OK"
321,10822813647,10822813678,1,"IOTHUB_CLIENT_CONFIRMATION_OK"
322,10822813980,10822814010,1,"IOTHUB_CLIENT_CONFIRMATION_OK"
323,10822814313,10822814347,1,"IOTHUB_CLIENT_CONFIRMATION_OK"
324,10822814646,10822814675,1,"IOTHUB_CLIENT_CONFIRMATION_OK"
325,10822814980,10822815011,1,"IOTHUB_CLIENT_CONFIRMATION_OK"
326,10822815313,10822815341,1,"IOTHUB_CLIENT_CONFIRMATION_OK"
327,10822815646,10822815757,1,"IOTHUB_CLIENT_CONFIRMATION_OK"
328,10822815979,10822816014,1,"IOTHUB_CLIENT_CONFIRMATION_OK"
329,10822816312,10822816340,1,"IOTHUB_CLIENT_CONFIRMATION_OK"
330,10822816645,10822816676,1,"IOTHUB_CLIENT_CONFIRMATION_OK"
331,10822816978,10822817007,1,"IOTHUB_CLIENT_CONFIRMATION_OK"
332,10822817312,10822817343,1,"IOTHUB_CLIENT_CONFIRMATION_OK"
333,10822817645,10822817676,1,"IOTHUB_CLIENT_CONFIRMATION_OK"
334,10822817978,10822818009,1,"IOTHUB_CLIENT_CONFIRMATION_OK"
335,10822818311,10822818344,1,"IOTHUB_CLIENT_CONFIRMATION_OK"
336,10822818644,10822818677,1,"IOTHUB_CLIENT_CONFIRMATION_OK"
337,10822818977,10822819206,1,"IOTHUB_CLIENT_CONFIRMATION_OK"
338,10822819311,10822819340,1,"IOTHUB_CLIENT_CONFIRMATION_OK"
339,10822819644,10822819675,1,"IOTHUB_CLIENT_CONFIRMATION_OK"
340,10822819977,10822820023,1,"IOTHUB_CLIENT_CONFIRMATION_OK"
341,10822820310,10822820340,1,"IOTHUB_CLIENT_CONFIRMATION_OK"
342,10822820643,10822820801,1,"IOTHUB_CLIENT_CONFIRMATION_OK"
343,10822820976,10822821022,1,"IOTHUB_CLIENT_CONFIRMATION_OK"
344,10822821310,10822821337,1,"IOTHUB_CLIENT_CONFIRMATION_OK"
345,10822821643,10822821671,1,"IOTHUB_CLIENT_CONFIRMATION_OK"
346,10822821976,10822822007,1,"IOTHUB_CLIENT_CONFIRMATION_OK"
347,10822822309,10822822433,1,"IOTHUB_CLIENT_CONFIRMATION_OK"
348,10822822642,10822822679,1,"IOTHUB_CLIENT_CONFIRMATION_OK"
349,10822822975,10822823023,1,"IOTHUB_CLIENT_CONFIRMATION_OK"
350,10822823309,10822823344,1,"IOTHUB_CLIENT_CONFIRMATION_OK"
351,10822823642,10822823705,1,"IOTHUB_CLIENT_CONFIRMATION_OK"
352,10822823975,10822824101,1,"IOTHUB_CLIENT_CONFIRMATION_OK"
353,10822824308,10822824360,1,"IOTHUB_CLIENT_CONFIRMATION_OK"
354,10822824641,10822824672,1,"IOTHUB_CLIENT_CONFIRMATION_OK"
355,10822824974,10822825005,1,"IOTHUB_CLIENT_CONFIRMATION_OK"
356,10822825307,10822825345,1,"IOTHUB_CLIENT_CONFIRMATION_OK"
357,10822825641,10822825730,1,"IOTHUB_CLIENT_CONFIRMATION_OK"
358,10822825974,10822826003,1,"IOTHUB_CLIENT_CONFIRMATION_OK"
359,10822826307,10822826339,1,"IOTHUB_CLIENT_CONFIRMATION_OK"
360,10822826640,10822826680,1,"IOTHUB_CLIENT_CONFIRMATION_OK"
361,10822826973,10822827004,1,"IOTHUB_CLIENT_CONFIRMATION_OK"
362,10822827306,10822827376,1,"IOTHUB_CLIENT_CONFIRMATION_OK"
363,10822827640,10822827682,1,"IOTHUB_CLIENT_CONFIRMATION_OK"
364,10822827973,10822828005,1,"IOTHUB_CLIENT_CONFIRMATION_OK"
365,10822828306,10822828382,1,"IOTHUB_CLIENT_CONFIRMATION_OK"
366,10822828639,10822828672,1,"IOTHUB_CLIENT_CONFIRMATION_OK"
367,10822828972,10822829009,1,"IOTHUB_CLIENT_CONFIRMATION_OK"
368,10822829305,10822829334,1,"IOTHUB_CLIENT_CONFIRMATION_OK"
369,10822829638,10822829671,1,"IOTHUB_CLIENT_CONFIRMATION_OK"
370,10822829972,10822830006,1,"IOTHUB_CLIENT_CONFIRMATION_OK"
371,10822830305,10822830335,1,"IOTHUB_CLIENT_CONFIRMATION_OK"
372,10822830638,10822830668,1,"IOTHUB_CLIENT_CONFIRMATION_OK"
373,10822830971,10822831004,1,"IOTHUB_CLIENT_CONFIRMATION_OK"
374,10822831304,10822831339,1,"IOTHUB_CLIENT_CONFIRMATION_OK"
375,10822831637,10822831668,1,"IOTHUB_CLIENT_CONFIRMATION_OK"
376,10822831971,10822832001,1,"IOTHUB_CLIENT_CONFIRMATION_OK"
377,10822832304,10822832333,1,"IOTHUB_CLIENT_CONFIRMATION_OK"
378,10822832637,10822832667,1,"IOTHUB_CLIENT_CONFIRMATION_OK"
379,10822832970,10822832998,1,"IOTHUB_CLIENT_CONFIRMATION_OK"
380,10822833303,10822833536,1,"IOTHUB_CLIENT_CONFIRMATION_OK"
381,10822833636,10822833668,1,"IOTHUB_CLIENT_CONFIRMATION_OK"
382,10822833970,10822834001,1,"IOTHUB_CLIENT_CONFIRMATION_OK"
383,10822834303,10822834334,1,"IOTHUB_CLIENT_CONFIRMATION_OK"
384,10822834636,10822834667,1,"IOTHUB_CLIENT_CONFIRMATION_OK"
385,10822834969,10822835001,1,"IOTHUB_CLIENT_CONFIRMATION_OK"
386,10822835302,10822835338,1,"IOTHUB_CLIENT_CONFIRMATION_OK"
387,10822835635,10822835671,1,"IOTHUB_CLIENT_CONFIRMATION_OK"
388,10822835968,10822836023,1,"IOTHUB_CLIENT_CONFIRMATION_OK"
389,10822836302,10822836332,1,"IOTHUB_CLIENT_CONFIRMATION_OK"
390,10822836635,10822836664,1,"IOTHUB_CLIENT_CONFIRMATION_OK"
391,10822836968,10822837015,1,"IOTHUB_CLIENT_CONFIRMATION_OK"
392,10822837301,10822837418,1,"IOTHUB_CLIENT_CONFIRMATION_OK"
393,10822837634,10822837819,1,"IOTHUB_CLIENT_CONFIRMATION_OK"
394,10822837967,10822838008,1,"IOTHUB_CLIENT_CONFIRMATION_OK"
395,10822838301,10822838329,1,"IOTHUB_CLIENT_CONFIRMATION_OK"
396,10822838634,10822838666,1,"IOTHUB_CLIENT_CONFIRMATION_OK"
397,10822838967,10822839000,1,"IOTHUB_CLIENT_CONFIRMATION_OK"
398,10822839300,10822839443,1,"IOTHUB_CLIENT_CONFIRMATION_OK"
399,10822839633,10822839661,1,"IOTHUB_CLIENT_CONFIRMATION_OK"
400,10822839966,10822839995,1,"IOTHUB_CLIENT_CONFIRMATION_OK"
401,10822840299,10822840330,1,"IOTHUB_CLIENT_CONFIRMATION_OK"
402,10822840633,10822840660,1,"IOTHUB_CLIENT_CONFIRMATION_OK"
403,10822840966,10822841070,1,"IOTHUB_CLIENT_CONFIRMATION_OK"
404,10822841299,10822841328,1,"IOTHUB_CLIENT_CONFIRMATION_OK"
405,10822841632,10822841662,1,"IOTHUB_CLIENT_CONFIRMATION_OK"
406,10822841965,10822841999,1,"IOTHUB_CLIENT_CONFIRMATION_OK"
407,10822842298,10822842327,1,"IOTHUB_CLIENT_CONFIRMATION_OK"
408,10822842631,10822842694,1,"IOTHUB_CLIENT_CONFIRMATION_OK"
409,10822842965,10822842994,1,"IOTHUB_CLIENT_CONFIRMATION_OK"
410,10822843298,10822843329,1,"IOTHUB_CLIENT_CONFIRMATION_OK"
411,10822843631,10822843661,1,"IOTHUB_CLIENT_CONFIRMATION_OK"
412,10822843964,10822843996,1,"IOTHUB_CLIENT_CONFIRMATION_OK"
413,10822844297,10822844328,1,"IOTHUB_CLIENT_CONFIRMATION_OK"
414,10822844630,10822844661,1,"IOTHUB_CLIENT_CONFIRMATION_OK"
415,10822844964,10822845032,1,"IOTHUB_CLIENT_CONFIRMATION_OK"
416,10822845297,10822845329,1,"IOTHUB_CLIENT_CONFIRMATION_OK"
417,10822845630,10822845662,1,"IOTHUB_CLIENT_CONFIRMATION_OK"
418,10822845963,10822845996,1,"IOTHUB_CLIENT_CONFIRMATION_OK"
419,10822846296,10822846325,1,"IOTHUB_CLIENT_CONFIRMATION_OK"
420,10822846629,10822846660,1,"IOTHUB_CLIENT_CONFIRMATION_OK"
421,10822846963,10822847051,1,"IOTHUB_CLIENT_CONFIRMATION_OK"
422,10822847296,10822847325,1,"IOTHUB_CLIENT_CONFIRMATION_OK"
423,10822847629,10822847692,1,"IOTHUB_CLIENT_CONFIRMATION_OK"
424,10822847962,10822847992,1,"IOTHUB_CLIENT_CONFIRMATION_OK"
425,10822848295,10822848326,1,"IOTHUB_CLIENT_CONFIRMATION_OK"
426,10822848628,10822848675,1,"IOTHUB_CLIENT_CONFIRMATION_OK"
427,10822848962,10822848994,1,"IOTHUB_CLIENT_CONFIRMATION_OK"
428,10822849295,10822849325,1,"IOTHUB_CLIENT_CONFIRMATION_OK"
429,10822849628,10822849658,1,"IOTHUB_CLIENT_CONFIRMATION_OK"
430,10822849961,10822849989,1,"IOTHUB_CLIENT_CONFIRMATION_OK"
431,10822850294,10822850325,1,"IOTHUB_CLIENT_CONFIRMATION_OK"
432,10822850627,10822850657,1,"IOTHUB_CLIENT_CONFIRMATION_OK"
433,10822850961,10822850989,1,"IOTHUB_CLIENT_CONFIRMATION_OK"
434,10822851294,10822851324,1,"IOTHUB_CLIENT_CONFIRMATION_OK"
435,10822851627,10822851661,1,"IOTHUB_CLIENT_CONFIRMATION_OK"
436,10822851960,10822851989,1,"IOTHUB_CLIENT_CONFIRMATION_OK"
437,10822852293,10822852326,1,"IOTHUB_CLIENT_CONFIRMATION_OK"
438,10822852626,10822852657,1,"IOTHUB_CLIENT_CONFIRMATION_OK"
439,10822852960,10822852991,1,"IOTHUB_CLIENT_CONFIRMATION_OK"
440,10822853293,10822853351,1,"IOTHUB_CLIENT_CONFIRMATION_OK"
441,10822853626,10822853658,1,"IOTHUB_CLIENT_CONFIRMATION_OK"
442,10822853959,10822853991,1,"IOTHUB_CLIENT_CONFIRMATION_OK"
443,10822854292,10822854323,1,"IOTHUB_CLIENT_CONFIRMATION_OK"
444,10822854625,10822854655,1,"IOTHUB_CLIENT_CONFIRMATION_OK"
445,10822854958,10822854988,1,"IOTHUB_CLIENT_CONFIRMATION_OK"
446,10822855292,10822855398,1,"IOTHUB_CLIENT_CONFIRMATION_OK"
447,10822855625,10822855654,1,"IOTHUB_CLIENT_CONFIRMATION_OK"
448,10822855958,10822855994,1,"IOTHUB_CLIENT_CONFIRMATION_OK"
449,10822856291,10822856325,1,"IOTHUB_CLIENT_CONFIRMATION_OK"
450,10822856624,10822856652,1,"IOTHUB_CLIENT_CONFIRMATION_OK"
451,10822856957,10822857066,1,"IOTHUB_CLIENT_CONFIRMATION_OK"
452,10822857291,10822857321,1,"IOTHUB_CLIENT_CONFIRMATION_OK"
453,10822857624,10822857654,1,"IOTHUB_CLIENT_CONFIRMATION_OK"
454,10822857957,10822858067,1,"IOTHUB_CLIENT_CONFIRMATION_OK"
455,10822858290,10822858323,1,"IOTHUB_CLIENT_CONFIRMATION_OK"
456,10822858623,10822858679,1,"IOTHUB_CLIENT_CONFIRMATION_OK"
457,10822858956,10822858985,1,"IOTHUB_CLIENT_CONFIRMATION_OK"
458,10822859290,10822859320,1,"IOTHUB_CLIENT_CONFIRMATION_OK"
459,10822859623,10822859689,1,"IOTHUB_CLIENT_CONFIRMATION_OK"
460,10822859956,10822859988,1,"IOTHUB_CLIENT_CONFIRMATION_OK"
461,10822860289,10822860319,1,"IOTHUB_CLIENT_CONFIRMATION_OK"
462,10822860622,10822860650,1,"IOTHUB_CLIENT_CONFIRMATION_OK"
463,10822860955,10822860985,1,"IOTHUB_CLIENT_CONFIRMATION_OK"
464,10822861288,10822861320,1,"IOTHUB_CLIENT_CONFIRMATION_OK"
465,10822861622,10822861699,1,"IOTHUB_CLIENT_CONFIRMATION_OK"
466,10822861955,10822861988,1,"IOTHUB_CLIENT_CONFIRMATION_OK"
467,10822862288,10822862320,1,"IOTHUB_CLIENT_CONFIRMATION_OK"
468,10822862621,10822862651,1,"IOTHUB_CLIENT_CONFIRMATION_OK"
469,10822862954,10822862988,1,"IOTHUB_CLIENT_CONFIRMATION_OK"
470,10822863287,10822863316,1,"IOTHUB_CLIENT_CONFIRMATION_OK"
471,10822863621,10822863660,1,"IOTHUB_CLIENT_CONFIRMATION_OK"
472,10822863954,10822863983,1,"IOTHUB_CLIENT_CONFIRMATION_OK"
473,10822864287,10822864429,1,"IOTHUB_CLIENT_CONFIRMATION_OK"
474,10822864620,10822864652,1,"IOTHUB_CLIENT_CONFIRMATION_OK"
475,10822864953,10822864983,1,"IOTHUB_CLIENT_CONFIRMATION_OK"
476,10822865286,10822865315,1,"IOTHUB_CLIENT_CONFIRMATION_OK"
477,10822865619,10822865655,1,"IOTHUB_CLIENT_CONFIRMATION_OK"
478,10822865953,10822865985,1,"IOTHUB_CLIENT_CONFIRMATION_OK"
479,10822866286,10822866314,1,"IOTHUB_CLIENT_CONFIRMATION_OK"
480,10822866619,10822866651,1,"IOTHUB_CLIENT_CONFIRMATION_OK"
481,10822866952,10822866982,1,"IOTHUB_CLIENT_CONFIRMATION_OK"
482,10822867285,10822867496,1,"IOTHUB_CLIENT_CONFIRMATION_OK"
483,10822867618,10822867650,1,"IOTHUB_CLIENT_CONFIRMATION_OK"
484,10822867952,10822867982,1,"IOTHUB_CLIENT_CONFIRMATION_OK"
485,10822868285,10822868316,1,"IOTHUB_CLIENT_CONFIRMATION_OK"
486,10822868618,10822868649,1,"IOTHUB_CLIENT_CONFIRMATION_OK"
487,10822868951,10822869094,1,"IOTHUB_CLIENT_CONFIRMATION_OK"
488,10822869284,10822869318,1,"IOTHUB_CLIENT_CONFIRMATION_OK"
489,10822869617,10822869647,1,"IOTHUB_CLIENT_CONFIRMATION_OK"
490,10822869950,10822869983,1,"IOTHUB_CLIENT_CONFIRMATION_OK"
491,10822870284,10822870316,1,"IOTHUB_CLIENT_CONFIRMATION_OK"
492,10822870617,10822870722,1,"IOTHUB_CLIENT_CONFIRMATION_OK"
493,10822870950,10822870982,1,"IOTHUB_CLIENT_CONFIRMATION_OK"
494,10822871283,10822871313,1,"IOTHUB_CLIENT_CONFIRMATION_OK"
495,10822871616,10822871648,1,"IOTHUB_CLIENT_CONFIRMATION_OK"
496,10822871949,10822871979,1,"IOTHUB_CLIENT_CONFIRMATION_OK"
497,10822872283,10822872407,1,"IOTHUB_CLIENT_CONFIRMATION_OK"
498,10822872616,10822872645,1,"IOTHUB_CLIENT_CONFIRMATION_OK"
499,10822872949,10822872998,1,"IOTHUB_CLIENT_CONFIRMATION_OK"
500,10822873282,10822873315,1,"IOTHUB_CLIENT_CONFIRMATION_OK"
501,10822873615,10822873646,1,"IOTHUB_CLIENT_CONFIRMATION_OK"
502,10822873948,10822874032,1,"IOTHUB_CLIENT_CONFIRMATION_OK"
503,10822874282,10822874313,1,"IOTHUB_CLIENT_CONFIRMATION_OK"
504,10822874615,10822874644,1,"IOTHUB_CLIENT_CONFIRMATION_OK"
505,10822874948,10822874978,1,"IOTHUB_CLIENT_CONFIRMATION_OK"
506,10822875281,10822875314,1,"IOTHUB_CLIENT_CONFIRMATION_OK"
507,10822875614,10822875706,1,"IOTHUB_CLIENT_CONFIRMATION_OK"
508,10822875947,10822875978,1,"IOTHUB_CLIENT_CONFIRMATION_OK"
509,10822876281,10822876313,1,"IOTHUB_CLIENT_CONFIRMATION_OK"
510,10822876614,10822876712,1,"IOTHUB_CLIENT_CONFIRMATION_OK"
511,10822876947,10822876977,1,"IOTHUB_CLIENT_CONFIRMATION_OK"
512,10822877280,10822877339,1,"IOTHUB_CLIENT_CONFIRMATION_OK"
513,10822877613,10822877642,1,"IOTHUB_CLIENT_CONFIRMATION_OK"
514,10822877946,10822877976,1,"IOTHUB_CLIENT_CONFIRMATION_OK"
515,10822878279,10822878338,1,"IOTHUB_CLIENT_CONFIRMATION_OK"
516,10822878613,10822878646,1,"IOTHUB_CLIENT_CONFIRMATION_OK"
517,10822878946,10822879003,1,"IOTHUB_CLIENT_CONFIRMATION_OK"
518,10822879279,10822879311,1,"IOTHUB_CLIENT_CONFIRMATION_OK"
519,10822879612,10822879647,1,"IOTHUB_CLIENT_CONFIRMATION_OK"
520,10822879945,10822880082,1,"IOTHUB_CLIENT_CONFIRMATION_OK"
521,10822880278,10822880307,1,"IOTHUB_CLIENT_CONFIRMATION_OK"
522,10822880612,10822880642,1,"IOTHUB_CLIENT_CONFIRMATION_OK"
523,10822880945,10822880980,1,"IOTHUB_CLIENT_CONFIRMATION_OK"
524,10822881278,10822881308,1,"IOTHUB_CLIENT_CONFIRMATION_OK"
525,10822881611,10822881705,1,"IOTHUB_CLIENT_CONFIRMATION_OK"
526,10822881944,10822881978,1,"IOTHUB_CLIENT_CONFIRMATION_OK"
527,10822882277,10822882312,1,"IOTHUB_CLIENT_CONFIRMATION_OK"
528,10822882611,10822882821,1,"IOTHUB_CLIENT_CONFIRMATION_OK"
529,10822882944,10822882980,1,"IOTHUB_CLIENT_CONFIRMATION_OK"
530,10822883277,10822883347,1,"IOTHUB_CLIENT_CONFIRMATION_OK"
531,10822883610,10822883642,1,"IOTHUB_CLIENT_CONFIRMATION_OK"
532,10822883943,10822883978,1,"IOTHUB_CLIENT_CONFIRMATION_OK"
533,10822884276,10822884336,1,"IOTHUB_CLIENT_CONFIRMATION_OK"
534,10822884610,10822884640,1,"IOTHUB_CLIENT_CONFIRMATION_OK"
535,10822884943,10822884973,1,"IOTHUB_CLIENT_CONFIRMATION_OK"
536,10822885276,10822885309,1,"IOTHUB_CLIENT_CONFIRMATION_OK"
537,10822885609,10822885646,1,"IOTHUB_CLIENT_CONFIRMATION_OK"
538,10822885942,10822885979,1,"IOTHUB_CLIENT_CONFIRMATION_OK"
539,10822886275,10822886305,1,"IOTHUB_CLIENT_CONFIRMATION_OK"
540,10822886609,10822886641,1,"IOTHUB_CLIENT_CONFIRMATION_OK"
541,10822886942,10822886972,1,"IOTHUB_CLIENT_CONFIRMATION_OK"
542,10822887275,10822887305,1,"IOTHUB_CLIENT_CONFIRMATION_OK"
543,10822887608,10822887647,1,"IOTHUB_CLIENT_CONFIRMATION_OK"
544,10822887941,10822887973,1,"IOTHUB_CLIENT_CONFIRMATION_OK"
545,10822888274,10822888305,1,"IOTHUB_CLIENT_CONFIRMATION_OK"
546,10822888607,10822888636,1,"IOTHUB_CLIENT_CONFIRMATION_OK"
547,10822888941,10822888973,1,"IOTHUB_CLIENT_CONFIRMATION_OK"
548,10822889274,10822889307,1,"IOTHUB_CLIENT_CONFIRMATION_OK"
549,10822889607,10822889640,1,"IOTHUB_CLIENT_CONFIRMATION_OK"
550,10822889940,10822889975,1,"IOTHUB_CLIENT_CONFIRMATION_OK"
551,10822890273,10822890305,1,"IOTHUB_CLIENT_CONFIRMATION_OK"
552,10822890606,10822890637,1,"IOTHUB_CLIENT_CONFIRMATION_OK"
553,10822890940,10822891063,1,"IOTHUB_CLIENT_CONFIRMATION_OK"
554,10822891273,10822891305,1,"IOTHUB_CLIENT_CONFIRMATION_OK"
555,10822891606,10822891635,1,"IOTHUB_CLIENT_CONFIRMATION_OK"
556,10822891939,10822891970,1,"IOTHUB_CLIENT_CONFIRMATION_OK"
557,10822892272,10822892306,1,"IOTHUB_CLIENT_CONFIRMATION_OK"
558,10822892605,10822892674,1,"IOTHUB_CLIENT_CONFIRMATION_OK"
559,10822892939,10822892974,1,"IOTHUB_CLIENT_CONFIRMATION_OK"
560,10822893272,10822893302,1,"IOTHUB_CLIENT_CONFIRMATION_OK"
561,10822893605,10822893687,1,"IOTHUB_CLIENT_CONFIRMATION_OK"
562,10822893938,10822893972,1,"IOTHUB_CLIENT_CONFIRMATION_OK"
563,10822894271,10822894305,1,"IOTHUB_CLIENT_CONFIRMATION_OK"
564,10822894604,10822894634,1,"IOTHUB_CLIENT_CONFIRMATION_OK"
565,10822894938,10822894971,1,"IOTHUB_CLIENT_CONFIRMATION_OK"
566,10822895271,10822895306,1,"IOTHUB_CLIENT_CONFIRMATION_OK"
567,10822895604,10822895645,1,"IOTHUB_CLIENT_CONFIRMATION_OK"
568,10822895937,10822895986,1,"IOTHUB_CLIENT_CONFIRMATION_OK"
569,10822896270,10822896302,1,"IOTHUB_CLIENT_CONFIRMATION_OK"
570,10822896603,10822896635,1,"IOTHUB_CLIENT_CONFIRMATION_OK"
571,10822896937,10822896970,1,"IOTHUB_CLIENT_CONFIRMATION_OK"
572,10822897270,10822897314,1,"IOTHUB_CLIENT_CONFIRMATION_OK"
573,10822897603,10822897657,1,"IOTHUB_CLIENT_CONFIRMATION_OK"
574,10822897936,10822897964,1,"IOTHUB_CLIENT_CONFIRMATION_OK"
575,10822898269,10822898302,1,"IOTHUB_CLIENT_CONFIRMATION_OK"
576,10822898602,10822898662,1,"IOTHUB_CLIENT_CONFIRMATION_OK"
577,10822898935,10822898966,1,"IOTHUB_CLIENT_CONFIRMATION_OK"
578,10822899269,10822899299,1,"IOTHUB_CLIENT_CONFIRMATION_OK"
579,10822899602,10822899637,1,"IOTHUB_CLIENT_CONFIRMATION_OK"
580,10822899935,10822899969,1,"IOTHUB_CLIENT_CONFIRMATION_OK"
581,10822900268,10822900296,1,"IOTHUB_CLIENT_CONFIRMATION_OK"
582,10822900601,10822900635,1,"IOTHUB_CLIENT_CONFIRMATION_OK"
583,10822900934,10822900967,1,"IOTHUB_CLIENT_CONFIRMATION_OK"
584,10822901268,10822901300,1,"IOTHUB_CLIENT_CONFIRMATION_OK"
585,10822901601,10822901632,1,"IOTHUB_CLIENT_CONFIRMATION_OK"
586,10822901934,10822902002,1,"IOTHUB_CLIENT_CONFIRMATION_OK"
587,10822902267,10822902302,1,"IOTHUB_CLIENT_CONFIRMATION_OK"
588,10822902600,10822902895,1,"IOTHUB_CLIENT_CONFIRMATION_OK"
589,10822902933,10822903130,1,"IOTHUB_CLIENT_CONFIRMATION_OK"
590,10822903267,10822903301,1,"IOTHUB_CLIENT_CONFIRMATION_OK"
591,10822903600,10822903628,1,"IOTHUB_CLIENT_CONFIRMATION_OK"
592,10822903933,10822903962,1,"IOTHUB_CLIENT_CONFIRMATION_OK"
593,10822904266,10822904295,1,"IOTHUB_CLIENT_CONFIRMATION_OK"
594,10822904599,10822904758,1,"IOTHUB_CLIENT_CONFIRMATION_OK"
595,10822904932,10822904982,1,"IOTHUB_CLIENT_CONFIRMATION_OK"
596,10822905266,10822905294,1,"IOTHUB_CLIENT_CONFIRMATION_OK"
597,10822905599,10822905629,1,"IOTHUB_CLIENT_CONFIRMATION_OK"
598,10822905932,10822905964,1,"IOTHUB_CLIENT_CONFIRMATION_OK"
599,10822906265,10822906373,1,"IOTHUB_CLIENT_CONFIRMATION_OK"
600,10822906598,10822906629,1,"IOTHUB_CLIENT_CONFIRMATION_OK"
601,10822906931,10822906964,1,"IOTHUB_CLIENT_CONFIRMATION_OK"
602,10822907265,10822907294,1,"IOTHUB_CLIENT_CONFIRMATION_OK"
603,10822907598,10822907630,1,"IOTHUB_CLIENT_CONFIRMATION_OK"
604,10822907931,10822908018,1,"IOTHUB_CLIENT_CONFIRMATION_OK"
605,10822908264,10822908294,1,"IOTHUB_CLIENT_CONFIRMATION_OK"
606,10822908597,10822908628,1,"IOTHUB_CLIENT_CONFIRMATION_OK"
607,10822908930,10822908960,1,"IOTHUB_CLIENT_CONFIRMATION_OK"
608,10822909263,10822909302,1,"IOTHUB_CLIENT_CONFIRMATION_OK"
609,10822909597,10822909650,1,"IOTHUB_CLIENT_CONFIRMATION_OK"
610,10822909930,10822909967,1,"IOTHUB_CLIENT_CONFIRMATION_OK"
611,10822910263,10822910296,1,"IOTHUB_CLIENT_CONFIRMATION_OK"
612,10822910596,10822910661,1,"IOTHUB_CLIENT_CONFIRMATION_OK"
613,10822910929,10822910960,1,"IOTHUB_CLIENT_CONFIRMATION_OK"
614,10822911262,10822911292,1,"IOTHUB_CLIENT_CONFIRMATION_OK"
615,10822911596,10822911627,1,"IOTHUB_CLIENT_CONFIRMATION_OK"
616,10822911929,10822911962,1,"IOTHUB_CLIENT_CONFIRMATION_OK"
617,10822912262,10822912294,1,"IOTHUB_CLIENT_CONFIRMATION_OK"
618,10822912595,10822912625,1,"IOTHUB_CLIENT_CONFIRMATION_OK"
619,10822912928,10822912958,1,"IOTHUB_CLIENT_CONFIRMATION_OK"
620,10822913261,10822913318,1,"IOTHUB_CLIENT_CONFIRMATION_OK"
621,10822913595,10822913626,1,"IOTHUB_CLIENT_CONFIRMATION_OK"
622,10822913928,10822913959,1,"IOTHUB_CLIENT_CONFIRMATION_OK"
623,10822914261,10822914289,1,"IOTHUB_CLIENT_CONFIRMATION_OK"
624,10822914594,10822914629,1,"IOTHUB_CLIENT_CONFIRMATION_OK"
625,10822914927,10822914956,1,"IOTHUB_CLIENT_CONFIRMATION_OK"
626,10822915260,10822915312,1,"IOTHUB_CLIENT_CONFIRMATION_OK"
627,10822915594,10822915624,1,"IOTHUB_CLIENT_CONFIRMATION_OK"
628,10822915927,10822915956,1,"IOTHUB_CLIENT_CONFIRMATION_OK"
629,10822916260,10822916334,1,"IOTHUB_CLIENT_CONFIRMATION_OK"
630,10822916593,10822916622,1,"IOTHUB_CLIENT_CONFIRMATION_OK"
631,10822916926,10822916958,1,"IOTHUB_CLIENT_CONFIRMATION_OK"
632,10822917259,10822917293,1,"IOTHUB_CLIENT_CONFIRMATION_OK"
633,10822917593,10822917623,1,"IOTHUB_CLIENT_CONFIRMATION_OK"
634,10822917926,10822917959,1,"IOTHUB_CLIENT_CONFIRMATION_OK"
635,10822918259,10822918290,1,"IOTHUB_CLIENT_CONFIRMATION_OK"
636,10822918592,10822918622,1,"IOTHUB_CLIENT_CONFIRMATION_OK"
637,10822918925,10822918954,1,"IOTHUB_CLIENT_CONFIRMATION_OK"
638,10822919258,10822919288,1,"IOTHUB_CLIENT_CONFIRMATION_OK"
639,10822919592,10822919622,1,"IOTHUB_CLIENT_CONFIRMATION_OK"
640,10822919925,10822920079,1,"IOTHUB_CLIENT_CONFIRMATION_OK"
641,10822920258,10822920286,1,"IOTHUB_CLIENT_CONFIRMATION_OK"
642,10822920591,10822920622,1,"IOTHUB_CLIENT_CONFIRMATION_OK"
643,10822920924,10822920954,1,"IOTHUB_CLIENT_CONFIRMATION_OK"
644,10822921257,10822921308,1,"IOTHUB_CLIENT_CONFIRMATION_OK"
645,10822921591,10822921724,1,"IOTHUB_CLIENT_CONFIRMATION_OK"
646,10822921924,10822921953,1,"IOTHUB_CLIENT_CONFIRMATION_OK"
647,10822922257,10822922292,1,"IOTHUB_CLIENT_CONFIRMATION_OK"
648,10822922590,10822922619,1,"IOTHUB_CLIENT_CONFIRMATION_OK"
649,10822922923,10822922955,1,"IOTHUB_CLIENT_CONFIRMATION_OK"
650,10822923256,10822923332,1,"IOTHUB_CLIENT_CONFIRMATION_OK"
651,10822923590,10822923625,1,"IOTHUB_CLIENT_CONFIRMATION_OK"
652,10822923923,10822923955,1,"IOTHUB_CLIENT_CONFIRMATION_OK"
653,10822924256,10822924290,1,"IOTHUB_CLIENT_CONFIRMATION_OK"
654,10822924589,10822924736,1,"IOTHUB_CLIENT_CONFIRMATION_OK"
655,10822924922,10822924963,1,"IOTHUB_CLIENT_CONFIRMATION_OK"
656,10822925255,10822925283,1,"IOTHUB_CLIENT_CONFIRMATION_OK"
657,10822925588,10822925621,1,"IOTHUB_CLIENT_CONFIRMATION_OK"
658,10822925922,10822925977,1,"IOTHUB_CLIENT_CONFIRMATION_OK"
659,10822926255,10822926287,1,"IOTHUB_CLIENT_CONFIRMATION_OK"
660,10822926588,10822926618,1,"IOTHUB_CLIENT_CONFIRMATION_OK"
661,10822926921,10822926952,1,"IOTHUB_CLIENT_CONFIRMATION_OK"
662,10822927254,10822927287,1,"IOTHUB_CLIENT_CONFIRMATION_OK"
663,10822927587,10822927620,1,"IOTHUB_CLIENT_CONFIRMATION_OK"
664,10822927921,10822927996,1,"IOTHUB_CLIENT_CONFIRMATION_OK"
665,10822928254,10822928284,1,"IOTHUB_CLIENT_CONFIRMATION_OK"
666,10822928587,10822928619,1,"IOTHUB_CLIENT_CONFIRMATION_OK"
667,10822928920,10822928949,1,"IOTHUB_CLIENT_CONFIRMATION_OK"
668,10822929253,10822929286,1,"IOTHUB_CLIENT_CONFIRMATION_OK"
669,10822929586,10822929616,1,"IOTHUB_CLIENT_CONFIRMATION_OK"
670,10822929920,10822929983,1,"IOTHUB_CLIENT_CONFIRMATION_OK"
671,10822930253,10822930284,1,"IOTHUB_CLIENT_CONFIRMATION_OK"
672,10822930586,10822930620,1,"IOTHUB_CLIENT_CONFIRMATION_OK"
673,10822930919,10822930948,1,"IOTHUB_CLIENT_CONFIRMATION_OK"
674,10822931252,10822931283,1,"IOTHUB_CLIENT_CONFIRMATION_OK"
675,10822931585,10822931614,1,"IOTHUB_CLIENT_CONFIRMATION_OK"
676,10822931919,10822931963,1,"IOTHUB_CLIENT_CONFIRMATION_OK"
677,10822932252,10822932288,1,"IOTHUB_CLIENT_CONFIRMATION_OK"
678,10822932585,10822932748,1,"IOTHUB_CLIENT_CONFIRMATION_OK"
679,10822932918,10822933115,1,"IOTHUB_CLIENT_CONFIRMATION_OK"
680,10822933251,10822933282,1,"IOTHUB_CLIENT_CONFIRMATION_OK"
681,10822933584,10822933615,1,"IOTHUB_CLIENT_CONFIRMATION_OK"
682,10822933918,10822933947,1,"IOTHUB_CLIENT_CONFIRMATION_OK"
683,10822934251,10822934282,1,"IOTHUB_CLIENT_CONFIRMATION_OK"
684,10822934584,10822934730,1,"IOTHUB_CLIENT_CONFIRMATION_OK"
685,10822934917,10822934948,1,"IOTHUB_CLIENT_CONFIRMATION_OK"
686,10822935250,10822935383,1,"IOTHUB_CLIENT_CONFIRMATION_OK"
687,10822935583,10822935615,1,"IOTHUB_CLIENT_CONFIRMATION_OK"
688,10822935917,10822935949,1,"IOTHUB_CLIENT_CONFIRMATION_OK"
689,10822936250,10822936280,1,"IOTHUB_CLIENT_CONFIRMATION_OK"
690,10822936583,10822936613,1,"IOTHUB_CLIENT_CONFIRMATION_OK"
691,10822936916,10822937007,1,"IOTHUB_CLIENT_CONFIRMATION_OK"
692,10822937249,10822937277,1,"IOTHUB_CLIENT_CONFIRMATION_OK"
693,10822937582,10822937614,1,"IOTHUB_CLIENT_CONFIRMATION_OK"
694,10822937916,10822937949,1,"IOTHUB_CLIENT_CONFIRMATION_OK"
695,10822938249,10822938284,1,"IOTHUB_CLIENT_CONFIRMATION_OK"
696,10822938582,10822938634,1,"IOTHUB_CLIENT_CONFIRMATION_OK"
697,10822938915,10822938946,1,"IOTHUB_CLIENT_CONFIRMATION_OK"
698,10822939248,10822939277,1,"IOTHUB_CLIENT_CONFIRMATION_OK"
699,10822939581,10822939612,1,"IOTHUB_CLIENT_CONFIRMATION_OK"
700,10822939915,10822939945,1,"IOTHUB_CLIENT_CONFIRMATION_OK"
701,10822940248,10822940277,1,"IOTHUB_CLIENT_CONFIRMATION_OK"
702,10822940581,10822940611,1,"IOTHUB_CLIENT_CONFIRMATION_OK"
703,10822940914,10822940944,1,"IOTHUB_CLIENT_CONFIRMATION_OK"
704,10822941247,10822941280,1,"IOTHUB_CLIENT_CONFIRMATION_OK"
705,10822941580,10822941630,1,"IOTHUB_CLIENT_CONFIRMATION_OK"
706,10822941913,10822941945,1,"IOTHUB_CLIENT_CONFIRMATION_OK"
707,10822942247,10822942276,1,"IOTHUB_CLIENT_CONFIRMATION_OK"
708,10822942580,10822942613,1,"IOTHUB_CLIENT_CONFIRMATION_OK"
709,10822942913,10822942942,1,"IOTHUB_CLIENT_CONFIRMATION_OK"
710,10822943246,10822943274,1,"IOTHUB_CLIENT_CONFIRMATION_OK"
711,10822943579,10822943612,1,"IOTHUB_CLIENT_CONFIRMATION_OK"
712,10822943912,10822943945,1,"IOTHUB_CLIENT_CONFIRMATION_OK"
713,10822944246,10822944303,1,"IOTHUB_CLIENT_CONFIRMATION_OK"
714,10822944579,10822944611,1,"IOTHUB_CLIENT_CONFIRMATION_OK"
715,10822944912,10822944944,1,"IOTHUB_CLIENT_CONFIRMATION_OK"
716,10822945245,10822945277,1,"IOTHUB_CLIENT_CONFIRMATION_OK"
717,10822945578,10822945610,1,"IOTHUB_CLIENT_CONFIRMATION_OK"
718,10822945911,10822945941,1,"IOTHUB_CLIENT_CONFIRMATION_OK"
719,10822946245,10822946361,1,"IOTHUB_CLIENT_CONFIRMATION_OK"
720,10822946578,10822946611,1,"IOTHUB_CLIENT_CONFIRMATION_OK"
721,10822946911,10822946966,1,"IOTHUB_CLIENT_CONFIRMATION_OK"
722,10822947244,10822947276,1,"IOTHUB_CLIENT_CONFIRMATION_OK"
723,10822947577,10822947606,1,"IOTHUB_CLIENT_CONFIRMATION_OK"
724,10822947910,10822947981,1,"IOTHUB_CLIENT_CONFIRMATION_OK"
725,10822948244,10822948335,1,"IOTHUB_CLIENT_CONFIRMATION_OK"
726,10822948577,10822948606,1,"IOTHUB_CLIENT_CONFIRMATION_OK"
727,10822948910,10822948998,1,"IOTHUB_CLIENT_CONFIRMATION_OK"
728,10822949243,10822949277,1,"IOTHUB_CLIENT_CONFIRMATION_OK"
729,10822949576,10822949612,1,"IOTHUB_CLIENT_CONFIRMATION_OK"
730,10822949909,10822949938,1,"IOTHUB_CLIENT_CONFIRMATION_OK"
731,10822950243,10822950273,1,"IOTHUB_CLIENT_CONFIRMATION_OK"
732,10822950576,10822950678,1,"IOTHUB_CLIENT_CONFIRMATION_OK"
733,10822950909,10822950941,1,"IOTHUB_CLIENT_CONFIRMATION_OK"
734,10822951242,10822951271,1,"IOTHUB_CLIENT_CONFIRMATION_OK"
735,10822951575,10822951607,1,"IOTHUB_CLIENT_CONFIRMATION_OK"
736,10822951908,10822951940,1,"IOTHUB_CLIENT_CONFIRMATION_OK"
737,10822952242,10822952308,1,"IOTHUB_CLIENT_CONFIRMATION_OK"
738,10822952575,10822952604,1,"IOTHUB_CLIENT_CONFIRMATION_OK"
739,10822952908,10822952939,1,"IOTHUB_CLIENT_CONFIRMATION_OK"
740,10822953241,10822953272,1,"IOTHUB_CLIENT_CONFIRMATION_OK"
741,10822953574,10822953607,1,"IOTHUB_CLIENT_CONFIRMATION_OK"
742,10822953907,10822953937,1,"IOTHUB_CLIENT_CONFIRMATION_OK"
743,10822954241,10822954275,1,"IOTHUB_CLIENT_CONFIRMATION_OK"
744,10822954574,10822954603,1,"IOTHUB_CLIENT_CONFIRMATION_OK"
745,10822954907,10822954938,1,"IOTHUB_CLIENT_CONFIRMATION_OK"
746,10822955240,10822955269,1,"IOTHUB_CLIENT_CONFIRMATION_OK"
747,10822955573,10822955605,1,"IOTHUB_CLIENT_CONFIRMATION_OK"
748,10822955906,10822955936,1,"IOTHUB_CLIENT_CONFIRMATION_OK"
749,10822956240,10822956267,1,"IOTHUB_CLIENT_CONFIRMATION_OK"
750,10822956573,10822956650,1,"IOTHUB_CLIENT_CONFIRMATION_OK"
751,10822956906,10822956937,1,"IOTHUB_CLIENT_CONFIRMATION_OK"
752,10822957239,10822957268,1,"IOTHUB_CLIENT_CONFIRMATION_OK"
753,10822957572,10822957637,1,"IOTHUB_CLIENT_CONFIRMATION_OK"
754,10822957905,10822957961,1,"IOTHUB_CLIENT_CONFIRMATION_OK"
755,10822958239,10822958275,1,"IOTHUB_CLIENT_CONFIRMATION_OK"
756,10822958572,10822958606,1,"IOTHUB_CLIENT_CONFIRMATION_OK"
757,10822958905,10822958938,1,"IOTHUB_CLIENT_CONFIRMATION_OK"
758,10822959238,10822959271,1,"IOTHUB_CLIENT_CONFIRMATION_OK"
759,10822959571,10822959600,1,"IOTHUB_CLIENT_CONFIRMATION_OK"
760,10822959904,10822959933,1,"IOTHUB_CLIENT_CONFIRMATION_OK"
761,10822960238,10822960347,1,"IOTHUB_CLIENT_CONFIRMATION_OK"
762,10822960571,10822960626,1,"IOTHUB_CLIENT_CONFIRMATION_OK"
763,10822960904,10822960936,1,"IOTHUB_CLIENT_CONFIRMATION_OK"
764,10822961237,10822961267,1,"IOTHUB_CLIENT_CONFIRMATION_OK"
765,10822961570,10822961600,1,"IOTHUB_CLIENT_CONFIRMATION_OK"
766,10822961903,10822961936,1,"IOTHUB_CLIENT_CONFIRMATION_OK"
767,10822962237,10822962269,1,"IOTHUB_CLIENT_CONFIRMATION_OK"
768,10822962570,10822962603,1,"IOTHUB_CLIENT_CONFIRMATION_OK"
769,10822962903,10822962934,1,"IOTHUB_CLIENT_CONFIRMATION_OK"
770,10822963236,10822963267,1,"IOTHUB_CLIENT_CONFIRMATION_OK"
771,10822963569,10822963597,1,"IOTHUB_CLIENT_CONFIRMATION_OK"
772,10822963902,10822963936,1,"IOTHUB_CLIENT_CONFIRMATION_OK"
773,10822964236,10822964268,1,"IOTHUB_CLIENT_CONFIRMATION_OK"
774,10822964569,10822964606,1,"IOTHUB_CLIENT_CONFIRMATION_OK"
775,10822964902,10822965015,1,"IOTHUB_CLIENT_CONFIRMATION_OK"
776,10822965235,10822965265,1,"IOTHUB_CLIENT_CONFIRMATION_OK"
777,10822965568,10822965598,1,"IOTHUB_CLIENT_CONFIRMATION_OK"
778,10822965901,10822965944,1,"IOTHUB_CLIENT_CONFIRMATION_OK"
779,10822966235,10822966265,1,"IOTHUB_CLIENT_CONFIRMATION_OK"
780,10822966568,10822966635,1,"IOTHUB_CLIENT_CONFIRMATION_OK"
781,10822966901,10822966934,1,"IOTHUB_CLIENT_CONFIRMATION_OK"
782,10822967234,10822967332,1,"IOTHUB_CLIENT_CONFIRMATION_OK"
783,10822967567,10822967730,1,"IOTHUB_CLIENT_CONFIRMATION_OK"
784,10822967901,10822967940,1,"IOTHUB_CLIENT_CONFIRMATION_OK"
785,10822968234,10822968274,1,"IOTHUB_CLIENT_CONFIRMATION_OK"
786,10822968567,10822968597,1,"IOTHUB_CLIENT_CONFIRMATION_OK"
787,10822968900,10822968930,1,"IOTHUB_CLIENT_CONFIRMATION_OK"
788,10822969233,10822969363,1,"IOTHUB_CLIENT_CONFIRMATION_OK"
789,10822969566,10822969595,1,"IOTHUB_CLIENT_CONFIRMATION_OK"
790,10822969900,10822969932,1,"IOTHUB_CLIENT_CONFIRMATION_OK"
791,10822970233,10822970393,1,"IOTHUB_CLIENT_CONFIRMATION_OK"
792,10822970566,10822970597,1,"IOTHUB_CLIENT_CONFIRMATION_OK"
793,10822970899,10822970981,1,"IOTHUB_CLIENT_CONFIRMATION_OK"
794,10822971232,10822971276,1,"IOTHUB_CLIENT_CONFIRMATION_OK"
795,10822971565,10822971645,1,"IOTHUB_CLIENT_CONFIRMATION_OK"
796,10822971898,10822971929,1,"IOTHUB_CLIENT_CONFIRMATION_OK"
797,10822972232,10822972265,1,"IOTHUB_CLIENT_CONFIRMATION_OK"
798,10822972565,10822972627,1,"IOTHUB_CLIENT_CONFIRMATION_OK"
799,10822972898,10822972927,1,"IOTHUB_CLIENT_CONFIRMATION_OK"
800,10822973231,10822973261,1,"IOTHUB_CLIENT_CONFIRMATION_OK"
801,10822973564,10822973595,1,"IOTHUB_CLIENT_CONFIRMATION_OK"
802,10822973897,10822973929,1,"IOTHUB_CLIENT_CONFIRMATION_OK"
803,10822974231,10822974262,1,"IOTHUB_CLIENT_CONFIRMATION_OK"
804,10822974564,10822974597,1,"IOTHUB_CLIENT_CONFIRMATION_OK"
805,10822974897,10822974927,1,"IOTHUB_CLIENT_CONFIRMATION_OK"
806,10822975230,10822975267,1,"IOTHUB_CLIENT_CONFIRMATION_OK"
807,10822975563,10822975717,1,"IOTHUB_CLIENT_CONFIRMATION_OK"
808,10822975897,10822975937,1,"IOTHUB_CLIENT_CONFIRMATION_OK"
809,10822976230,10822976262,1,"IOTHUB_CLIENT_CONFIRMATION_OK"
810,10822976563,10822976595,1,"IOTHUB_CLIENT_CONFIRMATION_OK"
811,10822976896,10822976930,1,"IOTHUB_CLIENT_CONFIRMATION_OK"
812,10822977229,10822977259,1,"IOTHUB_CLIENT_CONFIRMATION_OK"
813,10822977562,10822977593,1,"IOTHUB_CLIENT_CONFIRMATION_OK"
814,10822977896,10822977927,1,"IOTHUB_CLIENT_CONFIRMATION_OK"
815,10822978229,10822978259,1,"IOTHUB_CLIENT_CONFIRMATION_OK"
816,10822978562,10822978595,1,"IOTHUB_CLIENT_CONFIRMATION_OK"
817,10822978895,10822978926,1,"IOTHUB_CLIENT_CONFIRMATION_OK"
818,10822979228,10822979265,1,"IOTHUB_CLIENT_CONFIRMATION_OK"
819,10822979561,10822979591,1,"IOTHUB_CLIENT_CONFIRMATION_OK"
820,10822979895,10822979955,1,"IOTHUB_CLIENT_CONFIRMATION_OK"
821,10822980228,10822980364,1,"IOTHUB_CLIENT_CONFIRMATION_OK"
822,10822980561,10822980628,1,"IOTHUB_CLIENT_CONFIRMATION_OK"
823,10822980894,10822980923,1,"IOTHUB_CLIENT_CONFIRMATION_OK"
824,10822981227,10822981257,1,"IOTHUB_CLIENT_CONFIRMATION_OK"
825,10822981561,10822981589,1,"IOTHUB_CLIENT_CONFIRMATION_OK"
826,10822981894,10822981999,1,"IOTHUB_CLIENT_CONFIRMATION_OK"
827,10822982227,10822982256,1,"IOTHUB_CLIENT_CONFIRMATION_OK"
828,10822982560,10822982590,1,"IOTHUB_CLIENT_CONFIRMATION_OK"
829,10822982893,10822982928,1,"IOTHUB_CLIENT_CONFIRMATION_OK"
830,10822983227,10822983377,1,"IOTHUB_CLIENT_CONFIRMATION_OK"
831,10822983560,10822983643,1,"IOTHUB_CLIENT_CONFIRMATION_OK"
832,10822983893,10822983923,1,"IOTHUB_CLIENT_CONFIRMATION_OK"
833,10822984226,10822984258,1,"IOTHUB_CLIENT_CONFIRMATION_OK"
834,10822984559,10822984653,1,"IOTHUB_CLIENT_CONFIRMATION_OK"
835,10822984892,10822984924,1,"IOTHUB_CLIENT_CONFIRMATION_OK"
836,10822985226,10822985273,1,"IOTHUB_CLIENT_CONFIRMATION_OK"
837,10822985559,10822985587,1,"IOTHUB_CLIENT_CONFIRMATION_OK"
838,10822985892,10822985938,1,"IOTHUB_CLIENT_CONFIRMATION_OK"
839,10822986225,10822986280,1,"IOTHUB_CLIENT_CONFIRMATION_OK"
840,10822986558,10822986590,1,"IOTHUB_CLIENT_CONFIRMATION_OK"
841,10822986891,10822986928,1,"IOTHUB_CLIENT_CONFIRMATION_OK"
842,10822987225,10822987258,1,"IOTHUB_CLIENT_CONFIRMATION_OK"
843,10822987558,10822987592,1,"IOTHUB_CLIENT_CONFIRMATION_OK"
844,10822987891,10822987921,1,"IOTHUB_CLIENT_CONFIRMATION_OK"
845,10822988224,10822988254,1,"IOTHUB_CLIENT_CONFIRMATION_OK"
846,10822988557,10822988588,1,"IOTHUB_CLIENT_CONFIRMATION_OK"
847,10822988890,10822988920,1,"IOTHUB_CLIENT_CONFIRMATION_OK"
848,10822989224,10822989280,1,"IOTHUB_CLIENT_CONFIRMATION_OK"
849,10822989557,10822989602,1,"IOTHUB_CLIENT_CONFIRMATION_OK"
850,10822989890,10822989922,1,"IOTHUB_CLIENT_CONFIRMATION_OK"
851,10822990223,10822990255,1,"IOTHUB_CLIENT_CONFIRMATION_OK"
852,10822990556,10822990587,1,"IOTHUB_CLIENT_CONFIRMATION_OK"
853,10822990889,10822990921,1,"IOTHUB_CLIENT_CONFIRMATION_OK"
854,10822991223,10822991255,1,"IOTHUB_CLIENT_CONFIRMATION_OK"
855,10822991556,10822991589,1,"IOTHUB_CLIENT_CONFIRMATION_OK"
856,10822991889,10822991920,1,"IOTHUB_CLIENT_CONFIRMATION_OK"
857,10822992222,10822992436,1,"IOTHUB_CLIENT_CONFIRMATION_OK"
858,10822992555,10822992587,1,"IOTHUB_CLIENT_CONFIRMATION_OK"
859,10822992888,10822992931,1,"IOTHUB_CLIENT_CONFIRMATION_OK"
860,10822993221,10822993251,1,"IOTHUB_CLIENT_CONFIRMATION_OK"
861,10822993555,10822993589,1,"IOTHUB_CLIENT_CONFIRMATION_OK"
862,10822993888,10822994087,1,"IOTHUB_CLIENT_CONFIRMATION_OK"
863,10822994221,10822994256,1,"IOTHUB_CLIENT_CONFIRMATION_OK"
864,10822994554,10822994586,1,"IOTHUB_CLIENT_CONFIRMATION_OK"
865,10822994887,10822994922,1,"IOTHUB_CLIENT_CONFIRMATION_OK"
866,10822995220,10822995301,1,"IOTHUB_CLIENT_CONFIRMATION_OK"
867,10822995554,10822995684,1,"IOTHUB_CLIENT_CONFIRMATION_OK"
868,10822995887,10822995919,1,"IOTHUB_CLIENT_CONFIRMATION_OK"
869,10822996220,10822996254,1,"IOTHUB_CLIENT_CONFIRMATION_OK"
870,10822996553,10822996586,1,"IOTHUB_CLIENT_CONFIRMATION_OK"
871,10822996886,10822996917,1,"IOTHUB_CLIENT_CONFIRMATION_OK"
872,10822997219,10822997318,1,"IOTHUB_CLIENT_CONFIRMATION_OK"
873,10822997553,10822997600,1,"IOTHUB_CLIENT_CONFIRMATION_OK"
874,10822997886,10822997922,1,"IOTHUB_CLIENT_CONFIRMATION_OK"
875,10822998219,10822998259,1,"IOTHUB_CLIENT_CONFIRMATION_OK"
876,10822998552,10822998586,1,"IOTHUB_CLIENT_CONFIRMATION_OK"
877,10822998885,10822998966,1,"IOTHUB_CLIENT_CONFIRMATION_OK"
878,10822999218,10822999255,1,"IOTHUB_CLIENT_CONFIRMATION_OK"
879,10822999552,10822999582,1,"IOTHUB_CLIENT_CONFIRMATION_OK"
880,10822999885,10822999921,1,"IOTHUB_CLIENT_CONFIRMATION_OK"
881,10823000218,10823000248,1,"IOTHUB_CLIENT_CONFIRMATION_OK"
882,10823000551,10823000632,1,"IOTHUB_CLIENT_CONFIRMATION_OK"
883,10823000884,10823000920,1,"IOTHUB_CLIENT_CONFIRMATION_OK"
884,10823001217,10823001251,1,"IOTHUB_CLIENT_CONFIRMATION_OK"
885,10823001551,10823001638,1,"IOTHUB_CLIENT_CONFIRMATION_OK"
886,10823001884,10823001915,1,"IOTHUB_CLIENT_CONFIRMATION_OK"
887,10823002217,10823002245,1,"IOTHUB_CLIENT_CONFIRMATION_OK"
888,10823002550,10823002579,1,"IOTHUB_CLIENT_CONFIRMATION_OK"
889,10823002883,10823002915,1,"IOTHUB_CLIENT_CONFIRMATION_OK"
890,10823003216,10823003269,1,"IOTHUB_CLIENT_CONFIRMATION_OK"
891,10823003550,10823003578,1,"IOTHUB_CLIENT_CONFIRMATION_OK"
892,10823003883,10823003910,1,"IOTHUB_CLIENT_CONFIRMATION_OK"
893,10823004216,10823004245,1,"IOTHUB_CLIENT_CONFIRMATION_OK"
894,10823004549,10823004581,1,"IOTHUB_CLIENT_CONFIRMATION_OK"
895,10823004882,10823004915,1,"IOTHUB_CLIENT_CONFIRMATION_OK"
896,10823005215,10823005248,1,"IOTHUB_CLIENT_CONFIRMATION_OK"
897,10823005549,10823005584,1,"IOTHUB_CLIENT_CONFIRMATION_OK"
898,10823005882,10823005912,1,"IOTHUB_CLIENT_CONFIRMATION_OK"
899,10823006215,10823006245,1,"IOTHUB_CLIENT_CONFIRMATION_OK"
