Message ID,Send Time,Receive Time,Status,Error
0,10826683012,10826683245,1,"IOTHUB_CLIENT_CONFIRMATION_OK"
1,10826683346,10826683383,1,"IOTHUB_CLIENT_CONFIRMATION_OK"
2,10826683679,10826683711,1,"IOTHUB_CLIENT_CONFIRMATION_OK"
3,10826684012,10826684041,1,"IOTHUB_CLIENT_CONFIRMATION_OK"
4,10826684345,10826684478,1,"IOTHUB_CLIENT_CONFIRMATION_OK"
5,10826684678,10826684708,1,"IOTHUB_CLIENT_CONFIRMATION_OK"
6,10826685011,10826685043,1,"IOTHUB_CLIENT_CONFIRMATION_OK"
7,10826685345,10826685376,1,"IOTHUB_CLIENT_CONFIRMATION_OK"
8,10826685678,10826685710,1,"IOTHUB_CLIENT_CONFIRMATION_OK"
9,10826686011,10826686045,1,"IOTHUB_CLIENT_CONFIRMATION_OK"
10,10826686344,10826686376,1,"IOTHUB_CLIENT_CONFIRMATION_OK"
11,10826686677,10826686708,1,"IOTHUB_CLIENT_CONFIRMATION_OK"
12,10826687010,10826687046,1,"IOTHUB_CLIENT_CONFIRMATION_OK"
13,10826687344,10826687375,1,"IOTHUB_CLIENT_CONFIRMATION_OK"
14,10826687677,10826687730,1,"IOTHUB_CLIENT_CONFIRMATION_OK"
15,10826688010,10826688041,1,"IOTHUB_CLIENT_CONFIRMATION_OK"
16,10826688343,10826688373,1,"IOTHUB_CLIENT_CONFIRMATION_OK"
17,10826688676,10826688709,1,"IOTHUB_CLIENT_CONFIRMATION_OK"
18,10826689009,10826689039,1,"IOTHUB_CLIENT_CONFIRMATION_OK"
19,10826689342,10826689373,1,"IOTHUB_CLIENT_CONFIRMATION_OK"
20,10826689676,10826689711,1,"IOTHUB_CLIENT_CONFIRMATION_OK"
21,10826690009,10826690056,1,"IOTHUB_CLIENT_CONFIRMATION_OK"
22,10826690342,10826690379,1,"IOTHUB_CLIENT_CONFIRMATION_OK"
23,10826690675,10826690707,1,"IOTHUB_CLIENT_CONFIRMATION_OK"
24,10826691008,10826691053,1,"IOTHUB_CLIENT_CONFIRMATION_OK"
25,10826691341,10826691393,1,"IOTHUB_CLIENT_CONFIRMATION_OK"
26,10826691675,10826691735,1,"IOTHUB_CLIENT_CONFIRMATION_OK"
27,10826692008,10826692045,1,"IOTHUB_CLIENT_CONFIRMATION_OK"
28,10826692341,10826692373,1,"IOTHUB_CLIENT_CONFIRMATION_OK"
29,10826692674,10826692706,1,"IOTHUB_CLIENT_CONFIRMATION_OK"
30,10826693007,10826693041,1,"IOTHUB_CLIENT_CONFIRMATION_OK"
31,10826693340,10826693368,1,"IOTHUB_CLIENT_CONFIRMATION_OK"
32,10826693674,10826693787,1,"IOTHUB_CLIENT_CONFIRMATION_OK"
33,10826694007,10826694038,1,"IOTHUB_CLIENT_CONFIRMATION_OK"
34,10826694340,10826694373,1,"IOTHUB_CLIENT_CONFIRMATION_OK"
35,10826694673,10826694705,1,"IOTHUB_CLIENT_CONFIRMATION_OK"
36,10826695006,10826695040,1,"IOTHUB_CLIENT_CONFIRMATION_OK"
37,10826695339,10826695374,1,"IOTHUB_CLIENT_CONFIRMATION_OK"
38,10826695673,10826695701,1,"IOTHUB_CLIENT_CONFIRMATION_OK"
39,10826696006,10826696036,1,"IOTHUB_CLIENT_CONFIRMATION_OK"
40,10826696339,10826696374,1,"IOTHUB_CLIENT_CONFIRMATION_OK"
41,10826696672,10826696703,1,"IOTHUB_CLIENT_CONFIRMATION_OK"
42,10826697005,10826697039,1,"IOTHUB_CLIENT_CONFIRMATION_OK"
43,10826697338,10826697369,1,"IOTHUB_CLIENT_CONFIRMATION_OK"
44,10826697672,10826697703,1,"IOTHUB_CLIENT_CONFIRMATION_OK"
45,10826698005,10826698037,1,"IOTHUB_CLIENT_CONFIRMATION_OK"
46,10826698338,10826698368,1,"IOTHUB_CLIENT_CONFIRMATION_OK"
47,10826698671,10826698702,1,"IOTHUB_CLIENT_CONFIRMATION_OK"
48,10826699004,10826699033,1,"IOTHUB_CLIENT_CONFIRMATION_OK"
49,10826699337,10826699365,1,"IOTHUB_CLIENT_CONFIRMATION_OK"
50,10826699670,10826699700,1,"IOTHUB_CLIENT_CONFIRMATION_OK"
51,10826700004,10826700033,1,"IOTHUB_CLIENT_CONFIRMATION_OK"
52,10826700337,10826700375,1,"IOTHUB_CLIENT_CONFIRMATION_OK"
53,10826700670,10826700702,1,"IOTHUB_CLIENT_CONFIRMATION_OK"
54,10826701003,10826701033,1,"IOTHUB_CLIENT_CONFIRMATION_OK"
55,10826701336,10826701366,1,"IOTHUB_CLIENT_CONFIRMATION_OK"
56,10826701669,10826701700,1,"IOTHUB_CLIENT_CONFIRMATION_OK"
57,10826702003,10826702035,1,"IOTHUB_CLIENT_CONFIRMATION_OK"
58,10826702336,10826702369,1,"IOTHUB_CLIENT_CONFIRMATION_OK"
59,10826702669,10826702700,1,"IOTHUB_CLIENT_CONFIRMATION_OK"
60,10826703002,10826703036,1,"IOTHUB_CLIENT_CONFIRMATION_OK"
61,10826703335,10826703365,1,"IOTHUB_CLIENT_CONFIRMATION_OK"
62,10826703668,10826703700,1,"IOTHUB_CLIENT_CONFIRMATION_OK"
63,10826704001,10826704030,1,"IOTHUB_CLIENT_CONFIRMATION_OK"
64,10826704335,10826704365,1,"IOTHUB_CLIENT_CONFIRMATION_OK"
65,10826704668,10826704704,1,"IOTHUB_CLIENT_CONFIRMATION_OK"
66,10826705001,10826705060,1,"IOTHUB_CLIENT_CONFIRMATION_OK"
67,10826705334,10826705366,1,"IOTHUB_CLIENT_CONFIRMATION_OK"
68,10826705667,10826705698,1,"IOTHUB_CLIENT_CONFIRMATION_OK"
69,10826706000,10826706120,1,"IOTHUB_CLIENT_CONFIRMATION_OK"
70,10826706334,10826706364,1,"IOTHUB_CLIENT_CONFIRMATION_OK"
71,10826706667,10826706709,1,"IOTHUB_CLIENT_CONFIRMATION_OK"
72,10826707000,10826707029,1,"IOTHUB_CLIENT_CONFIRMATION_OK"
73,10826707333,10826707364,1,"IOTHUB_CLIENT_CONFIRMATION_OK"
74,10826707666,10826707698,1,"IOTHUB_CLIENT_CONFIRMATION_OK"
75,10826707999,10826708028,1,"IOTHUB_CLIENT_CONFIRMATION_OK"
76,10826708333,10826708375,1,"IOTHUB_CLIENT_CONFIRMATION_OK"
77,10826708666,10826708697,1,"IOTHUB_CLIENT_CONFIRMATION_OK"
78,10826708999,10826709036,1,"IOTHUB_CLIENT_CONFIRMATION_OK"
79,10826709332,10826709363,1,"IOTHUB_CLIENT_CONFIRMATION_OK"
80,10826709665,10826709698,1,"IOTHUB_CLIENT_CONFIRMATION_OK"
81,10826709998,10826710033,1,"IOTHUB_CLIENT_CONFIRMATION_OK"
82,10826710331,10826710362,1,"IOTHUB_CLIENT_CONFIRMATION_OK"
83,10826710665,10826710701,1,"IOTHUB_CLIENT_CONFIRMATION_OK"
84,10826710998,10826711029,1,"IOTHUB_CLIENT_CONFIRMATION_OK"
85,10826711331,10826711363,1,"IOTHUB_CLIENT_CONFIRMATION_OK"
86,10826711664,10826711695,1,"IOTHUB_CLIENT_CONFIRMATION_OK"
87,10826711997,10826712025,1,"IOTHUB_CLIENT_CONFIRMATION_OK"
88,10826712330,10826712362,1,"IOTHUB_CLIENT_CONFIRMATION_OK"
89,10826712664,10826712696,1,"IOTHUB_CLIENT_CONFIRMATION_OK"
90,10826712997,10826713027,1,"IOTHUB_CLIENT_CONFIRMATION_OK"
91,10826713330,10826713362,1,"IOTHUB_CLIENT_CONFIRMATION_OK"
92,10826713663,10826713694,1,"IOTHUB_CLIENT_CONFIRMATION_OK"
93,10826713996,10826714030,1,"IOTHUB_CLIENT_CONFIRMATION_OK"
94,10826714329,10826714359,1,"IOTHUB_CLIENT_CONFIRMATION_OK"
95,10826714663,10826714694,1,"IOTHUB_CLIENT_CONFIRMATION_OK"
96,10826714996,10826715025,1,"IOTHUB_CLIENT_CONFIRMATION_OK"
97,10826715329,10826715361,1,"IOTHUB_CLIENT_CONFIRMATION_OK"
98,10826715662,10826715696,1,"IOTHUB_CLIENT_CONFIRMATION_OK"
99,10826715995,10826716026,1,"IOTHUB_CLIENT_CONFIRMATION_OK"
100,10826716328,10826716362,1,"IOTHUB_CLIENT_CONFIRMATION_OK"
101,10826716662,10826716692,1,"IOTHUB_CLIENT_CONFIRMATION_OK"
102,10826716995,10826717037,1,"IOTHUB_CLIENT_CONFIRMATION_OK"
103,10826717328,10826717358,1,"IOTHUB_CLIENT_CONFIRMATION_OK"
104,10826717661,10826717692,1,"IOTHUB_CLIENT_CONFIRMATION_OK"
105,10826717994,10826718030,1,"IOTHUB_CLIENT_CONFIRMATION_OK"
106,10826718327,10826718362,1,"IOTHUB_CLIENT_CONFIRMATION_OK"
107,10826718660,10826718692,1,"IOTHUB_CLIENT_CONFIRMATION_OK"
108,10826718994,10826719024,1,"IOTHUB_CLIENT_CONFIRMATION_OK"
109,10826719327,10826719360,1,"IOTHUB_CLIENT_CONFIRMATION_OK"
110,10826719660,10826719691,1,"IOTHUB_CLIENT_CONFIRMATION_OK"
111,10826719993,10826720024,1,"IOTHUB_CLIENT_CONFIRMATION_OK"
112,10826720326,10826720359,1,"IOTHUB_CLIENT_CONFIRMATION_OK"
113,10826720659,10826720692,1,"IOTHUB_CLIENT_CONFIRMATION_OK"
114,10826720993,10826721029,1,"IOTHUB_CLIENT_CONFIRMATION_OK"
115,10826721326,10826721357,1,"IOTHUB_CLIENT_CONFIRMATION_OK"
116,10826721659,10826721695,1,"IOTHUB_CLIENT_CONFIRMATION_OK"
117,10826721992,10826722021,1,"IOTHUB_CLIENT_CONFIRMATION_OK"
118,10826722325,10826722358,1,"IOTHUB_CLIENT_CONFIRMATION_OK"
119,10826722658,10826722689,1,"IOTHUB_CLIENT_CONFIRMATION_OK"
120,10826722992,10826723023,1,"IOTHUB_CLIENT_CONFIRMATION_OK"
121,10826723325,10826723353,1,"IOTHUB_CLIENT_CONFIRMATION_OK"
122,10826723658,10826723693,1,"IOTHUB_CLIENT_CONFIRMATION_OK"
123,10826723991,10826724031,1,"IOTHUB_CLIENT_CONFIRMATION_OK"
124,10826724324,10826724355,1,"IOTHUB_CLIENT_CONFIRMATION_OK"
125,10826724657,10826724689,1,"IOTHUB_CLIENT_CONFIRMATION_OK"
126,10826724990,10826725023,1,"IOTHUB_CLIENT_CONFIRMATION_OK"
127,10826725324,10826725351,1,"IOTHUB_CLIENT_CONFIRMATION_OK"
128,10826725657,10826725720,1,"IOTHUB_CLIENT_CONFIRMATION_OK"
129,10826725990,10826726020,1,"IOTHUB_CLIENT_CONFIRMATION_OK"
130,10826726323,10826726352,1,"IOTHUB_CLIENT_CONFIRMATION_OK"
131,10826726656,10826726699,1,"IOTHUB_CLIENT_CONFIRMATION_OK"
132,10826726990,10826727018,1,"IOTHUB_CLIENT_CONFIRMATION_OK"
133,10826727323,10826727481,1,"IOTHUB_CLIENT_CONFIRMATION_OK"
134,10826727656,10826727688,1,"IOTHUB_CLIENT_CONFIRMATION_OK"
135,10826727989,10826728110,1,"IOTHUB_CLIENT_CONFIRMATION_OK"
136,10826728322,10826728353,1,"IOTHUB_CLIENT_CONFIRMATION_OK"
137,10826728655,10826728688,1,"IOTHUB_CLIENT_CONFIRMATION_OK"
138,10826728988,10826729157,1,"IOTHUB_CLIENT_CONFIRMATION_OK"
139,10826729322,10826729352,1,"IOTHUB_CLIENT_CONFIRMATION_OK"
140,10826729655,10826729688,1,"IOTHUB_CLIENT_CONFIRMATION_OK"
141,10826729988,10826730020,1,"IOTHUB_CLIENT_CONFIRMATION_OK"
142,10826730321,10826730351,1,"IOTHUB_CLIENT_CONFIRMATION_OK"
143,10826730654,10826730688,1,"IOTHUB_CLIENT_CONFIRMATION_OK"
144,10826730987,10826731018,1,"IOTHUB_CLIENT_CONFIRMATION_OK"
145,10826731321,10826731352,1,"IOTHUB_CLIENT_CONFIRMATION_OK"
146,10826731654,10826731685,1,"IOTHUB_CLIENT_CONFIRMATION_OK"
147,10826731987,10826732018,1,"IOTHUB_CLIENT_CONFIRMATION_OK"
148,10826732320,10826732371,1,"IOTHUB_CLIENT_CONFIRMATION_OK"
149,10826732653,10826732685,1,"IOTHUB_CLIENT_CONFIRMATION_OK"
150,10826732986,10826733027,1,"IOTHUB_CLIENT_CONFIRMATION_OK"
151,10826733320,10826733351,1,"IOTHUB_CLIENT_CONFIRMATION_OK"
152,10826733653,10826733688,1,"IOTHUB_CLIENT_CONFIRMATION_OK"
153,10826733986,10826734046,1,"IOTHUB_CLIENT_CONFIRMATION_OK"
154,10826734319,10826734348,1,"IOTHUB_CLIENT_CONFIRMATION_OK"
155,10826734652,10826734691,1,"IOTHUB_CLIENT_CONFIRMATION_OK"
156,10826734985,10826735071,1,"IOTHUB_CLIENT_CONFIRMATION_OK"
157,10826735319,10826735348,1,"IOTHUB_CLIENT_CONFIRMATION_OK"
158,10826735652,10826735683,1,"IOTHUB_CLIENT_CONFIRMATION_OK"
159,10826735985,10826736104,1,"IOTHUB_CLIENT_CONFIRMATION_OK"
160,10826736318,10826736347,1,"IOTHUB_CLIENT_CONFIRMATION_OK"
161,10826736651,10826736681,1,"IOTHUB_CLIENT_CONFIRMATION_OK"
162,10826736984,10826737111,1,"IOTHUB_CLIENT_CONFIRMATION_OK"
163,10826737318,10826737356,1,"IOTHUB_CLIENT_CONFIRMATION_OK"
164,10826737651,10826737680,1,"IOTHUB_CLIENT_CONFIRMATION_OK"
165,10826737984,10826738055,1,"IOTHUB_CLIENT_CONFIRMATION_OK"
166,10826738317,10826738349,1,"IOTHUB_CLIENT_CONFIRMATION_OK"
167,10826738650,10826738686,1,"IOTHUB_CLIENT_CONFIRMATION_OK"
168,10826738983,10826739065,1,"IOTHUB_CLIENT_CONFIRMATION_OK"
169,10826739317,10826739348,1,"IOTHUB_CLIENT_CONFIRMATION_OK"
170,10826739650,10826739678,1,"IOTHUB_CLIENT_CONFIRMATION_OK"
171,10826739983,10826740079,1,"IOTHUB_CLIENT_CONFIRMATION_OK"
172,10826740316,10826740348,1,"IOTHUB_CLIENT_CONFIRMATION_OK"
173,10826740649,10826740681,1,"IOTHUB_CLIENT_CONFIRMATION_OK"
174,10826740982,10826741120,1,"IOTHUB_CLIENT_CONFIRMATION_OK"
175,10826741316,10826741350,1,"IOTHUB_CLIENT_CONFIRMATION_OK"
176,10826741649,10826741700,1,"IOTHUB_CLIENT_CONFIRMATION_OK"
177,10826741982,10826742130,1,"IOTHUB_CLIENT_CONFIRMATION_OK"
178,10826742315,10826742346,1,"IOTHUB_CLIENT_CONFIRMATION_OK"
179,10826742648,10826742677,1,"IOTHUB_CLIENT_CONFIRMATION_OK"
180,10826742981,10826743144,1,"IOTHUB_CLIENT_CONFIRMATION_OK"
181,10826743314,10826743344,1,"IOTHUB_CLIENT_CONFIRMATION_OK"
182,10826743648,10826743678,1,"IOTHUB_CLIENT_CONFIRMATION_OK"
183,10826743981,10826744159,1,"IOTHUB_CLIENT_CONFIRMATION_OK"
184,10826744314,10826744346,1,"IOTHUB_CLIENT_CONFIRMATION_OK"
185,10826744647,10826744675,1,"IOTHUB_CLIENT_CONFIRMATION_OK"
186,10826744980,10826745191,1,"IOTHUB_CLIENT_CONFIRMATION_OK"
187,10826745313,10826745345,1,"IOTHUB_CLIENT_CONFIRMATION_OK"
188,10826745647,10826745677,1,"IOTHUB_CLIENT_CONFIRMATION_OK"
189,10826745980,10826746011,1,"IOTHUB_CLIENT_CONFIRMATION_OK"
190,10826746313,10826746349,1,"IOTHUB_CLIENT_CONFIRMATION_OK"
191,10826746646,10826746679,1,"IOTHUB_CLIENT_CONFIRMATION_OK"
192,10826746979,10826747017,1,"IOTHUB_CLIENT_CONFIRMATION_OK"
193,10826747312,10826747344,1,"IOTHUB_CLIENT_CONFIRMATION_OK"
194,10826747646,10826747678,1,"IOTHUB_CLIENT_CONFIRMATION_OK"
195,10826747979,10826748035,1,"IOTHUB_CLIENT_CONFIRMATION_OK"
196,10826748312,10826748343,1,"IOTHUB_CLIENT_CONFIRMATION_OK"
197,10826748645,10826748677,1,"IOTHUB_CLIENT_CONFIRMATION_OK"
198,10826748978,10826749051,1,"IOTHUB_CLIENT_CONFIRMATION_OK"
199,10826749311,10826749342,1,"IOTHUB_CLIENT_CONFIRMATION_OK"
200,10826749644,10826749678,1,"IOTHUB_CLIENT_CONFIRMATION_OK"
201,10826749978,10826750071,1,"IOTHUB_CLIENT_CONFIRMATION_OK"
202,10826750311,10826750340,1,"IOTHUB_CLIENT_CONFIRMATION_OK"
203,10826750644,10826750674,1,"IOTHUB_CLIENT_CONFIRMATION_OK"
204,10826750977,10826751083,1,"IOTHUB_CLIENT_CONFIRMATION_OK"
205,10826751310,10826751343,1,"IOTHUB_CLIENT_CONFIRMATION_OK"
206,10826751643,10826751693,1,"IOTHUB_CLIENT_CONFIRMATION_OK"
207,10826751977,10826752112,1,"IOTHUB_CLIENT_CONFIRMATION_OK"
208,10826752310,10826752339,1,"IOTHUB_CLIENT_CONFIRMATION_OK"
209,10826752643,10826752673,1,"IOTHUB_CLIENT_CONFIRMATION_OK"
210,10826752976,10826753139,1,"IOTHUB_CLIENT_CONFIRMATION_OK"
211,10826753309,10826753340,1,"IOTHUB_CLIENT_CONFIRMATION_OK"
212,10826753642,10826753672,1,"IOTHUB_CLIENT_CONFIRMATION_OK"
213,10826753976,10826754151,1,"IOTHUB_CLIENT_CONFIRMATION_OK"
214,10826754309,10826754349,1,"IOTHUB_CLIENT_CONFIRMATION_OK"
215,10826754642,10826754672,1,"IOTHUB_CLIENT_CONFIRMATION_OK"
216,10826754975,10826755159,1,"IOTHUB_CLIENT_CONFIRMATION_OK"
217,10826755308,10826755336,1,"IOTHUB_CLIENT_CONFIRMATION_OK"
218,10826755641,10826755671,1,"IOTHUB_CLIENT_CONFIRMATION_OK"
219,10826755975,10826756005,1,"IOTHUB_CLIENT_CONFIRMATION_OK"
220,10826756308,10826756337,1,"IOTHUB_CLIENT_CONFIRMATION_OK"
221,10826756641,10826756683,1,"IOTHUB_CLIENT_CONFIRMATION_OK"
222,10826756974,10826757004,1,"IOTHUB_CLIENT_CONFIRMATION_OK"
223,10826757307,10826757350,1,"IOTHUB_CLIENT_CONFIRMATION_OK"
224,10826757640,10826757670,1,"IOTHUB_CLIENT_CONFIRMATION_OK"
225,10826757974,10826758007,1,"IOTHUB_CLIENT_CONFIRMATION_OK"
226,10826758307,10826758335,1,"IOTHUB_CLIENT_CONFIRMATION_OK"
227,10826758640,10826758671,1,"IOTHUB_CLIENT_CONFIRMATION_OK"
228,10826758973,10826759024,1,"IOTHUB_CLIENT_CONFIRMATION_OK"
229,10826759306,10826759336,1,"IOTHUB_CLIENT_CONFIRMATION_OK"
230,10826759639,10826759670,1,"IOTHUB_CLIENT_CONFIRMATION_OK"
231,10826759973,10826760042,1,"IOTHUB_CLIENT_CONFIRMATION_OK"
232,10826760306,10826760338,1,"IOTHUB_CLIENT_CONFIRMATION_OK"
233,10826760639,10826760670,1,"IOTHUB_CLIENT_CONFIRMATION_OK"
234,10826760972,10826761054,1,"IOTHUB_CLIENT_CONFIRMATION_OK"
235,10826761305,10826761347,1,"IOTHUB_CLIENT_CONFIRMATION_OK"
236,10826761638,10826761668,1,"IOTHUB_CLIENT_CONFIRMATION_OK"
237,10826761972,10826762124,1,"IOTHUB_CLIENT_CONFIRMATION_OK"
238,10826762305,10826762343,1,"IOTHUB_CLIENT_CONFIRMATION_OK"
239,10826762638,10826762669,1,"IOTHUB_CLIENT_CONFIRMATION_OK"
240,10826762971,10826763133,1,"IOTHUB_CLIENT_CONFIRMATION_OK"
241,10826763304,10826763335,1,"IOTHUB_CLIENT_CONFIRMATION_OK"
242,10826763637,10826763669,1,"IOTHUB_CLIENT_CONFIRMATION_OK"
243,10826763970,10826764149,1,"IOTHUB_CLIENT_CONFIRMATION_OK"
244,10826764304,10826764333,1,"IOTHUB_CLIENT_CONFIRMATION_OK"
245,10826764637,10826764667,1,"IOTHUB_CLIENT_CONFIRMATION_OK"
246,10826764970,10826765162,1,"IOTHUB_CLIENT_CONFIRMATION_OK"
247,10826765303,10826765335,1,"IOTHUB_CLIENT_CONFIRMATION_OK"
248,10826765636,10826765666,1,"IOTHUB_CLIENT_CONFIRMATION_OK"
249,10826765969,10826766000,1,"IOTHUB_CLIENT_CONFIRMATION_OK"
250,10826766303,10826766334,1,"IOTHUB_CLIENT_CONFIRMATION_OK"
251,10826766636,10826766669,1,"IOTHUB_CLIENT_CONFIRMATION_OK"
252,10826766969,10826767000,1,"IOTHUB_CLIENT_CONFIRMATION_OK"
253,10826767302,10826767334,1,"IOTHUB_CLIENT_CONFIRMATION_OK"
254,10826767635,10826767666,1,"IOTHUB_CLIENT_CONFIRMATION_OK"
255,10826767968,10826768006,1,"IOTHUB_CLIENT_CONFIRMATION_OK"
256,10826768302,10826768332,1,"IOTHUB_CLIENT_CONFIRMATION_OK"
257,10826768635,10826768667,1,"IOTHUB_CLIENT_CONFIRMATION_OK"
258,10826768968,10826769021,1,"IOTHUB_CLIENT_CONFIRMATION_OK"
259,10826769301,10826769332,1,"IOTHUB_CLIENT_CONFIRMATION_OK"
260,10826769634,10826769662,1,"IOTHUB_CLIENT_CONFIRMATION_OK"
261,10826769967,10826770037,1,"IOTHUB_CLIENT_CONFIRMATION_OK"
262,10826770301,10826770331,1,"IOTHUB_CLIENT_CONFIRMATION_OK"
263,10826770634,10826770665,1,"IOTHUB_CLIENT_CONFIRMATION_OK"
264,10826770967,10826771053,1,"IOTHUB_CLIENT_CONFIRMATION_OK"
265,10826771300,10826771333,1,"IOTHUB_CLIENT_CONFIRMATION_OK"
266,10826771633,10826771662,1,"IOTHUB_CLIENT_CONFIRMATION_OK"
267,10826771966,10826772085,1,"IOTHUB_CLIENT_CONFIRMATION_OK"
268,10826772300,10826772339,1,"IOTHUB_CLIENT_CONFIRMATION_OK"
269,10826772633,10826772663,1,"IOTHUB_CLIENT_CONFIRMATION_OK"
270,10826772966,10826773112,1,"IOTHUB_CLIENT_CONFIRMATION_OK"
271,10826773299,10826773335,1,"IOTHUB_CLIENT_CONFIRMATION_OK"
272,10826773632,10826773662,1,"IOTHUB_CLIENT_CONFIRMATION_OK"
273,10826773965,10826774131,1,"IOTHUB_CLIENT_CONFIRMATION_OK"
274,10826774299,10826774338,1,"IOTHUB_CLIENT_CONFIRMATION_OK"
275,10826774632,10826774675,1,"IOTHUB_CLIENT_CONFIRMATION_OK"
276,10826774965,10826775161,1,"IOTHUB_CLIENT_CONFIRMATION_OK"
277,10826775298,10826775328,1,"IOTHUB_CLIENT_CONFIRMATION_OK"
278,10826775631,10826775671,1,"IOTHUB_CLIENT_CONFIRMATION_OK"
279,10826775964,10826775998,1,"IOTHUB_CLIENT_CONFIRMATION_OK"
280,10826776297,10826776330,1,"IOTHUB_CLIENT_CONFIRMATION_OK"
281,10826776631,10826776661,1,"IOTHUB_CLIENT_CONFIRMATION_OK"
282,10826776964,10826777005,1,"IOTHUB_CLIENT_CONFIRMATION_OK"
283,10826777297,10826777328,1,"IOTHUB_CLIENT_CONFIRMATION_OK"
284,10826777630,10826777661,1,"IOTHUB_CLIENT_CONFIRMATION_OK"
285,10826777963,10826778024,1,"IOTHUB_CLIENT_CONFIRMATION_OK"
286,10826778296,10826778337,1,"IOTHUB_CLIENT_CONFIRMATION_OK"
287,10826778630,10826778679,1,"IOTHUB_CLIENT_CONFIRMATION_OK"
288,10826778963,10826779037,1,"IOTHUB_CLIENT_CONFIRMATION_OK"
289,10826779296,10826779326,1,"IOTHUB_CLIENT_CONFIRMATION_OK"
290,10826779629,10826779661,1,"IOTHUB_CLIENT_CONFIRMATION_OK"
291,10826779962,10826780053,1,"IOTHUB_CLIENT_CONFIRMATION_OK"
292,10826780295,10826780324,1,"IOTHUB_CLIENT_CONFIRMATION_OK"
293,10826780629,10826780664,1,"IOTHUB_CLIENT_CONFIRMATION_OK"
294,10826780962,10826781069,1,"IOTHUB_CLIENT_CONFIRMATION_OK"
295,10826781295,10826781327,1,"IOTHUB_CLIENT_CONFIRMATION_OK"
296,10826781628,10826781658,1,"IOTHUB_CLIENT_CONFIRMATION_OK"
297,10826781961,10826782088,1,"IOTHUB_CLIENT_CONFIRMATION_OK"
298,10826782294,10826782323,1,"IOTHUB_CLIENT_CONFIRMATION_OK"
299,10826782628,10826782656,1,"IOTHUB_CLIENT_CONFIRMATION_OK"
300,10826782961,10826783062,1,"IOTHUB_CLIENT_CONFIRMATION_OK"
301,10826783294,10826783324,1,"IOTHUB_CLIENT_CONFIRMATION_OK"
302,10826783627,10826783655,1,"IOTHUB_CLIENT_CONFIRMATION_OK"
303,10826783960,10826784079,1,"IOTHUB_CLIENT_CONFIRMATION_OK"
304,10826784293,10826784325,1,"IOTHUB_CLIENT_CONFIRMATION_OK"
305,10826784627,10826784662,1,"IOTHUB_CLIENT_CONFIRMATION_OK"
306,10826784960,10826785087,1,"IOTHUB_CLIENT_CONFIRMATION_OK"
307,10826785293,10826785344,1,"IOTHUB_CLIENT_CONFIRMATION_OK"
308,10826785626,10826785656,1,"IOTHUB_CLIENT_CONFIRMATION_OK"
309,10826785959,10826786102,1,"IOTHUB_CLIENT_CONFIRMATION_OK"
310,10826786292,10826786321,1,"IOTHUB_CLIENT_CONFIRMATION_OK"
311,10826786626,10826786656,1,"IOTHUB_CLIENT_CONFIRMATION_OK"
312,10826786959,10826787117,1,"IOTHUB_CLIENT_CONFIRMATION_OK"
313,10826787292,10826787322,1,"IOTHUB_CLIENT_CONFIRMATION_OK"
314,10826787625,10826787660,1,"IOTHUB_CLIENT_CONFIRMATION_OK"
315,10826787958,10826788137,1,"IOTHUB_CLIENT_CONFIRMATION_OK"
316,10826788291,10826788325,1,"IOTHUB_CLIENT_CONFIRMATION_OK"
317,10826788625,10826788704,1,"IOTHUB_CLIENT_CONFIRMATION_OK"
318,10826788958,10826789151,1,"IOTHUB_CLIENT_CONFIRMATION_OK"
319,10826789291,10826789323,1,"IOTHUB_CLIENT_CONFIRMATION_OK"
320,10826789624,10826789652,1,"IOTHUB_CLIENT_CONFIRMATION_OK"
321,10826789957,10826789988,1,"IOTHUB_CLIENT_CONFIRMATION_OK"
322,10826790290,10826790327,1,"IOTHUB_CLIENT_CONFIRMATION_OK"
323,10826790623,10826790654,1,"IOTHUB_CLIENT_CONFIRMATION_OK"
324,10826790957,10826790990,1,"IOTHUB_CLIENT_CONFIRMATION_OK"
325,10826791290,10826791324,1,"IOTHUB_CLIENT_CONFIRMATION_OK"
326,10826791623,10826791730,1,"IOTHUB_CLIENT_CONFIRMATION_OK"
327,10826791956,10826792001,1,"IOTHUB_CLIENT_CONFIRMATION_OK"
328,10826792289,10826792318,1,"IOTHUB_CLIENT_CONFIRMATION_OK"
329,10826792622,10826792654,1,"IOTHUB_CLIENT_CONFIRMATION_OK"
330,10826792956,10826793018,1,"IOTHUB_CLIENT_CONFIRMATION_OK"
331,10826793289,10826793317,1,"IOTHUB_CLIENT_CONFIRMATION_OK"
332,10826793622,10826793651,1,"IOTHUB_CLIENT_CONFIRMATION_OK"
333,10826793955,10826794042,1,"IOTHUB_CLIENT_CONFIRMATION_OK"
334,10826794288,10826794317,1,"IOTHUB_CLIENT_CONFIRMATION_OK"
335,10826794621,10826794658,1,"IOTHUB_CLIENT_CONFIRMATION_OK"
336,10826794955,10826795059,1,"IOTHUB_CLIENT_CONFIRMATION_OK"
337,10826795288,10826795319,1,"IOTHUB_CLIENT_CONFIRMATION_OK"
338,10826795621,10826795674,1,"IOTHUB_CLIENT_CONFIRMATION_OK"
339,10826795954,10826796081,1,"IOTHUB_CLIENT_CONFIRMATION_OK"
340,10826796287,10826796317,1,"IOTHUB_CLIENT_CONFIRMATION_OK"
341,10826796620,10826796657,1,"IOTHUB_CLIENT_CONFIRMATION_OK"
342,10826796954,10826797089,1,"IOTHUB_CLIENT_CONFIRMATION_OK"
343,10826797287,10826797317,1,"IOTHUB_CLIENT_CONFIRMATION_OK"
344,10826797620,10826797649,1,"IOTHUB_CLIENT_CONFIRMATION_OK"
345,10826797953,10826798114,1,"IOTHUB_CLIENT_CONFIRMATION_OK"
346,10826798286,10826798317,1,"IOTHUB_CLIENT_CONFIRMATION_OK"
347,10826798619,10826798650,1,"IOTHUB_CLIENT_CONFIRMATION_OK"
348,10826798953,10826799119,1,"IOTHUB_CLIENT_CONFIRMATION_OK"
349,10826799286,10826799315,1,"IOTHUB_CLIENT_CONFIRMATION_OK"
350,10826799619,10826799654,1,"IOTHUB_CLIENT_CONFIRMATION_OK"
351,10826799952,10826800150,1,"IOTHUB_CLIENT_CONFIRMATION_OK"
352,10826800285,10826800317,1,"IOTHUB_CLIENT_CONFIRMATION_OK"
353,10826800618,10826800646,1,"IOTHUB_CLIENT_CONFIRMATION_OK"
354,10826800952,10826800982,1,"IOTHUB_CLIENT_CONFIRMATION_OK"
355,10826801285,10826801323,1,"IOTHUB_CLIENT_CONFIRMATION_OK"
356,10826801618,10826801647,1,"IOTHUB_CLIENT_CONFIRMATION_OK"
357,10826801951,10826801982,1,"IOTHUB_CLIENT_CONFIRMATION_OK"
358,10826802284,10826802314,1,"IOTHUB_CLIENT_CONFIRMATION_OK"
359,10826802617,10826802648,1,"IOTHUB_CLIENT_CONFIRMATION_OK"
360,10826802951,10826802994,1,"IOTHUB_CLIENT_CONFIRMATION_OK"
361,10826803284,10826803311,1,"IOTHUB_CLIENT_CONFIRMATION_OK"
362,10826803617,10826803648,1,"IOTHUB_CLIENT_CONFIRMATION_OK"
363,10826803950,10826804089,1,"IOTHUB_CLIENT_CONFIRMATION_OK"
364,10826804283,10826804311,1,"IOTHUB_CLIENT_CONFIRMATION_OK"
365,10826804616,10826804648,1,"IOTHUB_CLIENT_CONFIRMATION_OK"
366,10826804949,10826805088,1,"IOTHUB_CLIENT_CONFIRMATION_OK"
367,10826805283,10826805311,1,"IOTHUB_CLIENT_CONFIRMATION_OK"
368,10826805616,10826805648,1,"IOTHUB_CLIENT_CONFIRMATION_OK"
369,10826805949,10826806106,1,"IOTHUB_CLIENT_CONFIRMATION_OK"
370,10826806282,10826806315,1,"IOTHUB_CLIENT_CONFIRMATION_OK"
371,10826806615,10826806662,1,"IOTHUB_CLIENT_CONFIRMATION_OK"
372,10826806948,10826807142,1,"IOTHUB_CLIENT_CONFIRMATION_OK"
373,10826807282,10826807313,1,"IOTHUB_CLIENT_CONFIRMATION_OK"
374,10826807615,10826807644,1,"IOTHUB_CLIENT_CONFIRMATION_OK"
375,10826807948,10826808139,1,"IOTHUB_CLIENT_CONFIRMATION_OK"
376,10826808281,10826808335,1,"IOTHUB_CLIENT_CONFIRMATION_OK"
377,10826808614,10826808646,1,"IOTHUB_CLIENT_CONFIRMATION_OK"
378,10826808947,10826808977,1,"IOTHUB_CLIENT_CONFIRMATION_OK"
379,10826809281,10826809311,1,"IOTHUB_CLIENT_CONFIRMATION_OK"
380,10826809614,10826809645,1,"IOTHUB_CLIENT_CONFIRMATION_OK"
381,10826809947,10826809982,1,"IOTHUB_CLIENT_CONFIRMATION_OK"
382,10826810280,10826810311,1,"IOTHUB_CLIENT_CONFIRMATION_OK"
383,10826810613,10826810655,1,"IOTHUB_CLIENT_CONFIRMATION_OK"
384,10826810946,10826810998,1,"IOTHUB_CLIENT_CONFIRMATION_OK"
385,10826811280,10826811312,1,"IOTHUB_CLIENT_CONFIRMATION_OK"
386,10826811613,10826811651,1,"IOTHUB_CLIENT_CONFIRMATION_OK"
387,10826811946,10826812014,1,"IOTHUB_CLIENT_CONFIRMATION_OK"
388,10826812279,10826812311,1,"IOTHUB_CLIENT_CONFIRMATION_OK"
389,10826812612,10826812641,1,"IOTHUB_CLIENT_CONFIRMATION_OK"
390,10826812945,10826813030,1,"IOTHUB_CLIENT_CONFIRMATION_OK"
391,10826813279,10826813311,1,"IOTHUB_CLIENT_CONFIRMATION_OK"
392,10826813612,10826813659,1,"IOTHUB_CLIENT_CONFIRMATION_OK"
393,10826813945,10826814050,1,"IOTHUB_CLIENT_CONFIRMATION_OK"
394,10826814278,10826814309,1,"IOTHUB_CLIENT_CONFIRMATION_OK"
395,10826814611,10826814647,1,"IOTHUB_CLIENT_CONFIRMATION_OK"
396,10826814944,10826815059,1,"IOTHUB_CLIENT_CONFIRMATION_OK"
397,10826815278,10826815309,1,"IOTHUB_CLIENT_CONFIRMATION_OK"
398,10826815611,10826815643,1,"IOTHUB_CLIENT_CONFIRMATION_OK"
399,10826815944,10826816087,1,"IOTHUB_CLIENT_CONFIRMATION_OK"
400,10826816277,10826816305,1,"IOTHUB_CLIENT_CONFIRMATION_OK"
401,10826816610,10826816641,1,"IOTHUB_CLIENT_CONFIRMATION_OK"
402,10826816943,10826817094,1,"IOTHUB_CLIENT_CONFIRMATION_OK"
403,10826817277,10826817307,1,"IOTHUB_CLIENT_CONFIRMATION_OK"
404,10826817610,10826817639,1,"IOTHUB_CLIENT_CONFIRMATION_OK"
405,10826817943,10826818106,1,"IOTHUB_CLIENT_CONFIRMATION_OK"
406,10826818276,10826818310,1,"IOTHUB_CLIENT_CONFIRMATION_OK"
407,10826818609,10826818640,1,"IOTHUB_CLIENT_CONFIRMATION_OK"
408,10826818942,10826819129,1,"IOTHUB_CLIENT_CONFIRMATION_OK"
409,10826819275,10826819305,1,"IOTHUB_CLIENT_CONFIRMATION_OK"
410,10826819609,10826819638,1,"IOTHUB_CLIENT_CONFIRMATION_OK"
411,10826819942,10826819974,1,"IOTHUB_CLIENT_CONFIRMATION_OK"
412,10826820275,10826820304,1,"IOTHUB_CLIENT_CONFIRMATION_OK"
413,10826820608,10826820639,1,"IOTHUB_CLIENT_CONFIRMATION_OK"
414,10826820941,10826821003,1,"IOTHUB_CLIENT_CONFIRMATION_OK"
415,10826821274,10826821313,1,"IOTHUB_CLIENT_CONFIRMATION_OK"
416,10826821608,10826821637,1,"IOTHUB_CLIENT_CONFIRMATION_OK"
417,10826821941,10826822018,1,"IOTHUB_CLIENT_CONFIRMATION_OK"
418,10826822274,10826822432,1,"IOTHUB_CLIENT_CONFIRMATION_OK"
419,10826822607,10826822639,1,"IOTHUB_CLIENT_CONFIRMATION_OK"
420,10826822940,10826823029,1,"IOTHUB_CLIENT_CONFIRMATION_OK"
421,10826823273,10826823301,1,"IOTHUB_CLIENT_CONFIRMATION_OK"
422,10826823607,10826823639,1,"IOTHUB_CLIENT_CONFIRMATION_OK"
423,10826823940,10826824046,1,"IOTHUB_CLIENT_CONFIRMATION_OK"
424,10826824273,10826824305,1,"IOTHUB_CLIENT_CONFIRMATION_OK"
425,10826824606,10826824636,1,"IOTHUB_CLIENT_CONFIRMATION_OK"
426,10826824939,10826825065,1,"IOTHUB_CLIENT_CONFIRMATION_OK"
427,10826825272,10826825303,1,"IOTHUB_CLIENT_CONFIRMATION_OK"
428,10826825606,10826825636,1,"IOTHUB_CLIENT_CONFIRMATION_OK"
429,10826825939,10826826076,1,"IOTHUB_CLIENT_CONFIRMATION_OK"
430,10826826272,10826826328,1,"IOTHUB_CLIENT_CONFIRMATION_OK"
431,10826826605,10826826634,1,"IOTHUB_CLIENT_CONFIRMATION_OK"
432,10826826938,10826827093,1,"IOTHUB_CLIENT_CONFIRMATION_OK"
433,10826827271,10826827300,1,"IOTHUB_CLIENT_CONFIRMATION_OK"
434,10826827605,10826827681,1,"IOTHUB_CLIENT_CONFIRMATION_OK"
435,10826827938,10826827966,1,"IOTHUB_CLIENT_CONFIRMATION_OK"
436,10826828271,10826828300,1,"IOTHUB_CLIENT_CONFIRMATION_OK"
437,10826828604,10826828636,1,"IOTHUB_CLIENT_CONFIRMATION_OK"
438,10826828937,10826828967,1,"IOTHUB_CLIENT_CONFIRMATION_OK"
439,10826829270,10826829302,1,"IOTHUB_CLIENT_CONFIRMATION_OK"
440,10826829604,10826829641,1,"IOTHUB_CLIENT_CONFIRMATION_OK"
441,10826829937,10826829974,1,"IOTHUB_CLIENT_CONFIRMATION_OK"
442,10826830270,10826830308,1,"IOTHUB_CLIENT_CONFIRMATION_OK"
443,10826830603,10826830633,1,"IOTHUB_CLIENT_CONFIRMATION_OK"
444,10826830936,10826831008,1,"IOTHUB_CLIENT_CONFIRMATION_OK"
445,10826831269,10826831299,1,"IOTHUB_CLIENT_CONFIRMATION_OK"
446,10826831603,10826831637,1,"IOTHUB_CLIENT_CONFIRMATION_OK"
447,10826831936,10826832016,1,"IOTHUB_CLIENT_CONFIRMATION_OK"
448,10826832269,10826832299,1,"IOTHUB_CLIENT_CONFIRMATION_OK"
449,10826832602,10826832639,1,"IOTHUB_CLIENT_CONFIRMATION_OK"
450,10826832935,10826833032,1,"IOTHUB_CLIENT_CONFIRMATION_OK"
451,10826833268,10826833301,1,"IOTHUB_CLIENT_CONFIRMATION_OK"
452,10826833601,10826833632,1,"IOTHUB_CLIENT_CONFIRMATION_OK"
453,10826833935,10826834048,1,"IOTHUB_CLIENT_CONFIRMATION_OK"
454,10826834268,10826834297,1,"IOTHUB_CLIENT_CONFIRMATION_OK"
455,10826834601,10826834632,1,"IOTHUB_CLIENT_CONFIRMATION_OK"
456,10826834934,10826835085,1,"IOTHUB_CLIENT_CONFIRMATION_OK"
457,10826835267,10826835296,1,"IOTHUB_CLIENT_CONFIRMATION_OK"
458,10826835600,10826835630,1,"IOTHUB_CLIENT_CONFIRMATION_OK"
459,10826835934,10826836087,1,"IOTHUB_CLIENT_CONFIRMATION_OK"
460,10826836267,10826836296,1,"IOTHUB_CLIENT_CONFIRMATION_OK"
461,10826836600,10826836629,1,"IOTHUB_CLIENT_CONFIRMATION_OK"
462,10826836933,10826837099,1,"IOTHUB_CLIENT_CONFIRMATION_OK"
463,10826837266,10826837331,1,"IOTHUB_CLIENT_CONFIRMATION_OK"
464,10826837599,10826837628,1,"IOTHUB_CLIENT_CONFIRMATION_OK"
465,10826837933,10826837970,1,"IOTHUB_CLIENT_CONFIRMATION_OK"
466,10826838266,10826838296,1,"IOTHUB_CLIENT_CONFIRMATION_OK"
467,10826838599,10826838627,1,"IOTHUB_CLIENT_CONFIRMATION_OK"
468,10826838932,10826838964,1,"IOTHUB_CLIENT_CONFIRMATION_OK"
469,10826839265,10826839301,1,"IOTHUB_CLIENT_CONFIRMATION_OK"
470,10826839598,10826839632,1,"IOTHUB_CLIENT_CONFIRMATION_OK"
471,10826839932,10826839969,1,"IOTHUB_CLIENT_CONFIRMATION_OK"
472,10826840265,10826840298,1,"IOTHUB_CLIENT_CONFIRMATION_OK"
473,10826840598,10826840633,1,"IOTHUB_CLIENT_CONFIRMATION_OK"
474,10826840931,10826840984,1,"IOTHUB_CLIENT_CONFIRMATION_OK"
475,10826841264,10826841292,1,"IOTHUB_CLIENT_CONFIRMATION_OK"
476,10826841597,10826841650,1,"IOTHUB_CLIENT_CONFIRMATION_OK"
477,10826841931,10826842017,1,"IOTHUB_CLIENT_CONFIRMATION_OK"
478,10826842264,10826842297,1,"IOTHUB_CLIENT_CONFIRMATION_OK"
479,10826842597,10826842629,1,"IOTHUB_CLIENT_CONFIRMATION_OK"
480,10826842930,10826843203,1,"IOTHUB_CLIENT_CONFIRMATION_OK"
481,10826843263,10826843292,1,"IOTHUB_CLIENT_CONFIRMATION_OK"
482,10826843596,10826843632,1,"IOTHUB_CLIENT_CONFIRMATION_OK"
483,10826843930,10826844077,1,"IOTHUB_CLIENT_CONFIRMATION_OK"
484,10826844263,10826844294,1,"IOTHUB_CLIENT_CONFIRMATION_OK"
485,10826844596,10826844626,1,"IOTHUB_CLIENT_CONFIRMATION_OK"
486,10826844929,10826845079,1,"IOTHUB_CLIENT_CONFIRMATION_OK"
487,10826845262,10826845291,1,"IOTHUB_CLIENT_CONFIRMATION_OK"
488,10826845595,10826845640,1,"IOTHUB_CLIENT_CONFIRMATION_OK"
489,10826845928,10826846096,1,"IOTHUB_CLIENT_CONFIRMATION_OK"
490,10826846262,10826846296,1,"IOTHUB_CLIENT_CONFIRMATION_OK"
491,10826846595,10826846631,1,"IOTHUB_CLIENT_CONFIRMATION_OK"
492,10826846928,10826847109,1,"IOTHUB_CLIENT_CONFIRMATION_OK"
493,10826847261,10826847293,1,"IOTHUB_CLIENT_CONFIRMATION_OK"
494,10826847594,10826847633,1,"IOTHUB_CLIENT_CONFIRMATION_OK"
495,10826847927,10826847966,1,"IOTHUB_CLIENT_CONFIRMATION_OK"
496,10826848261,10826848292,1,"IOTHUB_CLIENT_CONFIRMATION_OK"
497,10826848594,10826848623,1,"IOTHUB_CLIENT_CONFIRMATION_OK"
498,10826848927,10826848957,1,"IOTHUB_CLIENT_CONFIRMATION_OK"
499,10826849260,10826849289,1,"IOTHUB_CLIENT_CONFIRMATION_OK"
500,10826849593,10826849623,1,"IOTHUB_CLIENT_CONFIRMATION_OK"
501,10826849926,10826849971,1,"IOTHUB_CLIENT_CONFIRMATION_OK"
502,10826850260,10826850290,1,"IOTHUB_CLIENT_CONFIRMATION_OK"
503,10826850593,10826850624,1,"IOTHUB_CLIENT_CONFIRMATION_OK"
504,10826850926,10826850985,1,"IOTHUB_CLIENT_CONFIRMATION_OK"
505,10826851259,10826851309,1,"IOTHUB_CLIENT_CONFIRMATION_OK"
506,10826851592,10826851630,1,"IOTHUB_CLIENT_CONFIRMATION_OK"
507,10826851925,10826852007,1,"IOTHUB_CLIENT_CONFIRMATION_OK"
508,10826852259,10826852287,1,"IOTHUB_CLIENT_CONFIRMATION_OK"
509,10826852592,10826852624,1,"IOTHUB_CLIENT_CONFIRMATION_OK"
510,10826852925,10826853018,1,"IOTHUB_CLIENT_CONFIRMATION_OK"
511,10826853258,10826853290,1,"IOTHUB_CLIENT_CONFIRMATION_OK"
512,10826853591,10826853621,1,"IOTHUB_CLIENT_CONFIRMATION_OK"
513,10826853924,10826854040,1,"IOTHUB_CLIENT_CONFIRMATION_OK"
514,10826854258,10826854287,1,"IOTHUB_CLIENT_CONFIRMATION_OK"
515,10826854591,10826854628,1,"IOTHUB_CLIENT_CONFIRMATION_OK"
516,10826854924,10826855048,1,"IOTHUB_CLIENT_CONFIRMATION_OK"
517,10826855257,10826855289,1,"IOTHUB_CLIENT_CONFIRMATION_OK"
518,10826855590,10826855620,1,"IOTHUB_CLIENT_CONFIRMATION_OK"
519,10826855923,10826856079,1,"IOTHUB_CLIENT_CONFIRMATION_OK"
520,10826856257,10826856286,1,"IOTHUB_CLIENT_CONFIRMATION_OK"
521,10826856590,10826856621,1,"IOTHUB_CLIENT_CONFIRMATION_OK"
522,10826856923,10826857096,1,"IOTHUB_CLIENT_CONFIRMATION_OK"
523,10826857256,10826857288,1,"IOTHUB_CLIENT_CONFIRMATION_OK"
524,10826857589,10826857617,1,"IOTHUB_CLIENT_CONFIRMATION_OK"
525,10826857922,10826858110,1,"IOTHUB_CLIENT_CONFIRMATION_OK"
526,10826858256,10826858294,1,"IOTHUB_CLIENT_CONFIRMATION_OK"
527,10826858589,10826858619,1,"IOTHUB_CLIENT_CONFIRMATION_OK"
528,10826858922,10826858952,1,"IOTHUB_CLIENT_CONFIRMATION_OK"
529,10826859255,10826859283,1,"IOTHUB_CLIENT_CONFIRMATION_OK"
530,10826859588,10826859620,1,"IOTHUB_CLIENT_CONFIRMATION_OK"
531,10826859921,10826859950,1,"IOTHUB_CLIENT_CONFIRMATION_OK"
532,10826860255,10826860291,1,"IOTHUB_CLIENT_CONFIRMATION_OK"
533,10826860588,10826860616,1,"IOTHUB_CLIENT_CONFIRMATION_OK"
534,10826860921,10826860955,1,"IOTHUB_CLIENT_CONFIRMATION_OK"
535,10826861254,10826861282,1,"IOTHUB_CLIENT_CONFIRMATION_OK"
536,10826861587,10826861617,1,"IOTHUB_CLIENT_CONFIRMATION_OK"
537,10826861920,10826861976,1,"IOTHUB_CLIENT_CONFIRMATION_OK"
538,10826862254,10826862285,1,"IOTHUB_CLIENT_CONFIRMATION_OK"
539,10826862587,10826862620,1,"IOTHUB_CLIENT_CONFIRMATION_OK"
540,10826862920,10826862991,1,"IOTHUB_CLIENT_CONFIRMATION_OK"
541,10826863253,10826863297,1,"IOTHUB_CLIENT_CONFIRMATION_OK"
542,10826863586,10826863614,1,"IOTHUB_CLIENT_CONFIRMATION_OK"
543,10826863919,10826864005,1,"IOTHUB_CLIENT_CONFIRMATION_OK"
544,10826864252,10826864282,1,"IOTHUB_CLIENT_CONFIRMATION_OK"
545,10826864586,10826864618,1,"IOTHUB_CLIENT_CONFIRMATION_OK"
546,10826864919,10826865026,1,"IOTHUB_CLIENT_CONFIRMATION_OK"
547,10826865252,10826865286,1,"IOTHUB_CLIENT_CONFIRMATION_OK"
548,10826865585,10826865616,1,"IOTHUB_CLIENT_CONFIRMATION_OK"
549,10826865918,10826866041,1,"IOTHUB_CLIENT_CONFIRMATION_OK"
550,10826866251,10826866279,1,"IOTHUB_CLIENT_CONFIRMATION_OK"
551,10826866585,10826866614,1,"IOTHUB_CLIENT_CONFIRMATION_OK"
552,10826866918,10826867056,1,"IOTHUB_CLIENT_CONFIRMATION_OK"
553,10826867251,10826867283,1,"IOTHUB_CLIENT_CONFIRMATION_OK"
554,10826867584,10826867614,1,"IOTHUB_CLIENT_CONFIRMATION_OK"
555,10826867917,10826868069,1,"IOTHUB_CLIENT_CONFIRMATION_OK"
556,10826868250,10826868283,1,"IOTHUB_CLIENT_CONFIRMATION_OK"
557,10826868584,10826868614,1,"IOTHUB_CLIENT_CONFIRMATION_OK"
558,10826868917,10826869084,1,"IOTHUB_CLIENT_CONFIRMATION_OK"
559,10826869250,10826869282,1,"IOTHUB_CLIENT_CONFIRMATION_OK"
560,10826869583,10826869617,1,"IOTHUB_CLIENT_CONFIRMATION_OK"
561,10826869916,10826870104,1,"IOTHUB_CLIENT_CONFIRMATION_OK"
562,10826870249,10826870279,1,"IOTHUB_CLIENT_CONFIRMATION_OK"
563,10826870583,10826870618,1,"IOTHUB_CLIENT_CONFIRMATION_OK"
564,10826870916,10826870945,1,"IOTHUB_CLIENT_CONFIRMATION_OK"
565,10826871249,10826871279,1,"IOTHUB_CLIENT_CONFIRMATION_OK"
566,10826871582,10826871613,1,"IOTHUB_CLIENT_CONFIRMATION_OK"
567,10826871915,10826871981,1,"IOTHUB_CLIENT_CONFIRMATION_OK"
568,10826872248,10826872280,1,"IOTHUB_CLIENT_CONFIRMATION_OK"
569,10826872582,10826872611,1,"IOTHUB_CLIENT_CONFIRMATION_OK"
570,10826872915,10826873002,1,"IOTHUB_CLIENT_CONFIRMATION_OK"
571,10826873248,10826873279,1,"IOTHUB_CLIENT_CONFIRMATION_OK"
572,10826873581,10826873609,1,"IOTHUB_CLIENT_CONFIRMATION_OK"
573,10826873914,10826874009,1,"IOTHUB_CLIENT_CONFIRMATION_OK"
574,10826874247,10826874277,1,"IOTHUB_CLIENT_CONFIRMATION_OK"
575,10826874581,10826874618,1,"IOTHUB_CLIENT_CONFIRMATION_OK"
576,10826874914,10826875057,1,"IOTHUB_CLIENT_CONFIRMATION_OK"
577,10826875247,10826875280,1,"IOTHUB_CLIENT_CONFIRMATION_OK"
578,10826875580,10826875609,1,"IOTHUB_CLIENT_CONFIRMATION_OK"
579,10826875913,10826876091,1,"IOTHUB_CLIENT_CONFIRMATION_OK"
580,10826876247,10826876275,1,"IOTHUB_CLIENT_CONFIRMATION_OK"
581,10826876580,10826876609,1,"IOTHUB_CLIENT_CONFIRMATION_OK"
582,10826876913,10826877109,1,"IOTHUB_CLIENT_CONFIRMATION_OK"
583,10826877246,10826877277,1,"IOTHUB_CLIENT_CONFIRMATION_OK"
584,10826877579,10826877608,1,"IOTHUB_CLIENT_CONFIRMATION_OK"
585,10826877912,10826877940,1,"IOTHUB_CLIENT_CONFIRMATION_OK"
586,10826878246,10826878275,1,"IOTHUB_CLIENT_CONFIRMATION_OK"
587,10826878579,10826878609,1,"IOTHUB_CLIENT_CONFIRMATION_OK"
588,10826878912,10826878941,1,"IOTHUB_CLIENT_CONFIRMATION_OK"
589,10826879245,10826879275,1,"IOTHUB_CLIENT_CONFIRMATION_OK"
590,10826879578,10826879611,1,"IOTHUB_CLIENT_CONFIRMATION_OK"
591,10826879911,10826879953,1,"IOTHUB_CLIENT_CONFIRMATION_OK"
592,10826880245,10826880275,1,"IOTHUB_CLIENT_CONFIRMATION_OK"
593,10826880578,10826880606,1,"IOTHUB_CLIENT_CONFIRMATION_OK"
594,10826880911,10826880965,1,"IOTHUB_CLIENT_CONFIRMATION_OK"
595,10826881244,10826881275,1,"IOTHUB_CLIENT_CONFIRMATION_OK"
596,10826881577,10826881609,1,"IOTHUB_CLIENT_CONFIRMATION_OK"
597,10826881910,10826881980,1,"IOTHUB_CLIENT_CONFIRMATION_OK"
598,10826882243,10826882279,1,"IOTHUB_CLIENT_CONFIRMATION_OK"
599,10826882577,10826882610,1,"IOTHUB_CLIENT_CONFIRMATION_OK"
600,10826882910,10826883006,1,"IOTHUB_CLIENT_CONFIRMATION_OK"
601,10826883243,10826883287,1,"IOTHUB_CLIENT_CONFIRMATION_OK"
602,10826883576,10826883604,1,"IOTHUB_CLIENT_CONFIRMATION_OK"
603,10826883909,10826884012,1,"IOTHUB_CLIENT_CONFIRMATION_OK"
604,10826884243,10826884273,1,"IOTHUB_CLIENT_CONFIRMATION_OK"
605,10826884576,10826884607,1,"IOTHUB_CLIENT_CONFIRMATION_OK"
606,10826884909,10826885030,1,"IOTHUB_CLIENT_CONFIRMATION_OK"
607,10826885242,10826885277,1,"IOTHUB_CLIENT_CONFIRMATION_OK"
608,10826885575,10826885603,1,"IOTHUB_CLIENT_CONFIRMATION_OK"
609,10826885908,10826886046,1,"IOTHUB_CLIENT_CONFIRMATION_OK"
610,10826886241,10826886330,1,"IOTHUB_CLIENT_CONFIRMATION_OK"
611,10826886575,10826886606,1,"IOTHUB_CLIENT_CONFIRMATION_OK"
612,10826886908,10826886938,1,"IOTHUB_CLIENT_CONFIRMATION_OK"
613,10826887241,10826887281,1,"IOTHUB_CLIENT_CONFIRMATION_OK"
614,10826887574,10826887603,1,"IOTHUB_CLIENT_CONFIRMATION_OK"
615,10826887907,10826887938,1,"IOTHUB_CLIENT_CONFIRMATION_OK"
616,10826888240,10826888270,1,"IOTHUB_CLIENT_CONFIRMATION_OK"
617,10826888574,10826888609,1,"IOTHUB_CLIENT_CONFIRMATION_OK"
618,10826888907,10826888949,1,"IOTHUB_CLIENT_CONFIRMATION_OK"
619,10826889240,10826889271,1,"IOTHUB_CLIENT_CONFIRMATION_OK"
620,10826889573,10826889603,1,"IOTHUB_CLIENT_CONFIRMATION_OK"
621,10826889906,10826889966,1,"IOTHUB_CLIENT_CONFIRMATION_OK"
622,10826890239,10826890267,1,"IOTHUB_CLIENT_CONFIRMATION_OK"
623,10826890573,10826890611,1,"IOTHUB_CLIENT_CONFIRMATION_OK"
624,10826890906,10826890981,1,"IOTHUB_CLIENT_CONFIRMATION_OK"
625,10826891239,10826891267,1,"IOTHUB_CLIENT_CONFIRMATION_OK"
626,10826891572,10826891610,1,"IOTHUB_CLIENT_CONFIRMATION_OK"
627,10826891905,10826892020,1,"IOTHUB_CLIENT_CONFIRMATION_OK"
628,10826892238,10826892270,1,"IOTHUB_CLIENT_CONFIRMATION_OK"
629,10826892572,10826892601,1,"IOTHUB_CLIENT_CONFIRMATION_OK"
630,10826892905,10826893029,1,"IOTHUB_CLIENT_CONFIRMATION_OK"
631,10826893238,10826893267,1,"IOTHUB_CLIENT_CONFIRMATION_OK"
632,10826893571,10826893600,1,"IOTHUB_CLIENT_CONFIRMATION_OK"
633,10826893904,10826894048,1,"IOTHUB_CLIENT_CONFIRMATION_OK"
634,10826894237,10826894265,1,"IOTHUB_CLIENT_CONFIRMATION_OK"
635,10826894571,10826894599,1,"IOTHUB_CLIENT_CONFIRMATION_OK"
636,10826894904,10826895061,1,"IOTHUB_CLIENT_CONFIRMATION_OK"
637,10826895237,10826895274,1,"IOTHUB_CLIENT_CONFIRMATION_OK"
638,10826895570,10826895614,1,"IOTHUB_CLIENT_CONFIRMATION_OK"
639,10826895903,10826896075,1,"IOTHUB_CLIENT_CONFIRMATION_OK"
640,10826896236,10826896267,1,"IOTHUB_CLIENT_CONFIRMATION_OK"
641,10826896569,10826896601,1,"IOTHUB_CLIENT_CONFIRMATION_OK"
642,10826896903,10826897091,1,"IOTHUB_CLIENT_CONFIRMATION_OK"
643,10826897236,10826897264,1,"IOTHUB_CLIENT_CONFIRMATION_OK"
644,10826897569,10826897599,1,"IOTHUB_CLIENT_CONFIRMATION_OK"
645,10826897902,10826897935,1,"IOTHUB_CLIENT_CONFIRMATION_OK"
646,10826898235,10826898273,1,"IOTHUB_CLIENT_CONFIRMATION_OK"
647,10826898568,10826898597,1,"IOTHUB_CLIENT_CONFIRMATION_OK"
648,10826898902,10826898932,1,"IOTHUB_CLIENT_CONFIRMATION_OK"
649,10826899235,10826899264,1,"IOTHUB_CLIENT_CONFIRMATION_OK"
650,10826899568,10826899599,1,"IOTHUB_CLIENT_CONFIRMATION_OK"
651,10826899901,10826899953,1,"IOTHUB_CLIENT_CONFIRMATION_OK"
652,10826900234,10826900264,1,"IOTHUB_CLIENT_CONFIRMATION_OK"
653,10826900567,10826900611,1,"IOTHUB_CLIENT_CONFIRMATION_OK"
654,10826900901,10826900975,1,"IOTHUB_CLIENT_CONFIRMATION_OK"
655,10826901234,10826901264,1,"IOTHUB_CLIENT_CONFIRMATION_OK"
656,10826901567,10826901595,1,"IOTHUB_CLIENT_CONFIRMATION_OK"
657,10826901900,10826902011,1,"IOTHUB_CLIENT_CONFIRMATION_OK"
658,10826902233,10826902265,1,"IOTHUB_CLIENT_CONFIRMATION_OK"
659,10826902566,10826902597,1,"IOTHUB_CLIENT_CONFIRMATION_OK"
660,10826902899,10826902996,1,"IOTHUB_CLIENT_CONFIRMATION_OK"
661,10826903233,10826903432,1,"IOTHUB_CLIENT_CONFIRMATION_OK"
662,10826903566,10826903595,1,"IOTHUB_CLIENT_CONFIRMATION_OK"
663,10826903899,10826904083,1,"IOTHUB_CLIENT_CONFIRMATION_OK"
664,10826904232,10826904262,1,"IOTHUB_CLIENT_CONFIRMATION_OK"
665,10826904565,10826904594,1,"IOTHUB_CLIENT_CONFIRMATION_OK"
666,10826904898,10826905075,1,"IOTHUB_CLIENT_CONFIRMATION_OK"
667,10826905232,10826905275,1,"IOTHUB_CLIENT_CONFIRMATION_OK"
668,10826905565,10826905627,1,"IOTHUB_CLIENT_CONFIRMATION_OK"
669,10826905898,10826905927,1,"IOTHUB_CLIENT_CONFIRMATION_OK"
670,10826906231,10826906265,1,"IOTHUB_CLIENT_CONFIRMATION_OK"
671,10826906564,10826906595,1,"IOTHUB_CLIENT_CONFIRMATION_OK"
672,10826906897,10826906927,1,"IOTHUB_CLIENT_CONFIRMATION_OK"
673,10826907231,10826907262,1,"IOTHUB_CLIENT_CONFIRMATION_OK"
674,10826907564,10826907602,1,"IOTHUB_CLIENT_CONFIRMATION_OK"
675,10826907897,10826907926,1,"IOTHUB_CLIENT_CONFIRMATION_OK"
676,10826908230,10826908262,1,"IOTHUB_CLIENT_CONFIRMATION_OK"
677,10826908563,10826908637,1,"IOTHUB_CLIENT_CONFIRMATION_OK"
678,10826908896,10826908968,1,"IOTHUB_CLIENT_CONFIRMATION_OK"
679,10826909230,10826909261,1,"IOTHUB_CLIENT_CONFIRMATION_OK"
680,10826909563,10826909592,1,"IOTHUB_CLIENT_CONFIRMATION_OK"
681,10826909896,10826909984,1,"IOTHUB_CLIENT_CONFIRMATION_OK"
682,10826910229,10826910257,1,"IOTHUB_CLIENT_CONFIRMATION_OK"
683,10826910562,10826910594,1,"IOTHUB_CLIENT_CONFIRMATION_OK"
684,10826910895,10826911000,1,"IOTHUB_CLIENT_CONFIRMATION_OK"
685,10826911228,10826911259,1,"IOTHUB_CLIENT_CONFIRMATION_OK"
686,10826911562,10826911590,1,"IOTHUB_CLIENT_CONFIRMATION_OK"
687,10826911895,10826911935,1,"IOTHUB_CLIENT_CONFIRMATION_OK"
688,10826912228,10826912256,1,"IOTHUB_CLIENT_CONFIRMATION_OK"
689,10826912561,10826912591,1,"IOTHUB_CLIENT_CONFIRMATION_OK"
690,10826912894,10826912987,1,"IOTHUB_CLIENT_CONFIRMATION_OK"
691,10826913227,10826913275,1,"IOTHUB_CLIENT_CONFIRMATION_OK"
692,10826913561,10826913592,1,"IOTHUB_CLIENT_CONFIRMATION_OK"
693,10826913894,10826914004,1,"IOTHUB_CLIENT_CONFIRMATION_OK"
694,10826914227,10826914257,1,"IOTHUB_CLIENT_CONFIRMATION_OK"
695,10826914560,10826914589,1,"IOTHUB_CLIENT_CONFIRMATION_OK"
696,10826914893,10826915014,1,"IOTHUB_CLIENT_CONFIRMATION_OK"
697,10826915226,10826915257,1,"IOTHUB_CLIENT_CONFIRMATION_OK"
698,10826915560,10826915593,1,"IOTHUB_CLIENT_CONFIRMATION_OK"
699,10826915893,10826916035,1,"IOTHUB_CLIENT_CONFIRMATION_OK"
700,10826916226,10826916258,1,"IOTHUB_CLIENT_CONFIRMATION_OK"
701,10826916559,10826916587,1,"IOTHUB_CLIENT_CONFIRMATION_OK"
702,10826916892,10826917070,1,"IOTHUB_CLIENT_CONFIRMATION_OK"
703,10826917225,10826917256,1,"IOTHUB_CLIENT_CONFIRMATION_OK"
704,10826917559,10826917590,1,"IOTHUB_CLIENT_CONFIRMATION_OK"
705,10826917892,10826918085,1,"IOTHUB_CLIENT_CONFIRMATION_OK"
706,10826918225,10826918253,1,"IOTHUB_CLIENT_CONFIRMATION_OK"
707,10826918558,10826918587,1,"IOTHUB_CLIENT_CONFIRMATION_OK"
708,10826918891,10826918921,1,"IOTHUB_CLIENT_CONFIRMATION_OK"
709,10826919224,10826919259,1,"IOTHUB_CLIENT_CONFIRMATION_OK"
710,10826919558,10826919586,1,"IOTHUB_CLIENT_CONFIRMATION_OK"
711,10826919891,10826919921,1,"IOTHUB_CLIENT_CONFIRMATION_OK"
712,10826920224,10826920257,1,"IOTHUB_CLIENT_CONFIRMATION_OK"
713,10826920557,10826920587,1,"IOTHUB_CLIENT_CONFIRMATION_OK"
714,10826920890,10826920923,1,"IOTHUB_CLIENT_CONFIRMATION_OK"
715,10826921223,10826921252,1,"IOTHUB_CLIENT_CONFIRMATION_OK"
716,10826921556,10826921594,1,"IOTHUB_CLIENT_CONFIRMATION_OK"
717,10826921890,10826921982,1,"IOTHUB_CLIENT_CONFIRMATION_OK"
718,10826922223,10826922258,1,"IOTHUB_CLIENT_CONFIRMATION_OK"
719,10826922556,10826922587,1,"IOTHUB_CLIENT_CONFIRMATION_OK"
720,10826922889,10826922999,1,"IOTHUB_CLIENT_CONFIRMATION_OK"
721,10826923222,10826923255,1,"IOTHUB_CLIENT_CONFIRMATION_OK"
722,10826923555,10826923610,1,"IOTHUB_CLIENT_CONFIRMATION_OK"
723,10826923889,10826924029,1,"IOTHUB_CLIENT_CONFIRMATION_OK"
724,10826924222,10826924251,1,"IOTHUB_CLIENT_CONFIRMATION_OK"
725,10826924555,10826924583,1,"IOTHUB_CLIENT_CONFIRMATION_OK"
726,10826924888,10826925064,1,"IOTHUB_CLIENT_CONFIRMATION_OK"
727,10826925221,10826925249,1,"IOTHUB_CLIENT_CONFIRMATION_OK"
728,10826925554,10826925583,1,"IOTHUB_CLIENT_CONFIRMATION_OK"
729,10826925888,10826926079,1,"IOTHUB_CLIENT_CONFIRMATION_OK"
730,10826926221,10826926257,1,"IOTHUB_CLIENT_CONFIRMATION_OK"
731,10826926554,10826926582,1,"IOTHUB_CLIENT_CONFIRMATION_OK"
732,10826926887,10826926918,1,"IOTHUB_CLIENT_CONFIRMATION_OK"
733,10826927220,10826927251,1,"IOTHUB_CLIENT_CONFIRMATION_OK"
734,10826927553,10826927583,1,"IOTHUB_CLIENT_CONFIRMATION_OK"
735,10826927886,10826927914,1,"IOTHUB_CLIENT_CONFIRMATION_OK"
736,10826928220,10826928249,1,"IOTHUB_CLIENT_CONFIRMATION_OK"
737,10826928553,10826928582,1,"IOTHUB_CLIENT_CONFIRMATION_OK"
738,10826928886,10826928926,1,"IOTHUB_CLIENT_CONFIRMATION_OK"
739,10826929219,10826929247,1,"IOTHUB_CLIENT_CONFIRMATION_OK"
740,10826929552,10826929583,1,"IOTHUB_CLIENT_CONFIRMATION_OK"
741,10826929886,10826929938,1,"IOTHUB_CLIENT_CONFIRMATION_OK"
742,10826930219,10826930247,1,"IOTHUB_CLIENT_CONFIRMATION_OK"
743,10826930552,10826930583,1,"IOTHUB_CLIENT_CONFIRMATION_OK"
744,10826930885,10826930955,1,"IOTHUB_CLIENT_CONFIRMATION_OK"
745,10826931218,10826931248,1,"IOTHUB_CLIENT_CONFIRMATION_OK"
746,10826931551,10826931579,1,"IOTHUB_CLIENT_CONFIRMATION_OK"
747,10826931884,10826931970,1,"IOTHUB_CLIENT_CONFIRMATION_OK"
748,10826932218,10826932583,1,"IOTHUB_CLIENT_CONFIRMATION_OK"
749,10826932551,10826932590,1,"IOTHUB_CLIENT_CONFIRMATION_OK"
750,10826932884,10826932988,1,"IOTHUB_CLIENT_CONFIRMATION_OK"
751,10826933217,10826933246,1,"IOTHUB_CLIENT_CONFIRMATION_OK"
752,10826933550,10826933579,1,"IOTHUB_CLIENT_CONFIRMATION_OK"
753,10826933883,10826934001,1,"IOTHUB_CLIENT_CONFIRMATION_OK"
754,10826934217,10826934247,1,"IOTHUB_CLIENT_CONFIRMATION_OK"
755,10826934550,10826934578,1,"IOTHUB_CLIENT_CONFIRMATION_OK"
756,10826934883,10826935052,1,"IOTHUB_CLIENT_CONFIRMATION_OK"
757,10826935216,10826935248,1,"IOTHUB_CLIENT_CONFIRMATION_OK"
758,10826935549,10826935577,1,"IOTHUB_CLIENT_CONFIRMATION_OK"
759,10826935882,10826936058,1,"IOTHUB_CLIENT_CONFIRMATION_OK"
760,10826936216,10826936247,1,"IOTHUB_CLIENT_CONFIRMATION_OK"
761,10826936549,10826936577,1,"IOTHUB_CLIENT_CONFIRMATION_OK"
762,10826936882,10826937066,1,"IOTHUB_CLIENT_CONFIRMATION_OK"
763,10826937215,10826937243,1,"IOTHUB_CLIENT_CONFIRMATION_OK"
764,10826937548,10826937582,1,"IOTHUB_CLIENT_CONFIRMATION_OK"
765,10826937881,10826937914,1,"IOTHUB_CLIENT_CONFIRMATION_OK"
766,10826938214,10826938248,1,"IOTHUB_CLIENT_CONFIRMATION_OK"
767,10826938548,10826938577,1,"IOTHUB_CLIENT_CONFIRMATION_OK"
768,10826938881,10826938920,1,"IOTHUB_CLIENT_CONFIRMATION_OK"
769,10826939214,10826939249,1,"IOTHUB_CLIENT_CONFIRMATION_OK"
770,10826939547,10826939575,1,"IOTHUB_CLIENT_CONFIRMATION_OK"
771,10826939880,10826939928,1,"IOTHUB_CLIENT_CONFIRMATION_OK"
772,10826940213,10826940246,1,"IOTHUB_CLIENT_CONFIRMATION_OK"
773,10826940547,10826940575,1,"IOTHUB_CLIENT_CONFIRMATION_OK"
774,10826940880,10826940951,1,"IOTHUB_CLIENT_CONFIRMATION_OK"
775,10826941213,10826941245,1,"IOTHUB_CLIENT_CONFIRMATION_OK"
776,10826941546,10826941617,1,"IOTHUB_CLIENT_CONFIRMATION_OK"
777,10826941879,10826941958,1,"IOTHUB_CLIENT_CONFIRMATION_OK"
778,10826942212,10826942243,1,"IOTHUB_CLIENT_CONFIRMATION_OK"
779,10826942546,10826942575,1,"IOTHUB_CLIENT_CONFIRMATION_OK"
780,10826942879,10826943014,1,"IOTHUB_CLIENT_CONFIRMATION_OK"
781,10826943212,10826943252,1,"IOTHUB_CLIENT_CONFIRMATION_OK"
782,10826943545,10826943577,1,"IOTHUB_CLIENT_CONFIRMATION_OK"
783,10826943878,10826944022,1,"IOTHUB_CLIENT_CONFIRMATION_OK"
784,10826944211,10826944240,1,"IOTHUB_CLIENT_CONFIRMATION_OK"
785,10826944545,10826944572,1,"IOTHUB_CLIENT_CONFIRMATION_OK"
786,10826944878,10826944906,1,"IOTHUB_CLIENT_CONFIRMATION_OK"
787,10826945211,10826945247,1,"IOTHUB_CLIENT_CONFIRMATION_OK"
788,10826945544,10826945573,1,"IOTHUB_CLIENT_CONFIRMATION_OK"
789,10826945877,10826945906,1,"IOTHUB_CLIENT_CONFIRMATION_OK"
790,10826946210,10826946239,1,"IOTHUB_CLIENT_CONFIRMATION_OK"
791,10826946543,10826946574,1,"IOTHUB_CLIENT_CONFIRMATION_OK"
792,10826946877,10826946922,1,"IOTHUB_CLIENT_CONFIRMATION_OK"
793,10826947210,10826947238,1,"IOTHUB_CLIENT_CONFIRMATION_OK"
794,10826947543,10826947573,1,"IOTHUB_CLIENT_CONFIRMATION_OK"
795,10826947876,10826947927,1,"IOTHUB_CLIENT_CONFIRMATION_OK"
796,10826948209,10826948246,1,"IOTHUB_CLIENT_CONFIRMATION_OK"
797,10826948542,10826948577,1,"IOTHUB_CLIENT_CONFIRMATION_OK"
798,10826948876,10826948948,1,"IOTHUB_CLIENT_CONFIRMATION_OK"
799,10826949209,10826949238,1,"IOTHUB_CLIENT_CONFIRMATION_OK"
800,10826949542,10826949572,1,"IOTHUB_CLIENT_CONFIRMATION_OK"
801,10826949875,10826949989,1,"IOTHUB_CLIENT_CONFIRMATION_OK"
802,10826950208,10826950237,1,"IOTHUB_CLIENT_CONFIRMATION_OK"
803,10826950541,10826950570,1,"IOTHUB_CLIENT_CONFIRMATION_OK"
804,10826950874,10826950994,1,"IOTHUB_CLIENT_CONFIRMATION_OK"
805,10826951208,10826951243,1,"IOTHUB_CLIENT_CONFIRMATION_OK"
806,10826951541,10826951596,1,"IOTHUB_CLIENT_CONFIRMATION_OK"
807,10826951874,10826952009,1,"IOTHUB_CLIENT_CONFIRMATION_OK"
808,10826952207,10826952236,1,"IOTHUB_CLIENT_CONFIRMATION_OK"
809,10826952540,10826952579,1,"IOTHUB_CLIENT_CONFIRMATION_OK"
810,10826952873,10826953022,1,"IOTHUB_CLIENT_CONFIRMATION_OK"
811,10826953207,10826953236,1,"IOTHUB_CLIENT_CONFIRMATION_OK"
812,10826953540,10826953569,1,"IOTHUB_CLIENT_CONFIRMATION_OK"
813,10826953873,10826954037,1,"IOTHUB_CLIENT_CONFIRMATION_OK"
814,10826954206,10826954258,1,"IOTHUB_CLIENT_CONFIRMATION_OK"
815,10826954539,10826954590,1,"IOTHUB_CLIENT_CONFIRMATION_OK"
816,10826954872,10826955031,1,"IOTHUB_CLIENT_CONFIRMATION_OK"
817,10826955206,10826955237,1,"IOTHUB_CLIENT_CONFIRMATION_OK"
818,10826955539,10826955567,1,"IOTHUB_CLIENT_CONFIRMATION_OK"
819,10826955872,10826956022,1,"IOTHUB_CLIENT_CONFIRMATION_OK"
820,10826956205,10826956236,1,"IOTHUB_CLIENT_CONFIRMATION_OK"
821,10826956538,10826956567,1,"IOTHUB_CLIENT_CONFIRMATION_OK"
822,10826956871,10826957055,1,"IOTHUB_CLIENT_CONFIRMATION_OK"
823,10826957204,10826957233,1,"IOTHUB_CLIENT_CONFIRMATION_OK"
824,10826957538,10826957568,1,"IOTHUB_CLIENT_CONFIRMATION_OK"
825,10826957871,10826957950,1,"IOTHUB_CLIENT_CONFIRMATION_OK"
826,10826958204,10826958236,1,"IOTHUB_CLIENT_CONFIRMATION_OK"
827,10826958537,10826958567,1,"IOTHUB_CLIENT_CONFIRMATION_OK"
828,10826958870,10826958963,1,"IOTHUB_CLIENT_CONFIRMATION_OK"
829,10826959203,10826959231,1,"IOTHUB_CLIENT_CONFIRMATION_OK"
830,10826959537,10826959567,1,"IOTHUB_CLIENT_CONFIRMATION_OK"
831,10826959870,10826959977,1,"IOTHUB_CLIENT_CONFIRMATION_OK"
832,10826960203,10826960231,1,"IOTHUB_CLIENT_CONFIRMATION_OK"
833,10826960536,10826960577,1,"IOTHUB_CLIENT_CONFIRMATION_OK"
834,10826960869,10826961017,1,"IOTHUB_CLIENT_CONFIRMATION_OK"
835,10826961202,10826961231,1,"IOTHUB_CLIENT_CONFIRMATION_OK"
836,10826961535,10826961566,1,"IOTHUB_CLIENT_CONFIRMATION_OK"
837,10826961869,10826962023,1,"IOTHUB_CLIENT_CONFIRMATION_OK"
838,10826962202,10826962237,1,"IOTHUB_CLIENT_CONFIRMATION_OK"
839,10826962535,10826962568,1,"IOTHUB_CLIENT_CONFIRMATION_OK"
840,10826962868,10826963086,1,"IOTHUB_CLIENT_CONFIRMATION_OK"
841,10826963201,10826963236,1,"IOTHUB_CLIENT_CONFIRMATION_OK"
842,10826963534,10826963562,1,"IOTHUB_CLIENT_CONFIRMATION_OK"
843,10826963868,10826963914,1,"IOTHUB_CLIENT_CONFIRMATION_OK"
844,10826964201,10826964234,1,"IOTHUB_CLIENT_CONFIRMATION_OK"
845,10826964534,10826964562,1,"IOTHUB_CLIENT_CONFIRMATION_OK"
846,10826964867,10826964918,1,"IOTHUB_CLIENT_CONFIRMATION_OK"
847,10826965200,10826965230,1,"IOTHUB_CLIENT_CONFIRMATION_OK"
848,10826965533,10826965566,1,"IOTHUB_CLIENT_CONFIRMATION_OK"
849,10826965867,10826965930,1,"IOTHUB_CLIENT_CONFIRMATION_OK"
850,10826966200,10826966233,1,"IOTHUB_CLIENT_CONFIRMATION_OK"
851,10826966533,10826966569,1,"IOTHUB_CLIENT_CONFIRMATION_OK"
852,10826966866,10826967120,1,"IOTHUB_CLIENT_CONFIRMATION_OK"
853,10826967199,10826967227,1,"IOTHUB_CLIENT_CONFIRMATION_OK"
854,10826967532,10826967561,1,"IOTHUB_CLIENT_CONFIRMATION_OK"
855,10826967866,10826967963,1,"IOTHUB_CLIENT_CONFIRMATION_OK"
856,10826968199,10826968228,1,"IOTHUB_CLIENT_CONFIRMATION_OK"
857,10826968532,10826968561,1,"IOTHUB_CLIENT_CONFIRMATION_OK"
858,10826968865,10826968978,1,"IOTHUB_CLIENT_CONFIRMATION_OK"
859,10826969198,10826969254,1,"IOTHUB_CLIENT_CONFIRMATION_OK"
860,10826969531,10826969562,1,"IOTHUB_CLIENT_CONFIRMATION_OK"
861,10826969864,10826970004,1,"IOTHUB_CLIENT_CONFIRMATION_OK"
862,10826970198,10826970230,1,"IOTHUB_CLIENT_CONFIRMATION_OK"
863,10826970531,10826970563,1,"IOTHUB_CLIENT_CONFIRMATION_OK"
864,10826970864,10826971009,1,"IOTHUB_CLIENT_CONFIRMATION_OK"
865,10826971197,10826971231,1,"IOTHUB_CLIENT_CONFIRMATION_OK"
866,10826971530,10826971564,1,"IOTHUB_CLIENT_CONFIRMATION_OK"
867,10826971863,10826972026,1,"IOTHUB_CLIENT_CONFIRMATION_OK"
868,10826972197,10826972226,1,"IOTHUB_CLIENT_CONFIRMATION_OK"
869,10826972530,10826972559,1,"IOTHUB_CLIENT_CONFIRMATION_OK"
870,10826972863,10826973043,1,"IOTHUB_CLIENT_CONFIRMATION_OK"
871,10826973196,10826973224,1,"IOTHUB_CLIENT_CONFIRMATION_OK"
872,10826973529,10826973561,1,"IOTHUB_CLIENT_CONFIRMATION_OK"
873,10826973862,10826973891,1,"IOTHUB_CLIENT_CONFIRMATION_OK"
874,10826974196,10826974226,1,"IOTHUB_CLIENT_CONFIRMATION_OK"
875,10826974529,10826974557,1,"IOTHUB_CLIENT_CONFIRMATION_OK"
876,10826974862,10826974892,1,"IOTHUB_CLIENT_CONFIRMATION_OK"
877,10826975195,10826975224,1,"IOTHUB_CLIENT_CONFIRMATION_OK"
878,10826975528,10826975559,1,"IOTHUB_CLIENT_CONFIRMATION_OK"
879,10826975861,10826975895,1,"IOTHUB_CLIENT_CONFIRMATION_OK"
880,10826976195,10826976225,1,"IOTHUB_CLIENT_CONFIRMATION_OK"
881,10826976528,10826976558,1,"IOTHUB_CLIENT_CONFIRMATION_OK"
882,10826976861,10826976902,1,"IOTHUB_CLIENT_CONFIRMATION_OK"
883,10826977194,10826977223,1,"IOTHUB_CLIENT_CONFIRMATION_OK"
884,10826977527,10826977555,1,"IOTHUB_CLIENT_CONFIRMATION_OK"
885,10826977860,10826977917,1,"IOTHUB_CLIENT_CONFIRMATION_OK"
886,10826978193,10826978225,1,"IOTHUB_CLIENT_CONFIRMATION_OK"
887,10826978527,10826978554,1,"IOTHUB_CLIENT_CONFIRMATION_OK"
888,10826978860,10826978930,1,"IOTHUB_CLIENT_CONFIRMATION_OK"
889,10826979193,10826979227,1,"IOTHUB_CLIENT_CONFIRMATION_OK"
890,10826979526,10826979558,1,"IOTHUB_CLIENT_CONFIRMATION_OK"
891,10826979859,10826979946,1,"IOTHUB_CLIENT_CONFIRMATION_OK"
892,10826980192,10826980222,1,"IOTHUB_CLIENT_CONFIRMATION_OK"
893,10826980526,10826980557,1,"IOTHUB_CLIENT_CONFIRMATION_OK"
894,10826980859,10826980969,1,"IOTHUB_CLIENT_CONFIRMATION_OK"
895,10826981192,10826981232,1,"IOTHUB_CLIENT_CONFIRMATION_OK"
896,10826981525,10826981561,1,"IOTHUB_CLIENT_CONFIRMATION_OK"
897,10826981858,10826981979,1,"IOTHUB_CLIENT_CONFIRMATION_OK"
898,10826982191,10826982220,1,"IOTHUB_CLIENT_CONFIRMATION_OK"
899,10826982524,10826982553,1,"IOTHUB_CLIENT_CONFIRMATION_OK"
