Message ID,Send Time,Receive Time,Status,Error
0,10824513475,10824513940,1,"IOTHUB_CLIENT_CONFIRMATION_OK"
1,10824513808,10824513949,1,"IOTHUB_CLIENT_CONFIRMATION_OK"
2,10824514141,10824514170,1,"IOTHUB_CLIENT_CONFIRMATION_OK"
3,10824514474,10824514503,1,"IOTHUB_CLIENT_CONFIRMATION_OK"
4,10824514807,10824514835,1,"IOTHUB_CLIENT_CONFIRMATION_OK"
5,10824515140,10824515170,1,"IOTHUB_CLIENT_CONFIRMATION_OK"
6,10824515474,10824515504,1,"IOTHUB_CLIENT_CONFIRMATION_OK"
7,10824515807,10824515835,1,"IOTHUB_CLIENT_CONFIRMATION_OK"
8,10824516140,10824516168,1,"IOTHUB_CLIENT_CONFIRMATION_OK"
9,10824516473,10824516503,1,"IOTHUB_CLIENT_CONFIRMATION_OK"
10,10824516806,10824516835,1,"IOTHUB_CLIENT_CONFIRMATION_OK"
11,10824517139,10824517167,1,"IOTHUB_CLIENT_CONFIRMATION_OK"
12,10824517473,10824517503,1,"IOTHUB_CLIENT_CONFIRMATION_OK"
13,10824517806,10824517845,1,"IOTHUB_CLIENT_CONFIRMATION_OK"
14,10824518139,10824518168,1,"IOTHUB_CLIENT_CONFIRMATION_OK"
15,10824518472,10824518502,1,"IOTHUB_CLIENT_CONFIRMATION_OK"
16,10824518805,10824518835,1,"IOTHUB_CLIENT_CONFIRMATION_OK"
17,10824519138,10824519168,1,"IOTHUB_CLIENT_CONFIRMATION_OK"
18,10824519472,10824519501,1,"IOTHUB_CLIENT_CONFIRMATION_OK"
19,10824519805,10824519834,1,"IOTHUB_CLIENT_CONFIRMATION_OK"
20,10824520138,10824520167,1,"IOTHUB_CLIENT_CONFIRMATION_OK"
21,10824520471,10824520505,1,"IOTHUB_CLIENT_CONFIRMATION_OK"
22,10824520804,10824520832,1,"IOTHUB_CLIENT_CONFIRMATION_OK"
23,10824521137,10824521166,1,"IOTHUB_CLIENT_CONFIRMATION_OK"
24,10824521471,10824521499,1,"IOTHUB_CLIENT_CONFIRMATION_OK"
25,10824521804,10824521833,1,"IOTHUB_CLIENT_CONFIRMATION_OK"
26,10824522137,10824522243,1,"IOTHUB_CLIENT_CONFIRMATION_OK"
27,10824522470,10824522499,1,"IOTHUB_CLIENT_CONFIRMATION_OK"
28,10824522803,10824522833,1,"IOTHUB_CLIENT_CONFIRMATION_OK"
29,10824523136,10824523166,1,"IOTHUB_CLIENT_CONFIRMATION_OK"
30,10824523469,10824523499,1,"IOTHUB_CLIENT_CONFIRMATION_OK"
31,10824523803,10824523832,1,"IOTHUB_CLIENT_CONFIRMATION_OK"
32,10824524136,10824524166,1,"IOTHUB_CLIENT_CONFIRMATION_OK"
33,10824524469,10824524497,1,"IOTHUB_CLIENT_CONFIRMATION_OK"
34,10824524802,10824524833,1,"IOTHUB_CLIENT_CONFIRMATION_OK"
35,10824525135,10824525165,1,"IOTHUB_CLIENT_CONFIRMATION_OK"
36,10824525468,10824525500,1,"IOTHUB_CLIENT_CONFIRMATION_OK"
37,10824525802,10824525851,1,"IOTHUB_CLIENT_CONFIRMATION_OK"
38,10824526135,10824526168,1,"IOTHUB_CLIENT_CONFIRMATION_OK"
39,10824526468,10824526496,1,"IOTHUB_CLIENT_CONFIRMATION_OK"
40,10824526801,10824526831,1,"IOTHUB_CLIENT_CONFIRMATION_OK"
41,10824527134,10824527173,1,"IOTHUB_CLIENT_CONFIRMATION_OK"
42,10824527467,10824527606,1,"IOTHUB_CLIENT_CONFIRMATION_OK"
43,10824527801,10824527829,1,"IOTHUB_CLIENT_CONFIRMATION_OK"
44,10824528134,10824528163,1,"IOTHUB_CLIENT_CONFIRMATION_OK"
45,10824528467,10824528605,1,"IOTHUB_CLIENT_CONFIRMATION_OK"
46,10824528800,10824528830,1,"IOTHUB_CLIENT_CONFIRMATION_OK"
47,10824529133,10824529162,1,"IOTHUB_CLIENT_CONFIRMATION_OK"
48,10824529466,10824529621,1,"IOTHUB_CLIENT_CONFIRMATION_OK"
49,10824529800,10824529831,1,"IOTHUB_CLIENT_CONFIRMATION_OK"
50,10824530133,10824530163,1,"IOTHUB_CLIENT_CONFIRMATION_OK"
51,10824530466,10824530536,1,"IOTHUB_CLIENT_CONFIRMATION_OK"
52,10824530799,10824530828,1,"IOTHUB_CLIENT_CONFIRMATION_OK"
53,10824531132,10824531165,1,"IOTHUB_CLIENT_CONFIRMATION_OK"
54,10824531465,10824531497,1,"IOTHUB_CLIENT_CONFIRMATION_OK"
55,10824531799,10824531829,1,"IOTHUB_CLIENT_CONFIRMATION_OK"
56,10824532132,10824532162,1,"IOTHUB_CLIENT_CONFIRMATION_OK"
57,10824532465,10824532511,1,"IOTHUB_CLIENT_CONFIRMATION_OK"
58,10824532798,10824532827,1,"IOTHUB_CLIENT_CONFIRMATION_OK"
59,10824533131,10824533160,1,"IOTHUB_CLIENT_CONFIRMATION_OK"
60,10824533464,10824533494,1,"IOTHUB_CLIENT_CONFIRMATION_OK"
61,10824533798,10824533829,1,"IOTHUB_CLIENT_CONFIRMATION_OK"
62,10824534131,10824534160,1,"IOTHUB_CLIENT_CONFIRMATION_OK"
63,10824534464,10824534494,1,"IOTHUB_CLIENT_CONFIRMATION_OK"
64,10824534797,10824534827,1,"IOTHUB_CLIENT_CONFIRMATION_OK"
65,10824535130,10824535158,1,"IOTHUB_CLIENT_CONFIRMATION_OK"
66,10824535463,10824535493,1,"IOTHUB_CLIENT_CONFIRMATION_OK"
67,10824535797,10824535828,1,"IOTHUB_CLIENT_CONFIRMATION_OK"
68,10824536130,10824536179,1,"IOTHUB_CLIENT_CONFIRMATION_OK"
69,10824536463,10824536495,1,"IOTHUB_CLIENT_CONFIRMATION_OK"
70,10824536796,10824536826,1,"IOTHUB_CLIENT_CONFIRMATION_OK"
71,10824537129,10824537164,1,"IOTHUB_CLIENT_CONFIRMATION_OK"
72,10824537463,10824537497,1,"IOTHUB_CLIENT_CONFIRMATION_OK"
73,10824537796,10824537825,1,"IOTHUB_CLIENT_CONFIRMATION_OK"
74,10824538129,10824538157,1,"IOTHUB_CLIENT_CONFIRMATION_OK"
75,10824538462,10824538491,1,"IOTHUB_CLIENT_CONFIRMATION_OK"
76,10824538795,10824538827,1,"IOTHUB_CLIENT_CONFIRMATION_OK"
77,10824539128,10824539158,1,"IOTHUB_CLIENT_CONFIRMATION_OK"
78,10824539462,10824539492,1,"IOTHUB_CLIENT_CONFIRMATION_OK"
79,10824539795,10824539824,1,"IOTHUB_CLIENT_CONFIRMATION_OK"
80,10824540128,10824540156,1,"IOTHUB_CLIENT_CONFIRMATION_OK"
81,10824540461,10824540490,1,"IOTHUB_CLIENT_CONFIRMATION_OK"
82,10824540794,10824540824,1,"IOTHUB_CLIENT_CONFIRMATION_OK"
83,10824541127,10824541156,1,"IOTHUB_CLIENT_CONFIRMATION_OK"
84,10824541460,10824541491,1,"IOTHUB_CLIENT_CONFIRMATION_OK"
85,10824541794,10824541822,1,"IOTHUB_CLIENT_CONFIRMATION_OK"
86,10824542127,10824542190,1,"IOTHUB_CLIENT_CONFIRMATION_OK"
87,10824542460,10824542488,1,"IOTHUB_CLIENT_CONFIRMATION_OK"
88,10824542793,10824542822,1,"IOTHUB_CLIENT_CONFIRMATION_OK"
89,10824543126,10824543207,1,"IOTHUB_CLIENT_CONFIRMATION_OK"
90,10824543459,10824543489,1,"IOTHUB_CLIENT_CONFIRMATION_OK"
91,10824543793,10824543822,1,"IOTHUB_CLIENT_CONFIRMATION_OK"
92,10824544126,10824544258,1,"IOTHUB_CLIENT_CONFIRMATION_OK"
93,10824544459,10824544489,1,"IOTHUB_CLIENT_CONFIRMATION_OK"
94,10824544792,10824544821,1,"IOTHUB_CLIENT_CONFIRMATION_OK"
95,10824545125,10824545175,1,"IOTHUB_CLIENT_CONFIRMATION_OK"
96,10824545458,10824545487,1,"IOTHUB_CLIENT_CONFIRMATION_OK"
97,10824545792,10824545821,1,"IOTHUB_CLIENT_CONFIRMATION_OK"
98,10824546125,10824546155,1,"IOTHUB_CLIENT_CONFIRMATION_OK"
99,10824546458,10824546486,1,"IOTHUB_CLIENT_CONFIRMATION_OK"
100,10824546791,10824546833,1,"IOTHUB_CLIENT_CONFIRMATION_OK"
101,10824547124,10824547154,1,"IOTHUB_CLIENT_CONFIRMATION_OK"
102,10824547457,10824547487,1,"IOTHUB_CLIENT_CONFIRMATION_OK"
103,10824547791,10824547820,1,"IOTHUB_CLIENT_CONFIRMATION_OK"
104,10824548124,10824548151,1,"IOTHUB_CLIENT_CONFIRMATION_OK"
105,10824548457,10824548511,1,"IOTHUB_CLIENT_CONFIRMATION_OK"
106,10824548790,10824548821,1,"IOTHUB_CLIENT_CONFIRMATION_OK"
107,10824549123,10824549153,1,"IOTHUB_CLIENT_CONFIRMATION_OK"
108,10824549456,10824549491,1,"IOTHUB_CLIENT_CONFIRMATION_OK"
109,10824549790,10824549817,1,"IOTHUB_CLIENT_CONFIRMATION_OK"
110,10824550123,10824550152,1,"IOTHUB_CLIENT_CONFIRMATION_OK"
111,10824550456,10824550484,1,"IOTHUB_CLIENT_CONFIRMATION_OK"
112,10824550789,10824550821,1,"IOTHUB_CLIENT_CONFIRMATION_OK"
113,10824551122,10824551153,1,"IOTHUB_CLIENT_CONFIRMATION_OK"
114,10824551456,10824551486,1,"IOTHUB_CLIENT_CONFIRMATION_OK"
115,10824551789,10824551817,1,"IOTHUB_CLIENT_CONFIRMATION_OK"
116,10824552122,10824552151,1,"IOTHUB_CLIENT_CONFIRMATION_OK"
117,10824552455,10824552484,1,"IOTHUB_CLIENT_CONFIRMATION_OK"
118,10824552788,10824552819,1,"IOTHUB_CLIENT_CONFIRMATION_OK"
119,10824553121,10824553154,1,"IOTHUB_CLIENT_CONFIRMATION_OK"
120,10824553455,10824553483,1,"IOTHUB_CLIENT_CONFIRMATION_OK"
121,10824553788,10824553816,1,"IOTHUB_CLIENT_CONFIRMATION_OK"
122,10824554121,10824554150,1,"IOTHUB_CLIENT_CONFIRMATION_OK"
123,10824554454,10824554486,1,"IOTHUB_CLIENT_CONFIRMATION_OK"
124,10824554787,10824554819,1,"IOTHUB_CLIENT_CONFIRMATION_OK"
125,10824555120,10824555149,1,"IOTHUB_CLIENT_CONFIRMATION_OK"
126,10824555454,10824555483,1,"IOTHUB_CLIENT_CONFIRMATION_OK"
127,10824555787,10824555815,1,"IOTHUB_CLIENT_CONFIRMATION_OK"
128,10824556120,10824556150,1,"IOTHUB_CLIENT_CONFIRMATION_OK"
129,10824556453,10824556482,1,"IOTHUB_CLIENT_CONFIRMATION_OK"
130,10824556786,10824556903,1,"IOTHUB_CLIENT_CONFIRMATION_OK"
131,10824557119,10824557148,1,"IOTHUB_CLIENT_CONFIRMATION_OK"
132,10824557452,10824557481,1,"IOTHUB_CLIENT_CONFIRMATION_OK"
133,10824557786,10824557935,1,"IOTHUB_CLIENT_CONFIRMATION_OK"
134,10824558119,10824558157,1,"IOTHUB_CLIENT_CONFIRMATION_OK"
135,10824558452,10824558485,1,"IOTHUB_CLIENT_CONFIRMATION_OK"
136,10824558785,10824558956,1,"IOTHUB_CLIENT_CONFIRMATION_OK"
137,10824559118,10824559147,1,"IOTHUB_CLIENT_CONFIRMATION_OK"
138,10824559451,10824559484,1,"IOTHUB_CLIENT_CONFIRMATION_OK"
139,10824559785,10824559814,1,"IOTHUB_CLIENT_CONFIRMATION_OK"
140,10824560118,10824560184,1,"IOTHUB_CLIENT_CONFIRMATION_OK"
141,10824560451,10824560520,1,"IOTHUB_CLIENT_CONFIRMATION_OK"
142,10824560784,10824560814,1,"IOTHUB_CLIENT_CONFIRMATION_OK"
143,10824561117,10824561147,1,"IOTHUB_CLIENT_CONFIRMATION_OK"
144,10824561450,10824561479,1,"IOTHUB_CLIENT_CONFIRMATION_OK"
145,10824561783,10824561813,1,"IOTHUB_CLIENT_CONFIRMATION_OK"
146,10824562117,10824562149,1,"IOTHUB_CLIENT_CONFIRMATION_OK"
147,10824562450,10824562478,1,"IOTHUB_CLIENT_CONFIRMATION_OK"
148,10824562783,10824562833,1,"IOTHUB_CLIENT_CONFIRMATION_OK"
149,10824563116,10824563146,1,"IOTHUB_CLIENT_CONFIRMATION_OK"
150,10824563449,10824563478,1,"IOTHUB_CLIENT_CONFIRMATION_OK"
151,10824563782,10824563815,1,"IOTHUB_CLIENT_CONFIRMATION_OK"
152,10824564116,10824564150,1,"IOTHUB_CLIENT_CONFIRMATION_OK"
153,10824564449,10824564481,1,"IOTHUB_CLIENT_CONFIRMATION_OK"
154,10824564782,10824564811,1,"IOTHUB_CLIENT_CONFIRMATION_OK"
155,10824565115,10824565145,1,"IOTHUB_CLIENT_CONFIRMATION_OK"
156,10824565448,10824565478,1,"IOTHUB_CLIENT_CONFIRMATION_OK"
157,10824565781,10824565815,1,"IOTHUB_CLIENT_CONFIRMATION_OK"
158,10824566115,10824566145,1,"IOTHUB_CLIENT_CONFIRMATION_OK"
159,10824566448,10824566477,1,"IOTHUB_CLIENT_CONFIRMATION_OK"
160,10824566781,10824566809,1,"IOTHUB_CLIENT_CONFIRMATION_OK"
161,10824567114,10824567143,1,"IOTHUB_CLIENT_CONFIRMATION_OK"
162,10824567447,10824567479,1,"IOTHUB_CLIENT_CONFIRMATION_OK"
163,10824567780,10824567809,1,"IOTHUB_CLIENT_CONFIRMATION_OK"
164,10824568114,10824568142,1,"IOTHUB_CLIENT_CONFIRMATION_OK"
165,10824568447,10824568474,1,"IOTHUB_CLIENT_CONFIRMATION_OK"
166,10824568780,10824568809,1,"IOTHUB_CLIENT_CONFIRMATION_OK"
167,10824569113,10824569142,1,"IOTHUB_CLIENT_CONFIRMATION_OK"
168,10824569446,10824569677,1,"IOTHUB_CLIENT_CONFIRMATION_OK"
169,10824569779,10824569810,1,"IOTHUB_CLIENT_CONFIRMATION_OK"
170,10824570112,10824570143,1,"IOTHUB_CLIENT_CONFIRMATION_OK"
171,10824570446,10824570474,1,"IOTHUB_CLIENT_CONFIRMATION_OK"
172,10824570779,10824570807,1,"IOTHUB_CLIENT_CONFIRMATION_OK"
173,10824571112,10824571140,1,"IOTHUB_CLIENT_CONFIRMATION_OK"
174,10824571445,10824571547,1,"IOTHUB_CLIENT_CONFIRMATION_OK"
175,10824571778,10824571812,1,"IOTHUB_CLIENT_CONFIRMATION_OK"
176,10824572111,10824572153,1,"IOTHUB_CLIENT_CONFIRMATION_OK"
177,10824572445,10824572579,1,"IOTHUB_CLIENT_CONFIRMATION_OK"
178,10824572778,10824572808,1,"IOTHUB_CLIENT_CONFIRMATION_OK"
179,10824573111,10824573142,1,"IOTHUB_CLIENT_CONFIRMATION_OK"
180,10824573444,10824573647,1,"IOTHUB_CLIENT_CONFIRMATION_OK"
181,10824573777,10824573805,1,"IOTHUB_CLIENT_CONFIRMATION_OK"
182,10824574110,10824574141,1,"IOTHUB_CLIENT_CONFIRMATION_OK"
183,10824574443,10824574481,1,"IOTHUB_CLIENT_CONFIRMATION_OK"
184,10824574777,10824574806,1,"IOTHUB_CLIENT_CONFIRMATION_OK"
185,10824575110,10824575160,1,"IOTHUB_CLIENT_CONFIRMATION_OK"
186,10824575443,10824575540,1,"IOTHUB_CLIENT_CONFIRMATION_OK"
187,10824575776,10824575805,1,"IOTHUB_CLIENT_CONFIRMATION_OK"
188,10824576109,10824576140,1,"IOTHUB_CLIENT_CONFIRMATION_OK"
189,10824576442,10824576475,1,"IOTHUB_CLIENT_CONFIRMATION_OK"
190,10824576776,10824576804,1,"IOTHUB_CLIENT_CONFIRMATION_OK"
191,10824577109,10824577139,1,"IOTHUB_CLIENT_CONFIRMATION_OK"
192,10824577442,10824577471,1,"IOTHUB_CLIENT_CONFIRMATION_OK"
193,10824577775,10824577805,1,"IOTHUB_CLIENT_CONFIRMATION_OK"
194,10824578108,10824578139,1,"IOTHUB_CLIENT_CONFIRMATION_OK"
195,10824578441,10824578471,1,"IOTHUB_CLIENT_CONFIRMATION_OK"
196,10824578775,10824578805,1,"IOTHUB_CLIENT_CONFIRMATION_OK"
197,10824579108,10824579136,1,"IOTHUB_CLIENT_CONFIRMATION_OK"
198,10824579441,10824579493,1,"IOTHUB_CLIENT_CONFIRMATION_OK"
199,10824579774,10824579814,1,"IOTHUB_CLIENT_CONFIRMATION_OK"
200,10824580107,10824580139,1,"IOTHUB_CLIENT_CONFIRMATION_OK"
201,10824580440,10824580473,1,"IOTHUB_CLIENT_CONFIRMATION_OK"
202,10824580773,10824580802,1,"IOTHUB_CLIENT_CONFIRMATION_OK"
203,10824581107,10824581136,1,"IOTHUB_CLIENT_CONFIRMATION_OK"
204,10824581440,10824581470,1,"IOTHUB_CLIENT_CONFIRMATION_OK"
205,10824581773,10824581808,1,"IOTHUB_CLIENT_CONFIRMATION_OK"
206,10824582106,10824582134,1,"IOTHUB_CLIENT_CONFIRMATION_OK"
207,10824582439,10824582469,1,"IOTHUB_CLIENT_CONFIRMATION_OK"
208,10824582772,10824582805,1,"IOTHUB_CLIENT_CONFIRMATION_OK"
209,10824583106,10824583135,1,"IOTHUB_CLIENT_CONFIRMATION_OK"
210,10824583439,10824583467,1,"IOTHUB_CLIENT_CONFIRMATION_OK"
211,10824583772,10824583810,1,"IOTHUB_CLIENT_CONFIRMATION_OK"
212,10824584105,10824584133,1,"IOTHUB_CLIENT_CONFIRMATION_OK"
213,10824584438,10824584467,1,"IOTHUB_CLIENT_CONFIRMATION_OK"
214,10824584771,10824584800,1,"IOTHUB_CLIENT_CONFIRMATION_OK"
215,10824585105,10824585140,1,"IOTHUB_CLIENT_CONFIRMATION_OK"
216,10824585438,10824585467,1,"IOTHUB_CLIENT_CONFIRMATION_OK"
217,10824585771,10824585800,1,"IOTHUB_CLIENT_CONFIRMATION_OK"
218,10824586104,10824586133,1,"IOTHUB_CLIENT_CONFIRMATION_OK"
219,10824586437,10824586471,1,"IOTHUB_CLIENT_CONFIRMATION_OK"
220,10824586770,10824586800,1,"IOTHUB_CLIENT_CONFIRMATION_OK"
221,10824587104,10824587175,1,"IOTHUB_CLIENT_CONFIRMATION_OK"
222,10824587437,10824587469,1,"IOTHUB_CLIENT_CONFIRMATION_OK"
223,10824587770,10824587926,1,"IOTHUB_CLIENT_CONFIRMATION_OK"
224,10824588103,10824588163,1,"IOTHUB_CLIENT_CONFIRMATION_OK"
225,10824588436,10824588466,1,"IOTHUB_CLIENT_CONFIRMATION_OK"
226,10824588769,10824588800,1,"IOTHUB_CLIENT_CONFIRMATION_OK"
227,10824589103,10824589191,1,"IOTHUB_CLIENT_CONFIRMATION_OK"
228,10824589436,10824589465,1,"IOTHUB_CLIENT_CONFIRMATION_OK"
229,10824589769,10824589797,1,"IOTHUB_CLIENT_CONFIRMATION_OK"
230,10824590102,10824590219,1,"IOTHUB_CLIENT_CONFIRMATION_OK"
231,10824590435,10824590467,1,"IOTHUB_CLIENT_CONFIRMATION_OK"
232,10824590768,10824590798,1,"IOTHUB_CLIENT_CONFIRMATION_OK"
233,10824591102,10824591154,1,"IOTHUB_CLIENT_CONFIRMATION_OK"
234,10824591435,10824591464,1,"IOTHUB_CLIENT_CONFIRMATION_OK"
235,10824591768,10824591817,1,"IOTHUB_CLIENT_CONFIRMATION_OK"
236,10824592101,10824592131,1,"IOTHUB_CLIENT_CONFIRMATION_OK"
237,10824592434,10824592463,1,"IOTHUB_CLIENT_CONFIRMATION_OK"
238,10824592767,10824592796,1,"IOTHUB_CLIENT_CONFIRMATION_OK"
239,10824593100,10824593129,1,"IOTHUB_CLIENT_CONFIRMATION_OK"
240,10824593434,10824593468,1,"IOTHUB_CLIENT_CONFIRMATION_OK"
241,10824593767,10824593796,1,"IOTHUB_CLIENT_CONFIRMATION_OK"
242,10824594100,10824594128,1,"IOTHUB_CLIENT_CONFIRMATION_OK"
243,10824594433,10824594463,1,"IOTHUB_CLIENT_CONFIRMATION_OK"
244,10824594766,10824594795,1,"IOTHUB_CLIENT_CONFIRMATION_OK"
245,10824595099,10824595129,1,"IOTHUB_CLIENT_CONFIRMATION_OK"
246,10824595433,10824595460,1,"IOTHUB_CLIENT_CONFIRMATION_OK"
247,10824595766,10824595795,1,"IOTHUB_CLIENT_CONFIRMATION_OK"
248,10824596099,10824596127,1,"IOTHUB_CLIENT_CONFIRMATION_OK"
249,10824596432,10824596460,1,"IOTHUB_CLIENT_CONFIRMATION_OK"
250,10824596765,10824596797,1,"IOTHUB_CLIENT_CONFIRMATION_OK"
251,10824597098,10824597127,1,"IOTHUB_CLIENT_CONFIRMATION_OK"
252,10824597431,10824597464,1,"IOTHUB_CLIENT_CONFIRMATION_OK"
253,10824597765,10824597794,1,"IOTHUB_CLIENT_CONFIRMATION_OK"
254,10824598098,10824598126,1,"IOTHUB_CLIENT_CONFIRMATION_OK"
255,10824598431,10824598462,1,"IOTHUB_CLIENT_CONFIRMATION_OK"
256,10824598764,10824598793,1,"IOTHUB_CLIENT_CONFIRMATION_OK"
257,10824599097,10824599127,1,"IOTHUB_CLIENT_CONFIRMATION_OK"
258,10824599430,10824599460,1,"IOTHUB_CLIENT_CONFIRMATION_OK"
259,10824599764,10824599793,1,"IOTHUB_CLIENT_CONFIRMATION_OK"
260,10824600097,10824600126,1,"IOTHUB_CLIENT_CONFIRMATION_OK"
261,10824600430,10824600460,1,"IOTHUB_CLIENT_CONFIRMATION_OK"
262,10824600763,10824600913,1,"IOTHUB_CLIENT_CONFIRMATION_OK"
263,10824601096,10824601125,1,"IOTHUB_CLIENT_CONFIRMATION_OK"
264,10824601429,10824601460,1,"IOTHUB_CLIENT_CONFIRMATION_OK"
265,10824601763,10824601969,1,"IOTHUB_CLIENT_CONFIRMATION_OK"
266,10824602096,10824602123,1,"IOTHUB_CLIENT_CONFIRMATION_OK"
267,10824602429,10824602461,1,"IOTHUB_CLIENT_CONFIRMATION_OK"
268,10824602762,10824602790,1,"IOTHUB_CLIENT_CONFIRMATION_OK"
269,10824603095,10824603138,1,"IOTHUB_CLIENT_CONFIRMATION_OK"
270,10824603428,10824603457,1,"IOTHUB_CLIENT_CONFIRMATION_OK"
271,10824603762,10824603791,1,"IOTHUB_CLIENT_CONFIRMATION_OK"
272,10824604095,10824604126,1,"IOTHUB_CLIENT_CONFIRMATION_OK"
273,10824604428,10824604457,1,"IOTHUB_CLIENT_CONFIRMATION_OK"
274,10824604761,10824604792,1,"IOTHUB_CLIENT_CONFIRMATION_OK"
275,10824605094,10824605124,1,"IOTHUB_CLIENT_CONFIRMATION_OK"
276,10824605427,10824605518,1,"IOTHUB_CLIENT_CONFIRMATION_OK"
277,10824605760,10824605817,1,"IOTHUB_CLIENT_CONFIRMATION_OK"
278,10824606094,10824606122,1,"IOTHUB_CLIENT_CONFIRMATION_OK"
279,10824606427,10824606456,1,"IOTHUB_CLIENT_CONFIRMATION_OK"
280,10824606760,10824606793,1,"IOTHUB_CLIENT_CONFIRMATION_OK"
281,10824607093,10824607122,1,"IOTHUB_CLIENT_CONFIRMATION_OK"
282,10824607426,10824607458,1,"IOTHUB_CLIENT_CONFIRMATION_OK"
283,10824607759,10824607790,1,"IOTHUB_CLIENT_CONFIRMATION_OK"
284,10824608093,10824608121,1,"IOTHUB_CLIENT_CONFIRMATION_OK"
285,10824608426,10824608455,1,"IOTHUB_CLIENT_CONFIRMATION_OK"
286,10824608759,10824608796,1,"IOTHUB_CLIENT_CONFIRMATION_OK"
287,10824609092,10824609120,1,"IOTHUB_CLIENT_CONFIRMATION_OK"
288,10824609425,10824609456,1,"IOTHUB_CLIENT_CONFIRMATION_OK"
289,10824609758,10824609787,1,"IOTHUB_CLIENT_CONFIRMATION_OK"
290,10824610092,10824610122,1,"IOTHUB_CLIENT_CONFIRMATION_OK"
291,10824610425,10824610454,1,"IOTHUB_CLIENT_CONFIRMATION_OK"
292,10824610758,10824610787,1,"IOTHUB_CLIENT_CONFIRMATION_OK"
293,10824611091,10824611121,1,"IOTHUB_CLIENT_CONFIRMATION_OK"
294,10824611424,10824611456,1,"IOTHUB_CLIENT_CONFIRMATION_OK"
295,10824611757,10824611787,1,"IOTHUB_CLIENT_CONFIRMATION_OK"
296,10824612090,10824612119,1,"IOTHUB_CLIENT_CONFIRMATION_OK"
297,10824612424,10824612453,1,"IOTHUB_CLIENT_CONFIRMATION_OK"
298,10824612757,10824612788,1,"IOTHUB_CLIENT_CONFIRMATION_OK"
299,10824613090,10824613125,1,"IOTHUB_CLIENT_CONFIRMATION_OK"
300,10824613423,10824613453,1,"IOTHUB_CLIENT_CONFIRMATION_OK"
301,10824613756,10824613800,1,"IOTHUB_CLIENT_CONFIRMATION_OK"
302,10824614089,10824614119,1,"IOTHUB_CLIENT_CONFIRMATION_OK"
303,10824614423,10824614453,1,"IOTHUB_CLIENT_CONFIRMATION_OK"
304,10824614756,10824614788,1,"IOTHUB_CLIENT_CONFIRMATION_OK"
305,10824615089,10824615121,1,"IOTHUB_CLIENT_CONFIRMATION_OK"
306,10824615422,10824615529,1,"IOTHUB_CLIENT_CONFIRMATION_OK"
307,10824615755,10824615794,1,"IOTHUB_CLIENT_CONFIRMATION_OK"
308,10824616088,10824616117,1,"IOTHUB_CLIENT_CONFIRMATION_OK"
309,10824616422,10824616546,1,"IOTHUB_CLIENT_CONFIRMATION_OK"
310,10824616755,10824616782,1,"IOTHUB_CLIENT_CONFIRMATION_OK"
311,10824617088,10824617117,1,"IOTHUB_CLIENT_CONFIRMATION_OK"
312,10824617421,10824617576,1,"IOTHUB_CLIENT_CONFIRMATION_OK"
313,10824617754,10824617786,1,"IOTHUB_CLIENT_CONFIRMATION_OK"
314,10824618087,10824618120,1,"IOTHUB_CLIENT_CONFIRMATION_OK"
315,10824618420,10824618584,1,"IOTHUB_CLIENT_CONFIRMATION_OK"
316,10824618754,10824618782,1,"IOTHUB_CLIENT_CONFIRMATION_OK"
317,10824619087,10824619116,1,"IOTHUB_CLIENT_CONFIRMATION_OK"
318,10824619420,10824619449,1,"IOTHUB_CLIENT_CONFIRMATION_OK"
319,10824619753,10824619781,1,"IOTHUB_CLIENT_CONFIRMATION_OK"
320,10824620086,10824620119,1,"IOTHUB_CLIENT_CONFIRMATION_OK"
321,10824620419,10824620451,1,"IOTHUB_CLIENT_CONFIRMATION_OK"
322,10824620753,10824620781,1,"IOTHUB_CLIENT_CONFIRMATION_OK"
323,10824621086,10824621114,1,"IOTHUB_CLIENT_CONFIRMATION_OK"
324,10824621419,10824621449,1,"IOTHUB_CLIENT_CONFIRMATION_OK"
325,10824621752,10824621780,1,"IOTHUB_CLIENT_CONFIRMATION_OK"
326,10824622085,10824622118,1,"IOTHUB_CLIENT_CONFIRMATION_OK"
327,10824622418,10824622447,1,"IOTHUB_CLIENT_CONFIRMATION_OK"
328,10824622752,10824622781,1,"IOTHUB_CLIENT_CONFIRMATION_OK"
329,10824623085,10824623115,1,"IOTHUB_CLIENT_CONFIRMATION_OK"
330,10824623418,10824623459,1,"IOTHUB_CLIENT_CONFIRMATION_OK"
331,10824623751,10824623781,1,"IOTHUB_CLIENT_CONFIRMATION_OK"
332,10824624084,10824624114,1,"IOTHUB_CLIENT_CONFIRMATION_OK"
333,10824624417,10824624447,1,"IOTHUB_CLIENT_CONFIRMATION_OK"
334,10824624751,10824624778,1,"IOTHUB_CLIENT_CONFIRMATION_OK"
335,10824625084,10824625114,1,"IOTHUB_CLIENT_CONFIRMATION_OK"
336,10824625417,10824625446,1,"IOTHUB_CLIENT_CONFIRMATION_OK"
337,10824625750,10824625779,1,"IOTHUB_CLIENT_CONFIRMATION_OK"
338,10824626083,10824626111,1,"IOTHUB_CLIENT_CONFIRMATION_OK"
339,10824626416,10824626445,1,"IOTHUB_CLIENT_CONFIRMATION_OK"
340,10824626750,10824626781,1,"IOTHUB_CLIENT_CONFIRMATION_OK"
341,10824627083,10824627111,1,"IOTHUB_CLIENT_CONFIRMATION_OK"
342,10824627416,10824627444,1,"IOTHUB_CLIENT_CONFIRMATION_OK"
343,10824627749,10824627780,1,"IOTHUB_CLIENT_CONFIRMATION_OK"
344,10824628082,10824628112,1,"IOTHUB_CLIENT_CONFIRMATION_OK"
345,10824628415,10824628444,1,"IOTHUB_CLIENT_CONFIRMATION_OK"
346,10824628749,10824628778,1,"IOTHUB_CLIENT_CONFIRMATION_OK"
347,10824629082,10824629110,1,"IOTHUB_CLIENT_CONFIRMATION_OK"
348,10824629415,10824629457,1,"IOTHUB_CLIENT_CONFIRMATION_OK"
349,10824629748,10824629777,1,"IOTHUB_CLIENT_CONFIRMATION_OK"
350,10824630081,10824630109,1,"IOTHUB_CLIENT_CONFIRMATION_OK"
351,10824630414,10824630443,1,"IOTHUB_CLIENT_CONFIRMATION_OK"
352,10824630747,10824630776,1,"IOTHUB_CLIENT_CONFIRMATION_OK"
353,10824631081,10824631126,1,"IOTHUB_CLIENT_CONFIRMATION_OK"
354,10824631414,10824631443,1,"IOTHUB_CLIENT_CONFIRMATION_OK"
355,10824631747,10824631776,1,"IOTHUB_CLIENT_CONFIRMATION_OK"
356,10824632080,10824632148,1,"IOTHUB_CLIENT_CONFIRMATION_OK"
357,10824632413,10824632443,1,"IOTHUB_CLIENT_CONFIRMATION_OK"
358,10824632746,10824632777,1,"IOTHUB_CLIENT_CONFIRMATION_OK"
359,10824633080,10824633109,1,"IOTHUB_CLIENT_CONFIRMATION_OK"
360,10824633413,10824633442,1,"IOTHUB_CLIENT_CONFIRMATION_OK"
361,10824633746,10824633775,1,"IOTHUB_CLIENT_CONFIRMATION_OK"
362,10824634079,10824634122,1,"IOTHUB_CLIENT_CONFIRMATION_OK"
363,10824634412,10824634441,1,"IOTHUB_CLIENT_CONFIRMATION_OK"
364,10824634745,10824634774,1,"IOTHUB_CLIENT_CONFIRMATION_OK"
365,10824635079,10824635108,1,"IOTHUB_CLIENT_CONFIRMATION_OK"
366,10824635412,10824635445,1,"IOTHUB_CLIENT_CONFIRMATION_OK"
367,10824635745,10824635774,1,"IOTHUB_CLIENT_CONFIRMATION_OK"
368,10824636078,10824636106,1,"IOTHUB_CLIENT_CONFIRMATION_OK"
369,10824636411,10824636442,1,"IOTHUB_CLIENT_CONFIRMATION_OK"
370,10824636744,10824636775,1,"IOTHUB_CLIENT_CONFIRMATION_OK"
371,10824637078,10824637116,1,"IOTHUB_CLIENT_CONFIRMATION_OK"
372,10824637411,10824637447,1,"IOTHUB_CLIENT_CONFIRMATION_OK"
373,10824637744,10824637774,1,"IOTHUB_CLIENT_CONFIRMATION_OK"
374,10824638077,10824638106,1,"IOTHUB_CLIENT_CONFIRMATION_OK"
375,10824638410,10824638439,1,"IOTHUB_CLIENT_CONFIRMATION_OK"
376,10824638743,10824638775,1,"IOTHUB_CLIENT_CONFIRMATION_OK"
377,10824639077,10824639105,1,"IOTHUB_CLIENT_CONFIRMATION_OK"
378,10824639410,10824639438,1,"IOTHUB_CLIENT_CONFIRMATION_OK"
379,10824639743,10824639772,1,"IOTHUB_CLIENT_CONFIRMATION_OK"
380,10824640076,10824640105,1,"IOTHUB_CLIENT_CONFIRMATION_OK"
381,10824640409,10824640444,1,"IOTHUB_CLIENT_CONFIRMATION_OK"
382,10824640742,10824640785,1,"IOTHUB_CLIENT_CONFIRMATION_OK"
383,10824641076,10824641106,1,"IOTHUB_CLIENT_CONFIRMATION_OK"
384,10824641409,10824641437,1,"IOTHUB_CLIENT_CONFIRMATION_OK"
385,10824641742,10824641772,1,"IOTHUB_CLIENT_CONFIRMATION_OK"
386,10824642075,10824642104,1,"IOTHUB_CLIENT_CONFIRMATION_OK"
387,10824642408,10824642436,1,"IOTHUB_CLIENT_CONFIRMATION_OK"
388,10824642741,10824642770,1,"IOTHUB_CLIENT_CONFIRMATION_OK"
389,10824643075,10824643104,1,"IOTHUB_CLIENT_CONFIRMATION_OK"
390,10824643408,10824643437,1,"IOTHUB_CLIENT_CONFIRMATION_OK"
391,10824643741,10824643801,1,"IOTHUB_CLIENT_CONFIRMATION_OK"
392,10824644074,10824644246,1,"IOTHUB_CLIENT_CONFIRMATION_OK"
393,10824644407,10824644436,1,"IOTHUB_CLIENT_CONFIRMATION_OK"
394,10824644740,10824644908,1,"IOTHUB_CLIENT_CONFIRMATION_OK"
395,10824645073,10824645102,1,"IOTHUB_CLIENT_CONFIRMATION_OK"
396,10824645407,10824645439,1,"IOTHUB_CLIENT_CONFIRMATION_OK"
397,10824645740,10824645772,1,"IOTHUB_CLIENT_CONFIRMATION_OK"
398,10824646073,10824646104,1,"IOTHUB_CLIENT_CONFIRMATION_OK"
399,10824646406,10824646434,1,"IOTHUB_CLIENT_CONFIRMATION_OK"
400,10824646739,10824646769,1,"IOTHUB_CLIENT_CONFIRMATION_OK"
401,10824647073,10824647102,1,"IOTHUB_CLIENT_CONFIRMATION_OK"
402,10824647406,10824647433,1,"IOTHUB_CLIENT_CONFIRMATION_OK"
403,10824647739,10824647784,1,"IOTHUB_CLIENT_CONFIRMATION_OK"
404,10824648072,10824648109,1,"IOTHUB_CLIENT_CONFIRMATION_OK"
405,10824648405,10824648438,1,"IOTHUB_CLIENT_CONFIRMATION_OK"
406,10824648738,10824648768,1,"IOTHUB_CLIENT_CONFIRMATION_OK"
407,10824649072,10824649102,1,"IOTHUB_CLIENT_CONFIRMATION_OK"
408,10824649405,10824649435,1,"IOTHUB_CLIENT_CONFIRMATION_OK"
409,10824649738,10824649767,1,"IOTHUB_CLIENT_CONFIRMATION_OK"
410,10824650071,10824650100,1,"IOTHUB_CLIENT_CONFIRMATION_OK"
411,10824650404,10824650436,1,"IOTHUB_CLIENT_CONFIRMATION_OK"
412,10824650737,10824650767,1,"IOTHUB_CLIENT_CONFIRMATION_OK"
413,10824651071,10824651100,1,"IOTHUB_CLIENT_CONFIRMATION_OK"
414,10824651404,10824651441,1,"IOTHUB_CLIENT_CONFIRMATION_OK"
415,10824651737,10824651767,1,"IOTHUB_CLIENT_CONFIRMATION_OK"
416,10824652070,10824652099,1,"IOTHUB_CLIENT_CONFIRMATION_OK"
417,10824652403,10824652431,1,"IOTHUB_CLIENT_CONFIRMATION_OK"
418,10824652736,10824652765,1,"IOTHUB_CLIENT_CONFIRMATION_OK"
419,10824653069,10824653098,1,"IOTHUB_CLIENT_CONFIRMATION_OK"
420,10824653403,10824653430,1,"IOTHUB_CLIENT_CONFIRMATION_OK"
421,10824653736,10824653767,1,"IOTHUB_CLIENT_CONFIRMATION_OK"
422,10824654069,10824654097,1,"IOTHUB_CLIENT_CONFIRMATION_OK"
423,10824654402,10824654430,1,"IOTHUB_CLIENT_CONFIRMATION_OK"
424,10824654735,10824654765,1,"IOTHUB_CLIENT_CONFIRMATION_OK"
425,10824655068,10824655097,1,"IOTHUB_CLIENT_CONFIRMATION_OK"
426,10824655402,10824655431,1,"IOTHUB_CLIENT_CONFIRMATION_OK"
427,10824655735,10824655768,1,"IOTHUB_CLIENT_CONFIRMATION_OK"
428,10824656068,10824656096,1,"IOTHUB_CLIENT_CONFIRMATION_OK"
429,10824656401,10824656430,1,"IOTHUB_CLIENT_CONFIRMATION_OK"
430,10824656734,10824656767,1,"IOTHUB_CLIENT_CONFIRMATION_OK"
431,10824657067,10824657096,1,"IOTHUB_CLIENT_CONFIRMATION_OK"
432,10824657401,10824657434,1,"IOTHUB_CLIENT_CONFIRMATION_OK"
433,10824657734,10824657764,1,"IOTHUB_CLIENT_CONFIRMATION_OK"
434,10824658067,10824658096,1,"IOTHUB_CLIENT_CONFIRMATION_OK"
435,10824658400,10824658433,1,"IOTHUB_CLIENT_CONFIRMATION_OK"
436,10824658733,10824658771,1,"IOTHUB_CLIENT_CONFIRMATION_OK"
437,10824659066,10824659191,1,"IOTHUB_CLIENT_CONFIRMATION_OK"
438,10824659400,10824659429,1,"IOTHUB_CLIENT_CONFIRMATION_OK"
439,10824659733,10824659762,1,"IOTHUB_CLIENT_CONFIRMATION_OK"
440,10824660066,10824660094,1,"IOTHUB_CLIENT_CONFIRMATION_OK"
441,10824660399,10824660533,1,"IOTHUB_CLIENT_CONFIRMATION_OK"
442,10824660732,10824660778,1,"IOTHUB_CLIENT_CONFIRMATION_OK"
443,10824661065,10824661094,1,"IOTHUB_CLIENT_CONFIRMATION_OK"
444,10824661399,10824661542,1,"IOTHUB_CLIENT_CONFIRMATION_OK"
445,10824661732,10824661762,1,"IOTHUB_CLIENT_CONFIRMATION_OK"
446,10824662065,10824662095,1,"IOTHUB_CLIENT_CONFIRMATION_OK"
447,10824662398,10824662563,1,"IOTHUB_CLIENT_CONFIRMATION_OK"
448,10824662731,10824662760,1,"IOTHUB_CLIENT_CONFIRMATION_OK"
449,10824663064,10824663095,1,"IOTHUB_CLIENT_CONFIRMATION_OK"
450,10824663398,10824663426,1,"IOTHUB_CLIENT_CONFIRMATION_OK"
451,10824663731,10824663760,1,"IOTHUB_CLIENT_CONFIRMATION_OK"
452,10824664064,10824664093,1,"IOTHUB_CLIENT_CONFIRMATION_OK"
453,10824664397,10824664427,1,"IOTHUB_CLIENT_CONFIRMATION_OK"
454,10824664730,10824664766,1,"IOTHUB_CLIENT_CONFIRMATION_OK"
455,10824665063,10824665092,1,"IOTHUB_CLIENT_CONFIRMATION_OK"
456,10824665397,10824665426,1,"IOTHUB_CLIENT_CONFIRMATION_OK"
457,10824665730,10824665759,1,"IOTHUB_CLIENT_CONFIRMATION_OK"
458,10824666063,10824666093,1,"IOTHUB_CLIENT_CONFIRMATION_OK"
459,10824666396,10824666427,1,"IOTHUB_CLIENT_CONFIRMATION_OK"
460,10824666729,10824666758,1,"IOTHUB_CLIENT_CONFIRMATION_OK"
461,10824667062,10824667093,1,"IOTHUB_CLIENT_CONFIRMATION_OK"
462,10824667395,10824667430,1,"IOTHUB_CLIENT_CONFIRMATION_OK"
463,10824667729,10824667757,1,"IOTHUB_CLIENT_CONFIRMATION_OK"
464,10824668062,10824668091,1,"IOTHUB_CLIENT_CONFIRMATION_OK"
465,10824668395,10824668451,1,"IOTHUB_CLIENT_CONFIRMATION_OK"
466,10824668728,10824668757,1,"IOTHUB_CLIENT_CONFIRMATION_OK"
467,10824669061,10824669093,1,"IOTHUB_CLIENT_CONFIRMATION_OK"
468,10824669394,10824669427,1,"IOTHUB_CLIENT_CONFIRMATION_OK"
469,10824669728,10824669806,1,"IOTHUB_CLIENT_CONFIRMATION_OK"
470,10824670061,10824670090,1,"IOTHUB_CLIENT_CONFIRMATION_OK"
471,10824670394,10824670424,1,"IOTHUB_CLIENT_CONFIRMATION_OK"
472,10824670727,10824670758,1,"IOTHUB_CLIENT_CONFIRMATION_OK"
473,10824671060,10824671094,1,"IOTHUB_CLIENT_CONFIRMATION_OK"
474,10824671393,10824671427,1,"IOTHUB_CLIENT_CONFIRMATION_OK"
475,10824671727,10824671755,1,"IOTHUB_CLIENT_CONFIRMATION_OK"
476,10824672060,10824672090,1,"IOTHUB_CLIENT_CONFIRMATION_OK"
477,10824672393,10824672430,1,"IOTHUB_CLIENT_CONFIRMATION_OK"
478,10824672726,10824672762,1,"IOTHUB_CLIENT_CONFIRMATION_OK"
479,10824673059,10824673093,1,"IOTHUB_CLIENT_CONFIRMATION_OK"
480,10824673392,10824673422,1,"IOTHUB_CLIENT_CONFIRMATION_OK"
481,10824673726,10824673755,1,"IOTHUB_CLIENT_CONFIRMATION_OK"
482,10824674059,10824674088,1,"IOTHUB_CLIENT_CONFIRMATION_OK"
483,10824674392,10824674421,1,"IOTHUB_CLIENT_CONFIRMATION_OK"
484,10824674725,10824674754,1,"IOTHUB_CLIENT_CONFIRMATION_OK"
485,10824675058,10824675245,1,"IOTHUB_CLIENT_CONFIRMATION_OK"
486,10824675391,10824675420,1,"IOTHUB_CLIENT_CONFIRMATION_OK"
487,10824675725,10824675755,1,"IOTHUB_CLIENT_CONFIRMATION_OK"
488,10824676058,10824676086,1,"IOTHUB_CLIENT_CONFIRMATION_OK"
489,10824676391,10824676422,1,"IOTHUB_CLIENT_CONFIRMATION_OK"
490,10824676724,10824676877,1,"IOTHUB_CLIENT_CONFIRMATION_OK"
491,10824677057,10824677105,1,"IOTHUB_CLIENT_CONFIRMATION_OK"
492,10824677390,10824677420,1,"IOTHUB_CLIENT_CONFIRMATION_OK"
493,10824677724,10824677755,1,"IOTHUB_CLIENT_CONFIRMATION_OK"
494,10824678057,10824678154,1,"IOTHUB_CLIENT_CONFIRMATION_OK"
495,10824678390,10824678418,1,"IOTHUB_CLIENT_CONFIRMATION_OK"
496,10824678723,10824678751,1,"IOTHUB_CLIENT_CONFIRMATION_OK"
497,10824679056,10824679203,1,"IOTHUB_CLIENT_CONFIRMATION_OK"
498,10824679389,10824679422,1,"IOTHUB_CLIENT_CONFIRMATION_OK"
499,10824679722,10824679762,1,"IOTHUB_CLIENT_CONFIRMATION_OK"
500,10824680056,10824680091,1,"IOTHUB_CLIENT_CONFIRMATION_OK"
501,10824680389,10824680419,1,"IOTHUB_CLIENT_CONFIRMATION_OK"
502,10824680722,10824680753,1,"IOTHUB_CLIENT_CONFIRMATION_OK"
503,10824681055,10824681086,1,"IOTHUB_CLIENT_CONFIRMATION_OK"
504,10824681388,10824681421,1,"IOTHUB_CLIENT_CONFIRMATION_OK"
505,10824681721,10824681753,1,"IOTHUB_CLIENT_CONFIRMATION_OK"
506,10824682055,10824682083,1,"IOTHUB_CLIENT_CONFIRMATION_OK"
507,10824682388,10824682422,1,"IOTHUB_CLIENT_CONFIRMATION_OK"
508,10824682721,10824682754,1,"IOTHUB_CLIENT_CONFIRMATION_OK"
509,10824683054,10824683084,1,"IOTHUB_CLIENT_CONFIRMATION_OK"
510,10824683387,10824683419,1,"IOTHUB_CLIENT_CONFIRMATION_OK"
511,10824683721,10824683750,1,"IOTHUB_CLIENT_CONFIRMATION_OK"
512,10824684054,10824684083,1,"IOTHUB_CLIENT_CONFIRMATION_OK"
513,10824684387,10824684416,1,"IOTHUB_CLIENT_CONFIRMATION_OK"
514,10824684720,10824684751,1,"IOTHUB_CLIENT_CONFIRMATION_OK"
515,10824685053,10824685084,1,"IOTHUB_CLIENT_CONFIRMATION_OK"
516,10824685386,10824685416,1,"IOTHUB_CLIENT_CONFIRMATION_OK"
517,10824685720,10824685759,1,"IOTHUB_CLIENT_CONFIRMATION_OK"
518,10824686053,10824686111,1,"IOTHUB_CLIENT_CONFIRMATION_OK"
519,10824686386,10824686421,1,"IOTHUB_CLIENT_CONFIRMATION_OK"
520,10824686719,10824686748,1,"IOTHUB_CLIENT_CONFIRMATION_OK"
521,10824687052,10824687082,1,"IOTHUB_CLIENT_CONFIRMATION_OK"
522,10824687385,10824687416,1,"IOTHUB_CLIENT_CONFIRMATION_OK"
523,10824687719,10824687749,1,"IOTHUB_CLIENT_CONFIRMATION_OK"
524,10824688052,10824688082,1,"IOTHUB_CLIENT_CONFIRMATION_OK"
525,10824688385,10824688415,1,"IOTHUB_CLIENT_CONFIRMATION_OK"
526,10824688718,10824688749,1,"IOTHUB_CLIENT_CONFIRMATION_OK"
527,10824689051,10824689090,1,"IOTHUB_CLIENT_CONFIRMATION_OK"
528,10824689384,10824689415,1,"IOTHUB_CLIENT_CONFIRMATION_OK"
529,10824689717,10824689750,1,"IOTHUB_CLIENT_CONFIRMATION_OK"
530,10824690051,10824690088,1,"IOTHUB_CLIENT_CONFIRMATION_OK"
531,10824690384,10824690415,1,"IOTHUB_CLIENT_CONFIRMATION_OK"
532,10824690717,10824690812,1,"IOTHUB_CLIENT_CONFIRMATION_OK"
533,10824691050,10824691080,1,"IOTHUB_CLIENT_CONFIRMATION_OK"
534,10824691383,10824691412,1,"IOTHUB_CLIENT_CONFIRMATION_OK"
535,10824691716,10824691835,1,"IOTHUB_CLIENT_CONFIRMATION_OK"
536,10824692050,10824692218,1,"IOTHUB_CLIENT_CONFIRMATION_OK"
537,10824692383,10824692413,1,"IOTHUB_CLIENT_CONFIRMATION_OK"
538,10824692716,10824692850,1,"IOTHUB_CLIENT_CONFIRMATION_OK"
539,10824693049,10824693078,1,"IOTHUB_CLIENT_CONFIRMATION_OK"
540,10824693382,10824693413,1,"IOTHUB_CLIENT_CONFIRMATION_OK"
541,10824693715,10824693864,1,"IOTHUB_CLIENT_CONFIRMATION_OK"
542,10824694049,10824694078,1,"IOTHUB_CLIENT_CONFIRMATION_OK"
543,10824694382,10824694412,1,"IOTHUB_CLIENT_CONFIRMATION_OK"
544,10824694715,10824694757,1,"IOTHUB_CLIENT_CONFIRMATION_OK"
545,10824695048,10824695077,1,"IOTHUB_CLIENT_CONFIRMATION_OK"
546,10824695381,10824695412,1,"IOTHUB_CLIENT_CONFIRMATION_OK"
547,10824695714,10824695743,1,"IOTHUB_CLIENT_CONFIRMATION_OK"
548,10824696048,10824696077,1,"IOTHUB_CLIENT_CONFIRMATION_OK"
549,10824696381,10824696409,1,"IOTHUB_CLIENT_CONFIRMATION_OK"
550,10824696714,10824696754,1,"IOTHUB_CLIENT_CONFIRMATION_OK"
551,10824697047,10824697076,1,"IOTHUB_CLIENT_CONFIRMATION_OK"
552,10824697380,10824697429,1,"IOTHUB_CLIENT_CONFIRMATION_OK"
553,10824697713,10824697743,1,"IOTHUB_CLIENT_CONFIRMATION_OK"
554,10824698047,10824698081,1,"IOTHUB_CLIENT_CONFIRMATION_OK"
555,10824698380,10824698410,1,"IOTHUB_CLIENT_CONFIRMATION_OK"
556,10824698713,10824698743,1,"IOTHUB_CLIENT_CONFIRMATION_OK"
557,10824699046,10824699079,1,"IOTHUB_CLIENT_CONFIRMATION_OK"
558,10824699379,10824699408,1,"IOTHUB_CLIENT_CONFIRMATION_OK"
559,10824699712,10824699741,1,"IOTHUB_CLIENT_CONFIRMATION_OK"
560,10824700046,10824700075,1,"IOTHUB_CLIENT_CONFIRMATION_OK"
561,10824700379,10824700411,1,"IOTHUB_CLIENT_CONFIRMATION_OK"
562,10824700712,10824700741,1,"IOTHUB_CLIENT_CONFIRMATION_OK"
563,10824701045,10824701073,1,"IOTHUB_CLIENT_CONFIRMATION_OK"
564,10824701378,10824701411,1,"IOTHUB_CLIENT_CONFIRMATION_OK"
565,10824701711,10824701745,1,"IOTHUB_CLIENT_CONFIRMATION_OK"
566,10824702045,10824702073,1,"IOTHUB_CLIENT_CONFIRMATION_OK"
567,10824702378,10824702406,1,"IOTHUB_CLIENT_CONFIRMATION_OK"
568,10824702711,10824702740,1,"IOTHUB_CLIENT_CONFIRMATION_OK"
569,10824703044,10824703073,1,"IOTHUB_CLIENT_CONFIRMATION_OK"
570,10824703377,10824703406,1,"IOTHUB_CLIENT_CONFIRMATION_OK"
571,10824703710,10824703742,1,"IOTHUB_CLIENT_CONFIRMATION_OK"
572,10824704043,10824704073,1,"IOTHUB_CLIENT_CONFIRMATION_OK"
573,10824704377,10824704406,1,"IOTHUB_CLIENT_CONFIRMATION_OK"
574,10824704710,10824704739,1,"IOTHUB_CLIENT_CONFIRMATION_OK"
575,10824705043,10824705072,1,"IOTHUB_CLIENT_CONFIRMATION_OK"
576,10824705376,10824705405,1,"IOTHUB_CLIENT_CONFIRMATION_OK"
577,10824705709,10824705739,1,"IOTHUB_CLIENT_CONFIRMATION_OK"
578,10824706042,10824706073,1,"IOTHUB_CLIENT_CONFIRMATION_OK"
579,10824706376,10824706493,1,"IOTHUB_CLIENT_CONFIRMATION_OK"
580,10824706709,10824706738,1,"IOTHUB_CLIENT_CONFIRMATION_OK"
581,10824707042,10824707099,1,"IOTHUB_CLIENT_CONFIRMATION_OK"
582,10824707375,10824707501,1,"IOTHUB_CLIENT_CONFIRMATION_OK"
583,10824707708,10824707738,1,"IOTHUB_CLIENT_CONFIRMATION_OK"
584,10824708041,10824708072,1,"IOTHUB_CLIENT_CONFIRMATION_OK"
585,10824708375,10824708521,1,"IOTHUB_CLIENT_CONFIRMATION_OK"
586,10824708708,10824708738,1,"IOTHUB_CLIENT_CONFIRMATION_OK"
587,10824709041,10824709084,1,"IOTHUB_CLIENT_CONFIRMATION_OK"
588,10824709374,10824709404,1,"IOTHUB_CLIENT_CONFIRMATION_OK"
589,10824709707,10824709737,1,"IOTHUB_CLIENT_CONFIRMATION_OK"
590,10824710040,10824710068,1,"IOTHUB_CLIENT_CONFIRMATION_OK"
591,10824710374,10824710420,1,"IOTHUB_CLIENT_CONFIRMATION_OK"
592,10824710707,10824710737,1,"IOTHUB_CLIENT_CONFIRMATION_OK"
593,10824711040,10824711068,1,"IOTHUB_CLIENT_CONFIRMATION_OK"
594,10824711373,10824711404,1,"IOTHUB_CLIENT_CONFIRMATION_OK"
595,10824711706,10824711735,1,"IOTHUB_CLIENT_CONFIRMATION_OK"
596,10824712039,10824712069,1,"IOTHUB_CLIENT_CONFIRMATION_OK"
597,10824712373,10824712400,1,"IOTHUB_CLIENT_CONFIRMATION_OK"
598,10824712706,10824712735,1,"IOTHUB_CLIENT_CONFIRMATION_OK"
599,10824713039,10824713068,1,"IOTHUB_CLIENT_CONFIRMATION_OK"
600,10824713372,10824713400,1,"IOTHUB_CLIENT_CONFIRMATION_OK"
601,10824713705,10824713734,1,"IOTHUB_CLIENT_CONFIRMATION_OK"
602,10824714038,10824714068,1,"IOTHUB_CLIENT_CONFIRMATION_OK"
603,10824714371,10824714400,1,"IOTHUB_CLIENT_CONFIRMATION_OK"
604,10824714705,10824714733,1,"IOTHUB_CLIENT_CONFIRMATION_OK"
605,10824715038,10824715067,1,"IOTHUB_CLIENT_CONFIRMATION_OK"
606,10824715371,10824715402,1,"IOTHUB_CLIENT_CONFIRMATION_OK"
607,10824715704,10824715734,1,"IOTHUB_CLIENT_CONFIRMATION_OK"
608,10824716037,10824716066,1,"IOTHUB_CLIENT_CONFIRMATION_OK"
609,10824716370,10824716400,1,"IOTHUB_CLIENT_CONFIRMATION_OK"
610,10824716704,10824716732,1,"IOTHUB_CLIENT_CONFIRMATION_OK"
611,10824717037,10824717066,1,"IOTHUB_CLIENT_CONFIRMATION_OK"
612,10824717370,10824717399,1,"IOTHUB_CLIENT_CONFIRMATION_OK"
613,10824717703,10824717732,1,"IOTHUB_CLIENT_CONFIRMATION_OK"
614,10824718036,10824718066,1,"IOTHUB_CLIENT_CONFIRMATION_OK"
615,10824718369,10824718397,1,"IOTHUB_CLIENT_CONFIRMATION_OK"
616,10824718703,10824718732,1,"IOTHUB_CLIENT_CONFIRMATION_OK"
617,10824719036,10824719152,1,"IOTHUB_CLIENT_CONFIRMATION_OK"
618,10824719369,10824719403,1,"IOTHUB_CLIENT_CONFIRMATION_OK"
619,10824719702,10824719732,1,"IOTHUB_CLIENT_CONFIRMATION_OK"
620,10824720035,10824720063,1,"IOTHUB_CLIENT_CONFIRMATION_OK"
621,10824720368,10824720404,1,"IOTHUB_CLIENT_CONFIRMATION_OK"
622,10824720702,10824720732,1,"IOTHUB_CLIENT_CONFIRMATION_OK"
623,10824721035,10824721064,1,"IOTHUB_CLIENT_CONFIRMATION_OK"
624,10824721368,10824721396,1,"IOTHUB_CLIENT_CONFIRMATION_OK"
625,10824721701,10824721730,1,"IOTHUB_CLIENT_CONFIRMATION_OK"
626,10824722034,10824722117,1,"IOTHUB_CLIENT_CONFIRMATION_OK"
627,10824722367,10824722415,1,"IOTHUB_CLIENT_CONFIRMATION_OK"
628,10824722701,10824722730,1,"IOTHUB_CLIENT_CONFIRMATION_OK"
629,10824723034,10824723137,1,"IOTHUB_CLIENT_CONFIRMATION_OK"
630,10824723367,10824723395,1,"IOTHUB_CLIENT_CONFIRMATION_OK"
631,10824723700,10824723729,1,"IOTHUB_CLIENT_CONFIRMATION_OK"
632,10824724033,10824724154,1,"IOTHUB_CLIENT_CONFIRMATION_OK"
633,10824724366,10824724395,1,"IOTHUB_CLIENT_CONFIRMATION_OK"
634,10824724700,10824724727,1,"IOTHUB_CLIENT_CONFIRMATION_OK"
635,10824725033,10824725064,1,"IOTHUB_CLIENT_CONFIRMATION_OK"
636,10824725366,10824725394,1,"IOTHUB_CLIENT_CONFIRMATION_OK"
637,10824725699,10824725728,1,"IOTHUB_CLIENT_CONFIRMATION_OK"
638,10824726032,10824726060,1,"IOTHUB_CLIENT_CONFIRMATION_OK"
639,10824726365,10824726394,1,"IOTHUB_CLIENT_CONFIRMATION_OK"
640,10824726698,10824726728,1,"IOTHUB_CLIENT_CONFIRMATION_OK"
641,10824727032,10824727061,1,"IOTHUB_CLIENT_CONFIRMATION_OK"
642,10824727365,10824727394,1,"IOTHUB_CLIENT_CONFIRMATION_OK"
643,10824727698,10824727726,1,"IOTHUB_CLIENT_CONFIRMATION_OK"
644,10824728031,10824728064,1,"IOTHUB_CLIENT_CONFIRMATION_OK"
645,10824728364,10824728489,1,"IOTHUB_CLIENT_CONFIRMATION_OK"
646,10824728697,10824728727,1,"IOTHUB_CLIENT_CONFIRMATION_OK"
647,10824729031,10824729060,1,"IOTHUB_CLIENT_CONFIRMATION_OK"
648,10824729364,10824729417,1,"IOTHUB_CLIENT_CONFIRMATION_OK"
649,10824729697,10824729726,1,"IOTHUB_CLIENT_CONFIRMATION_OK"
650,10824730030,10824730059,1,"IOTHUB_CLIENT_CONFIRMATION_OK"
651,10824730363,10824730392,1,"IOTHUB_CLIENT_CONFIRMATION_OK"
652,10824730696,10824730726,1,"IOTHUB_CLIENT_CONFIRMATION_OK"
653,10824731030,10824731058,1,"IOTHUB_CLIENT_CONFIRMATION_OK"
654,10824731363,10824731393,1,"IOTHUB_CLIENT_CONFIRMATION_OK"
655,10824731696,10824731748,1,"IOTHUB_CLIENT_CONFIRMATION_OK"
656,10824732029,10824732072,1,"IOTHUB_CLIENT_CONFIRMATION_OK"
657,10824732362,10824732394,1,"IOTHUB_CLIENT_CONFIRMATION_OK"
658,10824732695,10824732725,1,"IOTHUB_CLIENT_CONFIRMATION_OK"
659,10824733028,10824733067,1,"IOTHUB_CLIENT_CONFIRMATION_OK"
660,10824733362,10824733391,1,"IOTHUB_CLIENT_CONFIRMATION_OK"
661,10824733695,10824733727,1,"IOTHUB_CLIENT_CONFIRMATION_OK"
662,10824734028,10824734058,1,"IOTHUB_CLIENT_CONFIRMATION_OK"
663,10824734361,10824734396,1,"IOTHUB_CLIENT_CONFIRMATION_OK"
664,10824734694,10824734725,1,"IOTHUB_CLIENT_CONFIRMATION_OK"
665,10824735027,10824735056,1,"IOTHUB_CLIENT_CONFIRMATION_OK"
666,10824735361,10824735388,1,"IOTHUB_CLIENT_CONFIRMATION_OK"
667,10824735694,10824735869,1,"IOTHUB_CLIENT_CONFIRMATION_OK"
668,10824736027,10824736062,1,"IOTHUB_CLIENT_CONFIRMATION_OK"
669,10824736360,10824736391,1,"IOTHUB_CLIENT_CONFIRMATION_OK"
670,10824736693,10824736723,1,"IOTHUB_CLIENT_CONFIRMATION_OK"
671,10824737026,10824737056,1,"IOTHUB_CLIENT_CONFIRMATION_OK"
672,10824737359,10824737388,1,"IOTHUB_CLIENT_CONFIRMATION_OK"
673,10824737693,10824737733,1,"IOTHUB_CLIENT_CONFIRMATION_OK"
674,10824738026,10824738055,1,"IOTHUB_CLIENT_CONFIRMATION_OK"
675,10824738359,10824738387,1,"IOTHUB_CLIENT_CONFIRMATION_OK"
676,10824738692,10824738756,1,"IOTHUB_CLIENT_CONFIRMATION_OK"
677,10824739025,10824739054,1,"IOTHUB_CLIENT_CONFIRMATION_OK"
678,10824739358,10824739387,1,"IOTHUB_CLIENT_CONFIRMATION_OK"
679,10824739692,10824739750,1,"IOTHUB_CLIENT_CONFIRMATION_OK"
680,10824740025,10824740054,1,"IOTHUB_CLIENT_CONFIRMATION_OK"
681,10824740358,10824740387,1,"IOTHUB_CLIENT_CONFIRMATION_OK"
682,10824740691,10824740724,1,"IOTHUB_CLIENT_CONFIRMATION_OK"
683,10824741024,10824741054,1,"IOTHUB_CLIENT_CONFIRMATION_OK"
684,10824741357,10824741387,1,"IOTHUB_CLIENT_CONFIRMATION_OK"
685,10824741691,10824741719,1,"IOTHUB_CLIENT_CONFIRMATION_OK"
686,10824742024,10824742057,1,"IOTHUB_CLIENT_CONFIRMATION_OK"
687,10824742357,10824742386,1,"IOTHUB_CLIENT_CONFIRMATION_OK"
688,10824742690,10824742721,1,"IOTHUB_CLIENT_CONFIRMATION_OK"
689,10824743023,10824743051,1,"IOTHUB_CLIENT_CONFIRMATION_OK"
690,10824743356,10824743385,1,"IOTHUB_CLIENT_CONFIRMATION_OK"
691,10824743690,10824743719,1,"IOTHUB_CLIENT_CONFIRMATION_OK"
692,10824744023,10824744052,1,"IOTHUB_CLIENT_CONFIRMATION_OK"
693,10824744356,10824744386,1,"IOTHUB_CLIENT_CONFIRMATION_OK"
694,10824744689,10824744718,1,"IOTHUB_CLIENT_CONFIRMATION_OK"
695,10824745022,10824745052,1,"IOTHUB_CLIENT_CONFIRMATION_OK"
696,10824745355,10824745390,1,"IOTHUB_CLIENT_CONFIRMATION_OK"
697,10824745688,10824745717,1,"IOTHUB_CLIENT_CONFIRMATION_OK"
698,10824746022,10824746052,1,"IOTHUB_CLIENT_CONFIRMATION_OK"
699,10824746355,10824746383,1,"IOTHUB_CLIENT_CONFIRMATION_OK"
700,10824746688,10824746718,1,"IOTHUB_CLIENT_CONFIRMATION_OK"
701,10824747021,10824747051,1,"IOTHUB_CLIENT_CONFIRMATION_OK"
702,10824747354,10824747383,1,"IOTHUB_CLIENT_CONFIRMATION_OK"
703,10824747687,10824747722,1,"IOTHUB_CLIENT_CONFIRMATION_OK"
704,10824748021,10824748060,1,"IOTHUB_CLIENT_CONFIRMATION_OK"
705,10824748354,10824748489,1,"IOTHUB_CLIENT_CONFIRMATION_OK"
706,10824748687,10824748719,1,"IOTHUB_CLIENT_CONFIRMATION_OK"
707,10824749020,10824749049,1,"IOTHUB_CLIENT_CONFIRMATION_OK"
708,10824749353,10824749525,1,"IOTHUB_CLIENT_CONFIRMATION_OK"
709,10824749686,10824749715,1,"IOTHUB_CLIENT_CONFIRMATION_OK"
710,10824750020,10824750048,1,"IOTHUB_CLIENT_CONFIRMATION_OK"
711,10824750353,10824750395,1,"IOTHUB_CLIENT_CONFIRMATION_OK"
712,10824750686,10824750724,1,"IOTHUB_CLIENT_CONFIRMATION_OK"
713,10824751019,10824751048,1,"IOTHUB_CLIENT_CONFIRMATION_OK"
714,10824751352,10824751381,1,"IOTHUB_CLIENT_CONFIRMATION_OK"
715,10824751685,10824751715,1,"IOTHUB_CLIENT_CONFIRMATION_OK"
716,10824752018,10824752048,1,"IOTHUB_CLIENT_CONFIRMATION_OK"
717,10824752352,10824752401,1,"IOTHUB_CLIENT_CONFIRMATION_OK"
718,10824752685,10824752713,1,"IOTHUB_CLIENT_CONFIRMATION_OK"
719,10824753018,10824753131,1,"IOTHUB_CLIENT_CONFIRMATION_OK"
720,10824753351,10824753380,1,"IOTHUB_CLIENT_CONFIRMATION_OK"
721,10824753684,10824753724,1,"IOTHUB_CLIENT_CONFIRMATION_OK"
722,10824754017,10824754046,1,"IOTHUB_CLIENT_CONFIRMATION_OK"
723,10824754351,10824754382,1,"IOTHUB_CLIENT_CONFIRMATION_OK"
724,10824754684,10824754712,1,"IOTHUB_CLIENT_CONFIRMATION_OK"
725,10824755017,10824755046,1,"IOTHUB_CLIENT_CONFIRMATION_OK"
726,10824755350,10824755381,1,"IOTHUB_CLIENT_CONFIRMATION_OK"
727,10824755683,10824755712,1,"IOTHUB_CLIENT_CONFIRMATION_OK"
728,10824756016,10824756046,1,"IOTHUB_CLIENT_CONFIRMATION_OK"
729,10824756349,10824756384,1,"IOTHUB_CLIENT_CONFIRMATION_OK"
730,10824756683,10824756711,1,"IOTHUB_CLIENT_CONFIRMATION_OK"
731,10824757016,10824757044,1,"IOTHUB_CLIENT_CONFIRMATION_OK"
732,10824757349,10824757384,1,"IOTHUB_CLIENT_CONFIRMATION_OK"
733,10824757682,10824757714,1,"IOTHUB_CLIENT_CONFIRMATION_OK"
734,10824758015,10824758044,1,"IOTHUB_CLIENT_CONFIRMATION_OK"
735,10824758348,10824758401,1,"IOTHUB_CLIENT_CONFIRMATION_OK"
736,10824758682,10824758711,1,"IOTHUB_CLIENT_CONFIRMATION_OK"
737,10824759015,10824759046,1,"IOTHUB_CLIENT_CONFIRMATION_OK"
738,10824759348,10824759383,1,"IOTHUB_CLIENT_CONFIRMATION_OK"
739,10824759681,10824759710,1,"IOTHUB_CLIENT_CONFIRMATION_OK"
740,10824760014,10824760043,1,"IOTHUB_CLIENT_CONFIRMATION_OK"
741,10824760347,10824760378,1,"IOTHUB_CLIENT_CONFIRMATION_OK"
742,10824760681,10824760713,1,"IOTHUB_CLIENT_CONFIRMATION_OK"
743,10824761014,10824761041,1,"IOTHUB_CLIENT_CONFIRMATION_OK"
744,10824761347,10824761376,1,"IOTHUB_CLIENT_CONFIRMATION_OK"
745,10824761680,10824761710,1,"IOTHUB_CLIENT_CONFIRMATION_OK"
746,10824762013,10824762043,1,"IOTHUB_CLIENT_CONFIRMATION_OK"
747,10824762346,10824762375,1,"IOTHUB_CLIENT_CONFIRMATION_OK"
748,10824762680,10824762707,1,"IOTHUB_CLIENT_CONFIRMATION_OK"
749,10824763013,10824763065,1,"IOTHUB_CLIENT_CONFIRMATION_OK"
750,10824763346,10824763374,1,"IOTHUB_CLIENT_CONFIRMATION_OK"
751,10824763679,10824763740,1,"IOTHUB_CLIENT_CONFIRMATION_OK"
752,10824764012,10824764364,1,"IOTHUB_CLIENT_CONFIRMATION_OK"
753,10824764345,10824764373,1,"IOTHUB_CLIENT_CONFIRMATION_OK"
754,10824764678,10824764707,1,"IOTHUB_CLIENT_CONFIRMATION_OK"
755,10824765012,10824765044,1,"IOTHUB_CLIENT_CONFIRMATION_OK"
756,10824765345,10824765374,1,"IOTHUB_CLIENT_CONFIRMATION_OK"
757,10824765678,10824765711,1,"IOTHUB_CLIENT_CONFIRMATION_OK"
758,10824766011,10824766042,1,"IOTHUB_CLIENT_CONFIRMATION_OK"
759,10824766344,10824766373,1,"IOTHUB_CLIENT_CONFIRMATION_OK"
760,10824766677,10824766709,1,"IOTHUB_CLIENT_CONFIRMATION_OK"
761,10824767011,10824767039,1,"IOTHUB_CLIENT_CONFIRMATION_OK"
762,10824767344,10824767372,1,"IOTHUB_CLIENT_CONFIRMATION_OK"
763,10824767677,10824767705,1,"IOTHUB_CLIENT_CONFIRMATION_OK"
764,10824768010,10824768038,1,"IOTHUB_CLIENT_CONFIRMATION_OK"
765,10824768343,10824768373,1,"IOTHUB_CLIENT_CONFIRMATION_OK"
766,10824768676,10824768709,1,"IOTHUB_CLIENT_CONFIRMATION_OK"
767,10824769010,10824769056,1,"IOTHUB_CLIENT_CONFIRMATION_OK"
768,10824769343,10824769373,1,"IOTHUB_CLIENT_CONFIRMATION_OK"
769,10824769676,10824769706,1,"IOTHUB_CLIENT_CONFIRMATION_OK"
770,10824770009,10824770037,1,"IOTHUB_CLIENT_CONFIRMATION_OK"
771,10824770342,10824770371,1,"IOTHUB_CLIENT_CONFIRMATION_OK"
772,10824770675,10824770705,1,"IOTHUB_CLIENT_CONFIRMATION_OK"
773,10824771009,10824771038,1,"IOTHUB_CLIENT_CONFIRMATION_OK"
774,10824771342,10824771370,1,"IOTHUB_CLIENT_CONFIRMATION_OK"
775,10824771675,10824771703,1,"IOTHUB_CLIENT_CONFIRMATION_OK"
776,10824772008,10824772036,1,"IOTHUB_CLIENT_CONFIRMATION_OK"
777,10824772341,10824772373,1,"IOTHUB_CLIENT_CONFIRMATION_OK"
778,10824772674,10824772703,1,"IOTHUB_CLIENT_CONFIRMATION_OK"
779,10824773008,10824773036,1,"IOTHUB_CLIENT_CONFIRMATION_OK"
780,10824773341,10824773373,1,"IOTHUB_CLIENT_CONFIRMATION_OK"
781,10824773674,10824773712,1,"IOTHUB_CLIENT_CONFIRMATION_OK"
782,10824774007,10824774036,1,"IOTHUB_CLIENT_CONFIRMATION_OK"
783,10824774340,10824774400,1,"IOTHUB_CLIENT_CONFIRMATION_OK"
784,10824774673,10824774703,1,"IOTHUB_CLIENT_CONFIRMATION_OK"
785,10824775006,10824775036,1,"IOTHUB_CLIENT_CONFIRMATION_OK"
786,10824775340,10824775368,1,"IOTHUB_CLIENT_CONFIRMATION_OK"
787,10824775673,10824775702,1,"IOTHUB_CLIENT_CONFIRMATION_OK"
788,10824776006,10824776035,1,"IOTHUB_CLIENT_CONFIRMATION_OK"
789,10824776339,10824776369,1,"IOTHUB_CLIENT_CONFIRMATION_OK"
790,10824776672,10824776843,1,"IOTHUB_CLIENT_CONFIRMATION_OK"
791,10824777005,10824777035,1,"IOTHUB_CLIENT_CONFIRMATION_OK"
792,10824777339,10824777368,1,"IOTHUB_CLIENT_CONFIRMATION_OK"
793,10824777672,10824777847,1,"IOTHUB_CLIENT_CONFIRMATION_OK"
794,10824778005,10824778035,1,"IOTHUB_CLIENT_CONFIRMATION_OK"
795,10824778338,10824778367,1,"IOTHUB_CLIENT_CONFIRMATION_OK"
796,10824778671,10824778700,1,"IOTHUB_CLIENT_CONFIRMATION_OK"
797,10824779004,10824779035,1,"IOTHUB_CLIENT_CONFIRMATION_OK"
798,10824779338,10824779368,1,"IOTHUB_CLIENT_CONFIRMATION_OK"
799,10824779671,10824779704,1,"IOTHUB_CLIENT_CONFIRMATION_OK"
800,10824780004,10824780036,1,"IOTHUB_CLIENT_CONFIRMATION_OK"
801,10824780337,10824780366,1,"IOTHUB_CLIENT_CONFIRMATION_OK"
802,10824780670,10824780700,1,"IOTHUB_CLIENT_CONFIRMATION_OK"
803,10824781003,10824781032,1,"IOTHUB_CLIENT_CONFIRMATION_OK"
804,10824781336,10824781365,1,"IOTHUB_CLIENT_CONFIRMATION_OK"
805,10824781670,10824781711,1,"IOTHUB_CLIENT_CONFIRMATION_OK"
806,10824782003,10824782033,1,"IOTHUB_CLIENT_CONFIRMATION_OK"
807,10824782336,10824782369,1,"IOTHUB_CLIENT_CONFIRMATION_OK"
808,10824782669,10824782699,1,"IOTHUB_CLIENT_CONFIRMATION_OK"
809,10824783002,10824783031,1,"IOTHUB_CLIENT_CONFIRMATION_OK"
810,10824783335,10824783364,1,"IOTHUB_CLIENT_CONFIRMATION_OK"
811,10824783669,10824783698,1,"IOTHUB_CLIENT_CONFIRMATION_OK"
812,10824784002,10824784029,1,"IOTHUB_CLIENT_CONFIRMATION_OK"
813,10824784335,10824784364,1,"IOTHUB_CLIENT_CONFIRMATION_OK"
814,10824784668,10824784697,1,"IOTHUB_CLIENT_CONFIRMATION_OK"
815,10824785001,10824785031,1,"IOTHUB_CLIENT_CONFIRMATION_OK"
816,10824785334,10824785364,1,"IOTHUB_CLIENT_CONFIRMATION_OK"
817,10824785668,10824785697,1,"IOTHUB_CLIENT_CONFIRMATION_OK"
818,10824786001,10824786030,1,"IOTHUB_CLIENT_CONFIRMATION_OK"
819,10824786334,10824786363,1,"IOTHUB_CLIENT_CONFIRMATION_OK"
820,10824786667,10824786696,1,"IOTHUB_CLIENT_CONFIRMATION_OK"
821,10824787000,10824787031,1,"IOTHUB_CLIENT_CONFIRMATION_OK"
822,10824787333,10824787364,1,"IOTHUB_CLIENT_CONFIRMATION_OK"
823,10824787666,10824787696,1,"IOTHUB_CLIENT_CONFIRMATION_OK"
824,10824788000,10824788027,1,"IOTHUB_CLIENT_CONFIRMATION_OK"
825,10824788333,10824788361,1,"IOTHUB_CLIENT_CONFIRMATION_OK"
826,10824788666,10824788702,1,"IOTHUB_CLIENT_CONFIRMATION_OK"
827,10824788999,10824789031,1,"IOTHUB_CLIENT_CONFIRMATION_OK"
828,10824789332,10824789361,1,"IOTHUB_CLIENT_CONFIRMATION_OK"
829,10824789665,10824789702,1,"IOTHUB_CLIENT_CONFIRMATION_OK"
830,10824789999,10824790029,1,"IOTHUB_CLIENT_CONFIRMATION_OK"
831,10824790332,10824790361,1,"IOTHUB_CLIENT_CONFIRMATION_OK"
832,10824790665,10824790700,1,"IOTHUB_CLIENT_CONFIRMATION_OK"
833,10824790998,10824791028,1,"IOTHUB_CLIENT_CONFIRMATION_OK"
834,10824791331,10824791442,1,"IOTHUB_CLIENT_CONFIRMATION_OK"
835,10824791664,10824791694,1,"IOTHUB_CLIENT_CONFIRMATION_OK"
836,10824791998,10824792027,1,"IOTHUB_CLIENT_CONFIRMATION_OK"
837,10824792331,10824792477,1,"IOTHUB_CLIENT_CONFIRMATION_OK"
838,10824792664,10824792693,1,"IOTHUB_CLIENT_CONFIRMATION_OK"
839,10824792997,10824793027,1,"IOTHUB_CLIENT_CONFIRMATION_OK"
840,10824793330,10824793360,1,"IOTHUB_CLIENT_CONFIRMATION_OK"
841,10824793663,10824793692,1,"IOTHUB_CLIENT_CONFIRMATION_OK"
842,10824793997,10824794025,1,"IOTHUB_CLIENT_CONFIRMATION_OK"
843,10824794330,10824794359,1,"IOTHUB_CLIENT_CONFIRMATION_OK"
844,10824794663,10824794692,1,"IOTHUB_CLIENT_CONFIRMATION_OK"
845,10824794996,10824795025,1,"IOTHUB_CLIENT_CONFIRMATION_OK"
846,10824795329,10824795361,1,"IOTHUB_CLIENT_CONFIRMATION_OK"
847,10824795662,10824795697,1,"IOTHUB_CLIENT_CONFIRMATION_OK"
848,10824795996,10824796049,1,"IOTHUB_CLIENT_CONFIRMATION_OK"
849,10824796329,10824796360,1,"IOTHUB_CLIENT_CONFIRMATION_OK"
850,10824796662,10824796690,1,"IOTHUB_CLIENT_CONFIRMATION_OK"
851,10824796995,10824797026,1,"IOTHUB_CLIENT_CONFIRMATION_OK"
852,10824797328,10824797357,1,"IOTHUB_CLIENT_CONFIRMATION_OK"
853,10824797661,10824797691,1,"IOTHUB_CLIENT_CONFIRMATION_OK"
854,10824797994,10824798024,1,"IOTHUB_CLIENT_CONFIRMATION_OK"
855,10824798328,10824798366,1,"IOTHUB_CLIENT_CONFIRMATION_OK"
856,10824798661,10824798694,1,"IOTHUB_CLIENT_CONFIRMATION_OK"
857,10824798994,10824799023,1,"IOTHUB_CLIENT_CONFIRMATION_OK"
858,10824799327,10824799355,1,"IOTHUB_CLIENT_CONFIRMATION_OK"
859,10824799660,10824799695,1,"IOTHUB_CLIENT_CONFIRMATION_OK"
860,10824799993,10824800022,1,"IOTHUB_CLIENT_CONFIRMATION_OK"
861,10824800327,10824800356,1,"IOTHUB_CLIENT_CONFIRMATION_OK"
862,10824800660,10824800688,1,"IOTHUB_CLIENT_CONFIRMATION_OK"
863,10824800993,10824801024,1,"IOTHUB_CLIENT_CONFIRMATION_OK"
864,10824801326,10824801356,1,"IOTHUB_CLIENT_CONFIRMATION_OK"
865,10824801659,10824801687,1,"IOTHUB_CLIENT_CONFIRMATION_OK"
866,10824801992,10824802021,1,"IOTHUB_CLIENT_CONFIRMATION_OK"
867,10824802326,10824802356,1,"IOTHUB_CLIENT_CONFIRMATION_OK"
868,10824802659,10824802689,1,"IOTHUB_CLIENT_CONFIRMATION_OK"
869,10824802992,10824803021,1,"IOTHUB_CLIENT_CONFIRMATION_OK"
870,10824803325,10824803362,1,"IOTHUB_CLIENT_CONFIRMATION_OK"
871,10824803658,10824803818,1,"IOTHUB_CLIENT_CONFIRMATION_OK"
872,10824803991,10824804025,1,"IOTHUB_CLIENT_CONFIRMATION_OK"
873,10824804324,10824804353,1,"IOTHUB_CLIENT_CONFIRMATION_OK"
874,10824804658,10824804687,1,"IOTHUB_CLIENT_CONFIRMATION_OK"
875,10824804991,10824805091,1,"IOTHUB_CLIENT_CONFIRMATION_OK"
876,10824805324,10824805352,1,"IOTHUB_CLIENT_CONFIRMATION_OK"
877,10824805657,10824805686,1,"IOTHUB_CLIENT_CONFIRMATION_OK"
878,10824805990,10824806079,1,"IOTHUB_CLIENT_CONFIRMATION_OK"
879,10824806323,10824806352,1,"IOTHUB_CLIENT_CONFIRMATION_OK"
880,10824806657,10824806686,1,"IOTHUB_CLIENT_CONFIRMATION_OK"
881,10824806990,10824807091,1,"IOTHUB_CLIENT_CONFIRMATION_OK"
882,10824807323,10824807353,1,"IOTHUB_CLIENT_CONFIRMATION_OK"
883,10824807656,10824807685,1,"IOTHUB_CLIENT_CONFIRMATION_OK"
884,10824807989,10824808124,1,"IOTHUB_CLIENT_CONFIRMATION_OK"
885,10824808322,10824808352,1,"IOTHUB_CLIENT_CONFIRMATION_OK"
886,10824808656,10824808685,1,"IOTHUB_CLIENT_CONFIRMATION_OK"
887,10824808989,10824809017,1,"IOTHUB_CLIENT_CONFIRMATION_OK"
888,10824809322,10824809351,1,"IOTHUB_CLIENT_CONFIRMATION_OK"
889,10824809655,10824809685,1,"IOTHUB_CLIENT_CONFIRMATION_OK"
890,10824809988,10824810017,1,"IOTHUB_CLIENT_CONFIRMATION_OK"
891,10824810321,10824810350,1,"IOTHUB_CLIENT_CONFIRMATION_OK"
892,10824810655,10824810687,1,"IOTHUB_CLIENT_CONFIRMATION_OK"
893,10824810988,10824811016,1,"IOTHUB_CLIENT_CONFIRMATION_OK"
894,10824811321,10824811350,1,"IOTHUB_CLIENT_CONFIRMATION_OK"
895,10824811654,10824811684,1,"IOTHUB_CLIENT_CONFIRMATION_OK"
896,10824811987,10824812016,1,"IOTHUB_CLIENT_CONFIRMATION_OK"
897,10824812320,10824812349,1,"IOTHUB_CLIENT_CONFIRMATION_OK"
898,10824812653,10824812682,1,"IOTHUB_CLIENT_CONFIRMATION_OK"
899,10824812987,10824813040,1,"IOTHUB_CLIENT_CONFIRMATION_OK"
