Message ID,Send Time,Receive Time,Status,Error
0,10824513529,10824513817,1,"IOTHUB_CLIENT_CONFIRMATION_OK"
1,10824513862,10824513892,1,"IOTHUB_CLIENT_CONFIRMATION_OK"
2,10824514195,10824514223,1,"IOTHUB_CLIENT_CONFIRMATION_OK"
3,10824514529,10824514614,1,"IOTHUB_CLIENT_CONFIRMATION_OK"
4,10824514862,10824514890,1,"IOTHUB_CLIENT_CONFIRMATION_OK"
5,10824515195,10824515226,1,"IOTHUB_CLIENT_CONFIRMATION_OK"
6,10824515528,10824515556,1,"IOTHUB_CLIENT_CONFIRMATION_OK"
7,10824515861,10824515898,1,"IOTHUB_CLIENT_CONFIRMATION_OK"
8,10824516194,10824516223,1,"IOTHUB_CLIENT_CONFIRMATION_OK"
9,10824516527,10824516570,1,"IOTHUB_CLIENT_CONFIRMATION_OK"
10,10824516861,10824516901,1,"IOTHUB_CLIENT_CONFIRMATION_OK"
11,10824517194,10824517246,1,"IOTHUB_CLIENT_CONFIRMATION_OK"
12,10824517527,10824517558,1,"IOTHUB_CLIENT_CONFIRMATION_OK"
13,10824517860,10824517890,1,"IOTHUB_CLIENT_CONFIRMATION_OK"
14,10824518193,10824518288,1,"IOTHUB_CLIENT_CONFIRMATION_OK"
15,10824518526,10824518557,1,"IOTHUB_CLIENT_CONFIRMATION_OK"
16,10824518860,10824518890,1,"IOTHUB_CLIENT_CONFIRMATION_OK"
17,10824519193,10824519221,1,"IOTHUB_CLIENT_CONFIRMATION_OK"
18,10824519526,10824519557,1,"IOTHUB_CLIENT_CONFIRMATION_OK"
19,10824519859,10824519888,1,"IOTHUB_CLIENT_CONFIRMATION_OK"
20,10824520192,10824520223,1,"IOTHUB_CLIENT_CONFIRMATION_OK"
21,10824520525,10824520567,1,"IOTHUB_CLIENT_CONFIRMATION_OK"
22,10824520858,10824520919,1,"IOTHUB_CLIENT_CONFIRMATION_OK"
23,10824521192,10824521221,1,"IOTHUB_CLIENT_CONFIRMATION_OK"
24,10824521525,10824521553,1,"IOTHUB_CLIENT_CONFIRMATION_OK"
25,10824521858,10824521886,1,"IOTHUB_CLIENT_CONFIRMATION_OK"
26,10824522191,10824522220,1,"IOTHUB_CLIENT_CONFIRMATION_OK"
27,10824522524,10824522558,1,"IOTHUB_CLIENT_CONFIRMATION_OK"
28,10824522857,10824522887,1,"IOTHUB_CLIENT_CONFIRMATION_OK"
29,10824523191,10824523220,1,"IOTHUB_CLIENT_CONFIRMATION_OK"
30,10824523524,10824523599,1,"IOTHUB_CLIENT_CONFIRMATION_OK"
31,10824523857,10824523888,1,"IOTHUB_CLIENT_CONFIRMATION_OK"
32,10824524190,10824524219,1,"IOTHUB_CLIENT_CONFIRMATION_OK"
33,10824524523,10824524558,1,"IOTHUB_CLIENT_CONFIRMATION_OK"
34,10824524856,10824524890,1,"IOTHUB_CLIENT_CONFIRMATION_OK"
35,10824525189,10824525220,1,"IOTHUB_CLIENT_CONFIRMATION_OK"
36,10824525523,10824525551,1,"IOTHUB_CLIENT_CONFIRMATION_OK"
37,10824525856,10824525885,1,"IOTHUB_CLIENT_CONFIRMATION_OK"
38,10824526189,10824526348,1,"IOTHUB_CLIENT_CONFIRMATION_OK"
39,10824526522,10824526551,1,"IOTHUB_CLIENT_CONFIRMATION_OK"
40,10824526855,10824526885,1,"IOTHUB_CLIENT_CONFIRMATION_OK"
41,10824527188,10824527217,1,"IOTHUB_CLIENT_CONFIRMATION_OK"
42,10824527522,10824527551,1,"IOTHUB_CLIENT_CONFIRMATION_OK"
43,10824527855,10824527885,1,"IOTHUB_CLIENT_CONFIRMATION_OK"
44,10824528188,10824528217,1,"IOTHUB_CLIENT_CONFIRMATION_OK"
45,10824528521,10824528549,1,"IOTHUB_CLIENT_CONFIRMATION_OK"
46,10824528854,10824528882,1,"IOTHUB_CLIENT_CONFIRMATION_OK"
47,10824529187,10824529216,1,"IOTHUB_CLIENT_CONFIRMATION_OK"
48,10824529521,10824529549,1,"IOTHUB_CLIENT_CONFIRMATION_OK"
49,10824529854,10824529884,1,"IOTHUB_CLIENT_CONFIRMATION_OK"
50,10824530187,10824530215,1,"IOTHUB_CLIENT_CONFIRMATION_OK"
51,10824530520,10824530550,1,"IOTHUB_CLIENT_CONFIRMATION_OK"
52,10824530853,10824530891,1,"IOTHUB_CLIENT_CONFIRMATION_OK"
53,10824531186,10824531215,1,"IOTHUB_CLIENT_CONFIRMATION_OK"
54,10824531520,10824531546,1,"IOTHUB_CLIENT_CONFIRMATION_OK"
55,10824531853,10824531882,1,"IOTHUB_CLIENT_CONFIRMATION_OK"
56,10824532186,10824532226,1,"IOTHUB_CLIENT_CONFIRMATION_OK"
57,10824532519,10824532685,1,"IOTHUB_CLIENT_CONFIRMATION_OK"
58,10824532852,10824532881,1,"IOTHUB_CLIENT_CONFIRMATION_OK"
59,10824533185,10824533215,1,"IOTHUB_CLIENT_CONFIRMATION_OK"
60,10824533519,10824533548,1,"IOTHUB_CLIENT_CONFIRMATION_OK"
61,10824533852,10824533879,1,"IOTHUB_CLIENT_CONFIRMATION_OK"
62,10824534185,10824534215,1,"IOTHUB_CLIENT_CONFIRMATION_OK"
63,10824534518,10824534556,1,"IOTHUB_CLIENT_CONFIRMATION_OK"
64,10824534851,10824534882,1,"IOTHUB_CLIENT_CONFIRMATION_OK"
65,10824535184,10824535213,1,"IOTHUB_CLIENT_CONFIRMATION_OK"
66,10824535517,10824535547,1,"IOTHUB_CLIENT_CONFIRMATION_OK"
67,10824535851,10824535878,1,"IOTHUB_CLIENT_CONFIRMATION_OK"
68,10824536184,10824536213,1,"IOTHUB_CLIENT_CONFIRMATION_OK"
69,10824536517,10824536545,1,"IOTHUB_CLIENT_CONFIRMATION_OK"
70,10824536850,10824536879,1,"IOTHUB_CLIENT_CONFIRMATION_OK"
71,10824537183,10824537213,1,"IOTHUB_CLIENT_CONFIRMATION_OK"
72,10824537516,10824537544,1,"IOTHUB_CLIENT_CONFIRMATION_OK"
73,10824537850,10824537879,1,"IOTHUB_CLIENT_CONFIRMATION_OK"
74,10824538183,10824538212,1,"IOTHUB_CLIENT_CONFIRMATION_OK"
75,10824538516,10824538544,1,"IOTHUB_CLIENT_CONFIRMATION_OK"
76,10824538849,10824538877,1,"IOTHUB_CLIENT_CONFIRMATION_OK"
77,10824539182,10824539211,1,"IOTHUB_CLIENT_CONFIRMATION_OK"
78,10824539515,10824539544,1,"IOTHUB_CLIENT_CONFIRMATION_OK"
79,10824539848,10824539878,1,"IOTHUB_CLIENT_CONFIRMATION_OK"
80,10824540182,10824540211,1,"IOTHUB_CLIENT_CONFIRMATION_OK"
81,10824540515,10824540552,1,"IOTHUB_CLIENT_CONFIRMATION_OK"
82,10824540848,10824540876,1,"IOTHUB_CLIENT_CONFIRMATION_OK"
83,10824541181,10824541209,1,"IOTHUB_CLIENT_CONFIRMATION_OK"
84,10824541514,10824541701,1,"IOTHUB_CLIENT_CONFIRMATION_OK"
85,10824541847,10824541883,1,"IOTHUB_CLIENT_CONFIRMATION_OK"
86,10824542181,10824542209,1,"IOTHUB_CLIENT_CONFIRMATION_OK"
87,10824542514,10824542546,1,"IOTHUB_CLIENT_CONFIRMATION_OK"
88,10824542847,10824542876,1,"IOTHUB_CLIENT_CONFIRMATION_OK"
89,10824543180,10824543220,1,"IOTHUB_CLIENT_CONFIRMATION_OK"
90,10824543513,10824543546,1,"IOTHUB_CLIENT_CONFIRMATION_OK"
91,10824543846,10824543899,1,"IOTHUB_CLIENT_CONFIRMATION_OK"
92,10824544180,10824544208,1,"IOTHUB_CLIENT_CONFIRMATION_OK"
93,10824544513,10824544541,1,"IOTHUB_CLIENT_CONFIRMATION_OK"
94,10824544846,10824544876,1,"IOTHUB_CLIENT_CONFIRMATION_OK"
95,10824545179,10824545209,1,"IOTHUB_CLIENT_CONFIRMATION_OK"
96,10824545512,10824545540,1,"IOTHUB_CLIENT_CONFIRMATION_OK"
97,10824545845,10824545874,1,"IOTHUB_CLIENT_CONFIRMATION_OK"
98,10824546179,10824546206,1,"IOTHUB_CLIENT_CONFIRMATION_OK"
99,10824546512,10824546540,1,"IOTHUB_CLIENT_CONFIRMATION_OK"
100,10824546845,10824546874,1,"IOTHUB_CLIENT_CONFIRMATION_OK"
101,10824547178,10824547207,1,"IOTHUB_CLIENT_CONFIRMATION_OK"
102,10824547511,10824547544,1,"IOTHUB_CLIENT_CONFIRMATION_OK"
103,10824547844,10824548105,1,"IOTHUB_CLIENT_CONFIRMATION_OK"
104,10824548177,10824548205,1,"IOTHUB_CLIENT_CONFIRMATION_OK"
105,10824548511,10824548539,1,"IOTHUB_CLIENT_CONFIRMATION_OK"
106,10824548844,10824548875,1,"IOTHUB_CLIENT_CONFIRMATION_OK"
107,10824549177,10824549209,1,"IOTHUB_CLIENT_CONFIRMATION_OK"
108,10824549510,10824549539,1,"IOTHUB_CLIENT_CONFIRMATION_OK"
109,10824549843,10824549874,1,"IOTHUB_CLIENT_CONFIRMATION_OK"
110,10824550176,10824550206,1,"IOTHUB_CLIENT_CONFIRMATION_OK"
111,10824550510,10824550539,1,"IOTHUB_CLIENT_CONFIRMATION_OK"
112,10824550843,10824550872,1,"IOTHUB_CLIENT_CONFIRMATION_OK"
113,10824551176,10824551204,1,"IOTHUB_CLIENT_CONFIRMATION_OK"
114,10824551509,10824551544,1,"IOTHUB_CLIENT_CONFIRMATION_OK"
115,10824551842,10824551871,1,"IOTHUB_CLIENT_CONFIRMATION_OK"
116,10824552175,10824552217,1,"IOTHUB_CLIENT_CONFIRMATION_OK"
117,10824552509,10824552537,1,"IOTHUB_CLIENT_CONFIRMATION_OK"
118,10824552842,10824552870,1,"IOTHUB_CLIENT_CONFIRMATION_OK"
119,10824553175,10824553203,1,"IOTHUB_CLIENT_CONFIRMATION_OK"
120,10824553508,10824553536,1,"IOTHUB_CLIENT_CONFIRMATION_OK"
121,10824553841,10824553871,1,"IOTHUB_CLIENT_CONFIRMATION_OK"
122,10824554174,10824554280,1,"IOTHUB_CLIENT_CONFIRMATION_OK"
123,10824554508,10824554537,1,"IOTHUB_CLIENT_CONFIRMATION_OK"
124,10824554841,10824554869,1,"IOTHUB_CLIENT_CONFIRMATION_OK"
125,10824555174,10824555292,1,"IOTHUB_CLIENT_CONFIRMATION_OK"
126,10824555507,10824555535,1,"IOTHUB_CLIENT_CONFIRMATION_OK"
127,10824555840,10824555869,1,"IOTHUB_CLIENT_CONFIRMATION_OK"
128,10824556173,10824556202,1,"IOTHUB_CLIENT_CONFIRMATION_OK"
129,10824556507,10824556537,1,"IOTHUB_CLIENT_CONFIRMATION_OK"
130,10824556840,10824556869,1,"IOTHUB_CLIENT_CONFIRMATION_OK"
131,10824557173,10824557253,1,"IOTHUB_CLIENT_CONFIRMATION_OK"
132,10824557506,10824557535,1,"IOTHUB_CLIENT_CONFIRMATION_OK"
133,10824557839,10824557929,1,"IOTHUB_CLIENT_CONFIRMATION_OK"
134,10824558172,10824558201,1,"IOTHUB_CLIENT_CONFIRMATION_OK"
135,10824558505,10824558534,1,"IOTHUB_CLIENT_CONFIRMATION_OK"
136,10824558839,10824558866,1,"IOTHUB_CLIENT_CONFIRMATION_OK"
137,10824559172,10824559202,1,"IOTHUB_CLIENT_CONFIRMATION_OK"
138,10824559505,10824559542,1,"IOTHUB_CLIENT_CONFIRMATION_OK"
139,10824559838,10824559867,1,"IOTHUB_CLIENT_CONFIRMATION_OK"
140,10824560171,10824560199,1,"IOTHUB_CLIENT_CONFIRMATION_OK"
141,10824560504,10824560595,1,"IOTHUB_CLIENT_CONFIRMATION_OK"
142,10824560838,10824560866,1,"IOTHUB_CLIENT_CONFIRMATION_OK"
143,10824561171,10824561198,1,"IOTHUB_CLIENT_CONFIRMATION_OK"
144,10824561504,10824561613,1,"IOTHUB_CLIENT_CONFIRMATION_OK"
145,10824561837,10824561866,1,"IOTHUB_CLIENT_CONFIRMATION_OK"
146,10824562170,10824562198,1,"IOTHUB_CLIENT_CONFIRMATION_OK"
147,10824562503,10824562533,1,"IOTHUB_CLIENT_CONFIRMATION_OK"
148,10824562837,10824562866,1,"IOTHUB_CLIENT_CONFIRMATION_OK"
149,10824563170,10824563200,1,"IOTHUB_CLIENT_CONFIRMATION_OK"
150,10824563503,10824563531,1,"IOTHUB_CLIENT_CONFIRMATION_OK"
151,10824563836,10824563865,1,"IOTHUB_CLIENT_CONFIRMATION_OK"
152,10824564169,10824564283,1,"IOTHUB_CLIENT_CONFIRMATION_OK"
153,10824564502,10824564531,1,"IOTHUB_CLIENT_CONFIRMATION_OK"
154,10824564835,10824564863,1,"IOTHUB_CLIENT_CONFIRMATION_OK"
155,10824565169,10824565198,1,"IOTHUB_CLIENT_CONFIRMATION_OK"
156,10824565502,10824565533,1,"IOTHUB_CLIENT_CONFIRMATION_OK"
157,10824565835,10824565865,1,"IOTHUB_CLIENT_CONFIRMATION_OK"
158,10824566168,10824566196,1,"IOTHUB_CLIENT_CONFIRMATION_OK"
159,10824566501,10824566529,1,"IOTHUB_CLIENT_CONFIRMATION_OK"
160,10824566834,10824566971,1,"IOTHUB_CLIENT_CONFIRMATION_OK"
161,10824567168,10824567198,1,"IOTHUB_CLIENT_CONFIRMATION_OK"
162,10824567501,10824567568,1,"IOTHUB_CLIENT_CONFIRMATION_OK"
163,10824567834,10824567862,1,"IOTHUB_CLIENT_CONFIRMATION_OK"
164,10824568167,10824568196,1,"IOTHUB_CLIENT_CONFIRMATION_OK"
165,10824568500,10824568530,1,"IOTHUB_CLIENT_CONFIRMATION_OK"
166,10824568833,10824568861,1,"IOTHUB_CLIENT_CONFIRMATION_OK"
167,10824569167,10824569195,1,"IOTHUB_CLIENT_CONFIRMATION_OK"
168,10824569500,10824569528,1,"IOTHUB_CLIENT_CONFIRMATION_OK"
169,10824569833,10824569861,1,"IOTHUB_CLIENT_CONFIRMATION_OK"
170,10824570166,10824570194,1,"IOTHUB_CLIENT_CONFIRMATION_OK"
171,10824570499,10824570684,1,"IOTHUB_CLIENT_CONFIRMATION_OK"
172,10824570832,10824570860,1,"IOTHUB_CLIENT_CONFIRMATION_OK"
173,10824571166,10824571193,1,"IOTHUB_CLIENT_CONFIRMATION_OK"
174,10824571499,10824571527,1,"IOTHUB_CLIENT_CONFIRMATION_OK"
175,10824571832,10824571863,1,"IOTHUB_CLIENT_CONFIRMATION_OK"
176,10824572165,10824572271,1,"IOTHUB_CLIENT_CONFIRMATION_OK"
177,10824572498,10824572527,1,"IOTHUB_CLIENT_CONFIRMATION_OK"
178,10824572831,10824572862,1,"IOTHUB_CLIENT_CONFIRMATION_OK"
179,10824573164,10824573193,1,"IOTHUB_CLIENT_CONFIRMATION_OK"
180,10824573498,10824573527,1,"IOTHUB_CLIENT_CONFIRMATION_OK"
181,10824573831,10824573860,1,"IOTHUB_CLIENT_CONFIRMATION_OK"
182,10824574164,10824574192,1,"IOTHUB_CLIENT_CONFIRMATION_OK"
183,10824574497,10824574525,1,"IOTHUB_CLIENT_CONFIRMATION_OK"
184,10824574830,10824574859,1,"IOTHUB_CLIENT_CONFIRMATION_OK"
185,10824575163,10824575196,1,"IOTHUB_CLIENT_CONFIRMATION_OK"
186,10824575497,10824575526,1,"IOTHUB_CLIENT_CONFIRMATION_OK"
187,10824575830,10824575860,1,"IOTHUB_CLIENT_CONFIRMATION_OK"
188,10824576163,10824576192,1,"IOTHUB_CLIENT_CONFIRMATION_OK"
189,10824576496,10824576526,1,"IOTHUB_CLIENT_CONFIRMATION_OK"
190,10824576829,10824576995,1,"IOTHUB_CLIENT_CONFIRMATION_OK"
191,10824577162,10824577192,1,"IOTHUB_CLIENT_CONFIRMATION_OK"
192,10824577496,10824577523,1,"IOTHUB_CLIENT_CONFIRMATION_OK"
193,10824577829,10824577858,1,"IOTHUB_CLIENT_CONFIRMATION_OK"
194,10824578162,10824578191,1,"IOTHUB_CLIENT_CONFIRMATION_OK"
195,10824578495,10824578525,1,"IOTHUB_CLIENT_CONFIRMATION_OK"
196,10824578828,10824578859,1,"IOTHUB_CLIENT_CONFIRMATION_OK"
197,10824579161,10824579430,1,"IOTHUB_CLIENT_CONFIRMATION_OK"
198,10824579495,10824579610,1,"IOTHUB_CLIENT_CONFIRMATION_OK"
199,10824579828,10824579859,1,"IOTHUB_CLIENT_CONFIRMATION_OK"
200,10824580161,10824580189,1,"IOTHUB_CLIENT_CONFIRMATION_OK"
201,10824580494,10824580613,1,"IOTHUB_CLIENT_CONFIRMATION_OK"
202,10824580827,10824580865,1,"IOTHUB_CLIENT_CONFIRMATION_OK"
203,10824581160,10824581190,1,"IOTHUB_CLIENT_CONFIRMATION_OK"
204,10824581494,10824581523,1,"IOTHUB_CLIENT_CONFIRMATION_OK"
205,10824581827,10824581855,1,"IOTHUB_CLIENT_CONFIRMATION_OK"
206,10824582160,10824582189,1,"IOTHUB_CLIENT_CONFIRMATION_OK"
207,10824582493,10824582522,1,"IOTHUB_CLIENT_CONFIRMATION_OK"
208,10824582826,10824582856,1,"IOTHUB_CLIENT_CONFIRMATION_OK"
209,10824583159,10824583189,1,"IOTHUB_CLIENT_CONFIRMATION_OK"
210,10824583492,10824583522,1,"IOTHUB_CLIENT_CONFIRMATION_OK"
211,10824583826,10824583855,1,"IOTHUB_CLIENT_CONFIRMATION_OK"
212,10824584159,10824584282,1,"IOTHUB_CLIENT_CONFIRMATION_OK"
213,10824584492,10824584522,1,"IOTHUB_CLIENT_CONFIRMATION_OK"
214,10824584825,10824584854,1,"IOTHUB_CLIENT_CONFIRMATION_OK"
215,10824585158,10824585226,1,"IOTHUB_CLIENT_CONFIRMATION_OK"
216,10824585491,10824585524,1,"IOTHUB_CLIENT_CONFIRMATION_OK"
217,10824585825,10824585853,1,"IOTHUB_CLIENT_CONFIRMATION_OK"
218,10824586158,10824586258,1,"IOTHUB_CLIENT_CONFIRMATION_OK"
219,10824586491,10824586521,1,"IOTHUB_CLIENT_CONFIRMATION_OK"
220,10824586824,10824586876,1,"IOTHUB_CLIENT_CONFIRMATION_OK"
221,10824587157,10824587192,1,"IOTHUB_CLIENT_CONFIRMATION_OK"
222,10824587490,10824587524,1,"IOTHUB_CLIENT_CONFIRMATION_OK"
223,10824587824,10824587931,1,"IOTHUB_CLIENT_CONFIRMATION_OK"
224,10824588157,10824588185,1,"IOTHUB_CLIENT_CONFIRMATION_OK"
225,10824588490,10824588521,1,"IOTHUB_CLIENT_CONFIRMATION_OK"
226,10824588823,10824588861,1,"IOTHUB_CLIENT_CONFIRMATION_OK"
227,10824589156,10824589186,1,"IOTHUB_CLIENT_CONFIRMATION_OK"
228,10824589489,10824589518,1,"IOTHUB_CLIENT_CONFIRMATION_OK"
229,10824589823,10824589852,1,"IOTHUB_CLIENT_CONFIRMATION_OK"
230,10824590156,10824590206,1,"IOTHUB_CLIENT_CONFIRMATION_OK"
231,10824590489,10824590572,1,"IOTHUB_CLIENT_CONFIRMATION_OK"
232,10824590822,10824590850,1,"IOTHUB_CLIENT_CONFIRMATION_OK"
233,10824591155,10824591184,1,"IOTHUB_CLIENT_CONFIRMATION_OK"
234,10824591488,10824591519,1,"IOTHUB_CLIENT_CONFIRMATION_OK"
235,10824591822,10824591857,1,"IOTHUB_CLIENT_CONFIRMATION_OK"
236,10824592155,10824592188,1,"IOTHUB_CLIENT_CONFIRMATION_OK"
237,10824592488,10824592517,1,"IOTHUB_CLIENT_CONFIRMATION_OK"
238,10824592821,10824592849,1,"IOTHUB_CLIENT_CONFIRMATION_OK"
239,10824593154,10824593264,1,"IOTHUB_CLIENT_CONFIRMATION_OK"
240,10824593487,10824593515,1,"IOTHUB_CLIENT_CONFIRMATION_OK"
241,10824593821,10824593849,1,"IOTHUB_CLIENT_CONFIRMATION_OK"
242,10824594154,10824594184,1,"IOTHUB_CLIENT_CONFIRMATION_OK"
243,10824594487,10824594517,1,"IOTHUB_CLIENT_CONFIRMATION_OK"
244,10824594820,10824594848,1,"IOTHUB_CLIENT_CONFIRMATION_OK"
245,10824595153,10824595181,1,"IOTHUB_CLIENT_CONFIRMATION_OK"
246,10824595486,10824595527,1,"IOTHUB_CLIENT_CONFIRMATION_OK"
247,10824595819,10824595848,1,"IOTHUB_CLIENT_CONFIRMATION_OK"
248,10824596153,10824596203,1,"IOTHUB_CLIENT_CONFIRMATION_OK"
249,10824596486,10824596514,1,"IOTHUB_CLIENT_CONFIRMATION_OK"
250,10824596819,10824596959,1,"IOTHUB_CLIENT_CONFIRMATION_OK"
251,10824597152,10824597180,1,"IOTHUB_CLIENT_CONFIRMATION_OK"
252,10824597485,10824597513,1,"IOTHUB_CLIENT_CONFIRMATION_OK"
253,10824597818,10824597872,1,"IOTHUB_CLIENT_CONFIRMATION_OK"
254,10824598152,10824598192,1,"IOTHUB_CLIENT_CONFIRMATION_OK"
255,10824598485,10824598513,1,"IOTHUB_CLIENT_CONFIRMATION_OK"
256,10824598818,10824598847,1,"IOTHUB_CLIENT_CONFIRMATION_OK"
257,10824599151,10824599180,1,"IOTHUB_CLIENT_CONFIRMATION_OK"
258,10824599484,10824599615,1,"IOTHUB_CLIENT_CONFIRMATION_OK"
259,10824599817,10824599846,1,"IOTHUB_CLIENT_CONFIRMATION_OK"
260,10824600151,10824600180,1,"IOTHUB_CLIENT_CONFIRMATION_OK"
261,10824600484,10824600514,1,"IOTHUB_CLIENT_CONFIRMATION_OK"
262,10824600817,10824600846,1,"IOTHUB_CLIENT_CONFIRMATION_OK"
263,10824601150,10824601180,1,"IOTHUB_CLIENT_CONFIRMATION_OK"
264,10824601483,10824601512,1,"IOTHUB_CLIENT_CONFIRMATION_OK"
265,10824601816,10824601844,1,"IOTHUB_CLIENT_CONFIRMATION_OK"
266,10824602150,10824602186,1,"IOTHUB_CLIENT_CONFIRMATION_OK"
267,10824602483,10824602511,1,"IOTHUB_CLIENT_CONFIRMATION_OK"
268,10824602816,10824602853,1,"IOTHUB_CLIENT_CONFIRMATION_OK"
269,10824603149,10824603178,1,"IOTHUB_CLIENT_CONFIRMATION_OK"
270,10824603482,10824603514,1,"IOTHUB_CLIENT_CONFIRMATION_OK"
271,10824603815,10824603845,1,"IOTHUB_CLIENT_CONFIRMATION_OK"
272,10824604149,10824604209,1,"IOTHUB_CLIENT_CONFIRMATION_OK"
273,10824604482,10824604511,1,"IOTHUB_CLIENT_CONFIRMATION_OK"
274,10824604815,10824604848,1,"IOTHUB_CLIENT_CONFIRMATION_OK"
275,10824605148,10824605176,1,"IOTHUB_CLIENT_CONFIRMATION_OK"
276,10824605481,10824605510,1,"IOTHUB_CLIENT_CONFIRMATION_OK"
277,10824605814,10824606029,1,"IOTHUB_CLIENT_CONFIRMATION_OK"
278,10824606148,10824606182,1,"IOTHUB_CLIENT_CONFIRMATION_OK"
279,10824606481,10824606511,1,"IOTHUB_CLIENT_CONFIRMATION_OK"
280,10824606814,10824606847,1,"IOTHUB_CLIENT_CONFIRMATION_OK"
281,10824607147,10824607175,1,"IOTHUB_CLIENT_CONFIRMATION_OK"
282,10824607480,10824607513,1,"IOTHUB_CLIENT_CONFIRMATION_OK"
283,10824607813,10824607843,1,"IOTHUB_CLIENT_CONFIRMATION_OK"
284,10824608147,10824608174,1,"IOTHUB_CLIENT_CONFIRMATION_OK"
285,10824608480,10824608514,1,"IOTHUB_CLIENT_CONFIRMATION_OK"
286,10824608813,10824608850,1,"IOTHUB_CLIENT_CONFIRMATION_OK"
287,10824609146,10824609174,1,"IOTHUB_CLIENT_CONFIRMATION_OK"
288,10824609479,10824609576,1,"IOTHUB_CLIENT_CONFIRMATION_OK"
289,10824609812,10824609841,1,"IOTHUB_CLIENT_CONFIRMATION_OK"
290,10824610145,10824610175,1,"IOTHUB_CLIENT_CONFIRMATION_OK"
291,10824610479,10824610510,1,"IOTHUB_CLIENT_CONFIRMATION_OK"
292,10824610812,10824610839,1,"IOTHUB_CLIENT_CONFIRMATION_OK"
293,10824611145,10824611174,1,"IOTHUB_CLIENT_CONFIRMATION_OK"
294,10824611478,10824611515,1,"IOTHUB_CLIENT_CONFIRMATION_OK"
295,10824611811,10824611839,1,"IOTHUB_CLIENT_CONFIRMATION_OK"
296,10824612144,10824612216,1,"IOTHUB_CLIENT_CONFIRMATION_OK"
297,10824612478,10824612507,1,"IOTHUB_CLIENT_CONFIRMATION_OK"
298,10824612811,10824612840,1,"IOTHUB_CLIENT_CONFIRMATION_OK"
299,10824613144,10824613235,1,"IOTHUB_CLIENT_CONFIRMATION_OK"
300,10824613477,10824613521,1,"IOTHUB_CLIENT_CONFIRMATION_OK"
301,10824613810,10824613841,1,"IOTHUB_CLIENT_CONFIRMATION_OK"
302,10824614143,10824614172,1,"IOTHUB_CLIENT_CONFIRMATION_OK"
303,10824614477,10824614504,1,"IOTHUB_CLIENT_CONFIRMATION_OK"
304,10824614810,10824614839,1,"IOTHUB_CLIENT_CONFIRMATION_OK"
305,10824615143,10824615204,1,"IOTHUB_CLIENT_CONFIRMATION_OK"
306,10824615476,10824615505,1,"IOTHUB_CLIENT_CONFIRMATION_OK"
307,10824615809,10824615905,1,"IOTHUB_CLIENT_CONFIRMATION_OK"
308,10824616142,10824616171,1,"IOTHUB_CLIENT_CONFIRMATION_OK"
309,10824616476,10824616504,1,"IOTHUB_CLIENT_CONFIRMATION_OK"
310,10824616809,10824616837,1,"IOTHUB_CLIENT_CONFIRMATION_OK"
311,10824617142,10824617189,1,"IOTHUB_CLIENT_CONFIRMATION_OK"
312,10824617475,10824617504,1,"IOTHUB_CLIENT_CONFIRMATION_OK"
313,10824617808,10824617839,1,"IOTHUB_CLIENT_CONFIRMATION_OK"
314,10824618142,10824618180,1,"IOTHUB_CLIENT_CONFIRMATION_OK"
315,10824618475,10824618628,1,"IOTHUB_CLIENT_CONFIRMATION_OK"
316,10824618808,10824618839,1,"IOTHUB_CLIENT_CONFIRMATION_OK"
317,10824619141,10824619170,1,"IOTHUB_CLIENT_CONFIRMATION_OK"
318,10824619474,10824619502,1,"IOTHUB_CLIENT_CONFIRMATION_OK"
319,10824619807,10824619839,1,"IOTHUB_CLIENT_CONFIRMATION_OK"
320,10824620140,10824620170,1,"IOTHUB_CLIENT_CONFIRMATION_OK"
321,10824620474,10824620509,1,"IOTHUB_CLIENT_CONFIRMATION_OK"
322,10824620807,10824620836,1,"IOTHUB_CLIENT_CONFIRMATION_OK"
323,10824621140,10824621169,1,"IOTHUB_CLIENT_CONFIRMATION_OK"
324,10824621473,10824621501,1,"IOTHUB_CLIENT_CONFIRMATION_OK"
325,10824621806,10824621840,1,"IOTHUB_CLIENT_CONFIRMATION_OK"
326,10824622139,10824622314,1,"IOTHUB_CLIENT_CONFIRMATION_OK"
327,10824622473,10824622501,1,"IOTHUB_CLIENT_CONFIRMATION_OK"
328,10824622806,10824622837,1,"IOTHUB_CLIENT_CONFIRMATION_OK"
329,10824623139,10824623168,1,"IOTHUB_CLIENT_CONFIRMATION_OK"
330,10824623472,10824623503,1,"IOTHUB_CLIENT_CONFIRMATION_OK"
331,10824623805,10824623840,1,"IOTHUB_CLIENT_CONFIRMATION_OK"
332,10824624139,10824624168,1,"IOTHUB_CLIENT_CONFIRMATION_OK"
333,10824624472,10824624500,1,"IOTHUB_CLIENT_CONFIRMATION_OK"
334,10824624805,10824624833,1,"IOTHUB_CLIENT_CONFIRMATION_OK"
335,10824625138,10824625176,1,"IOTHUB_CLIENT_CONFIRMATION_OK"
336,10824625471,10824625503,1,"IOTHUB_CLIENT_CONFIRMATION_OK"
337,10824625804,10824625839,1,"IOTHUB_CLIENT_CONFIRMATION_OK"
338,10824626137,10824626165,1,"IOTHUB_CLIENT_CONFIRMATION_OK"
339,10824626471,10824626499,1,"IOTHUB_CLIENT_CONFIRMATION_OK"
340,10824626804,10824626853,1,"IOTHUB_CLIENT_CONFIRMATION_OK"
341,10824627137,10824627165,1,"IOTHUB_CLIENT_CONFIRMATION_OK"
342,10824627470,10824627498,1,"IOTHUB_CLIENT_CONFIRMATION_OK"
343,10824627803,10824627831,1,"IOTHUB_CLIENT_CONFIRMATION_OK"
344,10824628136,10824628165,1,"IOTHUB_CLIENT_CONFIRMATION_OK"
345,10824628470,10824628677,1,"IOTHUB_CLIENT_CONFIRMATION_OK"
346,10824628803,10824628834,1,"IOTHUB_CLIENT_CONFIRMATION_OK"
347,10824629136,10824629173,1,"IOTHUB_CLIENT_CONFIRMATION_OK"
348,10824629469,10824629498,1,"IOTHUB_CLIENT_CONFIRMATION_OK"
349,10824629802,10824629831,1,"IOTHUB_CLIENT_CONFIRMATION_OK"
350,10824630135,10824630174,1,"IOTHUB_CLIENT_CONFIRMATION_OK"
351,10824630469,10824630496,1,"IOTHUB_CLIENT_CONFIRMATION_OK"
352,10824630802,10824630925,1,"IOTHUB_CLIENT_CONFIRMATION_OK"
353,10824631135,10824631163,1,"IOTHUB_CLIENT_CONFIRMATION_OK"
354,10824631468,10824631497,1,"IOTHUB_CLIENT_CONFIRMATION_OK"
355,10824631801,10824631829,1,"IOTHUB_CLIENT_CONFIRMATION_OK"
356,10824632134,10824632186,1,"IOTHUB_CLIENT_CONFIRMATION_OK"
357,10824632467,10824632497,1,"IOTHUB_CLIENT_CONFIRMATION_OK"
358,10824632801,10824632829,1,"IOTHUB_CLIENT_CONFIRMATION_OK"
359,10824633134,10824633172,1,"IOTHUB_CLIENT_CONFIRMATION_OK"
360,10824633467,10824633500,1,"IOTHUB_CLIENT_CONFIRMATION_OK"
361,10824633800,10824633855,1,"IOTHUB_CLIENT_CONFIRMATION_OK"
362,10824634133,10824634169,1,"IOTHUB_CLIENT_CONFIRMATION_OK"
363,10824634466,10824634495,1,"IOTHUB_CLIENT_CONFIRMATION_OK"
364,10824634800,10824634927,1,"IOTHUB_CLIENT_CONFIRMATION_OK"
365,10824635133,10824635161,1,"IOTHUB_CLIENT_CONFIRMATION_OK"
366,10824635466,10824635495,1,"IOTHUB_CLIENT_CONFIRMATION_OK"
367,10824635799,10824635942,1,"IOTHUB_CLIENT_CONFIRMATION_OK"
368,10824636132,10824636160,1,"IOTHUB_CLIENT_CONFIRMATION_OK"
369,10824636465,10824636494,1,"IOTHUB_CLIENT_CONFIRMATION_OK"
370,10824636799,10824636827,1,"IOTHUB_CLIENT_CONFIRMATION_OK"
371,10824637132,10824637162,1,"IOTHUB_CLIENT_CONFIRMATION_OK"
372,10824637465,10824637496,1,"IOTHUB_CLIENT_CONFIRMATION_OK"
373,10824637798,10824637826,1,"IOTHUB_CLIENT_CONFIRMATION_OK"
374,10824638131,10824638159,1,"IOTHUB_CLIENT_CONFIRMATION_OK"
375,10824638464,10824638494,1,"IOTHUB_CLIENT_CONFIRMATION_OK"
376,10824638798,10824638838,1,"IOTHUB_CLIENT_CONFIRMATION_OK"
377,10824639131,10824639159,1,"IOTHUB_CLIENT_CONFIRMATION_OK"
378,10824639464,10824639512,1,"IOTHUB_CLIENT_CONFIRMATION_OK"
379,10824639797,10824639842,1,"IOTHUB_CLIENT_CONFIRMATION_OK"
380,10824640130,10824640160,1,"IOTHUB_CLIENT_CONFIRMATION_OK"
381,10824640463,10824640496,1,"IOTHUB_CLIENT_CONFIRMATION_OK"
382,10824640797,10824640833,1,"IOTHUB_CLIENT_CONFIRMATION_OK"
383,10824641130,10824641159,1,"IOTHUB_CLIENT_CONFIRMATION_OK"
384,10824641463,10824641492,1,"IOTHUB_CLIENT_CONFIRMATION_OK"
385,10824641796,10824641838,1,"IOTHUB_CLIENT_CONFIRMATION_OK"
386,10824642129,10824642176,1,"IOTHUB_CLIENT_CONFIRMATION_OK"
387,10824642462,10824642514,1,"IOTHUB_CLIENT_CONFIRMATION_OK"
388,10824642796,10824642828,1,"IOTHUB_CLIENT_CONFIRMATION_OK"
389,10824643129,10824643171,1,"IOTHUB_CLIENT_CONFIRMATION_OK"
390,10824643462,10824643494,1,"IOTHUB_CLIENT_CONFIRMATION_OK"
391,10824643795,10824643824,1,"IOTHUB_CLIENT_CONFIRMATION_OK"
392,10824644128,10824644160,1,"IOTHUB_CLIENT_CONFIRMATION_OK"
393,10824644461,10824644490,1,"IOTHUB_CLIENT_CONFIRMATION_OK"
394,10824644795,10824645006,1,"IOTHUB_CLIENT_CONFIRMATION_OK"
395,10824645128,10824645156,1,"IOTHUB_CLIENT_CONFIRMATION_OK"
396,10824645461,10824645489,1,"IOTHUB_CLIENT_CONFIRMATION_OK"
397,10824645794,10824645826,1,"IOTHUB_CLIENT_CONFIRMATION_OK"
398,10824646127,10824646155,1,"IOTHUB_CLIENT_CONFIRMATION_OK"
399,10824646460,10824646490,1,"IOTHUB_CLIENT_CONFIRMATION_OK"
400,10824646794,10824646823,1,"IOTHUB_CLIENT_CONFIRMATION_OK"
401,10824647127,10824647156,1,"IOTHUB_CLIENT_CONFIRMATION_OK"
402,10824647460,10824647497,1,"IOTHUB_CLIENT_CONFIRMATION_OK"
403,10824647793,10824647822,1,"IOTHUB_CLIENT_CONFIRMATION_OK"
404,10824648126,10824648263,1,"IOTHUB_CLIENT_CONFIRMATION_OK"
405,10824648459,10824648494,1,"IOTHUB_CLIENT_CONFIRMATION_OK"
406,10824648793,10824648822,1,"IOTHUB_CLIENT_CONFIRMATION_OK"
407,10824649126,10824649155,1,"IOTHUB_CLIENT_CONFIRMATION_OK"
408,10824649459,10824649515,1,"IOTHUB_CLIENT_CONFIRMATION_OK"
409,10824649792,10824649823,1,"IOTHUB_CLIENT_CONFIRMATION_OK"
410,10824650125,10824650154,1,"IOTHUB_CLIENT_CONFIRMATION_OK"
411,10824650458,10824650487,1,"IOTHUB_CLIENT_CONFIRMATION_OK"
412,10824650791,10824650821,1,"IOTHUB_CLIENT_CONFIRMATION_OK"
413,10824651125,10824651153,1,"IOTHUB_CLIENT_CONFIRMATION_OK"
414,10824651458,10824651487,1,"IOTHUB_CLIENT_CONFIRMATION_OK"
415,10824651791,10824651819,1,"IOTHUB_CLIENT_CONFIRMATION_OK"
416,10824652124,10824652167,1,"IOTHUB_CLIENT_CONFIRMATION_OK"
417,10824652457,10824652487,1,"IOTHUB_CLIENT_CONFIRMATION_OK"
418,10824652790,10824652825,1,"IOTHUB_CLIENT_CONFIRMATION_OK"
419,10824653124,10824653172,1,"IOTHUB_CLIENT_CONFIRMATION_OK"
420,10824653457,10824653485,1,"IOTHUB_CLIENT_CONFIRMATION_OK"
421,10824653790,10824653818,1,"IOTHUB_CLIENT_CONFIRMATION_OK"
422,10824654123,10824654151,1,"IOTHUB_CLIENT_CONFIRMATION_OK"
423,10824654456,10824654484,1,"IOTHUB_CLIENT_CONFIRMATION_OK"
424,10824654789,10824654842,1,"IOTHUB_CLIENT_CONFIRMATION_OK"
425,10824655123,10824655160,1,"IOTHUB_CLIENT_CONFIRMATION_OK"
426,10824655456,10824655484,1,"IOTHUB_CLIENT_CONFIRMATION_OK"
427,10824655789,10824655872,1,"IOTHUB_CLIENT_CONFIRMATION_OK"
428,10824656122,10824656150,1,"IOTHUB_CLIENT_CONFIRMATION_OK"
429,10824656455,10824656484,1,"IOTHUB_CLIENT_CONFIRMATION_OK"
430,10824656788,10824656817,1,"IOTHUB_CLIENT_CONFIRMATION_OK"
431,10824657122,10824657151,1,"IOTHUB_CLIENT_CONFIRMATION_OK"
432,10824657455,10824657486,1,"IOTHUB_CLIENT_CONFIRMATION_OK"
433,10824657788,10824657817,1,"IOTHUB_CLIENT_CONFIRMATION_OK"
434,10824658121,10824658165,1,"IOTHUB_CLIENT_CONFIRMATION_OK"
435,10824658454,10824658515,1,"IOTHUB_CLIENT_CONFIRMATION_OK"
436,10824658787,10824658817,1,"IOTHUB_CLIENT_CONFIRMATION_OK"
437,10824659120,10824659155,1,"IOTHUB_CLIENT_CONFIRMATION_OK"
438,10824659454,10824659482,1,"IOTHUB_CLIENT_CONFIRMATION_OK"
439,10824659787,10824659815,1,"IOTHUB_CLIENT_CONFIRMATION_OK"
440,10824660120,10824660149,1,"IOTHUB_CLIENT_CONFIRMATION_OK"
441,10824660453,10824660481,1,"IOTHUB_CLIENT_CONFIRMATION_OK"
442,10824660786,10824660814,1,"IOTHUB_CLIENT_CONFIRMATION_OK"
443,10824661119,10824661161,1,"IOTHUB_CLIENT_CONFIRMATION_OK"
444,10824661453,10824661481,1,"IOTHUB_CLIENT_CONFIRMATION_OK"
445,10824661786,10824661814,1,"IOTHUB_CLIENT_CONFIRMATION_OK"
446,10824662119,10824662174,1,"IOTHUB_CLIENT_CONFIRMATION_OK"
447,10824662452,10824662480,1,"IOTHUB_CLIENT_CONFIRMATION_OK"
448,10824662785,10824662813,1,"IOTHUB_CLIENT_CONFIRMATION_OK"
449,10824663118,10824663167,1,"IOTHUB_CLIENT_CONFIRMATION_OK"
450,10824663452,10824663479,1,"IOTHUB_CLIENT_CONFIRMATION_OK"
451,10824663785,10824663813,1,"IOTHUB_CLIENT_CONFIRMATION_OK"
452,10824664118,10824664147,1,"IOTHUB_CLIENT_CONFIRMATION_OK"
453,10824664451,10824664482,1,"IOTHUB_CLIENT_CONFIRMATION_OK"
454,10824664784,10824664911,1,"IOTHUB_CLIENT_CONFIRMATION_OK"
455,10824665117,10824665147,1,"IOTHUB_CLIENT_CONFIRMATION_OK"
456,10824665450,10824665485,1,"IOTHUB_CLIENT_CONFIRMATION_OK"
457,10824665784,10824665813,1,"IOTHUB_CLIENT_CONFIRMATION_OK"
458,10824666117,10824666146,1,"IOTHUB_CLIENT_CONFIRMATION_OK"
459,10824666450,10824666479,1,"IOTHUB_CLIENT_CONFIRMATION_OK"
460,10824666783,10824666812,1,"IOTHUB_CLIENT_CONFIRMATION_OK"
461,10824667116,10824667150,1,"IOTHUB_CLIENT_CONFIRMATION_OK"
462,10824667450,10824667564,1,"IOTHUB_CLIENT_CONFIRMATION_OK"
463,10824667783,10824667812,1,"IOTHUB_CLIENT_CONFIRMATION_OK"
464,10824668116,10824668164,1,"IOTHUB_CLIENT_CONFIRMATION_OK"
465,10824668449,10824668613,1,"IOTHUB_CLIENT_CONFIRMATION_OK"
466,10824668782,10824668813,1,"IOTHUB_CLIENT_CONFIRMATION_OK"
467,10824669115,10824669143,1,"IOTHUB_CLIENT_CONFIRMATION_OK"
468,10824669449,10824669477,1,"IOTHUB_CLIENT_CONFIRMATION_OK"
469,10824669782,10824669814,1,"IOTHUB_CLIENT_CONFIRMATION_OK"
470,10824670115,10824670144,1,"IOTHUB_CLIENT_CONFIRMATION_OK"
471,10824670448,10824670476,1,"IOTHUB_CLIENT_CONFIRMATION_OK"
472,10824670781,10824670809,1,"IOTHUB_CLIENT_CONFIRMATION_OK"
473,10824671114,10824671238,1,"IOTHUB_CLIENT_CONFIRMATION_OK"
474,10824671448,10824671475,1,"IOTHUB_CLIENT_CONFIRMATION_OK"
475,10824671781,10824671810,1,"IOTHUB_CLIENT_CONFIRMATION_OK"
476,10824672114,10824672195,1,"IOTHUB_CLIENT_CONFIRMATION_OK"
477,10824672447,10824672482,1,"IOTHUB_CLIENT_CONFIRMATION_OK"
478,10824672780,10824672811,1,"IOTHUB_CLIENT_CONFIRMATION_OK"
479,10824673113,10824673167,1,"IOTHUB_CLIENT_CONFIRMATION_OK"
480,10824673447,10824673478,1,"IOTHUB_CLIENT_CONFIRMATION_OK"
481,10824673780,10824673961,1,"IOTHUB_CLIENT_CONFIRMATION_OK"
482,10824674113,10824674146,1,"IOTHUB_CLIENT_CONFIRMATION_OK"
483,10824674446,10824674515,1,"IOTHUB_CLIENT_CONFIRMATION_OK"
484,10824674779,10824674808,1,"IOTHUB_CLIENT_CONFIRMATION_OK"
485,10824675112,10824675141,1,"IOTHUB_CLIENT_CONFIRMATION_OK"
486,10824675445,10824675475,1,"IOTHUB_CLIENT_CONFIRMATION_OK"
487,10824675779,10824675807,1,"IOTHUB_CLIENT_CONFIRMATION_OK"
488,10824676112,10824676141,1,"IOTHUB_CLIENT_CONFIRMATION_OK"
489,10824676445,10824676474,1,"IOTHUB_CLIENT_CONFIRMATION_OK"
490,10824676778,10824676812,1,"IOTHUB_CLIENT_CONFIRMATION_OK"
491,10824677111,10824677141,1,"IOTHUB_CLIENT_CONFIRMATION_OK"
492,10824677444,10824677502,1,"IOTHUB_CLIENT_CONFIRMATION_OK"
493,10824677778,10824677806,1,"IOTHUB_CLIENT_CONFIRMATION_OK"
494,10824678111,10824678157,1,"IOTHUB_CLIENT_CONFIRMATION_OK"
495,10824678444,10824678515,1,"IOTHUB_CLIENT_CONFIRMATION_OK"
496,10824678777,10824678805,1,"IOTHUB_CLIENT_CONFIRMATION_OK"
497,10824679110,10824679139,1,"IOTHUB_CLIENT_CONFIRMATION_OK"
498,10824679443,10824679472,1,"IOTHUB_CLIENT_CONFIRMATION_OK"
499,10824679777,10824679805,1,"IOTHUB_CLIENT_CONFIRMATION_OK"
500,10824680110,10824680139,1,"IOTHUB_CLIENT_CONFIRMATION_OK"
501,10824680443,10824680472,1,"IOTHUB_CLIENT_CONFIRMATION_OK"
502,10824680776,10824680805,1,"IOTHUB_CLIENT_CONFIRMATION_OK"
503,10824681109,10824681257,1,"IOTHUB_CLIENT_CONFIRMATION_OK"
504,10824681442,10824681470,1,"IOTHUB_CLIENT_CONFIRMATION_OK"
505,10824681776,10824681804,1,"IOTHUB_CLIENT_CONFIRMATION_OK"
506,10824682109,10824682138,1,"IOTHUB_CLIENT_CONFIRMATION_OK"
507,10824682442,10824682470,1,"IOTHUB_CLIENT_CONFIRMATION_OK"
508,10824682775,10824682803,1,"IOTHUB_CLIENT_CONFIRMATION_OK"
509,10824683108,10824683138,1,"IOTHUB_CLIENT_CONFIRMATION_OK"
510,10824683441,10824683469,1,"IOTHUB_CLIENT_CONFIRMATION_OK"
511,10824683775,10824683866,1,"IOTHUB_CLIENT_CONFIRMATION_OK"
512,10824684108,10824684141,1,"IOTHUB_CLIENT_CONFIRMATION_OK"
513,10824684441,10824684470,1,"IOTHUB_CLIENT_CONFIRMATION_OK"
514,10824684774,10824684923,1,"IOTHUB_CLIENT_CONFIRMATION_OK"
515,10824685107,10824685139,1,"IOTHUB_CLIENT_CONFIRMATION_OK"
516,10824685440,10824685476,1,"IOTHUB_CLIENT_CONFIRMATION_OK"
517,10824685774,10824685803,1,"IOTHUB_CLIENT_CONFIRMATION_OK"
518,10824686107,10824686135,1,"IOTHUB_CLIENT_CONFIRMATION_OK"
519,10824686440,10824686518,1,"IOTHUB_CLIENT_CONFIRMATION_OK"
520,10824686773,10824686811,1,"IOTHUB_CLIENT_CONFIRMATION_OK"
521,10824687106,10824687135,1,"IOTHUB_CLIENT_CONFIRMATION_OK"
522,10824687439,10824687579,1,"IOTHUB_CLIENT_CONFIRMATION_OK"
523,10824687773,10824687802,1,"IOTHUB_CLIENT_CONFIRMATION_OK"
524,10824688106,10824688155,1,"IOTHUB_CLIENT_CONFIRMATION_OK"
525,10824688439,10824688479,1,"IOTHUB_CLIENT_CONFIRMATION_OK"
526,10824688772,10824688801,1,"IOTHUB_CLIENT_CONFIRMATION_OK"
527,10824689105,10824689142,1,"IOTHUB_CLIENT_CONFIRMATION_OK"
528,10824689438,10824689466,1,"IOTHUB_CLIENT_CONFIRMATION_OK"
529,10824689772,10824689800,1,"IOTHUB_CLIENT_CONFIRMATION_OK"
530,10824690105,10824690267,1,"IOTHUB_CLIENT_CONFIRMATION_OK"
531,10824690438,10824690467,1,"IOTHUB_CLIENT_CONFIRMATION_OK"
532,10824690771,10824690801,1,"IOTHUB_CLIENT_CONFIRMATION_OK"
533,10824691104,10824691134,1,"IOTHUB_CLIENT_CONFIRMATION_OK"
534,10824691437,10824691473,1,"IOTHUB_CLIENT_CONFIRMATION_OK"
535,10824691771,10824691798,1,"IOTHUB_CLIENT_CONFIRMATION_OK"
536,10824692104,10824692193,1,"IOTHUB_CLIENT_CONFIRMATION_OK"
537,10824692437,10824692467,1,"IOTHUB_CLIENT_CONFIRMATION_OK"
538,10824692770,10824692799,1,"IOTHUB_CLIENT_CONFIRMATION_OK"
539,10824693103,10824693131,1,"IOTHUB_CLIENT_CONFIRMATION_OK"
540,10824693436,10824693464,1,"IOTHUB_CLIENT_CONFIRMATION_OK"
541,10824693770,10824693876,1,"IOTHUB_CLIENT_CONFIRMATION_OK"
542,10824694103,10824694131,1,"IOTHUB_CLIENT_CONFIRMATION_OK"
543,10824694436,10824694466,1,"IOTHUB_CLIENT_CONFIRMATION_OK"
544,10824694769,10824694797,1,"IOTHUB_CLIENT_CONFIRMATION_OK"
545,10824695102,10824695132,1,"IOTHUB_CLIENT_CONFIRMATION_OK"
546,10824695435,10824695464,1,"IOTHUB_CLIENT_CONFIRMATION_OK"
547,10824695769,10824695798,1,"IOTHUB_CLIENT_CONFIRMATION_OK"
548,10824696102,10824696131,1,"IOTHUB_CLIENT_CONFIRMATION_OK"
549,10824696435,10824696463,1,"IOTHUB_CLIENT_CONFIRMATION_OK"
550,10824696768,10824696796,1,"IOTHUB_CLIENT_CONFIRMATION_OK"
551,10824697101,10824697134,1,"IOTHUB_CLIENT_CONFIRMATION_OK"
552,10824697434,10824697568,1,"IOTHUB_CLIENT_CONFIRMATION_OK"
553,10824697768,10824697797,1,"IOTHUB_CLIENT_CONFIRMATION_OK"
554,10824698101,10824698130,1,"IOTHUB_CLIENT_CONFIRMATION_OK"
555,10824698434,10824698488,1,"IOTHUB_CLIENT_CONFIRMATION_OK"
556,10824698767,10824698806,1,"IOTHUB_CLIENT_CONFIRMATION_OK"
557,10824699100,10824699129,1,"IOTHUB_CLIENT_CONFIRMATION_OK"
558,10824699433,10824699461,1,"IOTHUB_CLIENT_CONFIRMATION_OK"
559,10824699766,10824699802,1,"IOTHUB_CLIENT_CONFIRMATION_OK"
560,10824700100,10824700236,1,"IOTHUB_CLIENT_CONFIRMATION_OK"
561,10824700433,10824700461,1,"IOTHUB_CLIENT_CONFIRMATION_OK"
562,10824700766,10824700797,1,"IOTHUB_CLIENT_CONFIRMATION_OK"
563,10824701099,10824701130,1,"IOTHUB_CLIENT_CONFIRMATION_OK"
564,10824701432,10824701462,1,"IOTHUB_CLIENT_CONFIRMATION_OK"
565,10824701765,10824701794,1,"IOTHUB_CLIENT_CONFIRMATION_OK"
566,10824702099,10824702127,1,"IOTHUB_CLIENT_CONFIRMATION_OK"
567,10824702432,10824702462,1,"IOTHUB_CLIENT_CONFIRMATION_OK"
568,10824702765,10824702906,1,"IOTHUB_CLIENT_CONFIRMATION_OK"
569,10824703098,10824703135,1,"IOTHUB_CLIENT_CONFIRMATION_OK"
570,10824703431,10824703460,1,"IOTHUB_CLIENT_CONFIRMATION_OK"
571,10824703764,10824703794,1,"IOTHUB_CLIENT_CONFIRMATION_OK"
572,10824704098,10824704127,1,"IOTHUB_CLIENT_CONFIRMATION_OK"
573,10824704431,10824704459,1,"IOTHUB_CLIENT_CONFIRMATION_OK"
574,10824704764,10824704792,1,"IOTHUB_CLIENT_CONFIRMATION_OK"
575,10824705097,10824705125,1,"IOTHUB_CLIENT_CONFIRMATION_OK"
576,10824705430,10824705470,1,"IOTHUB_CLIENT_CONFIRMATION_OK"
577,10824705763,10824705793,1,"IOTHUB_CLIENT_CONFIRMATION_OK"
578,10824706097,10824706131,1,"IOTHUB_CLIENT_CONFIRMATION_OK"
579,10824706430,10824706583,1,"IOTHUB_CLIENT_CONFIRMATION_OK"
580,10824706763,10824706792,1,"IOTHUB_CLIENT_CONFIRMATION_OK"
581,10824707096,10824707125,1,"IOTHUB_CLIENT_CONFIRMATION_OK"
582,10824707429,10824707458,1,"IOTHUB_CLIENT_CONFIRMATION_OK"
583,10824707762,10824707797,1,"IOTHUB_CLIENT_CONFIRMATION_OK"
584,10824708096,10824708123,1,"IOTHUB_CLIENT_CONFIRMATION_OK"
585,10824708429,10824708457,1,"IOTHUB_CLIENT_CONFIRMATION_OK"
586,10824708762,10824708801,1,"IOTHUB_CLIENT_CONFIRMATION_OK"
587,10824709095,10824709237,1,"IOTHUB_CLIENT_CONFIRMATION_OK"
588,10824709428,10824709473,1,"IOTHUB_CLIENT_CONFIRMATION_OK"
589,10824709762,10824709790,1,"IOTHUB_CLIENT_CONFIRMATION_OK"
590,10824710095,10824710263,1,"IOTHUB_CLIENT_CONFIRMATION_OK"
591,10824710428,10824710458,1,"IOTHUB_CLIENT_CONFIRMATION_OK"
592,10824710761,10824710790,1,"IOTHUB_CLIENT_CONFIRMATION_OK"
593,10824711094,10824711123,1,"IOTHUB_CLIENT_CONFIRMATION_OK"
594,10824711427,10824711458,1,"IOTHUB_CLIENT_CONFIRMATION_OK"
595,10824711761,10824711789,1,"IOTHUB_CLIENT_CONFIRMATION_OK"
596,10824712094,10824712122,1,"IOTHUB_CLIENT_CONFIRMATION_OK"
597,10824712427,10824712456,1,"IOTHUB_CLIENT_CONFIRMATION_OK"
598,10824712760,10824712961,1,"IOTHUB_CLIENT_CONFIRMATION_OK"
599,10824713093,10824713123,1,"IOTHUB_CLIENT_CONFIRMATION_OK"
600,10824713426,10824713459,1,"IOTHUB_CLIENT_CONFIRMATION_OK"
601,10824713760,10824713905,1,"IOTHUB_CLIENT_CONFIRMATION_OK"
602,10824714093,10824714121,1,"IOTHUB_CLIENT_CONFIRMATION_OK"
603,10824714426,10824714457,1,"IOTHUB_CLIENT_CONFIRMATION_OK"
604,10824714759,10824714788,1,"IOTHUB_CLIENT_CONFIRMATION_OK"
605,10824715092,10824715122,1,"IOTHUB_CLIENT_CONFIRMATION_OK"
606,10824715425,10824715454,1,"IOTHUB_CLIENT_CONFIRMATION_OK"
607,10824715758,10824715787,1,"IOTHUB_CLIENT_CONFIRMATION_OK"
608,10824716092,10824716120,1,"IOTHUB_CLIENT_CONFIRMATION_OK"
609,10824716425,10824716561,1,"IOTHUB_CLIENT_CONFIRMATION_OK"
610,10824716758,10824716797,1,"IOTHUB_CLIENT_CONFIRMATION_OK"
611,10824717091,10824717121,1,"IOTHUB_CLIENT_CONFIRMATION_OK"
612,10824717424,10824717467,1,"IOTHUB_CLIENT_CONFIRMATION_OK"
613,10824717757,10824717786,1,"IOTHUB_CLIENT_CONFIRMATION_OK"
614,10824718091,10824718122,1,"IOTHUB_CLIENT_CONFIRMATION_OK"
615,10824718424,10824718457,1,"IOTHUB_CLIENT_CONFIRMATION_OK"
616,10824718757,10824718785,1,"IOTHUB_CLIENT_CONFIRMATION_OK"
617,10824719090,10824719245,1,"IOTHUB_CLIENT_CONFIRMATION_OK"
618,10824719423,10824719460,1,"IOTHUB_CLIENT_CONFIRMATION_OK"
619,10824719756,10824719785,1,"IOTHUB_CLIENT_CONFIRMATION_OK"
620,10824720089,10824720136,1,"IOTHUB_CLIENT_CONFIRMATION_OK"
621,10824720423,10824720451,1,"IOTHUB_CLIENT_CONFIRMATION_OK"
622,10824720756,10824720785,1,"IOTHUB_CLIENT_CONFIRMATION_OK"
623,10824721089,10824721117,1,"IOTHUB_CLIENT_CONFIRMATION_OK"
624,10824721422,10824721451,1,"IOTHUB_CLIENT_CONFIRMATION_OK"
625,10824721755,10824721783,1,"IOTHUB_CLIENT_CONFIRMATION_OK"
626,10824722088,10824722116,1,"IOTHUB_CLIENT_CONFIRMATION_OK"
627,10824722422,10824722493,1,"IOTHUB_CLIENT_CONFIRMATION_OK"
628,10824722755,10824722789,1,"IOTHUB_CLIENT_CONFIRMATION_OK"
629,10824723088,10824723117,1,"IOTHUB_CLIENT_CONFIRMATION_OK"
630,10824723421,10824723450,1,"IOTHUB_CLIENT_CONFIRMATION_OK"
631,10824723754,10824723782,1,"IOTHUB_CLIENT_CONFIRMATION_OK"
632,10824724087,10824724119,1,"IOTHUB_CLIENT_CONFIRMATION_OK"
633,10824724421,10824724449,1,"IOTHUB_CLIENT_CONFIRMATION_OK"
634,10824724754,10824724782,1,"IOTHUB_CLIENT_CONFIRMATION_OK"
635,10824725087,10824725127,1,"IOTHUB_CLIENT_CONFIRMATION_OK"
636,10824725420,10824725606,1,"IOTHUB_CLIENT_CONFIRMATION_OK"
637,10824725753,10824725782,1,"IOTHUB_CLIENT_CONFIRMATION_OK"
638,10824726086,10824726149,1,"IOTHUB_CLIENT_CONFIRMATION_OK"
639,10824726420,10824726458,1,"IOTHUB_CLIENT_CONFIRMATION_OK"
640,10824726753,10824726781,1,"IOTHUB_CLIENT_CONFIRMATION_OK"
641,10824727086,10824727114,1,"IOTHUB_CLIENT_CONFIRMATION_OK"
642,10824727419,10824727448,1,"IOTHUB_CLIENT_CONFIRMATION_OK"
643,10824727752,10824727781,1,"IOTHUB_CLIENT_CONFIRMATION_OK"
644,10824728085,10824728132,1,"IOTHUB_CLIENT_CONFIRMATION_OK"
645,10824728419,10824728446,1,"IOTHUB_CLIENT_CONFIRMATION_OK"
646,10824728752,10824728781,1,"IOTHUB_CLIENT_CONFIRMATION_OK"
647,10824729085,10824729114,1,"IOTHUB_CLIENT_CONFIRMATION_OK"
648,10824729418,10824729449,1,"IOTHUB_CLIENT_CONFIRMATION_OK"
649,10824729751,10824729780,1,"IOTHUB_CLIENT_CONFIRMATION_OK"
650,10824730084,10824730118,1,"IOTHUB_CLIENT_CONFIRMATION_OK"
651,10824730418,10824730446,1,"IOTHUB_CLIENT_CONFIRMATION_OK"
652,10824730751,10824730779,1,"IOTHUB_CLIENT_CONFIRMATION_OK"
653,10824731084,10824731121,1,"IOTHUB_CLIENT_CONFIRMATION_OK"
654,10824731417,10824731446,1,"IOTHUB_CLIENT_CONFIRMATION_OK"
655,10824731750,10824731940,1,"IOTHUB_CLIENT_CONFIRMATION_OK"
656,10824732083,10824732112,1,"IOTHUB_CLIENT_CONFIRMATION_OK"
657,10824732417,10824732445,1,"IOTHUB_CLIENT_CONFIRMATION_OK"
658,10824732750,10824732779,1,"IOTHUB_CLIENT_CONFIRMATION_OK"
659,10824733083,10824733111,1,"IOTHUB_CLIENT_CONFIRMATION_OK"
660,10824733416,10824733444,1,"IOTHUB_CLIENT_CONFIRMATION_OK"
661,10824733749,10824733779,1,"IOTHUB_CLIENT_CONFIRMATION_OK"
662,10824734082,10824734110,1,"IOTHUB_CLIENT_CONFIRMATION_OK"
663,10824734416,10824734444,1,"IOTHUB_CLIENT_CONFIRMATION_OK"
664,10824734749,10824734778,1,"IOTHUB_CLIENT_CONFIRMATION_OK"
665,10824735082,10824735110,1,"IOTHUB_CLIENT_CONFIRMATION_OK"
666,10824735415,10824735444,1,"IOTHUB_CLIENT_CONFIRMATION_OK"
667,10824735748,10824735775,1,"IOTHUB_CLIENT_CONFIRMATION_OK"
668,10824736081,10824736109,1,"IOTHUB_CLIENT_CONFIRMATION_OK"
669,10824736415,10824736449,1,"IOTHUB_CLIENT_CONFIRMATION_OK"
670,10824736748,10824736777,1,"IOTHUB_CLIENT_CONFIRMATION_OK"
671,10824737081,10824737110,1,"IOTHUB_CLIENT_CONFIRMATION_OK"
672,10824737414,10824737442,1,"IOTHUB_CLIENT_CONFIRMATION_OK"
673,10824737747,10824737776,1,"IOTHUB_CLIENT_CONFIRMATION_OK"
674,10824738080,10824738111,1,"IOTHUB_CLIENT_CONFIRMATION_OK"
675,10824738414,10824738442,1,"IOTHUB_CLIENT_CONFIRMATION_OK"
676,10824738747,10824738775,1,"IOTHUB_CLIENT_CONFIRMATION_OK"
677,10824739080,10824739152,1,"IOTHUB_CLIENT_CONFIRMATION_OK"
678,10824739413,10824739442,1,"IOTHUB_CLIENT_CONFIRMATION_OK"
679,10824739746,10824739774,1,"IOTHUB_CLIENT_CONFIRMATION_OK"
680,10824740079,10824740109,1,"IOTHUB_CLIENT_CONFIRMATION_OK"
681,10824740413,10824740442,1,"IOTHUB_CLIENT_CONFIRMATION_OK"
682,10824740746,10824740774,1,"IOTHUB_CLIENT_CONFIRMATION_OK"
683,10824741079,10824741107,1,"IOTHUB_CLIENT_CONFIRMATION_OK"
684,10824741412,10824741444,1,"IOTHUB_CLIENT_CONFIRMATION_OK"
685,10824741745,10824741800,1,"IOTHUB_CLIENT_CONFIRMATION_OK"
686,10824742078,10824742108,1,"IOTHUB_CLIENT_CONFIRMATION_OK"
687,10824742412,10824742466,1,"IOTHUB_CLIENT_CONFIRMATION_OK"
688,10824742745,10824742826,1,"IOTHUB_CLIENT_CONFIRMATION_OK"
689,10824743078,10824743107,1,"IOTHUB_CLIENT_CONFIRMATION_OK"
690,10824743411,10824743440,1,"IOTHUB_CLIENT_CONFIRMATION_OK"
691,10824743744,10824743773,1,"IOTHUB_CLIENT_CONFIRMATION_OK"
692,10824744077,10824744105,1,"IOTHUB_CLIENT_CONFIRMATION_OK"
693,10824744411,10824744439,1,"IOTHUB_CLIENT_CONFIRMATION_OK"
694,10824744744,10824744771,1,"IOTHUB_CLIENT_CONFIRMATION_OK"
695,10824745077,10824745106,1,"IOTHUB_CLIENT_CONFIRMATION_OK"
696,10824745410,10824745490,1,"IOTHUB_CLIENT_CONFIRMATION_OK"
697,10824745743,10824745773,1,"IOTHUB_CLIENT_CONFIRMATION_OK"
698,10824746076,10824746104,1,"IOTHUB_CLIENT_CONFIRMATION_OK"
699,10824746409,10824746438,1,"IOTHUB_CLIENT_CONFIRMATION_OK"
700,10824746743,10824746776,1,"IOTHUB_CLIENT_CONFIRMATION_OK"
701,10824747076,10824747104,1,"IOTHUB_CLIENT_CONFIRMATION_OK"
702,10824747409,10824747439,1,"IOTHUB_CLIENT_CONFIRMATION_OK"
703,10824747742,10824747770,1,"IOTHUB_CLIENT_CONFIRMATION_OK"
704,10824748075,10824748170,1,"IOTHUB_CLIENT_CONFIRMATION_OK"
705,10824748408,10824748437,1,"IOTHUB_CLIENT_CONFIRMATION_OK"
706,10824748742,10824748769,1,"IOTHUB_CLIENT_CONFIRMATION_OK"
707,10824749075,10824749185,1,"IOTHUB_CLIENT_CONFIRMATION_OK"
708,10824749408,10824749448,1,"IOTHUB_CLIENT_CONFIRMATION_OK"
709,10824749741,10824749769,1,"IOTHUB_CLIENT_CONFIRMATION_OK"
710,10824750074,10824750104,1,"IOTHUB_CLIENT_CONFIRMATION_OK"
711,10824750407,10824750437,1,"IOTHUB_CLIENT_CONFIRMATION_OK"
712,10824750741,10824750769,1,"IOTHUB_CLIENT_CONFIRMATION_OK"
713,10824751074,10824751103,1,"IOTHUB_CLIENT_CONFIRMATION_OK"
714,10824751407,10824751435,1,"IOTHUB_CLIENT_CONFIRMATION_OK"
715,10824751740,10824751920,1,"IOTHUB_CLIENT_CONFIRMATION_OK"
716,10824752073,10824752101,1,"IOTHUB_CLIENT_CONFIRMATION_OK"
717,10824752406,10824752443,1,"IOTHUB_CLIENT_CONFIRMATION_OK"
718,10824752740,10824752774,1,"IOTHUB_CLIENT_CONFIRMATION_OK"
719,10824753073,10824753102,1,"IOTHUB_CLIENT_CONFIRMATION_OK"
720,10824753406,10824753443,1,"IOTHUB_CLIENT_CONFIRMATION_OK"
721,10824753739,10824753767,1,"IOTHUB_CLIENT_CONFIRMATION_OK"
722,10824754072,10824754101,1,"IOTHUB_CLIENT_CONFIRMATION_OK"
723,10824754405,10824754558,1,"IOTHUB_CLIENT_CONFIRMATION_OK"
724,10824754739,10824754766,1,"IOTHUB_CLIENT_CONFIRMATION_OK"
725,10824755072,10824755122,1,"IOTHUB_CLIENT_CONFIRMATION_OK"
726,10824755405,10824755439,1,"IOTHUB_CLIENT_CONFIRMATION_OK"
727,10824755738,10824755768,1,"IOTHUB_CLIENT_CONFIRMATION_OK"
728,10824756071,10824756179,1,"IOTHUB_CLIENT_CONFIRMATION_OK"
729,10824756404,10824756433,1,"IOTHUB_CLIENT_CONFIRMATION_OK"
730,10824756737,10824756768,1,"IOTHUB_CLIENT_CONFIRMATION_OK"
731,10824757071,10824757099,1,"IOTHUB_CLIENT_CONFIRMATION_OK"
732,10824757404,10824757432,1,"IOTHUB_CLIENT_CONFIRMATION_OK"
733,10824757737,10824757771,1,"IOTHUB_CLIENT_CONFIRMATION_OK"
734,10824758070,10824758115,1,"IOTHUB_CLIENT_CONFIRMATION_OK"
735,10824758403,10824758431,1,"IOTHUB_CLIENT_CONFIRMATION_OK"
736,10824758736,10824758766,1,"IOTHUB_CLIENT_CONFIRMATION_OK"
737,10824759070,10824759096,1,"IOTHUB_CLIENT_CONFIRMATION_OK"
738,10824759403,10824759433,1,"IOTHUB_CLIENT_CONFIRMATION_OK"
739,10824759736,10824759765,1,"IOTHUB_CLIENT_CONFIRMATION_OK"
740,10824760069,10824760097,1,"IOTHUB_CLIENT_CONFIRMATION_OK"
741,10824760402,10824760430,1,"IOTHUB_CLIENT_CONFIRMATION_OK"
742,10824760735,10824760819,1,"IOTHUB_CLIENT_CONFIRMATION_OK"
743,10824761069,10824761098,1,"IOTHUB_CLIENT_CONFIRMATION_OK"
744,10824761402,10824761430,1,"IOTHUB_CLIENT_CONFIRMATION_OK"
745,10824761735,10824761836,1,"IOTHUB_CLIENT_CONFIRMATION_OK"
746,10824762068,10824762097,1,"IOTHUB_CLIENT_CONFIRMATION_OK"
747,10824762401,10824762437,1,"IOTHUB_CLIENT_CONFIRMATION_OK"
748,10824762734,10824762762,1,"IOTHUB_CLIENT_CONFIRMATION_OK"
749,10824763068,10824763097,1,"IOTHUB_CLIENT_CONFIRMATION_OK"
750,10824763401,10824763430,1,"IOTHUB_CLIENT_CONFIRMATION_OK"
751,10824763734,10824763762,1,"IOTHUB_CLIENT_CONFIRMATION_OK"
752,10824764067,10824764095,1,"IOTHUB_CLIENT_CONFIRMATION_OK"
753,10824764400,10824764497,1,"IOTHUB_CLIENT_CONFIRMATION_OK"
754,10824764733,10824764772,1,"IOTHUB_CLIENT_CONFIRMATION_OK"
755,10824765067,10824765097,1,"IOTHUB_CLIENT_CONFIRMATION_OK"
756,10824765400,10824765431,1,"IOTHUB_CLIENT_CONFIRMATION_OK"
757,10824765733,10824765787,1,"IOTHUB_CLIENT_CONFIRMATION_OK"
758,10824766066,10824766095,1,"IOTHUB_CLIENT_CONFIRMATION_OK"
759,10824766399,10824766427,1,"IOTHUB_CLIENT_CONFIRMATION_OK"
760,10824766732,10824766760,1,"IOTHUB_CLIENT_CONFIRMATION_OK"
761,10824767066,10824767136,1,"IOTHUB_CLIENT_CONFIRMATION_OK"
762,10824767399,10824767429,1,"IOTHUB_CLIENT_CONFIRMATION_OK"
763,10824767732,10824767771,1,"IOTHUB_CLIENT_CONFIRMATION_OK"
764,10824768065,10824768179,1,"IOTHUB_CLIENT_CONFIRMATION_OK"
765,10824768398,10824768426,1,"IOTHUB_CLIENT_CONFIRMATION_OK"
766,10824768731,10824768767,1,"IOTHUB_CLIENT_CONFIRMATION_OK"
767,10824769065,10824769094,1,"IOTHUB_CLIENT_CONFIRMATION_OK"
768,10824769398,10824769426,1,"IOTHUB_CLIENT_CONFIRMATION_OK"
769,10824769731,10824769761,1,"IOTHUB_CLIENT_CONFIRMATION_OK"
770,10824770064,10824770092,1,"IOTHUB_CLIENT_CONFIRMATION_OK"
771,10824770397,10824770425,1,"IOTHUB_CLIENT_CONFIRMATION_OK"
772,10824770730,10824770853,1,"IOTHUB_CLIENT_CONFIRMATION_OK"
773,10824771064,10824771092,1,"IOTHUB_CLIENT_CONFIRMATION_OK"
774,10824771397,10824771426,1,"IOTHUB_CLIENT_CONFIRMATION_OK"
775,10824771730,10824771758,1,"IOTHUB_CLIENT_CONFIRMATION_OK"
776,10824772063,10824772098,1,"IOTHUB_CLIENT_CONFIRMATION_OK"
777,10824772396,10824772424,1,"IOTHUB_CLIENT_CONFIRMATION_OK"
778,10824772729,10824772757,1,"IOTHUB_CLIENT_CONFIRMATION_OK"
779,10824773062,10824773091,1,"IOTHUB_CLIENT_CONFIRMATION_OK"
780,10824773396,10824773481,1,"IOTHUB_CLIENT_CONFIRMATION_OK"
781,10824773729,10824773758,1,"IOTHUB_CLIENT_CONFIRMATION_OK"
782,10824774062,10824774092,1,"IOTHUB_CLIENT_CONFIRMATION_OK"
783,10824774395,10824774423,1,"IOTHUB_CLIENT_CONFIRMATION_OK"
784,10824774728,10824774759,1,"IOTHUB_CLIENT_CONFIRMATION_OK"
785,10824775062,10824775090,1,"IOTHUB_CLIENT_CONFIRMATION_OK"
786,10824775395,10824775424,1,"IOTHUB_CLIENT_CONFIRMATION_OK"
787,10824775728,10824775757,1,"IOTHUB_CLIENT_CONFIRMATION_OK"
788,10824776061,10824776241,1,"IOTHUB_CLIENT_CONFIRMATION_OK"
789,10824776394,10824776425,1,"IOTHUB_CLIENT_CONFIRMATION_OK"
790,10824776727,10824776756,1,"IOTHUB_CLIENT_CONFIRMATION_OK"
791,10824777060,10824777093,1,"IOTHUB_CLIENT_CONFIRMATION_OK"
792,10824777394,10824777422,1,"IOTHUB_CLIENT_CONFIRMATION_OK"
793,10824777727,10824777755,1,"IOTHUB_CLIENT_CONFIRMATION_OK"
794,10824778060,10824778108,1,"IOTHUB_CLIENT_CONFIRMATION_OK"
795,10824778393,10824778421,1,"IOTHUB_CLIENT_CONFIRMATION_OK"
796,10824778726,10824778755,1,"IOTHUB_CLIENT_CONFIRMATION_OK"
797,10824779059,10824779088,1,"IOTHUB_CLIENT_CONFIRMATION_OK"
798,10824779393,10824779422,1,"IOTHUB_CLIENT_CONFIRMATION_OK"
799,10824779726,10824779909,1,"IOTHUB_CLIENT_CONFIRMATION_OK"
800,10824780059,10824780087,1,"IOTHUB_CLIENT_CONFIRMATION_OK"
801,10824780392,10824780421,1,"IOTHUB_CLIENT_CONFIRMATION_OK"
802,10824780725,10824780757,1,"IOTHUB_CLIENT_CONFIRMATION_OK"
803,10824781058,10824781087,1,"IOTHUB_CLIENT_CONFIRMATION_OK"
804,10824781392,10824781421,1,"IOTHUB_CLIENT_CONFIRMATION_OK"
805,10824781725,10824781754,1,"IOTHUB_CLIENT_CONFIRMATION_OK"
806,10824782058,10824782086,1,"IOTHUB_CLIENT_CONFIRMATION_OK"
807,10824782391,10824782423,1,"IOTHUB_CLIENT_CONFIRMATION_OK"
808,10824782724,10824782753,1,"IOTHUB_CLIENT_CONFIRMATION_OK"
809,10824783057,10824783088,1,"IOTHUB_CLIENT_CONFIRMATION_OK"
810,10824783391,10824783555,1,"IOTHUB_CLIENT_CONFIRMATION_OK"
811,10824783724,10824783752,1,"IOTHUB_CLIENT_CONFIRMATION_OK"
812,10824784057,10824784086,1,"IOTHUB_CLIENT_CONFIRMATION_OK"
813,10824784390,10824784421,1,"IOTHUB_CLIENT_CONFIRMATION_OK"
814,10824784723,10824784751,1,"IOTHUB_CLIENT_CONFIRMATION_OK"
815,10824785056,10824785085,1,"IOTHUB_CLIENT_CONFIRMATION_OK"
816,10824785390,10824785418,1,"IOTHUB_CLIENT_CONFIRMATION_OK"
817,10824785723,10824785755,1,"IOTHUB_CLIENT_CONFIRMATION_OK"
818,10824786056,10824786249,1,"IOTHUB_CLIENT_CONFIRMATION_OK"
819,10824786389,10824786418,1,"IOTHUB_CLIENT_CONFIRMATION_OK"
820,10824786722,10824786750,1,"IOTHUB_CLIENT_CONFIRMATION_OK"
821,10824787055,10824787084,1,"IOTHUB_CLIENT_CONFIRMATION_OK"
822,10824787389,10824787418,1,"IOTHUB_CLIENT_CONFIRMATION_OK"
823,10824787722,10824787774,1,"IOTHUB_CLIENT_CONFIRMATION_OK"
824,10824788055,10824788090,1,"IOTHUB_CLIENT_CONFIRMATION_OK"
825,10824788388,10824788416,1,"IOTHUB_CLIENT_CONFIRMATION_OK"
826,10824788721,10824788751,1,"IOTHUB_CLIENT_CONFIRMATION_OK"
827,10824789054,10824789083,1,"IOTHUB_CLIENT_CONFIRMATION_OK"
828,10824789388,10824789416,1,"IOTHUB_CLIENT_CONFIRMATION_OK"
829,10824789721,10824789769,1,"IOTHUB_CLIENT_CONFIRMATION_OK"
830,10824790054,10824790083,1,"IOTHUB_CLIENT_CONFIRMATION_OK"
831,10824790387,10824790417,1,"IOTHUB_CLIENT_CONFIRMATION_OK"
832,10824790720,10824790794,1,"IOTHUB_CLIENT_CONFIRMATION_OK"
833,10824791053,10824791081,1,"IOTHUB_CLIENT_CONFIRMATION_OK"
834,10824791387,10824791422,1,"IOTHUB_CLIENT_CONFIRMATION_OK"
835,10824791720,10824791752,1,"IOTHUB_CLIENT_CONFIRMATION_OK"
836,10824792053,10824792081,1,"IOTHUB_CLIENT_CONFIRMATION_OK"
837,10824792386,10824792415,1,"IOTHUB_CLIENT_CONFIRMATION_OK"
838,10824792719,10824792747,1,"IOTHUB_CLIENT_CONFIRMATION_OK"
839,10824793052,10824793081,1,"IOTHUB_CLIENT_CONFIRMATION_OK"
840,10824793385,10824793465,1,"IOTHUB_CLIENT_CONFIRMATION_OK"
841,10824793719,10824793748,1,"IOTHUB_CLIENT_CONFIRMATION_OK"
842,10824794052,10824794081,1,"IOTHUB_CLIENT_CONFIRMATION_OK"
843,10824794385,10824794414,1,"IOTHUB_CLIENT_CONFIRMATION_OK"
844,10824794718,10824794747,1,"IOTHUB_CLIENT_CONFIRMATION_OK"
845,10824795051,10824795079,1,"IOTHUB_CLIENT_CONFIRMATION_OK"
846,10824795384,10824795421,1,"IOTHUB_CLIENT_CONFIRMATION_OK"
847,10824795718,10824795745,1,"IOTHUB_CLIENT_CONFIRMATION_OK"
848,10824796051,10824796169,1,"IOTHUB_CLIENT_CONFIRMATION_OK"
849,10824796384,10824796415,1,"IOTHUB_CLIENT_CONFIRMATION_OK"
850,10824796717,10824796746,1,"IOTHUB_CLIENT_CONFIRMATION_OK"
851,10824797050,10824797084,1,"IOTHUB_CLIENT_CONFIRMATION_OK"
852,10824797383,10824797429,1,"IOTHUB_CLIENT_CONFIRMATION_OK"
853,10824797717,10824797745,1,"IOTHUB_CLIENT_CONFIRMATION_OK"
854,10824798050,10824798080,1,"IOTHUB_CLIENT_CONFIRMATION_OK"
855,10824798383,10824798412,1,"IOTHUB_CLIENT_CONFIRMATION_OK"
856,10824798716,10824798745,1,"IOTHUB_CLIENT_CONFIRMATION_OK"
857,10824799049,10824799077,1,"IOTHUB_CLIENT_CONFIRMATION_OK"
858,10824799382,10824799411,1,"IOTHUB_CLIENT_CONFIRMATION_OK"
859,10824799716,10824799857,1,"IOTHUB_CLIENT_CONFIRMATION_OK"
860,10824800049,10824800078,1,"IOTHUB_CLIENT_CONFIRMATION_OK"
861,10824800382,10824800409,1,"IOTHUB_CLIENT_CONFIRMATION_OK"
862,10824800715,10824800753,1,"IOTHUB_CLIENT_CONFIRMATION_OK"
863,10824801048,10824801077,1,"IOTHUB_CLIENT_CONFIRMATION_OK"
864,10824801381,10824801462,1,"IOTHUB_CLIENT_CONFIRMATION_OK"
865,10824801714,10824801743,1,"IOTHUB_CLIENT_CONFIRMATION_OK"
866,10824802048,10824802075,1,"IOTHUB_CLIENT_CONFIRMATION_OK"
867,10824802381,10824802571,1,"IOTHUB_CLIENT_CONFIRMATION_OK"
868,10824802714,10824802742,1,"IOTHUB_CLIENT_CONFIRMATION_OK"
869,10824803047,10824803076,1,"IOTHUB_CLIENT_CONFIRMATION_OK"
870,10824803380,10824803409,1,"IOTHUB_CLIENT_CONFIRMATION_OK"
871,10824803713,10824803743,1,"IOTHUB_CLIENT_CONFIRMATION_OK"
872,10824804047,10824804077,1,"IOTHUB_CLIENT_CONFIRMATION_OK"
873,10824804380,10824804411,1,"IOTHUB_CLIENT_CONFIRMATION_OK"
874,10824804713,10824804741,1,"IOTHUB_CLIENT_CONFIRMATION_OK"
875,10824805046,10824805096,1,"IOTHUB_CLIENT_CONFIRMATION_OK"
876,10824805379,10824805408,1,"IOTHUB_CLIENT_CONFIRMATION_OK"
877,10824805712,10824805740,1,"IOTHUB_CLIENT_CONFIRMATION_OK"
878,10824806046,10824806076,1,"IOTHUB_CLIENT_CONFIRMATION_OK"
879,10824806379,10824806428,1,"IOTHUB_CLIENT_CONFIRMATION_OK"
880,10824806712,10824806779,1,"IOTHUB_CLIENT_CONFIRMATION_OK"
881,10824807045,10824807075,1,"IOTHUB_CLIENT_CONFIRMATION_OK"
882,10824807378,10824807407,1,"IOTHUB_CLIENT_CONFIRMATION_OK"
883,10824807711,10824807740,1,"IOTHUB_CLIENT_CONFIRMATION_OK"
884,10824808045,10824808076,1,"IOTHUB_CLIENT_CONFIRMATION_OK"
885,10824808378,10824808406,1,"IOTHUB_CLIENT_CONFIRMATION_OK"
886,10824808711,10824808780,1,"IOTHUB_CLIENT_CONFIRMATION_OK"
887,10824809044,10824809078,1,"IOTHUB_CLIENT_CONFIRMATION_OK"
888,10824809377,10824809407,1,"IOTHUB_CLIENT_CONFIRMATION_OK"
889,10824809710,10824809799,1,"IOTHUB_CLIENT_CONFIRMATION_OK"
890,10824810044,10824810080,1,"IOTHUB_CLIENT_CONFIRMATION_OK"
891,10824810377,10824810405,1,"IOTHUB_CLIENT_CONFIRMATION_OK"
892,10824810710,10824810748,1,"IOTHUB_CLIENT_CONFIRMATION_OK"
893,10824811043,10824811072,1,"IOTHUB_CLIENT_CONFIRMATION_OK"
894,10824811376,10824811405,1,"IOTHUB_CLIENT_CONFIRMATION_OK"
895,10824811709,10824811742,1,"IOTHUB_CLIENT_CONFIRMATION_OK"
896,10824812043,10824812074,1,"IOTHUB_CLIENT_CONFIRMATION_OK"
897,10824812376,10824812465,1,"IOTHUB_CLIENT_CONFIRMATION_OK"
898,10824812709,10824812739,1,"IOTHUB_CLIENT_CONFIRMATION_OK"
899,10824813042,10824813073,1,"IOTHUB_CLIENT_CONFIRMATION_OK"
