Message ID,Send Time,Receive Time,Status,Error
0,10815104318,10815104464,1,"IOTHUB_CLIENT_CONFIRMATION_OK"
1,10815104651,10815104683,1,"IOTHUB_CLIENT_CONFIRMATION_OK"
2,10815104985,10815105014,1,"IOTHUB_CLIENT_CONFIRMATION_OK"
3,10815105318,10815105376,1,"IOTHUB_CLIENT_CONFIRMATION_OK"
4,10815105651,10815105686,1,"IOTHUB_CLIENT_CONFIRMATION_OK"
5,10815105984,10815106016,1,"IOTHUB_CLIENT_CONFIRMATION_OK"
6,10815106317,10815106351,1,"IOTHUB_CLIENT_CONFIRMATION_OK"
7,10815106650,10815106681,1,"IOTHUB_CLIENT_CONFIRMATION_OK"
8,10815106984,10815107019,1,"IOTHUB_CLIENT_CONFIRMATION_OK"
9,10815107317,10815107347,1,"IOTHUB_CLIENT_CONFIRMATION_OK"
10,10815107650,10815107689,1,"IOTHUB_CLIENT_CONFIRMATION_OK"
11,10815107983,10815108016,1,"IOTHUB_CLIENT_CONFIRMATION_OK"
12,10815108316,10815108349,1,"IOTHUB_CLIENT_CONFIRMATION_OK"
13,10815108649,10815108683,1,"IOTHUB_CLIENT_CONFIRMATION_OK"
14,10815108983,10815109013,1,"IOTHUB_CLIENT_CONFIRMATION_OK"
15,10815109316,10815109417,1,"IOTHUB_CLIENT_CONFIRMATION_OK"
16,10815109649,10815109681,1,"IOTHUB_CLIENT_CONFIRMATION_OK"
17,10815109982,10815110030,1,"IOTHUB_CLIENT_CONFIRMATION_OK"
18,10815110315,10815110351,1,"IOTHUB_CLIENT_CONFIRMATION_OK"
19,10815110648,10815110695,1,"IOTHUB_CLIENT_CONFIRMATION_OK"
20,10815110982,10815111020,1,"IOTHUB_CLIENT_CONFIRMATION_OK"
21,10815111315,10815111346,1,"IOTHUB_CLIENT_CONFIRMATION_OK"
22,10815111648,10815111684,1,"IOTHUB_CLIENT_CONFIRMATION_OK"
23,10815111981,10815112021,1,"IOTHUB_CLIENT_CONFIRMATION_OK"
24,10815112314,10815112352,1,"IOTHUB_CLIENT_CONFIRMATION_OK"
25,10815112647,10815112680,1,"IOTHUB_CLIENT_CONFIRMATION_OK"
26,10815112981,10815113011,1,"IOTHUB_CLIENT_CONFIRMATION_OK"
27,10815113314,10815113351,1,"IOTHUB_CLIENT_CONFIRMATION_OK"
28,10815113647,10815113706,1,"IOTHUB_CLIENT_CONFIRMATION_OK"
29,10815113980,10815114016,1,"IOTHUB_CLIENT_CONFIRMATION_OK"
30,10815114313,10815114354,1,"IOTHUB_CLIENT_CONFIRMATION_OK"
31,10815114646,10815114686,1,"IOTHUB_CLIENT_CONFIRMATION_OK"
32,10815114979,10815115013,1,"IOTHUB_CLIENT_CONFIRMATION_OK"
33,10815115313,10815115343,1,"IOTHUB_CLIENT_CONFIRMATION_OK"
34,10815115646,10815115689,1,"IOTHUB_CLIENT_CONFIRMATION_OK"
35,10815115979,10815116009,1,"IOTHUB_CLIENT_CONFIRMATION_OK"
36,10815116312,10815116355,1,"IOTHUB_CLIENT_CONFIRMATION_OK"
37,10815116645,10815116685,1,"IOTHUB_CLIENT_CONFIRMATION_OK"
38,10815116978,10815117029,1,"IOTHUB_CLIENT_CONFIRMATION_OK"
39,10815117312,10815117340,1,"IOTHUB_CLIENT_CONFIRMATION_OK"
40,10815117645,10815117680,1,"IOTHUB_CLIENT_CONFIRMATION_OK"
41,10815117978,10815118103,1,"IOTHUB_CLIENT_CONFIRMATION_OK"
42,10815118311,10815118345,1,"IOTHUB_CLIENT_CONFIRMATION_OK"
43,10815118644,10815118676,1,"IOTHUB_CLIENT_CONFIRMATION_OK"
44,10815118977,10815119137,1,"IOTHUB_CLIENT_CONFIRMATION_OK"
45,10815119311,10815119350,1,"IOTHUB_CLIENT_CONFIRMATION_OK"
46,10815119644,10815119675,1,"IOTHUB_CLIENT_CONFIRMATION_OK"
47,10815119977,10815120007,1,"IOTHUB_CLIENT_CONFIRMATION_OK"
48,10815120310,10815120360,1,"IOTHUB_CLIENT_CONFIRMATION_OK"
49,10815120643,10815120687,1,"IOTHUB_CLIENT_CONFIRMATION_OK"
50,10815120976,10815121010,1,"IOTHUB_CLIENT_CONFIRMATION_OK"
51,10815121310,10815121345,1,"IOTHUB_CLIENT_CONFIRMATION_OK"
52,10815121643,10815121674,1,"IOTHUB_CLIENT_CONFIRMATION_OK"
53,10815121976,10815122013,1,"IOTHUB_CLIENT_CONFIRMATION_OK"
54,10815122309,10815122339,1,"IOTHUB_CLIENT_CONFIRMATION_OK"
55,10815122642,10815122676,1,"IOTHUB_CLIENT_CONFIRMATION_OK"
56,10815122975,10815123031,1,"IOTHUB_CLIENT_CONFIRMATION_OK"
57,10815123309,10815123343,1,"IOTHUB_CLIENT_CONFIRMATION_OK"
58,10815123642,10815123731,1,"IOTHUB_CLIENT_CONFIRMATION_OK"
59,10815123975,10815124009,1,"IOTHUB_CLIENT_CONFIRMATION_OK"
60,10815124308,10815124363,1,"IOTHUB_CLIENT_CONFIRMATION_OK"
61,10815124641,10815124672,1,"IOTHUB_CLIENT_CONFIRMATION_OK"
62,10815124974,10815125008,1,"IOTHUB_CLIENT_CONFIRMATION_OK"
63,10815125307,10815125338,1,"IOTHUB_CLIENT_CONFIRMATION_OK"
64,10815125641,10815125671,1,"IOTHUB_CLIENT_CONFIRMATION_OK"
65,10815125974,10815126002,1,"IOTHUB_CLIENT_CONFIRMATION_OK"
66,10815126307,10815126339,1,"IOTHUB_CLIENT_CONFIRMATION_OK"
67,10815126640,10815126673,1,"IOTHUB_CLIENT_CONFIRMATION_OK"
68,10815126973,10815127007,1,"IOTHUB_CLIENT_CONFIRMATION_OK"
69,10815127306,10815127337,1,"IOTHUB_CLIENT_CONFIRMATION_OK"
70,10815127640,10815127672,1,"IOTHUB_CLIENT_CONFIRMATION_OK"
71,10815127973,10815128004,1,"IOTHUB_CLIENT_CONFIRMATION_OK"
72,10815128306,10815128337,1,"IOTHUB_CLIENT_CONFIRMATION_OK"
73,10815128639,10815128670,1,"IOTHUB_CLIENT_CONFIRMATION_OK"
74,10815128972,10815129011,1,"IOTHUB_CLIENT_CONFIRMATION_OK"
75,10815129305,10815129336,1,"IOTHUB_CLIENT_CONFIRMATION_OK"
76,10815129639,10815129673,1,"IOTHUB_CLIENT_CONFIRMATION_OK"
77,10815129972,10815130002,1,"IOTHUB_CLIENT_CONFIRMATION_OK"
78,10815130305,10815130337,1,"IOTHUB_CLIENT_CONFIRMATION_OK"
79,10815130638,10815130673,1,"IOTHUB_CLIENT_CONFIRMATION_OK"
80,10815130971,10815131002,1,"IOTHUB_CLIENT_CONFIRMATION_OK"
81,10815131304,10815131337,1,"IOTHUB_CLIENT_CONFIRMATION_OK"
82,10815131638,10815131672,1,"IOTHUB_CLIENT_CONFIRMATION_OK"
83,10815131971,10815132004,1,"IOTHUB_CLIENT_CONFIRMATION_OK"
84,10815132304,10815132341,1,"IOTHUB_CLIENT_CONFIRMATION_OK"
85,10815132637,10815132678,1,"IOTHUB_CLIENT_CONFIRMATION_OK"
86,10815132970,10815133003,1,"IOTHUB_CLIENT_CONFIRMATION_OK"
87,10815133303,10815133339,1,"IOTHUB_CLIENT_CONFIRMATION_OK"
88,10815133637,10815133671,1,"IOTHUB_CLIENT_CONFIRMATION_OK"
89,10815133970,10815134001,1,"IOTHUB_CLIENT_CONFIRMATION_OK"
90,10815134303,10815134334,1,"IOTHUB_CLIENT_CONFIRMATION_OK"
91,10815134636,10815134726,1,"IOTHUB_CLIENT_CONFIRMATION_OK"
92,10815134969,10815135001,1,"IOTHUB_CLIENT_CONFIRMATION_OK"
93,10815135302,10815135336,1,"IOTHUB_CLIENT_CONFIRMATION_OK"
94,10815135635,10815135754,1,"IOTHUB_CLIENT_CONFIRMATION_OK"
95,10815135969,10815136003,1,"IOTHUB_CLIENT_CONFIRMATION_OK"
96,10815136302,10815136333,1,"IOTHUB_CLIENT_CONFIRMATION_OK"
97,10815136635,10815136799,1,"IOTHUB_CLIENT_CONFIRMATION_OK"
98,10815136968,10815137027,1,"IOTHUB_CLIENT_CONFIRMATION_OK"
99,10815137301,10815137342,1,"IOTHUB_CLIENT_CONFIRMATION_OK"
100,10815137634,10815137668,1,"IOTHUB_CLIENT_CONFIRMATION_OK"
101,10815137968,10815138002,1,"IOTHUB_CLIENT_CONFIRMATION_OK"
102,10815138301,10815138331,1,"IOTHUB_CLIENT_CONFIRMATION_OK"
103,10815138634,10815138663,1,"IOTHUB_CLIENT_CONFIRMATION_OK"
104,10815138967,10815138999,1,"IOTHUB_CLIENT_CONFIRMATION_OK"
105,10815139300,10815139342,1,"IOTHUB_CLIENT_CONFIRMATION_OK"
106,10815139633,10815139665,1,"IOTHUB_CLIENT_CONFIRMATION_OK"
107,10815139967,10815140004,1,"IOTHUB_CLIENT_CONFIRMATION_OK"
108,10815140300,10815140331,1,"IOTHUB_CLIENT_CONFIRMATION_OK"
109,10815140633,10815140665,1,"IOTHUB_CLIENT_CONFIRMATION_OK"
110,10815140966,10815140997,1,"IOTHUB_CLIENT_CONFIRMATION_OK"
111,10815141299,10815141332,1,"IOTHUB_CLIENT_CONFIRMATION_OK"
112,10815141632,10815141672,1,"IOTHUB_CLIENT_CONFIRMATION_OK"
113,10815141966,10815142001,1,"IOTHUB_CLIENT_CONFIRMATION_OK"
114,10815142299,10815142354,1,"IOTHUB_CLIENT_CONFIRMATION_OK"
115,10815142632,10815142686,1,"IOTHUB_CLIENT_CONFIRMATION_OK"
116,10815142965,10815142996,1,"IOTHUB_CLIENT_CONFIRMATION_OK"
117,10815143298,10815143328,1,"IOTHUB_CLIENT_CONFIRMATION_OK"
118,10815143631,10815143666,1,"IOTHUB_CLIENT_CONFIRMATION_OK"
119,10815143965,10815143996,1,"IOTHUB_CLIENT_CONFIRMATION_OK"
120,10815144298,10815144344,1,"IOTHUB_CLIENT_CONFIRMATION_OK"
121,10815144631,10815144688,1,"IOTHUB_CLIENT_CONFIRMATION_OK"
122,10815144964,10815144997,1,"IOTHUB_CLIENT_CONFIRMATION_OK"
123,10815145297,10815145332,1,"IOTHUB_CLIENT_CONFIRMATION_OK"
124,10815145630,10815145673,1,"IOTHUB_CLIENT_CONFIRMATION_OK"
125,10815145964,10815146049,1,"IOTHUB_CLIENT_CONFIRMATION_OK"
126,10815146297,10815146335,1,"IOTHUB_CLIENT_CONFIRMATION_OK"
127,10815146630,10815146673,1,"IOTHUB_CLIENT_CONFIRMATION_OK"
128,10815146963,10815146992,1,"IOTHUB_CLIENT_CONFIRMATION_OK"
129,10815147296,10815147331,1,"IOTHUB_CLIENT_CONFIRMATION_OK"
130,10815147629,10815147671,1,"IOTHUB_CLIENT_CONFIRMATION_OK"
131,10815147963,10815147995,1,"IOTHUB_CLIENT_CONFIRMATION_OK"
132,10815148296,10815148327,1,"IOTHUB_CLIENT_CONFIRMATION_OK"
133,10815148629,10815148659,1,"IOTHUB_CLIENT_CONFIRMATION_OK"
134,10815148962,10815148994,1,"IOTHUB_CLIENT_CONFIRMATION_OK"
135,10815149295,10815149328,1,"IOTHUB_CLIENT_CONFIRMATION_OK"
136,10815149628,10815149658,1,"IOTHUB_CLIENT_CONFIRMATION_OK"
137,10815149961,10815149990,1,"IOTHUB_CLIENT_CONFIRMATION_OK"
138,10815150295,10815150324,1,"IOTHUB_CLIENT_CONFIRMATION_OK"
139,10815150628,10815150660,1,"IOTHUB_CLIENT_CONFIRMATION_OK"
140,10815150961,10815150993,1,"IOTHUB_CLIENT_CONFIRMATION_OK"
141,10815151294,10815151448,1,"IOTHUB_CLIENT_CONFIRMATION_OK"
142,10815151627,10815151665,1,"IOTHUB_CLIENT_CONFIRMATION_OK"
143,10815151960,10815151991,1,"IOTHUB_CLIENT_CONFIRMATION_OK"
144,10815152294,10815152339,1,"IOTHUB_CLIENT_CONFIRMATION_OK"
145,10815152627,10815152657,1,"IOTHUB_CLIENT_CONFIRMATION_OK"
146,10815152960,10815152991,1,"IOTHUB_CLIENT_CONFIRMATION_OK"
147,10815153293,10815153321,1,"IOTHUB_CLIENT_CONFIRMATION_OK"
148,10815153626,10815153657,1,"IOTHUB_CLIENT_CONFIRMATION_OK"
149,10815153959,10815153988,1,"IOTHUB_CLIENT_CONFIRMATION_OK"
150,10815154293,10815154326,1,"IOTHUB_CLIENT_CONFIRMATION_OK"
151,10815154626,10815154657,1,"IOTHUB_CLIENT_CONFIRMATION_OK"
152,10815154959,10815154988,1,"IOTHUB_CLIENT_CONFIRMATION_OK"
153,10815155292,10815155335,1,"IOTHUB_CLIENT_CONFIRMATION_OK"
154,10815155625,10815155661,1,"IOTHUB_CLIENT_CONFIRMATION_OK"
155,10815155958,10815155991,1,"IOTHUB_CLIENT_CONFIRMATION_OK"
156,10815156291,10815156337,1,"IOTHUB_CLIENT_CONFIRMATION_OK"
157,10815156625,10815156674,1,"IOTHUB_CLIENT_CONFIRMATION_OK"
158,10815156958,10815156991,1,"IOTHUB_CLIENT_CONFIRMATION_OK"
159,10815157291,10815157361,1,"IOTHUB_CLIENT_CONFIRMATION_OK"
160,10815157624,10815157661,1,"IOTHUB_CLIENT_CONFIRMATION_OK"
161,10815157957,10815157993,1,"IOTHUB_CLIENT_CONFIRMATION_OK"
162,10815158290,10815158330,1,"IOTHUB_CLIENT_CONFIRMATION_OK"
163,10815158624,10815158657,1,"IOTHUB_CLIENT_CONFIRMATION_OK"
164,10815158957,10815158990,1,"IOTHUB_CLIENT_CONFIRMATION_OK"
165,10815159290,10815159320,1,"IOTHUB_CLIENT_CONFIRMATION_OK"
166,10815159623,10815159655,1,"IOTHUB_CLIENT_CONFIRMATION_OK"
167,10815159956,10815159996,1,"IOTHUB_CLIENT_CONFIRMATION_OK"
168,10815160289,10815160320,1,"IOTHUB_CLIENT_CONFIRMATION_OK"
169,10815160623,10815160663,1,"IOTHUB_CLIENT_CONFIRMATION_OK"
170,10815160956,10815160989,1,"IOTHUB_CLIENT_CONFIRMATION_OK"
171,10815161289,10815161320,1,"IOTHUB_CLIENT_CONFIRMATION_OK"
172,10815161622,10815161653,1,"IOTHUB_CLIENT_CONFIRMATION_OK"
173,10815161955,10815161986,1,"IOTHUB_CLIENT_CONFIRMATION_OK"
174,10815162288,10815162318,1,"IOTHUB_CLIENT_CONFIRMATION_OK"
175,10815162622,10815162657,1,"IOTHUB_CLIENT_CONFIRMATION_OK"
176,10815162955,10815162999,1,"IOTHUB_CLIENT_CONFIRMATION_OK"
177,10815163288,10815163319,1,"IOTHUB_CLIENT_CONFIRMATION_OK"
178,10815163621,10815163659,1,"IOTHUB_CLIENT_CONFIRMATION_OK"
179,10815163954,10815164007,1,"IOTHUB_CLIENT_CONFIRMATION_OK"
180,10815164287,10815164321,1,"IOTHUB_CLIENT_CONFIRMATION_OK"
181,10815164620,10815164661,1,"IOTHUB_CLIENT_CONFIRMATION_OK"
182,10815164954,10815164987,1,"IOTHUB_CLIENT_CONFIRMATION_OK"
183,10815165287,10815165330,1,"IOTHUB_CLIENT_CONFIRMATION_OK"
184,10815165620,10815165655,1,"IOTHUB_CLIENT_CONFIRMATION_OK"
185,10815165953,10815165998,1,"IOTHUB_CLIENT_CONFIRMATION_OK"
186,10815166286,10815166319,1,"IOTHUB_CLIENT_CONFIRMATION_OK"
187,10815166619,10815166654,1,"IOTHUB_CLIENT_CONFIRMATION_OK"
188,10815166953,10815166996,1,"IOTHUB_CLIENT_CONFIRMATION_OK"
189,10815167286,10815167338,1,"IOTHUB_CLIENT_CONFIRMATION_OK"
190,10815167619,10815167715,1,"IOTHUB_CLIENT_CONFIRMATION_OK"
191,10815167952,10815168011,1,"IOTHUB_CLIENT_CONFIRMATION_OK"
192,10815168285,10815168318,1,"IOTHUB_CLIENT_CONFIRMATION_OK"
193,10815168618,10815168690,1,"IOTHUB_CLIENT_CONFIRMATION_OK"
194,10815168952,10815169035,1,"IOTHUB_CLIENT_CONFIRMATION_OK"
195,10815169285,10815169315,1,"IOTHUB_CLIENT_CONFIRMATION_OK"
196,10815169618,10815169663,1,"IOTHUB_CLIENT_CONFIRMATION_OK"
197,10815169951,10815170056,1,"IOTHUB_CLIENT_CONFIRMATION_OK"
198,10815170284,10815170328,1,"IOTHUB_CLIENT_CONFIRMATION_OK"
199,10815170617,10815170648,1,"IOTHUB_CLIENT_CONFIRMATION_OK"
200,10815170951,10815171087,1,"IOTHUB_CLIENT_CONFIRMATION_OK"
201,10815171284,10815171318,1,"IOTHUB_CLIENT_CONFIRMATION_OK"
202,10815171617,10815171649,1,"IOTHUB_CLIENT_CONFIRMATION_OK"
203,10815171950,10815171979,1,"IOTHUB_CLIENT_CONFIRMATION_OK"
204,10815172283,10815172321,1,"IOTHUB_CLIENT_CONFIRMATION_OK"
205,10815172616,10815172649,1,"IOTHUB_CLIENT_CONFIRMATION_OK"
206,10815172950,10815172986,1,"IOTHUB_CLIENT_CONFIRMATION_OK"
207,10815173283,10815173312,1,"IOTHUB_CLIENT_CONFIRMATION_OK"
208,10815173616,10815173647,1,"IOTHUB_CLIENT_CONFIRMATION_OK"
209,10815173949,10815174010,1,"IOTHUB_CLIENT_CONFIRMATION_OK"
210,10815174282,10815174314,1,"IOTHUB_CLIENT_CONFIRMATION_OK"
211,10815174615,10815174651,1,"IOTHUB_CLIENT_CONFIRMATION_OK"
212,10815174949,10815174991,1,"IOTHUB_CLIENT_CONFIRMATION_OK"
213,10815175282,10815175313,1,"IOTHUB_CLIENT_CONFIRMATION_OK"
214,10815175615,10815175657,1,"IOTHUB_CLIENT_CONFIRMATION_OK"
215,10815175948,10815175990,1,"IOTHUB_CLIENT_CONFIRMATION_OK"
216,10815176281,10815176322,1,"IOTHUB_CLIENT_CONFIRMATION_OK"
217,10815176614,10815176647,1,"IOTHUB_CLIENT_CONFIRMATION_OK"
218,10815176948,10815176979,1,"IOTHUB_CLIENT_CONFIRMATION_OK"
219,10815177281,10815177333,1,"IOTHUB_CLIENT_CONFIRMATION_OK"
220,10815177614,10815177644,1,"IOTHUB_CLIENT_CONFIRMATION_OK"
221,10815177947,10815177988,1,"IOTHUB_CLIENT_CONFIRMATION_OK"
222,10815178280,10815178314,1,"IOTHUB_CLIENT_CONFIRMATION_OK"
223,10815178613,10815178643,1,"IOTHUB_CLIENT_CONFIRMATION_OK"
224,10815178946,10815178974,1,"IOTHUB_CLIENT_CONFIRMATION_OK"
225,10815179280,10815179312,1,"IOTHUB_CLIENT_CONFIRMATION_OK"
226,10815179613,10815179646,1,"IOTHUB_CLIENT_CONFIRMATION_OK"
227,10815179946,10815179987,1,"IOTHUB_CLIENT_CONFIRMATION_OK"
228,10815180279,10815180319,1,"IOTHUB_CLIENT_CONFIRMATION_OK"
229,10815180612,10815180680,1,"IOTHUB_CLIENT_CONFIRMATION_OK"
230,10815180945,10815180975,1,"IOTHUB_CLIENT_CONFIRMATION_OK"
231,10815181279,10815181320,1,"IOTHUB_CLIENT_CONFIRMATION_OK"
232,10815181612,10815181643,1,"IOTHUB_CLIENT_CONFIRMATION_OK"
233,10815181945,10815181974,1,"IOTHUB_CLIENT_CONFIRMATION_OK"
234,10815182278,10815182310,1,"IOTHUB_CLIENT_CONFIRMATION_OK"
235,10815182611,10815182643,1,"IOTHUB_CLIENT_CONFIRMATION_OK"
236,10815182944,10815182988,1,"IOTHUB_CLIENT_CONFIRMATION_OK"
237,10815183278,10815183310,1,"IOTHUB_CLIENT_CONFIRMATION_OK"
238,10815183611,10815183643,1,"IOTHUB_CLIENT_CONFIRMATION_OK"
239,10815183944,10815183976,1,"IOTHUB_CLIENT_CONFIRMATION_OK"
240,10815184277,10815184308,1,"IOTHUB_CLIENT_CONFIRMATION_OK"
241,10815184610,10815184700,1,"IOTHUB_CLIENT_CONFIRMATION_OK"
242,10815184943,10815184975,1,"IOTHUB_CLIENT_CONFIRMATION_OK"
243,10815185277,10815185315,1,"IOTHUB_CLIENT_CONFIRMATION_OK"
244,10815185610,10815185719,1,"IOTHUB_CLIENT_CONFIRMATION_OK"
245,10815185943,10815185984,1,"IOTHUB_CLIENT_CONFIRMATION_OK"
246,10815186276,10815186316,1,"IOTHUB_CLIENT_CONFIRMATION_OK"
247,10815186609,10815186756,1,"IOTHUB_CLIENT_CONFIRMATION_OK"
248,10815186942,10815186977,1,"IOTHUB_CLIENT_CONFIRMATION_OK"
249,10815187276,10815187307,1,"IOTHUB_CLIENT_CONFIRMATION_OK"
250,10815187609,10815187640,1,"IOTHUB_CLIENT_CONFIRMATION_OK"
251,10815187942,10815187970,1,"IOTHUB_CLIENT_CONFIRMATION_OK"
252,10815188275,10815188305,1,"IOTHUB_CLIENT_CONFIRMATION_OK"
253,10815188608,10815188640,1,"IOTHUB_CLIENT_CONFIRMATION_OK"
254,10815188941,10815188972,1,"IOTHUB_CLIENT_CONFIRMATION_OK"
255,10815189275,10815189303,1,"IOTHUB_CLIENT_CONFIRMATION_OK"
256,10815189608,10815189673,1,"IOTHUB_CLIENT_CONFIRMATION_OK"
257,10815189941,10815189974,1,"IOTHUB_CLIENT_CONFIRMATION_OK"
258,10815190274,10815190306,1,"IOTHUB_CLIENT_CONFIRMATION_OK"
259,10815190607,10815190641,1,"IOTHUB_CLIENT_CONFIRMATION_OK"
260,10815190940,10815190971,1,"IOTHUB_CLIENT_CONFIRMATION_OK"
261,10815191274,10815191322,1,"IOTHUB_CLIENT_CONFIRMATION_OK"
262,10815191607,10815191644,1,"IOTHUB_CLIENT_CONFIRMATION_OK"
263,10815191940,10815191973,1,"IOTHUB_CLIENT_CONFIRMATION_OK"
264,10815192273,10815192305,1,"IOTHUB_CLIENT_CONFIRMATION_OK"
265,10815192606,10815192654,1,"IOTHUB_CLIENT_CONFIRMATION_OK"
266,10815192939,10815192972,1,"IOTHUB_CLIENT_CONFIRMATION_OK"
267,10815193273,10815193303,1,"IOTHUB_CLIENT_CONFIRMATION_OK"
268,10815193606,10815193638,1,"IOTHUB_CLIENT_CONFIRMATION_OK"
269,10815193939,10815193967,1,"IOTHUB_CLIENT_CONFIRMATION_OK"
270,10815194272,10815194305,1,"IOTHUB_CLIENT_CONFIRMATION_OK"
271,10815194605,10815194639,1,"IOTHUB_CLIENT_CONFIRMATION_OK"
272,10815194939,10815194974,1,"IOTHUB_CLIENT_CONFIRMATION_OK"
273,10815195272,10815195303,1,"IOTHUB_CLIENT_CONFIRMATION_OK"
274,10815195605,10815195638,1,"IOTHUB_CLIENT_CONFIRMATION_OK"
275,10815195938,10815195970,1,"IOTHUB_CLIENT_CONFIRMATION_OK"
276,10815196271,10815196301,1,"IOTHUB_CLIENT_CONFIRMATION_OK"
277,10815196604,10815196637,1,"IOTHUB_CLIENT_CONFIRMATION_OK"
278,10815196938,10815196972,1,"IOTHUB_CLIENT_CONFIRMATION_OK"
279,10815197271,10815197301,1,"IOTHUB_CLIENT_CONFIRMATION_OK"
280,10815197604,10815197644,1,"IOTHUB_CLIENT_CONFIRMATION_OK"
281,10815197937,10815198000,1,"IOTHUB_CLIENT_CONFIRMATION_OK"
282,10815198270,10815198300,1,"IOTHUB_CLIENT_CONFIRMATION_OK"
283,10815198603,10815198638,1,"IOTHUB_CLIENT_CONFIRMATION_OK"
284,10815198937,10815198966,1,"IOTHUB_CLIENT_CONFIRMATION_OK"
285,10815199270,10815199305,1,"IOTHUB_CLIENT_CONFIRMATION_OK"
286,10815199603,10815199635,1,"IOTHUB_CLIENT_CONFIRMATION_OK"
287,10815199936,10815199978,1,"IOTHUB_CLIENT_CONFIRMATION_OK"
288,10815200269,10815200299,1,"IOTHUB_CLIENT_CONFIRMATION_OK"
289,10815200602,10815200654,1,"IOTHUB_CLIENT_CONFIRMATION_OK"
290,10815200936,10815200970,1,"IOTHUB_CLIENT_CONFIRMATION_OK"
291,10815201269,10815201304,1,"IOTHUB_CLIENT_CONFIRMATION_OK"
292,10815201602,10815201646,1,"IOTHUB_CLIENT_CONFIRMATION_OK"
293,10815201935,10815201978,1,"IOTHUB_CLIENT_CONFIRMATION_OK"
294,10815202268,10815202301,1,"IOTHUB_CLIENT_CONFIRMATION_OK"
295,10815202601,10815202641,1,"IOTHUB_CLIENT_CONFIRMATION_OK"
296,10815202934,10815202969,1,"IOTHUB_CLIENT_CONFIRMATION_OK"
297,10815203268,10815203303,1,"IOTHUB_CLIENT_CONFIRMATION_OK"
298,10815203601,10815203650,1,"IOTHUB_CLIENT_CONFIRMATION_OK"
299,10815203934,10815203971,1,"IOTHUB_CLIENT_CONFIRMATION_OK"
300,10815204267,10815204319,1,"IOTHUB_CLIENT_CONFIRMATION_OK"
301,10815204600,10815204652,1,"IOTHUB_CLIENT_CONFIRMATION_OK"
302,10815204933,10815204975,1,"IOTHUB_CLIENT_CONFIRMATION_OK"
303,10815205267,10815205337,1,"IOTHUB_CLIENT_CONFIRMATION_OK"
304,10815205600,10815205647,1,"IOTHUB_CLIENT_CONFIRMATION_OK"
305,10815205933,10815205982,1,"IOTHUB_CLIENT_CONFIRMATION_OK"
306,10815206266,10815206376,1,"IOTHUB_CLIENT_CONFIRMATION_OK"
307,10815206599,10815206635,1,"IOTHUB_CLIENT_CONFIRMATION_OK"
308,10815206932,10815206973,1,"IOTHUB_CLIENT_CONFIRMATION_OK"
309,10815207266,10815207319,1,"IOTHUB_CLIENT_CONFIRMATION_OK"
310,10815207599,10815207640,1,"IOTHUB_CLIENT_CONFIRMATION_OK"
311,10815207932,10815207967,1,"IOTHUB_CLIENT_CONFIRMATION_OK"
312,10815208265,10815208308,1,"IOTHUB_CLIENT_CONFIRMATION_OK"
313,10815208598,10815208642,1,"IOTHUB_CLIENT_CONFIRMATION_OK"
314,10815208931,10815208980,1,"IOTHUB_CLIENT_CONFIRMATION_OK"
315,10815209264,10815209315,1,"IOTHUB_CLIENT_CONFIRMATION_OK"
316,10815209598,10815209650,1,"IOTHUB_CLIENT_CONFIRMATION_OK"
317,10815209931,10815209962,1,"IOTHUB_CLIENT_CONFIRMATION_OK"
318,10815210264,10815210304,1,"IOTHUB_CLIENT_CONFIRMATION_OK"
319,10815210597,10815210641,1,"IOTHUB_CLIENT_CONFIRMATION_OK"
320,10815210930,10815210971,1,"IOTHUB_CLIENT_CONFIRMATION_OK"
321,10815211263,10815211303,1,"IOTHUB_CLIENT_CONFIRMATION_OK"
322,10815211597,10815211636,1,"IOTHUB_CLIENT_CONFIRMATION_OK"
323,10815211930,10815211965,1,"IOTHUB_CLIENT_CONFIRMATION_OK"
324,10815212263,10815212301,1,"IOTHUB_CLIENT_CONFIRMATION_OK"
325,10815212596,10815212632,1,"IOTHUB_CLIENT_CONFIRMATION_OK"
326,10815212929,10815213001,1,"IOTHUB_CLIENT_CONFIRMATION_OK"
327,10815213262,10815213303,1,"IOTHUB_CLIENT_CONFIRMATION_OK"
328,10815213596,10815213632,1,"IOTHUB_CLIENT_CONFIRMATION_OK"
329,10815213929,10815213966,1,"IOTHUB_CLIENT_CONFIRMATION_OK"
330,10815214262,10815214320,1,"IOTHUB_CLIENT_CONFIRMATION_OK"
331,10815214595,10815214659,1,"IOTHUB_CLIENT_CONFIRMATION_OK"
332,10815214928,10815214981,1,"IOTHUB_CLIENT_CONFIRMATION_OK"
333,10815215261,10815215303,1,"IOTHUB_CLIENT_CONFIRMATION_OK"
334,10815215594,10815215631,1,"IOTHUB_CLIENT_CONFIRMATION_OK"
335,10815215928,10815215970,1,"IOTHUB_CLIENT_CONFIRMATION_OK"
336,10815216261,10815216313,1,"IOTHUB_CLIENT_CONFIRMATION_OK"
337,10815216594,10815216646,1,"IOTHUB_CLIENT_CONFIRMATION_OK"
338,10815216927,10815216959,1,"IOTHUB_CLIENT_CONFIRMATION_OK"
339,10815217260,10815217296,1,"IOTHUB_CLIENT_CONFIRMATION_OK"
340,10815217593,10815217624,1,"IOTHUB_CLIENT_CONFIRMATION_OK"
341,10815217927,10815217957,1,"IOTHUB_CLIENT_CONFIRMATION_OK"
342,10815218260,10815218290,1,"IOTHUB_CLIENT_CONFIRMATION_OK"
343,10815218593,10815218624,1,"IOTHUB_CLIENT_CONFIRMATION_OK"
344,10815218926,10815218958,1,"IOTHUB_CLIENT_CONFIRMATION_OK"
345,10815219259,10815219312,1,"IOTHUB_CLIENT_CONFIRMATION_OK"
346,10815219592,10815219623,1,"IOTHUB_CLIENT_CONFIRMATION_OK"
347,10815219926,10815220034,1,"IOTHUB_CLIENT_CONFIRMATION_OK"
348,10815220259,10815220290,1,"IOTHUB_CLIENT_CONFIRMATION_OK"
349,10815220592,10815220624,1,"IOTHUB_CLIENT_CONFIRMATION_OK"
350,10815220925,10815221050,1,"IOTHUB_CLIENT_CONFIRMATION_OK"
351,10815221258,10815221299,1,"IOTHUB_CLIENT_CONFIRMATION_OK"
352,10815221591,10815221701,1,"IOTHUB_CLIENT_CONFIRMATION_OK"
353,10815221925,10815221956,1,"IOTHUB_CLIENT_CONFIRMATION_OK"
354,10815222258,10815222286,1,"IOTHUB_CLIENT_CONFIRMATION_OK"
355,10815222591,10815222622,1,"IOTHUB_CLIENT_CONFIRMATION_OK"
356,10815222924,10815222952,1,"IOTHUB_CLIENT_CONFIRMATION_OK"
357,10815223257,10815223291,1,"IOTHUB_CLIENT_CONFIRMATION_OK"
358,10815223590,10815223619,1,"IOTHUB_CLIENT_CONFIRMATION_OK"
359,10815223923,10815223955,1,"IOTHUB_CLIENT_CONFIRMATION_OK"
360,10815224257,10815224287,1,"IOTHUB_CLIENT_CONFIRMATION_OK"
361,10815224590,10815224621,1,"IOTHUB_CLIENT_CONFIRMATION_OK"
362,10815224923,10815224953,1,"IOTHUB_CLIENT_CONFIRMATION_OK"
363,10815225256,10815225285,1,"IOTHUB_CLIENT_CONFIRMATION_OK"
364,10815225589,10815225622,1,"IOTHUB_CLIENT_CONFIRMATION_OK"
365,10815225922,10815225955,1,"IOTHUB_CLIENT_CONFIRMATION_OK"
366,10815226256,10815226295,1,"IOTHUB_CLIENT_CONFIRMATION_OK"
367,10815226589,10815226623,1,"IOTHUB_CLIENT_CONFIRMATION_OK"
368,10815226922,10815226961,1,"IOTHUB_CLIENT_CONFIRMATION_OK"
369,10815227255,10815227286,1,"IOTHUB_CLIENT_CONFIRMATION_OK"
370,10815227588,10815227637,1,"IOTHUB_CLIENT_CONFIRMATION_OK"
371,10815227921,10815227954,1,"IOTHUB_CLIENT_CONFIRMATION_OK"
372,10815228255,10815228290,1,"IOTHUB_CLIENT_CONFIRMATION_OK"
373,10815228588,10815228620,1,"IOTHUB_CLIENT_CONFIRMATION_OK"
374,10815228921,10815228958,1,"IOTHUB_CLIENT_CONFIRMATION_OK"
375,10815229254,10815229292,1,"IOTHUB_CLIENT_CONFIRMATION_OK"
376,10815229587,10815229633,1,"IOTHUB_CLIENT_CONFIRMATION_OK"
377,10815229920,10815229952,1,"IOTHUB_CLIENT_CONFIRMATION_OK"
378,10815230254,10815230295,1,"IOTHUB_CLIENT_CONFIRMATION_OK"
379,10815230587,10815230614,1,"IOTHUB_CLIENT_CONFIRMATION_OK"
380,10815230920,10815230968,1,"IOTHUB_CLIENT_CONFIRMATION_OK"
381,10815231253,10815231286,1,"IOTHUB_CLIENT_CONFIRMATION_OK"
382,10815231586,10815231618,1,"IOTHUB_CLIENT_CONFIRMATION_OK"
383,10815231919,10815231960,1,"IOTHUB_CLIENT_CONFIRMATION_OK"
384,10815232253,10815232296,1,"IOTHUB_CLIENT_CONFIRMATION_OK"
385,10815232586,10815232620,1,"IOTHUB_CLIENT_CONFIRMATION_OK"
386,10815232919,10815232952,1,"IOTHUB_CLIENT_CONFIRMATION_OK"
387,10815233252,10815233284,1,"IOTHUB_CLIENT_CONFIRMATION_OK"
388,10815233585,10815233618,1,"IOTHUB_CLIENT_CONFIRMATION_OK"
389,10815233918,10815233947,1,"IOTHUB_CLIENT_CONFIRMATION_OK"
390,10815234252,10815234283,1,"IOTHUB_CLIENT_CONFIRMATION_OK"
391,10815234585,10815234625,1,"IOTHUB_CLIENT_CONFIRMATION_OK"
392,10815234918,10815234948,1,"IOTHUB_CLIENT_CONFIRMATION_OK"
393,10815235251,10815235290,1,"IOTHUB_CLIENT_CONFIRMATION_OK"
394,10815235584,10815235619,1,"IOTHUB_CLIENT_CONFIRMATION_OK"
395,10815235917,10815235948,1,"IOTHUB_CLIENT_CONFIRMATION_OK"
396,10815236251,10815236282,1,"IOTHUB_CLIENT_CONFIRMATION_OK"
397,10815236584,10815236630,1,"IOTHUB_CLIENT_CONFIRMATION_OK"
398,10815236917,10815236951,1,"IOTHUB_CLIENT_CONFIRMATION_OK"
399,10815237250,10815237285,1,"IOTHUB_CLIENT_CONFIRMATION_OK"
400,10815237583,10815237618,1,"IOTHUB_CLIENT_CONFIRMATION_OK"
401,10815237917,10815237946,1,"IOTHUB_CLIENT_CONFIRMATION_OK"
402,10815238250,10815238281,1,"IOTHUB_CLIENT_CONFIRMATION_OK"
403,10815238583,10815238642,1,"IOTHUB_CLIENT_CONFIRMATION_OK"
404,10815238916,10815238947,1,"IOTHUB_CLIENT_CONFIRMATION_OK"
405,10815239249,10815239291,1,"IOTHUB_CLIENT_CONFIRMATION_OK"
406,10815239582,10815239669,1,"IOTHUB_CLIENT_CONFIRMATION_OK"
407,10815239916,10815240061,1,"IOTHUB_CLIENT_CONFIRMATION_OK"
408,10815240249,10815240283,1,"IOTHUB_CLIENT_CONFIRMATION_OK"
409,10815240582,10815240612,1,"IOTHUB_CLIENT_CONFIRMATION_OK"
410,10815240915,10815240966,1,"IOTHUB_CLIENT_CONFIRMATION_OK"
411,10815241248,10815241281,1,"IOTHUB_CLIENT_CONFIRMATION_OK"
412,10815241581,10815241614,1,"IOTHUB_CLIENT_CONFIRMATION_OK"
413,10815241915,10815241951,1,"IOTHUB_CLIENT_CONFIRMATION_OK"
414,10815242248,10815242278,1,"IOTHUB_CLIENT_CONFIRMATION_OK"
415,10815242581,10815242621,1,"IOTHUB_CLIENT_CONFIRMATION_OK"
416,10815242914,10815242947,1,"IOTHUB_CLIENT_CONFIRMATION_OK"
417,10815243247,10815243281,1,"IOTHUB_CLIENT_CONFIRMATION_OK"
418,10815243580,10815243610,1,"IOTHUB_CLIENT_CONFIRMATION_OK"
419,10815243914,10815243944,1,"IOTHUB_CLIENT_CONFIRMATION_OK"
420,10815244247,10815244279,1,"IOTHUB_CLIENT_CONFIRMATION_OK"
421,10815244580,10815244610,1,"IOTHUB_CLIENT_CONFIRMATION_OK"
422,10815244913,10815244962,1,"IOTHUB_CLIENT_CONFIRMATION_OK"
423,10815245246,10815245280,1,"IOTHUB_CLIENT_CONFIRMATION_OK"
424,10815245579,10815245616,1,"IOTHUB_CLIENT_CONFIRMATION_OK"
425,10815245912,10815245955,1,"IOTHUB_CLIENT_CONFIRMATION_OK"
426,10815246246,10815246299,1,"IOTHUB_CLIENT_CONFIRMATION_OK"
427,10815246579,10815246610,1,"IOTHUB_CLIENT_CONFIRMATION_OK"
428,10815246912,10815246947,1,"IOTHUB_CLIENT_CONFIRMATION_OK"
429,10815247245,10815247277,1,"IOTHUB_CLIENT_CONFIRMATION_OK"
430,10815247578,10815247610,1,"IOTHUB_CLIENT_CONFIRMATION_OK"
431,10815247911,10815247951,1,"IOTHUB_CLIENT_CONFIRMATION_OK"
432,10815248245,10815248295,1,"IOTHUB_CLIENT_CONFIRMATION_OK"
433,10815248578,10815248607,1,"IOTHUB_CLIENT_CONFIRMATION_OK"
434,10815248911,10815248952,1,"IOTHUB_CLIENT_CONFIRMATION_OK"
435,10815249244,10815249278,1,"IOTHUB_CLIENT_CONFIRMATION_OK"
436,10815249577,10815249612,1,"IOTHUB_CLIENT_CONFIRMATION_OK"
437,10815249910,10815249951,1,"IOTHUB_CLIENT_CONFIRMATION_OK"
438,10815250244,10815250276,1,"IOTHUB_CLIENT_CONFIRMATION_OK"
439,10815250577,10815250610,1,"IOTHUB_CLIENT_CONFIRMATION_OK"
440,10815250910,10815250969,1,"IOTHUB_CLIENT_CONFIRMATION_OK"
441,10815251243,10815251353,1,"IOTHUB_CLIENT_CONFIRMATION_OK"
442,10815251576,10815251611,1,"IOTHUB_CLIENT_CONFIRMATION_OK"
443,10815251909,10815251939,1,"IOTHUB_CLIENT_CONFIRMATION_OK"
444,10815252243,10815252375,1,"IOTHUB_CLIENT_CONFIRMATION_OK"
445,10815252576,10815252608,1,"IOTHUB_CLIENT_CONFIRMATION_OK"
446,10815252909,10815252941,1,"IOTHUB_CLIENT_CONFIRMATION_OK"
447,10815253242,10815253377,1,"IOTHUB_CLIENT_CONFIRMATION_OK"
448,10815253575,10815253609,1,"IOTHUB_CLIENT_CONFIRMATION_OK"
449,10815253908,10815253941,1,"IOTHUB_CLIENT_CONFIRMATION_OK"
450,10815254242,10815254279,1,"IOTHUB_CLIENT_CONFIRMATION_OK"
451,10815254575,10815254604,1,"IOTHUB_CLIENT_CONFIRMATION_OK"
452,10815254908,10815254937,1,"IOTHUB_CLIENT_CONFIRMATION_OK"
453,10815255241,10815255271,1,"IOTHUB_CLIENT_CONFIRMATION_OK"
454,10815255574,10815255604,1,"IOTHUB_CLIENT_CONFIRMATION_OK"
455,10815255907,10815255942,1,"IOTHUB_CLIENT_CONFIRMATION_OK"
456,10815256241,10815256273,1,"IOTHUB_CLIENT_CONFIRMATION_OK"
457,10815256574,10815256608,1,"IOTHUB_CLIENT_CONFIRMATION_OK"
458,10815256907,10815256937,1,"IOTHUB_CLIENT_CONFIRMATION_OK"
459,10815257240,10815257274,1,"IOTHUB_CLIENT_CONFIRMATION_OK"
460,10815257573,10815257608,1,"IOTHUB_CLIENT_CONFIRMATION_OK"
461,10815257906,10815257951,1,"IOTHUB_CLIENT_CONFIRMATION_OK"
462,10815258240,10815258272,1,"IOTHUB_CLIENT_CONFIRMATION_OK"
463,10815258573,10815258628,1,"IOTHUB_CLIENT_CONFIRMATION_OK"
464,10815258906,10815258980,1,"IOTHUB_CLIENT_CONFIRMATION_OK"
465,10815259239,10815259282,1,"IOTHUB_CLIENT_CONFIRMATION_OK"
466,10815259572,10815259602,1,"IOTHUB_CLIENT_CONFIRMATION_OK"
467,10815259905,10815259938,1,"IOTHUB_CLIENT_CONFIRMATION_OK"
468,10815260239,10815260271,1,"IOTHUB_CLIENT_CONFIRMATION_OK"
469,10815260572,10815260605,1,"IOTHUB_CLIENT_CONFIRMATION_OK"
470,10815260905,10815260937,1,"IOTHUB_CLIENT_CONFIRMATION_OK"
471,10815261238,10815261271,1,"IOTHUB_CLIENT_CONFIRMATION_OK"
472,10815261571,10815261605,1,"IOTHUB_CLIENT_CONFIRMATION_OK"
473,10815261904,10815261936,1,"IOTHUB_CLIENT_CONFIRMATION_OK"
474,10815262238,10815262269,1,"IOTHUB_CLIENT_CONFIRMATION_OK"
475,10815262571,10815262610,1,"IOTHUB_CLIENT_CONFIRMATION_OK"
476,10815262904,10815262936,1,"IOTHUB_CLIENT_CONFIRMATION_OK"
477,10815263237,10815263270,1,"IOTHUB_CLIENT_CONFIRMATION_OK"
478,10815263570,10815263636,1,"IOTHUB_CLIENT_CONFIRMATION_OK"
479,10815263903,10815263934,1,"IOTHUB_CLIENT_CONFIRMATION_OK"
480,10815264237,10815264266,1,"IOTHUB_CLIENT_CONFIRMATION_OK"
481,10815264570,10815264603,1,"IOTHUB_CLIENT_CONFIRMATION_OK"
482,10815264903,10815264940,1,"IOTHUB_CLIENT_CONFIRMATION_OK"
483,10815265236,10815265265,1,"IOTHUB_CLIENT_CONFIRMATION_OK"
484,10815265569,10815265610,1,"IOTHUB_CLIENT_CONFIRMATION_OK"
485,10815265902,10815265935,1,"IOTHUB_CLIENT_CONFIRMATION_OK"
486,10815266236,10815266265,1,"IOTHUB_CLIENT_CONFIRMATION_OK"
487,10815266569,10815266613,1,"IOTHUB_CLIENT_CONFIRMATION_OK"
488,10815266902,10815266942,1,"IOTHUB_CLIENT_CONFIRMATION_OK"
489,10815267235,10815267269,1,"IOTHUB_CLIENT_CONFIRMATION_OK"
490,10815267568,10815267602,1,"IOTHUB_CLIENT_CONFIRMATION_OK"
491,10815267901,10815268161,1,"IOTHUB_CLIENT_CONFIRMATION_OK"
492,10815268235,10815268268,1,"IOTHUB_CLIENT_CONFIRMATION_OK"
493,10815268568,10815268595,1,"IOTHUB_CLIENT_CONFIRMATION_OK"
494,10815268901,10815268970,1,"IOTHUB_CLIENT_CONFIRMATION_OK"
495,10815269234,10815269265,1,"IOTHUB_CLIENT_CONFIRMATION_OK"
496,10815269567,10815269598,1,"IOTHUB_CLIENT_CONFIRMATION_OK"
497,10815269900,10815269985,1,"IOTHUB_CLIENT_CONFIRMATION_OK"
498,10815270233,10815270265,1,"IOTHUB_CLIENT_CONFIRMATION_OK"
499,10815270567,10815270597,1,"IOTHUB_CLIENT_CONFIRMATION_OK"
500,10815270900,10815270993,1,"IOTHUB_CLIENT_CONFIRMATION_OK"
501,10815271233,10815271269,1,"IOTHUB_CLIENT_CONFIRMATION_OK"
502,10815271566,10815271604,1,"IOTHUB_CLIENT_CONFIRMATION_OK"
503,10815271899,10815272039,1,"IOTHUB_CLIENT_CONFIRMATION_OK"
504,10815272232,10815272264,1,"IOTHUB_CLIENT_CONFIRMATION_OK"
505,10815272566,10815272614,1,"IOTHUB_CLIENT_CONFIRMATION_OK"
506,10815272899,10815272929,1,"IOTHUB_CLIENT_CONFIRMATION_OK"
507,10815273232,10815273264,1,"IOTHUB_CLIENT_CONFIRMATION_OK"
508,10815273565,10815273620,1,"IOTHUB_CLIENT_CONFIRMATION_OK"
509,10815273898,10815273928,1,"IOTHUB_CLIENT_CONFIRMATION_OK"
510,10815274231,10815274265,1,"IOTHUB_CLIENT_CONFIRMATION_OK"
511,10815274565,10815274605,1,"IOTHUB_CLIENT_CONFIRMATION_OK"
512,10815274898,10815274930,1,"IOTHUB_CLIENT_CONFIRMATION_OK"
513,10815275231,10815275260,1,"IOTHUB_CLIENT_CONFIRMATION_OK"
514,10815275564,10815275602,1,"IOTHUB_CLIENT_CONFIRMATION_OK"
515,10815275897,10815275932,1,"IOTHUB_CLIENT_CONFIRMATION_OK"
516,10815276230,10815276372,1,"IOTHUB_CLIENT_CONFIRMATION_OK"
517,10815276564,10815276595,1,"IOTHUB_CLIENT_CONFIRMATION_OK"
518,10815276897,10815276927,1,"IOTHUB_CLIENT_CONFIRMATION_OK"
519,10815277230,10815277310,1,"IOTHUB_CLIENT_CONFIRMATION_OK"
520,10815277563,10815277607,1,"IOTHUB_CLIENT_CONFIRMATION_OK"
521,10815277896,10815277937,1,"IOTHUB_CLIENT_CONFIRMATION_OK"
522,10815278229,10815278263,1,"IOTHUB_CLIENT_CONFIRMATION_OK"
523,10815278563,10815278611,1,"IOTHUB_CLIENT_CONFIRMATION_OK"
524,10815278896,10815278937,1,"IOTHUB_CLIENT_CONFIRMATION_OK"
525,10815279229,10815279267,1,"IOTHUB_CLIENT_CONFIRMATION_OK"
526,10815279562,10815279594,1,"IOTHUB_CLIENT_CONFIRMATION_OK"
527,10815279895,10815279932,1,"IOTHUB_CLIENT_CONFIRMATION_OK"
528,10815280228,10815280267,1,"IOTHUB_CLIENT_CONFIRMATION_OK"
529,10815280562,10815280596,1,"IOTHUB_CLIENT_CONFIRMATION_OK"
530,10815280895,10815280929,1,"IOTHUB_CLIENT_CONFIRMATION_OK"
531,10815281228,10815281259,1,"IOTHUB_CLIENT_CONFIRMATION_OK"
532,10815281561,10815281603,1,"IOTHUB_CLIENT_CONFIRMATION_OK"
533,10815281894,10815281929,1,"IOTHUB_CLIENT_CONFIRMATION_OK"
534,10815282227,10815282297,1,"IOTHUB_CLIENT_CONFIRMATION_OK"
535,10815282561,10815282591,1,"IOTHUB_CLIENT_CONFIRMATION_OK"
536,10815282894,10815282927,1,"IOTHUB_CLIENT_CONFIRMATION_OK"
537,10815283227,10815283263,1,"IOTHUB_CLIENT_CONFIRMATION_OK"
538,10815283560,10815283606,1,"IOTHUB_CLIENT_CONFIRMATION_OK"
539,10815283893,10815283940,1,"IOTHUB_CLIENT_CONFIRMATION_OK"
540,10815284226,10815284255,1,"IOTHUB_CLIENT_CONFIRMATION_OK"
541,10815284560,10815284719,1,"IOTHUB_CLIENT_CONFIRMATION_OK"
542,10815284893,10815284925,1,"IOTHUB_CLIENT_CONFIRMATION_OK"
543,10815285226,10815285257,1,"IOTHUB_CLIENT_CONFIRMATION_OK"
544,10815285559,10815285589,1,"IOTHUB_CLIENT_CONFIRMATION_OK"
545,10815285892,10815285934,1,"IOTHUB_CLIENT_CONFIRMATION_OK"
546,10815286225,10815286259,1,"IOTHUB_CLIENT_CONFIRMATION_OK"
547,10815286559,10815286605,1,"IOTHUB_CLIENT_CONFIRMATION_OK"
548,10815286892,10815286925,1,"IOTHUB_CLIENT_CONFIRMATION_OK"
549,10815287225,10815287260,1,"IOTHUB_CLIENT_CONFIRMATION_OK"
550,10815287558,10815287621,1,"IOTHUB_CLIENT_CONFIRMATION_OK"
551,10815287891,10815287920,1,"IOTHUB_CLIENT_CONFIRMATION_OK"
552,10815288224,10815288260,1,"IOTHUB_CLIENT_CONFIRMATION_OK"
553,10815288558,10815288646,1,"IOTHUB_CLIENT_CONFIRMATION_OK"
554,10815288891,10815288926,1,"IOTHUB_CLIENT_CONFIRMATION_OK"
555,10815289224,10815289256,1,"IOTHUB_CLIENT_CONFIRMATION_OK"
556,10815289557,10815289667,1,"IOTHUB_CLIENT_CONFIRMATION_OK"
557,10815289890,10815289923,1,"IOTHUB_CLIENT_CONFIRMATION_OK"
558,10815290223,10815290255,1,"IOTHUB_CLIENT_CONFIRMATION_OK"
559,10815290556,10815290589,1,"IOTHUB_CLIENT_CONFIRMATION_OK"
560,10815290890,10815290928,1,"IOTHUB_CLIENT_CONFIRMATION_OK"
561,10815291223,10815291253,1,"IOTHUB_CLIENT_CONFIRMATION_OK"
562,10815291556,10815291592,1,"IOTHUB_CLIENT_CONFIRMATION_OK"
563,10815291889,10815291923,1,"IOTHUB_CLIENT_CONFIRMATION_OK"
564,10815292222,10815292254,1,"IOTHUB_CLIENT_CONFIRMATION_OK"
565,10815292555,10815292595,1,"IOTHUB_CLIENT_CONFIRMATION_OK"
566,10815292889,10815292923,1,"IOTHUB_CLIENT_CONFIRMATION_OK"
567,10815293222,10815293277,1,"IOTHUB_CLIENT_CONFIRMATION_OK"
568,10815293555,10815293609,1,"IOTHUB_CLIENT_CONFIRMATION_OK"
569,10815293888,10815293919,1,"IOTHUB_CLIENT_CONFIRMATION_OK"
570,10815294221,10815294252,1,"IOTHUB_CLIENT_CONFIRMATION_OK"
571,10815294554,10815294587,1,"IOTHUB_CLIENT_CONFIRMATION_OK"
572,10815294888,10815294918,1,"IOTHUB_CLIENT_CONFIRMATION_OK"
573,10815295221,10815295250,1,"IOTHUB_CLIENT_CONFIRMATION_OK"
574,10815295554,10815295589,1,"IOTHUB_CLIENT_CONFIRMATION_OK"
575,10815295887,10815295916,1,"IOTHUB_CLIENT_CONFIRMATION_OK"
576,10815296220,10815296251,1,"IOTHUB_CLIENT_CONFIRMATION_OK"
577,10815296553,10815296601,1,"IOTHUB_CLIENT_CONFIRMATION_OK"
578,10815296886,10815296917,1,"IOTHUB_CLIENT_CONFIRMATION_OK"
579,10815297220,10815297248,1,"IOTHUB_CLIENT_CONFIRMATION_OK"
580,10815297553,10815297584,1,"IOTHUB_CLIENT_CONFIRMATION_OK"
581,10815297886,10815297933,1,"IOTHUB_CLIENT_CONFIRMATION_OK"
582,10815298219,10815298247,1,"IOTHUB_CLIENT_CONFIRMATION_OK"
583,10815298552,10815298585,1,"IOTHUB_CLIENT_CONFIRMATION_OK"
584,10815298885,10815298919,1,"IOTHUB_CLIENT_CONFIRMATION_OK"
585,10815299219,10815299251,1,"IOTHUB_CLIENT_CONFIRMATION_OK"
586,10815299552,10815299604,1,"IOTHUB_CLIENT_CONFIRMATION_OK"
587,10815299885,10815299920,1,"IOTHUB_CLIENT_CONFIRMATION_OK"
588,10815300218,10815300247,1,"IOTHUB_CLIENT_CONFIRMATION_OK"
589,10815300551,10815300581,1,"IOTHUB_CLIENT_CONFIRMATION_OK"
590,10815300884,10815300914,1,"IOTHUB_CLIENT_CONFIRMATION_OK"
591,10815301218,10815301261,1,"IOTHUB_CLIENT_CONFIRMATION_OK"
592,10815301551,10815301584,1,"IOTHUB_CLIENT_CONFIRMATION_OK"
593,10815301884,10815301920,1,"IOTHUB_CLIENT_CONFIRMATION_OK"
594,10815302217,10815302277,1,"IOTHUB_CLIENT_CONFIRMATION_OK"
595,10815302550,10815302580,1,"IOTHUB_CLIENT_CONFIRMATION_OK"
596,10815302883,10815302917,1,"IOTHUB_CLIENT_CONFIRMATION_OK"
597,10815303216,10815303312,1,"IOTHUB_CLIENT_CONFIRMATION_OK"
598,10815303550,10815303580,1,"IOTHUB_CLIENT_CONFIRMATION_OK"
599,10815303883,10815303925,1,"IOTHUB_CLIENT_CONFIRMATION_OK"
600,10815304216,10815304336,1,"IOTHUB_CLIENT_CONFIRMATION_OK"
601,10815304549,10815304587,1,"IOTHUB_CLIENT_CONFIRMATION_OK"
602,10815304882,10815304915,1,"IOTHUB_CLIENT_CONFIRMATION_OK"
603,10815305215,10815305249,1,"IOTHUB_CLIENT_CONFIRMATION_OK"
604,10815305549,10815305617,1,"IOTHUB_CLIENT_CONFIRMATION_OK"
605,10815305882,10815305915,1,"IOTHUB_CLIENT_CONFIRMATION_OK"
606,10815306215,10815306251,1,"IOTHUB_CLIENT_CONFIRMATION_OK"
607,10815306548,10815306577,1,"IOTHUB_CLIENT_CONFIRMATION_OK"
608,10815306881,10815306913,1,"IOTHUB_CLIENT_CONFIRMATION_OK"
609,10815307214,10815307261,1,"IOTHUB_CLIENT_CONFIRMATION_OK"
610,10815307548,10815307588,1,"IOTHUB_CLIENT_CONFIRMATION_OK"
611,10815307881,10815307917,1,"IOTHUB_CLIENT_CONFIRMATION_OK"
612,10815308214,10815308256,1,"IOTHUB_CLIENT_CONFIRMATION_OK"
613,10815308547,10815308579,1,"IOTHUB_CLIENT_CONFIRMATION_OK"
614,10815308880,10815308912,1,"IOTHUB_CLIENT_CONFIRMATION_OK"
615,10815309213,10815309253,1,"IOTHUB_CLIENT_CONFIRMATION_OK"
616,10815309547,10815309576,1,"IOTHUB_CLIENT_CONFIRMATION_OK"
617,10815309880,10815309913,1,"IOTHUB_CLIENT_CONFIRMATION_OK"
618,10815310213,10815310244,1,"IOTHUB_CLIENT_CONFIRMATION_OK"
619,10815310546,10815310576,1,"IOTHUB_CLIENT_CONFIRMATION_OK"
620,10815310879,10815310913,1,"IOTHUB_CLIENT_CONFIRMATION_OK"
621,10815311212,10815311260,1,"IOTHUB_CLIENT_CONFIRMATION_OK"
622,10815311545,10815311583,1,"IOTHUB_CLIENT_CONFIRMATION_OK"
623,10815311879,10815311916,1,"IOTHUB_CLIENT_CONFIRMATION_OK"
624,10815312212,10815312252,1,"IOTHUB_CLIENT_CONFIRMATION_OK"
625,10815312545,10815312578,1,"IOTHUB_CLIENT_CONFIRMATION_OK"
626,10815312878,10815312909,1,"IOTHUB_CLIENT_CONFIRMATION_OK"
627,10815313211,10815313243,1,"IOTHUB_CLIENT_CONFIRMATION_OK"
628,10815313544,10815313575,1,"IOTHUB_CLIENT_CONFIRMATION_OK"
629,10815313878,10815313910,1,"IOTHUB_CLIENT_CONFIRMATION_OK"
630,10815314211,10815314252,1,"IOTHUB_CLIENT_CONFIRMATION_OK"
631,10815314544,10815314600,1,"IOTHUB_CLIENT_CONFIRMATION_OK"
632,10815314877,10815314907,1,"IOTHUB_CLIENT_CONFIRMATION_OK"
633,10815315210,10815315239,1,"IOTHUB_CLIENT_CONFIRMATION_OK"
634,10815315543,10815315574,1,"IOTHUB_CLIENT_CONFIRMATION_OK"
635,10815315877,10815315927,1,"IOTHUB_CLIENT_CONFIRMATION_OK"
636,10815316210,10815316246,1,"IOTHUB_CLIENT_CONFIRMATION_OK"
637,10815316543,10815316578,1,"IOTHUB_CLIENT_CONFIRMATION_OK"
638,10815316876,10815316915,1,"IOTHUB_CLIENT_CONFIRMATION_OK"
639,10815317209,10815317242,1,"IOTHUB_CLIENT_CONFIRMATION_OK"
640,10815317542,10815317570,1,"IOTHUB_CLIENT_CONFIRMATION_OK"
641,10815317876,10815318003,1,"IOTHUB_CLIENT_CONFIRMATION_OK"
642,10815318209,10815318245,1,"IOTHUB_CLIENT_CONFIRMATION_OK"
643,10815318542,10815318577,1,"IOTHUB_CLIENT_CONFIRMATION_OK"
644,10815318875,10815319020,1,"IOTHUB_CLIENT_CONFIRMATION_OK"
645,10815319208,10815319238,1,"IOTHUB_CLIENT_CONFIRMATION_OK"
646,10815319541,10815319574,1,"IOTHUB_CLIENT_CONFIRMATION_OK"
647,10815319875,10815319906,1,"IOTHUB_CLIENT_CONFIRMATION_OK"
648,10815320208,10815320257,1,"IOTHUB_CLIENT_CONFIRMATION_OK"
649,10815320541,10815320573,1,"IOTHUB_CLIENT_CONFIRMATION_OK"
650,10815320874,10815320907,1,"IOTHUB_CLIENT_CONFIRMATION_OK"
651,10815321207,10815321239,1,"IOTHUB_CLIENT_CONFIRMATION_OK"
652,10815321540,10815321570,1,"IOTHUB_CLIENT_CONFIRMATION_OK"
653,10815321873,10815321904,1,"IOTHUB_CLIENT_CONFIRMATION_OK"
654,10815322207,10815322241,1,"IOTHUB_CLIENT_CONFIRMATION_OK"
655,10815322540,10815322580,1,"IOTHUB_CLIENT_CONFIRMATION_OK"
656,10815322873,10815322903,1,"IOTHUB_CLIENT_CONFIRMATION_OK"
657,10815323206,10815323236,1,"IOTHUB_CLIENT_CONFIRMATION_OK"
658,10815323539,10815323568,1,"IOTHUB_CLIENT_CONFIRMATION_OK"
659,10815323872,10815323918,1,"IOTHUB_CLIENT_CONFIRMATION_OK"
660,10815324206,10815324237,1,"IOTHUB_CLIENT_CONFIRMATION_OK"
661,10815324539,10815324569,1,"IOTHUB_CLIENT_CONFIRMATION_OK"
662,10815324872,10815324912,1,"IOTHUB_CLIENT_CONFIRMATION_OK"
663,10815325205,10815325240,1,"IOTHUB_CLIENT_CONFIRMATION_OK"
664,10815325538,10815325570,1,"IOTHUB_CLIENT_CONFIRMATION_OK"
665,10815325871,10815325933,1,"IOTHUB_CLIENT_CONFIRMATION_OK"
666,10815326204,10815326234,1,"IOTHUB_CLIENT_CONFIRMATION_OK"
667,10815326538,10815326591,1,"IOTHUB_CLIENT_CONFIRMATION_OK"
668,10815326871,10815326901,1,"IOTHUB_CLIENT_CONFIRMATION_OK"
669,10815327204,10815327233,1,"IOTHUB_CLIENT_CONFIRMATION_OK"
670,10815327537,10815327568,1,"IOTHUB_CLIENT_CONFIRMATION_OK"
671,10815327870,10815327901,1,"IOTHUB_CLIENT_CONFIRMATION_OK"
672,10815328203,10815328240,1,"IOTHUB_CLIENT_CONFIRMATION_OK"
673,10815328537,10815328581,1,"IOTHUB_CLIENT_CONFIRMATION_OK"
674,10815328870,10815328912,1,"IOTHUB_CLIENT_CONFIRMATION_OK"
675,10815329203,10815329235,1,"IOTHUB_CLIENT_CONFIRMATION_OK"
676,10815329536,10815329598,1,"IOTHUB_CLIENT_CONFIRMATION_OK"
677,10815329869,10815329917,1,"IOTHUB_CLIENT_CONFIRMATION_OK"
678,10815330202,10815330279,1,"IOTHUB_CLIENT_CONFIRMATION_OK"
679,10815330535,10815330570,1,"IOTHUB_CLIENT_CONFIRMATION_OK"
680,10815330869,10815330904,1,"IOTHUB_CLIENT_CONFIRMATION_OK"
681,10815331202,10815331275,1,"IOTHUB_CLIENT_CONFIRMATION_OK"
682,10815331535,10815331569,1,"IOTHUB_CLIENT_CONFIRMATION_OK"
683,10815331868,10815331898,1,"IOTHUB_CLIENT_CONFIRMATION_OK"
684,10815332201,10815332233,1,"IOTHUB_CLIENT_CONFIRMATION_OK"
685,10815332534,10815332567,1,"IOTHUB_CLIENT_CONFIRMATION_OK"
686,10815332868,10815332905,1,"IOTHUB_CLIENT_CONFIRMATION_OK"
687,10815333201,10815333234,1,"IOTHUB_CLIENT_CONFIRMATION_OK"
688,10815333534,10815333565,1,"IOTHUB_CLIENT_CONFIRMATION_OK"
689,10815333867,10815333896,1,"IOTHUB_CLIENT_CONFIRMATION_OK"
690,10815334200,10815334233,1,"IOTHUB_CLIENT_CONFIRMATION_OK"
691,10815334533,10815334683,1,"IOTHUB_CLIENT_CONFIRMATION_OK"
692,10815334867,10815334904,1,"IOTHUB_CLIENT_CONFIRMATION_OK"
693,10815335200,10815335247,1,"IOTHUB_CLIENT_CONFIRMATION_OK"
694,10815335533,10815335686,1,"IOTHUB_CLIENT_CONFIRMATION_OK"
695,10815335866,10815335896,1,"IOTHUB_CLIENT_CONFIRMATION_OK"
696,10815336199,10815336230,1,"IOTHUB_CLIENT_CONFIRMATION_OK"
697,10815336532,10815336731,1,"IOTHUB_CLIENT_CONFIRMATION_OK"
698,10815336866,10815336915,1,"IOTHUB_CLIENT_CONFIRMATION_OK"
699,10815337199,10815337268,1,"IOTHUB_CLIENT_CONFIRMATION_OK"
700,10815337532,10815337563,1,"IOTHUB_CLIENT_CONFIRMATION_OK"
701,10815337865,10815337894,1,"IOTHUB_CLIENT_CONFIRMATION_OK"
702,10815338198,10815338250,1,"IOTHUB_CLIENT_CONFIRMATION_OK"
703,10815338531,10815338571,1,"IOTHUB_CLIENT_CONFIRMATION_OK"
704,10815338864,10815338900,1,"IOTHUB_CLIENT_CONFIRMATION_OK"
705,10815339198,10815339231,1,"IOTHUB_CLIENT_CONFIRMATION_OK"
706,10815339531,10815339700,1,"IOTHUB_CLIENT_CONFIRMATION_OK"
707,10815339864,10815339901,1,"IOTHUB_CLIENT_CONFIRMATION_OK"
708,10815340197,10815340228,1,"IOTHUB_CLIENT_CONFIRMATION_OK"
709,10815340530,10815340561,1,"IOTHUB_CLIENT_CONFIRMATION_OK"
710,10815340863,10815340896,1,"IOTHUB_CLIENT_CONFIRMATION_OK"
711,10815341197,10815341228,1,"IOTHUB_CLIENT_CONFIRMATION_OK"
712,10815341530,10815341562,1,"IOTHUB_CLIENT_CONFIRMATION_OK"
713,10815341863,10815341895,1,"IOTHUB_CLIENT_CONFIRMATION_OK"
714,10815342196,10815342227,1,"IOTHUB_CLIENT_CONFIRMATION_OK"
715,10815342529,10815342563,1,"IOTHUB_CLIENT_CONFIRMATION_OK"
716,10815342862,10815342913,1,"IOTHUB_CLIENT_CONFIRMATION_OK"
717,10815343196,10815343228,1,"IOTHUB_CLIENT_CONFIRMATION_OK"
718,10815343529,10815343579,1,"IOTHUB_CLIENT_CONFIRMATION_OK"
719,10815343862,10815343896,1,"IOTHUB_CLIENT_CONFIRMATION_OK"
720,10815344195,10815344228,1,"IOTHUB_CLIENT_CONFIRMATION_OK"
721,10815344528,10815344566,1,"IOTHUB_CLIENT_CONFIRMATION_OK"
722,10815344861,10815344899,1,"IOTHUB_CLIENT_CONFIRMATION_OK"
723,10815345195,10815345226,1,"IOTHUB_CLIENT_CONFIRMATION_OK"
724,10815345528,10815345576,1,"IOTHUB_CLIENT_CONFIRMATION_OK"
725,10815345861,10815345893,1,"IOTHUB_CLIENT_CONFIRMATION_OK"
726,10815346194,10815346225,1,"IOTHUB_CLIENT_CONFIRMATION_OK"
727,10815346527,10815346568,1,"IOTHUB_CLIENT_CONFIRMATION_OK"
728,10815346860,10815346892,1,"IOTHUB_CLIENT_CONFIRMATION_OK"
729,10815347194,10815347235,1,"IOTHUB_CLIENT_CONFIRMATION_OK"
730,10815347527,10815347557,1,"IOTHUB_CLIENT_CONFIRMATION_OK"
731,10815347860,10815347893,1,"IOTHUB_CLIENT_CONFIRMATION_OK"
732,10815348193,10815348225,1,"IOTHUB_CLIENT_CONFIRMATION_OK"
733,10815348526,10815348554,1,"IOTHUB_CLIENT_CONFIRMATION_OK"
734,10815348859,10815348900,1,"IOTHUB_CLIENT_CONFIRMATION_OK"
735,10815349193,10815349226,1,"IOTHUB_CLIENT_CONFIRMATION_OK"
736,10815349526,10815349565,1,"IOTHUB_CLIENT_CONFIRMATION_OK"
737,10815349859,10815349911,1,"IOTHUB_CLIENT_CONFIRMATION_OK"
738,10815350192,10815350222,1,"IOTHUB_CLIENT_CONFIRMATION_OK"
739,10815350525,10815350575,1,"IOTHUB_CLIENT_CONFIRMATION_OK"
740,10815350858,10815350891,1,"IOTHUB_CLIENT_CONFIRMATION_OK"
741,10815351192,10815351294,1,"IOTHUB_CLIENT_CONFIRMATION_OK"
742,10815351525,10815351555,1,"IOTHUB_CLIENT_CONFIRMATION_OK"
743,10815351858,10815351916,1,"IOTHUB_CLIENT_CONFIRMATION_OK"
744,10815352191,10815352294,1,"IOTHUB_CLIENT_CONFIRMATION_OK"
745,10815352524,10815352556,1,"IOTHUB_CLIENT_CONFIRMATION_OK"
746,10815352857,10815352886,1,"IOTHUB_CLIENT_CONFIRMATION_OK"
747,10815353190,10815353331,1,"IOTHUB_CLIENT_CONFIRMATION_OK"
748,10815353524,10815353552,1,"IOTHUB_CLIENT_CONFIRMATION_OK"
749,10815353857,10815353893,1,"IOTHUB_CLIENT_CONFIRMATION_OK"
750,10815354190,10815354315,1,"IOTHUB_CLIENT_CONFIRMATION_OK"
751,10815354523,10815354566,1,"IOTHUB_CLIENT_CONFIRMATION_OK"
752,10815354856,10815354885,1,"IOTHUB_CLIENT_CONFIRMATION_OK"
753,10815355189,10815355267,1,"IOTHUB_CLIENT_CONFIRMATION_OK"
754,10815355523,10815355560,1,"IOTHUB_CLIENT_CONFIRMATION_OK"
755,10815355856,10815355887,1,"IOTHUB_CLIENT_CONFIRMATION_OK"
756,10815356189,10815356220,1,"IOTHUB_CLIENT_CONFIRMATION_OK"
757,10815356522,10815356551,1,"IOTHUB_CLIENT_CONFIRMATION_OK"
758,10815356855,10815356886,1,"IOTHUB_CLIENT_CONFIRMATION_OK"
759,10815357188,10815357219,1,"IOTHUB_CLIENT_CONFIRMATION_OK"
760,10815357522,10815357553,1,"IOTHUB_CLIENT_CONFIRMATION_OK"
761,10815357855,10815357887,1,"IOTHUB_CLIENT_CONFIRMATION_OK"
762,10815358188,10815358222,1,"IOTHUB_CLIENT_CONFIRMATION_OK"
763,10815358521,10815358558,1,"IOTHUB_CLIENT_CONFIRMATION_OK"
764,10815358854,10815358886,1,"IOTHUB_CLIENT_CONFIRMATION_OK"
765,10815359187,10815359252,1,"IOTHUB_CLIENT_CONFIRMATION_OK"
766,10815359521,10815359551,1,"IOTHUB_CLIENT_CONFIRMATION_OK"
767,10815359854,10815359896,1,"IOTHUB_CLIENT_CONFIRMATION_OK"
768,10815360187,10815360220,1,"IOTHUB_CLIENT_CONFIRMATION_OK"
769,10815360520,10815360554,1,"IOTHUB_CLIENT_CONFIRMATION_OK"
770,10815360853,10815360886,1,"IOTHUB_CLIENT_CONFIRMATION_OK"
771,10815361186,10815361217,1,"IOTHUB_CLIENT_CONFIRMATION_OK"
772,10815361520,10815361550,1,"IOTHUB_CLIENT_CONFIRMATION_OK"
773,10815361853,10815361888,1,"IOTHUB_CLIENT_CONFIRMATION_OK"
774,10815362186,10815362219,1,"IOTHUB_CLIENT_CONFIRMATION_OK"
775,10815362519,10815362572,1,"IOTHUB_CLIENT_CONFIRMATION_OK"
776,10815362852,10815362885,1,"IOTHUB_CLIENT_CONFIRMATION_OK"
777,10815363185,10815363217,1,"IOTHUB_CLIENT_CONFIRMATION_OK"
778,10815363519,10815363552,1,"IOTHUB_CLIENT_CONFIRMATION_OK"
779,10815363852,10815363883,1,"IOTHUB_CLIENT_CONFIRMATION_OK"
780,10815364185,10815364243,1,"IOTHUB_CLIENT_CONFIRMATION_OK"
781,10815364518,10815364548,1,"IOTHUB_CLIENT_CONFIRMATION_OK"
782,10815364851,10815364907,1,"IOTHUB_CLIENT_CONFIRMATION_OK"
783,10815365184,10815365217,1,"IOTHUB_CLIENT_CONFIRMATION_OK"
784,10815365518,10815365553,1,"IOTHUB_CLIENT_CONFIRMATION_OK"
785,10815365851,10815365928,1,"IOTHUB_CLIENT_CONFIRMATION_OK"
786,10815366184,10815366215,1,"IOTHUB_CLIENT_CONFIRMATION_OK"
787,10815366517,10815366551,1,"IOTHUB_CLIENT_CONFIRMATION_OK"
788,10815366850,10815366880,1,"IOTHUB_CLIENT_CONFIRMATION_OK"
789,10815367183,10815367213,1,"IOTHUB_CLIENT_CONFIRMATION_OK"
790,10815367517,10815367551,1,"IOTHUB_CLIENT_CONFIRMATION_OK"
791,10815367850,10815368015,1,"IOTHUB_CLIENT_CONFIRMATION_OK"
792,10815368183,10815368212,1,"IOTHUB_CLIENT_CONFIRMATION_OK"
793,10815368516,10815368550,1,"IOTHUB_CLIENT_CONFIRMATION_OK"
794,10815368849,10815368893,1,"IOTHUB_CLIENT_CONFIRMATION_OK"
795,10815369182,10815369231,1,"IOTHUB_CLIENT_CONFIRMATION_OK"
796,10815369516,10815369546,1,"IOTHUB_CLIENT_CONFIRMATION_OK"
797,10815369849,10815369880,1,"IOTHUB_CLIENT_CONFIRMATION_OK"
798,10815370182,10815370214,1,"IOTHUB_CLIENT_CONFIRMATION_OK"
799,10815370515,10815370547,1,"IOTHUB_CLIENT_CONFIRMATION_OK"
800,10815370848,10815370886,1,"IOTHUB_CLIENT_CONFIRMATION_OK"
801,10815371181,10815371216,1,"IOTHUB_CLIENT_CONFIRMATION_OK"
802,10815371515,10815371563,1,"IOTHUB_CLIENT_CONFIRMATION_OK"
803,10815371848,10815371883,1,"IOTHUB_CLIENT_CONFIRMATION_OK"
804,10815372181,10815372212,1,"IOTHUB_CLIENT_CONFIRMATION_OK"
805,10815372514,10815372547,1,"IOTHUB_CLIENT_CONFIRMATION_OK"
806,10815372847,10815372898,1,"IOTHUB_CLIENT_CONFIRMATION_OK"
807,10815373180,10815373209,1,"IOTHUB_CLIENT_CONFIRMATION_OK"
808,10815373513,10815373548,1,"IOTHUB_CLIENT_CONFIRMATION_OK"
809,10815373847,10815373917,1,"IOTHUB_CLIENT_CONFIRMATION_OK"
810,10815374180,10815374219,1,"IOTHUB_CLIENT_CONFIRMATION_OK"
811,10815374513,10815374565,1,"IOTHUB_CLIENT_CONFIRMATION_OK"
812,10815374846,10815375032,1,"IOTHUB_CLIENT_CONFIRMATION_OK"
813,10815375179,10815375212,1,"IOTHUB_CLIENT_CONFIRMATION_OK"
814,10815375512,10815375543,1,"IOTHUB_CLIENT_CONFIRMATION_OK"
815,10815375846,10815375970,1,"IOTHUB_CLIENT_CONFIRMATION_OK"
816,10815376179,10815376218,1,"IOTHUB_CLIENT_CONFIRMATION_OK"
817,10815376512,10815376551,1,"IOTHUB_CLIENT_CONFIRMATION_OK"
818,10815376845,10815376878,1,"IOTHUB_CLIENT_CONFIRMATION_OK"
819,10815377178,10815377215,1,"IOTHUB_CLIENT_CONFIRMATION_OK"
820,10815377511,10815377543,1,"IOTHUB_CLIENT_CONFIRMATION_OK"
821,10815377845,10815377875,1,"IOTHUB_CLIENT_CONFIRMATION_OK"
822,10815378178,10815378209,1,"IOTHUB_CLIENT_CONFIRMATION_OK"
823,10815378511,10815378545,1,"IOTHUB_CLIENT_CONFIRMATION_OK"
824,10815378844,10815378873,1,"IOTHUB_CLIENT_CONFIRMATION_OK"
825,10815379177,10815379212,1,"IOTHUB_CLIENT_CONFIRMATION_OK"
826,10815379511,10815379542,1,"IOTHUB_CLIENT_CONFIRMATION_OK"
827,10815379844,10815379912,1,"IOTHUB_CLIENT_CONFIRMATION_OK"
828,10815380177,10815380209,1,"IOTHUB_CLIENT_CONFIRMATION_OK"
829,10815380510,10815380563,1,"IOTHUB_CLIENT_CONFIRMATION_OK"
830,10815380843,10815380875,1,"IOTHUB_CLIENT_CONFIRMATION_OK"
831,10815381176,10815381212,1,"IOTHUB_CLIENT_CONFIRMATION_OK"
832,10815381509,10815381541,1,"IOTHUB_CLIENT_CONFIRMATION_OK"
833,10815381843,10815381881,1,"IOTHUB_CLIENT_CONFIRMATION_OK"
834,10815382176,10815382222,1,"IOTHUB_CLIENT_CONFIRMATION_OK"
835,10815382509,10815382540,1,"IOTHUB_CLIENT_CONFIRMATION_OK"
836,10815382842,10815382871,1,"IOTHUB_CLIENT_CONFIRMATION_OK"
837,10815383175,10815383212,1,"IOTHUB_CLIENT_CONFIRMATION_OK"
838,10815383508,10815383543,1,"IOTHUB_CLIENT_CONFIRMATION_OK"
839,10815383842,10815383871,1,"IOTHUB_CLIENT_CONFIRMATION_OK"
840,10815384175,10815384217,1,"IOTHUB_CLIENT_CONFIRMATION_OK"
841,10815384508,10815384619,1,"IOTHUB_CLIENT_CONFIRMATION_OK"
842,10815384841,10815384882,1,"IOTHUB_CLIENT_CONFIRMATION_OK"
843,10815385174,10815385217,1,"IOTHUB_CLIENT_CONFIRMATION_OK"
844,10815385508,10815385544,1,"IOTHUB_CLIENT_CONFIRMATION_OK"
845,10815385841,10815385873,1,"IOTHUB_CLIENT_CONFIRMATION_OK"
846,10815386174,10815386203,1,"IOTHUB_CLIENT_CONFIRMATION_OK"
847,10815386507,10815386543,1,"IOTHUB_CLIENT_CONFIRMATION_OK"
848,10815386840,10815386870,1,"IOTHUB_CLIENT_CONFIRMATION_OK"
849,10815387173,10815387205,1,"IOTHUB_CLIENT_CONFIRMATION_OK"
850,10815387507,10815387551,1,"IOTHUB_CLIENT_CONFIRMATION_OK"
851,10815387840,10815387870,1,"IOTHUB_CLIENT_CONFIRMATION_OK"
852,10815388173,10815388203,1,"IOTHUB_CLIENT_CONFIRMATION_OK"
853,10815388506,10815388535,1,"IOTHUB_CLIENT_CONFIRMATION_OK"
854,10815388839,10815388881,1,"IOTHUB_CLIENT_CONFIRMATION_OK"
855,10815389172,10815389214,1,"IOTHUB_CLIENT_CONFIRMATION_OK"
856,10815389505,10815389545,1,"IOTHUB_CLIENT_CONFIRMATION_OK"
857,10815389839,10815389872,1,"IOTHUB_CLIENT_CONFIRMATION_OK"
858,10815390172,10815390204,1,"IOTHUB_CLIENT_CONFIRMATION_OK"
859,10815390505,10815390540,1,"IOTHUB_CLIENT_CONFIRMATION_OK"
860,10815390838,10815390870,1,"IOTHUB_CLIENT_CONFIRMATION_OK"
861,10815391171,10815391203,1,"IOTHUB_CLIENT_CONFIRMATION_OK"
862,10815391504,10815391546,1,"IOTHUB_CLIENT_CONFIRMATION_OK"
863,10815391838,10815391867,1,"IOTHUB_CLIENT_CONFIRMATION_OK"
864,10815392171,10815392208,1,"IOTHUB_CLIENT_CONFIRMATION_OK"
865,10815392504,10815392539,1,"IOTHUB_CLIENT_CONFIRMATION_OK"
866,10815392837,10815392869,1,"IOTHUB_CLIENT_CONFIRMATION_OK"
867,10815393170,10815393198,1,"IOTHUB_CLIENT_CONFIRMATION_OK"
868,10815393503,10815393538,1,"IOTHUB_CLIENT_CONFIRMATION_OK"
869,10815393837,10815393870,1,"IOTHUB_CLIENT_CONFIRMATION_OK"
870,10815394170,10815394202,1,"IOTHUB_CLIENT_CONFIRMATION_OK"
871,10815394503,10815394535,1,"IOTHUB_CLIENT_CONFIRMATION_OK"
872,10815394836,10815394879,1,"IOTHUB_CLIENT_CONFIRMATION_OK"
873,10815395169,10815395199,1,"IOTHUB_CLIENT_CONFIRMATION_OK"
874,10815395502,10815395535,1,"IOTHUB_CLIENT_CONFIRMATION_OK"
875,10815395836,10815395900,1,"IOTHUB_CLIENT_CONFIRMATION_OK"
876,10815396169,10815396201,1,"IOTHUB_CLIENT_CONFIRMATION_OK"
877,10815396502,10815396533,1,"IOTHUB_CLIENT_CONFIRMATION_OK"
878,10815396835,10815396863,1,"IOTHUB_CLIENT_CONFIRMATION_OK"
879,10815397168,10815397199,1,"IOTHUB_CLIENT_CONFIRMATION_OK"
880,10815397501,10815397547,1,"IOTHUB_CLIENT_CONFIRMATION_OK"
881,10815397835,10815397868,1,"IOTHUB_CLIENT_CONFIRMATION_OK"
882,10815398168,10815398201,1,"IOTHUB_CLIENT_CONFIRMATION_OK"
883,10815398501,10815398544,1,"IOTHUB_CLIENT_CONFIRMATION_OK"
884,10815398834,10815398880,1,"IOTHUB_CLIENT_CONFIRMATION_OK"
885,10815399167,10815399266,1,"IOTHUB_CLIENT_CONFIRMATION_OK"
886,10815399500,10815399538,1,"IOTHUB_CLIENT_CONFIRMATION_OK"
887,10815399834,10815399862,1,"IOTHUB_CLIENT_CONFIRMATION_OK"
888,10815400167,10815400198,1,"IOTHUB_CLIENT_CONFIRMATION_OK"
889,10815400500,10815400532,1,"IOTHUB_CLIENT_CONFIRMATION_OK"
890,10815400833,10815400867,1,"IOTHUB_CLIENT_CONFIRMATION_OK"
891,10815401166,10815401201,1,"IOTHUB_CLIENT_CONFIRMATION_OK"
892,10815401499,10815401552,1,"IOTHUB_CLIENT_CONFIRMATION_OK"
893,10815401833,10815401861,1,"IOTHUB_CLIENT_CONFIRMATION_OK"
894,10815402166,10815402241,1,"IOTHUB_CLIENT_CONFIRMATION_OK"
895,10815402499,10815402536,1,"IOTHUB_CLIENT_CONFIRMATION_OK"
896,10815402832,10815402868,1,"IOTHUB_CLIENT_CONFIRMATION_OK"
897,10815403165,10815403337,1,"IOTHUB_CLIENT_CONFIRMATION_OK"
898,10815403498,10815403533,1,"IOTHUB_CLIENT_CONFIRMATION_OK"
899,10815403831,10815403862,1,"IOTHUB_CLIENT_CONFIRMATION_OK"
