Message ID,Send Time,Receive Time,Status,Error
0,10817637569,10817637802,1,"IOTHUB_CLIENT_CONFIRMATION_OK"
1,10817637902,10817637933,1,"IOTHUB_CLIENT_CONFIRMATION_OK"
2,10817638235,10817638277,1,"IOTHUB_CLIENT_CONFIRMATION_OK"
3,10817638568,10817638601,1,"IOTHUB_CLIENT_CONFIRMATION_OK"
4,10817638902,10817638933,1,"IOTHUB_CLIENT_CONFIRMATION_OK"
5,10817639235,10817639266,1,"IOTHUB_CLIENT_CONFIRMATION_OK"
6,10817639568,10817639599,1,"IOTHUB_CLIENT_CONFIRMATION_OK"
7,10817639901,10817639933,1,"IOTHUB_CLIENT_CONFIRMATION_OK"
8,10817640234,10817640412,1,"IOTHUB_CLIENT_CONFIRMATION_OK"
9,10817640567,10817640921,1,"IOTHUB_CLIENT_CONFIRMATION_OK"
10,10817640901,10817640938,1,"IOTHUB_CLIENT_CONFIRMATION_OK"
11,10817641234,10817641263,1,"IOTHUB_CLIENT_CONFIRMATION_OK"
12,10817641567,10817641598,1,"IOTHUB_CLIENT_CONFIRMATION_OK"
13,10817641900,10817642089,1,"IOTHUB_CLIENT_CONFIRMATION_OK"
14,10817642233,10817642277,1,"IOTHUB_CLIENT_CONFIRMATION_OK"
15,10817642566,10817642603,1,"IOTHUB_CLIENT_CONFIRMATION_OK"
16,10817642900,10817642932,1,"IOTHUB_CLIENT_CONFIRMATION_OK"
17,10817643233,10817643263,1,"IOTHUB_CLIENT_CONFIRMATION_OK"
18,10817643566,10817643739,1,"IOTHUB_CLIENT_CONFIRMATION_OK"
19,10817643899,10817643928,1,"IOTHUB_CLIENT_CONFIRMATION_OK"
20,10817644232,10817644270,1,"IOTHUB_CLIENT_CONFIRMATION_OK"
21,10817644565,10817644741,1,"IOTHUB_CLIENT_CONFIRMATION_OK"
22,10817644899,10817645097,1,"IOTHUB_CLIENT_CONFIRMATION_OK"
23,10817645232,10817645262,1,"IOTHUB_CLIENT_CONFIRMATION_OK"
24,10817645565,10817645901,1,"IOTHUB_CLIENT_CONFIRMATION_OK"
25,10817645898,10817645933,1,"IOTHUB_CLIENT_CONFIRMATION_OK"
26,10817646231,10817646378,1,"IOTHUB_CLIENT_CONFIRMATION_OK"
27,10817646564,10817646597,1,"IOTHUB_CLIENT_CONFIRMATION_OK"
28,10817646898,10817646928,1,"IOTHUB_CLIENT_CONFIRMATION_OK"
29,10817647231,10817647263,1,"IOTHUB_CLIENT_CONFIRMATION_OK"
30,10817647564,10817647593,1,"IOTHUB_CLIENT_CONFIRMATION_OK"
31,10817647897,10817648018,1,"IOTHUB_CLIENT_CONFIRMATION_OK"
32,10817648230,10817648269,1,"IOTHUB_CLIENT_CONFIRMATION_OK"
33,10817648563,10817648595,1,"IOTHUB_CLIENT_CONFIRMATION_OK"
34,10817648897,10817649151,1,"IOTHUB_CLIENT_CONFIRMATION_OK"
35,10817649230,10817649260,1,"IOTHUB_CLIENT_CONFIRMATION_OK"
36,10817649563,10817649598,1,"IOTHUB_CLIENT_CONFIRMATION_OK"
37,10817649896,10817650151,1,"IOTHUB_CLIENT_CONFIRMATION_OK"
38,10817650229,10817650261,1,"IOTHUB_CLIENT_CONFIRMATION_OK"
39,10817650562,10817650745,1,"IOTHUB_CLIENT_CONFIRMATION_OK"
40,10817650896,10817650928,1,"IOTHUB_CLIENT_CONFIRMATION_OK"
41,10817651229,10817651261,1,"IOTHUB_CLIENT_CONFIRMATION_OK"
42,10817651562,10817651591,1,"IOTHUB_CLIENT_CONFIRMATION_OK"
43,10817651895,10817651925,1,"IOTHUB_CLIENT_CONFIRMATION_OK"
44,10817652228,10817652384,1,"IOTHUB_CLIENT_CONFIRMATION_OK"
45,10817652561,10817652592,1,"IOTHUB_CLIENT_CONFIRMATION_OK"
46,10817652895,10817652924,1,"IOTHUB_CLIENT_CONFIRMATION_OK"
47,10817653228,10817653260,1,"IOTHUB_CLIENT_CONFIRMATION_OK"
48,10817653561,10817653591,1,"IOTHUB_CLIENT_CONFIRMATION_OK"
49,10817653894,10817654052,1,"IOTHUB_CLIENT_CONFIRMATION_OK"
50,10817654227,10817654260,1,"IOTHUB_CLIENT_CONFIRMATION_OK"
51,10817654560,10817654590,1,"IOTHUB_CLIENT_CONFIRMATION_OK"
52,10817654894,10817655026,1,"IOTHUB_CLIENT_CONFIRMATION_OK"
53,10817655227,10817655258,1,"IOTHUB_CLIENT_CONFIRMATION_OK"
54,10817655560,10817655644,1,"IOTHUB_CLIENT_CONFIRMATION_OK"
55,10817655893,10817655925,1,"IOTHUB_CLIENT_CONFIRMATION_OK"
56,10817656226,10817656295,1,"IOTHUB_CLIENT_CONFIRMATION_OK"
57,10817656559,10817656666,1,"IOTHUB_CLIENT_CONFIRMATION_OK"
58,10817656893,10817656921,1,"IOTHUB_CLIENT_CONFIRMATION_OK"
59,10817657226,10817657271,1,"IOTHUB_CLIENT_CONFIRMATION_OK"
60,10817657559,10817657637,1,"IOTHUB_CLIENT_CONFIRMATION_OK"
61,10817657892,10817657924,1,"IOTHUB_CLIENT_CONFIRMATION_OK"
62,10817658225,10817658295,1,"IOTHUB_CLIENT_CONFIRMATION_OK"
63,10817658558,10817658592,1,"IOTHUB_CLIENT_CONFIRMATION_OK"
64,10817658891,10817658920,1,"IOTHUB_CLIENT_CONFIRMATION_OK"
65,10817659225,10817659338,1,"IOTHUB_CLIENT_CONFIRMATION_OK"
66,10817659558,10817659588,1,"IOTHUB_CLIENT_CONFIRMATION_OK"
67,10817659891,10817659957,1,"IOTHUB_CLIENT_CONFIRMATION_OK"
68,10817660224,10817660253,1,"IOTHUB_CLIENT_CONFIRMATION_OK"
69,10817660557,10817660600,1,"IOTHUB_CLIENT_CONFIRMATION_OK"
70,10817660890,10817660961,1,"IOTHUB_CLIENT_CONFIRMATION_OK"
71,10817661224,10817661254,1,"IOTHUB_CLIENT_CONFIRMATION_OK"
72,10817661557,10817661586,1,"IOTHUB_CLIENT_CONFIRMATION_OK"
73,10817661890,10817661922,1,"IOTHUB_CLIENT_CONFIRMATION_OK"
74,10817662223,10817662257,1,"IOTHUB_CLIENT_CONFIRMATION_OK"
75,10817662556,10817662599,1,"IOTHUB_CLIENT_CONFIRMATION_OK"
76,10817662889,10817662920,1,"IOTHUB_CLIENT_CONFIRMATION_OK"
77,10817663223,10817663264,1,"IOTHUB_CLIENT_CONFIRMATION_OK"
78,10817663556,10817663584,1,"IOTHUB_CLIENT_CONFIRMATION_OK"
79,10817663889,10817663923,1,"IOTHUB_CLIENT_CONFIRMATION_OK"
80,10817664222,10817664251,1,"IOTHUB_CLIENT_CONFIRMATION_OK"
81,10817664555,10817664585,1,"IOTHUB_CLIENT_CONFIRMATION_OK"
82,10817664888,10817664922,1,"IOTHUB_CLIENT_CONFIRMATION_OK"
83,10817665222,10817665260,1,"IOTHUB_CLIENT_CONFIRMATION_OK"
84,10817665555,10817665584,1,"IOTHUB_CLIENT_CONFIRMATION_OK"
85,10817665888,10817665922,1,"IOTHUB_CLIENT_CONFIRMATION_OK"
86,10817666221,10817666255,1,"IOTHUB_CLIENT_CONFIRMATION_OK"
87,10817666554,10817666585,1,"IOTHUB_CLIENT_CONFIRMATION_OK"
88,10817666887,10817667148,1,"IOTHUB_CLIENT_CONFIRMATION_OK"
89,10817667221,10817667251,1,"IOTHUB_CLIENT_CONFIRMATION_OK"
90,10817667554,10817667583,1,"IOTHUB_CLIENT_CONFIRMATION_OK"
91,10817667887,10817667917,1,"IOTHUB_CLIENT_CONFIRMATION_OK"
92,10817668220,10817668252,1,"IOTHUB_CLIENT_CONFIRMATION_OK"
93,10817668553,10817668614,1,"IOTHUB_CLIENT_CONFIRMATION_OK"
94,10817668886,10817668918,1,"IOTHUB_CLIENT_CONFIRMATION_OK"
95,10817669220,10817669265,1,"IOTHUB_CLIENT_CONFIRMATION_OK"
96,10817669553,10817669612,1,"IOTHUB_CLIENT_CONFIRMATION_OK"
97,10817669886,10817669922,1,"IOTHUB_CLIENT_CONFIRMATION_OK"
98,10817670219,10817670249,1,"IOTHUB_CLIENT_CONFIRMATION_OK"
99,10817670552,10817670585,1,"IOTHUB_CLIENT_CONFIRMATION_OK"
100,10817670885,10817670924,1,"IOTHUB_CLIENT_CONFIRMATION_OK"
101,10817671219,10817671249,1,"IOTHUB_CLIENT_CONFIRMATION_OK"
102,10817671552,10817671645,1,"IOTHUB_CLIENT_CONFIRMATION_OK"
103,10817671885,10817671913,1,"IOTHUB_CLIENT_CONFIRMATION_OK"
104,10817672218,10817672250,1,"IOTHUB_CLIENT_CONFIRMATION_OK"
105,10817672551,10817672580,1,"IOTHUB_CLIENT_CONFIRMATION_OK"
106,10817672884,10817672924,1,"IOTHUB_CLIENT_CONFIRMATION_OK"
107,10817673218,10817673247,1,"IOTHUB_CLIENT_CONFIRMATION_OK"
108,10817673551,10817673635,1,"IOTHUB_CLIENT_CONFIRMATION_OK"
109,10817673884,10817674055,1,"IOTHUB_CLIENT_CONFIRMATION_OK"
110,10817674217,10817674248,1,"IOTHUB_CLIENT_CONFIRMATION_OK"
111,10817674550,10817674657,1,"IOTHUB_CLIENT_CONFIRMATION_OK"
112,10817674883,10817674918,1,"IOTHUB_CLIENT_CONFIRMATION_OK"
113,10817675217,10817675245,1,"IOTHUB_CLIENT_CONFIRMATION_OK"
114,10817675550,10817675678,1,"IOTHUB_CLIENT_CONFIRMATION_OK"
115,10817675883,10817675912,1,"IOTHUB_CLIENT_CONFIRMATION_OK"
116,10817676216,10817676245,1,"IOTHUB_CLIENT_CONFIRMATION_OK"
117,10817676549,10817676580,1,"IOTHUB_CLIENT_CONFIRMATION_OK"
118,10817676882,10817676916,1,"IOTHUB_CLIENT_CONFIRMATION_OK"
119,10817677216,10817677310,1,"IOTHUB_CLIENT_CONFIRMATION_OK"
120,10817677549,10817677582,1,"IOTHUB_CLIENT_CONFIRMATION_OK"
121,10817677882,10817677915,1,"IOTHUB_CLIENT_CONFIRMATION_OK"
122,10817678215,10817678363,1,"IOTHUB_CLIENT_CONFIRMATION_OK"
123,10817678548,10817678588,1,"IOTHUB_CLIENT_CONFIRMATION_OK"
124,10817678881,10817678980,1,"IOTHUB_CLIENT_CONFIRMATION_OK"
125,10817679215,10817679242,1,"IOTHUB_CLIENT_CONFIRMATION_OK"
126,10817679548,10817679577,1,"IOTHUB_CLIENT_CONFIRMATION_OK"
127,10817679881,10817680005,1,"IOTHUB_CLIENT_CONFIRMATION_OK"
128,10817680214,10817680245,1,"IOTHUB_CLIENT_CONFIRMATION_OK"
129,10817680547,10817680723,1,"IOTHUB_CLIENT_CONFIRMATION_OK"
130,10817680880,10817680924,1,"IOTHUB_CLIENT_CONFIRMATION_OK"
131,10817681214,10817681246,1,"IOTHUB_CLIENT_CONFIRMATION_OK"
132,10817681547,10817681738,1,"IOTHUB_CLIENT_CONFIRMATION_OK"
133,10817681880,10817681909,1,"IOTHUB_CLIENT_CONFIRMATION_OK"
134,10817682213,10817682245,1,"IOTHUB_CLIENT_CONFIRMATION_OK"
135,10817682546,10817682575,1,"IOTHUB_CLIENT_CONFIRMATION_OK"
136,10817682879,10817682908,1,"IOTHUB_CLIENT_CONFIRMATION_OK"
137,10817683213,10817683244,1,"IOTHUB_CLIENT_CONFIRMATION_OK"
138,10817683546,10817683576,1,"IOTHUB_CLIENT_CONFIRMATION_OK"
139,10817683879,10817683923,1,"IOTHUB_CLIENT_CONFIRMATION_OK"
140,10817684212,10817684383,1,"IOTHUB_CLIENT_CONFIRMATION_OK"
141,10817684545,10817684574,1,"IOTHUB_CLIENT_CONFIRMATION_OK"
142,10817684878,10817684909,1,"IOTHUB_CLIENT_CONFIRMATION_OK"
143,10817685212,10817685311,1,"IOTHUB_CLIENT_CONFIRMATION_OK"
144,10817685545,10817685589,1,"IOTHUB_CLIENT_CONFIRMATION_OK"
145,10817685878,10817685988,1,"IOTHUB_CLIENT_CONFIRMATION_OK"
146,10817686211,10817686462,1,"IOTHUB_CLIENT_CONFIRMATION_OK"
147,10817686544,10817686576,1,"IOTHUB_CLIENT_CONFIRMATION_OK"
148,10817686877,10817686907,1,"IOTHUB_CLIENT_CONFIRMATION_OK"
149,10817687211,10817687244,1,"IOTHUB_CLIENT_CONFIRMATION_OK"
150,10817687544,10817687615,1,"IOTHUB_CLIENT_CONFIRMATION_OK"
151,10817687877,10817687906,1,"IOTHUB_CLIENT_CONFIRMATION_OK"
152,10817688210,10817688239,1,"IOTHUB_CLIENT_CONFIRMATION_OK"
153,10817688543,10817688627,1,"IOTHUB_CLIENT_CONFIRMATION_OK"
154,10817688876,10817688941,1,"IOTHUB_CLIENT_CONFIRMATION_OK"
155,10817689209,10817689244,1,"IOTHUB_CLIENT_CONFIRMATION_OK"
156,10817689543,10817689574,1,"IOTHUB_CLIENT_CONFIRMATION_OK"
157,10817689876,10817689907,1,"IOTHUB_CLIENT_CONFIRMATION_OK"
158,10817690209,10817690255,1,"IOTHUB_CLIENT_CONFIRMATION_OK"
159,10817690542,10817690607,1,"IOTHUB_CLIENT_CONFIRMATION_OK"
160,10817690875,10817691037,1,"IOTHUB_CLIENT_CONFIRMATION_OK"
161,10817691208,10817691238,1,"IOTHUB_CLIENT_CONFIRMATION_OK"
162,10817691542,10817691577,1,"IOTHUB_CLIENT_CONFIRMATION_OK"
163,10817691875,10817691921,1,"IOTHUB_CLIENT_CONFIRMATION_OK"
164,10817692208,10817692244,1,"IOTHUB_CLIENT_CONFIRMATION_OK"
165,10817692541,10817692706,1,"IOTHUB_CLIENT_CONFIRMATION_OK"
166,10817692874,10817692910,1,"IOTHUB_CLIENT_CONFIRMATION_OK"
167,10817693207,10817693244,1,"IOTHUB_CLIENT_CONFIRMATION_OK"
168,10817693541,10817693619,1,"IOTHUB_CLIENT_CONFIRMATION_OK"
169,10817693874,10817693974,1,"IOTHUB_CLIENT_CONFIRMATION_OK"
170,10817694207,10817694247,1,"IOTHUB_CLIENT_CONFIRMATION_OK"
171,10817694540,10817694742,1,"IOTHUB_CLIENT_CONFIRMATION_OK"
172,10817694873,10817694907,1,"IOTHUB_CLIENT_CONFIRMATION_OK"
173,10817695206,10817695240,1,"IOTHUB_CLIENT_CONFIRMATION_OK"
174,10817695540,10817695581,1,"IOTHUB_CLIENT_CONFIRMATION_OK"
175,10817695873,10817695905,1,"IOTHUB_CLIENT_CONFIRMATION_OK"
176,10817696206,10817696239,1,"IOTHUB_CLIENT_CONFIRMATION_OK"
177,10817696539,10817696569,1,"IOTHUB_CLIENT_CONFIRMATION_OK"
178,10817696872,10817696907,1,"IOTHUB_CLIENT_CONFIRMATION_OK"
179,10817697205,10817697367,1,"IOTHUB_CLIENT_CONFIRMATION_OK"
180,10817697538,10817697568,1,"IOTHUB_CLIENT_CONFIRMATION_OK"
181,10817697872,10817697998,1,"IOTHUB_CLIENT_CONFIRMATION_OK"
182,10817698205,10817698236,1,"IOTHUB_CLIENT_CONFIRMATION_OK"
183,10817698538,10817698566,1,"IOTHUB_CLIENT_CONFIRMATION_OK"
184,10817698871,10817699013,1,"IOTHUB_CLIENT_CONFIRMATION_OK"
185,10817699204,10817699330,1,"IOTHUB_CLIENT_CONFIRMATION_OK"
186,10817699537,10817699569,1,"IOTHUB_CLIENT_CONFIRMATION_OK"
187,10817699871,10817699912,1,"IOTHUB_CLIENT_CONFIRMATION_OK"
188,10817700204,10817700332,1,"IOTHUB_CLIENT_CONFIRMATION_OK"
189,10817700537,10817700567,1,"IOTHUB_CLIENT_CONFIRMATION_OK"
190,10817700870,10817700922,1,"IOTHUB_CLIENT_CONFIRMATION_OK"
191,10817701203,10817701233,1,"IOTHUB_CLIENT_CONFIRMATION_OK"
192,10817701536,10817701723,1,"IOTHUB_CLIENT_CONFIRMATION_OK"
193,10817701870,10817701899,1,"IOTHUB_CLIENT_CONFIRMATION_OK"
194,10817702203,10817702231,1,"IOTHUB_CLIENT_CONFIRMATION_OK"
195,10817702536,10817702756,1,"IOTHUB_CLIENT_CONFIRMATION_OK"
196,10817702869,10817702898,1,"IOTHUB_CLIENT_CONFIRMATION_OK"
197,10817703202,10817703355,1,"IOTHUB_CLIENT_CONFIRMATION_OK"
198,10817703535,10817703581,1,"IOTHUB_CLIENT_CONFIRMATION_OK"
199,10817703869,10817703901,1,"IOTHUB_CLIENT_CONFIRMATION_OK"
200,10817704202,10817704245,1,"IOTHUB_CLIENT_CONFIRMATION_OK"
201,10817704535,10817704563,1,"IOTHUB_CLIENT_CONFIRMATION_OK"
202,10817704868,10817704978,1,"IOTHUB_CLIENT_CONFIRMATION_OK"
203,10817705201,10817705233,1,"IOTHUB_CLIENT_CONFIRMATION_OK"
204,10817705534,10817705565,1,"IOTHUB_CLIENT_CONFIRMATION_OK"
205,10817705868,10817705985,1,"IOTHUB_CLIENT_CONFIRMATION_OK"
206,10817706201,10817706234,1,"IOTHUB_CLIENT_CONFIRMATION_OK"
207,10817706534,10817706601,1,"IOTHUB_CLIENT_CONFIRMATION_OK"
208,10817706867,10817706914,1,"IOTHUB_CLIENT_CONFIRMATION_OK"
209,10817707200,10817707232,1,"IOTHUB_CLIENT_CONFIRMATION_OK"
210,10817707533,10817707611,1,"IOTHUB_CLIENT_CONFIRMATION_OK"
211,10817707866,10817707899,1,"IOTHUB_CLIENT_CONFIRMATION_OK"
212,10817708200,10817708233,1,"IOTHUB_CLIENT_CONFIRMATION_OK"
213,10817708533,10817708562,1,"IOTHUB_CLIENT_CONFIRMATION_OK"
214,10817708866,10817708897,1,"IOTHUB_CLIENT_CONFIRMATION_OK"
215,10817709199,10817709241,1,"IOTHUB_CLIENT_CONFIRMATION_OK"
216,10817709532,10817709563,1,"IOTHUB_CLIENT_CONFIRMATION_OK"
217,10817709865,10817709894,1,"IOTHUB_CLIENT_CONFIRMATION_OK"
218,10817710199,10817710228,1,"IOTHUB_CLIENT_CONFIRMATION_OK"
219,10817710532,10817710562,1,"IOTHUB_CLIENT_CONFIRMATION_OK"
220,10817710865,10817710896,1,"IOTHUB_CLIENT_CONFIRMATION_OK"
221,10817711198,10817711227,1,"IOTHUB_CLIENT_CONFIRMATION_OK"
222,10817711531,10817711564,1,"IOTHUB_CLIENT_CONFIRMATION_OK"
223,10817711864,10817711912,1,"IOTHUB_CLIENT_CONFIRMATION_OK"
224,10817712198,10817712226,1,"IOTHUB_CLIENT_CONFIRMATION_OK"
225,10817712531,10817712561,1,"IOTHUB_CLIENT_CONFIRMATION_OK"
226,10817712864,10817712895,1,"IOTHUB_CLIENT_CONFIRMATION_OK"
227,10817713197,10817713225,1,"IOTHUB_CLIENT_CONFIRMATION_OK"
228,10817713530,10817713562,1,"IOTHUB_CLIENT_CONFIRMATION_OK"
229,10817713863,10817713894,1,"IOTHUB_CLIENT_CONFIRMATION_OK"
230,10817714197,10817714231,1,"IOTHUB_CLIENT_CONFIRMATION_OK"
231,10817714530,10817714566,1,"IOTHUB_CLIENT_CONFIRMATION_OK"
232,10817714863,10817714891,1,"IOTHUB_CLIENT_CONFIRMATION_OK"
233,10817715196,10817715230,1,"IOTHUB_CLIENT_CONFIRMATION_OK"
234,10817715529,10817715557,1,"IOTHUB_CLIENT_CONFIRMATION_OK"
235,10817715862,10817715900,1,"IOTHUB_CLIENT_CONFIRMATION_OK"
236,10817716195,10817716384,1,"IOTHUB_CLIENT_CONFIRMATION_OK"
237,10817716529,10817716559,1,"IOTHUB_CLIENT_CONFIRMATION_OK"
238,10817716862,10817716896,1,"IOTHUB_CLIENT_CONFIRMATION_OK"
239,10817717195,10817717227,1,"IOTHUB_CLIENT_CONFIRMATION_OK"
240,10817717528,10817717560,1,"IOTHUB_CLIENT_CONFIRMATION_OK"
241,10817717861,10817718023,1,"IOTHUB_CLIENT_CONFIRMATION_OK"
242,10817718194,10817718257,1,"IOTHUB_CLIENT_CONFIRMATION_OK"
243,10817718528,10817718556,1,"IOTHUB_CLIENT_CONFIRMATION_OK"
244,10817718861,10817718894,1,"IOTHUB_CLIENT_CONFIRMATION_OK"
245,10817719194,10817719248,1,"IOTHUB_CLIENT_CONFIRMATION_OK"
246,10817719527,10817719560,1,"IOTHUB_CLIENT_CONFIRMATION_OK"
247,10817719860,10817719893,1,"IOTHUB_CLIENT_CONFIRMATION_OK"
248,10817720193,10817720221,1,"IOTHUB_CLIENT_CONFIRMATION_OK"
249,10817720527,10817720755,1,"IOTHUB_CLIENT_CONFIRMATION_OK"
250,10817720860,10817720893,1,"IOTHUB_CLIENT_CONFIRMATION_OK"
251,10817721193,10817721225,1,"IOTHUB_CLIENT_CONFIRMATION_OK"
252,10817721526,10817721558,1,"IOTHUB_CLIENT_CONFIRMATION_OK"
253,10817721859,10817721889,1,"IOTHUB_CLIENT_CONFIRMATION_OK"
254,10817722192,10817722417,1,"IOTHUB_CLIENT_CONFIRMATION_OK"
255,10817722526,10817722556,1,"IOTHUB_CLIENT_CONFIRMATION_OK"
256,10817722859,10817722914,1,"IOTHUB_CLIENT_CONFIRMATION_OK"
257,10817723192,10817723223,1,"IOTHUB_CLIENT_CONFIRMATION_OK"
258,10817723525,10817723558,1,"IOTHUB_CLIENT_CONFIRMATION_OK"
259,10817723858,10817724019,1,"IOTHUB_CLIENT_CONFIRMATION_OK"
260,10817724191,10817724223,1,"IOTHUB_CLIENT_CONFIRMATION_OK"
261,10817724525,10817724559,1,"IOTHUB_CLIENT_CONFIRMATION_OK"
262,10817724858,10817724888,1,"IOTHUB_CLIENT_CONFIRMATION_OK"
263,10817725191,10817725232,1,"IOTHUB_CLIENT_CONFIRMATION_OK"
264,10817725524,10817725658,1,"IOTHUB_CLIENT_CONFIRMATION_OK"
265,10817725857,10817725887,1,"IOTHUB_CLIENT_CONFIRMATION_OK"
266,10817726190,10817726220,1,"IOTHUB_CLIENT_CONFIRMATION_OK"
267,10817726523,10817726662,1,"IOTHUB_CLIENT_CONFIRMATION_OK"
268,10817726857,10817726888,1,"IOTHUB_CLIENT_CONFIRMATION_OK"
269,10817727190,10817727287,1,"IOTHUB_CLIENT_CONFIRMATION_OK"
270,10817727523,10817727551,1,"IOTHUB_CLIENT_CONFIRMATION_OK"
271,10817727856,10817727896,1,"IOTHUB_CLIENT_CONFIRMATION_OK"
272,10817728189,10817728304,1,"IOTHUB_CLIENT_CONFIRMATION_OK"
273,10817728522,10817728561,1,"IOTHUB_CLIENT_CONFIRMATION_OK"
274,10817728855,10817728895,1,"IOTHUB_CLIENT_CONFIRMATION_OK"
275,10817729189,10817729219,1,"IOTHUB_CLIENT_CONFIRMATION_OK"
276,10817729522,10817729564,1,"IOTHUB_CLIENT_CONFIRMATION_OK"
277,10817729855,10817730083,1,"IOTHUB_CLIENT_CONFIRMATION_OK"
278,10817730188,10817730231,1,"IOTHUB_CLIENT_CONFIRMATION_OK"
279,10817730521,10817730553,1,"IOTHUB_CLIENT_CONFIRMATION_OK"
280,10817730854,10817730927,1,"IOTHUB_CLIENT_CONFIRMATION_OK"
281,10817731188,10817731222,1,"IOTHUB_CLIENT_CONFIRMATION_OK"
282,10817731521,10817731551,1,"IOTHUB_CLIENT_CONFIRMATION_OK"
283,10817731854,10817731884,1,"IOTHUB_CLIENT_CONFIRMATION_OK"
284,10817732187,10817732217,1,"IOTHUB_CLIENT_CONFIRMATION_OK"
285,10817732520,10817732725,1,"IOTHUB_CLIENT_CONFIRMATION_OK"
286,10817732853,10817732884,1,"IOTHUB_CLIENT_CONFIRMATION_OK"
287,10817733187,10817733227,1,"IOTHUB_CLIENT_CONFIRMATION_OK"
288,10817733520,10817733549,1,"IOTHUB_CLIENT_CONFIRMATION_OK"
289,10817733853,10817733884,1,"IOTHUB_CLIENT_CONFIRMATION_OK"
290,10817734186,10817734413,1,"IOTHUB_CLIENT_CONFIRMATION_OK"
291,10817734519,10817734550,1,"IOTHUB_CLIENT_CONFIRMATION_OK"
292,10817734852,10817734896,1,"IOTHUB_CLIENT_CONFIRMATION_OK"
293,10817735186,10817735411,1,"IOTHUB_CLIENT_CONFIRMATION_OK"
294,10817735519,10817735552,1,"IOTHUB_CLIENT_CONFIRMATION_OK"
295,10817735852,10817735888,1,"IOTHUB_CLIENT_CONFIRMATION_OK"
296,10817736185,10817736215,1,"IOTHUB_CLIENT_CONFIRMATION_OK"
297,10817736518,10817736562,1,"IOTHUB_CLIENT_CONFIRMATION_OK"
298,10817736851,10817737042,1,"IOTHUB_CLIENT_CONFIRMATION_OK"
299,10817737185,10817737214,1,"IOTHUB_CLIENT_CONFIRMATION_OK"
300,10817737518,10817737551,1,"IOTHUB_CLIENT_CONFIRMATION_OK"
301,10817737851,10817737882,1,"IOTHUB_CLIENT_CONFIRMATION_OK"
302,10817738184,10817738217,1,"IOTHUB_CLIENT_CONFIRMATION_OK"
303,10817738517,10817738672,1,"IOTHUB_CLIENT_CONFIRMATION_OK"
304,10817738850,10817738886,1,"IOTHUB_CLIENT_CONFIRMATION_OK"
305,10817739183,10817739216,1,"IOTHUB_CLIENT_CONFIRMATION_OK"
306,10817739517,10817739546,1,"IOTHUB_CLIENT_CONFIRMATION_OK"
307,10817739850,10817739882,1,"IOTHUB_CLIENT_CONFIRMATION_OK"
308,10817740183,10817740293,1,"IOTHUB_CLIENT_CONFIRMATION_OK"
309,10817740516,10817740556,1,"IOTHUB_CLIENT_CONFIRMATION_OK"
310,10817740849,10817740880,1,"IOTHUB_CLIENT_CONFIRMATION_OK"
311,10817741182,10817741321,1,"IOTHUB_CLIENT_CONFIRMATION_OK"
312,10817741516,10817741549,1,"IOTHUB_CLIENT_CONFIRMATION_OK"
313,10817741849,10817741918,1,"IOTHUB_CLIENT_CONFIRMATION_OK"
314,10817742182,10817742216,1,"IOTHUB_CLIENT_CONFIRMATION_OK"
315,10817742515,10817742546,1,"IOTHUB_CLIENT_CONFIRMATION_OK"
316,10817742848,10817742925,1,"IOTHUB_CLIENT_CONFIRMATION_OK"
317,10817743181,10817743214,1,"IOTHUB_CLIENT_CONFIRMATION_OK"
318,10817743515,10817743544,1,"IOTHUB_CLIENT_CONFIRMATION_OK"
319,10817743848,10817743879,1,"IOTHUB_CLIENT_CONFIRMATION_OK"
320,10817744181,10817744242,1,"IOTHUB_CLIENT_CONFIRMATION_OK"
321,10817744514,10817744639,1,"IOTHUB_CLIENT_CONFIRMATION_OK"
322,10817744847,10817744880,1,"IOTHUB_CLIENT_CONFIRMATION_OK"
323,10817745180,10817745211,1,"IOTHUB_CLIENT_CONFIRMATION_OK"
324,10817745514,10817745653,1,"IOTHUB_CLIENT_CONFIRMATION_OK"
325,10817745847,10817745879,1,"IOTHUB_CLIENT_CONFIRMATION_OK"
326,10817746180,10817746260,1,"IOTHUB_CLIENT_CONFIRMATION_OK"
327,10817746513,10817746541,1,"IOTHUB_CLIENT_CONFIRMATION_OK"
328,10817746846,10817746884,1,"IOTHUB_CLIENT_CONFIRMATION_OK"
329,10817747179,10817747283,1,"IOTHUB_CLIENT_CONFIRMATION_OK"
330,10817747513,10817747540,1,"IOTHUB_CLIENT_CONFIRMATION_OK"
331,10817747846,10817747888,1,"IOTHUB_CLIENT_CONFIRMATION_OK"
332,10817748179,10817748211,1,"IOTHUB_CLIENT_CONFIRMATION_OK"
333,10817748512,10817748557,1,"IOTHUB_CLIENT_CONFIRMATION_OK"
334,10817748845,10817748899,1,"IOTHUB_CLIENT_CONFIRMATION_OK"
335,10817749178,10817749208,1,"IOTHUB_CLIENT_CONFIRMATION_OK"
336,10817749512,10817749543,1,"IOTHUB_CLIENT_CONFIRMATION_OK"
337,10817749845,10817749942,1,"IOTHUB_CLIENT_CONFIRMATION_OK"
338,10817750178,10817750207,1,"IOTHUB_CLIENT_CONFIRMATION_OK"
339,10817750511,10817750544,1,"IOTHUB_CLIENT_CONFIRMATION_OK"
340,10817750844,10817750883,1,"IOTHUB_CLIENT_CONFIRMATION_OK"
341,10817751177,10817751207,1,"IOTHUB_CLIENT_CONFIRMATION_OK"
342,10817751511,10817751582,1,"IOTHUB_CLIENT_CONFIRMATION_OK"
343,10817751844,10817751880,1,"IOTHUB_CLIENT_CONFIRMATION_OK"
344,10817752177,10817752209,1,"IOTHUB_CLIENT_CONFIRMATION_OK"
345,10817752510,10817752541,1,"IOTHUB_CLIENT_CONFIRMATION_OK"
346,10817752843,10817752874,1,"IOTHUB_CLIENT_CONFIRMATION_OK"
347,10817753176,10817753235,1,"IOTHUB_CLIENT_CONFIRMATION_OK"
348,10817753510,10817753557,1,"IOTHUB_CLIENT_CONFIRMATION_OK"
349,10817753843,10817753872,1,"IOTHUB_CLIENT_CONFIRMATION_OK"
350,10817754176,10817754217,1,"IOTHUB_CLIENT_CONFIRMATION_OK"
351,10817754509,10817754538,1,"IOTHUB_CLIENT_CONFIRMATION_OK"
352,10817754842,10817754875,1,"IOTHUB_CLIENT_CONFIRMATION_OK"
353,10817755175,10817755212,1,"IOTHUB_CLIENT_CONFIRMATION_OK"
354,10817755509,10817755541,1,"IOTHUB_CLIENT_CONFIRMATION_OK"
355,10817755842,10817755872,1,"IOTHUB_CLIENT_CONFIRMATION_OK"
356,10817756175,10817756204,1,"IOTHUB_CLIENT_CONFIRMATION_OK"
357,10817756508,10817756539,1,"IOTHUB_CLIENT_CONFIRMATION_OK"
358,10817756841,10817756869,1,"IOTHUB_CLIENT_CONFIRMATION_OK"
359,10817757174,10817757209,1,"IOTHUB_CLIENT_CONFIRMATION_OK"
360,10817757508,10817757704,1,"IOTHUB_CLIENT_CONFIRMATION_OK"
361,10817757841,10817757871,1,"IOTHUB_CLIENT_CONFIRMATION_OK"
362,10817758174,10817758203,1,"IOTHUB_CLIENT_CONFIRMATION_OK"
363,10817758507,10817758538,1,"IOTHUB_CLIENT_CONFIRMATION_OK"
364,10817758840,10817758868,1,"IOTHUB_CLIENT_CONFIRMATION_OK"
365,10817759173,10817759205,1,"IOTHUB_CLIENT_CONFIRMATION_OK"
366,10817759507,10817759555,1,"IOTHUB_CLIENT_CONFIRMATION_OK"
367,10817759840,10817759870,1,"IOTHUB_CLIENT_CONFIRMATION_OK"
368,10817760173,10817760350,1,"IOTHUB_CLIENT_CONFIRMATION_OK"
369,10817760506,10817760562,1,"IOTHUB_CLIENT_CONFIRMATION_OK"
370,10817760839,10817760876,1,"IOTHUB_CLIENT_CONFIRMATION_OK"
371,10817761172,10817761209,1,"IOTHUB_CLIENT_CONFIRMATION_OK"
372,10817761505,10817761539,1,"IOTHUB_CLIENT_CONFIRMATION_OK"
373,10817761839,10817761967,1,"IOTHUB_CLIENT_CONFIRMATION_OK"
374,10817762172,10817762357,1,"IOTHUB_CLIENT_CONFIRMATION_OK"
375,10817762505,10817762570,1,"IOTHUB_CLIENT_CONFIRMATION_OK"
376,10817762838,10817762935,1,"IOTHUB_CLIENT_CONFIRMATION_OK"
377,10817763171,10817763207,1,"IOTHUB_CLIENT_CONFIRMATION_OK"
378,10817763504,10817763592,1,"IOTHUB_CLIENT_CONFIRMATION_OK"
379,10817763837,10817763870,1,"IOTHUB_CLIENT_CONFIRMATION_OK"
380,10817764171,10817764223,1,"IOTHUB_CLIENT_CONFIRMATION_OK"
381,10817764504,10817764597,1,"IOTHUB_CLIENT_CONFIRMATION_OK"
382,10817764837,10817764868,1,"IOTHUB_CLIENT_CONFIRMATION_OK"
383,10817765170,10817765212,1,"IOTHUB_CLIENT_CONFIRMATION_OK"
384,10817765503,10817765533,1,"IOTHUB_CLIENT_CONFIRMATION_OK"
385,10817765836,10817765867,1,"IOTHUB_CLIENT_CONFIRMATION_OK"
386,10817766170,10817766221,1,"IOTHUB_CLIENT_CONFIRMATION_OK"
387,10817766503,10817766536,1,"IOTHUB_CLIENT_CONFIRMATION_OK"
388,10817766836,10817766869,1,"IOTHUB_CLIENT_CONFIRMATION_OK"
389,10817767169,10817767200,1,"IOTHUB_CLIENT_CONFIRMATION_OK"
390,10817767502,10817767538,1,"IOTHUB_CLIENT_CONFIRMATION_OK"
391,10817767835,10817767867,1,"IOTHUB_CLIENT_CONFIRMATION_OK"
392,10817768169,10817768204,1,"IOTHUB_CLIENT_CONFIRMATION_OK"
393,10817768502,10817768532,1,"IOTHUB_CLIENT_CONFIRMATION_OK"
394,10817768835,10817768870,1,"IOTHUB_CLIENT_CONFIRMATION_OK"
395,10817769168,10817769198,1,"IOTHUB_CLIENT_CONFIRMATION_OK"
396,10817769501,10817769533,1,"IOTHUB_CLIENT_CONFIRMATION_OK"
397,10817769834,10817769869,1,"IOTHUB_CLIENT_CONFIRMATION_OK"
398,10817770168,10817770197,1,"IOTHUB_CLIENT_CONFIRMATION_OK"
399,10817770501,10817770694,1,"IOTHUB_CLIENT_CONFIRMATION_OK"
400,10817770834,10817770865,1,"IOTHUB_CLIENT_CONFIRMATION_OK"
401,10817771167,10817771203,1,"IOTHUB_CLIENT_CONFIRMATION_OK"
402,10817771500,10817771532,1,"IOTHUB_CLIENT_CONFIRMATION_OK"
403,10817771833,10817771864,1,"IOTHUB_CLIENT_CONFIRMATION_OK"
404,10817772166,10817772214,1,"IOTHUB_CLIENT_CONFIRMATION_OK"
405,10817772500,10817772529,1,"IOTHUB_CLIENT_CONFIRMATION_OK"
406,10817772833,10817772865,1,"IOTHUB_CLIENT_CONFIRMATION_OK"
407,10817773166,10817773239,1,"IOTHUB_CLIENT_CONFIRMATION_OK"
408,10817773499,10817773531,1,"IOTHUB_CLIENT_CONFIRMATION_OK"
409,10817773832,10817773868,1,"IOTHUB_CLIENT_CONFIRMATION_OK"
410,10817774165,10817774200,1,"IOTHUB_CLIENT_CONFIRMATION_OK"
411,10817774499,10817774552,1,"IOTHUB_CLIENT_CONFIRMATION_OK"
412,10817774832,10817774873,1,"IOTHUB_CLIENT_CONFIRMATION_OK"
413,10817775165,10817775194,1,"IOTHUB_CLIENT_CONFIRMATION_OK"
414,10817775498,10817775528,1,"IOTHUB_CLIENT_CONFIRMATION_OK"
415,10817775831,10817775866,1,"IOTHUB_CLIENT_CONFIRMATION_OK"
416,10817776164,10817776197,1,"IOTHUB_CLIENT_CONFIRMATION_OK"
417,10817776497,10817776527,1,"IOTHUB_CLIENT_CONFIRMATION_OK"
418,10817776831,10817776873,1,"IOTHUB_CLIENT_CONFIRMATION_OK"
419,10817777164,10817777194,1,"IOTHUB_CLIENT_CONFIRMATION_OK"
420,10817777497,10817777533,1,"IOTHUB_CLIENT_CONFIRMATION_OK"
421,10817777830,10817777861,1,"IOTHUB_CLIENT_CONFIRMATION_OK"
422,10817778163,10817778192,1,"IOTHUB_CLIENT_CONFIRMATION_OK"
423,10817778496,10817778529,1,"IOTHUB_CLIENT_CONFIRMATION_OK"
424,10817778830,10817778859,1,"IOTHUB_CLIENT_CONFIRMATION_OK"
425,10817779163,10817779355,1,"IOTHUB_CLIENT_CONFIRMATION_OK"
426,10817779496,10817779528,1,"IOTHUB_CLIENT_CONFIRMATION_OK"
427,10817779829,10817779861,1,"IOTHUB_CLIENT_CONFIRMATION_OK"
428,10817780162,10817780192,1,"IOTHUB_CLIENT_CONFIRMATION_OK"
429,10817780495,10817780646,1,"IOTHUB_CLIENT_CONFIRMATION_OK"
430,10817780828,10817780862,1,"IOTHUB_CLIENT_CONFIRMATION_OK"
431,10817781162,10817781195,1,"IOTHUB_CLIENT_CONFIRMATION_OK"
432,10817781495,10817781526,1,"IOTHUB_CLIENT_CONFIRMATION_OK"
433,10817781828,10817781857,1,"IOTHUB_CLIENT_CONFIRMATION_OK"
434,10817782161,10817782190,1,"IOTHUB_CLIENT_CONFIRMATION_OK"
435,10817782494,10817782524,1,"IOTHUB_CLIENT_CONFIRMATION_OK"
436,10817782827,10817782861,1,"IOTHUB_CLIENT_CONFIRMATION_OK"
437,10817783161,10817783193,1,"IOTHUB_CLIENT_CONFIRMATION_OK"
438,10817783494,10817783700,1,"IOTHUB_CLIENT_CONFIRMATION_OK"
439,10817783827,10817783867,1,"IOTHUB_CLIENT_CONFIRMATION_OK"
440,10817784160,10817784192,1,"IOTHUB_CLIENT_CONFIRMATION_OK"
441,10817784493,10817784526,1,"IOTHUB_CLIENT_CONFIRMATION_OK"
442,10817784826,10817784858,1,"IOTHUB_CLIENT_CONFIRMATION_OK"
443,10817785159,10817785319,1,"IOTHUB_CLIENT_CONFIRMATION_OK"
444,10817785493,10817785522,1,"IOTHUB_CLIENT_CONFIRMATION_OK"
445,10817785826,10817785856,1,"IOTHUB_CLIENT_CONFIRMATION_OK"
446,10817786159,10817786187,1,"IOTHUB_CLIENT_CONFIRMATION_OK"
447,10817786492,10817786522,1,"IOTHUB_CLIENT_CONFIRMATION_OK"
448,10817786825,10817786950,1,"IOTHUB_CLIENT_CONFIRMATION_OK"
449,10817787158,10817787189,1,"IOTHUB_CLIENT_CONFIRMATION_OK"
450,10817787492,10817787520,1,"IOTHUB_CLIENT_CONFIRMATION_OK"
451,10817787825,10817787957,1,"IOTHUB_CLIENT_CONFIRMATION_OK"
452,10817788158,10817788190,1,"IOTHUB_CLIENT_CONFIRMATION_OK"
453,10817788491,10817788592,1,"IOTHUB_CLIENT_CONFIRMATION_OK"
454,10817788824,10817788884,1,"IOTHUB_CLIENT_CONFIRMATION_OK"
455,10817789157,10817789200,1,"IOTHUB_CLIENT_CONFIRMATION_OK"
456,10817789491,10817789703,1,"IOTHUB_CLIENT_CONFIRMATION_OK"
457,10817789824,10817789852,1,"IOTHUB_CLIENT_CONFIRMATION_OK"
458,10817790157,10817790200,1,"IOTHUB_CLIENT_CONFIRMATION_OK"
459,10817790490,10817790521,1,"IOTHUB_CLIENT_CONFIRMATION_OK"
460,10817790823,10817790852,1,"IOTHUB_CLIENT_CONFIRMATION_OK"
461,10817791156,10817791210,1,"IOTHUB_CLIENT_CONFIRMATION_OK"
462,10817791490,10817791517,1,"IOTHUB_CLIENT_CONFIRMATION_OK"
463,10817791823,10817791855,1,"IOTHUB_CLIENT_CONFIRMATION_OK"
464,10817792156,10817792226,1,"IOTHUB_CLIENT_CONFIRMATION_OK"
465,10817792489,10817792517,1,"IOTHUB_CLIENT_CONFIRMATION_OK"
466,10817792822,10817792872,1,"IOTHUB_CLIENT_CONFIRMATION_OK"
467,10817793155,10817793186,1,"IOTHUB_CLIENT_CONFIRMATION_OK"
468,10817793489,10817793523,1,"IOTHUB_CLIENT_CONFIRMATION_OK"
469,10817793822,10817793861,1,"IOTHUB_CLIENT_CONFIRMATION_OK"
470,10817794155,10817794202,1,"IOTHUB_CLIENT_CONFIRMATION_OK"
471,10817794488,10817794518,1,"IOTHUB_CLIENT_CONFIRMATION_OK"
472,10817794821,10817794856,1,"IOTHUB_CLIENT_CONFIRMATION_OK"
473,10817795155,10817795187,1,"IOTHUB_CLIENT_CONFIRMATION_OK"
474,10817795488,10817795589,1,"IOTHUB_CLIENT_CONFIRMATION_OK"
475,10817795821,10817795853,1,"IOTHUB_CLIENT_CONFIRMATION_OK"
476,10817796154,10817796195,1,"IOTHUB_CLIENT_CONFIRMATION_OK"
477,10817796487,10817796517,1,"IOTHUB_CLIENT_CONFIRMATION_OK"
478,10817796820,10817796860,1,"IOTHUB_CLIENT_CONFIRMATION_OK"
479,10817797154,10817797205,1,"IOTHUB_CLIENT_CONFIRMATION_OK"
480,10817797487,10817797516,1,"IOTHUB_CLIENT_CONFIRMATION_OK"
481,10817797820,10817797860,1,"IOTHUB_CLIENT_CONFIRMATION_OK"
482,10817798153,10817798212,1,"IOTHUB_CLIENT_CONFIRMATION_OK"
483,10817798486,10817798518,1,"IOTHUB_CLIENT_CONFIRMATION_OK"
484,10817798819,10817798850,1,"IOTHUB_CLIENT_CONFIRMATION_OK"
485,10817799153,10817799181,1,"IOTHUB_CLIENT_CONFIRMATION_OK"
486,10817799486,10817799515,1,"IOTHUB_CLIENT_CONFIRMATION_OK"
487,10817799819,10817799851,1,"IOTHUB_CLIENT_CONFIRMATION_OK"
488,10817800152,10817800182,1,"IOTHUB_CLIENT_CONFIRMATION_OK"
489,10817800485,10817800516,1,"IOTHUB_CLIENT_CONFIRMATION_OK"
490,10817800818,10817800847,1,"IOTHUB_CLIENT_CONFIRMATION_OK"
491,10817801151,10817801182,1,"IOTHUB_CLIENT_CONFIRMATION_OK"
492,10817801485,10817801522,1,"IOTHUB_CLIENT_CONFIRMATION_OK"
493,10817801818,10817801875,1,"IOTHUB_CLIENT_CONFIRMATION_OK"
494,10817802151,10817802189,1,"IOTHUB_CLIENT_CONFIRMATION_OK"
495,10817802484,10817802692,1,"IOTHUB_CLIENT_CONFIRMATION_OK"
496,10817802817,10817802862,1,"IOTHUB_CLIENT_CONFIRMATION_OK"
497,10817803151,10817803180,1,"IOTHUB_CLIENT_CONFIRMATION_OK"
498,10817803484,10817803517,1,"IOTHUB_CLIENT_CONFIRMATION_OK"
499,10817803817,10817803846,1,"IOTHUB_CLIENT_CONFIRMATION_OK"
500,10817804150,10817804317,1,"IOTHUB_CLIENT_CONFIRMATION_OK"
501,10817804483,10817804515,1,"IOTHUB_CLIENT_CONFIRMATION_OK"
502,10817804816,10817804848,1,"IOTHUB_CLIENT_CONFIRMATION_OK"
503,10817805150,10817805186,1,"IOTHUB_CLIENT_CONFIRMATION_OK"
504,10817805483,10817805511,1,"IOTHUB_CLIENT_CONFIRMATION_OK"
505,10817805816,10817805944,1,"IOTHUB_CLIENT_CONFIRMATION_OK"
506,10817806149,10817806178,1,"IOTHUB_CLIENT_CONFIRMATION_OK"
507,10817806482,10817806515,1,"IOTHUB_CLIENT_CONFIRMATION_OK"
508,10817806817,10817806993,1,"IOTHUB_CLIENT_CONFIRMATION_OK"
509,10817807151,10817807183,1,"IOTHUB_CLIENT_CONFIRMATION_OK"
510,10817807484,10817807595,1,"IOTHUB_CLIENT_CONFIRMATION_OK"
511,10817807817,10817807847,1,"IOTHUB_CLIENT_CONFIRMATION_OK"
512,10817808150,10817808186,1,"IOTHUB_CLIENT_CONFIRMATION_OK"
513,10817808483,10817808580,1,"IOTHUB_CLIENT_CONFIRMATION_OK"
514,10817808816,10817808846,1,"IOTHUB_CLIENT_CONFIRMATION_OK"
515,10817809150,10817809195,1,"IOTHUB_CLIENT_CONFIRMATION_OK"
516,10817809483,10817809516,1,"IOTHUB_CLIENT_CONFIRMATION_OK"
517,10817809816,10817809848,1,"IOTHUB_CLIENT_CONFIRMATION_OK"
518,10817810149,10817810225,1,"IOTHUB_CLIENT_CONFIRMATION_OK"
519,10817810482,10817810512,1,"IOTHUB_CLIENT_CONFIRMATION_OK"
520,10817810815,10817810843,1,"IOTHUB_CLIENT_CONFIRMATION_OK"
521,10817811149,10817811190,1,"IOTHUB_CLIENT_CONFIRMATION_OK"
522,10817811482,10817811514,1,"IOTHUB_CLIENT_CONFIRMATION_OK"
523,10817811815,10817811849,1,"IOTHUB_CLIENT_CONFIRMATION_OK"
524,10817812148,10817812182,1,"IOTHUB_CLIENT_CONFIRMATION_OK"
525,10817812481,10817812515,1,"IOTHUB_CLIENT_CONFIRMATION_OK"
526,10817812814,10817812845,1,"IOTHUB_CLIENT_CONFIRMATION_OK"
527,10817813148,10817813179,1,"IOTHUB_CLIENT_CONFIRMATION_OK"
528,10817813481,10817813512,1,"IOTHUB_CLIENT_CONFIRMATION_OK"
529,10817813814,10817813850,1,"IOTHUB_CLIENT_CONFIRMATION_OK"
530,10817814147,10817814183,1,"IOTHUB_CLIENT_CONFIRMATION_OK"
531,10817814480,10817814674,1,"IOTHUB_CLIENT_CONFIRMATION_OK"
532,10817814813,10817814844,1,"IOTHUB_CLIENT_CONFIRMATION_OK"
533,10817815147,10817815176,1,"IOTHUB_CLIENT_CONFIRMATION_OK"
534,10817815480,10817815510,1,"IOTHUB_CLIENT_CONFIRMATION_OK"
535,10817815813,10817815846,1,"IOTHUB_CLIENT_CONFIRMATION_OK"
536,10817816146,10817816408,1,"IOTHUB_CLIENT_CONFIRMATION_OK"
537,10817816479,10817816509,1,"IOTHUB_CLIENT_CONFIRMATION_OK"
538,10817816812,10817816845,1,"IOTHUB_CLIENT_CONFIRMATION_OK"
539,10817817145,10817817311,1,"IOTHUB_CLIENT_CONFIRMATION_OK"
540,10817817479,10817817507,1,"IOTHUB_CLIENT_CONFIRMATION_OK"
541,10817817812,10817817934,1,"IOTHUB_CLIENT_CONFIRMATION_OK"
542,10817818145,10817818175,1,"IOTHUB_CLIENT_CONFIRMATION_OK"
543,10817818478,10817818511,1,"IOTHUB_CLIENT_CONFIRMATION_OK"
544,10817818811,10817818946,1,"IOTHUB_CLIENT_CONFIRMATION_OK"
545,10817819144,10817819175,1,"IOTHUB_CLIENT_CONFIRMATION_OK"
546,10817819478,10817819511,1,"IOTHUB_CLIENT_CONFIRMATION_OK"
547,10817819811,10817819843,1,"IOTHUB_CLIENT_CONFIRMATION_OK"
548,10817820144,10817820177,1,"IOTHUB_CLIENT_CONFIRMATION_OK"
549,10817820477,10817820572,1,"IOTHUB_CLIENT_CONFIRMATION_OK"
550,10817820810,10817820841,1,"IOTHUB_CLIENT_CONFIRMATION_OK"
551,10817821143,10817821175,1,"IOTHUB_CLIENT_CONFIRMATION_OK"
552,10817821476,10817821506,1,"IOTHUB_CLIENT_CONFIRMATION_OK"
553,10817821810,10817821842,1,"IOTHUB_CLIENT_CONFIRMATION_OK"
554,10817822143,10817822192,1,"IOTHUB_CLIENT_CONFIRMATION_OK"
555,10817822476,10817822519,1,"IOTHUB_CLIENT_CONFIRMATION_OK"
556,10817822809,10817822842,1,"IOTHUB_CLIENT_CONFIRMATION_OK"
557,10817823142,10817823211,1,"IOTHUB_CLIENT_CONFIRMATION_OK"
558,10817823475,10817823505,1,"IOTHUB_CLIENT_CONFIRMATION_OK"
559,10817823809,10817823841,1,"IOTHUB_CLIENT_CONFIRMATION_OK"
560,10817824142,10817824179,1,"IOTHUB_CLIENT_CONFIRMATION_OK"
561,10817824475,10817824507,1,"IOTHUB_CLIENT_CONFIRMATION_OK"
562,10817824808,10817824840,1,"IOTHUB_CLIENT_CONFIRMATION_OK"
563,10817825141,10817825172,1,"IOTHUB_CLIENT_CONFIRMATION_OK"
564,10817825474,10817825524,1,"IOTHUB_CLIENT_CONFIRMATION_OK"
565,10817825807,10817825845,1,"IOTHUB_CLIENT_CONFIRMATION_OK"
566,10817826141,10817826180,1,"IOTHUB_CLIENT_CONFIRMATION_OK"
567,10817826474,10817826566,1,"IOTHUB_CLIENT_CONFIRMATION_OK"
568,10817826807,10817826838,1,"IOTHUB_CLIENT_CONFIRMATION_OK"
569,10817827140,10817827172,1,"IOTHUB_CLIENT_CONFIRMATION_OK"
570,10817827473,10817827573,1,"IOTHUB_CLIENT_CONFIRMATION_OK"
571,10817827806,10817827837,1,"IOTHUB_CLIENT_CONFIRMATION_OK"
572,10817828140,10817828181,1,"IOTHUB_CLIENT_CONFIRMATION_OK"
573,10817828473,10817828501,1,"IOTHUB_CLIENT_CONFIRMATION_OK"
574,10817828806,10817828852,1,"IOTHUB_CLIENT_CONFIRMATION_OK"
575,10817829139,10817829197,1,"IOTHUB_CLIENT_CONFIRMATION_OK"
576,10817829472,10817829510,1,"IOTHUB_CLIENT_CONFIRMATION_OK"
577,10817829805,10817829838,1,"IOTHUB_CLIENT_CONFIRMATION_OK"
578,10817830139,10817830170,1,"IOTHUB_CLIENT_CONFIRMATION_OK"
579,10817830472,10817830501,1,"IOTHUB_CLIENT_CONFIRMATION_OK"
580,10817830805,10817830839,1,"IOTHUB_CLIENT_CONFIRMATION_OK"
581,10817831138,10817831170,1,"IOTHUB_CLIENT_CONFIRMATION_OK"
582,10817831471,10817831504,1,"IOTHUB_CLIENT_CONFIRMATION_OK"
583,10817831804,10817831853,1,"IOTHUB_CLIENT_CONFIRMATION_OK"
584,10817832137,10817832188,1,"IOTHUB_CLIENT_CONFIRMATION_OK"
585,10817832471,10817832551,1,"IOTHUB_CLIENT_CONFIRMATION_OK"
586,10817832804,10817832849,1,"IOTHUB_CLIENT_CONFIRMATION_OK"
587,10817833137,10817833167,1,"IOTHUB_CLIENT_CONFIRMATION_OK"
588,10817833470,10817833576,1,"IOTHUB_CLIENT_CONFIRMATION_OK"
589,10817833803,10817833851,1,"IOTHUB_CLIENT_CONFIRMATION_OK"
590,10817834136,10817834168,1,"IOTHUB_CLIENT_CONFIRMATION_OK"
591,10817834470,10817834499,1,"IOTHUB_CLIENT_CONFIRMATION_OK"
592,10817834803,10817834833,1,"IOTHUB_CLIENT_CONFIRMATION_OK"
593,10817835136,10817835211,1,"IOTHUB_CLIENT_CONFIRMATION_OK"
594,10817835469,10817835507,1,"IOTHUB_CLIENT_CONFIRMATION_OK"
595,10817835802,10817835838,1,"IOTHUB_CLIENT_CONFIRMATION_OK"
596,10817836135,10817836217,1,"IOTHUB_CLIENT_CONFIRMATION_OK"
597,10817836469,10817836501,1,"IOTHUB_CLIENT_CONFIRMATION_OK"
598,10817836802,10817836835,1,"IOTHUB_CLIENT_CONFIRMATION_OK"
599,10817837135,10817837166,1,"IOTHUB_CLIENT_CONFIRMATION_OK"
600,10817837468,10817837499,1,"IOTHUB_CLIENT_CONFIRMATION_OK"
601,10817837801,10817837843,1,"IOTHUB_CLIENT_CONFIRMATION_OK"
602,10817838134,10817838164,1,"IOTHUB_CLIENT_CONFIRMATION_OK"
603,10817838467,10817838503,1,"IOTHUB_CLIENT_CONFIRMATION_OK"
604,10817838801,10817838832,1,"IOTHUB_CLIENT_CONFIRMATION_OK"
605,10817839134,10817839164,1,"IOTHUB_CLIENT_CONFIRMATION_OK"
606,10817839467,10817839500,1,"IOTHUB_CLIENT_CONFIRMATION_OK"
607,10817839800,10817839829,1,"IOTHUB_CLIENT_CONFIRMATION_OK"
608,10817840133,10817840176,1,"IOTHUB_CLIENT_CONFIRMATION_OK"
609,10817840466,10817840673,1,"IOTHUB_CLIENT_CONFIRMATION_OK"
610,10817840800,10817840830,1,"IOTHUB_CLIENT_CONFIRMATION_OK"
611,10817841133,10817841165,1,"IOTHUB_CLIENT_CONFIRMATION_OK"
612,10817841466,10817841493,1,"IOTHUB_CLIENT_CONFIRMATION_OK"
613,10817841799,10817841829,1,"IOTHUB_CLIENT_CONFIRMATION_OK"
614,10817842132,10817842329,1,"IOTHUB_CLIENT_CONFIRMATION_OK"
615,10817842465,10817842497,1,"IOTHUB_CLIENT_CONFIRMATION_OK"
616,10817842798,10817843278,1,"IOTHUB_CLIENT_CONFIRMATION_OK"
617,10817843132,10817843553,1,"IOTHUB_CLIENT_CONFIRMATION_OK"
618,10817843465,10817843584,1,"IOTHUB_CLIENT_CONFIRMATION_OK"
619,10817843798,10817843969,1,"IOTHUB_CLIENT_CONFIRMATION_OK"
620,10817844131,10817844160,1,"IOTHUB_CLIENT_CONFIRMATION_OK"
621,10817844464,10817844496,1,"IOTHUB_CLIENT_CONFIRMATION_OK"
622,10817844797,10817844969,1,"IOTHUB_CLIENT_CONFIRMATION_OK"
623,10817845130,10817845163,1,"IOTHUB_CLIENT_CONFIRMATION_OK"
624,10817845464,10817845503,1,"IOTHUB_CLIENT_CONFIRMATION_OK"
625,10817845797,10817845832,1,"IOTHUB_CLIENT_CONFIRMATION_OK"
626,10817846130,10817846159,1,"IOTHUB_CLIENT_CONFIRMATION_OK"
627,10817846463,10817846609,1,"IOTHUB_CLIENT_CONFIRMATION_OK"
628,10817846796,10817846828,1,"IOTHUB_CLIENT_CONFIRMATION_OK"
629,10817847129,10817847164,1,"IOTHUB_CLIENT_CONFIRMATION_OK"
630,10817847463,10817847493,1,"IOTHUB_CLIENT_CONFIRMATION_OK"
631,10817847796,10817847827,1,"IOTHUB_CLIENT_CONFIRMATION_OK"
632,10817848129,10817848241,1,"IOTHUB_CLIENT_CONFIRMATION_OK"
633,10817848462,10817848493,1,"IOTHUB_CLIENT_CONFIRMATION_OK"
634,10817848795,10817848826,1,"IOTHUB_CLIENT_CONFIRMATION_OK"
635,10817849128,10817849261,1,"IOTHUB_CLIENT_CONFIRMATION_OK"
636,10817849462,10817849538,1,"IOTHUB_CLIENT_CONFIRMATION_OK"
637,10817849795,10817849875,1,"IOTHUB_CLIENT_CONFIRMATION_OK"
638,10817850128,10817850162,1,"IOTHUB_CLIENT_CONFIRMATION_OK"
639,10817850461,10817850492,1,"IOTHUB_CLIENT_CONFIRMATION_OK"
640,10817850794,10817850901,1,"IOTHUB_CLIENT_CONFIRMATION_OK"
641,10817851127,10817851157,1,"IOTHUB_CLIENT_CONFIRMATION_OK"
642,10817851460,10817851492,1,"IOTHUB_CLIENT_CONFIRMATION_OK"
643,10817851794,10817851824,1,"IOTHUB_CLIENT_CONFIRMATION_OK"
644,10817852127,10817852156,1,"IOTHUB_CLIENT_CONFIRMATION_OK"
645,10817852460,10817852508,1,"IOTHUB_CLIENT_CONFIRMATION_OK"
646,10817852793,10817852824,1,"IOTHUB_CLIENT_CONFIRMATION_OK"
647,10817853126,10817853166,1,"IOTHUB_CLIENT_CONFIRMATION_OK"
648,10817853459,10817853507,1,"IOTHUB_CLIENT_CONFIRMATION_OK"
649,10817853793,10817853875,1,"IOTHUB_CLIENT_CONFIRMATION_OK"
650,10817854126,10817854155,1,"IOTHUB_CLIENT_CONFIRMATION_OK"
651,10817854459,10817854490,1,"IOTHUB_CLIENT_CONFIRMATION_OK"
652,10817854792,10817854828,1,"IOTHUB_CLIENT_CONFIRMATION_OK"
653,10817855125,10817855293,1,"IOTHUB_CLIENT_CONFIRMATION_OK"
654,10817855458,10817855492,1,"IOTHUB_CLIENT_CONFIRMATION_OK"
655,10817855791,10817855823,1,"IOTHUB_CLIENT_CONFIRMATION_OK"
656,10817856125,10817856155,1,"IOTHUB_CLIENT_CONFIRMATION_OK"
657,10817856458,10817856492,1,"IOTHUB_CLIENT_CONFIRMATION_OK"
658,10817856791,10817856926,1,"IOTHUB_CLIENT_CONFIRMATION_OK"
659,10817857124,10817857154,1,"IOTHUB_CLIENT_CONFIRMATION_OK"
660,10817857457,10817857488,1,"IOTHUB_CLIENT_CONFIRMATION_OK"
661,10817857790,10817857820,1,"IOTHUB_CLIENT_CONFIRMATION_OK"
662,10817858124,10817858156,1,"IOTHUB_CLIENT_CONFIRMATION_OK"
663,10817858457,10817858549,1,"IOTHUB_CLIENT_CONFIRMATION_OK"
664,10817858790,10817858822,1,"IOTHUB_CLIENT_CONFIRMATION_OK"
665,10817859123,10817859170,1,"IOTHUB_CLIENT_CONFIRMATION_OK"
666,10817859456,10817859664,1,"IOTHUB_CLIENT_CONFIRMATION_OK"
667,10817859789,10817859820,1,"IOTHUB_CLIENT_CONFIRMATION_OK"
668,10817860122,10817860154,1,"IOTHUB_CLIENT_CONFIRMATION_OK"
669,10817860456,10817860487,1,"IOTHUB_CLIENT_CONFIRMATION_OK"
670,10817860789,10817860819,1,"IOTHUB_CLIENT_CONFIRMATION_OK"
671,10817861122,10817861309,1,"IOTHUB_CLIENT_CONFIRMATION_OK"
672,10817861455,10817861487,1,"IOTHUB_CLIENT_CONFIRMATION_OK"
673,10817861788,10817861820,1,"IOTHUB_CLIENT_CONFIRMATION_OK"
674,10817862121,10817862155,1,"IOTHUB_CLIENT_CONFIRMATION_OK"
675,10817862454,10817862486,1,"IOTHUB_CLIENT_CONFIRMATION_OK"
676,10817862788,10817862947,1,"IOTHUB_CLIENT_CONFIRMATION_OK"
677,10817863121,10817863150,1,"IOTHUB_CLIENT_CONFIRMATION_OK"
678,10817863454,10817863486,1,"IOTHUB_CLIENT_CONFIRMATION_OK"
679,10817863787,10817863950,1,"IOTHUB_CLIENT_CONFIRMATION_OK"
680,10817864120,10817864149,1,"IOTHUB_CLIENT_CONFIRMATION_OK"
681,10817864453,10817864570,1,"IOTHUB_CLIENT_CONFIRMATION_OK"
682,10817864787,10817864817,1,"IOTHUB_CLIENT_CONFIRMATION_OK"
683,10817865120,10817865148,1,"IOTHUB_CLIENT_CONFIRMATION_OK"
684,10817865453,10817865586,1,"IOTHUB_CLIENT_CONFIRMATION_OK"
685,10817865786,10817865822,1,"IOTHUB_CLIENT_CONFIRMATION_OK"
686,10817866119,10817866198,1,"IOTHUB_CLIENT_CONFIRMATION_OK"
687,10817866452,10817866487,1,"IOTHUB_CLIENT_CONFIRMATION_OK"
688,10817866786,10817866832,1,"IOTHUB_CLIENT_CONFIRMATION_OK"
689,10817867119,10817867214,1,"IOTHUB_CLIENT_CONFIRMATION_OK"
690,10817867452,10817867487,1,"IOTHUB_CLIENT_CONFIRMATION_OK"
691,10817867785,10817867849,1,"IOTHUB_CLIENT_CONFIRMATION_OK"
692,10817868118,10817868146,1,"IOTHUB_CLIENT_CONFIRMATION_OK"
693,10817868451,10817868487,1,"IOTHUB_CLIENT_CONFIRMATION_OK"
694,10817868784,10817868831,1,"IOTHUB_CLIENT_CONFIRMATION_OK"
695,10817869118,10817869149,1,"IOTHUB_CLIENT_CONFIRMATION_OK"
696,10817869451,10817869479,1,"IOTHUB_CLIENT_CONFIRMATION_OK"
697,10817869784,10817869854,1,"IOTHUB_CLIENT_CONFIRMATION_OK"
698,10817870117,10817870152,1,"IOTHUB_CLIENT_CONFIRMATION_OK"
699,10817870450,10817870484,1,"IOTHUB_CLIENT_CONFIRMATION_OK"
700,10817870783,10817870899,1,"IOTHUB_CLIENT_CONFIRMATION_OK"
701,10817871117,10817871150,1,"IOTHUB_CLIENT_CONFIRMATION_OK"
702,10817871450,10817871503,1,"IOTHUB_CLIENT_CONFIRMATION_OK"
703,10817871783,10817871812,1,"IOTHUB_CLIENT_CONFIRMATION_OK"
704,10817872116,10817872178,1,"IOTHUB_CLIENT_CONFIRMATION_OK"
705,10817872449,10817872480,1,"IOTHUB_CLIENT_CONFIRMATION_OK"
706,10817872782,10817872815,1,"IOTHUB_CLIENT_CONFIRMATION_OK"
707,10817873116,10817873148,1,"IOTHUB_CLIENT_CONFIRMATION_OK"
708,10817873449,10817873502,1,"IOTHUB_CLIENT_CONFIRMATION_OK"
709,10817873782,10817873822,1,"IOTHUB_CLIENT_CONFIRMATION_OK"
710,10817874115,10817874161,1,"IOTHUB_CLIENT_CONFIRMATION_OK"
711,10817874448,10817874480,1,"IOTHUB_CLIENT_CONFIRMATION_OK"
712,10817874781,10817874813,1,"IOTHUB_CLIENT_CONFIRMATION_OK"
713,10817875115,10817875145,1,"IOTHUB_CLIENT_CONFIRMATION_OK"
714,10817875448,10817875477,1,"IOTHUB_CLIENT_CONFIRMATION_OK"
715,10817875781,10817875974,1,"IOTHUB_CLIENT_CONFIRMATION_OK"
716,10817876114,10817876145,1,"IOTHUB_CLIENT_CONFIRMATION_OK"
717,10817876447,10817876501,1,"IOTHUB_CLIENT_CONFIRMATION_OK"
718,10817876780,10817876817,1,"IOTHUB_CLIENT_CONFIRMATION_OK"
719,10817877113,10817877146,1,"IOTHUB_CLIENT_CONFIRMATION_OK"
720,10817877447,10817877598,1,"IOTHUB_CLIENT_CONFIRMATION_OK"
721,10817877780,10817877809,1,"IOTHUB_CLIENT_CONFIRMATION_OK"
722,10817878113,10817878145,1,"IOTHUB_CLIENT_CONFIRMATION_OK"
723,10817878446,10817878611,1,"IOTHUB_CLIENT_CONFIRMATION_OK"
724,10817878779,10817878810,1,"IOTHUB_CLIENT_CONFIRMATION_OK"
725,10817879112,10817879226,1,"IOTHUB_CLIENT_CONFIRMATION_OK"
726,10817879446,10817879485,1,"IOTHUB_CLIENT_CONFIRMATION_OK"
727,10817879779,10817879810,1,"IOTHUB_CLIENT_CONFIRMATION_OK"
728,10817880112,10817880238,1,"IOTHUB_CLIENT_CONFIRMATION_OK"
729,10817880445,10817880476,1,"IOTHUB_CLIENT_CONFIRMATION_OK"
730,10817880778,10817880808,1,"IOTHUB_CLIENT_CONFIRMATION_OK"
731,10817881111,10817881147,1,"IOTHUB_CLIENT_CONFIRMATION_OK"
732,10817881445,10817881476,1,"IOTHUB_CLIENT_CONFIRMATION_OK"
733,10817881778,10817881935,1,"IOTHUB_CLIENT_CONFIRMATION_OK"
734,10817882111,10817882141,1,"IOTHUB_CLIENT_CONFIRMATION_OK"
735,10817882444,10817882477,1,"IOTHUB_CLIENT_CONFIRMATION_OK"
736,10817882777,10817882933,1,"IOTHUB_CLIENT_CONFIRMATION_OK"
737,10817883110,10817883143,1,"IOTHUB_CLIENT_CONFIRMATION_OK"
738,10817883443,10817883573,1,"IOTHUB_CLIENT_CONFIRMATION_OK"
739,10817883777,10817883812,1,"IOTHUB_CLIENT_CONFIRMATION_OK"
740,10817884110,10817884144,1,"IOTHUB_CLIENT_CONFIRMATION_OK"
741,10817884443,10817884586,1,"IOTHUB_CLIENT_CONFIRMATION_OK"
742,10817884776,10817884810,1,"IOTHUB_CLIENT_CONFIRMATION_OK"
743,10817885109,10817885157,1,"IOTHUB_CLIENT_CONFIRMATION_OK"
744,10817885442,10817885474,1,"IOTHUB_CLIENT_CONFIRMATION_OK"
745,10817885776,10817885808,1,"IOTHUB_CLIENT_CONFIRMATION_OK"
746,10817886109,10817886208,1,"IOTHUB_CLIENT_CONFIRMATION_OK"
747,10817886442,10817886474,1,"IOTHUB_CLIENT_CONFIRMATION_OK"
748,10817886775,10817886814,1,"IOTHUB_CLIENT_CONFIRMATION_OK"
749,10817887108,10817887137,1,"IOTHUB_CLIENT_CONFIRMATION_OK"
750,10817887441,10817887472,1,"IOTHUB_CLIENT_CONFIRMATION_OK"
751,10817887775,10817887827,1,"IOTHUB_CLIENT_CONFIRMATION_OK"
752,10817888108,10817888141,1,"IOTHUB_CLIENT_CONFIRMATION_OK"
753,10817888441,10817888476,1,"IOTHUB_CLIENT_CONFIRMATION_OK"
754,10817888774,10817888860,1,"IOTHUB_CLIENT_CONFIRMATION_OK"
755,10817889107,10817889137,1,"IOTHUB_CLIENT_CONFIRMATION_OK"
756,10817889440,10817889475,1,"IOTHUB_CLIENT_CONFIRMATION_OK"
757,10817889773,10817889802,1,"IOTHUB_CLIENT_CONFIRMATION_OK"
758,10817890107,10817890139,1,"IOTHUB_CLIENT_CONFIRMATION_OK"
759,10817890440,10817890486,1,"IOTHUB_CLIENT_CONFIRMATION_OK"
760,10817890773,10817890804,1,"IOTHUB_CLIENT_CONFIRMATION_OK"
761,10817891106,10817891201,1,"IOTHUB_CLIENT_CONFIRMATION_OK"
762,10817891439,10817891600,1,"IOTHUB_CLIENT_CONFIRMATION_OK"
763,10817891772,10817891803,1,"IOTHUB_CLIENT_CONFIRMATION_OK"
764,10817892106,10817892218,1,"IOTHUB_CLIENT_CONFIRMATION_OK"
765,10817892439,10817892469,1,"IOTHUB_CLIENT_CONFIRMATION_OK"
766,10817892772,10817892803,1,"IOTHUB_CLIENT_CONFIRMATION_OK"
767,10817893105,10817893234,1,"IOTHUB_CLIENT_CONFIRMATION_OK"
768,10817893438,10817893473,1,"IOTHUB_CLIENT_CONFIRMATION_OK"
769,10817893771,10817893847,1,"IOTHUB_CLIENT_CONFIRMATION_OK"
770,10817894105,10817894134,1,"IOTHUB_CLIENT_CONFIRMATION_OK"
771,10817894438,10817894478,1,"IOTHUB_CLIENT_CONFIRMATION_OK"
772,10817894771,10817894875,1,"IOTHUB_CLIENT_CONFIRMATION_OK"
773,10817895104,10817895147,1,"IOTHUB_CLIENT_CONFIRMATION_OK"
774,10817895437,10817895476,1,"IOTHUB_CLIENT_CONFIRMATION_OK"
775,10817895770,10817895803,1,"IOTHUB_CLIENT_CONFIRMATION_OK"
776,10817896103,10817896135,1,"IOTHUB_CLIENT_CONFIRMATION_OK"
777,10817896437,10817896489,1,"IOTHUB_CLIENT_CONFIRMATION_OK"
778,10817896770,10817896801,1,"IOTHUB_CLIENT_CONFIRMATION_OK"
779,10817897103,10817897134,1,"IOTHUB_CLIENT_CONFIRMATION_OK"
780,10817897436,10817897487,1,"IOTHUB_CLIENT_CONFIRMATION_OK"
781,10817897769,10817897805,1,"IOTHUB_CLIENT_CONFIRMATION_OK"
782,10817898102,10817898137,1,"IOTHUB_CLIENT_CONFIRMATION_OK"
783,10817898436,10817898471,1,"IOTHUB_CLIENT_CONFIRMATION_OK"
784,10817898769,10817898804,1,"IOTHUB_CLIENT_CONFIRMATION_OK"
785,10817899102,10817899137,1,"IOTHUB_CLIENT_CONFIRMATION_OK"
786,10817899435,10817899464,1,"IOTHUB_CLIENT_CONFIRMATION_OK"
787,10817899768,10817899799,1,"IOTHUB_CLIENT_CONFIRMATION_OK"
788,10817900101,10817900133,1,"IOTHUB_CLIENT_CONFIRMATION_OK"
789,10817900434,10817900466,1,"IOTHUB_CLIENT_CONFIRMATION_OK"
790,10817900768,10817900880,1,"IOTHUB_CLIENT_CONFIRMATION_OK"
791,10817901101,10817901131,1,"IOTHUB_CLIENT_CONFIRMATION_OK"
792,10817901434,10817901464,1,"IOTHUB_CLIENT_CONFIRMATION_OK"
793,10817901767,10817901890,1,"IOTHUB_CLIENT_CONFIRMATION_OK"
794,10817902100,10817902135,1,"IOTHUB_CLIENT_CONFIRMATION_OK"
795,10817902433,10817902517,1,"IOTHUB_CLIENT_CONFIRMATION_OK"
796,10817902767,10817902798,1,"IOTHUB_CLIENT_CONFIRMATION_OK"
797,10817903100,10817903131,1,"IOTHUB_CLIENT_CONFIRMATION_OK"
798,10817903433,10817903505,1,"IOTHUB_CLIENT_CONFIRMATION_OK"
799,10817903766,10817903798,1,"IOTHUB_CLIENT_CONFIRMATION_OK"
800,10817904099,10817904166,1,"IOTHUB_CLIENT_CONFIRMATION_OK"
801,10817904432,10817904463,1,"IOTHUB_CLIENT_CONFIRMATION_OK"
802,10817904766,10817904797,1,"IOTHUB_CLIENT_CONFIRMATION_OK"
803,10817905099,10817905163,1,"IOTHUB_CLIENT_CONFIRMATION_OK"
804,10817905432,10817905462,1,"IOTHUB_CLIENT_CONFIRMATION_OK"
805,10817905765,10817905796,1,"IOTHUB_CLIENT_CONFIRMATION_OK"
806,10817906098,10817906131,1,"IOTHUB_CLIENT_CONFIRMATION_OK"
807,10817906431,10817906463,1,"IOTHUB_CLIENT_CONFIRMATION_OK"
808,10817906765,10817906821,1,"IOTHUB_CLIENT_CONFIRMATION_OK"
809,10817907098,10817907129,1,"IOTHUB_CLIENT_CONFIRMATION_OK"
810,10817907431,10817907468,1,"IOTHUB_CLIENT_CONFIRMATION_OK"
811,10817907764,10817907794,1,"IOTHUB_CLIENT_CONFIRMATION_OK"
812,10817908097,10817908128,1,"IOTHUB_CLIENT_CONFIRMATION_OK"
813,10817908430,10817908472,1,"IOTHUB_CLIENT_CONFIRMATION_OK"
814,10817908763,10817908811,1,"IOTHUB_CLIENT_CONFIRMATION_OK"
815,10817909097,10817909127,1,"IOTHUB_CLIENT_CONFIRMATION_OK"
816,10817909430,10817909469,1,"IOTHUB_CLIENT_CONFIRMATION_OK"
817,10817909763,10817909794,1,"IOTHUB_CLIENT_CONFIRMATION_OK"
818,10817910096,10817910127,1,"IOTHUB_CLIENT_CONFIRMATION_OK"
819,10817910429,10817910459,1,"IOTHUB_CLIENT_CONFIRMATION_OK"
820,10817910762,10817910793,1,"IOTHUB_CLIENT_CONFIRMATION_OK"
821,10817911096,10817911124,1,"IOTHUB_CLIENT_CONFIRMATION_OK"
822,10817911429,10817911458,1,"IOTHUB_CLIENT_CONFIRMATION_OK"
823,10817911762,10817911792,1,"IOTHUB_CLIENT_CONFIRMATION_OK"
824,10817912095,10817912298,1,"IOTHUB_CLIENT_CONFIRMATION_OK"
825,10817912428,10817912463,1,"IOTHUB_CLIENT_CONFIRMATION_OK"
826,10817912761,10817912792,1,"IOTHUB_CLIENT_CONFIRMATION_OK"
827,10817913095,10817913130,1,"IOTHUB_CLIENT_CONFIRMATION_OK"
828,10817913428,10817913458,1,"IOTHUB_CLIENT_CONFIRMATION_OK"
829,10817913761,10817913941,1,"IOTHUB_CLIENT_CONFIRMATION_OK"
830,10817914094,10817914125,1,"IOTHUB_CLIENT_CONFIRMATION_OK"
831,10817914427,10817914457,1,"IOTHUB_CLIENT_CONFIRMATION_OK"
832,10817914760,10817914792,1,"IOTHUB_CLIENT_CONFIRMATION_OK"
833,10817915093,10817915128,1,"IOTHUB_CLIENT_CONFIRMATION_OK"
834,10817915427,10817915566,1,"IOTHUB_CLIENT_CONFIRMATION_OK"
835,10817915760,10817915793,1,"IOTHUB_CLIENT_CONFIRMATION_OK"
836,10817916093,10817916121,1,"IOTHUB_CLIENT_CONFIRMATION_OK"
837,10817916426,10817916567,1,"IOTHUB_CLIENT_CONFIRMATION_OK"
838,10817916759,10817916789,1,"IOTHUB_CLIENT_CONFIRMATION_OK"
839,10817917092,10817917185,1,"IOTHUB_CLIENT_CONFIRMATION_OK"
840,10817917426,10817917463,1,"IOTHUB_CLIENT_CONFIRMATION_OK"
841,10817917759,10817917796,1,"IOTHUB_CLIENT_CONFIRMATION_OK"
842,10817918092,10817918205,1,"IOTHUB_CLIENT_CONFIRMATION_OK"
843,10817918425,10817918453,1,"IOTHUB_CLIENT_CONFIRMATION_OK"
844,10817918758,10817918802,1,"IOTHUB_CLIENT_CONFIRMATION_OK"
845,10817919091,10817919122,1,"IOTHUB_CLIENT_CONFIRMATION_OK"
846,10817919424,10817919460,1,"IOTHUB_CLIENT_CONFIRMATION_OK"
847,10817919758,10817919817,1,"IOTHUB_CLIENT_CONFIRMATION_OK"
848,10817920091,10817920121,1,"IOTHUB_CLIENT_CONFIRMATION_OK"
849,10817920424,10817920460,1,"IOTHUB_CLIENT_CONFIRMATION_OK"
850,10817920757,10817920852,1,"IOTHUB_CLIENT_CONFIRMATION_OK"
851,10817921090,10817921123,1,"IOTHUB_CLIENT_CONFIRMATION_OK"
852,10817921423,10817921454,1,"IOTHUB_CLIENT_CONFIRMATION_OK"
853,10817921757,10817921786,1,"IOTHUB_CLIENT_CONFIRMATION_OK"
854,10817922090,10817922122,1,"IOTHUB_CLIENT_CONFIRMATION_OK"
855,10817922423,10817922457,1,"IOTHUB_CLIENT_CONFIRMATION_OK"
856,10817922756,10817922790,1,"IOTHUB_CLIENT_CONFIRMATION_OK"
857,10817923089,10817923122,1,"IOTHUB_CLIENT_CONFIRMATION_OK"
858,10817923422,10817923455,1,"IOTHUB_CLIENT_CONFIRMATION_OK"
859,10817923756,10817923791,1,"IOTHUB_CLIENT_CONFIRMATION_OK"
860,10817924089,10817924122,1,"IOTHUB_CLIENT_CONFIRMATION_OK"
861,10817924422,10817924454,1,"IOTHUB_CLIENT_CONFIRMATION_OK"
862,10817924755,10817924788,1,"IOTHUB_CLIENT_CONFIRMATION_OK"
863,10817925088,10817925119,1,"IOTHUB_CLIENT_CONFIRMATION_OK"
864,10817925421,10817925456,1,"IOTHUB_CLIENT_CONFIRMATION_OK"
865,10817925755,10817925786,1,"IOTHUB_CLIENT_CONFIRMATION_OK"
866,10817926088,10817926118,1,"IOTHUB_CLIENT_CONFIRMATION_OK"
867,10817926421,10817926451,1,"IOTHUB_CLIENT_CONFIRMATION_OK"
868,10817926754,10817926942,1,"IOTHUB_CLIENT_CONFIRMATION_OK"
869,10817927087,10817927118,1,"IOTHUB_CLIENT_CONFIRMATION_OK"
870,10817927420,10817927449,1,"IOTHUB_CLIENT_CONFIRMATION_OK"
871,10817927753,10817927782,1,"IOTHUB_CLIENT_CONFIRMATION_OK"
872,10817928087,10817928152,1,"IOTHUB_CLIENT_CONFIRMATION_OK"
873,10817928420,10817928566,1,"IOTHUB_CLIENT_CONFIRMATION_OK"
874,10817928753,10817928783,1,"IOTHUB_CLIENT_CONFIRMATION_OK"
875,10817929086,10817929118,1,"IOTHUB_CLIENT_CONFIRMATION_OK"
876,10817929419,10817929450,1,"IOTHUB_CLIENT_CONFIRMATION_OK"
877,10817929752,10817929783,1,"IOTHUB_CLIENT_CONFIRMATION_OK"
878,10817930086,10817930205,1,"IOTHUB_CLIENT_CONFIRMATION_OK"
879,10817930419,10817930452,1,"IOTHUB_CLIENT_CONFIRMATION_OK"
880,10817930752,10817930783,1,"IOTHUB_CLIENT_CONFIRMATION_OK"
881,10817931085,10817931224,1,"IOTHUB_CLIENT_CONFIRMATION_OK"
882,10817931418,10817931450,1,"IOTHUB_CLIENT_CONFIRMATION_OK"
883,10817931751,10817931829,1,"IOTHUB_CLIENT_CONFIRMATION_OK"
884,10817932084,10817932126,1,"IOTHUB_CLIENT_CONFIRMATION_OK"
885,10817932418,10817932450,1,"IOTHUB_CLIENT_CONFIRMATION_OK"
886,10817932751,10817932842,1,"IOTHUB_CLIENT_CONFIRMATION_OK"
887,10817933084,10817933115,1,"IOTHUB_CLIENT_CONFIRMATION_OK"
888,10817933417,10817933458,1,"IOTHUB_CLIENT_CONFIRMATION_OK"
889,10817933750,10817933782,1,"IOTHUB_CLIENT_CONFIRMATION_OK"
890,10817934083,10817934114,1,"IOTHUB_CLIENT_CONFIRMATION_OK"
891,10817934417,10817934462,1,"IOTHUB_CLIENT_CONFIRMATION_OK"
892,10817934750,10817934784,1,"IOTHUB_CLIENT_CONFIRMATION_OK"
893,10817935083,10817935238,1,"IOTHUB_CLIENT_CONFIRMATION_OK"
894,10817935416,10817935446,1,"IOTHUB_CLIENT_CONFIRMATION_OK"
895,10817935749,10817935783,1,"IOTHUB_CLIENT_CONFIRMATION_OK"
896,10817936082,10817936114,1,"IOTHUB_CLIENT_CONFIRMATION_OK"
897,10817936416,10817936447,1,"IOTHUB_CLIENT_CONFIRMATION_OK"
898,10817936749,10817936790,1,"IOTHUB_CLIENT_CONFIRMATION_OK"
899,10817937082,10817937114,1,"IOTHUB_CLIENT_CONFIRMATION_OK"
