Message ID,Send Time,Receive Time,Status,Error
0,10819803258,10819803406,1,"IOTHUB_CLIENT_CONFIRMATION_OK"
1,10819803592,10819803636,1,"IOTHUB_CLIENT_CONFIRMATION_OK"
2,10819803925,10819803956,1,"IOTHUB_CLIENT_CONFIRMATION_OK"
3,10819804258,10819804289,1,"IOTHUB_CLIENT_CONFIRMATION_OK"
4,10819804591,10819804618,1,"IOTHUB_CLIENT_CONFIRMATION_OK"
5,10819804924,10819804956,1,"IOTHUB_CLIENT_CONFIRMATION_OK"
6,10819805257,10819805290,1,"IOTHUB_CLIENT_CONFIRMATION_OK"
7,10819805591,10819805618,1,"IOTHUB_CLIENT_CONFIRMATION_OK"
8,10819805924,10819805957,1,"IOTHUB_CLIENT_CONFIRMATION_OK"
9,10819806257,10819806285,1,"IOTHUB_CLIENT_CONFIRMATION_OK"
10,10819806590,10819806621,1,"IOTHUB_CLIENT_CONFIRMATION_OK"
11,10819806923,10819806952,1,"IOTHUB_CLIENT_CONFIRMATION_OK"
12,10819807256,10819807285,1,"IOTHUB_CLIENT_CONFIRMATION_OK"
13,10819807590,10819807680,1,"IOTHUB_CLIENT_CONFIRMATION_OK"
14,10819807923,10819807951,1,"IOTHUB_CLIENT_CONFIRMATION_OK"
15,10819808256,10819808302,1,"IOTHUB_CLIENT_CONFIRMATION_OK"
16,10819808589,10819808632,1,"IOTHUB_CLIENT_CONFIRMATION_OK"
17,10819808922,10819808950,1,"IOTHUB_CLIENT_CONFIRMATION_OK"
18,10819809255,10819809284,1,"IOTHUB_CLIENT_CONFIRMATION_OK"
19,10819809589,10819809620,1,"IOTHUB_CLIENT_CONFIRMATION_OK"
20,10819809922,10819809969,1,"IOTHUB_CLIENT_CONFIRMATION_OK"
21,10819810255,10819810285,1,"IOTHUB_CLIENT_CONFIRMATION_OK"
22,10819810588,10819810728,1,"IOTHUB_CLIENT_CONFIRMATION_OK"
23,10819810921,10819810950,1,"IOTHUB_CLIENT_CONFIRMATION_OK"
24,10819811254,10819811349,1,"IOTHUB_CLIENT_CONFIRMATION_OK"
25,10819811588,10819811617,1,"IOTHUB_CLIENT_CONFIRMATION_OK"
26,10819811921,10819811951,1,"IOTHUB_CLIENT_CONFIRMATION_OK"
27,10819812254,10819812283,1,"IOTHUB_CLIENT_CONFIRMATION_OK"
28,10819812587,10819812676,1,"IOTHUB_CLIENT_CONFIRMATION_OK"
29,10819812920,10819812954,1,"IOTHUB_CLIENT_CONFIRMATION_OK"
30,10819813253,10819813293,1,"IOTHUB_CLIENT_CONFIRMATION_OK"
31,10819813587,10819813684,1,"IOTHUB_CLIENT_CONFIRMATION_OK"
32,10819813920,10819813950,1,"IOTHUB_CLIENT_CONFIRMATION_OK"
33,10819814253,10819814298,1,"IOTHUB_CLIENT_CONFIRMATION_OK"
34,10819814586,10819814617,1,"IOTHUB_CLIENT_CONFIRMATION_OK"
35,10819814919,10819814947,1,"IOTHUB_CLIENT_CONFIRMATION_OK"
36,10819815252,10819815313,1,"IOTHUB_CLIENT_CONFIRMATION_OK"
37,10819815585,10819815614,1,"IOTHUB_CLIENT_CONFIRMATION_OK"
38,10819815919,10819815950,1,"IOTHUB_CLIENT_CONFIRMATION_OK"
39,10819816252,10819816284,1,"IOTHUB_CLIENT_CONFIRMATION_OK"
40,10819816585,10819816722,1,"IOTHUB_CLIENT_CONFIRMATION_OK"
41,10819816918,10819816948,1,"IOTHUB_CLIENT_CONFIRMATION_OK"
42,10819817251,10819817282,1,"IOTHUB_CLIENT_CONFIRMATION_OK"
43,10819817584,10819817618,1,"IOTHUB_CLIENT_CONFIRMATION_OK"
44,10819817918,10819817949,1,"IOTHUB_CLIENT_CONFIRMATION_OK"
45,10819818251,10819818287,1,"IOTHUB_CLIENT_CONFIRMATION_OK"
46,10819818584,10819818625,1,"IOTHUB_CLIENT_CONFIRMATION_OK"
47,10819818917,10819818960,1,"IOTHUB_CLIENT_CONFIRMATION_OK"
48,10819819250,10819819280,1,"IOTHUB_CLIENT_CONFIRMATION_OK"
49,10819819583,10819819610,1,"IOTHUB_CLIENT_CONFIRMATION_OK"
50,10819819917,10819819948,1,"IOTHUB_CLIENT_CONFIRMATION_OK"
51,10819820250,10819820280,1,"IOTHUB_CLIENT_CONFIRMATION_OK"
52,10819820583,10819820611,1,"IOTHUB_CLIENT_CONFIRMATION_OK"
53,10819820916,10819820949,1,"IOTHUB_CLIENT_CONFIRMATION_OK"
54,10819821249,10819821286,1,"IOTHUB_CLIENT_CONFIRMATION_OK"
55,10819821582,10819821649,1,"IOTHUB_CLIENT_CONFIRMATION_OK"
56,10819821916,10819821946,1,"IOTHUB_CLIENT_CONFIRMATION_OK"
57,10819822249,10819822277,1,"IOTHUB_CLIENT_CONFIRMATION_OK"
58,10819822582,10819822613,1,"IOTHUB_CLIENT_CONFIRMATION_OK"
59,10819822915,10819822945,1,"IOTHUB_CLIENT_CONFIRMATION_OK"
60,10819823248,10819823279,1,"IOTHUB_CLIENT_CONFIRMATION_OK"
61,10819823581,10819823610,1,"IOTHUB_CLIENT_CONFIRMATION_OK"
62,10819823915,10819823955,1,"IOTHUB_CLIENT_CONFIRMATION_OK"
63,10819824248,10819824346,1,"IOTHUB_CLIENT_CONFIRMATION_OK"
64,10819824581,10819824609,1,"IOTHUB_CLIENT_CONFIRMATION_OK"
65,10819824914,10819824952,1,"IOTHUB_CLIENT_CONFIRMATION_OK"
66,10819825247,10819825278,1,"IOTHUB_CLIENT_CONFIRMATION_OK"
67,10819825580,10819825610,1,"IOTHUB_CLIENT_CONFIRMATION_OK"
68,10819825914,10819825944,1,"IOTHUB_CLIENT_CONFIRMATION_OK"
69,10819826247,10819826276,1,"IOTHUB_CLIENT_CONFIRMATION_OK"
70,10819826580,10819826611,1,"IOTHUB_CLIENT_CONFIRMATION_OK"
71,10819826913,10819826942,1,"IOTHUB_CLIENT_CONFIRMATION_OK"
72,10819827246,10819827385,1,"IOTHUB_CLIENT_CONFIRMATION_OK"
73,10819827579,10819827608,1,"IOTHUB_CLIENT_CONFIRMATION_OK"
74,10819827913,10819827994,1,"IOTHUB_CLIENT_CONFIRMATION_OK"
75,10819828246,10819828274,1,"IOTHUB_CLIENT_CONFIRMATION_OK"
76,10819828579,10819828606,1,"IOTHUB_CLIENT_CONFIRMATION_OK"
77,10819828912,10819828942,1,"IOTHUB_CLIENT_CONFIRMATION_OK"
78,10819829245,10819829279,1,"IOTHUB_CLIENT_CONFIRMATION_OK"
79,10819829578,10819829620,1,"IOTHUB_CLIENT_CONFIRMATION_OK"
80,10819829911,10819829941,1,"IOTHUB_CLIENT_CONFIRMATION_OK"
81,10819830245,10819830272,1,"IOTHUB_CLIENT_CONFIRMATION_OK"
82,10819830578,10819830642,1,"IOTHUB_CLIENT_CONFIRMATION_OK"
83,10819830911,10819830947,1,"IOTHUB_CLIENT_CONFIRMATION_OK"
84,10819831244,10819831274,1,"IOTHUB_CLIENT_CONFIRMATION_OK"
85,10819831577,10819831607,1,"IOTHUB_CLIENT_CONFIRMATION_OK"
86,10819831910,10819831940,1,"IOTHUB_CLIENT_CONFIRMATION_OK"
87,10819832244,10819832282,1,"IOTHUB_CLIENT_CONFIRMATION_OK"
88,10819832577,10819832679,1,"IOTHUB_CLIENT_CONFIRMATION_OK"
89,10819832910,10819832943,1,"IOTHUB_CLIENT_CONFIRMATION_OK"
90,10819833243,10819833292,1,"IOTHUB_CLIENT_CONFIRMATION_OK"
91,10819833576,10819833603,1,"IOTHUB_CLIENT_CONFIRMATION_OK"
92,10819833909,10819833938,1,"IOTHUB_CLIENT_CONFIRMATION_OK"
93,10819834243,10819834274,1,"IOTHUB_CLIENT_CONFIRMATION_OK"
94,10819834576,10819834606,1,"IOTHUB_CLIENT_CONFIRMATION_OK"
95,10819834909,10819834938,1,"IOTHUB_CLIENT_CONFIRMATION_OK"
96,10819835242,10819835270,1,"IOTHUB_CLIENT_CONFIRMATION_OK"
97,10819835575,10819835604,1,"IOTHUB_CLIENT_CONFIRMATION_OK"
98,10819835908,10819835945,1,"IOTHUB_CLIENT_CONFIRMATION_OK"
99,10819836242,10819836273,1,"IOTHUB_CLIENT_CONFIRMATION_OK"
100,10819836575,10819836603,1,"IOTHUB_CLIENT_CONFIRMATION_OK"
101,10819836908,10819836935,1,"IOTHUB_CLIENT_CONFIRMATION_OK"
102,10819837241,10819837269,1,"IOTHUB_CLIENT_CONFIRMATION_OK"
103,10819837574,10819837605,1,"IOTHUB_CLIENT_CONFIRMATION_OK"
104,10819837907,10819838052,1,"IOTHUB_CLIENT_CONFIRMATION_OK"
105,10819838241,10819838271,1,"IOTHUB_CLIENT_CONFIRMATION_OK"
106,10819838574,10819838677,1,"IOTHUB_CLIENT_CONFIRMATION_OK"
107,10819838907,10819838936,1,"IOTHUB_CLIENT_CONFIRMATION_OK"
108,10819839240,10819839268,1,"IOTHUB_CLIENT_CONFIRMATION_OK"
109,10819839573,10819839603,1,"IOTHUB_CLIENT_CONFIRMATION_OK"
110,10819839906,10819839935,1,"IOTHUB_CLIENT_CONFIRMATION_OK"
111,10819840240,10819840269,1,"IOTHUB_CLIENT_CONFIRMATION_OK"
112,10819840573,10819840601,1,"IOTHUB_CLIENT_CONFIRMATION_OK"
113,10819840906,10819840934,1,"IOTHUB_CLIENT_CONFIRMATION_OK"
114,10819841239,10819841272,1,"IOTHUB_CLIENT_CONFIRMATION_OK"
115,10819841572,10819841611,1,"IOTHUB_CLIENT_CONFIRMATION_OK"
116,10819841906,10819841939,1,"IOTHUB_CLIENT_CONFIRMATION_OK"
117,10819842239,10819842267,1,"IOTHUB_CLIENT_CONFIRMATION_OK"
118,10819842572,10819842601,1,"IOTHUB_CLIENT_CONFIRMATION_OK"
119,10819842905,10819842937,1,"IOTHUB_CLIENT_CONFIRMATION_OK"
120,10819843238,10819843380,1,"IOTHUB_CLIENT_CONFIRMATION_OK"
121,10819843571,10819843600,1,"IOTHUB_CLIENT_CONFIRMATION_OK"
122,10819843905,10819844010,1,"IOTHUB_CLIENT_CONFIRMATION_OK"
123,10819844238,10819844266,1,"IOTHUB_CLIENT_CONFIRMATION_OK"
124,10819844571,10819844617,1,"IOTHUB_CLIENT_CONFIRMATION_OK"
125,10819844904,10819844932,1,"IOTHUB_CLIENT_CONFIRMATION_OK"
126,10819845237,10819845265,1,"IOTHUB_CLIENT_CONFIRMATION_OK"
127,10819845570,10819845598,1,"IOTHUB_CLIENT_CONFIRMATION_OK"
128,10819845903,10819845938,1,"IOTHUB_CLIENT_CONFIRMATION_OK"
129,10819846237,10819846263,1,"IOTHUB_CLIENT_CONFIRMATION_OK"
130,10819846570,10819846614,1,"IOTHUB_CLIENT_CONFIRMATION_OK"
131,10819846903,10819846930,1,"IOTHUB_CLIENT_CONFIRMATION_OK"
132,10819847236,10819847266,1,"IOTHUB_CLIENT_CONFIRMATION_OK"
133,10819847569,10819847612,1,"IOTHUB_CLIENT_CONFIRMATION_OK"
134,10819847902,10819848035,1,"IOTHUB_CLIENT_CONFIRMATION_OK"
135,10819848236,10819848263,1,"IOTHUB_CLIENT_CONFIRMATION_OK"
136,10819848569,10819848663,1,"IOTHUB_CLIENT_CONFIRMATION_OK"
137,10819848902,10819848930,1,"IOTHUB_CLIENT_CONFIRMATION_OK"
138,10819849235,10819849289,1,"IOTHUB_CLIENT_CONFIRMATION_OK"
139,10819849568,10819849612,1,"IOTHUB_CLIENT_CONFIRMATION_OK"
140,10819849901,10819849937,1,"IOTHUB_CLIENT_CONFIRMATION_OK"
141,10819850234,10819850265,1,"IOTHUB_CLIENT_CONFIRMATION_OK"
142,10819850568,10819850596,1,"IOTHUB_CLIENT_CONFIRMATION_OK"
143,10819850901,10819850929,1,"IOTHUB_CLIENT_CONFIRMATION_OK"
144,10819851234,10819851263,1,"IOTHUB_CLIENT_CONFIRMATION_OK"
145,10819851567,10819851709,1,"IOTHUB_CLIENT_CONFIRMATION_OK"
146,10819851900,10819851928,1,"IOTHUB_CLIENT_CONFIRMATION_OK"
147,10819852233,10819852329,1,"IOTHUB_CLIENT_CONFIRMATION_OK"
148,10819852567,10819852614,1,"IOTHUB_CLIENT_CONFIRMATION_OK"
149,10819852900,10819852931,1,"IOTHUB_CLIENT_CONFIRMATION_OK"
150,10819853233,10819853265,1,"IOTHUB_CLIENT_CONFIRMATION_OK"
151,10819853566,10819853596,1,"IOTHUB_CLIENT_CONFIRMATION_OK"
152,10819853899,10819853948,1,"IOTHUB_CLIENT_CONFIRMATION_OK"
153,10819854232,10819854265,1,"IOTHUB_CLIENT_CONFIRMATION_OK"
154,10819854566,10819854594,1,"IOTHUB_CLIENT_CONFIRMATION_OK"
155,10819854899,10819854927,1,"IOTHUB_CLIENT_CONFIRMATION_OK"
156,10819855232,10819855259,1,"IOTHUB_CLIENT_CONFIRMATION_OK"
157,10819855565,10819855607,1,"IOTHUB_CLIENT_CONFIRMATION_OK"
158,10819855898,10819855932,1,"IOTHUB_CLIENT_CONFIRMATION_OK"
159,10819856231,10819856261,1,"IOTHUB_CLIENT_CONFIRMATION_OK"
160,10819856565,10819856592,1,"IOTHUB_CLIENT_CONFIRMATION_OK"
161,10819856898,10819857018,1,"IOTHUB_CLIENT_CONFIRMATION_OK"
162,10819857231,10819857259,1,"IOTHUB_CLIENT_CONFIRMATION_OK"
163,10819857564,10819857624,1,"IOTHUB_CLIENT_CONFIRMATION_OK"
164,10819857897,10819857924,1,"IOTHUB_CLIENT_CONFIRMATION_OK"
165,10819858230,10819858258,1,"IOTHUB_CLIENT_CONFIRMATION_OK"
166,10819858564,10819858593,1,"IOTHUB_CLIENT_CONFIRMATION_OK"
167,10819858897,10819858935,1,"IOTHUB_CLIENT_CONFIRMATION_OK"
168,10819859230,10819859259,1,"IOTHUB_CLIENT_CONFIRMATION_OK"
169,10819859563,10819859593,1,"IOTHUB_CLIENT_CONFIRMATION_OK"
170,10819859896,10819860069,1,"IOTHUB_CLIENT_CONFIRMATION_OK"
171,10819860229,10819860260,1,"IOTHUB_CLIENT_CONFIRMATION_OK"
172,10819860562,10819860590,1,"IOTHUB_CLIENT_CONFIRMATION_OK"
173,10819860896,10819860927,1,"IOTHUB_CLIENT_CONFIRMATION_OK"
174,10819861229,10819861261,1,"IOTHUB_CLIENT_CONFIRMATION_OK"
175,10819861562,10819861590,1,"IOTHUB_CLIENT_CONFIRMATION_OK"
176,10819861895,10819861925,1,"IOTHUB_CLIENT_CONFIRMATION_OK"
177,10819862228,10819862298,1,"IOTHUB_CLIENT_CONFIRMATION_OK"
178,10819862561,10819862589,1,"IOTHUB_CLIENT_CONFIRMATION_OK"
179,10819862894,10819862926,1,"IOTHUB_CLIENT_CONFIRMATION_OK"
180,10819863228,10819863258,1,"IOTHUB_CLIENT_CONFIRMATION_OK"
181,10819863561,10819863589,1,"IOTHUB_CLIENT_CONFIRMATION_OK"
182,10819863894,10819863928,1,"IOTHUB_CLIENT_CONFIRMATION_OK"
183,10819864227,10819864260,1,"IOTHUB_CLIENT_CONFIRMATION_OK"
184,10819864560,10819864590,1,"IOTHUB_CLIENT_CONFIRMATION_OK"
185,10819864894,10819864922,1,"IOTHUB_CLIENT_CONFIRMATION_OK"
186,10819865227,10819865339,1,"IOTHUB_CLIENT_CONFIRMATION_OK"
187,10819865560,10819865588,1,"IOTHUB_CLIENT_CONFIRMATION_OK"
188,10819865893,10819865953,1,"IOTHUB_CLIENT_CONFIRMATION_OK"
189,10819866226,10819866254,1,"IOTHUB_CLIENT_CONFIRMATION_OK"
190,10819866559,10819866587,1,"IOTHUB_CLIENT_CONFIRMATION_OK"
191,10819866893,10819866924,1,"IOTHUB_CLIENT_CONFIRMATION_OK"
192,10819867226,10819867258,1,"IOTHUB_CLIENT_CONFIRMATION_OK"
193,10819867559,10819867643,1,"IOTHUB_CLIENT_CONFIRMATION_OK"
194,10819867892,10819867920,1,"IOTHUB_CLIENT_CONFIRMATION_OK"
195,10819868225,10819868262,1,"IOTHUB_CLIENT_CONFIRMATION_OK"
196,10819868558,10819868585,1,"IOTHUB_CLIENT_CONFIRMATION_OK"
197,10819868891,10819868919,1,"IOTHUB_CLIENT_CONFIRMATION_OK"
198,10819869225,10819869253,1,"IOTHUB_CLIENT_CONFIRMATION_OK"
199,10819869558,10819869588,1,"IOTHUB_CLIENT_CONFIRMATION_OK"
200,10819869891,10819869924,1,"IOTHUB_CLIENT_CONFIRMATION_OK"
201,10819870224,10819870256,1,"IOTHUB_CLIENT_CONFIRMATION_OK"
202,10819870557,10819870681,1,"IOTHUB_CLIENT_CONFIRMATION_OK"
203,10819870890,10819870919,1,"IOTHUB_CLIENT_CONFIRMATION_OK"
204,10819871224,10819871300,1,"IOTHUB_CLIENT_CONFIRMATION_OK"
205,10819871557,10819871586,1,"IOTHUB_CLIENT_CONFIRMATION_OK"
206,10819871890,10819871919,1,"IOTHUB_CLIENT_CONFIRMATION_OK"
207,10819872223,10819872252,1,"IOTHUB_CLIENT_CONFIRMATION_OK"
208,10819872556,10819872586,1,"IOTHUB_CLIENT_CONFIRMATION_OK"
209,10819872889,10819872922,1,"IOTHUB_CLIENT_CONFIRMATION_OK"
210,10819873223,10819873251,1,"IOTHUB_CLIENT_CONFIRMATION_OK"
211,10819873556,10819873584,1,"IOTHUB_CLIENT_CONFIRMATION_OK"
212,10819873889,10819873928,1,"IOTHUB_CLIENT_CONFIRMATION_OK"
213,10819874222,10819874253,1,"IOTHUB_CLIENT_CONFIRMATION_OK"
214,10819874555,10819874592,1,"IOTHUB_CLIENT_CONFIRMATION_OK"
215,10819874888,10819874919,1,"IOTHUB_CLIENT_CONFIRMATION_OK"
216,10819875222,10819875248,1,"IOTHUB_CLIENT_CONFIRMATION_OK"
217,10819875555,10819875595,1,"IOTHUB_CLIENT_CONFIRMATION_OK"
218,10819875888,10819875980,1,"IOTHUB_CLIENT_CONFIRMATION_OK"
219,10819876221,10819876251,1,"IOTHUB_CLIENT_CONFIRMATION_OK"
220,10819876554,10819876586,1,"IOTHUB_CLIENT_CONFIRMATION_OK"
221,10819876887,10819876920,1,"IOTHUB_CLIENT_CONFIRMATION_OK"
222,10819877221,10819877249,1,"IOTHUB_CLIENT_CONFIRMATION_OK"
223,10819877554,10819877582,1,"IOTHUB_CLIENT_CONFIRMATION_OK"
224,10819877887,10819877916,1,"IOTHUB_CLIENT_CONFIRMATION_OK"
225,10819878220,10819878263,1,"IOTHUB_CLIENT_CONFIRMATION_OK"
226,10819878553,10819878591,1,"IOTHUB_CLIENT_CONFIRMATION_OK"
227,10819878886,10819878958,1,"IOTHUB_CLIENT_CONFIRMATION_OK"
228,10819879220,10819879267,1,"IOTHUB_CLIENT_CONFIRMATION_OK"
229,10819879553,10819879600,1,"IOTHUB_CLIENT_CONFIRMATION_OK"
230,10819879886,10819879915,1,"IOTHUB_CLIENT_CONFIRMATION_OK"
231,10819880219,10819880249,1,"IOTHUB_CLIENT_CONFIRMATION_OK"
232,10819880552,10819880580,1,"IOTHUB_CLIENT_CONFIRMATION_OK"
233,10819880885,10819880919,1,"IOTHUB_CLIENT_CONFIRMATION_OK"
234,10819881219,10819881407,1,"IOTHUB_CLIENT_CONFIRMATION_OK"
235,10819881552,10819881581,1,"IOTHUB_CLIENT_CONFIRMATION_OK"
236,10819881885,10819882025,1,"IOTHUB_CLIENT_CONFIRMATION_OK"
237,10819882218,10819882248,1,"IOTHUB_CLIENT_CONFIRMATION_OK"
238,10819882551,10819882581,1,"IOTHUB_CLIENT_CONFIRMATION_OK"
239,10819882884,10819882916,1,"IOTHUB_CLIENT_CONFIRMATION_OK"
240,10819883218,10819883246,1,"IOTHUB_CLIENT_CONFIRMATION_OK"
241,10819883551,10819883587,1,"IOTHUB_CLIENT_CONFIRMATION_OK"
242,10819883884,10819883915,1,"IOTHUB_CLIENT_CONFIRMATION_OK"
243,10819884217,10819884254,1,"IOTHUB_CLIENT_CONFIRMATION_OK"
244,10819884550,10819884587,1,"IOTHUB_CLIENT_CONFIRMATION_OK"
245,10819884883,10819884915,1,"IOTHUB_CLIENT_CONFIRMATION_OK"
246,10819885217,10819885248,1,"IOTHUB_CLIENT_CONFIRMATION_OK"
247,10819885550,10819885581,1,"IOTHUB_CLIENT_CONFIRMATION_OK"
248,10819885883,10819885911,1,"IOTHUB_CLIENT_CONFIRMATION_OK"
249,10819886216,10819886243,1,"IOTHUB_CLIENT_CONFIRMATION_OK"
250,10819886549,10819886577,1,"IOTHUB_CLIENT_CONFIRMATION_OK"
251,10819886882,10819886915,1,"IOTHUB_CLIENT_CONFIRMATION_OK"
252,10819887216,10819887305,1,"IOTHUB_CLIENT_CONFIRMATION_OK"
253,10819887549,10819887576,1,"IOTHUB_CLIENT_CONFIRMATION_OK"
254,10819887882,10819887934,1,"IOTHUB_CLIENT_CONFIRMATION_OK"
255,10819888215,10819888243,1,"IOTHUB_CLIENT_CONFIRMATION_OK"
256,10819888548,10819888579,1,"IOTHUB_CLIENT_CONFIRMATION_OK"
257,10819888881,10819888916,1,"IOTHUB_CLIENT_CONFIRMATION_OK"
258,10819889215,10819889244,1,"IOTHUB_CLIENT_CONFIRMATION_OK"
259,10819889548,10819889576,1,"IOTHUB_CLIENT_CONFIRMATION_OK"
260,10819889881,10819889913,1,"IOTHUB_CLIENT_CONFIRMATION_OK"
261,10819890214,10819890353,1,"IOTHUB_CLIENT_CONFIRMATION_OK"
262,10819890547,10819890578,1,"IOTHUB_CLIENT_CONFIRMATION_OK"
263,10819890880,10819890913,1,"IOTHUB_CLIENT_CONFIRMATION_OK"
264,10819891213,10819891254,1,"IOTHUB_CLIENT_CONFIRMATION_OK"
265,10819891547,10819891575,1,"IOTHUB_CLIENT_CONFIRMATION_OK"
266,10819891880,10819891908,1,"IOTHUB_CLIENT_CONFIRMATION_OK"
267,10819892213,10819892245,1,"IOTHUB_CLIENT_CONFIRMATION_OK"
268,10819892546,10819892665,1,"IOTHUB_CLIENT_CONFIRMATION_OK"
269,10819892879,10819892909,1,"IOTHUB_CLIENT_CONFIRMATION_OK"
270,10819893212,10819893279,1,"IOTHUB_CLIENT_CONFIRMATION_OK"
271,10819893546,10819893576,1,"IOTHUB_CLIENT_CONFIRMATION_OK"
272,10819893879,10819893912,1,"IOTHUB_CLIENT_CONFIRMATION_OK"
273,10819894212,10819894244,1,"IOTHUB_CLIENT_CONFIRMATION_OK"
274,10819894545,10819894572,1,"IOTHUB_CLIENT_CONFIRMATION_OK"
275,10819894878,10819894909,1,"IOTHUB_CLIENT_CONFIRMATION_OK"
276,10819895211,10819895239,1,"IOTHUB_CLIENT_CONFIRMATION_OK"
277,10819895545,10819895576,1,"IOTHUB_CLIENT_CONFIRMATION_OK"
278,10819895878,10819895909,1,"IOTHUB_CLIENT_CONFIRMATION_OK"
279,10819896211,10819896244,1,"IOTHUB_CLIENT_CONFIRMATION_OK"
280,10819896544,10819896577,1,"IOTHUB_CLIENT_CONFIRMATION_OK"
281,10819896877,10819896912,1,"IOTHUB_CLIENT_CONFIRMATION_OK"
282,10819897210,10819897240,1,"IOTHUB_CLIENT_CONFIRMATION_OK"
283,10819897544,10819897572,1,"IOTHUB_CLIENT_CONFIRMATION_OK"
284,10819897877,10819897945,1,"IOTHUB_CLIENT_CONFIRMATION_OK"
285,10819898210,10819898237,1,"IOTHUB_CLIENT_CONFIRMATION_OK"
286,10819898543,10819898594,1,"IOTHUB_CLIENT_CONFIRMATION_OK"
287,10819898876,10819898912,1,"IOTHUB_CLIENT_CONFIRMATION_OK"
288,10819899209,10819899239,1,"IOTHUB_CLIENT_CONFIRMATION_OK"
289,10819899542,10819899570,1,"IOTHUB_CLIENT_CONFIRMATION_OK"
290,10819899876,10819899910,1,"IOTHUB_CLIENT_CONFIRMATION_OK"
291,10819900209,10819900239,1,"IOTHUB_CLIENT_CONFIRMATION_OK"
292,10819900542,10819900576,1,"IOTHUB_CLIENT_CONFIRMATION_OK"
293,10819900875,10819900906,1,"IOTHUB_CLIENT_CONFIRMATION_OK"
294,10819901208,10819901243,1,"IOTHUB_CLIENT_CONFIRMATION_OK"
295,10819901541,10819901574,1,"IOTHUB_CLIENT_CONFIRMATION_OK"
296,10819901875,10819901902,1,"IOTHUB_CLIENT_CONFIRMATION_OK"
297,10819902208,10819902237,1,"IOTHUB_CLIENT_CONFIRMATION_OK"
298,10819902541,10819902571,1,"IOTHUB_CLIENT_CONFIRMATION_OK"
299,10819902874,10819902903,1,"IOTHUB_CLIENT_CONFIRMATION_OK"
300,10819903207,10819903278,1,"IOTHUB_CLIENT_CONFIRMATION_OK"
301,10819903540,10819903586,1,"IOTHUB_CLIENT_CONFIRMATION_OK"
302,10819903874,10819903904,1,"IOTHUB_CLIENT_CONFIRMATION_OK"
303,10819904207,10819904234,1,"IOTHUB_CLIENT_CONFIRMATION_OK"
304,10819904540,10819904568,1,"IOTHUB_CLIENT_CONFIRMATION_OK"
305,10819904873,10819904903,1,"IOTHUB_CLIENT_CONFIRMATION_OK"
306,10819905206,10819905235,1,"IOTHUB_CLIENT_CONFIRMATION_OK"
307,10819905539,10819905707,1,"IOTHUB_CLIENT_CONFIRMATION_OK"
308,10819905873,10819905905,1,"IOTHUB_CLIENT_CONFIRMATION_OK"
309,10819906206,10819906339,1,"IOTHUB_CLIENT_CONFIRMATION_OK"
310,10819906539,10819906567,1,"IOTHUB_CLIENT_CONFIRMATION_OK"
311,10819906872,10819906903,1,"IOTHUB_CLIENT_CONFIRMATION_OK"
312,10819907205,10819907236,1,"IOTHUB_CLIENT_CONFIRMATION_OK"
313,10819907538,10819907566,1,"IOTHUB_CLIENT_CONFIRMATION_OK"
314,10819907872,10819907901,1,"IOTHUB_CLIENT_CONFIRMATION_OK"
315,10819908205,10819908232,1,"IOTHUB_CLIENT_CONFIRMATION_OK"
316,10819908538,10819908694,1,"IOTHUB_CLIENT_CONFIRMATION_OK"
317,10819908871,10819908908,1,"IOTHUB_CLIENT_CONFIRMATION_OK"
318,10819909204,10819909311,1,"IOTHUB_CLIENT_CONFIRMATION_OK"
319,10819909537,10819909567,1,"IOTHUB_CLIENT_CONFIRMATION_OK"
320,10819909870,10819909910,1,"IOTHUB_CLIENT_CONFIRMATION_OK"
321,10819910204,10819910233,1,"IOTHUB_CLIENT_CONFIRMATION_OK"
322,10819910537,10819910569,1,"IOTHUB_CLIENT_CONFIRMATION_OK"
323,10819910870,10819910902,1,"IOTHUB_CLIENT_CONFIRMATION_OK"
324,10819911203,10819911232,1,"IOTHUB_CLIENT_CONFIRMATION_OK"
325,10819911536,10819911575,1,"IOTHUB_CLIENT_CONFIRMATION_OK"
326,10819911869,10819911898,1,"IOTHUB_CLIENT_CONFIRMATION_OK"
327,10819912203,10819912231,1,"IOTHUB_CLIENT_CONFIRMATION_OK"
328,10819912536,10819912563,1,"IOTHUB_CLIENT_CONFIRMATION_OK"
329,10819912869,10819912924,1,"IOTHUB_CLIENT_CONFIRMATION_OK"
330,10819913202,10819913237,1,"IOTHUB_CLIENT_CONFIRMATION_OK"
331,10819913535,10819913569,1,"IOTHUB_CLIENT_CONFIRMATION_OK"
332,10819913868,10819914008,1,"IOTHUB_CLIENT_CONFIRMATION_OK"
333,10819914202,10819914235,1,"IOTHUB_CLIENT_CONFIRMATION_OK"
334,10819914535,10819914913,1,"IOTHUB_CLIENT_CONFIRMATION_OK"
335,10819914868,10819914928,1,"IOTHUB_CLIENT_CONFIRMATION_OK"
336,10819915201,10819915229,1,"IOTHUB_CLIENT_CONFIRMATION_OK"
337,10819915534,10819915567,1,"IOTHUB_CLIENT_CONFIRMATION_OK"
338,10819915867,10819915913,1,"IOTHUB_CLIENT_CONFIRMATION_OK"
339,10819916201,10819916232,1,"IOTHUB_CLIENT_CONFIRMATION_OK"
340,10819916534,10819916563,1,"IOTHUB_CLIENT_CONFIRMATION_OK"
341,10819916867,10819916903,1,"IOTHUB_CLIENT_CONFIRMATION_OK"
342,10819917200,10819917228,1,"IOTHUB_CLIENT_CONFIRMATION_OK"
343,10819917533,10819917564,1,"IOTHUB_CLIENT_CONFIRMATION_OK"
344,10819917866,10819917894,1,"IOTHUB_CLIENT_CONFIRMATION_OK"
345,10819918200,10819918226,1,"IOTHUB_CLIENT_CONFIRMATION_OK"
346,10819918533,10819918562,1,"IOTHUB_CLIENT_CONFIRMATION_OK"
347,10819918866,10819918895,1,"IOTHUB_CLIENT_CONFIRMATION_OK"
348,10819919199,10819919240,1,"IOTHUB_CLIENT_CONFIRMATION_OK"
349,10819919532,10819919561,1,"IOTHUB_CLIENT_CONFIRMATION_OK"
350,10819919865,10819919955,1,"IOTHUB_CLIENT_CONFIRMATION_OK"
351,10819920198,10819920227,1,"IOTHUB_CLIENT_CONFIRMATION_OK"
352,10819920532,10819920566,1,"IOTHUB_CLIENT_CONFIRMATION_OK"
353,10819920865,10819920895,1,"IOTHUB_CLIENT_CONFIRMATION_OK"
354,10819921198,10819921229,1,"IOTHUB_CLIENT_CONFIRMATION_OK"
355,10819921531,10819921560,1,"IOTHUB_CLIENT_CONFIRMATION_OK"
356,10819921864,10819921915,1,"IOTHUB_CLIENT_CONFIRMATION_OK"
357,10819922197,10819922226,1,"IOTHUB_CLIENT_CONFIRMATION_OK"
358,10819922531,10819922582,1,"IOTHUB_CLIENT_CONFIRMATION_OK"
359,10819922864,10819922919,1,"IOTHUB_CLIENT_CONFIRMATION_OK"
360,10819923197,10819923229,1,"IOTHUB_CLIENT_CONFIRMATION_OK"
361,10819923530,10819923558,1,"IOTHUB_CLIENT_CONFIRMATION_OK"
362,10819923863,10819923896,1,"IOTHUB_CLIENT_CONFIRMATION_OK"
363,10819924196,10819924223,1,"IOTHUB_CLIENT_CONFIRMATION_OK"
364,10819924529,10819924617,1,"IOTHUB_CLIENT_CONFIRMATION_OK"
365,10819924863,10819924890,1,"IOTHUB_CLIENT_CONFIRMATION_OK"
366,10819925196,10819925227,1,"IOTHUB_CLIENT_CONFIRMATION_OK"
367,10819925529,10819925558,1,"IOTHUB_CLIENT_CONFIRMATION_OK"
368,10819925862,10819925892,1,"IOTHUB_CLIENT_CONFIRMATION_OK"
369,10819926195,10819926224,1,"IOTHUB_CLIENT_CONFIRMATION_OK"
370,10819926528,10819926558,1,"IOTHUB_CLIENT_CONFIRMATION_OK"
371,10819926862,10819926891,1,"IOTHUB_CLIENT_CONFIRMATION_OK"
372,10819927195,10819927325,1,"IOTHUB_CLIENT_CONFIRMATION_OK"
373,10819927528,10819927558,1,"IOTHUB_CLIENT_CONFIRMATION_OK"
374,10819927861,10819927890,1,"IOTHUB_CLIENT_CONFIRMATION_OK"
375,10819928194,10819928222,1,"IOTHUB_CLIENT_CONFIRMATION_OK"
376,10819928527,10819928560,1,"IOTHUB_CLIENT_CONFIRMATION_OK"
377,10819928860,10819928891,1,"IOTHUB_CLIENT_CONFIRMATION_OK"
378,10819929194,10819929225,1,"IOTHUB_CLIENT_CONFIRMATION_OK"
379,10819929527,10819929555,1,"IOTHUB_CLIENT_CONFIRMATION_OK"
380,10819929860,10819929896,1,"IOTHUB_CLIENT_CONFIRMATION_OK"
381,10819930193,10819930224,1,"IOTHUB_CLIENT_CONFIRMATION_OK"
382,10819930526,10819930575,1,"IOTHUB_CLIENT_CONFIRMATION_OK"
383,10819930859,10819930888,1,"IOTHUB_CLIENT_CONFIRMATION_OK"
384,10819931193,10819931225,1,"IOTHUB_CLIENT_CONFIRMATION_OK"
385,10819931526,10819931558,1,"IOTHUB_CLIENT_CONFIRMATION_OK"
386,10819931859,10819931898,1,"IOTHUB_CLIENT_CONFIRMATION_OK"
387,10819932192,10819932222,1,"IOTHUB_CLIENT_CONFIRMATION_OK"
388,10819932525,10819932552,1,"IOTHUB_CLIENT_CONFIRMATION_OK"
389,10819932858,10819933004,1,"IOTHUB_CLIENT_CONFIRMATION_OK"
390,10819933192,10819933221,1,"IOTHUB_CLIENT_CONFIRMATION_OK"
391,10819933525,10819933621,1,"IOTHUB_CLIENT_CONFIRMATION_OK"
392,10819933858,10819933886,1,"IOTHUB_CLIENT_CONFIRMATION_OK"
393,10819934191,10819934232,1,"IOTHUB_CLIENT_CONFIRMATION_OK"
394,10819934524,10819934558,1,"IOTHUB_CLIENT_CONFIRMATION_OK"
395,10819934857,10819934891,1,"IOTHUB_CLIENT_CONFIRMATION_OK"
396,10819935191,10819935230,1,"IOTHUB_CLIENT_CONFIRMATION_OK"
397,10819935524,10819935553,1,"IOTHUB_CLIENT_CONFIRMATION_OK"
398,10819935857,10819935887,1,"IOTHUB_CLIENT_CONFIRMATION_OK"
399,10819936190,10819936220,1,"IOTHUB_CLIENT_CONFIRMATION_OK"
400,10819936523,10819936553,1,"IOTHUB_CLIENT_CONFIRMATION_OK"
401,10819936856,10819936888,1,"IOTHUB_CLIENT_CONFIRMATION_OK"
402,10819937189,10819937220,1,"IOTHUB_CLIENT_CONFIRMATION_OK"
403,10819937523,10819937552,1,"IOTHUB_CLIENT_CONFIRMATION_OK"
404,10819937856,10819937888,1,"IOTHUB_CLIENT_CONFIRMATION_OK"
405,10819938189,10819938306,1,"IOTHUB_CLIENT_CONFIRMATION_OK"
406,10819938522,10819938551,1,"IOTHUB_CLIENT_CONFIRMATION_OK"
407,10819938855,10819938917,1,"IOTHUB_CLIENT_CONFIRMATION_OK"
408,10819939188,10819939218,1,"IOTHUB_CLIENT_CONFIRMATION_OK"
409,10819939522,10819939552,1,"IOTHUB_CLIENT_CONFIRMATION_OK"
410,10819939855,10819939883,1,"IOTHUB_CLIENT_CONFIRMATION_OK"
411,10819940188,10819940219,1,"IOTHUB_CLIENT_CONFIRMATION_OK"
412,10819940521,10819940548,1,"IOTHUB_CLIENT_CONFIRMATION_OK"
413,10819940854,10819940886,1,"IOTHUB_CLIENT_CONFIRMATION_OK"
414,10819941187,10819941337,1,"IOTHUB_CLIENT_CONFIRMATION_OK"
415,10819941521,10819941555,1,"IOTHUB_CLIENT_CONFIRMATION_OK"
416,10819941854,10819941949,1,"IOTHUB_CLIENT_CONFIRMATION_OK"
417,10819942187,10819942216,1,"IOTHUB_CLIENT_CONFIRMATION_OK"
418,10819942520,10819942548,1,"IOTHUB_CLIENT_CONFIRMATION_OK"
419,10819942853,10819942884,1,"IOTHUB_CLIENT_CONFIRMATION_OK"
420,10819943186,10819943215,1,"IOTHUB_CLIENT_CONFIRMATION_OK"
421,10819943520,10819943550,1,"IOTHUB_CLIENT_CONFIRMATION_OK"
422,10819943853,10819943881,1,"IOTHUB_CLIENT_CONFIRMATION_OK"
423,10819944186,10819944235,1,"IOTHUB_CLIENT_CONFIRMATION_OK"
424,10819944519,10819944547,1,"IOTHUB_CLIENT_CONFIRMATION_OK"
425,10819944852,10819944890,1,"IOTHUB_CLIENT_CONFIRMATION_OK"
426,10819945185,10819945214,1,"IOTHUB_CLIENT_CONFIRMATION_OK"
427,10819945518,10819945549,1,"IOTHUB_CLIENT_CONFIRMATION_OK"
428,10819945852,10819945881,1,"IOTHUB_CLIENT_CONFIRMATION_OK"
429,10819946185,10819946231,1,"IOTHUB_CLIENT_CONFIRMATION_OK"
430,10819946518,10819946626,1,"IOTHUB_CLIENT_CONFIRMATION_OK"
431,10819946851,10819946881,1,"IOTHUB_CLIENT_CONFIRMATION_OK"
432,10819947184,10819947233,1,"IOTHUB_CLIENT_CONFIRMATION_OK"
433,10819947517,10819947547,1,"IOTHUB_CLIENT_CONFIRMATION_OK"
434,10819947851,10819947886,1,"IOTHUB_CLIENT_CONFIRMATION_OK"
435,10819948184,10819948212,1,"IOTHUB_CLIENT_CONFIRMATION_OK"
436,10819948517,10819948548,1,"IOTHUB_CLIENT_CONFIRMATION_OK"
437,10819948850,10819948891,1,"IOTHUB_CLIENT_CONFIRMATION_OK"
438,10819949183,10819949210,1,"IOTHUB_CLIENT_CONFIRMATION_OK"
439,10819949516,10819949667,1,"IOTHUB_CLIENT_CONFIRMATION_OK"
440,10819949850,10819949885,1,"IOTHUB_CLIENT_CONFIRMATION_OK"
441,10819950183,10819950288,1,"IOTHUB_CLIENT_CONFIRMATION_OK"
442,10819950516,10819950545,1,"IOTHUB_CLIENT_CONFIRMATION_OK"
443,10819950849,10819950876,1,"IOTHUB_CLIENT_CONFIRMATION_OK"
444,10819951182,10819951209,1,"IOTHUB_CLIENT_CONFIRMATION_OK"
445,10819951515,10819951555,1,"IOTHUB_CLIENT_CONFIRMATION_OK"
446,10819951848,10819951877,1,"IOTHUB_CLIENT_CONFIRMATION_OK"
447,10819952182,10819952218,1,"IOTHUB_CLIENT_CONFIRMATION_OK"
448,10819952515,10819952543,1,"IOTHUB_CLIENT_CONFIRMATION_OK"
449,10819952848,10819952878,1,"IOTHUB_CLIENT_CONFIRMATION_OK"
450,10819953181,10819953214,1,"IOTHUB_CLIENT_CONFIRMATION_OK"
451,10819953514,10819953580,1,"IOTHUB_CLIENT_CONFIRMATION_OK"
452,10819953847,10819953882,1,"IOTHUB_CLIENT_CONFIRMATION_OK"
453,10819954181,10819954208,1,"IOTHUB_CLIENT_CONFIRMATION_OK"
454,10819954514,10819954542,1,"IOTHUB_CLIENT_CONFIRMATION_OK"
455,10819954847,10819954959,1,"IOTHUB_CLIENT_CONFIRMATION_OK"
456,10819955180,10819955209,1,"IOTHUB_CLIENT_CONFIRMATION_OK"
457,10819955513,10819955576,1,"IOTHUB_CLIENT_CONFIRMATION_OK"
458,10819955846,10819955882,1,"IOTHUB_CLIENT_CONFIRMATION_OK"
459,10819956180,10819956207,1,"IOTHUB_CLIENT_CONFIRMATION_OK"
460,10819956513,10819956543,1,"IOTHUB_CLIENT_CONFIRMATION_OK"
461,10819956846,10819956888,1,"IOTHUB_CLIENT_CONFIRMATION_OK"
462,10819957179,10819957208,1,"IOTHUB_CLIENT_CONFIRMATION_OK"
463,10819957512,10819957541,1,"IOTHUB_CLIENT_CONFIRMATION_OK"
464,10819957845,10819957874,1,"IOTHUB_CLIENT_CONFIRMATION_OK"
465,10819958178,10819958206,1,"IOTHUB_CLIENT_CONFIRMATION_OK"
466,10819958512,10819958542,1,"IOTHUB_CLIENT_CONFIRMATION_OK"
467,10819958845,10819958875,1,"IOTHUB_CLIENT_CONFIRMATION_OK"
468,10819959178,10819959206,1,"IOTHUB_CLIENT_CONFIRMATION_OK"
469,10819959511,10819959544,1,"IOTHUB_CLIENT_CONFIRMATION_OK"
470,10819959844,10819959874,1,"IOTHUB_CLIENT_CONFIRMATION_OK"
471,10819960177,10819960260,1,"IOTHUB_CLIENT_CONFIRMATION_OK"
472,10819960510,10819960540,1,"IOTHUB_CLIENT_CONFIRMATION_OK"
473,10819960844,10819960872,1,"IOTHUB_CLIENT_CONFIRMATION_OK"
474,10819961177,10819961206,1,"IOTHUB_CLIENT_CONFIRMATION_OK"
475,10819961510,10819961538,1,"IOTHUB_CLIENT_CONFIRMATION_OK"
476,10819961843,10819961871,1,"IOTHUB_CLIENT_CONFIRMATION_OK"
477,10819962176,10819962210,1,"IOTHUB_CLIENT_CONFIRMATION_OK"
478,10819962509,10819962538,1,"IOTHUB_CLIENT_CONFIRMATION_OK"
479,10819962843,10819962874,1,"IOTHUB_CLIENT_CONFIRMATION_OK"
480,10819963176,10819963312,1,"IOTHUB_CLIENT_CONFIRMATION_OK"
481,10819963509,10819963544,1,"IOTHUB_CLIENT_CONFIRMATION_OK"
482,10819963842,10819963921,1,"IOTHUB_CLIENT_CONFIRMATION_OK"
483,10819964175,10819964207,1,"IOTHUB_CLIENT_CONFIRMATION_OK"
484,10819964508,10819964550,1,"IOTHUB_CLIENT_CONFIRMATION_OK"
485,10819964841,10819964869,1,"IOTHUB_CLIENT_CONFIRMATION_OK"
486,10819965175,10819965205,1,"IOTHUB_CLIENT_CONFIRMATION_OK"
487,10819965508,10819965536,1,"IOTHUB_CLIENT_CONFIRMATION_OK"
488,10819965841,10819965870,1,"IOTHUB_CLIENT_CONFIRMATION_OK"
489,10819966174,10819966211,1,"IOTHUB_CLIENT_CONFIRMATION_OK"
490,10819966507,10819966539,1,"IOTHUB_CLIENT_CONFIRMATION_OK"
491,10819966840,10819966872,1,"IOTHUB_CLIENT_CONFIRMATION_OK"
492,10819967174,10819967204,1,"IOTHUB_CLIENT_CONFIRMATION_OK"
493,10819967507,10819967539,1,"IOTHUB_CLIENT_CONFIRMATION_OK"
494,10819967840,10819967868,1,"IOTHUB_CLIENT_CONFIRMATION_OK"
495,10819968173,10819968416,1,"IOTHUB_CLIENT_CONFIRMATION_OK"
496,10819968506,10819968590,1,"IOTHUB_CLIENT_CONFIRMATION_OK"
497,10819968839,10819968869,1,"IOTHUB_CLIENT_CONFIRMATION_OK"
498,10819969173,10819969204,1,"IOTHUB_CLIENT_CONFIRMATION_OK"
499,10819969506,10819969533,1,"IOTHUB_CLIENT_CONFIRMATION_OK"
500,10819969839,10819969869,1,"IOTHUB_CLIENT_CONFIRMATION_OK"
501,10819970172,10819970199,1,"IOTHUB_CLIENT_CONFIRMATION_OK"
502,10819970505,10819970534,1,"IOTHUB_CLIENT_CONFIRMATION_OK"
503,10819970838,10819970867,1,"IOTHUB_CLIENT_CONFIRMATION_OK"
504,10819971172,10819971201,1,"IOTHUB_CLIENT_CONFIRMATION_OK"
505,10819971505,10819971651,1,"IOTHUB_CLIENT_CONFIRMATION_OK"
506,10819971838,10819971867,1,"IOTHUB_CLIENT_CONFIRMATION_OK"
507,10819972171,10819972201,1,"IOTHUB_CLIENT_CONFIRMATION_OK"
508,10819972504,10819972532,1,"IOTHUB_CLIENT_CONFIRMATION_OK"
509,10819972837,10819972868,1,"IOTHUB_CLIENT_CONFIRMATION_OK"
510,10819973170,10819973200,1,"IOTHUB_CLIENT_CONFIRMATION_OK"
511,10819973504,10819973533,1,"IOTHUB_CLIENT_CONFIRMATION_OK"
512,10819973837,10819973882,1,"IOTHUB_CLIENT_CONFIRMATION_OK"
513,10819974170,10819974198,1,"IOTHUB_CLIENT_CONFIRMATION_OK"
514,10819974503,10819974532,1,"IOTHUB_CLIENT_CONFIRMATION_OK"
515,10819974836,10819974865,1,"IOTHUB_CLIENT_CONFIRMATION_OK"
516,10819975169,10819975199,1,"IOTHUB_CLIENT_CONFIRMATION_OK"
517,10819975503,10819975531,1,"IOTHUB_CLIENT_CONFIRMATION_OK"
518,10819975836,10819975863,1,"IOTHUB_CLIENT_CONFIRMATION_OK"
519,10819976169,10819976202,1,"IOTHUB_CLIENT_CONFIRMATION_OK"
520,10819976502,10819976538,1,"IOTHUB_CLIENT_CONFIRMATION_OK"
521,10819976835,10819976954,1,"IOTHUB_CLIENT_CONFIRMATION_OK"
522,10819977168,10819977196,1,"IOTHUB_CLIENT_CONFIRMATION_OK"
523,10819977502,10819977557,1,"IOTHUB_CLIENT_CONFIRMATION_OK"
524,10819977835,10819977863,1,"IOTHUB_CLIENT_CONFIRMATION_OK"
525,10819978168,10819978204,1,"IOTHUB_CLIENT_CONFIRMATION_OK"
526,10819978501,10819978530,1,"IOTHUB_CLIENT_CONFIRMATION_OK"
527,10819978834,10819978863,1,"IOTHUB_CLIENT_CONFIRMATION_OK"
528,10819979167,10819979200,1,"IOTHUB_CLIENT_CONFIRMATION_OK"
529,10819979500,10819979530,1,"IOTHUB_CLIENT_CONFIRMATION_OK"
530,10819979834,10819979863,1,"IOTHUB_CLIENT_CONFIRMATION_OK"
531,10819980167,10819980194,1,"IOTHUB_CLIENT_CONFIRMATION_OK"
532,10819980500,10819980534,1,"IOTHUB_CLIENT_CONFIRMATION_OK"
533,10819980833,10819980864,1,"IOTHUB_CLIENT_CONFIRMATION_OK"
534,10819981166,10819981194,1,"IOTHUB_CLIENT_CONFIRMATION_OK"
535,10819981499,10819981528,1,"IOTHUB_CLIENT_CONFIRMATION_OK"
536,10819981833,10819981862,1,"IOTHUB_CLIENT_CONFIRMATION_OK"
537,10819982166,10819982272,1,"IOTHUB_CLIENT_CONFIRMATION_OK"
538,10819982499,10819982527,1,"IOTHUB_CLIENT_CONFIRMATION_OK"
539,10819982832,10819982863,1,"IOTHUB_CLIENT_CONFIRMATION_OK"
540,10819983165,10819983195,1,"IOTHUB_CLIENT_CONFIRMATION_OK"
541,10819983498,10819983527,1,"IOTHUB_CLIENT_CONFIRMATION_OK"
542,10819983831,10819983882,1,"IOTHUB_CLIENT_CONFIRMATION_OK"
543,10819984165,10819984192,1,"IOTHUB_CLIENT_CONFIRMATION_OK"
544,10819984498,10819984526,1,"IOTHUB_CLIENT_CONFIRMATION_OK"
545,10819984831,10819984859,1,"IOTHUB_CLIENT_CONFIRMATION_OK"
546,10819985164,10819985315,1,"IOTHUB_CLIENT_CONFIRMATION_OK"
547,10819985497,10819985526,1,"IOTHUB_CLIENT_CONFIRMATION_OK"
548,10819985830,10819985861,1,"IOTHUB_CLIENT_CONFIRMATION_OK"
549,10819986164,10819986191,1,"IOTHUB_CLIENT_CONFIRMATION_OK"
550,10819986497,10819986525,1,"IOTHUB_CLIENT_CONFIRMATION_OK"
551,10819986830,10819986862,1,"IOTHUB_CLIENT_CONFIRMATION_OK"
552,10819987163,10819987192,1,"IOTHUB_CLIENT_CONFIRMATION_OK"
553,10819987496,10819987572,1,"IOTHUB_CLIENT_CONFIRMATION_OK"
554,10819987829,10819987860,1,"IOTHUB_CLIENT_CONFIRMATION_OK"
555,10819988162,10819988190,1,"IOTHUB_CLIENT_CONFIRMATION_OK"
556,10819988496,10819988527,1,"IOTHUB_CLIENT_CONFIRMATION_OK"
557,10819988829,10819988860,1,"IOTHUB_CLIENT_CONFIRMATION_OK"
558,10819989162,10819989189,1,"IOTHUB_CLIENT_CONFIRMATION_OK"
559,10819989495,10819989525,1,"IOTHUB_CLIENT_CONFIRMATION_OK"
560,10819989828,10819989858,1,"IOTHUB_CLIENT_CONFIRMATION_OK"
561,10819990161,10819990192,1,"IOTHUB_CLIENT_CONFIRMATION_OK"
562,10819990495,10819990611,1,"IOTHUB_CLIENT_CONFIRMATION_OK"
563,10819990828,10819990857,1,"IOTHUB_CLIENT_CONFIRMATION_OK"
564,10819991161,10819991235,1,"IOTHUB_CLIENT_CONFIRMATION_OK"
565,10819991494,10819991521,1,"IOTHUB_CLIENT_CONFIRMATION_OK"
566,10819991827,10819991854,1,"IOTHUB_CLIENT_CONFIRMATION_OK"
567,10819992160,10819992189,1,"IOTHUB_CLIENT_CONFIRMATION_OK"
568,10819992493,10819992522,1,"IOTHUB_CLIENT_CONFIRMATION_OK"
569,10819992827,10819992862,1,"IOTHUB_CLIENT_CONFIRMATION_OK"
570,10819993160,10819993188,1,"IOTHUB_CLIENT_CONFIRMATION_OK"
571,10819993493,10819993520,1,"IOTHUB_CLIENT_CONFIRMATION_OK"
572,10819993826,10819993854,1,"IOTHUB_CLIENT_CONFIRMATION_OK"
573,10819994159,10819994192,1,"IOTHUB_CLIENT_CONFIRMATION_OK"
574,10819994492,10819994520,1,"IOTHUB_CLIENT_CONFIRMATION_OK"
575,10819994826,10819994852,1,"IOTHUB_CLIENT_CONFIRMATION_OK"
576,10819995159,10819995190,1,"IOTHUB_CLIENT_CONFIRMATION_OK"
577,10819995492,10819995521,1,"IOTHUB_CLIENT_CONFIRMATION_OK"
578,10819995825,10819995897,1,"IOTHUB_CLIENT_CONFIRMATION_OK"
579,10819996158,10819996215,1,"IOTHUB_CLIENT_CONFIRMATION_OK"
580,10819996491,10819996564,1,"IOTHUB_CLIENT_CONFIRMATION_OK"
581,10819996824,10819996853,1,"IOTHUB_CLIENT_CONFIRMATION_OK"
582,10819997158,10819997188,1,"IOTHUB_CLIENT_CONFIRMATION_OK"
583,10819997491,10819997519,1,"IOTHUB_CLIENT_CONFIRMATION_OK"
584,10819997824,10819997854,1,"IOTHUB_CLIENT_CONFIRMATION_OK"
585,10819998157,10819998198,1,"IOTHUB_CLIENT_CONFIRMATION_OK"
586,10819998490,10819998521,1,"IOTHUB_CLIENT_CONFIRMATION_OK"
587,10819998823,10819998850,1,"IOTHUB_CLIENT_CONFIRMATION_OK"
588,10819999157,10819999186,1,"IOTHUB_CLIENT_CONFIRMATION_OK"
589,10819999490,10819999518,1,"IOTHUB_CLIENT_CONFIRMATION_OK"
590,10819999823,10819999855,1,"IOTHUB_CLIENT_CONFIRMATION_OK"
591,10820000156,10820000184,1,"IOTHUB_CLIENT_CONFIRMATION_OK"
592,10820000489,10820000517,1,"IOTHUB_CLIENT_CONFIRMATION_OK"
593,10820000822,10820000851,1,"IOTHUB_CLIENT_CONFIRMATION_OK"
594,10820001156,10820001228,1,"IOTHUB_CLIENT_CONFIRMATION_OK"
595,10820001489,10820001519,1,"IOTHUB_CLIENT_CONFIRMATION_OK"
596,10820001822,10820001850,1,"IOTHUB_CLIENT_CONFIRMATION_OK"
597,10820002155,10820002184,1,"IOTHUB_CLIENT_CONFIRMATION_OK"
598,10820002488,10820002528,1,"IOTHUB_CLIENT_CONFIRMATION_OK"
599,10820002821,10820002850,1,"IOTHUB_CLIENT_CONFIRMATION_OK"
600,10820003154,10820003182,1,"IOTHUB_CLIENT_CONFIRMATION_OK"
601,10820003488,10820003521,1,"IOTHUB_CLIENT_CONFIRMATION_OK"
602,10820003821,10820003849,1,"IOTHUB_CLIENT_CONFIRMATION_OK"
603,10820004154,10820004281,1,"IOTHUB_CLIENT_CONFIRMATION_OK"
604,10820004487,10820004527,1,"IOTHUB_CLIENT_CONFIRMATION_OK"
605,10820004820,10820004898,1,"IOTHUB_CLIENT_CONFIRMATION_OK"
606,10820005153,10820005181,1,"IOTHUB_CLIENT_CONFIRMATION_OK"
607,10820005487,10820005603,1,"IOTHUB_CLIENT_CONFIRMATION_OK"
608,10820005820,10820005849,1,"IOTHUB_CLIENT_CONFIRMATION_OK"
609,10820006153,10820006202,1,"IOTHUB_CLIENT_CONFIRMATION_OK"
610,10820006486,10820006625,1,"IOTHUB_CLIENT_CONFIRMATION_OK"
611,10820006819,10820006848,1,"IOTHUB_CLIENT_CONFIRMATION_OK"
612,10820007152,10820007241,1,"IOTHUB_CLIENT_CONFIRMATION_OK"
613,10820007486,10820007516,1,"IOTHUB_CLIENT_CONFIRMATION_OK"
614,10820007819,10820007847,1,"IOTHUB_CLIENT_CONFIRMATION_OK"
615,10820008152,10820008181,1,"IOTHUB_CLIENT_CONFIRMATION_OK"
616,10820008485,10820008513,1,"IOTHUB_CLIENT_CONFIRMATION_OK"
617,10820008818,10820008846,1,"IOTHUB_CLIENT_CONFIRMATION_OK"
618,10820009151,10820009201,1,"IOTHUB_CLIENT_CONFIRMATION_OK"
619,10820009485,10820009514,1,"IOTHUB_CLIENT_CONFIRMATION_OK"
620,10820009818,10820009850,1,"IOTHUB_CLIENT_CONFIRMATION_OK"
621,10820010151,10820010188,1,"IOTHUB_CLIENT_CONFIRMATION_OK"
622,10820010484,10820010513,1,"IOTHUB_CLIENT_CONFIRMATION_OK"
623,10820010817,10820010847,1,"IOTHUB_CLIENT_CONFIRMATION_OK"
624,10820011150,10820011181,1,"IOTHUB_CLIENT_CONFIRMATION_OK"
625,10820011483,10820011513,1,"IOTHUB_CLIENT_CONFIRMATION_OK"
626,10820011817,10820011923,1,"IOTHUB_CLIENT_CONFIRMATION_OK"
627,10820012150,10820012246,1,"IOTHUB_CLIENT_CONFIRMATION_OK"
628,10820012483,10820012609,1,"IOTHUB_CLIENT_CONFIRMATION_OK"
629,10820012816,10820012844,1,"IOTHUB_CLIENT_CONFIRMATION_OK"
630,10820013149,10820013177,1,"IOTHUB_CLIENT_CONFIRMATION_OK"
631,10820013482,10820013510,1,"IOTHUB_CLIENT_CONFIRMATION_OK"
632,10820013815,10820013843,1,"IOTHUB_CLIENT_CONFIRMATION_OK"
633,10820014149,10820014194,1,"IOTHUB_CLIENT_CONFIRMATION_OK"
634,10820014482,10820014513,1,"IOTHUB_CLIENT_CONFIRMATION_OK"
635,10820014815,10820014842,1,"IOTHUB_CLIENT_CONFIRMATION_OK"
636,10820015148,10820015176,1,"IOTHUB_CLIENT_CONFIRMATION_OK"
637,10820015481,10820015508,1,"IOTHUB_CLIENT_CONFIRMATION_OK"
638,10820015814,10820015842,1,"IOTHUB_CLIENT_CONFIRMATION_OK"
639,10820016148,10820016188,1,"IOTHUB_CLIENT_CONFIRMATION_OK"
640,10820016481,10820016514,1,"IOTHUB_CLIENT_CONFIRMATION_OK"
641,10820016814,10820016843,1,"IOTHUB_CLIENT_CONFIRMATION_OK"
642,10820017147,10820017175,1,"IOTHUB_CLIENT_CONFIRMATION_OK"
643,10820017480,10820017511,1,"IOTHUB_CLIENT_CONFIRMATION_OK"
644,10820017813,10820017888,1,"IOTHUB_CLIENT_CONFIRMATION_OK"
645,10820018147,10820018181,1,"IOTHUB_CLIENT_CONFIRMATION_OK"
646,10820018480,10820018510,1,"IOTHUB_CLIENT_CONFIRMATION_OK"
647,10820018813,10820018846,1,"IOTHUB_CLIENT_CONFIRMATION_OK"
648,10820019146,10820019197,1,"IOTHUB_CLIENT_CONFIRMATION_OK"
649,10820019479,10820019508,1,"IOTHUB_CLIENT_CONFIRMATION_OK"
650,10820019812,10820019840,1,"IOTHUB_CLIENT_CONFIRMATION_OK"
651,10820020145,10820020173,1,"IOTHUB_CLIENT_CONFIRMATION_OK"
652,10820020479,10820020508,1,"IOTHUB_CLIENT_CONFIRMATION_OK"
653,10820020812,10820020868,1,"IOTHUB_CLIENT_CONFIRMATION_OK"
654,10820021145,10820021172,1,"IOTHUB_CLIENT_CONFIRMATION_OK"
655,10820021478,10820021506,1,"IOTHUB_CLIENT_CONFIRMATION_OK"
656,10820021811,10820021854,1,"IOTHUB_CLIENT_CONFIRMATION_OK"
657,10820022144,10820022177,1,"IOTHUB_CLIENT_CONFIRMATION_OK"
658,10820022477,10820022508,1,"IOTHUB_CLIENT_CONFIRMATION_OK"
659,10820022811,10820022841,1,"IOTHUB_CLIENT_CONFIRMATION_OK"
660,10820023144,10820023285,1,"IOTHUB_CLIENT_CONFIRMATION_OK"
661,10820023477,10820023779,1,"IOTHUB_CLIENT_CONFIRMATION_OK"
662,10820023810,10820023879,1,"IOTHUB_CLIENT_CONFIRMATION_OK"
663,10820024143,10820024175,1,"IOTHUB_CLIENT_CONFIRMATION_OK"
664,10820024476,10820024505,1,"IOTHUB_CLIENT_CONFIRMATION_OK"
665,10820024810,10820024840,1,"IOTHUB_CLIENT_CONFIRMATION_OK"
666,10820025143,10820025187,1,"IOTHUB_CLIENT_CONFIRMATION_OK"
667,10820025476,10820025550,1,"IOTHUB_CLIENT_CONFIRMATION_OK"
668,10820025809,10820025843,1,"IOTHUB_CLIENT_CONFIRMATION_OK"
669,10820026142,10820026194,1,"IOTHUB_CLIENT_CONFIRMATION_OK"
670,10820026475,10820026535,1,"IOTHUB_CLIENT_CONFIRMATION_OK"
671,10820026809,10820026836,1,"IOTHUB_CLIENT_CONFIRMATION_OK"
672,10820027142,10820027172,1,"IOTHUB_CLIENT_CONFIRMATION_OK"
673,10820027475,10820027505,1,"IOTHUB_CLIENT_CONFIRMATION_OK"
674,10820027808,10820027839,1,"IOTHUB_CLIENT_CONFIRMATION_OK"
675,10820028141,10820028171,1,"IOTHUB_CLIENT_CONFIRMATION_OK"
676,10820028474,10820028618,1,"IOTHUB_CLIENT_CONFIRMATION_OK"
677,10820028807,10820028842,1,"IOTHUB_CLIENT_CONFIRMATION_OK"
678,10820029141,10820029232,1,"IOTHUB_CLIENT_CONFIRMATION_OK"
679,10820029474,10820029505,1,"IOTHUB_CLIENT_CONFIRMATION_OK"
680,10820029807,10820029838,1,"IOTHUB_CLIENT_CONFIRMATION_OK"
681,10820030140,10820030169,1,"IOTHUB_CLIENT_CONFIRMATION_OK"
682,10820030473,10820030517,1,"IOTHUB_CLIENT_CONFIRMATION_OK"
683,10820030806,10820030849,1,"IOTHUB_CLIENT_CONFIRMATION_OK"
684,10820031140,10820031170,1,"IOTHUB_CLIENT_CONFIRMATION_OK"
685,10820031473,10820031503,1,"IOTHUB_CLIENT_CONFIRMATION_OK"
686,10820031806,10820031837,1,"IOTHUB_CLIENT_CONFIRMATION_OK"
687,10820032139,10820032172,1,"IOTHUB_CLIENT_CONFIRMATION_OK"
688,10820032472,10820032501,1,"IOTHUB_CLIENT_CONFIRMATION_OK"
689,10820032805,10820032839,1,"IOTHUB_CLIENT_CONFIRMATION_OK"
690,10820033139,10820033172,1,"IOTHUB_CLIENT_CONFIRMATION_OK"
691,10820033472,10820033501,1,"IOTHUB_CLIENT_CONFIRMATION_OK"
692,10820033805,10820033904,1,"IOTHUB_CLIENT_CONFIRMATION_OK"
693,10820034138,10820034166,1,"IOTHUB_CLIENT_CONFIRMATION_OK"
694,10820034471,10820034517,1,"IOTHUB_CLIENT_CONFIRMATION_OK"
695,10820034804,10820034837,1,"IOTHUB_CLIENT_CONFIRMATION_OK"
696,10820035138,10820035170,1,"IOTHUB_CLIENT_CONFIRMATION_OK"
697,10820035471,10820035504,1,"IOTHUB_CLIENT_CONFIRMATION_OK"
698,10820035804,10820035833,1,"IOTHUB_CLIENT_CONFIRMATION_OK"
699,10820036137,10820036169,1,"IOTHUB_CLIENT_CONFIRMATION_OK"
700,10820036470,10820036498,1,"IOTHUB_CLIENT_CONFIRMATION_OK"
701,10820036803,10820036970,1,"IOTHUB_CLIENT_CONFIRMATION_OK"
702,10820037137,10820037165,1,"IOTHUB_CLIENT_CONFIRMATION_OK"
703,10820037470,10820037565,1,"IOTHUB_CLIENT_CONFIRMATION_OK"
704,10820037803,10820037831,1,"IOTHUB_CLIENT_CONFIRMATION_OK"
705,10820038136,10820038164,1,"IOTHUB_CLIENT_CONFIRMATION_OK"
706,10820038469,10820038511,1,"IOTHUB_CLIENT_CONFIRMATION_OK"
707,10820038802,10820038855,1,"IOTHUB_CLIENT_CONFIRMATION_OK"
708,10820039136,10820039179,1,"IOTHUB_CLIENT_CONFIRMATION_OK"
709,10820039469,10820039502,1,"IOTHUB_CLIENT_CONFIRMATION_OK"
710,10820039802,10820039833,1,"IOTHUB_CLIENT_CONFIRMATION_OK"
711,10820040135,10820040163,1,"IOTHUB_CLIENT_CONFIRMATION_OK"
712,10820040468,10820040498,1,"IOTHUB_CLIENT_CONFIRMATION_OK"
713,10820040801,10820040831,1,"IOTHUB_CLIENT_CONFIRMATION_OK"
714,10820041135,10820041175,1,"IOTHUB_CLIENT_CONFIRMATION_OK"
715,10820041468,10820041496,1,"IOTHUB_CLIENT_CONFIRMATION_OK"
716,10820041801,10820041829,1,"IOTHUB_CLIENT_CONFIRMATION_OK"
717,10820042134,10820042226,1,"IOTHUB_CLIENT_CONFIRMATION_OK"
718,10820042467,10820042497,1,"IOTHUB_CLIENT_CONFIRMATION_OK"
719,10820042800,10820042843,1,"IOTHUB_CLIENT_CONFIRMATION_OK"
720,10820043134,10820043162,1,"IOTHUB_CLIENT_CONFIRMATION_OK"
721,10820043467,10820043520,1,"IOTHUB_CLIENT_CONFIRMATION_OK"
722,10820043800,10820043830,1,"IOTHUB_CLIENT_CONFIRMATION_OK"
723,10820044133,10820044164,1,"IOTHUB_CLIENT_CONFIRMATION_OK"
724,10820044466,10820044505,1,"IOTHUB_CLIENT_CONFIRMATION_OK"
725,10820044799,10820044827,1,"IOTHUB_CLIENT_CONFIRMATION_OK"
726,10820045133,10820045162,1,"IOTHUB_CLIENT_CONFIRMATION_OK"
727,10820045466,10820045501,1,"IOTHUB_CLIENT_CONFIRMATION_OK"
728,10820045799,10820045826,1,"IOTHUB_CLIENT_CONFIRMATION_OK"
729,10820046132,10820046162,1,"IOTHUB_CLIENT_CONFIRMATION_OK"
730,10820046465,10820046493,1,"IOTHUB_CLIENT_CONFIRMATION_OK"
731,10820046798,10820046849,1,"IOTHUB_CLIENT_CONFIRMATION_OK"
732,10820047132,10820047161,1,"IOTHUB_CLIENT_CONFIRMATION_OK"
733,10820047465,10820047592,1,"IOTHUB_CLIENT_CONFIRMATION_OK"
734,10820047798,10820047832,1,"IOTHUB_CLIENT_CONFIRMATION_OK"
735,10820048131,10820048212,1,"IOTHUB_CLIENT_CONFIRMATION_OK"
736,10820048464,10820048493,1,"IOTHUB_CLIENT_CONFIRMATION_OK"
737,10820048797,10820048875,1,"IOTHUB_CLIENT_CONFIRMATION_OK"
738,10820049131,10820049173,1,"IOTHUB_CLIENT_CONFIRMATION_OK"
739,10820049464,10820049491,1,"IOTHUB_CLIENT_CONFIRMATION_OK"
740,10820049797,10820049824,1,"IOTHUB_CLIENT_CONFIRMATION_OK"
741,10820050130,10820050157,1,"IOTHUB_CLIENT_CONFIRMATION_OK"
742,10820050463,10820050491,1,"IOTHUB_CLIENT_CONFIRMATION_OK"
743,10820050796,10820050865,1,"IOTHUB_CLIENT_CONFIRMATION_OK"
744,10820051130,10820051158,1,"IOTHUB_CLIENT_CONFIRMATION_OK"
745,10820051463,10820051489,1,"IOTHUB_CLIENT_CONFIRMATION_OK"
746,10820051796,10820051824,1,"IOTHUB_CLIENT_CONFIRMATION_OK"
747,10820052129,10820052158,1,"IOTHUB_CLIENT_CONFIRMATION_OK"
748,10820052462,10820052490,1,"IOTHUB_CLIENT_CONFIRMATION_OK"
749,10820052795,10820052894,1,"IOTHUB_CLIENT_CONFIRMATION_OK"
750,10820053129,10820053157,1,"IOTHUB_CLIENT_CONFIRMATION_OK"
751,10820053462,10820053512,1,"IOTHUB_CLIENT_CONFIRMATION_OK"
752,10820053795,10820053824,1,"IOTHUB_CLIENT_CONFIRMATION_OK"
753,10820054128,10820054158,1,"IOTHUB_CLIENT_CONFIRMATION_OK"
754,10820054461,10820054491,1,"IOTHUB_CLIENT_CONFIRMATION_OK"
755,10820054794,10820054827,1,"IOTHUB_CLIENT_CONFIRMATION_OK"
756,10820055128,10820055156,1,"IOTHUB_CLIENT_CONFIRMATION_OK"
757,10820055461,10820055489,1,"IOTHUB_CLIENT_CONFIRMATION_OK"
758,10820055794,10820055945,1,"IOTHUB_CLIENT_CONFIRMATION_OK"
759,10820056127,10820056173,1,"IOTHUB_CLIENT_CONFIRMATION_OK"
760,10820056460,10820056555,1,"IOTHUB_CLIENT_CONFIRMATION_OK"
761,10820056793,10820056820,1,"IOTHUB_CLIENT_CONFIRMATION_OK"
762,10820057127,10820057167,1,"IOTHUB_CLIENT_CONFIRMATION_OK"
763,10820057460,10820057487,1,"IOTHUB_CLIENT_CONFIRMATION_OK"
764,10820057793,10820057837,1,"IOTHUB_CLIENT_CONFIRMATION_OK"
765,10820058126,10820058157,1,"IOTHUB_CLIENT_CONFIRMATION_OK"
766,10820058459,10820058487,1,"IOTHUB_CLIENT_CONFIRMATION_OK"
767,10820058792,10820058924,1,"IOTHUB_CLIENT_CONFIRMATION_OK"
768,10820059126,10820059156,1,"IOTHUB_CLIENT_CONFIRMATION_OK"
769,10820059459,10820059555,1,"IOTHUB_CLIENT_CONFIRMATION_OK"
770,10820059792,10820059820,1,"IOTHUB_CLIENT_CONFIRMATION_OK"
771,10820060125,10820060158,1,"IOTHUB_CLIENT_CONFIRMATION_OK"
772,10820060458,10820060486,1,"IOTHUB_CLIENT_CONFIRMATION_OK"
773,10820060791,10820060819,1,"IOTHUB_CLIENT_CONFIRMATION_OK"
774,10820061124,10820061152,1,"IOTHUB_CLIENT_CONFIRMATION_OK"
775,10820061458,10820061486,1,"IOTHUB_CLIENT_CONFIRMATION_OK"
776,10820061791,10820061819,1,"IOTHUB_CLIENT_CONFIRMATION_OK"
777,10820062124,10820062155,1,"IOTHUB_CLIENT_CONFIRMATION_OK"
778,10820062457,10820062486,1,"IOTHUB_CLIENT_CONFIRMATION_OK"
779,10820062790,10820062819,1,"IOTHUB_CLIENT_CONFIRMATION_OK"
780,10820063123,10820063152,1,"IOTHUB_CLIENT_CONFIRMATION_OK"
781,10820063457,10820063489,1,"IOTHUB_CLIENT_CONFIRMATION_OK"
782,10820063790,10820063824,1,"IOTHUB_CLIENT_CONFIRMATION_OK"
783,10820064123,10820064192,1,"IOTHUB_CLIENT_CONFIRMATION_OK"
784,10820064456,10820064486,1,"IOTHUB_CLIENT_CONFIRMATION_OK"
785,10820064789,10820064866,1,"IOTHUB_CLIENT_CONFIRMATION_OK"
786,10820065123,10820065151,1,"IOTHUB_CLIENT_CONFIRMATION_OK"
787,10820065456,10820065482,1,"IOTHUB_CLIENT_CONFIRMATION_OK"
788,10820065789,10820065819,1,"IOTHUB_CLIENT_CONFIRMATION_OK"
789,10820066122,10820066157,1,"IOTHUB_CLIENT_CONFIRMATION_OK"
790,10820066455,10820066484,1,"IOTHUB_CLIENT_CONFIRMATION_OK"
791,10820066788,10820066819,1,"IOTHUB_CLIENT_CONFIRMATION_OK"
792,10820067121,10820067254,1,"IOTHUB_CLIENT_CONFIRMATION_OK"
793,10820067455,10820067487,1,"IOTHUB_CLIENT_CONFIRMATION_OK"
794,10820067788,10820067855,1,"IOTHUB_CLIENT_CONFIRMATION_OK"
795,10820068121,10820068153,1,"IOTHUB_CLIENT_CONFIRMATION_OK"
796,10820068454,10820068484,1,"IOTHUB_CLIENT_CONFIRMATION_OK"
797,10820068787,10820068816,1,"IOTHUB_CLIENT_CONFIRMATION_OK"
798,10820069120,10820069149,1,"IOTHUB_CLIENT_CONFIRMATION_OK"
799,10820069454,10820069484,1,"IOTHUB_CLIENT_CONFIRMATION_OK"
800,10820069787,10820069856,1,"IOTHUB_CLIENT_CONFIRMATION_OK"
801,10820070120,10820070148,1,"IOTHUB_CLIENT_CONFIRMATION_OK"
802,10820070453,10820070484,1,"IOTHUB_CLIENT_CONFIRMATION_OK"
803,10820070786,10820070815,1,"IOTHUB_CLIENT_CONFIRMATION_OK"
804,10820071119,10820071149,1,"IOTHUB_CLIENT_CONFIRMATION_OK"
805,10820071453,10820071482,1,"IOTHUB_CLIENT_CONFIRMATION_OK"
806,10820071786,10820071816,1,"IOTHUB_CLIENT_CONFIRMATION_OK"
807,10820072119,10820072146,1,"IOTHUB_CLIENT_CONFIRMATION_OK"
808,10820072452,10820072623,1,"IOTHUB_CLIENT_CONFIRMATION_OK"
809,10820072785,10820072817,1,"IOTHUB_CLIENT_CONFIRMATION_OK"
810,10820073118,10820073219,1,"IOTHUB_CLIENT_CONFIRMATION_OK"
811,10820073451,10820073558,1,"IOTHUB_CLIENT_CONFIRMATION_OK"
812,10820073785,10820073815,1,"IOTHUB_CLIENT_CONFIRMATION_OK"
813,10820074118,10820074146,1,"IOTHUB_CLIENT_CONFIRMATION_OK"
814,10820074451,10820074478,1,"IOTHUB_CLIENT_CONFIRMATION_OK"
815,10820074784,10820074813,1,"IOTHUB_CLIENT_CONFIRMATION_OK"
816,10820075117,10820075145,1,"IOTHUB_CLIENT_CONFIRMATION_OK"
817,10820075450,10820075477,1,"IOTHUB_CLIENT_CONFIRMATION_OK"
818,10820075784,10820075811,1,"IOTHUB_CLIENT_CONFIRMATION_OK"
819,10820076117,10820076146,1,"IOTHUB_CLIENT_CONFIRMATION_OK"
820,10820076450,10820076478,1,"IOTHUB_CLIENT_CONFIRMATION_OK"
821,10820076783,10820076812,1,"IOTHUB_CLIENT_CONFIRMATION_OK"
822,10820077116,10820077146,1,"IOTHUB_CLIENT_CONFIRMATION_OK"
823,10820077449,10820077477,1,"IOTHUB_CLIENT_CONFIRMATION_OK"
824,10820077783,10820077891,1,"IOTHUB_CLIENT_CONFIRMATION_OK"
825,10820078116,10820078144,1,"IOTHUB_CLIENT_CONFIRMATION_OK"
826,10820078449,10820078518,1,"IOTHUB_CLIENT_CONFIRMATION_OK"
827,10820078782,10820078810,1,"IOTHUB_CLIENT_CONFIRMATION_OK"
828,10820079115,10820079142,1,"IOTHUB_CLIENT_CONFIRMATION_OK"
829,10820079448,10820079477,1,"IOTHUB_CLIENT_CONFIRMATION_OK"
830,10820079782,10820079954,1,"IOTHUB_CLIENT_CONFIRMATION_OK"
831,10820080115,10820080144,1,"IOTHUB_CLIENT_CONFIRMATION_OK"
832,10820080448,10820080490,1,"IOTHUB_CLIENT_CONFIRMATION_OK"
833,10820080781,10820080809,1,"IOTHUB_CLIENT_CONFIRMATION_OK"
834,10820081114,10820081146,1,"IOTHUB_CLIENT_CONFIRMATION_OK"
835,10820081447,10820081477,1,"IOTHUB_CLIENT_CONFIRMATION_OK"
836,10820081781,10820081809,1,"IOTHUB_CLIENT_CONFIRMATION_OK"
837,10820082114,10820082143,1,"IOTHUB_CLIENT_CONFIRMATION_OK"
838,10820082447,10820082475,1,"IOTHUB_CLIENT_CONFIRMATION_OK"
839,10820082780,10820082807,1,"IOTHUB_CLIENT_CONFIRMATION_OK"
840,10820083113,10820083189,1,"IOTHUB_CLIENT_CONFIRMATION_OK"
841,10820083446,10820083479,1,"IOTHUB_CLIENT_CONFIRMATION_OK"
842,10820083780,10820083809,1,"IOTHUB_CLIENT_CONFIRMATION_OK"
843,10820084113,10820084140,1,"IOTHUB_CLIENT_CONFIRMATION_OK"
844,10820084446,10820084474,1,"IOTHUB_CLIENT_CONFIRMATION_OK"
845,10820084779,10820084819,1,"IOTHUB_CLIENT_CONFIRMATION_OK"
846,10820085112,10820085140,1,"IOTHUB_CLIENT_CONFIRMATION_OK"
847,10820085445,10820085476,1,"IOTHUB_CLIENT_CONFIRMATION_OK"
848,10820085779,10820085807,1,"IOTHUB_CLIENT_CONFIRMATION_OK"
849,10820086112,10820086261,1,"IOTHUB_CLIENT_CONFIRMATION_OK"
850,10820086445,10820086473,1,"IOTHUB_CLIENT_CONFIRMATION_OK"
851,10820086778,10820086885,1,"IOTHUB_CLIENT_CONFIRMATION_OK"
852,10820087111,10820087141,1,"IOTHUB_CLIENT_CONFIRMATION_OK"
853,10820087444,10820087475,1,"IOTHUB_CLIENT_CONFIRMATION_OK"
854,10820087777,10820087806,1,"IOTHUB_CLIENT_CONFIRMATION_OK"
855,10820088111,10820088156,1,"IOTHUB_CLIENT_CONFIRMATION_OK"
856,10820088444,10820088471,1,"IOTHUB_CLIENT_CONFIRMATION_OK"
857,10820088777,10820088804,1,"IOTHUB_CLIENT_CONFIRMATION_OK"
858,10820089110,10820089155,1,"IOTHUB_CLIENT_CONFIRMATION_OK"
859,10820089443,10820089471,1,"IOTHUB_CLIENT_CONFIRMATION_OK"
860,10820089776,10820089805,1,"IOTHUB_CLIENT_CONFIRMATION_OK"
861,10820090110,10820090136,1,"IOTHUB_CLIENT_CONFIRMATION_OK"
862,10820090443,10820090474,1,"IOTHUB_CLIENT_CONFIRMATION_OK"
863,10820090776,10820090806,1,"IOTHUB_CLIENT_CONFIRMATION_OK"
864,10820091109,10820091138,1,"IOTHUB_CLIENT_CONFIRMATION_OK"
865,10820091442,10820091552,1,"IOTHUB_CLIENT_CONFIRMATION_OK"
866,10820091775,10820091806,1,"IOTHUB_CLIENT_CONFIRMATION_OK"
867,10820092109,10820092136,1,"IOTHUB_CLIENT_CONFIRMATION_OK"
868,10820092442,10820092468,1,"IOTHUB_CLIENT_CONFIRMATION_OK"
869,10820092775,10820092806,1,"IOTHUB_CLIENT_CONFIRMATION_OK"
870,10820093108,10820093160,1,"IOTHUB_CLIENT_CONFIRMATION_OK"
871,10820093441,10820093469,1,"IOTHUB_CLIENT_CONFIRMATION_OK"
872,10820093774,10820093805,1,"IOTHUB_CLIENT_CONFIRMATION_OK"
873,10820094107,10820094135,1,"IOTHUB_CLIENT_CONFIRMATION_OK"
874,10820094441,10820094541,1,"IOTHUB_CLIENT_CONFIRMATION_OK"
875,10820094774,10820094804,1,"IOTHUB_CLIENT_CONFIRMATION_OK"
876,10820095107,10820095171,1,"IOTHUB_CLIENT_CONFIRMATION_OK"
877,10820095440,10820095488,1,"IOTHUB_CLIENT_CONFIRMATION_OK"
878,10820095773,10820095801,1,"IOTHUB_CLIENT_CONFIRMATION_OK"
879,10820096106,10820096134,1,"IOTHUB_CLIENT_CONFIRMATION_OK"
880,10820096440,10820096467,1,"IOTHUB_CLIENT_CONFIRMATION_OK"
881,10820096773,10820096970,1,"IOTHUB_CLIENT_CONFIRMATION_OK"
882,10820097106,10820097137,1,"IOTHUB_CLIENT_CONFIRMATION_OK"
883,10820097439,10820097590,1,"IOTHUB_CLIENT_CONFIRMATION_OK"
884,10820097772,10820097800,1,"IOTHUB_CLIENT_CONFIRMATION_OK"
885,10820098105,10820098134,1,"IOTHUB_CLIENT_CONFIRMATION_OK"
886,10820098439,10820098473,1,"IOTHUB_CLIENT_CONFIRMATION_OK"
887,10820098772,10820098812,1,"IOTHUB_CLIENT_CONFIRMATION_OK"
888,10820099105,10820099133,1,"IOTHUB_CLIENT_CONFIRMATION_OK"
889,10820099438,10820099467,1,"IOTHUB_CLIENT_CONFIRMATION_OK"
890,10820099771,10820099842,1,"IOTHUB_CLIENT_CONFIRMATION_OK"
891,10820100104,10820100133,1,"IOTHUB_CLIENT_CONFIRMATION_OK"
892,10820100438,10820100468,1,"IOTHUB_CLIENT_CONFIRMATION_OK"
893,10820100771,10820100798,1,"IOTHUB_CLIENT_CONFIRMATION_OK"
894,10820101104,10820101134,1,"IOTHUB_CLIENT_CONFIRMATION_OK"
895,10820101437,10820101466,1,"IOTHUB_CLIENT_CONFIRMATION_OK"
896,10820101770,10820101799,1,"IOTHUB_CLIENT_CONFIRMATION_OK"
897,10820102103,10820102131,1,"IOTHUB_CLIENT_CONFIRMATION_OK"
898,10820102437,10820102465,1,"IOTHUB_CLIENT_CONFIRMATION_OK"
899,10820102770,10820102904,1,"IOTHUB_CLIENT_CONFIRMATION_OK"
