Message ID,Send Time,Receive Time,Status,Error
0,10819803818,10819804014,1,"IOTHUB_CLIENT_CONFIRMATION_OK"
1,10819804152,10819804184,1,"IOTHUB_CLIENT_CONFIRMATION_OK"
2,10819804485,10819804515,1,"IOTHUB_CLIENT_CONFIRMATION_OK"
3,10819804818,10819804852,1,"IOTHUB_CLIENT_CONFIRMATION_OK"
4,10819805151,10819805183,1,"IOTHUB_CLIENT_CONFIRMATION_OK"
5,10819805484,10819805525,1,"IOTHUB_CLIENT_CONFIRMATION_OK"
6,10819805817,10819805851,1,"IOTHUB_CLIENT_CONFIRMATION_OK"
7,10819806151,10819806182,1,"IOTHUB_CLIENT_CONFIRMATION_OK"
8,10819806484,10819806534,1,"IOTHUB_CLIENT_CONFIRMATION_OK"
9,10819806817,10819806853,1,"IOTHUB_CLIENT_CONFIRMATION_OK"
10,10819807150,10819807223,1,"IOTHUB_CLIENT_CONFIRMATION_OK"
11,10819807483,10819807513,1,"IOTHUB_CLIENT_CONFIRMATION_OK"
12,10819807816,10819807865,1,"IOTHUB_CLIENT_CONFIRMATION_OK"
13,10819808149,10819808180,1,"IOTHUB_CLIENT_CONFIRMATION_OK"
14,10819808483,10819808515,1,"IOTHUB_CLIENT_CONFIRMATION_OK"
15,10819808816,10819808846,1,"IOTHUB_CLIENT_CONFIRMATION_OK"
16,10819809149,10819809179,1,"IOTHUB_CLIENT_CONFIRMATION_OK"
17,10819809482,10819809512,1,"IOTHUB_CLIENT_CONFIRMATION_OK"
18,10819809815,10819809844,1,"IOTHUB_CLIENT_CONFIRMATION_OK"
19,10819810148,10819810180,1,"IOTHUB_CLIENT_CONFIRMATION_OK"
20,10819810482,10819810512,1,"IOTHUB_CLIENT_CONFIRMATION_OK"
21,10819810815,10819810850,1,"IOTHUB_CLIENT_CONFIRMATION_OK"
22,10819811148,10819811185,1,"IOTHUB_CLIENT_CONFIRMATION_OK"
23,10819811481,10819811515,1,"IOTHUB_CLIENT_CONFIRMATION_OK"
24,10819811814,10819811843,1,"IOTHUB_CLIENT_CONFIRMATION_OK"
25,10819812147,10819812181,1,"IOTHUB_CLIENT_CONFIRMATION_OK"
26,10819812481,10819812641,1,"IOTHUB_CLIENT_CONFIRMATION_OK"
27,10819812814,10819812847,1,"IOTHUB_CLIENT_CONFIRMATION_OK"
28,10819813147,10819813176,1,"IOTHUB_CLIENT_CONFIRMATION_OK"
29,10819813480,10819813510,1,"IOTHUB_CLIENT_CONFIRMATION_OK"
30,10819813813,10819813844,1,"IOTHUB_CLIENT_CONFIRMATION_OK"
31,10819814146,10819814256,1,"IOTHUB_CLIENT_CONFIRMATION_OK"
32,10819814479,10819814522,1,"IOTHUB_CLIENT_CONFIRMATION_OK"
33,10819814813,10819814844,1,"IOTHUB_CLIENT_CONFIRMATION_OK"
34,10819815146,10819815175,1,"IOTHUB_CLIENT_CONFIRMATION_OK"
35,10819815479,10819815512,1,"IOTHUB_CLIENT_CONFIRMATION_OK"
36,10819815812,10819815886,1,"IOTHUB_CLIENT_CONFIRMATION_OK"
37,10819816145,10819816177,1,"IOTHUB_CLIENT_CONFIRMATION_OK"
38,10819816478,10819816511,1,"IOTHUB_CLIENT_CONFIRMATION_OK"
39,10819816812,10819816906,1,"IOTHUB_CLIENT_CONFIRMATION_OK"
40,10819817145,10819817179,1,"IOTHUB_CLIENT_CONFIRMATION_OK"
41,10819817478,10819817551,1,"IOTHUB_CLIENT_CONFIRMATION_OK"
42,10819817811,10819817862,1,"IOTHUB_CLIENT_CONFIRMATION_OK"
43,10819818144,10819818175,1,"IOTHUB_CLIENT_CONFIRMATION_OK"
44,10819818477,10819818510,1,"IOTHUB_CLIENT_CONFIRMATION_OK"
45,10819818811,10819818839,1,"IOTHUB_CLIENT_CONFIRMATION_OK"
46,10819819144,10819819180,1,"IOTHUB_CLIENT_CONFIRMATION_OK"
47,10819819477,10819819507,1,"IOTHUB_CLIENT_CONFIRMATION_OK"
48,10819819810,10819819844,1,"IOTHUB_CLIENT_CONFIRMATION_OK"
49,10819820143,10819820173,1,"IOTHUB_CLIENT_CONFIRMATION_OK"
50,10819820476,10819820512,1,"IOTHUB_CLIENT_CONFIRMATION_OK"
51,10819820809,10819820841,1,"IOTHUB_CLIENT_CONFIRMATION_OK"
52,10819821143,10819821174,1,"IOTHUB_CLIENT_CONFIRMATION_OK"
53,10819821476,10819821518,1,"IOTHUB_CLIENT_CONFIRMATION_OK"
54,10819821809,10819821838,1,"IOTHUB_CLIENT_CONFIRMATION_OK"
55,10819822142,10819822173,1,"IOTHUB_CLIENT_CONFIRMATION_OK"
56,10819822475,10819822508,1,"IOTHUB_CLIENT_CONFIRMATION_OK"
57,10819822808,10819822907,1,"IOTHUB_CLIENT_CONFIRMATION_OK"
58,10819823142,10819823171,1,"IOTHUB_CLIENT_CONFIRMATION_OK"
59,10819823475,10819823504,1,"IOTHUB_CLIENT_CONFIRMATION_OK"
60,10819823808,10819823846,1,"IOTHUB_CLIENT_CONFIRMATION_OK"
61,10819824141,10819824182,1,"IOTHUB_CLIENT_CONFIRMATION_OK"
62,10819824474,10819824530,1,"IOTHUB_CLIENT_CONFIRMATION_OK"
63,10819824807,10819824836,1,"IOTHUB_CLIENT_CONFIRMATION_OK"
64,10819825140,10819825171,1,"IOTHUB_CLIENT_CONFIRMATION_OK"
65,10819825474,10819825507,1,"IOTHUB_CLIENT_CONFIRMATION_OK"
66,10819825807,10819825835,1,"IOTHUB_CLIENT_CONFIRMATION_OK"
67,10819826140,10819826174,1,"IOTHUB_CLIENT_CONFIRMATION_OK"
68,10819826473,10819826508,1,"IOTHUB_CLIENT_CONFIRMATION_OK"
69,10819826806,10819826836,1,"IOTHUB_CLIENT_CONFIRMATION_OK"
70,10819827139,10819827306,1,"IOTHUB_CLIENT_CONFIRMATION_OK"
71,10819827473,10819827501,1,"IOTHUB_CLIENT_CONFIRMATION_OK"
72,10819827806,10819827837,1,"IOTHUB_CLIENT_CONFIRMATION_OK"
73,10819828139,10819828170,1,"IOTHUB_CLIENT_CONFIRMATION_OK"
74,10819828472,10819828503,1,"IOTHUB_CLIENT_CONFIRMATION_OK"
75,10819828805,10819828836,1,"IOTHUB_CLIENT_CONFIRMATION_OK"
76,10819829138,10819829177,1,"IOTHUB_CLIENT_CONFIRMATION_OK"
77,10819829471,10819829502,1,"IOTHUB_CLIENT_CONFIRMATION_OK"
78,10819829805,10819829835,1,"IOTHUB_CLIENT_CONFIRMATION_OK"
79,10819830138,10819830178,1,"IOTHUB_CLIENT_CONFIRMATION_OK"
80,10819830471,10819830505,1,"IOTHUB_CLIENT_CONFIRMATION_OK"
81,10819830804,10819830837,1,"IOTHUB_CLIENT_CONFIRMATION_OK"
82,10819831137,10819831174,1,"IOTHUB_CLIENT_CONFIRMATION_OK"
83,10819831470,10819831598,1,"IOTHUB_CLIENT_CONFIRMATION_OK"
84,10819831804,10819831840,1,"IOTHUB_CLIENT_CONFIRMATION_OK"
85,10819832137,10819832168,1,"IOTHUB_CLIENT_CONFIRMATION_OK"
86,10819832470,10819832505,1,"IOTHUB_CLIENT_CONFIRMATION_OK"
87,10819832803,10819832833,1,"IOTHUB_CLIENT_CONFIRMATION_OK"
88,10819833136,10819833217,1,"IOTHUB_CLIENT_CONFIRMATION_OK"
89,10819833469,10819833500,1,"IOTHUB_CLIENT_CONFIRMATION_OK"
90,10819833803,10819833834,1,"IOTHUB_CLIENT_CONFIRMATION_OK"
91,10819834136,10819834165,1,"IOTHUB_CLIENT_CONFIRMATION_OK"
92,10819834469,10819834499,1,"IOTHUB_CLIENT_CONFIRMATION_OK"
93,10819834802,10819834854,1,"IOTHUB_CLIENT_CONFIRMATION_OK"
94,10819835135,10819835169,1,"IOTHUB_CLIENT_CONFIRMATION_OK"
95,10819835468,10819835496,1,"IOTHUB_CLIENT_CONFIRMATION_OK"
96,10819835801,10819835845,1,"IOTHUB_CLIENT_CONFIRMATION_OK"
97,10819836135,10819836166,1,"IOTHUB_CLIENT_CONFIRMATION_OK"
98,10819836468,10819836500,1,"IOTHUB_CLIENT_CONFIRMATION_OK"
99,10819836801,10819836835,1,"IOTHUB_CLIENT_CONFIRMATION_OK"
100,10819837134,10819837166,1,"IOTHUB_CLIENT_CONFIRMATION_OK"
101,10819837467,10819837512,1,"IOTHUB_CLIENT_CONFIRMATION_OK"
102,10819837800,10819837832,1,"IOTHUB_CLIENT_CONFIRMATION_OK"
103,10819838134,10819838206,1,"IOTHUB_CLIENT_CONFIRMATION_OK"
104,10819838467,10819838500,1,"IOTHUB_CLIENT_CONFIRMATION_OK"
105,10819838800,10819838831,1,"IOTHUB_CLIENT_CONFIRMATION_OK"
106,10819839133,10819839222,1,"IOTHUB_CLIENT_CONFIRMATION_OK"
107,10819839466,10819839496,1,"IOTHUB_CLIENT_CONFIRMATION_OK"
108,10819839799,10819839831,1,"IOTHUB_CLIENT_CONFIRMATION_OK"
109,10819840133,10819840175,1,"IOTHUB_CLIENT_CONFIRMATION_OK"
110,10819840466,10819840497,1,"IOTHUB_CLIENT_CONFIRMATION_OK"
111,10819840799,10819840858,1,"IOTHUB_CLIENT_CONFIRMATION_OK"
112,10819841132,10819841162,1,"IOTHUB_CLIENT_CONFIRMATION_OK"
113,10819841465,10819841499,1,"IOTHUB_CLIENT_CONFIRMATION_OK"
114,10819841798,10819841877,1,"IOTHUB_CLIENT_CONFIRMATION_OK"
115,10819842132,10819842177,1,"IOTHUB_CLIENT_CONFIRMATION_OK"
116,10819842465,10819842500,1,"IOTHUB_CLIENT_CONFIRMATION_OK"
117,10819842798,10819842830,1,"IOTHUB_CLIENT_CONFIRMATION_OK"
118,10819843131,10819843164,1,"IOTHUB_CLIENT_CONFIRMATION_OK"
119,10819843464,10819843519,1,"IOTHUB_CLIENT_CONFIRMATION_OK"
120,10819843797,10819843826,1,"IOTHUB_CLIENT_CONFIRMATION_OK"
121,10819844131,10819844166,1,"IOTHUB_CLIENT_CONFIRMATION_OK"
122,10819844464,10819844496,1,"IOTHUB_CLIENT_CONFIRMATION_OK"
123,10819844797,10819844828,1,"IOTHUB_CLIENT_CONFIRMATION_OK"
124,10819845130,10819845162,1,"IOTHUB_CLIENT_CONFIRMATION_OK"
125,10819845463,10819845496,1,"IOTHUB_CLIENT_CONFIRMATION_OK"
126,10819845796,10819845827,1,"IOTHUB_CLIENT_CONFIRMATION_OK"
127,10819846130,10819846208,1,"IOTHUB_CLIENT_CONFIRMATION_OK"
128,10819846463,10819846491,1,"IOTHUB_CLIENT_CONFIRMATION_OK"
129,10819846796,10819846825,1,"IOTHUB_CLIENT_CONFIRMATION_OK"
130,10819847129,10819847161,1,"IOTHUB_CLIENT_CONFIRMATION_OK"
131,10819847462,10819847593,1,"IOTHUB_CLIENT_CONFIRMATION_OK"
132,10819847795,10819847885,1,"IOTHUB_CLIENT_CONFIRMATION_OK"
133,10819848129,10819848161,1,"IOTHUB_CLIENT_CONFIRMATION_OK"
134,10819848462,10819848495,1,"IOTHUB_CLIENT_CONFIRMATION_OK"
135,10819848795,10819848825,1,"IOTHUB_CLIENT_CONFIRMATION_OK"
136,10819849128,10819849160,1,"IOTHUB_CLIENT_CONFIRMATION_OK"
137,10819849461,10819849541,1,"IOTHUB_CLIENT_CONFIRMATION_OK"
138,10819849794,10819849827,1,"IOTHUB_CLIENT_CONFIRMATION_OK"
139,10819850127,10819850157,1,"IOTHUB_CLIENT_CONFIRMATION_OK"
140,10819850461,10819850566,1,"IOTHUB_CLIENT_CONFIRMATION_OK"
141,10819850794,10819850835,1,"IOTHUB_CLIENT_CONFIRMATION_OK"
142,10819851127,10819851167,1,"IOTHUB_CLIENT_CONFIRMATION_OK"
143,10819851460,10819851491,1,"IOTHUB_CLIENT_CONFIRMATION_OK"
144,10819851793,10819851829,1,"IOTHUB_CLIENT_CONFIRMATION_OK"
145,10819852126,10819852291,1,"IOTHUB_CLIENT_CONFIRMATION_OK"
146,10819852460,10819852490,1,"IOTHUB_CLIENT_CONFIRMATION_OK"
147,10819852793,10819852822,1,"IOTHUB_CLIENT_CONFIRMATION_OK"
148,10819853126,10819853158,1,"IOTHUB_CLIENT_CONFIRMATION_OK"
149,10819853459,10819853491,1,"IOTHUB_CLIENT_CONFIRMATION_OK"
150,10819853792,10819853825,1,"IOTHUB_CLIENT_CONFIRMATION_OK"
151,10819854125,10819854156,1,"IOTHUB_CLIENT_CONFIRMATION_OK"
152,10819854458,10819854489,1,"IOTHUB_CLIENT_CONFIRMATION_OK"
153,10819854792,10819854933,1,"IOTHUB_CLIENT_CONFIRMATION_OK"
154,10819855125,10819855181,1,"IOTHUB_CLIENT_CONFIRMATION_OK"
155,10819855458,10819855494,1,"IOTHUB_CLIENT_CONFIRMATION_OK"
156,10819855791,10819855823,1,"IOTHUB_CLIENT_CONFIRMATION_OK"
157,10819856124,10819856174,1,"IOTHUB_CLIENT_CONFIRMATION_OK"
158,10819856457,10819856547,1,"IOTHUB_CLIENT_CONFIRMATION_OK"
159,10819856791,10819856822,1,"IOTHUB_CLIENT_CONFIRMATION_OK"
160,10819857124,10819857154,1,"IOTHUB_CLIENT_CONFIRMATION_OK"
161,10819857457,10819857491,1,"IOTHUB_CLIENT_CONFIRMATION_OK"
162,10819857790,10819857820,1,"IOTHUB_CLIENT_CONFIRMATION_OK"
163,10819858123,10819858180,1,"IOTHUB_CLIENT_CONFIRMATION_OK"
164,10819858456,10819858489,1,"IOTHUB_CLIENT_CONFIRMATION_OK"
165,10819858790,10819858820,1,"IOTHUB_CLIENT_CONFIRMATION_OK"
166,10819859123,10819859203,1,"IOTHUB_CLIENT_CONFIRMATION_OK"
167,10819859456,10819859490,1,"IOTHUB_CLIENT_CONFIRMATION_OK"
168,10819859789,10819859820,1,"IOTHUB_CLIENT_CONFIRMATION_OK"
169,10819860122,10819860156,1,"IOTHUB_CLIENT_CONFIRMATION_OK"
170,10819860455,10819860791,1,"IOTHUB_CLIENT_CONFIRMATION_OK"
171,10819860789,10819860819,1,"IOTHUB_CLIENT_CONFIRMATION_OK"
172,10819861122,10819861219,1,"IOTHUB_CLIENT_CONFIRMATION_OK"
173,10819861455,10819861492,1,"IOTHUB_CLIENT_CONFIRMATION_OK"
174,10819861788,10819861821,1,"IOTHUB_CLIENT_CONFIRMATION_OK"
175,10819862121,10819862169,1,"IOTHUB_CLIENT_CONFIRMATION_OK"
176,10819862454,10819862485,1,"IOTHUB_CLIENT_CONFIRMATION_OK"
177,10819862787,10819862817,1,"IOTHUB_CLIENT_CONFIRMATION_OK"
178,10819863121,10819863150,1,"IOTHUB_CLIENT_CONFIRMATION_OK"
179,10819863454,10819863487,1,"IOTHUB_CLIENT_CONFIRMATION_OK"
180,10819863787,10819863818,1,"IOTHUB_CLIENT_CONFIRMATION_OK"
181,10819864120,10819864153,1,"IOTHUB_CLIENT_CONFIRMATION_OK"
182,10819864453,10819864484,1,"IOTHUB_CLIENT_CONFIRMATION_OK"
183,10819864786,10819864815,1,"IOTHUB_CLIENT_CONFIRMATION_OK"
184,10819865120,10819865149,1,"IOTHUB_CLIENT_CONFIRMATION_OK"
185,10819865453,10819865482,1,"IOTHUB_CLIENT_CONFIRMATION_OK"
186,10819865786,10819865823,1,"IOTHUB_CLIENT_CONFIRMATION_OK"
187,10819866119,10819866150,1,"IOTHUB_CLIENT_CONFIRMATION_OK"
188,10819866452,10819866489,1,"IOTHUB_CLIENT_CONFIRMATION_OK"
189,10819866785,10819866817,1,"IOTHUB_CLIENT_CONFIRMATION_OK"
190,10819867119,10819867159,1,"IOTHUB_CLIENT_CONFIRMATION_OK"
191,10819867452,10819867484,1,"IOTHUB_CLIENT_CONFIRMATION_OK"
192,10819867785,10819867815,1,"IOTHUB_CLIENT_CONFIRMATION_OK"
193,10819868118,10819868151,1,"IOTHUB_CLIENT_CONFIRMATION_OK"
194,10819868451,10819868484,1,"IOTHUB_CLIENT_CONFIRMATION_OK"
195,10819868784,10819869009,1,"IOTHUB_CLIENT_CONFIRMATION_OK"
196,10819869117,10819869171,1,"IOTHUB_CLIENT_CONFIRMATION_OK"
197,10819869451,10819869612,1,"IOTHUB_CLIENT_CONFIRMATION_OK"
198,10819869784,10819869813,1,"IOTHUB_CLIENT_CONFIRMATION_OK"
199,10819870117,10819870148,1,"IOTHUB_CLIENT_CONFIRMATION_OK"
200,10819870450,10819870482,1,"IOTHUB_CLIENT_CONFIRMATION_OK"
201,10819870783,10819870813,1,"IOTHUB_CLIENT_CONFIRMATION_OK"
202,10819871116,10819871226,1,"IOTHUB_CLIENT_CONFIRMATION_OK"
203,10819871450,10819871479,1,"IOTHUB_CLIENT_CONFIRMATION_OK"
204,10819871783,10819871959,1,"IOTHUB_CLIENT_CONFIRMATION_OK"
205,10819872116,10819872148,1,"IOTHUB_CLIENT_CONFIRMATION_OK"
206,10819872449,10819872480,1,"IOTHUB_CLIENT_CONFIRMATION_OK"
207,10819872782,10819872813,1,"IOTHUB_CLIENT_CONFIRMATION_OK"
208,10819873115,10819873146,1,"IOTHUB_CLIENT_CONFIRMATION_OK"
209,10819873449,10819873480,1,"IOTHUB_CLIENT_CONFIRMATION_OK"
210,10819873782,10819873812,1,"IOTHUB_CLIENT_CONFIRMATION_OK"
211,10819874115,10819874147,1,"IOTHUB_CLIENT_CONFIRMATION_OK"
212,10819874448,10819874488,1,"IOTHUB_CLIENT_CONFIRMATION_OK"
213,10819874781,10819874811,1,"IOTHUB_CLIENT_CONFIRMATION_OK"
214,10819875114,10819875144,1,"IOTHUB_CLIENT_CONFIRMATION_OK"
215,10819875448,10819875482,1,"IOTHUB_CLIENT_CONFIRMATION_OK"
216,10819875781,10819875812,1,"IOTHUB_CLIENT_CONFIRMATION_OK"
217,10819876114,10819876146,1,"IOTHUB_CLIENT_CONFIRMATION_OK"
218,10819876447,10819876477,1,"IOTHUB_CLIENT_CONFIRMATION_OK"
219,10819876780,10819876813,1,"IOTHUB_CLIENT_CONFIRMATION_OK"
220,10819877113,10819877144,1,"IOTHUB_CLIENT_CONFIRMATION_OK"
221,10819877447,10819877479,1,"IOTHUB_CLIENT_CONFIRMATION_OK"
222,10819877780,10819877810,1,"IOTHUB_CLIENT_CONFIRMATION_OK"
223,10819878113,10819878146,1,"IOTHUB_CLIENT_CONFIRMATION_OK"
224,10819878446,10819878477,1,"IOTHUB_CLIENT_CONFIRMATION_OK"
225,10819878779,10819878810,1,"IOTHUB_CLIENT_CONFIRMATION_OK"
226,10819879112,10819879143,1,"IOTHUB_CLIENT_CONFIRMATION_OK"
227,10819879446,10819879476,1,"IOTHUB_CLIENT_CONFIRMATION_OK"
228,10819879779,10819879903,1,"IOTHUB_CLIENT_CONFIRMATION_OK"
229,10819880112,10819880141,1,"IOTHUB_CLIENT_CONFIRMATION_OK"
230,10819880445,10819880476,1,"IOTHUB_CLIENT_CONFIRMATION_OK"
231,10819880778,10819880808,1,"IOTHUB_CLIENT_CONFIRMATION_OK"
232,10819881111,10819881140,1,"IOTHUB_CLIENT_CONFIRMATION_OK"
233,10819881445,10819881549,1,"IOTHUB_CLIENT_CONFIRMATION_OK"
234,10819881778,10819881809,1,"IOTHUB_CLIENT_CONFIRMATION_OK"
235,10819882111,10819882143,1,"IOTHUB_CLIENT_CONFIRMATION_OK"
236,10819882444,10819882476,1,"IOTHUB_CLIENT_CONFIRMATION_OK"
237,10819882777,10819882924,1,"IOTHUB_CLIENT_CONFIRMATION_OK"
238,10819883110,10819883149,1,"IOTHUB_CLIENT_CONFIRMATION_OK"
239,10819883443,10819883473,1,"IOTHUB_CLIENT_CONFIRMATION_OK"
240,10819883777,10819883812,1,"IOTHUB_CLIENT_CONFIRMATION_OK"
241,10819884110,10819884232,1,"IOTHUB_CLIENT_CONFIRMATION_OK"
242,10819884443,10819884473,1,"IOTHUB_CLIENT_CONFIRMATION_OK"
243,10819884776,10819884817,1,"IOTHUB_CLIENT_CONFIRMATION_OK"
244,10819885109,10819885141,1,"IOTHUB_CLIENT_CONFIRMATION_OK"
245,10819885442,10819885482,1,"IOTHUB_CLIENT_CONFIRMATION_OK"
246,10819885776,10819885807,1,"IOTHUB_CLIENT_CONFIRMATION_OK"
247,10819886109,10819886169,1,"IOTHUB_CLIENT_CONFIRMATION_OK"
248,10819886442,10819886481,1,"IOTHUB_CLIENT_CONFIRMATION_OK"
249,10819886775,10819886821,1,"IOTHUB_CLIENT_CONFIRMATION_OK"
250,10819887108,10819887138,1,"IOTHUB_CLIENT_CONFIRMATION_OK"
251,10819887441,10819887474,1,"IOTHUB_CLIENT_CONFIRMATION_OK"
252,10819887775,10819887805,1,"IOTHUB_CLIENT_CONFIRMATION_OK"
253,10819888108,10819888145,1,"IOTHUB_CLIENT_CONFIRMATION_OK"
254,10819888441,10819888522,1,"IOTHUB_CLIENT_CONFIRMATION_OK"
255,10819888774,10819888808,1,"IOTHUB_CLIENT_CONFIRMATION_OK"
256,10819889107,10819889143,1,"IOTHUB_CLIENT_CONFIRMATION_OK"
257,10819889440,10819889476,1,"IOTHUB_CLIENT_CONFIRMATION_OK"
258,10819889774,10819889822,1,"IOTHUB_CLIENT_CONFIRMATION_OK"
259,10819890107,10819890136,1,"IOTHUB_CLIENT_CONFIRMATION_OK"
260,10819890440,10819890469,1,"IOTHUB_CLIENT_CONFIRMATION_OK"
261,10819890773,10819890803,1,"IOTHUB_CLIENT_CONFIRMATION_OK"
262,10819891106,10819891138,1,"IOTHUB_CLIENT_CONFIRMATION_OK"
263,10819891439,10819891470,1,"IOTHUB_CLIENT_CONFIRMATION_OK"
264,10819891772,10819891803,1,"IOTHUB_CLIENT_CONFIRMATION_OK"
265,10819892106,10819892137,1,"IOTHUB_CLIENT_CONFIRMATION_OK"
266,10819892439,10819892472,1,"IOTHUB_CLIENT_CONFIRMATION_OK"
267,10819892772,10819892806,1,"IOTHUB_CLIENT_CONFIRMATION_OK"
268,10819893105,10819893139,1,"IOTHUB_CLIENT_CONFIRMATION_OK"
269,10819893438,10819893467,1,"IOTHUB_CLIENT_CONFIRMATION_OK"
270,10819893771,10819893800,1,"IOTHUB_CLIENT_CONFIRMATION_OK"
271,10819894105,10819894135,1,"IOTHUB_CLIENT_CONFIRMATION_OK"
272,10819894438,10819894470,1,"IOTHUB_CLIENT_CONFIRMATION_OK"
273,10819894771,10819894811,1,"IOTHUB_CLIENT_CONFIRMATION_OK"
274,10819895104,10819895137,1,"IOTHUB_CLIENT_CONFIRMATION_OK"
275,10819895437,10819895467,1,"IOTHUB_CLIENT_CONFIRMATION_OK"
276,10819895770,10819895803,1,"IOTHUB_CLIENT_CONFIRMATION_OK"
277,10819896104,10819896134,1,"IOTHUB_CLIENT_CONFIRMATION_OK"
278,10819896437,10819896467,1,"IOTHUB_CLIENT_CONFIRMATION_OK"
279,10819896770,10819896801,1,"IOTHUB_CLIENT_CONFIRMATION_OK"
280,10819897103,10819897238,1,"IOTHUB_CLIENT_CONFIRMATION_OK"
281,10819897436,10819897466,1,"IOTHUB_CLIENT_CONFIRMATION_OK"
282,10819897769,10819897820,1,"IOTHUB_CLIENT_CONFIRMATION_OK"
283,10819898103,10819898390,1,"IOTHUB_CLIENT_CONFIRMATION_OK"
284,10819898436,10819898468,1,"IOTHUB_CLIENT_CONFIRMATION_OK"
285,10819898769,10819898867,1,"IOTHUB_CLIENT_CONFIRMATION_OK"
286,10819899102,10819899135,1,"IOTHUB_CLIENT_CONFIRMATION_OK"
287,10819899435,10819899469,1,"IOTHUB_CLIENT_CONFIRMATION_OK"
288,10819899768,10819899922,1,"IOTHUB_CLIENT_CONFIRMATION_OK"
289,10819900102,10819900135,1,"IOTHUB_CLIENT_CONFIRMATION_OK"
290,10819900435,10819900468,1,"IOTHUB_CLIENT_CONFIRMATION_OK"
291,10819900768,10819900799,1,"IOTHUB_CLIENT_CONFIRMATION_OK"
292,10819901101,10819901138,1,"IOTHUB_CLIENT_CONFIRMATION_OK"
293,10819901434,10819901592,1,"IOTHUB_CLIENT_CONFIRMATION_OK"
294,10819901767,10819901819,1,"IOTHUB_CLIENT_CONFIRMATION_OK"
295,10819902101,10819902133,1,"IOTHUB_CLIENT_CONFIRMATION_OK"
296,10819902434,10819902467,1,"IOTHUB_CLIENT_CONFIRMATION_OK"
297,10819902767,10819902802,1,"IOTHUB_CLIENT_CONFIRMATION_OK"
298,10819903100,10819903173,1,"IOTHUB_CLIENT_CONFIRMATION_OK"
299,10819903433,10819903464,1,"IOTHUB_CLIENT_CONFIRMATION_OK"
300,10819903766,10819903798,1,"IOTHUB_CLIENT_CONFIRMATION_OK"
301,10819904100,10819904128,1,"IOTHUB_CLIENT_CONFIRMATION_OK"
302,10819904433,10819904464,1,"IOTHUB_CLIENT_CONFIRMATION_OK"
303,10819904766,10819904795,1,"IOTHUB_CLIENT_CONFIRMATION_OK"
304,10819905099,10819905132,1,"IOTHUB_CLIENT_CONFIRMATION_OK"
305,10819905432,10819905464,1,"IOTHUB_CLIENT_CONFIRMATION_OK"
306,10819905765,10819905807,1,"IOTHUB_CLIENT_CONFIRMATION_OK"
307,10819906099,10819906132,1,"IOTHUB_CLIENT_CONFIRMATION_OK"
308,10819906432,10819906473,1,"IOTHUB_CLIENT_CONFIRMATION_OK"
309,10819906765,10819906798,1,"IOTHUB_CLIENT_CONFIRMATION_OK"
310,10819907098,10819907254,1,"IOTHUB_CLIENT_CONFIRMATION_OK"
311,10819907431,10819907574,1,"IOTHUB_CLIENT_CONFIRMATION_OK"
312,10819907764,10819907795,1,"IOTHUB_CLIENT_CONFIRMATION_OK"
313,10819908098,10819908131,1,"IOTHUB_CLIENT_CONFIRMATION_OK"
314,10819908431,10819908466,1,"IOTHUB_CLIENT_CONFIRMATION_OK"
315,10819908764,10819908795,1,"IOTHUB_CLIENT_CONFIRMATION_OK"
316,10819909097,10819909133,1,"IOTHUB_CLIENT_CONFIRMATION_OK"
317,10819909430,10819909459,1,"IOTHUB_CLIENT_CONFIRMATION_OK"
318,10819909763,10819909793,1,"IOTHUB_CLIENT_CONFIRMATION_OK"
319,10819910097,10819910130,1,"IOTHUB_CLIENT_CONFIRMATION_OK"
320,10819910430,10819910463,1,"IOTHUB_CLIENT_CONFIRMATION_OK"
321,10819910763,10819910802,1,"IOTHUB_CLIENT_CONFIRMATION_OK"
322,10819911096,10819911129,1,"IOTHUB_CLIENT_CONFIRMATION_OK"
323,10819911429,10819911468,1,"IOTHUB_CLIENT_CONFIRMATION_OK"
324,10819911762,10819911794,1,"IOTHUB_CLIENT_CONFIRMATION_OK"
325,10819912096,10819912129,1,"IOTHUB_CLIENT_CONFIRMATION_OK"
326,10819912429,10819912465,1,"IOTHUB_CLIENT_CONFIRMATION_OK"
327,10819912762,10819912793,1,"IOTHUB_CLIENT_CONFIRMATION_OK"
328,10819913095,10819913128,1,"IOTHUB_CLIENT_CONFIRMATION_OK"
329,10819913428,10819913457,1,"IOTHUB_CLIENT_CONFIRMATION_OK"
330,10819913761,10819913791,1,"IOTHUB_CLIENT_CONFIRMATION_OK"
331,10819914094,10819914126,1,"IOTHUB_CLIENT_CONFIRMATION_OK"
332,10819914428,10819914474,1,"IOTHUB_CLIENT_CONFIRMATION_OK"
333,10819914761,10819914791,1,"IOTHUB_CLIENT_CONFIRMATION_OK"
334,10819915094,10819915126,1,"IOTHUB_CLIENT_CONFIRMATION_OK"
335,10819915427,10819915456,1,"IOTHUB_CLIENT_CONFIRMATION_OK"
336,10819915760,10819915800,1,"IOTHUB_CLIENT_CONFIRMATION_OK"
337,10819916093,10819916239,1,"IOTHUB_CLIENT_CONFIRMATION_OK"
338,10819916427,10819916459,1,"IOTHUB_CLIENT_CONFIRMATION_OK"
339,10819916760,10819916789,1,"IOTHUB_CLIENT_CONFIRMATION_OK"
340,10819917093,10819917126,1,"IOTHUB_CLIENT_CONFIRMATION_OK"
341,10819917426,10819917456,1,"IOTHUB_CLIENT_CONFIRMATION_OK"
342,10819917759,10819917868,1,"IOTHUB_CLIENT_CONFIRMATION_OK"
343,10819918092,10819918126,1,"IOTHUB_CLIENT_CONFIRMATION_OK"
344,10819918426,10819918457,1,"IOTHUB_CLIENT_CONFIRMATION_OK"
345,10819918759,10819918788,1,"IOTHUB_CLIENT_CONFIRMATION_OK"
346,10819919092,10819919125,1,"IOTHUB_CLIENT_CONFIRMATION_OK"
347,10819919425,10819919496,1,"IOTHUB_CLIENT_CONFIRMATION_OK"
348,10819919758,10819919788,1,"IOTHUB_CLIENT_CONFIRMATION_OK"
349,10819920091,10819920134,1,"IOTHUB_CLIENT_CONFIRMATION_OK"
350,10819920425,10819920464,1,"IOTHUB_CLIENT_CONFIRMATION_OK"
351,10819920758,10819920788,1,"IOTHUB_CLIENT_CONFIRMATION_OK"
352,10819921091,10819921122,1,"IOTHUB_CLIENT_CONFIRMATION_OK"
353,10819921424,10819921457,1,"IOTHUB_CLIENT_CONFIRMATION_OK"
354,10819921757,10819921787,1,"IOTHUB_CLIENT_CONFIRMATION_OK"
355,10819922090,10819922141,1,"IOTHUB_CLIENT_CONFIRMATION_OK"
356,10819922424,10819922456,1,"IOTHUB_CLIENT_CONFIRMATION_OK"
357,10819922757,10819922790,1,"IOTHUB_CLIENT_CONFIRMATION_OK"
358,10819923090,10819923121,1,"IOTHUB_CLIENT_CONFIRMATION_OK"
359,10819923423,10819923456,1,"IOTHUB_CLIENT_CONFIRMATION_OK"
360,10819923756,10819923801,1,"IOTHUB_CLIENT_CONFIRMATION_OK"
361,10819924089,10819924122,1,"IOTHUB_CLIENT_CONFIRMATION_OK"
362,10819924423,10819924455,1,"IOTHUB_CLIENT_CONFIRMATION_OK"
363,10819924756,10819924789,1,"IOTHUB_CLIENT_CONFIRMATION_OK"
364,10819925089,10819925121,1,"IOTHUB_CLIENT_CONFIRMATION_OK"
365,10819925422,10819925482,1,"IOTHUB_CLIENT_CONFIRMATION_OK"
366,10819925755,10819925789,1,"IOTHUB_CLIENT_CONFIRMATION_OK"
367,10819926088,10819926118,1,"IOTHUB_CLIENT_CONFIRMATION_OK"
368,10819926422,10819926457,1,"IOTHUB_CLIENT_CONFIRMATION_OK"
369,10819926755,10819926787,1,"IOTHUB_CLIENT_CONFIRMATION_OK"
370,10819927088,10819927127,1,"IOTHUB_CLIENT_CONFIRMATION_OK"
371,10819927421,10819927451,1,"IOTHUB_CLIENT_CONFIRMATION_OK"
372,10819927754,10819927785,1,"IOTHUB_CLIENT_CONFIRMATION_OK"
373,10819928087,10819928121,1,"IOTHUB_CLIENT_CONFIRMATION_OK"
374,10819928421,10819928454,1,"IOTHUB_CLIENT_CONFIRMATION_OK"
375,10819928754,10819928790,1,"IOTHUB_CLIENT_CONFIRMATION_OK"
376,10819929087,10819929116,1,"IOTHUB_CLIENT_CONFIRMATION_OK"
377,10819929420,10819929469,1,"IOTHUB_CLIENT_CONFIRMATION_OK"
378,10819929753,10819929783,1,"IOTHUB_CLIENT_CONFIRMATION_OK"
379,10819930086,10819930120,1,"IOTHUB_CLIENT_CONFIRMATION_OK"
380,10819930420,10819930450,1,"IOTHUB_CLIENT_CONFIRMATION_OK"
381,10819930753,10819930788,1,"IOTHUB_CLIENT_CONFIRMATION_OK"
382,10819931086,10819931127,1,"IOTHUB_CLIENT_CONFIRMATION_OK"
383,10819931419,10819931456,1,"IOTHUB_CLIENT_CONFIRMATION_OK"
384,10819931752,10819931786,1,"IOTHUB_CLIENT_CONFIRMATION_OK"
385,10819932085,10819932115,1,"IOTHUB_CLIENT_CONFIRMATION_OK"
386,10819932419,10819932452,1,"IOTHUB_CLIENT_CONFIRMATION_OK"
387,10819932752,10819932795,1,"IOTHUB_CLIENT_CONFIRMATION_OK"
388,10819933085,10819933116,1,"IOTHUB_CLIENT_CONFIRMATION_OK"
389,10819933418,10819933453,1,"IOTHUB_CLIENT_CONFIRMATION_OK"
390,10819933751,10819933782,1,"IOTHUB_CLIENT_CONFIRMATION_OK"
391,10819934084,10819934125,1,"IOTHUB_CLIENT_CONFIRMATION_OK"
392,10819934418,10819934447,1,"IOTHUB_CLIENT_CONFIRMATION_OK"
393,10819934751,10819934784,1,"IOTHUB_CLIENT_CONFIRMATION_OK"
394,10819935084,10819935229,1,"IOTHUB_CLIENT_CONFIRMATION_OK"
395,10819935417,10819935449,1,"IOTHUB_CLIENT_CONFIRMATION_OK"
396,10819935750,10819935779,1,"IOTHUB_CLIENT_CONFIRMATION_OK"
397,10819936083,10819936113,1,"IOTHUB_CLIENT_CONFIRMATION_OK"
398,10819936417,10819936452,1,"IOTHUB_CLIENT_CONFIRMATION_OK"
399,10819936750,10819936858,1,"IOTHUB_CLIENT_CONFIRMATION_OK"
400,10819937083,10819937115,1,"IOTHUB_CLIENT_CONFIRMATION_OK"
401,10819937416,10819937450,1,"IOTHUB_CLIENT_CONFIRMATION_OK"
402,10819937749,10819937782,1,"IOTHUB_CLIENT_CONFIRMATION_OK"
403,10819938082,10819938118,1,"IOTHUB_CLIENT_CONFIRMATION_OK"
404,10819938416,10819938481,1,"IOTHUB_CLIENT_CONFIRMATION_OK"
405,10819938749,10819938780,1,"IOTHUB_CLIENT_CONFIRMATION_OK"
406,10819939082,10819939263,1,"IOTHUB_CLIENT_CONFIRMATION_OK"
407,10819939415,10819939444,1,"IOTHUB_CLIENT_CONFIRMATION_OK"
408,10819939748,10819939782,1,"IOTHUB_CLIENT_CONFIRMATION_OK"
409,10819940081,10819940111,1,"IOTHUB_CLIENT_CONFIRMATION_OK"
410,10819940415,10819940447,1,"IOTHUB_CLIENT_CONFIRMATION_OK"
411,10819940748,10819940789,1,"IOTHUB_CLIENT_CONFIRMATION_OK"
412,10819941081,10819941111,1,"IOTHUB_CLIENT_CONFIRMATION_OK"
413,10819941414,10819941450,1,"IOTHUB_CLIENT_CONFIRMATION_OK"
414,10819941747,10819941781,1,"IOTHUB_CLIENT_CONFIRMATION_OK"
415,10819942080,10819942117,1,"IOTHUB_CLIENT_CONFIRMATION_OK"
416,10819942414,10819942445,1,"IOTHUB_CLIENT_CONFIRMATION_OK"
417,10819942747,10819942776,1,"IOTHUB_CLIENT_CONFIRMATION_OK"
418,10819943080,10819943119,1,"IOTHUB_CLIENT_CONFIRMATION_OK"
419,10819943413,10819943445,1,"IOTHUB_CLIENT_CONFIRMATION_OK"
420,10819943746,10819943790,1,"IOTHUB_CLIENT_CONFIRMATION_OK"
421,10819944079,10819944115,1,"IOTHUB_CLIENT_CONFIRMATION_OK"
422,10819944413,10819944446,1,"IOTHUB_CLIENT_CONFIRMATION_OK"
423,10819944746,10819944778,1,"IOTHUB_CLIENT_CONFIRMATION_OK"
424,10819945079,10819945108,1,"IOTHUB_CLIENT_CONFIRMATION_OK"
425,10819945412,10819945528,1,"IOTHUB_CLIENT_CONFIRMATION_OK"
426,10819945745,10819945776,1,"IOTHUB_CLIENT_CONFIRMATION_OK"
427,10819946078,10819946109,1,"IOTHUB_CLIENT_CONFIRMATION_OK"
428,10819946412,10819946444,1,"IOTHUB_CLIENT_CONFIRMATION_OK"
429,10819946745,10819946781,1,"IOTHUB_CLIENT_CONFIRMATION_OK"
430,10819947078,10819947155,1,"IOTHUB_CLIENT_CONFIRMATION_OK"
431,10819947411,10819947443,1,"IOTHUB_CLIENT_CONFIRMATION_OK"
432,10819947744,10819947775,1,"IOTHUB_CLIENT_CONFIRMATION_OK"
433,10819948077,10819948108,1,"IOTHUB_CLIENT_CONFIRMATION_OK"
434,10819948411,10819948449,1,"IOTHUB_CLIENT_CONFIRMATION_OK"
435,10819948744,10819948786,1,"IOTHUB_CLIENT_CONFIRMATION_OK"
436,10819949077,10819949107,1,"IOTHUB_CLIENT_CONFIRMATION_OK"
437,10819949410,10819949440,1,"IOTHUB_CLIENT_CONFIRMATION_OK"
438,10819949743,10819949803,1,"IOTHUB_CLIENT_CONFIRMATION_OK"
439,10819950076,10819950109,1,"IOTHUB_CLIENT_CONFIRMATION_OK"
440,10819950410,10819950443,1,"IOTHUB_CLIENT_CONFIRMATION_OK"
441,10819950743,10819950779,1,"IOTHUB_CLIENT_CONFIRMATION_OK"
442,10819951076,10819951116,1,"IOTHUB_CLIENT_CONFIRMATION_OK"
443,10819951409,10819951460,1,"IOTHUB_CLIENT_CONFIRMATION_OK"
444,10819951742,10819951789,1,"IOTHUB_CLIENT_CONFIRMATION_OK"
445,10819952075,10819952106,1,"IOTHUB_CLIENT_CONFIRMATION_OK"
446,10819952409,10819952442,1,"IOTHUB_CLIENT_CONFIRMATION_OK"
447,10819952742,10819952772,1,"IOTHUB_CLIENT_CONFIRMATION_OK"
448,10819953075,10819953107,1,"IOTHUB_CLIENT_CONFIRMATION_OK"
449,10819953408,10819953454,1,"IOTHUB_CLIENT_CONFIRMATION_OK"
450,10819953741,10819953782,1,"IOTHUB_CLIENT_CONFIRMATION_OK"
451,10819954074,10819954107,1,"IOTHUB_CLIENT_CONFIRMATION_OK"
452,10819954408,10819954436,1,"IOTHUB_CLIENT_CONFIRMATION_OK"
453,10819954741,10819954812,1,"IOTHUB_CLIENT_CONFIRMATION_OK"
454,10819955074,10819955105,1,"IOTHUB_CLIENT_CONFIRMATION_OK"
455,10819955407,10819955442,1,"IOTHUB_CLIENT_CONFIRMATION_OK"
456,10819955740,10819955823,1,"IOTHUB_CLIENT_CONFIRMATION_OK"
457,10819956073,10819956103,1,"IOTHUB_CLIENT_CONFIRMATION_OK"
458,10819956407,10819956440,1,"IOTHUB_CLIENT_CONFIRMATION_OK"
459,10819956740,10819956772,1,"IOTHUB_CLIENT_CONFIRMATION_OK"
460,10819957073,10819957111,1,"IOTHUB_CLIENT_CONFIRMATION_OK"
461,10819957406,10819957459,1,"IOTHUB_CLIENT_CONFIRMATION_OK"
462,10819957739,10819957774,1,"IOTHUB_CLIENT_CONFIRMATION_OK"
463,10819958072,10819958103,1,"IOTHUB_CLIENT_CONFIRMATION_OK"
464,10819958406,10819958485,1,"IOTHUB_CLIENT_CONFIRMATION_OK"
465,10819958739,10819958808,1,"IOTHUB_CLIENT_CONFIRMATION_OK"
466,10819959072,10819959109,1,"IOTHUB_CLIENT_CONFIRMATION_OK"
467,10819959405,10819959440,1,"IOTHUB_CLIENT_CONFIRMATION_OK"
468,10819959738,10819959771,1,"IOTHUB_CLIENT_CONFIRMATION_OK"
469,10819960071,10819960110,1,"IOTHUB_CLIENT_CONFIRMATION_OK"
470,10819960404,10819960437,1,"IOTHUB_CLIENT_CONFIRMATION_OK"
471,10819960738,10819960767,1,"IOTHUB_CLIENT_CONFIRMATION_OK"
472,10819961071,10819961105,1,"IOTHUB_CLIENT_CONFIRMATION_OK"
473,10819961404,10819961437,1,"IOTHUB_CLIENT_CONFIRMATION_OK"
474,10819961737,10819961765,1,"IOTHUB_CLIENT_CONFIRMATION_OK"
475,10819962070,10819962103,1,"IOTHUB_CLIENT_CONFIRMATION_OK"
476,10819962403,10819962438,1,"IOTHUB_CLIENT_CONFIRMATION_OK"
477,10819962737,10819962768,1,"IOTHUB_CLIENT_CONFIRMATION_OK"
478,10819963070,10819963104,1,"IOTHUB_CLIENT_CONFIRMATION_OK"
479,10819963403,10819963436,1,"IOTHUB_CLIENT_CONFIRMATION_OK"
480,10819963736,10819963771,1,"IOTHUB_CLIENT_CONFIRMATION_OK"
481,10819964069,10819964107,1,"IOTHUB_CLIENT_CONFIRMATION_OK"
482,10819964402,10819964435,1,"IOTHUB_CLIENT_CONFIRMATION_OK"
483,10819964736,10819964765,1,"IOTHUB_CLIENT_CONFIRMATION_OK"
484,10819965069,10819965109,1,"IOTHUB_CLIENT_CONFIRMATION_OK"
485,10819965402,10819965435,1,"IOTHUB_CLIENT_CONFIRMATION_OK"
486,10819965735,10819965768,1,"IOTHUB_CLIENT_CONFIRMATION_OK"
487,10819966068,10819966367,1,"IOTHUB_CLIENT_CONFIRMATION_OK"
488,10819966401,10819966435,1,"IOTHUB_CLIENT_CONFIRMATION_OK"
489,10819966735,10819966766,1,"IOTHUB_CLIENT_CONFIRMATION_OK"
490,10819967068,10819967099,1,"IOTHUB_CLIENT_CONFIRMATION_OK"
491,10819967401,10819967434,1,"IOTHUB_CLIENT_CONFIRMATION_OK"
492,10819967734,10819967769,1,"IOTHUB_CLIENT_CONFIRMATION_OK"
493,10819968067,10819968101,1,"IOTHUB_CLIENT_CONFIRMATION_OK"
494,10819968400,10819968442,1,"IOTHUB_CLIENT_CONFIRMATION_OK"
495,10819968734,10819968897,1,"IOTHUB_CLIENT_CONFIRMATION_OK"
496,10819969067,10819969100,1,"IOTHUB_CLIENT_CONFIRMATION_OK"
497,10819969400,10819969434,1,"IOTHUB_CLIENT_CONFIRMATION_OK"
498,10819969733,10819969763,1,"IOTHUB_CLIENT_CONFIRMATION_OK"
499,10819970066,10819970100,1,"IOTHUB_CLIENT_CONFIRMATION_OK"
500,10819970399,10819970519,1,"IOTHUB_CLIENT_CONFIRMATION_OK"
501,10819970733,10819970763,1,"IOTHUB_CLIENT_CONFIRMATION_OK"
502,10819971066,10819971097,1,"IOTHUB_CLIENT_CONFIRMATION_OK"
503,10819971399,10819971433,1,"IOTHUB_CLIENT_CONFIRMATION_OK"
504,10819971732,10819971763,1,"IOTHUB_CLIENT_CONFIRMATION_OK"
505,10819972065,10819972165,1,"IOTHUB_CLIENT_CONFIRMATION_OK"
506,10819972398,10819972459,1,"IOTHUB_CLIENT_CONFIRMATION_OK"
507,10819972732,10819972762,1,"IOTHUB_CLIENT_CONFIRMATION_OK"
508,10819973065,10819973095,1,"IOTHUB_CLIENT_CONFIRMATION_OK"
509,10819973398,10819973431,1,"IOTHUB_CLIENT_CONFIRMATION_OK"
510,10819973731,10819973783,1,"IOTHUB_CLIENT_CONFIRMATION_OK"
511,10819974064,10819974110,1,"IOTHUB_CLIENT_CONFIRMATION_OK"
512,10819974397,10819974427,1,"IOTHUB_CLIENT_CONFIRMATION_OK"
513,10819974731,10819974800,1,"IOTHUB_CLIENT_CONFIRMATION_OK"
514,10819975064,10819975100,1,"IOTHUB_CLIENT_CONFIRMATION_OK"
515,10819975397,10819975437,1,"IOTHUB_CLIENT_CONFIRMATION_OK"
516,10819975730,10819975759,1,"IOTHUB_CLIENT_CONFIRMATION_OK"
517,10819976063,10819976119,1,"IOTHUB_CLIENT_CONFIRMATION_OK"
518,10819976396,10819976469,1,"IOTHUB_CLIENT_CONFIRMATION_OK"
519,10819976730,10819976762,1,"IOTHUB_CLIENT_CONFIRMATION_OK"
520,10819977063,10819977115,1,"IOTHUB_CLIENT_CONFIRMATION_OK"
521,10819977396,10819977433,1,"IOTHUB_CLIENT_CONFIRMATION_OK"
522,10819977729,10819977768,1,"IOTHUB_CLIENT_CONFIRMATION_OK"
523,10819978062,10819978103,1,"IOTHUB_CLIENT_CONFIRMATION_OK"
524,10819978395,10819978430,1,"IOTHUB_CLIENT_CONFIRMATION_OK"
525,10819978729,10819978760,1,"IOTHUB_CLIENT_CONFIRMATION_OK"
526,10819979062,10819979114,1,"IOTHUB_CLIENT_CONFIRMATION_OK"
527,10819979395,10819979425,1,"IOTHUB_CLIENT_CONFIRMATION_OK"
528,10819979728,10819979762,1,"IOTHUB_CLIENT_CONFIRMATION_OK"
529,10819980061,10819980090,1,"IOTHUB_CLIENT_CONFIRMATION_OK"
530,10819980394,10819980429,1,"IOTHUB_CLIENT_CONFIRMATION_OK"
531,10819980728,10819980762,1,"IOTHUB_CLIENT_CONFIRMATION_OK"
532,10819981061,10819981118,1,"IOTHUB_CLIENT_CONFIRMATION_OK"
533,10819981394,10819981432,1,"IOTHUB_CLIENT_CONFIRMATION_OK"
534,10819981727,10819981758,1,"IOTHUB_CLIENT_CONFIRMATION_OK"
535,10819982060,10819982093,1,"IOTHUB_CLIENT_CONFIRMATION_OK"
536,10819982393,10819982424,1,"IOTHUB_CLIENT_CONFIRMATION_OK"
537,10819982727,10819982758,1,"IOTHUB_CLIENT_CONFIRMATION_OK"
538,10819983060,10819983092,1,"IOTHUB_CLIENT_CONFIRMATION_OK"
539,10819983393,10819983423,1,"IOTHUB_CLIENT_CONFIRMATION_OK"
540,10819983726,10819983759,1,"IOTHUB_CLIENT_CONFIRMATION_OK"
541,10819984059,10819984094,1,"IOTHUB_CLIENT_CONFIRMATION_OK"
542,10819984392,10819984428,1,"IOTHUB_CLIENT_CONFIRMATION_OK"
543,10819984725,10819984758,1,"IOTHUB_CLIENT_CONFIRMATION_OK"
544,10819985059,10819985103,1,"IOTHUB_CLIENT_CONFIRMATION_OK"
545,10819985392,10819985423,1,"IOTHUB_CLIENT_CONFIRMATION_OK"
546,10819985725,10819985754,1,"IOTHUB_CLIENT_CONFIRMATION_OK"
547,10819986058,10819986088,1,"IOTHUB_CLIENT_CONFIRMATION_OK"
548,10819986391,10819986425,1,"IOTHUB_CLIENT_CONFIRMATION_OK"
549,10819986724,10819986758,1,"IOTHUB_CLIENT_CONFIRMATION_OK"
550,10819987058,10819987089,1,"IOTHUB_CLIENT_CONFIRMATION_OK"
551,10819987391,10819987428,1,"IOTHUB_CLIENT_CONFIRMATION_OK"
552,10819987724,10819987781,1,"IOTHUB_CLIENT_CONFIRMATION_OK"
553,10819988057,10819988100,1,"IOTHUB_CLIENT_CONFIRMATION_OK"
554,10819988390,10819988431,1,"IOTHUB_CLIENT_CONFIRMATION_OK"
555,10819988723,10819988755,1,"IOTHUB_CLIENT_CONFIRMATION_OK"
556,10819989057,10819989090,1,"IOTHUB_CLIENT_CONFIRMATION_OK"
557,10819989390,10819989437,1,"IOTHUB_CLIENT_CONFIRMATION_OK"
558,10819989723,10819989754,1,"IOTHUB_CLIENT_CONFIRMATION_OK"
559,10819990056,10819990086,1,"IOTHUB_CLIENT_CONFIRMATION_OK"
560,10819990389,10819990422,1,"IOTHUB_CLIENT_CONFIRMATION_OK"
561,10819990722,10819990757,1,"IOTHUB_CLIENT_CONFIRMATION_OK"
562,10819991055,10819991085,1,"IOTHUB_CLIENT_CONFIRMATION_OK"
563,10819991389,10819991422,1,"IOTHUB_CLIENT_CONFIRMATION_OK"
564,10819991722,10819991755,1,"IOTHUB_CLIENT_CONFIRMATION_OK"
565,10819992055,10819992089,1,"IOTHUB_CLIENT_CONFIRMATION_OK"
566,10819992388,10819992422,1,"IOTHUB_CLIENT_CONFIRMATION_OK"
567,10819992721,10819992751,1,"IOTHUB_CLIENT_CONFIRMATION_OK"
568,10819993054,10819993137,1,"IOTHUB_CLIENT_CONFIRMATION_OK"
569,10819993388,10819993418,1,"IOTHUB_CLIENT_CONFIRMATION_OK"
570,10819993721,10819993773,1,"IOTHUB_CLIENT_CONFIRMATION_OK"
571,10819994054,10819994086,1,"IOTHUB_CLIENT_CONFIRMATION_OK"
572,10819994387,10819994419,1,"IOTHUB_CLIENT_CONFIRMATION_OK"
573,10819994720,10819994750,1,"IOTHUB_CLIENT_CONFIRMATION_OK"
574,10819995053,10819995083,1,"IOTHUB_CLIENT_CONFIRMATION_OK"
575,10819995387,10819995419,1,"IOTHUB_CLIENT_CONFIRMATION_OK"
576,10819995720,10819995753,1,"IOTHUB_CLIENT_CONFIRMATION_OK"
577,10819996053,10819996096,1,"IOTHUB_CLIENT_CONFIRMATION_OK"
578,10819996386,10819996419,1,"IOTHUB_CLIENT_CONFIRMATION_OK"
579,10819996719,10819996748,1,"IOTHUB_CLIENT_CONFIRMATION_OK"
580,10819997052,10819997103,1,"IOTHUB_CLIENT_CONFIRMATION_OK"
581,10819997386,10819997434,1,"IOTHUB_CLIENT_CONFIRMATION_OK"
582,10819997719,10819997752,1,"IOTHUB_CLIENT_CONFIRMATION_OK"
583,10819998052,10819998178,1,"IOTHUB_CLIENT_CONFIRMATION_OK"
584,10819998385,10819998416,1,"IOTHUB_CLIENT_CONFIRMATION_OK"
585,10819998718,10819998752,1,"IOTHUB_CLIENT_CONFIRMATION_OK"
586,10819999051,10819999084,1,"IOTHUB_CLIENT_CONFIRMATION_OK"
587,10819999384,10819999415,1,"IOTHUB_CLIENT_CONFIRMATION_OK"
588,10819999718,10819999784,1,"IOTHUB_CLIENT_CONFIRMATION_OK"
589,10820000051,10820000083,1,"IOTHUB_CLIENT_CONFIRMATION_OK"
590,10820000384,10820000425,1,"IOTHUB_CLIENT_CONFIRMATION_OK"
591,10820000717,10820000761,1,"IOTHUB_CLIENT_CONFIRMATION_OK"
592,10820001050,10820001079,1,"IOTHUB_CLIENT_CONFIRMATION_OK"
593,10820001384,10820001430,1,"IOTHUB_CLIENT_CONFIRMATION_OK"
594,10820001717,10820001750,1,"IOTHUB_CLIENT_CONFIRMATION_OK"
595,10820002050,10820002100,1,"IOTHUB_CLIENT_CONFIRMATION_OK"
596,10820002383,10820002436,1,"IOTHUB_CLIENT_CONFIRMATION_OK"
597,10820002716,10820002749,1,"IOTHUB_CLIENT_CONFIRMATION_OK"
598,10820003049,10820003079,1,"IOTHUB_CLIENT_CONFIRMATION_OK"
599,10820003382,10820003412,1,"IOTHUB_CLIENT_CONFIRMATION_OK"
600,10820003716,10820003747,1,"IOTHUB_CLIENT_CONFIRMATION_OK"
601,10820004049,10820004163,1,"IOTHUB_CLIENT_CONFIRMATION_OK"
602,10820004382,10820004433,1,"IOTHUB_CLIENT_CONFIRMATION_OK"
603,10820004715,10820004749,1,"IOTHUB_CLIENT_CONFIRMATION_OK"
604,10820005048,10820005078,1,"IOTHUB_CLIENT_CONFIRMATION_OK"
605,10820005381,10820005416,1,"IOTHUB_CLIENT_CONFIRMATION_OK"
606,10820005715,10820005785,1,"IOTHUB_CLIENT_CONFIRMATION_OK"
607,10820006048,10820006086,1,"IOTHUB_CLIENT_CONFIRMATION_OK"
608,10820006381,10820006413,1,"IOTHUB_CLIENT_CONFIRMATION_OK"
609,10820006714,10820006815,1,"IOTHUB_CLIENT_CONFIRMATION_OK"
610,10820007047,10820007085,1,"IOTHUB_CLIENT_CONFIRMATION_OK"
611,10820007380,10820007428,1,"IOTHUB_CLIENT_CONFIRMATION_OK"
612,10820007714,10820007743,1,"IOTHUB_CLIENT_CONFIRMATION_OK"
613,10820008047,10820008077,1,"IOTHUB_CLIENT_CONFIRMATION_OK"
614,10820008380,10820008452,1,"IOTHUB_CLIENT_CONFIRMATION_OK"
615,10820008713,10820008741,1,"IOTHUB_CLIENT_CONFIRMATION_OK"
616,10820009046,10820009076,1,"IOTHUB_CLIENT_CONFIRMATION_OK"
617,10820009379,10820009411,1,"IOTHUB_CLIENT_CONFIRMATION_OK"
618,10820009713,10820009742,1,"IOTHUB_CLIENT_CONFIRMATION_OK"
619,10820010046,10820010110,1,"IOTHUB_CLIENT_CONFIRMATION_OK"
620,10820010379,10820010418,1,"IOTHUB_CLIENT_CONFIRMATION_OK"
621,10820010712,10820010760,1,"IOTHUB_CLIENT_CONFIRMATION_OK"
622,10820011045,10820011090,1,"IOTHUB_CLIENT_CONFIRMATION_OK"
623,10820011378,10820011407,1,"IOTHUB_CLIENT_CONFIRMATION_OK"
624,10820011712,10820011747,1,"IOTHUB_CLIENT_CONFIRMATION_OK"
625,10820012045,10820012079,1,"IOTHUB_CLIENT_CONFIRMATION_OK"
626,10820012378,10820012408,1,"IOTHUB_CLIENT_CONFIRMATION_OK"
627,10820012711,10820012743,1,"IOTHUB_CLIENT_CONFIRMATION_OK"
628,10820013044,10820013076,1,"IOTHUB_CLIENT_CONFIRMATION_OK"
629,10820013377,10820013407,1,"IOTHUB_CLIENT_CONFIRMATION_OK"
630,10820013711,10820013746,1,"IOTHUB_CLIENT_CONFIRMATION_OK"
631,10820014044,10820014073,1,"IOTHUB_CLIENT_CONFIRMATION_OK"
632,10820014377,10820014407,1,"IOTHUB_CLIENT_CONFIRMATION_OK"
633,10820014710,10820014751,1,"IOTHUB_CLIENT_CONFIRMATION_OK"
634,10820015043,10820015072,1,"IOTHUB_CLIENT_CONFIRMATION_OK"
635,10820015376,10820015408,1,"IOTHUB_CLIENT_CONFIRMATION_OK"
636,10820015710,10820015739,1,"IOTHUB_CLIENT_CONFIRMATION_OK"
637,10820016043,10820016072,1,"IOTHUB_CLIENT_CONFIRMATION_OK"
638,10820016376,10820016411,1,"IOTHUB_CLIENT_CONFIRMATION_OK"
639,10820016709,10820016739,1,"IOTHUB_CLIENT_CONFIRMATION_OK"
640,10820017042,10820017075,1,"IOTHUB_CLIENT_CONFIRMATION_OK"
641,10820017375,10820017415,1,"IOTHUB_CLIENT_CONFIRMATION_OK"
642,10820017709,10820017745,1,"IOTHUB_CLIENT_CONFIRMATION_OK"
643,10820018042,10820018239,1,"IOTHUB_CLIENT_CONFIRMATION_OK"
644,10820018375,10820018406,1,"IOTHUB_CLIENT_CONFIRMATION_OK"
645,10820018708,10820018738,1,"IOTHUB_CLIENT_CONFIRMATION_OK"
646,10820019041,10820019069,1,"IOTHUB_CLIENT_CONFIRMATION_OK"
647,10820019374,10820019404,1,"IOTHUB_CLIENT_CONFIRMATION_OK"
648,10820019708,10820019737,1,"IOTHUB_CLIENT_CONFIRMATION_OK"
649,10820020041,10820020071,1,"IOTHUB_CLIENT_CONFIRMATION_OK"
650,10820020374,10820020405,1,"IOTHUB_CLIENT_CONFIRMATION_OK"
651,10820020707,10820020738,1,"IOTHUB_CLIENT_CONFIRMATION_OK"
652,10820021040,10820021074,1,"IOTHUB_CLIENT_CONFIRMATION_OK"
653,10820021373,10820021405,1,"IOTHUB_CLIENT_CONFIRMATION_OK"
654,10820021707,10820021740,1,"IOTHUB_CLIENT_CONFIRMATION_OK"
655,10820022040,10820022070,1,"IOTHUB_CLIENT_CONFIRMATION_OK"
656,10820022373,10820022405,1,"IOTHUB_CLIENT_CONFIRMATION_OK"
657,10820022706,10820022738,1,"IOTHUB_CLIENT_CONFIRMATION_OK"
658,10820023039,10820023067,1,"IOTHUB_CLIENT_CONFIRMATION_OK"
659,10820023372,10820023405,1,"IOTHUB_CLIENT_CONFIRMATION_OK"
660,10820023705,10820023741,1,"IOTHUB_CLIENT_CONFIRMATION_OK"
661,10820024039,10820024171,1,"IOTHUB_CLIENT_CONFIRMATION_OK"
662,10820024372,10820024404,1,"IOTHUB_CLIENT_CONFIRMATION_OK"
663,10820024705,10820024740,1,"IOTHUB_CLIENT_CONFIRMATION_OK"
664,10820025038,10820025080,1,"IOTHUB_CLIENT_CONFIRMATION_OK"
665,10820025371,10820025400,1,"IOTHUB_CLIENT_CONFIRMATION_OK"
666,10820025704,10820025801,1,"IOTHUB_CLIENT_CONFIRMATION_OK"
667,10820026038,10820026073,1,"IOTHUB_CLIENT_CONFIRMATION_OK"
668,10820026371,10820026403,1,"IOTHUB_CLIENT_CONFIRMATION_OK"
669,10820026704,10820026738,1,"IOTHUB_CLIENT_CONFIRMATION_OK"
670,10820027037,10820027069,1,"IOTHUB_CLIENT_CONFIRMATION_OK"
671,10820027370,10820027422,1,"IOTHUB_CLIENT_CONFIRMATION_OK"
672,10820027703,10820027737,1,"IOTHUB_CLIENT_CONFIRMATION_OK"
673,10820028037,10820028169,1,"IOTHUB_CLIENT_CONFIRMATION_OK"
674,10820028370,10820028400,1,"IOTHUB_CLIENT_CONFIRMATION_OK"
675,10820028703,10820028733,1,"IOTHUB_CLIENT_CONFIRMATION_OK"
676,10820029036,10820029070,1,"IOTHUB_CLIENT_CONFIRMATION_OK"
677,10820029369,10820029400,1,"IOTHUB_CLIENT_CONFIRMATION_OK"
678,10820029702,10820029736,1,"IOTHUB_CLIENT_CONFIRMATION_OK"
679,10820030036,10820030070,1,"IOTHUB_CLIENT_CONFIRMATION_OK"
680,10820030369,10820030401,1,"IOTHUB_CLIENT_CONFIRMATION_OK"
681,10820030702,10820030733,1,"IOTHUB_CLIENT_CONFIRMATION_OK"
682,10820031035,10820031068,1,"IOTHUB_CLIENT_CONFIRMATION_OK"
683,10820031368,10820031399,1,"IOTHUB_CLIENT_CONFIRMATION_OK"
684,10820031701,10820031737,1,"IOTHUB_CLIENT_CONFIRMATION_OK"
685,10820032034,10820032068,1,"IOTHUB_CLIENT_CONFIRMATION_OK"
686,10820032368,10820032400,1,"IOTHUB_CLIENT_CONFIRMATION_OK"
687,10820032701,10820032744,1,"IOTHUB_CLIENT_CONFIRMATION_OK"
688,10820033034,10820033067,1,"IOTHUB_CLIENT_CONFIRMATION_OK"
689,10820033367,10820033395,1,"IOTHUB_CLIENT_CONFIRMATION_OK"
690,10820033700,10820033733,1,"IOTHUB_CLIENT_CONFIRMATION_OK"
691,10820034033,10820034063,1,"IOTHUB_CLIENT_CONFIRMATION_OK"
692,10820034367,10820034397,1,"IOTHUB_CLIENT_CONFIRMATION_OK"
693,10820034700,10820034741,1,"IOTHUB_CLIENT_CONFIRMATION_OK"
694,10820035033,10820035064,1,"IOTHUB_CLIENT_CONFIRMATION_OK"
695,10820035366,10820035397,1,"IOTHUB_CLIENT_CONFIRMATION_OK"
696,10820035699,10820035730,1,"IOTHUB_CLIENT_CONFIRMATION_OK"
697,10820036032,10820036060,1,"IOTHUB_CLIENT_CONFIRMATION_OK"
698,10820036366,10820036399,1,"IOTHUB_CLIENT_CONFIRMATION_OK"
699,10820036699,10820036728,1,"IOTHUB_CLIENT_CONFIRMATION_OK"
700,10820037032,10820037071,1,"IOTHUB_CLIENT_CONFIRMATION_OK"
701,10820037365,10820037395,1,"IOTHUB_CLIENT_CONFIRMATION_OK"
702,10820037698,10820037749,1,"IOTHUB_CLIENT_CONFIRMATION_OK"
703,10820038031,10820038063,1,"IOTHUB_CLIENT_CONFIRMATION_OK"
704,10820038365,10820038402,1,"IOTHUB_CLIENT_CONFIRMATION_OK"
705,10820038698,10820038841,1,"IOTHUB_CLIENT_CONFIRMATION_OK"
706,10820039031,10820039060,1,"IOTHUB_CLIENT_CONFIRMATION_OK"
707,10820039364,10820039395,1,"IOTHUB_CLIENT_CONFIRMATION_OK"
708,10820039697,10820039730,1,"IOTHUB_CLIENT_CONFIRMATION_OK"
709,10820040030,10820040063,1,"IOTHUB_CLIENT_CONFIRMATION_OK"
710,10820040364,10820040595,1,"IOTHUB_CLIENT_CONFIRMATION_OK"
711,10820040697,10820040732,1,"IOTHUB_CLIENT_CONFIRMATION_OK"
712,10820041030,10820041064,1,"IOTHUB_CLIENT_CONFIRMATION_OK"
713,10820041363,10820041396,1,"IOTHUB_CLIENT_CONFIRMATION_OK"
714,10820041696,10820041728,1,"IOTHUB_CLIENT_CONFIRMATION_OK"
715,10820042029,10820042121,1,"IOTHUB_CLIENT_CONFIRMATION_OK"
716,10820042363,10820042395,1,"IOTHUB_CLIENT_CONFIRMATION_OK"
717,10820042696,10820042729,1,"IOTHUB_CLIENT_CONFIRMATION_OK"
718,10820043029,10820043071,1,"IOTHUB_CLIENT_CONFIRMATION_OK"
719,10820043362,10820043394,1,"IOTHUB_CLIENT_CONFIRMATION_OK"
720,10820043695,10820043737,1,"IOTHUB_CLIENT_CONFIRMATION_OK"
721,10820044028,10820044079,1,"IOTHUB_CLIENT_CONFIRMATION_OK"
722,10820044362,10820044392,1,"IOTHUB_CLIENT_CONFIRMATION_OK"
723,10820044695,10820044746,1,"IOTHUB_CLIENT_CONFIRMATION_OK"
724,10820045028,10820045061,1,"IOTHUB_CLIENT_CONFIRMATION_OK"
725,10820045361,10820045390,1,"IOTHUB_CLIENT_CONFIRMATION_OK"
726,10820045694,10820045724,1,"IOTHUB_CLIENT_CONFIRMATION_OK"
727,10820046027,10820046060,1,"IOTHUB_CLIENT_CONFIRMATION_OK"
728,10820046361,10820046418,1,"IOTHUB_CLIENT_CONFIRMATION_OK"
729,10820046694,10820046731,1,"IOTHUB_CLIENT_CONFIRMATION_OK"
730,10820047027,10820047063,1,"IOTHUB_CLIENT_CONFIRMATION_OK"
731,10820047360,10820047393,1,"IOTHUB_CLIENT_CONFIRMATION_OK"
732,10820047693,10820047722,1,"IOTHUB_CLIENT_CONFIRMATION_OK"
733,10820048026,10820048068,1,"IOTHUB_CLIENT_CONFIRMATION_OK"
734,10820048360,10820048389,1,"IOTHUB_CLIENT_CONFIRMATION_OK"
735,10820048693,10820048729,1,"IOTHUB_CLIENT_CONFIRMATION_OK"
736,10820049026,10820049058,1,"IOTHUB_CLIENT_CONFIRMATION_OK"
737,10820049359,10820049388,1,"IOTHUB_CLIENT_CONFIRMATION_OK"
738,10820049692,10820049727,1,"IOTHUB_CLIENT_CONFIRMATION_OK"
739,10820050025,10820050055,1,"IOTHUB_CLIENT_CONFIRMATION_OK"
740,10820050359,10820050391,1,"IOTHUB_CLIENT_CONFIRMATION_OK"
741,10820050692,10820050858,1,"IOTHUB_CLIENT_CONFIRMATION_OK"
742,10820051025,10820051057,1,"IOTHUB_CLIENT_CONFIRMATION_OK"
743,10820051358,10820051390,1,"IOTHUB_CLIENT_CONFIRMATION_OK"
744,10820051691,10820051726,1,"IOTHUB_CLIENT_CONFIRMATION_OK"
745,10820052024,10820052056,1,"IOTHUB_CLIENT_CONFIRMATION_OK"
746,10820052358,10820052404,1,"IOTHUB_CLIENT_CONFIRMATION_OK"
747,10820052691,10820052720,1,"IOTHUB_CLIENT_CONFIRMATION_OK"
748,10820053024,10820053058,1,"IOTHUB_CLIENT_CONFIRMATION_OK"
749,10820053357,10820053496,1,"IOTHUB_CLIENT_CONFIRMATION_OK"
750,10820053690,10820053722,1,"IOTHUB_CLIENT_CONFIRMATION_OK"
751,10820054023,10820054056,1,"IOTHUB_CLIENT_CONFIRMATION_OK"
752,10820054357,10820054396,1,"IOTHUB_CLIENT_CONFIRMATION_OK"
753,10820054690,10820054729,1,"IOTHUB_CLIENT_CONFIRMATION_OK"
754,10820055023,10820055120,1,"IOTHUB_CLIENT_CONFIRMATION_OK"
755,10820055356,10820055390,1,"IOTHUB_CLIENT_CONFIRMATION_OK"
756,10820055689,10820055727,1,"IOTHUB_CLIENT_CONFIRMATION_OK"
757,10820056022,10820056053,1,"IOTHUB_CLIENT_CONFIRMATION_OK"
758,10820056356,10820056390,1,"IOTHUB_CLIENT_CONFIRMATION_OK"
759,10820056689,10820056752,1,"IOTHUB_CLIENT_CONFIRMATION_OK"
760,10820057022,10820057053,1,"IOTHUB_CLIENT_CONFIRMATION_OK"
761,10820057355,10820057388,1,"IOTHUB_CLIENT_CONFIRMATION_OK"
762,10820057688,10820057751,1,"IOTHUB_CLIENT_CONFIRMATION_OK"
763,10820058021,10820058053,1,"IOTHUB_CLIENT_CONFIRMATION_OK"
764,10820058355,10820058385,1,"IOTHUB_CLIENT_CONFIRMATION_OK"
765,10820058688,10820058715,1,"IOTHUB_CLIENT_CONFIRMATION_OK"
766,10820059021,10820059054,1,"IOTHUB_CLIENT_CONFIRMATION_OK"
767,10820059354,10820059392,1,"IOTHUB_CLIENT_CONFIRMATION_OK"
768,10820059687,10820059724,1,"IOTHUB_CLIENT_CONFIRMATION_OK"
769,10820060020,10820060053,1,"IOTHUB_CLIENT_CONFIRMATION_OK"
770,10820060353,10820060388,1,"IOTHUB_CLIENT_CONFIRMATION_OK"
771,10820060687,10820060715,1,"IOTHUB_CLIENT_CONFIRMATION_OK"
772,10820061020,10820061058,1,"IOTHUB_CLIENT_CONFIRMATION_OK"
773,10820061353,10820061381,1,"IOTHUB_CLIENT_CONFIRMATION_OK"
774,10820061686,10820061725,1,"IOTHUB_CLIENT_CONFIRMATION_OK"
775,10820062019,10820062061,1,"IOTHUB_CLIENT_CONFIRMATION_OK"
776,10820062352,10820062388,1,"IOTHUB_CLIENT_CONFIRMATION_OK"
777,10820062686,10820062722,1,"IOTHUB_CLIENT_CONFIRMATION_OK"
778,10820063019,10820063051,1,"IOTHUB_CLIENT_CONFIRMATION_OK"
779,10820063352,10820063386,1,"IOTHUB_CLIENT_CONFIRMATION_OK"
780,10820063685,10820063717,1,"IOTHUB_CLIENT_CONFIRMATION_OK"
781,10820064018,10820064049,1,"IOTHUB_CLIENT_CONFIRMATION_OK"
782,10820064351,10820064384,1,"IOTHUB_CLIENT_CONFIRMATION_OK"
783,10820064685,10820064714,1,"IOTHUB_CLIENT_CONFIRMATION_OK"
784,10820065018,10820065051,1,"IOTHUB_CLIENT_CONFIRMATION_OK"
785,10820065351,10820065382,1,"IOTHUB_CLIENT_CONFIRMATION_OK"
786,10820065684,10820065715,1,"IOTHUB_CLIENT_CONFIRMATION_OK"
787,10820066017,10820066047,1,"IOTHUB_CLIENT_CONFIRMATION_OK"
788,10820066350,10820066382,1,"IOTHUB_CLIENT_CONFIRMATION_OK"
789,10820066684,10820066731,1,"IOTHUB_CLIENT_CONFIRMATION_OK"
790,10820067017,10820067048,1,"IOTHUB_CLIENT_CONFIRMATION_OK"
791,10820067350,10820067381,1,"IOTHUB_CLIENT_CONFIRMATION_OK"
792,10820067683,10820067716,1,"IOTHUB_CLIENT_CONFIRMATION_OK"
793,10820068016,10820068157,1,"IOTHUB_CLIENT_CONFIRMATION_OK"
794,10820068349,10820068382,1,"IOTHUB_CLIENT_CONFIRMATION_OK"
795,10820068682,10820068758,1,"IOTHUB_CLIENT_CONFIRMATION_OK"
796,10820069016,10820069047,1,"IOTHUB_CLIENT_CONFIRMATION_OK"
797,10820069349,10820069382,1,"IOTHUB_CLIENT_CONFIRMATION_OK"
798,10820069682,10820069811,1,"IOTHUB_CLIENT_CONFIRMATION_OK"
799,10820070015,10820070053,1,"IOTHUB_CLIENT_CONFIRMATION_OK"
800,10820070348,10820070392,1,"IOTHUB_CLIENT_CONFIRMATION_OK"
801,10820070681,10820070711,1,"IOTHUB_CLIENT_CONFIRMATION_OK"
802,10820071015,10820071048,1,"IOTHUB_CLIENT_CONFIRMATION_OK"
803,10820071348,10820071440,1,"IOTHUB_CLIENT_CONFIRMATION_OK"
804,10820071681,10820071714,1,"IOTHUB_CLIENT_CONFIRMATION_OK"
805,10820072014,10820072047,1,"IOTHUB_CLIENT_CONFIRMATION_OK"
806,10820072347,10820072526,1,"IOTHUB_CLIENT_CONFIRMATION_OK"
807,10820072680,10820072714,1,"IOTHUB_CLIENT_CONFIRMATION_OK"
808,10820073014,10820073062,1,"IOTHUB_CLIENT_CONFIRMATION_OK"
809,10820073347,10820073399,1,"IOTHUB_CLIENT_CONFIRMATION_OK"
810,10820073680,10820073709,1,"IOTHUB_CLIENT_CONFIRMATION_OK"
811,10820074013,10820074139,1,"IOTHUB_CLIENT_CONFIRMATION_OK"
812,10820074346,10820074400,1,"IOTHUB_CLIENT_CONFIRMATION_OK"
813,10820074679,10820074709,1,"IOTHUB_CLIENT_CONFIRMATION_OK"
814,10820075012,10820075051,1,"IOTHUB_CLIENT_CONFIRMATION_OK"
815,10820075346,10820075378,1,"IOTHUB_CLIENT_CONFIRMATION_OK"
816,10820075679,10820075768,1,"IOTHUB_CLIENT_CONFIRMATION_OK"
817,10820076012,10820076047,1,"IOTHUB_CLIENT_CONFIRMATION_OK"
818,10820076345,10820076393,1,"IOTHUB_CLIENT_CONFIRMATION_OK"
819,10820076678,10820076712,1,"IOTHUB_CLIENT_CONFIRMATION_OK"
820,10820077012,10820077055,1,"IOTHUB_CLIENT_CONFIRMATION_OK"
821,10820077345,10820077408,1,"IOTHUB_CLIENT_CONFIRMATION_OK"
822,10820077678,10820077707,1,"IOTHUB_CLIENT_CONFIRMATION_OK"
823,10820078011,10820078042,1,"IOTHUB_CLIENT_CONFIRMATION_OK"
824,10820078344,10820078413,1,"IOTHUB_CLIENT_CONFIRMATION_OK"
825,10820078677,10820078706,1,"IOTHUB_CLIENT_CONFIRMATION_OK"
826,10820079010,10820079093,1,"IOTHUB_CLIENT_CONFIRMATION_OK"
827,10820079344,10820079388,1,"IOTHUB_CLIENT_CONFIRMATION_OK"
828,10820079677,10820079706,1,"IOTHUB_CLIENT_CONFIRMATION_OK"
829,10820080010,10820080101,1,"IOTHUB_CLIENT_CONFIRMATION_OK"
830,10820080343,10820080374,1,"IOTHUB_CLIENT_CONFIRMATION_OK"
831,10820080676,10820080704,1,"IOTHUB_CLIENT_CONFIRMATION_OK"
832,10820081009,10820081039,1,"IOTHUB_CLIENT_CONFIRMATION_OK"
833,10820081343,10820081375,1,"IOTHUB_CLIENT_CONFIRMATION_OK"
834,10820081676,10820081728,1,"IOTHUB_CLIENT_CONFIRMATION_OK"
835,10820082009,10820082039,1,"IOTHUB_CLIENT_CONFIRMATION_OK"
836,10820082342,10820082378,1,"IOTHUB_CLIENT_CONFIRMATION_OK"
837,10820082675,10820082745,1,"IOTHUB_CLIENT_CONFIRMATION_OK"
838,10820083008,10820083037,1,"IOTHUB_CLIENT_CONFIRMATION_OK"
839,10820083342,10820083375,1,"IOTHUB_CLIENT_CONFIRMATION_OK"
840,10820083675,10820083708,1,"IOTHUB_CLIENT_CONFIRMATION_OK"
841,10820084008,10820084051,1,"IOTHUB_CLIENT_CONFIRMATION_OK"
842,10820084341,10820084377,1,"IOTHUB_CLIENT_CONFIRMATION_OK"
843,10820084674,10820084711,1,"IOTHUB_CLIENT_CONFIRMATION_OK"
844,10820085007,10820085041,1,"IOTHUB_CLIENT_CONFIRMATION_OK"
845,10820085341,10820085486,1,"IOTHUB_CLIENT_CONFIRMATION_OK"
846,10820085674,10820085706,1,"IOTHUB_CLIENT_CONFIRMATION_OK"
847,10820086007,10820086074,1,"IOTHUB_CLIENT_CONFIRMATION_OK"
848,10820086340,10820086373,1,"IOTHUB_CLIENT_CONFIRMATION_OK"
849,10820086673,10820086711,1,"IOTHUB_CLIENT_CONFIRMATION_OK"
850,10820087006,10820087036,1,"IOTHUB_CLIENT_CONFIRMATION_OK"
851,10820087340,10820087372,1,"IOTHUB_CLIENT_CONFIRMATION_OK"
852,10820087673,10820087704,1,"IOTHUB_CLIENT_CONFIRMATION_OK"
853,10820088006,10820088039,1,"IOTHUB_CLIENT_CONFIRMATION_OK"
854,10820088339,10820088373,1,"IOTHUB_CLIENT_CONFIRMATION_OK"
855,10820088672,10820088718,1,"IOTHUB_CLIENT_CONFIRMATION_OK"
856,10820089005,10820089043,1,"IOTHUB_CLIENT_CONFIRMATION_OK"
857,10820089339,10820089371,1,"IOTHUB_CLIENT_CONFIRMATION_OK"
858,10820089672,10820089704,1,"IOTHUB_CLIENT_CONFIRMATION_OK"
859,10820090005,10820090040,1,"IOTHUB_CLIENT_CONFIRMATION_OK"
860,10820090338,10820090368,1,"IOTHUB_CLIENT_CONFIRMATION_OK"
861,10820090671,10820090701,1,"IOTHUB_CLIENT_CONFIRMATION_OK"
862,10820091004,10820091036,1,"IOTHUB_CLIENT_CONFIRMATION_OK"
863,10820091337,10820091369,1,"IOTHUB_CLIENT_CONFIRMATION_OK"
864,10820091671,10820091701,1,"IOTHUB_CLIENT_CONFIRMATION_OK"
865,10820092004,10820092034,1,"IOTHUB_CLIENT_CONFIRMATION_OK"
866,10820092337,10820092368,1,"IOTHUB_CLIENT_CONFIRMATION_OK"
867,10820092670,10820092700,1,"IOTHUB_CLIENT_CONFIRMATION_OK"
868,10820093003,10820093580,1,"IOTHUB_CLIENT_CONFIRMATION_OK"
869,10820093336,10820093602,1,"IOTHUB_CLIENT_CONFIRMATION_OK"
870,10820093670,10820093794,1,"IOTHUB_CLIENT_CONFIRMATION_OK"
871,10820094003,10820094047,1,"IOTHUB_CLIENT_CONFIRMATION_OK"
872,10820094336,10820094393,1,"IOTHUB_CLIENT_CONFIRMATION_OK"
873,10820094669,10820094701,1,"IOTHUB_CLIENT_CONFIRMATION_OK"
874,10820095002,10820095034,1,"IOTHUB_CLIENT_CONFIRMATION_OK"
875,10820095335,10820095377,1,"IOTHUB_CLIENT_CONFIRMATION_OK"
876,10820095669,10820095699,1,"IOTHUB_CLIENT_CONFIRMATION_OK"
877,10820096002,10820096040,1,"IOTHUB_CLIENT_CONFIRMATION_OK"
878,10820096335,10820096367,1,"IOTHUB_CLIENT_CONFIRMATION_OK"
879,10820096668,10820096700,1,"IOTHUB_CLIENT_CONFIRMATION_OK"
880,10820097001,10820097034,1,"IOTHUB_CLIENT_CONFIRMATION_OK"
881,10820097334,10820097459,1,"IOTHUB_CLIENT_CONFIRMATION_OK"
882,10820097667,10820097696,1,"IOTHUB_CLIENT_CONFIRMATION_OK"
883,10820098001,10820098035,1,"IOTHUB_CLIENT_CONFIRMATION_OK"
884,10820098334,10820098368,1,"IOTHUB_CLIENT_CONFIRMATION_OK"
885,10820098667,10820098708,1,"IOTHUB_CLIENT_CONFIRMATION_OK"
886,10820099000,10820099083,1,"IOTHUB_CLIENT_CONFIRMATION_OK"
887,10820099333,10820099367,1,"IOTHUB_CLIENT_CONFIRMATION_OK"
888,10820099667,10820099697,1,"IOTHUB_CLIENT_CONFIRMATION_OK"
889,10820100000,10820100029,1,"IOTHUB_CLIENT_CONFIRMATION_OK"
890,10820100333,10820100366,1,"IOTHUB_CLIENT_CONFIRMATION_OK"
891,10820100666,10820100710,1,"IOTHUB_CLIENT_CONFIRMATION_OK"
892,10820100999,10820101034,1,"IOTHUB_CLIENT_CONFIRMATION_OK"
893,10820101332,10820101362,1,"IOTHUB_CLIENT_CONFIRMATION_OK"
894,10820101665,10820101732,1,"IOTHUB_CLIENT_CONFIRMATION_OK"
895,10820101999,10820102029,1,"IOTHUB_CLIENT_CONFIRMATION_OK"
896,10820102332,10820102361,1,"IOTHUB_CLIENT_CONFIRMATION_OK"
897,10820102665,10820102709,1,"IOTHUB_CLIENT_CONFIRMATION_OK"
898,10820102998,10820103029,1,"IOTHUB_CLIENT_CONFIRMATION_OK"
899,10820103331,10820103365,1,"IOTHUB_CLIENT_CONFIRMATION_OK"
