Message ID,Send Time,Receive Time,Status,Error
0,10415557518,10415557684,1,"IOTHUB_CLIENT_CONFIRMATION_OK"
1,10415557719,10415557758,1,"IOTHUB_CLIENT_CONFIRMATION_OK"
2,10415557919,10415557964,1,"IOTHUB_CLIENT_CONFIRMATION_OK"
3,10415558119,10415558161,1,"IOTHUB_CLIENT_CONFIRMATION_OK"
4,10415558319,10415558365,1,"IOTHUB_CLIENT_CONFIRMATION_OK"
5,10415558519,10415558557,1,"IOTHUB_CLIENT_CONFIRMATION_OK"
6,10415558719,10415558754,1,"IOTHUB_CLIENT_CONFIRMATION_OK"
7,10415558920,10415559031,1,"IOTHUB_CLIENT_CONFIRMATION_OK"
8,10415559120,10415559168,1,"IOTHUB_CLIENT_CONFIRMATION_OK"
9,10415559320,10415559454,1,"IOTHUB_CLIENT_CONFIRMATION_OK"
10,10415559520,10415559569,1,"IOTHUB_CLIENT_CONFIRMATION_OK"
11,10415559720,10415559768,1,"IOTHUB_CLIENT_CONFIRMATION_OK"
12,10415559920,10415559971,1,"IOTHUB_CLIENT_CONFIRMATION_OK"
13,10415560120,10415560165,1,"IOTHUB_CLIENT_CONFIRMATION_OK"
14,10415560321,10415560379,1,"IOTHUB_CLIENT_CONFIRMATION_OK"
15,10415560521,10415560563,1,"IOTHUB_CLIENT_CONFIRMATION_OK"
16,10415560721,10415560815,1,"IOTHUB_CLIENT_CONFIRMATION_OK"
17,10415560921,10415560970,1,"IOTHUB_CLIENT_CONFIRMATION_OK"
18,10415561121,10415561180,1,"IOTHUB_CLIENT_CONFIRMATION_OK"
19,10415561321,10415561402,1,"IOTHUB_CLIENT_CONFIRMATION_OK"
20,10415561521,10415561688,1,"IOTHUB_CLIENT_CONFIRMATION_OK"
21,10415561722,10415561783,1,"IOTHUB_CLIENT_CONFIRMATION_OK"
22,10415561922,10415561966,1,"IOTHUB_CLIENT_CONFIRMATION_OK"
23,10415562122,10415562232,1,"IOTHUB_CLIENT_CONFIRMATION_OK"
24,10415562322,10415562374,1,"IOTHUB_CLIENT_CONFIRMATION_OK"
25,10415562523,10415562585,1,"IOTHUB_CLIENT_CONFIRMATION_OK"
26,10415562723,10415562770,1,"IOTHUB_CLIENT_CONFIRMATION_OK"
27,10415562923,10415562977,1,"IOTHUB_CLIENT_CONFIRMATION_OK"
28,10415563123,10415563158,1,"IOTHUB_CLIENT_CONFIRMATION_OK"
29,10415563323,10415563366,1,"IOTHUB_CLIENT_CONFIRMATION_OK"
30,10415563523,10415563559,1,"IOTHUB_CLIENT_CONFIRMATION_OK"
31,10415563723,10415563774,1,"IOTHUB_CLIENT_CONFIRMATION_OK"
32,10415563924,10415563961,1,"IOTHUB_CLIENT_CONFIRMATION_OK"
33,10415564124,10415564165,1,"IOTHUB_CLIENT_CONFIRMATION_OK"
34,10415564324,10415564359,1,"IOTHUB_CLIENT_CONFIRMATION_OK"
35,10415564524,10415564578,1,"IOTHUB_CLIENT_CONFIRMATION_OK"
36,10415564724,10415564944,1,"IOTHUB_CLIENT_CONFIRMATION_OK"
37,10415564924,10415564973,1,"IOTHUB_CLIENT_CONFIRMATION_OK"
38,10415565124,10415565209,1,"IOTHUB_CLIENT_CONFIRMATION_OK"
39,10415565325,10415565371,1,"IOTHUB_CLIENT_CONFIRMATION_OK"
40,10415565525,10415565565,1,"IOTHUB_CLIENT_CONFIRMATION_OK"
41,10415565725,10415565763,1,"IOTHUB_CLIENT_CONFIRMATION_OK"
42,10415565925,10415565974,1,"IOTHUB_CLIENT_CONFIRMATION_OK"
43,10415566125,10415566165,1,"IOTHUB_CLIENT_CONFIRMATION_OK"
44,10415566325,10415566362,1,"IOTHUB_CLIENT_CONFIRMATION_OK"
45,10415566525,10415566569,1,"IOTHUB_CLIENT_CONFIRMATION_OK"
46,10415566726,10415566870,1,"IOTHUB_CLIENT_CONFIRMATION_OK"
47,10415566926,10415566966,1,"IOTHUB_CLIENT_CONFIRMATION_OK"
48,10415567126,10415567186,1,"IOTHUB_CLIENT_CONFIRMATION_OK"
49,10415567326,10415567478,1,"IOTHUB_CLIENT_CONFIRMATION_OK"
50,10415567526,10415567562,1,"IOTHUB_CLIENT_CONFIRMATION_OK"
51,10415567726,10415567764,1,"IOTHUB_CLIENT_CONFIRMATION_OK"
52,10415567926,10415568002,1,"IOTHUB_CLIENT_CONFIRMATION_OK"
53,10415568127,10415568171,1,"IOTHUB_CLIENT_CONFIRMATION_OK"
54,10415568327,10415568369,1,"IOTHUB_CLIENT_CONFIRMATION_OK"
55,10415568527,10415568584,1,"IOTHUB_CLIENT_CONFIRMATION_OK"
56,10415568727,10415568769,1,"IOTHUB_CLIENT_CONFIRMATION_OK"
57,10415568927,10415569002,1,"IOTHUB_CLIENT_CONFIRMATION_OK"
58,10415569127,10415569163,1,"IOTHUB_CLIENT_CONFIRMATION_OK"
59,10415569327,10415569381,1,"IOTHUB_CLIENT_CONFIRMATION_OK"
60,10415569528,10415569588,1,"IOTHUB_CLIENT_CONFIRMATION_OK"
61,10415569728,10415569792,1,"IOTHUB_CLIENT_CONFIRMATION_OK"
62,10415569928,10415569966,1,"IOTHUB_CLIENT_CONFIRMATION_OK"
63,10415570128,10415570166,1,"IOTHUB_CLIENT_CONFIRMATION_OK"
64,10415570328,10415570374,1,"IOTHUB_CLIENT_CONFIRMATION_OK"
65,10415570528,10415570588,1,"IOTHUB_CLIENT_CONFIRMATION_OK"
66,10415570729,10415570781,1,"IOTHUB_CLIENT_CONFIRMATION_OK"
67,10415570929,10415570970,1,"IOTHUB_CLIENT_CONFIRMATION_OK"
68,10415571129,10415571214,1,"IOTHUB_CLIENT_CONFIRMATION_OK"
69,10415571329,10415571376,1,"IOTHUB_CLIENT_CONFIRMATION_OK"
70,10415571529,10415571584,1,"IOTHUB_CLIENT_CONFIRMATION_OK"
71,10415571729,10415571822,1,"IOTHUB_CLIENT_CONFIRMATION_OK"
72,10415571930,10415572047,1,"IOTHUB_CLIENT_CONFIRMATION_OK"
73,10415572130,10415572250,1,"IOTHUB_CLIENT_CONFIRMATION_OK"
74,10415572330,10415572369,1,"IOTHUB_CLIENT_CONFIRMATION_OK"
75,10415572530,10415572672,1,"IOTHUB_CLIENT_CONFIRMATION_OK"
76,10415572730,10415572768,1,"IOTHUB_CLIENT_CONFIRMATION_OK"
77,10415572930,10415572970,1,"IOTHUB_CLIENT_CONFIRMATION_OK"
78,10415573130,10415573262,1,"IOTHUB_CLIENT_CONFIRMATION_OK"
79,10415573331,10415573380,1,"IOTHUB_CLIENT_CONFIRMATION_OK"
80,10415573531,10415573575,1,"IOTHUB_CLIENT_CONFIRMATION_OK"
81,10415573731,10415573785,1,"IOTHUB_CLIENT_CONFIRMATION_OK"
82,10415573931,10415573989,1,"IOTHUB_CLIENT_CONFIRMATION_OK"
83,10415574132,10415574171,1,"IOTHUB_CLIENT_CONFIRMATION_OK"
84,10415574332,10415574363,1,"IOTHUB_CLIENT_CONFIRMATION_OK"
85,10415574532,10415574575,1,"IOTHUB_CLIENT_CONFIRMATION_OK"
86,10415574732,10415574776,1,"IOTHUB_CLIENT_CONFIRMATION_OK"
87,10415574932,10415575011,1,"IOTHUB_CLIENT_CONFIRMATION_OK"
88,10415575132,10415575202,1,"IOTHUB_CLIENT_CONFIRMATION_OK"
89,10415575332,10415575372,1,"IOTHUB_CLIENT_CONFIRMATION_OK"
90,10415575533,10415575582,1,"IOTHUB_CLIENT_CONFIRMATION_OK"
91,10415575733,10415575828,1,"IOTHUB_CLIENT_CONFIRMATION_OK"
92,10415575933,10415575997,1,"IOTHUB_CLIENT_CONFIRMATION_OK"
93,10415576133,10415576193,1,"IOTHUB_CLIENT_CONFIRMATION_OK"
94,10415576333,10415576388,1,"IOTHUB_CLIENT_CONFIRMATION_OK"
95,10415576533,10415576577,1,"IOTHUB_CLIENT_CONFIRMATION_OK"
96,10415576734,10415576773,1,"IOTHUB_CLIENT_CONFIRMATION_OK"
97,10415576934,10415576974,1,"IOTHUB_CLIENT_CONFIRMATION_OK"
98,10415577134,10415577180,1,"IOTHUB_CLIENT_CONFIRMATION_OK"
99,10415577334,10415577375,1,"IOTHUB_CLIENT_CONFIRMATION_OK"
100,10415577534,10415577575,1,"IOTHUB_CLIENT_CONFIRMATION_OK"
101,10415577734,10415577855,1,"IOTHUB_CLIENT_CONFIRMATION_OK"
102,10415577934,10415578010,1,"IOTHUB_CLIENT_CONFIRMATION_OK"
103,10415578135,10415578192,1,"IOTHUB_CLIENT_CONFIRMATION_OK"
104,10415578335,10415578472,1,"IOTHUB_CLIENT_CONFIRMATION_OK"
105,10415578535,10415578583,1,"IOTHUB_CLIENT_CONFIRMATION_OK"
106,10415578735,10415578769,1,"IOTHUB_CLIENT_CONFIRMATION_OK"
107,10415578935,10415579049,1,"IOTHUB_CLIENT_CONFIRMATION_OK"
108,10415579135,10415579179,1,"IOTHUB_CLIENT_CONFIRMATION_OK"
109,10415579336,10415579376,1,"IOTHUB_CLIENT_CONFIRMATION_OK"
110,10415579536,10415579590,1,"IOTHUB_CLIENT_CONFIRMATION_OK"
111,10415579736,10415579784,1,"IOTHUB_CLIENT_CONFIRMATION_OK"
112,10415579936,10415579983,1,"IOTHUB_CLIENT_CONFIRMATION_OK"
113,10415580136,10415580185,1,"IOTHUB_CLIENT_CONFIRMATION_OK"
114,10415580336,10415580392,1,"IOTHUB_CLIENT_CONFIRMATION_OK"
115,10415580537,10415580586,1,"IOTHUB_CLIENT_CONFIRMATION_OK"
116,10415580737,10415580785,1,"IOTHUB_CLIENT_CONFIRMATION_OK"
117,10415580937,10415580978,1,"IOTHUB_CLIENT_CONFIRMATION_OK"
118,10415581137,10415581175,1,"IOTHUB_CLIENT_CONFIRMATION_OK"
119,10415581337,10415581376,1,"IOTHUB_CLIENT_CONFIRMATION_OK"
120,10415581537,10415581702,1,"IOTHUB_CLIENT_CONFIRMATION_OK"
121,10415581738,10415581774,1,"IOTHUB_CLIENT_CONFIRMATION_OK"
122,10415581938,10415581998,1,"IOTHUB_CLIENT_CONFIRMATION_OK"
123,10415582138,10415582172,1,"IOTHUB_CLIENT_CONFIRMATION_OK"
124,10415582338,10415582403,1,"IOTHUB_CLIENT_CONFIRMATION_OK"
125,10415582538,10415582573,1,"IOTHUB_CLIENT_CONFIRMATION_OK"
126,10415582738,10415582787,1,"IOTHUB_CLIENT_CONFIRMATION_OK"
127,10415582938,10415582987,1,"IOTHUB_CLIENT_CONFIRMATION_OK"
128,10415583139,10415583189,1,"IOTHUB_CLIENT_CONFIRMATION_OK"
129,10415583339,10415583384,1,"IOTHUB_CLIENT_CONFIRMATION_OK"
130,10415583539,10415583580,1,"IOTHUB_CLIENT_CONFIRMATION_OK"
131,10415583739,10415583773,1,"IOTHUB_CLIENT_CONFIRMATION_OK"
132,10415583939,10415583977,1,"IOTHUB_CLIENT_CONFIRMATION_OK"
133,10415584139,10415584202,1,"IOTHUB_CLIENT_CONFIRMATION_OK"
134,10415584339,10415584382,1,"IOTHUB_CLIENT_CONFIRMATION_OK"
135,10415584540,10415584586,1,"IOTHUB_CLIENT_CONFIRMATION_OK"
136,10415584740,10415584783,1,"IOTHUB_CLIENT_CONFIRMATION_OK"
137,10415584940,10415584986,1,"IOTHUB_CLIENT_CONFIRMATION_OK"
138,10415585140,10415585189,1,"IOTHUB_CLIENT_CONFIRMATION_OK"
139,10415585340,10415585402,1,"IOTHUB_CLIENT_CONFIRMATION_OK"
140,10415585540,10415585580,1,"IOTHUB_CLIENT_CONFIRMATION_OK"
141,10415585741,10415585782,1,"IOTHUB_CLIENT_CONFIRMATION_OK"
142,10415585941,10415585981,1,"IOTHUB_CLIENT_CONFIRMATION_OK"
143,10415586141,10415586194,1,"IOTHUB_CLIENT_CONFIRMATION_OK"
144,10415586341,10415586458,1,"IOTHUB_CLIENT_CONFIRMATION_OK"
145,10415586541,10415586575,1,"IOTHUB_CLIENT_CONFIRMATION_OK"
146,10415586741,10415586891,1,"IOTHUB_CLIENT_CONFIRMATION_OK"
147,10415586941,10415587036,1,"IOTHUB_CLIENT_CONFIRMATION_OK"
148,10415587142,10415587185,1,"IOTHUB_CLIENT_CONFIRMATION_OK"
149,10415587342,10415587529,1,"IOTHUB_CLIENT_CONFIRMATION_OK"
150,10415587542,10415587582,1,"IOTHUB_CLIENT_CONFIRMATION_OK"
151,10415587742,10415587785,1,"IOTHUB_CLIENT_CONFIRMATION_OK"
152,10415587942,10415587989,1,"IOTHUB_CLIENT_CONFIRMATION_OK"
153,10415588142,10415588186,1,"IOTHUB_CLIENT_CONFIRMATION_OK"
154,10415588343,10415588383,1,"IOTHUB_CLIENT_CONFIRMATION_OK"
155,10415588543,10415588590,1,"IOTHUB_CLIENT_CONFIRMATION_OK"
156,10415588743,10415588783,1,"IOTHUB_CLIENT_CONFIRMATION_OK"
157,10415588943,10415588979,1,"IOTHUB_CLIENT_CONFIRMATION_OK"
158,10415589143,10415589185,1,"IOTHUB_CLIENT_CONFIRMATION_OK"
159,10415589343,10415589458,1,"IOTHUB_CLIENT_CONFIRMATION_OK"
160,10415589543,10415589583,1,"IOTHUB_CLIENT_CONFIRMATION_OK"
161,10415589744,10415589788,1,"IOTHUB_CLIENT_CONFIRMATION_OK"
162,10415589944,10415589976,1,"IOTHUB_CLIENT_CONFIRMATION_OK"
163,10415590144,10415590224,1,"IOTHUB_CLIENT_CONFIRMATION_OK"
164,10415590344,10415590399,1,"IOTHUB_CLIENT_CONFIRMATION_OK"
165,10415590544,10415590583,1,"IOTHUB_CLIENT_CONFIRMATION_OK"
166,10415590744,10415590778,1,"IOTHUB_CLIENT_CONFIRMATION_OK"
167,10415590945,10415590982,1,"IOTHUB_CLIENT_CONFIRMATION_OK"
168,10415591145,10415591189,1,"IOTHUB_CLIENT_CONFIRMATION_OK"
169,10415591345,10415591385,1,"IOTHUB_CLIENT_CONFIRMATION_OK"
170,10415591545,10415591587,1,"IOTHUB_CLIENT_CONFIRMATION_OK"
171,10415591745,10415591781,1,"IOTHUB_CLIENT_CONFIRMATION_OK"
172,10415591945,10415591990,1,"IOTHUB_CLIENT_CONFIRMATION_OK"
173,10415592146,10415592188,1,"IOTHUB_CLIENT_CONFIRMATION_OK"
174,10415592346,10415592420,1,"IOTHUB_CLIENT_CONFIRMATION_OK"
175,10415592546,10415592595,1,"IOTHUB_CLIENT_CONFIRMATION_OK"
176,10415592746,10415592787,1,"IOTHUB_CLIENT_CONFIRMATION_OK"
177,10415592946,10415592984,1,"IOTHUB_CLIENT_CONFIRMATION_OK"
178,10415593146,10415593224,1,"IOTHUB_CLIENT_CONFIRMATION_OK"
179,10415593346,10415593387,1,"IOTHUB_CLIENT_CONFIRMATION_OK"
180,10415593547,10415593599,1,"IOTHUB_CLIENT_CONFIRMATION_OK"
181,10415593747,10415593796,1,"IOTHUB_CLIENT_CONFIRMATION_OK"
182,10415593947,10415593988,1,"IOTHUB_CLIENT_CONFIRMATION_OK"
183,10415594147,10415594190,1,"IOTHUB_CLIENT_CONFIRMATION_OK"
184,10415594347,10415594389,1,"IOTHUB_CLIENT_CONFIRMATION_OK"
185,10415594547,10415594590,1,"IOTHUB_CLIENT_CONFIRMATION_OK"
186,10415594747,10415594815,1,"IOTHUB_CLIENT_CONFIRMATION_OK"
187,10415594948,10415595007,1,"IOTHUB_CLIENT_CONFIRMATION_OK"
188,10415595148,10415595283,1,"IOTHUB_CLIENT_CONFIRMATION_OK"
189,10415595348,10415595387,1,"IOTHUB_CLIENT_CONFIRMATION_OK"
190,10415595548,10415595600,1,"IOTHUB_CLIENT_CONFIRMATION_OK"
191,10415595748,10415595877,1,"IOTHUB_CLIENT_CONFIRMATION_OK"
192,10415595948,10415596005,1,"IOTHUB_CLIENT_CONFIRMATION_OK"
193,10415596149,10415596215,1,"IOTHUB_CLIENT_CONFIRMATION_OK"
194,10415596349,10415596398,1,"IOTHUB_CLIENT_CONFIRMATION_OK"
195,10415596549,10415596584,1,"IOTHUB_CLIENT_CONFIRMATION_OK"
196,10415596749,10415596785,1,"IOTHUB_CLIENT_CONFIRMATION_OK"
197,10415596949,10415597031,1,"IOTHUB_CLIENT_CONFIRMATION_OK"
198,10415597149,10415597190,1,"IOTHUB_CLIENT_CONFIRMATION_OK"
199,10415597349,10415597401,1,"IOTHUB_CLIENT_CONFIRMATION_OK"
200,10415597550,10415597604,1,"IOTHUB_CLIENT_CONFIRMATION_OK"
201,10415597750,10415597795,1,"IOTHUB_CLIENT_CONFIRMATION_OK"
202,10415597950,10415597989,1,"IOTHUB_CLIENT_CONFIRMATION_OK"
203,10415598150,10415598185,1,"IOTHUB_CLIENT_CONFIRMATION_OK"
204,10415598350,10415598393,1,"IOTHUB_CLIENT_CONFIRMATION_OK"
205,10415598550,10415598584,1,"IOTHUB_CLIENT_CONFIRMATION_OK"
206,10415598750,10415598788,1,"IOTHUB_CLIENT_CONFIRMATION_OK"
207,10415598951,10415599006,1,"IOTHUB_CLIENT_CONFIRMATION_OK"
208,10415599151,10415599189,1,"IOTHUB_CLIENT_CONFIRMATION_OK"
209,10415599351,10415599387,1,"IOTHUB_CLIENT_CONFIRMATION_OK"
210,10415599551,10415599639,1,"IOTHUB_CLIENT_CONFIRMATION_OK"
211,10415599751,10415599800,1,"IOTHUB_CLIENT_CONFIRMATION_OK"
212,10415599951,10415600003,1,"IOTHUB_CLIENT_CONFIRMATION_OK"
213,10415600151,10415600189,1,"IOTHUB_CLIENT_CONFIRMATION_OK"
214,10415600352,10415600429,1,"IOTHUB_CLIENT_CONFIRMATION_OK"
215,10415600552,10415600598,1,"IOTHUB_CLIENT_CONFIRMATION_OK"
216,10415600752,10415600791,1,"IOTHUB_CLIENT_CONFIRMATION_OK"
217,10415600952,10415601035,1,"IOTHUB_CLIENT_CONFIRMATION_OK"
218,10415601152,10415601206,1,"IOTHUB_CLIENT_CONFIRMATION_OK"
219,10415601352,10415601395,1,"IOTHUB_CLIENT_CONFIRMATION_OK"
220,10415601553,10415601646,1,"IOTHUB_CLIENT_CONFIRMATION_OK"
221,10415601753,10415601791,1,"IOTHUB_CLIENT_CONFIRMATION_OK"
222,10415601953,10415602004,1,"IOTHUB_CLIENT_CONFIRMATION_OK"
223,10415602153,10415602197,1,"IOTHUB_CLIENT_CONFIRMATION_OK"
224,10415602353,10415602394,1,"IOTHUB_CLIENT_CONFIRMATION_OK"
225,10415602553,10415602597,1,"IOTHUB_CLIENT_CONFIRMATION_OK"
226,10415602753,10415602828,1,"IOTHUB_CLIENT_CONFIRMATION_OK"
227,10415602954,10415603014,1,"IOTHUB_CLIENT_CONFIRMATION_OK"
228,10415603154,10415603220,1,"IOTHUB_CLIENT_CONFIRMATION_OK"
229,10415603354,10415603420,1,"IOTHUB_CLIENT_CONFIRMATION_OK"
230,10415603554,10415603627,1,"IOTHUB_CLIENT_CONFIRMATION_OK"
231,10415603754,10415603805,1,"IOTHUB_CLIENT_CONFIRMATION_OK"
232,10415603954,10415604006,1,"IOTHUB_CLIENT_CONFIRMATION_OK"
233,10415604154,10415604226,1,"IOTHUB_CLIENT_CONFIRMATION_OK"
234,10415604355,10415604403,1,"IOTHUB_CLIENT_CONFIRMATION_OK"
235,10415604555,10415604598,1,"IOTHUB_CLIENT_CONFIRMATION_OK"
236,10415604755,10415604831,1,"IOTHUB_CLIENT_CONFIRMATION_OK"
237,10415604955,10415604997,1,"IOTHUB_CLIENT_CONFIRMATION_OK"
238,10415605155,10415605210,1,"IOTHUB_CLIENT_CONFIRMATION_OK"
239,10415605355,10415605409,1,"IOTHUB_CLIENT_CONFIRMATION_OK"
240,10415605555,10415605592,1,"IOTHUB_CLIENT_CONFIRMATION_OK"
241,10415605756,10415605799,1,"IOTHUB_CLIENT_CONFIRMATION_OK"
242,10415605956,10415605993,1,"IOTHUB_CLIENT_CONFIRMATION_OK"
243,10415606156,10415606201,1,"IOTHUB_CLIENT_CONFIRMATION_OK"
244,10415606356,10415606395,1,"IOTHUB_CLIENT_CONFIRMATION_OK"
245,10415606556,10415606635,1,"IOTHUB_CLIENT_CONFIRMATION_OK"
246,10415606756,10415606877,1,"IOTHUB_CLIENT_CONFIRMATION_OK"
247,10415606957,10415606994,1,"IOTHUB_CLIENT_CONFIRMATION_OK"
248,10415607157,10415607199,1,"IOTHUB_CLIENT_CONFIRMATION_OK"
249,10415607357,10415607483,1,"IOTHUB_CLIENT_CONFIRMATION_OK"
250,10415607557,10415607609,1,"IOTHUB_CLIENT_CONFIRMATION_OK"
251,10415607757,10415607809,1,"IOTHUB_CLIENT_CONFIRMATION_OK"
252,10415607957,10415608002,1,"IOTHUB_CLIENT_CONFIRMATION_OK"
253,10415608157,10415608208,1,"IOTHUB_CLIENT_CONFIRMATION_OK"
254,10415608358,10415608405,1,"IOTHUB_CLIENT_CONFIRMATION_OK"
255,10415608558,10415608598,1,"IOTHUB_CLIENT_CONFIRMATION_OK"
256,10415608758,10415608800,1,"IOTHUB_CLIENT_CONFIRMATION_OK"
257,10415608958,10415608997,1,"IOTHUB_CLIENT_CONFIRMATION_OK"
258,10415609158,10415609197,1,"IOTHUB_CLIENT_CONFIRMATION_OK"
259,10415609358,10415609400,1,"IOTHUB_CLIENT_CONFIRMATION_OK"
260,10415609558,10415609599,1,"IOTHUB_CLIENT_CONFIRMATION_OK"
261,10415609759,10415609796,1,"IOTHUB_CLIENT_CONFIRMATION_OK"
262,10415609959,10415610133,1,"IOTHUB_CLIENT_CONFIRMATION_OK"
263,10415610159,10415610206,1,"IOTHUB_CLIENT_CONFIRMATION_OK"
264,10415610359,10415610402,1,"IOTHUB_CLIENT_CONFIRMATION_OK"
265,10415610559,10415610616,1,"IOTHUB_CLIENT_CONFIRMATION_OK"
266,10415610759,10415610834,1,"IOTHUB_CLIENT_CONFIRMATION_OK"
267,10415610959,10415611003,1,"IOTHUB_CLIENT_CONFIRMATION_OK"
268,10415611160,10415611196,1,"IOTHUB_CLIENT_CONFIRMATION_OK"
269,10415611360,10415611399,1,"IOTHUB_CLIENT_CONFIRMATION_OK"
270,10415611560,10415611610,1,"IOTHUB_CLIENT_CONFIRMATION_OK"
271,10415611760,10415612129,1,"IOTHUB_CLIENT_CONFIRMATION_OK"
272,10415611960,10415612156,1,"IOTHUB_CLIENT_CONFIRMATION_OK"
273,10415612160,10415612212,1,"IOTHUB_CLIENT_CONFIRMATION_OK"
274,10415612361,10415612439,1,"IOTHUB_CLIENT_CONFIRMATION_OK"
275,10415612561,10415612732,1,"IOTHUB_CLIENT_CONFIRMATION_OK"
276,10415612761,10415612796,1,"IOTHUB_CLIENT_CONFIRMATION_OK"
277,10415612961,10415613003,1,"IOTHUB_CLIENT_CONFIRMATION_OK"
278,10415613161,10415613302,1,"IOTHUB_CLIENT_CONFIRMATION_OK"
279,10415613361,10415613404,1,"IOTHUB_CLIENT_CONFIRMATION_OK"
280,10415613561,10415613614,1,"IOTHUB_CLIENT_CONFIRMATION_OK"
281,10415613762,10415613844,1,"IOTHUB_CLIENT_CONFIRMATION_OK"
282,10415613962,10415614006,1,"IOTHUB_CLIENT_CONFIRMATION_OK"
283,10415614162,10415614201,1,"IOTHUB_CLIENT_CONFIRMATION_OK"
284,10415614362,10415614407,1,"IOTHUB_CLIENT_CONFIRMATION_OK"
285,10415614562,10415614624,1,"IOTHUB_CLIENT_CONFIRMATION_OK"
286,10415614762,10415614802,1,"IOTHUB_CLIENT_CONFIRMATION_OK"
287,10415614963,10415615014,1,"IOTHUB_CLIENT_CONFIRMATION_OK"
288,10415615163,10415615309,1,"IOTHUB_CLIENT_CONFIRMATION_OK"
289,10415615363,10415615416,1,"IOTHUB_CLIENT_CONFIRMATION_OK"
290,10415615563,10415615603,1,"IOTHUB_CLIENT_CONFIRMATION_OK"
291,10415615763,10415615821,1,"IOTHUB_CLIENT_CONFIRMATION_OK"
292,10415615963,10415616003,1,"IOTHUB_CLIENT_CONFIRMATION_OK"
293,10415616163,10415616211,1,"IOTHUB_CLIENT_CONFIRMATION_OK"
294,10415616364,10415616408,1,"IOTHUB_CLIENT_CONFIRMATION_OK"
295,10415616564,10415616607,1,"IOTHUB_CLIENT_CONFIRMATION_OK"
296,10415616764,10415616809,1,"IOTHUB_CLIENT_CONFIRMATION_OK"
297,10415616964,10415617011,1,"IOTHUB_CLIENT_CONFIRMATION_OK"
298,10415617164,10415617213,1,"IOTHUB_CLIENT_CONFIRMATION_OK"
299,10415617364,10415617408,1,"IOTHUB_CLIENT_CONFIRMATION_OK"
300,10415617564,10415617605,1,"IOTHUB_CLIENT_CONFIRMATION_OK"
301,10415617765,10415617841,1,"IOTHUB_CLIENT_CONFIRMATION_OK"
302,10415617965,10415618008,1,"IOTHUB_CLIENT_CONFIRMATION_OK"
303,10415618165,10415618202,1,"IOTHUB_CLIENT_CONFIRMATION_OK"
304,10415618365,10415618441,1,"IOTHUB_CLIENT_CONFIRMATION_OK"
305,10415618565,10415618628,1,"IOTHUB_CLIENT_CONFIRMATION_OK"
306,10415618765,10415618807,1,"IOTHUB_CLIENT_CONFIRMATION_OK"
307,10415618966,10415619021,1,"IOTHUB_CLIENT_CONFIRMATION_OK"
308,10415619166,10415619217,1,"IOTHUB_CLIENT_CONFIRMATION_OK"
309,10415619366,10415619413,1,"IOTHUB_CLIENT_CONFIRMATION_OK"
310,10415619566,10415619607,1,"IOTHUB_CLIENT_CONFIRMATION_OK"
311,10415619766,10415619844,1,"IOTHUB_CLIENT_CONFIRMATION_OK"
312,10415619966,10415620003,1,"IOTHUB_CLIENT_CONFIRMATION_OK"
313,10415620167,10415620199,1,"IOTHUB_CLIENT_CONFIRMATION_OK"
314,10415620367,10415620457,1,"IOTHUB_CLIENT_CONFIRMATION_OK"
315,10415620567,10415620617,1,"IOTHUB_CLIENT_CONFIRMATION_OK"
316,10415620767,10415620810,1,"IOTHUB_CLIENT_CONFIRMATION_OK"
317,10415620967,10415621081,1,"IOTHUB_CLIENT_CONFIRMATION_OK"
318,10415621167,10415621214,1,"IOTHUB_CLIENT_CONFIRMATION_OK"
319,10415621368,10415621433,1,"IOTHUB_CLIENT_CONFIRMATION_OK"
320,10415621568,10415621678,1,"IOTHUB_CLIENT_CONFIRMATION_OK"
321,10415621768,10415621808,1,"IOTHUB_CLIENT_CONFIRMATION_OK"
322,10415621968,10415622034,1,"IOTHUB_CLIENT_CONFIRMATION_OK"
323,10415622168,10415622208,1,"IOTHUB_CLIENT_CONFIRMATION_OK"
324,10415622368,10415622458,1,"IOTHUB_CLIENT_CONFIRMATION_OK"
325,10415622569,10415622617,1,"IOTHUB_CLIENT_CONFIRMATION_OK"
326,10415622769,10415622815,1,"IOTHUB_CLIENT_CONFIRMATION_OK"
327,10415622969,10415623002,1,"IOTHUB_CLIENT_CONFIRMATION_OK"
328,10415623169,10415623205,1,"IOTHUB_CLIENT_CONFIRMATION_OK"
329,10415623369,10415623431,1,"IOTHUB_CLIENT_CONFIRMATION_OK"
330,10415623569,10415623609,1,"IOTHUB_CLIENT_CONFIRMATION_OK"
331,10415623769,10415623804,1,"IOTHUB_CLIENT_CONFIRMATION_OK"
332,10415623970,10415624005,1,"IOTHUB_CLIENT_CONFIRMATION_OK"
333,10415624170,10415624365,1,"IOTHUB_CLIENT_CONFIRMATION_OK"
334,10415624370,10415624413,1,"IOTHUB_CLIENT_CONFIRMATION_OK"
335,10415624570,10415624613,1,"IOTHUB_CLIENT_CONFIRMATION_OK"
336,10415624770,10415624960,1,"IOTHUB_CLIENT_CONFIRMATION_OK"
337,10415624970,10415625012,1,"IOTHUB_CLIENT_CONFIRMATION_OK"
338,10415625170,10415625205,1,"IOTHUB_CLIENT_CONFIRMATION_OK"
339,10415625371,10415625416,1,"IOTHUB_CLIENT_CONFIRMATION_OK"
340,10415625571,10415625660,1,"IOTHUB_CLIENT_CONFIRMATION_OK"
341,10415625771,10415625830,1,"IOTHUB_CLIENT_CONFIRMATION_OK"
342,10415625971,10415626007,1,"IOTHUB_CLIENT_CONFIRMATION_OK"
343,10415626171,10415626209,1,"IOTHUB_CLIENT_CONFIRMATION_OK"
344,10415626371,10415626416,1,"IOTHUB_CLIENT_CONFIRMATION_OK"
345,10415626572,10415626613,1,"IOTHUB_CLIENT_CONFIRMATION_OK"
346,10415626772,10415626818,1,"IOTHUB_CLIENT_CONFIRMATION_OK"
347,10415626972,10415627103,1,"IOTHUB_CLIENT_CONFIRMATION_OK"
348,10415627172,10415627210,1,"IOTHUB_CLIENT_CONFIRMATION_OK"
349,10415627372,10415627413,1,"IOTHUB_CLIENT_CONFIRMATION_OK"
350,10415627572,10415627616,1,"IOTHUB_CLIENT_CONFIRMATION_OK"
351,10415627772,10415627811,1,"IOTHUB_CLIENT_CONFIRMATION_OK"
352,10415627973,10415628021,1,"IOTHUB_CLIENT_CONFIRMATION_OK"
353,10415628173,10415628319,1,"IOTHUB_CLIENT_CONFIRMATION_OK"
354,10415628373,10415628414,1,"IOTHUB_CLIENT_CONFIRMATION_OK"
355,10415628573,10415628610,1,"IOTHUB_CLIENT_CONFIRMATION_OK"
356,10415628773,10415628829,1,"IOTHUB_CLIENT_CONFIRMATION_OK"
357,10415628973,10415629020,1,"IOTHUB_CLIENT_CONFIRMATION_OK"
358,10415629174,10415629217,1,"IOTHUB_CLIENT_CONFIRMATION_OK"
359,10415629374,10415629418,1,"IOTHUB_CLIENT_CONFIRMATION_OK"
360,10415629574,10415629625,1,"IOTHUB_CLIENT_CONFIRMATION_OK"
361,10415629774,10415629811,1,"IOTHUB_CLIENT_CONFIRMATION_OK"
362,10415629974,10415630137,1,"IOTHUB_CLIENT_CONFIRMATION_OK"
363,10415630174,10415630213,1,"IOTHUB_CLIENT_CONFIRMATION_OK"
364,10415630374,10415630415,1,"IOTHUB_CLIENT_CONFIRMATION_OK"
365,10415630575,10415630616,1,"IOTHUB_CLIENT_CONFIRMATION_OK"
366,10415630775,10415630864,1,"IOTHUB_CLIENT_CONFIRMATION_OK"
367,10415630975,10415631018,1,"IOTHUB_CLIENT_CONFIRMATION_OK"
368,10415631175,10415631223,1,"IOTHUB_CLIENT_CONFIRMATION_OK"
369,10415631375,10415631458,1,"IOTHUB_CLIENT_CONFIRMATION_OK"
370,10415631575,10415631625,1,"IOTHUB_CLIENT_CONFIRMATION_OK"
371,10415631776,10415631815,1,"IOTHUB_CLIENT_CONFIRMATION_OK"
372,10415631976,10415632012,1,"IOTHUB_CLIENT_CONFIRMATION_OK"
373,10415632176,10415632261,1,"IOTHUB_CLIENT_CONFIRMATION_OK"
374,10415632376,10415632451,1,"IOTHUB_CLIENT_CONFIRMATION_OK"
375,10415632576,10415632620,1,"IOTHUB_CLIENT_CONFIRMATION_OK"
376,10415632776,10415632818,1,"IOTHUB_CLIENT_CONFIRMATION_OK"
377,10415632976,10415633017,1,"IOTHUB_CLIENT_CONFIRMATION_OK"
378,10415633177,10415633392,1,"IOTHUB_CLIENT_CONFIRMATION_OK"
379,10415633377,10415633417,1,"IOTHUB_CLIENT_CONFIRMATION_OK"
380,10415633577,10415633624,1,"IOTHUB_CLIENT_CONFIRMATION_OK"
381,10415633777,10415633818,1,"IOTHUB_CLIENT_CONFIRMATION_OK"
382,10415633977,10415634030,1,"IOTHUB_CLIENT_CONFIRMATION_OK"
383,10415634177,10415634211,1,"IOTHUB_CLIENT_CONFIRMATION_OK"
384,10415634378,10415634422,1,"IOTHUB_CLIENT_CONFIRMATION_OK"
385,10415634578,10415634671,1,"IOTHUB_CLIENT_CONFIRMATION_OK"
386,10415634778,10415634817,1,"IOTHUB_CLIENT_CONFIRMATION_OK"
387,10415634978,10415635061,1,"IOTHUB_CLIENT_CONFIRMATION_OK"
388,10415635178,10415635256,1,"IOTHUB_CLIENT_CONFIRMATION_OK"
389,10415635378,10415635421,1,"IOTHUB_CLIENT_CONFIRMATION_OK"
390,10415635578,10415635621,1,"IOTHUB_CLIENT_CONFIRMATION_OK"
391,10415635779,10415635932,1,"IOTHUB_CLIENT_CONFIRMATION_OK"
392,10415635979,10415636018,1,"IOTHUB_CLIENT_CONFIRMATION_OK"
393,10415636179,10415636215,1,"IOTHUB_CLIENT_CONFIRMATION_OK"
394,10415636379,10415636421,1,"IOTHUB_CLIENT_CONFIRMATION_OK"
395,10415636579,10415636699,1,"IOTHUB_CLIENT_CONFIRMATION_OK"
396,10415636779,10415636831,1,"IOTHUB_CLIENT_CONFIRMATION_OK"
397,10415636980,10415637016,1,"IOTHUB_CLIENT_CONFIRMATION_OK"
398,10415637180,10415637238,1,"IOTHUB_CLIENT_CONFIRMATION_OK"
399,10415637380,10415637423,1,"IOTHUB_CLIENT_CONFIRMATION_OK"
400,10415637580,10415637632,1,"IOTHUB_CLIENT_CONFIRMATION_OK"
401,10415637780,10415637816,1,"IOTHUB_CLIENT_CONFIRMATION_OK"
402,10415637980,10415638079,1,"IOTHUB_CLIENT_CONFIRMATION_OK"
403,10415638180,10415638223,1,"IOTHUB_CLIENT_CONFIRMATION_OK"
404,10415638381,10415638420,1,"IOTHUB_CLIENT_CONFIRMATION_OK"
405,10415638581,10415638624,1,"IOTHUB_CLIENT_CONFIRMATION_OK"
406,10415638781,10415638824,1,"IOTHUB_CLIENT_CONFIRMATION_OK"
407,10415638981,10415639150,1,"IOTHUB_CLIENT_CONFIRMATION_OK"
408,10415639181,10415639237,1,"IOTHUB_CLIENT_CONFIRMATION_OK"
409,10415639381,10415639421,1,"IOTHUB_CLIENT_CONFIRMATION_OK"
410,10415639582,10415639623,1,"IOTHUB_CLIENT_CONFIRMATION_OK"
411,10415639782,10415639874,1,"IOTHUB_CLIENT_CONFIRMATION_OK"
412,10415639982,10415640032,1,"IOTHUB_CLIENT_CONFIRMATION_OK"
413,10415640182,10415640229,1,"IOTHUB_CLIENT_CONFIRMATION_OK"
414,10415640382,10415640426,1,"IOTHUB_CLIENT_CONFIRMATION_OK"
415,10415640582,10415640620,1,"IOTHUB_CLIENT_CONFIRMATION_OK"
416,10415640782,10415640822,1,"IOTHUB_CLIENT_CONFIRMATION_OK"
417,10415640983,10415641033,1,"IOTHUB_CLIENT_CONFIRMATION_OK"
418,10415641183,10415641221,1,"IOTHUB_CLIENT_CONFIRMATION_OK"
419,10415641383,10415641429,1,"IOTHUB_CLIENT_CONFIRMATION_OK"
420,10415641583,10415641626,1,"IOTHUB_CLIENT_CONFIRMATION_OK"
421,10415641783,10415641828,1,"IOTHUB_CLIENT_CONFIRMATION_OK"
422,10415641983,10415642032,1,"IOTHUB_CLIENT_CONFIRMATION_OK"
423,10415642184,10415642226,1,"IOTHUB_CLIENT_CONFIRMATION_OK"
424,10415642384,10415642422,1,"IOTHUB_CLIENT_CONFIRMATION_OK"
425,10415642584,10415642630,1,"IOTHUB_CLIENT_CONFIRMATION_OK"
426,10415642784,10415642820,1,"IOTHUB_CLIENT_CONFIRMATION_OK"
427,10415642984,10415643053,1,"IOTHUB_CLIENT_CONFIRMATION_OK"
428,10415643184,10415643225,1,"IOTHUB_CLIENT_CONFIRMATION_OK"
429,10415643384,10415643440,1,"IOTHUB_CLIENT_CONFIRMATION_OK"
430,10415643585,10415643681,1,"IOTHUB_CLIENT_CONFIRMATION_OK"
431,10415643785,10415643823,1,"IOTHUB_CLIENT_CONFIRMATION_OK"
432,10415643985,10415644019,1,"IOTHUB_CLIENT_CONFIRMATION_OK"
433,10415644185,10415644306,1,"IOTHUB_CLIENT_CONFIRMATION_OK"
434,10415644385,10415644436,1,"IOTHUB_CLIENT_CONFIRMATION_OK"
435,10415644585,10415644622,1,"IOTHUB_CLIENT_CONFIRMATION_OK"
436,10415644786,10415644919,1,"IOTHUB_CLIENT_CONFIRMATION_OK"
437,10415644986,10415645033,1,"IOTHUB_CLIENT_CONFIRMATION_OK"
438,10415645186,10415645225,1,"IOTHUB_CLIENT_CONFIRMATION_OK"
439,10415645386,10415645495,1,"IOTHUB_CLIENT_CONFIRMATION_OK"
440,10415645586,10415645622,1,"IOTHUB_CLIENT_CONFIRMATION_OK"
441,10415645786,10415645824,1,"IOTHUB_CLIENT_CONFIRMATION_OK"
442,10415645986,10415646024,1,"IOTHUB_CLIENT_CONFIRMATION_OK"
443,10415646187,10415646229,1,"IOTHUB_CLIENT_CONFIRMATION_OK"
444,10415646387,10415646429,1,"IOTHUB_CLIENT_CONFIRMATION_OK"
445,10415646587,10415646647,1,"IOTHUB_CLIENT_CONFIRMATION_OK"
446,10415646787,10415646843,1,"IOTHUB_CLIENT_CONFIRMATION_OK"
447,10415646987,10415647037,1,"IOTHUB_CLIENT_CONFIRMATION_OK"
448,10415647187,10415647227,1,"IOTHUB_CLIENT_CONFIRMATION_OK"
449,10415647387,10415647654,1,"IOTHUB_CLIENT_CONFIRMATION_OK"
450,10415647588,10415647716,1,"IOTHUB_CLIENT_CONFIRMATION_OK"
451,10415647788,10415647835,1,"IOTHUB_CLIENT_CONFIRMATION_OK"
452,10415647988,10415648050,1,"IOTHUB_CLIENT_CONFIRMATION_OK"
453,10415648188,10415648238,1,"IOTHUB_CLIENT_CONFIRMATION_OK"
454,10415648388,10415648437,1,"IOTHUB_CLIENT_CONFIRMATION_OK"
455,10415648588,10415648682,1,"IOTHUB_CLIENT_CONFIRMATION_OK"
456,10415648789,10415648902,1,"IOTHUB_CLIENT_CONFIRMATION_OK"
457,10415648989,10415649026,1,"IOTHUB_CLIENT_CONFIRMATION_OK"
458,10415649189,10415649228,1,"IOTHUB_CLIENT_CONFIRMATION_OK"
459,10415649389,10415649493,1,"IOTHUB_CLIENT_CONFIRMATION_OK"
460,10415649589,10415649632,1,"IOTHUB_CLIENT_CONFIRMATION_OK"
461,10415649789,10415649832,1,"IOTHUB_CLIENT_CONFIRMATION_OK"
462,10415649989,10415650117,1,"IOTHUB_CLIENT_CONFIRMATION_OK"
463,10415650190,10415650237,1,"IOTHUB_CLIENT_CONFIRMATION_OK"
464,10415650390,10415650425,1,"IOTHUB_CLIENT_CONFIRMATION_OK"
465,10415650590,10415650628,1,"IOTHUB_CLIENT_CONFIRMATION_OK"
466,10415650790,10415650841,1,"IOTHUB_CLIENT_CONFIRMATION_OK"
467,10415650990,10415651050,1,"IOTHUB_CLIENT_CONFIRMATION_OK"
468,10415651190,10415651228,1,"IOTHUB_CLIENT_CONFIRMATION_OK"
469,10415651391,10415651433,1,"IOTHUB_CLIENT_CONFIRMATION_OK"
470,10415651591,10415651635,1,"IOTHUB_CLIENT_CONFIRMATION_OK"
471,10415651791,10415651828,1,"IOTHUB_CLIENT_CONFIRMATION_OK"
472,10415651991,10415652034,1,"IOTHUB_CLIENT_CONFIRMATION_OK"
473,10415652191,10415652232,1,"IOTHUB_CLIENT_CONFIRMATION_OK"
474,10415652391,10415652435,1,"IOTHUB_CLIENT_CONFIRMATION_OK"
475,10415652591,10415652636,1,"IOTHUB_CLIENT_CONFIRMATION_OK"
476,10415652792,10415652862,1,"IOTHUB_CLIENT_CONFIRMATION_OK"
477,10415652992,10415653068,1,"IOTHUB_CLIENT_CONFIRMATION_OK"
478,10415653192,10415653240,1,"IOTHUB_CLIENT_CONFIRMATION_OK"
479,10415653392,10415653432,1,"IOTHUB_CLIENT_CONFIRMATION_OK"
480,10415653592,10415653630,1,"IOTHUB_CLIENT_CONFIRMATION_OK"
481,10415653792,10415653835,1,"IOTHUB_CLIENT_CONFIRMATION_OK"
482,10415653993,10415654048,1,"IOTHUB_CLIENT_CONFIRMATION_OK"
483,10415654193,10415654232,1,"IOTHUB_CLIENT_CONFIRMATION_OK"
484,10415654393,10415654494,1,"IOTHUB_CLIENT_CONFIRMATION_OK"
485,10415654593,10415654686,1,"IOTHUB_CLIENT_CONFIRMATION_OK"
486,10415654793,10415654836,1,"IOTHUB_CLIENT_CONFIRMATION_OK"
487,10415654993,10415655038,1,"IOTHUB_CLIENT_CONFIRMATION_OK"
488,10415655193,10415655299,1,"IOTHUB_CLIENT_CONFIRMATION_OK"
489,10415655394,10415655435,1,"IOTHUB_CLIENT_CONFIRMATION_OK"
490,10415655594,10415655645,1,"IOTHUB_CLIENT_CONFIRMATION_OK"
491,10415655794,10415655921,1,"IOTHUB_CLIENT_CONFIRMATION_OK"
492,10415655994,10415656036,1,"IOTHUB_CLIENT_CONFIRMATION_OK"
493,10415656194,10415656233,1,"IOTHUB_CLIENT_CONFIRMATION_OK"
494,10415656394,10415656514,1,"IOTHUB_CLIENT_CONFIRMATION_OK"
495,10415656595,10415656659,1,"IOTHUB_CLIENT_CONFIRMATION_OK"
496,10415656795,10415656839,1,"IOTHUB_CLIENT_CONFIRMATION_OK"
497,10415656995,10415657088,1,"IOTHUB_CLIENT_CONFIRMATION_OK"
498,10415657195,10415657237,1,"IOTHUB_CLIENT_CONFIRMATION_OK"
499,10415657395,10415657528,1,"IOTHUB_CLIENT_CONFIRMATION_OK"
500,10415657595,10415657641,1,"IOTHUB_CLIENT_CONFIRMATION_OK"
501,10415657795,10415657835,1,"IOTHUB_CLIENT_CONFIRMATION_OK"
502,10415657996,10415658042,1,"IOTHUB_CLIENT_CONFIRMATION_OK"
503,10415658196,10415658231,1,"IOTHUB_CLIENT_CONFIRMATION_OK"
504,10415658396,10415658558,1,"IOTHUB_CLIENT_CONFIRMATION_OK"
505,10415658596,10415658643,1,"IOTHUB_CLIENT_CONFIRMATION_OK"
506,10415658796,10415658847,1,"IOTHUB_CLIENT_CONFIRMATION_OK"
507,10415658996,10415659255,1,"IOTHUB_CLIENT_CONFIRMATION_OK"
508,10415659197,10415659285,1,"IOTHUB_CLIENT_CONFIRMATION_OK"
509,10415659397,10415659435,1,"IOTHUB_CLIENT_CONFIRMATION_OK"
510,10415659597,10415659655,1,"IOTHUB_CLIENT_CONFIRMATION_OK"
511,10415659797,10415659840,1,"IOTHUB_CLIENT_CONFIRMATION_OK"
512,10415659997,10415660042,1,"IOTHUB_CLIENT_CONFIRMATION_OK"
513,10415660197,10415660279,1,"IOTHUB_CLIENT_CONFIRMATION_OK"
514,10415660398,10415660448,1,"IOTHUB_CLIENT_CONFIRMATION_OK"
515,10415660598,10415660641,1,"IOTHUB_CLIENT_CONFIRMATION_OK"
516,10415660798,10415660844,1,"IOTHUB_CLIENT_CONFIRMATION_OK"
517,10415660998,10415661057,1,"IOTHUB_CLIENT_CONFIRMATION_OK"
518,10415661198,10415661247,1,"IOTHUB_CLIENT_CONFIRMATION_OK"
519,10415661398,10415661455,1,"IOTHUB_CLIENT_CONFIRMATION_OK"
520,10415661599,10415661677,1,"IOTHUB_CLIENT_CONFIRMATION_OK"
521,10415661799,10415661837,1,"IOTHUB_CLIENT_CONFIRMATION_OK"
522,10415661999,10415662038,1,"IOTHUB_CLIENT_CONFIRMATION_OK"
523,10415662199,10415662240,1,"IOTHUB_CLIENT_CONFIRMATION_OK"
524,10415662399,10415662444,1,"IOTHUB_CLIENT_CONFIRMATION_OK"
525,10415662599,10415662641,1,"IOTHUB_CLIENT_CONFIRMATION_OK"
526,10415662799,10415662853,1,"IOTHUB_CLIENT_CONFIRMATION_OK"
527,10415663000,10415663070,1,"IOTHUB_CLIENT_CONFIRMATION_OK"
528,10415663200,10415663377,1,"IOTHUB_CLIENT_CONFIRMATION_OK"
529,10415663400,10415663439,1,"IOTHUB_CLIENT_CONFIRMATION_OK"
530,10415663600,10415663744,1,"IOTHUB_CLIENT_CONFIRMATION_OK"
531,10415663800,10415663870,1,"IOTHUB_CLIENT_CONFIRMATION_OK"
532,10415664000,10415664045,1,"IOTHUB_CLIENT_CONFIRMATION_OK"
533,10415664200,10415664360,1,"IOTHUB_CLIENT_CONFIRMATION_OK"
534,10415664401,10415664440,1,"IOTHUB_CLIENT_CONFIRMATION_OK"
535,10415664601,10415664650,1,"IOTHUB_CLIENT_CONFIRMATION_OK"
536,10415664801,10415664943,1,"IOTHUB_CLIENT_CONFIRMATION_OK"
537,10415665001,10415665048,1,"IOTHUB_CLIENT_CONFIRMATION_OK"
538,10415665201,10415665241,1,"IOTHUB_CLIENT_CONFIRMATION_OK"
539,10415665401,10415665561,1,"IOTHUB_CLIENT_CONFIRMATION_OK"
540,10415665601,10415665650,1,"IOTHUB_CLIENT_CONFIRMATION_OK"
541,10415665802,10415665839,1,"IOTHUB_CLIENT_CONFIRMATION_OK"
542,10415666002,10415666046,1,"IOTHUB_CLIENT_CONFIRMATION_OK"
543,10415666202,10415666240,1,"IOTHUB_CLIENT_CONFIRMATION_OK"
544,10415666402,10415666453,1,"IOTHUB_CLIENT_CONFIRMATION_OK"
545,10415666602,10415666646,1,"IOTHUB_CLIENT_CONFIRMATION_OK"
546,10415666802,10415666844,1,"IOTHUB_CLIENT_CONFIRMATION_OK"
547,10415667003,10415667052,1,"IOTHUB_CLIENT_CONFIRMATION_OK"
548,10415667203,10415667279,1,"IOTHUB_CLIENT_CONFIRMATION_OK"
549,10415667403,10415667444,1,"IOTHUB_CLIENT_CONFIRMATION_OK"
550,10415667603,10415667638,1,"IOTHUB_CLIENT_CONFIRMATION_OK"
551,10415667803,10415667848,1,"IOTHUB_CLIENT_CONFIRMATION_OK"
552,10415668003,10415668047,1,"IOTHUB_CLIENT_CONFIRMATION_OK"
553,10415668203,10415668290,1,"IOTHUB_CLIENT_CONFIRMATION_OK"
554,10415668404,10415668439,1,"IOTHUB_CLIENT_CONFIRMATION_OK"
555,10415668604,10415668646,1,"IOTHUB_CLIENT_CONFIRMATION_OK"
556,10415668804,10415668869,1,"IOTHUB_CLIENT_CONFIRMATION_OK"
557,10415669004,10415669041,1,"IOTHUB_CLIENT_CONFIRMATION_OK"
558,10415669204,10415669247,1,"IOTHUB_CLIENT_CONFIRMATION_OK"
559,10415669404,10415669486,1,"IOTHUB_CLIENT_CONFIRMATION_OK"
560,10415669604,10415669679,1,"IOTHUB_CLIENT_CONFIRMATION_OK"
561,10415669805,10415669842,1,"IOTHUB_CLIENT_CONFIRMATION_OK"
562,10415670005,10415670124,1,"IOTHUB_CLIENT_CONFIRMATION_OK"
563,10415670205,10415670244,1,"IOTHUB_CLIENT_CONFIRMATION_OK"
564,10415670405,10415670445,1,"IOTHUB_CLIENT_CONFIRMATION_OK"
565,10415670605,10415670658,1,"IOTHUB_CLIENT_CONFIRMATION_OK"
566,10415670805,10415670852,1,"IOTHUB_CLIENT_CONFIRMATION_OK"
567,10415671005,10415671086,1,"IOTHUB_CLIENT_CONFIRMATION_OK"
568,10415671206,10415671264,1,"IOTHUB_CLIENT_CONFIRMATION_OK"
569,10415671406,10415671521,1,"IOTHUB_CLIENT_CONFIRMATION_OK"
570,10415671606,10415671649,1,"IOTHUB_CLIENT_CONFIRMATION_OK"
571,10415671806,10415671852,1,"IOTHUB_CLIENT_CONFIRMATION_OK"
572,10415672006,10415672125,1,"IOTHUB_CLIENT_CONFIRMATION_OK"
573,10415672206,10415672243,1,"IOTHUB_CLIENT_CONFIRMATION_OK"
574,10415672407,10415672447,1,"IOTHUB_CLIENT_CONFIRMATION_OK"
575,10415672607,10415672731,1,"IOTHUB_CLIENT_CONFIRMATION_OK"
576,10415672807,10415672852,1,"IOTHUB_CLIENT_CONFIRMATION_OK"
577,10415673007,10415673056,1,"IOTHUB_CLIENT_CONFIRMATION_OK"
578,10415673207,10415673335,1,"IOTHUB_CLIENT_CONFIRMATION_OK"
579,10415673407,10415673449,1,"IOTHUB_CLIENT_CONFIRMATION_OK"
580,10415673607,10415673660,1,"IOTHUB_CLIENT_CONFIRMATION_OK"
581,10415673808,10415673857,1,"IOTHUB_CLIENT_CONFIRMATION_OK"
582,10415674008,10415674054,1,"IOTHUB_CLIENT_CONFIRMATION_OK"
583,10415674208,10415674314,1,"IOTHUB_CLIENT_CONFIRMATION_OK"
584,10415674408,10415674450,1,"IOTHUB_CLIENT_CONFIRMATION_OK"
585,10415674608,10415674645,1,"IOTHUB_CLIENT_CONFIRMATION_OK"
586,10415674808,10415674861,1,"IOTHUB_CLIENT_CONFIRMATION_OK"
587,10415675008,10415675067,1,"IOTHUB_CLIENT_CONFIRMATION_OK"
588,10415675209,10415675242,1,"IOTHUB_CLIENT_CONFIRMATION_OK"
589,10415675409,10415675497,1,"IOTHUB_CLIENT_CONFIRMATION_OK"
590,10415675609,10415675649,1,"IOTHUB_CLIENT_CONFIRMATION_OK"
591,10415675809,10415675999,1,"IOTHUB_CLIENT_CONFIRMATION_OK"
592,10415676009,10415676044,1,"IOTHUB_CLIENT_CONFIRMATION_OK"
593,10415676209,10415676260,1,"IOTHUB_CLIENT_CONFIRMATION_OK"
594,10415676410,10415676446,1,"IOTHUB_CLIENT_CONFIRMATION_OK"
595,10415676610,10415676647,1,"IOTHUB_CLIENT_CONFIRMATION_OK"
596,10415676810,10415676849,1,"IOTHUB_CLIENT_CONFIRMATION_OK"
597,10415677010,10415677050,1,"IOTHUB_CLIENT_CONFIRMATION_OK"
598,10415677210,10415677250,1,"IOTHUB_CLIENT_CONFIRMATION_OK"
599,10415677410,10415677458,1,"IOTHUB_CLIENT_CONFIRMATION_OK"
600,10415677610,10415677667,1,"IOTHUB_CLIENT_CONFIRMATION_OK"
601,10415677811,10415677863,1,"IOTHUB_CLIENT_CONFIRMATION_OK"
602,10415678011,10415678054,1,"IOTHUB_CLIENT_CONFIRMATION_OK"
603,10415678211,10415678264,1,"IOTHUB_CLIENT_CONFIRMATION_OK"
604,10415678411,10415678473,1,"IOTHUB_CLIENT_CONFIRMATION_OK"
605,10415678611,10415678669,1,"IOTHUB_CLIENT_CONFIRMATION_OK"
606,10415678811,10415678854,1,"IOTHUB_CLIENT_CONFIRMATION_OK"
607,10415679012,10415679094,1,"IOTHUB_CLIENT_CONFIRMATION_OK"
608,10415679212,10415679258,1,"IOTHUB_CLIENT_CONFIRMATION_OK"
609,10415679412,10415679455,1,"IOTHUB_CLIENT_CONFIRMATION_OK"
610,10415679612,10415679670,1,"IOTHUB_CLIENT_CONFIRMATION_OK"
611,10415679812,10415679852,1,"IOTHUB_CLIENT_CONFIRMATION_OK"
612,10415680012,10415680067,1,"IOTHUB_CLIENT_CONFIRMATION_OK"
613,10415680212,10415680253,1,"IOTHUB_CLIENT_CONFIRMATION_OK"
614,10415680413,10415680455,1,"IOTHUB_CLIENT_CONFIRMATION_OK"
615,10415680613,10415680650,1,"IOTHUB_CLIENT_CONFIRMATION_OK"
616,10415680813,10415680855,1,"IOTHUB_CLIENT_CONFIRMATION_OK"
617,10415681013,10415681145,1,"IOTHUB_CLIENT_CONFIRMATION_OK"
618,10415681213,10415681288,1,"IOTHUB_CLIENT_CONFIRMATION_OK"
619,10415681413,10415681515,1,"IOTHUB_CLIENT_CONFIRMATION_OK"
620,10415681614,10415681771,1,"IOTHUB_CLIENT_CONFIRMATION_OK"
621,10415681814,10415681860,1,"IOTHUB_CLIENT_CONFIRMATION_OK"
622,10415682014,10415682051,1,"IOTHUB_CLIENT_CONFIRMATION_OK"
623,10415682214,10415682327,1,"IOTHUB_CLIENT_CONFIRMATION_OK"
624,10415682414,10415682457,1,"IOTHUB_CLIENT_CONFIRMATION_OK"
625,10415682614,10415682666,1,"IOTHUB_CLIENT_CONFIRMATION_OK"
626,10415682814,10415682851,1,"IOTHUB_CLIENT_CONFIRMATION_OK"
627,10415683015,10415683054,1,"IOTHUB_CLIENT_CONFIRMATION_OK"
628,10415683215,10415683255,1,"IOTHUB_CLIENT_CONFIRMATION_OK"
629,10415683415,10415683451,1,"IOTHUB_CLIENT_CONFIRMATION_OK"
630,10415683615,10415683663,1,"IOTHUB_CLIENT_CONFIRMATION_OK"
631,10415683815,10415683888,1,"IOTHUB_CLIENT_CONFIRMATION_OK"
632,10415684015,10415684070,1,"IOTHUB_CLIENT_CONFIRMATION_OK"
633,10415684215,10415684288,1,"IOTHUB_CLIENT_CONFIRMATION_OK"
634,10415684416,10415684481,1,"IOTHUB_CLIENT_CONFIRMATION_OK"
635,10415684616,10415684655,1,"IOTHUB_CLIENT_CONFIRMATION_OK"
636,10415684816,10415684858,1,"IOTHUB_CLIENT_CONFIRMATION_OK"
637,10415685016,10415685063,1,"IOTHUB_CLIENT_CONFIRMATION_OK"
638,10415685216,10415685291,1,"IOTHUB_CLIENT_CONFIRMATION_OK"
639,10415685416,10415685461,1,"IOTHUB_CLIENT_CONFIRMATION_OK"
640,10415685617,10415685686,1,"IOTHUB_CLIENT_CONFIRMATION_OK"
641,10415685817,10415685861,1,"IOTHUB_CLIENT_CONFIRMATION_OK"
642,10415686017,10415686074,1,"IOTHUB_CLIENT_CONFIRMATION_OK"
643,10415686217,10415686279,1,"IOTHUB_CLIENT_CONFIRMATION_OK"
644,10415686417,10415686457,1,"IOTHUB_CLIENT_CONFIRMATION_OK"
645,10415686617,10415686652,1,"IOTHUB_CLIENT_CONFIRMATION_OK"
646,10415686817,10415686887,1,"IOTHUB_CLIENT_CONFIRMATION_OK"
647,10415687018,10415687064,1,"IOTHUB_CLIENT_CONFIRMATION_OK"
648,10415687218,10415687264,1,"IOTHUB_CLIENT_CONFIRMATION_OK"
649,10415687418,10415687540,1,"IOTHUB_CLIENT_CONFIRMATION_OK"
650,10415687618,10415687709,1,"IOTHUB_CLIENT_CONFIRMATION_OK"
651,10415687818,10415687856,1,"IOTHUB_CLIENT_CONFIRMATION_OK"
652,10415688018,10415688064,1,"IOTHUB_CLIENT_CONFIRMATION_OK"
653,10415688218,10415688257,1,"IOTHUB_CLIENT_CONFIRMATION_OK"
654,10415688419,10415688465,1,"IOTHUB_CLIENT_CONFIRMATION_OK"
655,10415688619,10415688674,1,"IOTHUB_CLIENT_CONFIRMATION_OK"
656,10415688819,10415688860,1,"IOTHUB_CLIENT_CONFIRMATION_OK"
657,10415689019,10415689066,1,"IOTHUB_CLIENT_CONFIRMATION_OK"
658,10415689219,10415689253,1,"IOTHUB_CLIENT_CONFIRMATION_OK"
659,10415689419,10415689680,1,"IOTHUB_CLIENT_CONFIRMATION_OK"
660,10415689619,10415689725,1,"IOTHUB_CLIENT_CONFIRMATION_OK"
661,10415689820,10415689858,1,"IOTHUB_CLIENT_CONFIRMATION_OK"
662,10415690020,10415690172,1,"IOTHUB_CLIENT_CONFIRMATION_OK"
663,10415690220,10415690260,1,"IOTHUB_CLIENT_CONFIRMATION_OK"
664,10415690420,10415690489,1,"IOTHUB_CLIENT_CONFIRMATION_OK"
665,10415690620,10415690663,1,"IOTHUB_CLIENT_CONFIRMATION_OK"
666,10415690820,10415690859,1,"IOTHUB_CLIENT_CONFIRMATION_OK"
667,10415691021,10415691066,1,"IOTHUB_CLIENT_CONFIRMATION_OK"
668,10415691221,10415691262,1,"IOTHUB_CLIENT_CONFIRMATION_OK"
669,10415691421,10415691462,1,"IOTHUB_CLIENT_CONFIRMATION_OK"
670,10415691621,10415691658,1,"IOTHUB_CLIENT_CONFIRMATION_OK"
671,10415691821,10415691856,1,"IOTHUB_CLIENT_CONFIRMATION_OK"
672,10415692021,10415692081,1,"IOTHUB_CLIENT_CONFIRMATION_OK"
673,10415692221,10415692265,1,"IOTHUB_CLIENT_CONFIRMATION_OK"
674,10415692422,10415692457,1,"IOTHUB_CLIENT_CONFIRMATION_OK"
675,10415692622,10415692669,1,"IOTHUB_CLIENT_CONFIRMATION_OK"
676,10415692822,10415692861,1,"IOTHUB_CLIENT_CONFIRMATION_OK"
677,10415693022,10415693167,1,"IOTHUB_CLIENT_CONFIRMATION_OK"
678,10415693222,10415693262,1,"IOTHUB_CLIENT_CONFIRMATION_OK"
679,10415693422,10415693464,1,"IOTHUB_CLIENT_CONFIRMATION_OK"
680,10415693622,10415693673,1,"IOTHUB_CLIENT_CONFIRMATION_OK"
681,10415693823,10415693869,1,"IOTHUB_CLIENT_CONFIRMATION_OK"
682,10415694023,10415694075,1,"IOTHUB_CLIENT_CONFIRMATION_OK"
683,10415694223,10415694261,1,"IOTHUB_CLIENT_CONFIRMATION_OK"
684,10415694423,10415694466,1,"IOTHUB_CLIENT_CONFIRMATION_OK"
685,10415694623,10415694669,1,"IOTHUB_CLIENT_CONFIRMATION_OK"
686,10415694823,10415694870,1,"IOTHUB_CLIENT_CONFIRMATION_OK"
687,10415695024,10415695069,1,"IOTHUB_CLIENT_CONFIRMATION_OK"
688,10415695224,10415695271,1,"IOTHUB_CLIENT_CONFIRMATION_OK"
689,10415695424,10415695469,1,"IOTHUB_CLIENT_CONFIRMATION_OK"
690,10415695624,10415695660,1,"IOTHUB_CLIENT_CONFIRMATION_OK"
691,10415695824,10415695902,1,"IOTHUB_CLIENT_CONFIRMATION_OK"
692,10415696024,10415696068,1,"IOTHUB_CLIENT_CONFIRMATION_OK"
693,10415696224,10415696271,1,"IOTHUB_CLIENT_CONFIRMATION_OK"
694,10415696425,10415696483,1,"IOTHUB_CLIENT_CONFIRMATION_OK"
695,10415696625,10415696662,1,"IOTHUB_CLIENT_CONFIRMATION_OK"
696,10415696825,10415696878,1,"IOTHUB_CLIENT_CONFIRMATION_OK"
697,10415697025,10415697114,1,"IOTHUB_CLIENT_CONFIRMATION_OK"
698,10415697225,10415697262,1,"IOTHUB_CLIENT_CONFIRMATION_OK"
699,10415697425,10415697461,1,"IOTHUB_CLIENT_CONFIRMATION_OK"
700,10415697626,10415697667,1,"IOTHUB_CLIENT_CONFIRMATION_OK"
701,10415697826,10415697948,1,"IOTHUB_CLIENT_CONFIRMATION_OK"
702,10415698026,10415698088,1,"IOTHUB_CLIENT_CONFIRMATION_OK"
703,10415698226,10415698308,1,"IOTHUB_CLIENT_CONFIRMATION_OK"
704,10415698426,10415698564,1,"IOTHUB_CLIENT_CONFIRMATION_OK"
705,10415698627,10415698678,1,"IOTHUB_CLIENT_CONFIRMATION_OK"
706,10415698827,10415698874,1,"IOTHUB_CLIENT_CONFIRMATION_OK"
707,10415699027,10415699159,1,"IOTHUB_CLIENT_CONFIRMATION_OK"
708,10415699227,10415699265,1,"IOTHUB_CLIENT_CONFIRMATION_OK"
709,10415699427,10415699471,1,"IOTHUB_CLIENT_CONFIRMATION_OK"
710,10415699627,10415699668,1,"IOTHUB_CLIENT_CONFIRMATION_OK"
711,10415699827,10415699924,1,"IOTHUB_CLIENT_CONFIRMATION_OK"
712,10415700028,10415700076,1,"IOTHUB_CLIENT_CONFIRMATION_OK"
713,10415700228,10415700272,1,"IOTHUB_CLIENT_CONFIRMATION_OK"
714,10415700428,10415700463,1,"IOTHUB_CLIENT_CONFIRMATION_OK"
715,10415700628,10415700676,1,"IOTHUB_CLIENT_CONFIRMATION_OK"
716,10415700828,10415700868,1,"IOTHUB_CLIENT_CONFIRMATION_OK"
717,10415701028,10415701071,1,"IOTHUB_CLIENT_CONFIRMATION_OK"
718,10415701229,10415701274,1,"IOTHUB_CLIENT_CONFIRMATION_OK"
719,10415701429,10415701472,1,"IOTHUB_CLIENT_CONFIRMATION_OK"
720,10415701629,10415701808,1,"IOTHUB_CLIENT_CONFIRMATION_OK"
721,10415701829,10415701922,1,"IOTHUB_CLIENT_CONFIRMATION_OK"
722,10415702029,10415702066,1,"IOTHUB_CLIENT_CONFIRMATION_OK"
723,10415702229,10415702275,1,"IOTHUB_CLIENT_CONFIRMATION_OK"
724,10415702430,10415702479,1,"IOTHUB_CLIENT_CONFIRMATION_OK"
725,10415702630,10415702666,1,"IOTHUB_CLIENT_CONFIRMATION_OK"
726,10415702830,10415702877,1,"IOTHUB_CLIENT_CONFIRMATION_OK"
727,10415703030,10415703071,1,"IOTHUB_CLIENT_CONFIRMATION_OK"
728,10415703230,10415703271,1,"IOTHUB_CLIENT_CONFIRMATION_OK"
729,10415703430,10415703474,1,"IOTHUB_CLIENT_CONFIRMATION_OK"
730,10415703630,10415703672,1,"IOTHUB_CLIENT_CONFIRMATION_OK"
731,10415703831,10415703877,1,"IOTHUB_CLIENT_CONFIRMATION_OK"
732,10415704031,10415704079,1,"IOTHUB_CLIENT_CONFIRMATION_OK"
733,10415704231,10415704274,1,"IOTHUB_CLIENT_CONFIRMATION_OK"
734,10415704431,10415704469,1,"IOTHUB_CLIENT_CONFIRMATION_OK"
735,10415704631,10415704695,1,"IOTHUB_CLIENT_CONFIRMATION_OK"
736,10415704831,10415704887,1,"IOTHUB_CLIENT_CONFIRMATION_OK"
737,10415705032,10415705095,1,"IOTHUB_CLIENT_CONFIRMATION_OK"
738,10415705232,10415705335,1,"IOTHUB_CLIENT_CONFIRMATION_OK"
739,10415705432,10415705469,1,"IOTHUB_CLIENT_CONFIRMATION_OK"
740,10415705632,10415705668,1,"IOTHUB_CLIENT_CONFIRMATION_OK"
741,10415705832,10415705876,1,"IOTHUB_CLIENT_CONFIRMATION_OK"
742,10415706033,10415706081,1,"IOTHUB_CLIENT_CONFIRMATION_OK"
743,10415706233,10415706280,1,"IOTHUB_CLIENT_CONFIRMATION_OK"
744,10415706433,10415706470,1,"IOTHUB_CLIENT_CONFIRMATION_OK"
745,10415706633,10415706735,1,"IOTHUB_CLIENT_CONFIRMATION_OK"
746,10415706833,10415706997,1,"IOTHUB_CLIENT_CONFIRMATION_OK"
747,10415707033,10415707079,1,"IOTHUB_CLIENT_CONFIRMATION_OK"
748,10415707234,10415707277,1,"IOTHUB_CLIENT_CONFIRMATION_OK"
749,10415707434,10415707603,1,"IOTHUB_CLIENT_CONFIRMATION_OK"
750,10415707634,10415707697,1,"IOTHUB_CLIENT_CONFIRMATION_OK"
751,10415707834,10415707877,1,"IOTHUB_CLIENT_CONFIRMATION_OK"
752,10415708034,10415708076,1,"IOTHUB_CLIENT_CONFIRMATION_OK"
753,10415708234,10415708289,1,"IOTHUB_CLIENT_CONFIRMATION_OK"
754,10415708435,10415708470,1,"IOTHUB_CLIENT_CONFIRMATION_OK"
755,10415708635,10415708676,1,"IOTHUB_CLIENT_CONFIRMATION_OK"
756,10415708835,10415708876,1,"IOTHUB_CLIENT_CONFIRMATION_OK"
757,10415709035,10415709082,1,"IOTHUB_CLIENT_CONFIRMATION_OK"
758,10415709235,10415709356,1,"IOTHUB_CLIENT_CONFIRMATION_OK"
759,10415709435,10415709487,1,"IOTHUB_CLIENT_CONFIRMATION_OK"
760,10415709636,10415709680,1,"IOTHUB_CLIENT_CONFIRMATION_OK"
761,10415709836,10415709884,1,"IOTHUB_CLIENT_CONFIRMATION_OK"
762,10415710036,10415710078,1,"IOTHUB_CLIENT_CONFIRMATION_OK"
763,10415710236,10415710281,1,"IOTHUB_CLIENT_CONFIRMATION_OK"
764,10415710436,10415710471,1,"IOTHUB_CLIENT_CONFIRMATION_OK"
765,10415710636,10415710681,1,"IOTHUB_CLIENT_CONFIRMATION_OK"
766,10415710837,10415710877,1,"IOTHUB_CLIENT_CONFIRMATION_OK"
767,10415711037,10415711104,1,"IOTHUB_CLIENT_CONFIRMATION_OK"
768,10415711237,10415711284,1,"IOTHUB_CLIENT_CONFIRMATION_OK"
769,10415711437,10415711511,1,"IOTHUB_CLIENT_CONFIRMATION_OK"
770,10415711637,10415711677,1,"IOTHUB_CLIENT_CONFIRMATION_OK"
771,10415711837,10415711876,1,"IOTHUB_CLIENT_CONFIRMATION_OK"
772,10415712038,10415712100,1,"IOTHUB_CLIENT_CONFIRMATION_OK"
773,10415712238,10415712279,1,"IOTHUB_CLIENT_CONFIRMATION_OK"
774,10415712438,10415712493,1,"IOTHUB_CLIENT_CONFIRMATION_OK"
775,10415712638,10415712751,1,"IOTHUB_CLIENT_CONFIRMATION_OK"
776,10415712838,10415712893,1,"IOTHUB_CLIENT_CONFIRMATION_OK"
777,10415713038,10415713076,1,"IOTHUB_CLIENT_CONFIRMATION_OK"
778,10415713238,10415713383,1,"IOTHUB_CLIENT_CONFIRMATION_OK"
779,10415713439,10415713482,1,"IOTHUB_CLIENT_CONFIRMATION_OK"
780,10415713639,10415713677,1,"IOTHUB_CLIENT_CONFIRMATION_OK"
781,10415713839,10415713890,1,"IOTHUB_CLIENT_CONFIRMATION_OK"
782,10415714039,10415714084,1,"IOTHUB_CLIENT_CONFIRMATION_OK"
783,10415714239,10415714285,1,"IOTHUB_CLIENT_CONFIRMATION_OK"
784,10415714439,10415714482,1,"IOTHUB_CLIENT_CONFIRMATION_OK"
785,10415714640,10415714723,1,"IOTHUB_CLIENT_CONFIRMATION_OK"
786,10415714840,10415714886,1,"IOTHUB_CLIENT_CONFIRMATION_OK"
787,10415715040,10415715080,1,"IOTHUB_CLIENT_CONFIRMATION_OK"
788,10415715240,10415715281,1,"IOTHUB_CLIENT_CONFIRMATION_OK"
789,10415715440,10415715475,1,"IOTHUB_CLIENT_CONFIRMATION_OK"
790,10415715640,10415715684,1,"IOTHUB_CLIENT_CONFIRMATION_OK"
791,10415715841,10415715879,1,"IOTHUB_CLIENT_CONFIRMATION_OK"
792,10415716041,10415716085,1,"IOTHUB_CLIENT_CONFIRMATION_OK"
793,10415716241,10415716288,1,"IOTHUB_CLIENT_CONFIRMATION_OK"
794,10415716441,10415716477,1,"IOTHUB_CLIENT_CONFIRMATION_OK"
795,10415716641,10415716698,1,"IOTHUB_CLIENT_CONFIRMATION_OK"
796,10415716841,10415716881,1,"IOTHUB_CLIENT_CONFIRMATION_OK"
797,10415717041,10415717094,1,"IOTHUB_CLIENT_CONFIRMATION_OK"
798,10415717242,10415717302,1,"IOTHUB_CLIENT_CONFIRMATION_OK"
799,10415717442,10415717478,1,"IOTHUB_CLIENT_CONFIRMATION_OK"
800,10415717642,10415717686,1,"IOTHUB_CLIENT_CONFIRMATION_OK"
801,10415717842,10415717942,1,"IOTHUB_CLIENT_CONFIRMATION_OK"
802,10415718042,10415718084,1,"IOTHUB_CLIENT_CONFIRMATION_OK"
803,10415718242,10415718307,1,"IOTHUB_CLIENT_CONFIRMATION_OK"
804,10415718443,10415718553,1,"IOTHUB_CLIENT_CONFIRMATION_OK"
805,10415718643,10415718685,1,"IOTHUB_CLIENT_CONFIRMATION_OK"
806,10415718843,10415718909,1,"IOTHUB_CLIENT_CONFIRMATION_OK"
807,10415719043,10415719135,1,"IOTHUB_CLIENT_CONFIRMATION_OK"
808,10415719243,10415719298,1,"IOTHUB_CLIENT_CONFIRMATION_OK"
809,10415719443,10415719480,1,"IOTHUB_CLIENT_CONFIRMATION_OK"
810,10415719644,10415719705,1,"IOTHUB_CLIENT_CONFIRMATION_OK"
811,10415719844,10415719905,1,"IOTHUB_CLIENT_CONFIRMATION_OK"
812,10415720044,10415720094,1,"IOTHUB_CLIENT_CONFIRMATION_OK"
813,10415720244,10415720329,1,"IOTHUB_CLIENT_CONFIRMATION_OK"
814,10415720444,10415720494,1,"IOTHUB_CLIENT_CONFIRMATION_OK"
815,10415720644,10415720682,1,"IOTHUB_CLIENT_CONFIRMATION_OK"
816,10415720844,10415720889,1,"IOTHUB_CLIENT_CONFIRMATION_OK"
817,10415721045,10415721097,1,"IOTHUB_CLIENT_CONFIRMATION_OK"
818,10415721245,10415721285,1,"IOTHUB_CLIENT_CONFIRMATION_OK"
819,10415721445,10415721483,1,"IOTHUB_CLIENT_CONFIRMATION_OK"
820,10415721645,10415721863,1,"IOTHUB_CLIENT_CONFIRMATION_OK"
821,10415721845,10415721891,1,"IOTHUB_CLIENT_CONFIRMATION_OK"
822,10415722045,10415722105,1,"IOTHUB_CLIENT_CONFIRMATION_OK"
823,10415722246,10415722286,1,"IOTHUB_CLIENT_CONFIRMATION_OK"
824,10415722446,10415722536,1,"IOTHUB_CLIENT_CONFIRMATION_OK"
825,10415722646,10415722698,1,"IOTHUB_CLIENT_CONFIRMATION_OK"
826,10415722846,10415722891,1,"IOTHUB_CLIENT_CONFIRMATION_OK"
827,10415723046,10415723099,1,"IOTHUB_CLIENT_CONFIRMATION_OK"
828,10415723246,10415723289,1,"IOTHUB_CLIENT_CONFIRMATION_OK"
829,10415723447,10415723484,1,"IOTHUB_CLIENT_CONFIRMATION_OK"
830,10415723647,10415723700,1,"IOTHUB_CLIENT_CONFIRMATION_OK"
831,10415723847,10415723899,1,"IOTHUB_CLIENT_CONFIRMATION_OK"
832,10415724047,10415724099,1,"IOTHUB_CLIENT_CONFIRMATION_OK"
833,10415724247,10415724316,1,"IOTHUB_CLIENT_CONFIRMATION_OK"
834,10415724447,10415724495,1,"IOTHUB_CLIENT_CONFIRMATION_OK"
835,10415724647,10415724682,1,"IOTHUB_CLIENT_CONFIRMATION_OK"
836,10415724848,10415724937,1,"IOTHUB_CLIENT_CONFIRMATION_OK"
837,10415725048,10415725081,1,"IOTHUB_CLIENT_CONFIRMATION_OK"
838,10415725248,10415725285,1,"IOTHUB_CLIENT_CONFIRMATION_OK"
839,10415725448,10415725506,1,"IOTHUB_CLIENT_CONFIRMATION_OK"
840,10415725648,10415725760,1,"IOTHUB_CLIENT_CONFIRMATION_OK"
841,10415725848,10415725892,1,"IOTHUB_CLIENT_CONFIRMATION_OK"
842,10415726049,10415726087,1,"IOTHUB_CLIENT_CONFIRMATION_OK"
843,10415726249,10415726294,1,"IOTHUB_CLIENT_CONFIRMATION_OK"
844,10415726449,10415726493,1,"IOTHUB_CLIENT_CONFIRMATION_OK"
845,10415726649,10415726704,1,"IOTHUB_CLIENT_CONFIRMATION_OK"
846,10415726849,10415726888,1,"IOTHUB_CLIENT_CONFIRMATION_OK"
847,10415727049,10415727100,1,"IOTHUB_CLIENT_CONFIRMATION_OK"
848,10415727250,10415727298,1,"IOTHUB_CLIENT_CONFIRMATION_OK"
849,10415727450,10415727488,1,"IOTHUB_CLIENT_CONFIRMATION_OK"
850,10415727650,10415727694,1,"IOTHUB_CLIENT_CONFIRMATION_OK"
851,10415727850,10415727889,1,"IOTHUB_CLIENT_CONFIRMATION_OK"
852,10415728050,10415728085,1,"IOTHUB_CLIENT_CONFIRMATION_OK"
853,10415728250,10415728300,1,"IOTHUB_CLIENT_CONFIRMATION_OK"
854,10415728450,10415728493,1,"IOTHUB_CLIENT_CONFIRMATION_OK"
855,10415728651,10415728702,1,"IOTHUB_CLIENT_CONFIRMATION_OK"
856,10415728851,10415728911,1,"IOTHUB_CLIENT_CONFIRMATION_OK"
857,10415729051,10415729090,1,"IOTHUB_CLIENT_CONFIRMATION_OK"
858,10415729251,10415729342,1,"IOTHUB_CLIENT_CONFIRMATION_OK"
859,10415729451,10415729577,1,"IOTHUB_CLIENT_CONFIRMATION_OK"
860,10415729652,10415729696,1,"IOTHUB_CLIENT_CONFIRMATION_OK"
861,10415729852,10415729901,1,"IOTHUB_CLIENT_CONFIRMATION_OK"
862,10415730052,10415730190,1,"IOTHUB_CLIENT_CONFIRMATION_OK"
863,10415730252,10415730290,1,"IOTHUB_CLIENT_CONFIRMATION_OK"
864,10415730452,10415730497,1,"IOTHUB_CLIENT_CONFIRMATION_OK"
865,10415730652,10415730694,1,"IOTHUB_CLIENT_CONFIRMATION_OK"
866,10415730853,10415730894,1,"IOTHUB_CLIENT_CONFIRMATION_OK"
867,10415731053,10415731094,1,"IOTHUB_CLIENT_CONFIRMATION_OK"
868,10415731253,10415731299,1,"IOTHUB_CLIENT_CONFIRMATION_OK"
869,10415731453,10415731509,1,"IOTHUB_CLIENT_CONFIRMATION_OK"
870,10415731653,10415731710,1,"IOTHUB_CLIENT_CONFIRMATION_OK"
871,10415731853,10415731890,1,"IOTHUB_CLIENT_CONFIRMATION_OK"
872,10415732053,10415732098,1,"IOTHUB_CLIENT_CONFIRMATION_OK"
873,10415732254,10415732298,1,"IOTHUB_CLIENT_CONFIRMATION_OK"
874,10415732454,10415732494,1,"IOTHUB_CLIENT_CONFIRMATION_OK"
875,10415732654,10415732712,1,"IOTHUB_CLIENT_CONFIRMATION_OK"
876,10415732854,10415732923,1,"IOTHUB_CLIENT_CONFIRMATION_OK"
877,10415733054,10415733231,1,"IOTHUB_CLIENT_CONFIRMATION_OK"
878,10415733254,10415733463,1,"IOTHUB_CLIENT_CONFIRMATION_OK"
879,10415733455,10415733502,1,"IOTHUB_CLIENT_CONFIRMATION_OK"
880,10415733655,10415733696,1,"IOTHUB_CLIENT_CONFIRMATION_OK"
881,10415733855,10415733945,1,"IOTHUB_CLIENT_CONFIRMATION_OK"
882,10415734055,10415734115,1,"IOTHUB_CLIENT_CONFIRMATION_OK"
883,10415734255,10415734312,1,"IOTHUB_CLIENT_CONFIRMATION_OK"
884,10415734455,10415734501,1,"IOTHUB_CLIENT_CONFIRMATION_OK"
885,10415734656,10415734695,1,"IOTHUB_CLIENT_CONFIRMATION_OK"
886,10415734856,10415734894,1,"IOTHUB_CLIENT_CONFIRMATION_OK"
887,10415735056,10415735104,1,"IOTHUB_CLIENT_CONFIRMATION_OK"
888,10415735256,10415735294,1,"IOTHUB_CLIENT_CONFIRMATION_OK"
889,10415735456,10415735492,1,"IOTHUB_CLIENT_CONFIRMATION_OK"
890,10415735656,10415735697,1,"IOTHUB_CLIENT_CONFIRMATION_OK"
891,10415735856,10415735904,1,"IOTHUB_CLIENT_CONFIRMATION_OK"
892,10415736057,10415736099,1,"IOTHUB_CLIENT_CONFIRMATION_OK"
893,10415736257,10415736311,1,"IOTHUB_CLIENT_CONFIRMATION_OK"
894,10415736457,10415736500,1,"IOTHUB_CLIENT_CONFIRMATION_OK"
895,10415736657,10415736864,1,"IOTHUB_CLIENT_CONFIRMATION_OK"
896,10415736857,10415736905,1,"IOTHUB_CLIENT_CONFIRMATION_OK"
897,10415737057,10415737108,1,"IOTHUB_CLIENT_CONFIRMATION_OK"
898,10415737258,10415737325,1,"IOTHUB_CLIENT_CONFIRMATION_OK"
899,10415737458,10415737499,1,"IOTHUB_CLIENT_CONFIRMATION_OK"
900,10415737658,10415737696,1,"IOTHUB_CLIENT_CONFIRMATION_OK"
901,10415737858,10415737921,1,"IOTHUB_CLIENT_CONFIRMATION_OK"
902,10415738058,10415738108,1,"IOTHUB_CLIENT_CONFIRMATION_OK"
903,10415738258,10415738296,1,"IOTHUB_CLIENT_CONFIRMATION_OK"
904,10415738459,10415738546,1,"IOTHUB_CLIENT_CONFIRMATION_OK"
905,10415738659,10415738709,1,"IOTHUB_CLIENT_CONFIRMATION_OK"
906,10415738859,10415738911,1,"IOTHUB_CLIENT_CONFIRMATION_OK"
907,10415739059,10415739222,1,"IOTHUB_CLIENT_CONFIRMATION_OK"
908,10415739259,10415739311,1,"IOTHUB_CLIENT_CONFIRMATION_OK"
909,10415739459,10415739492,1,"IOTHUB_CLIENT_CONFIRMATION_OK"
910,10415739659,10415739726,1,"IOTHUB_CLIENT_CONFIRMATION_OK"
911,10415739860,10415739902,1,"IOTHUB_CLIENT_CONFIRMATION_OK"
912,10415740060,10415740098,1,"IOTHUB_CLIENT_CONFIRMATION_OK"
913,10415740260,10415740343,1,"IOTHUB_CLIENT_CONFIRMATION_OK"
914,10415740460,10415740496,1,"IOTHUB_CLIENT_CONFIRMATION_OK"
915,10415740660,10415740699,1,"IOTHUB_CLIENT_CONFIRMATION_OK"
916,10415740860,10415740909,1,"IOTHUB_CLIENT_CONFIRMATION_OK"
917,10415741061,10415741104,1,"IOTHUB_CLIENT_CONFIRMATION_OK"
918,10415741261,10415741301,1,"IOTHUB_CLIENT_CONFIRMATION_OK"
919,10415741461,10415741504,1,"IOTHUB_CLIENT_CONFIRMATION_OK"
920,10415741661,10415742213,1,"IOTHUB_CLIENT_CONFIRMATION_OK"
921,10415741861,10415742253,1,"IOTHUB_CLIENT_CONFIRMATION_OK"
922,10415742061,10415742366,1,"IOTHUB_CLIENT_CONFIRMATION_OK"
923,10415742261,10415742655,1,"IOTHUB_CLIENT_CONFIRMATION_OK"
924,10415742462,10415742705,1,"IOTHUB_CLIENT_CONFIRMATION_OK"
925,10415742662,10415742719,1,"IOTHUB_CLIENT_CONFIRMATION_OK"
926,10415742862,10415742909,1,"IOTHUB_CLIENT_CONFIRMATION_OK"
927,10415743062,10415743123,1,"IOTHUB_CLIENT_CONFIRMATION_OK"
928,10415743262,10415743307,1,"IOTHUB_CLIENT_CONFIRMATION_OK"
929,10415743462,10415743690,1,"IOTHUB_CLIENT_CONFIRMATION_OK"
930,10415743663,10415743771,1,"IOTHUB_CLIENT_CONFIRMATION_OK"
931,10415743863,10415743967,1,"IOTHUB_CLIENT_CONFIRMATION_OK"
932,10415744063,10415744111,1,"IOTHUB_CLIENT_CONFIRMATION_OK"
933,10415744263,10415744363,1,"IOTHUB_CLIENT_CONFIRMATION_OK"
934,10415744463,10415744504,1,"IOTHUB_CLIENT_CONFIRMATION_OK"
935,10415744663,10415744700,1,"IOTHUB_CLIENT_CONFIRMATION_OK"
936,10415744863,10415744943,1,"IOTHUB_CLIENT_CONFIRMATION_OK"
937,10415745064,10415745124,1,"IOTHUB_CLIENT_CONFIRMATION_OK"
938,10415745264,10415745300,1,"IOTHUB_CLIENT_CONFIRMATION_OK"
939,10415745464,10415745497,1,"IOTHUB_CLIENT_CONFIRMATION_OK"
940,10415745664,10415745812,1,"IOTHUB_CLIENT_CONFIRMATION_OK"
941,10415745864,10415745912,1,"IOTHUB_CLIENT_CONFIRMATION_OK"
942,10415746064,10415746108,1,"IOTHUB_CLIENT_CONFIRMATION_OK"
943,10415746264,10415746308,1,"IOTHUB_CLIENT_CONFIRMATION_OK"
944,10415746465,10415746618,1,"IOTHUB_CLIENT_CONFIRMATION_OK"
945,10415746665,10415746702,1,"IOTHUB_CLIENT_CONFIRMATION_OK"
946,10415746865,10415747014,1,"IOTHUB_CLIENT_CONFIRMATION_OK"
947,10415747065,10415747107,1,"IOTHUB_CLIENT_CONFIRMATION_OK"
948,10415747265,10415747301,1,"IOTHUB_CLIENT_CONFIRMATION_OK"
949,10415747465,10415747648,1,"IOTHUB_CLIENT_CONFIRMATION_OK"
950,10415747666,10415747713,1,"IOTHUB_CLIENT_CONFIRMATION_OK"
951,10415747866,10415747902,1,"IOTHUB_CLIENT_CONFIRMATION_OK"
952,10415748066,10415748136,1,"IOTHUB_CLIENT_CONFIRMATION_OK"
953,10415748266,10415748375,1,"IOTHUB_CLIENT_CONFIRMATION_OK"
954,10415748466,10415748510,1,"IOTHUB_CLIENT_CONFIRMATION_OK"
955,10415748666,10415748708,1,"IOTHUB_CLIENT_CONFIRMATION_OK"
956,10415748867,10415748916,1,"IOTHUB_CLIENT_CONFIRMATION_OK"
957,10415749067,10415749115,1,"IOTHUB_CLIENT_CONFIRMATION_OK"
958,10415749267,10415749309,1,"IOTHUB_CLIENT_CONFIRMATION_OK"
959,10415749467,10415749594,1,"IOTHUB_CLIENT_CONFIRMATION_OK"
960,10415749667,10415749704,1,"IOTHUB_CLIENT_CONFIRMATION_OK"
961,10415749867,10415749906,1,"IOTHUB_CLIENT_CONFIRMATION_OK"
962,10415750067,10415750260,1,"IOTHUB_CLIENT_CONFIRMATION_OK"
963,10415750268,10415750306,1,"IOTHUB_CLIENT_CONFIRMATION_OK"
964,10415750468,10415750503,1,"IOTHUB_CLIENT_CONFIRMATION_OK"
965,10415750668,10415750713,1,"IOTHUB_CLIENT_CONFIRMATION_OK"
966,10415750868,10415750962,1,"IOTHUB_CLIENT_CONFIRMATION_OK"
967,10415751068,10415751108,1,"IOTHUB_CLIENT_CONFIRMATION_OK"
968,10415751268,10415751335,1,"IOTHUB_CLIENT_CONFIRMATION_OK"
969,10415751469,10415751573,1,"IOTHUB_CLIENT_CONFIRMATION_OK"
970,10415751669,10415751713,1,"IOTHUB_CLIENT_CONFIRMATION_OK"
971,10415751869,10415751911,1,"IOTHUB_CLIENT_CONFIRMATION_OK"
972,10415752069,10415752103,1,"IOTHUB_CLIENT_CONFIRMATION_OK"
973,10415752269,10415752304,1,"IOTHUB_CLIENT_CONFIRMATION_OK"
974,10415752469,10415752518,1,"IOTHUB_CLIENT_CONFIRMATION_OK"
975,10415752670,10415752799,1,"IOTHUB_CLIENT_CONFIRMATION_OK"
976,10415752870,10415752930,1,"IOTHUB_CLIENT_CONFIRMATION_OK"
977,10415753070,10415753152,1,"IOTHUB_CLIENT_CONFIRMATION_OK"
978,10415753270,10415753414,1,"IOTHUB_CLIENT_CONFIRMATION_OK"
979,10415753470,10415753528,1,"IOTHUB_CLIENT_CONFIRMATION_OK"
980,10415753670,10415753735,1,"IOTHUB_CLIENT_CONFIRMATION_OK"
981,10415753870,10415753919,1,"IOTHUB_CLIENT_CONFIRMATION_OK"
982,10415754071,10415754132,1,"IOTHUB_CLIENT_CONFIRMATION_OK"
983,10415754271,10415754319,1,"IOTHUB_CLIENT_CONFIRMATION_OK"
984,10415754471,10415754598,1,"IOTHUB_CLIENT_CONFIRMATION_OK"
985,10415754671,10415754709,1,"IOTHUB_CLIENT_CONFIRMATION_OK"
986,10415754871,10415754916,1,"IOTHUB_CLIENT_CONFIRMATION_OK"
987,10415755071,10415755163,1,"IOTHUB_CLIENT_CONFIRMATION_OK"
988,10415755272,10415755308,1,"IOTHUB_CLIENT_CONFIRMATION_OK"
989,10415755472,10415755523,1,"IOTHUB_CLIENT_CONFIRMATION_OK"
990,10415755672,10415755709,1,"IOTHUB_CLIENT_CONFIRMATION_OK"
991,10415755872,10415756073,1,"IOTHUB_CLIENT_CONFIRMATION_OK"
992,10415756072,10415756117,1,"IOTHUB_CLIENT_CONFIRMATION_OK"
993,10415756272,10415756315,1,"IOTHUB_CLIENT_CONFIRMATION_OK"
994,10415756472,10415756513,1,"IOTHUB_CLIENT_CONFIRMATION_OK"
995,10415756673,10415756710,1,"IOTHUB_CLIENT_CONFIRMATION_OK"
996,10415756873,10415756911,1,"IOTHUB_CLIENT_CONFIRMATION_OK"
997,10415757073,10415757116,1,"IOTHUB_CLIENT_CONFIRMATION_OK"
998,10415757273,10415757317,1,"IOTHUB_CLIENT_CONFIRMATION_OK"
999,10415757473,10415757537,1,"IOTHUB_CLIENT_CONFIRMATION_OK"
1000,10415757673,10415757775,1,"IOTHUB_CLIENT_CONFIRMATION_OK"
1001,10415757874,10415757926,1,"IOTHUB_CLIENT_CONFIRMATION_OK"
1002,10415758074,10415758110,1,"IOTHUB_CLIENT_CONFIRMATION_OK"
1003,10415758274,10415758317,1,"IOTHUB_CLIENT_CONFIRMATION_OK"
1004,10415758474,10415758515,1,"IOTHUB_CLIENT_CONFIRMATION_OK"
1005,10415758674,10415758718,1,"IOTHUB_CLIENT_CONFIRMATION_OK"
1006,10415758874,10415758936,1,"IOTHUB_CLIENT_CONFIRMATION_OK"
1007,10415759075,10415759156,1,"IOTHUB_CLIENT_CONFIRMATION_OK"
1008,10415759275,10415759316,1,"IOTHUB_CLIENT_CONFIRMATION_OK"
1009,10415759475,10415759536,1,"IOTHUB_CLIENT_CONFIRMATION_OK"
1010,10415759675,10415759722,1,"IOTHUB_CLIENT_CONFIRMATION_OK"
1011,10415759875,10415759919,1,"IOTHUB_CLIENT_CONFIRMATION_OK"
1012,10415760075,10415760116,1,"IOTHUB_CLIENT_CONFIRMATION_OK"
1013,10415760275,10415760313,1,"IOTHUB_CLIENT_CONFIRMATION_OK"
1014,10415760476,10415760537,1,"IOTHUB_CLIENT_CONFIRMATION_OK"
1015,10415760676,10415761348,1,"IOTHUB_CLIENT_CONFIRMATION_OK"
1016,10415760876,10415761413,1,"IOTHUB_CLIENT_CONFIRMATION_OK"
1017,10415761076,10415761464,1,"IOTHUB_CLIENT_CONFIRMATION_OK"
1018,10415761276,10415761524,1,"IOTHUB_CLIENT_CONFIRMATION_OK"
1019,10415761476,10415761661,1,"IOTHUB_CLIENT_CONFIRMATION_OK"
1020,10415761677,10415761767,1,"IOTHUB_CLIENT_CONFIRMATION_OK"
1021,10415761877,10415761920,1,"IOTHUB_CLIENT_CONFIRMATION_OK"
1022,10415762077,10415762134,1,"IOTHUB_CLIENT_CONFIRMATION_OK"
1023,10415762277,10415762317,1,"IOTHUB_CLIENT_CONFIRMATION_OK"
1024,10415762477,10415762523,1,"IOTHUB_CLIENT_CONFIRMATION_OK"
1025,10415762677,10415762722,1,"IOTHUB_CLIENT_CONFIRMATION_OK"
1026,10415762878,10415762919,1,"IOTHUB_CLIENT_CONFIRMATION_OK"
1027,10415763078,10415763124,1,"IOTHUB_CLIENT_CONFIRMATION_OK"
1028,10415763278,10415763324,1,"IOTHUB_CLIENT_CONFIRMATION_OK"
1029,10415763478,10415763522,1,"IOTHUB_CLIENT_CONFIRMATION_OK"
1030,10415763678,10415763836,1,"IOTHUB_CLIENT_CONFIRMATION_OK"
1031,10415763879,10415763920,1,"IOTHUB_CLIENT_CONFIRMATION_OK"
1032,10415764079,10415764126,1,"IOTHUB_CLIENT_CONFIRMATION_OK"
1033,10415764279,10415764456,1,"IOTHUB_CLIENT_CONFIRMATION_OK"
1034,10415764479,10415764518,1,"IOTHUB_CLIENT_CONFIRMATION_OK"
1035,10415764679,10415764723,1,"IOTHUB_CLIENT_CONFIRMATION_OK"
1036,10415764879,10415765000,1,"IOTHUB_CLIENT_CONFIRMATION_OK"
1037,10415765079,10415765114,1,"IOTHUB_CLIENT_CONFIRMATION_OK"
1038,10415765280,10415765337,1,"IOTHUB_CLIENT_CONFIRMATION_OK"
1039,10415765480,10415765559,1,"IOTHUB_CLIENT_CONFIRMATION_OK"
1040,10415765680,10415765719,1,"IOTHUB_CLIENT_CONFIRMATION_OK"
1041,10415765880,10415765921,1,"IOTHUB_CLIENT_CONFIRMATION_OK"
1042,10415766080,10415766147,1,"IOTHUB_CLIENT_CONFIRMATION_OK"
1043,10415766280,10415766315,1,"IOTHUB_CLIENT_CONFIRMATION_OK"
1044,10415766481,10415766522,1,"IOTHUB_CLIENT_CONFIRMATION_OK"
1045,10415766681,10415766718,1,"IOTHUB_CLIENT_CONFIRMATION_OK"
1046,10415766881,10415767033,1,"IOTHUB_CLIENT_CONFIRMATION_OK"
1047,10415767081,10415767114,1,"IOTHUB_CLIENT_CONFIRMATION_OK"
1048,10415767281,10415767318,1,"IOTHUB_CLIENT_CONFIRMATION_OK"
1049,10415767481,10415767703,1,"IOTHUB_CLIENT_CONFIRMATION_OK"
1050,10415767681,10415767719,1,"IOTHUB_CLIENT_CONFIRMATION_OK"
1051,10415767882,10415767922,1,"IOTHUB_CLIENT_CONFIRMATION_OK"
1052,10415768082,10415768120,1,"IOTHUB_CLIENT_CONFIRMATION_OK"
1053,10415768282,10415768324,1,"IOTHUB_CLIENT_CONFIRMATION_OK"
1054,10415768482,10415768515,1,"IOTHUB_CLIENT_CONFIRMATION_OK"
1055,10415768682,10415768718,1,"IOTHUB_CLIENT_CONFIRMATION_OK"
1056,10415768883,10415768928,1,"IOTHUB_CLIENT_CONFIRMATION_OK"
1057,10415769083,10415769127,1,"IOTHUB_CLIENT_CONFIRMATION_OK"
1058,10415769283,10415769317,1,"IOTHUB_CLIENT_CONFIRMATION_OK"
1059,10415769483,10415769640,1,"IOTHUB_CLIENT_CONFIRMATION_OK"
1060,10415769683,10415769714,1,"IOTHUB_CLIENT_CONFIRMATION_OK"
1061,10415769883,10415769932,1,"IOTHUB_CLIENT_CONFIRMATION_OK"
1062,10415770083,10415770154,1,"IOTHUB_CLIENT_CONFIRMATION_OK"
1063,10415770284,10415770603,1,"IOTHUB_CLIENT_CONFIRMATION_OK"
1064,10415770484,10415770660,1,"IOTHUB_CLIENT_CONFIRMATION_OK"
1065,10415770684,10415770790,1,"IOTHUB_CLIENT_CONFIRMATION_OK"
1066,10415770884,10415770963,1,"IOTHUB_CLIENT_CONFIRMATION_OK"
1067,10415771084,10415771132,1,"IOTHUB_CLIENT_CONFIRMATION_OK"
1068,10415771284,10415771332,1,"IOTHUB_CLIENT_CONFIRMATION_OK"
1069,10415771485,10415771520,1,"IOTHUB_CLIENT_CONFIRMATION_OK"
1070,10415771685,10415771734,1,"IOTHUB_CLIENT_CONFIRMATION_OK"
1071,10415771885,10415771939,1,"IOTHUB_CLIENT_CONFIRMATION_OK"
1072,10415772085,10415772116,1,"IOTHUB_CLIENT_CONFIRMATION_OK"
1073,10415772285,10415772339,1,"IOTHUB_CLIENT_CONFIRMATION_OK"
1074,10415772485,10415772527,1,"IOTHUB_CLIENT_CONFIRMATION_OK"
1075,10415772685,10415772878,1,"IOTHUB_CLIENT_CONFIRMATION_OK"
1076,10415772886,10415772928,1,"IOTHUB_CLIENT_CONFIRMATION_OK"
1077,10415773086,10415773122,1,"IOTHUB_CLIENT_CONFIRMATION_OK"
1078,10415773286,10415773523,1,"IOTHUB_CLIENT_CONFIRMATION_OK"
1079,10415773486,10415773544,1,"IOTHUB_CLIENT_CONFIRMATION_OK"
1080,10415773686,10415773726,1,"IOTHUB_CLIENT_CONFIRMATION_OK"
1081,10415773886,10415773925,1,"IOTHUB_CLIENT_CONFIRMATION_OK"
1082,10415774087,10415774148,1,"IOTHUB_CLIENT_CONFIRMATION_OK"
1083,10415774287,10415774325,1,"IOTHUB_CLIENT_CONFIRMATION_OK"
1084,10415774487,10415774544,1,"IOTHUB_CLIENT_CONFIRMATION_OK"
1085,10415774687,10415774739,1,"IOTHUB_CLIENT_CONFIRMATION_OK"
1086,10415774887,10415774928,1,"IOTHUB_CLIENT_CONFIRMATION_OK"
1087,10415775087,10415775127,1,"IOTHUB_CLIENT_CONFIRMATION_OK"
1088,10415775287,10415775325,1,"IOTHUB_CLIENT_CONFIRMATION_OK"
1089,10415775488,10415775530,1,"IOTHUB_CLIENT_CONFIRMATION_OK"
1090,10415775688,10415775736,1,"IOTHUB_CLIENT_CONFIRMATION_OK"
1091,10415775888,10415775924,1,"IOTHUB_CLIENT_CONFIRMATION_OK"
1092,10415776088,10415776142,1,"IOTHUB_CLIENT_CONFIRMATION_OK"
1093,10415776288,10415776331,1,"IOTHUB_CLIENT_CONFIRMATION_OK"
1094,10415776488,10415776562,1,"IOTHUB_CLIENT_CONFIRMATION_OK"
1095,10415776689,10415776787,1,"IOTHUB_CLIENT_CONFIRMATION_OK"
1096,10415776889,10415776950,1,"IOTHUB_CLIENT_CONFIRMATION_OK"
1097,10415777089,10415777145,1,"IOTHUB_CLIENT_CONFIRMATION_OK"
1098,10415777289,10415777333,1,"IOTHUB_CLIENT_CONFIRMATION_OK"
1099,10415777489,10415777524,1,"IOTHUB_CLIENT_CONFIRMATION_OK"
1100,10415777689,10415777727,1,"IOTHUB_CLIENT_CONFIRMATION_OK"
1101,10415777890,10415778000,1,"IOTHUB_CLIENT_CONFIRMATION_OK"
1102,10415778090,10415778124,1,"IOTHUB_CLIENT_CONFIRMATION_OK"
1103,10415778290,10415778335,1,"IOTHUB_CLIENT_CONFIRMATION_OK"
1104,10415778490,10415778612,1,"IOTHUB_CLIENT_CONFIRMATION_OK"
1105,10415778690,10415778738,1,"IOTHUB_CLIENT_CONFIRMATION_OK"
1106,10415778890,10415778926,1,"IOTHUB_CLIENT_CONFIRMATION_OK"
1107,10415779091,10415779211,1,"IOTHUB_CLIENT_CONFIRMATION_OK"
1108,10415779291,10415779337,1,"IOTHUB_CLIENT_CONFIRMATION_OK"
1109,10415779491,10415779533,1,"IOTHUB_CLIENT_CONFIRMATION_OK"
1110,10415779691,10415779731,1,"IOTHUB_CLIENT_CONFIRMATION_OK"
1111,10415779891,10415779924,1,"IOTHUB_CLIENT_CONFIRMATION_OK"
1112,10415780091,10415780137,1,"IOTHUB_CLIENT_CONFIRMATION_OK"
1113,10415780291,10415780336,1,"IOTHUB_CLIENT_CONFIRMATION_OK"
1114,10415780492,10415780550,1,"IOTHUB_CLIENT_CONFIRMATION_OK"
1115,10415780692,10415780731,1,"IOTHUB_CLIENT_CONFIRMATION_OK"
1116,10415780892,10415780935,1,"IOTHUB_CLIENT_CONFIRMATION_OK"
1117,10415781092,10415781141,1,"IOTHUB_CLIENT_CONFIRMATION_OK"
1118,10415781292,10415781348,1,"IOTHUB_CLIENT_CONFIRMATION_OK"
1119,10415781492,10415781534,1,"IOTHUB_CLIENT_CONFIRMATION_OK"
1120,10415781693,10415781880,1,"IOTHUB_CLIENT_CONFIRMATION_OK"
1121,10415781893,10415781994,1,"IOTHUB_CLIENT_CONFIRMATION_OK"
1122,10415782093,10415782137,1,"IOTHUB_CLIENT_CONFIRMATION_OK"
1123,10415782293,10415782371,1,"IOTHUB_CLIENT_CONFIRMATION_OK"
1124,10415782493,10415782549,1,"IOTHUB_CLIENT_CONFIRMATION_OK"
1125,10415782694,10415782738,1,"IOTHUB_CLIENT_CONFIRMATION_OK"
1126,10415782894,10415782934,1,"IOTHUB_CLIENT_CONFIRMATION_OK"
1127,10415783094,10415783136,1,"IOTHUB_CLIENT_CONFIRMATION_OK"
1128,10415783294,10415783335,1,"IOTHUB_CLIENT_CONFIRMATION_OK"
1129,10415783494,10415783530,1,"IOTHUB_CLIENT_CONFIRMATION_OK"
1130,10415783694,10415783743,1,"IOTHUB_CLIENT_CONFIRMATION_OK"
1131,10415783895,10415783976,1,"IOTHUB_CLIENT_CONFIRMATION_OK"
1132,10415784095,10415784137,1,"IOTHUB_CLIENT_CONFIRMATION_OK"
1133,10415784295,10415784344,1,"IOTHUB_CLIENT_CONFIRMATION_OK"
1134,10415784495,10415784609,1,"IOTHUB_CLIENT_CONFIRMATION_OK"
1135,10415784695,10415784744,1,"IOTHUB_CLIENT_CONFIRMATION_OK"
1136,10415784895,10415785099,1,"IOTHUB_CLIENT_CONFIRMATION_OK"
1137,10415785095,10415785145,1,"IOTHUB_CLIENT_CONFIRMATION_OK"
1138,10415785296,10415785332,1,"IOTHUB_CLIENT_CONFIRMATION_OK"
1139,10415785496,10415785601,1,"IOTHUB_CLIENT_CONFIRMATION_OK"
1140,10415785696,10415785739,1,"IOTHUB_CLIENT_CONFIRMATION_OK"
1141,10415785896,10415785935,1,"IOTHUB_CLIENT_CONFIRMATION_OK"
1142,10415786096,10415786133,1,"IOTHUB_CLIENT_CONFIRMATION_OK"
1143,10415786296,10415786367,1,"IOTHUB_CLIENT_CONFIRMATION_OK"
1144,10415786497,10415786555,1,"IOTHUB_CLIENT_CONFIRMATION_OK"
1145,10415786697,10415786763,1,"IOTHUB_CLIENT_CONFIRMATION_OK"
1146,10415786897,10415787053,1,"IOTHUB_CLIENT_CONFIRMATION_OK"
1147,10415787097,10415787133,1,"IOTHUB_CLIENT_CONFIRMATION_OK"
1148,10415787297,10415787346,1,"IOTHUB_CLIENT_CONFIRMATION_OK"
1149,10415787497,10415787659,1,"IOTHUB_CLIENT_CONFIRMATION_OK"
1150,10415787698,10415787743,1,"IOTHUB_CLIENT_CONFIRMATION_OK"
1151,10415787898,10415787945,1,"IOTHUB_CLIENT_CONFIRMATION_OK"
1152,10415788098,10415788138,1,"IOTHUB_CLIENT_CONFIRMATION_OK"
1153,10415788298,10415788339,1,"IOTHUB_CLIENT_CONFIRMATION_OK"
1154,10415788498,10415788543,1,"IOTHUB_CLIENT_CONFIRMATION_OK"
1155,10415788698,10415788742,1,"IOTHUB_CLIENT_CONFIRMATION_OK"
1156,10415788898,10415788940,1,"IOTHUB_CLIENT_CONFIRMATION_OK"
1157,10415789099,10415789152,1,"IOTHUB_CLIENT_CONFIRMATION_OK"
1158,10415789299,10415789340,1,"IOTHUB_CLIENT_CONFIRMATION_OK"
1159,10415789499,10415789539,1,"IOTHUB_CLIENT_CONFIRMATION_OK"
1160,10415789699,10415789744,1,"IOTHUB_CLIENT_CONFIRMATION_OK"
1161,10415789899,10415789941,1,"IOTHUB_CLIENT_CONFIRMATION_OK"
1162,10415790099,10415790135,1,"IOTHUB_CLIENT_CONFIRMATION_OK"
1163,10415790299,10415790346,1,"IOTHUB_CLIENT_CONFIRMATION_OK"
1164,10415790500,10415790542,1,"IOTHUB_CLIENT_CONFIRMATION_OK"
1165,10415790700,10415790765,1,"IOTHUB_CLIENT_CONFIRMATION_OK"
1166,10415790900,10415790941,1,"IOTHUB_CLIENT_CONFIRMATION_OK"
1167,10415791100,10415791176,1,"IOTHUB_CLIENT_CONFIRMATION_OK"
1168,10415791300,10415791337,1,"IOTHUB_CLIENT_CONFIRMATION_OK"
1169,10415791500,10415791675,1,"IOTHUB_CLIENT_CONFIRMATION_OK"
1170,10415791701,10415791744,1,"IOTHUB_CLIENT_CONFIRMATION_OK"
1171,10415791901,10415791941,1,"IOTHUB_CLIENT_CONFIRMATION_OK"
1172,10415792101,10415792166,1,"IOTHUB_CLIENT_CONFIRMATION_OK"
1173,10415792301,10415792336,1,"IOTHUB_CLIENT_CONFIRMATION_OK"
1174,10415792501,10415792535,1,"IOTHUB_CLIENT_CONFIRMATION_OK"
1175,10415792701,10415792843,1,"IOTHUB_CLIENT_CONFIRMATION_OK"
1176,10415792901,10415792942,1,"IOTHUB_CLIENT_CONFIRMATION_OK"
1177,10415793101,10415793143,1,"IOTHUB_CLIENT_CONFIRMATION_OK"
1178,10415793302,10415793388,1,"IOTHUB_CLIENT_CONFIRMATION_OK"
1179,10415793502,10415793540,1,"IOTHUB_CLIENT_CONFIRMATION_OK"
1180,10415793702,10415793747,1,"IOTHUB_CLIENT_CONFIRMATION_OK"
1181,10415793902,10415793980,1,"IOTHUB_CLIENT_CONFIRMATION_OK"
1182,10415794102,10415794144,1,"IOTHUB_CLIENT_CONFIRMATION_OK"
1183,10415794302,10415794346,1,"IOTHUB_CLIENT_CONFIRMATION_OK"
1184,10415794503,10415794545,1,"IOTHUB_CLIENT_CONFIRMATION_OK"
1185,10415794703,10415794812,1,"IOTHUB_CLIENT_CONFIRMATION_OK"
1186,10415794903,10415794948,1,"IOTHUB_CLIENT_CONFIRMATION_OK"
1187,10415795103,10415795174,1,"IOTHUB_CLIENT_CONFIRMATION_OK"
1188,10415795303,10415795411,1,"IOTHUB_CLIENT_CONFIRMATION_OK"
1189,10415795503,10415795560,1,"IOTHUB_CLIENT_CONFIRMATION_OK"
1190,10415795704,10415795758,1,"IOTHUB_CLIENT_CONFIRMATION_OK"
1191,10415795904,10415796039,1,"IOTHUB_CLIENT_CONFIRMATION_OK"
1192,10415796104,10415796147,1,"IOTHUB_CLIENT_CONFIRMATION_OK"
1193,10415796304,10415796339,1,"IOTHUB_CLIENT_CONFIRMATION_OK"
1194,10415796504,10415796585,1,"IOTHUB_CLIENT_CONFIRMATION_OK"
1195,10415796704,10415796741,1,"IOTHUB_CLIENT_CONFIRMATION_OK"
1196,10415796904,10415796959,1,"IOTHUB_CLIENT_CONFIRMATION_OK"
1197,10415797105,10415797164,1,"IOTHUB_CLIENT_CONFIRMATION_OK"
1198,10415797305,10415797384,1,"IOTHUB_CLIENT_CONFIRMATION_OK"
1199,10415797505,10415797549,1,"IOTHUB_CLIENT_CONFIRMATION_OK"
1200,10415797705,10415797745,1,"IOTHUB_CLIENT_CONFIRMATION_OK"
1201,10415797906,10415797950,1,"IOTHUB_CLIENT_CONFIRMATION_OK"
1202,10415798106,10415798158,1,"IOTHUB_CLIENT_CONFIRMATION_OK"
1203,10415798306,10415798378,1,"IOTHUB_CLIENT_CONFIRMATION_OK"
1204,10415798506,10415798674,1,"IOTHUB_CLIENT_CONFIRMATION_OK"
1205,10415798706,10415798747,1,"IOTHUB_CLIENT_CONFIRMATION_OK"
1206,10415798906,10415798958,1,"IOTHUB_CLIENT_CONFIRMATION_OK"
1207,10415799106,10415799261,1,"IOTHUB_CLIENT_CONFIRMATION_OK"
1208,10415799307,10415799353,1,"IOTHUB_CLIENT_CONFIRMATION_OK"
1209,10415799507,10415799567,1,"IOTHUB_CLIENT_CONFIRMATION_OK"
1210,10415799707,10415799756,1,"IOTHUB_CLIENT_CONFIRMATION_OK"
1211,10415799907,10415799949,1,"IOTHUB_CLIENT_CONFIRMATION_OK"
1212,10415800107,10415800143,1,"IOTHUB_CLIENT_CONFIRMATION_OK"
1213,10415800307,10415800348,1,"IOTHUB_CLIENT_CONFIRMATION_OK"
1214,10415800508,10415800544,1,"IOTHUB_CLIENT_CONFIRMATION_OK"
1215,10415800708,10415800768,1,"IOTHUB_CLIENT_CONFIRMATION_OK"
1216,10415800908,10415800953,1,"IOTHUB_CLIENT_CONFIRMATION_OK"
1217,10415801108,10415801143,1,"IOTHUB_CLIENT_CONFIRMATION_OK"
1218,10415801308,10415801347,1,"IOTHUB_CLIENT_CONFIRMATION_OK"
1219,10415801508,10415801571,1,"IOTHUB_CLIENT_CONFIRMATION_OK"
1220,10415801708,10415801928,1,"IOTHUB_CLIENT_CONFIRMATION_OK"
1221,10415801909,10415801947,1,"IOTHUB_CLIENT_CONFIRMATION_OK"
1222,10415802109,10415802148,1,"IOTHUB_CLIENT_CONFIRMATION_OK"
1223,10415802309,10415802352,1,"IOTHUB_CLIENT_CONFIRMATION_OK"
1224,10415802509,10415802562,1,"IOTHUB_CLIENT_CONFIRMATION_OK"
1225,10415802709,10415802745,1,"IOTHUB_CLIENT_CONFIRMATION_OK"
1226,10415802909,10415802967,1,"IOTHUB_CLIENT_CONFIRMATION_OK"
1227,10415803110,10415803168,1,"IOTHUB_CLIENT_CONFIRMATION_OK"
1228,10415803310,10415803370,1,"IOTHUB_CLIENT_CONFIRMATION_OK"
1229,10415803510,10415803555,1,"IOTHUB_CLIENT_CONFIRMATION_OK"
1230,10415803710,10415803753,1,"IOTHUB_CLIENT_CONFIRMATION_OK"
1231,10415803910,10415803963,1,"IOTHUB_CLIENT_CONFIRMATION_OK"
1232,10415804110,10415804156,1,"IOTHUB_CLIENT_CONFIRMATION_OK"
1233,10415804311,10415804412,1,"IOTHUB_CLIENT_CONFIRMATION_OK"
1234,10415804511,10415804565,1,"IOTHUB_CLIENT_CONFIRMATION_OK"
1235,10415804711,10415804799,1,"IOTHUB_CLIENT_CONFIRMATION_OK"
1236,10415804911,10415804993,1,"IOTHUB_CLIENT_CONFIRMATION_OK"
1237,10415805111,10415805175,1,"IOTHUB_CLIENT_CONFIRMATION_OK"
1238,10415805311,10415805352,1,"IOTHUB_CLIENT_CONFIRMATION_OK"
1239,10415805511,10415805558,1,"IOTHUB_CLIENT_CONFIRMATION_OK"
1240,10415805712,10415805749,1,"IOTHUB_CLIENT_CONFIRMATION_OK"
1241,10415805912,10415805953,1,"IOTHUB_CLIENT_CONFIRMATION_OK"
1242,10415806112,10415806145,1,"IOTHUB_CLIENT_CONFIRMATION_OK"
1243,10415806312,10415806419,1,"IOTHUB_CLIENT_CONFIRMATION_OK"
1244,10415806512,10415806566,1,"IOTHUB_CLIENT_CONFIRMATION_OK"
1245,10415806712,10415806755,1,"IOTHUB_CLIENT_CONFIRMATION_OK"
1246,10415806913,10415807045,1,"IOTHUB_CLIENT_CONFIRMATION_OK"
1247,10415807113,10415807171,1,"IOTHUB_CLIENT_CONFIRMATION_OK"
1248,10415807313,10415807360,1,"IOTHUB_CLIENT_CONFIRMATION_OK"
1249,10415807513,10415807650,1,"IOTHUB_CLIENT_CONFIRMATION_OK"
1250,10415807713,10415807753,1,"IOTHUB_CLIENT_CONFIRMATION_OK"
1251,10415807913,10415807967,1,"IOTHUB_CLIENT_CONFIRMATION_OK"
1252,10415808114,10415808244,1,"IOTHUB_CLIENT_CONFIRMATION_OK"
1253,10415808314,10415808348,1,"IOTHUB_CLIENT_CONFIRMATION_OK"
1254,10415808514,10415808557,1,"IOTHUB_CLIENT_CONFIRMATION_OK"
1255,10415808714,10415808747,1,"IOTHUB_CLIENT_CONFIRMATION_OK"
1256,10415808914,10415808960,1,"IOTHUB_CLIENT_CONFIRMATION_OK"
1257,10415809114,10415809162,1,"IOTHUB_CLIENT_CONFIRMATION_OK"
1258,10415809314,10415809351,1,"IOTHUB_CLIENT_CONFIRMATION_OK"
1259,10415809515,10415809573,1,"IOTHUB_CLIENT_CONFIRMATION_OK"
1260,10415809715,10415809780,1,"IOTHUB_CLIENT_CONFIRMATION_OK"
1261,10415809915,10415809951,1,"IOTHUB_CLIENT_CONFIRMATION_OK"
1262,10415810115,10415810290,1,"IOTHUB_CLIENT_CONFIRMATION_OK"
1263,10415810315,10415810364,1,"IOTHUB_CLIENT_CONFIRMATION_OK"
1264,10415810515,10415810568,1,"IOTHUB_CLIENT_CONFIRMATION_OK"
1265,10415810716,10415810755,1,"IOTHUB_CLIENT_CONFIRMATION_OK"
1266,10415810916,10415810956,1,"IOTHUB_CLIENT_CONFIRMATION_OK"
1267,10415811116,10415811163,1,"IOTHUB_CLIENT_CONFIRMATION_OK"
1268,10415811316,10415811353,1,"IOTHUB_CLIENT_CONFIRMATION_OK"
1269,10415811516,10415811571,1,"IOTHUB_CLIENT_CONFIRMATION_OK"
1270,10415811716,10415811754,1,"IOTHUB_CLIENT_CONFIRMATION_OK"
1271,10415811917,10415811973,1,"IOTHUB_CLIENT_CONFIRMATION_OK"
1272,10415812117,10415812168,1,"IOTHUB_CLIENT_CONFIRMATION_OK"
1273,10415812317,10415812353,1,"IOTHUB_CLIENT_CONFIRMATION_OK"
1274,10415812517,10415812559,1,"IOTHUB_CLIENT_CONFIRMATION_OK"
1275,10415812717,10415812772,1,"IOTHUB_CLIENT_CONFIRMATION_OK"
1276,10415812917,10415812962,1,"IOTHUB_CLIENT_CONFIRMATION_OK"
1277,10415813117,10415813161,1,"IOTHUB_CLIENT_CONFIRMATION_OK"
1278,10415813318,10415813397,1,"IOTHUB_CLIENT_CONFIRMATION_OK"
1279,10415813518,10415813556,1,"IOTHUB_CLIENT_CONFIRMATION_OK"
1280,10415813718,10415813757,1,"IOTHUB_CLIENT_CONFIRMATION_OK"
1281,10415813918,10415813959,1,"IOTHUB_CLIENT_CONFIRMATION_OK"
1282,10415814118,10415814160,1,"IOTHUB_CLIENT_CONFIRMATION_OK"
1283,10415814318,10415814435,1,"IOTHUB_CLIENT_CONFIRMATION_OK"
1284,10415814519,10415814550,1,"IOTHUB_CLIENT_CONFIRMATION_OK"
1285,10415814719,10415814762,1,"IOTHUB_CLIENT_CONFIRMATION_OK"
1286,10415814919,10415814954,1,"IOTHUB_CLIENT_CONFIRMATION_OK"
1287,10415815119,10415815168,1,"IOTHUB_CLIENT_CONFIRMATION_OK"
1288,10415815319,10415815443,1,"IOTHUB_CLIENT_CONFIRMATION_OK"
1289,10415815519,10415815573,1,"IOTHUB_CLIENT_CONFIRMATION_OK"
1290,10415815720,10415815762,1,"IOTHUB_CLIENT_CONFIRMATION_OK"
1291,10415815920,10415816075,1,"IOTHUB_CLIENT_CONFIRMATION_OK"
1292,10415816120,10415816175,1,"IOTHUB_CLIENT_CONFIRMATION_OK"
1293,10415816320,10415816360,1,"IOTHUB_CLIENT_CONFIRMATION_OK"
1294,10415816520,10415816573,1,"IOTHUB_CLIENT_CONFIRMATION_OK"
1295,10415816720,10415816791,1,"IOTHUB_CLIENT_CONFIRMATION_OK"
1296,10415816921,10415816969,1,"IOTHUB_CLIENT_CONFIRMATION_OK"
1297,10415817121,10415817205,1,"IOTHUB_CLIENT_CONFIRMATION_OK"
1298,10415817321,10415817371,1,"IOTHUB_CLIENT_CONFIRMATION_OK"
1299,10415817521,10415817555,1,"IOTHUB_CLIENT_CONFIRMATION_OK"
1300,10415817721,10415817753,1,"IOTHUB_CLIENT_CONFIRMATION_OK"
1301,10415817921,10415817993,1,"IOTHUB_CLIENT_CONFIRMATION_OK"
1302,10415818122,10415818165,1,"IOTHUB_CLIENT_CONFIRMATION_OK"
1303,10415818322,10415818378,1,"IOTHUB_CLIENT_CONFIRMATION_OK"
1304,10415818522,10415818558,1,"IOTHUB_CLIENT_CONFIRMATION_OK"
1305,10415818722,10415818771,1,"IOTHUB_CLIENT_CONFIRMATION_OK"
1306,10415818922,10415818966,1,"IOTHUB_CLIENT_CONFIRMATION_OK"
1307,10415819122,10415819292,1,"IOTHUB_CLIENT_CONFIRMATION_OK"
1308,10415819322,10415819366,1,"IOTHUB_CLIENT_CONFIRMATION_OK"
1309,10415819523,10415819561,1,"IOTHUB_CLIENT_CONFIRMATION_OK"
1310,10415819723,10415819761,1,"IOTHUB_CLIENT_CONFIRMATION_OK"
1311,10415819923,10415819977,1,"IOTHUB_CLIENT_CONFIRMATION_OK"
1312,10415820123,10415820170,1,"IOTHUB_CLIENT_CONFIRMATION_OK"
1313,10415820323,10415820370,1,"IOTHUB_CLIENT_CONFIRMATION_OK"
1314,10415820523,10415820585,1,"IOTHUB_CLIENT_CONFIRMATION_OK"
1315,10415820723,10415820756,1,"IOTHUB_CLIENT_CONFIRMATION_OK"
1316,10415820924,10415820966,1,"IOTHUB_CLIENT_CONFIRMATION_OK"
1317,10415821124,10415821187,1,"IOTHUB_CLIENT_CONFIRMATION_OK"
1318,10415821324,10415821358,1,"IOTHUB_CLIENT_CONFIRMATION_OK"
1319,10415821524,10415821556,1,"IOTHUB_CLIENT_CONFIRMATION_OK"
1320,10415821724,10415821789,1,"IOTHUB_CLIENT_CONFIRMATION_OK"
1321,10415821924,10415821966,1,"IOTHUB_CLIENT_CONFIRMATION_OK"
1322,10415822125,10415822180,1,"IOTHUB_CLIENT_CONFIRMATION_OK"
1323,10415822325,10415822643,1,"IOTHUB_CLIENT_CONFIRMATION_OK"
1324,10415822525,10415822673,1,"IOTHUB_CLIENT_CONFIRMATION_OK"
1325,10415822725,10415822771,1,"IOTHUB_CLIENT_CONFIRMATION_OK"
1326,10415822925,10415822976,1,"IOTHUB_CLIENT_CONFIRMATION_OK"
1327,10415823125,10415823257,1,"IOTHUB_CLIENT_CONFIRMATION_OK"
1328,10415823326,10415823393,1,"IOTHUB_CLIENT_CONFIRMATION_OK"
1329,10415823526,10415823594,1,"IOTHUB_CLIENT_CONFIRMATION_OK"
1330,10415823726,10415823863,1,"IOTHUB_CLIENT_CONFIRMATION_OK"
1331,10415823926,10415823971,1,"IOTHUB_CLIENT_CONFIRMATION_OK"
1332,10415824126,10415824159,1,"IOTHUB_CLIENT_CONFIRMATION_OK"
1333,10415824326,10415824458,1,"IOTHUB_CLIENT_CONFIRMATION_OK"
1334,10415824526,10415824574,1,"IOTHUB_CLIENT_CONFIRMATION_OK"
1335,10415824727,10415824771,1,"IOTHUB_CLIENT_CONFIRMATION_OK"
1336,10415824927,10415825058,1,"IOTHUB_CLIENT_CONFIRMATION_OK"
1337,10415825127,10415825241,1,"IOTHUB_CLIENT_CONFIRMATION_OK"
1338,10415825327,10415825415,1,"IOTHUB_CLIENT_CONFIRMATION_OK"
1339,10415825527,10415825568,1,"IOTHUB_CLIENT_CONFIRMATION_OK"
1340,10415825727,10415825770,1,"IOTHUB_CLIENT_CONFIRMATION_OK"
1341,10415825927,10415825986,1,"IOTHUB_CLIENT_CONFIRMATION_OK"
1342,10415826128,10415826162,1,"IOTHUB_CLIENT_CONFIRMATION_OK"
1343,10415826328,10415826391,1,"IOTHUB_CLIENT_CONFIRMATION_OK"
1344,10415826528,10415826577,1,"IOTHUB_CLIENT_CONFIRMATION_OK"
1345,10415826728,10415826776,1,"IOTHUB_CLIENT_CONFIRMATION_OK"
1346,10415826928,10415826981,1,"IOTHUB_CLIENT_CONFIRMATION_OK"
1347,10415827128,10415827165,1,"IOTHUB_CLIENT_CONFIRMATION_OK"
1348,10415827329,10415827363,1,"IOTHUB_CLIENT_CONFIRMATION_OK"
1349,10415827529,10415827562,1,"IOTHUB_CLIENT_CONFIRMATION_OK"
1350,10415827729,10415827771,1,"IOTHUB_CLIENT_CONFIRMATION_OK"
1351,10415827929,10415827978,1,"IOTHUB_CLIENT_CONFIRMATION_OK"
1352,10415828129,10415828178,1,"IOTHUB_CLIENT_CONFIRMATION_OK"
1353,10415828329,10415828404,1,"IOTHUB_CLIENT_CONFIRMATION_OK"
1354,10415828529,10415828583,1,"IOTHUB_CLIENT_CONFIRMATION_OK"
1355,10415828730,10415828770,1,"IOTHUB_CLIENT_CONFIRMATION_OK"
1356,10415828930,10415828978,1,"IOTHUB_CLIENT_CONFIRMATION_OK"
1357,10415829130,10415829174,1,"IOTHUB_CLIENT_CONFIRMATION_OK"
1358,10415829330,10415829368,1,"IOTHUB_CLIENT_CONFIRMATION_OK"
1359,10415829530,10415829574,1,"IOTHUB_CLIENT_CONFIRMATION_OK"
1360,10415829730,10415829786,1,"IOTHUB_CLIENT_CONFIRMATION_OK"
1361,10415829930,10415829981,1,"IOTHUB_CLIENT_CONFIRMATION_OK"
1362,10415830131,10415830188,1,"IOTHUB_CLIENT_CONFIRMATION_OK"
1363,10415830331,10415830372,1,"IOTHUB_CLIENT_CONFIRMATION_OK"
1364,10415830531,10415830570,1,"IOTHUB_CLIENT_CONFIRMATION_OK"
1365,10415830731,10415830774,1,"IOTHUB_CLIENT_CONFIRMATION_OK"
1366,10415830931,10415830970,1,"IOTHUB_CLIENT_CONFIRMATION_OK"
1367,10415831131,10415831177,1,"IOTHUB_CLIENT_CONFIRMATION_OK"
1368,10415831332,10415831377,1,"IOTHUB_CLIENT_CONFIRMATION_OK"
1369,10415831532,10415831586,1,"IOTHUB_CLIENT_CONFIRMATION_OK"
1370,10415831732,10415831795,1,"IOTHUB_CLIENT_CONFIRMATION_OK"
1371,10415831932,10415831993,1,"IOTHUB_CLIENT_CONFIRMATION_OK"
1372,10415832132,10415832331,1,"IOTHUB_CLIENT_CONFIRMATION_OK"
1373,10415832332,10415832403,1,"IOTHUB_CLIENT_CONFIRMATION_OK"
1374,10415832532,10415832568,1,"IOTHUB_CLIENT_CONFIRMATION_OK"
1375,10415832733,10415832873,1,"IOTHUB_CLIENT_CONFIRMATION_OK"
1376,10415832933,10415832975,1,"IOTHUB_CLIENT_CONFIRMATION_OK"
1377,10415833133,10415833205,1,"IOTHUB_CLIENT_CONFIRMATION_OK"
1378,10415833333,10415833492,1,"IOTHUB_CLIENT_CONFIRMATION_OK"
1379,10415833533,10415833588,1,"IOTHUB_CLIENT_CONFIRMATION_OK"
1380,10415833733,10415833773,1,"IOTHUB_CLIENT_CONFIRMATION_OK"
1381,10415833933,10415833996,1,"IOTHUB_CLIENT_CONFIRMATION_OK"
1382,10415834134,10415834267,1,"IOTHUB_CLIENT_CONFIRMATION_OK"
1383,10415834334,10415834373,1,"IOTHUB_CLIENT_CONFIRMATION_OK"
1384,10415834534,10415834572,1,"IOTHUB_CLIENT_CONFIRMATION_OK"
1385,10415834734,10415834773,1,"IOTHUB_CLIENT_CONFIRMATION_OK"
1386,10415834934,10415835073,1,"IOTHUB_CLIENT_CONFIRMATION_OK"
1387,10415835134,10415835243,1,"IOTHUB_CLIENT_CONFIRMATION_OK"
1388,10415835334,10415835400,1,"IOTHUB_CLIENT_CONFIRMATION_OK"
1389,10415835535,10415835578,1,"IOTHUB_CLIENT_CONFIRMATION_OK"
1390,10415835735,10415835777,1,"IOTHUB_CLIENT_CONFIRMATION_OK"
1391,10415835935,10415836134,1,"IOTHUB_CLIENT_CONFIRMATION_OK"
1392,10415836135,10415836172,1,"IOTHUB_CLIENT_CONFIRMATION_OK"
1393,10415836335,10415836372,1,"IOTHUB_CLIENT_CONFIRMATION_OK"
1394,10415836535,10415836572,1,"IOTHUB_CLIENT_CONFIRMATION_OK"
1395,10415836736,10415836808,1,"IOTHUB_CLIENT_CONFIRMATION_OK"
1396,10415836936,10415836978,1,"IOTHUB_CLIENT_CONFIRMATION_OK"
1397,10415837136,10415837206,1,"IOTHUB_CLIENT_CONFIRMATION_OK"
1398,10415837336,10415837394,1,"IOTHUB_CLIENT_CONFIRMATION_OK"
1399,10415837536,10415837575,1,"IOTHUB_CLIENT_CONFIRMATION_OK"
1400,10415837736,10415837788,1,"IOTHUB_CLIENT_CONFIRMATION_OK"
1401,10415837936,10415837984,1,"IOTHUB_CLIENT_CONFIRMATION_OK"
1402,10415838137,10415838190,1,"IOTHUB_CLIENT_CONFIRMATION_OK"
1403,10415838337,10415838373,1,"IOTHUB_CLIENT_CONFIRMATION_OK"
1404,10415838537,10415838628,1,"IOTHUB_CLIENT_CONFIRMATION_OK"
1405,10415838737,10415838780,1,"IOTHUB_CLIENT_CONFIRMATION_OK"
1406,10415838937,10415838985,1,"IOTHUB_CLIENT_CONFIRMATION_OK"
1407,10415839137,10415839213,1,"IOTHUB_CLIENT_CONFIRMATION_OK"
1408,10415839338,10415839373,1,"IOTHUB_CLIENT_CONFIRMATION_OK"
1409,10415839538,10415839581,1,"IOTHUB_CLIENT_CONFIRMATION_OK"
1410,10415839738,10415839809,1,"IOTHUB_CLIENT_CONFIRMATION_OK"
1411,10415839938,10415839971,1,"IOTHUB_CLIENT_CONFIRMATION_OK"
1412,10415840138,10415840193,1,"IOTHUB_CLIENT_CONFIRMATION_OK"
1413,10415840338,10415840390,1,"IOTHUB_CLIENT_CONFIRMATION_OK"
1414,10415840538,10415840579,1,"IOTHUB_CLIENT_CONFIRMATION_OK"
1415,10415840739,10415840814,1,"IOTHUB_CLIENT_CONFIRMATION_OK"
1416,10415840939,10415840987,1,"IOTHUB_CLIENT_CONFIRMATION_OK"
1417,10415841139,10415841256,1,"IOTHUB_CLIENT_CONFIRMATION_OK"
1418,10415841339,10415841375,1,"IOTHUB_CLIENT_CONFIRMATION_OK"
1419,10415841539,10415841585,1,"IOTHUB_CLIENT_CONFIRMATION_OK"
1420,10415841739,10415841893,1,"IOTHUB_CLIENT_CONFIRMATION_OK"
1421,10415841939,10415841984,1,"IOTHUB_CLIENT_CONFIRMATION_OK"
1422,10415842140,10415842178,1,"IOTHUB_CLIENT_CONFIRMATION_OK"
1423,10415842340,10415842390,1,"IOTHUB_CLIENT_CONFIRMATION_OK"
1424,10415842540,10415842575,1,"IOTHUB_CLIENT_CONFIRMATION_OK"
1425,10415842740,10415842783,1,"IOTHUB_CLIENT_CONFIRMATION_OK"
1426,10415842940,10415842992,1,"IOTHUB_CLIENT_CONFIRMATION_OK"
1427,10415843140,10415843189,1,"IOTHUB_CLIENT_CONFIRMATION_OK"
1428,10415843340,10415843404,1,"IOTHUB_CLIENT_CONFIRMATION_OK"
1429,10415843541,10415843588,1,"IOTHUB_CLIENT_CONFIRMATION_OK"
1430,10415843741,10415843787,1,"IOTHUB_CLIENT_CONFIRMATION_OK"
1431,10415843941,10415844006,1,"IOTHUB_CLIENT_CONFIRMATION_OK"
1432,10415844141,10415844177,1,"IOTHUB_CLIENT_CONFIRMATION_OK"
1433,10415844341,10415844384,1,"IOTHUB_CLIENT_CONFIRMATION_OK"
1434,10415844541,10415844604,1,"IOTHUB_CLIENT_CONFIRMATION_OK"
1435,10415844741,10415844783,1,"IOTHUB_CLIENT_CONFIRMATION_OK"
1436,10415844942,10415844980,1,"IOTHUB_CLIENT_CONFIRMATION_OK"
1437,10415845142,10415845182,1,"IOTHUB_CLIENT_CONFIRMATION_OK"
1438,10415845342,10415845383,1,"IOTHUB_CLIENT_CONFIRMATION_OK"
1439,10415845542,10415845588,1,"IOTHUB_CLIENT_CONFIRMATION_OK"
1440,10415845742,10415845847,1,"IOTHUB_CLIENT_CONFIRMATION_OK"
1441,10415845942,10415846017,1,"IOTHUB_CLIENT_CONFIRMATION_OK"
1442,10415846143,10415846186,1,"IOTHUB_CLIENT_CONFIRMATION_OK"
1443,10415846343,10415846401,1,"IOTHUB_CLIENT_CONFIRMATION_OK"
1444,10415846543,10415846603,1,"IOTHUB_CLIENT_CONFIRMATION_OK"
1445,10415846743,10415846780,1,"IOTHUB_CLIENT_CONFIRMATION_OK"
1446,10415846943,10415847008,1,"IOTHUB_CLIENT_CONFIRMATION_OK"
1447,10415847143,10415847198,1,"IOTHUB_CLIENT_CONFIRMATION_OK"
1448,10415847343,10415847418,1,"IOTHUB_CLIENT_CONFIRMATION_OK"
1449,10415847544,10415847709,1,"IOTHUB_CLIENT_CONFIRMATION_OK"
1450,10415847744,10415847796,1,"IOTHUB_CLIENT_CONFIRMATION_OK"
1451,10415847944,10415847991,1,"IOTHUB_CLIENT_CONFIRMATION_OK"
1452,10415848144,10415848199,1,"IOTHUB_CLIENT_CONFIRMATION_OK"
1453,10415848344,10415848383,1,"IOTHUB_CLIENT_CONFIRMATION_OK"
1454,10415848544,10415848614,1,"IOTHUB_CLIENT_CONFIRMATION_OK"
1455,10415848745,10415848791,1,"IOTHUB_CLIENT_CONFIRMATION_OK"
1456,10415848945,10415848985,1,"IOTHUB_CLIENT_CONFIRMATION_OK"
1457,10415849145,10415849253,1,"IOTHUB_CLIENT_CONFIRMATION_OK"
1458,10415849345,10415849384,1,"IOTHUB_CLIENT_CONFIRMATION_OK"
1459,10415849545,10415849612,1,"IOTHUB_CLIENT_CONFIRMATION_OK"
1460,10415849745,10415849783,1,"IOTHUB_CLIENT_CONFIRMATION_OK"
1461,10415849945,10415849993,1,"IOTHUB_CLIENT_CONFIRMATION_OK"
1462,10415850146,10415850184,1,"IOTHUB_CLIENT_CONFIRMATION_OK"
1463,10415850346,10415850382,1,"IOTHUB_CLIENT_CONFIRMATION_OK"
1464,10415850546,10415850595,1,"IOTHUB_CLIENT_CONFIRMATION_OK"
1465,10415850746,10415850788,1,"IOTHUB_CLIENT_CONFIRMATION_OK"
1466,10415850946,10415850986,1,"IOTHUB_CLIENT_CONFIRMATION_OK"
1467,10415851147,10415851190,1,"IOTHUB_CLIENT_CONFIRMATION_OK"
1468,10415851347,10415851401,1,"IOTHUB_CLIENT_CONFIRMATION_OK"
1469,10415851547,10415851593,1,"IOTHUB_CLIENT_CONFIRMATION_OK"
1470,10415851747,10415851800,1,"IOTHUB_CLIENT_CONFIRMATION_OK"
1471,10415851947,10415851986,1,"IOTHUB_CLIENT_CONFIRMATION_OK"
1472,10415852147,10415852196,1,"IOTHUB_CLIENT_CONFIRMATION_OK"
1473,10415852347,10415852397,1,"IOTHUB_CLIENT_CONFIRMATION_OK"
1474,10415852548,10415852660,1,"IOTHUB_CLIENT_CONFIRMATION_OK"
1475,10415852748,10415852789,1,"IOTHUB_CLIENT_CONFIRMATION_OK"
1476,10415852948,10415852987,1,"IOTHUB_CLIENT_CONFIRMATION_OK"
1477,10415853148,10415853184,1,"IOTHUB_CLIENT_CONFIRMATION_OK"
1478,10415853348,10415853403,1,"IOTHUB_CLIENT_CONFIRMATION_OK"
1479,10415853548,10415853598,1,"IOTHUB_CLIENT_CONFIRMATION_OK"
1480,10415853748,10415853786,1,"IOTHUB_CLIENT_CONFIRMATION_OK"
1481,10415853949,10415854024,1,"IOTHUB_CLIENT_CONFIRMATION_OK"
1482,10415854149,10415854188,1,"IOTHUB_CLIENT_CONFIRMATION_OK"
1483,10415854349,10415854392,1,"IOTHUB_CLIENT_CONFIRMATION_OK"
1484,10415854549,10415854597,1,"IOTHUB_CLIENT_CONFIRMATION_OK"
1485,10415854749,10415854834,1,"IOTHUB_CLIENT_CONFIRMATION_OK"
1486,10415854949,10415854993,1,"IOTHUB_CLIENT_CONFIRMATION_OK"
1487,10415855149,10415855184,1,"IOTHUB_CLIENT_CONFIRMATION_OK"
1488,10415855350,10415855426,1,"IOTHUB_CLIENT_CONFIRMATION_OK"
1489,10415855550,10415855602,1,"IOTHUB_CLIENT_CONFIRMATION_OK"
1490,10415855750,10415855787,1,"IOTHUB_CLIENT_CONFIRMATION_OK"
1491,10415855950,10415856042,1,"IOTHUB_CLIENT_CONFIRMATION_OK"
1492,10415856150,10415856190,1,"IOTHUB_CLIENT_CONFIRMATION_OK"
1493,10415856350,10415856388,1,"IOTHUB_CLIENT_CONFIRMATION_OK"
1494,10415856550,10415856585,1,"IOTHUB_CLIENT_CONFIRMATION_OK"
1495,10415856751,10415856795,1,"IOTHUB_CLIENT_CONFIRMATION_OK"
1496,10415856951,10415857000,1,"IOTHUB_CLIENT_CONFIRMATION_OK"
1497,10415857151,10415857238,1,"IOTHUB_CLIENT_CONFIRMATION_OK"
1498,10415857351,10415857397,1,"IOTHUB_CLIENT_CONFIRMATION_OK"
1499,10415857551,10415857590,1,"IOTHUB_CLIENT_CONFIRMATION_OK"
1500,10415857751,10415857789,1,"IOTHUB_CLIENT_CONFIRMATION_OK"
1501,10415857952,10415857996,1,"IOTHUB_CLIENT_CONFIRMATION_OK"
1502,10415858152,10415858191,1,"IOTHUB_CLIENT_CONFIRMATION_OK"
1503,10415858352,10415858400,1,"IOTHUB_CLIENT_CONFIRMATION_OK"
1504,10415858552,10415858612,1,"IOTHUB_CLIENT_CONFIRMATION_OK"
1505,10415858752,10415858788,1,"IOTHUB_CLIENT_CONFIRMATION_OK"
1506,10415858952,10415859013,1,"IOTHUB_CLIENT_CONFIRMATION_OK"
1507,10415859152,10415859365,1,"IOTHUB_CLIENT_CONFIRMATION_OK"
1508,10415859353,10415859397,1,"IOTHUB_CLIENT_CONFIRMATION_OK"
1509,10415859553,10415859601,1,"IOTHUB_CLIENT_CONFIRMATION_OK"
1510,10415859753,10415859802,1,"IOTHUB_CLIENT_CONFIRMATION_OK"
1511,10415859953,10415860028,1,"IOTHUB_CLIENT_CONFIRMATION_OK"
1512,10415860153,10415860196,1,"IOTHUB_CLIENT_CONFIRMATION_OK"
1513,10415860353,10415860393,1,"IOTHUB_CLIENT_CONFIRMATION_OK"
1514,10415860554,10415860596,1,"IOTHUB_CLIENT_CONFIRMATION_OK"
1515,10415860754,10415860801,1,"IOTHUB_CLIENT_CONFIRMATION_OK"
1516,10415860954,10415861020,1,"IOTHUB_CLIENT_CONFIRMATION_OK"
1517,10415861154,10415861215,1,"IOTHUB_CLIENT_CONFIRMATION_OK"
1518,10415861354,10415861397,1,"IOTHUB_CLIENT_CONFIRMATION_OK"
1519,10415861554,10415861592,1,"IOTHUB_CLIENT_CONFIRMATION_OK"
1520,10415861754,10415861817,1,"IOTHUB_CLIENT_CONFIRMATION_OK"
1521,10415861955,10415861997,1,"IOTHUB_CLIENT_CONFIRMATION_OK"
1522,10415862155,10415862202,1,"IOTHUB_CLIENT_CONFIRMATION_OK"
1523,10415862355,10415862418,1,"IOTHUB_CLIENT_CONFIRMATION_OK"
1524,10415862555,10415862605,1,"IOTHUB_CLIENT_CONFIRMATION_OK"
1525,10415862755,10415862820,1,"IOTHUB_CLIENT_CONFIRMATION_OK"
1526,10415862955,10415863003,1,"IOTHUB_CLIENT_CONFIRMATION_OK"
1527,10415863155,10415863290,1,"IOTHUB_CLIENT_CONFIRMATION_OK"
1528,10415863356,10415863399,1,"IOTHUB_CLIENT_CONFIRMATION_OK"
1529,10415863556,10415863591,1,"IOTHUB_CLIENT_CONFIRMATION_OK"
1530,10415863756,10415863953,1,"IOTHUB_CLIENT_CONFIRMATION_OK"
1531,10415863956,10415863996,1,"IOTHUB_CLIENT_CONFIRMATION_OK"
1532,10415864156,10415864208,1,"IOTHUB_CLIENT_CONFIRMATION_OK"
1533,10415864356,10415864415,1,"IOTHUB_CLIENT_CONFIRMATION_OK"
1534,10415864556,10415864613,1,"IOTHUB_CLIENT_CONFIRMATION_OK"
1535,10415864757,10415864812,1,"IOTHUB_CLIENT_CONFIRMATION_OK"
1536,10415864957,10415865162,1,"IOTHUB_CLIENT_CONFIRMATION_OK"
1537,10415865157,10415865204,1,"IOTHUB_CLIENT_CONFIRMATION_OK"
1538,10415865357,10415865392,1,"IOTHUB_CLIENT_CONFIRMATION_OK"
1539,10415865557,10415865604,1,"IOTHUB_CLIENT_CONFIRMATION_OK"
1540,10415865757,10415865792,1,"IOTHUB_CLIENT_CONFIRMATION_OK"
1541,10415865958,10415865993,1,"IOTHUB_CLIENT_CONFIRMATION_OK"
1542,10415866158,10415866199,1,"IOTHUB_CLIENT_CONFIRMATION_OK"
1543,10415866358,10415866425,1,"IOTHUB_CLIENT_CONFIRMATION_OK"
1544,10415866558,10415866598,1,"IOTHUB_CLIENT_CONFIRMATION_OK"
1545,10415866758,10415866803,1,"IOTHUB_CLIENT_CONFIRMATION_OK"
1546,10415866958,10415866996,1,"IOTHUB_CLIENT_CONFIRMATION_OK"
1547,10415867158,10415867200,1,"IOTHUB_CLIENT_CONFIRMATION_OK"
1548,10415867359,10415867430,1,"IOTHUB_CLIENT_CONFIRMATION_OK"
1549,10415867559,10415867609,1,"IOTHUB_CLIENT_CONFIRMATION_OK"
1550,10415867759,10415867801,1,"IOTHUB_CLIENT_CONFIRMATION_OK"
1551,10415867959,10415867999,1,"IOTHUB_CLIENT_CONFIRMATION_OK"
1552,10415868159,10415868242,1,"IOTHUB_CLIENT_CONFIRMATION_OK"
1553,10415868359,10415868421,1,"IOTHUB_CLIENT_CONFIRMATION_OK"
1554,10415868559,10415868617,1,"IOTHUB_CLIENT_CONFIRMATION_OK"
1555,10415868760,10415868797,1,"IOTHUB_CLIENT_CONFIRMATION_OK"
1556,10415868960,10415869030,1,"IOTHUB_CLIENT_CONFIRMATION_OK"
1557,10415869160,10415869201,1,"IOTHUB_CLIENT_CONFIRMATION_OK"
1558,10415869360,10415869408,1,"IOTHUB_CLIENT_CONFIRMATION_OK"
1559,10415869560,10415869653,1,"IOTHUB_CLIENT_CONFIRMATION_OK"
1560,10415869760,10415870043,1,"IOTHUB_CLIENT_CONFIRMATION_OK"
1561,10415869961,10415870080,1,"IOTHUB_CLIENT_CONFIRMATION_OK"
1562,10415870161,10415870364,1,"IOTHUB_CLIENT_CONFIRMATION_OK"
1563,10415870361,10415870420,1,"IOTHUB_CLIENT_CONFIRMATION_OK"
1564,10415870561,10415870720,1,"IOTHUB_CLIENT_CONFIRMATION_OK"
1565,10415870761,10415870838,1,"IOTHUB_CLIENT_CONFIRMATION_OK"
1566,10415870961,10415871002,1,"IOTHUB_CLIENT_CONFIRMATION_OK"
1567,10415871161,10415871199,1,"IOTHUB_CLIENT_CONFIRMATION_OK"
1568,10415871362,10415871399,1,"IOTHUB_CLIENT_CONFIRMATION_OK"
1569,10415871562,10415871618,1,"IOTHUB_CLIENT_CONFIRMATION_OK"
1570,10415871762,10415871796,1,"IOTHUB_CLIENT_CONFIRMATION_OK"
1571,10415871962,10415871998,1,"IOTHUB_CLIENT_CONFIRMATION_OK"
1572,10415872162,10415872199,1,"IOTHUB_CLIENT_CONFIRMATION_OK"
1573,10415872362,10415872417,1,"IOTHUB_CLIENT_CONFIRMATION_OK"
1574,10415872562,10415872607,1,"IOTHUB_CLIENT_CONFIRMATION_OK"
1575,10415872763,10415872919,1,"IOTHUB_CLIENT_CONFIRMATION_OK"
1576,10415872963,10415873014,1,"IOTHUB_CLIENT_CONFIRMATION_OK"
1577,10415873163,10415873242,1,"IOTHUB_CLIENT_CONFIRMATION_OK"
1578,10415873363,10415873419,1,"IOTHUB_CLIENT_CONFIRMATION_OK"
1579,10415873563,10415873597,1,"IOTHUB_CLIENT_CONFIRMATION_OK"
1580,10415873763,10415873811,1,"IOTHUB_CLIENT_CONFIRMATION_OK"
1581,10415873963,10415874009,1,"IOTHUB_CLIENT_CONFIRMATION_OK"
1582,10415874164,10415874205,1,"IOTHUB_CLIENT_CONFIRMATION_OK"
1583,10415874364,10415874414,1,"IOTHUB_CLIENT_CONFIRMATION_OK"
1584,10415874564,10415874618,1,"IOTHUB_CLIENT_CONFIRMATION_OK"
1585,10415874764,10415874847,1,"IOTHUB_CLIENT_CONFIRMATION_OK"
1586,10415874964,10415875012,1,"IOTHUB_CLIENT_CONFIRMATION_OK"
1587,10415875164,10415875208,1,"IOTHUB_CLIENT_CONFIRMATION_OK"
1588,10415875364,10415875534,1,"IOTHUB_CLIENT_CONFIRMATION_OK"
1589,10415875565,10415875657,1,"IOTHUB_CLIENT_CONFIRMATION_OK"
1590,10415875765,10415875867,1,"IOTHUB_CLIENT_CONFIRMATION_OK"
1591,10415875965,10415876057,1,"IOTHUB_CLIENT_CONFIRMATION_OK"
1592,10415876165,10415876202,1,"IOTHUB_CLIENT_CONFIRMATION_OK"
1593,10415876365,10415876404,1,"IOTHUB_CLIENT_CONFIRMATION_OK"
1594,10415876565,10415876616,1,"IOTHUB_CLIENT_CONFIRMATION_OK"
1595,10415876765,10415876803,1,"IOTHUB_CLIENT_CONFIRMATION_OK"
1596,10415876966,10415877014,1,"IOTHUB_CLIENT_CONFIRMATION_OK"
1597,10415877166,10415877209,1,"IOTHUB_CLIENT_CONFIRMATION_OK"
1598,10415877366,10415877408,1,"IOTHUB_CLIENT_CONFIRMATION_OK"
1599,10415877566,10415877609,1,"IOTHUB_CLIENT_CONFIRMATION_OK"
1600,10415877766,10415877806,1,"IOTHUB_CLIENT_CONFIRMATION_OK"
1601,10415877966,10415878034,1,"IOTHUB_CLIENT_CONFIRMATION_OK"
1602,10415878167,10415878203,1,"IOTHUB_CLIENT_CONFIRMATION_OK"
1603,10415878367,10415878424,1,"IOTHUB_CLIENT_CONFIRMATION_OK"
1604,10415878567,10415878719,1,"IOTHUB_CLIENT_CONFIRMATION_OK"
1605,10415878767,10415878877,1,"IOTHUB_CLIENT_CONFIRMATION_OK"
1606,10415878967,10415879166,1,"IOTHUB_CLIENT_CONFIRMATION_OK"
1607,10415879167,10415879371,1,"IOTHUB_CLIENT_CONFIRMATION_OK"
1608,10415879368,10415879414,1,"IOTHUB_CLIENT_CONFIRMATION_OK"
1609,10415879568,10415879607,1,"IOTHUB_CLIENT_CONFIRMATION_OK"
1610,10415879768,10415879811,1,"IOTHUB_CLIENT_CONFIRMATION_OK"
1611,10415879968,10415880012,1,"IOTHUB_CLIENT_CONFIRMATION_OK"
1612,10415880168,10415880209,1,"IOTHUB_CLIENT_CONFIRMATION_OK"
1613,10415880368,10415880411,1,"IOTHUB_CLIENT_CONFIRMATION_OK"
1614,10415880568,10415880633,1,"IOTHUB_CLIENT_CONFIRMATION_OK"
1615,10415880769,10415880806,1,"IOTHUB_CLIENT_CONFIRMATION_OK"
1616,10415880969,10415881010,1,"IOTHUB_CLIENT_CONFIRMATION_OK"
1617,10415881169,10415881208,1,"IOTHUB_CLIENT_CONFIRMATION_OK"
1618,10415881369,10415881423,1,"IOTHUB_CLIENT_CONFIRMATION_OK"
1619,10415881569,10415881613,1,"IOTHUB_CLIENT_CONFIRMATION_OK"
1620,10415881769,10415881996,1,"IOTHUB_CLIENT_CONFIRMATION_OK"
1621,10415881970,10415882019,1,"IOTHUB_CLIENT_CONFIRMATION_OK"
1622,10415882170,10415882327,1,"IOTHUB_CLIENT_CONFIRMATION_OK"
1623,10415882370,10415882415,1,"IOTHUB_CLIENT_CONFIRMATION_OK"
1624,10415882570,10415882607,1,"IOTHUB_CLIENT_CONFIRMATION_OK"
1625,10415882770,10415882805,1,"IOTHUB_CLIENT_CONFIRMATION_OK"
1626,10415882970,10415883020,1,"IOTHUB_CLIENT_CONFIRMATION_OK"
1627,10415883170,10415883212,1,"IOTHUB_CLIENT_CONFIRMATION_OK"
1628,10415883371,10415883420,1,"IOTHUB_CLIENT_CONFIRMATION_OK"
1629,10415883571,10415883619,1,"IOTHUB_CLIENT_CONFIRMATION_OK"
1630,10415883771,10415883823,1,"IOTHUB_CLIENT_CONFIRMATION_OK"
1631,10415883971,10415884008,1,"IOTHUB_CLIENT_CONFIRMATION_OK"
1632,10415884171,10415884228,1,"IOTHUB_CLIENT_CONFIRMATION_OK"
1633,10415884371,10415884416,1,"IOTHUB_CLIENT_CONFIRMATION_OK"
1634,10415884571,10415884661,1,"IOTHUB_CLIENT_CONFIRMATION_OK"
1635,10415884772,10415884813,1,"IOTHUB_CLIENT_CONFIRMATION_OK"
1636,10415884972,10415885125,1,"IOTHUB_CLIENT_CONFIRMATION_OK"
1637,10415885172,10415885211,1,"IOTHUB_CLIENT_CONFIRMATION_OK"
1638,10415885372,10415885418,1,"IOTHUB_CLIENT_CONFIRMATION_OK"
1639,10415885572,10415885621,1,"IOTHUB_CLIENT_CONFIRMATION_OK"
1640,10415885772,10415885862,1,"IOTHUB_CLIENT_CONFIRMATION_OK"
1641,10415885973,10415886027,1,"IOTHUB_CLIENT_CONFIRMATION_OK"
1642,10415886173,10415886214,1,"IOTHUB_CLIENT_CONFIRMATION_OK"
1643,10415886373,10415886451,1,"IOTHUB_CLIENT_CONFIRMATION_OK"
1644,10415886573,10415886626,1,"IOTHUB_CLIENT_CONFIRMATION_OK"
1645,10415886773,10415886810,1,"IOTHUB_CLIENT_CONFIRMATION_OK"
1646,10415886973,10415887078,1,"IOTHUB_CLIENT_CONFIRMATION_OK"
1647,10415887173,10415887221,1,"IOTHUB_CLIENT_CONFIRMATION_OK"
1648,10415887374,10415887425,1,"IOTHUB_CLIENT_CONFIRMATION_OK"
1649,10415887574,10415887660,1,"IOTHUB_CLIENT_CONFIRMATION_OK"
1650,10415887774,10415887839,1,"IOTHUB_CLIENT_CONFIRMATION_OK"
1651,10415887974,10415888021,1,"IOTHUB_CLIENT_CONFIRMATION_OK"
1652,10415888174,10415888240,1,"IOTHUB_CLIENT_CONFIRMATION_OK"
1653,10415888374,10415888433,1,"IOTHUB_CLIENT_CONFIRMATION_OK"
1654,10415888575,10415888629,1,"IOTHUB_CLIENT_CONFIRMATION_OK"
1655,10415888775,10415888823,1,"IOTHUB_CLIENT_CONFIRMATION_OK"
1656,10415888975,10415889014,1,"IOTHUB_CLIENT_CONFIRMATION_OK"
1657,10415889175,10415889208,1,"IOTHUB_CLIENT_CONFIRMATION_OK"
1658,10415889375,10415889424,1,"IOTHUB_CLIENT_CONFIRMATION_OK"
1659,10415889575,10415889699,1,"IOTHUB_CLIENT_CONFIRMATION_OK"
1660,10415889775,10415889840,1,"IOTHUB_CLIENT_CONFIRMATION_OK"
1661,10415889976,10415890018,1,"IOTHUB_CLIENT_CONFIRMATION_OK"
1662,10415890176,10415890323,1,"IOTHUB_CLIENT_CONFIRMATION_OK"
1663,10415890376,10415890409,1,"IOTHUB_CLIENT_CONFIRMATION_OK"
1664,10415890576,10415890616,1,"IOTHUB_CLIENT_CONFIRMATION_OK"
1665,10415890776,10415890827,1,"IOTHUB_CLIENT_CONFIRMATION_OK"
1666,10415890976,10415891023,1,"IOTHUB_CLIENT_CONFIRMATION_OK"
1667,10415891177,10415891222,1,"IOTHUB_CLIENT_CONFIRMATION_OK"
1668,10415891377,10415891418,1,"IOTHUB_CLIENT_CONFIRMATION_OK"
1669,10415891577,10415891632,1,"IOTHUB_CLIENT_CONFIRMATION_OK"
1670,10415891777,10415891813,1,"IOTHUB_CLIENT_CONFIRMATION_OK"
1671,10415891977,10415892022,1,"IOTHUB_CLIENT_CONFIRMATION_OK"
1672,10415892177,10415892215,1,"IOTHUB_CLIENT_CONFIRMATION_OK"
1673,10415892377,10415892428,1,"IOTHUB_CLIENT_CONFIRMATION_OK"
1674,10415892578,10415892616,1,"IOTHUB_CLIENT_CONFIRMATION_OK"
1675,10415892778,10415892829,1,"IOTHUB_CLIENT_CONFIRMATION_OK"
1676,10415892978,10415893018,1,"IOTHUB_CLIENT_CONFIRMATION_OK"
1677,10415893178,10415893247,1,"IOTHUB_CLIENT_CONFIRMATION_OK"
1678,10415893378,10415893593,1,"IOTHUB_CLIENT_CONFIRMATION_OK"
1679,10415893578,10415893624,1,"IOTHUB_CLIENT_CONFIRMATION_OK"
1680,10415893779,10415893822,1,"IOTHUB_CLIENT_CONFIRMATION_OK"
1681,10415893979,10415894028,1,"IOTHUB_CLIENT_CONFIRMATION_OK"
1682,10415894179,10415894237,1,"IOTHUB_CLIENT_CONFIRMATION_OK"
1683,10415894379,10415894416,1,"IOTHUB_CLIENT_CONFIRMATION_OK"
1684,10415894579,10415894643,1,"IOTHUB_CLIENT_CONFIRMATION_OK"
1685,10415894779,10415894823,1,"IOTHUB_CLIENT_CONFIRMATION_OK"
1686,10415894979,10415895022,1,"IOTHUB_CLIENT_CONFIRMATION_OK"
1687,10415895180,10415895217,1,"IOTHUB_CLIENT_CONFIRMATION_OK"
1688,10415895380,10415895420,1,"IOTHUB_CLIENT_CONFIRMATION_OK"
1689,10415895580,10415895671,1,"IOTHUB_CLIENT_CONFIRMATION_OK"
1690,10415895780,10415895848,1,"IOTHUB_CLIENT_CONFIRMATION_OK"
1691,10415895980,10415896027,1,"IOTHUB_CLIENT_CONFIRMATION_OK"
1692,10415896180,10415896239,1,"IOTHUB_CLIENT_CONFIRMATION_OK"
1693,10415896380,10415896426,1,"IOTHUB_CLIENT_CONFIRMATION_OK"
1694,10415896581,10415896635,1,"IOTHUB_CLIENT_CONFIRMATION_OK"
1695,10415896781,10415896823,1,"IOTHUB_CLIENT_CONFIRMATION_OK"
1696,10415896981,10415897022,1,"IOTHUB_CLIENT_CONFIRMATION_OK"
1697,10415897181,10415897222,1,"IOTHUB_CLIENT_CONFIRMATION_OK"
1698,10415897381,10415897449,1,"IOTHUB_CLIENT_CONFIRMATION_OK"
1699,10415897581,10415897631,1,"IOTHUB_CLIENT_CONFIRMATION_OK"
1700,10415897781,10415897842,1,"IOTHUB_CLIENT_CONFIRMATION_OK"
1701,10415897982,10415898061,1,"IOTHUB_CLIENT_CONFIRMATION_OK"
1702,10415898182,10415898221,1,"IOTHUB_CLIENT_CONFIRMATION_OK"
1703,10415898382,10415898420,1,"IOTHUB_CLIENT_CONFIRMATION_OK"
1704,10415898582,10415898689,1,"IOTHUB_CLIENT_CONFIRMATION_OK"
1705,10415898782,10415898825,1,"IOTHUB_CLIENT_CONFIRMATION_OK"
1706,10415898982,10415899034,1,"IOTHUB_CLIENT_CONFIRMATION_OK"
1707,10415899183,10415899280,1,"IOTHUB_CLIENT_CONFIRMATION_OK"
1708,10415899383,10415899427,1,"IOTHUB_CLIENT_CONFIRMATION_OK"
1709,10415899583,10415899623,1,"IOTHUB_CLIENT_CONFIRMATION_OK"
1710,10415899783,10415899837,1,"IOTHUB_CLIENT_CONFIRMATION_OK"
1711,10415899983,10415900037,1,"IOTHUB_CLIENT_CONFIRMATION_OK"
1712,10415900183,10415900223,1,"IOTHUB_CLIENT_CONFIRMATION_OK"
1713,10415900384,10415900433,1,"IOTHUB_CLIENT_CONFIRMATION_OK"
1714,10415900584,10415900627,1,"IOTHUB_CLIENT_CONFIRMATION_OK"
1715,10415900784,10415900826,1,"IOTHUB_CLIENT_CONFIRMATION_OK"
1716,10415900984,10415901033,1,"IOTHUB_CLIENT_CONFIRMATION_OK"
1717,10415901184,10415901341,1,"IOTHUB_CLIENT_CONFIRMATION_OK"
1718,10415901384,10415901424,1,"IOTHUB_CLIENT_CONFIRMATION_OK"
1719,10415901584,10415901621,1,"IOTHUB_CLIENT_CONFIRMATION_OK"
1720,10415901784,10415901920,1,"IOTHUB_CLIENT_CONFIRMATION_OK"
1721,10415901985,10415902035,1,"IOTHUB_CLIENT_CONFIRMATION_OK"
1722,10415902185,10415902243,1,"IOTHUB_CLIENT_CONFIRMATION_OK"
1723,10415902385,10415902429,1,"IOTHUB_CLIENT_CONFIRMATION_OK"
1724,10415902585,10415902620,1,"IOTHUB_CLIENT_CONFIRMATION_OK"
1725,10415902785,10415902821,1,"IOTHUB_CLIENT_CONFIRMATION_OK"
1726,10415902985,10415903030,1,"IOTHUB_CLIENT_CONFIRMATION_OK"
1727,10415903185,10415903219,1,"IOTHUB_CLIENT_CONFIRMATION_OK"
1728,10415903386,10415903424,1,"IOTHUB_CLIENT_CONFIRMATION_OK"
1729,10415903586,10415903621,1,"IOTHUB_CLIENT_CONFIRMATION_OK"
1730,10415903786,10415903830,1,"IOTHUB_CLIENT_CONFIRMATION_OK"
1731,10415903986,10415904021,1,"IOTHUB_CLIENT_CONFIRMATION_OK"
1732,10415904186,10415904233,1,"IOTHUB_CLIENT_CONFIRMATION_OK"
1733,10415904386,10415904464,1,"IOTHUB_CLIENT_CONFIRMATION_OK"
1734,10415904587,10415904624,1,"IOTHUB_CLIENT_CONFIRMATION_OK"
1735,10415904787,10415904843,1,"IOTHUB_CLIENT_CONFIRMATION_OK"
1736,10415904987,10415905038,1,"IOTHUB_CLIENT_CONFIRMATION_OK"
1737,10415905187,10415905239,1,"IOTHUB_CLIENT_CONFIRMATION_OK"
1738,10415905387,10415905439,1,"IOTHUB_CLIENT_CONFIRMATION_OK"
1739,10415905587,10415905640,1,"IOTHUB_CLIENT_CONFIRMATION_OK"
1740,10415905787,10415905858,1,"IOTHUB_CLIENT_CONFIRMATION_OK"
1741,10415905988,10415906028,1,"IOTHUB_CLIENT_CONFIRMATION_OK"
1742,10415906188,10415906229,1,"IOTHUB_CLIENT_CONFIRMATION_OK"
1743,10415906388,10415906474,1,"IOTHUB_CLIENT_CONFIRMATION_OK"
1744,10415906588,10415906623,1,"IOTHUB_CLIENT_CONFIRMATION_OK"
1745,10415906788,10415906834,1,"IOTHUB_CLIENT_CONFIRMATION_OK"
1746,10415906988,10415907100,1,"IOTHUB_CLIENT_CONFIRMATION_OK"
1747,10415907189,10415907229,1,"IOTHUB_CLIENT_CONFIRMATION_OK"
1748,10415907389,10415907428,1,"IOTHUB_CLIENT_CONFIRMATION_OK"
1749,10415907589,10415907731,1,"IOTHUB_CLIENT_CONFIRMATION_OK"
1750,10415907789,10415907823,1,"IOTHUB_CLIENT_CONFIRMATION_OK"
1751,10415907989,10415908023,1,"IOTHUB_CLIENT_CONFIRMATION_OK"
1752,10415908189,10415908244,1,"IOTHUB_CLIENT_CONFIRMATION_OK"
1753,10415908389,10415908428,1,"IOTHUB_CLIENT_CONFIRMATION_OK"
1754,10415908590,10415908638,1,"IOTHUB_CLIENT_CONFIRMATION_OK"
1755,10415908790,10415908827,1,"IOTHUB_CLIENT_CONFIRMATION_OK"
1756,10415908990,10415909030,1,"IOTHUB_CLIENT_CONFIRMATION_OK"
1757,10415909190,10415909230,1,"IOTHUB_CLIENT_CONFIRMATION_OK"
1758,10415909390,10415909439,1,"IOTHUB_CLIENT_CONFIRMATION_OK"
1759,10415909590,10415909634,1,"IOTHUB_CLIENT_CONFIRMATION_OK"
1760,10415909791,10415909837,1,"IOTHUB_CLIENT_CONFIRMATION_OK"
1761,10415909991,10415910042,1,"IOTHUB_CLIENT_CONFIRMATION_OK"
1762,10415910191,10415910353,1,"IOTHUB_CLIENT_CONFIRMATION_OK"
1763,10415910391,10415910448,1,"IOTHUB_CLIENT_CONFIRMATION_OK"
1764,10415910591,10415910634,1,"IOTHUB_CLIENT_CONFIRMATION_OK"
1765,10415910791,10415910840,1,"IOTHUB_CLIENT_CONFIRMATION_OK"
1766,10415910991,10415911034,1,"IOTHUB_CLIENT_CONFIRMATION_OK"
1767,10415911192,10415911236,1,"IOTHUB_CLIENT_CONFIRMATION_OK"
1768,10415911392,10415911428,1,"IOTHUB_CLIENT_CONFIRMATION_OK"
1769,10415911592,10415911636,1,"IOTHUB_CLIENT_CONFIRMATION_OK"
1770,10415911792,10415911835,1,"IOTHUB_CLIENT_CONFIRMATION_OK"
1771,10415911992,10415912077,1,"IOTHUB_CLIENT_CONFIRMATION_OK"
1772,10415912192,10415912229,1,"IOTHUB_CLIENT_CONFIRMATION_OK"
1773,10415912392,10415912433,1,"IOTHUB_CLIENT_CONFIRMATION_OK"
1774,10415912593,10415912631,1,"IOTHUB_CLIENT_CONFIRMATION_OK"
1775,10415912793,10415912849,1,"IOTHUB_CLIENT_CONFIRMATION_OK"
1776,10415912993,10415913035,1,"IOTHUB_CLIENT_CONFIRMATION_OK"
1777,10415913193,10415913286,1,"IOTHUB_CLIENT_CONFIRMATION_OK"
1778,10415913393,10415913590,1,"IOTHUB_CLIENT_CONFIRMATION_OK"
1779,10415913593,10415913636,1,"IOTHUB_CLIENT_CONFIRMATION_OK"
1780,10415913793,10415913837,1,"IOTHUB_CLIENT_CONFIRMATION_OK"
1781,10415913994,10415914028,1,"IOTHUB_CLIENT_CONFIRMATION_OK"
1782,10415914194,10415914227,1,"IOTHUB_CLIENT_CONFIRMATION_OK"
1783,10415914394,10415914494,1,"IOTHUB_CLIENT_CONFIRMATION_OK"
1784,10415914594,10415914635,1,"IOTHUB_CLIENT_CONFIRMATION_OK"
1785,10415914794,10415914847,1,"IOTHUB_CLIENT_CONFIRMATION_OK"
1786,10415914994,10415915045,1,"IOTHUB_CLIENT_CONFIRMATION_OK"
1787,10415915195,10415915229,1,"IOTHUB_CLIENT_CONFIRMATION_OK"
1788,10415915395,10415915440,1,"IOTHUB_CLIENT_CONFIRMATION_OK"
1789,10415915595,10415915639,1,"IOTHUB_CLIENT_CONFIRMATION_OK"
1790,10415915795,10415915831,1,"IOTHUB_CLIENT_CONFIRMATION_OK"
1791,10415915995,10415916041,1,"IOTHUB_CLIENT_CONFIRMATION_OK"
1792,10415916195,10415916232,1,"IOTHUB_CLIENT_CONFIRMATION_OK"
1793,10415916395,10415916447,1,"IOTHUB_CLIENT_CONFIRMATION_OK"
1794,10415916596,10415916635,1,"IOTHUB_CLIENT_CONFIRMATION_OK"
1795,10415916796,10415916891,1,"IOTHUB_CLIENT_CONFIRMATION_OK"
1796,10415916996,10415917052,1,"IOTHUB_CLIENT_CONFIRMATION_OK"
1797,10415917196,10415917240,1,"IOTHUB_CLIENT_CONFIRMATION_OK"
1798,10415917396,10415917436,1,"IOTHUB_CLIENT_CONFIRMATION_OK"
1799,10415917596,10415917645,1,"IOTHUB_CLIENT_CONFIRMATION_OK"
1800,10415917797,10415917831,1,"IOTHUB_CLIENT_CONFIRMATION_OK"
1801,10415917997,10415918113,1,"IOTHUB_CLIENT_CONFIRMATION_OK"
1802,10415918197,10415918253,1,"IOTHUB_CLIENT_CONFIRMATION_OK"
1803,10415918397,10415918458,1,"IOTHUB_CLIENT_CONFIRMATION_OK"
1804,10415918597,10415918717,1,"IOTHUB_CLIENT_CONFIRMATION_OK"
1805,10415918797,10415918838,1,"IOTHUB_CLIENT_CONFIRMATION_OK"
1806,10415918997,10415919041,1,"IOTHUB_CLIENT_CONFIRMATION_OK"
1807,10415919198,10415919325,1,"IOTHUB_CLIENT_CONFIRMATION_OK"
1808,10415919398,10415919439,1,"IOTHUB_CLIENT_CONFIRMATION_OK"
1809,10415919598,10415919656,1,"IOTHUB_CLIENT_CONFIRMATION_OK"
1810,10415919798,10415919835,1,"IOTHUB_CLIENT_CONFIRMATION_OK"
1811,10415919998,10415920035,1,"IOTHUB_CLIENT_CONFIRMATION_OK"
1812,10415920198,10415920283,1,"IOTHUB_CLIENT_CONFIRMATION_OK"
1813,10415920399,10415920447,1,"IOTHUB_CLIENT_CONFIRMATION_OK"
1814,10415920599,10415920637,1,"IOTHUB_CLIENT_CONFIRMATION_OK"
1815,10415920799,10415920839,1,"IOTHUB_CLIENT_CONFIRMATION_OK"
1816,10415920999,10415921069,1,"IOTHUB_CLIENT_CONFIRMATION_OK"
1817,10415921199,10415921243,1,"IOTHUB_CLIENT_CONFIRMATION_OK"
1818,10415921399,10415921440,1,"IOTHUB_CLIENT_CONFIRMATION_OK"
1819,10415921599,10415921689,1,"IOTHUB_CLIENT_CONFIRMATION_OK"
1820,10415921800,10415921966,1,"IOTHUB_CLIENT_CONFIRMATION_OK"
1821,10415922000,10415922036,1,"IOTHUB_CLIENT_CONFIRMATION_OK"
1822,10415922200,10415922255,1,"IOTHUB_CLIENT_CONFIRMATION_OK"
1823,10415922400,10415922437,1,"IOTHUB_CLIENT_CONFIRMATION_OK"
1824,10415922600,10415922641,1,"IOTHUB_CLIENT_CONFIRMATION_OK"
1825,10415922800,10415922852,1,"IOTHUB_CLIENT_CONFIRMATION_OK"
1826,10415923001,10415923063,1,"IOTHUB_CLIENT_CONFIRMATION_OK"
1827,10415923201,10415923239,1,"IOTHUB_CLIENT_CONFIRMATION_OK"
1828,10415923401,10415924380,1,"IOTHUB_CLIENT_CONFIRMATION_OK"
1829,10415923601,10415924441,1,"IOTHUB_CLIENT_CONFIRMATION_OK"
1830,10415923801,10415924491,1,"IOTHUB_CLIENT_CONFIRMATION_OK"
1831,10415924001,10415924538,1,"IOTHUB_CLIENT_CONFIRMATION_OK"
1832,10415924201,10415924712,1,"IOTHUB_CLIENT_CONFIRMATION_OK"
1833,10415924402,10415924775,1,"IOTHUB_CLIENT_CONFIRMATION_OK"
1834,10415924602,10415924833,1,"IOTHUB_CLIENT_CONFIRMATION_OK"
1835,10415924802,10415924870,1,"IOTHUB_CLIENT_CONFIRMATION_OK"
1836,10415925002,10415925043,1,"IOTHUB_CLIENT_CONFIRMATION_OK"
1837,10415925202,10415925260,1,"IOTHUB_CLIENT_CONFIRMATION_OK"
1838,10415925402,10415925443,1,"IOTHUB_CLIENT_CONFIRMATION_OK"
1839,10415925602,10415925687,1,"IOTHUB_CLIENT_CONFIRMATION_OK"
1840,10415925803,10415925869,1,"IOTHUB_CLIENT_CONFIRMATION_OK"
1841,10415926003,10415926044,1,"IOTHUB_CLIENT_CONFIRMATION_OK"
1842,10415926203,10415926244,1,"IOTHUB_CLIENT_CONFIRMATION_OK"
1843,10415926403,10415926477,1,"IOTHUB_CLIENT_CONFIRMATION_OK"
1844,10415926603,10415926639,1,"IOTHUB_CLIENT_CONFIRMATION_OK"
1845,10415926803,10415926901,1,"IOTHUB_CLIENT_CONFIRMATION_OK"
1846,10415927003,10415927129,1,"IOTHUB_CLIENT_CONFIRMATION_OK"
1847,10415927204,10415927249,1,"IOTHUB_CLIENT_CONFIRMATION_OK"
1848,10415927404,10415927452,1,"IOTHUB_CLIENT_CONFIRMATION_OK"
1849,10415927604,10415927691,1,"IOTHUB_CLIENT_CONFIRMATION_OK"
1850,10415927804,10415927868,1,"IOTHUB_CLIENT_CONFIRMATION_OK"
1851,10415928004,10415928051,1,"IOTHUB_CLIENT_CONFIRMATION_OK"
1852,10415928204,10415928248,1,"IOTHUB_CLIENT_CONFIRMATION_OK"
1853,10415928404,10415928451,1,"IOTHUB_CLIENT_CONFIRMATION_OK"
1854,10415928605,10415928653,1,"IOTHUB_CLIENT_CONFIRMATION_OK"
1855,10415928805,10415928846,1,"IOTHUB_CLIENT_CONFIRMATION_OK"
1856,10415929005,10415929044,1,"IOTHUB_CLIENT_CONFIRMATION_OK"
1857,10415929205,10415929281,1,"IOTHUB_CLIENT_CONFIRMATION_OK"
1858,10415929405,10415929441,1,"IOTHUB_CLIENT_CONFIRMATION_OK"
1859,10415929605,10415929738,1,"IOTHUB_CLIENT_CONFIRMATION_OK"
1860,10415929806,10415929915,1,"IOTHUB_CLIENT_CONFIRMATION_OK"
1861,10415930006,10415930047,1,"IOTHUB_CLIENT_CONFIRMATION_OK"
1862,10415930206,10415930254,1,"IOTHUB_CLIENT_CONFIRMATION_OK"
1863,10415930406,10415930485,1,"IOTHUB_CLIENT_CONFIRMATION_OK"
1864,10415930606,10415930647,1,"IOTHUB_CLIENT_CONFIRMATION_OK"
1865,10415930806,10415930862,1,"IOTHUB_CLIENT_CONFIRMATION_OK"
1866,10415931006,10415931078,1,"IOTHUB_CLIENT_CONFIRMATION_OK"
1867,10415931207,10415931250,1,"IOTHUB_CLIENT_CONFIRMATION_OK"
1868,10415931407,10415931448,1,"IOTHUB_CLIENT_CONFIRMATION_OK"
1869,10415931607,10415931649,1,"IOTHUB_CLIENT_CONFIRMATION_OK"
1870,10415931807,10415931849,1,"IOTHUB_CLIENT_CONFIRMATION_OK"
1871,10415932007,10415932044,1,"IOTHUB_CLIENT_CONFIRMATION_OK"
1872,10415932207,10415932250,1,"IOTHUB_CLIENT_CONFIRMATION_OK"
1873,10415932407,10415932517,1,"IOTHUB_CLIENT_CONFIRMATION_OK"
1874,10415932608,10415932650,1,"IOTHUB_CLIENT_CONFIRMATION_OK"
1875,10415932808,10415932866,1,"IOTHUB_CLIENT_CONFIRMATION_OK"
1876,10415933008,10415933045,1,"IOTHUB_CLIENT_CONFIRMATION_OK"
1877,10415933208,10415933249,1,"IOTHUB_CLIENT_CONFIRMATION_OK"
1878,10415933408,10415933600,1,"IOTHUB_CLIENT_CONFIRMATION_OK"
1879,10415933609,10415933654,1,"IOTHUB_CLIENT_CONFIRMATION_OK"
1880,10415933809,10415933862,1,"IOTHUB_CLIENT_CONFIRMATION_OK"
1881,10415934009,10415934054,1,"IOTHUB_CLIENT_CONFIRMATION_OK"
1882,10415934209,10415934269,1,"IOTHUB_CLIENT_CONFIRMATION_OK"
1883,10415934409,10415934450,1,"IOTHUB_CLIENT_CONFIRMATION_OK"
1884,10415934609,10415934650,1,"IOTHUB_CLIENT_CONFIRMATION_OK"
1885,10415934809,10415934852,1,"IOTHUB_CLIENT_CONFIRMATION_OK"
1886,10415935010,10415935294,1,"IOTHUB_CLIENT_CONFIRMATION_OK"
1887,10415935210,10415935352,1,"IOTHUB_CLIENT_CONFIRMATION_OK"
1888,10415935410,10415935484,1,"IOTHUB_CLIENT_CONFIRMATION_OK"
1889,10415935610,10415935654,1,"IOTHUB_CLIENT_CONFIRMATION_OK"
1890,10415935810,10415935866,1,"IOTHUB_CLIENT_CONFIRMATION_OK"
1891,10415936010,10415936101,1,"IOTHUB_CLIENT_CONFIRMATION_OK"
1892,10415936211,10415936260,1,"IOTHUB_CLIENT_CONFIRMATION_OK"
1893,10415936411,10415936448,1,"IOTHUB_CLIENT_CONFIRMATION_OK"
1894,10415936611,10415936665,1,"IOTHUB_CLIENT_CONFIRMATION_OK"
1895,10415936811,10415936861,1,"IOTHUB_CLIENT_CONFIRMATION_OK"
1896,10415937011,10415937058,1,"IOTHUB_CLIENT_CONFIRMATION_OK"
1897,10415937211,10415937260,1,"IOTHUB_CLIENT_CONFIRMATION_OK"
1898,10415937411,10415937457,1,"IOTHUB_CLIENT_CONFIRMATION_OK"
1899,10415937612,10415937652,1,"IOTHUB_CLIENT_CONFIRMATION_OK"
1900,10415937812,10415937922,1,"IOTHUB_CLIENT_CONFIRMATION_OK"
1901,10415938012,10415938130,1,"IOTHUB_CLIENT_CONFIRMATION_OK"
1902,10415938212,10415938269,1,"IOTHUB_CLIENT_CONFIRMATION_OK"
1903,10415938412,10415938458,1,"IOTHUB_CLIENT_CONFIRMATION_OK"
1904,10415938612,10415938751,1,"IOTHUB_CLIENT_CONFIRMATION_OK"
1905,10415938813,10415938856,1,"IOTHUB_CLIENT_CONFIRMATION_OK"
1906,10415939013,10415939055,1,"IOTHUB_CLIENT_CONFIRMATION_OK"
1907,10415939213,10415939377,1,"IOTHUB_CLIENT_CONFIRMATION_OK"
1908,10415939413,10415939513,1,"IOTHUB_CLIENT_CONFIRMATION_OK"
1909,10415939613,10415939667,1,"IOTHUB_CLIENT_CONFIRMATION_OK"
1910,10415939813,10415939859,1,"IOTHUB_CLIENT_CONFIRMATION_OK"
1911,10415940014,10415940049,1,"IOTHUB_CLIENT_CONFIRMATION_OK"
1912,10415940214,10415940260,1,"IOTHUB_CLIENT_CONFIRMATION_OK"
1913,10415940414,10415940450,1,"IOTHUB_CLIENT_CONFIRMATION_OK"
1914,10415940614,10415940672,1,"IOTHUB_CLIENT_CONFIRMATION_OK"
1915,10415940814,10415940858,1,"IOTHUB_CLIENT_CONFIRMATION_OK"
1916,10415941014,10415941051,1,"IOTHUB_CLIENT_CONFIRMATION_OK"
1917,10415941215,10415941258,1,"IOTHUB_CLIENT_CONFIRMATION_OK"
1918,10415941415,10415941448,1,"IOTHUB_CLIENT_CONFIRMATION_OK"
1919,10415941615,10415941652,1,"IOTHUB_CLIENT_CONFIRMATION_OK"
1920,10415941815,10415941866,1,"IOTHUB_CLIENT_CONFIRMATION_OK"
1921,10415942015,10415942062,1,"IOTHUB_CLIENT_CONFIRMATION_OK"
1922,10415942215,10415942263,1,"IOTHUB_CLIENT_CONFIRMATION_OK"
1923,10415942415,10415942462,1,"IOTHUB_CLIENT_CONFIRMATION_OK"
1924,10415942616,10415942691,1,"IOTHUB_CLIENT_CONFIRMATION_OK"
1925,10415942816,10415942864,1,"IOTHUB_CLIENT_CONFIRMATION_OK"
1926,10415943016,10415943074,1,"IOTHUB_CLIENT_CONFIRMATION_OK"
1927,10415943216,10415943286,1,"IOTHUB_CLIENT_CONFIRMATION_OK"
1928,10415943416,10415943462,1,"IOTHUB_CLIENT_CONFIRMATION_OK"
1929,10415943616,10415943671,1,"IOTHUB_CLIENT_CONFIRMATION_OK"
1930,10415943817,10415943876,1,"IOTHUB_CLIENT_CONFIRMATION_OK"
1931,10415944017,10415944082,1,"IOTHUB_CLIENT_CONFIRMATION_OK"
1932,10415944217,10415944263,1,"IOTHUB_CLIENT_CONFIRMATION_OK"
1933,10415944417,10415944499,1,"IOTHUB_CLIENT_CONFIRMATION_OK"
1934,10415944617,10415944679,1,"IOTHUB_CLIENT_CONFIRMATION_OK"
1935,10415944817,10415944865,1,"IOTHUB_CLIENT_CONFIRMATION_OK"
1936,10415945017,10415945060,1,"IOTHUB_CLIENT_CONFIRMATION_OK"
1937,10415945218,10415945288,1,"IOTHUB_CLIENT_CONFIRMATION_OK"
1938,10415945418,10415945449,1,"IOTHUB_CLIENT_CONFIRMATION_OK"
1939,10415945618,10415945660,1,"IOTHUB_CLIENT_CONFIRMATION_OK"
1940,10415945818,10415945860,1,"IOTHUB_CLIENT_CONFIRMATION_OK"
1941,10415946018,10415946065,1,"IOTHUB_CLIENT_CONFIRMATION_OK"
1942,10415946218,10415946272,1,"IOTHUB_CLIENT_CONFIRMATION_OK"
1943,10415946419,10415946524,1,"IOTHUB_CLIENT_CONFIRMATION_OK"
1944,10415946619,10415946672,1,"IOTHUB_CLIENT_CONFIRMATION_OK"
1945,10415946819,10415946862,1,"IOTHUB_CLIENT_CONFIRMATION_OK"
1946,10415947019,10415947157,1,"IOTHUB_CLIENT_CONFIRMATION_OK"
1947,10415947219,10415947258,1,"IOTHUB_CLIENT_CONFIRMATION_OK"
1948,10415947420,10415947449,1,"IOTHUB_CLIENT_CONFIRMATION_OK"
1949,10415947620,10415947804,1,"IOTHUB_CLIENT_CONFIRMATION_OK"
1950,10415947820,10415947863,1,"IOTHUB_CLIENT_CONFIRMATION_OK"
1951,10415948020,10415948070,1,"IOTHUB_CLIENT_CONFIRMATION_OK"
1952,10415948220,10415948262,1,"IOTHUB_CLIENT_CONFIRMATION_OK"
1953,10415948420,10415948465,1,"IOTHUB_CLIENT_CONFIRMATION_OK"
1954,10415948620,10415948668,1,"IOTHUB_CLIENT_CONFIRMATION_OK"
1955,10415948821,10415948895,1,"IOTHUB_CLIENT_CONFIRMATION_OK"
1956,10415949021,10415949062,1,"IOTHUB_CLIENT_CONFIRMATION_OK"
1957,10415949221,10415949279,1,"IOTHUB_CLIENT_CONFIRMATION_OK"
1958,10415949421,10415949462,1,"IOTHUB_CLIENT_CONFIRMATION_OK"
1959,10415949621,10415949704,1,"IOTHUB_CLIENT_CONFIRMATION_OK"
1960,10415949822,10415949952,1,"IOTHUB_CLIENT_CONFIRMATION_OK"
1961,10415950022,10415950065,1,"IOTHUB_CLIENT_CONFIRMATION_OK"
1962,10415950222,10415950257,1,"IOTHUB_CLIENT_CONFIRMATION_OK"
1963,10415950422,10415950474,1,"IOTHUB_CLIENT_CONFIRMATION_OK"
1964,10415950622,10415950694,1,"IOTHUB_CLIENT_CONFIRMATION_OK"
1965,10415950822,10415950869,1,"IOTHUB_CLIENT_CONFIRMATION_OK"
1966,10415951022,10415951078,1,"IOTHUB_CLIENT_CONFIRMATION_OK"
1967,10415951223,10415951261,1,"IOTHUB_CLIENT_CONFIRMATION_OK"
1968,10415951423,10415951463,1,"IOTHUB_CLIENT_CONFIRMATION_OK"
1969,10415951623,10415951678,1,"IOTHUB_CLIENT_CONFIRMATION_OK"
1970,10415951823,10415951875,1,"IOTHUB_CLIENT_CONFIRMATION_OK"
1971,10415952023,10415952069,1,"IOTHUB_CLIENT_CONFIRMATION_OK"
1972,10415952223,10415952268,1,"IOTHUB_CLIENT_CONFIRMATION_OK"
1973,10415952424,10415952467,1,"IOTHUB_CLIENT_CONFIRMATION_OK"
1974,10415952624,10415952665,1,"IOTHUB_CLIENT_CONFIRMATION_OK"
1975,10415952824,10415952887,1,"IOTHUB_CLIENT_CONFIRMATION_OK"
1976,10415953024,10415953069,1,"IOTHUB_CLIENT_CONFIRMATION_OK"
1977,10415953224,10415953265,1,"IOTHUB_CLIENT_CONFIRMATION_OK"
1978,10415953424,10415953485,1,"IOTHUB_CLIENT_CONFIRMATION_OK"
1979,10415953624,10415953664,1,"IOTHUB_CLIENT_CONFIRMATION_OK"
1980,10415953825,10415953863,1,"IOTHUB_CLIENT_CONFIRMATION_OK"
1981,10415954025,10415954061,1,"IOTHUB_CLIENT_CONFIRMATION_OK"
1982,10415954225,10415954262,1,"IOTHUB_CLIENT_CONFIRMATION_OK"
1983,10415954425,10415954472,1,"IOTHUB_CLIENT_CONFIRMATION_OK"
1984,10415954625,10415954681,1,"IOTHUB_CLIENT_CONFIRMATION_OK"
1985,10415954825,10415954917,1,"IOTHUB_CLIENT_CONFIRMATION_OK"
1986,10415955026,10415955092,1,"IOTHUB_CLIENT_CONFIRMATION_OK"
1987,10415955226,10415955271,1,"IOTHUB_CLIENT_CONFIRMATION_OK"
1988,10415955426,10415955543,1,"IOTHUB_CLIENT_CONFIRMATION_OK"
1989,10415955626,10415955671,1,"IOTHUB_CLIENT_CONFIRMATION_OK"
1990,10415955826,10415955909,1,"IOTHUB_CLIENT_CONFIRMATION_OK"
1991,10415956026,10415956142,1,"IOTHUB_CLIENT_CONFIRMATION_OK"
1992,10415956226,10415956267,1,"IOTHUB_CLIENT_CONFIRMATION_OK"
1993,10415956427,10415956489,1,"IOTHUB_CLIENT_CONFIRMATION_OK"
1994,10415956627,10415956678,1,"IOTHUB_CLIENT_CONFIRMATION_OK"
1995,10415956827,10415956874,1,"IOTHUB_CLIENT_CONFIRMATION_OK"
1996,10415957027,10415957065,1,"IOTHUB_CLIENT_CONFIRMATION_OK"
1997,10415957227,10415957275,1,"IOTHUB_CLIENT_CONFIRMATION_OK"
1998,10415957427,10415957479,1,"IOTHUB_CLIENT_CONFIRMATION_OK"
1999,10415957627,10415957670,1,"IOTHUB_CLIENT_CONFIRMATION_OK"
2000,10415957828,10415957865,1,"IOTHUB_CLIENT_CONFIRMATION_OK"
2001,10415958028,10415958063,1,"IOTHUB_CLIENT_CONFIRMATION_OK"
2002,10415958228,10415958273,1,"IOTHUB_CLIENT_CONFIRMATION_OK"
2003,10415958428,10415958465,1,"IOTHUB_CLIENT_CONFIRMATION_OK"
2004,10415958628,10415958676,1,"IOTHUB_CLIENT_CONFIRMATION_OK"
2005,10415958828,10415958901,1,"IOTHUB_CLIENT_CONFIRMATION_OK"
2006,10415959029,10415959081,1,"IOTHUB_CLIENT_CONFIRMATION_OK"
2007,10415959229,10415959445,1,"IOTHUB_CLIENT_CONFIRMATION_OK"
2008,10415959429,10415959485,1,"IOTHUB_CLIENT_CONFIRMATION_OK"
2009,10415959629,10415959672,1,"IOTHUB_CLIENT_CONFIRMATION_OK"
2010,10415959829,10415959868,1,"IOTHUB_CLIENT_CONFIRMATION_OK"
2011,10415960029,10415960090,1,"IOTHUB_CLIENT_CONFIRMATION_OK"
2012,10415960230,10415960268,1,"IOTHUB_CLIENT_CONFIRMATION_OK"
2013,10415960430,10415960468,1,"IOTHUB_CLIENT_CONFIRMATION_OK"
2014,10415960630,10415960678,1,"IOTHUB_CLIENT_CONFIRMATION_OK"
2015,10415960830,10415960879,1,"IOTHUB_CLIENT_CONFIRMATION_OK"
2016,10415961030,10415961073,1,"IOTHUB_CLIENT_CONFIRMATION_OK"
2017,10415961230,10415961294,1,"IOTHUB_CLIENT_CONFIRMATION_OK"
2018,10415961431,10415961501,1,"IOTHUB_CLIENT_CONFIRMATION_OK"
2019,10415961631,10415961689,1,"IOTHUB_CLIENT_CONFIRMATION_OK"
2020,10415961831,10415961901,1,"IOTHUB_CLIENT_CONFIRMATION_OK"
2021,10415962031,10415962110,1,"IOTHUB_CLIENT_CONFIRMATION_OK"
2022,10415962231,10415962268,1,"IOTHUB_CLIENT_CONFIRMATION_OK"
2023,10415962431,10415962475,1,"IOTHUB_CLIENT_CONFIRMATION_OK"
2024,10415962631,10415962688,1,"IOTHUB_CLIENT_CONFIRMATION_OK"
2025,10415962831,10415962879,1,"IOTHUB_CLIENT_CONFIRMATION_OK"
2026,10415963032,10415963068,1,"IOTHUB_CLIENT_CONFIRMATION_OK"
2027,10415963232,10415963278,1,"IOTHUB_CLIENT_CONFIRMATION_OK"
2028,10415963432,10415963470,1,"IOTHUB_CLIENT_CONFIRMATION_OK"
2029,10415963632,10415963669,1,"IOTHUB_CLIENT_CONFIRMATION_OK"
2030,10415963832,10415963952,1,"IOTHUB_CLIENT_CONFIRMATION_OK"
2031,10415964033,10415964074,1,"IOTHUB_CLIENT_CONFIRMATION_OK"
2032,10415964233,10415964268,1,"IOTHUB_CLIENT_CONFIRMATION_OK"
2033,10415964433,10415964551,1,"IOTHUB_CLIENT_CONFIRMATION_OK"
2034,10415964633,10415964674,1,"IOTHUB_CLIENT_CONFIRMATION_OK"
2035,10415964833,10415964870,1,"IOTHUB_CLIENT_CONFIRMATION_OK"
2036,10415965033,10415965077,1,"IOTHUB_CLIENT_CONFIRMATION_OK"
2037,10415965234,10415965333,1,"IOTHUB_CLIENT_CONFIRMATION_OK"
2038,10415965434,10415965479,1,"IOTHUB_CLIENT_CONFIRMATION_OK"
2039,10415965634,10415965678,1,"IOTHUB_CLIENT_CONFIRMATION_OK"
2040,10415965834,10415965880,1,"IOTHUB_CLIENT_CONFIRMATION_OK"
2041,10415966034,10415966075,1,"IOTHUB_CLIENT_CONFIRMATION_OK"
2042,10415966234,10415966284,1,"IOTHUB_CLIENT_CONFIRMATION_OK"
2043,10415966434,10415966471,1,"IOTHUB_CLIENT_CONFIRMATION_OK"
2044,10415966635,10415966677,1,"IOTHUB_CLIENT_CONFIRMATION_OK"
2045,10415966835,10415966921,1,"IOTHUB_CLIENT_CONFIRMATION_OK"
2046,10415967035,10415967077,1,"IOTHUB_CLIENT_CONFIRMATION_OK"
2047,10415967235,10415967286,1,"IOTHUB_CLIENT_CONFIRMATION_OK"
2048,10415967435,10415967480,1,"IOTHUB_CLIENT_CONFIRMATION_OK"
2049,10415967635,10415967706,1,"IOTHUB_CLIENT_CONFIRMATION_OK"
2050,10415967836,10415967883,1,"IOTHUB_CLIENT_CONFIRMATION_OK"
2051,10415968036,10415968076,1,"IOTHUB_CLIENT_CONFIRMATION_OK"
2052,10415968236,10415968279,1,"IOTHUB_CLIENT_CONFIRMATION_OK"
2053,10415968436,10415968479,1,"IOTHUB_CLIENT_CONFIRMATION_OK"
2054,10415968636,10415968678,1,"IOTHUB_CLIENT_CONFIRMATION_OK"
2055,10415968836,10415968872,1,"IOTHUB_CLIENT_CONFIRMATION_OK"
2056,10415969037,10415969150,1,"IOTHUB_CLIENT_CONFIRMATION_OK"
2057,10415969237,10415969274,1,"IOTHUB_CLIENT_CONFIRMATION_OK"
2058,10415969437,10415969476,1,"IOTHUB_CLIENT_CONFIRMATION_OK"
2059,10415969637,10415969738,1,"IOTHUB_CLIENT_CONFIRMATION_OK"
2060,10415969837,10415969890,1,"IOTHUB_CLIENT_CONFIRMATION_OK"
2061,10415970037,10415970082,1,"IOTHUB_CLIENT_CONFIRMATION_OK"
2062,10415970237,10415970357,1,"IOTHUB_CLIENT_CONFIRMATION_OK"
2063,10415970438,10415970478,1,"IOTHUB_CLIENT_CONFIRMATION_OK"
2064,10415970638,10415970676,1,"IOTHUB_CLIENT_CONFIRMATION_OK"
2065,10415970838,10415970895,1,"IOTHUB_CLIENT_CONFIRMATION_OK"
2066,10415971038,10415971093,1,"IOTHUB_CLIENT_CONFIRMATION_OK"
2067,10415971238,10415971289,1,"IOTHUB_CLIENT_CONFIRMATION_OK"
2068,10415971438,10415971484,1,"IOTHUB_CLIENT_CONFIRMATION_OK"
2069,10415971638,10415971682,1,"IOTHUB_CLIENT_CONFIRMATION_OK"
2070,10415971839,10415971890,1,"IOTHUB_CLIENT_CONFIRMATION_OK"
2071,10415972039,10415972079,1,"IOTHUB_CLIENT_CONFIRMATION_OK"
2072,10415972239,10415972280,1,"IOTHUB_CLIENT_CONFIRMATION_OK"
2073,10415972439,10415972490,1,"IOTHUB_CLIENT_CONFIRMATION_OK"
2074,10415972639,10415972682,1,"IOTHUB_CLIENT_CONFIRMATION_OK"
2075,10415972839,10415972915,1,"IOTHUB_CLIENT_CONFIRMATION_OK"
2076,10415973040,10415973084,1,"IOTHUB_CLIENT_CONFIRMATION_OK"
2077,10415973240,10415973280,1,"IOTHUB_CLIENT_CONFIRMATION_OK"
2078,10415973440,10415973693,1,"IOTHUB_CLIENT_CONFIRMATION_OK"
2079,10415973640,10415973723,1,"IOTHUB_CLIENT_CONFIRMATION_OK"
2080,10415973840,10415973889,1,"IOTHUB_CLIENT_CONFIRMATION_OK"
2081,10415974040,10415974078,1,"IOTHUB_CLIENT_CONFIRMATION_OK"
2082,10415974240,10415974343,1,"IOTHUB_CLIENT_CONFIRMATION_OK"
2083,10415974441,10415974478,1,"IOTHUB_CLIENT_CONFIRMATION_OK"
2084,10415974641,10415974692,1,"IOTHUB_CLIENT_CONFIRMATION_OK"
2085,10415974841,10415974939,1,"IOTHUB_CLIENT_CONFIRMATION_OK"
2086,10415975041,10415975089,1,"IOTHUB_CLIENT_CONFIRMATION_OK"
2087,10415975241,10415975281,1,"IOTHUB_CLIENT_CONFIRMATION_OK"
2088,10415975441,10415975548,1,"IOTHUB_CLIENT_CONFIRMATION_OK"
2089,10415975642,10415975684,1,"IOTHUB_CLIENT_CONFIRMATION_OK"
2090,10415975842,10415975887,1,"IOTHUB_CLIENT_CONFIRMATION_OK"
2091,10415976042,10415976174,1,"IOTHUB_CLIENT_CONFIRMATION_OK"
2092,10415976242,10415976290,1,"IOTHUB_CLIENT_CONFIRMATION_OK"
2093,10415976442,10415976497,1,"IOTHUB_CLIENT_CONFIRMATION_OK"
2094,10415976642,10415976687,1,"IOTHUB_CLIENT_CONFIRMATION_OK"
2095,10415976843,10415976878,1,"IOTHUB_CLIENT_CONFIRMATION_OK"
2096,10415977043,10415977098,1,"IOTHUB_CLIENT_CONFIRMATION_OK"
2097,10415977243,10415977485,1,"IOTHUB_CLIENT_CONFIRMATION_OK"
2098,10415977443,10415977530,1,"IOTHUB_CLIENT_CONFIRMATION_OK"
2099,10415977643,10415977677,1,"IOTHUB_CLIENT_CONFIRMATION_OK"
2100,10415977843,10415977902,1,"IOTHUB_CLIENT_CONFIRMATION_OK"
2101,10415978043,10415978100,1,"IOTHUB_CLIENT_CONFIRMATION_OK"
2102,10415978244,10415978283,1,"IOTHUB_CLIENT_CONFIRMATION_OK"
2103,10415978444,10415978493,1,"IOTHUB_CLIENT_CONFIRMATION_OK"
2104,10415978644,10415978831,1,"IOTHUB_CLIENT_CONFIRMATION_OK"
2105,10415978844,10415978894,1,"IOTHUB_CLIENT_CONFIRMATION_OK"
2106,10415979044,10415979082,1,"IOTHUB_CLIENT_CONFIRMATION_OK"
2107,10415979244,10415979452,1,"IOTHUB_CLIENT_CONFIRMATION_OK"
2108,10415979445,10415979485,1,"IOTHUB_CLIENT_CONFIRMATION_OK"
2109,10415979645,10415979679,1,"IOTHUB_CLIENT_CONFIRMATION_OK"
2110,10415979845,10415979922,1,"IOTHUB_CLIENT_CONFIRMATION_OK"
2111,10415980045,10415980083,1,"IOTHUB_CLIENT_CONFIRMATION_OK"
2112,10415980245,10415980308,1,"IOTHUB_CLIENT_CONFIRMATION_OK"
2113,10415980445,10415980488,1,"IOTHUB_CLIENT_CONFIRMATION_OK"
2114,10415980645,10415980690,1,"IOTHUB_CLIENT_CONFIRMATION_OK"
2115,10415980846,10415980892,1,"IOTHUB_CLIENT_CONFIRMATION_OK"
2116,10415981046,10415981103,1,"IOTHUB_CLIENT_CONFIRMATION_OK"
2117,10415981246,10415981289,1,"IOTHUB_CLIENT_CONFIRMATION_OK"
2118,10415981446,10415981482,1,"IOTHUB_CLIENT_CONFIRMATION_OK"
2119,10415981646,10415981692,1,"IOTHUB_CLIENT_CONFIRMATION_OK"
2120,10415981846,10415981903,1,"IOTHUB_CLIENT_CONFIRMATION_OK"
2121,10415982047,10415982092,1,"IOTHUB_CLIENT_CONFIRMATION_OK"
2122,10415982247,10415982306,1,"IOTHUB_CLIENT_CONFIRMATION_OK"
2123,10415982447,10415982502,1,"IOTHUB_CLIENT_CONFIRMATION_OK"
2124,10415982647,10415982724,1,"IOTHUB_CLIENT_CONFIRMATION_OK"
2125,10415982847,10415982887,1,"IOTHUB_CLIENT_CONFIRMATION_OK"
2126,10415983047,10415983087,1,"IOTHUB_CLIENT_CONFIRMATION_OK"
2127,10415983248,10415983365,1,"IOTHUB_CLIENT_CONFIRMATION_OK"
2128,10415983448,10415983505,1,"IOTHUB_CLIENT_CONFIRMATION_OK"
2129,10415983648,10415983766,1,"IOTHUB_CLIENT_CONFIRMATION_OK"
2130,10415983848,10415984018,1,"IOTHUB_CLIENT_CONFIRMATION_OK"
2131,10415984048,10415984122,1,"IOTHUB_CLIENT_CONFIRMATION_OK"
2132,10415984248,10415984292,1,"IOTHUB_CLIENT_CONFIRMATION_OK"
2133,10415984448,10415984601,1,"IOTHUB_CLIENT_CONFIRMATION_OK"
2134,10415984649,10415984698,1,"IOTHUB_CLIENT_CONFIRMATION_OK"
2135,10415984849,10415984895,1,"IOTHUB_CLIENT_CONFIRMATION_OK"
2136,10415985049,10415985086,1,"IOTHUB_CLIENT_CONFIRMATION_OK"
2137,10415985249,10415985289,1,"IOTHUB_CLIENT_CONFIRMATION_OK"
2138,10415985449,10415985486,1,"IOTHUB_CLIENT_CONFIRMATION_OK"
2139,10415985649,10415985691,1,"IOTHUB_CLIENT_CONFIRMATION_OK"
2140,10415985849,10415985895,1,"IOTHUB_CLIENT_CONFIRMATION_OK"
2141,10415986050,10415986086,1,"IOTHUB_CLIENT_CONFIRMATION_OK"
2142,10415986250,10415986286,1,"IOTHUB_CLIENT_CONFIRMATION_OK"
2143,10415986450,10415986498,1,"IOTHUB_CLIENT_CONFIRMATION_OK"
2144,10415986650,10415986693,1,"IOTHUB_CLIENT_CONFIRMATION_OK"
2145,10415986850,10415986896,1,"IOTHUB_CLIENT_CONFIRMATION_OK"
2146,10415987050,10415987087,1,"IOTHUB_CLIENT_CONFIRMATION_OK"
2147,10415987251,10415987302,1,"IOTHUB_CLIENT_CONFIRMATION_OK"
2148,10415987451,10415987501,1,"IOTHUB_CLIENT_CONFIRMATION_OK"
2149,10415987651,10415987710,1,"IOTHUB_CLIENT_CONFIRMATION_OK"
2150,10415987851,10415987890,1,"IOTHUB_CLIENT_CONFIRMATION_OK"
2151,10415988051,10415988094,1,"IOTHUB_CLIENT_CONFIRMATION_OK"
2152,10415988251,10415988298,1,"IOTHUB_CLIENT_CONFIRMATION_OK"
2153,10415988452,10415988485,1,"IOTHUB_CLIENT_CONFIRMATION_OK"
2154,10415988652,10415988700,1,"IOTHUB_CLIENT_CONFIRMATION_OK"
2155,10415988852,10415988900,1,"IOTHUB_CLIENT_CONFIRMATION_OK"
2156,10415989052,10415989146,1,"IOTHUB_CLIENT_CONFIRMATION_OK"
2157,10415989252,10415989309,1,"IOTHUB_CLIENT_CONFIRMATION_OK"
2158,10415989452,10415989489,1,"IOTHUB_CLIENT_CONFIRMATION_OK"
2159,10415989652,10415989764,1,"IOTHUB_CLIENT_CONFIRMATION_OK"
2160,10415989853,10415989927,1,"IOTHUB_CLIENT_CONFIRMATION_OK"
2161,10415990053,10415990097,1,"IOTHUB_CLIENT_CONFIRMATION_OK"
2162,10415990253,10415990435,1,"IOTHUB_CLIENT_CONFIRMATION_OK"
2163,10415990453,10415990503,1,"IOTHUB_CLIENT_CONFIRMATION_OK"
2164,10415990653,10415990708,1,"IOTHUB_CLIENT_CONFIRMATION_OK"
2165,10415990853,10415990892,1,"IOTHUB_CLIENT_CONFIRMATION_OK"
2166,10415991054,10415991129,1,"IOTHUB_CLIENT_CONFIRMATION_OK"
2167,10415991254,10415991301,1,"IOTHUB_CLIENT_CONFIRMATION_OK"
2168,10415991454,10415991506,1,"IOTHUB_CLIENT_CONFIRMATION_OK"
2169,10415991654,10415991694,1,"IOTHUB_CLIENT_CONFIRMATION_OK"
2170,10415991854,10415991897,1,"IOTHUB_CLIENT_CONFIRMATION_OK"
2171,10415992054,10415992092,1,"IOTHUB_CLIENT_CONFIRMATION_OK"
2172,10415992255,10415992294,1,"IOTHUB_CLIENT_CONFIRMATION_OK"
2173,10415992455,10415992491,1,"IOTHUB_CLIENT_CONFIRMATION_OK"
2174,10415992655,10415992698,1,"IOTHUB_CLIENT_CONFIRMATION_OK"
2175,10415992855,10415992914,1,"IOTHUB_CLIENT_CONFIRMATION_OK"
2176,10415993055,10415993103,1,"IOTHUB_CLIENT_CONFIRMATION_OK"
2177,10415993255,10415993299,1,"IOTHUB_CLIENT_CONFIRMATION_OK"
2178,10415993456,10415993742,1,"IOTHUB_CLIENT_CONFIRMATION_OK"
2179,10415993656,10415993761,1,"IOTHUB_CLIENT_CONFIRMATION_OK"
2180,10415993856,10415993899,1,"IOTHUB_CLIENT_CONFIRMATION_OK"
2181,10415994056,10415994093,1,"IOTHUB_CLIENT_CONFIRMATION_OK"
2182,10415994256,10415994346,1,"IOTHUB_CLIENT_CONFIRMATION_OK"
2183,10415994456,10415994519,1,"IOTHUB_CLIENT_CONFIRMATION_OK"
2184,10415994656,10415994697,1,"IOTHUB_CLIENT_CONFIRMATION_OK"
2185,10415994857,10415994895,1,"IOTHUB_CLIENT_CONFIRMATION_OK"
2186,10415995057,10415995100,1,"IOTHUB_CLIENT_CONFIRMATION_OK"
2187,10415995257,10415995305,1,"IOTHUB_CLIENT_CONFIRMATION_OK"
2188,10415995457,10415995528,1,"IOTHUB_CLIENT_CONFIRMATION_OK"
2189,10415995657,10415995700,1,"IOTHUB_CLIENT_CONFIRMATION_OK"
2190,10415995857,10415995896,1,"IOTHUB_CLIENT_CONFIRMATION_OK"
2191,10415996058,10415996152,1,"IOTHUB_CLIENT_CONFIRMATION_OK"
2192,10415996258,10415996317,1,"IOTHUB_CLIENT_CONFIRMATION_OK"
2193,10415996458,10415996495,1,"IOTHUB_CLIENT_CONFIRMATION_OK"
2194,10415996658,10415996698,1,"IOTHUB_CLIENT_CONFIRMATION_OK"
2195,10415996858,10415996897,1,"IOTHUB_CLIENT_CONFIRMATION_OK"
2196,10415997058,10415997098,1,"IOTHUB_CLIENT_CONFIRMATION_OK"
2197,10415997258,10415997313,1,"IOTHUB_CLIENT_CONFIRMATION_OK"
2198,10415997459,10415997510,1,"IOTHUB_CLIENT_CONFIRMATION_OK"
2199,10415997659,10415997702,1,"IOTHUB_CLIENT_CONFIRMATION_OK"
2200,10415997859,10415997896,1,"IOTHUB_CLIENT_CONFIRMATION_OK"
2201,10415998059,10415998103,1,"IOTHUB_CLIENT_CONFIRMATION_OK"
2202,10415998259,10415998301,1,"IOTHUB_CLIENT_CONFIRMATION_OK"
2203,10415998459,10415998502,1,"IOTHUB_CLIENT_CONFIRMATION_OK"
2204,10415998660,10415998810,1,"IOTHUB_CLIENT_CONFIRMATION_OK"
2205,10415998860,10415998916,1,"IOTHUB_CLIENT_CONFIRMATION_OK"
2206,10415999060,10415999112,1,"IOTHUB_CLIENT_CONFIRMATION_OK"
2207,10415999260,10415999427,1,"IOTHUB_CLIENT_CONFIRMATION_OK"
2208,10415999460,10415999497,1,"IOTHUB_CLIENT_CONFIRMATION_OK"
2209,10415999660,10415999706,1,"IOTHUB_CLIENT_CONFIRMATION_OK"
2210,10415999861,10415999899,1,"IOTHUB_CLIENT_CONFIRMATION_OK"
2211,10416000061,10416000097,1,"IOTHUB_CLIENT_CONFIRMATION_OK"
2212,10416000261,10416000297,1,"IOTHUB_CLIENT_CONFIRMATION_OK"
2213,10416000461,10416000512,1,"IOTHUB_CLIENT_CONFIRMATION_OK"
2214,10416000661,10416000701,1,"IOTHUB_CLIENT_CONFIRMATION_OK"
2215,10416000861,10416000907,1,"IOTHUB_CLIENT_CONFIRMATION_OK"
2216,10416001061,10416001101,1,"IOTHUB_CLIENT_CONFIRMATION_OK"
2217,10416001262,10416001317,1,"IOTHUB_CLIENT_CONFIRMATION_OK"
2218,10416001462,10416001501,1,"IOTHUB_CLIENT_CONFIRMATION_OK"
2219,10416001662,10416001712,1,"IOTHUB_CLIENT_CONFIRMATION_OK"
2220,10416001862,10416001927,1,"IOTHUB_CLIENT_CONFIRMATION_OK"
2221,10416002062,10416002115,1,"IOTHUB_CLIENT_CONFIRMATION_OK"
2222,10416002262,10416002300,1,"IOTHUB_CLIENT_CONFIRMATION_OK"
2223,10416002463,10416002504,1,"IOTHUB_CLIENT_CONFIRMATION_OK"
2224,10416002663,10416002776,1,"IOTHUB_CLIENT_CONFIRMATION_OK"
2225,10416002863,10416002909,1,"IOTHUB_CLIENT_CONFIRMATION_OK"
2226,10416003063,10416003108,1,"IOTHUB_CLIENT_CONFIRMATION_OK"
2227,10416003263,10416003321,1,"IOTHUB_CLIENT_CONFIRMATION_OK"
2228,10416003463,10416003505,1,"IOTHUB_CLIENT_CONFIRMATION_OK"
2229,10416003664,10416003719,1,"IOTHUB_CLIENT_CONFIRMATION_OK"
2230,10416003864,10416003911,1,"IOTHUB_CLIENT_CONFIRMATION_OK"
2231,10416004064,10416004107,1,"IOTHUB_CLIENT_CONFIRMATION_OK"
2232,10416004264,10416004299,1,"IOTHUB_CLIENT_CONFIRMATION_OK"
2233,10416004464,10416004506,1,"IOTHUB_CLIENT_CONFIRMATION_OK"
2234,10416004664,10416004700,1,"IOTHUB_CLIENT_CONFIRMATION_OK"
2235,10416004864,10416004913,1,"IOTHUB_CLIENT_CONFIRMATION_OK"
2236,10416005065,10416005104,1,"IOTHUB_CLIENT_CONFIRMATION_OK"
2237,10416005265,10416005313,1,"IOTHUB_CLIENT_CONFIRMATION_OK"
2238,10416005465,10416005512,1,"IOTHUB_CLIENT_CONFIRMATION_OK"
2239,10416005665,10416005703,1,"IOTHUB_CLIENT_CONFIRMATION_OK"
2240,10416005865,10416005911,1,"IOTHUB_CLIENT_CONFIRMATION_OK"
2241,10416006065,10416006111,1,"IOTHUB_CLIENT_CONFIRMATION_OK"
2242,10416006266,10416006317,1,"IOTHUB_CLIENT_CONFIRMATION_OK"
2243,10416006466,10416006522,1,"IOTHUB_CLIENT_CONFIRMATION_OK"
2244,10416006666,10416006738,1,"IOTHUB_CLIENT_CONFIRMATION_OK"
2245,10416006866,10416006897,1,"IOTHUB_CLIENT_CONFIRMATION_OK"
2246,10416007066,10416007129,1,"IOTHUB_CLIENT_CONFIRMATION_OK"
2247,10416007266,10416007304,1,"IOTHUB_CLIENT_CONFIRMATION_OK"
2248,10416007467,10416007502,1,"IOTHUB_CLIENT_CONFIRMATION_OK"
2249,10416007667,10416007754,1,"IOTHUB_CLIENT_CONFIRMATION_OK"
2250,10416007867,10416007917,1,"IOTHUB_CLIENT_CONFIRMATION_OK"
2251,10416008067,10416008130,1,"IOTHUB_CLIENT_CONFIRMATION_OK"
2252,10416008267,10416008303,1,"IOTHUB_CLIENT_CONFIRMATION_OK"
2253,10416008467,10416008535,1,"IOTHUB_CLIENT_CONFIRMATION_OK"
2254,10416008667,10416008708,1,"IOTHUB_CLIENT_CONFIRMATION_OK"
2255,10416008868,10416008912,1,"IOTHUB_CLIENT_CONFIRMATION_OK"
2256,10416009068,10416009110,1,"IOTHUB_CLIENT_CONFIRMATION_OK"
2257,10416009268,10416009305,1,"IOTHUB_CLIENT_CONFIRMATION_OK"
2258,10416009468,10416009507,1,"IOTHUB_CLIENT_CONFIRMATION_OK"
2259,10416009668,10416009812,1,"IOTHUB_CLIENT_CONFIRMATION_OK"
2260,10416009869,10416009916,1,"IOTHUB_CLIENT_CONFIRMATION_OK"
2261,10416010069,10416010131,1,"IOTHUB_CLIENT_CONFIRMATION_OK"
2262,10416010269,10416010452,1,"IOTHUB_CLIENT_CONFIRMATION_OK"
2263,10416010469,10416010532,1,"IOTHUB_CLIENT_CONFIRMATION_OK"
2264,10416010669,10416010768,1,"IOTHUB_CLIENT_CONFIRMATION_OK"
2265,10416010869,10416010908,1,"IOTHUB_CLIENT_CONFIRMATION_OK"
2266,10416011070,10416011107,1,"IOTHUB_CLIENT_CONFIRMATION_OK"
2267,10416011270,10416011314,1,"IOTHUB_CLIENT_CONFIRMATION_OK"
2268,10416011470,10416011506,1,"IOTHUB_CLIENT_CONFIRMATION_OK"
2269,10416011670,10416011719,1,"IOTHUB_CLIENT_CONFIRMATION_OK"
2270,10416011870,10416011913,1,"IOTHUB_CLIENT_CONFIRMATION_OK"
2271,10416012070,10416012112,1,"IOTHUB_CLIENT_CONFIRMATION_OK"
2272,10416012270,10416012307,1,"IOTHUB_CLIENT_CONFIRMATION_OK"
2273,10416012471,10416012504,1,"IOTHUB_CLIENT_CONFIRMATION_OK"
2274,10416012671,10416012712,1,"IOTHUB_CLIENT_CONFIRMATION_OK"
2275,10416012871,10416012907,1,"IOTHUB_CLIENT_CONFIRMATION_OK"
2276,10416013071,10416013113,1,"IOTHUB_CLIENT_CONFIRMATION_OK"
2277,10416013271,10416013307,1,"IOTHUB_CLIENT_CONFIRMATION_OK"
2278,10416013471,10416013516,1,"IOTHUB_CLIENT_CONFIRMATION_OK"
2279,10416013672,10416013725,1,"IOTHUB_CLIENT_CONFIRMATION_OK"
2280,10416013872,10416013915,1,"IOTHUB_CLIENT_CONFIRMATION_OK"
2281,10416014072,10416014119,1,"IOTHUB_CLIENT_CONFIRMATION_OK"
2282,10416014272,10416014405,1,"IOTHUB_CLIENT_CONFIRMATION_OK"
2283,10416014472,10416014517,1,"IOTHUB_CLIENT_CONFIRMATION_OK"
2284,10416014672,10416014740,1,"IOTHUB_CLIENT_CONFIRMATION_OK"
2285,10416014872,10416014922,1,"IOTHUB_CLIENT_CONFIRMATION_OK"
2286,10416015073,10416015112,1,"IOTHUB_CLIENT_CONFIRMATION_OK"
2287,10416015273,10416015319,1,"IOTHUB_CLIENT_CONFIRMATION_OK"
2288,10416015473,10416015619,1,"IOTHUB_CLIENT_CONFIRMATION_OK"
2289,10416015673,10416015717,1,"IOTHUB_CLIENT_CONFIRMATION_OK"
2290,10416015873,10416015913,1,"IOTHUB_CLIENT_CONFIRMATION_OK"
2291,10416016073,10416016308,1,"IOTHUB_CLIENT_CONFIRMATION_OK"
2292,10416016274,10416016353,1,"IOTHUB_CLIENT_CONFIRMATION_OK"
2293,10416016474,10416016515,1,"IOTHUB_CLIENT_CONFIRMATION_OK"
2294,10416016674,10416016708,1,"IOTHUB_CLIENT_CONFIRMATION_OK"
2295,10416016874,10416016917,1,"IOTHUB_CLIENT_CONFIRMATION_OK"
2296,10416017074,10416017118,1,"IOTHUB_CLIENT_CONFIRMATION_OK"
2297,10416017274,10416017310,1,"IOTHUB_CLIENT_CONFIRMATION_OK"
2298,10416017474,10416017518,1,"IOTHUB_CLIENT_CONFIRMATION_OK"
2299,10416017675,10416017725,1,"IOTHUB_CLIENT_CONFIRMATION_OK"
2300,10416017875,10416017927,1,"IOTHUB_CLIENT_CONFIRMATION_OK"
2301,10416018075,10416018136,1,"IOTHUB_CLIENT_CONFIRMATION_OK"
2302,10416018275,10416018334,1,"IOTHUB_CLIENT_CONFIRMATION_OK"
2303,10416018475,10416018515,1,"IOTHUB_CLIENT_CONFIRMATION_OK"
2304,10416018675,10416018729,1,"IOTHUB_CLIENT_CONFIRMATION_OK"
2305,10416018875,10416018911,1,"IOTHUB_CLIENT_CONFIRMATION_OK"
2306,10416019076,10416019129,1,"IOTHUB_CLIENT_CONFIRMATION_OK"
2307,10416019276,10416019496,1,"IOTHUB_CLIENT_CONFIRMATION_OK"
2308,10416019476,10416019539,1,"IOTHUB_CLIENT_CONFIRMATION_OK"
2309,10416019676,10416019743,1,"IOTHUB_CLIENT_CONFIRMATION_OK"
2310,10416019876,10416019955,1,"IOTHUB_CLIENT_CONFIRMATION_OK"
2311,10416020076,10416020134,1,"IOTHUB_CLIENT_CONFIRMATION_OK"
2312,10416020277,10416020316,1,"IOTHUB_CLIENT_CONFIRMATION_OK"
2313,10416020477,10416020513,1,"IOTHUB_CLIENT_CONFIRMATION_OK"
2314,10416020677,10416020750,1,"IOTHUB_CLIENT_CONFIRMATION_OK"
2315,10416020877,10416020912,1,"IOTHUB_CLIENT_CONFIRMATION_OK"
2316,10416021077,10416021114,1,"IOTHUB_CLIENT_CONFIRMATION_OK"
2317,10416021277,10416021358,1,"IOTHUB_CLIENT_CONFIRMATION_OK"
2318,10416021478,10416021515,1,"IOTHUB_CLIENT_CONFIRMATION_OK"
2319,10416021678,10416021732,1,"IOTHUB_CLIENT_CONFIRMATION_OK"
2320,10416021878,10416021965,1,"IOTHUB_CLIENT_CONFIRMATION_OK"
2321,10416022078,10416022116,1,"IOTHUB_CLIENT_CONFIRMATION_OK"
2322,10416022278,10416022320,1,"IOTHUB_CLIENT_CONFIRMATION_OK"
2323,10416022478,10416022514,1,"IOTHUB_CLIENT_CONFIRMATION_OK"
2324,10416022679,10416022740,1,"IOTHUB_CLIENT_CONFIRMATION_OK"
2325,10416022879,10416022929,1,"IOTHUB_CLIENT_CONFIRMATION_OK"
2326,10416023079,10416023144,1,"IOTHUB_CLIENT_CONFIRMATION_OK"
2327,10416023279,10416023385,1,"IOTHUB_CLIENT_CONFIRMATION_OK"
2328,10416023479,10416023519,1,"IOTHUB_CLIENT_CONFIRMATION_OK"
2329,10416023679,10416023720,1,"IOTHUB_CLIENT_CONFIRMATION_OK"
2330,10416023880,10416023945,1,"IOTHUB_CLIENT_CONFIRMATION_OK"
2331,10416024080,10416024165,1,"IOTHUB_CLIENT_CONFIRMATION_OK"
2332,10416024280,10416024325,1,"IOTHUB_CLIENT_CONFIRMATION_OK"
2333,10416024480,10416024667,1,"IOTHUB_CLIENT_CONFIRMATION_OK"
2334,10416024680,10416024724,1,"IOTHUB_CLIENT_CONFIRMATION_OK"
2335,10416024880,10416024927,1,"IOTHUB_CLIENT_CONFIRMATION_OK"
2336,10416025080,10416025126,1,"IOTHUB_CLIENT_CONFIRMATION_OK"
2337,10416025281,10416025328,1,"IOTHUB_CLIENT_CONFIRMATION_OK"
2338,10416025481,10416025520,1,"IOTHUB_CLIENT_CONFIRMATION_OK"
2339,10416025681,10416025718,1,"IOTHUB_CLIENT_CONFIRMATION_OK"
2340,10416025881,10416025927,1,"IOTHUB_CLIENT_CONFIRMATION_OK"
2341,10416026081,10416026129,1,"IOTHUB_CLIENT_CONFIRMATION_OK"
2342,10416026281,10416026339,1,"IOTHUB_CLIENT_CONFIRMATION_OK"
2343,10416026482,10416026539,1,"IOTHUB_CLIENT_CONFIRMATION_OK"
2344,10416026682,10416026725,1,"IOTHUB_CLIENT_CONFIRMATION_OK"
2345,10416026882,10416027081,1,"IOTHUB_CLIENT_CONFIRMATION_OK"
2346,10416027082,10416027212,1,"IOTHUB_CLIENT_CONFIRMATION_OK"
2347,10416027282,10416027319,1,"IOTHUB_CLIENT_CONFIRMATION_OK"
2348,10416027482,10416027525,1,"IOTHUB_CLIENT_CONFIRMATION_OK"
2349,10416027682,10416027824,1,"IOTHUB_CLIENT_CONFIRMATION_OK"
2350,10416027883,10416027928,1,"IOTHUB_CLIENT_CONFIRMATION_OK"
2351,10416028083,10416028126,1,"IOTHUB_CLIENT_CONFIRMATION_OK"
2352,10416028283,10416028328,1,"IOTHUB_CLIENT_CONFIRMATION_OK"
2353,10416028483,10416028535,1,"IOTHUB_CLIENT_CONFIRMATION_OK"
2354,10416028683,10416028776,1,"IOTHUB_CLIENT_CONFIRMATION_OK"
2355,10416028883,10416028924,1,"IOTHUB_CLIENT_CONFIRMATION_OK"
2356,10416029084,10416029123,1,"IOTHUB_CLIENT_CONFIRMATION_OK"
2357,10416029284,10416029323,1,"IOTHUB_CLIENT_CONFIRMATION_OK"
2358,10416029484,10416029531,1,"IOTHUB_CLIENT_CONFIRMATION_OK"
2359,10416029684,10416029780,1,"IOTHUB_CLIENT_CONFIRMATION_OK"
2360,10416029884,10416029937,1,"IOTHUB_CLIENT_CONFIRMATION_OK"
2361,10416030084,10416030146,1,"IOTHUB_CLIENT_CONFIRMATION_OK"
2362,10416030284,10416030487,1,"IOTHUB_CLIENT_CONFIRMATION_OK"
2363,10416030485,10416030528,1,"IOTHUB_CLIENT_CONFIRMATION_OK"
2364,10416030685,10416030738,1,"IOTHUB_CLIENT_CONFIRMATION_OK"
2365,10416030885,10416030922,1,"IOTHUB_CLIENT_CONFIRMATION_OK"
2366,10416031085,10416031132,1,"IOTHUB_CLIENT_CONFIRMATION_OK"
2367,10416031285,10416031330,1,"IOTHUB_CLIENT_CONFIRMATION_OK"
2368,10416031485,10416031533,1,"IOTHUB_CLIENT_CONFIRMATION_OK"
2369,10416031686,10416031725,1,"IOTHUB_CLIENT_CONFIRMATION_OK"
2370,10416031886,10416031922,1,"IOTHUB_CLIENT_CONFIRMATION_OK"
2371,10416032086,10416032125,1,"IOTHUB_CLIENT_CONFIRMATION_OK"
2372,10416032286,10416032324,1,"IOTHUB_CLIENT_CONFIRMATION_OK"
2373,10416032486,10416032535,1,"IOTHUB_CLIENT_CONFIRMATION_OK"
2374,10416032686,10416032769,1,"IOTHUB_CLIENT_CONFIRMATION_OK"
2375,10416032886,10416032954,1,"IOTHUB_CLIENT_CONFIRMATION_OK"
2376,10416033087,10416033144,1,"IOTHUB_CLIENT_CONFIRMATION_OK"
2377,10416033287,10416033326,1,"IOTHUB_CLIENT_CONFIRMATION_OK"
2378,10416033487,10416033569,1,"IOTHUB_CLIENT_CONFIRMATION_OK"
2379,10416033687,10416033748,1,"IOTHUB_CLIENT_CONFIRMATION_OK"
2380,10416033887,10416033945,1,"IOTHUB_CLIENT_CONFIRMATION_OK"
2381,10416034087,10416034129,1,"IOTHUB_CLIENT_CONFIRMATION_OK"
2382,10416034288,10416034328,1,"IOTHUB_CLIENT_CONFIRMATION_OK"
2383,10416034488,10416034533,1,"IOTHUB_CLIENT_CONFIRMATION_OK"
2384,10416034688,10416034734,1,"IOTHUB_CLIENT_CONFIRMATION_OK"
2385,10416034888,10416034939,1,"IOTHUB_CLIENT_CONFIRMATION_OK"
2386,10416035088,10416035137,1,"IOTHUB_CLIENT_CONFIRMATION_OK"
2387,10416035288,10416035346,1,"IOTHUB_CLIENT_CONFIRMATION_OK"
2388,10416035488,10416035630,1,"IOTHUB_CLIENT_CONFIRMATION_OK"
2389,10416035689,10416035795,1,"IOTHUB_CLIENT_CONFIRMATION_OK"
2390,10416035889,10416035975,1,"IOTHUB_CLIENT_CONFIRMATION_OK"
2391,10416036089,10416036276,1,"IOTHUB_CLIENT_CONFIRMATION_OK"
2392,10416036289,10416036329,1,"IOTHUB_CLIENT_CONFIRMATION_OK"
2393,10416036489,10416036531,1,"IOTHUB_CLIENT_CONFIRMATION_OK"
2394,10416036689,10416036733,1,"IOTHUB_CLIENT_CONFIRMATION_OK"
2395,10416036890,10416036937,1,"IOTHUB_CLIENT_CONFIRMATION_OK"
2396,10416037090,10416037135,1,"IOTHUB_CLIENT_CONFIRMATION_OK"
2397,10416037290,10416037332,1,"IOTHUB_CLIENT_CONFIRMATION_OK"
2398,10416037490,10416037532,1,"IOTHUB_CLIENT_CONFIRMATION_OK"
2399,10416037690,10416037732,1,"IOTHUB_CLIENT_CONFIRMATION_OK"
2400,10416037890,10416037957,1,"IOTHUB_CLIENT_CONFIRMATION_OK"
2401,10416038090,10416038164,1,"IOTHUB_CLIENT_CONFIRMATION_OK"
2402,10416038291,10416038338,1,"IOTHUB_CLIENT_CONFIRMATION_OK"
2403,10416038491,10416038534,1,"IOTHUB_CLIENT_CONFIRMATION_OK"
2404,10416038691,10416038751,1,"IOTHUB_CLIENT_CONFIRMATION_OK"
2405,10416038891,10416038928,1,"IOTHUB_CLIENT_CONFIRMATION_OK"
2406,10416039091,10416039135,1,"IOTHUB_CLIENT_CONFIRMATION_OK"
2407,10416039291,10416039343,1,"IOTHUB_CLIENT_CONFIRMATION_OK"
2408,10416039492,10416039547,1,"IOTHUB_CLIENT_CONFIRMATION_OK"
2409,10416039692,10416039737,1,"IOTHUB_CLIENT_CONFIRMATION_OK"
2410,10416039892,10416039941,1,"IOTHUB_CLIENT_CONFIRMATION_OK"
2411,10416040092,10416040129,1,"IOTHUB_CLIENT_CONFIRMATION_OK"
2412,10416040292,10416040337,1,"IOTHUB_CLIENT_CONFIRMATION_OK"
2413,10416040492,10416040542,1,"IOTHUB_CLIENT_CONFIRMATION_OK"
2414,10416040693,10416040785,1,"IOTHUB_CLIENT_CONFIRMATION_OK"
2415,10416040893,10416040937,1,"IOTHUB_CLIENT_CONFIRMATION_OK"
2416,10416041093,10416041133,1,"IOTHUB_CLIENT_CONFIRMATION_OK"
2417,10416041293,10416041412,1,"IOTHUB_CLIENT_CONFIRMATION_OK"
2418,10416041493,10416041550,1,"IOTHUB_CLIENT_CONFIRMATION_OK"
2419,10416041693,10416041732,1,"IOTHUB_CLIENT_CONFIRMATION_OK"
2420,10416041893,10416042031,1,"IOTHUB_CLIENT_CONFIRMATION_OK"
2421,10416042094,10416042140,1,"IOTHUB_CLIENT_CONFIRMATION_OK"
2422,10416042294,10416042383,1,"IOTHUB_CLIENT_CONFIRMATION_OK"
2423,10416042494,10416042566,1,"IOTHUB_CLIENT_CONFIRMATION_OK"
2424,10416042694,10416042742,1,"IOTHUB_CLIENT_CONFIRMATION_OK"
2425,10416042894,10416042947,1,"IOTHUB_CLIENT_CONFIRMATION_OK"
2426,10416043094,10416043147,1,"IOTHUB_CLIENT_CONFIRMATION_OK"
2427,10416043295,10416043372,1,"IOTHUB_CLIENT_CONFIRMATION_OK"
2428,10416043495,10416043544,1,"IOTHUB_CLIENT_CONFIRMATION_OK"
2429,10416043695,10416043741,1,"IOTHUB_CLIENT_CONFIRMATION_OK"
2430,10416043895,10416043945,1,"IOTHUB_CLIENT_CONFIRMATION_OK"
2431,10416044095,10416044137,1,"IOTHUB_CLIENT_CONFIRMATION_OK"
2432,10416044295,10416044333,1,"IOTHUB_CLIENT_CONFIRMATION_OK"
2433,10416044496,10416044656,1,"IOTHUB_CLIENT_CONFIRMATION_OK"
2434,10416044696,10416044779,1,"IOTHUB_CLIENT_CONFIRMATION_OK"
2435,10416044896,10416044943,1,"IOTHUB_CLIENT_CONFIRMATION_OK"
2436,10416045096,10416045140,1,"IOTHUB_CLIENT_CONFIRMATION_OK"
2437,10416045296,10416045334,1,"IOTHUB_CLIENT_CONFIRMATION_OK"
2438,10416045496,10416045548,1,"IOTHUB_CLIENT_CONFIRMATION_OK"
2439,10416045696,10416045759,1,"IOTHUB_CLIENT_CONFIRMATION_OK"
2440,10416045897,10416045943,1,"IOTHUB_CLIENT_CONFIRMATION_OK"
2441,10416046097,10416046136,1,"IOTHUB_CLIENT_CONFIRMATION_OK"
2442,10416046297,10416046328,1,"IOTHUB_CLIENT_CONFIRMATION_OK"
2443,10416046497,10416046589,1,"IOTHUB_CLIENT_CONFIRMATION_OK"
2444,10416046697,10416046743,1,"IOTHUB_CLIENT_CONFIRMATION_OK"
2445,10416046897,10416046940,1,"IOTHUB_CLIENT_CONFIRMATION_OK"
2446,10416047097,10416047135,1,"IOTHUB_CLIENT_CONFIRMATION_OK"
2447,10416047298,10416047336,1,"IOTHUB_CLIENT_CONFIRMATION_OK"
2448,10416047498,10416047544,1,"IOTHUB_CLIENT_CONFIRMATION_OK"
2449,10416047698,10416047760,1,"IOTHUB_CLIENT_CONFIRMATION_OK"
2450,10416047898,10416047957,1,"IOTHUB_CLIENT_CONFIRMATION_OK"
2451,10416048098,10416048141,1,"IOTHUB_CLIENT_CONFIRMATION_OK"
2452,10416048298,10416048333,1,"IOTHUB_CLIENT_CONFIRMATION_OK"
2453,10416048499,10416048536,1,"IOTHUB_CLIENT_CONFIRMATION_OK"
2454,10416048699,10416048745,1,"IOTHUB_CLIENT_CONFIRMATION_OK"
2455,10416048899,10416049056,1,"IOTHUB_CLIENT_CONFIRMATION_OK"
2456,10416049099,10416049267,1,"IOTHUB_CLIENT_CONFIRMATION_OK"
2457,10416049299,10416049338,1,"IOTHUB_CLIENT_CONFIRMATION_OK"
2458,10416049499,10416049547,1,"IOTHUB_CLIENT_CONFIRMATION_OK"
2459,10416049700,10416049744,1,"IOTHUB_CLIENT_CONFIRMATION_OK"
2460,10416049900,10416049943,1,"IOTHUB_CLIENT_CONFIRMATION_OK"
2461,10416050100,10416050143,1,"IOTHUB_CLIENT_CONFIRMATION_OK"
2462,10416050300,10416050347,1,"IOTHUB_CLIENT_CONFIRMATION_OK"
2463,10416050500,10416050555,1,"IOTHUB_CLIENT_CONFIRMATION_OK"
2464,10416050700,10416050750,1,"IOTHUB_CLIENT_CONFIRMATION_OK"
2465,10416050900,10416050939,1,"IOTHUB_CLIENT_CONFIRMATION_OK"
2466,10416051101,10416051149,1,"IOTHUB_CLIENT_CONFIRMATION_OK"
2467,10416051301,10416051345,1,"IOTHUB_CLIENT_CONFIRMATION_OK"
2468,10416051501,10416051546,1,"IOTHUB_CLIENT_CONFIRMATION_OK"
2469,10416051701,10416051757,1,"IOTHUB_CLIENT_CONFIRMATION_OK"
2470,10416051901,10416051973,1,"IOTHUB_CLIENT_CONFIRMATION_OK"
2471,10416052101,10416052177,1,"IOTHUB_CLIENT_CONFIRMATION_OK"
2472,10416052302,10416052414,1,"IOTHUB_CLIENT_CONFIRMATION_OK"
2473,10416052502,10416052577,1,"IOTHUB_CLIENT_CONFIRMATION_OK"
2474,10416052702,10416052743,1,"IOTHUB_CLIENT_CONFIRMATION_OK"
2475,10416052902,10416053015,1,"IOTHUB_CLIENT_CONFIRMATION_OK"
2476,10416053102,10416053140,1,"IOTHUB_CLIENT_CONFIRMATION_OK"
2477,10416053302,10416053357,1,"IOTHUB_CLIENT_CONFIRMATION_OK"
2478,10416053502,10416053666,1,"IOTHUB_CLIENT_CONFIRMATION_OK"
2479,10416053703,10416053751,1,"IOTHUB_CLIENT_CONFIRMATION_OK"
2480,10416053903,10416053953,1,"IOTHUB_CLIENT_CONFIRMATION_OK"
2481,10416054103,10416054144,1,"IOTHUB_CLIENT_CONFIRMATION_OK"
2482,10416054303,10416054353,1,"IOTHUB_CLIENT_CONFIRMATION_OK"
2483,10416054503,10416054546,1,"IOTHUB_CLIENT_CONFIRMATION_OK"
2484,10416054703,10416054794,1,"IOTHUB_CLIENT_CONFIRMATION_OK"
2485,10416054903,10416054940,1,"IOTHUB_CLIENT_CONFIRMATION_OK"
2486,10416055104,10416055142,1,"IOTHUB_CLIENT_CONFIRMATION_OK"
2487,10416055304,10416055341,1,"IOTHUB_CLIENT_CONFIRMATION_OK"
2488,10416055504,10416055595,1,"IOTHUB_CLIENT_CONFIRMATION_OK"
2489,10416055704,10416055745,1,"IOTHUB_CLIENT_CONFIRMATION_OK"
2490,10416055904,10416055961,1,"IOTHUB_CLIENT_CONFIRMATION_OK"
2491,10416056104,10416056356,1,"IOTHUB_CLIENT_CONFIRMATION_OK"
2492,10416056304,10416056405,1,"IOTHUB_CLIENT_CONFIRMATION_OK"
2493,10416056505,10416056537,1,"IOTHUB_CLIENT_CONFIRMATION_OK"
2494,10416056705,10416056737,1,"IOTHUB_CLIENT_CONFIRMATION_OK"
2495,10416056905,10416056943,1,"IOTHUB_CLIENT_CONFIRMATION_OK"
2496,10416057105,10416057145,1,"IOTHUB_CLIENT_CONFIRMATION_OK"
2497,10416057305,10416057349,1,"IOTHUB_CLIENT_CONFIRMATION_OK"
2498,10416057505,10416057544,1,"IOTHUB_CLIENT_CONFIRMATION_OK"
2499,10416057705,10416057747,1,"IOTHUB_CLIENT_CONFIRMATION_OK"
2500,10416057906,10416057947,1,"IOTHUB_CLIENT_CONFIRMATION_OK"
2501,10416058106,10416058146,1,"IOTHUB_CLIENT_CONFIRMATION_OK"
2502,10416058306,10416058344,1,"IOTHUB_CLIENT_CONFIRMATION_OK"
2503,10416058506,10416058556,1,"IOTHUB_CLIENT_CONFIRMATION_OK"
2504,10416058706,10416058744,1,"IOTHUB_CLIENT_CONFIRMATION_OK"
2505,10416058906,10416058944,1,"IOTHUB_CLIENT_CONFIRMATION_OK"
2506,10416059106,10416059146,1,"IOTHUB_CLIENT_CONFIRMATION_OK"
2507,10416059307,10416059346,1,"IOTHUB_CLIENT_CONFIRMATION_OK"
2508,10416059507,10416059548,1,"IOTHUB_CLIENT_CONFIRMATION_OK"
2509,10416059707,10416059749,1,"IOTHUB_CLIENT_CONFIRMATION_OK"
2510,10416059907,10416059956,1,"IOTHUB_CLIENT_CONFIRMATION_OK"
2511,10416060107,10416060227,1,"IOTHUB_CLIENT_CONFIRMATION_OK"
2512,10416060307,10416060388,1,"IOTHUB_CLIENT_CONFIRMATION_OK"
2513,10416060508,10416060556,1,"IOTHUB_CLIENT_CONFIRMATION_OK"
2514,10416060708,10416060788,1,"IOTHUB_CLIENT_CONFIRMATION_OK"
2515,10416060908,10416060979,1,"IOTHUB_CLIENT_CONFIRMATION_OK"
2516,10416061108,10416061145,1,"IOTHUB_CLIENT_CONFIRMATION_OK"
2517,10416061308,10416061423,1,"IOTHUB_CLIENT_CONFIRMATION_OK"
2518,10416061508,10416061547,1,"IOTHUB_CLIENT_CONFIRMATION_OK"
2519,10416061709,10416061755,1,"IOTHUB_CLIENT_CONFIRMATION_OK"
2520,10416061909,10416062036,1,"IOTHUB_CLIENT_CONFIRMATION_OK"
2521,10416062109,10416062155,1,"IOTHUB_CLIENT_CONFIRMATION_OK"
2522,10416062309,10416062354,1,"IOTHUB_CLIENT_CONFIRMATION_OK"
2523,10416062509,10416062578,1,"IOTHUB_CLIENT_CONFIRMATION_OK"
2524,10416062709,10416062745,1,"IOTHUB_CLIENT_CONFIRMATION_OK"
2525,10416062909,10416062966,1,"IOTHUB_CLIENT_CONFIRMATION_OK"
2526,10416063110,10416063155,1,"IOTHUB_CLIENT_CONFIRMATION_OK"
2527,10416063310,10416063350,1,"IOTHUB_CLIENT_CONFIRMATION_OK"
2528,10416063510,10416063561,1,"IOTHUB_CLIENT_CONFIRMATION_OK"
2529,10416063710,10416063745,1,"IOTHUB_CLIENT_CONFIRMATION_OK"
2530,10416063910,10416063963,1,"IOTHUB_CLIENT_CONFIRMATION_OK"
2531,10416064110,10416064149,1,"IOTHUB_CLIENT_CONFIRMATION_OK"
2532,10416064310,10416064426,1,"IOTHUB_CLIENT_CONFIRMATION_OK"
2533,10416064511,10416064708,1,"IOTHUB_CLIENT_CONFIRMATION_OK"
2534,10416064711,10416064754,1,"IOTHUB_CLIENT_CONFIRMATION_OK"
2535,10416064911,10416064953,1,"IOTHUB_CLIENT_CONFIRMATION_OK"
2536,10416065111,10416065160,1,"IOTHUB_CLIENT_CONFIRMATION_OK"
2537,10416065311,10416065357,1,"IOTHUB_CLIENT_CONFIRMATION_OK"
2538,10416065511,10416065634,1,"IOTHUB_CLIENT_CONFIRMATION_OK"
2539,10416065712,10416065753,1,"IOTHUB_CLIENT_CONFIRMATION_OK"
2540,10416065912,10416065983,1,"IOTHUB_CLIENT_CONFIRMATION_OK"
2541,10416066112,10416066149,1,"IOTHUB_CLIENT_CONFIRMATION_OK"
2542,10416066312,10416066352,1,"IOTHUB_CLIENT_CONFIRMATION_OK"
2543,10416066512,10416066553,1,"IOTHUB_CLIENT_CONFIRMATION_OK"
2544,10416066712,10416066773,1,"IOTHUB_CLIENT_CONFIRMATION_OK"
2545,10416066912,10416066970,1,"IOTHUB_CLIENT_CONFIRMATION_OK"
2546,10416067113,10416067152,1,"IOTHUB_CLIENT_CONFIRMATION_OK"
2547,10416067313,10416067359,1,"IOTHUB_CLIENT_CONFIRMATION_OK"
2548,10416067513,10416067562,1,"IOTHUB_CLIENT_CONFIRMATION_OK"
2549,10416067713,10416067787,1,"IOTHUB_CLIENT_CONFIRMATION_OK"
2550,10416067913,10416067990,1,"IOTHUB_CLIENT_CONFIRMATION_OK"
2551,10416068114,10416068173,1,"IOTHUB_CLIENT_CONFIRMATION_OK"
2552,10416068314,10416068353,1,"IOTHUB_CLIENT_CONFIRMATION_OK"
2553,10416068514,10416068641,1,"IOTHUB_CLIENT_CONFIRMATION_OK"
2554,10416068714,10416068757,1,"IOTHUB_CLIENT_CONFIRMATION_OK"
2555,10416068914,10416068951,1,"IOTHUB_CLIENT_CONFIRMATION_OK"
2556,10416069114,10416069181,1,"IOTHUB_CLIENT_CONFIRMATION_OK"
2557,10416069315,10416069350,1,"IOTHUB_CLIENT_CONFIRMATION_OK"
2558,10416069515,10416069561,1,"IOTHUB_CLIENT_CONFIRMATION_OK"
2559,10416069715,10416069769,1,"IOTHUB_CLIENT_CONFIRMATION_OK"
2560,10416069915,10416069960,1,"IOTHUB_CLIENT_CONFIRMATION_OK"
2561,10416070115,10416070180,1,"IOTHUB_CLIENT_CONFIRMATION_OK"
2562,10416070315,10416070490,1,"IOTHUB_CLIENT_CONFIRMATION_OK"
2563,10416070515,10416070560,1,"IOTHUB_CLIENT_CONFIRMATION_OK"
2564,10416070716,10416070761,1,"IOTHUB_CLIENT_CONFIRMATION_OK"
2565,10416070916,10416070963,1,"IOTHUB_CLIENT_CONFIRMATION_OK"
2566,10416071116,10416071164,1,"IOTHUB_CLIENT_CONFIRMATION_OK"
2567,10416071316,10416071356,1,"IOTHUB_CLIENT_CONFIRMATION_OK"
2568,10416071516,10416071564,1,"IOTHUB_CLIENT_CONFIRMATION_OK"
2569,10416071716,10416071766,1,"IOTHUB_CLIENT_CONFIRMATION_OK"
2570,10416071917,10416072072,1,"IOTHUB_CLIENT_CONFIRMATION_OK"
2571,10416072117,10416072174,1,"IOTHUB_CLIENT_CONFIRMATION_OK"
2572,10416072317,10416072362,1,"IOTHUB_CLIENT_CONFIRMATION_OK"
2573,10416072517,10416072567,1,"IOTHUB_CLIENT_CONFIRMATION_OK"
2574,10416072717,10416072753,1,"IOTHUB_CLIENT_CONFIRMATION_OK"
2575,10416072917,10416072959,1,"IOTHUB_CLIENT_CONFIRMATION_OK"
2576,10416073118,10416073163,1,"IOTHUB_CLIENT_CONFIRMATION_OK"
2577,10416073318,10416073376,1,"IOTHUB_CLIENT_CONFIRMATION_OK"
2578,10416073518,10416073732,1,"IOTHUB_CLIENT_CONFIRMATION_OK"
2579,10416073718,10416073754,1,"IOTHUB_CLIENT_CONFIRMATION_OK"
2580,10416073918,10416073974,1,"IOTHUB_CLIENT_CONFIRMATION_OK"
2581,10416074118,10416074174,1,"IOTHUB_CLIENT_CONFIRMATION_OK"
2582,10416074318,10416074370,1,"IOTHUB_CLIENT_CONFIRMATION_OK"
2583,10416074519,10416074556,1,"IOTHUB_CLIENT_CONFIRMATION_OK"
2584,10416074719,10416074759,1,"IOTHUB_CLIENT_CONFIRMATION_OK"
2585,10416074919,10416074961,1,"IOTHUB_CLIENT_CONFIRMATION_OK"
2586,10416075119,10416075155,1,"IOTHUB_CLIENT_CONFIRMATION_OK"
2587,10416075319,10416075355,1,"IOTHUB_CLIENT_CONFIRMATION_OK"
2588,10416075519,10416075566,1,"IOTHUB_CLIENT_CONFIRMATION_OK"
2589,10416075720,10416075767,1,"IOTHUB_CLIENT_CONFIRMATION_OK"
2590,10416075920,10416075959,1,"IOTHUB_CLIENT_CONFIRMATION_OK"
2591,10416076120,10416076166,1,"IOTHUB_CLIENT_CONFIRMATION_OK"
2592,10416076320,10416076423,1,"IOTHUB_CLIENT_CONFIRMATION_OK"
2593,10416076520,10416076601,1,"IOTHUB_CLIENT_CONFIRMATION_OK"
2594,10416076720,10416076775,1,"IOTHUB_CLIENT_CONFIRMATION_OK"
2595,10416076921,10416076962,1,"IOTHUB_CLIENT_CONFIRMATION_OK"
2596,10416077121,10416077161,1,"IOTHUB_CLIENT_CONFIRMATION_OK"
2597,10416077321,10416077380,1,"IOTHUB_CLIENT_CONFIRMATION_OK"
2598,10416077521,10416077607,1,"IOTHUB_CLIENT_CONFIRMATION_OK"
2599,10416077721,10416077769,1,"IOTHUB_CLIENT_CONFIRMATION_OK"
2600,10416077921,10416077993,1,"IOTHUB_CLIENT_CONFIRMATION_OK"
2601,10416078121,10416078253,1,"IOTHUB_CLIENT_CONFIRMATION_OK"
2602,10416078322,10416078372,1,"IOTHUB_CLIENT_CONFIRMATION_OK"
2603,10416078522,10416078559,1,"IOTHUB_CLIENT_CONFIRMATION_OK"
2604,10416078722,10416078831,1,"IOTHUB_CLIENT_CONFIRMATION_OK"
2605,10416078922,10416078979,1,"IOTHUB_CLIENT_CONFIRMATION_OK"
2606,10416079122,10416079163,1,"IOTHUB_CLIENT_CONFIRMATION_OK"
2607,10416079322,10416079437,1,"IOTHUB_CLIENT_CONFIRMATION_OK"
2608,10416079523,10416079649,1,"IOTHUB_CLIENT_CONFIRMATION_OK"
2609,10416079723,10416079783,1,"IOTHUB_CLIENT_CONFIRMATION_OK"
2610,10416079923,10416079988,1,"IOTHUB_CLIENT_CONFIRMATION_OK"
2611,10416080123,10416080159,1,"IOTHUB_CLIENT_CONFIRMATION_OK"
2612,10416080323,10416080382,1,"IOTHUB_CLIENT_CONFIRMATION_OK"
2613,10416080523,10416080555,1,"IOTHUB_CLIENT_CONFIRMATION_OK"
2614,10416080724,10416080798,1,"IOTHUB_CLIENT_CONFIRMATION_OK"
2615,10416080924,10416080995,1,"IOTHUB_CLIENT_CONFIRMATION_OK"
2616,10416081124,10416081186,1,"IOTHUB_CLIENT_CONFIRMATION_OK"
2617,10416081324,10416081365,1,"IOTHUB_CLIENT_CONFIRMATION_OK"
2618,10416081524,10416081579,1,"IOTHUB_CLIENT_CONFIRMATION_OK"
2619,10416081724,10416081774,1,"IOTHUB_CLIENT_CONFIRMATION_OK"
2620,10416081924,10416082107,1,"IOTHUB_CLIENT_CONFIRMATION_OK"
2621,10416082125,10416082191,1,"IOTHUB_CLIENT_CONFIRMATION_OK"
2622,10416082325,10416082367,1,"IOTHUB_CLIENT_CONFIRMATION_OK"
2623,10416082525,10416082568,1,"IOTHUB_CLIENT_CONFIRMATION_OK"
2624,10416082725,10416082782,1,"IOTHUB_CLIENT_CONFIRMATION_OK"
2625,10416082925,10416082965,1,"IOTHUB_CLIENT_CONFIRMATION_OK"
2626,10416083125,10416083162,1,"IOTHUB_CLIENT_CONFIRMATION_OK"
2627,10416083326,10416083474,1,"IOTHUB_CLIENT_CONFIRMATION_OK"
2628,10416083526,10416083590,1,"IOTHUB_CLIENT_CONFIRMATION_OK"
2629,10416083726,10416083769,1,"IOTHUB_CLIENT_CONFIRMATION_OK"
2630,10416083926,10416083973,1,"IOTHUB_CLIENT_CONFIRMATION_OK"
2631,10416084126,10416084191,1,"IOTHUB_CLIENT_CONFIRMATION_OK"
2632,10416084327,10416084388,1,"IOTHUB_CLIENT_CONFIRMATION_OK"
2633,10416084527,10416084565,1,"IOTHUB_CLIENT_CONFIRMATION_OK"
2634,10416084727,10416084791,1,"IOTHUB_CLIENT_CONFIRMATION_OK"
2635,10416084927,10416084987,1,"IOTHUB_CLIENT_CONFIRMATION_OK"
2636,10416085127,10416085380,1,"IOTHUB_CLIENT_CONFIRMATION_OK"
2637,10416085328,10416085405,1,"IOTHUB_CLIENT_CONFIRMATION_OK"
2638,10416085528,10416085577,1,"IOTHUB_CLIENT_CONFIRMATION_OK"
2639,10416085728,10416085764,1,"IOTHUB_CLIENT_CONFIRMATION_OK"
2640,10416085928,10416085989,1,"IOTHUB_CLIENT_CONFIRMATION_OK"
2641,10416086128,10416086167,1,"IOTHUB_CLIENT_CONFIRMATION_OK"
2642,10416086328,10416086366,1,"IOTHUB_CLIENT_CONFIRMATION_OK"
2643,10416086528,10416086648,1,"IOTHUB_CLIENT_CONFIRMATION_OK"
2644,10416086729,10416086778,1,"IOTHUB_CLIENT_CONFIRMATION_OK"
2645,10416086929,10416086965,1,"IOTHUB_CLIENT_CONFIRMATION_OK"
2646,10416087129,10416087275,1,"IOTHUB_CLIENT_CONFIRMATION_OK"
2647,10416087329,10416087366,1,"IOTHUB_CLIENT_CONFIRMATION_OK"
2648,10416087529,10416087570,1,"IOTHUB_CLIENT_CONFIRMATION_OK"
2649,10416087729,10416087872,1,"IOTHUB_CLIENT_CONFIRMATION_OK"
2650,10416087930,10416087968,1,"IOTHUB_CLIENT_CONFIRMATION_OK"
2651,10416088130,10416088159,1,"IOTHUB_CLIENT_CONFIRMATION_OK"
2652,10416088330,10416088375,1,"IOTHUB_CLIENT_CONFIRMATION_OK"
2653,10416088530,10416088574,1,"IOTHUB_CLIENT_CONFIRMATION_OK"
2654,10416088730,10416088770,1,"IOTHUB_CLIENT_CONFIRMATION_OK"
2655,10416088930,10416088971,1,"IOTHUB_CLIENT_CONFIRMATION_OK"
2656,10416089130,10416089179,1,"IOTHUB_CLIENT_CONFIRMATION_OK"
2657,10416089331,10416089369,1,"IOTHUB_CLIENT_CONFIRMATION_OK"
2658,10416089531,10416089570,1,"IOTHUB_CLIENT_CONFIRMATION_OK"
2659,10416089731,10416089777,1,"IOTHUB_CLIENT_CONFIRMATION_OK"
2660,10416089931,10416090051,1,"IOTHUB_CLIENT_CONFIRMATION_OK"
2661,10416090131,10416090187,1,"IOTHUB_CLIENT_CONFIRMATION_OK"
2662,10416090331,10416090381,1,"IOTHUB_CLIENT_CONFIRMATION_OK"
2663,10416090532,10416090579,1,"IOTHUB_CLIENT_CONFIRMATION_OK"
2664,10416090732,10416090778,1,"IOTHUB_CLIENT_CONFIRMATION_OK"
2665,10416090932,10416090977,1,"IOTHUB_CLIENT_CONFIRMATION_OK"
2666,10416091132,10416091187,1,"IOTHUB_CLIENT_CONFIRMATION_OK"
2667,10416091332,10416091377,1,"IOTHUB_CLIENT_CONFIRMATION_OK"
2668,10416091532,10416091584,1,"IOTHUB_CLIENT_CONFIRMATION_OK"
2669,10416091733,10416091814,1,"IOTHUB_CLIENT_CONFIRMATION_OK"
2670,10416091933,10416092012,1,"IOTHUB_CLIENT_CONFIRMATION_OK"
2671,10416092133,10416092175,1,"IOTHUB_CLIENT_CONFIRMATION_OK"
2672,10416092333,10416092366,1,"IOTHUB_CLIENT_CONFIRMATION_OK"
2673,10416092533,10416092584,1,"IOTHUB_CLIENT_CONFIRMATION_OK"
2674,10416092733,10416092770,1,"IOTHUB_CLIENT_CONFIRMATION_OK"
2675,10416092933,10416093041,1,"IOTHUB_CLIENT_CONFIRMATION_OK"
2676,10416093134,10416093172,1,"IOTHUB_CLIENT_CONFIRMATION_OK"
2677,10416093334,10416093443,1,"IOTHUB_CLIENT_CONFIRMATION_OK"
2678,10416093534,10416093574,1,"IOTHUB_CLIENT_CONFIRMATION_OK"
2679,10416093734,10416093787,1,"IOTHUB_CLIENT_CONFIRMATION_OK"
2680,10416093934,10416093976,1,"IOTHUB_CLIENT_CONFIRMATION_OK"
2681,10416094134,10416094187,1,"IOTHUB_CLIENT_CONFIRMATION_OK"
2682,10416094335,10416094407,1,"IOTHUB_CLIENT_CONFIRMATION_OK"
2683,10416094535,10416094580,1,"IOTHUB_CLIENT_CONFIRMATION_OK"
2684,10416094735,10416094799,1,"IOTHUB_CLIENT_CONFIRMATION_OK"
2685,10416094935,10416095031,1,"IOTHUB_CLIENT_CONFIRMATION_OK"
2686,10416095135,10416095172,1,"IOTHUB_CLIENT_CONFIRMATION_OK"
2687,10416095335,10416095376,1,"IOTHUB_CLIENT_CONFIRMATION_OK"
2688,10416095536,10416095654,1,"IOTHUB_CLIENT_CONFIRMATION_OK"
2689,10416095736,10416095779,1,"IOTHUB_CLIENT_CONFIRMATION_OK"
2690,10416095936,10416095988,1,"IOTHUB_CLIENT_CONFIRMATION_OK"
2691,10416096136,10416096222,1,"IOTHUB_CLIENT_CONFIRMATION_OK"
2692,10416096336,10416096376,1,"IOTHUB_CLIENT_CONFIRMATION_OK"
2693,10416096536,10416096577,1,"IOTHUB_CLIENT_CONFIRMATION_OK"
2694,10416096736,10416096889,1,"IOTHUB_CLIENT_CONFIRMATION_OK"
2695,10416096937,10416096984,1,"IOTHUB_CLIENT_CONFIRMATION_OK"
2696,10416097137,10416097198,1,"IOTHUB_CLIENT_CONFIRMATION_OK"
2697,10416097337,10416097381,1,"IOTHUB_CLIENT_CONFIRMATION_OK"
2698,10416097537,10416097574,1,"IOTHUB_CLIENT_CONFIRMATION_OK"
2699,10416097737,10416097776,1,"IOTHUB_CLIENT_CONFIRMATION_OK"
2700,10416097937,10416097980,1,"IOTHUB_CLIENT_CONFIRMATION_OK"
2701,10416098138,10416098177,1,"IOTHUB_CLIENT_CONFIRMATION_OK"
2702,10416098338,10416098381,1,"IOTHUB_CLIENT_CONFIRMATION_OK"
2703,10416098538,10416098579,1,"IOTHUB_CLIENT_CONFIRMATION_OK"
2704,10416098738,10416098783,1,"IOTHUB_CLIENT_CONFIRMATION_OK"
2705,10416098938,10416098979,1,"IOTHUB_CLIENT_CONFIRMATION_OK"
2706,10416099138,10416099171,1,"IOTHUB_CLIENT_CONFIRMATION_OK"
2707,10416099339,10416099559,1,"IOTHUB_CLIENT_CONFIRMATION_OK"
2708,10416099539,10416099581,1,"IOTHUB_CLIENT_CONFIRMATION_OK"
2709,10416099739,10416099798,1,"IOTHUB_CLIENT_CONFIRMATION_OK"
2710,10416099939,10416099985,1,"IOTHUB_CLIENT_CONFIRMATION_OK"
2711,10416100139,10416100203,1,"IOTHUB_CLIENT_CONFIRMATION_OK"
2712,10416100339,10416100429,1,"IOTHUB_CLIENT_CONFIRMATION_OK"
2713,10416100539,10416100581,1,"IOTHUB_CLIENT_CONFIRMATION_OK"
2714,10416100740,10416100788,1,"IOTHUB_CLIENT_CONFIRMATION_OK"
2715,10416100940,10416101024,1,"IOTHUB_CLIENT_CONFIRMATION_OK"
2716,10416101140,10416101179,1,"IOTHUB_CLIENT_CONFIRMATION_OK"
2717,10416101340,10416101455,1,"IOTHUB_CLIENT_CONFIRMATION_OK"
2718,10416101540,10416101579,1,"IOTHUB_CLIENT_CONFIRMATION_OK"
2719,10416101740,10416101835,1,"IOTHUB_CLIENT_CONFIRMATION_OK"
2720,10416101941,10416102099,1,"IOTHUB_CLIENT_CONFIRMATION_OK"
2721,10416102141,10416102255,1,"IOTHUB_CLIENT_CONFIRMATION_OK"
2722,10416102341,10416102393,1,"IOTHUB_CLIENT_CONFIRMATION_OK"
2723,10416102541,10416102581,1,"IOTHUB_CLIENT_CONFIRMATION_OK"
2724,10416102741,10416102782,1,"IOTHUB_CLIENT_CONFIRMATION_OK"
2725,10416102941,10416102978,1,"IOTHUB_CLIENT_CONFIRMATION_OK"
2726,10416103142,10416103209,1,"IOTHUB_CLIENT_CONFIRMATION_OK"
2727,10416103342,10416103385,1,"IOTHUB_CLIENT_CONFIRMATION_OK"
2728,10416103542,10416103675,1,"IOTHUB_CLIENT_CONFIRMATION_OK"
2729,10416103742,10416103845,1,"IOTHUB_CLIENT_CONFIRMATION_OK"
2730,10416103942,10416104006,1,"IOTHUB_CLIENT_CONFIRMATION_OK"
2731,10416104142,10416104181,1,"IOTHUB_CLIENT_CONFIRMATION_OK"
2732,10416104342,10416104392,1,"IOTHUB_CLIENT_CONFIRMATION_OK"
2733,10416104543,10416104588,1,"IOTHUB_CLIENT_CONFIRMATION_OK"
2734,10416104743,10416104787,1,"IOTHUB_CLIENT_CONFIRMATION_OK"
2735,10416104943,10416104981,1,"IOTHUB_CLIENT_CONFIRMATION_OK"
2736,10416105143,10416105400,1,"IOTHUB_CLIENT_CONFIRMATION_OK"
2737,10416105343,10416105439,1,"IOTHUB_CLIENT_CONFIRMATION_OK"
2738,10416105543,10416105583,1,"IOTHUB_CLIENT_CONFIRMATION_OK"
2739,10416105744,10416105789,1,"IOTHUB_CLIENT_CONFIRMATION_OK"
2740,10416105944,10416106028,1,"IOTHUB_CLIENT_CONFIRMATION_OK"
2741,10416106144,10416106180,1,"IOTHUB_CLIENT_CONFIRMATION_OK"
2742,10416106344,10416106387,1,"IOTHUB_CLIENT_CONFIRMATION_OK"
2743,10416106544,10416106588,1,"IOTHUB_CLIENT_CONFIRMATION_OK"
2744,10416106744,10416106809,1,"IOTHUB_CLIENT_CONFIRMATION_OK"
2745,10416106944,10416106985,1,"IOTHUB_CLIENT_CONFIRMATION_OK"
2746,10416107145,10416107269,1,"IOTHUB_CLIENT_CONFIRMATION_OK"
2747,10416107345,10416107383,1,"IOTHUB_CLIENT_CONFIRMATION_OK"
2748,10416107545,10416107584,1,"IOTHUB_CLIENT_CONFIRMATION_OK"
2749,10416107745,10416107805,1,"IOTHUB_CLIENT_CONFIRMATION_OK"
2750,10416107945,10416107984,1,"IOTHUB_CLIENT_CONFIRMATION_OK"
2751,10416108145,10416108239,1,"IOTHUB_CLIENT_CONFIRMATION_OK"
2752,10416108345,10416108383,1,"IOTHUB_CLIENT_CONFIRMATION_OK"
2753,10416108546,10416108597,1,"IOTHUB_CLIENT_CONFIRMATION_OK"
2754,10416108746,10416108782,1,"IOTHUB_CLIENT_CONFIRMATION_OK"
2755,10416108946,10416108997,1,"IOTHUB_CLIENT_CONFIRMATION_OK"
2756,10416109146,10416109249,1,"IOTHUB_CLIENT_CONFIRMATION_OK"
2757,10416109346,10416109456,1,"IOTHUB_CLIENT_CONFIRMATION_OK"
2758,10416109546,10416109605,1,"IOTHUB_CLIENT_CONFIRMATION_OK"
2759,10416109747,10416109840,1,"IOTHUB_CLIENT_CONFIRMATION_OK"
2760,10416109947,10416109989,1,"IOTHUB_CLIENT_CONFIRMATION_OK"
2761,10416110147,10416110187,1,"IOTHUB_CLIENT_CONFIRMATION_OK"
2762,10416110347,10416110520,1,"IOTHUB_CLIENT_CONFIRMATION_OK"
2763,10416110547,10416110596,1,"IOTHUB_CLIENT_CONFIRMATION_OK"
2764,10416110747,10416110898,1,"IOTHUB_CLIENT_CONFIRMATION_OK"
2765,10416110948,10416111002,1,"IOTHUB_CLIENT_CONFIRMATION_OK"
2766,10416111148,10416111191,1,"IOTHUB_CLIENT_CONFIRMATION_OK"
2767,10416111348,10416111404,1,"IOTHUB_CLIENT_CONFIRMATION_OK"
2768,10416111548,10416111600,1,"IOTHUB_CLIENT_CONFIRMATION_OK"
2769,10416111748,10416111791,1,"IOTHUB_CLIENT_CONFIRMATION_OK"
2770,10416111948,10416111994,1,"IOTHUB_CLIENT_CONFIRMATION_OK"
2771,10416112148,10416112196,1,"IOTHUB_CLIENT_CONFIRMATION_OK"
2772,10416112349,10416112390,1,"IOTHUB_CLIENT_CONFIRMATION_OK"
2773,10416112549,10416112598,1,"IOTHUB_CLIENT_CONFIRMATION_OK"
2774,10416112749,10416112813,1,"IOTHUB_CLIENT_CONFIRMATION_OK"
2775,10416112949,10416113009,1,"IOTHUB_CLIENT_CONFIRMATION_OK"
2776,10416113149,10416113198,1,"IOTHUB_CLIENT_CONFIRMATION_OK"
2777,10416113349,10416113399,1,"IOTHUB_CLIENT_CONFIRMATION_OK"
2778,10416113550,10416113677,1,"IOTHUB_CLIENT_CONFIRMATION_OK"
2779,10416113750,10416113784,1,"IOTHUB_CLIENT_CONFIRMATION_OK"
2780,10416113950,10416113997,1,"IOTHUB_CLIENT_CONFIRMATION_OK"
2781,10416114150,10416114186,1,"IOTHUB_CLIENT_CONFIRMATION_OK"
2782,10416114350,10416114394,1,"IOTHUB_CLIENT_CONFIRMATION_OK"
2783,10416114550,10416114599,1,"IOTHUB_CLIENT_CONFIRMATION_OK"
2784,10416114750,10416114792,1,"IOTHUB_CLIENT_CONFIRMATION_OK"
2785,10416114951,10416114989,1,"IOTHUB_CLIENT_CONFIRMATION_OK"
2786,10416115151,10416115190,1,"IOTHUB_CLIENT_CONFIRMATION_OK"
2787,10416115351,10416115386,1,"IOTHUB_CLIENT_CONFIRMATION_OK"
2788,10416115551,10416115688,1,"IOTHUB_CLIENT_CONFIRMATION_OK"
2789,10416115751,10416115812,1,"IOTHUB_CLIENT_CONFIRMATION_OK"
2790,10416115951,10416116008,1,"IOTHUB_CLIENT_CONFIRMATION_OK"
2791,10416116151,10416116302,1,"IOTHUB_CLIENT_CONFIRMATION_OK"
2792,10416116352,10416116414,1,"IOTHUB_CLIENT_CONFIRMATION_OK"
2793,10416116552,10416116602,1,"IOTHUB_CLIENT_CONFIRMATION_OK"
2794,10416116752,10416116825,1,"IOTHUB_CLIENT_CONFIRMATION_OK"
2795,10416116952,10416117048,1,"IOTHUB_CLIENT_CONFIRMATION_OK"
2796,10416117152,10416117186,1,"IOTHUB_CLIENT_CONFIRMATION_OK"
2797,10416117352,10416117391,1,"IOTHUB_CLIENT_CONFIRMATION_OK"
2798,10416117553,10416117617,1,"IOTHUB_CLIENT_CONFIRMATION_OK"
2799,10416117753,10416117804,1,"IOTHUB_CLIENT_CONFIRMATION_OK"
2800,10416117953,10416117997,1,"IOTHUB_CLIENT_CONFIRMATION_OK"
2801,10416118153,10416118190,1,"IOTHUB_CLIENT_CONFIRMATION_OK"
2802,10416118353,10416118394,1,"IOTHUB_CLIENT_CONFIRMATION_OK"
2803,10416118553,10416118592,1,"IOTHUB_CLIENT_CONFIRMATION_OK"
2804,10416118753,10416118832,1,"IOTHUB_CLIENT_CONFIRMATION_OK"
2805,10416118954,10416119022,1,"IOTHUB_CLIENT_CONFIRMATION_OK"
2806,10416119154,10416119194,1,"IOTHUB_CLIENT_CONFIRMATION_OK"
2807,10416119354,10416119553,1,"IOTHUB_CLIENT_CONFIRMATION_OK"
2808,10416119554,10416119589,1,"IOTHUB_CLIENT_CONFIRMATION_OK"
2809,10416119754,10416119795,1,"IOTHUB_CLIENT_CONFIRMATION_OK"
2810,10416119954,10416120008,1,"IOTHUB_CLIENT_CONFIRMATION_OK"
2811,10416120154,10416120189,1,"IOTHUB_CLIENT_CONFIRMATION_OK"
2812,10416120355,10416120439,1,"IOTHUB_CLIENT_CONFIRMATION_OK"
2813,10416120555,10416120603,1,"IOTHUB_CLIENT_CONFIRMATION_OK"
2814,10416120755,10416120799,1,"IOTHUB_CLIENT_CONFIRMATION_OK"
2815,10416120955,10416120996,1,"IOTHUB_CLIENT_CONFIRMATION_OK"
2816,10416121155,10416121199,1,"IOTHUB_CLIENT_CONFIRMATION_OK"
2817,10416121355,10416121398,1,"IOTHUB_CLIENT_CONFIRMATION_OK"
2818,10416121555,10416121656,1,"IOTHUB_CLIENT_CONFIRMATION_OK"
2819,10416121756,10416121800,1,"IOTHUB_CLIENT_CONFIRMATION_OK"
2820,10416121956,10416122019,1,"IOTHUB_CLIENT_CONFIRMATION_OK"
2821,10416122156,10416122531,1,"IOTHUB_CLIENT_CONFIRMATION_OK"
2822,10416122356,10416122566,1,"IOTHUB_CLIENT_CONFIRMATION_OK"
2823,10416122556,10416122598,1,"IOTHUB_CLIENT_CONFIRMATION_OK"
2824,10416122756,10416122794,1,"IOTHUB_CLIENT_CONFIRMATION_OK"
2825,10416122957,10416123000,1,"IOTHUB_CLIENT_CONFIRMATION_OK"
2826,10416123157,10416123197,1,"IOTHUB_CLIENT_CONFIRMATION_OK"
2827,10416123357,10416123408,1,"IOTHUB_CLIENT_CONFIRMATION_OK"
2828,10416123557,10416123599,1,"IOTHUB_CLIENT_CONFIRMATION_OK"
2829,10416123757,10416123856,1,"IOTHUB_CLIENT_CONFIRMATION_OK"
2830,10416123957,10416124036,1,"IOTHUB_CLIENT_CONFIRMATION_OK"
2831,10416124157,10416124189,1,"IOTHUB_CLIENT_CONFIRMATION_OK"
2832,10416124358,10416124398,1,"IOTHUB_CLIENT_CONFIRMATION_OK"
2833,10416124558,10416124600,1,"IOTHUB_CLIENT_CONFIRMATION_OK"
2834,10416124758,10416124818,1,"IOTHUB_CLIENT_CONFIRMATION_OK"
2835,10416124958,10416125070,1,"IOTHUB_CLIENT_CONFIRMATION_OK"
2836,10416125158,10416125302,1,"IOTHUB_CLIENT_CONFIRMATION_OK"
2837,10416125358,10416125420,1,"IOTHUB_CLIENT_CONFIRMATION_OK"
2838,10416125558,10416125673,1,"IOTHUB_CLIENT_CONFIRMATION_OK"
2839,10416125759,10416125802,1,"IOTHUB_CLIENT_CONFIRMATION_OK"
2840,10416125959,10416126010,1,"IOTHUB_CLIENT_CONFIRMATION_OK"
2841,10416126159,10416126201,1,"IOTHUB_CLIENT_CONFIRMATION_OK"
2842,10416126359,10416126409,1,"IOTHUB_CLIENT_CONFIRMATION_OK"
2843,10416126559,10416126659,1,"IOTHUB_CLIENT_CONFIRMATION_OK"
2844,10416126759,10416126804,1,"IOTHUB_CLIENT_CONFIRMATION_OK"
2845,10416126960,10416127004,1,"IOTHUB_CLIENT_CONFIRMATION_OK"
2846,10416127160,10416127214,1,"IOTHUB_CLIENT_CONFIRMATION_OK"
2847,10416127360,10416127405,1,"IOTHUB_CLIENT_CONFIRMATION_OK"
2848,10416127560,10416127607,1,"IOTHUB_CLIENT_CONFIRMATION_OK"
2849,10416127760,10416127827,1,"IOTHUB_CLIENT_CONFIRMATION_OK"
2850,10416127960,10416128005,1,"IOTHUB_CLIENT_CONFIRMATION_OK"
2851,10416128161,10416128207,1,"IOTHUB_CLIENT_CONFIRMATION_OK"
2852,10416128361,10416128407,1,"IOTHUB_CLIENT_CONFIRMATION_OK"
2853,10416128561,10416128605,1,"IOTHUB_CLIENT_CONFIRMATION_OK"
2854,10416128761,10416128808,1,"IOTHUB_CLIENT_CONFIRMATION_OK"
2855,10416128961,10416129003,1,"IOTHUB_CLIENT_CONFIRMATION_OK"
2856,10416129161,10416129245,1,"IOTHUB_CLIENT_CONFIRMATION_OK"
2857,10416129361,10416129509,1,"IOTHUB_CLIENT_CONFIRMATION_OK"
2858,10416129562,10416129664,1,"IOTHUB_CLIENT_CONFIRMATION_OK"
2859,10416129762,10416129847,1,"IOTHUB_CLIENT_CONFIRMATION_OK"
2860,10416129962,10416130019,1,"IOTHUB_CLIENT_CONFIRMATION_OK"
2861,10416130162,10416130202,1,"IOTHUB_CLIENT_CONFIRMATION_OK"
2862,10416130362,10416130460,1,"IOTHUB_CLIENT_CONFIRMATION_OK"
2863,10416130562,10416130600,1,"IOTHUB_CLIENT_CONFIRMATION_OK"
2864,10416130762,10416130801,1,"IOTHUB_CLIENT_CONFIRMATION_OK"
2865,10416130963,10416131004,1,"IOTHUB_CLIENT_CONFIRMATION_OK"
2866,10416131163,10416131199,1,"IOTHUB_CLIENT_CONFIRMATION_OK"
2867,10416131363,10416131434,1,"IOTHUB_CLIENT_CONFIRMATION_OK"
2868,10416131563,10416131645,1,"IOTHUB_CLIENT_CONFIRMATION_OK"
2869,10416131763,10416131816,1,"IOTHUB_CLIENT_CONFIRMATION_OK"
2870,10416131963,10416132003,1,"IOTHUB_CLIENT_CONFIRMATION_OK"
2871,10416132164,10416132212,1,"IOTHUB_CLIENT_CONFIRMATION_OK"
2872,10416132364,10416132407,1,"IOTHUB_CLIENT_CONFIRMATION_OK"
2873,10416132564,10416132609,1,"IOTHUB_CLIENT_CONFIRMATION_OK"
2874,10416132764,10416132806,1,"IOTHUB_CLIENT_CONFIRMATION_OK"
2875,10416132964,10416133006,1,"IOTHUB_CLIENT_CONFIRMATION_OK"
2876,10416133164,10416133204,1,"IOTHUB_CLIENT_CONFIRMATION_OK"
2877,10416133364,10416133428,1,"IOTHUB_CLIENT_CONFIRMATION_OK"
2878,10416133565,10416133760,1,"IOTHUB_CLIENT_CONFIRMATION_OK"
2879,10416133765,10416133818,1,"IOTHUB_CLIENT_CONFIRMATION_OK"
2880,10416133965,10416134022,1,"IOTHUB_CLIENT_CONFIRMATION_OK"
2881,10416134165,10416134211,1,"IOTHUB_CLIENT_CONFIRMATION_OK"
2882,10416134365,10416134408,1,"IOTHUB_CLIENT_CONFIRMATION_OK"
2883,10416134565,10416134615,1,"IOTHUB_CLIENT_CONFIRMATION_OK"
2884,10416134766,10416134808,1,"IOTHUB_CLIENT_CONFIRMATION_OK"
2885,10416134966,10416135008,1,"IOTHUB_CLIENT_CONFIRMATION_OK"
2886,10416135166,10416135224,1,"IOTHUB_CLIENT_CONFIRMATION_OK"
2887,10416135366,10416135409,1,"IOTHUB_CLIENT_CONFIRMATION_OK"
2888,10416135566,10416135603,1,"IOTHUB_CLIENT_CONFIRMATION_OK"
2889,10416135766,10416135831,1,"IOTHUB_CLIENT_CONFIRMATION_OK"
2890,10416135966,10416136003,1,"IOTHUB_CLIENT_CONFIRMATION_OK"
2891,10416136167,10416136213,1,"IOTHUB_CLIENT_CONFIRMATION_OK"
2892,10416136367,10416136408,1,"IOTHUB_CLIENT_CONFIRMATION_OK"
2893,10416136567,10416136608,1,"IOTHUB_CLIENT_CONFIRMATION_OK"
2894,10416136767,10416136832,1,"IOTHUB_CLIENT_CONFIRMATION_OK"
2895,10416136967,10416137100,1,"IOTHUB_CLIENT_CONFIRMATION_OK"
2896,10416137167,10416137211,1,"IOTHUB_CLIENT_CONFIRMATION_OK"
2897,10416137367,10416137415,1,"IOTHUB_CLIENT_CONFIRMATION_OK"
2898,10416137568,10416137638,1,"IOTHUB_CLIENT_CONFIRMATION_OK"
2899,10416137768,10416137840,1,"IOTHUB_CLIENT_CONFIRMATION_OK"
2900,10416137968,10416138007,1,"IOTHUB_CLIENT_CONFIRMATION_OK"
2901,10416138168,10416138267,1,"IOTHUB_CLIENT_CONFIRMATION_OK"
2902,10416138368,10416138408,1,"IOTHUB_CLIENT_CONFIRMATION_OK"
2903,10416138568,10416138654,1,"IOTHUB_CLIENT_CONFIRMATION_OK"
2904,10416138768,10416138851,1,"IOTHUB_CLIENT_CONFIRMATION_OK"
2905,10416138969,10416139016,1,"IOTHUB_CLIENT_CONFIRMATION_OK"
2906,10416139169,10416139236,1,"IOTHUB_CLIENT_CONFIRMATION_OK"
2907,10416139369,10416139522,1,"IOTHUB_CLIENT_CONFIRMATION_OK"
2908,10416139569,10416139616,1,"IOTHUB_CLIENT_CONFIRMATION_OK"
2909,10416139769,10416139886,1,"IOTHUB_CLIENT_CONFIRMATION_OK"
2910,10416139969,10416140011,1,"IOTHUB_CLIENT_CONFIRMATION_OK"
2911,10416140170,10416140233,1,"IOTHUB_CLIENT_CONFIRMATION_OK"
2912,10416140370,10416140410,1,"IOTHUB_CLIENT_CONFIRMATION_OK"
2913,10416140570,10416140632,1,"IOTHUB_CLIENT_CONFIRMATION_OK"
2914,10416140770,10416140847,1,"IOTHUB_CLIENT_CONFIRMATION_OK"
2915,10416140970,10416141016,1,"IOTHUB_CLIENT_CONFIRMATION_OK"
2916,10416141171,10416141242,1,"IOTHUB_CLIENT_CONFIRMATION_OK"
2917,10416141371,10416141514,1,"IOTHUB_CLIENT_CONFIRMATION_OK"
2918,10416141571,10416141632,1,"IOTHUB_CLIENT_CONFIRMATION_OK"
2919,10416141771,10416141815,1,"IOTHUB_CLIENT_CONFIRMATION_OK"
2920,10416141971,10416142114,1,"IOTHUB_CLIENT_CONFIRMATION_OK"
2921,10416142171,10416142253,1,"IOTHUB_CLIENT_CONFIRMATION_OK"
2922,10416142371,10416142411,1,"IOTHUB_CLIENT_CONFIRMATION_OK"
2923,10416142572,10416142620,1,"IOTHUB_CLIENT_CONFIRMATION_OK"
2924,10416142772,10416142832,1,"IOTHUB_CLIENT_CONFIRMATION_OK"
2925,10416142972,10416143022,1,"IOTHUB_CLIENT_CONFIRMATION_OK"
2926,10416143172,10416143220,1,"IOTHUB_CLIENT_CONFIRMATION_OK"
2927,10416143372,10416143416,1,"IOTHUB_CLIENT_CONFIRMATION_OK"
2928,10416143573,10416143608,1,"IOTHUB_CLIENT_CONFIRMATION_OK"
2929,10416143773,10416143831,1,"IOTHUB_CLIENT_CONFIRMATION_OK"
2930,10416143973,10416144017,1,"IOTHUB_CLIENT_CONFIRMATION_OK"
2931,10416144173,10416144218,1,"IOTHUB_CLIENT_CONFIRMATION_OK"
2932,10416144373,10416144413,1,"IOTHUB_CLIENT_CONFIRMATION_OK"
2933,10416144573,10416144617,1,"IOTHUB_CLIENT_CONFIRMATION_OK"
2934,10416144774,10416144809,1,"IOTHUB_CLIENT_CONFIRMATION_OK"
2935,10416144974,10416145013,1,"IOTHUB_CLIENT_CONFIRMATION_OK"
2936,10416145174,10416145396,1,"IOTHUB_CLIENT_CONFIRMATION_OK"
2937,10416145374,10416145425,1,"IOTHUB_CLIENT_CONFIRMATION_OK"
2938,10416145574,10416145690,1,"IOTHUB_CLIENT_CONFIRMATION_OK"
2939,10416145774,10416145820,1,"IOTHUB_CLIENT_CONFIRMATION_OK"
2940,10416145974,10416146024,1,"IOTHUB_CLIENT_CONFIRMATION_OK"
2941,10416146175,10416146218,1,"IOTHUB_CLIENT_CONFIRMATION_OK"
2942,10416146375,10416146417,1,"IOTHUB_CLIENT_CONFIRMATION_OK"
2943,10416146575,10416146634,1,"IOTHUB_CLIENT_CONFIRMATION_OK"
2944,10416146775,10416146814,1,"IOTHUB_CLIENT_CONFIRMATION_OK"
2945,10416146975,10416147011,1,"IOTHUB_CLIENT_CONFIRMATION_OK"
2946,10416147175,10416147256,1,"IOTHUB_CLIENT_CONFIRMATION_OK"
2947,10416147376,10416147411,1,"IOTHUB_CLIENT_CONFIRMATION_OK"
2948,10416147576,10416147616,1,"IOTHUB_CLIENT_CONFIRMATION_OK"
2949,10416147776,10416147846,1,"IOTHUB_CLIENT_CONFIRMATION_OK"
2950,10416147976,10416148014,1,"IOTHUB_CLIENT_CONFIRMATION_OK"
2951,10416148176,10416148212,1,"IOTHUB_CLIENT_CONFIRMATION_OK"
2952,10416148376,10416148422,1,"IOTHUB_CLIENT_CONFIRMATION_OK"
2953,10416148577,10416148616,1,"IOTHUB_CLIENT_CONFIRMATION_OK"
2954,10416148777,10416148825,1,"IOTHUB_CLIENT_CONFIRMATION_OK"
2955,10416148977,10416149018,1,"IOTHUB_CLIENT_CONFIRMATION_OK"
2956,10416149177,10416149271,1,"IOTHUB_CLIENT_CONFIRMATION_OK"
2957,10416149377,10416149535,1,"IOTHUB_CLIENT_CONFIRMATION_OK"
2958,10416149577,10416149619,1,"IOTHUB_CLIENT_CONFIRMATION_OK"
2959,10416149777,10416149920,1,"IOTHUB_CLIENT_CONFIRMATION_OK"
2960,10416149978,10416150013,1,"IOTHUB_CLIENT_CONFIRMATION_OK"
2961,10416150178,10416150227,1,"IOTHUB_CLIENT_CONFIRMATION_OK"
2962,10416150378,10416150529,1,"IOTHUB_CLIENT_CONFIRMATION_OK"
2963,10416150578,10416150637,1,"IOTHUB_CLIENT_CONFIRMATION_OK"
2964,10416150778,10416150811,1,"IOTHUB_CLIENT_CONFIRMATION_OK"
2965,10416150978,10416151012,1,"IOTHUB_CLIENT_CONFIRMATION_OK"
2966,10416151179,10416151231,1,"IOTHUB_CLIENT_CONFIRMATION_OK"
2967,10416151379,10416151415,1,"IOTHUB_CLIENT_CONFIRMATION_OK"
2968,10416151579,10416151616,1,"IOTHUB_CLIENT_CONFIRMATION_OK"
2969,10416151779,10416151815,1,"IOTHUB_CLIENT_CONFIRMATION_OK"
2970,10416151979,10416152020,1,"IOTHUB_CLIENT_CONFIRMATION_OK"
2971,10416152179,10416152216,1,"IOTHUB_CLIENT_CONFIRMATION_OK"
2972,10416152380,10416152445,1,"IOTHUB_CLIENT_CONFIRMATION_OK"
2973,10416152580,10416152626,1,"IOTHUB_CLIENT_CONFIRMATION_OK"
2974,10416152780,10416152830,1,"IOTHUB_CLIENT_CONFIRMATION_OK"
2975,10416152980,10416153023,1,"IOTHUB_CLIENT_CONFIRMATION_OK"
2976,10416153180,10416153217,1,"IOTHUB_CLIENT_CONFIRMATION_OK"
2977,10416153380,10416153469,1,"IOTHUB_CLIENT_CONFIRMATION_OK"
2978,10416153580,10416153620,1,"IOTHUB_CLIENT_CONFIRMATION_OK"
2979,10416153781,10416153832,1,"IOTHUB_CLIENT_CONFIRMATION_OK"
2980,10416153981,10416154037,1,"IOTHUB_CLIENT_CONFIRMATION_OK"
2981,10416154181,10416154217,1,"IOTHUB_CLIENT_CONFIRMATION_OK"
2982,10416154381,10416154489,1,"IOTHUB_CLIENT_CONFIRMATION_OK"
2983,10416154581,10416154632,1,"IOTHUB_CLIENT_CONFIRMATION_OK"
2984,10416154781,10416154825,1,"IOTHUB_CLIENT_CONFIRMATION_OK"
2985,10416154982,10416155059,1,"IOTHUB_CLIENT_CONFIRMATION_OK"
2986,10416155182,10416155221,1,"IOTHUB_CLIENT_CONFIRMATION_OK"
2987,10416155382,10416155421,1,"IOTHUB_CLIENT_CONFIRMATION_OK"
2988,10416155582,10416155662,1,"IOTHUB_CLIENT_CONFIRMATION_OK"
2989,10416155782,10416155822,1,"IOTHUB_CLIENT_CONFIRMATION_OK"
2990,10416155982,10416156022,1,"IOTHUB_CLIENT_CONFIRMATION_OK"
2991,10416156183,10416156272,1,"IOTHUB_CLIENT_CONFIRMATION_OK"
2992,10416156383,10416156437,1,"IOTHUB_CLIENT_CONFIRMATION_OK"
2993,10416156583,10416156630,1,"IOTHUB_CLIENT_CONFIRMATION_OK"
2994,10416156783,10416156822,1,"IOTHUB_CLIENT_CONFIRMATION_OK"
2995,10416156983,10416157028,1,"IOTHUB_CLIENT_CONFIRMATION_OK"
2996,10416157183,10416157220,1,"IOTHUB_CLIENT_CONFIRMATION_OK"
2997,10416157383,10416157433,1,"IOTHUB_CLIENT_CONFIRMATION_OK"
2998,10416157584,10416157631,1,"IOTHUB_CLIENT_CONFIRMATION_OK"
2999,10416157784,10416157840,1,"IOTHUB_CLIENT_CONFIRMATION_OK"
3000,10416157984,10416158032,1,"IOTHUB_CLIENT_CONFIRMATION_OK"
3001,10416158184,10416158318,1,"IOTHUB_CLIENT_CONFIRMATION_OK"
3002,10416158384,10416158491,1,"IOTHUB_CLIENT_CONFIRMATION_OK"
3003,10416158584,10416158636,1,"IOTHUB_CLIENT_CONFIRMATION_OK"
3004,10416158785,10416158936,1,"IOTHUB_CLIENT_CONFIRMATION_OK"
3005,10416158985,10416159026,1,"IOTHUB_CLIENT_CONFIRMATION_OK"
3006,10416159185,10416159225,1,"IOTHUB_CLIENT_CONFIRMATION_OK"
3007,10416159385,10416159586,1,"IOTHUB_CLIENT_CONFIRMATION_OK"
3008,10416159585,10416159622,1,"IOTHUB_CLIENT_CONFIRMATION_OK"
3009,10416159785,10416159833,1,"IOTHUB_CLIENT_CONFIRMATION_OK"
3010,10416159985,10416160029,1,"IOTHUB_CLIENT_CONFIRMATION_OK"
3011,10416160186,10416160261,1,"IOTHUB_CLIENT_CONFIRMATION_OK"
3012,10416160386,10416160434,1,"IOTHUB_CLIENT_CONFIRMATION_OK"
3013,10416160586,10416160632,1,"IOTHUB_CLIENT_CONFIRMATION_OK"
3014,10416160786,10416160888,1,"IOTHUB_CLIENT_CONFIRMATION_OK"
3015,10416160986,10416161053,1,"IOTHUB_CLIENT_CONFIRMATION_OK"
3016,10416161186,10416161233,1,"IOTHUB_CLIENT_CONFIRMATION_OK"
3017,10416161387,10416161428,1,"IOTHUB_CLIENT_CONFIRMATION_OK"
3018,10416161587,10416161662,1,"IOTHUB_CLIENT_CONFIRMATION_OK"
3019,10416161787,10416161820,1,"IOTHUB_CLIENT_CONFIRMATION_OK"
3020,10416161987,10416162054,1,"IOTHUB_CLIENT_CONFIRMATION_OK"
3021,10416162187,10416162240,1,"IOTHUB_CLIENT_CONFIRMATION_OK"
3022,10416162387,10416162505,1,"IOTHUB_CLIENT_CONFIRMATION_OK"
3023,10416162587,10416162631,1,"IOTHUB_CLIENT_CONFIRMATION_OK"
3024,10416162788,10416162846,1,"IOTHUB_CLIENT_CONFIRMATION_OK"
3025,10416162988,10416163025,1,"IOTHUB_CLIENT_CONFIRMATION_OK"
3026,10416163188,10416163230,1,"IOTHUB_CLIENT_CONFIRMATION_OK"
3027,10416163388,10416163439,1,"IOTHUB_CLIENT_CONFIRMATION_OK"
3028,10416163588,10416163637,1,"IOTHUB_CLIENT_CONFIRMATION_OK"
3029,10416163788,10416163837,1,"IOTHUB_CLIENT_CONFIRMATION_OK"
3030,10416163989,10416164028,1,"IOTHUB_CLIENT_CONFIRMATION_OK"
3031,10416164189,10416164250,1,"IOTHUB_CLIENT_CONFIRMATION_OK"
3032,10416164389,10416164449,1,"IOTHUB_CLIENT_CONFIRMATION_OK"
3033,10416164589,10416164761,1,"IOTHUB_CLIENT_CONFIRMATION_OK"
3034,10416164789,10416164827,1,"IOTHUB_CLIENT_CONFIRMATION_OK"
3035,10416164989,10416165027,1,"IOTHUB_CLIENT_CONFIRMATION_OK"
3036,10416165189,10416165358,1,"IOTHUB_CLIENT_CONFIRMATION_OK"
3037,10416165390,10416165422,1,"IOTHUB_CLIENT_CONFIRMATION_OK"
3038,10416165590,10416165666,1,"IOTHUB_CLIENT_CONFIRMATION_OK"
3039,10416165790,10416165832,1,"IOTHUB_CLIENT_CONFIRMATION_OK"
3040,10416165990,10416166055,1,"IOTHUB_CLIENT_CONFIRMATION_OK"
3041,10416166190,10416166233,1,"IOTHUB_CLIENT_CONFIRMATION_OK"
3042,10416166390,10416166458,1,"IOTHUB_CLIENT_CONFIRMATION_OK"
3043,10416166591,10416166627,1,"IOTHUB_CLIENT_CONFIRMATION_OK"
3044,10416166791,10416166836,1,"IOTHUB_CLIENT_CONFIRMATION_OK"
3045,10416166991,10416167037,1,"IOTHUB_CLIENT_CONFIRMATION_OK"
3046,10416167191,10416167266,1,"IOTHUB_CLIENT_CONFIRMATION_OK"
3047,10416167391,10416167430,1,"IOTHUB_CLIENT_CONFIRMATION_OK"
3048,10416167591,10416167640,1,"IOTHUB_CLIENT_CONFIRMATION_OK"
3049,10416167791,10416167828,1,"IOTHUB_CLIENT_CONFIRMATION_OK"
3050,10416167992,10416168034,1,"IOTHUB_CLIENT_CONFIRMATION_OK"
3051,10416168192,10416168234,1,"IOTHUB_CLIENT_CONFIRMATION_OK"
3052,10416168392,10416168476,1,"IOTHUB_CLIENT_CONFIRMATION_OK"
3053,10416168592,10416168631,1,"IOTHUB_CLIENT_CONFIRMATION_OK"
3054,10416168792,10416168832,1,"IOTHUB_CLIENT_CONFIRMATION_OK"
3055,10416168992,10416169042,1,"IOTHUB_CLIENT_CONFIRMATION_OK"
3056,10416169193,10416169260,1,"IOTHUB_CLIENT_CONFIRMATION_OK"
3057,10416169393,10416169436,1,"IOTHUB_CLIENT_CONFIRMATION_OK"
3058,10416169593,10416169647,1,"IOTHUB_CLIENT_CONFIRMATION_OK"
3059,10416169793,10416169904,1,"IOTHUB_CLIENT_CONFIRMATION_OK"
3060,10416169993,10416170031,1,"IOTHUB_CLIENT_CONFIRMATION_OK"
3061,10416170193,10416170238,1,"IOTHUB_CLIENT_CONFIRMATION_OK"
3062,10416170393,10416170510,1,"IOTHUB_CLIENT_CONFIRMATION_OK"
3063,10416170594,10416170657,1,"IOTHUB_CLIENT_CONFIRMATION_OK"
3064,10416170794,10416170836,1,"IOTHUB_CLIENT_CONFIRMATION_OK"
3065,10416170994,10416171042,1,"IOTHUB_CLIENT_CONFIRMATION_OK"
3066,10416171194,10416171229,1,"IOTHUB_CLIENT_CONFIRMATION_OK"
3067,10416171394,10416171434,1,"IOTHUB_CLIENT_CONFIRMATION_OK"
3068,10416171594,10416171646,1,"IOTHUB_CLIENT_CONFIRMATION_OK"
3069,10416171795,10416171836,1,"IOTHUB_CLIENT_CONFIRMATION_OK"
3070,10416171995,10416172114,1,"IOTHUB_CLIENT_CONFIRMATION_OK"
3071,10416172195,10416172235,1,"IOTHUB_CLIENT_CONFIRMATION_OK"
3072,10416172395,10416172434,1,"IOTHUB_CLIENT_CONFIRMATION_OK"
3073,10416172595,10416172649,1,"IOTHUB_CLIENT_CONFIRMATION_OK"
3074,10416172795,10416172831,1,"IOTHUB_CLIENT_CONFIRMATION_OK"
3075,10416172996,10416173032,1,"IOTHUB_CLIENT_CONFIRMATION_OK"
3076,10416173196,10416173236,1,"IOTHUB_CLIENT_CONFIRMATION_OK"
3077,10416173396,10416173456,1,"IOTHUB_CLIENT_CONFIRMATION_OK"
3078,10416173596,10416173797,1,"IOTHUB_CLIENT_CONFIRMATION_OK"
3079,10416173796,10416173852,1,"IOTHUB_CLIENT_CONFIRMATION_OK"
3080,10416173996,10416174054,1,"IOTHUB_CLIENT_CONFIRMATION_OK"
3081,10416174196,10416174237,1,"IOTHUB_CLIENT_CONFIRMATION_OK"
3082,10416174397,10416174450,1,"IOTHUB_CLIENT_CONFIRMATION_OK"
3083,10416174597,10416174628,1,"IOTHUB_CLIENT_CONFIRMATION_OK"
3084,10416174797,10416174832,1,"IOTHUB_CLIENT_CONFIRMATION_OK"
3085,10416174997,10416175041,1,"IOTHUB_CLIENT_CONFIRMATION_OK"
3086,10416175197,10416175339,1,"IOTHUB_CLIENT_CONFIRMATION_OK"
3087,10416175397,10416175459,1,"IOTHUB_CLIENT_CONFIRMATION_OK"
3088,10416175598,10416175733,1,"IOTHUB_CLIENT_CONFIRMATION_OK"
3089,10416175798,10416175846,1,"IOTHUB_CLIENT_CONFIRMATION_OK"
3090,10416175998,10416176046,1,"IOTHUB_CLIENT_CONFIRMATION_OK"
3091,10416176198,10416176334,1,"IOTHUB_CLIENT_CONFIRMATION_OK"
3092,10416176398,10416176450,1,"IOTHUB_CLIENT_CONFIRMATION_OK"
3093,10416176598,10416176637,1,"IOTHUB_CLIENT_CONFIRMATION_OK"
3094,10416176798,10416176834,1,"IOTHUB_CLIENT_CONFIRMATION_OK"
3095,10416176999,10416177040,1,"IOTHUB_CLIENT_CONFIRMATION_OK"
3096,10416177199,10416177245,1,"IOTHUB_CLIENT_CONFIRMATION_OK"
3097,10416177399,10416177438,1,"IOTHUB_CLIENT_CONFIRMATION_OK"
3098,10416177599,10416177661,1,"IOTHUB_CLIENT_CONFIRMATION_OK"
3099,10416177799,10416177840,1,"IOTHUB_CLIENT_CONFIRMATION_OK"
3100,10416177999,10416178108,1,"IOTHUB_CLIENT_CONFIRMATION_OK"
3101,10416178200,10416178272,1,"IOTHUB_CLIENT_CONFIRMATION_OK"
3102,10416178400,10416178432,1,"IOTHUB_CLIENT_CONFIRMATION_OK"
3103,10416178600,10416178636,1,"IOTHUB_CLIENT_CONFIRMATION_OK"
3104,10416178800,10416178840,1,"IOTHUB_CLIENT_CONFIRMATION_OK"
3105,10416179000,10416179039,1,"IOTHUB_CLIENT_CONFIRMATION_OK"
3106,10416179200,10416179237,1,"IOTHUB_CLIENT_CONFIRMATION_OK"
3107,10416179400,10416179594,1,"IOTHUB_CLIENT_CONFIRMATION_OK"
3108,10416179601,10416179652,1,"IOTHUB_CLIENT_CONFIRMATION_OK"
3109,10416179801,10416179839,1,"IOTHUB_CLIENT_CONFIRMATION_OK"
3110,10416180001,10416180049,1,"IOTHUB_CLIENT_CONFIRMATION_OK"
3111,10416180201,10416180238,1,"IOTHUB_CLIENT_CONFIRMATION_OK"
3112,10416180401,10416180446,1,"IOTHUB_CLIENT_CONFIRMATION_OK"
3113,10416180601,10416180690,1,"IOTHUB_CLIENT_CONFIRMATION_OK"
3114,10416180802,10416180903,1,"IOTHUB_CLIENT_CONFIRMATION_OK"
3115,10416181002,10416181044,1,"IOTHUB_CLIENT_CONFIRMATION_OK"
3116,10416181202,10416181248,1,"IOTHUB_CLIENT_CONFIRMATION_OK"
3117,10416181402,10416181444,1,"IOTHUB_CLIENT_CONFIRMATION_OK"
3118,10416181602,10416181640,1,"IOTHUB_CLIENT_CONFIRMATION_OK"
3119,10416181802,10416181861,1,"IOTHUB_CLIENT_CONFIRMATION_OK"
3120,10416182002,10416182046,1,"IOTHUB_CLIENT_CONFIRMATION_OK"
3121,10416182203,10416182250,1,"IOTHUB_CLIENT_CONFIRMATION_OK"
3122,10416182403,10416182452,1,"IOTHUB_CLIENT_CONFIRMATION_OK"
3123,10416182603,10416182646,1,"IOTHUB_CLIENT_CONFIRMATION_OK"
3124,10416182803,10416182862,1,"IOTHUB_CLIENT_CONFIRMATION_OK"
3125,10416183003,10416183044,1,"IOTHUB_CLIENT_CONFIRMATION_OK"
3126,10416183203,10416183251,1,"IOTHUB_CLIENT_CONFIRMATION_OK"
3127,10416183404,10416183463,1,"IOTHUB_CLIENT_CONFIRMATION_OK"
3128,10416183604,10416183647,1,"IOTHUB_CLIENT_CONFIRMATION_OK"
3129,10416183804,10416183845,1,"IOTHUB_CLIENT_CONFIRMATION_OK"
3130,10416184004,10416184079,1,"IOTHUB_CLIENT_CONFIRMATION_OK"
3131,10416184204,10416184273,1,"IOTHUB_CLIENT_CONFIRMATION_OK"
3132,10416184404,10416184478,1,"IOTHUB_CLIENT_CONFIRMATION_OK"
3133,10416184605,10416184688,1,"IOTHUB_CLIENT_CONFIRMATION_OK"
3134,10416184805,10416184860,1,"IOTHUB_CLIENT_CONFIRMATION_OK"
3135,10416185005,10416185044,1,"IOTHUB_CLIENT_CONFIRMATION_OK"
3136,10416185205,10416185313,1,"IOTHUB_CLIENT_CONFIRMATION_OK"
3137,10416185405,10416185441,1,"IOTHUB_CLIENT_CONFIRMATION_OK"
3138,10416185605,10416185647,1,"IOTHUB_CLIENT_CONFIRMATION_OK"
3139,10416185806,10416185849,1,"IOTHUB_CLIENT_CONFIRMATION_OK"
3140,10416186006,10416186061,1,"IOTHUB_CLIENT_CONFIRMATION_OK"
3141,10416186206,10416186247,1,"IOTHUB_CLIENT_CONFIRMATION_OK"
3142,10416186406,10416186451,1,"IOTHUB_CLIENT_CONFIRMATION_OK"
3143,10416186606,10416186641,1,"IOTHUB_CLIENT_CONFIRMATION_OK"
3144,10416186806,10416186878,1,"IOTHUB_CLIENT_CONFIRMATION_OK"
3145,10416187006,10416187046,1,"IOTHUB_CLIENT_CONFIRMATION_OK"
3146,10416187207,10416187343,1,"IOTHUB_CLIENT_CONFIRMATION_OK"
3147,10416187407,10416187442,1,"IOTHUB_CLIENT_CONFIRMATION_OK"
3148,10416187607,10416187653,1,"IOTHUB_CLIENT_CONFIRMATION_OK"
3149,10416187807,10416187947,1,"IOTHUB_CLIENT_CONFIRMATION_OK"
3150,10416188007,10416188048,1,"IOTHUB_CLIENT_CONFIRMATION_OK"
3151,10416188207,10416188266,1,"IOTHUB_CLIENT_CONFIRMATION_OK"
3152,10416188408,10416188463,1,"IOTHUB_CLIENT_CONFIRMATION_OK"
3153,10416188608,10416188649,1,"IOTHUB_CLIENT_CONFIRMATION_OK"
3154,10416188808,10416188860,1,"IOTHUB_CLIENT_CONFIRMATION_OK"
3155,10416189008,10416189060,1,"IOTHUB_CLIENT_CONFIRMATION_OK"
3156,10416189208,10416189251,1,"IOTHUB_CLIENT_CONFIRMATION_OK"
3157,10416189408,10416189459,1,"IOTHUB_CLIENT_CONFIRMATION_OK"
3158,10416189608,10416189658,1,"IOTHUB_CLIENT_CONFIRMATION_OK"
3159,10416189809,10416189849,1,"IOTHUB_CLIENT_CONFIRMATION_OK"
3160,10416190009,10416190053,1,"IOTHUB_CLIENT_CONFIRMATION_OK"
3161,10416190209,10416190270,1,"IOTHUB_CLIENT_CONFIRMATION_OK"
3162,10416190409,10416190588,1,"IOTHUB_CLIENT_CONFIRMATION_OK"
3163,10416190609,10416190645,1,"IOTHUB_CLIENT_CONFIRMATION_OK"
3164,10416190809,10416190878,1,"IOTHUB_CLIENT_CONFIRMATION_OK"
3165,10416191010,10416191044,1,"IOTHUB_CLIENT_CONFIRMATION_OK"
3166,10416191210,10416191252,1,"IOTHUB_CLIENT_CONFIRMATION_OK"
3167,10416191410,10416191452,1,"IOTHUB_CLIENT_CONFIRMATION_OK"
3168,10416191610,10416191731,1,"IOTHUB_CLIENT_CONFIRMATION_OK"
3169,10416191810,10416191845,1,"IOTHUB_CLIENT_CONFIRMATION_OK"
3170,10416192010,10416192066,1,"IOTHUB_CLIENT_CONFIRMATION_OK"
3171,10416192211,10416192253,1,"IOTHUB_CLIENT_CONFIRMATION_OK"
3172,10416192411,10416192448,1,"IOTHUB_CLIENT_CONFIRMATION_OK"
3173,10416192611,10416192659,1,"IOTHUB_CLIENT_CONFIRMATION_OK"
3174,10416192811,10416192847,1,"IOTHUB_CLIENT_CONFIRMATION_OK"
3175,10416193011,10416193058,1,"IOTHUB_CLIENT_CONFIRMATION_OK"
3176,10416193211,10416193279,1,"IOTHUB_CLIENT_CONFIRMATION_OK"
3177,10416193411,10416193450,1,"IOTHUB_CLIENT_CONFIRMATION_OK"
3178,10416193612,10416193675,1,"IOTHUB_CLIENT_CONFIRMATION_OK"
3179,10416193812,10416193858,1,"IOTHUB_CLIENT_CONFIRMATION_OK"
3180,10416194012,10416194058,1,"IOTHUB_CLIENT_CONFIRMATION_OK"
3181,10416194212,10416194247,1,"IOTHUB_CLIENT_CONFIRMATION_OK"
3182,10416194412,10416194460,1,"IOTHUB_CLIENT_CONFIRMATION_OK"
3183,10416194613,10416194669,1,"IOTHUB_CLIENT_CONFIRMATION_OK"
3184,10416194813,10416194854,1,"IOTHUB_CLIENT_CONFIRMATION_OK"
3185,10416195013,10416195105,1,"IOTHUB_CLIENT_CONFIRMATION_OK"
3186,10416195213,10416195253,1,"IOTHUB_CLIENT_CONFIRMATION_OK"
3187,10416195413,10416195459,1,"IOTHUB_CLIENT_CONFIRMATION_OK"
3188,10416195613,10416195744,1,"IOTHUB_CLIENT_CONFIRMATION_OK"
3189,10416195814,10416195855,1,"IOTHUB_CLIENT_CONFIRMATION_OK"
3190,10416196014,10416196049,1,"IOTHUB_CLIENT_CONFIRMATION_OK"
3191,10416196214,10416196359,1,"IOTHUB_CLIENT_CONFIRMATION_OK"
3192,10416196414,10416196526,1,"IOTHUB_CLIENT_CONFIRMATION_OK"
3193,10416196614,10416196660,1,"IOTHUB_CLIENT_CONFIRMATION_OK"
3194,10416196814,10416196874,1,"IOTHUB_CLIENT_CONFIRMATION_OK"
3195,10416197014,10416197058,1,"IOTHUB_CLIENT_CONFIRMATION_OK"
3196,10416197215,10416197273,1,"IOTHUB_CLIENT_CONFIRMATION_OK"
3197,10416197415,10416197456,1,"IOTHUB_CLIENT_CONFIRMATION_OK"
3198,10416197615,10416197666,1,"IOTHUB_CLIENT_CONFIRMATION_OK"
3199,10416197815,10416197849,1,"IOTHUB_CLIENT_CONFIRMATION_OK"
3200,10416198015,10416198095,1,"IOTHUB_CLIENT_CONFIRMATION_OK"
3201,10416198215,10416198292,1,"IOTHUB_CLIENT_CONFIRMATION_OK"
3202,10416198416,10416198469,1,"IOTHUB_CLIENT_CONFIRMATION_OK"
3203,10416198616,10416198665,1,"IOTHUB_CLIENT_CONFIRMATION_OK"
3204,10416198816,10416198855,1,"IOTHUB_CLIENT_CONFIRMATION_OK"
3205,10416199016,10416199064,1,"IOTHUB_CLIENT_CONFIRMATION_OK"
3206,10416199216,10416199261,1,"IOTHUB_CLIENT_CONFIRMATION_OK"
3207,10416199416,10416199664,1,"IOTHUB_CLIENT_CONFIRMATION_OK"
3208,10416199617,10416199684,1,"IOTHUB_CLIENT_CONFIRMATION_OK"
3209,10416199817,10416199914,1,"IOTHUB_CLIENT_CONFIRMATION_OK"
3210,10416200017,10416200064,1,"IOTHUB_CLIENT_CONFIRMATION_OK"
3211,10416200217,10416200292,1,"IOTHUB_CLIENT_CONFIRMATION_OK"
3212,10416200417,10416200475,1,"IOTHUB_CLIENT_CONFIRMATION_OK"
3213,10416200617,10416200666,1,"IOTHUB_CLIENT_CONFIRMATION_OK"
3214,10416200817,10416200883,1,"IOTHUB_CLIENT_CONFIRMATION_OK"
3215,10416201018,10416201066,1,"IOTHUB_CLIENT_CONFIRMATION_OK"
3216,10416201218,10416201272,1,"IOTHUB_CLIENT_CONFIRMATION_OK"
3217,10416201418,10416201503,1,"IOTHUB_CLIENT_CONFIRMATION_OK"
3218,10416201618,10416201682,1,"IOTHUB_CLIENT_CONFIRMATION_OK"
3219,10416201818,10416201858,1,"IOTHUB_CLIENT_CONFIRMATION_OK"
3220,10416202018,10416202164,1,"IOTHUB_CLIENT_CONFIRMATION_OK"
3221,10416202219,10416202266,1,"IOTHUB_CLIENT_CONFIRMATION_OK"
3222,10416202419,10416202476,1,"IOTHUB_CLIENT_CONFIRMATION_OK"
3223,10416202619,10416202658,1,"IOTHUB_CLIENT_CONFIRMATION_OK"
3224,10416202819,10416202874,1,"IOTHUB_CLIENT_CONFIRMATION_OK"
3225,10416203019,10416203071,1,"IOTHUB_CLIENT_CONFIRMATION_OK"
3226,10416203219,10416203271,1,"IOTHUB_CLIENT_CONFIRMATION_OK"
3227,10416203419,10416203463,1,"IOTHUB_CLIENT_CONFIRMATION_OK"
3228,10416203620,10416203668,1,"IOTHUB_CLIENT_CONFIRMATION_OK"
3229,10416203820,10416203873,1,"IOTHUB_CLIENT_CONFIRMATION_OK"
3230,10416204020,10416204061,1,"IOTHUB_CLIENT_CONFIRMATION_OK"
3231,10416204220,10416204257,1,"IOTHUB_CLIENT_CONFIRMATION_OK"
3232,10416204420,10416204458,1,"IOTHUB_CLIENT_CONFIRMATION_OK"
3233,10416204620,10416204805,1,"IOTHUB_CLIENT_CONFIRMATION_OK"
3234,10416204821,10416204876,1,"IOTHUB_CLIENT_CONFIRMATION_OK"
3235,10416205021,10416205061,1,"IOTHUB_CLIENT_CONFIRMATION_OK"
3236,10416205221,10416205407,1,"IOTHUB_CLIENT_CONFIRMATION_OK"
3237,10416205421,10416205463,1,"IOTHUB_CLIENT_CONFIRMATION_OK"
3238,10416205621,10416205661,1,"IOTHUB_CLIENT_CONFIRMATION_OK"
3239,10416205821,10416205910,1,"IOTHUB_CLIENT_CONFIRMATION_OK"
3240,10416206021,10416206064,1,"IOTHUB_CLIENT_CONFIRMATION_OK"
3241,10416206222,10416206273,1,"IOTHUB_CLIENT_CONFIRMATION_OK"
3242,10416206422,10416206526,1,"IOTHUB_CLIENT_CONFIRMATION_OK"
3243,10416206622,10416206662,1,"IOTHUB_CLIENT_CONFIRMATION_OK"
3244,10416206822,10416206854,1,"IOTHUB_CLIENT_CONFIRMATION_OK"
3245,10416207022,10416207072,1,"IOTHUB_CLIENT_CONFIRMATION_OK"
3246,10416207222,10416207265,1,"IOTHUB_CLIENT_CONFIRMATION_OK"
3247,10416207422,10416207475,1,"IOTHUB_CLIENT_CONFIRMATION_OK"
3248,10416207623,10416207664,1,"IOTHUB_CLIENT_CONFIRMATION_OK"
3249,10416207823,10416207867,1,"IOTHUB_CLIENT_CONFIRMATION_OK"
3250,10416208023,10416208135,1,"IOTHUB_CLIENT_CONFIRMATION_OK"
3251,10416208223,10416208257,1,"IOTHUB_CLIENT_CONFIRMATION_OK"
3252,10416208423,10416208467,1,"IOTHUB_CLIENT_CONFIRMATION_OK"
3253,10416208623,10416208677,1,"IOTHUB_CLIENT_CONFIRMATION_OK"
3254,10416208824,10416208867,1,"IOTHUB_CLIENT_CONFIRMATION_OK"
3255,10416209024,10416209079,1,"IOTHUB_CLIENT_CONFIRMATION_OK"
3256,10416209224,10416209302,1,"IOTHUB_CLIENT_CONFIRMATION_OK"
3257,10416209424,10416209516,1,"IOTHUB_CLIENT_CONFIRMATION_OK"
3258,10416209624,10416209672,1,"IOTHUB_CLIENT_CONFIRMATION_OK"
3259,10416209824,10416209946,1,"IOTHUB_CLIENT_CONFIRMATION_OK"
3260,10416210024,10416210064,1,"IOTHUB_CLIENT_CONFIRMATION_OK"
3261,10416210225,10416210271,1,"IOTHUB_CLIENT_CONFIRMATION_OK"
3262,10416210425,10416210562,1,"IOTHUB_CLIENT_CONFIRMATION_OK"
3263,10416210625,10416210664,1,"IOTHUB_CLIENT_CONFIRMATION_OK"
3264,10416210825,10416210872,1,"IOTHUB_CLIENT_CONFIRMATION_OK"
3265,10416211025,10416211074,1,"IOTHUB_CLIENT_CONFIRMATION_OK"
3266,10416211225,10416211271,1,"IOTHUB_CLIENT_CONFIRMATION_OK"
3267,10416211426,10416211461,1,"IOTHUB_CLIENT_CONFIRMATION_OK"
3268,10416211626,10416211659,1,"IOTHUB_CLIENT_CONFIRMATION_OK"
3269,10416211826,10416211872,1,"IOTHUB_CLIENT_CONFIRMATION_OK"
3270,10416212026,10416212062,1,"IOTHUB_CLIENT_CONFIRMATION_OK"
3271,10416212226,10416212264,1,"IOTHUB_CLIENT_CONFIRMATION_OK"
3272,10416212426,10416212469,1,"IOTHUB_CLIENT_CONFIRMATION_OK"
3273,10416212626,10416212663,1,"IOTHUB_CLIENT_CONFIRMATION_OK"
3274,10416212827,10416212877,1,"IOTHUB_CLIENT_CONFIRMATION_OK"
3275,10416213027,10416213072,1,"IOTHUB_CLIENT_CONFIRMATION_OK"
3276,10416213227,10416213269,1,"IOTHUB_CLIENT_CONFIRMATION_OK"
3277,10416213427,10416213468,1,"IOTHUB_CLIENT_CONFIRMATION_OK"
3278,10416213627,10416213844,1,"IOTHUB_CLIENT_CONFIRMATION_OK"
3279,10416213827,10416213858,1,"IOTHUB_CLIENT_CONFIRMATION_OK"
3280,10416214028,10416214069,1,"IOTHUB_CLIENT_CONFIRMATION_OK"
3281,10416214228,10416214279,1,"IOTHUB_CLIENT_CONFIRMATION_OK"
3282,10416214428,10416214503,1,"IOTHUB_CLIENT_CONFIRMATION_OK"
3283,10416214628,10416214672,1,"IOTHUB_CLIENT_CONFIRMATION_OK"
3284,10416214828,10416214868,1,"IOTHUB_CLIENT_CONFIRMATION_OK"
3285,10416215028,10416215072,1,"IOTHUB_CLIENT_CONFIRMATION_OK"
3286,10416215229,10416215287,1,"IOTHUB_CLIENT_CONFIRMATION_OK"
3287,10416215429,10416215491,1,"IOTHUB_CLIENT_CONFIRMATION_OK"
3288,10416215629,10416215765,1,"IOTHUB_CLIENT_CONFIRMATION_OK"
3289,10416215829,10416215876,1,"IOTHUB_CLIENT_CONFIRMATION_OK"
3290,10416216029,10416216131,1,"IOTHUB_CLIENT_CONFIRMATION_OK"
3291,10416216229,10416216367,1,"IOTHUB_CLIENT_CONFIRMATION_OK"
3292,10416216429,10416216479,1,"IOTHUB_CLIENT_CONFIRMATION_OK"
3293,10416216630,10416216669,1,"IOTHUB_CLIENT_CONFIRMATION_OK"
3294,10416216830,10416216898,1,"IOTHUB_CLIENT_CONFIRMATION_OK"
3295,10416217030,10416217079,1,"IOTHUB_CLIENT_CONFIRMATION_OK"
3296,10416217230,10416217277,1,"IOTHUB_CLIENT_CONFIRMATION_OK"
3297,10416217430,10416217510,1,"IOTHUB_CLIENT_CONFIRMATION_OK"
3298,10416217630,10416217666,1,"IOTHUB_CLIENT_CONFIRMATION_OK"
3299,10416217831,10416217866,1,"IOTHUB_CLIENT_CONFIRMATION_OK"
3300,10416218031,10416218076,1,"IOTHUB_CLIENT_CONFIRMATION_OK"
3301,10416218231,10416218275,1,"IOTHUB_CLIENT_CONFIRMATION_OK"
3302,10416218431,10416218463,1,"IOTHUB_CLIENT_CONFIRMATION_OK"
3303,10416218631,10416218675,1,"IOTHUB_CLIENT_CONFIRMATION_OK"
3304,10416218831,10416219009,1,"IOTHUB_CLIENT_CONFIRMATION_OK"
3305,10416219031,10416219167,1,"IOTHUB_CLIENT_CONFIRMATION_OK"
3306,10416219232,10416219272,1,"IOTHUB_CLIENT_CONFIRMATION_OK"
3307,10416219432,10416219634,1,"IOTHUB_CLIENT_CONFIRMATION_OK"
3308,10416219632,10416219679,1,"IOTHUB_CLIENT_CONFIRMATION_OK"
3309,10416219832,10416219879,1,"IOTHUB_CLIENT_CONFIRMATION_OK"
3310,10416220032,10416220075,1,"IOTHUB_CLIENT_CONFIRMATION_OK"
3311,10416220232,10416220286,1,"IOTHUB_CLIENT_CONFIRMATION_OK"
3312,10416220433,10416220476,1,"IOTHUB_CLIENT_CONFIRMATION_OK"
3313,10416220633,10416220674,1,"IOTHUB_CLIENT_CONFIRMATION_OK"
3314,10416220833,10416220873,1,"IOTHUB_CLIENT_CONFIRMATION_OK"
3315,10416221033,10416221071,1,"IOTHUB_CLIENT_CONFIRMATION_OK"
3316,10416221233,10416221277,1,"IOTHUB_CLIENT_CONFIRMATION_OK"
3317,10416221433,10416221472,1,"IOTHUB_CLIENT_CONFIRMATION_OK"
3318,10416221634,10416221689,1,"IOTHUB_CLIENT_CONFIRMATION_OK"
3319,10416221834,10416221888,1,"IOTHUB_CLIENT_CONFIRMATION_OK"
3320,10416222034,10416222281,1,"IOTHUB_CLIENT_CONFIRMATION_OK"
3321,10416222234,10416222304,1,"IOTHUB_CLIENT_CONFIRMATION_OK"
3322,10416222434,10416222473,1,"IOTHUB_CLIENT_CONFIRMATION_OK"
3323,10416222634,10416222667,1,"IOTHUB_CLIENT_CONFIRMATION_OK"
3324,10416222834,10416222872,1,"IOTHUB_CLIENT_CONFIRMATION_OK"
3325,10416223035,10416223066,1,"IOTHUB_CLIENT_CONFIRMATION_OK"
3326,10416223235,10416223269,1,"IOTHUB_CLIENT_CONFIRMATION_OK"
3327,10416223435,10416223502,1,"IOTHUB_CLIENT_CONFIRMATION_OK"
3328,10416223635,10416223699,1,"IOTHUB_CLIENT_CONFIRMATION_OK"
3329,10416223835,10416223890,1,"IOTHUB_CLIENT_CONFIRMATION_OK"
3330,10416224035,10416224107,1,"IOTHUB_CLIENT_CONFIRMATION_OK"
3331,10416224236,10416224276,1,"IOTHUB_CLIENT_CONFIRMATION_OK"
3332,10416224436,10416224472,1,"IOTHUB_CLIENT_CONFIRMATION_OK"
3333,10416224636,10416224715,1,"IOTHUB_CLIENT_CONFIRMATION_OK"
3334,10416224836,10416224889,1,"IOTHUB_CLIENT_CONFIRMATION_OK"
3335,10416225036,10416225072,1,"IOTHUB_CLIENT_CONFIRMATION_OK"
3336,10416225236,10416225349,1,"IOTHUB_CLIENT_CONFIRMATION_OK"
3337,10416225437,10416225479,1,"IOTHUB_CLIENT_CONFIRMATION_OK"
3338,10416225637,10416225679,1,"IOTHUB_CLIENT_CONFIRMATION_OK"
3339,10416225837,10416225890,1,"IOTHUB_CLIENT_CONFIRMATION_OK"
3340,10416226037,10416226080,1,"IOTHUB_CLIENT_CONFIRMATION_OK"
3341,10416226237,10416226288,1,"IOTHUB_CLIENT_CONFIRMATION_OK"
3342,10416226437,10416226475,1,"IOTHUB_CLIENT_CONFIRMATION_OK"
3343,10416226637,10416226675,1,"IOTHUB_CLIENT_CONFIRMATION_OK"
3344,10416226838,10416226876,1,"IOTHUB_CLIENT_CONFIRMATION_OK"
3345,10416227038,10416227098,1,"IOTHUB_CLIENT_CONFIRMATION_OK"
3346,10416227238,10416227390,1,"IOTHUB_CLIENT_CONFIRMATION_OK"
3347,10416227438,10416227476,1,"IOTHUB_CLIENT_CONFIRMATION_OK"
3348,10416227638,10416227681,1,"IOTHUB_CLIENT_CONFIRMATION_OK"
3349,10416227838,10416228021,1,"IOTHUB_CLIENT_CONFIRMATION_OK"
3350,10416228039,10416228075,1,"IOTHUB_CLIENT_CONFIRMATION_OK"
3351,10416228239,10416228284,1,"IOTHUB_CLIENT_CONFIRMATION_OK"
3352,10416228439,10416228476,1,"IOTHUB_CLIENT_CONFIRMATION_OK"
3353,10416228639,10416228672,1,"IOTHUB_CLIENT_CONFIRMATION_OK"
3354,10416228839,10416228886,1,"IOTHUB_CLIENT_CONFIRMATION_OK"
3355,10416229039,10416229115,1,"IOTHUB_CLIENT_CONFIRMATION_OK"
3356,10416229239,10416229284,1,"IOTHUB_CLIENT_CONFIRMATION_OK"
3357,10416229440,10416229481,1,"IOTHUB_CLIENT_CONFIRMATION_OK"
3358,10416229640,10416229690,1,"IOTHUB_CLIENT_CONFIRMATION_OK"
3359,10416229840,10416229874,1,"IOTHUB_CLIENT_CONFIRMATION_OK"
3360,10416230040,10416230115,1,"IOTHUB_CLIENT_CONFIRMATION_OK"
3361,10416230240,10416230314,1,"IOTHUB_CLIENT_CONFIRMATION_OK"
3362,10416230440,10416230694,1,"IOTHUB_CLIENT_CONFIRMATION_OK"
3363,10416230641,10416230722,1,"IOTHUB_CLIENT_CONFIRMATION_OK"
3364,10416230841,10416230889,1,"IOTHUB_CLIENT_CONFIRMATION_OK"
3365,10416231041,10416231078,1,"IOTHUB_CLIENT_CONFIRMATION_OK"
3366,10416231241,10416231364,1,"IOTHUB_CLIENT_CONFIRMATION_OK"
3367,10416231441,10416231496,1,"IOTHUB_CLIENT_CONFIRMATION_OK"
3368,10416231641,10416231677,1,"IOTHUB_CLIENT_CONFIRMATION_OK"
3369,10416231841,10416231894,1,"IOTHUB_CLIENT_CONFIRMATION_OK"
3370,10416232042,10416232087,1,"IOTHUB_CLIENT_CONFIRMATION_OK"
3371,10416232242,10416232369,1,"IOTHUB_CLIENT_CONFIRMATION_OK"
3372,10416232442,10416232556,1,"IOTHUB_CLIENT_CONFIRMATION_OK"
3373,10416232642,10416232684,1,"IOTHUB_CLIENT_CONFIRMATION_OK"
3374,10416232842,10416232881,1,"IOTHUB_CLIENT_CONFIRMATION_OK"
3375,10416233043,10416233155,1,"IOTHUB_CLIENT_CONFIRMATION_OK"
3376,10416233243,10416233293,1,"IOTHUB_CLIENT_CONFIRMATION_OK"
3377,10416233443,10416233500,1,"IOTHUB_CLIENT_CONFIRMATION_OK"
3378,10416233643,10416233754,1,"IOTHUB_CLIENT_CONFIRMATION_OK"
3379,10416233843,10416233885,1,"IOTHUB_CLIENT_CONFIRMATION_OK"
3380,10416234043,10416234092,1,"IOTHUB_CLIENT_CONFIRMATION_OK"
3381,10416234243,10416234283,1,"IOTHUB_CLIENT_CONFIRMATION_OK"
3382,10416234444,10416234510,1,"IOTHUB_CLIENT_CONFIRMATION_OK"
3383,10416234644,10416234718,1,"IOTHUB_CLIENT_CONFIRMATION_OK"
3384,10416234844,10416234888,1,"IOTHUB_CLIENT_CONFIRMATION_OK"
3385,10416235044,10416235100,1,"IOTHUB_CLIENT_CONFIRMATION_OK"
3386,10416235244,10416235304,1,"IOTHUB_CLIENT_CONFIRMATION_OK"
3387,10416235444,10416235567,1,"IOTHUB_CLIENT_CONFIRMATION_OK"
3388,10416235645,10416235683,1,"IOTHUB_CLIENT_CONFIRMATION_OK"
3389,10416235845,10416235894,1,"IOTHUB_CLIENT_CONFIRMATION_OK"
3390,10416236045,10416236090,1,"IOTHUB_CLIENT_CONFIRMATION_OK"
3391,10416236245,10416236410,1,"IOTHUB_CLIENT_CONFIRMATION_OK"
3392,10416236445,10416236488,1,"IOTHUB_CLIENT_CONFIRMATION_OK"
3393,10416236645,10416236680,1,"IOTHUB_CLIENT_CONFIRMATION_OK"
3394,10416236845,10416236895,1,"IOTHUB_CLIENT_CONFIRMATION_OK"
3395,10416237046,10416237089,1,"IOTHUB_CLIENT_CONFIRMATION_OK"
3396,10416237246,10416237295,1,"IOTHUB_CLIENT_CONFIRMATION_OK"
3397,10416237446,10416237504,1,"IOTHUB_CLIENT_CONFIRMATION_OK"
3398,10416237646,10416237693,1,"IOTHUB_CLIENT_CONFIRMATION_OK"
3399,10416237846,10416237885,1,"IOTHUB_CLIENT_CONFIRMATION_OK"
3400,10416238046,10416238086,1,"IOTHUB_CLIENT_CONFIRMATION_OK"
3401,10416238246,10416238296,1,"IOTHUB_CLIENT_CONFIRMATION_OK"
3402,10416238447,10416238504,1,"IOTHUB_CLIENT_CONFIRMATION_OK"
3403,10416238647,10416238698,1,"IOTHUB_CLIENT_CONFIRMATION_OK"
3404,10416238847,10416238902,1,"IOTHUB_CLIENT_CONFIRMATION_OK"
3405,10416239047,10416239086,1,"IOTHUB_CLIENT_CONFIRMATION_OK"
3406,10416239247,10416239296,1,"IOTHUB_CLIENT_CONFIRMATION_OK"
3407,10416239447,10416239496,1,"IOTHUB_CLIENT_CONFIRMATION_OK"
3408,10416239648,10416239691,1,"IOTHUB_CLIENT_CONFIRMATION_OK"
3409,10416239848,10416239892,1,"IOTHUB_CLIENT_CONFIRMATION_OK"
3410,10416240048,10416240086,1,"IOTHUB_CLIENT_CONFIRMATION_OK"
3411,10416240248,10416240290,1,"IOTHUB_CLIENT_CONFIRMATION_OK"
3412,10416240448,10416240487,1,"IOTHUB_CLIENT_CONFIRMATION_OK"
3413,10416240648,10416240691,1,"IOTHUB_CLIENT_CONFIRMATION_OK"
3414,10416240849,10416241013,1,"IOTHUB_CLIENT_CONFIRMATION_OK"
3415,10416241049,10416241127,1,"IOTHUB_CLIENT_CONFIRMATION_OK"
3416,10416241249,10416241298,1,"IOTHUB_CLIENT_CONFIRMATION_OK"
3417,10416241449,10416241577,1,"IOTHUB_CLIENT_CONFIRMATION_OK"
3418,10416241649,10416241688,1,"IOTHUB_CLIENT_CONFIRMATION_OK"
3419,10416241849,10416241891,1,"IOTHUB_CLIENT_CONFIRMATION_OK"
3420,10416242050,10416242212,1,"IOTHUB_CLIENT_CONFIRMATION_OK"
3421,10416242250,10416242293,1,"IOTHUB_CLIENT_CONFIRMATION_OK"
3422,10416242450,10416242497,1,"IOTHUB_CLIENT_CONFIRMATION_OK"
3423,10416242650,10416242697,1,"IOTHUB_CLIENT_CONFIRMATION_OK"
3424,10416242850,10416242887,1,"IOTHUB_CLIENT_CONFIRMATION_OK"
3425,10416243050,10416243085,1,"IOTHUB_CLIENT_CONFIRMATION_OK"
3426,10416243250,10416243299,1,"IOTHUB_CLIENT_CONFIRMATION_OK"
3427,10416243451,10416243557,1,"IOTHUB_CLIENT_CONFIRMATION_OK"
3428,10416243651,10416243689,1,"IOTHUB_CLIENT_CONFIRMATION_OK"
3429,10416243851,10416243894,1,"IOTHUB_CLIENT_CONFIRMATION_OK"
3430,10416244051,10416244103,1,"IOTHUB_CLIENT_CONFIRMATION_OK"
3431,10416244251,10416244293,1,"IOTHUB_CLIENT_CONFIRMATION_OK"
3432,10416244451,10416244498,1,"IOTHUB_CLIENT_CONFIRMATION_OK"
3433,10416244652,10416244755,1,"IOTHUB_CLIENT_CONFIRMATION_OK"
3434,10416244852,10416244908,1,"IOTHUB_CLIENT_CONFIRMATION_OK"
3435,10416245052,10416245127,1,"IOTHUB_CLIENT_CONFIRMATION_OK"
3436,10416245252,10416245444,1,"IOTHUB_CLIENT_CONFIRMATION_OK"
3437,10416245452,10416245522,1,"IOTHUB_CLIENT_CONFIRMATION_OK"
3438,10416245652,10416245696,1,"IOTHUB_CLIENT_CONFIRMATION_OK"
3439,10416245852,10416245902,1,"IOTHUB_CLIENT_CONFIRMATION_OK"
3440,10416246052,10416246089,1,"IOTHUB_CLIENT_CONFIRMATION_OK"
3441,10416246253,10416246299,1,"IOTHUB_CLIENT_CONFIRMATION_OK"
3442,10416246453,10416246518,1,"IOTHUB_CLIENT_CONFIRMATION_OK"
3443,10416246653,10416246693,1,"IOTHUB_CLIENT_CONFIRMATION_OK"
3444,10416246853,10416246912,1,"IOTHUB_CLIENT_CONFIRMATION_OK"
3445,10416247053,10416247106,1,"IOTHUB_CLIENT_CONFIRMATION_OK"
3446,10416247253,10416247312,1,"IOTHUB_CLIENT_CONFIRMATION_OK"
3447,10416247454,10416247503,1,"IOTHUB_CLIENT_CONFIRMATION_OK"
3448,10416247654,10416247692,1,"IOTHUB_CLIENT_CONFIRMATION_OK"
3449,10416247854,10416248099,1,"IOTHUB_CLIENT_CONFIRMATION_OK"
3450,10416248054,10416248121,1,"IOTHUB_CLIENT_CONFIRMATION_OK"
3451,10416248254,10416248301,1,"IOTHUB_CLIENT_CONFIRMATION_OK"
3452,10416248454,10416248497,1,"IOTHUB_CLIENT_CONFIRMATION_OK"
3453,10416248654,10416248731,1,"IOTHUB_CLIENT_CONFIRMATION_OK"
3454,10416248855,10416248895,1,"IOTHUB_CLIENT_CONFIRMATION_OK"
3455,10416249055,10416249112,1,"IOTHUB_CLIENT_CONFIRMATION_OK"
3456,10416249255,10416249495,1,"IOTHUB_CLIENT_CONFIRMATION_OK"
3457,10416249455,10416249585,1,"IOTHUB_CLIENT_CONFIRMATION_OK"
3458,10416249655,10416249704,1,"IOTHUB_CLIENT_CONFIRMATION_OK"
3459,10416249855,10416249921,1,"IOTHUB_CLIENT_CONFIRMATION_OK"
3460,10416250056,10416250089,1,"IOTHUB_CLIENT_CONFIRMATION_OK"
3461,10416250256,10416250287,1,"IOTHUB_CLIENT_CONFIRMATION_OK"
3462,10416250456,10416250527,1,"IOTHUB_CLIENT_CONFIRMATION_OK"
3463,10416250656,10416250704,1,"IOTHUB_CLIENT_CONFIRMATION_OK"
3464,10416250856,10416250903,1,"IOTHUB_CLIENT_CONFIRMATION_OK"
3465,10416251056,10416251096,1,"IOTHUB_CLIENT_CONFIRMATION_OK"
3466,10416251256,10416251302,1,"IOTHUB_CLIENT_CONFIRMATION_OK"
3467,10416251457,10416251495,1,"IOTHUB_CLIENT_CONFIRMATION_OK"
3468,10416251657,10416251698,1,"IOTHUB_CLIENT_CONFIRMATION_OK"
3469,10416251857,10416251903,1,"IOTHUB_CLIENT_CONFIRMATION_OK"
3470,10416252057,10416252098,1,"IOTHUB_CLIENT_CONFIRMATION_OK"
3471,10416252257,10416252290,1,"IOTHUB_CLIENT_CONFIRMATION_OK"
3472,10416252457,10416252504,1,"IOTHUB_CLIENT_CONFIRMATION_OK"
3473,10416252658,10416252704,1,"IOTHUB_CLIENT_CONFIRMATION_OK"
3474,10416252858,10416252925,1,"IOTHUB_CLIENT_CONFIRMATION_OK"
3475,10416253058,10416253119,1,"IOTHUB_CLIENT_CONFIRMATION_OK"
3476,10416253258,10416253299,1,"IOTHUB_CLIENT_CONFIRMATION_OK"
3477,10416253458,10416253498,1,"IOTHUB_CLIENT_CONFIRMATION_OK"
3478,10416253658,10416253708,1,"IOTHUB_CLIENT_CONFIRMATION_OK"
3479,10416253859,10416253899,1,"IOTHUB_CLIENT_CONFIRMATION_OK"
3480,10416254059,10416254095,1,"IOTHUB_CLIENT_CONFIRMATION_OK"
3481,10416254259,10416254308,1,"IOTHUB_CLIENT_CONFIRMATION_OK"
3482,10416254459,10416254507,1,"IOTHUB_CLIENT_CONFIRMATION_OK"
3483,10416254659,10416254706,1,"IOTHUB_CLIENT_CONFIRMATION_OK"
3484,10416254859,10416254916,1,"IOTHUB_CLIENT_CONFIRMATION_OK"
3485,10416255059,10416255145,1,"IOTHUB_CLIENT_CONFIRMATION_OK"
3486,10416255260,10416255328,1,"IOTHUB_CLIENT_CONFIRMATION_OK"
3487,10416255460,10416255497,1,"IOTHUB_CLIENT_CONFIRMATION_OK"
3488,10416255660,10416255748,1,"IOTHUB_CLIENT_CONFIRMATION_OK"
3489,10416255860,10416255892,1,"IOTHUB_CLIENT_CONFIRMATION_OK"
3490,10416256060,10416256100,1,"IOTHUB_CLIENT_CONFIRMATION_OK"
3491,10416256260,10416256377,1,"IOTHUB_CLIENT_CONFIRMATION_OK"
3492,10416256461,10416256500,1,"IOTHUB_CLIENT_CONFIRMATION_OK"
3493,10416256661,10416256697,1,"IOTHUB_CLIENT_CONFIRMATION_OK"
3494,10416256861,10416256918,1,"IOTHUB_CLIENT_CONFIRMATION_OK"
3495,10416257061,10416257109,1,"IOTHUB_CLIENT_CONFIRMATION_OK"
3496,10416257261,10416257314,1,"IOTHUB_CLIENT_CONFIRMATION_OK"
3497,10416257461,10416257501,1,"IOTHUB_CLIENT_CONFIRMATION_OK"
3498,10416257661,10416257746,1,"IOTHUB_CLIENT_CONFIRMATION_OK"
3499,10416257862,10416257907,1,"IOTHUB_CLIENT_CONFIRMATION_OK"
3500,10416258062,10416258103,1,"IOTHUB_CLIENT_CONFIRMATION_OK"
3501,10416258262,10416258305,1,"IOTHUB_CLIENT_CONFIRMATION_OK"
3502,10416258462,10416258530,1,"IOTHUB_CLIENT_CONFIRMATION_OK"
3503,10416258662,10416258699,1,"IOTHUB_CLIENT_CONFIRMATION_OK"
3504,10416258862,10416258924,1,"IOTHUB_CLIENT_CONFIRMATION_OK"
3505,10416259062,10416259110,1,"IOTHUB_CLIENT_CONFIRMATION_OK"
3506,10416259263,10416259307,1,"IOTHUB_CLIENT_CONFIRMATION_OK"
3507,10416259463,10416259676,1,"IOTHUB_CLIENT_CONFIRMATION_OK"
3508,10416259663,10416259800,1,"IOTHUB_CLIENT_CONFIRMATION_OK"
3509,10416259863,10416259920,1,"IOTHUB_CLIENT_CONFIRMATION_OK"
3510,10416260063,10416260097,1,"IOTHUB_CLIENT_CONFIRMATION_OK"
3511,10416260263,10416260312,1,"IOTHUB_CLIENT_CONFIRMATION_OK"
3512,10416260463,10416260508,1,"IOTHUB_CLIENT_CONFIRMATION_OK"
3513,10416260664,10416260711,1,"IOTHUB_CLIENT_CONFIRMATION_OK"
3514,10416260864,10416260916,1,"IOTHUB_CLIENT_CONFIRMATION_OK"
3515,10416261064,10416261152,1,"IOTHUB_CLIENT_CONFIRMATION_OK"
3516,10416261264,10416261308,1,"IOTHUB_CLIENT_CONFIRMATION_OK"
3517,10416261464,10416261590,1,"IOTHUB_CLIENT_CONFIRMATION_OK"
3518,10416261664,10416261711,1,"IOTHUB_CLIENT_CONFIRMATION_OK"
3519,10416261865,10416261945,1,"IOTHUB_CLIENT_CONFIRMATION_OK"
3520,10416262065,10416262153,1,"IOTHUB_CLIENT_CONFIRMATION_OK"
3521,10416262265,10416262312,1,"IOTHUB_CLIENT_CONFIRMATION_OK"
3522,10416262465,10416262500,1,"IOTHUB_CLIENT_CONFIRMATION_OK"
3523,10416262665,10416262725,1,"IOTHUB_CLIENT_CONFIRMATION_OK"
3524,10416262865,10416262958,1,"IOTHUB_CLIENT_CONFIRMATION_OK"
3525,10416263065,10416263144,1,"IOTHUB_CLIENT_CONFIRMATION_OK"
3526,10416263266,10416263356,1,"IOTHUB_CLIENT_CONFIRMATION_OK"
3527,10416263466,10416263508,1,"IOTHUB_CLIENT_CONFIRMATION_OK"
3528,10416263666,10416263706,1,"IOTHUB_CLIENT_CONFIRMATION_OK"
3529,10416263866,10416263909,1,"IOTHUB_CLIENT_CONFIRMATION_OK"
3530,10416264066,10416264196,1,"IOTHUB_CLIENT_CONFIRMATION_OK"
3531,10416264266,10416264359,1,"IOTHUB_CLIENT_CONFIRMATION_OK"
3532,10416264466,10416264498,1,"IOTHUB_CLIENT_CONFIRMATION_OK"
3533,10416264667,10416264795,1,"IOTHUB_CLIENT_CONFIRMATION_OK"
3534,10416264867,10416264901,1,"IOTHUB_CLIENT_CONFIRMATION_OK"
3535,10416265067,10416265123,1,"IOTHUB_CLIENT_CONFIRMATION_OK"
3536,10416265267,10416265428,1,"IOTHUB_CLIENT_CONFIRMATION_OK"
3537,10416265467,10416265519,1,"IOTHUB_CLIENT_CONFIRMATION_OK"
3538,10416265667,10416265796,1,"IOTHUB_CLIENT_CONFIRMATION_OK"
3539,10416265868,10416265928,1,"IOTHUB_CLIENT_CONFIRMATION_OK"
3540,10416266068,10416266120,1,"IOTHUB_CLIENT_CONFIRMATION_OK"
3541,10416266268,10416266306,1,"IOTHUB_CLIENT_CONFIRMATION_OK"
3542,10416266468,10416266502,1,"IOTHUB_CLIENT_CONFIRMATION_OK"
3543,10416266668,10416266704,1,"IOTHUB_CLIENT_CONFIRMATION_OK"
3544,10416266868,10416266909,1,"IOTHUB_CLIENT_CONFIRMATION_OK"
3545,10416267068,10416267108,1,"IOTHUB_CLIENT_CONFIRMATION_OK"
3546,10416267269,10416267372,1,"IOTHUB_CLIENT_CONFIRMATION_OK"
3547,10416267469,10416267513,1,"IOTHUB_CLIENT_CONFIRMATION_OK"
3548,10416267669,10416267709,1,"IOTHUB_CLIENT_CONFIRMATION_OK"
3549,10416267869,10416268060,1,"IOTHUB_CLIENT_CONFIRMATION_OK"
3550,10416268069,10416268108,1,"IOTHUB_CLIENT_CONFIRMATION_OK"
3551,10416268269,10416268327,1,"IOTHUB_CLIENT_CONFIRMATION_OK"
3552,10416268470,10416268507,1,"IOTHUB_CLIENT_CONFIRMATION_OK"
3553,10416268670,10416268713,1,"IOTHUB_CLIENT_CONFIRMATION_OK"
3554,10416268870,10416268915,1,"IOTHUB_CLIENT_CONFIRMATION_OK"
3555,10416269070,10416269115,1,"IOTHUB_CLIENT_CONFIRMATION_OK"
3556,10416269270,10416269331,1,"IOTHUB_CLIENT_CONFIRMATION_OK"
3557,10416269470,10416269526,1,"IOTHUB_CLIENT_CONFIRMATION_OK"
3558,10416269671,10416269712,1,"IOTHUB_CLIENT_CONFIRMATION_OK"
3559,10416269871,10416269932,1,"IOTHUB_CLIENT_CONFIRMATION_OK"
3560,10416270071,10416270139,1,"IOTHUB_CLIENT_CONFIRMATION_OK"
3561,10416270271,10416270306,1,"IOTHUB_CLIENT_CONFIRMATION_OK"
3562,10416270471,10416270509,1,"IOTHUB_CLIENT_CONFIRMATION_OK"
3563,10416270671,10416270721,1,"IOTHUB_CLIENT_CONFIRMATION_OK"
3564,10416270871,10416270927,1,"IOTHUB_CLIENT_CONFIRMATION_OK"
3565,10416271072,10416271108,1,"IOTHUB_CLIENT_CONFIRMATION_OK"
3566,10416271272,10416271330,1,"IOTHUB_CLIENT_CONFIRMATION_OK"
3567,10416271472,10416271513,1,"IOTHUB_CLIENT_CONFIRMATION_OK"
3568,10416271672,10416271802,1,"IOTHUB_CLIENT_CONFIRMATION_OK"
3569,10416271872,10416271979,1,"IOTHUB_CLIENT_CONFIRMATION_OK"
3570,10416272072,10416272115,1,"IOTHUB_CLIENT_CONFIRMATION_OK"
3571,10416272273,10416272316,1,"IOTHUB_CLIENT_CONFIRMATION_OK"
3572,10416272473,10416272578,1,"IOTHUB_CLIENT_CONFIRMATION_OK"
3573,10416272673,10416272708,1,"IOTHUB_CLIENT_CONFIRMATION_OK"
3574,10416272873,10416272956,1,"IOTHUB_CLIENT_CONFIRMATION_OK"
3575,10416273073,10416273207,1,"IOTHUB_CLIENT_CONFIRMATION_OK"
3576,10416273273,10416273315,1,"IOTHUB_CLIENT_CONFIRMATION_OK"
3577,10416273474,10416273518,1,"IOTHUB_CLIENT_CONFIRMATION_OK"
3578,10416273674,10416273827,1,"IOTHUB_CLIENT_CONFIRMATION_OK"
3579,10416273874,10416273918,1,"IOTHUB_CLIENT_CONFIRMATION_OK"
3580,10416274074,10416274121,1,"IOTHUB_CLIENT_CONFIRMATION_OK"
3581,10416274274,10416274314,1,"IOTHUB_CLIENT_CONFIRMATION_OK"
3582,10416274474,10416274504,1,"IOTHUB_CLIENT_CONFIRMATION_OK"
3583,10416274674,10416274719,1,"IOTHUB_CLIENT_CONFIRMATION_OK"
3584,10416274875,10416274918,1,"IOTHUB_CLIENT_CONFIRMATION_OK"
3585,10416275075,10416275114,1,"IOTHUB_CLIENT_CONFIRMATION_OK"
3586,10416275275,10416275315,1,"IOTHUB_CLIENT_CONFIRMATION_OK"
3587,10416275475,10416275514,1,"IOTHUB_CLIENT_CONFIRMATION_OK"
3588,10416275675,10416275710,1,"IOTHUB_CLIENT_CONFIRMATION_OK"
3589,10416275875,10416275935,1,"IOTHUB_CLIENT_CONFIRMATION_OK"
3590,10416276076,10416276120,1,"IOTHUB_CLIENT_CONFIRMATION_OK"
3591,10416276276,10416276482,1,"IOTHUB_CLIENT_CONFIRMATION_OK"
3592,10416276476,10416276518,1,"IOTHUB_CLIENT_CONFIRMATION_OK"
3593,10416276676,10416276727,1,"IOTHUB_CLIENT_CONFIRMATION_OK"
3594,10416276876,10416276910,1,"IOTHUB_CLIENT_CONFIRMATION_OK"
3595,10416277076,10416277111,1,"IOTHUB_CLIENT_CONFIRMATION_OK"
3596,10416277276,10416277317,1,"IOTHUB_CLIENT_CONFIRMATION_OK"
3597,10416277477,10416277531,1,"IOTHUB_CLIENT_CONFIRMATION_OK"
3598,10416277677,10416277766,1,"IOTHUB_CLIENT_CONFIRMATION_OK"
3599,10416277877,10416277969,1,"IOTHUB_CLIENT_CONFIRMATION_OK"
3600,10416278077,10416278138,1,"IOTHUB_CLIENT_CONFIRMATION_OK"
3601,10416278277,10416278372,1,"IOTHUB_CLIENT_CONFIRMATION_OK"
3602,10416278477,10416278531,1,"IOTHUB_CLIENT_CONFIRMATION_OK"
3603,10416278678,10416278737,1,"IOTHUB_CLIENT_CONFIRMATION_OK"
3604,10416278878,10416278970,1,"IOTHUB_CLIENT_CONFIRMATION_OK"
3605,10416279078,10416279114,1,"IOTHUB_CLIENT_CONFIRMATION_OK"
3606,10416279278,10416279356,1,"IOTHUB_CLIENT_CONFIRMATION_OK"
3607,10416279478,10416279580,1,"IOTHUB_CLIENT_CONFIRMATION_OK"
3608,10416279678,10416279714,1,"IOTHUB_CLIENT_CONFIRMATION_OK"
3609,10416279879,10416279924,1,"IOTHUB_CLIENT_CONFIRMATION_OK"
3610,10416280079,10416280135,1,"IOTHUB_CLIENT_CONFIRMATION_OK"
3611,10416280279,10416280337,1,"IOTHUB_CLIENT_CONFIRMATION_OK"
3612,10416280479,10416280526,1,"IOTHUB_CLIENT_CONFIRMATION_OK"
3613,10416280679,10416280724,1,"IOTHUB_CLIENT_CONFIRMATION_OK"
3614,10416280879,10416280929,1,"IOTHUB_CLIENT_CONFIRMATION_OK"
3615,10416281079,10416281223,1,"IOTHUB_CLIENT_CONFIRMATION_OK"
3616,10416281280,10416281343,1,"IOTHUB_CLIENT_CONFIRMATION_OK"
3617,10416281480,10416281531,1,"IOTHUB_CLIENT_CONFIRMATION_OK"
3618,10416281680,10416281726,1,"IOTHUB_CLIENT_CONFIRMATION_OK"
3619,10416281880,10416282098,1,"IOTHUB_CLIENT_CONFIRMATION_OK"
3620,10416282080,10416282324,1,"IOTHUB_CLIENT_CONFIRMATION_OK"
3621,10416282280,10416282364,1,"IOTHUB_CLIENT_CONFIRMATION_OK"
3622,10416282481,10416282527,1,"IOTHUB_CLIENT_CONFIRMATION_OK"
3623,10416282681,10416282738,1,"IOTHUB_CLIENT_CONFIRMATION_OK"
3624,10416282881,10416282924,1,"IOTHUB_CLIENT_CONFIRMATION_OK"
3625,10416283081,10416283149,1,"IOTHUB_CLIENT_CONFIRMATION_OK"
3626,10416283281,10416283318,1,"IOTHUB_CLIENT_CONFIRMATION_OK"
3627,10416283481,10416283523,1,"IOTHUB_CLIENT_CONFIRMATION_OK"
3628,10416283681,10416283724,1,"IOTHUB_CLIENT_CONFIRMATION_OK"
3629,10416283882,10416283926,1,"IOTHUB_CLIENT_CONFIRMATION_OK"
3630,10416284082,10416284198,1,"IOTHUB_CLIENT_CONFIRMATION_OK"
3631,10416284282,10416284349,1,"IOTHUB_CLIENT_CONFIRMATION_OK"
3632,10416284482,10416284534,1,"IOTHUB_CLIENT_CONFIRMATION_OK"
3633,10416284682,10416284732,1,"IOTHUB_CLIENT_CONFIRMATION_OK"
3634,10416284882,10416284925,1,"IOTHUB_CLIENT_CONFIRMATION_OK"
3635,10416285083,10416285123,1,"IOTHUB_CLIENT_CONFIRMATION_OK"
3636,10416285283,10416285332,1,"IOTHUB_CLIENT_CONFIRMATION_OK"
3637,10416285483,10416285554,1,"IOTHUB_CLIENT_CONFIRMATION_OK"
3638,10416285683,10416285722,1,"IOTHUB_CLIENT_CONFIRMATION_OK"
3639,10416285883,10416285921,1,"IOTHUB_CLIENT_CONFIRMATION_OK"
3640,10416286083,10416286155,1,"IOTHUB_CLIENT_CONFIRMATION_OK"
3641,10416286283,10416286326,1,"IOTHUB_CLIENT_CONFIRMATION_OK"
3642,10416286484,10416286602,1,"IOTHUB_CLIENT_CONFIRMATION_OK"
3643,10416286684,10416286802,1,"IOTHUB_CLIENT_CONFIRMATION_OK"
3644,10416286884,10416286928,1,"IOTHUB_CLIENT_CONFIRMATION_OK"
3645,10416287084,10416287197,1,"IOTHUB_CLIENT_CONFIRMATION_OK"
3646,10416287284,10416287419,1,"IOTHUB_CLIENT_CONFIRMATION_OK"
3647,10416287484,10416287540,1,"IOTHUB_CLIENT_CONFIRMATION_OK"
3648,10416287685,10416287722,1,"IOTHUB_CLIENT_CONFIRMATION_OK"
3649,10416287885,10416288032,1,"IOTHUB_CLIENT_CONFIRMATION_OK"
3650,10416288085,10416288130,1,"IOTHUB_CLIENT_CONFIRMATION_OK"
3651,10416288285,10416288331,1,"IOTHUB_CLIENT_CONFIRMATION_OK"
3652,10416288485,10416288523,1,"IOTHUB_CLIENT_CONFIRMATION_OK"
3653,10416288685,10416288741,1,"IOTHUB_CLIENT_CONFIRMATION_OK"
3654,10416288886,10416288932,1,"IOTHUB_CLIENT_CONFIRMATION_OK"
3655,10416289086,10416289127,1,"IOTHUB_CLIENT_CONFIRMATION_OK"
3656,10416289286,10416289361,1,"IOTHUB_CLIENT_CONFIRMATION_OK"
3657,10416289486,10416289529,1,"IOTHUB_CLIENT_CONFIRMATION_OK"
3658,10416289686,10416289740,1,"IOTHUB_CLIENT_CONFIRMATION_OK"
3659,10416289886,10416289919,1,"IOTHUB_CLIENT_CONFIRMATION_OK"
3660,10416290086,10416290151,1,"IOTHUB_CLIENT_CONFIRMATION_OK"
3661,10416290287,10416290431,1,"IOTHUB_CLIENT_CONFIRMATION_OK"
3662,10416290487,10416290532,1,"IOTHUB_CLIENT_CONFIRMATION_OK"
3663,10416290687,10416290731,1,"IOTHUB_CLIENT_CONFIRMATION_OK"
3664,10416290887,10416290944,1,"IOTHUB_CLIENT_CONFIRMATION_OK"
3665,10416291087,10416291127,1,"IOTHUB_CLIENT_CONFIRMATION_OK"
3666,10416291287,10416291325,1,"IOTHUB_CLIENT_CONFIRMATION_OK"
3667,10416291488,10416291526,1,"IOTHUB_CLIENT_CONFIRMATION_OK"
3668,10416291688,10416291723,1,"IOTHUB_CLIENT_CONFIRMATION_OK"
3669,10416291888,10416291925,1,"IOTHUB_CLIENT_CONFIRMATION_OK"
3670,10416292088,10416292125,1,"IOTHUB_CLIENT_CONFIRMATION_OK"
3671,10416292288,10416292331,1,"IOTHUB_CLIENT_CONFIRMATION_OK"
3672,10416292488,10416292588,1,"IOTHUB_CLIENT_CONFIRMATION_OK"
3673,10416292689,10416292739,1,"IOTHUB_CLIENT_CONFIRMATION_OK"
3674,10416292889,10416292940,1,"IOTHUB_CLIENT_CONFIRMATION_OK"
3675,10416293089,10416293128,1,"IOTHUB_CLIENT_CONFIRMATION_OK"
3676,10416293289,10416293329,1,"IOTHUB_CLIENT_CONFIRMATION_OK"
3677,10416293489,10416293530,1,"IOTHUB_CLIENT_CONFIRMATION_OK"
3678,10416293689,10416293748,1,"IOTHUB_CLIENT_CONFIRMATION_OK"
3679,10416293889,10416293931,1,"IOTHUB_CLIENT_CONFIRMATION_OK"
3680,10416294090,10416294124,1,"IOTHUB_CLIENT_CONFIRMATION_OK"
3681,10416294290,10416294335,1,"IOTHUB_CLIENT_CONFIRMATION_OK"
3682,10416294490,10416294529,1,"IOTHUB_CLIENT_CONFIRMATION_OK"
3683,10416294690,10416294742,1,"IOTHUB_CLIENT_CONFIRMATION_OK"
3684,10416294890,10416294931,1,"IOTHUB_CLIENT_CONFIRMATION_OK"
3685,10416295090,10416295180,1,"IOTHUB_CLIENT_CONFIRMATION_OK"
3686,10416295291,10416295328,1,"IOTHUB_CLIENT_CONFIRMATION_OK"
3687,10416295491,10416295541,1,"IOTHUB_CLIENT_CONFIRMATION_OK"
3688,10416295691,10416295818,1,"IOTHUB_CLIENT_CONFIRMATION_OK"
3689,10416295891,10416295944,1,"IOTHUB_CLIENT_CONFIRMATION_OK"
3690,10416296091,10416296145,1,"IOTHUB_CLIENT_CONFIRMATION_OK"
3691,10416296291,10416296388,1,"IOTHUB_CLIENT_CONFIRMATION_OK"
3692,10416296491,10416296530,1,"IOTHUB_CLIENT_CONFIRMATION_OK"
3693,10416296692,10416296738,1,"IOTHUB_CLIENT_CONFIRMATION_OK"
3694,10416296892,10416296929,1,"IOTHUB_CLIENT_CONFIRMATION_OK"
3695,10416297092,10416297140,1,"IOTHUB_CLIENT_CONFIRMATION_OK"
3696,10416297292,10416297337,1,"IOTHUB_CLIENT_CONFIRMATION_OK"
3697,10416297492,10416297529,1,"IOTHUB_CLIENT_CONFIRMATION_OK"
3698,10416297692,10416297725,1,"IOTHUB_CLIENT_CONFIRMATION_OK"
3699,10416297893,10416297950,1,"IOTHUB_CLIENT_CONFIRMATION_OK"
3700,10416298093,10416298143,1,"IOTHUB_CLIENT_CONFIRMATION_OK"
3701,10416298293,10416298337,1,"IOTHUB_CLIENT_CONFIRMATION_OK"
3702,10416298493,10416298540,1,"IOTHUB_CLIENT_CONFIRMATION_OK"
3703,10416298693,10416298741,1,"IOTHUB_CLIENT_CONFIRMATION_OK"
3704,10416298893,10416299097,1,"IOTHUB_CLIENT_CONFIRMATION_OK"
3705,10416299093,10416299159,1,"IOTHUB_CLIENT_CONFIRMATION_OK"
3706,10416299294,10416299340,1,"IOTHUB_CLIENT_CONFIRMATION_OK"
3707,10416299494,10416299540,1,"IOTHUB_CLIENT_CONFIRMATION_OK"
3708,10416299694,10416299760,1,"IOTHUB_CLIENT_CONFIRMATION_OK"
3709,10416299894,10416299938,1,"IOTHUB_CLIENT_CONFIRMATION_OK"
3710,10416300094,10416300128,1,"IOTHUB_CLIENT_CONFIRMATION_OK"
3711,10416300294,10416300397,1,"IOTHUB_CLIENT_CONFIRMATION_OK"
3712,10416300494,10416300532,1,"IOTHUB_CLIENT_CONFIRMATION_OK"
3713,10416300695,10416300736,1,"IOTHUB_CLIENT_CONFIRMATION_OK"
3714,10416300895,10416301018,1,"IOTHUB_CLIENT_CONFIRMATION_OK"
3715,10416301095,10416301133,1,"IOTHUB_CLIENT_CONFIRMATION_OK"
3716,10416301295,10416301331,1,"IOTHUB_CLIENT_CONFIRMATION_OK"
3717,10416301495,10416301590,1,"IOTHUB_CLIENT_CONFIRMATION_OK"
3718,10416301695,10416301733,1,"IOTHUB_CLIENT_CONFIRMATION_OK"
3719,10416301896,10416301934,1,"IOTHUB_CLIENT_CONFIRMATION_OK"
3720,10416302096,10416302222,1,"IOTHUB_CLIENT_CONFIRMATION_OK"
3721,10416302296,10416302337,1,"IOTHUB_CLIENT_CONFIRMATION_OK"
3722,10416302496,10416302600,1,"IOTHUB_CLIENT_CONFIRMATION_OK"
3723,10416302696,10416302754,1,"IOTHUB_CLIENT_CONFIRMATION_OK"
3724,10416302896,10416302941,1,"IOTHUB_CLIENT_CONFIRMATION_OK"
3725,10416303096,10416303137,1,"IOTHUB_CLIENT_CONFIRMATION_OK"
3726,10416303297,10416303337,1,"IOTHUB_CLIENT_CONFIRMATION_OK"
3727,10416303497,10416303559,1,"IOTHUB_CLIENT_CONFIRMATION_OK"
3728,10416303697,10416303746,1,"IOTHUB_CLIENT_CONFIRMATION_OK"
3729,10416303897,10416303966,1,"IOTHUB_CLIENT_CONFIRMATION_OK"
3730,10416304097,10416304148,1,"IOTHUB_CLIENT_CONFIRMATION_OK"
3731,10416304297,10416304338,1,"IOTHUB_CLIENT_CONFIRMATION_OK"
3732,10416304498,10416304540,1,"IOTHUB_CLIENT_CONFIRMATION_OK"
3733,10416304698,10416304852,1,"IOTHUB_CLIENT_CONFIRMATION_OK"
3734,10416304898,10416304936,1,"IOTHUB_CLIENT_CONFIRMATION_OK"
3735,10416305098,10416305133,1,"IOTHUB_CLIENT_CONFIRMATION_OK"
3736,10416305298,10416305487,1,"IOTHUB_CLIENT_CONFIRMATION_OK"
3737,10416305498,10416305547,1,"IOTHUB_CLIENT_CONFIRMATION_OK"
3738,10416305698,10416305743,1,"IOTHUB_CLIENT_CONFIRMATION_OK"
3739,10416305899,10416305939,1,"IOTHUB_CLIENT_CONFIRMATION_OK"
3740,10416306099,10416306196,1,"IOTHUB_CLIENT_CONFIRMATION_OK"
3741,10416306299,10416306347,1,"IOTHUB_CLIENT_CONFIRMATION_OK"
3742,10416306499,10416306536,1,"IOTHUB_CLIENT_CONFIRMATION_OK"
3743,10416306699,10416306798,1,"IOTHUB_CLIENT_CONFIRMATION_OK"
3744,10416306899,10416306944,1,"IOTHUB_CLIENT_CONFIRMATION_OK"
3745,10416307100,10416307149,1,"IOTHUB_CLIENT_CONFIRMATION_OK"
3746,10416307300,10416307374,1,"IOTHUB_CLIENT_CONFIRMATION_OK"
3747,10416307500,10416307541,1,"IOTHUB_CLIENT_CONFIRMATION_OK"
3748,10416307700,10416307755,1,"IOTHUB_CLIENT_CONFIRMATION_OK"
3749,10416307900,10416307988,1,"IOTHUB_CLIENT_CONFIRMATION_OK"
3750,10416308100,10416308140,1,"IOTHUB_CLIENT_CONFIRMATION_OK"
3751,10416308300,10416308334,1,"IOTHUB_CLIENT_CONFIRMATION_OK"
3752,10416308501,10416308537,1,"IOTHUB_CLIENT_CONFIRMATION_OK"
3753,10416308701,10416308763,1,"IOTHUB_CLIENT_CONFIRMATION_OK"
3754,10416308901,10416308984,1,"IOTHUB_CLIENT_CONFIRMATION_OK"
3755,10416309101,10416309328,1,"IOTHUB_CLIENT_CONFIRMATION_OK"
3756,10416309301,10416309434,1,"IOTHUB_CLIENT_CONFIRMATION_OK"
3757,10416309502,10416309564,1,"IOTHUB_CLIENT_CONFIRMATION_OK"
3758,10416309702,10416309744,1,"IOTHUB_CLIENT_CONFIRMATION_OK"
3759,10416309902,10416310004,1,"IOTHUB_CLIENT_CONFIRMATION_OK"
3760,10416310102,10416310139,1,"IOTHUB_CLIENT_CONFIRMATION_OK"
3761,10416310302,10416310353,1,"IOTHUB_CLIENT_CONFIRMATION_OK"
3762,10416310502,10416310675,1,"IOTHUB_CLIENT_CONFIRMATION_OK"
3763,10416310703,10416310788,1,"IOTHUB_CLIENT_CONFIRMATION_OK"
3764,10416310903,10416310935,1,"IOTHUB_CLIENT_CONFIRMATION_OK"
3765,10416311103,10416311143,1,"IOTHUB_CLIENT_CONFIRMATION_OK"
3766,10416311303,10416311357,1,"IOTHUB_CLIENT_CONFIRMATION_OK"
3767,10416311503,10416311550,1,"IOTHUB_CLIENT_CONFIRMATION_OK"
3768,10416311703,10416311742,1,"IOTHUB_CLIENT_CONFIRMATION_OK"
3769,10416311903,10416311949,1,"IOTHUB_CLIENT_CONFIRMATION_OK"
3770,10416312104,10416312151,1,"IOTHUB_CLIENT_CONFIRMATION_OK"
3771,10416312304,10416312346,1,"IOTHUB_CLIENT_CONFIRMATION_OK"
3772,10416312504,10416312543,1,"IOTHUB_CLIENT_CONFIRMATION_OK"
3773,10416312704,10416312759,1,"IOTHUB_CLIENT_CONFIRMATION_OK"
3774,10416312904,10416312946,1,"IOTHUB_CLIENT_CONFIRMATION_OK"
3775,10416313104,10416313161,1,"IOTHUB_CLIENT_CONFIRMATION_OK"
3776,10416313304,10416313344,1,"IOTHUB_CLIENT_CONFIRMATION_OK"
3777,10416313505,10416313559,1,"IOTHUB_CLIENT_CONFIRMATION_OK"
3778,10416313705,10416313780,1,"IOTHUB_CLIENT_CONFIRMATION_OK"
3779,10416313905,10416313946,1,"IOTHUB_CLIENT_CONFIRMATION_OK"
3780,10416314105,10416314221,1,"IOTHUB_CLIENT_CONFIRMATION_OK"
3781,10416314305,10416314360,1,"IOTHUB_CLIENT_CONFIRMATION_OK"
3782,10416314505,10416314542,1,"IOTHUB_CLIENT_CONFIRMATION_OK"
3783,10416314706,10416314753,1,"IOTHUB_CLIENT_CONFIRMATION_OK"
3784,10416314906,10416314956,1,"IOTHUB_CLIENT_CONFIRMATION_OK"
3785,10416315106,10416315149,1,"IOTHUB_CLIENT_CONFIRMATION_OK"
3786,10416315306,10416315354,1,"IOTHUB_CLIENT_CONFIRMATION_OK"
3787,10416315506,10416315581,1,"IOTHUB_CLIENT_CONFIRMATION_OK"
3788,10416315706,10416315759,1,"IOTHUB_CLIENT_CONFIRMATION_OK"
3789,10416315907,10416315951,1,"IOTHUB_CLIENT_CONFIRMATION_OK"
3790,10416316107,10416316153,1,"IOTHUB_CLIENT_CONFIRMATION_OK"
3791,10416316307,10416316473,1,"IOTHUB_CLIENT_CONFIRMATION_OK"
3792,10416316507,10416316546,1,"IOTHUB_CLIENT_CONFIRMATION_OK"
3793,10416316707,10416316756,1,"IOTHUB_CLIENT_CONFIRMATION_OK"
3794,10416316907,10416316960,1,"IOTHUB_CLIENT_CONFIRMATION_OK"
3795,10416317107,10416317143,1,"IOTHUB_CLIENT_CONFIRMATION_OK"
3796,10416317308,10416317343,1,"IOTHUB_CLIENT_CONFIRMATION_OK"
3797,10416317508,10416317555,1,"IOTHUB_CLIENT_CONFIRMATION_OK"
3798,10416317708,10416317797,1,"IOTHUB_CLIENT_CONFIRMATION_OK"
3799,10416317908,10416317977,1,"IOTHUB_CLIENT_CONFIRMATION_OK"
3800,10416318108,10416318158,1,"IOTHUB_CLIENT_CONFIRMATION_OK"
3801,10416318308,10416318400,1,"IOTHUB_CLIENT_CONFIRMATION_OK"
3802,10416318509,10416318559,1,"IOTHUB_CLIENT_CONFIRMATION_OK"
3803,10416318709,10416318767,1,"IOTHUB_CLIENT_CONFIRMATION_OK"
3804,10416318909,10416318970,1,"IOTHUB_CLIENT_CONFIRMATION_OK"
3805,10416319109,10416319144,1,"IOTHUB_CLIENT_CONFIRMATION_OK"
3806,10416319309,10416319347,1,"IOTHUB_CLIENT_CONFIRMATION_OK"
3807,10416319509,10416319547,1,"IOTHUB_CLIENT_CONFIRMATION_OK"
3808,10416319709,10416319758,1,"IOTHUB_CLIENT_CONFIRMATION_OK"
3809,10416319910,10416319953,1,"IOTHUB_CLIENT_CONFIRMATION_OK"
3810,10416320110,10416320175,1,"IOTHUB_CLIENT_CONFIRMATION_OK"
3811,10416320310,10416320368,1,"IOTHUB_CLIENT_CONFIRMATION_OK"
3812,10416320510,10416320562,1,"IOTHUB_CLIENT_CONFIRMATION_OK"
3813,10416320710,10416320747,1,"IOTHUB_CLIENT_CONFIRMATION_OK"
3814,10416320910,10416320979,1,"IOTHUB_CLIENT_CONFIRMATION_OK"
3815,10416321111,10416321148,1,"IOTHUB_CLIENT_CONFIRMATION_OK"
3816,10416321311,10416321364,1,"IOTHUB_CLIENT_CONFIRMATION_OK"
3817,10416321511,10416321752,1,"IOTHUB_CLIENT_CONFIRMATION_OK"
3818,10416321711,10416321813,1,"IOTHUB_CLIENT_CONFIRMATION_OK"
3819,10416321911,10416321953,1,"IOTHUB_CLIENT_CONFIRMATION_OK"
3820,10416322111,10416322195,1,"IOTHUB_CLIENT_CONFIRMATION_OK"
3821,10416322311,10416322356,1,"IOTHUB_CLIENT_CONFIRMATION_OK"
3822,10416322512,10416322545,1,"IOTHUB_CLIENT_CONFIRMATION_OK"
3823,10416322712,10416322747,1,"IOTHUB_CLIENT_CONFIRMATION_OK"
3824,10416322912,10416322947,1,"IOTHUB_CLIENT_CONFIRMATION_OK"
3825,10416323112,10416323152,1,"IOTHUB_CLIENT_CONFIRMATION_OK"
3826,10416323312,10416323356,1,"IOTHUB_CLIENT_CONFIRMATION_OK"
3827,10416323512,10416323546,1,"IOTHUB_CLIENT_CONFIRMATION_OK"
3828,10416323713,10416323750,1,"IOTHUB_CLIENT_CONFIRMATION_OK"
3829,10416323913,10416323956,1,"IOTHUB_CLIENT_CONFIRMATION_OK"
3830,10416324113,10416324243,1,"IOTHUB_CLIENT_CONFIRMATION_OK"
3831,10416324313,10416324350,1,"IOTHUB_CLIENT_CONFIRMATION_OK"
3832,10416324513,10416324572,1,"IOTHUB_CLIENT_CONFIRMATION_OK"
3833,10416324713,10416324882,1,"IOTHUB_CLIENT_CONFIRMATION_OK"
3834,10416324913,10416324959,1,"IOTHUB_CLIENT_CONFIRMATION_OK"
3835,10416325114,10416325152,1,"IOTHUB_CLIENT_CONFIRMATION_OK"
3836,10416325314,10416325449,1,"IOTHUB_CLIENT_CONFIRMATION_OK"
3837,10416325514,10416325588,1,"IOTHUB_CLIENT_CONFIRMATION_OK"
3838,10416325714,10416325751,1,"IOTHUB_CLIENT_CONFIRMATION_OK"
3839,10416325914,10416325956,1,"IOTHUB_CLIENT_CONFIRMATION_OK"
3840,10416326114,10416326153,1,"IOTHUB_CLIENT_CONFIRMATION_OK"
3841,10416326315,10416326351,1,"IOTHUB_CLIENT_CONFIRMATION_OK"
3842,10416326515,10416326558,1,"IOTHUB_CLIENT_CONFIRMATION_OK"
3843,10416326715,10416326757,1,"IOTHUB_CLIENT_CONFIRMATION_OK"
3844,10416326915,10416327022,1,"IOTHUB_CLIENT_CONFIRMATION_OK"
3845,10416327115,10416327150,1,"IOTHUB_CLIENT_CONFIRMATION_OK"
3846,10416327315,10416327368,1,"IOTHUB_CLIENT_CONFIRMATION_OK"
3847,10416327515,10416327547,1,"IOTHUB_CLIENT_CONFIRMATION_OK"
3848,10416327716,10416327753,1,"IOTHUB_CLIENT_CONFIRMATION_OK"
3849,10416327916,10416328135,1,"IOTHUB_CLIENT_CONFIRMATION_OK"
3850,10416328116,10416328159,1,"IOTHUB_CLIENT_CONFIRMATION_OK"
3851,10416328316,10416328372,1,"IOTHUB_CLIENT_CONFIRMATION_OK"
3852,10416328516,10416328562,1,"IOTHUB_CLIENT_CONFIRMATION_OK"
3853,10416328716,10416328770,1,"IOTHUB_CLIENT_CONFIRMATION_OK"
3854,10416328917,10416328958,1,"IOTHUB_CLIENT_CONFIRMATION_OK"
3855,10416329117,10416329226,1,"IOTHUB_CLIENT_CONFIRMATION_OK"
3856,10416329317,10416329361,1,"IOTHUB_CLIENT_CONFIRMATION_OK"
3857,10416329517,10416329582,1,"IOTHUB_CLIENT_CONFIRMATION_OK"
3858,10416329717,10416329762,1,"IOTHUB_CLIENT_CONFIRMATION_OK"
3859,10416329917,10416329971,1,"IOTHUB_CLIENT_CONFIRMATION_OK"
3860,10416330118,10416330159,1,"IOTHUB_CLIENT_CONFIRMATION_OK"
3861,10416330318,10416330393,1,"IOTHUB_CLIENT_CONFIRMATION_OK"
3862,10416330518,10416330580,1,"IOTHUB_CLIENT_CONFIRMATION_OK"
3863,10416330718,10416330772,1,"IOTHUB_CLIENT_CONFIRMATION_OK"
3864,10416330918,10416330960,1,"IOTHUB_CLIENT_CONFIRMATION_OK"
3865,10416331118,10416331153,1,"IOTHUB_CLIENT_CONFIRMATION_OK"
3866,10416331318,10416331360,1,"IOTHUB_CLIENT_CONFIRMATION_OK"
3867,10416331519,10416331572,1,"IOTHUB_CLIENT_CONFIRMATION_OK"
3868,10416331719,10416331786,1,"IOTHUB_CLIENT_CONFIRMATION_OK"
3869,10416331919,10416331970,1,"IOTHUB_CLIENT_CONFIRMATION_OK"
3870,10416332119,10416332173,1,"IOTHUB_CLIENT_CONFIRMATION_OK"
3871,10416332319,10416332365,1,"IOTHUB_CLIENT_CONFIRMATION_OK"
3872,10416332519,10416332714,1,"IOTHUB_CLIENT_CONFIRMATION_OK"
3873,10416332720,10416332759,1,"IOTHUB_CLIENT_CONFIRMATION_OK"
3874,10416332920,10416332960,1,"IOTHUB_CLIENT_CONFIRMATION_OK"
3875,10416333120,10416333163,1,"IOTHUB_CLIENT_CONFIRMATION_OK"
3876,10416333320,10416333361,1,"IOTHUB_CLIENT_CONFIRMATION_OK"
3877,10416333520,10416333564,1,"IOTHUB_CLIENT_CONFIRMATION_OK"
3878,10416333720,10416333975,1,"IOTHUB_CLIENT_CONFIRMATION_OK"
3879,10416333921,10416334008,1,"IOTHUB_CLIENT_CONFIRMATION_OK"
3880,10416334121,10416334181,1,"IOTHUB_CLIENT_CONFIRMATION_OK"
3881,10416334321,10416334363,1,"IOTHUB_CLIENT_CONFIRMATION_OK"
3882,10416334521,10416334575,1,"IOTHUB_CLIENT_CONFIRMATION_OK"
3883,10416334721,10416334771,1,"IOTHUB_CLIENT_CONFIRMATION_OK"
3884,10416334921,10416334980,1,"IOTHUB_CLIENT_CONFIRMATION_OK"
3885,10416335121,10416335190,1,"IOTHUB_CLIENT_CONFIRMATION_OK"
3886,10416335322,10416335455,1,"IOTHUB_CLIENT_CONFIRMATION_OK"
3887,10416335522,10416335571,1,"IOTHUB_CLIENT_CONFIRMATION_OK"
3888,10416335722,10416335817,1,"IOTHUB_CLIENT_CONFIRMATION_OK"
3889,10416335922,10416335954,1,"IOTHUB_CLIENT_CONFIRMATION_OK"
3890,10416336122,10416336174,1,"IOTHUB_CLIENT_CONFIRMATION_OK"
3891,10416336322,10416336441,1,"IOTHUB_CLIENT_CONFIRMATION_OK"
3892,10416336523,10416336569,1,"IOTHUB_CLIENT_CONFIRMATION_OK"
3893,10416336723,10416336756,1,"IOTHUB_CLIENT_CONFIRMATION_OK"
3894,10416336923,10416336971,1,"IOTHUB_CLIENT_CONFIRMATION_OK"
3895,10416337123,10416337168,1,"IOTHUB_CLIENT_CONFIRMATION_OK"
3896,10416337323,10416337359,1,"IOTHUB_CLIENT_CONFIRMATION_OK"
3897,10416337523,10416337578,1,"IOTHUB_CLIENT_CONFIRMATION_OK"
3898,10416337724,10416337765,1,"IOTHUB_CLIENT_CONFIRMATION_OK"
3899,10416337924,10416337960,1,"IOTHUB_CLIENT_CONFIRMATION_OK"
3900,10416338124,10416338161,1,"IOTHUB_CLIENT_CONFIRMATION_OK"
3901,10416338324,10416338378,1,"IOTHUB_CLIENT_CONFIRMATION_OK"
3902,10416338524,10416338564,1,"IOTHUB_CLIENT_CONFIRMATION_OK"
3903,10416338724,10416338811,1,"IOTHUB_CLIENT_CONFIRMATION_OK"
3904,10416338924,10416339095,1,"IOTHUB_CLIENT_CONFIRMATION_OK"
3905,10416339125,10416339167,1,"IOTHUB_CLIENT_CONFIRMATION_OK"
3906,10416339325,10416339357,1,"IOTHUB_CLIENT_CONFIRMATION_OK"
3907,10416339525,10416339701,1,"IOTHUB_CLIENT_CONFIRMATION_OK"
3908,10416339725,10416339765,1,"IOTHUB_CLIENT_CONFIRMATION_OK"
3909,10416339925,10416339965,1,"IOTHUB_CLIENT_CONFIRMATION_OK"
3910,10416340125,10416340162,1,"IOTHUB_CLIENT_CONFIRMATION_OK"
3911,10416340325,10416340372,1,"IOTHUB_CLIENT_CONFIRMATION_OK"
3912,10416340526,10416340571,1,"IOTHUB_CLIENT_CONFIRMATION_OK"
3913,10416340726,10416340778,1,"IOTHUB_CLIENT_CONFIRMATION_OK"
3914,10416340926,10416340992,1,"IOTHUB_CLIENT_CONFIRMATION_OK"
3915,10416341126,10416341162,1,"IOTHUB_CLIENT_CONFIRMATION_OK"
3916,10416341326,10416341365,1,"IOTHUB_CLIENT_CONFIRMATION_OK"
3917,10416341527,10416341566,1,"IOTHUB_CLIENT_CONFIRMATION_OK"
3918,10416341727,10416341771,1,"IOTHUB_CLIENT_CONFIRMATION_OK"
3919,10416341927,10416342018,1,"IOTHUB_CLIENT_CONFIRMATION_OK"
3920,10416342127,10416342328,1,"IOTHUB_CLIENT_CONFIRMATION_OK"
3921,10416342327,10416342369,1,"IOTHUB_CLIENT_CONFIRMATION_OK"
3922,10416342527,10416342575,1,"IOTHUB_CLIENT_CONFIRMATION_OK"
3923,10416342727,10416342773,1,"IOTHUB_CLIENT_CONFIRMATION_OK"
3924,10416342928,10416342986,1,"IOTHUB_CLIENT_CONFIRMATION_OK"
3925,10416343128,10416343167,1,"IOTHUB_CLIENT_CONFIRMATION_OK"
3926,10416343328,10416343366,1,"IOTHUB_CLIENT_CONFIRMATION_OK"
3927,10416343528,10416343567,1,"IOTHUB_CLIENT_CONFIRMATION_OK"
3928,10416343728,10416343762,1,"IOTHUB_CLIENT_CONFIRMATION_OK"
3929,10416343928,10416343976,1,"IOTHUB_CLIENT_CONFIRMATION_OK"
3930,10416344128,10416344192,1,"IOTHUB_CLIENT_CONFIRMATION_OK"
3931,10416344329,10416344373,1,"IOTHUB_CLIENT_CONFIRMATION_OK"
3932,10416344529,10416344585,1,"IOTHUB_CLIENT_CONFIRMATION_OK"
3933,10416344729,10416344797,1,"IOTHUB_CLIENT_CONFIRMATION_OK"
3934,10416344929,10416344971,1,"IOTHUB_CLIENT_CONFIRMATION_OK"
3935,10416345129,10416345191,1,"IOTHUB_CLIENT_CONFIRMATION_OK"
3936,10416345329,10416345381,1,"IOTHUB_CLIENT_CONFIRMATION_OK"
3937,10416345530,10416345572,1,"IOTHUB_CLIENT_CONFIRMATION_OK"
3938,10416345730,10416345790,1,"IOTHUB_CLIENT_CONFIRMATION_OK"
3939,10416345930,10416345967,1,"IOTHUB_CLIENT_CONFIRMATION_OK"
3940,10416346130,10416346177,1,"IOTHUB_CLIENT_CONFIRMATION_OK"
3941,10416346330,10416346377,1,"IOTHUB_CLIENT_CONFIRMATION_OK"
3942,10416346530,10416346572,1,"IOTHUB_CLIENT_CONFIRMATION_OK"
3943,10416346731,10416346773,1,"IOTHUB_CLIENT_CONFIRMATION_OK"
3944,10416346931,10416346975,1,"IOTHUB_CLIENT_CONFIRMATION_OK"
3945,10416347131,10416347165,1,"IOTHUB_CLIENT_CONFIRMATION_OK"
3946,10416347331,10416347480,1,"IOTHUB_CLIENT_CONFIRMATION_OK"
3947,10416347531,10416347568,1,"IOTHUB_CLIENT_CONFIRMATION_OK"
3948,10416347731,10416347766,1,"IOTHUB_CLIENT_CONFIRMATION_OK"
3949,10416347931,10416348098,1,"IOTHUB_CLIENT_CONFIRMATION_OK"
3950,10416348132,10416348169,1,"IOTHUB_CLIENT_CONFIRMATION_OK"
3951,10416348332,10416348364,1,"IOTHUB_CLIENT_CONFIRMATION_OK"
3952,10416348532,10416348677,1,"IOTHUB_CLIENT_CONFIRMATION_OK"
3953,10416348732,10416348798,1,"IOTHUB_CLIENT_CONFIRMATION_OK"
3954,10416348932,10416348966,1,"IOTHUB_CLIENT_CONFIRMATION_OK"
3955,10416349132,10416349172,1,"IOTHUB_CLIENT_CONFIRMATION_OK"
3956,10416349333,10416349380,1,"IOTHUB_CLIENT_CONFIRMATION_OK"
3957,10416349533,10416349579,1,"IOTHUB_CLIENT_CONFIRMATION_OK"
3958,10416349733,10416349771,1,"IOTHUB_CLIENT_CONFIRMATION_OK"
3959,10416349933,10416349970,1,"IOTHUB_CLIENT_CONFIRMATION_OK"
3960,10416350133,10416350188,1,"IOTHUB_CLIENT_CONFIRMATION_OK"
3961,10416350333,10416350373,1,"IOTHUB_CLIENT_CONFIRMATION_OK"
3962,10416350533,10416350566,1,"IOTHUB_CLIENT_CONFIRMATION_OK"
3963,10416350734,10416350798,1,"IOTHUB_CLIENT_CONFIRMATION_OK"
3964,10416350934,10416351015,1,"IOTHUB_CLIENT_CONFIRMATION_OK"
3965,10416351134,10416351205,1,"IOTHUB_CLIENT_CONFIRMATION_OK"
3966,10416351334,10416351391,1,"IOTHUB_CLIENT_CONFIRMATION_OK"
3967,10416351534,10416351593,1,"IOTHUB_CLIENT_CONFIRMATION_OK"
3968,10416351734,10416351886,1,"IOTHUB_CLIENT_CONFIRMATION_OK"
3969,10416351935,10416352005,1,"IOTHUB_CLIENT_CONFIRMATION_OK"
3970,10416352135,10416352190,1,"IOTHUB_CLIENT_CONFIRMATION_OK"
3971,10416352335,10416352373,1,"IOTHUB_CLIENT_CONFIRMATION_OK"
3972,10416352535,10416352609,1,"IOTHUB_CLIENT_CONFIRMATION_OK"
3973,10416352735,10416352777,1,"IOTHUB_CLIENT_CONFIRMATION_OK"
3974,10416352935,10416352980,1,"IOTHUB_CLIENT_CONFIRMATION_OK"
3975,10416353135,10416353224,1,"IOTHUB_CLIENT_CONFIRMATION_OK"
3976,10416353336,10416353386,1,"IOTHUB_CLIENT_CONFIRMATION_OK"
3977,10416353536,10416353578,1,"IOTHUB_CLIENT_CONFIRMATION_OK"
3978,10416353736,10416353817,1,"IOTHUB_CLIENT_CONFIRMATION_OK"
3979,10416353936,10416353977,1,"IOTHUB_CLIENT_CONFIRMATION_OK"
3980,10416354136,10416354182,1,"IOTHUB_CLIENT_CONFIRMATION_OK"
3981,10416354336,10416354371,1,"IOTHUB_CLIENT_CONFIRMATION_OK"
3982,10416354536,10416354571,1,"IOTHUB_CLIENT_CONFIRMATION_OK"
3983,10416354737,10416354905,1,"IOTHUB_CLIENT_CONFIRMATION_OK"
3984,10416354937,10416354976,1,"IOTHUB_CLIENT_CONFIRMATION_OK"
3985,10416355137,10416355173,1,"IOTHUB_CLIENT_CONFIRMATION_OK"
3986,10416355337,10416355375,1,"IOTHUB_CLIENT_CONFIRMATION_OK"
3987,10416355537,10416355578,1,"IOTHUB_CLIENT_CONFIRMATION_OK"
3988,10416355737,10416355878,1,"IOTHUB_CLIENT_CONFIRMATION_OK"
3989,10416355938,10416356002,1,"IOTHUB_CLIENT_CONFIRMATION_OK"
3990,10416356138,10416356225,1,"IOTHUB_CLIENT_CONFIRMATION_OK"
3991,10416356338,10416356468,1,"IOTHUB_CLIENT_CONFIRMATION_OK"
3992,10416356538,10416356578,1,"IOTHUB_CLIENT_CONFIRMATION_OK"
3993,10416356738,10416356786,1,"IOTHUB_CLIENT_CONFIRMATION_OK"
3994,10416356938,10416356990,1,"IOTHUB_CLIENT_CONFIRMATION_OK"
3995,10416357138,10416357190,1,"IOTHUB_CLIENT_CONFIRMATION_OK"
3996,10416357339,10416357384,1,"IOTHUB_CLIENT_CONFIRMATION_OK"
3997,10416357539,10416357595,1,"IOTHUB_CLIENT_CONFIRMATION_OK"
3998,10416357739,10416357800,1,"IOTHUB_CLIENT_CONFIRMATION_OK"
3999,10416357939,10416357999,1,"IOTHUB_CLIENT_CONFIRMATION_OK"
4000,10416358139,10416358193,1,"IOTHUB_CLIENT_CONFIRMATION_OK"
4001,10416358339,10416358375,1,"IOTHUB_CLIENT_CONFIRMATION_OK"
4002,10416358539,10416358583,1,"IOTHUB_CLIENT_CONFIRMATION_OK"
4003,10416358740,10416358778,1,"IOTHUB_CLIENT_CONFIRMATION_OK"
4004,10416358940,10416359114,1,"IOTHUB_CLIENT_CONFIRMATION_OK"
4005,10416359140,10416359188,1,"IOTHUB_CLIENT_CONFIRMATION_OK"
4006,10416359340,10416359385,1,"IOTHUB_CLIENT_CONFIRMATION_OK"
4007,10416359540,10416359732,1,"IOTHUB_CLIENT_CONFIRMATION_OK"
4008,10416359740,10416359785,1,"IOTHUB_CLIENT_CONFIRMATION_OK"
4009,10416359941,10416360022,1,"IOTHUB_CLIENT_CONFIRMATION_OK"
4010,10416360141,10416360185,1,"IOTHUB_CLIENT_CONFIRMATION_OK"
4011,10416360341,10416360380,1,"IOTHUB_CLIENT_CONFIRMATION_OK"
4012,10416360541,10416360582,1,"IOTHUB_CLIENT_CONFIRMATION_OK"
4013,10416360741,10416360775,1,"IOTHUB_CLIENT_CONFIRMATION_OK"
4014,10416360941,10416360995,1,"IOTHUB_CLIENT_CONFIRMATION_OK"
4015,10416361142,10416361186,1,"IOTHUB_CLIENT_CONFIRMATION_OK"
4016,10416361342,10416361397,1,"IOTHUB_CLIENT_CONFIRMATION_OK"
4017,10416361542,10416361724,1,"IOTHUB_CLIENT_CONFIRMATION_OK"
4018,10416361742,10416361800,1,"IOTHUB_CLIENT_CONFIRMATION_OK"
4019,10416361942,10416362006,1,"IOTHUB_CLIENT_CONFIRMATION_OK"
4020,10416362142,10416362223,1,"IOTHUB_CLIENT_CONFIRMATION_OK"
4021,10416362342,10416362404,1,"IOTHUB_CLIENT_CONFIRMATION_OK"
4022,10416362543,10416362598,1,"IOTHUB_CLIENT_CONFIRMATION_OK"
4023,10416362743,10416362783,1,"IOTHUB_CLIENT_CONFIRMATION_OK"
4024,10416362943,10416362981,1,"IOTHUB_CLIENT_CONFIRMATION_OK"
4025,10416363143,10416363212,1,"IOTHUB_CLIENT_CONFIRMATION_OK"
4026,10416363343,10416363419,1,"IOTHUB_CLIENT_CONFIRMATION_OK"
4027,10416363543,10416363629,1,"IOTHUB_CLIENT_CONFIRMATION_OK"
4028,10416363744,10416363803,1,"IOTHUB_CLIENT_CONFIRMATION_OK"
4029,10416363944,10416363991,1,"IOTHUB_CLIENT_CONFIRMATION_OK"
4030,10416364144,10416364252,1,"IOTHUB_CLIENT_CONFIRMATION_OK"
4031,10416364344,10416364380,1,"IOTHUB_CLIENT_CONFIRMATION_OK"
4032,10416364544,10416364594,1,"IOTHUB_CLIENT_CONFIRMATION_OK"
4033,10416364744,10416364848,1,"IOTHUB_CLIENT_CONFIRMATION_OK"
4034,10416364944,10416364980,1,"IOTHUB_CLIENT_CONFIRMATION_OK"
4035,10416365145,10416365183,1,"IOTHUB_CLIENT_CONFIRMATION_OK"
4036,10416365345,10416365443,1,"IOTHUB_CLIENT_CONFIRMATION_OK"
4037,10416365545,10416365601,1,"IOTHUB_CLIENT_CONFIRMATION_OK"
4038,10416365745,10416365794,1,"IOTHUB_CLIENT_CONFIRMATION_OK"
4039,10416365945,10416365997,1,"IOTHUB_CLIENT_CONFIRMATION_OK"
4040,10416366145,10416366199,1,"IOTHUB_CLIENT_CONFIRMATION_OK"
4041,10416366346,10416366410,1,"IOTHUB_CLIENT_CONFIRMATION_OK"
4042,10416366546,10416366647,1,"IOTHUB_CLIENT_CONFIRMATION_OK"
4043,10416366746,10416366792,1,"IOTHUB_CLIENT_CONFIRMATION_OK"
4044,10416366946,10416367002,1,"IOTHUB_CLIENT_CONFIRMATION_OK"
4045,10416367146,10416367185,1,"IOTHUB_CLIENT_CONFIRMATION_OK"
4046,10416367346,10416367386,1,"IOTHUB_CLIENT_CONFIRMATION_OK"
4047,10416367547,10416367596,1,"IOTHUB_CLIENT_CONFIRMATION_OK"
4048,10416367747,10416367783,1,"IOTHUB_CLIENT_CONFIRMATION_OK"
4049,10416367947,10416368166,1,"IOTHUB_CLIENT_CONFIRMATION_OK"
4050,10416368147,10416368188,1,"IOTHUB_CLIENT_CONFIRMATION_OK"
4051,10416368347,10416368386,1,"IOTHUB_CLIENT_CONFIRMATION_OK"
4052,10416368547,10416368593,1,"IOTHUB_CLIENT_CONFIRMATION_OK"
4053,10416368747,10416368795,1,"IOTHUB_CLIENT_CONFIRMATION_OK"
4054,10416368948,10416368992,1,"IOTHUB_CLIENT_CONFIRMATION_OK"
4055,10416369148,10416369200,1,"IOTHUB_CLIENT_CONFIRMATION_OK"
4056,10416369348,10416369390,1,"IOTHUB_CLIENT_CONFIRMATION_OK"
4057,10416369548,10416369586,1,"IOTHUB_CLIENT_CONFIRMATION_OK"
4058,10416369748,10416369858,1,"IOTHUB_CLIENT_CONFIRMATION_OK"
4059,10416369948,10416370011,1,"IOTHUB_CLIENT_CONFIRMATION_OK"
4060,10416370149,10416370212,1,"IOTHUB_CLIENT_CONFIRMATION_OK"
4061,10416370349,10416370389,1,"IOTHUB_CLIENT_CONFIRMATION_OK"
4062,10416370549,10416370631,1,"IOTHUB_CLIENT_CONFIRMATION_OK"
4063,10416370749,10416370811,1,"IOTHUB_CLIENT_CONFIRMATION_OK"
4064,10416370949,10416370985,1,"IOTHUB_CLIENT_CONFIRMATION_OK"
4065,10416371149,10416371210,1,"IOTHUB_CLIENT_CONFIRMATION_OK"
4066,10416371349,10416371381,1,"IOTHUB_CLIENT_CONFIRMATION_OK"
4067,10416371550,10416371589,1,"IOTHUB_CLIENT_CONFIRMATION_OK"
4068,10416371750,10416371838,1,"IOTHUB_CLIENT_CONFIRMATION_OK"
4069,10416371950,10416372030,1,"IOTHUB_CLIENT_CONFIRMATION_OK"
4070,10416372150,10416372217,1,"IOTHUB_CLIENT_CONFIRMATION_OK"
4071,10416372350,10416372397,1,"IOTHUB_CLIENT_CONFIRMATION_OK"
4072,10416372550,10416372660,1,"IOTHUB_CLIENT_CONFIRMATION_OK"
4073,10416372751,10416372800,1,"IOTHUB_CLIENT_CONFIRMATION_OK"
4074,10416372951,10416372998,1,"IOTHUB_CLIENT_CONFIRMATION_OK"
4075,10416373151,10416373255,1,"IOTHUB_CLIENT_CONFIRMATION_OK"
4076,10416373351,10416373398,1,"IOTHUB_CLIENT_CONFIRMATION_OK"
4077,10416373551,10416373599,1,"IOTHUB_CLIENT_CONFIRMATION_OK"
4078,10416373751,10416373868,1,"IOTHUB_CLIENT_CONFIRMATION_OK"
4079,10416373952,10416373993,1,"IOTHUB_CLIENT_CONFIRMATION_OK"
4080,10416374152,10416374188,1,"IOTHUB_CLIENT_CONFIRMATION_OK"
4081,10416374352,10416374384,1,"IOTHUB_CLIENT_CONFIRMATION_OK"
4082,10416374552,10416374596,1,"IOTHUB_CLIENT_CONFIRMATION_OK"
4083,10416374752,10416374792,1,"IOTHUB_CLIENT_CONFIRMATION_OK"
4084,10416374952,10416374990,1,"IOTHUB_CLIENT_CONFIRMATION_OK"
4085,10416375153,10416375219,1,"IOTHUB_CLIENT_CONFIRMATION_OK"
4086,10416375353,10416375385,1,"IOTHUB_CLIENT_CONFIRMATION_OK"
4087,10416375553,10416375586,1,"IOTHUB_CLIENT_CONFIRMATION_OK"
4088,10416375753,10416375791,1,"IOTHUB_CLIENT_CONFIRMATION_OK"
4089,10416375953,10416375999,1,"IOTHUB_CLIENT_CONFIRMATION_OK"
4090,10416376153,10416376191,1,"IOTHUB_CLIENT_CONFIRMATION_OK"
4091,10416376353,10416376545,1,"IOTHUB_CLIENT_CONFIRMATION_OK"
4092,10416376554,10416376590,1,"IOTHUB_CLIENT_CONFIRMATION_OK"
4093,10416376754,10416376789,1,"IOTHUB_CLIENT_CONFIRMATION_OK"
4094,10416376954,10416376999,1,"IOTHUB_CLIENT_CONFIRMATION_OK"
4095,10416377154,10416377192,1,"IOTHUB_CLIENT_CONFIRMATION_OK"
4096,10416377354,10416377394,1,"IOTHUB_CLIENT_CONFIRMATION_OK"
4097,10416377555,10416377630,1,"IOTHUB_CLIENT_CONFIRMATION_OK"
4098,10416377755,10416377804,1,"IOTHUB_CLIENT_CONFIRMATION_OK"
4099,10416377955,10416378027,1,"IOTHUB_CLIENT_CONFIRMATION_OK"
4100,10416378155,10416378201,1,"IOTHUB_CLIENT_CONFIRMATION_OK"
4101,10416378355,10416378393,1,"IOTHUB_CLIENT_CONFIRMATION_OK"
4102,10416378555,10416378613,1,"IOTHUB_CLIENT_CONFIRMATION_OK"
4103,10416378756,10416378804,1,"IOTHUB_CLIENT_CONFIRMATION_OK"
4104,10416378956,10416379041,1,"IOTHUB_CLIENT_CONFIRMATION_OK"
4105,10416379156,10416379255,1,"IOTHUB_CLIENT_CONFIRMATION_OK"
4106,10416379356,10416379477,1,"IOTHUB_CLIENT_CONFIRMATION_OK"
4107,10416379556,10416379613,1,"IOTHUB_CLIENT_CONFIRMATION_OK"
4108,10416379756,10416379850,1,"IOTHUB_CLIENT_CONFIRMATION_OK"
4109,10416379957,10416380010,1,"IOTHUB_CLIENT_CONFIRMATION_OK"
4110,10416380157,10416380229,1,"IOTHUB_CLIENT_CONFIRMATION_OK"
4111,10416380357,10416380411,1,"IOTHUB_CLIENT_CONFIRMATION_OK"
4112,10416380557,10416380617,1,"IOTHUB_CLIENT_CONFIRMATION_OK"
4113,10416380757,10416380803,1,"IOTHUB_CLIENT_CONFIRMATION_OK"
4114,10416380957,10416381072,1,"IOTHUB_CLIENT_CONFIRMATION_OK"
4115,10416381157,10416381197,1,"IOTHUB_CLIENT_CONFIRMATION_OK"
4116,10416381357,10416381398,1,"IOTHUB_CLIENT_CONFIRMATION_OK"
4117,10416381558,10416381671,1,"IOTHUB_CLIENT_CONFIRMATION_OK"
4118,10416381758,10416381864,1,"IOTHUB_CLIENT_CONFIRMATION_OK"
4119,10416381958,10416381997,1,"IOTHUB_CLIENT_CONFIRMATION_OK"
4120,10416382158,10416382339,1,"IOTHUB_CLIENT_CONFIRMATION_OK"
4121,10416382358,10416382399,1,"IOTHUB_CLIENT_CONFIRMATION_OK"
4122,10416382558,10416382597,1,"IOTHUB_CLIENT_CONFIRMATION_OK"
4123,10416382759,10416382794,1,"IOTHUB_CLIENT_CONFIRMATION_OK"
4124,10416382959,10416383002,1,"IOTHUB_CLIENT_CONFIRMATION_OK"
4125,10416383159,10416383229,1,"IOTHUB_CLIENT_CONFIRMATION_OK"
4126,10416383359,10416383437,1,"IOTHUB_CLIENT_CONFIRMATION_OK"
4127,10416383559,10416383630,1,"IOTHUB_CLIENT_CONFIRMATION_OK"
4128,10416383759,10416383804,1,"IOTHUB_CLIENT_CONFIRMATION_OK"
4129,10416383960,10416384028,1,"IOTHUB_CLIENT_CONFIRMATION_OK"
4130,10416384160,10416384200,1,"IOTHUB_CLIENT_CONFIRMATION_OK"
4131,10416384360,10416384403,1,"IOTHUB_CLIENT_CONFIRMATION_OK"
4132,10416384560,10416384596,1,"IOTHUB_CLIENT_CONFIRMATION_OK"
4133,10416384760,10416384800,1,"IOTHUB_CLIENT_CONFIRMATION_OK"
4134,10416384960,10416385004,1,"IOTHUB_CLIENT_CONFIRMATION_OK"
4135,10416385160,10416385298,1,"IOTHUB_CLIENT_CONFIRMATION_OK"
4136,10416385361,10416385599,1,"IOTHUB_CLIENT_CONFIRMATION_OK"
4137,10416385561,10416385614,1,"IOTHUB_CLIENT_CONFIRMATION_OK"
4138,10416385761,10416385803,1,"IOTHUB_CLIENT_CONFIRMATION_OK"
4139,10416385961,10416386001,1,"IOTHUB_CLIENT_CONFIRMATION_OK"
4140,10416386161,10416386249,1,"IOTHUB_CLIENT_CONFIRMATION_OK"
4141,10416386361,10416386408,1,"IOTHUB_CLIENT_CONFIRMATION_OK"
4142,10416386561,10416386599,1,"IOTHUB_CLIENT_CONFIRMATION_OK"
4143,10416386762,10416386824,1,"IOTHUB_CLIENT_CONFIRMATION_OK"
4144,10416386962,10416387010,1,"IOTHUB_CLIENT_CONFIRMATION_OK"
4145,10416387162,10416387232,1,"IOTHUB_CLIENT_CONFIRMATION_OK"
4146,10416387362,10416387421,1,"IOTHUB_CLIENT_CONFIRMATION_OK"
4147,10416387562,10416387668,1,"IOTHUB_CLIENT_CONFIRMATION_OK"
4148,10416387762,10416387841,1,"IOTHUB_CLIENT_CONFIRMATION_OK"
4149,10416387963,10416388070,1,"IOTHUB_CLIENT_CONFIRMATION_OK"
4150,10416388163,10416388204,1,"IOTHUB_CLIENT_CONFIRMATION_OK"
4151,10416388363,10416388451,1,"IOTHUB_CLIENT_CONFIRMATION_OK"
4152,10416388563,10416388598,1,"IOTHUB_CLIENT_CONFIRMATION_OK"
4153,10416388763,10416388801,1,"IOTHUB_CLIENT_CONFIRMATION_OK"
4154,10416388963,10416389050,1,"IOTHUB_CLIENT_CONFIRMATION_OK"
4155,10416389163,10416389206,1,"IOTHUB_CLIENT_CONFIRMATION_OK"
4156,10416389364,10416389403,1,"IOTHUB_CLIENT_CONFIRMATION_OK"
4157,10416389564,10416389612,1,"IOTHUB_CLIENT_CONFIRMATION_OK"
4158,10416389764,10416389828,1,"IOTHUB_CLIENT_CONFIRMATION_OK"
4159,10416389964,10416390002,1,"IOTHUB_CLIENT_CONFIRMATION_OK"
4160,10416390164,10416390203,1,"IOTHUB_CLIENT_CONFIRMATION_OK"
4161,10416390364,10416390401,1,"IOTHUB_CLIENT_CONFIRMATION_OK"
4162,10416390565,10416390712,1,"IOTHUB_CLIENT_CONFIRMATION_OK"
4163,10416390765,10416390799,1,"IOTHUB_CLIENT_CONFIRMATION_OK"
4164,10416390965,10416391010,1,"IOTHUB_CLIENT_CONFIRMATION_OK"
4165,10416391165,10416391212,1,"IOTHUB_CLIENT_CONFIRMATION_OK"
4166,10416391365,10416391400,1,"IOTHUB_CLIENT_CONFIRMATION_OK"
4167,10416391565,10416391630,1,"IOTHUB_CLIENT_CONFIRMATION_OK"
4168,10416391765,10416391806,1,"IOTHUB_CLIENT_CONFIRMATION_OK"
4169,10416391966,10416392035,1,"IOTHUB_CLIENT_CONFIRMATION_OK"
4170,10416392166,10416392218,1,"IOTHUB_CLIENT_CONFIRMATION_OK"
4171,10416392366,10416392406,1,"IOTHUB_CLIENT_CONFIRMATION_OK"
4172,10416392566,10416392607,1,"IOTHUB_CLIENT_CONFIRMATION_OK"
4173,10416392766,10416392803,1,"IOTHUB_CLIENT_CONFIRMATION_OK"
4174,10416392966,10416393005,1,"IOTHUB_CLIENT_CONFIRMATION_OK"
4175,10416393167,10416393210,1,"IOTHUB_CLIENT_CONFIRMATION_OK"
4176,10416393367,10416393408,1,"IOTHUB_CLIENT_CONFIRMATION_OK"
4177,10416393567,10416393640,1,"IOTHUB_CLIENT_CONFIRMATION_OK"
4178,10416393767,10416393858,1,"IOTHUB_CLIENT_CONFIRMATION_OK"
4179,10416393967,10416394004,1,"IOTHUB_CLIENT_CONFIRMATION_OK"
4180,10416394167,10416394202,1,"IOTHUB_CLIENT_CONFIRMATION_OK"
4181,10416394368,10416394418,1,"IOTHUB_CLIENT_CONFIRMATION_OK"
4182,10416394568,10416394607,1,"IOTHUB_CLIENT_CONFIRMATION_OK"
4183,10416394768,10416394808,1,"IOTHUB_CLIENT_CONFIRMATION_OK"
4184,10416394968,10416395035,1,"IOTHUB_CLIENT_CONFIRMATION_OK"
4185,10416395168,10416395271,1,"IOTHUB_CLIENT_CONFIRMATION_OK"
4186,10416395368,10416395419,1,"IOTHUB_CLIENT_CONFIRMATION_OK"
4187,10416395568,10416395625,1,"IOTHUB_CLIENT_CONFIRMATION_OK"
4188,10416395769,10416395896,1,"IOTHUB_CLIENT_CONFIRMATION_OK"
4189,10416395969,10416396026,1,"IOTHUB_CLIENT_CONFIRMATION_OK"
4190,10416396169,10416396201,1,"IOTHUB_CLIENT_CONFIRMATION_OK"
4191,10416396369,10416396710,1,"IOTHUB_CLIENT_CONFIRMATION_OK"
4192,10416396569,10416396737,1,"IOTHUB_CLIENT_CONFIRMATION_OK"
4193,10416396769,10416397005,1,"IOTHUB_CLIENT_CONFIRMATION_OK"
4194,10416396970,10416397028,1,"IOTHUB_CLIENT_CONFIRMATION_OK"
4195,10416397170,10416397241,1,"IOTHUB_CLIENT_CONFIRMATION_OK"
4196,10416397370,10416397413,1,"IOTHUB_CLIENT_CONFIRMATION_OK"
4197,10416397570,10416397666,1,"IOTHUB_CLIENT_CONFIRMATION_OK"
4198,10416397770,10416397853,1,"IOTHUB_CLIENT_CONFIRMATION_OK"
4199,10416397970,10416398017,1,"IOTHUB_CLIENT_CONFIRMATION_OK"
4200,10416398170,10416398219,1,"IOTHUB_CLIENT_CONFIRMATION_OK"
4201,10416398371,10416398460,1,"IOTHUB_CLIENT_CONFIRMATION_OK"
4202,10416398571,10416398628,1,"IOTHUB_CLIENT_CONFIRMATION_OK"
4203,10416398771,10416398814,1,"IOTHUB_CLIENT_CONFIRMATION_OK"
4204,10416398971,10416399083,1,"IOTHUB_CLIENT_CONFIRMATION_OK"
4205,10416399171,10416399227,1,"IOTHUB_CLIENT_CONFIRMATION_OK"
4206,10416399371,10416399419,1,"IOTHUB_CLIENT_CONFIRMATION_OK"
4207,10416399572,10416399673,1,"IOTHUB_CLIENT_CONFIRMATION_OK"
4208,10416399772,10416399813,1,"IOTHUB_CLIENT_CONFIRMATION_OK"
4209,10416399972,10416400029,1,"IOTHUB_CLIENT_CONFIRMATION_OK"
4210,10416400172,10416400206,1,"IOTHUB_CLIENT_CONFIRMATION_OK"
4211,10416400372,10416400417,1,"IOTHUB_CLIENT_CONFIRMATION_OK"
4212,10416400572,10416400690,1,"IOTHUB_CLIENT_CONFIRMATION_OK"
4213,10416400772,10416400817,1,"IOTHUB_CLIENT_CONFIRMATION_OK"
4214,10416400973,10416401011,1,"IOTHUB_CLIENT_CONFIRMATION_OK"
4215,10416401173,10416401214,1,"IOTHUB_CLIENT_CONFIRMATION_OK"
4216,10416401373,10416401411,1,"IOTHUB_CLIENT_CONFIRMATION_OK"
4217,10416401573,10416401617,1,"IOTHUB_CLIENT_CONFIRMATION_OK"
4218,10416401773,10416401810,1,"IOTHUB_CLIENT_CONFIRMATION_OK"
4219,10416401973,10416402020,1,"IOTHUB_CLIENT_CONFIRMATION_OK"
4220,10416402174,10416402220,1,"IOTHUB_CLIENT_CONFIRMATION_OK"
4221,10416402374,10416402418,1,"IOTHUB_CLIENT_CONFIRMATION_OK"
4222,10416402574,10416402633,1,"IOTHUB_CLIENT_CONFIRMATION_OK"
4223,10416402774,10416402826,1,"IOTHUB_CLIENT_CONFIRMATION_OK"
4224,10416402974,10416403009,1,"IOTHUB_CLIENT_CONFIRMATION_OK"
4225,10416403174,10416403220,1,"IOTHUB_CLIENT_CONFIRMATION_OK"
4226,10416403375,10416403431,1,"IOTHUB_CLIENT_CONFIRMATION_OK"
4227,10416403575,10416403643,1,"IOTHUB_CLIENT_CONFIRMATION_OK"
4228,10416403775,10416403817,1,"IOTHUB_CLIENT_CONFIRMATION_OK"
4229,10416403975,10416404030,1,"IOTHUB_CLIENT_CONFIRMATION_OK"
4230,10416404175,10416404258,1,"IOTHUB_CLIENT_CONFIRMATION_OK"
4231,10416404375,10416404422,1,"IOTHUB_CLIENT_CONFIRMATION_OK"
4232,10416404575,10416404609,1,"IOTHUB_CLIENT_CONFIRMATION_OK"
4233,10416404776,10416404856,1,"IOTHUB_CLIENT_CONFIRMATION_OK"
4234,10416404976,10416405018,1,"IOTHUB_CLIENT_CONFIRMATION_OK"
4235,10416405176,10416405213,1,"IOTHUB_CLIENT_CONFIRMATION_OK"
4236,10416405376,10416405470,1,"IOTHUB_CLIENT_CONFIRMATION_OK"
4237,10416405576,10416405641,1,"IOTHUB_CLIENT_CONFIRMATION_OK"
4238,10416405776,10416405847,1,"IOTHUB_CLIENT_CONFIRMATION_OK"
4239,10416405977,10416406013,1,"IOTHUB_CLIENT_CONFIRMATION_OK"
4240,10416406177,10416406356,1,"IOTHUB_CLIENT_CONFIRMATION_OK"
4241,10416406377,10416406453,1,"IOTHUB_CLIENT_CONFIRMATION_OK"
4242,10416406577,10416406612,1,"IOTHUB_CLIENT_CONFIRMATION_OK"
4243,10416406777,10416406842,1,"IOTHUB_CLIENT_CONFIRMATION_OK"
4244,10416406977,10416407012,1,"IOTHUB_CLIENT_CONFIRMATION_OK"
4245,10416407177,10416407215,1,"IOTHUB_CLIENT_CONFIRMATION_OK"
4246,10416407378,10416407427,1,"IOTHUB_CLIENT_CONFIRMATION_OK"
4247,10416407578,10416407620,1,"IOTHUB_CLIENT_CONFIRMATION_OK"
4248,10416407778,10416407820,1,"IOTHUB_CLIENT_CONFIRMATION_OK"
4249,10416407978,10416408195,1,"IOTHUB_CLIENT_CONFIRMATION_OK"
4250,10416408178,10416408223,1,"IOTHUB_CLIENT_CONFIRMATION_OK"
4251,10416408378,10416408428,1,"IOTHUB_CLIENT_CONFIRMATION_OK"
4252,10416408579,10416408615,1,"IOTHUB_CLIENT_CONFIRMATION_OK"
4253,10416408779,10416408831,1,"IOTHUB_CLIENT_CONFIRMATION_OK"
4254,10416408979,10416409039,1,"IOTHUB_CLIENT_CONFIRMATION_OK"
4255,10416409179,10416409223,1,"IOTHUB_CLIENT_CONFIRMATION_OK"
4256,10416409379,10416409460,1,"IOTHUB_CLIENT_CONFIRMATION_OK"
4257,10416409579,10416409632,1,"IOTHUB_CLIENT_CONFIRMATION_OK"
4258,10416409779,10416409831,1,"IOTHUB_CLIENT_CONFIRMATION_OK"
4259,10416409980,10416410052,1,"IOTHUB_CLIENT_CONFIRMATION_OK"
4260,10416410180,10416410235,1,"IOTHUB_CLIENT_CONFIRMATION_OK"
4261,10416410380,10416410439,1,"IOTHUB_CLIENT_CONFIRMATION_OK"
4262,10416410580,10416410681,1,"IOTHUB_CLIENT_CONFIRMATION_OK"
4263,10416410780,10416410822,1,"IOTHUB_CLIENT_CONFIRMATION_OK"
4264,10416410980,10416411017,1,"IOTHUB_CLIENT_CONFIRMATION_OK"
4265,10416411181,10416411220,1,"IOTHUB_CLIENT_CONFIRMATION_OK"
4266,10416411381,10416411418,1,"IOTHUB_CLIENT_CONFIRMATION_OK"
4267,10416411581,10416411621,1,"IOTHUB_CLIENT_CONFIRMATION_OK"
4268,10416411781,10416411823,1,"IOTHUB_CLIENT_CONFIRMATION_OK"
4269,10416411981,10416412032,1,"IOTHUB_CLIENT_CONFIRMATION_OK"
4270,10416412181,10416412250,1,"IOTHUB_CLIENT_CONFIRMATION_OK"
4271,10416412381,10416412421,1,"IOTHUB_CLIENT_CONFIRMATION_OK"
4272,10416412582,10416412664,1,"IOTHUB_CLIENT_CONFIRMATION_OK"
4273,10416412782,10416412816,1,"IOTHUB_CLIENT_CONFIRMATION_OK"
4274,10416412982,10416413027,1,"IOTHUB_CLIENT_CONFIRMATION_OK"
4275,10416413182,10416413318,1,"IOTHUB_CLIENT_CONFIRMATION_OK"
4276,10416413382,10416413504,1,"IOTHUB_CLIENT_CONFIRMATION_OK"
4277,10416413582,10416413629,1,"IOTHUB_CLIENT_CONFIRMATION_OK"
4278,10416413783,10416413903,1,"IOTHUB_CLIENT_CONFIRMATION_OK"
4279,10416413983,10416414057,1,"IOTHUB_CLIENT_CONFIRMATION_OK"
4280,10416414183,10416414279,1,"IOTHUB_CLIENT_CONFIRMATION_OK"
4281,10416414383,10416414430,1,"IOTHUB_CLIENT_CONFIRMATION_OK"
4282,10416414583,10416414651,1,"IOTHUB_CLIENT_CONFIRMATION_OK"
4283,10416414783,10416414838,1,"IOTHUB_CLIENT_CONFIRMATION_OK"
4284,10416414983,10416415028,1,"IOTHUB_CLIENT_CONFIRMATION_OK"
4285,10416415184,10416415229,1,"IOTHUB_CLIENT_CONFIRMATION_OK"
4286,10416415384,10416415424,1,"IOTHUB_CLIENT_CONFIRMATION_OK"
4287,10416415584,10416415638,1,"IOTHUB_CLIENT_CONFIRMATION_OK"
4288,10416415784,10416415827,1,"IOTHUB_CLIENT_CONFIRMATION_OK"
4289,10416415984,10416416031,1,"IOTHUB_CLIENT_CONFIRMATION_OK"
4290,10416416184,10416416239,1,"IOTHUB_CLIENT_CONFIRMATION_OK"
4291,10416416385,10416416562,1,"IOTHUB_CLIENT_CONFIRMATION_OK"
4292,10416416585,10416416626,1,"IOTHUB_CLIENT_CONFIRMATION_OK"
4293,10416416785,10416416827,1,"IOTHUB_CLIENT_CONFIRMATION_OK"
4294,10416416985,10416417026,1,"IOTHUB_CLIENT_CONFIRMATION_OK"
4295,10416417185,10416417221,1,"IOTHUB_CLIENT_CONFIRMATION_OK"
4296,10416417385,10416417438,1,"IOTHUB_CLIENT_CONFIRMATION_OK"
4297,10416417586,10416417700,1,"IOTHUB_CLIENT_CONFIRMATION_OK"
4298,10416417786,10416417828,1,"IOTHUB_CLIENT_CONFIRMATION_OK"
4299,10416417986,10416418022,1,"IOTHUB_CLIENT_CONFIRMATION_OK"
4300,10416418186,10416418240,1,"IOTHUB_CLIENT_CONFIRMATION_OK"
4301,10416418386,10416418424,1,"IOTHUB_CLIENT_CONFIRMATION_OK"
4302,10416418586,10416418628,1,"IOTHUB_CLIENT_CONFIRMATION_OK"
4303,10416418786,10416418837,1,"IOTHUB_CLIENT_CONFIRMATION_OK"
4304,10416418987,10416419024,1,"IOTHUB_CLIENT_CONFIRMATION_OK"
4305,10416419187,10416419227,1,"IOTHUB_CLIENT_CONFIRMATION_OK"
4306,10416419387,10416419434,1,"IOTHUB_CLIENT_CONFIRMATION_OK"
4307,10416419587,10416419634,1,"IOTHUB_CLIENT_CONFIRMATION_OK"
4308,10416419787,10416419828,1,"IOTHUB_CLIENT_CONFIRMATION_OK"
4309,10416419987,10416420037,1,"IOTHUB_CLIENT_CONFIRMATION_OK"
4310,10416420188,10416420227,1,"IOTHUB_CLIENT_CONFIRMATION_OK"
4311,10416420388,10416420420,1,"IOTHUB_CLIENT_CONFIRMATION_OK"
4312,10416420588,10416420733,1,"IOTHUB_CLIENT_CONFIRMATION_OK"
4313,10416420788,10416420853,1,"IOTHUB_CLIENT_CONFIRMATION_OK"
4314,10416420988,10416421042,1,"IOTHUB_CLIENT_CONFIRMATION_OK"
4315,10416421188,10416421234,1,"IOTHUB_CLIENT_CONFIRMATION_OK"
4316,10416421388,10416421452,1,"IOTHUB_CLIENT_CONFIRMATION_OK"
4317,10416421589,10416421657,1,"IOTHUB_CLIENT_CONFIRMATION_OK"
4318,10416421789,10416421837,1,"IOTHUB_CLIENT_CONFIRMATION_OK"
4319,10416421989,10416422033,1,"IOTHUB_CLIENT_CONFIRMATION_OK"
4320,10416422189,10416422377,1,"IOTHUB_CLIENT_CONFIRMATION_OK"
4321,10416422389,10416422432,1,"IOTHUB_CLIENT_CONFIRMATION_OK"
4322,10416422589,10416422631,1,"IOTHUB_CLIENT_CONFIRMATION_OK"
4323,10416422790,10416422837,1,"IOTHUB_CLIENT_CONFIRMATION_OK"
4324,10416422990,10416423059,1,"IOTHUB_CLIENT_CONFIRMATION_OK"
4325,10416423190,10416423232,1,"IOTHUB_CLIENT_CONFIRMATION_OK"
4326,10416423390,10416423427,1,"IOTHUB_CLIENT_CONFIRMATION_OK"
4327,10416423590,10416423632,1,"IOTHUB_CLIENT_CONFIRMATION_OK"
4328,10416423790,10416423905,1,"IOTHUB_CLIENT_CONFIRMATION_OK"
4329,10416423991,10416424027,1,"IOTHUB_CLIENT_CONFIRMATION_OK"
4330,10416424191,10416424229,1,"IOTHUB_CLIENT_CONFIRMATION_OK"
4331,10416424391,10416424460,1,"IOTHUB_CLIENT_CONFIRMATION_OK"
4332,10416424591,10416424639,1,"IOTHUB_CLIENT_CONFIRMATION_OK"
4333,10416424791,10416424849,1,"IOTHUB_CLIENT_CONFIRMATION_OK"
4334,10416424991,10416425034,1,"IOTHUB_CLIENT_CONFIRMATION_OK"
4335,10416425191,10416425225,1,"IOTHUB_CLIENT_CONFIRMATION_OK"
4336,10416425392,10416425456,1,"IOTHUB_CLIENT_CONFIRMATION_OK"
4337,10416425592,10416425630,1,"IOTHUB_CLIENT_CONFIRMATION_OK"
4338,10416425792,10416425841,1,"IOTHUB_CLIENT_CONFIRMATION_OK"
4339,10416425992,10416426042,1,"IOTHUB_CLIENT_CONFIRMATION_OK"
4340,10416426192,10416426237,1,"IOTHUB_CLIENT_CONFIRMATION_OK"
4341,10416426392,10416426429,1,"IOTHUB_CLIENT_CONFIRMATION_OK"
4342,10416426593,10416426630,1,"IOTHUB_CLIENT_CONFIRMATION_OK"
4343,10416426793,10416426914,1,"IOTHUB_CLIENT_CONFIRMATION_OK"
4344,10416426993,10416427029,1,"IOTHUB_CLIENT_CONFIRMATION_OK"
4345,10416427193,10416427231,1,"IOTHUB_CLIENT_CONFIRMATION_OK"
4346,10416427393,10416427512,1,"IOTHUB_CLIENT_CONFIRMATION_OK"
4347,10416427593,10416427628,1,"IOTHUB_CLIENT_CONFIRMATION_OK"
4348,10416427793,10416427870,1,"IOTHUB_CLIENT_CONFIRMATION_OK"
4349,10416427994,10416428138,1,"IOTHUB_CLIENT_CONFIRMATION_OK"
4350,10416428194,10416428237,1,"IOTHUB_CLIENT_CONFIRMATION_OK"
4351,10416428394,10416428445,1,"IOTHUB_CLIENT_CONFIRMATION_OK"
4352,10416428594,10416428730,1,"IOTHUB_CLIENT_CONFIRMATION_OK"
4353,10416428794,10416428877,1,"IOTHUB_CLIENT_CONFIRMATION_OK"
4354,10416428994,10416429078,1,"IOTHUB_CLIENT_CONFIRMATION_OK"
4355,10416429195,10416429292,1,"IOTHUB_CLIENT_CONFIRMATION_OK"
4356,10416429395,10416429465,1,"IOTHUB_CLIENT_CONFIRMATION_OK"
4357,10416429595,10416429730,1,"IOTHUB_CLIENT_CONFIRMATION_OK"
4358,10416429795,10416429832,1,"IOTHUB_CLIENT_CONFIRMATION_OK"
4359,10416429995,10416430068,1,"IOTHUB_CLIENT_CONFIRMATION_OK"
4360,10416430195,10416430231,1,"IOTHUB_CLIENT_CONFIRMATION_OK"
4361,10416430395,10416430448,1,"IOTHUB_CLIENT_CONFIRMATION_OK"
4362,10416430596,10416430636,1,"IOTHUB_CLIENT_CONFIRMATION_OK"
4363,10416430796,10416430838,1,"IOTHUB_CLIENT_CONFIRMATION_OK"
4364,10416430996,10416431051,1,"IOTHUB_CLIENT_CONFIRMATION_OK"
4365,10416431196,10416431251,1,"IOTHUB_CLIENT_CONFIRMATION_OK"
4366,10416431396,10416431432,1,"IOTHUB_CLIENT_CONFIRMATION_OK"
4367,10416431596,10416431660,1,"IOTHUB_CLIENT_CONFIRMATION_OK"
4368,10416431796,10416431845,1,"IOTHUB_CLIENT_CONFIRMATION_OK"
4369,10416431997,10416432034,1,"IOTHUB_CLIENT_CONFIRMATION_OK"
4370,10416432197,10416432241,1,"IOTHUB_CLIENT_CONFIRMATION_OK"
4371,10416432397,10416432435,1,"IOTHUB_CLIENT_CONFIRMATION_OK"
4372,10416432597,10416432661,1,"IOTHUB_CLIENT_CONFIRMATION_OK"
4373,10416432797,10416432897,1,"IOTHUB_CLIENT_CONFIRMATION_OK"
4374,10416432997,10416433057,1,"IOTHUB_CLIENT_CONFIRMATION_OK"
4375,10416433197,10416433373,1,"IOTHUB_CLIENT_CONFIRMATION_OK"
4376,10416433398,10416433447,1,"IOTHUB_CLIENT_CONFIRMATION_OK"
4377,10416433598,10416433713,1,"IOTHUB_CLIENT_CONFIRMATION_OK"
4378,10416433798,10416433941,1,"IOTHUB_CLIENT_CONFIRMATION_OK"
4379,10416433998,10416434044,1,"IOTHUB_CLIENT_CONFIRMATION_OK"
4380,10416434198,10416434235,1,"IOTHUB_CLIENT_CONFIRMATION_OK"
4381,10416434398,10416434445,1,"IOTHUB_CLIENT_CONFIRMATION_OK"
4382,10416434599,10416434646,1,"IOTHUB_CLIENT_CONFIRMATION_OK"
4383,10416434799,10416434843,1,"IOTHUB_CLIENT_CONFIRMATION_OK"
4384,10416434999,10416435048,1,"IOTHUB_CLIENT_CONFIRMATION_OK"
4385,10416435199,10416435278,1,"IOTHUB_CLIENT_CONFIRMATION_OK"
4386,10416435399,10416435451,1,"IOTHUB_CLIENT_CONFIRMATION_OK"
4387,10416435599,10416435668,1,"IOTHUB_CLIENT_CONFIRMATION_OK"
4388,10416435799,10416435847,1,"IOTHUB_CLIENT_CONFIRMATION_OK"
4389,10416436000,10416436070,1,"IOTHUB_CLIENT_CONFIRMATION_OK"
4390,10416436200,10416436238,1,"IOTHUB_CLIENT_CONFIRMATION_OK"
4391,10416436400,10416436582,1,"IOTHUB_CLIENT_CONFIRMATION_OK"
4392,10416436600,10416436648,1,"IOTHUB_CLIENT_CONFIRMATION_OK"
4393,10416436800,10416436840,1,"IOTHUB_CLIENT_CONFIRMATION_OK"
4394,10416437000,10416437044,1,"IOTHUB_CLIENT_CONFIRMATION_OK"
4395,10416437201,10416437235,1,"IOTHUB_CLIENT_CONFIRMATION_OK"
4396,10416437401,10416437466,1,"IOTHUB_CLIENT_CONFIRMATION_OK"
4397,10416437601,10416437647,1,"IOTHUB_CLIENT_CONFIRMATION_OK"
4398,10416437801,10416437844,1,"IOTHUB_CLIENT_CONFIRMATION_OK"
4399,10416438001,10416438038,1,"IOTHUB_CLIENT_CONFIRMATION_OK"
4400,10416438201,10416438243,1,"IOTHUB_CLIENT_CONFIRMATION_OK"
4401,10416438401,10416438442,1,"IOTHUB_CLIENT_CONFIRMATION_OK"
4402,10416438602,10416438643,1,"IOTHUB_CLIENT_CONFIRMATION_OK"
4403,10416438802,10416438848,1,"IOTHUB_CLIENT_CONFIRMATION_OK"
4404,10416439002,10416439037,1,"IOTHUB_CLIENT_CONFIRMATION_OK"
4405,10416439202,10416439235,1,"IOTHUB_CLIENT_CONFIRMATION_OK"
4406,10416439402,10416439446,1,"IOTHUB_CLIENT_CONFIRMATION_OK"
4407,10416439602,10416439644,1,"IOTHUB_CLIENT_CONFIRMATION_OK"
4408,10416439802,10416439848,1,"IOTHUB_CLIENT_CONFIRMATION_OK"
4409,10416440003,10416440075,1,"IOTHUB_CLIENT_CONFIRMATION_OK"
4410,10416440203,10416440238,1,"IOTHUB_CLIENT_CONFIRMATION_OK"
4411,10416440403,10416440455,1,"IOTHUB_CLIENT_CONFIRMATION_OK"
4412,10416440603,10416440647,1,"IOTHUB_CLIENT_CONFIRMATION_OK"
4413,10416440803,10416440840,1,"IOTHUB_CLIENT_CONFIRMATION_OK"
4414,10416441003,10416441057,1,"IOTHUB_CLIENT_CONFIRMATION_OK"
4415,10416441204,10416441306,1,"IOTHUB_CLIENT_CONFIRMATION_OK"
4416,10416441404,10416441450,1,"IOTHUB_CLIENT_CONFIRMATION_OK"
4417,10416441604,10416441745,1,"IOTHUB_CLIENT_CONFIRMATION_OK"
4418,10416441804,10416441849,1,"IOTHUB_CLIENT_CONFIRMATION_OK"
4419,10416442004,10416442085,1,"IOTHUB_CLIENT_CONFIRMATION_OK"
4420,10416442204,10416442337,1,"IOTHUB_CLIENT_CONFIRMATION_OK"
4421,10416442405,10416442478,1,"IOTHUB_CLIENT_CONFIRMATION_OK"
4422,10416442605,10416442644,1,"IOTHUB_CLIENT_CONFIRMATION_OK"
4423,10416442805,10416442840,1,"IOTHUB_CLIENT_CONFIRMATION_OK"
4424,10416443005,10416443102,1,"IOTHUB_CLIENT_CONFIRMATION_OK"
4425,10416443205,10416443245,1,"IOTHUB_CLIENT_CONFIRMATION_OK"
4426,10416443405,10416443448,1,"IOTHUB_CLIENT_CONFIRMATION_OK"
4427,10416443605,10416443651,1,"IOTHUB_CLIENT_CONFIRMATION_OK"
4428,10416443806,10416443961,1,"IOTHUB_CLIENT_CONFIRMATION_OK"
4429,10416444006,10416444058,1,"IOTHUB_CLIENT_CONFIRMATION_OK"
4430,10416444206,10416444249,1,"IOTHUB_CLIENT_CONFIRMATION_OK"
4431,10416444406,10416444441,1,"IOTHUB_CLIENT_CONFIRMATION_OK"
4432,10416444606,10416444646,1,"IOTHUB_CLIENT_CONFIRMATION_OK"
4433,10416444806,10416444861,1,"IOTHUB_CLIENT_CONFIRMATION_OK"
4434,10416445007,10416445043,1,"IOTHUB_CLIENT_CONFIRMATION_OK"
4435,10416445207,10416445251,1,"IOTHUB_CLIENT_CONFIRMATION_OK"
4436,10416445407,10416445509,1,"IOTHUB_CLIENT_CONFIRMATION_OK"
4437,10416445607,10416445648,1,"IOTHUB_CLIENT_CONFIRMATION_OK"
4438,10416445807,10416445851,1,"IOTHUB_CLIENT_CONFIRMATION_OK"
4439,10416446007,10416446044,1,"IOTHUB_CLIENT_CONFIRMATION_OK"
4440,10416446208,10416446253,1,"IOTHUB_CLIENT_CONFIRMATION_OK"
4441,10416446408,10416446450,1,"IOTHUB_CLIENT_CONFIRMATION_OK"
4442,10416446608,10416446650,1,"IOTHUB_CLIENT_CONFIRMATION_OK"
4443,10416446808,10416446854,1,"IOTHUB_CLIENT_CONFIRMATION_OK"
4444,10416447008,10416447066,1,"IOTHUB_CLIENT_CONFIRMATION_OK"
4445,10416447208,10416447249,1,"IOTHUB_CLIENT_CONFIRMATION_OK"
4446,10416447408,10416447543,1,"IOTHUB_CLIENT_CONFIRMATION_OK"
4447,10416447608,10416447701,1,"IOTHUB_CLIENT_CONFIRMATION_OK"
4448,10416447809,10416447848,1,"IOTHUB_CLIENT_CONFIRMATION_OK"
4449,10416448009,10416448171,1,"IOTHUB_CLIENT_CONFIRMATION_OK"
4450,10416448209,10416448249,1,"IOTHUB_CLIENT_CONFIRMATION_OK"
4451,10416448409,10416448455,1,"IOTHUB_CLIENT_CONFIRMATION_OK"
4452,10416448609,10416448647,1,"IOTHUB_CLIENT_CONFIRMATION_OK"
4453,10416448809,10416448840,1,"IOTHUB_CLIENT_CONFIRMATION_OK"
4454,10416449009,10416449047,1,"IOTHUB_CLIENT_CONFIRMATION_OK"
4455,10416449210,10416449282,1,"IOTHUB_CLIENT_CONFIRMATION_OK"
4456,10416449410,10416449449,1,"IOTHUB_CLIENT_CONFIRMATION_OK"
4457,10416449610,10416449692,1,"IOTHUB_CLIENT_CONFIRMATION_OK"
4458,10416449810,10416449855,1,"IOTHUB_CLIENT_CONFIRMATION_OK"
4459,10416450010,10416450052,1,"IOTHUB_CLIENT_CONFIRMATION_OK"
4460,10416450210,10416450256,1,"IOTHUB_CLIENT_CONFIRMATION_OK"
4461,10416450411,10416450467,1,"IOTHUB_CLIENT_CONFIRMATION_OK"
4462,10416450611,10416450663,1,"IOTHUB_CLIENT_CONFIRMATION_OK"
4463,10416450811,10416450846,1,"IOTHUB_CLIENT_CONFIRMATION_OK"
4464,10416451011,10416451051,1,"IOTHUB_CLIENT_CONFIRMATION_OK"
4465,10416451211,10416451261,1,"IOTHUB_CLIENT_CONFIRMATION_OK"
4466,10416451411,10416451451,1,"IOTHUB_CLIENT_CONFIRMATION_OK"
4467,10416451611,10416451672,1,"IOTHUB_CLIENT_CONFIRMATION_OK"
4468,10416451812,10416451853,1,"IOTHUB_CLIENT_CONFIRMATION_OK"
4469,10416452012,10416452159,1,"IOTHUB_CLIENT_CONFIRMATION_OK"
4470,10416452212,10416452252,1,"IOTHUB_CLIENT_CONFIRMATION_OK"
4471,10416452412,10416452451,1,"IOTHUB_CLIENT_CONFIRMATION_OK"
4472,10416452612,10416452708,1,"IOTHUB_CLIENT_CONFIRMATION_OK"
4473,10416452813,10416452854,1,"IOTHUB_CLIENT_CONFIRMATION_OK"
4474,10416453013,10416453047,1,"IOTHUB_CLIENT_CONFIRMATION_OK"
4475,10416453213,10416453308,1,"IOTHUB_CLIENT_CONFIRMATION_OK"
4476,10416453413,10416453454,1,"IOTHUB_CLIENT_CONFIRMATION_OK"
4477,10416453613,10416453659,1,"IOTHUB_CLIENT_CONFIRMATION_OK"
4478,10416453813,10416453939,1,"IOTHUB_CLIENT_CONFIRMATION_OK"
4479,10416454014,10416454050,1,"IOTHUB_CLIENT_CONFIRMATION_OK"
4480,10416454214,10416454252,1,"IOTHUB_CLIENT_CONFIRMATION_OK"
4481,10416454414,10416454458,1,"IOTHUB_CLIENT_CONFIRMATION_OK"
4482,10416454614,10416454659,1,"IOTHUB_CLIENT_CONFIRMATION_OK"
4483,10416454814,10416454857,1,"IOTHUB_CLIENT_CONFIRMATION_OK"
4484,10416455014,10416455064,1,"IOTHUB_CLIENT_CONFIRMATION_OK"
4485,10416455214,10416455251,1,"IOTHUB_CLIENT_CONFIRMATION_OK"
4486,10416455415,10416455450,1,"IOTHUB_CLIENT_CONFIRMATION_OK"
4487,10416455615,10416455669,1,"IOTHUB_CLIENT_CONFIRMATION_OK"
4488,10416455815,10416455927,1,"IOTHUB_CLIENT_CONFIRMATION_OK"
4489,10416456015,10416456067,1,"IOTHUB_CLIENT_CONFIRMATION_OK"
4490,10416456215,10416456270,1,"IOTHUB_CLIENT_CONFIRMATION_OK"
4491,10416456415,10416456463,1,"IOTHUB_CLIENT_CONFIRMATION_OK"
4492,10416456616,10416456679,1,"IOTHUB_CLIENT_CONFIRMATION_OK"
4493,10416456816,10416456870,1,"IOTHUB_CLIENT_CONFIRMATION_OK"
4494,10416457016,10416457059,1,"IOTHUB_CLIENT_CONFIRMATION_OK"
4495,10416457216,10416457317,1,"IOTHUB_CLIENT_CONFIRMATION_OK"
4496,10416457416,10416457471,1,"IOTHUB_CLIENT_CONFIRMATION_OK"
4497,10416457616,10416457656,1,"IOTHUB_CLIENT_CONFIRMATION_OK"
4498,10416457816,10416457870,1,"IOTHUB_CLIENT_CONFIRMATION_OK"
4499,10416458017,10416458061,1,"IOTHUB_CLIENT_CONFIRMATION_OK"
4500,10416458217,10416458256,1,"IOTHUB_CLIENT_CONFIRMATION_OK"
4501,10416458417,10416458506,1,"IOTHUB_CLIENT_CONFIRMATION_OK"
4502,10416458617,10416458667,1,"IOTHUB_CLIENT_CONFIRMATION_OK"
4503,10416458817,10416458862,1,"IOTHUB_CLIENT_CONFIRMATION_OK"
4504,10416459017,10416459181,1,"IOTHUB_CLIENT_CONFIRMATION_OK"
4505,10416459218,10416459250,1,"IOTHUB_CLIENT_CONFIRMATION_OK"
4506,10416459418,10416459471,1,"IOTHUB_CLIENT_CONFIRMATION_OK"
4507,10416459618,10416459778,1,"IOTHUB_CLIENT_CONFIRMATION_OK"
4508,10416459818,10416459853,1,"IOTHUB_CLIENT_CONFIRMATION_OK"
4509,10416460018,10416460054,1,"IOTHUB_CLIENT_CONFIRMATION_OK"
4510,10416460218,10416460280,1,"IOTHUB_CLIENT_CONFIRMATION_OK"
4511,10416460418,10416460480,1,"IOTHUB_CLIENT_CONFIRMATION_OK"
4512,10416460619,10416460670,1,"IOTHUB_CLIENT_CONFIRMATION_OK"
4513,10416460819,10416460879,1,"IOTHUB_CLIENT_CONFIRMATION_OK"
4514,10416461019,10416461068,1,"IOTHUB_CLIENT_CONFIRMATION_OK"
4515,10416461219,10416461313,1,"IOTHUB_CLIENT_CONFIRMATION_OK"
4516,10416461419,10416461468,1,"IOTHUB_CLIENT_CONFIRMATION_OK"
4517,10416461619,10416461738,1,"IOTHUB_CLIENT_CONFIRMATION_OK"
4518,10416461820,10416461862,1,"IOTHUB_CLIENT_CONFIRMATION_OK"
4519,10416462020,10416462063,1,"IOTHUB_CLIENT_CONFIRMATION_OK"
4520,10416462220,10416462426,1,"IOTHUB_CLIENT_CONFIRMATION_OK"
4521,10416462420,10416462459,1,"IOTHUB_CLIENT_CONFIRMATION_OK"
4522,10416462620,10416462668,1,"IOTHUB_CLIENT_CONFIRMATION_OK"
4523,10416462820,10416462872,1,"IOTHUB_CLIENT_CONFIRMATION_OK"
4524,10416463020,10416463066,1,"IOTHUB_CLIENT_CONFIRMATION_OK"
4525,10416463221,10416463263,1,"IOTHUB_CLIENT_CONFIRMATION_OK"
4526,10416463421,10416463458,1,"IOTHUB_CLIENT_CONFIRMATION_OK"
4527,10416463621,10416463664,1,"IOTHUB_CLIENT_CONFIRMATION_OK"
4528,10416463821,10416463859,1,"IOTHUB_CLIENT_CONFIRMATION_OK"
4529,10416464021,10416464057,1,"IOTHUB_CLIENT_CONFIRMATION_OK"
4530,10416464221,10416464282,1,"IOTHUB_CLIENT_CONFIRMATION_OK"
4531,10416464422,10416464467,1,"IOTHUB_CLIENT_CONFIRMATION_OK"
4532,10416464622,10416464671,1,"IOTHUB_CLIENT_CONFIRMATION_OK"
4533,10416464822,10416464892,1,"IOTHUB_CLIENT_CONFIRMATION_OK"
4534,10416465022,10416465074,1,"IOTHUB_CLIENT_CONFIRMATION_OK"
4535,10416465222,10416465276,1,"IOTHUB_CLIENT_CONFIRMATION_OK"
4536,10416465422,10416465496,1,"IOTHUB_CLIENT_CONFIRMATION_OK"
4537,10416465622,10416465661,1,"IOTHUB_CLIENT_CONFIRMATION_OK"
4538,10416465823,10416465881,1,"IOTHUB_CLIENT_CONFIRMATION_OK"
4539,10416466023,10416466065,1,"IOTHUB_CLIENT_CONFIRMATION_OK"
4540,10416466223,10416466265,1,"IOTHUB_CLIENT_CONFIRMATION_OK"
4541,10416466423,10416466464,1,"IOTHUB_CLIENT_CONFIRMATION_OK"
4542,10416466623,10416466675,1,"IOTHUB_CLIENT_CONFIRMATION_OK"
4543,10416466823,10416466876,1,"IOTHUB_CLIENT_CONFIRMATION_OK"
4544,10416467023,10416467070,1,"IOTHUB_CLIENT_CONFIRMATION_OK"
4545,10416467224,10416467273,1,"IOTHUB_CLIENT_CONFIRMATION_OK"
4546,10416467424,10416467469,1,"IOTHUB_CLIENT_CONFIRMATION_OK"
4547,10416467624,10416467679,1,"IOTHUB_CLIENT_CONFIRMATION_OK"
4548,10416467824,10416467859,1,"IOTHUB_CLIENT_CONFIRMATION_OK"
4549,10416468024,10416468065,1,"IOTHUB_CLIENT_CONFIRMATION_OK"
4550,10416468224,10416468270,1,"IOTHUB_CLIENT_CONFIRMATION_OK"
4551,10416468425,10416468461,1,"IOTHUB_CLIENT_CONFIRMATION_OK"
4552,10416468625,10416468665,1,"IOTHUB_CLIENT_CONFIRMATION_OK"
4553,10416468825,10416468882,1,"IOTHUB_CLIENT_CONFIRMATION_OK"
4554,10416469025,10416469075,1,"IOTHUB_CLIENT_CONFIRMATION_OK"
4555,10416469225,10416469269,1,"IOTHUB_CLIENT_CONFIRMATION_OK"
4556,10416469425,10416469485,1,"IOTHUB_CLIENT_CONFIRMATION_OK"
4557,10416469625,10416469671,1,"IOTHUB_CLIENT_CONFIRMATION_OK"
4558,10416469826,10416469872,1,"IOTHUB_CLIENT_CONFIRMATION_OK"
4559,10416470026,10416470091,1,"IOTHUB_CLIENT_CONFIRMATION_OK"
4560,10416470226,10416470271,1,"IOTHUB_CLIENT_CONFIRMATION_OK"
4561,10416470426,10416470483,1,"IOTHUB_CLIENT_CONFIRMATION_OK"
4562,10416470626,10416470724,1,"IOTHUB_CLIENT_CONFIRMATION_OK"
4563,10416470826,10416470872,1,"IOTHUB_CLIENT_CONFIRMATION_OK"
4564,10416471027,10416471072,1,"IOTHUB_CLIENT_CONFIRMATION_OK"
4565,10416471227,10416471288,1,"IOTHUB_CLIENT_CONFIRMATION_OK"
4566,10416471427,10416471474,1,"IOTHUB_CLIENT_CONFIRMATION_OK"
4567,10416471627,10416471664,1,"IOTHUB_CLIENT_CONFIRMATION_OK"
4568,10416471827,10416471862,1,"IOTHUB_CLIENT_CONFIRMATION_OK"
4569,10416472027,10416472065,1,"IOTHUB_CLIENT_CONFIRMATION_OK"
4570,10416472228,10416472267,1,"IOTHUB_CLIENT_CONFIRMATION_OK"
4571,10416472428,10416472470,1,"IOTHUB_CLIENT_CONFIRMATION_OK"
4572,10416472628,10416472669,1,"IOTHUB_CLIENT_CONFIRMATION_OK"
4573,10416472828,10416472868,1,"IOTHUB_CLIENT_CONFIRMATION_OK"
4574,10416473028,10416473075,1,"IOTHUB_CLIENT_CONFIRMATION_OK"
4575,10416473228,10416473390,1,"IOTHUB_CLIENT_CONFIRMATION_OK"
4576,10416473428,10416473465,1,"IOTHUB_CLIENT_CONFIRMATION_OK"
4577,10416473629,10416473681,1,"IOTHUB_CLIENT_CONFIRMATION_OK"
4578,10416473829,10416473991,1,"IOTHUB_CLIENT_CONFIRMATION_OK"
4579,10416474029,10416474085,1,"IOTHUB_CLIENT_CONFIRMATION_OK"
4580,10416474229,10416474268,1,"IOTHUB_CLIENT_CONFIRMATION_OK"
4581,10416474429,10416474468,1,"IOTHUB_CLIENT_CONFIRMATION_OK"
4582,10416474629,10416474671,1,"IOTHUB_CLIENT_CONFIRMATION_OK"
4583,10416474829,10416474882,1,"IOTHUB_CLIENT_CONFIRMATION_OK"
4584,10416475030,10416475077,1,"IOTHUB_CLIENT_CONFIRMATION_OK"
4585,10416475230,10416475274,1,"IOTHUB_CLIENT_CONFIRMATION_OK"
4586,10416475430,10416475469,1,"IOTHUB_CLIENT_CONFIRMATION_OK"
4587,10416475630,10416475687,1,"IOTHUB_CLIENT_CONFIRMATION_OK"
4588,10416475830,10416475882,1,"IOTHUB_CLIENT_CONFIRMATION_OK"
4589,10416476030,10416476066,1,"IOTHUB_CLIENT_CONFIRMATION_OK"
4590,10416476231,10416476268,1,"IOTHUB_CLIENT_CONFIRMATION_OK"
4591,10416476431,10416476542,1,"IOTHUB_CLIENT_CONFIRMATION_OK"
4592,10416476631,10416476711,1,"IOTHUB_CLIENT_CONFIRMATION_OK"
4593,10416476831,10416476867,1,"IOTHUB_CLIENT_CONFIRMATION_OK"
4594,10416477031,10416477081,1,"IOTHUB_CLIENT_CONFIRMATION_OK"
4595,10416477231,10416477278,1,"IOTHUB_CLIENT_CONFIRMATION_OK"
4596,10416477432,10416477482,1,"IOTHUB_CLIENT_CONFIRMATION_OK"
4597,10416477632,10416477700,1,"IOTHUB_CLIENT_CONFIRMATION_OK"
4598,10416477832,10416477883,1,"IOTHUB_CLIENT_CONFIRMATION_OK"
4599,10416478032,10416478086,1,"IOTHUB_CLIENT_CONFIRMATION_OK"
4600,10416478232,10416478273,1,"IOTHUB_CLIENT_CONFIRMATION_OK"
4601,10416478432,10416478472,1,"IOTHUB_CLIENT_CONFIRMATION_OK"
4602,10416478632,10416478686,1,"IOTHUB_CLIENT_CONFIRMATION_OK"
4603,10416478833,10416478870,1,"IOTHUB_CLIENT_CONFIRMATION_OK"
4604,10416479033,10416479253,1,"IOTHUB_CLIENT_CONFIRMATION_OK"
4605,10416479233,10416479295,1,"IOTHUB_CLIENT_CONFIRMATION_OK"
4606,10416479433,10416479472,1,"IOTHUB_CLIENT_CONFIRMATION_OK"
4607,10416479633,10416479784,1,"IOTHUB_CLIENT_CONFIRMATION_OK"
4608,10416479833,10416479880,1,"IOTHUB_CLIENT_CONFIRMATION_OK"
4609,10416480034,10416480095,1,"IOTHUB_CLIENT_CONFIRMATION_OK"
4610,10416480234,10416480275,1,"IOTHUB_CLIENT_CONFIRMATION_OK"
4611,10416480434,10416480469,1,"IOTHUB_CLIENT_CONFIRMATION_OK"
4612,10416480634,10416480676,1,"IOTHUB_CLIENT_CONFIRMATION_OK"
4613,10416480834,10416480870,1,"IOTHUB_CLIENT_CONFIRMATION_OK"
4614,10416481034,10416481114,1,"IOTHUB_CLIENT_CONFIRMATION_OK"
4615,10416481235,10416481273,1,"IOTHUB_CLIENT_CONFIRMATION_OK"
4616,10416481435,10416481474,1,"IOTHUB_CLIENT_CONFIRMATION_OK"
4617,10416481635,10416481674,1,"IOTHUB_CLIENT_CONFIRMATION_OK"
4618,10416481835,10416481895,1,"IOTHUB_CLIENT_CONFIRMATION_OK"
4619,10416482035,10416482098,1,"IOTHUB_CLIENT_CONFIRMATION_OK"
4620,10416482235,10416482442,1,"IOTHUB_CLIENT_CONFIRMATION_OK"
4621,10416482435,10416482477,1,"IOTHUB_CLIENT_CONFIRMATION_OK"
4622,10416482636,10416482675,1,"IOTHUB_CLIENT_CONFIRMATION_OK"
4623,10416482836,10416482875,1,"IOTHUB_CLIENT_CONFIRMATION_OK"
4624,10416483036,10416483090,1,"IOTHUB_CLIENT_CONFIRMATION_OK"
4625,10416483236,10416483278,1,"IOTHUB_CLIENT_CONFIRMATION_OK"
4626,10416483436,10416483496,1,"IOTHUB_CLIENT_CONFIRMATION_OK"
4627,10416483636,10416483683,1,"IOTHUB_CLIENT_CONFIRMATION_OK"
4628,10416483837,10416483883,1,"IOTHUB_CLIENT_CONFIRMATION_OK"
4629,10416484037,10416484068,1,"IOTHUB_CLIENT_CONFIRMATION_OK"
4630,10416484237,10416484279,1,"IOTHUB_CLIENT_CONFIRMATION_OK"
4631,10416484437,10416484469,1,"IOTHUB_CLIENT_CONFIRMATION_OK"
4632,10416484637,10416484675,1,"IOTHUB_CLIENT_CONFIRMATION_OK"
4633,10416484837,10416484911,1,"IOTHUB_CLIENT_CONFIRMATION_OK"
4634,10416485037,10416485077,1,"IOTHUB_CLIENT_CONFIRMATION_OK"
4635,10416485238,10416485273,1,"IOTHUB_CLIENT_CONFIRMATION_OK"
4636,10416485438,10416485511,1,"IOTHUB_CLIENT_CONFIRMATION_OK"
4637,10416485638,10416485670,1,"IOTHUB_CLIENT_CONFIRMATION_OK"
4638,10416485838,10416485969,1,"IOTHUB_CLIENT_CONFIRMATION_OK"
4639,10416486038,10416486079,1,"IOTHUB_CLIENT_CONFIRMATION_OK"
4640,10416486238,10416486286,1,"IOTHUB_CLIENT_CONFIRMATION_OK"
4641,10416486439,10416486479,1,"IOTHUB_CLIENT_CONFIRMATION_OK"
4642,10416486639,10416486682,1,"IOTHUB_CLIENT_CONFIRMATION_OK"
4643,10416486839,10416486875,1,"IOTHUB_CLIENT_CONFIRMATION_OK"
4644,10416487039,10416487077,1,"IOTHUB_CLIENT_CONFIRMATION_OK"
4645,10416487239,10416487274,1,"IOTHUB_CLIENT_CONFIRMATION_OK"
4646,10416487439,10416487490,1,"IOTHUB_CLIENT_CONFIRMATION_OK"
4647,10416487639,10416487772,1,"IOTHUB_CLIENT_CONFIRMATION_OK"
4648,10416487840,10416487906,1,"IOTHUB_CLIENT_CONFIRMATION_OK"
4649,10416488040,10416488242,1,"IOTHUB_CLIENT_CONFIRMATION_OK"
4650,10416488240,10416488309,1,"IOTHUB_CLIENT_CONFIRMATION_OK"
4651,10416488440,10416488490,1,"IOTHUB_CLIENT_CONFIRMATION_OK"
4652,10416488640,10416488690,1,"IOTHUB_CLIENT_CONFIRMATION_OK"
4653,10416488840,10416488898,1,"IOTHUB_CLIENT_CONFIRMATION_OK"
4654,10416489041,10416489077,1,"IOTHUB_CLIENT_CONFIRMATION_OK"
4655,10416489241,10416489282,1,"IOTHUB_CLIENT_CONFIRMATION_OK"
4656,10416489441,10416489490,1,"IOTHUB_CLIENT_CONFIRMATION_OK"
4657,10416489641,10416489684,1,"IOTHUB_CLIENT_CONFIRMATION_OK"
4658,10416489841,10416489877,1,"IOTHUB_CLIENT_CONFIRMATION_OK"
4659,10416490041,10416490081,1,"IOTHUB_CLIENT_CONFIRMATION_OK"
4660,10416490241,10416490289,1,"IOTHUB_CLIENT_CONFIRMATION_OK"
4661,10416490442,10416490491,1,"IOTHUB_CLIENT_CONFIRMATION_OK"
4662,10416490642,10416490699,1,"IOTHUB_CLIENT_CONFIRMATION_OK"
4663,10416490842,10416490884,1,"IOTHUB_CLIENT_CONFIRMATION_OK"
4664,10416491042,10416491089,1,"IOTHUB_CLIENT_CONFIRMATION_OK"
4665,10416491242,10416491288,1,"IOTHUB_CLIENT_CONFIRMATION_OK"
4666,10416491442,10416491493,1,"IOTHUB_CLIENT_CONFIRMATION_OK"
4667,10416491643,10416491688,1,"IOTHUB_CLIENT_CONFIRMATION_OK"
4668,10416491843,10416491885,1,"IOTHUB_CLIENT_CONFIRMATION_OK"
4669,10416492043,10416492186,1,"IOTHUB_CLIENT_CONFIRMATION_OK"
4670,10416492243,10416492307,1,"IOTHUB_CLIENT_CONFIRMATION_OK"
4671,10416492443,10416492480,1,"IOTHUB_CLIENT_CONFIRMATION_OK"
4672,10416492643,10416492727,1,"IOTHUB_CLIENT_CONFIRMATION_OK"
4673,10416492843,10416492876,1,"IOTHUB_CLIENT_CONFIRMATION_OK"
4674,10416493044,10416493083,1,"IOTHUB_CLIENT_CONFIRMATION_OK"
4675,10416493244,10416493326,1,"IOTHUB_CLIENT_CONFIRMATION_OK"
4676,10416493444,10416493498,1,"IOTHUB_CLIENT_CONFIRMATION_OK"
4677,10416493644,10416493683,1,"IOTHUB_CLIENT_CONFIRMATION_OK"
4678,10416493844,10416493935,1,"IOTHUB_CLIENT_CONFIRMATION_OK"
4679,10416494044,10416494098,1,"IOTHUB_CLIENT_CONFIRMATION_OK"
4680,10416494245,10416494290,1,"IOTHUB_CLIENT_CONFIRMATION_OK"
4681,10416494445,10416494488,1,"IOTHUB_CLIENT_CONFIRMATION_OK"
4682,10416494645,10416494694,1,"IOTHUB_CLIENT_CONFIRMATION_OK"
4683,10416494845,10416494906,1,"IOTHUB_CLIENT_CONFIRMATION_OK"
4684,10416495045,10416495084,1,"IOTHUB_CLIENT_CONFIRMATION_OK"
4685,10416495245,10416495287,1,"IOTHUB_CLIENT_CONFIRMATION_OK"
4686,10416495445,10416495481,1,"IOTHUB_CLIENT_CONFIRMATION_OK"
4687,10416495646,10416495692,1,"IOTHUB_CLIENT_CONFIRMATION_OK"
4688,10416495846,10416496001,1,"IOTHUB_CLIENT_CONFIRMATION_OK"
4689,10416496046,10416496083,1,"IOTHUB_CLIENT_CONFIRMATION_OK"
4690,10416496246,10416496312,1,"IOTHUB_CLIENT_CONFIRMATION_OK"
4691,10416496446,10416496620,1,"IOTHUB_CLIENT_CONFIRMATION_OK"
4692,10416496646,10416496689,1,"IOTHUB_CLIENT_CONFIRMATION_OK"
4693,10416496846,10416496890,1,"IOTHUB_CLIENT_CONFIRMATION_OK"
4694,10416497047,10416497093,1,"IOTHUB_CLIENT_CONFIRMATION_OK"
4695,10416497247,10416497313,1,"IOTHUB_CLIENT_CONFIRMATION_OK"
4696,10416497447,10416497497,1,"IOTHUB_CLIENT_CONFIRMATION_OK"
4697,10416497647,10416497693,1,"IOTHUB_CLIENT_CONFIRMATION_OK"
4698,10416497847,10416497918,1,"IOTHUB_CLIENT_CONFIRMATION_OK"
4699,10416498047,10416498110,1,"IOTHUB_CLIENT_CONFIRMATION_OK"
4700,10416498248,10416498292,1,"IOTHUB_CLIENT_CONFIRMATION_OK"
4701,10416498448,10416498513,1,"IOTHUB_CLIENT_CONFIRMATION_OK"
4702,10416498648,10416498694,1,"IOTHUB_CLIENT_CONFIRMATION_OK"
4703,10416498848,10416498887,1,"IOTHUB_CLIENT_CONFIRMATION_OK"
4704,10416499048,10416499088,1,"IOTHUB_CLIENT_CONFIRMATION_OK"
4705,10416499248,10416499281,1,"IOTHUB_CLIENT_CONFIRMATION_OK"
4706,10416499448,10416499513,1,"IOTHUB_CLIENT_CONFIRMATION_OK"
4707,10416499649,10416499870,1,"IOTHUB_CLIENT_CONFIRMATION_OK"
4708,10416499849,10416499896,1,"IOTHUB_CLIENT_CONFIRMATION_OK"
4709,10416500049,10416500123,1,"IOTHUB_CLIENT_CONFIRMATION_OK"
4710,10416500249,10416500283,1,"IOTHUB_CLIENT_CONFIRMATION_OK"
4711,10416500449,10416500498,1,"IOTHUB_CLIENT_CONFIRMATION_OK"
4712,10416500649,10416500695,1,"IOTHUB_CLIENT_CONFIRMATION_OK"
4713,10416500850,10416500888,1,"IOTHUB_CLIENT_CONFIRMATION_OK"
4714,10416501050,10416501168,1,"IOTHUB_CLIENT_CONFIRMATION_OK"
4715,10416501250,10416501287,1,"IOTHUB_CLIENT_CONFIRMATION_OK"
4716,10416501450,10416501484,1,"IOTHUB_CLIENT_CONFIRMATION_OK"
4717,10416501650,10416501751,1,"IOTHUB_CLIENT_CONFIRMATION_OK"
4718,10416501850,10416501887,1,"IOTHUB_CLIENT_CONFIRMATION_OK"
4719,10416502051,10416502093,1,"IOTHUB_CLIENT_CONFIRMATION_OK"
4720,10416502251,10416502348,1,"IOTHUB_CLIENT_CONFIRMATION_OK"
4721,10416502451,10416502500,1,"IOTHUB_CLIENT_CONFIRMATION_OK"
4722,10416502651,10416502699,1,"IOTHUB_CLIENT_CONFIRMATION_OK"
4723,10416502851,10416502911,1,"IOTHUB_CLIENT_CONFIRMATION_OK"
4724,10416503051,10416503099,1,"IOTHUB_CLIENT_CONFIRMATION_OK"
4725,10416503251,10416503290,1,"IOTHUB_CLIENT_CONFIRMATION_OK"
4726,10416503452,10416503491,1,"IOTHUB_CLIENT_CONFIRMATION_OK"
4727,10416503652,10416503687,1,"IOTHUB_CLIENT_CONFIRMATION_OK"
4728,10416503852,10416503902,1,"IOTHUB_CLIENT_CONFIRMATION_OK"
4729,10416504052,10416504116,1,"IOTHUB_CLIENT_CONFIRMATION_OK"
4730,10416504252,10416504292,1,"IOTHUB_CLIENT_CONFIRMATION_OK"
4731,10416504452,10416504498,1,"IOTHUB_CLIENT_CONFIRMATION_OK"
4732,10416504653,10416504710,1,"IOTHUB_CLIENT_CONFIRMATION_OK"
4733,10416504853,10416505004,1,"IOTHUB_CLIENT_CONFIRMATION_OK"
4734,10416505053,10416505090,1,"IOTHUB_CLIENT_CONFIRMATION_OK"
4735,10416505253,10416505301,1,"IOTHUB_CLIENT_CONFIRMATION_OK"
4736,10416505453,10416505597,1,"IOTHUB_CLIENT_CONFIRMATION_OK"
4737,10416505653,10416505686,1,"IOTHUB_CLIENT_CONFIRMATION_OK"
4738,10416505853,10416505896,1,"IOTHUB_CLIENT_CONFIRMATION_OK"
4739,10416506054,10416506104,1,"IOTHUB_CLIENT_CONFIRMATION_OK"
4740,10416506254,10416506292,1,"IOTHUB_CLIENT_CONFIRMATION_OK"
4741,10416506454,10416506504,1,"IOTHUB_CLIENT_CONFIRMATION_OK"
4742,10416506654,10416506703,1,"IOTHUB_CLIENT_CONFIRMATION_OK"
4743,10416506854,10416506897,1,"IOTHUB_CLIENT_CONFIRMATION_OK"
4744,10416507054,10416507092,1,"IOTHUB_CLIENT_CONFIRMATION_OK"
4745,10416507255,10416507294,1,"IOTHUB_CLIENT_CONFIRMATION_OK"
4746,10416507455,10416507493,1,"IOTHUB_CLIENT_CONFIRMATION_OK"
4747,10416507655,10416507715,1,"IOTHUB_CLIENT_CONFIRMATION_OK"
4748,10416507855,10416507888,1,"IOTHUB_CLIENT_CONFIRMATION_OK"
4749,10416508055,10416508249,1,"IOTHUB_CLIENT_CONFIRMATION_OK"
4750,10416508255,10416508295,1,"IOTHUB_CLIENT_CONFIRMATION_OK"
4751,10416508455,10416508503,1,"IOTHUB_CLIENT_CONFIRMATION_OK"
4752,10416508656,10416508711,1,"IOTHUB_CLIENT_CONFIRMATION_OK"
4753,10416508856,10416508917,1,"IOTHUB_CLIENT_CONFIRMATION_OK"
4754,10416509056,10416509123,1,"IOTHUB_CLIENT_CONFIRMATION_OK"
4755,10416509256,10416509298,1,"IOTHUB_CLIENT_CONFIRMATION_OK"
4756,10416509456,10416509522,1,"IOTHUB_CLIENT_CONFIRMATION_OK"
4757,10416509656,10416509701,1,"IOTHUB_CLIENT_CONFIRMATION_OK"
4758,10416509856,10416509897,1,"IOTHUB_CLIENT_CONFIRMATION_OK"
4759,10416510057,10416510150,1,"IOTHUB_CLIENT_CONFIRMATION_OK"
4760,10416510257,10416510292,1,"IOTHUB_CLIENT_CONFIRMATION_OK"
4761,10416510457,10416510499,1,"IOTHUB_CLIENT_CONFIRMATION_OK"
4762,10416510657,10416510759,1,"IOTHUB_CLIENT_CONFIRMATION_OK"
4763,10416510857,10416510928,1,"IOTHUB_CLIENT_CONFIRMATION_OK"
4764,10416511057,10416511088,1,"IOTHUB_CLIENT_CONFIRMATION_OK"
4765,10416511258,10416511313,1,"IOTHUB_CLIENT_CONFIRMATION_OK"
4766,10416511458,10416511506,1,"IOTHUB_CLIENT_CONFIRMATION_OK"
4767,10416511658,10416511694,1,"IOTHUB_CLIENT_CONFIRMATION_OK"
4768,10416511858,10416511910,1,"IOTHUB_CLIENT_CONFIRMATION_OK"
4769,10416512058,10416512096,1,"IOTHUB_CLIENT_CONFIRMATION_OK"
4770,10416512258,10416512292,1,"IOTHUB_CLIENT_CONFIRMATION_OK"
4771,10416512458,10416512492,1,"IOTHUB_CLIENT_CONFIRMATION_OK"
4772,10416512659,10416512716,1,"IOTHUB_CLIENT_CONFIRMATION_OK"
4773,10416512859,10416512900,1,"IOTHUB_CLIENT_CONFIRMATION_OK"
4774,10416513059,10416513101,1,"IOTHUB_CLIENT_CONFIRMATION_OK"
4775,10416513259,10416513298,1,"IOTHUB_CLIENT_CONFIRMATION_OK"
4776,10416513459,10416513502,1,"IOTHUB_CLIENT_CONFIRMATION_OK"
4777,10416513659,10416513703,1,"IOTHUB_CLIENT_CONFIRMATION_OK"
4778,10416513859,10416513923,1,"IOTHUB_CLIENT_CONFIRMATION_OK"
4779,10416514060,10416514104,1,"IOTHUB_CLIENT_CONFIRMATION_OK"
4780,10416514260,10416514295,1,"IOTHUB_CLIENT_CONFIRMATION_OK"
4781,10416514460,10416514514,1,"IOTHUB_CLIENT_CONFIRMATION_OK"
4782,10416514660,10416514711,1,"IOTHUB_CLIENT_CONFIRMATION_OK"
4783,10416514860,10416514904,1,"IOTHUB_CLIENT_CONFIRMATION_OK"
4784,10416515060,10416515125,1,"IOTHUB_CLIENT_CONFIRMATION_OK"
4785,10416515261,10416515331,1,"IOTHUB_CLIENT_CONFIRMATION_OK"
4786,10416515461,10416515563,1,"IOTHUB_CLIENT_CONFIRMATION_OK"
4787,10416515661,10416515718,1,"IOTHUB_CLIENT_CONFIRMATION_OK"
4788,10416515861,10416515954,1,"IOTHUB_CLIENT_CONFIRMATION_OK"
4789,10416516061,10416516098,1,"IOTHUB_CLIENT_CONFIRMATION_OK"
4790,10416516261,10416516301,1,"IOTHUB_CLIENT_CONFIRMATION_OK"
4791,10416516461,10416516549,1,"IOTHUB_CLIENT_CONFIRMATION_OK"
4792,10416516662,10416516702,1,"IOTHUB_CLIENT_CONFIRMATION_OK"
4793,10416516862,10416516907,1,"IOTHUB_CLIENT_CONFIRMATION_OK"
4794,10416517062,10416517106,1,"IOTHUB_CLIENT_CONFIRMATION_OK"
4795,10416517262,10416517303,1,"IOTHUB_CLIENT_CONFIRMATION_OK"
4796,10416517462,10416517513,1,"IOTHUB_CLIENT_CONFIRMATION_OK"
4797,10416517662,10416517715,1,"IOTHUB_CLIENT_CONFIRMATION_OK"
4798,10416517863,10416517948,1,"IOTHUB_CLIENT_CONFIRMATION_OK"
4799,10416518063,10416518101,1,"IOTHUB_CLIENT_CONFIRMATION_OK"
4800,10416518263,10416518299,1,"IOTHUB_CLIENT_CONFIRMATION_OK"
4801,10416518463,10416518582,1,"IOTHUB_CLIENT_CONFIRMATION_OK"
4802,10416518663,10416518700,1,"IOTHUB_CLIENT_CONFIRMATION_OK"
4803,10416518863,10416518909,1,"IOTHUB_CLIENT_CONFIRMATION_OK"
4804,10416519063,10416519221,1,"IOTHUB_CLIENT_CONFIRMATION_OK"
4805,10416519264,10416519312,1,"IOTHUB_CLIENT_CONFIRMATION_OK"
4806,10416519464,10416519521,1,"IOTHUB_CLIENT_CONFIRMATION_OK"
4807,10416519664,10416519861,1,"IOTHUB_CLIENT_CONFIRMATION_OK"
4808,10416519864,10416520040,1,"IOTHUB_CLIENT_CONFIRMATION_OK"
4809,10416520064,10416520103,1,"IOTHUB_CLIENT_CONFIRMATION_OK"
4810,10416520264,10416520315,1,"IOTHUB_CLIENT_CONFIRMATION_OK"
4811,10416520465,10416520500,1,"IOTHUB_CLIENT_CONFIRMATION_OK"
4812,10416520665,10416520735,1,"IOTHUB_CLIENT_CONFIRMATION_OK"
4813,10416520865,10416520921,1,"IOTHUB_CLIENT_CONFIRMATION_OK"
4814,10416521065,10416521118,1,"IOTHUB_CLIENT_CONFIRMATION_OK"
4815,10416521265,10416521319,1,"IOTHUB_CLIENT_CONFIRMATION_OK"
4816,10416521465,10416521503,1,"IOTHUB_CLIENT_CONFIRMATION_OK"
4817,10416521665,10416521706,1,"IOTHUB_CLIENT_CONFIRMATION_OK"
4818,10416521866,10416521911,1,"IOTHUB_CLIENT_CONFIRMATION_OK"
4819,10416522066,10416522111,1,"IOTHUB_CLIENT_CONFIRMATION_OK"
4820,10416522266,10416522299,1,"IOTHUB_CLIENT_CONFIRMATION_OK"
4821,10416522466,10416522505,1,"IOTHUB_CLIENT_CONFIRMATION_OK"
4822,10416522666,10416522725,1,"IOTHUB_CLIENT_CONFIRMATION_OK"
4823,10416522866,10416522942,1,"IOTHUB_CLIENT_CONFIRMATION_OK"
4824,10416523066,10416523103,1,"IOTHUB_CLIENT_CONFIRMATION_OK"
4825,10416523267,10416523311,1,"IOTHUB_CLIENT_CONFIRMATION_OK"
4826,10416523467,10416523508,1,"IOTHUB_CLIENT_CONFIRMATION_OK"
4827,10416523667,10416523781,1,"IOTHUB_CLIENT_CONFIRMATION_OK"
4828,10416523867,10416523906,1,"IOTHUB_CLIENT_CONFIRMATION_OK"
4829,10416524067,10416524177,1,"IOTHUB_CLIENT_CONFIRMATION_OK"
4830,10416524267,10416524332,1,"IOTHUB_CLIENT_CONFIRMATION_OK"
4831,10416524468,10416524508,1,"IOTHUB_CLIENT_CONFIRMATION_OK"
4832,10416524668,10416524717,1,"IOTHUB_CLIENT_CONFIRMATION_OK"
4833,10416524868,10416524952,1,"IOTHUB_CLIENT_CONFIRMATION_OK"
4834,10416525068,10416525112,1,"IOTHUB_CLIENT_CONFIRMATION_OK"
4835,10416525268,10416525301,1,"IOTHUB_CLIENT_CONFIRMATION_OK"
4836,10416525468,10416525631,1,"IOTHUB_CLIENT_CONFIRMATION_OK"
4837,10416525668,10416525736,1,"IOTHUB_CLIENT_CONFIRMATION_OK"
4838,10416525869,10416525909,1,"IOTHUB_CLIENT_CONFIRMATION_OK"
4839,10416526069,10416526128,1,"IOTHUB_CLIENT_CONFIRMATION_OK"
4840,10416526269,10416526312,1,"IOTHUB_CLIENT_CONFIRMATION_OK"
4841,10416526469,10416526504,1,"IOTHUB_CLIENT_CONFIRMATION_OK"
4842,10416526669,10416526715,1,"IOTHUB_CLIENT_CONFIRMATION_OK"
4843,10416526869,10416526986,1,"IOTHUB_CLIENT_CONFIRMATION_OK"
4844,10416527070,10416527102,1,"IOTHUB_CLIENT_CONFIRMATION_OK"
4845,10416527270,10416527304,1,"IOTHUB_CLIENT_CONFIRMATION_OK"
4846,10416527470,10416527582,1,"IOTHUB_CLIENT_CONFIRMATION_OK"
4847,10416527670,10416527724,1,"IOTHUB_CLIENT_CONFIRMATION_OK"
4848,10416527870,10416527908,1,"IOTHUB_CLIENT_CONFIRMATION_OK"
4849,10416528070,10416528189,1,"IOTHUB_CLIENT_CONFIRMATION_OK"
4850,10416528270,10416528319,1,"IOTHUB_CLIENT_CONFIRMATION_OK"
4851,10416528471,10416528537,1,"IOTHUB_CLIENT_CONFIRMATION_OK"
4852,10416528671,10416528722,1,"IOTHUB_CLIENT_CONFIRMATION_OK"
4853,10416528871,10416528979,1,"IOTHUB_CLIENT_CONFIRMATION_OK"
4854,10416529071,10416529116,1,"IOTHUB_CLIENT_CONFIRMATION_OK"
4855,10416529271,10416529308,1,"IOTHUB_CLIENT_CONFIRMATION_OK"
4856,10416529471,10416529512,1,"IOTHUB_CLIENT_CONFIRMATION_OK"
4857,10416529672,10416529715,1,"IOTHUB_CLIENT_CONFIRMATION_OK"
4858,10416529872,10416529915,1,"IOTHUB_CLIENT_CONFIRMATION_OK"
4859,10416530072,10416530117,1,"IOTHUB_CLIENT_CONFIRMATION_OK"
4860,10416530272,10416530330,1,"IOTHUB_CLIENT_CONFIRMATION_OK"
4861,10416530472,10416530510,1,"IOTHUB_CLIENT_CONFIRMATION_OK"
4862,10416530672,10416530836,1,"IOTHUB_CLIENT_CONFIRMATION_OK"
4863,10416530872,10416530914,1,"IOTHUB_CLIENT_CONFIRMATION_OK"
4864,10416531073,10416531106,1,"IOTHUB_CLIENT_CONFIRMATION_OK"
4865,10416531273,10416531306,1,"IOTHUB_CLIENT_CONFIRMATION_OK"
4866,10416531473,10416531535,1,"IOTHUB_CLIENT_CONFIRMATION_OK"
4867,10416531673,10416531730,1,"IOTHUB_CLIENT_CONFIRMATION_OK"
4868,10416531873,10416531911,1,"IOTHUB_CLIENT_CONFIRMATION_OK"
4869,10416532073,10416532115,1,"IOTHUB_CLIENT_CONFIRMATION_OK"
4870,10416532273,10416532336,1,"IOTHUB_CLIENT_CONFIRMATION_OK"
4871,10416532474,10416532514,1,"IOTHUB_CLIENT_CONFIRMATION_OK"
4872,10416532674,10416532719,1,"IOTHUB_CLIENT_CONFIRMATION_OK"
4873,10416532874,10416532917,1,"IOTHUB_CLIENT_CONFIRMATION_OK"
4874,10416533074,10416533128,1,"IOTHUB_CLIENT_CONFIRMATION_OK"
4875,10416533274,10416533313,1,"IOTHUB_CLIENT_CONFIRMATION_OK"
4876,10416533475,10416533515,1,"IOTHUB_CLIENT_CONFIRMATION_OK"
4877,10416533675,10416533759,1,"IOTHUB_CLIENT_CONFIRMATION_OK"
4878,10416533875,10416533912,1,"IOTHUB_CLIENT_CONFIRMATION_OK"
4879,10416534075,10416534116,1,"IOTHUB_CLIENT_CONFIRMATION_OK"
4880,10416534275,10416534318,1,"IOTHUB_CLIENT_CONFIRMATION_OK"
4881,10416534475,10416534535,1,"IOTHUB_CLIENT_CONFIRMATION_OK"
4882,10416534676,10416534725,1,"IOTHUB_CLIENT_CONFIRMATION_OK"
4883,10416534876,10416535004,1,"IOTHUB_CLIENT_CONFIRMATION_OK"
4884,10416535076,10416535113,1,"IOTHUB_CLIENT_CONFIRMATION_OK"
4885,10416535276,10416535349,1,"IOTHUB_CLIENT_CONFIRMATION_OK"
4886,10416535476,10416535519,1,"IOTHUB_CLIENT_CONFIRMATION_OK"
4887,10416535676,10416535722,1,"IOTHUB_CLIENT_CONFIRMATION_OK"
4888,10416535876,10416535980,1,"IOTHUB_CLIENT_CONFIRMATION_OK"
4889,10416536077,10416536114,1,"IOTHUB_CLIENT_CONFIRMATION_OK"
4890,10416536277,10416536321,1,"IOTHUB_CLIENT_CONFIRMATION_OK"
4891,10416536477,10416536585,1,"IOTHUB_CLIENT_CONFIRMATION_OK"
4892,10416536677,10416536730,1,"IOTHUB_CLIENT_CONFIRMATION_OK"
4893,10416536877,10416536929,1,"IOTHUB_CLIENT_CONFIRMATION_OK"
4894,10416537077,10416537115,1,"IOTHUB_CLIENT_CONFIRMATION_OK"
4895,10416537277,10416537326,1,"IOTHUB_CLIENT_CONFIRMATION_OK"
4896,10416537478,10416537508,1,"IOTHUB_CLIENT_CONFIRMATION_OK"
4897,10416537678,10416537751,1,"IOTHUB_CLIENT_CONFIRMATION_OK"
4898,10416537878,10416537924,1,"IOTHUB_CLIENT_CONFIRMATION_OK"
4899,10416538078,10416538132,1,"IOTHUB_CLIENT_CONFIRMATION_OK"
4900,10416538278,10416538321,1,"IOTHUB_CLIENT_CONFIRMATION_OK"
4901,10416538478,10416538526,1,"IOTHUB_CLIENT_CONFIRMATION_OK"
4902,10416538679,10416538753,1,"IOTHUB_CLIENT_CONFIRMATION_OK"
4903,10416538879,10416538922,1,"IOTHUB_CLIENT_CONFIRMATION_OK"
4904,10416539079,10416539131,1,"IOTHUB_CLIENT_CONFIRMATION_OK"
4905,10416539279,10416539314,1,"IOTHUB_CLIENT_CONFIRMATION_OK"
4906,10416539479,10416539514,1,"IOTHUB_CLIENT_CONFIRMATION_OK"
4907,10416539679,10416539743,1,"IOTHUB_CLIENT_CONFIRMATION_OK"
4908,10416539879,10416539944,1,"IOTHUB_CLIENT_CONFIRMATION_OK"
4909,10416540080,10416540122,1,"IOTHUB_CLIENT_CONFIRMATION_OK"
4910,10416540280,10416540321,1,"IOTHUB_CLIENT_CONFIRMATION_OK"
4911,10416540480,10416540525,1,"IOTHUB_CLIENT_CONFIRMATION_OK"
4912,10416540680,10416540715,1,"IOTHUB_CLIENT_CONFIRMATION_OK"
4913,10416540880,10416540926,1,"IOTHUB_CLIENT_CONFIRMATION_OK"
4914,10416541080,10416541121,1,"IOTHUB_CLIENT_CONFIRMATION_OK"
4915,10416541281,10416541358,1,"IOTHUB_CLIENT_CONFIRMATION_OK"
4916,10416541481,10416541517,1,"IOTHUB_CLIENT_CONFIRMATION_OK"
4917,10416541681,10416541796,1,"IOTHUB_CLIENT_CONFIRMATION_OK"
4918,10416541881,10416541932,1,"IOTHUB_CLIENT_CONFIRMATION_OK"
4919,10416542081,10416542120,1,"IOTHUB_CLIENT_CONFIRMATION_OK"
4920,10416542281,10416542523,1,"IOTHUB_CLIENT_CONFIRMATION_OK"
4921,10416542481,10416542560,1,"IOTHUB_CLIENT_CONFIRMATION_OK"
4922,10416542682,10416542723,1,"IOTHUB_CLIENT_CONFIRMATION_OK"
4923,10416542882,10416542931,1,"IOTHUB_CLIENT_CONFIRMATION_OK"
4924,10416543082,10416543122,1,"IOTHUB_CLIENT_CONFIRMATION_OK"
4925,10416543282,10416543335,1,"IOTHUB_CLIENT_CONFIRMATION_OK"
4926,10416543482,10416543519,1,"IOTHUB_CLIENT_CONFIRMATION_OK"
4927,10416543682,10416543719,1,"IOTHUB_CLIENT_CONFIRMATION_OK"
4928,10416543883,10416543917,1,"IOTHUB_CLIENT_CONFIRMATION_OK"
4929,10416544083,10416544118,1,"IOTHUB_CLIENT_CONFIRMATION_OK"
4930,10416544283,10416544377,1,"IOTHUB_CLIENT_CONFIRMATION_OK"
4931,10416544483,10416544531,1,"IOTHUB_CLIENT_CONFIRMATION_OK"
4932,10416544683,10416544721,1,"IOTHUB_CLIENT_CONFIRMATION_OK"
4933,10416544883,10416544925,1,"IOTHUB_CLIENT_CONFIRMATION_OK"
4934,10416545083,10416545144,1,"IOTHUB_CLIENT_CONFIRMATION_OK"
4935,10416545284,10416545335,1,"IOTHUB_CLIENT_CONFIRMATION_OK"
4936,10416545484,10416545680,1,"IOTHUB_CLIENT_CONFIRMATION_OK"
4937,10416545684,10416545719,1,"IOTHUB_CLIENT_CONFIRMATION_OK"
4938,10416545884,10416545933,1,"IOTHUB_CLIENT_CONFIRMATION_OK"
4939,10416546084,10416546123,1,"IOTHUB_CLIENT_CONFIRMATION_OK"
4940,10416546284,10416546327,1,"IOTHUB_CLIENT_CONFIRMATION_OK"
4941,10416546484,10416546525,1,"IOTHUB_CLIENT_CONFIRMATION_OK"
4942,10416546685,10416546732,1,"IOTHUB_CLIENT_CONFIRMATION_OK"
4943,10416546885,10416546941,1,"IOTHUB_CLIENT_CONFIRMATION_OK"
4944,10416547085,10416547128,1,"IOTHUB_CLIENT_CONFIRMATION_OK"
4945,10416547285,10416547322,1,"IOTHUB_CLIENT_CONFIRMATION_OK"
4946,10416547485,10416547534,1,"IOTHUB_CLIENT_CONFIRMATION_OK"
4947,10416547685,10416547723,1,"IOTHUB_CLIENT_CONFIRMATION_OK"
4948,10416547886,10416548039,1,"IOTHUB_CLIENT_CONFIRMATION_OK"
4949,10416548086,10416548133,1,"IOTHUB_CLIENT_CONFIRMATION_OK"
4950,10416548286,10416548385,1,"IOTHUB_CLIENT_CONFIRMATION_OK"
4951,10416548486,10416548642,1,"IOTHUB_CLIENT_CONFIRMATION_OK"
4952,10416548686,10416548748,1,"IOTHUB_CLIENT_CONFIRMATION_OK"
4953,10416548886,10416548932,1,"IOTHUB_CLIENT_CONFIRMATION_OK"
4954,10416549086,10416549135,1,"IOTHUB_CLIENT_CONFIRMATION_OK"
4955,10416549287,10416549357,1,"IOTHUB_CLIENT_CONFIRMATION_OK"
4956,10416549487,10416549563,1,"IOTHUB_CLIENT_CONFIRMATION_OK"
4957,10416549687,10416549736,1,"IOTHUB_CLIENT_CONFIRMATION_OK"
4958,10416549887,10416549936,1,"IOTHUB_CLIENT_CONFIRMATION_OK"
4959,10416550087,10416550165,1,"IOTHUB_CLIENT_CONFIRMATION_OK"
4960,10416550287,10416550320,1,"IOTHUB_CLIENT_CONFIRMATION_OK"
4961,10416550487,10416550522,1,"IOTHUB_CLIENT_CONFIRMATION_OK"
4962,10416550688,10416550793,1,"IOTHUB_CLIENT_CONFIRMATION_OK"
4963,10416550888,10416550925,1,"IOTHUB_CLIENT_CONFIRMATION_OK"
4964,10416551088,10416551134,1,"IOTHUB_CLIENT_CONFIRMATION_OK"
4965,10416551288,10416551331,1,"IOTHUB_CLIENT_CONFIRMATION_OK"
4966,10416551488,10416551538,1,"IOTHUB_CLIENT_CONFIRMATION_OK"
4967,10416551688,10416551751,1,"IOTHUB_CLIENT_CONFIRMATION_OK"
4968,10416551888,10416551946,1,"IOTHUB_CLIENT_CONFIRMATION_OK"
4969,10416552089,10416552123,1,"IOTHUB_CLIENT_CONFIRMATION_OK"
4970,10416552289,10416552330,1,"IOTHUB_CLIENT_CONFIRMATION_OK"
4971,10416552489,10416552536,1,"IOTHUB_CLIENT_CONFIRMATION_OK"
4972,10416552689,10416552735,1,"IOTHUB_CLIENT_CONFIRMATION_OK"
4973,10416552889,10416552940,1,"IOTHUB_CLIENT_CONFIRMATION_OK"
4974,10416553089,10416553164,1,"IOTHUB_CLIENT_CONFIRMATION_OK"
4975,10416553290,10416553329,1,"IOTHUB_CLIENT_CONFIRMATION_OK"
4976,10416553490,10416553538,1,"IOTHUB_CLIENT_CONFIRMATION_OK"
4977,10416553690,10416553752,1,"IOTHUB_CLIENT_CONFIRMATION_OK"
4978,10416553890,10416553936,1,"IOTHUB_CLIENT_CONFIRMATION_OK"
4979,10416554090,10416554138,1,"IOTHUB_CLIENT_CONFIRMATION_OK"
4980,10416554290,10416554334,1,"IOTHUB_CLIENT_CONFIRMATION_OK"
4981,10416554490,10416554527,1,"IOTHUB_CLIENT_CONFIRMATION_OK"
4982,10416554691,10416554754,1,"IOTHUB_CLIENT_CONFIRMATION_OK"
4983,10416554891,10416554947,1,"IOTHUB_CLIENT_CONFIRMATION_OK"
4984,10416555091,10416555141,1,"IOTHUB_CLIENT_CONFIRMATION_OK"
4985,10416555291,10416555352,1,"IOTHUB_CLIENT_CONFIRMATION_OK"
4986,10416555491,10416555544,1,"IOTHUB_CLIENT_CONFIRMATION_OK"
4987,10416555691,10416555747,1,"IOTHUB_CLIENT_CONFIRMATION_OK"
4988,10416555891,10416555972,1,"IOTHUB_CLIENT_CONFIRMATION_OK"
4989,10416556092,10416556133,1,"IOTHUB_CLIENT_CONFIRMATION_OK"
4990,10416556292,10416556329,1,"IOTHUB_CLIENT_CONFIRMATION_OK"
4991,10416556492,10416556585,1,"IOTHUB_CLIENT_CONFIRMATION_OK"
4992,10416556692,10416556736,1,"IOTHUB_CLIENT_CONFIRMATION_OK"
4993,10416556892,10416556937,1,"IOTHUB_CLIENT_CONFIRMATION_OK"
4994,10416557092,10416557198,1,"IOTHUB_CLIENT_CONFIRMATION_OK"
4995,10416557293,10416557388,1,"IOTHUB_CLIENT_CONFIRMATION_OK"
4996,10416557493,10416557542,1,"IOTHUB_CLIENT_CONFIRMATION_OK"
4997,10416557693,10416557723,1,"IOTHUB_CLIENT_CONFIRMATION_OK"
4998,10416557893,10416557947,1,"IOTHUB_CLIENT_CONFIRMATION_OK"
4999,10416558093,10416558123,1,"IOTHUB_CLIENT_CONFIRMATION_OK"
5000,10416558293,10416558339,1,"IOTHUB_CLIENT_CONFIRMATION_OK"
5001,10416558493,10416558528,1,"IOTHUB_CLIENT_CONFIRMATION_OK"
5002,10416558694,10416558732,1,"IOTHUB_CLIENT_CONFIRMATION_OK"
5003,10416558894,10416559016,1,"IOTHUB_CLIENT_CONFIRMATION_OK"
5004,10416559094,10416559256,1,"IOTHUB_CLIENT_CONFIRMATION_OK"
5005,10416559294,10416559330,1,"IOTHUB_CLIENT_CONFIRMATION_OK"
5006,10416559494,10416559540,1,"IOTHUB_CLIENT_CONFIRMATION_OK"
5007,10416559694,10416559954,1,"IOTHUB_CLIENT_CONFIRMATION_OK"
5008,10416559895,10416559967,1,"IOTHUB_CLIENT_CONFIRMATION_OK"
5009,10416560095,10416560133,1,"IOTHUB_CLIENT_CONFIRMATION_OK"
5010,10416560295,10416560342,1,"IOTHUB_CLIENT_CONFIRMATION_OK"
5011,10416560495,10416560563,1,"IOTHUB_CLIENT_CONFIRMATION_OK"
5012,10416560695,10416560744,1,"IOTHUB_CLIENT_CONFIRMATION_OK"
5013,10416560895,10416560938,1,"IOTHUB_CLIENT_CONFIRMATION_OK"
5014,10416561095,10416561162,1,"IOTHUB_CLIENT_CONFIRMATION_OK"
5015,10416561296,10416561363,1,"IOTHUB_CLIENT_CONFIRMATION_OK"
5016,10416561496,10416561548,1,"IOTHUB_CLIENT_CONFIRMATION_OK"
5017,10416561696,10416561770,1,"IOTHUB_CLIENT_CONFIRMATION_OK"
5018,10416561896,10416561954,1,"IOTHUB_CLIENT_CONFIRMATION_OK"
5019,10416562096,10416562130,1,"IOTHUB_CLIENT_CONFIRMATION_OK"
5020,10416562296,10416562374,1,"IOTHUB_CLIENT_CONFIRMATION_OK"
5021,10416562496,10416562560,1,"IOTHUB_CLIENT_CONFIRMATION_OK"
5022,10416562697,10416562740,1,"IOTHUB_CLIENT_CONFIRMATION_OK"
5023,10416562897,10416562934,1,"IOTHUB_CLIENT_CONFIRMATION_OK"
5024,10416563097,10416563143,1,"IOTHUB_CLIENT_CONFIRMATION_OK"
5025,10416563297,10416563347,1,"IOTHUB_CLIENT_CONFIRMATION_OK"
5026,10416563497,10416563570,1,"IOTHUB_CLIENT_CONFIRMATION_OK"
5027,10416563697,10416563742,1,"IOTHUB_CLIENT_CONFIRMATION_OK"
5028,10416563898,10416563937,1,"IOTHUB_CLIENT_CONFIRMATION_OK"
5029,10416564098,10416564139,1,"IOTHUB_CLIENT_CONFIRMATION_OK"
5030,10416564298,10416564336,1,"IOTHUB_CLIENT_CONFIRMATION_OK"
5031,10416564498,10416564535,1,"IOTHUB_CLIENT_CONFIRMATION_OK"
5032,10416564698,10416564734,1,"IOTHUB_CLIENT_CONFIRMATION_OK"
5033,10416564898,10416565049,1,"IOTHUB_CLIENT_CONFIRMATION_OK"
5034,10416565098,10416565137,1,"IOTHUB_CLIENT_CONFIRMATION_OK"
5035,10416565299,10416565355,1,"IOTHUB_CLIENT_CONFIRMATION_OK"
5036,10416565499,10416565628,1,"IOTHUB_CLIENT_CONFIRMATION_OK"
5037,10416565699,10416565748,1,"IOTHUB_CLIENT_CONFIRMATION_OK"
5038,10416565899,10416565942,1,"IOTHUB_CLIENT_CONFIRMATION_OK"
5039,10416566099,10416566150,1,"IOTHUB_CLIENT_CONFIRMATION_OK"
5040,10416566299,10416566336,1,"IOTHUB_CLIENT_CONFIRMATION_OK"
5041,10416566499,10416566537,1,"IOTHUB_CLIENT_CONFIRMATION_OK"
5042,10416566700,10416566755,1,"IOTHUB_CLIENT_CONFIRMATION_OK"
5043,10416566900,10416566942,1,"IOTHUB_CLIENT_CONFIRMATION_OK"
5044,10416567100,10416567130,1,"IOTHUB_CLIENT_CONFIRMATION_OK"
5045,10416567300,10416567341,1,"IOTHUB_CLIENT_CONFIRMATION_OK"
5046,10416567500,10416567537,1,"IOTHUB_CLIENT_CONFIRMATION_OK"
5047,10416567700,10416567769,1,"IOTHUB_CLIENT_CONFIRMATION_OK"
5048,10416567901,10416567941,1,"IOTHUB_CLIENT_CONFIRMATION_OK"
5049,10416568101,10416568144,1,"IOTHUB_CLIENT_CONFIRMATION_OK"
5050,10416568301,10416568340,1,"IOTHUB_CLIENT_CONFIRMATION_OK"
5051,10416568501,10416568545,1,"IOTHUB_CLIENT_CONFIRMATION_OK"
5052,10416568701,10416568738,1,"IOTHUB_CLIENT_CONFIRMATION_OK"
5053,10416568901,10416568936,1,"IOTHUB_CLIENT_CONFIRMATION_OK"
5054,10416569101,10416569136,1,"IOTHUB_CLIENT_CONFIRMATION_OK"
5055,10416569302,10416569374,1,"IOTHUB_CLIENT_CONFIRMATION_OK"
5056,10416569502,10416569574,1,"IOTHUB_CLIENT_CONFIRMATION_OK"
5057,10416569702,10416569829,1,"IOTHUB_CLIENT_CONFIRMATION_OK"
5058,10416569902,10416569941,1,"IOTHUB_CLIENT_CONFIRMATION_OK"
5059,10416570102,10416570153,1,"IOTHUB_CLIENT_CONFIRMATION_OK"
5060,10416570302,10416570357,1,"IOTHUB_CLIENT_CONFIRMATION_OK"
5061,10416570503,10416570556,1,"IOTHUB_CLIENT_CONFIRMATION_OK"
5062,10416570703,10416570852,1,"IOTHUB_CLIENT_CONFIRMATION_OK"
5063,10416570903,10416570947,1,"IOTHUB_CLIENT_CONFIRMATION_OK"
5064,10416571103,10416571137,1,"IOTHUB_CLIENT_CONFIRMATION_OK"
5065,10416571303,10416571347,1,"IOTHUB_CLIENT_CONFIRMATION_OK"
5066,10416571503,10416571532,1,"IOTHUB_CLIENT_CONFIRMATION_OK"
5067,10416571703,10416571748,1,"IOTHUB_CLIENT_CONFIRMATION_OK"
5068,10416571904,10416571946,1,"IOTHUB_CLIENT_CONFIRMATION_OK"
5069,10416572104,10416572139,1,"IOTHUB_CLIENT_CONFIRMATION_OK"
5070,10416572304,10416572347,1,"IOTHUB_CLIENT_CONFIRMATION_OK"
5071,10416572504,10416572563,1,"IOTHUB_CLIENT_CONFIRMATION_OK"
5072,10416572704,10416572742,1,"IOTHUB_CLIENT_CONFIRMATION_OK"
5073,10416572904,10416572943,1,"IOTHUB_CLIENT_CONFIRMATION_OK"
5074,10416573105,10416573206,1,"IOTHUB_CLIENT_CONFIRMATION_OK"
5075,10416573305,10416573426,1,"IOTHUB_CLIENT_CONFIRMATION_OK"
5076,10416573505,10416573538,1,"IOTHUB_CLIENT_CONFIRMATION_OK"
5077,10416573705,10416573743,1,"IOTHUB_CLIENT_CONFIRMATION_OK"
5078,10416573905,10416574065,1,"IOTHUB_CLIENT_CONFIRMATION_OK"
5079,10416574105,10416574154,1,"IOTHUB_CLIENT_CONFIRMATION_OK"
5080,10416574305,10416574345,1,"IOTHUB_CLIENT_CONFIRMATION_OK"
5081,10416574506,10416574552,1,"IOTHUB_CLIENT_CONFIRMATION_OK"
5082,10416574706,10416574765,1,"IOTHUB_CLIENT_CONFIRMATION_OK"
5083,10416574906,10416574944,1,"IOTHUB_CLIENT_CONFIRMATION_OK"
5084,10416575106,10416575196,1,"IOTHUB_CLIENT_CONFIRMATION_OK"
5085,10416575306,10416575389,1,"IOTHUB_CLIENT_CONFIRMATION_OK"
5086,10416575506,10416575549,1,"IOTHUB_CLIENT_CONFIRMATION_OK"
5087,10416575706,10416575752,1,"IOTHUB_CLIENT_CONFIRMATION_OK"
5088,10416575907,10416575954,1,"IOTHUB_CLIENT_CONFIRMATION_OK"
5089,10416576107,10416576223,1,"IOTHUB_CLIENT_CONFIRMATION_OK"
5090,10416576307,10416576352,1,"IOTHUB_CLIENT_CONFIRMATION_OK"
5091,10416576507,10416576671,1,"IOTHUB_CLIENT_CONFIRMATION_OK"
5092,10416576707,10416576754,1,"IOTHUB_CLIENT_CONFIRMATION_OK"
5093,10416576907,10416576941,1,"IOTHUB_CLIENT_CONFIRMATION_OK"
5094,10416577108,10416577144,1,"IOTHUB_CLIENT_CONFIRMATION_OK"
5095,10416577308,10416577348,1,"IOTHUB_CLIENT_CONFIRMATION_OK"
5096,10416577508,10416577561,1,"IOTHUB_CLIENT_CONFIRMATION_OK"
5097,10416577708,10416577759,1,"IOTHUB_CLIENT_CONFIRMATION_OK"
5098,10416577908,10416577970,1,"IOTHUB_CLIENT_CONFIRMATION_OK"
5099,10416578108,10416578149,1,"IOTHUB_CLIENT_CONFIRMATION_OK"
5100,10416578308,10416578349,1,"IOTHUB_CLIENT_CONFIRMATION_OK"
5101,10416578509,10416578564,1,"IOTHUB_CLIENT_CONFIRMATION_OK"
5102,10416578709,10416578750,1,"IOTHUB_CLIENT_CONFIRMATION_OK"
5103,10416578909,10416578956,1,"IOTHUB_CLIENT_CONFIRMATION_OK"
5104,10416579109,10416579146,1,"IOTHUB_CLIENT_CONFIRMATION_OK"
5105,10416579309,10416579346,1,"IOTHUB_CLIENT_CONFIRMATION_OK"
5106,10416579509,10416579548,1,"IOTHUB_CLIENT_CONFIRMATION_OK"
5107,10416579710,10416579763,1,"IOTHUB_CLIENT_CONFIRMATION_OK"
5108,10416579910,10416579943,1,"IOTHUB_CLIENT_CONFIRMATION_OK"
5109,10416580110,10416580147,1,"IOTHUB_CLIENT_CONFIRMATION_OK"
5110,10416580310,10416580353,1,"IOTHUB_CLIENT_CONFIRMATION_OK"
5111,10416580510,10416580564,1,"IOTHUB_CLIENT_CONFIRMATION_OK"
5112,10416580710,10416580753,1,"IOTHUB_CLIENT_CONFIRMATION_OK"
5113,10416580910,10416580951,1,"IOTHUB_CLIENT_CONFIRMATION_OK"
5114,10416581111,10416581217,1,"IOTHUB_CLIENT_CONFIRMATION_OK"
5115,10416581311,10416581360,1,"IOTHUB_CLIENT_CONFIRMATION_OK"
5116,10416581511,10416581567,1,"IOTHUB_CLIENT_CONFIRMATION_OK"
5117,10416581711,10416581838,1,"IOTHUB_CLIENT_CONFIRMATION_OK"
5118,10416581911,10416581953,1,"IOTHUB_CLIENT_CONFIRMATION_OK"
5119,10416582111,10416582152,1,"IOTHUB_CLIENT_CONFIRMATION_OK"
5120,10416582312,10416582414,1,"IOTHUB_CLIENT_CONFIRMATION_OK"
5121,10416582512,10416582548,1,"IOTHUB_CLIENT_CONFIRMATION_OK"
5122,10416582712,10416582839,1,"IOTHUB_CLIENT_CONFIRMATION_OK"
5123,10416582912,10416582956,1,"IOTHUB_CLIENT_CONFIRMATION_OK"
5124,10416583112,10416583160,1,"IOTHUB_CLIENT_CONFIRMATION_OK"
5125,10416583312,10416583362,1,"IOTHUB_CLIENT_CONFIRMATION_OK"
5126,10416583512,10416583555,1,"IOTHUB_CLIENT_CONFIRMATION_OK"
5127,10416583713,10416583754,1,"IOTHUB_CLIENT_CONFIRMATION_OK"
5128,10416583913,10416583961,1,"IOTHUB_CLIENT_CONFIRMATION_OK"
5129,10416584113,10416584154,1,"IOTHUB_CLIENT_CONFIRMATION_OK"
5130,10416584313,10416584368,1,"IOTHUB_CLIENT_CONFIRMATION_OK"
5131,10416584513,10416584556,1,"IOTHUB_CLIENT_CONFIRMATION_OK"
5132,10416584713,10416584777,1,"IOTHUB_CLIENT_CONFIRMATION_OK"
5133,10416584914,10416585099,1,"IOTHUB_CLIENT_CONFIRMATION_OK"
5134,10416585114,10416585153,1,"IOTHUB_CLIENT_CONFIRMATION_OK"
5135,10416585314,10416585377,1,"IOTHUB_CLIENT_CONFIRMATION_OK"
5136,10416585514,10416585684,1,"IOTHUB_CLIENT_CONFIRMATION_OK"
5137,10416585714,10416585752,1,"IOTHUB_CLIENT_CONFIRMATION_OK"
5138,10416585914,10416585946,1,"IOTHUB_CLIENT_CONFIRMATION_OK"
5139,10416586115,10416586155,1,"IOTHUB_CLIENT_CONFIRMATION_OK"
5140,10416586315,10416586435,1,"IOTHUB_CLIENT_CONFIRMATION_OK"
5141,10416586515,10416586561,1,"IOTHUB_CLIENT_CONFIRMATION_OK"
5142,10416586715,10416586770,1,"IOTHUB_CLIENT_CONFIRMATION_OK"
5143,10416586915,10416586959,1,"IOTHUB_CLIENT_CONFIRMATION_OK"
5144,10416587115,10416587178,1,"IOTHUB_CLIENT_CONFIRMATION_OK"
5145,10416587315,10416587352,1,"IOTHUB_CLIENT_CONFIRMATION_OK"
5146,10416587516,10416587559,1,"IOTHUB_CLIENT_CONFIRMATION_OK"
5147,10416587716,10416587759,1,"IOTHUB_CLIENT_CONFIRMATION_OK"
5148,10416587916,10416587993,1,"IOTHUB_CLIENT_CONFIRMATION_OK"
5149,10416588116,10416588152,1,"IOTHUB_CLIENT_CONFIRMATION_OK"
5150,10416588316,10416588358,1,"IOTHUB_CLIENT_CONFIRMATION_OK"
5151,10416588516,10416588581,1,"IOTHUB_CLIENT_CONFIRMATION_OK"
5152,10416588716,10416588763,1,"IOTHUB_CLIENT_CONFIRMATION_OK"
5153,10416588917,10416588972,1,"IOTHUB_CLIENT_CONFIRMATION_OK"
5154,10416589117,10416589170,1,"IOTHUB_CLIENT_CONFIRMATION_OK"
5155,10416589317,10416589354,1,"IOTHUB_CLIENT_CONFIRMATION_OK"
5156,10416589517,10416589564,1,"IOTHUB_CLIENT_CONFIRMATION_OK"
5157,10416589717,10416589771,1,"IOTHUB_CLIENT_CONFIRMATION_OK"
5158,10416589917,10416589952,1,"IOTHUB_CLIENT_CONFIRMATION_OK"
5159,10416590118,10416590164,1,"IOTHUB_CLIENT_CONFIRMATION_OK"
5160,10416590318,10416590431,1,"IOTHUB_CLIENT_CONFIRMATION_OK"
5161,10416590518,10416590570,1,"IOTHUB_CLIENT_CONFIRMATION_OK"
5162,10416590718,10416590902,1,"IOTHUB_CLIENT_CONFIRMATION_OK"
5163,10416590918,10416590962,1,"IOTHUB_CLIENT_CONFIRMATION_OK"
5164,10416591119,10416591157,1,"IOTHUB_CLIENT_CONFIRMATION_OK"
5165,10416591319,10416591359,1,"IOTHUB_CLIENT_CONFIRMATION_OK"
5166,10416591519,10416591555,1,"IOTHUB_CLIENT_CONFIRMATION_OK"
5167,10416591719,10416591873,1,"IOTHUB_CLIENT_CONFIRMATION_OK"
5168,10416591919,10416592038,1,"IOTHUB_CLIENT_CONFIRMATION_OK"
5169,10416592119,10416592177,1,"IOTHUB_CLIENT_CONFIRMATION_OK"
5170,10416592319,10416592357,1,"IOTHUB_CLIENT_CONFIRMATION_OK"
5171,10416592520,10416592560,1,"IOTHUB_CLIENT_CONFIRMATION_OK"
5172,10416592720,10416592765,1,"IOTHUB_CLIENT_CONFIRMATION_OK"
5173,10416592920,10416592974,1,"IOTHUB_CLIENT_CONFIRMATION_OK"
5174,10416593120,10416593219,1,"IOTHUB_CLIENT_CONFIRMATION_OK"
5175,10416593320,10416593370,1,"IOTHUB_CLIENT_CONFIRMATION_OK"
5176,10416593520,10416593607,1,"IOTHUB_CLIENT_CONFIRMATION_OK"
5177,10416593721,10416593770,1,"IOTHUB_CLIENT_CONFIRMATION_OK"
5178,10416593921,10416593999,1,"IOTHUB_CLIENT_CONFIRMATION_OK"
5179,10416594121,10416594179,1,"IOTHUB_CLIENT_CONFIRMATION_OK"
5180,10416594321,10416594357,1,"IOTHUB_CLIENT_CONFIRMATION_OK"
5181,10416594521,10416594556,1,"IOTHUB_CLIENT_CONFIRMATION_OK"
5182,10416594721,10416594801,1,"IOTHUB_CLIENT_CONFIRMATION_OK"
5183,10416594921,10416594965,1,"IOTHUB_CLIENT_CONFIRMATION_OK"
5184,10416595122,10416595167,1,"IOTHUB_CLIENT_CONFIRMATION_OK"
5185,10416595322,10416595408,1,"IOTHUB_CLIENT_CONFIRMATION_OK"
5186,10416595522,10416595559,1,"IOTHUB_CLIENT_CONFIRMATION_OK"
5187,10416595722,10416595761,1,"IOTHUB_CLIENT_CONFIRMATION_OK"
5188,10416595922,10416596006,1,"IOTHUB_CLIENT_CONFIRMATION_OK"
5189,10416596122,10416596161,1,"IOTHUB_CLIENT_CONFIRMATION_OK"
5190,10416596322,10416596359,1,"IOTHUB_CLIENT_CONFIRMATION_OK"
5191,10416596523,10416596640,1,"IOTHUB_CLIENT_CONFIRMATION_OK"
5192,10416596723,10416596764,1,"IOTHUB_CLIENT_CONFIRMATION_OK"
5193,10416596923,10416596985,1,"IOTHUB_CLIENT_CONFIRMATION_OK"
5194,10416597123,10416597182,1,"IOTHUB_CLIENT_CONFIRMATION_OK"
5195,10416597323,10416597364,1,"IOTHUB_CLIENT_CONFIRMATION_OK"
5196,10416597523,10416597559,1,"IOTHUB_CLIENT_CONFIRMATION_OK"
5197,10416597723,10416597773,1,"IOTHUB_CLIENT_CONFIRMATION_OK"
5198,10416597924,10416597982,1,"IOTHUB_CLIENT_CONFIRMATION_OK"
5199,10416598124,10416598158,1,"IOTHUB_CLIENT_CONFIRMATION_OK"
5200,10416598324,10416598367,1,"IOTHUB_CLIENT_CONFIRMATION_OK"
5201,10416598524,10416598566,1,"IOTHUB_CLIENT_CONFIRMATION_OK"
5202,10416598724,10416598770,1,"IOTHUB_CLIENT_CONFIRMATION_OK"
5203,10416598924,10416598965,1,"IOTHUB_CLIENT_CONFIRMATION_OK"
5204,10416599125,10416599297,1,"IOTHUB_CLIENT_CONFIRMATION_OK"
5205,10416599325,10416599381,1,"IOTHUB_CLIENT_CONFIRMATION_OK"
5206,10416599525,10416599572,1,"IOTHUB_CLIENT_CONFIRMATION_OK"
5207,10416599725,10416599899,1,"IOTHUB_CLIENT_CONFIRMATION_OK"
5208,10416599925,10416599959,1,"IOTHUB_CLIENT_CONFIRMATION_OK"
5209,10416600125,10416600161,1,"IOTHUB_CLIENT_CONFIRMATION_OK"
5210,10416600325,10416600357,1,"IOTHUB_CLIENT_CONFIRMATION_OK"
5211,10416600526,10416600564,1,"IOTHUB_CLIENT_CONFIRMATION_OK"
5212,10416600726,10416600769,1,"IOTHUB_CLIENT_CONFIRMATION_OK"
5213,10416600926,10416600959,1,"IOTHUB_CLIENT_CONFIRMATION_OK"
5214,10416601126,10416601171,1,"IOTHUB_CLIENT_CONFIRMATION_OK"
5215,10416601326,10416601380,1,"IOTHUB_CLIENT_CONFIRMATION_OK"
5216,10416601526,10416601566,1,"IOTHUB_CLIENT_CONFIRMATION_OK"
5217,10416601726,10416601777,1,"IOTHUB_CLIENT_CONFIRMATION_OK"
5218,10416601927,10416602019,1,"IOTHUB_CLIENT_CONFIRMATION_OK"
5219,10416602127,10416602164,1,"IOTHUB_CLIENT_CONFIRMATION_OK"
5220,10416602327,10416602363,1,"IOTHUB_CLIENT_CONFIRMATION_OK"
5221,10416602527,10416602574,1,"IOTHUB_CLIENT_CONFIRMATION_OK"
5222,10416602727,10416602817,1,"IOTHUB_CLIENT_CONFIRMATION_OK"
5223,10416602927,10416602967,1,"IOTHUB_CLIENT_CONFIRMATION_OK"
5224,10416603128,10416603166,1,"IOTHUB_CLIENT_CONFIRMATION_OK"
5225,10416603328,10416603386,1,"IOTHUB_CLIENT_CONFIRMATION_OK"
5226,10416603528,10416603574,1,"IOTHUB_CLIENT_CONFIRMATION_OK"
5227,10416603728,10416603829,1,"IOTHUB_CLIENT_CONFIRMATION_OK"
5228,10416603928,10416603973,1,"IOTHUB_CLIENT_CONFIRMATION_OK"
5229,10416604128,10416604162,1,"IOTHUB_CLIENT_CONFIRMATION_OK"
5230,10416604328,10416604399,1,"IOTHUB_CLIENT_CONFIRMATION_OK"
5231,10416604529,10416604575,1,"IOTHUB_CLIENT_CONFIRMATION_OK"
5232,10416604729,10416604762,1,"IOTHUB_CLIENT_CONFIRMATION_OK"
5233,10416604929,10416605018,1,"IOTHUB_CLIENT_CONFIRMATION_OK"
5234,10416605129,10416605203,1,"IOTHUB_CLIENT_CONFIRMATION_OK"
5235,10416605329,10416605428,1,"IOTHUB_CLIENT_CONFIRMATION_OK"
5236,10416605529,10416605638,1,"IOTHUB_CLIENT_CONFIRMATION_OK"
5237,10416605730,10416605775,1,"IOTHUB_CLIENT_CONFIRMATION_OK"
5238,10416605930,10416606050,1,"IOTHUB_CLIENT_CONFIRMATION_OK"
5239,10416606130,10416606169,1,"IOTHUB_CLIENT_CONFIRMATION_OK"
5240,10416606330,10416606364,1,"IOTHUB_CLIENT_CONFIRMATION_OK"
5241,10416606530,10416606589,1,"IOTHUB_CLIENT_CONFIRMATION_OK"
5242,10416606730,10416606771,1,"IOTHUB_CLIENT_CONFIRMATION_OK"
5243,10416606930,10416606985,1,"IOTHUB_CLIENT_CONFIRMATION_OK"
5244,10416607131,10416607165,1,"IOTHUB_CLIENT_CONFIRMATION_OK"
5245,10416607331,10416607373,1,"IOTHUB_CLIENT_CONFIRMATION_OK"
5246,10416607531,10416607701,1,"IOTHUB_CLIENT_CONFIRMATION_OK"
5247,10416607731,10416607825,1,"IOTHUB_CLIENT_CONFIRMATION_OK"
5248,10416607931,10416607967,1,"IOTHUB_CLIENT_CONFIRMATION_OK"
5249,10416608131,10416608421,1,"IOTHUB_CLIENT_CONFIRMATION_OK"
5250,10416608332,10416608447,1,"IOTHUB_CLIENT_CONFIRMATION_OK"
5251,10416608532,10416608595,1,"IOTHUB_CLIENT_CONFIRMATION_OK"
5252,10416608732,10416608795,1,"IOTHUB_CLIENT_CONFIRMATION_OK"
5253,10416608932,10416608985,1,"IOTHUB_CLIENT_CONFIRMATION_OK"
5254,10416609132,10416609174,1,"IOTHUB_CLIENT_CONFIRMATION_OK"
5255,10416609332,10416609399,1,"IOTHUB_CLIENT_CONFIRMATION_OK"
5256,10416609532,10416609697,1,"IOTHUB_CLIENT_CONFIRMATION_OK"
5257,10416609733,10416609780,1,"IOTHUB_CLIENT_CONFIRMATION_OK"
5258,10416609933,10416610003,1,"IOTHUB_CLIENT_CONFIRMATION_OK"
5259,10416610133,10416610175,1,"IOTHUB_CLIENT_CONFIRMATION_OK"
5260,10416610333,10416610402,1,"IOTHUB_CLIENT_CONFIRMATION_OK"
5261,10416610533,10416610567,1,"IOTHUB_CLIENT_CONFIRMATION_OK"
5262,10416610733,10416610805,1,"IOTHUB_CLIENT_CONFIRMATION_OK"
5263,10416610933,10416610983,1,"IOTHUB_CLIENT_CONFIRMATION_OK"
5264,10416611134,10416611170,1,"IOTHUB_CLIENT_CONFIRMATION_OK"
5265,10416611334,10416611372,1,"IOTHUB_CLIENT_CONFIRMATION_OK"
5266,10416611534,10416611620,1,"IOTHUB_CLIENT_CONFIRMATION_OK"
5267,10416611734,10416611785,1,"IOTHUB_CLIENT_CONFIRMATION_OK"
5268,10416611934,10416611991,1,"IOTHUB_CLIENT_CONFIRMATION_OK"
5269,10416612134,10416612179,1,"IOTHUB_CLIENT_CONFIRMATION_OK"
5270,10416612334,10416612370,1,"IOTHUB_CLIENT_CONFIRMATION_OK"
5271,10416612535,10416612570,1,"IOTHUB_CLIENT_CONFIRMATION_OK"
5272,10416612735,10416612832,1,"IOTHUB_CLIENT_CONFIRMATION_OK"
5273,10416612935,10416612991,1,"IOTHUB_CLIENT_CONFIRMATION_OK"
5274,10416613135,10416613168,1,"IOTHUB_CLIENT_CONFIRMATION_OK"
5275,10416613335,10416613466,1,"IOTHUB_CLIENT_CONFIRMATION_OK"
5276,10416613535,10416613582,1,"IOTHUB_CLIENT_CONFIRMATION_OK"
5277,10416613736,10416613774,1,"IOTHUB_CLIENT_CONFIRMATION_OK"
5278,10416613936,10416614084,1,"IOTHUB_CLIENT_CONFIRMATION_OK"
5279,10416614136,10416614216,1,"IOTHUB_CLIENT_CONFIRMATION_OK"
5280,10416614336,10416614437,1,"IOTHUB_CLIENT_CONFIRMATION_OK"
5281,10416614536,10416614578,1,"IOTHUB_CLIENT_CONFIRMATION_OK"
5282,10416614736,10416614778,1,"IOTHUB_CLIENT_CONFIRMATION_OK"
5283,10416614936,10416614975,1,"IOTHUB_CLIENT_CONFIRMATION_OK"
5284,10416615137,10416615204,1,"IOTHUB_CLIENT_CONFIRMATION_OK"
5285,10416615337,10416615403,1,"IOTHUB_CLIENT_CONFIRMATION_OK"
5286,10416615537,10416615573,1,"IOTHUB_CLIENT_CONFIRMATION_OK"
5287,10416615737,10416615768,1,"IOTHUB_CLIENT_CONFIRMATION_OK"
5288,10416615937,10416615971,1,"IOTHUB_CLIENT_CONFIRMATION_OK"
5289,10416616137,10416616184,1,"IOTHUB_CLIENT_CONFIRMATION_OK"
5290,10416616338,10416616372,1,"IOTHUB_CLIENT_CONFIRMATION_OK"
5291,10416616538,10416616589,1,"IOTHUB_CLIENT_CONFIRMATION_OK"
5292,10416616738,10416616794,1,"IOTHUB_CLIENT_CONFIRMATION_OK"
5293,10416616938,10416616990,1,"IOTHUB_CLIENT_CONFIRMATION_OK"
5294,10416617138,10416617173,1,"IOTHUB_CLIENT_CONFIRMATION_OK"
5295,10416617338,10416617379,1,"IOTHUB_CLIENT_CONFIRMATION_OK"
5296,10416617539,10416617609,1,"IOTHUB_CLIENT_CONFIRMATION_OK"
5297,10416617739,10416617848,1,"IOTHUB_CLIENT_CONFIRMATION_OK"
5298,10416617939,10416617998,1,"IOTHUB_CLIENT_CONFIRMATION_OK"
5299,10416618139,10416618206,1,"IOTHUB_CLIENT_CONFIRMATION_OK"
5300,10416618339,10416618387,1,"IOTHUB_CLIENT_CONFIRMATION_OK"
5301,10416618539,10416618624,1,"IOTHUB_CLIENT_CONFIRMATION_OK"
5302,10416618739,10416618786,1,"IOTHUB_CLIENT_CONFIRMATION_OK"
5303,10416618940,10416618976,1,"IOTHUB_CLIENT_CONFIRMATION_OK"
5304,10416619140,10416619263,1,"IOTHUB_CLIENT_CONFIRMATION_OK"
5305,10416619340,10416619422,1,"IOTHUB_CLIENT_CONFIRMATION_OK"
5306,10416619540,10416619592,1,"IOTHUB_CLIENT_CONFIRMATION_OK"
5307,10416619740,10416619837,1,"IOTHUB_CLIENT_CONFIRMATION_OK"
5308,10416619940,10416619981,1,"IOTHUB_CLIENT_CONFIRMATION_OK"
5309,10416620140,10416620182,1,"IOTHUB_CLIENT_CONFIRMATION_OK"
5310,10416620341,10416620386,1,"IOTHUB_CLIENT_CONFIRMATION_OK"
5311,10416620541,10416620585,1,"IOTHUB_CLIENT_CONFIRMATION_OK"
5312,10416620741,10416620785,1,"IOTHUB_CLIENT_CONFIRMATION_OK"
5313,10416620941,10416621094,1,"IOTHUB_CLIENT_CONFIRMATION_OK"
5314,10416621141,10416621179,1,"IOTHUB_CLIENT_CONFIRMATION_OK"
5315,10416621341,10416621387,1,"IOTHUB_CLIENT_CONFIRMATION_OK"
5316,10416621542,10416621612,1,"IOTHUB_CLIENT_CONFIRMATION_OK"
5317,10416621742,10416621778,1,"IOTHUB_CLIENT_CONFIRMATION_OK"
5318,10416621942,10416621995,1,"IOTHUB_CLIENT_CONFIRMATION_OK"
5319,10416622142,10416622181,1,"IOTHUB_CLIENT_CONFIRMATION_OK"
5320,10416622342,10416622556,1,"IOTHUB_CLIENT_CONFIRMATION_OK"
5321,10416622542,10416622581,1,"IOTHUB_CLIENT_CONFIRMATION_OK"
5322,10416622742,10416622802,1,"IOTHUB_CLIENT_CONFIRMATION_OK"
5323,10416622943,10416622986,1,"IOTHUB_CLIENT_CONFIRMATION_OK"
5324,10416623143,10416623179,1,"IOTHUB_CLIENT_CONFIRMATION_OK"
5325,10416623343,10416623386,1,"IOTHUB_CLIENT_CONFIRMATION_OK"
5326,10416623543,10416623581,1,"IOTHUB_CLIENT_CONFIRMATION_OK"
5327,10416623743,10416623787,1,"IOTHUB_CLIENT_CONFIRMATION_OK"
5328,10416623943,10416623999,1,"IOTHUB_CLIENT_CONFIRMATION_OK"
5329,10416624144,10416624197,1,"IOTHUB_CLIENT_CONFIRMATION_OK"
5330,10416624344,10416624390,1,"IOTHUB_CLIENT_CONFIRMATION_OK"
5331,10416624544,10416624585,1,"IOTHUB_CLIENT_CONFIRMATION_OK"
5332,10416624744,10416624784,1,"IOTHUB_CLIENT_CONFIRMATION_OK"
5333,10416624944,10416624988,1,"IOTHUB_CLIENT_CONFIRMATION_OK"
5334,10416625144,10416625179,1,"IOTHUB_CLIENT_CONFIRMATION_OK"
5335,10416625344,10416625407,1,"IOTHUB_CLIENT_CONFIRMATION_OK"
5336,10416625545,10416625612,1,"IOTHUB_CLIENT_CONFIRMATION_OK"
5337,10416625745,10416625790,1,"IOTHUB_CLIENT_CONFIRMATION_OK"
5338,10416625945,10416625982,1,"IOTHUB_CLIENT_CONFIRMATION_OK"
5339,10416626145,10416626185,1,"IOTHUB_CLIENT_CONFIRMATION_OK"
5340,10416626345,10416626381,1,"IOTHUB_CLIENT_CONFIRMATION_OK"
5341,10416626545,10416626584,1,"IOTHUB_CLIENT_CONFIRMATION_OK"
5342,10416626745,10416626789,1,"IOTHUB_CLIENT_CONFIRMATION_OK"
5343,10416626946,10416627051,1,"IOTHUB_CLIENT_CONFIRMATION_OK"
5344,10416627146,10416627215,1,"IOTHUB_CLIENT_CONFIRMATION_OK"
5345,10416627346,10416627391,1,"IOTHUB_CLIENT_CONFIRMATION_OK"
5346,10416627546,10416627658,1,"IOTHUB_CLIENT_CONFIRMATION_OK"
5347,10416627746,10416627796,1,"IOTHUB_CLIENT_CONFIRMATION_OK"
5348,10416627946,10416627985,1,"IOTHUB_CLIENT_CONFIRMATION_OK"
5349,10416628146,10416628287,1,"IOTHUB_CLIENT_CONFIRMATION_OK"
5350,10416628347,10416628393,1,"IOTHUB_CLIENT_CONFIRMATION_OK"
5351,10416628547,10416628590,1,"IOTHUB_CLIENT_CONFIRMATION_OK"
5352,10416628747,10416628793,1,"IOTHUB_CLIENT_CONFIRMATION_OK"
5353,10416628947,10416628994,1,"IOTHUB_CLIENT_CONFIRMATION_OK"
5354,10416629147,10416629191,1,"IOTHUB_CLIENT_CONFIRMATION_OK"
5355,10416629347,10416629386,1,"IOTHUB_CLIENT_CONFIRMATION_OK"
5356,10416629547,10416629590,1,"IOTHUB_CLIENT_CONFIRMATION_OK"
5357,10416629748,10416629784,1,"IOTHUB_CLIENT_CONFIRMATION_OK"
5358,10416629948,10416630003,1,"IOTHUB_CLIENT_CONFIRMATION_OK"
5359,10416630148,10416630193,1,"IOTHUB_CLIENT_CONFIRMATION_OK"
5360,10416630348,10416630400,1,"IOTHUB_CLIENT_CONFIRMATION_OK"
5361,10416630548,10416630612,1,"IOTHUB_CLIENT_CONFIRMATION_OK"
5362,10416630748,10416630945,1,"IOTHUB_CLIENT_CONFIRMATION_OK"
5363,10416630948,10416630996,1,"IOTHUB_CLIENT_CONFIRMATION_OK"
5364,10416631149,10416631208,1,"IOTHUB_CLIENT_CONFIRMATION_OK"
5365,10416631349,10416631387,1,"IOTHUB_CLIENT_CONFIRMATION_OK"
5366,10416631549,10416631595,1,"IOTHUB_CLIENT_CONFIRMATION_OK"
5367,10416631749,10416631786,1,"IOTHUB_CLIENT_CONFIRMATION_OK"
5368,10416631949,10416632003,1,"IOTHUB_CLIENT_CONFIRMATION_OK"
5369,10416632149,10416632186,1,"IOTHUB_CLIENT_CONFIRMATION_OK"
5370,10416632350,10416632387,1,"IOTHUB_CLIENT_CONFIRMATION_OK"
5371,10416632550,10416632634,1,"IOTHUB_CLIENT_CONFIRMATION_OK"
5372,10416632750,10416632799,1,"IOTHUB_CLIENT_CONFIRMATION_OK"
5373,10416632950,10416633001,1,"IOTHUB_CLIENT_CONFIRMATION_OK"
5374,10416633150,10416633205,1,"IOTHUB_CLIENT_CONFIRMATION_OK"
5375,10416633350,10416633390,1,"IOTHUB_CLIENT_CONFIRMATION_OK"
5376,10416633551,10416633591,1,"IOTHUB_CLIENT_CONFIRMATION_OK"
5377,10416633751,10416633789,1,"IOTHUB_CLIENT_CONFIRMATION_OK"
5378,10416633951,10416634171,1,"IOTHUB_CLIENT_CONFIRMATION_OK"
5379,10416634151,10416634196,1,"IOTHUB_CLIENT_CONFIRMATION_OK"
5380,10416634351,10416634398,1,"IOTHUB_CLIENT_CONFIRMATION_OK"
5381,10416634551,10416634620,1,"IOTHUB_CLIENT_CONFIRMATION_OK"
5382,10416634751,10416634789,1,"IOTHUB_CLIENT_CONFIRMATION_OK"
5383,10416634952,10416634995,1,"IOTHUB_CLIENT_CONFIRMATION_OK"
5384,10416635152,10416635200,1,"IOTHUB_CLIENT_CONFIRMATION_OK"
5385,10416635352,10416635403,1,"IOTHUB_CLIENT_CONFIRMATION_OK"
5386,10416635552,10416635588,1,"IOTHUB_CLIENT_CONFIRMATION_OK"
5387,10416635752,10416635786,1,"IOTHUB_CLIENT_CONFIRMATION_OK"
5388,10416635952,10416636002,1,"IOTHUB_CLIENT_CONFIRMATION_OK"
5389,10416636153,10416636227,1,"IOTHUB_CLIENT_CONFIRMATION_OK"
5390,10416636353,10416636394,1,"IOTHUB_CLIENT_CONFIRMATION_OK"
5391,10416636553,10416636675,1,"IOTHUB_CLIENT_CONFIRMATION_OK"
5392,10416636753,10416636804,1,"IOTHUB_CLIENT_CONFIRMATION_OK"
5393,10416636953,10416637009,1,"IOTHUB_CLIENT_CONFIRMATION_OK"
5394,10416637153,10416637203,1,"IOTHUB_CLIENT_CONFIRMATION_OK"
5395,10416637353,10416637394,1,"IOTHUB_CLIENT_CONFIRMATION_OK"
5396,10416637554,10416637607,1,"IOTHUB_CLIENT_CONFIRMATION_OK"
5397,10416637754,10416637817,1,"IOTHUB_CLIENT_CONFIRMATION_OK"
5398,10416637954,10416638003,1,"IOTHUB_CLIENT_CONFIRMATION_OK"
5399,10416638154,10416638202,1,"IOTHUB_CLIENT_CONFIRMATION_OK"
5400,10416638354,10416638406,1,"IOTHUB_CLIENT_CONFIRMATION_OK"
5401,10416638554,10416638595,1,"IOTHUB_CLIENT_CONFIRMATION_OK"
5402,10416638755,10416638795,1,"IOTHUB_CLIENT_CONFIRMATION_OK"
5403,10416638955,10416638989,1,"IOTHUB_CLIENT_CONFIRMATION_OK"
5404,10416639155,10416639195,1,"IOTHUB_CLIENT_CONFIRMATION_OK"
5405,10416639355,10416639399,1,"IOTHUB_CLIENT_CONFIRMATION_OK"
5406,10416639555,10416639624,1,"IOTHUB_CLIENT_CONFIRMATION_OK"
5407,10416639755,10416640005,1,"IOTHUB_CLIENT_CONFIRMATION_OK"
5408,10416639955,10416640026,1,"IOTHUB_CLIENT_CONFIRMATION_OK"
5409,10416640156,10416640231,1,"IOTHUB_CLIENT_CONFIRMATION_OK"
5410,10416640356,10416640402,1,"IOTHUB_CLIENT_CONFIRMATION_OK"
5411,10416640556,10416640610,1,"IOTHUB_CLIENT_CONFIRMATION_OK"
5412,10416640756,10416640796,1,"IOTHUB_CLIENT_CONFIRMATION_OK"
5413,10416640956,10416641000,1,"IOTHUB_CLIENT_CONFIRMATION_OK"
5414,10416641156,10416641309,1,"IOTHUB_CLIENT_CONFIRMATION_OK"
5415,10416641356,10416641395,1,"IOTHUB_CLIENT_CONFIRMATION_OK"
5416,10416641557,10416641603,1,"IOTHUB_CLIENT_CONFIRMATION_OK"
5417,10416641757,10416642256,1,"IOTHUB_CLIENT_CONFIRMATION_OK"
5418,10416641957,10416642345,1,"IOTHUB_CLIENT_CONFIRMATION_OK"
5419,10416642157,10416642399,1,"IOTHUB_CLIENT_CONFIRMATION_OK"
5420,10416642357,10416642458,1,"IOTHUB_CLIENT_CONFIRMATION_OK"
5421,10416642557,10416642595,1,"IOTHUB_CLIENT_CONFIRMATION_OK"
5422,10416642758,10416642803,1,"IOTHUB_CLIENT_CONFIRMATION_OK"
5423,10416642958,10416643042,1,"IOTHUB_CLIENT_CONFIRMATION_OK"
5424,10416643158,10416643293,1,"IOTHUB_CLIENT_CONFIRMATION_OK"
5425,10416643358,10416643446,1,"IOTHUB_CLIENT_CONFIRMATION_OK"
5426,10416643558,10416643599,1,"IOTHUB_CLIENT_CONFIRMATION_OK"
5427,10416643758,10416643816,1,"IOTHUB_CLIENT_CONFIRMATION_OK"
5428,10416643958,10416644014,1,"IOTHUB_CLIENT_CONFIRMATION_OK"
5429,10416644159,10416644193,1,"IOTHUB_CLIENT_CONFIRMATION_OK"
5430,10416644359,10416644424,1,"IOTHUB_CLIENT_CONFIRMATION_OK"
5431,10416644559,10416644595,1,"IOTHUB_CLIENT_CONFIRMATION_OK"
5432,10416644759,10416644805,1,"IOTHUB_CLIENT_CONFIRMATION_OK"
5433,10416644959,10416645109,1,"IOTHUB_CLIENT_CONFIRMATION_OK"
5434,10416645159,10416645199,1,"IOTHUB_CLIENT_CONFIRMATION_OK"
5435,10416645360,10416645400,1,"IOTHUB_CLIENT_CONFIRMATION_OK"
5436,10416645560,10416645706,1,"IOTHUB_CLIENT_CONFIRMATION_OK"
5437,10416645760,10416645810,1,"IOTHUB_CLIENT_CONFIRMATION_OK"
5438,10416645960,10416646015,1,"IOTHUB_CLIENT_CONFIRMATION_OK"
5439,10416646160,10416646207,1,"IOTHUB_CLIENT_CONFIRMATION_OK"
5440,10416646360,10416646395,1,"IOTHUB_CLIENT_CONFIRMATION_OK"
5441,10416646560,10416646664,1,"IOTHUB_CLIENT_CONFIRMATION_OK"
5442,10416646761,10416646801,1,"IOTHUB_CLIENT_CONFIRMATION_OK"
5443,10416646961,10416647000,1,"IOTHUB_CLIENT_CONFIRMATION_OK"
5444,10416647161,10416647202,1,"IOTHUB_CLIENT_CONFIRMATION_OK"
5445,10416647361,10416647395,1,"IOTHUB_CLIENT_CONFIRMATION_OK"
5446,10416647561,10416647646,1,"IOTHUB_CLIENT_CONFIRMATION_OK"
5447,10416647761,10416647814,1,"IOTHUB_CLIENT_CONFIRMATION_OK"
5448,10416647961,10416648009,1,"IOTHUB_CLIENT_CONFIRMATION_OK"
5449,10416648162,10416648250,1,"IOTHUB_CLIENT_CONFIRMATION_OK"
5450,10416648362,10416648400,1,"IOTHUB_CLIENT_CONFIRMATION_OK"
5451,10416648562,10416648607,1,"IOTHUB_CLIENT_CONFIRMATION_OK"
5452,10416648762,10416648799,1,"IOTHUB_CLIENT_CONFIRMATION_OK"
5453,10416648962,10416649006,1,"IOTHUB_CLIENT_CONFIRMATION_OK"
5454,10416649162,10416649203,1,"IOTHUB_CLIENT_CONFIRMATION_OK"
5455,10416649363,10416649405,1,"IOTHUB_CLIENT_CONFIRMATION_OK"
5456,10416649563,10416649606,1,"IOTHUB_CLIENT_CONFIRMATION_OK"
5457,10416649763,10416649796,1,"IOTHUB_CLIENT_CONFIRMATION_OK"
5458,10416649963,10416650004,1,"IOTHUB_CLIENT_CONFIRMATION_OK"
5459,10416650163,10416650202,1,"IOTHUB_CLIENT_CONFIRMATION_OK"
5460,10416650363,10416650410,1,"IOTHUB_CLIENT_CONFIRMATION_OK"
5461,10416650563,10416650605,1,"IOTHUB_CLIENT_CONFIRMATION_OK"
5462,10416650764,10416650999,1,"IOTHUB_CLIENT_CONFIRMATION_OK"
5463,10416650964,10416651057,1,"IOTHUB_CLIENT_CONFIRMATION_OK"
5464,10416651164,10416651202,1,"IOTHUB_CLIENT_CONFIRMATION_OK"
5465,10416651364,10416651397,1,"IOTHUB_CLIENT_CONFIRMATION_OK"
5466,10416651564,10416651630,1,"IOTHUB_CLIENT_CONFIRMATION_OK"
5467,10416651764,10416651803,1,"IOTHUB_CLIENT_CONFIRMATION_OK"
5468,10416651964,10416652010,1,"IOTHUB_CLIENT_CONFIRMATION_OK"
5469,10416652165,10416652209,1,"IOTHUB_CLIENT_CONFIRMATION_OK"
5470,10416652365,10416652405,1,"IOTHUB_CLIENT_CONFIRMATION_OK"
5471,10416652565,10416652658,1,"IOTHUB_CLIENT_CONFIRMATION_OK"
5472,10416652765,10416652813,1,"IOTHUB_CLIENT_CONFIRMATION_OK"
5473,10416652965,10416653083,1,"IOTHUB_CLIENT_CONFIRMATION_OK"
5474,10416653165,10416653211,1,"IOTHUB_CLIENT_CONFIRMATION_OK"
5475,10416653366,10416653491,1,"IOTHUB_CLIENT_CONFIRMATION_OK"
5476,10416653566,10416653611,1,"IOTHUB_CLIENT_CONFIRMATION_OK"
5477,10416653766,10416653823,1,"IOTHUB_CLIENT_CONFIRMATION_OK"
5478,10416653966,10416654084,1,"IOTHUB_CLIENT_CONFIRMATION_OK"
5479,10416654166,10416654204,1,"IOTHUB_CLIENT_CONFIRMATION_OK"
5480,10416654366,10416654407,1,"IOTHUB_CLIENT_CONFIRMATION_OK"
5481,10416654566,10416654607,1,"IOTHUB_CLIENT_CONFIRMATION_OK"
5482,10416654767,10416654812,1,"IOTHUB_CLIENT_CONFIRMATION_OK"
5483,10416654967,10416655008,1,"IOTHUB_CLIENT_CONFIRMATION_OK"
5484,10416655167,10416655212,1,"IOTHUB_CLIENT_CONFIRMATION_OK"
5485,10416655367,10416655437,1,"IOTHUB_CLIENT_CONFIRMATION_OK"
5486,10416655567,10416655602,1,"IOTHUB_CLIENT_CONFIRMATION_OK"
5487,10416655767,10416655820,1,"IOTHUB_CLIENT_CONFIRMATION_OK"
5488,10416655967,10416656024,1,"IOTHUB_CLIENT_CONFIRMATION_OK"
5489,10416656168,10416656215,1,"IOTHUB_CLIENT_CONFIRMATION_OK"
5490,10416656368,10416656468,1,"IOTHUB_CLIENT_CONFIRMATION_OK"
5491,10416656568,10416656756,1,"IOTHUB_CLIENT_CONFIRMATION_OK"
5492,10416656768,10416656803,1,"IOTHUB_CLIENT_CONFIRMATION_OK"
5493,10416656968,10416657008,1,"IOTHUB_CLIENT_CONFIRMATION_OK"
5494,10416657168,10416657205,1,"IOTHUB_CLIENT_CONFIRMATION_OK"
5495,10416657368,10416657405,1,"IOTHUB_CLIENT_CONFIRMATION_OK"
5496,10416657569,10416657616,1,"IOTHUB_CLIENT_CONFIRMATION_OK"
5497,10416657769,10416657802,1,"IOTHUB_CLIENT_CONFIRMATION_OK"
5498,10416657969,10416658041,1,"IOTHUB_CLIENT_CONFIRMATION_OK"
5499,10416658169,10416658209,1,"IOTHUB_CLIENT_CONFIRMATION_OK"
5500,10416658369,10416658436,1,"IOTHUB_CLIENT_CONFIRMATION_OK"
5501,10416658569,10416658610,1,"IOTHUB_CLIENT_CONFIRMATION_OK"
5502,10416658770,10416658811,1,"IOTHUB_CLIENT_CONFIRMATION_OK"
5503,10416658970,10416659012,1,"IOTHUB_CLIENT_CONFIRMATION_OK"
5504,10416659170,10416659311,1,"IOTHUB_CLIENT_CONFIRMATION_OK"
5505,10416659370,10416659409,1,"IOTHUB_CLIENT_CONFIRMATION_OK"
5506,10416659570,10416659618,1,"IOTHUB_CLIENT_CONFIRMATION_OK"
5507,10416659770,10416659804,1,"IOTHUB_CLIENT_CONFIRMATION_OK"
5508,10416659970,10416660007,1,"IOTHUB_CLIENT_CONFIRMATION_OK"
5509,10416660171,10416660226,1,"IOTHUB_CLIENT_CONFIRMATION_OK"
5510,10416660371,10416660414,1,"IOTHUB_CLIENT_CONFIRMATION_OK"
5511,10416660571,10416660611,1,"IOTHUB_CLIENT_CONFIRMATION_OK"
5512,10416660771,10416660812,1,"IOTHUB_CLIENT_CONFIRMATION_OK"
5513,10416660971,10416661014,1,"IOTHUB_CLIENT_CONFIRMATION_OK"
5514,10416661171,10416661221,1,"IOTHUB_CLIENT_CONFIRMATION_OK"
5515,10416661372,10416661434,1,"IOTHUB_CLIENT_CONFIRMATION_OK"
5516,10416661572,10416661612,1,"IOTHUB_CLIENT_CONFIRMATION_OK"
5517,10416661772,10416661830,1,"IOTHUB_CLIENT_CONFIRMATION_OK"
5518,10416661972,10416662052,1,"IOTHUB_CLIENT_CONFIRMATION_OK"
5519,10416662172,10416662213,1,"IOTHUB_CLIENT_CONFIRMATION_OK"
5520,10416662372,10416662459,1,"IOTHUB_CLIENT_CONFIRMATION_OK"
5521,10416662572,10416662623,1,"IOTHUB_CLIENT_CONFIRMATION_OK"
5522,10416662773,10416662817,1,"IOTHUB_CLIENT_CONFIRMATION_OK"
5523,10416662973,10416663019,1,"IOTHUB_CLIENT_CONFIRMATION_OK"
5524,10416663173,10416663209,1,"IOTHUB_CLIENT_CONFIRMATION_OK"
5525,10416663373,10416663403,1,"IOTHUB_CLIENT_CONFIRMATION_OK"
5526,10416663573,10416663615,1,"IOTHUB_CLIENT_CONFIRMATION_OK"
5527,10416663773,10416663818,1,"IOTHUB_CLIENT_CONFIRMATION_OK"
5528,10416663973,10416664031,1,"IOTHUB_CLIENT_CONFIRMATION_OK"
5529,10416664174,10416664212,1,"IOTHUB_CLIENT_CONFIRMATION_OK"
5530,10416664374,10416664489,1,"IOTHUB_CLIENT_CONFIRMATION_OK"
5531,10416664574,10416664635,1,"IOTHUB_CLIENT_CONFIRMATION_OK"
5532,10416664774,10416664836,1,"IOTHUB_CLIENT_CONFIRMATION_OK"
5533,10416664974,10416665092,1,"IOTHUB_CLIENT_CONFIRMATION_OK"
5534,10416665174,10416665212,1,"IOTHUB_CLIENT_CONFIRMATION_OK"
5535,10416665374,10416665424,1,"IOTHUB_CLIENT_CONFIRMATION_OK"
5536,10416665575,10416665686,1,"IOTHUB_CLIENT_CONFIRMATION_OK"
5537,10416665775,10416665813,1,"IOTHUB_CLIENT_CONFIRMATION_OK"
5538,10416665975,10416666020,1,"IOTHUB_CLIENT_CONFIRMATION_OK"
5539,10416666175,10416666219,1,"IOTHUB_CLIENT_CONFIRMATION_OK"
5540,10416666375,10416666441,1,"IOTHUB_CLIENT_CONFIRMATION_OK"
5541,10416666575,10416666617,1,"IOTHUB_CLIENT_CONFIRMATION_OK"
5542,10416666775,10416666829,1,"IOTHUB_CLIENT_CONFIRMATION_OK"
5543,10416666976,10416667013,1,"IOTHUB_CLIENT_CONFIRMATION_OK"
5544,10416667176,10416667227,1,"IOTHUB_CLIENT_CONFIRMATION_OK"
5545,10416667376,10416667415,1,"IOTHUB_CLIENT_CONFIRMATION_OK"
5546,10416667576,10416667616,1,"IOTHUB_CLIENT_CONFIRMATION_OK"
5547,10416667776,10416667914,1,"IOTHUB_CLIENT_CONFIRMATION_OK"
5548,10416667976,10416668014,1,"IOTHUB_CLIENT_CONFIRMATION_OK"
5549,10416668176,10416668406,1,"IOTHUB_CLIENT_CONFIRMATION_OK"
5550,10416668377,10416668437,1,"IOTHUB_CLIENT_CONFIRMATION_OK"
5551,10416668577,10416668623,1,"IOTHUB_CLIENT_CONFIRMATION_OK"
5552,10416668777,10416668851,1,"IOTHUB_CLIENT_CONFIRMATION_OK"
5553,10416668977,10416669027,1,"IOTHUB_CLIENT_CONFIRMATION_OK"
5554,10416669177,10416669226,1,"IOTHUB_CLIENT_CONFIRMATION_OK"
5555,10416669377,10416669429,1,"IOTHUB_CLIENT_CONFIRMATION_OK"
5556,10416669578,10416669655,1,"IOTHUB_CLIENT_CONFIRMATION_OK"
5557,10416669778,10416669813,1,"IOTHUB_CLIENT_CONFIRMATION_OK"
5558,10416669978,10416670041,1,"IOTHUB_CLIENT_CONFIRMATION_OK"
5559,10416670178,10416670254,1,"IOTHUB_CLIENT_CONFIRMATION_OK"
5560,10416670378,10416670418,1,"IOTHUB_CLIENT_CONFIRMATION_OK"
5561,10416670578,10416670636,1,"IOTHUB_CLIENT_CONFIRMATION_OK"
5562,10416670779,10416670887,1,"IOTHUB_CLIENT_CONFIRMATION_OK"
5563,10416670979,10416671023,1,"IOTHUB_CLIENT_CONFIRMATION_OK"
5564,10416671179,10416671281,1,"IOTHUB_CLIENT_CONFIRMATION_OK"
5565,10416671379,10416671434,1,"IOTHUB_CLIENT_CONFIRMATION_OK"
5566,10416671579,10416671623,1,"IOTHUB_CLIENT_CONFIRMATION_OK"
5567,10416671779,10416671839,1,"IOTHUB_CLIENT_CONFIRMATION_OK"
5568,10416671980,10416672015,1,"IOTHUB_CLIENT_CONFIRMATION_OK"
5569,10416672180,10416672218,1,"IOTHUB_CLIENT_CONFIRMATION_OK"
5570,10416672380,10416672413,1,"IOTHUB_CLIENT_CONFIRMATION_OK"
5571,10416672580,10416672626,1,"IOTHUB_CLIENT_CONFIRMATION_OK"
5572,10416672780,10416672826,1,"IOTHUB_CLIENT_CONFIRMATION_OK"
5573,10416672980,10416673027,1,"IOTHUB_CLIENT_CONFIRMATION_OK"
5574,10416673180,10416673218,1,"IOTHUB_CLIENT_CONFIRMATION_OK"
5575,10416673381,10416673532,1,"IOTHUB_CLIENT_CONFIRMATION_OK"
5576,10416673581,10416673672,1,"IOTHUB_CLIENT_CONFIRMATION_OK"
5577,10416673781,10416673820,1,"IOTHUB_CLIENT_CONFIRMATION_OK"
5578,10416673981,10416674149,1,"IOTHUB_CLIENT_CONFIRMATION_OK"
5579,10416674181,10416674218,1,"IOTHUB_CLIENT_CONFIRMATION_OK"
5580,10416674381,10416674419,1,"IOTHUB_CLIENT_CONFIRMATION_OK"
5581,10416674582,10416674729,1,"IOTHUB_CLIENT_CONFIRMATION_OK"
5582,10416674782,10416674966,1,"IOTHUB_CLIENT_CONFIRMATION_OK"
5583,10416674982,10416675020,1,"IOTHUB_CLIENT_CONFIRMATION_OK"
5584,10416675182,10416675444,1,"IOTHUB_CLIENT_CONFIRMATION_OK"
5585,10416675382,10416675536,1,"IOTHUB_CLIENT_CONFIRMATION_OK"
5586,10416675582,10416675625,1,"IOTHUB_CLIENT_CONFIRMATION_OK"
5587,10416675782,10416675818,1,"IOTHUB_CLIENT_CONFIRMATION_OK"
5588,10416675983,10416676018,1,"IOTHUB_CLIENT_CONFIRMATION_OK"
5589,10416676183,10416676218,1,"IOTHUB_CLIENT_CONFIRMATION_OK"
5590,10416676383,10416676420,1,"IOTHUB_CLIENT_CONFIRMATION_OK"
5591,10416676583,10416676767,1,"IOTHUB_CLIENT_CONFIRMATION_OK"
5592,10416676783,10416676838,1,"IOTHUB_CLIENT_CONFIRMATION_OK"
5593,10416676983,10416677023,1,"IOTHUB_CLIENT_CONFIRMATION_OK"
5594,10416677184,10416677258,1,"IOTHUB_CLIENT_CONFIRMATION_OK"
5595,10416677384,10416677426,1,"IOTHUB_CLIENT_CONFIRMATION_OK"
5596,10416677584,10416677637,1,"IOTHUB_CLIENT_CONFIRMATION_OK"
5597,10416677784,10416677851,1,"IOTHUB_CLIENT_CONFIRMATION_OK"
5598,10416677984,10416678015,1,"IOTHUB_CLIENT_CONFIRMATION_OK"
5599,10416678184,10416678297,1,"IOTHUB_CLIENT_CONFIRMATION_OK"
5600,10416678384,10416678421,1,"IOTHUB_CLIENT_CONFIRMATION_OK"
5601,10416678585,10416678633,1,"IOTHUB_CLIENT_CONFIRMATION_OK"
5602,10416678785,10416678829,1,"IOTHUB_CLIENT_CONFIRMATION_OK"
5603,10416678985,10416679023,1,"IOTHUB_CLIENT_CONFIRMATION_OK"
5604,10416679185,10416679220,1,"IOTHUB_CLIENT_CONFIRMATION_OK"
5605,10416679385,10416679424,1,"IOTHUB_CLIENT_CONFIRMATION_OK"
5606,10416679585,10416679639,1,"IOTHUB_CLIENT_CONFIRMATION_OK"
5607,10416679785,10416679826,1,"IOTHUB_CLIENT_CONFIRMATION_OK"
5608,10416679986,10416680021,1,"IOTHUB_CLIENT_CONFIRMATION_OK"
5609,10416680186,10416680227,1,"IOTHUB_CLIENT_CONFIRMATION_OK"
5610,10416680386,10416680439,1,"IOTHUB_CLIENT_CONFIRMATION_OK"
5611,10416680586,10416680642,1,"IOTHUB_CLIENT_CONFIRMATION_OK"
5612,10416680786,10416680846,1,"IOTHUB_CLIENT_CONFIRMATION_OK"
5613,10416680986,10416681057,1,"IOTHUB_CLIENT_CONFIRMATION_OK"
5614,10416681187,10416681308,1,"IOTHUB_CLIENT_CONFIRMATION_OK"
5615,10416681387,10416681424,1,"IOTHUB_CLIENT_CONFIRMATION_OK"
5616,10416681587,10416681622,1,"IOTHUB_CLIENT_CONFIRMATION_OK"
5617,10416681787,10416681899,1,"IOTHUB_CLIENT_CONFIRMATION_OK"
5618,10416681987,10416682029,1,"IOTHUB_CLIENT_CONFIRMATION_OK"
5619,10416682187,10416682231,1,"IOTHUB_CLIENT_CONFIRMATION_OK"
5620,10416682387,10416682506,1,"IOTHUB_CLIENT_CONFIRMATION_OK"
5621,10416682587,10416682632,1,"IOTHUB_CLIENT_CONFIRMATION_OK"
5622,10416682788,10416682837,1,"IOTHUB_CLIENT_CONFIRMATION_OK"
5623,10416682988,10416683025,1,"IOTHUB_CLIENT_CONFIRMATION_OK"
5624,10416683188,10416683225,1,"IOTHUB_CLIENT_CONFIRMATION_OK"
5625,10416683388,10416683436,1,"IOTHUB_CLIENT_CONFIRMATION_OK"
5626,10416683588,10416683662,1,"IOTHUB_CLIENT_CONFIRMATION_OK"
5627,10416683788,10416683834,1,"IOTHUB_CLIENT_CONFIRMATION_OK"
5628,10416683989,10416684029,1,"IOTHUB_CLIENT_CONFIRMATION_OK"
5629,10416684189,10416684250,1,"IOTHUB_CLIENT_CONFIRMATION_OK"
5630,10416684389,10416684436,1,"IOTHUB_CLIENT_CONFIRMATION_OK"
5631,10416684589,10416684696,1,"IOTHUB_CLIENT_CONFIRMATION_OK"
5632,10416684789,10416684857,1,"IOTHUB_CLIENT_CONFIRMATION_OK"
5633,10416684989,10416685268,1,"IOTHUB_CLIENT_CONFIRMATION_OK"
5634,10416685190,10416685322,1,"IOTHUB_CLIENT_CONFIRMATION_OK"
5635,10416685390,10416685428,1,"IOTHUB_CLIENT_CONFIRMATION_OK"
5636,10416685590,10416685652,1,"IOTHUB_CLIENT_CONFIRMATION_OK"
5637,10416685790,10416685859,1,"IOTHUB_CLIENT_CONFIRMATION_OK"
5638,10416685990,10416686033,1,"IOTHUB_CLIENT_CONFIRMATION_OK"
5639,10416686191,10416686232,1,"IOTHUB_CLIENT_CONFIRMATION_OK"
5640,10416686391,10416686433,1,"IOTHUB_CLIENT_CONFIRMATION_OK"
5641,10416686591,10416686644,1,"IOTHUB_CLIENT_CONFIRMATION_OK"
5642,10416686791,10416686826,1,"IOTHUB_CLIENT_CONFIRMATION_OK"
5643,10416686991,10416687028,1,"IOTHUB_CLIENT_CONFIRMATION_OK"
5644,10416687191,10416687237,1,"IOTHUB_CLIENT_CONFIRMATION_OK"
5645,10416687391,10416687441,1,"IOTHUB_CLIENT_CONFIRMATION_OK"
5646,10416687592,10416687796,1,"IOTHUB_CLIENT_CONFIRMATION_OK"
5647,10416687792,10416687828,1,"IOTHUB_CLIENT_CONFIRMATION_OK"
5648,10416687992,10416688028,1,"IOTHUB_CLIENT_CONFIRMATION_OK"
5649,10416688192,10416688404,1,"IOTHUB_CLIENT_CONFIRMATION_OK"
5650,10416688392,10416688452,1,"IOTHUB_CLIENT_CONFIRMATION_OK"
5651,10416688592,10416688646,1,"IOTHUB_CLIENT_CONFIRMATION_OK"
5652,10416688793,10416688834,1,"IOTHUB_CLIENT_CONFIRMATION_OK"
5653,10416688993,10416689028,1,"IOTHUB_CLIENT_CONFIRMATION_OK"
5654,10416689193,10416689239,1,"IOTHUB_CLIENT_CONFIRMATION_OK"
5655,10416689393,10416689448,1,"IOTHUB_CLIENT_CONFIRMATION_OK"
5656,10416689593,10416689640,1,"IOTHUB_CLIENT_CONFIRMATION_OK"
5657,10416689793,10416689839,1,"IOTHUB_CLIENT_CONFIRMATION_OK"
5658,10416689993,10416690037,1,"IOTHUB_CLIENT_CONFIRMATION_OK"
5659,10416690194,10416690241,1,"IOTHUB_CLIENT_CONFIRMATION_OK"
5660,10416690394,10416690498,1,"IOTHUB_CLIENT_CONFIRMATION_OK"
5661,10416690594,10416690738,1,"IOTHUB_CLIENT_CONFIRMATION_OK"
5662,10416690794,10416690839,1,"IOTHUB_CLIENT_CONFIRMATION_OK"
5663,10416690994,10416691047,1,"IOTHUB_CLIENT_CONFIRMATION_OK"
5664,10416691194,10416691232,1,"IOTHUB_CLIENT_CONFIRMATION_OK"
5665,10416691395,10416691435,1,"IOTHUB_CLIENT_CONFIRMATION_OK"
5666,10416691595,10416691653,1,"IOTHUB_CLIENT_CONFIRMATION_OK"
5667,10416691795,10416691857,1,"IOTHUB_CLIENT_CONFIRMATION_OK"
5668,10416691995,10416692037,1,"IOTHUB_CLIENT_CONFIRMATION_OK"
5669,10416692195,10416692289,1,"IOTHUB_CLIENT_CONFIRMATION_OK"
5670,10416692395,10416692452,1,"IOTHUB_CLIENT_CONFIRMATION_OK"
5671,10416692596,10416692636,1,"IOTHUB_CLIENT_CONFIRMATION_OK"
5672,10416692796,10416692876,1,"IOTHUB_CLIENT_CONFIRMATION_OK"
5673,10416692996,10416693037,1,"IOTHUB_CLIENT_CONFIRMATION_OK"
5674,10416693196,10416693238,1,"IOTHUB_CLIENT_CONFIRMATION_OK"
5675,10416693396,10416693489,1,"IOTHUB_CLIENT_CONFIRMATION_OK"
5676,10416693596,10416693634,1,"IOTHUB_CLIENT_CONFIRMATION_OK"
5677,10416693796,10416693849,1,"IOTHUB_CLIENT_CONFIRMATION_OK"
5678,10416693997,10416694160,1,"IOTHUB_CLIENT_CONFIRMATION_OK"
5679,10416694197,10416694250,1,"IOTHUB_CLIENT_CONFIRMATION_OK"
5680,10416694397,10416694438,1,"IOTHUB_CLIENT_CONFIRMATION_OK"
5681,10416694597,10416694636,1,"IOTHUB_CLIENT_CONFIRMATION_OK"
5682,10416694797,10416694847,1,"IOTHUB_CLIENT_CONFIRMATION_OK"
5683,10416694997,10416695040,1,"IOTHUB_CLIENT_CONFIRMATION_OK"
5684,10416695198,10416695263,1,"IOTHUB_CLIENT_CONFIRMATION_OK"
5685,10416695398,10416695439,1,"IOTHUB_CLIENT_CONFIRMATION_OK"
5686,10416695598,10416695645,1,"IOTHUB_CLIENT_CONFIRMATION_OK"
5687,10416695798,10416695849,1,"IOTHUB_CLIENT_CONFIRMATION_OK"
5688,10416695998,10416696043,1,"IOTHUB_CLIENT_CONFIRMATION_OK"
5689,10416696198,10416696242,1,"IOTHUB_CLIENT_CONFIRMATION_OK"
5690,10416696398,10416696438,1,"IOTHUB_CLIENT_CONFIRMATION_OK"
5691,10416696599,10416696671,1,"IOTHUB_CLIENT_CONFIRMATION_OK"
5692,10416696799,10416696842,1,"IOTHUB_CLIENT_CONFIRMATION_OK"
5693,10416696999,10416697058,1,"IOTHUB_CLIENT_CONFIRMATION_OK"
5694,10416697199,10416697237,1,"IOTHUB_CLIENT_CONFIRMATION_OK"
5695,10416697399,10416697507,1,"IOTHUB_CLIENT_CONFIRMATION_OK"
5696,10416697599,10416697642,1,"IOTHUB_CLIENT_CONFIRMATION_OK"
5697,10416697800,10416697838,1,"IOTHUB_CLIENT_CONFIRMATION_OK"
5698,10416698000,10416698037,1,"IOTHUB_CLIENT_CONFIRMATION_OK"
5699,10416698200,10416698240,1,"IOTHUB_CLIENT_CONFIRMATION_OK"
5700,10416698400,10416698449,1,"IOTHUB_CLIENT_CONFIRMATION_OK"
5701,10416698600,10416698656,1,"IOTHUB_CLIENT_CONFIRMATION_OK"
5702,10416698800,10416698905,1,"IOTHUB_CLIENT_CONFIRMATION_OK"
5703,10416699000,10416699043,1,"IOTHUB_CLIENT_CONFIRMATION_OK"
5704,10416699201,10416699336,1,"IOTHUB_CLIENT_CONFIRMATION_OK"
5705,10416699401,10416699437,1,"IOTHUB_CLIENT_CONFIRMATION_OK"
5706,10416699601,10416699652,1,"IOTHUB_CLIENT_CONFIRMATION_OK"
5707,10416699801,10416699975,1,"IOTHUB_CLIENT_CONFIRMATION_OK"
5708,10416700001,10416700053,1,"IOTHUB_CLIENT_CONFIRMATION_OK"
5709,10416700201,10416700252,1,"IOTHUB_CLIENT_CONFIRMATION_OK"
5710,10416700402,10416700446,1,"IOTHUB_CLIENT_CONFIRMATION_OK"
5711,10416700602,10416700655,1,"IOTHUB_CLIENT_CONFIRMATION_OK"
5712,10416700802,10416700843,1,"IOTHUB_CLIENT_CONFIRMATION_OK"
5713,10416701002,10416701050,1,"IOTHUB_CLIENT_CONFIRMATION_OK"
5714,10416701202,10416701255,1,"IOTHUB_CLIENT_CONFIRMATION_OK"
5715,10416701402,10416701489,1,"IOTHUB_CLIENT_CONFIRMATION_OK"
5716,10416701602,10416701645,1,"IOTHUB_CLIENT_CONFIRMATION_OK"
5717,10416701803,10416701852,1,"IOTHUB_CLIENT_CONFIRMATION_OK"
5718,10416702003,10416702042,1,"IOTHUB_CLIENT_CONFIRMATION_OK"
5719,10416702203,10416702241,1,"IOTHUB_CLIENT_CONFIRMATION_OK"
5720,10416702403,10416702461,1,"IOTHUB_CLIENT_CONFIRMATION_OK"
5721,10416702603,10416702682,1,"IOTHUB_CLIENT_CONFIRMATION_OK"
5722,10416702803,10416702851,1,"IOTHUB_CLIENT_CONFIRMATION_OK"
5723,10416703004,10416703060,1,"IOTHUB_CLIENT_CONFIRMATION_OK"
5724,10416703204,10416703294,1,"IOTHUB_CLIENT_CONFIRMATION_OK"
5725,10416703404,10416703456,1,"IOTHUB_CLIENT_CONFIRMATION_OK"
5726,10416703604,10416703643,1,"IOTHUB_CLIENT_CONFIRMATION_OK"
5727,10416703804,10416703966,1,"IOTHUB_CLIENT_CONFIRMATION_OK"
5728,10416704004,10416704109,1,"IOTHUB_CLIENT_CONFIRMATION_OK"
5729,10416704204,10416704243,1,"IOTHUB_CLIENT_CONFIRMATION_OK"
5730,10416704405,10416704532,1,"IOTHUB_CLIENT_CONFIRMATION_OK"
5731,10416704605,10416704650,1,"IOTHUB_CLIENT_CONFIRMATION_OK"
5732,10416704805,10416704843,1,"IOTHUB_CLIENT_CONFIRMATION_OK"
5733,10416705005,10416705168,1,"IOTHUB_CLIENT_CONFIRMATION_OK"
5734,10416705205,10416705286,1,"IOTHUB_CLIENT_CONFIRMATION_OK"
5735,10416705405,10416705494,1,"IOTHUB_CLIENT_CONFIRMATION_OK"
5736,10416705606,10416705734,1,"IOTHUB_CLIENT_CONFIRMATION_OK"
5737,10416705806,10416705849,1,"IOTHUB_CLIENT_CONFIRMATION_OK"
5738,10416706006,10416706057,1,"IOTHUB_CLIENT_CONFIRMATION_OK"
5739,10416706206,10416706254,1,"IOTHUB_CLIENT_CONFIRMATION_OK"
5740,10416706406,10416706447,1,"IOTHUB_CLIENT_CONFIRMATION_OK"
5741,10416706606,10416706696,1,"IOTHUB_CLIENT_CONFIRMATION_OK"
5742,10416706806,10416706855,1,"IOTHUB_CLIENT_CONFIRMATION_OK"
5743,10416707007,10416707052,1,"IOTHUB_CLIENT_CONFIRMATION_OK"
5744,10416707207,10416707249,1,"IOTHUB_CLIENT_CONFIRMATION_OK"
5745,10416707407,10416707452,1,"IOTHUB_CLIENT_CONFIRMATION_OK"
5746,10416707607,10416707779,1,"IOTHUB_CLIENT_CONFIRMATION_OK"
5747,10416707807,10416707866,1,"IOTHUB_CLIENT_CONFIRMATION_OK"
5748,10416708007,10416708070,1,"IOTHUB_CLIENT_CONFIRMATION_OK"
5749,10416708208,10416708432,1,"IOTHUB_CLIENT_CONFIRMATION_OK"
5750,10416708408,10416708452,1,"IOTHUB_CLIENT_CONFIRMATION_OK"
5751,10416708608,10416708658,1,"IOTHUB_CLIENT_CONFIRMATION_OK"
5752,10416708808,10416708900,1,"IOTHUB_CLIENT_CONFIRMATION_OK"
5753,10416709008,10416709051,1,"IOTHUB_CLIENT_CONFIRMATION_OK"
5754,10416709208,10416709253,1,"IOTHUB_CLIENT_CONFIRMATION_OK"
5755,10416709408,10416709446,1,"IOTHUB_CLIENT_CONFIRMATION_OK"
5756,10416709609,10416709682,1,"IOTHUB_CLIENT_CONFIRMATION_OK"
5757,10416709809,10416709858,1,"IOTHUB_CLIENT_CONFIRMATION_OK"
5758,10416710009,10416710048,1,"IOTHUB_CLIENT_CONFIRMATION_OK"
5759,10416710209,10416710256,1,"IOTHUB_CLIENT_CONFIRMATION_OK"
5760,10416710409,10416710468,1,"IOTHUB_CLIENT_CONFIRMATION_OK"
5761,10416710609,10416710680,1,"IOTHUB_CLIENT_CONFIRMATION_OK"
5762,10416710809,10416710852,1,"IOTHUB_CLIENT_CONFIRMATION_OK"
5763,10416711010,10416711177,1,"IOTHUB_CLIENT_CONFIRMATION_OK"
5764,10416711210,10416711252,1,"IOTHUB_CLIENT_CONFIRMATION_OK"
5765,10416711410,10416711456,1,"IOTHUB_CLIENT_CONFIRMATION_OK"
5766,10416711610,10416711648,1,"IOTHUB_CLIENT_CONFIRMATION_OK"
5767,10416711810,10416711847,1,"IOTHUB_CLIENT_CONFIRMATION_OK"
5768,10416712010,10416712048,1,"IOTHUB_CLIENT_CONFIRMATION_OK"
5769,10416712211,10416712335,1,"IOTHUB_CLIENT_CONFIRMATION_OK"
5770,10416712411,10416712511,1,"IOTHUB_CLIENT_CONFIRMATION_OK"
5771,10416712611,10416712652,1,"IOTHUB_CLIENT_CONFIRMATION_OK"
5772,10416712811,10416712921,1,"IOTHUB_CLIENT_CONFIRMATION_OK"
5773,10416713011,10416713073,1,"IOTHUB_CLIENT_CONFIRMATION_OK"
5774,10416713211,10416713257,1,"IOTHUB_CLIENT_CONFIRMATION_OK"
5775,10416713412,10416713517,1,"IOTHUB_CLIENT_CONFIRMATION_OK"
5776,10416713612,10416713711,1,"IOTHUB_CLIENT_CONFIRMATION_OK"
5777,10416713812,10416713944,1,"IOTHUB_CLIENT_CONFIRMATION_OK"
5778,10416714012,10416714206,1,"IOTHUB_CLIENT_CONFIRMATION_OK"
5779,10416714212,10416714254,1,"IOTHUB_CLIENT_CONFIRMATION_OK"
5780,10416714412,10416714479,1,"IOTHUB_CLIENT_CONFIRMATION_OK"
5781,10416714612,10416714656,1,"IOTHUB_CLIENT_CONFIRMATION_OK"
5782,10416714813,10416714858,1,"IOTHUB_CLIENT_CONFIRMATION_OK"
5783,10416715013,10416715063,1,"IOTHUB_CLIENT_CONFIRMATION_OK"
5784,10416715213,10416715259,1,"IOTHUB_CLIENT_CONFIRMATION_OK"
5785,10416715413,10416715453,1,"IOTHUB_CLIENT_CONFIRMATION_OK"
5786,10416715613,10416715654,1,"IOTHUB_CLIENT_CONFIRMATION_OK"
5787,10416715813,10416715854,1,"IOTHUB_CLIENT_CONFIRMATION_OK"
5788,10416716013,10416716049,1,"IOTHUB_CLIENT_CONFIRMATION_OK"
5789,10416716214,10416716273,1,"IOTHUB_CLIENT_CONFIRMATION_OK"
5790,10416716414,10416716448,1,"IOTHUB_CLIENT_CONFIRMATION_OK"
5791,10416716614,10416716671,1,"IOTHUB_CLIENT_CONFIRMATION_OK"
5792,10416716814,10416716856,1,"IOTHUB_CLIENT_CONFIRMATION_OK"
5793,10416717014,10416717126,1,"IOTHUB_CLIENT_CONFIRMATION_OK"
5794,10416717214,10416717266,1,"IOTHUB_CLIENT_CONFIRMATION_OK"
5795,10416717414,10416717449,1,"IOTHUB_CLIENT_CONFIRMATION_OK"
5796,10416717615,10416717656,1,"IOTHUB_CLIENT_CONFIRMATION_OK"
5797,10416717815,10416717906,1,"IOTHUB_CLIENT_CONFIRMATION_OK"
5798,10416718015,10416718073,1,"IOTHUB_CLIENT_CONFIRMATION_OK"
5799,10416718215,10416718257,1,"IOTHUB_CLIENT_CONFIRMATION_OK"
5800,10416718415,10416718459,1,"IOTHUB_CLIENT_CONFIRMATION_OK"
5801,10416718615,10416718657,1,"IOTHUB_CLIENT_CONFIRMATION_OK"
5802,10416718816,10416718865,1,"IOTHUB_CLIENT_CONFIRMATION_OK"
5803,10416719016,10416719059,1,"IOTHUB_CLIENT_CONFIRMATION_OK"
5804,10416719216,10416719265,1,"IOTHUB_CLIENT_CONFIRMATION_OK"
5805,10416719416,10416719459,1,"IOTHUB_CLIENT_CONFIRMATION_OK"
5806,10416719616,10416719665,1,"IOTHUB_CLIENT_CONFIRMATION_OK"
5807,10416719816,10416719852,1,"IOTHUB_CLIENT_CONFIRMATION_OK"
5808,10416720016,10416720058,1,"IOTHUB_CLIENT_CONFIRMATION_OK"
5809,10416720217,10416720252,1,"IOTHUB_CLIENT_CONFIRMATION_OK"
5810,10416720417,10416720484,1,"IOTHUB_CLIENT_CONFIRMATION_OK"
5811,10416720617,10416720673,1,"IOTHUB_CLIENT_CONFIRMATION_OK"
5812,10416720817,10416720857,1,"IOTHUB_CLIENT_CONFIRMATION_OK"
5813,10416721017,10416721060,1,"IOTHUB_CLIENT_CONFIRMATION_OK"
5814,10416721217,10416721284,1,"IOTHUB_CLIENT_CONFIRMATION_OK"
5815,10416721417,10416721475,1,"IOTHUB_CLIENT_CONFIRMATION_OK"
5816,10416721618,10416721672,1,"IOTHUB_CLIENT_CONFIRMATION_OK"
5817,10416721818,10416721891,1,"IOTHUB_CLIENT_CONFIRMATION_OK"
5818,10416722018,10416722056,1,"IOTHUB_CLIENT_CONFIRMATION_OK"
5819,10416722218,10416722260,1,"IOTHUB_CLIENT_CONFIRMATION_OK"
5820,10416722418,10416722521,1,"IOTHUB_CLIENT_CONFIRMATION_OK"
5821,10416722618,10416722667,1,"IOTHUB_CLIENT_CONFIRMATION_OK"
5822,10416722819,10416722948,1,"IOTHUB_CLIENT_CONFIRMATION_OK"
5823,10416723019,10416723079,1,"IOTHUB_CLIENT_CONFIRMATION_OK"
5824,10416723219,10416723259,1,"IOTHUB_CLIENT_CONFIRMATION_OK"
5825,10416723419,10416723478,1,"IOTHUB_CLIENT_CONFIRMATION_OK"
5826,10416723619,10416723661,1,"IOTHUB_CLIENT_CONFIRMATION_OK"
5827,10416723819,10416723871,1,"IOTHUB_CLIENT_CONFIRMATION_OK"
5828,10416724019,10416724065,1,"IOTHUB_CLIENT_CONFIRMATION_OK"
5829,10416724220,10416724259,1,"IOTHUB_CLIENT_CONFIRMATION_OK"
5830,10416724420,10416724459,1,"IOTHUB_CLIENT_CONFIRMATION_OK"
5831,10416724620,10416724667,1,"IOTHUB_CLIENT_CONFIRMATION_OK"
5832,10416724820,10416724876,1,"IOTHUB_CLIENT_CONFIRMATION_OK"
5833,10416725020,10416725057,1,"IOTHUB_CLIENT_CONFIRMATION_OK"
5834,10416725220,10416725270,1,"IOTHUB_CLIENT_CONFIRMATION_OK"
5835,10416725421,10416725470,1,"IOTHUB_CLIENT_CONFIRMATION_OK"
5836,10416725621,10416725811,1,"IOTHUB_CLIENT_CONFIRMATION_OK"
5837,10416725821,10416725878,1,"IOTHUB_CLIENT_CONFIRMATION_OK"
5838,10416726021,10416726090,1,"IOTHUB_CLIENT_CONFIRMATION_OK"
5839,10416726221,10416726276,1,"IOTHUB_CLIENT_CONFIRMATION_OK"
5840,10416726421,10416726523,1,"IOTHUB_CLIENT_CONFIRMATION_OK"
5841,10416726621,10416726668,1,"IOTHUB_CLIENT_CONFIRMATION_OK"
5842,10416726822,10416726874,1,"IOTHUB_CLIENT_CONFIRMATION_OK"
5843,10416727022,10416727081,1,"IOTHUB_CLIENT_CONFIRMATION_OK"
5844,10416727222,10416727262,1,"IOTHUB_CLIENT_CONFIRMATION_OK"
5845,10416727422,10416727459,1,"IOTHUB_CLIENT_CONFIRMATION_OK"
5846,10416727622,10416727694,1,"IOTHUB_CLIENT_CONFIRMATION_OK"
5847,10416727822,10416727888,1,"IOTHUB_CLIENT_CONFIRMATION_OK"
5848,10416728023,10416728069,1,"IOTHUB_CLIENT_CONFIRMATION_OK"
5849,10416728223,10416728285,1,"IOTHUB_CLIENT_CONFIRMATION_OK"
5850,10416728423,10416728472,1,"IOTHUB_CLIENT_CONFIRMATION_OK"
5851,10416728623,10416728718,1,"IOTHUB_CLIENT_CONFIRMATION_OK"
5852,10416728823,10416728904,1,"IOTHUB_CLIENT_CONFIRMATION_OK"
5853,10416729023,10416729067,1,"IOTHUB_CLIENT_CONFIRMATION_OK"
5854,10416729223,10416729264,1,"IOTHUB_CLIENT_CONFIRMATION_OK"
5855,10416729424,10416729470,1,"IOTHUB_CLIENT_CONFIRMATION_OK"
5856,10416729624,10416729665,1,"IOTHUB_CLIENT_CONFIRMATION_OK"
5857,10416729824,10416729870,1,"IOTHUB_CLIENT_CONFIRMATION_OK"
5858,10416730024,10416730077,1,"IOTHUB_CLIENT_CONFIRMATION_OK"
5859,10416730224,10416730285,1,"IOTHUB_CLIENT_CONFIRMATION_OK"
5860,10416730424,10416730460,1,"IOTHUB_CLIENT_CONFIRMATION_OK"
5861,10416730625,10416730662,1,"IOTHUB_CLIENT_CONFIRMATION_OK"
5862,10416730825,10416731006,1,"IOTHUB_CLIENT_CONFIRMATION_OK"
5863,10416731025,10416731065,1,"IOTHUB_CLIENT_CONFIRMATION_OK"
5864,10416731225,10416731265,1,"IOTHUB_CLIENT_CONFIRMATION_OK"
5865,10416731425,10416731475,1,"IOTHUB_CLIENT_CONFIRMATION_OK"
5866,10416731625,10416731671,1,"IOTHUB_CLIENT_CONFIRMATION_OK"
5867,10416731825,10416731866,1,"IOTHUB_CLIENT_CONFIRMATION_OK"
5868,10416732026,10416732070,1,"IOTHUB_CLIENT_CONFIRMATION_OK"
5869,10416732226,10416732282,1,"IOTHUB_CLIENT_CONFIRMATION_OK"
5870,10416732426,10416732507,1,"IOTHUB_CLIENT_CONFIRMATION_OK"
5871,10416732626,10416732671,1,"IOTHUB_CLIENT_CONFIRMATION_OK"
5872,10416732826,10416732890,1,"IOTHUB_CLIENT_CONFIRMATION_OK"
5873,10416733026,10416733061,1,"IOTHUB_CLIENT_CONFIRMATION_OK"
5874,10416733227,10416733278,1,"IOTHUB_CLIENT_CONFIRMATION_OK"
5875,10416733427,10416733466,1,"IOTHUB_CLIENT_CONFIRMATION_OK"
5876,10416733627,10416733670,1,"IOTHUB_CLIENT_CONFIRMATION_OK"
5877,10416733827,10416733871,1,"IOTHUB_CLIENT_CONFIRMATION_OK"
5878,10416734027,10416734065,1,"IOTHUB_CLIENT_CONFIRMATION_OK"
5879,10416734227,10416734272,1,"IOTHUB_CLIENT_CONFIRMATION_OK"
5880,10416734427,10416734481,1,"IOTHUB_CLIENT_CONFIRMATION_OK"
5881,10416734628,10416734667,1,"IOTHUB_CLIENT_CONFIRMATION_OK"
5882,10416734828,10416734876,1,"IOTHUB_CLIENT_CONFIRMATION_OK"
5883,10416735028,10416735071,1,"IOTHUB_CLIENT_CONFIRMATION_OK"
5884,10416735228,10416735300,1,"IOTHUB_CLIENT_CONFIRMATION_OK"
5885,10416735428,10416735489,1,"IOTHUB_CLIENT_CONFIRMATION_OK"
5886,10416735628,10416735667,1,"IOTHUB_CLIENT_CONFIRMATION_OK"
5887,10416735829,10416735872,1,"IOTHUB_CLIENT_CONFIRMATION_OK"
5888,10416736029,10416736088,1,"IOTHUB_CLIENT_CONFIRMATION_OK"
5889,10416736229,10416736270,1,"IOTHUB_CLIENT_CONFIRMATION_OK"
5890,10416736429,10416736472,1,"IOTHUB_CLIENT_CONFIRMATION_OK"
5891,10416736629,10416736695,1,"IOTHUB_CLIENT_CONFIRMATION_OK"
5892,10416736829,10416736903,1,"IOTHUB_CLIENT_CONFIRMATION_OK"
5893,10416737029,10416737071,1,"IOTHUB_CLIENT_CONFIRMATION_OK"
5894,10416737230,10416737273,1,"IOTHUB_CLIENT_CONFIRMATION_OK"
5895,10416737430,10416737466,1,"IOTHUB_CLIENT_CONFIRMATION_OK"
5896,10416737630,10416737666,1,"IOTHUB_CLIENT_CONFIRMATION_OK"
5897,10416737830,10416737875,1,"IOTHUB_CLIENT_CONFIRMATION_OK"
5898,10416738030,10416738091,1,"IOTHUB_CLIENT_CONFIRMATION_OK"
5899,10416738230,10416738267,1,"IOTHUB_CLIENT_CONFIRMATION_OK"
5900,10416738431,10416738467,1,"IOTHUB_CLIENT_CONFIRMATION_OK"
5901,10416738631,10416738750,1,"IOTHUB_CLIENT_CONFIRMATION_OK"
5902,10416738831,10416738975,1,"IOTHUB_CLIENT_CONFIRMATION_OK"
5903,10416739031,10416739074,1,"IOTHUB_CLIENT_CONFIRMATION_OK"
5904,10416739231,10416739291,1,"IOTHUB_CLIENT_CONFIRMATION_OK"
5905,10416739431,10416739479,1,"IOTHUB_CLIENT_CONFIRMATION_OK"
5906,10416739631,10416739669,1,"IOTHUB_CLIENT_CONFIRMATION_OK"
5907,10416739832,10416740080,1,"IOTHUB_CLIENT_CONFIRMATION_OK"
5908,10416740032,10416740135,1,"IOTHUB_CLIENT_CONFIRMATION_OK"
5909,10416740232,10416740274,1,"IOTHUB_CLIENT_CONFIRMATION_OK"
5910,10416740432,10416740478,1,"IOTHUB_CLIENT_CONFIRMATION_OK"
5911,10416740632,10416740688,1,"IOTHUB_CLIENT_CONFIRMATION_OK"
5912,10416740832,10416740889,1,"IOTHUB_CLIENT_CONFIRMATION_OK"
5913,10416741033,10416741073,1,"IOTHUB_CLIENT_CONFIRMATION_OK"
5914,10416741233,10416741281,1,"IOTHUB_CLIENT_CONFIRMATION_OK"
5915,10416741433,10416741477,1,"IOTHUB_CLIENT_CONFIRMATION_OK"
5916,10416741633,10416741678,1,"IOTHUB_CLIENT_CONFIRMATION_OK"
5917,10416741833,10416741881,1,"IOTHUB_CLIENT_CONFIRMATION_OK"
5918,10416742033,10416742073,1,"IOTHUB_CLIENT_CONFIRMATION_OK"
5919,10416742233,10416742277,1,"IOTHUB_CLIENT_CONFIRMATION_OK"
5920,10416742434,10416742497,1,"IOTHUB_CLIENT_CONFIRMATION_OK"
5921,10416742634,10416742680,1,"IOTHUB_CLIENT_CONFIRMATION_OK"
5922,10416742834,10416742875,1,"IOTHUB_CLIENT_CONFIRMATION_OK"
5923,10416743034,10416743092,1,"IOTHUB_CLIENT_CONFIRMATION_OK"
5924,10416743234,10416743280,1,"IOTHUB_CLIENT_CONFIRMATION_OK"
5925,10416743434,10416743473,1,"IOTHUB_CLIENT_CONFIRMATION_OK"
5926,10416743635,10416743697,1,"IOTHUB_CLIENT_CONFIRMATION_OK"
5927,10416743835,10416743880,1,"IOTHUB_CLIENT_CONFIRMATION_OK"
5928,10416744035,10416744105,1,"IOTHUB_CLIENT_CONFIRMATION_OK"
5929,10416744235,10416744278,1,"IOTHUB_CLIENT_CONFIRMATION_OK"
5930,10416744435,10416744580,1,"IOTHUB_CLIENT_CONFIRMATION_OK"
5931,10416744635,10416744689,1,"IOTHUB_CLIENT_CONFIRMATION_OK"
5932,10416744835,10416744889,1,"IOTHUB_CLIENT_CONFIRMATION_OK"
5933,10416745036,10416745165,1,"IOTHUB_CLIENT_CONFIRMATION_OK"
5934,10416745236,10416745362,1,"IOTHUB_CLIENT_CONFIRMATION_OK"
5935,10416745436,10416745480,1,"IOTHUB_CLIENT_CONFIRMATION_OK"
5936,10416745636,10416745780,1,"IOTHUB_CLIENT_CONFIRMATION_OK"
5937,10416745836,10416745872,1,"IOTHUB_CLIENT_CONFIRMATION_OK"
5938,10416746036,10416746080,1,"IOTHUB_CLIENT_CONFIRMATION_OK"
5939,10416746237,10416746280,1,"IOTHUB_CLIENT_CONFIRMATION_OK"
5940,10416746437,10416746484,1,"IOTHUB_CLIENT_CONFIRMATION_OK"
5941,10416746637,10416746674,1,"IOTHUB_CLIENT_CONFIRMATION_OK"
5942,10416746837,10416746905,1,"IOTHUB_CLIENT_CONFIRMATION_OK"
5943,10416747037,10416747079,1,"IOTHUB_CLIENT_CONFIRMATION_OK"
5944,10416747237,10416747283,1,"IOTHUB_CLIENT_CONFIRMATION_OK"
5945,10416747437,10416747494,1,"IOTHUB_CLIENT_CONFIRMATION_OK"
5946,10416747638,10416747677,1,"IOTHUB_CLIENT_CONFIRMATION_OK"
5947,10416747838,10416747879,1,"IOTHUB_CLIENT_CONFIRMATION_OK"
5948,10416748038,10416748077,1,"IOTHUB_CLIENT_CONFIRMATION_OK"
5949,10416748238,10416748298,1,"IOTHUB_CLIENT_CONFIRMATION_OK"
5950,10416748438,10416748474,1,"IOTHUB_CLIENT_CONFIRMATION_OK"
5951,10416748638,10416748689,1,"IOTHUB_CLIENT_CONFIRMATION_OK"
5952,10416748839,10416748877,1,"IOTHUB_CLIENT_CONFIRMATION_OK"
5953,10416749039,10416749086,1,"IOTHUB_CLIENT_CONFIRMATION_OK"
5954,10416749239,10416749296,1,"IOTHUB_CLIENT_CONFIRMATION_OK"
5955,10416749439,10416749481,1,"IOTHUB_CLIENT_CONFIRMATION_OK"
5956,10416749639,10416749689,1,"IOTHUB_CLIENT_CONFIRMATION_OK"
5957,10416749839,10416749875,1,"IOTHUB_CLIENT_CONFIRMATION_OK"
5958,10416750039,10416750077,1,"IOTHUB_CLIENT_CONFIRMATION_OK"
5959,10416750240,10416750295,1,"IOTHUB_CLIENT_CONFIRMATION_OK"
5960,10416750440,10416750480,1,"IOTHUB_CLIENT_CONFIRMATION_OK"
5961,10416750640,10416750692,1,"IOTHUB_CLIENT_CONFIRMATION_OK"
5962,10416750840,10416750898,1,"IOTHUB_CLIENT_CONFIRMATION_OK"
5963,10416751040,10416751081,1,"IOTHUB_CLIENT_CONFIRMATION_OK"
5964,10416751240,10416751286,1,"IOTHUB_CLIENT_CONFIRMATION_OK"
5965,10416751441,10416751486,1,"IOTHUB_CLIENT_CONFIRMATION_OK"
5966,10416751641,10416751676,1,"IOTHUB_CLIENT_CONFIRMATION_OK"
5967,10416751841,10416751886,1,"IOTHUB_CLIENT_CONFIRMATION_OK"
5968,10416752041,10416752075,1,"IOTHUB_CLIENT_CONFIRMATION_OK"
5969,10416752241,10416752309,1,"IOTHUB_CLIENT_CONFIRMATION_OK"
5970,10416752441,10416752484,1,"IOTHUB_CLIENT_CONFIRMATION_OK"
5971,10416752641,10416752684,1,"IOTHUB_CLIENT_CONFIRMATION_OK"
5972,10416752842,10416752957,1,"IOTHUB_CLIENT_CONFIRMATION_OK"
5973,10416753042,10416753093,1,"IOTHUB_CLIENT_CONFIRMATION_OK"
5974,10416753242,10416753285,1,"IOTHUB_CLIENT_CONFIRMATION_OK"
5975,10416753442,10416753547,1,"IOTHUB_CLIENT_CONFIRMATION_OK"
5976,10416753642,10416753686,1,"IOTHUB_CLIENT_CONFIRMATION_OK"
5977,10416753842,10416753880,1,"IOTHUB_CLIENT_CONFIRMATION_OK"
5978,10416754043,10416754150,1,"IOTHUB_CLIENT_CONFIRMATION_OK"
5979,10416754243,10416754290,1,"IOTHUB_CLIENT_CONFIRMATION_OK"
5980,10416754443,10416754490,1,"IOTHUB_CLIENT_CONFIRMATION_OK"
5981,10416754643,10416754682,1,"IOTHUB_CLIENT_CONFIRMATION_OK"
5982,10416754843,10416754891,1,"IOTHUB_CLIENT_CONFIRMATION_OK"
5983,10416755043,10416755107,1,"IOTHUB_CLIENT_CONFIRMATION_OK"
5984,10416755243,10416755289,1,"IOTHUB_CLIENT_CONFIRMATION_OK"
5985,10416755444,10416755491,1,"IOTHUB_CLIENT_CONFIRMATION_OK"
5986,10416755644,10416755681,1,"IOTHUB_CLIENT_CONFIRMATION_OK"
5987,10416755844,10416755883,1,"IOTHUB_CLIENT_CONFIRMATION_OK"
5988,10416756044,10416756088,1,"IOTHUB_CLIENT_CONFIRMATION_OK"
5989,10416756244,10416756304,1,"IOTHUB_CLIENT_CONFIRMATION_OK"
5990,10416756444,10416756479,1,"IOTHUB_CLIENT_CONFIRMATION_OK"
5991,10416756645,10416756833,1,"IOTHUB_CLIENT_CONFIRMATION_OK"
5992,10416756845,10416756905,1,"IOTHUB_CLIENT_CONFIRMATION_OK"
5993,10416757045,10416757095,1,"IOTHUB_CLIENT_CONFIRMATION_OK"
5994,10416757245,10416757299,1,"IOTHUB_CLIENT_CONFIRMATION_OK"
5995,10416757445,10416757486,1,"IOTHUB_CLIENT_CONFIRMATION_OK"
5996,10416757645,10416757686,1,"IOTHUB_CLIENT_CONFIRMATION_OK"
5997,10416757845,10416758065,1,"IOTHUB_CLIENT_CONFIRMATION_OK"
5998,10416758046,10416758104,1,"IOTHUB_CLIENT_CONFIRMATION_OK"
5999,10416758246,10416758287,1,"IOTHUB_CLIENT_CONFIRMATION_OK"
6000,10416758446,10416758489,1,"IOTHUB_CLIENT_CONFIRMATION_OK"
6001,10416758646,10416758710,1,"IOTHUB_CLIENT_CONFIRMATION_OK"
6002,10416758846,10416758877,1,"IOTHUB_CLIENT_CONFIRMATION_OK"
6003,10416759046,10416759098,1,"IOTHUB_CLIENT_CONFIRMATION_OK"
6004,10416759247,10416759325,1,"IOTHUB_CLIENT_CONFIRMATION_OK"
6005,10416759447,10416759503,1,"IOTHUB_CLIENT_CONFIRMATION_OK"
6006,10416759647,10416759693,1,"IOTHUB_CLIENT_CONFIRMATION_OK"
6007,10416759847,10416759950,1,"IOTHUB_CLIENT_CONFIRMATION_OK"
6008,10416760047,10416760082,1,"IOTHUB_CLIENT_CONFIRMATION_OK"
6009,10416760247,10416760282,1,"IOTHUB_CLIENT_CONFIRMATION_OK"
6010,10416760447,10416760489,1,"IOTHUB_CLIENT_CONFIRMATION_OK"
6011,10416760648,10416760683,1,"IOTHUB_CLIENT_CONFIRMATION_OK"
6012,10416760848,10416760887,1,"IOTHUB_CLIENT_CONFIRMATION_OK"
6013,10416761048,10416761094,1,"IOTHUB_CLIENT_CONFIRMATION_OK"
6014,10416761248,10416761288,1,"IOTHUB_CLIENT_CONFIRMATION_OK"
6015,10416761448,10416761560,1,"IOTHUB_CLIENT_CONFIRMATION_OK"
6016,10416761648,10416761735,1,"IOTHUB_CLIENT_CONFIRMATION_OK"
6017,10416761849,10416761886,1,"IOTHUB_CLIENT_CONFIRMATION_OK"
6018,10416762049,10416762084,1,"IOTHUB_CLIENT_CONFIRMATION_OK"
6019,10416762249,10416762286,1,"IOTHUB_CLIENT_CONFIRMATION_OK"
6020,10416762449,10416762643,1,"IOTHUB_CLIENT_CONFIRMATION_OK"
6021,10416762649,10416762690,1,"IOTHUB_CLIENT_CONFIRMATION_OK"
6022,10416762849,10416762885,1,"IOTHUB_CLIENT_CONFIRMATION_OK"
6023,10416763050,10416763088,1,"IOTHUB_CLIENT_CONFIRMATION_OK"
6024,10416763250,10416763295,1,"IOTHUB_CLIENT_CONFIRMATION_OK"
6025,10416763450,10416763506,1,"IOTHUB_CLIENT_CONFIRMATION_OK"
6026,10416763650,10416763705,1,"IOTHUB_CLIENT_CONFIRMATION_OK"
6027,10416763850,10416763940,1,"IOTHUB_CLIENT_CONFIRMATION_OK"
6028,10416764050,10416764120,1,"IOTHUB_CLIENT_CONFIRMATION_OK"
6029,10416764250,10416764297,1,"IOTHUB_CLIENT_CONFIRMATION_OK"
6030,10416764451,10416764535,1,"IOTHUB_CLIENT_CONFIRMATION_OK"
6031,10416764651,10416764706,1,"IOTHUB_CLIENT_CONFIRMATION_OK"
6032,10416764851,10416764890,1,"IOTHUB_CLIENT_CONFIRMATION_OK"
6033,10416765051,10416765148,1,"IOTHUB_CLIENT_CONFIRMATION_OK"
6034,10416765251,10416765308,1,"IOTHUB_CLIENT_CONFIRMATION_OK"
6035,10416765451,10416765494,1,"IOTHUB_CLIENT_CONFIRMATION_OK"
6036,10416765652,10416765721,1,"IOTHUB_CLIENT_CONFIRMATION_OK"
6037,10416765852,10416765948,1,"IOTHUB_CLIENT_CONFIRMATION_OK"
6038,10416766052,10416766086,1,"IOTHUB_CLIENT_CONFIRMATION_OK"
6039,10416766252,10416766287,1,"IOTHUB_CLIENT_CONFIRMATION_OK"
6040,10416766453,10416766490,1,"IOTHUB_CLIENT_CONFIRMATION_OK"
6041,10416766653,10416766713,1,"IOTHUB_CLIENT_CONFIRMATION_OK"
6042,10416766853,10416766908,1,"IOTHUB_CLIENT_CONFIRMATION_OK"
6043,10416767053,10416767196,1,"IOTHUB_CLIENT_CONFIRMATION_OK"
6044,10416767253,10416767290,1,"IOTHUB_CLIENT_CONFIRMATION_OK"
6045,10416767453,10416767499,1,"IOTHUB_CLIENT_CONFIRMATION_OK"
6046,10416767653,10416767822,1,"IOTHUB_CLIENT_CONFIRMATION_OK"
6047,10416767854,10416767903,1,"IOTHUB_CLIENT_CONFIRMATION_OK"
6048,10416768054,10416768120,1,"IOTHUB_CLIENT_CONFIRMATION_OK"
6049,10416768254,10416768411,1,"IOTHUB_CLIENT_CONFIRMATION_OK"
6050,10416768454,10416768508,1,"IOTHUB_CLIENT_CONFIRMATION_OK"
6051,10416768654,10416768703,1,"IOTHUB_CLIENT_CONFIRMATION_OK"
6052,10416768854,10416768895,1,"IOTHUB_CLIENT_CONFIRMATION_OK"
6053,10416769054,10416769094,1,"IOTHUB_CLIENT_CONFIRMATION_OK"
6054,10416769255,10416769300,1,"IOTHUB_CLIENT_CONFIRMATION_OK"
6055,10416769455,10416769495,1,"IOTHUB_CLIENT_CONFIRMATION_OK"
6056,10416769655,10416769707,1,"IOTHUB_CLIENT_CONFIRMATION_OK"
6057,10416769855,10416769893,1,"IOTHUB_CLIENT_CONFIRMATION_OK"
6058,10416770055,10416770109,1,"IOTHUB_CLIENT_CONFIRMATION_OK"
6059,10416770255,10416770293,1,"IOTHUB_CLIENT_CONFIRMATION_OK"
6060,10416770455,10416770501,1,"IOTHUB_CLIENT_CONFIRMATION_OK"
6061,10416770656,10416770694,1,"IOTHUB_CLIENT_CONFIRMATION_OK"
6062,10416770856,10416770892,1,"IOTHUB_CLIENT_CONFIRMATION_OK"
6063,10416771056,10416771109,1,"IOTHUB_CLIENT_CONFIRMATION_OK"
6064,10416771256,10416771303,1,"IOTHUB_CLIENT_CONFIRMATION_OK"
6065,10416771456,10416771502,1,"IOTHUB_CLIENT_CONFIRMATION_OK"
6066,10416771656,10416771708,1,"IOTHUB_CLIENT_CONFIRMATION_OK"
6067,10416771857,10416771915,1,"IOTHUB_CLIENT_CONFIRMATION_OK"
6068,10416772057,10416772099,1,"IOTHUB_CLIENT_CONFIRMATION_OK"
6069,10416772257,10416772299,1,"IOTHUB_CLIENT_CONFIRMATION_OK"
6070,10416772457,10416772505,1,"IOTHUB_CLIENT_CONFIRMATION_OK"
6071,10416772657,10416772707,1,"IOTHUB_CLIENT_CONFIRMATION_OK"
6072,10416772857,10416772892,1,"IOTHUB_CLIENT_CONFIRMATION_OK"
6073,10416773057,10416773098,1,"IOTHUB_CLIENT_CONFIRMATION_OK"
6074,10416773258,10416773321,1,"IOTHUB_CLIENT_CONFIRMATION_OK"
6075,10416773458,10416773516,1,"IOTHUB_CLIENT_CONFIRMATION_OK"
6076,10416773658,10416773702,1,"IOTHUB_CLIENT_CONFIRMATION_OK"
6077,10416773858,10416773895,1,"IOTHUB_CLIENT_CONFIRMATION_OK"
6078,10416774058,10416774105,1,"IOTHUB_CLIENT_CONFIRMATION_OK"
6079,10416774259,10416774301,1,"IOTHUB_CLIENT_CONFIRMATION_OK"
6080,10416774459,10416774496,1,"IOTHUB_CLIENT_CONFIRMATION_OK"
6081,10416774659,10416774710,1,"IOTHUB_CLIENT_CONFIRMATION_OK"
6082,10416774859,10416774903,1,"IOTHUB_CLIENT_CONFIRMATION_OK"
6083,10416775059,10416775098,1,"IOTHUB_CLIENT_CONFIRMATION_OK"
6084,10416775259,10416775296,1,"IOTHUB_CLIENT_CONFIRMATION_OK"
6085,10416775459,10416775551,1,"IOTHUB_CLIENT_CONFIRMATION_OK"
6086,10416775660,10416775698,1,"IOTHUB_CLIENT_CONFIRMATION_OK"
6087,10416775860,10416775901,1,"IOTHUB_CLIENT_CONFIRMATION_OK"
6088,10416776060,10416776192,1,"IOTHUB_CLIENT_CONFIRMATION_OK"
6089,10416776260,10416776297,1,"IOTHUB_CLIENT_CONFIRMATION_OK"
6090,10416776460,10416776498,1,"IOTHUB_CLIENT_CONFIRMATION_OK"
6091,10416776660,10416776772,1,"IOTHUB_CLIENT_CONFIRMATION_OK"
6092,10416776860,10416776928,1,"IOTHUB_CLIENT_CONFIRMATION_OK"
6093,10416777061,10416777123,1,"IOTHUB_CLIENT_CONFIRMATION_OK"
6094,10416777261,10416777427,1,"IOTHUB_CLIENT_CONFIRMATION_OK"
6095,10416777461,10416777498,1,"IOTHUB_CLIENT_CONFIRMATION_OK"
6096,10416777661,10416777696,1,"IOTHUB_CLIENT_CONFIRMATION_OK"
6097,10416777861,10416777907,1,"IOTHUB_CLIENT_CONFIRMATION_OK"
6098,10416778061,10416778118,1,"IOTHUB_CLIENT_CONFIRMATION_OK"
6099,10416778261,10416778298,1,"IOTHUB_CLIENT_CONFIRMATION_OK"
6100,10416778462,10416778505,1,"IOTHUB_CLIENT_CONFIRMATION_OK"
6101,10416778662,10416778705,1,"IOTHUB_CLIENT_CONFIRMATION_OK"
6102,10416778862,10416778898,1,"IOTHUB_CLIENT_CONFIRMATION_OK"
6103,10416779062,10416779111,1,"IOTHUB_CLIENT_CONFIRMATION_OK"
6104,10416779262,10416779354,1,"IOTHUB_CLIENT_CONFIRMATION_OK"
6105,10416779462,10416779502,1,"IOTHUB_CLIENT_CONFIRMATION_OK"
6106,10416779662,10416779705,1,"IOTHUB_CLIENT_CONFIRMATION_OK"
6107,10416779863,10416779902,1,"IOTHUB_CLIENT_CONFIRMATION_OK"
6108,10416780063,10416780102,1,"IOTHUB_CLIENT_CONFIRMATION_OK"
6109,10416780263,10416780306,1,"IOTHUB_CLIENT_CONFIRMATION_OK"
6110,10416780463,10416780500,1,"IOTHUB_CLIENT_CONFIRMATION_OK"
6111,10416780663,10416780754,1,"IOTHUB_CLIENT_CONFIRMATION_OK"
6112,10416780863,10416780933,1,"IOTHUB_CLIENT_CONFIRMATION_OK"
6113,10416781064,10416781109,1,"IOTHUB_CLIENT_CONFIRMATION_OK"
6114,10416781264,10416781360,1,"IOTHUB_CLIENT_CONFIRMATION_OK"
6115,10416781464,10416781500,1,"IOTHUB_CLIENT_CONFIRMATION_OK"
6116,10416781664,10416781705,1,"IOTHUB_CLIENT_CONFIRMATION_OK"
6117,10416781864,10416781965,1,"IOTHUB_CLIENT_CONFIRMATION_OK"
6118,10416782064,10416782103,1,"IOTHUB_CLIENT_CONFIRMATION_OK"
6119,10416782264,10416782308,1,"IOTHUB_CLIENT_CONFIRMATION_OK"
6120,10416782465,10416782578,1,"IOTHUB_CLIENT_CONFIRMATION_OK"
6121,10416782665,10416782720,1,"IOTHUB_CLIENT_CONFIRMATION_OK"
6122,10416782865,10416782911,1,"IOTHUB_CLIENT_CONFIRMATION_OK"
6123,10416783065,10416783112,1,"IOTHUB_CLIENT_CONFIRMATION_OK"
6124,10416783265,10416783313,1,"IOTHUB_CLIENT_CONFIRMATION_OK"
6125,10416783465,10416783511,1,"IOTHUB_CLIENT_CONFIRMATION_OK"
6126,10416783666,10416783709,1,"IOTHUB_CLIENT_CONFIRMATION_OK"
6127,10416783866,10416783924,1,"IOTHUB_CLIENT_CONFIRMATION_OK"
6128,10416784066,10416784107,1,"IOTHUB_CLIENT_CONFIRMATION_OK"
6129,10416784266,10416784311,1,"IOTHUB_CLIENT_CONFIRMATION_OK"
6130,10416784466,10416784505,1,"IOTHUB_CLIENT_CONFIRMATION_OK"
6131,10416784666,10416784714,1,"IOTHUB_CLIENT_CONFIRMATION_OK"
6132,10416784867,10416784911,1,"IOTHUB_CLIENT_CONFIRMATION_OK"
6133,10416785067,10416785108,1,"IOTHUB_CLIENT_CONFIRMATION_OK"
6134,10416785267,10416785321,1,"IOTHUB_CLIENT_CONFIRMATION_OK"
6135,10416785467,10416785522,1,"IOTHUB_CLIENT_CONFIRMATION_OK"
6136,10416785667,10416785703,1,"IOTHUB_CLIENT_CONFIRMATION_OK"
6137,10416785867,10416785912,1,"IOTHUB_CLIENT_CONFIRMATION_OK"
6138,10416786067,10416786106,1,"IOTHUB_CLIENT_CONFIRMATION_OK"
6139,10416786268,10416786313,1,"IOTHUB_CLIENT_CONFIRMATION_OK"
6140,10416786468,10416786539,1,"IOTHUB_CLIENT_CONFIRMATION_OK"
6141,10416786668,10416786713,1,"IOTHUB_CLIENT_CONFIRMATION_OK"
6142,10416786868,10416786959,1,"IOTHUB_CLIENT_CONFIRMATION_OK"
6143,10416787068,10416787115,1,"IOTHUB_CLIENT_CONFIRMATION_OK"
6144,10416787268,10416787303,1,"IOTHUB_CLIENT_CONFIRMATION_OK"
6145,10416787468,10416787509,1,"IOTHUB_CLIENT_CONFIRMATION_OK"
6146,10416787669,10416787795,1,"IOTHUB_CLIENT_CONFIRMATION_OK"
6147,10416787869,10416787923,1,"IOTHUB_CLIENT_CONFIRMATION_OK"
6148,10416788069,10416788110,1,"IOTHUB_CLIENT_CONFIRMATION_OK"
6149,10416788269,10416788316,1,"IOTHUB_CLIENT_CONFIRMATION_OK"
6150,10416788469,10416788524,1,"IOTHUB_CLIENT_CONFIRMATION_OK"
6151,10416788669,10416788717,1,"IOTHUB_CLIENT_CONFIRMATION_OK"
6152,10416788870,10416788942,1,"IOTHUB_CLIENT_CONFIRMATION_OK"
6153,10416789070,10416789194,1,"IOTHUB_CLIENT_CONFIRMATION_OK"
6154,10416789270,10416789312,1,"IOTHUB_CLIENT_CONFIRMATION_OK"
6155,10416789470,10416789533,1,"IOTHUB_CLIENT_CONFIRMATION_OK"
6156,10416789670,10416789715,1,"IOTHUB_CLIENT_CONFIRMATION_OK"
6157,10416789870,10416789914,1,"IOTHUB_CLIENT_CONFIRMATION_OK"
6158,10416790071,10416790112,1,"IOTHUB_CLIENT_CONFIRMATION_OK"
6159,10416790271,10416790318,1,"IOTHUB_CLIENT_CONFIRMATION_OK"
6160,10416790471,10416790510,1,"IOTHUB_CLIENT_CONFIRMATION_OK"
6161,10416790671,10416790710,1,"IOTHUB_CLIENT_CONFIRMATION_OK"
6162,10416790871,10416790918,1,"IOTHUB_CLIENT_CONFIRMATION_OK"
6163,10416791071,10416791121,1,"IOTHUB_CLIENT_CONFIRMATION_OK"
6164,10416791271,10416791315,1,"IOTHUB_CLIENT_CONFIRMATION_OK"
6165,10416791472,10416791511,1,"IOTHUB_CLIENT_CONFIRMATION_OK"
6166,10416791672,10416791713,1,"IOTHUB_CLIENT_CONFIRMATION_OK"
6167,10416791872,10416791919,1,"IOTHUB_CLIENT_CONFIRMATION_OK"
6168,10416792072,10416792114,1,"IOTHUB_CLIENT_CONFIRMATION_OK"
6169,10416792272,10416792325,1,"IOTHUB_CLIENT_CONFIRMATION_OK"
6170,10416792472,10416792517,1,"IOTHUB_CLIENT_CONFIRMATION_OK"
6171,10416792672,10416792709,1,"IOTHUB_CLIENT_CONFIRMATION_OK"
6172,10416792873,10416792951,1,"IOTHUB_CLIENT_CONFIRMATION_OK"
6173,10416793073,10416793111,1,"IOTHUB_CLIENT_CONFIRMATION_OK"
6174,10416793273,10416793338,1,"IOTHUB_CLIENT_CONFIRMATION_OK"
6175,10416793473,10416793535,1,"IOTHUB_CLIENT_CONFIRMATION_OK"
6176,10416793673,10416793718,1,"IOTHUB_CLIENT_CONFIRMATION_OK"
6177,10416793873,10416793930,1,"IOTHUB_CLIENT_CONFIRMATION_OK"
6178,10416794074,10416794132,1,"IOTHUB_CLIENT_CONFIRMATION_OK"
6179,10416794274,10416794310,1,"IOTHUB_CLIENT_CONFIRMATION_OK"
6180,10416794474,10416794511,1,"IOTHUB_CLIENT_CONFIRMATION_OK"
6181,10416794674,10416794721,1,"IOTHUB_CLIENT_CONFIRMATION_OK"
6182,10416794874,10416794917,1,"IOTHUB_CLIENT_CONFIRMATION_OK"
6183,10416795074,10416795118,1,"IOTHUB_CLIENT_CONFIRMATION_OK"
6184,10416795274,10416795324,1,"IOTHUB_CLIENT_CONFIRMATION_OK"
6185,10416795475,10416795567,1,"IOTHUB_CLIENT_CONFIRMATION_OK"
6186,10416795675,10416795712,1,"IOTHUB_CLIENT_CONFIRMATION_OK"
6187,10416795875,10416795913,1,"IOTHUB_CLIENT_CONFIRMATION_OK"
6188,10416796075,10416796180,1,"IOTHUB_CLIENT_CONFIRMATION_OK"
6189,10416796275,10416796338,1,"IOTHUB_CLIENT_CONFIRMATION_OK"
6190,10416796475,10416796528,1,"IOTHUB_CLIENT_CONFIRMATION_OK"
6191,10416796675,10416796783,1,"IOTHUB_CLIENT_CONFIRMATION_OK"
6192,10416796876,10416796924,1,"IOTHUB_CLIENT_CONFIRMATION_OK"
6193,10416797076,10416797117,1,"IOTHUB_CLIENT_CONFIRMATION_OK"
6194,10416797276,10416797352,1,"IOTHUB_CLIENT_CONFIRMATION_OK"
6195,10416797476,10416797518,1,"IOTHUB_CLIENT_CONFIRMATION_OK"
6196,10416797676,10416797720,1,"IOTHUB_CLIENT_CONFIRMATION_OK"
6197,10416797876,10416797918,1,"IOTHUB_CLIENT_CONFIRMATION_OK"
6198,10416798077,10416798150,1,"IOTHUB_CLIENT_CONFIRMATION_OK"
6199,10416798277,10416798321,1,"IOTHUB_CLIENT_CONFIRMATION_OK"
6200,10416798477,10416798516,1,"IOTHUB_CLIENT_CONFIRMATION_OK"
6201,10416798677,10416798720,1,"IOTHUB_CLIENT_CONFIRMATION_OK"
6202,10416798877,10416798973,1,"IOTHUB_CLIENT_CONFIRMATION_OK"
6203,10416799077,10416799119,1,"IOTHUB_CLIENT_CONFIRMATION_OK"
6204,10416799277,10416799457,1,"IOTHUB_CLIENT_CONFIRMATION_OK"
6205,10416799478,10416799515,1,"IOTHUB_CLIENT_CONFIRMATION_OK"
6206,10416799678,10416799716,1,"IOTHUB_CLIENT_CONFIRMATION_OK"
6207,10416799878,10416800025,1,"IOTHUB_CLIENT_CONFIRMATION_OK"
6208,10416800078,10416800119,1,"IOTHUB_CLIENT_CONFIRMATION_OK"
6209,10416800278,10416800314,1,"IOTHUB_CLIENT_CONFIRMATION_OK"
6210,10416800478,10416800528,1,"IOTHUB_CLIENT_CONFIRMATION_OK"
6211,10416800679,10416800718,1,"IOTHUB_CLIENT_CONFIRMATION_OK"
6212,10416800879,10416800937,1,"IOTHUB_CLIENT_CONFIRMATION_OK"
6213,10416801079,10416801135,1,"IOTHUB_CLIENT_CONFIRMATION_OK"
6214,10416801279,10416801320,1,"IOTHUB_CLIENT_CONFIRMATION_OK"
6215,10416801479,10416801517,1,"IOTHUB_CLIENT_CONFIRMATION_OK"
6216,10416801679,10416801723,1,"IOTHUB_CLIENT_CONFIRMATION_OK"
6217,10416801879,10416801915,1,"IOTHUB_CLIENT_CONFIRMATION_OK"
6218,10416802080,10416802127,1,"IOTHUB_CLIENT_CONFIRMATION_OK"
6219,10416802280,10416802322,1,"IOTHUB_CLIENT_CONFIRMATION_OK"
6220,10416802480,10416802719,1,"IOTHUB_CLIENT_CONFIRMATION_OK"
6221,10416802680,10416802746,1,"IOTHUB_CLIENT_CONFIRMATION_OK"
6222,10416802880,10416802927,1,"IOTHUB_CLIENT_CONFIRMATION_OK"
6223,10416803080,10416803139,1,"IOTHUB_CLIENT_CONFIRMATION_OK"
6224,10416803281,10416803338,1,"IOTHUB_CLIENT_CONFIRMATION_OK"
6225,10416803481,10416803518,1,"IOTHUB_CLIENT_CONFIRMATION_OK"
6226,10416803681,10416803731,1,"IOTHUB_CLIENT_CONFIRMATION_OK"
6227,10416803881,10416803933,1,"IOTHUB_CLIENT_CONFIRMATION_OK"
6228,10416804081,10416804117,1,"IOTHUB_CLIENT_CONFIRMATION_OK"
6229,10416804281,10416804330,1,"IOTHUB_CLIENT_CONFIRMATION_OK"
6230,10416804482,10416804531,1,"IOTHUB_CLIENT_CONFIRMATION_OK"
6231,10416804682,10416804716,1,"IOTHUB_CLIENT_CONFIRMATION_OK"
6232,10416804882,10416804930,1,"IOTHUB_CLIENT_CONFIRMATION_OK"
6233,10416805082,10416805159,1,"IOTHUB_CLIENT_CONFIRMATION_OK"
6234,10416805282,10416805389,1,"IOTHUB_CLIENT_CONFIRMATION_OK"
6235,10416805482,10416805526,1,"IOTHUB_CLIENT_CONFIRMATION_OK"
6236,10416805682,10416805754,1,"IOTHUB_CLIENT_CONFIRMATION_OK"
6237,10416805883,10416805927,1,"IOTHUB_CLIENT_CONFIRMATION_OK"
6238,10416806083,10416806120,1,"IOTHUB_CLIENT_CONFIRMATION_OK"
6239,10416806283,10416806340,1,"IOTHUB_CLIENT_CONFIRMATION_OK"
6240,10416806483,10416806533,1,"IOTHUB_CLIENT_CONFIRMATION_OK"
6241,10416806683,10416806727,1,"IOTHUB_CLIENT_CONFIRMATION_OK"
6242,10416806883,10416806927,1,"IOTHUB_CLIENT_CONFIRMATION_OK"
6243,10416807083,10416807122,1,"IOTHUB_CLIENT_CONFIRMATION_OK"
6244,10416807284,10416807325,1,"IOTHUB_CLIENT_CONFIRMATION_OK"
6245,10416807484,10416807528,1,"IOTHUB_CLIENT_CONFIRMATION_OK"
6246,10416807684,10416807820,1,"IOTHUB_CLIENT_CONFIRMATION_OK"
6247,10416807884,10416807928,1,"IOTHUB_CLIENT_CONFIRMATION_OK"
6248,10416808084,10416808120,1,"IOTHUB_CLIENT_CONFIRMATION_OK"
6249,10416808284,10416808433,1,"IOTHUB_CLIENT_CONFIRMATION_OK"
6250,10416808485,10416808533,1,"IOTHUB_CLIENT_CONFIRMATION_OK"
6251,10416808685,10416808739,1,"IOTHUB_CLIENT_CONFIRMATION_OK"
6252,10416808885,10416808933,1,"IOTHUB_CLIENT_CONFIRMATION_OK"
6253,10416809085,10416809131,1,"IOTHUB_CLIENT_CONFIRMATION_OK"
6254,10416809285,10416809321,1,"IOTHUB_CLIENT_CONFIRMATION_OK"
6255,10416809485,10416809520,1,"IOTHUB_CLIENT_CONFIRMATION_OK"
6256,10416809686,10416809815,1,"IOTHUB_CLIENT_CONFIRMATION_OK"
6257,10416809886,10416809940,1,"IOTHUB_CLIENT_CONFIRMATION_OK"
6258,10416810086,10416810125,1,"IOTHUB_CLIENT_CONFIRMATION_OK"
6259,10416810286,10416810337,1,"IOTHUB_CLIENT_CONFIRMATION_OK"
6260,10416810486,10416810529,1,"IOTHUB_CLIENT_CONFIRMATION_OK"
6261,10416810686,10416810727,1,"IOTHUB_CLIENT_CONFIRMATION_OK"
6262,10416810886,10416810927,1,"IOTHUB_CLIENT_CONFIRMATION_OK"
6263,10416811087,10416811125,1,"IOTHUB_CLIENT_CONFIRMATION_OK"
6264,10416811287,10416811324,1,"IOTHUB_CLIENT_CONFIRMATION_OK"
6265,10416811487,10416811525,1,"IOTHUB_CLIENT_CONFIRMATION_OK"
6266,10416811687,10416811946,1,"IOTHUB_CLIENT_CONFIRMATION_OK"
6267,10416811887,10416812010,1,"IOTHUB_CLIENT_CONFIRMATION_OK"
6268,10416812087,10416812125,1,"IOTHUB_CLIENT_CONFIRMATION_OK"
6269,10416812288,10416812340,1,"IOTHUB_CLIENT_CONFIRMATION_OK"
6270,10416812488,10416812525,1,"IOTHUB_CLIENT_CONFIRMATION_OK"
6271,10416812688,10416812721,1,"IOTHUB_CLIENT_CONFIRMATION_OK"
6272,10416812888,10416812965,1,"IOTHUB_CLIENT_CONFIRMATION_OK"
6273,10416813088,10416813142,1,"IOTHUB_CLIENT_CONFIRMATION_OK"
6274,10416813288,10416813322,1,"IOTHUB_CLIENT_CONFIRMATION_OK"
6275,10416813488,10416813582,1,"IOTHUB_CLIENT_CONFIRMATION_OK"
6276,10416813689,10416813731,1,"IOTHUB_CLIENT_CONFIRMATION_OK"
6277,10416813889,10416813960,1,"IOTHUB_CLIENT_CONFIRMATION_OK"
6278,10416814089,10416814206,1,"IOTHUB_CLIENT_CONFIRMATION_OK"
6279,10416814289,10416814333,1,"IOTHUB_CLIENT_CONFIRMATION_OK"
6280,10416814489,10416814537,1,"IOTHUB_CLIENT_CONFIRMATION_OK"
6281,10416814689,10416814727,1,"IOTHUB_CLIENT_CONFIRMATION_OK"
6282,10416814890,10416814952,1,"IOTHUB_CLIENT_CONFIRMATION_OK"
6283,10416815090,10416815130,1,"IOTHUB_CLIENT_CONFIRMATION_OK"
6284,10416815290,10416815332,1,"IOTHUB_CLIENT_CONFIRMATION_OK"
6285,10416815490,10416815534,1,"IOTHUB_CLIENT_CONFIRMATION_OK"
6286,10416815690,10416815738,1,"IOTHUB_CLIENT_CONFIRMATION_OK"
6287,10416815890,10416815953,1,"IOTHUB_CLIENT_CONFIRMATION_OK"
6288,10416816090,10416816147,1,"IOTHUB_CLIENT_CONFIRMATION_OK"
6289,10416816291,10416816340,1,"IOTHUB_CLIENT_CONFIRMATION_OK"
6290,10416816491,10416816577,1,"IOTHUB_CLIENT_CONFIRMATION_OK"
6291,10416816691,10416816725,1,"IOTHUB_CLIENT_CONFIRMATION_OK"
6292,10416816891,10416816942,1,"IOTHUB_CLIENT_CONFIRMATION_OK"
6293,10416817091,10416817175,1,"IOTHUB_CLIENT_CONFIRMATION_OK"
6294,10416817291,10416817334,1,"IOTHUB_CLIENT_CONFIRMATION_OK"
6295,10416817491,10416817534,1,"IOTHUB_CLIENT_CONFIRMATION_OK"
6296,10416817692,10416817728,1,"IOTHUB_CLIENT_CONFIRMATION_OK"
6297,10416817892,10416817941,1,"IOTHUB_CLIENT_CONFIRMATION_OK"
6298,10416818092,10416818135,1,"IOTHUB_CLIENT_CONFIRMATION_OK"
6299,10416818292,10416818345,1,"IOTHUB_CLIENT_CONFIRMATION_OK"
6300,10416818492,10416818528,1,"IOTHUB_CLIENT_CONFIRMATION_OK"
6301,10416818692,10416818750,1,"IOTHUB_CLIENT_CONFIRMATION_OK"
6302,10416818892,10416818959,1,"IOTHUB_CLIENT_CONFIRMATION_OK"
6303,10416819093,10416819136,1,"IOTHUB_CLIENT_CONFIRMATION_OK"
6304,10416819293,10416819356,1,"IOTHUB_CLIENT_CONFIRMATION_OK"
6305,10416819493,10416819606,1,"IOTHUB_CLIENT_CONFIRMATION_OK"
6306,10416819693,10416819735,1,"IOTHUB_CLIENT_CONFIRMATION_OK"
6307,10416819893,10416820026,1,"IOTHUB_CLIENT_CONFIRMATION_OK"
6308,10416820093,10416820144,1,"IOTHUB_CLIENT_CONFIRMATION_OK"
6309,10416820293,10416820338,1,"IOTHUB_CLIENT_CONFIRMATION_OK"
6310,10416820494,10416820550,1,"IOTHUB_CLIENT_CONFIRMATION_OK"
6311,10416820694,10416820736,1,"IOTHUB_CLIENT_CONFIRMATION_OK"
6312,10416820894,10416820935,1,"IOTHUB_CLIENT_CONFIRMATION_OK"
6313,10416821094,10416821129,1,"IOTHUB_CLIENT_CONFIRMATION_OK"
6314,10416821295,10416821360,1,"IOTHUB_CLIENT_CONFIRMATION_OK"
6315,10416821495,10416821566,1,"IOTHUB_CLIENT_CONFIRMATION_OK"
6316,10416821695,10416821808,1,"IOTHUB_CLIENT_CONFIRMATION_OK"
6317,10416821895,10416821943,1,"IOTHUB_CLIENT_CONFIRMATION_OK"
6318,10416822095,10416822133,1,"IOTHUB_CLIENT_CONFIRMATION_OK"
6319,10416822295,10416822338,1,"IOTHUB_CLIENT_CONFIRMATION_OK"
6320,10416822496,10416822682,1,"IOTHUB_CLIENT_CONFIRMATION_OK"
6321,10416822696,10416822739,1,"IOTHUB_CLIENT_CONFIRMATION_OK"
6322,10416822896,10416822949,1,"IOTHUB_CLIENT_CONFIRMATION_OK"
6323,10416823096,10416823137,1,"IOTHUB_CLIENT_CONFIRMATION_OK"
6324,10416823296,10416823332,1,"IOTHUB_CLIENT_CONFIRMATION_OK"
6325,10416823496,10416823550,1,"IOTHUB_CLIENT_CONFIRMATION_OK"
6326,10416823697,10416823733,1,"IOTHUB_CLIENT_CONFIRMATION_OK"
6327,10416823897,10416823961,1,"IOTHUB_CLIENT_CONFIRMATION_OK"
6328,10416824097,10416824138,1,"IOTHUB_CLIENT_CONFIRMATION_OK"
6329,10416824297,10416824339,1,"IOTHUB_CLIENT_CONFIRMATION_OK"
6330,10416824497,10416824554,1,"IOTHUB_CLIENT_CONFIRMATION_OK"
6331,10416824697,10416824759,1,"IOTHUB_CLIENT_CONFIRMATION_OK"
6332,10416824897,10416824939,1,"IOTHUB_CLIENT_CONFIRMATION_OK"
6333,10416825098,10416825140,1,"IOTHUB_CLIENT_CONFIRMATION_OK"
6334,10416825298,10416825350,1,"IOTHUB_CLIENT_CONFIRMATION_OK"
6335,10416825498,10416825549,1,"IOTHUB_CLIENT_CONFIRMATION_OK"
6336,10416825698,10416825740,1,"IOTHUB_CLIENT_CONFIRMATION_OK"
6337,10416825898,10416825943,1,"IOTHUB_CLIENT_CONFIRMATION_OK"
6338,10416826098,10416826142,1,"IOTHUB_CLIENT_CONFIRMATION_OK"
6339,10416826299,10416826337,1,"IOTHUB_CLIENT_CONFIRMATION_OK"
6340,10416826499,10416826566,1,"IOTHUB_CLIENT_CONFIRMATION_OK"
6341,10416826699,10416826743,1,"IOTHUB_CLIENT_CONFIRMATION_OK"
6342,10416826899,10416826937,1,"IOTHUB_CLIENT_CONFIRMATION_OK"
6343,10416827099,10416827181,1,"IOTHUB_CLIENT_CONFIRMATION_OK"
6344,10416827299,10416827346,1,"IOTHUB_CLIENT_CONFIRMATION_OK"
6345,10416827499,10416827570,1,"IOTHUB_CLIENT_CONFIRMATION_OK"
6346,10416827700,10416827804,1,"IOTHUB_CLIENT_CONFIRMATION_OK"
6347,10416827900,10416827935,1,"IOTHUB_CLIENT_CONFIRMATION_OK"
6348,10416828100,10416828144,1,"IOTHUB_CLIENT_CONFIRMATION_OK"
6349,10416828300,10416828409,1,"IOTHUB_CLIENT_CONFIRMATION_OK"
6350,10416828500,10416828537,1,"IOTHUB_CLIENT_CONFIRMATION_OK"
6351,10416828700,10416828879,1,"IOTHUB_CLIENT_CONFIRMATION_OK"
6352,10416828901,10416828939,1,"IOTHUB_CLIENT_CONFIRMATION_OK"
6353,10416829101,10416829140,1,"IOTHUB_CLIENT_CONFIRMATION_OK"
6354,10416829301,10416829353,1,"IOTHUB_CLIENT_CONFIRMATION_OK"
6355,10416829501,10416829545,1,"IOTHUB_CLIENT_CONFIRMATION_OK"
6356,10416829701,10416829747,1,"IOTHUB_CLIENT_CONFIRMATION_OK"
6357,10416829901,10416829944,1,"IOTHUB_CLIENT_CONFIRMATION_OK"
6358,10416830102,10416830153,1,"IOTHUB_CLIENT_CONFIRMATION_OK"
6359,10416830302,10416830343,1,"IOTHUB_CLIENT_CONFIRMATION_OK"
6360,10416830502,10416830541,1,"IOTHUB_CLIENT_CONFIRMATION_OK"
6361,10416830702,10416830739,1,"IOTHUB_CLIENT_CONFIRMATION_OK"
6362,10416830902,10416830940,1,"IOTHUB_CLIENT_CONFIRMATION_OK"
6363,10416831102,10416831153,1,"IOTHUB_CLIENT_CONFIRMATION_OK"
6364,10416831302,10416831343,1,"IOTHUB_CLIENT_CONFIRMATION_OK"
6365,10416831503,10416831554,1,"IOTHUB_CLIENT_CONFIRMATION_OK"
6366,10416831703,10416831760,1,"IOTHUB_CLIENT_CONFIRMATION_OK"
6367,10416831903,10416831940,1,"IOTHUB_CLIENT_CONFIRMATION_OK"
6368,10416832103,10416832151,1,"IOTHUB_CLIENT_CONFIRMATION_OK"
6369,10416832303,10416832365,1,"IOTHUB_CLIENT_CONFIRMATION_OK"
6370,10416832503,10416832542,1,"IOTHUB_CLIENT_CONFIRMATION_OK"
6371,10416832704,10416832750,1,"IOTHUB_CLIENT_CONFIRMATION_OK"
6372,10416832904,10416833028,1,"IOTHUB_CLIENT_CONFIRMATION_OK"
6373,10416833104,10416833166,1,"IOTHUB_CLIENT_CONFIRMATION_OK"
6374,10416833304,10416833375,1,"IOTHUB_CLIENT_CONFIRMATION_OK"
6375,10416833504,10416833589,1,"IOTHUB_CLIENT_CONFIRMATION_OK"
6376,10416833704,10416833777,1,"IOTHUB_CLIENT_CONFIRMATION_OK"
6377,10416833904,10416833944,1,"IOTHUB_CLIENT_CONFIRMATION_OK"
6378,10416834105,10416834246,1,"IOTHUB_CLIENT_CONFIRMATION_OK"
6379,10416834305,10416834362,1,"IOTHUB_CLIENT_CONFIRMATION_OK"
6380,10416834505,10416834570,1,"IOTHUB_CLIENT_CONFIRMATION_OK"
6381,10416834705,10416834754,1,"IOTHUB_CLIENT_CONFIRMATION_OK"
6382,10416834905,10416835075,1,"IOTHUB_CLIENT_CONFIRMATION_OK"
6383,10416835105,10416835157,1,"IOTHUB_CLIENT_CONFIRMATION_OK"
6384,10416835306,10416835359,1,"IOTHUB_CLIENT_CONFIRMATION_OK"
6385,10416835506,10416835551,1,"IOTHUB_CLIENT_CONFIRMATION_OK"
6386,10416835706,10416835755,1,"IOTHUB_CLIENT_CONFIRMATION_OK"
6387,10416835906,10416835944,1,"IOTHUB_CLIENT_CONFIRMATION_OK"
6388,10416836106,10416836187,1,"IOTHUB_CLIENT_CONFIRMATION_OK"
6389,10416836306,10416836365,1,"IOTHUB_CLIENT_CONFIRMATION_OK"
6390,10416836507,10416836547,1,"IOTHUB_CLIENT_CONFIRMATION_OK"
6391,10416836707,10416836896,1,"IOTHUB_CLIENT_CONFIRMATION_OK"
6392,10416836907,10416836943,1,"IOTHUB_CLIENT_CONFIRMATION_OK"
6393,10416837107,10416837159,1,"IOTHUB_CLIENT_CONFIRMATION_OK"
6394,10416837307,10416837357,1,"IOTHUB_CLIENT_CONFIRMATION_OK"
6395,10416837507,10416837551,1,"IOTHUB_CLIENT_CONFIRMATION_OK"
6396,10416837707,10416837745,1,"IOTHUB_CLIENT_CONFIRMATION_OK"
6397,10416837908,10416837946,1,"IOTHUB_CLIENT_CONFIRMATION_OK"
6398,10416838108,10416838146,1,"IOTHUB_CLIENT_CONFIRMATION_OK"
6399,10416838308,10416838349,1,"IOTHUB_CLIENT_CONFIRMATION_OK"
6400,10416838508,10416838603,1,"IOTHUB_CLIENT_CONFIRMATION_OK"
6401,10416838708,10416838756,1,"IOTHUB_CLIENT_CONFIRMATION_OK"
6402,10416838908,10416838956,1,"IOTHUB_CLIENT_CONFIRMATION_OK"
6403,10416839109,10416839191,1,"IOTHUB_CLIENT_CONFIRMATION_OK"
6404,10416839309,10416839345,1,"IOTHUB_CLIENT_CONFIRMATION_OK"
6405,10416839509,10416839555,1,"IOTHUB_CLIENT_CONFIRMATION_OK"
6406,10416839709,10416839755,1,"IOTHUB_CLIENT_CONFIRMATION_OK"
6407,10416839909,10416839948,1,"IOTHUB_CLIENT_CONFIRMATION_OK"
6408,10416840109,10416840150,1,"IOTHUB_CLIENT_CONFIRMATION_OK"
6409,10416840310,10416840344,1,"IOTHUB_CLIENT_CONFIRMATION_OK"
6410,10416840510,10416840548,1,"IOTHUB_CLIENT_CONFIRMATION_OK"
6411,10416840710,10416840766,1,"IOTHUB_CLIENT_CONFIRMATION_OK"
6412,10416840910,10416840953,1,"IOTHUB_CLIENT_CONFIRMATION_OK"
6413,10416841110,10416841156,1,"IOTHUB_CLIENT_CONFIRMATION_OK"
6414,10416841310,10416841361,1,"IOTHUB_CLIENT_CONFIRMATION_OK"
6415,10416841510,10416841608,1,"IOTHUB_CLIENT_CONFIRMATION_OK"
6416,10416841711,10416841760,1,"IOTHUB_CLIENT_CONFIRMATION_OK"
6417,10416841911,10416841980,1,"IOTHUB_CLIENT_CONFIRMATION_OK"
6418,10416842111,10416842151,1,"IOTHUB_CLIENT_CONFIRMATION_OK"
6419,10416842311,10416842347,1,"IOTHUB_CLIENT_CONFIRMATION_OK"
6420,10416842511,10416842623,1,"IOTHUB_CLIENT_CONFIRMATION_OK"
6421,10416842711,10416842758,1,"IOTHUB_CLIENT_CONFIRMATION_OK"
6422,10416842912,10416842993,1,"IOTHUB_CLIENT_CONFIRMATION_OK"
6423,10416843112,10416843191,1,"IOTHUB_CLIENT_CONFIRMATION_OK"
6424,10416843312,10416843352,1,"IOTHUB_CLIENT_CONFIRMATION_OK"
6425,10416843512,10416843560,1,"IOTHUB_CLIENT_CONFIRMATION_OK"
6426,10416843712,10416843766,1,"IOTHUB_CLIENT_CONFIRMATION_OK"
6427,10416843912,10416843977,1,"IOTHUB_CLIENT_CONFIRMATION_OK"
6428,10416844113,10416844191,1,"IOTHUB_CLIENT_CONFIRMATION_OK"
6429,10416844313,10416844374,1,"IOTHUB_CLIENT_CONFIRMATION_OK"
6430,10416844513,10416844642,1,"IOTHUB_CLIENT_CONFIRMATION_OK"
6431,10416844713,10416844755,1,"IOTHUB_CLIENT_CONFIRMATION_OK"
6432,10416844913,10416844966,1,"IOTHUB_CLIENT_CONFIRMATION_OK"
6433,10416845113,10416845267,1,"IOTHUB_CLIENT_CONFIRMATION_OK"
6434,10416845314,10416845355,1,"IOTHUB_CLIENT_CONFIRMATION_OK"
6435,10416845514,10416845568,1,"IOTHUB_CLIENT_CONFIRMATION_OK"
6436,10416845714,10416845864,1,"IOTHUB_CLIENT_CONFIRMATION_OK"
6437,10416845914,10416845951,1,"IOTHUB_CLIENT_CONFIRMATION_OK"
6438,10416846114,10416846169,1,"IOTHUB_CLIENT_CONFIRMATION_OK"
6439,10416846314,10416846411,1,"IOTHUB_CLIENT_CONFIRMATION_OK"
6440,10416846515,10416846570,1,"IOTHUB_CLIENT_CONFIRMATION_OK"
6441,10416846715,10416846755,1,"IOTHUB_CLIENT_CONFIRMATION_OK"
6442,10416846915,10416846962,1,"IOTHUB_CLIENT_CONFIRMATION_OK"
6443,10416847115,10416847154,1,"IOTHUB_CLIENT_CONFIRMATION_OK"
6444,10416847315,10416847360,1,"IOTHUB_CLIENT_CONFIRMATION_OK"
6445,10416847515,10416847555,1,"IOTHUB_CLIENT_CONFIRMATION_OK"
6446,10416847715,10416847759,1,"IOTHUB_CLIENT_CONFIRMATION_OK"
6447,10416847916,10416847963,1,"IOTHUB_CLIENT_CONFIRMATION_OK"
6448,10416848116,10416848223,1,"IOTHUB_CLIENT_CONFIRMATION_OK"
6449,10416848316,10416848530,1,"IOTHUB_CLIENT_CONFIRMATION_OK"
6450,10416848516,10416848560,1,"IOTHUB_CLIENT_CONFIRMATION_OK"
6451,10416848716,10416848758,1,"IOTHUB_CLIENT_CONFIRMATION_OK"
6452,10416848916,10416848958,1,"IOTHUB_CLIENT_CONFIRMATION_OK"
6453,10416849117,10416849163,1,"IOTHUB_CLIENT_CONFIRMATION_OK"
6454,10416849317,10416849352,1,"IOTHUB_CLIENT_CONFIRMATION_OK"
6455,10416849517,10416849569,1,"IOTHUB_CLIENT_CONFIRMATION_OK"
6456,10416849717,10416849774,1,"IOTHUB_CLIENT_CONFIRMATION_OK"
6457,10416849917,10416849963,1,"IOTHUB_CLIENT_CONFIRMATION_OK"
6458,10416850117,10416850155,1,"IOTHUB_CLIENT_CONFIRMATION_OK"
6459,10416850317,10416850387,1,"IOTHUB_CLIENT_CONFIRMATION_OK"
6460,10416850518,10416850562,1,"IOTHUB_CLIENT_CONFIRMATION_OK"
6461,10416850718,10416850756,1,"IOTHUB_CLIENT_CONFIRMATION_OK"
6462,10416850918,10416850984,1,"IOTHUB_CLIENT_CONFIRMATION_OK"
6463,10416851118,10416851160,1,"IOTHUB_CLIENT_CONFIRMATION_OK"
6464,10416851318,10416851365,1,"IOTHUB_CLIENT_CONFIRMATION_OK"
6465,10416851518,10416851572,1,"IOTHUB_CLIENT_CONFIRMATION_OK"
6466,10416851719,10416851767,1,"IOTHUB_CLIENT_CONFIRMATION_OK"
6467,10416851919,10416851979,1,"IOTHUB_CLIENT_CONFIRMATION_OK"
6468,10416852119,10416852154,1,"IOTHUB_CLIENT_CONFIRMATION_OK"
6469,10416852319,10416852354,1,"IOTHUB_CLIENT_CONFIRMATION_OK"
6470,10416852519,10416852570,1,"IOTHUB_CLIENT_CONFIRMATION_OK"
6471,10416852719,10416852758,1,"IOTHUB_CLIENT_CONFIRMATION_OK"
6472,10416852920,10416853095,1,"IOTHUB_CLIENT_CONFIRMATION_OK"
6473,10416853120,10416853159,1,"IOTHUB_CLIENT_CONFIRMATION_OK"
6474,10416853320,10416853366,1,"IOTHUB_CLIENT_CONFIRMATION_OK"
6475,10416853520,10416853663,1,"IOTHUB_CLIENT_CONFIRMATION_OK"
6476,10416853720,10416853842,1,"IOTHUB_CLIENT_CONFIRMATION_OK"
6477,10416853920,10416853981,1,"IOTHUB_CLIENT_CONFIRMATION_OK"
6478,10416854120,10416854297,1,"IOTHUB_CLIENT_CONFIRMATION_OK"
6479,10416854321,10416854359,1,"IOTHUB_CLIENT_CONFIRMATION_OK"
6480,10416854521,10416854566,1,"IOTHUB_CLIENT_CONFIRMATION_OK"
6481,10416854721,10416854788,1,"IOTHUB_CLIENT_CONFIRMATION_OK"
6482,10416854921,10416854964,1,"IOTHUB_CLIENT_CONFIRMATION_OK"
6483,10416855121,10416855160,1,"IOTHUB_CLIENT_CONFIRMATION_OK"
6484,10416855321,10416855378,1,"IOTHUB_CLIENT_CONFIRMATION_OK"
6485,10416855521,10416855568,1,"IOTHUB_CLIENT_CONFIRMATION_OK"
6486,10416855722,10416855765,1,"IOTHUB_CLIENT_CONFIRMATION_OK"
6487,10416855922,10416855963,1,"IOTHUB_CLIENT_CONFIRMATION_OK"
6488,10416856122,10416856164,1,"IOTHUB_CLIENT_CONFIRMATION_OK"
6489,10416856322,10416856431,1,"IOTHUB_CLIENT_CONFIRMATION_OK"
6490,10416856522,10416856572,1,"IOTHUB_CLIENT_CONFIRMATION_OK"
6491,10416856722,10416856907,1,"IOTHUB_CLIENT_CONFIRMATION_OK"
6492,10416856923,10416856959,1,"IOTHUB_CLIENT_CONFIRMATION_OK"
6493,10416857123,10416857162,1,"IOTHUB_CLIENT_CONFIRMATION_OK"
6494,10416857323,10416857386,1,"IOTHUB_CLIENT_CONFIRMATION_OK"
6495,10416857523,10416857611,1,"IOTHUB_CLIENT_CONFIRMATION_OK"
6496,10416857723,10416857773,1,"IOTHUB_CLIENT_CONFIRMATION_OK"
6497,10416857923,10416857984,1,"IOTHUB_CLIENT_CONFIRMATION_OK"
6498,10416858123,10416858219,1,"IOTHUB_CLIENT_CONFIRMATION_OK"
6499,10416858324,10416858365,1,"IOTHUB_CLIENT_CONFIRMATION_OK"
6500,10416858524,10416858560,1,"IOTHUB_CLIENT_CONFIRMATION_OK"
6501,10416858724,10416858843,1,"IOTHUB_CLIENT_CONFIRMATION_OK"
6502,10416858924,10416858973,1,"IOTHUB_CLIENT_CONFIRMATION_OK"
6503,10416859124,10416859195,1,"IOTHUB_CLIENT_CONFIRMATION_OK"
6504,10416859324,10416859460,1,"IOTHUB_CLIENT_CONFIRMATION_OK"
6505,10416859525,10416859558,1,"IOTHUB_CLIENT_CONFIRMATION_OK"
6506,10416859725,10416859778,1,"IOTHUB_CLIENT_CONFIRMATION_OK"
6507,10416859925,10416860056,1,"IOTHUB_CLIENT_CONFIRMATION_OK"
6508,10416860125,10416860190,1,"IOTHUB_CLIENT_CONFIRMATION_OK"
6509,10416860325,10416860403,1,"IOTHUB_CLIENT_CONFIRMATION_OK"
6510,10416860525,10416860563,1,"IOTHUB_CLIENT_CONFIRMATION_OK"
6511,10416860725,10416860785,1,"IOTHUB_CLIENT_CONFIRMATION_OK"
6512,10416860926,10416860986,1,"IOTHUB_CLIENT_CONFIRMATION_OK"
6513,10416861126,10416861167,1,"IOTHUB_CLIENT_CONFIRMATION_OK"
6514,10416861326,10416861368,1,"IOTHUB_CLIENT_CONFIRMATION_OK"
6515,10416861526,10416861573,1,"IOTHUB_CLIENT_CONFIRMATION_OK"
6516,10416861726,10416861769,1,"IOTHUB_CLIENT_CONFIRMATION_OK"
6517,10416861926,10416861995,1,"IOTHUB_CLIENT_CONFIRMATION_OK"
6518,10416862126,10416862162,1,"IOTHUB_CLIENT_CONFIRMATION_OK"
6519,10416862327,10416862366,1,"IOTHUB_CLIENT_CONFIRMATION_OK"
6520,10416862527,10416862724,1,"IOTHUB_CLIENT_CONFIRMATION_OK"
6521,10416862727,10416862771,1,"IOTHUB_CLIENT_CONFIRMATION_OK"
6522,10416862927,10416862975,1,"IOTHUB_CLIENT_CONFIRMATION_OK"
6523,10416863127,10416863241,1,"IOTHUB_CLIENT_CONFIRMATION_OK"
6524,10416863327,10416863413,1,"IOTHUB_CLIENT_CONFIRMATION_OK"
6525,10416863528,10416863609,1,"IOTHUB_CLIENT_CONFIRMATION_OK"
6526,10416863728,10416863770,1,"IOTHUB_CLIENT_CONFIRMATION_OK"
6527,10416863928,10416863975,1,"IOTHUB_CLIENT_CONFIRMATION_OK"
6528,10416864128,10416864168,1,"IOTHUB_CLIENT_CONFIRMATION_OK"
6529,10416864328,10416864368,1,"IOTHUB_CLIENT_CONFIRMATION_OK"
6530,10416864528,10416864570,1,"IOTHUB_CLIENT_CONFIRMATION_OK"
6531,10416864728,10416864770,1,"IOTHUB_CLIENT_CONFIRMATION_OK"
6532,10416864929,10416864983,1,"IOTHUB_CLIENT_CONFIRMATION_OK"
6533,10416865129,10416865174,1,"IOTHUB_CLIENT_CONFIRMATION_OK"
6534,10416865329,10416865371,1,"IOTHUB_CLIENT_CONFIRMATION_OK"
6535,10416865529,10416865604,1,"IOTHUB_CLIENT_CONFIRMATION_OK"
6536,10416865729,10416865783,1,"IOTHUB_CLIENT_CONFIRMATION_OK"
6537,10416865929,10416865968,1,"IOTHUB_CLIENT_CONFIRMATION_OK"
6538,10416866129,10416866179,1,"IOTHUB_CLIENT_CONFIRMATION_OK"
6539,10416866330,10416866425,1,"IOTHUB_CLIENT_CONFIRMATION_OK"
6540,10416866530,10416866644,1,"IOTHUB_CLIENT_CONFIRMATION_OK"
6541,10416866730,10416866798,1,"IOTHUB_CLIENT_CONFIRMATION_OK"
6542,10416866930,10416866981,1,"IOTHUB_CLIENT_CONFIRMATION_OK"
6543,10416867130,10416867232,1,"IOTHUB_CLIENT_CONFIRMATION_OK"
6544,10416867330,10416867370,1,"IOTHUB_CLIENT_CONFIRMATION_OK"
6545,10416867530,10416867571,1,"IOTHUB_CLIENT_CONFIRMATION_OK"
6546,10416867731,10416867853,1,"IOTHUB_CLIENT_CONFIRMATION_OK"
6547,10416867931,10416867972,1,"IOTHUB_CLIENT_CONFIRMATION_OK"
6548,10416868131,10416868175,1,"IOTHUB_CLIENT_CONFIRMATION_OK"
6549,10416868331,10416868442,1,"IOTHUB_CLIENT_CONFIRMATION_OK"
6550,10416868531,10416868580,1,"IOTHUB_CLIENT_CONFIRMATION_OK"
6551,10416868731,10416868774,1,"IOTHUB_CLIENT_CONFIRMATION_OK"
6552,10416868932,10416868969,1,"IOTHUB_CLIENT_CONFIRMATION_OK"
6553,10416869132,10416869175,1,"IOTHUB_CLIENT_CONFIRMATION_OK"
6554,10416869332,10416869367,1,"IOTHUB_CLIENT_CONFIRMATION_OK"
6555,10416869532,10416869568,1,"IOTHUB_CLIENT_CONFIRMATION_OK"
6556,10416869732,10416869785,1,"IOTHUB_CLIENT_CONFIRMATION_OK"
6557,10416869932,10416869976,1,"IOTHUB_CLIENT_CONFIRMATION_OK"
6558,10416870132,10416870187,1,"IOTHUB_CLIENT_CONFIRMATION_OK"
6559,10416870333,10416870376,1,"IOTHUB_CLIENT_CONFIRMATION_OK"
6560,10416870533,10416870584,1,"IOTHUB_CLIENT_CONFIRMATION_OK"
6561,10416870733,10416870813,1,"IOTHUB_CLIENT_CONFIRMATION_OK"
6562,10416870933,10416871099,1,"IOTHUB_CLIENT_CONFIRMATION_OK"
6563,10416871133,10416871174,1,"IOTHUB_CLIENT_CONFIRMATION_OK"
6564,10416871333,10416871381,1,"IOTHUB_CLIENT_CONFIRMATION_OK"
6565,10416871533,10416871573,1,"IOTHUB_CLIENT_CONFIRMATION_OK"
6566,10416871734,10416871773,1,"IOTHUB_CLIENT_CONFIRMATION_OK"
6567,10416871934,10416871966,1,"IOTHUB_CLIENT_CONFIRMATION_OK"
6568,10416872134,10416872172,1,"IOTHUB_CLIENT_CONFIRMATION_OK"
6569,10416872334,10416872464,1,"IOTHUB_CLIENT_CONFIRMATION_OK"
6570,10416872534,10416872574,1,"IOTHUB_CLIENT_CONFIRMATION_OK"
6571,10416872734,10416872774,1,"IOTHUB_CLIENT_CONFIRMATION_OK"
6572,10416872935,10416872993,1,"IOTHUB_CLIENT_CONFIRMATION_OK"
6573,10416873135,10416873217,1,"IOTHUB_CLIENT_CONFIRMATION_OK"
6574,10416873335,10416873369,1,"IOTHUB_CLIENT_CONFIRMATION_OK"
6575,10416873535,10416873575,1,"IOTHUB_CLIENT_CONFIRMATION_OK"
6576,10416873735,10416873798,1,"IOTHUB_CLIENT_CONFIRMATION_OK"
6577,10416873935,10416873977,1,"IOTHUB_CLIENT_CONFIRMATION_OK"
6578,10416874135,10416874323,1,"IOTHUB_CLIENT_CONFIRMATION_OK"
6579,10416874336,10416874387,1,"IOTHUB_CLIENT_CONFIRMATION_OK"
6580,10416874536,10416874575,1,"IOTHUB_CLIENT_CONFIRMATION_OK"
6581,10416874736,10416874778,1,"IOTHUB_CLIENT_CONFIRMATION_OK"
6582,10416874936,10416874990,1,"IOTHUB_CLIENT_CONFIRMATION_OK"
6583,10416875136,10416875190,1,"IOTHUB_CLIENT_CONFIRMATION_OK"
6584,10416875336,10416875400,1,"IOTHUB_CLIENT_CONFIRMATION_OK"
6585,10416875537,10416875616,1,"IOTHUB_CLIENT_CONFIRMATION_OK"
6586,10416875737,10416875792,1,"IOTHUB_CLIENT_CONFIRMATION_OK"
6587,10416875937,10416875997,1,"IOTHUB_CLIENT_CONFIRMATION_OK"
6588,10416876137,10416876210,1,"IOTHUB_CLIENT_CONFIRMATION_OK"
6589,10416876337,10416876385,1,"IOTHUB_CLIENT_CONFIRMATION_OK"
6590,10416876537,10416876577,1,"IOTHUB_CLIENT_CONFIRMATION_OK"
6591,10416876737,10416876878,1,"IOTHUB_CLIENT_CONFIRMATION_OK"
6592,10416876938,10416876992,1,"IOTHUB_CLIENT_CONFIRMATION_OK"
6593,10416877138,10416877218,1,"IOTHUB_CLIENT_CONFIRMATION_OK"
6594,10416877338,10416877485,1,"IOTHUB_CLIENT_CONFIRMATION_OK"
6595,10416877538,10416877582,1,"IOTHUB_CLIENT_CONFIRMATION_OK"
6596,10416877738,10416877775,1,"IOTHUB_CLIENT_CONFIRMATION_OK"
6597,10416877938,10416878002,1,"IOTHUB_CLIENT_CONFIRMATION_OK"
6598,10416878139,10416878198,1,"IOTHUB_CLIENT_CONFIRMATION_OK"
6599,10416878339,10416878409,1,"IOTHUB_CLIENT_CONFIRMATION_OK"
6600,10416878539,10416878592,1,"IOTHUB_CLIENT_CONFIRMATION_OK"
6601,10416878739,10416878786,1,"IOTHUB_CLIENT_CONFIRMATION_OK"
6602,10416878939,10416878985,1,"IOTHUB_CLIENT_CONFIRMATION_OK"
6603,10416879139,10416879181,1,"IOTHUB_CLIENT_CONFIRMATION_OK"
6604,10416879340,10416879446,1,"IOTHUB_CLIENT_CONFIRMATION_OK"
6605,10416879540,10416879577,1,"IOTHUB_CLIENT_CONFIRMATION_OK"
6606,10416879740,10416879781,1,"IOTHUB_CLIENT_CONFIRMATION_OK"
6607,10416879940,10416880134,1,"IOTHUB_CLIENT_CONFIRMATION_OK"
6608,10416880140,10416880181,1,"IOTHUB_CLIENT_CONFIRMATION_OK"
6609,10416880340,10416880375,1,"IOTHUB_CLIENT_CONFIRMATION_OK"
6610,10416880540,10416880585,1,"IOTHUB_CLIENT_CONFIRMATION_OK"
6611,10416880741,10416880788,1,"IOTHUB_CLIENT_CONFIRMATION_OK"
6612,10416880941,10416880977,1,"IOTHUB_CLIENT_CONFIRMATION_OK"
6613,10416881141,10416881195,1,"IOTHUB_CLIENT_CONFIRMATION_OK"
6614,10416881341,10416881397,1,"IOTHUB_CLIENT_CONFIRMATION_OK"
6615,10416881541,10416881595,1,"IOTHUB_CLIENT_CONFIRMATION_OK"
6616,10416881741,10416881813,1,"IOTHUB_CLIENT_CONFIRMATION_OK"
6617,10416881942,10416882006,1,"IOTHUB_CLIENT_CONFIRMATION_OK"
6618,10416882142,10416882246,1,"IOTHUB_CLIENT_CONFIRMATION_OK"
6619,10416882342,10416882393,1,"IOTHUB_CLIENT_CONFIRMATION_OK"
6620,10416882542,10416882648,1,"IOTHUB_CLIENT_CONFIRMATION_OK"
6621,10416882742,10416882786,1,"IOTHUB_CLIENT_CONFIRMATION_OK"
6622,10416882942,10416882980,1,"IOTHUB_CLIENT_CONFIRMATION_OK"
6623,10416883142,10416883188,1,"IOTHUB_CLIENT_CONFIRMATION_OK"
6624,10416883343,10416883385,1,"IOTHUB_CLIENT_CONFIRMATION_OK"
6625,10416883543,10416883586,1,"IOTHUB_CLIENT_CONFIRMATION_OK"
6626,10416883743,10416883782,1,"IOTHUB_CLIENT_CONFIRMATION_OK"
6627,10416883943,10416883981,1,"IOTHUB_CLIENT_CONFIRMATION_OK"
6628,10416884143,10416884187,1,"IOTHUB_CLIENT_CONFIRMATION_OK"
6629,10416884343,10416884388,1,"IOTHUB_CLIENT_CONFIRMATION_OK"
6630,10416884543,10416884584,1,"IOTHUB_CLIENT_CONFIRMATION_OK"
6631,10416884744,10416884778,1,"IOTHUB_CLIENT_CONFIRMATION_OK"
6632,10416884944,10416885008,1,"IOTHUB_CLIENT_CONFIRMATION_OK"
6633,10416885144,10416885249,1,"IOTHUB_CLIENT_CONFIRMATION_OK"
6634,10416885344,10416885388,1,"IOTHUB_CLIENT_CONFIRMATION_OK"
6635,10416885544,10416885599,1,"IOTHUB_CLIENT_CONFIRMATION_OK"
6636,10416885744,10416885845,1,"IOTHUB_CLIENT_CONFIRMATION_OK"
6637,10416885944,10416885998,1,"IOTHUB_CLIENT_CONFIRMATION_OK"
6638,10416886145,10416886183,1,"IOTHUB_CLIENT_CONFIRMATION_OK"
6639,10416886345,10416886381,1,"IOTHUB_CLIENT_CONFIRMATION_OK"
6640,10416886545,10416886599,1,"IOTHUB_CLIENT_CONFIRMATION_OK"
6641,10416886745,10416886783,1,"IOTHUB_CLIENT_CONFIRMATION_OK"
6642,10416886945,10416886988,1,"IOTHUB_CLIENT_CONFIRMATION_OK"
6643,10416887145,10416887181,1,"IOTHUB_CLIENT_CONFIRMATION_OK"
6644,10416887346,10416887403,1,"IOTHUB_CLIENT_CONFIRMATION_OK"
6645,10416887546,10416887586,1,"IOTHUB_CLIENT_CONFIRMATION_OK"
6646,10416887746,10416887909,1,"IOTHUB_CLIENT_CONFIRMATION_OK"
6647,10416887946,10416888025,1,"IOTHUB_CLIENT_CONFIRMATION_OK"
6648,10416888146,10416888188,1,"IOTHUB_CLIENT_CONFIRMATION_OK"
6649,10416888346,10416888473,1,"IOTHUB_CLIENT_CONFIRMATION_OK"
6650,10416888546,10416888665,1,"IOTHUB_CLIENT_CONFIRMATION_OK"
6651,10416888747,10416888787,1,"IOTHUB_CLIENT_CONFIRMATION_OK"
6652,10416888947,10416888984,1,"IOTHUB_CLIENT_CONFIRMATION_OK"
6653,10416889147,10416889185,1,"IOTHUB_CLIENT_CONFIRMATION_OK"
6654,10416889347,10416889408,1,"IOTHUB_CLIENT_CONFIRMATION_OK"
6655,10416889547,10416889594,1,"IOTHUB_CLIENT_CONFIRMATION_OK"
6656,10416889747,10416889790,1,"IOTHUB_CLIENT_CONFIRMATION_OK"
6657,10416889947,10416889985,1,"IOTHUB_CLIENT_CONFIRMATION_OK"
6658,10416890148,10416890192,1,"IOTHUB_CLIENT_CONFIRMATION_OK"
6659,10416890348,10416890390,1,"IOTHUB_CLIENT_CONFIRMATION_OK"
6660,10416890548,10416890599,1,"IOTHUB_CLIENT_CONFIRMATION_OK"
6661,10416890748,10416890793,1,"IOTHUB_CLIENT_CONFIRMATION_OK"
6662,10416890948,10416891133,1,"IOTHUB_CLIENT_CONFIRMATION_OK"
6663,10416891148,10416891188,1,"IOTHUB_CLIENT_CONFIRMATION_OK"
6664,10416891349,10416891392,1,"IOTHUB_CLIENT_CONFIRMATION_OK"
6665,10416891549,10416891651,1,"IOTHUB_CLIENT_CONFIRMATION_OK"
6666,10416891749,10416891811,1,"IOTHUB_CLIENT_CONFIRMATION_OK"
6667,10416891949,10416891993,1,"IOTHUB_CLIENT_CONFIRMATION_OK"
6668,10416892149,10416892191,1,"IOTHUB_CLIENT_CONFIRMATION_OK"
6669,10416892349,10416892386,1,"IOTHUB_CLIENT_CONFIRMATION_OK"
6670,10416892549,10416892585,1,"IOTHUB_CLIENT_CONFIRMATION_OK"
6671,10416892750,10416892807,1,"IOTHUB_CLIENT_CONFIRMATION_OK"
6672,10416892950,10416893009,1,"IOTHUB_CLIENT_CONFIRMATION_OK"
6673,10416893150,10416893186,1,"IOTHUB_CLIENT_CONFIRMATION_OK"
6674,10416893350,10416893436,1,"IOTHUB_CLIENT_CONFIRMATION_OK"
6675,10416893550,10416893626,1,"IOTHUB_CLIENT_CONFIRMATION_OK"
6676,10416893750,10416893791,1,"IOTHUB_CLIENT_CONFIRMATION_OK"
6677,10416893951,10416893995,1,"IOTHUB_CLIENT_CONFIRMATION_OK"
6678,10416894151,10416894245,1,"IOTHUB_CLIENT_CONFIRMATION_OK"
6679,10416894351,10416894478,1,"IOTHUB_CLIENT_CONFIRMATION_OK"
6680,10416894551,10416894611,1,"IOTHUB_CLIENT_CONFIRMATION_OK"
6681,10416894751,10416894806,1,"IOTHUB_CLIENT_CONFIRMATION_OK"
6682,10416894951,10416894993,1,"IOTHUB_CLIENT_CONFIRMATION_OK"
6683,10416895151,10416895192,1,"IOTHUB_CLIENT_CONFIRMATION_OK"
6684,10416895352,10416895394,1,"IOTHUB_CLIENT_CONFIRMATION_OK"
6685,10416895552,10416895589,1,"IOTHUB_CLIENT_CONFIRMATION_OK"
6686,10416895752,10416895796,1,"IOTHUB_CLIENT_CONFIRMATION_OK"
6687,10416895952,10416896009,1,"IOTHUB_CLIENT_CONFIRMATION_OK"
6688,10416896152,10416896223,1,"IOTHUB_CLIENT_CONFIRMATION_OK"
6689,10416896352,10416896394,1,"IOTHUB_CLIENT_CONFIRMATION_OK"
6690,10416896552,10416896587,1,"IOTHUB_CLIENT_CONFIRMATION_OK"
6691,10416896753,10416896918,1,"IOTHUB_CLIENT_CONFIRMATION_OK"
6692,10416896953,10416897008,1,"IOTHUB_CLIENT_CONFIRMATION_OK"
6693,10416897153,10416897201,1,"IOTHUB_CLIENT_CONFIRMATION_OK"
6694,10416897353,10416897389,1,"IOTHUB_CLIENT_CONFIRMATION_OK"
6695,10416897553,10416897644,1,"IOTHUB_CLIENT_CONFIRMATION_OK"
6696,10416897753,10416897798,1,"IOTHUB_CLIENT_CONFIRMATION_OK"
6697,10416897953,10416898006,1,"IOTHUB_CLIENT_CONFIRMATION_OK"
6698,10416898154,10416898224,1,"IOTHUB_CLIENT_CONFIRMATION_OK"
6699,10416898354,10416898395,1,"IOTHUB_CLIENT_CONFIRMATION_OK"
6700,10416898554,10416898601,1,"IOTHUB_CLIENT_CONFIRMATION_OK"
6701,10416898754,10416898795,1,"IOTHUB_CLIENT_CONFIRMATION_OK"
6702,10416898954,10416899020,1,"IOTHUB_CLIENT_CONFIRMATION_OK"
6703,10416899154,10416899191,1,"IOTHUB_CLIENT_CONFIRMATION_OK"
6704,10416899354,10416899404,1,"IOTHUB_CLIENT_CONFIRMATION_OK"
6705,10416899555,10416899618,1,"IOTHUB_CLIENT_CONFIRMATION_OK"
6706,10416899755,10416899814,1,"IOTHUB_CLIENT_CONFIRMATION_OK"
6707,10416899955,10416900216,1,"IOTHUB_CLIENT_CONFIRMATION_OK"
6708,10416900155,10416900239,1,"IOTHUB_CLIENT_CONFIRMATION_OK"
6709,10416900355,10416900407,1,"IOTHUB_CLIENT_CONFIRMATION_OK"
6710,10416900555,10416900612,1,"IOTHUB_CLIENT_CONFIRMATION_OK"
6711,10416900756,10416900796,1,"IOTHUB_CLIENT_CONFIRMATION_OK"
6712,10416900956,10416901016,1,"IOTHUB_CLIENT_CONFIRMATION_OK"
6713,10416901156,10416901201,1,"IOTHUB_CLIENT_CONFIRMATION_OK"
6714,10416901356,10416901393,1,"IOTHUB_CLIENT_CONFIRMATION_OK"
6715,10416901556,10416901602,1,"IOTHUB_CLIENT_CONFIRMATION_OK"
6716,10416901756,10416901807,1,"IOTHUB_CLIENT_CONFIRMATION_OK"
6717,10416901957,10416902021,1,"IOTHUB_CLIENT_CONFIRMATION_OK"
6718,10416902157,10416902212,1,"IOTHUB_CLIENT_CONFIRMATION_OK"
6719,10416902357,10416902431,1,"IOTHUB_CLIENT_CONFIRMATION_OK"
6720,10416902557,10416902603,1,"IOTHUB_CLIENT_CONFIRMATION_OK"
6721,10416902757,10416902803,1,"IOTHUB_CLIENT_CONFIRMATION_OK"
6722,10416902957,10416903028,1,"IOTHUB_CLIENT_CONFIRMATION_OK"
6723,10416903157,10416903199,1,"IOTHUB_CLIENT_CONFIRMATION_OK"
6724,10416903358,10416903415,1,"IOTHUB_CLIENT_CONFIRMATION_OK"
6725,10416903558,10416903607,1,"IOTHUB_CLIENT_CONFIRMATION_OK"
6726,10416903758,10416903801,1,"IOTHUB_CLIENT_CONFIRMATION_OK"
6727,10416903958,10416904023,1,"IOTHUB_CLIENT_CONFIRMATION_OK"
6728,10416904158,10416904201,1,"IOTHUB_CLIENT_CONFIRMATION_OK"
6729,10416904358,10416904412,1,"IOTHUB_CLIENT_CONFIRMATION_OK"
6730,10416904558,10416904641,1,"IOTHUB_CLIENT_CONFIRMATION_OK"
6731,10416904758,10416904830,1,"IOTHUB_CLIENT_CONFIRMATION_OK"
6732,10416904959,10416905021,1,"IOTHUB_CLIENT_CONFIRMATION_OK"
6733,10416905159,10416905246,1,"IOTHUB_CLIENT_CONFIRMATION_OK"
6734,10416905359,10416905401,1,"IOTHUB_CLIENT_CONFIRMATION_OK"
6735,10416905559,10416905665,1,"IOTHUB_CLIENT_CONFIRMATION_OK"
6736,10416905759,10416905803,1,"IOTHUB_CLIENT_CONFIRMATION_OK"
6737,10416905959,10416906001,1,"IOTHUB_CLIENT_CONFIRMATION_OK"
6738,10416906160,10416906232,1,"IOTHUB_CLIENT_CONFIRMATION_OK"
6739,10416906360,10416906410,1,"IOTHUB_CLIENT_CONFIRMATION_OK"
6740,10416906560,10416906610,1,"IOTHUB_CLIENT_CONFIRMATION_OK"
6741,10416906760,10416906828,1,"IOTHUB_CLIENT_CONFIRMATION_OK"
6742,10416906961,10416907004,1,"IOTHUB_CLIENT_CONFIRMATION_OK"
6743,10416907161,10416907203,1,"IOTHUB_CLIENT_CONFIRMATION_OK"
6744,10416907361,10416907411,1,"IOTHUB_CLIENT_CONFIRMATION_OK"
6745,10416907561,10416907621,1,"IOTHUB_CLIENT_CONFIRMATION_OK"
6746,10416907761,10416907899,1,"IOTHUB_CLIENT_CONFIRMATION_OK"
6747,10416907961,10416908022,1,"IOTHUB_CLIENT_CONFIRMATION_OK"
6748,10416908161,10416908218,1,"IOTHUB_CLIENT_CONFIRMATION_OK"
6749,10416908362,10416908529,1,"IOTHUB_CLIENT_CONFIRMATION_OK"
6750,10416908562,10416908604,1,"IOTHUB_CLIENT_CONFIRMATION_OK"
6751,10416908762,10416908807,1,"IOTHUB_CLIENT_CONFIRMATION_OK"
6752,10416908962,10416908998,1,"IOTHUB_CLIENT_CONFIRMATION_OK"
6753,10416909162,10416909234,1,"IOTHUB_CLIENT_CONFIRMATION_OK"
6754,10416909362,10416909430,1,"IOTHUB_CLIENT_CONFIRMATION_OK"
6755,10416909563,10416909598,1,"IOTHUB_CLIENT_CONFIRMATION_OK"
6756,10416909763,10416909822,1,"IOTHUB_CLIENT_CONFIRMATION_OK"
6757,10416909963,10416910012,1,"IOTHUB_CLIENT_CONFIRMATION_OK"
6758,10416910163,10416910209,1,"IOTHUB_CLIENT_CONFIRMATION_OK"
6759,10416910363,10416910443,1,"IOTHUB_CLIENT_CONFIRMATION_OK"
6760,10416910563,10416910608,1,"IOTHUB_CLIENT_CONFIRMATION_OK"
6761,10416910764,10416910843,1,"IOTHUB_CLIENT_CONFIRMATION_OK"
6762,10416910964,10416911138,1,"IOTHUB_CLIENT_CONFIRMATION_OK"
6763,10416911164,10416911231,1,"IOTHUB_CLIENT_CONFIRMATION_OK"
6764,10416911364,10416911410,1,"IOTHUB_CLIENT_CONFIRMATION_OK"
6765,10416911564,10416911642,1,"IOTHUB_CLIENT_CONFIRMATION_OK"
6766,10416911764,10416911804,1,"IOTHUB_CLIENT_CONFIRMATION_OK"
6767,10416911964,10416912010,1,"IOTHUB_CLIENT_CONFIRMATION_OK"
6768,10416912165,10416912205,1,"IOTHUB_CLIENT_CONFIRMATION_OK"
6769,10416912365,10416912484,1,"IOTHUB_CLIENT_CONFIRMATION_OK"
6770,10416912565,10416912604,1,"IOTHUB_CLIENT_CONFIRMATION_OK"
6771,10416912765,10416912809,1,"IOTHUB_CLIENT_CONFIRMATION_OK"
6772,10416912965,10416913006,1,"IOTHUB_CLIENT_CONFIRMATION_OK"
6773,10416913165,10416913215,1,"IOTHUB_CLIENT_CONFIRMATION_OK"
6774,10416913365,10416913474,1,"IOTHUB_CLIENT_CONFIRMATION_OK"
6775,10416913566,10416913612,1,"IOTHUB_CLIENT_CONFIRMATION_OK"
6776,10416913766,10416913809,1,"IOTHUB_CLIENT_CONFIRMATION_OK"
6777,10416913966,10416914015,1,"IOTHUB_CLIENT_CONFIRMATION_OK"
6778,10416914166,10416914385,1,"IOTHUB_CLIENT_CONFIRMATION_OK"
6779,10416914366,10416914412,1,"IOTHUB_CLIENT_CONFIRMATION_OK"
6780,10416914566,10416914618,1,"IOTHUB_CLIENT_CONFIRMATION_OK"
6781,10416914767,10416914820,1,"IOTHUB_CLIENT_CONFIRMATION_OK"
6782,10416914967,10416915034,1,"IOTHUB_CLIENT_CONFIRMATION_OK"
6783,10416915167,10416915280,1,"IOTHUB_CLIENT_CONFIRMATION_OK"
6784,10416915367,10416915414,1,"IOTHUB_CLIENT_CONFIRMATION_OK"
6785,10416915567,10416915608,1,"IOTHUB_CLIENT_CONFIRMATION_OK"
6786,10416915767,10416915821,1,"IOTHUB_CLIENT_CONFIRMATION_OK"
6787,10416915967,10416916021,1,"IOTHUB_CLIENT_CONFIRMATION_OK"
6788,10416916168,10416916223,1,"IOTHUB_CLIENT_CONFIRMATION_OK"
6789,10416916368,10416916407,1,"IOTHUB_CLIENT_CONFIRMATION_OK"
6790,10416916568,10416916612,1,"IOTHUB_CLIENT_CONFIRMATION_OK"
6791,10416916768,10416916824,1,"IOTHUB_CLIENT_CONFIRMATION_OK"
6792,10416916968,10416917015,1,"IOTHUB_CLIENT_CONFIRMATION_OK"
6793,10416917168,10416917236,1,"IOTHUB_CLIENT_CONFIRMATION_OK"
6794,10416917369,10416917413,1,"IOTHUB_CLIENT_CONFIRMATION_OK"
6795,10416917569,10416917645,1,"IOTHUB_CLIENT_CONFIRMATION_OK"
6796,10416917769,10416917808,1,"IOTHUB_CLIENT_CONFIRMATION_OK"
6797,10416917969,10416918032,1,"IOTHUB_CLIENT_CONFIRMATION_OK"
6798,10416918169,10416918254,1,"IOTHUB_CLIENT_CONFIRMATION_OK"
6799,10416918369,10416918421,1,"IOTHUB_CLIENT_CONFIRMATION_OK"
6800,10416918569,10416918658,1,"IOTHUB_CLIENT_CONFIRMATION_OK"
6801,10416918770,10416918825,1,"IOTHUB_CLIENT_CONFIRMATION_OK"
6802,10416918970,10416919014,1,"IOTHUB_CLIENT_CONFIRMATION_OK"
6803,10416919170,10416919219,1,"IOTHUB_CLIENT_CONFIRMATION_OK"
6804,10416919370,10416919559,1,"IOTHUB_CLIENT_CONFIRMATION_OK"
6805,10416919570,10416919614,1,"IOTHUB_CLIENT_CONFIRMATION_OK"
6806,10416919770,10416919825,1,"IOTHUB_CLIENT_CONFIRMATION_OK"
6807,10416919971,10416920110,1,"IOTHUB_CLIENT_CONFIRMATION_OK"
6808,10416920171,10416920213,1,"IOTHUB_CLIENT_CONFIRMATION_OK"
6809,10416920371,10416920425,1,"IOTHUB_CLIENT_CONFIRMATION_OK"
6810,10416920571,10416920619,1,"IOTHUB_CLIENT_CONFIRMATION_OK"
6811,10416920771,10416920815,1,"IOTHUB_CLIENT_CONFIRMATION_OK"
6812,10416920971,10416921023,1,"IOTHUB_CLIENT_CONFIRMATION_OK"
6813,10416921171,10416921224,1,"IOTHUB_CLIENT_CONFIRMATION_OK"
6814,10416921372,10416921652,1,"IOTHUB_CLIENT_CONFIRMATION_OK"
6815,10416921572,10416921673,1,"IOTHUB_CLIENT_CONFIRMATION_OK"
6816,10416921772,10416921811,1,"IOTHUB_CLIENT_CONFIRMATION_OK"
6817,10416921972,10416922029,1,"IOTHUB_CLIENT_CONFIRMATION_OK"
6818,10416922172,10416922296,1,"IOTHUB_CLIENT_CONFIRMATION_OK"
6819,10416922372,10416922420,1,"IOTHUB_CLIENT_CONFIRMATION_OK"
6820,10416922573,10416922631,1,"IOTHUB_CLIENT_CONFIRMATION_OK"
6821,10416922773,10416922819,1,"IOTHUB_CLIENT_CONFIRMATION_OK"
6822,10416922973,10416923026,1,"IOTHUB_CLIENT_CONFIRMATION_OK"
6823,10416923173,10416923213,1,"IOTHUB_CLIENT_CONFIRMATION_OK"
6824,10416923373,10416923431,1,"IOTHUB_CLIENT_CONFIRMATION_OK"
6825,10416923573,10416923618,1,"IOTHUB_CLIENT_CONFIRMATION_OK"
6826,10416923774,10416923821,1,"IOTHUB_CLIENT_CONFIRMATION_OK"
6827,10416923974,10416924073,1,"IOTHUB_CLIENT_CONFIRMATION_OK"
6828,10416924174,10416924271,1,"IOTHUB_CLIENT_CONFIRMATION_OK"
6829,10416924374,10416924455,1,"IOTHUB_CLIENT_CONFIRMATION_OK"
6830,10416924574,10416924651,1,"IOTHUB_CLIENT_CONFIRMATION_OK"
6831,10416924774,10416924846,1,"IOTHUB_CLIENT_CONFIRMATION_OK"
6832,10416924974,10416925047,1,"IOTHUB_CLIENT_CONFIRMATION_OK"
6833,10416925175,10416925250,1,"IOTHUB_CLIENT_CONFIRMATION_OK"
6834,10416925375,10416925414,1,"IOTHUB_CLIENT_CONFIRMATION_OK"
6835,10416925575,10416925613,1,"IOTHUB_CLIENT_CONFIRMATION_OK"
6836,10416925775,10416925823,1,"IOTHUB_CLIENT_CONFIRMATION_OK"
6837,10416925975,10416926012,1,"IOTHUB_CLIENT_CONFIRMATION_OK"
6838,10416926175,10416926249,1,"IOTHUB_CLIENT_CONFIRMATION_OK"
6839,10416926376,10416926438,1,"IOTHUB_CLIENT_CONFIRMATION_OK"
6840,10416926576,10416926623,1,"IOTHUB_CLIENT_CONFIRMATION_OK"
6841,10416926776,10416926821,1,"IOTHUB_CLIENT_CONFIRMATION_OK"
6842,10416926976,10416927024,1,"IOTHUB_CLIENT_CONFIRMATION_OK"
6843,10416927176,10416927216,1,"IOTHUB_CLIENT_CONFIRMATION_OK"
6844,10416927376,10416927416,1,"IOTHUB_CLIENT_CONFIRMATION_OK"
6845,10416927577,10416927621,1,"IOTHUB_CLIENT_CONFIRMATION_OK"
6846,10416927777,10416927905,1,"IOTHUB_CLIENT_CONFIRMATION_OK"
6847,10416927977,10416928015,1,"IOTHUB_CLIENT_CONFIRMATION_OK"
6848,10416928177,10416928228,1,"IOTHUB_CLIENT_CONFIRMATION_OK"
6849,10416928377,10416928571,1,"IOTHUB_CLIENT_CONFIRMATION_OK"
6850,10416928577,10416928634,1,"IOTHUB_CLIENT_CONFIRMATION_OK"
6851,10416928777,10416928835,1,"IOTHUB_CLIENT_CONFIRMATION_OK"
6852,10416928978,10416929053,1,"IOTHUB_CLIENT_CONFIRMATION_OK"
6853,10416929178,10416929245,1,"IOTHUB_CLIENT_CONFIRMATION_OK"
6854,10416929378,10416929464,1,"IOTHUB_CLIENT_CONFIRMATION_OK"
6855,10416929578,10416929641,1,"IOTHUB_CLIENT_CONFIRMATION_OK"
6856,10416929778,10416929831,1,"IOTHUB_CLIENT_CONFIRMATION_OK"
6857,10416929978,10416930019,1,"IOTHUB_CLIENT_CONFIRMATION_OK"
6858,10416930179,10416930217,1,"IOTHUB_CLIENT_CONFIRMATION_OK"
6859,10416930379,10416930429,1,"IOTHUB_CLIENT_CONFIRMATION_OK"
6860,10416930579,10416930620,1,"IOTHUB_CLIENT_CONFIRMATION_OK"
6861,10416930779,10416930825,1,"IOTHUB_CLIENT_CONFIRMATION_OK"
6862,10416930979,10416931019,1,"IOTHUB_CLIENT_CONFIRMATION_OK"
6863,10416931179,10416931227,1,"IOTHUB_CLIENT_CONFIRMATION_OK"
6864,10416931379,10416931422,1,"IOTHUB_CLIENT_CONFIRMATION_OK"
6865,10416931580,10416931677,1,"IOTHUB_CLIENT_CONFIRMATION_OK"
6866,10416931780,10416931823,1,"IOTHUB_CLIENT_CONFIRMATION_OK"
6867,10416931980,10416932026,1,"IOTHUB_CLIENT_CONFIRMATION_OK"
6868,10416932180,10416932236,1,"IOTHUB_CLIENT_CONFIRMATION_OK"
6869,10416932380,10416932462,1,"IOTHUB_CLIENT_CONFIRMATION_OK"
6870,10416932580,10416932618,1,"IOTHUB_CLIENT_CONFIRMATION_OK"
6871,10416932781,10416932824,1,"IOTHUB_CLIENT_CONFIRMATION_OK"
6872,10416932981,10416933060,1,"IOTHUB_CLIENT_CONFIRMATION_OK"
6873,10416933181,10416933224,1,"IOTHUB_CLIENT_CONFIRMATION_OK"
6874,10416933381,10416933427,1,"IOTHUB_CLIENT_CONFIRMATION_OK"
6875,10416933581,10416933659,1,"IOTHUB_CLIENT_CONFIRMATION_OK"
6876,10416933781,10416933831,1,"IOTHUB_CLIENT_CONFIRMATION_OK"
6877,10416933981,10416934023,1,"IOTHUB_CLIENT_CONFIRMATION_OK"
6878,10416934182,10416934272,1,"IOTHUB_CLIENT_CONFIRMATION_OK"
6879,10416934382,10416934433,1,"IOTHUB_CLIENT_CONFIRMATION_OK"
6880,10416934582,10416934619,1,"IOTHUB_CLIENT_CONFIRMATION_OK"
6881,10416934782,10416934837,1,"IOTHUB_CLIENT_CONFIRMATION_OK"
6882,10416934982,10416935020,1,"IOTHUB_CLIENT_CONFIRMATION_OK"
6883,10416935182,10416935237,1,"IOTHUB_CLIENT_CONFIRMATION_OK"
6884,10416935383,10416935431,1,"IOTHUB_CLIENT_CONFIRMATION_OK"
6885,10416935583,10416935650,1,"IOTHUB_CLIENT_CONFIRMATION_OK"
6886,10416935783,10416935833,1,"IOTHUB_CLIENT_CONFIRMATION_OK"
6887,10416935983,10416936040,1,"IOTHUB_CLIENT_CONFIRMATION_OK"
6888,10416936183,10416936347,1,"IOTHUB_CLIENT_CONFIRMATION_OK"
6889,10416936383,10416936421,1,"IOTHUB_CLIENT_CONFIRMATION_OK"
6890,10416936584,10416936635,1,"IOTHUB_CLIENT_CONFIRMATION_OK"
6891,10416936784,10416936924,1,"IOTHUB_CLIENT_CONFIRMATION_OK"
6892,10416936984,10416937023,1,"IOTHUB_CLIENT_CONFIRMATION_OK"
6893,10416937184,10416937240,1,"IOTHUB_CLIENT_CONFIRMATION_OK"
6894,10416937384,10416937441,1,"IOTHUB_CLIENT_CONFIRMATION_OK"
6895,10416937584,10416937754,1,"IOTHUB_CLIENT_CONFIRMATION_OK"
6896,10416937784,10416937831,1,"IOTHUB_CLIENT_CONFIRMATION_OK"
6897,10416937985,10416938046,1,"IOTHUB_CLIENT_CONFIRMATION_OK"
6898,10416938185,10416938229,1,"IOTHUB_CLIENT_CONFIRMATION_OK"
6899,10416938385,10416938441,1,"IOTHUB_CLIENT_CONFIRMATION_OK"
6900,10416938585,10416938632,1,"IOTHUB_CLIENT_CONFIRMATION_OK"
6901,10416938785,10416938848,1,"IOTHUB_CLIENT_CONFIRMATION_OK"
6902,10416938985,10416939061,1,"IOTHUB_CLIENT_CONFIRMATION_OK"
6903,10416939186,10416939225,1,"IOTHUB_CLIENT_CONFIRMATION_OK"
6904,10416939386,10416939484,1,"IOTHUB_CLIENT_CONFIRMATION_OK"
6905,10416939586,10416939632,1,"IOTHUB_CLIENT_CONFIRMATION_OK"
6906,10416939786,10416939828,1,"IOTHUB_CLIENT_CONFIRMATION_OK"
6907,10416939986,10416940038,1,"IOTHUB_CLIENT_CONFIRMATION_OK"
6908,10416940186,10416940226,1,"IOTHUB_CLIENT_CONFIRMATION_OK"
6909,10416940386,10416940436,1,"IOTHUB_CLIENT_CONFIRMATION_OK"
6910,10416940587,10416940634,1,"IOTHUB_CLIENT_CONFIRMATION_OK"
6911,10416940787,10416940865,1,"IOTHUB_CLIENT_CONFIRMATION_OK"
6912,10416940987,10416941033,1,"IOTHUB_CLIENT_CONFIRMATION_OK"
6913,10416941187,10416941247,1,"IOTHUB_CLIENT_CONFIRMATION_OK"
6914,10416941387,10416941426,1,"IOTHUB_CLIENT_CONFIRMATION_OK"
6915,10416941587,10416941631,1,"IOTHUB_CLIENT_CONFIRMATION_OK"
6916,10416941788,10416941826,1,"IOTHUB_CLIENT_CONFIRMATION_OK"
6917,10416941988,10416942161,1,"IOTHUB_CLIENT_CONFIRMATION_OK"
6918,10416942188,10416942229,1,"IOTHUB_CLIENT_CONFIRMATION_OK"
6919,10416942388,10416942444,1,"IOTHUB_CLIENT_CONFIRMATION_OK"
6920,10416942588,10416942741,1,"IOTHUB_CLIENT_CONFIRMATION_OK"
6921,10416942788,10416942837,1,"IOTHUB_CLIENT_CONFIRMATION_OK"
6922,10416942988,10416943035,1,"IOTHUB_CLIENT_CONFIRMATION_OK"
6923,10416943189,10416943231,1,"IOTHUB_CLIENT_CONFIRMATION_OK"
6924,10416943389,10416943429,1,"IOTHUB_CLIENT_CONFIRMATION_OK"
6925,10416943589,10416943629,1,"IOTHUB_CLIENT_CONFIRMATION_OK"
6926,10416943789,10416943899,1,"IOTHUB_CLIENT_CONFIRMATION_OK"
6927,10416943989,10416944037,1,"IOTHUB_CLIENT_CONFIRMATION_OK"
6928,10416944189,10416944241,1,"IOTHUB_CLIENT_CONFIRMATION_OK"
6929,10416944390,10416944434,1,"IOTHUB_CLIENT_CONFIRMATION_OK"
6930,10416944590,10416944628,1,"IOTHUB_CLIENT_CONFIRMATION_OK"
6931,10416944790,10416944859,1,"IOTHUB_CLIENT_CONFIRMATION_OK"
6932,10416944990,10416945033,1,"IOTHUB_CLIENT_CONFIRMATION_OK"
6933,10416945190,10416945234,1,"IOTHUB_CLIENT_CONFIRMATION_OK"
6934,10416945390,10416945478,1,"IOTHUB_CLIENT_CONFIRMATION_OK"
6935,10416945590,10416945643,1,"IOTHUB_CLIENT_CONFIRMATION_OK"
6936,10416945791,10416945852,1,"IOTHUB_CLIENT_CONFIRMATION_OK"
6937,10416945991,10416946064,1,"IOTHUB_CLIENT_CONFIRMATION_OK"
6938,10416946191,10416946238,1,"IOTHUB_CLIENT_CONFIRMATION_OK"
6939,10416946391,10416946434,1,"IOTHUB_CLIENT_CONFIRMATION_OK"
6940,10416946591,10416946687,1,"IOTHUB_CLIENT_CONFIRMATION_OK"
6941,10416946791,10416946830,1,"IOTHUB_CLIENT_CONFIRMATION_OK"
6942,10416946992,10416947124,1,"IOTHUB_CLIENT_CONFIRMATION_OK"
6943,10416947192,10416947337,1,"IOTHUB_CLIENT_CONFIRMATION_OK"
6944,10416947392,10416947441,1,"IOTHUB_CLIENT_CONFIRMATION_OK"
6945,10416947592,10416947640,1,"IOTHUB_CLIENT_CONFIRMATION_OK"
6946,10416947792,10416947838,1,"IOTHUB_CLIENT_CONFIRMATION_OK"
6947,10416947992,10416948100,1,"IOTHUB_CLIENT_CONFIRMATION_OK"
6948,10416948193,10416948279,1,"IOTHUB_CLIENT_CONFIRMATION_OK"
6949,10416948393,10416948568,1,"IOTHUB_CLIENT_CONFIRMATION_OK"
6950,10416948593,10416948640,1,"IOTHUB_CLIENT_CONFIRMATION_OK"
6951,10416948793,10416948865,1,"IOTHUB_CLIENT_CONFIRMATION_OK"
6952,10416948993,10416949032,1,"IOTHUB_CLIENT_CONFIRMATION_OK"
6953,10416949193,10416949244,1,"IOTHUB_CLIENT_CONFIRMATION_OK"
6954,10416949394,10416949448,1,"IOTHUB_CLIENT_CONFIRMATION_OK"
6955,10416949594,10416949635,1,"IOTHUB_CLIENT_CONFIRMATION_OK"
6956,10416949794,10416949840,1,"IOTHUB_CLIENT_CONFIRMATION_OK"
6957,10416949994,10416950050,1,"IOTHUB_CLIENT_CONFIRMATION_OK"
6958,10416950194,10416950241,1,"IOTHUB_CLIENT_CONFIRMATION_OK"
6959,10416950394,10416950437,1,"IOTHUB_CLIENT_CONFIRMATION_OK"
6960,10416950595,10416950650,1,"IOTHUB_CLIENT_CONFIRMATION_OK"
6961,10416950795,10416950871,1,"IOTHUB_CLIENT_CONFIRMATION_OK"
6962,10416950995,10416951035,1,"IOTHUB_CLIENT_CONFIRMATION_OK"
6963,10416951195,10416951227,1,"IOTHUB_CLIENT_CONFIRMATION_OK"
6964,10416951395,10416951437,1,"IOTHUB_CLIENT_CONFIRMATION_OK"
6965,10416951595,10416951649,1,"IOTHUB_CLIENT_CONFIRMATION_OK"
6966,10416951795,10416951852,1,"IOTHUB_CLIENT_CONFIRMATION_OK"
6967,10416951996,10416952033,1,"IOTHUB_CLIENT_CONFIRMATION_OK"
6968,10416952196,10416952250,1,"IOTHUB_CLIENT_CONFIRMATION_OK"
6969,10416952396,10416952453,1,"IOTHUB_CLIENT_CONFIRMATION_OK"
6970,10416952596,10416952634,1,"IOTHUB_CLIENT_CONFIRMATION_OK"
6971,10416952796,10416952846,1,"IOTHUB_CLIENT_CONFIRMATION_OK"
6972,10416952996,10416953058,1,"IOTHUB_CLIENT_CONFIRMATION_OK"
6973,10416953196,10416953254,1,"IOTHUB_CLIENT_CONFIRMATION_OK"
6974,10416953397,10416953437,1,"IOTHUB_CLIENT_CONFIRMATION_OK"
6975,10416953597,10416953745,1,"IOTHUB_CLIENT_CONFIRMATION_OK"
6976,10416953797,10416953856,1,"IOTHUB_CLIENT_CONFIRMATION_OK"
6977,10416953997,10416954064,1,"IOTHUB_CLIENT_CONFIRMATION_OK"
6978,10416954197,10416954268,1,"IOTHUB_CLIENT_CONFIRMATION_OK"
6979,10416954397,10416954461,1,"IOTHUB_CLIENT_CONFIRMATION_OK"
6980,10416954598,10416954646,1,"IOTHUB_CLIENT_CONFIRMATION_OK"
6981,10416954798,10416954840,1,"IOTHUB_CLIENT_CONFIRMATION_OK"
6982,10416954998,10416955062,1,"IOTHUB_CLIENT_CONFIRMATION_OK"
6983,10416955198,10416955238,1,"IOTHUB_CLIENT_CONFIRMATION_OK"
6984,10416955398,10416955433,1,"IOTHUB_CLIENT_CONFIRMATION_OK"
6985,10416955598,10416955647,1,"IOTHUB_CLIENT_CONFIRMATION_OK"
6986,10416955798,10416955843,1,"IOTHUB_CLIENT_CONFIRMATION_OK"
6987,10416955999,10416956053,1,"IOTHUB_CLIENT_CONFIRMATION_OK"
6988,10416956199,10416956330,1,"IOTHUB_CLIENT_CONFIRMATION_OK"
6989,10416956399,10416956436,1,"IOTHUB_CLIENT_CONFIRMATION_OK"
6990,10416956599,10416956660,1,"IOTHUB_CLIENT_CONFIRMATION_OK"
6991,10416956799,10416956957,1,"IOTHUB_CLIENT_CONFIRMATION_OK"
6992,10416956999,10416957055,1,"IOTHUB_CLIENT_CONFIRMATION_OK"
6993,10416957200,10416957253,1,"IOTHUB_CLIENT_CONFIRMATION_OK"
6994,10416957400,10416957442,1,"IOTHUB_CLIENT_CONFIRMATION_OK"
6995,10416957600,10416957656,1,"IOTHUB_CLIENT_CONFIRMATION_OK"
6996,10416957800,10416957843,1,"IOTHUB_CLIENT_CONFIRMATION_OK"
6997,10416958000,10416958065,1,"IOTHUB_CLIENT_CONFIRMATION_OK"
6998,10416958200,10416958254,1,"IOTHUB_CLIENT_CONFIRMATION_OK"
6999,10416958400,10416958440,1,"IOTHUB_CLIENT_CONFIRMATION_OK"
7000,10416958601,10416958660,1,"IOTHUB_CLIENT_CONFIRMATION_OK"
7001,10416958801,10416958859,1,"IOTHUB_CLIENT_CONFIRMATION_OK"
7002,10416959001,10416959088,1,"IOTHUB_CLIENT_CONFIRMATION_OK"
7003,10416959201,10416959242,1,"IOTHUB_CLIENT_CONFIRMATION_OK"
7004,10416959401,10416959458,1,"IOTHUB_CLIENT_CONFIRMATION_OK"
7005,10416959601,10416959642,1,"IOTHUB_CLIENT_CONFIRMATION_OK"
7006,10416959801,10416959970,1,"IOTHUB_CLIENT_CONFIRMATION_OK"
7007,10416960002,10416960172,1,"IOTHUB_CLIENT_CONFIRMATION_OK"
7008,10416960202,10416960266,1,"IOTHUB_CLIENT_CONFIRMATION_OK"
7009,10416960402,10416960439,1,"IOTHUB_CLIENT_CONFIRMATION_OK"
7010,10416960602,10416960649,1,"IOTHUB_CLIENT_CONFIRMATION_OK"
7011,10416960802,10416960894,1,"IOTHUB_CLIENT_CONFIRMATION_OK"
7012,10416961003,10416961069,1,"IOTHUB_CLIENT_CONFIRMATION_OK"
7013,10416961203,10416961253,1,"IOTHUB_CLIENT_CONFIRMATION_OK"
7014,10416961403,10416961454,1,"IOTHUB_CLIENT_CONFIRMATION_OK"
7015,10416961603,10416961642,1,"IOTHUB_CLIENT_CONFIRMATION_OK"
7016,10416961803,10416961845,1,"IOTHUB_CLIENT_CONFIRMATION_OK"
7017,10416962003,10416962054,1,"IOTHUB_CLIENT_CONFIRMATION_OK"
7018,10416962203,10416962270,1,"IOTHUB_CLIENT_CONFIRMATION_OK"
7019,10416962404,10416962461,1,"IOTHUB_CLIENT_CONFIRMATION_OK"
7020,10416962604,10416962826,1,"IOTHUB_CLIENT_CONFIRMATION_OK"
7021,10416962804,10416962903,1,"IOTHUB_CLIENT_CONFIRMATION_OK"
7022,10416963004,10416963063,1,"IOTHUB_CLIENT_CONFIRMATION_OK"
7023,10416963204,10416963259,1,"IOTHUB_CLIENT_CONFIRMATION_OK"
7024,10416963404,10416963478,1,"IOTHUB_CLIENT_CONFIRMATION_OK"
7025,10416963605,10416963653,1,"IOTHUB_CLIENT_CONFIRMATION_OK"
7026,10416963805,10416963850,1,"IOTHUB_CLIENT_CONFIRMATION_OK"
7027,10416964005,10416964102,1,"IOTHUB_CLIENT_CONFIRMATION_OK"
7028,10416964205,10416964241,1,"IOTHUB_CLIENT_CONFIRMATION_OK"
7029,10416964405,10416964470,1,"IOTHUB_CLIENT_CONFIRMATION_OK"
7030,10416964605,10416964705,1,"IOTHUB_CLIENT_CONFIRMATION_OK"
7031,10416964806,10416964890,1,"IOTHUB_CLIENT_CONFIRMATION_OK"
7032,10416965006,10416965048,1,"IOTHUB_CLIENT_CONFIRMATION_OK"
7033,10416965206,10416965329,1,"IOTHUB_CLIENT_CONFIRMATION_OK"
7034,10416965406,10416965450,1,"IOTHUB_CLIENT_CONFIRMATION_OK"
7035,10416965606,10416965719,1,"IOTHUB_CLIENT_CONFIRMATION_OK"
7036,10416965807,10416965845,1,"IOTHUB_CLIENT_CONFIRMATION_OK"
7037,10416966007,10416966067,1,"IOTHUB_CLIENT_CONFIRMATION_OK"
7038,10416966207,10416966270,1,"IOTHUB_CLIENT_CONFIRMATION_OK"
7039,10416966407,10416966452,1,"IOTHUB_CLIENT_CONFIRMATION_OK"
7040,10416966607,10416966645,1,"IOTHUB_CLIENT_CONFIRMATION_OK"
7041,10416966807,10416966861,1,"IOTHUB_CLIENT_CONFIRMATION_OK"
7042,10416967008,10416967057,1,"IOTHUB_CLIENT_CONFIRMATION_OK"
7043,10416967208,10416967250,1,"IOTHUB_CLIENT_CONFIRMATION_OK"
7044,10416967408,10416967448,1,"IOTHUB_CLIENT_CONFIRMATION_OK"
7045,10416967608,10416967662,1,"IOTHUB_CLIENT_CONFIRMATION_OK"
7046,10416967808,10416967957,1,"IOTHUB_CLIENT_CONFIRMATION_OK"
7047,10416968008,10416968047,1,"IOTHUB_CLIENT_CONFIRMATION_OK"
7048,10416968209,10416968259,1,"IOTHUB_CLIENT_CONFIRMATION_OK"
7049,10416968409,10416968568,1,"IOTHUB_CLIENT_CONFIRMATION_OK"
7050,10416968609,10416968655,1,"IOTHUB_CLIENT_CONFIRMATION_OK"
7051,10416968809,10416968847,1,"IOTHUB_CLIENT_CONFIRMATION_OK"
7052,10416969009,10416969052,1,"IOTHUB_CLIENT_CONFIRMATION_OK"
7053,10416969209,10416969252,1,"IOTHUB_CLIENT_CONFIRMATION_OK"
7054,10416969409,10416969459,1,"IOTHUB_CLIENT_CONFIRMATION_OK"
7055,10416969610,10416969650,1,"IOTHUB_CLIENT_CONFIRMATION_OK"
7056,10416969810,10416969862,1,"IOTHUB_CLIENT_CONFIRMATION_OK"
7057,10416970010,10416970130,1,"IOTHUB_CLIENT_CONFIRMATION_OK"
7058,10416970210,10416970246,1,"IOTHUB_CLIENT_CONFIRMATION_OK"
7059,10416970410,10416970454,1,"IOTHUB_CLIENT_CONFIRMATION_OK"
7060,10416970610,10416970652,1,"IOTHUB_CLIENT_CONFIRMATION_OK"
7061,10416970811,10416970857,1,"IOTHUB_CLIENT_CONFIRMATION_OK"
7062,10416971011,10416971049,1,"IOTHUB_CLIENT_CONFIRMATION_OK"
7063,10416971211,10416971248,1,"IOTHUB_CLIENT_CONFIRMATION_OK"
7064,10416971411,10416971454,1,"IOTHUB_CLIENT_CONFIRMATION_OK"
7065,10416971611,10416971682,1,"IOTHUB_CLIENT_CONFIRMATION_OK"
7066,10416971811,10416971863,1,"IOTHUB_CLIENT_CONFIRMATION_OK"
7067,10416972011,10416972053,1,"IOTHUB_CLIENT_CONFIRMATION_OK"
7068,10416972212,10416972324,1,"IOTHUB_CLIENT_CONFIRMATION_OK"
7069,10416972412,10416972485,1,"IOTHUB_CLIENT_CONFIRMATION_OK"
7070,10416972612,10416972666,1,"IOTHUB_CLIENT_CONFIRMATION_OK"
7071,10416972812,10416972943,1,"IOTHUB_CLIENT_CONFIRMATION_OK"
7072,10416973012,10416973139,1,"IOTHUB_CLIENT_CONFIRMATION_OK"
7073,10416973212,10416973251,1,"IOTHUB_CLIENT_CONFIRMATION_OK"
7074,10416973412,10416973450,1,"IOTHUB_CLIENT_CONFIRMATION_OK"
7075,10416973613,10416973732,1,"IOTHUB_CLIENT_CONFIRMATION_OK"
7076,10416973813,10416973849,1,"IOTHUB_CLIENT_CONFIRMATION_OK"
7077,10416974013,10416974052,1,"IOTHUB_CLIENT_CONFIRMATION_OK"
7078,10416974213,10416974378,1,"IOTHUB_CLIENT_CONFIRMATION_OK"
7079,10416974413,10416974479,1,"IOTHUB_CLIENT_CONFIRMATION_OK"
7080,10416974613,10416974671,1,"IOTHUB_CLIENT_CONFIRMATION_OK"
7081,10416974814,10416974856,1,"IOTHUB_CLIENT_CONFIRMATION_OK"
7082,10416975014,10416975068,1,"IOTHUB_CLIENT_CONFIRMATION_OK"
7083,10416975214,10416975267,1,"IOTHUB_CLIENT_CONFIRMATION_OK"
7084,10416975414,10416975476,1,"IOTHUB_CLIENT_CONFIRMATION_OK"
7085,10416975614,10416975663,1,"IOTHUB_CLIENT_CONFIRMATION_OK"
7086,10416975814,10416975866,1,"IOTHUB_CLIENT_CONFIRMATION_OK"
7087,10416976014,10416976097,1,"IOTHUB_CLIENT_CONFIRMATION_OK"
7088,10416976215,10416976270,1,"IOTHUB_CLIENT_CONFIRMATION_OK"
7089,10416976415,10416976475,1,"IOTHUB_CLIENT_CONFIRMATION_OK"
7090,10416976615,10416976651,1,"IOTHUB_CLIENT_CONFIRMATION_OK"
7091,10416976815,10416977045,1,"IOTHUB_CLIENT_CONFIRMATION_OK"
7092,10416977015,10416977099,1,"IOTHUB_CLIENT_CONFIRMATION_OK"
7093,10416977215,10416977262,1,"IOTHUB_CLIENT_CONFIRMATION_OK"
7094,10416977416,10416977465,1,"IOTHUB_CLIENT_CONFIRMATION_OK"
7095,10416977616,10416977666,1,"IOTHUB_CLIENT_CONFIRMATION_OK"
7096,10416977816,10416977864,1,"IOTHUB_CLIENT_CONFIRMATION_OK"
7097,10416978016,10416978077,1,"IOTHUB_CLIENT_CONFIRMATION_OK"
7098,10416978216,10416978274,1,"IOTHUB_CLIENT_CONFIRMATION_OK"
7099,10416978416,10416978476,1,"IOTHUB_CLIENT_CONFIRMATION_OK"
7100,10416978617,10416978652,1,"IOTHUB_CLIENT_CONFIRMATION_OK"
7101,10416978817,10416978864,1,"IOTHUB_CLIENT_CONFIRMATION_OK"
7102,10416979017,10416979080,1,"IOTHUB_CLIENT_CONFIRMATION_OK"
7103,10416979217,10416979269,1,"IOTHUB_CLIENT_CONFIRMATION_OK"
7104,10416979417,10416979534,1,"IOTHUB_CLIENT_CONFIRMATION_OK"
7105,10416979617,10416979661,1,"IOTHUB_CLIENT_CONFIRMATION_OK"
7106,10416979817,10416979858,1,"IOTHUB_CLIENT_CONFIRMATION_OK"
7107,10416980018,10416980126,1,"IOTHUB_CLIENT_CONFIRMATION_OK"
7108,10416980218,10416980294,1,"IOTHUB_CLIENT_CONFIRMATION_OK"
7109,10416980418,10416980475,1,"IOTHUB_CLIENT_CONFIRMATION_OK"
7110,10416980618,10416980664,1,"IOTHUB_CLIENT_CONFIRMATION_OK"
7111,10416980818,10416980873,1,"IOTHUB_CLIENT_CONFIRMATION_OK"
7112,10416981018,10416981065,1,"IOTHUB_CLIENT_CONFIRMATION_OK"
7113,10416981219,10416981260,1,"IOTHUB_CLIENT_CONFIRMATION_OK"
7114,10416981419,10416981456,1,"IOTHUB_CLIENT_CONFIRMATION_OK"
7115,10416981619,10416981681,1,"IOTHUB_CLIENT_CONFIRMATION_OK"
7116,10416981819,10416981865,1,"IOTHUB_CLIENT_CONFIRMATION_OK"
7117,10416982019,10416982074,1,"IOTHUB_CLIENT_CONFIRMATION_OK"
7118,10416982219,10416982273,1,"IOTHUB_CLIENT_CONFIRMATION_OK"
7119,10416982419,10416982476,1,"IOTHUB_CLIENT_CONFIRMATION_OK"
7120,10416982620,10416982836,1,"IOTHUB_CLIENT_CONFIRMATION_OK"
7121,10416982820,10416982866,1,"IOTHUB_CLIENT_CONFIRMATION_OK"
7122,10416983020,10416983059,1,"IOTHUB_CLIENT_CONFIRMATION_OK"
7123,10416983220,10416983268,1,"IOTHUB_CLIENT_CONFIRMATION_OK"
7124,10416983420,10416983461,1,"IOTHUB_CLIENT_CONFIRMATION_OK"
7125,10416983620,10416983663,1,"IOTHUB_CLIENT_CONFIRMATION_OK"
7126,10416983821,10416983863,1,"IOTHUB_CLIENT_CONFIRMATION_OK"
7127,10416984021,10416984068,1,"IOTHUB_CLIENT_CONFIRMATION_OK"
7128,10416984221,10416984265,1,"IOTHUB_CLIENT_CONFIRMATION_OK"
7129,10416984421,10416984498,1,"IOTHUB_CLIENT_CONFIRMATION_OK"
7130,10416984621,10416984694,1,"IOTHUB_CLIENT_CONFIRMATION_OK"
7131,10416984821,10416984860,1,"IOTHUB_CLIENT_CONFIRMATION_OK"
7132,10416985022,10416985112,1,"IOTHUB_CLIENT_CONFIRMATION_OK"
7133,10416985222,10416985282,1,"IOTHUB_CLIENT_CONFIRMATION_OK"
7134,10416985422,10416985518,1,"IOTHUB_CLIENT_CONFIRMATION_OK"
7135,10416985622,10416985671,1,"IOTHUB_CLIENT_CONFIRMATION_OK"
7136,10416985822,10416985867,1,"IOTHUB_CLIENT_CONFIRMATION_OK"
7137,10416986022,10416986065,1,"IOTHUB_CLIENT_CONFIRMATION_OK"
7138,10416986223,10416986300,1,"IOTHUB_CLIENT_CONFIRMATION_OK"
7139,10416986423,10416986509,1,"IOTHUB_CLIENT_CONFIRMATION_OK"
7140,10416986623,10416986675,1,"IOTHUB_CLIENT_CONFIRMATION_OK"
7141,10416986823,10416986857,1,"IOTHUB_CLIENT_CONFIRMATION_OK"
7142,10416987023,10416987061,1,"IOTHUB_CLIENT_CONFIRMATION_OK"
7143,10416987223,10416987369,1,"IOTHUB_CLIENT_CONFIRMATION_OK"
7144,10416987423,10416987461,1,"IOTHUB_CLIENT_CONFIRMATION_OK"
7145,10416987624,10416987673,1,"IOTHUB_CLIENT_CONFIRMATION_OK"
7146,10416987824,10416987866,1,"IOTHUB_CLIENT_CONFIRMATION_OK"
7147,10416988024,10416988070,1,"IOTHUB_CLIENT_CONFIRMATION_OK"
7148,10416988224,10416988343,1,"IOTHUB_CLIENT_CONFIRMATION_OK"
7149,10416988424,10416988599,1,"IOTHUB_CLIENT_CONFIRMATION_OK"
7150,10416988624,10416988671,1,"IOTHUB_CLIENT_CONFIRMATION_OK"
7151,10416988824,10416988878,1,"IOTHUB_CLIENT_CONFIRMATION_OK"
7152,10416989025,10416989060,1,"IOTHUB_CLIENT_CONFIRMATION_OK"
7153,10416989225,10416989264,1,"IOTHUB_CLIENT_CONFIRMATION_OK"
7154,10416989425,10416989466,1,"IOTHUB_CLIENT_CONFIRMATION_OK"
7155,10416989625,10416989673,1,"IOTHUB_CLIENT_CONFIRMATION_OK"
7156,10416989825,10416989887,1,"IOTHUB_CLIENT_CONFIRMATION_OK"
7157,10416990025,10416990067,1,"IOTHUB_CLIENT_CONFIRMATION_OK"
7158,10416990226,10416990267,1,"IOTHUB_CLIENT_CONFIRMATION_OK"
7159,10416990426,10416990470,1,"IOTHUB_CLIENT_CONFIRMATION_OK"
7160,10416990626,10416990684,1,"IOTHUB_CLIENT_CONFIRMATION_OK"
7161,10416990826,10416990878,1,"IOTHUB_CLIENT_CONFIRMATION_OK"
7162,10416991026,10416991068,1,"IOTHUB_CLIENT_CONFIRMATION_OK"
7163,10416991226,10416991266,1,"IOTHUB_CLIENT_CONFIRMATION_OK"
7164,10416991426,10416991488,1,"IOTHUB_CLIENT_CONFIRMATION_OK"
7165,10416991627,10416991665,1,"IOTHUB_CLIENT_CONFIRMATION_OK"
7166,10416991827,10416991929,1,"IOTHUB_CLIENT_CONFIRMATION_OK"
7167,10416992027,10416992101,1,"IOTHUB_CLIENT_CONFIRMATION_OK"
7168,10416992227,10416992272,1,"IOTHUB_CLIENT_CONFIRMATION_OK"
7169,10416992427,10416992512,1,"IOTHUB_CLIENT_CONFIRMATION_OK"
7170,10416992627,10416992695,1,"IOTHUB_CLIENT_CONFIRMATION_OK"
7171,10416992828,10416992889,1,"IOTHUB_CLIENT_CONFIRMATION_OK"
7172,10416993028,10416993118,1,"IOTHUB_CLIENT_CONFIRMATION_OK"
7173,10416993228,10416993285,1,"IOTHUB_CLIENT_CONFIRMATION_OK"
7174,10416993428,10416993512,1,"IOTHUB_CLIENT_CONFIRMATION_OK"
7175,10416993628,10416993719,1,"IOTHUB_CLIENT_CONFIRMATION_OK"
7176,10416993828,10416993918,1,"IOTHUB_CLIENT_CONFIRMATION_OK"
7177,10416994029,10416994106,1,"IOTHUB_CLIENT_CONFIRMATION_OK"
7178,10416994229,10416994339,1,"IOTHUB_CLIENT_CONFIRMATION_OK"
7179,10416994429,10416994494,1,"IOTHUB_CLIENT_CONFIRMATION_OK"
7180,10416994629,10416994789,1,"IOTHUB_CLIENT_CONFIRMATION_OK"
7181,10416994829,10416994876,1,"IOTHUB_CLIENT_CONFIRMATION_OK"
7182,10416995029,10416995071,1,"IOTHUB_CLIENT_CONFIRMATION_OK"
7183,10416995229,10416995295,1,"IOTHUB_CLIENT_CONFIRMATION_OK"
7184,10416995430,10416995466,1,"IOTHUB_CLIENT_CONFIRMATION_OK"
7185,10416995630,10416995682,1,"IOTHUB_CLIENT_CONFIRMATION_OK"
7186,10416995830,10416995888,1,"IOTHUB_CLIENT_CONFIRMATION_OK"
7187,10416996030,10416996079,1,"IOTHUB_CLIENT_CONFIRMATION_OK"
7188,10416996230,10416996270,1,"IOTHUB_CLIENT_CONFIRMATION_OK"
7189,10416996430,10416996488,1,"IOTHUB_CLIENT_CONFIRMATION_OK"
7190,10416996631,10416996666,1,"IOTHUB_CLIENT_CONFIRMATION_OK"
7191,10416996831,10416996891,1,"IOTHUB_CLIENT_CONFIRMATION_OK"
7192,10416997031,10416997117,1,"IOTHUB_CLIENT_CONFIRMATION_OK"
7193,10416997231,10416997264,1,"IOTHUB_CLIENT_CONFIRMATION_OK"
7194,10416997431,10416997479,1,"IOTHUB_CLIENT_CONFIRMATION_OK"
7195,10416997631,10416997685,1,"IOTHUB_CLIENT_CONFIRMATION_OK"
7196,10416997832,10416997871,1,"IOTHUB_CLIENT_CONFIRMATION_OK"
7197,10416998032,10416998078,1,"IOTHUB_CLIENT_CONFIRMATION_OK"
7198,10416998232,10416998305,1,"IOTHUB_CLIENT_CONFIRMATION_OK"
7199,10416998432,10416998482,1,"IOTHUB_CLIENT_CONFIRMATION_OK"
7200,10416998632,10416998686,1,"IOTHUB_CLIENT_CONFIRMATION_OK"
7201,10416998832,10416999015,1,"IOTHUB_CLIENT_CONFIRMATION_OK"
7202,10416999032,10416999086,1,"IOTHUB_CLIENT_CONFIRMATION_OK"
7203,10416999233,10416999271,1,"IOTHUB_CLIENT_CONFIRMATION_OK"
7204,10416999433,10416999563,1,"IOTHUB_CLIENT_CONFIRMATION_OK"
7205,10416999633,10416999694,1,"IOTHUB_CLIENT_CONFIRMATION_OK"
7206,10416999833,10416999873,1,"IOTHUB_CLIENT_CONFIRMATION_OK"
7207,10417000033,10417000203,1,"IOTHUB_CLIENT_CONFIRMATION_OK"
7208,10417000233,10417000277,1,"IOTHUB_CLIENT_CONFIRMATION_OK"
7209,10417000434,10417000480,1,"IOTHUB_CLIENT_CONFIRMATION_OK"
7210,10417000634,10417000677,1,"IOTHUB_CLIENT_CONFIRMATION_OK"
7211,10417000834,10417000878,1,"IOTHUB_CLIENT_CONFIRMATION_OK"
7212,10417001034,10417001155,1,"IOTHUB_CLIENT_CONFIRMATION_OK"
7213,10417001234,10417001278,1,"IOTHUB_CLIENT_CONFIRMATION_OK"
7214,10417001434,10417001483,1,"IOTHUB_CLIENT_CONFIRMATION_OK"
7215,10417001635,10417001791,1,"IOTHUB_CLIENT_CONFIRMATION_OK"
7216,10417001835,10417001893,1,"IOTHUB_CLIENT_CONFIRMATION_OK"
7217,10417002035,10417002085,1,"IOTHUB_CLIENT_CONFIRMATION_OK"
7218,10417002235,10417002273,1,"IOTHUB_CLIENT_CONFIRMATION_OK"
7219,10417002435,10417002500,1,"IOTHUB_CLIENT_CONFIRMATION_OK"
7220,10417002635,10417002889,1,"IOTHUB_CLIENT_CONFIRMATION_OK"
7221,10417002835,10417002959,1,"IOTHUB_CLIENT_CONFIRMATION_OK"
7222,10417003036,10417003077,1,"IOTHUB_CLIENT_CONFIRMATION_OK"
7223,10417003236,10417003299,1,"IOTHUB_CLIENT_CONFIRMATION_OK"
7224,10417003436,10417003485,1,"IOTHUB_CLIENT_CONFIRMATION_OK"
7225,10417003636,10417003701,1,"IOTHUB_CLIENT_CONFIRMATION_OK"
7226,10417003836,10417003877,1,"IOTHUB_CLIENT_CONFIRMATION_OK"
7227,10417004036,10417004125,1,"IOTHUB_CLIENT_CONFIRMATION_OK"
7228,10417004237,10417004284,1,"IOTHUB_CLIENT_CONFIRMATION_OK"
7229,10417004437,10417004482,1,"IOTHUB_CLIENT_CONFIRMATION_OK"
7230,10417004637,10417004753,1,"IOTHUB_CLIENT_CONFIRMATION_OK"
7231,10417004837,10417004882,1,"IOTHUB_CLIENT_CONFIRMATION_OK"
7232,10417005037,10417005106,1,"IOTHUB_CLIENT_CONFIRMATION_OK"
7233,10417005237,10417005373,1,"IOTHUB_CLIENT_CONFIRMATION_OK"
7234,10417005437,10417005478,1,"IOTHUB_CLIENT_CONFIRMATION_OK"
7235,10417005638,10417005695,1,"IOTHUB_CLIENT_CONFIRMATION_OK"
7236,10417005838,10417005882,1,"IOTHUB_CLIENT_CONFIRMATION_OK"
7237,10417006038,10417006119,1,"IOTHUB_CLIENT_CONFIRMATION_OK"
7238,10417006238,10417006287,1,"IOTHUB_CLIENT_CONFIRMATION_OK"
7239,10417006438,10417006496,1,"IOTHUB_CLIENT_CONFIRMATION_OK"
7240,10417006639,10417006688,1,"IOTHUB_CLIENT_CONFIRMATION_OK"
7241,10417006839,10417006892,1,"IOTHUB_CLIENT_CONFIRMATION_OK"
7242,10417007039,10417007088,1,"IOTHUB_CLIENT_CONFIRMATION_OK"
7243,10417007239,10417007350,1,"IOTHUB_CLIENT_CONFIRMATION_OK"
7244,10417007439,10417007480,1,"IOTHUB_CLIENT_CONFIRMATION_OK"
7245,10417007639,10417007678,1,"IOTHUB_CLIENT_CONFIRMATION_OK"
7246,10417007840,10417007888,1,"IOTHUB_CLIENT_CONFIRMATION_OK"
7247,10417008040,10417008101,1,"IOTHUB_CLIENT_CONFIRMATION_OK"
7248,10417008240,10417008301,1,"IOTHUB_CLIENT_CONFIRMATION_OK"
7249,10417008440,10417008624,1,"IOTHUB_CLIENT_CONFIRMATION_OK"
7250,10417008640,10417008684,1,"IOTHUB_CLIENT_CONFIRMATION_OK"
7251,10417008840,10417008902,1,"IOTHUB_CLIENT_CONFIRMATION_OK"
7252,10417009041,10417009080,1,"IOTHUB_CLIENT_CONFIRMATION_OK"
7253,10417009241,10417009324,1,"IOTHUB_CLIENT_CONFIRMATION_OK"
7254,10417009441,10417009495,1,"IOTHUB_CLIENT_CONFIRMATION_OK"
7255,10417009641,10417009679,1,"IOTHUB_CLIENT_CONFIRMATION_OK"
7256,10417009841,10417010013,1,"IOTHUB_CLIENT_CONFIRMATION_OK"
7257,10417010041,10417010083,1,"IOTHUB_CLIENT_CONFIRMATION_OK"
7258,10417010242,10417010286,1,"IOTHUB_CLIENT_CONFIRMATION_OK"
7259,10417010442,10417010484,1,"IOTHUB_CLIENT_CONFIRMATION_OK"
7260,10417010642,10417010725,1,"IOTHUB_CLIENT_CONFIRMATION_OK"
7261,10417010842,10417010906,1,"IOTHUB_CLIENT_CONFIRMATION_OK"
7262,10417011042,10417011232,1,"IOTHUB_CLIENT_CONFIRMATION_OK"
7263,10417011242,10417011291,1,"IOTHUB_CLIENT_CONFIRMATION_OK"
7264,10417011442,10417011492,1,"IOTHUB_CLIENT_CONFIRMATION_OK"
7265,10417011643,10417011679,1,"IOTHUB_CLIENT_CONFIRMATION_OK"
7266,10417011843,10417011951,1,"IOTHUB_CLIENT_CONFIRMATION_OK"
7267,10417012043,10417012108,1,"IOTHUB_CLIENT_CONFIRMATION_OK"
7268,10417012243,10417012293,1,"IOTHUB_CLIENT_CONFIRMATION_OK"
7269,10417012443,10417012507,1,"IOTHUB_CLIENT_CONFIRMATION_OK"
7270,10417012643,10417012683,1,"IOTHUB_CLIENT_CONFIRMATION_OK"
7271,10417012844,10417012884,1,"IOTHUB_CLIENT_CONFIRMATION_OK"
7272,10417013044,10417013122,1,"IOTHUB_CLIENT_CONFIRMATION_OK"
7273,10417013244,10417013295,1,"IOTHUB_CLIENT_CONFIRMATION_OK"
7274,10417013444,10417013488,1,"IOTHUB_CLIENT_CONFIRMATION_OK"
7275,10417013644,10417013732,1,"IOTHUB_CLIENT_CONFIRMATION_OK"
7276,10417013844,10417013974,1,"IOTHUB_CLIENT_CONFIRMATION_OK"
7277,10417014044,10417014092,1,"IOTHUB_CLIENT_CONFIRMATION_OK"
7278,10417014245,10417014378,1,"IOTHUB_CLIENT_CONFIRMATION_OK"
7279,10417014445,10417014483,1,"IOTHUB_CLIENT_CONFIRMATION_OK"
7280,10417014645,10417014686,1,"IOTHUB_CLIENT_CONFIRMATION_OK"
7281,10417014845,10417014929,1,"IOTHUB_CLIENT_CONFIRMATION_OK"
7282,10417015045,10417015101,1,"IOTHUB_CLIENT_CONFIRMATION_OK"
7283,10417015245,10417015286,1,"IOTHUB_CLIENT_CONFIRMATION_OK"
7284,10417015446,10417015499,1,"IOTHUB_CLIENT_CONFIRMATION_OK"
7285,10417015646,10417015690,1,"IOTHUB_CLIENT_CONFIRMATION_OK"
7286,10417015846,10417015889,1,"IOTHUB_CLIENT_CONFIRMATION_OK"
7287,10417016046,10417016087,1,"IOTHUB_CLIENT_CONFIRMATION_OK"
7288,10417016246,10417016288,1,"IOTHUB_CLIENT_CONFIRMATION_OK"
7289,10417016446,10417016488,1,"IOTHUB_CLIENT_CONFIRMATION_OK"
7290,10417016647,10417016687,1,"IOTHUB_CLIENT_CONFIRMATION_OK"
7291,10417016847,10417017089,1,"IOTHUB_CLIENT_CONFIRMATION_OK"
7292,10417017047,10417017138,1,"IOTHUB_CLIENT_CONFIRMATION_OK"
7293,10417017247,10417017296,1,"IOTHUB_CLIENT_CONFIRMATION_OK"
7294,10417017447,10417017489,1,"IOTHUB_CLIENT_CONFIRMATION_OK"
7295,10417017647,10417017694,1,"IOTHUB_CLIENT_CONFIRMATION_OK"
7296,10417017847,10417017885,1,"IOTHUB_CLIENT_CONFIRMATION_OK"
7297,10417018048,10417018087,1,"IOTHUB_CLIENT_CONFIRMATION_OK"
7298,10417018248,10417018287,1,"IOTHUB_CLIENT_CONFIRMATION_OK"
7299,10417018448,10417018490,1,"IOTHUB_CLIENT_CONFIRMATION_OK"
7300,10417018648,10417018709,1,"IOTHUB_CLIENT_CONFIRMATION_OK"
7301,10417018848,10417018900,1,"IOTHUB_CLIENT_CONFIRMATION_OK"
7302,10417019048,10417019129,1,"IOTHUB_CLIENT_CONFIRMATION_OK"
7303,10417019248,10417019315,1,"IOTHUB_CLIENT_CONFIRMATION_OK"
7304,10417019449,10417019573,1,"IOTHUB_CLIENT_CONFIRMATION_OK"
7305,10417019649,10417019713,1,"IOTHUB_CLIENT_CONFIRMATION_OK"
7306,10417019849,10417019891,1,"IOTHUB_CLIENT_CONFIRMATION_OK"
7307,10417020049,10417020100,1,"IOTHUB_CLIENT_CONFIRMATION_OK"
7308,10417020249,10417020313,1,"IOTHUB_CLIENT_CONFIRMATION_OK"
7309,10417020449,10417020513,1,"IOTHUB_CLIENT_CONFIRMATION_OK"
7310,10417020649,10417020710,1,"IOTHUB_CLIENT_CONFIRMATION_OK"
7311,10417020850,10417020920,1,"IOTHUB_CLIENT_CONFIRMATION_OK"
7312,10417021050,10417021097,1,"IOTHUB_CLIENT_CONFIRMATION_OK"
7313,10417021250,10417021295,1,"IOTHUB_CLIENT_CONFIRMATION_OK"
7314,10417021450,10417021531,1,"IOTHUB_CLIENT_CONFIRMATION_OK"
7315,10417021650,10417021698,1,"IOTHUB_CLIENT_CONFIRMATION_OK"
7316,10417021850,10417021893,1,"IOTHUB_CLIENT_CONFIRMATION_OK"
7317,10417022050,10417022136,1,"IOTHUB_CLIENT_CONFIRMATION_OK"
7318,10417022251,10417022293,1,"IOTHUB_CLIENT_CONFIRMATION_OK"
7319,10417022451,10417022506,1,"IOTHUB_CLIENT_CONFIRMATION_OK"
7320,10417022651,10417022748,1,"IOTHUB_CLIENT_CONFIRMATION_OK"
7321,10417022851,10417022983,1,"IOTHUB_CLIENT_CONFIRMATION_OK"
7322,10417023051,10417023098,1,"IOTHUB_CLIENT_CONFIRMATION_OK"
7323,10417023251,10417023318,1,"IOTHUB_CLIENT_CONFIRMATION_OK"
7324,10417023452,10417023495,1,"IOTHUB_CLIENT_CONFIRMATION_OK"
7325,10417023652,10417023695,1,"IOTHUB_CLIENT_CONFIRMATION_OK"
7326,10417023852,10417023897,1,"IOTHUB_CLIENT_CONFIRMATION_OK"
7327,10417024052,10417024092,1,"IOTHUB_CLIENT_CONFIRMATION_OK"
7328,10417024252,10417024300,1,"IOTHUB_CLIENT_CONFIRMATION_OK"
7329,10417024452,10417024500,1,"IOTHUB_CLIENT_CONFIRMATION_OK"
7330,10417024652,10417024707,1,"IOTHUB_CLIENT_CONFIRMATION_OK"
7331,10417024853,10417024897,1,"IOTHUB_CLIENT_CONFIRMATION_OK"
7332,10417025053,10417025104,1,"IOTHUB_CLIENT_CONFIRMATION_OK"
7333,10417025253,10417025443,1,"IOTHUB_CLIENT_CONFIRMATION_OK"
7334,10417025453,10417025493,1,"IOTHUB_CLIENT_CONFIRMATION_OK"
7335,10417025653,10417025701,1,"IOTHUB_CLIENT_CONFIRMATION_OK"
7336,10417025853,10417025905,1,"IOTHUB_CLIENT_CONFIRMATION_OK"
7337,10417026054,10417026099,1,"IOTHUB_CLIENT_CONFIRMATION_OK"
7338,10417026254,10417026305,1,"IOTHUB_CLIENT_CONFIRMATION_OK"
7339,10417026454,10417026503,1,"IOTHUB_CLIENT_CONFIRMATION_OK"
7340,10417026654,10417026702,1,"IOTHUB_CLIENT_CONFIRMATION_OK"
7341,10417026854,10417026904,1,"IOTHUB_CLIENT_CONFIRMATION_OK"
7342,10417027054,10417027095,1,"IOTHUB_CLIENT_CONFIRMATION_OK"
7343,10417027255,10417027320,1,"IOTHUB_CLIENT_CONFIRMATION_OK"
7344,10417027455,10417027507,1,"IOTHUB_CLIENT_CONFIRMATION_OK"
7345,10417027655,10417027744,1,"IOTHUB_CLIENT_CONFIRMATION_OK"
7346,10417027855,10417027940,1,"IOTHUB_CLIENT_CONFIRMATION_OK"
7347,10417028055,10417028105,1,"IOTHUB_CLIENT_CONFIRMATION_OK"
7348,10417028255,10417028313,1,"IOTHUB_CLIENT_CONFIRMATION_OK"
7349,10417028455,10417028523,1,"IOTHUB_CLIENT_CONFIRMATION_OK"
7350,10417028656,10417028715,1,"IOTHUB_CLIENT_CONFIRMATION_OK"
7351,10417028856,10417028896,1,"IOTHUB_CLIENT_CONFIRMATION_OK"
7352,10417029056,10417029103,1,"IOTHUB_CLIENT_CONFIRMATION_OK"
7353,10417029256,10417029318,1,"IOTHUB_CLIENT_CONFIRMATION_OK"
7354,10417029456,10417029495,1,"IOTHUB_CLIENT_CONFIRMATION_OK"
7355,10417029656,10417029735,1,"IOTHUB_CLIENT_CONFIRMATION_OK"
7356,10417029856,10417029901,1,"IOTHUB_CLIENT_CONFIRMATION_OK"
7357,10417030057,10417030104,1,"IOTHUB_CLIENT_CONFIRMATION_OK"
7358,10417030257,10417030349,1,"IOTHUB_CLIENT_CONFIRMATION_OK"
7359,10417030457,10417030593,1,"IOTHUB_CLIENT_CONFIRMATION_OK"
7360,10417030657,10417030705,1,"IOTHUB_CLIENT_CONFIRMATION_OK"
7361,10417030857,10417030918,1,"IOTHUB_CLIENT_CONFIRMATION_OK"
7362,10417031057,10417031197,1,"IOTHUB_CLIENT_CONFIRMATION_OK"
7363,10417031258,10417031311,1,"IOTHUB_CLIENT_CONFIRMATION_OK"
7364,10417031458,10417031500,1,"IOTHUB_CLIENT_CONFIRMATION_OK"
7365,10417031658,10417031702,1,"IOTHUB_CLIENT_CONFIRMATION_OK"
7366,10417031858,10417031912,1,"IOTHUB_CLIENT_CONFIRMATION_OK"
7367,10417032058,10417032103,1,"IOTHUB_CLIENT_CONFIRMATION_OK"
7368,10417032258,10417032304,1,"IOTHUB_CLIENT_CONFIRMATION_OK"
7369,10417032458,10417032505,1,"IOTHUB_CLIENT_CONFIRMATION_OK"
7370,10417032659,10417032728,1,"IOTHUB_CLIENT_CONFIRMATION_OK"
7371,10417032859,10417032914,1,"IOTHUB_CLIENT_CONFIRMATION_OK"
7372,10417033059,10417033172,1,"IOTHUB_CLIENT_CONFIRMATION_OK"
7373,10417033259,10417033303,1,"IOTHUB_CLIENT_CONFIRMATION_OK"
7374,10417033459,10417033491,1,"IOTHUB_CLIENT_CONFIRMATION_OK"
7375,10417033660,10417033712,1,"IOTHUB_CLIENT_CONFIRMATION_OK"
7376,10417033860,10417033949,1,"IOTHUB_CLIENT_CONFIRMATION_OK"
7377,10417034060,10417034114,1,"IOTHUB_CLIENT_CONFIRMATION_OK"
7378,10417034260,10417034331,1,"IOTHUB_CLIENT_CONFIRMATION_OK"
7379,10417034460,10417034502,1,"IOTHUB_CLIENT_CONFIRMATION_OK"
7380,10417034660,10417034706,1,"IOTHUB_CLIENT_CONFIRMATION_OK"
7381,10417034861,10417034905,1,"IOTHUB_CLIENT_CONFIRMATION_OK"
7382,10417035061,10417035107,1,"IOTHUB_CLIENT_CONFIRMATION_OK"
7383,10417035261,10417035303,1,"IOTHUB_CLIENT_CONFIRMATION_OK"
7384,10417035461,10417035503,1,"IOTHUB_CLIENT_CONFIRMATION_OK"
7385,10417035661,10417035717,1,"IOTHUB_CLIENT_CONFIRMATION_OK"
7386,10417035861,10417035916,1,"IOTHUB_CLIENT_CONFIRMATION_OK"
7387,10417036062,10417036098,1,"IOTHUB_CLIENT_CONFIRMATION_OK"
7388,10417036262,10417036502,1,"IOTHUB_CLIENT_CONFIRMATION_OK"
7389,10417036462,10417036530,1,"IOTHUB_CLIENT_CONFIRMATION_OK"
7390,10417036662,10417036702,1,"IOTHUB_CLIENT_CONFIRMATION_OK"
7391,10417036862,10417036902,1,"IOTHUB_CLIENT_CONFIRMATION_OK"
7392,10417037062,10417037133,1,"IOTHUB_CLIENT_CONFIRMATION_OK"
7393,10417037262,10417037309,1,"IOTHUB_CLIENT_CONFIRMATION_OK"
7394,10417037463,10417037505,1,"IOTHUB_CLIENT_CONFIRMATION_OK"
7395,10417037663,10417037721,1,"IOTHUB_CLIENT_CONFIRMATION_OK"
7396,10417037863,10417037911,1,"IOTHUB_CLIENT_CONFIRMATION_OK"
7397,10417038063,10417038099,1,"IOTHUB_CLIENT_CONFIRMATION_OK"
7398,10417038263,10417038319,1,"IOTHUB_CLIENT_CONFIRMATION_OK"
7399,10417038463,10417038503,1,"IOTHUB_CLIENT_CONFIRMATION_OK"
7400,10417038664,10417038706,1,"IOTHUB_CLIENT_CONFIRMATION_OK"
7401,10417038864,10417038992,1,"IOTHUB_CLIENT_CONFIRMATION_OK"
7402,10417039064,10417039105,1,"IOTHUB_CLIENT_CONFIRMATION_OK"
7403,10417039264,10417039321,1,"IOTHUB_CLIENT_CONFIRMATION_OK"
7404,10417039464,10417039608,1,"IOTHUB_CLIENT_CONFIRMATION_OK"
7405,10417039664,10417039748,1,"IOTHUB_CLIENT_CONFIRMATION_OK"
7406,10417039864,10417039918,1,"IOTHUB_CLIENT_CONFIRMATION_OK"
7407,10417040065,10417040191,1,"IOTHUB_CLIENT_CONFIRMATION_OK"
7408,10417040265,10417040308,1,"IOTHUB_CLIENT_CONFIRMATION_OK"
7409,10417040465,10417040514,1,"IOTHUB_CLIENT_CONFIRMATION_OK"
7410,10417040665,10417040722,1,"IOTHUB_CLIENT_CONFIRMATION_OK"
7411,10417040865,10417040958,1,"IOTHUB_CLIENT_CONFIRMATION_OK"
7412,10417041065,10417041114,1,"IOTHUB_CLIENT_CONFIRMATION_OK"
7413,10417041266,10417041366,1,"IOTHUB_CLIENT_CONFIRMATION_OK"
7414,10417041466,10417041507,1,"IOTHUB_CLIENT_CONFIRMATION_OK"
7415,10417041666,10417041713,1,"IOTHUB_CLIENT_CONFIRMATION_OK"
7416,10417041866,10417041908,1,"IOTHUB_CLIENT_CONFIRMATION_OK"
7417,10417042066,10417042108,1,"IOTHUB_CLIENT_CONFIRMATION_OK"
7418,10417042266,10417042335,1,"IOTHUB_CLIENT_CONFIRMATION_OK"
7419,10417042466,10417042524,1,"IOTHUB_CLIENT_CONFIRMATION_OK"
7420,10417042667,10417042749,1,"IOTHUB_CLIENT_CONFIRMATION_OK"
7421,10417042867,10417042919,1,"IOTHUB_CLIENT_CONFIRMATION_OK"
7422,10417043067,10417043170,1,"IOTHUB_CLIENT_CONFIRMATION_OK"
7423,10417043267,10417043346,1,"IOTHUB_CLIENT_CONFIRMATION_OK"
7424,10417043467,10417043564,1,"IOTHUB_CLIENT_CONFIRMATION_OK"
7425,10417043667,10417043716,1,"IOTHUB_CLIENT_CONFIRMATION_OK"
7426,10417043868,10417043905,1,"IOTHUB_CLIENT_CONFIRMATION_OK"
7427,10417044068,10417044135,1,"IOTHUB_CLIENT_CONFIRMATION_OK"
7428,10417044268,10417044310,1,"IOTHUB_CLIENT_CONFIRMATION_OK"
7429,10417044468,10417044588,1,"IOTHUB_CLIENT_CONFIRMATION_OK"
7430,10417044668,10417044796,1,"IOTHUB_CLIENT_CONFIRMATION_OK"
7431,10417044868,10417044961,1,"IOTHUB_CLIENT_CONFIRMATION_OK"
7432,10417045069,10417045123,1,"IOTHUB_CLIENT_CONFIRMATION_OK"
7433,10417045269,10417045358,1,"IOTHUB_CLIENT_CONFIRMATION_OK"
7434,10417045469,10417045514,1,"IOTHUB_CLIENT_CONFIRMATION_OK"
7435,10417045669,10417045748,1,"IOTHUB_CLIENT_CONFIRMATION_OK"
7436,10417045869,10417045946,1,"IOTHUB_CLIENT_CONFIRMATION_OK"
7437,10417046069,10417046123,1,"IOTHUB_CLIENT_CONFIRMATION_OK"
7438,10417046270,10417046337,1,"IOTHUB_CLIENT_CONFIRMATION_OK"
7439,10417046470,10417046531,1,"IOTHUB_CLIENT_CONFIRMATION_OK"
7440,10417046670,10417046728,1,"IOTHUB_CLIENT_CONFIRMATION_OK"
7441,10417046870,10417046921,1,"IOTHUB_CLIENT_CONFIRMATION_OK"
7442,10417047070,10417047109,1,"IOTHUB_CLIENT_CONFIRMATION_OK"
7443,10417047270,10417047314,1,"IOTHUB_CLIENT_CONFIRMATION_OK"
7444,10417047471,10417047580,1,"IOTHUB_CLIENT_CONFIRMATION_OK"
7445,10417047671,10417047720,1,"IOTHUB_CLIENT_CONFIRMATION_OK"
7446,10417047871,10417048046,1,"IOTHUB_CLIENT_CONFIRMATION_OK"
7447,10417048071,10417048103,1,"IOTHUB_CLIENT_CONFIRMATION_OK"
7448,10417048271,10417048320,1,"IOTHUB_CLIENT_CONFIRMATION_OK"
7449,10417048471,10417048659,1,"IOTHUB_CLIENT_CONFIRMATION_OK"
7450,10417048671,10417048711,1,"IOTHUB_CLIENT_CONFIRMATION_OK"
7451,10417048872,10417048914,1,"IOTHUB_CLIENT_CONFIRMATION_OK"
7452,10417049072,10417049118,1,"IOTHUB_CLIENT_CONFIRMATION_OK"
7453,10417049272,10417049316,1,"IOTHUB_CLIENT_CONFIRMATION_OK"
7454,10417049472,10417049525,1,"IOTHUB_CLIENT_CONFIRMATION_OK"
7455,10417049672,10417049709,1,"IOTHUB_CLIENT_CONFIRMATION_OK"
7456,10417049872,10417049922,1,"IOTHUB_CLIENT_CONFIRMATION_OK"
7457,10417050073,10417050184,1,"IOTHUB_CLIENT_CONFIRMATION_OK"
7458,10417050273,10417050317,1,"IOTHUB_CLIENT_CONFIRMATION_OK"
7459,10417050473,10417050547,1,"IOTHUB_CLIENT_CONFIRMATION_OK"
7460,10417050673,10417050732,1,"IOTHUB_CLIENT_CONFIRMATION_OK"
7461,10417050873,10417050909,1,"IOTHUB_CLIENT_CONFIRMATION_OK"
7462,10417051073,10417051183,1,"IOTHUB_CLIENT_CONFIRMATION_OK"
7463,10417051274,10417051316,1,"IOTHUB_CLIENT_CONFIRMATION_OK"
7464,10417051474,10417051534,1,"IOTHUB_CLIENT_CONFIRMATION_OK"
7465,10417051674,10417051719,1,"IOTHUB_CLIENT_CONFIRMATION_OK"
7466,10417051874,10417051912,1,"IOTHUB_CLIENT_CONFIRMATION_OK"
7467,10417052074,10417052115,1,"IOTHUB_CLIENT_CONFIRMATION_OK"
7468,10417052274,10417052332,1,"IOTHUB_CLIENT_CONFIRMATION_OK"
7469,10417052475,10417052520,1,"IOTHUB_CLIENT_CONFIRMATION_OK"
7470,10417052675,10417052715,1,"IOTHUB_CLIENT_CONFIRMATION_OK"
7471,10417052875,10417052927,1,"IOTHUB_CLIENT_CONFIRMATION_OK"
7472,10417053075,10417053228,1,"IOTHUB_CLIENT_CONFIRMATION_OK"
7473,10417053275,10417053338,1,"IOTHUB_CLIENT_CONFIRMATION_OK"
7474,10417053475,10417053591,1,"IOTHUB_CLIENT_CONFIRMATION_OK"
7475,10417053675,10417053813,1,"IOTHUB_CLIENT_CONFIRMATION_OK"
7476,10417053876,10417053910,1,"IOTHUB_CLIENT_CONFIRMATION_OK"
7477,10417054076,10417054111,1,"IOTHUB_CLIENT_CONFIRMATION_OK"
7478,10417054276,10417054420,1,"IOTHUB_CLIENT_CONFIRMATION_OK"
7479,10417054476,10417054523,1,"IOTHUB_CLIENT_CONFIRMATION_OK"
7480,10417054676,10417054719,1,"IOTHUB_CLIENT_CONFIRMATION_OK"
7481,10417054877,10417054929,1,"IOTHUB_CLIENT_CONFIRMATION_OK"
7482,10417055077,10417055129,1,"IOTHUB_CLIENT_CONFIRMATION_OK"
7483,10417055277,10417055327,1,"IOTHUB_CLIENT_CONFIRMATION_OK"
7484,10417055477,10417055553,1,"IOTHUB_CLIENT_CONFIRMATION_OK"
7485,10417055677,10417055737,1,"IOTHUB_CLIENT_CONFIRMATION_OK"
7486,10417055877,10417055943,1,"IOTHUB_CLIENT_CONFIRMATION_OK"
7487,10417056078,10417056118,1,"IOTHUB_CLIENT_CONFIRMATION_OK"
7488,10417056278,10417056331,1,"IOTHUB_CLIENT_CONFIRMATION_OK"
7489,10417056478,10417056525,1,"IOTHUB_CLIENT_CONFIRMATION_OK"
7490,10417056678,10417056715,1,"IOTHUB_CLIENT_CONFIRMATION_OK"
7491,10417056878,10417056982,1,"IOTHUB_CLIENT_CONFIRMATION_OK"
7492,10417057079,10417057124,1,"IOTHUB_CLIENT_CONFIRMATION_OK"
7493,10417057279,10417057322,1,"IOTHUB_CLIENT_CONFIRMATION_OK"
7494,10417057479,10417057517,1,"IOTHUB_CLIENT_CONFIRMATION_OK"
7495,10417057679,10417057779,1,"IOTHUB_CLIENT_CONFIRMATION_OK"
7496,10417057879,10417057927,1,"IOTHUB_CLIENT_CONFIRMATION_OK"
7497,10417058080,10417058115,1,"IOTHUB_CLIENT_CONFIRMATION_OK"
7498,10417058280,10417058328,1,"IOTHUB_CLIENT_CONFIRMATION_OK"
7499,10417058480,10417058545,1,"IOTHUB_CLIENT_CONFIRMATION_OK"
7500,10417058680,10417058720,1,"IOTHUB_CLIENT_CONFIRMATION_OK"
7501,10417058880,10417058993,1,"IOTHUB_CLIENT_CONFIRMATION_OK"
7502,10417059080,10417059123,1,"IOTHUB_CLIENT_CONFIRMATION_OK"
7503,10417059281,10417059334,1,"IOTHUB_CLIENT_CONFIRMATION_OK"
7504,10417059481,10417059610,1,"IOTHUB_CLIENT_CONFIRMATION_OK"
7505,10417059681,10417059721,1,"IOTHUB_CLIENT_CONFIRMATION_OK"
7506,10417059881,10417059928,1,"IOTHUB_CLIENT_CONFIRMATION_OK"
7507,10417060081,10417060128,1,"IOTHUB_CLIENT_CONFIRMATION_OK"
7508,10417060281,10417060336,1,"IOTHUB_CLIENT_CONFIRMATION_OK"
7509,10417060482,10417060533,1,"IOTHUB_CLIENT_CONFIRMATION_OK"
7510,10417060682,10417060720,1,"IOTHUB_CLIENT_CONFIRMATION_OK"
7511,10417060882,10417060937,1,"IOTHUB_CLIENT_CONFIRMATION_OK"
7512,10417061082,10417061130,1,"IOTHUB_CLIENT_CONFIRMATION_OK"
7513,10417061282,10417061331,1,"IOTHUB_CLIENT_CONFIRMATION_OK"
7514,10417061483,10417061537,1,"IOTHUB_CLIENT_CONFIRMATION_OK"
7515,10417061683,10417061794,1,"IOTHUB_CLIENT_CONFIRMATION_OK"
7516,10417061883,10417061926,1,"IOTHUB_CLIENT_CONFIRMATION_OK"
7517,10417062083,10417062123,1,"IOTHUB_CLIENT_CONFIRMATION_OK"
7518,10417062283,10417062334,1,"IOTHUB_CLIENT_CONFIRMATION_OK"
7519,10417062483,10417062541,1,"IOTHUB_CLIENT_CONFIRMATION_OK"
7520,10417062684,10417062898,1,"IOTHUB_CLIENT_CONFIRMATION_OK"
7521,10417062884,10417062941,1,"IOTHUB_CLIENT_CONFIRMATION_OK"
7522,10417063084,10417063152,1,"IOTHUB_CLIENT_CONFIRMATION_OK"
7523,10417063284,10417063419,1,"IOTHUB_CLIENT_CONFIRMATION_OK"
7524,10417063484,10417063537,1,"IOTHUB_CLIENT_CONFIRMATION_OK"
7525,10417063684,10417063733,1,"IOTHUB_CLIENT_CONFIRMATION_OK"
7526,10417063885,10417063929,1,"IOTHUB_CLIENT_CONFIRMATION_OK"
7527,10417064085,10417064177,1,"IOTHUB_CLIENT_CONFIRMATION_OK"
7528,10417064285,10417064324,1,"IOTHUB_CLIENT_CONFIRMATION_OK"
7529,10417064485,10417064522,1,"IOTHUB_CLIENT_CONFIRMATION_OK"
7530,10417064685,10417064734,1,"IOTHUB_CLIENT_CONFIRMATION_OK"
7531,10417064885,10417064929,1,"IOTHUB_CLIENT_CONFIRMATION_OK"
7532,10417065085,10417065126,1,"IOTHUB_CLIENT_CONFIRMATION_OK"
7533,10417065286,10417065328,1,"IOTHUB_CLIENT_CONFIRMATION_OK"
7534,10417065486,10417065588,1,"IOTHUB_CLIENT_CONFIRMATION_OK"
7535,10417065686,10417065742,1,"IOTHUB_CLIENT_CONFIRMATION_OK"
7536,10417065886,10417065926,1,"IOTHUB_CLIENT_CONFIRMATION_OK"
7537,10417066086,10417066141,1,"IOTHUB_CLIENT_CONFIRMATION_OK"
7538,10417066286,10417066351,1,"IOTHUB_CLIENT_CONFIRMATION_OK"
7539,10417066487,10417066526,1,"IOTHUB_CLIENT_CONFIRMATION_OK"
7540,10417066687,10417066742,1,"IOTHUB_CLIENT_CONFIRMATION_OK"
7541,10417066887,10417066927,1,"IOTHUB_CLIENT_CONFIRMATION_OK"
7542,10417067087,10417067139,1,"IOTHUB_CLIENT_CONFIRMATION_OK"
7543,10417067287,10417067361,1,"IOTHUB_CLIENT_CONFIRMATION_OK"
7544,10417067487,10417067542,1,"IOTHUB_CLIENT_CONFIRMATION_OK"
7545,10417067688,10417067732,1,"IOTHUB_CLIENT_CONFIRMATION_OK"
7546,10417067888,10417067997,1,"IOTHUB_CLIENT_CONFIRMATION_OK"
7547,10417068088,10417068138,1,"IOTHUB_CLIENT_CONFIRMATION_OK"
7548,10417068288,10417068329,1,"IOTHUB_CLIENT_CONFIRMATION_OK"
7549,10417068488,10417068840,1,"IOTHUB_CLIENT_CONFIRMATION_OK"
7550,10417068688,10417068966,1,"IOTHUB_CLIENT_CONFIRMATION_OK"
7551,10417068888,10417069008,1,"IOTHUB_CLIENT_CONFIRMATION_OK"
7552,10417069089,10417069133,1,"IOTHUB_CLIENT_CONFIRMATION_OK"
7553,10417069289,10417069349,1,"IOTHUB_CLIENT_CONFIRMATION_OK"
7554,10417069489,10417069570,1,"IOTHUB_CLIENT_CONFIRMATION_OK"
7555,10417069689,10417069738,1,"IOTHUB_CLIENT_CONFIRMATION_OK"
7556,10417069889,10417069993,1,"IOTHUB_CLIENT_CONFIRMATION_OK"
7557,10417070089,10417070167,1,"IOTHUB_CLIENT_CONFIRMATION_OK"
7558,10417070290,10417070363,1,"IOTHUB_CLIENT_CONFIRMATION_OK"
7559,10417070490,10417070625,1,"IOTHUB_CLIENT_CONFIRMATION_OK"
7560,10417070690,10417070733,1,"IOTHUB_CLIENT_CONFIRMATION_OK"
7561,10417070890,10417070937,1,"IOTHUB_CLIENT_CONFIRMATION_OK"
7562,10417071090,10417071245,1,"IOTHUB_CLIENT_CONFIRMATION_OK"
7563,10417071290,10417071355,1,"IOTHUB_CLIENT_CONFIRMATION_OK"
7564,10417071491,10417071533,1,"IOTHUB_CLIENT_CONFIRMATION_OK"
7565,10417071691,10417071740,1,"IOTHUB_CLIENT_CONFIRMATION_OK"
7566,10417071891,10417071931,1,"IOTHUB_CLIENT_CONFIRMATION_OK"
7567,10417072091,10417072147,1,"IOTHUB_CLIENT_CONFIRMATION_OK"
7568,10417072291,10417073423,1,"IOTHUB_CLIENT_CONFIRMATION_OK"
7569,10417072491,10417073496,1,"IOTHUB_CLIENT_CONFIRMATION_OK"
7570,10417072692,10417073573,1,"IOTHUB_CLIENT_CONFIRMATION_OK"
7571,10417072892,10417073661,1,"IOTHUB_CLIENT_CONFIRMATION_OK"
7572,10417073092,10417073719,1,"IOTHUB_CLIENT_CONFIRMATION_OK"
7573,10417073292,10417073798,1,"IOTHUB_CLIENT_CONFIRMATION_OK"
7574,10417073492,10417074017,1,"IOTHUB_CLIENT_CONFIRMATION_OK"
7575,10417073692,10417074065,1,"IOTHUB_CLIENT_CONFIRMATION_OK"
7576,10417073892,10417074107,1,"IOTHUB_CLIENT_CONFIRMATION_OK"
7577,10417074093,10417074156,1,"IOTHUB_CLIENT_CONFIRMATION_OK"
7578,10417074293,10417074333,1,"IOTHUB_CLIENT_CONFIRMATION_OK"
7579,10417074493,10417074533,1,"IOTHUB_CLIENT_CONFIRMATION_OK"
7580,10417074693,10417074735,1,"IOTHUB_CLIENT_CONFIRMATION_OK"
7581,10417074893,10417074937,1,"IOTHUB_CLIENT_CONFIRMATION_OK"
7582,10417075093,10417075144,1,"IOTHUB_CLIENT_CONFIRMATION_OK"
7583,10417075293,10417075369,1,"IOTHUB_CLIENT_CONFIRMATION_OK"
7584,10417075494,10417075550,1,"IOTHUB_CLIENT_CONFIRMATION_OK"
7585,10417075694,10417075796,1,"IOTHUB_CLIENT_CONFIRMATION_OK"
7586,10417075894,10417075949,1,"IOTHUB_CLIENT_CONFIRMATION_OK"
7587,10417076094,10417076141,1,"IOTHUB_CLIENT_CONFIRMATION_OK"
7588,10417076294,10417076416,1,"IOTHUB_CLIENT_CONFIRMATION_OK"
7589,10417076494,10417076537,1,"IOTHUB_CLIENT_CONFIRMATION_OK"
7590,10417076695,10417076750,1,"IOTHUB_CLIENT_CONFIRMATION_OK"
7591,10417076895,10417077094,1,"IOTHUB_CLIENT_CONFIRMATION_OK"
7592,10417077095,10417077136,1,"IOTHUB_CLIENT_CONFIRMATION_OK"
7593,10417077295,10417077333,1,"IOTHUB_CLIENT_CONFIRMATION_OK"
7594,10417077495,10417077547,1,"IOTHUB_CLIENT_CONFIRMATION_OK"
7595,10417077695,10417077733,1,"IOTHUB_CLIENT_CONFIRMATION_OK"
7596,10417077895,10417077947,1,"IOTHUB_CLIENT_CONFIRMATION_OK"
7597,10417078096,10417078147,1,"IOTHUB_CLIENT_CONFIRMATION_OK"
7598,10417078296,10417078335,1,"IOTHUB_CLIENT_CONFIRMATION_OK"
7599,10417078496,10417078549,1,"IOTHUB_CLIENT_CONFIRMATION_OK"
7600,10417078696,10417078728,1,"IOTHUB_CLIENT_CONFIRMATION_OK"
7601,10417078896,10417078942,1,"IOTHUB_CLIENT_CONFIRMATION_OK"
7602,10417079096,10417079133,1,"IOTHUB_CLIENT_CONFIRMATION_OK"
7603,10417079297,10417079393,1,"IOTHUB_CLIENT_CONFIRMATION_OK"
7604,10417079497,10417079540,1,"IOTHUB_CLIENT_CONFIRMATION_OK"
7605,10417079697,10417079756,1,"IOTHUB_CLIENT_CONFIRMATION_OK"
7606,10417079897,10417079948,1,"IOTHUB_CLIENT_CONFIRMATION_OK"
7607,10417080097,10417080373,1,"IOTHUB_CLIENT_CONFIRMATION_OK"
7608,10417080297,10417080440,1,"IOTHUB_CLIENT_CONFIRMATION_OK"
7609,10417080498,10417080542,1,"IOTHUB_CLIENT_CONFIRMATION_OK"
7610,10417080698,10417080736,1,"IOTHUB_CLIENT_CONFIRMATION_OK"
7611,10417080898,10417080937,1,"IOTHUB_CLIENT_CONFIRMATION_OK"
7612,10417081098,10417081149,1,"IOTHUB_CLIENT_CONFIRMATION_OK"
7613,10417081298,10417081386,1,"IOTHUB_CLIENT_CONFIRMATION_OK"
7614,10417081498,10417081553,1,"IOTHUB_CLIENT_CONFIRMATION_OK"
7615,10417081699,10417081809,1,"IOTHUB_CLIENT_CONFIRMATION_OK"
7616,10417081899,10417081955,1,"IOTHUB_CLIENT_CONFIRMATION_OK"
7617,10417082099,10417082265,1,"IOTHUB_CLIENT_CONFIRMATION_OK"
7618,10417082299,10417082366,1,"IOTHUB_CLIENT_CONFIRMATION_OK"
7619,10417082499,10417082551,1,"IOTHUB_CLIENT_CONFIRMATION_OK"
7620,10417082699,10417082868,1,"IOTHUB_CLIENT_CONFIRMATION_OK"
7621,10417082899,10417082938,1,"IOTHUB_CLIENT_CONFIRMATION_OK"
7622,10417083100,10417083302,1,"IOTHUB_CLIENT_CONFIRMATION_OK"
7623,10417083300,10417083433,1,"IOTHUB_CLIENT_CONFIRMATION_OK"
7624,10417083500,10417083543,1,"IOTHUB_CLIENT_CONFIRMATION_OK"
7625,10417083700,10417083737,1,"IOTHUB_CLIENT_CONFIRMATION_OK"
7626,10417083900,10417083948,1,"IOTHUB_CLIENT_CONFIRMATION_OK"
7627,10417084100,10417084170,1,"IOTHUB_CLIENT_CONFIRMATION_OK"
7628,10417084300,10417084358,1,"IOTHUB_CLIENT_CONFIRMATION_OK"
7629,10417084501,10417084552,1,"IOTHUB_CLIENT_CONFIRMATION_OK"
7630,10417084701,10417084767,1,"IOTHUB_CLIENT_CONFIRMATION_OK"
7631,10417084901,10417084947,1,"IOTHUB_CLIENT_CONFIRMATION_OK"
7632,10417085101,10417085248,1,"IOTHUB_CLIENT_CONFIRMATION_OK"
7633,10417085301,10417085338,1,"IOTHUB_CLIENT_CONFIRMATION_OK"
7634,10417085501,10417085554,1,"IOTHUB_CLIENT_CONFIRMATION_OK"
7635,10417085701,10417085747,1,"IOTHUB_CLIENT_CONFIRMATION_OK"
7636,10417085902,10417086112,1,"IOTHUB_CLIENT_CONFIRMATION_OK"
7637,10417086102,10417086142,1,"IOTHUB_CLIENT_CONFIRMATION_OK"
7638,10417086302,10417086357,1,"IOTHUB_CLIENT_CONFIRMATION_OK"
7639,10417086502,10417086554,1,"IOTHUB_CLIENT_CONFIRMATION_OK"
7640,10417086702,10417086743,1,"IOTHUB_CLIENT_CONFIRMATION_OK"
7641,10417086902,10417086944,1,"IOTHUB_CLIENT_CONFIRMATION_OK"
7642,10417087103,10417087201,1,"IOTHUB_CLIENT_CONFIRMATION_OK"
7643,10417087303,10417087346,1,"IOTHUB_CLIENT_CONFIRMATION_OK"
7644,10417087503,10417087537,1,"IOTHUB_CLIENT_CONFIRMATION_OK"
7645,10417087703,10417087751,1,"IOTHUB_CLIENT_CONFIRMATION_OK"
7646,10417087903,10417087945,1,"IOTHUB_CLIENT_CONFIRMATION_OK"
7647,10417088104,10417088198,1,"IOTHUB_CLIENT_CONFIRMATION_OK"
7648,10417088304,10417088347,1,"IOTHUB_CLIENT_CONFIRMATION_OK"
7649,10417088504,10417088559,1,"IOTHUB_CLIENT_CONFIRMATION_OK"
7650,10417088704,10417088747,1,"IOTHUB_CLIENT_CONFIRMATION_OK"
7651,10417088904,10417088956,1,"IOTHUB_CLIENT_CONFIRMATION_OK"
7652,10417089104,10417089152,1,"IOTHUB_CLIENT_CONFIRMATION_OK"
7653,10417089304,10417089366,1,"IOTHUB_CLIENT_CONFIRMATION_OK"
7654,10417089505,10417089567,1,"IOTHUB_CLIENT_CONFIRMATION_OK"
7655,10417089705,10417089774,1,"IOTHUB_CLIENT_CONFIRMATION_OK"
7656,10417089905,10417090008,1,"IOTHUB_CLIENT_CONFIRMATION_OK"
7657,10417090105,10417090144,1,"IOTHUB_CLIENT_CONFIRMATION_OK"
7658,10417090305,10417090352,1,"IOTHUB_CLIENT_CONFIRMATION_OK"
7659,10417090505,10417090661,1,"IOTHUB_CLIENT_CONFIRMATION_OK"
7660,10417090705,10417090751,1,"IOTHUB_CLIENT_CONFIRMATION_OK"
7661,10417090906,10417090963,1,"IOTHUB_CLIENT_CONFIRMATION_OK"
7662,10417091106,10417091283,1,"IOTHUB_CLIENT_CONFIRMATION_OK"
7663,10417091306,10417091358,1,"IOTHUB_CLIENT_CONFIRMATION_OK"
7664,10417091506,10417091543,1,"IOTHUB_CLIENT_CONFIRMATION_OK"
7665,10417091706,10417091749,1,"IOTHUB_CLIENT_CONFIRMATION_OK"
7666,10417091906,10417091971,1,"IOTHUB_CLIENT_CONFIRMATION_OK"
7667,10417092107,10417092151,1,"IOTHUB_CLIENT_CONFIRMATION_OK"
7668,10417092307,10417092347,1,"IOTHUB_CLIENT_CONFIRMATION_OK"
7669,10417092507,10417092546,1,"IOTHUB_CLIENT_CONFIRMATION_OK"
7670,10417092707,10417092770,1,"IOTHUB_CLIENT_CONFIRMATION_OK"
7671,10417092907,10417092954,1,"IOTHUB_CLIENT_CONFIRMATION_OK"
7672,10417093107,10417093151,1,"IOTHUB_CLIENT_CONFIRMATION_OK"
7673,10417093307,10417093354,1,"IOTHUB_CLIENT_CONFIRMATION_OK"
7674,10417093508,10417093557,1,"IOTHUB_CLIENT_CONFIRMATION_OK"
7675,10417093708,10417093777,1,"IOTHUB_CLIENT_CONFIRMATION_OK"
7676,10417093908,10417093945,1,"IOTHUB_CLIENT_CONFIRMATION_OK"
7677,10417094108,10417094208,1,"IOTHUB_CLIENT_CONFIRMATION_OK"
7678,10417094308,10417094518,1,"IOTHUB_CLIENT_CONFIRMATION_OK"
7679,10417094508,10417094559,1,"IOTHUB_CLIENT_CONFIRMATION_OK"
7680,10417094708,10417094793,1,"IOTHUB_CLIENT_CONFIRMATION_OK"
7681,10417094909,10417094970,1,"IOTHUB_CLIENT_CONFIRMATION_OK"
7682,10417095109,10417095150,1,"IOTHUB_CLIENT_CONFIRMATION_OK"
7683,10417095309,10417095349,1,"IOTHUB_CLIENT_CONFIRMATION_OK"
7684,10417095509,10417095629,1,"IOTHUB_CLIENT_CONFIRMATION_OK"
7685,10417095709,10417095773,1,"IOTHUB_CLIENT_CONFIRMATION_OK"
7686,10417095909,10417096051,1,"IOTHUB_CLIENT_CONFIRMATION_OK"
7687,10417096109,10417096191,1,"IOTHUB_CLIENT_CONFIRMATION_OK"
7688,10417096310,10417096377,1,"IOTHUB_CLIENT_CONFIRMATION_OK"
7689,10417096510,10417096590,1,"IOTHUB_CLIENT_CONFIRMATION_OK"
7690,10417096710,10417096762,1,"IOTHUB_CLIENT_CONFIRMATION_OK"
7691,10417096910,10417096952,1,"IOTHUB_CLIENT_CONFIRMATION_OK"
7692,10417097110,10417097160,1,"IOTHUB_CLIENT_CONFIRMATION_OK"
7693,10417097310,10417097367,1,"IOTHUB_CLIENT_CONFIRMATION_OK"
7694,10417097511,10417097547,1,"IOTHUB_CLIENT_CONFIRMATION_OK"
7695,10417097711,10417097777,1,"IOTHUB_CLIENT_CONFIRMATION_OK"
7696,10417097911,10417097952,1,"IOTHUB_CLIENT_CONFIRMATION_OK"
7697,10417098111,10417098160,1,"IOTHUB_CLIENT_CONFIRMATION_OK"
7698,10417098311,10417098401,1,"IOTHUB_CLIENT_CONFIRMATION_OK"
7699,10417098511,10417098550,1,"IOTHUB_CLIENT_CONFIRMATION_OK"
7700,10417098711,10417098756,1,"IOTHUB_CLIENT_CONFIRMATION_OK"
7701,10417098912,10417099011,1,"IOTHUB_CLIENT_CONFIRMATION_OK"
7702,10417099112,10417099179,1,"IOTHUB_CLIENT_CONFIRMATION_OK"
7703,10417099312,10417099351,1,"IOTHUB_CLIENT_CONFIRMATION_OK"
7704,10417099512,10417099640,1,"IOTHUB_CLIENT_CONFIRMATION_OK"
7705,10417099712,10417099755,1,"IOTHUB_CLIENT_CONFIRMATION_OK"
7706,10417099912,10417099987,1,"IOTHUB_CLIENT_CONFIRMATION_OK"
7707,10417100113,10417100257,1,"IOTHUB_CLIENT_CONFIRMATION_OK"
7708,10417100313,10417100344,1,"IOTHUB_CLIENT_CONFIRMATION_OK"
7709,10417100513,10417100544,1,"IOTHUB_CLIENT_CONFIRMATION_OK"
7710,10417100713,10417100818,1,"IOTHUB_CLIENT_CONFIRMATION_OK"
7711,10417100913,10417100955,1,"IOTHUB_CLIENT_CONFIRMATION_OK"
7712,10417101113,10417101163,1,"IOTHUB_CLIENT_CONFIRMATION_OK"
7713,10417101313,10417101361,1,"IOTHUB_CLIENT_CONFIRMATION_OK"
7714,10417101514,10417101570,1,"IOTHUB_CLIENT_CONFIRMATION_OK"
7715,10417101714,10417101751,1,"IOTHUB_CLIENT_CONFIRMATION_OK"
7716,10417101914,10417101984,1,"IOTHUB_CLIENT_CONFIRMATION_OK"
7717,10417102114,10417102163,1,"IOTHUB_CLIENT_CONFIRMATION_OK"
7718,10417102314,10417102354,1,"IOTHUB_CLIENT_CONFIRMATION_OK"
7719,10417102514,10417102568,1,"IOTHUB_CLIENT_CONFIRMATION_OK"
7720,10417102715,10417102765,1,"IOTHUB_CLIENT_CONFIRMATION_OK"
7721,10417102915,10417102952,1,"IOTHUB_CLIENT_CONFIRMATION_OK"
7722,10417103115,10417103161,1,"IOTHUB_CLIENT_CONFIRMATION_OK"
7723,10417103315,10417103386,1,"IOTHUB_CLIENT_CONFIRMATION_OK"
7724,10417103515,10417103580,1,"IOTHUB_CLIENT_CONFIRMATION_OK"
7725,10417103715,10417103768,1,"IOTHUB_CLIENT_CONFIRMATION_OK"
7726,10417103916,10417103984,1,"IOTHUB_CLIENT_CONFIRMATION_OK"
7727,10417104116,10417104199,1,"IOTHUB_CLIENT_CONFIRMATION_OK"
7728,10417104316,10417104364,1,"IOTHUB_CLIENT_CONFIRMATION_OK"
7729,10417104516,10417104549,1,"IOTHUB_CLIENT_CONFIRMATION_OK"
7730,10417104716,10417104775,1,"IOTHUB_CLIENT_CONFIRMATION_OK"
7731,10417104916,10417104961,1,"IOTHUB_CLIENT_CONFIRMATION_OK"
7732,10417105116,10417105152,1,"IOTHUB_CLIENT_CONFIRMATION_OK"
7733,10417105317,10417105376,1,"IOTHUB_CLIENT_CONFIRMATION_OK"
7734,10417105517,10417105586,1,"IOTHUB_CLIENT_CONFIRMATION_OK"
7735,10417105717,10417105876,1,"IOTHUB_CLIENT_CONFIRMATION_OK"
7736,10417105917,10417106039,1,"IOTHUB_CLIENT_CONFIRMATION_OK"
7737,10417106117,10417106208,1,"IOTHUB_CLIENT_CONFIRMATION_OK"
7738,10417106317,10417106360,1,"IOTHUB_CLIENT_CONFIRMATION_OK"
7739,10417106518,10417106557,1,"IOTHUB_CLIENT_CONFIRMATION_OK"
7740,10417106718,10417106762,1,"IOTHUB_CLIENT_CONFIRMATION_OK"
7741,10417106918,10417106983,1,"IOTHUB_CLIENT_CONFIRMATION_OK"
7742,10417107118,10417107153,1,"IOTHUB_CLIENT_CONFIRMATION_OK"
7743,10417107318,10417107356,1,"IOTHUB_CLIENT_CONFIRMATION_OK"
7744,10417107518,10417107554,1,"IOTHUB_CLIENT_CONFIRMATION_OK"
7745,10417107718,10417107766,1,"IOTHUB_CLIENT_CONFIRMATION_OK"
7746,10417107919,10417107999,1,"IOTHUB_CLIENT_CONFIRMATION_OK"
7747,10417108119,10417108172,1,"IOTHUB_CLIENT_CONFIRMATION_OK"
7748,10417108319,10417108371,1,"IOTHUB_CLIENT_CONFIRMATION_OK"
7749,10417108519,10417108702,1,"IOTHUB_CLIENT_CONFIRMATION_OK"
7750,10417108719,10417108772,1,"IOTHUB_CLIENT_CONFIRMATION_OK"
7751,10417108919,10417108955,1,"IOTHUB_CLIENT_CONFIRMATION_OK"
7752,10417109120,10417109183,1,"IOTHUB_CLIENT_CONFIRMATION_OK"
7753,10417109320,10417109382,1,"IOTHUB_CLIENT_CONFIRMATION_OK"
7754,10417109520,10417109564,1,"IOTHUB_CLIENT_CONFIRMATION_OK"
7755,10417109720,10417109767,1,"IOTHUB_CLIENT_CONFIRMATION_OK"
7756,10417109920,10417109982,1,"IOTHUB_CLIENT_CONFIRMATION_OK"
7757,10417110120,10417110174,1,"IOTHUB_CLIENT_CONFIRMATION_OK"
7758,10417110321,10417110382,1,"IOTHUB_CLIENT_CONFIRMATION_OK"
7759,10417110521,10417110556,1,"IOTHUB_CLIENT_CONFIRMATION_OK"
7760,10417110721,10417110766,1,"IOTHUB_CLIENT_CONFIRMATION_OK"
7761,10417110921,10417110953,1,"IOTHUB_CLIENT_CONFIRMATION_OK"
7762,10417111121,10417111227,1,"IOTHUB_CLIENT_CONFIRMATION_OK"
7763,10417111321,10417111353,1,"IOTHUB_CLIENT_CONFIRMATION_OK"
7764,10417111521,10417111573,1,"IOTHUB_CLIENT_CONFIRMATION_OK"
7765,10417111722,10417111761,1,"IOTHUB_CLIENT_CONFIRMATION_OK"
7766,10417111922,10417111972,1,"IOTHUB_CLIENT_CONFIRMATION_OK"
7767,10417112122,10417112172,1,"IOTHUB_CLIENT_CONFIRMATION_OK"
7768,10417112322,10417112369,1,"IOTHUB_CLIENT_CONFIRMATION_OK"
7769,10417112522,10417112611,1,"IOTHUB_CLIENT_CONFIRMATION_OK"
7770,10417112722,10417112767,1,"IOTHUB_CLIENT_CONFIRMATION_OK"
7771,10417112923,10417112955,1,"IOTHUB_CLIENT_CONFIRMATION_OK"
7772,10417113123,10417113201,1,"IOTHUB_CLIENT_CONFIRMATION_OK"
7773,10417113323,10417113375,1,"IOTHUB_CLIENT_CONFIRMATION_OK"
7774,10417113523,10417113565,1,"IOTHUB_CLIENT_CONFIRMATION_OK"
7775,10417113723,10417113815,1,"IOTHUB_CLIENT_CONFIRMATION_OK"
7776,10417113923,10417113976,1,"IOTHUB_CLIENT_CONFIRMATION_OK"
7777,10417114123,10417114165,1,"IOTHUB_CLIENT_CONFIRMATION_OK"
7778,10417114324,10417114403,1,"IOTHUB_CLIENT_CONFIRMATION_OK"
7779,10417114524,10417114568,1,"IOTHUB_CLIENT_CONFIRMATION_OK"
7780,10417114724,10417114780,1,"IOTHUB_CLIENT_CONFIRMATION_OK"
7781,10417114924,10417114965,1,"IOTHUB_CLIENT_CONFIRMATION_OK"
7782,10417115124,10417115173,1,"IOTHUB_CLIENT_CONFIRMATION_OK"
7783,10417115324,10417115372,1,"IOTHUB_CLIENT_CONFIRMATION_OK"
7784,10417115525,10417115572,1,"IOTHUB_CLIENT_CONFIRMATION_OK"
7785,10417115725,10417115792,1,"IOTHUB_CLIENT_CONFIRMATION_OK"
7786,10417115925,10417115964,1,"IOTHUB_CLIENT_CONFIRMATION_OK"
7787,10417116125,10417116166,1,"IOTHUB_CLIENT_CONFIRMATION_OK"
7788,10417116325,10417116488,1,"IOTHUB_CLIENT_CONFIRMATION_OK"
7789,10417116525,10417116565,1,"IOTHUB_CLIENT_CONFIRMATION_OK"
7790,10417116726,10417116766,1,"IOTHUB_CLIENT_CONFIRMATION_OK"
7791,10417116926,10417117068,1,"IOTHUB_CLIENT_CONFIRMATION_OK"
7792,10417117126,10417117177,1,"IOTHUB_CLIENT_CONFIRMATION_OK"
7793,10417117326,10417117367,1,"IOTHUB_CLIENT_CONFIRMATION_OK"
7794,10417117526,10417117585,1,"IOTHUB_CLIENT_CONFIRMATION_OK"
7795,10417117726,10417117797,1,"IOTHUB_CLIENT_CONFIRMATION_OK"
7796,10417117926,10417117960,1,"IOTHUB_CLIENT_CONFIRMATION_OK"
7797,10417118127,10417118193,1,"IOTHUB_CLIENT_CONFIRMATION_OK"
7798,10417118327,10417118371,1,"IOTHUB_CLIENT_CONFIRMATION_OK"
7799,10417118527,10417118569,1,"IOTHUB_CLIENT_CONFIRMATION_OK"
7800,10417118727,10417118776,1,"IOTHUB_CLIENT_CONFIRMATION_OK"
7801,10417118927,10417119017,1,"IOTHUB_CLIENT_CONFIRMATION_OK"
7802,10417119127,10417119182,1,"IOTHUB_CLIENT_CONFIRMATION_OK"
7803,10417119328,10417119377,1,"IOTHUB_CLIENT_CONFIRMATION_OK"
7804,10417119528,10417119596,1,"IOTHUB_CLIENT_CONFIRMATION_OK"
7805,10417119728,10417119784,1,"IOTHUB_CLIENT_CONFIRMATION_OK"
7806,10417119928,10417120043,1,"IOTHUB_CLIENT_CONFIRMATION_OK"
7807,10417120128,10417120176,1,"IOTHUB_CLIENT_CONFIRMATION_OK"
7808,10417120328,10417120375,1,"IOTHUB_CLIENT_CONFIRMATION_OK"
7809,10417120528,10417120573,1,"IOTHUB_CLIENT_CONFIRMATION_OK"
7810,10417120729,10417120782,1,"IOTHUB_CLIENT_CONFIRMATION_OK"
7811,10417120929,10417120975,1,"IOTHUB_CLIENT_CONFIRMATION_OK"
7812,10417121129,10417121176,1,"IOTHUB_CLIENT_CONFIRMATION_OK"
7813,10417121329,10417121387,1,"IOTHUB_CLIENT_CONFIRMATION_OK"
7814,10417121529,10417121614,1,"IOTHUB_CLIENT_CONFIRMATION_OK"
7815,10417121729,10417121801,1,"IOTHUB_CLIENT_CONFIRMATION_OK"
7816,10417121930,10417121984,1,"IOTHUB_CLIENT_CONFIRMATION_OK"
7817,10417122130,10417122245,1,"IOTHUB_CLIENT_CONFIRMATION_OK"
7818,10417122330,10417122370,1,"IOTHUB_CLIENT_CONFIRMATION_OK"
7819,10417122530,10417122613,1,"IOTHUB_CLIENT_CONFIRMATION_OK"
7820,10417122730,10417122847,1,"IOTHUB_CLIENT_CONFIRMATION_OK"
7821,10417122930,10417122974,1,"IOTHUB_CLIENT_CONFIRMATION_OK"
7822,10417123131,10417123166,1,"IOTHUB_CLIENT_CONFIRMATION_OK"
7823,10417123331,10417123384,1,"IOTHUB_CLIENT_CONFIRMATION_OK"
7824,10417123531,10417123576,1,"IOTHUB_CLIENT_CONFIRMATION_OK"
7825,10417123731,10417123771,1,"IOTHUB_CLIENT_CONFIRMATION_OK"
7826,10417123931,10417124011,1,"IOTHUB_CLIENT_CONFIRMATION_OK"
7827,10417124131,10417124177,1,"IOTHUB_CLIENT_CONFIRMATION_OK"
7828,10417124331,10417124384,1,"IOTHUB_CLIENT_CONFIRMATION_OK"
7829,10417124532,10417124570,1,"IOTHUB_CLIENT_CONFIRMATION_OK"
7830,10417124732,10417124793,1,"IOTHUB_CLIENT_CONFIRMATION_OK"
7831,10417124932,10417125075,1,"IOTHUB_CLIENT_CONFIRMATION_OK"
7832,10417125132,10417125175,1,"IOTHUB_CLIENT_CONFIRMATION_OK"
7833,10417125332,10417125570,1,"IOTHUB_CLIENT_CONFIRMATION_OK"
7834,10417125532,10417125610,1,"IOTHUB_CLIENT_CONFIRMATION_OK"
7835,10417125733,10417125796,1,"IOTHUB_CLIENT_CONFIRMATION_OK"
7836,10417125933,10417126176,1,"IOTHUB_CLIENT_CONFIRMATION_OK"
7837,10417126133,10417126198,1,"IOTHUB_CLIENT_CONFIRMATION_OK"
7838,10417126333,10417126377,1,"IOTHUB_CLIENT_CONFIRMATION_OK"
7839,10417126533,10417126574,1,"IOTHUB_CLIENT_CONFIRMATION_OK"
7840,10417126733,10417126830,1,"IOTHUB_CLIENT_CONFIRMATION_OK"
7841,10417126933,10417126979,1,"IOTHUB_CLIENT_CONFIRMATION_OK"
7842,10417127134,10417127183,1,"IOTHUB_CLIENT_CONFIRMATION_OK"
7843,10417127334,10417127396,1,"IOTHUB_CLIENT_CONFIRMATION_OK"
7844,10417127534,10417127622,1,"IOTHUB_CLIENT_CONFIRMATION_OK"
7845,10417127734,10417127784,1,"IOTHUB_CLIENT_CONFIRMATION_OK"
7846,10417127934,10417128021,1,"IOTHUB_CLIENT_CONFIRMATION_OK"
7847,10417128134,10417128183,1,"IOTHUB_CLIENT_CONFIRMATION_OK"
7848,10417128335,10417128406,1,"IOTHUB_CLIENT_CONFIRMATION_OK"
7849,10417128535,10417128573,1,"IOTHUB_CLIENT_CONFIRMATION_OK"
7850,10417128735,10417128780,1,"IOTHUB_CLIENT_CONFIRMATION_OK"
7851,10417128935,10417129017,1,"IOTHUB_CLIENT_CONFIRMATION_OK"
7852,10417129135,10417129182,1,"IOTHUB_CLIENT_CONFIRMATION_OK"
7853,10417129335,10417129395,1,"IOTHUB_CLIENT_CONFIRMATION_OK"
7854,10417129535,10417129594,1,"IOTHUB_CLIENT_CONFIRMATION_OK"
7855,10417129736,10417129789,1,"IOTHUB_CLIENT_CONFIRMATION_OK"
7856,10417129936,10417129985,1,"IOTHUB_CLIENT_CONFIRMATION_OK"
7857,10417130136,10417130193,1,"IOTHUB_CLIENT_CONFIRMATION_OK"
7858,10417130336,10417130383,1,"IOTHUB_CLIENT_CONFIRMATION_OK"
7859,10417130536,10417130659,1,"IOTHUB_CLIENT_CONFIRMATION_OK"
7860,10417130736,10417130816,1,"IOTHUB_CLIENT_CONFIRMATION_OK"
7861,10417130937,10417130992,1,"IOTHUB_CLIENT_CONFIRMATION_OK"
7862,10417131137,10417131202,1,"IOTHUB_CLIENT_CONFIRMATION_OK"
7863,10417131337,10417131414,1,"IOTHUB_CLIENT_CONFIRMATION_OK"
7864,10417131537,10417131572,1,"IOTHUB_CLIENT_CONFIRMATION_OK"
7865,10417131737,10417131791,1,"IOTHUB_CLIENT_CONFIRMATION_OK"
7866,10417131937,10417131974,1,"IOTHUB_CLIENT_CONFIRMATION_OK"
7867,10417132138,10417132187,1,"IOTHUB_CLIENT_CONFIRMATION_OK"
7868,10417132338,10417132382,1,"IOTHUB_CLIENT_CONFIRMATION_OK"
7869,10417132538,10417132574,1,"IOTHUB_CLIENT_CONFIRMATION_OK"
7870,10417132738,10417132790,1,"IOTHUB_CLIENT_CONFIRMATION_OK"
7871,10417132938,10417132969,1,"IOTHUB_CLIENT_CONFIRMATION_OK"
7872,10417133138,10417133173,1,"IOTHUB_CLIENT_CONFIRMATION_OK"
7873,10417133338,10417133379,1,"IOTHUB_CLIENT_CONFIRMATION_OK"
7874,10417133539,10417133579,1,"IOTHUB_CLIENT_CONFIRMATION_OK"
7875,10417133739,10417133926,1,"IOTHUB_CLIENT_CONFIRMATION_OK"
7876,10417133939,10417133988,1,"IOTHUB_CLIENT_CONFIRMATION_OK"
7877,10417134139,10417134170,1,"IOTHUB_CLIENT_CONFIRMATION_OK"
7878,10417134339,10417134533,1,"IOTHUB_CLIENT_CONFIRMATION_OK"
7879,10417134539,10417134647,1,"IOTHUB_CLIENT_CONFIRMATION_OK"
7880,10417134740,10417134784,1,"IOTHUB_CLIENT_CONFIRMATION_OK"
7881,10417134940,10417135044,1,"IOTHUB_CLIENT_CONFIRMATION_OK"
7882,10417135140,10417135181,1,"IOTHUB_CLIENT_CONFIRMATION_OK"
7883,10417135340,10417135392,1,"IOTHUB_CLIENT_CONFIRMATION_OK"
7884,10417135540,10417135589,1,"IOTHUB_CLIENT_CONFIRMATION_OK"
7885,10417135740,10417135778,1,"IOTHUB_CLIENT_CONFIRMATION_OK"
7886,10417135941,10417135976,1,"IOTHUB_CLIENT_CONFIRMATION_OK"
7887,10417136141,10417136194,1,"IOTHUB_CLIENT_CONFIRMATION_OK"
7888,10417136341,10417136416,1,"IOTHUB_CLIENT_CONFIRMATION_OK"
7889,10417136541,10417136586,1,"IOTHUB_CLIENT_CONFIRMATION_OK"
7890,10417136741,10417136800,1,"IOTHUB_CLIENT_CONFIRMATION_OK"
7891,10417136941,10417136988,1,"IOTHUB_CLIENT_CONFIRMATION_OK"
7892,10417137142,10417137205,1,"IOTHUB_CLIENT_CONFIRMATION_OK"
7893,10417137342,10417137443,1,"IOTHUB_CLIENT_CONFIRMATION_OK"
7894,10417137542,10417137584,1,"IOTHUB_CLIENT_CONFIRMATION_OK"
7895,10417137742,10417137785,1,"IOTHUB_CLIENT_CONFIRMATION_OK"
7896,10417137942,10417137986,1,"IOTHUB_CLIENT_CONFIRMATION_OK"
7897,10417138142,10417138183,1,"IOTHUB_CLIENT_CONFIRMATION_OK"
7898,10417138342,10417138394,1,"IOTHUB_CLIENT_CONFIRMATION_OK"
7899,10417138543,10417138581,1,"IOTHUB_CLIENT_CONFIRMATION_OK"
7900,10417138743,10417138789,1,"IOTHUB_CLIENT_CONFIRMATION_OK"
7901,10417138943,10417139001,1,"IOTHUB_CLIENT_CONFIRMATION_OK"
7902,10417139143,10417139196,1,"IOTHUB_CLIENT_CONFIRMATION_OK"
7903,10417139343,10417139393,1,"IOTHUB_CLIENT_CONFIRMATION_OK"
7904,10417139543,10417139611,1,"IOTHUB_CLIENT_CONFIRMATION_OK"
7905,10417139743,10417139785,1,"IOTHUB_CLIENT_CONFIRMATION_OK"
7906,10417139944,10417140016,1,"IOTHUB_CLIENT_CONFIRMATION_OK"
7907,10417140144,10417140282,1,"IOTHUB_CLIENT_CONFIRMATION_OK"
7908,10417140344,10417140404,1,"IOTHUB_CLIENT_CONFIRMATION_OK"
7909,10417140544,10417140608,1,"IOTHUB_CLIENT_CONFIRMATION_OK"
7910,10417140744,10417140810,1,"IOTHUB_CLIENT_CONFIRMATION_OK"
7911,10417140944,10417140989,1,"IOTHUB_CLIENT_CONFIRMATION_OK"
7912,10417141145,10417141210,1,"IOTHUB_CLIENT_CONFIRMATION_OK"
7913,10417141345,10417141445,1,"IOTHUB_CLIENT_CONFIRMATION_OK"
7914,10417141545,10417141588,1,"IOTHUB_CLIENT_CONFIRMATION_OK"
7915,10417141745,10417141791,1,"IOTHUB_CLIENT_CONFIRMATION_OK"
7916,10417141945,10417141990,1,"IOTHUB_CLIENT_CONFIRMATION_OK"
7917,10417142145,10417142177,1,"IOTHUB_CLIENT_CONFIRMATION_OK"
7918,10417142345,10417142410,1,"IOTHUB_CLIENT_CONFIRMATION_OK"
7919,10417142546,10417142589,1,"IOTHUB_CLIENT_CONFIRMATION_OK"
7920,10417142746,10417142980,1,"IOTHUB_CLIENT_CONFIRMATION_OK"
7921,10417142946,10417143023,1,"IOTHUB_CLIENT_CONFIRMATION_OK"
7922,10417143146,10417143207,1,"IOTHUB_CLIENT_CONFIRMATION_OK"
7923,10417143346,10417143412,1,"IOTHUB_CLIENT_CONFIRMATION_OK"
7924,10417143546,10417143597,1,"IOTHUB_CLIENT_CONFIRMATION_OK"
7925,10417143747,10417143800,1,"IOTHUB_CLIENT_CONFIRMATION_OK"
7926,10417143947,10417143998,1,"IOTHUB_CLIENT_CONFIRMATION_OK"
7927,10417144147,10417144210,1,"IOTHUB_CLIENT_CONFIRMATION_OK"
7928,10417144347,10417144404,1,"IOTHUB_CLIENT_CONFIRMATION_OK"
7929,10417144547,10417144585,1,"IOTHUB_CLIENT_CONFIRMATION_OK"
7930,10417144747,10417144811,1,"IOTHUB_CLIENT_CONFIRMATION_OK"
7931,10417144947,10417144997,1,"IOTHUB_CLIENT_CONFIRMATION_OK"
7932,10417145148,10417145187,1,"IOTHUB_CLIENT_CONFIRMATION_OK"
7933,10417145348,10417145425,1,"IOTHUB_CLIENT_CONFIRMATION_OK"
7934,10417145548,10417145604,1,"IOTHUB_CLIENT_CONFIRMATION_OK"
7935,10417145748,10417145786,1,"IOTHUB_CLIENT_CONFIRMATION_OK"
7936,10417145948,10417146006,1,"IOTHUB_CLIENT_CONFIRMATION_OK"
7937,10417146148,10417146209,1,"IOTHUB_CLIENT_CONFIRMATION_OK"
7938,10417146349,10417146390,1,"IOTHUB_CLIENT_CONFIRMATION_OK"
7939,10417146549,10417146613,1,"IOTHUB_CLIENT_CONFIRMATION_OK"
7940,10417146749,10417146799,1,"IOTHUB_CLIENT_CONFIRMATION_OK"
7941,10417146949,10417146995,1,"IOTHUB_CLIENT_CONFIRMATION_OK"
7942,10417147149,10417147198,1,"IOTHUB_CLIENT_CONFIRMATION_OK"
7943,10417147349,10417147455,1,"IOTHUB_CLIENT_CONFIRMATION_OK"
7944,10417147549,10417147596,1,"IOTHUB_CLIENT_CONFIRMATION_OK"
7945,10417147750,10417147788,1,"IOTHUB_CLIENT_CONFIRMATION_OK"
7946,10417147950,10417148065,1,"IOTHUB_CLIENT_CONFIRMATION_OK"
7947,10417148150,10417148222,1,"IOTHUB_CLIENT_CONFIRMATION_OK"
7948,10417148350,10417148386,1,"IOTHUB_CLIENT_CONFIRMATION_OK"
7949,10417148550,10417148687,1,"IOTHUB_CLIENT_CONFIRMATION_OK"
7950,10417148750,10417148806,1,"IOTHUB_CLIENT_CONFIRMATION_OK"
7951,10417148950,10417148987,1,"IOTHUB_CLIENT_CONFIRMATION_OK"
7952,10417149151,10417149197,1,"IOTHUB_CLIENT_CONFIRMATION_OK"
7953,10417149351,10417149391,1,"IOTHUB_CLIENT_CONFIRMATION_OK"
7954,10417149551,10417149678,1,"IOTHUB_CLIENT_CONFIRMATION_OK"
7955,10417149751,10417149799,1,"IOTHUB_CLIENT_CONFIRMATION_OK"
7956,10417149951,10417150014,1,"IOTHUB_CLIENT_CONFIRMATION_OK"
7957,10417150151,10417150187,1,"IOTHUB_CLIENT_CONFIRMATION_OK"
7958,10417150352,10417150411,1,"IOTHUB_CLIENT_CONFIRMATION_OK"
7959,10417150552,10417150601,1,"IOTHUB_CLIENT_CONFIRMATION_OK"
7960,10417150752,10417150810,1,"IOTHUB_CLIENT_CONFIRMATION_OK"
7961,10417150952,10417150994,1,"IOTHUB_CLIENT_CONFIRMATION_OK"
7962,10417151152,10417151337,1,"IOTHUB_CLIENT_CONFIRMATION_OK"
7963,10417151352,10417151448,1,"IOTHUB_CLIENT_CONFIRMATION_OK"
7964,10417151552,10417151598,1,"IOTHUB_CLIENT_CONFIRMATION_OK"
7965,10417151753,10417151799,1,"IOTHUB_CLIENT_CONFIRMATION_OK"
7966,10417151953,10417152020,1,"IOTHUB_CLIENT_CONFIRMATION_OK"
7967,10417152153,10417152196,1,"IOTHUB_CLIENT_CONFIRMATION_OK"
7968,10417152353,10417152403,1,"IOTHUB_CLIENT_CONFIRMATION_OK"
7969,10417152553,10417152589,1,"IOTHUB_CLIENT_CONFIRMATION_OK"
7970,10417152753,10417152834,1,"IOTHUB_CLIENT_CONFIRMATION_OK"
7971,10417152954,10417152993,1,"IOTHUB_CLIENT_CONFIRMATION_OK"
7972,10417153154,10417153196,1,"IOTHUB_CLIENT_CONFIRMATION_OK"
7973,10417153354,10417153400,1,"IOTHUB_CLIENT_CONFIRMATION_OK"
7974,10417153554,10417153605,1,"IOTHUB_CLIENT_CONFIRMATION_OK"
7975,10417153754,10417153797,1,"IOTHUB_CLIENT_CONFIRMATION_OK"
7976,10417153954,10417154018,1,"IOTHUB_CLIENT_CONFIRMATION_OK"
7977,10417154155,10417154212,1,"IOTHUB_CLIENT_CONFIRMATION_OK"
7978,10417154355,10417154584,1,"IOTHUB_CLIENT_CONFIRMATION_OK"
7979,10417154555,10417154605,1,"IOTHUB_CLIENT_CONFIRMATION_OK"
7980,10417154755,10417154799,1,"IOTHUB_CLIENT_CONFIRMATION_OK"
7981,10417154955,10417154999,1,"IOTHUB_CLIENT_CONFIRMATION_OK"
7982,10417155155,10417155201,1,"IOTHUB_CLIENT_CONFIRMATION_OK"
7983,10417155355,10417155401,1,"IOTHUB_CLIENT_CONFIRMATION_OK"
7984,10417155556,10417155598,1,"IOTHUB_CLIENT_CONFIRMATION_OK"
7985,10417155756,10417155807,1,"IOTHUB_CLIENT_CONFIRMATION_OK"
7986,10417155956,10417155989,1,"IOTHUB_CLIENT_CONFIRMATION_OK"
7987,10417156156,10417156191,1,"IOTHUB_CLIENT_CONFIRMATION_OK"
7988,10417156356,10417156474,1,"IOTHUB_CLIENT_CONFIRMATION_OK"
7989,10417156556,10417156602,1,"IOTHUB_CLIENT_CONFIRMATION_OK"
7990,10417156756,10417156808,1,"IOTHUB_CLIENT_CONFIRMATION_OK"
7991,10417156957,10417157015,1,"IOTHUB_CLIENT_CONFIRMATION_OK"
7992,10417157157,10417157189,1,"IOTHUB_CLIENT_CONFIRMATION_OK"
7993,10417157357,10417157402,1,"IOTHUB_CLIENT_CONFIRMATION_OK"
7994,10417157557,10417157619,1,"IOTHUB_CLIENT_CONFIRMATION_OK"
7995,10417157757,10417157806,1,"IOTHUB_CLIENT_CONFIRMATION_OK"
7996,10417157957,10417157995,1,"IOTHUB_CLIENT_CONFIRMATION_OK"
7997,10417158157,10417158198,1,"IOTHUB_CLIENT_CONFIRMATION_OK"
7998,10417158358,10417158434,1,"IOTHUB_CLIENT_CONFIRMATION_OK"
7999,10417158558,10417158592,1,"IOTHUB_CLIENT_CONFIRMATION_OK"
8000,10417158758,10417158903,1,"IOTHUB_CLIENT_CONFIRMATION_OK"
8001,10417158958,10417159071,1,"IOTHUB_CLIENT_CONFIRMATION_OK"
8002,10417159158,10417159212,1,"IOTHUB_CLIENT_CONFIRMATION_OK"
8003,10417159358,10417159439,1,"IOTHUB_CLIENT_CONFIRMATION_OK"
8004,10417159559,10417159700,1,"IOTHUB_CLIENT_CONFIRMATION_OK"
8005,10417159759,10417159793,1,"IOTHUB_CLIENT_CONFIRMATION_OK"
8006,10417159959,10417159995,1,"IOTHUB_CLIENT_CONFIRMATION_OK"
8007,10417160159,10417160333,1,"IOTHUB_CLIENT_CONFIRMATION_OK"
8008,10417160359,10417160455,1,"IOTHUB_CLIENT_CONFIRMATION_OK"
8009,10417160559,10417160595,1,"IOTHUB_CLIENT_CONFIRMATION_OK"
8010,10417160759,10417160830,1,"IOTHUB_CLIENT_CONFIRMATION_OK"
8011,10417160960,10417161018,1,"IOTHUB_CLIENT_CONFIRMATION_OK"
8012,10417161160,10417161206,1,"IOTHUB_CLIENT_CONFIRMATION_OK"
8013,10417161360,10417161401,1,"IOTHUB_CLIENT_CONFIRMATION_OK"
8014,10417161560,10417161595,1,"IOTHUB_CLIENT_CONFIRMATION_OK"
8015,10417161760,10417161809,1,"IOTHUB_CLIENT_CONFIRMATION_OK"
8016,10417161960,10417162069,1,"IOTHUB_CLIENT_CONFIRMATION_OK"
8017,10417162160,10417162246,1,"IOTHUB_CLIENT_CONFIRMATION_OK"
8018,10417162361,10417162425,1,"IOTHUB_CLIENT_CONFIRMATION_OK"
8019,10417162561,10417162611,1,"IOTHUB_CLIENT_CONFIRMATION_OK"
8020,10417162761,10417162927,1,"IOTHUB_CLIENT_CONFIRMATION_OK"
8021,10417162961,10417163019,1,"IOTHUB_CLIENT_CONFIRMATION_OK"
8022,10417163161,10417163216,1,"IOTHUB_CLIENT_CONFIRMATION_OK"
8023,10417163361,10417163436,1,"IOTHUB_CLIENT_CONFIRMATION_OK"
8024,10417163562,10417163602,1,"IOTHUB_CLIENT_CONFIRMATION_OK"
8025,10417163762,10417163828,1,"IOTHUB_CLIENT_CONFIRMATION_OK"
8026,10417163962,10417164012,1,"IOTHUB_CLIENT_CONFIRMATION_OK"
8027,10417164162,10417164204,1,"IOTHUB_CLIENT_CONFIRMATION_OK"
8028,10417164362,10417164406,1,"IOTHUB_CLIENT_CONFIRMATION_OK"
8029,10417164562,10417164601,1,"IOTHUB_CLIENT_CONFIRMATION_OK"
8030,10417164762,10417164820,1,"IOTHUB_CLIENT_CONFIRMATION_OK"
8031,10417164963,10417164998,1,"IOTHUB_CLIENT_CONFIRMATION_OK"
8032,10417165163,10417165230,1,"IOTHUB_CLIENT_CONFIRMATION_OK"
8033,10417165363,10417165439,1,"IOTHUB_CLIENT_CONFIRMATION_OK"
8034,10417165563,10417165611,1,"IOTHUB_CLIENT_CONFIRMATION_OK"
8035,10417165763,10417165812,1,"IOTHUB_CLIENT_CONFIRMATION_OK"
8036,10417165963,10417166037,1,"IOTHUB_CLIENT_CONFIRMATION_OK"
8037,10417166163,10417166200,1,"IOTHUB_CLIENT_CONFIRMATION_OK"
8038,10417166364,10417166402,1,"IOTHUB_CLIENT_CONFIRMATION_OK"
8039,10417166564,10417166721,1,"IOTHUB_CLIENT_CONFIRMATION_OK"
8040,10417166764,10417166813,1,"IOTHUB_CLIENT_CONFIRMATION_OK"
8041,10417166964,10417167004,1,"IOTHUB_CLIENT_CONFIRMATION_OK"
8042,10417167164,10417167200,1,"IOTHUB_CLIENT_CONFIRMATION_OK"
8043,10417167364,10417167474,1,"IOTHUB_CLIENT_CONFIRMATION_OK"
8044,10417167564,10417167605,1,"IOTHUB_CLIENT_CONFIRMATION_OK"
8045,10417167765,10417167838,1,"IOTHUB_CLIENT_CONFIRMATION_OK"
8046,10417167965,10417168239,1,"IOTHUB_CLIENT_CONFIRMATION_OK"
8047,10417168165,10417168308,1,"IOTHUB_CLIENT_CONFIRMATION_OK"
8048,10417168365,10417168456,1,"IOTHUB_CLIENT_CONFIRMATION_OK"
8049,10417168565,10417168702,1,"IOTHUB_CLIENT_CONFIRMATION_OK"
8050,10417168765,10417168813,1,"IOTHUB_CLIENT_CONFIRMATION_OK"
8051,10417168966,10417169030,1,"IOTHUB_CLIENT_CONFIRMATION_OK"
8052,10417169166,10417169227,1,"IOTHUB_CLIENT_CONFIRMATION_OK"
8053,10417169366,10417169402,1,"IOTHUB_CLIENT_CONFIRMATION_OK"
8054,10417169566,10417169616,1,"IOTHUB_CLIENT_CONFIRMATION_OK"
8055,10417169766,10417170140,1,"IOTHUB_CLIENT_CONFIRMATION_OK"
8056,10417169966,10417170154,1,"IOTHUB_CLIENT_CONFIRMATION_OK"
8057,10417170167,10417170264,1,"IOTHUB_CLIENT_CONFIRMATION_OK"
8058,10417170367,10417170423,1,"IOTHUB_CLIENT_CONFIRMATION_OK"
8059,10417170567,10417170622,1,"IOTHUB_CLIENT_CONFIRMATION_OK"
8060,10417170767,10417170813,1,"IOTHUB_CLIENT_CONFIRMATION_OK"
8061,10417170967,10417171017,1,"IOTHUB_CLIENT_CONFIRMATION_OK"
8062,10417171167,10417171271,1,"IOTHUB_CLIENT_CONFIRMATION_OK"
8063,10417171367,10417171418,1,"IOTHUB_CLIENT_CONFIRMATION_OK"
8064,10417171568,10417171610,1,"IOTHUB_CLIENT_CONFIRMATION_OK"
8065,10417171768,10417171824,1,"IOTHUB_CLIENT_CONFIRMATION_OK"
8066,10417171968,10417172022,1,"IOTHUB_CLIENT_CONFIRMATION_OK"
8067,10417172168,10417172218,1,"IOTHUB_CLIENT_CONFIRMATION_OK"
8068,10417172368,10417172441,1,"IOTHUB_CLIENT_CONFIRMATION_OK"
8069,10417172568,10417172679,1,"IOTHUB_CLIENT_CONFIRMATION_OK"
8070,10417172769,10417172813,1,"IOTHUB_CLIENT_CONFIRMATION_OK"
8071,10417172969,10417173012,1,"IOTHUB_CLIENT_CONFIRMATION_OK"
8072,10417173169,10417173299,1,"IOTHUB_CLIENT_CONFIRMATION_OK"
8073,10417173369,10417173405,1,"IOTHUB_CLIENT_CONFIRMATION_OK"
8074,10417173569,10417173616,1,"IOTHUB_CLIENT_CONFIRMATION_OK"
8075,10417173769,10417173885,1,"IOTHUB_CLIENT_CONFIRMATION_OK"
8076,10417173970,10417174040,1,"IOTHUB_CLIENT_CONFIRMATION_OK"
8077,10417174170,10417174218,1,"IOTHUB_CLIENT_CONFIRMATION_OK"
8078,10417174370,10417174481,1,"IOTHUB_CLIENT_CONFIRMATION_OK"
8079,10417174570,10417174622,1,"IOTHUB_CLIENT_CONFIRMATION_OK"
8080,10417174770,10417174819,1,"IOTHUB_CLIENT_CONFIRMATION_OK"
8081,10417174970,10417175012,1,"IOTHUB_CLIENT_CONFIRMATION_OK"
8082,10417175170,10417175222,1,"IOTHUB_CLIENT_CONFIRMATION_OK"
8083,10417175371,10417175401,1,"IOTHUB_CLIENT_CONFIRMATION_OK"
8084,10417175571,10417175650,1,"IOTHUB_CLIENT_CONFIRMATION_OK"
8085,10417175771,10417175812,1,"IOTHUB_CLIENT_CONFIRMATION_OK"
8086,10417175971,10417176034,1,"IOTHUB_CLIENT_CONFIRMATION_OK"
8087,10417176171,10417176215,1,"IOTHUB_CLIENT_CONFIRMATION_OK"
8088,10417176371,10417176421,1,"IOTHUB_CLIENT_CONFIRMATION_OK"
8089,10417176571,10417176612,1,"IOTHUB_CLIENT_CONFIRMATION_OK"
8090,10417176772,10417176846,1,"IOTHUB_CLIENT_CONFIRMATION_OK"
8091,10417176972,10417177142,1,"IOTHUB_CLIENT_CONFIRMATION_OK"
8092,10417177172,10417177259,1,"IOTHUB_CLIENT_CONFIRMATION_OK"
8093,10417177372,10417177417,1,"IOTHUB_CLIENT_CONFIRMATION_OK"
8094,10417177572,10417177617,1,"IOTHUB_CLIENT_CONFIRMATION_OK"
8095,10417177772,10417177808,1,"IOTHUB_CLIENT_CONFIRMATION_OK"
8096,10417177973,10417178021,1,"IOTHUB_CLIENT_CONFIRMATION_OK"
8097,10417178173,10417178227,1,"IOTHUB_CLIENT_CONFIRMATION_OK"
8098,10417178373,10417178446,1,"IOTHUB_CLIENT_CONFIRMATION_OK"
8099,10417178573,10417178654,1,"IOTHUB_CLIENT_CONFIRMATION_OK"
8100,10417178773,10417178835,1,"IOTHUB_CLIENT_CONFIRMATION_OK"
8101,10417178973,10417179017,1,"IOTHUB_CLIENT_CONFIRMATION_OK"
8102,10417179174,10417179219,1,"IOTHUB_CLIENT_CONFIRMATION_OK"
8103,10417179374,10417179422,1,"IOTHUB_CLIENT_CONFIRMATION_OK"
8104,10417179574,10417179619,1,"IOTHUB_CLIENT_CONFIRMATION_OK"
8105,10417179774,10417179820,1,"IOTHUB_CLIENT_CONFIRMATION_OK"
8106,10417179974,10417180018,1,"IOTHUB_CLIENT_CONFIRMATION_OK"
8107,10417180175,10417180244,1,"IOTHUB_CLIENT_CONFIRMATION_OK"
8108,10417180375,10417180414,1,"IOTHUB_CLIENT_CONFIRMATION_OK"
8109,10417180575,10417180631,1,"IOTHUB_CLIENT_CONFIRMATION_OK"
8110,10417180775,10417180814,1,"IOTHUB_CLIENT_CONFIRMATION_OK"
8111,10417180975,10417181007,1,"IOTHUB_CLIENT_CONFIRMATION_OK"
8112,10417181175,10417181229,1,"IOTHUB_CLIENT_CONFIRMATION_OK"
8113,10417181375,10417181419,1,"IOTHUB_CLIENT_CONFIRMATION_OK"
8114,10417181576,10417181775,1,"IOTHUB_CLIENT_CONFIRMATION_OK"
8115,10417181776,10417182202,1,"IOTHUB_CLIENT_CONFIRMATION_OK"
8116,10417181976,10417182287,1,"IOTHUB_CLIENT_CONFIRMATION_OK"
8117,10417182176,10417182393,1,"IOTHUB_CLIENT_CONFIRMATION_OK"
8118,10417182376,10417182455,1,"IOTHUB_CLIENT_CONFIRMATION_OK"
8119,10417182577,10417182619,1,"IOTHUB_CLIENT_CONFIRMATION_OK"
8120,10417182777,10417182905,1,"IOTHUB_CLIENT_CONFIRMATION_OK"
8121,10417182977,10417183040,1,"IOTHUB_CLIENT_CONFIRMATION_OK"
8122,10417183177,10417183230,1,"IOTHUB_CLIENT_CONFIRMATION_OK"
8123,10417183377,10417183413,1,"IOTHUB_CLIENT_CONFIRMATION_OK"
8124,10417183577,10417183617,1,"IOTHUB_CLIENT_CONFIRMATION_OK"
8125,10417183777,10417183841,1,"IOTHUB_CLIENT_CONFIRMATION_OK"
8126,10417183978,10417184042,1,"IOTHUB_CLIENT_CONFIRMATION_OK"
8127,10417184178,10417184226,1,"IOTHUB_CLIENT_CONFIRMATION_OK"
8128,10417184378,10417184415,1,"IOTHUB_CLIENT_CONFIRMATION_OK"
8129,10417184578,10417184623,1,"IOTHUB_CLIENT_CONFIRMATION_OK"
8130,10417184778,10417184878,1,"IOTHUB_CLIENT_CONFIRMATION_OK"
8131,10417184978,10417185019,1,"IOTHUB_CLIENT_CONFIRMATION_OK"
8132,10417185179,10417185211,1,"IOTHUB_CLIENT_CONFIRMATION_OK"
8133,10417185379,10417185422,1,"IOTHUB_CLIENT_CONFIRMATION_OK"
8134,10417185579,10417185617,1,"IOTHUB_CLIENT_CONFIRMATION_OK"
8135,10417185779,10417185853,1,"IOTHUB_CLIENT_CONFIRMATION_OK"
8136,10417185979,10417186196,1,"IOTHUB_CLIENT_CONFIRMATION_OK"
8137,10417186179,10417186225,1,"IOTHUB_CLIENT_CONFIRMATION_OK"
8138,10417186379,10417186414,1,"IOTHUB_CLIENT_CONFIRMATION_OK"
8139,10417186580,10417186638,1,"IOTHUB_CLIENT_CONFIRMATION_OK"
8140,10417186780,10417186813,1,"IOTHUB_CLIENT_CONFIRMATION_OK"
8141,10417186980,10417187058,1,"IOTHUB_CLIENT_CONFIRMATION_OK"
8142,10417187180,10417187222,1,"IOTHUB_CLIENT_CONFIRMATION_OK"
8143,10417187380,10417187466,1,"IOTHUB_CLIENT_CONFIRMATION_OK"
8144,10417187580,10417187620,1,"IOTHUB_CLIENT_CONFIRMATION_OK"
8145,10417187781,10417187820,1,"IOTHUB_CLIENT_CONFIRMATION_OK"
8146,10417187981,10417188083,1,"IOTHUB_CLIENT_CONFIRMATION_OK"
8147,10417188181,10417188219,1,"IOTHUB_CLIENT_CONFIRMATION_OK"
8148,10417188381,10417188436,1,"IOTHUB_CLIENT_CONFIRMATION_OK"
8149,10417188581,10417188620,1,"IOTHUB_CLIENT_CONFIRMATION_OK"
8150,10417188781,10417188822,1,"IOTHUB_CLIENT_CONFIRMATION_OK"
8151,10417188981,10417189024,1,"IOTHUB_CLIENT_CONFIRMATION_OK"
8152,10417189182,10417189215,1,"IOTHUB_CLIENT_CONFIRMATION_OK"
8153,10417189382,10417189463,1,"IOTHUB_CLIENT_CONFIRMATION_OK"
8154,10417189582,10417189656,1,"IOTHUB_CLIENT_CONFIRMATION_OK"
8155,10417189782,10417189817,1,"IOTHUB_CLIENT_CONFIRMATION_OK"
8156,10417189982,10417190049,1,"IOTHUB_CLIENT_CONFIRMATION_OK"
8157,10417190182,10417190276,1,"IOTHUB_CLIENT_CONFIRMATION_OK"
8158,10417190383,10417190436,1,"IOTHUB_CLIENT_CONFIRMATION_OK"
8159,10417190583,10417190657,1,"IOTHUB_CLIENT_CONFIRMATION_OK"
8160,10417190783,10417190847,1,"IOTHUB_CLIENT_CONFIRMATION_OK"
8161,10417190983,10417191050,1,"IOTHUB_CLIENT_CONFIRMATION_OK"
8162,10417191183,10417191278,1,"IOTHUB_CLIENT_CONFIRMATION_OK"
8163,10417191383,10417191422,1,"IOTHUB_CLIENT_CONFIRMATION_OK"
8164,10417191583,10417191635,1,"IOTHUB_CLIENT_CONFIRMATION_OK"
8165,10417191784,10417191942,1,"IOTHUB_CLIENT_CONFIRMATION_OK"
8166,10417191984,10417192028,1,"IOTHUB_CLIENT_CONFIRMATION_OK"
8167,10417192184,10417192232,1,"IOTHUB_CLIENT_CONFIRMATION_OK"
8168,10417192384,10417192439,1,"IOTHUB_CLIENT_CONFIRMATION_OK"
8169,10417192584,10417192628,1,"IOTHUB_CLIENT_CONFIRMATION_OK"
8170,10417192784,10417192827,1,"IOTHUB_CLIENT_CONFIRMATION_OK"
8171,10417192984,10417193022,1,"IOTHUB_CLIENT_CONFIRMATION_OK"
8172,10417193185,10417193229,1,"IOTHUB_CLIENT_CONFIRMATION_OK"
8173,10417193385,10417193444,1,"IOTHUB_CLIENT_CONFIRMATION_OK"
8174,10417193585,10417193635,1,"IOTHUB_CLIENT_CONFIRMATION_OK"
8175,10417193785,10417193948,1,"IOTHUB_CLIENT_CONFIRMATION_OK"
8176,10417193985,10417194045,1,"IOTHUB_CLIENT_CONFIRMATION_OK"
8177,10417194185,10417194246,1,"IOTHUB_CLIENT_CONFIRMATION_OK"
8178,10417194386,10417194526,1,"IOTHUB_CLIENT_CONFIRMATION_OK"
8179,10417194586,10417194635,1,"IOTHUB_CLIENT_CONFIRMATION_OK"
8180,10417194786,10417194888,1,"IOTHUB_CLIENT_CONFIRMATION_OK"
8181,10417194986,10417195063,1,"IOTHUB_CLIENT_CONFIRMATION_OK"
8182,10417195186,10417195256,1,"IOTHUB_CLIENT_CONFIRMATION_OK"
8183,10417195386,10417195431,1,"IOTHUB_CLIENT_CONFIRMATION_OK"
8184,10417195586,10417195624,1,"IOTHUB_CLIENT_CONFIRMATION_OK"
8185,10417195787,10417195827,1,"IOTHUB_CLIENT_CONFIRMATION_OK"
8186,10417195987,10417196018,1,"IOTHUB_CLIENT_CONFIRMATION_OK"
8187,10417196187,10417196246,1,"IOTHUB_CLIENT_CONFIRMATION_OK"
8188,10417196387,10417196431,1,"IOTHUB_CLIENT_CONFIRMATION_OK"
8189,10417196587,10417196637,1,"IOTHUB_CLIENT_CONFIRMATION_OK"
8190,10417196787,10417196822,1,"IOTHUB_CLIENT_CONFIRMATION_OK"
8191,10417196988,10417197038,1,"IOTHUB_CLIENT_CONFIRMATION_OK"
8192,10417197188,10417197253,1,"IOTHUB_CLIENT_CONFIRMATION_OK"
8193,10417197388,10417197454,1,"IOTHUB_CLIENT_CONFIRMATION_OK"
8194,10417197588,10417197633,1,"IOTHUB_CLIENT_CONFIRMATION_OK"
8195,10417197788,10417197837,1,"IOTHUB_CLIENT_CONFIRMATION_OK"
8196,10417197989,10417198028,1,"IOTHUB_CLIENT_CONFIRMATION_OK"
8197,10417198189,10417198260,1,"IOTHUB_CLIENT_CONFIRMATION_OK"
8198,10417198389,10417198430,1,"IOTHUB_CLIENT_CONFIRMATION_OK"
8199,10417198589,10417198650,1,"IOTHUB_CLIENT_CONFIRMATION_OK"
8200,10417198789,10417198836,1,"IOTHUB_CLIENT_CONFIRMATION_OK"
8201,10417198989,10417199042,1,"IOTHUB_CLIENT_CONFIRMATION_OK"
8202,10417199189,10417199248,1,"IOTHUB_CLIENT_CONFIRMATION_OK"
8203,10417199390,10417199423,1,"IOTHUB_CLIENT_CONFIRMATION_OK"
8204,10417199590,10417199631,1,"IOTHUB_CLIENT_CONFIRMATION_OK"
8205,10417199790,10417199843,1,"IOTHUB_CLIENT_CONFIRMATION_OK"
8206,10417199990,10417200047,1,"IOTHUB_CLIENT_CONFIRMATION_OK"
8207,10417200190,10417200229,1,"IOTHUB_CLIENT_CONFIRMATION_OK"
8208,10417200390,10417200439,1,"IOTHUB_CLIENT_CONFIRMATION_OK"
8209,10417200590,10417200630,1,"IOTHUB_CLIENT_CONFIRMATION_OK"
8210,10417200791,10417200833,1,"IOTHUB_CLIENT_CONFIRMATION_OK"
8211,10417200991,10417201037,1,"IOTHUB_CLIENT_CONFIRMATION_OK"
8212,10417201191,10417201227,1,"IOTHUB_CLIENT_CONFIRMATION_OK"
8213,10417201391,10417201432,1,"IOTHUB_CLIENT_CONFIRMATION_OK"
8214,10417201591,10417201624,1,"IOTHUB_CLIENT_CONFIRMATION_OK"
8215,10417201791,10417201831,1,"IOTHUB_CLIENT_CONFIRMATION_OK"
8216,10417201991,10417202038,1,"IOTHUB_CLIENT_CONFIRMATION_OK"
8217,10417202192,10417202334,1,"IOTHUB_CLIENT_CONFIRMATION_OK"
8218,10417202392,10417202463,1,"IOTHUB_CLIENT_CONFIRMATION_OK"
8219,10417202592,10417202638,1,"IOTHUB_CLIENT_CONFIRMATION_OK"
8220,10417202792,10417202926,1,"IOTHUB_CLIENT_CONFIRMATION_OK"
8221,10417202992,10417203032,1,"IOTHUB_CLIENT_CONFIRMATION_OK"
8222,10417203192,10417203226,1,"IOTHUB_CLIENT_CONFIRMATION_OK"
8223,10417203393,10417203616,1,"IOTHUB_CLIENT_CONFIRMATION_OK"
8224,10417203593,10417203654,1,"IOTHUB_CLIENT_CONFIRMATION_OK"
8225,10417203793,10417203828,1,"IOTHUB_CLIENT_CONFIRMATION_OK"
8226,10417203993,10417204032,1,"IOTHUB_CLIENT_CONFIRMATION_OK"
8227,10417204193,10417204238,1,"IOTHUB_CLIENT_CONFIRMATION_OK"
8228,10417204393,10417204432,1,"IOTHUB_CLIENT_CONFIRMATION_OK"
8229,10417204593,10417204652,1,"IOTHUB_CLIENT_CONFIRMATION_OK"
8230,10417204794,10417204839,1,"IOTHUB_CLIENT_CONFIRMATION_OK"
8231,10417204994,10417205054,1,"IOTHUB_CLIENT_CONFIRMATION_OK"
8232,10417205194,10417205228,1,"IOTHUB_CLIENT_CONFIRMATION_OK"
8233,10417205394,10417205558,1,"IOTHUB_CLIENT_CONFIRMATION_OK"
8234,10417205594,10417205629,1,"IOTHUB_CLIENT_CONFIRMATION_OK"
8235,10417205794,10417205824,1,"IOTHUB_CLIENT_CONFIRMATION_OK"
8236,10417205995,10417206025,1,"IOTHUB_CLIENT_CONFIRMATION_OK"
8237,10417206195,10417206238,1,"IOTHUB_CLIENT_CONFIRMATION_OK"
8238,10417206395,10417206433,1,"IOTHUB_CLIENT_CONFIRMATION_OK"
8239,10417206595,10417206665,1,"IOTHUB_CLIENT_CONFIRMATION_OK"
8240,10417206795,10417206848,1,"IOTHUB_CLIENT_CONFIRMATION_OK"
8241,10417206995,10417207037,1,"IOTHUB_CLIENT_CONFIRMATION_OK"
8242,10417207195,10417207258,1,"IOTHUB_CLIENT_CONFIRMATION_OK"
8243,10417207396,10417207436,1,"IOTHUB_CLIENT_CONFIRMATION_OK"
8244,10417207596,10417207637,1,"IOTHUB_CLIENT_CONFIRMATION_OK"
8245,10417207796,10417207840,1,"IOTHUB_CLIENT_CONFIRMATION_OK"
8246,10417207996,10417208030,1,"IOTHUB_CLIENT_CONFIRMATION_OK"
8247,10417208196,10417208265,1,"IOTHUB_CLIENT_CONFIRMATION_OK"
8248,10417208396,10417208474,1,"IOTHUB_CLIENT_CONFIRMATION_OK"
8249,10417208596,10417208629,1,"IOTHUB_CLIENT_CONFIRMATION_OK"
8250,10417208797,10417208836,1,"IOTHUB_CLIENT_CONFIRMATION_OK"
8251,10417208997,10417209039,1,"IOTHUB_CLIENT_CONFIRMATION_OK"
8252,10417209197,10417209250,1,"IOTHUB_CLIENT_CONFIRMATION_OK"
8253,10417209397,10417209443,1,"IOTHUB_CLIENT_CONFIRMATION_OK"
8254,10417209597,10417209659,1,"IOTHUB_CLIENT_CONFIRMATION_OK"
8255,10417209797,10417209834,1,"IOTHUB_CLIENT_CONFIRMATION_OK"
8256,10417209998,10417210114,1,"IOTHUB_CLIENT_CONFIRMATION_OK"
8257,10417210198,10417210251,1,"IOTHUB_CLIENT_CONFIRMATION_OK"
8258,10417210398,10417210454,1,"IOTHUB_CLIENT_CONFIRMATION_OK"
8259,10417210598,10417210797,1,"IOTHUB_CLIENT_CONFIRMATION_OK"
8260,10417210798,10417210833,1,"IOTHUB_CLIENT_CONFIRMATION_OK"
8261,10417210998,10417211041,1,"IOTHUB_CLIENT_CONFIRMATION_OK"
8262,10417211198,10417211348,1,"IOTHUB_CLIENT_CONFIRMATION_OK"
8263,10417211399,10417211436,1,"IOTHUB_CLIENT_CONFIRMATION_OK"
8264,10417211599,10417211643,1,"IOTHUB_CLIENT_CONFIRMATION_OK"
8265,10417211799,10417211828,1,"IOTHUB_CLIENT_CONFIRMATION_OK"
8266,10417211999,10417212057,1,"IOTHUB_CLIENT_CONFIRMATION_OK"
8267,10417212199,10417212238,1,"IOTHUB_CLIENT_CONFIRMATION_OK"
8268,10417212399,10417212456,1,"IOTHUB_CLIENT_CONFIRMATION_OK"
8269,10417212599,10417212639,1,"IOTHUB_CLIENT_CONFIRMATION_OK"
8270,10417212800,10417212838,1,"IOTHUB_CLIENT_CONFIRMATION_OK"
8271,10417213000,10417213096,1,"IOTHUB_CLIENT_CONFIRMATION_OK"
8272,10417213200,10417213247,1,"IOTHUB_CLIENT_CONFIRMATION_OK"
8273,10417213400,10417213441,1,"IOTHUB_CLIENT_CONFIRMATION_OK"
8274,10417213600,10417213635,1,"IOTHUB_CLIENT_CONFIRMATION_OK"
8275,10417213800,10417213841,1,"IOTHUB_CLIENT_CONFIRMATION_OK"
8276,10417214000,10417214040,1,"IOTHUB_CLIENT_CONFIRMATION_OK"
8277,10417214201,10417214234,1,"IOTHUB_CLIENT_CONFIRMATION_OK"
8278,10417214401,10417214584,1,"IOTHUB_CLIENT_CONFIRMATION_OK"
8279,10417214601,10417214657,1,"IOTHUB_CLIENT_CONFIRMATION_OK"
8280,10417214801,10417214849,1,"IOTHUB_CLIENT_CONFIRMATION_OK"
8281,10417215001,10417215042,1,"IOTHUB_CLIENT_CONFIRMATION_OK"
8282,10417215201,10417215245,1,"IOTHUB_CLIENT_CONFIRMATION_OK"
8283,10417215402,10417215471,1,"IOTHUB_CLIENT_CONFIRMATION_OK"
8284,10417215602,10417215651,1,"IOTHUB_CLIENT_CONFIRMATION_OK"
8285,10417215802,10417215849,1,"IOTHUB_CLIENT_CONFIRMATION_OK"
8286,10417216002,10417216036,1,"IOTHUB_CLIENT_CONFIRMATION_OK"
8287,10417216202,10417216238,1,"IOTHUB_CLIENT_CONFIRMATION_OK"
8288,10417216402,10417216445,1,"IOTHUB_CLIENT_CONFIRMATION_OK"
8289,10417216602,10417216663,1,"IOTHUB_CLIENT_CONFIRMATION_OK"
8290,10417216803,10417216872,1,"IOTHUB_CLIENT_CONFIRMATION_OK"
8291,10417217003,10417217073,1,"IOTHUB_CLIENT_CONFIRMATION_OK"
8292,10417217203,10417217253,1,"IOTHUB_CLIENT_CONFIRMATION_OK"
8293,10417217403,10417217449,1,"IOTHUB_CLIENT_CONFIRMATION_OK"
8294,10417217603,10417217646,1,"IOTHUB_CLIENT_CONFIRMATION_OK"
8295,10417217803,10417217855,1,"IOTHUB_CLIENT_CONFIRMATION_OK"
8296,10417218003,10417218059,1,"IOTHUB_CLIENT_CONFIRMATION_OK"
8297,10417218204,10417218259,1,"IOTHUB_CLIENT_CONFIRMATION_OK"
8298,10417218404,10417218480,1,"IOTHUB_CLIENT_CONFIRMATION_OK"
8299,10417218604,10417218652,1,"IOTHUB_CLIENT_CONFIRMATION_OK"
8300,10417218804,10417218842,1,"IOTHUB_CLIENT_CONFIRMATION_OK"
8301,10417219004,10417219131,1,"IOTHUB_CLIENT_CONFIRMATION_OK"
8302,10417219204,10417219258,1,"IOTHUB_CLIENT_CONFIRMATION_OK"
8303,10417219405,10417219458,1,"IOTHUB_CLIENT_CONFIRMATION_OK"
8304,10417219605,10417219737,1,"IOTHUB_CLIENT_CONFIRMATION_OK"
8305,10417219805,10417219848,1,"IOTHUB_CLIENT_CONFIRMATION_OK"
8306,10417220005,10417220039,1,"IOTHUB_CLIENT_CONFIRMATION_OK"
8307,10417220205,10417220319,1,"IOTHUB_CLIENT_CONFIRMATION_OK"
8308,10417220405,10417220439,1,"IOTHUB_CLIENT_CONFIRMATION_OK"
8309,10417220605,10417220649,1,"IOTHUB_CLIENT_CONFIRMATION_OK"
8310,10417220806,10417220849,1,"IOTHUB_CLIENT_CONFIRMATION_OK"
8311,10417221006,10417221139,1,"IOTHUB_CLIENT_CONFIRMATION_OK"
8312,10417221206,10417221254,1,"IOTHUB_CLIENT_CONFIRMATION_OK"
8313,10417221406,10417221462,1,"IOTHUB_CLIENT_CONFIRMATION_OK"
8314,10417221606,10417221639,1,"IOTHUB_CLIENT_CONFIRMATION_OK"
8315,10417221807,10417221856,1,"IOTHUB_CLIENT_CONFIRMATION_OK"
8316,10417222007,10417222043,1,"IOTHUB_CLIENT_CONFIRMATION_OK"
8317,10417222207,10417222243,1,"IOTHUB_CLIENT_CONFIRMATION_OK"
8318,10417222407,10417222456,1,"IOTHUB_CLIENT_CONFIRMATION_OK"
8319,10417222607,10417222653,1,"IOTHUB_CLIENT_CONFIRMATION_OK"
8320,10417222808,10417222851,1,"IOTHUB_CLIENT_CONFIRMATION_OK"
8321,10417223008,10417223052,1,"IOTHUB_CLIENT_CONFIRMATION_OK"
8322,10417223208,10417223253,1,"IOTHUB_CLIENT_CONFIRMATION_OK"
8323,10417223408,10417223446,1,"IOTHUB_CLIENT_CONFIRMATION_OK"
8324,10417223608,10417223672,1,"IOTHUB_CLIENT_CONFIRMATION_OK"
8325,10417223808,10417223850,1,"IOTHUB_CLIENT_CONFIRMATION_OK"
8326,10417224008,10417224059,1,"IOTHUB_CLIENT_CONFIRMATION_OK"
8327,10417224209,10417224269,1,"IOTHUB_CLIENT_CONFIRMATION_OK"
8328,10417224409,10417224448,1,"IOTHUB_CLIENT_CONFIRMATION_OK"
8329,10417224609,10417224649,1,"IOTHUB_CLIENT_CONFIRMATION_OK"
8330,10417224809,10417224884,1,"IOTHUB_CLIENT_CONFIRMATION_OK"
8331,10417225009,10417225048,1,"IOTHUB_CLIENT_CONFIRMATION_OK"
8332,10417225209,10417225247,1,"IOTHUB_CLIENT_CONFIRMATION_OK"
8333,10417225409,10417225608,1,"IOTHUB_CLIENT_CONFIRMATION_OK"
8334,10417225610,10417225653,1,"IOTHUB_CLIENT_CONFIRMATION_OK"
8335,10417225810,10417225860,1,"IOTHUB_CLIENT_CONFIRMATION_OK"
8336,10417226010,10417226090,1,"IOTHUB_CLIENT_CONFIRMATION_OK"
8337,10417226210,10417226252,1,"IOTHUB_CLIENT_CONFIRMATION_OK"
8338,10417226410,10417226457,1,"IOTHUB_CLIENT_CONFIRMATION_OK"
8339,10417226610,10417226663,1,"IOTHUB_CLIENT_CONFIRMATION_OK"
8340,10417226811,10417226845,1,"IOTHUB_CLIENT_CONFIRMATION_OK"
8341,10417227011,10417227071,1,"IOTHUB_CLIENT_CONFIRMATION_OK"
8342,10417227211,10417227245,1,"IOTHUB_CLIENT_CONFIRMATION_OK"
8343,10417227411,10417227512,1,"IOTHUB_CLIENT_CONFIRMATION_OK"
8344,10417227611,10417227695,1,"IOTHUB_CLIENT_CONFIRMATION_OK"
8345,10417227811,10417227857,1,"IOTHUB_CLIENT_CONFIRMATION_OK"
8346,10417228011,10417228127,1,"IOTHUB_CLIENT_CONFIRMATION_OK"
8347,10417228212,10417228253,1,"IOTHUB_CLIENT_CONFIRMATION_OK"
8348,10417228412,10417228454,1,"IOTHUB_CLIENT_CONFIRMATION_OK"
8349,10417228612,10417228727,1,"IOTHUB_CLIENT_CONFIRMATION_OK"
8350,10417228812,10417228897,1,"IOTHUB_CLIENT_CONFIRMATION_OK"
8351,10417229012,10417229051,1,"IOTHUB_CLIENT_CONFIRMATION_OK"
8352,10417229212,10417229250,1,"IOTHUB_CLIENT_CONFIRMATION_OK"
8353,10417229413,10417229452,1,"IOTHUB_CLIENT_CONFIRMATION_OK"
8354,10417229613,10417229649,1,"IOTHUB_CLIENT_CONFIRMATION_OK"
8355,10417229813,10417229848,1,"IOTHUB_CLIENT_CONFIRMATION_OK"
8356,10417230013,10417230061,1,"IOTHUB_CLIENT_CONFIRMATION_OK"
8357,10417230213,10417230255,1,"IOTHUB_CLIENT_CONFIRMATION_OK"
8358,10417230413,10417230453,1,"IOTHUB_CLIENT_CONFIRMATION_OK"
8359,10417230613,10417230652,1,"IOTHUB_CLIENT_CONFIRMATION_OK"
8360,10417230814,10417230875,1,"IOTHUB_CLIENT_CONFIRMATION_OK"
8361,10417231014,10417231066,1,"IOTHUB_CLIENT_CONFIRMATION_OK"
8362,10417231214,10417231399,1,"IOTHUB_CLIENT_CONFIRMATION_OK"
8363,10417231414,10417231455,1,"IOTHUB_CLIENT_CONFIRMATION_OK"
8364,10417231614,10417231646,1,"IOTHUB_CLIENT_CONFIRMATION_OK"
8365,10417231814,10417231919,1,"IOTHUB_CLIENT_CONFIRMATION_OK"
8366,10417232014,10417232114,1,"IOTHUB_CLIENT_CONFIRMATION_OK"
8367,10417232215,10417232255,1,"IOTHUB_CLIENT_CONFIRMATION_OK"
8368,10417232415,10417232454,1,"IOTHUB_CLIENT_CONFIRMATION_OK"
8369,10417232615,10417232687,1,"IOTHUB_CLIENT_CONFIRMATION_OK"
8370,10417232815,10417232860,1,"IOTHUB_CLIENT_CONFIRMATION_OK"
8371,10417233015,10417233067,1,"IOTHUB_CLIENT_CONFIRMATION_OK"
8372,10417233216,10417233265,1,"IOTHUB_CLIENT_CONFIRMATION_OK"
8373,10417233416,10417233455,1,"IOTHUB_CLIENT_CONFIRMATION_OK"
8374,10417233616,10417233679,1,"IOTHUB_CLIENT_CONFIRMATION_OK"
8375,10417233816,10417233865,1,"IOTHUB_CLIENT_CONFIRMATION_OK"
8376,10417234016,10417234066,1,"IOTHUB_CLIENT_CONFIRMATION_OK"
8377,10417234216,10417234269,1,"IOTHUB_CLIENT_CONFIRMATION_OK"
8378,10417234416,10417234470,1,"IOTHUB_CLIENT_CONFIRMATION_OK"
8379,10417234617,10417234657,1,"IOTHUB_CLIENT_CONFIRMATION_OK"
8380,10417234817,10417234855,1,"IOTHUB_CLIENT_CONFIRMATION_OK"
8381,10417235017,10417235054,1,"IOTHUB_CLIENT_CONFIRMATION_OK"
8382,10417235217,10417235249,1,"IOTHUB_CLIENT_CONFIRMATION_OK"
8383,10417235417,10417235455,1,"IOTHUB_CLIENT_CONFIRMATION_OK"
8384,10417235617,10417235651,1,"IOTHUB_CLIENT_CONFIRMATION_OK"
8385,10417235817,10417235874,1,"IOTHUB_CLIENT_CONFIRMATION_OK"
8386,10417236018,10417236062,1,"IOTHUB_CLIENT_CONFIRMATION_OK"
8387,10417236218,10417236255,1,"IOTHUB_CLIENT_CONFIRMATION_OK"
8388,10417236418,10417236483,1,"IOTHUB_CLIENT_CONFIRMATION_OK"
8389,10417236618,10417236652,1,"IOTHUB_CLIENT_CONFIRMATION_OK"
8390,10417236818,10417236858,1,"IOTHUB_CLIENT_CONFIRMATION_OK"
8391,10417237018,10417237094,1,"IOTHUB_CLIENT_CONFIRMATION_OK"
8392,10417237218,10417237253,1,"IOTHUB_CLIENT_CONFIRMATION_OK"
8393,10417237419,10417237472,1,"IOTHUB_CLIENT_CONFIRMATION_OK"
8394,10417237619,10417237653,1,"IOTHUB_CLIENT_CONFIRMATION_OK"
8395,10417237819,10417237887,1,"IOTHUB_CLIENT_CONFIRMATION_OK"
8396,10417238019,10417238057,1,"IOTHUB_CLIENT_CONFIRMATION_OK"
8397,10417238219,10417238263,1,"IOTHUB_CLIENT_CONFIRMATION_OK"
8398,10417238419,10417238465,1,"IOTHUB_CLIENT_CONFIRMATION_OK"
8399,10417238620,10417238685,1,"IOTHUB_CLIENT_CONFIRMATION_OK"
8400,10417238820,10417238859,1,"IOTHUB_CLIENT_CONFIRMATION_OK"
8401,10417239020,10417239122,1,"IOTHUB_CLIENT_CONFIRMATION_OK"
8402,10417239220,10417239252,1,"IOTHUB_CLIENT_CONFIRMATION_OK"
8403,10417239420,10417239479,1,"IOTHUB_CLIENT_CONFIRMATION_OK"
8404,10417239620,10417239729,1,"IOTHUB_CLIENT_CONFIRMATION_OK"
8405,10417239820,10417239862,1,"IOTHUB_CLIENT_CONFIRMATION_OK"
8406,10417240021,10417240055,1,"IOTHUB_CLIENT_CONFIRMATION_OK"
8407,10417240221,10417240326,1,"IOTHUB_CLIENT_CONFIRMATION_OK"
8408,10417240421,10417240458,1,"IOTHUB_CLIENT_CONFIRMATION_OK"
8409,10417240621,10417240679,1,"IOTHUB_CLIENT_CONFIRMATION_OK"
8410,10417240821,10417240862,1,"IOTHUB_CLIENT_CONFIRMATION_OK"
8411,10417241021,10417241077,1,"IOTHUB_CLIENT_CONFIRMATION_OK"
8412,10417241222,10417241252,1,"IOTHUB_CLIENT_CONFIRMATION_OK"
8413,10417241422,10417241470,1,"IOTHUB_CLIENT_CONFIRMATION_OK"
8414,10417241622,10417241661,1,"IOTHUB_CLIENT_CONFIRMATION_OK"
8415,10417241822,10417241868,1,"IOTHUB_CLIENT_CONFIRMATION_OK"
8416,10417242022,10417242064,1,"IOTHUB_CLIENT_CONFIRMATION_OK"
8417,10417242222,10417242283,1,"IOTHUB_CLIENT_CONFIRMATION_OK"
8418,10417242423,10417242463,1,"IOTHUB_CLIENT_CONFIRMATION_OK"
8419,10417242623,10417242669,1,"IOTHUB_CLIENT_CONFIRMATION_OK"
8420,10417242823,10417243038,1,"IOTHUB_CLIENT_CONFIRMATION_OK"
8421,10417243023,10417243079,1,"IOTHUB_CLIENT_CONFIRMATION_OK"
8422,10417243223,10417243256,1,"IOTHUB_CLIENT_CONFIRMATION_OK"
8423,10417243423,10417243462,1,"IOTHUB_CLIENT_CONFIRMATION_OK"
8424,10417243624,10417243664,1,"IOTHUB_CLIENT_CONFIRMATION_OK"
8425,10417243824,10417243881,1,"IOTHUB_CLIENT_CONFIRMATION_OK"
8426,10417244024,10417244069,1,"IOTHUB_CLIENT_CONFIRMATION_OK"
8427,10417244224,10417244296,1,"IOTHUB_CLIENT_CONFIRMATION_OK"
8428,10417244424,10417244548,1,"IOTHUB_CLIENT_CONFIRMATION_OK"
8429,10417244624,10417244674,1,"IOTHUB_CLIENT_CONFIRMATION_OK"
8430,10417244824,10417244965,1,"IOTHUB_CLIENT_CONFIRMATION_OK"
8431,10417245025,10417245063,1,"IOTHUB_CLIENT_CONFIRMATION_OK"
8432,10417245225,10417245299,1,"IOTHUB_CLIENT_CONFIRMATION_OK"
8433,10417245425,10417245586,1,"IOTHUB_CLIENT_CONFIRMATION_OK"
8434,10417245625,10417245682,1,"IOTHUB_CLIENT_CONFIRMATION_OK"
8435,10417245825,10417245877,1,"IOTHUB_CLIENT_CONFIRMATION_OK"
8436,10417246025,10417246063,1,"IOTHUB_CLIENT_CONFIRMATION_OK"
8437,10417246226,10417246271,1,"IOTHUB_CLIENT_CONFIRMATION_OK"
8438,10417246426,10417246468,1,"IOTHUB_CLIENT_CONFIRMATION_OK"
8439,10417246626,10417246689,1,"IOTHUB_CLIENT_CONFIRMATION_OK"
8440,10417246826,10417246898,1,"IOTHUB_CLIENT_CONFIRMATION_OK"
8441,10417247026,10417247069,1,"IOTHUB_CLIENT_CONFIRMATION_OK"
8442,10417247226,10417247264,1,"IOTHUB_CLIENT_CONFIRMATION_OK"
8443,10417247426,10417247471,1,"IOTHUB_CLIENT_CONFIRMATION_OK"
8444,10417247627,10417247678,1,"IOTHUB_CLIENT_CONFIRMATION_OK"
8445,10417247827,10417247873,1,"IOTHUB_CLIENT_CONFIRMATION_OK"
8446,10417248027,10417248148,1,"IOTHUB_CLIENT_CONFIRMATION_OK"
8447,10417248227,10417248276,1,"IOTHUB_CLIENT_CONFIRMATION_OK"
8448,10417248427,10417248483,1,"IOTHUB_CLIENT_CONFIRMATION_OK"
8449,10417248627,10417248706,1,"IOTHUB_CLIENT_CONFIRMATION_OK"
8450,10417248828,10417248874,1,"IOTHUB_CLIENT_CONFIRMATION_OK"
8451,10417249028,10417249063,1,"IOTHUB_CLIENT_CONFIRMATION_OK"
8452,10417249228,10417249265,1,"IOTHUB_CLIENT_CONFIRMATION_OK"
8453,10417249428,10417249506,1,"IOTHUB_CLIENT_CONFIRMATION_OK"
8454,10417249628,10417249703,1,"IOTHUB_CLIENT_CONFIRMATION_OK"
8455,10417249829,10417249867,1,"IOTHUB_CLIENT_CONFIRMATION_OK"
8456,10417250029,10417250072,1,"IOTHUB_CLIENT_CONFIRMATION_OK"
8457,10417250229,10417250300,1,"IOTHUB_CLIENT_CONFIRMATION_OK"
8458,10417250429,10417250511,1,"IOTHUB_CLIENT_CONFIRMATION_OK"
8459,10417250629,10417250676,1,"IOTHUB_CLIENT_CONFIRMATION_OK"
8460,10417250829,10417250885,1,"IOTHUB_CLIENT_CONFIRMATION_OK"
8461,10417251030,10417251085,1,"IOTHUB_CLIENT_CONFIRMATION_OK"
8462,10417251230,10417251375,1,"IOTHUB_CLIENT_CONFIRMATION_OK"
8463,10417251430,10417251483,1,"IOTHUB_CLIENT_CONFIRMATION_OK"
8464,10417251630,10417251684,1,"IOTHUB_CLIENT_CONFIRMATION_OK"
8465,10417251830,10417251874,1,"IOTHUB_CLIENT_CONFIRMATION_OK"
8466,10417252030,10417252063,1,"IOTHUB_CLIENT_CONFIRMATION_OK"
8467,10417252231,10417252264,1,"IOTHUB_CLIENT_CONFIRMATION_OK"
8468,10417252431,10417252466,1,"IOTHUB_CLIENT_CONFIRMATION_OK"
8469,10417252631,10417252668,1,"IOTHUB_CLIENT_CONFIRMATION_OK"
8470,10417252831,10417252912,1,"IOTHUB_CLIENT_CONFIRMATION_OK"
8471,10417253031,10417253069,1,"IOTHUB_CLIENT_CONFIRMATION_OK"
8472,10417253231,10417253283,1,"IOTHUB_CLIENT_CONFIRMATION_OK"
8473,10417253431,10417253477,1,"IOTHUB_CLIENT_CONFIRMATION_OK"
8474,10417253632,10417253680,1,"IOTHUB_CLIENT_CONFIRMATION_OK"
8475,10417253832,10417253874,1,"IOTHUB_CLIENT_CONFIRMATION_OK"
8476,10417254032,10417254063,1,"IOTHUB_CLIENT_CONFIRMATION_OK"
8477,10417254232,10417254268,1,"IOTHUB_CLIENT_CONFIRMATION_OK"
8478,10417254432,10417254493,1,"IOTHUB_CLIENT_CONFIRMATION_OK"
8479,10417254632,10417254677,1,"IOTHUB_CLIENT_CONFIRMATION_OK"
8480,10417254833,10417254877,1,"IOTHUB_CLIENT_CONFIRMATION_OK"
8481,10417255033,10417255119,1,"IOTHUB_CLIENT_CONFIRMATION_OK"
8482,10417255233,10417255279,1,"IOTHUB_CLIENT_CONFIRMATION_OK"
8483,10417255433,10417255503,1,"IOTHUB_CLIENT_CONFIRMATION_OK"
8484,10417255633,10417255673,1,"IOTHUB_CLIENT_CONFIRMATION_OK"
8485,10417255833,10417255921,1,"IOTHUB_CLIENT_CONFIRMATION_OK"
8486,10417256033,10417256155,1,"IOTHUB_CLIENT_CONFIRMATION_OK"
8487,10417256234,10417256276,1,"IOTHUB_CLIENT_CONFIRMATION_OK"
8488,10417256434,10417256520,1,"IOTHUB_CLIENT_CONFIRMATION_OK"
8489,10417256634,10417256694,1,"IOTHUB_CLIENT_CONFIRMATION_OK"
8490,10417256834,10417256899,1,"IOTHUB_CLIENT_CONFIRMATION_OK"
8491,10417257034,10417257131,1,"IOTHUB_CLIENT_CONFIRMATION_OK"
8492,10417257234,10417257396,1,"IOTHUB_CLIENT_CONFIRMATION_OK"
8493,10417257435,10417257492,1,"IOTHUB_CLIENT_CONFIRMATION_OK"
8494,10417257635,10417257668,1,"IOTHUB_CLIENT_CONFIRMATION_OK"
8495,10417257835,10417257891,1,"IOTHUB_CLIENT_CONFIRMATION_OK"
8496,10417258035,10417258102,1,"IOTHUB_CLIENT_CONFIRMATION_OK"
8497,10417258235,10417258280,1,"IOTHUB_CLIENT_CONFIRMATION_OK"
8498,10417258435,10417258470,1,"IOTHUB_CLIENT_CONFIRMATION_OK"
8499,10417258636,10417258679,1,"IOTHUB_CLIENT_CONFIRMATION_OK"
8500,10417258836,10417258870,1,"IOTHUB_CLIENT_CONFIRMATION_OK"
8501,10417259036,10417259077,1,"IOTHUB_CLIENT_CONFIRMATION_OK"
8502,10417259236,10417259276,1,"IOTHUB_CLIENT_CONFIRMATION_OK"
8503,10417259436,10417259477,1,"IOTHUB_CLIENT_CONFIRMATION_OK"
8504,10417259636,10417259810,1,"IOTHUB_CLIENT_CONFIRMATION_OK"
8505,10417259836,10417259871,1,"IOTHUB_CLIENT_CONFIRMATION_OK"
8506,10417260037,10417260074,1,"IOTHUB_CLIENT_CONFIRMATION_OK"
8507,10417260237,10417260472,1,"IOTHUB_CLIENT_CONFIRMATION_OK"
8508,10417260437,10417260507,1,"IOTHUB_CLIENT_CONFIRMATION_OK"
8509,10417260637,10417260668,1,"IOTHUB_CLIENT_CONFIRMATION_OK"
8510,10417260837,10417260880,1,"IOTHUB_CLIENT_CONFIRMATION_OK"
8511,10417261037,10417261079,1,"IOTHUB_CLIENT_CONFIRMATION_OK"
8512,10417261238,10417261285,1,"IOTHUB_CLIENT_CONFIRMATION_OK"
8513,10417261438,10417261494,1,"IOTHUB_CLIENT_CONFIRMATION_OK"
8514,10417261638,10417261683,1,"IOTHUB_CLIENT_CONFIRMATION_OK"
8515,10417261838,10417261875,1,"IOTHUB_CLIENT_CONFIRMATION_OK"
8516,10417262038,10417262073,1,"IOTHUB_CLIENT_CONFIRMATION_OK"
8517,10417262238,10417262282,1,"IOTHUB_CLIENT_CONFIRMATION_OK"
8518,10417262438,10417262474,1,"IOTHUB_CLIENT_CONFIRMATION_OK"
8519,10417262639,10417262681,1,"IOTHUB_CLIENT_CONFIRMATION_OK"
8520,10417262839,10417262887,1,"IOTHUB_CLIENT_CONFIRMATION_OK"
8521,10417263039,10417263099,1,"IOTHUB_CLIENT_CONFIRMATION_OK"
8522,10417263239,10417263286,1,"IOTHUB_CLIENT_CONFIRMATION_OK"
8523,10417263439,10417263491,1,"IOTHUB_CLIENT_CONFIRMATION_OK"
8524,10417263639,10417263679,1,"IOTHUB_CLIENT_CONFIRMATION_OK"
8525,10417263840,10417263882,1,"IOTHUB_CLIENT_CONFIRMATION_OK"
8526,10417264040,10417264077,1,"IOTHUB_CLIENT_CONFIRMATION_OK"
8527,10417264240,10417264337,1,"IOTHUB_CLIENT_CONFIRMATION_OK"
8528,10417264440,10417264489,1,"IOTHUB_CLIENT_CONFIRMATION_OK"
8529,10417264640,10417264691,1,"IOTHUB_CLIENT_CONFIRMATION_OK"
8530,10417264840,10417264921,1,"IOTHUB_CLIENT_CONFIRMATION_OK"
8531,10417265040,10417265070,1,"IOTHUB_CLIENT_CONFIRMATION_OK"
8532,10417265241,10417265282,1,"IOTHUB_CLIENT_CONFIRMATION_OK"
8533,10417265441,10417265547,1,"IOTHUB_CLIENT_CONFIRMATION_OK"
8534,10417265641,10417265678,1,"IOTHUB_CLIENT_CONFIRMATION_OK"
8535,10417265841,10417265887,1,"IOTHUB_CLIENT_CONFIRMATION_OK"
8536,10417266041,10417266133,1,"IOTHUB_CLIENT_CONFIRMATION_OK"
8537,10417266241,10417266285,1,"IOTHUB_CLIENT_CONFIRMATION_OK"
8538,10417266442,10417266492,1,"IOTHUB_CLIENT_CONFIRMATION_OK"
8539,10417266642,10417266699,1,"IOTHUB_CLIENT_CONFIRMATION_OK"
8540,10417266842,10417266892,1,"IOTHUB_CLIENT_CONFIRMATION_OK"
8541,10417267042,10417267088,1,"IOTHUB_CLIENT_CONFIRMATION_OK"
8542,10417267242,10417267288,1,"IOTHUB_CLIENT_CONFIRMATION_OK"
8543,10417267442,10417267491,1,"IOTHUB_CLIENT_CONFIRMATION_OK"
8544,10417267642,10417267694,1,"IOTHUB_CLIENT_CONFIRMATION_OK"
8545,10417267843,10417267887,1,"IOTHUB_CLIENT_CONFIRMATION_OK"
8546,10417268043,10417268181,1,"IOTHUB_CLIENT_CONFIRMATION_OK"
8547,10417268243,10417268276,1,"IOTHUB_CLIENT_CONFIRMATION_OK"
8548,10417268443,10417268532,1,"IOTHUB_CLIENT_CONFIRMATION_OK"
8549,10417268643,10417268789,1,"IOTHUB_CLIENT_CONFIRMATION_OK"
8550,10417268843,10417268882,1,"IOTHUB_CLIENT_CONFIRMATION_OK"
8551,10417269044,10417269076,1,"IOTHUB_CLIENT_CONFIRMATION_OK"
8552,10417269244,10417269282,1,"IOTHUB_CLIENT_CONFIRMATION_OK"
8553,10417269444,10417269490,1,"IOTHUB_CLIENT_CONFIRMATION_OK"
8554,10417269644,10417269694,1,"IOTHUB_CLIENT_CONFIRMATION_OK"
8555,10417269844,10417269903,1,"IOTHUB_CLIENT_CONFIRMATION_OK"
8556,10417270044,10417270114,1,"IOTHUB_CLIENT_CONFIRMATION_OK"
8557,10417270244,10417270303,1,"IOTHUB_CLIENT_CONFIRMATION_OK"
8558,10417270445,10417270478,1,"IOTHUB_CLIENT_CONFIRMATION_OK"
8559,10417270645,10417270679,1,"IOTHUB_CLIENT_CONFIRMATION_OK"
8560,10417270845,10417270931,1,"IOTHUB_CLIENT_CONFIRMATION_OK"
8561,10417271045,10417271079,1,"IOTHUB_CLIENT_CONFIRMATION_OK"
8562,10417271245,10417271298,1,"IOTHUB_CLIENT_CONFIRMATION_OK"
8563,10417271445,10417271494,1,"IOTHUB_CLIENT_CONFIRMATION_OK"
8564,10417271646,10417271686,1,"IOTHUB_CLIENT_CONFIRMATION_OK"
8565,10417271846,10417271890,1,"IOTHUB_CLIENT_CONFIRMATION_OK"
8566,10417272046,10417272123,1,"IOTHUB_CLIENT_CONFIRMATION_OK"
8567,10417272246,10417272279,1,"IOTHUB_CLIENT_CONFIRMATION_OK"
8568,10417272446,10417272482,1,"IOTHUB_CLIENT_CONFIRMATION_OK"
8569,10417272646,10417272743,1,"IOTHUB_CLIENT_CONFIRMATION_OK"
8570,10417272847,10417272882,1,"IOTHUB_CLIENT_CONFIRMATION_OK"
8571,10417273047,10417273086,1,"IOTHUB_CLIENT_CONFIRMATION_OK"
8572,10417273247,10417273328,1,"IOTHUB_CLIENT_CONFIRMATION_OK"
8573,10417273447,10417273495,1,"IOTHUB_CLIENT_CONFIRMATION_OK"
8574,10417273647,10417273690,1,"IOTHUB_CLIENT_CONFIRMATION_OK"
8575,10417273847,10417273945,1,"IOTHUB_CLIENT_CONFIRMATION_OK"
8576,10417274048,10417274085,1,"IOTHUB_CLIENT_CONFIRMATION_OK"
8577,10417274248,10417274285,1,"IOTHUB_CLIENT_CONFIRMATION_OK"
8578,10417274448,10417274544,1,"IOTHUB_CLIENT_CONFIRMATION_OK"
8579,10417274648,10417274690,1,"IOTHUB_CLIENT_CONFIRMATION_OK"
8580,10417274848,10417274879,1,"IOTHUB_CLIENT_CONFIRMATION_OK"
8581,10417275048,10417275141,1,"IOTHUB_CLIENT_CONFIRMATION_OK"
8582,10417275248,10417275353,1,"IOTHUB_CLIENT_CONFIRMATION_OK"
8583,10417275449,10417275486,1,"IOTHUB_CLIENT_CONFIRMATION_OK"
8584,10417275649,10417275684,1,"IOTHUB_CLIENT_CONFIRMATION_OK"
8585,10417275849,10417275884,1,"IOTHUB_CLIENT_CONFIRMATION_OK"
8586,10417276049,10417276092,1,"IOTHUB_CLIENT_CONFIRMATION_OK"
8587,10417276249,10417276294,1,"IOTHUB_CLIENT_CONFIRMATION_OK"
8588,10417276449,10417276586,1,"IOTHUB_CLIENT_CONFIRMATION_OK"
8589,10417276650,10417276685,1,"IOTHUB_CLIENT_CONFIRMATION_OK"
8590,10417276850,10417276892,1,"IOTHUB_CLIENT_CONFIRMATION_OK"
8591,10417277050,10417277194,1,"IOTHUB_CLIENT_CONFIRMATION_OK"
8592,10417277250,10417277289,1,"IOTHUB_CLIENT_CONFIRMATION_OK"
8593,10417277450,10417277488,1,"IOTHUB_CLIENT_CONFIRMATION_OK"
8594,10417277650,10417277689,1,"IOTHUB_CLIENT_CONFIRMATION_OK"
8595,10417277851,10417277900,1,"IOTHUB_CLIENT_CONFIRMATION_OK"
8596,10417278051,10417278203,1,"IOTHUB_CLIENT_CONFIRMATION_OK"
8597,10417278251,10417278307,1,"IOTHUB_CLIENT_CONFIRMATION_OK"
8598,10417278451,10417278590,1,"IOTHUB_CLIENT_CONFIRMATION_OK"
8599,10417278651,10417278688,1,"IOTHUB_CLIENT_CONFIRMATION_OK"
8600,10417278851,10417278904,1,"IOTHUB_CLIENT_CONFIRMATION_OK"
8601,10417279051,10417279087,1,"IOTHUB_CLIENT_CONFIRMATION_OK"
8602,10417279252,10417279292,1,"IOTHUB_CLIENT_CONFIRMATION_OK"
8603,10417279452,10417279501,1,"IOTHUB_CLIENT_CONFIRMATION_OK"
8604,10417279652,10417279685,1,"IOTHUB_CLIENT_CONFIRMATION_OK"
8605,10417279852,10417279883,1,"IOTHUB_CLIENT_CONFIRMATION_OK"
8606,10417280052,10417280102,1,"IOTHUB_CLIENT_CONFIRMATION_OK"
8607,10417280252,10417280501,1,"IOTHUB_CLIENT_CONFIRMATION_OK"
8608,10417280453,10417280525,1,"IOTHUB_CLIENT_CONFIRMATION_OK"
8609,10417280653,10417280685,1,"IOTHUB_CLIENT_CONFIRMATION_OK"
8610,10417280853,10417280913,1,"IOTHUB_CLIENT_CONFIRMATION_OK"
8611,10417281053,10417281121,1,"IOTHUB_CLIENT_CONFIRMATION_OK"
8612,10417281253,10417281293,1,"IOTHUB_CLIENT_CONFIRMATION_OK"
8613,10417281453,10417281494,1,"IOTHUB_CLIENT_CONFIRMATION_OK"
8614,10417281654,10417281750,1,"IOTHUB_CLIENT_CONFIRMATION_OK"
8615,10417281854,10417281930,1,"IOTHUB_CLIENT_CONFIRMATION_OK"
8616,10417282054,10417282108,1,"IOTHUB_CLIENT_CONFIRMATION_OK"
8617,10417282254,10417282389,1,"IOTHUB_CLIENT_CONFIRMATION_OK"
8618,10417282454,10417282539,1,"IOTHUB_CLIENT_CONFIRMATION_OK"
8619,10417282654,10417282686,1,"IOTHUB_CLIENT_CONFIRMATION_OK"
8620,10417282854,10417282958,1,"IOTHUB_CLIENT_CONFIRMATION_OK"
8621,10417283055,10417283125,1,"IOTHUB_CLIENT_CONFIRMATION_OK"
8622,10417283255,10417283295,1,"IOTHUB_CLIENT_CONFIRMATION_OK"
8623,10417283455,10417283508,1,"IOTHUB_CLIENT_CONFIRMATION_OK"
8624,10417283655,10417283698,1,"IOTHUB_CLIENT_CONFIRMATION_OK"
8625,10417283855,10417283893,1,"IOTHUB_CLIENT_CONFIRMATION_OK"
8626,10417284055,10417284096,1,"IOTHUB_CLIENT_CONFIRMATION_OK"
8627,10417284256,10417284296,1,"IOTHUB_CLIENT_CONFIRMATION_OK"
8628,10417284456,10417284517,1,"IOTHUB_CLIENT_CONFIRMATION_OK"
8629,10417284656,10417284713,1,"IOTHUB_CLIENT_CONFIRMATION_OK"
8630,10417284856,10417284889,1,"IOTHUB_CLIENT_CONFIRMATION_OK"
8631,10417285056,10417285088,1,"IOTHUB_CLIENT_CONFIRMATION_OK"
8632,10417285256,10417285291,1,"IOTHUB_CLIENT_CONFIRMATION_OK"
8633,10417285457,10417285624,1,"IOTHUB_CLIENT_CONFIRMATION_OK"
8634,10417285657,10417285705,1,"IOTHUB_CLIENT_CONFIRMATION_OK"
8635,10417285857,10417285904,1,"IOTHUB_CLIENT_CONFIRMATION_OK"
8636,10417286057,10417286092,1,"IOTHUB_CLIENT_CONFIRMATION_OK"
8637,10417286257,10417286290,1,"IOTHUB_CLIENT_CONFIRMATION_OK"
8638,10417286457,10417286527,1,"IOTHUB_CLIENT_CONFIRMATION_OK"
8639,10417286657,10417286706,1,"IOTHUB_CLIENT_CONFIRMATION_OK"
8640,10417286858,10417286896,1,"IOTHUB_CLIENT_CONFIRMATION_OK"
8641,10417287058,10417287093,1,"IOTHUB_CLIENT_CONFIRMATION_OK"
8642,10417287258,10417287304,1,"IOTHUB_CLIENT_CONFIRMATION_OK"
8643,10417287458,10417287502,1,"IOTHUB_CLIENT_CONFIRMATION_OK"
8644,10417287658,10417287693,1,"IOTHUB_CLIENT_CONFIRMATION_OK"
8645,10417287858,10417287919,1,"IOTHUB_CLIENT_CONFIRMATION_OK"
8646,10417288059,10417288097,1,"IOTHUB_CLIENT_CONFIRMATION_OK"
8647,10417288259,10417288325,1,"IOTHUB_CLIENT_CONFIRMATION_OK"
8648,10417288459,10417288509,1,"IOTHUB_CLIENT_CONFIRMATION_OK"
8649,10417288659,10417288722,1,"IOTHUB_CLIENT_CONFIRMATION_OK"
8650,10417288859,10417288908,1,"IOTHUB_CLIENT_CONFIRMATION_OK"
8651,10417289059,10417289094,1,"IOTHUB_CLIENT_CONFIRMATION_OK"
8652,10417289260,10417289320,1,"IOTHUB_CLIENT_CONFIRMATION_OK"
8653,10417289460,10417289509,1,"IOTHUB_CLIENT_CONFIRMATION_OK"
8654,10417289660,10417289691,1,"IOTHUB_CLIENT_CONFIRMATION_OK"
8655,10417289860,10417289894,1,"IOTHUB_CLIENT_CONFIRMATION_OK"
8656,10417290060,10417290141,1,"IOTHUB_CLIENT_CONFIRMATION_OK"
8657,10417290260,10417290312,1,"IOTHUB_CLIENT_CONFIRMATION_OK"
8658,10417290460,10417290499,1,"IOTHUB_CLIENT_CONFIRMATION_OK"
8659,10417290661,10417290874,1,"IOTHUB_CLIENT_CONFIRMATION_OK"
8660,10417290861,10417290925,1,"IOTHUB_CLIENT_CONFIRMATION_OK"
8661,10417291061,10417291094,1,"IOTHUB_CLIENT_CONFIRMATION_OK"
8662,10417291261,10417291295,1,"IOTHUB_CLIENT_CONFIRMATION_OK"
8663,10417291461,10417291502,1,"IOTHUB_CLIENT_CONFIRMATION_OK"
8664,10417291661,10417291705,1,"IOTHUB_CLIENT_CONFIRMATION_OK"
8665,10417291862,10417291900,1,"IOTHUB_CLIENT_CONFIRMATION_OK"
8666,10417292062,10417292117,1,"IOTHUB_CLIENT_CONFIRMATION_OK"
8667,10417292262,10417292298,1,"IOTHUB_CLIENT_CONFIRMATION_OK"
8668,10417292462,10417292514,1,"IOTHUB_CLIENT_CONFIRMATION_OK"
8669,10417292662,10417292707,1,"IOTHUB_CLIENT_CONFIRMATION_OK"
8670,10417292862,10417292902,1,"IOTHUB_CLIENT_CONFIRMATION_OK"
8671,10417293063,10417293110,1,"IOTHUB_CLIENT_CONFIRMATION_OK"
8672,10417293263,10417293334,1,"IOTHUB_CLIENT_CONFIRMATION_OK"
8673,10417293463,10417293729,1,"IOTHUB_CLIENT_CONFIRMATION_OK"
8674,10417293663,10417293818,1,"IOTHUB_CLIENT_CONFIRMATION_OK"
8675,10417293863,10417293954,1,"IOTHUB_CLIENT_CONFIRMATION_OK"
8676,10417294063,10417294102,1,"IOTHUB_CLIENT_CONFIRMATION_OK"
8677,10417294263,10417294312,1,"IOTHUB_CLIENT_CONFIRMATION_OK"
8678,10417294464,10417294582,1,"IOTHUB_CLIENT_CONFIRMATION_OK"
8679,10417294664,10417294710,1,"IOTHUB_CLIENT_CONFIRMATION_OK"
8680,10417294864,10417294933,1,"IOTHUB_CLIENT_CONFIRMATION_OK"
8681,10417295064,10417295107,1,"IOTHUB_CLIENT_CONFIRMATION_OK"
8682,10417295264,10417295311,1,"IOTHUB_CLIENT_CONFIRMATION_OK"
8683,10417295464,10417295501,1,"IOTHUB_CLIENT_CONFIRMATION_OK"
8684,10417295664,10417295707,1,"IOTHUB_CLIENT_CONFIRMATION_OK"
8685,10417295865,10417295920,1,"IOTHUB_CLIENT_CONFIRMATION_OK"
8686,10417296065,10417296121,1,"IOTHUB_CLIENT_CONFIRMATION_OK"
8687,10417296265,10417296296,1,"IOTHUB_CLIENT_CONFIRMATION_OK"
8688,10417296465,10417296599,1,"IOTHUB_CLIENT_CONFIRMATION_OK"
8689,10417296665,10417296710,1,"IOTHUB_CLIENT_CONFIRMATION_OK"
8690,10417296865,10417296927,1,"IOTHUB_CLIENT_CONFIRMATION_OK"
8691,10417297066,10417297205,1,"IOTHUB_CLIENT_CONFIRMATION_OK"
8692,10417297266,10417297307,1,"IOTHUB_CLIENT_CONFIRMATION_OK"
8693,10417297466,10417297544,1,"IOTHUB_CLIENT_CONFIRMATION_OK"
8694,10417297666,10417297698,1,"IOTHUB_CLIENT_CONFIRMATION_OK"
8695,10417297866,10417297911,1,"IOTHUB_CLIENT_CONFIRMATION_OK"
8696,10417298066,10417298106,1,"IOTHUB_CLIENT_CONFIRMATION_OK"
8697,10417298266,10417298305,1,"IOTHUB_CLIENT_CONFIRMATION_OK"
8698,10417298467,10417298524,1,"IOTHUB_CLIENT_CONFIRMATION_OK"
8699,10417298667,10417298701,1,"IOTHUB_CLIENT_CONFIRMATION_OK"
8700,10417298867,10417298985,1,"IOTHUB_CLIENT_CONFIRMATION_OK"
8701,10417299067,10417299141,1,"IOTHUB_CLIENT_CONFIRMATION_OK"
8702,10417299267,10417299306,1,"IOTHUB_CLIENT_CONFIRMATION_OK"
8703,10417299467,10417299505,1,"IOTHUB_CLIENT_CONFIRMATION_OK"
8704,10417299668,10417299736,1,"IOTHUB_CLIENT_CONFIRMATION_OK"
8705,10417299868,10417299909,1,"IOTHUB_CLIENT_CONFIRMATION_OK"
8706,10417300068,10417300100,1,"IOTHUB_CLIENT_CONFIRMATION_OK"
8707,10417300268,10417300319,1,"IOTHUB_CLIENT_CONFIRMATION_OK"
8708,10417300468,10417300505,1,"IOTHUB_CLIENT_CONFIRMATION_OK"
8709,10417300668,10417300709,1,"IOTHUB_CLIENT_CONFIRMATION_OK"
8710,10417300868,10417300928,1,"IOTHUB_CLIENT_CONFIRMATION_OK"
8711,10417301069,10417301103,1,"IOTHUB_CLIENT_CONFIRMATION_OK"
8712,10417301269,10417301311,1,"IOTHUB_CLIENT_CONFIRMATION_OK"
8713,10417301469,10417301509,1,"IOTHUB_CLIENT_CONFIRMATION_OK"
8714,10417301669,10417301714,1,"IOTHUB_CLIENT_CONFIRMATION_OK"
8715,10417301869,10417301913,1,"IOTHUB_CLIENT_CONFIRMATION_OK"
8716,10417302069,10417302104,1,"IOTHUB_CLIENT_CONFIRMATION_OK"
8717,10417302270,10417302386,1,"IOTHUB_CLIENT_CONFIRMATION_OK"
8718,10417302470,10417302510,1,"IOTHUB_CLIENT_CONFIRMATION_OK"
8719,10417302670,10417302775,1,"IOTHUB_CLIENT_CONFIRMATION_OK"
8720,10417302870,10417302986,1,"IOTHUB_CLIENT_CONFIRMATION_OK"
8721,10417303070,10417303116,1,"IOTHUB_CLIENT_CONFIRMATION_OK"
8722,10417303270,10417303309,1,"IOTHUB_CLIENT_CONFIRMATION_OK"
8723,10417303470,10417303516,1,"IOTHUB_CLIENT_CONFIRMATION_OK"
8724,10417303671,10417303744,1,"IOTHUB_CLIENT_CONFIRMATION_OK"
8725,10417303871,10417303929,1,"IOTHUB_CLIENT_CONFIRMATION_OK"
8726,10417304071,10417304140,1,"IOTHUB_CLIENT_CONFIRMATION_OK"
8727,10417304271,10417304305,1,"IOTHUB_CLIENT_CONFIRMATION_OK"
8728,10417304471,10417304512,1,"IOTHUB_CLIENT_CONFIRMATION_OK"
8729,10417304671,10417304715,1,"IOTHUB_CLIENT_CONFIRMATION_OK"
8730,10417304871,10417304940,1,"IOTHUB_CLIENT_CONFIRMATION_OK"
8731,10417305072,10417305113,1,"IOTHUB_CLIENT_CONFIRMATION_OK"
8732,10417305272,10417305303,1,"IOTHUB_CLIENT_CONFIRMATION_OK"
8733,10417305472,10417305660,1,"IOTHUB_CLIENT_CONFIRMATION_OK"
8734,10417305672,10417305704,1,"IOTHUB_CLIENT_CONFIRMATION_OK"
8735,10417305872,10417306032,1,"IOTHUB_CLIENT_CONFIRMATION_OK"
8736,10417306072,10417306298,1,"IOTHUB_CLIENT_CONFIRMATION_OK"
8737,10417306273,10417306326,1,"IOTHUB_CLIENT_CONFIRMATION_OK"
8738,10417306473,10417306514,1,"IOTHUB_CLIENT_CONFIRMATION_OK"
8739,10417306673,10417306713,1,"IOTHUB_CLIENT_CONFIRMATION_OK"
8740,10417306873,10417306919,1,"IOTHUB_CLIENT_CONFIRMATION_OK"
8741,10417307073,10417307153,1,"IOTHUB_CLIENT_CONFIRMATION_OK"
8742,10417307273,10417307305,1,"IOTHUB_CLIENT_CONFIRMATION_OK"
8743,10417307473,10417307547,1,"IOTHUB_CLIENT_CONFIRMATION_OK"
8744,10417307674,10417307712,1,"IOTHUB_CLIENT_CONFIRMATION_OK"
8745,10417307874,10417307927,1,"IOTHUB_CLIENT_CONFIRMATION_OK"
8746,10417308074,10417308128,1,"IOTHUB_CLIENT_CONFIRMATION_OK"
8747,10417308274,10417308312,1,"IOTHUB_CLIENT_CONFIRMATION_OK"
8748,10417308474,10417308512,1,"IOTHUB_CLIENT_CONFIRMATION_OK"
8749,10417308674,10417308733,1,"IOTHUB_CLIENT_CONFIRMATION_OK"
8750,10417308874,10417308991,1,"IOTHUB_CLIENT_CONFIRMATION_OK"
8751,10417309075,10417309107,1,"IOTHUB_CLIENT_CONFIRMATION_OK"
8752,10417309275,10417309307,1,"IOTHUB_CLIENT_CONFIRMATION_OK"
8753,10417309475,10417309506,1,"IOTHUB_CLIENT_CONFIRMATION_OK"
8754,10417309675,10417309714,1,"IOTHUB_CLIENT_CONFIRMATION_OK"
8755,10417309875,10417309962,1,"IOTHUB_CLIENT_CONFIRMATION_OK"
8756,10417310075,10417310107,1,"IOTHUB_CLIENT_CONFIRMATION_OK"
8757,10417310275,10417310324,1,"IOTHUB_CLIENT_CONFIRMATION_OK"
8758,10417310476,10417310511,1,"IOTHUB_CLIENT_CONFIRMATION_OK"
8759,10417310676,10417310812,1,"IOTHUB_CLIENT_CONFIRMATION_OK"
8760,10417310876,10417310912,1,"IOTHUB_CLIENT_CONFIRMATION_OK"
8761,10417311076,10417311123,1,"IOTHUB_CLIENT_CONFIRMATION_OK"
8762,10417311276,10417311413,1,"IOTHUB_CLIENT_CONFIRMATION_OK"
8763,10417311476,10417311526,1,"IOTHUB_CLIENT_CONFIRMATION_OK"
8764,10417311676,10417311730,1,"IOTHUB_CLIENT_CONFIRMATION_OK"
8765,10417311877,10417311919,1,"IOTHUB_CLIENT_CONFIRMATION_OK"
8766,10417312077,10417312116,1,"IOTHUB_CLIENT_CONFIRMATION_OK"
8767,10417312277,10417312314,1,"IOTHUB_CLIENT_CONFIRMATION_OK"
8768,10417312477,10417312543,1,"IOTHUB_CLIENT_CONFIRMATION_OK"
8769,10417312677,10417312712,1,"IOTHUB_CLIENT_CONFIRMATION_OK"
8770,10417312877,10417312910,1,"IOTHUB_CLIENT_CONFIRMATION_OK"
8771,10417313077,10417313120,1,"IOTHUB_CLIENT_CONFIRMATION_OK"
8772,10417313278,10417313310,1,"IOTHUB_CLIENT_CONFIRMATION_OK"
8773,10417313478,10417313538,1,"IOTHUB_CLIENT_CONFIRMATION_OK"
8774,10417313678,10417313723,1,"IOTHUB_CLIENT_CONFIRMATION_OK"
8775,10417313878,10417313946,1,"IOTHUB_CLIENT_CONFIRMATION_OK"
8776,10417314078,10417314132,1,"IOTHUB_CLIENT_CONFIRMATION_OK"
8777,10417314278,10417314317,1,"IOTHUB_CLIENT_CONFIRMATION_OK"
8778,10417314479,10417314553,1,"IOTHUB_CLIENT_CONFIRMATION_OK"
8779,10417314679,10417314715,1,"IOTHUB_CLIENT_CONFIRMATION_OK"
8780,10417314879,10417314936,1,"IOTHUB_CLIENT_CONFIRMATION_OK"
8781,10417315079,10417315117,1,"IOTHUB_CLIENT_CONFIRMATION_OK"
8782,10417315279,10417315434,1,"IOTHUB_CLIENT_CONFIRMATION_OK"
8783,10417315479,10417315517,1,"IOTHUB_CLIENT_CONFIRMATION_OK"
8784,10417315679,10417315709,1,"IOTHUB_CLIENT_CONFIRMATION_OK"
8785,10417315880,10417315912,1,"IOTHUB_CLIENT_CONFIRMATION_OK"
8786,10417316080,10417316118,1,"IOTHUB_CLIENT_CONFIRMATION_OK"
8787,10417316280,10417316314,1,"IOTHUB_CLIENT_CONFIRMATION_OK"
8788,10417316480,10417316525,1,"IOTHUB_CLIENT_CONFIRMATION_OK"
8789,10417316680,10417316743,1,"IOTHUB_CLIENT_CONFIRMATION_OK"
8790,10417316880,10417316913,1,"IOTHUB_CLIENT_CONFIRMATION_OK"
8791,10417317081,10417317288,1,"IOTHUB_CLIENT_CONFIRMATION_OK"
8792,10417317281,10417317327,1,"IOTHUB_CLIENT_CONFIRMATION_OK"
8793,10417317481,10417317544,1,"IOTHUB_CLIENT_CONFIRMATION_OK"
8794,10417317681,10417317724,1,"IOTHUB_CLIENT_CONFIRMATION_OK"
8795,10417317881,10417317936,1,"IOTHUB_CLIENT_CONFIRMATION_OK"
8796,10417318081,10417318198,1,"IOTHUB_CLIENT_CONFIRMATION_OK"
8797,10417318281,10417318336,1,"IOTHUB_CLIENT_CONFIRMATION_OK"
8798,10417318481,10417318527,1,"IOTHUB_CLIENT_CONFIRMATION_OK"
8799,10417318682,10417318738,1,"IOTHUB_CLIENT_CONFIRMATION_OK"
8800,10417318882,10417318927,1,"IOTHUB_CLIENT_CONFIRMATION_OK"
8801,10417319082,10417319140,1,"IOTHUB_CLIENT_CONFIRMATION_OK"
8802,10417319282,10417319322,1,"IOTHUB_CLIENT_CONFIRMATION_OK"
8803,10417319482,10417319514,1,"IOTHUB_CLIENT_CONFIRMATION_OK"
8804,10417319682,10417319759,1,"IOTHUB_CLIENT_CONFIRMATION_OK"
8805,10417319882,10417319937,1,"IOTHUB_CLIENT_CONFIRMATION_OK"
8806,10417320083,10417320119,1,"IOTHUB_CLIENT_CONFIRMATION_OK"
8807,10417320283,10417320376,1,"IOTHUB_CLIENT_CONFIRMATION_OK"
8808,10417320483,10417320534,1,"IOTHUB_CLIENT_CONFIRMATION_OK"
8809,10417320683,10417320787,1,"IOTHUB_CLIENT_CONFIRMATION_OK"
8810,10417320883,10417320933,1,"IOTHUB_CLIENT_CONFIRMATION_OK"
8811,10417321083,10417321135,1,"IOTHUB_CLIENT_CONFIRMATION_OK"
8812,10417321284,10417321320,1,"IOTHUB_CLIENT_CONFIRMATION_OK"
8813,10417321484,10417321531,1,"IOTHUB_CLIENT_CONFIRMATION_OK"
8814,10417321684,10417321727,1,"IOTHUB_CLIENT_CONFIRMATION_OK"
8815,10417321884,10417321930,1,"IOTHUB_CLIENT_CONFIRMATION_OK"
8816,10417322084,10417322127,1,"IOTHUB_CLIENT_CONFIRMATION_OK"
8817,10417322284,10417322329,1,"IOTHUB_CLIENT_CONFIRMATION_OK"
8818,10417322485,10417322548,1,"IOTHUB_CLIENT_CONFIRMATION_OK"
8819,10417322685,10417322734,1,"IOTHUB_CLIENT_CONFIRMATION_OK"
8820,10417322885,10417323045,1,"IOTHUB_CLIENT_CONFIRMATION_OK"
8821,10417323085,10417323128,1,"IOTHUB_CLIENT_CONFIRMATION_OK"
8822,10417323285,10417323320,1,"IOTHUB_CLIENT_CONFIRMATION_OK"
8823,10417323485,10417323518,1,"IOTHUB_CLIENT_CONFIRMATION_OK"
8824,10417323685,10417323766,1,"IOTHUB_CLIENT_CONFIRMATION_OK"
8825,10417323886,10417323925,1,"IOTHUB_CLIENT_CONFIRMATION_OK"
8826,10417324086,10417324127,1,"IOTHUB_CLIENT_CONFIRMATION_OK"
8827,10417324286,10417324336,1,"IOTHUB_CLIENT_CONFIRMATION_OK"
8828,10417324486,10417324528,1,"IOTHUB_CLIENT_CONFIRMATION_OK"
8829,10417324686,10417324729,1,"IOTHUB_CLIENT_CONFIRMATION_OK"
8830,10417324886,10417324921,1,"IOTHUB_CLIENT_CONFIRMATION_OK"
8831,10417325087,10417325130,1,"IOTHUB_CLIENT_CONFIRMATION_OK"
8832,10417325287,10417325360,1,"IOTHUB_CLIENT_CONFIRMATION_OK"
8833,10417325487,10417325529,1,"IOTHUB_CLIENT_CONFIRMATION_OK"
8834,10417325687,10417325730,1,"IOTHUB_CLIENT_CONFIRMATION_OK"
8835,10417325887,10417325928,1,"IOTHUB_CLIENT_CONFIRMATION_OK"
8836,10417326087,10417326125,1,"IOTHUB_CLIENT_CONFIRMATION_OK"
8837,10417326287,10417326372,1,"IOTHUB_CLIENT_CONFIRMATION_OK"
8838,10417326488,10417326588,1,"IOTHUB_CLIENT_CONFIRMATION_OK"
8839,10417326688,10417326820,1,"IOTHUB_CLIENT_CONFIRMATION_OK"
8840,10417326888,10417326925,1,"IOTHUB_CLIENT_CONFIRMATION_OK"
8841,10417327088,10417327136,1,"IOTHUB_CLIENT_CONFIRMATION_OK"
8842,10417327288,10417327331,1,"IOTHUB_CLIENT_CONFIRMATION_OK"
8843,10417327488,10417327531,1,"IOTHUB_CLIENT_CONFIRMATION_OK"
8844,10417327688,10417327731,1,"IOTHUB_CLIENT_CONFIRMATION_OK"
8845,10417327889,10417327921,1,"IOTHUB_CLIENT_CONFIRMATION_OK"
8846,10417328089,10417328309,1,"IOTHUB_CLIENT_CONFIRMATION_OK"
8847,10417328289,10417328333,1,"IOTHUB_CLIENT_CONFIRMATION_OK"
8848,10417328489,10417328538,1,"IOTHUB_CLIENT_CONFIRMATION_OK"
8849,10417328689,10417328729,1,"IOTHUB_CLIENT_CONFIRMATION_OK"
8850,10417328889,10417328928,1,"IOTHUB_CLIENT_CONFIRMATION_OK"
8851,10417329090,10417329126,1,"IOTHUB_CLIENT_CONFIRMATION_OK"
8852,10417329290,10417329330,1,"IOTHUB_CLIENT_CONFIRMATION_OK"
8853,10417329490,10417329534,1,"IOTHUB_CLIENT_CONFIRMATION_OK"
8854,10417329690,10417329748,1,"IOTHUB_CLIENT_CONFIRMATION_OK"
8855,10417329890,10417329942,1,"IOTHUB_CLIENT_CONFIRMATION_OK"
8856,10417330090,10417330152,1,"IOTHUB_CLIENT_CONFIRMATION_OK"
8857,10417330290,10417330326,1,"IOTHUB_CLIENT_CONFIRMATION_OK"
8858,10417330491,10417330546,1,"IOTHUB_CLIENT_CONFIRMATION_OK"
8859,10417330691,10417330793,1,"IOTHUB_CLIENT_CONFIRMATION_OK"
8860,10417330891,10417330925,1,"IOTHUB_CLIENT_CONFIRMATION_OK"
8861,10417331091,10417331126,1,"IOTHUB_CLIENT_CONFIRMATION_OK"
8862,10417331291,10417331362,1,"IOTHUB_CLIENT_CONFIRMATION_OK"
8863,10417331491,10417331522,1,"IOTHUB_CLIENT_CONFIRMATION_OK"
8864,10417331692,10417331732,1,"IOTHUB_CLIENT_CONFIRMATION_OK"
8865,10417331892,10417331943,1,"IOTHUB_CLIENT_CONFIRMATION_OK"
8866,10417332092,10417332125,1,"IOTHUB_CLIENT_CONFIRMATION_OK"
8867,10417332292,10417332345,1,"IOTHUB_CLIENT_CONFIRMATION_OK"
8868,10417332492,10417332542,1,"IOTHUB_CLIENT_CONFIRMATION_OK"
8869,10417332692,10417332760,1,"IOTHUB_CLIENT_CONFIRMATION_OK"
8870,10417332893,10417332935,1,"IOTHUB_CLIENT_CONFIRMATION_OK"
8871,10417333093,10417333131,1,"IOTHUB_CLIENT_CONFIRMATION_OK"
8872,10417333293,10417333395,1,"IOTHUB_CLIENT_CONFIRMATION_OK"
8873,10417333493,10417333537,1,"IOTHUB_CLIENT_CONFIRMATION_OK"
8874,10417333693,10417333735,1,"IOTHUB_CLIENT_CONFIRMATION_OK"
8875,10417333893,10417334012,1,"IOTHUB_CLIENT_CONFIRMATION_OK"
8876,10417334093,10417334129,1,"IOTHUB_CLIENT_CONFIRMATION_OK"
8877,10417334294,10417334375,1,"IOTHUB_CLIENT_CONFIRMATION_OK"
8878,10417334494,10417334617,1,"IOTHUB_CLIENT_CONFIRMATION_OK"
8879,10417334694,10417334738,1,"IOTHUB_CLIENT_CONFIRMATION_OK"
8880,10417334894,10417334936,1,"IOTHUB_CLIENT_CONFIRMATION_OK"
8881,10417335094,10417335134,1,"IOTHUB_CLIENT_CONFIRMATION_OK"
8882,10417335294,10417335370,1,"IOTHUB_CLIENT_CONFIRMATION_OK"
8883,10417335494,10417335548,1,"IOTHUB_CLIENT_CONFIRMATION_OK"
8884,10417335695,10417335744,1,"IOTHUB_CLIENT_CONFIRMATION_OK"
8885,10417335895,10417335935,1,"IOTHUB_CLIENT_CONFIRMATION_OK"
8886,10417336095,10417336136,1,"IOTHUB_CLIENT_CONFIRMATION_OK"
8887,10417336295,10417336334,1,"IOTHUB_CLIENT_CONFIRMATION_OK"
8888,10417336495,10417336546,1,"IOTHUB_CLIENT_CONFIRMATION_OK"
8889,10417336695,10417336740,1,"IOTHUB_CLIENT_CONFIRMATION_OK"
8890,10417336896,10417336949,1,"IOTHUB_CLIENT_CONFIRMATION_OK"
8891,10417337096,10417337360,1,"IOTHUB_CLIENT_CONFIRMATION_OK"
8892,10417337296,10417337397,1,"IOTHUB_CLIENT_CONFIRMATION_OK"
8893,10417337496,10417337532,1,"IOTHUB_CLIENT_CONFIRMATION_OK"
8894,10417337696,10417337729,1,"IOTHUB_CLIENT_CONFIRMATION_OK"
8895,10417337896,10417337986,1,"IOTHUB_CLIENT_CONFIRMATION_OK"
8896,10417338096,10417338131,1,"IOTHUB_CLIENT_CONFIRMATION_OK"
8897,10417338297,10417338351,1,"IOTHUB_CLIENT_CONFIRMATION_OK"
8898,10417338497,10417338574,1,"IOTHUB_CLIENT_CONFIRMATION_OK"
8899,10417338697,10417338836,1,"IOTHUB_CLIENT_CONFIRMATION_OK"
8900,10417338897,10417338937,1,"IOTHUB_CLIENT_CONFIRMATION_OK"
8901,10417339097,10417339194,1,"IOTHUB_CLIENT_CONFIRMATION_OK"
8902,10417339297,10417339348,1,"IOTHUB_CLIENT_CONFIRMATION_OK"
8903,10417339498,10417339536,1,"IOTHUB_CLIENT_CONFIRMATION_OK"
8904,10417339698,10417339933,1,"IOTHUB_CLIENT_CONFIRMATION_OK"
8905,10417339898,10417339960,1,"IOTHUB_CLIENT_CONFIRMATION_OK"
8906,10417340098,10417340141,1,"IOTHUB_CLIENT_CONFIRMATION_OK"
8907,10417340298,10417340529,1,"IOTHUB_CLIENT_CONFIRMATION_OK"
8908,10417340498,10417340539,1,"IOTHUB_CLIENT_CONFIRMATION_OK"
8909,10417340698,10417340742,1,"IOTHUB_CLIENT_CONFIRMATION_OK"
8910,10417340899,10417340941,1,"IOTHUB_CLIENT_CONFIRMATION_OK"
8911,10417341099,10417341136,1,"IOTHUB_CLIENT_CONFIRMATION_OK"
8912,10417341299,10417341337,1,"IOTHUB_CLIENT_CONFIRMATION_OK"
8913,10417341499,10417341544,1,"IOTHUB_CLIENT_CONFIRMATION_OK"
8914,10417341699,10417341765,1,"IOTHUB_CLIENT_CONFIRMATION_OK"
8915,10417341899,10417341934,1,"IOTHUB_CLIENT_CONFIRMATION_OK"
8916,10417342099,10417342146,1,"IOTHUB_CLIENT_CONFIRMATION_OK"
8917,10417342300,10417342372,1,"IOTHUB_CLIENT_CONFIRMATION_OK"
8918,10417342500,10417342544,1,"IOTHUB_CLIENT_CONFIRMATION_OK"
8919,10417342700,10417342742,1,"IOTHUB_CLIENT_CONFIRMATION_OK"
8920,10417342900,10417342986,1,"IOTHUB_CLIENT_CONFIRMATION_OK"
8921,10417343100,10417343158,1,"IOTHUB_CLIENT_CONFIRMATION_OK"
8922,10417343300,10417343340,1,"IOTHUB_CLIENT_CONFIRMATION_OK"
8923,10417343501,10417343544,1,"IOTHUB_CLIENT_CONFIRMATION_OK"
8924,10417343701,10417343747,1,"IOTHUB_CLIENT_CONFIRMATION_OK"
8925,10417343901,10417343952,1,"IOTHUB_CLIENT_CONFIRMATION_OK"
8926,10417344101,10417344140,1,"IOTHUB_CLIENT_CONFIRMATION_OK"
8927,10417344301,10417344348,1,"IOTHUB_CLIENT_CONFIRMATION_OK"
8928,10417344501,10417344544,1,"IOTHUB_CLIENT_CONFIRMATION_OK"
8929,10417344701,10417344755,1,"IOTHUB_CLIENT_CONFIRMATION_OK"
8930,10417344902,10417345013,1,"IOTHUB_CLIENT_CONFIRMATION_OK"
8931,10417345102,10417345200,1,"IOTHUB_CLIENT_CONFIRMATION_OK"
8932,10417345302,10417345362,1,"IOTHUB_CLIENT_CONFIRMATION_OK"
8933,10417345502,10417345632,1,"IOTHUB_CLIENT_CONFIRMATION_OK"
8934,10417345702,10417345747,1,"IOTHUB_CLIENT_CONFIRMATION_OK"
8935,10417345902,10417345940,1,"IOTHUB_CLIENT_CONFIRMATION_OK"
8936,10417346102,10417346138,1,"IOTHUB_CLIENT_CONFIRMATION_OK"
8937,10417346303,10417346344,1,"IOTHUB_CLIENT_CONFIRMATION_OK"
8938,10417346503,10417346551,1,"IOTHUB_CLIENT_CONFIRMATION_OK"
8939,10417346703,10417346745,1,"IOTHUB_CLIENT_CONFIRMATION_OK"
8940,10417346903,10417346950,1,"IOTHUB_CLIENT_CONFIRMATION_OK"
8941,10417347103,10417347152,1,"IOTHUB_CLIENT_CONFIRMATION_OK"
8942,10417347303,10417347352,1,"IOTHUB_CLIENT_CONFIRMATION_OK"
8943,10417347503,10417347548,1,"IOTHUB_CLIENT_CONFIRMATION_OK"
8944,10417347704,10417347752,1,"IOTHUB_CLIENT_CONFIRMATION_OK"
8945,10417347904,10417347940,1,"IOTHUB_CLIENT_CONFIRMATION_OK"
8946,10417348104,10417348147,1,"IOTHUB_CLIENT_CONFIRMATION_OK"
8947,10417348304,10417348360,1,"IOTHUB_CLIENT_CONFIRMATION_OK"
8948,10417348504,10417348597,1,"IOTHUB_CLIENT_CONFIRMATION_OK"
8949,10417348705,10417348850,1,"IOTHUB_CLIENT_CONFIRMATION_OK"
8950,10417348905,10417348946,1,"IOTHUB_CLIENT_CONFIRMATION_OK"
8951,10417349105,10417349164,1,"IOTHUB_CLIENT_CONFIRMATION_OK"
8952,10417349305,10417349343,1,"IOTHUB_CLIENT_CONFIRMATION_OK"
8953,10417349505,10417349539,1,"IOTHUB_CLIENT_CONFIRMATION_OK"
8954,10417349705,10417349750,1,"IOTHUB_CLIENT_CONFIRMATION_OK"
8955,10417349905,10417349954,1,"IOTHUB_CLIENT_CONFIRMATION_OK"
8956,10417350106,10417350152,1,"IOTHUB_CLIENT_CONFIRMATION_OK"
8957,10417350306,10417350343,1,"IOTHUB_CLIENT_CONFIRMATION_OK"
8958,10417350506,10417350574,1,"IOTHUB_CLIENT_CONFIRMATION_OK"
8959,10417350706,10417350781,1,"IOTHUB_CLIENT_CONFIRMATION_OK"
8960,10417350906,10417350951,1,"IOTHUB_CLIENT_CONFIRMATION_OK"
8961,10417351106,10417351144,1,"IOTHUB_CLIENT_CONFIRMATION_OK"
8962,10417351306,10417351481,1,"IOTHUB_CLIENT_CONFIRMATION_OK"
8963,10417351507,10417351577,1,"IOTHUB_CLIENT_CONFIRMATION_OK"
8964,10417351707,10417351783,1,"IOTHUB_CLIENT_CONFIRMATION_OK"
8965,10417351907,10417351943,1,"IOTHUB_CLIENT_CONFIRMATION_OK"
8966,10417352107,10417352156,1,"IOTHUB_CLIENT_CONFIRMATION_OK"
8967,10417352307,10417352340,1,"IOTHUB_CLIENT_CONFIRMATION_OK"
8968,10417352507,10417352543,1,"IOTHUB_CLIENT_CONFIRMATION_OK"
8969,10417352708,10417352748,1,"IOTHUB_CLIENT_CONFIRMATION_OK"
8970,10417352908,10417352952,1,"IOTHUB_CLIENT_CONFIRMATION_OK"
8971,10417353108,10417353179,1,"IOTHUB_CLIENT_CONFIRMATION_OK"
8972,10417353308,10417353403,1,"IOTHUB_CLIENT_CONFIRMATION_OK"
8973,10417353508,10417353551,1,"IOTHUB_CLIENT_CONFIRMATION_OK"
8974,10417353708,10417353816,1,"IOTHUB_CLIENT_CONFIRMATION_OK"
8975,10417353909,10417354006,1,"IOTHUB_CLIENT_CONFIRMATION_OK"
8976,10417354109,10417354139,1,"IOTHUB_CLIENT_CONFIRMATION_OK"
8977,10417354309,10417354340,1,"IOTHUB_CLIENT_CONFIRMATION_OK"
8978,10417354509,10417354608,1,"IOTHUB_CLIENT_CONFIRMATION_OK"
8979,10417354709,10417354750,1,"IOTHUB_CLIENT_CONFIRMATION_OK"
8980,10417354909,10417355018,1,"IOTHUB_CLIENT_CONFIRMATION_OK"
8981,10417355110,10417355147,1,"IOTHUB_CLIENT_CONFIRMATION_OK"
8982,10417355310,10417355357,1,"IOTHUB_CLIENT_CONFIRMATION_OK"
8983,10417355510,10417355573,1,"IOTHUB_CLIENT_CONFIRMATION_OK"
8984,10417355710,10417355756,1,"IOTHUB_CLIENT_CONFIRMATION_OK"
8985,10417355910,10417355955,1,"IOTHUB_CLIENT_CONFIRMATION_OK"
8986,10417356110,10417356149,1,"IOTHUB_CLIENT_CONFIRMATION_OK"
8987,10417356310,10417356350,1,"IOTHUB_CLIENT_CONFIRMATION_OK"
8988,10417356511,10417356545,1,"IOTHUB_CLIENT_CONFIRMATION_OK"
8989,10417356711,10417356754,1,"IOTHUB_CLIENT_CONFIRMATION_OK"
8990,10417356911,10417356954,1,"IOTHUB_CLIENT_CONFIRMATION_OK"
8991,10417357111,10417357162,1,"IOTHUB_CLIENT_CONFIRMATION_OK"
8992,10417357311,10417357352,1,"IOTHUB_CLIENT_CONFIRMATION_OK"
8993,10417357511,10417357558,1,"IOTHUB_CLIENT_CONFIRMATION_OK"
8994,10417357712,10417357753,1,"IOTHUB_CLIENT_CONFIRMATION_OK"
8995,10417357912,10417357955,1,"IOTHUB_CLIENT_CONFIRMATION_OK"
8996,10417358112,10417358217,1,"IOTHUB_CLIENT_CONFIRMATION_OK"
8997,10417358312,10417358356,1,"IOTHUB_CLIENT_CONFIRMATION_OK"
8998,10417358512,10417358571,1,"IOTHUB_CLIENT_CONFIRMATION_OK"
8999,10417358712,10417358753,1,"IOTHUB_CLIENT_CONFIRMATION_OK"
9000,10417358912,10417358951,1,"IOTHUB_CLIENT_CONFIRMATION_OK"
9001,10417359113,10417359218,1,"IOTHUB_CLIENT_CONFIRMATION_OK"
9002,10417359313,10417359350,1,"IOTHUB_CLIENT_CONFIRMATION_OK"
9003,10417359513,10417359554,1,"IOTHUB_CLIENT_CONFIRMATION_OK"
9004,10417359713,10417359853,1,"IOTHUB_CLIENT_CONFIRMATION_OK"
9005,10417359913,10417359983,1,"IOTHUB_CLIENT_CONFIRMATION_OK"
9006,10417360113,10417360154,1,"IOTHUB_CLIENT_CONFIRMATION_OK"
9007,10417360314,10417360479,1,"IOTHUB_CLIENT_CONFIRMATION_OK"
9008,10417360514,10417360550,1,"IOTHUB_CLIENT_CONFIRMATION_OK"
9009,10417360714,10417360870,1,"IOTHUB_CLIENT_CONFIRMATION_OK"
9010,10417360914,10417360949,1,"IOTHUB_CLIENT_CONFIRMATION_OK"
9011,10417361114,10417361146,1,"IOTHUB_CLIENT_CONFIRMATION_OK"
9012,10417361314,10417361456,1,"IOTHUB_CLIENT_CONFIRMATION_OK"
9013,10417361515,10417361554,1,"IOTHUB_CLIENT_CONFIRMATION_OK"
9014,10417361715,10417361872,1,"IOTHUB_CLIENT_CONFIRMATION_OK"
9015,10417361915,10417361955,1,"IOTHUB_CLIENT_CONFIRMATION_OK"
9016,10417362115,10417362153,1,"IOTHUB_CLIENT_CONFIRMATION_OK"
9017,10417362315,10417362367,1,"IOTHUB_CLIENT_CONFIRMATION_OK"
9018,10417362515,10417362576,1,"IOTHUB_CLIENT_CONFIRMATION_OK"
9019,10417362715,10417362775,1,"IOTHUB_CLIENT_CONFIRMATION_OK"
9020,10417362916,10417362964,1,"IOTHUB_CLIENT_CONFIRMATION_OK"
9021,10417363116,10417363153,1,"IOTHUB_CLIENT_CONFIRMATION_OK"
9022,10417363316,10417363360,1,"IOTHUB_CLIENT_CONFIRMATION_OK"
9023,10417363516,10417363564,1,"IOTHUB_CLIENT_CONFIRMATION_OK"
9024,10417363716,10417363779,1,"IOTHUB_CLIENT_CONFIRMATION_OK"
9025,10417363916,10417363970,1,"IOTHUB_CLIENT_CONFIRMATION_OK"
9026,10417364117,10417364176,1,"IOTHUB_CLIENT_CONFIRMATION_OK"
9027,10417364317,10417364390,1,"IOTHUB_CLIENT_CONFIRMATION_OK"
9028,10417364517,10417364560,1,"IOTHUB_CLIENT_CONFIRMATION_OK"
9029,10417364717,10417364765,1,"IOTHUB_CLIENT_CONFIRMATION_OK"
9030,10417364917,10417364998,1,"IOTHUB_CLIENT_CONFIRMATION_OK"
9031,10417365117,10417365155,1,"IOTHUB_CLIENT_CONFIRMATION_OK"
9032,10417365318,10417365379,1,"IOTHUB_CLIENT_CONFIRMATION_OK"
9033,10417365518,10417365591,1,"IOTHUB_CLIENT_CONFIRMATION_OK"
9034,10417365718,10417365752,1,"IOTHUB_CLIENT_CONFIRMATION_OK"
9035,10417365918,10417365968,1,"IOTHUB_CLIENT_CONFIRMATION_OK"
9036,10417366118,10417366184,1,"IOTHUB_CLIENT_CONFIRMATION_OK"
9037,10417366318,10417366365,1,"IOTHUB_CLIENT_CONFIRMATION_OK"
9038,10417366518,10417366553,1,"IOTHUB_CLIENT_CONFIRMATION_OK"
9039,10417366719,10417366757,1,"IOTHUB_CLIENT_CONFIRMATION_OK"
9040,10417366919,10417366974,1,"IOTHUB_CLIENT_CONFIRMATION_OK"
9041,10417367119,10417367150,1,"IOTHUB_CLIENT_CONFIRMATION_OK"
9042,10417367319,10417367381,1,"IOTHUB_CLIENT_CONFIRMATION_OK"
9043,10417367519,10417367583,1,"IOTHUB_CLIENT_CONFIRMATION_OK"
9044,10417367719,10417367764,1,"IOTHUB_CLIENT_CONFIRMATION_OK"
9045,10417367920,10417367957,1,"IOTHUB_CLIENT_CONFIRMATION_OK"
9046,10417368120,10417368163,1,"IOTHUB_CLIENT_CONFIRMATION_OK"
9047,10417368320,10417368363,1,"IOTHUB_CLIENT_CONFIRMATION_OK"
9048,10417368520,10417368559,1,"IOTHUB_CLIENT_CONFIRMATION_OK"
9049,10417368720,10417368945,1,"IOTHUB_CLIENT_CONFIRMATION_OK"
9050,10417368920,10417368993,1,"IOTHUB_CLIENT_CONFIRMATION_OK"
9051,10417369121,10417369174,1,"IOTHUB_CLIENT_CONFIRMATION_OK"
9052,10417369321,10417369379,1,"IOTHUB_CLIENT_CONFIRMATION_OK"
9053,10417369521,10417369571,1,"IOTHUB_CLIENT_CONFIRMATION_OK"
9054,10417369721,10417369765,1,"IOTHUB_CLIENT_CONFIRMATION_OK"
9055,10417369921,10417369969,1,"IOTHUB_CLIENT_CONFIRMATION_OK"
9056,10417370121,10417370166,1,"IOTHUB_CLIENT_CONFIRMATION_OK"
9057,10417370321,10417370371,1,"IOTHUB_CLIENT_CONFIRMATION_OK"
9058,10417370522,10417370569,1,"IOTHUB_CLIENT_CONFIRMATION_OK"
9059,10417370722,10417370758,1,"IOTHUB_CLIENT_CONFIRMATION_OK"
9060,10417370922,10417370971,1,"IOTHUB_CLIENT_CONFIRMATION_OK"
9061,10417371122,10417371188,1,"IOTHUB_CLIENT_CONFIRMATION_OK"
9062,10417371322,10417371365,1,"IOTHUB_CLIENT_CONFIRMATION_OK"
9063,10417371522,10417371566,1,"IOTHUB_CLIENT_CONFIRMATION_OK"
9064,10417371723,10417371780,1,"IOTHUB_CLIENT_CONFIRMATION_OK"
9065,10417371923,10417371958,1,"IOTHUB_CLIENT_CONFIRMATION_OK"
9066,10417372123,10417372172,1,"IOTHUB_CLIENT_CONFIRMATION_OK"
9067,10417372323,10417372365,1,"IOTHUB_CLIENT_CONFIRMATION_OK"
9068,10417372523,10417372565,1,"IOTHUB_CLIENT_CONFIRMATION_OK"
9069,10417372723,10417372833,1,"IOTHUB_CLIENT_CONFIRMATION_OK"
9070,10417372924,10417373000,1,"IOTHUB_CLIENT_CONFIRMATION_OK"
9071,10417373124,10417373172,1,"IOTHUB_CLIENT_CONFIRMATION_OK"
9072,10417373324,10417373431,1,"IOTHUB_CLIENT_CONFIRMATION_OK"
9073,10417373524,10417373559,1,"IOTHUB_CLIENT_CONFIRMATION_OK"
9074,10417373724,10417373764,1,"IOTHUB_CLIENT_CONFIRMATION_OK"
9075,10417373924,10417374097,1,"IOTHUB_CLIENT_CONFIRMATION_OK"
9076,10417374124,10417374183,1,"IOTHUB_CLIENT_CONFIRMATION_OK"
9077,10417374325,10417374362,1,"IOTHUB_CLIENT_CONFIRMATION_OK"
9078,10417374525,10417374638,1,"IOTHUB_CLIENT_CONFIRMATION_OK"
9079,10417374725,10417374757,1,"IOTHUB_CLIENT_CONFIRMATION_OK"
9080,10417374925,10417374986,1,"IOTHUB_CLIENT_CONFIRMATION_OK"
9081,10417375125,10417375167,1,"IOTHUB_CLIENT_CONFIRMATION_OK"
9082,10417375325,10417375406,1,"IOTHUB_CLIENT_CONFIRMATION_OK"
9083,10417375526,10417375570,1,"IOTHUB_CLIENT_CONFIRMATION_OK"
9084,10417375726,10417375802,1,"IOTHUB_CLIENT_CONFIRMATION_OK"
9085,10417375926,10417375966,1,"IOTHUB_CLIENT_CONFIRMATION_OK"
9086,10417376126,10417376174,1,"IOTHUB_CLIENT_CONFIRMATION_OK"
9087,10417376326,10417376366,1,"IOTHUB_CLIENT_CONFIRMATION_OK"
9088,10417376526,10417376565,1,"IOTHUB_CLIENT_CONFIRMATION_OK"
9089,10417376726,10417376769,1,"IOTHUB_CLIENT_CONFIRMATION_OK"
9090,10417376927,10417377018,1,"IOTHUB_CLIENT_CONFIRMATION_OK"
9091,10417377127,10417377207,1,"IOTHUB_CLIENT_CONFIRMATION_OK"
9092,10417377327,10417377378,1,"IOTHUB_CLIENT_CONFIRMATION_OK"
9093,10417377527,10417377589,1,"IOTHUB_CLIENT_CONFIRMATION_OK"
9094,10417377727,10417377824,1,"IOTHUB_CLIENT_CONFIRMATION_OK"
9095,10417377927,10417377972,1,"IOTHUB_CLIENT_CONFIRMATION_OK"
9096,10417378128,10417378165,1,"IOTHUB_CLIENT_CONFIRMATION_OK"
9097,10417378328,10417378366,1,"IOTHUB_CLIENT_CONFIRMATION_OK"
9098,10417378528,10417378577,1,"IOTHUB_CLIENT_CONFIRMATION_OK"
9099,10417378728,10417378763,1,"IOTHUB_CLIENT_CONFIRMATION_OK"
9100,10417378928,10417378968,1,"IOTHUB_CLIENT_CONFIRMATION_OK"
9101,10417379128,10417379197,1,"IOTHUB_CLIENT_CONFIRMATION_OK"
9102,10417379329,10417379376,1,"IOTHUB_CLIENT_CONFIRMATION_OK"
9103,10417379529,10417379569,1,"IOTHUB_CLIENT_CONFIRMATION_OK"
9104,10417379729,10417379786,1,"IOTHUB_CLIENT_CONFIRMATION_OK"
9105,10417379929,10417379971,1,"IOTHUB_CLIENT_CONFIRMATION_OK"
9106,10417380129,10417380188,1,"IOTHUB_CLIENT_CONFIRMATION_OK"
9107,10417380329,10417380368,1,"IOTHUB_CLIENT_CONFIRMATION_OK"
9108,10417380529,10417380568,1,"IOTHUB_CLIENT_CONFIRMATION_OK"
9109,10417380730,10417380768,1,"IOTHUB_CLIENT_CONFIRMATION_OK"
9110,10417380930,10417381028,1,"IOTHUB_CLIENT_CONFIRMATION_OK"
9111,10417381130,10417381243,1,"IOTHUB_CLIENT_CONFIRMATION_OK"
9112,10417381330,10417381365,1,"IOTHUB_CLIENT_CONFIRMATION_OK"
9113,10417381530,10417381608,1,"IOTHUB_CLIENT_CONFIRMATION_OK"
9114,10417381730,10417381833,1,"IOTHUB_CLIENT_CONFIRMATION_OK"
9115,10417381931,10417381985,1,"IOTHUB_CLIENT_CONFIRMATION_OK"
9116,10417382131,10417382187,1,"IOTHUB_CLIENT_CONFIRMATION_OK"
9117,10417382331,10417382451,1,"IOTHUB_CLIENT_CONFIRMATION_OK"
9118,10417382531,10417382578,1,"IOTHUB_CLIENT_CONFIRMATION_OK"
9119,10417382731,10417382765,1,"IOTHUB_CLIENT_CONFIRMATION_OK"
9120,10417382931,10417383061,1,"IOTHUB_CLIENT_CONFIRMATION_OK"
9121,10417383131,10417383167,1,"IOTHUB_CLIENT_CONFIRMATION_OK"
9122,10417383332,10417383403,1,"IOTHUB_CLIENT_CONFIRMATION_OK"
9123,10417383532,10417383571,1,"IOTHUB_CLIENT_CONFIRMATION_OK"
9124,10417383732,10417383764,1,"IOTHUB_CLIENT_CONFIRMATION_OK"
9125,10417383932,10417383962,1,"IOTHUB_CLIENT_CONFIRMATION_OK"
9126,10417384132,10417384179,1,"IOTHUB_CLIENT_CONFIRMATION_OK"
9127,10417384332,10417384385,1,"IOTHUB_CLIENT_CONFIRMATION_OK"
9128,10417384533,10417384575,1,"IOTHUB_CLIENT_CONFIRMATION_OK"
9129,10417384733,10417384770,1,"IOTHUB_CLIENT_CONFIRMATION_OK"
9130,10417384933,10417384990,1,"IOTHUB_CLIENT_CONFIRMATION_OK"
9131,10417385133,10417385201,1,"IOTHUB_CLIENT_CONFIRMATION_OK"
9132,10417385333,10417385373,1,"IOTHUB_CLIENT_CONFIRMATION_OK"
9133,10417385533,10417385685,1,"IOTHUB_CLIENT_CONFIRMATION_OK"
9134,10417385733,10417385770,1,"IOTHUB_CLIENT_CONFIRMATION_OK"
9135,10417385934,10417385972,1,"IOTHUB_CLIENT_CONFIRMATION_OK"
9136,10417386134,10417386239,1,"IOTHUB_CLIENT_CONFIRMATION_OK"
9137,10417386334,10417386378,1,"IOTHUB_CLIENT_CONFIRMATION_OK"
9138,10417386534,10417386583,1,"IOTHUB_CLIENT_CONFIRMATION_OK"
9139,10417386734,10417386804,1,"IOTHUB_CLIENT_CONFIRMATION_OK"
9140,10417386934,10417386982,1,"IOTHUB_CLIENT_CONFIRMATION_OK"
9141,10417387135,10417387179,1,"IOTHUB_CLIENT_CONFIRMATION_OK"
9142,10417387335,10417387374,1,"IOTHUB_CLIENT_CONFIRMATION_OK"
9143,10417387535,10417387576,1,"IOTHUB_CLIENT_CONFIRMATION_OK"
9144,10417387735,10417387775,1,"IOTHUB_CLIENT_CONFIRMATION_OK"
9145,10417387935,10417387971,1,"IOTHUB_CLIENT_CONFIRMATION_OK"
9146,10417388135,10417388173,1,"IOTHUB_CLIENT_CONFIRMATION_OK"
9147,10417388335,10417388374,1,"IOTHUB_CLIENT_CONFIRMATION_OK"
9148,10417388536,10417388571,1,"IOTHUB_CLIENT_CONFIRMATION_OK"
9149,10417388736,10417388939,1,"IOTHUB_CLIENT_CONFIRMATION_OK"
9150,10417388936,10417388977,1,"IOTHUB_CLIENT_CONFIRMATION_OK"
9151,10417389136,10417389216,1,"IOTHUB_CLIENT_CONFIRMATION_OK"
9152,10417389336,10417389376,1,"IOTHUB_CLIENT_CONFIRMATION_OK"
9153,10417389536,10417389570,1,"IOTHUB_CLIENT_CONFIRMATION_OK"
9154,10417389736,10417389784,1,"IOTHUB_CLIENT_CONFIRMATION_OK"
9155,10417389937,10417389975,1,"IOTHUB_CLIENT_CONFIRMATION_OK"
9156,10417390137,10417390186,1,"IOTHUB_CLIENT_CONFIRMATION_OK"
9157,10417390337,10417390368,1,"IOTHUB_CLIENT_CONFIRMATION_OK"
9158,10417390537,10417390573,1,"IOTHUB_CLIENT_CONFIRMATION_OK"
9159,10417390737,10417390774,1,"IOTHUB_CLIENT_CONFIRMATION_OK"
9160,10417390937,10417390977,1,"IOTHUB_CLIENT_CONFIRMATION_OK"
9161,10417391138,10417391185,1,"IOTHUB_CLIENT_CONFIRMATION_OK"
9162,10417391338,10417391534,1,"IOTHUB_CLIENT_CONFIRMATION_OK"
9163,10417391538,10417391588,1,"IOTHUB_CLIENT_CONFIRMATION_OK"
9164,10417391738,10417391779,1,"IOTHUB_CLIENT_CONFIRMATION_OK"
9165,10417391938,10417391972,1,"IOTHUB_CLIENT_CONFIRMATION_OK"
9166,10417392138,10417392187,1,"IOTHUB_CLIENT_CONFIRMATION_OK"
9167,10417392338,10417392452,1,"IOTHUB_CLIENT_CONFIRMATION_OK"
9168,10417392539,10417392581,1,"IOTHUB_CLIENT_CONFIRMATION_OK"
9169,10417392739,10417392778,1,"IOTHUB_CLIENT_CONFIRMATION_OK"
9170,10417392939,10417393012,1,"IOTHUB_CLIENT_CONFIRMATION_OK"
9171,10417393139,10417393174,1,"IOTHUB_CLIENT_CONFIRMATION_OK"
9172,10417393339,10417393374,1,"IOTHUB_CLIENT_CONFIRMATION_OK"
9173,10417393539,10417393598,1,"IOTHUB_CLIENT_CONFIRMATION_OK"
9174,10417393739,10417393787,1,"IOTHUB_CLIENT_CONFIRMATION_OK"
9175,10417393940,10417394077,1,"IOTHUB_CLIENT_CONFIRMATION_OK"
9176,10417394140,10417394188,1,"IOTHUB_CLIENT_CONFIRMATION_OK"
9177,10417394340,10417394383,1,"IOTHUB_CLIENT_CONFIRMATION_OK"
9178,10417394540,10417394672,1,"IOTHUB_CLIENT_CONFIRMATION_OK"
9179,10417394740,10417394782,1,"IOTHUB_CLIENT_CONFIRMATION_OK"
9180,10417394940,10417394977,1,"IOTHUB_CLIENT_CONFIRMATION_OK"
9181,10417395141,10417395193,1,"IOTHUB_CLIENT_CONFIRMATION_OK"
9182,10417395341,10417395374,1,"IOTHUB_CLIENT_CONFIRMATION_OK"
9183,10417395541,10417395595,1,"IOTHUB_CLIENT_CONFIRMATION_OK"
9184,10417395741,10417395795,1,"IOTHUB_CLIENT_CONFIRMATION_OK"
9185,10417395941,10417396005,1,"IOTHUB_CLIENT_CONFIRMATION_OK"
9186,10417396141,10417396186,1,"IOTHUB_CLIENT_CONFIRMATION_OK"
9187,10417396341,10417396379,1,"IOTHUB_CLIENT_CONFIRMATION_OK"
9188,10417396542,10417396598,1,"IOTHUB_CLIENT_CONFIRMATION_OK"
9189,10417396742,10417396788,1,"IOTHUB_CLIENT_CONFIRMATION_OK"
9190,10417396942,10417396975,1,"IOTHUB_CLIENT_CONFIRMATION_OK"
9191,10417397142,10417397184,1,"IOTHUB_CLIENT_CONFIRMATION_OK"
9192,10417397342,10417397387,1,"IOTHUB_CLIENT_CONFIRMATION_OK"
9193,10417397542,10417397594,1,"IOTHUB_CLIENT_CONFIRMATION_OK"
9194,10417397743,10417397791,1,"IOTHUB_CLIENT_CONFIRMATION_OK"
9195,10417397943,10417398014,1,"IOTHUB_CLIENT_CONFIRMATION_OK"
9196,10417398143,10417398203,1,"IOTHUB_CLIENT_CONFIRMATION_OK"
9197,10417398343,10417398382,1,"IOTHUB_CLIENT_CONFIRMATION_OK"
9198,10417398543,10417398647,1,"IOTHUB_CLIENT_CONFIRMATION_OK"
9199,10417398743,10417398786,1,"IOTHUB_CLIENT_CONFIRMATION_OK"
9200,10417398943,10417398979,1,"IOTHUB_CLIENT_CONFIRMATION_OK"
9201,10417399144,10417399242,1,"IOTHUB_CLIENT_CONFIRMATION_OK"
9202,10417399344,10417399391,1,"IOTHUB_CLIENT_CONFIRMATION_OK"
9203,10417399544,10417399586,1,"IOTHUB_CLIENT_CONFIRMATION_OK"
9204,10417399744,10417399850,1,"IOTHUB_CLIENT_CONFIRMATION_OK"
9205,10417399944,10417399990,1,"IOTHUB_CLIENT_CONFIRMATION_OK"
9206,10417400144,10417400179,1,"IOTHUB_CLIENT_CONFIRMATION_OK"
9207,10417400344,10417400435,1,"IOTHUB_CLIENT_CONFIRMATION_OK"
9208,10417400545,10417400577,1,"IOTHUB_CLIENT_CONFIRMATION_OK"
9209,10417400745,10417400777,1,"IOTHUB_CLIENT_CONFIRMATION_OK"
9210,10417400945,10417401009,1,"IOTHUB_CLIENT_CONFIRMATION_OK"
9211,10417401145,10417401190,1,"IOTHUB_CLIENT_CONFIRMATION_OK"
9212,10417401345,10417401384,1,"IOTHUB_CLIENT_CONFIRMATION_OK"
9213,10417401545,10417401585,1,"IOTHUB_CLIENT_CONFIRMATION_OK"
9214,10417401746,10417401799,1,"IOTHUB_CLIENT_CONFIRMATION_OK"
9215,10417401946,10417401989,1,"IOTHUB_CLIENT_CONFIRMATION_OK"
9216,10417402146,10417402195,1,"IOTHUB_CLIENT_CONFIRMATION_OK"
9217,10417402346,10417402388,1,"IOTHUB_CLIENT_CONFIRMATION_OK"
9218,10417402546,10417402586,1,"IOTHUB_CLIENT_CONFIRMATION_OK"
9219,10417402746,10417402783,1,"IOTHUB_CLIENT_CONFIRMATION_OK"
9220,10417402946,10417403182,1,"IOTHUB_CLIENT_CONFIRMATION_OK"
9221,10417403147,10417403218,1,"IOTHUB_CLIENT_CONFIRMATION_OK"
9222,10417403347,10417403414,1,"IOTHUB_CLIENT_CONFIRMATION_OK"
9223,10417403547,10417403599,1,"IOTHUB_CLIENT_CONFIRMATION_OK"
9224,10417403747,10417403791,1,"IOTHUB_CLIENT_CONFIRMATION_OK"
9225,10417403947,10417404001,1,"IOTHUB_CLIENT_CONFIRMATION_OK"
9226,10417404147,10417404185,1,"IOTHUB_CLIENT_CONFIRMATION_OK"
9227,10417404347,10417404390,1,"IOTHUB_CLIENT_CONFIRMATION_OK"
9228,10417404548,10417404667,1,"IOTHUB_CLIENT_CONFIRMATION_OK"
9229,10417404748,10417404785,1,"IOTHUB_CLIENT_CONFIRMATION_OK"
9230,10417404948,10417404998,1,"IOTHUB_CLIENT_CONFIRMATION_OK"
9231,10417405148,10417405191,1,"IOTHUB_CLIENT_CONFIRMATION_OK"
9232,10417405348,10417405386,1,"IOTHUB_CLIENT_CONFIRMATION_OK"
9233,10417405548,10417405592,1,"IOTHUB_CLIENT_CONFIRMATION_OK"
9234,10417405748,10417405807,1,"IOTHUB_CLIENT_CONFIRMATION_OK"
9235,10417405949,10417405994,1,"IOTHUB_CLIENT_CONFIRMATION_OK"
9236,10417406149,10417406191,1,"IOTHUB_CLIENT_CONFIRMATION_OK"
9237,10417406349,10417406392,1,"IOTHUB_CLIENT_CONFIRMATION_OK"
9238,10417406549,10417406585,1,"IOTHUB_CLIENT_CONFIRMATION_OK"
9239,10417406749,10417406803,1,"IOTHUB_CLIENT_CONFIRMATION_OK"
9240,10417406949,10417407005,1,"IOTHUB_CLIENT_CONFIRMATION_OK"
9241,10417407149,10417407190,1,"IOTHUB_CLIENT_CONFIRMATION_OK"
9242,10417407350,10417407390,1,"IOTHUB_CLIENT_CONFIRMATION_OK"
9243,10417407550,10417407602,1,"IOTHUB_CLIENT_CONFIRMATION_OK"
9244,10417407750,10417407786,1,"IOTHUB_CLIENT_CONFIRMATION_OK"
9245,10417407950,10417407998,1,"IOTHUB_CLIENT_CONFIRMATION_OK"
9246,10417408150,10417408298,1,"IOTHUB_CLIENT_CONFIRMATION_OK"
9247,10417408350,10417408383,1,"IOTHUB_CLIENT_CONFIRMATION_OK"
9248,10417408550,10417408615,1,"IOTHUB_CLIENT_CONFIRMATION_OK"
9249,10417408751,10417408889,1,"IOTHUB_CLIENT_CONFIRMATION_OK"
9250,10417408951,10417408993,1,"IOTHUB_CLIENT_CONFIRMATION_OK"
9251,10417409151,10417409183,1,"IOTHUB_CLIENT_CONFIRMATION_OK"
9252,10417409351,10417409391,1,"IOTHUB_CLIENT_CONFIRMATION_OK"
9253,10417409551,10417409590,1,"IOTHUB_CLIENT_CONFIRMATION_OK"
9254,10417409751,10417409799,1,"IOTHUB_CLIENT_CONFIRMATION_OK"
9255,10417409951,10417409992,1,"IOTHUB_CLIENT_CONFIRMATION_OK"
9256,10417410152,10417410198,1,"IOTHUB_CLIENT_CONFIRMATION_OK"
9257,10417410352,10417410437,1,"IOTHUB_CLIENT_CONFIRMATION_OK"
9258,10417410552,10417410606,1,"IOTHUB_CLIENT_CONFIRMATION_OK"
9259,10417410752,10417410803,1,"IOTHUB_CLIENT_CONFIRMATION_OK"
9260,10417410952,10417410990,1,"IOTHUB_CLIENT_CONFIRMATION_OK"
9261,10417411152,10417411196,1,"IOTHUB_CLIENT_CONFIRMATION_OK"
9262,10417411353,10417411530,1,"IOTHUB_CLIENT_CONFIRMATION_OK"
9263,10417411553,10417411586,1,"IOTHUB_CLIENT_CONFIRMATION_OK"
9264,10417411753,10417411789,1,"IOTHUB_CLIENT_CONFIRMATION_OK"
9265,10417411953,10417411987,1,"IOTHUB_CLIENT_CONFIRMATION_OK"
9266,10417412153,10417412205,1,"IOTHUB_CLIENT_CONFIRMATION_OK"
9267,10417412353,10417412423,1,"IOTHUB_CLIENT_CONFIRMATION_OK"
9268,10417412553,10417412599,1,"IOTHUB_CLIENT_CONFIRMATION_OK"
9269,10417412754,10417412786,1,"IOTHUB_CLIENT_CONFIRMATION_OK"
9270,10417412954,10417412994,1,"IOTHUB_CLIENT_CONFIRMATION_OK"
9271,10417413154,10417413189,1,"IOTHUB_CLIENT_CONFIRMATION_OK"
9272,10417413354,10417413395,1,"IOTHUB_CLIENT_CONFIRMATION_OK"
9273,10417413554,10417413639,1,"IOTHUB_CLIENT_CONFIRMATION_OK"
9274,10417413754,10417413790,1,"IOTHUB_CLIENT_CONFIRMATION_OK"
9275,10417413955,10417414014,1,"IOTHUB_CLIENT_CONFIRMATION_OK"
9276,10417414155,10417414197,1,"IOTHUB_CLIENT_CONFIRMATION_OK"
9277,10417414355,10417414399,1,"IOTHUB_CLIENT_CONFIRMATION_OK"
9278,10417414555,10417414916,1,"IOTHUB_CLIENT_CONFIRMATION_OK"
9279,10417414755,10417414937,1,"IOTHUB_CLIENT_CONFIRMATION_OK"
9280,10417414955,10417415001,1,"IOTHUB_CLIENT_CONFIRMATION_OK"
9281,10417415155,10417415191,1,"IOTHUB_CLIENT_CONFIRMATION_OK"
9282,10417415356,10417415510,1,"IOTHUB_CLIENT_CONFIRMATION_OK"
9283,10417415556,10417415618,1,"IOTHUB_CLIENT_CONFIRMATION_OK"
9284,10417415756,10417415803,1,"IOTHUB_CLIENT_CONFIRMATION_OK"
9285,10417415956,10417415989,1,"IOTHUB_CLIENT_CONFIRMATION_OK"
9286,10417416156,10417416206,1,"IOTHUB_CLIENT_CONFIRMATION_OK"
9287,10417416356,10417416396,1,"IOTHUB_CLIENT_CONFIRMATION_OK"
9288,10417416557,10417416697,1,"IOTHUB_CLIENT_CONFIRMATION_OK"
9289,10417416757,10417416801,1,"IOTHUB_CLIENT_CONFIRMATION_OK"
9290,10417416957,10417417036,1,"IOTHUB_CLIENT_CONFIRMATION_OK"
9291,10417417157,10417417331,1,"IOTHUB_CLIENT_CONFIRMATION_OK"
9292,10417417357,10417417408,1,"IOTHUB_CLIENT_CONFIRMATION_OK"
9293,10417417557,10417417603,1,"IOTHUB_CLIENT_CONFIRMATION_OK"
9294,10417417757,10417417792,1,"IOTHUB_CLIENT_CONFIRMATION_OK"
9295,10417417958,10417417995,1,"IOTHUB_CLIENT_CONFIRMATION_OK"
9296,10417418158,10417418206,1,"IOTHUB_CLIENT_CONFIRMATION_OK"
9297,10417418358,10417418411,1,"IOTHUB_CLIENT_CONFIRMATION_OK"
9298,10417418558,10417418605,1,"IOTHUB_CLIENT_CONFIRMATION_OK"
9299,10417418758,10417418815,1,"IOTHUB_CLIENT_CONFIRMATION_OK"
9300,10417418959,10417419002,1,"IOTHUB_CLIENT_CONFIRMATION_OK"
9301,10417419159,10417419191,1,"IOTHUB_CLIENT_CONFIRMATION_OK"
9302,10417419359,10417419400,1,"IOTHUB_CLIENT_CONFIRMATION_OK"
9303,10417419559,10417419616,1,"IOTHUB_CLIENT_CONFIRMATION_OK"
9304,10417419759,10417419797,1,"IOTHUB_CLIENT_CONFIRMATION_OK"
9305,10417419959,10417420019,1,"IOTHUB_CLIENT_CONFIRMATION_OK"
9306,10417420159,10417420222,1,"IOTHUB_CLIENT_CONFIRMATION_OK"
9307,10417420360,10417420440,1,"IOTHUB_CLIENT_CONFIRMATION_OK"
9308,10417420560,10417420609,1,"IOTHUB_CLIENT_CONFIRMATION_OK"
9309,10417420760,10417420811,1,"IOTHUB_CLIENT_CONFIRMATION_OK"
9310,10417420960,10417421019,1,"IOTHUB_CLIENT_CONFIRMATION_OK"
9311,10417421160,10417421333,1,"IOTHUB_CLIENT_CONFIRMATION_OK"
9312,10417421360,10417421402,1,"IOTHUB_CLIENT_CONFIRMATION_OK"
9313,10417421560,10417421597,1,"IOTHUB_CLIENT_CONFIRMATION_OK"
9314,10417421760,10417421793,1,"IOTHUB_CLIENT_CONFIRMATION_OK"
9315,10417421961,10417421994,1,"IOTHUB_CLIENT_CONFIRMATION_OK"
9316,10417422161,10417422230,1,"IOTHUB_CLIENT_CONFIRMATION_OK"
9317,10417422361,10417422519,1,"IOTHUB_CLIENT_CONFIRMATION_OK"
9318,10417422561,10417422598,1,"IOTHUB_CLIENT_CONFIRMATION_OK"
9319,10417422761,10417422811,1,"IOTHUB_CLIENT_CONFIRMATION_OK"
9320,10417422961,10417423105,1,"IOTHUB_CLIENT_CONFIRMATION_OK"
9321,10417423162,10417423201,1,"IOTHUB_CLIENT_CONFIRMATION_OK"
9322,10417423362,10417423398,1,"IOTHUB_CLIENT_CONFIRMATION_OK"
9323,10417423562,10417423599,1,"IOTHUB_CLIENT_CONFIRMATION_OK"
9324,10417423762,10417423805,1,"IOTHUB_CLIENT_CONFIRMATION_OK"
9325,10417423962,10417424010,1,"IOTHUB_CLIENT_CONFIRMATION_OK"
9326,10417424162,10417424197,1,"IOTHUB_CLIENT_CONFIRMATION_OK"
9327,10417424362,10417424396,1,"IOTHUB_CLIENT_CONFIRMATION_OK"
9328,10417424563,10417424609,1,"IOTHUB_CLIENT_CONFIRMATION_OK"
9329,10417424763,10417424801,1,"IOTHUB_CLIENT_CONFIRMATION_OK"
9330,10417424963,10417425135,1,"IOTHUB_CLIENT_CONFIRMATION_OK"
9331,10417425163,10417425212,1,"IOTHUB_CLIENT_CONFIRMATION_OK"
9332,10417425363,10417425414,1,"IOTHUB_CLIENT_CONFIRMATION_OK"
9333,10417425564,10417425598,1,"IOTHUB_CLIENT_CONFIRMATION_OK"
9334,10417425764,10417425801,1,"IOTHUB_CLIENT_CONFIRMATION_OK"
9335,10417425964,10417425999,1,"IOTHUB_CLIENT_CONFIRMATION_OK"
9336,10417426164,10417426203,1,"IOTHUB_CLIENT_CONFIRMATION_OK"
9337,10417426364,10417426410,1,"IOTHUB_CLIENT_CONFIRMATION_OK"
9338,10417426564,10417426606,1,"IOTHUB_CLIENT_CONFIRMATION_OK"
9339,10417426764,10417426797,1,"IOTHUB_CLIENT_CONFIRMATION_OK"
9340,10417426965,10417427041,1,"IOTHUB_CLIENT_CONFIRMATION_OK"
9341,10417427165,10417427210,1,"IOTHUB_CLIENT_CONFIRMATION_OK"
9342,10417427365,10417427401,1,"IOTHUB_CLIENT_CONFIRMATION_OK"
9343,10417427565,10417427607,1,"IOTHUB_CLIENT_CONFIRMATION_OK"
9344,10417427765,10417427821,1,"IOTHUB_CLIENT_CONFIRMATION_OK"
9345,10417427965,10417428003,1,"IOTHUB_CLIENT_CONFIRMATION_OK"
9346,10417428165,10417428228,1,"IOTHUB_CLIENT_CONFIRMATION_OK"
9347,10417428366,10417428414,1,"IOTHUB_CLIENT_CONFIRMATION_OK"
9348,10417428566,10417428607,1,"IOTHUB_CLIENT_CONFIRMATION_OK"
9349,10417428766,10417428839,1,"IOTHUB_CLIENT_CONFIRMATION_OK"
9350,10417428966,10417429025,1,"IOTHUB_CLIENT_CONFIRMATION_OK"
9351,10417429166,10417429214,1,"IOTHUB_CLIENT_CONFIRMATION_OK"
9352,10417429366,10417429409,1,"IOTHUB_CLIENT_CONFIRMATION_OK"
9353,10417429567,10417429616,1,"IOTHUB_CLIENT_CONFIRMATION_OK"
9354,10417429767,10417429918,1,"IOTHUB_CLIENT_CONFIRMATION_OK"
9355,10417429967,10417430005,1,"IOTHUB_CLIENT_CONFIRMATION_OK"
9356,10417430167,10417430217,1,"IOTHUB_CLIENT_CONFIRMATION_OK"
9357,10417430367,10417430399,1,"IOTHUB_CLIENT_CONFIRMATION_OK"
9358,10417430567,10417430633,1,"IOTHUB_CLIENT_CONFIRMATION_OK"
9359,10417430767,10417430813,1,"IOTHUB_CLIENT_CONFIRMATION_OK"
9360,10417430968,10417431007,1,"IOTHUB_CLIENT_CONFIRMATION_OK"
9361,10417431168,10417431209,1,"IOTHUB_CLIENT_CONFIRMATION_OK"
9362,10417431368,10417431536,1,"IOTHUB_CLIENT_CONFIRMATION_OK"
9363,10417431568,10417431607,1,"IOTHUB_CLIENT_CONFIRMATION_OK"
9364,10417431768,10417431838,1,"IOTHUB_CLIENT_CONFIRMATION_OK"
9365,10417431968,10417432003,1,"IOTHUB_CLIENT_CONFIRMATION_OK"
9366,10417432168,10417432231,1,"IOTHUB_CLIENT_CONFIRMATION_OK"
9367,10417432369,10417432442,1,"IOTHUB_CLIENT_CONFIRMATION_OK"
9368,10417432569,10417432612,1,"IOTHUB_CLIENT_CONFIRMATION_OK"
9369,10417432769,10417432818,1,"IOTHUB_CLIENT_CONFIRMATION_OK"
9370,10417432969,10417433033,1,"IOTHUB_CLIENT_CONFIRMATION_OK"
9371,10417433169,10417433217,1,"IOTHUB_CLIENT_CONFIRMATION_OK"
9372,10417433369,10417433405,1,"IOTHUB_CLIENT_CONFIRMATION_OK"
9373,10417433570,10417433611,1,"IOTHUB_CLIENT_CONFIRMATION_OK"
9374,10417433770,10417433816,1,"IOTHUB_CLIENT_CONFIRMATION_OK"
9375,10417433970,10417434033,1,"IOTHUB_CLIENT_CONFIRMATION_OK"
9376,10417434170,10417434225,1,"IOTHUB_CLIENT_CONFIRMATION_OK"
9377,10417434370,10417434403,1,"IOTHUB_CLIENT_CONFIRMATION_OK"
9378,10417434570,10417434610,1,"IOTHUB_CLIENT_CONFIRMATION_OK"
9379,10417434770,10417434809,1,"IOTHUB_CLIENT_CONFIRMATION_OK"
9380,10417434971,10417435016,1,"IOTHUB_CLIENT_CONFIRMATION_OK"
9381,10417435171,10417435217,1,"IOTHUB_CLIENT_CONFIRMATION_OK"
9382,10417435371,10417435436,1,"IOTHUB_CLIENT_CONFIRMATION_OK"
9383,10417435571,10417435660,1,"IOTHUB_CLIENT_CONFIRMATION_OK"
9384,10417435771,10417435885,1,"IOTHUB_CLIENT_CONFIRMATION_OK"
9385,10417435971,10417436136,1,"IOTHUB_CLIENT_CONFIRMATION_OK"
9386,10417436172,10417436218,1,"IOTHUB_CLIENT_CONFIRMATION_OK"
9387,10417436372,10417436442,1,"IOTHUB_CLIENT_CONFIRMATION_OK"
9388,10417436572,10417436617,1,"IOTHUB_CLIENT_CONFIRMATION_OK"
9389,10417436772,10417436810,1,"IOTHUB_CLIENT_CONFIRMATION_OK"
9390,10417436972,10417437017,1,"IOTHUB_CLIENT_CONFIRMATION_OK"
9391,10417437172,10417437332,1,"IOTHUB_CLIENT_CONFIRMATION_OK"
9392,10417437373,10417437408,1,"IOTHUB_CLIENT_CONFIRMATION_OK"
9393,10417437573,10417437624,1,"IOTHUB_CLIENT_CONFIRMATION_OK"
9394,10417437773,10417437816,1,"IOTHUB_CLIENT_CONFIRMATION_OK"
9395,10417437973,10417438014,1,"IOTHUB_CLIENT_CONFIRMATION_OK"
9396,10417438173,10417438208,1,"IOTHUB_CLIENT_CONFIRMATION_OK"
9397,10417438374,10417438519,1,"IOTHUB_CLIENT_CONFIRMATION_OK"
9398,10417438574,10417438612,1,"IOTHUB_CLIENT_CONFIRMATION_OK"
9399,10417438774,10417438818,1,"IOTHUB_CLIENT_CONFIRMATION_OK"
9400,10417438974,10417439011,1,"IOTHUB_CLIENT_CONFIRMATION_OK"
9401,10417439174,10417439216,1,"IOTHUB_CLIENT_CONFIRMATION_OK"
9402,10417439374,10417439425,1,"IOTHUB_CLIENT_CONFIRMATION_OK"
9403,10417439574,10417439623,1,"IOTHUB_CLIENT_CONFIRMATION_OK"
9404,10417439775,10417439815,1,"IOTHUB_CLIENT_CONFIRMATION_OK"
9405,10417439975,10417440018,1,"IOTHUB_CLIENT_CONFIRMATION_OK"
9406,10417440175,10417440336,1,"IOTHUB_CLIENT_CONFIRMATION_OK"
9407,10417440375,10417440566,1,"IOTHUB_CLIENT_CONFIRMATION_OK"
9408,10417440575,10417440605,1,"IOTHUB_CLIENT_CONFIRMATION_OK"
9409,10417440775,10417440824,1,"IOTHUB_CLIENT_CONFIRMATION_OK"
9410,10417440976,10417441025,1,"IOTHUB_CLIENT_CONFIRMATION_OK"
9411,10417441176,10417441230,1,"IOTHUB_CLIENT_CONFIRMATION_OK"
9412,10417441376,10417441460,1,"IOTHUB_CLIENT_CONFIRMATION_OK"
9413,10417441576,10417441623,1,"IOTHUB_CLIENT_CONFIRMATION_OK"
9414,10417441776,10417441866,1,"IOTHUB_CLIENT_CONFIRMATION_OK"
9415,10417441976,10417442013,1,"IOTHUB_CLIENT_CONFIRMATION_OK"
9416,10417442177,10417442212,1,"IOTHUB_CLIENT_CONFIRMATION_OK"
9417,10417442377,10417442497,1,"IOTHUB_CLIENT_CONFIRMATION_OK"
9418,10417442577,10417442618,1,"IOTHUB_CLIENT_CONFIRMATION_OK"
9419,10417442777,10417442814,1,"IOTHUB_CLIENT_CONFIRMATION_OK"
9420,10417442977,10417443120,1,"IOTHUB_CLIENT_CONFIRMATION_OK"
9421,10417443177,10417443212,1,"IOTHUB_CLIENT_CONFIRMATION_OK"
9422,10417443377,10417443418,1,"IOTHUB_CLIENT_CONFIRMATION_OK"
9423,10417443578,10417443617,1,"IOTHUB_CLIENT_CONFIRMATION_OK"
9424,10417443778,10417443827,1,"IOTHUB_CLIENT_CONFIRMATION_OK"
9425,10417443978,10417444023,1,"IOTHUB_CLIENT_CONFIRMATION_OK"
9426,10417444178,10417444253,1,"IOTHUB_CLIENT_CONFIRMATION_OK"
9427,10417444378,10417444474,1,"IOTHUB_CLIENT_CONFIRMATION_OK"
9428,10417444578,10417444616,1,"IOTHUB_CLIENT_CONFIRMATION_OK"
9429,10417444779,10417444819,1,"IOTHUB_CLIENT_CONFIRMATION_OK"
9430,10417444979,10417445019,1,"IOTHUB_CLIENT_CONFIRMATION_OK"
9431,10417445179,10417445222,1,"IOTHUB_CLIENT_CONFIRMATION_OK"
9432,10417445379,10417445430,1,"IOTHUB_CLIENT_CONFIRMATION_OK"
9433,10417445579,10417445756,1,"IOTHUB_CLIENT_CONFIRMATION_OK"
9434,10417445779,10417445849,1,"IOTHUB_CLIENT_CONFIRMATION_OK"
9435,10417445980,10417446024,1,"IOTHUB_CLIENT_CONFIRMATION_OK"
9436,10417446180,10417446232,1,"IOTHUB_CLIENT_CONFIRMATION_OK"
9437,10417446380,10417446449,1,"IOTHUB_CLIENT_CONFIRMATION_OK"
9438,10417446580,10417446620,1,"IOTHUB_CLIENT_CONFIRMATION_OK"
9439,10417446780,10417446816,1,"IOTHUB_CLIENT_CONFIRMATION_OK"
9440,10417446980,10417447106,1,"IOTHUB_CLIENT_CONFIRMATION_OK"
9441,10417447181,10417447219,1,"IOTHUB_CLIENT_CONFIRMATION_OK"
9442,10417447381,10417447430,1,"IOTHUB_CLIENT_CONFIRMATION_OK"
9443,10417447581,10417447713,1,"IOTHUB_CLIENT_CONFIRMATION_OK"
9444,10417447781,10417447824,1,"IOTHUB_CLIENT_CONFIRMATION_OK"
9445,10417447981,10417448025,1,"IOTHUB_CLIENT_CONFIRMATION_OK"
9446,10417448181,10417448217,1,"IOTHUB_CLIENT_CONFIRMATION_OK"
9447,10417448381,10417448429,1,"IOTHUB_CLIENT_CONFIRMATION_OK"
9448,10417448582,10417448634,1,"IOTHUB_CLIENT_CONFIRMATION_OK"
9449,10417448782,10417448823,1,"IOTHUB_CLIENT_CONFIRMATION_OK"
9450,10417448982,10417449026,1,"IOTHUB_CLIENT_CONFIRMATION_OK"
9451,10417449182,10417449226,1,"IOTHUB_CLIENT_CONFIRMATION_OK"
9452,10417449382,10417449434,1,"IOTHUB_CLIENT_CONFIRMATION_OK"
9453,10417449582,10417449625,1,"IOTHUB_CLIENT_CONFIRMATION_OK"
9454,10417449782,10417449827,1,"IOTHUB_CLIENT_CONFIRMATION_OK"
9455,10417449983,10417450028,1,"IOTHUB_CLIENT_CONFIRMATION_OK"
9456,10417450183,10417450226,1,"IOTHUB_CLIENT_CONFIRMATION_OK"
9457,10417450383,10417450428,1,"IOTHUB_CLIENT_CONFIRMATION_OK"
9458,10417450583,10417450646,1,"IOTHUB_CLIENT_CONFIRMATION_OK"
9459,10417450783,10417450880,1,"IOTHUB_CLIENT_CONFIRMATION_OK"
9460,10417450983,10417451023,1,"IOTHUB_CLIENT_CONFIRMATION_OK"
9461,10417451183,10417451228,1,"IOTHUB_CLIENT_CONFIRMATION_OK"
9462,10417451384,10417451511,1,"IOTHUB_CLIENT_CONFIRMATION_OK"
9463,10417451584,10417451636,1,"IOTHUB_CLIENT_CONFIRMATION_OK"
9464,10417451784,10417451819,1,"IOTHUB_CLIENT_CONFIRMATION_OK"
9465,10417451984,10417452030,1,"IOTHUB_CLIENT_CONFIRMATION_OK"
9466,10417452184,10417452226,1,"IOTHUB_CLIENT_CONFIRMATION_OK"
9467,10417452384,10417452430,1,"IOTHUB_CLIENT_CONFIRMATION_OK"
9468,10417452584,10417452626,1,"IOTHUB_CLIENT_CONFIRMATION_OK"
9469,10417452785,10417452820,1,"IOTHUB_CLIENT_CONFIRMATION_OK"
9470,10417452985,10417453019,1,"IOTHUB_CLIENT_CONFIRMATION_OK"
9471,10417453185,10417453243,1,"IOTHUB_CLIENT_CONFIRMATION_OK"
9472,10417453385,10417453462,1,"IOTHUB_CLIENT_CONFIRMATION_OK"
9473,10417453585,10417453685,1,"IOTHUB_CLIENT_CONFIRMATION_OK"
9474,10417453785,10417453831,1,"IOTHUB_CLIENT_CONFIRMATION_OK"
9475,10417453986,10417454020,1,"IOTHUB_CLIENT_CONFIRMATION_OK"
9476,10417454186,10417454262,1,"IOTHUB_CLIENT_CONFIRMATION_OK"
9477,10417454386,10417454435,1,"IOTHUB_CLIENT_CONFIRMATION_OK"
9478,10417454586,10417454772,1,"IOTHUB_CLIENT_CONFIRMATION_OK"
9479,10417454786,10417454837,1,"IOTHUB_CLIENT_CONFIRMATION_OK"
9480,10417454986,10417455048,1,"IOTHUB_CLIENT_CONFIRMATION_OK"
9481,10417455186,10417455231,1,"IOTHUB_CLIENT_CONFIRMATION_OK"
9482,10417455387,10417455447,1,"IOTHUB_CLIENT_CONFIRMATION_OK"
9483,10417455587,10417455632,1,"IOTHUB_CLIENT_CONFIRMATION_OK"
9484,10417455787,10417455844,1,"IOTHUB_CLIENT_CONFIRMATION_OK"
9485,10417455987,10417456028,1,"IOTHUB_CLIENT_CONFIRMATION_OK"
9486,10417456187,10417456232,1,"IOTHUB_CLIENT_CONFIRMATION_OK"
9487,10417456387,10417456448,1,"IOTHUB_CLIENT_CONFIRMATION_OK"
9488,10417456587,10417456627,1,"IOTHUB_CLIENT_CONFIRMATION_OK"
9489,10417456788,10417456825,1,"IOTHUB_CLIENT_CONFIRMATION_OK"
9490,10417456988,10417457052,1,"IOTHUB_CLIENT_CONFIRMATION_OK"
9491,10417457188,10417457267,1,"IOTHUB_CLIENT_CONFIRMATION_OK"
9492,10417457388,10417457440,1,"IOTHUB_CLIENT_CONFIRMATION_OK"
9493,10417457588,10417457625,1,"IOTHUB_CLIENT_CONFIRMATION_OK"
9494,10417457789,10417457849,1,"IOTHUB_CLIENT_CONFIRMATION_OK"
9495,10417457989,10417458110,1,"IOTHUB_CLIENT_CONFIRMATION_OK"
9496,10417458189,10417458245,1,"IOTHUB_CLIENT_CONFIRMATION_OK"
9497,10417458389,10417458471,1,"IOTHUB_CLIENT_CONFIRMATION_OK"
9498,10417458589,10417458631,1,"IOTHUB_CLIENT_CONFIRMATION_OK"
9499,10417458789,10417458830,1,"IOTHUB_CLIENT_CONFIRMATION_OK"
9500,10417458989,10417459032,1,"IOTHUB_CLIENT_CONFIRMATION_OK"
9501,10417459190,10417459303,1,"IOTHUB_CLIENT_CONFIRMATION_OK"
9502,10417459390,10417459432,1,"IOTHUB_CLIENT_CONFIRMATION_OK"
9503,10417459590,10417459630,1,"IOTHUB_CLIENT_CONFIRMATION_OK"
9504,10417459790,10417459973,1,"IOTHUB_CLIENT_CONFIRMATION_OK"
9505,10417459990,10417460062,1,"IOTHUB_CLIENT_CONFIRMATION_OK"
9506,10417460190,10417460234,1,"IOTHUB_CLIENT_CONFIRMATION_OK"
9507,10417460390,10417460601,1,"IOTHUB_CLIENT_CONFIRMATION_OK"
9508,10417460591,10417460632,1,"IOTHUB_CLIENT_CONFIRMATION_OK"
9509,10417460791,10417460830,1,"IOTHUB_CLIENT_CONFIRMATION_OK"
9510,10417460991,10417461054,1,"IOTHUB_CLIENT_CONFIRMATION_OK"
9511,10417461191,10417461238,1,"IOTHUB_CLIENT_CONFIRMATION_OK"
9512,10417461391,10417461447,1,"IOTHUB_CLIENT_CONFIRMATION_OK"
9513,10417461591,10417461636,1,"IOTHUB_CLIENT_CONFIRMATION_OK"
9514,10417461792,10417461835,1,"IOTHUB_CLIENT_CONFIRMATION_OK"
9515,10417461992,10417462048,1,"IOTHUB_CLIENT_CONFIRMATION_OK"
9516,10417462192,10417462242,1,"IOTHUB_CLIENT_CONFIRMATION_OK"
9517,10417462392,10417462439,1,"IOTHUB_CLIENT_CONFIRMATION_OK"
9518,10417462592,10417462640,1,"IOTHUB_CLIENT_CONFIRMATION_OK"
9519,10417462792,10417462853,1,"IOTHUB_CLIENT_CONFIRMATION_OK"
9520,10417462993,10417463044,1,"IOTHUB_CLIENT_CONFIRMATION_OK"
9521,10417463193,10417463231,1,"IOTHUB_CLIENT_CONFIRMATION_OK"
9522,10417463393,10417463493,1,"IOTHUB_CLIENT_CONFIRMATION_OK"
9523,10417463593,10417463633,1,"IOTHUB_CLIENT_CONFIRMATION_OK"
9524,10417463793,10417463827,1,"IOTHUB_CLIENT_CONFIRMATION_OK"
9525,10417463993,10417464041,1,"IOTHUB_CLIENT_CONFIRMATION_OK"
9526,10417464193,10417464251,1,"IOTHUB_CLIENT_CONFIRMATION_OK"
9527,10417464394,10417464495,1,"IOTHUB_CLIENT_CONFIRMATION_OK"
9528,10417464594,10417464628,1,"IOTHUB_CLIENT_CONFIRMATION_OK"
9529,10417464794,10417464830,1,"IOTHUB_CLIENT_CONFIRMATION_OK"
9530,10417464994,10417465107,1,"IOTHUB_CLIENT_CONFIRMATION_OK"
9531,10417465194,10417465227,1,"IOTHUB_CLIENT_CONFIRMATION_OK"
9532,10417465394,10417465445,1,"IOTHUB_CLIENT_CONFIRMATION_OK"
9533,10417465595,10417465712,1,"IOTHUB_CLIENT_CONFIRMATION_OK"
9534,10417465795,10417465832,1,"IOTHUB_CLIENT_CONFIRMATION_OK"
9535,10417465995,10417466041,1,"IOTHUB_CLIENT_CONFIRMATION_OK"
9536,10417466195,10417466311,1,"IOTHUB_CLIENT_CONFIRMATION_OK"
9537,10417466395,10417466435,1,"IOTHUB_CLIENT_CONFIRMATION_OK"
9538,10417466595,10417466639,1,"IOTHUB_CLIENT_CONFIRMATION_OK"
9539,10417466795,10417466852,1,"IOTHUB_CLIENT_CONFIRMATION_OK"
9540,10417466996,10417467036,1,"IOTHUB_CLIENT_CONFIRMATION_OK"
9541,10417467196,10417467241,1,"IOTHUB_CLIENT_CONFIRMATION_OK"
9542,10417467396,10417467434,1,"IOTHUB_CLIENT_CONFIRMATION_OK"
9543,10417467596,10417467651,1,"IOTHUB_CLIENT_CONFIRMATION_OK"
9544,10417467796,10417467852,1,"IOTHUB_CLIENT_CONFIRMATION_OK"
9545,10417467996,10417468039,1,"IOTHUB_CLIENT_CONFIRMATION_OK"
9546,10417468196,10417468430,1,"IOTHUB_CLIENT_CONFIRMATION_OK"
9547,10417468397,10417468460,1,"IOTHUB_CLIENT_CONFIRMATION_OK"
9548,10417468597,10417468645,1,"IOTHUB_CLIENT_CONFIRMATION_OK"
9549,10417468797,10417469067,1,"IOTHUB_CLIENT_CONFIRMATION_OK"
9550,10417468997,10417469100,1,"IOTHUB_CLIENT_CONFIRMATION_OK"
9551,10417469197,10417469241,1,"IOTHUB_CLIENT_CONFIRMATION_OK"
9552,10417469397,10417469438,1,"IOTHUB_CLIENT_CONFIRMATION_OK"
9553,10417469598,10417469641,1,"IOTHUB_CLIENT_CONFIRMATION_OK"
9554,10417469798,10417469840,1,"IOTHUB_CLIENT_CONFIRMATION_OK"
9555,10417469998,10417470047,1,"IOTHUB_CLIENT_CONFIRMATION_OK"
9556,10417470198,10417470239,1,"IOTHUB_CLIENT_CONFIRMATION_OK"
9557,10417470398,10417470444,1,"IOTHUB_CLIENT_CONFIRMATION_OK"
9558,10417470598,10417470638,1,"IOTHUB_CLIENT_CONFIRMATION_OK"
9559,10417470798,10417470834,1,"IOTHUB_CLIENT_CONFIRMATION_OK"
9560,10417470999,10417471042,1,"IOTHUB_CLIENT_CONFIRMATION_OK"
9561,10417471199,10417471232,1,"IOTHUB_CLIENT_CONFIRMATION_OK"
9562,10417471399,10417471477,1,"IOTHUB_CLIENT_CONFIRMATION_OK"
9563,10417471599,10417471652,1,"IOTHUB_CLIENT_CONFIRMATION_OK"
9564,10417471799,10417471841,1,"IOTHUB_CLIENT_CONFIRMATION_OK"
9565,10417471999,10417472056,1,"IOTHUB_CLIENT_CONFIRMATION_OK"
9566,10417472199,10417472290,1,"IOTHUB_CLIENT_CONFIRMATION_OK"
9567,10417472400,10417472463,1,"IOTHUB_CLIENT_CONFIRMATION_OK"
9568,10417472600,10417472639,1,"IOTHUB_CLIENT_CONFIRMATION_OK"
9569,10417472800,10417472840,1,"IOTHUB_CLIENT_CONFIRMATION_OK"
9570,10417473000,10417473086,1,"IOTHUB_CLIENT_CONFIRMATION_OK"
9571,10417473200,10417473241,1,"IOTHUB_CLIENT_CONFIRMATION_OK"
9572,10417473400,10417473444,1,"IOTHUB_CLIENT_CONFIRMATION_OK"
9573,10417473601,10417473641,1,"IOTHUB_CLIENT_CONFIRMATION_OK"
9574,10417473801,10417473850,1,"IOTHUB_CLIENT_CONFIRMATION_OK"
9575,10417474001,10417474047,1,"IOTHUB_CLIENT_CONFIRMATION_OK"
9576,10417474201,10417474242,1,"IOTHUB_CLIENT_CONFIRMATION_OK"
9577,10417474401,10417474450,1,"IOTHUB_CLIENT_CONFIRMATION_OK"
9578,10417474601,10417474665,1,"IOTHUB_CLIENT_CONFIRMATION_OK"
9579,10417474802,10417474842,1,"IOTHUB_CLIENT_CONFIRMATION_OK"
9580,10417475002,10417475044,1,"IOTHUB_CLIENT_CONFIRMATION_OK"
9581,10417475202,10417475244,1,"IOTHUB_CLIENT_CONFIRMATION_OK"
9582,10417475402,10417475444,1,"IOTHUB_CLIENT_CONFIRMATION_OK"
9583,10417475602,10417475652,1,"IOTHUB_CLIENT_CONFIRMATION_OK"
9584,10417475802,10417475877,1,"IOTHUB_CLIENT_CONFIRMATION_OK"
9585,10417476003,10417476096,1,"IOTHUB_CLIENT_CONFIRMATION_OK"
9586,10417476203,10417476254,1,"IOTHUB_CLIENT_CONFIRMATION_OK"
9587,10417476403,10417476444,1,"IOTHUB_CLIENT_CONFIRMATION_OK"
9588,10417476603,10417476736,1,"IOTHUB_CLIENT_CONFIRMATION_OK"
9589,10417476803,10417476863,1,"IOTHUB_CLIENT_CONFIRMATION_OK"
9590,10417477003,10417477049,1,"IOTHUB_CLIENT_CONFIRMATION_OK"
9591,10417477204,10417477314,1,"IOTHUB_CLIENT_CONFIRMATION_OK"
9592,10417477404,10417477478,1,"IOTHUB_CLIENT_CONFIRMATION_OK"
9593,10417477604,10417477638,1,"IOTHUB_CLIENT_CONFIRMATION_OK"
9594,10417477804,10417477840,1,"IOTHUB_CLIENT_CONFIRMATION_OK"
9595,10417478004,10417478054,1,"IOTHUB_CLIENT_CONFIRMATION_OK"
9596,10417478204,10417478248,1,"IOTHUB_CLIENT_CONFIRMATION_OK"
9597,10417478405,10417478451,1,"IOTHUB_CLIENT_CONFIRMATION_OK"
9598,10417478605,10417478654,1,"IOTHUB_CLIENT_CONFIRMATION_OK"
9599,10417478805,10417478849,1,"IOTHUB_CLIENT_CONFIRMATION_OK"
9600,10417479005,10417479052,1,"IOTHUB_CLIENT_CONFIRMATION_OK"
9601,10417479205,10417479257,1,"IOTHUB_CLIENT_CONFIRMATION_OK"
9602,10417479405,10417479442,1,"IOTHUB_CLIENT_CONFIRMATION_OK"
9603,10417479606,10417479639,1,"IOTHUB_CLIENT_CONFIRMATION_OK"
9604,10417479806,10417479918,1,"IOTHUB_CLIENT_CONFIRMATION_OK"
9605,10417480006,10417480048,1,"IOTHUB_CLIENT_CONFIRMATION_OK"
9606,10417480206,10417480249,1,"IOTHUB_CLIENT_CONFIRMATION_OK"
9607,10417480406,10417480456,1,"IOTHUB_CLIENT_CONFIRMATION_OK"
9608,10417480606,10417480654,1,"IOTHUB_CLIENT_CONFIRMATION_OK"
9609,10417480806,10417480870,1,"IOTHUB_CLIENT_CONFIRMATION_OK"
9610,10417481007,10417481042,1,"IOTHUB_CLIENT_CONFIRMATION_OK"
9611,10417481207,10417481242,1,"IOTHUB_CLIENT_CONFIRMATION_OK"
9612,10417481407,10417481446,1,"IOTHUB_CLIENT_CONFIRMATION_OK"
9613,10417481607,10417481639,1,"IOTHUB_CLIENT_CONFIRMATION_OK"
9614,10417481807,10417481943,1,"IOTHUB_CLIENT_CONFIRMATION_OK"
9615,10417482007,10417482070,1,"IOTHUB_CLIENT_CONFIRMATION_OK"
9616,10417482208,10417482259,1,"IOTHUB_CLIENT_CONFIRMATION_OK"
9617,10417482408,10417482538,1,"IOTHUB_CLIENT_CONFIRMATION_OK"
9618,10417482608,10417482669,1,"IOTHUB_CLIENT_CONFIRMATION_OK"
9619,10417482808,10417482888,1,"IOTHUB_CLIENT_CONFIRMATION_OK"
9620,10417483008,10417483116,1,"IOTHUB_CLIENT_CONFIRMATION_OK"
9621,10417483208,10417483270,1,"IOTHUB_CLIENT_CONFIRMATION_OK"
9622,10417483408,10417483458,1,"IOTHUB_CLIENT_CONFIRMATION_OK"
9623,10417483609,10417483663,1,"IOTHUB_CLIENT_CONFIRMATION_OK"
9624,10417483809,10417483845,1,"IOTHUB_CLIENT_CONFIRMATION_OK"
9625,10417484009,10417484050,1,"IOTHUB_CLIENT_CONFIRMATION_OK"
9626,10417484209,10417484244,1,"IOTHUB_CLIENT_CONFIRMATION_OK"
9627,10417484409,10417484450,1,"IOTHUB_CLIENT_CONFIRMATION_OK"
9628,10417484609,10417484653,1,"IOTHUB_CLIENT_CONFIRMATION_OK"
9629,10417484809,10417484840,1,"IOTHUB_CLIENT_CONFIRMATION_OK"
9630,10417485010,10417485048,1,"IOTHUB_CLIENT_CONFIRMATION_OK"
9631,10417485210,10417485290,1,"IOTHUB_CLIENT_CONFIRMATION_OK"
9632,10417485410,10417485456,1,"IOTHUB_CLIENT_CONFIRMATION_OK"
9633,10417485610,10417485773,1,"IOTHUB_CLIENT_CONFIRMATION_OK"
9634,10417485810,10417485854,1,"IOTHUB_CLIENT_CONFIRMATION_OK"
9635,10417486010,10417486050,1,"IOTHUB_CLIENT_CONFIRMATION_OK"
9636,10417486211,10417486260,1,"IOTHUB_CLIENT_CONFIRMATION_OK"
9637,10417486411,10417486448,1,"IOTHUB_CLIENT_CONFIRMATION_OK"
9638,10417486611,10417486644,1,"IOTHUB_CLIENT_CONFIRMATION_OK"
9639,10417486811,10417486852,1,"IOTHUB_CLIENT_CONFIRMATION_OK"
9640,10417487011,10417487053,1,"IOTHUB_CLIENT_CONFIRMATION_OK"
9641,10417487211,10417487265,1,"IOTHUB_CLIENT_CONFIRMATION_OK"
9642,10417487411,10417487455,1,"IOTHUB_CLIENT_CONFIRMATION_OK"
9643,10417487612,10417487656,1,"IOTHUB_CLIENT_CONFIRMATION_OK"
9644,10417487812,10417487878,1,"IOTHUB_CLIENT_CONFIRMATION_OK"
9645,10417488012,10417488084,1,"IOTHUB_CLIENT_CONFIRMATION_OK"
9646,10417488212,10417488252,1,"IOTHUB_CLIENT_CONFIRMATION_OK"
9647,10417488412,10417488447,1,"IOTHUB_CLIENT_CONFIRMATION_OK"
9648,10417488612,10417488658,1,"IOTHUB_CLIENT_CONFIRMATION_OK"
9649,10417488812,10417488860,1,"IOTHUB_CLIENT_CONFIRMATION_OK"
9650,10417489013,10417489046,1,"IOTHUB_CLIENT_CONFIRMATION_OK"
9651,10417489213,10417489255,1,"IOTHUB_CLIENT_CONFIRMATION_OK"
9652,10417489413,10417489472,1,"IOTHUB_CLIENT_CONFIRMATION_OK"
9653,10417489613,10417489652,1,"IOTHUB_CLIENT_CONFIRMATION_OK"
9654,10417489813,10417489855,1,"IOTHUB_CLIENT_CONFIRMATION_OK"
9655,10417490013,10417490110,1,"IOTHUB_CLIENT_CONFIRMATION_OK"
9656,10417490213,10417490302,1,"IOTHUB_CLIENT_CONFIRMATION_OK"
9657,10417490414,10417490455,1,"IOTHUB_CLIENT_CONFIRMATION_OK"
9658,10417490614,10417490665,1,"IOTHUB_CLIENT_CONFIRMATION_OK"
9659,10417490814,10417490927,1,"IOTHUB_CLIENT_CONFIRMATION_OK"
9660,10417491014,10417491050,1,"IOTHUB_CLIENT_CONFIRMATION_OK"
9661,10417491214,10417491257,1,"IOTHUB_CLIENT_CONFIRMATION_OK"
9662,10417491414,10417491583,1,"IOTHUB_CLIENT_CONFIRMATION_OK"
9663,10417491615,10417491661,1,"IOTHUB_CLIENT_CONFIRMATION_OK"
9664,10417491815,10417491850,1,"IOTHUB_CLIENT_CONFIRMATION_OK"
9665,10417492015,10417492054,1,"IOTHUB_CLIENT_CONFIRMATION_OK"
9666,10417492215,10417492259,1,"IOTHUB_CLIENT_CONFIRMATION_OK"
9667,10417492415,10417492465,1,"IOTHUB_CLIENT_CONFIRMATION_OK"
9668,10417492615,10417492651,1,"IOTHUB_CLIENT_CONFIRMATION_OK"
9669,10417492815,10417492871,1,"IOTHUB_CLIENT_CONFIRMATION_OK"
9670,10417493016,10417493097,1,"IOTHUB_CLIENT_CONFIRMATION_OK"
9671,10417493216,10417493254,1,"IOTHUB_CLIENT_CONFIRMATION_OK"
9672,10417493416,10417493458,1,"IOTHUB_CLIENT_CONFIRMATION_OK"
9673,10417493616,10417493657,1,"IOTHUB_CLIENT_CONFIRMATION_OK"
9674,10417493816,10417493855,1,"IOTHUB_CLIENT_CONFIRMATION_OK"
9675,10417494016,10417494082,1,"IOTHUB_CLIENT_CONFIRMATION_OK"
9676,10417494216,10417494258,1,"IOTHUB_CLIENT_CONFIRMATION_OK"
9677,10417494417,10417494475,1,"IOTHUB_CLIENT_CONFIRMATION_OK"
9678,10417494617,10417494827,1,"IOTHUB_CLIENT_CONFIRMATION_OK"
9679,10417494817,10417494874,1,"IOTHUB_CLIENT_CONFIRMATION_OK"
9680,10417495017,10417495076,1,"IOTHUB_CLIENT_CONFIRMATION_OK"
9681,10417495217,10417495264,1,"IOTHUB_CLIENT_CONFIRMATION_OK"
9682,10417495417,10417495455,1,"IOTHUB_CLIENT_CONFIRMATION_OK"
9683,10417495617,10417495671,1,"IOTHUB_CLIENT_CONFIRMATION_OK"
9684,10417495818,10417495888,1,"IOTHUB_CLIENT_CONFIRMATION_OK"
9685,10417496018,10417496121,1,"IOTHUB_CLIENT_CONFIRMATION_OK"
9686,10417496218,10417496260,1,"IOTHUB_CLIENT_CONFIRMATION_OK"
9687,10417496418,10417496456,1,"IOTHUB_CLIENT_CONFIRMATION_OK"
9688,10417496618,10417496713,1,"IOTHUB_CLIENT_CONFIRMATION_OK"
9689,10417496819,10417496858,1,"IOTHUB_CLIENT_CONFIRMATION_OK"
9690,10417497019,10417497072,1,"IOTHUB_CLIENT_CONFIRMATION_OK"
9691,10417497219,10417497350,1,"IOTHUB_CLIENT_CONFIRMATION_OK"
9692,10417497419,10417497460,1,"IOTHUB_CLIENT_CONFIRMATION_OK"
9693,10417497619,10417497661,1,"IOTHUB_CLIENT_CONFIRMATION_OK"
9694,10417497819,10417497858,1,"IOTHUB_CLIENT_CONFIRMATION_OK"
9695,10417498020,10417498069,1,"IOTHUB_CLIENT_CONFIRMATION_OK"
9696,10417498220,10417498322,1,"IOTHUB_CLIENT_CONFIRMATION_OK"
9697,10417498420,10417498458,1,"IOTHUB_CLIENT_CONFIRMATION_OK"
9698,10417498620,10417498676,1,"IOTHUB_CLIENT_CONFIRMATION_OK"
9699,10417498820,10417498865,1,"IOTHUB_CLIENT_CONFIRMATION_OK"
9700,10417499020,10417499064,1,"IOTHUB_CLIENT_CONFIRMATION_OK"
9701,10417499220,10417499276,1,"IOTHUB_CLIENT_CONFIRMATION_OK"
9702,10417499421,10417499454,1,"IOTHUB_CLIENT_CONFIRMATION_OK"
9703,10417499621,10417499671,1,"IOTHUB_CLIENT_CONFIRMATION_OK"
9704,10417499821,10417500020,1,"IOTHUB_CLIENT_CONFIRMATION_OK"
9705,10417500021,10417500063,1,"IOTHUB_CLIENT_CONFIRMATION_OK"
9706,10417500221,10417500262,1,"IOTHUB_CLIENT_CONFIRMATION_OK"
9707,10417500421,10417500633,1,"IOTHUB_CLIENT_CONFIRMATION_OK"
9708,10417500621,10417500665,1,"IOTHUB_CLIENT_CONFIRMATION_OK"
9709,10417500822,10417500859,1,"IOTHUB_CLIENT_CONFIRMATION_OK"
9710,10417501022,10417501081,1,"IOTHUB_CLIENT_CONFIRMATION_OK"
9711,10417501222,10417501261,1,"IOTHUB_CLIENT_CONFIRMATION_OK"
9712,10417501422,10417501460,1,"IOTHUB_CLIENT_CONFIRMATION_OK"
9713,10417501622,10417501677,1,"IOTHUB_CLIENT_CONFIRMATION_OK"
9714,10417501822,10417501865,1,"IOTHUB_CLIENT_CONFIRMATION_OK"
9715,10417502022,10417502056,1,"IOTHUB_CLIENT_CONFIRMATION_OK"
9716,10417502223,10417502270,1,"IOTHUB_CLIENT_CONFIRMATION_OK"
9717,10417502423,10417502479,1,"IOTHUB_CLIENT_CONFIRMATION_OK"
9718,10417502623,10417502674,1,"IOTHUB_CLIENT_CONFIRMATION_OK"
9719,10417502823,10417502870,1,"IOTHUB_CLIENT_CONFIRMATION_OK"
9720,10417503023,10417503254,1,"IOTHUB_CLIENT_CONFIRMATION_OK"
9721,10417503223,10417503272,1,"IOTHUB_CLIENT_CONFIRMATION_OK"
9722,10417503423,10417503475,1,"IOTHUB_CLIENT_CONFIRMATION_OK"
9723,10417503624,10417503660,1,"IOTHUB_CLIENT_CONFIRMATION_OK"
9724,10417503824,10417503893,1,"IOTHUB_CLIENT_CONFIRMATION_OK"
9725,10417504024,10417504058,1,"IOTHUB_CLIENT_CONFIRMATION_OK"
9726,10417504224,10417504281,1,"IOTHUB_CLIENT_CONFIRMATION_OK"
9727,10417504424,10417504491,1,"IOTHUB_CLIENT_CONFIRMATION_OK"
9728,10417504624,10417504667,1,"IOTHUB_CLIENT_CONFIRMATION_OK"
9729,10417504825,10417504896,1,"IOTHUB_CLIENT_CONFIRMATION_OK"
9730,10417505025,10417505139,1,"IOTHUB_CLIENT_CONFIRMATION_OK"
9731,10417505225,10417505275,1,"IOTHUB_CLIENT_CONFIRMATION_OK"
9732,10417505425,10417505470,1,"IOTHUB_CLIENT_CONFIRMATION_OK"
9733,10417505625,10417505687,1,"IOTHUB_CLIENT_CONFIRMATION_OK"
9734,10417505825,10417505869,1,"IOTHUB_CLIENT_CONFIRMATION_OK"
9735,10417506025,10417506083,1,"IOTHUB_CLIENT_CONFIRMATION_OK"
9736,10417506226,10417506276,1,"IOTHUB_CLIENT_CONFIRMATION_OK"
9737,10417506426,10417506514,1,"IOTHUB_CLIENT_CONFIRMATION_OK"
9738,10417506626,10417506663,1,"IOTHUB_CLIENT_CONFIRMATION_OK"
9739,10417506826,10417506872,1,"IOTHUB_CLIENT_CONFIRMATION_OK"
9740,10417507026,10417507114,1,"IOTHUB_CLIENT_CONFIRMATION_OK"
9741,10417507226,10417507312,1,"IOTHUB_CLIENT_CONFIRMATION_OK"
9742,10417507427,10417507472,1,"IOTHUB_CLIENT_CONFIRMATION_OK"
9743,10417507627,10417507815,1,"IOTHUB_CLIENT_CONFIRMATION_OK"
9744,10417507827,10417507863,1,"IOTHUB_CLIENT_CONFIRMATION_OK"
9745,10417508027,10417508068,1,"IOTHUB_CLIENT_CONFIRMATION_OK"
9746,10417508227,10417508348,1,"IOTHUB_CLIENT_CONFIRMATION_OK"
9747,10417508427,10417508468,1,"IOTHUB_CLIENT_CONFIRMATION_OK"
9748,10417508627,10417508669,1,"IOTHUB_CLIENT_CONFIRMATION_OK"
9749,10417508828,10417508986,1,"IOTHUB_CLIENT_CONFIRMATION_OK"
9750,10417509028,10417509070,1,"IOTHUB_CLIENT_CONFIRMATION_OK"
9751,10417509228,10417509266,1,"IOTHUB_CLIENT_CONFIRMATION_OK"
9752,10417509428,10417509471,1,"IOTHUB_CLIENT_CONFIRMATION_OK"
9753,10417509628,10417509728,1,"IOTHUB_CLIENT_CONFIRMATION_OK"
9754,10417509828,10417509867,1,"IOTHUB_CLIENT_CONFIRMATION_OK"
9755,10417510029,10417510122,1,"IOTHUB_CLIENT_CONFIRMATION_OK"
9756,10417510229,10417510264,1,"IOTHUB_CLIENT_CONFIRMATION_OK"
9757,10417510429,10417510467,1,"IOTHUB_CLIENT_CONFIRMATION_OK"
9758,10417510629,10417510669,1,"IOTHUB_CLIENT_CONFIRMATION_OK"
9759,10417510829,10417510874,1,"IOTHUB_CLIENT_CONFIRMATION_OK"
9760,10417511029,10417511197,1,"IOTHUB_CLIENT_CONFIRMATION_OK"
9761,10417511229,10417511262,1,"IOTHUB_CLIENT_CONFIRMATION_OK"
9762,10417511430,10417511580,1,"IOTHUB_CLIENT_CONFIRMATION_OK"
9763,10417511630,10417511700,1,"IOTHUB_CLIENT_CONFIRMATION_OK"
9764,10417511830,10417511932,1,"IOTHUB_CLIENT_CONFIRMATION_OK"
9765,10417512030,10417512075,1,"IOTHUB_CLIENT_CONFIRMATION_OK"
9766,10417512230,10417512264,1,"IOTHUB_CLIENT_CONFIRMATION_OK"
9767,10417512430,10417512468,1,"IOTHUB_CLIENT_CONFIRMATION_OK"
9768,10417512631,10417512665,1,"IOTHUB_CLIENT_CONFIRMATION_OK"
9769,10417512831,10417512866,1,"IOTHUB_CLIENT_CONFIRMATION_OK"
9770,10417513031,10417513091,1,"IOTHUB_CLIENT_CONFIRMATION_OK"
9771,10417513231,10417513271,1,"IOTHUB_CLIENT_CONFIRMATION_OK"
9772,10417513431,10417513469,1,"IOTHUB_CLIENT_CONFIRMATION_OK"
9773,10417513631,10417513680,1,"IOTHUB_CLIENT_CONFIRMATION_OK"
9774,10417513832,10417513946,1,"IOTHUB_CLIENT_CONFIRMATION_OK"
9775,10417514032,10417514067,1,"IOTHUB_CLIENT_CONFIRMATION_OK"
9776,10417514232,10417514267,1,"IOTHUB_CLIENT_CONFIRMATION_OK"
9777,10417514432,10417514519,1,"IOTHUB_CLIENT_CONFIRMATION_OK"
9778,10417514632,10417514838,1,"IOTHUB_CLIENT_CONFIRMATION_OK"
9779,10417514832,10417514871,1,"IOTHUB_CLIENT_CONFIRMATION_OK"
9780,10417515032,10417515083,1,"IOTHUB_CLIENT_CONFIRMATION_OK"
9781,10417515233,10417515265,1,"IOTHUB_CLIENT_CONFIRMATION_OK"
9782,10417515433,10417515478,1,"IOTHUB_CLIENT_CONFIRMATION_OK"
9783,10417515633,10417515674,1,"IOTHUB_CLIENT_CONFIRMATION_OK"
9784,10417515833,10417515922,1,"IOTHUB_CLIENT_CONFIRMATION_OK"
9785,10417516033,10417516070,1,"IOTHUB_CLIENT_CONFIRMATION_OK"
9786,10417516233,10417516283,1,"IOTHUB_CLIENT_CONFIRMATION_OK"
9787,10417516433,10417516498,1,"IOTHUB_CLIENT_CONFIRMATION_OK"
9788,10417516634,10417516674,1,"IOTHUB_CLIENT_CONFIRMATION_OK"
9789,10417516834,10417516897,1,"IOTHUB_CLIENT_CONFIRMATION_OK"
9790,10417517034,10417517072,1,"IOTHUB_CLIENT_CONFIRMATION_OK"
9791,10417517234,10417517338,1,"IOTHUB_CLIENT_CONFIRMATION_OK"
9792,10417517434,10417517494,1,"IOTHUB_CLIENT_CONFIRMATION_OK"
9793,10417517635,10417517684,1,"IOTHUB_CLIENT_CONFIRMATION_OK"
9794,10417517835,10417517882,1,"IOTHUB_CLIENT_CONFIRMATION_OK"
9795,10417518035,10417518077,1,"IOTHUB_CLIENT_CONFIRMATION_OK"
9796,10417518235,10417518283,1,"IOTHUB_CLIENT_CONFIRMATION_OK"
9797,10417518435,10417518470,1,"IOTHUB_CLIENT_CONFIRMATION_OK"
9798,10417518635,10417518674,1,"IOTHUB_CLIENT_CONFIRMATION_OK"
9799,10417518835,10417518876,1,"IOTHUB_CLIENT_CONFIRMATION_OK"
9800,10417519036,10417519084,1,"IOTHUB_CLIENT_CONFIRMATION_OK"
9801,10417519236,10417519364,1,"IOTHUB_CLIENT_CONFIRMATION_OK"
9802,10417519436,10417519472,1,"IOTHUB_CLIENT_CONFIRMATION_OK"
9803,10417519636,10417519672,1,"IOTHUB_CLIENT_CONFIRMATION_OK"
9804,10417519836,10417520074,1,"IOTHUB_CLIENT_CONFIRMATION_OK"
9805,10417520036,10417520123,1,"IOTHUB_CLIENT_CONFIRMATION_OK"
9806,10417520237,10417520271,1,"IOTHUB_CLIENT_CONFIRMATION_OK"
9807,10417520437,10417520556,1,"IOTHUB_CLIENT_CONFIRMATION_OK"
9808,10417520637,10417520696,1,"IOTHUB_CLIENT_CONFIRMATION_OK"
9809,10417520837,10417520876,1,"IOTHUB_CLIENT_CONFIRMATION_OK"
9810,10417521037,10417521084,1,"IOTHUB_CLIENT_CONFIRMATION_OK"
9811,10417521237,10417521286,1,"IOTHUB_CLIENT_CONFIRMATION_OK"
9812,10417521437,10417521481,1,"IOTHUB_CLIENT_CONFIRMATION_OK"
9813,10417521638,10417521694,1,"IOTHUB_CLIENT_CONFIRMATION_OK"
9814,10417521838,10417521888,1,"IOTHUB_CLIENT_CONFIRMATION_OK"
9815,10417522038,10417522085,1,"IOTHUB_CLIENT_CONFIRMATION_OK"
9816,10417522238,10417522272,1,"IOTHUB_CLIENT_CONFIRMATION_OK"
9817,10417522438,10417522477,1,"IOTHUB_CLIENT_CONFIRMATION_OK"
9818,10417522638,10417522681,1,"IOTHUB_CLIENT_CONFIRMATION_OK"
9819,10417522838,10417523014,1,"IOTHUB_CLIENT_CONFIRMATION_OK"
9820,10417523039,10417523265,1,"IOTHUB_CLIENT_CONFIRMATION_OK"
9821,10417523239,10417523281,1,"IOTHUB_CLIENT_CONFIRMATION_OK"
9822,10417523439,10417523481,1,"IOTHUB_CLIENT_CONFIRMATION_OK"
9823,10417523639,10417523753,1,"IOTHUB_CLIENT_CONFIRMATION_OK"
9824,10417523839,10417523879,1,"IOTHUB_CLIENT_CONFIRMATION_OK"
9825,10417524040,10417524076,1,"IOTHUB_CLIENT_CONFIRMATION_OK"
9826,10417524240,10417524279,1,"IOTHUB_CLIENT_CONFIRMATION_OK"
9827,10417524440,10417524492,1,"IOTHUB_CLIENT_CONFIRMATION_OK"
9828,10417524640,10417524707,1,"IOTHUB_CLIENT_CONFIRMATION_OK"
9829,10417524840,10417524888,1,"IOTHUB_CLIENT_CONFIRMATION_OK"
9830,10417525040,10417525098,1,"IOTHUB_CLIENT_CONFIRMATION_OK"
9831,10417525241,10417525289,1,"IOTHUB_CLIENT_CONFIRMATION_OK"
9832,10417525441,10417525481,1,"IOTHUB_CLIENT_CONFIRMATION_OK"
9833,10417525641,10417525706,1,"IOTHUB_CLIENT_CONFIRMATION_OK"
9834,10417525841,10417525882,1,"IOTHUB_CLIENT_CONFIRMATION_OK"
9835,10417526041,10417526079,1,"IOTHUB_CLIENT_CONFIRMATION_OK"
9836,10417526241,10417526277,1,"IOTHUB_CLIENT_CONFIRMATION_OK"
9837,10417526442,10417526483,1,"IOTHUB_CLIENT_CONFIRMATION_OK"
9838,10417526642,10417526680,1,"IOTHUB_CLIENT_CONFIRMATION_OK"
9839,10417526842,10417526881,1,"IOTHUB_CLIENT_CONFIRMATION_OK"
9840,10417527042,10417527082,1,"IOTHUB_CLIENT_CONFIRMATION_OK"
9841,10417527242,10417527305,1,"IOTHUB_CLIENT_CONFIRMATION_OK"
9842,10417527442,10417527480,1,"IOTHUB_CLIENT_CONFIRMATION_OK"
9843,10417527642,10417527745,1,"IOTHUB_CLIENT_CONFIRMATION_OK"
9844,10417527843,10417527878,1,"IOTHUB_CLIENT_CONFIRMATION_OK"
9845,10417528043,10417528107,1,"IOTHUB_CLIENT_CONFIRMATION_OK"
9846,10417528243,10417528372,1,"IOTHUB_CLIENT_CONFIRMATION_OK"
9847,10417528443,10417528481,1,"IOTHUB_CLIENT_CONFIRMATION_OK"
9848,10417528643,10417528695,1,"IOTHUB_CLIENT_CONFIRMATION_OK"
9849,10417528843,10417528989,1,"IOTHUB_CLIENT_CONFIRMATION_OK"
9850,10417529044,10417529111,1,"IOTHUB_CLIENT_CONFIRMATION_OK"
9851,10417529244,10417529286,1,"IOTHUB_CLIENT_CONFIRMATION_OK"
9852,10417529444,10417529486,1,"IOTHUB_CLIENT_CONFIRMATION_OK"
9853,10417529644,10417529716,1,"IOTHUB_CLIENT_CONFIRMATION_OK"
9854,10417529844,10417529880,1,"IOTHUB_CLIENT_CONFIRMATION_OK"
9855,10417530044,10417530081,1,"IOTHUB_CLIENT_CONFIRMATION_OK"
9856,10417530244,10417530288,1,"IOTHUB_CLIENT_CONFIRMATION_OK"
9857,10417530445,10417530556,1,"IOTHUB_CLIENT_CONFIRMATION_OK"
9858,10417530645,10417530686,1,"IOTHUB_CLIENT_CONFIRMATION_OK"
9859,10417530845,10417530877,1,"IOTHUB_CLIENT_CONFIRMATION_OK"
9860,10417531045,10417531086,1,"IOTHUB_CLIENT_CONFIRMATION_OK"
9861,10417531245,10417531362,1,"IOTHUB_CLIENT_CONFIRMATION_OK"
9862,10417531445,10417531490,1,"IOTHUB_CLIENT_CONFIRMATION_OK"
9863,10417531646,10417531687,1,"IOTHUB_CLIENT_CONFIRMATION_OK"
9864,10417531846,10417531898,1,"IOTHUB_CLIENT_CONFIRMATION_OK"
9865,10417532046,10417532090,1,"IOTHUB_CLIENT_CONFIRMATION_OK"
9866,10417532246,10417532297,1,"IOTHUB_CLIENT_CONFIRMATION_OK"
9867,10417532446,10417532487,1,"IOTHUB_CLIENT_CONFIRMATION_OK"
9868,10417532646,10417532742,1,"IOTHUB_CLIENT_CONFIRMATION_OK"
9869,10417532846,10417532909,1,"IOTHUB_CLIENT_CONFIRMATION_OK"
9870,10417533047,10417533092,1,"IOTHUB_CLIENT_CONFIRMATION_OK"
9871,10417533247,10417533282,1,"IOTHUB_CLIENT_CONFIRMATION_OK"
9872,10417533447,10417533535,1,"IOTHUB_CLIENT_CONFIRMATION_OK"
9873,10417533647,10417533683,1,"IOTHUB_CLIENT_CONFIRMATION_OK"
9874,10417533847,10417533901,1,"IOTHUB_CLIENT_CONFIRMATION_OK"
9875,10417534047,10417534209,1,"IOTHUB_CLIENT_CONFIRMATION_OK"
9876,10417534248,10417534309,1,"IOTHUB_CLIENT_CONFIRMATION_OK"
9877,10417534448,10417534490,1,"IOTHUB_CLIENT_CONFIRMATION_OK"
9878,10417534648,10417534847,1,"IOTHUB_CLIENT_CONFIRMATION_OK"
9879,10417534848,10417534902,1,"IOTHUB_CLIENT_CONFIRMATION_OK"
9880,10417535048,10417535093,1,"IOTHUB_CLIENT_CONFIRMATION_OK"
9881,10417535248,10417535291,1,"IOTHUB_CLIENT_CONFIRMATION_OK"
9882,10417535448,10417535485,1,"IOTHUB_CLIENT_CONFIRMATION_OK"
9883,10417535649,10417535697,1,"IOTHUB_CLIENT_CONFIRMATION_OK"
9884,10417535849,10417535894,1,"IOTHUB_CLIENT_CONFIRMATION_OK"
9885,10417536049,10417536091,1,"IOTHUB_CLIENT_CONFIRMATION_OK"
9886,10417536249,10417536286,1,"IOTHUB_CLIENT_CONFIRMATION_OK"
9887,10417536449,10417536492,1,"IOTHUB_CLIENT_CONFIRMATION_OK"
9888,10417536649,10417536712,1,"IOTHUB_CLIENT_CONFIRMATION_OK"
9889,10417536850,10417536971,1,"IOTHUB_CLIENT_CONFIRMATION_OK"
9890,10417537050,10417537092,1,"IOTHUB_CLIENT_CONFIRMATION_OK"
9891,10417537250,10417537313,1,"IOTHUB_CLIENT_CONFIRMATION_OK"
9892,10417537450,10417537507,1,"IOTHUB_CLIENT_CONFIRMATION_OK"
9893,10417537650,10417537708,1,"IOTHUB_CLIENT_CONFIRMATION_OK"
9894,10417537850,10417537898,1,"IOTHUB_CLIENT_CONFIRMATION_OK"
9895,10417538050,10417538096,1,"IOTHUB_CLIENT_CONFIRMATION_OK"
9896,10417538251,10417538291,1,"IOTHUB_CLIENT_CONFIRMATION_OK"
9897,10417538451,10417538504,1,"IOTHUB_CLIENT_CONFIRMATION_OK"
9898,10417538651,10417538711,1,"IOTHUB_CLIENT_CONFIRMATION_OK"
9899,10417538851,10417538887,1,"IOTHUB_CLIENT_CONFIRMATION_OK"
9900,10417539051,10417539090,1,"IOTHUB_CLIENT_CONFIRMATION_OK"
9901,10417539251,10417539319,1,"IOTHUB_CLIENT_CONFIRMATION_OK"
9902,10417539452,10417539495,1,"IOTHUB_CLIENT_CONFIRMATION_OK"
9903,10417539652,10417539687,1,"IOTHUB_CLIENT_CONFIRMATION_OK"
9904,10417539852,10417539932,1,"IOTHUB_CLIENT_CONFIRMATION_OK"
9905,10417540052,10417540198,1,"IOTHUB_CLIENT_CONFIRMATION_OK"
9906,10417540252,10417540296,1,"IOTHUB_CLIENT_CONFIRMATION_OK"
9907,10417540452,10417540567,1,"IOTHUB_CLIENT_CONFIRMATION_OK"
9908,10417540652,10417540691,1,"IOTHUB_CLIENT_CONFIRMATION_OK"
9909,10417540853,10417540902,1,"IOTHUB_CLIENT_CONFIRMATION_OK"
9910,10417541053,10417541101,1,"IOTHUB_CLIENT_CONFIRMATION_OK"
9911,10417541253,10417541291,1,"IOTHUB_CLIENT_CONFIRMATION_OK"
9912,10417541453,10417541498,1,"IOTHUB_CLIENT_CONFIRMATION_OK"
9913,10417541653,10417541820,1,"IOTHUB_CLIENT_CONFIRMATION_OK"
9914,10417541853,10417541896,1,"IOTHUB_CLIENT_CONFIRMATION_OK"
9915,10417542054,10417542089,1,"IOTHUB_CLIENT_CONFIRMATION_OK"
9916,10417542254,10417542287,1,"IOTHUB_CLIENT_CONFIRMATION_OK"
9917,10417542454,10417542505,1,"IOTHUB_CLIENT_CONFIRMATION_OK"
9918,10417542654,10417542709,1,"IOTHUB_CLIENT_CONFIRMATION_OK"
9919,10417542854,10417542910,1,"IOTHUB_CLIENT_CONFIRMATION_OK"
9920,10417543054,10417543119,1,"IOTHUB_CLIENT_CONFIRMATION_OK"
9921,10417543254,10417543316,1,"IOTHUB_CLIENT_CONFIRMATION_OK"
9922,10417543455,10417543497,1,"IOTHUB_CLIENT_CONFIRMATION_OK"
9923,10417543655,10417543692,1,"IOTHUB_CLIENT_CONFIRMATION_OK"
9924,10417543855,10417543902,1,"IOTHUB_CLIENT_CONFIRMATION_OK"
9925,10417544055,10417544101,1,"IOTHUB_CLIENT_CONFIRMATION_OK"
9926,10417544255,10417544305,1,"IOTHUB_CLIENT_CONFIRMATION_OK"
9927,10417544455,10417544559,1,"IOTHUB_CLIENT_CONFIRMATION_OK"
9928,10417544656,10417544696,1,"IOTHUB_CLIENT_CONFIRMATION_OK"
9929,10417544856,10417544901,1,"IOTHUB_CLIENT_CONFIRMATION_OK"
9930,10417545056,10417545205,1,"IOTHUB_CLIENT_CONFIRMATION_OK"
9931,10417545256,10417545294,1,"IOTHUB_CLIENT_CONFIRMATION_OK"
9932,10417545456,10417545500,1,"IOTHUB_CLIENT_CONFIRMATION_OK"
9933,10417545656,10417545767,1,"IOTHUB_CLIENT_CONFIRMATION_OK"
9934,10417545857,10417545895,1,"IOTHUB_CLIENT_CONFIRMATION_OK"
9935,10417546057,10417546105,1,"IOTHUB_CLIENT_CONFIRMATION_OK"
9936,10417546257,10417546295,1,"IOTHUB_CLIENT_CONFIRMATION_OK"
9937,10417546457,10417546500,1,"IOTHUB_CLIENT_CONFIRMATION_OK"
9938,10417546657,10417546711,1,"IOTHUB_CLIENT_CONFIRMATION_OK"
9939,10417546857,10417546902,1,"IOTHUB_CLIENT_CONFIRMATION_OK"
9940,10417547057,10417547113,1,"IOTHUB_CLIENT_CONFIRMATION_OK"
9941,10417547258,10417547296,1,"IOTHUB_CLIENT_CONFIRMATION_OK"
9942,10417547458,10417547508,1,"IOTHUB_CLIENT_CONFIRMATION_OK"
9943,10417547658,10417547711,1,"IOTHUB_CLIENT_CONFIRMATION_OK"
9944,10417547858,10417547895,1,"IOTHUB_CLIENT_CONFIRMATION_OK"
9945,10417548058,10417548102,1,"IOTHUB_CLIENT_CONFIRMATION_OK"
9946,10417548258,10417548305,1,"IOTHUB_CLIENT_CONFIRMATION_OK"
9947,10417548459,10417548555,1,"IOTHUB_CLIENT_CONFIRMATION_OK"
9948,10417548659,10417548696,1,"IOTHUB_CLIENT_CONFIRMATION_OK"
9949,10417548859,10417549007,1,"IOTHUB_CLIENT_CONFIRMATION_OK"
9950,10417549059,10417549110,1,"IOTHUB_CLIENT_CONFIRMATION_OK"
9951,10417549259,10417549302,1,"IOTHUB_CLIENT_CONFIRMATION_OK"
9952,10417549459,10417549492,1,"IOTHUB_CLIENT_CONFIRMATION_OK"
9953,10417549660,10417549695,1,"IOTHUB_CLIENT_CONFIRMATION_OK"
9954,10417549860,10417549903,1,"IOTHUB_CLIENT_CONFIRMATION_OK"
9955,10417550060,10417550097,1,"IOTHUB_CLIENT_CONFIRMATION_OK"
9956,10417550260,10417550307,1,"IOTHUB_CLIENT_CONFIRMATION_OK"
9957,10417550460,10417550517,1,"IOTHUB_CLIENT_CONFIRMATION_OK"
9958,10417550660,10417550700,1,"IOTHUB_CLIENT_CONFIRMATION_OK"
9959,10417550860,10417550898,1,"IOTHUB_CLIENT_CONFIRMATION_OK"
9960,10417551061,10417551149,1,"IOTHUB_CLIENT_CONFIRMATION_OK"
9961,10417551261,10417551299,1,"IOTHUB_CLIENT_CONFIRMATION_OK"
9962,10417551461,10417551645,1,"IOTHUB_CLIENT_CONFIRMATION_OK"
9963,10417551661,10417551703,1,"IOTHUB_CLIENT_CONFIRMATION_OK"
9964,10417551861,10417551902,1,"IOTHUB_CLIENT_CONFIRMATION_OK"
9965,10417552061,10417552098,1,"IOTHUB_CLIENT_CONFIRMATION_OK"
9966,10417552262,10417552347,1,"IOTHUB_CLIENT_CONFIRMATION_OK"
9967,10417552462,10417552548,1,"IOTHUB_CLIENT_CONFIRMATION_OK"
9968,10417552662,10417552700,1,"IOTHUB_CLIENT_CONFIRMATION_OK"
9969,10417552862,10417552933,1,"IOTHUB_CLIENT_CONFIRMATION_OK"
9970,10417553062,10417553123,1,"IOTHUB_CLIENT_CONFIRMATION_OK"
9971,10417553262,10417553306,1,"IOTHUB_CLIENT_CONFIRMATION_OK"
9972,10417553462,10417553555,1,"IOTHUB_CLIENT_CONFIRMATION_OK"
9973,10417553663,10417553724,1,"IOTHUB_CLIENT_CONFIRMATION_OK"
9974,10417553863,10417553914,1,"IOTHUB_CLIENT_CONFIRMATION_OK"
9975,10417554063,10417554182,1,"IOTHUB_CLIENT_CONFIRMATION_OK"
9976,10417554263,10417554297,1,"IOTHUB_CLIENT_CONFIRMATION_OK"
9977,10417554463,10417554500,1,"IOTHUB_CLIENT_CONFIRMATION_OK"
9978,10417554663,10417554865,1,"IOTHUB_CLIENT_CONFIRMATION_OK"
9979,10417554864,10417554942,1,"IOTHUB_CLIENT_CONFIRMATION_OK"
9980,10417555064,10417555107,1,"IOTHUB_CLIENT_CONFIRMATION_OK"
9981,10417555264,10417555302,1,"IOTHUB_CLIENT_CONFIRMATION_OK"
9982,10417555464,10417555512,1,"IOTHUB_CLIENT_CONFIRMATION_OK"
9983,10417555664,10417555727,1,"IOTHUB_CLIENT_CONFIRMATION_OK"
9984,10417555864,10417555904,1,"IOTHUB_CLIENT_CONFIRMATION_OK"
9985,10417556065,10417556137,1,"IOTHUB_CLIENT_CONFIRMATION_OK"
9986,10417556265,10417556319,1,"IOTHUB_CLIENT_CONFIRMATION_OK"
9987,10417556465,10417556511,1,"IOTHUB_CLIENT_CONFIRMATION_OK"
9988,10417556665,10417556739,1,"IOTHUB_CLIENT_CONFIRMATION_OK"
9989,10417556865,10417556936,1,"IOTHUB_CLIENT_CONFIRMATION_OK"
9990,10417557065,10417557102,1,"IOTHUB_CLIENT_CONFIRMATION_OK"
9991,10417557265,10417557582,1,"IOTHUB_CLIENT_CONFIRMATION_OK"
9992,10417557466,10417557618,1,"IOTHUB_CLIENT_CONFIRMATION_OK"
9993,10417557666,10417557708,1,"IOTHUB_CLIENT_CONFIRMATION_OK"
9994,10417557866,10417557932,1,"IOTHUB_CLIENT_CONFIRMATION_OK"
9995,10417558066,10417558127,1,"IOTHUB_CLIENT_CONFIRMATION_OK"
9996,10417558266,10417558311,1,"IOTHUB_CLIENT_CONFIRMATION_OK"
9997,10417558466,10417558530,1,"IOTHUB_CLIENT_CONFIRMATION_OK"
9998,10417558667,10417558746,1,"IOTHUB_CLIENT_CONFIRMATION_OK"
9999,10417558867,10417558912,1,"IOTHUB_CLIENT_CONFIRMATION_OK"
10000,10417559067,10417559110,1,"IOTHUB_CLIENT_CONFIRMATION_OK"
10001,10417559267,10417559357,1,"IOTHUB_CLIENT_CONFIRMATION_OK"
10002,10417559467,10417559506,1,"IOTHUB_CLIENT_CONFIRMATION_OK"
10003,10417559667,10417559703,1,"IOTHUB_CLIENT_CONFIRMATION_OK"
10004,10417559868,10417559968,1,"IOTHUB_CLIENT_CONFIRMATION_OK"
10005,10417560068,10417560114,1,"IOTHUB_CLIENT_CONFIRMATION_OK"
10006,10417560268,10417560319,1,"IOTHUB_CLIENT_CONFIRMATION_OK"
10007,10417560468,10417560591,1,"IOTHUB_CLIENT_CONFIRMATION_OK"
10008,10417560668,10417560712,1,"IOTHUB_CLIENT_CONFIRMATION_OK"
10009,10417560868,10417560909,1,"IOTHUB_CLIENT_CONFIRMATION_OK"
10010,10417561068,10417561107,1,"IOTHUB_CLIENT_CONFIRMATION_OK"
10011,10417561269,10417561316,1,"IOTHUB_CLIENT_CONFIRMATION_OK"
10012,10417561469,10417561595,1,"IOTHUB_CLIENT_CONFIRMATION_OK"
10013,10417561669,10417561710,1,"IOTHUB_CLIENT_CONFIRMATION_OK"
10014,10417561869,10417561905,1,"IOTHUB_CLIENT_CONFIRMATION_OK"
10015,10417562069,10417562131,1,"IOTHUB_CLIENT_CONFIRMATION_OK"
10016,10417562269,10417562315,1,"IOTHUB_CLIENT_CONFIRMATION_OK"
10017,10417562470,10417562504,1,"IOTHUB_CLIENT_CONFIRMATION_OK"
10018,10417562670,10417562708,1,"IOTHUB_CLIENT_CONFIRMATION_OK"
10019,10417562870,10417562959,1,"IOTHUB_CLIENT_CONFIRMATION_OK"
10020,10417563070,10417563244,1,"IOTHUB_CLIENT_CONFIRMATION_OK"
10021,10417563270,10417563308,1,"IOTHUB_CLIENT_CONFIRMATION_OK"
10022,10417563470,10417563514,1,"IOTHUB_CLIENT_CONFIRMATION_OK"
10023,10417563670,10417563743,1,"IOTHUB_CLIENT_CONFIRMATION_OK"
10024,10417563871,10417563915,1,"IOTHUB_CLIENT_CONFIRMATION_OK"
10025,10417564071,10417564115,1,"IOTHUB_CLIENT_CONFIRMATION_OK"
10026,10417564271,10417564361,1,"IOTHUB_CLIENT_CONFIRMATION_OK"
10027,10417564471,10417564512,1,"IOTHUB_CLIENT_CONFIRMATION_OK"
10028,10417564671,10417564713,1,"IOTHUB_CLIENT_CONFIRMATION_OK"
10029,10417564871,10417564912,1,"IOTHUB_CLIENT_CONFIRMATION_OK"
10030,10417565072,10417565140,1,"IOTHUB_CLIENT_CONFIRMATION_OK"
10031,10417565272,10417565332,1,"IOTHUB_CLIENT_CONFIRMATION_OK"
10032,10417565472,10417565512,1,"IOTHUB_CLIENT_CONFIRMATION_OK"
10033,10417565672,10417565713,1,"IOTHUB_CLIENT_CONFIRMATION_OK"
10034,10417565872,10417565912,1,"IOTHUB_CLIENT_CONFIRMATION_OK"
10035,10417566072,10417566117,1,"IOTHUB_CLIENT_CONFIRMATION_OK"
10036,10417566272,10417566326,1,"IOTHUB_CLIENT_CONFIRMATION_OK"
10037,10417566473,10417566520,1,"IOTHUB_CLIENT_CONFIRMATION_OK"
10038,10417566673,10417566710,1,"IOTHUB_CLIENT_CONFIRMATION_OK"
10039,10417566873,10417567016,1,"IOTHUB_CLIENT_CONFIRMATION_OK"
10040,10417567073,10417567239,1,"IOTHUB_CLIENT_CONFIRMATION_OK"
10041,10417567273,10417567307,1,"IOTHUB_CLIENT_CONFIRMATION_OK"
10042,10417567473,10417567504,1,"IOTHUB_CLIENT_CONFIRMATION_OK"
10043,10417567674,10417567727,1,"IOTHUB_CLIENT_CONFIRMATION_OK"
10044,10417567874,10417567917,1,"IOTHUB_CLIENT_CONFIRMATION_OK"
10045,10417568074,10417568113,1,"IOTHUB_CLIENT_CONFIRMATION_OK"
10046,10417568274,10417568342,1,"IOTHUB_CLIENT_CONFIRMATION_OK"
10047,10417568474,10417568525,1,"IOTHUB_CLIENT_CONFIRMATION_OK"
10048,10417568674,10417568734,1,"IOTHUB_CLIENT_CONFIRMATION_OK"
10049,10417568874,10417569069,1,"IOTHUB_CLIENT_CONFIRMATION_OK"
10050,10417569075,10417569123,1,"IOTHUB_CLIENT_CONFIRMATION_OK"
10051,10417569275,10417569336,1,"IOTHUB_CLIENT_CONFIRMATION_OK"
10052,10417569475,10417569512,1,"IOTHUB_CLIENT_CONFIRMATION_OK"
10053,10417569675,10417569731,1,"IOTHUB_CLIENT_CONFIRMATION_OK"
10054,10417569875,10417569923,1,"IOTHUB_CLIENT_CONFIRMATION_OK"
10055,10417570075,10417570136,1,"IOTHUB_CLIENT_CONFIRMATION_OK"
10056,10417570276,10417570318,1,"IOTHUB_CLIENT_CONFIRMATION_OK"
10057,10417570476,10417570522,1,"IOTHUB_CLIENT_CONFIRMATION_OK"
10058,10417570676,10417570720,1,"IOTHUB_CLIENT_CONFIRMATION_OK"
10059,10417570876,10417570927,1,"IOTHUB_CLIENT_CONFIRMATION_OK"
10060,10417571076,10417571206,1,"IOTHUB_CLIENT_CONFIRMATION_OK"
10061,10417571276,10417571319,1,"IOTHUB_CLIENT_CONFIRMATION_OK"
10062,10417571476,10417571520,1,"IOTHUB_CLIENT_CONFIRMATION_OK"
10063,10417571677,10417571716,1,"IOTHUB_CLIENT_CONFIRMATION_OK"
10064,10417571877,10417571929,1,"IOTHUB_CLIENT_CONFIRMATION_OK"
10065,10417572077,10417572116,1,"IOTHUB_CLIENT_CONFIRMATION_OK"
10066,10417572277,10417572316,1,"IOTHUB_CLIENT_CONFIRMATION_OK"
10067,10417572477,10417572549,1,"IOTHUB_CLIENT_CONFIRMATION_OK"
10068,10417572677,10417572727,1,"IOTHUB_CLIENT_CONFIRMATION_OK"
10069,10417572878,10417572933,1,"IOTHUB_CLIENT_CONFIRMATION_OK"
10070,10417573078,10417573114,1,"IOTHUB_CLIENT_CONFIRMATION_OK"
10071,10417573278,10417573325,1,"IOTHUB_CLIENT_CONFIRMATION_OK"
10072,10417573478,10417573611,1,"IOTHUB_CLIENT_CONFIRMATION_OK"
10073,10417573678,10417573720,1,"IOTHUB_CLIENT_CONFIRMATION_OK"
10074,10417573878,10417573928,1,"IOTHUB_CLIENT_CONFIRMATION_OK"
10075,10417574079,10417574212,1,"IOTHUB_CLIENT_CONFIRMATION_OK"
10076,10417574279,10417574314,1,"IOTHUB_CLIENT_CONFIRMATION_OK"
10077,10417574479,10417574518,1,"IOTHUB_CLIENT_CONFIRMATION_OK"
10078,10417574679,10417574831,1,"IOTHUB_CLIENT_CONFIRMATION_OK"
10079,10417574879,10417574931,1,"IOTHUB_CLIENT_CONFIRMATION_OK"
10080,10417575079,10417575117,1,"IOTHUB_CLIENT_CONFIRMATION_OK"
10081,10417575279,10417575335,1,"IOTHUB_CLIENT_CONFIRMATION_OK"
10082,10417575480,10417575518,1,"IOTHUB_CLIENT_CONFIRMATION_OK"
10083,10417575680,10417575723,1,"IOTHUB_CLIENT_CONFIRMATION_OK"
10084,10417575880,10417575917,1,"IOTHUB_CLIENT_CONFIRMATION_OK"
10085,10417576080,10417576123,1,"IOTHUB_CLIENT_CONFIRMATION_OK"
10086,10417576280,10417576333,1,"IOTHUB_CLIENT_CONFIRMATION_OK"
10087,10417576480,10417576541,1,"IOTHUB_CLIENT_CONFIRMATION_OK"
10088,10417576681,10417576722,1,"IOTHUB_CLIENT_CONFIRMATION_OK"
10089,10417576881,10417576930,1,"IOTHUB_CLIENT_CONFIRMATION_OK"
10090,10417577081,10417577123,1,"IOTHUB_CLIENT_CONFIRMATION_OK"
10091,10417577281,10417577325,1,"IOTHUB_CLIENT_CONFIRMATION_OK"
10092,10417577481,10417577525,1,"IOTHUB_CLIENT_CONFIRMATION_OK"
10093,10417577681,10417577717,1,"IOTHUB_CLIENT_CONFIRMATION_OK"
10094,10417577882,10417577921,1,"IOTHUB_CLIENT_CONFIRMATION_OK"
10095,10417578082,10417578128,1,"IOTHUB_CLIENT_CONFIRMATION_OK"
10096,10417578282,10417578324,1,"IOTHUB_CLIENT_CONFIRMATION_OK"
10097,10417578482,10417578589,1,"IOTHUB_CLIENT_CONFIRMATION_OK"
10098,10417578682,10417578748,1,"IOTHUB_CLIENT_CONFIRMATION_OK"
10099,10417578882,10417578929,1,"IOTHUB_CLIENT_CONFIRMATION_OK"
10100,10417579082,10417579127,1,"IOTHUB_CLIENT_CONFIRMATION_OK"
10101,10417579283,10417579374,1,"IOTHUB_CLIENT_CONFIRMATION_OK"
10102,10417579483,10417579521,1,"IOTHUB_CLIENT_CONFIRMATION_OK"
10103,10417579683,10417579727,1,"IOTHUB_CLIENT_CONFIRMATION_OK"
10104,10417579883,10417579968,1,"IOTHUB_CLIENT_CONFIRMATION_OK"
10105,10417580083,10417580119,1,"IOTHUB_CLIENT_CONFIRMATION_OK"
10106,10417580283,10417580332,1,"IOTHUB_CLIENT_CONFIRMATION_OK"
10107,10417580484,10417580630,1,"IOTHUB_CLIENT_CONFIRMATION_OK"
10108,10417580684,10417580731,1,"IOTHUB_CLIENT_CONFIRMATION_OK"
10109,10417580884,10417580947,1,"IOTHUB_CLIENT_CONFIRMATION_OK"
10110,10417581084,10417581128,1,"IOTHUB_CLIENT_CONFIRMATION_OK"
10111,10417581284,10417581331,1,"IOTHUB_CLIENT_CONFIRMATION_OK"
10112,10417581484,10417581528,1,"IOTHUB_CLIENT_CONFIRMATION_OK"
10113,10417581685,10417581723,1,"IOTHUB_CLIENT_CONFIRMATION_OK"
10114,10417581885,10417581926,1,"IOTHUB_CLIENT_CONFIRMATION_OK"
10115,10417582085,10417582216,1,"IOTHUB_CLIENT_CONFIRMATION_OK"
10116,10417582285,10417582432,1,"IOTHUB_CLIENT_CONFIRMATION_OK"
10117,10417582485,10417582569,1,"IOTHUB_CLIENT_CONFIRMATION_OK"
10118,10417582685,10417582729,1,"IOTHUB_CLIENT_CONFIRMATION_OK"
10119,10417582886,10417582933,1,"IOTHUB_CLIENT_CONFIRMATION_OK"
10120,10417583086,10417583274,1,"IOTHUB_CLIENT_CONFIRMATION_OK"
10121,10417583286,10417583346,1,"IOTHUB_CLIENT_CONFIRMATION_OK"
10122,10417583486,10417583521,1,"IOTHUB_CLIENT_CONFIRMATION_OK"
10123,10417583686,10417583726,1,"IOTHUB_CLIENT_CONFIRMATION_OK"
10124,10417583886,10417583955,1,"IOTHUB_CLIENT_CONFIRMATION_OK"
10125,10417584086,10417584147,1,"IOTHUB_CLIENT_CONFIRMATION_OK"
10126,10417584287,10417584321,1,"IOTHUB_CLIENT_CONFIRMATION_OK"
10127,10417584487,10417584524,1,"IOTHUB_CLIENT_CONFIRMATION_OK"
10128,10417584687,10417584741,1,"IOTHUB_CLIENT_CONFIRMATION_OK"
10129,10417584887,10417584927,1,"IOTHUB_CLIENT_CONFIRMATION_OK"
10130,10417585087,10417585119,1,"IOTHUB_CLIENT_CONFIRMATION_OK"
10131,10417585287,10417585322,1,"IOTHUB_CLIENT_CONFIRMATION_OK"
10132,10417585488,10417585531,1,"IOTHUB_CLIENT_CONFIRMATION_OK"
10133,10417585688,10417585836,1,"IOTHUB_CLIENT_CONFIRMATION_OK"
10134,10417585888,10417585931,1,"IOTHUB_CLIENT_CONFIRMATION_OK"
10135,10417586088,10417586129,1,"IOTHUB_CLIENT_CONFIRMATION_OK"
10136,10417586288,10417586328,1,"IOTHUB_CLIENT_CONFIRMATION_OK"
10137,10417586488,10417586531,1,"IOTHUB_CLIENT_CONFIRMATION_OK"
10138,10417586689,10417586732,1,"IOTHUB_CLIENT_CONFIRMATION_OK"
10139,10417586889,10417586927,1,"IOTHUB_CLIENT_CONFIRMATION_OK"
10140,10417587089,10417587123,1,"IOTHUB_CLIENT_CONFIRMATION_OK"
10141,10417587289,10417587327,1,"IOTHUB_CLIENT_CONFIRMATION_OK"
10142,10417587489,10417587539,1,"IOTHUB_CLIENT_CONFIRMATION_OK"
10143,10417587689,10417587738,1,"IOTHUB_CLIENT_CONFIRMATION_OK"
10144,10417587890,10417587922,1,"IOTHUB_CLIENT_CONFIRMATION_OK"
10145,10417588090,10417588131,1,"IOTHUB_CLIENT_CONFIRMATION_OK"
10146,10417588290,10417588344,1,"IOTHUB_CLIENT_CONFIRMATION_OK"
10147,10417588490,10417588548,1,"IOTHUB_CLIENT_CONFIRMATION_OK"
10148,10417588690,10417588793,1,"IOTHUB_CLIENT_CONFIRMATION_OK"
10149,10417588890,10417589110,1,"IOTHUB_CLIENT_CONFIRMATION_OK"
10150,10417589090,10417589139,1,"IOTHUB_CLIENT_CONFIRMATION_OK"
10151,10417589291,10417589336,1,"IOTHUB_CLIENT_CONFIRMATION_OK"
10152,10417589491,10417589553,1,"IOTHUB_CLIENT_CONFIRMATION_OK"
10153,10417589691,10417589746,1,"IOTHUB_CLIENT_CONFIRMATION_OK"
10154,10417589891,10417589933,1,"IOTHUB_CLIENT_CONFIRMATION_OK"
10155,10417590091,10417590137,1,"IOTHUB_CLIENT_CONFIRMATION_OK"
10156,10417590291,10417590365,1,"IOTHUB_CLIENT_CONFIRMATION_OK"
10157,10417590492,10417590528,1,"IOTHUB_CLIENT_CONFIRMATION_OK"
10158,10417590692,10417590736,1,"IOTHUB_CLIENT_CONFIRMATION_OK"
10159,10417590892,10417590995,1,"IOTHUB_CLIENT_CONFIRMATION_OK"
10160,10417591092,10417591139,1,"IOTHUB_CLIENT_CONFIRMATION_OK"
10161,10417591292,10417591329,1,"IOTHUB_CLIENT_CONFIRMATION_OK"
10162,10417591492,10417591557,1,"IOTHUB_CLIENT_CONFIRMATION_OK"
10163,10417591693,10417591749,1,"IOTHUB_CLIENT_CONFIRMATION_OK"
10164,10417591893,10417591926,1,"IOTHUB_CLIENT_CONFIRMATION_OK"
10165,10417592093,10417592129,1,"IOTHUB_CLIENT_CONFIRMATION_OK"
10166,10417592293,10417592334,1,"IOTHUB_CLIENT_CONFIRMATION_OK"
10167,10417592493,10417592534,1,"IOTHUB_CLIENT_CONFIRMATION_OK"
10168,10417592693,10417592732,1,"IOTHUB_CLIENT_CONFIRMATION_OK"
10169,10417592893,10417592939,1,"IOTHUB_CLIENT_CONFIRMATION_OK"
10170,10417593094,10417593132,1,"IOTHUB_CLIENT_CONFIRMATION_OK"
10171,10417593294,10417593328,1,"IOTHUB_CLIENT_CONFIRMATION_OK"
10172,10417593494,10417593625,1,"IOTHUB_CLIENT_CONFIRMATION_OK"
10173,10417593694,10417593731,1,"IOTHUB_CLIENT_CONFIRMATION_OK"
10174,10417593894,10417593934,1,"IOTHUB_CLIENT_CONFIRMATION_OK"
10175,10417594094,10417594236,1,"IOTHUB_CLIENT_CONFIRMATION_OK"
10176,10417594294,10417594341,1,"IOTHUB_CLIENT_CONFIRMATION_OK"
10177,10417594495,10417594530,1,"IOTHUB_CLIENT_CONFIRMATION_OK"
10178,10417594695,10417594828,1,"IOTHUB_CLIENT_CONFIRMATION_OK"
10179,10417594895,10417594934,1,"IOTHUB_CLIENT_CONFIRMATION_OK"
10180,10417595095,10417595211,1,"IOTHUB_CLIENT_CONFIRMATION_OK"
10181,10417595295,10417595326,1,"IOTHUB_CLIENT_CONFIRMATION_OK"
10182,10417595495,10417595539,1,"IOTHUB_CLIENT_CONFIRMATION_OK"
10183,10417595696,10417595753,1,"IOTHUB_CLIENT_CONFIRMATION_OK"
10184,10417595896,10417595939,1,"IOTHUB_CLIENT_CONFIRMATION_OK"
10185,10417596096,10417596133,1,"IOTHUB_CLIENT_CONFIRMATION_OK"
10186,10417596296,10417596331,1,"IOTHUB_CLIENT_CONFIRMATION_OK"
10187,10417596496,10417596575,1,"IOTHUB_CLIENT_CONFIRMATION_OK"
10188,10417596696,10417596773,1,"IOTHUB_CLIENT_CONFIRMATION_OK"
10189,10417596896,10417596933,1,"IOTHUB_CLIENT_CONFIRMATION_OK"
10190,10417597097,10417597137,1,"IOTHUB_CLIENT_CONFIRMATION_OK"
10191,10417597297,10417597485,1,"IOTHUB_CLIENT_CONFIRMATION_OK"
10192,10417597497,10417597547,1,"IOTHUB_CLIENT_CONFIRMATION_OK"
10193,10417597697,10417597734,1,"IOTHUB_CLIENT_CONFIRMATION_OK"
10194,10417597897,10417597957,1,"IOTHUB_CLIENT_CONFIRMATION_OK"
10195,10417598097,10417598152,1,"IOTHUB_CLIENT_CONFIRMATION_OK"
10196,10417598297,10417598331,1,"IOTHUB_CLIENT_CONFIRMATION_OK"
10197,10417598498,10417598633,1,"IOTHUB_CLIENT_CONFIRMATION_OK"
10198,10417598698,10417598740,1,"IOTHUB_CLIENT_CONFIRMATION_OK"
10199,10417598898,10417598934,1,"IOTHUB_CLIENT_CONFIRMATION_OK"
10200,10417599098,10417599140,1,"IOTHUB_CLIENT_CONFIRMATION_OK"
10201,10417599298,10417599352,1,"IOTHUB_CLIENT_CONFIRMATION_OK"
10202,10417599498,10417599536,1,"IOTHUB_CLIENT_CONFIRMATION_OK"
10203,10417599699,10417599742,1,"IOTHUB_CLIENT_CONFIRMATION_OK"
10204,10417599899,10417599955,1,"IOTHUB_CLIENT_CONFIRMATION_OK"
10205,10417600099,10417600171,1,"IOTHUB_CLIENT_CONFIRMATION_OK"
10206,10417600299,10417600337,1,"IOTHUB_CLIENT_CONFIRMATION_OK"
10207,10417600499,10417600562,1,"IOTHUB_CLIENT_CONFIRMATION_OK"
10208,10417600699,10417600735,1,"IOTHUB_CLIENT_CONFIRMATION_OK"
10209,10417600899,10417600977,1,"IOTHUB_CLIENT_CONFIRMATION_OK"
10210,10417601100,10417601142,1,"IOTHUB_CLIENT_CONFIRMATION_OK"
10211,10417601300,10417601364,1,"IOTHUB_CLIENT_CONFIRMATION_OK"
10212,10417601500,10417601540,1,"IOTHUB_CLIENT_CONFIRMATION_OK"
10213,10417601700,10417601743,1,"IOTHUB_CLIENT_CONFIRMATION_OK"
10214,10417601900,10417601994,1,"IOTHUB_CLIENT_CONFIRMATION_OK"
10215,10417602100,10417602161,1,"IOTHUB_CLIENT_CONFIRMATION_OK"
10216,10417602301,10417602341,1,"IOTHUB_CLIENT_CONFIRMATION_OK"
10217,10417602501,10417602579,1,"IOTHUB_CLIENT_CONFIRMATION_OK"
10218,10417602701,10417602744,1,"IOTHUB_CLIENT_CONFIRMATION_OK"
10219,10417602901,10417602939,1,"IOTHUB_CLIENT_CONFIRMATION_OK"
10220,10417603101,10417603199,1,"IOTHUB_CLIENT_CONFIRMATION_OK"
10221,10417603301,10417603336,1,"IOTHUB_CLIENT_CONFIRMATION_OK"
10222,10417603502,10417603543,1,"IOTHUB_CLIENT_CONFIRMATION_OK"
10223,10417603702,10417603736,1,"IOTHUB_CLIENT_CONFIRMATION_OK"
10224,10417603902,10417603958,1,"IOTHUB_CLIENT_CONFIRMATION_OK"
10225,10417604102,10417604145,1,"IOTHUB_CLIENT_CONFIRMATION_OK"
10226,10417604302,10417604373,1,"IOTHUB_CLIENT_CONFIRMATION_OK"
10227,10417604502,10417604572,1,"IOTHUB_CLIENT_CONFIRMATION_OK"
10228,10417604702,10417604801,1,"IOTHUB_CLIENT_CONFIRMATION_OK"
10229,10417604902,10417604938,1,"IOTHUB_CLIENT_CONFIRMATION_OK"
10230,10417605103,10417605146,1,"IOTHUB_CLIENT_CONFIRMATION_OK"
10231,10417605303,10417605345,1,"IOTHUB_CLIENT_CONFIRMATION_OK"
10232,10417605503,10417605537,1,"IOTHUB_CLIENT_CONFIRMATION_OK"
10233,10417605703,10417605784,1,"IOTHUB_CLIENT_CONFIRMATION_OK"
10234,10417605903,10417605982,1,"IOTHUB_CLIENT_CONFIRMATION_OK"
10235,10417606103,10417606139,1,"IOTHUB_CLIENT_CONFIRMATION_OK"
10236,10417606304,10417606341,1,"IOTHUB_CLIENT_CONFIRMATION_OK"
10237,10417606504,10417606549,1,"IOTHUB_CLIENT_CONFIRMATION_OK"
10238,10417606704,10417606762,1,"IOTHUB_CLIENT_CONFIRMATION_OK"
10239,10417606904,10417606978,1,"IOTHUB_CLIENT_CONFIRMATION_OK"
10240,10417607104,10417607147,1,"IOTHUB_CLIENT_CONFIRMATION_OK"
10241,10417607304,10417607343,1,"IOTHUB_CLIENT_CONFIRMATION_OK"
10242,10417607504,10417607557,1,"IOTHUB_CLIENT_CONFIRMATION_OK"
10243,10417607705,10417607749,1,"IOTHUB_CLIENT_CONFIRMATION_OK"
10244,10417607905,10417607948,1,"IOTHUB_CLIENT_CONFIRMATION_OK"
10245,10417608105,10417608156,1,"IOTHUB_CLIENT_CONFIRMATION_OK"
10246,10417608305,10417608351,1,"IOTHUB_CLIENT_CONFIRMATION_OK"
10247,10417608505,10417608550,1,"IOTHUB_CLIENT_CONFIRMATION_OK"
10248,10417608705,10417608747,1,"IOTHUB_CLIENT_CONFIRMATION_OK"
10249,10417608906,10417608971,1,"IOTHUB_CLIENT_CONFIRMATION_OK"
10250,10417609106,10417609152,1,"IOTHUB_CLIENT_CONFIRMATION_OK"
10251,10417609306,10417609347,1,"IOTHUB_CLIENT_CONFIRMATION_OK"
10252,10417609506,10417609541,1,"IOTHUB_CLIENT_CONFIRMATION_OK"
10253,10417609706,10417609756,1,"IOTHUB_CLIENT_CONFIRMATION_OK"
10254,10417609906,10417609958,1,"IOTHUB_CLIENT_CONFIRMATION_OK"
10255,10417610106,10417610144,1,"IOTHUB_CLIENT_CONFIRMATION_OK"
10256,10417610307,10417610368,1,"IOTHUB_CLIENT_CONFIRMATION_OK"
10257,10417610507,10417610569,1,"IOTHUB_CLIENT_CONFIRMATION_OK"
10258,10417610707,10417610743,1,"IOTHUB_CLIENT_CONFIRMATION_OK"
10259,10417610907,10417610985,1,"IOTHUB_CLIENT_CONFIRMATION_OK"
10260,10417611107,10417611241,1,"IOTHUB_CLIENT_CONFIRMATION_OK"
10261,10417611307,10417611363,1,"IOTHUB_CLIENT_CONFIRMATION_OK"
10262,10417611508,10417611637,1,"IOTHUB_CLIENT_CONFIRMATION_OK"
10263,10417611708,10417611747,1,"IOTHUB_CLIENT_CONFIRMATION_OK"
10264,10417611908,10417611952,1,"IOTHUB_CLIENT_CONFIRMATION_OK"
10265,10417612108,10417612144,1,"IOTHUB_CLIENT_CONFIRMATION_OK"
10266,10417612308,10417612353,1,"IOTHUB_CLIENT_CONFIRMATION_OK"
10267,10417612508,10417612552,1,"IOTHUB_CLIENT_CONFIRMATION_OK"
10268,10417612709,10417612749,1,"IOTHUB_CLIENT_CONFIRMATION_OK"
10269,10417612909,10417612944,1,"IOTHUB_CLIENT_CONFIRMATION_OK"
10270,10417613109,10417613149,1,"IOTHUB_CLIENT_CONFIRMATION_OK"
10271,10417613309,10417613370,1,"IOTHUB_CLIENT_CONFIRMATION_OK"
10272,10417613509,10417613547,1,"IOTHUB_CLIENT_CONFIRMATION_OK"
10273,10417613709,10417613860,1,"IOTHUB_CLIENT_CONFIRMATION_OK"
10274,10417613909,10417613942,1,"IOTHUB_CLIENT_CONFIRMATION_OK"
10275,10417614110,10417614147,1,"IOTHUB_CLIENT_CONFIRMATION_OK"
10276,10417614310,10417614360,1,"IOTHUB_CLIENT_CONFIRMATION_OK"
10277,10417614510,10417614546,1,"IOTHUB_CLIENT_CONFIRMATION_OK"
10278,10417614710,10417614765,1,"IOTHUB_CLIENT_CONFIRMATION_OK"
10279,10417614910,10417614946,1,"IOTHUB_CLIENT_CONFIRMATION_OK"
10280,10417615110,10417615153,1,"IOTHUB_CLIENT_CONFIRMATION_OK"
10281,10417615311,10417615366,1,"IOTHUB_CLIENT_CONFIRMATION_OK"
10282,10417615511,10417615573,1,"IOTHUB_CLIENT_CONFIRMATION_OK"
10283,10417615711,10417615747,1,"IOTHUB_CLIENT_CONFIRMATION_OK"
10284,10417615911,10417615957,1,"IOTHUB_CLIENT_CONFIRMATION_OK"
10285,10417616111,10417616163,1,"IOTHUB_CLIENT_CONFIRMATION_OK"
10286,10417616311,10417616353,1,"IOTHUB_CLIENT_CONFIRMATION_OK"
10287,10417616511,10417616559,1,"IOTHUB_CLIENT_CONFIRMATION_OK"
10288,10417616712,10417616805,1,"IOTHUB_CLIENT_CONFIRMATION_OK"
10289,10417616912,10417616958,1,"IOTHUB_CLIENT_CONFIRMATION_OK"
10290,10417617112,10417617146,1,"IOTHUB_CLIENT_CONFIRMATION_OK"
10291,10417617312,10417617384,1,"IOTHUB_CLIENT_CONFIRMATION_OK"
10292,10417617512,10417617613,1,"IOTHUB_CLIENT_CONFIRMATION_OK"
10293,10417617712,10417617761,1,"IOTHUB_CLIENT_CONFIRMATION_OK"
10294,10417617913,10417617952,1,"IOTHUB_CLIENT_CONFIRMATION_OK"
10295,10417618113,10417618155,1,"IOTHUB_CLIENT_CONFIRMATION_OK"
10296,10417618313,10417618357,1,"IOTHUB_CLIENT_CONFIRMATION_OK"
10297,10417618513,10417618566,1,"IOTHUB_CLIENT_CONFIRMATION_OK"
10298,10417618713,10417618753,1,"IOTHUB_CLIENT_CONFIRMATION_OK"
10299,10417618913,10417618957,1,"IOTHUB_CLIENT_CONFIRMATION_OK"
10300,10417619113,10417619181,1,"IOTHUB_CLIENT_CONFIRMATION_OK"
10301,10417619314,10417619357,1,"IOTHUB_CLIENT_CONFIRMATION_OK"
10302,10417619514,10417619572,1,"IOTHUB_CLIENT_CONFIRMATION_OK"
10303,10417619714,10417619769,1,"IOTHUB_CLIENT_CONFIRMATION_OK"
10304,10417619914,10417620070,1,"IOTHUB_CLIENT_CONFIRMATION_OK"
10305,10417620114,10417620157,1,"IOTHUB_CLIENT_CONFIRMATION_OK"
10306,10417620314,10417620365,1,"IOTHUB_CLIENT_CONFIRMATION_OK"
10307,10417620515,10417620672,1,"IOTHUB_CLIENT_CONFIRMATION_OK"
10308,10417620715,10417620755,1,"IOTHUB_CLIENT_CONFIRMATION_OK"
10309,10417620915,10417620963,1,"IOTHUB_CLIENT_CONFIRMATION_OK"
10310,10417621115,10417621153,1,"IOTHUB_CLIENT_CONFIRMATION_OK"
10311,10417621315,10417621368,1,"IOTHUB_CLIENT_CONFIRMATION_OK"
10312,10417621516,10417621553,1,"IOTHUB_CLIENT_CONFIRMATION_OK"
10313,10417621716,10417621758,1,"IOTHUB_CLIENT_CONFIRMATION_OK"
10314,10417621916,10417621957,1,"IOTHUB_CLIENT_CONFIRMATION_OK"
10315,10417622116,10417622151,1,"IOTHUB_CLIENT_CONFIRMATION_OK"
10316,10417622316,10417622396,1,"IOTHUB_CLIENT_CONFIRMATION_OK"
10317,10417622516,10417622554,1,"IOTHUB_CLIENT_CONFIRMATION_OK"
10318,10417622716,10417622760,1,"IOTHUB_CLIENT_CONFIRMATION_OK"
10319,10417622917,10417622956,1,"IOTHUB_CLIENT_CONFIRMATION_OK"
10320,10417623117,10417623168,1,"IOTHUB_CLIENT_CONFIRMATION_OK"
10321,10417623317,10417623377,1,"IOTHUB_CLIENT_CONFIRMATION_OK"
10322,10417623517,10417623563,1,"IOTHUB_CLIENT_CONFIRMATION_OK"
10323,10417623717,10417623761,1,"IOTHUB_CLIENT_CONFIRMATION_OK"
10324,10417623917,10417623954,1,"IOTHUB_CLIENT_CONFIRMATION_OK"
10325,10417624118,10417624160,1,"IOTHUB_CLIENT_CONFIRMATION_OK"
10326,10417624318,10417624360,1,"IOTHUB_CLIENT_CONFIRMATION_OK"
10327,10417624518,10417624650,1,"IOTHUB_CLIENT_CONFIRMATION_OK"
10328,10417624718,10417624788,1,"IOTHUB_CLIENT_CONFIRMATION_OK"
10329,10417624918,10417624966,1,"IOTHUB_CLIENT_CONFIRMATION_OK"
10330,10417625118,10417625241,1,"IOTHUB_CLIENT_CONFIRMATION_OK"
10331,10417625318,10417625362,1,"IOTHUB_CLIENT_CONFIRMATION_OK"
10332,10417625519,10417625562,1,"IOTHUB_CLIENT_CONFIRMATION_OK"
10333,10417625719,10417625791,1,"IOTHUB_CLIENT_CONFIRMATION_OK"
10334,10417625919,10417625954,1,"IOTHUB_CLIENT_CONFIRMATION_OK"
10335,10417626119,10417626176,1,"IOTHUB_CLIENT_CONFIRMATION_OK"
10336,10417626319,10417626360,1,"IOTHUB_CLIENT_CONFIRMATION_OK"
10337,10417626519,10417626558,1,"IOTHUB_CLIENT_CONFIRMATION_OK"
10338,10417626719,10417626767,1,"IOTHUB_CLIENT_CONFIRMATION_OK"
10339,10417626920,10417626964,1,"IOTHUB_CLIENT_CONFIRMATION_OK"
10340,10417627120,10417627157,1,"IOTHUB_CLIENT_CONFIRMATION_OK"
10341,10417627320,10417627367,1,"IOTHUB_CLIENT_CONFIRMATION_OK"
10342,10417627520,10417627562,1,"IOTHUB_CLIENT_CONFIRMATION_OK"
10343,10417627720,10417627838,1,"IOTHUB_CLIENT_CONFIRMATION_OK"
10344,10417627920,10417627964,1,"IOTHUB_CLIENT_CONFIRMATION_OK"
10345,10417628121,10417628170,1,"IOTHUB_CLIENT_CONFIRMATION_OK"
10346,10417628321,10417628459,1,"IOTHUB_CLIENT_CONFIRMATION_OK"
10347,10417628521,10417628562,1,"IOTHUB_CLIENT_CONFIRMATION_OK"
10348,10417628721,10417628758,1,"IOTHUB_CLIENT_CONFIRMATION_OK"
10349,10417628921,10417629050,1,"IOTHUB_CLIENT_CONFIRMATION_OK"
10350,10417629121,10417629167,1,"IOTHUB_CLIENT_CONFIRMATION_OK"
10351,10417629322,10417629363,1,"IOTHUB_CLIENT_CONFIRMATION_OK"
10352,10417629522,10417629572,1,"IOTHUB_CLIENT_CONFIRMATION_OK"
10353,10417629722,10417629761,1,"IOTHUB_CLIENT_CONFIRMATION_OK"
10354,10417629922,10417629967,1,"IOTHUB_CLIENT_CONFIRMATION_OK"
10355,10417630122,10417630197,1,"IOTHUB_CLIENT_CONFIRMATION_OK"
10356,10417630322,10417630374,1,"IOTHUB_CLIENT_CONFIRMATION_OK"
10357,10417630522,10417630565,1,"IOTHUB_CLIENT_CONFIRMATION_OK"
10358,10417630723,10417630766,1,"IOTHUB_CLIENT_CONFIRMATION_OK"
10359,10417630923,10417630961,1,"IOTHUB_CLIENT_CONFIRMATION_OK"
10360,10417631123,10417631168,1,"IOTHUB_CLIENT_CONFIRMATION_OK"
10361,10417631323,10417631363,1,"IOTHUB_CLIENT_CONFIRMATION_OK"
10362,10417631523,10417631706,1,"IOTHUB_CLIENT_CONFIRMATION_OK"
10363,10417631723,10417631779,1,"IOTHUB_CLIENT_CONFIRMATION_OK"
10364,10417631924,10417631961,1,"IOTHUB_CLIENT_CONFIRMATION_OK"
10365,10417632124,10417632175,1,"IOTHUB_CLIENT_CONFIRMATION_OK"
10366,10417632324,10417632364,1,"IOTHUB_CLIENT_CONFIRMATION_OK"
10367,10417632524,10417632620,1,"IOTHUB_CLIENT_CONFIRMATION_OK"
10368,10417632724,10417632766,1,"IOTHUB_CLIENT_CONFIRMATION_OK"
10369,10417632924,10417632961,1,"IOTHUB_CLIENT_CONFIRMATION_OK"
10370,10417633124,10417633187,1,"IOTHUB_CLIENT_CONFIRMATION_OK"
10371,10417633325,10417633423,1,"IOTHUB_CLIENT_CONFIRMATION_OK"
10372,10417633525,10417633571,1,"IOTHUB_CLIENT_CONFIRMATION_OK"
10373,10417633725,10417633781,1,"IOTHUB_CLIENT_CONFIRMATION_OK"
10374,10417633925,10417634251,1,"IOTHUB_CLIENT_CONFIRMATION_OK"
10375,10417634125,10417634367,1,"IOTHUB_CLIENT_CONFIRMATION_OK"
10376,10417634325,10417634407,1,"IOTHUB_CLIENT_CONFIRMATION_OK"
10377,10417634525,10417634566,1,"IOTHUB_CLIENT_CONFIRMATION_OK"
10378,10417634726,10417634763,1,"IOTHUB_CLIENT_CONFIRMATION_OK"
10379,10417634926,10417634993,1,"IOTHUB_CLIENT_CONFIRMATION_OK"
10380,10417635126,10417635188,1,"IOTHUB_CLIENT_CONFIRMATION_OK"
10381,10417635326,10417635370,1,"IOTHUB_CLIENT_CONFIRMATION_OK"
10382,10417635526,10417635579,1,"IOTHUB_CLIENT_CONFIRMATION_OK"
10383,10417635726,10417635840,1,"IOTHUB_CLIENT_CONFIRMATION_OK"
10384,10417635926,10417635963,1,"IOTHUB_CLIENT_CONFIRMATION_OK"
10385,10417636127,10417636191,1,"IOTHUB_CLIENT_CONFIRMATION_OK"
10386,10417636327,10417636364,1,"IOTHUB_CLIENT_CONFIRMATION_OK"
10387,10417636527,10417636576,1,"IOTHUB_CLIENT_CONFIRMATION_OK"
10388,10417636727,10417636793,1,"IOTHUB_CLIENT_CONFIRMATION_OK"
10389,10417636927,10417636966,1,"IOTHUB_CLIENT_CONFIRMATION_OK"
10390,10417637127,10417637164,1,"IOTHUB_CLIENT_CONFIRMATION_OK"
10391,10417637327,10417637418,1,"IOTHUB_CLIENT_CONFIRMATION_OK"
10392,10417637528,10417637604,1,"IOTHUB_CLIENT_CONFIRMATION_OK"
10393,10417637728,10417637771,1,"IOTHUB_CLIENT_CONFIRMATION_OK"
10394,10417637928,10417637964,1,"IOTHUB_CLIENT_CONFIRMATION_OK"
10395,10417638128,10417638182,1,"IOTHUB_CLIENT_CONFIRMATION_OK"
10396,10417638328,10417638373,1,"IOTHUB_CLIENT_CONFIRMATION_OK"
10397,10417638528,10417638575,1,"IOTHUB_CLIENT_CONFIRMATION_OK"
10398,10417638729,10417638787,1,"IOTHUB_CLIENT_CONFIRMATION_OK"
10399,10417638929,10417639094,1,"IOTHUB_CLIENT_CONFIRMATION_OK"
10400,10417639129,10417639176,1,"IOTHUB_CLIENT_CONFIRMATION_OK"
10401,10417639329,10417639386,1,"IOTHUB_CLIENT_CONFIRMATION_OK"
10402,10417639529,10417639572,1,"IOTHUB_CLIENT_CONFIRMATION_OK"
10403,10417639729,10417639799,1,"IOTHUB_CLIENT_CONFIRMATION_OK"
10404,10417639930,10417639977,1,"IOTHUB_CLIENT_CONFIRMATION_OK"
10405,10417640130,10417640173,1,"IOTHUB_CLIENT_CONFIRMATION_OK"
10406,10417640330,10417640365,1,"IOTHUB_CLIENT_CONFIRMATION_OK"
10407,10417640530,10417640721,1,"IOTHUB_CLIENT_CONFIRMATION_OK"
10408,10417640730,10417640769,1,"IOTHUB_CLIENT_CONFIRMATION_OK"
10409,10417640930,10417640982,1,"IOTHUB_CLIENT_CONFIRMATION_OK"
10410,10417641130,10417641160,1,"IOTHUB_CLIENT_CONFIRMATION_OK"
10411,10417641331,10417641368,1,"IOTHUB_CLIENT_CONFIRMATION_OK"
10412,10417641531,10417641574,1,"IOTHUB_CLIENT_CONFIRMATION_OK"
10413,10417641731,10417641782,1,"IOTHUB_CLIENT_CONFIRMATION_OK"
10414,10417641931,10417641999,1,"IOTHUB_CLIENT_CONFIRMATION_OK"
10415,10417642131,10417642250,1,"IOTHUB_CLIENT_CONFIRMATION_OK"
10416,10417642331,10417642369,1,"IOTHUB_CLIENT_CONFIRMATION_OK"
10417,10417642531,10417642643,1,"IOTHUB_CLIENT_CONFIRMATION_OK"
10418,10417642732,10417642783,1,"IOTHUB_CLIENT_CONFIRMATION_OK"
10419,10417642932,10417642989,1,"IOTHUB_CLIENT_CONFIRMATION_OK"
10420,10417643132,10417643252,1,"IOTHUB_CLIENT_CONFIRMATION_OK"
10421,10417643332,10417643381,1,"IOTHUB_CLIENT_CONFIRMATION_OK"
10422,10417643532,10417643595,1,"IOTHUB_CLIENT_CONFIRMATION_OK"
10423,10417643732,10417643777,1,"IOTHUB_CLIENT_CONFIRMATION_OK"
10424,10417643933,10417643975,1,"IOTHUB_CLIENT_CONFIRMATION_OK"
10425,10417644133,10417644174,1,"IOTHUB_CLIENT_CONFIRMATION_OK"
10426,10417644333,10417644375,1,"IOTHUB_CLIENT_CONFIRMATION_OK"
10427,10417644533,10417644577,1,"IOTHUB_CLIENT_CONFIRMATION_OK"
10428,10417644733,10417644778,1,"IOTHUB_CLIENT_CONFIRMATION_OK"
10429,10417644933,10417644981,1,"IOTHUB_CLIENT_CONFIRMATION_OK"
10430,10417645133,10417645170,1,"IOTHUB_CLIENT_CONFIRMATION_OK"
10431,10417645334,10417645375,1,"IOTHUB_CLIENT_CONFIRMATION_OK"
10432,10417645534,10417645599,1,"IOTHUB_CLIENT_CONFIRMATION_OK"
10433,10417645734,10417645906,1,"IOTHUB_CLIENT_CONFIRMATION_OK"
10434,10417645934,10417645984,1,"IOTHUB_CLIENT_CONFIRMATION_OK"
10435,10417646134,10417646182,1,"IOTHUB_CLIENT_CONFIRMATION_OK"
10436,10417646334,10417646376,1,"IOTHUB_CLIENT_CONFIRMATION_OK"
10437,10417646535,10417646571,1,"IOTHUB_CLIENT_CONFIRMATION_OK"
10438,10417646735,10417646801,1,"IOTHUB_CLIENT_CONFIRMATION_OK"
10439,10417646935,10417646998,1,"IOTHUB_CLIENT_CONFIRMATION_OK"
10440,10417647135,10417647173,1,"IOTHUB_CLIENT_CONFIRMATION_OK"
10441,10417647335,10417647511,1,"IOTHUB_CLIENT_CONFIRMATION_OK"
10442,10417647535,10417647591,1,"IOTHUB_CLIENT_CONFIRMATION_OK"
10443,10417647736,10417647796,1,"IOTHUB_CLIENT_CONFIRMATION_OK"
10444,10417647936,10417647985,1,"IOTHUB_CLIENT_CONFIRMATION_OK"
10445,10417648136,10417648190,1,"IOTHUB_CLIENT_CONFIRMATION_OK"
10446,10417648336,10417648396,1,"IOTHUB_CLIENT_CONFIRMATION_OK"
10447,10417648536,10417648586,1,"IOTHUB_CLIENT_CONFIRMATION_OK"
10448,10417648736,10417648771,1,"IOTHUB_CLIENT_CONFIRMATION_OK"
10449,10417648937,10417649002,1,"IOTHUB_CLIENT_CONFIRMATION_OK"
10450,10417649137,10417649222,1,"IOTHUB_CLIENT_CONFIRMATION_OK"
10451,10417649337,10417649380,1,"IOTHUB_CLIENT_CONFIRMATION_OK"
10452,10417649537,10417649571,1,"IOTHUB_CLIENT_CONFIRMATION_OK"
10453,10417649737,10417649836,1,"IOTHUB_CLIENT_CONFIRMATION_OK"
10454,10417649937,10417649973,1,"IOTHUB_CLIENT_CONFIRMATION_OK"
10455,10417650137,10417650178,1,"IOTHUB_CLIENT_CONFIRMATION_OK"
10456,10417650337,10417650394,1,"IOTHUB_CLIENT_CONFIRMATION_OK"
10457,10417650538,10417650594,1,"IOTHUB_CLIENT_CONFIRMATION_OK"
10458,10417650738,10417650794,1,"IOTHUB_CLIENT_CONFIRMATION_OK"
10459,10417650938,10417651076,1,"IOTHUB_CLIENT_CONFIRMATION_OK"
10460,10417651138,10417651173,1,"IOTHUB_CLIENT_CONFIRMATION_OK"
10461,10417651338,10417651391,1,"IOTHUB_CLIENT_CONFIRMATION_OK"
10462,10417651538,10417651654,1,"IOTHUB_CLIENT_CONFIRMATION_OK"
10463,10417651739,10417651787,1,"IOTHUB_CLIENT_CONFIRMATION_OK"
10464,10417651939,10417651986,1,"IOTHUB_CLIENT_CONFIRMATION_OK"
10465,10417652139,10417652187,1,"IOTHUB_CLIENT_CONFIRMATION_OK"
10466,10417652339,10417652391,1,"IOTHUB_CLIENT_CONFIRMATION_OK"
10467,10417652539,10417652588,1,"IOTHUB_CLIENT_CONFIRMATION_OK"
10468,10417652740,10417652778,1,"IOTHUB_CLIENT_CONFIRMATION_OK"
10469,10417652940,10417652981,1,"IOTHUB_CLIENT_CONFIRMATION_OK"
10470,10417653140,10417653174,1,"IOTHUB_CLIENT_CONFIRMATION_OK"
10471,10417653340,10417653411,1,"IOTHUB_CLIENT_CONFIRMATION_OK"
10472,10417653540,10417653576,1,"IOTHUB_CLIENT_CONFIRMATION_OK"
10473,10417653740,10417653787,1,"IOTHUB_CLIENT_CONFIRMATION_OK"
10474,10417653940,10417654140,1,"IOTHUB_CLIENT_CONFIRMATION_OK"
10475,10417654141,10417654225,1,"IOTHUB_CLIENT_CONFIRMATION_OK"
10476,10417654341,10417654382,1,"IOTHUB_CLIENT_CONFIRMATION_OK"
10477,10417654541,10417654593,1,"IOTHUB_CLIENT_CONFIRMATION_OK"
10478,10417654741,10417654960,1,"IOTHUB_CLIENT_CONFIRMATION_OK"
10479,10417654941,10417654986,1,"IOTHUB_CLIENT_CONFIRMATION_OK"
10480,10417655142,10417655186,1,"IOTHUB_CLIENT_CONFIRMATION_OK"
10481,10417655342,10417655383,1,"IOTHUB_CLIENT_CONFIRMATION_OK"
10482,10417655542,10417655592,1,"IOTHUB_CLIENT_CONFIRMATION_OK"
10483,10417655742,10417655787,1,"IOTHUB_CLIENT_CONFIRMATION_OK"
10484,10417655942,10417655984,1,"IOTHUB_CLIENT_CONFIRMATION_OK"
10485,10417656142,10417656194,1,"IOTHUB_CLIENT_CONFIRMATION_OK"
10486,10417656342,10417656377,1,"IOTHUB_CLIENT_CONFIRMATION_OK"
10487,10417656543,10417656581,1,"IOTHUB_CLIENT_CONFIRMATION_OK"
10488,10417656743,10417656840,1,"IOTHUB_CLIENT_CONFIRMATION_OK"
10489,10417656943,10417656980,1,"IOTHUB_CLIENT_CONFIRMATION_OK"
10490,10417657143,10417657181,1,"IOTHUB_CLIENT_CONFIRMATION_OK"
10491,10417657343,10417657391,1,"IOTHUB_CLIENT_CONFIRMATION_OK"
10492,10417657543,10417657585,1,"IOTHUB_CLIENT_CONFIRMATION_OK"
10493,10417657744,10417657786,1,"IOTHUB_CLIENT_CONFIRMATION_OK"
10494,10417657944,10417657981,1,"IOTHUB_CLIENT_CONFIRMATION_OK"
10495,10417658144,10417658189,1,"IOTHUB_CLIENT_CONFIRMATION_OK"
10496,10417658344,10417658389,1,"IOTHUB_CLIENT_CONFIRMATION_OK"
10497,10417658544,10417658591,1,"IOTHUB_CLIENT_CONFIRMATION_OK"
10498,10417658744,10417658782,1,"IOTHUB_CLIENT_CONFIRMATION_OK"
10499,10417658944,10417658986,1,"IOTHUB_CLIENT_CONFIRMATION_OK"
10500,10417659145,10417659228,1,"IOTHUB_CLIENT_CONFIRMATION_OK"
10501,10417659345,10417659402,1,"IOTHUB_CLIENT_CONFIRMATION_OK"
10502,10417659545,10417659625,1,"IOTHUB_CLIENT_CONFIRMATION_OK"
10503,10417659745,10417659794,1,"IOTHUB_CLIENT_CONFIRMATION_OK"
10504,10417659945,10417660082,1,"IOTHUB_CLIENT_CONFIRMATION_OK"
10505,10417660145,10417660192,1,"IOTHUB_CLIENT_CONFIRMATION_OK"
10506,10417660346,10417660400,1,"IOTHUB_CLIENT_CONFIRMATION_OK"
10507,10417660546,10417660707,1,"IOTHUB_CLIENT_CONFIRMATION_OK"
10508,10417660746,10417660884,1,"IOTHUB_CLIENT_CONFIRMATION_OK"
10509,10417660946,10417661009,1,"IOTHUB_CLIENT_CONFIRMATION_OK"
10510,10417661146,10417661204,1,"IOTHUB_CLIENT_CONFIRMATION_OK"
10511,10417661346,10417661400,1,"IOTHUB_CLIENT_CONFIRMATION_OK"
10512,10417661546,10417661616,1,"IOTHUB_CLIENT_CONFIRMATION_OK"
10513,10417661747,10417661815,1,"IOTHUB_CLIENT_CONFIRMATION_OK"
10514,10417661947,10417661987,1,"IOTHUB_CLIENT_CONFIRMATION_OK"
10515,10417662147,10417662208,1,"IOTHUB_CLIENT_CONFIRMATION_OK"
10516,10417662347,10417662400,1,"IOTHUB_CLIENT_CONFIRMATION_OK"
10517,10417662547,10417662607,1,"IOTHUB_CLIENT_CONFIRMATION_OK"
10518,10417662747,10417662798,1,"IOTHUB_CLIENT_CONFIRMATION_OK"
10519,10417662947,10417662998,1,"IOTHUB_CLIENT_CONFIRMATION_OK"
10520,10417663148,10417663334,1,"IOTHUB_CLIENT_CONFIRMATION_OK"
10521,10417663348,10417663438,1,"IOTHUB_CLIENT_CONFIRMATION_OK"
10522,10417663548,10417663613,1,"IOTHUB_CLIENT_CONFIRMATION_OK"
10523,10417663748,10417663807,1,"IOTHUB_CLIENT_CONFIRMATION_OK"
10524,10417663948,10417664045,1,"IOTHUB_CLIENT_CONFIRMATION_OK"
10525,10417664148,10417664190,1,"IOTHUB_CLIENT_CONFIRMATION_OK"
10526,10417664348,10417664408,1,"IOTHUB_CLIENT_CONFIRMATION_OK"
10527,10417664549,10417664722,1,"IOTHUB_CLIENT_CONFIRMATION_OK"
10528,10417664749,10417664810,1,"IOTHUB_CLIENT_CONFIRMATION_OK"
10529,10417664949,10417665005,1,"IOTHUB_CLIENT_CONFIRMATION_OK"
10530,10417665149,10417665208,1,"IOTHUB_CLIENT_CONFIRMATION_OK"
10531,10417665349,10417665421,1,"IOTHUB_CLIENT_CONFIRMATION_OK"
10532,10417665549,10417665615,1,"IOTHUB_CLIENT_CONFIRMATION_OK"
10533,10417665749,10417665827,1,"IOTHUB_CLIENT_CONFIRMATION_OK"
10534,10417665950,10417665993,1,"IOTHUB_CLIENT_CONFIRMATION_OK"
10535,10417666150,10417666204,1,"IOTHUB_CLIENT_CONFIRMATION_OK"
10536,10417666350,10417666396,1,"IOTHUB_CLIENT_CONFIRMATION_OK"
10537,10417666550,10417666609,1,"IOTHUB_CLIENT_CONFIRMATION_OK"
10538,10417666750,10417666805,1,"IOTHUB_CLIENT_CONFIRMATION_OK"
10539,10417666950,10417667018,1,"IOTHUB_CLIENT_CONFIRMATION_OK"
10540,10417667151,10417667215,1,"IOTHUB_CLIENT_CONFIRMATION_OK"
10541,10417667351,10417667418,1,"IOTHUB_CLIENT_CONFIRMATION_OK"
10542,10417667551,10417667617,1,"IOTHUB_CLIENT_CONFIRMATION_OK"
10543,10417667751,10417667827,1,"IOTHUB_CLIENT_CONFIRMATION_OK"
10544,10417667951,10417668010,1,"IOTHUB_CLIENT_CONFIRMATION_OK"
10545,10417668151,10417668194,1,"IOTHUB_CLIENT_CONFIRMATION_OK"
10546,10417668351,10417668445,1,"IOTHUB_CLIENT_CONFIRMATION_OK"
10547,10417668552,10417668614,1,"IOTHUB_CLIENT_CONFIRMATION_OK"
10548,10417668752,10417668800,1,"IOTHUB_CLIENT_CONFIRMATION_OK"
10549,10417668952,10417669034,1,"IOTHUB_CLIENT_CONFIRMATION_OK"
10550,10417669152,10417669201,1,"IOTHUB_CLIENT_CONFIRMATION_OK"
10551,10417669352,10417669437,1,"IOTHUB_CLIENT_CONFIRMATION_OK"
10552,10417669552,10417669592,1,"IOTHUB_CLIENT_CONFIRMATION_OK"
10553,10417669753,10417669797,1,"IOTHUB_CLIENT_CONFIRMATION_OK"
10554,10417669953,10417670010,1,"IOTHUB_CLIENT_CONFIRMATION_OK"
10555,10417670153,10417670207,1,"IOTHUB_CLIENT_CONFIRMATION_OK"
10556,10417670353,10417670406,1,"IOTHUB_CLIENT_CONFIRMATION_OK"
10557,10417670553,10417670620,1,"IOTHUB_CLIENT_CONFIRMATION_OK"
10558,10417670753,10417670839,1,"IOTHUB_CLIENT_CONFIRMATION_OK"
10559,10417670953,10417671091,1,"IOTHUB_CLIENT_CONFIRMATION_OK"
10560,10417671154,10417671226,1,"IOTHUB_CLIENT_CONFIRMATION_OK"
10561,10417671354,10417671470,1,"IOTHUB_CLIENT_CONFIRMATION_OK"
10562,10417671554,10417671692,1,"IOTHUB_CLIENT_CONFIRMATION_OK"
10563,10417671754,10417671817,1,"IOTHUB_CLIENT_CONFIRMATION_OK"
10564,10417671954,10417672076,1,"IOTHUB_CLIENT_CONFIRMATION_OK"
10565,10417672154,10417672197,1,"IOTHUB_CLIENT_CONFIRMATION_OK"
10566,10417672354,10417672395,1,"IOTHUB_CLIENT_CONFIRMATION_OK"
10567,10417672555,10417672595,1,"IOTHUB_CLIENT_CONFIRMATION_OK"
10568,10417672755,10417672815,1,"IOTHUB_CLIENT_CONFIRMATION_OK"
10569,10417672955,10417673004,1,"IOTHUB_CLIENT_CONFIRMATION_OK"
10570,10417673155,10417673209,1,"IOTHUB_CLIENT_CONFIRMATION_OK"
10571,10417673355,10417673387,1,"IOTHUB_CLIENT_CONFIRMATION_OK"
10572,10417673556,10417673612,1,"IOTHUB_CLIENT_CONFIRMATION_OK"
10573,10417673756,10417673809,1,"IOTHUB_CLIENT_CONFIRMATION_OK"
10574,10417673956,10417673998,1,"IOTHUB_CLIENT_CONFIRMATION_OK"
10575,10417674156,10417674197,1,"IOTHUB_CLIENT_CONFIRMATION_OK"
10576,10417674356,10417674428,1,"IOTHUB_CLIENT_CONFIRMATION_OK"
10577,10417674556,10417674604,1,"IOTHUB_CLIENT_CONFIRMATION_OK"
10578,10417674756,10417674971,1,"IOTHUB_CLIENT_CONFIRMATION_OK"
10579,10417674957,10417674997,1,"IOTHUB_CLIENT_CONFIRMATION_OK"
10580,10417675157,10417675198,1,"IOTHUB_CLIENT_CONFIRMATION_OK"
10581,10417675357,10417675418,1,"IOTHUB_CLIENT_CONFIRMATION_OK"
10582,10417675557,10417675601,1,"IOTHUB_CLIENT_CONFIRMATION_OK"
10583,10417675757,10417675808,1,"IOTHUB_CLIENT_CONFIRMATION_OK"
10584,10417675957,10417676058,1,"IOTHUB_CLIENT_CONFIRMATION_OK"
10585,10417676158,10417676198,1,"IOTHUB_CLIENT_CONFIRMATION_OK"
10586,10417676358,10417676419,1,"IOTHUB_CLIENT_CONFIRMATION_OK"
10587,10417676558,10417676607,1,"IOTHUB_CLIENT_CONFIRMATION_OK"
10588,10417676758,10417676829,1,"IOTHUB_CLIENT_CONFIRMATION_OK"
10589,10417676958,10417677024,1,"IOTHUB_CLIENT_CONFIRMATION_OK"
10590,10417677158,10417677253,1,"IOTHUB_CLIENT_CONFIRMATION_OK"
10591,10417677359,10417677410,1,"IOTHUB_CLIENT_CONFIRMATION_OK"
10592,10417677559,10417677603,1,"IOTHUB_CLIENT_CONFIRMATION_OK"
10593,10417677759,10417677859,1,"IOTHUB_CLIENT_CONFIRMATION_OK"
10594,10417677959,10417678053,1,"IOTHUB_CLIENT_CONFIRMATION_OK"
10595,10417678159,10417678197,1,"IOTHUB_CLIENT_CONFIRMATION_OK"
10596,10417678359,10417678405,1,"IOTHUB_CLIENT_CONFIRMATION_OK"
10597,10417678559,10417678604,1,"IOTHUB_CLIENT_CONFIRMATION_OK"
10598,10417678760,10417678798,1,"IOTHUB_CLIENT_CONFIRMATION_OK"
10599,10417678960,10417679074,1,"IOTHUB_CLIENT_CONFIRMATION_OK"
10600,10417679160,10417679213,1,"IOTHUB_CLIENT_CONFIRMATION_OK"
10601,10417679360,10417679403,1,"IOTHUB_CLIENT_CONFIRMATION_OK"
10602,10417679560,10417679605,1,"IOTHUB_CLIENT_CONFIRMATION_OK"
10603,10417679760,10417679820,1,"IOTHUB_CLIENT_CONFIRMATION_OK"
10604,10417679961,10417680135,1,"IOTHUB_CLIENT_CONFIRMATION_OK"
10605,10417680161,10417680215,1,"IOTHUB_CLIENT_CONFIRMATION_OK"
10606,10417680361,10417680438,1,"IOTHUB_CLIENT_CONFIRMATION_OK"
10607,10417680561,10417681024,1,"IOTHUB_CLIENT_CONFIRMATION_OK"
10608,10417680761,10417681099,1,"IOTHUB_CLIENT_CONFIRMATION_OK"
10609,10417680961,10417681150,1,"IOTHUB_CLIENT_CONFIRMATION_OK"
10610,10417681162,10417681205,1,"IOTHUB_CLIENT_CONFIRMATION_OK"
10611,10417681362,10417681653,1,"IOTHUB_CLIENT_CONFIRMATION_OK"
10612,10417681562,10417681692,1,"IOTHUB_CLIENT_CONFIRMATION_OK"
10613,10417681762,10417681800,1,"IOTHUB_CLIENT_CONFIRMATION_OK"
10614,10417681962,10417682000,1,"IOTHUB_CLIENT_CONFIRMATION_OK"
10615,10417682162,10417682206,1,"IOTHUB_CLIENT_CONFIRMATION_OK"
10616,10417682362,10417682413,1,"IOTHUB_CLIENT_CONFIRMATION_OK"
10617,10417682563,10417682605,1,"IOTHUB_CLIENT_CONFIRMATION_OK"
10618,10417682763,10417682827,1,"IOTHUB_CLIENT_CONFIRMATION_OK"
10619,10417682963,10417683014,1,"IOTHUB_CLIENT_CONFIRMATION_OK"
10620,10417683163,10417683409,1,"IOTHUB_CLIENT_CONFIRMATION_OK"
10621,10417683363,10417683433,1,"IOTHUB_CLIENT_CONFIRMATION_OK"
10622,10417683563,10417683655,1,"IOTHUB_CLIENT_CONFIRMATION_OK"
10623,10417683764,10417683812,1,"IOTHUB_CLIENT_CONFIRMATION_OK"
10624,10417683964,10417684091,1,"IOTHUB_CLIENT_CONFIRMATION_OK"
10625,10417684164,10417684199,1,"IOTHUB_CLIENT_CONFIRMATION_OK"
10626,10417684364,10417684404,1,"IOTHUB_CLIENT_CONFIRMATION_OK"
10627,10417684564,10417684603,1,"IOTHUB_CLIENT_CONFIRMATION_OK"
10628,10417684764,10417684806,1,"IOTHUB_CLIENT_CONFIRMATION_OK"
10629,10417684964,10417685022,1,"IOTHUB_CLIENT_CONFIRMATION_OK"
10630,10417685165,10417685210,1,"IOTHUB_CLIENT_CONFIRMATION_OK"
10631,10417685365,10417685403,1,"IOTHUB_CLIENT_CONFIRMATION_OK"
10632,10417685565,10417685620,1,"IOTHUB_CLIENT_CONFIRMATION_OK"
10633,10417685765,10417685817,1,"IOTHUB_CLIENT_CONFIRMATION_OK"
10634,10417685965,10417686008,1,"IOTHUB_CLIENT_CONFIRMATION_OK"
10635,10417686165,10417686205,1,"IOTHUB_CLIENT_CONFIRMATION_OK"
10636,10417686366,10417686400,1,"IOTHUB_CLIENT_CONFIRMATION_OK"
10637,10417686566,10417686605,1,"IOTHUB_CLIENT_CONFIRMATION_OK"
10638,10417686766,10417686811,1,"IOTHUB_CLIENT_CONFIRMATION_OK"
10639,10417686966,10417687013,1,"IOTHUB_CLIENT_CONFIRMATION_OK"
10640,10417687166,10417687204,1,"IOTHUB_CLIENT_CONFIRMATION_OK"
10641,10417687366,10417687421,1,"IOTHUB_CLIENT_CONFIRMATION_OK"
10642,10417687567,10417687615,1,"IOTHUB_CLIENT_CONFIRMATION_OK"
10643,10417687767,10417687848,1,"IOTHUB_CLIENT_CONFIRMATION_OK"
10644,10417687967,10417688012,1,"IOTHUB_CLIENT_CONFIRMATION_OK"
10645,10417688167,10417688471,1,"IOTHUB_CLIENT_CONFIRMATION_OK"
10646,10417688367,10417688572,1,"IOTHUB_CLIENT_CONFIRMATION_OK"
10647,10417688567,10417688644,1,"IOTHUB_CLIENT_CONFIRMATION_OK"
10648,10417688767,10417688810,1,"IOTHUB_CLIENT_CONFIRMATION_OK"
10649,10417688968,10417689097,1,"IOTHUB_CLIENT_CONFIRMATION_OK"
10650,10417689168,10417689220,1,"IOTHUB_CLIENT_CONFIRMATION_OK"
10651,10417689368,10417689439,1,"IOTHUB_CLIENT_CONFIRMATION_OK"
10652,10417689568,10417689616,1,"IOTHUB_CLIENT_CONFIRMATION_OK"
10653,10417689768,10417689932,1,"IOTHUB_CLIENT_CONFIRMATION_OK"
10654,10417689968,10417690076,1,"IOTHUB_CLIENT_CONFIRMATION_OK"
10655,10417690169,10417690244,1,"IOTHUB_CLIENT_CONFIRMATION_OK"
10656,10417690369,10417690414,1,"IOTHUB_CLIENT_CONFIRMATION_OK"
10657,10417690569,10417690614,1,"IOTHUB_CLIENT_CONFIRMATION_OK"
10658,10417690769,10417690836,1,"IOTHUB_CLIENT_CONFIRMATION_OK"
10659,10417690969,10417691005,1,"IOTHUB_CLIENT_CONFIRMATION_OK"
10660,10417691169,10417691204,1,"IOTHUB_CLIENT_CONFIRMATION_OK"
10661,10417691369,10417691412,1,"IOTHUB_CLIENT_CONFIRMATION_OK"
10662,10417691570,10417691754,1,"IOTHUB_CLIENT_CONFIRMATION_OK"
10663,10417691770,10417691816,1,"IOTHUB_CLIENT_CONFIRMATION_OK"
10664,10417691970,10417692012,1,"IOTHUB_CLIENT_CONFIRMATION_OK"
10665,10417692170,10417692210,1,"IOTHUB_CLIENT_CONFIRMATION_OK"
10666,10417692370,10417692419,1,"IOTHUB_CLIENT_CONFIRMATION_OK"
10667,10417692570,10417692614,1,"IOTHUB_CLIENT_CONFIRMATION_OK"
10668,10417692771,10417692813,1,"IOTHUB_CLIENT_CONFIRMATION_OK"
10669,10417692971,10417693016,1,"IOTHUB_CLIENT_CONFIRMATION_OK"
10670,10417693171,10417693276,1,"IOTHUB_CLIENT_CONFIRMATION_OK"
10671,10417693371,10417693433,1,"IOTHUB_CLIENT_CONFIRMATION_OK"
10672,10417693571,10417693604,1,"IOTHUB_CLIENT_CONFIRMATION_OK"
10673,10417693771,10417693817,1,"IOTHUB_CLIENT_CONFIRMATION_OK"
10674,10417693972,10417694016,1,"IOTHUB_CLIENT_CONFIRMATION_OK"
10675,10417694172,10417694211,1,"IOTHUB_CLIENT_CONFIRMATION_OK"
10676,10417694372,10417694417,1,"IOTHUB_CLIENT_CONFIRMATION_OK"
10677,10417694572,10417694619,1,"IOTHUB_CLIENT_CONFIRMATION_OK"
10678,10417694772,10417694837,1,"IOTHUB_CLIENT_CONFIRMATION_OK"
10679,10417694972,10417695028,1,"IOTHUB_CLIENT_CONFIRMATION_OK"
10680,10417695172,10417695218,1,"IOTHUB_CLIENT_CONFIRMATION_OK"
10681,10417695373,10417695414,1,"IOTHUB_CLIENT_CONFIRMATION_OK"
10682,10417695573,10417695685,1,"IOTHUB_CLIENT_CONFIRMATION_OK"
10683,10417695773,10417695814,1,"IOTHUB_CLIENT_CONFIRMATION_OK"
10684,10417695973,10417696013,1,"IOTHUB_CLIENT_CONFIRMATION_OK"
10685,10417696173,10417696241,1,"IOTHUB_CLIENT_CONFIRMATION_OK"
10686,10417696373,10417696416,1,"IOTHUB_CLIENT_CONFIRMATION_OK"
10687,10417696574,10417696763,1,"IOTHUB_CLIENT_CONFIRMATION_OK"
10688,10417696774,10417696869,1,"IOTHUB_CLIENT_CONFIRMATION_OK"
10689,10417696974,10417697013,1,"IOTHUB_CLIENT_CONFIRMATION_OK"
10690,10417697174,10417697217,1,"IOTHUB_CLIENT_CONFIRMATION_OK"
10691,10417697374,10417697474,1,"IOTHUB_CLIENT_CONFIRMATION_OK"
10692,10417697574,10417697617,1,"IOTHUB_CLIENT_CONFIRMATION_OK"
10693,10417697774,10417697815,1,"IOTHUB_CLIENT_CONFIRMATION_OK"
10694,10417697975,10417698019,1,"IOTHUB_CLIENT_CONFIRMATION_OK"
10695,10417698175,10417698234,1,"IOTHUB_CLIENT_CONFIRMATION_OK"
10696,10417698375,10417698429,1,"IOTHUB_CLIENT_CONFIRMATION_OK"
10697,10417698575,10417698623,1,"IOTHUB_CLIENT_CONFIRMATION_OK"
10698,10417698775,10417698854,1,"IOTHUB_CLIENT_CONFIRMATION_OK"
10699,10417698975,10417699011,1,"IOTHUB_CLIENT_CONFIRMATION_OK"
10700,10417699176,10417699229,1,"IOTHUB_CLIENT_CONFIRMATION_OK"
10701,10417699376,10417699423,1,"IOTHUB_CLIENT_CONFIRMATION_OK"
10702,10417699576,10417699706,1,"IOTHUB_CLIENT_CONFIRMATION_OK"
10703,10417699776,10417699821,1,"IOTHUB_CLIENT_CONFIRMATION_OK"
10704,10417699976,10417700158,1,"IOTHUB_CLIENT_CONFIRMATION_OK"
10705,10417700176,10417700218,1,"IOTHUB_CLIENT_CONFIRMATION_OK"
10706,10417700376,10417700420,1,"IOTHUB_CLIENT_CONFIRMATION_OK"
10707,10417700577,10417700723,1,"IOTHUB_CLIENT_CONFIRMATION_OK"
10708,10417700777,10417700815,1,"IOTHUB_CLIENT_CONFIRMATION_OK"
10709,10417700977,10417701050,1,"IOTHUB_CLIENT_CONFIRMATION_OK"
10710,10417701177,10417701213,1,"IOTHUB_CLIENT_CONFIRMATION_OK"
10711,10417701377,10417701406,1,"IOTHUB_CLIENT_CONFIRMATION_OK"
10712,10417701577,10417701624,1,"IOTHUB_CLIENT_CONFIRMATION_OK"
10713,10417701777,10417701845,1,"IOTHUB_CLIENT_CONFIRMATION_OK"
10714,10417701978,10417702020,1,"IOTHUB_CLIENT_CONFIRMATION_OK"
10715,10417702178,10417702215,1,"IOTHUB_CLIENT_CONFIRMATION_OK"
10716,10417702378,10417702441,1,"IOTHUB_CLIENT_CONFIRMATION_OK"
10717,10417702578,10417702690,1,"IOTHUB_CLIENT_CONFIRMATION_OK"
10718,10417702778,10417702821,1,"IOTHUB_CLIENT_CONFIRMATION_OK"
10719,10417702978,10417703029,1,"IOTHUB_CLIENT_CONFIRMATION_OK"
10720,10417703179,10417703390,1,"IOTHUB_CLIENT_CONFIRMATION_OK"
10721,10417703379,10417703422,1,"IOTHUB_CLIENT_CONFIRMATION_OK"
10722,10417703579,10417703624,1,"IOTHUB_CLIENT_CONFIRMATION_OK"
10723,10417703779,10417703818,1,"IOTHUB_CLIENT_CONFIRMATION_OK"
10724,10417703979,10417704030,1,"IOTHUB_CLIENT_CONFIRMATION_OK"
10725,10417704179,10417704278,1,"IOTHUB_CLIENT_CONFIRMATION_OK"
10726,10417704380,10417704415,1,"IOTHUB_CLIENT_CONFIRMATION_OK"
10727,10417704580,10417704814,1,"IOTHUB_CLIENT_CONFIRMATION_OK"
10728,10417704780,10417704846,1,"IOTHUB_CLIENT_CONFIRMATION_OK"
10729,10417704980,10417705019,1,"IOTHUB_CLIENT_CONFIRMATION_OK"
10730,10417705180,10417705345,1,"IOTHUB_CLIENT_CONFIRMATION_OK"
10731,10417705380,10417705424,1,"IOTHUB_CLIENT_CONFIRMATION_OK"
10732,10417705580,10417705644,1,"IOTHUB_CLIENT_CONFIRMATION_OK"
10733,10417705781,10417705818,1,"IOTHUB_CLIENT_CONFIRMATION_OK"
10734,10417705981,10417706058,1,"IOTHUB_CLIENT_CONFIRMATION_OK"
10735,10417706181,10417706224,1,"IOTHUB_CLIENT_CONFIRMATION_OK"
10736,10417706381,10417706419,1,"IOTHUB_CLIENT_CONFIRMATION_OK"
10737,10417706581,10417706655,1,"IOTHUB_CLIENT_CONFIRMATION_OK"
10738,10417706781,10417706837,1,"IOTHUB_CLIENT_CONFIRMATION_OK"
10739,10417706981,10417707021,1,"IOTHUB_CLIENT_CONFIRMATION_OK"
10740,10417707182,10417707237,1,"IOTHUB_CLIENT_CONFIRMATION_OK"
10741,10417707382,10417707434,1,"IOTHUB_CLIENT_CONFIRMATION_OK"
10742,10417707582,10417707624,1,"IOTHUB_CLIENT_CONFIRMATION_OK"
10743,10417707782,10417707822,1,"IOTHUB_CLIENT_CONFIRMATION_OK"
10744,10417707982,10417708018,1,"IOTHUB_CLIENT_CONFIRMATION_OK"
10745,10417708182,10417708235,1,"IOTHUB_CLIENT_CONFIRMATION_OK"
10746,10417708383,10417708516,1,"IOTHUB_CLIENT_CONFIRMATION_OK"
10747,10417708583,10417708637,1,"IOTHUB_CLIENT_CONFIRMATION_OK"
10748,10417708783,10417708831,1,"IOTHUB_CLIENT_CONFIRMATION_OK"
10749,10417708983,10417709136,1,"IOTHUB_CLIENT_CONFIRMATION_OK"
10750,10417709183,10417709227,1,"IOTHUB_CLIENT_CONFIRMATION_OK"
10751,10417709383,10417709426,1,"IOTHUB_CLIENT_CONFIRMATION_OK"
10752,10417709583,10417709629,1,"IOTHUB_CLIENT_CONFIRMATION_OK"
10753,10417709784,10417709839,1,"IOTHUB_CLIENT_CONFIRMATION_OK"
10754,10417709984,10417710034,1,"IOTHUB_CLIENT_CONFIRMATION_OK"
10755,10417710184,10417710214,1,"IOTHUB_CLIENT_CONFIRMATION_OK"
10756,10417710384,10417710428,1,"IOTHUB_CLIENT_CONFIRMATION_OK"
10757,10417710584,10417710630,1,"IOTHUB_CLIENT_CONFIRMATION_OK"
10758,10417710784,10417710823,1,"IOTHUB_CLIENT_CONFIRMATION_OK"
10759,10417710985,10417711028,1,"IOTHUB_CLIENT_CONFIRMATION_OK"
10760,10417711185,10417711231,1,"IOTHUB_CLIENT_CONFIRMATION_OK"
10761,10417711385,10417711436,1,"IOTHUB_CLIENT_CONFIRMATION_OK"
10762,10417711585,10417711776,1,"IOTHUB_CLIENT_CONFIRMATION_OK"
10763,10417711785,10417711831,1,"IOTHUB_CLIENT_CONFIRMATION_OK"
10764,10417711985,10417712031,1,"IOTHUB_CLIENT_CONFIRMATION_OK"
10765,10417712186,10417712246,1,"IOTHUB_CLIENT_CONFIRMATION_OK"
10766,10417712386,10417712428,1,"IOTHUB_CLIENT_CONFIRMATION_OK"
10767,10417712586,10417712624,1,"IOTHUB_CLIENT_CONFIRMATION_OK"
10768,10417712786,10417712823,1,"IOTHUB_CLIENT_CONFIRMATION_OK"
10769,10417712986,10417713047,1,"IOTHUB_CLIENT_CONFIRMATION_OK"
10770,10417713186,10417713230,1,"IOTHUB_CLIENT_CONFIRMATION_OK"
10771,10417713386,10417713428,1,"IOTHUB_CLIENT_CONFIRMATION_OK"
10772,10417713587,10417713649,1,"IOTHUB_CLIENT_CONFIRMATION_OK"
10773,10417713787,10417713834,1,"IOTHUB_CLIENT_CONFIRMATION_OK"
10774,10417713987,10417714028,1,"IOTHUB_CLIENT_CONFIRMATION_OK"
10775,10417714187,10417714278,1,"IOTHUB_CLIENT_CONFIRMATION_OK"
10776,10417714387,10417714429,1,"IOTHUB_CLIENT_CONFIRMATION_OK"
10777,10417714587,10417714624,1,"IOTHUB_CLIENT_CONFIRMATION_OK"
10778,10417714788,10417714905,1,"IOTHUB_CLIENT_CONFIRMATION_OK"
10779,10417714988,10417715097,1,"IOTHUB_CLIENT_CONFIRMATION_OK"
10780,10417715188,10417715273,1,"IOTHUB_CLIENT_CONFIRMATION_OK"
10781,10417715388,10417715453,1,"IOTHUB_CLIENT_CONFIRMATION_OK"
10782,10417715588,10417715652,1,"IOTHUB_CLIENT_CONFIRMATION_OK"
10783,10417715788,10417715828,1,"IOTHUB_CLIENT_CONFIRMATION_OK"
10784,10417715988,10417716026,1,"IOTHUB_CLIENT_CONFIRMATION_OK"
10785,10417716189,10417716222,1,"IOTHUB_CLIENT_CONFIRMATION_OK"
10786,10417716389,10417716425,1,"IOTHUB_CLIENT_CONFIRMATION_OK"
10787,10417716589,10417716626,1,"IOTHUB_CLIENT_CONFIRMATION_OK"
10788,10417716789,10417716831,1,"IOTHUB_CLIENT_CONFIRMATION_OK"
10789,10417716989,10417717037,1,"IOTHUB_CLIENT_CONFIRMATION_OK"
10790,10417717189,10417717228,1,"IOTHUB_CLIENT_CONFIRMATION_OK"
10791,10417717390,10417717572,1,"IOTHUB_CLIENT_CONFIRMATION_OK"
10792,10417717590,10417717647,1,"IOTHUB_CLIENT_CONFIRMATION_OK"
10793,10417717790,10417717827,1,"IOTHUB_CLIENT_CONFIRMATION_OK"
10794,10417717990,10417718036,1,"IOTHUB_CLIENT_CONFIRMATION_OK"
10795,10417718190,10417718270,1,"IOTHUB_CLIENT_CONFIRMATION_OK"
10796,10417718390,10417718430,1,"IOTHUB_CLIENT_CONFIRMATION_OK"
10797,10417718590,10417718627,1,"IOTHUB_CLIENT_CONFIRMATION_OK"
10798,10417718791,10417718843,1,"IOTHUB_CLIENT_CONFIRMATION_OK"
10799,10417718991,10417719030,1,"IOTHUB_CLIENT_CONFIRMATION_OK"
10800,10417719191,10417719241,1,"IOTHUB_CLIENT_CONFIRMATION_OK"
10801,10417719391,10417719465,1,"IOTHUB_CLIENT_CONFIRMATION_OK"
10802,10417719591,10417719716,1,"IOTHUB_CLIENT_CONFIRMATION_OK"
10803,10417719791,10417719840,1,"IOTHUB_CLIENT_CONFIRMATION_OK"
10804,10417719992,10417720061,1,"IOTHUB_CLIENT_CONFIRMATION_OK"
10805,10417720192,10417720257,1,"IOTHUB_CLIENT_CONFIRMATION_OK"
10806,10417720392,10417720435,1,"IOTHUB_CLIENT_CONFIRMATION_OK"
10807,10417720592,10417720658,1,"IOTHUB_CLIENT_CONFIRMATION_OK"
10808,10417720792,10417720829,1,"IOTHUB_CLIENT_CONFIRMATION_OK"
10809,10417720992,10417721088,1,"IOTHUB_CLIENT_CONFIRMATION_OK"
10810,10417721192,10417721494,1,"IOTHUB_CLIENT_CONFIRMATION_OK"
10811,10417721393,10417721534,1,"IOTHUB_CLIENT_CONFIRMATION_OK"
10812,10417721593,10417721643,1,"IOTHUB_CLIENT_CONFIRMATION_OK"
10813,10417721793,10417721851,1,"IOTHUB_CLIENT_CONFIRMATION_OK"
10814,10417721993,10417722073,1,"IOTHUB_CLIENT_CONFIRMATION_OK"
10815,10417722193,10417722250,1,"IOTHUB_CLIENT_CONFIRMATION_OK"
10816,10417722393,10417722449,1,"IOTHUB_CLIENT_CONFIRMATION_OK"
10817,10417722594,10417722652,1,"IOTHUB_CLIENT_CONFIRMATION_OK"
10818,10417722794,10417722841,1,"IOTHUB_CLIENT_CONFIRMATION_OK"
10819,10417722994,10417723073,1,"IOTHUB_CLIENT_CONFIRMATION_OK"
10820,10417723194,10417723366,1,"IOTHUB_CLIENT_CONFIRMATION_OK"
10821,10417723394,10417723440,1,"IOTHUB_CLIENT_CONFIRMATION_OK"
10822,10417723594,10417723636,1,"IOTHUB_CLIENT_CONFIRMATION_OK"
10823,10417723795,10417723852,1,"IOTHUB_CLIENT_CONFIRMATION_OK"
10824,10417723995,10417724040,1,"IOTHUB_CLIENT_CONFIRMATION_OK"
10825,10417724195,10417724253,1,"IOTHUB_CLIENT_CONFIRMATION_OK"
10826,10417724395,10417724439,1,"IOTHUB_CLIENT_CONFIRMATION_OK"
10827,10417724595,10417724646,1,"IOTHUB_CLIENT_CONFIRMATION_OK"
10828,10417724795,10417724839,1,"IOTHUB_CLIENT_CONFIRMATION_OK"
10829,10417724995,10417725037,1,"IOTHUB_CLIENT_CONFIRMATION_OK"
10830,10417725196,10417725341,1,"IOTHUB_CLIENT_CONFIRMATION_OK"
10831,10417725396,10417725517,1,"IOTHUB_CLIENT_CONFIRMATION_OK"
10832,10417725596,10417725653,1,"IOTHUB_CLIENT_CONFIRMATION_OK"
10833,10417725796,10417725851,1,"IOTHUB_CLIENT_CONFIRMATION_OK"
10834,10417725996,10417726042,1,"IOTHUB_CLIENT_CONFIRMATION_OK"
10835,10417726196,10417726241,1,"IOTHUB_CLIENT_CONFIRMATION_OK"
10836,10417726397,10417726622,1,"IOTHUB_CLIENT_CONFIRMATION_OK"
10837,10417726597,10417726641,1,"IOTHUB_CLIENT_CONFIRMATION_OK"
10838,10417726797,10417726832,1,"IOTHUB_CLIENT_CONFIRMATION_OK"
10839,10417726997,10417727042,1,"IOTHUB_CLIENT_CONFIRMATION_OK"
10840,10417727197,10417727247,1,"IOTHUB_CLIENT_CONFIRMATION_OK"
10841,10417727397,10417727442,1,"IOTHUB_CLIENT_CONFIRMATION_OK"
10842,10417727598,10417727640,1,"IOTHUB_CLIENT_CONFIRMATION_OK"
10843,10417727798,10417727863,1,"IOTHUB_CLIENT_CONFIRMATION_OK"
10844,10417727998,10417728059,1,"IOTHUB_CLIENT_CONFIRMATION_OK"
10845,10417728198,10417728248,1,"IOTHUB_CLIENT_CONFIRMATION_OK"
10846,10417728398,10417728470,1,"IOTHUB_CLIENT_CONFIRMATION_OK"
10847,10417728598,10417728647,1,"IOTHUB_CLIENT_CONFIRMATION_OK"
10848,10417728798,10417728839,1,"IOTHUB_CLIENT_CONFIRMATION_OK"
10849,10417728999,10417729082,1,"IOTHUB_CLIENT_CONFIRMATION_OK"
10850,10417729199,10417729236,1,"IOTHUB_CLIENT_CONFIRMATION_OK"
10851,10417729399,10417729458,1,"IOTHUB_CLIENT_CONFIRMATION_OK"
10852,10417729599,10417729646,1,"IOTHUB_CLIENT_CONFIRMATION_OK"
10853,10417729799,10417729838,1,"IOTHUB_CLIENT_CONFIRMATION_OK"
10854,10417729999,10417730062,1,"IOTHUB_CLIENT_CONFIRMATION_OK"
10855,10417730200,10417730250,1,"IOTHUB_CLIENT_CONFIRMATION_OK"
10856,10417730400,10417730433,1,"IOTHUB_CLIENT_CONFIRMATION_OK"
10857,10417730600,10417730637,1,"IOTHUB_CLIENT_CONFIRMATION_OK"
10858,10417730800,10417730871,1,"IOTHUB_CLIENT_CONFIRMATION_OK"
10859,10417731000,10417731115,1,"IOTHUB_CLIENT_CONFIRMATION_OK"
10860,10417731200,10417731255,1,"IOTHUB_CLIENT_CONFIRMATION_OK"
10861,10417731400,10417731458,1,"IOTHUB_CLIENT_CONFIRMATION_OK"
10862,10417731601,10417731743,1,"IOTHUB_CLIENT_CONFIRMATION_OK"
10863,10417731801,10417731851,1,"IOTHUB_CLIENT_CONFIRMATION_OK"
10864,10417732001,10417732068,1,"IOTHUB_CLIENT_CONFIRMATION_OK"
10865,10417732201,10417732257,1,"IOTHUB_CLIENT_CONFIRMATION_OK"
10866,10417732401,10417732458,1,"IOTHUB_CLIENT_CONFIRMATION_OK"
10867,10417732601,10417732651,1,"IOTHUB_CLIENT_CONFIRMATION_OK"
10868,10417732801,10417732846,1,"IOTHUB_CLIENT_CONFIRMATION_OK"
10869,10417733002,10417733071,1,"IOTHUB_CLIENT_CONFIRMATION_OK"
10870,10417733202,10417733240,1,"IOTHUB_CLIENT_CONFIRMATION_OK"
10871,10417733402,10417733464,1,"IOTHUB_CLIENT_CONFIRMATION_OK"
10872,10417733602,10417733658,1,"IOTHUB_CLIENT_CONFIRMATION_OK"
10873,10417733802,10417733848,1,"IOTHUB_CLIENT_CONFIRMATION_OK"
10874,10417734002,10417734042,1,"IOTHUB_CLIENT_CONFIRMATION_OK"
10875,10417734203,10417734245,1,"IOTHUB_CLIENT_CONFIRMATION_OK"
10876,10417734403,10417734451,1,"IOTHUB_CLIENT_CONFIRMATION_OK"
10877,10417734603,10417734644,1,"IOTHUB_CLIENT_CONFIRMATION_OK"
10878,10417734803,10417735046,1,"IOTHUB_CLIENT_CONFIRMATION_OK"
10879,10417735003,10417735068,1,"IOTHUB_CLIENT_CONFIRMATION_OK"
10880,10417735204,10417735252,1,"IOTHUB_CLIENT_CONFIRMATION_OK"
10881,10417735404,10417735442,1,"IOTHUB_CLIENT_CONFIRMATION_OK"
10882,10417735604,10417735701,1,"IOTHUB_CLIENT_CONFIRMATION_OK"
10883,10417735804,10417735842,1,"IOTHUB_CLIENT_CONFIRMATION_OK"
10884,10417736004,10417736050,1,"IOTHUB_CLIENT_CONFIRMATION_OK"
10885,10417736204,10417736354,1,"IOTHUB_CLIENT_CONFIRMATION_OK"
10886,10417736405,10417736437,1,"IOTHUB_CLIENT_CONFIRMATION_OK"
10887,10417736605,10417736644,1,"IOTHUB_CLIENT_CONFIRMATION_OK"
10888,10417736805,10417736857,1,"IOTHUB_CLIENT_CONFIRMATION_OK"
10889,10417737005,10417737047,1,"IOTHUB_CLIENT_CONFIRMATION_OK"
10890,10417737205,10417737250,1,"IOTHUB_CLIENT_CONFIRMATION_OK"
10891,10417737405,10417737465,1,"IOTHUB_CLIENT_CONFIRMATION_OK"
10892,10417737605,10417737648,1,"IOTHUB_CLIENT_CONFIRMATION_OK"
10893,10417737806,10417737847,1,"IOTHUB_CLIENT_CONFIRMATION_OK"
10894,10417738006,10417738048,1,"IOTHUB_CLIENT_CONFIRMATION_OK"
10895,10417738206,10417738242,1,"IOTHUB_CLIENT_CONFIRMATION_OK"
10896,10417738406,10417738454,1,"IOTHUB_CLIENT_CONFIRMATION_OK"
10897,10417738606,10417738645,1,"IOTHUB_CLIENT_CONFIRMATION_OK"
10898,10417738806,10417738889,1,"IOTHUB_CLIENT_CONFIRMATION_OK"
10899,10417739006,10417739053,1,"IOTHUB_CLIENT_CONFIRMATION_OK"
10900,10417739207,10417739243,1,"IOTHUB_CLIENT_CONFIRMATION_OK"
10901,10417739407,10417739504,1,"IOTHUB_CLIENT_CONFIRMATION_OK"
10902,10417739607,10417739671,1,"IOTHUB_CLIENT_CONFIRMATION_OK"
10903,10417739807,10417739847,1,"IOTHUB_CLIENT_CONFIRMATION_OK"
10904,10417740007,10417740112,1,"IOTHUB_CLIENT_CONFIRMATION_OK"
10905,10417740207,10417740266,1,"IOTHUB_CLIENT_CONFIRMATION_OK"
10906,10417740407,10417740481,1,"IOTHUB_CLIENT_CONFIRMATION_OK"
10907,10417740608,10417740741,1,"IOTHUB_CLIENT_CONFIRMATION_OK"
10908,10417740808,10417740848,1,"IOTHUB_CLIENT_CONFIRMATION_OK"
10909,10417741008,10417741074,1,"IOTHUB_CLIENT_CONFIRMATION_OK"
10910,10417741208,10417741256,1,"IOTHUB_CLIENT_CONFIRMATION_OK"
10911,10417741408,10417741446,1,"IOTHUB_CLIENT_CONFIRMATION_OK"
10912,10417741608,10417741648,1,"IOTHUB_CLIENT_CONFIRMATION_OK"
10913,10417741808,10417741928,1,"IOTHUB_CLIENT_CONFIRMATION_OK"
10914,10417742009,10417742045,1,"IOTHUB_CLIENT_CONFIRMATION_OK"
10915,10417742209,10417742246,1,"IOTHUB_CLIENT_CONFIRMATION_OK"
10916,10417742409,10417742454,1,"IOTHUB_CLIENT_CONFIRMATION_OK"
10917,10417742609,10417742665,1,"IOTHUB_CLIENT_CONFIRMATION_OK"
10918,10417742809,10417742844,1,"IOTHUB_CLIENT_CONFIRMATION_OK"
10919,10417743009,10417743101,1,"IOTHUB_CLIENT_CONFIRMATION_OK"
10920,10417743209,10417743405,1,"IOTHUB_CLIENT_CONFIRMATION_OK"
10921,10417743410,10417743451,1,"IOTHUB_CLIENT_CONFIRMATION_OK"
10922,10417743610,10417743671,1,"IOTHUB_CLIENT_CONFIRMATION_OK"
10923,10417743810,10417743851,1,"IOTHUB_CLIENT_CONFIRMATION_OK"
10924,10417744010,10417744053,1,"IOTHUB_CLIENT_CONFIRMATION_OK"
10925,10417744210,10417744331,1,"IOTHUB_CLIENT_CONFIRMATION_OK"
10926,10417744410,10417744461,1,"IOTHUB_CLIENT_CONFIRMATION_OK"
10927,10417744611,10417744664,1,"IOTHUB_CLIENT_CONFIRMATION_OK"
10928,10417744811,10417744851,1,"IOTHUB_CLIENT_CONFIRMATION_OK"
10929,10417745011,10417745046,1,"IOTHUB_CLIENT_CONFIRMATION_OK"
10930,10417745211,10417745253,1,"IOTHUB_CLIENT_CONFIRMATION_OK"
10931,10417745411,10417745440,1,"IOTHUB_CLIENT_CONFIRMATION_OK"
10932,10417745611,10417745655,1,"IOTHUB_CLIENT_CONFIRMATION_OK"
10933,10417745811,10417745852,1,"IOTHUB_CLIENT_CONFIRMATION_OK"
10934,10417746012,10417746043,1,"IOTHUB_CLIENT_CONFIRMATION_OK"
10935,10417746212,10417746256,1,"IOTHUB_CLIENT_CONFIRMATION_OK"
10936,10417746412,10417746452,1,"IOTHUB_CLIENT_CONFIRMATION_OK"
10937,10417746612,10417746652,1,"IOTHUB_CLIENT_CONFIRMATION_OK"
10938,10417746812,10417746887,1,"IOTHUB_CLIENT_CONFIRMATION_OK"
10939,10417747013,10417747068,1,"IOTHUB_CLIENT_CONFIRMATION_OK"
10940,10417747213,10417747304,1,"IOTHUB_CLIENT_CONFIRMATION_OK"
10941,10417747413,10417747563,1,"IOTHUB_CLIENT_CONFIRMATION_OK"
10942,10417747613,10417747653,1,"IOTHUB_CLIENT_CONFIRMATION_OK"
10943,10417747813,10417747849,1,"IOTHUB_CLIENT_CONFIRMATION_OK"
10944,10417748013,10417748061,1,"IOTHUB_CLIENT_CONFIRMATION_OK"
10945,10417748214,10417748257,1,"IOTHUB_CLIENT_CONFIRMATION_OK"
10946,10417748414,10417748497,1,"IOTHUB_CLIENT_CONFIRMATION_OK"
10947,10417748614,10417748662,1,"IOTHUB_CLIENT_CONFIRMATION_OK"
10948,10417748814,10417748860,1,"IOTHUB_CLIENT_CONFIRMATION_OK"
10949,10417749014,10417749236,1,"IOTHUB_CLIENT_CONFIRMATION_OK"
10950,10417749214,10417749260,1,"IOTHUB_CLIENT_CONFIRMATION_OK"
10951,10417749415,10417749451,1,"IOTHUB_CLIENT_CONFIRMATION_OK"
10952,10417749615,10417749661,1,"IOTHUB_CLIENT_CONFIRMATION_OK"
10953,10417749815,10417749860,1,"IOTHUB_CLIENT_CONFIRMATION_OK"
10954,10417750015,10417750060,1,"IOTHUB_CLIENT_CONFIRMATION_OK"
10955,10417750215,10417750265,1,"IOTHUB_CLIENT_CONFIRMATION_OK"
10956,10417750415,10417750520,1,"IOTHUB_CLIENT_CONFIRMATION_OK"
10957,10417750616,10417750654,1,"IOTHUB_CLIENT_CONFIRMATION_OK"
10958,10417750816,10417750858,1,"IOTHUB_CLIENT_CONFIRMATION_OK"
10959,10417751016,10417751137,1,"IOTHUB_CLIENT_CONFIRMATION_OK"
10960,10417751216,10417751263,1,"IOTHUB_CLIENT_CONFIRMATION_OK"
10961,10417751416,10417751459,1,"IOTHUB_CLIENT_CONFIRMATION_OK"
10962,10417751616,10417751745,1,"IOTHUB_CLIENT_CONFIRMATION_OK"
10963,10417751816,10417751882,1,"IOTHUB_CLIENT_CONFIRMATION_OK"
10964,10417752017,10417752053,1,"IOTHUB_CLIENT_CONFIRMATION_OK"
10965,10417752217,10417752282,1,"IOTHUB_CLIENT_CONFIRMATION_OK"
10966,10417752417,10417752479,1,"IOTHUB_CLIENT_CONFIRMATION_OK"
10967,10417752617,10417752655,1,"IOTHUB_CLIENT_CONFIRMATION_OK"
10968,10417752817,10417752860,1,"IOTHUB_CLIENT_CONFIRMATION_OK"
10969,10417753017,10417753060,1,"IOTHUB_CLIENT_CONFIRMATION_OK"
10970,10417753217,10417753290,1,"IOTHUB_CLIENT_CONFIRMATION_OK"
10971,10417753418,10417753464,1,"IOTHUB_CLIENT_CONFIRMATION_OK"
10972,10417753618,10417753667,1,"IOTHUB_CLIENT_CONFIRMATION_OK"
10973,10417753818,10417753853,1,"IOTHUB_CLIENT_CONFIRMATION_OK"
10974,10417754018,10417754112,1,"IOTHUB_CLIENT_CONFIRMATION_OK"
10975,10417754218,10417754265,1,"IOTHUB_CLIENT_CONFIRMATION_OK"
10976,10417754418,10417754501,1,"IOTHUB_CLIENT_CONFIRMATION_OK"
10977,10417754619,10417754667,1,"IOTHUB_CLIENT_CONFIRMATION_OK"
10978,10417754819,10417755076,1,"IOTHUB_CLIENT_CONFIRMATION_OK"
10979,10417755019,10417755093,1,"IOTHUB_CLIENT_CONFIRMATION_OK"
10980,10417755219,10417755272,1,"IOTHUB_CLIENT_CONFIRMATION_OK"
10981,10417755419,10417755458,1,"IOTHUB_CLIENT_CONFIRMATION_OK"
10982,10417755619,10417755680,1,"IOTHUB_CLIENT_CONFIRMATION_OK"
10983,10417755820,10417755884,1,"IOTHUB_CLIENT_CONFIRMATION_OK"
10984,10417756020,10417756065,1,"IOTHUB_CLIENT_CONFIRMATION_OK"
10985,10417756220,10417756274,1,"IOTHUB_CLIENT_CONFIRMATION_OK"
10986,10417756420,10417756455,1,"IOTHUB_CLIENT_CONFIRMATION_OK"
10987,10417756620,10417756670,1,"IOTHUB_CLIENT_CONFIRMATION_OK"
10988,10417756820,10417756869,1,"IOTHUB_CLIENT_CONFIRMATION_OK"
10989,10417757021,10417757110,1,"IOTHUB_CLIENT_CONFIRMATION_OK"
10990,10417757221,10417757335,1,"IOTHUB_CLIENT_CONFIRMATION_OK"
10991,10417757421,10417757463,1,"IOTHUB_CLIENT_CONFIRMATION_OK"
10992,10417757621,10417757665,1,"IOTHUB_CLIENT_CONFIRMATION_OK"
10993,10417757821,10417757889,1,"IOTHUB_CLIENT_CONFIRMATION_OK"
10994,10417758021,10417758066,1,"IOTHUB_CLIENT_CONFIRMATION_OK"
10995,10417758221,10417758259,1,"IOTHUB_CLIENT_CONFIRMATION_OK"
10996,10417758422,10417758461,1,"IOTHUB_CLIENT_CONFIRMATION_OK"
10997,10417758622,10417758670,1,"IOTHUB_CLIENT_CONFIRMATION_OK"
10998,10417758822,10417758906,1,"IOTHUB_CLIENT_CONFIRMATION_OK"
10999,10417759022,10417759060,1,"IOTHUB_CLIENT_CONFIRMATION_OK"
11000,10417759222,10417759266,1,"IOTHUB_CLIENT_CONFIRMATION_OK"
11001,10417759422,10417759501,1,"IOTHUB_CLIENT_CONFIRMATION_OK"
11002,10417759623,10417759684,1,"IOTHUB_CLIENT_CONFIRMATION_OK"
11003,10417759823,10417759860,1,"IOTHUB_CLIENT_CONFIRMATION_OK"
11004,10417760023,10417760108,1,"IOTHUB_CLIENT_CONFIRMATION_OK"
11005,10417760223,10417760264,1,"IOTHUB_CLIENT_CONFIRMATION_OK"
11006,10417760423,10417760468,1,"IOTHUB_CLIENT_CONFIRMATION_OK"
11007,10417760623,10417760704,1,"IOTHUB_CLIENT_CONFIRMATION_OK"
11008,10417760823,10417760860,1,"IOTHUB_CLIENT_CONFIRMATION_OK"
11009,10417761024,10417761075,1,"IOTHUB_CLIENT_CONFIRMATION_OK"
11010,10417761224,10417761266,1,"IOTHUB_CLIENT_CONFIRMATION_OK"
11011,10417761424,10417761500,1,"IOTHUB_CLIENT_CONFIRMATION_OK"
11012,10417761624,10417761656,1,"IOTHUB_CLIENT_CONFIRMATION_OK"
11013,10417761824,10417761869,1,"IOTHUB_CLIENT_CONFIRMATION_OK"
11014,10417762024,10417762064,1,"IOTHUB_CLIENT_CONFIRMATION_OK"
11015,10417762225,10417762264,1,"IOTHUB_CLIENT_CONFIRMATION_OK"
11016,10417762425,10417762470,1,"IOTHUB_CLIENT_CONFIRMATION_OK"
11017,10417762625,10417762762,1,"IOTHUB_CLIENT_CONFIRMATION_OK"
11018,10417762825,10417762862,1,"IOTHUB_CLIENT_CONFIRMATION_OK"
11019,10417763025,10417763068,1,"IOTHUB_CLIENT_CONFIRMATION_OK"
11020,10417763225,10417763389,1,"IOTHUB_CLIENT_CONFIRMATION_OK"
11021,10417763425,10417763466,1,"IOTHUB_CLIENT_CONFIRMATION_OK"
11022,10417763626,10417763665,1,"IOTHUB_CLIENT_CONFIRMATION_OK"
11023,10417763826,10417763868,1,"IOTHUB_CLIENT_CONFIRMATION_OK"
11024,10417764026,10417764070,1,"IOTHUB_CLIENT_CONFIRMATION_OK"
11025,10417764226,10417764272,1,"IOTHUB_CLIENT_CONFIRMATION_OK"
11026,10417764426,10417764474,1,"IOTHUB_CLIENT_CONFIRMATION_OK"
11027,10417764626,10417764666,1,"IOTHUB_CLIENT_CONFIRMATION_OK"
11028,10417764827,10417764932,1,"IOTHUB_CLIENT_CONFIRMATION_OK"
11029,10417765027,10417765061,1,"IOTHUB_CLIENT_CONFIRMATION_OK"
11030,10417765227,10417765273,1,"IOTHUB_CLIENT_CONFIRMATION_OK"
11031,10417765427,10417765504,1,"IOTHUB_CLIENT_CONFIRMATION_OK"
11032,10417765627,10417765694,1,"IOTHUB_CLIENT_CONFIRMATION_OK"
11033,10417765827,10417765890,1,"IOTHUB_CLIENT_CONFIRMATION_OK"
11034,10417766028,10417766066,1,"IOTHUB_CLIENT_CONFIRMATION_OK"
11035,10417766228,10417766274,1,"IOTHUB_CLIENT_CONFIRMATION_OK"
11036,10417766428,10417766472,1,"IOTHUB_CLIENT_CONFIRMATION_OK"
11037,10417766628,10417766669,1,"IOTHUB_CLIENT_CONFIRMATION_OK"
11038,10417766828,10417766875,1,"IOTHUB_CLIENT_CONFIRMATION_OK"
11039,10417767028,10417767098,1,"IOTHUB_CLIENT_CONFIRMATION_OK"
11040,10417767228,10417767278,1,"IOTHUB_CLIENT_CONFIRMATION_OK"
11041,10417767429,10417767482,1,"IOTHUB_CLIENT_CONFIRMATION_OK"
11042,10417767629,10417767672,1,"IOTHUB_CLIENT_CONFIRMATION_OK"
11043,10417767829,10417767912,1,"IOTHUB_CLIENT_CONFIRMATION_OK"
11044,10417768029,10417768072,1,"IOTHUB_CLIENT_CONFIRMATION_OK"
11045,10417768229,10417768279,1,"IOTHUB_CLIENT_CONFIRMATION_OK"
11046,10417768429,10417768508,1,"IOTHUB_CLIENT_CONFIRMATION_OK"
11047,10417768630,10417768670,1,"IOTHUB_CLIENT_CONFIRMATION_OK"
11048,10417768830,10417768871,1,"IOTHUB_CLIENT_CONFIRMATION_OK"
11049,10417769030,10417769112,1,"IOTHUB_CLIENT_CONFIRMATION_OK"
11050,10417769230,10417769291,1,"IOTHUB_CLIENT_CONFIRMATION_OK"
11051,10417769430,10417769479,1,"IOTHUB_CLIENT_CONFIRMATION_OK"
11052,10417769630,10417769691,1,"IOTHUB_CLIENT_CONFIRMATION_OK"
11053,10417769831,10417769866,1,"IOTHUB_CLIENT_CONFIRMATION_OK"
11054,10417770031,10417770079,1,"IOTHUB_CLIENT_CONFIRMATION_OK"
11055,10417770231,10417770274,1,"IOTHUB_CLIENT_CONFIRMATION_OK"
11056,10417770431,10417770470,1,"IOTHUB_CLIENT_CONFIRMATION_OK"
11057,10417770631,10417770679,1,"IOTHUB_CLIENT_CONFIRMATION_OK"
11058,10417770831,10417770875,1,"IOTHUB_CLIENT_CONFIRMATION_OK"
11059,10417771031,10417771087,1,"IOTHUB_CLIENT_CONFIRMATION_OK"
11060,10417771232,10417771275,1,"IOTHUB_CLIENT_CONFIRMATION_OK"
11061,10417771432,10417771467,1,"IOTHUB_CLIENT_CONFIRMATION_OK"
11062,10417771632,10417771812,1,"IOTHUB_CLIENT_CONFIRMATION_OK"
11063,10417771832,10417771870,1,"IOTHUB_CLIENT_CONFIRMATION_OK"
11064,10417772032,10417772073,1,"IOTHUB_CLIENT_CONFIRMATION_OK"
11065,10417772232,10417772285,1,"IOTHUB_CLIENT_CONFIRMATION_OK"
11066,10417772433,10417772545,1,"IOTHUB_CLIENT_CONFIRMATION_OK"
11067,10417772633,10417772671,1,"IOTHUB_CLIENT_CONFIRMATION_OK"
11068,10417772833,10417772883,1,"IOTHUB_CLIENT_CONFIRMATION_OK"
11069,10417773033,10417773081,1,"IOTHUB_CLIENT_CONFIRMATION_OK"
11070,10417773233,10417773744,1,"IOTHUB_CLIENT_CONFIRMATION_OK"
11071,10417773433,10417773875,1,"IOTHUB_CLIENT_CONFIRMATION_OK"
11072,10417773633,10417773908,1,"IOTHUB_CLIENT_CONFIRMATION_OK"
11073,10417773834,10417773939,1,"IOTHUB_CLIENT_CONFIRMATION_OK"
11074,10417774034,10417774088,1,"IOTHUB_CLIENT_CONFIRMATION_OK"
11075,10417774234,10417774284,1,"IOTHUB_CLIENT_CONFIRMATION_OK"
11076,10417774434,10417774476,1,"IOTHUB_CLIENT_CONFIRMATION_OK"
11077,10417774634,10417774676,1,"IOTHUB_CLIENT_CONFIRMATION_OK"
11078,10417774834,10417775061,1,"IOTHUB_CLIENT_CONFIRMATION_OK"
11079,10417775035,10417775081,1,"IOTHUB_CLIENT_CONFIRMATION_OK"
11080,10417775235,10417775282,1,"IOTHUB_CLIENT_CONFIRMATION_OK"
11081,10417775435,10417775480,1,"IOTHUB_CLIENT_CONFIRMATION_OK"
11082,10417775635,10417775677,1,"IOTHUB_CLIENT_CONFIRMATION_OK"
11083,10417775835,10417775960,1,"IOTHUB_CLIENT_CONFIRMATION_OK"
11084,10417776035,10417776099,1,"IOTHUB_CLIENT_CONFIRMATION_OK"
11085,10417776236,10417776282,1,"IOTHUB_CLIENT_CONFIRMATION_OK"
11086,10417776436,10417776506,1,"IOTHUB_CLIENT_CONFIRMATION_OK"
11087,10417776636,10417776675,1,"IOTHUB_CLIENT_CONFIRMATION_OK"
11088,10417776836,10417776902,1,"IOTHUB_CLIENT_CONFIRMATION_OK"
11089,10417777036,10417777073,1,"IOTHUB_CLIENT_CONFIRMATION_OK"
11090,10417777236,10417777275,1,"IOTHUB_CLIENT_CONFIRMATION_OK"
11091,10417777437,10417777751,1,"IOTHUB_CLIENT_CONFIRMATION_OK"
11092,10417777637,10417777814,1,"IOTHUB_CLIENT_CONFIRMATION_OK"
11093,10417777837,10417777890,1,"IOTHUB_CLIENT_CONFIRMATION_OK"
11094,10417778037,10417778084,1,"IOTHUB_CLIENT_CONFIRMATION_OK"
11095,10417778237,10417778296,1,"IOTHUB_CLIENT_CONFIRMATION_OK"
11096,10417778437,10417778495,1,"IOTHUB_CLIENT_CONFIRMATION_OK"
11097,10417778637,10417778706,1,"IOTHUB_CLIENT_CONFIRMATION_OK"
11098,10417778838,10417778889,1,"IOTHUB_CLIENT_CONFIRMATION_OK"
11099,10417779038,10417779101,1,"IOTHUB_CLIENT_CONFIRMATION_OK"
11100,10417779238,10417779282,1,"IOTHUB_CLIENT_CONFIRMATION_OK"
11101,10417779438,10417779557,1,"IOTHUB_CLIENT_CONFIRMATION_OK"
11102,10417779638,10417779734,1,"IOTHUB_CLIENT_CONFIRMATION_OK"
11103,10417779838,10417779886,1,"IOTHUB_CLIENT_CONFIRMATION_OK"
11104,10417780039,10417780173,1,"IOTHUB_CLIENT_CONFIRMATION_OK"
11105,10417780239,10417780277,1,"IOTHUB_CLIENT_CONFIRMATION_OK"
11106,10417780439,10417780497,1,"IOTHUB_CLIENT_CONFIRMATION_OK"
11107,10417780639,10417780757,1,"IOTHUB_CLIENT_CONFIRMATION_OK"
11108,10417780839,10417780892,1,"IOTHUB_CLIENT_CONFIRMATION_OK"
11109,10417781039,10417781083,1,"IOTHUB_CLIENT_CONFIRMATION_OK"
11110,10417781240,10417781283,1,"IOTHUB_CLIENT_CONFIRMATION_OK"
11111,10417781440,10417781591,1,"IOTHUB_CLIENT_CONFIRMATION_OK"
11112,10417781640,10417781672,1,"IOTHUB_CLIENT_CONFIRMATION_OK"
11113,10417781840,10417781885,1,"IOTHUB_CLIENT_CONFIRMATION_OK"
11114,10417782040,10417782099,1,"IOTHUB_CLIENT_CONFIRMATION_OK"
11115,10417782240,10417782318,1,"IOTHUB_CLIENT_CONFIRMATION_OK"
11116,10417782441,10417782498,1,"IOTHUB_CLIENT_CONFIRMATION_OK"
11117,10417782641,10417782698,1,"IOTHUB_CLIENT_CONFIRMATION_OK"
11118,10417782841,10417782922,1,"IOTHUB_CLIENT_CONFIRMATION_OK"
11119,10417783041,10417783188,1,"IOTHUB_CLIENT_CONFIRMATION_OK"
11120,10417783241,10417783428,1,"IOTHUB_CLIENT_CONFIRMATION_OK"
11121,10417783441,10417783494,1,"IOTHUB_CLIENT_CONFIRMATION_OK"
11122,10417783641,10417783708,1,"IOTHUB_CLIENT_CONFIRMATION_OK"
11123,10417783842,10417783882,1,"IOTHUB_CLIENT_CONFIRMATION_OK"
11124,10417784042,10417784080,1,"IOTHUB_CLIENT_CONFIRMATION_OK"
11125,10417784242,10417784286,1,"IOTHUB_CLIENT_CONFIRMATION_OK"
11126,10417784442,10417784485,1,"IOTHUB_CLIENT_CONFIRMATION_OK"
11127,10417784642,10417784686,1,"IOTHUB_CLIENT_CONFIRMATION_OK"
11128,10417784842,10417784882,1,"IOTHUB_CLIENT_CONFIRMATION_OK"
11129,10417785043,10417785075,1,"IOTHUB_CLIENT_CONFIRMATION_OK"
11130,10417785243,10417785340,1,"IOTHUB_CLIENT_CONFIRMATION_OK"
11131,10417785443,10417785488,1,"IOTHUB_CLIENT_CONFIRMATION_OK"
11132,10417785643,10417785732,1,"IOTHUB_CLIENT_CONFIRMATION_OK"
11133,10417785843,10417785905,1,"IOTHUB_CLIENT_CONFIRMATION_OK"
11134,10417786043,10417786098,1,"IOTHUB_CLIENT_CONFIRMATION_OK"
11135,10417786244,10417786293,1,"IOTHUB_CLIENT_CONFIRMATION_OK"
11136,10417786444,10417786515,1,"IOTHUB_CLIENT_CONFIRMATION_OK"
11137,10417786644,10417786707,1,"IOTHUB_CLIENT_CONFIRMATION_OK"
11138,10417786844,10417786900,1,"IOTHUB_CLIENT_CONFIRMATION_OK"
11139,10417787044,10417787101,1,"IOTHUB_CLIENT_CONFIRMATION_OK"
11140,10417787244,10417787283,1,"IOTHUB_CLIENT_CONFIRMATION_OK"
11141,10417787444,10417787516,1,"IOTHUB_CLIENT_CONFIRMATION_OK"
11142,10417787645,10417787695,1,"IOTHUB_CLIENT_CONFIRMATION_OK"
11143,10417787845,10417787935,1,"IOTHUB_CLIENT_CONFIRMATION_OK"
11144,10417788045,10417788096,1,"IOTHUB_CLIENT_CONFIRMATION_OK"
11145,10417788245,10417788305,1,"IOTHUB_CLIENT_CONFIRMATION_OK"
11146,10417788445,10417788544,1,"IOTHUB_CLIENT_CONFIRMATION_OK"
11147,10417788645,10417788713,1,"IOTHUB_CLIENT_CONFIRMATION_OK"
11148,10417788846,10417788891,1,"IOTHUB_CLIENT_CONFIRMATION_OK"
11149,10417789046,10417789252,1,"IOTHUB_CLIENT_CONFIRMATION_OK"
11150,10417789246,10417789287,1,"IOTHUB_CLIENT_CONFIRMATION_OK"
11151,10417789446,10417789483,1,"IOTHUB_CLIENT_CONFIRMATION_OK"
11152,10417789646,10417789693,1,"IOTHUB_CLIENT_CONFIRMATION_OK"
11153,10417789846,10417789908,1,"IOTHUB_CLIENT_CONFIRMATION_OK"
11154,10417790046,10417790086,1,"IOTHUB_CLIENT_CONFIRMATION_OK"
11155,10417790247,10417790307,1,"IOTHUB_CLIENT_CONFIRMATION_OK"
11156,10417790447,10417790490,1,"IOTHUB_CLIENT_CONFIRMATION_OK"
11157,10417790647,10417790720,1,"IOTHUB_CLIENT_CONFIRMATION_OK"
11158,10417790847,10417790906,1,"IOTHUB_CLIENT_CONFIRMATION_OK"
11159,10417791047,10417791094,1,"IOTHUB_CLIENT_CONFIRMATION_OK"
11160,10417791247,10417791297,1,"IOTHUB_CLIENT_CONFIRMATION_OK"
11161,10417791447,10417791519,1,"IOTHUB_CLIENT_CONFIRMATION_OK"
11162,10417791648,10417791816,1,"IOTHUB_CLIENT_CONFIRMATION_OK"
11163,10417791848,10417791896,1,"IOTHUB_CLIENT_CONFIRMATION_OK"
11164,10417792048,10417792083,1,"IOTHUB_CLIENT_CONFIRMATION_OK"
11165,10417792248,10417792298,1,"IOTHUB_CLIENT_CONFIRMATION_OK"
11166,10417792448,10417792501,1,"IOTHUB_CLIENT_CONFIRMATION_OK"
11167,10417792648,10417792689,1,"IOTHUB_CLIENT_CONFIRMATION_OK"
11168,10417792849,10417792906,1,"IOTHUB_CLIENT_CONFIRMATION_OK"
11169,10417793049,10417793102,1,"IOTHUB_CLIENT_CONFIRMATION_OK"
11170,10417793249,10417793298,1,"IOTHUB_CLIENT_CONFIRMATION_OK"
11171,10417793449,10417793485,1,"IOTHUB_CLIENT_CONFIRMATION_OK"
11172,10417793649,10417793688,1,"IOTHUB_CLIENT_CONFIRMATION_OK"
11173,10417793849,10417793915,1,"IOTHUB_CLIENT_CONFIRMATION_OK"
11174,10417794050,10417794105,1,"IOTHUB_CLIENT_CONFIRMATION_OK"
11175,10417794250,10417794302,1,"IOTHUB_CLIENT_CONFIRMATION_OK"
11176,10417794450,10417794494,1,"IOTHUB_CLIENT_CONFIRMATION_OK"
11177,10417794650,10417794691,1,"IOTHUB_CLIENT_CONFIRMATION_OK"
11178,10417794850,10417794887,1,"IOTHUB_CLIENT_CONFIRMATION_OK"
11179,10417795050,10417795093,1,"IOTHUB_CLIENT_CONFIRMATION_OK"
11180,10417795250,10417795289,1,"IOTHUB_CLIENT_CONFIRMATION_OK"
11181,10417795451,10417795507,1,"IOTHUB_CLIENT_CONFIRMATION_OK"
11182,10417795651,10417795742,1,"IOTHUB_CLIENT_CONFIRMATION_OK"
11183,10417795851,10417795925,1,"IOTHUB_CLIENT_CONFIRMATION_OK"
11184,10417796051,10417796094,1,"IOTHUB_CLIENT_CONFIRMATION_OK"
11185,10417796251,10417796359,1,"IOTHUB_CLIENT_CONFIRMATION_OK"
11186,10417796451,10417796494,1,"IOTHUB_CLIENT_CONFIRMATION_OK"
11187,10417796652,10417796705,1,"IOTHUB_CLIENT_CONFIRMATION_OK"
11188,10417796852,10417796949,1,"IOTHUB_CLIENT_CONFIRMATION_OK"
11189,10417797052,10417797110,1,"IOTHUB_CLIENT_CONFIRMATION_OK"
11190,10417797252,10417797294,1,"IOTHUB_CLIENT_CONFIRMATION_OK"
11191,10417797452,10417797556,1,"IOTHUB_CLIENT_CONFIRMATION_OK"
11192,10417797652,10417797698,1,"IOTHUB_CLIENT_CONFIRMATION_OK"
11193,10417797852,10417797908,1,"IOTHUB_CLIENT_CONFIRMATION_OK"
11194,10417798053,10417798102,1,"IOTHUB_CLIENT_CONFIRMATION_OK"
11195,10417798253,10417798308,1,"IOTHUB_CLIENT_CONFIRMATION_OK"
11196,10417798453,10417798499,1,"IOTHUB_CLIENT_CONFIRMATION_OK"
11197,10417798653,10417798749,1,"IOTHUB_CLIENT_CONFIRMATION_OK"
11198,10417798853,10417798910,1,"IOTHUB_CLIENT_CONFIRMATION_OK"
11199,10417799053,10417799112,1,"IOTHUB_CLIENT_CONFIRMATION_OK"
11200,10417799253,10417799297,1,"IOTHUB_CLIENT_CONFIRMATION_OK"
11201,10417799454,10417799513,1,"IOTHUB_CLIENT_CONFIRMATION_OK"
11202,10417799654,10417799707,1,"IOTHUB_CLIENT_CONFIRMATION_OK"
11203,10417799854,10417799922,1,"IOTHUB_CLIENT_CONFIRMATION_OK"
11204,10417800054,10417800245,1,"IOTHUB_CLIENT_CONFIRMATION_OK"
11205,10417800254,10417800293,1,"IOTHUB_CLIENT_CONFIRMATION_OK"
11206,10417800454,10417800491,1,"IOTHUB_CLIENT_CONFIRMATION_OK"
11207,10417800655,10417800849,1,"IOTHUB_CLIENT_CONFIRMATION_OK"
11208,10417800855,10417800902,1,"IOTHUB_CLIENT_CONFIRMATION_OK"
11209,10417801055,10417801126,1,"IOTHUB_CLIENT_CONFIRMATION_OK"
11210,10417801255,10417801299,1,"IOTHUB_CLIENT_CONFIRMATION_OK"
11211,10417801455,10417801511,1,"IOTHUB_CLIENT_CONFIRMATION_OK"
11212,10417801655,10417801703,1,"IOTHUB_CLIENT_CONFIRMATION_OK"
11213,10417801855,10417801917,1,"IOTHUB_CLIENT_CONFIRMATION_OK"
11214,10417802056,10417802108,1,"IOTHUB_CLIENT_CONFIRMATION_OK"
11215,10417802256,10417802301,1,"IOTHUB_CLIENT_CONFIRMATION_OK"
11216,10417802456,10417802499,1,"IOTHUB_CLIENT_CONFIRMATION_OK"
11217,10417802656,10417802700,1,"IOTHUB_CLIENT_CONFIRMATION_OK"
11218,10417802856,10417802893,1,"IOTHUB_CLIENT_CONFIRMATION_OK"
11219,10417803056,10417803116,1,"IOTHUB_CLIENT_CONFIRMATION_OK"
11220,10417803257,10417803337,1,"IOTHUB_CLIENT_CONFIRMATION_OK"
11221,10417803457,10417803499,1,"IOTHUB_CLIENT_CONFIRMATION_OK"
11222,10417803657,10417803695,1,"IOTHUB_CLIENT_CONFIRMATION_OK"
11223,10417803857,10417803911,1,"IOTHUB_CLIENT_CONFIRMATION_OK"
11224,10417804057,10417804118,1,"IOTHUB_CLIENT_CONFIRMATION_OK"
11225,10417804257,10417804307,1,"IOTHUB_CLIENT_CONFIRMATION_OK"
11226,10417804457,10417804503,1,"IOTHUB_CLIENT_CONFIRMATION_OK"
11227,10417804658,10417804726,1,"IOTHUB_CLIENT_CONFIRMATION_OK"
11228,10417804858,10417804904,1,"IOTHUB_CLIENT_CONFIRMATION_OK"
11229,10417805058,10417805108,1,"IOTHUB_CLIENT_CONFIRMATION_OK"
11230,10417805258,10417805326,1,"IOTHUB_CLIENT_CONFIRMATION_OK"
11231,10417805458,10417805494,1,"IOTHUB_CLIENT_CONFIRMATION_OK"
11232,10417805658,10417805697,1,"IOTHUB_CLIENT_CONFIRMATION_OK"
11233,10417805858,10417805962,1,"IOTHUB_CLIENT_CONFIRMATION_OK"
11234,10417806059,10417806107,1,"IOTHUB_CLIENT_CONFIRMATION_OK"
11235,10417806259,10417806304,1,"IOTHUB_CLIENT_CONFIRMATION_OK"
11236,10417806459,10417806556,1,"IOTHUB_CLIENT_CONFIRMATION_OK"
11237,10417806659,10417806695,1,"IOTHUB_CLIENT_CONFIRMATION_OK"
11238,10417806859,10417806902,1,"IOTHUB_CLIENT_CONFIRMATION_OK"
11239,10417807059,10417807120,1,"IOTHUB_CLIENT_CONFIRMATION_OK"
11240,10417807260,10417807297,1,"IOTHUB_CLIENT_CONFIRMATION_OK"
11241,10417807460,10417807506,1,"IOTHUB_CLIENT_CONFIRMATION_OK"
11242,10417807660,10417807704,1,"IOTHUB_CLIENT_CONFIRMATION_OK"
11243,10417807860,10417807967,1,"IOTHUB_CLIENT_CONFIRMATION_OK"
11244,10417808060,10417808116,1,"IOTHUB_CLIENT_CONFIRMATION_OK"
11245,10417808260,10417808306,1,"IOTHUB_CLIENT_CONFIRMATION_OK"
11246,10417808461,10417808594,1,"IOTHUB_CLIENT_CONFIRMATION_OK"
11247,10417808661,10417808797,1,"IOTHUB_CLIENT_CONFIRMATION_OK"
11248,10417808861,10417808914,1,"IOTHUB_CLIENT_CONFIRMATION_OK"
11249,10417809061,10417809207,1,"IOTHUB_CLIENT_CONFIRMATION_OK"
11250,10417809261,10417809304,1,"IOTHUB_CLIENT_CONFIRMATION_OK"
11251,10417809461,10417809505,1,"IOTHUB_CLIENT_CONFIRMATION_OK"
11252,10417809661,10417809708,1,"IOTHUB_CLIENT_CONFIRMATION_OK"
11253,10417809862,10417809906,1,"IOTHUB_CLIENT_CONFIRMATION_OK"
11254,10417810062,10417810105,1,"IOTHUB_CLIENT_CONFIRMATION_OK"
11255,10417810262,10417810320,1,"IOTHUB_CLIENT_CONFIRMATION_OK"
11256,10417810462,10417810509,1,"IOTHUB_CLIENT_CONFIRMATION_OK"
11257,10417810662,10417810698,1,"IOTHUB_CLIENT_CONFIRMATION_OK"
11258,10417810862,10417810901,1,"IOTHUB_CLIENT_CONFIRMATION_OK"
11259,10417811062,10417811129,1,"IOTHUB_CLIENT_CONFIRMATION_OK"
11260,10417811263,10417811298,1,"IOTHUB_CLIENT_CONFIRMATION_OK"
11261,10417811463,10417811511,1,"IOTHUB_CLIENT_CONFIRMATION_OK"
11262,10417811663,10417811725,1,"IOTHUB_CLIENT_CONFIRMATION_OK"
11263,10417811863,10417811977,1,"IOTHUB_CLIENT_CONFIRMATION_OK"
11264,10417812063,10417812102,1,"IOTHUB_CLIENT_CONFIRMATION_OK"
11265,10417812263,10417812312,1,"IOTHUB_CLIENT_CONFIRMATION_OK"
11266,10417812464,10417812504,1,"IOTHUB_CLIENT_CONFIRMATION_OK"
11267,10417812664,10417812709,1,"IOTHUB_CLIENT_CONFIRMATION_OK"
11268,10417812864,10417812903,1,"IOTHUB_CLIENT_CONFIRMATION_OK"
11269,10417813064,10417813126,1,"IOTHUB_CLIENT_CONFIRMATION_OK"
11270,10417813264,10417813320,1,"IOTHUB_CLIENT_CONFIRMATION_OK"
11271,10417813464,10417813521,1,"IOTHUB_CLIENT_CONFIRMATION_OK"
11272,10417813664,10417813703,1,"IOTHUB_CLIENT_CONFIRMATION_OK"
11273,10417813865,10417813908,1,"IOTHUB_CLIENT_CONFIRMATION_OK"
11274,10417814065,10417814111,1,"IOTHUB_CLIENT_CONFIRMATION_OK"
11275,10417814265,10417814376,1,"IOTHUB_CLIENT_CONFIRMATION_OK"
11276,10417814465,10417814503,1,"IOTHUB_CLIENT_CONFIRMATION_OK"
11277,10417814665,10417814714,1,"IOTHUB_CLIENT_CONFIRMATION_OK"
11278,10417814865,10417815040,1,"IOTHUB_CLIENT_CONFIRMATION_OK"
11279,10417815066,10417815110,1,"IOTHUB_CLIENT_CONFIRMATION_OK"
11280,10417815266,10417815312,1,"IOTHUB_CLIENT_CONFIRMATION_OK"
11281,10417815466,10417815517,1,"IOTHUB_CLIENT_CONFIRMATION_OK"
11282,10417815666,10417815714,1,"IOTHUB_CLIENT_CONFIRMATION_OK"
11283,10417815866,10417815904,1,"IOTHUB_CLIENT_CONFIRMATION_OK"
11284,10417816066,10417816181,1,"IOTHUB_CLIENT_CONFIRMATION_OK"
11285,10417816266,10417816303,1,"IOTHUB_CLIENT_CONFIRMATION_OK"
11286,10417816467,10417816547,1,"IOTHUB_CLIENT_CONFIRMATION_OK"
11287,10417816667,10417816708,1,"IOTHUB_CLIENT_CONFIRMATION_OK"
11288,10417816867,10417816912,1,"IOTHUB_CLIENT_CONFIRMATION_OK"
11289,10417817067,10417817113,1,"IOTHUB_CLIENT_CONFIRMATION_OK"
11290,10417817267,10417817310,1,"IOTHUB_CLIENT_CONFIRMATION_OK"
11291,10417817467,10417817650,1,"IOTHUB_CLIENT_CONFIRMATION_OK"
11292,10417817667,10417817707,1,"IOTHUB_CLIENT_CONFIRMATION_OK"
11293,10417817868,10417817923,1,"IOTHUB_CLIENT_CONFIRMATION_OK"
11294,10417818068,10417818113,1,"IOTHUB_CLIENT_CONFIRMATION_OK"
11295,10417818268,10417818307,1,"IOTHUB_CLIENT_CONFIRMATION_OK"
11296,10417818468,10417818511,1,"IOTHUB_CLIENT_CONFIRMATION_OK"
11297,10417818668,10417818717,1,"IOTHUB_CLIENT_CONFIRMATION_OK"
11298,10417818868,10417818921,1,"IOTHUB_CLIENT_CONFIRMATION_OK"
11299,10417819069,10417819110,1,"IOTHUB_CLIENT_CONFIRMATION_OK"
11300,10417819269,10417819334,1,"IOTHUB_CLIENT_CONFIRMATION_OK"
11301,10417819469,10417819541,1,"IOTHUB_CLIENT_CONFIRMATION_OK"
11302,10417819669,10417819806,1,"IOTHUB_CLIENT_CONFIRMATION_OK"
11303,10417819869,10417819911,1,"IOTHUB_CLIENT_CONFIRMATION_OK"
11304,10417820069,10417820109,1,"IOTHUB_CLIENT_CONFIRMATION_OK"
11305,10417820269,10417820306,1,"IOTHUB_CLIENT_CONFIRMATION_OK"
11306,10417820470,10417820542,1,"IOTHUB_CLIENT_CONFIRMATION_OK"
11307,10417820670,10417820741,1,"IOTHUB_CLIENT_CONFIRMATION_OK"
11308,10417820870,10417820908,1,"IOTHUB_CLIENT_CONFIRMATION_OK"
11309,10417821070,10417821135,1,"IOTHUB_CLIENT_CONFIRMATION_OK"
11310,10417821270,10417821307,1,"IOTHUB_CLIENT_CONFIRMATION_OK"
11311,10417821470,10417821512,1,"IOTHUB_CLIENT_CONFIRMATION_OK"
11312,10417821670,10417821725,1,"IOTHUB_CLIENT_CONFIRMATION_OK"
11313,10417821871,10417821923,1,"IOTHUB_CLIENT_CONFIRMATION_OK"
11314,10417822071,10417822130,1,"IOTHUB_CLIENT_CONFIRMATION_OK"
11315,10417822271,10417822315,1,"IOTHUB_CLIENT_CONFIRMATION_OK"
11316,10417822471,10417822517,1,"IOTHUB_CLIENT_CONFIRMATION_OK"
11317,10417822671,10417822733,1,"IOTHUB_CLIENT_CONFIRMATION_OK"
11318,10417822872,10417822924,1,"IOTHUB_CLIENT_CONFIRMATION_OK"
11319,10417823072,10417823113,1,"IOTHUB_CLIENT_CONFIRMATION_OK"
11320,10417823272,10417823394,1,"IOTHUB_CLIENT_CONFIRMATION_OK"
11321,10417823472,10417823531,1,"IOTHUB_CLIENT_CONFIRMATION_OK"
11322,10417823672,10417823722,1,"IOTHUB_CLIENT_CONFIRMATION_OK"
11323,10417823872,10417823923,1,"IOTHUB_CLIENT_CONFIRMATION_OK"
11324,10417824072,10417824136,1,"IOTHUB_CLIENT_CONFIRMATION_OK"
11325,10417824273,10417824415,1,"IOTHUB_CLIENT_CONFIRMATION_OK"
11326,10417824473,10417824518,1,"IOTHUB_CLIENT_CONFIRMATION_OK"
11327,10417824673,10417824716,1,"IOTHUB_CLIENT_CONFIRMATION_OK"
11328,10417824873,10417824919,1,"IOTHUB_CLIENT_CONFIRMATION_OK"
11329,10417825073,10417825121,1,"IOTHUB_CLIENT_CONFIRMATION_OK"
11330,10417825273,10417825333,1,"IOTHUB_CLIENT_CONFIRMATION_OK"
11331,10417825474,10417825521,1,"IOTHUB_CLIENT_CONFIRMATION_OK"
11332,10417825674,10417825717,1,"IOTHUB_CLIENT_CONFIRMATION_OK"
11333,10417825874,10417825917,1,"IOTHUB_CLIENT_CONFIRMATION_OK"
11334,10417826074,10417826123,1,"IOTHUB_CLIENT_CONFIRMATION_OK"
11335,10417826274,10417826320,1,"IOTHUB_CLIENT_CONFIRMATION_OK"
11336,10417826474,10417826709,1,"IOTHUB_CLIENT_CONFIRMATION_OK"
11337,10417826674,10417826740,1,"IOTHUB_CLIENT_CONFIRMATION_OK"
11338,10417826875,10417826911,1,"IOTHUB_CLIENT_CONFIRMATION_OK"
11339,10417827075,10417827125,1,"IOTHUB_CLIENT_CONFIRMATION_OK"
11340,10417827275,10417827320,1,"IOTHUB_CLIENT_CONFIRMATION_OK"
11341,10417827475,10417827513,1,"IOTHUB_CLIENT_CONFIRMATION_OK"
11342,10417827675,10417827714,1,"IOTHUB_CLIENT_CONFIRMATION_OK"
11343,10417827875,10417827913,1,"IOTHUB_CLIENT_CONFIRMATION_OK"
11344,10417828075,10417828128,1,"IOTHUB_CLIENT_CONFIRMATION_OK"
11345,10417828276,10417828313,1,"IOTHUB_CLIENT_CONFIRMATION_OK"
11346,10417828476,10417828556,1,"IOTHUB_CLIENT_CONFIRMATION_OK"
11347,10417828676,10417828714,1,"IOTHUB_CLIENT_CONFIRMATION_OK"
11348,10417828876,10417828917,1,"IOTHUB_CLIENT_CONFIRMATION_OK"
11349,10417829076,10417829142,1,"IOTHUB_CLIENT_CONFIRMATION_OK"
11350,10417829276,10417829330,1,"IOTHUB_CLIENT_CONFIRMATION_OK"
11351,10417829476,10417829517,1,"IOTHUB_CLIENT_CONFIRMATION_OK"
11352,10417829677,10417829753,1,"IOTHUB_CLIENT_CONFIRMATION_OK"
11353,10417829877,10417829917,1,"IOTHUB_CLIENT_CONFIRMATION_OK"
11354,10417830077,10417830116,1,"IOTHUB_CLIENT_CONFIRMATION_OK"
11355,10417830277,10417830323,1,"IOTHUB_CLIENT_CONFIRMATION_OK"
11356,10417830477,10417830567,1,"IOTHUB_CLIENT_CONFIRMATION_OK"
11357,10417830677,10417830963,1,"IOTHUB_CLIENT_CONFIRMATION_OK"
11358,10417830877,10417831052,1,"IOTHUB_CLIENT_CONFIRMATION_OK"
11359,10417831078,10417831232,1,"IOTHUB_CLIENT_CONFIRMATION_OK"
11360,10417831278,10417831344,1,"IOTHUB_CLIENT_CONFIRMATION_OK"
11361,10417831478,10417831516,1,"IOTHUB_CLIENT_CONFIRMATION_OK"
11362,10417831678,10417831851,1,"IOTHUB_CLIENT_CONFIRMATION_OK"
11363,10417831878,10417831915,1,"IOTHUB_CLIENT_CONFIRMATION_OK"
11364,10417832078,10417832130,1,"IOTHUB_CLIENT_CONFIRMATION_OK"
11365,10417832278,10417832325,1,"IOTHUB_CLIENT_CONFIRMATION_OK"
11366,10417832479,10417832533,1,"IOTHUB_CLIENT_CONFIRMATION_OK"
11367,10417832679,10417832738,1,"IOTHUB_CLIENT_CONFIRMATION_OK"
11368,10417832879,10417832914,1,"IOTHUB_CLIENT_CONFIRMATION_OK"
11369,10417833079,10417833128,1,"IOTHUB_CLIENT_CONFIRMATION_OK"
11370,10417833279,10417833320,1,"IOTHUB_CLIENT_CONFIRMATION_OK"
11371,10417833479,10417833524,1,"IOTHUB_CLIENT_CONFIRMATION_OK"
11372,10417833680,10417833744,1,"IOTHUB_CLIENT_CONFIRMATION_OK"
11373,10417833880,10417833929,1,"IOTHUB_CLIENT_CONFIRMATION_OK"
11374,10417834080,10417834115,1,"IOTHUB_CLIENT_CONFIRMATION_OK"
11375,10417834280,10417834323,1,"IOTHUB_CLIENT_CONFIRMATION_OK"
11376,10417834480,10417834522,1,"IOTHUB_CLIENT_CONFIRMATION_OK"
11377,10417834681,10417834735,1,"IOTHUB_CLIENT_CONFIRMATION_OK"
11378,10417834881,10417834936,1,"IOTHUB_CLIENT_CONFIRMATION_OK"
11379,10417835081,10417835126,1,"IOTHUB_CLIENT_CONFIRMATION_OK"
11380,10417835281,10417835322,1,"IOTHUB_CLIENT_CONFIRMATION_OK"
11381,10417835481,10417835541,1,"IOTHUB_CLIENT_CONFIRMATION_OK"
11382,10417835681,10417835806,1,"IOTHUB_CLIENT_CONFIRMATION_OK"
11383,10417835881,10417835944,1,"IOTHUB_CLIENT_CONFIRMATION_OK"
11384,10417836082,10417836126,1,"IOTHUB_CLIENT_CONFIRMATION_OK"
11385,10417836282,10417836390,1,"IOTHUB_CLIENT_CONFIRMATION_OK"
11386,10417836482,10417836526,1,"IOTHUB_CLIENT_CONFIRMATION_OK"
11387,10417836682,10417836727,1,"IOTHUB_CLIENT_CONFIRMATION_OK"
11388,10417836882,10417836971,1,"IOTHUB_CLIENT_CONFIRMATION_OK"
11389,10417837082,10417837120,1,"IOTHUB_CLIENT_CONFIRMATION_OK"
11390,10417837283,10417837344,1,"IOTHUB_CLIENT_CONFIRMATION_OK"
11391,10417837483,10417837569,1,"IOTHUB_CLIENT_CONFIRMATION_OK"
11392,10417837683,10417837724,1,"IOTHUB_CLIENT_CONFIRMATION_OK"
11393,10417837883,10417837926,1,"IOTHUB_CLIENT_CONFIRMATION_OK"
11394,10417838083,10417838127,1,"IOTHUB_CLIENT_CONFIRMATION_OK"
11395,10417838283,10417838341,1,"IOTHUB_CLIENT_CONFIRMATION_OK"
11396,10417838483,10417838534,1,"IOTHUB_CLIENT_CONFIRMATION_OK"
11397,10417838684,10417838736,1,"IOTHUB_CLIENT_CONFIRMATION_OK"
11398,10417838884,10417838926,1,"IOTHUB_CLIENT_CONFIRMATION_OK"
11399,10417839084,10417839126,1,"IOTHUB_CLIENT_CONFIRMATION_OK"
11400,10417839284,10417839322,1,"IOTHUB_CLIENT_CONFIRMATION_OK"
11401,10417839484,10417839598,1,"IOTHUB_CLIENT_CONFIRMATION_OK"
11402,10417839684,10417839727,1,"IOTHUB_CLIENT_CONFIRMATION_OK"
11403,10417839885,10417839956,1,"IOTHUB_CLIENT_CONFIRMATION_OK"
11404,10417840085,10417840237,1,"IOTHUB_CLIENT_CONFIRMATION_OK"
11405,10417840285,10417840340,1,"IOTHUB_CLIENT_CONFIRMATION_OK"
11406,10417840485,10417840530,1,"IOTHUB_CLIENT_CONFIRMATION_OK"
11407,10417840685,10417840840,1,"IOTHUB_CLIENT_CONFIRMATION_OK"
11408,10417840885,10417840925,1,"IOTHUB_CLIENT_CONFIRMATION_OK"
11409,10417841085,10417841123,1,"IOTHUB_CLIENT_CONFIRMATION_OK"
11410,10417841286,10417841324,1,"IOTHUB_CLIENT_CONFIRMATION_OK"
11411,10417841486,10417841529,1,"IOTHUB_CLIENT_CONFIRMATION_OK"
11412,10417841686,10417841736,1,"IOTHUB_CLIENT_CONFIRMATION_OK"
11413,10417841886,10417841927,1,"IOTHUB_CLIENT_CONFIRMATION_OK"
11414,10417842086,10417842135,1,"IOTHUB_CLIENT_CONFIRMATION_OK"
11415,10417842286,10417842325,1,"IOTHUB_CLIENT_CONFIRMATION_OK"
11416,10417842487,10417842535,1,"IOTHUB_CLIENT_CONFIRMATION_OK"
11417,10417842687,10417842745,1,"IOTHUB_CLIENT_CONFIRMATION_OK"
11418,10417842887,10417842942,1,"IOTHUB_CLIENT_CONFIRMATION_OK"
11419,10417843087,10417843126,1,"IOTHUB_CLIENT_CONFIRMATION_OK"
11420,10417843287,10417843387,1,"IOTHUB_CLIENT_CONFIRMATION_OK"
11421,10417843487,10417843518,1,"IOTHUB_CLIENT_CONFIRMATION_OK"
11422,10417843688,10417843807,1,"IOTHUB_CLIENT_CONFIRMATION_OK"
11423,10417843888,10417844015,1,"IOTHUB_CLIENT_CONFIRMATION_OK"
11424,10417844088,10417844136,1,"IOTHUB_CLIENT_CONFIRMATION_OK"
11425,10417844288,10417844332,1,"IOTHUB_CLIENT_CONFIRMATION_OK"
11426,10417844488,10417844525,1,"IOTHUB_CLIENT_CONFIRMATION_OK"
11427,10417844688,10417844729,1,"IOTHUB_CLIENT_CONFIRMATION_OK"
11428,10417844888,10417844933,1,"IOTHUB_CLIENT_CONFIRMATION_OK"
11429,10417845089,10417845132,1,"IOTHUB_CLIENT_CONFIRMATION_OK"
11430,10417845289,10417845354,1,"IOTHUB_CLIENT_CONFIRMATION_OK"
11431,10417845489,10417845530,1,"IOTHUB_CLIENT_CONFIRMATION_OK"
11432,10417845689,10417845727,1,"IOTHUB_CLIENT_CONFIRMATION_OK"
11433,10417845889,10417846041,1,"IOTHUB_CLIENT_CONFIRMATION_OK"
11434,10417846089,10417846127,1,"IOTHUB_CLIENT_CONFIRMATION_OK"
11435,10417846290,10417846340,1,"IOTHUB_CLIENT_CONFIRMATION_OK"
11436,10417846490,10417846728,1,"IOTHUB_CLIENT_CONFIRMATION_OK"
11437,10417846690,10417846775,1,"IOTHUB_CLIENT_CONFIRMATION_OK"
11438,10417846890,10417846919,1,"IOTHUB_CLIENT_CONFIRMATION_OK"
11439,10417847090,10417847205,1,"IOTHUB_CLIENT_CONFIRMATION_OK"
11440,10417847290,10417847417,1,"IOTHUB_CLIENT_CONFIRMATION_OK"
11441,10417847490,10417847531,1,"IOTHUB_CLIENT_CONFIRMATION_OK"
11442,10417847691,10417847728,1,"IOTHUB_CLIENT_CONFIRMATION_OK"
11443,10417847891,10417847940,1,"IOTHUB_CLIENT_CONFIRMATION_OK"
11444,10417848091,10417848146,1,"IOTHUB_CLIENT_CONFIRMATION_OK"
11445,10417848291,10417848330,1,"IOTHUB_CLIENT_CONFIRMATION_OK"
11446,10417848491,10417848536,1,"IOTHUB_CLIENT_CONFIRMATION_OK"
11447,10417848691,10417848743,1,"IOTHUB_CLIENT_CONFIRMATION_OK"
11448,10417848892,10417849061,1,"IOTHUB_CLIENT_CONFIRMATION_OK"
11449,10417849092,10417849316,1,"IOTHUB_CLIENT_CONFIRMATION_OK"
11450,10417849292,10417849335,1,"IOTHUB_CLIENT_CONFIRMATION_OK"
11451,10417849492,10417849538,1,"IOTHUB_CLIENT_CONFIRMATION_OK"
11452,10417849692,10417849736,1,"IOTHUB_CLIENT_CONFIRMATION_OK"
11453,10417849893,10417849949,1,"IOTHUB_CLIENT_CONFIRMATION_OK"
11454,10417850093,10417850191,1,"IOTHUB_CLIENT_CONFIRMATION_OK"
11455,10417850293,10417850349,1,"IOTHUB_CLIENT_CONFIRMATION_OK"
11456,10417850493,10417850539,1,"IOTHUB_CLIENT_CONFIRMATION_OK"
11457,10417850693,10417850738,1,"IOTHUB_CLIENT_CONFIRMATION_OK"
11458,10417850893,10417850987,1,"IOTHUB_CLIENT_CONFIRMATION_OK"
11459,10417851094,10417851137,1,"IOTHUB_CLIENT_CONFIRMATION_OK"
11460,10417851294,10417851421,1,"IOTHUB_CLIENT_CONFIRMATION_OK"
11461,10417851494,10417851548,1,"IOTHUB_CLIENT_CONFIRMATION_OK"
11462,10417851694,10417851755,1,"IOTHUB_CLIENT_CONFIRMATION_OK"
11463,10417851894,10417851959,1,"IOTHUB_CLIENT_CONFIRMATION_OK"
11464,10417852094,10417852136,1,"IOTHUB_CLIENT_CONFIRMATION_OK"
11465,10417852294,10417852334,1,"IOTHUB_CLIENT_CONFIRMATION_OK"
11466,10417852495,10417852538,1,"IOTHUB_CLIENT_CONFIRMATION_OK"
11467,10417852695,10417852758,1,"IOTHUB_CLIENT_CONFIRMATION_OK"
11468,10417852895,10417852937,1,"IOTHUB_CLIENT_CONFIRMATION_OK"
11469,10417853095,10417853145,1,"IOTHUB_CLIENT_CONFIRMATION_OK"
11470,10417853295,10417853381,1,"IOTHUB_CLIENT_CONFIRMATION_OK"
11471,10417853495,10417853532,1,"IOTHUB_CLIENT_CONFIRMATION_OK"
11472,10417853696,10417853750,1,"IOTHUB_CLIENT_CONFIRMATION_OK"
11473,10417853896,10417853943,1,"IOTHUB_CLIENT_CONFIRMATION_OK"
11474,10417854096,10417854133,1,"IOTHUB_CLIENT_CONFIRMATION_OK"
11475,10417854296,10417854510,1,"IOTHUB_CLIENT_CONFIRMATION_OK"
11476,10417854496,10417854544,1,"IOTHUB_CLIENT_CONFIRMATION_OK"
11477,10417854696,10417854751,1,"IOTHUB_CLIENT_CONFIRMATION_OK"
11478,10417854896,10417854938,1,"IOTHUB_CLIENT_CONFIRMATION_OK"
11479,10417855097,10417855140,1,"IOTHUB_CLIENT_CONFIRMATION_OK"
11480,10417855297,10417855342,1,"IOTHUB_CLIENT_CONFIRMATION_OK"
11481,10417855497,10417855534,1,"IOTHUB_CLIENT_CONFIRMATION_OK"
11482,10417855697,10417855788,1,"IOTHUB_CLIENT_CONFIRMATION_OK"
11483,10417855897,10417855965,1,"IOTHUB_CLIENT_CONFIRMATION_OK"
11484,10417856097,10417856150,1,"IOTHUB_CLIENT_CONFIRMATION_OK"
11485,10417856298,10417856365,1,"IOTHUB_CLIENT_CONFIRMATION_OK"
11486,10417856498,10417856539,1,"IOTHUB_CLIENT_CONFIRMATION_OK"
11487,10417856698,10417856741,1,"IOTHUB_CLIENT_CONFIRMATION_OK"
11488,10417856898,10417856964,1,"IOTHUB_CLIENT_CONFIRMATION_OK"
11489,10417857098,10417857170,1,"IOTHUB_CLIENT_CONFIRMATION_OK"
11490,10417857298,10417857340,1,"IOTHUB_CLIENT_CONFIRMATION_OK"
11491,10417857499,10417857676,1,"IOTHUB_CLIENT_CONFIRMATION_OK"
11492,10417857699,10417857735,1,"IOTHUB_CLIENT_CONFIRMATION_OK"
11493,10417857899,10417857939,1,"IOTHUB_CLIENT_CONFIRMATION_OK"
11494,10417858099,10417858154,1,"IOTHUB_CLIENT_CONFIRMATION_OK"
11495,10417858299,10417858342,1,"IOTHUB_CLIENT_CONFIRMATION_OK"
11496,10417858499,10417858540,1,"IOTHUB_CLIENT_CONFIRMATION_OK"
11497,10417858700,10417858742,1,"IOTHUB_CLIENT_CONFIRMATION_OK"
11498,10417858900,10417858941,1,"IOTHUB_CLIENT_CONFIRMATION_OK"
11499,10417859100,10417859151,1,"IOTHUB_CLIENT_CONFIRMATION_OK"
11500,10417859300,10417859340,1,"IOTHUB_CLIENT_CONFIRMATION_OK"
11501,10417859500,10417859601,1,"IOTHUB_CLIENT_CONFIRMATION_OK"
11502,10417859700,10417859739,1,"IOTHUB_CLIENT_CONFIRMATION_OK"
11503,10417859900,10417859941,1,"IOTHUB_CLIENT_CONFIRMATION_OK"
11504,10417860101,10417860253,1,"IOTHUB_CLIENT_CONFIRMATION_OK"
11505,10417860301,10417860441,1,"IOTHUB_CLIENT_CONFIRMATION_OK"
11506,10417860501,10417860538,1,"IOTHUB_CLIENT_CONFIRMATION_OK"
11507,10417860701,10417860889,1,"IOTHUB_CLIENT_CONFIRMATION_OK"
11508,10417860902,10417860940,1,"IOTHUB_CLIENT_CONFIRMATION_OK"
11509,10417861102,10417861149,1,"IOTHUB_CLIENT_CONFIRMATION_OK"
11510,10417861302,10417861343,1,"IOTHUB_CLIENT_CONFIRMATION_OK"
11511,10417861502,10417861538,1,"IOTHUB_CLIENT_CONFIRMATION_OK"
11512,10417861702,10417861745,1,"IOTHUB_CLIENT_CONFIRMATION_OK"
11513,10417861902,10417861958,1,"IOTHUB_CLIENT_CONFIRMATION_OK"
11514,10417862102,10417862138,1,"IOTHUB_CLIENT_CONFIRMATION_OK"
11515,10417862303,10417862346,1,"IOTHUB_CLIENT_CONFIRMATION_OK"
11516,10417862503,10417862539,1,"IOTHUB_CLIENT_CONFIRMATION_OK"
11517,10417862703,10417862762,1,"IOTHUB_CLIENT_CONFIRMATION_OK"
11518,10417862903,10417862969,1,"IOTHUB_CLIENT_CONFIRMATION_OK"
11519,10417863103,10417863149,1,"IOTHUB_CLIENT_CONFIRMATION_OK"
11520,10417863304,10417863423,1,"IOTHUB_CLIENT_CONFIRMATION_OK"
11521,10417863504,10417863562,1,"IOTHUB_CLIENT_CONFIRMATION_OK"
11522,10417863704,10417863746,1,"IOTHUB_CLIENT_CONFIRMATION_OK"
11523,10417863904,10417863974,1,"IOTHUB_CLIENT_CONFIRMATION_OK"
11524,10417864104,10417864139,1,"IOTHUB_CLIENT_CONFIRMATION_OK"
11525,10417864304,10417864351,1,"IOTHUB_CLIENT_CONFIRMATION_OK"
11526,10417864505,10417864583,1,"IOTHUB_CLIENT_CONFIRMATION_OK"
11527,10417864705,10417864754,1,"IOTHUB_CLIENT_CONFIRMATION_OK"
11528,10417864905,10417864959,1,"IOTHUB_CLIENT_CONFIRMATION_OK"
11529,10417865105,10417865155,1,"IOTHUB_CLIENT_CONFIRMATION_OK"
11530,10417865305,10417865364,1,"IOTHUB_CLIENT_CONFIRMATION_OK"
11531,10417865505,10417865546,1,"IOTHUB_CLIENT_CONFIRMATION_OK"
11532,10417865705,10417865752,1,"IOTHUB_CLIENT_CONFIRMATION_OK"
11533,10417865906,10417866066,1,"IOTHUB_CLIENT_CONFIRMATION_OK"
11534,10417866106,10417866181,1,"IOTHUB_CLIENT_CONFIRMATION_OK"
11535,10417866306,10417866345,1,"IOTHUB_CLIENT_CONFIRMATION_OK"
11536,10417866506,10417866670,1,"IOTHUB_CLIENT_CONFIRMATION_OK"
11537,10417866706,10417866768,1,"IOTHUB_CLIENT_CONFIRMATION_OK"
11538,10417866906,10417866950,1,"IOTHUB_CLIENT_CONFIRMATION_OK"
11539,10417867107,10417867155,1,"IOTHUB_CLIENT_CONFIRMATION_OK"
11540,10417867307,10417867354,1,"IOTHUB_CLIENT_CONFIRMATION_OK"
11541,10417867507,10417867552,1,"IOTHUB_CLIENT_CONFIRMATION_OK"
11542,10417867707,10417867744,1,"IOTHUB_CLIENT_CONFIRMATION_OK"
11543,10417867907,10417867957,1,"IOTHUB_CLIENT_CONFIRMATION_OK"
11544,10417868107,10417868156,1,"IOTHUB_CLIENT_CONFIRMATION_OK"
11545,10417868308,10417868367,1,"IOTHUB_CLIENT_CONFIRMATION_OK"
11546,10417868508,10417868545,1,"IOTHUB_CLIENT_CONFIRMATION_OK"
11547,10417868708,10417868744,1,"IOTHUB_CLIENT_CONFIRMATION_OK"
11548,10417868908,10417868952,1,"IOTHUB_CLIENT_CONFIRMATION_OK"
11549,10417869108,10417869171,1,"IOTHUB_CLIENT_CONFIRMATION_OK"
11550,10417869308,10417869400,1,"IOTHUB_CLIENT_CONFIRMATION_OK"
11551,10417869508,10417869561,1,"IOTHUB_CLIENT_CONFIRMATION_OK"
11552,10417869709,10417869756,1,"IOTHUB_CLIENT_CONFIRMATION_OK"
11553,10417869909,10417869991,1,"IOTHUB_CLIENT_CONFIRMATION_OK"
11554,10417870109,10417870173,1,"IOTHUB_CLIENT_CONFIRMATION_OK"
11555,10417870309,10417870354,1,"IOTHUB_CLIENT_CONFIRMATION_OK"
11556,10417870509,10417870596,1,"IOTHUB_CLIENT_CONFIRMATION_OK"
11557,10417870710,10417870765,1,"IOTHUB_CLIENT_CONFIRMATION_OK"
11558,10417870910,10417870950,1,"IOTHUB_CLIENT_CONFIRMATION_OK"
11559,10417871110,10417871208,1,"IOTHUB_CLIENT_CONFIRMATION_OK"
11560,10417871310,10417871366,1,"IOTHUB_CLIENT_CONFIRMATION_OK"
11561,10417871510,10417871563,1,"IOTHUB_CLIENT_CONFIRMATION_OK"
11562,10417871710,10417871817,1,"IOTHUB_CLIENT_CONFIRMATION_OK"
11563,10417871911,10417871974,1,"IOTHUB_CLIENT_CONFIRMATION_OK"
11564,10417872111,10417872149,1,"IOTHUB_CLIENT_CONFIRMATION_OK"
11565,10417872311,10417872400,1,"IOTHUB_CLIENT_CONFIRMATION_OK"
11566,10417872511,10417872564,1,"IOTHUB_CLIENT_CONFIRMATION_OK"
11567,10417872711,10417872782,1,"IOTHUB_CLIENT_CONFIRMATION_OK"
11568,10417872911,10417872951,1,"IOTHUB_CLIENT_CONFIRMATION_OK"
11569,10417873111,10417873152,1,"IOTHUB_CLIENT_CONFIRMATION_OK"
11570,10417873312,10417873364,1,"IOTHUB_CLIENT_CONFIRMATION_OK"
11571,10417873512,10417873562,1,"IOTHUB_CLIENT_CONFIRMATION_OK"
11572,10417873712,10417873768,1,"IOTHUB_CLIENT_CONFIRMATION_OK"
11573,10417873912,10417873964,1,"IOTHUB_CLIENT_CONFIRMATION_OK"
11574,10417874112,10417874178,1,"IOTHUB_CLIENT_CONFIRMATION_OK"
11575,10417874312,10417874359,1,"IOTHUB_CLIENT_CONFIRMATION_OK"
11576,10417874513,10417874584,1,"IOTHUB_CLIENT_CONFIRMATION_OK"
11577,10417874713,10417874764,1,"IOTHUB_CLIENT_CONFIRMATION_OK"
11578,10417874913,10417875083,1,"IOTHUB_CLIENT_CONFIRMATION_OK"
11579,10417875113,10417875162,1,"IOTHUB_CLIENT_CONFIRMATION_OK"
11580,10417875313,10417875364,1,"IOTHUB_CLIENT_CONFIRMATION_OK"
11581,10417875513,10417875559,1,"IOTHUB_CLIENT_CONFIRMATION_OK"
11582,10417875713,10417875754,1,"IOTHUB_CLIENT_CONFIRMATION_OK"
11583,10417875914,10417875959,1,"IOTHUB_CLIENT_CONFIRMATION_OK"
11584,10417876114,10417876166,1,"IOTHUB_CLIENT_CONFIRMATION_OK"
11585,10417876314,10417876352,1,"IOTHUB_CLIENT_CONFIRMATION_OK"
11586,10417876514,10417876561,1,"IOTHUB_CLIENT_CONFIRMATION_OK"
11587,10417876714,10417876770,1,"IOTHUB_CLIENT_CONFIRMATION_OK"
11588,10417876914,10417877016,1,"IOTHUB_CLIENT_CONFIRMATION_OK"
11589,10417877115,10417877161,1,"IOTHUB_CLIENT_CONFIRMATION_OK"
11590,10417877315,10417877363,1,"IOTHUB_CLIENT_CONFIRMATION_OK"
11591,10417877515,10417877563,1,"IOTHUB_CLIENT_CONFIRMATION_OK"
11592,10417877715,10417877759,1,"IOTHUB_CLIENT_CONFIRMATION_OK"
11593,10417877915,10417877951,1,"IOTHUB_CLIENT_CONFIRMATION_OK"
11594,10417878115,10417878187,1,"IOTHUB_CLIENT_CONFIRMATION_OK"
11595,10417878316,10417878465,1,"IOTHUB_CLIENT_CONFIRMATION_OK"
11596,10417878516,10417878608,1,"IOTHUB_CLIENT_CONFIRMATION_OK"
11597,10417878716,10417878763,1,"IOTHUB_CLIENT_CONFIRMATION_OK"
11598,10417878916,10417878957,1,"IOTHUB_CLIENT_CONFIRMATION_OK"
11599,10417879116,10417879153,1,"IOTHUB_CLIENT_CONFIRMATION_OK"
11600,10417879316,10417879374,1,"IOTHUB_CLIENT_CONFIRMATION_OK"
11601,10417879517,10417879574,1,"IOTHUB_CLIENT_CONFIRMATION_OK"
11602,10417879717,10417879769,1,"IOTHUB_CLIENT_CONFIRMATION_OK"
11603,10417879917,10417879967,1,"IOTHUB_CLIENT_CONFIRMATION_OK"
11604,10417880117,10417880291,1,"IOTHUB_CLIENT_CONFIRMATION_OK"
11605,10417880317,10417880386,1,"IOTHUB_CLIENT_CONFIRMATION_OK"
11606,10417880517,10417880629,1,"IOTHUB_CLIENT_CONFIRMATION_OK"
11607,10417880718,10417880828,1,"IOTHUB_CLIENT_CONFIRMATION_OK"
11608,10417880918,10417880959,1,"IOTHUB_CLIENT_CONFIRMATION_OK"
11609,10417881118,10417881161,1,"IOTHUB_CLIENT_CONFIRMATION_OK"
11610,10417881318,10417881397,1,"IOTHUB_CLIENT_CONFIRMATION_OK"
11611,10417881518,10417881560,1,"IOTHUB_CLIENT_CONFIRMATION_OK"
11612,10417881718,10417881788,1,"IOTHUB_CLIENT_CONFIRMATION_OK"
11613,10417881919,10417881970,1,"IOTHUB_CLIENT_CONFIRMATION_OK"
11614,10417882119,10417882159,1,"IOTHUB_CLIENT_CONFIRMATION_OK"
11615,10417882319,10417882362,1,"IOTHUB_CLIENT_CONFIRMATION_OK"
11616,10417882519,10417882562,1,"IOTHUB_CLIENT_CONFIRMATION_OK"
11617,10417882719,10417882773,1,"IOTHUB_CLIENT_CONFIRMATION_OK"
11618,10417882919,10417882985,1,"IOTHUB_CLIENT_CONFIRMATION_OK"
11619,10417883120,10417883156,1,"IOTHUB_CLIENT_CONFIRMATION_OK"
11620,10417883320,10417883469,1,"IOTHUB_CLIENT_CONFIRMATION_OK"
11621,10417883520,10417883569,1,"IOTHUB_CLIENT_CONFIRMATION_OK"
11622,10417883720,10417883773,1,"IOTHUB_CLIENT_CONFIRMATION_OK"
11623,10417883920,10417883986,1,"IOTHUB_CLIENT_CONFIRMATION_OK"
11624,10417884120,10417884168,1,"IOTHUB_CLIENT_CONFIRMATION_OK"
11625,10417884320,10417884369,1,"IOTHUB_CLIENT_CONFIRMATION_OK"
11626,10417884521,10417884613,1,"IOTHUB_CLIENT_CONFIRMATION_OK"
11627,10417884721,10417884761,1,"IOTHUB_CLIENT_CONFIRMATION_OK"
11628,10417884921,10417884969,1,"IOTHUB_CLIENT_CONFIRMATION_OK"
11629,10417885121,10417885161,1,"IOTHUB_CLIENT_CONFIRMATION_OK"
11630,10417885321,10417885367,1,"IOTHUB_CLIENT_CONFIRMATION_OK"
11631,10417885521,10417885578,1,"IOTHUB_CLIENT_CONFIRMATION_OK"
11632,10417885722,10417885765,1,"IOTHUB_CLIENT_CONFIRMATION_OK"
11633,10417885922,10417885961,1,"IOTHUB_CLIENT_CONFIRMATION_OK"
11634,10417886122,10417886164,1,"IOTHUB_CLIENT_CONFIRMATION_OK"
11635,10417886322,10417886368,1,"IOTHUB_CLIENT_CONFIRMATION_OK"
11636,10417886522,10417886572,1,"IOTHUB_CLIENT_CONFIRMATION_OK"
11637,10417886722,10417886775,1,"IOTHUB_CLIENT_CONFIRMATION_OK"
11638,10417886923,10417886965,1,"IOTHUB_CLIENT_CONFIRMATION_OK"
11639,10417887123,10417887234,1,"IOTHUB_CLIENT_CONFIRMATION_OK"
11640,10417887323,10417887435,1,"IOTHUB_CLIENT_CONFIRMATION_OK"
11641,10417887523,10417887557,1,"IOTHUB_CLIENT_CONFIRMATION_OK"
11642,10417887723,10417887756,1,"IOTHUB_CLIENT_CONFIRMATION_OK"
11643,10417887923,10417887970,1,"IOTHUB_CLIENT_CONFIRMATION_OK"
11644,10417888123,10417888193,1,"IOTHUB_CLIENT_CONFIRMATION_OK"
11645,10417888324,10417888376,1,"IOTHUB_CLIENT_CONFIRMATION_OK"
11646,10417888524,10417888661,1,"IOTHUB_CLIENT_CONFIRMATION_OK"
11647,10417888724,10417888761,1,"IOTHUB_CLIENT_CONFIRMATION_OK"
11648,10417888924,10417888985,1,"IOTHUB_CLIENT_CONFIRMATION_OK"
11649,10417889124,10417889281,1,"IOTHUB_CLIENT_CONFIRMATION_OK"
11650,10417889324,10417889374,1,"IOTHUB_CLIENT_CONFIRMATION_OK"
11651,10417889525,10417889566,1,"IOTHUB_CLIENT_CONFIRMATION_OK"
11652,10417889725,10417889775,1,"IOTHUB_CLIENT_CONFIRMATION_OK"
11653,10417889925,10417889977,1,"IOTHUB_CLIENT_CONFIRMATION_OK"
11654,10417890125,10417890174,1,"IOTHUB_CLIENT_CONFIRMATION_OK"
11655,10417890325,10417890420,1,"IOTHUB_CLIENT_CONFIRMATION_OK"
11656,10417890525,10417890566,1,"IOTHUB_CLIENT_CONFIRMATION_OK"
11657,10417890726,10417890781,1,"IOTHUB_CLIENT_CONFIRMATION_OK"
11658,10417890926,10417890966,1,"IOTHUB_CLIENT_CONFIRMATION_OK"
11659,10417891126,10417891161,1,"IOTHUB_CLIENT_CONFIRMATION_OK"
11660,10417891326,10417891366,1,"IOTHUB_CLIENT_CONFIRMATION_OK"
11661,10417891526,10417891581,1,"IOTHUB_CLIENT_CONFIRMATION_OK"
11662,10417891726,10417891904,1,"IOTHUB_CLIENT_CONFIRMATION_OK"
11663,10417891926,10417891968,1,"IOTHUB_CLIENT_CONFIRMATION_OK"
11664,10417892127,10417892170,1,"IOTHUB_CLIENT_CONFIRMATION_OK"
11665,10417892327,10417892378,1,"IOTHUB_CLIENT_CONFIRMATION_OK"
11666,10417892527,10417892575,1,"IOTHUB_CLIENT_CONFIRMATION_OK"
11667,10417892727,10417892776,1,"IOTHUB_CLIENT_CONFIRMATION_OK"
11668,10417892927,10417892993,1,"IOTHUB_CLIENT_CONFIRMATION_OK"
11669,10417893127,10417893167,1,"IOTHUB_CLIENT_CONFIRMATION_OK"
11670,10417893328,10417893387,1,"IOTHUB_CLIENT_CONFIRMATION_OK"
11671,10417893528,10417893665,1,"IOTHUB_CLIENT_CONFIRMATION_OK"
11672,10417893728,10417893799,1,"IOTHUB_CLIENT_CONFIRMATION_OK"
11673,10417893928,10417893975,1,"IOTHUB_CLIENT_CONFIRMATION_OK"
11674,10417894128,10417894173,1,"IOTHUB_CLIENT_CONFIRMATION_OK"
11675,10417894328,10417894399,1,"IOTHUB_CLIENT_CONFIRMATION_OK"
11676,10417894528,10417894622,1,"IOTHUB_CLIENT_CONFIRMATION_OK"
11677,10417894729,10417894776,1,"IOTHUB_CLIENT_CONFIRMATION_OK"
11678,10417894929,10417895172,1,"IOTHUB_CLIENT_CONFIRMATION_OK"
11679,10417895129,10417895201,1,"IOTHUB_CLIENT_CONFIRMATION_OK"
11680,10417895329,10417895383,1,"IOTHUB_CLIENT_CONFIRMATION_OK"
11681,10417895529,10417895581,1,"IOTHUB_CLIENT_CONFIRMATION_OK"
11682,10417895729,10417895799,1,"IOTHUB_CLIENT_CONFIRMATION_OK"
11683,10417895930,10417895976,1,"IOTHUB_CLIENT_CONFIRMATION_OK"
11684,10417896130,10417896193,1,"IOTHUB_CLIENT_CONFIRMATION_OK"
11685,10417896330,10417896406,1,"IOTHUB_CLIENT_CONFIRMATION_OK"
11686,10417896530,10417896577,1,"IOTHUB_CLIENT_CONFIRMATION_OK"
11687,10417896730,10417896773,1,"IOTHUB_CLIENT_CONFIRMATION_OK"
11688,10417896930,10417897014,1,"IOTHUB_CLIENT_CONFIRMATION_OK"
11689,10417897130,10417897170,1,"IOTHUB_CLIENT_CONFIRMATION_OK"
11690,10417897331,10417897387,1,"IOTHUB_CLIENT_CONFIRMATION_OK"
11691,10417897531,10417897615,1,"IOTHUB_CLIENT_CONFIRMATION_OK"
11692,10417897731,10417897764,1,"IOTHUB_CLIENT_CONFIRMATION_OK"
11693,10417897931,10417897982,1,"IOTHUB_CLIENT_CONFIRMATION_OK"
11694,10417898131,10417898182,1,"IOTHUB_CLIENT_CONFIRMATION_OK"
11695,10417898331,10417898383,1,"IOTHUB_CLIENT_CONFIRMATION_OK"
11696,10417898531,10417898574,1,"IOTHUB_CLIENT_CONFIRMATION_OK"
11697,10417898732,10417898771,1,"IOTHUB_CLIENT_CONFIRMATION_OK"
11698,10417898932,10417898978,1,"IOTHUB_CLIENT_CONFIRMATION_OK"
11699,10417899132,10417899174,1,"IOTHUB_CLIENT_CONFIRMATION_OK"
11700,10417899332,10417899389,1,"IOTHUB_CLIENT_CONFIRMATION_OK"
11701,10417899532,10417899661,1,"IOTHUB_CLIENT_CONFIRMATION_OK"
11702,10417899732,10417899778,1,"IOTHUB_CLIENT_CONFIRMATION_OK"
11703,10417899933,10417899978,1,"IOTHUB_CLIENT_CONFIRMATION_OK"
11704,10417900133,10417900317,1,"IOTHUB_CLIENT_CONFIRMATION_OK"
11705,10417900333,10417900386,1,"IOTHUB_CLIENT_CONFIRMATION_OK"
11706,10417900533,10417900652,1,"IOTHUB_CLIENT_CONFIRMATION_OK"
11707,10417900733,10417900885,1,"IOTHUB_CLIENT_CONFIRMATION_OK"
11708,10417900933,10417900974,1,"IOTHUB_CLIENT_CONFIRMATION_OK"
11709,10417901134,10417901183,1,"IOTHUB_CLIENT_CONFIRMATION_OK"
11710,10417901334,10417901380,1,"IOTHUB_CLIENT_CONFIRMATION_OK"
11711,10417901534,10417901582,1,"IOTHUB_CLIENT_CONFIRMATION_OK"
11712,10417901734,10417901833,1,"IOTHUB_CLIENT_CONFIRMATION_OK"
11713,10417901934,10417902067,1,"IOTHUB_CLIENT_CONFIRMATION_OK"
11714,10417902134,10417902191,1,"IOTHUB_CLIENT_CONFIRMATION_OK"
11715,10417902335,10417902374,1,"IOTHUB_CLIENT_CONFIRMATION_OK"
11716,10417902535,10417902579,1,"IOTHUB_CLIENT_CONFIRMATION_OK"
11717,10417902735,10417902814,1,"IOTHUB_CLIENT_CONFIRMATION_OK"
11718,10417902935,10417902984,1,"IOTHUB_CLIENT_CONFIRMATION_OK"
11719,10417903135,10417903182,1,"IOTHUB_CLIENT_CONFIRMATION_OK"
11720,10417903335,10417903610,1,"IOTHUB_CLIENT_CONFIRMATION_OK"
11721,10417903536,10417903633,1,"IOTHUB_CLIENT_CONFIRMATION_OK"
11722,10417903736,10417903783,1,"IOTHUB_CLIENT_CONFIRMATION_OK"
11723,10417903936,10417903975,1,"IOTHUB_CLIENT_CONFIRMATION_OK"
11724,10417904136,10417904181,1,"IOTHUB_CLIENT_CONFIRMATION_OK"
11725,10417904336,10417904380,1,"IOTHUB_CLIENT_CONFIRMATION_OK"
11726,10417904536,10417904579,1,"IOTHUB_CLIENT_CONFIRMATION_OK"
11727,10417904737,10417904786,1,"IOTHUB_CLIENT_CONFIRMATION_OK"
11728,10417904937,10417904979,1,"IOTHUB_CLIENT_CONFIRMATION_OK"
11729,10417905137,10417905180,1,"IOTHUB_CLIENT_CONFIRMATION_OK"
11730,10417905337,10417905388,1,"IOTHUB_CLIENT_CONFIRMATION_OK"
11731,10417905537,10417905581,1,"IOTHUB_CLIENT_CONFIRMATION_OK"
11732,10417905737,10417905773,1,"IOTHUB_CLIENT_CONFIRMATION_OK"
11733,10417905937,10417905983,1,"IOTHUB_CLIENT_CONFIRMATION_OK"
11734,10417906138,10417906182,1,"IOTHUB_CLIENT_CONFIRMATION_OK"
11735,10417906338,10417906374,1,"IOTHUB_CLIENT_CONFIRMATION_OK"
11736,10417906538,10417906579,1,"IOTHUB_CLIENT_CONFIRMATION_OK"
11737,10417906738,10417906802,1,"IOTHUB_CLIENT_CONFIRMATION_OK"
11738,10417906938,10417906977,1,"IOTHUB_CLIENT_CONFIRMATION_OK"
11739,10417907138,10417907185,1,"IOTHUB_CLIENT_CONFIRMATION_OK"
11740,10417907339,10417907386,1,"IOTHUB_CLIENT_CONFIRMATION_OK"
11741,10417907539,10417907582,1,"IOTHUB_CLIENT_CONFIRMATION_OK"
11742,10417907739,10417907779,1,"IOTHUB_CLIENT_CONFIRMATION_OK"
11743,10417907939,10417908037,1,"IOTHUB_CLIENT_CONFIRMATION_OK"
11744,10417908139,10417908179,1,"IOTHUB_CLIENT_CONFIRMATION_OK"
11745,10417908339,10417908377,1,"IOTHUB_CLIENT_CONFIRMATION_OK"
11746,10417908539,10417908628,1,"IOTHUB_CLIENT_CONFIRMATION_OK"
11747,10417908740,10417908771,1,"IOTHUB_CLIENT_CONFIRMATION_OK"
11748,10417908940,10417909008,1,"IOTHUB_CLIENT_CONFIRMATION_OK"
11749,10417909140,10417909246,1,"IOTHUB_CLIENT_CONFIRMATION_OK"
11750,10417909340,10417909402,1,"IOTHUB_CLIENT_CONFIRMATION_OK"
11751,10417909540,10417909584,1,"IOTHUB_CLIENT_CONFIRMATION_OK"
11752,10417909740,10417909783,1,"IOTHUB_CLIENT_CONFIRMATION_OK"
11753,10417909941,10417909992,1,"IOTHUB_CLIENT_CONFIRMATION_OK"
11754,10417910141,10417910184,1,"IOTHUB_CLIENT_CONFIRMATION_OK"
11755,10417910341,10417910384,1,"IOTHUB_CLIENT_CONFIRMATION_OK"
11756,10417910541,10417910581,1,"IOTHUB_CLIENT_CONFIRMATION_OK"
11757,10417910741,10417910813,1,"IOTHUB_CLIENT_CONFIRMATION_OK"
11758,10417910941,10417910981,1,"IOTHUB_CLIENT_CONFIRMATION_OK"
11759,10417911142,10417911178,1,"IOTHUB_CLIENT_CONFIRMATION_OK"
11760,10417911342,10417911393,1,"IOTHUB_CLIENT_CONFIRMATION_OK"
11761,10417911542,10417911613,1,"IOTHUB_CLIENT_CONFIRMATION_OK"
11762,10417911742,10417911910,1,"IOTHUB_CLIENT_CONFIRMATION_OK"
11763,10417911942,10417911980,1,"IOTHUB_CLIENT_CONFIRMATION_OK"
11764,10417912142,10417912178,1,"IOTHUB_CLIENT_CONFIRMATION_OK"
11765,10417912342,10417912378,1,"IOTHUB_CLIENT_CONFIRMATION_OK"
11766,10417912543,10417912622,1,"IOTHUB_CLIENT_CONFIRMATION_OK"
11767,10417912743,10417912805,1,"IOTHUB_CLIENT_CONFIRMATION_OK"
11768,10417912943,10417913065,1,"IOTHUB_CLIENT_CONFIRMATION_OK"
11769,10417913143,10417913196,1,"IOTHUB_CLIENT_CONFIRMATION_OK"
11770,10417913343,10417913411,1,"IOTHUB_CLIENT_CONFIRMATION_OK"
11771,10417913543,10417913604,1,"IOTHUB_CLIENT_CONFIRMATION_OK"
11772,10417913744,10417913803,1,"IOTHUB_CLIENT_CONFIRMATION_OK"
11773,10417913944,10417914013,1,"IOTHUB_CLIENT_CONFIRMATION_OK"
11774,10417914144,10417914183,1,"IOTHUB_CLIENT_CONFIRMATION_OK"
11775,10417914344,10417914393,1,"IOTHUB_CLIENT_CONFIRMATION_OK"
11776,10417914544,10417914593,1,"IOTHUB_CLIENT_CONFIRMATION_OK"
11777,10417914744,10417914781,1,"IOTHUB_CLIENT_CONFIRMATION_OK"
11778,10417914944,10417915078,1,"IOTHUB_CLIENT_CONFIRMATION_OK"
11779,10417915145,10417915194,1,"IOTHUB_CLIENT_CONFIRMATION_OK"
11780,10417915345,10417915416,1,"IOTHUB_CLIENT_CONFIRMATION_OK"
11781,10417915545,10417915617,1,"IOTHUB_CLIENT_CONFIRMATION_OK"
11782,10417915745,10417915820,1,"IOTHUB_CLIENT_CONFIRMATION_OK"
11783,10417915945,10417915990,1,"IOTHUB_CLIENT_CONFIRMATION_OK"
11784,10417916145,10417916198,1,"IOTHUB_CLIENT_CONFIRMATION_OK"
11785,10417916346,10417916413,1,"IOTHUB_CLIENT_CONFIRMATION_OK"
11786,10417916546,10417916593,1,"IOTHUB_CLIENT_CONFIRMATION_OK"
11787,10417916746,10417916792,1,"IOTHUB_CLIENT_CONFIRMATION_OK"
11788,10417916946,10417917037,1,"IOTHUB_CLIENT_CONFIRMATION_OK"
11789,10417917146,10417917199,1,"IOTHUB_CLIENT_CONFIRMATION_OK"
11790,10417917346,10417917388,1,"IOTHUB_CLIENT_CONFIRMATION_OK"
11791,10417917547,10417917631,1,"IOTHUB_CLIENT_CONFIRMATION_OK"
11792,10417917747,10417917791,1,"IOTHUB_CLIENT_CONFIRMATION_OK"
11793,10417917947,10417917994,1,"IOTHUB_CLIENT_CONFIRMATION_OK"
11794,10417918147,10417918187,1,"IOTHUB_CLIENT_CONFIRMATION_OK"
11795,10417918347,10417918455,1,"IOTHUB_CLIENT_CONFIRMATION_OK"
11796,10417918547,10417918596,1,"IOTHUB_CLIENT_CONFIRMATION_OK"
11797,10417918747,10417918787,1,"IOTHUB_CLIENT_CONFIRMATION_OK"
11798,10417918948,10417918987,1,"IOTHUB_CLIENT_CONFIRMATION_OK"
11799,10417919148,10417919197,1,"IOTHUB_CLIENT_CONFIRMATION_OK"
11800,10417919348,10417919402,1,"IOTHUB_CLIENT_CONFIRMATION_OK"
11801,10417919548,10417919586,1,"IOTHUB_CLIENT_CONFIRMATION_OK"
11802,10417919748,10417919785,1,"IOTHUB_CLIENT_CONFIRMATION_OK"
11803,10417919948,10417919996,1,"IOTHUB_CLIENT_CONFIRMATION_OK"
11804,10417920149,10417920314,1,"IOTHUB_CLIENT_CONFIRMATION_OK"
11805,10417920349,10417920418,1,"IOTHUB_CLIENT_CONFIRMATION_OK"
11806,10417920549,10417920589,1,"IOTHUB_CLIENT_CONFIRMATION_OK"
11807,10417920749,10417920896,1,"IOTHUB_CLIENT_CONFIRMATION_OK"
11808,10417920949,10417920992,1,"IOTHUB_CLIENT_CONFIRMATION_OK"
11809,10417921149,10417921185,1,"IOTHUB_CLIENT_CONFIRMATION_OK"
11810,10417921349,10417921395,1,"IOTHUB_CLIENT_CONFIRMATION_OK"
11811,10417921550,10417921593,1,"IOTHUB_CLIENT_CONFIRMATION_OK"
11812,10417921750,10417921783,1,"IOTHUB_CLIENT_CONFIRMATION_OK"
11813,10417921950,10417922004,1,"IOTHUB_CLIENT_CONFIRMATION_OK"
11814,10417922150,10417922189,1,"IOTHUB_CLIENT_CONFIRMATION_OK"
11815,10417922350,10417922403,1,"IOTHUB_CLIENT_CONFIRMATION_OK"
11816,10417922550,10417922592,1,"IOTHUB_CLIENT_CONFIRMATION_OK"
11817,10417922751,10417922825,1,"IOTHUB_CLIENT_CONFIRMATION_OK"
11818,10417922951,10417923003,1,"IOTHUB_CLIENT_CONFIRMATION_OK"
11819,10417923151,10417923202,1,"IOTHUB_CLIENT_CONFIRMATION_OK"
11820,10417923351,10417923391,1,"IOTHUB_CLIENT_CONFIRMATION_OK"
11821,10417923551,10417923621,1,"IOTHUB_CLIENT_CONFIRMATION_OK"
11822,10417923751,10417923808,1,"IOTHUB_CLIENT_CONFIRMATION_OK"
11823,10417923952,10417924252,1,"IOTHUB_CLIENT_CONFIRMATION_OK"
11824,10417924152,10417924277,1,"IOTHUB_CLIENT_CONFIRMATION_OK"
11825,10417924352,10417924406,1,"IOTHUB_CLIENT_CONFIRMATION_OK"
11826,10417924552,10417924598,1,"IOTHUB_CLIENT_CONFIRMATION_OK"
11827,10417924752,10417924808,1,"IOTHUB_CLIENT_CONFIRMATION_OK"
11828,10417924952,10417925008,1,"IOTHUB_CLIENT_CONFIRMATION_OK"
11829,10417925152,10417925192,1,"IOTHUB_CLIENT_CONFIRMATION_OK"
11830,10417925353,10417925477,1,"IOTHUB_CLIENT_CONFIRMATION_OK"
11831,10417925553,10417925591,1,"IOTHUB_CLIENT_CONFIRMATION_OK"
11832,10417925753,10417925795,1,"IOTHUB_CLIENT_CONFIRMATION_OK"
11833,10417925953,10417926077,1,"IOTHUB_CLIENT_CONFIRMATION_OK"
11834,10417926153,10417926197,1,"IOTHUB_CLIENT_CONFIRMATION_OK"
11835,10417926353,10417926435,1,"IOTHUB_CLIENT_CONFIRMATION_OK"
11836,10417926554,10417926680,1,"IOTHUB_CLIENT_CONFIRMATION_OK"
11837,10417926754,10417926798,1,"IOTHUB_CLIENT_CONFIRMATION_OK"
11838,10417926954,10417927007,1,"IOTHUB_CLIENT_CONFIRMATION_OK"
11839,10417927154,10417927198,1,"IOTHUB_CLIENT_CONFIRMATION_OK"
11840,10417927354,10417927401,1,"IOTHUB_CLIENT_CONFIRMATION_OK"
11841,10417927554,10417927588,1,"IOTHUB_CLIENT_CONFIRMATION_OK"
11842,10417927755,10417927795,1,"IOTHUB_CLIENT_CONFIRMATION_OK"
11843,10417927955,10417927990,1,"IOTHUB_CLIENT_CONFIRMATION_OK"
11844,10417928155,10417928186,1,"IOTHUB_CLIENT_CONFIRMATION_OK"
11845,10417928355,10417928395,1,"IOTHUB_CLIENT_CONFIRMATION_OK"
11846,10417928555,10417928603,1,"IOTHUB_CLIENT_CONFIRMATION_OK"
11847,10417928755,10417928804,1,"IOTHUB_CLIENT_CONFIRMATION_OK"
11848,10417928956,10417929017,1,"IOTHUB_CLIENT_CONFIRMATION_OK"
11849,10417929156,10417929404,1,"IOTHUB_CLIENT_CONFIRMATION_OK"
11850,10417929356,10417929437,1,"IOTHUB_CLIENT_CONFIRMATION_OK"
11851,10417929556,10417929591,1,"IOTHUB_CLIENT_CONFIRMATION_OK"
11852,10417929756,10417929798,1,"IOTHUB_CLIENT_CONFIRMATION_OK"
11853,10417929956,10417930051,1,"IOTHUB_CLIENT_CONFIRMATION_OK"
11854,10417930156,10417930200,1,"IOTHUB_CLIENT_CONFIRMATION_OK"
11855,10417930357,10417930401,1,"IOTHUB_CLIENT_CONFIRMATION_OK"
11856,10417930557,10417930652,1,"IOTHUB_CLIENT_CONFIRMATION_OK"
11857,10417930757,10417930796,1,"IOTHUB_CLIENT_CONFIRMATION_OK"
11858,10417930957,10417930999,1,"IOTHUB_CLIENT_CONFIRMATION_OK"
11859,10417931157,10417931267,1,"IOTHUB_CLIENT_CONFIRMATION_OK"
11860,10417931357,10417931405,1,"IOTHUB_CLIENT_CONFIRMATION_OK"
11861,10417931558,10417931618,1,"IOTHUB_CLIENT_CONFIRMATION_OK"
11862,10417931758,10417931869,1,"IOTHUB_CLIENT_CONFIRMATION_OK"
11863,10417931958,10417932068,1,"IOTHUB_CLIENT_CONFIRMATION_OK"
11864,10417932158,10417932193,1,"IOTHUB_CLIENT_CONFIRMATION_OK"
11865,10417932358,10417932437,1,"IOTHUB_CLIENT_CONFIRMATION_OK"
11866,10417932558,10417932599,1,"IOTHUB_CLIENT_CONFIRMATION_OK"
11867,10417932759,10417932799,1,"IOTHUB_CLIENT_CONFIRMATION_OK"
11868,10417932959,10417932998,1,"IOTHUB_CLIENT_CONFIRMATION_OK"
11869,10417933159,10417933205,1,"IOTHUB_CLIENT_CONFIRMATION_OK"
11870,10417933359,10417933405,1,"IOTHUB_CLIENT_CONFIRMATION_OK"
11871,10417933559,10417933617,1,"IOTHUB_CLIENT_CONFIRMATION_OK"
11872,10417933759,10417933798,1,"IOTHUB_CLIENT_CONFIRMATION_OK"
11873,10417933960,10417934000,1,"IOTHUB_CLIENT_CONFIRMATION_OK"
11874,10417934160,10417934197,1,"IOTHUB_CLIENT_CONFIRMATION_OK"
11875,10417934360,10417934532,1,"IOTHUB_CLIENT_CONFIRMATION_OK"
11876,10417934560,10417934600,1,"IOTHUB_CLIENT_CONFIRMATION_OK"
11877,10417934760,10417934804,1,"IOTHUB_CLIENT_CONFIRMATION_OK"
11878,10417934960,10417935122,1,"IOTHUB_CLIENT_CONFIRMATION_OK"
11879,10417935161,10417935201,1,"IOTHUB_CLIENT_CONFIRMATION_OK"
11880,10417935361,10417935406,1,"IOTHUB_CLIENT_CONFIRMATION_OK"
11881,10417935561,10417935619,1,"IOTHUB_CLIENT_CONFIRMATION_OK"
11882,10417935761,10417935804,1,"IOTHUB_CLIENT_CONFIRMATION_OK"
11883,10417935961,10417936023,1,"IOTHUB_CLIENT_CONFIRMATION_OK"
11884,10417936161,10417936199,1,"IOTHUB_CLIENT_CONFIRMATION_OK"
11885,10417936361,10417936403,1,"IOTHUB_CLIENT_CONFIRMATION_OK"
11886,10417936562,10417936605,1,"IOTHUB_CLIENT_CONFIRMATION_OK"
11887,10417936762,10417936812,1,"IOTHUB_CLIENT_CONFIRMATION_OK"
11888,10417936962,10417937017,1,"IOTHUB_CLIENT_CONFIRMATION_OK"
11889,10417937162,10417937209,1,"IOTHUB_CLIENT_CONFIRMATION_OK"
11890,10417937362,10417937417,1,"IOTHUB_CLIENT_CONFIRMATION_OK"
11891,10417937562,10417937642,1,"IOTHUB_CLIENT_CONFIRMATION_OK"
11892,10417937763,10417937799,1,"IOTHUB_CLIENT_CONFIRMATION_OK"
11893,10417937963,10417938006,1,"IOTHUB_CLIENT_CONFIRMATION_OK"
11894,10417938163,10417938252,1,"IOTHUB_CLIENT_CONFIRMATION_OK"
11895,10417938363,10417938399,1,"IOTHUB_CLIENT_CONFIRMATION_OK"
11896,10417938563,10417938599,1,"IOTHUB_CLIENT_CONFIRMATION_OK"
11897,10417938763,10417938891,1,"IOTHUB_CLIENT_CONFIRMATION_OK"
11898,10417938964,10417939095,1,"IOTHUB_CLIENT_CONFIRMATION_OK"
11899,10417939164,10417939209,1,"IOTHUB_CLIENT_CONFIRMATION_OK"
11900,10417939364,10417939421,1,"IOTHUB_CLIENT_CONFIRMATION_OK"
11901,10417939564,10417939623,1,"IOTHUB_CLIENT_CONFIRMATION_OK"
11902,10417939764,10417939804,1,"IOTHUB_CLIENT_CONFIRMATION_OK"
11903,10417939964,10417940011,1,"IOTHUB_CLIENT_CONFIRMATION_OK"
11904,10417940164,10417940386,1,"IOTHUB_CLIENT_CONFIRMATION_OK"
11905,10417940365,10417940421,1,"IOTHUB_CLIENT_CONFIRMATION_OK"
11906,10417940565,10417940604,1,"IOTHUB_CLIENT_CONFIRMATION_OK"
11907,10417940765,10417940918,1,"IOTHUB_CLIENT_CONFIRMATION_OK"
11908,10417940965,10417941027,1,"IOTHUB_CLIENT_CONFIRMATION_OK"
11909,10417941165,10417941211,1,"IOTHUB_CLIENT_CONFIRMATION_OK"
11910,10417941365,10417941460,1,"IOTHUB_CLIENT_CONFIRMATION_OK"
11911,10417941566,10417941666,1,"IOTHUB_CLIENT_CONFIRMATION_OK"
11912,10417941766,10417941805,1,"IOTHUB_CLIENT_CONFIRMATION_OK"
11913,10417941966,10417942005,1,"IOTHUB_CLIENT_CONFIRMATION_OK"
11914,10417942166,10417942400,1,"IOTHUB_CLIENT_CONFIRMATION_OK"
11915,10417942366,10417942429,1,"IOTHUB_CLIENT_CONFIRMATION_OK"
11916,10417942566,10417942631,1,"IOTHUB_CLIENT_CONFIRMATION_OK"
11917,10417942766,10417942829,1,"IOTHUB_CLIENT_CONFIRMATION_OK"
11918,10417942967,10417943025,1,"IOTHUB_CLIENT_CONFIRMATION_OK"
11919,10417943167,10417943215,1,"IOTHUB_CLIENT_CONFIRMATION_OK"
11920,10417943367,10417943434,1,"IOTHUB_CLIENT_CONFIRMATION_OK"
11921,10417943567,10417943620,1,"IOTHUB_CLIENT_CONFIRMATION_OK"
11922,10417943767,10417943802,1,"IOTHUB_CLIENT_CONFIRMATION_OK"
11923,10417943967,10417944009,1,"IOTHUB_CLIENT_CONFIRMATION_OK"
11924,10417944167,10417944219,1,"IOTHUB_CLIENT_CONFIRMATION_OK"
11925,10417944368,10417944423,1,"IOTHUB_CLIENT_CONFIRMATION_OK"
11926,10417944568,10417944608,1,"IOTHUB_CLIENT_CONFIRMATION_OK"
11927,10417944768,10417944862,1,"IOTHUB_CLIENT_CONFIRMATION_OK"
11928,10417944968,10417945017,1,"IOTHUB_CLIENT_CONFIRMATION_OK"
11929,10417945168,10417945242,1,"IOTHUB_CLIENT_CONFIRMATION_OK"
11930,10417945368,10417945489,1,"IOTHUB_CLIENT_CONFIRMATION_OK"
11931,10417945569,10417945612,1,"IOTHUB_CLIENT_CONFIRMATION_OK"
11932,10417945769,10417945822,1,"IOTHUB_CLIENT_CONFIRMATION_OK"
11933,10417945969,10417946097,1,"IOTHUB_CLIENT_CONFIRMATION_OK"
11934,10417946169,10417946214,1,"IOTHUB_CLIENT_CONFIRMATION_OK"
11935,10417946369,10417946412,1,"IOTHUB_CLIENT_CONFIRMATION_OK"
11936,10417946569,10417946716,1,"IOTHUB_CLIENT_CONFIRMATION_OK"
11937,10417946769,10417946824,1,"IOTHUB_CLIENT_CONFIRMATION_OK"
11938,10417946970,10417947011,1,"IOTHUB_CLIENT_CONFIRMATION_OK"
11939,10417947170,10417947221,1,"IOTHUB_CLIENT_CONFIRMATION_OK"
11940,10417947370,10417947431,1,"IOTHUB_CLIENT_CONFIRMATION_OK"
11941,10417947570,10417947635,1,"IOTHUB_CLIENT_CONFIRMATION_OK"
11942,10417947770,10417947819,1,"IOTHUB_CLIENT_CONFIRMATION_OK"
11943,10417947970,10417948015,1,"IOTHUB_CLIENT_CONFIRMATION_OK"
11944,10417948171,10417948206,1,"IOTHUB_CLIENT_CONFIRMATION_OK"
11945,10417948371,10417948427,1,"IOTHUB_CLIENT_CONFIRMATION_OK"
11946,10417948571,10417948753,1,"IOTHUB_CLIENT_CONFIRMATION_OK"
11947,10417948771,10417948815,1,"IOTHUB_CLIENT_CONFIRMATION_OK"
11948,10417948971,10417949012,1,"IOTHUB_CLIENT_CONFIRMATION_OK"
11949,10417949171,10417949355,1,"IOTHUB_CLIENT_CONFIRMATION_OK"
11950,10417949371,10417949426,1,"IOTHUB_CLIENT_CONFIRMATION_OK"
11951,10417949572,10417949620,1,"IOTHUB_CLIENT_CONFIRMATION_OK"
11952,10417949772,10417949836,1,"IOTHUB_CLIENT_CONFIRMATION_OK"
11953,10417949972,10417950009,1,"IOTHUB_CLIENT_CONFIRMATION_OK"
11954,10417950172,10417950204,1,"IOTHUB_CLIENT_CONFIRMATION_OK"
11955,10417950372,10417950423,1,"IOTHUB_CLIENT_CONFIRMATION_OK"
11956,10417950572,10417950615,1,"IOTHUB_CLIENT_CONFIRMATION_OK"
11957,10417950772,10417950826,1,"IOTHUB_CLIENT_CONFIRMATION_OK"
11958,10417950973,10417951010,1,"IOTHUB_CLIENT_CONFIRMATION_OK"
11959,10417951173,10417951210,1,"IOTHUB_CLIENT_CONFIRMATION_OK"
11960,10417951373,10417951414,1,"IOTHUB_CLIENT_CONFIRMATION_OK"
11961,10417951573,10417951672,1,"IOTHUB_CLIENT_CONFIRMATION_OK"
11962,10417951773,10417951819,1,"IOTHUB_CLIENT_CONFIRMATION_OK"
11963,10417951973,10417952011,1,"IOTHUB_CLIENT_CONFIRMATION_OK"
11964,10417952174,10417952228,1,"IOTHUB_CLIENT_CONFIRMATION_OK"
11965,10417952374,10417952427,1,"IOTHUB_CLIENT_CONFIRMATION_OK"
11966,10417952574,10417952645,1,"IOTHUB_CLIENT_CONFIRMATION_OK"
11967,10417952774,10417952813,1,"IOTHUB_CLIENT_CONFIRMATION_OK"
11968,10417952974,10417953022,1,"IOTHUB_CLIENT_CONFIRMATION_OK"
11969,10417953174,10417953254,1,"IOTHUB_CLIENT_CONFIRMATION_OK"
11970,10417953374,10417953417,1,"IOTHUB_CLIENT_CONFIRMATION_OK"
11971,10417953575,10417953627,1,"IOTHUB_CLIENT_CONFIRMATION_OK"
11972,10417953775,10417953828,1,"IOTHUB_CLIENT_CONFIRMATION_OK"
11973,10417953975,10417954014,1,"IOTHUB_CLIENT_CONFIRMATION_OK"
11974,10417954175,10417954230,1,"IOTHUB_CLIENT_CONFIRMATION_OK"
11975,10417954375,10417954442,1,"IOTHUB_CLIENT_CONFIRMATION_OK"
11976,10417954575,10417954616,1,"IOTHUB_CLIENT_CONFIRMATION_OK"
11977,10417954776,10417954813,1,"IOTHUB_CLIENT_CONFIRMATION_OK"
11978,10417954976,10417955023,1,"IOTHUB_CLIENT_CONFIRMATION_OK"
11979,10417955176,10417955220,1,"IOTHUB_CLIENT_CONFIRMATION_OK"
11980,10417955376,10417955422,1,"IOTHUB_CLIENT_CONFIRMATION_OK"
11981,10417955576,10417955613,1,"IOTHUB_CLIENT_CONFIRMATION_OK"
11982,10417955776,10417955829,1,"IOTHUB_CLIENT_CONFIRMATION_OK"
11983,10417955976,10417956013,1,"IOTHUB_CLIENT_CONFIRMATION_OK"
11984,10417956177,10417956222,1,"IOTHUB_CLIENT_CONFIRMATION_OK"
11985,10417956377,10417956482,1,"IOTHUB_CLIENT_CONFIRMATION_OK"
11986,10417956577,10417956612,1,"IOTHUB_CLIENT_CONFIRMATION_OK"
11987,10417956777,10417956826,1,"IOTHUB_CLIENT_CONFIRMATION_OK"
11988,10417956977,10417957097,1,"IOTHUB_CLIENT_CONFIRMATION_OK"
11989,10417957177,10417957214,1,"IOTHUB_CLIENT_CONFIRMATION_OK"
11990,10417957378,10417957420,1,"IOTHUB_CLIENT_CONFIRMATION_OK"
11991,10417957578,10417957686,1,"IOTHUB_CLIENT_CONFIRMATION_OK"
11992,10417957778,10417957839,1,"IOTHUB_CLIENT_CONFIRMATION_OK"
11993,10417957978,10417958016,1,"IOTHUB_CLIENT_CONFIRMATION_OK"
11994,10417958178,10417958260,1,"IOTHUB_CLIENT_CONFIRMATION_OK"
11995,10417958378,10417958484,1,"IOTHUB_CLIENT_CONFIRMATION_OK"
11996,10417958578,10417958616,1,"IOTHUB_CLIENT_CONFIRMATION_OK"
11997,10417958779,10417958825,1,"IOTHUB_CLIENT_CONFIRMATION_OK"
11998,10417958979,10417959016,1,"IOTHUB_CLIENT_CONFIRMATION_OK"
11999,10417959179,10417959217,1,"IOTHUB_CLIENT_CONFIRMATION_OK"
12000,10417959379,10417959419,1,"IOTHUB_CLIENT_CONFIRMATION_OK"
12001,10417959579,10417959644,1,"IOTHUB_CLIENT_CONFIRMATION_OK"
12002,10417959779,10417959823,1,"IOTHUB_CLIENT_CONFIRMATION_OK"
12003,10417959979,10417960027,1,"IOTHUB_CLIENT_CONFIRMATION_OK"
12004,10417960180,10417960359,1,"IOTHUB_CLIENT_CONFIRMATION_OK"
12005,10417960380,10417960421,1,"IOTHUB_CLIENT_CONFIRMATION_OK"
12006,10417960580,10417960651,1,"IOTHUB_CLIENT_CONFIRMATION_OK"
12007,10417960780,10417960950,1,"IOTHUB_CLIENT_CONFIRMATION_OK"
12008,10417960980,10417961016,1,"IOTHUB_CLIENT_CONFIRMATION_OK"
12009,10417961180,10417961221,1,"IOTHUB_CLIENT_CONFIRMATION_OK"
12010,10417961380,10417961442,1,"IOTHUB_CLIENT_CONFIRMATION_OK"
12011,10417961581,10417961658,1,"IOTHUB_CLIENT_CONFIRMATION_OK"
12012,10417961781,10417961841,1,"IOTHUB_CLIENT_CONFIRMATION_OK"
12013,10417961981,10417962037,1,"IOTHUB_CLIENT_CONFIRMATION_OK"
12014,10417962181,10417962243,1,"IOTHUB_CLIENT_CONFIRMATION_OK"
12015,10417962381,10417962427,1,"IOTHUB_CLIENT_CONFIRMATION_OK"
12016,10417962582,10417962631,1,"IOTHUB_CLIENT_CONFIRMATION_OK"
12017,10417962782,10417962820,1,"IOTHUB_CLIENT_CONFIRMATION_OK"
12018,10417962982,10417963024,1,"IOTHUB_CLIENT_CONFIRMATION_OK"
12019,10417963182,10417963226,1,"IOTHUB_CLIENT_CONFIRMATION_OK"
12020,10417963382,10417963589,1,"IOTHUB_CLIENT_CONFIRMATION_OK"
12021,10417963582,10417963631,1,"IOTHUB_CLIENT_CONFIRMATION_OK"
12022,10417963783,10417963820,1,"IOTHUB_CLIENT_CONFIRMATION_OK"
12023,10417963983,10417964030,1,"IOTHUB_CLIENT_CONFIRMATION_OK"
12024,10417964183,10417964228,1,"IOTHUB_CLIENT_CONFIRMATION_OK"
12025,10417964383,10417964437,1,"IOTHUB_CLIENT_CONFIRMATION_OK"
12026,10417964583,10417964623,1,"IOTHUB_CLIENT_CONFIRMATION_OK"
12027,10417964783,10417964840,1,"IOTHUB_CLIENT_CONFIRMATION_OK"
12028,10417964983,10417965022,1,"IOTHUB_CLIENT_CONFIRMATION_OK"
12029,10417965184,10417965230,1,"IOTHUB_CLIENT_CONFIRMATION_OK"
12030,10417965384,10417965444,1,"IOTHUB_CLIENT_CONFIRMATION_OK"
12031,10417965584,10417965623,1,"IOTHUB_CLIENT_CONFIRMATION_OK"
12032,10417965784,10417965829,1,"IOTHUB_CLIENT_CONFIRMATION_OK"
12033,10417965984,10417966109,1,"IOTHUB_CLIENT_CONFIRMATION_OK"
12034,10417966184,10417966226,1,"IOTHUB_CLIENT_CONFIRMATION_OK"
12035,10417966385,10417966461,1,"IOTHUB_CLIENT_CONFIRMATION_OK"
12036,10417966585,10417966685,1,"IOTHUB_CLIENT_CONFIRMATION_OK"
12037,10417966785,10417966845,1,"IOTHUB_CLIENT_CONFIRMATION_OK"
12038,10417966985,10417967033,1,"IOTHUB_CLIENT_CONFIRMATION_OK"
12039,10417967185,10417967244,1,"IOTHUB_CLIENT_CONFIRMATION_OK"
12040,10417967385,10417967422,1,"IOTHUB_CLIENT_CONFIRMATION_OK"
12041,10417967585,10417967632,1,"IOTHUB_CLIENT_CONFIRMATION_OK"
12042,10417967786,10417967859,1,"IOTHUB_CLIENT_CONFIRMATION_OK"
12043,10417967986,10417968029,1,"IOTHUB_CLIENT_CONFIRMATION_OK"
12044,10417968186,10417968252,1,"IOTHUB_CLIENT_CONFIRMATION_OK"
12045,10417968386,10417968432,1,"IOTHUB_CLIENT_CONFIRMATION_OK"
12046,10417968586,10417968727,1,"IOTHUB_CLIENT_CONFIRMATION_OK"
12047,10417968786,10417968823,1,"IOTHUB_CLIENT_CONFIRMATION_OK"
12048,10417968987,10417969037,1,"IOTHUB_CLIENT_CONFIRMATION_OK"
12049,10417969187,10417969353,1,"IOTHUB_CLIENT_CONFIRMATION_OK"
12050,10417969387,10417969426,1,"IOTHUB_CLIENT_CONFIRMATION_OK"
12051,10417969587,10417969628,1,"IOTHUB_CLIENT_CONFIRMATION_OK"
12052,10417969787,10417969822,1,"IOTHUB_CLIENT_CONFIRMATION_OK"
12053,10417969987,10417970032,1,"IOTHUB_CLIENT_CONFIRMATION_OK"
12054,10417970188,10417970234,1,"IOTHUB_CLIENT_CONFIRMATION_OK"
12055,10417970388,10417970437,1,"IOTHUB_CLIENT_CONFIRMATION_OK"
12056,10417970588,10417970681,1,"IOTHUB_CLIENT_CONFIRMATION_OK"
12057,10417970788,10417970827,1,"IOTHUB_CLIENT_CONFIRMATION_OK"
12058,10417970988,10417971033,1,"IOTHUB_CLIENT_CONFIRMATION_OK"
12059,10417971188,10417971241,1,"IOTHUB_CLIENT_CONFIRMATION_OK"
12060,10417971388,10417971466,1,"IOTHUB_CLIENT_CONFIRMATION_OK"
12061,10417971589,10417971734,1,"IOTHUB_CLIENT_CONFIRMATION_OK"
12062,10417971789,10417971978,1,"IOTHUB_CLIENT_CONFIRMATION_OK"
12063,10417971989,10417972047,1,"IOTHUB_CLIENT_CONFIRMATION_OK"
12064,10417972189,10417972231,1,"IOTHUB_CLIENT_CONFIRMATION_OK"
12065,10417972389,10417972447,1,"IOTHUB_CLIENT_CONFIRMATION_OK"
12066,10417972589,10417972635,1,"IOTHUB_CLIENT_CONFIRMATION_OK"
12067,10417972790,10417972835,1,"IOTHUB_CLIENT_CONFIRMATION_OK"
12068,10417972990,10417973024,1,"IOTHUB_CLIENT_CONFIRMATION_OK"
12069,10417973190,10417973266,1,"IOTHUB_CLIENT_CONFIRMATION_OK"
12070,10417973390,10417973454,1,"IOTHUB_CLIENT_CONFIRMATION_OK"
12071,10417973590,10417973642,1,"IOTHUB_CLIENT_CONFIRMATION_OK"
12072,10417973790,10417973835,1,"IOTHUB_CLIENT_CONFIRMATION_OK"
12073,10417973991,10417974040,1,"IOTHUB_CLIENT_CONFIRMATION_OK"
12074,10417974191,10417974228,1,"IOTHUB_CLIENT_CONFIRMATION_OK"
12075,10417974391,10417974440,1,"IOTHUB_CLIENT_CONFIRMATION_OK"
12076,10417974591,10417974626,1,"IOTHUB_CLIENT_CONFIRMATION_OK"
12077,10417974791,10417974833,1,"IOTHUB_CLIENT_CONFIRMATION_OK"
12078,10417974991,10417975040,1,"IOTHUB_CLIENT_CONFIRMATION_OK"
12079,10417975191,10417975237,1,"IOTHUB_CLIENT_CONFIRMATION_OK"
12080,10417975392,10417975437,1,"IOTHUB_CLIENT_CONFIRMATION_OK"
12081,10417975592,10417975649,1,"IOTHUB_CLIENT_CONFIRMATION_OK"
12082,10417975792,10417975856,1,"IOTHUB_CLIENT_CONFIRMATION_OK"
12083,10417975992,10417976041,1,"IOTHUB_CLIENT_CONFIRMATION_OK"
12084,10417976192,10417976229,1,"IOTHUB_CLIENT_CONFIRMATION_OK"
12085,10417976392,10417976466,1,"IOTHUB_CLIENT_CONFIRMATION_OK"
12086,10417976593,10417976630,1,"IOTHUB_CLIENT_CONFIRMATION_OK"
12087,10417976793,10417976868,1,"IOTHUB_CLIENT_CONFIRMATION_OK"
12088,10417976993,10417977066,1,"IOTHUB_CLIENT_CONFIRMATION_OK"
12089,10417977193,10417977231,1,"IOTHUB_CLIENT_CONFIRMATION_OK"
12090,10417977393,10417977436,1,"IOTHUB_CLIENT_CONFIRMATION_OK"
12091,10417977593,10417977674,1,"IOTHUB_CLIENT_CONFIRMATION_OK"
12092,10417977794,10417977834,1,"IOTHUB_CLIENT_CONFIRMATION_OK"
12093,10417977994,10417978051,1,"IOTHUB_CLIENT_CONFIRMATION_OK"
12094,10417978194,10417978230,1,"IOTHUB_CLIENT_CONFIRMATION_OK"
12095,10417978394,10417978449,1,"IOTHUB_CLIENT_CONFIRMATION_OK"
12096,10417978594,10417978636,1,"IOTHUB_CLIENT_CONFIRMATION_OK"
12097,10417978794,10417978848,1,"IOTHUB_CLIENT_CONFIRMATION_OK"
12098,10417978994,10417979030,1,"IOTHUB_CLIENT_CONFIRMATION_OK"
12099,10417979195,10417979237,1,"IOTHUB_CLIENT_CONFIRMATION_OK"
12100,10417979395,10417979444,1,"IOTHUB_CLIENT_CONFIRMATION_OK"
12101,10417979595,10417979887,1,"IOTHUB_CLIENT_CONFIRMATION_OK"
12102,10417979795,10417979951,1,"IOTHUB_CLIENT_CONFIRMATION_OK"
12103,10417979995,10417980047,1,"IOTHUB_CLIENT_CONFIRMATION_OK"
12104,10417980195,10417980316,1,"IOTHUB_CLIENT_CONFIRMATION_OK"
12105,10417980396,10417980435,1,"IOTHUB_CLIENT_CONFIRMATION_OK"
12106,10417980596,10417980648,1,"IOTHUB_CLIENT_CONFIRMATION_OK"
12107,10417980796,10417980949,1,"IOTHUB_CLIENT_CONFIRMATION_OK"
12108,10417980996,10417981042,1,"IOTHUB_CLIENT_CONFIRMATION_OK"
12109,10417981196,10417981252,1,"IOTHUB_CLIENT_CONFIRMATION_OK"
12110,10417981397,10417981437,1,"IOTHUB_CLIENT_CONFIRMATION_OK"
12111,10417981597,10417981645,1,"IOTHUB_CLIENT_CONFIRMATION_OK"
12112,10417981797,10417981838,1,"IOTHUB_CLIENT_CONFIRMATION_OK"
12113,10417981997,10417982032,1,"IOTHUB_CLIENT_CONFIRMATION_OK"
12114,10417982197,10417982239,1,"IOTHUB_CLIENT_CONFIRMATION_OK"
12115,10417982397,10417982490,1,"IOTHUB_CLIENT_CONFIRMATION_OK"
12116,10417982598,10417982637,1,"IOTHUB_CLIENT_CONFIRMATION_OK"
12117,10417982798,10417982839,1,"IOTHUB_CLIENT_CONFIRMATION_OK"
12118,10417982998,10417983040,1,"IOTHUB_CLIENT_CONFIRMATION_OK"
12119,10417983198,10417983234,1,"IOTHUB_CLIENT_CONFIRMATION_OK"
12120,10417983398,10417983594,1,"IOTHUB_CLIENT_CONFIRMATION_OK"
12121,10417983598,10417983645,1,"IOTHUB_CLIENT_CONFIRMATION_OK"
12122,10417983799,10417983853,1,"IOTHUB_CLIENT_CONFIRMATION_OK"
12123,10417983999,10417984042,1,"IOTHUB_CLIENT_CONFIRMATION_OK"
12124,10417984199,10417984260,1,"IOTHUB_CLIENT_CONFIRMATION_OK"
12125,10417984399,10417984453,1,"IOTHUB_CLIENT_CONFIRMATION_OK"
12126,10417984599,10417984657,1,"IOTHUB_CLIENT_CONFIRMATION_OK"
12127,10417984799,10417984841,1,"IOTHUB_CLIENT_CONFIRMATION_OK"
12128,10417984999,10417985058,1,"IOTHUB_CLIENT_CONFIRMATION_OK"
12129,10417985200,10417985236,1,"IOTHUB_CLIENT_CONFIRMATION_OK"
12130,10417985400,10417985445,1,"IOTHUB_CLIENT_CONFIRMATION_OK"
12131,10417985600,10417985647,1,"IOTHUB_CLIENT_CONFIRMATION_OK"
12132,10417985800,10417985899,1,"IOTHUB_CLIENT_CONFIRMATION_OK"
12133,10417986000,10417986047,1,"IOTHUB_CLIENT_CONFIRMATION_OK"
12134,10417986200,10417986266,1,"IOTHUB_CLIENT_CONFIRMATION_OK"
12135,10417986401,10417986446,1,"IOTHUB_CLIENT_CONFIRMATION_OK"
12136,10417986601,10417986666,1,"IOTHUB_CLIENT_CONFIRMATION_OK"
12137,10417986801,10417986845,1,"IOTHUB_CLIENT_CONFIRMATION_OK"
12138,10417987001,10417987045,1,"IOTHUB_CLIENT_CONFIRMATION_OK"
12139,10417987201,10417987240,1,"IOTHUB_CLIENT_CONFIRMATION_OK"
12140,10417987401,10417987464,1,"IOTHUB_CLIENT_CONFIRMATION_OK"
12141,10417987601,10417987645,1,"IOTHUB_CLIENT_CONFIRMATION_OK"
12142,10417987802,10417987845,1,"IOTHUB_CLIENT_CONFIRMATION_OK"
12143,10417988002,10417988072,1,"IOTHUB_CLIENT_CONFIRMATION_OK"
12144,10417988202,10417988245,1,"IOTHUB_CLIENT_CONFIRMATION_OK"
12145,10417988402,10417988472,1,"IOTHUB_CLIENT_CONFIRMATION_OK"
12146,10417988602,10417988667,1,"IOTHUB_CLIENT_CONFIRMATION_OK"
12147,10417988802,10417988839,1,"IOTHUB_CLIENT_CONFIRMATION_OK"
12148,10417989003,10417989043,1,"IOTHUB_CLIENT_CONFIRMATION_OK"
12149,10417989203,10417989298,1,"IOTHUB_CLIENT_CONFIRMATION_OK"
12150,10417989403,10417989442,1,"IOTHUB_CLIENT_CONFIRMATION_OK"
12151,10417989603,10417989683,1,"IOTHUB_CLIENT_CONFIRMATION_OK"
12152,10417989803,10417989865,1,"IOTHUB_CLIENT_CONFIRMATION_OK"
12153,10417990003,10417990067,1,"IOTHUB_CLIENT_CONFIRMATION_OK"
12154,10417990203,10417990282,1,"IOTHUB_CLIENT_CONFIRMATION_OK"
12155,10417990404,10417990456,1,"IOTHUB_CLIENT_CONFIRMATION_OK"
12156,10417990604,10417990673,1,"IOTHUB_CLIENT_CONFIRMATION_OK"
12157,10417990804,10417990840,1,"IOTHUB_CLIENT_CONFIRMATION_OK"
12158,10417991004,10417991048,1,"IOTHUB_CLIENT_CONFIRMATION_OK"
12159,10417991204,10417991330,1,"IOTHUB_CLIENT_CONFIRMATION_OK"
12160,10417991404,10417991468,1,"IOTHUB_CLIENT_CONFIRMATION_OK"
12161,10417991605,10417991643,1,"IOTHUB_CLIENT_CONFIRMATION_OK"
12162,10417991805,10417991940,1,"IOTHUB_CLIENT_CONFIRMATION_OK"
12163,10417992005,10417992049,1,"IOTHUB_CLIENT_CONFIRMATION_OK"
12164,10417992205,10417992250,1,"IOTHUB_CLIENT_CONFIRMATION_OK"
12165,10417992405,10417992457,1,"IOTHUB_CLIENT_CONFIRMATION_OK"
12166,10417992605,10417992644,1,"IOTHUB_CLIENT_CONFIRMATION_OK"
12167,10417992806,10417992851,1,"IOTHUB_CLIENT_CONFIRMATION_OK"
12168,10417993006,10417993080,1,"IOTHUB_CLIENT_CONFIRMATION_OK"
12169,10417993206,10417993248,1,"IOTHUB_CLIENT_CONFIRMATION_OK"
12170,10417993406,10417993470,1,"IOTHUB_CLIENT_CONFIRMATION_OK"
12171,10417993606,10417993648,1,"IOTHUB_CLIENT_CONFIRMATION_OK"
12172,10417993806,10417994030,1,"IOTHUB_CLIENT_CONFIRMATION_OK"
12173,10417994007,10417994098,1,"IOTHUB_CLIENT_CONFIRMATION_OK"
12174,10417994207,10417994244,1,"IOTHUB_CLIENT_CONFIRMATION_OK"
12175,10417994407,10417994452,1,"IOTHUB_CLIENT_CONFIRMATION_OK"
12176,10417994607,10417994648,1,"IOTHUB_CLIENT_CONFIRMATION_OK"
12177,10417994807,10417994852,1,"IOTHUB_CLIENT_CONFIRMATION_OK"
12178,10417995007,10417995478,1,"IOTHUB_CLIENT_CONFIRMATION_OK"
12179,10417995208,10417995535,1,"IOTHUB_CLIENT_CONFIRMATION_OK"
12180,10417995408,10417995562,1,"IOTHUB_CLIENT_CONFIRMATION_OK"
12181,10417995608,10417995654,1,"IOTHUB_CLIENT_CONFIRMATION_OK"
12182,10417995808,10417995860,1,"IOTHUB_CLIENT_CONFIRMATION_OK"
12183,10417996008,10417996050,1,"IOTHUB_CLIENT_CONFIRMATION_OK"
12184,10417996208,10417996265,1,"IOTHUB_CLIENT_CONFIRMATION_OK"
12185,10417996408,10417996454,1,"IOTHUB_CLIENT_CONFIRMATION_OK"
12186,10417996609,10417996649,1,"IOTHUB_CLIENT_CONFIRMATION_OK"
12187,10417996809,10417996861,1,"IOTHUB_CLIENT_CONFIRMATION_OK"
12188,10417997009,10417997064,1,"IOTHUB_CLIENT_CONFIRMATION_OK"
12189,10417997209,10417997273,1,"IOTHUB_CLIENT_CONFIRMATION_OK"
12190,10417997409,10417997464,1,"IOTHUB_CLIENT_CONFIRMATION_OK"
12191,10417997609,10417997651,1,"IOTHUB_CLIENT_CONFIRMATION_OK"
12192,10417997810,10417997861,1,"IOTHUB_CLIENT_CONFIRMATION_OK"
12193,10417998010,10417998048,1,"IOTHUB_CLIENT_CONFIRMATION_OK"
12194,10417998210,10417998258,1,"IOTHUB_CLIENT_CONFIRMATION_OK"
12195,10417998410,10417998477,1,"IOTHUB_CLIENT_CONFIRMATION_OK"
12196,10417998610,10417998680,1,"IOTHUB_CLIENT_CONFIRMATION_OK"
12197,10417998810,10417998921,1,"IOTHUB_CLIENT_CONFIRMATION_OK"
12198,10417999011,10417999126,1,"IOTHUB_CLIENT_CONFIRMATION_OK"
12199,10417999211,10417999251,1,"IOTHUB_CLIENT_CONFIRMATION_OK"
12200,10417999411,10417999473,1,"IOTHUB_CLIENT_CONFIRMATION_OK"
12201,10417999611,10417999737,1,"IOTHUB_CLIENT_CONFIRMATION_OK"
12202,10417999811,10417999893,1,"IOTHUB_CLIENT_CONFIRMATION_OK"
12203,10418000011,10418000049,1,"IOTHUB_CLIENT_CONFIRMATION_OK"
12204,10418000211,10418000338,1,"IOTHUB_CLIENT_CONFIRMATION_OK"
12205,10418000412,10418000458,1,"IOTHUB_CLIENT_CONFIRMATION_OK"
12206,10418000612,10418000695,1,"IOTHUB_CLIENT_CONFIRMATION_OK"
12207,10418000812,10418000970,1,"IOTHUB_CLIENT_CONFIRMATION_OK"
12208,10418001012,10418001086,1,"IOTHUB_CLIENT_CONFIRMATION_OK"
12209,10418001212,10418001255,1,"IOTHUB_CLIENT_CONFIRMATION_OK"
12210,10418001412,10418001457,1,"IOTHUB_CLIENT_CONFIRMATION_OK"
12211,10418001613,10418001657,1,"IOTHUB_CLIENT_CONFIRMATION_OK"
12212,10418001813,10418001872,1,"IOTHUB_CLIENT_CONFIRMATION_OK"
12213,10418002013,10418002049,1,"IOTHUB_CLIENT_CONFIRMATION_OK"
12214,10418002213,10418002323,1,"IOTHUB_CLIENT_CONFIRMATION_OK"
12215,10418002413,10418002463,1,"IOTHUB_CLIENT_CONFIRMATION_OK"
12216,10418002613,10418002671,1,"IOTHUB_CLIENT_CONFIRMATION_OK"
12217,10418002814,10418002890,1,"IOTHUB_CLIENT_CONFIRMATION_OK"
12218,10418003014,10418003065,1,"IOTHUB_CLIENT_CONFIRMATION_OK"
12219,10418003214,10418003254,1,"IOTHUB_CLIENT_CONFIRMATION_OK"
12220,10418003414,10418003596,1,"IOTHUB_CLIENT_CONFIRMATION_OK"
12221,10418003614,10418003653,1,"IOTHUB_CLIENT_CONFIRMATION_OK"
12222,10418003814,10418003865,1,"IOTHUB_CLIENT_CONFIRMATION_OK"
12223,10418004014,10418004070,1,"IOTHUB_CLIENT_CONFIRMATION_OK"
12224,10418004215,10418004260,1,"IOTHUB_CLIENT_CONFIRMATION_OK"
12225,10418004415,10418004491,1,"IOTHUB_CLIENT_CONFIRMATION_OK"
12226,10418004615,10418004656,1,"IOTHUB_CLIENT_CONFIRMATION_OK"
12227,10418004815,10418004860,1,"IOTHUB_CLIENT_CONFIRMATION_OK"
12228,10418005015,10418005062,1,"IOTHUB_CLIENT_CONFIRMATION_OK"
12229,10418005215,10418005265,1,"IOTHUB_CLIENT_CONFIRMATION_OK"
12230,10418005416,10418005519,1,"IOTHUB_CLIENT_CONFIRMATION_OK"
12231,10418005616,10418005697,1,"IOTHUB_CLIENT_CONFIRMATION_OK"
12232,10418005816,10418005876,1,"IOTHUB_CLIENT_CONFIRMATION_OK"
12233,10418006016,10418006078,1,"IOTHUB_CLIENT_CONFIRMATION_OK"
12234,10418006216,10418006268,1,"IOTHUB_CLIENT_CONFIRMATION_OK"
12235,10418006416,10418006463,1,"IOTHUB_CLIENT_CONFIRMATION_OK"
12236,10418006617,10418006694,1,"IOTHUB_CLIENT_CONFIRMATION_OK"
12237,10418006817,10418006878,1,"IOTHUB_CLIENT_CONFIRMATION_OK"
12238,10418007017,10418007060,1,"IOTHUB_CLIENT_CONFIRMATION_OK"
12239,10418007217,10418007275,1,"IOTHUB_CLIENT_CONFIRMATION_OK"
12240,10418007417,10418007472,1,"IOTHUB_CLIENT_CONFIRMATION_OK"
12241,10418007617,10418007665,1,"IOTHUB_CLIENT_CONFIRMATION_OK"
12242,10418007818,10418007861,1,"IOTHUB_CLIENT_CONFIRMATION_OK"
12243,10418008018,10418008118,1,"IOTHUB_CLIENT_CONFIRMATION_OK"
12244,10418008218,10418008274,1,"IOTHUB_CLIENT_CONFIRMATION_OK"
12245,10418008418,10418008506,1,"IOTHUB_CLIENT_CONFIRMATION_OK"
12246,10418008618,10418008723,1,"IOTHUB_CLIENT_CONFIRMATION_OK"
12247,10418008818,10418008868,1,"IOTHUB_CLIENT_CONFIRMATION_OK"
12248,10418009018,10418009060,1,"IOTHUB_CLIENT_CONFIRMATION_OK"
12249,10418009219,10418009350,1,"IOTHUB_CLIENT_CONFIRMATION_OK"
12250,10418009419,10418009461,1,"IOTHUB_CLIENT_CONFIRMATION_OK"
12251,10418009619,10418009666,1,"IOTHUB_CLIENT_CONFIRMATION_OK"
12252,10418009819,10418009870,1,"IOTHUB_CLIENT_CONFIRMATION_OK"
12253,10418010019,10418010095,1,"IOTHUB_CLIENT_CONFIRMATION_OK"
12254,10418010219,10418010267,1,"IOTHUB_CLIENT_CONFIRMATION_OK"
12255,10418010420,10418010459,1,"IOTHUB_CLIENT_CONFIRMATION_OK"
12256,10418010620,10418010666,1,"IOTHUB_CLIENT_CONFIRMATION_OK"
12257,10418010820,10418010861,1,"IOTHUB_CLIENT_CONFIRMATION_OK"
12258,10418011020,10418011096,1,"IOTHUB_CLIENT_CONFIRMATION_OK"
12259,10418011220,10418011261,1,"IOTHUB_CLIENT_CONFIRMATION_OK"
12260,10418011420,10418011460,1,"IOTHUB_CLIENT_CONFIRMATION_OK"
12261,10418011621,10418011667,1,"IOTHUB_CLIENT_CONFIRMATION_OK"
12262,10418011821,10418012002,1,"IOTHUB_CLIENT_CONFIRMATION_OK"
12263,10418012021,10418012058,1,"IOTHUB_CLIENT_CONFIRMATION_OK"
12264,10418012221,10418012266,1,"IOTHUB_CLIENT_CONFIRMATION_OK"
12265,10418012421,10418012461,1,"IOTHUB_CLIENT_CONFIRMATION_OK"
12266,10418012621,10418012660,1,"IOTHUB_CLIENT_CONFIRMATION_OK"
12267,10418012821,10418012860,1,"IOTHUB_CLIENT_CONFIRMATION_OK"
12268,10418013022,10418013066,1,"IOTHUB_CLIENT_CONFIRMATION_OK"
12269,10418013222,10418013270,1,"IOTHUB_CLIENT_CONFIRMATION_OK"
12270,10418013422,10418013500,1,"IOTHUB_CLIENT_CONFIRMATION_OK"
12271,10418013622,10418013670,1,"IOTHUB_CLIENT_CONFIRMATION_OK"
12272,10418013822,10418013860,1,"IOTHUB_CLIENT_CONFIRMATION_OK"
12273,10418014022,10418014197,1,"IOTHUB_CLIENT_CONFIRMATION_OK"
12274,10418014223,10418014262,1,"IOTHUB_CLIENT_CONFIRMATION_OK"
12275,10418014423,10418014461,1,"IOTHUB_CLIENT_CONFIRMATION_OK"
12276,10418014623,10418014666,1,"IOTHUB_CLIENT_CONFIRMATION_OK"
12277,10418014823,10418014865,1,"IOTHUB_CLIENT_CONFIRMATION_OK"
12278,10418015023,10418015067,1,"IOTHUB_CLIENT_CONFIRMATION_OK"
12279,10418015224,10418015259,1,"IOTHUB_CLIENT_CONFIRMATION_OK"
12280,10418015424,10418015480,1,"IOTHUB_CLIENT_CONFIRMATION_OK"
12281,10418015624,10418015666,1,"IOTHUB_CLIENT_CONFIRMATION_OK"
12282,10418015824,10418015871,1,"IOTHUB_CLIENT_CONFIRMATION_OK"
12283,10418016024,10418016082,1,"IOTHUB_CLIENT_CONFIRMATION_OK"
12284,10418016224,10418016259,1,"IOTHUB_CLIENT_CONFIRMATION_OK"
12285,10418016424,10418016467,1,"IOTHUB_CLIENT_CONFIRMATION_OK"
12286,10418016625,10418016711,1,"IOTHUB_CLIENT_CONFIRMATION_OK"
12287,10418016825,10418016867,1,"IOTHUB_CLIENT_CONFIRMATION_OK"
12288,10418017025,10418017134,1,"IOTHUB_CLIENT_CONFIRMATION_OK"
12289,10418017225,10418017360,1,"IOTHUB_CLIENT_CONFIRMATION_OK"
12290,10418017425,10418017482,1,"IOTHUB_CLIENT_CONFIRMATION_OK"
12291,10418017625,10418017697,1,"IOTHUB_CLIENT_CONFIRMATION_OK"
12292,10418017826,10418017880,1,"IOTHUB_CLIENT_CONFIRMATION_OK"
12293,10418018026,10418018061,1,"IOTHUB_CLIENT_CONFIRMATION_OK"
12294,10418018226,10418018269,1,"IOTHUB_CLIENT_CONFIRMATION_OK"
12295,10418018426,10418018470,1,"IOTHUB_CLIENT_CONFIRMATION_OK"
12296,10418018626,10418018666,1,"IOTHUB_CLIENT_CONFIRMATION_OK"
12297,10418018826,10418018866,1,"IOTHUB_CLIENT_CONFIRMATION_OK"
12298,10418019027,10418019065,1,"IOTHUB_CLIENT_CONFIRMATION_OK"
12299,10418019227,10418019284,1,"IOTHUB_CLIENT_CONFIRMATION_OK"
12300,10418019427,10418019472,1,"IOTHUB_CLIENT_CONFIRMATION_OK"
12301,10418019627,10418019772,1,"IOTHUB_CLIENT_CONFIRMATION_OK"
12302,10418019827,10418019873,1,"IOTHUB_CLIENT_CONFIRMATION_OK"
12303,10418020027,10418020076,1,"IOTHUB_CLIENT_CONFIRMATION_OK"
12304,10418020227,10418020263,1,"IOTHUB_CLIENT_CONFIRMATION_OK"
12305,10418020428,10418020478,1,"IOTHUB_CLIENT_CONFIRMATION_OK"
12306,10418020628,10418020669,1,"IOTHUB_CLIENT_CONFIRMATION_OK"
12307,10418020828,10418021222,1,"IOTHUB_CLIENT_CONFIRMATION_OK"
12308,10418021028,10418021256,1,"IOTHUB_CLIENT_CONFIRMATION_OK"
12309,10418021228,10418021278,1,"IOTHUB_CLIENT_CONFIRMATION_OK"
12310,10418021428,10418021467,1,"IOTHUB_CLIENT_CONFIRMATION_OK"
12311,10418021629,10418021678,1,"IOTHUB_CLIENT_CONFIRMATION_OK"
12312,10418021829,10418021868,1,"IOTHUB_CLIENT_CONFIRMATION_OK"
12313,10418022029,10418022065,1,"IOTHUB_CLIENT_CONFIRMATION_OK"
12314,10418022229,10418022274,1,"IOTHUB_CLIENT_CONFIRMATION_OK"
12315,10418022429,10418022471,1,"IOTHUB_CLIENT_CONFIRMATION_OK"
12316,10418022629,10418022678,1,"IOTHUB_CLIENT_CONFIRMATION_OK"
12317,10418022829,10418022879,1,"IOTHUB_CLIENT_CONFIRMATION_OK"
12318,10418023030,10418023072,1,"IOTHUB_CLIENT_CONFIRMATION_OK"
12319,10418023230,10418023271,1,"IOTHUB_CLIENT_CONFIRMATION_OK"
12320,10418023430,10418023482,1,"IOTHUB_CLIENT_CONFIRMATION_OK"
12321,10418023630,10418023669,1,"IOTHUB_CLIENT_CONFIRMATION_OK"
12322,10418023830,10418023904,1,"IOTHUB_CLIENT_CONFIRMATION_OK"
12323,10418024030,10418024073,1,"IOTHUB_CLIENT_CONFIRMATION_OK"
12324,10418024231,10418024292,1,"IOTHUB_CLIENT_CONFIRMATION_OK"
12325,10418024431,10418024464,1,"IOTHUB_CLIENT_CONFIRMATION_OK"
12326,10418024631,10418024667,1,"IOTHUB_CLIENT_CONFIRMATION_OK"
12327,10418024831,10418024874,1,"IOTHUB_CLIENT_CONFIRMATION_OK"
12328,10418025031,10418025073,1,"IOTHUB_CLIENT_CONFIRMATION_OK"
12329,10418025231,10418025271,1,"IOTHUB_CLIENT_CONFIRMATION_OK"
12330,10418025431,10418025537,1,"IOTHUB_CLIENT_CONFIRMATION_OK"
12331,10418025632,10418025699,1,"IOTHUB_CLIENT_CONFIRMATION_OK"
12332,10418025832,10418025879,1,"IOTHUB_CLIENT_CONFIRMATION_OK"
12333,10418026032,10418026194,1,"IOTHUB_CLIENT_CONFIRMATION_OK"
12334,10418026232,10418026280,1,"IOTHUB_CLIENT_CONFIRMATION_OK"
12335,10418026432,10418026474,1,"IOTHUB_CLIENT_CONFIRMATION_OK"
12336,10418026633,10418026799,1,"IOTHUB_CLIENT_CONFIRMATION_OK"
12337,10418026833,10418026876,1,"IOTHUB_CLIENT_CONFIRMATION_OK"
12338,10418027033,10418027072,1,"IOTHUB_CLIENT_CONFIRMATION_OK"
12339,10418027233,10418027291,1,"IOTHUB_CLIENT_CONFIRMATION_OK"
12340,10418027433,10418027499,1,"IOTHUB_CLIENT_CONFIRMATION_OK"
12341,10418027633,10418027678,1,"IOTHUB_CLIENT_CONFIRMATION_OK"
12342,10418027834,10418027880,1,"IOTHUB_CLIENT_CONFIRMATION_OK"
12343,10418028034,10418028105,1,"IOTHUB_CLIENT_CONFIRMATION_OK"
12344,10418028234,10418028279,1,"IOTHUB_CLIENT_CONFIRMATION_OK"
12345,10418028434,10418028486,1,"IOTHUB_CLIENT_CONFIRMATION_OK"
12346,10418028634,10418028792,1,"IOTHUB_CLIENT_CONFIRMATION_OK"
12347,10418028834,10418028884,1,"IOTHUB_CLIENT_CONFIRMATION_OK"
12348,10418029035,10418029082,1,"IOTHUB_CLIENT_CONFIRMATION_OK"
12349,10418029235,10418029421,1,"IOTHUB_CLIENT_CONFIRMATION_OK"
12350,10418029435,10418029517,1,"IOTHUB_CLIENT_CONFIRMATION_OK"
12351,10418029635,10418029674,1,"IOTHUB_CLIENT_CONFIRMATION_OK"
12352,10418029835,10418029892,1,"IOTHUB_CLIENT_CONFIRMATION_OK"
12353,10418030035,10418030108,1,"IOTHUB_CLIENT_CONFIRMATION_OK"
12354,10418030236,10418030273,1,"IOTHUB_CLIENT_CONFIRMATION_OK"
12355,10418030436,10418030475,1,"IOTHUB_CLIENT_CONFIRMATION_OK"
12356,10418030636,10418030680,1,"IOTHUB_CLIENT_CONFIRMATION_OK"
12357,10418030836,10418030873,1,"IOTHUB_CLIENT_CONFIRMATION_OK"
12358,10418031036,10418031095,1,"IOTHUB_CLIENT_CONFIRMATION_OK"
12359,10418031236,10418031276,1,"IOTHUB_CLIENT_CONFIRMATION_OK"
12360,10418031437,10418031472,1,"IOTHUB_CLIENT_CONFIRMATION_OK"
12361,10418031637,10418031675,1,"IOTHUB_CLIENT_CONFIRMATION_OK"
12362,10418031837,10418031883,1,"IOTHUB_CLIENT_CONFIRMATION_OK"
12363,10418032037,10418032195,1,"IOTHUB_CLIENT_CONFIRMATION_OK"
12364,10418032237,10418032277,1,"IOTHUB_CLIENT_CONFIRMATION_OK"
12365,10418032437,10418032499,1,"IOTHUB_CLIENT_CONFIRMATION_OK"
12366,10418032638,10418032684,1,"IOTHUB_CLIENT_CONFIRMATION_OK"
12367,10418032838,10418032888,1,"IOTHUB_CLIENT_CONFIRMATION_OK"
12368,10418033038,10418033085,1,"IOTHUB_CLIENT_CONFIRMATION_OK"
12369,10418033238,10418033277,1,"IOTHUB_CLIENT_CONFIRMATION_OK"
12370,10418033438,10418033537,1,"IOTHUB_CLIENT_CONFIRMATION_OK"
12371,10418033638,10418033692,1,"IOTHUB_CLIENT_CONFIRMATION_OK"
12372,10418033838,10418033883,1,"IOTHUB_CLIENT_CONFIRMATION_OK"
12373,10418034039,10418034083,1,"IOTHUB_CLIENT_CONFIRMATION_OK"
12374,10418034239,10418034291,1,"IOTHUB_CLIENT_CONFIRMATION_OK"
12375,10418034439,10418034485,1,"IOTHUB_CLIENT_CONFIRMATION_OK"
12376,10418034639,10418034680,1,"IOTHUB_CLIENT_CONFIRMATION_OK"
12377,10418034839,10418034876,1,"IOTHUB_CLIENT_CONFIRMATION_OK"
12378,10418035039,10418035093,1,"IOTHUB_CLIENT_CONFIRMATION_OK"
12379,10418035240,10418035293,1,"IOTHUB_CLIENT_CONFIRMATION_OK"
12380,10418035440,10418035491,1,"IOTHUB_CLIENT_CONFIRMATION_OK"
12381,10418035640,10418035676,1,"IOTHUB_CLIENT_CONFIRMATION_OK"
12382,10418035840,10418035908,1,"IOTHUB_CLIENT_CONFIRMATION_OK"
12383,10418036040,10418036077,1,"IOTHUB_CLIENT_CONFIRMATION_OK"
12384,10418036240,10418036298,1,"IOTHUB_CLIENT_CONFIRMATION_OK"
12385,10418036440,10418036529,1,"IOTHUB_CLIENT_CONFIRMATION_OK"
12386,10418036641,10418036687,1,"IOTHUB_CLIENT_CONFIRMATION_OK"
12387,10418036841,10418036902,1,"IOTHUB_CLIENT_CONFIRMATION_OK"
12388,10418037041,10418037127,1,"IOTHUB_CLIENT_CONFIRMATION_OK"
12389,10418037241,10418037327,1,"IOTHUB_CLIENT_CONFIRMATION_OK"
12390,10418037441,10418037479,1,"IOTHUB_CLIENT_CONFIRMATION_OK"
12391,10418037641,10418037821,1,"IOTHUB_CLIENT_CONFIRMATION_OK"
12392,10418037842,10418037883,1,"IOTHUB_CLIENT_CONFIRMATION_OK"
12393,10418038042,10418038093,1,"IOTHUB_CLIENT_CONFIRMATION_OK"
12394,10418038242,10418038285,1,"IOTHUB_CLIENT_CONFIRMATION_OK"
12395,10418038442,10418038482,1,"IOTHUB_CLIENT_CONFIRMATION_OK"
12396,10418038642,10418038710,1,"IOTHUB_CLIENT_CONFIRMATION_OK"
12397,10418038842,10418038903,1,"IOTHUB_CLIENT_CONFIRMATION_OK"
12398,10418039043,10418039128,1,"IOTHUB_CLIENT_CONFIRMATION_OK"
12399,10418039243,10418039284,1,"IOTHUB_CLIENT_CONFIRMATION_OK"
12400,10418039443,10418039484,1,"IOTHUB_CLIENT_CONFIRMATION_OK"
12401,10418039643,10418039686,1,"IOTHUB_CLIENT_CONFIRMATION_OK"
12402,10418039843,10418039880,1,"IOTHUB_CLIENT_CONFIRMATION_OK"
12403,10418040043,10418040088,1,"IOTHUB_CLIENT_CONFIRMATION_OK"
12404,10418040243,10418040397,1,"IOTHUB_CLIENT_CONFIRMATION_OK"
12405,10418040444,10418040589,1,"IOTHUB_CLIENT_CONFIRMATION_OK"
12406,10418040644,10418040684,1,"IOTHUB_CLIENT_CONFIRMATION_OK"
12407,10418040844,10418041029,1,"IOTHUB_CLIENT_CONFIRMATION_OK"
12408,10418041044,10418041083,1,"IOTHUB_CLIENT_CONFIRMATION_OK"
12409,10418041244,10418041299,1,"IOTHUB_CLIENT_CONFIRMATION_OK"
12410,10418041444,10418041499,1,"IOTHUB_CLIENT_CONFIRMATION_OK"
12411,10418041645,10418041693,1,"IOTHUB_CLIENT_CONFIRMATION_OK"
12412,10418041845,10418041881,1,"IOTHUB_CLIENT_CONFIRMATION_OK"
12413,10418042045,10418042101,1,"IOTHUB_CLIENT_CONFIRMATION_OK"
12414,10418042245,10418042294,1,"IOTHUB_CLIENT_CONFIRMATION_OK"
12415,10418042445,10418042491,1,"IOTHUB_CLIENT_CONFIRMATION_OK"
12416,10418042645,10418042682,1,"IOTHUB_CLIENT_CONFIRMATION_OK"
12417,10418042845,10418042888,1,"IOTHUB_CLIENT_CONFIRMATION_OK"
12418,10418043046,10418043101,1,"IOTHUB_CLIENT_CONFIRMATION_OK"
12419,10418043246,10418043298,1,"IOTHUB_CLIENT_CONFIRMATION_OK"
12420,10418043446,10418043886,1,"IOTHUB_CLIENT_CONFIRMATION_OK"
12421,10418043646,10418043953,1,"IOTHUB_CLIENT_CONFIRMATION_OK"
12422,10418043846,10418044016,1,"IOTHUB_CLIENT_CONFIRMATION_OK"
12423,10418044046,10418044088,1,"IOTHUB_CLIENT_CONFIRMATION_OK"
12424,10418044247,10418044286,1,"IOTHUB_CLIENT_CONFIRMATION_OK"
12425,10418044447,10418044595,1,"IOTHUB_CLIENT_CONFIRMATION_OK"
12426,10418044647,10418044685,1,"IOTHUB_CLIENT_CONFIRMATION_OK"
12427,10418044847,10418044898,1,"IOTHUB_CLIENT_CONFIRMATION_OK"
12428,10418045047,10418045086,1,"IOTHUB_CLIENT_CONFIRMATION_OK"
12429,10418045248,10418045286,1,"IOTHUB_CLIENT_CONFIRMATION_OK"
12430,10418045448,10418045506,1,"IOTHUB_CLIENT_CONFIRMATION_OK"
12431,10418045648,10418045748,1,"IOTHUB_CLIENT_CONFIRMATION_OK"
12432,10418045848,10418045895,1,"IOTHUB_CLIENT_CONFIRMATION_OK"
12433,10418046048,10418046107,1,"IOTHUB_CLIENT_CONFIRMATION_OK"
12434,10418046248,10418046296,1,"IOTHUB_CLIENT_CONFIRMATION_OK"
12435,10418046448,10418046486,1,"IOTHUB_CLIENT_CONFIRMATION_OK"
12436,10418046649,10418046733,1,"IOTHUB_CLIENT_CONFIRMATION_OK"
12437,10418046849,10418046899,1,"IOTHUB_CLIENT_CONFIRMATION_OK"
12438,10418047049,10418047083,1,"IOTHUB_CLIENT_CONFIRMATION_OK"
12439,10418047249,10418047286,1,"IOTHUB_CLIENT_CONFIRMATION_OK"
12440,10418047449,10418047501,1,"IOTHUB_CLIENT_CONFIRMATION_OK"
12441,10418047649,10418047686,1,"IOTHUB_CLIENT_CONFIRMATION_OK"
12442,10418047850,10418047888,1,"IOTHUB_CLIENT_CONFIRMATION_OK"
12443,10418048050,10418048090,1,"IOTHUB_CLIENT_CONFIRMATION_OK"
12444,10418048250,10418048299,1,"IOTHUB_CLIENT_CONFIRMATION_OK"
12445,10418048450,10418048495,1,"IOTHUB_CLIENT_CONFIRMATION_OK"
12446,10418048650,10418048687,1,"IOTHUB_CLIENT_CONFIRMATION_OK"
12447,10418048851,10418048886,1,"IOTHUB_CLIENT_CONFIRMATION_OK"
12448,10418049051,10418049095,1,"IOTHUB_CLIENT_CONFIRMATION_OK"
12449,10418049251,10418049291,1,"IOTHUB_CLIENT_CONFIRMATION_OK"
12450,10418049451,10418049523,1,"IOTHUB_CLIENT_CONFIRMATION_OK"
12451,10418049651,10418049692,1,"IOTHUB_CLIENT_CONFIRMATION_OK"
12452,10418049851,10418049896,1,"IOTHUB_CLIENT_CONFIRMATION_OK"
12453,10418050052,10418050090,1,"IOTHUB_CLIENT_CONFIRMATION_OK"
12454,10418050252,10418050300,1,"IOTHUB_CLIENT_CONFIRMATION_OK"
12455,10418050452,10418050558,1,"IOTHUB_CLIENT_CONFIRMATION_OK"
12456,10418050652,10418050699,1,"IOTHUB_CLIENT_CONFIRMATION_OK"
12457,10418050852,10418050893,1,"IOTHUB_CLIENT_CONFIRMATION_OK"
12458,10418051052,10418051102,1,"IOTHUB_CLIENT_CONFIRMATION_OK"
12459,10418051252,10418051317,1,"IOTHUB_CLIENT_CONFIRMATION_OK"
12460,10418051453,10418051519,1,"IOTHUB_CLIENT_CONFIRMATION_OK"
12461,10418051653,10418051695,1,"IOTHUB_CLIENT_CONFIRMATION_OK"
12462,10418051853,10418051909,1,"IOTHUB_CLIENT_CONFIRMATION_OK"
12463,10418052053,10418052123,1,"IOTHUB_CLIENT_CONFIRMATION_OK"
12464,10418052253,10418052300,1,"IOTHUB_CLIENT_CONFIRMATION_OK"
12465,10418052454,10418052515,1,"IOTHUB_CLIENT_CONFIRMATION_OK"
12466,10418052654,10418052700,1,"IOTHUB_CLIENT_CONFIRMATION_OK"
12467,10418052854,10418052903,1,"IOTHUB_CLIENT_CONFIRMATION_OK"
12468,10418053054,10418053096,1,"IOTHUB_CLIENT_CONFIRMATION_OK"
12469,10418053254,10418053309,1,"IOTHUB_CLIENT_CONFIRMATION_OK"
12470,10418053454,10418053497,1,"IOTHUB_CLIENT_CONFIRMATION_OK"
12471,10418053655,10418053700,1,"IOTHUB_CLIENT_CONFIRMATION_OK"
12472,10418053855,10418053949,1,"IOTHUB_CLIENT_CONFIRMATION_OK"
12473,10418054055,10418054121,1,"IOTHUB_CLIENT_CONFIRMATION_OK"
12474,10418054255,10418054296,1,"IOTHUB_CLIENT_CONFIRMATION_OK"
12475,10418054455,10418054563,1,"IOTHUB_CLIENT_CONFIRMATION_OK"
12476,10418054655,10418054698,1,"IOTHUB_CLIENT_CONFIRMATION_OK"
12477,10418054855,10418054905,1,"IOTHUB_CLIENT_CONFIRMATION_OK"
12478,10418055056,10418055190,1,"IOTHUB_CLIENT_CONFIRMATION_OK"
12479,10418055256,10418055302,1,"IOTHUB_CLIENT_CONFIRMATION_OK"
12480,10418055456,10418055529,1,"IOTHUB_CLIENT_CONFIRMATION_OK"
12481,10418055656,10418055704,1,"IOTHUB_CLIENT_CONFIRMATION_OK"
12482,10418055856,10418055907,1,"IOTHUB_CLIENT_CONFIRMATION_OK"
12483,10418056056,10418056110,1,"IOTHUB_CLIENT_CONFIRMATION_OK"
12484,10418056257,10418056295,1,"IOTHUB_CLIENT_CONFIRMATION_OK"
12485,10418056457,10418056500,1,"IOTHUB_CLIENT_CONFIRMATION_OK"
12486,10418056657,10418056703,1,"IOTHUB_CLIENT_CONFIRMATION_OK"
12487,10418056857,10418056896,1,"IOTHUB_CLIENT_CONFIRMATION_OK"
12488,10418057057,10418057106,1,"IOTHUB_CLIENT_CONFIRMATION_OK"
12489,10418057257,10418057327,1,"IOTHUB_CLIENT_CONFIRMATION_OK"
12490,10418057458,10418057500,1,"IOTHUB_CLIENT_CONFIRMATION_OK"
12491,10418057658,10418057702,1,"IOTHUB_CLIENT_CONFIRMATION_OK"
12492,10418057858,10418057911,1,"IOTHUB_CLIENT_CONFIRMATION_OK"
12493,10418058058,10418058103,1,"IOTHUB_CLIENT_CONFIRMATION_OK"
12494,10418058258,10418058295,1,"IOTHUB_CLIENT_CONFIRMATION_OK"
12495,10418058458,10418058542,1,"IOTHUB_CLIENT_CONFIRMATION_OK"
12496,10418058658,10418058695,1,"IOTHUB_CLIENT_CONFIRMATION_OK"
12497,10418058859,10418058900,1,"IOTHUB_CLIENT_CONFIRMATION_OK"
12498,10418059059,10418059156,1,"IOTHUB_CLIENT_CONFIRMATION_OK"
12499,10418059259,10418059301,1,"IOTHUB_CLIENT_CONFIRMATION_OK"
12500,10418059459,10418059498,1,"IOTHUB_CLIENT_CONFIRMATION_OK"
12501,10418059659,10418059726,1,"IOTHUB_CLIENT_CONFIRMATION_OK"
12502,10418059859,10418059908,1,"IOTHUB_CLIENT_CONFIRMATION_OK"
12503,10418060059,10418060103,1,"IOTHUB_CLIENT_CONFIRMATION_OK"
12504,10418060260,10418060370,1,"IOTHUB_CLIENT_CONFIRMATION_OK"
12505,10418060460,10418060522,1,"IOTHUB_CLIENT_CONFIRMATION_OK"
12506,10418060660,10418060708,1,"IOTHUB_CLIENT_CONFIRMATION_OK"
12507,10418060860,10418060958,1,"IOTHUB_CLIENT_CONFIRMATION_OK"
12508,10418061060,10418061097,1,"IOTHUB_CLIENT_CONFIRMATION_OK"
12509,10418061260,10418061303,1,"IOTHUB_CLIENT_CONFIRMATION_OK"
12510,10418061461,10418061502,1,"IOTHUB_CLIENT_CONFIRMATION_OK"
12511,10418061661,10418061732,1,"IOTHUB_CLIENT_CONFIRMATION_OK"
12512,10418061861,10418061903,1,"IOTHUB_CLIENT_CONFIRMATION_OK"
12513,10418062061,10418062102,1,"IOTHUB_CLIENT_CONFIRMATION_OK"
12514,10418062261,10418062324,1,"IOTHUB_CLIENT_CONFIRMATION_OK"
12515,10418062461,10418062516,1,"IOTHUB_CLIENT_CONFIRMATION_OK"
12516,10418062661,10418062696,1,"IOTHUB_CLIENT_CONFIRMATION_OK"
12517,10418062862,10418062900,1,"IOTHUB_CLIENT_CONFIRMATION_OK"
12518,10418063062,10418063104,1,"IOTHUB_CLIENT_CONFIRMATION_OK"
12519,10418063262,10418063312,1,"IOTHUB_CLIENT_CONFIRMATION_OK"
12520,10418063462,10418063673,1,"IOTHUB_CLIENT_CONFIRMATION_OK"
12521,10418063662,10418063706,1,"IOTHUB_CLIENT_CONFIRMATION_OK"
12522,10418063862,10418063902,1,"IOTHUB_CLIENT_CONFIRMATION_OK"
12523,10418064063,10418064100,1,"IOTHUB_CLIENT_CONFIRMATION_OK"
12524,10418064263,10418064305,1,"IOTHUB_CLIENT_CONFIRMATION_OK"
12525,10418064463,10418064528,1,"IOTHUB_CLIENT_CONFIRMATION_OK"
12526,10418064663,10418064731,1,"IOTHUB_CLIENT_CONFIRMATION_OK"
12527,10418064863,10418064911,1,"IOTHUB_CLIENT_CONFIRMATION_OK"
12528,10418065063,10418065119,1,"IOTHUB_CLIENT_CONFIRMATION_OK"
12529,10418065263,10418065302,1,"IOTHUB_CLIENT_CONFIRMATION_OK"
12530,10418065464,10418065517,1,"IOTHUB_CLIENT_CONFIRMATION_OK"
12531,10418065664,10418065706,1,"IOTHUB_CLIENT_CONFIRMATION_OK"
12532,10418065864,10418065919,1,"IOTHUB_CLIENT_CONFIRMATION_OK"
12533,10418066064,10418066142,1,"IOTHUB_CLIENT_CONFIRMATION_OK"
12534,10418066264,10418066312,1,"IOTHUB_CLIENT_CONFIRMATION_OK"
12535,10418066464,10418066519,1,"IOTHUB_CLIENT_CONFIRMATION_OK"
12536,10418066665,10418066741,1,"IOTHUB_CLIENT_CONFIRMATION_OK"
12537,10418066865,10418066904,1,"IOTHUB_CLIENT_CONFIRMATION_OK"
12538,10418067065,10418067107,1,"IOTHUB_CLIENT_CONFIRMATION_OK"
12539,10418067265,10418067297,1,"IOTHUB_CLIENT_CONFIRMATION_OK"
12540,10418067465,10418067503,1,"IOTHUB_CLIENT_CONFIRMATION_OK"
12541,10418067665,10418067711,1,"IOTHUB_CLIENT_CONFIRMATION_OK"
12542,10418067866,10418067909,1,"IOTHUB_CLIENT_CONFIRMATION_OK"
12543,10418068066,10418068123,1,"IOTHUB_CLIENT_CONFIRMATION_OK"
12544,10418068266,10418068305,1,"IOTHUB_CLIENT_CONFIRMATION_OK"
12545,10418068466,10418068503,1,"IOTHUB_CLIENT_CONFIRMATION_OK"
12546,10418068666,10418068797,1,"IOTHUB_CLIENT_CONFIRMATION_OK"
12547,10418068866,10418068902,1,"IOTHUB_CLIENT_CONFIRMATION_OK"
12548,10418069066,10418069102,1,"IOTHUB_CLIENT_CONFIRMATION_OK"
12549,10418069267,10418069392,1,"IOTHUB_CLIENT_CONFIRMATION_OK"
12550,10418069467,10418069504,1,"IOTHUB_CLIENT_CONFIRMATION_OK"
12551,10418069667,10418069707,1,"IOTHUB_CLIENT_CONFIRMATION_OK"
12552,10418069867,10418069931,1,"IOTHUB_CLIENT_CONFIRMATION_OK"
12553,10418070067,10418070126,1,"IOTHUB_CLIENT_CONFIRMATION_OK"
12554,10418070267,10418070320,1,"IOTHUB_CLIENT_CONFIRMATION_OK"
12555,10418070468,10418070532,1,"IOTHUB_CLIENT_CONFIRMATION_OK"
12556,10418070668,10418070705,1,"IOTHUB_CLIENT_CONFIRMATION_OK"
12557,10418070868,10418070910,1,"IOTHUB_CLIENT_CONFIRMATION_OK"
12558,10418071068,10418071110,1,"IOTHUB_CLIENT_CONFIRMATION_OK"
12559,10418071268,10418071308,1,"IOTHUB_CLIENT_CONFIRMATION_OK"
12560,10418071468,10418071522,1,"IOTHUB_CLIENT_CONFIRMATION_OK"
12561,10418071668,10418071718,1,"IOTHUB_CLIENT_CONFIRMATION_OK"
12562,10418071869,10418072030,1,"IOTHUB_CLIENT_CONFIRMATION_OK"
12563,10418072069,10418072106,1,"IOTHUB_CLIENT_CONFIRMATION_OK"
12564,10418072269,10418072324,1,"IOTHUB_CLIENT_CONFIRMATION_OK"
12565,10418072469,10418072623,1,"IOTHUB_CLIENT_CONFIRMATION_OK"
12566,10418072669,10418072709,1,"IOTHUB_CLIENT_CONFIRMATION_OK"
12567,10418072869,10418072905,1,"IOTHUB_CLIENT_CONFIRMATION_OK"
12568,10418073070,10418073103,1,"IOTHUB_CLIENT_CONFIRMATION_OK"
12569,10418073270,10418073310,1,"IOTHUB_CLIENT_CONFIRMATION_OK"
12570,10418073470,10418073577,1,"IOTHUB_CLIENT_CONFIRMATION_OK"
12571,10418073670,10418073723,1,"IOTHUB_CLIENT_CONFIRMATION_OK"
12572,10418073870,10418073915,1,"IOTHUB_CLIENT_CONFIRMATION_OK"
12573,10418074070,10418074223,1,"IOTHUB_CLIENT_CONFIRMATION_OK"
12574,10418074271,10418074312,1,"IOTHUB_CLIENT_CONFIRMATION_OK"
12575,10418074471,10418074513,1,"IOTHUB_CLIENT_CONFIRMATION_OK"
12576,10418074671,10418074716,1,"IOTHUB_CLIENT_CONFIRMATION_OK"
12577,10418074871,10418074920,1,"IOTHUB_CLIENT_CONFIRMATION_OK"
12578,10418075071,10418075300,1,"IOTHUB_CLIENT_CONFIRMATION_OK"
12579,10418075271,10418075324,1,"IOTHUB_CLIENT_CONFIRMATION_OK"
12580,10418075472,10418075524,1,"IOTHUB_CLIENT_CONFIRMATION_OK"
12581,10418075672,10418075739,1,"IOTHUB_CLIENT_CONFIRMATION_OK"
12582,10418075872,10418075915,1,"IOTHUB_CLIENT_CONFIRMATION_OK"
12583,10418076072,10418076115,1,"IOTHUB_CLIENT_CONFIRMATION_OK"
12584,10418076272,10418076316,1,"IOTHUB_CLIENT_CONFIRMATION_OK"
12585,10418076472,10418076517,1,"IOTHUB_CLIENT_CONFIRMATION_OK"
12586,10418076673,10418076717,1,"IOTHUB_CLIENT_CONFIRMATION_OK"
12587,10418076873,10418076924,1,"IOTHUB_CLIENT_CONFIRMATION_OK"
12588,10418077073,10418077117,1,"IOTHUB_CLIENT_CONFIRMATION_OK"
12589,10418077273,10418077313,1,"IOTHUB_CLIENT_CONFIRMATION_OK"
12590,10418077473,10418077514,1,"IOTHUB_CLIENT_CONFIRMATION_OK"
12591,10418077673,10418077735,1,"IOTHUB_CLIENT_CONFIRMATION_OK"
12592,10418077873,10418077918,1,"IOTHUB_CLIENT_CONFIRMATION_OK"
12593,10418078074,10418078107,1,"IOTHUB_CLIENT_CONFIRMATION_OK"
12594,10418078274,10418078315,1,"IOTHUB_CLIENT_CONFIRMATION_OK"
12595,10418078474,10418078511,1,"IOTHUB_CLIENT_CONFIRMATION_OK"
12596,10418078674,10418078726,1,"IOTHUB_CLIENT_CONFIRMATION_OK"
12597,10418078874,10418078933,1,"IOTHUB_CLIENT_CONFIRMATION_OK"
12598,10418079074,10418079150,1,"IOTHUB_CLIENT_CONFIRMATION_OK"
12599,10418079275,10418079314,1,"IOTHUB_CLIENT_CONFIRMATION_OK"
12600,10418079475,10418079509,1,"IOTHUB_CLIENT_CONFIRMATION_OK"
12601,10418079675,10418079790,1,"IOTHUB_CLIENT_CONFIRMATION_OK"
12602,10418079875,10418079920,1,"IOTHUB_CLIENT_CONFIRMATION_OK"
12603,10418080075,10418080120,1,"IOTHUB_CLIENT_CONFIRMATION_OK"
12604,10418080275,10418080370,1,"IOTHUB_CLIENT_CONFIRMATION_OK"
12605,10418080476,10418080511,1,"IOTHUB_CLIENT_CONFIRMATION_OK"
12606,10418080676,10418080730,1,"IOTHUB_CLIENT_CONFIRMATION_OK"
12607,10418080876,10418080983,1,"IOTHUB_CLIENT_CONFIRMATION_OK"
12608,10418081076,10418081125,1,"IOTHUB_CLIENT_CONFIRMATION_OK"
12609,10418081276,10418081318,1,"IOTHUB_CLIENT_CONFIRMATION_OK"
12610,10418081476,10418081537,1,"IOTHUB_CLIENT_CONFIRMATION_OK"
12611,10418081677,10418081835,1,"IOTHUB_CLIENT_CONFIRMATION_OK"
12612,10418081877,10418081929,1,"IOTHUB_CLIENT_CONFIRMATION_OK"
12613,10418082077,10418082118,1,"IOTHUB_CLIENT_CONFIRMATION_OK"
12614,10418082277,10418082327,1,"IOTHUB_CLIENT_CONFIRMATION_OK"
12615,10418082477,10418082525,1,"IOTHUB_CLIENT_CONFIRMATION_OK"
12616,10418082677,10418082717,1,"IOTHUB_CLIENT_CONFIRMATION_OK"
12617,10418082877,10418083042,1,"IOTHUB_CLIENT_CONFIRMATION_OK"
12618,10418083078,10418083119,1,"IOTHUB_CLIENT_CONFIRMATION_OK"
12619,10418083278,10418083310,1,"IOTHUB_CLIENT_CONFIRMATION_OK"
12620,10418083478,10418083622,1,"IOTHUB_CLIENT_CONFIRMATION_OK"
12621,10418083678,10418083725,1,"IOTHUB_CLIENT_CONFIRMATION_OK"
12622,10418083878,10418083955,1,"IOTHUB_CLIENT_CONFIRMATION_OK"
12623,10418084078,10418084117,1,"IOTHUB_CLIENT_CONFIRMATION_OK"
12624,10418084279,10418084313,1,"IOTHUB_CLIENT_CONFIRMATION_OK"
12625,10418084479,10418084523,1,"IOTHUB_CLIENT_CONFIRMATION_OK"
12626,10418084679,10418084718,1,"IOTHUB_CLIENT_CONFIRMATION_OK"
12627,10418084879,10418084935,1,"IOTHUB_CLIENT_CONFIRMATION_OK"
12628,10418085079,10418085131,1,"IOTHUB_CLIENT_CONFIRMATION_OK"
12629,10418085279,10418085318,1,"IOTHUB_CLIENT_CONFIRMATION_OK"
12630,10418085479,10418085518,1,"IOTHUB_CLIENT_CONFIRMATION_OK"
12631,10418085680,10418085724,1,"IOTHUB_CLIENT_CONFIRMATION_OK"
12632,10418085880,10418085925,1,"IOTHUB_CLIENT_CONFIRMATION_OK"
12633,10418086080,10418086117,1,"IOTHUB_CLIENT_CONFIRMATION_OK"
12634,10418086280,10418086317,1,"IOTHUB_CLIENT_CONFIRMATION_OK"
12635,10418086480,10418086527,1,"IOTHUB_CLIENT_CONFIRMATION_OK"
12636,10418086680,10418086718,1,"IOTHUB_CLIENT_CONFIRMATION_OK"
12637,10418086881,10418086942,1,"IOTHUB_CLIENT_CONFIRMATION_OK"
12638,10418087081,10418087132,1,"IOTHUB_CLIENT_CONFIRMATION_OK"
12639,10418087281,10418087316,1,"IOTHUB_CLIENT_CONFIRMATION_OK"
12640,10418087481,10418087540,1,"IOTHUB_CLIENT_CONFIRMATION_OK"
12641,10418087681,10418087726,1,"IOTHUB_CLIENT_CONFIRMATION_OK"
12642,10418087881,10418087919,1,"IOTHUB_CLIENT_CONFIRMATION_OK"
12643,10418088081,10418088129,1,"IOTHUB_CLIENT_CONFIRMATION_OK"
12644,10418088282,10418088358,1,"IOTHUB_CLIENT_CONFIRMATION_OK"
12645,10418088482,10418088532,1,"IOTHUB_CLIENT_CONFIRMATION_OK"
12646,10418088682,10418088772,1,"IOTHUB_CLIENT_CONFIRMATION_OK"
12647,10418088882,10418088919,1,"IOTHUB_CLIENT_CONFIRMATION_OK"
12648,10418089082,10418089123,1,"IOTHUB_CLIENT_CONFIRMATION_OK"
12649,10418089282,10418089364,1,"IOTHUB_CLIENT_CONFIRMATION_OK"
12650,10418089483,10418089534,1,"IOTHUB_CLIENT_CONFIRMATION_OK"
12651,10418089683,10418089738,1,"IOTHUB_CLIENT_CONFIRMATION_OK"
12652,10418089883,10418089924,1,"IOTHUB_CLIENT_CONFIRMATION_OK"
12653,10418090083,10418090121,1,"IOTHUB_CLIENT_CONFIRMATION_OK"
12654,10418090283,10418090325,1,"IOTHUB_CLIENT_CONFIRMATION_OK"
12655,10418090483,10418090526,1,"IOTHUB_CLIENT_CONFIRMATION_OK"
12656,10418090683,10418090717,1,"IOTHUB_CLIENT_CONFIRMATION_OK"
12657,10418090884,10418090922,1,"IOTHUB_CLIENT_CONFIRMATION_OK"
12658,10418091084,10418091132,1,"IOTHUB_CLIENT_CONFIRMATION_OK"
12659,10418091284,10418091411,1,"IOTHUB_CLIENT_CONFIRMATION_OK"
12660,10418091484,10418091531,1,"IOTHUB_CLIENT_CONFIRMATION_OK"
12661,10418091684,10418091720,1,"IOTHUB_CLIENT_CONFIRMATION_OK"
12662,10418091884,10418092012,1,"IOTHUB_CLIENT_CONFIRMATION_OK"
12663,10418092085,10418092127,1,"IOTHUB_CLIENT_CONFIRMATION_OK"
12664,10418092285,10418092319,1,"IOTHUB_CLIENT_CONFIRMATION_OK"
12665,10418092485,10418092527,1,"IOTHUB_CLIENT_CONFIRMATION_OK"
12666,10418092685,10418092770,1,"IOTHUB_CLIENT_CONFIRMATION_OK"
12667,10418092885,10418092920,1,"IOTHUB_CLIENT_CONFIRMATION_OK"
12668,10418093085,10418093122,1,"IOTHUB_CLIENT_CONFIRMATION_OK"
12669,10418093285,10418093327,1,"IOTHUB_CLIENT_CONFIRMATION_OK"
12670,10418093486,10418093522,1,"IOTHUB_CLIENT_CONFIRMATION_OK"
12671,10418093686,10418093726,1,"IOTHUB_CLIENT_CONFIRMATION_OK"
12672,10418093886,10418093924,1,"IOTHUB_CLIENT_CONFIRMATION_OK"
12673,10418094086,10418094127,1,"IOTHUB_CLIENT_CONFIRMATION_OK"
12674,10418094286,10418094330,1,"IOTHUB_CLIENT_CONFIRMATION_OK"
12675,10418094486,10418094528,1,"IOTHUB_CLIENT_CONFIRMATION_OK"
12676,10418094687,10418094726,1,"IOTHUB_CLIENT_CONFIRMATION_OK"
12677,10418094887,10418094957,1,"IOTHUB_CLIENT_CONFIRMATION_OK"
12678,10418095087,10418095267,1,"IOTHUB_CLIENT_CONFIRMATION_OK"
12679,10418095287,10418095326,1,"IOTHUB_CLIENT_CONFIRMATION_OK"
12680,10418095487,10418095537,1,"IOTHUB_CLIENT_CONFIRMATION_OK"
12681,10418095687,10418095727,1,"IOTHUB_CLIENT_CONFIRMATION_OK"
12682,10418095887,10418095926,1,"IOTHUB_CLIENT_CONFIRMATION_OK"
12683,10418096088,10418096151,1,"IOTHUB_CLIENT_CONFIRMATION_OK"
12684,10418096288,10418096334,1,"IOTHUB_CLIENT_CONFIRMATION_OK"
12685,10418096488,10418096534,1,"IOTHUB_CLIENT_CONFIRMATION_OK"
12686,10418096688,10418096727,1,"IOTHUB_CLIENT_CONFIRMATION_OK"
12687,10418096888,10418096935,1,"IOTHUB_CLIENT_CONFIRMATION_OK"
12688,10418097088,10418097140,1,"IOTHUB_CLIENT_CONFIRMATION_OK"
12689,10418097288,10418097326,1,"IOTHUB_CLIENT_CONFIRMATION_OK"
12690,10418097489,10418097535,1,"IOTHUB_CLIENT_CONFIRMATION_OK"
12691,10418097689,10418097773,1,"IOTHUB_CLIENT_CONFIRMATION_OK"
12692,10418097889,10418098028,1,"IOTHUB_CLIENT_CONFIRMATION_OK"
12693,10418098089,10418098174,1,"IOTHUB_CLIENT_CONFIRMATION_OK"
12694,10418098289,10418098358,1,"IOTHUB_CLIENT_CONFIRMATION_OK"
12695,10418098489,10418098531,1,"IOTHUB_CLIENT_CONFIRMATION_OK"
12696,10418098690,10418098729,1,"IOTHUB_CLIENT_CONFIRMATION_OK"
12697,10418098890,10418098954,1,"IOTHUB_CLIENT_CONFIRMATION_OK"
12698,10418099090,10418099196,1,"IOTHUB_CLIENT_CONFIRMATION_OK"
12699,10418099290,10418099354,1,"IOTHUB_CLIENT_CONFIRMATION_OK"
12700,10418099490,10418099527,1,"IOTHUB_CLIENT_CONFIRMATION_OK"
12701,10418099690,10418099740,1,"IOTHUB_CLIENT_CONFIRMATION_OK"
12702,10418099891,10418099934,1,"IOTHUB_CLIENT_CONFIRMATION_OK"
12703,10418100091,10418100133,1,"IOTHUB_CLIENT_CONFIRMATION_OK"
12704,10418100291,10418100335,1,"IOTHUB_CLIENT_CONFIRMATION_OK"
12705,10418100491,10418100536,1,"IOTHUB_CLIENT_CONFIRMATION_OK"
12706,10418100691,10418100731,1,"IOTHUB_CLIENT_CONFIRMATION_OK"
12707,10418100891,10418101095,1,"IOTHUB_CLIENT_CONFIRMATION_OK"
12708,10418101091,10418101148,1,"IOTHUB_CLIENT_CONFIRMATION_OK"
12709,10418101292,10418101329,1,"IOTHUB_CLIENT_CONFIRMATION_OK"
12710,10418101492,10418101529,1,"IOTHUB_CLIENT_CONFIRMATION_OK"
12711,10418101692,10418101735,1,"IOTHUB_CLIENT_CONFIRMATION_OK"
12712,10418101892,10418101927,1,"IOTHUB_CLIENT_CONFIRMATION_OK"
12713,10418102092,10418102131,1,"IOTHUB_CLIENT_CONFIRMATION_OK"
12714,10418102292,10418102459,1,"IOTHUB_CLIENT_CONFIRMATION_OK"
12715,10418102493,10418102544,1,"IOTHUB_CLIENT_CONFIRMATION_OK"
12716,10418102693,10418102734,1,"IOTHUB_CLIENT_CONFIRMATION_OK"
12717,10418102893,10418102946,1,"IOTHUB_CLIENT_CONFIRMATION_OK"
12718,10418103093,10418103140,1,"IOTHUB_CLIENT_CONFIRMATION_OK"
12719,10418103293,10418103344,1,"IOTHUB_CLIENT_CONFIRMATION_OK"
12720,10418103493,10418103546,1,"IOTHUB_CLIENT_CONFIRMATION_OK"
12721,10418103694,10418103729,1,"IOTHUB_CLIENT_CONFIRMATION_OK"
12722,10418103894,10418103936,1,"IOTHUB_CLIENT_CONFIRMATION_OK"
12723,10418104094,10418104143,1,"IOTHUB_CLIENT_CONFIRMATION_OK"
12724,10418104294,10418104338,1,"IOTHUB_CLIENT_CONFIRMATION_OK"
12725,10418104494,10418104541,1,"IOTHUB_CLIENT_CONFIRMATION_OK"
12726,10418104694,10418104736,1,"IOTHUB_CLIENT_CONFIRMATION_OK"
12727,10418104894,10418104959,1,"IOTHUB_CLIENT_CONFIRMATION_OK"
12728,10418105095,10418105140,1,"IOTHUB_CLIENT_CONFIRMATION_OK"
12729,10418105295,10418105332,1,"IOTHUB_CLIENT_CONFIRMATION_OK"
12730,10418105495,10418105576,1,"IOTHUB_CLIENT_CONFIRMATION_OK"
12731,10418105695,10418105733,1,"IOTHUB_CLIENT_CONFIRMATION_OK"
12732,10418105895,10418105934,1,"IOTHUB_CLIENT_CONFIRMATION_OK"
12733,10418106095,10418106199,1,"IOTHUB_CLIENT_CONFIRMATION_OK"
12734,10418106296,10418106335,1,"IOTHUB_CLIENT_CONFIRMATION_OK"
12735,10418106496,10418106540,1,"IOTHUB_CLIENT_CONFIRMATION_OK"
12736,10418106696,10418106769,1,"IOTHUB_CLIENT_CONFIRMATION_OK"
12737,10418106896,10418106948,1,"IOTHUB_CLIENT_CONFIRMATION_OK"
12738,10418107096,10418107133,1,"IOTHUB_CLIENT_CONFIRMATION_OK"
12739,10418107296,10418107343,1,"IOTHUB_CLIENT_CONFIRMATION_OK"
12740,10418107496,10418107537,1,"IOTHUB_CLIENT_CONFIRMATION_OK"
12741,10418107697,10418107738,1,"IOTHUB_CLIENT_CONFIRMATION_OK"
12742,10418107897,10418107953,1,"IOTHUB_CLIENT_CONFIRMATION_OK"
12743,10418108097,10418108143,1,"IOTHUB_CLIENT_CONFIRMATION_OK"
12744,10418108297,10418108341,1,"IOTHUB_CLIENT_CONFIRMATION_OK"
12745,10418108497,10418108535,1,"IOTHUB_CLIENT_CONFIRMATION_OK"
12746,10418108697,10418108823,1,"IOTHUB_CLIENT_CONFIRMATION_OK"
12747,10418108898,10418108940,1,"IOTHUB_CLIENT_CONFIRMATION_OK"
12748,10418109098,10418109154,1,"IOTHUB_CLIENT_CONFIRMATION_OK"
12749,10418109298,10418109422,1,"IOTHUB_CLIENT_CONFIRMATION_OK"
12750,10418109498,10418109565,1,"IOTHUB_CLIENT_CONFIRMATION_OK"
12751,10418109698,10418109746,1,"IOTHUB_CLIENT_CONFIRMATION_OK"
12752,10418109898,10418109957,1,"IOTHUB_CLIENT_CONFIRMATION_OK"
12753,10418110099,10418110142,1,"IOTHUB_CLIENT_CONFIRMATION_OK"
12754,10418110299,10418110339,1,"IOTHUB_CLIENT_CONFIRMATION_OK"
12755,10418110499,10418110552,1,"IOTHUB_CLIENT_CONFIRMATION_OK"
12756,10418110699,10418110745,1,"IOTHUB_CLIENT_CONFIRMATION_OK"
12757,10418110899,10418110942,1,"IOTHUB_CLIENT_CONFIRMATION_OK"
12758,10418111099,10418111136,1,"IOTHUB_CLIENT_CONFIRMATION_OK"
12759,10418111299,10418111337,1,"IOTHUB_CLIENT_CONFIRMATION_OK"
12760,10418111500,10418111540,1,"IOTHUB_CLIENT_CONFIRMATION_OK"
12761,10418111700,10418111748,1,"IOTHUB_CLIENT_CONFIRMATION_OK"
12762,10418111900,10418112071,1,"IOTHUB_CLIENT_CONFIRMATION_OK"
12763,10418112100,10418112138,1,"IOTHUB_CLIENT_CONFIRMATION_OK"
12764,10418112300,10418112346,1,"IOTHUB_CLIENT_CONFIRMATION_OK"
12765,10418112500,10418112598,1,"IOTHUB_CLIENT_CONFIRMATION_OK"
12766,10418112701,10418112753,1,"IOTHUB_CLIENT_CONFIRMATION_OK"
12767,10418112901,10418112943,1,"IOTHUB_CLIENT_CONFIRMATION_OK"
12768,10418113101,10418113143,1,"IOTHUB_CLIENT_CONFIRMATION_OK"
12769,10418113301,10418113347,1,"IOTHUB_CLIENT_CONFIRMATION_OK"
12770,10418113501,10418113542,1,"IOTHUB_CLIENT_CONFIRMATION_OK"
12771,10418113701,10418113748,1,"IOTHUB_CLIENT_CONFIRMATION_OK"
12772,10418113902,10418113936,1,"IOTHUB_CLIENT_CONFIRMATION_OK"
12773,10418114102,10418114136,1,"IOTHUB_CLIENT_CONFIRMATION_OK"
12774,10418114302,10418114349,1,"IOTHUB_CLIENT_CONFIRMATION_OK"
12775,10418114502,10418114550,1,"IOTHUB_CLIENT_CONFIRMATION_OK"
12776,10418114702,10418114787,1,"IOTHUB_CLIENT_CONFIRMATION_OK"
12777,10418114902,10418114952,1,"IOTHUB_CLIENT_CONFIRMATION_OK"
12778,10418115102,10418115349,1,"IOTHUB_CLIENT_CONFIRMATION_OK"
12779,10418115303,10418115395,1,"IOTHUB_CLIENT_CONFIRMATION_OK"
12780,10418115503,10418115548,1,"IOTHUB_CLIENT_CONFIRMATION_OK"
12781,10418115703,10418115777,1,"IOTHUB_CLIENT_CONFIRMATION_OK"
12782,10418115903,10418115978,1,"IOTHUB_CLIENT_CONFIRMATION_OK"
12783,10418116103,10418116198,1,"IOTHUB_CLIENT_CONFIRMATION_OK"
12784,10418116303,10418116356,1,"IOTHUB_CLIENT_CONFIRMATION_OK"
12785,10418116504,10418116597,1,"IOTHUB_CLIENT_CONFIRMATION_OK"
12786,10418116704,10418116759,1,"IOTHUB_CLIENT_CONFIRMATION_OK"
12787,10418116904,10418116945,1,"IOTHUB_CLIENT_CONFIRMATION_OK"
12788,10418117104,10418117201,1,"IOTHUB_CLIENT_CONFIRMATION_OK"
12789,10418117304,10418117342,1,"IOTHUB_CLIENT_CONFIRMATION_OK"
12790,10418117504,10418117554,1,"IOTHUB_CLIENT_CONFIRMATION_OK"
12791,10418117704,10418117803,1,"IOTHUB_CLIENT_CONFIRMATION_OK"
12792,10418117905,10418117944,1,"IOTHUB_CLIENT_CONFIRMATION_OK"
12793,10418118105,10418118152,1,"IOTHUB_CLIENT_CONFIRMATION_OK"
12794,10418118305,10418118349,1,"IOTHUB_CLIENT_CONFIRMATION_OK"
12795,10418118505,10418118546,1,"IOTHUB_CLIENT_CONFIRMATION_OK"
12796,10418118705,10418118746,1,"IOTHUB_CLIENT_CONFIRMATION_OK"
12797,10418118905,10418119083,1,"IOTHUB_CLIENT_CONFIRMATION_OK"
12798,10418119106,10418119175,1,"IOTHUB_CLIENT_CONFIRMATION_OK"
12799,10418119306,10418119369,1,"IOTHUB_CLIENT_CONFIRMATION_OK"
12800,10418119506,10418119546,1,"IOTHUB_CLIENT_CONFIRMATION_OK"
12801,10418119706,10418119742,1,"IOTHUB_CLIENT_CONFIRMATION_OK"
12802,10418119906,10418119942,1,"IOTHUB_CLIENT_CONFIRMATION_OK"
12803,10418120106,10418120146,1,"IOTHUB_CLIENT_CONFIRMATION_OK"
12804,10418120307,10418120504,1,"IOTHUB_CLIENT_CONFIRMATION_OK"
12805,10418120507,10418120581,1,"IOTHUB_CLIENT_CONFIRMATION_OK"
12806,10418120707,10418120746,1,"IOTHUB_CLIENT_CONFIRMATION_OK"
12807,10418120907,10418121139,1,"IOTHUB_CLIENT_CONFIRMATION_OK"
12808,10418121107,10418121163,1,"IOTHUB_CLIENT_CONFIRMATION_OK"
12809,10418121307,10418121352,1,"IOTHUB_CLIENT_CONFIRMATION_OK"
12810,10418121507,10418121546,1,"IOTHUB_CLIENT_CONFIRMATION_OK"
12811,10418121708,10418121751,1,"IOTHUB_CLIENT_CONFIRMATION_OK"
12812,10418121908,10418121954,1,"IOTHUB_CLIENT_CONFIRMATION_OK"
12813,10418122108,10418122145,1,"IOTHUB_CLIENT_CONFIRMATION_OK"
12814,10418122308,10418122362,1,"IOTHUB_CLIENT_CONFIRMATION_OK"
12815,10418122508,10418122552,1,"IOTHUB_CLIENT_CONFIRMATION_OK"
12816,10418122708,10418122782,1,"IOTHUB_CLIENT_CONFIRMATION_OK"
12817,10418122909,10418122954,1,"IOTHUB_CLIENT_CONFIRMATION_OK"
12818,10418123109,10418123147,1,"IOTHUB_CLIENT_CONFIRMATION_OK"
12819,10418123309,10418123350,1,"IOTHUB_CLIENT_CONFIRMATION_OK"
12820,10418123509,10418123570,1,"IOTHUB_CLIENT_CONFIRMATION_OK"
12821,10418123709,10418123753,1,"IOTHUB_CLIENT_CONFIRMATION_OK"
12822,10418123909,10418123970,1,"IOTHUB_CLIENT_CONFIRMATION_OK"
12823,10418124109,10418124169,1,"IOTHUB_CLIENT_CONFIRMATION_OK"
12824,10418124310,10418124351,1,"IOTHUB_CLIENT_CONFIRMATION_OK"
12825,10418124510,10418124548,1,"IOTHUB_CLIENT_CONFIRMATION_OK"
12826,10418124710,10418124766,1,"IOTHUB_CLIENT_CONFIRMATION_OK"
12827,10418124910,10418125000,1,"IOTHUB_CLIENT_CONFIRMATION_OK"
12828,10418125110,10418125151,1,"IOTHUB_CLIENT_CONFIRMATION_OK"
12829,10418125310,10418125360,1,"IOTHUB_CLIENT_CONFIRMATION_OK"
12830,10418125511,10418125606,1,"IOTHUB_CLIENT_CONFIRMATION_OK"
12831,10418125711,10418125756,1,"IOTHUB_CLIENT_CONFIRMATION_OK"
12832,10418125911,10418125954,1,"IOTHUB_CLIENT_CONFIRMATION_OK"
12833,10418126111,10418126215,1,"IOTHUB_CLIENT_CONFIRMATION_OK"
12834,10418126311,10418126360,1,"IOTHUB_CLIENT_CONFIRMATION_OK"
12835,10418126511,10418126555,1,"IOTHUB_CLIENT_CONFIRMATION_OK"
12836,10418126712,10418126806,1,"IOTHUB_CLIENT_CONFIRMATION_OK"
12837,10418126912,10418126975,1,"IOTHUB_CLIENT_CONFIRMATION_OK"
12838,10418127112,10418127152,1,"IOTHUB_CLIENT_CONFIRMATION_OK"
12839,10418127312,10418127359,1,"IOTHUB_CLIENT_CONFIRMATION_OK"
12840,10418127512,10418127551,1,"IOTHUB_CLIENT_CONFIRMATION_OK"
12841,10418127712,10418127796,1,"IOTHUB_CLIENT_CONFIRMATION_OK"
12842,10418127912,10418127981,1,"IOTHUB_CLIENT_CONFIRMATION_OK"
12843,10418128113,10418128143,1,"IOTHUB_CLIENT_CONFIRMATION_OK"
12844,10418128313,10418128349,1,"IOTHUB_CLIENT_CONFIRMATION_OK"
12845,10418128513,10418128574,1,"IOTHUB_CLIENT_CONFIRMATION_OK"
12846,10418128713,10418128856,1,"IOTHUB_CLIENT_CONFIRMATION_OK"
12847,10418128913,10418128955,1,"IOTHUB_CLIENT_CONFIRMATION_OK"
12848,10418129113,10418129167,1,"IOTHUB_CLIENT_CONFIRMATION_OK"
12849,10418129314,10418129461,1,"IOTHUB_CLIENT_CONFIRMATION_OK"
12850,10418129514,10418129554,1,"IOTHUB_CLIENT_CONFIRMATION_OK"
12851,10418129714,10418129761,1,"IOTHUB_CLIENT_CONFIRMATION_OK"
12852,10418129914,10418129954,1,"IOTHUB_CLIENT_CONFIRMATION_OK"
12853,10418130114,10418130151,1,"IOTHUB_CLIENT_CONFIRMATION_OK"
12854,10418130314,10418130350,1,"IOTHUB_CLIENT_CONFIRMATION_OK"
12855,10418130515,10418130582,1,"IOTHUB_CLIENT_CONFIRMATION_OK"
12856,10418130715,10418130752,1,"IOTHUB_CLIENT_CONFIRMATION_OK"
12857,10418130915,10418130951,1,"IOTHUB_CLIENT_CONFIRMATION_OK"
12858,10418131115,10418131162,1,"IOTHUB_CLIENT_CONFIRMATION_OK"
12859,10418131315,10418131397,1,"IOTHUB_CLIENT_CONFIRMATION_OK"
12860,10418131515,10418131591,1,"IOTHUB_CLIENT_CONFIRMATION_OK"
12861,10418131715,10418131765,1,"IOTHUB_CLIENT_CONFIRMATION_OK"
12862,10418131916,10418131955,1,"IOTHUB_CLIENT_CONFIRMATION_OK"
12863,10418132116,10418132168,1,"IOTHUB_CLIENT_CONFIRMATION_OK"
12864,10418132316,10418132368,1,"IOTHUB_CLIENT_CONFIRMATION_OK"
12865,10418132516,10418132713,1,"IOTHUB_CLIENT_CONFIRMATION_OK"
12866,10418132716,10418132773,1,"IOTHUB_CLIENT_CONFIRMATION_OK"
12867,10418132916,10418132966,1,"IOTHUB_CLIENT_CONFIRMATION_OK"
12868,10418133117,10418133173,1,"IOTHUB_CLIENT_CONFIRMATION_OK"
12869,10418133317,10418133361,1,"IOTHUB_CLIENT_CONFIRMATION_OK"
12870,10418133517,10418133558,1,"IOTHUB_CLIENT_CONFIRMATION_OK"
12871,10418133717,10418133783,1,"IOTHUB_CLIENT_CONFIRMATION_OK"
12872,10418133917,10418133965,1,"IOTHUB_CLIENT_CONFIRMATION_OK"
12873,10418134117,10418134229,1,"IOTHUB_CLIENT_CONFIRMATION_OK"
12874,10418134318,10418134375,1,"IOTHUB_CLIENT_CONFIRMATION_OK"
12875,10418134518,10418134557,1,"IOTHUB_CLIENT_CONFIRMATION_OK"
12876,10418134718,10418134836,1,"IOTHUB_CLIENT_CONFIRMATION_OK"
12877,10418134918,10418134956,1,"IOTHUB_CLIENT_CONFIRMATION_OK"
12878,10418135118,10418135216,1,"IOTHUB_CLIENT_CONFIRMATION_OK"
12879,10418135318,10418135365,1,"IOTHUB_CLIENT_CONFIRMATION_OK"
12880,10418135518,10418135556,1,"IOTHUB_CLIENT_CONFIRMATION_OK"
12881,10418135719,10418135786,1,"IOTHUB_CLIENT_CONFIRMATION_OK"
12882,10418135919,10418135973,1,"IOTHUB_CLIENT_CONFIRMATION_OK"
12883,10418136119,10418136160,1,"IOTHUB_CLIENT_CONFIRMATION_OK"
12884,10418136319,10418136356,1,"IOTHUB_CLIENT_CONFIRMATION_OK"
12885,10418136519,10418136570,1,"IOTHUB_CLIENT_CONFIRMATION_OK"
12886,10418136719,10418136760,1,"IOTHUB_CLIENT_CONFIRMATION_OK"
12887,10418136920,10418136969,1,"IOTHUB_CLIENT_CONFIRMATION_OK"
12888,10418137120,10418137181,1,"IOTHUB_CLIENT_CONFIRMATION_OK"
12889,10418137320,10418137361,1,"IOTHUB_CLIENT_CONFIRMATION_OK"
12890,10418137520,10418137568,1,"IOTHUB_CLIENT_CONFIRMATION_OK"
12891,10418137720,10418137795,1,"IOTHUB_CLIENT_CONFIRMATION_OK"
12892,10418137920,10418137969,1,"IOTHUB_CLIENT_CONFIRMATION_OK"
12893,10418138121,10418138173,1,"IOTHUB_CLIENT_CONFIRMATION_OK"
12894,10418138321,10418138361,1,"IOTHUB_CLIENT_CONFIRMATION_OK"
12895,10418138521,10418138562,1,"IOTHUB_CLIENT_CONFIRMATION_OK"
12896,10418138721,10418138757,1,"IOTHUB_CLIENT_CONFIRMATION_OK"
12897,10418138921,10418138971,1,"IOTHUB_CLIENT_CONFIRMATION_OK"
12898,10418139121,10418139176,1,"IOTHUB_CLIENT_CONFIRMATION_OK"
12899,10418139322,10418139359,1,"IOTHUB_CLIENT_CONFIRMATION_OK"
12900,10418139522,10418139580,1,"IOTHUB_CLIENT_CONFIRMATION_OK"
12901,10418139722,10418139787,1,"IOTHUB_CLIENT_CONFIRMATION_OK"
12902,10418139922,10418139965,1,"IOTHUB_CLIENT_CONFIRMATION_OK"
12903,10418140122,10418140218,1,"IOTHUB_CLIENT_CONFIRMATION_OK"
12904,10418140322,10418140449,1,"IOTHUB_CLIENT_CONFIRMATION_OK"
12905,10418140523,10418140574,1,"IOTHUB_CLIENT_CONFIRMATION_OK"
12906,10418140723,10418140804,1,"IOTHUB_CLIENT_CONFIRMATION_OK"
12907,10418140923,10418141056,1,"IOTHUB_CLIENT_CONFIRMATION_OK"
12908,10418141123,10418141168,1,"IOTHUB_CLIENT_CONFIRMATION_OK"
12909,10418141323,10418141398,1,"IOTHUB_CLIENT_CONFIRMATION_OK"
12910,10418141523,10418141558,1,"IOTHUB_CLIENT_CONFIRMATION_OK"
12911,10418141723,10418141764,1,"IOTHUB_CLIENT_CONFIRMATION_OK"
12912,10418141924,10418141965,1,"IOTHUB_CLIENT_CONFIRMATION_OK"
12913,10418142124,10418142164,1,"IOTHUB_CLIENT_CONFIRMATION_OK"
12914,10418142324,10418142379,1,"IOTHUB_CLIENT_CONFIRMATION_OK"
12915,10418142524,10418142580,1,"IOTHUB_CLIENT_CONFIRMATION_OK"
12916,10418142724,10418142764,1,"IOTHUB_CLIENT_CONFIRMATION_OK"
12917,10418142924,10418142977,1,"IOTHUB_CLIENT_CONFIRMATION_OK"
12918,10418143125,10418143187,1,"IOTHUB_CLIENT_CONFIRMATION_OK"
12919,10418143325,10418143366,1,"IOTHUB_CLIENT_CONFIRMATION_OK"
12920,10418143525,10418143716,1,"IOTHUB_CLIENT_CONFIRMATION_OK"
12921,10418143725,10418143782,1,"IOTHUB_CLIENT_CONFIRMATION_OK"
12922,10418143925,10418143968,1,"IOTHUB_CLIENT_CONFIRMATION_OK"
12923,10418144125,10418144177,1,"IOTHUB_CLIENT_CONFIRMATION_OK"
12924,10418144326,10418144407,1,"IOTHUB_CLIENT_CONFIRMATION_OK"
12925,10418144526,10418144581,1,"IOTHUB_CLIENT_CONFIRMATION_OK"
12926,10418144726,10418144767,1,"IOTHUB_CLIENT_CONFIRMATION_OK"
12927,10418144926,10418145004,1,"IOTHUB_CLIENT_CONFIRMATION_OK"
12928,10418145126,10418145168,1,"IOTHUB_CLIENT_CONFIRMATION_OK"
12929,10418145326,10418145364,1,"IOTHUB_CLIENT_CONFIRMATION_OK"
12930,10418145526,10418145589,1,"IOTHUB_CLIENT_CONFIRMATION_OK"
12931,10418145727,10418145769,1,"IOTHUB_CLIENT_CONFIRMATION_OK"
12932,10418145927,10418145969,1,"IOTHUB_CLIENT_CONFIRMATION_OK"
12933,10418146127,10418146283,1,"IOTHUB_CLIENT_CONFIRMATION_OK"
12934,10418146327,10418146382,1,"IOTHUB_CLIENT_CONFIRMATION_OK"
12935,10418146527,10418146576,1,"IOTHUB_CLIENT_CONFIRMATION_OK"
12936,10418146727,10418146808,1,"IOTHUB_CLIENT_CONFIRMATION_OK"
12937,10418146928,10418146984,1,"IOTHUB_CLIENT_CONFIRMATION_OK"
12938,10418147128,10418147180,1,"IOTHUB_CLIENT_CONFIRMATION_OK"
12939,10418147328,10418147364,1,"IOTHUB_CLIENT_CONFIRMATION_OK"
12940,10418147528,10418147569,1,"IOTHUB_CLIENT_CONFIRMATION_OK"
12941,10418147728,10418147765,1,"IOTHUB_CLIENT_CONFIRMATION_OK"
12942,10418147928,10418147963,1,"IOTHUB_CLIENT_CONFIRMATION_OK"
12943,10418148128,10418148235,1,"IOTHUB_CLIENT_CONFIRMATION_OK"
12944,10418148329,10418148372,1,"IOTHUB_CLIENT_CONFIRMATION_OK"
12945,10418148529,10418148598,1,"IOTHUB_CLIENT_CONFIRMATION_OK"
12946,10418148729,10418148914,1,"IOTHUB_CLIENT_CONFIRMATION_OK"
12947,10418148929,10418148977,1,"IOTHUB_CLIENT_CONFIRMATION_OK"
12948,10418149129,10418149168,1,"IOTHUB_CLIENT_CONFIRMATION_OK"
12949,10418149329,10418149476,1,"IOTHUB_CLIENT_CONFIRMATION_OK"
12950,10418149529,10418149635,1,"IOTHUB_CLIENT_CONFIRMATION_OK"
12951,10418149729,10418149781,1,"IOTHUB_CLIENT_CONFIRMATION_OK"
12952,10418149930,10418149968,1,"IOTHUB_CLIENT_CONFIRMATION_OK"
12953,10418150130,10418150169,1,"IOTHUB_CLIENT_CONFIRMATION_OK"
12954,10418150330,10418150389,1,"IOTHUB_CLIENT_CONFIRMATION_OK"
12955,10418150530,10418150574,1,"IOTHUB_CLIENT_CONFIRMATION_OK"
12956,10418150730,10418150776,1,"IOTHUB_CLIENT_CONFIRMATION_OK"
12957,10418150930,10418150972,1,"IOTHUB_CLIENT_CONFIRMATION_OK"
12958,10418151131,10418151166,1,"IOTHUB_CLIENT_CONFIRMATION_OK"
12959,10418151331,10418151366,1,"IOTHUB_CLIENT_CONFIRMATION_OK"
12960,10418151531,10418151571,1,"IOTHUB_CLIENT_CONFIRMATION_OK"
12961,10418151731,10418151767,1,"IOTHUB_CLIENT_CONFIRMATION_OK"
12962,10418151931,10418152108,1,"IOTHUB_CLIENT_CONFIRMATION_OK"
12963,10418152131,10418152169,1,"IOTHUB_CLIENT_CONFIRMATION_OK"
12964,10418152331,10418152372,1,"IOTHUB_CLIENT_CONFIRMATION_OK"
12965,10418152532,10418152729,1,"IOTHUB_CLIENT_CONFIRMATION_OK"
12966,10418152732,10418152832,1,"IOTHUB_CLIENT_CONFIRMATION_OK"
12967,10418152932,10418152987,1,"IOTHUB_CLIENT_CONFIRMATION_OK"
12968,10418153132,10418153172,1,"IOTHUB_CLIENT_CONFIRMATION_OK"
12969,10418153332,10418153372,1,"IOTHUB_CLIENT_CONFIRMATION_OK"
12970,10418153532,10418153568,1,"IOTHUB_CLIENT_CONFIRMATION_OK"
12971,10418153733,10418153776,1,"IOTHUB_CLIENT_CONFIRMATION_OK"
12972,10418153933,10418153979,1,"IOTHUB_CLIENT_CONFIRMATION_OK"
12973,10418154133,10418154170,1,"IOTHUB_CLIENT_CONFIRMATION_OK"
12974,10418154333,10418154376,1,"IOTHUB_CLIENT_CONFIRMATION_OK"
12975,10418154533,10418154581,1,"IOTHUB_CLIENT_CONFIRMATION_OK"
12976,10418154733,10418154773,1,"IOTHUB_CLIENT_CONFIRMATION_OK"
12977,10418154933,10418154986,1,"IOTHUB_CLIENT_CONFIRMATION_OK"
12978,10418155134,10418155178,1,"IOTHUB_CLIENT_CONFIRMATION_OK"
12979,10418155334,10418155381,1,"IOTHUB_CLIENT_CONFIRMATION_OK"
12980,10418155534,10418155577,1,"IOTHUB_CLIENT_CONFIRMATION_OK"
12981,10418155734,10418155774,1,"IOTHUB_CLIENT_CONFIRMATION_OK"
12982,10418155934,10418156066,1,"IOTHUB_CLIENT_CONFIRMATION_OK"
12983,10418156134,10418156180,1,"IOTHUB_CLIENT_CONFIRMATION_OK"
12984,10418156334,10418156378,1,"IOTHUB_CLIENT_CONFIRMATION_OK"
12985,10418156535,10418156588,1,"IOTHUB_CLIENT_CONFIRMATION_OK"
12986,10418156735,10418156797,1,"IOTHUB_CLIENT_CONFIRMATION_OK"
12987,10418156935,10418156972,1,"IOTHUB_CLIENT_CONFIRMATION_OK"
12988,10418157135,10418157171,1,"IOTHUB_CLIENT_CONFIRMATION_OK"
12989,10418157335,10418157376,1,"IOTHUB_CLIENT_CONFIRMATION_OK"
12990,10418157535,10418157573,1,"IOTHUB_CLIENT_CONFIRMATION_OK"
12991,10418157736,10418157898,1,"IOTHUB_CLIENT_CONFIRMATION_OK"
12992,10418157936,10418157985,1,"IOTHUB_CLIENT_CONFIRMATION_OK"
12993,10418158136,10418158213,1,"IOTHUB_CLIENT_CONFIRMATION_OK"
12994,10418158336,10418158381,1,"IOTHUB_CLIENT_CONFIRMATION_OK"
12995,10418158536,10418158584,1,"IOTHUB_CLIENT_CONFIRMATION_OK"
12996,10418158736,10418158777,1,"IOTHUB_CLIENT_CONFIRMATION_OK"
12997,10418158936,10418158982,1,"IOTHUB_CLIENT_CONFIRMATION_OK"
12998,10418159137,10418159188,1,"IOTHUB_CLIENT_CONFIRMATION_OK"
12999,10418159337,10418159386,1,"IOTHUB_CLIENT_CONFIRMATION_OK"
13000,10418159537,10418159670,1,"IOTHUB_CLIENT_CONFIRMATION_OK"
13001,10418159737,10418159783,1,"IOTHUB_CLIENT_CONFIRMATION_OK"
13002,10418159938,10418160002,1,"IOTHUB_CLIENT_CONFIRMATION_OK"
13003,10418160138,10418160212,1,"IOTHUB_CLIENT_CONFIRMATION_OK"
13004,10418160338,10418160399,1,"IOTHUB_CLIENT_CONFIRMATION_OK"
13005,10418160538,10418160615,1,"IOTHUB_CLIENT_CONFIRMATION_OK"
13006,10418160738,10418160777,1,"IOTHUB_CLIENT_CONFIRMATION_OK"
13007,10418160938,10418161149,1,"IOTHUB_CLIENT_CONFIRMATION_OK"
13008,10418161138,10418161184,1,"IOTHUB_CLIENT_CONFIRMATION_OK"
13009,10418161339,10418161413,1,"IOTHUB_CLIENT_CONFIRMATION_OK"
13010,10418161539,10418161588,1,"IOTHUB_CLIENT_CONFIRMATION_OK"
13011,10418161739,10418161781,1,"IOTHUB_CLIENT_CONFIRMATION_OK"
13012,10418161939,10418161971,1,"IOTHUB_CLIENT_CONFIRMATION_OK"
13013,10418162139,10418162195,1,"IOTHUB_CLIENT_CONFIRMATION_OK"
13014,10418162339,10418162381,1,"IOTHUB_CLIENT_CONFIRMATION_OK"
13015,10418162540,10418162584,1,"IOTHUB_CLIENT_CONFIRMATION_OK"
13016,10418162740,10418162785,1,"IOTHUB_CLIENT_CONFIRMATION_OK"
13017,10418162940,10418163002,1,"IOTHUB_CLIENT_CONFIRMATION_OK"
13018,10418163140,10418163187,1,"IOTHUB_CLIENT_CONFIRMATION_OK"
13019,10418163340,10418163383,1,"IOTHUB_CLIENT_CONFIRMATION_OK"
13020,10418163540,10418163595,1,"IOTHUB_CLIENT_CONFIRMATION_OK"
13021,10418163741,10418163775,1,"IOTHUB_CLIENT_CONFIRMATION_OK"
13022,10418163941,10418163991,1,"IOTHUB_CLIENT_CONFIRMATION_OK"
13023,10418164141,10418164187,1,"IOTHUB_CLIENT_CONFIRMATION_OK"
13024,10418164341,10418164391,1,"IOTHUB_CLIENT_CONFIRMATION_OK"
13025,10418164541,10418164581,1,"IOTHUB_CLIENT_CONFIRMATION_OK"
13026,10418164741,10418164775,1,"IOTHUB_CLIENT_CONFIRMATION_OK"
13027,10418164941,10418165021,1,"IOTHUB_CLIENT_CONFIRMATION_OK"
13028,10418165142,10418165232,1,"IOTHUB_CLIENT_CONFIRMATION_OK"
13029,10418165342,10418165386,1,"IOTHUB_CLIENT_CONFIRMATION_OK"
13030,10418165542,10418165628,1,"IOTHUB_CLIENT_CONFIRMATION_OK"
13031,10418165742,10418165792,1,"IOTHUB_CLIENT_CONFIRMATION_OK"
13032,10418165942,10418165981,1,"IOTHUB_CLIENT_CONFIRMATION_OK"
13033,10418166142,10418166236,1,"IOTHUB_CLIENT_CONFIRMATION_OK"
13034,10418166343,10418166385,1,"IOTHUB_CLIENT_CONFIRMATION_OK"
13035,10418166543,10418166609,1,"IOTHUB_CLIENT_CONFIRMATION_OK"
13036,10418166743,10418166841,1,"IOTHUB_CLIENT_CONFIRMATION_OK"
13037,10418166943,10418166985,1,"IOTHUB_CLIENT_CONFIRMATION_OK"
13038,10418167143,10418167190,1,"IOTHUB_CLIENT_CONFIRMATION_OK"
13039,10418167343,10418167394,1,"IOTHUB_CLIENT_CONFIRMATION_OK"
13040,10418167544,10418167693,1,"IOTHUB_CLIENT_CONFIRMATION_OK"
13041,10418167744,10418167789,1,"IOTHUB_CLIENT_CONFIRMATION_OK"
13042,10418167944,10418167981,1,"IOTHUB_CLIENT_CONFIRMATION_OK"
13043,10418168144,10418168179,1,"IOTHUB_CLIENT_CONFIRMATION_OK"
13044,10418168344,10418168385,1,"IOTHUB_CLIENT_CONFIRMATION_OK"
13045,10418168544,10418168593,1,"IOTHUB_CLIENT_CONFIRMATION_OK"
13046,10418168744,10418168785,1,"IOTHUB_CLIENT_CONFIRMATION_OK"
13047,10418168945,10418168982,1,"IOTHUB_CLIENT_CONFIRMATION_OK"
13048,10418169145,10418169185,1,"IOTHUB_CLIENT_CONFIRMATION_OK"
13049,10418169345,10418169570,1,"IOTHUB_CLIENT_CONFIRMATION_OK"
13050,10418169545,10418169595,1,"IOTHUB_CLIENT_CONFIRMATION_OK"
13051,10418169745,10418169791,1,"IOTHUB_CLIENT_CONFIRMATION_OK"
13052,10418169945,10418170041,1,"IOTHUB_CLIENT_CONFIRMATION_OK"
13053,10418170146,10418170199,1,"IOTHUB_CLIENT_CONFIRMATION_OK"
13054,10418170346,10418170384,1,"IOTHUB_CLIENT_CONFIRMATION_OK"
13055,10418170546,10418170595,1,"IOTHUB_CLIENT_CONFIRMATION_OK"
13056,10418170746,10418170785,1,"IOTHUB_CLIENT_CONFIRMATION_OK"
13057,10418170946,10418171004,1,"IOTHUB_CLIENT_CONFIRMATION_OK"
13058,10418171146,10418171228,1,"IOTHUB_CLIENT_CONFIRMATION_OK"
13059,10418171346,10418171417,1,"IOTHUB_CLIENT_CONFIRMATION_OK"
13060,10418171547,10418171592,1,"IOTHUB_CLIENT_CONFIRMATION_OK"
13061,10418171747,10418171795,1,"IOTHUB_CLIENT_CONFIRMATION_OK"
13062,10418171947,10418172026,1,"IOTHUB_CLIENT_CONFIRMATION_OK"
13063,10418172147,10418172190,1,"IOTHUB_CLIENT_CONFIRMATION_OK"
13064,10418172347,10418172655,1,"IOTHUB_CLIENT_CONFIRMATION_OK"
13065,10418172547,10418172689,1,"IOTHUB_CLIENT_CONFIRMATION_OK"
13066,10418172747,10418172782,1,"IOTHUB_CLIENT_CONFIRMATION_OK"
13067,10418172948,10418172992,1,"IOTHUB_CLIENT_CONFIRMATION_OK"
13068,10418173148,10418173195,1,"IOTHUB_CLIENT_CONFIRMATION_OK"
13069,10418173348,10418173397,1,"IOTHUB_CLIENT_CONFIRMATION_OK"
13070,10418173548,10418173652,1,"IOTHUB_CLIENT_CONFIRMATION_OK"
13071,10418173748,10418173792,1,"IOTHUB_CLIENT_CONFIRMATION_OK"
13072,10418173948,10418173982,1,"IOTHUB_CLIENT_CONFIRMATION_OK"
13073,10418174149,10418174192,1,"IOTHUB_CLIENT_CONFIRMATION_OK"
13074,10418174349,10418174393,1,"IOTHUB_CLIENT_CONFIRMATION_OK"
13075,10418174549,10418174686,1,"IOTHUB_CLIENT_CONFIRMATION_OK"
13076,10418174749,10418174786,1,"IOTHUB_CLIENT_CONFIRMATION_OK"
13077,10418174949,10418174985,1,"IOTHUB_CLIENT_CONFIRMATION_OK"
13078,10418175149,10418175296,1,"IOTHUB_CLIENT_CONFIRMATION_OK"
13079,10418175349,10418175415,1,"IOTHUB_CLIENT_CONFIRMATION_OK"
13080,10418175550,10418175599,1,"IOTHUB_CLIENT_CONFIRMATION_OK"
13081,10418175750,10418175791,1,"IOTHUB_CLIENT_CONFIRMATION_OK"
13082,10418175950,10418175996,1,"IOTHUB_CLIENT_CONFIRMATION_OK"
13083,10418176150,10418176204,1,"IOTHUB_CLIENT_CONFIRMATION_OK"
13084,10418176350,10418176401,1,"IOTHUB_CLIENT_CONFIRMATION_OK"
13085,10418176550,10418176613,1,"IOTHUB_CLIENT_CONFIRMATION_OK"
13086,10418176751,10418176845,1,"IOTHUB_CLIENT_CONFIRMATION_OK"
13087,10418176951,10418176989,1,"IOTHUB_CLIENT_CONFIRMATION_OK"
13088,10418177151,10418177203,1,"IOTHUB_CLIENT_CONFIRMATION_OK"
13089,10418177351,10418177415,1,"IOTHUB_CLIENT_CONFIRMATION_OK"
13090,10418177551,10418177589,1,"IOTHUB_CLIENT_CONFIRMATION_OK"
13091,10418177751,10418177789,1,"IOTHUB_CLIENT_CONFIRMATION_OK"
13092,10418177951,10418178010,1,"IOTHUB_CLIENT_CONFIRMATION_OK"
13093,10418178152,10418178201,1,"IOTHUB_CLIENT_CONFIRMATION_OK"
13094,10418178352,10418178395,1,"IOTHUB_CLIENT_CONFIRMATION_OK"
13095,10418178552,10418178589,1,"IOTHUB_CLIENT_CONFIRMATION_OK"
13096,10418178752,10418178797,1,"IOTHUB_CLIENT_CONFIRMATION_OK"
13097,10418178952,10418178988,1,"IOTHUB_CLIENT_CONFIRMATION_OK"
13098,10418179152,10418179220,1,"IOTHUB_CLIENT_CONFIRMATION_OK"
13099,10418179353,10418179394,1,"IOTHUB_CLIENT_CONFIRMATION_OK"
13100,10418179553,10418179607,1,"IOTHUB_CLIENT_CONFIRMATION_OK"
13101,10418179753,10418179815,1,"IOTHUB_CLIENT_CONFIRMATION_OK"
13102,10418179953,10418180018,1,"IOTHUB_CLIENT_CONFIRMATION_OK"
13103,10418180153,10418180202,1,"IOTHUB_CLIENT_CONFIRMATION_OK"
13104,10418180353,10418180433,1,"IOTHUB_CLIENT_CONFIRMATION_OK"
13105,10418180554,10418180606,1,"IOTHUB_CLIENT_CONFIRMATION_OK"
13106,10418180754,10418180792,1,"IOTHUB_CLIENT_CONFIRMATION_OK"
13107,10418180954,10418181026,1,"IOTHUB_CLIENT_CONFIRMATION_OK"
13108,10418181154,10418181236,1,"IOTHUB_CLIENT_CONFIRMATION_OK"
13109,10418181354,10418181414,1,"IOTHUB_CLIENT_CONFIRMATION_OK"
13110,10418181554,10418181592,1,"IOTHUB_CLIENT_CONFIRMATION_OK"
13111,10418181754,10418181818,1,"IOTHUB_CLIENT_CONFIRMATION_OK"
13112,10418181955,10418182003,1,"IOTHUB_CLIENT_CONFIRMATION_OK"
13113,10418182155,10418182197,1,"IOTHUB_CLIENT_CONFIRMATION_OK"
13114,10418182355,10418182457,1,"IOTHUB_CLIENT_CONFIRMATION_OK"
13115,10418182555,10418182609,1,"IOTHUB_CLIENT_CONFIRMATION_OK"
13116,10418182755,10418182807,1,"IOTHUB_CLIENT_CONFIRMATION_OK"
13117,10418182955,10418183067,1,"IOTHUB_CLIENT_CONFIRMATION_OK"
13118,10418183156,10418183195,1,"IOTHUB_CLIENT_CONFIRMATION_OK"
13119,10418183356,10418183455,1,"IOTHUB_CLIENT_CONFIRMATION_OK"
13120,10418183556,10418183672,1,"IOTHUB_CLIENT_CONFIRMATION_OK"
13121,10418183756,10418183797,1,"IOTHUB_CLIENT_CONFIRMATION_OK"
13122,10418183956,10418184002,1,"IOTHUB_CLIENT_CONFIRMATION_OK"
13123,10418184156,10418184193,1,"IOTHUB_CLIENT_CONFIRMATION_OK"
13124,10418184356,10418184406,1,"IOTHUB_CLIENT_CONFIRMATION_OK"
13125,10418184557,10418184600,1,"IOTHUB_CLIENT_CONFIRMATION_OK"
13126,10418184757,10418184821,1,"IOTHUB_CLIENT_CONFIRMATION_OK"
13127,10418184957,10418185012,1,"IOTHUB_CLIENT_CONFIRMATION_OK"
13128,10418185157,10418185203,1,"IOTHUB_CLIENT_CONFIRMATION_OK"
13129,10418185357,10418185396,1,"IOTHUB_CLIENT_CONFIRMATION_OK"
13130,10418185557,10418185594,1,"IOTHUB_CLIENT_CONFIRMATION_OK"
13131,10418185758,10418185815,1,"IOTHUB_CLIENT_CONFIRMATION_OK"
13132,10418185958,10418186000,1,"IOTHUB_CLIENT_CONFIRMATION_OK"
13133,10418186158,10418186348,1,"IOTHUB_CLIENT_CONFIRMATION_OK"
13134,10418186358,10418186393,1,"IOTHUB_CLIENT_CONFIRMATION_OK"
13135,10418186558,10418186701,1,"IOTHUB_CLIENT_CONFIRMATION_OK"
13136,10418186758,10418186935,1,"IOTHUB_CLIENT_CONFIRMATION_OK"
13137,10418186958,10418187031,1,"IOTHUB_CLIENT_CONFIRMATION_OK"
13138,10418187159,10418187209,1,"IOTHUB_CLIENT_CONFIRMATION_OK"
13139,10418187359,10418187452,1,"IOTHUB_CLIENT_CONFIRMATION_OK"
13140,10418187559,10418187600,1,"IOTHUB_CLIENT_CONFIRMATION_OK"
13141,10418187759,10418187868,1,"IOTHUB_CLIENT_CONFIRMATION_OK"
13142,10418187959,10418188007,1,"IOTHUB_CLIENT_CONFIRMATION_OK"
13143,10418188159,10418188204,1,"IOTHUB_CLIENT_CONFIRMATION_OK"
13144,10418188359,10418188401,1,"IOTHUB_CLIENT_CONFIRMATION_OK"
13145,10418188560,10418188601,1,"IOTHUB_CLIENT_CONFIRMATION_OK"
13146,10418188760,10418188804,1,"IOTHUB_CLIENT_CONFIRMATION_OK"
13147,10418188960,10418188998,1,"IOTHUB_CLIENT_CONFIRMATION_OK"
13148,10418189160,10418189201,1,"IOTHUB_CLIENT_CONFIRMATION_OK"
13149,10418189360,10418189429,1,"IOTHUB_CLIENT_CONFIRMATION_OK"
13150,10418189560,10418189646,1,"IOTHUB_CLIENT_CONFIRMATION_OK"
13151,10418189761,10418189806,1,"IOTHUB_CLIENT_CONFIRMATION_OK"
13152,10418189961,10418189998,1,"IOTHUB_CLIENT_CONFIRMATION_OK"
13153,10418190161,10418190204,1,"IOTHUB_CLIENT_CONFIRMATION_OK"
13154,10418190361,10418190412,1,"IOTHUB_CLIENT_CONFIRMATION_OK"
13155,10418190561,10418190601,1,"IOTHUB_CLIENT_CONFIRMATION_OK"
13156,10418190761,10418190836,1,"IOTHUB_CLIENT_CONFIRMATION_OK"
13157,10418190961,10418191014,1,"IOTHUB_CLIENT_CONFIRMATION_OK"
13158,10418191162,10418191197,1,"IOTHUB_CLIENT_CONFIRMATION_OK"
13159,10418191362,10418191408,1,"IOTHUB_CLIENT_CONFIRMATION_OK"
13160,10418191562,10418191624,1,"IOTHUB_CLIENT_CONFIRMATION_OK"
13161,10418191762,10418191799,1,"IOTHUB_CLIENT_CONFIRMATION_OK"
13162,10418191962,10418192023,1,"IOTHUB_CLIENT_CONFIRMATION_OK"
13163,10418192162,10418192212,1,"IOTHUB_CLIENT_CONFIRMATION_OK"
13164,10418192363,10418192412,1,"IOTHUB_CLIENT_CONFIRMATION_OK"
13165,10418192563,10418192674,1,"IOTHUB_CLIENT_CONFIRMATION_OK"
13166,10418192763,10418192804,1,"IOTHUB_CLIENT_CONFIRMATION_OK"
13167,10418192963,10418193061,1,"IOTHUB_CLIENT_CONFIRMATION_OK"
13168,10418193163,10418193211,1,"IOTHUB_CLIENT_CONFIRMATION_OK"
13169,10418193363,10418193404,1,"IOTHUB_CLIENT_CONFIRMATION_OK"
13170,10418193564,10418193626,1,"IOTHUB_CLIENT_CONFIRMATION_OK"
13171,10418193764,10418193804,1,"IOTHUB_CLIENT_CONFIRMATION_OK"
13172,10418193964,10418194014,1,"IOTHUB_CLIENT_CONFIRMATION_OK"
13173,10418194164,10418194223,1,"IOTHUB_CLIENT_CONFIRMATION_OK"
13174,10418194364,10418194419,1,"IOTHUB_CLIENT_CONFIRMATION_OK"
13175,10418194564,10418194695,1,"IOTHUB_CLIENT_CONFIRMATION_OK"
13176,10418194765,10418194811,1,"IOTHUB_CLIENT_CONFIRMATION_OK"
13177,10418194965,10418195005,1,"IOTHUB_CLIENT_CONFIRMATION_OK"
13178,10418195165,10418195306,1,"IOTHUB_CLIENT_CONFIRMATION_OK"
13179,10418195365,10418195414,1,"IOTHUB_CLIENT_CONFIRMATION_OK"
13180,10418195565,10418195603,1,"IOTHUB_CLIENT_CONFIRMATION_OK"
13181,10418195765,10418195808,1,"IOTHUB_CLIENT_CONFIRMATION_OK"
13182,10418195966,10418196030,1,"IOTHUB_CLIENT_CONFIRMATION_OK"
13183,10418196166,10418196213,1,"IOTHUB_CLIENT_CONFIRMATION_OK"
13184,10418196366,10418196470,1,"IOTHUB_CLIENT_CONFIRMATION_OK"
13185,10418196566,10418196609,1,"IOTHUB_CLIENT_CONFIRMATION_OK"
13186,10418196766,10418196809,1,"IOTHUB_CLIENT_CONFIRMATION_OK"
13187,10418196966,10418197026,1,"IOTHUB_CLIENT_CONFIRMATION_OK"
13188,10418197166,10418197221,1,"IOTHUB_CLIENT_CONFIRMATION_OK"
13189,10418197367,10418197404,1,"IOTHUB_CLIENT_CONFIRMATION_OK"
13190,10418197567,10418197608,1,"IOTHUB_CLIENT_CONFIRMATION_OK"
13191,10418197767,10418198018,1,"IOTHUB_CLIENT_CONFIRMATION_OK"
13192,10418197967,10418198052,1,"IOTHUB_CLIENT_CONFIRMATION_OK"
13193,10418198167,10418198212,1,"IOTHUB_CLIENT_CONFIRMATION_OK"
13194,10418198367,10418198410,1,"IOTHUB_CLIENT_CONFIRMATION_OK"
13195,10418198568,10418198605,1,"IOTHUB_CLIENT_CONFIRMATION_OK"
13196,10418198768,10418198818,1,"IOTHUB_CLIENT_CONFIRMATION_OK"
13197,10418198968,10418199014,1,"IOTHUB_CLIENT_CONFIRMATION_OK"
13198,10418199168,10418199220,1,"IOTHUB_CLIENT_CONFIRMATION_OK"
13199,10418199368,10418199409,1,"IOTHUB_CLIENT_CONFIRMATION_OK"
13200,10418199568,10418199621,1,"IOTHUB_CLIENT_CONFIRMATION_OK"
13201,10418199769,10418199839,1,"IOTHUB_CLIENT_CONFIRMATION_OK"
13202,10418199969,10418200013,1,"IOTHUB_CLIENT_CONFIRMATION_OK"
13203,10418200169,10418200208,1,"IOTHUB_CLIENT_CONFIRMATION_OK"
13204,10418200369,10418200412,1,"IOTHUB_CLIENT_CONFIRMATION_OK"
13205,10418200569,10418200608,1,"IOTHUB_CLIENT_CONFIRMATION_OK"
13206,10418200769,10418200806,1,"IOTHUB_CLIENT_CONFIRMATION_OK"
13207,10418200970,10418201008,1,"IOTHUB_CLIENT_CONFIRMATION_OK"
13208,10418201170,10418201213,1,"IOTHUB_CLIENT_CONFIRMATION_OK"
13209,10418201370,10418201405,1,"IOTHUB_CLIENT_CONFIRMATION_OK"
13210,10418201570,10418201632,1,"IOTHUB_CLIENT_CONFIRMATION_OK"
13211,10418201770,10418201823,1,"IOTHUB_CLIENT_CONFIRMATION_OK"
13212,10418201970,10418202010,1,"IOTHUB_CLIENT_CONFIRMATION_OK"
13213,10418202171,10418202330,1,"IOTHUB_CLIENT_CONFIRMATION_OK"
13214,10418202371,10418202529,1,"IOTHUB_CLIENT_CONFIRMATION_OK"
13215,10418202571,10418202616,1,"IOTHUB_CLIENT_CONFIRMATION_OK"
13216,10418202771,10418202815,1,"IOTHUB_CLIENT_CONFIRMATION_OK"
13217,10418202971,10418203074,1,"IOTHUB_CLIENT_CONFIRMATION_OK"
13218,10418203171,10418203219,1,"IOTHUB_CLIENT_CONFIRMATION_OK"
13219,10418203372,10418203433,1,"IOTHUB_CLIENT_CONFIRMATION_OK"
13220,10418203572,10418203681,1,"IOTHUB_CLIENT_CONFIRMATION_OK"
13221,10418203772,10418203818,1,"IOTHUB_CLIENT_CONFIRMATION_OK"
13222,10418203972,10418204008,1,"IOTHUB_CLIENT_CONFIRMATION_OK"
13223,10418204172,10418204228,1,"IOTHUB_CLIENT_CONFIRMATION_OK"
13224,10418204372,10418204409,1,"IOTHUB_CLIENT_CONFIRMATION_OK"
13225,10418204572,10418204636,1,"IOTHUB_CLIENT_CONFIRMATION_OK"
13226,10418204773,10418204816,1,"IOTHUB_CLIENT_CONFIRMATION_OK"
13227,10418204973,10418205019,1,"IOTHUB_CLIENT_CONFIRMATION_OK"
13228,10418205173,10418205250,1,"IOTHUB_CLIENT_CONFIRMATION_OK"
13229,10418205373,10418205414,1,"IOTHUB_CLIENT_CONFIRMATION_OK"
13230,10418205573,10418205670,1,"IOTHUB_CLIENT_CONFIRMATION_OK"
13231,10418205773,10418205826,1,"IOTHUB_CLIENT_CONFIRMATION_OK"
13232,10418205974,10418206020,1,"IOTHUB_CLIENT_CONFIRMATION_OK"
13233,10418206174,10418206378,1,"IOTHUB_CLIENT_CONFIRMATION_OK"
13234,10418206374,10418206430,1,"IOTHUB_CLIENT_CONFIRMATION_OK"
13235,10418206574,10418206610,1,"IOTHUB_CLIENT_CONFIRMATION_OK"
13236,10418206774,10418206933,1,"IOTHUB_CLIENT_CONFIRMATION_OK"
13237,10418206974,10418207031,1,"IOTHUB_CLIENT_CONFIRMATION_OK"
13238,10418207174,10418207219,1,"IOTHUB_CLIENT_CONFIRMATION_OK"
13239,10418207375,10418207421,1,"IOTHUB_CLIENT_CONFIRMATION_OK"
13240,10418207575,10418207626,1,"IOTHUB_CLIENT_CONFIRMATION_OK"
13241,10418207775,10418207822,1,"IOTHUB_CLIENT_CONFIRMATION_OK"
13242,10418207975,10418208024,1,"IOTHUB_CLIENT_CONFIRMATION_OK"
13243,10418208175,10418208221,1,"IOTHUB_CLIENT_CONFIRMATION_OK"
13244,10418208375,10418208428,1,"IOTHUB_CLIENT_CONFIRMATION_OK"
13245,10418208576,10418208637,1,"IOTHUB_CLIENT_CONFIRMATION_OK"
13246,10418208776,10418208812,1,"IOTHUB_CLIENT_CONFIRMATION_OK"
13247,10418208976,10418209013,1,"IOTHUB_CLIENT_CONFIRMATION_OK"
13248,10418209176,10418209216,1,"IOTHUB_CLIENT_CONFIRMATION_OK"
13249,10418209376,10418209613,1,"IOTHUB_CLIENT_CONFIRMATION_OK"
13250,10418209576,10418209641,1,"IOTHUB_CLIENT_CONFIRMATION_OK"
13251,10418209776,10418209845,1,"IOTHUB_CLIENT_CONFIRMATION_OK"
13252,10418209977,10418210013,1,"IOTHUB_CLIENT_CONFIRMATION_OK"
13253,10418210177,10418210216,1,"IOTHUB_CLIENT_CONFIRMATION_OK"
13254,10418210377,10418210413,1,"IOTHUB_CLIENT_CONFIRMATION_OK"
13255,10418210577,10418210619,1,"IOTHUB_CLIENT_CONFIRMATION_OK"
13256,10418210777,10418210815,1,"IOTHUB_CLIENT_CONFIRMATION_OK"
13257,10418210977,10418211034,1,"IOTHUB_CLIENT_CONFIRMATION_OK"
13258,10418211177,10418211245,1,"IOTHUB_CLIENT_CONFIRMATION_OK"
13259,10418211378,10418211451,1,"IOTHUB_CLIENT_CONFIRMATION_OK"
13260,10418211578,10418211666,1,"IOTHUB_CLIENT_CONFIRMATION_OK"
13261,10418211778,10418211827,1,"IOTHUB_CLIENT_CONFIRMATION_OK"
13262,10418211978,10418212033,1,"IOTHUB_CLIENT_CONFIRMATION_OK"
13263,10418212178,10418212283,1,"IOTHUB_CLIENT_CONFIRMATION_OK"
13264,10418212378,10418212428,1,"IOTHUB_CLIENT_CONFIRMATION_OK"
13265,10418212579,10418212696,1,"IOTHUB_CLIENT_CONFIRMATION_OK"
13266,10418212779,10418212819,1,"IOTHUB_CLIENT_CONFIRMATION_OK"
13267,10418212979,10418213022,1,"IOTHUB_CLIENT_CONFIRMATION_OK"
13268,10418213179,10418213219,1,"IOTHUB_CLIENT_CONFIRMATION_OK"
13269,10418213379,10418213431,1,"IOTHUB_CLIENT_CONFIRMATION_OK"
13270,10418213579,10418213640,1,"IOTHUB_CLIENT_CONFIRMATION_OK"
13271,10418213779,10418213838,1,"IOTHUB_CLIENT_CONFIRMATION_OK"
13272,10418213980,10418214020,1,"IOTHUB_CLIENT_CONFIRMATION_OK"
13273,10418214180,10418214211,1,"IOTHUB_CLIENT_CONFIRMATION_OK"
13274,10418214380,10418214446,1,"IOTHUB_CLIENT_CONFIRMATION_OK"
13275,10418214580,10418214623,1,"IOTHUB_CLIENT_CONFIRMATION_OK"
13276,10418214780,10418214829,1,"IOTHUB_CLIENT_CONFIRMATION_OK"
13277,10418214980,10418215024,1,"IOTHUB_CLIENT_CONFIRMATION_OK"
13278,10418215180,10418215403,1,"IOTHUB_CLIENT_CONFIRMATION_OK"
13279,10418215381,10418215444,1,"IOTHUB_CLIENT_CONFIRMATION_OK"
13280,10418215581,10418215620,1,"IOTHUB_CLIENT_CONFIRMATION_OK"
13281,10418215781,10418216016,1,"IOTHUB_CLIENT_CONFIRMATION_OK"
13282,10418215981,10418216062,1,"IOTHUB_CLIENT_CONFIRMATION_OK"
13283,10418216181,10418216224,1,"IOTHUB_CLIENT_CONFIRMATION_OK"
13284,10418216381,10418216414,1,"IOTHUB_CLIENT_CONFIRMATION_OK"
13285,10418216581,10418216620,1,"IOTHUB_CLIENT_CONFIRMATION_OK"
13286,10418216782,10418216820,1,"IOTHUB_CLIENT_CONFIRMATION_OK"
13287,10418216982,10418217028,1,"IOTHUB_CLIENT_CONFIRMATION_OK"
13288,10418217182,10418217263,1,"IOTHUB_CLIENT_CONFIRMATION_OK"
13289,10418217382,10418218339,1,"IOTHUB_CLIENT_CONFIRMATION_OK"
13290,10418217582,10418218420,1,"IOTHUB_CLIENT_CONFIRMATION_OK"
13291,10418217782,10418218466,1,"IOTHUB_CLIENT_CONFIRMATION_OK"
13292,10418217983,10418218560,1,"IOTHUB_CLIENT_CONFIRMATION_OK"
13293,10418218183,10418218635,1,"IOTHUB_CLIENT_CONFIRMATION_OK"
13294,10418218383,10418218707,1,"IOTHUB_CLIENT_CONFIRMATION_OK"
13295,10418218583,10418218770,1,"IOTHUB_CLIENT_CONFIRMATION_OK"
13296,10418218783,10418218838,1,"IOTHUB_CLIENT_CONFIRMATION_OK"
13297,10418218983,10418219028,1,"IOTHUB_CLIENT_CONFIRMATION_OK"
13298,10418219183,10418219237,1,"IOTHUB_CLIENT_CONFIRMATION_OK"
13299,10418219384,10418219419,1,"IOTHUB_CLIENT_CONFIRMATION_OK"
13300,10418219584,10418219632,1,"IOTHUB_CLIENT_CONFIRMATION_OK"
13301,10418219784,10418219829,1,"IOTHUB_CLIENT_CONFIRMATION_OK"
13302,10418219984,10418220032,1,"IOTHUB_CLIENT_CONFIRMATION_OK"
13303,10418220184,10418220237,1,"IOTHUB_CLIENT_CONFIRMATION_OK"
13304,10418220384,10418220429,1,"IOTHUB_CLIENT_CONFIRMATION_OK"
13305,10418220584,10418220633,1,"IOTHUB_CLIENT_CONFIRMATION_OK"
13306,10418220785,10418220825,1,"IOTHUB_CLIENT_CONFIRMATION_OK"
13307,10418220985,10418221283,1,"IOTHUB_CLIENT_CONFIRMATION_OK"
13308,10418221185,10418221320,1,"IOTHUB_CLIENT_CONFIRMATION_OK"
13309,10418221385,10418221422,1,"IOTHUB_CLIENT_CONFIRMATION_OK"
13310,10418221585,10418221625,1,"IOTHUB_CLIENT_CONFIRMATION_OK"
13311,10418221785,10418221828,1,"IOTHUB_CLIENT_CONFIRMATION_OK"
13312,10418221985,10418222028,1,"IOTHUB_CLIENT_CONFIRMATION_OK"
13313,10418222186,10418222260,1,"IOTHUB_CLIENT_CONFIRMATION_OK"
13314,10418222386,10418222444,1,"IOTHUB_CLIENT_CONFIRMATION_OK"
13315,10418222586,10418222630,1,"IOTHUB_CLIENT_CONFIRMATION_OK"
13316,10418222786,10418222847,1,"IOTHUB_CLIENT_CONFIRMATION_OK"
13317,10418222986,10418223041,1,"IOTHUB_CLIENT_CONFIRMATION_OK"
13318,10418223186,10418223223,1,"IOTHUB_CLIENT_CONFIRMATION_OK"
13319,10418223387,10418223446,1,"IOTHUB_CLIENT_CONFIRMATION_OK"
13320,10418223587,10418223641,1,"IOTHUB_CLIENT_CONFIRMATION_OK"
13321,10418223787,10418223834,1,"IOTHUB_CLIENT_CONFIRMATION_OK"
13322,10418223987,10418224024,1,"IOTHUB_CLIENT_CONFIRMATION_OK"
13323,10418224187,10418224252,1,"IOTHUB_CLIENT_CONFIRMATION_OK"
13324,10418224387,10418224428,1,"IOTHUB_CLIENT_CONFIRMATION_OK"
13325,10418224587,10418224677,1,"IOTHUB_CLIENT_CONFIRMATION_OK"
13326,10418224788,10418224830,1,"IOTHUB_CLIENT_CONFIRMATION_OK"
13327,10418224988,10418225089,1,"IOTHUB_CLIENT_CONFIRMATION_OK"
13328,10418225188,10418225225,1,"IOTHUB_CLIENT_CONFIRMATION_OK"
13329,10418225388,10418225444,1,"IOTHUB_CLIENT_CONFIRMATION_OK"
13330,10418225588,10418225701,1,"IOTHUB_CLIENT_CONFIRMATION_OK"
13331,10418225788,10418225827,1,"IOTHUB_CLIENT_CONFIRMATION_OK"
13332,10418225989,10418226042,1,"IOTHUB_CLIENT_CONFIRMATION_OK"
13333,10418226189,10418226288,1,"IOTHUB_CLIENT_CONFIRMATION_OK"
13334,10418226389,10418226437,1,"IOTHUB_CLIENT_CONFIRMATION_OK"
13335,10418226589,10418226653,1,"IOTHUB_CLIENT_CONFIRMATION_OK"
13336,10418226789,10418226882,1,"IOTHUB_CLIENT_CONFIRMATION_OK"
13337,10418226989,10418227034,1,"IOTHUB_CLIENT_CONFIRMATION_OK"
13338,10418227189,10418227245,1,"IOTHUB_CLIENT_CONFIRMATION_OK"
13339,10418227390,10418227440,1,"IOTHUB_CLIENT_CONFIRMATION_OK"
13340,10418227590,10418227639,1,"IOTHUB_CLIENT_CONFIRMATION_OK"
13341,10418227790,10418227852,1,"IOTHUB_CLIENT_CONFIRMATION_OK"
13342,10418227990,10418228028,1,"IOTHUB_CLIENT_CONFIRMATION_OK"
13343,10418228190,10418228232,1,"IOTHUB_CLIENT_CONFIRMATION_OK"
13344,10418228391,10418228433,1,"IOTHUB_CLIENT_CONFIRMATION_OK"
13345,10418228591,10418228638,1,"IOTHUB_CLIENT_CONFIRMATION_OK"
13346,10418228791,10418228937,1,"IOTHUB_CLIENT_CONFIRMATION_OK"
13347,10418228991,10418229080,1,"IOTHUB_CLIENT_CONFIRMATION_OK"
13348,10418229191,10418229265,1,"IOTHUB_CLIENT_CONFIRMATION_OK"
13349,10418229391,10418229537,1,"IOTHUB_CLIENT_CONFIRMATION_OK"
13350,10418229592,10418229637,1,"IOTHUB_CLIENT_CONFIRMATION_OK"
13351,10418229792,10418229828,1,"IOTHUB_CLIENT_CONFIRMATION_OK"
13352,10418229992,10418230042,1,"IOTHUB_CLIENT_CONFIRMATION_OK"
13353,10418230192,10418230228,1,"IOTHUB_CLIENT_CONFIRMATION_OK"
13354,10418230392,10418230430,1,"IOTHUB_CLIENT_CONFIRMATION_OK"
13355,10418230592,10418230649,1,"IOTHUB_CLIENT_CONFIRMATION_OK"
13356,10418230792,10418230889,1,"IOTHUB_CLIENT_CONFIRMATION_OK"
13357,10418230993,10418231040,1,"IOTHUB_CLIENT_CONFIRMATION_OK"
13358,10418231193,10418231240,1,"IOTHUB_CLIENT_CONFIRMATION_OK"
13359,10418231393,10418231448,1,"IOTHUB_CLIENT_CONFIRMATION_OK"
13360,10418231593,10418231633,1,"IOTHUB_CLIENT_CONFIRMATION_OK"
13361,10418231793,10418231837,1,"IOTHUB_CLIENT_CONFIRMATION_OK"
13362,10418231994,10418232076,1,"IOTHUB_CLIENT_CONFIRMATION_OK"
13363,10418232194,10418232238,1,"IOTHUB_CLIENT_CONFIRMATION_OK"
13364,10418232394,10418232465,1,"IOTHUB_CLIENT_CONFIRMATION_OK"
13365,10418232594,10418232667,1,"IOTHUB_CLIENT_CONFIRMATION_OK"
13366,10418232794,10418232842,1,"IOTHUB_CLIENT_CONFIRMATION_OK"
13367,10418232994,10418233031,1,"IOTHUB_CLIENT_CONFIRMATION_OK"
13368,10418233194,10418233245,1,"IOTHUB_CLIENT_CONFIRMATION_OK"
13369,10418233395,10418233437,1,"IOTHUB_CLIENT_CONFIRMATION_OK"
13370,10418233595,10418233634,1,"IOTHUB_CLIENT_CONFIRMATION_OK"
13371,10418233795,10418233832,1,"IOTHUB_CLIENT_CONFIRMATION_OK"
13372,10418233995,10418234102,1,"IOTHUB_CLIENT_CONFIRMATION_OK"
13373,10418234195,10418234250,1,"IOTHUB_CLIENT_CONFIRMATION_OK"
13374,10418234396,10418234469,1,"IOTHUB_CLIENT_CONFIRMATION_OK"
13375,10418234596,10418234641,1,"IOTHUB_CLIENT_CONFIRMATION_OK"
13376,10418234796,10418234852,1,"IOTHUB_CLIENT_CONFIRMATION_OK"
13377,10418234996,10418235041,1,"IOTHUB_CLIENT_CONFIRMATION_OK"
13378,10418235196,10418235378,1,"IOTHUB_CLIENT_CONFIRMATION_OK"
13379,10418235396,10418235434,1,"IOTHUB_CLIENT_CONFIRMATION_OK"
13380,10418235597,10418235639,1,"IOTHUB_CLIENT_CONFIRMATION_OK"
13381,10418235797,10418235839,1,"IOTHUB_CLIENT_CONFIRMATION_OK"
13382,10418235997,10418236066,1,"IOTHUB_CLIENT_CONFIRMATION_OK"
13383,10418236197,10418236240,1,"IOTHUB_CLIENT_CONFIRMATION_OK"
13384,10418236397,10418236438,1,"IOTHUB_CLIENT_CONFIRMATION_OK"
13385,10418236597,10418236637,1,"IOTHUB_CLIENT_CONFIRMATION_OK"
13386,10418236798,10418236836,1,"IOTHUB_CLIENT_CONFIRMATION_OK"
13387,10418236998,10418237039,1,"IOTHUB_CLIENT_CONFIRMATION_OK"
13388,10418237198,10418237236,1,"IOTHUB_CLIENT_CONFIRMATION_OK"
13389,10418237398,10418237488,1,"IOTHUB_CLIENT_CONFIRMATION_OK"
13390,10418237598,10418237673,1,"IOTHUB_CLIENT_CONFIRMATION_OK"
13391,10418237798,10418237884,1,"IOTHUB_CLIENT_CONFIRMATION_OK"
13392,10418237998,10418238035,1,"IOTHUB_CLIENT_CONFIRMATION_OK"
13393,10418238199,10418238301,1,"IOTHUB_CLIENT_CONFIRMATION_OK"
13394,10418238399,10418238441,1,"IOTHUB_CLIENT_CONFIRMATION_OK"
13395,10418238599,10418238641,1,"IOTHUB_CLIENT_CONFIRMATION_OK"
13396,10418238799,10418238845,1,"IOTHUB_CLIENT_CONFIRMATION_OK"
13397,10418238999,10418239033,1,"IOTHUB_CLIENT_CONFIRMATION_OK"
13398,10418239200,10418239252,1,"IOTHUB_CLIENT_CONFIRMATION_OK"
13399,10418239400,10418239442,1,"IOTHUB_CLIENT_CONFIRMATION_OK"
13400,10418239600,10418239644,1,"IOTHUB_CLIENT_CONFIRMATION_OK"
13401,10418239800,10418239919,1,"IOTHUB_CLIENT_CONFIRMATION_OK"
13402,10418240000,10418240087,1,"IOTHUB_CLIENT_CONFIRMATION_OK"
13403,10418240200,10418240253,1,"IOTHUB_CLIENT_CONFIRMATION_OK"
13404,10418240401,10418240536,1,"IOTHUB_CLIENT_CONFIRMATION_OK"
13405,10418240601,10418240644,1,"IOTHUB_CLIENT_CONFIRMATION_OK"
13406,10418240801,10418240896,1,"IOTHUB_CLIENT_CONFIRMATION_OK"
13407,10418241001,10418241121,1,"IOTHUB_CLIENT_CONFIRMATION_OK"
13408,10418241201,10418241258,1,"IOTHUB_CLIENT_CONFIRMATION_OK"
13409,10418241401,10418241460,1,"IOTHUB_CLIENT_CONFIRMATION_OK"
13410,10418241602,10418241650,1,"IOTHUB_CLIENT_CONFIRMATION_OK"
13411,10418241802,10418241868,1,"IOTHUB_CLIENT_CONFIRMATION_OK"
13412,10418242002,10418242052,1,"IOTHUB_CLIENT_CONFIRMATION_OK"
13413,10418242202,10418242243,1,"IOTHUB_CLIENT_CONFIRMATION_OK"
13414,10418242402,10418242435,1,"IOTHUB_CLIENT_CONFIRMATION_OK"
13415,10418242602,10418242661,1,"IOTHUB_CLIENT_CONFIRMATION_OK"
13416,10418242802,10418242850,1,"IOTHUB_CLIENT_CONFIRMATION_OK"
13417,10418243003,10418243043,1,"IOTHUB_CLIENT_CONFIRMATION_OK"
13418,10418243203,10418243259,1,"IOTHUB_CLIENT_CONFIRMATION_OK"
13419,10418243403,10418243441,1,"IOTHUB_CLIENT_CONFIRMATION_OK"
13420,10418243603,10418243811,1,"IOTHUB_CLIENT_CONFIRMATION_OK"
13421,10418243803,10418243857,1,"IOTHUB_CLIENT_CONFIRMATION_OK"
13422,10418244003,10418244045,1,"IOTHUB_CLIENT_CONFIRMATION_OK"
13423,10418244203,10418244249,1,"IOTHUB_CLIENT_CONFIRMATION_OK"
13424,10418244404,10418244448,1,"IOTHUB_CLIENT_CONFIRMATION_OK"
13425,10418244604,10418244662,1,"IOTHUB_CLIENT_CONFIRMATION_OK"
13426,10418244804,10418244845,1,"IOTHUB_CLIENT_CONFIRMATION_OK"
13427,10418245004,10418245051,1,"IOTHUB_CLIENT_CONFIRMATION_OK"
13428,10418245204,10418245246,1,"IOTHUB_CLIENT_CONFIRMATION_OK"
13429,10418245404,10418245447,1,"IOTHUB_CLIENT_CONFIRMATION_OK"
13430,10418245605,10418245646,1,"IOTHUB_CLIENT_CONFIRMATION_OK"
13431,10418245805,10418245853,1,"IOTHUB_CLIENT_CONFIRMATION_OK"
13432,10418246005,10418246047,1,"IOTHUB_CLIENT_CONFIRMATION_OK"
13433,10418246205,10418246248,1,"IOTHUB_CLIENT_CONFIRMATION_OK"
13434,10418246405,10418246447,1,"IOTHUB_CLIENT_CONFIRMATION_OK"
13435,10418246605,10418246659,1,"IOTHUB_CLIENT_CONFIRMATION_OK"
13436,10418246805,10418246926,1,"IOTHUB_CLIENT_CONFIRMATION_OK"
13437,10418247006,10418247054,1,"IOTHUB_CLIENT_CONFIRMATION_OK"
13438,10418247206,10418247261,1,"IOTHUB_CLIENT_CONFIRMATION_OK"
13439,10418247406,10418247459,1,"IOTHUB_CLIENT_CONFIRMATION_OK"
13440,10418247606,10418247650,1,"IOTHUB_CLIENT_CONFIRMATION_OK"
13441,10418247806,10418247850,1,"IOTHUB_CLIENT_CONFIRMATION_OK"
13442,10418248006,10418248071,1,"IOTHUB_CLIENT_CONFIRMATION_OK"
13443,10418248207,10418248266,1,"IOTHUB_CLIENT_CONFIRMATION_OK"
13444,10418248407,10418248442,1,"IOTHUB_CLIENT_CONFIRMATION_OK"
13445,10418248607,10418248651,1,"IOTHUB_CLIENT_CONFIRMATION_OK"
13446,10418248807,10418248846,1,"IOTHUB_CLIENT_CONFIRMATION_OK"
13447,10418249007,10418249068,1,"IOTHUB_CLIENT_CONFIRMATION_OK"
13448,10418249208,10418249254,1,"IOTHUB_CLIENT_CONFIRMATION_OK"
13449,10418249408,10418249596,1,"IOTHUB_CLIENT_CONFIRMATION_OK"
13450,10418249608,10418249644,1,"IOTHUB_CLIENT_CONFIRMATION_OK"
13451,10418249808,10418249872,1,"IOTHUB_CLIENT_CONFIRMATION_OK"
13452,10418250008,10418250091,1,"IOTHUB_CLIENT_CONFIRMATION_OK"
13453,10418250208,10418250242,1,"IOTHUB_CLIENT_CONFIRMATION_OK"
13454,10418250409,10418250454,1,"IOTHUB_CLIENT_CONFIRMATION_OK"
13455,10418250609,10418250652,1,"IOTHUB_CLIENT_CONFIRMATION_OK"
13456,10418250809,10418250858,1,"IOTHUB_CLIENT_CONFIRMATION_OK"
13457,10418251009,10418251045,1,"IOTHUB_CLIENT_CONFIRMATION_OK"
13458,10418251209,10418251313,1,"IOTHUB_CLIENT_CONFIRMATION_OK"
13459,10418251409,10418251454,1,"IOTHUB_CLIENT_CONFIRMATION_OK"
13460,10418251610,10418251667,1,"IOTHUB_CLIENT_CONFIRMATION_OK"
13461,10418251810,10418251849,1,"IOTHUB_CLIENT_CONFIRMATION_OK"
13462,10418252010,10418252046,1,"IOTHUB_CLIENT_CONFIRMATION_OK"
13463,10418252210,10418252361,1,"IOTHUB_CLIENT_CONFIRMATION_OK"
13464,10418252410,10418252447,1,"IOTHUB_CLIENT_CONFIRMATION_OK"
13465,10418252610,10418252658,1,"IOTHUB_CLIENT_CONFIRMATION_OK"
13466,10418252810,10418252848,1,"IOTHUB_CLIENT_CONFIRMATION_OK"
13467,10418253011,10418253051,1,"IOTHUB_CLIENT_CONFIRMATION_OK"
13468,10418253211,10418253295,1,"IOTHUB_CLIENT_CONFIRMATION_OK"
13469,10418253411,10418253475,1,"IOTHUB_CLIENT_CONFIRMATION_OK"
13470,10418253611,10418253656,1,"IOTHUB_CLIENT_CONFIRMATION_OK"
13471,10418253811,10418253855,1,"IOTHUB_CLIENT_CONFIRMATION_OK"
13472,10418254011,10418254088,1,"IOTHUB_CLIENT_CONFIRMATION_OK"
13473,10418254212,10418254256,1,"IOTHUB_CLIENT_CONFIRMATION_OK"
13474,10418254412,10418254456,1,"IOTHUB_CLIENT_CONFIRMATION_OK"
13475,10418254612,10418254699,1,"IOTHUB_CLIENT_CONFIRMATION_OK"
13476,10418254812,10418254851,1,"IOTHUB_CLIENT_CONFIRMATION_OK"
13477,10418255012,10418255056,1,"IOTHUB_CLIENT_CONFIRMATION_OK"
13478,10418255212,10418255319,1,"IOTHUB_CLIENT_CONFIRMATION_OK"
13479,10418255412,10418255450,1,"IOTHUB_CLIENT_CONFIRMATION_OK"
13480,10418255613,10418255665,1,"IOTHUB_CLIENT_CONFIRMATION_OK"
13481,10418255813,10418255857,1,"IOTHUB_CLIENT_CONFIRMATION_OK"
13482,10418256013,10418256067,1,"IOTHUB_CLIENT_CONFIRMATION_OK"
13483,10418256213,10418256261,1,"IOTHUB_CLIENT_CONFIRMATION_OK"
13484,10418256413,10418256460,1,"IOTHUB_CLIENT_CONFIRMATION_OK"
13485,10418256613,10418256654,1,"IOTHUB_CLIENT_CONFIRMATION_OK"
13486,10418256814,10418256872,1,"IOTHUB_CLIENT_CONFIRMATION_OK"
13487,10418257014,10418257112,1,"IOTHUB_CLIENT_CONFIRMATION_OK"
13488,10418257214,10418257261,1,"IOTHUB_CLIENT_CONFIRMATION_OK"
13489,10418257414,10418257458,1,"IOTHUB_CLIENT_CONFIRMATION_OK"
13490,10418257614,10418257656,1,"IOTHUB_CLIENT_CONFIRMATION_OK"
13491,10418257814,10418257965,1,"IOTHUB_CLIENT_CONFIRMATION_OK"
13492,10418258014,10418258064,1,"IOTHUB_CLIENT_CONFIRMATION_OK"
13493,10418258215,10418258311,1,"IOTHUB_CLIENT_CONFIRMATION_OK"
13494,10418258415,10418258463,1,"IOTHUB_CLIENT_CONFIRMATION_OK"
13495,10418258615,10418258661,1,"IOTHUB_CLIENT_CONFIRMATION_OK"
13496,10418258815,10418258882,1,"IOTHUB_CLIENT_CONFIRMATION_OK"
13497,10418259015,10418259064,1,"IOTHUB_CLIENT_CONFIRMATION_OK"
13498,10418259215,10418259256,1,"IOTHUB_CLIENT_CONFIRMATION_OK"
13499,10418259416,10418259459,1,"IOTHUB_CLIENT_CONFIRMATION_OK"
13500,10418259616,10418259653,1,"IOTHUB_CLIENT_CONFIRMATION_OK"
13501,10418259816,10418259866,1,"IOTHUB_CLIENT_CONFIRMATION_OK"
13502,10418260016,10418260068,1,"IOTHUB_CLIENT_CONFIRMATION_OK"
13503,10418260216,10418260265,1,"IOTHUB_CLIENT_CONFIRMATION_OK"
13504,10418260416,10418260465,1,"IOTHUB_CLIENT_CONFIRMATION_OK"
13505,10418260617,10418260668,1,"IOTHUB_CLIENT_CONFIRMATION_OK"
13506,10418260817,10418260855,1,"IOTHUB_CLIENT_CONFIRMATION_OK"
13507,10418261017,10418261064,1,"IOTHUB_CLIENT_CONFIRMATION_OK"
13508,10418261217,10418261255,1,"IOTHUB_CLIENT_CONFIRMATION_OK"
13509,10418261417,10418261477,1,"IOTHUB_CLIENT_CONFIRMATION_OK"
13510,10418261617,10418261693,1,"IOTHUB_CLIENT_CONFIRMATION_OK"
13511,10418261817,10418261863,1,"IOTHUB_CLIENT_CONFIRMATION_OK"
13512,10418262018,10418262055,1,"IOTHUB_CLIENT_CONFIRMATION_OK"
13513,10418262218,10418262263,1,"IOTHUB_CLIENT_CONFIRMATION_OK"
13514,10418262418,10418262496,1,"IOTHUB_CLIENT_CONFIRMATION_OK"
13515,10418262618,10418262661,1,"IOTHUB_CLIENT_CONFIRMATION_OK"
13516,10418262818,10418262853,1,"IOTHUB_CLIENT_CONFIRMATION_OK"
13517,10418263018,10418263100,1,"IOTHUB_CLIENT_CONFIRMATION_OK"
13518,10418263219,10418263268,1,"IOTHUB_CLIENT_CONFIRMATION_OK"
13519,10418263419,10418263466,1,"IOTHUB_CLIENT_CONFIRMATION_OK"
13520,10418263619,10418263706,1,"IOTHUB_CLIENT_CONFIRMATION_OK"
13521,10418263819,10418263921,1,"IOTHUB_CLIENT_CONFIRMATION_OK"
13522,10418264019,10418264057,1,"IOTHUB_CLIENT_CONFIRMATION_OK"
13523,10418264219,10418264283,1,"IOTHUB_CLIENT_CONFIRMATION_OK"
13524,10418264420,10418264466,1,"IOTHUB_CLIENT_CONFIRMATION_OK"
13525,10418264620,10418264659,1,"IOTHUB_CLIENT_CONFIRMATION_OK"
13526,10418264820,10418264857,1,"IOTHUB_CLIENT_CONFIRMATION_OK"
13527,10418265020,10418265065,1,"IOTHUB_CLIENT_CONFIRMATION_OK"
13528,10418265220,10418265262,1,"IOTHUB_CLIENT_CONFIRMATION_OK"
13529,10418265420,10418265464,1,"IOTHUB_CLIENT_CONFIRMATION_OK"
13530,10418265620,10418265651,1,"IOTHUB_CLIENT_CONFIRMATION_OK"
13531,10418265821,10418265859,1,"IOTHUB_CLIENT_CONFIRMATION_OK"
13532,10418266021,10418266067,1,"IOTHUB_CLIENT_CONFIRMATION_OK"
13533,10418266221,10418266373,1,"IOTHUB_CLIENT_CONFIRMATION_OK"
13534,10418266421,10418266459,1,"IOTHUB_CLIENT_CONFIRMATION_OK"
13535,10418266621,10418266663,1,"IOTHUB_CLIENT_CONFIRMATION_OK"
13536,10418266821,10418266990,1,"IOTHUB_CLIENT_CONFIRMATION_OK"
13537,10418267022,10418267147,1,"IOTHUB_CLIENT_CONFIRMATION_OK"
13538,10418267222,10418267262,1,"IOTHUB_CLIENT_CONFIRMATION_OK"
13539,10418267422,10418267479,1,"IOTHUB_CLIENT_CONFIRMATION_OK"
13540,10418267622,10418267664,1,"IOTHUB_CLIENT_CONFIRMATION_OK"
13541,10418267822,10418267855,1,"IOTHUB_CLIENT_CONFIRMATION_OK"
13542,10418268022,10418268090,1,"IOTHUB_CLIENT_CONFIRMATION_OK"
13543,10418268222,10418268263,1,"IOTHUB_CLIENT_CONFIRMATION_OK"
13544,10418268423,10418268470,1,"IOTHUB_CLIENT_CONFIRMATION_OK"
13545,10418268623,10418268669,1,"IOTHUB_CLIENT_CONFIRMATION_OK"
13546,10418268823,10418268861,1,"IOTHUB_CLIENT_CONFIRMATION_OK"
13547,10418269023,10418269075,1,"IOTHUB_CLIENT_CONFIRMATION_OK"
13548,10418269223,10418269297,1,"IOTHUB_CLIENT_CONFIRMATION_OK"
13549,10418269423,10418269471,1,"IOTHUB_CLIENT_CONFIRMATION_OK"
13550,10418269624,10418269670,1,"IOTHUB_CLIENT_CONFIRMATION_OK"
13551,10418269824,10418269867,1,"IOTHUB_CLIENT_CONFIRMATION_OK"
13552,10418270024,10418270061,1,"IOTHUB_CLIENT_CONFIRMATION_OK"
13553,10418270224,10418270385,1,"IOTHUB_CLIENT_CONFIRMATION_OK"
13554,10418270424,10418270466,1,"IOTHUB_CLIENT_CONFIRMATION_OK"
13555,10418270624,10418270666,1,"IOTHUB_CLIENT_CONFIRMATION_OK"
13556,10418270825,10418270870,1,"IOTHUB_CLIENT_CONFIRMATION_OK"
13557,10418271025,10418271085,1,"IOTHUB_CLIENT_CONFIRMATION_OK"
13558,10418271225,10418271277,1,"IOTHUB_CLIENT_CONFIRMATION_OK"
13559,10418271425,10418271478,1,"IOTHUB_CLIENT_CONFIRMATION_OK"
13560,10418271625,10418271689,1,"IOTHUB_CLIENT_CONFIRMATION_OK"
13561,10418271825,10418271878,1,"IOTHUB_CLIENT_CONFIRMATION_OK"
13562,10418272025,10418272082,1,"IOTHUB_CLIENT_CONFIRMATION_OK"
13563,10418272225,10418272282,1,"IOTHUB_CLIENT_CONFIRMATION_OK"
13564,10418272426,10418272469,1,"IOTHUB_CLIENT_CONFIRMATION_OK"
13565,10418272626,10418272679,1,"IOTHUB_CLIENT_CONFIRMATION_OK"
13566,10418272826,10418272869,1,"IOTHUB_CLIENT_CONFIRMATION_OK"
13567,10418273026,10418273063,1,"IOTHUB_CLIENT_CONFIRMATION_OK"
13568,10418273226,10418273267,1,"IOTHUB_CLIENT_CONFIRMATION_OK"
13569,10418273426,10418273466,1,"IOTHUB_CLIENT_CONFIRMATION_OK"
13570,10418273626,10418273705,1,"IOTHUB_CLIENT_CONFIRMATION_OK"
13571,10418273827,10418273868,1,"IOTHUB_CLIENT_CONFIRMATION_OK"
13572,10418274027,10418274131,1,"IOTHUB_CLIENT_CONFIRMATION_OK"
13573,10418274227,10418274264,1,"IOTHUB_CLIENT_CONFIRMATION_OK"
13574,10418274427,10418274465,1,"IOTHUB_CLIENT_CONFIRMATION_OK"
13575,10418274627,10418274771,1,"IOTHUB_CLIENT_CONFIRMATION_OK"
13576,10418274827,10418274886,1,"IOTHUB_CLIENT_CONFIRMATION_OK"
13577,10418275028,10418275069,1,"IOTHUB_CLIENT_CONFIRMATION_OK"
13578,10418275228,10418275362,1,"IOTHUB_CLIENT_CONFIRMATION_OK"
13579,10418275428,10418275490,1,"IOTHUB_CLIENT_CONFIRMATION_OK"
13580,10418275628,10418275670,1,"IOTHUB_CLIENT_CONFIRMATION_OK"
13581,10418275828,10418275875,1,"IOTHUB_CLIENT_CONFIRMATION_OK"
13582,10418276028,10418276061,1,"IOTHUB_CLIENT_CONFIRMATION_OK"
13583,10418276228,10418276275,1,"IOTHUB_CLIENT_CONFIRMATION_OK"
13584,10418276429,10418276480,1,"IOTHUB_CLIENT_CONFIRMATION_OK"
13585,10418276629,10418276664,1,"IOTHUB_CLIENT_CONFIRMATION_OK"
13586,10418276829,10418276878,1,"IOTHUB_CLIENT_CONFIRMATION_OK"
13587,10418277029,10418277135,1,"IOTHUB_CLIENT_CONFIRMATION_OK"
13588,10418277229,10418277267,1,"IOTHUB_CLIENT_CONFIRMATION_OK"
13589,10418277429,10418277467,1,"IOTHUB_CLIENT_CONFIRMATION_OK"
13590,10418277630,10418277666,1,"IOTHUB_CLIENT_CONFIRMATION_OK"
13591,10418277830,10418277992,1,"IOTHUB_CLIENT_CONFIRMATION_OK"
13592,10418278030,10418278064,1,"IOTHUB_CLIENT_CONFIRMATION_OK"
13593,10418278230,10418278267,1,"IOTHUB_CLIENT_CONFIRMATION_OK"
13594,10418278430,10418278469,1,"IOTHUB_CLIENT_CONFIRMATION_OK"
13595,10418278630,10418278684,1,"IOTHUB_CLIENT_CONFIRMATION_OK"
13596,10418278830,10418278865,1,"IOTHUB_CLIENT_CONFIRMATION_OK"
13597,10418279031,10418279091,1,"IOTHUB_CLIENT_CONFIRMATION_OK"
13598,10418279231,10418279265,1,"IOTHUB_CLIENT_CONFIRMATION_OK"
13599,10418279431,10418279469,1,"IOTHUB_CLIENT_CONFIRMATION_OK"
13600,10418279631,10418279680,1,"IOTHUB_CLIENT_CONFIRMATION_OK"
13601,10418279831,10418279967,1,"IOTHUB_CLIENT_CONFIRMATION_OK"
13602,10418280031,10418280068,1,"IOTHUB_CLIENT_CONFIRMATION_OK"
13603,10418280231,10418280271,1,"IOTHUB_CLIENT_CONFIRMATION_OK"
13604,10418280432,10418280467,1,"IOTHUB_CLIENT_CONFIRMATION_OK"
13605,10418280632,10418280679,1,"IOTHUB_CLIENT_CONFIRMATION_OK"
13606,10418280832,10418280884,1,"IOTHUB_CLIENT_CONFIRMATION_OK"
13607,10418281032,10418281236,1,"IOTHUB_CLIENT_CONFIRMATION_OK"
13608,10418281232,10418281282,1,"IOTHUB_CLIENT_CONFIRMATION_OK"
13609,10418281433,10418281475,1,"IOTHUB_CLIENT_CONFIRMATION_OK"
13610,10418281633,10418281666,1,"IOTHUB_CLIENT_CONFIRMATION_OK"
13611,10418281833,10418281884,1,"IOTHUB_CLIENT_CONFIRMATION_OK"
13612,10418282033,10418282082,1,"IOTHUB_CLIENT_CONFIRMATION_OK"
13613,10418282233,10418282271,1,"IOTHUB_CLIENT_CONFIRMATION_OK"
13614,10418282433,10418282471,1,"IOTHUB_CLIENT_CONFIRMATION_OK"
13615,10418282634,10418282690,1,"IOTHUB_CLIENT_CONFIRMATION_OK"
13616,10418282834,10418282894,1,"IOTHUB_CLIENT_CONFIRMATION_OK"
13617,10418283034,10418283070,1,"IOTHUB_CLIENT_CONFIRMATION_OK"
13618,10418283234,10418283296,1,"IOTHUB_CLIENT_CONFIRMATION_OK"
13619,10418283434,10418283481,1,"IOTHUB_CLIENT_CONFIRMATION_OK"
13620,10418283634,10418283699,1,"IOTHUB_CLIENT_CONFIRMATION_OK"
13621,10418283834,10418283874,1,"IOTHUB_CLIENT_CONFIRMATION_OK"
13622,10418284035,10418284074,1,"IOTHUB_CLIENT_CONFIRMATION_OK"
13623,10418284235,10418284270,1,"IOTHUB_CLIENT_CONFIRMATION_OK"
13624,10418284435,10418284500,1,"IOTHUB_CLIENT_CONFIRMATION_OK"
13625,10418284635,10418284673,1,"IOTHUB_CLIENT_CONFIRMATION_OK"
13626,10418284835,10418284871,1,"IOTHUB_CLIENT_CONFIRMATION_OK"
13627,10418285035,10418285082,1,"IOTHUB_CLIENT_CONFIRMATION_OK"
13628,10418285236,10418285282,1,"IOTHUB_CLIENT_CONFIRMATION_OK"
13629,10418285436,10418285502,1,"IOTHUB_CLIENT_CONFIRMATION_OK"
13630,10418285636,10418285744,1,"IOTHUB_CLIENT_CONFIRMATION_OK"
13631,10418285836,10418285931,1,"IOTHUB_CLIENT_CONFIRMATION_OK"
13632,10418286036,10418286084,1,"IOTHUB_CLIENT_CONFIRMATION_OK"
13633,10418286236,10418286377,1,"IOTHUB_CLIENT_CONFIRMATION_OK"
13634,10418286436,10418286545,1,"IOTHUB_CLIENT_CONFIRMATION_OK"
13635,10418286637,10418286677,1,"IOTHUB_CLIENT_CONFIRMATION_OK"
13636,10418286837,10418287011,1,"IOTHUB_CLIENT_CONFIRMATION_OK"
13637,10418287037,10418287074,1,"IOTHUB_CLIENT_CONFIRMATION_OK"
13638,10418287237,10418287275,1,"IOTHUB_CLIENT_CONFIRMATION_OK"
13639,10418287437,10418287541,1,"IOTHUB_CLIENT_CONFIRMATION_OK"
13640,10418287637,10418287679,1,"IOTHUB_CLIENT_CONFIRMATION_OK"
13641,10418287837,10418287887,1,"IOTHUB_CLIENT_CONFIRMATION_OK"
13642,10418288038,10418288077,1,"IOTHUB_CLIENT_CONFIRMATION_OK"
13643,10418288238,10418288289,1,"IOTHUB_CLIENT_CONFIRMATION_OK"
13644,10418288438,10418288486,1,"IOTHUB_CLIENT_CONFIRMATION_OK"
13645,10418288638,10418288692,1,"IOTHUB_CLIENT_CONFIRMATION_OK"
13646,10418288838,10418288906,1,"IOTHUB_CLIENT_CONFIRMATION_OK"
13647,10418289039,10418289079,1,"IOTHUB_CLIENT_CONFIRMATION_OK"
13648,10418289239,10418289278,1,"IOTHUB_CLIENT_CONFIRMATION_OK"
13649,10418289439,10418289607,1,"IOTHUB_CLIENT_CONFIRMATION_OK"
13650,10418289639,10418289725,1,"IOTHUB_CLIENT_CONFIRMATION_OK"
13651,10418289839,10418289883,1,"IOTHUB_CLIENT_CONFIRMATION_OK"
13652,10418290039,10418290080,1,"IOTHUB_CLIENT_CONFIRMATION_OK"
13653,10418290240,10418290284,1,"IOTHUB_CLIENT_CONFIRMATION_OK"
13654,10418290440,10418290483,1,"IOTHUB_CLIENT_CONFIRMATION_OK"
13655,10418290640,10418290683,1,"IOTHUB_CLIENT_CONFIRMATION_OK"
13656,10418290840,10418290897,1,"IOTHUB_CLIENT_CONFIRMATION_OK"
13657,10418291040,10418291092,1,"IOTHUB_CLIENT_CONFIRMATION_OK"
13658,10418291240,10418291280,1,"IOTHUB_CLIENT_CONFIRMATION_OK"
13659,10418291441,10418291482,1,"IOTHUB_CLIENT_CONFIRMATION_OK"
13660,10418291641,10418291684,1,"IOTHUB_CLIENT_CONFIRMATION_OK"
13661,10418291841,10418291899,1,"IOTHUB_CLIENT_CONFIRMATION_OK"
13662,10418292041,10418292086,1,"IOTHUB_CLIENT_CONFIRMATION_OK"
13663,10418292241,10418292275,1,"IOTHUB_CLIENT_CONFIRMATION_OK"
13664,10418292441,10418292481,1,"IOTHUB_CLIENT_CONFIRMATION_OK"
13665,10418292641,10418292691,1,"IOTHUB_CLIENT_CONFIRMATION_OK"
13666,10418292842,10418292889,1,"IOTHUB_CLIENT_CONFIRMATION_OK"
13667,10418293042,10418293089,1,"IOTHUB_CLIENT_CONFIRMATION_OK"
13668,10418293242,10418293297,1,"IOTHUB_CLIENT_CONFIRMATION_OK"
13669,10418293442,10418293523,1,"IOTHUB_CLIENT_CONFIRMATION_OK"
13670,10418293642,10418293682,1,"IOTHUB_CLIENT_CONFIRMATION_OK"
13671,10418293842,10418293899,1,"IOTHUB_CLIENT_CONFIRMATION_OK"
13672,10418294043,10418294120,1,"IOTHUB_CLIENT_CONFIRMATION_OK"
13673,10418294243,10418294278,1,"IOTHUB_CLIENT_CONFIRMATION_OK"
13674,10418294443,10418294497,1,"IOTHUB_CLIENT_CONFIRMATION_OK"
13675,10418294643,10418294730,1,"IOTHUB_CLIENT_CONFIRMATION_OK"
13676,10418294843,10418294885,1,"IOTHUB_CLIENT_CONFIRMATION_OK"
13677,10418295043,10418295116,1,"IOTHUB_CLIENT_CONFIRMATION_OK"
13678,10418295243,10418295336,1,"IOTHUB_CLIENT_CONFIRMATION_OK"
13679,10418295444,10418295482,1,"IOTHUB_CLIENT_CONFIRMATION_OK"
13680,10418295644,10418295691,1,"IOTHUB_CLIENT_CONFIRMATION_OK"
13681,10418295844,10418295923,1,"IOTHUB_CLIENT_CONFIRMATION_OK"
13682,10418296044,10418296085,1,"IOTHUB_CLIENT_CONFIRMATION_OK"
13683,10418296244,10418296293,1,"IOTHUB_CLIENT_CONFIRMATION_OK"
13684,10418296444,10418296487,1,"IOTHUB_CLIENT_CONFIRMATION_OK"
13685,10418296645,10418296705,1,"IOTHUB_CLIENT_CONFIRMATION_OK"
13686,10418296845,10418296889,1,"IOTHUB_CLIENT_CONFIRMATION_OK"
13687,10418297045,10418297126,1,"IOTHUB_CLIENT_CONFIRMATION_OK"
13688,10418297245,10418297371,1,"IOTHUB_CLIENT_CONFIRMATION_OK"
13689,10418297445,10418297487,1,"IOTHUB_CLIENT_CONFIRMATION_OK"
13690,10418297645,10418297699,1,"IOTHUB_CLIENT_CONFIRMATION_OK"
13691,10418297845,10418297978,1,"IOTHUB_CLIENT_CONFIRMATION_OK"
13692,10418298046,10418298082,1,"IOTHUB_CLIENT_CONFIRMATION_OK"
13693,10418298246,10418298284,1,"IOTHUB_CLIENT_CONFIRMATION_OK"
13694,10418298446,10418298488,1,"IOTHUB_CLIENT_CONFIRMATION_OK"
13695,10418298646,10418298691,1,"IOTHUB_CLIENT_CONFIRMATION_OK"
13696,10418298846,10418298891,1,"IOTHUB_CLIENT_CONFIRMATION_OK"
13697,10418299046,10418299097,1,"IOTHUB_CLIENT_CONFIRMATION_OK"
13698,10418299247,10418299290,1,"IOTHUB_CLIENT_CONFIRMATION_OK"
13699,10418299447,10418299496,1,"IOTHUB_CLIENT_CONFIRMATION_OK"
13700,10418299647,10418299691,1,"IOTHUB_CLIENT_CONFIRMATION_OK"
13701,10418299847,10418299884,1,"IOTHUB_CLIENT_CONFIRMATION_OK"
13702,10418300047,10418300101,1,"IOTHUB_CLIENT_CONFIRMATION_OK"
13703,10418300247,10418300296,1,"IOTHUB_CLIENT_CONFIRMATION_OK"
13704,10418300448,10418300487,1,"IOTHUB_CLIENT_CONFIRMATION_OK"
13705,10418300648,10418300706,1,"IOTHUB_CLIENT_CONFIRMATION_OK"
13706,10418300848,10418300981,1,"IOTHUB_CLIENT_CONFIRMATION_OK"
13707,10418301048,10418301231,1,"IOTHUB_CLIENT_CONFIRMATION_OK"
13708,10418301248,10418301301,1,"IOTHUB_CLIENT_CONFIRMATION_OK"
13709,10418301448,10418301508,1,"IOTHUB_CLIENT_CONFIRMATION_OK"
13710,10418301648,10418301685,1,"IOTHUB_CLIENT_CONFIRMATION_OK"
13711,10418301849,10418301913,1,"IOTHUB_CLIENT_CONFIRMATION_OK"
13712,10418302049,10418302092,1,"IOTHUB_CLIENT_CONFIRMATION_OK"
13713,10418302249,10418302294,1,"IOTHUB_CLIENT_CONFIRMATION_OK"
13714,10418302449,10418302488,1,"IOTHUB_CLIENT_CONFIRMATION_OK"
13715,10418302649,10418302690,1,"IOTHUB_CLIENT_CONFIRMATION_OK"
13716,10418302849,10418302901,1,"IOTHUB_CLIENT_CONFIRMATION_OK"
13717,10418303050,10418303096,1,"IOTHUB_CLIENT_CONFIRMATION_OK"
13718,10418303250,10418303297,1,"IOTHUB_CLIENT_CONFIRMATION_OK"
13719,10418303450,10418303496,1,"IOTHUB_CLIENT_CONFIRMATION_OK"
13720,10418303650,10418303700,1,"IOTHUB_CLIENT_CONFIRMATION_OK"
13721,10418303850,10418303920,1,"IOTHUB_CLIENT_CONFIRMATION_OK"
13722,10418304050,10418304084,1,"IOTHUB_CLIENT_CONFIRMATION_OK"
13723,10418304251,10418304311,1,"IOTHUB_CLIENT_CONFIRMATION_OK"
13724,10418304451,10418304615,1,"IOTHUB_CLIENT_CONFIRMATION_OK"
13725,10418304651,10418304709,1,"IOTHUB_CLIENT_CONFIRMATION_OK"
13726,10418304851,10418304891,1,"IOTHUB_CLIENT_CONFIRMATION_OK"
13727,10418305051,10418305097,1,"IOTHUB_CLIENT_CONFIRMATION_OK"
13728,10418305251,10418305293,1,"IOTHUB_CLIENT_CONFIRMATION_OK"
13729,10418305451,10418305523,1,"IOTHUB_CLIENT_CONFIRMATION_OK"
13730,10418305652,10418305700,1,"IOTHUB_CLIENT_CONFIRMATION_OK"
13731,10418305852,10418305905,1,"IOTHUB_CLIENT_CONFIRMATION_OK"
13732,10418306052,10418306092,1,"IOTHUB_CLIENT_CONFIRMATION_OK"
13733,10418306252,10418306295,1,"IOTHUB_CLIENT_CONFIRMATION_OK"
13734,10418306452,10418306492,1,"IOTHUB_CLIENT_CONFIRMATION_OK"
13735,10418306652,10418306695,1,"IOTHUB_CLIENT_CONFIRMATION_OK"
13736,10418306853,10418307043,1,"IOTHUB_CLIENT_CONFIRMATION_OK"
13737,10418307053,10418307100,1,"IOTHUB_CLIENT_CONFIRMATION_OK"
13738,10418307253,10418307309,1,"IOTHUB_CLIENT_CONFIRMATION_OK"
13739,10418307453,10418307501,1,"IOTHUB_CLIENT_CONFIRMATION_OK"
13740,10418307653,10418307701,1,"IOTHUB_CLIENT_CONFIRMATION_OK"
13741,10418307853,10418307890,1,"IOTHUB_CLIENT_CONFIRMATION_OK"
13742,10418308054,10418308088,1,"IOTHUB_CLIENT_CONFIRMATION_OK"
13743,10418308254,10418308294,1,"IOTHUB_CLIENT_CONFIRMATION_OK"
13744,10418308454,10418308503,1,"IOTHUB_CLIENT_CONFIRMATION_OK"
13745,10418308654,10418308690,1,"IOTHUB_CLIENT_CONFIRMATION_OK"
13746,10418308854,10418308895,1,"IOTHUB_CLIENT_CONFIRMATION_OK"
13747,10418309054,10418309091,1,"IOTHUB_CLIENT_CONFIRMATION_OK"
13748,10418309255,10418309297,1,"IOTHUB_CLIENT_CONFIRMATION_OK"
13749,10418309455,10418309495,1,"IOTHUB_CLIENT_CONFIRMATION_OK"
13750,10418309655,10418309704,1,"IOTHUB_CLIENT_CONFIRMATION_OK"
13751,10418309855,10418309899,1,"IOTHUB_CLIENT_CONFIRMATION_OK"
13752,10418310055,10418310105,1,"IOTHUB_CLIENT_CONFIRMATION_OK"
13753,10418310256,10418310300,1,"IOTHUB_CLIENT_CONFIRMATION_OK"
13754,10418310456,10418310608,1,"IOTHUB_CLIENT_CONFIRMATION_OK"
13755,10418310656,10418310699,1,"IOTHUB_CLIENT_CONFIRMATION_OK"
13756,10418310856,10418310920,1,"IOTHUB_CLIENT_CONFIRMATION_OK"
13757,10418311056,10418311102,1,"IOTHUB_CLIENT_CONFIRMATION_OK"
13758,10418311256,10418311308,1,"IOTHUB_CLIENT_CONFIRMATION_OK"
13759,10418311457,10418311554,1,"IOTHUB_CLIENT_CONFIRMATION_OK"
13760,10418311657,10418311693,1,"IOTHUB_CLIENT_CONFIRMATION_OK"
13761,10418311857,10418311908,1,"IOTHUB_CLIENT_CONFIRMATION_OK"
13762,10418312057,10418312163,1,"IOTHUB_CLIENT_CONFIRMATION_OK"
13763,10418312257,10418312300,1,"IOTHUB_CLIENT_CONFIRMATION_OK"
13764,10418312457,10418312502,1,"IOTHUB_CLIENT_CONFIRMATION_OK"
13765,10418312657,10418312756,1,"IOTHUB_CLIENT_CONFIRMATION_OK"
13766,10418312858,10418312906,1,"IOTHUB_CLIENT_CONFIRMATION_OK"
13767,10418313058,10418313149,1,"IOTHUB_CLIENT_CONFIRMATION_OK"
13768,10418313258,10418313294,1,"IOTHUB_CLIENT_CONFIRMATION_OK"
13769,10418313458,10418313501,1,"IOTHUB_CLIENT_CONFIRMATION_OK"
13770,10418313658,10418313701,1,"IOTHUB_CLIENT_CONFIRMATION_OK"
13771,10418313858,10418313915,1,"IOTHUB_CLIENT_CONFIRMATION_OK"
13772,10418314059,10418314103,1,"IOTHUB_CLIENT_CONFIRMATION_OK"
13773,10418314259,10418314302,1,"IOTHUB_CLIENT_CONFIRMATION_OK"
13774,10418314459,10418314502,1,"IOTHUB_CLIENT_CONFIRMATION_OK"
13775,10418314659,10418314703,1,"IOTHUB_CLIENT_CONFIRMATION_OK"
13776,10418314859,10418314900,1,"IOTHUB_CLIENT_CONFIRMATION_OK"
13777,10418315059,10418315101,1,"IOTHUB_CLIENT_CONFIRMATION_OK"
13778,10418315259,10418315450,1,"IOTHUB_CLIENT_CONFIRMATION_OK"
13779,10418315460,10418315513,1,"IOTHUB_CLIENT_CONFIRMATION_OK"
13780,10418315660,10418315699,1,"IOTHUB_CLIENT_CONFIRMATION_OK"
13781,10418315860,10418315919,1,"IOTHUB_CLIENT_CONFIRMATION_OK"
13782,10418316060,10418316128,1,"IOTHUB_CLIENT_CONFIRMATION_OK"
13783,10418316260,10418316302,1,"IOTHUB_CLIENT_CONFIRMATION_OK"
13784,10418316460,10418316509,1,"IOTHUB_CLIENT_CONFIRMATION_OK"
13785,10418316661,10418316701,1,"IOTHUB_CLIENT_CONFIRMATION_OK"
13786,10418316861,10418316934,1,"IOTHUB_CLIENT_CONFIRMATION_OK"
13787,10418317061,10418317101,1,"IOTHUB_CLIENT_CONFIRMATION_OK"
13788,10418317261,10418317321,1,"IOTHUB_CLIENT_CONFIRMATION_OK"
13789,10418317461,10418317503,1,"IOTHUB_CLIENT_CONFIRMATION_OK"
13790,10418317661,10418317697,1,"IOTHUB_CLIENT_CONFIRMATION_OK"
13791,10418317861,10418317901,1,"IOTHUB_CLIENT_CONFIRMATION_OK"
13792,10418318062,10418318102,1,"IOTHUB_CLIENT_CONFIRMATION_OK"
13793,10418318262,10418318312,1,"IOTHUB_CLIENT_CONFIRMATION_OK"
13794,10418318462,10418318498,1,"IOTHUB_CLIENT_CONFIRMATION_OK"
13795,10418318662,10418318703,1,"IOTHUB_CLIENT_CONFIRMATION_OK"
13796,10418318862,10418318972,1,"IOTHUB_CLIENT_CONFIRMATION_OK"
13797,10418319062,10418319110,1,"IOTHUB_CLIENT_CONFIRMATION_OK"
13798,10418319263,10418319309,1,"IOTHUB_CLIENT_CONFIRMATION_OK"
13799,10418319463,10418319506,1,"IOTHUB_CLIENT_CONFIRMATION_OK"
13800,10418319663,10418319708,1,"IOTHUB_CLIENT_CONFIRMATION_OK"
13801,10418319863,10418319908,1,"IOTHUB_CLIENT_CONFIRMATION_OK"
13802,10418320063,10418320119,1,"IOTHUB_CLIENT_CONFIRMATION_OK"
13803,10418320263,10418320330,1,"IOTHUB_CLIENT_CONFIRMATION_OK"
13804,10418320463,10418320508,1,"IOTHUB_CLIENT_CONFIRMATION_OK"
13805,10418320664,10418320702,1,"IOTHUB_CLIENT_CONFIRMATION_OK"
13806,10418320864,10418320904,1,"IOTHUB_CLIENT_CONFIRMATION_OK"
13807,10418321064,10418321233,1,"IOTHUB_CLIENT_CONFIRMATION_OK"
13808,10418321264,10418321309,1,"IOTHUB_CLIENT_CONFIRMATION_OK"
13809,10418321464,10418321512,1,"IOTHUB_CLIENT_CONFIRMATION_OK"
13810,10418321664,10418321712,1,"IOTHUB_CLIENT_CONFIRMATION_OK"
13811,10418321865,10418321903,1,"IOTHUB_CLIENT_CONFIRMATION_OK"
13812,10418322065,10418322110,1,"IOTHUB_CLIENT_CONFIRMATION_OK"
13813,10418322265,10418322314,1,"IOTHUB_CLIENT_CONFIRMATION_OK"
13814,10418322465,10418322508,1,"IOTHUB_CLIENT_CONFIRMATION_OK"
13815,10418322665,10418322711,1,"IOTHUB_CLIENT_CONFIRMATION_OK"
13816,10418322865,10418322908,1,"IOTHUB_CLIENT_CONFIRMATION_OK"
13817,10418323066,10418323135,1,"IOTHUB_CLIENT_CONFIRMATION_OK"
13818,10418323266,10418323309,1,"IOTHUB_CLIENT_CONFIRMATION_OK"
13819,10418323466,10418323514,1,"IOTHUB_CLIENT_CONFIRMATION_OK"
13820,10418323666,10418323761,1,"IOTHUB_CLIENT_CONFIRMATION_OK"
13821,10418323866,10418323909,1,"IOTHUB_CLIENT_CONFIRMATION_OK"
13822,10418324066,10418324152,1,"IOTHUB_CLIENT_CONFIRMATION_OK"
13823,10418324266,10418324306,1,"IOTHUB_CLIENT_CONFIRMATION_OK"
13824,10418324467,10418324532,1,"IOTHUB_CLIENT_CONFIRMATION_OK"
13825,10418324667,10418324706,1,"IOTHUB_CLIENT_CONFIRMATION_OK"
13826,10418324867,10418324975,1,"IOTHUB_CLIENT_CONFIRMATION_OK"
13827,10418325067,10418325105,1,"IOTHUB_CLIENT_CONFIRMATION_OK"
13828,10418325267,10418325321,1,"IOTHUB_CLIENT_CONFIRMATION_OK"
13829,10418325467,10418325506,1,"IOTHUB_CLIENT_CONFIRMATION_OK"
13830,10418325668,10418325718,1,"IOTHUB_CLIENT_CONFIRMATION_OK"
13831,10418325868,10418325910,1,"IOTHUB_CLIENT_CONFIRMATION_OK"
13832,10418326068,10418326107,1,"IOTHUB_CLIENT_CONFIRMATION_OK"
13833,10418326268,10418326429,1,"IOTHUB_CLIENT_CONFIRMATION_OK"
13834,10418326468,10418326506,1,"IOTHUB_CLIENT_CONFIRMATION_OK"
13835,10418326668,10418326717,1,"IOTHUB_CLIENT_CONFIRMATION_OK"
13836,10418326868,10418327030,1,"IOTHUB_CLIENT_CONFIRMATION_OK"
13837,10418327069,10418327133,1,"IOTHUB_CLIENT_CONFIRMATION_OK"
13838,10418327269,10418327312,1,"IOTHUB_CLIENT_CONFIRMATION_OK"
13839,10418327469,10418327507,1,"IOTHUB_CLIENT_CONFIRMATION_OK"
13840,10418327669,10418327710,1,"IOTHUB_CLIENT_CONFIRMATION_OK"
13841,10418327869,10418327909,1,"IOTHUB_CLIENT_CONFIRMATION_OK"
13842,10418328069,10418328140,1,"IOTHUB_CLIENT_CONFIRMATION_OK"
13843,10418328270,10418328388,1,"IOTHUB_CLIENT_CONFIRMATION_OK"
13844,10418328470,10418328511,1,"IOTHUB_CLIENT_CONFIRMATION_OK"
13845,10418328670,10418328714,1,"IOTHUB_CLIENT_CONFIRMATION_OK"
13846,10418328870,10418329003,1,"IOTHUB_CLIENT_CONFIRMATION_OK"
13847,10418329070,10418329114,1,"IOTHUB_CLIENT_CONFIRMATION_OK"
13848,10418329270,10418329321,1,"IOTHUB_CLIENT_CONFIRMATION_OK"
13849,10418329471,10418329608,1,"IOTHUB_CLIENT_CONFIRMATION_OK"
13850,10418329671,10418329721,1,"IOTHUB_CLIENT_CONFIRMATION_OK"
13851,10418329871,10418329914,1,"IOTHUB_CLIENT_CONFIRMATION_OK"
13852,10418330071,10418330139,1,"IOTHUB_CLIENT_CONFIRMATION_OK"
13853,10418330271,10418330368,1,"IOTHUB_CLIENT_CONFIRMATION_OK"
13854,10418330471,10418330519,1,"IOTHUB_CLIENT_CONFIRMATION_OK"
13855,10418330672,10418330719,1,"IOTHUB_CLIENT_CONFIRMATION_OK"
13856,10418330872,10418330920,1,"IOTHUB_CLIENT_CONFIRMATION_OK"
13857,10418331072,10418331133,1,"IOTHUB_CLIENT_CONFIRMATION_OK"
13858,10418331272,10418331320,1,"IOTHUB_CLIENT_CONFIRMATION_OK"
13859,10418331473,10418331553,1,"IOTHUB_CLIENT_CONFIRMATION_OK"
13860,10418331673,10418331710,1,"IOTHUB_CLIENT_CONFIRMATION_OK"
13861,10418331873,10418331914,1,"IOTHUB_CLIENT_CONFIRMATION_OK"
13862,10418332073,10418332157,1,"IOTHUB_CLIENT_CONFIRMATION_OK"
13863,10418332273,10418332334,1,"IOTHUB_CLIENT_CONFIRMATION_OK"
13864,10418332473,10418332515,1,"IOTHUB_CLIENT_CONFIRMATION_OK"
13865,10418332674,10418332784,1,"IOTHUB_CLIENT_CONFIRMATION_OK"
13866,10418332874,10418332908,1,"IOTHUB_CLIENT_CONFIRMATION_OK"
13867,10418333074,10418333112,1,"IOTHUB_CLIENT_CONFIRMATION_OK"
13868,10418333274,10418333316,1,"IOTHUB_CLIENT_CONFIRMATION_OK"
13869,10418333474,10418333508,1,"IOTHUB_CLIENT_CONFIRMATION_OK"
13870,10418333674,10418333716,1,"IOTHUB_CLIENT_CONFIRMATION_OK"
13871,10418333875,10418333933,1,"IOTHUB_CLIENT_CONFIRMATION_OK"
13872,10418334075,10418334120,1,"IOTHUB_CLIENT_CONFIRMATION_OK"
13873,10418334275,10418334323,1,"IOTHUB_CLIENT_CONFIRMATION_OK"
13874,10418334475,10418334531,1,"IOTHUB_CLIENT_CONFIRMATION_OK"
13875,10418334675,10418334811,1,"IOTHUB_CLIENT_CONFIRMATION_OK"
13876,10418334875,10418334931,1,"IOTHUB_CLIENT_CONFIRMATION_OK"
13877,10418335075,10418335114,1,"IOTHUB_CLIENT_CONFIRMATION_OK"
13878,10418335276,10418335416,1,"IOTHUB_CLIENT_CONFIRMATION_OK"
13879,10418335476,10418335512,1,"IOTHUB_CLIENT_CONFIRMATION_OK"
13880,10418335676,10418335711,1,"IOTHUB_CLIENT_CONFIRMATION_OK"
13881,10418335876,10418335914,1,"IOTHUB_CLIENT_CONFIRMATION_OK"
13882,10418336076,10418336117,1,"IOTHUB_CLIENT_CONFIRMATION_OK"
13883,10418336276,10418336322,1,"IOTHUB_CLIENT_CONFIRMATION_OK"
13884,10418336477,10418336518,1,"IOTHUB_CLIENT_CONFIRMATION_OK"
13885,10418336677,10418336732,1,"IOTHUB_CLIENT_CONFIRMATION_OK"
13886,10418336877,10418336922,1,"IOTHUB_CLIENT_CONFIRMATION_OK"
13887,10418337077,10418337144,1,"IOTHUB_CLIENT_CONFIRMATION_OK"
13888,10418337277,10418337336,1,"IOTHUB_CLIENT_CONFIRMATION_OK"
13889,10418337477,10418337513,1,"IOTHUB_CLIENT_CONFIRMATION_OK"
13890,10418337677,10418337745,1,"IOTHUB_CLIENT_CONFIRMATION_OK"
13891,10418337878,10418337947,1,"IOTHUB_CLIENT_CONFIRMATION_OK"
13892,10418338078,10418338381,1,"IOTHUB_CLIENT_CONFIRMATION_OK"
13893,10418338278,10418338422,1,"IOTHUB_CLIENT_CONFIRMATION_OK"
13894,10418338478,10418338522,1,"IOTHUB_CLIENT_CONFIRMATION_OK"
13895,10418338678,10418338724,1,"IOTHUB_CLIENT_CONFIRMATION_OK"
13896,10418338878,10418338921,1,"IOTHUB_CLIENT_CONFIRMATION_OK"
13897,10418339079,10418339250,1,"IOTHUB_CLIENT_CONFIRMATION_OK"
13898,10418339279,10418339434,1,"IOTHUB_CLIENT_CONFIRMATION_OK"
13899,10418339479,10418339520,1,"IOTHUB_CLIENT_CONFIRMATION_OK"
13900,10418339679,10418339722,1,"IOTHUB_CLIENT_CONFIRMATION_OK"
13901,10418339879,10418339918,1,"IOTHUB_CLIENT_CONFIRMATION_OK"
13902,10418340079,10418340126,1,"IOTHUB_CLIENT_CONFIRMATION_OK"
13903,10418340279,10418340324,1,"IOTHUB_CLIENT_CONFIRMATION_OK"
13904,10418340480,10418340626,1,"IOTHUB_CLIENT_CONFIRMATION_OK"
13905,10418340680,10418340726,1,"IOTHUB_CLIENT_CONFIRMATION_OK"
13906,10418340880,10418340922,1,"IOTHUB_CLIENT_CONFIRMATION_OK"
13907,10418341080,10418341263,1,"IOTHUB_CLIENT_CONFIRMATION_OK"
13908,10418341280,10418341326,1,"IOTHUB_CLIENT_CONFIRMATION_OK"
13909,10418341480,10418341571,1,"IOTHUB_CLIENT_CONFIRMATION_OK"
13910,10418341681,10418341740,1,"IOTHUB_CLIENT_CONFIRMATION_OK"
13911,10418341881,10418341926,1,"IOTHUB_CLIENT_CONFIRMATION_OK"
13912,10418342081,10418342124,1,"IOTHUB_CLIENT_CONFIRMATION_OK"
13913,10418342281,10418342321,1,"IOTHUB_CLIENT_CONFIRMATION_OK"
13914,10418342481,10418342522,1,"IOTHUB_CLIENT_CONFIRMATION_OK"
13915,10418342681,10418342716,1,"IOTHUB_CLIENT_CONFIRMATION_OK"
13916,10418342882,10418342967,1,"IOTHUB_CLIENT_CONFIRMATION_OK"
13917,10418343082,10418343141,1,"IOTHUB_CLIENT_CONFIRMATION_OK"
13918,10418343282,10418343322,1,"IOTHUB_CLIENT_CONFIRMATION_OK"
13919,10418343482,10418343519,1,"IOTHUB_CLIENT_CONFIRMATION_OK"
13920,10418343682,10418343725,1,"IOTHUB_CLIENT_CONFIRMATION_OK"
13921,10418343882,10418343930,1,"IOTHUB_CLIENT_CONFIRMATION_OK"
13922,10418344082,10418344117,1,"IOTHUB_CLIENT_CONFIRMATION_OK"
13923,10418344283,10418344330,1,"IOTHUB_CLIENT_CONFIRMATION_OK"
13924,10418344483,10418344528,1,"IOTHUB_CLIENT_CONFIRMATION_OK"
13925,10418344683,10418344732,1,"IOTHUB_CLIENT_CONFIRMATION_OK"
13926,10418344883,10418344928,1,"IOTHUB_CLIENT_CONFIRMATION_OK"
13927,10418345083,10418345152,1,"IOTHUB_CLIENT_CONFIRMATION_OK"
13928,10418345283,10418345340,1,"IOTHUB_CLIENT_CONFIRMATION_OK"
13929,10418345484,10418345551,1,"IOTHUB_CLIENT_CONFIRMATION_OK"
13930,10418345684,10418345753,1,"IOTHUB_CLIENT_CONFIRMATION_OK"
13931,10418345884,10418345925,1,"IOTHUB_CLIENT_CONFIRMATION_OK"
13932,10418346084,10418346126,1,"IOTHUB_CLIENT_CONFIRMATION_OK"
13933,10418346284,10418346386,1,"IOTHUB_CLIENT_CONFIRMATION_OK"
13934,10418346484,10418346527,1,"IOTHUB_CLIENT_CONFIRMATION_OK"
13935,10418346685,10418346728,1,"IOTHUB_CLIENT_CONFIRMATION_OK"
13936,10418346885,10418347000,1,"IOTHUB_CLIENT_CONFIRMATION_OK"
13937,10418347085,10418347131,1,"IOTHUB_CLIENT_CONFIRMATION_OK"
13938,10418347285,10418347332,1,"IOTHUB_CLIENT_CONFIRMATION_OK"
13939,10418347485,10418347524,1,"IOTHUB_CLIENT_CONFIRMATION_OK"
13940,10418347685,10418347734,1,"IOTHUB_CLIENT_CONFIRMATION_OK"
13941,10418347885,10418347949,1,"IOTHUB_CLIENT_CONFIRMATION_OK"
13942,10418348086,10418348145,1,"IOTHUB_CLIENT_CONFIRMATION_OK"
13943,10418348286,10418348326,1,"IOTHUB_CLIENT_CONFIRMATION_OK"
13944,10418348486,10418348531,1,"IOTHUB_CLIENT_CONFIRMATION_OK"
13945,10418348686,10418348727,1,"IOTHUB_CLIENT_CONFIRMATION_OK"
13946,10418348886,10418348946,1,"IOTHUB_CLIENT_CONFIRMATION_OK"
13947,10418349086,10418349124,1,"IOTHUB_CLIENT_CONFIRMATION_OK"
13948,10418349287,10418349331,1,"IOTHUB_CLIENT_CONFIRMATION_OK"
13949,10418349487,10418349534,1,"IOTHUB_CLIENT_CONFIRMATION_OK"
13950,10418349687,10418349734,1,"IOTHUB_CLIENT_CONFIRMATION_OK"
13951,10418349887,10418349929,1,"IOTHUB_CLIENT_CONFIRMATION_OK"
13952,10418350087,10418350141,1,"IOTHUB_CLIENT_CONFIRMATION_OK"
13953,10418350287,10418350334,1,"IOTHUB_CLIENT_CONFIRMATION_OK"
13954,10418350488,10418350522,1,"IOTHUB_CLIENT_CONFIRMATION_OK"
13955,10418350688,10418350731,1,"IOTHUB_CLIENT_CONFIRMATION_OK"
13956,10418350888,10418351024,1,"IOTHUB_CLIENT_CONFIRMATION_OK"
13957,10418351088,10418351124,1,"IOTHUB_CLIENT_CONFIRMATION_OK"
13958,10418351288,10418351329,1,"IOTHUB_CLIENT_CONFIRMATION_OK"
13959,10418351488,10418351540,1,"IOTHUB_CLIENT_CONFIRMATION_OK"
13960,10418351688,10418351754,1,"IOTHUB_CLIENT_CONFIRMATION_OK"
13961,10418351889,10418351935,1,"IOTHUB_CLIENT_CONFIRMATION_OK"
13962,10418352089,10418352265,1,"IOTHUB_CLIENT_CONFIRMATION_OK"
13963,10418352289,10418352333,1,"IOTHUB_CLIENT_CONFIRMATION_OK"
13964,10418352489,10418352529,1,"IOTHUB_CLIENT_CONFIRMATION_OK"
13965,10418352689,10418352867,1,"IOTHUB_CLIENT_CONFIRMATION_OK"
13966,10418352889,10418352946,1,"IOTHUB_CLIENT_CONFIRMATION_OK"
13967,10418353090,10418353133,1,"IOTHUB_CLIENT_CONFIRMATION_OK"
13968,10418353290,10418353337,1,"IOTHUB_CLIENT_CONFIRMATION_OK"
13969,10418353490,10418353544,1,"IOTHUB_CLIENT_CONFIRMATION_OK"
13970,10418353690,10418353732,1,"IOTHUB_CLIENT_CONFIRMATION_OK"
13971,10418353890,10418353936,1,"IOTHUB_CLIENT_CONFIRMATION_OK"
13972,10418354090,10418354139,1,"IOTHUB_CLIENT_CONFIRMATION_OK"
13973,10418354291,10418354332,1,"IOTHUB_CLIENT_CONFIRMATION_OK"
13974,10418354491,10418354562,1,"IOTHUB_CLIENT_CONFIRMATION_OK"
13975,10418354691,10418354746,1,"IOTHUB_CLIENT_CONFIRMATION_OK"
13976,10418354891,10418354928,1,"IOTHUB_CLIENT_CONFIRMATION_OK"
13977,10418355091,10418355144,1,"IOTHUB_CLIENT_CONFIRMATION_OK"
13978,10418355291,10418355387,1,"IOTHUB_CLIENT_CONFIRMATION_OK"
13979,10418355492,10418355558,1,"IOTHUB_CLIENT_CONFIRMATION_OK"
13980,10418355692,10418355730,1,"IOTHUB_CLIENT_CONFIRMATION_OK"
13981,10418355892,10418355951,1,"IOTHUB_CLIENT_CONFIRMATION_OK"
13982,10418356092,10418356137,1,"IOTHUB_CLIENT_CONFIRMATION_OK"
13983,10418356292,10418356352,1,"IOTHUB_CLIENT_CONFIRMATION_OK"
13984,10418356493,10418356545,1,"IOTHUB_CLIENT_CONFIRMATION_OK"
13985,10418356693,10418356748,1,"IOTHUB_CLIENT_CONFIRMATION_OK"
13986,10418356893,10418357010,1,"IOTHUB_CLIENT_CONFIRMATION_OK"
13987,10418357093,10418357138,1,"IOTHUB_CLIENT_CONFIRMATION_OK"
13988,10418357293,10418357359,1,"IOTHUB_CLIENT_CONFIRMATION_OK"
13989,10418357493,10418357537,1,"IOTHUB_CLIENT_CONFIRMATION_OK"
13990,10418357693,10418357742,1,"IOTHUB_CLIENT_CONFIRMATION_OK"
13991,10418357894,10418358037,1,"IOTHUB_CLIENT_CONFIRMATION_OK"
13992,10418358094,10418358142,1,"IOTHUB_CLIENT_CONFIRMATION_OK"
13993,10418358294,10418358335,1,"IOTHUB_CLIENT_CONFIRMATION_OK"
13994,10418358494,10418358541,1,"IOTHUB_CLIENT_CONFIRMATION_OK"
13995,10418358694,10418358736,1,"IOTHUB_CLIENT_CONFIRMATION_OK"
13996,10418358894,10418358940,1,"IOTHUB_CLIENT_CONFIRMATION_OK"
13997,10418359095,10418359134,1,"IOTHUB_CLIENT_CONFIRMATION_OK"
13998,10418359295,10418359339,1,"IOTHUB_CLIENT_CONFIRMATION_OK"
13999,10418359495,10418359561,1,"IOTHUB_CLIENT_CONFIRMATION_OK"
14000,10418359695,10418359732,1,"IOTHUB_CLIENT_CONFIRMATION_OK"
14001,10418359895,10418359936,1,"IOTHUB_CLIENT_CONFIRMATION_OK"
14002,10418360095,10418360139,1,"IOTHUB_CLIENT_CONFIRMATION_OK"
14003,10418360295,10418360342,1,"IOTHUB_CLIENT_CONFIRMATION_OK"
14004,10418360496,10418360550,1,"IOTHUB_CLIENT_CONFIRMATION_OK"
14005,10418360696,10418360744,1,"IOTHUB_CLIENT_CONFIRMATION_OK"
14006,10418360896,10418360946,1,"IOTHUB_CLIENT_CONFIRMATION_OK"
14007,10418361096,10418361322,1,"IOTHUB_CLIENT_CONFIRMATION_OK"
14008,10418361296,10418361372,1,"IOTHUB_CLIENT_CONFIRMATION_OK"
14009,10418361496,10418361545,1,"IOTHUB_CLIENT_CONFIRMATION_OK"
14010,10418361697,10418361741,1,"IOTHUB_CLIENT_CONFIRMATION_OK"
14011,10418361897,10418361938,1,"IOTHUB_CLIENT_CONFIRMATION_OK"
14012,10418362097,10418362136,1,"IOTHUB_CLIENT_CONFIRMATION_OK"
14013,10418362297,10418362337,1,"IOTHUB_CLIENT_CONFIRMATION_OK"
14014,10418362497,10418362546,1,"IOTHUB_CLIENT_CONFIRMATION_OK"
14015,10418362697,10418362759,1,"IOTHUB_CLIENT_CONFIRMATION_OK"
14016,10418362897,10418362932,1,"IOTHUB_CLIENT_CONFIRMATION_OK"
14017,10418363098,10418363139,1,"IOTHUB_CLIENT_CONFIRMATION_OK"
14018,10418363298,10418363352,1,"IOTHUB_CLIENT_CONFIRMATION_OK"
14019,10418363498,10418363551,1,"IOTHUB_CLIENT_CONFIRMATION_OK"
14020,10418363698,10418363794,1,"IOTHUB_CLIENT_CONFIRMATION_OK"
14021,10418363898,10418363973,1,"IOTHUB_CLIENT_CONFIRMATION_OK"
14022,10418364098,10418364135,1,"IOTHUB_CLIENT_CONFIRMATION_OK"
14023,10418364299,10418364368,1,"IOTHUB_CLIENT_CONFIRMATION_OK"
14024,10418364499,10418364537,1,"IOTHUB_CLIENT_CONFIRMATION_OK"
14025,10418364699,10418364736,1,"IOTHUB_CLIENT_CONFIRMATION_OK"
14026,10418364899,10418364940,1,"IOTHUB_CLIENT_CONFIRMATION_OK"
14027,10418365099,10418365138,1,"IOTHUB_CLIENT_CONFIRMATION_OK"
14028,10418365299,10418365335,1,"IOTHUB_CLIENT_CONFIRMATION_OK"
14029,10418365499,10418365541,1,"IOTHUB_CLIENT_CONFIRMATION_OK"
14030,10418365700,10418365768,1,"IOTHUB_CLIENT_CONFIRMATION_OK"
14031,10418365900,10418365944,1,"IOTHUB_CLIENT_CONFIRMATION_OK"
14032,10418366100,10418366149,1,"IOTHUB_CLIENT_CONFIRMATION_OK"
14033,10418366300,10418366458,1,"IOTHUB_CLIENT_CONFIRMATION_OK"
14034,10418366500,10418366544,1,"IOTHUB_CLIENT_CONFIRMATION_OK"
14035,10418366700,10418366742,1,"IOTHUB_CLIENT_CONFIRMATION_OK"
14036,10418366901,10418367065,1,"IOTHUB_CLIENT_CONFIRMATION_OK"
14037,10418367101,10418367148,1,"IOTHUB_CLIENT_CONFIRMATION_OK"
14038,10418367301,10418367362,1,"IOTHUB_CLIENT_CONFIRMATION_OK"
14039,10418367501,10418367549,1,"IOTHUB_CLIENT_CONFIRMATION_OK"
14040,10418367701,10418367750,1,"IOTHUB_CLIENT_CONFIRMATION_OK"
14041,10418367901,10418367956,1,"IOTHUB_CLIENT_CONFIRMATION_OK"
14042,10418368101,10418368154,1,"IOTHUB_CLIENT_CONFIRMATION_OK"
14043,10418368302,10418368354,1,"IOTHUB_CLIENT_CONFIRMATION_OK"
14044,10418368502,10418368550,1,"IOTHUB_CLIENT_CONFIRMATION_OK"
14045,10418368702,10418368740,1,"IOTHUB_CLIENT_CONFIRMATION_OK"
14046,10418368902,10418368959,1,"IOTHUB_CLIENT_CONFIRMATION_OK"
14047,10418369102,10418369139,1,"IOTHUB_CLIENT_CONFIRMATION_OK"
14048,10418369302,10418369350,1,"IOTHUB_CLIENT_CONFIRMATION_OK"
14049,10418369503,10418369565,1,"IOTHUB_CLIENT_CONFIRMATION_OK"
14050,10418369703,10418369749,1,"IOTHUB_CLIENT_CONFIRMATION_OK"
14051,10418369903,10418369940,1,"IOTHUB_CLIENT_CONFIRMATION_OK"
14052,10418370103,10418370152,1,"IOTHUB_CLIENT_CONFIRMATION_OK"
14053,10418370303,10418370344,1,"IOTHUB_CLIENT_CONFIRMATION_OK"
14054,10418370503,10418370545,1,"IOTHUB_CLIENT_CONFIRMATION_OK"
14055,10418370703,10418370746,1,"IOTHUB_CLIENT_CONFIRMATION_OK"
14056,10418370904,10418370952,1,"IOTHUB_CLIENT_CONFIRMATION_OK"
14057,10418371104,10418371154,1,"IOTHUB_CLIENT_CONFIRMATION_OK"
14058,10418371304,10418371342,1,"IOTHUB_CLIENT_CONFIRMATION_OK"
14059,10418371504,10418371619,1,"IOTHUB_CLIENT_CONFIRMATION_OK"
14060,10418371704,10418371742,1,"IOTHUB_CLIENT_CONFIRMATION_OK"
14061,10418371904,10418371943,1,"IOTHUB_CLIENT_CONFIRMATION_OK"
14062,10418372105,10418372236,1,"IOTHUB_CLIENT_CONFIRMATION_OK"
14063,10418372305,10418372346,1,"IOTHUB_CLIENT_CONFIRMATION_OK"
14064,10418372505,10418372573,1,"IOTHUB_CLIENT_CONFIRMATION_OK"
14065,10418372705,10418372771,1,"IOTHUB_CLIENT_CONFIRMATION_OK"
14066,10418372905,10418372943,1,"IOTHUB_CLIENT_CONFIRMATION_OK"
14067,10418373105,10418373151,1,"IOTHUB_CLIENT_CONFIRMATION_OK"
14068,10418373305,10418373344,1,"IOTHUB_CLIENT_CONFIRMATION_OK"
14069,10418373506,10418373543,1,"IOTHUB_CLIENT_CONFIRMATION_OK"
14070,10418373706,10418373780,1,"IOTHUB_CLIENT_CONFIRMATION_OK"
14071,10418373906,10418373954,1,"IOTHUB_CLIENT_CONFIRMATION_OK"
14072,10418374106,10418374146,1,"IOTHUB_CLIENT_CONFIRMATION_OK"
14073,10418374306,10418374356,1,"IOTHUB_CLIENT_CONFIRMATION_OK"
14074,10418374506,10418374549,1,"IOTHUB_CLIENT_CONFIRMATION_OK"
14075,10418374707,10418374751,1,"IOTHUB_CLIENT_CONFIRMATION_OK"
14076,10418374907,10418374954,1,"IOTHUB_CLIENT_CONFIRMATION_OK"
14077,10418375107,10418375145,1,"IOTHUB_CLIENT_CONFIRMATION_OK"
14078,10418375307,10418375568,1,"IOTHUB_CLIENT_CONFIRMATION_OK"
14079,10418375507,10418375603,1,"IOTHUB_CLIENT_CONFIRMATION_OK"
14080,10418375707,10418375753,1,"IOTHUB_CLIENT_CONFIRMATION_OK"
14081,10418375908,10418375946,1,"IOTHUB_CLIENT_CONFIRMATION_OK"
14082,10418376108,10418376153,1,"IOTHUB_CLIENT_CONFIRMATION_OK"
14083,10418376308,10418376352,1,"IOTHUB_CLIENT_CONFIRMATION_OK"
14084,10418376508,10418376553,1,"IOTHUB_CLIENT_CONFIRMATION_OK"
14085,10418376708,10418376750,1,"IOTHUB_CLIENT_CONFIRMATION_OK"
14086,10418376908,10418376948,1,"IOTHUB_CLIENT_CONFIRMATION_OK"
14087,10418377109,10418377146,1,"IOTHUB_CLIENT_CONFIRMATION_OK"
14088,10418377309,10418377346,1,"IOTHUB_CLIENT_CONFIRMATION_OK"
14089,10418377509,10418377610,1,"IOTHUB_CLIENT_CONFIRMATION_OK"
14090,10418377709,10418377764,1,"IOTHUB_CLIENT_CONFIRMATION_OK"
14091,10418377909,10418377956,1,"IOTHUB_CLIENT_CONFIRMATION_OK"
14092,10418378109,10418378148,1,"IOTHUB_CLIENT_CONFIRMATION_OK"
14093,10418378310,10418378360,1,"IOTHUB_CLIENT_CONFIRMATION_OK"
14094,10418378510,10418378562,1,"IOTHUB_CLIENT_CONFIRMATION_OK"
14095,10418378710,10418378750,1,"IOTHUB_CLIENT_CONFIRMATION_OK"
14096,10418378910,10418378994,1,"IOTHUB_CLIENT_CONFIRMATION_OK"
14097,10418379110,10418379167,1,"IOTHUB_CLIENT_CONFIRMATION_OK"
14098,10418379311,10418379357,1,"IOTHUB_CLIENT_CONFIRMATION_OK"
14099,10418379511,10418379558,1,"IOTHUB_CLIENT_CONFIRMATION_OK"
14100,10418379711,10418379758,1,"IOTHUB_CLIENT_CONFIRMATION_OK"
14101,10418379911,10418379954,1,"IOTHUB_CLIENT_CONFIRMATION_OK"
14102,10418380111,10418380160,1,"IOTHUB_CLIENT_CONFIRMATION_OK"
14103,10418380311,10418380348,1,"IOTHUB_CLIENT_CONFIRMATION_OK"
14104,10418380512,10418380653,1,"IOTHUB_CLIENT_CONFIRMATION_OK"
14105,10418380712,10418380761,1,"IOTHUB_CLIENT_CONFIRMATION_OK"
14106,10418380912,10418380967,1,"IOTHUB_CLIENT_CONFIRMATION_OK"
14107,10418381112,10418381237,1,"IOTHUB_CLIENT_CONFIRMATION_OK"
14108,10418381312,10418381361,1,"IOTHUB_CLIENT_CONFIRMATION_OK"
14109,10418381512,10418381556,1,"IOTHUB_CLIENT_CONFIRMATION_OK"
14110,10418381712,10418381757,1,"IOTHUB_CLIENT_CONFIRMATION_OK"
14111,10418381913,10418381959,1,"IOTHUB_CLIENT_CONFIRMATION_OK"
14112,10418382113,10418382158,1,"IOTHUB_CLIENT_CONFIRMATION_OK"
14113,10418382313,10418382385,1,"IOTHUB_CLIENT_CONFIRMATION_OK"
14114,10418382513,10418382599,1,"IOTHUB_CLIENT_CONFIRMATION_OK"
14115,10418382713,10418382754,1,"IOTHUB_CLIENT_CONFIRMATION_OK"
14116,10418382913,10418382954,1,"IOTHUB_CLIENT_CONFIRMATION_OK"
14117,10418383114,10418383152,1,"IOTHUB_CLIENT_CONFIRMATION_OK"
14118,10418383314,10418383348,1,"IOTHUB_CLIENT_CONFIRMATION_OK"
14119,10418383514,10418383564,1,"IOTHUB_CLIENT_CONFIRMATION_OK"
14120,10418383714,10418383929,1,"IOTHUB_CLIENT_CONFIRMATION_OK"
14121,10418383914,10418383961,1,"IOTHUB_CLIENT_CONFIRMATION_OK"
14122,10418384114,10418384190,1,"IOTHUB_CLIENT_CONFIRMATION_OK"
14123,10418384314,10418384369,1,"IOTHUB_CLIENT_CONFIRMATION_OK"
14124,10418384515,10418384556,1,"IOTHUB_CLIENT_CONFIRMATION_OK"
14125,10418384715,10418384756,1,"IOTHUB_CLIENT_CONFIRMATION_OK"
14126,10418384915,10418384954,1,"IOTHUB_CLIENT_CONFIRMATION_OK"
14127,10418385115,10418385157,1,"IOTHUB_CLIENT_CONFIRMATION_OK"
14128,10418385315,10418385372,1,"IOTHUB_CLIENT_CONFIRMATION_OK"
14129,10418385515,10418385584,1,"IOTHUB_CLIENT_CONFIRMATION_OK"
14130,10418385716,10418385811,1,"IOTHUB_CLIENT_CONFIRMATION_OK"
14131,10418385916,10418385958,1,"IOTHUB_CLIENT_CONFIRMATION_OK"
14132,10418386116,10418386160,1,"IOTHUB_CLIENT_CONFIRMATION_OK"
14133,10418386316,10418386443,1,"IOTHUB_CLIENT_CONFIRMATION_OK"
14134,10418386516,10418386562,1,"IOTHUB_CLIENT_CONFIRMATION_OK"
14135,10418386716,10418386767,1,"IOTHUB_CLIENT_CONFIRMATION_OK"
14136,10418386917,10418387077,1,"IOTHUB_CLIENT_CONFIRMATION_OK"
14137,10418387117,10418387164,1,"IOTHUB_CLIENT_CONFIRMATION_OK"
14138,10418387317,10418387356,1,"IOTHUB_CLIENT_CONFIRMATION_OK"
14139,10418387517,10418387559,1,"IOTHUB_CLIENT_CONFIRMATION_OK"
14140,10418387717,10418387779,1,"IOTHUB_CLIENT_CONFIRMATION_OK"
14141,10418387917,10418387955,1,"IOTHUB_CLIENT_CONFIRMATION_OK"
14142,10418388118,10418388216,1,"IOTHUB_CLIENT_CONFIRMATION_OK"
14143,10418388318,10418388399,1,"IOTHUB_CLIENT_CONFIRMATION_OK"
14144,10418388518,10418388560,1,"IOTHUB_CLIENT_CONFIRMATION_OK"
14145,10418388718,10418388763,1,"IOTHUB_CLIENT_CONFIRMATION_OK"
14146,10418388918,10418388960,1,"IOTHUB_CLIENT_CONFIRMATION_OK"
14147,10418389118,10418389159,1,"IOTHUB_CLIENT_CONFIRMATION_OK"
14148,10418389318,10418389369,1,"IOTHUB_CLIENT_CONFIRMATION_OK"
14149,10418389519,10418389704,1,"IOTHUB_CLIENT_CONFIRMATION_OK"
14150,10418389719,10418389770,1,"IOTHUB_CLIENT_CONFIRMATION_OK"
14151,10418389919,10418389959,1,"IOTHUB_CLIENT_CONFIRMATION_OK"
14152,10418390119,10418390168,1,"IOTHUB_CLIENT_CONFIRMATION_OK"
14153,10418390319,10418390359,1,"IOTHUB_CLIENT_CONFIRMATION_OK"
14154,10418390519,10418390575,1,"IOTHUB_CLIENT_CONFIRMATION_OK"
14155,10418390720,10418390755,1,"IOTHUB_CLIENT_CONFIRMATION_OK"
14156,10418390920,10418390965,1,"IOTHUB_CLIENT_CONFIRMATION_OK"
14157,10418391120,10418391167,1,"IOTHUB_CLIENT_CONFIRMATION_OK"
14158,10418391320,10418391378,1,"IOTHUB_CLIENT_CONFIRMATION_OK"
14159,10418391520,10418391564,1,"IOTHUB_CLIENT_CONFIRMATION_OK"
14160,10418391720,10418391767,1,"IOTHUB_CLIENT_CONFIRMATION_OK"
14161,10418391921,10418391958,1,"IOTHUB_CLIENT_CONFIRMATION_OK"
14162,10418392121,10418392179,1,"IOTHUB_CLIENT_CONFIRMATION_OK"
14163,10418392321,10418392371,1,"IOTHUB_CLIENT_CONFIRMATION_OK"
14164,10418392521,10418392562,1,"IOTHUB_CLIENT_CONFIRMATION_OK"
14165,10418392721,10418392781,1,"IOTHUB_CLIENT_CONFIRMATION_OK"
14166,10418392921,10418392969,1,"IOTHUB_CLIENT_CONFIRMATION_OK"
14167,10418393121,10418393164,1,"IOTHUB_CLIENT_CONFIRMATION_OK"
14168,10418393322,10418393358,1,"IOTHUB_CLIENT_CONFIRMATION_OK"
14169,10418393522,10418393574,1,"IOTHUB_CLIENT_CONFIRMATION_OK"
14170,10418393722,10418393764,1,"IOTHUB_CLIENT_CONFIRMATION_OK"
14171,10418393922,10418393975,1,"IOTHUB_CLIENT_CONFIRMATION_OK"
14172,10418394122,10418394215,1,"IOTHUB_CLIENT_CONFIRMATION_OK"
14173,10418394322,10418394375,1,"IOTHUB_CLIENT_CONFIRMATION_OK"
14174,10418394523,10418394563,1,"IOTHUB_CLIENT_CONFIRMATION_OK"
14175,10418394723,10418394828,1,"IOTHUB_CLIENT_CONFIRMATION_OK"
14176,10418394923,10418394968,1,"IOTHUB_CLIENT_CONFIRMATION_OK"
14177,10418395123,10418395195,1,"IOTHUB_CLIENT_CONFIRMATION_OK"
14178,10418395323,10418395428,1,"IOTHUB_CLIENT_CONFIRMATION_OK"
14179,10418395523,10418395583,1,"IOTHUB_CLIENT_CONFIRMATION_OK"
14180,10418395724,10418395777,1,"IOTHUB_CLIENT_CONFIRMATION_OK"
14181,10418395924,10418395960,1,"IOTHUB_CLIENT_CONFIRMATION_OK"
14182,10418396124,10418396161,1,"IOTHUB_CLIENT_CONFIRMATION_OK"
14183,10418396324,10418396373,1,"IOTHUB_CLIENT_CONFIRMATION_OK"
14184,10418396524,10418396565,1,"IOTHUB_CLIENT_CONFIRMATION_OK"
14185,10418396724,10418396762,1,"IOTHUB_CLIENT_CONFIRMATION_OK"
14186,10418396924,10418396992,1,"IOTHUB_CLIENT_CONFIRMATION_OK"
14187,10418397125,10418397184,1,"IOTHUB_CLIENT_CONFIRMATION_OK"
14188,10418397325,10418397367,1,"IOTHUB_CLIENT_CONFIRMATION_OK"
14189,10418397525,10418397564,1,"IOTHUB_CLIENT_CONFIRMATION_OK"
14190,10418397725,10418397763,1,"IOTHUB_CLIENT_CONFIRMATION_OK"
14191,10418397925,10418398221,1,"IOTHUB_CLIENT_CONFIRMATION_OK"
14192,10418398125,10418398379,1,"IOTHUB_CLIENT_CONFIRMATION_OK"
14193,10418398326,10418398413,1,"IOTHUB_CLIENT_CONFIRMATION_OK"
14194,10418398526,10418398562,1,"IOTHUB_CLIENT_CONFIRMATION_OK"
14195,10418398726,10418398782,1,"IOTHUB_CLIENT_CONFIRMATION_OK"
14196,10418398926,10418398962,1,"IOTHUB_CLIENT_CONFIRMATION_OK"
14197,10418399126,10418399170,1,"IOTHUB_CLIENT_CONFIRMATION_OK"
14198,10418399326,10418399373,1,"IOTHUB_CLIENT_CONFIRMATION_OK"
14199,10418399527,10418399569,1,"IOTHUB_CLIENT_CONFIRMATION_OK"
14200,10418399727,10418399773,1,"IOTHUB_CLIENT_CONFIRMATION_OK"
14201,10418399927,10418400030,1,"IOTHUB_CLIENT_CONFIRMATION_OK"
14202,10418400127,10418400173,1,"IOTHUB_CLIENT_CONFIRMATION_OK"
14203,10418400327,10418400373,1,"IOTHUB_CLIENT_CONFIRMATION_OK"
14204,10418400527,10418400661,1,"IOTHUB_CLIENT_CONFIRMATION_OK"
14205,10418400727,10418400820,1,"IOTHUB_CLIENT_CONFIRMATION_OK"
14206,10418400928,10418400981,1,"IOTHUB_CLIENT_CONFIRMATION_OK"
14207,10418401128,10418401266,1,"IOTHUB_CLIENT_CONFIRMATION_OK"
14208,10418401328,10418401386,1,"IOTHUB_CLIENT_CONFIRMATION_OK"
14209,10418401528,10418401583,1,"IOTHUB_CLIENT_CONFIRMATION_OK"
14210,10418401728,10418401773,1,"IOTHUB_CLIENT_CONFIRMATION_OK"
14211,10418401928,10418401982,1,"IOTHUB_CLIENT_CONFIRMATION_OK"
14212,10418402129,10418402173,1,"IOTHUB_CLIENT_CONFIRMATION_OK"
14213,10418402329,10418402367,1,"IOTHUB_CLIENT_CONFIRMATION_OK"
14214,10418402529,10418402569,1,"IOTHUB_CLIENT_CONFIRMATION_OK"
14215,10418402729,10418402768,1,"IOTHUB_CLIENT_CONFIRMATION_OK"
14216,10418402929,10418402966,1,"IOTHUB_CLIENT_CONFIRMATION_OK"
14217,10418403129,10418403171,1,"IOTHUB_CLIENT_CONFIRMATION_OK"
14218,10418403330,10418403379,1,"IOTHUB_CLIENT_CONFIRMATION_OK"
14219,10418403530,10418403577,1,"IOTHUB_CLIENT_CONFIRMATION_OK"
14220,10418403730,10418403935,1,"IOTHUB_CLIENT_CONFIRMATION_OK"
14221,10418403930,10418403972,1,"IOTHUB_CLIENT_CONFIRMATION_OK"
14222,10418404130,10418404198,1,"IOTHUB_CLIENT_CONFIRMATION_OK"
14223,10418404330,10418404373,1,"IOTHUB_CLIENT_CONFIRMATION_OK"
14224,10418404530,10418404566,1,"IOTHUB_CLIENT_CONFIRMATION_OK"
14225,10418404731,10418404811,1,"IOTHUB_CLIENT_CONFIRMATION_OK"
14226,10418404931,10418405006,1,"IOTHUB_CLIENT_CONFIRMATION_OK"
14227,10418405131,10418405206,1,"IOTHUB_CLIENT_CONFIRMATION_OK"
14228,10418405331,10418405376,1,"IOTHUB_CLIENT_CONFIRMATION_OK"
14229,10418405531,10418405580,1,"IOTHUB_CLIENT_CONFIRMATION_OK"
14230,10418405732,10418405834,1,"IOTHUB_CLIENT_CONFIRMATION_OK"
14231,10418405932,10418405998,1,"IOTHUB_CLIENT_CONFIRMATION_OK"
14232,10418406132,10418406174,1,"IOTHUB_CLIENT_CONFIRMATION_OK"
14233,10418406332,10418406425,1,"IOTHUB_CLIENT_CONFIRMATION_OK"
14234,10418406532,10418406578,1,"IOTHUB_CLIENT_CONFIRMATION_OK"
14235,10418406732,10418406813,1,"IOTHUB_CLIENT_CONFIRMATION_OK"
14236,10418406932,10418407057,1,"IOTHUB_CLIENT_CONFIRMATION_OK"
14237,10418407133,10418407177,1,"IOTHUB_CLIENT_CONFIRMATION_OK"
14238,10418407333,10418407371,1,"IOTHUB_CLIENT_CONFIRMATION_OK"
14239,10418407533,10418407593,1,"IOTHUB_CLIENT_CONFIRMATION_OK"
14240,10418407733,10418407783,1,"IOTHUB_CLIENT_CONFIRMATION_OK"
14241,10418407933,10418407980,1,"IOTHUB_CLIENT_CONFIRMATION_OK"
14242,10418408133,10418408195,1,"IOTHUB_CLIENT_CONFIRMATION_OK"
14243,10418408334,10418408389,1,"IOTHUB_CLIENT_CONFIRMATION_OK"
14244,10418408534,10418408574,1,"IOTHUB_CLIENT_CONFIRMATION_OK"
14245,10418408734,10418408778,1,"IOTHUB_CLIENT_CONFIRMATION_OK"
14246,10418408934,10418408976,1,"IOTHUB_CLIENT_CONFIRMATION_OK"
14247,10418409134,10418409172,1,"IOTHUB_CLIENT_CONFIRMATION_OK"
14248,10418409334,10418409388,1,"IOTHUB_CLIENT_CONFIRMATION_OK"
14249,10418409534,10418409708,1,"IOTHUB_CLIENT_CONFIRMATION_OK"
14250,10418409735,10418409799,1,"IOTHUB_CLIENT_CONFIRMATION_OK"
14251,10418409935,10418409980,1,"IOTHUB_CLIENT_CONFIRMATION_OK"
14252,10418410135,10418410176,1,"IOTHUB_CLIENT_CONFIRMATION_OK"
14253,10418410335,10418410370,1,"IOTHUB_CLIENT_CONFIRMATION_OK"
14254,10418410535,10418410574,1,"IOTHUB_CLIENT_CONFIRMATION_OK"
14255,10418410735,10418410793,1,"IOTHUB_CLIENT_CONFIRMATION_OK"
14256,10418410936,10418410974,1,"IOTHUB_CLIENT_CONFIRMATION_OK"
14257,10418411136,10418411242,1,"IOTHUB_CLIENT_CONFIRMATION_OK"
14258,10418411336,10418411384,1,"IOTHUB_CLIENT_CONFIRMATION_OK"
14259,10418411536,10418411573,1,"IOTHUB_CLIENT_CONFIRMATION_OK"
14260,10418411736,10418411877,1,"IOTHUB_CLIENT_CONFIRMATION_OK"
14261,10418411936,10418411978,1,"IOTHUB_CLIENT_CONFIRMATION_OK"
14262,10418412137,10418412178,1,"IOTHUB_CLIENT_CONFIRMATION_OK"
14263,10418412337,10418412392,1,"IOTHUB_CLIENT_CONFIRMATION_OK"
14264,10418412537,10418412596,1,"IOTHUB_CLIENT_CONFIRMATION_OK"
14265,10418412737,10418412965,1,"IOTHUB_CLIENT_CONFIRMATION_OK"
14266,10418412937,10418412987,1,"IOTHUB_CLIENT_CONFIRMATION_OK"
14267,10418413137,10418413186,1,"IOTHUB_CLIENT_CONFIRMATION_OK"
14268,10418413337,10418413406,1,"IOTHUB_CLIENT_CONFIRMATION_OK"
14269,10418413538,10418413595,1,"IOTHUB_CLIENT_CONFIRMATION_OK"
14270,10418413738,10418413790,1,"IOTHUB_CLIENT_CONFIRMATION_OK"
14271,10418413938,10418413980,1,"IOTHUB_CLIENT_CONFIRMATION_OK"
14272,10418414138,10418414200,1,"IOTHUB_CLIENT_CONFIRMATION_OK"
14273,10418414338,10418414380,1,"IOTHUB_CLIENT_CONFIRMATION_OK"
14274,10418414538,10418414578,1,"IOTHUB_CLIENT_CONFIRMATION_OK"
14275,10418414739,10418414809,1,"IOTHUB_CLIENT_CONFIRMATION_OK"
14276,10418414939,10418414986,1,"IOTHUB_CLIENT_CONFIRMATION_OK"
14277,10418415139,10418415190,1,"IOTHUB_CLIENT_CONFIRMATION_OK"
14278,10418415339,10418415422,1,"IOTHUB_CLIENT_CONFIRMATION_OK"
14279,10418415539,10418415580,1,"IOTHUB_CLIENT_CONFIRMATION_OK"
14280,10418415739,10418415787,1,"IOTHUB_CLIENT_CONFIRMATION_OK"
14281,10418415940,10418415976,1,"IOTHUB_CLIENT_CONFIRMATION_OK"
14282,10418416140,10418416175,1,"IOTHUB_CLIENT_CONFIRMATION_OK"
14283,10418416340,10418416382,1,"IOTHUB_CLIENT_CONFIRMATION_OK"
14284,10418416540,10418416576,1,"IOTHUB_CLIENT_CONFIRMATION_OK"
14285,10418416740,10418416830,1,"IOTHUB_CLIENT_CONFIRMATION_OK"
14286,10418416940,10418416983,1,"IOTHUB_CLIENT_CONFIRMATION_OK"
14287,10418417141,10418417182,1,"IOTHUB_CLIENT_CONFIRMATION_OK"
14288,10418417341,10418417448,1,"IOTHUB_CLIENT_CONFIRMATION_OK"
14289,10418417541,10418417588,1,"IOTHUB_CLIENT_CONFIRMATION_OK"
14290,10418417741,10418417779,1,"IOTHUB_CLIENT_CONFIRMATION_OK"
14291,10418417941,10418418048,1,"IOTHUB_CLIENT_CONFIRMATION_OK"
14292,10418418141,10418418181,1,"IOTHUB_CLIENT_CONFIRMATION_OK"
14293,10418418341,10418418392,1,"IOTHUB_CLIENT_CONFIRMATION_OK"
14294,10418418542,10418418591,1,"IOTHUB_CLIENT_CONFIRMATION_OK"
14295,10418418742,10418418779,1,"IOTHUB_CLIENT_CONFIRMATION_OK"
14296,10418418942,10418418993,1,"IOTHUB_CLIENT_CONFIRMATION_OK"
14297,10418419142,10418419218,1,"IOTHUB_CLIENT_CONFIRMATION_OK"
14298,10418419342,10418419485,1,"IOTHUB_CLIENT_CONFIRMATION_OK"
14299,10418419542,10418419581,1,"IOTHUB_CLIENT_CONFIRMATION_OK"
14300,10418419743,10418419785,1,"IOTHUB_CLIENT_CONFIRMATION_OK"
14301,10418419943,10418419984,1,"IOTHUB_CLIENT_CONFIRMATION_OK"
14302,10418420143,10418420188,1,"IOTHUB_CLIENT_CONFIRMATION_OK"
14303,10418420343,10418420378,1,"IOTHUB_CLIENT_CONFIRMATION_OK"
14304,10418420543,10418420697,1,"IOTHUB_CLIENT_CONFIRMATION_OK"
14305,10418420744,10418420781,1,"IOTHUB_CLIENT_CONFIRMATION_OK"
14306,10418420944,10418420983,1,"IOTHUB_CLIENT_CONFIRMATION_OK"
14307,10418421144,10418421321,1,"IOTHUB_CLIENT_CONFIRMATION_OK"
14308,10418421344,10418421451,1,"IOTHUB_CLIENT_CONFIRMATION_OK"
14309,10418421544,10418421616,1,"IOTHUB_CLIENT_CONFIRMATION_OK"
14310,10418421744,10418421818,1,"IOTHUB_CLIENT_CONFIRMATION_OK"
14311,10418421944,10418421984,1,"IOTHUB_CLIENT_CONFIRMATION_OK"
14312,10418422145,10418422189,1,"IOTHUB_CLIENT_CONFIRMATION_OK"
14313,10418422345,10418422388,1,"IOTHUB_CLIENT_CONFIRMATION_OK"
14314,10418422545,10418422596,1,"IOTHUB_CLIENT_CONFIRMATION_OK"
14315,10418422745,10418422793,1,"IOTHUB_CLIENT_CONFIRMATION_OK"
14316,10418422945,10418422987,1,"IOTHUB_CLIENT_CONFIRMATION_OK"
14317,10418423145,10418423189,1,"IOTHUB_CLIENT_CONFIRMATION_OK"
14318,10418423346,10418423390,1,"IOTHUB_CLIENT_CONFIRMATION_OK"
14319,10418423546,10418423602,1,"IOTHUB_CLIENT_CONFIRMATION_OK"
14320,10418423746,10418423783,1,"IOTHUB_CLIENT_CONFIRMATION_OK"
14321,10418423946,10418424003,1,"IOTHUB_CLIENT_CONFIRMATION_OK"
14322,10418424146,10418424184,1,"IOTHUB_CLIENT_CONFIRMATION_OK"
14323,10418424347,10418424382,1,"IOTHUB_CLIENT_CONFIRMATION_OK"
14324,10418424547,10418424598,1,"IOTHUB_CLIENT_CONFIRMATION_OK"
14325,10418424747,10418424834,1,"IOTHUB_CLIENT_CONFIRMATION_OK"
14326,10418424947,10418425003,1,"IOTHUB_CLIENT_CONFIRMATION_OK"
14327,10418425147,10418425264,1,"IOTHUB_CLIENT_CONFIRMATION_OK"
14328,10418425347,10418425402,1,"IOTHUB_CLIENT_CONFIRMATION_OK"
14329,10418425547,10418425592,1,"IOTHUB_CLIENT_CONFIRMATION_OK"
14330,10418425748,10418425789,1,"IOTHUB_CLIENT_CONFIRMATION_OK"
14331,10418425948,10418425996,1,"IOTHUB_CLIENT_CONFIRMATION_OK"
14332,10418426148,10418426204,1,"IOTHUB_CLIENT_CONFIRMATION_OK"
14333,10418426348,10418426400,1,"IOTHUB_CLIENT_CONFIRMATION_OK"
14334,10418426548,10418426586,1,"IOTHUB_CLIENT_CONFIRMATION_OK"
14335,10418426748,10418426788,1,"IOTHUB_CLIENT_CONFIRMATION_OK"
14336,10418426948,10418426991,1,"IOTHUB_CLIENT_CONFIRMATION_OK"
14337,10418427149,10418427197,1,"IOTHUB_CLIENT_CONFIRMATION_OK"
14338,10418427349,10418427443,1,"IOTHUB_CLIENT_CONFIRMATION_OK"
14339,10418427549,10418427597,1,"IOTHUB_CLIENT_CONFIRMATION_OK"
14340,10418427749,10418427802,1,"IOTHUB_CLIENT_CONFIRMATION_OK"
14341,10418427949,10418427991,1,"IOTHUB_CLIENT_CONFIRMATION_OK"
14342,10418428149,10418428205,1,"IOTHUB_CLIENT_CONFIRMATION_OK"
14343,10418428350,10418428446,1,"IOTHUB_CLIENT_CONFIRMATION_OK"
14344,10418428550,10418428611,1,"IOTHUB_CLIENT_CONFIRMATION_OK"
14345,10418428750,10418428798,1,"IOTHUB_CLIENT_CONFIRMATION_OK"
14346,10418428950,10418429068,1,"IOTHUB_CLIENT_CONFIRMATION_OK"
14347,10418429150,10418429199,1,"IOTHUB_CLIENT_CONFIRMATION_OK"
14348,10418429350,10418429397,1,"IOTHUB_CLIENT_CONFIRMATION_OK"
14349,10418429550,10418429670,1,"IOTHUB_CLIENT_CONFIRMATION_OK"
14350,10418429751,10418429813,1,"IOTHUB_CLIENT_CONFIRMATION_OK"
14351,10418429951,10418429994,1,"IOTHUB_CLIENT_CONFIRMATION_OK"
14352,10418430151,10418430193,1,"IOTHUB_CLIENT_CONFIRMATION_OK"
14353,10418430351,10418430399,1,"IOTHUB_CLIENT_CONFIRMATION_OK"
14354,10418430551,10418430587,1,"IOTHUB_CLIENT_CONFIRMATION_OK"
14355,10418430751,10418430933,1,"IOTHUB_CLIENT_CONFIRMATION_OK"
14356,10418430951,10418430995,1,"IOTHUB_CLIENT_CONFIRMATION_OK"
14357,10418431152,10418431197,1,"IOTHUB_CLIENT_CONFIRMATION_OK"
14358,10418431352,10418431397,1,"IOTHUB_CLIENT_CONFIRMATION_OK"
14359,10418431552,10418431592,1,"IOTHUB_CLIENT_CONFIRMATION_OK"
14360,10418431752,10418431851,1,"IOTHUB_CLIENT_CONFIRMATION_OK"
14361,10418431952,10418431992,1,"IOTHUB_CLIENT_CONFIRMATION_OK"
14362,10418432152,10418432314,1,"IOTHUB_CLIENT_CONFIRMATION_OK"
14363,10418432353,10418432406,1,"IOTHUB_CLIENT_CONFIRMATION_OK"
14364,10418432553,10418432601,1,"IOTHUB_CLIENT_CONFIRMATION_OK"
14365,10418432753,10418432913,1,"IOTHUB_CLIENT_CONFIRMATION_OK"
14366,10418432953,10418433005,1,"IOTHUB_CLIENT_CONFIRMATION_OK"
14367,10418433153,10418433201,1,"IOTHUB_CLIENT_CONFIRMATION_OK"
14368,10418433353,10418433399,1,"IOTHUB_CLIENT_CONFIRMATION_OK"
14369,10418433553,10418433588,1,"IOTHUB_CLIENT_CONFIRMATION_OK"
14370,10418433754,10418433800,1,"IOTHUB_CLIENT_CONFIRMATION_OK"
14371,10418433954,10418434004,1,"IOTHUB_CLIENT_CONFIRMATION_OK"
14372,10418434154,10418434190,1,"IOTHUB_CLIENT_CONFIRMATION_OK"
14373,10418434354,10418434398,1,"IOTHUB_CLIENT_CONFIRMATION_OK"
14374,10418434554,10418434596,1,"IOTHUB_CLIENT_CONFIRMATION_OK"
14375,10418434754,10418434803,1,"IOTHUB_CLIENT_CONFIRMATION_OK"
14376,10418434954,10418435001,1,"IOTHUB_CLIENT_CONFIRMATION_OK"
14377,10418435155,10418435201,1,"IOTHUB_CLIENT_CONFIRMATION_OK"
14378,10418435355,10418435559,1,"IOTHUB_CLIENT_CONFIRMATION_OK"
14379,10418435555,10418435592,1,"IOTHUB_CLIENT_CONFIRMATION_OK"
14380,10418435755,10418435821,1,"IOTHUB_CLIENT_CONFIRMATION_OK"
14381,10418435955,10418435993,1,"IOTHUB_CLIENT_CONFIRMATION_OK"
14382,10418436155,10418436202,1,"IOTHUB_CLIENT_CONFIRMATION_OK"
14383,10418436356,10418436390,1,"IOTHUB_CLIENT_CONFIRMATION_OK"
14384,10418436556,10418436599,1,"IOTHUB_CLIENT_CONFIRMATION_OK"
14385,10418436756,10418436807,1,"IOTHUB_CLIENT_CONFIRMATION_OK"
14386,10418436956,10418436999,1,"IOTHUB_CLIENT_CONFIRMATION_OK"
14387,10418437156,10418437209,1,"IOTHUB_CLIENT_CONFIRMATION_OK"
14388,10418437356,10418437420,1,"IOTHUB_CLIENT_CONFIRMATION_OK"
14389,10418437556,10418437595,1,"IOTHUB_CLIENT_CONFIRMATION_OK"
14390,10418437757,10418437797,1,"IOTHUB_CLIENT_CONFIRMATION_OK"
14391,10418437957,10418438004,1,"IOTHUB_CLIENT_CONFIRMATION_OK"
14392,10418438157,10418438191,1,"IOTHUB_CLIENT_CONFIRMATION_OK"
14393,10418438357,10418438393,1,"IOTHUB_CLIENT_CONFIRMATION_OK"
14394,10418438558,10418438756,1,"IOTHUB_CLIENT_CONFIRMATION_OK"
14395,10418438799,10418438841,1,"IOTHUB_CLIENT_CONFIRMATION_OK"
14396,10418438999,10418439038,1,"IOTHUB_CLIENT_CONFIRMATION_OK"
14397,10418439200,10418439389,1,"IOTHUB_CLIENT_CONFIRMATION_OK"
14398,10418439400,10418439447,1,"IOTHUB_CLIENT_CONFIRMATION_OK"
14399,10418439600,10418439644,1,"IOTHUB_CLIENT_CONFIRMATION_OK"
14400,10418439800,10418439838,1,"IOTHUB_CLIENT_CONFIRMATION_OK"
14401,10418440000,10418440047,1,"IOTHUB_CLIENT_CONFIRMATION_OK"
14402,10418440200,10418440244,1,"IOTHUB_CLIENT_CONFIRMATION_OK"
14403,10418440401,10418440451,1,"IOTHUB_CLIENT_CONFIRMATION_OK"
14404,10418440601,10418440661,1,"IOTHUB_CLIENT_CONFIRMATION_OK"
14405,10418440801,10418440859,1,"IOTHUB_CLIENT_CONFIRMATION_OK"
14406,10418441001,10418441071,1,"IOTHUB_CLIENT_CONFIRMATION_OK"
14407,10418441201,10418441241,1,"IOTHUB_CLIENT_CONFIRMATION_OK"
14408,10418441401,10418441447,1,"IOTHUB_CLIENT_CONFIRMATION_OK"
14409,10418441602,10418441751,1,"IOTHUB_CLIENT_CONFIRMATION_OK"
14410,10418441802,10418441917,1,"IOTHUB_CLIENT_CONFIRMATION_OK"
14411,10418442002,10418442047,1,"IOTHUB_CLIENT_CONFIRMATION_OK"
14412,10418442202,10418442246,1,"IOTHUB_CLIENT_CONFIRMATION_OK"
14413,10418442402,10418442443,1,"IOTHUB_CLIENT_CONFIRMATION_OK"
14414,10418442602,10418442651,1,"IOTHUB_CLIENT_CONFIRMATION_OK"
14415,10418442802,10418442876,1,"IOTHUB_CLIENT_CONFIRMATION_OK"
14416,10418443003,10418443050,1,"IOTHUB_CLIENT_CONFIRMATION_OK"
14417,10418443203,10418443253,1,"IOTHUB_CLIENT_CONFIRMATION_OK"
14418,10418443403,10418443441,1,"IOTHUB_CLIENT_CONFIRMATION_OK"
14419,10418443603,10418443653,1,"IOTHUB_CLIENT_CONFIRMATION_OK"
14420,10418443803,10418443838,1,"IOTHUB_CLIENT_CONFIRMATION_OK"
14421,10418444003,10418444115,1,"IOTHUB_CLIENT_CONFIRMATION_OK"
14422,10418444204,10418444253,1,"IOTHUB_CLIENT_CONFIRMATION_OK"
14423,10418444404,10418444435,1,"IOTHUB_CLIENT_CONFIRMATION_OK"
14424,10418444604,10418444638,1,"IOTHUB_CLIENT_CONFIRMATION_OK"
14425,10418444804,10418444849,1,"IOTHUB_CLIENT_CONFIRMATION_OK"
14426,10418445004,10418445220,1,"IOTHUB_CLIENT_CONFIRMATION_OK"
14427,10418445204,10418445252,1,"IOTHUB_CLIENT_CONFIRMATION_OK"
14428,10418445404,10418445443,1,"IOTHUB_CLIENT_CONFIRMATION_OK"
14429,10418445605,10418445651,1,"IOTHUB_CLIENT_CONFIRMATION_OK"
14430,10418445805,10418445851,1,"IOTHUB_CLIENT_CONFIRMATION_OK"
14431,10418446005,10418446054,1,"IOTHUB_CLIENT_CONFIRMATION_OK"
14432,10418446205,10418446263,1,"IOTHUB_CLIENT_CONFIRMATION_OK"
14433,10418446405,10418446444,1,"IOTHUB_CLIENT_CONFIRMATION_OK"
14434,10418446605,10418446688,1,"IOTHUB_CLIENT_CONFIRMATION_OK"
14435,10418446806,10418446851,1,"IOTHUB_CLIENT_CONFIRMATION_OK"
14436,10418447006,10418447048,1,"IOTHUB_CLIENT_CONFIRMATION_OK"
14437,10418447206,10418447249,1,"IOTHUB_CLIENT_CONFIRMATION_OK"
14438,10418447406,10418447468,1,"IOTHUB_CLIENT_CONFIRMATION_OK"
14439,10418447606,10418447679,1,"IOTHUB_CLIENT_CONFIRMATION_OK"
14440,10418447806,10418447886,1,"IOTHUB_CLIENT_CONFIRMATION_OK"
14441,10418448006,10418448076,1,"IOTHUB_CLIENT_CONFIRMATION_OK"
14442,10418448207,10418448289,1,"IOTHUB_CLIENT_CONFIRMATION_OK"
14443,10418448407,10418448452,1,"IOTHUB_CLIENT_CONFIRMATION_OK"
14444,10418448607,10418448653,1,"IOTHUB_CLIENT_CONFIRMATION_OK"
14445,10418448807,10418448854,1,"IOTHUB_CLIENT_CONFIRMATION_OK"
14446,10418449007,10418449056,1,"IOTHUB_CLIENT_CONFIRMATION_OK"
14447,10418449207,10418449247,1,"IOTHUB_CLIENT_CONFIRMATION_OK"
14448,10418449408,10418449447,1,"IOTHUB_CLIENT_CONFIRMATION_OK"
14449,10418449608,10418449650,1,"IOTHUB_CLIENT_CONFIRMATION_OK"
14450,10418449808,10418449849,1,"IOTHUB_CLIENT_CONFIRMATION_OK"
14451,10418450008,10418450054,1,"IOTHUB_CLIENT_CONFIRMATION_OK"
14452,10418450208,10418450253,1,"IOTHUB_CLIENT_CONFIRMATION_OK"
14453,10418450408,10418450524,1,"IOTHUB_CLIENT_CONFIRMATION_OK"
14454,10418450609,10418450656,1,"IOTHUB_CLIENT_CONFIRMATION_OK"
14455,10418450809,10418450854,1,"IOTHUB_CLIENT_CONFIRMATION_OK"
14456,10418451009,10418451074,1,"IOTHUB_CLIENT_CONFIRMATION_OK"
14457,10418451209,10418451334,1,"IOTHUB_CLIENT_CONFIRMATION_OK"
14458,10418451409,10418451479,1,"IOTHUB_CLIENT_CONFIRMATION_OK"
14459,10418451609,10418451690,1,"IOTHUB_CLIENT_CONFIRMATION_OK"
14460,10418451809,10418451850,1,"IOTHUB_CLIENT_CONFIRMATION_OK"
14461,10418452010,10418452046,1,"IOTHUB_CLIENT_CONFIRMATION_OK"
14462,10418452210,10418452246,1,"IOTHUB_CLIENT_CONFIRMATION_OK"
14463,10418452410,10418452488,1,"IOTHUB_CLIENT_CONFIRMATION_OK"
14464,10418452610,10418452670,1,"IOTHUB_CLIENT_CONFIRMATION_OK"
14465,10418452810,10418452849,1,"IOTHUB_CLIENT_CONFIRMATION_OK"
14466,10418453010,10418453057,1,"IOTHUB_CLIENT_CONFIRMATION_OK"
14467,10418453211,10418453267,1,"IOTHUB_CLIENT_CONFIRMATION_OK"
14468,10418453411,10418453457,1,"IOTHUB_CLIENT_CONFIRMATION_OK"
14469,10418453611,10418453668,1,"IOTHUB_CLIENT_CONFIRMATION_OK"
14470,10418453811,10418453863,1,"IOTHUB_CLIENT_CONFIRMATION_OK"
14471,10418454011,10418454052,1,"IOTHUB_CLIENT_CONFIRMATION_OK"
14472,10418454211,10418454259,1,"IOTHUB_CLIENT_CONFIRMATION_OK"
14473,10418454411,10418454458,1,"IOTHUB_CLIENT_CONFIRMATION_OK"
14474,10418454612,10418454677,1,"IOTHUB_CLIENT_CONFIRMATION_OK"
14475,10418454812,10418454871,1,"IOTHUB_CLIENT_CONFIRMATION_OK"
14476,10418455012,10418455068,1,"IOTHUB_CLIENT_CONFIRMATION_OK"
14477,10418455212,10418455269,1,"IOTHUB_CLIENT_CONFIRMATION_OK"
14478,10418455412,10418455457,1,"IOTHUB_CLIENT_CONFIRMATION_OK"
14479,10418455612,10418455658,1,"IOTHUB_CLIENT_CONFIRMATION_OK"
14480,10418455812,10418455960,1,"IOTHUB_CLIENT_CONFIRMATION_OK"
14481,10418456013,10418456049,1,"IOTHUB_CLIENT_CONFIRMATION_OK"
14482,10418456213,10418456264,1,"IOTHUB_CLIENT_CONFIRMATION_OK"
14483,10418456413,10418456461,1,"IOTHUB_CLIENT_CONFIRMATION_OK"
14484,10418456613,10418456669,1,"IOTHUB_CLIENT_CONFIRMATION_OK"
14485,10418456813,10418456854,1,"IOTHUB_CLIENT_CONFIRMATION_OK"
14486,10418457013,10418457064,1,"IOTHUB_CLIENT_CONFIRMATION_OK"
14487,10418457214,10418457264,1,"IOTHUB_CLIENT_CONFIRMATION_OK"
14488,10418457414,10418457496,1,"IOTHUB_CLIENT_CONFIRMATION_OK"
14489,10418457614,10418457654,1,"IOTHUB_CLIENT_CONFIRMATION_OK"
14490,10418457814,10418457886,1,"IOTHUB_CLIENT_CONFIRMATION_OK"
14491,10418458014,10418458054,1,"IOTHUB_CLIENT_CONFIRMATION_OK"
14492,10418458214,10418458255,1,"IOTHUB_CLIENT_CONFIRMATION_OK"
14493,10418458415,10418458460,1,"IOTHUB_CLIENT_CONFIRMATION_OK"
14494,10418458615,10418458652,1,"IOTHUB_CLIENT_CONFIRMATION_OK"
14495,10418458815,10418458852,1,"IOTHUB_CLIENT_CONFIRMATION_OK"
14496,10418459015,10418459059,1,"IOTHUB_CLIENT_CONFIRMATION_OK"
14497,10418459215,10418459293,1,"IOTHUB_CLIENT_CONFIRMATION_OK"
14498,10418459415,10418459467,1,"IOTHUB_CLIENT_CONFIRMATION_OK"
14499,10418459615,10418459738,1,"IOTHUB_CLIENT_CONFIRMATION_OK"
14500,10418459816,10418459855,1,"IOTHUB_CLIENT_CONFIRMATION_OK"
14501,10418460016,10418460057,1,"IOTHUB_CLIENT_CONFIRMATION_OK"
14502,10418460216,10418460253,1,"IOTHUB_CLIENT_CONFIRMATION_OK"
14503,10418460416,10418460555,1,"IOTHUB_CLIENT_CONFIRMATION_OK"
14504,10418460616,10418460663,1,"IOTHUB_CLIENT_CONFIRMATION_OK"
14505,10418460816,10418460863,1,"IOTHUB_CLIENT_CONFIRMATION_OK"
14506,10418461016,10418461061,1,"IOTHUB_CLIENT_CONFIRMATION_OK"
14507,10418461217,10418461267,1,"IOTHUB_CLIENT_CONFIRMATION_OK"
14508,10418461417,10418461461,1,"IOTHUB_CLIENT_CONFIRMATION_OK"
14509,10418461617,10418461661,1,"IOTHUB_CLIENT_CONFIRMATION_OK"
14510,10418461817,10418461906,1,"IOTHUB_CLIENT_CONFIRMATION_OK"
14511,10418462017,10418462061,1,"IOTHUB_CLIENT_CONFIRMATION_OK"
14512,10418462217,10418462258,1,"IOTHUB_CLIENT_CONFIRMATION_OK"
14513,10418462418,10418462462,1,"IOTHUB_CLIENT_CONFIRMATION_OK"
14514,10418462618,10418462663,1,"IOTHUB_CLIENT_CONFIRMATION_OK"
14515,10418462818,10418462853,1,"IOTHUB_CLIENT_CONFIRMATION_OK"
14516,10418463018,10418463057,1,"IOTHUB_CLIENT_CONFIRMATION_OK"
14517,10418463218,10418463258,1,"IOTHUB_CLIENT_CONFIRMATION_OK"
14518,10418463418,10418463456,1,"IOTHUB_CLIENT_CONFIRMATION_OK"
14519,10418463618,10418463665,1,"IOTHUB_CLIENT_CONFIRMATION_OK"
14520,10418463819,10418463861,1,"IOTHUB_CLIENT_CONFIRMATION_OK"
14521,10418464019,10418464062,1,"IOTHUB_CLIENT_CONFIRMATION_OK"
14522,10418464219,10418464264,1,"IOTHUB_CLIENT_CONFIRMATION_OK"
14523,10418464419,10418464460,1,"IOTHUB_CLIENT_CONFIRMATION_OK"
14524,10418464619,10418464676,1,"IOTHUB_CLIENT_CONFIRMATION_OK"
14525,10418464819,10418464859,1,"IOTHUB_CLIENT_CONFIRMATION_OK"
14526,10418465020,10418465056,1,"IOTHUB_CLIENT_CONFIRMATION_OK"
14527,10418465220,10418465266,1,"IOTHUB_CLIENT_CONFIRMATION_OK"
14528,10418465420,10418465470,1,"IOTHUB_CLIENT_CONFIRMATION_OK"
14529,10418465620,10418465665,1,"IOTHUB_CLIENT_CONFIRMATION_OK"
14530,10418465820,10418465873,1,"IOTHUB_CLIENT_CONFIRMATION_OK"
14531,10418466020,10418466073,1,"IOTHUB_CLIENT_CONFIRMATION_OK"
14532,10418466220,10418466275,1,"IOTHUB_CLIENT_CONFIRMATION_OK"
14533,10418466421,10418466472,1,"IOTHUB_CLIENT_CONFIRMATION_OK"
14534,10418466621,10418466677,1,"IOTHUB_CLIENT_CONFIRMATION_OK"
14535,10418466821,10418466866,1,"IOTHUB_CLIENT_CONFIRMATION_OK"
14536,10418467021,10418467063,1,"IOTHUB_CLIENT_CONFIRMATION_OK"
14537,10418467221,10418467258,1,"IOTHUB_CLIENT_CONFIRMATION_OK"
14538,10418467421,10418467473,1,"IOTHUB_CLIENT_CONFIRMATION_OK"
14539,10418467622,10418467662,1,"IOTHUB_CLIENT_CONFIRMATION_OK"
14540,10418467822,10418467861,1,"IOTHUB_CLIENT_CONFIRMATION_OK"
14541,10418468022,10418468098,1,"IOTHUB_CLIENT_CONFIRMATION_OK"
14542,10418468222,10418468272,1,"IOTHUB_CLIENT_CONFIRMATION_OK"
14543,10418468422,10418468468,1,"IOTHUB_CLIENT_CONFIRMATION_OK"
14544,10418468622,10418468665,1,"IOTHUB_CLIENT_CONFIRMATION_OK"
14545,10418468822,10418468904,1,"IOTHUB_CLIENT_CONFIRMATION_OK"
14546,10418469023,10418469088,1,"IOTHUB_CLIENT_CONFIRMATION_OK"
14547,10418469223,10418469272,1,"IOTHUB_CLIENT_CONFIRMATION_OK"
14548,10418469423,10418469464,1,"IOTHUB_CLIENT_CONFIRMATION_OK"
14549,10418469623,10418469724,1,"IOTHUB_CLIENT_CONFIRMATION_OK"
14550,10418469823,10418469876,1,"IOTHUB_CLIENT_CONFIRMATION_OK"
14551,10418470023,10418470064,1,"IOTHUB_CLIENT_CONFIRMATION_OK"
14552,10418470224,10418470318,1,"IOTHUB_CLIENT_CONFIRMATION_OK"
14553,10418470424,10418470477,1,"IOTHUB_CLIENT_CONFIRMATION_OK"
14554,10418470624,10418470677,1,"IOTHUB_CLIENT_CONFIRMATION_OK"
14555,10418470824,10418470869,1,"IOTHUB_CLIENT_CONFIRMATION_OK"
14556,10418471024,10418471062,1,"IOTHUB_CLIENT_CONFIRMATION_OK"
14557,10418471224,10418471269,1,"IOTHUB_CLIENT_CONFIRMATION_OK"
14558,10418471424,10418471479,1,"IOTHUB_CLIENT_CONFIRMATION_OK"
14559,10418471625,10418471694,1,"IOTHUB_CLIENT_CONFIRMATION_OK"
14560,10418471825,10418471866,1,"IOTHUB_CLIENT_CONFIRMATION_OK"
14561,10418472025,10418472129,1,"IOTHUB_CLIENT_CONFIRMATION_OK"
14562,10418472225,10418472292,1,"IOTHUB_CLIENT_CONFIRMATION_OK"
14563,10418472425,10418472464,1,"IOTHUB_CLIENT_CONFIRMATION_OK"
14564,10418472625,10418472771,1,"IOTHUB_CLIENT_CONFIRMATION_OK"
14565,10418472825,10418472864,1,"IOTHUB_CLIENT_CONFIRMATION_OK"
14566,10418473026,10418473067,1,"IOTHUB_CLIENT_CONFIRMATION_OK"
14567,10418473226,10418473273,1,"IOTHUB_CLIENT_CONFIRMATION_OK"
14568,10418473426,10418473511,1,"IOTHUB_CLIENT_CONFIRMATION_OK"
14569,10418473626,10418473664,1,"IOTHUB_CLIENT_CONFIRMATION_OK"
14570,10418473826,10418473862,1,"IOTHUB_CLIENT_CONFIRMATION_OK"
14571,10418474026,10418474092,1,"IOTHUB_CLIENT_CONFIRMATION_OK"
14572,10418474227,10418474278,1,"IOTHUB_CLIENT_CONFIRMATION_OK"
14573,10418474427,10418474511,1,"IOTHUB_CLIENT_CONFIRMATION_OK"
14574,10418474627,10418474677,1,"IOTHUB_CLIENT_CONFIRMATION_OK"
14575,10418474827,10418474874,1,"IOTHUB_CLIENT_CONFIRMATION_OK"
14576,10418475027,10418475085,1,"IOTHUB_CLIENT_CONFIRMATION_OK"
14577,10418475227,10418475275,1,"IOTHUB_CLIENT_CONFIRMATION_OK"
14578,10418475428,10418475460,1,"IOTHUB_CLIENT_CONFIRMATION_OK"
14579,10418475628,10418475671,1,"IOTHUB_CLIENT_CONFIRMATION_OK"
14580,10418475828,10418475871,1,"IOTHUB_CLIENT_CONFIRMATION_OK"
14581,10418476028,10418476072,1,"IOTHUB_CLIENT_CONFIRMATION_OK"
14582,10418476228,10418476273,1,"IOTHUB_CLIENT_CONFIRMATION_OK"
14583,10418476428,10418476480,1,"IOTHUB_CLIENT_CONFIRMATION_OK"
14584,10418476628,10418476719,1,"IOTHUB_CLIENT_CONFIRMATION_OK"
14585,10418476829,10418476886,1,"IOTHUB_CLIENT_CONFIRMATION_OK"
14586,10418477029,10418477068,1,"IOTHUB_CLIENT_CONFIRMATION_OK"
14587,10418477229,10418477275,1,"IOTHUB_CLIENT_CONFIRMATION_OK"
14588,10418477429,10418477478,1,"IOTHUB_CLIENT_CONFIRMATION_OK"
14589,10418477629,10418477671,1,"IOTHUB_CLIENT_CONFIRMATION_OK"
14590,10418477829,10418477892,1,"IOTHUB_CLIENT_CONFIRMATION_OK"
14591,10418478030,10418478094,1,"IOTHUB_CLIENT_CONFIRMATION_OK"
14592,10418478230,10418478274,1,"IOTHUB_CLIENT_CONFIRMATION_OK"
14593,10418478430,10418478474,1,"IOTHUB_CLIENT_CONFIRMATION_OK"
14594,10418478630,10418478662,1,"IOTHUB_CLIENT_CONFIRMATION_OK"
14595,10418478830,10418478916,1,"IOTHUB_CLIENT_CONFIRMATION_OK"
14596,10418479030,10418479072,1,"IOTHUB_CLIENT_CONFIRMATION_OK"
14597,10418479230,10418479282,1,"IOTHUB_CLIENT_CONFIRMATION_OK"
14598,10418479431,10418479478,1,"IOTHUB_CLIENT_CONFIRMATION_OK"
14599,10418479631,10418479735,1,"IOTHUB_CLIENT_CONFIRMATION_OK"
14600,10418479831,10418479989,1,"IOTHUB_CLIENT_CONFIRMATION_OK"
14601,10418480031,10418480070,1,"IOTHUB_CLIENT_CONFIRMATION_OK"
14602,10418480231,10418480268,1,"IOTHUB_CLIENT_CONFIRMATION_OK"
14603,10418480431,10418480480,1,"IOTHUB_CLIENT_CONFIRMATION_OK"
14604,10418480632,10418480708,1,"IOTHUB_CLIENT_CONFIRMATION_OK"
14605,10418480832,10418480931,1,"IOTHUB_CLIENT_CONFIRMATION_OK"
14606,10418481032,10418481078,1,"IOTHUB_CLIENT_CONFIRMATION_OK"
14607,10418481232,10418481274,1,"IOTHUB_CLIENT_CONFIRMATION_OK"
14608,10418481432,10418481477,1,"IOTHUB_CLIENT_CONFIRMATION_OK"
14609,10418481632,10418481675,1,"IOTHUB_CLIENT_CONFIRMATION_OK"
14610,10418481832,10418481871,1,"IOTHUB_CLIENT_CONFIRMATION_OK"
14611,10418482033,10418482077,1,"IOTHUB_CLIENT_CONFIRMATION_OK"
14612,10418482233,10418482278,1,"IOTHUB_CLIENT_CONFIRMATION_OK"
14613,10418482433,10418482477,1,"IOTHUB_CLIENT_CONFIRMATION_OK"
14614,10418482633,10418482782,1,"IOTHUB_CLIENT_CONFIRMATION_OK"
14615,10418482833,10418482884,1,"IOTHUB_CLIENT_CONFIRMATION_OK"
14616,10418483033,10418483083,1,"IOTHUB_CLIENT_CONFIRMATION_OK"
14617,10418483234,10418483298,1,"IOTHUB_CLIENT_CONFIRMATION_OK"
14618,10418483434,10418483479,1,"IOTHUB_CLIENT_CONFIRMATION_OK"
14619,10418483634,10418483733,1,"IOTHUB_CLIENT_CONFIRMATION_OK"
14620,10418483834,10418483899,1,"IOTHUB_CLIENT_CONFIRMATION_OK"
14621,10418484034,10418484079,1,"IOTHUB_CLIENT_CONFIRMATION_OK"
14622,10418484234,10418484276,1,"IOTHUB_CLIENT_CONFIRMATION_OK"
14623,10418484434,10418484508,1,"IOTHUB_CLIENT_CONFIRMATION_OK"
14624,10418484635,10418484681,1,"IOTHUB_CLIENT_CONFIRMATION_OK"
14625,10418484835,10418484870,1,"IOTHUB_CLIENT_CONFIRMATION_OK"
14626,10418485035,10418485076,1,"IOTHUB_CLIENT_CONFIRMATION_OK"
14627,10418485235,10418485280,1,"IOTHUB_CLIENT_CONFIRMATION_OK"
14628,10418485435,10418485476,1,"IOTHUB_CLIENT_CONFIRMATION_OK"
14629,10418485635,10418485682,1,"IOTHUB_CLIENT_CONFIRMATION_OK"
14630,10418485836,10418485884,1,"IOTHUB_CLIENT_CONFIRMATION_OK"
14631,10418486036,10418486076,1,"IOTHUB_CLIENT_CONFIRMATION_OK"
14632,10418486236,10418486282,1,"IOTHUB_CLIENT_CONFIRMATION_OK"
14633,10418486436,10418486480,1,"IOTHUB_CLIENT_CONFIRMATION_OK"
14634,10418486636,10418486681,1,"IOTHUB_CLIENT_CONFIRMATION_OK"
14635,10418486836,10418486881,1,"IOTHUB_CLIENT_CONFIRMATION_OK"
14636,10418487037,10418487083,1,"IOTHUB_CLIENT_CONFIRMATION_OK"
14637,10418487237,10418487278,1,"IOTHUB_CLIENT_CONFIRMATION_OK"
14638,10418487437,10418487482,1,"IOTHUB_CLIENT_CONFIRMATION_OK"
14639,10418487637,10418487684,1,"IOTHUB_CLIENT_CONFIRMATION_OK"
14640,10418487837,10418487880,1,"IOTHUB_CLIENT_CONFIRMATION_OK"
14641,10418488037,10418488072,1,"IOTHUB_CLIENT_CONFIRMATION_OK"
14642,10418488237,10418488283,1,"IOTHUB_CLIENT_CONFIRMATION_OK"
14643,10418488438,10418488499,1,"IOTHUB_CLIENT_CONFIRMATION_OK"
14644,10418488638,10418488676,1,"IOTHUB_CLIENT_CONFIRMATION_OK"
14645,10418488838,10418488878,1,"IOTHUB_CLIENT_CONFIRMATION_OK"
14646,10418489038,10418489094,1,"IOTHUB_CLIENT_CONFIRMATION_OK"
14647,10418489238,10418489290,1,"IOTHUB_CLIENT_CONFIRMATION_OK"
14648,10418489438,10418489495,1,"IOTHUB_CLIENT_CONFIRMATION_OK"
14649,10418489639,10418489694,1,"IOTHUB_CLIENT_CONFIRMATION_OK"
14650,10418489839,10418489889,1,"IOTHUB_CLIENT_CONFIRMATION_OK"
14651,10418490039,10418490094,1,"IOTHUB_CLIENT_CONFIRMATION_OK"
14652,10418490239,10418490299,1,"IOTHUB_CLIENT_CONFIRMATION_OK"
14653,10418490439,10418490506,1,"IOTHUB_CLIENT_CONFIRMATION_OK"
14654,10418490639,10418490675,1,"IOTHUB_CLIENT_CONFIRMATION_OK"
14655,10418490839,10418490894,1,"IOTHUB_CLIENT_CONFIRMATION_OK"
14656,10418491040,10418491082,1,"IOTHUB_CLIENT_CONFIRMATION_OK"
14657,10418491240,10418491287,1,"IOTHUB_CLIENT_CONFIRMATION_OK"
14658,10418491440,10418491482,1,"IOTHUB_CLIENT_CONFIRMATION_OK"
14659,10418491640,10418491684,1,"IOTHUB_CLIENT_CONFIRMATION_OK"
14660,10418491840,10418491955,1,"IOTHUB_CLIENT_CONFIRMATION_OK"
14661,10418492040,10418492082,1,"IOTHUB_CLIENT_CONFIRMATION_OK"
14662,10418492241,10418492292,1,"IOTHUB_CLIENT_CONFIRMATION_OK"
14663,10418492441,10418492480,1,"IOTHUB_CLIENT_CONFIRMATION_OK"
14664,10418492641,10418492738,1,"IOTHUB_CLIENT_CONFIRMATION_OK"
14665,10418492841,10418492891,1,"IOTHUB_CLIENT_CONFIRMATION_OK"
14666,10418493041,10418493086,1,"IOTHUB_CLIENT_CONFIRMATION_OK"
14667,10418493241,10418493286,1,"IOTHUB_CLIENT_CONFIRMATION_OK"
14668,10418493441,10418493574,1,"IOTHUB_CLIENT_CONFIRMATION_OK"
14669,10418493642,10418493692,1,"IOTHUB_CLIENT_CONFIRMATION_OK"
14670,10418493842,10418493896,1,"IOTHUB_CLIENT_CONFIRMATION_OK"
14671,10418494042,10418494079,1,"IOTHUB_CLIENT_CONFIRMATION_OK"
14672,10418494242,10418494414,1,"IOTHUB_CLIENT_CONFIRMATION_OK"
14673,10418494442,10418494485,1,"IOTHUB_CLIENT_CONFIRMATION_OK"
14674,10418494642,10418494684,1,"IOTHUB_CLIENT_CONFIRMATION_OK"
14675,10418494843,10418494883,1,"IOTHUB_CLIENT_CONFIRMATION_OK"
14676,10418495043,10418495095,1,"IOTHUB_CLIENT_CONFIRMATION_OK"
14677,10418495243,10418495293,1,"IOTHUB_CLIENT_CONFIRMATION_OK"
14678,10418495443,10418495512,1,"IOTHUB_CLIENT_CONFIRMATION_OK"
14679,10418495643,10418495678,1,"IOTHUB_CLIENT_CONFIRMATION_OK"
14680,10418495843,10418495887,1,"IOTHUB_CLIENT_CONFIRMATION_OK"
14681,10418496043,10418496100,1,"IOTHUB_CLIENT_CONFIRMATION_OK"
14682,10418496244,10418496288,1,"IOTHUB_CLIENT_CONFIRMATION_OK"
14683,10418496444,10418496489,1,"IOTHUB_CLIENT_CONFIRMATION_OK"
14684,10418496644,10418496697,1,"IOTHUB_CLIENT_CONFIRMATION_OK"
14685,10418496844,10418496890,1,"IOTHUB_CLIENT_CONFIRMATION_OK"
14686,10418497044,10418497088,1,"IOTHUB_CLIENT_CONFIRMATION_OK"
14687,10418497244,10418497344,1,"IOTHUB_CLIENT_CONFIRMATION_OK"
14688,10418497445,10418497487,1,"IOTHUB_CLIENT_CONFIRMATION_OK"
14689,10418497645,10418497682,1,"IOTHUB_CLIENT_CONFIRMATION_OK"
14690,10418497845,10418497889,1,"IOTHUB_CLIENT_CONFIRMATION_OK"
14691,10418498045,10418498102,1,"IOTHUB_CLIENT_CONFIRMATION_OK"
14692,10418498245,10418498294,1,"IOTHUB_CLIENT_CONFIRMATION_OK"
14693,10418498445,10418498505,1,"IOTHUB_CLIENT_CONFIRMATION_OK"
14694,10418498645,10418498691,1,"IOTHUB_CLIENT_CONFIRMATION_OK"
14695,10418498846,10418498896,1,"IOTHUB_CLIENT_CONFIRMATION_OK"
14696,10418499046,10418499087,1,"IOTHUB_CLIENT_CONFIRMATION_OK"
14697,10418499246,10418499289,1,"IOTHUB_CLIENT_CONFIRMATION_OK"
14698,10418499446,10418499495,1,"IOTHUB_CLIENT_CONFIRMATION_OK"
14699,10418499646,10418499791,1,"IOTHUB_CLIENT_CONFIRMATION_OK"
14700,10418499846,10418499883,1,"IOTHUB_CLIENT_CONFIRMATION_OK"
14701,10418500047,10418500083,1,"IOTHUB_CLIENT_CONFIRMATION_OK"
14702,10418500247,10418500332,1,"IOTHUB_CLIENT_CONFIRMATION_OK"
14703,10418500447,10418500496,1,"IOTHUB_CLIENT_CONFIRMATION_OK"
14704,10418500647,10418500729,1,"IOTHUB_CLIENT_CONFIRMATION_OK"
14705,10418500847,10418500915,1,"IOTHUB_CLIENT_CONFIRMATION_OK"
14706,10418501047,10418501129,1,"IOTHUB_CLIENT_CONFIRMATION_OK"
14707,10418501247,10418501288,1,"IOTHUB_CLIENT_CONFIRMATION_OK"
14708,10418501448,10418501491,1,"IOTHUB_CLIENT_CONFIRMATION_OK"
14709,10418501648,10418501688,1,"IOTHUB_CLIENT_CONFIRMATION_OK"
14710,10418501848,10418501959,1,"IOTHUB_CLIENT_CONFIRMATION_OK"
14711,10418502048,10418502095,1,"IOTHUB_CLIENT_CONFIRMATION_OK"
14712,10418502248,10418502292,1,"IOTHUB_CLIENT_CONFIRMATION_OK"
14713,10418502448,10418502510,1,"IOTHUB_CLIENT_CONFIRMATION_OK"
14714,10418502649,10418502706,1,"IOTHUB_CLIENT_CONFIRMATION_OK"
14715,10418502849,10418502987,1,"IOTHUB_CLIENT_CONFIRMATION_OK"
14716,10418503049,10418503088,1,"IOTHUB_CLIENT_CONFIRMATION_OK"
14717,10418503249,10418503286,1,"IOTHUB_CLIENT_CONFIRMATION_OK"
14718,10418503449,10418503495,1,"IOTHUB_CLIENT_CONFIRMATION_OK"
14719,10418503649,10418503691,1,"IOTHUB_CLIENT_CONFIRMATION_OK"
14720,10418503850,10418503890,1,"IOTHUB_CLIENT_CONFIRMATION_OK"
14721,10418504050,10418504096,1,"IOTHUB_CLIENT_CONFIRMATION_OK"
14722,10418504250,10418504309,1,"IOTHUB_CLIENT_CONFIRMATION_OK"
14723,10418504450,10418504484,1,"IOTHUB_CLIENT_CONFIRMATION_OK"
14724,10418504650,10418504699,1,"IOTHUB_CLIENT_CONFIRMATION_OK"
14725,10418504850,10418505035,1,"IOTHUB_CLIENT_CONFIRMATION_OK"
14726,10418505050,10418505138,1,"IOTHUB_CLIENT_CONFIRMATION_OK"
14727,10418505251,10418505297,1,"IOTHUB_CLIENT_CONFIRMATION_OK"
14728,10418505451,10418505495,1,"IOTHUB_CLIENT_CONFIRMATION_OK"
14729,10418505651,10418505726,1,"IOTHUB_CLIENT_CONFIRMATION_OK"
14730,10418505851,10418505912,1,"IOTHUB_CLIENT_CONFIRMATION_OK"
14731,10418506051,10418506094,1,"IOTHUB_CLIENT_CONFIRMATION_OK"
14732,10418506251,10418506302,1,"IOTHUB_CLIENT_CONFIRMATION_OK"
14733,10418506452,10418506535,1,"IOTHUB_CLIENT_CONFIRMATION_OK"
14734,10418506652,10418506748,1,"IOTHUB_CLIENT_CONFIRMATION_OK"
14735,10418506852,10418506900,1,"IOTHUB_CLIENT_CONFIRMATION_OK"
14736,10418507052,10418507089,1,"IOTHUB_CLIENT_CONFIRMATION_OK"
14737,10418507252,10418507542,1,"IOTHUB_CLIENT_CONFIRMATION_OK"
14738,10418507452,10418507602,1,"IOTHUB_CLIENT_CONFIRMATION_OK"
14739,10418507653,10418507699,1,"IOTHUB_CLIENT_CONFIRMATION_OK"
14740,10418507853,10418507899,1,"IOTHUB_CLIENT_CONFIRMATION_OK"
14741,10418508053,10418508101,1,"IOTHUB_CLIENT_CONFIRMATION_OK"
14742,10418508253,10418508308,1,"IOTHUB_CLIENT_CONFIRMATION_OK"
14743,10418508453,10418508494,1,"IOTHUB_CLIENT_CONFIRMATION_OK"
14744,10418508653,10418508695,1,"IOTHUB_CLIENT_CONFIRMATION_OK"
14745,10418508854,10418508898,1,"IOTHUB_CLIENT_CONFIRMATION_OK"
14746,10418509054,10418509104,1,"IOTHUB_CLIENT_CONFIRMATION_OK"
14747,10418509254,10418509303,1,"IOTHUB_CLIENT_CONFIRMATION_OK"
14748,10418509454,10418509496,1,"IOTHUB_CLIENT_CONFIRMATION_OK"
14749,10418509654,10418509703,1,"IOTHUB_CLIENT_CONFIRMATION_OK"
14750,10418509854,10418509929,1,"IOTHUB_CLIENT_CONFIRMATION_OK"
14751,10418510054,10418510096,1,"IOTHUB_CLIENT_CONFIRMATION_OK"
14752,10418510255,10418510305,1,"IOTHUB_CLIENT_CONFIRMATION_OK"
14753,10418510455,10418510493,1,"IOTHUB_CLIENT_CONFIRMATION_OK"
14754,10418510655,10418510710,1,"IOTHUB_CLIENT_CONFIRMATION_OK"
14755,10418510855,10418510921,1,"IOTHUB_CLIENT_CONFIRMATION_OK"
14756,10418511055,10418511192,1,"IOTHUB_CLIENT_CONFIRMATION_OK"
14757,10418511255,10418511291,1,"IOTHUB_CLIENT_CONFIRMATION_OK"
14758,10418511455,10418511611,1,"IOTHUB_CLIENT_CONFIRMATION_OK"
14759,10418511656,10418511723,1,"IOTHUB_CLIENT_CONFIRMATION_OK"
14760,10418511856,10418512024,1,"IOTHUB_CLIENT_CONFIRMATION_OK"
14761,10418512056,10418512103,1,"IOTHUB_CLIENT_CONFIRMATION_OK"
14762,10418512256,10418512296,1,"IOTHUB_CLIENT_CONFIRMATION_OK"
14763,10418512456,10418512496,1,"IOTHUB_CLIENT_CONFIRMATION_OK"
14764,10418512656,10418512761,1,"IOTHUB_CLIENT_CONFIRMATION_OK"
14765,10418512857,10418512902,1,"IOTHUB_CLIENT_CONFIRMATION_OK"
14766,10418513057,10418513097,1,"IOTHUB_CLIENT_CONFIRMATION_OK"
14767,10418513257,10418513304,1,"IOTHUB_CLIENT_CONFIRMATION_OK"
14768,10418513457,10418513498,1,"IOTHUB_CLIENT_CONFIRMATION_OK"
14769,10418513657,10418513693,1,"IOTHUB_CLIENT_CONFIRMATION_OK"
14770,10418513857,10418513907,1,"IOTHUB_CLIENT_CONFIRMATION_OK"
14771,10418514057,10418514267,1,"IOTHUB_CLIENT_CONFIRMATION_OK"
14772,10418514258,10418514300,1,"IOTHUB_CLIENT_CONFIRMATION_OK"
14773,10418514458,10418514501,1,"IOTHUB_CLIENT_CONFIRMATION_OK"
14774,10418514658,10418514706,1,"IOTHUB_CLIENT_CONFIRMATION_OK"
14775,10418514858,10418514903,1,"IOTHUB_CLIENT_CONFIRMATION_OK"
14776,10418515058,10418515119,1,"IOTHUB_CLIENT_CONFIRMATION_OK"
14777,10418515258,10418515300,1,"IOTHUB_CLIENT_CONFIRMATION_OK"
14778,10418515459,10418515507,1,"IOTHUB_CLIENT_CONFIRMATION_OK"
14779,10418515659,10418515801,1,"IOTHUB_CLIENT_CONFIRMATION_OK"
14780,10418515859,10418515895,1,"IOTHUB_CLIENT_CONFIRMATION_OK"
14781,10418516059,10418516144,1,"IOTHUB_CLIENT_CONFIRMATION_OK"
14782,10418516259,10418516300,1,"IOTHUB_CLIENT_CONFIRMATION_OK"
14783,10418516459,10418516505,1,"IOTHUB_CLIENT_CONFIRMATION_OK"
14784,10418516659,10418516726,1,"IOTHUB_CLIENT_CONFIRMATION_OK"
14785,10418516860,10418516905,1,"IOTHUB_CLIENT_CONFIRMATION_OK"
14786,10418517060,10418517106,1,"IOTHUB_CLIENT_CONFIRMATION_OK"
14787,10418517260,10418517332,1,"IOTHUB_CLIENT_CONFIRMATION_OK"
14788,10418517460,10418517511,1,"IOTHUB_CLIENT_CONFIRMATION_OK"
14789,10418517660,10418517697,1,"IOTHUB_CLIENT_CONFIRMATION_OK"
14790,10418517860,10418517921,1,"IOTHUB_CLIENT_CONFIRMATION_OK"
14791,10418518060,10418518106,1,"IOTHUB_CLIENT_CONFIRMATION_OK"
14792,10418518261,10418518349,1,"IOTHUB_CLIENT_CONFIRMATION_OK"
14793,10418518461,10418518501,1,"IOTHUB_CLIENT_CONFIRMATION_OK"
14794,10418518661,10418518795,1,"IOTHUB_CLIENT_CONFIRMATION_OK"
14795,10418518861,10418518895,1,"IOTHUB_CLIENT_CONFIRMATION_OK"
14796,10418519061,10418519164,1,"IOTHUB_CLIENT_CONFIRMATION_OK"
14797,10418519261,10418519296,1,"IOTHUB_CLIENT_CONFIRMATION_OK"
14798,10418519462,10418519552,1,"IOTHUB_CLIENT_CONFIRMATION_OK"
14799,10418519662,10418519710,1,"IOTHUB_CLIENT_CONFIRMATION_OK"
14800,10418519862,10418519898,1,"IOTHUB_CLIENT_CONFIRMATION_OK"
14801,10418520062,10418520108,1,"IOTHUB_CLIENT_CONFIRMATION_OK"
14802,10418520262,10418520381,1,"IOTHUB_CLIENT_CONFIRMATION_OK"
14803,10418520462,10418520506,1,"IOTHUB_CLIENT_CONFIRMATION_OK"
14804,10418520662,10418520714,1,"IOTHUB_CLIENT_CONFIRMATION_OK"
14805,10418520863,10418520936,1,"IOTHUB_CLIENT_CONFIRMATION_OK"
14806,10418521063,10418521106,1,"IOTHUB_CLIENT_CONFIRMATION_OK"
14807,10418521263,10418521324,1,"IOTHUB_CLIENT_CONFIRMATION_OK"
14808,10418521463,10418521503,1,"IOTHUB_CLIENT_CONFIRMATION_OK"
14809,10418521663,10418521731,1,"IOTHUB_CLIENT_CONFIRMATION_OK"
14810,10418521863,10418521907,1,"IOTHUB_CLIENT_CONFIRMATION_OK"
14811,10418522063,10418522102,1,"IOTHUB_CLIENT_CONFIRMATION_OK"
14812,10418522264,10418522315,1,"IOTHUB_CLIENT_CONFIRMATION_OK"
14813,10418522464,10418522506,1,"IOTHUB_CLIENT_CONFIRMATION_OK"
14814,10418522664,10418522702,1,"IOTHUB_CLIENT_CONFIRMATION_OK"
14815,10418522864,10418522923,1,"IOTHUB_CLIENT_CONFIRMATION_OK"
14816,10418523064,10418523111,1,"IOTHUB_CLIENT_CONFIRMATION_OK"
14817,10418523264,10418523323,1,"IOTHUB_CLIENT_CONFIRMATION_OK"
14818,10418523465,10418523510,1,"IOTHUB_CLIENT_CONFIRMATION_OK"
14819,10418523665,10418523716,1,"IOTHUB_CLIENT_CONFIRMATION_OK"
14820,10418523865,10418523909,1,"IOTHUB_CLIENT_CONFIRMATION_OK"
14821,10418524065,10418524241,1,"IOTHUB_CLIENT_CONFIRMATION_OK"
14822,10418524265,10418524305,1,"IOTHUB_CLIENT_CONFIRMATION_OK"
14823,10418524465,10418524537,1,"IOTHUB_CLIENT_CONFIRMATION_OK"
14824,10418524665,10418524702,1,"IOTHUB_CLIENT_CONFIRMATION_OK"
14825,10418524866,10418524906,1,"IOTHUB_CLIENT_CONFIRMATION_OK"
14826,10418525066,10418525118,1,"IOTHUB_CLIENT_CONFIRMATION_OK"
14827,10418525266,10418525310,1,"IOTHUB_CLIENT_CONFIRMATION_OK"
14828,10418525466,10418525536,1,"IOTHUB_CLIENT_CONFIRMATION_OK"
14829,10418525666,10418525723,1,"IOTHUB_CLIENT_CONFIRMATION_OK"
14830,10418525866,10418525904,1,"IOTHUB_CLIENT_CONFIRMATION_OK"
14831,10418526066,10418526111,1,"IOTHUB_CLIENT_CONFIRMATION_OK"
14832,10418526267,10418526313,1,"IOTHUB_CLIENT_CONFIRMATION_OK"
14833,10418526467,10418526515,1,"IOTHUB_CLIENT_CONFIRMATION_OK"
14834,10418526667,10418526738,1,"IOTHUB_CLIENT_CONFIRMATION_OK"
14835,10418526867,10418526906,1,"IOTHUB_CLIENT_CONFIRMATION_OK"
14836,10418527067,10418527111,1,"IOTHUB_CLIENT_CONFIRMATION_OK"
14837,10418527267,10418527320,1,"IOTHUB_CLIENT_CONFIRMATION_OK"
14838,10418527467,10418527514,1,"IOTHUB_CLIENT_CONFIRMATION_OK"
14839,10418527668,10418527710,1,"IOTHUB_CLIENT_CONFIRMATION_OK"
14840,10418527868,10418527953,1,"IOTHUB_CLIENT_CONFIRMATION_OK"
14841,10418528068,10418528115,1,"IOTHUB_CLIENT_CONFIRMATION_OK"
14842,10418528268,10418528325,1,"IOTHUB_CLIENT_CONFIRMATION_OK"
14843,10418528468,10418528556,1,"IOTHUB_CLIENT_CONFIRMATION_OK"
14844,10418528668,10418528753,1,"IOTHUB_CLIENT_CONFIRMATION_OK"
14845,10418528868,10418528915,1,"IOTHUB_CLIENT_CONFIRMATION_OK"
14846,10418529069,10418529107,1,"IOTHUB_CLIENT_CONFIRMATION_OK"
14847,10418529269,10418529315,1,"IOTHUB_CLIENT_CONFIRMATION_OK"
14848,10418529469,10418529571,1,"IOTHUB_CLIENT_CONFIRMATION_OK"
14849,10418529669,10418529717,1,"IOTHUB_CLIENT_CONFIRMATION_OK"
14850,10418529869,10418529904,1,"IOTHUB_CLIENT_CONFIRMATION_OK"
14851,10418530069,10418530117,1,"IOTHUB_CLIENT_CONFIRMATION_OK"
14852,10418530270,10418530392,1,"IOTHUB_CLIENT_CONFIRMATION_OK"
14853,10418530470,10418530547,1,"IOTHUB_CLIENT_CONFIRMATION_OK"
14854,10418530670,10418530727,1,"IOTHUB_CLIENT_CONFIRMATION_OK"
14855,10418530870,10418530918,1,"IOTHUB_CLIENT_CONFIRMATION_OK"
14856,10418531070,10418531107,1,"IOTHUB_CLIENT_CONFIRMATION_OK"
14857,10418531270,10418531316,1,"IOTHUB_CLIENT_CONFIRMATION_OK"
14858,10418531470,10418531508,1,"IOTHUB_CLIENT_CONFIRMATION_OK"
14859,10418531671,10418531710,1,"IOTHUB_CLIENT_CONFIRMATION_OK"
14860,10418531871,10418531921,1,"IOTHUB_CLIENT_CONFIRMATION_OK"
14861,10418532071,10418532130,1,"IOTHUB_CLIENT_CONFIRMATION_OK"
14862,10418532271,10418532322,1,"IOTHUB_CLIENT_CONFIRMATION_OK"
14863,10418532471,10418532570,1,"IOTHUB_CLIENT_CONFIRMATION_OK"
14864,10418532671,10418532711,1,"IOTHUB_CLIENT_CONFIRMATION_OK"
14865,10418532872,10418532930,1,"IOTHUB_CLIENT_CONFIRMATION_OK"
14866,10418533072,10418533173,1,"IOTHUB_CLIENT_CONFIRMATION_OK"
14867,10418533272,10418533414,1,"IOTHUB_CLIENT_CONFIRMATION_OK"
14868,10418533472,10418533525,1,"IOTHUB_CLIENT_CONFIRMATION_OK"
14869,10418533672,10418533750,1,"IOTHUB_CLIENT_CONFIRMATION_OK"
14870,10418533872,10418533959,1,"IOTHUB_CLIENT_CONFIRMATION_OK"
14871,10418534073,10418534239,1,"IOTHUB_CLIENT_CONFIRMATION_OK"
14872,10418534273,10418534317,1,"IOTHUB_CLIENT_CONFIRMATION_OK"
14873,10418534473,10418534508,1,"IOTHUB_CLIENT_CONFIRMATION_OK"
14874,10418534673,10418534724,1,"IOTHUB_CLIENT_CONFIRMATION_OK"
14875,10418534873,10418534909,1,"IOTHUB_CLIENT_CONFIRMATION_OK"
14876,10418535073,10418535123,1,"IOTHUB_CLIENT_CONFIRMATION_OK"
14877,10418535274,10418535315,1,"IOTHUB_CLIENT_CONFIRMATION_OK"
14878,10418535474,10418535548,1,"IOTHUB_CLIENT_CONFIRMATION_OK"
14879,10418535674,10418535716,1,"IOTHUB_CLIENT_CONFIRMATION_OK"
14880,10418535874,10418535911,1,"IOTHUB_CLIENT_CONFIRMATION_OK"
14881,10418536074,10418536127,1,"IOTHUB_CLIENT_CONFIRMATION_OK"
14882,10418536274,10418536314,1,"IOTHUB_CLIENT_CONFIRMATION_OK"
14883,10418536475,10418536515,1,"IOTHUB_CLIENT_CONFIRMATION_OK"
14884,10418536675,10418536732,1,"IOTHUB_CLIENT_CONFIRMATION_OK"
14885,10418536875,10418536920,1,"IOTHUB_CLIENT_CONFIRMATION_OK"
14886,10418537075,10418537125,1,"IOTHUB_CLIENT_CONFIRMATION_OK"
14887,10418537275,10418537312,1,"IOTHUB_CLIENT_CONFIRMATION_OK"
14888,10418537475,10418537520,1,"IOTHUB_CLIENT_CONFIRMATION_OK"
14889,10418537675,10418537729,1,"IOTHUB_CLIENT_CONFIRMATION_OK"
14890,10418537876,10418537934,1,"IOTHUB_CLIENT_CONFIRMATION_OK"
14891,10418538076,10418538258,1,"IOTHUB_CLIENT_CONFIRMATION_OK"
14892,10418538276,10418538361,1,"IOTHUB_CLIENT_CONFIRMATION_OK"
14893,10418538476,10418538516,1,"IOTHUB_CLIENT_CONFIRMATION_OK"
14894,10418538676,10418538721,1,"IOTHUB_CLIENT_CONFIRMATION_OK"
14895,10418538876,10418538934,1,"IOTHUB_CLIENT_CONFIRMATION_OK"
14896,10418539076,10418539117,1,"IOTHUB_CLIENT_CONFIRMATION_OK"
14897,10418539277,10418539368,1,"IOTHUB_CLIENT_CONFIRMATION_OK"
14898,10418539477,10418539523,1,"IOTHUB_CLIENT_CONFIRMATION_OK"
14899,10418539677,10418539725,1,"IOTHUB_CLIENT_CONFIRMATION_OK"
14900,10418539877,10418539923,1,"IOTHUB_CLIENT_CONFIRMATION_OK"
14901,10418540077,10418540128,1,"IOTHUB_CLIENT_CONFIRMATION_OK"
14902,10418540277,10418540335,1,"IOTHUB_CLIENT_CONFIRMATION_OK"
14903,10418540478,10418540515,1,"IOTHUB_CLIENT_CONFIRMATION_OK"
14904,10418540678,10418540726,1,"IOTHUB_CLIENT_CONFIRMATION_OK"
14905,10418540878,10418540916,1,"IOTHUB_CLIENT_CONFIRMATION_OK"
14906,10418541078,10418541172,1,"IOTHUB_CLIENT_CONFIRMATION_OK"
14907,10418541278,10418541374,1,"IOTHUB_CLIENT_CONFIRMATION_OK"
14908,10418541478,10418541524,1,"IOTHUB_CLIENT_CONFIRMATION_OK"
14909,10418541678,10418541861,1,"IOTHUB_CLIENT_CONFIRMATION_OK"
14910,10418541879,10418541920,1,"IOTHUB_CLIENT_CONFIRMATION_OK"
14911,10418542079,10418542125,1,"IOTHUB_CLIENT_CONFIRMATION_OK"
14912,10418542279,10418542323,1,"IOTHUB_CLIENT_CONFIRMATION_OK"
14913,10418542479,10418542524,1,"IOTHUB_CLIENT_CONFIRMATION_OK"
14914,10418542679,10418542720,1,"IOTHUB_CLIENT_CONFIRMATION_OK"
14915,10418542879,10418542954,1,"IOTHUB_CLIENT_CONFIRMATION_OK"
14916,10418543079,10418543142,1,"IOTHUB_CLIENT_CONFIRMATION_OK"
14917,10418543280,10418543387,1,"IOTHUB_CLIENT_CONFIRMATION_OK"
14918,10418543480,10418543536,1,"IOTHUB_CLIENT_CONFIRMATION_OK"
14919,10418543680,10418543727,1,"IOTHUB_CLIENT_CONFIRMATION_OK"
14920,10418543880,10418543921,1,"IOTHUB_CLIENT_CONFIRMATION_OK"
14921,10418544080,10418544208,1,"IOTHUB_CLIENT_CONFIRMATION_OK"
14922,10418544280,10418544325,1,"IOTHUB_CLIENT_CONFIRMATION_OK"
14923,10418544480,10418544529,1,"IOTHUB_CLIENT_CONFIRMATION_OK"
14924,10418544681,10418544720,1,"IOTHUB_CLIENT_CONFIRMATION_OK"
14925,10418544881,10418545030,1,"IOTHUB_CLIENT_CONFIRMATION_OK"
14926,10418545081,10418545141,1,"IOTHUB_CLIENT_CONFIRMATION_OK"
14927,10418545281,10418545329,1,"IOTHUB_CLIENT_CONFIRMATION_OK"
14928,10418545481,10418545529,1,"IOTHUB_CLIENT_CONFIRMATION_OK"
14929,10418545681,10418545732,1,"IOTHUB_CLIENT_CONFIRMATION_OK"
14930,10418545881,10418545929,1,"IOTHUB_CLIENT_CONFIRMATION_OK"
14931,10418546082,10418546122,1,"IOTHUB_CLIENT_CONFIRMATION_OK"
14932,10418546282,10418546318,1,"IOTHUB_CLIENT_CONFIRMATION_OK"
14933,10418546482,10418546523,1,"IOTHUB_CLIENT_CONFIRMATION_OK"
14934,10418546682,10418546776,1,"IOTHUB_CLIENT_CONFIRMATION_OK"
14935,10418546882,10418546925,1,"IOTHUB_CLIENT_CONFIRMATION_OK"
14936,10418547082,10418547177,1,"IOTHUB_CLIENT_CONFIRMATION_OK"
14937,10418547283,10418547328,1,"IOTHUB_CLIENT_CONFIRMATION_OK"
14938,10418547483,10418547524,1,"IOTHUB_CLIENT_CONFIRMATION_OK"
14939,10418547683,10418547752,1,"IOTHUB_CLIENT_CONFIRMATION_OK"
14940,10418547883,10418547925,1,"IOTHUB_CLIENT_CONFIRMATION_OK"
14941,10418548083,10418548129,1,"IOTHUB_CLIENT_CONFIRMATION_OK"
14942,10418548283,10418548323,1,"IOTHUB_CLIENT_CONFIRMATION_OK"
14943,10418548483,10418548524,1,"IOTHUB_CLIENT_CONFIRMATION_OK"
14944,10418548684,10418548725,1,"IOTHUB_CLIENT_CONFIRMATION_OK"
14945,10418548884,10418548925,1,"IOTHUB_CLIENT_CONFIRMATION_OK"
14946,10418549084,10418549150,1,"IOTHUB_CLIENT_CONFIRMATION_OK"
14947,10418549284,10418549330,1,"IOTHUB_CLIENT_CONFIRMATION_OK"
14948,10418549484,10418549524,1,"IOTHUB_CLIENT_CONFIRMATION_OK"
14949,10418549684,10418549734,1,"IOTHUB_CLIENT_CONFIRMATION_OK"
14950,10418549884,10418549937,1,"IOTHUB_CLIENT_CONFIRMATION_OK"
14951,10418550085,10418550123,1,"IOTHUB_CLIENT_CONFIRMATION_OK"
14952,10418550285,10418550330,1,"IOTHUB_CLIENT_CONFIRMATION_OK"
14953,10418550485,10418550529,1,"IOTHUB_CLIENT_CONFIRMATION_OK"
14954,10418550685,10418550722,1,"IOTHUB_CLIENT_CONFIRMATION_OK"
14955,10418550885,10418550930,1,"IOTHUB_CLIENT_CONFIRMATION_OK"
14956,10418551085,10418551130,1,"IOTHUB_CLIENT_CONFIRMATION_OK"
14957,10418551285,10418551331,1,"IOTHUB_CLIENT_CONFIRMATION_OK"
14958,10418551486,10418551529,1,"IOTHUB_CLIENT_CONFIRMATION_OK"
14959,10418551686,10418551726,1,"IOTHUB_CLIENT_CONFIRMATION_OK"
14960,10418551886,10418551929,1,"IOTHUB_CLIENT_CONFIRMATION_OK"
14961,10418552086,10418552141,1,"IOTHUB_CLIENT_CONFIRMATION_OK"
14962,10418552286,10418552337,1,"IOTHUB_CLIENT_CONFIRMATION_OK"
14963,10418552486,10418552527,1,"IOTHUB_CLIENT_CONFIRMATION_OK"
14964,10418552687,10418552737,1,"IOTHUB_CLIENT_CONFIRMATION_OK"
14965,10418552887,10418552926,1,"IOTHUB_CLIENT_CONFIRMATION_OK"
14966,10418553087,10418553131,1,"IOTHUB_CLIENT_CONFIRMATION_OK"
14967,10418553287,10418553349,1,"IOTHUB_CLIENT_CONFIRMATION_OK"
14968,10418553487,10418553532,1,"IOTHUB_CLIENT_CONFIRMATION_OK"
14969,10418553687,10418553738,1,"IOTHUB_CLIENT_CONFIRMATION_OK"
14970,10418553887,10418553928,1,"IOTHUB_CLIENT_CONFIRMATION_OK"
14971,10418554088,10418554160,1,"IOTHUB_CLIENT_CONFIRMATION_OK"
14972,10418554288,10418554328,1,"IOTHUB_CLIENT_CONFIRMATION_OK"
14973,10418554488,10418554527,1,"IOTHUB_CLIENT_CONFIRMATION_OK"
14974,10418554688,10418554736,1,"IOTHUB_CLIENT_CONFIRMATION_OK"
14975,10418554888,10418554991,1,"IOTHUB_CLIENT_CONFIRMATION_OK"
14976,10418555088,10418555137,1,"IOTHUB_CLIENT_CONFIRMATION_OK"
14977,10418555289,10418555331,1,"IOTHUB_CLIENT_CONFIRMATION_OK"
14978,10418555489,10418555527,1,"IOTHUB_CLIENT_CONFIRMATION_OK"
14979,10418555689,10418555740,1,"IOTHUB_CLIENT_CONFIRMATION_OK"
14980,10418555889,10418555989,1,"IOTHUB_CLIENT_CONFIRMATION_OK"
14981,10418556089,10418556130,1,"IOTHUB_CLIENT_CONFIRMATION_OK"
14982,10418556289,10418556333,1,"IOTHUB_CLIENT_CONFIRMATION_OK"
14983,10418556490,10418556528,1,"IOTHUB_CLIENT_CONFIRMATION_OK"
14984,10418556690,10418556734,1,"IOTHUB_CLIENT_CONFIRMATION_OK"
14985,10418556890,10418556935,1,"IOTHUB_CLIENT_CONFIRMATION_OK"
14986,10418557090,10418557129,1,"IOTHUB_CLIENT_CONFIRMATION_OK"
14987,10418557290,10418557329,1,"IOTHUB_CLIENT_CONFIRMATION_OK"
14988,10418557490,10418557530,1,"IOTHUB_CLIENT_CONFIRMATION_OK"
14989,10418557690,10418557732,1,"IOTHUB_CLIENT_CONFIRMATION_OK"
14990,10418557891,10418558056,1,"IOTHUB_CLIENT_CONFIRMATION_OK"
14991,10418558091,10418558129,1,"IOTHUB_CLIENT_CONFIRMATION_OK"
14992,10418558291,10418558336,1,"IOTHUB_CLIENT_CONFIRMATION_OK"
14993,10418558491,10418558531,1,"IOTHUB_CLIENT_CONFIRMATION_OK"
14994,10418558691,10418558732,1,"IOTHUB_CLIENT_CONFIRMATION_OK"
14995,10418558891,10418558951,1,"IOTHUB_CLIENT_CONFIRMATION_OK"
14996,10418559092,10418559131,1,"IOTHUB_CLIENT_CONFIRMATION_OK"
14997,10418559292,10418559346,1,"IOTHUB_CLIENT_CONFIRMATION_OK"
14998,10418559492,10418559550,1,"IOTHUB_CLIENT_CONFIRMATION_OK"
14999,10418559692,10418559734,1,"IOTHUB_CLIENT_CONFIRMATION_OK"
15000,10418559892,10418560013,1,"IOTHUB_CLIENT_CONFIRMATION_OK"
15001,10418560092,10418560134,1,"IOTHUB_CLIENT_CONFIRMATION_OK"
15002,10418560293,10418560330,1,"IOTHUB_CLIENT_CONFIRMATION_OK"
15003,10418560493,10418560538,1,"IOTHUB_CLIENT_CONFIRMATION_OK"
15004,10418560693,10418560755,1,"IOTHUB_CLIENT_CONFIRMATION_OK"
15005,10418560893,10418560928,1,"IOTHUB_CLIENT_CONFIRMATION_OK"
15006,10418561093,10418561138,1,"IOTHUB_CLIENT_CONFIRMATION_OK"
15007,10418561293,10418561337,1,"IOTHUB_CLIENT_CONFIRMATION_OK"
15008,10418561494,10418561549,1,"IOTHUB_CLIENT_CONFIRMATION_OK"
15009,10418561694,10418561729,1,"IOTHUB_CLIENT_CONFIRMATION_OK"
15010,10418561894,10418561934,1,"IOTHUB_CLIENT_CONFIRMATION_OK"
15011,10418562094,10418562134,1,"IOTHUB_CLIENT_CONFIRMATION_OK"
15012,10418562294,10418562333,1,"IOTHUB_CLIENT_CONFIRMATION_OK"
15013,10418562494,10418562534,1,"IOTHUB_CLIENT_CONFIRMATION_OK"
15014,10418562694,10418562755,1,"IOTHUB_CLIENT_CONFIRMATION_OK"
15015,10418562895,10418562936,1,"IOTHUB_CLIENT_CONFIRMATION_OK"
15016,10418563095,10418563137,1,"IOTHUB_CLIENT_CONFIRMATION_OK"
15017,10418563295,10418563367,1,"IOTHUB_CLIENT_CONFIRMATION_OK"
15018,10418563495,10418563535,1,"IOTHUB_CLIENT_CONFIRMATION_OK"
15019,10418563695,10418563740,1,"IOTHUB_CLIENT_CONFIRMATION_OK"
15020,10418563895,10418563943,1,"IOTHUB_CLIENT_CONFIRMATION_OK"
15021,10418564096,10418564145,1,"IOTHUB_CLIENT_CONFIRMATION_OK"
15022,10418564296,10418564340,1,"IOTHUB_CLIENT_CONFIRMATION_OK"
15023,10418564496,10418564537,1,"IOTHUB_CLIENT_CONFIRMATION_OK"
15024,10418564696,10418564784,1,"IOTHUB_CLIENT_CONFIRMATION_OK"
15025,10418564896,10418564955,1,"IOTHUB_CLIENT_CONFIRMATION_OK"
15026,10418565096,10418565133,1,"IOTHUB_CLIENT_CONFIRMATION_OK"
15027,10418565296,10418565332,1,"IOTHUB_CLIENT_CONFIRMATION_OK"
15028,10418565497,10418565566,1,"IOTHUB_CLIENT_CONFIRMATION_OK"
15029,10418565697,10418565764,1,"IOTHUB_CLIENT_CONFIRMATION_OK"
15030,10418565897,10418565975,1,"IOTHUB_CLIENT_CONFIRMATION_OK"
15031,10418566097,10418566141,1,"IOTHUB_CLIENT_CONFIRMATION_OK"
15032,10418566297,10418566345,1,"IOTHUB_CLIENT_CONFIRMATION_OK"
15033,10418566497,10418566538,1,"IOTHUB_CLIENT_CONFIRMATION_OK"
15034,10418566698,10418566739,1,"IOTHUB_CLIENT_CONFIRMATION_OK"
15035,10418566898,10418566941,1,"IOTHUB_CLIENT_CONFIRMATION_OK"
15036,10418567098,10418567176,1,"IOTHUB_CLIENT_CONFIRMATION_OK"
15037,10418567298,10418567338,1,"IOTHUB_CLIENT_CONFIRMATION_OK"
15038,10418567498,10418567563,1,"IOTHUB_CLIENT_CONFIRMATION_OK"
15039,10418567698,10418567777,1,"IOTHUB_CLIENT_CONFIRMATION_OK"
15040,10418567898,10418568018,1,"IOTHUB_CLIENT_CONFIRMATION_OK"
15041,10418568099,10418568151,1,"IOTHUB_CLIENT_CONFIRMATION_OK"
15042,10418568299,10418568344,1,"IOTHUB_CLIENT_CONFIRMATION_OK"
15043,10418568499,10418568542,1,"IOTHUB_CLIENT_CONFIRMATION_OK"
15044,10418568699,10418568805,1,"IOTHUB_CLIENT_CONFIRMATION_OK"
15045,10418568899,10418568944,1,"IOTHUB_CLIENT_CONFIRMATION_OK"
15046,10418569099,10418569142,1,"IOTHUB_CLIENT_CONFIRMATION_OK"
15047,10418569300,10418569337,1,"IOTHUB_CLIENT_CONFIRMATION_OK"
15048,10418569500,10418569554,1,"IOTHUB_CLIENT_CONFIRMATION_OK"
15049,10418569700,10418569745,1,"IOTHUB_CLIENT_CONFIRMATION_OK"
15050,10418569900,10418569946,1,"IOTHUB_CLIENT_CONFIRMATION_OK"
15051,10418570100,10418570145,1,"IOTHUB_CLIENT_CONFIRMATION_OK"
15052,10418570300,10418570338,1,"IOTHUB_CLIENT_CONFIRMATION_OK"
15053,10418570500,10418570574,1,"IOTHUB_CLIENT_CONFIRMATION_OK"
15054,10418570701,10418570747,1,"IOTHUB_CLIENT_CONFIRMATION_OK"
15055,10418570901,10418570970,1,"IOTHUB_CLIENT_CONFIRMATION_OK"
15056,10418571101,10418571152,1,"IOTHUB_CLIENT_CONFIRMATION_OK"
15057,10418571301,10418571342,1,"IOTHUB_CLIENT_CONFIRMATION_OK"
15058,10418571501,10418571549,1,"IOTHUB_CLIENT_CONFIRMATION_OK"
15059,10418571701,10418571846,1,"IOTHUB_CLIENT_CONFIRMATION_OK"
15060,10418571902,10418571957,1,"IOTHUB_CLIENT_CONFIRMATION_OK"
15061,10418572102,10418572194,1,"IOTHUB_CLIENT_CONFIRMATION_OK"
15062,10418572302,10418572352,1,"IOTHUB_CLIENT_CONFIRMATION_OK"
15063,10418572502,10418572538,1,"IOTHUB_CLIENT_CONFIRMATION_OK"
15064,10418572702,10418572744,1,"IOTHUB_CLIENT_CONFIRMATION_OK"
15065,10418572902,10418572970,1,"IOTHUB_CLIENT_CONFIRMATION_OK"
15066,10418573102,10418573142,1,"IOTHUB_CLIENT_CONFIRMATION_OK"
15067,10418573303,10418573361,1,"IOTHUB_CLIENT_CONFIRMATION_OK"
15068,10418573503,10418573540,1,"IOTHUB_CLIENT_CONFIRMATION_OK"
15069,10418573703,10418573755,1,"IOTHUB_CLIENT_CONFIRMATION_OK"
15070,10418573903,10418573940,1,"IOTHUB_CLIENT_CONFIRMATION_OK"
15071,10418574103,10418574150,1,"IOTHUB_CLIENT_CONFIRMATION_OK"
15072,10418574304,10418574342,1,"IOTHUB_CLIENT_CONFIRMATION_OK"
15073,10418574504,10418574579,1,"IOTHUB_CLIENT_CONFIRMATION_OK"
15074,10418574704,10418574750,1,"IOTHUB_CLIENT_CONFIRMATION_OK"
15075,10418574904,10418574961,1,"IOTHUB_CLIENT_CONFIRMATION_OK"
15076,10418575104,10418575148,1,"IOTHUB_CLIENT_CONFIRMATION_OK"
15077,10418575304,10418575375,1,"IOTHUB_CLIENT_CONFIRMATION_OK"
15078,10418575505,10418575553,1,"IOTHUB_CLIENT_CONFIRMATION_OK"
15079,10418575705,10418575791,1,"IOTHUB_CLIENT_CONFIRMATION_OK"
15080,10418575905,10418575956,1,"IOTHUB_CLIENT_CONFIRMATION_OK"
15081,10418576105,10418576168,1,"IOTHUB_CLIENT_CONFIRMATION_OK"
15082,10418576305,10418576348,1,"IOTHUB_CLIENT_CONFIRMATION_OK"
15083,10418576505,10418576550,1,"IOTHUB_CLIENT_CONFIRMATION_OK"
15084,10418576705,10418576810,1,"IOTHUB_CLIENT_CONFIRMATION_OK"
15085,10418576906,10418576951,1,"IOTHUB_CLIENT_CONFIRMATION_OK"
15086,10418577106,10418577262,1,"IOTHUB_CLIENT_CONFIRMATION_OK"
15087,10418577306,10418577346,1,"IOTHUB_CLIENT_CONFIRMATION_OK"
15088,10418577506,10418577546,1,"IOTHUB_CLIENT_CONFIRMATION_OK"
15089,10418577706,10418577779,1,"IOTHUB_CLIENT_CONFIRMATION_OK"
15090,10418577906,10418578047,1,"IOTHUB_CLIENT_CONFIRMATION_OK"
15091,10418578106,10418578172,1,"IOTHUB_CLIENT_CONFIRMATION_OK"
15092,10418578307,10418578369,1,"IOTHUB_CLIENT_CONFIRMATION_OK"
15093,10418578507,10418578571,1,"IOTHUB_CLIENT_CONFIRMATION_OK"
15094,10418578707,10418578744,1,"IOTHUB_CLIENT_CONFIRMATION_OK"
15095,10418578907,10418578955,1,"IOTHUB_CLIENT_CONFIRMATION_OK"
15096,10418579107,10418579311,1,"IOTHUB_CLIENT_CONFIRMATION_OK"
15097,10418579307,10418579359,1,"IOTHUB_CLIENT_CONFIRMATION_OK"
15098,10418579508,10418579577,1,"IOTHUB_CLIENT_CONFIRMATION_OK"
15099,10418579708,10418579746,1,"IOTHUB_CLIENT_CONFIRMATION_OK"
15100,10418579908,10418579946,1,"IOTHUB_CLIENT_CONFIRMATION_OK"
15101,10418580108,10418580147,1,"IOTHUB_CLIENT_CONFIRMATION_OK"
15102,10418580308,10418580350,1,"IOTHUB_CLIENT_CONFIRMATION_OK"
15103,10418580508,10418580556,1,"IOTHUB_CLIENT_CONFIRMATION_OK"
15104,10418580708,10418580755,1,"IOTHUB_CLIENT_CONFIRMATION_OK"
15105,10418580909,10418580948,1,"IOTHUB_CLIENT_CONFIRMATION_OK"
15106,10418581109,10418581156,1,"IOTHUB_CLIENT_CONFIRMATION_OK"
15107,10418581309,10418581354,1,"IOTHUB_CLIENT_CONFIRMATION_OK"
15108,10418581509,10418581549,1,"IOTHUB_CLIENT_CONFIRMATION_OK"
15109,10418581709,10418581913,1,"IOTHUB_CLIENT_CONFIRMATION_OK"
15110,10418581909,10418581944,1,"IOTHUB_CLIENT_CONFIRMATION_OK"
15111,10418582109,10418582150,1,"IOTHUB_CLIENT_CONFIRMATION_OK"
15112,10418582310,10418582364,1,"IOTHUB_CLIENT_CONFIRMATION_OK"
15113,10418582510,10418582554,1,"IOTHUB_CLIENT_CONFIRMATION_OK"
15114,10418582710,10418582754,1,"IOTHUB_CLIENT_CONFIRMATION_OK"
15115,10418582910,10418582956,1,"IOTHUB_CLIENT_CONFIRMATION_OK"
15116,10418583110,10418583151,1,"IOTHUB_CLIENT_CONFIRMATION_OK"
15117,10418583310,10418583344,1,"IOTHUB_CLIENT_CONFIRMATION_OK"
15118,10418583511,10418583571,1,"IOTHUB_CLIENT_CONFIRMATION_OK"
15119,10418583711,10418583779,1,"IOTHUB_CLIENT_CONFIRMATION_OK"
15120,10418583911,10418583957,1,"IOTHUB_CLIENT_CONFIRMATION_OK"
15121,10418584111,10418584159,1,"IOTHUB_CLIENT_CONFIRMATION_OK"
15122,10418584311,10418584361,1,"IOTHUB_CLIENT_CONFIRMATION_OK"
15123,10418584511,10418584558,1,"IOTHUB_CLIENT_CONFIRMATION_OK"
15124,10418584711,10418584762,1,"IOTHUB_CLIENT_CONFIRMATION_OK"
15125,10418584912,10418584956,1,"IOTHUB_CLIENT_CONFIRMATION_OK"
15126,10418585112,10418585154,1,"IOTHUB_CLIENT_CONFIRMATION_OK"
15127,10418585312,10418585349,1,"IOTHUB_CLIENT_CONFIRMATION_OK"
15128,10418585512,10418585588,1,"IOTHUB_CLIENT_CONFIRMATION_OK"
15129,10418585712,10418585789,1,"IOTHUB_CLIENT_CONFIRMATION_OK"
15130,10418585912,10418585988,1,"IOTHUB_CLIENT_CONFIRMATION_OK"
15131,10418586113,10418586156,1,"IOTHUB_CLIENT_CONFIRMATION_OK"
15132,10418586313,10418586403,1,"IOTHUB_CLIENT_CONFIRMATION_OK"
15133,10418586513,10418586557,1,"IOTHUB_CLIENT_CONFIRMATION_OK"
15134,10418586713,10418586765,1,"IOTHUB_CLIENT_CONFIRMATION_OK"
15135,10418586913,10418587006,1,"IOTHUB_CLIENT_CONFIRMATION_OK"
15136,10418587113,10418587256,1,"IOTHUB_CLIENT_CONFIRMATION_OK"
15137,10418587314,10418587449,1,"IOTHUB_CLIENT_CONFIRMATION_OK"
15138,10418587514,10418587558,1,"IOTHUB_CLIENT_CONFIRMATION_OK"
15139,10418587714,10418587775,1,"IOTHUB_CLIENT_CONFIRMATION_OK"
15140,10418587914,10418588094,1,"IOTHUB_CLIENT_CONFIRMATION_OK"
15141,10418588114,10418588157,1,"IOTHUB_CLIENT_CONFIRMATION_OK"
15142,10418588314,10418588359,1,"IOTHUB_CLIENT_CONFIRMATION_OK"
15143,10418588515,10418588568,1,"IOTHUB_CLIENT_CONFIRMATION_OK"
15144,10418588715,10418588785,1,"IOTHUB_CLIENT_CONFIRMATION_OK"
15145,10418588915,10418588958,1,"IOTHUB_CLIENT_CONFIRMATION_OK"
15146,10418589115,10418589170,1,"IOTHUB_CLIENT_CONFIRMATION_OK"
15147,10418589315,10418589377,1,"IOTHUB_CLIENT_CONFIRMATION_OK"
15148,10418589515,10418589557,1,"IOTHUB_CLIENT_CONFIRMATION_OK"
15149,10418589715,10418589759,1,"IOTHUB_CLIENT_CONFIRMATION_OK"
15150,10418589916,10418589958,1,"IOTHUB_CLIENT_CONFIRMATION_OK"
15151,10418590116,10418590166,1,"IOTHUB_CLIENT_CONFIRMATION_OK"
15152,10418590316,10418590355,1,"IOTHUB_CLIENT_CONFIRMATION_OK"
15153,10418590516,10418590558,1,"IOTHUB_CLIENT_CONFIRMATION_OK"
15154,10418590716,10418590762,1,"IOTHUB_CLIENT_CONFIRMATION_OK"
15155,10418590916,10418590967,1,"IOTHUB_CLIENT_CONFIRMATION_OK"
15156,10418591117,10418591192,1,"IOTHUB_CLIENT_CONFIRMATION_OK"
15157,10418591317,10418591360,1,"IOTHUB_CLIENT_CONFIRMATION_OK"
15158,10418591517,10418591561,1,"IOTHUB_CLIENT_CONFIRMATION_OK"
15159,10418591717,10418591770,1,"IOTHUB_CLIENT_CONFIRMATION_OK"
15160,10418591917,10418591961,1,"IOTHUB_CLIENT_CONFIRMATION_OK"
15161,10418592117,10418592164,1,"IOTHUB_CLIENT_CONFIRMATION_OK"
15162,10418592318,10418592359,1,"IOTHUB_CLIENT_CONFIRMATION_OK"
15163,10418592518,10418592606,1,"IOTHUB_CLIENT_CONFIRMATION_OK"
15164,10418592718,10418592763,1,"IOTHUB_CLIENT_CONFIRMATION_OK"
15165,10418592918,10418592960,1,"IOTHUB_CLIENT_CONFIRMATION_OK"
15166,10418593118,10418593162,1,"IOTHUB_CLIENT_CONFIRMATION_OK"
15167,10418593318,10418593484,1,"IOTHUB_CLIENT_CONFIRMATION_OK"
15168,10418593518,10418593574,1,"IOTHUB_CLIENT_CONFIRMATION_OK"
15169,10418593719,10418593768,1,"IOTHUB_CLIENT_CONFIRMATION_OK"
15170,10418593919,10418593974,1,"IOTHUB_CLIENT_CONFIRMATION_OK"
15171,10418594119,10418594154,1,"IOTHUB_CLIENT_CONFIRMATION_OK"
15172,10418594319,10418594363,1,"IOTHUB_CLIENT_CONFIRMATION_OK"
15173,10418594519,10418594563,1,"IOTHUB_CLIENT_CONFIRMATION_OK"
15174,10418594719,10418594770,1,"IOTHUB_CLIENT_CONFIRMATION_OK"
15175,10418594919,10418595011,1,"IOTHUB_CLIENT_CONFIRMATION_OK"
15176,10418595120,10418595159,1,"IOTHUB_CLIENT_CONFIRMATION_OK"
15177,10418595320,10418595370,1,"IOTHUB_CLIENT_CONFIRMATION_OK"
15178,10418595520,10418595562,1,"IOTHUB_CLIENT_CONFIRMATION_OK"
15179,10418595720,10418595758,1,"IOTHUB_CLIENT_CONFIRMATION_OK"
15180,10418595920,10418595960,1,"IOTHUB_CLIENT_CONFIRMATION_OK"
15181,10418596120,10418596163,1,"IOTHUB_CLIENT_CONFIRMATION_OK"
15182,10418596320,10418596371,1,"IOTHUB_CLIENT_CONFIRMATION_OK"
15183,10418596521,10418596565,1,"IOTHUB_CLIENT_CONFIRMATION_OK"
15184,10418596721,10418596776,1,"IOTHUB_CLIENT_CONFIRMATION_OK"
15185,10418596921,10418596961,1,"IOTHUB_CLIENT_CONFIRMATION_OK"
15186,10418597121,10418597179,1,"IOTHUB_CLIENT_CONFIRMATION_OK"
15187,10418597321,10418597377,1,"IOTHUB_CLIENT_CONFIRMATION_OK"
15188,10418597521,10418597564,1,"IOTHUB_CLIENT_CONFIRMATION_OK"
15189,10418597722,10418597765,1,"IOTHUB_CLIENT_CONFIRMATION_OK"
15190,10418597922,10418597979,1,"IOTHUB_CLIENT_CONFIRMATION_OK"
15191,10418598122,10418598166,1,"IOTHUB_CLIENT_CONFIRMATION_OK"
15192,10418598322,10418598379,1,"IOTHUB_CLIENT_CONFIRMATION_OK"
15193,10418598522,10418598606,1,"IOTHUB_CLIENT_CONFIRMATION_OK"
15194,10418598722,10418598763,1,"IOTHUB_CLIENT_CONFIRMATION_OK"
15195,10418598922,10418598970,1,"IOTHUB_CLIENT_CONFIRMATION_OK"
15196,10418599123,10418599190,1,"IOTHUB_CLIENT_CONFIRMATION_OK"
15197,10418599323,10418599377,1,"IOTHUB_CLIENT_CONFIRMATION_OK"
15198,10418599523,10418599574,1,"IOTHUB_CLIENT_CONFIRMATION_OK"
15199,10418599723,10418599769,1,"IOTHUB_CLIENT_CONFIRMATION_OK"
15200,10418599923,10418599964,1,"IOTHUB_CLIENT_CONFIRMATION_OK"
15201,10418600123,10418600169,1,"IOTHUB_CLIENT_CONFIRMATION_OK"
15202,10418600324,10418600376,1,"IOTHUB_CLIENT_CONFIRMATION_OK"
15203,10418600524,10418600566,1,"IOTHUB_CLIENT_CONFIRMATION_OK"
15204,10418600724,10418600768,1,"IOTHUB_CLIENT_CONFIRMATION_OK"
15205,10418600924,10418601009,1,"IOTHUB_CLIENT_CONFIRMATION_OK"
15206,10418601124,10418601168,1,"IOTHUB_CLIENT_CONFIRMATION_OK"
15207,10418601324,10418601366,1,"IOTHUB_CLIENT_CONFIRMATION_OK"
15208,10418601525,10418601590,1,"IOTHUB_CLIENT_CONFIRMATION_OK"
15209,10418601725,10418601956,1,"IOTHUB_CLIENT_CONFIRMATION_OK"
15210,10418601925,10418601978,1,"IOTHUB_CLIENT_CONFIRMATION_OK"
15211,10418602125,10418602180,1,"IOTHUB_CLIENT_CONFIRMATION_OK"
15212,10418602325,10418602371,1,"IOTHUB_CLIENT_CONFIRMATION_OK"
15213,10418602525,10418602568,1,"IOTHUB_CLIENT_CONFIRMATION_OK"
15214,10418602725,10418602759,1,"IOTHUB_CLIENT_CONFIRMATION_OK"
15215,10418602926,10418602969,1,"IOTHUB_CLIENT_CONFIRMATION_OK"
15216,10418603126,10418603168,1,"IOTHUB_CLIENT_CONFIRMATION_OK"
15217,10418603326,10418603375,1,"IOTHUB_CLIENT_CONFIRMATION_OK"
15218,10418603526,10418603580,1,"IOTHUB_CLIENT_CONFIRMATION_OK"
15219,10418603726,10418603833,1,"IOTHUB_CLIENT_CONFIRMATION_OK"
15220,10418603926,10418603984,1,"IOTHUB_CLIENT_CONFIRMATION_OK"
15221,10418604127,10418604168,1,"IOTHUB_CLIENT_CONFIRMATION_OK"
15222,10418604327,10418604366,1,"IOTHUB_CLIENT_CONFIRMATION_OK"
15223,10418604527,10418604574,1,"IOTHUB_CLIENT_CONFIRMATION_OK"
15224,10418604727,10418604765,1,"IOTHUB_CLIENT_CONFIRMATION_OK"
15225,10418604927,10418604987,1,"IOTHUB_CLIENT_CONFIRMATION_OK"
15226,10418605127,10418605171,1,"IOTHUB_CLIENT_CONFIRMATION_OK"
15227,10418605327,10418605369,1,"IOTHUB_CLIENT_CONFIRMATION_OK"
15228,10418605528,10418605587,1,"IOTHUB_CLIENT_CONFIRMATION_OK"
15229,10418605728,10418605774,1,"IOTHUB_CLIENT_CONFIRMATION_OK"
15230,10418605928,10418605969,1,"IOTHUB_CLIENT_CONFIRMATION_OK"
15231,10418606128,10418606175,1,"IOTHUB_CLIENT_CONFIRMATION_OK"
15232,10418606328,10418606406,1,"IOTHUB_CLIENT_CONFIRMATION_OK"
15233,10418606528,10418606591,1,"IOTHUB_CLIENT_CONFIRMATION_OK"
15234,10418606729,10418606771,1,"IOTHUB_CLIENT_CONFIRMATION_OK"
15235,10418606929,10418606967,1,"IOTHUB_CLIENT_CONFIRMATION_OK"
15236,10418607129,10418607608,1,"IOTHUB_CLIENT_CONFIRMATION_OK"
15237,10418607329,10418607686,1,"IOTHUB_CLIENT_CONFIRMATION_OK"
15238,10418607529,10418607741,1,"IOTHUB_CLIENT_CONFIRMATION_OK"
15239,10418607729,10418607791,1,"IOTHUB_CLIENT_CONFIRMATION_OK"
15240,10418607930,10418607975,1,"IOTHUB_CLIENT_CONFIRMATION_OK"
15241,10418608130,10418608177,1,"IOTHUB_CLIENT_CONFIRMATION_OK"
15242,10418608330,10418608411,1,"IOTHUB_CLIENT_CONFIRMATION_OK"
15243,10418608530,10418608604,1,"IOTHUB_CLIENT_CONFIRMATION_OK"
15244,10418608730,10418608788,1,"IOTHUB_CLIENT_CONFIRMATION_OK"
15245,10418608930,10418609027,1,"IOTHUB_CLIENT_CONFIRMATION_OK"
15246,10418609130,10418609170,1,"IOTHUB_CLIENT_CONFIRMATION_OK"
15247,10418609331,10418609381,1,"IOTHUB_CLIENT_CONFIRMATION_OK"
15248,10418609531,10418609568,1,"IOTHUB_CLIENT_CONFIRMATION_OK"
15249,10418609731,10418609776,1,"IOTHUB_CLIENT_CONFIRMATION_OK"
15250,10418609931,10418609986,1,"IOTHUB_CLIENT_CONFIRMATION_OK"
15251,10418610131,10418610274,1,"IOTHUB_CLIENT_CONFIRMATION_OK"
15252,10418610331,10418610378,1,"IOTHUB_CLIENT_CONFIRMATION_OK"
15253,10418610532,10418610587,1,"IOTHUB_CLIENT_CONFIRMATION_OK"
15254,10418610732,10418610776,1,"IOTHUB_CLIENT_CONFIRMATION_OK"
15255,10418610932,10418611080,1,"IOTHUB_CLIENT_CONFIRMATION_OK"
15256,10418611132,10418611344,1,"IOTHUB_CLIENT_CONFIRMATION_OK"
15257,10418611332,10418611394,1,"IOTHUB_CLIENT_CONFIRMATION_OK"
15258,10418611532,10418611576,1,"IOTHUB_CLIENT_CONFIRMATION_OK"
15259,10418611733,10418611772,1,"IOTHUB_CLIENT_CONFIRMATION_OK"
15260,10418611933,10418611985,1,"IOTHUB_CLIENT_CONFIRMATION_OK"
15261,10418612133,10418612177,1,"IOTHUB_CLIENT_CONFIRMATION_OK"
15262,10418612333,10418612380,1,"IOTHUB_CLIENT_CONFIRMATION_OK"
15263,10418612533,10418612581,1,"IOTHUB_CLIENT_CONFIRMATION_OK"
15264,10418612733,10418612777,1,"IOTHUB_CLIENT_CONFIRMATION_OK"
15265,10418612933,10418612976,1,"IOTHUB_CLIENT_CONFIRMATION_OK"
15266,10418613134,10418613179,1,"IOTHUB_CLIENT_CONFIRMATION_OK"
15267,10418613334,10418613393,1,"IOTHUB_CLIENT_CONFIRMATION_OK"
15268,10418613534,10418613577,1,"IOTHUB_CLIENT_CONFIRMATION_OK"
15269,10418613734,10418613776,1,"IOTHUB_CLIENT_CONFIRMATION_OK"
15270,10418613934,10418613981,1,"IOTHUB_CLIENT_CONFIRMATION_OK"
15271,10418614134,10418614184,1,"IOTHUB_CLIENT_CONFIRMATION_OK"
15272,10418614335,10418614377,1,"IOTHUB_CLIENT_CONFIRMATION_OK"
15273,10418614535,10418614574,1,"IOTHUB_CLIENT_CONFIRMATION_OK"
15274,10418614735,10418614971,1,"IOTHUB_CLIENT_CONFIRMATION_OK"
15275,10418614935,10418614997,1,"IOTHUB_CLIENT_CONFIRMATION_OK"
15276,10418615135,10418615175,1,"IOTHUB_CLIENT_CONFIRMATION_OK"
15277,10418615335,10418615414,1,"IOTHUB_CLIENT_CONFIRMATION_OK"
15278,10418615535,10418615577,1,"IOTHUB_CLIENT_CONFIRMATION_OK"
15279,10418615736,10418615773,1,"IOTHUB_CLIENT_CONFIRMATION_OK"
15280,10418615936,10418615974,1,"IOTHUB_CLIENT_CONFIRMATION_OK"
15281,10418616136,10418616173,1,"IOTHUB_CLIENT_CONFIRMATION_OK"
15282,10418616336,10418616395,1,"IOTHUB_CLIENT_CONFIRMATION_OK"
15283,10418616536,10418616585,1,"IOTHUB_CLIENT_CONFIRMATION_OK"
15284,10418616736,10418616776,1,"IOTHUB_CLIENT_CONFIRMATION_OK"
15285,10418616936,10418616979,1,"IOTHUB_CLIENT_CONFIRMATION_OK"
15286,10418617137,10418617178,1,"IOTHUB_CLIENT_CONFIRMATION_OK"
15287,10418617337,10418617377,1,"IOTHUB_CLIENT_CONFIRMATION_OK"
15288,10418617537,10418617588,1,"IOTHUB_CLIENT_CONFIRMATION_OK"
15289,10418617737,10418617795,1,"IOTHUB_CLIENT_CONFIRMATION_OK"
15290,10418617937,10418617982,1,"IOTHUB_CLIENT_CONFIRMATION_OK"
15291,10418618137,10418618235,1,"IOTHUB_CLIENT_CONFIRMATION_OK"
15292,10418618337,10418618401,1,"IOTHUB_CLIENT_CONFIRMATION_OK"
15293,10418618538,10418618585,1,"IOTHUB_CLIENT_CONFIRMATION_OK"
15294,10418618738,10418618813,1,"IOTHUB_CLIENT_CONFIRMATION_OK"
15295,10418618938,10418618984,1,"IOTHUB_CLIENT_CONFIRMATION_OK"
15296,10418619138,10418619177,1,"IOTHUB_CLIENT_CONFIRMATION_OK"
15297,10418619338,10418619390,1,"IOTHUB_CLIENT_CONFIRMATION_OK"
15298,10418619538,10418619578,1,"IOTHUB_CLIENT_CONFIRMATION_OK"
15299,10418619738,10418619789,1,"IOTHUB_CLIENT_CONFIRMATION_OK"
15300,10418619939,10418619986,1,"IOTHUB_CLIENT_CONFIRMATION_OK"
15301,10418620139,10418620288,1,"IOTHUB_CLIENT_CONFIRMATION_OK"
15302,10418620339,10418620413,1,"IOTHUB_CLIENT_CONFIRMATION_OK"
15303,10418620539,10418620584,1,"IOTHUB_CLIENT_CONFIRMATION_OK"
15304,10418620739,10418620776,1,"IOTHUB_CLIENT_CONFIRMATION_OK"
15305,10418620939,10418621026,1,"IOTHUB_CLIENT_CONFIRMATION_OK"
15306,10418621140,10418621197,1,"IOTHUB_CLIENT_CONFIRMATION_OK"
15307,10418621340,10418621382,1,"IOTHUB_CLIENT_CONFIRMATION_OK"
15308,10418621540,10418621595,1,"IOTHUB_CLIENT_CONFIRMATION_OK"
15309,10418621740,10418621848,1,"IOTHUB_CLIENT_CONFIRMATION_OK"
15310,10418621940,10418621984,1,"IOTHUB_CLIENT_CONFIRMATION_OK"
15311,10418622140,10418622182,1,"IOTHUB_CLIENT_CONFIRMATION_OK"
15312,10418622340,10418622382,1,"IOTHUB_CLIENT_CONFIRMATION_OK"
15313,10418622541,10418622606,1,"IOTHUB_CLIENT_CONFIRMATION_OK"
15314,10418622741,10418622795,1,"IOTHUB_CLIENT_CONFIRMATION_OK"
15315,10418622941,10418622983,1,"IOTHUB_CLIENT_CONFIRMATION_OK"
15316,10418623141,10418623212,1,"IOTHUB_CLIENT_CONFIRMATION_OK"
15317,10418623341,10418623426,1,"IOTHUB_CLIENT_CONFIRMATION_OK"
15318,10418623541,10418623606,1,"IOTHUB_CLIENT_CONFIRMATION_OK"
15319,10418623742,10418623796,1,"IOTHUB_CLIENT_CONFIRMATION_OK"
15320,10418623942,10418623994,1,"IOTHUB_CLIENT_CONFIRMATION_OK"
15321,10418624142,10418624238,1,"IOTHUB_CLIENT_CONFIRMATION_OK"
15322,10418624342,10418624400,1,"IOTHUB_CLIENT_CONFIRMATION_OK"
15323,10418624542,10418624582,1,"IOTHUB_CLIENT_CONFIRMATION_OK"
15324,10418624742,10418624886,1,"IOTHUB_CLIENT_CONFIRMATION_OK"
15325,10418624943,10418624987,1,"IOTHUB_CLIENT_CONFIRMATION_OK"
15326,10418625143,10418625206,1,"IOTHUB_CLIENT_CONFIRMATION_OK"
15327,10418625343,10418625386,1,"IOTHUB_CLIENT_CONFIRMATION_OK"
15328,10418625543,10418625765,1,"IOTHUB_CLIENT_CONFIRMATION_OK"
15329,10418625743,10418625805,1,"IOTHUB_CLIENT_CONFIRMATION_OK"
15330,10418625943,10418625992,1,"IOTHUB_CLIENT_CONFIRMATION_OK"
15331,10418626144,10418626189,1,"IOTHUB_CLIENT_CONFIRMATION_OK"
15332,10418626344,10418626381,1,"IOTHUB_CLIENT_CONFIRMATION_OK"
15333,10418626544,10418626580,1,"IOTHUB_CLIENT_CONFIRMATION_OK"
15334,10418626744,10418626783,1,"IOTHUB_CLIENT_CONFIRMATION_OK"
15335,10418626944,10418626989,1,"IOTHUB_CLIENT_CONFIRMATION_OK"
15336,10418627144,10418627199,1,"IOTHUB_CLIENT_CONFIRMATION_OK"
15337,10418627344,10418627385,1,"IOTHUB_CLIENT_CONFIRMATION_OK"
15338,10418627545,10418627588,1,"IOTHUB_CLIENT_CONFIRMATION_OK"
15339,10418627745,10418627789,1,"IOTHUB_CLIENT_CONFIRMATION_OK"
15340,10418627945,10418628002,1,"IOTHUB_CLIENT_CONFIRMATION_OK"
15341,10418628145,10418628183,1,"IOTHUB_CLIENT_CONFIRMATION_OK"
15342,10418628345,10418628393,1,"IOTHUB_CLIENT_CONFIRMATION_OK"
15343,10418628545,10418628594,1,"IOTHUB_CLIENT_CONFIRMATION_OK"
15344,10418628746,10418628789,1,"IOTHUB_CLIENT_CONFIRMATION_OK"
15345,10418628946,10418629002,1,"IOTHUB_CLIENT_CONFIRMATION_OK"
15346,10418629146,10418629190,1,"IOTHUB_CLIENT_CONFIRMATION_OK"
15347,10418629346,10418629390,1,"IOTHUB_CLIENT_CONFIRMATION_OK"
15348,10418629546,10418629583,1,"IOTHUB_CLIENT_CONFIRMATION_OK"
15349,10418629746,10418629791,1,"IOTHUB_CLIENT_CONFIRMATION_OK"
15350,10418629946,10418629994,1,"IOTHUB_CLIENT_CONFIRMATION_OK"
15351,10418630147,10418630192,1,"IOTHUB_CLIENT_CONFIRMATION_OK"
15352,10418630347,10418630390,1,"IOTHUB_CLIENT_CONFIRMATION_OK"
15353,10418630547,10418630584,1,"IOTHUB_CLIENT_CONFIRMATION_OK"
15354,10418630747,10418630788,1,"IOTHUB_CLIENT_CONFIRMATION_OK"
15355,10418630947,10418631006,1,"IOTHUB_CLIENT_CONFIRMATION_OK"
15356,10418631147,10418631233,1,"IOTHUB_CLIENT_CONFIRMATION_OK"
15357,10418631348,10418631391,1,"IOTHUB_CLIENT_CONFIRMATION_OK"
15358,10418631548,10418631591,1,"IOTHUB_CLIENT_CONFIRMATION_OK"
15359,10418631748,10418631808,1,"IOTHUB_CLIENT_CONFIRMATION_OK"
15360,10418631948,10418632001,1,"IOTHUB_CLIENT_CONFIRMATION_OK"
15361,10418632148,10418632273,1,"IOTHUB_CLIENT_CONFIRMATION_OK"
15362,10418632348,10418632419,1,"IOTHUB_CLIENT_CONFIRMATION_OK"
15363,10418632549,10418632587,1,"IOTHUB_CLIENT_CONFIRMATION_OK"
15364,10418632749,10418632844,1,"IOTHUB_CLIENT_CONFIRMATION_OK"
15365,10418632949,10418632997,1,"IOTHUB_CLIENT_CONFIRMATION_OK"
15366,10418633149,10418633206,1,"IOTHUB_CLIENT_CONFIRMATION_OK"
15367,10418633349,10418633393,1,"IOTHUB_CLIENT_CONFIRMATION_OK"
15368,10418633549,10418633596,1,"IOTHUB_CLIENT_CONFIRMATION_OK"
15369,10418633749,10418633789,1,"IOTHUB_CLIENT_CONFIRMATION_OK"
15370,10418633950,10418633993,1,"IOTHUB_CLIENT_CONFIRMATION_OK"
15371,10418634150,10418634212,1,"IOTHUB_CLIENT_CONFIRMATION_OK"
15372,10418634350,10418634386,1,"IOTHUB_CLIENT_CONFIRMATION_OK"
15373,10418634550,10418634589,1,"IOTHUB_CLIENT_CONFIRMATION_OK"
15374,10418634750,10418634926,1,"IOTHUB_CLIENT_CONFIRMATION_OK"
15375,10418634950,10418635014,1,"IOTHUB_CLIENT_CONFIRMATION_OK"
15376,10418635151,10418635204,1,"IOTHUB_CLIENT_CONFIRMATION_OK"
15377,10418635351,10418635386,1,"IOTHUB_CLIENT_CONFIRMATION_OK"
15378,10418635551,10418635594,1,"IOTHUB_CLIENT_CONFIRMATION_OK"
15379,10418635751,10418635810,1,"IOTHUB_CLIENT_CONFIRMATION_OK"
15380,10418635951,10418635994,1,"IOTHUB_CLIENT_CONFIRMATION_OK"
15381,10418636151,10418636213,1,"IOTHUB_CLIENT_CONFIRMATION_OK"
15382,10418636352,10418636413,1,"IOTHUB_CLIENT_CONFIRMATION_OK"
15383,10418636552,10418636599,1,"IOTHUB_CLIENT_CONFIRMATION_OK"
15384,10418636752,10418636799,1,"IOTHUB_CLIENT_CONFIRMATION_OK"
15385,10418636952,10418636997,1,"IOTHUB_CLIENT_CONFIRMATION_OK"
15386,10418637152,10418637233,1,"IOTHUB_CLIENT_CONFIRMATION_OK"
15387,10418637352,10418637397,1,"IOTHUB_CLIENT_CONFIRMATION_OK"
15388,10418637553,10418637593,1,"IOTHUB_CLIENT_CONFIRMATION_OK"
15389,10418637753,10418637796,1,"IOTHUB_CLIENT_CONFIRMATION_OK"
15390,10418637953,10418638007,1,"IOTHUB_CLIENT_CONFIRMATION_OK"
15391,10418638153,10418638190,1,"IOTHUB_CLIENT_CONFIRMATION_OK"
15392,10418638353,10418638393,1,"IOTHUB_CLIENT_CONFIRMATION_OK"
15393,10418638553,10418638596,1,"IOTHUB_CLIENT_CONFIRMATION_OK"
15394,10418638753,10418638804,1,"IOTHUB_CLIENT_CONFIRMATION_OK"
15395,10418638954,10418639004,1,"IOTHUB_CLIENT_CONFIRMATION_OK"
15396,10418639154,10418639209,1,"IOTHUB_CLIENT_CONFIRMATION_OK"
15397,10418639354,10418639470,1,"IOTHUB_CLIENT_CONFIRMATION_OK"
15398,10418639554,10418639611,1,"IOTHUB_CLIENT_CONFIRMATION_OK"
15399,10418639754,10418639794,1,"IOTHUB_CLIENT_CONFIRMATION_OK"
15400,10418639954,10418640004,1,"IOTHUB_CLIENT_CONFIRMATION_OK"
15401,10418640155,10418640294,1,"IOTHUB_CLIENT_CONFIRMATION_OK"
15402,10418640355,10418640402,1,"IOTHUB_CLIENT_CONFIRMATION_OK"
15403,10418640555,10418640606,1,"IOTHUB_CLIENT_CONFIRMATION_OK"
15404,10418640755,10418640797,1,"IOTHUB_CLIENT_CONFIRMATION_OK"
15405,10418640955,10418640994,1,"IOTHUB_CLIENT_CONFIRMATION_OK"
15406,10418641155,10418641198,1,"IOTHUB_CLIENT_CONFIRMATION_OK"
15407,10418641355,10418641412,1,"IOTHUB_CLIENT_CONFIRMATION_OK"
15408,10418641556,10418641606,1,"IOTHUB_CLIENT_CONFIRMATION_OK"
15409,10418641756,10418641798,1,"IOTHUB_CLIENT_CONFIRMATION_OK"
15410,10418641956,10418642012,1,"IOTHUB_CLIENT_CONFIRMATION_OK"
15411,10418642156,10418642227,1,"IOTHUB_CLIENT_CONFIRMATION_OK"
15412,10418642356,10418642421,1,"IOTHUB_CLIENT_CONFIRMATION_OK"
15413,10418642556,10418642622,1,"IOTHUB_CLIENT_CONFIRMATION_OK"
15414,10418642757,10418642797,1,"IOTHUB_CLIENT_CONFIRMATION_OK"
15415,10418642957,10418642997,1,"IOTHUB_CLIENT_CONFIRMATION_OK"
15416,10418643157,10418643200,1,"IOTHUB_CLIENT_CONFIRMATION_OK"
15417,10418643357,10418643401,1,"IOTHUB_CLIENT_CONFIRMATION_OK"
15418,10418643557,10418643598,1,"IOTHUB_CLIENT_CONFIRMATION_OK"
15419,10418643757,10418643812,1,"IOTHUB_CLIENT_CONFIRMATION_OK"
15420,10418643957,10418644218,1,"IOTHUB_CLIENT_CONFIRMATION_OK"
15421,10418644158,10418644252,1,"IOTHUB_CLIENT_CONFIRMATION_OK"
15422,10418644358,10418644434,1,"IOTHUB_CLIENT_CONFIRMATION_OK"
15423,10418644558,10418644613,1,"IOTHUB_CLIENT_CONFIRMATION_OK"
15424,10418644758,10418644807,1,"IOTHUB_CLIENT_CONFIRMATION_OK"
15425,10418644958,10418644996,1,"IOTHUB_CLIENT_CONFIRMATION_OK"
15426,10418645158,10418645206,1,"IOTHUB_CLIENT_CONFIRMATION_OK"
15427,10418645358,10418645410,1,"IOTHUB_CLIENT_CONFIRMATION_OK"
15428,10418645559,10418645599,1,"IOTHUB_CLIENT_CONFIRMATION_OK"
15429,10418645759,10418645814,1,"IOTHUB_CLIENT_CONFIRMATION_OK"
15430,10418645959,10418646003,1,"IOTHUB_CLIENT_CONFIRMATION_OK"
15431,10418646159,10418646199,1,"IOTHUB_CLIENT_CONFIRMATION_OK"
15432,10418646359,10418646420,1,"IOTHUB_CLIENT_CONFIRMATION_OK"
15433,10418646559,10418646600,1,"IOTHUB_CLIENT_CONFIRMATION_OK"
15434,10418646760,10418646819,1,"IOTHUB_CLIENT_CONFIRMATION_OK"
15435,10418646960,10418647006,1,"IOTHUB_CLIENT_CONFIRMATION_OK"
15436,10418647160,10418647206,1,"IOTHUB_CLIENT_CONFIRMATION_OK"
15437,10418647360,10418647407,1,"IOTHUB_CLIENT_CONFIRMATION_OK"
15438,10418647560,10418647595,1,"IOTHUB_CLIENT_CONFIRMATION_OK"
15439,10418647760,10418647803,1,"IOTHUB_CLIENT_CONFIRMATION_OK"
15440,10418647960,10418648002,1,"IOTHUB_CLIENT_CONFIRMATION_OK"
15441,10418648161,10418648220,1,"IOTHUB_CLIENT_CONFIRMATION_OK"
15442,10418648361,10418648419,1,"IOTHUB_CLIENT_CONFIRMATION_OK"
15443,10418648561,10418648649,1,"IOTHUB_CLIENT_CONFIRMATION_OK"
15444,10418648761,10418648805,1,"IOTHUB_CLIENT_CONFIRMATION_OK"
15445,10418648961,10418649007,1,"IOTHUB_CLIENT_CONFIRMATION_OK"
15446,10418649161,10418649202,1,"IOTHUB_CLIENT_CONFIRMATION_OK"
15447,10418649361,10418649475,1,"IOTHUB_CLIENT_CONFIRMATION_OK"
15448,10418649562,10418649609,1,"IOTHUB_CLIENT_CONFIRMATION_OK"
15449,10418649762,10418649803,1,"IOTHUB_CLIENT_CONFIRMATION_OK"
15450,10418649962,10418650008,1,"IOTHUB_CLIENT_CONFIRMATION_OK"
15451,10418650162,10418650210,1,"IOTHUB_CLIENT_CONFIRMATION_OK"
15452,10418650362,10418650411,1,"IOTHUB_CLIENT_CONFIRMATION_OK"
15453,10418650562,10418650643,1,"IOTHUB_CLIENT_CONFIRMATION_OK"
15454,10418650763,10418650803,1,"IOTHUB_CLIENT_CONFIRMATION_OK"
15455,10418650963,10418650999,1,"IOTHUB_CLIENT_CONFIRMATION_OK"
15456,10418651163,10418651206,1,"IOTHUB_CLIENT_CONFIRMATION_OK"
15457,10418651363,10418651404,1,"IOTHUB_CLIENT_CONFIRMATION_OK"
15458,10418651563,10418651606,1,"IOTHUB_CLIENT_CONFIRMATION_OK"
15459,10418651763,10418651815,1,"IOTHUB_CLIENT_CONFIRMATION_OK"
15460,10418651963,10418652023,1,"IOTHUB_CLIENT_CONFIRMATION_OK"
15461,10418652164,10418652206,1,"IOTHUB_CLIENT_CONFIRMATION_OK"
15462,10418652364,10418652435,1,"IOTHUB_CLIENT_CONFIRMATION_OK"
15463,10418652564,10418652610,1,"IOTHUB_CLIENT_CONFIRMATION_OK"
15464,10418652764,10418652811,1,"IOTHUB_CLIENT_CONFIRMATION_OK"
15465,10418652964,10418653009,1,"IOTHUB_CLIENT_CONFIRMATION_OK"
15466,10418653164,10418653209,1,"IOTHUB_CLIENT_CONFIRMATION_OK"
15467,10418653365,10418653411,1,"IOTHUB_CLIENT_CONFIRMATION_OK"
15468,10418653565,10418653615,1,"IOTHUB_CLIENT_CONFIRMATION_OK"
15469,10418653765,10418653823,1,"IOTHUB_CLIENT_CONFIRMATION_OK"
15470,10418653965,10418654046,1,"IOTHUB_CLIENT_CONFIRMATION_OK"
15471,10418654165,10418654206,1,"IOTHUB_CLIENT_CONFIRMATION_OK"
15472,10418654365,10418654412,1,"IOTHUB_CLIENT_CONFIRMATION_OK"
15473,10418654565,10418654609,1,"IOTHUB_CLIENT_CONFIRMATION_OK"
15474,10418654766,10418654849,1,"IOTHUB_CLIENT_CONFIRMATION_OK"
15475,10418654966,10418655008,1,"IOTHUB_CLIENT_CONFIRMATION_OK"
15476,10418655166,10418655204,1,"IOTHUB_CLIENT_CONFIRMATION_OK"
15477,10418655366,10418655403,1,"IOTHUB_CLIENT_CONFIRMATION_OK"
15478,10418655566,10418655670,1,"IOTHUB_CLIENT_CONFIRMATION_OK"
15479,10418655766,10418655828,1,"IOTHUB_CLIENT_CONFIRMATION_OK"
15480,10418655967,10418656017,1,"IOTHUB_CLIENT_CONFIRMATION_OK"
15481,10418656167,10418656213,1,"IOTHUB_CLIENT_CONFIRMATION_OK"
15482,10418656367,10418656406,1,"IOTHUB_CLIENT_CONFIRMATION_OK"
15483,10418656567,10418656609,1,"IOTHUB_CLIENT_CONFIRMATION_OK"
15484,10418656767,10418656807,1,"IOTHUB_CLIENT_CONFIRMATION_OK"
15485,10418656967,10418657010,1,"IOTHUB_CLIENT_CONFIRMATION_OK"
15486,10418657167,10418657216,1,"IOTHUB_CLIENT_CONFIRMATION_OK"
15487,10418657368,10418657409,1,"IOTHUB_CLIENT_CONFIRMATION_OK"
15488,10418657568,10418657611,1,"IOTHUB_CLIENT_CONFIRMATION_OK"
15489,10418657768,10418657811,1,"IOTHUB_CLIENT_CONFIRMATION_OK"
15490,10418657968,10418658017,1,"IOTHUB_CLIENT_CONFIRMATION_OK"
15491,10418658168,10418658217,1,"IOTHUB_CLIENT_CONFIRMATION_OK"
15492,10418658368,10418658414,1,"IOTHUB_CLIENT_CONFIRMATION_OK"
15493,10418658569,10418658765,1,"IOTHUB_CLIENT_CONFIRMATION_OK"
15494,10418658769,10418658818,1,"IOTHUB_CLIENT_CONFIRMATION_OK"
15495,10418658969,10418659006,1,"IOTHUB_CLIENT_CONFIRMATION_OK"
15496,10418659169,10418659215,1,"IOTHUB_CLIENT_CONFIRMATION_OK"
15497,10418659369,10418659412,1,"IOTHUB_CLIENT_CONFIRMATION_OK"
15498,10418659569,10418659613,1,"IOTHUB_CLIENT_CONFIRMATION_OK"
15499,10418659769,10418659845,1,"IOTHUB_CLIENT_CONFIRMATION_OK"
15500,10418659970,10418660023,1,"IOTHUB_CLIENT_CONFIRMATION_OK"
15501,10418660170,10418660216,1,"IOTHUB_CLIENT_CONFIRMATION_OK"
15502,10418660370,10418660414,1,"IOTHUB_CLIENT_CONFIRMATION_OK"
15503,10418660570,10418660611,1,"IOTHUB_CLIENT_CONFIRMATION_OK"
15504,10418660770,10418660836,1,"IOTHUB_CLIENT_CONFIRMATION_OK"
15505,10418660970,10418661053,1,"IOTHUB_CLIENT_CONFIRMATION_OK"
15506,10418661171,10418661217,1,"IOTHUB_CLIENT_CONFIRMATION_OK"
15507,10418661371,10418661421,1,"IOTHUB_CLIENT_CONFIRMATION_OK"
15508,10418661571,10418661615,1,"IOTHUB_CLIENT_CONFIRMATION_OK"
15509,10418661771,10418661820,1,"IOTHUB_CLIENT_CONFIRMATION_OK"
15510,10418661971,10418662012,1,"IOTHUB_CLIENT_CONFIRMATION_OK"
15511,10418662171,10418662223,1,"IOTHUB_CLIENT_CONFIRMATION_OK"
15512,10418662371,10418662429,1,"IOTHUB_CLIENT_CONFIRMATION_OK"
15513,10418662572,10418662609,1,"IOTHUB_CLIENT_CONFIRMATION_OK"
15514,10418662772,10418662812,1,"IOTHUB_CLIENT_CONFIRMATION_OK"
15515,10418662972,10418663021,1,"IOTHUB_CLIENT_CONFIRMATION_OK"
15516,10418663172,10418663266,1,"IOTHUB_CLIENT_CONFIRMATION_OK"
15517,10418663372,10418663415,1,"IOTHUB_CLIENT_CONFIRMATION_OK"
15518,10418663572,10418663613,1,"IOTHUB_CLIENT_CONFIRMATION_OK"
15519,10418663773,10418663821,1,"IOTHUB_CLIENT_CONFIRMATION_OK"
15520,10418663973,10418664164,1,"IOTHUB_CLIENT_CONFIRMATION_OK"
15521,10418664173,10418664217,1,"IOTHUB_CLIENT_CONFIRMATION_OK"
15522,10418664373,10418664414,1,"IOTHUB_CLIENT_CONFIRMATION_OK"
15523,10418664573,10418664624,1,"IOTHUB_CLIENT_CONFIRMATION_OK"
15524,10418664773,10418664898,1,"IOTHUB_CLIENT_CONFIRMATION_OK"
15525,10418664973,10418665012,1,"IOTHUB_CLIENT_CONFIRMATION_OK"
15526,10418665174,10418665225,1,"IOTHUB_CLIENT_CONFIRMATION_OK"
15527,10418665374,10418665475,1,"IOTHUB_CLIENT_CONFIRMATION_OK"
15528,10418665574,10418665614,1,"IOTHUB_CLIENT_CONFIRMATION_OK"
15529,10418665774,10418665822,1,"IOTHUB_CLIENT_CONFIRMATION_OK"
15530,10418665974,10418666016,1,"IOTHUB_CLIENT_CONFIRMATION_OK"
15531,10418666174,10418666211,1,"IOTHUB_CLIENT_CONFIRMATION_OK"
15532,10418666375,10418666425,1,"IOTHUB_CLIENT_CONFIRMATION_OK"
15533,10418666575,10418666614,1,"IOTHUB_CLIENT_CONFIRMATION_OK"
15534,10418666775,10418666817,1,"IOTHUB_CLIENT_CONFIRMATION_OK"
15535,10418666975,10418667028,1,"IOTHUB_CLIENT_CONFIRMATION_OK"
15536,10418667175,10418667218,1,"IOTHUB_CLIENT_CONFIRMATION_OK"
15537,10418667375,10418667417,1,"IOTHUB_CLIENT_CONFIRMATION_OK"
15538,10418667575,10418667618,1,"IOTHUB_CLIENT_CONFIRMATION_OK"
15539,10418667776,10418667836,1,"IOTHUB_CLIENT_CONFIRMATION_OK"
15540,10418667976,10418668010,1,"IOTHUB_CLIENT_CONFIRMATION_OK"
15541,10418668176,10418668219,1,"IOTHUB_CLIENT_CONFIRMATION_OK"
15542,10418668376,10418668431,1,"IOTHUB_CLIENT_CONFIRMATION_OK"
15543,10418668576,10418668769,1,"IOTHUB_CLIENT_CONFIRMATION_OK"
15544,10418668776,10418668820,1,"IOTHUB_CLIENT_CONFIRMATION_OK"
15545,10418668977,10418669014,1,"IOTHUB_CLIENT_CONFIRMATION_OK"
15546,10418669177,10418669216,1,"IOTHUB_CLIENT_CONFIRMATION_OK"
15547,10418669377,10418669418,1,"IOTHUB_CLIENT_CONFIRMATION_OK"
15548,10418669577,10418669637,1,"IOTHUB_CLIENT_CONFIRMATION_OK"
15549,10418669777,10418669824,1,"IOTHUB_CLIENT_CONFIRMATION_OK"
15550,10418669977,10418670025,1,"IOTHUB_CLIENT_CONFIRMATION_OK"
15551,10418670177,10418670218,1,"IOTHUB_CLIENT_CONFIRMATION_OK"
15552,10418670378,10418670428,1,"IOTHUB_CLIENT_CONFIRMATION_OK"
15553,10418670578,10418670614,1,"IOTHUB_CLIENT_CONFIRMATION_OK"
15554,10418670778,10418670825,1,"IOTHUB_CLIENT_CONFIRMATION_OK"
15555,10418670978,10418671029,1,"IOTHUB_CLIENT_CONFIRMATION_OK"
15556,10418671178,10418671222,1,"IOTHUB_CLIENT_CONFIRMATION_OK"
15557,10418671379,10418671422,1,"IOTHUB_CLIENT_CONFIRMATION_OK"
15558,10418671579,10418671623,1,"IOTHUB_CLIENT_CONFIRMATION_OK"
15559,10418671779,10418671845,1,"IOTHUB_CLIENT_CONFIRMATION_OK"
15560,10418671979,10418672029,1,"IOTHUB_CLIENT_CONFIRMATION_OK"
15561,10418672179,10418672236,1,"IOTHUB_CLIENT_CONFIRMATION_OK"
15562,10418672379,10418672440,1,"IOTHUB_CLIENT_CONFIRMATION_OK"
15563,10418672579,10418672624,1,"IOTHUB_CLIENT_CONFIRMATION_OK"
15564,10418672780,10418672828,1,"IOTHUB_CLIENT_CONFIRMATION_OK"
15565,10418672980,10418673025,1,"IOTHUB_CLIENT_CONFIRMATION_OK"
15566,10418673180,10418673262,1,"IOTHUB_CLIENT_CONFIRMATION_OK"
15567,10418673380,10418673445,1,"IOTHUB_CLIENT_CONFIRMATION_OK"
15568,10418673580,10418673620,1,"IOTHUB_CLIENT_CONFIRMATION_OK"
15569,10418673780,10418673822,1,"IOTHUB_CLIENT_CONFIRMATION_OK"
15570,10418673981,10418674088,1,"IOTHUB_CLIENT_CONFIRMATION_OK"
15571,10418674181,10418674238,1,"IOTHUB_CLIENT_CONFIRMATION_OK"
15572,10418674381,10418674428,1,"IOTHUB_CLIENT_CONFIRMATION_OK"
15573,10418674581,10418674623,1,"IOTHUB_CLIENT_CONFIRMATION_OK"
15574,10418674781,10418674923,1,"IOTHUB_CLIENT_CONFIRMATION_OK"
15575,10418674981,10418675022,1,"IOTHUB_CLIENT_CONFIRMATION_OK"
15576,10418675181,10418675222,1,"IOTHUB_CLIENT_CONFIRMATION_OK"
15577,10418675382,10418675464,1,"IOTHUB_CLIENT_CONFIRMATION_OK"
15578,10418675582,10418675619,1,"IOTHUB_CLIENT_CONFIRMATION_OK"
15579,10418675782,10418675835,1,"IOTHUB_CLIENT_CONFIRMATION_OK"
15580,10418675982,10418676022,1,"IOTHUB_CLIENT_CONFIRMATION_OK"
15581,10418676182,10418676223,1,"IOTHUB_CLIENT_CONFIRMATION_OK"
15582,10418676382,10418676421,1,"IOTHUB_CLIENT_CONFIRMATION_OK"
15583,10418676583,10418676648,1,"IOTHUB_CLIENT_CONFIRMATION_OK"
15584,10418676783,10418676835,1,"IOTHUB_CLIENT_CONFIRMATION_OK"
15585,10418676983,10418677027,1,"IOTHUB_CLIENT_CONFIRMATION_OK"
15586,10418677183,10418677227,1,"IOTHUB_CLIENT_CONFIRMATION_OK"
15587,10418677383,10418677487,1,"IOTHUB_CLIENT_CONFIRMATION_OK"
15588,10418677583,10418677624,1,"IOTHUB_CLIENT_CONFIRMATION_OK"
15589,10418677783,10418677835,1,"IOTHUB_CLIENT_CONFIRMATION_OK"
15590,10418677984,10418678023,1,"IOTHUB_CLIENT_CONFIRMATION_OK"
15591,10418678184,10418678227,1,"IOTHUB_CLIENT_CONFIRMATION_OK"
15592,10418678384,10418678429,1,"IOTHUB_CLIENT_CONFIRMATION_OK"
15593,10418678584,10418678622,1,"IOTHUB_CLIENT_CONFIRMATION_OK"
15594,10418678784,10418678840,1,"IOTHUB_CLIENT_CONFIRMATION_OK"
15595,10418678984,10418679034,1,"IOTHUB_CLIENT_CONFIRMATION_OK"
15596,10418679185,10418679224,1,"IOTHUB_CLIENT_CONFIRMATION_OK"
15597,10418679385,10418679437,1,"IOTHUB_CLIENT_CONFIRMATION_OK"
15598,10418679585,10418679690,1,"IOTHUB_CLIENT_CONFIRMATION_OK"
15599,10418679785,10418679832,1,"IOTHUB_CLIENT_CONFIRMATION_OK"
15600,10418679985,10418680044,1,"IOTHUB_CLIENT_CONFIRMATION_OK"
15601,10418680185,10418680267,1,"IOTHUB_CLIENT_CONFIRMATION_OK"
15602,10418680385,10418680429,1,"IOTHUB_CLIENT_CONFIRMATION_OK"
15603,10418680586,10418680629,1,"IOTHUB_CLIENT_CONFIRMATION_OK"
15604,10418680786,10418680837,1,"IOTHUB_CLIENT_CONFIRMATION_OK"
15605,10418680986,10418681061,1,"IOTHUB_CLIENT_CONFIRMATION_OK"
15606,10418681186,10418681246,1,"IOTHUB_CLIENT_CONFIRMATION_OK"
15607,10418681386,10418681431,1,"IOTHUB_CLIENT_CONFIRMATION_OK"
15608,10418681586,10418681657,1,"IOTHUB_CLIENT_CONFIRMATION_OK"
15609,10418681787,10418681851,1,"IOTHUB_CLIENT_CONFIRMATION_OK"
15610,10418681987,10418682036,1,"IOTHUB_CLIENT_CONFIRMATION_OK"
15611,10418682187,10418682294,1,"IOTHUB_CLIENT_CONFIRMATION_OK"
15612,10418682387,10418682426,1,"IOTHUB_CLIENT_CONFIRMATION_OK"
15613,10418682587,10418682634,1,"IOTHUB_CLIENT_CONFIRMATION_OK"
15614,10418682787,10418682828,1,"IOTHUB_CLIENT_CONFIRMATION_OK"
15615,10418682988,10418683050,1,"IOTHUB_CLIENT_CONFIRMATION_OK"
15616,10418683188,10418683302,1,"IOTHUB_CLIENT_CONFIRMATION_OK"
15617,10418683388,10418683431,1,"IOTHUB_CLIENT_CONFIRMATION_OK"
15618,10418683588,10418683669,1,"IOTHUB_CLIENT_CONFIRMATION_OK"
15619,10418683788,10418683856,1,"IOTHUB_CLIENT_CONFIRMATION_OK"
15620,10418683988,10418684113,1,"IOTHUB_CLIENT_CONFIRMATION_OK"
15621,10418684188,10418684236,1,"IOTHUB_CLIENT_CONFIRMATION_OK"
15622,10418684389,10418684438,1,"IOTHUB_CLIENT_CONFIRMATION_OK"
15623,10418684589,10418684646,1,"IOTHUB_CLIENT_CONFIRMATION_OK"
15624,10418684789,10418684831,1,"IOTHUB_CLIENT_CONFIRMATION_OK"
15625,10418684989,10418685045,1,"IOTHUB_CLIENT_CONFIRMATION_OK"
15626,10418685189,10418685241,1,"IOTHUB_CLIENT_CONFIRMATION_OK"
15627,10418685389,10418685482,1,"IOTHUB_CLIENT_CONFIRMATION_OK"
15628,10418685589,10418685652,1,"IOTHUB_CLIENT_CONFIRMATION_OK"
15629,10418685790,10418685828,1,"IOTHUB_CLIENT_CONFIRMATION_OK"
15630,10418685990,10418686126,1,"IOTHUB_CLIENT_CONFIRMATION_OK"
15631,10418686190,10418686345,1,"IOTHUB_CLIENT_CONFIRMATION_OK"
15632,10418686390,10418686501,1,"IOTHUB_CLIENT_CONFIRMATION_OK"
15633,10418686590,10418686681,1,"IOTHUB_CLIENT_CONFIRMATION_OK"
15634,10418686790,10418686852,1,"IOTHUB_CLIENT_CONFIRMATION_OK"
15635,10418686991,10418687034,1,"IOTHUB_CLIENT_CONFIRMATION_OK"
15636,10418687191,10418687227,1,"IOTHUB_CLIENT_CONFIRMATION_OK"
15637,10418687391,10418687432,1,"IOTHUB_CLIENT_CONFIRMATION_OK"
15638,10418687591,10418687635,1,"IOTHUB_CLIENT_CONFIRMATION_OK"
15639,10418687791,10418687879,1,"IOTHUB_CLIENT_CONFIRMATION_OK"
15640,10418687991,10418688035,1,"IOTHUB_CLIENT_CONFIRMATION_OK"
15641,10418688192,10418688235,1,"IOTHUB_CLIENT_CONFIRMATION_OK"
15642,10418688392,10418688440,1,"IOTHUB_CLIENT_CONFIRMATION_OK"
15643,10418688592,10418688721,1,"IOTHUB_CLIENT_CONFIRMATION_OK"
15644,10418688792,10418688841,1,"IOTHUB_CLIENT_CONFIRMATION_OK"
15645,10418688992,10418689033,1,"IOTHUB_CLIENT_CONFIRMATION_OK"
15646,10418689192,10418689242,1,"IOTHUB_CLIENT_CONFIRMATION_OK"
15647,10418689392,10418689436,1,"IOTHUB_CLIENT_CONFIRMATION_OK"
15648,10418689593,10418689646,1,"IOTHUB_CLIENT_CONFIRMATION_OK"
15649,10418689793,10418689864,1,"IOTHUB_CLIENT_CONFIRMATION_OK"
15650,10418689993,10418690040,1,"IOTHUB_CLIENT_CONFIRMATION_OK"
15651,10418690193,10418690239,1,"IOTHUB_CLIENT_CONFIRMATION_OK"
15652,10418690393,10418690436,1,"IOTHUB_CLIENT_CONFIRMATION_OK"
15653,10418690593,10418690642,1,"IOTHUB_CLIENT_CONFIRMATION_OK"
15654,10418690793,10418690843,1,"IOTHUB_CLIENT_CONFIRMATION_OK"
15655,10418690994,10418691031,1,"IOTHUB_CLIENT_CONFIRMATION_OK"
15656,10418691194,10418691235,1,"IOTHUB_CLIENT_CONFIRMATION_OK"
15657,10418691394,10418691472,1,"IOTHUB_CLIENT_CONFIRMATION_OK"
15658,10418691594,10418691798,1,"IOTHUB_CLIENT_CONFIRMATION_OK"
15659,10418691794,10418691894,1,"IOTHUB_CLIENT_CONFIRMATION_OK"
15660,10418691994,10418692083,1,"IOTHUB_CLIENT_CONFIRMATION_OK"
15661,10418692195,10418692239,1,"IOTHUB_CLIENT_CONFIRMATION_OK"
15662,10418692395,10418692488,1,"IOTHUB_CLIENT_CONFIRMATION_OK"
15663,10418692595,10418692643,1,"IOTHUB_CLIENT_CONFIRMATION_OK"
15664,10418692795,10418692896,1,"IOTHUB_CLIENT_CONFIRMATION_OK"
15665,10418692995,10418693041,1,"IOTHUB_CLIENT_CONFIRMATION_OK"
15666,10418693195,10418693318,1,"IOTHUB_CLIENT_CONFIRMATION_OK"
15667,10418693395,10418693440,1,"IOTHUB_CLIENT_CONFIRMATION_OK"
15668,10418693596,10418693644,1,"IOTHUB_CLIENT_CONFIRMATION_OK"
15669,10418693796,10418693835,1,"IOTHUB_CLIENT_CONFIRMATION_OK"
15670,10418693996,10418694038,1,"IOTHUB_CLIENT_CONFIRMATION_OK"
15671,10418694196,10418694228,1,"IOTHUB_CLIENT_CONFIRMATION_OK"
15672,10418694396,10418694467,1,"IOTHUB_CLIENT_CONFIRMATION_OK"
15673,10418694596,10418694636,1,"IOTHUB_CLIENT_CONFIRMATION_OK"
15674,10418694796,10418694839,1,"IOTHUB_CLIENT_CONFIRMATION_OK"
15675,10418694997,10418695035,1,"IOTHUB_CLIENT_CONFIRMATION_OK"
15676,10418695197,10418695259,1,"IOTHUB_CLIENT_CONFIRMATION_OK"
15677,10418695397,10418695464,1,"IOTHUB_CLIENT_CONFIRMATION_OK"
15678,10418695597,10418695657,1,"IOTHUB_CLIENT_CONFIRMATION_OK"
15679,10418695797,10418695845,1,"IOTHUB_CLIENT_CONFIRMATION_OK"
15680,10418695997,10418696047,1,"IOTHUB_CLIENT_CONFIRMATION_OK"
15681,10418696198,10418696358,1,"IOTHUB_CLIENT_CONFIRMATION_OK"
15682,10418696398,10418696434,1,"IOTHUB_CLIENT_CONFIRMATION_OK"
15683,10418696598,10418696647,1,"IOTHUB_CLIENT_CONFIRMATION_OK"
15684,10418696798,10418696845,1,"IOTHUB_CLIENT_CONFIRMATION_OK"
15685,10418696998,10418697058,1,"IOTHUB_CLIENT_CONFIRMATION_OK"
15686,10418697198,10418697248,1,"IOTHUB_CLIENT_CONFIRMATION_OK"
15687,10418697399,10418697441,1,"IOTHUB_CLIENT_CONFIRMATION_OK"
15688,10418697599,10418697647,1,"IOTHUB_CLIENT_CONFIRMATION_OK"
15689,10418697799,10418697840,1,"IOTHUB_CLIENT_CONFIRMATION_OK"
15690,10418697999,10418698085,1,"IOTHUB_CLIENT_CONFIRMATION_OK"
15691,10418698199,10418698256,1,"IOTHUB_CLIENT_CONFIRMATION_OK"
15692,10418698399,10418698447,1,"IOTHUB_CLIENT_CONFIRMATION_OK"
15693,10418698599,10418698653,1,"IOTHUB_CLIENT_CONFIRMATION_OK"
15694,10418698800,10418698847,1,"IOTHUB_CLIENT_CONFIRMATION_OK"
15695,10418699000,10418699045,1,"IOTHUB_CLIENT_CONFIRMATION_OK"
15696,10418699200,10418699250,1,"IOTHUB_CLIENT_CONFIRMATION_OK"
15697,10418699400,10418699452,1,"IOTHUB_CLIENT_CONFIRMATION_OK"
15698,10418699600,10418699648,1,"IOTHUB_CLIENT_CONFIRMATION_OK"
15699,10418699800,10418699879,1,"IOTHUB_CLIENT_CONFIRMATION_OK"
15700,10418700001,10418700056,1,"IOTHUB_CLIENT_CONFIRMATION_OK"
15701,10418700201,10418700242,1,"IOTHUB_CLIENT_CONFIRMATION_OK"
15702,10418700401,10418700502,1,"IOTHUB_CLIENT_CONFIRMATION_OK"
15703,10418700601,10418700658,1,"IOTHUB_CLIENT_CONFIRMATION_OK"
15704,10418700801,10418700852,1,"IOTHUB_CLIENT_CONFIRMATION_OK"
15705,10418701001,10418701047,1,"IOTHUB_CLIENT_CONFIRMATION_OK"
15706,10418701201,10418701243,1,"IOTHUB_CLIENT_CONFIRMATION_OK"
15707,10418701402,10418701446,1,"IOTHUB_CLIENT_CONFIRMATION_OK"
15708,10418701602,10418701742,1,"IOTHUB_CLIENT_CONFIRMATION_OK"
15709,10418701802,10418701845,1,"IOTHUB_CLIENT_CONFIRMATION_OK"
15710,10418702002,10418702047,1,"IOTHUB_CLIENT_CONFIRMATION_OK"
15711,10418702202,10418702257,1,"IOTHUB_CLIENT_CONFIRMATION_OK"
15712,10418702402,10418702557,1,"IOTHUB_CLIENT_CONFIRMATION_OK"
15713,10418702603,10418702639,1,"IOTHUB_CLIENT_CONFIRMATION_OK"
15714,10418702803,10418702907,1,"IOTHUB_CLIENT_CONFIRMATION_OK"
15715,10418703003,10418703045,1,"IOTHUB_CLIENT_CONFIRMATION_OK"
15716,10418703203,10418703253,1,"IOTHUB_CLIENT_CONFIRMATION_OK"
15717,10418703403,10418703490,1,"IOTHUB_CLIENT_CONFIRMATION_OK"
15718,10418703603,10418703658,1,"IOTHUB_CLIENT_CONFIRMATION_OK"
15719,10418703803,10418703838,1,"IOTHUB_CLIENT_CONFIRMATION_OK"
15720,10418704004,10418704042,1,"IOTHUB_CLIENT_CONFIRMATION_OK"
15721,10418704204,10418704264,1,"IOTHUB_CLIENT_CONFIRMATION_OK"
15722,10418704404,10418704456,1,"IOTHUB_CLIENT_CONFIRMATION_OK"
15723,10418704604,10418704652,1,"IOTHUB_CLIENT_CONFIRMATION_OK"
15724,10418704804,10418704843,1,"IOTHUB_CLIENT_CONFIRMATION_OK"
15725,10418705004,10418705048,1,"IOTHUB_CLIENT_CONFIRMATION_OK"
15726,10418705205,10418705272,1,"IOTHUB_CLIENT_CONFIRMATION_OK"
15727,10418705405,10418705446,1,"IOTHUB_CLIENT_CONFIRMATION_OK"
15728,10418705605,10418705711,1,"IOTHUB_CLIENT_CONFIRMATION_OK"
15729,10418705805,10418705880,1,"IOTHUB_CLIENT_CONFIRMATION_OK"
15730,10418706005,10418706051,1,"IOTHUB_CLIENT_CONFIRMATION_OK"
15731,10418706205,10418706447,1,"IOTHUB_CLIENT_CONFIRMATION_OK"
15732,10418706405,10418706469,1,"IOTHUB_CLIENT_CONFIRMATION_OK"
15733,10418706606,10418706657,1,"IOTHUB_CLIENT_CONFIRMATION_OK"
15734,10418706806,10418706847,1,"IOTHUB_CLIENT_CONFIRMATION_OK"
15735,10418707006,10418707095,1,"IOTHUB_CLIENT_CONFIRMATION_OK"
15736,10418707206,10418707246,1,"IOTHUB_CLIENT_CONFIRMATION_OK"
15737,10418707406,10418707442,1,"IOTHUB_CLIENT_CONFIRMATION_OK"
15738,10418707606,10418707655,1,"IOTHUB_CLIENT_CONFIRMATION_OK"
15739,10418707806,10418708000,1,"IOTHUB_CLIENT_CONFIRMATION_OK"
15740,10418708007,10418708060,1,"IOTHUB_CLIENT_CONFIRMATION_OK"
15741,10418708207,10418708257,1,"IOTHUB_CLIENT_CONFIRMATION_OK"
15742,10418708407,10418708484,1,"IOTHUB_CLIENT_CONFIRMATION_OK"
15743,10418708607,10418708647,1,"IOTHUB_CLIENT_CONFIRMATION_OK"
15744,10418708807,10418708851,1,"IOTHUB_CLIENT_CONFIRMATION_OK"
15745,10418709007,10418709050,1,"IOTHUB_CLIENT_CONFIRMATION_OK"
15746,10418709208,10418709248,1,"IOTHUB_CLIENT_CONFIRMATION_OK"
15747,10418709408,10418709452,1,"IOTHUB_CLIENT_CONFIRMATION_OK"
15748,10418709608,10418709647,1,"IOTHUB_CLIENT_CONFIRMATION_OK"
15749,10418709808,10418709870,1,"IOTHUB_CLIENT_CONFIRMATION_OK"
15750,10418710008,10418710095,1,"IOTHUB_CLIENT_CONFIRMATION_OK"
15751,10418710208,10418710269,1,"IOTHUB_CLIENT_CONFIRMATION_OK"
15752,10418710409,10418710459,1,"IOTHUB_CLIENT_CONFIRMATION_OK"
15753,10418710609,10418710654,1,"IOTHUB_CLIENT_CONFIRMATION_OK"
15754,10418710809,10418710978,1,"IOTHUB_CLIENT_CONFIRMATION_OK"
15755,10418711009,10418711065,1,"IOTHUB_CLIENT_CONFIRMATION_OK"
15756,10418711209,10418711273,1,"IOTHUB_CLIENT_CONFIRMATION_OK"
15757,10418711409,10418711455,1,"IOTHUB_CLIENT_CONFIRMATION_OK"
15758,10418711610,10418711648,1,"IOTHUB_CLIENT_CONFIRMATION_OK"
15759,10418711810,10418711858,1,"IOTHUB_CLIENT_CONFIRMATION_OK"
15760,10418712010,10418712054,1,"IOTHUB_CLIENT_CONFIRMATION_OK"
15761,10418712210,10418712262,1,"IOTHUB_CLIENT_CONFIRMATION_OK"
15762,10418712410,10418712458,1,"IOTHUB_CLIENT_CONFIRMATION_OK"
15763,10418712610,10418712651,1,"IOTHUB_CLIENT_CONFIRMATION_OK"
15764,10418712810,10418712850,1,"IOTHUB_CLIENT_CONFIRMATION_OK"
15765,10418713011,10418713114,1,"IOTHUB_CLIENT_CONFIRMATION_OK"
15766,10418713211,10418713288,1,"IOTHUB_CLIENT_CONFIRMATION_OK"
15767,10418713411,10418713591,1,"IOTHUB_CLIENT_CONFIRMATION_OK"
15768,10418713611,10418713659,1,"IOTHUB_CLIENT_CONFIRMATION_OK"
15769,10418713811,10418713922,1,"IOTHUB_CLIENT_CONFIRMATION_OK"
15770,10418714011,10418714115,1,"IOTHUB_CLIENT_CONFIRMATION_OK"
15771,10418714212,10418714261,1,"IOTHUB_CLIENT_CONFIRMATION_OK"
15772,10418714412,10418714454,1,"IOTHUB_CLIENT_CONFIRMATION_OK"
15773,10418714612,10418714652,1,"IOTHUB_CLIENT_CONFIRMATION_OK"
15774,10418714812,10418714862,1,"IOTHUB_CLIENT_CONFIRMATION_OK"
15775,10418715012,10418715049,1,"IOTHUB_CLIENT_CONFIRMATION_OK"
15776,10418715212,10418715270,1,"IOTHUB_CLIENT_CONFIRMATION_OK"
15777,10418715412,10418715485,1,"IOTHUB_CLIENT_CONFIRMATION_OK"
15778,10418715613,10418715699,1,"IOTHUB_CLIENT_CONFIRMATION_OK"
15779,10418715813,10418715863,1,"IOTHUB_CLIENT_CONFIRMATION_OK"
15780,10418716013,10418716066,1,"IOTHUB_CLIENT_CONFIRMATION_OK"
15781,10418716213,10418716310,1,"IOTHUB_CLIENT_CONFIRMATION_OK"
15782,10418716413,10418716466,1,"IOTHUB_CLIENT_CONFIRMATION_OK"
15783,10418716613,10418716651,1,"IOTHUB_CLIENT_CONFIRMATION_OK"
15784,10418716813,10418716852,1,"IOTHUB_CLIENT_CONFIRMATION_OK"
15785,10418717014,10418717124,1,"IOTHUB_CLIENT_CONFIRMATION_OK"
15786,10418717214,10418717254,1,"IOTHUB_CLIENT_CONFIRMATION_OK"
15787,10418717414,10418717465,1,"IOTHUB_CLIENT_CONFIRMATION_OK"
15788,10418717614,10418717683,1,"IOTHUB_CLIENT_CONFIRMATION_OK"
15789,10418717814,10418717857,1,"IOTHUB_CLIENT_CONFIRMATION_OK"
15790,10418718015,10418718071,1,"IOTHUB_CLIENT_CONFIRMATION_OK"
15791,10418718215,10418718261,1,"IOTHUB_CLIENT_CONFIRMATION_OK"
15792,10418718415,10418718457,1,"IOTHUB_CLIENT_CONFIRMATION_OK"
15793,10418718615,10418718667,1,"IOTHUB_CLIENT_CONFIRMATION_OK"
15794,10418718815,10418718854,1,"IOTHUB_CLIENT_CONFIRMATION_OK"
15795,10418719015,10418719058,1,"IOTHUB_CLIENT_CONFIRMATION_OK"
15796,10418719215,10418719277,1,"IOTHUB_CLIENT_CONFIRMATION_OK"
15797,10418719416,10418719484,1,"IOTHUB_CLIENT_CONFIRMATION_OK"
15798,10418719616,10418719673,1,"IOTHUB_CLIENT_CONFIRMATION_OK"
15799,10418719816,10418719855,1,"IOTHUB_CLIENT_CONFIRMATION_OK"
15800,10418720016,10418720189,1,"IOTHUB_CLIENT_CONFIRMATION_OK"
15801,10418720216,10418720249,1,"IOTHUB_CLIENT_CONFIRMATION_OK"
15802,10418720416,10418720486,1,"IOTHUB_CLIENT_CONFIRMATION_OK"
15803,10418720617,10418720666,1,"IOTHUB_CLIENT_CONFIRMATION_OK"
15804,10418720817,10418720861,1,"IOTHUB_CLIENT_CONFIRMATION_OK"
15805,10418721017,10418721063,1,"IOTHUB_CLIENT_CONFIRMATION_OK"
15806,10418721217,10418721277,1,"IOTHUB_CLIENT_CONFIRMATION_OK"
15807,10418721417,10418721458,1,"IOTHUB_CLIENT_CONFIRMATION_OK"
15808,10418721617,10418721663,1,"IOTHUB_CLIENT_CONFIRMATION_OK"
15809,10418721817,10418721902,1,"IOTHUB_CLIENT_CONFIRMATION_OK"
15810,10418722018,10418722471,1,"IOTHUB_CLIENT_CONFIRMATION_OK"
15811,10418722218,10418722509,1,"IOTHUB_CLIENT_CONFIRMATION_OK"
15812,10418722418,10418722573,1,"IOTHUB_CLIENT_CONFIRMATION_OK"
15813,10418722618,10418722661,1,"IOTHUB_CLIENT_CONFIRMATION_OK"
15814,10418722818,10418722858,1,"IOTHUB_CLIENT_CONFIRMATION_OK"
15815,10418723018,10418723061,1,"IOTHUB_CLIENT_CONFIRMATION_OK"
15816,10418723219,10418723281,1,"IOTHUB_CLIENT_CONFIRMATION_OK"
15817,10418723419,10418723464,1,"IOTHUB_CLIENT_CONFIRMATION_OK"
15818,10418723619,10418723697,1,"IOTHUB_CLIENT_CONFIRMATION_OK"
15819,10418723819,10418723864,1,"IOTHUB_CLIENT_CONFIRMATION_OK"
15820,10418724019,10418724060,1,"IOTHUB_CLIENT_CONFIRMATION_OK"
15821,10418724219,10418724275,1,"IOTHUB_CLIENT_CONFIRMATION_OK"
15822,10418724419,10418724468,1,"IOTHUB_CLIENT_CONFIRMATION_OK"
15823,10418724620,10418724666,1,"IOTHUB_CLIENT_CONFIRMATION_OK"
15824,10418724820,10418724869,1,"IOTHUB_CLIENT_CONFIRMATION_OK"
15825,10418725020,10418725058,1,"IOTHUB_CLIENT_CONFIRMATION_OK"
15826,10418725220,10418725270,1,"IOTHUB_CLIENT_CONFIRMATION_OK"
15827,10418725420,10418725550,1,"IOTHUB_CLIENT_CONFIRMATION_OK"
15828,10418725620,10418725660,1,"IOTHUB_CLIENT_CONFIRMATION_OK"
15829,10418725821,10418725872,1,"IOTHUB_CLIENT_CONFIRMATION_OK"
15830,10418726021,10418726071,1,"IOTHUB_CLIENT_CONFIRMATION_OK"
15831,10418726221,10418726393,1,"IOTHUB_CLIENT_CONFIRMATION_OK"
15832,10418726421,10418726477,1,"IOTHUB_CLIENT_CONFIRMATION_OK"
15833,10418726621,10418726679,1,"IOTHUB_CLIENT_CONFIRMATION_OK"
15834,10418726821,10418726866,1,"IOTHUB_CLIENT_CONFIRMATION_OK"
15835,10418727021,10418727064,1,"IOTHUB_CLIENT_CONFIRMATION_OK"
15836,10418727222,10418727286,1,"IOTHUB_CLIENT_CONFIRMATION_OK"
15837,10418727422,10418727514,1,"IOTHUB_CLIENT_CONFIRMATION_OK"
15838,10418727622,10418727663,1,"IOTHUB_CLIENT_CONFIRMATION_OK"
15839,10418727822,10418727885,1,"IOTHUB_CLIENT_CONFIRMATION_OK"
15840,10418728022,10418728063,1,"IOTHUB_CLIENT_CONFIRMATION_OK"
15841,10418728222,10418728274,1,"IOTHUB_CLIENT_CONFIRMATION_OK"
15842,10418728423,10418728481,1,"IOTHUB_CLIENT_CONFIRMATION_OK"
15843,10418728623,10418728663,1,"IOTHUB_CLIENT_CONFIRMATION_OK"
15844,10418728823,10418728855,1,"IOTHUB_CLIENT_CONFIRMATION_OK"
15845,10418729023,10418729059,1,"IOTHUB_CLIENT_CONFIRMATION_OK"
15846,10418729223,10418729267,1,"IOTHUB_CLIENT_CONFIRMATION_OK"
15847,10418729423,10418729467,1,"IOTHUB_CLIENT_CONFIRMATION_OK"
15848,10418729623,10418729664,1,"IOTHUB_CLIENT_CONFIRMATION_OK"
15849,10418729824,10418729947,1,"IOTHUB_CLIENT_CONFIRMATION_OK"
15850,10418730024,10418730121,1,"IOTHUB_CLIENT_CONFIRMATION_OK"
15851,10418730224,10418730262,1,"IOTHUB_CLIENT_CONFIRMATION_OK"
15852,10418730424,10418730472,1,"IOTHUB_CLIENT_CONFIRMATION_OK"
15853,10418730624,10418730667,1,"IOTHUB_CLIENT_CONFIRMATION_OK"
15854,10418730824,10418730865,1,"IOTHUB_CLIENT_CONFIRMATION_OK"
15855,10418731025,10418731072,1,"IOTHUB_CLIENT_CONFIRMATION_OK"
15856,10418731225,10418731369,1,"IOTHUB_CLIENT_CONFIRMATION_OK"
15857,10418731425,10418731471,1,"IOTHUB_CLIENT_CONFIRMATION_OK"
15858,10418731625,10418731672,1,"IOTHUB_CLIENT_CONFIRMATION_OK"
15859,10418731825,10418731875,1,"IOTHUB_CLIENT_CONFIRMATION_OK"
15860,10418732025,10418732076,1,"IOTHUB_CLIENT_CONFIRMATION_OK"
15861,10418732226,10418732269,1,"IOTHUB_CLIENT_CONFIRMATION_OK"
15862,10418732426,10418732502,1,"IOTHUB_CLIENT_CONFIRMATION_OK"
15863,10418732626,10418732668,1,"IOTHUB_CLIENT_CONFIRMATION_OK"
15864,10418732826,10418732869,1,"IOTHUB_CLIENT_CONFIRMATION_OK"
15865,10418733026,10418733072,1,"IOTHUB_CLIENT_CONFIRMATION_OK"
15866,10418733226,10418733369,1,"IOTHUB_CLIENT_CONFIRMATION_OK"
15867,10418733426,10418733470,1,"IOTHUB_CLIENT_CONFIRMATION_OK"
15868,10418733627,10418733731,1,"IOTHUB_CLIENT_CONFIRMATION_OK"
15869,10418733827,10418733928,1,"IOTHUB_CLIENT_CONFIRMATION_OK"
15870,10418734027,10418734069,1,"IOTHUB_CLIENT_CONFIRMATION_OK"
15871,10418734227,10418734273,1,"IOTHUB_CLIENT_CONFIRMATION_OK"
15872,10418734427,10418734480,1,"IOTHUB_CLIENT_CONFIRMATION_OK"
15873,10418734627,10418734763,1,"IOTHUB_CLIENT_CONFIRMATION_OK"
15874,10418734827,10418734859,1,"IOTHUB_CLIENT_CONFIRMATION_OK"
15875,10418735028,10418735076,1,"IOTHUB_CLIENT_CONFIRMATION_OK"
15876,10418735228,10418735266,1,"IOTHUB_CLIENT_CONFIRMATION_OK"
15877,10418735428,10418735578,1,"IOTHUB_CLIENT_CONFIRMATION_OK"
15878,10418735628,10418735682,1,"IOTHUB_CLIENT_CONFIRMATION_OK"
15879,10418735828,10418735877,1,"IOTHUB_CLIENT_CONFIRMATION_OK"
15880,10418736028,10418736069,1,"IOTHUB_CLIENT_CONFIRMATION_OK"
15881,10418736229,10418736265,1,"IOTHUB_CLIENT_CONFIRMATION_OK"
15882,10418736429,10418736540,1,"IOTHUB_CLIENT_CONFIRMATION_OK"
15883,10418736629,10418736667,1,"IOTHUB_CLIENT_CONFIRMATION_OK"
15884,10418736829,10418736878,1,"IOTHUB_CLIENT_CONFIRMATION_OK"
15885,10418737029,10418737080,1,"IOTHUB_CLIENT_CONFIRMATION_OK"
15886,10418737229,10418737275,1,"IOTHUB_CLIENT_CONFIRMATION_OK"
15887,10418737430,10418737474,1,"IOTHUB_CLIENT_CONFIRMATION_OK"
15888,10418737630,10418737666,1,"IOTHUB_CLIENT_CONFIRMATION_OK"
15889,10418737830,10418737879,1,"IOTHUB_CLIENT_CONFIRMATION_OK"
15890,10418738030,10418738079,1,"IOTHUB_CLIENT_CONFIRMATION_OK"
15891,10418738230,10418738271,1,"IOTHUB_CLIENT_CONFIRMATION_OK"
15892,10418738430,10418738472,1,"IOTHUB_CLIENT_CONFIRMATION_OK"
15893,10418738630,10418738680,1,"IOTHUB_CLIENT_CONFIRMATION_OK"
15894,10418738831,10418738883,1,"IOTHUB_CLIENT_CONFIRMATION_OK"
15895,10418739031,10418739102,1,"IOTHUB_CLIENT_CONFIRMATION_OK"
15896,10418739231,10418739278,1,"IOTHUB_CLIENT_CONFIRMATION_OK"
15897,10418739431,10418739477,1,"IOTHUB_CLIENT_CONFIRMATION_OK"
15898,10418739631,10418739695,1,"IOTHUB_CLIENT_CONFIRMATION_OK"
15899,10418739831,10418739887,1,"IOTHUB_CLIENT_CONFIRMATION_OK"
15900,10418740032,10418740111,1,"IOTHUB_CLIENT_CONFIRMATION_OK"
15901,10418740232,10418740342,1,"IOTHUB_CLIENT_CONFIRMATION_OK"
15902,10418740432,10418740477,1,"IOTHUB_CLIENT_CONFIRMATION_OK"
15903,10418740632,10418740708,1,"IOTHUB_CLIENT_CONFIRMATION_OK"
15904,10418740832,10418740957,1,"IOTHUB_CLIENT_CONFIRMATION_OK"
15905,10418741032,10418741075,1,"IOTHUB_CLIENT_CONFIRMATION_OK"
15906,10418741232,10418741266,1,"IOTHUB_CLIENT_CONFIRMATION_OK"
15907,10418741433,10418741485,1,"IOTHUB_CLIENT_CONFIRMATION_OK"
15908,10418741633,10418741680,1,"IOTHUB_CLIENT_CONFIRMATION_OK"
15909,10418741833,10418741926,1,"IOTHUB_CLIENT_CONFIRMATION_OK"
15910,10418742033,10418742107,1,"IOTHUB_CLIENT_CONFIRMATION_OK"
15911,10418742233,10418742275,1,"IOTHUB_CLIENT_CONFIRMATION_OK"
15912,10418742433,10418742468,1,"IOTHUB_CLIENT_CONFIRMATION_OK"
15913,10418742634,10418742694,1,"IOTHUB_CLIENT_CONFIRMATION_OK"
15914,10418742834,10418742875,1,"IOTHUB_CLIENT_CONFIRMATION_OK"
15915,10418743034,10418743076,1,"IOTHUB_CLIENT_CONFIRMATION_OK"
15916,10418743234,10418743276,1,"IOTHUB_CLIENT_CONFIRMATION_OK"
15917,10418743434,10418743474,1,"IOTHUB_CLIENT_CONFIRMATION_OK"
15918,10418743634,10418743676,1,"IOTHUB_CLIENT_CONFIRMATION_OK"
15919,10418743834,10418743872,1,"IOTHUB_CLIENT_CONFIRMATION_OK"
15920,10418744035,10418744090,1,"IOTHUB_CLIENT_CONFIRMATION_OK"
15921,10418744235,10418744307,1,"IOTHUB_CLIENT_CONFIRMATION_OK"
15922,10418744435,10418744496,1,"IOTHUB_CLIENT_CONFIRMATION_OK"
15923,10418744635,10418744818,1,"IOTHUB_CLIENT_CONFIRMATION_OK"
15924,10418744835,10418744933,1,"IOTHUB_CLIENT_CONFIRMATION_OK"
15925,10418745035,10418745072,1,"IOTHUB_CLIENT_CONFIRMATION_OK"
15926,10418745236,10418745291,1,"IOTHUB_CLIENT_CONFIRMATION_OK"
15927,10418745436,10418745520,1,"IOTHUB_CLIENT_CONFIRMATION_OK"
15928,10418745636,10418745688,1,"IOTHUB_CLIENT_CONFIRMATION_OK"
15929,10418745836,10418745891,1,"IOTHUB_CLIENT_CONFIRMATION_OK"
15930,10418746036,10418746076,1,"IOTHUB_CLIENT_CONFIRMATION_OK"
15931,10418746236,10418746284,1,"IOTHUB_CLIENT_CONFIRMATION_OK"
15932,10418746436,10418746495,1,"IOTHUB_CLIENT_CONFIRMATION_OK"
15933,10418746637,10418746723,1,"IOTHUB_CLIENT_CONFIRMATION_OK"
15934,10418746837,10418746876,1,"IOTHUB_CLIENT_CONFIRMATION_OK"
15935,10418747037,10418747076,1,"IOTHUB_CLIENT_CONFIRMATION_OK"
15936,10418747237,10418747281,1,"IOTHUB_CLIENT_CONFIRMATION_OK"
15937,10418747437,10418747484,1,"IOTHUB_CLIENT_CONFIRMATION_OK"
15938,10418747638,10418747683,1,"IOTHUB_CLIENT_CONFIRMATION_OK"
15939,10418747838,10418747929,1,"IOTHUB_CLIENT_CONFIRMATION_OK"
15940,10418748038,10418748095,1,"IOTHUB_CLIENT_CONFIRMATION_OK"
15941,10418748238,10418748279,1,"IOTHUB_CLIENT_CONFIRMATION_OK"
15942,10418748438,10418748492,1,"IOTHUB_CLIENT_CONFIRMATION_OK"
15943,10418748638,10418748686,1,"IOTHUB_CLIENT_CONFIRMATION_OK"
15944,10418748839,10418748925,1,"IOTHUB_CLIENT_CONFIRMATION_OK"
15945,10418749039,10418749112,1,"IOTHUB_CLIENT_CONFIRMATION_OK"
15946,10418749239,10418749294,1,"IOTHUB_CLIENT_CONFIRMATION_OK"
15947,10418749439,10418749479,1,"IOTHUB_CLIENT_CONFIRMATION_OK"
15948,10418749639,10418749682,1,"IOTHUB_CLIENT_CONFIRMATION_OK"
15949,10418749839,10418749892,1,"IOTHUB_CLIENT_CONFIRMATION_OK"
15950,10418750040,10418750097,1,"IOTHUB_CLIENT_CONFIRMATION_OK"
15951,10418750240,10418750287,1,"IOTHUB_CLIENT_CONFIRMATION_OK"
15952,10418750440,10418750475,1,"IOTHUB_CLIENT_CONFIRMATION_OK"
15953,10418750640,10418750683,1,"IOTHUB_CLIENT_CONFIRMATION_OK"
15954,10418750840,10418750917,1,"IOTHUB_CLIENT_CONFIRMATION_OK"
15955,10418751040,10418751086,1,"IOTHUB_CLIENT_CONFIRMATION_OK"
15956,10418751240,10418751288,1,"IOTHUB_CLIENT_CONFIRMATION_OK"
15957,10418751441,10418751478,1,"IOTHUB_CLIENT_CONFIRMATION_OK"
15958,10418751641,10418751749,1,"IOTHUB_CLIENT_CONFIRMATION_OK"
15959,10418751841,10418751891,1,"IOTHUB_CLIENT_CONFIRMATION_OK"
15960,10418752041,10418752084,1,"IOTHUB_CLIENT_CONFIRMATION_OK"
15961,10418752241,10418752293,1,"IOTHUB_CLIENT_CONFIRMATION_OK"
15962,10418752441,10418752483,1,"IOTHUB_CLIENT_CONFIRMATION_OK"
15963,10418752641,10418752680,1,"IOTHUB_CLIENT_CONFIRMATION_OK"
15964,10418752842,10418752894,1,"IOTHUB_CLIENT_CONFIRMATION_OK"
15965,10418753042,10418753083,1,"IOTHUB_CLIENT_CONFIRMATION_OK"
15966,10418753242,10418753289,1,"IOTHUB_CLIENT_CONFIRMATION_OK"
15967,10418753442,10418753486,1,"IOTHUB_CLIENT_CONFIRMATION_OK"
15968,10418753642,10418753682,1,"IOTHUB_CLIENT_CONFIRMATION_OK"
15969,10418753842,10418753887,1,"IOTHUB_CLIENT_CONFIRMATION_OK"
15970,10418754042,10418754079,1,"IOTHUB_CLIENT_CONFIRMATION_OK"
15971,10418754243,10418754303,1,"IOTHUB_CLIENT_CONFIRMATION_OK"
15972,10418754443,10418754509,1,"IOTHUB_CLIENT_CONFIRMATION_OK"
15973,10418754643,10418754715,1,"IOTHUB_CLIENT_CONFIRMATION_OK"
15974,10418754843,10418754889,1,"IOTHUB_CLIENT_CONFIRMATION_OK"
15975,10418755043,10418755083,1,"IOTHUB_CLIENT_CONFIRMATION_OK"
15976,10418755243,10418755289,1,"IOTHUB_CLIENT_CONFIRMATION_OK"
15977,10418755443,10418755525,1,"IOTHUB_CLIENT_CONFIRMATION_OK"
15978,10418755644,10418755703,1,"IOTHUB_CLIENT_CONFIRMATION_OK"
15979,10418755844,10418755881,1,"IOTHUB_CLIENT_CONFIRMATION_OK"
15980,10418756044,10418756081,1,"IOTHUB_CLIENT_CONFIRMATION_OK"
15981,10418756244,10418756364,1,"IOTHUB_CLIENT_CONFIRMATION_OK"
15982,10418756444,10418756496,1,"IOTHUB_CLIENT_CONFIRMATION_OK"
15983,10418756644,10418756681,1,"IOTHUB_CLIENT_CONFIRMATION_OK"
15984,10418756845,10418756879,1,"IOTHUB_CLIENT_CONFIRMATION_OK"
15985,10418757045,10418757121,1,"IOTHUB_CLIENT_CONFIRMATION_OK"
15986,10418757245,10418757326,1,"IOTHUB_CLIENT_CONFIRMATION_OK"
15987,10418757445,10418757500,1,"IOTHUB_CLIENT_CONFIRMATION_OK"
15988,10418757645,10418757683,1,"IOTHUB_CLIENT_CONFIRMATION_OK"
15989,10418757845,10418757910,1,"IOTHUB_CLIENT_CONFIRMATION_OK"
15990,10418758045,10418758090,1,"IOTHUB_CLIENT_CONFIRMATION_OK"
15991,10418758246,10418758290,1,"IOTHUB_CLIENT_CONFIRMATION_OK"
15992,10418758446,10418758556,1,"IOTHUB_CLIENT_CONFIRMATION_OK"
15993,10418758646,10418758697,1,"IOTHUB_CLIENT_CONFIRMATION_OK"
15994,10418758846,10418758890,1,"IOTHUB_CLIENT_CONFIRMATION_OK"
15995,10418759046,10418759088,1,"IOTHUB_CLIENT_CONFIRMATION_OK"
15996,10418759246,10418759468,1,"IOTHUB_CLIENT_CONFIRMATION_OK"
15997,10418759447,10418759505,1,"IOTHUB_CLIENT_CONFIRMATION_OK"
15998,10418759647,10418759683,1,"IOTHUB_CLIENT_CONFIRMATION_OK"
15999,10418759847,10418759881,1,"IOTHUB_CLIENT_CONFIRMATION_OK"
16000,10418760047,10418760087,1,"IOTHUB_CLIENT_CONFIRMATION_OK"
16001,10418760247,10418760285,1,"IOTHUB_CLIENT_CONFIRMATION_OK"
16002,10418760447,10418760483,1,"IOTHUB_CLIENT_CONFIRMATION_OK"
16003,10418760647,10418760702,1,"IOTHUB_CLIENT_CONFIRMATION_OK"
16004,10418760848,10418760904,1,"IOTHUB_CLIENT_CONFIRMATION_OK"
16005,10418761048,10418761085,1,"IOTHUB_CLIENT_CONFIRMATION_OK"
16006,10418761248,10418761300,1,"IOTHUB_CLIENT_CONFIRMATION_OK"
16007,10418761448,10418761496,1,"IOTHUB_CLIENT_CONFIRMATION_OK"
16008,10418761648,10418761717,1,"IOTHUB_CLIENT_CONFIRMATION_OK"
16009,10418761848,10418761894,1,"IOTHUB_CLIENT_CONFIRMATION_OK"
16010,10418762049,10418762099,1,"IOTHUB_CLIENT_CONFIRMATION_OK"
16011,10418762249,10418762287,1,"IOTHUB_CLIENT_CONFIRMATION_OK"
16012,10418762449,10418762503,1,"IOTHUB_CLIENT_CONFIRMATION_OK"
16013,10418762649,10418762689,1,"IOTHUB_CLIENT_CONFIRMATION_OK"
16014,10418762849,10418762904,1,"IOTHUB_CLIENT_CONFIRMATION_OK"
16015,10418763049,10418763128,1,"IOTHUB_CLIENT_CONFIRMATION_OK"
16016,10418763249,10418763292,1,"IOTHUB_CLIENT_CONFIRMATION_OK"
16017,10418763450,10418763501,1,"IOTHUB_CLIENT_CONFIRMATION_OK"
16018,10418763650,10418763691,1,"IOTHUB_CLIENT_CONFIRMATION_OK"
16019,10418763850,10418763942,1,"IOTHUB_CLIENT_CONFIRMATION_OK"
16020,10418764050,10418764102,1,"IOTHUB_CLIENT_CONFIRMATION_OK"
16021,10418764250,10418764290,1,"IOTHUB_CLIENT_CONFIRMATION_OK"
16022,10418764450,10418764492,1,"IOTHUB_CLIENT_CONFIRMATION_OK"
16023,10418764651,10418764778,1,"IOTHUB_CLIENT_CONFIRMATION_OK"
16024,10418764851,10418764908,1,"IOTHUB_CLIENT_CONFIRMATION_OK"
16025,10418765051,10418765090,1,"IOTHUB_CLIENT_CONFIRMATION_OK"
16026,10418765251,10418765307,1,"IOTHUB_CLIENT_CONFIRMATION_OK"
16027,10418765451,10418765489,1,"IOTHUB_CLIENT_CONFIRMATION_OK"
16028,10418765651,10418765808,1,"IOTHUB_CLIENT_CONFIRMATION_OK"
16029,10418765852,10418765894,1,"IOTHUB_CLIENT_CONFIRMATION_OK"
16030,10418766052,10418766100,1,"IOTHUB_CLIENT_CONFIRMATION_OK"
16031,10418766252,10418766305,1,"IOTHUB_CLIENT_CONFIRMATION_OK"
16032,10418766452,10418766505,1,"IOTHUB_CLIENT_CONFIRMATION_OK"
16033,10418766652,10418766694,1,"IOTHUB_CLIENT_CONFIRMATION_OK"
16034,10418766852,10418766926,1,"IOTHUB_CLIENT_CONFIRMATION_OK"
16035,10418767052,10418767116,1,"IOTHUB_CLIENT_CONFIRMATION_OK"
16036,10418767253,10418767288,1,"IOTHUB_CLIENT_CONFIRMATION_OK"
16037,10418767453,10418767495,1,"IOTHUB_CLIENT_CONFIRMATION_OK"
16038,10418767653,10418767721,1,"IOTHUB_CLIENT_CONFIRMATION_OK"
16039,10418767853,10418767896,1,"IOTHUB_CLIENT_CONFIRMATION_OK"
16040,10418768053,10418768104,1,"IOTHUB_CLIENT_CONFIRMATION_OK"
16041,10418768253,10418768332,1,"IOTHUB_CLIENT_CONFIRMATION_OK"
16042,10418768453,10418768494,1,"IOTHUB_CLIENT_CONFIRMATION_OK"
16043,10418768654,10418768694,1,"IOTHUB_CLIENT_CONFIRMATION_OK"
16044,10418768854,10418768895,1,"IOTHUB_CLIENT_CONFIRMATION_OK"
16045,10418769054,10418769092,1,"IOTHUB_CLIENT_CONFIRMATION_OK"
16046,10418769254,10418769301,1,"IOTHUB_CLIENT_CONFIRMATION_OK"
16047,10418769454,10418769496,1,"IOTHUB_CLIENT_CONFIRMATION_OK"
16048,10418769654,10418769699,1,"IOTHUB_CLIENT_CONFIRMATION_OK"
16049,10418769854,10418769943,1,"IOTHUB_CLIENT_CONFIRMATION_OK"
16050,10418770055,10418770123,1,"IOTHUB_CLIENT_CONFIRMATION_OK"
16051,10418770255,10418770303,1,"IOTHUB_CLIENT_CONFIRMATION_OK"
16052,10418770455,10418770503,1,"IOTHUB_CLIENT_CONFIRMATION_OK"
16053,10418770655,10418770702,1,"IOTHUB_CLIENT_CONFIRMATION_OK"
16054,10418770855,10418770908,1,"IOTHUB_CLIENT_CONFIRMATION_OK"
16055,10418771055,10418771099,1,"IOTHUB_CLIENT_CONFIRMATION_OK"
16056,10418771255,10418771305,1,"IOTHUB_CLIENT_CONFIRMATION_OK"
16057,10418771456,10418771491,1,"IOTHUB_CLIENT_CONFIRMATION_OK"
16058,10418771656,10418771746,1,"IOTHUB_CLIENT_CONFIRMATION_OK"
16059,10418771856,10418771908,1,"IOTHUB_CLIENT_CONFIRMATION_OK"
16060,10418772056,10418772103,1,"IOTHUB_CLIENT_CONFIRMATION_OK"
16061,10418772256,10418772416,1,"IOTHUB_CLIENT_CONFIRMATION_OK"
16062,10418772456,10418772502,1,"IOTHUB_CLIENT_CONFIRMATION_OK"
16063,10418772657,10418772749,1,"IOTHUB_CLIENT_CONFIRMATION_OK"
16064,10418772857,10418772930,1,"IOTHUB_CLIENT_CONFIRMATION_OK"
16065,10418773057,10418773096,1,"IOTHUB_CLIENT_CONFIRMATION_OK"
16066,10418773257,10418773306,1,"IOTHUB_CLIENT_CONFIRMATION_OK"
16067,10418773457,10418773514,1,"IOTHUB_CLIENT_CONFIRMATION_OK"
16068,10418773657,10418773745,1,"IOTHUB_CLIENT_CONFIRMATION_OK"
16069,10418773858,10418773917,1,"IOTHUB_CLIENT_CONFIRMATION_OK"
16070,10418774058,10418774100,1,"IOTHUB_CLIENT_CONFIRMATION_OK"
16071,10418774258,10418774334,1,"IOTHUB_CLIENT_CONFIRMATION_OK"
16072,10418774458,10418774509,1,"IOTHUB_CLIENT_CONFIRMATION_OK"
16073,10418774658,10418774695,1,"IOTHUB_CLIENT_CONFIRMATION_OK"
16074,10418774858,10418774923,1,"IOTHUB_CLIENT_CONFIRMATION_OK"
16075,10418775058,10418775103,1,"IOTHUB_CLIENT_CONFIRMATION_OK"
16076,10418775259,10418775294,1,"IOTHUB_CLIENT_CONFIRMATION_OK"
16077,10418775459,10418775506,1,"IOTHUB_CLIENT_CONFIRMATION_OK"
16078,10418775659,10418775700,1,"IOTHUB_CLIENT_CONFIRMATION_OK"
16079,10418775859,10418775901,1,"IOTHUB_CLIENT_CONFIRMATION_OK"
16080,10418776059,10418776101,1,"IOTHUB_CLIENT_CONFIRMATION_OK"
16081,10418776259,10418776301,1,"IOTHUB_CLIENT_CONFIRMATION_OK"
16082,10418776459,10418776509,1,"IOTHUB_CLIENT_CONFIRMATION_OK"
16083,10418776660,10418776724,1,"IOTHUB_CLIENT_CONFIRMATION_OK"
16084,10418776860,10418776930,1,"IOTHUB_CLIENT_CONFIRMATION_OK"
16085,10418777060,10418777102,1,"IOTHUB_CLIENT_CONFIRMATION_OK"
16086,10418777260,10418777305,1,"IOTHUB_CLIENT_CONFIRMATION_OK"
16087,10418777460,10418777501,1,"IOTHUB_CLIENT_CONFIRMATION_OK"
16088,10418777660,10418777721,1,"IOTHUB_CLIENT_CONFIRMATION_OK"
16089,10418777861,10418777920,1,"IOTHUB_CLIENT_CONFIRMATION_OK"
16090,10418778061,10418778109,1,"IOTHUB_CLIENT_CONFIRMATION_OK"
16091,10418778261,10418778323,1,"IOTHUB_CLIENT_CONFIRMATION_OK"
16092,10418778461,10418778537,1,"IOTHUB_CLIENT_CONFIRMATION_OK"
16093,10418778661,10418778708,1,"IOTHUB_CLIENT_CONFIRMATION_OK"
16094,10418778861,10418778948,1,"IOTHUB_CLIENT_CONFIRMATION_OK"
16095,10418779061,10418779107,1,"IOTHUB_CLIENT_CONFIRMATION_OK"
16096,10418779262,10418779381,1,"IOTHUB_CLIENT_CONFIRMATION_OK"
16097,10418779462,10418779499,1,"IOTHUB_CLIENT_CONFIRMATION_OK"
16098,10418779662,10418779719,1,"IOTHUB_CLIENT_CONFIRMATION_OK"
16099,10418779862,10418779907,1,"IOTHUB_CLIENT_CONFIRMATION_OK"
16100,10418780062,10418780143,1,"IOTHUB_CLIENT_CONFIRMATION_OK"
16101,10418780262,10418780304,1,"IOTHUB_CLIENT_CONFIRMATION_OK"
16102,10418780463,10418780506,1,"IOTHUB_CLIENT_CONFIRMATION_OK"
16103,10418780663,10418780708,1,"IOTHUB_CLIENT_CONFIRMATION_OK"
16104,10418780863,10418780910,1,"IOTHUB_CLIENT_CONFIRMATION_OK"
16105,10418781063,10418781112,1,"IOTHUB_CLIENT_CONFIRMATION_OK"
16106,10418781263,10418781314,1,"IOTHUB_CLIENT_CONFIRMATION_OK"
16107,10418781463,10418781649,1,"IOTHUB_CLIENT_CONFIRMATION_OK"
16108,10418781663,10418781713,1,"IOTHUB_CLIENT_CONFIRMATION_OK"
16109,10418781864,10418781905,1,"IOTHUB_CLIENT_CONFIRMATION_OK"
16110,10418782064,10418782104,1,"IOTHUB_CLIENT_CONFIRMATION_OK"
16111,10418782264,10418782311,1,"IOTHUB_CLIENT_CONFIRMATION_OK"
16112,10418782464,10418782504,1,"IOTHUB_CLIENT_CONFIRMATION_OK"
16113,10418782664,10418782708,1,"IOTHUB_CLIENT_CONFIRMATION_OK"
16114,10418782864,10418782909,1,"IOTHUB_CLIENT_CONFIRMATION_OK"
16115,10418783064,10418783114,1,"IOTHUB_CLIENT_CONFIRMATION_OK"
16116,10418783265,10418783303,1,"IOTHUB_CLIENT_CONFIRMATION_OK"
16117,10418783465,10418783508,1,"IOTHUB_CLIENT_CONFIRMATION_OK"
16118,10418783665,10418783706,1,"IOTHUB_CLIENT_CONFIRMATION_OK"
16119,10418783865,10418783911,1,"IOTHUB_CLIENT_CONFIRMATION_OK"
16120,10418784065,10418784108,1,"IOTHUB_CLIENT_CONFIRMATION_OK"
16121,10418784265,10418784309,1,"IOTHUB_CLIENT_CONFIRMATION_OK"
16122,10418784466,10418784507,1,"IOTHUB_CLIENT_CONFIRMATION_OK"
16123,10418784666,10418784740,1,"IOTHUB_CLIENT_CONFIRMATION_OK"
16124,10418784866,10418784917,1,"IOTHUB_CLIENT_CONFIRMATION_OK"
16125,10418785066,10418785104,1,"IOTHUB_CLIENT_CONFIRMATION_OK"
16126,10418785266,10418785310,1,"IOTHUB_CLIENT_CONFIRMATION_OK"
16127,10418785466,10418785519,1,"IOTHUB_CLIENT_CONFIRMATION_OK"
16128,10418785666,10418785713,1,"IOTHUB_CLIENT_CONFIRMATION_OK"
16129,10418785867,10418785938,1,"IOTHUB_CLIENT_CONFIRMATION_OK"
16130,10418786067,10418786133,1,"IOTHUB_CLIENT_CONFIRMATION_OK"
16131,10418786267,10418786307,1,"IOTHUB_CLIENT_CONFIRMATION_OK"
16132,10418786467,10418786511,1,"IOTHUB_CLIENT_CONFIRMATION_OK"
16133,10418786667,10418786712,1,"IOTHUB_CLIENT_CONFIRMATION_OK"
16134,10418786867,10418786963,1,"IOTHUB_CLIENT_CONFIRMATION_OK"
16135,10418787068,10418787135,1,"IOTHUB_CLIENT_CONFIRMATION_OK"
16136,10418787268,10418787430,1,"IOTHUB_CLIENT_CONFIRMATION_OK"
16137,10418787468,10418787518,1,"IOTHUB_CLIENT_CONFIRMATION_OK"
16138,10418787668,10418787706,1,"IOTHUB_CLIENT_CONFIRMATION_OK"
16139,10418787868,10418787926,1,"IOTHUB_CLIENT_CONFIRMATION_OK"
16140,10418788068,10418788117,1,"IOTHUB_CLIENT_CONFIRMATION_OK"
16141,10418788268,10418788312,1,"IOTHUB_CLIENT_CONFIRMATION_OK"
16142,10418788469,10418788509,1,"IOTHUB_CLIENT_CONFIRMATION_OK"
16143,10418788669,10418788709,1,"IOTHUB_CLIENT_CONFIRMATION_OK"
16144,10418788869,10418788916,1,"IOTHUB_CLIENT_CONFIRMATION_OK"
16145,10418789069,10418789120,1,"IOTHUB_CLIENT_CONFIRMATION_OK"
16146,10418789269,10418789331,1,"IOTHUB_CLIENT_CONFIRMATION_OK"
16147,10418789469,10418789512,1,"IOTHUB_CLIENT_CONFIRMATION_OK"
16148,10418789670,10418789734,1,"IOTHUB_CLIENT_CONFIRMATION_OK"
16149,10418789870,10418789911,1,"IOTHUB_CLIENT_CONFIRMATION_OK"
16150,10418790070,10418790121,1,"IOTHUB_CLIENT_CONFIRMATION_OK"
16151,10418790270,10418790307,1,"IOTHUB_CLIENT_CONFIRMATION_OK"
16152,10418790470,10418790507,1,"IOTHUB_CLIENT_CONFIRMATION_OK"
16153,10418790670,10418790739,1,"IOTHUB_CLIENT_CONFIRMATION_OK"
16154,10418790870,10418790914,1,"IOTHUB_CLIENT_CONFIRMATION_OK"
16155,10418791071,10418791118,1,"IOTHUB_CLIENT_CONFIRMATION_OK"
16156,10418791271,10418791371,1,"IOTHUB_CLIENT_CONFIRMATION_OK"
16157,10418791471,10418791561,1,"IOTHUB_CLIENT_CONFIRMATION_OK"
16158,10418791671,10418791711,1,"IOTHUB_CLIENT_CONFIRMATION_OK"
16159,10418791871,10418791921,1,"IOTHUB_CLIENT_CONFIRMATION_OK"
16160,10418792071,10418792121,1,"IOTHUB_CLIENT_CONFIRMATION_OK"
16161,10418792271,10418792362,1,"IOTHUB_CLIENT_CONFIRMATION_OK"
16162,10418792472,10418792569,1,"IOTHUB_CLIENT_CONFIRMATION_OK"
16163,10418792672,10418792744,1,"IOTHUB_CLIENT_CONFIRMATION_OK"
16164,10418792872,10418792917,1,"IOTHUB_CLIENT_CONFIRMATION_OK"
16165,10418793072,10418793149,1,"IOTHUB_CLIENT_CONFIRMATION_OK"
16166,10418793272,10418793313,1,"IOTHUB_CLIENT_CONFIRMATION_OK"
16167,10418793472,10418793507,1,"IOTHUB_CLIENT_CONFIRMATION_OK"
16168,10418793673,10418793745,1,"IOTHUB_CLIENT_CONFIRMATION_OK"
16169,10418793873,10418793919,1,"IOTHUB_CLIENT_CONFIRMATION_OK"
16170,10418794073,10418794116,1,"IOTHUB_CLIENT_CONFIRMATION_OK"
16171,10418794273,10418794316,1,"IOTHUB_CLIENT_CONFIRMATION_OK"
16172,10418794473,10418794575,1,"IOTHUB_CLIENT_CONFIRMATION_OK"
16173,10418794673,10418794723,1,"IOTHUB_CLIENT_CONFIRMATION_OK"
16174,10418794873,10418794924,1,"IOTHUB_CLIENT_CONFIRMATION_OK"
16175,10418795074,10418795117,1,"IOTHUB_CLIENT_CONFIRMATION_OK"
16176,10418795274,10418795408,1,"IOTHUB_CLIENT_CONFIRMATION_OK"
16177,10418795474,10418795580,1,"IOTHUB_CLIENT_CONFIRMATION_OK"
16178,10418795674,10418795717,1,"IOTHUB_CLIENT_CONFIRMATION_OK"
16179,10418795874,10418795915,1,"IOTHUB_CLIENT_CONFIRMATION_OK"
16180,10418796074,10418796216,1,"IOTHUB_CLIENT_CONFIRMATION_OK"
16181,10418796274,10418796337,1,"IOTHUB_CLIENT_CONFIRMATION_OK"
16182,10418796475,10418796521,1,"IOTHUB_CLIENT_CONFIRMATION_OK"
16183,10418796675,10418796713,1,"IOTHUB_CLIENT_CONFIRMATION_OK"
16184,10418796875,10418796933,1,"IOTHUB_CLIENT_CONFIRMATION_OK"
16185,10418797075,10418797110,1,"IOTHUB_CLIENT_CONFIRMATION_OK"
16186,10418797275,10418797325,1,"IOTHUB_CLIENT_CONFIRMATION_OK"
16187,10418797475,10418797523,1,"IOTHUB_CLIENT_CONFIRMATION_OK"
16188,10418797675,10418797715,1,"IOTHUB_CLIENT_CONFIRMATION_OK"
16189,10418797876,10418797935,1,"IOTHUB_CLIENT_CONFIRMATION_OK"
16190,10418798076,10418798119,1,"IOTHUB_CLIENT_CONFIRMATION_OK"
16191,10418798276,10418798321,1,"IOTHUB_CLIENT_CONFIRMATION_OK"
16192,10418798476,10418798526,1,"IOTHUB_CLIENT_CONFIRMATION_OK"
16193,10418798676,10418798714,1,"IOTHUB_CLIENT_CONFIRMATION_OK"
16194,10418798876,10418798965,1,"IOTHUB_CLIENT_CONFIRMATION_OK"
16195,10418799076,10418799126,1,"IOTHUB_CLIENT_CONFIRMATION_OK"
16196,10418799277,10418799318,1,"IOTHUB_CLIENT_CONFIRMATION_OK"
16197,10418799477,10418799523,1,"IOTHUB_CLIENT_CONFIRMATION_OK"
16198,10418799677,10418799716,1,"IOTHUB_CLIENT_CONFIRMATION_OK"
16199,10418799877,10418799927,1,"IOTHUB_CLIENT_CONFIRMATION_OK"
16200,10418800077,10418800116,1,"IOTHUB_CLIENT_CONFIRMATION_OK"
16201,10418800277,10418800422,1,"IOTHUB_CLIENT_CONFIRMATION_OK"
16202,10418800478,10418800516,1,"IOTHUB_CLIENT_CONFIRMATION_OK"
16203,10418800678,10418800723,1,"IOTHUB_CLIENT_CONFIRMATION_OK"
16204,10418800878,10418800927,1,"IOTHUB_CLIENT_CONFIRMATION_OK"
16205,10418801078,10418801182,1,"IOTHUB_CLIENT_CONFIRMATION_OK"
16206,10418801278,10418801319,1,"IOTHUB_CLIENT_CONFIRMATION_OK"
16207,10418801478,10418801609,1,"IOTHUB_CLIENT_CONFIRMATION_OK"
16208,10418801678,10418801804,1,"IOTHUB_CLIENT_CONFIRMATION_OK"
16209,10418801879,10418801920,1,"IOTHUB_CLIENT_CONFIRMATION_OK"
16210,10418802079,10418802124,1,"IOTHUB_CLIENT_CONFIRMATION_OK"
16211,10418802279,10418802362,1,"IOTHUB_CLIENT_CONFIRMATION_OK"
16212,10418802479,10418802521,1,"IOTHUB_CLIENT_CONFIRMATION_OK"
16213,10418802679,10418802762,1,"IOTHUB_CLIENT_CONFIRMATION_OK"
16214,10418802879,10418802921,1,"IOTHUB_CLIENT_CONFIRMATION_OK"
16215,10418803080,10418803158,1,"IOTHUB_CLIENT_CONFIRMATION_OK"
16216,10418803280,10418803330,1,"IOTHUB_CLIENT_CONFIRMATION_OK"
16217,10418803480,10418803527,1,"IOTHUB_CLIENT_CONFIRMATION_OK"
16218,10418803680,10418803720,1,"IOTHUB_CLIENT_CONFIRMATION_OK"
16219,10418803880,10418803925,1,"IOTHUB_CLIENT_CONFIRMATION_OK"
16220,10418804080,10418804121,1,"IOTHUB_CLIENT_CONFIRMATION_OK"
16221,10418804281,10418804368,1,"IOTHUB_CLIENT_CONFIRMATION_OK"
16222,10418804481,10418804581,1,"IOTHUB_CLIENT_CONFIRMATION_OK"
16223,10418804681,10418804737,1,"IOTHUB_CLIENT_CONFIRMATION_OK"
16224,10418804881,10418804961,1,"IOTHUB_CLIENT_CONFIRMATION_OK"
16225,10418805081,10418805136,1,"IOTHUB_CLIENT_CONFIRMATION_OK"
16226,10418805281,10418805437,1,"IOTHUB_CLIENT_CONFIRMATION_OK"
16227,10418805481,10418805524,1,"IOTHUB_CLIENT_CONFIRMATION_OK"
16228,10418805682,10418805726,1,"IOTHUB_CLIENT_CONFIRMATION_OK"
16229,10418805882,10418805928,1,"IOTHUB_CLIENT_CONFIRMATION_OK"
16230,10418806082,10418806240,1,"IOTHUB_CLIENT_CONFIRMATION_OK"
16231,10418806282,10418806379,1,"IOTHUB_CLIENT_CONFIRMATION_OK"
16232,10418806482,10418806522,1,"IOTHUB_CLIENT_CONFIRMATION_OK"
16233,10418806682,10418806720,1,"IOTHUB_CLIENT_CONFIRMATION_OK"
16234,10418806882,10418806920,1,"IOTHUB_CLIENT_CONFIRMATION_OK"
16235,10418807083,10418807157,1,"IOTHUB_CLIENT_CONFIRMATION_OK"
16236,10418807283,10418807331,1,"IOTHUB_CLIENT_CONFIRMATION_OK"
16237,10418807483,10418807529,1,"IOTHUB_CLIENT_CONFIRMATION_OK"
16238,10418807683,10418807722,1,"IOTHUB_CLIENT_CONFIRMATION_OK"
16239,10418807883,10418807927,1,"IOTHUB_CLIENT_CONFIRMATION_OK"
16240,10418808083,10418808131,1,"IOTHUB_CLIENT_CONFIRMATION_OK"
16241,10418808283,10418808342,1,"IOTHUB_CLIENT_CONFIRMATION_OK"
16242,10418808484,10418808521,1,"IOTHUB_CLIENT_CONFIRMATION_OK"
16243,10418808684,10418808734,1,"IOTHUB_CLIENT_CONFIRMATION_OK"
16244,10418808884,10418808934,1,"IOTHUB_CLIENT_CONFIRMATION_OK"
16245,10418809084,10418809130,1,"IOTHUB_CLIENT_CONFIRMATION_OK"
16246,10418809284,10418809332,1,"IOTHUB_CLIENT_CONFIRMATION_OK"
16247,10418809484,10418809527,1,"IOTHUB_CLIENT_CONFIRMATION_OK"
16248,10418809685,10418809715,1,"IOTHUB_CLIENT_CONFIRMATION_OK"
16249,10418809885,10418809926,1,"IOTHUB_CLIENT_CONFIRMATION_OK"
16250,10418810085,10418810120,1,"IOTHUB_CLIENT_CONFIRMATION_OK"
16251,10418810285,10418810331,1,"IOTHUB_CLIENT_CONFIRMATION_OK"
16252,10418810485,10418810553,1,"IOTHUB_CLIENT_CONFIRMATION_OK"
16253,10418810685,10418810778,1,"IOTHUB_CLIENT_CONFIRMATION_OK"
16254,10418810886,10418810929,1,"IOTHUB_CLIENT_CONFIRMATION_OK"
16255,10418811086,10418811135,1,"IOTHUB_CLIENT_CONFIRMATION_OK"
16256,10418811286,10418811337,1,"IOTHUB_CLIENT_CONFIRMATION_OK"
16257,10418811486,10418811633,1,"IOTHUB_CLIENT_CONFIRMATION_OK"
16258,10418811686,10418811734,1,"IOTHUB_CLIENT_CONFIRMATION_OK"
16259,10418811887,10418811932,1,"IOTHUB_CLIENT_CONFIRMATION_OK"
16260,10418812087,10418812178,1,"IOTHUB_CLIENT_CONFIRMATION_OK"
16261,10418812287,10418812335,1,"IOTHUB_CLIENT_CONFIRMATION_OK"
16262,10418812487,10418812534,1,"IOTHUB_CLIENT_CONFIRMATION_OK"
16263,10418812687,10418812729,1,"IOTHUB_CLIENT_CONFIRMATION_OK"
16264,10418812887,10418812936,1,"IOTHUB_CLIENT_CONFIRMATION_OK"
16265,10418813087,10418813146,1,"IOTHUB_CLIENT_CONFIRMATION_OK"
16266,10418813288,10418813338,1,"IOTHUB_CLIENT_CONFIRMATION_OK"
16267,10418813488,10418813531,1,"IOTHUB_CLIENT_CONFIRMATION_OK"
16268,10418813688,10418813726,1,"IOTHUB_CLIENT_CONFIRMATION_OK"
16269,10418813888,10418814057,1,"IOTHUB_CLIENT_CONFIRMATION_OK"
16270,10418814088,10418814122,1,"IOTHUB_CLIENT_CONFIRMATION_OK"
16271,10418814288,10418814337,1,"IOTHUB_CLIENT_CONFIRMATION_OK"
16272,10418814489,10418814641,1,"IOTHUB_CLIENT_CONFIRMATION_OK"
16273,10418814689,10418814736,1,"IOTHUB_CLIENT_CONFIRMATION_OK"
16274,10418814889,10418814933,1,"IOTHUB_CLIENT_CONFIRMATION_OK"
16275,10418815089,10418815152,1,"IOTHUB_CLIENT_CONFIRMATION_OK"
16276,10418815289,10418815454,1,"IOTHUB_CLIENT_CONFIRMATION_OK"
16277,10418815489,10418815531,1,"IOTHUB_CLIENT_CONFIRMATION_OK"
16278,10418815689,10418815729,1,"IOTHUB_CLIENT_CONFIRMATION_OK"
16279,10418815890,10418815933,1,"IOTHUB_CLIENT_CONFIRMATION_OK"
16280,10418816090,10418816131,1,"IOTHUB_CLIENT_CONFIRMATION_OK"
16281,10418816290,10418816381,1,"IOTHUB_CLIENT_CONFIRMATION_OK"
16282,10418816490,10418816545,1,"IOTHUB_CLIENT_CONFIRMATION_OK"
16283,10418816690,10418816747,1,"IOTHUB_CLIENT_CONFIRMATION_OK"
16284,10418816890,10418816968,1,"IOTHUB_CLIENT_CONFIRMATION_OK"
16285,10418817091,10418817147,1,"IOTHUB_CLIENT_CONFIRMATION_OK"
16286,10418817291,10418817394,1,"IOTHUB_CLIENT_CONFIRMATION_OK"
16287,10418817491,10418817537,1,"IOTHUB_CLIENT_CONFIRMATION_OK"
16288,10418817691,10418817742,1,"IOTHUB_CLIENT_CONFIRMATION_OK"
16289,10418817891,10418817943,1,"IOTHUB_CLIENT_CONFIRMATION_OK"
16290,10418818091,10418818134,1,"IOTHUB_CLIENT_CONFIRMATION_OK"
16291,10418818292,10418818332,1,"IOTHUB_CLIENT_CONFIRMATION_OK"
16292,10418818492,10418818535,1,"IOTHUB_CLIENT_CONFIRMATION_OK"
16293,10418818692,10418818740,1,"IOTHUB_CLIENT_CONFIRMATION_OK"
16294,10418818892,10418818934,1,"IOTHUB_CLIENT_CONFIRMATION_OK"
16295,10418819092,10418819137,1,"IOTHUB_CLIENT_CONFIRMATION_OK"
16296,10418819293,10418819371,1,"IOTHUB_CLIENT_CONFIRMATION_OK"
16297,10418819493,10418819539,1,"IOTHUB_CLIENT_CONFIRMATION_OK"
16298,10418819693,10418819738,1,"IOTHUB_CLIENT_CONFIRMATION_OK"
16299,10418819893,10418819937,1,"IOTHUB_CLIENT_CONFIRMATION_OK"
16300,10418820093,10418820135,1,"IOTHUB_CLIENT_CONFIRMATION_OK"
16301,10418820293,10418820348,1,"IOTHUB_CLIENT_CONFIRMATION_OK"
16302,10418820494,10418820540,1,"IOTHUB_CLIENT_CONFIRMATION_OK"
16303,10418820694,10418820785,1,"IOTHUB_CLIENT_CONFIRMATION_OK"
16304,10418820894,10418820946,1,"IOTHUB_CLIENT_CONFIRMATION_OK"
16305,10418821094,10418821177,1,"IOTHUB_CLIENT_CONFIRMATION_OK"
16306,10418821294,10418821335,1,"IOTHUB_CLIENT_CONFIRMATION_OK"
16307,10418821494,10418821561,1,"IOTHUB_CLIENT_CONFIRMATION_OK"
16308,10418821695,10418821748,1,"IOTHUB_CLIENT_CONFIRMATION_OK"
16309,10418821895,10418821944,1,"IOTHUB_CLIENT_CONFIRMATION_OK"
16310,10418822095,10418822138,1,"IOTHUB_CLIENT_CONFIRMATION_OK"
16311,10418822295,10418822378,1,"IOTHUB_CLIENT_CONFIRMATION_OK"
16312,10418822495,10418822537,1,"IOTHUB_CLIENT_CONFIRMATION_OK"
16313,10418822695,10418822750,1,"IOTHUB_CLIENT_CONFIRMATION_OK"
16314,10418822895,10418822958,1,"IOTHUB_CLIENT_CONFIRMATION_OK"
16315,10418823096,10418823154,1,"IOTHUB_CLIENT_CONFIRMATION_OK"
16316,10418823296,10418823347,1,"IOTHUB_CLIENT_CONFIRMATION_OK"
16317,10418823496,10418823541,1,"IOTHUB_CLIENT_CONFIRMATION_OK"
16318,10418823696,10418823737,1,"IOTHUB_CLIENT_CONFIRMATION_OK"
16319,10418823896,10418823973,1,"IOTHUB_CLIENT_CONFIRMATION_OK"
16320,10418824096,10418824138,1,"IOTHUB_CLIENT_CONFIRMATION_OK"
16321,10418824297,10418824352,1,"IOTHUB_CLIENT_CONFIRMATION_OK"
16322,10418824497,10418824606,1,"IOTHUB_CLIENT_CONFIRMATION_OK"
16323,10418824697,10418824747,1,"IOTHUB_CLIENT_CONFIRMATION_OK"
16324,10418824897,10418824956,1,"IOTHUB_CLIENT_CONFIRMATION_OK"
16325,10418825097,10418825146,1,"IOTHUB_CLIENT_CONFIRMATION_OK"
16326,10418825297,10418825433,1,"IOTHUB_CLIENT_CONFIRMATION_OK"
16327,10418825498,10418825535,1,"IOTHUB_CLIENT_CONFIRMATION_OK"
16328,10418825698,10418825773,1,"IOTHUB_CLIENT_CONFIRMATION_OK"
16329,10418825898,10418825953,1,"IOTHUB_CLIENT_CONFIRMATION_OK"
16330,10418826098,10418826146,1,"IOTHUB_CLIENT_CONFIRMATION_OK"
16331,10418826298,10418826342,1,"IOTHUB_CLIENT_CONFIRMATION_OK"
16332,10418826498,10418826540,1,"IOTHUB_CLIENT_CONFIRMATION_OK"
16333,10418826698,10418826747,1,"IOTHUB_CLIENT_CONFIRMATION_OK"
16334,10418826899,10418827021,1,"IOTHUB_CLIENT_CONFIRMATION_OK"
16335,10418827099,10418827196,1,"IOTHUB_CLIENT_CONFIRMATION_OK"
16336,10418827299,10418827344,1,"IOTHUB_CLIENT_CONFIRMATION_OK"
16337,10418827499,10418827547,1,"IOTHUB_CLIENT_CONFIRMATION_OK"
16338,10418827699,10418827793,1,"IOTHUB_CLIENT_CONFIRMATION_OK"
16339,10418827899,10418827944,1,"IOTHUB_CLIENT_CONFIRMATION_OK"
16340,10418828099,10418828155,1,"IOTHUB_CLIENT_CONFIRMATION_OK"
16341,10418828300,10418828351,1,"IOTHUB_CLIENT_CONFIRMATION_OK"
16342,10418828500,10418828605,1,"IOTHUB_CLIENT_CONFIRMATION_OK"
16343,10418828700,10418828761,1,"IOTHUB_CLIENT_CONFIRMATION_OK"
16344,10418828900,10418828962,1,"IOTHUB_CLIENT_CONFIRMATION_OK"
16345,10418829100,10418829185,1,"IOTHUB_CLIENT_CONFIRMATION_OK"
16346,10418829300,10418829352,1,"IOTHUB_CLIENT_CONFIRMATION_OK"
16347,10418829501,10418829553,1,"IOTHUB_CLIENT_CONFIRMATION_OK"
16348,10418829701,10418829787,1,"IOTHUB_CLIENT_CONFIRMATION_OK"
16349,10418829901,10418830004,1,"IOTHUB_CLIENT_CONFIRMATION_OK"
16350,10418830101,10418830156,1,"IOTHUB_CLIENT_CONFIRMATION_OK"
16351,10418830301,10418830337,1,"IOTHUB_CLIENT_CONFIRMATION_OK"
16352,10418830501,10418830541,1,"IOTHUB_CLIENT_CONFIRMATION_OK"
16353,10418830702,10418830792,1,"IOTHUB_CLIENT_CONFIRMATION_OK"
16354,10418830902,10418830949,1,"IOTHUB_CLIENT_CONFIRMATION_OK"
16355,10418831102,10418831152,1,"IOTHUB_CLIENT_CONFIRMATION_OK"
16356,10418831302,10418831346,1,"IOTHUB_CLIENT_CONFIRMATION_OK"
16357,10418831502,10418831546,1,"IOTHUB_CLIENT_CONFIRMATION_OK"
16358,10418831702,10418831752,1,"IOTHUB_CLIENT_CONFIRMATION_OK"
16359,10418831902,10418831961,1,"IOTHUB_CLIENT_CONFIRMATION_OK"
16360,10418832103,10418832147,1,"IOTHUB_CLIENT_CONFIRMATION_OK"
16361,10418832303,10418832351,1,"IOTHUB_CLIENT_CONFIRMATION_OK"
16362,10418832503,10418832548,1,"IOTHUB_CLIENT_CONFIRMATION_OK"
16363,10418832703,10418832747,1,"IOTHUB_CLIENT_CONFIRMATION_OK"
16364,10418832903,10418832968,1,"IOTHUB_CLIENT_CONFIRMATION_OK"
16365,10418833103,10418833155,1,"IOTHUB_CLIENT_CONFIRMATION_OK"
16366,10418833304,10418833347,1,"IOTHUB_CLIENT_CONFIRMATION_OK"
16367,10418833504,10418833612,1,"IOTHUB_CLIENT_CONFIRMATION_OK"
16368,10418833704,10418833848,1,"IOTHUB_CLIENT_CONFIRMATION_OK"
16369,10418833904,10418833944,1,"IOTHUB_CLIENT_CONFIRMATION_OK"
16370,10418834104,10418834155,1,"IOTHUB_CLIENT_CONFIRMATION_OK"
16371,10418834304,10418834349,1,"IOTHUB_CLIENT_CONFIRMATION_OK"
16372,10418834504,10418834547,1,"IOTHUB_CLIENT_CONFIRMATION_OK"
16373,10418834705,10418834749,1,"IOTHUB_CLIENT_CONFIRMATION_OK"
16374,10418834905,10418834943,1,"IOTHUB_CLIENT_CONFIRMATION_OK"
16375,10418835105,10418835155,1,"IOTHUB_CLIENT_CONFIRMATION_OK"
16376,10418835305,10418835388,1,"IOTHUB_CLIENT_CONFIRMATION_OK"
16377,10418835505,10418835563,1,"IOTHUB_CLIENT_CONFIRMATION_OK"
16378,10418835705,10418835759,1,"IOTHUB_CLIENT_CONFIRMATION_OK"
16379,10418835906,10418835956,1,"IOTHUB_CLIENT_CONFIRMATION_OK"
16380,10418836106,10418836151,1,"IOTHUB_CLIENT_CONFIRMATION_OK"
16381,10418836306,10418836348,1,"IOTHUB_CLIENT_CONFIRMATION_OK"
16382,10418836506,10418836540,1,"IOTHUB_CLIENT_CONFIRMATION_OK"
16383,10418836706,10418836746,1,"IOTHUB_CLIENT_CONFIRMATION_OK"
16384,10418836907,10418836954,1,"IOTHUB_CLIENT_CONFIRMATION_OK"
16385,10418837107,10418837152,1,"IOTHUB_CLIENT_CONFIRMATION_OK"
16386,10418837307,10418837353,1,"IOTHUB_CLIENT_CONFIRMATION_OK"
16387,10418837507,10418837560,1,"IOTHUB_CLIENT_CONFIRMATION_OK"
16388,10418837708,10418837753,1,"IOTHUB_CLIENT_CONFIRMATION_OK"
16389,10418837908,10418837965,1,"IOTHUB_CLIENT_CONFIRMATION_OK"
16390,10418838108,10418838183,1,"IOTHUB_CLIENT_CONFIRMATION_OK"
16391,10418838308,10418838392,1,"IOTHUB_CLIENT_CONFIRMATION_OK"
16392,10418838508,10418838554,1,"IOTHUB_CLIENT_CONFIRMATION_OK"
16393,10418838708,10418838748,1,"IOTHUB_CLIENT_CONFIRMATION_OK"
16394,10418838909,10418838975,1,"IOTHUB_CLIENT_CONFIRMATION_OK"
16395,10418839109,10418839159,1,"IOTHUB_CLIENT_CONFIRMATION_OK"
16396,10418839309,10418839352,1,"IOTHUB_CLIENT_CONFIRMATION_OK"
16397,10418839509,10418839722,1,"IOTHUB_CLIENT_CONFIRMATION_OK"
16398,10418839709,10418839756,1,"IOTHUB_CLIENT_CONFIRMATION_OK"
16399,10418839909,10418839972,1,"IOTHUB_CLIENT_CONFIRMATION_OK"
16400,10418840110,10418840164,1,"IOTHUB_CLIENT_CONFIRMATION_OK"
16401,10418840310,10418840355,1,"IOTHUB_CLIENT_CONFIRMATION_OK"
16402,10418840510,10418840560,1,"IOTHUB_CLIENT_CONFIRMATION_OK"
16403,10418840710,10418840810,1,"IOTHUB_CLIENT_CONFIRMATION_OK"
16404,10418840910,10418840952,1,"IOTHUB_CLIENT_CONFIRMATION_OK"
16405,10418841110,10418841148,1,"IOTHUB_CLIENT_CONFIRMATION_OK"
16406,10418841310,10418841364,1,"IOTHUB_CLIENT_CONFIRMATION_OK"
16407,10418841511,10418841554,1,"IOTHUB_CLIENT_CONFIRMATION_OK"
16408,10418841711,10418841759,1,"IOTHUB_CLIENT_CONFIRMATION_OK"
16409,10418841911,10418841962,1,"IOTHUB_CLIENT_CONFIRMATION_OK"
16410,10418842111,10418842318,1,"IOTHUB_CLIENT_CONFIRMATION_OK"
16411,10418842311,10418842397,1,"IOTHUB_CLIENT_CONFIRMATION_OK"
16412,10418842511,10418842555,1,"IOTHUB_CLIENT_CONFIRMATION_OK"
16413,10418842712,10418842759,1,"IOTHUB_CLIENT_CONFIRMATION_OK"
16414,10418842912,10418843043,1,"IOTHUB_CLIENT_CONFIRMATION_OK"
16415,10418843112,10418843160,1,"IOTHUB_CLIENT_CONFIRMATION_OK"
16416,10418843312,10418843363,1,"IOTHUB_CLIENT_CONFIRMATION_OK"
16417,10418843512,10418843556,1,"IOTHUB_CLIENT_CONFIRMATION_OK"
16418,10418843712,10418843865,1,"IOTHUB_CLIENT_CONFIRMATION_OK"
16419,10418843912,10418843960,1,"IOTHUB_CLIENT_CONFIRMATION_OK"
16420,10418844113,10418844167,1,"IOTHUB_CLIENT_CONFIRMATION_OK"
16421,10418844313,10418844356,1,"IOTHUB_CLIENT_CONFIRMATION_OK"
16422,10418844513,10418844627,1,"IOTHUB_CLIENT_CONFIRMATION_OK"
16423,10418844713,10418844755,1,"IOTHUB_CLIENT_CONFIRMATION_OK"
16424,10418844913,10418844954,1,"IOTHUB_CLIENT_CONFIRMATION_OK"
16425,10418845113,10418845158,1,"IOTHUB_CLIENT_CONFIRMATION_OK"
16426,10418845314,10418845358,1,"IOTHUB_CLIENT_CONFIRMATION_OK"
16427,10418845514,10418845559,1,"IOTHUB_CLIENT_CONFIRMATION_OK"
16428,10418845714,10418845884,1,"IOTHUB_CLIENT_CONFIRMATION_OK"
16429,10418845914,10418846014,1,"IOTHUB_CLIENT_CONFIRMATION_OK"
16430,10418846114,10418846209,1,"IOTHUB_CLIENT_CONFIRMATION_OK"
16431,10418846314,10418846363,1,"IOTHUB_CLIENT_CONFIRMATION_OK"
16432,10418846515,10418846549,1,"IOTHUB_CLIENT_CONFIRMATION_OK"
16433,10418846715,10418846763,1,"IOTHUB_CLIENT_CONFIRMATION_OK"
16434,10418846915,10418846958,1,"IOTHUB_CLIENT_CONFIRMATION_OK"
16435,10418847115,10418847160,1,"IOTHUB_CLIENT_CONFIRMATION_OK"
16436,10418847315,10418847364,1,"IOTHUB_CLIENT_CONFIRMATION_OK"
16437,10418847515,10418847639,1,"IOTHUB_CLIENT_CONFIRMATION_OK"
16438,10418847715,10418847770,1,"IOTHUB_CLIENT_CONFIRMATION_OK"
16439,10418847916,10418847958,1,"IOTHUB_CLIENT_CONFIRMATION_OK"
16440,10418848116,10418848166,1,"IOTHUB_CLIENT_CONFIRMATION_OK"
16441,10418848316,10418848483,1,"IOTHUB_CLIENT_CONFIRMATION_OK"
16442,10418848516,10418848563,1,"IOTHUB_CLIENT_CONFIRMATION_OK"
16443,10418848716,10418848754,1,"IOTHUB_CLIENT_CONFIRMATION_OK"
16444,10418848916,10418848973,1,"IOTHUB_CLIENT_CONFIRMATION_OK"
16445,10418849116,10418849151,1,"IOTHUB_CLIENT_CONFIRMATION_OK"
16446,10418849317,10418849395,1,"IOTHUB_CLIENT_CONFIRMATION_OK"
16447,10418849517,10418849563,1,"IOTHUB_CLIENT_CONFIRMATION_OK"
16448,10418849717,10418849765,1,"IOTHUB_CLIENT_CONFIRMATION_OK"
16449,10418849917,10418849984,1,"IOTHUB_CLIENT_CONFIRMATION_OK"
16450,10418850117,10418850163,1,"IOTHUB_CLIENT_CONFIRMATION_OK"
16451,10418850317,10418850360,1,"IOTHUB_CLIENT_CONFIRMATION_OK"
16452,10418850518,10418850567,1,"IOTHUB_CLIENT_CONFIRMATION_OK"
16453,10418850718,10418850771,1,"IOTHUB_CLIENT_CONFIRMATION_OK"
16454,10418850918,10418850959,1,"IOTHUB_CLIENT_CONFIRMATION_OK"
16455,10418851118,10418851213,1,"IOTHUB_CLIENT_CONFIRMATION_OK"
16456,10418851318,10418851401,1,"IOTHUB_CLIENT_CONFIRMATION_OK"
16457,10418851518,10418851578,1,"IOTHUB_CLIENT_CONFIRMATION_OK"
16458,10418851719,10418851762,1,"IOTHUB_CLIENT_CONFIRMATION_OK"
16459,10418851919,10418851970,1,"IOTHUB_CLIENT_CONFIRMATION_OK"
16460,10418852119,10418852186,1,"IOTHUB_CLIENT_CONFIRMATION_OK"
16461,10418852319,10418852360,1,"IOTHUB_CLIENT_CONFIRMATION_OK"
16462,10418852519,10418852563,1,"IOTHUB_CLIENT_CONFIRMATION_OK"
16463,10418852719,10418852770,1,"IOTHUB_CLIENT_CONFIRMATION_OK"
16464,10418852919,10418852993,1,"IOTHUB_CLIENT_CONFIRMATION_OK"
16465,10418853120,10418853157,1,"IOTHUB_CLIENT_CONFIRMATION_OK"
16466,10418853320,10418853361,1,"IOTHUB_CLIENT_CONFIRMATION_OK"
16467,10418853520,10418853569,1,"IOTHUB_CLIENT_CONFIRMATION_OK"
16468,10418853720,10418853810,1,"IOTHUB_CLIENT_CONFIRMATION_OK"
16469,10418853920,10418853970,1,"IOTHUB_CLIENT_CONFIRMATION_OK"
16470,10418854120,10418854172,1,"IOTHUB_CLIENT_CONFIRMATION_OK"
16471,10418854320,10418854366,1,"IOTHUB_CLIENT_CONFIRMATION_OK"
16472,10418854521,10418854586,1,"IOTHUB_CLIENT_CONFIRMATION_OK"
16473,10418854721,10418854765,1,"IOTHUB_CLIENT_CONFIRMATION_OK"
16474,10418854921,10418854972,1,"IOTHUB_CLIENT_CONFIRMATION_OK"
16475,10418855121,10418855165,1,"IOTHUB_CLIENT_CONFIRMATION_OK"
16476,10418855321,10418855396,1,"IOTHUB_CLIENT_CONFIRMATION_OK"
16477,10418855521,10418855563,1,"IOTHUB_CLIENT_CONFIRMATION_OK"
16478,10418855721,10418855768,1,"IOTHUB_CLIENT_CONFIRMATION_OK"
16479,10418855922,10418856039,1,"IOTHUB_CLIENT_CONFIRMATION_OK"
16480,10418856122,10418856167,1,"IOTHUB_CLIENT_CONFIRMATION_OK"
16481,10418856322,10418856361,1,"IOTHUB_CLIENT_CONFIRMATION_OK"
16482,10418856522,10418856557,1,"IOTHUB_CLIENT_CONFIRMATION_OK"
16483,10418856722,10418856765,1,"IOTHUB_CLIENT_CONFIRMATION_OK"
16484,10418856922,10418856989,1,"IOTHUB_CLIENT_CONFIRMATION_OK"
16485,10418857123,10418857161,1,"IOTHUB_CLIENT_CONFIRMATION_OK"
16486,10418857323,10418857381,1,"IOTHUB_CLIENT_CONFIRMATION_OK"
16487,10418857523,10418857633,1,"IOTHUB_CLIENT_CONFIRMATION_OK"
16488,10418857723,10418857799,1,"IOTHUB_CLIENT_CONFIRMATION_OK"
16489,10418857923,10418857964,1,"IOTHUB_CLIENT_CONFIRMATION_OK"
16490,10418858123,10418858180,1,"IOTHUB_CLIENT_CONFIRMATION_OK"
16491,10418858323,10418858431,1,"IOTHUB_CLIENT_CONFIRMATION_OK"
16492,10418858524,10418858569,1,"IOTHUB_CLIENT_CONFIRMATION_OK"
16493,10418858724,10418858759,1,"IOTHUB_CLIENT_CONFIRMATION_OK"
16494,10418858924,10418858962,1,"IOTHUB_CLIENT_CONFIRMATION_OK"
16495,10418859124,10418859256,1,"IOTHUB_CLIENT_CONFIRMATION_OK"
16496,10418859324,10418859366,1,"IOTHUB_CLIENT_CONFIRMATION_OK"
16497,10418859524,10418859593,1,"IOTHUB_CLIENT_CONFIRMATION_OK"
16498,10418859724,10418859765,1,"IOTHUB_CLIENT_CONFIRMATION_OK"
16499,10418859925,10418859962,1,"IOTHUB_CLIENT_CONFIRMATION_OK"
16500,10418860125,10418860168,1,"IOTHUB_CLIENT_CONFIRMATION_OK"
16501,10418860325,10418860365,1,"IOTHUB_CLIENT_CONFIRMATION_OK"
16502,10418860525,10418860569,1,"IOTHUB_CLIENT_CONFIRMATION_OK"
16503,10418860725,10418860769,1,"IOTHUB_CLIENT_CONFIRMATION_OK"
16504,10418860925,10418860985,1,"IOTHUB_CLIENT_CONFIRMATION_OK"
16505,10418861126,10418861177,1,"IOTHUB_CLIENT_CONFIRMATION_OK"
16506,10418861326,10418861378,1,"IOTHUB_CLIENT_CONFIRMATION_OK"
16507,10418861526,10418861606,1,"IOTHUB_CLIENT_CONFIRMATION_OK"
16508,10418861726,10418861778,1,"IOTHUB_CLIENT_CONFIRMATION_OK"
16509,10418861926,10418861970,1,"IOTHUB_CLIENT_CONFIRMATION_OK"
16510,10418862126,10418862332,1,"IOTHUB_CLIENT_CONFIRMATION_OK"
16511,10418862326,10418862377,1,"IOTHUB_CLIENT_CONFIRMATION_OK"
16512,10418862527,10418862570,1,"IOTHUB_CLIENT_CONFIRMATION_OK"
16513,10418862727,10418862768,1,"IOTHUB_CLIENT_CONFIRMATION_OK"
16514,10418862927,10418862966,1,"IOTHUB_CLIENT_CONFIRMATION_OK"
16515,10418863127,10418863180,1,"IOTHUB_CLIENT_CONFIRMATION_OK"
16516,10418863327,10418863438,1,"IOTHUB_CLIENT_CONFIRMATION_OK"
16517,10418863527,10418863567,1,"IOTHUB_CLIENT_CONFIRMATION_OK"
16518,10418863728,10418863771,1,"IOTHUB_CLIENT_CONFIRMATION_OK"
16519,10418863928,10418864003,1,"IOTHUB_CLIENT_CONFIRMATION_OK"
16520,10418864128,10418864177,1,"IOTHUB_CLIENT_CONFIRMATION_OK"
16521,10418864328,10418864368,1,"IOTHUB_CLIENT_CONFIRMATION_OK"
16522,10418864528,10418864577,1,"IOTHUB_CLIENT_CONFIRMATION_OK"
16523,10418864728,10418864785,1,"IOTHUB_CLIENT_CONFIRMATION_OK"
16524,10418864928,10418865016,1,"IOTHUB_CLIENT_CONFIRMATION_OK"
16525,10418865129,10418865179,1,"IOTHUB_CLIENT_CONFIRMATION_OK"
16526,10418865329,10418865394,1,"IOTHUB_CLIENT_CONFIRMATION_OK"
16527,10418865529,10418865579,1,"IOTHUB_CLIENT_CONFIRMATION_OK"
16528,10418865729,10418865783,1,"IOTHUB_CLIENT_CONFIRMATION_OK"
16529,10418865929,10418865974,1,"IOTHUB_CLIENT_CONFIRMATION_OK"
16530,10418866129,10418866230,1,"IOTHUB_CLIENT_CONFIRMATION_OK"
16531,10418866329,10418866369,1,"IOTHUB_CLIENT_CONFIRMATION_OK"
16532,10418866530,10418866595,1,"IOTHUB_CLIENT_CONFIRMATION_OK"
16533,10418866730,10418866807,1,"IOTHUB_CLIENT_CONFIRMATION_OK"
16534,10418866930,10418866969,1,"IOTHUB_CLIENT_CONFIRMATION_OK"
16535,10418867130,10418867169,1,"IOTHUB_CLIENT_CONFIRMATION_OK"
16536,10418867330,10418867361,1,"IOTHUB_CLIENT_CONFIRMATION_OK"
16537,10418867530,10418867654,1,"IOTHUB_CLIENT_CONFIRMATION_OK"
16538,10418867730,10418867772,1,"IOTHUB_CLIENT_CONFIRMATION_OK"
16539,10418867931,10418867976,1,"IOTHUB_CLIENT_CONFIRMATION_OK"
16540,10418868131,10418868168,1,"IOTHUB_CLIENT_CONFIRMATION_OK"
16541,10418868331,10418868441,1,"IOTHUB_CLIENT_CONFIRMATION_OK"
16542,10418868531,10418868579,1,"IOTHUB_CLIENT_CONFIRMATION_OK"
16543,10418868731,10418868831,1,"IOTHUB_CLIENT_CONFIRMATION_OK"
16544,10418868931,10418868976,1,"IOTHUB_CLIENT_CONFIRMATION_OK"
16545,10418869131,10418869173,1,"IOTHUB_CLIENT_CONFIRMATION_OK"
16546,10418869332,10418869375,1,"IOTHUB_CLIENT_CONFIRMATION_OK"
16547,10418869532,10418869576,1,"IOTHUB_CLIENT_CONFIRMATION_OK"
16548,10418869732,10418869773,1,"IOTHUB_CLIENT_CONFIRMATION_OK"
16549,10418869932,10418869975,1,"IOTHUB_CLIENT_CONFIRMATION_OK"
16550,10418870132,10418870177,1,"IOTHUB_CLIENT_CONFIRMATION_OK"
16551,10418870332,10418870393,1,"IOTHUB_CLIENT_CONFIRMATION_OK"
16552,10418870532,10418870574,1,"IOTHUB_CLIENT_CONFIRMATION_OK"
16553,10418870733,10418870771,1,"IOTHUB_CLIENT_CONFIRMATION_OK"
16554,10418870933,10418871005,1,"IOTHUB_CLIENT_CONFIRMATION_OK"
16555,10418871133,10418871172,1,"IOTHUB_CLIENT_CONFIRMATION_OK"
16556,10418871333,10418871375,1,"IOTHUB_CLIENT_CONFIRMATION_OK"
16557,10418871533,10418871590,1,"IOTHUB_CLIENT_CONFIRMATION_OK"
16558,10418871733,10418871776,1,"IOTHUB_CLIENT_CONFIRMATION_OK"
16559,10418871933,10418871976,1,"IOTHUB_CLIENT_CONFIRMATION_OK"
16560,10418872134,10418872174,1,"IOTHUB_CLIENT_CONFIRMATION_OK"
16561,10418872334,10418872451,1,"IOTHUB_CLIENT_CONFIRMATION_OK"
16562,10418872534,10418872574,1,"IOTHUB_CLIENT_CONFIRMATION_OK"
16563,10418872734,10418872785,1,"IOTHUB_CLIENT_CONFIRMATION_OK"
16564,10418872934,10418873031,1,"IOTHUB_CLIENT_CONFIRMATION_OK"
16565,10418873134,10418873169,1,"IOTHUB_CLIENT_CONFIRMATION_OK"
16566,10418873335,10418873398,1,"IOTHUB_CLIENT_CONFIRMATION_OK"
16567,10418873535,10418873582,1,"IOTHUB_CLIENT_CONFIRMATION_OK"
16568,10418873735,10418873849,1,"IOTHUB_CLIENT_CONFIRMATION_OK"
16569,10418873935,10418874018,1,"IOTHUB_CLIENT_CONFIRMATION_OK"
16570,10418874135,10418874261,1,"IOTHUB_CLIENT_CONFIRMATION_OK"
16571,10418874335,10418874393,1,"IOTHUB_CLIENT_CONFIRMATION_OK"
16572,10418874536,10418874632,1,"IOTHUB_CLIENT_CONFIRMATION_OK"
16573,10418874736,10418874791,1,"IOTHUB_CLIENT_CONFIRMATION_OK"
16574,10418874936,10418874995,1,"IOTHUB_CLIENT_CONFIRMATION_OK"
16575,10418875136,10418875177,1,"IOTHUB_CLIENT_CONFIRMATION_OK"
16576,10418875336,10418875375,1,"IOTHUB_CLIENT_CONFIRMATION_OK"
16577,10418875536,10418875574,1,"IOTHUB_CLIENT_CONFIRMATION_OK"
16578,10418875736,10418875773,1,"IOTHUB_CLIENT_CONFIRMATION_OK"
16579,10418875937,10418875981,1,"IOTHUB_CLIENT_CONFIRMATION_OK"
16580,10418876137,10418876174,1,"IOTHUB_CLIENT_CONFIRMATION_OK"
16581,10418876337,10418876381,1,"IOTHUB_CLIENT_CONFIRMATION_OK"
16582,10418876537,10418876583,1,"IOTHUB_CLIENT_CONFIRMATION_OK"
16583,10418876737,10418876782,1,"IOTHUB_CLIENT_CONFIRMATION_OK"
16584,10418876937,10418876997,1,"IOTHUB_CLIENT_CONFIRMATION_OK"
16585,10418877137,10418877173,1,"IOTHUB_CLIENT_CONFIRMATION_OK"
16586,10418877338,10418877389,1,"IOTHUB_CLIENT_CONFIRMATION_OK"
16587,10418877538,10418877607,1,"IOTHUB_CLIENT_CONFIRMATION_OK"
16588,10418877738,10418877777,1,"IOTHUB_CLIENT_CONFIRMATION_OK"
16589,10418877938,10418877982,1,"IOTHUB_CLIENT_CONFIRMATION_OK"
16590,10418878138,10418878181,1,"IOTHUB_CLIENT_CONFIRMATION_OK"
16591,10418878338,10418878377,1,"IOTHUB_CLIENT_CONFIRMATION_OK"
16592,10418878539,10418878588,1,"IOTHUB_CLIENT_CONFIRMATION_OK"
16593,10418878739,10418878782,1,"IOTHUB_CLIENT_CONFIRMATION_OK"
16594,10418878939,10418878982,1,"IOTHUB_CLIENT_CONFIRMATION_OK"
16595,10418879139,10418879190,1,"IOTHUB_CLIENT_CONFIRMATION_OK"
16596,10418879339,10418879400,1,"IOTHUB_CLIENT_CONFIRMATION_OK"
16597,10418879539,10418879584,1,"IOTHUB_CLIENT_CONFIRMATION_OK"
16598,10418879739,10418879796,1,"IOTHUB_CLIENT_CONFIRMATION_OK"
16599,10418879940,10418880006,1,"IOTHUB_CLIENT_CONFIRMATION_OK"
16600,10418880140,10418880179,1,"IOTHUB_CLIENT_CONFIRMATION_OK"
16601,10418880340,10418880375,1,"IOTHUB_CLIENT_CONFIRMATION_OK"
16602,10418880540,10418880583,1,"IOTHUB_CLIENT_CONFIRMATION_OK"
16603,10418880740,10418880809,1,"IOTHUB_CLIENT_CONFIRMATION_OK"
16604,10418880940,10418880996,1,"IOTHUB_CLIENT_CONFIRMATION_OK"
16605,10418881141,10418881183,1,"IOTHUB_CLIENT_CONFIRMATION_OK"
16606,10418881341,10418881428,1,"IOTHUB_CLIENT_CONFIRMATION_OK"
16607,10418881541,10418881581,1,"IOTHUB_CLIENT_CONFIRMATION_OK"
16608,10418881741,10418881780,1,"IOTHUB_CLIENT_CONFIRMATION_OK"
16609,10418881941,10418881992,1,"IOTHUB_CLIENT_CONFIRMATION_OK"
16610,10418882141,10418882266,1,"IOTHUB_CLIENT_CONFIRMATION_OK"
16611,10418882341,10418882439,1,"IOTHUB_CLIENT_CONFIRMATION_OK"
16612,10418882542,10418882584,1,"IOTHUB_CLIENT_CONFIRMATION_OK"
16613,10418882742,10418882800,1,"IOTHUB_CLIENT_CONFIRMATION_OK"
16614,10418882942,10418883021,1,"IOTHUB_CLIENT_CONFIRMATION_OK"
16615,10418883142,10418883181,1,"IOTHUB_CLIENT_CONFIRMATION_OK"
16616,10418883342,10418883422,1,"IOTHUB_CLIENT_CONFIRMATION_OK"
16617,10418883542,10418883583,1,"IOTHUB_CLIENT_CONFIRMATION_OK"
16618,10418883743,10418883860,1,"IOTHUB_CLIENT_CONFIRMATION_OK"
16619,10418883943,10418883997,1,"IOTHUB_CLIENT_CONFIRMATION_OK"
16620,10418884143,10418884199,1,"IOTHUB_CLIENT_CONFIRMATION_OK"
16621,10418884343,10418884391,1,"IOTHUB_CLIENT_CONFIRMATION_OK"
16622,10418884543,10418884586,1,"IOTHUB_CLIENT_CONFIRMATION_OK"
16623,10418884743,10418884781,1,"IOTHUB_CLIENT_CONFIRMATION_OK"
16624,10418884943,10418884984,1,"IOTHUB_CLIENT_CONFIRMATION_OK"
16625,10418885144,10418885203,1,"IOTHUB_CLIENT_CONFIRMATION_OK"
16626,10418885344,10418885387,1,"IOTHUB_CLIENT_CONFIRMATION_OK"
16627,10418885544,10418885629,1,"IOTHUB_CLIENT_CONFIRMATION_OK"
16628,10418885744,10418885786,1,"IOTHUB_CLIENT_CONFIRMATION_OK"
16629,10418885944,10418885978,1,"IOTHUB_CLIENT_CONFIRMATION_OK"
16630,10418886144,10418886184,1,"IOTHUB_CLIENT_CONFIRMATION_OK"
16631,10418886345,10418886407,1,"IOTHUB_CLIENT_CONFIRMATION_OK"
16632,10418886545,10418886584,1,"IOTHUB_CLIENT_CONFIRMATION_OK"
16633,10418886745,10418886928,1,"IOTHUB_CLIENT_CONFIRMATION_OK"
16634,10418886945,10418886990,1,"IOTHUB_CLIENT_CONFIRMATION_OK"
16635,10418887145,10418887187,1,"IOTHUB_CLIENT_CONFIRMATION_OK"
16636,10418887345,10418887384,1,"IOTHUB_CLIENT_CONFIRMATION_OK"
16637,10418887546,10418887708,1,"IOTHUB_CLIENT_CONFIRMATION_OK"
16638,10418887746,10418887785,1,"IOTHUB_CLIENT_CONFIRMATION_OK"
16639,10418887946,10418888008,1,"IOTHUB_CLIENT_CONFIRMATION_OK"
16640,10418888146,10418888193,1,"IOTHUB_CLIENT_CONFIRMATION_OK"
16641,10418888346,10418888396,1,"IOTHUB_CLIENT_CONFIRMATION_OK"
16642,10418888546,10418888594,1,"IOTHUB_CLIENT_CONFIRMATION_OK"
16643,10418888746,10418888791,1,"IOTHUB_CLIENT_CONFIRMATION_OK"
16644,10418888947,10418888996,1,"IOTHUB_CLIENT_CONFIRMATION_OK"
16645,10418889147,10418889189,1,"IOTHUB_CLIENT_CONFIRMATION_OK"
16646,10418889347,10418889402,1,"IOTHUB_CLIENT_CONFIRMATION_OK"
16647,10418889547,10418889592,1,"IOTHUB_CLIENT_CONFIRMATION_OK"
16648,10418889747,10418889783,1,"IOTHUB_CLIENT_CONFIRMATION_OK"
16649,10418889947,10418889991,1,"IOTHUB_CLIENT_CONFIRMATION_OK"
16650,10418890147,10418890270,1,"IOTHUB_CLIENT_CONFIRMATION_OK"
16651,10418890348,10418890410,1,"IOTHUB_CLIENT_CONFIRMATION_OK"
16652,10418890548,10418890587,1,"IOTHUB_CLIENT_CONFIRMATION_OK"
16653,10418890748,10418890792,1,"IOTHUB_CLIENT_CONFIRMATION_OK"
16654,10418890948,10418890990,1,"IOTHUB_CLIENT_CONFIRMATION_OK"
16655,10418891148,10418891187,1,"IOTHUB_CLIENT_CONFIRMATION_OK"
16656,10418891348,10418891393,1,"IOTHUB_CLIENT_CONFIRMATION_OK"
16657,10418891548,10418891665,1,"IOTHUB_CLIENT_CONFIRMATION_OK"
16658,10418891749,10418891798,1,"IOTHUB_CLIENT_CONFIRMATION_OK"
16659,10418891949,10418891990,1,"IOTHUB_CLIENT_CONFIRMATION_OK"
16660,10418892149,10418892188,1,"IOTHUB_CLIENT_CONFIRMATION_OK"
16661,10418892349,10418892390,1,"IOTHUB_CLIENT_CONFIRMATION_OK"
16662,10418892549,10418892592,1,"IOTHUB_CLIENT_CONFIRMATION_OK"
16663,10418892749,10418892801,1,"IOTHUB_CLIENT_CONFIRMATION_OK"
16664,10418892950,10418892998,1,"IOTHUB_CLIENT_CONFIRMATION_OK"
16665,10418893150,10418893193,1,"IOTHUB_CLIENT_CONFIRMATION_OK"
16666,10418893350,10418893390,1,"IOTHUB_CLIENT_CONFIRMATION_OK"
16667,10418893550,10418893595,1,"IOTHUB_CLIENT_CONFIRMATION_OK"
16668,10418893750,10418893823,1,"IOTHUB_CLIENT_CONFIRMATION_OK"
16669,10418893950,10418893989,1,"IOTHUB_CLIENT_CONFIRMATION_OK"
16670,10418894150,10418894187,1,"IOTHUB_CLIENT_CONFIRMATION_OK"
16671,10418894351,10418894394,1,"IOTHUB_CLIENT_CONFIRMATION_OK"
16672,10418894551,10418894629,1,"IOTHUB_CLIENT_CONFIRMATION_OK"
16673,10418894751,10418894790,1,"IOTHUB_CLIENT_CONFIRMATION_OK"
16674,10418894951,10418894995,1,"IOTHUB_CLIENT_CONFIRMATION_OK"
16675,10418895151,10418895194,1,"IOTHUB_CLIENT_CONFIRMATION_OK"
16676,10418895351,10418895391,1,"IOTHUB_CLIENT_CONFIRMATION_OK"
16677,10418895552,10418895600,1,"IOTHUB_CLIENT_CONFIRMATION_OK"
16678,10418895752,10418895791,1,"IOTHUB_CLIENT_CONFIRMATION_OK"
16679,10418895952,10418896002,1,"IOTHUB_CLIENT_CONFIRMATION_OK"
16680,10418896152,10418896217,1,"IOTHUB_CLIENT_CONFIRMATION_OK"
16681,10418896352,10418896398,1,"IOTHUB_CLIENT_CONFIRMATION_OK"
16682,10418896552,10418896589,1,"IOTHUB_CLIENT_CONFIRMATION_OK"
16683,10418896752,10418896876,1,"IOTHUB_CLIENT_CONFIRMATION_OK"
16684,10418896953,10418897052,1,"IOTHUB_CLIENT_CONFIRMATION_OK"
16685,10418897153,10418897197,1,"IOTHUB_CLIENT_CONFIRMATION_OK"
16686,10418897353,10418897393,1,"IOTHUB_CLIENT_CONFIRMATION_OK"
16687,10418897553,10418897700,1,"IOTHUB_CLIENT_CONFIRMATION_OK"
16688,10418897753,10418897797,1,"IOTHUB_CLIENT_CONFIRMATION_OK"
16689,10418897953,10418897992,1,"IOTHUB_CLIENT_CONFIRMATION_OK"
16690,10418898154,10418898193,1,"IOTHUB_CLIENT_CONFIRMATION_OK"
16691,10418898354,10418898434,1,"IOTHUB_CLIENT_CONFIRMATION_OK"
16692,10418898554,10418898594,1,"IOTHUB_CLIENT_CONFIRMATION_OK"
16693,10418898754,10418898796,1,"IOTHUB_CLIENT_CONFIRMATION_OK"
16694,10418898954,10418898993,1,"IOTHUB_CLIENT_CONFIRMATION_OK"
16695,10418899154,10418899203,1,"IOTHUB_CLIENT_CONFIRMATION_OK"
16696,10418899354,10418899394,1,"IOTHUB_CLIENT_CONFIRMATION_OK"
16697,10418899555,10418899618,1,"IOTHUB_CLIENT_CONFIRMATION_OK"
16698,10418899755,10418899830,1,"IOTHUB_CLIENT_CONFIRMATION_OK"
16699,10418899955,10418900011,1,"IOTHUB_CLIENT_CONFIRMATION_OK"
16700,10418900155,10418900197,1,"IOTHUB_CLIENT_CONFIRMATION_OK"
16701,10418900355,10418900393,1,"IOTHUB_CLIENT_CONFIRMATION_OK"
16702,10418900555,10418900606,1,"IOTHUB_CLIENT_CONFIRMATION_OK"
16703,10418900756,10418900793,1,"IOTHUB_CLIENT_CONFIRMATION_OK"
16704,10418900956,10418900995,1,"IOTHUB_CLIENT_CONFIRMATION_OK"
16705,10418901156,10418901195,1,"IOTHUB_CLIENT_CONFIRMATION_OK"
16706,10418901356,10418901553,1,"IOTHUB_CLIENT_CONFIRMATION_OK"
16707,10418901556,10418901596,1,"IOTHUB_CLIENT_CONFIRMATION_OK"
16708,10418901757,10418901811,1,"IOTHUB_CLIENT_CONFIRMATION_OK"
16709,10418901957,10418902001,1,"IOTHUB_CLIENT_CONFIRMATION_OK"
16710,10418902157,10418902218,1,"IOTHUB_CLIENT_CONFIRMATION_OK"
16711,10418902357,10418902410,1,"IOTHUB_CLIENT_CONFIRMATION_OK"
16712,10418902557,10418902603,1,"IOTHUB_CLIENT_CONFIRMATION_OK"
16713,10418902757,10418902800,1,"IOTHUB_CLIENT_CONFIRMATION_OK"
16714,10418902957,10418902997,1,"IOTHUB_CLIENT_CONFIRMATION_OK"
16715,10418903158,10418903211,1,"IOTHUB_CLIENT_CONFIRMATION_OK"
16716,10418903358,10418903399,1,"IOTHUB_CLIENT_CONFIRMATION_OK"
16717,10418903558,10418903597,1,"IOTHUB_CLIENT_CONFIRMATION_OK"
16718,10418903758,10418903814,1,"IOTHUB_CLIENT_CONFIRMATION_OK"
16719,10418903958,10418903999,1,"IOTHUB_CLIENT_CONFIRMATION_OK"
16720,10418904158,10418904222,1,"IOTHUB_CLIENT_CONFIRMATION_OK"
16721,10418904358,10418904417,1,"IOTHUB_CLIENT_CONFIRMATION_OK"
16722,10418904559,10418904604,1,"IOTHUB_CLIENT_CONFIRMATION_OK"
16723,10418904759,10418904794,1,"IOTHUB_CLIENT_CONFIRMATION_OK"
16724,10418904959,10418905008,1,"IOTHUB_CLIENT_CONFIRMATION_OK"
16725,10418905159,10418905204,1,"IOTHUB_CLIENT_CONFIRMATION_OK"
16726,10418905359,10418905403,1,"IOTHUB_CLIENT_CONFIRMATION_OK"
16727,10418905559,10418905611,1,"IOTHUB_CLIENT_CONFIRMATION_OK"
16728,10418905759,10418905816,1,"IOTHUB_CLIENT_CONFIRMATION_OK"
16729,10418905960,10418906028,1,"IOTHUB_CLIENT_CONFIRMATION_OK"
16730,10418906160,10418906210,1,"IOTHUB_CLIENT_CONFIRMATION_OK"
16731,10418906360,10418906424,1,"IOTHUB_CLIENT_CONFIRMATION_OK"
16732,10418906560,10418906607,1,"IOTHUB_CLIENT_CONFIRMATION_OK"
16733,10418906760,10418906868,1,"IOTHUB_CLIENT_CONFIRMATION_OK"
16734,10418906960,10418906996,1,"IOTHUB_CLIENT_CONFIRMATION_OK"
16735,10418907161,10418907195,1,"IOTHUB_CLIENT_CONFIRMATION_OK"
16736,10418907361,10418907401,1,"IOTHUB_CLIENT_CONFIRMATION_OK"
16737,10418907561,10418907663,1,"IOTHUB_CLIENT_CONFIRMATION_OK"
16738,10418907761,10418907803,1,"IOTHUB_CLIENT_CONFIRMATION_OK"
16739,10418907961,10418908001,1,"IOTHUB_CLIENT_CONFIRMATION_OK"
16740,10418908161,10418908208,1,"IOTHUB_CLIENT_CONFIRMATION_OK"
16741,10418908361,10418908420,1,"IOTHUB_CLIENT_CONFIRMATION_OK"
16742,10418908562,10418908613,1,"IOTHUB_CLIENT_CONFIRMATION_OK"
16743,10418908762,10418908797,1,"IOTHUB_CLIENT_CONFIRMATION_OK"
16744,10418908962,10418908998,1,"IOTHUB_CLIENT_CONFIRMATION_OK"
16745,10418909162,10418909212,1,"IOTHUB_CLIENT_CONFIRMATION_OK"
16746,10418909362,10418909399,1,"IOTHUB_CLIENT_CONFIRMATION_OK"
16747,10418909562,10418909617,1,"IOTHUB_CLIENT_CONFIRMATION_OK"
16748,10418909762,10418909803,1,"IOTHUB_CLIENT_CONFIRMATION_OK"
16749,10418909963,10418910016,1,"IOTHUB_CLIENT_CONFIRMATION_OK"
16750,10418910163,10418910203,1,"IOTHUB_CLIENT_CONFIRMATION_OK"
16751,10418910363,10418910407,1,"IOTHUB_CLIENT_CONFIRMATION_OK"
16752,10418910563,10418910635,1,"IOTHUB_CLIENT_CONFIRMATION_OK"
16753,10418910763,10418910868,1,"IOTHUB_CLIENT_CONFIRMATION_OK"
16754,10418910963,10418911012,1,"IOTHUB_CLIENT_CONFIRMATION_OK"
16755,10418911164,10418911208,1,"IOTHUB_CLIENT_CONFIRMATION_OK"
16756,10418911364,10418911447,1,"IOTHUB_CLIENT_CONFIRMATION_OK"
16757,10418911564,10418911609,1,"IOTHUB_CLIENT_CONFIRMATION_OK"
16758,10418911764,10418911810,1,"IOTHUB_CLIENT_CONFIRMATION_OK"
16759,10418911964,10418912062,1,"IOTHUB_CLIENT_CONFIRMATION_OK"
16760,10418912164,10418912261,1,"IOTHUB_CLIENT_CONFIRMATION_OK"
16761,10418912364,10418912403,1,"IOTHUB_CLIENT_CONFIRMATION_OK"
16762,10418912565,10418912601,1,"IOTHUB_CLIENT_CONFIRMATION_OK"
16763,10418912765,10418912802,1,"IOTHUB_CLIENT_CONFIRMATION_OK"
16764,10418912965,10418913008,1,"IOTHUB_CLIENT_CONFIRMATION_OK"
16765,10418913165,10418913238,1,"IOTHUB_CLIENT_CONFIRMATION_OK"
16766,10418913365,10418913417,1,"IOTHUB_CLIENT_CONFIRMATION_OK"
16767,10418913565,10418913601,1,"IOTHUB_CLIENT_CONFIRMATION_OK"
16768,10418913766,10418913834,1,"IOTHUB_CLIENT_CONFIRMATION_OK"
16769,10418913966,10418914130,1,"IOTHUB_CLIENT_CONFIRMATION_OK"
16770,10418914166,10418914223,1,"IOTHUB_CLIENT_CONFIRMATION_OK"
16771,10418914366,10418914412,1,"IOTHUB_CLIENT_CONFIRMATION_OK"
16772,10418914566,10418914603,1,"IOTHUB_CLIENT_CONFIRMATION_OK"
16773,10418914766,10418914798,1,"IOTHUB_CLIENT_CONFIRMATION_OK"
16774,10418914967,10418915019,1,"IOTHUB_CLIENT_CONFIRMATION_OK"
16775,10418915167,10418915334,1,"IOTHUB_CLIENT_CONFIRMATION_OK"
16776,10418915367,10418915429,1,"IOTHUB_CLIENT_CONFIRMATION_OK"
16777,10418915567,10418915663,1,"IOTHUB_CLIENT_CONFIRMATION_OK"
16778,10418915767,10418915811,1,"IOTHUB_CLIENT_CONFIRMATION_OK"
16779,10418915967,10418916041,1,"IOTHUB_CLIENT_CONFIRMATION_OK"
16780,10418916167,10418916216,1,"IOTHUB_CLIENT_CONFIRMATION_OK"
16781,10418916368,10418916414,1,"IOTHUB_CLIENT_CONFIRMATION_OK"
16782,10418916568,10418916609,1,"IOTHUB_CLIENT_CONFIRMATION_OK"
16783,10418916768,10418916824,1,"IOTHUB_CLIENT_CONFIRMATION_OK"
16784,10418916968,10418917010,1,"IOTHUB_CLIENT_CONFIRMATION_OK"
16785,10418917168,10418917210,1,"IOTHUB_CLIENT_CONFIRMATION_OK"
16786,10418917368,10418917414,1,"IOTHUB_CLIENT_CONFIRMATION_OK"
16787,10418917568,10418917642,1,"IOTHUB_CLIENT_CONFIRMATION_OK"
16788,10418917769,10418917813,1,"IOTHUB_CLIENT_CONFIRMATION_OK"
16789,10418917969,10418918003,1,"IOTHUB_CLIENT_CONFIRMATION_OK"
16790,10418918169,10418918209,1,"IOTHUB_CLIENT_CONFIRMATION_OK"
16791,10418918369,10418918410,1,"IOTHUB_CLIENT_CONFIRMATION_OK"
16792,10418918569,10418918605,1,"IOTHUB_CLIENT_CONFIRMATION_OK"
16793,10418918769,10418918815,1,"IOTHUB_CLIENT_CONFIRMATION_OK"
16794,10418918970,10418919045,1,"IOTHUB_CLIENT_CONFIRMATION_OK"
16795,10418919170,10418919214,1,"IOTHUB_CLIENT_CONFIRMATION_OK"
16796,10418919370,10418919411,1,"IOTHUB_CLIENT_CONFIRMATION_OK"
16797,10418919570,10418919618,1,"IOTHUB_CLIENT_CONFIRMATION_OK"
16798,10418919770,10418919900,1,"IOTHUB_CLIENT_CONFIRMATION_OK"
16799,10418919970,10418920009,1,"IOTHUB_CLIENT_CONFIRMATION_OK"
16800,10418920170,10418920213,1,"IOTHUB_CLIENT_CONFIRMATION_OK"
16801,10418920371,10418920410,1,"IOTHUB_CLIENT_CONFIRMATION_OK"
16802,10418920571,10418920672,1,"IOTHUB_CLIENT_CONFIRMATION_OK"
16803,10418920771,10418920843,1,"IOTHUB_CLIENT_CONFIRMATION_OK"
16804,10418920971,10418921034,1,"IOTHUB_CLIENT_CONFIRMATION_OK"
16805,10418921171,10418921214,1,"IOTHUB_CLIENT_CONFIRMATION_OK"
16806,10418921371,10418921417,1,"IOTHUB_CLIENT_CONFIRMATION_OK"
16807,10418921571,10418921617,1,"IOTHUB_CLIENT_CONFIRMATION_OK"
16808,10418921772,10418921831,1,"IOTHUB_CLIENT_CONFIRMATION_OK"
16809,10418921972,10418922032,1,"IOTHUB_CLIENT_CONFIRMATION_OK"
16810,10418922172,10418922212,1,"IOTHUB_CLIENT_CONFIRMATION_OK"
16811,10418922372,10418922422,1,"IOTHUB_CLIENT_CONFIRMATION_OK"
16812,10418922572,10418922625,1,"IOTHUB_CLIENT_CONFIRMATION_OK"
16813,10418922772,10418922815,1,"IOTHUB_CLIENT_CONFIRMATION_OK"
16814,10418922973,10418923039,1,"IOTHUB_CLIENT_CONFIRMATION_OK"
16815,10418923173,10418923212,1,"IOTHUB_CLIENT_CONFIRMATION_OK"
16816,10418923373,10418923413,1,"IOTHUB_CLIENT_CONFIRMATION_OK"
16817,10418923573,10418923611,1,"IOTHUB_CLIENT_CONFIRMATION_OK"
16818,10418923773,10418923828,1,"IOTHUB_CLIENT_CONFIRMATION_OK"
16819,10418923973,10418924027,1,"IOTHUB_CLIENT_CONFIRMATION_OK"
16820,10418924174,10418924218,1,"IOTHUB_CLIENT_CONFIRMATION_OK"
16821,10418924374,10418924483,1,"IOTHUB_CLIENT_CONFIRMATION_OK"
16822,10418924574,10418924646,1,"IOTHUB_CLIENT_CONFIRMATION_OK"
16823,10418924774,10418924818,1,"IOTHUB_CLIENT_CONFIRMATION_OK"
16824,10418924974,10418925015,1,"IOTHUB_CLIENT_CONFIRMATION_OK"
16825,10418925174,10418925289,1,"IOTHUB_CLIENT_CONFIRMATION_OK"
16826,10418925374,10418925429,1,"IOTHUB_CLIENT_CONFIRMATION_OK"
16827,10418925575,10418925620,1,"IOTHUB_CLIENT_CONFIRMATION_OK"
16828,10418925775,10418925827,1,"IOTHUB_CLIENT_CONFIRMATION_OK"
16829,10418925975,10418926130,1,"IOTHUB_CLIENT_CONFIRMATION_OK"
16830,10418926175,10418926234,1,"IOTHUB_CLIENT_CONFIRMATION_OK"
16831,10418926375,10418926418,1,"IOTHUB_CLIENT_CONFIRMATION_OK"
16832,10418926575,10418926626,1,"IOTHUB_CLIENT_CONFIRMATION_OK"
16833,10418926776,10418926832,1,"IOTHUB_CLIENT_CONFIRMATION_OK"
16834,10418926976,10418927010,1,"IOTHUB_CLIENT_CONFIRMATION_OK"
16835,10418927176,10418927249,1,"IOTHUB_CLIENT_CONFIRMATION_OK"
16836,10418927376,10418927418,1,"IOTHUB_CLIENT_CONFIRMATION_OK"
16837,10418927576,10418927621,1,"IOTHUB_CLIENT_CONFIRMATION_OK"
16838,10418927776,10418927820,1,"IOTHUB_CLIENT_CONFIRMATION_OK"
16839,10418927976,10418928023,1,"IOTHUB_CLIENT_CONFIRMATION_OK"
16840,10418928177,10418928218,1,"IOTHUB_CLIENT_CONFIRMATION_OK"
16841,10418928377,10418928448,1,"IOTHUB_CLIENT_CONFIRMATION_OK"
16842,10418928577,10418928616,1,"IOTHUB_CLIENT_CONFIRMATION_OK"
16843,10418928777,10418928817,1,"IOTHUB_CLIENT_CONFIRMATION_OK"
16844,10418928977,10418929138,1,"IOTHUB_CLIENT_CONFIRMATION_OK"
16845,10418929177,10418929225,1,"IOTHUB_CLIENT_CONFIRMATION_OK"
16846,10418929378,10418929422,1,"IOTHUB_CLIENT_CONFIRMATION_OK"
16847,10418929578,10418929622,1,"IOTHUB_CLIENT_CONFIRMATION_OK"
16848,10418929778,10418929823,1,"IOTHUB_CLIENT_CONFIRMATION_OK"
16849,10418929978,10418930029,1,"IOTHUB_CLIENT_CONFIRMATION_OK"
16850,10418930178,10418930219,1,"IOTHUB_CLIENT_CONFIRMATION_OK"
16851,10418930379,10418930448,1,"IOTHUB_CLIENT_CONFIRMATION_OK"
16852,10418930579,10418930644,1,"IOTHUB_CLIENT_CONFIRMATION_OK"
16853,10418930779,10418930817,1,"IOTHUB_CLIENT_CONFIRMATION_OK"
16854,10418930979,10418931026,1,"IOTHUB_CLIENT_CONFIRMATION_OK"
16855,10418931179,10418931227,1,"IOTHUB_CLIENT_CONFIRMATION_OK"
16856,10418931379,10418931425,1,"IOTHUB_CLIENT_CONFIRMATION_OK"
16857,10418931580,10418931618,1,"IOTHUB_CLIENT_CONFIRMATION_OK"
16858,10418931780,10418931821,1,"IOTHUB_CLIENT_CONFIRMATION_OK"
16859,10418931980,10418932018,1,"IOTHUB_CLIENT_CONFIRMATION_OK"
16860,10418932180,10418932255,1,"IOTHUB_CLIENT_CONFIRMATION_OK"
16861,10418932380,10418932446,1,"IOTHUB_CLIENT_CONFIRMATION_OK"
16862,10418932580,10418932628,1,"IOTHUB_CLIENT_CONFIRMATION_OK"
16863,10418932781,10418932823,1,"IOTHUB_CLIENT_CONFIRMATION_OK"
16864,10418932981,10418933023,1,"IOTHUB_CLIENT_CONFIRMATION_OK"
16865,10418933181,10418933230,1,"IOTHUB_CLIENT_CONFIRMATION_OK"
16866,10418933381,10418933423,1,"IOTHUB_CLIENT_CONFIRMATION_OK"
16867,10418933581,10418933670,1,"IOTHUB_CLIENT_CONFIRMATION_OK"
16868,10418933781,10418933826,1,"IOTHUB_CLIENT_CONFIRMATION_OK"
16869,10418933981,10418934035,1,"IOTHUB_CLIENT_CONFIRMATION_OK"
16870,10418934182,10418934228,1,"IOTHUB_CLIENT_CONFIRMATION_OK"
16871,10418934382,10418934488,1,"IOTHUB_CLIENT_CONFIRMATION_OK"
16872,10418934582,10418934624,1,"IOTHUB_CLIENT_CONFIRMATION_OK"
16873,10418934782,10418934909,1,"IOTHUB_CLIENT_CONFIRMATION_OK"
16874,10418934982,10418935020,1,"IOTHUB_CLIENT_CONFIRMATION_OK"
16875,10418935182,10418935230,1,"IOTHUB_CLIENT_CONFIRMATION_OK"
16876,10418935383,10418935414,1,"IOTHUB_CLIENT_CONFIRMATION_OK"
16877,10418935583,10418935624,1,"IOTHUB_CLIENT_CONFIRMATION_OK"
16878,10418935783,10418935844,1,"IOTHUB_CLIENT_CONFIRMATION_OK"
16879,10418935983,10418936029,1,"IOTHUB_CLIENT_CONFIRMATION_OK"
16880,10418936183,10418936226,1,"IOTHUB_CLIENT_CONFIRMATION_OK"
16881,10418936383,10418936437,1,"IOTHUB_CLIENT_CONFIRMATION_OK"
16882,10418936584,10418936628,1,"IOTHUB_CLIENT_CONFIRMATION_OK"
16883,10418936784,10418936824,1,"IOTHUB_CLIENT_CONFIRMATION_OK"
16884,10418936984,10418937026,1,"IOTHUB_CLIENT_CONFIRMATION_OK"
16885,10418937184,10418937221,1,"IOTHUB_CLIENT_CONFIRMATION_OK"
16886,10418937384,10418937420,1,"IOTHUB_CLIENT_CONFIRMATION_OK"
16887,10418937584,10418937624,1,"IOTHUB_CLIENT_CONFIRMATION_OK"
16888,10418937785,10418937846,1,"IOTHUB_CLIENT_CONFIRMATION_OK"
16889,10418937985,10418938020,1,"IOTHUB_CLIENT_CONFIRMATION_OK"
16890,10418938185,10418938260,1,"IOTHUB_CLIENT_CONFIRMATION_OK"
16891,10418938385,10418938427,1,"IOTHUB_CLIENT_CONFIRMATION_OK"
16892,10418938585,10418938633,1,"IOTHUB_CLIENT_CONFIRMATION_OK"
16893,10418938785,10418938827,1,"IOTHUB_CLIENT_CONFIRMATION_OK"
16894,10418938986,10418939128,1,"IOTHUB_CLIENT_CONFIRMATION_OK"
16895,10418939186,10418939238,1,"IOTHUB_CLIENT_CONFIRMATION_OK"
16896,10418939386,10418939450,1,"IOTHUB_CLIENT_CONFIRMATION_OK"
16897,10418939586,10418939632,1,"IOTHUB_CLIENT_CONFIRMATION_OK"
16898,10418939786,10418939830,1,"IOTHUB_CLIENT_CONFIRMATION_OK"
16899,10418939986,10418940023,1,"IOTHUB_CLIENT_CONFIRMATION_OK"
16900,10418940186,10418940227,1,"IOTHUB_CLIENT_CONFIRMATION_OK"
16901,10418940387,10418940554,1,"IOTHUB_CLIENT_CONFIRMATION_OK"
16902,10418940587,10418940745,1,"IOTHUB_CLIENT_CONFIRMATION_OK"
16903,10418940787,10418940822,1,"IOTHUB_CLIENT_CONFIRMATION_OK"
16904,10418940987,10418941032,1,"IOTHUB_CLIENT_CONFIRMATION_OK"
16905,10418941187,10418941229,1,"IOTHUB_CLIENT_CONFIRMATION_OK"
16906,10418941387,10418941432,1,"IOTHUB_CLIENT_CONFIRMATION_OK"
16907,10418941588,10418941632,1,"IOTHUB_CLIENT_CONFIRMATION_OK"
16908,10418941788,10418941847,1,"IOTHUB_CLIENT_CONFIRMATION_OK"
16909,10418941988,10418942026,1,"IOTHUB_CLIENT_CONFIRMATION_OK"
16910,10418942188,10418942233,1,"IOTHUB_CLIENT_CONFIRMATION_OK"
16911,10418942388,10418942480,1,"IOTHUB_CLIENT_CONFIRMATION_OK"
16912,10418942588,10418942670,1,"IOTHUB_CLIENT_CONFIRMATION_OK"
16913,10418942789,10418943000,1,"IOTHUB_CLIENT_CONFIRMATION_OK"
16914,10418942989,10418943023,1,"IOTHUB_CLIENT_CONFIRMATION_OK"
16915,10418943189,10418943228,1,"IOTHUB_CLIENT_CONFIRMATION_OK"
16916,10418943389,10418943428,1,"IOTHUB_CLIENT_CONFIRMATION_OK"
16917,10418943589,10418943757,1,"IOTHUB_CLIENT_CONFIRMATION_OK"
16918,10418943789,10418943840,1,"IOTHUB_CLIENT_CONFIRMATION_OK"
16919,10418943989,10418944031,1,"IOTHUB_CLIENT_CONFIRMATION_OK"
16920,10418944190,10418944232,1,"IOTHUB_CLIENT_CONFIRMATION_OK"
16921,10418944390,10418944434,1,"IOTHUB_CLIENT_CONFIRMATION_OK"
16922,10418944590,10418944627,1,"IOTHUB_CLIENT_CONFIRMATION_OK"
16923,10418944790,10418944829,1,"IOTHUB_CLIENT_CONFIRMATION_OK"
16924,10418944990,10418945028,1,"IOTHUB_CLIENT_CONFIRMATION_OK"
16925,10418945190,10418945236,1,"IOTHUB_CLIENT_CONFIRMATION_OK"
16926,10418945391,10418945451,1,"IOTHUB_CLIENT_CONFIRMATION_OK"
16927,10418945591,10418945648,1,"IOTHUB_CLIENT_CONFIRMATION_OK"
16928,10418945791,10418945843,1,"IOTHUB_CLIENT_CONFIRMATION_OK"
16929,10418945991,10418946098,1,"IOTHUB_CLIENT_CONFIRMATION_OK"
16930,10418946191,10418946234,1,"IOTHUB_CLIENT_CONFIRMATION_OK"
16931,10418946391,10418946437,1,"IOTHUB_CLIENT_CONFIRMATION_OK"
16932,10418946591,10418946628,1,"IOTHUB_CLIENT_CONFIRMATION_OK"
16933,10418946792,10418946831,1,"IOTHUB_CLIENT_CONFIRMATION_OK"
16934,10418946992,10418947042,1,"IOTHUB_CLIENT_CONFIRMATION_OK"
16935,10418947192,10418947230,1,"IOTHUB_CLIENT_CONFIRMATION_OK"
16936,10418947392,10418947598,1,"IOTHUB_CLIENT_CONFIRMATION_OK"
16937,10418947592,10418947659,1,"IOTHUB_CLIENT_CONFIRMATION_OK"
16938,10418947792,10418947836,1,"IOTHUB_CLIENT_CONFIRMATION_OK"
16939,10418947993,10418948056,1,"IOTHUB_CLIENT_CONFIRMATION_OK"
16940,10418948193,10418948241,1,"IOTHUB_CLIENT_CONFIRMATION_OK"
16941,10418948393,10418948477,1,"IOTHUB_CLIENT_CONFIRMATION_OK"
16942,10418948593,10418948635,1,"IOTHUB_CLIENT_CONFIRMATION_OK"
16943,10418948793,10418948833,1,"IOTHUB_CLIENT_CONFIRMATION_OK"
16944,10418948993,10418949045,1,"IOTHUB_CLIENT_CONFIRMATION_OK"
16945,10418949193,10418949232,1,"IOTHUB_CLIENT_CONFIRMATION_OK"
16946,10418949394,10418949490,1,"IOTHUB_CLIENT_CONFIRMATION_OK"
16947,10418949594,10418949643,1,"IOTHUB_CLIENT_CONFIRMATION_OK"
16948,10418949794,10418949829,1,"IOTHUB_CLIENT_CONFIRMATION_OK"
16949,10418949994,10418950041,1,"IOTHUB_CLIENT_CONFIRMATION_OK"
16950,10418950194,10418950245,1,"IOTHUB_CLIENT_CONFIRMATION_OK"
16951,10418950394,10418950438,1,"IOTHUB_CLIENT_CONFIRMATION_OK"
16952,10418950594,10418950656,1,"IOTHUB_CLIENT_CONFIRMATION_OK"
16953,10418950795,10418950835,1,"IOTHUB_CLIENT_CONFIRMATION_OK"
16954,10418950995,10418951033,1,"IOTHUB_CLIENT_CONFIRMATION_OK"
16955,10418951195,10418951241,1,"IOTHUB_CLIENT_CONFIRMATION_OK"
16956,10418951395,10418951436,1,"IOTHUB_CLIENT_CONFIRMATION_OK"
16957,10418951595,10418951666,1,"IOTHUB_CLIENT_CONFIRMATION_OK"
16958,10418951795,10418951836,1,"IOTHUB_CLIENT_CONFIRMATION_OK"
16959,10418951995,10418952064,1,"IOTHUB_CLIENT_CONFIRMATION_OK"
16960,10418952196,10418952232,1,"IOTHUB_CLIENT_CONFIRMATION_OK"
16961,10418952396,10418952426,1,"IOTHUB_CLIENT_CONFIRMATION_OK"
16962,10418952596,10418952640,1,"IOTHUB_CLIENT_CONFIRMATION_OK"
16963,10418952796,10418952895,1,"IOTHUB_CLIENT_CONFIRMATION_OK"
16964,10418952996,10418953042,1,"IOTHUB_CLIENT_CONFIRMATION_OK"
16965,10418953196,10418953238,1,"IOTHUB_CLIENT_CONFIRMATION_OK"
16966,10418953397,10418953435,1,"IOTHUB_CLIENT_CONFIRMATION_OK"
16967,10418953597,10418953709,1,"IOTHUB_CLIENT_CONFIRMATION_OK"
16968,10418953797,10418953835,1,"IOTHUB_CLIENT_CONFIRMATION_OK"
16969,10418953997,10418954038,1,"IOTHUB_CLIENT_CONFIRMATION_OK"
16970,10418954197,10418954254,1,"IOTHUB_CLIENT_CONFIRMATION_OK"
16971,10418954398,10418954445,1,"IOTHUB_CLIENT_CONFIRMATION_OK"
16972,10418954598,10418954719,1,"IOTHUB_CLIENT_CONFIRMATION_OK"
16973,10418954798,10418954840,1,"IOTHUB_CLIENT_CONFIRMATION_OK"
16974,10418954998,10418955035,1,"IOTHUB_CLIENT_CONFIRMATION_OK"
16975,10418955198,10418955241,1,"IOTHUB_CLIENT_CONFIRMATION_OK"
16976,10418955398,10418955434,1,"IOTHUB_CLIENT_CONFIRMATION_OK"
16977,10418955599,10418955650,1,"IOTHUB_CLIENT_CONFIRMATION_OK"
16978,10418955799,10418955846,1,"IOTHUB_CLIENT_CONFIRMATION_OK"
16979,10418955999,10418956036,1,"IOTHUB_CLIENT_CONFIRMATION_OK"
16980,10418956199,10418956243,1,"IOTHUB_CLIENT_CONFIRMATION_OK"
16981,10418956399,10418956432,1,"IOTHUB_CLIENT_CONFIRMATION_OK"
16982,10418956599,10418956808,1,"IOTHUB_CLIENT_CONFIRMATION_OK"
16983,10418956800,10418956855,1,"IOTHUB_CLIENT_CONFIRMATION_OK"
16984,10418957000,10418957042,1,"IOTHUB_CLIENT_CONFIRMATION_OK"
16985,10418957200,10418957242,1,"IOTHUB_CLIENT_CONFIRMATION_OK"
16986,10418957400,10418957560,1,"IOTHUB_CLIENT_CONFIRMATION_OK"
16987,10418957600,10418957651,1,"IOTHUB_CLIENT_CONFIRMATION_OK"
16988,10418957800,10418957837,1,"IOTHUB_CLIENT_CONFIRMATION_OK"
16989,10418958000,10418958043,1,"IOTHUB_CLIENT_CONFIRMATION_OK"
16990,10418958201,10418958250,1,"IOTHUB_CLIENT_CONFIRMATION_OK"
16991,10418958401,10418958453,1,"IOTHUB_CLIENT_CONFIRMATION_OK"
16992,10418958601,10418958645,1,"IOTHUB_CLIENT_CONFIRMATION_OK"
16993,10418958801,10418958847,1,"IOTHUB_CLIENT_CONFIRMATION_OK"
16994,10418959001,10418959038,1,"IOTHUB_CLIENT_CONFIRMATION_OK"
16995,10418959201,10418959238,1,"IOTHUB_CLIENT_CONFIRMATION_OK"
16996,10418959402,10418959444,1,"IOTHUB_CLIENT_CONFIRMATION_OK"
16997,10418959602,10418959651,1,"IOTHUB_CLIENT_CONFIRMATION_OK"
16998,10418959802,10418959881,1,"IOTHUB_CLIENT_CONFIRMATION_OK"
16999,10418960002,10418960049,1,"IOTHUB_CLIENT_CONFIRMATION_OK"
17000,10418960202,10418960237,1,"IOTHUB_CLIENT_CONFIRMATION_OK"
17001,10418960402,10418960444,1,"IOTHUB_CLIENT_CONFIRMATION_OK"
17002,10418960602,10418960643,1,"IOTHUB_CLIENT_CONFIRMATION_OK"
17003,10418960803,10418960844,1,"IOTHUB_CLIENT_CONFIRMATION_OK"
17004,10418961003,10418961042,1,"IOTHUB_CLIENT_CONFIRMATION_OK"
17005,10418961203,10418961293,1,"IOTHUB_CLIENT_CONFIRMATION_OK"
17006,10418961403,10418961450,1,"IOTHUB_CLIENT_CONFIRMATION_OK"
17007,10418961603,10418961650,1,"IOTHUB_CLIENT_CONFIRMATION_OK"
17008,10418961803,10418961841,1,"IOTHUB_CLIENT_CONFIRMATION_OK"
17009,10418962004,10418962040,1,"IOTHUB_CLIENT_CONFIRMATION_OK"
17010,10418962204,10418962251,1,"IOTHUB_CLIENT_CONFIRMATION_OK"
17011,10418962404,10418962454,1,"IOTHUB_CLIENT_CONFIRMATION_OK"
17012,10418962604,10418962651,1,"IOTHUB_CLIENT_CONFIRMATION_OK"
17013,10418962804,10418962860,1,"IOTHUB_CLIENT_CONFIRMATION_OK"
17014,10418963004,10418963059,1,"IOTHUB_CLIENT_CONFIRMATION_OK"
17015,10418963205,10418963244,1,"IOTHUB_CLIENT_CONFIRMATION_OK"
17016,10418963405,10418963441,1,"IOTHUB_CLIENT_CONFIRMATION_OK"
17017,10418963605,10418963718,1,"IOTHUB_CLIENT_CONFIRMATION_OK"
17018,10418963805,10418963848,1,"IOTHUB_CLIENT_CONFIRMATION_OK"
17019,10418964005,10418964058,1,"IOTHUB_CLIENT_CONFIRMATION_OK"
17020,10418964205,10418964243,1,"IOTHUB_CLIENT_CONFIRMATION_OK"
17021,10418964406,10418964509,1,"IOTHUB_CLIENT_CONFIRMATION_OK"
17022,10418964606,10418964678,1,"IOTHUB_CLIENT_CONFIRMATION_OK"
17023,10418964806,10418964852,1,"IOTHUB_CLIENT_CONFIRMATION_OK"
17024,10418965006,10418965049,1,"IOTHUB_CLIENT_CONFIRMATION_OK"
17025,10418965206,10418965250,1,"IOTHUB_CLIENT_CONFIRMATION_OK"
17026,10418965406,10418965443,1,"IOTHUB_CLIENT_CONFIRMATION_OK"
17027,10418965606,10418965657,1,"IOTHUB_CLIENT_CONFIRMATION_OK"
17028,10418965807,10418965846,1,"IOTHUB_CLIENT_CONFIRMATION_OK"
17029,10418966007,10418966045,1,"IOTHUB_CLIENT_CONFIRMATION_OK"
17030,10418966207,10418966249,1,"IOTHUB_CLIENT_CONFIRMATION_OK"
17031,10418966407,10418966456,1,"IOTHUB_CLIENT_CONFIRMATION_OK"
17032,10418966607,10418966731,1,"IOTHUB_CLIENT_CONFIRMATION_OK"
17033,10418966808,10418966880,1,"IOTHUB_CLIENT_CONFIRMATION_OK"
17034,10418967008,10418967044,1,"IOTHUB_CLIENT_CONFIRMATION_OK"
17035,10418967208,10418967245,1,"IOTHUB_CLIENT_CONFIRMATION_OK"
17036,10418967408,10418967530,1,"IOTHUB_CLIENT_CONFIRMATION_OK"
17037,10418967608,10418967682,1,"IOTHUB_CLIENT_CONFIRMATION_OK"
17038,10418967808,10418967846,1,"IOTHUB_CLIENT_CONFIRMATION_OK"
17039,10418968009,10418968062,1,"IOTHUB_CLIENT_CONFIRMATION_OK"
17040,10418968209,10418968246,1,"IOTHUB_CLIENT_CONFIRMATION_OK"
17041,10418968409,10418968453,1,"IOTHUB_CLIENT_CONFIRMATION_OK"
17042,10418968609,10418968649,1,"IOTHUB_CLIENT_CONFIRMATION_OK"
17043,10418968809,10418968845,1,"IOTHUB_CLIENT_CONFIRMATION_OK"
17044,10418969009,10418969045,1,"IOTHUB_CLIENT_CONFIRMATION_OK"
17045,10418969209,10418969259,1,"IOTHUB_CLIENT_CONFIRMATION_OK"
17046,10418969410,10418969448,1,"IOTHUB_CLIENT_CONFIRMATION_OK"
17047,10418969610,10418969649,1,"IOTHUB_CLIENT_CONFIRMATION_OK"
17048,10418969810,10418969845,1,"IOTHUB_CLIENT_CONFIRMATION_OK"
17049,10418970010,10418970057,1,"IOTHUB_CLIENT_CONFIRMATION_OK"
17050,10418970210,10418970348,1,"IOTHUB_CLIENT_CONFIRMATION_OK"
17051,10418970410,10418970451,1,"IOTHUB_CLIENT_CONFIRMATION_OK"
17052,10418970611,10418970668,1,"IOTHUB_CLIENT_CONFIRMATION_OK"
17053,10418970811,10418970851,1,"IOTHUB_CLIENT_CONFIRMATION_OK"
17054,10418971011,10418971101,1,"IOTHUB_CLIENT_CONFIRMATION_OK"
17055,10418971211,10418971397,1,"IOTHUB_CLIENT_CONFIRMATION_OK"
17056,10418971411,10418971474,1,"IOTHUB_CLIENT_CONFIRMATION_OK"
17057,10418971611,10418971648,1,"IOTHUB_CLIENT_CONFIRMATION_OK"
17058,10418971811,10418971848,1,"IOTHUB_CLIENT_CONFIRMATION_OK"
17059,10418972012,10418972051,1,"IOTHUB_CLIENT_CONFIRMATION_OK"
17060,10418972212,10418972279,1,"IOTHUB_CLIENT_CONFIRMATION_OK"
17061,10418972412,10418972447,1,"IOTHUB_CLIENT_CONFIRMATION_OK"
17062,10418972612,10418972651,1,"IOTHUB_CLIENT_CONFIRMATION_OK"
17063,10418972812,10418972864,1,"IOTHUB_CLIENT_CONFIRMATION_OK"
17064,10418973012,10418973052,1,"IOTHUB_CLIENT_CONFIRMATION_OK"
17065,10418973213,10418973278,1,"IOTHUB_CLIENT_CONFIRMATION_OK"
17066,10418973413,10418973488,1,"IOTHUB_CLIENT_CONFIRMATION_OK"
17067,10418973613,10418973658,1,"IOTHUB_CLIENT_CONFIRMATION_OK"
17068,10418973813,10418973851,1,"IOTHUB_CLIENT_CONFIRMATION_OK"
17069,10418974013,10418974046,1,"IOTHUB_CLIENT_CONFIRMATION_OK"
17070,10418974213,10418974261,1,"IOTHUB_CLIENT_CONFIRMATION_OK"
17071,10418974413,10418974585,1,"IOTHUB_CLIENT_CONFIRMATION_OK"
17072,10418974614,10418974659,1,"IOTHUB_CLIENT_CONFIRMATION_OK"
17073,10418974814,10418974862,1,"IOTHUB_CLIENT_CONFIRMATION_OK"
17074,10418975014,10418975067,1,"IOTHUB_CLIENT_CONFIRMATION_OK"
17075,10418975214,10418975254,1,"IOTHUB_CLIENT_CONFIRMATION_OK"
17076,10418975414,10418975456,1,"IOTHUB_CLIENT_CONFIRMATION_OK"
17077,10418975614,10418975653,1,"IOTHUB_CLIENT_CONFIRMATION_OK"
17078,10418975814,10418975866,1,"IOTHUB_CLIENT_CONFIRMATION_OK"
17079,10418976015,10418976058,1,"IOTHUB_CLIENT_CONFIRMATION_OK"
17080,10418976215,10418976273,1,"IOTHUB_CLIENT_CONFIRMATION_OK"
17081,10418976415,10418976491,1,"IOTHUB_CLIENT_CONFIRMATION_OK"
17082,10418976615,10418976668,1,"IOTHUB_CLIENT_CONFIRMATION_OK"
17083,10418976815,10418976863,1,"IOTHUB_CLIENT_CONFIRMATION_OK"
17084,10418977015,10418977054,1,"IOTHUB_CLIENT_CONFIRMATION_OK"
17085,10418977215,10418977261,1,"IOTHUB_CLIENT_CONFIRMATION_OK"
17086,10418977416,10418977491,1,"IOTHUB_CLIENT_CONFIRMATION_OK"
17087,10418977616,10418977656,1,"IOTHUB_CLIENT_CONFIRMATION_OK"
17088,10418977816,10418977856,1,"IOTHUB_CLIENT_CONFIRMATION_OK"
17089,10418978016,10418978054,1,"IOTHUB_CLIENT_CONFIRMATION_OK"
17090,10418978216,10418978299,1,"IOTHUB_CLIENT_CONFIRMATION_OK"
17091,10418978416,10418978461,1,"IOTHUB_CLIENT_CONFIRMATION_OK"
17092,10418978617,10418978682,1,"IOTHUB_CLIENT_CONFIRMATION_OK"
17093,10418978817,10418978873,1,"IOTHUB_CLIENT_CONFIRMATION_OK"
17094,10418979017,10418979058,1,"IOTHUB_CLIENT_CONFIRMATION_OK"
17095,10418979217,10418979253,1,"IOTHUB_CLIENT_CONFIRMATION_OK"
17096,10418979417,10418979462,1,"IOTHUB_CLIENT_CONFIRMATION_OK"
17097,10418979617,10418979670,1,"IOTHUB_CLIENT_CONFIRMATION_OK"
17098,10418979817,10418979865,1,"IOTHUB_CLIENT_CONFIRMATION_OK"
17099,10418980018,10418980060,1,"IOTHUB_CLIENT_CONFIRMATION_OK"
17100,10418980218,10418980275,1,"IOTHUB_CLIENT_CONFIRMATION_OK"
17101,10418980418,10418980478,1,"IOTHUB_CLIENT_CONFIRMATION_OK"
17102,10418980618,10418980661,1,"IOTHUB_CLIENT_CONFIRMATION_OK"
17103,10418980818,10418980867,1,"IOTHUB_CLIENT_CONFIRMATION_OK"
17104,10418981018,10418981064,1,"IOTHUB_CLIENT_CONFIRMATION_OK"
17105,10418981219,10418981351,1,"IOTHUB_CLIENT_CONFIRMATION_OK"
17106,10418981419,10418981452,1,"IOTHUB_CLIENT_CONFIRMATION_OK"
17107,10418981619,10418981659,1,"IOTHUB_CLIENT_CONFIRMATION_OK"
17108,10418981819,10418981860,1,"IOTHUB_CLIENT_CONFIRMATION_OK"
17109,10418982019,10418982185,1,"IOTHUB_CLIENT_CONFIRMATION_OK"
17110,10418982219,10418982260,1,"IOTHUB_CLIENT_CONFIRMATION_OK"
17111,10418982419,10418982453,1,"IOTHUB_CLIENT_CONFIRMATION_OK"
17112,10418982620,10418982656,1,"IOTHUB_CLIENT_CONFIRMATION_OK"
17113,10418982820,10418982864,1,"IOTHUB_CLIENT_CONFIRMATION_OK"
17114,10418983020,10418983062,1,"IOTHUB_CLIENT_CONFIRMATION_OK"
17115,10418983220,10418983307,1,"IOTHUB_CLIENT_CONFIRMATION_OK"
17116,10418983420,10418983457,1,"IOTHUB_CLIENT_CONFIRMATION_OK"
17117,10418983620,10418983659,1,"IOTHUB_CLIENT_CONFIRMATION_OK"
17118,10418983820,10418983882,1,"IOTHUB_CLIENT_CONFIRMATION_OK"
17119,10418984021,10418984073,1,"IOTHUB_CLIENT_CONFIRMATION_OK"
17120,10418984221,10418984278,1,"IOTHUB_CLIENT_CONFIRMATION_OK"
17121,10418984421,10418984461,1,"IOTHUB_CLIENT_CONFIRMATION_OK"
17122,10418984621,10418984658,1,"IOTHUB_CLIENT_CONFIRMATION_OK"
17123,10418984821,10418984863,1,"IOTHUB_CLIENT_CONFIRMATION_OK"
17124,10418985021,10418985068,1,"IOTHUB_CLIENT_CONFIRMATION_OK"
17125,10418985222,10418985269,1,"IOTHUB_CLIENT_CONFIRMATION_OK"
17126,10418985422,10418985489,1,"IOTHUB_CLIENT_CONFIRMATION_OK"
17127,10418985622,10418985658,1,"IOTHUB_CLIENT_CONFIRMATION_OK"
17128,10418985822,10418985920,1,"IOTHUB_CLIENT_CONFIRMATION_OK"
17129,10418986022,10418986059,1,"IOTHUB_CLIENT_CONFIRMATION_OK"
17130,10418986222,10418986283,1,"IOTHUB_CLIENT_CONFIRMATION_OK"
17131,10418986422,10418986470,1,"IOTHUB_CLIENT_CONFIRMATION_OK"
17132,10418986623,10418986794,1,"IOTHUB_CLIENT_CONFIRMATION_OK"
17133,10418986823,10418986862,1,"IOTHUB_CLIENT_CONFIRMATION_OK"
17134,10418987023,10418987067,1,"IOTHUB_CLIENT_CONFIRMATION_OK"
17135,10418987223,10418987276,1,"IOTHUB_CLIENT_CONFIRMATION_OK"
17136,10418987423,10418987617,1,"IOTHUB_CLIENT_CONFIRMATION_OK"
17137,10418987624,10418987701,1,"IOTHUB_CLIENT_CONFIRMATION_OK"
17138,10418987824,10418987862,1,"IOTHUB_CLIENT_CONFIRMATION_OK"
17139,10418988024,10418988065,1,"IOTHUB_CLIENT_CONFIRMATION_OK"
17140,10418988224,10418988257,1,"IOTHUB_CLIENT_CONFIRMATION_OK"
17141,10418988424,10418988461,1,"IOTHUB_CLIENT_CONFIRMATION_OK"
17142,10418988624,10418988663,1,"IOTHUB_CLIENT_CONFIRMATION_OK"
17143,10418988825,10418988865,1,"IOTHUB_CLIENT_CONFIRMATION_OK"
17144,10418989025,10418989095,1,"IOTHUB_CLIENT_CONFIRMATION_OK"
17145,10418989225,10418989285,1,"IOTHUB_CLIENT_CONFIRMATION_OK"
17146,10418989425,10418989487,1,"IOTHUB_CLIENT_CONFIRMATION_OK"
17147,10418989625,10418989737,1,"IOTHUB_CLIENT_CONFIRMATION_OK"
17148,10418989825,10418989928,1,"IOTHUB_CLIENT_CONFIRMATION_OK"
17149,10418990025,10418990059,1,"IOTHUB_CLIENT_CONFIRMATION_OK"
17150,10418990226,10418990262,1,"IOTHUB_CLIENT_CONFIRMATION_OK"
17151,10418990426,10418990597,1,"IOTHUB_CLIENT_CONFIRMATION_OK"
17152,10418990626,10418990669,1,"IOTHUB_CLIENT_CONFIRMATION_OK"
17153,10418990826,10418990856,1,"IOTHUB_CLIENT_CONFIRMATION_OK"
17154,10418991026,10418991073,1,"IOTHUB_CLIENT_CONFIRMATION_OK"
17155,10418991226,10418991267,1,"IOTHUB_CLIENT_CONFIRMATION_OK"
17156,10418991426,10418991466,1,"IOTHUB_CLIENT_CONFIRMATION_OK"
17157,10418991627,10418991676,1,"IOTHUB_CLIENT_CONFIRMATION_OK"
17158,10418991827,10418991887,1,"IOTHUB_CLIENT_CONFIRMATION_OK"
17159,10418992027,10418992092,1,"IOTHUB_CLIENT_CONFIRMATION_OK"
17160,10418992227,10418992323,1,"IOTHUB_CLIENT_CONFIRMATION_OK"
17161,10418992427,10418992500,1,"IOTHUB_CLIENT_CONFIRMATION_OK"
17162,10418992627,10418992672,1,"IOTHUB_CLIENT_CONFIRMATION_OK"
17163,10418992828,10418992873,1,"IOTHUB_CLIENT_CONFIRMATION_OK"
17164,10418993028,10418993099,1,"IOTHUB_CLIENT_CONFIRMATION_OK"
17165,10418993228,10418993264,1,"IOTHUB_CLIENT_CONFIRMATION_OK"
17166,10418993428,10418993465,1,"IOTHUB_CLIENT_CONFIRMATION_OK"
17167,10418993628,10418993668,1,"IOTHUB_CLIENT_CONFIRMATION_OK"
17168,10418993828,10418993860,1,"IOTHUB_CLIENT_CONFIRMATION_OK"
17169,10418994028,10418994070,1,"IOTHUB_CLIENT_CONFIRMATION_OK"
17170,10418994229,10418994269,1,"IOTHUB_CLIENT_CONFIRMATION_OK"
17171,10418994429,10418994490,1,"IOTHUB_CLIENT_CONFIRMATION_OK"
17172,10418994629,10418994668,1,"IOTHUB_CLIENT_CONFIRMATION_OK"
17173,10418994829,10418994865,1,"IOTHUB_CLIENT_CONFIRMATION_OK"
17174,10418995029,10418995069,1,"IOTHUB_CLIENT_CONFIRMATION_OK"
17175,10418995229,10418995267,1,"IOTHUB_CLIENT_CONFIRMATION_OK"
17176,10418995430,10418995471,1,"IOTHUB_CLIENT_CONFIRMATION_OK"
17177,10418995630,10418995671,1,"IOTHUB_CLIENT_CONFIRMATION_OK"
17178,10418995830,10418995900,1,"IOTHUB_CLIENT_CONFIRMATION_OK"
17179,10418996030,10418996067,1,"IOTHUB_CLIENT_CONFIRMATION_OK"
17180,10418996230,10418996277,1,"IOTHUB_CLIENT_CONFIRMATION_OK"
17181,10418996430,10418996471,1,"IOTHUB_CLIENT_CONFIRMATION_OK"
17182,10418996630,10418996723,1,"IOTHUB_CLIENT_CONFIRMATION_OK"
17183,10418996831,10418996866,1,"IOTHUB_CLIENT_CONFIRMATION_OK"
17184,10418997031,10418997076,1,"IOTHUB_CLIENT_CONFIRMATION_OK"
17185,10418997231,10418997267,1,"IOTHUB_CLIENT_CONFIRMATION_OK"
17186,10418997431,10418997468,1,"IOTHUB_CLIENT_CONFIRMATION_OK"
17187,10418997631,10418997664,1,"IOTHUB_CLIENT_CONFIRMATION_OK"
17188,10418997831,10418997867,1,"IOTHUB_CLIENT_CONFIRMATION_OK"
17189,10418998032,10418998074,1,"IOTHUB_CLIENT_CONFIRMATION_OK"
17190,10418998232,10418998282,1,"IOTHUB_CLIENT_CONFIRMATION_OK"
17191,10418998432,10418998523,1,"IOTHUB_CLIENT_CONFIRMATION_OK"
17192,10418998632,10418998675,1,"IOTHUB_CLIENT_CONFIRMATION_OK"
17193,10418998832,10418998929,1,"IOTHUB_CLIENT_CONFIRMATION_OK"
17194,10418999032,10418999069,1,"IOTHUB_CLIENT_CONFIRMATION_OK"
17195,10418999232,10418999268,1,"IOTHUB_CLIENT_CONFIRMATION_OK"
17196,10418999433,10418999465,1,"IOTHUB_CLIENT_CONFIRMATION_OK"
17197,10418999633,10418999761,1,"IOTHUB_CLIENT_CONFIRMATION_OK"
17198,10418999833,10418999869,1,"IOTHUB_CLIENT_CONFIRMATION_OK"
17199,10419000033,10419000070,1,"IOTHUB_CLIENT_CONFIRMATION_OK"
17200,10419000233,10419000276,1,"IOTHUB_CLIENT_CONFIRMATION_OK"
17201,10419000433,10419000575,1,"IOTHUB_CLIENT_CONFIRMATION_OK"
17202,10419000634,10419000676,1,"IOTHUB_CLIENT_CONFIRMATION_OK"
17203,10419000834,10419000891,1,"IOTHUB_CLIENT_CONFIRMATION_OK"
17204,10419001034,10419001074,1,"IOTHUB_CLIENT_CONFIRMATION_OK"
17205,10419001234,10419001322,1,"IOTHUB_CLIENT_CONFIRMATION_OK"
17206,10419001434,10419001470,1,"IOTHUB_CLIENT_CONFIRMATION_OK"
17207,10419001634,10419001679,1,"IOTHUB_CLIENT_CONFIRMATION_OK"
17208,10419001835,10419001867,1,"IOTHUB_CLIENT_CONFIRMATION_OK"
17209,10419002035,10419002216,1,"IOTHUB_CLIENT_CONFIRMATION_OK"
17210,10419002235,10419002286,1,"IOTHUB_CLIENT_CONFIRMATION_OK"
17211,10419002435,10419002485,1,"IOTHUB_CLIENT_CONFIRMATION_OK"
17212,10419002635,10419002675,1,"IOTHUB_CLIENT_CONFIRMATION_OK"
17213,10419002835,10419002872,1,"IOTHUB_CLIENT_CONFIRMATION_OK"
17214,10419003035,10419003090,1,"IOTHUB_CLIENT_CONFIRMATION_OK"
17215,10419003236,10419003279,1,"IOTHUB_CLIENT_CONFIRMATION_OK"
17216,10419003436,10419003468,1,"IOTHUB_CLIENT_CONFIRMATION_OK"
17217,10419003636,10419003677,1,"IOTHUB_CLIENT_CONFIRMATION_OK"
17218,10419003836,10419003873,1,"IOTHUB_CLIENT_CONFIRMATION_OK"
17219,10419004036,10419004079,1,"IOTHUB_CLIENT_CONFIRMATION_OK"
17220,10419004236,10419004281,1,"IOTHUB_CLIENT_CONFIRMATION_OK"
17221,10419004437,10419004485,1,"IOTHUB_CLIENT_CONFIRMATION_OK"
17222,10419004637,10419004688,1,"IOTHUB_CLIENT_CONFIRMATION_OK"
17223,10419004837,10419004884,1,"IOTHUB_CLIENT_CONFIRMATION_OK"
17224,10419005037,10419005082,1,"IOTHUB_CLIENT_CONFIRMATION_OK"
17225,10419005237,10419005284,1,"IOTHUB_CLIENT_CONFIRMATION_OK"
17226,10419005437,10419005480,1,"IOTHUB_CLIENT_CONFIRMATION_OK"
17227,10419005637,10419005676,1,"IOTHUB_CLIENT_CONFIRMATION_OK"
17228,10419005838,10419005899,1,"IOTHUB_CLIENT_CONFIRMATION_OK"
17229,10419006038,10419006077,1,"IOTHUB_CLIENT_CONFIRMATION_OK"
17230,10419006238,10419006275,1,"IOTHUB_CLIENT_CONFIRMATION_OK"
17231,10419006438,10419006486,1,"IOTHUB_CLIENT_CONFIRMATION_OK"
17232,10419006639,10419006712,1,"IOTHUB_CLIENT_CONFIRMATION_OK"
17233,10419006839,10419006872,1,"IOTHUB_CLIENT_CONFIRMATION_OK"
17234,10419007039,10419007109,1,"IOTHUB_CLIENT_CONFIRMATION_OK"
17235,10419007239,10419007297,1,"IOTHUB_CLIENT_CONFIRMATION_OK"
17236,10419007439,10419007487,1,"IOTHUB_CLIENT_CONFIRMATION_OK"
17237,10419007639,10419007687,1,"IOTHUB_CLIENT_CONFIRMATION_OK"
17238,10419007839,10419007873,1,"IOTHUB_CLIENT_CONFIRMATION_OK"
17239,10419008040,10419008090,1,"IOTHUB_CLIENT_CONFIRMATION_OK"
17240,10419008240,10419008274,1,"IOTHUB_CLIENT_CONFIRMATION_OK"
17241,10419008440,10419008501,1,"IOTHUB_CLIENT_CONFIRMATION_OK"
17242,10419008640,10419008723,1,"IOTHUB_CLIENT_CONFIRMATION_OK"
17243,10419008840,10419008949,1,"IOTHUB_CLIENT_CONFIRMATION_OK"
17244,10419009040,10419009070,1,"IOTHUB_CLIENT_CONFIRMATION_OK"
17245,10419009241,10419009312,1,"IOTHUB_CLIENT_CONFIRMATION_OK"
17246,10419009441,10419009487,1,"IOTHUB_CLIENT_CONFIRMATION_OK"
17247,10419009641,10419009757,1,"IOTHUB_CLIENT_CONFIRMATION_OK"
17248,10419009841,10419009888,1,"IOTHUB_CLIENT_CONFIRMATION_OK"
17249,10419010041,10419010079,1,"IOTHUB_CLIENT_CONFIRMATION_OK"
17250,10419010241,10419010300,1,"IOTHUB_CLIENT_CONFIRMATION_OK"
17251,10419010442,10419010483,1,"IOTHUB_CLIENT_CONFIRMATION_OK"
17252,10419010642,10419010713,1,"IOTHUB_CLIENT_CONFIRMATION_OK"
17253,10419010842,10419010871,1,"IOTHUB_CLIENT_CONFIRMATION_OK"
17254,10419011042,10419011077,1,"IOTHUB_CLIENT_CONFIRMATION_OK"
17255,10419011242,10419011280,1,"IOTHUB_CLIENT_CONFIRMATION_OK"
17256,10419011442,10419011482,1,"IOTHUB_CLIENT_CONFIRMATION_OK"
17257,10419011643,10419011692,1,"IOTHUB_CLIENT_CONFIRMATION_OK"
17258,10419011843,10419011878,1,"IOTHUB_CLIENT_CONFIRMATION_OK"
17259,10419012043,10419012089,1,"IOTHUB_CLIENT_CONFIRMATION_OK"
17260,10419012243,10419012293,1,"IOTHUB_CLIENT_CONFIRMATION_OK"
17261,10419012443,10419012486,1,"IOTHUB_CLIENT_CONFIRMATION_OK"
17262,10419012643,10419012713,1,"IOTHUB_CLIENT_CONFIRMATION_OK"
17263,10419012843,10419012892,1,"IOTHUB_CLIENT_CONFIRMATION_OK"
17264,10419013044,10419013092,1,"IOTHUB_CLIENT_CONFIRMATION_OK"
17265,10419013244,10419013277,1,"IOTHUB_CLIENT_CONFIRMATION_OK"
17266,10419013444,10419013479,1,"IOTHUB_CLIENT_CONFIRMATION_OK"
17267,10419013644,10419013679,1,"IOTHUB_CLIENT_CONFIRMATION_OK"
17268,10419013844,10419013888,1,"IOTHUB_CLIENT_CONFIRMATION_OK"
17269,10419014044,10419014082,1,"IOTHUB_CLIENT_CONFIRMATION_OK"
17270,10419014245,10419014293,1,"IOTHUB_CLIENT_CONFIRMATION_OK"
17271,10419014445,10419014487,1,"IOTHUB_CLIENT_CONFIRMATION_OK"
17272,10419014645,10419014687,1,"IOTHUB_CLIENT_CONFIRMATION_OK"
17273,10419014845,10419014887,1,"IOTHUB_CLIENT_CONFIRMATION_OK"
17274,10419015045,10419015115,1,"IOTHUB_CLIENT_CONFIRMATION_OK"
17275,10419015245,10419015288,1,"IOTHUB_CLIENT_CONFIRMATION_OK"
17276,10419015446,10419015482,1,"IOTHUB_CLIENT_CONFIRMATION_OK"
17277,10419015646,10419015688,1,"IOTHUB_CLIENT_CONFIRMATION_OK"
17278,10419015846,10419015901,1,"IOTHUB_CLIENT_CONFIRMATION_OK"
17279,10419016046,10419016090,1,"IOTHUB_CLIENT_CONFIRMATION_OK"
17280,10419016246,10419016284,1,"IOTHUB_CLIENT_CONFIRMATION_OK"
17281,10419016446,10419016493,1,"IOTHUB_CLIENT_CONFIRMATION_OK"
17282,10419016646,10419016689,1,"IOTHUB_CLIENT_CONFIRMATION_OK"
17283,10419016847,10419016893,1,"IOTHUB_CLIENT_CONFIRMATION_OK"
17284,10419017047,10419017093,1,"IOTHUB_CLIENT_CONFIRMATION_OK"
17285,10419017247,10419017283,1,"IOTHUB_CLIENT_CONFIRMATION_OK"
17286,10419017447,10419017485,1,"IOTHUB_CLIENT_CONFIRMATION_OK"
17287,10419017647,10419017711,1,"IOTHUB_CLIENT_CONFIRMATION_OK"
17288,10419017847,10419017881,1,"IOTHUB_CLIENT_CONFIRMATION_OK"
17289,10419018047,10419018097,1,"IOTHUB_CLIENT_CONFIRMATION_OK"
17290,10419018248,10419018284,1,"IOTHUB_CLIENT_CONFIRMATION_OK"
17291,10419018448,10419018513,1,"IOTHUB_CLIENT_CONFIRMATION_OK"
17292,10419018648,10419018695,1,"IOTHUB_CLIENT_CONFIRMATION_OK"
17293,10419018848,10419018914,1,"IOTHUB_CLIENT_CONFIRMATION_OK"
17294,10419019048,10419019085,1,"IOTHUB_CLIENT_CONFIRMATION_OK"
17295,10419019248,10419019311,1,"IOTHUB_CLIENT_CONFIRMATION_OK"
17296,10419019449,10419019484,1,"IOTHUB_CLIENT_CONFIRMATION_OK"
17297,10419019649,10419019737,1,"IOTHUB_CLIENT_CONFIRMATION_OK"
17298,10419019849,10419019906,1,"IOTHUB_CLIENT_CONFIRMATION_OK"
17299,10419020049,10419020094,1,"IOTHUB_CLIENT_CONFIRMATION_OK"
17300,10419020249,10419020291,1,"IOTHUB_CLIENT_CONFIRMATION_OK"
17301,10419020449,10419020719,1,"IOTHUB_CLIENT_CONFIRMATION_OK"
17302,10419020649,10419020787,1,"IOTHUB_CLIENT_CONFIRMATION_OK"
17303,10419020850,10419020904,1,"IOTHUB_CLIENT_CONFIRMATION_OK"
17304,10419021050,10419021097,1,"IOTHUB_CLIENT_CONFIRMATION_OK"
17305,10419021250,10419021292,1,"IOTHUB_CLIENT_CONFIRMATION_OK"
17306,10419021450,10419021502,1,"IOTHUB_CLIENT_CONFIRMATION_OK"
17307,10419021650,10419021687,1,"IOTHUB_CLIENT_CONFIRMATION_OK"
17308,10419021850,10419021947,1,"IOTHUB_CLIENT_CONFIRMATION_OK"
17309,10419022051,10419022098,1,"IOTHUB_CLIENT_CONFIRMATION_OK"
17310,10419022251,10419022288,1,"IOTHUB_CLIENT_CONFIRMATION_OK"
17311,10419022451,10419022491,1,"IOTHUB_CLIENT_CONFIRMATION_OK"
17312,10419022651,10419022865,1,"IOTHUB_CLIENT_CONFIRMATION_OK"
17313,10419022851,10419022906,1,"IOTHUB_CLIENT_CONFIRMATION_OK"
17314,10419023051,10419023084,1,"IOTHUB_CLIENT_CONFIRMATION_OK"
17315,10419023251,10419023295,1,"IOTHUB_CLIENT_CONFIRMATION_OK"
17316,10419023452,10419023589,1,"IOTHUB_CLIENT_CONFIRMATION_OK"
17317,10419023652,10419023696,1,"IOTHUB_CLIENT_CONFIRMATION_OK"
17318,10419023852,10419023891,1,"IOTHUB_CLIENT_CONFIRMATION_OK"
17319,10419024052,10419024100,1,"IOTHUB_CLIENT_CONFIRMATION_OK"
17320,10419024252,10419024301,1,"IOTHUB_CLIENT_CONFIRMATION_OK"
17321,10419024452,10419024523,1,"IOTHUB_CLIENT_CONFIRMATION_OK"
17322,10419024652,10419024695,1,"IOTHUB_CLIENT_CONFIRMATION_OK"
17323,10419024853,10419024898,1,"IOTHUB_CLIENT_CONFIRMATION_OK"
17324,10419025053,10419025095,1,"IOTHUB_CLIENT_CONFIRMATION_OK"
17325,10419025253,10419025303,1,"IOTHUB_CLIENT_CONFIRMATION_OK"
17326,10419025453,10419025492,1,"IOTHUB_CLIENT_CONFIRMATION_OK"
17327,10419025653,10419025693,1,"IOTHUB_CLIENT_CONFIRMATION_OK"
17328,10419025853,10419025949,1,"IOTHUB_CLIENT_CONFIRMATION_OK"
17329,10419026054,10419026086,1,"IOTHUB_CLIENT_CONFIRMATION_OK"
17330,10419026254,10419026313,1,"IOTHUB_CLIENT_CONFIRMATION_OK"
17331,10419026454,10419026490,1,"IOTHUB_CLIENT_CONFIRMATION_OK"
17332,10419026654,10419026708,1,"IOTHUB_CLIENT_CONFIRMATION_OK"
17333,10419026854,10419026892,1,"IOTHUB_CLIENT_CONFIRMATION_OK"
17334,10419027054,10419027096,1,"IOTHUB_CLIENT_CONFIRMATION_OK"
17335,10419027254,10419027327,1,"IOTHUB_CLIENT_CONFIRMATION_OK"
17336,10419027455,10419027489,1,"IOTHUB_CLIENT_CONFIRMATION_OK"
17337,10419027655,10419027692,1,"IOTHUB_CLIENT_CONFIRMATION_OK"
17338,10419027855,10419027911,1,"IOTHUB_CLIENT_CONFIRMATION_OK"
17339,10419028055,10419028136,1,"IOTHUB_CLIENT_CONFIRMATION_OK"
17340,10419028255,10419028294,1,"IOTHUB_CLIENT_CONFIRMATION_OK"
17341,10419028455,10419028494,1,"IOTHUB_CLIENT_CONFIRMATION_OK"
17342,10419028655,10419028713,1,"IOTHUB_CLIENT_CONFIRMATION_OK"
17343,10419028856,10419028953,1,"IOTHUB_CLIENT_CONFIRMATION_OK"
17344,10419029056,10419029099,1,"IOTHUB_CLIENT_CONFIRMATION_OK"
17345,10419029256,10419029334,1,"IOTHUB_CLIENT_CONFIRMATION_OK"
17346,10419029456,10419029501,1,"IOTHUB_CLIENT_CONFIRMATION_OK"
17347,10419029656,10419029695,1,"IOTHUB_CLIENT_CONFIRMATION_OK"
17348,10419029856,10419029888,1,"IOTHUB_CLIENT_CONFIRMATION_OK"
17349,10419030057,10419030091,1,"IOTHUB_CLIENT_CONFIRMATION_OK"
17350,10419030257,10419030295,1,"IOTHUB_CLIENT_CONFIRMATION_OK"
17351,10419030457,10419030505,1,"IOTHUB_CLIENT_CONFIRMATION_OK"
17352,10419030657,10419030711,1,"IOTHUB_CLIENT_CONFIRMATION_OK"
17353,10419030857,10419030926,1,"IOTHUB_CLIENT_CONFIRMATION_OK"
17354,10419031057,10419031094,1,"IOTHUB_CLIENT_CONFIRMATION_OK"
17355,10419031258,10419031324,1,"IOTHUB_CLIENT_CONFIRMATION_OK"
17356,10419031458,10419031505,1,"IOTHUB_CLIENT_CONFIRMATION_OK"
17357,10419031658,10419031698,1,"IOTHUB_CLIENT_CONFIRMATION_OK"
17358,10419031858,10419031949,1,"IOTHUB_CLIENT_CONFIRMATION_OK"
17359,10419032058,10419032099,1,"IOTHUB_CLIENT_CONFIRMATION_OK"
17360,10419032258,10419032306,1,"IOTHUB_CLIENT_CONFIRMATION_OK"
17361,10419032458,10419032499,1,"IOTHUB_CLIENT_CONFIRMATION_OK"
17362,10419032659,10419032782,1,"IOTHUB_CLIENT_CONFIRMATION_OK"
17363,10419032859,10419032909,1,"IOTHUB_CLIENT_CONFIRMATION_OK"
17364,10419033059,10419033100,1,"IOTHUB_CLIENT_CONFIRMATION_OK"
17365,10419033259,10419033338,1,"IOTHUB_CLIENT_CONFIRMATION_OK"
17366,10419033459,10419033625,1,"IOTHUB_CLIENT_CONFIRMATION_OK"
17367,10419033659,10419033705,1,"IOTHUB_CLIENT_CONFIRMATION_OK"
17368,10419033860,10419033944,1,"IOTHUB_CLIENT_CONFIRMATION_OK"
17369,10419034060,10419034099,1,"IOTHUB_CLIENT_CONFIRMATION_OK"
17370,10419034260,10419034302,1,"IOTHUB_CLIENT_CONFIRMATION_OK"
17371,10419034460,10419034504,1,"IOTHUB_CLIENT_CONFIRMATION_OK"
17372,10419034660,10419034700,1,"IOTHUB_CLIENT_CONFIRMATION_OK"
17373,10419034860,10419034897,1,"IOTHUB_CLIENT_CONFIRMATION_OK"
17374,10419035060,10419035101,1,"IOTHUB_CLIENT_CONFIRMATION_OK"
17375,10419035261,10419035303,1,"IOTHUB_CLIENT_CONFIRMATION_OK"
17376,10419035461,10419035585,1,"IOTHUB_CLIENT_CONFIRMATION_OK"
17377,10419035661,10419035696,1,"IOTHUB_CLIENT_CONFIRMATION_OK"
17378,10419035861,10419035908,1,"IOTHUB_CLIENT_CONFIRMATION_OK"
17379,10419036061,10419036103,1,"IOTHUB_CLIENT_CONFIRMATION_OK"
17380,10419036261,10419036299,1,"IOTHUB_CLIENT_CONFIRMATION_OK"
17381,10419036462,10419036611,1,"IOTHUB_CLIENT_CONFIRMATION_OK"
17382,10419036662,10419036706,1,"IOTHUB_CLIENT_CONFIRMATION_OK"
17383,10419036862,10419036944,1,"IOTHUB_CLIENT_CONFIRMATION_OK"
17384,10419037062,10419037111,1,"IOTHUB_CLIENT_CONFIRMATION_OK"
17385,10419037262,10419037431,1,"IOTHUB_CLIENT_CONFIRMATION_OK"
17386,10419037462,10419037504,1,"IOTHUB_CLIENT_CONFIRMATION_OK"
17387,10419037662,10419037835,1,"IOTHUB_CLIENT_CONFIRMATION_OK"
17388,10419037863,10419037926,1,"IOTHUB_CLIENT_CONFIRMATION_OK"
17389,10419038063,10419038102,1,"IOTHUB_CLIENT_CONFIRMATION_OK"
17390,10419038263,10419038309,1,"IOTHUB_CLIENT_CONFIRMATION_OK"
17391,10419038463,10419038503,1,"IOTHUB_CLIENT_CONFIRMATION_OK"
17392,10419038663,10419038706,1,"IOTHUB_CLIENT_CONFIRMATION_OK"
17393,10419038863,10419038908,1,"IOTHUB_CLIENT_CONFIRMATION_OK"
17394,10419039064,10419039108,1,"IOTHUB_CLIENT_CONFIRMATION_OK"
17395,10419039264,10419039317,1,"IOTHUB_CLIENT_CONFIRMATION_OK"
17396,10419039464,10419039510,1,"IOTHUB_CLIENT_CONFIRMATION_OK"
17397,10419039664,10419039716,1,"IOTHUB_CLIENT_CONFIRMATION_OK"
17398,10419039864,10419039899,1,"IOTHUB_CLIENT_CONFIRMATION_OK"
17399,10419040064,10419040130,1,"IOTHUB_CLIENT_CONFIRMATION_OK"
17400,10419040264,10419040303,1,"IOTHUB_CLIENT_CONFIRMATION_OK"
17401,10419040465,10419040531,1,"IOTHUB_CLIENT_CONFIRMATION_OK"
17402,10419040665,10419040727,1,"IOTHUB_CLIENT_CONFIRMATION_OK"
17403,10419040865,10419040911,1,"IOTHUB_CLIENT_CONFIRMATION_OK"
17404,10419041065,10419041107,1,"IOTHUB_CLIENT_CONFIRMATION_OK"
17405,10419041265,10419041335,1,"IOTHUB_CLIENT_CONFIRMATION_OK"
17406,10419041465,10419041527,1,"IOTHUB_CLIENT_CONFIRMATION_OK"
17407,10419041666,10419041704,1,"IOTHUB_CLIENT_CONFIRMATION_OK"
17408,10419041866,10419041964,1,"IOTHUB_CLIENT_CONFIRMATION_OK"
17409,10419042066,10419042099,1,"IOTHUB_CLIENT_CONFIRMATION_OK"
17410,10419042266,10419042307,1,"IOTHUB_CLIENT_CONFIRMATION_OK"
17411,10419042466,10419042502,1,"IOTHUB_CLIENT_CONFIRMATION_OK"
17412,10419042666,10419042773,1,"IOTHUB_CLIENT_CONFIRMATION_OK"
17413,10419042867,10419042901,1,"IOTHUB_CLIENT_CONFIRMATION_OK"
17414,10419043067,10419043102,1,"IOTHUB_CLIENT_CONFIRMATION_OK"
17415,10419043267,10419043314,1,"IOTHUB_CLIENT_CONFIRMATION_OK"
17416,10419043467,10419043590,1,"IOTHUB_CLIENT_CONFIRMATION_OK"
17417,10419043667,10419043712,1,"IOTHUB_CLIENT_CONFIRMATION_OK"
17418,10419043867,10419043910,1,"IOTHUB_CLIENT_CONFIRMATION_OK"
17419,10419044067,10419044102,1,"IOTHUB_CLIENT_CONFIRMATION_OK"
17420,10419044268,10419044301,1,"IOTHUB_CLIENT_CONFIRMATION_OK"
17421,10419044468,10419044499,1,"IOTHUB_CLIENT_CONFIRMATION_OK"
17422,10419044668,10419044731,1,"IOTHUB_CLIENT_CONFIRMATION_OK"
17423,10419044868,10419044907,1,"IOTHUB_CLIENT_CONFIRMATION_OK"
17424,10419045068,10419045108,1,"IOTHUB_CLIENT_CONFIRMATION_OK"
17425,10419045268,10419045311,1,"IOTHUB_CLIENT_CONFIRMATION_OK"
17426,10419045469,10419045510,1,"IOTHUB_CLIENT_CONFIRMATION_OK"
17427,10419045669,10419045709,1,"IOTHUB_CLIENT_CONFIRMATION_OK"
17428,10419045869,10419045912,1,"IOTHUB_CLIENT_CONFIRMATION_OK"
17429,10419046069,10419046113,1,"IOTHUB_CLIENT_CONFIRMATION_OK"
17430,10419046269,10419046305,1,"IOTHUB_CLIENT_CONFIRMATION_OK"
17431,10419046469,10419046631,1,"IOTHUB_CLIENT_CONFIRMATION_OK"
17432,10419046669,10419046706,1,"IOTHUB_CLIENT_CONFIRMATION_OK"
17433,10419046870,10419046918,1,"IOTHUB_CLIENT_CONFIRMATION_OK"
17434,10419047070,10419047099,1,"IOTHUB_CLIENT_CONFIRMATION_OK"
17435,10419047270,10419047468,1,"IOTHUB_CLIENT_CONFIRMATION_OK"
17436,10419047470,10419047519,1,"IOTHUB_CLIENT_CONFIRMATION_OK"
17437,10419047670,10419047714,1,"IOTHUB_CLIENT_CONFIRMATION_OK"
17438,10419047870,10419047945,1,"IOTHUB_CLIENT_CONFIRMATION_OK"
17439,10419048071,10419048195,1,"IOTHUB_CLIENT_CONFIRMATION_OK"
17440,10419048271,10419048306,1,"IOTHUB_CLIENT_CONFIRMATION_OK"
17441,10419048471,10419048507,1,"IOTHUB_CLIENT_CONFIRMATION_OK"
17442,10419048671,10419048714,1,"IOTHUB_CLIENT_CONFIRMATION_OK"
17443,10419048871,10419048905,1,"IOTHUB_CLIENT_CONFIRMATION_OK"
17444,10419049071,10419049101,1,"IOTHUB_CLIENT_CONFIRMATION_OK"
17445,10419049272,10419049322,1,"IOTHUB_CLIENT_CONFIRMATION_OK"
17446,10419049472,10419049523,1,"IOTHUB_CLIENT_CONFIRMATION_OK"
17447,10419049672,10419049708,1,"IOTHUB_CLIENT_CONFIRMATION_OK"
17448,10419049872,10419049915,1,"IOTHUB_CLIENT_CONFIRMATION_OK"
17449,10419050072,10419050118,1,"IOTHUB_CLIENT_CONFIRMATION_OK"
17450,10419050272,10419050307,1,"IOTHUB_CLIENT_CONFIRMATION_OK"
17451,10419050472,10419050516,1,"IOTHUB_CLIENT_CONFIRMATION_OK"
17452,10419050673,10419050709,1,"IOTHUB_CLIENT_CONFIRMATION_OK"
17453,10419050873,10419050913,1,"IOTHUB_CLIENT_CONFIRMATION_OK"
17454,10419051073,10419051118,1,"IOTHUB_CLIENT_CONFIRMATION_OK"
17455,10419051273,10419051315,1,"IOTHUB_CLIENT_CONFIRMATION_OK"
17456,10419051473,10419051586,1,"IOTHUB_CLIENT_CONFIRMATION_OK"
17457,10419051673,10419051720,1,"IOTHUB_CLIENT_CONFIRMATION_OK"
17458,10419051874,10419051966,1,"IOTHUB_CLIENT_CONFIRMATION_OK"
17459,10419052074,10419052119,1,"IOTHUB_CLIENT_CONFIRMATION_OK"
17460,10419052274,10419052316,1,"IOTHUB_CLIENT_CONFIRMATION_OK"
17461,10419052474,10419052518,1,"IOTHUB_CLIENT_CONFIRMATION_OK"
17462,10419052674,10419052774,1,"IOTHUB_CLIENT_CONFIRMATION_OK"
17463,10419052874,10419052940,1,"IOTHUB_CLIENT_CONFIRMATION_OK"
17464,10419053074,10419053130,1,"IOTHUB_CLIENT_CONFIRMATION_OK"
17465,10419053275,10419053357,1,"IOTHUB_CLIENT_CONFIRMATION_OK"
17466,10419053475,10419053606,1,"IOTHUB_CLIENT_CONFIRMATION_OK"
17467,10419053675,10419053713,1,"IOTHUB_CLIENT_CONFIRMATION_OK"
17468,10419053875,10419053940,1,"IOTHUB_CLIENT_CONFIRMATION_OK"
17469,10419054075,10419054115,1,"IOTHUB_CLIENT_CONFIRMATION_OK"
17470,10419054275,10419054317,1,"IOTHUB_CLIENT_CONFIRMATION_OK"
17471,10419054476,10419054519,1,"IOTHUB_CLIENT_CONFIRMATION_OK"
17472,10419054676,10419054710,1,"IOTHUB_CLIENT_CONFIRMATION_OK"
17473,10419054876,10419054924,1,"IOTHUB_CLIENT_CONFIRMATION_OK"
17474,10419055076,10419055121,1,"IOTHUB_CLIENT_CONFIRMATION_OK"
17475,10419055276,10419055316,1,"IOTHUB_CLIENT_CONFIRMATION_OK"
17476,10419055476,10419055516,1,"IOTHUB_CLIENT_CONFIRMATION_OK"
17477,10419055677,10419055767,1,"IOTHUB_CLIENT_CONFIRMATION_OK"
17478,10419055877,10419055915,1,"IOTHUB_CLIENT_CONFIRMATION_OK"
17479,10419056077,10419056119,1,"IOTHUB_CLIENT_CONFIRMATION_OK"
17480,10419056277,10419056312,1,"IOTHUB_CLIENT_CONFIRMATION_OK"
17481,10419056477,10419056658,1,"IOTHUB_CLIENT_CONFIRMATION_OK"
17482,10419056677,10419056720,1,"IOTHUB_CLIENT_CONFIRMATION_OK"
17483,10419056877,10419056923,1,"IOTHUB_CLIENT_CONFIRMATION_OK"
17484,10419057078,10419057131,1,"IOTHUB_CLIENT_CONFIRMATION_OK"
17485,10419057278,10419057327,1,"IOTHUB_CLIENT_CONFIRMATION_OK"
17486,10419057478,10419057517,1,"IOTHUB_CLIENT_CONFIRMATION_OK"
17487,10419057678,10419057717,1,"IOTHUB_CLIENT_CONFIRMATION_OK"
17488,10419057878,10419057956,1,"IOTHUB_CLIENT_CONFIRMATION_OK"
17489,10419058078,10419058120,1,"IOTHUB_CLIENT_CONFIRMATION_OK"
17490,10419058279,10419058326,1,"IOTHUB_CLIENT_CONFIRMATION_OK"
17491,10419058479,10419058513,1,"IOTHUB_CLIENT_CONFIRMATION_OK"
17492,10419058679,10419058724,1,"IOTHUB_CLIENT_CONFIRMATION_OK"
17493,10419058879,10419058920,1,"IOTHUB_CLIENT_CONFIRMATION_OK"
17494,10419059079,10419059201,1,"IOTHUB_CLIENT_CONFIRMATION_OK"
17495,10419059279,10419059323,1,"IOTHUB_CLIENT_CONFIRMATION_OK"
17496,10419059480,10419059525,1,"IOTHUB_CLIENT_CONFIRMATION_OK"
17497,10419059680,10419059725,1,"IOTHUB_CLIENT_CONFIRMATION_OK"
17498,10419059880,10419059911,1,"IOTHUB_CLIENT_CONFIRMATION_OK"
17499,10419060080,10419060138,1,"IOTHUB_CLIENT_CONFIRMATION_OK"
17500,10419060280,10419060318,1,"IOTHUB_CLIENT_CONFIRMATION_OK"
17501,10419060480,10419060535,1,"IOTHUB_CLIENT_CONFIRMATION_OK"
17502,10419060681,10419060745,1,"IOTHUB_CLIENT_CONFIRMATION_OK"
17503,10419060881,10419060926,1,"IOTHUB_CLIENT_CONFIRMATION_OK"
17504,10419061081,10419061222,1,"IOTHUB_CLIENT_CONFIRMATION_OK"
17505,10419061281,10419061337,1,"IOTHUB_CLIENT_CONFIRMATION_OK"
17506,10419061481,10419061529,1,"IOTHUB_CLIENT_CONFIRMATION_OK"
17507,10419061681,10419061738,1,"IOTHUB_CLIENT_CONFIRMATION_OK"
17508,10419061881,10419062025,1,"IOTHUB_CLIENT_CONFIRMATION_OK"
17509,10419062082,10419062124,1,"IOTHUB_CLIENT_CONFIRMATION_OK"
17510,10419062282,10419062314,1,"IOTHUB_CLIENT_CONFIRMATION_OK"
17511,10419062482,10419062520,1,"IOTHUB_CLIENT_CONFIRMATION_OK"
17512,10419062682,10419062735,1,"IOTHUB_CLIENT_CONFIRMATION_OK"
17513,10419062882,10419062922,1,"IOTHUB_CLIENT_CONFIRMATION_OK"
17514,10419063082,10419063122,1,"IOTHUB_CLIENT_CONFIRMATION_OK"
17515,10419063283,10419063383,1,"IOTHUB_CLIENT_CONFIRMATION_OK"
17516,10419063483,10419063567,1,"IOTHUB_CLIENT_CONFIRMATION_OK"
17517,10419063683,10419063715,1,"IOTHUB_CLIENT_CONFIRMATION_OK"
17518,10419063883,10419063918,1,"IOTHUB_CLIENT_CONFIRMATION_OK"
17519,10419064083,10419064121,1,"IOTHUB_CLIENT_CONFIRMATION_OK"
17520,10419064283,10419064359,1,"IOTHUB_CLIENT_CONFIRMATION_OK"
17521,10419064484,10419064569,1,"IOTHUB_CLIENT_CONFIRMATION_OK"
17522,10419064684,10419064728,1,"IOTHUB_CLIENT_CONFIRMATION_OK"
17523,10419064884,10419064935,1,"IOTHUB_CLIENT_CONFIRMATION_OK"
17524,10419065084,10419065122,1,"IOTHUB_CLIENT_CONFIRMATION_OK"
17525,10419065284,10419065330,1,"IOTHUB_CLIENT_CONFIRMATION_OK"
17526,10419065484,10419065534,1,"IOTHUB_CLIENT_CONFIRMATION_OK"
17527,10419065684,10419065714,1,"IOTHUB_CLIENT_CONFIRMATION_OK"
17528,10419065885,10419065955,1,"IOTHUB_CLIENT_CONFIRMATION_OK"
17529,10419066085,10419066129,1,"IOTHUB_CLIENT_CONFIRMATION_OK"
17530,10419066285,10419066334,1,"IOTHUB_CLIENT_CONFIRMATION_OK"
17531,10419066485,10419066525,1,"IOTHUB_CLIENT_CONFIRMATION_OK"
17532,10419066685,10419066745,1,"IOTHUB_CLIENT_CONFIRMATION_OK"
17533,10419066885,10419066982,1,"IOTHUB_CLIENT_CONFIRMATION_OK"
17534,10419067085,10419067147,1,"IOTHUB_CLIENT_CONFIRMATION_OK"
17535,10419067286,10419067425,1,"IOTHUB_CLIENT_CONFIRMATION_OK"
17536,10419067486,10419067522,1,"IOTHUB_CLIENT_CONFIRMATION_OK"
17537,10419067686,10419067724,1,"IOTHUB_CLIENT_CONFIRMATION_OK"
17538,10419067886,10419067924,1,"IOTHUB_CLIENT_CONFIRMATION_OK"
17539,10419068086,10419068190,1,"IOTHUB_CLIENT_CONFIRMATION_OK"
17540,10419068286,10419068328,1,"IOTHUB_CLIENT_CONFIRMATION_OK"
17541,10419068487,10419068540,1,"IOTHUB_CLIENT_CONFIRMATION_OK"
17542,10419068687,10419068740,1,"IOTHUB_CLIENT_CONFIRMATION_OK"
17543,10419068887,10419068956,1,"IOTHUB_CLIENT_CONFIRMATION_OK"
17544,10419069087,10419069130,1,"IOTHUB_CLIENT_CONFIRMATION_OK"
17545,10419069287,10419069330,1,"IOTHUB_CLIENT_CONFIRMATION_OK"
17546,10419069487,10419069529,1,"IOTHUB_CLIENT_CONFIRMATION_OK"
17547,10419069688,10419069755,1,"IOTHUB_CLIENT_CONFIRMATION_OK"
17548,10419069888,10419069919,1,"IOTHUB_CLIENT_CONFIRMATION_OK"
17549,10419070088,10419070129,1,"IOTHUB_CLIENT_CONFIRMATION_OK"
17550,10419070288,10419070330,1,"IOTHUB_CLIENT_CONFIRMATION_OK"
17551,10419070488,10419070525,1,"IOTHUB_CLIENT_CONFIRMATION_OK"
17552,10419070688,10419070725,1,"IOTHUB_CLIENT_CONFIRMATION_OK"
17553,10419070888,10419070938,1,"IOTHUB_CLIENT_CONFIRMATION_OK"
17554,10419071089,10419071247,1,"IOTHUB_CLIENT_CONFIRMATION_OK"
17555,10419071289,10419071346,1,"IOTHUB_CLIENT_CONFIRMATION_OK"
17556,10419071489,10419071527,1,"IOTHUB_CLIENT_CONFIRMATION_OK"
17557,10419071689,10419071727,1,"IOTHUB_CLIENT_CONFIRMATION_OK"
17558,10419071889,10419071933,1,"IOTHUB_CLIENT_CONFIRMATION_OK"
17559,10419072089,10419072155,1,"IOTHUB_CLIENT_CONFIRMATION_OK"
17560,10419072289,10419072324,1,"IOTHUB_CLIENT_CONFIRMATION_OK"
17561,10419072490,10419072526,1,"IOTHUB_CLIENT_CONFIRMATION_OK"
17562,10419072690,10419072737,1,"IOTHUB_CLIENT_CONFIRMATION_OK"
17563,10419072890,10419072940,1,"IOTHUB_CLIENT_CONFIRMATION_OK"
17564,10419073090,10419073144,1,"IOTHUB_CLIENT_CONFIRMATION_OK"
17565,10419073290,10419073327,1,"IOTHUB_CLIENT_CONFIRMATION_OK"
17566,10419073490,10419073530,1,"IOTHUB_CLIENT_CONFIRMATION_OK"
17567,10419073690,10419073727,1,"IOTHUB_CLIENT_CONFIRMATION_OK"
17568,10419073891,10419073929,1,"IOTHUB_CLIENT_CONFIRMATION_OK"
17569,10419074091,10419074124,1,"IOTHUB_CLIENT_CONFIRMATION_OK"
17570,10419074291,10419074369,1,"IOTHUB_CLIENT_CONFIRMATION_OK"
17571,10419074491,10419074525,1,"IOTHUB_CLIENT_CONFIRMATION_OK"
17572,10419074691,10419074732,1,"IOTHUB_CLIENT_CONFIRMATION_OK"
17573,10419074891,10419074936,1,"IOTHUB_CLIENT_CONFIRMATION_OK"
17574,10419075092,10419075143,1,"IOTHUB_CLIENT_CONFIRMATION_OK"
17575,10419075292,10419075346,1,"IOTHUB_CLIENT_CONFIRMATION_OK"
17576,10419075492,10419075545,1,"IOTHUB_CLIENT_CONFIRMATION_OK"
17577,10419075692,10419075726,1,"IOTHUB_CLIENT_CONFIRMATION_OK"
17578,10419075892,10419075932,1,"IOTHUB_CLIENT_CONFIRMATION_OK"
17579,10419076092,10419076121,1,"IOTHUB_CLIENT_CONFIRMATION_OK"
17580,10419076292,10419076364,1,"IOTHUB_CLIENT_CONFIRMATION_OK"
17581,10419076493,10419076544,1,"IOTHUB_CLIENT_CONFIRMATION_OK"
17582,10419076693,10419076735,1,"IOTHUB_CLIENT_CONFIRMATION_OK"
17583,10419076893,10419076943,1,"IOTHUB_CLIENT_CONFIRMATION_OK"
17584,10419077093,10419077135,1,"IOTHUB_CLIENT_CONFIRMATION_OK"
17585,10419077293,10419077384,1,"IOTHUB_CLIENT_CONFIRMATION_OK"
17586,10419077493,10419077555,1,"IOTHUB_CLIENT_CONFIRMATION_OK"
17587,10419077694,10419077721,1,"IOTHUB_CLIENT_CONFIRMATION_OK"
17588,10419077894,10419077933,1,"IOTHUB_CLIENT_CONFIRMATION_OK"
17589,10419078094,10419078213,1,"IOTHUB_CLIENT_CONFIRMATION_OK"
17590,10419078294,10419078327,1,"IOTHUB_CLIENT_CONFIRMATION_OK"
17591,10419078494,10419078536,1,"IOTHUB_CLIENT_CONFIRMATION_OK"
17592,10419078694,10419078722,1,"IOTHUB_CLIENT_CONFIRMATION_OK"
17593,10419078894,10419078998,1,"IOTHUB_CLIENT_CONFIRMATION_OK"
17594,10419079095,10419079137,1,"IOTHUB_CLIENT_CONFIRMATION_OK"
17595,10419079295,10419079347,1,"IOTHUB_CLIENT_CONFIRMATION_OK"
17596,10419079495,10419079546,1,"IOTHUB_CLIENT_CONFIRMATION_OK"
17597,10419079695,10419079735,1,"IOTHUB_CLIENT_CONFIRMATION_OK"
17598,10419079895,10419079953,1,"IOTHUB_CLIENT_CONFIRMATION_OK"
17599,10419080095,10419080142,1,"IOTHUB_CLIENT_CONFIRMATION_OK"
17600,10419080296,10419080374,1,"IOTHUB_CLIENT_CONFIRMATION_OK"
17601,10419080496,10419080531,1,"IOTHUB_CLIENT_CONFIRMATION_OK"
17602,10419080696,10419080797,1,"IOTHUB_CLIENT_CONFIRMATION_OK"
17603,10419080896,10419080953,1,"IOTHUB_CLIENT_CONFIRMATION_OK"
17604,10419081096,10419081209,1,"IOTHUB_CLIENT_CONFIRMATION_OK"
17605,10419081297,10419081412,1,"IOTHUB_CLIENT_CONFIRMATION_OK"
17606,10419081497,10419081536,1,"IOTHUB_CLIENT_CONFIRMATION_OK"
17607,10419081697,10419081735,1,"IOTHUB_CLIENT_CONFIRMATION_OK"
17608,10419081897,10419082012,1,"IOTHUB_CLIENT_CONFIRMATION_OK"
17609,10419082097,10419082146,1,"IOTHUB_CLIENT_CONFIRMATION_OK"
17610,10419082297,10419082340,1,"IOTHUB_CLIENT_CONFIRMATION_OK"
17611,10419082498,10419082536,1,"IOTHUB_CLIENT_CONFIRMATION_OK"
17612,10419082698,10419082745,1,"IOTHUB_CLIENT_CONFIRMATION_OK"
17613,10419082898,10419082941,1,"IOTHUB_CLIENT_CONFIRMATION_OK"
17614,10419083098,10419083148,1,"IOTHUB_CLIENT_CONFIRMATION_OK"
17615,10419083298,10419083338,1,"IOTHUB_CLIENT_CONFIRMATION_OK"
17616,10419083498,10419083553,1,"IOTHUB_CLIENT_CONFIRMATION_OK"
17617,10419083699,10419083739,1,"IOTHUB_CLIENT_CONFIRMATION_OK"
17618,10419083899,10419083970,1,"IOTHUB_CLIENT_CONFIRMATION_OK"
17619,10419084099,10419084136,1,"IOTHUB_CLIENT_CONFIRMATION_OK"
17620,10419084299,10419084335,1,"IOTHUB_CLIENT_CONFIRMATION_OK"
17621,10419084499,10419084532,1,"IOTHUB_CLIENT_CONFIRMATION_OK"
17622,10419084700,10419084739,1,"IOTHUB_CLIENT_CONFIRMATION_OK"
17623,10419084900,10419084950,1,"IOTHUB_CLIENT_CONFIRMATION_OK"
17624,10419085100,10419085140,1,"IOTHUB_CLIENT_CONFIRMATION_OK"
17625,10419085300,10419085337,1,"IOTHUB_CLIENT_CONFIRMATION_OK"
17626,10419085500,10419085537,1,"IOTHUB_CLIENT_CONFIRMATION_OK"
17627,10419085700,10419085754,1,"IOTHUB_CLIENT_CONFIRMATION_OK"
17628,10419085901,10419085942,1,"IOTHUB_CLIENT_CONFIRMATION_OK"
17629,10419086101,10419086140,1,"IOTHUB_CLIENT_CONFIRMATION_OK"
17630,10419086301,10419086354,1,"IOTHUB_CLIENT_CONFIRMATION_OK"
17631,10419086501,10419086538,1,"IOTHUB_CLIENT_CONFIRMATION_OK"
17632,10419086701,10419086743,1,"IOTHUB_CLIENT_CONFIRMATION_OK"
17633,10419086901,10419086955,1,"IOTHUB_CLIENT_CONFIRMATION_OK"
17634,10419087101,10419087136,1,"IOTHUB_CLIENT_CONFIRMATION_OK"
17635,10419087302,10419087350,1,"IOTHUB_CLIENT_CONFIRMATION_OK"
17636,10419087502,10419087545,1,"IOTHUB_CLIENT_CONFIRMATION_OK"
17637,10419087702,10419087742,1,"IOTHUB_CLIENT_CONFIRMATION_OK"
17638,10419087902,10419087945,1,"IOTHUB_CLIENT_CONFIRMATION_OK"
17639,10419088102,10419088145,1,"IOTHUB_CLIENT_CONFIRMATION_OK"
17640,10419088302,10419088342,1,"IOTHUB_CLIENT_CONFIRMATION_OK"
17641,10419088503,10419088538,1,"IOTHUB_CLIENT_CONFIRMATION_OK"
17642,10419088703,10419088736,1,"IOTHUB_CLIENT_CONFIRMATION_OK"
17643,10419088903,10419088958,1,"IOTHUB_CLIENT_CONFIRMATION_OK"
17644,10419089103,10419089136,1,"IOTHUB_CLIENT_CONFIRMATION_OK"
17645,10419089303,10419089346,1,"IOTHUB_CLIENT_CONFIRMATION_OK"
17646,10419089503,10419089563,1,"IOTHUB_CLIENT_CONFIRMATION_OK"
17647,10419089704,10419089752,1,"IOTHUB_CLIENT_CONFIRMATION_OK"
17648,10419089904,10419089950,1,"IOTHUB_CLIENT_CONFIRMATION_OK"
17649,10419090104,10419090186,1,"IOTHUB_CLIENT_CONFIRMATION_OK"
17650,10419090304,10419090400,1,"IOTHUB_CLIENT_CONFIRMATION_OK"
17651,10419090504,10419090546,1,"IOTHUB_CLIENT_CONFIRMATION_OK"
17652,10419090704,10419090739,1,"IOTHUB_CLIENT_CONFIRMATION_OK"
17653,10419090905,10419090949,1,"IOTHUB_CLIENT_CONFIRMATION_OK"
17654,10419091105,10419091203,1,"IOTHUB_CLIENT_CONFIRMATION_OK"
17655,10419091305,10419091342,1,"IOTHUB_CLIENT_CONFIRMATION_OK"
17656,10419091505,10419091539,1,"IOTHUB_CLIENT_CONFIRMATION_OK"
17657,10419091705,10419091798,1,"IOTHUB_CLIENT_CONFIRMATION_OK"
17658,10419091906,10419092014,1,"IOTHUB_CLIENT_CONFIRMATION_OK"
17659,10419092106,10419092161,1,"IOTHUB_CLIENT_CONFIRMATION_OK"
17660,10419092306,10419092346,1,"IOTHUB_CLIENT_CONFIRMATION_OK"
17661,10419092506,10419092540,1,"IOTHUB_CLIENT_CONFIRMATION_OK"
17662,10419092706,10419092740,1,"IOTHUB_CLIENT_CONFIRMATION_OK"
17663,10419092906,10419092950,1,"IOTHUB_CLIENT_CONFIRMATION_OK"
17664,10419093106,10419093148,1,"IOTHUB_CLIENT_CONFIRMATION_OK"
17665,10419093307,10419093359,1,"IOTHUB_CLIENT_CONFIRMATION_OK"
17666,10419093507,10419093544,1,"IOTHUB_CLIENT_CONFIRMATION_OK"
17667,10419093707,10419093787,1,"IOTHUB_CLIENT_CONFIRMATION_OK"
17668,10419093907,10419093951,1,"IOTHUB_CLIENT_CONFIRMATION_OK"
17669,10419094107,10419094143,1,"IOTHUB_CLIENT_CONFIRMATION_OK"
17670,10419094307,10419094348,1,"IOTHUB_CLIENT_CONFIRMATION_OK"
17671,10419094508,10419094548,1,"IOTHUB_CLIENT_CONFIRMATION_OK"
17672,10419094708,10419094741,1,"IOTHUB_CLIENT_CONFIRMATION_OK"
17673,10419094908,10419095046,1,"IOTHUB_CLIENT_CONFIRMATION_OK"
17674,10419095108,10419095169,1,"IOTHUB_CLIENT_CONFIRMATION_OK"
17675,10419095308,10419095343,1,"IOTHUB_CLIENT_CONFIRMATION_OK"
17676,10419095508,10419095539,1,"IOTHUB_CLIENT_CONFIRMATION_OK"
17677,10419095708,10419095877,1,"IOTHUB_CLIENT_CONFIRMATION_OK"
17678,10419095909,10419095980,1,"IOTHUB_CLIENT_CONFIRMATION_OK"
17679,10419096109,10419096152,1,"IOTHUB_CLIENT_CONFIRMATION_OK"
17680,10419096309,10419096346,1,"IOTHUB_CLIENT_CONFIRMATION_OK"
17681,10419096509,10419096554,1,"IOTHUB_CLIENT_CONFIRMATION_OK"
17682,10419096709,10419096843,1,"IOTHUB_CLIENT_CONFIRMATION_OK"
17683,10419096909,10419096943,1,"IOTHUB_CLIENT_CONFIRMATION_OK"
17684,10419097110,10419097196,1,"IOTHUB_CLIENT_CONFIRMATION_OK"
17685,10419097310,10419097342,1,"IOTHUB_CLIENT_CONFIRMATION_OK"
17686,10419097510,10419097588,1,"IOTHUB_CLIENT_CONFIRMATION_OK"
17687,10419097710,10419097749,1,"IOTHUB_CLIENT_CONFIRMATION_OK"
17688,10419097910,10419097948,1,"IOTHUB_CLIENT_CONFIRMATION_OK"
17689,10419098110,10419098158,1,"IOTHUB_CLIENT_CONFIRMATION_OK"
17690,10419098310,10419098358,1,"IOTHUB_CLIENT_CONFIRMATION_OK"
17691,10419098511,10419098600,1,"IOTHUB_CLIENT_CONFIRMATION_OK"
17692,10419098711,10419098751,1,"IOTHUB_CLIENT_CONFIRMATION_OK"
17693,10419098911,10419098949,1,"IOTHUB_CLIENT_CONFIRMATION_OK"
17694,10419099111,10419099144,1,"IOTHUB_CLIENT_CONFIRMATION_OK"
17695,10419099311,10419099346,1,"IOTHUB_CLIENT_CONFIRMATION_OK"
17696,10419099511,10419099542,1,"IOTHUB_CLIENT_CONFIRMATION_OK"
17697,10419099712,10419099750,1,"IOTHUB_CLIENT_CONFIRMATION_OK"
17698,10419099912,10419099951,1,"IOTHUB_CLIENT_CONFIRMATION_OK"
17699,10419100112,10419100148,1,"IOTHUB_CLIENT_CONFIRMATION_OK"
17700,10419100312,10419100356,1,"IOTHUB_CLIENT_CONFIRMATION_OK"
17701,10419100512,10419100546,1,"IOTHUB_CLIENT_CONFIRMATION_OK"
17702,10419100712,10419100756,1,"IOTHUB_CLIENT_CONFIRMATION_OK"
17703,10419100912,10419100984,1,"IOTHUB_CLIENT_CONFIRMATION_OK"
17704,10419101113,10419101189,1,"IOTHUB_CLIENT_CONFIRMATION_OK"
17705,10419101313,10419101345,1,"IOTHUB_CLIENT_CONFIRMATION_OK"
17706,10419101513,10419101551,1,"IOTHUB_CLIENT_CONFIRMATION_OK"
17707,10419101713,10419101756,1,"IOTHUB_CLIENT_CONFIRMATION_OK"
17708,10419101913,10419102018,1,"IOTHUB_CLIENT_CONFIRMATION_OK"
17709,10419102113,10419102155,1,"IOTHUB_CLIENT_CONFIRMATION_OK"
17710,10419102313,10419102349,1,"IOTHUB_CLIENT_CONFIRMATION_OK"
17711,10419102514,10419102567,1,"IOTHUB_CLIENT_CONFIRMATION_OK"
17712,10419102714,10419102820,1,"IOTHUB_CLIENT_CONFIRMATION_OK"
17713,10419102914,10419102955,1,"IOTHUB_CLIENT_CONFIRMATION_OK"
17714,10419103114,10419103158,1,"IOTHUB_CLIENT_CONFIRMATION_OK"
17715,10419103314,10419103344,1,"IOTHUB_CLIENT_CONFIRMATION_OK"
17716,10419103514,10419103551,1,"IOTHUB_CLIENT_CONFIRMATION_OK"
17717,10419103714,10419103747,1,"IOTHUB_CLIENT_CONFIRMATION_OK"
17718,10419103915,10419103953,1,"IOTHUB_CLIENT_CONFIRMATION_OK"
17719,10419104115,10419104156,1,"IOTHUB_CLIENT_CONFIRMATION_OK"
17720,10419104315,10419104364,1,"IOTHUB_CLIENT_CONFIRMATION_OK"
17721,10419104515,10419104553,1,"IOTHUB_CLIENT_CONFIRMATION_OK"
17722,10419104715,10419104806,1,"IOTHUB_CLIENT_CONFIRMATION_OK"
17723,10419104915,10419105038,1,"IOTHUB_CLIENT_CONFIRMATION_OK"
17724,10419105115,10419105160,1,"IOTHUB_CLIENT_CONFIRMATION_OK"
17725,10419105316,10419105357,1,"IOTHUB_CLIENT_CONFIRMATION_OK"
17726,10419105516,10419105550,1,"IOTHUB_CLIENT_CONFIRMATION_OK"
17727,10419105716,10419105855,1,"IOTHUB_CLIENT_CONFIRMATION_OK"
17728,10419105916,10419105965,1,"IOTHUB_CLIENT_CONFIRMATION_OK"
17729,10419106116,10419106154,1,"IOTHUB_CLIENT_CONFIRMATION_OK"
17730,10419106316,10419106553,1,"IOTHUB_CLIENT_CONFIRMATION_OK"
17731,10419106517,10419106677,1,"IOTHUB_CLIENT_CONFIRMATION_OK"
17732,10419106717,10419106760,1,"IOTHUB_CLIENT_CONFIRMATION_OK"
17733,10419106917,10419106960,1,"IOTHUB_CLIENT_CONFIRMATION_OK"
17734,10419107117,10419107154,1,"IOTHUB_CLIENT_CONFIRMATION_OK"
17735,10419107317,10419107352,1,"IOTHUB_CLIENT_CONFIRMATION_OK"
17736,10419107517,10419107575,1,"IOTHUB_CLIENT_CONFIRMATION_OK"
17737,10419107717,10419107752,1,"IOTHUB_CLIENT_CONFIRMATION_OK"
17738,10419107918,10419107953,1,"IOTHUB_CLIENT_CONFIRMATION_OK"
17739,10419108118,10419108264,1,"IOTHUB_CLIENT_CONFIRMATION_OK"
17740,10419108318,10419108363,1,"IOTHUB_CLIENT_CONFIRMATION_OK"
17741,10419108518,10419108553,1,"IOTHUB_CLIENT_CONFIRMATION_OK"
17742,10419108718,10419108755,1,"IOTHUB_CLIENT_CONFIRMATION_OK"
17743,10419108918,10419108972,1,"IOTHUB_CLIENT_CONFIRMATION_OK"
17744,10419109118,10419109161,1,"IOTHUB_CLIENT_CONFIRMATION_OK"
17745,10419109319,10419109349,1,"IOTHUB_CLIENT_CONFIRMATION_OK"
17746,10419109519,10419109613,1,"IOTHUB_CLIENT_CONFIRMATION_OK"
17747,10419109719,10419109753,1,"IOTHUB_CLIENT_CONFIRMATION_OK"
17748,10419109919,10419109961,1,"IOTHUB_CLIENT_CONFIRMATION_OK"
17749,10419110119,10419110155,1,"IOTHUB_CLIENT_CONFIRMATION_OK"
17750,10419110319,10419110356,1,"IOTHUB_CLIENT_CONFIRMATION_OK"
17751,10419110520,10419110553,1,"IOTHUB_CLIENT_CONFIRMATION_OK"
17752,10419110720,10419110760,1,"IOTHUB_CLIENT_CONFIRMATION_OK"
17753,10419110920,10419110993,1,"IOTHUB_CLIENT_CONFIRMATION_OK"
17754,10419111120,10419111164,1,"IOTHUB_CLIENT_CONFIRMATION_OK"
17755,10419111320,10419111377,1,"IOTHUB_CLIENT_CONFIRMATION_OK"
17756,10419111520,10419111577,1,"IOTHUB_CLIENT_CONFIRMATION_OK"
17757,10419111720,10419111758,1,"IOTHUB_CLIENT_CONFIRMATION_OK"
17758,10419111921,10419111965,1,"IOTHUB_CLIENT_CONFIRMATION_OK"
17759,10419112121,10419112175,1,"IOTHUB_CLIENT_CONFIRMATION_OK"
17760,10419112321,10419112378,1,"IOTHUB_CLIENT_CONFIRMATION_OK"
17761,10419112521,10419112558,1,"IOTHUB_CLIENT_CONFIRMATION_OK"
17762,10419112721,10419112809,1,"IOTHUB_CLIENT_CONFIRMATION_OK"
17763,10419112921,10419112960,1,"IOTHUB_CLIENT_CONFIRMATION_OK"
17764,10419113121,10419113164,1,"IOTHUB_CLIENT_CONFIRMATION_OK"
17765,10419113322,10419113355,1,"IOTHUB_CLIENT_CONFIRMATION_OK"
17766,10419113522,10419113753,1,"IOTHUB_CLIENT_CONFIRMATION_OK"
17767,10419113722,10419113782,1,"IOTHUB_CLIENT_CONFIRMATION_OK"
17768,10419113922,10419113971,1,"IOTHUB_CLIENT_CONFIRMATION_OK"
17769,10419114122,10419114164,1,"IOTHUB_CLIENT_CONFIRMATION_OK"
17770,10419114322,10419114361,1,"IOTHUB_CLIENT_CONFIRMATION_OK"
17771,10419114523,10419114576,1,"IOTHUB_CLIENT_CONFIRMATION_OK"
17772,10419114723,10419114759,1,"IOTHUB_CLIENT_CONFIRMATION_OK"
17773,10419114923,10419114999,1,"IOTHUB_CLIENT_CONFIRMATION_OK"
17774,10419115123,10419115190,1,"IOTHUB_CLIENT_CONFIRMATION_OK"
17775,10419115323,10419115358,1,"IOTHUB_CLIENT_CONFIRMATION_OK"
17776,10419115523,10419115554,1,"IOTHUB_CLIENT_CONFIRMATION_OK"
17777,10419115723,10419115812,1,"IOTHUB_CLIENT_CONFIRMATION_OK"
17778,10419115924,10419115966,1,"IOTHUB_CLIENT_CONFIRMATION_OK"
17779,10419116124,10419116190,1,"IOTHUB_CLIENT_CONFIRMATION_OK"
17780,10419116324,10419116363,1,"IOTHUB_CLIENT_CONFIRMATION_OK"
17781,10419116524,10419116627,1,"IOTHUB_CLIENT_CONFIRMATION_OK"
17782,10419116724,10419116768,1,"IOTHUB_CLIENT_CONFIRMATION_OK"
17783,10419116924,10419116956,1,"IOTHUB_CLIENT_CONFIRMATION_OK"
17784,10419117125,10419117157,1,"IOTHUB_CLIENT_CONFIRMATION_OK"
17785,10419117325,10419117354,1,"IOTHUB_CLIENT_CONFIRMATION_OK"
17786,10419117525,10419117566,1,"IOTHUB_CLIENT_CONFIRMATION_OK"
17787,10419117725,10419117767,1,"IOTHUB_CLIENT_CONFIRMATION_OK"
17788,10419117925,10419117962,1,"IOTHUB_CLIENT_CONFIRMATION_OK"
17789,10419118125,10419118157,1,"IOTHUB_CLIENT_CONFIRMATION_OK"
17790,10419118325,10419118371,1,"IOTHUB_CLIENT_CONFIRMATION_OK"
17791,10419118526,10419118572,1,"IOTHUB_CLIENT_CONFIRMATION_OK"
17792,10419118726,10419118768,1,"IOTHUB_CLIENT_CONFIRMATION_OK"
17793,10419118926,10419118980,1,"IOTHUB_CLIENT_CONFIRMATION_OK"
17794,10419119126,10419119242,1,"IOTHUB_CLIENT_CONFIRMATION_OK"
17795,10419119326,10419119358,1,"IOTHUB_CLIENT_CONFIRMATION_OK"
17796,10419119526,10419119706,1,"IOTHUB_CLIENT_CONFIRMATION_OK"
17797,10419119726,10419119765,1,"IOTHUB_CLIENT_CONFIRMATION_OK"
17798,10419119927,10419119961,1,"IOTHUB_CLIENT_CONFIRMATION_OK"
17799,10419120127,10419120171,1,"IOTHUB_CLIENT_CONFIRMATION_OK"
17800,10419120327,10419120366,1,"IOTHUB_CLIENT_CONFIRMATION_OK"
17801,10419120527,10419120563,1,"IOTHUB_CLIENT_CONFIRMATION_OK"
17802,10419120727,10419120811,1,"IOTHUB_CLIENT_CONFIRMATION_OK"
17803,10419120927,10419120964,1,"IOTHUB_CLIENT_CONFIRMATION_OK"
17804,10419121127,10419121160,1,"IOTHUB_CLIENT_CONFIRMATION_OK"
17805,10419121328,10419121361,1,"IOTHUB_CLIENT_CONFIRMATION_OK"
17806,10419121528,10419121561,1,"IOTHUB_CLIENT_CONFIRMATION_OK"
17807,10419121728,10419121773,1,"IOTHUB_CLIENT_CONFIRMATION_OK"
17808,10419121928,10419121960,1,"IOTHUB_CLIENT_CONFIRMATION_OK"
17809,10419122128,10419122169,1,"IOTHUB_CLIENT_CONFIRMATION_OK"
17810,10419122328,10419122382,1,"IOTHUB_CLIENT_CONFIRMATION_OK"
17811,10419122529,10419122571,1,"IOTHUB_CLIENT_CONFIRMATION_OK"
17812,10419122729,10419122774,1,"IOTHUB_CLIENT_CONFIRMATION_OK"
17813,10419122929,10419122978,1,"IOTHUB_CLIENT_CONFIRMATION_OK"
17814,10419123129,10419123168,1,"IOTHUB_CLIENT_CONFIRMATION_OK"
17815,10419123329,10419123373,1,"IOTHUB_CLIENT_CONFIRMATION_OK"
17816,10419123529,10419123571,1,"IOTHUB_CLIENT_CONFIRMATION_OK"
17817,10419123729,10419123759,1,"IOTHUB_CLIENT_CONFIRMATION_OK"
17818,10419123930,10419123971,1,"IOTHUB_CLIENT_CONFIRMATION_OK"
17819,10419124130,10419124166,1,"IOTHUB_CLIENT_CONFIRMATION_OK"
17820,10419124330,10419124361,1,"IOTHUB_CLIENT_CONFIRMATION_OK"
17821,10419124530,10419124599,1,"IOTHUB_CLIENT_CONFIRMATION_OK"
17822,10419124730,10419124769,1,"IOTHUB_CLIENT_CONFIRMATION_OK"
17823,10419124930,10419124984,1,"IOTHUB_CLIENT_CONFIRMATION_OK"
17824,10419125131,10419125182,1,"IOTHUB_CLIENT_CONFIRMATION_OK"
17825,10419125331,10419125369,1,"IOTHUB_CLIENT_CONFIRMATION_OK"
17826,10419125531,10419125594,1,"IOTHUB_CLIENT_CONFIRMATION_OK"
17827,10419125731,10419125806,1,"IOTHUB_CLIENT_CONFIRMATION_OK"
17828,10419125931,10419125990,1,"IOTHUB_CLIENT_CONFIRMATION_OK"
17829,10419126131,10419126167,1,"IOTHUB_CLIENT_CONFIRMATION_OK"
17830,10419126331,10419126363,1,"IOTHUB_CLIENT_CONFIRMATION_OK"
17831,10419126532,10419126638,1,"IOTHUB_CLIENT_CONFIRMATION_OK"
17832,10419126732,10419126773,1,"IOTHUB_CLIENT_CONFIRMATION_OK"
17833,10419126932,10419126963,1,"IOTHUB_CLIENT_CONFIRMATION_OK"
17834,10419127132,10419127199,1,"IOTHUB_CLIENT_CONFIRMATION_OK"
17835,10419127332,10419127363,1,"IOTHUB_CLIENT_CONFIRMATION_OK"
17836,10419127532,10419127591,1,"IOTHUB_CLIENT_CONFIRMATION_OK"
17837,10419127733,10419127764,1,"IOTHUB_CLIENT_CONFIRMATION_OK"
17838,10419127933,10419127976,1,"IOTHUB_CLIENT_CONFIRMATION_OK"
17839,10419128133,10419128178,1,"IOTHUB_CLIENT_CONFIRMATION_OK"
17840,10419128333,10419128369,1,"IOTHUB_CLIENT_CONFIRMATION_OK"
17841,10419128533,10419128565,1,"IOTHUB_CLIENT_CONFIRMATION_OK"
17842,10419128733,10419128831,1,"IOTHUB_CLIENT_CONFIRMATION_OK"
17843,10419128934,10419128976,1,"IOTHUB_CLIENT_CONFIRMATION_OK"
17844,10419129134,10419129177,1,"IOTHUB_CLIENT_CONFIRMATION_OK"
17845,10419129334,10419129374,1,"IOTHUB_CLIENT_CONFIRMATION_OK"
17846,10419129534,10419129669,1,"IOTHUB_CLIENT_CONFIRMATION_OK"
17847,10419129734,10419129785,1,"IOTHUB_CLIENT_CONFIRMATION_OK"
17848,10419129934,10419130013,1,"IOTHUB_CLIENT_CONFIRMATION_OK"
17849,10419130135,10419130175,1,"IOTHUB_CLIENT_CONFIRMATION_OK"
17850,10419130335,10419130498,1,"IOTHUB_CLIENT_CONFIRMATION_OK"
17851,10419130535,10419130589,1,"IOTHUB_CLIENT_CONFIRMATION_OK"
17852,10419130735,10419130773,1,"IOTHUB_CLIENT_CONFIRMATION_OK"
17853,10419130935,10419130985,1,"IOTHUB_CLIENT_CONFIRMATION_OK"
17854,10419131135,10419131173,1,"IOTHUB_CLIENT_CONFIRMATION_OK"
17855,10419131335,10419131379,1,"IOTHUB_CLIENT_CONFIRMATION_OK"
17856,10419131536,10419131656,1,"IOTHUB_CLIENT_CONFIRMATION_OK"
17857,10419131736,10419131804,1,"IOTHUB_CLIENT_CONFIRMATION_OK"
17858,10419131936,10419132044,1,"IOTHUB_CLIENT_CONFIRMATION_OK"
17859,10419132136,10419132182,1,"IOTHUB_CLIENT_CONFIRMATION_OK"
17860,10419132336,10419132368,1,"IOTHUB_CLIENT_CONFIRMATION_OK"
17861,10419132536,10419132589,1,"IOTHUB_CLIENT_CONFIRMATION_OK"
17862,10419132737,10419132770,1,"IOTHUB_CLIENT_CONFIRMATION_OK"
17863,10419132937,10419132983,1,"IOTHUB_CLIENT_CONFIRMATION_OK"
17864,10419133137,10419133171,1,"IOTHUB_CLIENT_CONFIRMATION_OK"
17865,10419133337,10419133373,1,"IOTHUB_CLIENT_CONFIRMATION_OK"
17866,10419133537,10419133581,1,"IOTHUB_CLIENT_CONFIRMATION_OK"
17867,10419133737,10419133787,1,"IOTHUB_CLIENT_CONFIRMATION_OK"
17868,10419133937,10419133981,1,"IOTHUB_CLIENT_CONFIRMATION_OK"
17869,10419134138,10419134299,1,"IOTHUB_CLIENT_CONFIRMATION_OK"
17870,10419134338,10419134368,1,"IOTHUB_CLIENT_CONFIRMATION_OK"
17871,10419134538,10419134577,1,"IOTHUB_CLIENT_CONFIRMATION_OK"
17872,10419134738,10419134775,1,"IOTHUB_CLIENT_CONFIRMATION_OK"
17873,10419134938,10419135097,1,"IOTHUB_CLIENT_CONFIRMATION_OK"
17874,10419135138,10419135171,1,"IOTHUB_CLIENT_CONFIRMATION_OK"
17875,10419135338,10419135370,1,"IOTHUB_CLIENT_CONFIRMATION_OK"
17876,10419135539,10419135578,1,"IOTHUB_CLIENT_CONFIRMATION_OK"
17877,10419135739,10419135776,1,"IOTHUB_CLIENT_CONFIRMATION_OK"
17878,10419135939,10419135985,1,"IOTHUB_CLIENT_CONFIRMATION_OK"
17879,10419136139,10419136180,1,"IOTHUB_CLIENT_CONFIRMATION_OK"
17880,10419136339,10419136390,1,"IOTHUB_CLIENT_CONFIRMATION_OK"
17881,10419136539,10419136582,1,"IOTHUB_CLIENT_CONFIRMATION_OK"
17882,10419136740,10419136795,1,"IOTHUB_CLIENT_CONFIRMATION_OK"
17883,10419136940,10419136990,1,"IOTHUB_CLIENT_CONFIRMATION_OK"
17884,10419137140,10419137170,1,"IOTHUB_CLIENT_CONFIRMATION_OK"
17885,10419137340,10419137374,1,"IOTHUB_CLIENT_CONFIRMATION_OK"
17886,10419137540,10419137574,1,"IOTHUB_CLIENT_CONFIRMATION_OK"
17887,10419137740,10419137774,1,"IOTHUB_CLIENT_CONFIRMATION_OK"
17888,10419137940,10419137986,1,"IOTHUB_CLIENT_CONFIRMATION_OK"
17889,10419138141,10419138177,1,"IOTHUB_CLIENT_CONFIRMATION_OK"
17890,10419138341,10419138393,1,"IOTHUB_CLIENT_CONFIRMATION_OK"
17891,10419138541,10419138589,1,"IOTHUB_CLIENT_CONFIRMATION_OK"
17892,10419138741,10419138997,1,"IOTHUB_CLIENT_CONFIRMATION_OK"
17893,10419138941,10419139045,1,"IOTHUB_CLIENT_CONFIRMATION_OK"
17894,10419139141,10419139180,1,"IOTHUB_CLIENT_CONFIRMATION_OK"
17895,10419139342,10419139375,1,"IOTHUB_CLIENT_CONFIRMATION_OK"
17896,10419139542,10419139614,1,"IOTHUB_CLIENT_CONFIRMATION_OK"
17897,10419139742,10419139791,1,"IOTHUB_CLIENT_CONFIRMATION_OK"
17898,10419139942,10419139977,1,"IOTHUB_CLIENT_CONFIRMATION_OK"
17899,10419140142,10419140190,1,"IOTHUB_CLIENT_CONFIRMATION_OK"
17900,10419140342,10419140430,1,"IOTHUB_CLIENT_CONFIRMATION_OK"
17901,10419140543,10419140580,1,"IOTHUB_CLIENT_CONFIRMATION_OK"
17902,10419140743,10419140783,1,"IOTHUB_CLIENT_CONFIRMATION_OK"
17903,10419140943,10419141028,1,"IOTHUB_CLIENT_CONFIRMATION_OK"
17904,10419141143,10419141242,1,"IOTHUB_CLIENT_CONFIRMATION_OK"
17905,10419141343,10419141377,1,"IOTHUB_CLIENT_CONFIRMATION_OK"
17906,10419141543,10419141574,1,"IOTHUB_CLIENT_CONFIRMATION_OK"
17907,10419141743,10419141793,1,"IOTHUB_CLIENT_CONFIRMATION_OK"
17908,10419141944,10419142013,1,"IOTHUB_CLIENT_CONFIRMATION_OK"
17909,10419142144,10419142179,1,"IOTHUB_CLIENT_CONFIRMATION_OK"
17910,10419142344,10419142388,1,"IOTHUB_CLIENT_CONFIRMATION_OK"
17911,10419142544,10419142589,1,"IOTHUB_CLIENT_CONFIRMATION_OK"
17912,10419142744,10419142793,1,"IOTHUB_CLIENT_CONFIRMATION_OK"
17913,10419142944,10419142997,1,"IOTHUB_CLIENT_CONFIRMATION_OK"
17914,10419143144,10419143180,1,"IOTHUB_CLIENT_CONFIRMATION_OK"
17915,10419143344,10419143376,1,"IOTHUB_CLIENT_CONFIRMATION_OK"
17916,10419143545,10419143597,1,"IOTHUB_CLIENT_CONFIRMATION_OK"
17917,10419143745,10419143776,1,"IOTHUB_CLIENT_CONFIRMATION_OK"
17918,10419143945,10419143979,1,"IOTHUB_CLIENT_CONFIRMATION_OK"
17919,10419144145,10419144355,1,"IOTHUB_CLIENT_CONFIRMATION_OK"
17920,10419144345,10419144381,1,"IOTHUB_CLIENT_CONFIRMATION_OK"
17921,10419144545,10419144586,1,"IOTHUB_CLIENT_CONFIRMATION_OK"
17922,10419144745,10419144787,1,"IOTHUB_CLIENT_CONFIRMATION_OK"
17923,10419144946,10419144998,1,"IOTHUB_CLIENT_CONFIRMATION_OK"
17924,10419145146,10419145175,1,"IOTHUB_CLIENT_CONFIRMATION_OK"
17925,10419145346,10419145387,1,"IOTHUB_CLIENT_CONFIRMATION_OK"
17926,10419145546,10419145580,1,"IOTHUB_CLIENT_CONFIRMATION_OK"
17927,10419145746,10419145781,1,"IOTHUB_CLIENT_CONFIRMATION_OK"
17928,10419145946,10419145980,1,"IOTHUB_CLIENT_CONFIRMATION_OK"
17929,10419146147,10419146181,1,"IOTHUB_CLIENT_CONFIRMATION_OK"
17930,10419146347,10419146383,1,"IOTHUB_CLIENT_CONFIRMATION_OK"
17931,10419146547,10419146670,1,"IOTHUB_CLIENT_CONFIRMATION_OK"
17932,10419146747,10419146820,1,"IOTHUB_CLIENT_CONFIRMATION_OK"
17933,10419146947,10419146983,1,"IOTHUB_CLIENT_CONFIRMATION_OK"
17934,10419147147,10419147197,1,"IOTHUB_CLIENT_CONFIRMATION_OK"
17935,10419147348,10419147398,1,"IOTHUB_CLIENT_CONFIRMATION_OK"
17936,10419147548,10419147578,1,"IOTHUB_CLIENT_CONFIRMATION_OK"
17937,10419147748,10419147797,1,"IOTHUB_CLIENT_CONFIRMATION_OK"
17938,10419147948,10419147983,1,"IOTHUB_CLIENT_CONFIRMATION_OK"
17939,10419148148,10419148195,1,"IOTHUB_CLIENT_CONFIRMATION_OK"
17940,10419148348,10419148398,1,"IOTHUB_CLIENT_CONFIRMATION_OK"
17941,10419148548,10419148615,1,"IOTHUB_CLIENT_CONFIRMATION_OK"
17942,10419148749,10419148845,1,"IOTHUB_CLIENT_CONFIRMATION_OK"
17943,10419148949,10419148988,1,"IOTHUB_CLIENT_CONFIRMATION_OK"
17944,10419149149,10419149181,1,"IOTHUB_CLIENT_CONFIRMATION_OK"
17945,10419149349,10419149393,1,"IOTHUB_CLIENT_CONFIRMATION_OK"
17946,10419149549,10419149667,1,"IOTHUB_CLIENT_CONFIRMATION_OK"
17947,10419149749,10419149792,1,"IOTHUB_CLIENT_CONFIRMATION_OK"
17948,10419149950,10419149985,1,"IOTHUB_CLIENT_CONFIRMATION_OK"
17949,10419150150,10419150192,1,"IOTHUB_CLIENT_CONFIRMATION_OK"
17950,10419150350,10419150474,1,"IOTHUB_CLIENT_CONFIRMATION_OK"
17951,10419150550,10419150603,1,"IOTHUB_CLIENT_CONFIRMATION_OK"
17952,10419150750,10419150786,1,"IOTHUB_CLIENT_CONFIRMATION_OK"
17953,10419150950,10419150997,1,"IOTHUB_CLIENT_CONFIRMATION_OK"
17954,10419151150,10419151188,1,"IOTHUB_CLIENT_CONFIRMATION_OK"
17955,10419151351,10419151382,1,"IOTHUB_CLIENT_CONFIRMATION_OK"
17956,10419151551,10419151582,1,"IOTHUB_CLIENT_CONFIRMATION_OK"
17957,10419151751,10419151795,1,"IOTHUB_CLIENT_CONFIRMATION_OK"
17958,10419151951,10419152011,1,"IOTHUB_CLIENT_CONFIRMATION_OK"
17959,10419152151,10419152193,1,"IOTHUB_CLIENT_CONFIRMATION_OK"
17960,10419152351,10419152397,1,"IOTHUB_CLIENT_CONFIRMATION_OK"
17961,10419152551,10419152596,1,"IOTHUB_CLIENT_CONFIRMATION_OK"
17962,10419152752,10419152798,1,"IOTHUB_CLIENT_CONFIRMATION_OK"
17963,10419152952,10419153005,1,"IOTHUB_CLIENT_CONFIRMATION_OK"
17964,10419153152,10419153194,1,"IOTHUB_CLIENT_CONFIRMATION_OK"
17965,10419153352,10419153387,1,"IOTHUB_CLIENT_CONFIRMATION_OK"
17966,10419153552,10419153619,1,"IOTHUB_CLIENT_CONFIRMATION_OK"
17967,10419153752,10419153806,1,"IOTHUB_CLIENT_CONFIRMATION_OK"
17968,10419153953,10419153992,1,"IOTHUB_CLIENT_CONFIRMATION_OK"
17969,10419154153,10419154191,1,"IOTHUB_CLIENT_CONFIRMATION_OK"
17970,10419154353,10419154389,1,"IOTHUB_CLIENT_CONFIRMATION_OK"
17971,10419154553,10419154586,1,"IOTHUB_CLIENT_CONFIRMATION_OK"
17972,10419154753,10419154823,1,"IOTHUB_CLIENT_CONFIRMATION_OK"
17973,10419154953,10419155009,1,"IOTHUB_CLIENT_CONFIRMATION_OK"
17974,10419155153,10419155191,1,"IOTHUB_CLIENT_CONFIRMATION_OK"
17975,10419155354,10419155408,1,"IOTHUB_CLIENT_CONFIRMATION_OK"
17976,10419155554,10419155608,1,"IOTHUB_CLIENT_CONFIRMATION_OK"
17977,10419155754,10419155794,1,"IOTHUB_CLIENT_CONFIRMATION_OK"
17978,10419155954,10419155991,1,"IOTHUB_CLIENT_CONFIRMATION_OK"
17979,10419156154,10419156189,1,"IOTHUB_CLIENT_CONFIRMATION_OK"
17980,10419156354,10419156390,1,"IOTHUB_CLIENT_CONFIRMATION_OK"
17981,10419156554,10419156600,1,"IOTHUB_CLIENT_CONFIRMATION_OK"
17982,10419156755,10419156796,1,"IOTHUB_CLIENT_CONFIRMATION_OK"
17983,10419156955,10419157001,1,"IOTHUB_CLIENT_CONFIRMATION_OK"
17984,10419157155,10419157189,1,"IOTHUB_CLIENT_CONFIRMATION_OK"
17985,10419157355,10419157456,1,"IOTHUB_CLIENT_CONFIRMATION_OK"
17986,10419157555,10419157590,1,"IOTHUB_CLIENT_CONFIRMATION_OK"
17987,10419157755,10419157787,1,"IOTHUB_CLIENT_CONFIRMATION_OK"
17988,10419157956,10419157987,1,"IOTHUB_CLIENT_CONFIRMATION_OK"
17989,10419158156,10419158191,1,"IOTHUB_CLIENT_CONFIRMATION_OK"
17990,10419158356,10419158394,1,"IOTHUB_CLIENT_CONFIRMATION_OK"
17991,10419158556,10419158587,1,"IOTHUB_CLIENT_CONFIRMATION_OK"
17992,10419158756,10419158841,1,"IOTHUB_CLIENT_CONFIRMATION_OK"
17993,10419158956,10419158993,1,"IOTHUB_CLIENT_CONFIRMATION_OK"
17994,10419159156,10419159197,1,"IOTHUB_CLIENT_CONFIRMATION_OK"
17995,10419159357,10419159406,1,"IOTHUB_CLIENT_CONFIRMATION_OK"
17996,10419159557,10419159665,1,"IOTHUB_CLIENT_CONFIRMATION_OK"
17997,10419159757,10419159813,1,"IOTHUB_CLIENT_CONFIRMATION_OK"
17998,10419159957,10419159993,1,"IOTHUB_CLIENT_CONFIRMATION_OK"
17999,10419160157,10419160196,1,"IOTHUB_CLIENT_CONFIRMATION_OK"
18000,10419160357,10419160395,1,"IOTHUB_CLIENT_CONFIRMATION_OK"
18001,10419160557,10419160597,1,"IOTHUB_CLIENT_CONFIRMATION_OK"
18002,10419160758,10419160815,1,"IOTHUB_CLIENT_CONFIRMATION_OK"
18003,10419160958,10419161008,1,"IOTHUB_CLIENT_CONFIRMATION_OK"
18004,10419161158,10419161212,1,"IOTHUB_CLIENT_CONFIRMATION_OK"
18005,10419161358,10419161402,1,"IOTHUB_CLIENT_CONFIRMATION_OK"
18006,10419161558,10419161608,1,"IOTHUB_CLIENT_CONFIRMATION_OK"
18007,10419161758,10419161817,1,"IOTHUB_CLIENT_CONFIRMATION_OK"
18008,10419161959,10419162041,1,"IOTHUB_CLIENT_CONFIRMATION_OK"
18009,10419162159,10419162213,1,"IOTHUB_CLIENT_CONFIRMATION_OK"
18010,10419162359,10419162392,1,"IOTHUB_CLIENT_CONFIRMATION_OK"
18011,10419162559,10419162595,1,"IOTHUB_CLIENT_CONFIRMATION_OK"
18012,10419162759,10419162797,1,"IOTHUB_CLIENT_CONFIRMATION_OK"
18013,10419162959,10419163015,1,"IOTHUB_CLIENT_CONFIRMATION_OK"
18014,10419163159,10419163193,1,"IOTHUB_CLIENT_CONFIRMATION_OK"
18015,10419163360,10419163393,1,"IOTHUB_CLIENT_CONFIRMATION_OK"
18016,10419163560,10419163638,1,"IOTHUB_CLIENT_CONFIRMATION_OK"
18017,10419163760,10419163817,1,"IOTHUB_CLIENT_CONFIRMATION_OK"
18018,10419163960,10419163990,1,"IOTHUB_CLIENT_CONFIRMATION_OK"
18019,10419164160,10419164287,1,"IOTHUB_CLIENT_CONFIRMATION_OK"
18020,10419164360,10419164415,1,"IOTHUB_CLIENT_CONFIRMATION_OK"
18021,10419164561,10419164590,1,"IOTHUB_CLIENT_CONFIRMATION_OK"
18022,10419164761,10419164798,1,"IOTHUB_CLIENT_CONFIRMATION_OK"
18023,10419164961,10419165102,1,"IOTHUB_CLIENT_CONFIRMATION_OK"
18024,10419165161,10419165204,1,"IOTHUB_CLIENT_CONFIRMATION_OK"
18025,10419165361,10419165400,1,"IOTHUB_CLIENT_CONFIRMATION_OK"
18026,10419165561,10419165604,1,"IOTHUB_CLIENT_CONFIRMATION_OK"
18027,10419165761,10419165853,1,"IOTHUB_CLIENT_CONFIRMATION_OK"
18028,10419165962,10419165997,1,"IOTHUB_CLIENT_CONFIRMATION_OK"
18029,10419166162,10419166213,1,"IOTHUB_CLIENT_CONFIRMATION_OK"
18030,10419166362,10419166399,1,"IOTHUB_CLIENT_CONFIRMATION_OK"
18031,10419166562,10419166596,1,"IOTHUB_CLIENT_CONFIRMATION_OK"
18032,10419166762,10419166868,1,"IOTHUB_CLIENT_CONFIRMATION_OK"
18033,10419166962,10419166997,1,"IOTHUB_CLIENT_CONFIRMATION_OK"
18034,10419167163,10419167191,1,"IOTHUB_CLIENT_CONFIRMATION_OK"
18035,10419167363,10419167399,1,"IOTHUB_CLIENT_CONFIRMATION_OK"
18036,10419167563,10419167596,1,"IOTHUB_CLIENT_CONFIRMATION_OK"
18037,10419167763,10419167803,1,"IOTHUB_CLIENT_CONFIRMATION_OK"
18038,10419167963,10419168005,1,"IOTHUB_CLIENT_CONFIRMATION_OK"
18039,10419168163,10419168202,1,"IOTHUB_CLIENT_CONFIRMATION_OK"
18040,10419168363,10419168431,1,"IOTHUB_CLIENT_CONFIRMATION_OK"
18041,10419168564,10419168619,1,"IOTHUB_CLIENT_CONFIRMATION_OK"
18042,10419168764,10419168930,1,"IOTHUB_CLIENT_CONFIRMATION_OK"
18043,10419168964,10419169002,1,"IOTHUB_CLIENT_CONFIRMATION_OK"
18044,10419169164,10419169206,1,"IOTHUB_CLIENT_CONFIRMATION_OK"
18045,10419169364,10419169401,1,"IOTHUB_CLIENT_CONFIRMATION_OK"
18046,10419169564,10419169613,1,"IOTHUB_CLIENT_CONFIRMATION_OK"
18047,10419169765,10419169809,1,"IOTHUB_CLIENT_CONFIRMATION_OK"
18048,10419169965,10419170022,1,"IOTHUB_CLIENT_CONFIRMATION_OK"
18049,10419170165,10419170205,1,"IOTHUB_CLIENT_CONFIRMATION_OK"
18050,10419170365,10419170402,1,"IOTHUB_CLIENT_CONFIRMATION_OK"
18051,10419170565,10419170599,1,"IOTHUB_CLIENT_CONFIRMATION_OK"
18052,10419170765,10419170802,1,"IOTHUB_CLIENT_CONFIRMATION_OK"
18053,10419170965,10419171000,1,"IOTHUB_CLIENT_CONFIRMATION_OK"
18054,10419171166,10419171205,1,"IOTHUB_CLIENT_CONFIRMATION_OK"
18055,10419171366,10419171409,1,"IOTHUB_CLIENT_CONFIRMATION_OK"
18056,10419171566,10419171603,1,"IOTHUB_CLIENT_CONFIRMATION_OK"
18057,10419171766,10419171796,1,"IOTHUB_CLIENT_CONFIRMATION_OK"
18058,10419171966,10419172010,1,"IOTHUB_CLIENT_CONFIRMATION_OK"
18059,10419172166,10419172225,1,"IOTHUB_CLIENT_CONFIRMATION_OK"
18060,10419172366,10419172414,1,"IOTHUB_CLIENT_CONFIRMATION_OK"
18061,10419172567,10419172605,1,"IOTHUB_CLIENT_CONFIRMATION_OK"
18062,10419172767,10419172799,1,"IOTHUB_CLIENT_CONFIRMATION_OK"
18063,10419172967,10419173004,1,"IOTHUB_CLIENT_CONFIRMATION_OK"
18064,10419173167,10419173199,1,"IOTHUB_CLIENT_CONFIRMATION_OK"
18065,10419173367,10419173412,1,"IOTHUB_CLIENT_CONFIRMATION_OK"
18066,10419173567,10419173627,1,"IOTHUB_CLIENT_CONFIRMATION_OK"
18067,10419173768,10419173802,1,"IOTHUB_CLIENT_CONFIRMATION_OK"
18068,10419173968,10419174010,1,"IOTHUB_CLIENT_CONFIRMATION_OK"
18069,10419174168,10419174287,1,"IOTHUB_CLIENT_CONFIRMATION_OK"
18070,10419174368,10419174400,1,"IOTHUB_CLIENT_CONFIRMATION_OK"
18071,10419174568,10419174628,1,"IOTHUB_CLIENT_CONFIRMATION_OK"
18072,10419174768,10419174799,1,"IOTHUB_CLIENT_CONFIRMATION_OK"
18073,10419174968,10419175057,1,"IOTHUB_CLIENT_CONFIRMATION_OK"
18074,10419175169,10419175202,1,"IOTHUB_CLIENT_CONFIRMATION_OK"
18075,10419175369,10419175404,1,"IOTHUB_CLIENT_CONFIRMATION_OK"
18076,10419175569,10419175615,1,"IOTHUB_CLIENT_CONFIRMATION_OK"
18077,10419175769,10419175808,1,"IOTHUB_CLIENT_CONFIRMATION_OK"
18078,10419175969,10419176011,1,"IOTHUB_CLIENT_CONFIRMATION_OK"
18079,10419176169,10419176207,1,"IOTHUB_CLIENT_CONFIRMATION_OK"
18080,10419176370,10419176446,1,"IOTHUB_CLIENT_CONFIRMATION_OK"
18081,10419176570,10419176612,1,"IOTHUB_CLIENT_CONFIRMATION_OK"
18082,10419176770,10419176810,1,"IOTHUB_CLIENT_CONFIRMATION_OK"
18083,10419176970,10419177008,1,"IOTHUB_CLIENT_CONFIRMATION_OK"
18084,10419177170,10419177214,1,"IOTHUB_CLIENT_CONFIRMATION_OK"
18085,10419177370,10419177409,1,"IOTHUB_CLIENT_CONFIRMATION_OK"
18086,10419177570,10419177604,1,"IOTHUB_CLIENT_CONFIRMATION_OK"
18087,10419177771,10419177811,1,"IOTHUB_CLIENT_CONFIRMATION_OK"
18088,10419177971,10419178009,1,"IOTHUB_CLIENT_CONFIRMATION_OK"
18089,10419178171,10419178211,1,"IOTHUB_CLIENT_CONFIRMATION_OK"
18090,10419178371,10419178428,1,"IOTHUB_CLIENT_CONFIRMATION_OK"
18091,10419178571,10419178610,1,"IOTHUB_CLIENT_CONFIRMATION_OK"
18092,10419178771,10419178853,1,"IOTHUB_CLIENT_CONFIRMATION_OK"
18093,10419178972,10419179004,1,"IOTHUB_CLIENT_CONFIRMATION_OK"
18094,10419179172,10419179201,1,"IOTHUB_CLIENT_CONFIRMATION_OK"
18095,10419179372,10419179415,1,"IOTHUB_CLIENT_CONFIRMATION_OK"
18096,10419179572,10419179631,1,"IOTHUB_CLIENT_CONFIRMATION_OK"
18097,10419179772,10419179807,1,"IOTHUB_CLIENT_CONFIRMATION_OK"
18098,10419179972,10419180014,1,"IOTHUB_CLIENT_CONFIRMATION_OK"
18099,10419180172,10419180229,1,"IOTHUB_CLIENT_CONFIRMATION_OK"
18100,10419180373,10419180446,1,"IOTHUB_CLIENT_CONFIRMATION_OK"
18101,10419180573,10419180620,1,"IOTHUB_CLIENT_CONFIRMATION_OK"
18102,10419180773,10419180850,1,"IOTHUB_CLIENT_CONFIRMATION_OK"
18103,10419180973,10419181008,1,"IOTHUB_CLIENT_CONFIRMATION_OK"
18104,10419181173,10419181210,1,"IOTHUB_CLIENT_CONFIRMATION_OK"
18105,10419181374,10419181412,1,"IOTHUB_CLIENT_CONFIRMATION_OK"
18106,10419181574,10419181605,1,"IOTHUB_CLIENT_CONFIRMATION_OK"
18107,10419181774,10419181849,1,"IOTHUB_CLIENT_CONFIRMATION_OK"
18108,10419181974,10419182011,1,"IOTHUB_CLIENT_CONFIRMATION_OK"
18109,10419182174,10419182205,1,"IOTHUB_CLIENT_CONFIRMATION_OK"
18110,10419182374,10419182419,1,"IOTHUB_CLIENT_CONFIRMATION_OK"
18111,10419182574,10419182702,1,"IOTHUB_CLIENT_CONFIRMATION_OK"
18112,10419182775,10419182811,1,"IOTHUB_CLIENT_CONFIRMATION_OK"
18113,10419182975,10419183014,1,"IOTHUB_CLIENT_CONFIRMATION_OK"
18114,10419183175,10419183242,1,"IOTHUB_CLIENT_CONFIRMATION_OK"
18115,10419183375,10419183493,1,"IOTHUB_CLIENT_CONFIRMATION_OK"
18116,10419183575,10419183621,1,"IOTHUB_CLIENT_CONFIRMATION_OK"
18117,10419183775,10419183831,1,"IOTHUB_CLIENT_CONFIRMATION_OK"
18118,10419183975,10419184008,1,"IOTHUB_CLIENT_CONFIRMATION_OK"
18119,10419184176,10419184207,1,"IOTHUB_CLIENT_CONFIRMATION_OK"
18120,10419184376,10419184422,1,"IOTHUB_CLIENT_CONFIRMATION_OK"
18121,10419184576,10419184621,1,"IOTHUB_CLIENT_CONFIRMATION_OK"
18122,10419184776,10419184821,1,"IOTHUB_CLIENT_CONFIRMATION_OK"
18123,10419184976,10419185026,1,"IOTHUB_CLIENT_CONFIRMATION_OK"
18124,10419185176,10419185219,1,"IOTHUB_CLIENT_CONFIRMATION_OK"
18125,10419185376,10419185410,1,"IOTHUB_CLIENT_CONFIRMATION_OK"
18126,10419185577,10419185620,1,"IOTHUB_CLIENT_CONFIRMATION_OK"
18127,10419185777,10419185880,1,"IOTHUB_CLIENT_CONFIRMATION_OK"
18128,10419185977,10419186015,1,"IOTHUB_CLIENT_CONFIRMATION_OK"
18129,10419186177,10419186231,1,"IOTHUB_CLIENT_CONFIRMATION_OK"
18130,10419186377,10419186414,1,"IOTHUB_CLIENT_CONFIRMATION_OK"
18131,10419186577,10419186632,1,"IOTHUB_CLIENT_CONFIRMATION_OK"
18132,10419186778,10419186810,1,"IOTHUB_CLIENT_CONFIRMATION_OK"
18133,10419186978,10419187010,1,"IOTHUB_CLIENT_CONFIRMATION_OK"
18134,10419187178,10419187361,1,"IOTHUB_CLIENT_CONFIRMATION_OK"
18135,10419187378,10419187412,1,"IOTHUB_CLIENT_CONFIRMATION_OK"
18136,10419187578,10419187614,1,"IOTHUB_CLIENT_CONFIRMATION_OK"
18137,10419187778,10419187824,1,"IOTHUB_CLIENT_CONFIRMATION_OK"
18138,10419187978,10419188062,1,"IOTHUB_CLIENT_CONFIRMATION_OK"
18139,10419188179,10419188231,1,"IOTHUB_CLIENT_CONFIRMATION_OK"
18140,10419188379,10419188427,1,"IOTHUB_CLIENT_CONFIRMATION_OK"
18141,10419188579,10419188628,1,"IOTHUB_CLIENT_CONFIRMATION_OK"
18142,10419188779,10419188954,1,"IOTHUB_CLIENT_CONFIRMATION_OK"
18143,10419188979,10419189031,1,"IOTHUB_CLIENT_CONFIRMATION_OK"
18144,10419189179,10419189246,1,"IOTHUB_CLIENT_CONFIRMATION_OK"
18145,10419189379,10419189421,1,"IOTHUB_CLIENT_CONFIRMATION_OK"
18146,10419189580,10419189637,1,"IOTHUB_CLIENT_CONFIRMATION_OK"
18147,10419189780,10419189813,1,"IOTHUB_CLIENT_CONFIRMATION_OK"
18148,10419189980,10419190012,1,"IOTHUB_CLIENT_CONFIRMATION_OK"
18149,10419190180,10419190220,1,"IOTHUB_CLIENT_CONFIRMATION_OK"
18150,10419190380,10419190434,1,"IOTHUB_CLIENT_CONFIRMATION_OK"
18151,10419190580,10419190630,1,"IOTHUB_CLIENT_CONFIRMATION_OK"
18152,10419190781,10419190830,1,"IOTHUB_CLIENT_CONFIRMATION_OK"
18153,10419190981,10419191023,1,"IOTHUB_CLIENT_CONFIRMATION_OK"
18154,10419191181,10419191252,1,"IOTHUB_CLIENT_CONFIRMATION_OK"
18155,10419191381,10419191418,1,"IOTHUB_CLIENT_CONFIRMATION_OK"
18156,10419191581,10419191619,1,"IOTHUB_CLIENT_CONFIRMATION_OK"
18157,10419191781,10419191820,1,"IOTHUB_CLIENT_CONFIRMATION_OK"
18158,10419191981,10419192010,1,"IOTHUB_CLIENT_CONFIRMATION_OK"
18159,10419192182,10419192228,1,"IOTHUB_CLIENT_CONFIRMATION_OK"
18160,10419192382,10419192433,1,"IOTHUB_CLIENT_CONFIRMATION_OK"
18161,10419192582,10419192643,1,"IOTHUB_CLIENT_CONFIRMATION_OK"
18162,10419192782,10419192818,1,"IOTHUB_CLIENT_CONFIRMATION_OK"
18163,10419192982,10419193024,1,"IOTHUB_CLIENT_CONFIRMATION_OK"
18164,10419193182,10419193226,1,"IOTHUB_CLIENT_CONFIRMATION_OK"
18165,10419193382,10419193449,1,"IOTHUB_CLIENT_CONFIRMATION_OK"
18166,10419193583,10419193631,1,"IOTHUB_CLIENT_CONFIRMATION_OK"
18167,10419193783,10419193823,1,"IOTHUB_CLIENT_CONFIRMATION_OK"
18168,10419193983,10419194059,1,"IOTHUB_CLIENT_CONFIRMATION_OK"
18169,10419194183,10419194262,1,"IOTHUB_CLIENT_CONFIRMATION_OK"
18170,10419194383,10419194441,1,"IOTHUB_CLIENT_CONFIRMATION_OK"
18171,10419194583,10419194661,1,"IOTHUB_CLIENT_CONFIRMATION_OK"
18172,10419194784,10419194839,1,"IOTHUB_CLIENT_CONFIRMATION_OK"
18173,10419194984,10419195017,1,"IOTHUB_CLIENT_CONFIRMATION_OK"
18174,10419195184,10419195229,1,"IOTHUB_CLIENT_CONFIRMATION_OK"
18175,10419195384,10419195418,1,"IOTHUB_CLIENT_CONFIRMATION_OK"
18176,10419195584,10419195660,1,"IOTHUB_CLIENT_CONFIRMATION_OK"
18177,10419195784,10419195851,1,"IOTHUB_CLIENT_CONFIRMATION_OK"
18178,10419195984,10419196031,1,"IOTHUB_CLIENT_CONFIRMATION_OK"
18179,10419196185,10419196238,1,"IOTHUB_CLIENT_CONFIRMATION_OK"
18180,10419196385,10419196485,1,"IOTHUB_CLIENT_CONFIRMATION_OK"
18181,10419196585,10419196622,1,"IOTHUB_CLIENT_CONFIRMATION_OK"
18182,10419196785,10419196839,1,"IOTHUB_CLIENT_CONFIRMATION_OK"
18183,10419196985,10419197032,1,"IOTHUB_CLIENT_CONFIRMATION_OK"
18184,10419197185,10419197312,1,"IOTHUB_CLIENT_CONFIRMATION_OK"
18185,10419197385,10419197425,1,"IOTHUB_CLIENT_CONFIRMATION_OK"
18186,10419197586,10419197640,1,"IOTHUB_CLIENT_CONFIRMATION_OK"
18187,10419197786,10419197819,1,"IOTHUB_CLIENT_CONFIRMATION_OK"
18188,10419197986,10419198140,1,"IOTHUB_CLIENT_CONFIRMATION_OK"
18189,10419198186,10419198239,1,"IOTHUB_CLIENT_CONFIRMATION_OK"
18190,10419198386,10419198428,1,"IOTHUB_CLIENT_CONFIRMATION_OK"
18191,10419198586,10419198634,1,"IOTHUB_CLIENT_CONFIRMATION_OK"
18192,10419198787,10419198839,1,"IOTHUB_CLIENT_CONFIRMATION_OK"
18193,10419198987,10419199041,1,"IOTHUB_CLIENT_CONFIRMATION_OK"
18194,10419199187,10419199251,1,"IOTHUB_CLIENT_CONFIRMATION_OK"
18195,10419199387,10419199460,1,"IOTHUB_CLIENT_CONFIRMATION_OK"
18196,10419199587,10419199618,1,"IOTHUB_CLIENT_CONFIRMATION_OK"
18197,10419199787,10419199828,1,"IOTHUB_CLIENT_CONFIRMATION_OK"
18198,10419199987,10419200022,1,"IOTHUB_CLIENT_CONFIRMATION_OK"
18199,10419200188,10419200231,1,"IOTHUB_CLIENT_CONFIRMATION_OK"
18200,10419200388,10419200516,1,"IOTHUB_CLIENT_CONFIRMATION_OK"
18201,10419200588,10419200621,1,"IOTHUB_CLIENT_CONFIRMATION_OK"
18202,10419200788,10419200831,1,"IOTHUB_CLIENT_CONFIRMATION_OK"
18203,10419200988,10419201034,1,"IOTHUB_CLIENT_CONFIRMATION_OK"
18204,10419201188,10419201354,1,"IOTHUB_CLIENT_CONFIRMATION_OK"
18205,10419201389,10419201433,1,"IOTHUB_CLIENT_CONFIRMATION_OK"
18206,10419201589,10419201640,1,"IOTHUB_CLIENT_CONFIRMATION_OK"
18207,10419201789,10419201820,1,"IOTHUB_CLIENT_CONFIRMATION_OK"
18208,10419201989,10419202035,1,"IOTHUB_CLIENT_CONFIRMATION_OK"
18209,10419202189,10419202230,1,"IOTHUB_CLIENT_CONFIRMATION_OK"
18210,10419202389,10419202425,1,"IOTHUB_CLIENT_CONFIRMATION_OK"
18211,10419202589,10419202631,1,"IOTHUB_CLIENT_CONFIRMATION_OK"
18212,10419202790,10419202836,1,"IOTHUB_CLIENT_CONFIRMATION_OK"
18213,10419202990,10419203032,1,"IOTHUB_CLIENT_CONFIRMATION_OK"
18214,10419203190,10419203234,1,"IOTHUB_CLIENT_CONFIRMATION_OK"
18215,10419203390,10419203467,1,"IOTHUB_CLIENT_CONFIRMATION_OK"
18216,10419203590,10419203690,1,"IOTHUB_CLIENT_CONFIRMATION_OK"
18217,10419203790,10419203838,1,"IOTHUB_CLIENT_CONFIRMATION_OK"
18218,10419203990,10419204040,1,"IOTHUB_CLIENT_CONFIRMATION_OK"
18219,10419204191,10419204234,1,"IOTHUB_CLIENT_CONFIRMATION_OK"
18220,10419204391,10419204429,1,"IOTHUB_CLIENT_CONFIRMATION_OK"
18221,10419204591,10419204622,1,"IOTHUB_CLIENT_CONFIRMATION_OK"
18222,10419204791,10419204830,1,"IOTHUB_CLIENT_CONFIRMATION_OK"
18223,10419204991,10419205054,1,"IOTHUB_CLIENT_CONFIRMATION_OK"
18224,10419205191,10419205242,1,"IOTHUB_CLIENT_CONFIRMATION_OK"
18225,10419205392,10419205425,1,"IOTHUB_CLIENT_CONFIRMATION_OK"
18226,10419205592,10419205637,1,"IOTHUB_CLIENT_CONFIRMATION_OK"
18227,10419205792,10419205831,1,"IOTHUB_CLIENT_CONFIRMATION_OK"
18228,10419205992,10419206037,1,"IOTHUB_CLIENT_CONFIRMATION_OK"
18229,10419206192,10419206233,1,"IOTHUB_CLIENT_CONFIRMATION_OK"
18230,10419206392,10419206458,1,"IOTHUB_CLIENT_CONFIRMATION_OK"
18231,10419206592,10419206624,1,"IOTHUB_CLIENT_CONFIRMATION_OK"
18232,10419206793,10419206842,1,"IOTHUB_CLIENT_CONFIRMATION_OK"
18233,10419206993,10419207026,1,"IOTHUB_CLIENT_CONFIRMATION_OK"
18234,10419207193,10419207289,1,"IOTHUB_CLIENT_CONFIRMATION_OK"
18235,10419207393,10419207431,1,"IOTHUB_CLIENT_CONFIRMATION_OK"
18236,10419207593,10419207625,1,"IOTHUB_CLIENT_CONFIRMATION_OK"
18237,10419207793,10419207851,1,"IOTHUB_CLIENT_CONFIRMATION_OK"
18238,10419207993,10419208099,1,"IOTHUB_CLIENT_CONFIRMATION_OK"
18239,10419208194,10419208223,1,"IOTHUB_CLIENT_CONFIRMATION_OK"
18240,10419208394,10419208426,1,"IOTHUB_CLIENT_CONFIRMATION_OK"
18241,10419208594,10419208628,1,"IOTHUB_CLIENT_CONFIRMATION_OK"
18242,10419208794,10419208828,1,"IOTHUB_CLIENT_CONFIRMATION_OK"
18243,10419208994,10419209031,1,"IOTHUB_CLIENT_CONFIRMATION_OK"
18244,10419209194,10419209248,1,"IOTHUB_CLIENT_CONFIRMATION_OK"
18245,10419209395,10419209436,1,"IOTHUB_CLIENT_CONFIRMATION_OK"
18246,10419209595,10419209641,1,"IOTHUB_CLIENT_CONFIRMATION_OK"
18247,10419209795,10419209831,1,"IOTHUB_CLIENT_CONFIRMATION_OK"
18248,10419209995,10419210027,1,"IOTHUB_CLIENT_CONFIRMATION_OK"
18249,10419210195,10419210225,1,"IOTHUB_CLIENT_CONFIRMATION_OK"
18250,10419210395,10419210433,1,"IOTHUB_CLIENT_CONFIRMATION_OK"
18251,10419210595,10419210665,1,"IOTHUB_CLIENT_CONFIRMATION_OK"
18252,10419210796,10419210833,1,"IOTHUB_CLIENT_CONFIRMATION_OK"
18253,10419210996,10419211040,1,"IOTHUB_CLIENT_CONFIRMATION_OK"
18254,10419211196,10419211232,1,"IOTHUB_CLIENT_CONFIRMATION_OK"
18255,10419211396,10419211467,1,"IOTHUB_CLIENT_CONFIRMATION_OK"
18256,10419211596,10419211636,1,"IOTHUB_CLIENT_CONFIRMATION_OK"
18257,10419211796,10419211838,1,"IOTHUB_CLIENT_CONFIRMATION_OK"
18258,10419211997,10419212038,1,"IOTHUB_CLIENT_CONFIRMATION_OK"
18259,10419212197,10419212282,1,"IOTHUB_CLIENT_CONFIRMATION_OK"
18260,10419212397,10419212430,1,"IOTHUB_CLIENT_CONFIRMATION_OK"
18261,10419212597,10419212665,1,"IOTHUB_CLIENT_CONFIRMATION_OK"
18262,10419212797,10419212831,1,"IOTHUB_CLIENT_CONFIRMATION_OK"
18263,10419212997,10419213030,1,"IOTHUB_CLIENT_CONFIRMATION_OK"
18264,10419213197,10419213235,1,"IOTHUB_CLIENT_CONFIRMATION_OK"
18265,10419213398,10419213468,1,"IOTHUB_CLIENT_CONFIRMATION_OK"
18266,10419213598,10419213648,1,"IOTHUB_CLIENT_CONFIRMATION_OK"
18267,10419213798,10419213852,1,"IOTHUB_CLIENT_CONFIRMATION_OK"
18268,10419213998,10419214037,1,"IOTHUB_CLIENT_CONFIRMATION_OK"
18269,10419214198,10419214270,1,"IOTHUB_CLIENT_CONFIRMATION_OK"
18270,10419214398,10419214443,1,"IOTHUB_CLIENT_CONFIRMATION_OK"
18271,10419214599,10419214716,1,"IOTHUB_CLIENT_CONFIRMATION_OK"
18272,10419214799,10419214840,1,"IOTHUB_CLIENT_CONFIRMATION_OK"
18273,10419214999,10419215032,1,"IOTHUB_CLIENT_CONFIRMATION_OK"
18274,10419215199,10419215235,1,"IOTHUB_CLIENT_CONFIRMATION_OK"
18275,10419215399,10419215438,1,"IOTHUB_CLIENT_CONFIRMATION_OK"
18276,10419215599,10419215701,1,"IOTHUB_CLIENT_CONFIRMATION_OK"
18277,10419215799,10419215834,1,"IOTHUB_CLIENT_CONFIRMATION_OK"
18278,10419216000,10419216043,1,"IOTHUB_CLIENT_CONFIRMATION_OK"
18279,10419216200,10419216263,1,"IOTHUB_CLIENT_CONFIRMATION_OK"
18280,10419216400,10419216512,1,"IOTHUB_CLIENT_CONFIRMATION_OK"
18281,10419216600,10419216648,1,"IOTHUB_CLIENT_CONFIRMATION_OK"
18282,10419216800,10419216840,1,"IOTHUB_CLIENT_CONFIRMATION_OK"
18283,10419217000,10419217201,1,"IOTHUB_CLIENT_CONFIRMATION_OK"
18284,10419217201,10419217232,1,"IOTHUB_CLIENT_CONFIRMATION_OK"
18285,10419217401,10419217446,1,"IOTHUB_CLIENT_CONFIRMATION_OK"
18286,10419217601,10419217632,1,"IOTHUB_CLIENT_CONFIRMATION_OK"
18287,10419217801,10419217845,1,"IOTHUB_CLIENT_CONFIRMATION_OK"
18288,10419218001,10419218042,1,"IOTHUB_CLIENT_CONFIRMATION_OK"
18289,10419218201,10419218242,1,"IOTHUB_CLIENT_CONFIRMATION_OK"
18290,10419218402,10419218432,1,"IOTHUB_CLIENT_CONFIRMATION_OK"
18291,10419218602,10419218635,1,"IOTHUB_CLIENT_CONFIRMATION_OK"
18292,10419218802,10419218843,1,"IOTHUB_CLIENT_CONFIRMATION_OK"
18293,10419219002,10419219035,1,"IOTHUB_CLIENT_CONFIRMATION_OK"
18294,10419219202,10419219288,1,"IOTHUB_CLIENT_CONFIRMATION_OK"
18295,10419219402,10419219454,1,"IOTHUB_CLIENT_CONFIRMATION_OK"
18296,10419219602,10419220074,1,"IOTHUB_CLIENT_CONFIRMATION_OK"
18297,10419219803,10419220135,1,"IOTHUB_CLIENT_CONFIRMATION_OK"
18298,10419220003,10419220202,1,"IOTHUB_CLIENT_CONFIRMATION_OK"
18299,10419220203,10419220261,1,"IOTHUB_CLIENT_CONFIRMATION_OK"
18300,10419220403,10419220450,1,"IOTHUB_CLIENT_CONFIRMATION_OK"
18301,10419220603,10419220648,1,"IOTHUB_CLIENT_CONFIRMATION_OK"
18302,10419220803,10419220833,1,"IOTHUB_CLIENT_CONFIRMATION_OK"
18303,10419221003,10419221043,1,"IOTHUB_CLIENT_CONFIRMATION_OK"
18304,10419221204,10419221247,1,"IOTHUB_CLIENT_CONFIRMATION_OK"
18305,10419221404,10419221447,1,"IOTHUB_CLIENT_CONFIRMATION_OK"
18306,10419221604,10419221643,1,"IOTHUB_CLIENT_CONFIRMATION_OK"
18307,10419221804,10419221861,1,"IOTHUB_CLIENT_CONFIRMATION_OK"
18308,10419222004,10419222051,1,"IOTHUB_CLIENT_CONFIRMATION_OK"
18309,10419222204,10419222251,1,"IOTHUB_CLIENT_CONFIRMATION_OK"
18310,10419222404,10419222436,1,"IOTHUB_CLIENT_CONFIRMATION_OK"
18311,10419222605,10419222705,1,"IOTHUB_CLIENT_CONFIRMATION_OK"
18312,10419222805,10419222843,1,"IOTHUB_CLIENT_CONFIRMATION_OK"
18313,10419223005,10419223036,1,"IOTHUB_CLIENT_CONFIRMATION_OK"
18314,10419223205,10419223257,1,"IOTHUB_CLIENT_CONFIRMATION_OK"
18315,10419223405,10419223459,1,"IOTHUB_CLIENT_CONFIRMATION_OK"
18316,10419223605,10419223638,1,"IOTHUB_CLIENT_CONFIRMATION_OK"
18317,10419223805,10419223867,1,"IOTHUB_CLIENT_CONFIRMATION_OK"
18318,10419224006,10419224080,1,"IOTHUB_CLIENT_CONFIRMATION_OK"
18319,10419224206,10419224254,1,"IOTHUB_CLIENT_CONFIRMATION_OK"
18320,10419224406,10419224441,1,"IOTHUB_CLIENT_CONFIRMATION_OK"
18321,10419224606,10419224648,1,"IOTHUB_CLIENT_CONFIRMATION_OK"
18322,10419224806,10419224906,1,"IOTHUB_CLIENT_CONFIRMATION_OK"
18323,10419225006,10419225057,1,"IOTHUB_CLIENT_CONFIRMATION_OK"
18324,10419225207,10419225251,1,"IOTHUB_CLIENT_CONFIRMATION_OK"
18325,10419225407,10419225454,1,"IOTHUB_CLIENT_CONFIRMATION_OK"
18326,10419225607,10419225720,1,"IOTHUB_CLIENT_CONFIRMATION_OK"
18327,10419225807,10419225971,1,"IOTHUB_CLIENT_CONFIRMATION_OK"
18328,10419226007,10419226082,1,"IOTHUB_CLIENT_CONFIRMATION_OK"
18329,10419226207,10419226246,1,"IOTHUB_CLIENT_CONFIRMATION_OK"
18330,10419226407,10419226445,1,"IOTHUB_CLIENT_CONFIRMATION_OK"
18331,10419226608,10419226667,1,"IOTHUB_CLIENT_CONFIRMATION_OK"
18332,10419226808,10419226865,1,"IOTHUB_CLIENT_CONFIRMATION_OK"
18333,10419227008,10419227043,1,"IOTHUB_CLIENT_CONFIRMATION_OK"
18334,10419227208,10419227248,1,"IOTHUB_CLIENT_CONFIRMATION_OK"
18335,10419227408,10419227454,1,"IOTHUB_CLIENT_CONFIRMATION_OK"
18336,10419227608,10419227642,1,"IOTHUB_CLIENT_CONFIRMATION_OK"
18337,10419227809,10419227875,1,"IOTHUB_CLIENT_CONFIRMATION_OK"
18338,10419228009,10419228055,1,"IOTHUB_CLIENT_CONFIRMATION_OK"
18339,10419228209,10419228244,1,"IOTHUB_CLIENT_CONFIRMATION_OK"
18340,10419228409,10419228478,1,"IOTHUB_CLIENT_CONFIRMATION_OK"
18341,10419228609,10419228823,1,"IOTHUB_CLIENT_CONFIRMATION_OK"
18342,10419228809,10419228853,1,"IOTHUB_CLIENT_CONFIRMATION_OK"
18343,10419229009,10419229042,1,"IOTHUB_CLIENT_CONFIRMATION_OK"
18344,10419229210,10419229441,1,"IOTHUB_CLIENT_CONFIRMATION_OK"
18345,10419229410,10419229504,1,"IOTHUB_CLIENT_CONFIRMATION_OK"
18346,10419229610,10419229658,1,"IOTHUB_CLIENT_CONFIRMATION_OK"
18347,10419229810,10419229879,1,"IOTHUB_CLIENT_CONFIRMATION_OK"
18348,10419230010,10419230056,1,"IOTHUB_CLIENT_CONFIRMATION_OK"
18349,10419230210,10419230254,1,"IOTHUB_CLIENT_CONFIRMATION_OK"
18350,10419230411,10419230454,1,"IOTHUB_CLIENT_CONFIRMATION_OK"
18351,10419230611,10419230663,1,"IOTHUB_CLIENT_CONFIRMATION_OK"
18352,10419230811,10419230857,1,"IOTHUB_CLIENT_CONFIRMATION_OK"
18353,10419231011,10419231077,1,"IOTHUB_CLIENT_CONFIRMATION_OK"
18354,10419231211,10419231245,1,"IOTHUB_CLIENT_CONFIRMATION_OK"
18355,10419231411,10419231449,1,"IOTHUB_CLIENT_CONFIRMATION_OK"
18356,10419231611,10419231694,1,"IOTHUB_CLIENT_CONFIRMATION_OK"
18357,10419231812,10419231858,1,"IOTHUB_CLIENT_CONFIRMATION_OK"
18358,10419232012,10419232046,1,"IOTHUB_CLIENT_CONFIRMATION_OK"
18359,10419232212,10419232248,1,"IOTHUB_CLIENT_CONFIRMATION_OK"
18360,10419232412,10419232444,1,"IOTHUB_CLIENT_CONFIRMATION_OK"
18361,10419232612,10419233255,1,"IOTHUB_CLIENT_CONFIRMATION_OK"
18362,10419232812,10419233312,1,"IOTHUB_CLIENT_CONFIRMATION_OK"
18363,10419233013,10419233386,1,"IOTHUB_CLIENT_CONFIRMATION_OK"
18364,10419233213,10419233503,1,"IOTHUB_CLIENT_CONFIRMATION_OK"
18365,10419233413,10419233531,1,"IOTHUB_CLIENT_CONFIRMATION_OK"
18366,10419233613,10419233647,1,"IOTHUB_CLIENT_CONFIRMATION_OK"
18367,10419233813,10419233852,1,"IOTHUB_CLIENT_CONFIRMATION_OK"
18368,10419234013,10419234102,1,"IOTHUB_CLIENT_CONFIRMATION_OK"
18369,10419234213,10419234263,1,"IOTHUB_CLIENT_CONFIRMATION_OK"
18370,10419234414,10419234452,1,"IOTHUB_CLIENT_CONFIRMATION_OK"
18371,10419234614,10419234646,1,"IOTHUB_CLIENT_CONFIRMATION_OK"
18372,10419234814,10419234924,1,"IOTHUB_CLIENT_CONFIRMATION_OK"
18373,10419235014,10419235062,1,"IOTHUB_CLIENT_CONFIRMATION_OK"
18374,10419235214,10419235563,1,"IOTHUB_CLIENT_CONFIRMATION_OK"
18375,10419235414,10419235589,1,"IOTHUB_CLIENT_CONFIRMATION_OK"
18376,10419235614,10419235722,1,"IOTHUB_CLIENT_CONFIRMATION_OK"
18377,10419235815,10419235867,1,"IOTHUB_CLIENT_CONFIRMATION_OK"
18378,10419236015,10419236088,1,"IOTHUB_CLIENT_CONFIRMATION_OK"
18379,10419236215,10419236246,1,"IOTHUB_CLIENT_CONFIRMATION_OK"
18380,10419236415,10419236495,1,"IOTHUB_CLIENT_CONFIRMATION_OK"
18381,10419236615,10419236663,1,"IOTHUB_CLIENT_CONFIRMATION_OK"
18382,10419236815,10419236930,1,"IOTHUB_CLIENT_CONFIRMATION_OK"
18383,10419237016,10419237057,1,"IOTHUB_CLIENT_CONFIRMATION_OK"
18384,10419237216,10419237262,1,"IOTHUB_CLIENT_CONFIRMATION_OK"
18385,10419237416,10419237453,1,"IOTHUB_CLIENT_CONFIRMATION_OK"
18386,10419237616,10419237657,1,"IOTHUB_CLIENT_CONFIRMATION_OK"
18387,10419237816,10419237958,1,"IOTHUB_CLIENT_CONFIRMATION_OK"
18388,10419238016,10419238048,1,"IOTHUB_CLIENT_CONFIRMATION_OK"
18389,10419238216,10419238267,1,"IOTHUB_CLIENT_CONFIRMATION_OK"
18390,10419238417,10419238452,1,"IOTHUB_CLIENT_CONFIRMATION_OK"
18391,10419238617,10419238796,1,"IOTHUB_CLIENT_CONFIRMATION_OK"
18392,10419238817,10419238904,1,"IOTHUB_CLIENT_CONFIRMATION_OK"
18393,10419239017,10419239056,1,"IOTHUB_CLIENT_CONFIRMATION_OK"
18394,10419239217,10419239297,1,"IOTHUB_CLIENT_CONFIRMATION_OK"
18395,10419239417,10419239480,1,"IOTHUB_CLIENT_CONFIRMATION_OK"
18396,10419239618,10419239690,1,"IOTHUB_CLIENT_CONFIRMATION_OK"
18397,10419239818,10419239875,1,"IOTHUB_CLIENT_CONFIRMATION_OK"
18398,10419240018,10419240052,1,"IOTHUB_CLIENT_CONFIRMATION_OK"
18399,10419240218,10419240252,1,"IOTHUB_CLIENT_CONFIRMATION_OK"
18400,10419240418,10419240454,1,"IOTHUB_CLIENT_CONFIRMATION_OK"
18401,10419240618,10419240665,1,"IOTHUB_CLIENT_CONFIRMATION_OK"
18402,10419240818,10419240859,1,"IOTHUB_CLIENT_CONFIRMATION_OK"
18403,10419241019,10419241072,1,"IOTHUB_CLIENT_CONFIRMATION_OK"
18404,10419241219,10419241257,1,"IOTHUB_CLIENT_CONFIRMATION_OK"
18405,10419241419,10419241456,1,"IOTHUB_CLIENT_CONFIRMATION_OK"
18406,10419241619,10419241687,1,"IOTHUB_CLIENT_CONFIRMATION_OK"
18407,10419241819,10419241872,1,"IOTHUB_CLIENT_CONFIRMATION_OK"
18408,10419242019,10419242060,1,"IOTHUB_CLIENT_CONFIRMATION_OK"
18409,10419242220,10419242254,1,"IOTHUB_CLIENT_CONFIRMATION_OK"
18410,10419242420,10419242452,1,"IOTHUB_CLIENT_CONFIRMATION_OK"
18411,10419242620,10419242664,1,"IOTHUB_CLIENT_CONFIRMATION_OK"
18412,10419242820,10419242856,1,"IOTHUB_CLIENT_CONFIRMATION_OK"
18413,10419243020,10419243068,1,"IOTHUB_CLIENT_CONFIRMATION_OK"
18414,10419243220,10419243279,1,"IOTHUB_CLIENT_CONFIRMATION_OK"
18415,10419243421,10419243460,1,"IOTHUB_CLIENT_CONFIRMATION_OK"
18416,10419243621,10419243660,1,"IOTHUB_CLIENT_CONFIRMATION_OK"
18417,10419243821,10419243858,1,"IOTHUB_CLIENT_CONFIRMATION_OK"
18418,10419244021,10419244094,1,"IOTHUB_CLIENT_CONFIRMATION_OK"
18419,10419244221,10419244261,1,"IOTHUB_CLIENT_CONFIRMATION_OK"
18420,10419244421,10419244478,1,"IOTHUB_CLIENT_CONFIRMATION_OK"
18421,10419244621,10419244668,1,"IOTHUB_CLIENT_CONFIRMATION_OK"
18422,10419244822,10419244922,1,"IOTHUB_CLIENT_CONFIRMATION_OK"
18423,10419245022,10419245054,1,"IOTHUB_CLIENT_CONFIRMATION_OK"
18424,10419245222,10419245262,1,"IOTHUB_CLIENT_CONFIRMATION_OK"
18425,10419245422,10419245471,1,"IOTHUB_CLIENT_CONFIRMATION_OK"
18426,10419245622,10419245671,1,"IOTHUB_CLIENT_CONFIRMATION_OK"
18427,10419245822,10419245853,1,"IOTHUB_CLIENT_CONFIRMATION_OK"
18428,10419246023,10419246056,1,"IOTHUB_CLIENT_CONFIRMATION_OK"
18429,10419246223,10419246258,1,"IOTHUB_CLIENT_CONFIRMATION_OK"
18430,10419246423,10419246463,1,"IOTHUB_CLIENT_CONFIRMATION_OK"
18431,10419246623,10419246656,1,"IOTHUB_CLIENT_CONFIRMATION_OK"
18432,10419246823,10419246861,1,"IOTHUB_CLIENT_CONFIRMATION_OK"
18433,10419247023,10419247145,1,"IOTHUB_CLIENT_CONFIRMATION_OK"
18434,10419247224,10419247273,1,"IOTHUB_CLIENT_CONFIRMATION_OK"
18435,10419247424,10419247519,1,"IOTHUB_CLIENT_CONFIRMATION_OK"
18436,10419247624,10419247668,1,"IOTHUB_CLIENT_CONFIRMATION_OK"
18437,10419247824,10419247961,1,"IOTHUB_CLIENT_CONFIRMATION_OK"
18438,10419248024,10419248080,1,"IOTHUB_CLIENT_CONFIRMATION_OK"
18439,10419248224,10419248267,1,"IOTHUB_CLIENT_CONFIRMATION_OK"
18440,10419248425,10419248457,1,"IOTHUB_CLIENT_CONFIRMATION_OK"
18441,10419248625,10419248787,1,"IOTHUB_CLIENT_CONFIRMATION_OK"
18442,10419248825,10419248863,1,"IOTHUB_CLIENT_CONFIRMATION_OK"
18443,10419249025,10419249224,1,"IOTHUB_CLIENT_CONFIRMATION_OK"
18444,10419249225,10419249337,1,"IOTHUB_CLIENT_CONFIRMATION_OK"
18445,10419249425,10419249495,1,"IOTHUB_CLIENT_CONFIRMATION_OK"
18446,10419249625,10419249678,1,"IOTHUB_CLIENT_CONFIRMATION_OK"
18447,10419249826,10419249869,1,"IOTHUB_CLIENT_CONFIRMATION_OK"
18448,10419250026,10419250058,1,"IOTHUB_CLIENT_CONFIRMATION_OK"
18449,10419250226,10419250277,1,"IOTHUB_CLIENT_CONFIRMATION_OK"
18450,10419250426,10419250492,1,"IOTHUB_CLIENT_CONFIRMATION_OK"
18451,10419250626,10419250707,1,"IOTHUB_CLIENT_CONFIRMATION_OK"
18452,10419250826,10419250861,1,"IOTHUB_CLIENT_CONFIRMATION_OK"
18453,10419251027,10419251111,1,"IOTHUB_CLIENT_CONFIRMATION_OK"
18454,10419251227,10419251267,1,"IOTHUB_CLIENT_CONFIRMATION_OK"
18455,10419251427,10419251479,1,"IOTHUB_CLIENT_CONFIRMATION_OK"
18456,10419251627,10419251665,1,"IOTHUB_CLIENT_CONFIRMATION_OK"
18457,10419251827,10419251867,1,"IOTHUB_CLIENT_CONFIRMATION_OK"
18458,10419252027,10419252068,1,"IOTHUB_CLIENT_CONFIRMATION_OK"
18459,10419252228,10419252258,1,"IOTHUB_CLIENT_CONFIRMATION_OK"
18460,10419252428,10419252468,1,"IOTHUB_CLIENT_CONFIRMATION_OK"
18461,10419252628,10419252703,1,"IOTHUB_CLIENT_CONFIRMATION_OK"
18462,10419252828,10419252862,1,"IOTHUB_CLIENT_CONFIRMATION_OK"
18463,10419253028,10419253061,1,"IOTHUB_CLIENT_CONFIRMATION_OK"
18464,10419253228,10419253271,1,"IOTHUB_CLIENT_CONFIRMATION_OK"
18465,10419253428,10419253485,1,"IOTHUB_CLIENT_CONFIRMATION_OK"
18466,10419253629,10419253671,1,"IOTHUB_CLIENT_CONFIRMATION_OK"
18467,10419253829,10419253870,1,"IOTHUB_CLIENT_CONFIRMATION_OK"
18468,10419254029,10419254074,1,"IOTHUB_CLIENT_CONFIRMATION_OK"
18469,10419254229,10419254262,1,"IOTHUB_CLIENT_CONFIRMATION_OK"
18470,10419254429,10419254463,1,"IOTHUB_CLIENT_CONFIRMATION_OK"
18471,10419254629,10419254698,1,"IOTHUB_CLIENT_CONFIRMATION_OK"
18472,10419254830,10419254887,1,"IOTHUB_CLIENT_CONFIRMATION_OK"
18473,10419255030,10419255065,1,"IOTHUB_CLIENT_CONFIRMATION_OK"
18474,10419255230,10419255288,1,"IOTHUB_CLIENT_CONFIRMATION_OK"
18475,10419255430,10419255486,1,"IOTHUB_CLIENT_CONFIRMATION_OK"
18476,10419255630,10419255694,1,"IOTHUB_CLIENT_CONFIRMATION_OK"
18477,10419255830,10419255866,1,"IOTHUB_CLIENT_CONFIRMATION_OK"
18478,10419256030,10419256080,1,"IOTHUB_CLIENT_CONFIRMATION_OK"
18479,10419256231,10419256265,1,"IOTHUB_CLIENT_CONFIRMATION_OK"
18480,10419256431,10419256487,1,"IOTHUB_CLIENT_CONFIRMATION_OK"
18481,10419256631,10419256664,1,"IOTHUB_CLIENT_CONFIRMATION_OK"
18482,10419256831,10419256864,1,"IOTHUB_CLIENT_CONFIRMATION_OK"
18483,10419257031,10419257150,1,"IOTHUB_CLIENT_CONFIRMATION_OK"
18484,10419257231,10419257261,1,"IOTHUB_CLIENT_CONFIRMATION_OK"
18485,10419257432,10419257471,1,"IOTHUB_CLIENT_CONFIRMATION_OK"
18486,10419257632,10419257681,1,"IOTHUB_CLIENT_CONFIRMATION_OK"
18487,10419257832,10419257928,1,"IOTHUB_CLIENT_CONFIRMATION_OK"
18488,10419258032,10419258101,1,"IOTHUB_CLIENT_CONFIRMATION_OK"
18489,10419258232,10419258266,1,"IOTHUB_CLIENT_CONFIRMATION_OK"
18490,10419258432,10419258464,1,"IOTHUB_CLIENT_CONFIRMATION_OK"
18491,10419258633,10419258740,1,"IOTHUB_CLIENT_CONFIRMATION_OK"
18492,10419258833,10419258911,1,"IOTHUB_CLIENT_CONFIRMATION_OK"
18493,10419259033,10419259064,1,"IOTHUB_CLIENT_CONFIRMATION_OK"
18494,10419259233,10419259275,1,"IOTHUB_CLIENT_CONFIRMATION_OK"
18495,10419259433,10419259467,1,"IOTHUB_CLIENT_CONFIRMATION_OK"
18496,10419259633,10419259678,1,"IOTHUB_CLIENT_CONFIRMATION_OK"
18497,10419259833,10419259868,1,"IOTHUB_CLIENT_CONFIRMATION_OK"
18498,10419260034,10419260091,1,"IOTHUB_CLIENT_CONFIRMATION_OK"
18499,10419260234,10419260277,1,"IOTHUB_CLIENT_CONFIRMATION_OK"
18500,10419260434,10419260475,1,"IOTHUB_CLIENT_CONFIRMATION_OK"
18501,10419260634,10419260690,1,"IOTHUB_CLIENT_CONFIRMATION_OK"
18502,10419260834,10419260874,1,"IOTHUB_CLIENT_CONFIRMATION_OK"
18503,10419261034,10419261070,1,"IOTHUB_CLIENT_CONFIRMATION_OK"
18504,10419261235,10419261278,1,"IOTHUB_CLIENT_CONFIRMATION_OK"
18505,10419261435,10419261487,1,"IOTHUB_CLIENT_CONFIRMATION_OK"
18506,10419261635,10419261829,1,"IOTHUB_CLIENT_CONFIRMATION_OK"
18507,10419261835,10419261874,1,"IOTHUB_CLIENT_CONFIRMATION_OK"
18508,10419262035,10419262090,1,"IOTHUB_CLIENT_CONFIRMATION_OK"
18509,10419262235,10419262334,1,"IOTHUB_CLIENT_CONFIRMATION_OK"
18510,10419262436,10419262627,1,"IOTHUB_CLIENT_CONFIRMATION_OK"
18511,10419262636,10419262674,1,"IOTHUB_CLIENT_CONFIRMATION_OK"
18512,10419262836,10419262878,1,"IOTHUB_CLIENT_CONFIRMATION_OK"
18513,10419263036,10419263084,1,"IOTHUB_CLIENT_CONFIRMATION_OK"
18514,10419263236,10419263268,1,"IOTHUB_CLIENT_CONFIRMATION_OK"
18515,10419263436,10419263480,1,"IOTHUB_CLIENT_CONFIRMATION_OK"
18516,10419263636,10419263665,1,"IOTHUB_CLIENT_CONFIRMATION_OK"
18517,10419263837,10419263868,1,"IOTHUB_CLIENT_CONFIRMATION_OK"
18518,10419264037,10419264086,1,"IOTHUB_CLIENT_CONFIRMATION_OK"
18519,10419264237,10419264275,1,"IOTHUB_CLIENT_CONFIRMATION_OK"
18520,10419264437,10419264486,1,"IOTHUB_CLIENT_CONFIRMATION_OK"
18521,10419264637,10419264683,1,"IOTHUB_CLIENT_CONFIRMATION_OK"
18522,10419264837,10419264876,1,"IOTHUB_CLIENT_CONFIRMATION_OK"
18523,10419265038,10419265105,1,"IOTHUB_CLIENT_CONFIRMATION_OK"
18524,10419265238,10419265271,1,"IOTHUB_CLIENT_CONFIRMATION_OK"
18525,10419265438,10419265469,1,"IOTHUB_CLIENT_CONFIRMATION_OK"
18526,10419265638,10419265694,1,"IOTHUB_CLIENT_CONFIRMATION_OK"
18527,10419265838,10419265878,1,"IOTHUB_CLIENT_CONFIRMATION_OK"
18528,10419266038,10419266121,1,"IOTHUB_CLIENT_CONFIRMATION_OK"
18529,10419266238,10419266279,1,"IOTHUB_CLIENT_CONFIRMATION_OK"
18530,10419266439,10419266489,1,"IOTHUB_CLIENT_CONFIRMATION_OK"
18531,10419266639,10419266686,1,"IOTHUB_CLIENT_CONFIRMATION_OK"
18532,10419266839,10419266872,1,"IOTHUB_CLIENT_CONFIRMATION_OK"
18533,10419267039,10419267122,1,"IOTHUB_CLIENT_CONFIRMATION_OK"
18534,10419267239,10419267270,1,"IOTHUB_CLIENT_CONFIRMATION_OK"
18535,10419267439,10419267476,1,"IOTHUB_CLIENT_CONFIRMATION_OK"
18536,10419267640,10419267676,1,"IOTHUB_CLIENT_CONFIRMATION_OK"
18537,10419267840,10419267937,1,"IOTHUB_CLIENT_CONFIRMATION_OK"
18538,10419268040,10419268070,1,"IOTHUB_CLIENT_CONFIRMATION_OK"
18539,10419268240,10419268273,1,"IOTHUB_CLIENT_CONFIRMATION_OK"
18540,10419268440,10419268512,1,"IOTHUB_CLIENT_CONFIRMATION_OK"
18541,10419268640,10419268740,1,"IOTHUB_CLIENT_CONFIRMATION_OK"
18542,10419268840,10419268877,1,"IOTHUB_CLIENT_CONFIRMATION_OK"
18543,10419269041,10419269086,1,"IOTHUB_CLIENT_CONFIRMATION_OK"
18544,10419269241,10419269272,1,"IOTHUB_CLIENT_CONFIRMATION_OK"
18545,10419269441,10419269527,1,"IOTHUB_CLIENT_CONFIRMATION_OK"
18546,10419269641,10419269697,1,"IOTHUB_CLIENT_CONFIRMATION_OK"
18547,10419269841,10419269882,1,"IOTHUB_CLIENT_CONFIRMATION_OK"
18548,10419270041,10419270079,1,"IOTHUB_CLIENT_CONFIRMATION_OK"
18549,10419270242,10419270284,1,"IOTHUB_CLIENT_CONFIRMATION_OK"
18550,10419270442,10419270499,1,"IOTHUB_CLIENT_CONFIRMATION_OK"
18551,10419270642,10419270699,1,"IOTHUB_CLIENT_CONFIRMATION_OK"
18552,10419270842,10419270873,1,"IOTHUB_CLIENT_CONFIRMATION_OK"
18553,10419271042,10419271079,1,"IOTHUB_CLIENT_CONFIRMATION_OK"
18554,10419271242,10419271282,1,"IOTHUB_CLIENT_CONFIRMATION_OK"
18555,10419271442,10419271480,1,"IOTHUB_CLIENT_CONFIRMATION_OK"
18556,10419271643,10419271847,1,"IOTHUB_CLIENT_CONFIRMATION_OK"
18557,10419271843,10419271883,1,"IOTHUB_CLIENT_CONFIRMATION_OK"
18558,10419272043,10419272108,1,"IOTHUB_CLIENT_CONFIRMATION_OK"
18559,10419272243,10419272275,1,"IOTHUB_CLIENT_CONFIRMATION_OK"
18560,10419272443,10419272503,1,"IOTHUB_CLIENT_CONFIRMATION_OK"
18561,10419272643,10419272676,1,"IOTHUB_CLIENT_CONFIRMATION_OK"
18562,10419272844,10419272910,1,"IOTHUB_CLIENT_CONFIRMATION_OK"
18563,10419273044,10419273090,1,"IOTHUB_CLIENT_CONFIRMATION_OK"
18564,10419273244,10419273283,1,"IOTHUB_CLIENT_CONFIRMATION_OK"
18565,10419273444,10419273492,1,"IOTHUB_CLIENT_CONFIRMATION_OK"
18566,10419273644,10419273676,1,"IOTHUB_CLIENT_CONFIRMATION_OK"
18567,10419273844,10419273879,1,"IOTHUB_CLIENT_CONFIRMATION_OK"
18568,10419274045,10419274139,1,"IOTHUB_CLIENT_CONFIRMATION_OK"
18569,10419274245,10419274279,1,"IOTHUB_CLIENT_CONFIRMATION_OK"
18570,10419274445,10419274482,1,"IOTHUB_CLIENT_CONFIRMATION_OK"
18571,10419274645,10419274680,1,"IOTHUB_CLIENT_CONFIRMATION_OK"
18572,10419274845,10419274898,1,"IOTHUB_CLIENT_CONFIRMATION_OK"
18573,10419275045,10419275132,1,"IOTHUB_CLIENT_CONFIRMATION_OK"
18574,10419275246,10419275339,1,"IOTHUB_CLIENT_CONFIRMATION_OK"
18575,10419275446,10419275484,1,"IOTHUB_CLIENT_CONFIRMATION_OK"
18576,10419275646,10419275684,1,"IOTHUB_CLIENT_CONFIRMATION_OK"
18577,10419275846,10419275892,1,"IOTHUB_CLIENT_CONFIRMATION_OK"
18578,10419276046,10419276081,1,"IOTHUB_CLIENT_CONFIRMATION_OK"
18579,10419276246,10419276352,1,"IOTHUB_CLIENT_CONFIRMATION_OK"
18580,10419276446,10419276508,1,"IOTHUB_CLIENT_CONFIRMATION_OK"
18581,10419276647,10419276678,1,"IOTHUB_CLIENT_CONFIRMATION_OK"
18582,10419276847,10419276881,1,"IOTHUB_CLIENT_CONFIRMATION_OK"
18583,10419277047,10419277174,1,"IOTHUB_CLIENT_CONFIRMATION_OK"
18584,10419277247,10419277315,1,"IOTHUB_CLIENT_CONFIRMATION_OK"
18585,10419277447,10419277481,1,"IOTHUB_CLIENT_CONFIRMATION_OK"
18586,10419277647,10419277677,1,"IOTHUB_CLIENT_CONFIRMATION_OK"
18587,10419277848,10419277992,1,"IOTHUB_CLIENT_CONFIRMATION_OK"
18588,10419278048,10419278095,1,"IOTHUB_CLIENT_CONFIRMATION_OK"
18589,10419278248,10419278284,1,"IOTHUB_CLIENT_CONFIRMATION_OK"
18590,10419278448,10419278487,1,"IOTHUB_CLIENT_CONFIRMATION_OK"
18591,10419278648,10419278678,1,"IOTHUB_CLIENT_CONFIRMATION_OK"
18592,10419278848,10419278880,1,"IOTHUB_CLIENT_CONFIRMATION_OK"
18593,10419279049,10419279082,1,"IOTHUB_CLIENT_CONFIRMATION_OK"
18594,10419279249,10419279314,1,"IOTHUB_CLIENT_CONFIRMATION_OK"
18595,10419279449,10419279488,1,"IOTHUB_CLIENT_CONFIRMATION_OK"
18596,10419279649,10419279691,1,"IOTHUB_CLIENT_CONFIRMATION_OK"
18597,10419279849,10419279886,1,"IOTHUB_CLIENT_CONFIRMATION_OK"
18598,10419280049,10419280088,1,"IOTHUB_CLIENT_CONFIRMATION_OK"
18599,10419280249,10419280285,1,"IOTHUB_CLIENT_CONFIRMATION_OK"
18600,10419280450,10419280488,1,"IOTHUB_CLIENT_CONFIRMATION_OK"
18601,10419280650,10419280720,1,"IOTHUB_CLIENT_CONFIRMATION_OK"
18602,10419280850,10419280895,1,"IOTHUB_CLIENT_CONFIRMATION_OK"
18603,10419281050,10419281092,1,"IOTHUB_CLIENT_CONFIRMATION_OK"
18604,10419281250,10419281316,1,"IOTHUB_CLIENT_CONFIRMATION_OK"
18605,10419281450,10419281486,1,"IOTHUB_CLIENT_CONFIRMATION_OK"
18606,10419281650,10419281683,1,"IOTHUB_CLIENT_CONFIRMATION_OK"
18607,10419281851,10419281889,1,"IOTHUB_CLIENT_CONFIRMATION_OK"
18608,10419282051,10419282120,1,"IOTHUB_CLIENT_CONFIRMATION_OK"
18609,10419282251,10419282289,1,"IOTHUB_CLIENT_CONFIRMATION_OK"
18610,10419282451,10419282483,1,"IOTHUB_CLIENT_CONFIRMATION_OK"
18611,10419282651,10419282690,1,"IOTHUB_CLIENT_CONFIRMATION_OK"
18612,10419282851,10419282927,1,"IOTHUB_CLIENT_CONFIRMATION_OK"
18613,10419283051,10419283092,1,"IOTHUB_CLIENT_CONFIRMATION_OK"
18614,10419283252,10419283299,1,"IOTHUB_CLIENT_CONFIRMATION_OK"
18615,10419283452,10419283483,1,"IOTHUB_CLIENT_CONFIRMATION_OK"
18616,10419283652,10419283695,1,"IOTHUB_CLIENT_CONFIRMATION_OK"
18617,10419283852,10419283884,1,"IOTHUB_CLIENT_CONFIRMATION_OK"
18618,10419284052,10419284116,1,"IOTHUB_CLIENT_CONFIRMATION_OK"
18619,10419284252,10419284307,1,"IOTHUB_CLIENT_CONFIRMATION_OK"
18620,10419284452,10419284487,1,"IOTHUB_CLIENT_CONFIRMATION_OK"
18621,10419284653,10419284690,1,"IOTHUB_CLIENT_CONFIRMATION_OK"
18622,10419284853,10419284888,1,"IOTHUB_CLIENT_CONFIRMATION_OK"
18623,10419285053,10419285100,1,"IOTHUB_CLIENT_CONFIRMATION_OK"
18624,10419285253,10419285296,1,"IOTHUB_CLIENT_CONFIRMATION_OK"
18625,10419285453,10419285532,1,"IOTHUB_CLIENT_CONFIRMATION_OK"
18626,10419285653,10419285687,1,"IOTHUB_CLIENT_CONFIRMATION_OK"
18627,10419285854,10419285886,1,"IOTHUB_CLIENT_CONFIRMATION_OK"
18628,10419286054,10419286090,1,"IOTHUB_CLIENT_CONFIRMATION_OK"
18629,10419286254,10419286361,1,"IOTHUB_CLIENT_CONFIRMATION_OK"
18630,10419286454,10419286491,1,"IOTHUB_CLIENT_CONFIRMATION_OK"
18631,10419286654,10419286696,1,"IOTHUB_CLIENT_CONFIRMATION_OK"
18632,10419286854,10419286916,1,"IOTHUB_CLIENT_CONFIRMATION_OK"
18633,10419287054,10419287174,1,"IOTHUB_CLIENT_CONFIRMATION_OK"
18634,10419287255,10419287295,1,"IOTHUB_CLIENT_CONFIRMATION_OK"
18635,10419287455,10419287493,1,"IOTHUB_CLIENT_CONFIRMATION_OK"
18636,10419287655,10419287711,1,"IOTHUB_CLIENT_CONFIRMATION_OK"
18637,10419287855,10419287896,1,"IOTHUB_CLIENT_CONFIRMATION_OK"
18638,10419288055,10419288085,1,"IOTHUB_CLIENT_CONFIRMATION_OK"
18639,10419288255,10419288291,1,"IOTHUB_CLIENT_CONFIRMATION_OK"
18640,10419288455,10419288488,1,"IOTHUB_CLIENT_CONFIRMATION_OK"
18641,10419288656,10419288736,1,"IOTHUB_CLIENT_CONFIRMATION_OK"
18642,10419288856,10419288889,1,"IOTHUB_CLIENT_CONFIRMATION_OK"
18643,10419289056,10419289135,1,"IOTHUB_CLIENT_CONFIRMATION_OK"
18644,10419289256,10419289292,1,"IOTHUB_CLIENT_CONFIRMATION_OK"
18645,10419289456,10419289510,1,"IOTHUB_CLIENT_CONFIRMATION_OK"
18646,10419289656,10419289698,1,"IOTHUB_CLIENT_CONFIRMATION_OK"
18647,10419289857,10419289910,1,"IOTHUB_CLIENT_CONFIRMATION_OK"
18648,10419290057,10419290231,1,"IOTHUB_CLIENT_CONFIRMATION_OK"
18649,10419290257,10419290326,1,"IOTHUB_CLIENT_CONFIRMATION_OK"
18650,10419290457,10419290500,1,"IOTHUB_CLIENT_CONFIRMATION_OK"
18651,10419290657,10419290693,1,"IOTHUB_CLIENT_CONFIRMATION_OK"
18652,10419290857,10419290891,1,"IOTHUB_CLIENT_CONFIRMATION_OK"
18653,10419291058,10419291097,1,"IOTHUB_CLIENT_CONFIRMATION_OK"
18654,10419291258,10419291324,1,"IOTHUB_CLIENT_CONFIRMATION_OK"
18655,10419291458,10419291500,1,"IOTHUB_CLIENT_CONFIRMATION_OK"
18656,10419291658,10419291717,1,"IOTHUB_CLIENT_CONFIRMATION_OK"
18657,10419291858,10419291900,1,"IOTHUB_CLIENT_CONFIRMATION_OK"
18658,10419292058,10419292091,1,"IOTHUB_CLIENT_CONFIRMATION_OK"
18659,10419292258,10419292293,1,"IOTHUB_CLIENT_CONFIRMATION_OK"
18660,10419292459,10419292533,1,"IOTHUB_CLIENT_CONFIRMATION_OK"
18661,10419292659,10419292705,1,"IOTHUB_CLIENT_CONFIRMATION_OK"
18662,10419292859,10419292893,1,"IOTHUB_CLIENT_CONFIRMATION_OK"
18663,10419293059,10419293101,1,"IOTHUB_CLIENT_CONFIRMATION_OK"
18664,10419293259,10419293340,1,"IOTHUB_CLIENT_CONFIRMATION_OK"
18665,10419293459,10419293502,1,"IOTHUB_CLIENT_CONFIRMATION_OK"
18666,10419293659,10419293702,1,"IOTHUB_CLIENT_CONFIRMATION_OK"
18667,10419293860,10419293893,1,"IOTHUB_CLIENT_CONFIRMATION_OK"
18668,10419294060,10419294114,1,"IOTHUB_CLIENT_CONFIRMATION_OK"
18669,10419294260,10419294318,1,"IOTHUB_CLIENT_CONFIRMATION_OK"
18670,10419294460,10419294538,1,"IOTHUB_CLIENT_CONFIRMATION_OK"
18671,10419294660,10419294696,1,"IOTHUB_CLIENT_CONFIRMATION_OK"
18672,10419294860,10419294909,1,"IOTHUB_CLIENT_CONFIRMATION_OK"
18673,10419295061,10419295099,1,"IOTHUB_CLIENT_CONFIRMATION_OK"
18674,10419295261,10419295321,1,"IOTHUB_CLIENT_CONFIRMATION_OK"
18675,10419295461,10419295562,1,"IOTHUB_CLIENT_CONFIRMATION_OK"
18676,10419295661,10419295700,1,"IOTHUB_CLIENT_CONFIRMATION_OK"
18677,10419295861,10419295901,1,"IOTHUB_CLIENT_CONFIRMATION_OK"
18678,10419296061,10419296134,1,"IOTHUB_CLIENT_CONFIRMATION_OK"
18679,10419296262,10419296390,1,"IOTHUB_CLIENT_CONFIRMATION_OK"
18680,10419296462,10419296504,1,"IOTHUB_CLIENT_CONFIRMATION_OK"
18681,10419296662,10419296716,1,"IOTHUB_CLIENT_CONFIRMATION_OK"
18682,10419296862,10419296899,1,"IOTHUB_CLIENT_CONFIRMATION_OK"
18683,10419297062,10419297096,1,"IOTHUB_CLIENT_CONFIRMATION_OK"
18684,10419297262,10419297341,1,"IOTHUB_CLIENT_CONFIRMATION_OK"
18685,10419297462,10419297497,1,"IOTHUB_CLIENT_CONFIRMATION_OK"
18686,10419297663,10419297717,1,"IOTHUB_CLIENT_CONFIRMATION_OK"
18687,10419297863,10419297914,1,"IOTHUB_CLIENT_CONFIRMATION_OK"
18688,10419298063,10419298118,1,"IOTHUB_CLIENT_CONFIRMATION_OK"
18689,10419298263,10419298297,1,"IOTHUB_CLIENT_CONFIRMATION_OK"
18690,10419298463,10419298513,1,"IOTHUB_CLIENT_CONFIRMATION_OK"
18691,10419298663,10419298702,1,"IOTHUB_CLIENT_CONFIRMATION_OK"
18692,10419298863,10419298908,1,"IOTHUB_CLIENT_CONFIRMATION_OK"
18693,10419299064,10419299099,1,"IOTHUB_CLIENT_CONFIRMATION_OK"
18694,10419299264,10419299300,1,"IOTHUB_CLIENT_CONFIRMATION_OK"
18695,10419299464,10419299554,1,"IOTHUB_CLIENT_CONFIRMATION_OK"
18696,10419299664,10419299748,1,"IOTHUB_CLIENT_CONFIRMATION_OK"
18697,10419299864,10419299906,1,"IOTHUB_CLIENT_CONFIRMATION_OK"
18698,10419300064,10419300143,1,"IOTHUB_CLIENT_CONFIRMATION_OK"
18699,10419300265,10419300297,1,"IOTHUB_CLIENT_CONFIRMATION_OK"
18700,10419300465,10419300511,1,"IOTHUB_CLIENT_CONFIRMATION_OK"
18701,10419300665,10419300702,1,"IOTHUB_CLIENT_CONFIRMATION_OK"
18702,10419300865,10419300980,1,"IOTHUB_CLIENT_CONFIRMATION_OK"
18703,10419301065,10419301105,1,"IOTHUB_CLIENT_CONFIRMATION_OK"
18704,10419301265,10419301299,1,"IOTHUB_CLIENT_CONFIRMATION_OK"
18705,10419301466,10419301503,1,"IOTHUB_CLIENT_CONFIRMATION_OK"
18706,10419301666,10419301853,1,"IOTHUB_CLIENT_CONFIRMATION_OK"
18707,10419301866,10419301898,1,"IOTHUB_CLIENT_CONFIRMATION_OK"
18708,10419302066,10419302194,1,"IOTHUB_CLIENT_CONFIRMATION_OK"
18709,10419302266,10419302320,1,"IOTHUB_CLIENT_CONFIRMATION_OK"
18710,10419302466,10419302507,1,"IOTHUB_CLIENT_CONFIRMATION_OK"
18711,10419302667,10419302753,1,"IOTHUB_CLIENT_CONFIRMATION_OK"
18712,10419302867,10419302905,1,"IOTHUB_CLIENT_CONFIRMATION_OK"
18713,10419303067,10419303129,1,"IOTHUB_CLIENT_CONFIRMATION_OK"
18714,10419303267,10419303310,1,"IOTHUB_CLIENT_CONFIRMATION_OK"
18715,10419303467,10419303520,1,"IOTHUB_CLIENT_CONFIRMATION_OK"
18716,10419303667,10419303711,1,"IOTHUB_CLIENT_CONFIRMATION_OK"
18717,10419303868,10419303920,1,"IOTHUB_CLIENT_CONFIRMATION_OK"
18718,10419304068,10419304120,1,"IOTHUB_CLIENT_CONFIRMATION_OK"
18719,10419304268,10419304304,1,"IOTHUB_CLIENT_CONFIRMATION_OK"
18720,10419304468,10419304499,1,"IOTHUB_CLIENT_CONFIRMATION_OK"
18721,10419304668,10419304861,1,"IOTHUB_CLIENT_CONFIRMATION_OK"
18722,10419304868,10419304909,1,"IOTHUB_CLIENT_CONFIRMATION_OK"
18723,10419305069,10419305107,1,"IOTHUB_CLIENT_CONFIRMATION_OK"
18724,10419305269,10419305314,1,"IOTHUB_CLIENT_CONFIRMATION_OK"
18725,10419305469,10419305514,1,"IOTHUB_CLIENT_CONFIRMATION_OK"
18726,10419305669,10419305712,1,"IOTHUB_CLIENT_CONFIRMATION_OK"
18727,10419305869,10419305923,1,"IOTHUB_CLIENT_CONFIRMATION_OK"
18728,10419306069,10419306121,1,"IOTHUB_CLIENT_CONFIRMATION_OK"
18729,10419306269,10419306324,1,"IOTHUB_CLIENT_CONFIRMATION_OK"
18730,10419306470,10419306513,1,"IOTHUB_CLIENT_CONFIRMATION_OK"
18731,10419306670,10419306731,1,"IOTHUB_CLIENT_CONFIRMATION_OK"
18732,10419306870,10419306907,1,"IOTHUB_CLIENT_CONFIRMATION_OK"
18733,10419307070,10419307109,1,"IOTHUB_CLIENT_CONFIRMATION_OK"
18734,10419307270,10419307301,1,"IOTHUB_CLIENT_CONFIRMATION_OK"
18735,10419307470,10419307539,1,"IOTHUB_CLIENT_CONFIRMATION_OK"
18736,10419307671,10419307726,1,"IOTHUB_CLIENT_CONFIRMATION_OK"
18737,10419307871,10419307926,1,"IOTHUB_CLIENT_CONFIRMATION_OK"
18738,10419308071,10419308134,1,"IOTHUB_CLIENT_CONFIRMATION_OK"
18739,10419308271,10419308311,1,"IOTHUB_CLIENT_CONFIRMATION_OK"
18740,10419308471,10419308518,1,"IOTHUB_CLIENT_CONFIRMATION_OK"
18741,10419308671,10419308715,1,"IOTHUB_CLIENT_CONFIRMATION_OK"
18742,10419308871,10419308905,1,"IOTHUB_CLIENT_CONFIRMATION_OK"
18743,10419309072,10419309104,1,"IOTHUB_CLIENT_CONFIRMATION_OK"
18744,10419309272,10419309352,1,"IOTHUB_CLIENT_CONFIRMATION_OK"
18745,10419309472,10419309519,1,"IOTHUB_CLIENT_CONFIRMATION_OK"
18746,10419309672,10419309706,1,"IOTHUB_CLIENT_CONFIRMATION_OK"
18747,10419309872,10419309936,1,"IOTHUB_CLIENT_CONFIRMATION_OK"
18748,10419310072,10419310190,1,"IOTHUB_CLIENT_CONFIRMATION_OK"
18749,10419310273,10419310304,1,"IOTHUB_CLIENT_CONFIRMATION_OK"
18750,10419310473,10419310510,1,"IOTHUB_CLIENT_CONFIRMATION_OK"
18751,10419310673,10419310748,1,"IOTHUB_CLIENT_CONFIRMATION_OK"
18752,10419310873,10419310948,1,"IOTHUB_CLIENT_CONFIRMATION_OK"
18753,10419311073,10419311107,1,"IOTHUB_CLIENT_CONFIRMATION_OK"
18754,10419311273,10419311322,1,"IOTHUB_CLIENT_CONFIRMATION_OK"
18755,10419311474,10419311505,1,"IOTHUB_CLIENT_CONFIRMATION_OK"
18756,10419311674,10419311732,1,"IOTHUB_CLIENT_CONFIRMATION_OK"
18757,10419311874,10419311914,1,"IOTHUB_CLIENT_CONFIRMATION_OK"
18758,10419312074,10419312125,1,"IOTHUB_CLIENT_CONFIRMATION_OK"
18759,10419312274,10419312305,1,"IOTHUB_CLIENT_CONFIRMATION_OK"
18760,10419312474,10419312519,1,"IOTHUB_CLIENT_CONFIRMATION_OK"
18761,10419312675,10419312736,1,"IOTHUB_CLIENT_CONFIRMATION_OK"
18762,10419312875,10419312922,1,"IOTHUB_CLIENT_CONFIRMATION_OK"
18763,10419313075,10419313110,1,"IOTHUB_CLIENT_CONFIRMATION_OK"
18764,10419313275,10419313308,1,"IOTHUB_CLIENT_CONFIRMATION_OK"
18765,10419313475,10419313514,1,"IOTHUB_CLIENT_CONFIRMATION_OK"
18766,10419313675,10419313717,1,"IOTHUB_CLIENT_CONFIRMATION_OK"
18767,10419313875,10419313914,1,"IOTHUB_CLIENT_CONFIRMATION_OK"
18768,10419314076,10419314129,1,"IOTHUB_CLIENT_CONFIRMATION_OK"
18769,10419314276,10419314326,1,"IOTHUB_CLIENT_CONFIRMATION_OK"
18770,10419314476,10419314519,1,"IOTHUB_CLIENT_CONFIRMATION_OK"
18771,10419314676,10419314715,1,"IOTHUB_CLIENT_CONFIRMATION_OK"
18772,10419314876,10419314908,1,"IOTHUB_CLIENT_CONFIRMATION_OK"
18773,10419315076,10419315151,1,"IOTHUB_CLIENT_CONFIRMATION_OK"
18774,10419315277,10419315326,1,"IOTHUB_CLIENT_CONFIRMATION_OK"
18775,10419315477,10419315509,1,"IOTHUB_CLIENT_CONFIRMATION_OK"
18776,10419315677,10419315715,1,"IOTHUB_CLIENT_CONFIRMATION_OK"
18777,10419315877,10419315925,1,"IOTHUB_CLIENT_CONFIRMATION_OK"
18778,10419316077,10419316120,1,"IOTHUB_CLIENT_CONFIRMATION_OK"
18779,10419316277,10419316328,1,"IOTHUB_CLIENT_CONFIRMATION_OK"
18780,10419316478,10419316522,1,"IOTHUB_CLIENT_CONFIRMATION_OK"
18781,10419316678,10419316734,1,"IOTHUB_CLIENT_CONFIRMATION_OK"
18782,10419316878,10419316965,1,"IOTHUB_CLIENT_CONFIRMATION_OK"
18783,10419317078,10419317118,1,"IOTHUB_CLIENT_CONFIRMATION_OK"
18784,10419317278,10419317318,1,"IOTHUB_CLIENT_CONFIRMATION_OK"
18785,10419317478,10419317525,1,"IOTHUB_CLIENT_CONFIRMATION_OK"
18786,10419317678,10419317710,1,"IOTHUB_CLIENT_CONFIRMATION_OK"
18787,10419317879,10419317909,1,"IOTHUB_CLIENT_CONFIRMATION_OK"
18788,10419318079,10419318127,1,"IOTHUB_CLIENT_CONFIRMATION_OK"
18789,10419318279,10419318314,1,"IOTHUB_CLIENT_CONFIRMATION_OK"
18790,10419318479,10419318599,1,"IOTHUB_CLIENT_CONFIRMATION_OK"
18791,10419318679,10419318715,1,"IOTHUB_CLIENT_CONFIRMATION_OK"
18792,10419318879,10419318931,1,"IOTHUB_CLIENT_CONFIRMATION_OK"
18793,10419319080,10419319115,1,"IOTHUB_CLIENT_CONFIRMATION_OK"
18794,10419319280,10419319442,1,"IOTHUB_CLIENT_CONFIRMATION_OK"
18795,10419319480,10419319512,1,"IOTHUB_CLIENT_CONFIRMATION_OK"
18796,10419319680,10419319712,1,"IOTHUB_CLIENT_CONFIRMATION_OK"
18797,10419319880,10419319914,1,"IOTHUB_CLIENT_CONFIRMATION_OK"
18798,10419320080,10419320145,1,"IOTHUB_CLIENT_CONFIRMATION_OK"
18799,10419320281,10419320339,1,"IOTHUB_CLIENT_CONFIRMATION_OK"
18800,10419320481,10419320529,1,"IOTHUB_CLIENT_CONFIRMATION_OK"
18801,10419320681,10419320732,1,"IOTHUB_CLIENT_CONFIRMATION_OK"
18802,10419320881,10419320924,1,"IOTHUB_CLIENT_CONFIRMATION_OK"
18803,10419321081,10419321117,1,"IOTHUB_CLIENT_CONFIRMATION_OK"
18804,10419321281,10419321318,1,"IOTHUB_CLIENT_CONFIRMATION_OK"
18805,10419321481,10419321534,1,"IOTHUB_CLIENT_CONFIRMATION_OK"
18806,10419321682,10419321714,1,"IOTHUB_CLIENT_CONFIRMATION_OK"
18807,10419321882,10419321944,1,"IOTHUB_CLIENT_CONFIRMATION_OK"
18808,10419322082,10419322121,1,"IOTHUB_CLIENT_CONFIRMATION_OK"
18809,10419322282,10419322313,1,"IOTHUB_CLIENT_CONFIRMATION_OK"
18810,10419322482,10419322525,1,"IOTHUB_CLIENT_CONFIRMATION_OK"
18811,10419322682,10419322713,1,"IOTHUB_CLIENT_CONFIRMATION_OK"
18812,10419322883,10419322914,1,"IOTHUB_CLIENT_CONFIRMATION_OK"
18813,10419323083,10419323124,1,"IOTHUB_CLIENT_CONFIRMATION_OK"
18814,10419323283,10419323336,1,"IOTHUB_CLIENT_CONFIRMATION_OK"
18815,10419323483,10419323529,1,"IOTHUB_CLIENT_CONFIRMATION_OK"
18816,10419323683,10419323740,1,"IOTHUB_CLIENT_CONFIRMATION_OK"
18817,10419323883,10419323923,1,"IOTHUB_CLIENT_CONFIRMATION_OK"
18818,10419324083,10419324133,1,"IOTHUB_CLIENT_CONFIRMATION_OK"
18819,10419324284,10419324319,1,"IOTHUB_CLIENT_CONFIRMATION_OK"
18820,10419324484,10419324528,1,"IOTHUB_CLIENT_CONFIRMATION_OK"
18821,10419324684,10419324749,1,"IOTHUB_CLIENT_CONFIRMATION_OK"
18822,10419324884,10419324924,1,"IOTHUB_CLIENT_CONFIRMATION_OK"
18823,10419325084,10419325121,1,"IOTHUB_CLIENT_CONFIRMATION_OK"
18824,10419325284,10419325345,1,"IOTHUB_CLIENT_CONFIRMATION_OK"
18825,10419325485,10419325529,1,"IOTHUB_CLIENT_CONFIRMATION_OK"
18826,10419325685,10419325727,1,"IOTHUB_CLIENT_CONFIRMATION_OK"
18827,10419325885,10419325919,1,"IOTHUB_CLIENT_CONFIRMATION_OK"
18828,10419326085,10419326133,1,"IOTHUB_CLIENT_CONFIRMATION_OK"
18829,10419326285,10419326330,1,"IOTHUB_CLIENT_CONFIRMATION_OK"
18830,10419326485,10419326520,1,"IOTHUB_CLIENT_CONFIRMATION_OK"
18831,10419326686,10419326729,1,"IOTHUB_CLIENT_CONFIRMATION_OK"
18832,10419326886,10419326929,1,"IOTHUB_CLIENT_CONFIRMATION_OK"
18833,10419327086,10419327134,1,"IOTHUB_CLIENT_CONFIRMATION_OK"
18834,10419327286,10419327342,1,"IOTHUB_CLIENT_CONFIRMATION_OK"
18835,10419327486,10419327523,1,"IOTHUB_CLIENT_CONFIRMATION_OK"
18836,10419327686,10419327733,1,"IOTHUB_CLIENT_CONFIRMATION_OK"
18837,10419327886,10419327916,1,"IOTHUB_CLIENT_CONFIRMATION_OK"
18838,10419328087,10419328138,1,"IOTHUB_CLIENT_CONFIRMATION_OK"
18839,10419328287,10419328321,1,"IOTHUB_CLIENT_CONFIRMATION_OK"
18840,10419328487,10419328567,1,"IOTHUB_CLIENT_CONFIRMATION_OK"
18841,10419328687,10419328733,1,"IOTHUB_CLIENT_CONFIRMATION_OK"
18842,10419328887,10419328943,1,"IOTHUB_CLIENT_CONFIRMATION_OK"
18843,10419329087,10419329155,1,"IOTHUB_CLIENT_CONFIRMATION_OK"
18844,10419329287,10419329448,1,"IOTHUB_CLIENT_CONFIRMATION_OK"
18845,10419329488,10419329542,1,"IOTHUB_CLIENT_CONFIRMATION_OK"
18846,10419329688,10419329745,1,"IOTHUB_CLIENT_CONFIRMATION_OK"
18847,10419329888,10419329925,1,"IOTHUB_CLIENT_CONFIRMATION_OK"
18848,10419330088,10419330141,1,"IOTHUB_CLIENT_CONFIRMATION_OK"
18849,10419330288,10419330319,1,"IOTHUB_CLIENT_CONFIRMATION_OK"
18850,10419330488,10419330528,1,"IOTHUB_CLIENT_CONFIRMATION_OK"
18851,10419330689,10419330721,1,"IOTHUB_CLIENT_CONFIRMATION_OK"
18852,10419330889,10419330928,1,"IOTHUB_CLIENT_CONFIRMATION_OK"
18853,10419331089,10419331168,1,"IOTHUB_CLIENT_CONFIRMATION_OK"
18854,10419331289,10419331372,1,"IOTHUB_CLIENT_CONFIRMATION_OK"
18855,10419331489,10419331521,1,"IOTHUB_CLIENT_CONFIRMATION_OK"
18856,10419331689,10419331732,1,"IOTHUB_CLIENT_CONFIRMATION_OK"
18857,10419331890,10419331948,1,"IOTHUB_CLIENT_CONFIRMATION_OK"
18858,10419332090,10419332120,1,"IOTHUB_CLIENT_CONFIRMATION_OK"
18859,10419332290,10419332329,1,"IOTHUB_CLIENT_CONFIRMATION_OK"
18860,10419332490,10419332590,1,"IOTHUB_CLIENT_CONFIRMATION_OK"
18861,10419332690,10419332736,1,"IOTHUB_CLIENT_CONFIRMATION_OK"
18862,10419332890,10419332954,1,"IOTHUB_CLIENT_CONFIRMATION_OK"
18863,10419333090,10419333213,1,"IOTHUB_CLIENT_CONFIRMATION_OK"
18864,10419333291,10419333379,1,"IOTHUB_CLIENT_CONFIRMATION_OK"
18865,10419333491,10419333527,1,"IOTHUB_CLIENT_CONFIRMATION_OK"
18866,10419333691,10419333726,1,"IOTHUB_CLIENT_CONFIRMATION_OK"
18867,10419333891,10419333926,1,"IOTHUB_CLIENT_CONFIRMATION_OK"
18868,10419334091,10419334134,1,"IOTHUB_CLIENT_CONFIRMATION_OK"
18869,10419334291,10419334339,1,"IOTHUB_CLIENT_CONFIRMATION_OK"
18870,10419334491,10419334540,1,"IOTHUB_CLIENT_CONFIRMATION_OK"
18871,10419334692,10419334741,1,"IOTHUB_CLIENT_CONFIRMATION_OK"
18872,10419334892,10419334939,1,"IOTHUB_CLIENT_CONFIRMATION_OK"
18873,10419335092,10419335134,1,"IOTHUB_CLIENT_CONFIRMATION_OK"
18874,10419335292,10419335324,1,"IOTHUB_CLIENT_CONFIRMATION_OK"
18875,10419335492,10419335550,1,"IOTHUB_CLIENT_CONFIRMATION_OK"
18876,10419335692,10419335754,1,"IOTHUB_CLIENT_CONFIRMATION_OK"
18877,10419335892,10419335941,1,"IOTHUB_CLIENT_CONFIRMATION_OK"
18878,10419336093,10419336254,1,"IOTHUB_CLIENT_CONFIRMATION_OK"
18879,10419336293,10419336327,1,"IOTHUB_CLIENT_CONFIRMATION_OK"
18880,10419336493,10419336543,1,"IOTHUB_CLIENT_CONFIRMATION_OK"
18881,10419336693,10419336738,1,"IOTHUB_CLIENT_CONFIRMATION_OK"
18882,10419336893,10419337074,1,"IOTHUB_CLIENT_CONFIRMATION_OK"
18883,10419337093,10419337129,1,"IOTHUB_CLIENT_CONFIRMATION_OK"
18884,10419337294,10419337335,1,"IOTHUB_CLIENT_CONFIRMATION_OK"
18885,10419337494,10419337535,1,"IOTHUB_CLIENT_CONFIRMATION_OK"
18886,10419337694,10419337728,1,"IOTHUB_CLIENT_CONFIRMATION_OK"
18887,10419337894,10419337940,1,"IOTHUB_CLIENT_CONFIRMATION_OK"
18888,10419338094,10419338141,1,"IOTHUB_CLIENT_CONFIRMATION_OK"
18889,10419338294,10419338327,1,"IOTHUB_CLIENT_CONFIRMATION_OK"
18890,10419338495,10419338536,1,"IOTHUB_CLIENT_CONFIRMATION_OK"
18891,10419338695,10419338727,1,"IOTHUB_CLIENT_CONFIRMATION_OK"
18892,10419338895,10419338946,1,"IOTHUB_CLIENT_CONFIRMATION_OK"
18893,10419339095,10419339134,1,"IOTHUB_CLIENT_CONFIRMATION_OK"
18894,10419339295,10419339345,1,"IOTHUB_CLIENT_CONFIRMATION_OK"
18895,10419339495,10419339670,1,"IOTHUB_CLIENT_CONFIRMATION_OK"
18896,10419339696,10419339726,1,"IOTHUB_CLIENT_CONFIRMATION_OK"
18897,10419339896,10419339925,1,"IOTHUB_CLIENT_CONFIRMATION_OK"
18898,10419340096,10419340140,1,"IOTHUB_CLIENT_CONFIRMATION_OK"
18899,10419340296,10419340329,1,"IOTHUB_CLIENT_CONFIRMATION_OK"
18900,10419340496,10419340533,1,"IOTHUB_CLIENT_CONFIRMATION_OK"
18901,10419340696,10419340744,1,"IOTHUB_CLIENT_CONFIRMATION_OK"
18902,10419340896,10419340936,1,"IOTHUB_CLIENT_CONFIRMATION_OK"
18903,10419341097,10419341141,1,"IOTHUB_CLIENT_CONFIRMATION_OK"
18904,10419341297,10419341327,1,"IOTHUB_CLIENT_CONFIRMATION_OK"
18905,10419341497,10419341576,1,"IOTHUB_CLIENT_CONFIRMATION_OK"
18906,10419341697,10419341754,1,"IOTHUB_CLIENT_CONFIRMATION_OK"
18907,10419341897,10419341932,1,"IOTHUB_CLIENT_CONFIRMATION_OK"
18908,10419342097,10419342130,1,"IOTHUB_CLIENT_CONFIRMATION_OK"
18909,10419342298,10419342390,1,"IOTHUB_CLIENT_CONFIRMATION_OK"
18910,10419342498,10419342535,1,"IOTHUB_CLIENT_CONFIRMATION_OK"
18911,10419342698,10419342737,1,"IOTHUB_CLIENT_CONFIRMATION_OK"
18912,10419342898,10419342945,1,"IOTHUB_CLIENT_CONFIRMATION_OK"
18913,10419343098,10419343188,1,"IOTHUB_CLIENT_CONFIRMATION_OK"
18914,10419343298,10419343357,1,"IOTHUB_CLIENT_CONFIRMATION_OK"
18915,10419343498,10419343532,1,"IOTHUB_CLIENT_CONFIRMATION_OK"
18916,10419343699,10419343732,1,"IOTHUB_CLIENT_CONFIRMATION_OK"
18917,10419343899,10419343940,1,"IOTHUB_CLIENT_CONFIRMATION_OK"
18918,10419344099,10419344178,1,"IOTHUB_CLIENT_CONFIRMATION_OK"
18919,10419344299,10419344334,1,"IOTHUB_CLIENT_CONFIRMATION_OK"
18920,10419344499,10419344535,1,"IOTHUB_CLIENT_CONFIRMATION_OK"
18921,10419344699,10419344740,1,"IOTHUB_CLIENT_CONFIRMATION_OK"
18922,10419344900,10419344943,1,"IOTHUB_CLIENT_CONFIRMATION_OK"
18923,10419345100,10419345140,1,"IOTHUB_CLIENT_CONFIRMATION_OK"
18924,10419345300,10419345331,1,"IOTHUB_CLIENT_CONFIRMATION_OK"
18925,10419345500,10419345539,1,"IOTHUB_CLIENT_CONFIRMATION_OK"
18926,10419345700,10419345746,1,"IOTHUB_CLIENT_CONFIRMATION_OK"
18927,10419345900,10419345931,1,"IOTHUB_CLIENT_CONFIRMATION_OK"
18928,10419346100,10419346273,1,"IOTHUB_CLIENT_CONFIRMATION_OK"
18929,10419346301,10419346338,1,"IOTHUB_CLIENT_CONFIRMATION_OK"
18930,10419346501,10419346541,1,"IOTHUB_CLIENT_CONFIRMATION_OK"
18931,10419346701,10419346738,1,"IOTHUB_CLIENT_CONFIRMATION_OK"
18932,10419346901,10419346933,1,"IOTHUB_CLIENT_CONFIRMATION_OK"
18933,10419347101,10419347141,1,"IOTHUB_CLIENT_CONFIRMATION_OK"
18934,10419347301,10419347399,1,"IOTHUB_CLIENT_CONFIRMATION_OK"
18935,10419347502,10419347557,1,"IOTHUB_CLIENT_CONFIRMATION_OK"
18936,10419347702,10419347747,1,"IOTHUB_CLIENT_CONFIRMATION_OK"
18937,10419347902,10419347941,1,"IOTHUB_CLIENT_CONFIRMATION_OK"
18938,10419348102,10419348144,1,"IOTHUB_CLIENT_CONFIRMATION_OK"
18939,10419348302,10419348336,1,"IOTHUB_CLIENT_CONFIRMATION_OK"
18940,10419348502,10419348545,1,"IOTHUB_CLIENT_CONFIRMATION_OK"
18941,10419348703,10419348749,1,"IOTHUB_CLIENT_CONFIRMATION_OK"
18942,10419348903,10419348939,1,"IOTHUB_CLIENT_CONFIRMATION_OK"
18943,10419349103,10419349138,1,"IOTHUB_CLIENT_CONFIRMATION_OK"
18944,10419349303,10419349389,1,"IOTHUB_CLIENT_CONFIRMATION_OK"
18945,10419349503,10419349570,1,"IOTHUB_CLIENT_CONFIRMATION_OK"
18946,10419349703,10419349739,1,"IOTHUB_CLIENT_CONFIRMATION_OK"
18947,10419349903,10419349937,1,"IOTHUB_CLIENT_CONFIRMATION_OK"
18948,10419350104,10419350150,1,"IOTHUB_CLIENT_CONFIRMATION_OK"
18949,10419350304,10419350337,1,"IOTHUB_CLIENT_CONFIRMATION_OK"
18950,10419350504,10419350541,1,"IOTHUB_CLIENT_CONFIRMATION_OK"
18951,10419350704,10419350756,1,"IOTHUB_CLIENT_CONFIRMATION_OK"
18952,10419350904,10419350941,1,"IOTHUB_CLIENT_CONFIRMATION_OK"
18953,10419351104,10419351153,1,"IOTHUB_CLIENT_CONFIRMATION_OK"
18954,10419351305,10419351347,1,"IOTHUB_CLIENT_CONFIRMATION_OK"
18955,10419351505,10419351569,1,"IOTHUB_CLIENT_CONFIRMATION_OK"
18956,10419351705,10419351783,1,"IOTHUB_CLIENT_CONFIRMATION_OK"
18957,10419351905,10419351938,1,"IOTHUB_CLIENT_CONFIRMATION_OK"
18958,10419352105,10419352147,1,"IOTHUB_CLIENT_CONFIRMATION_OK"
18959,10419352305,10419352442,1,"IOTHUB_CLIENT_CONFIRMATION_OK"
18960,10419352505,10419352536,1,"IOTHUB_CLIENT_CONFIRMATION_OK"
18961,10419352706,10419352773,1,"IOTHUB_CLIENT_CONFIRMATION_OK"
18962,10419352906,10419352937,1,"IOTHUB_CLIENT_CONFIRMATION_OK"
18963,10419353106,10419353145,1,"IOTHUB_CLIENT_CONFIRMATION_OK"
18964,10419353306,10419353349,1,"IOTHUB_CLIENT_CONFIRMATION_OK"
18965,10419353506,10419353560,1,"IOTHUB_CLIENT_CONFIRMATION_OK"
18966,10419353706,10419353748,1,"IOTHUB_CLIENT_CONFIRMATION_OK"
18967,10419353907,10419353942,1,"IOTHUB_CLIENT_CONFIRMATION_OK"
18968,10419354107,10419354160,1,"IOTHUB_CLIENT_CONFIRMATION_OK"
18969,10419354307,10419354344,1,"IOTHUB_CLIENT_CONFIRMATION_OK"
18970,10419354507,10419354541,1,"IOTHUB_CLIENT_CONFIRMATION_OK"
18971,10419354707,10419354745,1,"IOTHUB_CLIENT_CONFIRMATION_OK"
18972,10419354907,10419354976,1,"IOTHUB_CLIENT_CONFIRMATION_OK"
18973,10419355108,10419355141,1,"IOTHUB_CLIENT_CONFIRMATION_OK"
18974,10419355308,10419355460,1,"IOTHUB_CLIENT_CONFIRMATION_OK"
18975,10419355508,10419355546,1,"IOTHUB_CLIENT_CONFIRMATION_OK"
18976,10419355708,10419355740,1,"IOTHUB_CLIENT_CONFIRMATION_OK"
18977,10419355908,10419355940,1,"IOTHUB_CLIENT_CONFIRMATION_OK"
18978,10419356108,10419356273,1,"IOTHUB_CLIENT_CONFIRMATION_OK"
18979,10419356308,10419356341,1,"IOTHUB_CLIENT_CONFIRMATION_OK"
18980,10419356509,10419356540,1,"IOTHUB_CLIENT_CONFIRMATION_OK"
18981,10419356709,10419356749,1,"IOTHUB_CLIENT_CONFIRMATION_OK"
18982,10419356909,10419356943,1,"IOTHUB_CLIENT_CONFIRMATION_OK"
18983,10419357109,10419357160,1,"IOTHUB_CLIENT_CONFIRMATION_OK"
18984,10419357309,10419357346,1,"IOTHUB_CLIENT_CONFIRMATION_OK"
18985,10419357509,10419357558,1,"IOTHUB_CLIENT_CONFIRMATION_OK"
18986,10419357710,10419357778,1,"IOTHUB_CLIENT_CONFIRMATION_OK"
18987,10419357910,10419357958,1,"IOTHUB_CLIENT_CONFIRMATION_OK"
18988,10419358110,10419358158,1,"IOTHUB_CLIENT_CONFIRMATION_OK"
18989,10419358310,10419358657,1,"IOTHUB_CLIENT_CONFIRMATION_OK"
18990,10419358510,10419358677,1,"IOTHUB_CLIENT_CONFIRMATION_OK"
18991,10419358710,10419358768,1,"IOTHUB_CLIENT_CONFIRMATION_OK"
18992,10419358910,10419358942,1,"IOTHUB_CLIENT_CONFIRMATION_OK"
18993,10419359111,10419359153,1,"IOTHUB_CLIENT_CONFIRMATION_OK"
18994,10419359311,10419359346,1,"IOTHUB_CLIENT_CONFIRMATION_OK"
18995,10419359511,10419359548,1,"IOTHUB_CLIENT_CONFIRMATION_OK"
18996,10419359711,10419359750,1,"IOTHUB_CLIENT_CONFIRMATION_OK"
18997,10419359911,10419359976,1,"IOTHUB_CLIENT_CONFIRMATION_OK"
18998,10419360111,10419360147,1,"IOTHUB_CLIENT_CONFIRMATION_OK"
18999,10419360312,10419360341,1,"IOTHUB_CLIENT_CONFIRMATION_OK"
19000,10419360512,10419360584,1,"IOTHUB_CLIENT_CONFIRMATION_OK"
19001,10419360712,10419360906,1,"IOTHUB_CLIENT_CONFIRMATION_OK"
19002,10419360912,10419360945,1,"IOTHUB_CLIENT_CONFIRMATION_OK"
19003,10419361112,10419361148,1,"IOTHUB_CLIENT_CONFIRMATION_OK"
19004,10419361312,10419361355,1,"IOTHUB_CLIENT_CONFIRMATION_OK"
19005,10419361512,10419361550,1,"IOTHUB_CLIENT_CONFIRMATION_OK"
19006,10419361713,10419361755,1,"IOTHUB_CLIENT_CONFIRMATION_OK"
19007,10419361913,10419361952,1,"IOTHUB_CLIENT_CONFIRMATION_OK"
19008,10419362113,10419362178,1,"IOTHUB_CLIENT_CONFIRMATION_OK"
19009,10419362313,10419362354,1,"IOTHUB_CLIENT_CONFIRMATION_OK"
19010,10419362513,10419362547,1,"IOTHUB_CLIENT_CONFIRMATION_OK"
19011,10419362713,10419362755,1,"IOTHUB_CLIENT_CONFIRMATION_OK"
19012,10419362914,10419362956,1,"IOTHUB_CLIENT_CONFIRMATION_OK"
19013,10419363114,10419363166,1,"IOTHUB_CLIENT_CONFIRMATION_OK"
19014,10419363314,10419363345,1,"IOTHUB_CLIENT_CONFIRMATION_OK"
19015,10419363514,10419363543,1,"IOTHUB_CLIENT_CONFIRMATION_OK"
19016,10419363714,10419363769,1,"IOTHUB_CLIENT_CONFIRMATION_OK"
19017,10419363914,10419363983,1,"IOTHUB_CLIENT_CONFIRMATION_OK"
19018,10419364115,10419364154,1,"IOTHUB_CLIENT_CONFIRMATION_OK"
19019,10419364315,10419364361,1,"IOTHUB_CLIENT_CONFIRMATION_OK"
19020,10419364515,10419364544,1,"IOTHUB_CLIENT_CONFIRMATION_OK"
19021,10419364715,10419364750,1,"IOTHUB_CLIENT_CONFIRMATION_OK"
19022,10419364915,10419364948,1,"IOTHUB_CLIENT_CONFIRMATION_OK"
19023,10419365115,10419365146,1,"IOTHUB_CLIENT_CONFIRMATION_OK"
19024,10419365316,10419365368,1,"IOTHUB_CLIENT_CONFIRMATION_OK"
19025,10419365516,10419365551,1,"IOTHUB_CLIENT_CONFIRMATION_OK"
19026,10419365716,10419365808,1,"IOTHUB_CLIENT_CONFIRMATION_OK"
19027,10419365916,10419365955,1,"IOTHUB_CLIENT_CONFIRMATION_OK"
19028,10419366116,10419366265,1,"IOTHUB_CLIENT_CONFIRMATION_OK"
19029,10419366316,10419366353,1,"IOTHUB_CLIENT_CONFIRMATION_OK"
19030,10419366516,10419366549,1,"IOTHUB_CLIENT_CONFIRMATION_OK"
19031,10419366717,10419366752,1,"IOTHUB_CLIENT_CONFIRMATION_OK"
19032,10419366917,10419366957,1,"IOTHUB_CLIENT_CONFIRMATION_OK"
19033,10419367117,10419367151,1,"IOTHUB_CLIENT_CONFIRMATION_OK"
19034,10419367317,10419367383,1,"IOTHUB_CLIENT_CONFIRMATION_OK"
19035,10419367517,10419367559,1,"IOTHUB_CLIENT_CONFIRMATION_OK"
19036,10419367717,10419367752,1,"IOTHUB_CLIENT_CONFIRMATION_OK"
19037,10419367918,10419367957,1,"IOTHUB_CLIENT_CONFIRMATION_OK"
19038,10419368118,10419368148,1,"IOTHUB_CLIENT_CONFIRMATION_OK"
19039,10419368318,10419368367,1,"IOTHUB_CLIENT_CONFIRMATION_OK"
19040,10419368518,10419368551,1,"IOTHUB_CLIENT_CONFIRMATION_OK"
19041,10419368718,10419368768,1,"IOTHUB_CLIENT_CONFIRMATION_OK"
19042,10419368918,10419368970,1,"IOTHUB_CLIENT_CONFIRMATION_OK"
19043,10419369119,10419369160,1,"IOTHUB_CLIENT_CONFIRMATION_OK"
19044,10419369319,10419369363,1,"IOTHUB_CLIENT_CONFIRMATION_OK"
19045,10419369519,10419369565,1,"IOTHUB_CLIENT_CONFIRMATION_OK"
19046,10419369719,10419369751,1,"IOTHUB_CLIENT_CONFIRMATION_OK"
19047,10419369919,10419369957,1,"IOTHUB_CLIENT_CONFIRMATION_OK"
19048,10419370119,10419370155,1,"IOTHUB_CLIENT_CONFIRMATION_OK"
19049,10419370320,10419370367,1,"IOTHUB_CLIENT_CONFIRMATION_OK"
19050,10419370520,10419370563,1,"IOTHUB_CLIENT_CONFIRMATION_OK"
19051,10419370720,10419370768,1,"IOTHUB_CLIENT_CONFIRMATION_OK"
19052,10419370920,10419370954,1,"IOTHUB_CLIENT_CONFIRMATION_OK"
19053,10419371120,10419371157,1,"IOTHUB_CLIENT_CONFIRMATION_OK"
19054,10419371320,10419371371,1,"IOTHUB_CLIENT_CONFIRMATION_OK"
19055,10419371520,10419371575,1,"IOTHUB_CLIENT_CONFIRMATION_OK"
19056,10419371721,10419371751,1,"IOTHUB_CLIENT_CONFIRMATION_OK"
19057,10419371921,10419371958,1,"IOTHUB_CLIENT_CONFIRMATION_OK"
19058,10419372121,10419372153,1,"IOTHUB_CLIENT_CONFIRMATION_OK"
19059,10419372321,10419372386,1,"IOTHUB_CLIENT_CONFIRMATION_OK"
19060,10419372521,10419372556,1,"IOTHUB_CLIENT_CONFIRMATION_OK"
19061,10419372721,10419372761,1,"IOTHUB_CLIENT_CONFIRMATION_OK"
19062,10419372922,10419373042,1,"IOTHUB_CLIENT_CONFIRMATION_OK"
19063,10419373122,10419373244,1,"IOTHUB_CLIENT_CONFIRMATION_OK"
19064,10419373322,10419373357,1,"IOTHUB_CLIENT_CONFIRMATION_OK"
19065,10419373522,10419373623,1,"IOTHUB_CLIENT_CONFIRMATION_OK"
19066,10419373722,10419373758,1,"IOTHUB_CLIENT_CONFIRMATION_OK"
19067,10419373922,10419373955,1,"IOTHUB_CLIENT_CONFIRMATION_OK"
19068,10419374122,10419374187,1,"IOTHUB_CLIENT_CONFIRMATION_OK"
19069,10419374323,10419374416,1,"IOTHUB_CLIENT_CONFIRMATION_OK"
19070,10419374523,10419374648,1,"IOTHUB_CLIENT_CONFIRMATION_OK"
19071,10419374723,10419374767,1,"IOTHUB_CLIENT_CONFIRMATION_OK"
19072,10419374923,10419374952,1,"IOTHUB_CLIENT_CONFIRMATION_OK"
19073,10419375123,10419375166,1,"IOTHUB_CLIENT_CONFIRMATION_OK"
19074,10419375323,10419375484,1,"IOTHUB_CLIENT_CONFIRMATION_OK"
19075,10419375523,10419375573,1,"IOTHUB_CLIENT_CONFIRMATION_OK"
19076,10419375724,10419375758,1,"IOTHUB_CLIENT_CONFIRMATION_OK"
19077,10419375924,10419375957,1,"IOTHUB_CLIENT_CONFIRMATION_OK"
19078,10419376124,10419376175,1,"IOTHUB_CLIENT_CONFIRMATION_OK"
19079,10419376324,10419376379,1,"IOTHUB_CLIENT_CONFIRMATION_OK"
19080,10419376524,10419376570,1,"IOTHUB_CLIENT_CONFIRMATION_OK"
19081,10419376724,10419376807,1,"IOTHUB_CLIENT_CONFIRMATION_OK"
19082,10419376925,10419376960,1,"IOTHUB_CLIENT_CONFIRMATION_OK"
19083,10419377125,10419377161,1,"IOTHUB_CLIENT_CONFIRMATION_OK"
19084,10419377325,10419377358,1,"IOTHUB_CLIENT_CONFIRMATION_OK"
19085,10419377525,10419377563,1,"IOTHUB_CLIENT_CONFIRMATION_OK"
19086,10419377725,10419377772,1,"IOTHUB_CLIENT_CONFIRMATION_OK"
19087,10419377925,10419377975,1,"IOTHUB_CLIENT_CONFIRMATION_OK"
19088,10419378126,10419378167,1,"IOTHUB_CLIENT_CONFIRMATION_OK"
19089,10419378326,10419378364,1,"IOTHUB_CLIENT_CONFIRMATION_OK"
19090,10419378526,10419378598,1,"IOTHUB_CLIENT_CONFIRMATION_OK"
19091,10419378726,10419378803,1,"IOTHUB_CLIENT_CONFIRMATION_OK"
19092,10419378926,10419378983,1,"IOTHUB_CLIENT_CONFIRMATION_OK"
19093,10419379126,10419379164,1,"IOTHUB_CLIENT_CONFIRMATION_OK"
19094,10419379327,10419379363,1,"IOTHUB_CLIENT_CONFIRMATION_OK"
19095,10419379527,10419379564,1,"IOTHUB_CLIENT_CONFIRMATION_OK"
19096,10419379727,10419379845,1,"IOTHUB_CLIENT_CONFIRMATION_OK"
19097,10419379927,10419379977,1,"IOTHUB_CLIENT_CONFIRMATION_OK"
19098,10419380127,10419380169,1,"IOTHUB_CLIENT_CONFIRMATION_OK"
19099,10419380327,10419380359,1,"IOTHUB_CLIENT_CONFIRMATION_OK"
19100,10419380527,10419380576,1,"IOTHUB_CLIENT_CONFIRMATION_OK"
19101,10419380728,10419380773,1,"IOTHUB_CLIENT_CONFIRMATION_OK"
19102,10419380928,10419381882,1,"IOTHUB_CLIENT_CONFIRMATION_OK"
19103,10419381128,10419381954,1,"IOTHUB_CLIENT_CONFIRMATION_OK"
19104,10419381328,10419382004,1,"IOTHUB_CLIENT_CONFIRMATION_OK"
19105,10419381528,10419382067,1,"IOTHUB_CLIENT_CONFIRMATION_OK"
19106,10419381728,10419382145,1,"IOTHUB_CLIENT_CONFIRMATION_OK"
19107,10419381929,10419382185,1,"IOTHUB_CLIENT_CONFIRMATION_OK"
19108,10419382129,10419382222,1,"IOTHUB_CLIENT_CONFIRMATION_OK"
19109,10419382329,10419382388,1,"IOTHUB_CLIENT_CONFIRMATION_OK"
19110,10419382529,10419382561,1,"IOTHUB_CLIENT_CONFIRMATION_OK"
19111,10419382729,10419382773,1,"IOTHUB_CLIENT_CONFIRMATION_OK"
19112,10419382929,10419382988,1,"IOTHUB_CLIENT_CONFIRMATION_OK"
19113,10419383129,10419383166,1,"IOTHUB_CLIENT_CONFIRMATION_OK"
19114,10419383330,10419383362,1,"IOTHUB_CLIENT_CONFIRMATION_OK"
19115,10419383530,10419383567,1,"IOTHUB_CLIENT_CONFIRMATION_OK"
19116,10419383730,10419383776,1,"IOTHUB_CLIENT_CONFIRMATION_OK"
19117,10419383930,10419383978,1,"IOTHUB_CLIENT_CONFIRMATION_OK"
19118,10419384130,10419384176,1,"IOTHUB_CLIENT_CONFIRMATION_OK"
19119,10419384330,10419384381,1,"IOTHUB_CLIENT_CONFIRMATION_OK"
19120,10419384531,10419384581,1,"IOTHUB_CLIENT_CONFIRMATION_OK"
19121,10419384731,10419384769,1,"IOTHUB_CLIENT_CONFIRMATION_OK"
19122,10419384931,10419384963,1,"IOTHUB_CLIENT_CONFIRMATION_OK"
19123,10419385131,10419385172,1,"IOTHUB_CLIENT_CONFIRMATION_OK"
19124,10419385331,10419385377,1,"IOTHUB_CLIENT_CONFIRMATION_OK"
19125,10419385531,10419385564,1,"IOTHUB_CLIENT_CONFIRMATION_OK"
19126,10419385731,10419385787,1,"IOTHUB_CLIENT_CONFIRMATION_OK"
19127,10419385932,10419385972,1,"IOTHUB_CLIENT_CONFIRMATION_OK"
19128,10419386132,10419386177,1,"IOTHUB_CLIENT_CONFIRMATION_OK"
19129,10419386332,10419386365,1,"IOTHUB_CLIENT_CONFIRMATION_OK"
19130,10419386532,10419386566,1,"IOTHUB_CLIENT_CONFIRMATION_OK"
19131,10419386732,10419386763,1,"IOTHUB_CLIENT_CONFIRMATION_OK"
19132,10419386932,10419386998,1,"IOTHUB_CLIENT_CONFIRMATION_OK"
19133,10419387133,10419387173,1,"IOTHUB_CLIENT_CONFIRMATION_OK"
19134,10419387333,10419387371,1,"IOTHUB_CLIENT_CONFIRMATION_OK"
19135,10419387533,10419387584,1,"IOTHUB_CLIENT_CONFIRMATION_OK"
19136,10419387733,10419387772,1,"IOTHUB_CLIENT_CONFIRMATION_OK"
19137,10419387933,10419388116,1,"IOTHUB_CLIENT_CONFIRMATION_OK"
19138,10419388133,10419388187,1,"IOTHUB_CLIENT_CONFIRMATION_OK"
19139,10419388334,10419388363,1,"IOTHUB_CLIENT_CONFIRMATION_OK"
19140,10419388534,10419388580,1,"IOTHUB_CLIENT_CONFIRMATION_OK"
19141,10419388734,10419388805,1,"IOTHUB_CLIENT_CONFIRMATION_OK"
19142,10419388934,10419388974,1,"IOTHUB_CLIENT_CONFIRMATION_OK"
19143,10419389134,10419389169,1,"IOTHUB_CLIENT_CONFIRMATION_OK"
19144,10419389334,10419389374,1,"IOTHUB_CLIENT_CONFIRMATION_OK"
19145,10419389534,10419389571,1,"IOTHUB_CLIENT_CONFIRMATION_OK"
19146,10419389735,10419389772,1,"IOTHUB_CLIENT_CONFIRMATION_OK"
19147,10419389935,10419390006,1,"IOTHUB_CLIENT_CONFIRMATION_OK"
19148,10419390135,10419390188,1,"IOTHUB_CLIENT_CONFIRMATION_OK"
19149,10419390335,10419390383,1,"IOTHUB_CLIENT_CONFIRMATION_OK"
19150,10419390535,10419390579,1,"IOTHUB_CLIENT_CONFIRMATION_OK"
19151,10419390735,10419390805,1,"IOTHUB_CLIENT_CONFIRMATION_OK"
19152,10419390936,10419391000,1,"IOTHUB_CLIENT_CONFIRMATION_OK"
19153,10419391136,10419391182,1,"IOTHUB_CLIENT_CONFIRMATION_OK"
19154,10419391336,10419391370,1,"IOTHUB_CLIENT_CONFIRMATION_OK"
19155,10419391536,10419391623,1,"IOTHUB_CLIENT_CONFIRMATION_OK"
19156,10419391736,10419391770,1,"IOTHUB_CLIENT_CONFIRMATION_OK"
19157,10419391936,10419391978,1,"IOTHUB_CLIENT_CONFIRMATION_OK"
19158,10419392137,10419392190,1,"IOTHUB_CLIENT_CONFIRMATION_OK"
19159,10419392337,10419392372,1,"IOTHUB_CLIENT_CONFIRMATION_OK"
19160,10419392537,10419392585,1,"IOTHUB_CLIENT_CONFIRMATION_OK"
19161,10419392737,10419392783,1,"IOTHUB_CLIENT_CONFIRMATION_OK"
19162,10419392937,10419392972,1,"IOTHUB_CLIENT_CONFIRMATION_OK"
19163,10419393137,10419393203,1,"IOTHUB_CLIENT_CONFIRMATION_OK"
19164,10419393337,10419393409,1,"IOTHUB_CLIENT_CONFIRMATION_OK"
19165,10419393538,10419393573,1,"IOTHUB_CLIENT_CONFIRMATION_OK"
19166,10419393738,10419393853,1,"IOTHUB_CLIENT_CONFIRMATION_OK"
19167,10419393938,10419393972,1,"IOTHUB_CLIENT_CONFIRMATION_OK"
19168,10419394138,10419394192,1,"IOTHUB_CLIENT_CONFIRMATION_OK"
19169,10419394338,10419394377,1,"IOTHUB_CLIENT_CONFIRMATION_OK"
19170,10419394538,10419394673,1,"IOTHUB_CLIENT_CONFIRMATION_OK"
19171,10419394739,10419394781,1,"IOTHUB_CLIENT_CONFIRMATION_OK"
19172,10419394939,10419394989,1,"IOTHUB_CLIENT_CONFIRMATION_OK"
19173,10419395139,10419395182,1,"IOTHUB_CLIENT_CONFIRMATION_OK"
19174,10419395339,10419395379,1,"IOTHUB_CLIENT_CONFIRMATION_OK"
19175,10419395539,10419395645,1,"IOTHUB_CLIENT_CONFIRMATION_OK"
19176,10419395739,10419395780,1,"IOTHUB_CLIENT_CONFIRMATION_OK"
19177,10419395940,10419395972,1,"IOTHUB_CLIENT_CONFIRMATION_OK"
19178,10419396140,10419396188,1,"IOTHUB_CLIENT_CONFIRMATION_OK"
19179,10419396340,10419396394,1,"IOTHUB_CLIENT_CONFIRMATION_OK"
19180,10419396540,10419396578,1,"IOTHUB_CLIENT_CONFIRMATION_OK"
19181,10419396740,10419396775,1,"IOTHUB_CLIENT_CONFIRMATION_OK"
19182,10419396940,10419396992,1,"IOTHUB_CLIENT_CONFIRMATION_OK"
19183,10419397141,10419397200,1,"IOTHUB_CLIENT_CONFIRMATION_OK"
19184,10419397341,10419397387,1,"IOTHUB_CLIENT_CONFIRMATION_OK"
19185,10419397541,10419397573,1,"IOTHUB_CLIENT_CONFIRMATION_OK"
19186,10419397741,10419397779,1,"IOTHUB_CLIENT_CONFIRMATION_OK"
19187,10419397941,10419397976,1,"IOTHUB_CLIENT_CONFIRMATION_OK"
19188,10419398141,10419398188,1,"IOTHUB_CLIENT_CONFIRMATION_OK"
19189,10419398341,10419398393,1,"IOTHUB_CLIENT_CONFIRMATION_OK"
19190,10419398542,10419398590,1,"IOTHUB_CLIENT_CONFIRMATION_OK"
19191,10419398742,10419398781,1,"IOTHUB_CLIENT_CONFIRMATION_OK"
19192,10419398942,10419398979,1,"IOTHUB_CLIENT_CONFIRMATION_OK"
19193,10419399142,10419399175,1,"IOTHUB_CLIENT_CONFIRMATION_OK"
19194,10419399342,10419399375,1,"IOTHUB_CLIENT_CONFIRMATION_OK"
19195,10419399542,10419399585,1,"IOTHUB_CLIENT_CONFIRMATION_OK"
19196,10419399743,10419399780,1,"IOTHUB_CLIENT_CONFIRMATION_OK"
19197,10419399943,10419399992,1,"IOTHUB_CLIENT_CONFIRMATION_OK"
19198,10419400143,10419400200,1,"IOTHUB_CLIENT_CONFIRMATION_OK"
19199,10419400343,10419400376,1,"IOTHUB_CLIENT_CONFIRMATION_OK"
19200,10419400543,10419400574,1,"IOTHUB_CLIENT_CONFIRMATION_OK"
19201,10419400743,10419400812,1,"IOTHUB_CLIENT_CONFIRMATION_OK"
19202,10419400943,10419400982,1,"IOTHUB_CLIENT_CONFIRMATION_OK"
19203,10419401144,10419401191,1,"IOTHUB_CLIENT_CONFIRMATION_OK"
19204,10419401344,10419401395,1,"IOTHUB_CLIENT_CONFIRMATION_OK"
19205,10419401544,10419401572,1,"IOTHUB_CLIENT_CONFIRMATION_OK"
19206,10419401744,10419401815,1,"IOTHUB_CLIENT_CONFIRMATION_OK"
19207,10419401944,10419401987,1,"IOTHUB_CLIENT_CONFIRMATION_OK"
19208,10419402144,10419402184,1,"IOTHUB_CLIENT_CONFIRMATION_OK"
19209,10419402345,10419402388,1,"IOTHUB_CLIENT_CONFIRMATION_OK"
19210,10419402545,10419402589,1,"IOTHUB_CLIENT_CONFIRMATION_OK"
19211,10419402745,10419402816,1,"IOTHUB_CLIENT_CONFIRMATION_OK"
19212,10419402945,10419403066,1,"IOTHUB_CLIENT_CONFIRMATION_OK"
19213,10419403145,10419403196,1,"IOTHUB_CLIENT_CONFIRMATION_OK"
19214,10419403345,10419403377,1,"IOTHUB_CLIENT_CONFIRMATION_OK"
19215,10419403546,10419403585,1,"IOTHUB_CLIENT_CONFIRMATION_OK"
19216,10419403746,10419403893,1,"IOTHUB_CLIENT_CONFIRMATION_OK"
19217,10419403946,10419403978,1,"IOTHUB_CLIENT_CONFIRMATION_OK"
19218,10419404146,10419404246,1,"IOTHUB_CLIENT_CONFIRMATION_OK"
19219,10419404346,10419404384,1,"IOTHUB_CLIENT_CONFIRMATION_OK"
19220,10419404546,10419404585,1,"IOTHUB_CLIENT_CONFIRMATION_OK"
19221,10419404746,10419404801,1,"IOTHUB_CLIENT_CONFIRMATION_OK"
19222,10419404947,10419405012,1,"IOTHUB_CLIENT_CONFIRMATION_OK"
19223,10419405147,10419405199,1,"IOTHUB_CLIENT_CONFIRMATION_OK"
19224,10419405347,10419405393,1,"IOTHUB_CLIENT_CONFIRMATION_OK"
19225,10419405547,10419405584,1,"IOTHUB_CLIENT_CONFIRMATION_OK"
19226,10419405747,10419405801,1,"IOTHUB_CLIENT_CONFIRMATION_OK"
19227,10419405947,10419405982,1,"IOTHUB_CLIENT_CONFIRMATION_OK"
19228,10419406148,10419406182,1,"IOTHUB_CLIENT_CONFIRMATION_OK"
19229,10419406348,10419406380,1,"IOTHUB_CLIENT_CONFIRMATION_OK"
19230,10419406548,10419406607,1,"IOTHUB_CLIENT_CONFIRMATION_OK"
19231,10419406748,10419406795,1,"IOTHUB_CLIENT_CONFIRMATION_OK"
19232,10419406948,10419406998,1,"IOTHUB_CLIENT_CONFIRMATION_OK"
19233,10419407148,10419407182,1,"IOTHUB_CLIENT_CONFIRMATION_OK"
19234,10419407348,10419407380,1,"IOTHUB_CLIENT_CONFIRMATION_OK"
19235,10419407549,10419407591,1,"IOTHUB_CLIENT_CONFIRMATION_OK"
19236,10419407749,10419407792,1,"IOTHUB_CLIENT_CONFIRMATION_OK"
19237,10419407949,10419407986,1,"IOTHUB_CLIENT_CONFIRMATION_OK"
19238,10419408149,10419408186,1,"IOTHUB_CLIENT_CONFIRMATION_OK"
19239,10419408349,10419408440,1,"IOTHUB_CLIENT_CONFIRMATION_OK"
19240,10419408549,10419408607,1,"IOTHUB_CLIENT_CONFIRMATION_OK"
19241,10419408750,10419408780,1,"IOTHUB_CLIENT_CONFIRMATION_OK"
19242,10419408950,10419409004,1,"IOTHUB_CLIENT_CONFIRMATION_OK"
19243,10419409150,10419409361,1,"IOTHUB_CLIENT_CONFIRMATION_OK"
19244,10419409350,10419409400,1,"IOTHUB_CLIENT_CONFIRMATION_OK"
19245,10419409550,10419409589,1,"IOTHUB_CLIENT_CONFIRMATION_OK"
19246,10419409750,10419409797,1,"IOTHUB_CLIENT_CONFIRMATION_OK"
19247,10419409951,10419410076,1,"IOTHUB_CLIENT_CONFIRMATION_OK"
19248,10419410151,10419410191,1,"IOTHUB_CLIENT_CONFIRMATION_OK"
19249,10419410351,10419410443,1,"IOTHUB_CLIENT_CONFIRMATION_OK"
19250,10419410551,10419410590,1,"IOTHUB_CLIENT_CONFIRMATION_OK"
19251,10419410751,10419410784,1,"IOTHUB_CLIENT_CONFIRMATION_OK"
19252,10419410951,10419410987,1,"IOTHUB_CLIENT_CONFIRMATION_OK"
19253,10419411151,10419411185,1,"IOTHUB_CLIENT_CONFIRMATION_OK"
19254,10419411352,10419411386,1,"IOTHUB_CLIENT_CONFIRMATION_OK"
19255,10419411552,10419411610,1,"IOTHUB_CLIENT_CONFIRMATION_OK"
19256,10419411752,10419411800,1,"IOTHUB_CLIENT_CONFIRMATION_OK"
19257,10419411952,10419412010,1,"IOTHUB_CLIENT_CONFIRMATION_OK"
19258,10419412152,10419412200,1,"IOTHUB_CLIENT_CONFIRMATION_OK"
19259,10419412352,10419412399,1,"IOTHUB_CLIENT_CONFIRMATION_OK"
19260,10419412553,10419412590,1,"IOTHUB_CLIENT_CONFIRMATION_OK"
19261,10419412753,10419412786,1,"IOTHUB_CLIENT_CONFIRMATION_OK"
19262,10419412953,10419413096,1,"IOTHUB_CLIENT_CONFIRMATION_OK"
19263,10419413153,10419413186,1,"IOTHUB_CLIENT_CONFIRMATION_OK"
19264,10419413353,10419413383,1,"IOTHUB_CLIENT_CONFIRMATION_OK"
19265,10419413553,10419413587,1,"IOTHUB_CLIENT_CONFIRMATION_OK"
19266,10419413753,10419413801,1,"IOTHUB_CLIENT_CONFIRMATION_OK"
19267,10419413954,10419413993,1,"IOTHUB_CLIENT_CONFIRMATION_OK"
19268,10419414154,10419414201,1,"IOTHUB_CLIENT_CONFIRMATION_OK"
19269,10419414354,10419414399,1,"IOTHUB_CLIENT_CONFIRMATION_OK"
19270,10419414554,10419414591,1,"IOTHUB_CLIENT_CONFIRMATION_OK"
19271,10419414754,10419414799,1,"IOTHUB_CLIENT_CONFIRMATION_OK"
19272,10419414954,10419414987,1,"IOTHUB_CLIENT_CONFIRMATION_OK"
19273,10419415155,10419415223,1,"IOTHUB_CLIENT_CONFIRMATION_OK"
19274,10419415355,10419415421,1,"IOTHUB_CLIENT_CONFIRMATION_OK"
19275,10419415555,10419415599,1,"IOTHUB_CLIENT_CONFIRMATION_OK"
19276,10419415755,10419415861,1,"IOTHUB_CLIENT_CONFIRMATION_OK"
19277,10419415955,10419416004,1,"IOTHUB_CLIENT_CONFIRMATION_OK"
19278,10419416155,10419416200,1,"IOTHUB_CLIENT_CONFIRMATION_OK"
19279,10419416356,10419416397,1,"IOTHUB_CLIENT_CONFIRMATION_OK"
19280,10419416556,10419416594,1,"IOTHUB_CLIENT_CONFIRMATION_OK"
19281,10419416756,10419416959,1,"IOTHUB_CLIENT_CONFIRMATION_OK"
19282,10419416956,10419417005,1,"IOTHUB_CLIENT_CONFIRMATION_OK"
19283,10419417156,10419417193,1,"IOTHUB_CLIENT_CONFIRMATION_OK"
19284,10419417356,10419417390,1,"IOTHUB_CLIENT_CONFIRMATION_OK"
19285,10419417556,10419417598,1,"IOTHUB_CLIENT_CONFIRMATION_OK"
19286,10419417757,10419417806,1,"IOTHUB_CLIENT_CONFIRMATION_OK"
19287,10419417957,10419417994,1,"IOTHUB_CLIENT_CONFIRMATION_OK"
19288,10419418157,10419418248,1,"IOTHUB_CLIENT_CONFIRMATION_OK"
19289,10419418357,10419418480,1,"IOTHUB_CLIENT_CONFIRMATION_OK"
19290,10419418557,10419418610,1,"IOTHUB_CLIENT_CONFIRMATION_OK"
19291,10419418757,10419418800,1,"IOTHUB_CLIENT_CONFIRMATION_OK"
19292,10419418958,10419418991,1,"IOTHUB_CLIENT_CONFIRMATION_OK"
19293,10419419158,10419419189,1,"IOTHUB_CLIENT_CONFIRMATION_OK"
19294,10419419358,10419419390,1,"IOTHUB_CLIENT_CONFIRMATION_OK"
19295,10419419558,10419419604,1,"IOTHUB_CLIENT_CONFIRMATION_OK"
19296,10419419758,10419419798,1,"IOTHUB_CLIENT_CONFIRMATION_OK"
19297,10419419958,10419419999,1,"IOTHUB_CLIENT_CONFIRMATION_OK"
19298,10419420159,10419420194,1,"IOTHUB_CLIENT_CONFIRMATION_OK"
19299,10419420359,10419420424,1,"IOTHUB_CLIENT_CONFIRMATION_OK"
19300,10419420559,10419420637,1,"IOTHUB_CLIENT_CONFIRMATION_OK"
19301,10419420759,10419420850,1,"IOTHUB_CLIENT_CONFIRMATION_OK"
19302,10419420959,10419421004,1,"IOTHUB_CLIENT_CONFIRMATION_OK"
19303,10419421159,10419421194,1,"IOTHUB_CLIENT_CONFIRMATION_OK"
19304,10419421359,10419421444,1,"IOTHUB_CLIENT_CONFIRMATION_OK"
19305,10419421560,10419421604,1,"IOTHUB_CLIENT_CONFIRMATION_OK"
19306,10419421760,10419421793,1,"IOTHUB_CLIENT_CONFIRMATION_OK"
19307,10419421960,10419422026,1,"IOTHUB_CLIENT_CONFIRMATION_OK"
19308,10419422160,10419422299,1,"IOTHUB_CLIENT_CONFIRMATION_OK"
19309,10419422360,10419422402,1,"IOTHUB_CLIENT_CONFIRMATION_OK"
19310,10419422560,10419422604,1,"IOTHUB_CLIENT_CONFIRMATION_OK"
19311,10419422761,10419422817,1,"IOTHUB_CLIENT_CONFIRMATION_OK"
19312,10419422961,10419423080,1,"IOTHUB_CLIENT_CONFIRMATION_OK"
19313,10419423161,10419423194,1,"IOTHUB_CLIENT_CONFIRMATION_OK"
19314,10419423361,10419423392,1,"IOTHUB_CLIENT_CONFIRMATION_OK"
19315,10419423561,10419423596,1,"IOTHUB_CLIENT_CONFIRMATION_OK"
19316,10419423761,10419423894,1,"IOTHUB_CLIENT_CONFIRMATION_OK"
19317,10419423962,10419424000,1,"IOTHUB_CLIENT_CONFIRMATION_OK"
19318,10419424162,10419424194,1,"IOTHUB_CLIENT_CONFIRMATION_OK"
19319,10419424362,10419424401,1,"IOTHUB_CLIENT_CONFIRMATION_OK"
19320,10419424562,10419424601,1,"IOTHUB_CLIENT_CONFIRMATION_OK"
19321,10419424762,10419424799,1,"IOTHUB_CLIENT_CONFIRMATION_OK"
19322,10419424962,10419425002,1,"IOTHUB_CLIENT_CONFIRMATION_OK"
19323,10419425162,10419425196,1,"IOTHUB_CLIENT_CONFIRMATION_OK"
19324,10419425363,10419425412,1,"IOTHUB_CLIENT_CONFIRMATION_OK"
19325,10419425563,10419425595,1,"IOTHUB_CLIENT_CONFIRMATION_OK"
19326,10419425763,10419425800,1,"IOTHUB_CLIENT_CONFIRMATION_OK"
19327,10419425963,10419426000,1,"IOTHUB_CLIENT_CONFIRMATION_OK"
19328,10419426163,10419426201,1,"IOTHUB_CLIENT_CONFIRMATION_OK"
19329,10419426363,10419426417,1,"IOTHUB_CLIENT_CONFIRMATION_OK"
19330,10419426564,10419426616,1,"IOTHUB_CLIENT_CONFIRMATION_OK"
19331,10419426764,10419426941,1,"IOTHUB_CLIENT_CONFIRMATION_OK"
19332,10419426964,10419427009,1,"IOTHUB_CLIENT_CONFIRMATION_OK"
19333,10419427164,10419427195,1,"IOTHUB_CLIENT_CONFIRMATION_OK"
19334,10419427364,10419427397,1,"IOTHUB_CLIENT_CONFIRMATION_OK"
19335,10419427564,10419427631,1,"IOTHUB_CLIENT_CONFIRMATION_OK"
19336,10419427765,10419427822,1,"IOTHUB_CLIENT_CONFIRMATION_OK"
19337,10419427965,10419428005,1,"IOTHUB_CLIENT_CONFIRMATION_OK"
19338,10419428165,10419428201,1,"IOTHUB_CLIENT_CONFIRMATION_OK"
19339,10419428365,10419428420,1,"IOTHUB_CLIENT_CONFIRMATION_OK"
19340,10419428565,10419428620,1,"IOTHUB_CLIENT_CONFIRMATION_OK"
19341,10419428765,10419428819,1,"IOTHUB_CLIENT_CONFIRMATION_OK"
19342,10419428966,10419429003,1,"IOTHUB_CLIENT_CONFIRMATION_OK"
19343,10419429166,10419429230,1,"IOTHUB_CLIENT_CONFIRMATION_OK"
19344,10419429366,10419429400,1,"IOTHUB_CLIENT_CONFIRMATION_OK"
19345,10419429566,10419429704,1,"IOTHUB_CLIENT_CONFIRMATION_OK"
19346,10419429766,10419429882,1,"IOTHUB_CLIENT_CONFIRMATION_OK"
19347,10419429966,10419430000,1,"IOTHUB_CLIENT_CONFIRMATION_OK"
19348,10419430166,10419430204,1,"IOTHUB_CLIENT_CONFIRMATION_OK"
19349,10419430367,10419430406,1,"IOTHUB_CLIENT_CONFIRMATION_OK"
19350,10419430567,10419430603,1,"IOTHUB_CLIENT_CONFIRMATION_OK"
19351,10419430767,10419430810,1,"IOTHUB_CLIENT_CONFIRMATION_OK"
19352,10419430967,10419431011,1,"IOTHUB_CLIENT_CONFIRMATION_OK"
19353,10419431167,10419431262,1,"IOTHUB_CLIENT_CONFIRMATION_OK"
19354,10419431367,10419431592,1,"IOTHUB_CLIENT_CONFIRMATION_OK"
19355,10419431568,10419431645,1,"IOTHUB_CLIENT_CONFIRMATION_OK"
19356,10419431768,10419431803,1,"IOTHUB_CLIENT_CONFIRMATION_OK"
19357,10419431968,10419432007,1,"IOTHUB_CLIENT_CONFIRMATION_OK"
19358,10419432168,10419432205,1,"IOTHUB_CLIENT_CONFIRMATION_OK"
19359,10419432368,10419432447,1,"IOTHUB_CLIENT_CONFIRMATION_OK"
19360,10419432568,10419432605,1,"IOTHUB_CLIENT_CONFIRMATION_OK"
19361,10419432768,10419432812,1,"IOTHUB_CLIENT_CONFIRMATION_OK"
19362,10419432969,10419433007,1,"IOTHUB_CLIENT_CONFIRMATION_OK"
19363,10419433169,10419433216,1,"IOTHUB_CLIENT_CONFIRMATION_OK"
19364,10419433369,10419433446,1,"IOTHUB_CLIENT_CONFIRMATION_OK"
19365,10419433569,10419433638,1,"IOTHUB_CLIENT_CONFIRMATION_OK"
19366,10419433769,10419433809,1,"IOTHUB_CLIENT_CONFIRMATION_OK"
19367,10419433969,10419434006,1,"IOTHUB_CLIENT_CONFIRMATION_OK"
19368,10419434169,10419434205,1,"IOTHUB_CLIENT_CONFIRMATION_OK"
19369,10419434370,10419434406,1,"IOTHUB_CLIENT_CONFIRMATION_OK"
19370,10419434570,10419434614,1,"IOTHUB_CLIENT_CONFIRMATION_OK"
19371,10419434770,10419434804,1,"IOTHUB_CLIENT_CONFIRMATION_OK"
19372,10419434970,10419435013,1,"IOTHUB_CLIENT_CONFIRMATION_OK"
19373,10419435170,10419435205,1,"IOTHUB_CLIENT_CONFIRMATION_OK"
19374,10419435370,10419435420,1,"IOTHUB_CLIENT_CONFIRMATION_OK"
19375,10419435571,10419435794,1,"IOTHUB_CLIENT_CONFIRMATION_OK"
19376,10419435771,10419435827,1,"IOTHUB_CLIENT_CONFIRMATION_OK"
19377,10419435971,10419436013,1,"IOTHUB_CLIENT_CONFIRMATION_OK"
19378,10419436171,10419436205,1,"IOTHUB_CLIENT_CONFIRMATION_OK"
19379,10419436371,10419436420,1,"IOTHUB_CLIENT_CONFIRMATION_OK"
19380,10419436571,10419436625,1,"IOTHUB_CLIENT_CONFIRMATION_OK"
19381,10419436771,10419436837,1,"IOTHUB_CLIENT_CONFIRMATION_OK"
19382,10419436972,10419437071,1,"IOTHUB_CLIENT_CONFIRMATION_OK"
19383,10419437172,10419437215,1,"IOTHUB_CLIENT_CONFIRMATION_OK"
19384,10419437372,10419437464,1,"IOTHUB_CLIENT_CONFIRMATION_OK"
19385,10419437572,10419437685,1,"IOTHUB_CLIENT_CONFIRMATION_OK"
19386,10419437772,10419437825,1,"IOTHUB_CLIENT_CONFIRMATION_OK"
19387,10419437972,10419438006,1,"IOTHUB_CLIENT_CONFIRMATION_OK"
19388,10419438173,10419438224,1,"IOTHUB_CLIENT_CONFIRMATION_OK"
19389,10419438373,10419438473,1,"IOTHUB_CLIENT_CONFIRMATION_OK"
19390,10419438573,10419438603,1,"IOTHUB_CLIENT_CONFIRMATION_OK"
19391,10419438773,10419438816,1,"IOTHUB_CLIENT_CONFIRMATION_OK"
19392,10419438973,10419439024,1,"IOTHUB_CLIENT_CONFIRMATION_OK"
19393,10419439173,10419439209,1,"IOTHUB_CLIENT_CONFIRMATION_OK"
19394,10419439374,10419439442,1,"IOTHUB_CLIENT_CONFIRMATION_OK"
19395,10419439574,10419439606,1,"IOTHUB_CLIENT_CONFIRMATION_OK"
19396,10419439774,10419439817,1,"IOTHUB_CLIENT_CONFIRMATION_OK"
19397,10419439974,10419440018,1,"IOTHUB_CLIENT_CONFIRMATION_OK"
19398,10419440174,10419440208,1,"IOTHUB_CLIENT_CONFIRMATION_OK"
19399,10419440374,10419440420,1,"IOTHUB_CLIENT_CONFIRMATION_OK"
19400,10419440574,10419440614,1,"IOTHUB_CLIENT_CONFIRMATION_OK"
19401,10419440775,10419440821,1,"IOTHUB_CLIENT_CONFIRMATION_OK"
19402,10419440975,10419441020,1,"IOTHUB_CLIENT_CONFIRMATION_OK"
19403,10419441175,10419441296,1,"IOTHUB_CLIENT_CONFIRMATION_OK"
19404,10419441375,10419441535,1,"IOTHUB_CLIENT_CONFIRMATION_OK"
19405,10419441575,10419441624,1,"IOTHUB_CLIENT_CONFIRMATION_OK"
19406,10419441775,10419441810,1,"IOTHUB_CLIENT_CONFIRMATION_OK"
19407,10419441976,10419442022,1,"IOTHUB_CLIENT_CONFIRMATION_OK"
19408,10419442176,10419442352,1,"IOTHUB_CLIENT_CONFIRMATION_OK"
19409,10419442376,10419442405,1,"IOTHUB_CLIENT_CONFIRMATION_OK"
19410,10419442576,10419442608,1,"IOTHUB_CLIENT_CONFIRMATION_OK"
19411,10419442776,10419442809,1,"IOTHUB_CLIENT_CONFIRMATION_OK"
19412,10419442976,10419443033,1,"IOTHUB_CLIENT_CONFIRMATION_OK"
19413,10419443177,10419443218,1,"IOTHUB_CLIENT_CONFIRMATION_OK"
19414,10419443377,10419443457,1,"IOTHUB_CLIENT_CONFIRMATION_OK"
19415,10419443577,10419443612,1,"IOTHUB_CLIENT_CONFIRMATION_OK"
19416,10419443777,10419443811,1,"IOTHUB_CLIENT_CONFIRMATION_OK"
19417,10419443977,10419444022,1,"IOTHUB_CLIENT_CONFIRMATION_OK"
19418,10419444177,10419444214,1,"IOTHUB_CLIENT_CONFIRMATION_OK"
19419,10419444377,10419444412,1,"IOTHUB_CLIENT_CONFIRMATION_OK"
19420,10419444578,10419444621,1,"IOTHUB_CLIENT_CONFIRMATION_OK"
19421,10419444778,10419444841,1,"IOTHUB_CLIENT_CONFIRMATION_OK"
19422,10419444978,10419445030,1,"IOTHUB_CLIENT_CONFIRMATION_OK"
19423,10419445178,10419445208,1,"IOTHUB_CLIENT_CONFIRMATION_OK"
19424,10419445378,10419445488,1,"IOTHUB_CLIENT_CONFIRMATION_OK"
19425,10419445578,10419445623,1,"IOTHUB_CLIENT_CONFIRMATION_OK"
19426,10419445779,10419445840,1,"IOTHUB_CLIENT_CONFIRMATION_OK"
19427,10419445979,10419446011,1,"IOTHUB_CLIENT_CONFIRMATION_OK"
19428,10419446179,10419446210,1,"IOTHUB_CLIENT_CONFIRMATION_OK"
19429,10419446379,10419446431,1,"IOTHUB_CLIENT_CONFIRMATION_OK"
19430,10419446579,10419446620,1,"IOTHUB_CLIENT_CONFIRMATION_OK"
19431,10419446779,10419446818,1,"IOTHUB_CLIENT_CONFIRMATION_OK"
19432,10419446979,10419447022,1,"IOTHUB_CLIENT_CONFIRMATION_OK"
19433,10419447180,10419447211,1,"IOTHUB_CLIENT_CONFIRMATION_OK"
19434,10419447380,10419447430,1,"IOTHUB_CLIENT_CONFIRMATION_OK"
19435,10419447580,10419447633,1,"IOTHUB_CLIENT_CONFIRMATION_OK"
19436,10419447780,10419447818,1,"IOTHUB_CLIENT_CONFIRMATION_OK"
19437,10419447980,10419448045,1,"IOTHUB_CLIENT_CONFIRMATION_OK"
19438,10419448180,10419448222,1,"IOTHUB_CLIENT_CONFIRMATION_OK"
19439,10419448381,10419448458,1,"IOTHUB_CLIENT_CONFIRMATION_OK"
19440,10419448581,10419448616,1,"IOTHUB_CLIENT_CONFIRMATION_OK"
19441,10419448781,10419448813,1,"IOTHUB_CLIENT_CONFIRMATION_OK"
19442,10419448981,10419449032,1,"IOTHUB_CLIENT_CONFIRMATION_OK"
19443,10419449181,10419449239,1,"IOTHUB_CLIENT_CONFIRMATION_OK"
19444,10419449381,10419449422,1,"IOTHUB_CLIENT_CONFIRMATION_OK"
19445,10419449582,10419449635,1,"IOTHUB_CLIENT_CONFIRMATION_OK"
19446,10419449782,10419449816,1,"IOTHUB_CLIENT_CONFIRMATION_OK"
19447,10419449982,10419450020,1,"IOTHUB_CLIENT_CONFIRMATION_OK"
19448,10419450182,10419450214,1,"IOTHUB_CLIENT_CONFIRMATION_OK"
19449,10419450382,10419450441,1,"IOTHUB_CLIENT_CONFIRMATION_OK"
19450,10419450582,10419450681,1,"IOTHUB_CLIENT_CONFIRMATION_OK"
19451,10419450782,10419450892,1,"IOTHUB_CLIENT_CONFIRMATION_OK"
19452,10419450983,10419451036,1,"IOTHUB_CLIENT_CONFIRMATION_OK"
19453,10419451183,10419451217,1,"IOTHUB_CLIENT_CONFIRMATION_OK"
19454,10419451383,10419451534,1,"IOTHUB_CLIENT_CONFIRMATION_OK"
19455,10419451583,10419451638,1,"IOTHUB_CLIENT_CONFIRMATION_OK"
19456,10419451783,10419451824,1,"IOTHUB_CLIENT_CONFIRMATION_OK"
19457,10419451983,10419452047,1,"IOTHUB_CLIENT_CONFIRMATION_OK"
19458,10419452184,10419452235,1,"IOTHUB_CLIENT_CONFIRMATION_OK"
19459,10419452384,10419452416,1,"IOTHUB_CLIENT_CONFIRMATION_OK"
19460,10419452584,10419452618,1,"IOTHUB_CLIENT_CONFIRMATION_OK"
19461,10419452784,10419452814,1,"IOTHUB_CLIENT_CONFIRMATION_OK"
19462,10419452984,10419453059,1,"IOTHUB_CLIENT_CONFIRMATION_OK"
19463,10419453184,10419453214,1,"IOTHUB_CLIENT_CONFIRMATION_OK"
19464,10419453385,10419453455,1,"IOTHUB_CLIENT_CONFIRMATION_OK"
19465,10419453585,10419453629,1,"IOTHUB_CLIENT_CONFIRMATION_OK"
19466,10419453785,10419453828,1,"IOTHUB_CLIENT_CONFIRMATION_OK"
19467,10419453985,10419454027,1,"IOTHUB_CLIENT_CONFIRMATION_OK"
19468,10419454185,10419454225,1,"IOTHUB_CLIENT_CONFIRMATION_OK"
19469,10419454385,10419454422,1,"IOTHUB_CLIENT_CONFIRMATION_OK"
19470,10419454586,10419454620,1,"IOTHUB_CLIENT_CONFIRMATION_OK"
19471,10419454786,10419454828,1,"IOTHUB_CLIENT_CONFIRMATION_OK"
19472,10419454986,10419455021,1,"IOTHUB_CLIENT_CONFIRMATION_OK"
19473,10419455186,10419455398,1,"IOTHUB_CLIENT_CONFIRMATION_OK"
19474,10419455386,10419455451,1,"IOTHUB_CLIENT_CONFIRMATION_OK"
19475,10419455586,10419455640,1,"IOTHUB_CLIENT_CONFIRMATION_OK"
19476,10419455787,10419455846,1,"IOTHUB_CLIENT_CONFIRMATION_OK"
19477,10419455987,10419456047,1,"IOTHUB_CLIENT_CONFIRMATION_OK"
19478,10419456187,10419456219,1,"IOTHUB_CLIENT_CONFIRMATION_OK"
19479,10419456387,10419456418,1,"IOTHUB_CLIENT_CONFIRMATION_OK"
19480,10419456587,10419456617,1,"IOTHUB_CLIENT_CONFIRMATION_OK"
19481,10419456788,10419456831,1,"IOTHUB_CLIENT_CONFIRMATION_OK"
19482,10419456988,10419457026,1,"IOTHUB_CLIENT_CONFIRMATION_OK"
19483,10419457188,10419457219,1,"IOTHUB_CLIENT_CONFIRMATION_OK"
19484,10419457388,10419457446,1,"IOTHUB_CLIENT_CONFIRMATION_OK"
19485,10419457588,10419457655,1,"IOTHUB_CLIENT_CONFIRMATION_OK"
19486,10419457789,10419457818,1,"IOTHUB_CLIENT_CONFIRMATION_OK"
19487,10419457989,10419458024,1,"IOTHUB_CLIENT_CONFIRMATION_OK"
19488,10419458189,10419458223,1,"IOTHUB_CLIENT_CONFIRMATION_OK"
19489,10419458389,10419458466,1,"IOTHUB_CLIENT_CONFIRMATION_OK"
19490,10419458589,10419458623,1,"IOTHUB_CLIENT_CONFIRMATION_OK"
19491,10419458789,10419458837,1,"IOTHUB_CLIENT_CONFIRMATION_OK"
19492,10419458990,10419459047,1,"IOTHUB_CLIENT_CONFIRMATION_OK"
19493,10419459190,10419459234,1,"IOTHUB_CLIENT_CONFIRMATION_OK"
19494,10419459390,10419459425,1,"IOTHUB_CLIENT_CONFIRMATION_OK"
19495,10419459590,10419459624,1,"IOTHUB_CLIENT_CONFIRMATION_OK"
19496,10419459790,10419459881,1,"IOTHUB_CLIENT_CONFIRMATION_OK"
19497,10419459990,10419460027,1,"IOTHUB_CLIENT_CONFIRMATION_OK"
19498,10419460190,10419460240,1,"IOTHUB_CLIENT_CONFIRMATION_OK"
19499,10419460391,10419460422,1,"IOTHUB_CLIENT_CONFIRMATION_OK"
19500,10419460591,10419460783,1,"IOTHUB_CLIENT_CONFIRMATION_OK"
19501,10419460791,10419460833,1,"IOTHUB_CLIENT_CONFIRMATION_OK"
19502,10419460991,10419461029,1,"IOTHUB_CLIENT_CONFIRMATION_OK"
19503,10419461191,10419461253,1,"IOTHUB_CLIENT_CONFIRMATION_OK"
19504,10419461391,10419461436,1,"IOTHUB_CLIENT_CONFIRMATION_OK"
19505,10419461592,10419461630,1,"IOTHUB_CLIENT_CONFIRMATION_OK"
19506,10419461792,10419461825,1,"IOTHUB_CLIENT_CONFIRMATION_OK"
19507,10419461992,10419462023,1,"IOTHUB_CLIENT_CONFIRMATION_OK"
19508,10419462192,10419462268,1,"IOTHUB_CLIENT_CONFIRMATION_OK"
19509,10419462392,10419462429,1,"IOTHUB_CLIENT_CONFIRMATION_OK"
19510,10419462592,10419462627,1,"IOTHUB_CLIENT_CONFIRMATION_OK"
19511,10419462792,10419462837,1,"IOTHUB_CLIENT_CONFIRMATION_OK"
19512,10419462993,10419463046,1,"IOTHUB_CLIENT_CONFIRMATION_OK"
19513,10419463193,10419463225,1,"IOTHUB_CLIENT_CONFIRMATION_OK"
19514,10419463393,10419463426,1,"IOTHUB_CLIENT_CONFIRMATION_OK"
19515,10419463593,10419463689,1,"IOTHUB_CLIENT_CONFIRMATION_OK"
19516,10419463793,10419463858,1,"IOTHUB_CLIENT_CONFIRMATION_OK"
19517,10419463993,10419464033,1,"IOTHUB_CLIENT_CONFIRMATION_OK"
19518,10419464194,10419464242,1,"IOTHUB_CLIENT_CONFIRMATION_OK"
19519,10419464394,10419464485,1,"IOTHUB_CLIENT_CONFIRMATION_OK"
19520,10419464594,10419464631,1,"IOTHUB_CLIENT_CONFIRMATION_OK"
19521,10419464794,10419464827,1,"IOTHUB_CLIENT_CONFIRMATION_OK"
19522,10419464994,10419465027,1,"IOTHUB_CLIENT_CONFIRMATION_OK"
19523,10419465194,10419465313,1,"IOTHUB_CLIENT_CONFIRMATION_OK"
19524,10419465395,10419465454,1,"IOTHUB_CLIENT_CONFIRMATION_OK"
19525,10419465595,10419465625,1,"IOTHUB_CLIENT_CONFIRMATION_OK"
19526,10419465795,10419465825,1,"IOTHUB_CLIENT_CONFIRMATION_OK"
19527,10419465995,10419466102,1,"IOTHUB_CLIENT_CONFIRMATION_OK"
19528,10419466195,10419466228,1,"IOTHUB_CLIENT_CONFIRMATION_OK"
19529,10419466395,10419466428,1,"IOTHUB_CLIENT_CONFIRMATION_OK"
19530,10419466596,10419466726,1,"IOTHUB_CLIENT_CONFIRMATION_OK"
19531,10419466796,10419466957,1,"IOTHUB_CLIENT_CONFIRMATION_OK"
19532,10419466996,10419467045,1,"IOTHUB_CLIENT_CONFIRMATION_OK"
19533,10419467196,10419467254,1,"IOTHUB_CLIENT_CONFIRMATION_OK"
19534,10419467396,10419467426,1,"IOTHUB_CLIENT_CONFIRMATION_OK"
19535,10419467596,10419467630,1,"IOTHUB_CLIENT_CONFIRMATION_OK"
19536,10419467796,10419467834,1,"IOTHUB_CLIENT_CONFIRMATION_OK"
19537,10419467997,10419468029,1,"IOTHUB_CLIENT_CONFIRMATION_OK"
19538,10419468197,10419468303,1,"IOTHUB_CLIENT_CONFIRMATION_OK"
19539,10419468397,10419468432,1,"IOTHUB_CLIENT_CONFIRMATION_OK"
19540,10419468597,10419468678,1,"IOTHUB_CLIENT_CONFIRMATION_OK"
19541,10419468797,10419468836,1,"IOTHUB_CLIENT_CONFIRMATION_OK"
19542,10419468997,10419469029,1,"IOTHUB_CLIENT_CONFIRMATION_OK"
19543,10419469198,10419469249,1,"IOTHUB_CLIENT_CONFIRMATION_OK"
19544,10419469398,10419469432,1,"IOTHUB_CLIENT_CONFIRMATION_OK"
19545,10419469598,10419469631,1,"IOTHUB_CLIENT_CONFIRMATION_OK"
19546,10419469798,10419470001,1,"IOTHUB_CLIENT_CONFIRMATION_OK"
19547,10419469998,10419470046,1,"IOTHUB_CLIENT_CONFIRMATION_OK"
19548,10419470198,10419470317,1,"IOTHUB_CLIENT_CONFIRMATION_OK"
19549,10419470399,10419470433,1,"IOTHUB_CLIENT_CONFIRMATION_OK"
19550,10419470599,10419470644,1,"IOTHUB_CLIENT_CONFIRMATION_OK"
19551,10419470799,10419470829,1,"IOTHUB_CLIENT_CONFIRMATION_OK"
19552,10419470999,10419471045,1,"IOTHUB_CLIENT_CONFIRMATION_OK"
19553,10419471199,10419471231,1,"IOTHUB_CLIENT_CONFIRMATION_OK"
19554,10419471399,10419471458,1,"IOTHUB_CLIENT_CONFIRMATION_OK"
19555,10419471599,10419471663,1,"IOTHUB_CLIENT_CONFIRMATION_OK"
19556,10419471800,10419471843,1,"IOTHUB_CLIENT_CONFIRMATION_OK"
19557,10419472000,10419472036,1,"IOTHUB_CLIENT_CONFIRMATION_OK"
19558,10419472200,10419472258,1,"IOTHUB_CLIENT_CONFIRMATION_OK"
19559,10419472400,10419472439,1,"IOTHUB_CLIENT_CONFIRMATION_OK"
19560,10419472600,10419472644,1,"IOTHUB_CLIENT_CONFIRMATION_OK"
19561,10419472800,10419472831,1,"IOTHUB_CLIENT_CONFIRMATION_OK"
19562,10419473001,10419473077,1,"IOTHUB_CLIENT_CONFIRMATION_OK"
19563,10419473201,10419473237,1,"IOTHUB_CLIENT_CONFIRMATION_OK"
19564,10419473401,10419473433,1,"IOTHUB_CLIENT_CONFIRMATION_OK"
19565,10419473601,10419473632,1,"IOTHUB_CLIENT_CONFIRMATION_OK"
19566,10419473801,10419473835,1,"IOTHUB_CLIENT_CONFIRMATION_OK"
19567,10419474001,10419474036,1,"IOTHUB_CLIENT_CONFIRMATION_OK"
19568,10419474201,10419474258,1,"IOTHUB_CLIENT_CONFIRMATION_OK"
19569,10419474402,10419474447,1,"IOTHUB_CLIENT_CONFIRMATION_OK"
19570,10419474602,10419474645,1,"IOTHUB_CLIENT_CONFIRMATION_OK"
19571,10419474802,10419474839,1,"IOTHUB_CLIENT_CONFIRMATION_OK"
19572,10419475002,10419475040,1,"IOTHUB_CLIENT_CONFIRMATION_OK"
19573,10419475202,10419475318,1,"IOTHUB_CLIENT_CONFIRMATION_OK"
19574,10419475402,10419475445,1,"IOTHUB_CLIENT_CONFIRMATION_OK"
19575,10419475603,10419475639,1,"IOTHUB_CLIENT_CONFIRMATION_OK"
19576,10419475803,10419475835,1,"IOTHUB_CLIENT_CONFIRMATION_OK"
19577,10419476003,10419476134,1,"IOTHUB_CLIENT_CONFIRMATION_OK"
19578,10419476203,10419476234,1,"IOTHUB_CLIENT_CONFIRMATION_OK"
19579,10419476403,10419476439,1,"IOTHUB_CLIENT_CONFIRMATION_OK"
19580,10419476603,10419476645,1,"IOTHUB_CLIENT_CONFIRMATION_OK"
19581,10419476804,10419476843,1,"IOTHUB_CLIENT_CONFIRMATION_OK"
19582,10419477004,10419477036,1,"IOTHUB_CLIENT_CONFIRMATION_OK"
19583,10419477204,10419477250,1,"IOTHUB_CLIENT_CONFIRMATION_OK"
19584,10419477404,10419477440,1,"IOTHUB_CLIENT_CONFIRMATION_OK"
19585,10419477604,10419477636,1,"IOTHUB_CLIENT_CONFIRMATION_OK"
19586,10419477804,10419477850,1,"IOTHUB_CLIENT_CONFIRMATION_OK"
19587,10419478004,10419478087,1,"IOTHUB_CLIENT_CONFIRMATION_OK"
19588,10419478205,10419478237,1,"IOTHUB_CLIENT_CONFIRMATION_OK"
19589,10419478405,10419478447,1,"IOTHUB_CLIENT_CONFIRMATION_OK"
19590,10419478605,10419478636,1,"IOTHUB_CLIENT_CONFIRMATION_OK"
19591,10419478805,10419478856,1,"IOTHUB_CLIENT_CONFIRMATION_OK"
19592,10419479005,10419479068,1,"IOTHUB_CLIENT_CONFIRMATION_OK"
19593,10419479205,10419479284,1,"IOTHUB_CLIENT_CONFIRMATION_OK"
19594,10419479406,10419479438,1,"IOTHUB_CLIENT_CONFIRMATION_OK"
19595,10419479606,10419479647,1,"IOTHUB_CLIENT_CONFIRMATION_OK"
19596,10419479806,10419479877,1,"IOTHUB_CLIENT_CONFIRMATION_OK"
19597,10419480006,10419480063,1,"IOTHUB_CLIENT_CONFIRMATION_OK"
19598,10419480206,10419480236,1,"IOTHUB_CLIENT_CONFIRMATION_OK"
19599,10419480406,10419480440,1,"IOTHUB_CLIENT_CONFIRMATION_OK"
19600,10419480606,10419480708,1,"IOTHUB_CLIENT_CONFIRMATION_OK"
19601,10419480807,10419480872,1,"IOTHUB_CLIENT_CONFIRMATION_OK"
19602,10419481007,10419481047,1,"IOTHUB_CLIENT_CONFIRMATION_OK"
19603,10419481207,10419481241,1,"IOTHUB_CLIENT_CONFIRMATION_OK"
19604,10419481407,10419481526,1,"IOTHUB_CLIENT_CONFIRMATION_OK"
19605,10419481607,10419481655,1,"IOTHUB_CLIENT_CONFIRMATION_OK"
19606,10419481807,10419481839,1,"IOTHUB_CLIENT_CONFIRMATION_OK"
19607,10419482008,10419482053,1,"IOTHUB_CLIENT_CONFIRMATION_OK"
19608,10419482208,10419482251,1,"IOTHUB_CLIENT_CONFIRMATION_OK"
19609,10419482408,10419482446,1,"IOTHUB_CLIENT_CONFIRMATION_OK"
19610,10419482608,10419482639,1,"IOTHUB_CLIENT_CONFIRMATION_OK"
19611,10419482808,10419482837,1,"IOTHUB_CLIENT_CONFIRMATION_OK"
19612,10419483008,10419483038,1,"IOTHUB_CLIENT_CONFIRMATION_OK"
19613,10419483209,10419483246,1,"IOTHUB_CLIENT_CONFIRMATION_OK"
19614,10419483409,10419483452,1,"IOTHUB_CLIENT_CONFIRMATION_OK"
19615,10419483609,10419483684,1,"IOTHUB_CLIENT_CONFIRMATION_OK"
19616,10419483809,10419483839,1,"IOTHUB_CLIENT_CONFIRMATION_OK"
19617,10419484009,10419484067,1,"IOTHUB_CLIENT_CONFIRMATION_OK"
19618,10419484209,10419484261,1,"IOTHUB_CLIENT_CONFIRMATION_OK"
19619,10419484409,10419484557,1,"IOTHUB_CLIENT_CONFIRMATION_OK"
19620,10419484610,10419484663,1,"IOTHUB_CLIENT_CONFIRMATION_OK"
19621,10419484810,10419484844,1,"IOTHUB_CLIENT_CONFIRMATION_OK"
19622,10419485010,10419485062,1,"IOTHUB_CLIENT_CONFIRMATION_OK"
19623,10419485210,10419485395,1,"IOTHUB_CLIENT_CONFIRMATION_OK"
19624,10419485410,10419485453,1,"IOTHUB_CLIENT_CONFIRMATION_OK"
19625,10419485610,10419485671,1,"IOTHUB_CLIENT_CONFIRMATION_OK"
19626,10419485811,10419485866,1,"IOTHUB_CLIENT_CONFIRMATION_OK"
19627,10419486011,10419486048,1,"IOTHUB_CLIENT_CONFIRMATION_OK"
19628,10419486211,10419486242,1,"IOTHUB_CLIENT_CONFIRMATION_OK"
19629,10419486411,10419486577,1,"IOTHUB_CLIENT_CONFIRMATION_OK"
19630,10419486611,10419486658,1,"IOTHUB_CLIENT_CONFIRMATION_OK"
19631,10419486811,10419486849,1,"IOTHUB_CLIENT_CONFIRMATION_OK"
19632,10419487012,10419487069,1,"IOTHUB_CLIENT_CONFIRMATION_OK"
19633,10419487212,10419487265,1,"IOTHUB_CLIENT_CONFIRMATION_OK"
19634,10419487412,10419487445,1,"IOTHUB_CLIENT_CONFIRMATION_OK"
19635,10419487612,10419487646,1,"IOTHUB_CLIENT_CONFIRMATION_OK"
19636,10419487812,10419487856,1,"IOTHUB_CLIENT_CONFIRMATION_OK"
19637,10419488012,10419488048,1,"IOTHUB_CLIENT_CONFIRMATION_OK"
19638,10419488212,10419488249,1,"IOTHUB_CLIENT_CONFIRMATION_OK"
19639,10419488413,10419488462,1,"IOTHUB_CLIENT_CONFIRMATION_OK"
19640,10419488613,10419488646,1,"IOTHUB_CLIENT_CONFIRMATION_OK"
19641,10419488813,10419488845,1,"IOTHUB_CLIENT_CONFIRMATION_OK"
19642,10419489013,10419489056,1,"IOTHUB_CLIENT_CONFIRMATION_OK"
19643,10419489213,10419489281,1,"IOTHUB_CLIENT_CONFIRMATION_OK"
19644,10419489413,10419489447,1,"IOTHUB_CLIENT_CONFIRMATION_OK"
19645,10419489614,10419489666,1,"IOTHUB_CLIENT_CONFIRMATION_OK"
19646,10419489814,10419489874,1,"IOTHUB_CLIENT_CONFIRMATION_OK"
19647,10419490014,10419490051,1,"IOTHUB_CLIENT_CONFIRMATION_OK"
19648,10419490214,10419490245,1,"IOTHUB_CLIENT_CONFIRMATION_OK"
19649,10419490414,10419490480,1,"IOTHUB_CLIENT_CONFIRMATION_OK"
19650,10419490614,10419490719,1,"IOTHUB_CLIENT_CONFIRMATION_OK"
19651,10419490815,10419490859,1,"IOTHUB_CLIENT_CONFIRMATION_OK"
19652,10419491015,10419491046,1,"IOTHUB_CLIENT_CONFIRMATION_OK"
19653,10419491215,10419491298,1,"IOTHUB_CLIENT_CONFIRMATION_OK"
19654,10419491415,10419491518,1,"IOTHUB_CLIENT_CONFIRMATION_OK"
19655,10419491615,10419491651,1,"IOTHUB_CLIENT_CONFIRMATION_OK"
19656,10419491815,10419492012,1,"IOTHUB_CLIENT_CONFIRMATION_OK"
19657,10419492015,10419492092,1,"IOTHUB_CLIENT_CONFIRMATION_OK"
19658,10419492216,10419492312,1,"IOTHUB_CLIENT_CONFIRMATION_OK"
19659,10419492416,10419492449,1,"IOTHUB_CLIENT_CONFIRMATION_OK"
19660,10419492616,10419492669,1,"IOTHUB_CLIENT_CONFIRMATION_OK"
19661,10419492816,10419492856,1,"IOTHUB_CLIENT_CONFIRMATION_OK"
19662,10419493016,10419493056,1,"IOTHUB_CLIENT_CONFIRMATION_OK"
19663,10419493216,10419493247,1,"IOTHUB_CLIENT_CONFIRMATION_OK"
19664,10419493417,10419493513,1,"IOTHUB_CLIENT_CONFIRMATION_OK"
19665,10419493617,10419493657,1,"IOTHUB_CLIENT_CONFIRMATION_OK"
19666,10419493817,10419493851,1,"IOTHUB_CLIENT_CONFIRMATION_OK"
19667,10419494017,10419494051,1,"IOTHUB_CLIENT_CONFIRMATION_OK"
19668,10419494217,10419494253,1,"IOTHUB_CLIENT_CONFIRMATION_OK"
19669,10419494417,10419494530,1,"IOTHUB_CLIENT_CONFIRMATION_OK"
19670,10419494618,10419494660,1,"IOTHUB_CLIENT_CONFIRMATION_OK"
19671,10419494818,10419494856,1,"IOTHUB_CLIENT_CONFIRMATION_OK"
19672,10419495018,10419495049,1,"IOTHUB_CLIENT_CONFIRMATION_OK"
19673,10419495218,10419495456,1,"IOTHUB_CLIENT_CONFIRMATION_OK"
19674,10419495418,10419495479,1,"IOTHUB_CLIENT_CONFIRMATION_OK"
19675,10419495618,10419495667,1,"IOTHUB_CLIENT_CONFIRMATION_OK"
19676,10419495819,10419495880,1,"IOTHUB_CLIENT_CONFIRMATION_OK"
19677,10419496019,10419496061,1,"IOTHUB_CLIENT_CONFIRMATION_OK"
19678,10419496219,10419496258,1,"IOTHUB_CLIENT_CONFIRMATION_OK"
19679,10419496419,10419496454,1,"IOTHUB_CLIENT_CONFIRMATION_OK"
19680,10419496619,10419496656,1,"IOTHUB_CLIENT_CONFIRMATION_OK"
19681,10419496819,10419496858,1,"IOTHUB_CLIENT_CONFIRMATION_OK"
19682,10419497019,10419497064,1,"IOTHUB_CLIENT_CONFIRMATION_OK"
19683,10419497220,10419497296,1,"IOTHUB_CLIENT_CONFIRMATION_OK"
19684,10419497420,10419497472,1,"IOTHUB_CLIENT_CONFIRMATION_OK"
19685,10419497620,10419497674,1,"IOTHUB_CLIENT_CONFIRMATION_OK"
19686,10419497820,10419497854,1,"IOTHUB_CLIENT_CONFIRMATION_OK"
19687,10419498020,10419498057,1,"IOTHUB_CLIENT_CONFIRMATION_OK"
19688,10419498221,10419498256,1,"IOTHUB_CLIENT_CONFIRMATION_OK"
19689,10419498421,10419498458,1,"IOTHUB_CLIENT_CONFIRMATION_OK"
19690,10419498621,10419498664,1,"IOTHUB_CLIENT_CONFIRMATION_OK"
19691,10419498821,10419498854,1,"IOTHUB_CLIENT_CONFIRMATION_OK"
19692,10419499021,10419499091,1,"IOTHUB_CLIENT_CONFIRMATION_OK"
19693,10419499221,10419499257,1,"IOTHUB_CLIENT_CONFIRMATION_OK"
19694,10419499421,10419499456,1,"IOTHUB_CLIENT_CONFIRMATION_OK"
19695,10419499622,10419499669,1,"IOTHUB_CLIENT_CONFIRMATION_OK"
19696,10419499822,10419499912,1,"IOTHUB_CLIENT_CONFIRMATION_OK"
19697,10419500022,10419500062,1,"IOTHUB_CLIENT_CONFIRMATION_OK"
19698,10419500222,10419500260,1,"IOTHUB_CLIENT_CONFIRMATION_OK"
19699,10419500422,10419500457,1,"IOTHUB_CLIENT_CONFIRMATION_OK"
19700,10419500622,10419500739,1,"IOTHUB_CLIENT_CONFIRMATION_OK"
19701,10419500823,10419500854,1,"IOTHUB_CLIENT_CONFIRMATION_OK"
19702,10419501023,10419501061,1,"IOTHUB_CLIENT_CONFIRMATION_OK"
19703,10419501223,10419501252,1,"IOTHUB_CLIENT_CONFIRMATION_OK"
19704,10419501423,10419501528,1,"IOTHUB_CLIENT_CONFIRMATION_OK"
19705,10419501623,10419501689,1,"IOTHUB_CLIENT_CONFIRMATION_OK"
19706,10419501823,10419501859,1,"IOTHUB_CLIENT_CONFIRMATION_OK"
19707,10419502023,10419502069,1,"IOTHUB_CLIENT_CONFIRMATION_OK"
19708,10419502224,10419502290,1,"IOTHUB_CLIENT_CONFIRMATION_OK"
19709,10419502424,10419502458,1,"IOTHUB_CLIENT_CONFIRMATION_OK"
19710,10419502624,10419502664,1,"IOTHUB_CLIENT_CONFIRMATION_OK"
19711,10419502824,10419502866,1,"IOTHUB_CLIENT_CONFIRMATION_OK"
19712,10419503024,10419503117,1,"IOTHUB_CLIENT_CONFIRMATION_OK"
19713,10419503224,10419503255,1,"IOTHUB_CLIENT_CONFIRMATION_OK"
19714,10419503425,10419503479,1,"IOTHUB_CLIENT_CONFIRMATION_OK"
19715,10419503625,10419503662,1,"IOTHUB_CLIENT_CONFIRMATION_OK"
19716,10419503825,10419503863,1,"IOTHUB_CLIENT_CONFIRMATION_OK"
19717,10419504025,10419504080,1,"IOTHUB_CLIENT_CONFIRMATION_OK"
19718,10419504225,10419504348,1,"IOTHUB_CLIENT_CONFIRMATION_OK"
19719,10419504425,10419504568,1,"IOTHUB_CLIENT_CONFIRMATION_OK"
19720,10419504625,10419504676,1,"IOTHUB_CLIENT_CONFIRMATION_OK"
19721,10419504826,10419504884,1,"IOTHUB_CLIENT_CONFIRMATION_OK"
19722,10419505026,10419505069,1,"IOTHUB_CLIENT_CONFIRMATION_OK"
19723,10419505226,10419505382,1,"IOTHUB_CLIENT_CONFIRMATION_OK"
19724,10419505426,10419505477,1,"IOTHUB_CLIENT_CONFIRMATION_OK"
19725,10419505626,10419505662,1,"IOTHUB_CLIENT_CONFIRMATION_OK"
19726,10419505826,10419505867,1,"IOTHUB_CLIENT_CONFIRMATION_OK"
19727,10419506027,10419506064,1,"IOTHUB_CLIENT_CONFIRMATION_OK"
19728,10419506227,10419506267,1,"IOTHUB_CLIENT_CONFIRMATION_OK"
19729,10419506427,10419506475,1,"IOTHUB_CLIENT_CONFIRMATION_OK"
19730,10419506627,10419506685,1,"IOTHUB_CLIENT_CONFIRMATION_OK"
19731,10419506827,10419506905,1,"IOTHUB_CLIENT_CONFIRMATION_OK"
19732,10419507027,10419507060,1,"IOTHUB_CLIENT_CONFIRMATION_OK"
19733,10419507227,10419507263,1,"IOTHUB_CLIENT_CONFIRMATION_OK"
19734,10419507428,10419507462,1,"IOTHUB_CLIENT_CONFIRMATION_OK"
19735,10419507628,10419507669,1,"IOTHUB_CLIENT_CONFIRMATION_OK"
19736,10419507828,10419507860,1,"IOTHUB_CLIENT_CONFIRMATION_OK"
19737,10419508028,10419508066,1,"IOTHUB_CLIENT_CONFIRMATION_OK"
19738,10419508228,10419508300,1,"IOTHUB_CLIENT_CONFIRMATION_OK"
19739,10419508428,10419508463,1,"IOTHUB_CLIENT_CONFIRMATION_OK"
19740,10419508629,10419508671,1,"IOTHUB_CLIENT_CONFIRMATION_OK"
19741,10419508829,10419508862,1,"IOTHUB_CLIENT_CONFIRMATION_OK"
19742,10419509029,10419509071,1,"IOTHUB_CLIENT_CONFIRMATION_OK"
19743,10419509229,10419509264,1,"IOTHUB_CLIENT_CONFIRMATION_OK"
19744,10419509429,10419509501,1,"IOTHUB_CLIENT_CONFIRMATION_OK"
19745,10419509629,10419509685,1,"IOTHUB_CLIENT_CONFIRMATION_OK"
19746,10419509829,10419509876,1,"IOTHUB_CLIENT_CONFIRMATION_OK"
19747,10419510030,10419510060,1,"IOTHUB_CLIENT_CONFIRMATION_OK"
19748,10419510230,10419510360,1,"IOTHUB_CLIENT_CONFIRMATION_OK"
19749,10419510430,10419510476,1,"IOTHUB_CLIENT_CONFIRMATION_OK"
19750,10419510630,10419510704,1,"IOTHUB_CLIENT_CONFIRMATION_OK"
19751,10419510830,10419510892,1,"IOTHUB_CLIENT_CONFIRMATION_OK"
19752,10419511030,10419511088,1,"IOTHUB_CLIENT_CONFIRMATION_OK"
19753,10419511231,10419511301,1,"IOTHUB_CLIENT_CONFIRMATION_OK"
19754,10419511431,10419511507,1,"IOTHUB_CLIENT_CONFIRMATION_OK"
19755,10419511631,10419511672,1,"IOTHUB_CLIENT_CONFIRMATION_OK"
19756,10419511831,10419511900,1,"IOTHUB_CLIENT_CONFIRMATION_OK"
19757,10419512031,10419512085,1,"IOTHUB_CLIENT_CONFIRMATION_OK"
19758,10419512231,10419512273,1,"IOTHUB_CLIENT_CONFIRMATION_OK"
19759,10419512431,10419512511,1,"IOTHUB_CLIENT_CONFIRMATION_OK"
19760,10419512632,10419512709,1,"IOTHUB_CLIENT_CONFIRMATION_OK"
19761,10419512832,10419512876,1,"IOTHUB_CLIENT_CONFIRMATION_OK"
19762,10419513032,10419513075,1,"IOTHUB_CLIENT_CONFIRMATION_OK"
19763,10419513232,10419513298,1,"IOTHUB_CLIENT_CONFIRMATION_OK"
19764,10419513432,10419513497,1,"IOTHUB_CLIENT_CONFIRMATION_OK"
19765,10419513632,10419513783,1,"IOTHUB_CLIENT_CONFIRMATION_OK"
19766,10419513833,10419513898,1,"IOTHUB_CLIENT_CONFIRMATION_OK"
19767,10419514033,10419514067,1,"IOTHUB_CLIENT_CONFIRMATION_OK"
19768,10419514233,10419514273,1,"IOTHUB_CLIENT_CONFIRMATION_OK"
19769,10419514433,10419514563,1,"IOTHUB_CLIENT_CONFIRMATION_OK"
19770,10419514633,10419514665,1,"IOTHUB_CLIENT_CONFIRMATION_OK"
19771,10419514833,10419514881,1,"IOTHUB_CLIENT_CONFIRMATION_OK"
19772,10419515034,10419515065,1,"IOTHUB_CLIENT_CONFIRMATION_OK"
19773,10419515234,10419515420,1,"IOTHUB_CLIENT_CONFIRMATION_OK"
19774,10419515434,10419515491,1,"IOTHUB_CLIENT_CONFIRMATION_OK"
19775,10419515634,10419515665,1,"IOTHUB_CLIENT_CONFIRMATION_OK"
19776,10419515834,10419515867,1,"IOTHUB_CLIENT_CONFIRMATION_OK"
19777,10419516034,10419516072,1,"IOTHUB_CLIENT_CONFIRMATION_OK"
19778,10419516235,10419516278,1,"IOTHUB_CLIENT_CONFIRMATION_OK"
19779,10419516435,10419516473,1,"IOTHUB_CLIENT_CONFIRMATION_OK"
19780,10419516635,10419516684,1,"IOTHUB_CLIENT_CONFIRMATION_OK"
19781,10419516835,10419516891,1,"IOTHUB_CLIENT_CONFIRMATION_OK"
19782,10419517035,10419517076,1,"IOTHUB_CLIENT_CONFIRMATION_OK"
19783,10419517235,10419517285,1,"IOTHUB_CLIENT_CONFIRMATION_OK"
19784,10419517435,10419517471,1,"IOTHUB_CLIENT_CONFIRMATION_OK"
19785,10419517636,10419517669,1,"IOTHUB_CLIENT_CONFIRMATION_OK"
19786,10419517836,10419517878,1,"IOTHUB_CLIENT_CONFIRMATION_OK"
19787,10419518036,10419518077,1,"IOTHUB_CLIENT_CONFIRMATION_OK"
19788,10419518236,10419518278,1,"IOTHUB_CLIENT_CONFIRMATION_OK"
19789,10419518436,10419518475,1,"IOTHUB_CLIENT_CONFIRMATION_OK"
19790,10419518636,10419518670,1,"IOTHUB_CLIENT_CONFIRMATION_OK"
19791,10419518837,10419518869,1,"IOTHUB_CLIENT_CONFIRMATION_OK"
19792,10419519037,10419519067,1,"IOTHUB_CLIENT_CONFIRMATION_OK"
19793,10419519237,10419519313,1,"IOTHUB_CLIENT_CONFIRMATION_OK"
19794,10419519437,10419519467,1,"IOTHUB_CLIENT_CONFIRMATION_OK"
19795,10419519637,10419519670,1,"IOTHUB_CLIENT_CONFIRMATION_OK"
19796,10419519837,10419519894,1,"IOTHUB_CLIENT_CONFIRMATION_OK"
19797,10419520038,10419520076,1,"IOTHUB_CLIENT_CONFIRMATION_OK"
19798,10419520238,10419520280,1,"IOTHUB_CLIENT_CONFIRMATION_OK"
19799,10419520438,10419520482,1,"IOTHUB_CLIENT_CONFIRMATION_OK"
19800,10419520638,10419520684,1,"IOTHUB_CLIENT_CONFIRMATION_OK"
19801,10419520838,10419520875,1,"IOTHUB_CLIENT_CONFIRMATION_OK"
19802,10419521038,10419521068,1,"IOTHUB_CLIENT_CONFIRMATION_OK"
19803,10419521238,10419521269,1,"IOTHUB_CLIENT_CONFIRMATION_OK"
19804,10419521439,10419521500,1,"IOTHUB_CLIENT_CONFIRMATION_OK"
19805,10419521639,10419521671,1,"IOTHUB_CLIENT_CONFIRMATION_OK"
19806,10419521839,10419522195,1,"IOTHUB_CLIENT_CONFIRMATION_OK"
19807,10419522039,10419522324,1,"IOTHUB_CLIENT_CONFIRMATION_OK"
19808,10419522239,10419522359,1,"IOTHUB_CLIENT_CONFIRMATION_OK"
19809,10419522439,10419522479,1,"IOTHUB_CLIENT_CONFIRMATION_OK"
19810,10419522640,10419522686,1,"IOTHUB_CLIENT_CONFIRMATION_OK"
19811,10419522840,10419522873,1,"IOTHUB_CLIENT_CONFIRMATION_OK"
19812,10419523040,10419523072,1,"IOTHUB_CLIENT_CONFIRMATION_OK"
19813,10419523240,10419523276,1,"IOTHUB_CLIENT_CONFIRMATION_OK"
19814,10419523440,10419523476,1,"IOTHUB_CLIENT_CONFIRMATION_OK"
19815,10419523640,10419523730,1,"IOTHUB_CLIENT_CONFIRMATION_OK"
19816,10419523841,10419523872,1,"IOTHUB_CLIENT_CONFIRMATION_OK"
19817,10419524041,10419524082,1,"IOTHUB_CLIENT_CONFIRMATION_OK"
19818,10419524241,10419524275,1,"IOTHUB_CLIENT_CONFIRMATION_OK"
19819,10419524441,10419524547,1,"IOTHUB_CLIENT_CONFIRMATION_OK"
19820,10419524641,10419524675,1,"IOTHUB_CLIENT_CONFIRMATION_OK"
19821,10419524841,10419524902,1,"IOTHUB_CLIENT_CONFIRMATION_OK"
19822,10419525042,10419525072,1,"IOTHUB_CLIENT_CONFIRMATION_OK"
19823,10419525242,10419525372,1,"IOTHUB_CLIENT_CONFIRMATION_OK"
19824,10419525442,10419525543,1,"IOTHUB_CLIENT_CONFIRMATION_OK"
19825,10419525642,10419525672,1,"IOTHUB_CLIENT_CONFIRMATION_OK"
19826,10419525842,10419525872,1,"IOTHUB_CLIENT_CONFIRMATION_OK"
19827,10419526043,10419526078,1,"IOTHUB_CLIENT_CONFIRMATION_OK"
19828,10419526243,10419526291,1,"IOTHUB_CLIENT_CONFIRMATION_OK"
19829,10419526443,10419526479,1,"IOTHUB_CLIENT_CONFIRMATION_OK"
19830,10419526643,10419526683,1,"IOTHUB_CLIENT_CONFIRMATION_OK"
19831,10419526843,10419526875,1,"IOTHUB_CLIENT_CONFIRMATION_OK"
19832,10419527043,10419527074,1,"IOTHUB_CLIENT_CONFIRMATION_OK"
19833,10419527243,10419527275,1,"IOTHUB_CLIENT_CONFIRMATION_OK"
19834,10419527444,10419527478,1,"IOTHUB_CLIENT_CONFIRMATION_OK"
19835,10419527644,10419527717,1,"IOTHUB_CLIENT_CONFIRMATION_OK"
19836,10419527844,10419527878,1,"IOTHUB_CLIENT_CONFIRMATION_OK"
19837,10419528044,10419528095,1,"IOTHUB_CLIENT_CONFIRMATION_OK"
19838,10419528244,10419528395,1,"IOTHUB_CLIENT_CONFIRMATION_OK"
19839,10419528444,10419528486,1,"IOTHUB_CLIENT_CONFIRMATION_OK"
19840,10419528644,10419528679,1,"IOTHUB_CLIENT_CONFIRMATION_OK"
19841,10419528845,10419528888,1,"IOTHUB_CLIENT_CONFIRMATION_OK"
19842,10419529045,10419529227,1,"IOTHUB_CLIENT_CONFIRMATION_OK"
19843,10419529245,10419529282,1,"IOTHUB_CLIENT_CONFIRMATION_OK"
19844,10419529445,10419529498,1,"IOTHUB_CLIENT_CONFIRMATION_OK"
19845,10419529645,10419529682,1,"IOTHUB_CLIENT_CONFIRMATION_OK"
19846,10419529845,10419529876,1,"IOTHUB_CLIENT_CONFIRMATION_OK"
19847,10419530045,10419530078,1,"IOTHUB_CLIENT_CONFIRMATION_OK"
19848,10419530246,10419530286,1,"IOTHUB_CLIENT_CONFIRMATION_OK"
19849,10419530446,10419530530,1,"IOTHUB_CLIENT_CONFIRMATION_OK"
19850,10419530646,10419530694,1,"IOTHUB_CLIENT_CONFIRMATION_OK"
19851,10419530846,10419530996,1,"IOTHUB_CLIENT_CONFIRMATION_OK"
19852,10419531046,10419531084,1,"IOTHUB_CLIENT_CONFIRMATION_OK"
19853,10419531246,10419531348,1,"IOTHUB_CLIENT_CONFIRMATION_OK"
19854,10419531446,10419531531,1,"IOTHUB_CLIENT_CONFIRMATION_OK"
19855,10419531647,10419531688,1,"IOTHUB_CLIENT_CONFIRMATION_OK"
19856,10419531847,10419531878,1,"IOTHUB_CLIENT_CONFIRMATION_OK"
19857,10419532047,10419532076,1,"IOTHUB_CLIENT_CONFIRMATION_OK"
19858,10419532247,10419532295,1,"IOTHUB_CLIENT_CONFIRMATION_OK"
19859,10419532447,10419532482,1,"IOTHUB_CLIENT_CONFIRMATION_OK"
19860,10419532647,10419532697,1,"IOTHUB_CLIENT_CONFIRMATION_OK"
19861,10419532848,10419532893,1,"IOTHUB_CLIENT_CONFIRMATION_OK"
19862,10419533048,10419533107,1,"IOTHUB_CLIENT_CONFIRMATION_OK"
19863,10419533248,10419533280,1,"IOTHUB_CLIENT_CONFIRMATION_OK"
19864,10419533448,10419533483,1,"IOTHUB_CLIENT_CONFIRMATION_OK"
19865,10419533648,10419533687,1,"IOTHUB_CLIENT_CONFIRMATION_OK"
19866,10419533848,10419533897,1,"IOTHUB_CLIENT_CONFIRMATION_OK"
19867,10419534048,10419534088,1,"IOTHUB_CLIENT_CONFIRMATION_OK"
19868,10419534249,10419534283,1,"IOTHUB_CLIENT_CONFIRMATION_OK"
19869,10419534449,10419534518,1,"IOTHUB_CLIENT_CONFIRMATION_OK"
19870,10419534649,10419534701,1,"IOTHUB_CLIENT_CONFIRMATION_OK"
19871,10419534849,10419534906,1,"IOTHUB_CLIENT_CONFIRMATION_OK"
19872,10419535049,10419535081,1,"IOTHUB_CLIENT_CONFIRMATION_OK"
19873,10419535249,10419535330,1,"IOTHUB_CLIENT_CONFIRMATION_OK"
19874,10419535449,10419535490,1,"IOTHUB_CLIENT_CONFIRMATION_OK"
19875,10419535650,10419535857,1,"IOTHUB_CLIENT_CONFIRMATION_OK"
19876,10419535850,10419535891,1,"IOTHUB_CLIENT_CONFIRMATION_OK"
19877,10419536050,10419536132,1,"IOTHUB_CLIENT_CONFIRMATION_OK"
19878,10419536250,10419536282,1,"IOTHUB_CLIENT_CONFIRMATION_OK"
19879,10419536450,10419536479,1,"IOTHUB_CLIENT_CONFIRMATION_OK"
19880,10419536650,10419536695,1,"IOTHUB_CLIENT_CONFIRMATION_OK"
19881,10419536851,10419536888,1,"IOTHUB_CLIENT_CONFIRMATION_OK"
19882,10419537051,10419537088,1,"IOTHUB_CLIENT_CONFIRMATION_OK"
19883,10419537251,10419537283,1,"IOTHUB_CLIENT_CONFIRMATION_OK"
19884,10419537451,10419537486,1,"IOTHUB_CLIENT_CONFIRMATION_OK"
19885,10419537651,10419537702,1,"IOTHUB_CLIENT_CONFIRMATION_OK"
19886,10419537851,10419537886,1,"IOTHUB_CLIENT_CONFIRMATION_OK"
19887,10419538051,10419538779,1,"IOTHUB_CLIENT_CONFIRMATION_OK"
19888,10419538252,10419538827,1,"IOTHUB_CLIENT_CONFIRMATION_OK"
19889,10419538452,10419538878,1,"IOTHUB_CLIENT_CONFIRMATION_OK"
19890,10419538652,10419538913,1,"IOTHUB_CLIENT_CONFIRMATION_OK"
19891,10419538852,10419538982,1,"IOTHUB_CLIENT_CONFIRMATION_OK"
19892,10419539052,10419539397,1,"IOTHUB_CLIENT_CONFIRMATION_OK"
19893,10419539252,10419539447,1,"IOTHUB_CLIENT_CONFIRMATION_OK"
19894,10419539453,10419539585,1,"IOTHUB_CLIENT_CONFIRMATION_OK"
19895,10419539653,10419539685,1,"IOTHUB_CLIENT_CONFIRMATION_OK"
19896,10419539853,10419539972,1,"IOTHUB_CLIENT_CONFIRMATION_OK"
19897,10419540053,10419540094,1,"IOTHUB_CLIENT_CONFIRMATION_OK"
19898,10419540253,10419540304,1,"IOTHUB_CLIENT_CONFIRMATION_OK"
19899,10419540453,10419540538,1,"IOTHUB_CLIENT_CONFIRMATION_OK"
19900,10419540653,10419540692,1,"IOTHUB_CLIENT_CONFIRMATION_OK"
19901,10419540854,10419540897,1,"IOTHUB_CLIENT_CONFIRMATION_OK"
19902,10419541054,10419541087,1,"IOTHUB_CLIENT_CONFIRMATION_OK"
19903,10419541254,10419541332,1,"IOTHUB_CLIENT_CONFIRMATION_OK"
19904,10419541454,10419541487,1,"IOTHUB_CLIENT_CONFIRMATION_OK"
19905,10419541654,10419541709,1,"IOTHUB_CLIENT_CONFIRMATION_OK"
19906,10419541854,10419541895,1,"IOTHUB_CLIENT_CONFIRMATION_OK"
19907,10419542055,10419542110,1,"IOTHUB_CLIENT_CONFIRMATION_OK"
19908,10419542255,10419542300,1,"IOTHUB_CLIENT_CONFIRMATION_OK"
19909,10419542455,10419542498,1,"IOTHUB_CLIENT_CONFIRMATION_OK"
19910,10419542655,10419542699,1,"IOTHUB_CLIENT_CONFIRMATION_OK"
19911,10419542855,10419543017,1,"IOTHUB_CLIENT_CONFIRMATION_OK"
19912,10419543055,10419543092,1,"IOTHUB_CLIENT_CONFIRMATION_OK"
19913,10419543256,10419543307,1,"IOTHUB_CLIENT_CONFIRMATION_OK"
19914,10419543456,10419543486,1,"IOTHUB_CLIENT_CONFIRMATION_OK"
19915,10419543656,10419543830,1,"IOTHUB_CLIENT_CONFIRMATION_OK"
19916,10419543856,10419543889,1,"IOTHUB_CLIENT_CONFIRMATION_OK"
19917,10419544056,10419544089,1,"IOTHUB_CLIENT_CONFIRMATION_OK"
19918,10419544256,10419544317,1,"IOTHUB_CLIENT_CONFIRMATION_OK"
19919,10419544456,10419544526,1,"IOTHUB_CLIENT_CONFIRMATION_OK"
19920,10419544657,10419544696,1,"IOTHUB_CLIENT_CONFIRMATION_OK"
19921,10419544857,10419544890,1,"IOTHUB_CLIENT_CONFIRMATION_OK"
19922,10419545057,10419545110,1,"IOTHUB_CLIENT_CONFIRMATION_OK"
19923,10419545257,10419545287,1,"IOTHUB_CLIENT_CONFIRMATION_OK"
19924,10419545457,10419545490,1,"IOTHUB_CLIENT_CONFIRMATION_OK"
19925,10419545657,10419545710,1,"IOTHUB_CLIENT_CONFIRMATION_OK"
19926,10419545858,10419545891,1,"IOTHUB_CLIENT_CONFIRMATION_OK"
19927,10419546058,10419546107,1,"IOTHUB_CLIENT_CONFIRMATION_OK"
19928,10419546258,10419546312,1,"IOTHUB_CLIENT_CONFIRMATION_OK"
19929,10419546458,10419546500,1,"IOTHUB_CLIENT_CONFIRMATION_OK"
19930,10419546658,10419546712,1,"IOTHUB_CLIENT_CONFIRMATION_OK"
19931,10419546858,10419546900,1,"IOTHUB_CLIENT_CONFIRMATION_OK"
19932,10419547059,10419547095,1,"IOTHUB_CLIENT_CONFIRMATION_OK"
19933,10419547259,10419547290,1,"IOTHUB_CLIENT_CONFIRMATION_OK"
19934,10419547459,10419547509,1,"IOTHUB_CLIENT_CONFIRMATION_OK"
19935,10419547659,10419547705,1,"IOTHUB_CLIENT_CONFIRMATION_OK"
19936,10419547859,10419547892,1,"IOTHUB_CLIENT_CONFIRMATION_OK"
19937,10419548059,10419548092,1,"IOTHUB_CLIENT_CONFIRMATION_OK"
19938,10419548259,10419548314,1,"IOTHUB_CLIENT_CONFIRMATION_OK"
19939,10419548460,10419548527,1,"IOTHUB_CLIENT_CONFIRMATION_OK"
19940,10419548660,10419548701,1,"IOTHUB_CLIENT_CONFIRMATION_OK"
19941,10419548860,10419548901,1,"IOTHUB_CLIENT_CONFIRMATION_OK"
19942,10419549060,10419549130,1,"IOTHUB_CLIENT_CONFIRMATION_OK"
19943,10419549260,10419549293,1,"IOTHUB_CLIENT_CONFIRMATION_OK"
19944,10419549460,10419549497,1,"IOTHUB_CLIENT_CONFIRMATION_OK"
19945,10419549661,10419549711,1,"IOTHUB_CLIENT_CONFIRMATION_OK"
19946,10419549861,10419549951,1,"IOTHUB_CLIENT_CONFIRMATION_OK"
19947,10419550061,10419550105,1,"IOTHUB_CLIENT_CONFIRMATION_OK"
19948,10419550261,10419550332,1,"IOTHUB_CLIENT_CONFIRMATION_OK"
19949,10419550461,10419550496,1,"IOTHUB_CLIENT_CONFIRMATION_OK"
19950,10419550661,10419550695,1,"IOTHUB_CLIENT_CONFIRMATION_OK"
19951,10419550861,10419550911,1,"IOTHUB_CLIENT_CONFIRMATION_OK"
19952,10419551062,10419551101,1,"IOTHUB_CLIENT_CONFIRMATION_OK"
19953,10419551262,10419551314,1,"IOTHUB_CLIENT_CONFIRMATION_OK"
19954,10419551462,10419551503,1,"IOTHUB_CLIENT_CONFIRMATION_OK"
19955,10419551662,10419551697,1,"IOTHUB_CLIENT_CONFIRMATION_OK"
19956,10419551862,10419551899,1,"IOTHUB_CLIENT_CONFIRMATION_OK"
19957,10419552062,10419552095,1,"IOTHUB_CLIENT_CONFIRMATION_OK"
19958,10419552263,10419552331,1,"IOTHUB_CLIENT_CONFIRMATION_OK"
19959,10419552463,10419552503,1,"IOTHUB_CLIENT_CONFIRMATION_OK"
19960,10419552663,10419552708,1,"IOTHUB_CLIENT_CONFIRMATION_OK"
19961,10419552863,10419553040,1,"IOTHUB_CLIENT_CONFIRMATION_OK"
19962,10419553063,10419553096,1,"IOTHUB_CLIENT_CONFIRMATION_OK"
19963,10419553263,10419553316,1,"IOTHUB_CLIENT_CONFIRMATION_OK"
19964,10419553464,10419553495,1,"IOTHUB_CLIENT_CONFIRMATION_OK"
19965,10419553664,10419553721,1,"IOTHUB_CLIENT_CONFIRMATION_OK"
19966,10419553864,10419553899,1,"IOTHUB_CLIENT_CONFIRMATION_OK"
19967,10419554064,10419554111,1,"IOTHUB_CLIENT_CONFIRMATION_OK"
19968,10419554264,10419554312,1,"IOTHUB_CLIENT_CONFIRMATION_OK"
19969,10419554464,10419554538,1,"IOTHUB_CLIENT_CONFIRMATION_OK"
19970,10419554664,10419554709,1,"IOTHUB_CLIENT_CONFIRMATION_OK"
19971,10419554865,10419554902,1,"IOTHUB_CLIENT_CONFIRMATION_OK"
19972,10419555065,10419555110,1,"IOTHUB_CLIENT_CONFIRMATION_OK"
19973,10419555265,10419555389,1,"IOTHUB_CLIENT_CONFIRMATION_OK"
19974,10419555465,10419555500,1,"IOTHUB_CLIENT_CONFIRMATION_OK"
19975,10419555665,10419555706,1,"IOTHUB_CLIENT_CONFIRMATION_OK"
19976,10419555865,10419555897,1,"IOTHUB_CLIENT_CONFIRMATION_OK"
19977,10419556066,10419556098,1,"IOTHUB_CLIENT_CONFIRMATION_OK"
19978,10419556266,10419556316,1,"IOTHUB_CLIENT_CONFIRMATION_OK"
19979,10419556466,10419556496,1,"IOTHUB_CLIENT_CONFIRMATION_OK"
19980,10419556666,10419556699,1,"IOTHUB_CLIENT_CONFIRMATION_OK"
19981,10419556866,10419556914,1,"IOTHUB_CLIENT_CONFIRMATION_OK"
19982,10419557066,10419557104,1,"IOTHUB_CLIENT_CONFIRMATION_OK"
19983,10419557266,10419557312,1,"IOTHUB_CLIENT_CONFIRMATION_OK"
19984,10419557467,10419557597,1,"IOTHUB_CLIENT_CONFIRMATION_OK"
19985,10419557667,10419557737,1,"IOTHUB_CLIENT_CONFIRMATION_OK"
19986,10419557867,10419557898,1,"IOTHUB_CLIENT_CONFIRMATION_OK"
19987,10419558067,10419558102,1,"IOTHUB_CLIENT_CONFIRMATION_OK"
19988,10419558267,10419558434,1,"IOTHUB_CLIENT_CONFIRMATION_OK"
19989,10419558467,10419558512,1,"IOTHUB_CLIENT_CONFIRMATION_OK"
19990,10419558668,10419558715,1,"IOTHUB_CLIENT_CONFIRMATION_OK"
19991,10419558868,10419558906,1,"IOTHUB_CLIENT_CONFIRMATION_OK"
19992,10419559068,10419559236,1,"IOTHUB_CLIENT_CONFIRMATION_OK"
19993,10419559268,10419559306,1,"IOTHUB_CLIENT_CONFIRMATION_OK"
19994,10419559468,10419559507,1,"IOTHUB_CLIENT_CONFIRMATION_OK"
19995,10419559668,10419559702,1,"IOTHUB_CLIENT_CONFIRMATION_OK"
19996,10419559869,10419559930,1,"IOTHUB_CLIENT_CONFIRMATION_OK"
19997,10419560069,10419560152,1,"IOTHUB_CLIENT_CONFIRMATION_OK"
19998,10419560269,10419560316,1,"IOTHUB_CLIENT_CONFIRMATION_OK"
19999,10419560469,10419560514,1,"IOTHUB_CLIENT_CONFIRMATION_OK"
20000,10419560669,10419560708,1,"IOTHUB_CLIENT_CONFIRMATION_OK"
20001,10419560869,10419560902,1,"IOTHUB_CLIENT_CONFIRMATION_OK"
20002,10419561070,10419561121,1,"IOTHUB_CLIENT_CONFIRMATION_OK"
20003,10419561270,10419561305,1,"IOTHUB_CLIENT_CONFIRMATION_OK"
20004,10419561470,10419561504,1,"IOTHUB_CLIENT_CONFIRMATION_OK"
20005,10419561670,10419561709,1,"IOTHUB_CLIENT_CONFIRMATION_OK"
20006,10419561870,10419561906,1,"IOTHUB_CLIENT_CONFIRMATION_OK"
20007,10419562070,10419562103,1,"IOTHUB_CLIENT_CONFIRMATION_OK"
20008,10419562270,10419562301,1,"IOTHUB_CLIENT_CONFIRMATION_OK"
20009,10419562471,10419562515,1,"IOTHUB_CLIENT_CONFIRMATION_OK"
20010,10419562671,10419562721,1,"IOTHUB_CLIENT_CONFIRMATION_OK"
20011,10419562871,10419562919,1,"IOTHUB_CLIENT_CONFIRMATION_OK"
20012,10419563071,10419563192,1,"IOTHUB_CLIENT_CONFIRMATION_OK"
20013,10419563271,10419563302,1,"IOTHUB_CLIENT_CONFIRMATION_OK"
20014,10419563471,10419563506,1,"IOTHUB_CLIENT_CONFIRMATION_OK"
20015,10419563671,10419563726,1,"IOTHUB_CLIENT_CONFIRMATION_OK"
20016,10419563872,10419563904,1,"IOTHUB_CLIENT_CONFIRMATION_OK"
20017,10419564072,10419564104,1,"IOTHUB_CLIENT_CONFIRMATION_OK"
20018,10419564272,10419564309,1,"IOTHUB_CLIENT_CONFIRMATION_OK"
20019,10419564472,10419564532,1,"IOTHUB_CLIENT_CONFIRMATION_OK"
20020,10419564672,10419564716,1,"IOTHUB_CLIENT_CONFIRMATION_OK"
20021,10419564872,10419564930,1,"IOTHUB_CLIENT_CONFIRMATION_OK"
20022,10419565072,10419565145,1,"IOTHUB_CLIENT_CONFIRMATION_OK"
20023,10419565273,10419565339,1,"IOTHUB_CLIENT_CONFIRMATION_OK"
20024,10419565473,10419565538,1,"IOTHUB_CLIENT_CONFIRMATION_OK"
20025,10419565673,10419565728,1,"IOTHUB_CLIENT_CONFIRMATION_OK"
20026,10419565873,10419565967,1,"IOTHUB_CLIENT_CONFIRMATION_OK"
20027,10419566073,10419566185,1,"IOTHUB_CLIENT_CONFIRMATION_OK"
20028,10419566273,10419566311,1,"IOTHUB_CLIENT_CONFIRMATION_OK"
20029,10419566473,10419566503,1,"IOTHUB_CLIENT_CONFIRMATION_OK"
20030,10419566674,10419566720,1,"IOTHUB_CLIENT_CONFIRMATION_OK"
20031,10419566874,10419566906,1,"IOTHUB_CLIENT_CONFIRMATION_OK"
20032,10419567074,10419567105,1,"IOTHUB_CLIENT_CONFIRMATION_OK"
20033,10419567274,10419567305,1,"IOTHUB_CLIENT_CONFIRMATION_OK"
20034,10419567474,10419567570,1,"IOTHUB_CLIENT_CONFIRMATION_OK"
20035,10419567674,10419567732,1,"IOTHUB_CLIENT_CONFIRMATION_OK"
20036,10419567875,10419567913,1,"IOTHUB_CLIENT_CONFIRMATION_OK"
20037,10419568075,10419568106,1,"IOTHUB_CLIENT_CONFIRMATION_OK"
20038,10419568275,10419568427,1,"IOTHUB_CLIENT_CONFIRMATION_OK"
20039,10419568475,10419568513,1,"IOTHUB_CLIENT_CONFIRMATION_OK"
20040,10419568675,10419568715,1,"IOTHUB_CLIENT_CONFIRMATION_OK"
20041,10419568875,10419568908,1,"IOTHUB_CLIENT_CONFIRMATION_OK"
20042,10419569075,10419569209,1,"IOTHUB_CLIENT_CONFIRMATION_OK"
20043,10419569276,10419569328,1,"IOTHUB_CLIENT_CONFIRMATION_OK"
20044,10419569476,10419569524,1,"IOTHUB_CLIENT_CONFIRMATION_OK"
20045,10419569676,10419569708,1,"IOTHUB_CLIENT_CONFIRMATION_OK"
20046,10419569876,10419569909,1,"IOTHUB_CLIENT_CONFIRMATION_OK"
20047,10419570076,10419570107,1,"IOTHUB_CLIENT_CONFIRMATION_OK"
20048,10419570276,10419570310,1,"IOTHUB_CLIENT_CONFIRMATION_OK"
20049,10419570477,10419570508,1,"IOTHUB_CLIENT_CONFIRMATION_OK"
20050,10419570677,10419570713,1,"IOTHUB_CLIENT_CONFIRMATION_OK"
20051,10419570877,10419570907,1,"IOTHUB_CLIENT_CONFIRMATION_OK"
20052,10419571077,10419571109,1,"IOTHUB_CLIENT_CONFIRMATION_OK"
20053,10419571277,10419571349,1,"IOTHUB_CLIENT_CONFIRMATION_OK"
20054,10419571477,10419571535,1,"IOTHUB_CLIENT_CONFIRMATION_OK"
20055,10419571677,10419571727,1,"IOTHUB_CLIENT_CONFIRMATION_OK"
20056,10419571878,10419571942,1,"IOTHUB_CLIENT_CONFIRMATION_OK"
20057,10419572078,10419572164,1,"IOTHUB_CLIENT_CONFIRMATION_OK"
20058,10419572278,10419572313,1,"IOTHUB_CLIENT_CONFIRMATION_OK"
20059,10419572478,10419572520,1,"IOTHUB_CLIENT_CONFIRMATION_OK"
20060,10419572678,10419572714,1,"IOTHUB_CLIENT_CONFIRMATION_OK"
20061,10419572878,10419573069,1,"IOTHUB_CLIENT_CONFIRMATION_OK"
20062,10419573079,10419573114,1,"IOTHUB_CLIENT_CONFIRMATION_OK"
20063,10419573279,10419573325,1,"IOTHUB_CLIENT_CONFIRMATION_OK"
20064,10419573479,10419573525,1,"IOTHUB_CLIENT_CONFIRMATION_OK"
20065,10419573679,10419573730,1,"IOTHUB_CLIENT_CONFIRMATION_OK"
20066,10419573879,10419573952,1,"IOTHUB_CLIENT_CONFIRMATION_OK"
20067,10419574079,10419574227,1,"IOTHUB_CLIENT_CONFIRMATION_OK"
20068,10419574280,10419574313,1,"IOTHUB_CLIENT_CONFIRMATION_OK"
20069,10419574480,10419574520,1,"IOTHUB_CLIENT_CONFIRMATION_OK"
20070,10419574680,10419574737,1,"IOTHUB_CLIENT_CONFIRMATION_OK"
20071,10419574880,10419574916,1,"IOTHUB_CLIENT_CONFIRMATION_OK"
20072,10419575080,10419575122,1,"IOTHUB_CLIENT_CONFIRMATION_OK"
20073,10419575280,10419575316,1,"IOTHUB_CLIENT_CONFIRMATION_OK"
20074,10419575480,10419575549,1,"IOTHUB_CLIENT_CONFIRMATION_OK"
20075,10419575681,10419575743,1,"IOTHUB_CLIENT_CONFIRMATION_OK"
20076,10419575881,10419575932,1,"IOTHUB_CLIENT_CONFIRMATION_OK"
20077,10419576081,10419576130,1,"IOTHUB_CLIENT_CONFIRMATION_OK"
20078,10419576281,10419576333,1,"IOTHUB_CLIENT_CONFIRMATION_OK"
20079,10419576481,10419576513,1,"IOTHUB_CLIENT_CONFIRMATION_OK"
20080,10419576681,10419576717,1,"IOTHUB_CLIENT_CONFIRMATION_OK"
20081,10419576881,10419576931,1,"IOTHUB_CLIENT_CONFIRMATION_OK"
20082,10419577082,10419577114,1,"IOTHUB_CLIENT_CONFIRMATION_OK"
20083,10419577282,10419577699,1,"IOTHUB_CLIENT_CONFIRMATION_OK"
20084,10419577482,10419577744,1,"IOTHUB_CLIENT_CONFIRMATION_OK"
20085,10419577682,10419577866,1,"IOTHUB_CLIENT_CONFIRMATION_OK"
20086,10419577882,10419577945,1,"IOTHUB_CLIENT_CONFIRMATION_OK"
20087,10419578082,10419578195,1,"IOTHUB_CLIENT_CONFIRMATION_OK"
20088,10419578283,10419578358,1,"IOTHUB_CLIENT_CONFIRMATION_OK"
20089,10419578483,10419578518,1,"IOTHUB_CLIENT_CONFIRMATION_OK"
20090,10419578683,10419578723,1,"IOTHUB_CLIENT_CONFIRMATION_OK"
20091,10419578883,10419578923,1,"IOTHUB_CLIENT_CONFIRMATION_OK"
20092,10419579083,10419579169,1,"IOTHUB_CLIENT_CONFIRMATION_OK"
20093,10419579283,10419579329,1,"IOTHUB_CLIENT_CONFIRMATION_OK"
20094,10419579483,10419579534,1,"IOTHUB_CLIENT_CONFIRMATION_OK"
20095,10419579684,10419579719,1,"IOTHUB_CLIENT_CONFIRMATION_OK"
20096,10419579884,10419579930,1,"IOTHUB_CLIENT_CONFIRMATION_OK"
20097,10419580084,10419580127,1,"IOTHUB_CLIENT_CONFIRMATION_OK"
20098,10419580284,10419580347,1,"IOTHUB_CLIENT_CONFIRMATION_OK"
20099,10419580484,10419580525,1,"IOTHUB_CLIENT_CONFIRMATION_OK"
20100,10419580684,10419580721,1,"IOTHUB_CLIENT_CONFIRMATION_OK"
20101,10419580885,10419580918,1,"IOTHUB_CLIENT_CONFIRMATION_OK"
20102,10419581085,10419581116,1,"IOTHUB_CLIENT_CONFIRMATION_OK"
20103,10419581285,10419581401,1,"IOTHUB_CLIENT_CONFIRMATION_OK"
20104,10419581485,10419581548,1,"IOTHUB_CLIENT_CONFIRMATION_OK"
20105,10419581685,10419581724,1,"IOTHUB_CLIENT_CONFIRMATION_OK"
20106,10419581885,10419581950,1,"IOTHUB_CLIENT_CONFIRMATION_OK"
20107,10419582086,10419582235,1,"IOTHUB_CLIENT_CONFIRMATION_OK"
20108,10419582286,10419582318,1,"IOTHUB_CLIENT_CONFIRMATION_OK"
20109,10419582486,10419582549,1,"IOTHUB_CLIENT_CONFIRMATION_OK"
20110,10419582686,10419582763,1,"IOTHUB_CLIENT_CONFIRMATION_OK"
20111,10419582886,10419583051,1,"IOTHUB_CLIENT_CONFIRMATION_OK"
20112,10419583086,10419583132,1,"IOTHUB_CLIENT_CONFIRMATION_OK"
20113,10419583286,10419583344,1,"IOTHUB_CLIENT_CONFIRMATION_OK"
20114,10419583487,10419583526,1,"IOTHUB_CLIENT_CONFIRMATION_OK"
20115,10419583687,10419583735,1,"IOTHUB_CLIENT_CONFIRMATION_OK"
20116,10419583887,10419583943,1,"IOTHUB_CLIENT_CONFIRMATION_OK"
20117,10419584087,10419584137,1,"IOTHUB_CLIENT_CONFIRMATION_OK"
20118,10419584287,10419584344,1,"IOTHUB_CLIENT_CONFIRMATION_OK"
20119,10419584487,10419584539,1,"IOTHUB_CLIENT_CONFIRMATION_OK"
20120,10419584687,10419584758,1,"IOTHUB_CLIENT_CONFIRMATION_OK"
20121,10419584888,10419584925,1,"IOTHUB_CLIENT_CONFIRMATION_OK"
20122,10419585088,10419585122,1,"IOTHUB_CLIENT_CONFIRMATION_OK"
20123,10419585288,10419585348,1,"IOTHUB_CLIENT_CONFIRMATION_OK"
20124,10419585488,10419585531,1,"IOTHUB_CLIENT_CONFIRMATION_OK"
20125,10419585688,10419585746,1,"IOTHUB_CLIENT_CONFIRMATION_OK"
20126,10419585888,10419585959,1,"IOTHUB_CLIENT_CONFIRMATION_OK"
20127,10419586089,10419586127,1,"IOTHUB_CLIENT_CONFIRMATION_OK"
20128,10419586289,10419586331,1,"IOTHUB_CLIENT_CONFIRMATION_OK"
20129,10419586489,10419586600,1,"IOTHUB_CLIENT_CONFIRMATION_OK"
20130,10419586689,10419586736,1,"IOTHUB_CLIENT_CONFIRMATION_OK"
20131,10419586889,10419586933,1,"IOTHUB_CLIENT_CONFIRMATION_OK"
20132,10419587089,10419587132,1,"IOTHUB_CLIENT_CONFIRMATION_OK"
20133,10419587289,10419587323,1,"IOTHUB_CLIENT_CONFIRMATION_OK"
20134,10419587490,10419587539,1,"IOTHUB_CLIENT_CONFIRMATION_OK"
20135,10419587690,10419587725,1,"IOTHUB_CLIENT_CONFIRMATION_OK"
20136,10419587890,10419587922,1,"IOTHUB_CLIENT_CONFIRMATION_OK"
20137,10419588090,10419588135,1,"IOTHUB_CLIENT_CONFIRMATION_OK"
20138,10419588290,10419588363,1,"IOTHUB_CLIENT_CONFIRMATION_OK"
20139,10419588490,10419588536,1,"IOTHUB_CLIENT_CONFIRMATION_OK"
20140,10419588691,10419588723,1,"IOTHUB_CLIENT_CONFIRMATION_OK"
20141,10419588891,10419588942,1,"IOTHUB_CLIENT_CONFIRMATION_OK"
20142,10419589091,10419589174,1,"IOTHUB_CLIENT_CONFIRMATION_OK"
20143,10419589291,10419589329,1,"IOTHUB_CLIENT_CONFIRMATION_OK"
20144,10419589491,10419589561,1,"IOTHUB_CLIENT_CONFIRMATION_OK"
20145,10419589691,10419589742,1,"IOTHUB_CLIENT_CONFIRMATION_OK"
20146,10419589891,10419589971,1,"IOTHUB_CLIENT_CONFIRMATION_OK"
20147,10419590091,10419590130,1,"IOTHUB_CLIENT_CONFIRMATION_OK"
20148,10419590292,10419590358,1,"IOTHUB_CLIENT_CONFIRMATION_OK"
20149,10419590492,10419590543,1,"IOTHUB_CLIENT_CONFIRMATION_OK"
20150,10419590692,10419590736,1,"IOTHUB_CLIENT_CONFIRMATION_OK"
20151,10419590892,10419590933,1,"IOTHUB_CLIENT_CONFIRMATION_OK"
20152,10419591092,10419591167,1,"IOTHUB_CLIENT_CONFIRMATION_OK"
20153,10419591292,10419591394,1,"IOTHUB_CLIENT_CONFIRMATION_OK"
20154,10419591493,10419591553,1,"IOTHUB_CLIENT_CONFIRMATION_OK"
20155,10419591693,10419591734,1,"IOTHUB_CLIENT_CONFIRMATION_OK"
20156,10419591893,10419591938,1,"IOTHUB_CLIENT_CONFIRMATION_OK"
20157,10419592093,10419592219,1,"IOTHUB_CLIENT_CONFIRMATION_OK"
20158,10419592293,10419592343,1,"IOTHUB_CLIENT_CONFIRMATION_OK"
20159,10419592493,10419592529,1,"IOTHUB_CLIENT_CONFIRMATION_OK"
20160,10419592694,10419592746,1,"IOTHUB_CLIENT_CONFIRMATION_OK"
20161,10419592894,10419593030,1,"IOTHUB_CLIENT_CONFIRMATION_OK"
20162,10419593094,10419593136,1,"IOTHUB_CLIENT_CONFIRMATION_OK"
20163,10419593294,10419593334,1,"IOTHUB_CLIENT_CONFIRMATION_OK"
20164,10419593494,10419593537,1,"IOTHUB_CLIENT_CONFIRMATION_OK"
20165,10419593694,10419593730,1,"IOTHUB_CLIENT_CONFIRMATION_OK"
20166,10419593894,10419593927,1,"IOTHUB_CLIENT_CONFIRMATION_OK"
20167,10419594095,10419594142,1,"IOTHUB_CLIENT_CONFIRMATION_OK"
20168,10419594295,10419594340,1,"IOTHUB_CLIENT_CONFIRMATION_OK"
20169,10419594495,10419594531,1,"IOTHUB_CLIENT_CONFIRMATION_OK"
20170,10419594695,10419594761,1,"IOTHUB_CLIENT_CONFIRMATION_OK"
20171,10419594895,10419594951,1,"IOTHUB_CLIENT_CONFIRMATION_OK"
20172,10419595095,10419595139,1,"IOTHUB_CLIENT_CONFIRMATION_OK"
20173,10419595296,10419595432,1,"IOTHUB_CLIENT_CONFIRMATION_OK"
20174,10419595496,10419595537,1,"IOTHUB_CLIENT_CONFIRMATION_OK"
20175,10419595696,10419595743,1,"IOTHUB_CLIENT_CONFIRMATION_OK"
20176,10419595896,10419595943,1,"IOTHUB_CLIENT_CONFIRMATION_OK"
20177,10419596096,10419596138,1,"IOTHUB_CLIENT_CONFIRMATION_OK"
20178,10419596296,10419596351,1,"IOTHUB_CLIENT_CONFIRMATION_OK"
20179,10419596497,10419596542,1,"IOTHUB_CLIENT_CONFIRMATION_OK"
20180,10419596697,10419596744,1,"IOTHUB_CLIENT_CONFIRMATION_OK"
20181,10419596897,10419596941,1,"IOTHUB_CLIENT_CONFIRMATION_OK"
20182,10419597097,10419597159,1,"IOTHUB_CLIENT_CONFIRMATION_OK"
20183,10419597297,10419597329,1,"IOTHUB_CLIENT_CONFIRMATION_OK"
20184,10419597497,10419597536,1,"IOTHUB_CLIENT_CONFIRMATION_OK"
20185,10419597697,10419597738,1,"IOTHUB_CLIENT_CONFIRMATION_OK"
20186,10419597898,10419597981,1,"IOTHUB_CLIENT_CONFIRMATION_OK"
20187,10419598098,10419598145,1,"IOTHUB_CLIENT_CONFIRMATION_OK"
20188,10419598298,10419598340,1,"IOTHUB_CLIENT_CONFIRMATION_OK"
20189,10419598498,10419598543,1,"IOTHUB_CLIENT_CONFIRMATION_OK"
20190,10419598698,10419598743,1,"IOTHUB_CLIENT_CONFIRMATION_OK"
20191,10419598898,10419598957,1,"IOTHUB_CLIENT_CONFIRMATION_OK"
20192,10419599098,10419599153,1,"IOTHUB_CLIENT_CONFIRMATION_OK"
20193,10419599299,10419599434,1,"IOTHUB_CLIENT_CONFIRMATION_OK"
20194,10419599499,10419599599,1,"IOTHUB_CLIENT_CONFIRMATION_OK"
20195,10419599699,10419599742,1,"IOTHUB_CLIENT_CONFIRMATION_OK"
20196,10419599899,10419599953,1,"IOTHUB_CLIENT_CONFIRMATION_OK"
20197,10419600099,10419600146,1,"IOTHUB_CLIENT_CONFIRMATION_OK"
20198,10419600299,10419600343,1,"IOTHUB_CLIENT_CONFIRMATION_OK"
20199,10419600500,10419600547,1,"IOTHUB_CLIENT_CONFIRMATION_OK"
20200,10419600700,10419600743,1,"IOTHUB_CLIENT_CONFIRMATION_OK"
20201,10419600900,10419600952,1,"IOTHUB_CLIENT_CONFIRMATION_OK"
20202,10419601100,10419601160,1,"IOTHUB_CLIENT_CONFIRMATION_OK"
20203,10419601300,10419601418,1,"IOTHUB_CLIENT_CONFIRMATION_OK"
20204,10419601501,10419601569,1,"IOTHUB_CLIENT_CONFIRMATION_OK"
20205,10419601701,10419601801,1,"IOTHUB_CLIENT_CONFIRMATION_OK"
20206,10419601901,10419601949,1,"IOTHUB_CLIENT_CONFIRMATION_OK"
20207,10419602101,10419602272,1,"IOTHUB_CLIENT_CONFIRMATION_OK"
20208,10419602301,10419602345,1,"IOTHUB_CLIENT_CONFIRMATION_OK"
20209,10419602501,10419602593,1,"IOTHUB_CLIENT_CONFIRMATION_OK"
20210,10419602701,10419602745,1,"IOTHUB_CLIENT_CONFIRMATION_OK"
20211,10419602902,10419602948,1,"IOTHUB_CLIENT_CONFIRMATION_OK"
20212,10419603102,10419603138,1,"IOTHUB_CLIENT_CONFIRMATION_OK"
20213,10419603302,10419603426,1,"IOTHUB_CLIENT_CONFIRMATION_OK"
20214,10419603502,10419603559,1,"IOTHUB_CLIENT_CONFIRMATION_OK"
20215,10419603702,10419603748,1,"IOTHUB_CLIENT_CONFIRMATION_OK"
20216,10419603902,10419603935,1,"IOTHUB_CLIENT_CONFIRMATION_OK"
20217,10419604102,10419604146,1,"IOTHUB_CLIENT_CONFIRMATION_OK"
20218,10419604303,10419604347,1,"IOTHUB_CLIENT_CONFIRMATION_OK"
20219,10419604503,10419604540,1,"IOTHUB_CLIENT_CONFIRMATION_OK"
20220,10419604703,10419604754,1,"IOTHUB_CLIENT_CONFIRMATION_OK"
20221,10419604903,10419604948,1,"IOTHUB_CLIENT_CONFIRMATION_OK"
20222,10419605103,10419605146,1,"IOTHUB_CLIENT_CONFIRMATION_OK"
20223,10419605303,10419605351,1,"IOTHUB_CLIENT_CONFIRMATION_OK"
20224,10419605504,10419605552,1,"IOTHUB_CLIENT_CONFIRMATION_OK"
20225,10419605704,10419605746,1,"IOTHUB_CLIENT_CONFIRMATION_OK"
20226,10419605904,10419605969,1,"IOTHUB_CLIENT_CONFIRMATION_OK"
20227,10419606104,10419606149,1,"IOTHUB_CLIENT_CONFIRMATION_OK"
20228,10419606304,10419606348,1,"IOTHUB_CLIENT_CONFIRMATION_OK"
20229,10419606504,10419606546,1,"IOTHUB_CLIENT_CONFIRMATION_OK"
20230,10419606705,10419606758,1,"IOTHUB_CLIENT_CONFIRMATION_OK"
20231,10419606905,10419607012,1,"IOTHUB_CLIENT_CONFIRMATION_OK"
20232,10419607105,10419607144,1,"IOTHUB_CLIENT_CONFIRMATION_OK"
20233,10419607305,10419607352,1,"IOTHUB_CLIENT_CONFIRMATION_OK"
20234,10419607505,10419607552,1,"IOTHUB_CLIENT_CONFIRMATION_OK"
20235,10419607705,10419607769,1,"IOTHUB_CLIENT_CONFIRMATION_OK"
20236,10419607906,10419607948,1,"IOTHUB_CLIENT_CONFIRMATION_OK"
20237,10419608106,10419608181,1,"IOTHUB_CLIENT_CONFIRMATION_OK"
20238,10419608306,10419608348,1,"IOTHUB_CLIENT_CONFIRMATION_OK"
20239,10419608506,10419608569,1,"IOTHUB_CLIENT_CONFIRMATION_OK"
20240,10419608706,10419608782,1,"IOTHUB_CLIENT_CONFIRMATION_OK"
20241,10419608906,10419608952,1,"IOTHUB_CLIENT_CONFIRMATION_OK"
20242,10419609106,10419609344,1,"IOTHUB_CLIENT_CONFIRMATION_OK"
20243,10419609307,10419609376,1,"IOTHUB_CLIENT_CONFIRMATION_OK"
20244,10419609507,10419609559,1,"IOTHUB_CLIENT_CONFIRMATION_OK"
20245,10419609707,10419609756,1,"IOTHUB_CLIENT_CONFIRMATION_OK"
20246,10419609907,10419609958,1,"IOTHUB_CLIENT_CONFIRMATION_OK"
20247,10419610107,10419610153,1,"IOTHUB_CLIENT_CONFIRMATION_OK"
20248,10419610307,10419610354,1,"IOTHUB_CLIENT_CONFIRMATION_OK"
20249,10419610508,10419610618,1,"IOTHUB_CLIENT_CONFIRMATION_OK"
20250,10419610708,10419610763,1,"IOTHUB_CLIENT_CONFIRMATION_OK"
20251,10419610908,10419610957,1,"IOTHUB_CLIENT_CONFIRMATION_OK"
20252,10419611108,10419611162,1,"IOTHUB_CLIENT_CONFIRMATION_OK"
20253,10419611308,10419611408,1,"IOTHUB_CLIENT_CONFIRMATION_OK"
20254,10419611508,10419611581,1,"IOTHUB_CLIENT_CONFIRMATION_OK"
20255,10419611708,10419611754,1,"IOTHUB_CLIENT_CONFIRMATION_OK"
20256,10419611909,10419611964,1,"IOTHUB_CLIENT_CONFIRMATION_OK"
20257,10419612109,10419612226,1,"IOTHUB_CLIENT_CONFIRMATION_OK"
20258,10419612309,10419612357,1,"IOTHUB_CLIENT_CONFIRMATION_OK"
20259,10419612509,10419612564,1,"IOTHUB_CLIENT_CONFIRMATION_OK"
20260,10419612709,10419612759,1,"IOTHUB_CLIENT_CONFIRMATION_OK"
20261,10419612909,10419612951,1,"IOTHUB_CLIENT_CONFIRMATION_OK"
20262,10419613109,10419613179,1,"IOTHUB_CLIENT_CONFIRMATION_OK"
20263,10419613310,10419613374,1,"IOTHUB_CLIENT_CONFIRMATION_OK"
20264,10419613510,10419613548,1,"IOTHUB_CLIENT_CONFIRMATION_OK"
20265,10419613710,10419613775,1,"IOTHUB_CLIENT_CONFIRMATION_OK"
20266,10419613910,10419613992,1,"IOTHUB_CLIENT_CONFIRMATION_OK"
20267,10419614110,10419614152,1,"IOTHUB_CLIENT_CONFIRMATION_OK"
20268,10419614310,10419614353,1,"IOTHUB_CLIENT_CONFIRMATION_OK"
20269,10419614511,10419614552,1,"IOTHUB_CLIENT_CONFIRMATION_OK"
20270,10419614711,10419614752,1,"IOTHUB_CLIENT_CONFIRMATION_OK"
20271,10419614911,10419615000,1,"IOTHUB_CLIENT_CONFIRMATION_OK"
20272,10419615111,10419615236,1,"IOTHUB_CLIENT_CONFIRMATION_OK"
20273,10419615311,10419615356,1,"IOTHUB_CLIENT_CONFIRMATION_OK"
20274,10419615511,10419615558,1,"IOTHUB_CLIENT_CONFIRMATION_OK"
20275,10419615711,10419615751,1,"IOTHUB_CLIENT_CONFIRMATION_OK"
20276,10419615912,10419616063,1,"IOTHUB_CLIENT_CONFIRMATION_OK"
20277,10419616112,10419616152,1,"IOTHUB_CLIENT_CONFIRMATION_OK"
20278,10419616312,10419616348,1,"IOTHUB_CLIENT_CONFIRMATION_OK"
20279,10419616512,10419616548,1,"IOTHUB_CLIENT_CONFIRMATION_OK"
20280,10419616712,10419616765,1,"IOTHUB_CLIENT_CONFIRMATION_OK"
20281,10419616912,10419616960,1,"IOTHUB_CLIENT_CONFIRMATION_OK"
20282,10419617112,10419617158,1,"IOTHUB_CLIENT_CONFIRMATION_OK"
20283,10419617313,10419617355,1,"IOTHUB_CLIENT_CONFIRMATION_OK"
20284,10419617513,10419617595,1,"IOTHUB_CLIENT_CONFIRMATION_OK"
20285,10419617713,10419617760,1,"IOTHUB_CLIENT_CONFIRMATION_OK"
20286,10419617913,10419617992,1,"IOTHUB_CLIENT_CONFIRMATION_OK"
20287,10419618113,10419618152,1,"IOTHUB_CLIENT_CONFIRMATION_OK"
20288,10419618313,10419618511,1,"IOTHUB_CLIENT_CONFIRMATION_OK"
20289,10419618514,10419618558,1,"IOTHUB_CLIENT_CONFIRMATION_OK"
20290,10419618714,10419618788,1,"IOTHUB_CLIENT_CONFIRMATION_OK"
20291,10419618914,10419618959,1,"IOTHUB_CLIENT_CONFIRMATION_OK"
20292,10419619114,10419619157,1,"IOTHUB_CLIENT_CONFIRMATION_OK"
20293,10419619314,10419619357,1,"IOTHUB_CLIENT_CONFIRMATION_OK"
20294,10419619514,10419619562,1,"IOTHUB_CLIENT_CONFIRMATION_OK"
20295,10419619715,10419619793,1,"IOTHUB_CLIENT_CONFIRMATION_OK"
20296,10419619915,10419619962,1,"IOTHUB_CLIENT_CONFIRMATION_OK"
20297,10419620115,10419620186,1,"IOTHUB_CLIENT_CONFIRMATION_OK"
20298,10419620315,10419620352,1,"IOTHUB_CLIENT_CONFIRMATION_OK"
20299,10419620515,10419620612,1,"IOTHUB_CLIENT_CONFIRMATION_OK"
20300,10419620715,10419620764,1,"IOTHUB_CLIENT_CONFIRMATION_OK"
20301,10419620915,10419620955,1,"IOTHUB_CLIENT_CONFIRMATION_OK"
20302,10419621116,10419621156,1,"IOTHUB_CLIENT_CONFIRMATION_OK"
20303,10419621316,10419621452,1,"IOTHUB_CLIENT_CONFIRMATION_OK"
20304,10419621516,10419621569,1,"IOTHUB_CLIENT_CONFIRMATION_OK"
20305,10419621716,10419621752,1,"IOTHUB_CLIENT_CONFIRMATION_OK"
20306,10419621916,10419621956,1,"IOTHUB_CLIENT_CONFIRMATION_OK"
20307,10419622116,10419622163,1,"IOTHUB_CLIENT_CONFIRMATION_OK"
20308,10419622317,10419622357,1,"IOTHUB_CLIENT_CONFIRMATION_OK"
20309,10419622517,10419622573,1,"IOTHUB_CLIENT_CONFIRMATION_OK"
20310,10419622717,10419622769,1,"IOTHUB_CLIENT_CONFIRMATION_OK"
20311,10419622917,10419622967,1,"IOTHUB_CLIENT_CONFIRMATION_OK"
20312,10419623117,10419623158,1,"IOTHUB_CLIENT_CONFIRMATION_OK"
20313,10419623317,10419623357,1,"IOTHUB_CLIENT_CONFIRMATION_OK"
20314,10419623517,10419623560,1,"IOTHUB_CLIENT_CONFIRMATION_OK"
20315,10419623718,10419623779,1,"IOTHUB_CLIENT_CONFIRMATION_OK"
20316,10419623918,10419623974,1,"IOTHUB_CLIENT_CONFIRMATION_OK"
20317,10419624118,10419624156,1,"IOTHUB_CLIENT_CONFIRMATION_OK"
20318,10419624318,10419624473,1,"IOTHUB_CLIENT_CONFIRMATION_OK"
20319,10419624518,10419624559,1,"IOTHUB_CLIENT_CONFIRMATION_OK"
20320,10419624718,10419624749,1,"IOTHUB_CLIENT_CONFIRMATION_OK"
20321,10419624919,10419624960,1,"IOTHUB_CLIENT_CONFIRMATION_OK"
20322,10419625119,10419625281,1,"IOTHUB_CLIENT_CONFIRMATION_OK"
20323,10419625319,10419625411,1,"IOTHUB_CLIENT_CONFIRMATION_OK"
20324,10419625519,10419625636,1,"IOTHUB_CLIENT_CONFIRMATION_OK"
20325,10419625719,10419625790,1,"IOTHUB_CLIENT_CONFIRMATION_OK"
20326,10419625919,10419625989,1,"IOTHUB_CLIENT_CONFIRMATION_OK"
20327,10419626120,10419626172,1,"IOTHUB_CLIENT_CONFIRMATION_OK"
20328,10419626320,10419626365,1,"IOTHUB_CLIENT_CONFIRMATION_OK"
20329,10419626520,10419626587,1,"IOTHUB_CLIENT_CONFIRMATION_OK"
20330,10419626720,10419626763,1,"IOTHUB_CLIENT_CONFIRMATION_OK"
20331,10419626920,10419626976,1,"IOTHUB_CLIENT_CONFIRMATION_OK"
20332,10419627120,10419627164,1,"IOTHUB_CLIENT_CONFIRMATION_OK"
20333,10419627320,10419627381,1,"IOTHUB_CLIENT_CONFIRMATION_OK"
20334,10419627521,10419627600,1,"IOTHUB_CLIENT_CONFIRMATION_OK"
20335,10419627721,10419627766,1,"IOTHUB_CLIENT_CONFIRMATION_OK"
20336,10419627921,10419627977,1,"IOTHUB_CLIENT_CONFIRMATION_OK"
20337,10419628121,10419628171,1,"IOTHUB_CLIENT_CONFIRMATION_OK"
20338,10419628321,10419628382,1,"IOTHUB_CLIENT_CONFIRMATION_OK"
20339,10419628521,10419628587,1,"IOTHUB_CLIENT_CONFIRMATION_OK"
20340,10419628722,10419628767,1,"IOTHUB_CLIENT_CONFIRMATION_OK"
20341,10419628922,10419628970,1,"IOTHUB_CLIENT_CONFIRMATION_OK"
20342,10419629122,10419629181,1,"IOTHUB_CLIENT_CONFIRMATION_OK"
20343,10419629322,10419629361,1,"IOTHUB_CLIENT_CONFIRMATION_OK"
20344,10419629522,10419629562,1,"IOTHUB_CLIENT_CONFIRMATION_OK"
20345,10419629722,10419629765,1,"IOTHUB_CLIENT_CONFIRMATION_OK"
20346,10419629923,10419629987,1,"IOTHUB_CLIENT_CONFIRMATION_OK"
20347,10419630123,10419630162,1,"IOTHUB_CLIENT_CONFIRMATION_OK"
20348,10419630323,10419630355,1,"IOTHUB_CLIENT_CONFIRMATION_OK"
20349,10419630523,10419630604,1,"IOTHUB_CLIENT_CONFIRMATION_OK"
20350,10419630723,10419630775,1,"IOTHUB_CLIENT_CONFIRMATION_OK"
20351,10419630924,10419631002,1,"IOTHUB_CLIENT_CONFIRMATION_OK"
20352,10419631124,10419631162,1,"IOTHUB_CLIENT_CONFIRMATION_OK"
20353,10419631324,10419631410,1,"IOTHUB_CLIENT_CONFIRMATION_OK"
20354,10419631524,10419631565,1,"IOTHUB_CLIENT_CONFIRMATION_OK"
20355,10419631724,10419631764,1,"IOTHUB_CLIENT_CONFIRMATION_OK"
20356,10419631924,10419631973,1,"IOTHUB_CLIENT_CONFIRMATION_OK"
20357,10419632124,10419632164,1,"IOTHUB_CLIENT_CONFIRMATION_OK"
20358,10419632325,10419632367,1,"IOTHUB_CLIENT_CONFIRMATION_OK"
20359,10419632525,10419632573,1,"IOTHUB_CLIENT_CONFIRMATION_OK"
20360,10419632725,10419632771,1,"IOTHUB_CLIENT_CONFIRMATION_OK"
20361,10419632925,10419632962,1,"IOTHUB_CLIENT_CONFIRMATION_OK"
20362,10419633125,10419633168,1,"IOTHUB_CLIENT_CONFIRMATION_OK"
20363,10419633325,10419633370,1,"IOTHUB_CLIENT_CONFIRMATION_OK"
20364,10419633526,10419633645,1,"IOTHUB_CLIENT_CONFIRMATION_OK"
20365,10419633726,10419633762,1,"IOTHUB_CLIENT_CONFIRMATION_OK"
20366,10419633926,10419633964,1,"IOTHUB_CLIENT_CONFIRMATION_OK"
20367,10419634126,10419634167,1,"IOTHUB_CLIENT_CONFIRMATION_OK"
20368,10419634326,10419634458,1,"IOTHUB_CLIENT_CONFIRMATION_OK"
20369,10419634526,10419634579,1,"IOTHUB_CLIENT_CONFIRMATION_OK"
20370,10419634727,10419634776,1,"IOTHUB_CLIENT_CONFIRMATION_OK"
20371,10419634927,10419635012,1,"IOTHUB_CLIENT_CONFIRMATION_OK"
20372,10419635127,10419635167,1,"IOTHUB_CLIENT_CONFIRMATION_OK"
20373,10419635327,10419635376,1,"IOTHUB_CLIENT_CONFIRMATION_OK"
20374,10419635527,10419635576,1,"IOTHUB_CLIENT_CONFIRMATION_OK"
20375,10419635727,10419635772,1,"IOTHUB_CLIENT_CONFIRMATION_OK"
20376,10419635927,10419635972,1,"IOTHUB_CLIENT_CONFIRMATION_OK"
20377,10419636128,10419636176,1,"IOTHUB_CLIENT_CONFIRMATION_OK"
20378,10419636328,10419636369,1,"IOTHUB_CLIENT_CONFIRMATION_OK"
20379,10419636528,10419636581,1,"IOTHUB_CLIENT_CONFIRMATION_OK"
20380,10419636728,10419636776,1,"IOTHUB_CLIENT_CONFIRMATION_OK"
20381,10419636928,10419636961,1,"IOTHUB_CLIENT_CONFIRMATION_OK"
20382,10419637128,10419637172,1,"IOTHUB_CLIENT_CONFIRMATION_OK"
20383,10419637329,10419637490,1,"IOTHUB_CLIENT_CONFIRMATION_OK"
20384,10419637529,10419637573,1,"IOTHUB_CLIENT_CONFIRMATION_OK"
20385,10419637729,10419637772,1,"IOTHUB_CLIENT_CONFIRMATION_OK"
20386,10419637929,10419637973,1,"IOTHUB_CLIENT_CONFIRMATION_OK"
20387,10419638129,10419638312,1,"IOTHUB_CLIENT_CONFIRMATION_OK"
20388,10419638329,10419638426,1,"IOTHUB_CLIENT_CONFIRMATION_OK"
20389,10419638530,10419638574,1,"IOTHUB_CLIENT_CONFIRMATION_OK"
20390,10419638730,10419638782,1,"IOTHUB_CLIENT_CONFIRMATION_OK"
20391,10419638930,10419638998,1,"IOTHUB_CLIENT_CONFIRMATION_OK"
20392,10419639130,10419639178,1,"IOTHUB_CLIENT_CONFIRMATION_OK"
20393,10419639330,10419639372,1,"IOTHUB_CLIENT_CONFIRMATION_OK"
20394,10419639530,10419639577,1,"IOTHUB_CLIENT_CONFIRMATION_OK"
20395,10419639731,10419640089,1,"IOTHUB_CLIENT_CONFIRMATION_OK"
20396,10419639931,10419640135,1,"IOTHUB_CLIENT_CONFIRMATION_OK"
20397,10419640131,10419640186,1,"IOTHUB_CLIENT_CONFIRMATION_OK"
20398,10419640331,10419640373,1,"IOTHUB_CLIENT_CONFIRMATION_OK"
20399,10419640531,10419640632,1,"IOTHUB_CLIENT_CONFIRMATION_OK"
20400,10419640731,10419640776,1,"IOTHUB_CLIENT_CONFIRMATION_OK"
20401,10419640931,10419640979,1,"IOTHUB_CLIENT_CONFIRMATION_OK"
20402,10419641132,10419641200,1,"IOTHUB_CLIENT_CONFIRMATION_OK"
20403,10419641332,10419641375,1,"IOTHUB_CLIENT_CONFIRMATION_OK"
20404,10419641532,10419641586,1,"IOTHUB_CLIENT_CONFIRMATION_OK"
20405,10419641732,10419641796,1,"IOTHUB_CLIENT_CONFIRMATION_OK"
20406,10419641932,10419641979,1,"IOTHUB_CLIENT_CONFIRMATION_OK"
20407,10419642132,10419642183,1,"IOTHUB_CLIENT_CONFIRMATION_OK"
20408,10419642333,10419642374,1,"IOTHUB_CLIENT_CONFIRMATION_OK"
20409,10419642533,10419642574,1,"IOTHUB_CLIENT_CONFIRMATION_OK"
20410,10419642733,10419642847,1,"IOTHUB_CLIENT_CONFIRMATION_OK"
20411,10419642933,10419642990,1,"IOTHUB_CLIENT_CONFIRMATION_OK"
20412,10419643133,10419643202,1,"IOTHUB_CLIENT_CONFIRMATION_OK"
20413,10419643333,10419643433,1,"IOTHUB_CLIENT_CONFIRMATION_OK"
20414,10419643534,10419643671,1,"IOTHUB_CLIENT_CONFIRMATION_OK"
20415,10419643734,10419643778,1,"IOTHUB_CLIENT_CONFIRMATION_OK"
20416,10419643934,10419644001,1,"IOTHUB_CLIENT_CONFIRMATION_OK"
20417,10419644134,10419644172,1,"IOTHUB_CLIENT_CONFIRMATION_OK"
20418,10419644334,10419644388,1,"IOTHUB_CLIENT_CONFIRMATION_OK"
20419,10419644534,10419644590,1,"IOTHUB_CLIENT_CONFIRMATION_OK"
20420,10419644734,10419644778,1,"IOTHUB_CLIENT_CONFIRMATION_OK"
20421,10419644935,10419645019,1,"IOTHUB_CLIENT_CONFIRMATION_OK"
20422,10419645135,10419645192,1,"IOTHUB_CLIENT_CONFIRMATION_OK"
20423,10419645335,10419645395,1,"IOTHUB_CLIENT_CONFIRMATION_OK"
20424,10419645535,10419645578,1,"IOTHUB_CLIENT_CONFIRMATION_OK"
20425,10419645735,10419645806,1,"IOTHUB_CLIENT_CONFIRMATION_OK"
20426,10419645936,10419645994,1,"IOTHUB_CLIENT_CONFIRMATION_OK"
20427,10419646136,10419646181,1,"IOTHUB_CLIENT_CONFIRMATION_OK"
20428,10419646336,10419646374,1,"IOTHUB_CLIENT_CONFIRMATION_OK"
20429,10419646536,10419646581,1,"IOTHUB_CLIENT_CONFIRMATION_OK"
20430,10419646736,10419647009,1,"IOTHUB_CLIENT_CONFIRMATION_OK"
20431,10419646936,10419647119,1,"IOTHUB_CLIENT_CONFIRMATION_OK"
20432,10419647137,10419647186,1,"IOTHUB_CLIENT_CONFIRMATION_OK"
20433,10419647337,10419647388,1,"IOTHUB_CLIENT_CONFIRMATION_OK"
20434,10419647537,10419647579,1,"IOTHUB_CLIENT_CONFIRMATION_OK"
20435,10419647737,10419647774,1,"IOTHUB_CLIENT_CONFIRMATION_OK"
20436,10419647937,10419647982,1,"IOTHUB_CLIENT_CONFIRMATION_OK"
20437,10419648137,10419648181,1,"IOTHUB_CLIENT_CONFIRMATION_OK"
20438,10419648338,10419648377,1,"IOTHUB_CLIENT_CONFIRMATION_OK"
20439,10419648538,10419648576,1,"IOTHUB_CLIENT_CONFIRMATION_OK"
20440,10419648738,10419648781,1,"IOTHUB_CLIENT_CONFIRMATION_OK"
20441,10419648938,10419648991,1,"IOTHUB_CLIENT_CONFIRMATION_OK"
20442,10419649138,10419649203,1,"IOTHUB_CLIENT_CONFIRMATION_OK"
20443,10419649338,10419649385,1,"IOTHUB_CLIENT_CONFIRMATION_OK"
20444,10419649539,10419649584,1,"IOTHUB_CLIENT_CONFIRMATION_OK"
20445,10419649739,10419649787,1,"IOTHUB_CLIENT_CONFIRMATION_OK"
20446,10419649939,10419649990,1,"IOTHUB_CLIENT_CONFIRMATION_OK"
20447,10419650139,10419650182,1,"IOTHUB_CLIENT_CONFIRMATION_OK"
20448,10419650339,10419650393,1,"IOTHUB_CLIENT_CONFIRMATION_OK"
20449,10419650539,10419650601,1,"IOTHUB_CLIENT_CONFIRMATION_OK"
20450,10419650739,10419650837,1,"IOTHUB_CLIENT_CONFIRMATION_OK"
20451,10419650940,10419650996,1,"IOTHUB_CLIENT_CONFIRMATION_OK"
20452,10419651140,10419651201,1,"IOTHUB_CLIENT_CONFIRMATION_OK"
20453,10419651340,10419651381,1,"IOTHUB_CLIENT_CONFIRMATION_OK"
20454,10419651540,10419651610,1,"IOTHUB_CLIENT_CONFIRMATION_OK"
20455,10419651740,10419651780,1,"IOTHUB_CLIENT_CONFIRMATION_OK"
20456,10419651940,10419652010,1,"IOTHUB_CLIENT_CONFIRMATION_OK"
20457,10419652141,10419652210,1,"IOTHUB_CLIENT_CONFIRMATION_OK"
20458,10419652341,10419652379,1,"IOTHUB_CLIENT_CONFIRMATION_OK"
20459,10419652541,10419652599,1,"IOTHUB_CLIENT_CONFIRMATION_OK"
20460,10419652741,10419652852,1,"IOTHUB_CLIENT_CONFIRMATION_OK"
20461,10419652941,10419652979,1,"IOTHUB_CLIENT_CONFIRMATION_OK"
20462,10419653142,10419653199,1,"IOTHUB_CLIENT_CONFIRMATION_OK"
20463,10419653342,10419653390,1,"IOTHUB_CLIENT_CONFIRMATION_OK"
20464,10419653542,10419653830,1,"IOTHUB_CLIENT_CONFIRMATION_OK"
20465,10419653742,10419653876,1,"IOTHUB_CLIENT_CONFIRMATION_OK"
20466,10419653942,10419653997,1,"IOTHUB_CLIENT_CONFIRMATION_OK"
20467,10419654142,10419654181,1,"IOTHUB_CLIENT_CONFIRMATION_OK"
20468,10419654343,10419654428,1,"IOTHUB_CLIENT_CONFIRMATION_OK"
20469,10419654543,10419654583,1,"IOTHUB_CLIENT_CONFIRMATION_OK"
20470,10419654743,10419654787,1,"IOTHUB_CLIENT_CONFIRMATION_OK"
20471,10419654943,10419655039,1,"IOTHUB_CLIENT_CONFIRMATION_OK"
20472,10419655143,10419655181,1,"IOTHUB_CLIENT_CONFIRMATION_OK"
20473,10419655344,10419655408,1,"IOTHUB_CLIENT_CONFIRMATION_OK"
20474,10419655544,10419655585,1,"IOTHUB_CLIENT_CONFIRMATION_OK"
20475,10419655744,10419655832,1,"IOTHUB_CLIENT_CONFIRMATION_OK"
20476,10419655944,10419656026,1,"IOTHUB_CLIENT_CONFIRMATION_OK"
20477,10419656144,10419656182,1,"IOTHUB_CLIENT_CONFIRMATION_OK"
20478,10419656344,10419656386,1,"IOTHUB_CLIENT_CONFIRMATION_OK"
20479,10419656545,10419656621,1,"IOTHUB_CLIENT_CONFIRMATION_OK"
20480,10419656745,10419656790,1,"IOTHUB_CLIENT_CONFIRMATION_OK"
20481,10419656945,10419656986,1,"IOTHUB_CLIENT_CONFIRMATION_OK"
20482,10419657145,10419657184,1,"IOTHUB_CLIENT_CONFIRMATION_OK"
20483,10419657345,10419657424,1,"IOTHUB_CLIENT_CONFIRMATION_OK"
20484,10419657545,10419657623,1,"IOTHUB_CLIENT_CONFIRMATION_OK"
20485,10419657746,10419657808,1,"IOTHUB_CLIENT_CONFIRMATION_OK"
20486,10419657946,10419658001,1,"IOTHUB_CLIENT_CONFIRMATION_OK"
20487,10419658146,10419658239,1,"IOTHUB_CLIENT_CONFIRMATION_OK"
20488,10419658346,10419658386,1,"IOTHUB_CLIENT_CONFIRMATION_OK"
20489,10419658546,10419658590,1,"IOTHUB_CLIENT_CONFIRMATION_OK"
20490,10419658746,10419658784,1,"IOTHUB_CLIENT_CONFIRMATION_OK"
20491,10419658946,10419659104,1,"IOTHUB_CLIENT_CONFIRMATION_OK"
20492,10419659147,10419659210,1,"IOTHUB_CLIENT_CONFIRMATION_OK"
20493,10419659347,10419659424,1,"IOTHUB_CLIENT_CONFIRMATION_OK"
20494,10419659547,10419659586,1,"IOTHUB_CLIENT_CONFIRMATION_OK"
20495,10419659747,10419659787,1,"IOTHUB_CLIENT_CONFIRMATION_OK"
20496,10419659947,10419660064,1,"IOTHUB_CLIENT_CONFIRMATION_OK"
20497,10419660147,10419660191,1,"IOTHUB_CLIENT_CONFIRMATION_OK"
20498,10419660348,10419660386,1,"IOTHUB_CLIENT_CONFIRMATION_OK"
20499,10419660548,10419660585,1,"IOTHUB_CLIENT_CONFIRMATION_OK"
20500,10419660748,10419660798,1,"IOTHUB_CLIENT_CONFIRMATION_OK"
20501,10419660948,10419660988,1,"IOTHUB_CLIENT_CONFIRMATION_OK"
20502,10419661148,10419661224,1,"IOTHUB_CLIENT_CONFIRMATION_OK"
20503,10419661349,10419661397,1,"IOTHUB_CLIENT_CONFIRMATION_OK"
20504,10419661549,10419661621,1,"IOTHUB_CLIENT_CONFIRMATION_OK"
20505,10419661749,10419661800,1,"IOTHUB_CLIENT_CONFIRMATION_OK"
20506,10419661949,10419662124,1,"IOTHUB_CLIENT_CONFIRMATION_OK"
20507,10419662149,10419662193,1,"IOTHUB_CLIENT_CONFIRMATION_OK"
20508,10419662350,10419662391,1,"IOTHUB_CLIENT_CONFIRMATION_OK"
20509,10419662550,10419662600,1,"IOTHUB_CLIENT_CONFIRMATION_OK"
20510,10419662750,10419662791,1,"IOTHUB_CLIENT_CONFIRMATION_OK"
20511,10419662950,10419662996,1,"IOTHUB_CLIENT_CONFIRMATION_OK"
20512,10419663150,10419663217,1,"IOTHUB_CLIENT_CONFIRMATION_OK"
20513,10419663350,10419663429,1,"IOTHUB_CLIENT_CONFIRMATION_OK"
20514,10419663551,10419663607,1,"IOTHUB_CLIENT_CONFIRMATION_OK"
20515,10419663751,10419663797,1,"IOTHUB_CLIENT_CONFIRMATION_OK"
20516,10419663951,10419663992,1,"IOTHUB_CLIENT_CONFIRMATION_OK"
20517,10419664151,10419664186,1,"IOTHUB_CLIENT_CONFIRMATION_OK"
20518,10419664351,10419664396,1,"IOTHUB_CLIENT_CONFIRMATION_OK"
20519,10419664551,10419664595,1,"IOTHUB_CLIENT_CONFIRMATION_OK"
20520,10419664751,10419664804,1,"IOTHUB_CLIENT_CONFIRMATION_OK"
20521,10419664952,10419664988,1,"IOTHUB_CLIENT_CONFIRMATION_OK"
20522,10419665152,10419665199,1,"IOTHUB_CLIENT_CONFIRMATION_OK"
20523,10419665352,10419665448,1,"IOTHUB_CLIENT_CONFIRMATION_OK"
20524,10419665552,10419665591,1,"IOTHUB_CLIENT_CONFIRMATION_OK"
20525,10419665752,10419665803,1,"IOTHUB_CLIENT_CONFIRMATION_OK"
20526,10419665952,10419666001,1,"IOTHUB_CLIENT_CONFIRMATION_OK"
20527,10419666153,10419666195,1,"IOTHUB_CLIENT_CONFIRMATION_OK"
20528,10419666353,10419666392,1,"IOTHUB_CLIENT_CONFIRMATION_OK"
20529,10419666553,10419666628,1,"IOTHUB_CLIENT_CONFIRMATION_OK"
20530,10419666753,10419666800,1,"IOTHUB_CLIENT_CONFIRMATION_OK"
20531,10419666953,10419666998,1,"IOTHUB_CLIENT_CONFIRMATION_OK"
20532,10419667153,10419667191,1,"IOTHUB_CLIENT_CONFIRMATION_OK"
20533,10419667353,10419667442,1,"IOTHUB_CLIENT_CONFIRMATION_OK"
20534,10419667554,10419667619,1,"IOTHUB_CLIENT_CONFIRMATION_OK"
20535,10419667754,10419667792,1,"IOTHUB_CLIENT_CONFIRMATION_OK"
20536,10419667954,10419668006,1,"IOTHUB_CLIENT_CONFIRMATION_OK"
20537,10419668154,10419668259,1,"IOTHUB_CLIENT_CONFIRMATION_OK"
20538,10419668354,10419668408,1,"IOTHUB_CLIENT_CONFIRMATION_OK"
20539,10419668554,10419668616,1,"IOTHUB_CLIENT_CONFIRMATION_OK"
20540,10419668755,10419668795,1,"IOTHUB_CLIENT_CONFIRMATION_OK"
20541,10419668955,10419669110,1,"IOTHUB_CLIENT_CONFIRMATION_OK"
20542,10419669155,10419669197,1,"IOTHUB_CLIENT_CONFIRMATION_OK"
20543,10419669355,10419669395,1,"IOTHUB_CLIENT_CONFIRMATION_OK"
20544,10419669555,10419669595,1,"IOTHUB_CLIENT_CONFIRMATION_OK"
20545,10419669755,10419669867,1,"IOTHUB_CLIENT_CONFIRMATION_OK"
20546,10419669955,10419670013,1,"IOTHUB_CLIENT_CONFIRMATION_OK"
20547,10419670156,10419670209,1,"IOTHUB_CLIENT_CONFIRMATION_OK"
20548,10419670356,10419670403,1,"IOTHUB_CLIENT_CONFIRMATION_OK"
20549,10419670556,10419670600,1,"IOTHUB_CLIENT_CONFIRMATION_OK"
20550,10419670756,10419670823,1,"IOTHUB_CLIENT_CONFIRMATION_OK"
20551,10419670956,10419671021,1,"IOTHUB_CLIENT_CONFIRMATION_OK"
20552,10419671156,10419671199,1,"IOTHUB_CLIENT_CONFIRMATION_OK"
20553,10419671357,10419671406,1,"IOTHUB_CLIENT_CONFIRMATION_OK"
20554,10419671557,10419671651,1,"IOTHUB_CLIENT_CONFIRMATION_OK"
20555,10419671757,10419671919,1,"IOTHUB_CLIENT_CONFIRMATION_OK"
20556,10419671957,10419672119,1,"IOTHUB_CLIENT_CONFIRMATION_OK"
20557,10419672157,10419672202,1,"IOTHUB_CLIENT_CONFIRMATION_OK"
20558,10419672357,10419672451,1,"IOTHUB_CLIENT_CONFIRMATION_OK"
20559,10419672557,10419672608,1,"IOTHUB_CLIENT_CONFIRMATION_OK"
20560,10419672758,10419672960,1,"IOTHUB_CLIENT_CONFIRMATION_OK"
20561,10419672958,10419672989,1,"IOTHUB_CLIENT_CONFIRMATION_OK"
20562,10419673158,10419673199,1,"IOTHUB_CLIENT_CONFIRMATION_OK"
20563,10419673358,10419673399,1,"IOTHUB_CLIENT_CONFIRMATION_OK"
20564,10419673558,10419673600,1,"IOTHUB_CLIENT_CONFIRMATION_OK"
20565,10419673758,10419673804,1,"IOTHUB_CLIENT_CONFIRMATION_OK"
20566,10419673959,10419673996,1,"IOTHUB_CLIENT_CONFIRMATION_OK"
20567,10419674159,10419674205,1,"IOTHUB_CLIENT_CONFIRMATION_OK"
20568,10419674359,10419674402,1,"IOTHUB_CLIENT_CONFIRMATION_OK"
20569,10419674559,10419674591,1,"IOTHUB_CLIENT_CONFIRMATION_OK"
20570,10419674759,10419674798,1,"IOTHUB_CLIENT_CONFIRMATION_OK"
20571,10419674959,10419674996,1,"IOTHUB_CLIENT_CONFIRMATION_OK"
20572,10419675160,10419675258,1,"IOTHUB_CLIENT_CONFIRMATION_OK"
20573,10419675360,10419675398,1,"IOTHUB_CLIENT_CONFIRMATION_OK"
20574,10419675560,10419675597,1,"IOTHUB_CLIENT_CONFIRMATION_OK"
20575,10419675760,10419675797,1,"IOTHUB_CLIENT_CONFIRMATION_OK"
20576,10419675960,10419676005,1,"IOTHUB_CLIENT_CONFIRMATION_OK"
20577,10419676160,10419676207,1,"IOTHUB_CLIENT_CONFIRMATION_OK"
20578,10419676361,10419676416,1,"IOTHUB_CLIENT_CONFIRMATION_OK"
20579,10419676561,10419676614,1,"IOTHUB_CLIENT_CONFIRMATION_OK"
20580,10419676761,10419676801,1,"IOTHUB_CLIENT_CONFIRMATION_OK"
20581,10419676961,10419677001,1,"IOTHUB_CLIENT_CONFIRMATION_OK"
20582,10419677161,10419677195,1,"IOTHUB_CLIENT_CONFIRMATION_OK"
20583,10419677362,10419677413,1,"IOTHUB_CLIENT_CONFIRMATION_OK"
20584,10419677562,10419677615,1,"IOTHUB_CLIENT_CONFIRMATION_OK"
20585,10419677762,10419677805,1,"IOTHUB_CLIENT_CONFIRMATION_OK"
20586,10419677962,10419678016,1,"IOTHUB_CLIENT_CONFIRMATION_OK"
20587,10419678162,10419678420,1,"IOTHUB_CLIENT_CONFIRMATION_OK"
20588,10419678362,10419678460,1,"IOTHUB_CLIENT_CONFIRMATION_OK"
20589,10419678562,10419678632,1,"IOTHUB_CLIENT_CONFIRMATION_OK"
20590,10419678763,10419678820,1,"IOTHUB_CLIENT_CONFIRMATION_OK"
20591,10419678963,10419679043,1,"IOTHUB_CLIENT_CONFIRMATION_OK"
20592,10419679163,10419679228,1,"IOTHUB_CLIENT_CONFIRMATION_OK"
20593,10419679363,10419679415,1,"IOTHUB_CLIENT_CONFIRMATION_OK"
20594,10419679563,10419679604,1,"IOTHUB_CLIENT_CONFIRMATION_OK"
20595,10419679763,10419679811,1,"IOTHUB_CLIENT_CONFIRMATION_OK"
20596,10419679964,10419680023,1,"IOTHUB_CLIENT_CONFIRMATION_OK"
20597,10419680164,10419680212,1,"IOTHUB_CLIENT_CONFIRMATION_OK"
20598,10419680364,10419680417,1,"IOTHUB_CLIENT_CONFIRMATION_OK"
20599,10419680564,10419680610,1,"IOTHUB_CLIENT_CONFIRMATION_OK"
20600,10419680764,10419680809,1,"IOTHUB_CLIENT_CONFIRMATION_OK"
20601,10419680964,10419681009,1,"IOTHUB_CLIENT_CONFIRMATION_OK"
20602,10419681165,10419681280,1,"IOTHUB_CLIENT_CONFIRMATION_OK"
20603,10419681365,10419681427,1,"IOTHUB_CLIENT_CONFIRMATION_OK"
20604,10419681565,10419681655,1,"IOTHUB_CLIENT_CONFIRMATION_OK"
20605,10419681765,10419681805,1,"IOTHUB_CLIENT_CONFIRMATION_OK"
20606,10419681965,10419682134,1,"IOTHUB_CLIENT_CONFIRMATION_OK"
20607,10419682165,10419682205,1,"IOTHUB_CLIENT_CONFIRMATION_OK"
20608,10419682366,10419682406,1,"IOTHUB_CLIENT_CONFIRMATION_OK"
20609,10419682566,10419682606,1,"IOTHUB_CLIENT_CONFIRMATION_OK"
20610,10419682766,10419682804,1,"IOTHUB_CLIENT_CONFIRMATION_OK"
20611,10419682966,10419683010,1,"IOTHUB_CLIENT_CONFIRMATION_OK"
20612,10419683166,10419683251,1,"IOTHUB_CLIENT_CONFIRMATION_OK"
20613,10419683366,10419683445,1,"IOTHUB_CLIENT_CONFIRMATION_OK"
20614,10419683566,10419683609,1,"IOTHUB_CLIENT_CONFIRMATION_OK"
20615,10419683767,10419683827,1,"IOTHUB_CLIENT_CONFIRMATION_OK"
20616,10419683967,10419684009,1,"IOTHUB_CLIENT_CONFIRMATION_OK"
20617,10419684167,10419684258,1,"IOTHUB_CLIENT_CONFIRMATION_OK"
20618,10419684367,10419684471,1,"IOTHUB_CLIENT_CONFIRMATION_OK"
20619,10419684567,10419684632,1,"IOTHUB_CLIENT_CONFIRMATION_OK"
20620,10419684767,10419684818,1,"IOTHUB_CLIENT_CONFIRMATION_OK"
20621,10419684968,10419685031,1,"IOTHUB_CLIENT_CONFIRMATION_OK"
20622,10419685168,10419685219,1,"IOTHUB_CLIENT_CONFIRMATION_OK"
20623,10419685368,10419685424,1,"IOTHUB_CLIENT_CONFIRMATION_OK"
20624,10419685568,10419685622,1,"IOTHUB_CLIENT_CONFIRMATION_OK"
20625,10419685768,10419685827,1,"IOTHUB_CLIENT_CONFIRMATION_OK"
20626,10419685968,10419686022,1,"IOTHUB_CLIENT_CONFIRMATION_OK"
20627,10419686169,10419686259,1,"IOTHUB_CLIENT_CONFIRMATION_OK"
20628,10419686369,10419686426,1,"IOTHUB_CLIENT_CONFIRMATION_OK"
20629,10419686569,10419686704,1,"IOTHUB_CLIENT_CONFIRMATION_OK"
20630,10419686769,10419686812,1,"IOTHUB_CLIENT_CONFIRMATION_OK"
20631,10419686969,10419687015,1,"IOTHUB_CLIENT_CONFIRMATION_OK"
20632,10419687169,10419687228,1,"IOTHUB_CLIENT_CONFIRMATION_OK"
20633,10419687369,10419687458,1,"IOTHUB_CLIENT_CONFIRMATION_OK"
20634,10419687570,10419687609,1,"IOTHUB_CLIENT_CONFIRMATION_OK"
20635,10419687770,10419687821,1,"IOTHUB_CLIENT_CONFIRMATION_OK"
20636,10419687970,10419688016,1,"IOTHUB_CLIENT_CONFIRMATION_OK"
20637,10419688170,10419688258,1,"IOTHUB_CLIENT_CONFIRMATION_OK"
20638,10419688370,10419688424,1,"IOTHUB_CLIENT_CONFIRMATION_OK"
20639,10419688570,10419688617,1,"IOTHUB_CLIENT_CONFIRMATION_OK"
20640,10419688771,10419688821,1,"IOTHUB_CLIENT_CONFIRMATION_OK"
20641,10419688971,10419689028,1,"IOTHUB_CLIENT_CONFIRMATION_OK"
20642,10419689171,10419689229,1,"IOTHUB_CLIENT_CONFIRMATION_OK"
20643,10419689371,10419689418,1,"IOTHUB_CLIENT_CONFIRMATION_OK"
20644,10419689571,10419689618,1,"IOTHUB_CLIENT_CONFIRMATION_OK"
20645,10419689771,10419689810,1,"IOTHUB_CLIENT_CONFIRMATION_OK"
20646,10419689972,10419690007,1,"IOTHUB_CLIENT_CONFIRMATION_OK"
20647,10419690172,10419690308,1,"IOTHUB_CLIENT_CONFIRMATION_OK"
20648,10419690372,10419690411,1,"IOTHUB_CLIENT_CONFIRMATION_OK"
20649,10419690572,10419690639,1,"IOTHUB_CLIENT_CONFIRMATION_OK"
20650,10419690772,10419690833,1,"IOTHUB_CLIENT_CONFIRMATION_OK"
20651,10419690972,10419691013,1,"IOTHUB_CLIENT_CONFIRMATION_OK"
20652,10419691172,10419691255,1,"IOTHUB_CLIENT_CONFIRMATION_OK"
20653,10419691373,10419691416,1,"IOTHUB_CLIENT_CONFIRMATION_OK"
20654,10419691573,10419691617,1,"IOTHUB_CLIENT_CONFIRMATION_OK"
20655,10419691773,10419691811,1,"IOTHUB_CLIENT_CONFIRMATION_OK"
20656,10419691973,10419692013,1,"IOTHUB_CLIENT_CONFIRMATION_OK"
20657,10419692173,10419692211,1,"IOTHUB_CLIENT_CONFIRMATION_OK"
20658,10419692373,10419692412,1,"IOTHUB_CLIENT_CONFIRMATION_OK"
20659,10419692574,10419692621,1,"IOTHUB_CLIENT_CONFIRMATION_OK"
20660,10419692774,10419692840,1,"IOTHUB_CLIENT_CONFIRMATION_OK"
20661,10419692974,10419693022,1,"IOTHUB_CLIENT_CONFIRMATION_OK"
20662,10419693174,10419693253,1,"IOTHUB_CLIENT_CONFIRMATION_OK"
20663,10419693374,10419693409,1,"IOTHUB_CLIENT_CONFIRMATION_OK"
20664,10419693574,10419693641,1,"IOTHUB_CLIENT_CONFIRMATION_OK"
20665,10419693774,10419693843,1,"IOTHUB_CLIENT_CONFIRMATION_OK"
20666,10419693975,10419694019,1,"IOTHUB_CLIENT_CONFIRMATION_OK"
20667,10419694175,10419694218,1,"IOTHUB_CLIENT_CONFIRMATION_OK"
20668,10419694375,10419694416,1,"IOTHUB_CLIENT_CONFIRMATION_OK"
20669,10419694575,10419694638,1,"IOTHUB_CLIENT_CONFIRMATION_OK"
20670,10419694775,10419694837,1,"IOTHUB_CLIENT_CONFIRMATION_OK"
20671,10419694976,10419695124,1,"IOTHUB_CLIENT_CONFIRMATION_OK"
20672,10419695176,10419695228,1,"IOTHUB_CLIENT_CONFIRMATION_OK"
20673,10419695376,10419695424,1,"IOTHUB_CLIENT_CONFIRMATION_OK"
20674,10419695576,10419695622,1,"IOTHUB_CLIENT_CONFIRMATION_OK"
20675,10419695776,10419695883,1,"IOTHUB_CLIENT_CONFIRMATION_OK"
20676,10419695976,10419696015,1,"IOTHUB_CLIENT_CONFIRMATION_OK"
20677,10419696177,10419696217,1,"IOTHUB_CLIENT_CONFIRMATION_OK"
20678,10419696377,10419696500,1,"IOTHUB_CLIENT_CONFIRMATION_OK"
20679,10419696577,10419696733,1,"IOTHUB_CLIENT_CONFIRMATION_OK"
20680,10419696777,10419696834,1,"IOTHUB_CLIENT_CONFIRMATION_OK"
20681,10419696977,10419697016,1,"IOTHUB_CLIENT_CONFIRMATION_OK"
20682,10419697178,10419697219,1,"IOTHUB_CLIENT_CONFIRMATION_OK"
20683,10419697378,10419697417,1,"IOTHUB_CLIENT_CONFIRMATION_OK"
20684,10419697578,10419697634,1,"IOTHUB_CLIENT_CONFIRMATION_OK"
20685,10419697778,10419697822,1,"IOTHUB_CLIENT_CONFIRMATION_OK"
20686,10419697978,10419698031,1,"IOTHUB_CLIENT_CONFIRMATION_OK"
20687,10419698179,10419698211,1,"IOTHUB_CLIENT_CONFIRMATION_OK"
20688,10419698379,10419698418,1,"IOTHUB_CLIENT_CONFIRMATION_OK"
20689,10419698579,10419698664,1,"IOTHUB_CLIENT_CONFIRMATION_OK"
20690,10419698779,10419698815,1,"IOTHUB_CLIENT_CONFIRMATION_OK"
20691,10419698979,10419699021,1,"IOTHUB_CLIENT_CONFIRMATION_OK"
20692,10419699179,10419699239,1,"IOTHUB_CLIENT_CONFIRMATION_OK"
20693,10419699380,10419699424,1,"IOTHUB_CLIENT_CONFIRMATION_OK"
20694,10419699580,10419699625,1,"IOTHUB_CLIENT_CONFIRMATION_OK"
20695,10419699780,10419699822,1,"IOTHUB_CLIENT_CONFIRMATION_OK"
20696,10419699980,10419700020,1,"IOTHUB_CLIENT_CONFIRMATION_OK"
20697,10419700180,10419700232,1,"IOTHUB_CLIENT_CONFIRMATION_OK"
20698,10419700380,10419700424,1,"IOTHUB_CLIENT_CONFIRMATION_OK"
20699,10419700580,10419700628,1,"IOTHUB_CLIENT_CONFIRMATION_OK"
20700,10419700781,10419700820,1,"IOTHUB_CLIENT_CONFIRMATION_OK"
20701,10419700981,10419701024,1,"IOTHUB_CLIENT_CONFIRMATION_OK"
20702,10419701181,10419701234,1,"IOTHUB_CLIENT_CONFIRMATION_OK"
20703,10419701381,10419701452,1,"IOTHUB_CLIENT_CONFIRMATION_OK"
20704,10419701581,10419701623,1,"IOTHUB_CLIENT_CONFIRMATION_OK"
20705,10419701781,10419702017,1,"IOTHUB_CLIENT_CONFIRMATION_OK"
20706,10419701982,10419702076,1,"IOTHUB_CLIENT_CONFIRMATION_OK"
20707,10419702182,10419702276,1,"IOTHUB_CLIENT_CONFIRMATION_OK"
20708,10419702382,10419702429,1,"IOTHUB_CLIENT_CONFIRMATION_OK"
20709,10419702582,10419702633,1,"IOTHUB_CLIENT_CONFIRMATION_OK"
20710,10419702782,10419702823,1,"IOTHUB_CLIENT_CONFIRMATION_OK"
20711,10419702982,10419703038,1,"IOTHUB_CLIENT_CONFIRMATION_OK"
20712,10419703182,10419703222,1,"IOTHUB_CLIENT_CONFIRMATION_OK"
20713,10419703383,10419703457,1,"IOTHUB_CLIENT_CONFIRMATION_OK"
20714,10419703583,10419703625,1,"IOTHUB_CLIENT_CONFIRMATION_OK"
20715,10419703783,10419703822,1,"IOTHUB_CLIENT_CONFIRMATION_OK"
20716,10419703983,10419704032,1,"IOTHUB_CLIENT_CONFIRMATION_OK"
20717,10419704183,10419704258,1,"IOTHUB_CLIENT_CONFIRMATION_OK"
20718,10419704383,10419704419,1,"IOTHUB_CLIENT_CONFIRMATION_OK"
20719,10419704584,10419704626,1,"IOTHUB_CLIENT_CONFIRMATION_OK"
20720,10419704784,10419704823,1,"IOTHUB_CLIENT_CONFIRMATION_OK"
20721,10419704984,10419705060,1,"IOTHUB_CLIENT_CONFIRMATION_OK"
20722,10419705184,10419705232,1,"IOTHUB_CLIENT_CONFIRMATION_OK"
20723,10419705384,10419705438,1,"IOTHUB_CLIENT_CONFIRMATION_OK"
20724,10419705584,10419705712,1,"IOTHUB_CLIENT_CONFIRMATION_OK"
20725,10419705785,10419705899,1,"IOTHUB_CLIENT_CONFIRMATION_OK"
20726,10419705985,10419706079,1,"IOTHUB_CLIENT_CONFIRMATION_OK"
20727,10419706185,10419706223,1,"IOTHUB_CLIENT_CONFIRMATION_OK"
20728,10419706385,10419706421,1,"IOTHUB_CLIENT_CONFIRMATION_OK"
20729,10419706585,10419706702,1,"IOTHUB_CLIENT_CONFIRMATION_OK"
20730,10419706785,10419706860,1,"IOTHUB_CLIENT_CONFIRMATION_OK"
20731,10419706985,10419707030,1,"IOTHUB_CLIENT_CONFIRMATION_OK"
20732,10419707186,10419707282,1,"IOTHUB_CLIENT_CONFIRMATION_OK"
20733,10419707386,10419707428,1,"IOTHUB_CLIENT_CONFIRMATION_OK"
20734,10419707586,10419707638,1,"IOTHUB_CLIENT_CONFIRMATION_OK"
20735,10419707786,10419707859,1,"IOTHUB_CLIENT_CONFIRMATION_OK"
20736,10419707986,10419708030,1,"IOTHUB_CLIENT_CONFIRMATION_OK"
20737,10419708187,10419708233,1,"IOTHUB_CLIENT_CONFIRMATION_OK"
20738,10419708387,10419708451,1,"IOTHUB_CLIENT_CONFIRMATION_OK"
20739,10419708587,10419708627,1,"IOTHUB_CLIENT_CONFIRMATION_OK"
20740,10419708787,10419708834,1,"IOTHUB_CLIENT_CONFIRMATION_OK"
20741,10419708987,10419709025,1,"IOTHUB_CLIENT_CONFIRMATION_OK"
20742,10419709187,10419709232,1,"IOTHUB_CLIENT_CONFIRMATION_OK"
20743,10419709387,10419709432,1,"IOTHUB_CLIENT_CONFIRMATION_OK"
20744,10419709588,10419709637,1,"IOTHUB_CLIENT_CONFIRMATION_OK"
20745,10419709788,10419709840,1,"IOTHUB_CLIENT_CONFIRMATION_OK"
20746,10419709988,10419710041,1,"IOTHUB_CLIENT_CONFIRMATION_OK"
20747,10419710188,10419710261,1,"IOTHUB_CLIENT_CONFIRMATION_OK"
20748,10419710388,10419710446,1,"IOTHUB_CLIENT_CONFIRMATION_OK"
20749,10419710588,10419710636,1,"IOTHUB_CLIENT_CONFIRMATION_OK"
20750,10419710789,10419710826,1,"IOTHUB_CLIENT_CONFIRMATION_OK"
20751,10419710989,10419711035,1,"IOTHUB_CLIENT_CONFIRMATION_OK"
20752,10419711189,10419711259,1,"IOTHUB_CLIENT_CONFIRMATION_OK"
20753,10419711389,10419711438,1,"IOTHUB_CLIENT_CONFIRMATION_OK"
20754,10419711589,10419711633,1,"IOTHUB_CLIENT_CONFIRMATION_OK"
20755,10419711789,10419711836,1,"IOTHUB_CLIENT_CONFIRMATION_OK"
20756,10419711990,10419712079,1,"IOTHUB_CLIENT_CONFIRMATION_OK"
20757,10419712190,10419712241,1,"IOTHUB_CLIENT_CONFIRMATION_OK"
20758,10419712390,10419712432,1,"IOTHUB_CLIENT_CONFIRMATION_OK"
20759,10419712590,10419712634,1,"IOTHUB_CLIENT_CONFIRMATION_OK"
20760,10419712790,10419712841,1,"IOTHUB_CLIENT_CONFIRMATION_OK"
20761,10419712990,10419713033,1,"IOTHUB_CLIENT_CONFIRMATION_OK"
20762,10419713190,10419713279,1,"IOTHUB_CLIENT_CONFIRMATION_OK"
20763,10419713391,10419713430,1,"IOTHUB_CLIENT_CONFIRMATION_OK"
20764,10419713591,10419713637,1,"IOTHUB_CLIENT_CONFIRMATION_OK"
20765,10419713791,10419713837,1,"IOTHUB_CLIENT_CONFIRMATION_OK"
20766,10419713991,10419714096,1,"IOTHUB_CLIENT_CONFIRMATION_OK"
20767,10419714191,10419714330,1,"IOTHUB_CLIENT_CONFIRMATION_OK"
20768,10419714391,10419714463,1,"IOTHUB_CLIENT_CONFIRMATION_OK"
20769,10419714592,10419714639,1,"IOTHUB_CLIENT_CONFIRMATION_OK"
20770,10419714792,10419714840,1,"IOTHUB_CLIENT_CONFIRMATION_OK"
20771,10419714992,10419715135,1,"IOTHUB_CLIENT_CONFIRMATION_OK"
20772,10419715192,10419715251,1,"IOTHUB_CLIENT_CONFIRMATION_OK"
20773,10419715392,10419715426,1,"IOTHUB_CLIENT_CONFIRMATION_OK"
20774,10419715592,10419715633,1,"IOTHUB_CLIENT_CONFIRMATION_OK"
20775,10419715792,10419715958,1,"IOTHUB_CLIENT_CONFIRMATION_OK"
20776,10419715993,10419716029,1,"IOTHUB_CLIENT_CONFIRMATION_OK"
20777,10419716193,10419716238,1,"IOTHUB_CLIENT_CONFIRMATION_OK"
20778,10419716393,10419716438,1,"IOTHUB_CLIENT_CONFIRMATION_OK"
20779,10419716593,10419716682,1,"IOTHUB_CLIENT_CONFIRMATION_OK"
20780,10419716793,10419716834,1,"IOTHUB_CLIENT_CONFIRMATION_OK"
20781,10419716993,10419717031,1,"IOTHUB_CLIENT_CONFIRMATION_OK"
20782,10419717194,10419717242,1,"IOTHUB_CLIENT_CONFIRMATION_OK"
20783,10419717394,10419717436,1,"IOTHUB_CLIENT_CONFIRMATION_OK"
20784,10419717594,10419717629,1,"IOTHUB_CLIENT_CONFIRMATION_OK"
20785,10419717794,10419717871,1,"IOTHUB_CLIENT_CONFIRMATION_OK"
20786,10419717994,10419718047,1,"IOTHUB_CLIENT_CONFIRMATION_OK"
20787,10419718194,10419718240,1,"IOTHUB_CLIENT_CONFIRMATION_OK"
20788,10419718395,10419718455,1,"IOTHUB_CLIENT_CONFIRMATION_OK"
20789,10419718595,10419718665,1,"IOTHUB_CLIENT_CONFIRMATION_OK"
20790,10419718795,10419718837,1,"IOTHUB_CLIENT_CONFIRMATION_OK"
20791,10419718995,10419719037,1,"IOTHUB_CLIENT_CONFIRMATION_OK"
20792,10419719195,10419719236,1,"IOTHUB_CLIENT_CONFIRMATION_OK"
20793,10419719395,10419719433,1,"IOTHUB_CLIENT_CONFIRMATION_OK"
20794,10419719595,10419719636,1,"IOTHUB_CLIENT_CONFIRMATION_OK"
20795,10419719796,10419719832,1,"IOTHUB_CLIENT_CONFIRMATION_OK"
20796,10419719996,10419720056,1,"IOTHUB_CLIENT_CONFIRMATION_OK"
20797,10419720196,10419720295,1,"IOTHUB_CLIENT_CONFIRMATION_OK"
20798,10419720396,10419720502,1,"IOTHUB_CLIENT_CONFIRMATION_OK"
20799,10419720596,10419720646,1,"IOTHUB_CLIENT_CONFIRMATION_OK"
20800,10419720796,10419720865,1,"IOTHUB_CLIENT_CONFIRMATION_OK"
20801,10419720997,10419721036,1,"IOTHUB_CLIENT_CONFIRMATION_OK"
20802,10419721197,10419721306,1,"IOTHUB_CLIENT_CONFIRMATION_OK"
20803,10419721397,10419721426,1,"IOTHUB_CLIENT_CONFIRMATION_OK"
20804,10419721597,10419721635,1,"IOTHUB_CLIENT_CONFIRMATION_OK"
20805,10419721797,10419721836,1,"IOTHUB_CLIENT_CONFIRMATION_OK"
20806,10419721997,10419722037,1,"IOTHUB_CLIENT_CONFIRMATION_OK"
20807,10419722197,10419722232,1,"IOTHUB_CLIENT_CONFIRMATION_OK"
20808,10419722398,10419722449,1,"IOTHUB_CLIENT_CONFIRMATION_OK"
20809,10419722598,10419722643,1,"IOTHUB_CLIENT_CONFIRMATION_OK"
20810,10419722798,10419722848,1,"IOTHUB_CLIENT_CONFIRMATION_OK"
20811,10419722998,10419723039,1,"IOTHUB_CLIENT_CONFIRMATION_OK"
20812,10419723198,10419723336,1,"IOTHUB_CLIENT_CONFIRMATION_OK"
20813,10419723398,10419723447,1,"IOTHUB_CLIENT_CONFIRMATION_OK"
20814,10419723599,10419723635,1,"IOTHUB_CLIENT_CONFIRMATION_OK"
20815,10419723799,10419723833,1,"IOTHUB_CLIENT_CONFIRMATION_OK"
20816,10419723999,10419724083,1,"IOTHUB_CLIENT_CONFIRMATION_OK"
20817,10419724199,10419724359,1,"IOTHUB_CLIENT_CONFIRMATION_OK"
20818,10419724399,10419724477,1,"IOTHUB_CLIENT_CONFIRMATION_OK"
20819,10419724599,10419724639,1,"IOTHUB_CLIENT_CONFIRMATION_OK"
20820,10419724799,10419724842,1,"IOTHUB_CLIENT_CONFIRMATION_OK"
20821,10419725000,10419725197,1,"IOTHUB_CLIENT_CONFIRMATION_OK"
20822,10419725200,10419725242,1,"IOTHUB_CLIENT_CONFIRMATION_OK"
20823,10419725400,10419725439,1,"IOTHUB_CLIENT_CONFIRMATION_OK"
20824,10419725600,10419725633,1,"IOTHUB_CLIENT_CONFIRMATION_OK"
20825,10419725800,10419725861,1,"IOTHUB_CLIENT_CONFIRMATION_OK"
20826,10419726000,10419726039,1,"IOTHUB_CLIENT_CONFIRMATION_OK"
20827,10419726201,10419726238,1,"IOTHUB_CLIENT_CONFIRMATION_OK"
20828,10419726401,10419726448,1,"IOTHUB_CLIENT_CONFIRMATION_OK"
20829,10419726601,10419726649,1,"IOTHUB_CLIENT_CONFIRMATION_OK"
20830,10419726801,10419726836,1,"IOTHUB_CLIENT_CONFIRMATION_OK"
20831,10419727001,10419727038,1,"IOTHUB_CLIENT_CONFIRMATION_OK"
20832,10419727202,10419727239,1,"IOTHUB_CLIENT_CONFIRMATION_OK"
20833,10419727402,10419727453,1,"IOTHUB_CLIENT_CONFIRMATION_OK"
20834,10419727602,10419727644,1,"IOTHUB_CLIENT_CONFIRMATION_OK"
20835,10419727802,10419727846,1,"IOTHUB_CLIENT_CONFIRMATION_OK"
20836,10419728002,10419728044,1,"IOTHUB_CLIENT_CONFIRMATION_OK"
20837,10419728202,10419728255,1,"IOTHUB_CLIENT_CONFIRMATION_OK"
20838,10419728402,10419728446,1,"IOTHUB_CLIENT_CONFIRMATION_OK"
20839,10419728603,10419728642,1,"IOTHUB_CLIENT_CONFIRMATION_OK"
20840,10419728803,10419728861,1,"IOTHUB_CLIENT_CONFIRMATION_OK"
20841,10419729003,10419729044,1,"IOTHUB_CLIENT_CONFIRMATION_OK"
20842,10419729203,10419729246,1,"IOTHUB_CLIENT_CONFIRMATION_OK"
20843,10419729403,10419729473,1,"IOTHUB_CLIENT_CONFIRMATION_OK"
20844,10419729603,10419729669,1,"IOTHUB_CLIENT_CONFIRMATION_OK"
20845,10419729804,10419729877,1,"IOTHUB_CLIENT_CONFIRMATION_OK"
20846,10419730004,10419730042,1,"IOTHUB_CLIENT_CONFIRMATION_OK"
20847,10419730204,10419730313,1,"IOTHUB_CLIENT_CONFIRMATION_OK"
20848,10419730404,10419730530,1,"IOTHUB_CLIENT_CONFIRMATION_OK"
20849,10419730604,10419730639,1,"IOTHUB_CLIENT_CONFIRMATION_OK"
20850,10419730804,10419730868,1,"IOTHUB_CLIENT_CONFIRMATION_OK"
20851,10419731004,10419731050,1,"IOTHUB_CLIENT_CONFIRMATION_OK"
20852,10419731205,10419731254,1,"IOTHUB_CLIENT_CONFIRMATION_OK"
20853,10419731405,10419731457,1,"IOTHUB_CLIENT_CONFIRMATION_OK"
20854,10419731605,10419731642,1,"IOTHUB_CLIENT_CONFIRMATION_OK"
20855,10419731805,10419731843,1,"IOTHUB_CLIENT_CONFIRMATION_OK"
20856,10419732005,10419732052,1,"IOTHUB_CLIENT_CONFIRMATION_OK"
20857,10419732205,10419732243,1,"IOTHUB_CLIENT_CONFIRMATION_OK"
20858,10419732406,10419732444,1,"IOTHUB_CLIENT_CONFIRMATION_OK"
20859,10419732606,10419732646,1,"IOTHUB_CLIENT_CONFIRMATION_OK"
20860,10419732806,10419732856,1,"IOTHUB_CLIENT_CONFIRMATION_OK"
20861,10419733006,10419733072,1,"IOTHUB_CLIENT_CONFIRMATION_OK"
20862,10419733206,10419733254,1,"IOTHUB_CLIENT_CONFIRMATION_OK"
20863,10419733406,10419733450,1,"IOTHUB_CLIENT_CONFIRMATION_OK"
20864,10419733606,10419733645,1,"IOTHUB_CLIENT_CONFIRMATION_OK"
20865,10419733807,10419733844,1,"IOTHUB_CLIENT_CONFIRMATION_OK"
20866,10419734007,10419734045,1,"IOTHUB_CLIENT_CONFIRMATION_OK"
20867,10419734207,10419734272,1,"IOTHUB_CLIENT_CONFIRMATION_OK"
20868,10419734407,10419734450,1,"IOTHUB_CLIENT_CONFIRMATION_OK"
20869,10419734607,10419734644,1,"IOTHUB_CLIENT_CONFIRMATION_OK"
20870,10419734807,10419734851,1,"IOTHUB_CLIENT_CONFIRMATION_OK"
20871,10419735008,10419735086,1,"IOTHUB_CLIENT_CONFIRMATION_OK"
20872,10419735208,10419735253,1,"IOTHUB_CLIENT_CONFIRMATION_OK"
20873,10419735408,10419735455,1,"IOTHUB_CLIENT_CONFIRMATION_OK"
20874,10419735608,10419735669,1,"IOTHUB_CLIENT_CONFIRMATION_OK"
20875,10419735808,10419735890,1,"IOTHUB_CLIENT_CONFIRMATION_OK"
20876,10419736008,10419736064,1,"IOTHUB_CLIENT_CONFIRMATION_OK"
20877,10419736209,10419736261,1,"IOTHUB_CLIENT_CONFIRMATION_OK"
20878,10419736409,10419736448,1,"IOTHUB_CLIENT_CONFIRMATION_OK"
20879,10419736609,10419736710,1,"IOTHUB_CLIENT_CONFIRMATION_OK"
20880,10419736809,10419736919,1,"IOTHUB_CLIENT_CONFIRMATION_OK"
20881,10419737009,10419737044,1,"IOTHUB_CLIENT_CONFIRMATION_OK"
20882,10419737209,10419737257,1,"IOTHUB_CLIENT_CONFIRMATION_OK"
20883,10419737410,10419737459,1,"IOTHUB_CLIENT_CONFIRMATION_OK"
20884,10419737610,10419737653,1,"IOTHUB_CLIENT_CONFIRMATION_OK"
20885,10419737810,10419737885,1,"IOTHUB_CLIENT_CONFIRMATION_OK"
20886,10419738010,10419738073,1,"IOTHUB_CLIENT_CONFIRMATION_OK"
20887,10419738210,10419738242,1,"IOTHUB_CLIENT_CONFIRMATION_OK"
20888,10419738411,10419738457,1,"IOTHUB_CLIENT_CONFIRMATION_OK"
20889,10419738611,10419738644,1,"IOTHUB_CLIENT_CONFIRMATION_OK"
20890,10419738811,10419738988,1,"IOTHUB_CLIENT_CONFIRMATION_OK"
20891,10419739011,10419739071,1,"IOTHUB_CLIENT_CONFIRMATION_OK"
20892,10419739211,10419739265,1,"IOTHUB_CLIENT_CONFIRMATION_OK"
20893,10419739411,10419739454,1,"IOTHUB_CLIENT_CONFIRMATION_OK"
20894,10419739611,10419739762,1,"IOTHUB_CLIENT_CONFIRMATION_OK"
20895,10419739812,10419739850,1,"IOTHUB_CLIENT_CONFIRMATION_OK"
20896,10419740012,10419740065,1,"IOTHUB_CLIENT_CONFIRMATION_OK"
20897,10419740212,10419740252,1,"IOTHUB_CLIENT_CONFIRMATION_OK"
20898,10419740412,10419740448,1,"IOTHUB_CLIENT_CONFIRMATION_OK"
20899,10419740612,10419740674,1,"IOTHUB_CLIENT_CONFIRMATION_OK"
20900,10419740812,10419740852,1,"IOTHUB_CLIENT_CONFIRMATION_OK"
20901,10419741012,10419741063,1,"IOTHUB_CLIENT_CONFIRMATION_OK"
20902,10419741213,10419741257,1,"IOTHUB_CLIENT_CONFIRMATION_OK"
20903,10419741413,10419741469,1,"IOTHUB_CLIENT_CONFIRMATION_OK"
20904,10419741613,10419741663,1,"IOTHUB_CLIENT_CONFIRMATION_OK"
20905,10419741813,10419741858,1,"IOTHUB_CLIENT_CONFIRMATION_OK"
20906,10419742013,10419742049,1,"IOTHUB_CLIENT_CONFIRMATION_OK"
20907,10419742214,10419742283,1,"IOTHUB_CLIENT_CONFIRMATION_OK"
20908,10419742414,10419742460,1,"IOTHUB_CLIENT_CONFIRMATION_OK"
20909,10419742614,10419742651,1,"IOTHUB_CLIENT_CONFIRMATION_OK"
20910,10419742814,10419742853,1,"IOTHUB_CLIENT_CONFIRMATION_OK"
20911,10419743014,10419743051,1,"IOTHUB_CLIENT_CONFIRMATION_OK"
20912,10419743214,10419743262,1,"IOTHUB_CLIENT_CONFIRMATION_OK"
20913,10419743415,10419743460,1,"IOTHUB_CLIENT_CONFIRMATION_OK"
20914,10419743615,10419743651,1,"IOTHUB_CLIENT_CONFIRMATION_OK"
20915,10419743815,10419743873,1,"IOTHUB_CLIENT_CONFIRMATION_OK"
20916,10419744015,10419744053,1,"IOTHUB_CLIENT_CONFIRMATION_OK"
20917,10419744215,10419744261,1,"IOTHUB_CLIENT_CONFIRMATION_OK"
20918,10419744415,10419744478,1,"IOTHUB_CLIENT_CONFIRMATION_OK"
20919,10419744616,10419744650,1,"IOTHUB_CLIENT_CONFIRMATION_OK"
20920,10419744816,10419744851,1,"IOTHUB_CLIENT_CONFIRMATION_OK"
20921,10419745016,10419745073,1,"IOTHUB_CLIENT_CONFIRMATION_OK"
20922,10419745216,10419745251,1,"IOTHUB_CLIENT_CONFIRMATION_OK"
20923,10419745416,10419745454,1,"IOTHUB_CLIENT_CONFIRMATION_OK"
20924,10419745616,10419745656,1,"IOTHUB_CLIENT_CONFIRMATION_OK"
20925,10419745816,10419745900,1,"IOTHUB_CLIENT_CONFIRMATION_OK"
20926,10419746017,10419746052,1,"IOTHUB_CLIENT_CONFIRMATION_OK"
20927,10419746217,10419746291,1,"IOTHUB_CLIENT_CONFIRMATION_OK"
20928,10419746417,10419746462,1,"IOTHUB_CLIENT_CONFIRMATION_OK"
20929,10419746617,10419746660,1,"IOTHUB_CLIENT_CONFIRMATION_OK"
20930,10419746817,10419746860,1,"IOTHUB_CLIENT_CONFIRMATION_OK"
20931,10419747017,10419747101,1,"IOTHUB_CLIENT_CONFIRMATION_OK"
20932,10419747218,10419747270,1,"IOTHUB_CLIENT_CONFIRMATION_OK"
20933,10419747418,10419747460,1,"IOTHUB_CLIENT_CONFIRMATION_OK"
20934,10419747618,10419747688,1,"IOTHUB_CLIENT_CONFIRMATION_OK"
20935,10419747818,10419747859,1,"IOTHUB_CLIENT_CONFIRMATION_OK"
20936,10419748018,10419748104,1,"IOTHUB_CLIENT_CONFIRMATION_OK"
20937,10419748218,10419748266,1,"IOTHUB_CLIENT_CONFIRMATION_OK"
20938,10419748419,10419748460,1,"IOTHUB_CLIENT_CONFIRMATION_OK"
20939,10419748619,10419748652,1,"IOTHUB_CLIENT_CONFIRMATION_OK"
20940,10419748819,10419748934,1,"IOTHUB_CLIENT_CONFIRMATION_OK"
20941,10419749019,10419749064,1,"IOTHUB_CLIENT_CONFIRMATION_OK"
20942,10419749219,10419749256,1,"IOTHUB_CLIENT_CONFIRMATION_OK"
20943,10419749419,10419749460,1,"IOTHUB_CLIENT_CONFIRMATION_OK"
20944,10419749619,10419749754,1,"IOTHUB_CLIENT_CONFIRMATION_OK"
20945,10419749820,10419749866,1,"IOTHUB_CLIENT_CONFIRMATION_OK"
20946,10419750020,10419750064,1,"IOTHUB_CLIENT_CONFIRMATION_OK"
20947,10419750220,10419750255,1,"IOTHUB_CLIENT_CONFIRMATION_OK"
20948,10419750420,10419750505,1,"IOTHUB_CLIENT_CONFIRMATION_OK"
20949,10419750620,10419750664,1,"IOTHUB_CLIENT_CONFIRMATION_OK"
20950,10419750820,10419750854,1,"IOTHUB_CLIENT_CONFIRMATION_OK"
20951,10419751020,10419751073,1,"IOTHUB_CLIENT_CONFIRMATION_OK"
20952,10419751221,10419751269,1,"IOTHUB_CLIENT_CONFIRMATION_OK"
20953,10419751421,10419751457,1,"IOTHUB_CLIENT_CONFIRMATION_OK"
20954,10419751621,10419751656,1,"IOTHUB_CLIENT_CONFIRMATION_OK"
20955,10419751821,10419751900,1,"IOTHUB_CLIENT_CONFIRMATION_OK"
20956,10419752021,10419752067,1,"IOTHUB_CLIENT_CONFIRMATION_OK"
20957,10419752221,10419752269,1,"IOTHUB_CLIENT_CONFIRMATION_OK"
20958,10419752422,10419752469,1,"IOTHUB_CLIENT_CONFIRMATION_OK"
20959,10419752622,10419752662,1,"IOTHUB_CLIENT_CONFIRMATION_OK"
20960,10419752822,10419752854,1,"IOTHUB_CLIENT_CONFIRMATION_OK"
20961,10419753022,10419753059,1,"IOTHUB_CLIENT_CONFIRMATION_OK"
20962,10419753222,10419753257,1,"IOTHUB_CLIENT_CONFIRMATION_OK"
20963,10419753422,10419753533,1,"IOTHUB_CLIENT_CONFIRMATION_OK"
20964,10419753622,10419753672,1,"IOTHUB_CLIENT_CONFIRMATION_OK"
20965,10419753823,10419753872,1,"IOTHUB_CLIENT_CONFIRMATION_OK"
20966,10419754023,10419754063,1,"IOTHUB_CLIENT_CONFIRMATION_OK"
20967,10419754223,10419754354,1,"IOTHUB_CLIENT_CONFIRMATION_OK"
20968,10419754423,10419754464,1,"IOTHUB_CLIENT_CONFIRMATION_OK"
20969,10419754623,10419754673,1,"IOTHUB_CLIENT_CONFIRMATION_OK"
20970,10419754824,10419754861,1,"IOTHUB_CLIENT_CONFIRMATION_OK"
20971,10419755024,10419755071,1,"IOTHUB_CLIENT_CONFIRMATION_OK"
20972,10419755224,10419755260,1,"IOTHUB_CLIENT_CONFIRMATION_OK"
20973,10419755424,10419755467,1,"IOTHUB_CLIENT_CONFIRMATION_OK"
20974,10419755624,10419755664,1,"IOTHUB_CLIENT_CONFIRMATION_OK"
20975,10419755824,10419755868,1,"IOTHUB_CLIENT_CONFIRMATION_OK"
20976,10419756024,10419756078,1,"IOTHUB_CLIENT_CONFIRMATION_OK"
20977,10419756225,10419756280,1,"IOTHUB_CLIENT_CONFIRMATION_OK"
20978,10419756425,10419756565,1,"IOTHUB_CLIENT_CONFIRMATION_OK"
20979,10419756625,10419756673,1,"IOTHUB_CLIENT_CONFIRMATION_OK"
20980,10419756825,10419756865,1,"IOTHUB_CLIENT_CONFIRMATION_OK"
20981,10419757025,10419757066,1,"IOTHUB_CLIENT_CONFIRMATION_OK"
20982,10419757226,10419757425,1,"IOTHUB_CLIENT_CONFIRMATION_OK"
20983,10419757426,10419757463,1,"IOTHUB_CLIENT_CONFIRMATION_OK"
20984,10419757626,10419757670,1,"IOTHUB_CLIENT_CONFIRMATION_OK"
20985,10419757826,10419757874,1,"IOTHUB_CLIENT_CONFIRMATION_OK"
20986,10419758026,10419758078,1,"IOTHUB_CLIENT_CONFIRMATION_OK"
20987,10419758226,10419758303,1,"IOTHUB_CLIENT_CONFIRMATION_OK"
20988,10419758427,10419758495,1,"IOTHUB_CLIENT_CONFIRMATION_OK"
20989,10419758627,10419758665,1,"IOTHUB_CLIENT_CONFIRMATION_OK"
20990,10419758827,10419758886,1,"IOTHUB_CLIENT_CONFIRMATION_OK"
20991,10419759027,10419759068,1,"IOTHUB_CLIENT_CONFIRMATION_OK"
20992,10419759227,10419759274,1,"IOTHUB_CLIENT_CONFIRMATION_OK"
20993,10419759427,10419759768,1,"IOTHUB_CLIENT_CONFIRMATION_OK"
20994,10419759628,10419760207,1,"IOTHUB_CLIENT_CONFIRMATION_OK"
20995,10419759828,10419760245,1,"IOTHUB_CLIENT_CONFIRMATION_OK"
20996,10419760028,10419760282,1,"IOTHUB_CLIENT_CONFIRMATION_OK"
20997,10419760228,10419760313,1,"IOTHUB_CLIENT_CONFIRMATION_OK"
20998,10419760428,10419760549,1,"IOTHUB_CLIENT_CONFIRMATION_OK"
20999,10419760628,10419760669,1,"IOTHUB_CLIENT_CONFIRMATION_OK"
21000,10419760828,10419760931,1,"IOTHUB_CLIENT_CONFIRMATION_OK"
21001,10419761029,10419761231,1,"IOTHUB_CLIENT_CONFIRMATION_OK"
21002,10419761229,10419761268,1,"IOTHUB_CLIENT_CONFIRMATION_OK"
21003,10419761429,10419761465,1,"IOTHUB_CLIENT_CONFIRMATION_OK"
21004,10419761629,10419761665,1,"IOTHUB_CLIENT_CONFIRMATION_OK"
21005,10419761829,10419761864,1,"IOTHUB_CLIENT_CONFIRMATION_OK"
21006,10419762029,10419762078,1,"IOTHUB_CLIENT_CONFIRMATION_OK"
21007,10419762230,10419762273,1,"IOTHUB_CLIENT_CONFIRMATION_OK"
21008,10419762430,10419762474,1,"IOTHUB_CLIENT_CONFIRMATION_OK"
21009,10419762630,10419762678,1,"IOTHUB_CLIENT_CONFIRMATION_OK"
21010,10419762830,10419762867,1,"IOTHUB_CLIENT_CONFIRMATION_OK"
21011,10419763030,10419763082,1,"IOTHUB_CLIENT_CONFIRMATION_OK"
21012,10419763230,10419763279,1,"IOTHUB_CLIENT_CONFIRMATION_OK"
21013,10419763430,10419763485,1,"IOTHUB_CLIENT_CONFIRMATION_OK"
21014,10419763631,10419763665,1,"IOTHUB_CLIENT_CONFIRMATION_OK"
21015,10419763831,10419763865,1,"IOTHUB_CLIENT_CONFIRMATION_OK"
21016,10419764031,10419764063,1,"IOTHUB_CLIENT_CONFIRMATION_OK"
21017,10419764231,10419764270,1,"IOTHUB_CLIENT_CONFIRMATION_OK"
21018,10419764431,10419764492,1,"IOTHUB_CLIENT_CONFIRMATION_OK"
21019,10419764631,10419764676,1,"IOTHUB_CLIENT_CONFIRMATION_OK"
21020,10419764832,10419764880,1,"IOTHUB_CLIENT_CONFIRMATION_OK"
21021,10419765032,10419765080,1,"IOTHUB_CLIENT_CONFIRMATION_OK"
21022,10419765232,10419765268,1,"IOTHUB_CLIENT_CONFIRMATION_OK"
21023,10419765432,10419765593,1,"IOTHUB_CLIENT_CONFIRMATION_OK"
21024,10419765632,10419765668,1,"IOTHUB_CLIENT_CONFIRMATION_OK"
21025,10419765832,10419765940,1,"IOTHUB_CLIENT_CONFIRMATION_OK"
21026,10419766032,10419766074,1,"IOTHUB_CLIENT_CONFIRMATION_OK"
21027,10419766233,10419766271,1,"IOTHUB_CLIENT_CONFIRMATION_OK"
21028,10419766433,10419766543,1,"IOTHUB_CLIENT_CONFIRMATION_OK"
21029,10419766633,10419766755,1,"IOTHUB_CLIENT_CONFIRMATION_OK"
21030,10419766833,10419766897,1,"IOTHUB_CLIENT_CONFIRMATION_OK"
21031,10419767033,10419767069,1,"IOTHUB_CLIENT_CONFIRMATION_OK"
21032,10419767233,10419767285,1,"IOTHUB_CLIENT_CONFIRMATION_OK"
21033,10419767433,10419767470,1,"IOTHUB_CLIENT_CONFIRMATION_OK"
21034,10419767634,10419767672,1,"IOTHUB_CLIENT_CONFIRMATION_OK"
21035,10419767834,10419767897,1,"IOTHUB_CLIENT_CONFIRMATION_OK"
21036,10419768034,10419768163,1,"IOTHUB_CLIENT_CONFIRMATION_OK"
21037,10419768234,10419768274,1,"IOTHUB_CLIENT_CONFIRMATION_OK"
21038,10419768434,10419768509,1,"IOTHUB_CLIENT_CONFIRMATION_OK"
21039,10419768634,10419768672,1,"IOTHUB_CLIENT_CONFIRMATION_OK"
21040,10419768835,10419768984,1,"IOTHUB_CLIENT_CONFIRMATION_OK"
21041,10419769035,10419769071,1,"IOTHUB_CLIENT_CONFIRMATION_OK"
21042,10419769235,10419769289,1,"IOTHUB_CLIENT_CONFIRMATION_OK"
21043,10419769435,10419769477,1,"IOTHUB_CLIENT_CONFIRMATION_OK"
21044,10419769636,10419769679,1,"IOTHUB_CLIENT_CONFIRMATION_OK"
21045,10419769836,10419769879,1,"IOTHUB_CLIENT_CONFIRMATION_OK"
21046,10419770036,10419770075,1,"IOTHUB_CLIENT_CONFIRMATION_OK"
21047,10419770236,10419770273,1,"IOTHUB_CLIENT_CONFIRMATION_OK"
21048,10419770436,10419770480,1,"IOTHUB_CLIENT_CONFIRMATION_OK"
21049,10419770636,10419770687,1,"IOTHUB_CLIENT_CONFIRMATION_OK"
21050,10419770836,10419770885,1,"IOTHUB_CLIENT_CONFIRMATION_OK"
21051,10419771037,10419771078,1,"IOTHUB_CLIENT_CONFIRMATION_OK"
21052,10419771237,10419771275,1,"IOTHUB_CLIENT_CONFIRMATION_OK"
21053,10419771437,10419771485,1,"IOTHUB_CLIENT_CONFIRMATION_OK"
21054,10419771637,10419771860,1,"IOTHUB_CLIENT_CONFIRMATION_OK"
21055,10419771837,10419771926,1,"IOTHUB_CLIENT_CONFIRMATION_OK"
21056,10419772037,10419772072,1,"IOTHUB_CLIENT_CONFIRMATION_OK"
21057,10419772238,10419772325,1,"IOTHUB_CLIENT_CONFIRMATION_OK"
21058,10419772438,10419772480,1,"IOTHUB_CLIENT_CONFIRMATION_OK"
21059,10419772638,10419772745,1,"IOTHUB_CLIENT_CONFIRMATION_OK"
21060,10419772838,10419772878,1,"IOTHUB_CLIENT_CONFIRMATION_OK"
21061,10419773038,10419773080,1,"IOTHUB_CLIENT_CONFIRMATION_OK"
21062,10419773238,10419773280,1,"IOTHUB_CLIENT_CONFIRMATION_OK"
21063,10419773438,10419773537,1,"IOTHUB_CLIENT_CONFIRMATION_OK"
21064,10419773639,10419773682,1,"IOTHUB_CLIENT_CONFIRMATION_OK"
21065,10419773839,10419773892,1,"IOTHUB_CLIENT_CONFIRMATION_OK"
21066,10419774039,10419774085,1,"IOTHUB_CLIENT_CONFIRMATION_OK"
21067,10419774239,10419774307,1,"IOTHUB_CLIENT_CONFIRMATION_OK"
21068,10419774439,10419774475,1,"IOTHUB_CLIENT_CONFIRMATION_OK"
21069,10419774639,10419774675,1,"IOTHUB_CLIENT_CONFIRMATION_OK"
21070,10419774840,10419774901,1,"IOTHUB_CLIENT_CONFIRMATION_OK"
21071,10419775040,10419775078,1,"IOTHUB_CLIENT_CONFIRMATION_OK"
21072,10419775240,10419775278,1,"IOTHUB_CLIENT_CONFIRMATION_OK"
21073,10419775440,10419775485,1,"IOTHUB_CLIENT_CONFIRMATION_OK"
21074,10419775640,10419775683,1,"IOTHUB_CLIENT_CONFIRMATION_OK"
21075,10419775840,10419775876,1,"IOTHUB_CLIENT_CONFIRMATION_OK"
21076,10419776040,10419776100,1,"IOTHUB_CLIENT_CONFIRMATION_OK"
21077,10419776241,10419776283,1,"IOTHUB_CLIENT_CONFIRMATION_OK"
21078,10419776441,10419776616,1,"IOTHUB_CLIENT_CONFIRMATION_OK"
21079,10419776641,10419776698,1,"IOTHUB_CLIENT_CONFIRMATION_OK"
21080,10419776841,10419776929,1,"IOTHUB_CLIENT_CONFIRMATION_OK"
21081,10419777041,10419777082,1,"IOTHUB_CLIENT_CONFIRMATION_OK"
21082,10419777241,10419777431,1,"IOTHUB_CLIENT_CONFIRMATION_OK"
21083,10419777442,10419777476,1,"IOTHUB_CLIENT_CONFIRMATION_OK"
21084,10419777642,10419777690,1,"IOTHUB_CLIENT_CONFIRMATION_OK"
21085,10419777842,10419777943,1,"IOTHUB_CLIENT_CONFIRMATION_OK"
21086,10419778042,10419778086,1,"IOTHUB_CLIENT_CONFIRMATION_OK"
21087,10419778242,10419778279,1,"IOTHUB_CLIENT_CONFIRMATION_OK"
21088,10419778442,10419778526,1,"IOTHUB_CLIENT_CONFIRMATION_OK"
21089,10419778642,10419778687,1,"IOTHUB_CLIENT_CONFIRMATION_OK"
21090,10419778843,10419778887,1,"IOTHUB_CLIENT_CONFIRMATION_OK"
21091,10419779043,10419779094,1,"IOTHUB_CLIENT_CONFIRMATION_OK"
21092,10419779243,10419779285,1,"IOTHUB_CLIENT_CONFIRMATION_OK"
21093,10419779443,10419779486,1,"IOTHUB_CLIENT_CONFIRMATION_OK"
21094,10419779643,10419779687,1,"IOTHUB_CLIENT_CONFIRMATION_OK"
21095,10419779843,10419779886,1,"IOTHUB_CLIENT_CONFIRMATION_OK"
21096,10419780043,10419780091,1,"IOTHUB_CLIENT_CONFIRMATION_OK"
21097,10419780244,10419780287,1,"IOTHUB_CLIENT_CONFIRMATION_OK"
21098,10419780444,10419780511,1,"IOTHUB_CLIENT_CONFIRMATION_OK"
21099,10419780644,10419780678,1,"IOTHUB_CLIENT_CONFIRMATION_OK"
21100,10419780844,10419780891,1,"IOTHUB_CLIENT_CONFIRMATION_OK"
21101,10419781044,10419781086,1,"IOTHUB_CLIENT_CONFIRMATION_OK"
21102,10419781244,10419781286,1,"IOTHUB_CLIENT_CONFIRMATION_OK"
21103,10419781445,10419781482,1,"IOTHUB_CLIENT_CONFIRMATION_OK"
21104,10419781645,10419781690,1,"IOTHUB_CLIENT_CONFIRMATION_OK"
21105,10419781845,10419781903,1,"IOTHUB_CLIENT_CONFIRMATION_OK"
21106,10419782045,10419782088,1,"IOTHUB_CLIENT_CONFIRMATION_OK"
21107,10419782245,10419782290,1,"IOTHUB_CLIENT_CONFIRMATION_OK"
21108,10419782445,10419782489,1,"IOTHUB_CLIENT_CONFIRMATION_OK"
21109,10419782645,10419782720,1,"IOTHUB_CLIENT_CONFIRMATION_OK"
21110,10419782846,10419782882,1,"IOTHUB_CLIENT_CONFIRMATION_OK"
21111,10419783046,10419783086,1,"IOTHUB_CLIENT_CONFIRMATION_OK"
21112,10419783246,10419783284,1,"IOTHUB_CLIENT_CONFIRMATION_OK"
21113,10419783446,10419783551,1,"IOTHUB_CLIENT_CONFIRMATION_OK"
21114,10419783646,10419783685,1,"IOTHUB_CLIENT_CONFIRMATION_OK"
21115,10419783846,10419783880,1,"IOTHUB_CLIENT_CONFIRMATION_OK"
21116,10419784047,10419784090,1,"IOTHUB_CLIENT_CONFIRMATION_OK"
21117,10419784247,10419784345,1,"IOTHUB_CLIENT_CONFIRMATION_OK"
21118,10419784447,10419784482,1,"IOTHUB_CLIENT_CONFIRMATION_OK"
21119,10419784647,10419784689,1,"IOTHUB_CLIENT_CONFIRMATION_OK"
21120,10419784847,10419784897,1,"IOTHUB_CLIENT_CONFIRMATION_OK"
21121,10419785047,10419785085,1,"IOTHUB_CLIENT_CONFIRMATION_OK"
21122,10419785247,10419785283,1,"IOTHUB_CLIENT_CONFIRMATION_OK"
21123,10419785448,10419785491,1,"IOTHUB_CLIENT_CONFIRMATION_OK"
21124,10419785648,10419785699,1,"IOTHUB_CLIENT_CONFIRMATION_OK"
21125,10419785848,10419785882,1,"IOTHUB_CLIENT_CONFIRMATION_OK"
21126,10419786048,10419786086,1,"IOTHUB_CLIENT_CONFIRMATION_OK"
21127,10419786248,10419786314,1,"IOTHUB_CLIENT_CONFIRMATION_OK"
21128,10419786448,10419786618,1,"IOTHUB_CLIENT_CONFIRMATION_OK"
21129,10419786649,10419786683,1,"IOTHUB_CLIENT_CONFIRMATION_OK"
21130,10419786849,10419786894,1,"IOTHUB_CLIENT_CONFIRMATION_OK"
21131,10419787049,10419787096,1,"IOTHUB_CLIENT_CONFIRMATION_OK"
21132,10419787249,10419787416,1,"IOTHUB_CLIENT_CONFIRMATION_OK"
21133,10419787449,10419787486,1,"IOTHUB_CLIENT_CONFIRMATION_OK"
21134,10419787649,10419787709,1,"IOTHUB_CLIENT_CONFIRMATION_OK"
21135,10419787849,10419787924,1,"IOTHUB_CLIENT_CONFIRMATION_OK"
21136,10419788050,10419788112,1,"IOTHUB_CLIENT_CONFIRMATION_OK"
21137,10419788250,10419788422,1,"IOTHUB_CLIENT_CONFIRMATION_OK"
21138,10419788450,10419788490,1,"IOTHUB_CLIENT_CONFIRMATION_OK"
21139,10419788650,10419788689,1,"IOTHUB_CLIENT_CONFIRMATION_OK"
21140,10419788850,10419788895,1,"IOTHUB_CLIENT_CONFIRMATION_OK"
21141,10419789050,10419789090,1,"IOTHUB_CLIENT_CONFIRMATION_OK"
21142,10419789251,10419789293,1,"IOTHUB_CLIENT_CONFIRMATION_OK"
21143,10419789451,10419789488,1,"IOTHUB_CLIENT_CONFIRMATION_OK"
21144,10419789651,10419789693,1,"IOTHUB_CLIENT_CONFIRMATION_OK"
21145,10419789851,10419789908,1,"IOTHUB_CLIENT_CONFIRMATION_OK"
21146,10419790051,10419790090,1,"IOTHUB_CLIENT_CONFIRMATION_OK"
21147,10419790251,10419790291,1,"IOTHUB_CLIENT_CONFIRMATION_OK"
21148,10419790452,10419790495,1,"IOTHUB_CLIENT_CONFIRMATION_OK"
21149,10419790652,10419790688,1,"IOTHUB_CLIENT_CONFIRMATION_OK"
21150,10419790852,10419790898,1,"IOTHUB_CLIENT_CONFIRMATION_OK"
21151,10419791052,10419791100,1,"IOTHUB_CLIENT_CONFIRMATION_OK"
21152,10419791252,10419791296,1,"IOTHUB_CLIENT_CONFIRMATION_OK"
21153,10419791453,10419791496,1,"IOTHUB_CLIENT_CONFIRMATION_OK"
21154,10419791653,10419791697,1,"IOTHUB_CLIENT_CONFIRMATION_OK"
21155,10419791853,10419791923,1,"IOTHUB_CLIENT_CONFIRMATION_OK"
21156,10419792053,10419792085,1,"IOTHUB_CLIENT_CONFIRMATION_OK"
21157,10419792254,10419792290,1,"IOTHUB_CLIENT_CONFIRMATION_OK"
21158,10419792454,10419792492,1,"IOTHUB_CLIENT_CONFIRMATION_OK"
21159,10419792654,10419792726,1,"IOTHUB_CLIENT_CONFIRMATION_OK"
21160,10419792854,10419792901,1,"IOTHUB_CLIENT_CONFIRMATION_OK"
21161,10419793054,10419793086,1,"IOTHUB_CLIENT_CONFIRMATION_OK"
21162,10419793255,10419793354,1,"IOTHUB_CLIENT_CONFIRMATION_OK"
21163,10419793455,10419793568,1,"IOTHUB_CLIENT_CONFIRMATION_OK"
21164,10419793655,10419793733,1,"IOTHUB_CLIENT_CONFIRMATION_OK"
21165,10419793855,10419793901,1,"IOTHUB_CLIENT_CONFIRMATION_OK"
21166,10419794055,10419794100,1,"IOTHUB_CLIENT_CONFIRMATION_OK"
21167,10419794255,10419794352,1,"IOTHUB_CLIENT_CONFIRMATION_OK"
21168,10419794455,10419794492,1,"IOTHUB_CLIENT_CONFIRMATION_OK"
21169,10419794656,10419794688,1,"IOTHUB_CLIENT_CONFIRMATION_OK"
21170,10419794856,10419794900,1,"IOTHUB_CLIENT_CONFIRMATION_OK"
21171,10419795056,10419795092,1,"IOTHUB_CLIENT_CONFIRMATION_OK"
21172,10419795256,10419795302,1,"IOTHUB_CLIENT_CONFIRMATION_OK"
21173,10419795456,10419795496,1,"IOTHUB_CLIENT_CONFIRMATION_OK"
21174,10419795656,10419795693,1,"IOTHUB_CLIENT_CONFIRMATION_OK"
21175,10419795857,10419795906,1,"IOTHUB_CLIENT_CONFIRMATION_OK"
21176,10419796057,10419796094,1,"IOTHUB_CLIENT_CONFIRMATION_OK"
21177,10419796257,10419796293,1,"IOTHUB_CLIENT_CONFIRMATION_OK"
21178,10419796457,10419796597,1,"IOTHUB_CLIENT_CONFIRMATION_OK"
21179,10419796657,10419796693,1,"IOTHUB_CLIENT_CONFIRMATION_OK"
21180,10419796857,10419796897,1,"IOTHUB_CLIENT_CONFIRMATION_OK"
21181,10419797058,10419797090,1,"IOTHUB_CLIENT_CONFIRMATION_OK"
21182,10419797258,10419797419,1,"IOTHUB_CLIENT_CONFIRMATION_OK"
21183,10419797458,10419797498,1,"IOTHUB_CLIENT_CONFIRMATION_OK"
21184,10419797658,10419797705,1,"IOTHUB_CLIENT_CONFIRMATION_OK"
21185,10419797858,10419797944,1,"IOTHUB_CLIENT_CONFIRMATION_OK"
21186,10419798058,10419798096,1,"IOTHUB_CLIENT_CONFIRMATION_OK"
21187,10419798258,10419798301,1,"IOTHUB_CLIENT_CONFIRMATION_OK"
21188,10419798459,10419798500,1,"IOTHUB_CLIENT_CONFIRMATION_OK"
21189,10419798659,10419798692,1,"IOTHUB_CLIENT_CONFIRMATION_OK"
21190,10419798859,10419798928,1,"IOTHUB_CLIENT_CONFIRMATION_OK"
21191,10419799059,10419799101,1,"IOTHUB_CLIENT_CONFIRMATION_OK"
21192,10419799259,10419799293,1,"IOTHUB_CLIENT_CONFIRMATION_OK"
21193,10419799459,10419799495,1,"IOTHUB_CLIENT_CONFIRMATION_OK"
21194,10419799660,10419799702,1,"IOTHUB_CLIENT_CONFIRMATION_OK"
21195,10419799860,10419799911,1,"IOTHUB_CLIENT_CONFIRMATION_OK"
21196,10419800060,10419800134,1,"IOTHUB_CLIENT_CONFIRMATION_OK"
21197,10419800260,10419800388,1,"IOTHUB_CLIENT_CONFIRMATION_OK"
21198,10419800460,10419800552,1,"IOTHUB_CLIENT_CONFIRMATION_OK"
21199,10419800660,10419800708,1,"IOTHUB_CLIENT_CONFIRMATION_OK"
21200,10419800861,10419800898,1,"IOTHUB_CLIENT_CONFIRMATION_OK"
21201,10419801061,10419801145,1,"IOTHUB_CLIENT_CONFIRMATION_OK"
21202,10419801261,10419801297,1,"IOTHUB_CLIENT_CONFIRMATION_OK"
21203,10419801461,10419801514,1,"IOTHUB_CLIENT_CONFIRMATION_OK"
21204,10419801661,10419801695,1,"IOTHUB_CLIENT_CONFIRMATION_OK"
21205,10419801861,10419801965,1,"IOTHUB_CLIENT_CONFIRMATION_OK"
21206,10419802061,10419802101,1,"IOTHUB_CLIENT_CONFIRMATION_OK"
21207,10419802262,10419802302,1,"IOTHUB_CLIENT_CONFIRMATION_OK"
21208,10419802462,10419802497,1,"IOTHUB_CLIENT_CONFIRMATION_OK"
21209,10419802662,10419802786,1,"IOTHUB_CLIENT_CONFIRMATION_OK"
21210,10419802862,10419802898,1,"IOTHUB_CLIENT_CONFIRMATION_OK"
21211,10419803062,10419803136,1,"IOTHUB_CLIENT_CONFIRMATION_OK"
21212,10419803262,10419803337,1,"IOTHUB_CLIENT_CONFIRMATION_OK"
21213,10419803463,10419803498,1,"IOTHUB_CLIENT_CONFIRMATION_OK"
21214,10419803663,10419803721,1,"IOTHUB_CLIENT_CONFIRMATION_OK"
21215,10419803863,10419803921,1,"IOTHUB_CLIENT_CONFIRMATION_OK"
21216,10419804063,10419804102,1,"IOTHUB_CLIENT_CONFIRMATION_OK"
21217,10419804263,10419804349,1,"IOTHUB_CLIENT_CONFIRMATION_OK"
21218,10419804463,10419804518,1,"IOTHUB_CLIENT_CONFIRMATION_OK"
21219,10419804663,10419804711,1,"IOTHUB_CLIENT_CONFIRMATION_OK"
21220,10419804864,10419804912,1,"IOTHUB_CLIENT_CONFIRMATION_OK"
21221,10419805064,10419805099,1,"IOTHUB_CLIENT_CONFIRMATION_OK"
21222,10419805264,10419805302,1,"IOTHUB_CLIENT_CONFIRMATION_OK"
21223,10419805464,10419805506,1,"IOTHUB_CLIENT_CONFIRMATION_OK"
21224,10419805664,10419805865,1,"IOTHUB_CLIENT_CONFIRMATION_OK"
21225,10419805864,10419805908,1,"IOTHUB_CLIENT_CONFIRMATION_OK"
21226,10419806065,10419806097,1,"IOTHUB_CLIENT_CONFIRMATION_OK"
21227,10419806265,10419806338,1,"IOTHUB_CLIENT_CONFIRMATION_OK"
21228,10419806465,10419806512,1,"IOTHUB_CLIENT_CONFIRMATION_OK"
21229,10419806665,10419806708,1,"IOTHUB_CLIENT_CONFIRMATION_OK"
21230,10419806865,10419806903,1,"IOTHUB_CLIENT_CONFIRMATION_OK"
21231,10419807065,10419807098,1,"IOTHUB_CLIENT_CONFIRMATION_OK"
21232,10419807266,10419807311,1,"IOTHUB_CLIENT_CONFIRMATION_OK"
21233,10419807466,10419807509,1,"IOTHUB_CLIENT_CONFIRMATION_OK"
21234,10419807666,10419807697,1,"IOTHUB_CLIENT_CONFIRMATION_OK"
21235,10419807866,10419807908,1,"IOTHUB_CLIENT_CONFIRMATION_OK"
21236,10419808066,10419808115,1,"IOTHUB_CLIENT_CONFIRMATION_OK"
21237,10419808266,10419808302,1,"IOTHUB_CLIENT_CONFIRMATION_OK"
21238,10419808467,10419808499,1,"IOTHUB_CLIENT_CONFIRMATION_OK"
21239,10419808667,10419808710,1,"IOTHUB_CLIENT_CONFIRMATION_OK"
21240,10419808867,10419808903,1,"IOTHUB_CLIENT_CONFIRMATION_OK"
21241,10419809067,10419809114,1,"IOTHUB_CLIENT_CONFIRMATION_OK"
21242,10419809267,10419809310,1,"IOTHUB_CLIENT_CONFIRMATION_OK"
21243,10419809467,10419809501,1,"IOTHUB_CLIENT_CONFIRMATION_OK"
21244,10419809667,10419809702,1,"IOTHUB_CLIENT_CONFIRMATION_OK"
21245,10419809868,10419809918,1,"IOTHUB_CLIENT_CONFIRMATION_OK"
21246,10419810068,10419810136,1,"IOTHUB_CLIENT_CONFIRMATION_OK"
21247,10419810268,10419810375,1,"IOTHUB_CLIENT_CONFIRMATION_OK"
21248,10419810468,10419810519,1,"IOTHUB_CLIENT_CONFIRMATION_OK"
21249,10419810668,10419810710,1,"IOTHUB_CLIENT_CONFIRMATION_OK"
21250,10419810869,10419810923,1,"IOTHUB_CLIENT_CONFIRMATION_OK"
21251,10419811069,10419811224,1,"IOTHUB_CLIENT_CONFIRMATION_OK"
21252,10419811269,10419811310,1,"IOTHUB_CLIENT_CONFIRMATION_OK"
21253,10419811469,10419811547,1,"IOTHUB_CLIENT_CONFIRMATION_OK"
21254,10419811669,10419811707,1,"IOTHUB_CLIENT_CONFIRMATION_OK"
21255,10419811869,10419812002,1,"IOTHUB_CLIENT_CONFIRMATION_OK"
21256,10419812070,10419812106,1,"IOTHUB_CLIENT_CONFIRMATION_OK"
21257,10419812270,10419812305,1,"IOTHUB_CLIENT_CONFIRMATION_OK"
21258,10419812470,10419812505,1,"IOTHUB_CLIENT_CONFIRMATION_OK"
21259,10419812670,10419812701,1,"IOTHUB_CLIENT_CONFIRMATION_OK"
21260,10419812870,10419812921,1,"IOTHUB_CLIENT_CONFIRMATION_OK"
21261,10419813071,10419813129,1,"IOTHUB_CLIENT_CONFIRMATION_OK"
21262,10419813271,10419813317,1,"IOTHUB_CLIENT_CONFIRMATION_OK"
21263,10419813471,10419813516,1,"IOTHUB_CLIENT_CONFIRMATION_OK"
21264,10419813671,10419813708,1,"IOTHUB_CLIENT_CONFIRMATION_OK"
21265,10419813871,10419813914,1,"IOTHUB_CLIENT_CONFIRMATION_OK"
21266,10419814071,10419814110,1,"IOTHUB_CLIENT_CONFIRMATION_OK"
21267,10419814271,10419814311,1,"IOTHUB_CLIENT_CONFIRMATION_OK"
21268,10419814472,10419814523,1,"IOTHUB_CLIENT_CONFIRMATION_OK"
21269,10419814672,10419814707,1,"IOTHUB_CLIENT_CONFIRMATION_OK"
21270,10419814872,10419814917,1,"IOTHUB_CLIENT_CONFIRMATION_OK"
21271,10419815072,10419815163,1,"IOTHUB_CLIENT_CONFIRMATION_OK"
21272,10419815272,10419815337,1,"IOTHUB_CLIENT_CONFIRMATION_OK"
21273,10419815472,10419815513,1,"IOTHUB_CLIENT_CONFIRMATION_OK"
21274,10419815673,10419815731,1,"IOTHUB_CLIENT_CONFIRMATION_OK"
21275,10419815873,10419815913,1,"IOTHUB_CLIENT_CONFIRMATION_OK"
21276,10419816073,10419816126,1,"IOTHUB_CLIENT_CONFIRMATION_OK"
21277,10419816273,10419816318,1,"IOTHUB_CLIENT_CONFIRMATION_OK"
21278,10419816473,10419816541,1,"IOTHUB_CLIENT_CONFIRMATION_OK"
21279,10419816673,10419816715,1,"IOTHUB_CLIENT_CONFIRMATION_OK"
21280,10419816874,10419816907,1,"IOTHUB_CLIENT_CONFIRMATION_OK"
21281,10419817074,10419817106,1,"IOTHUB_CLIENT_CONFIRMATION_OK"
21282,10419817274,10419817366,1,"IOTHUB_CLIENT_CONFIRMATION_OK"
21283,10419817474,10419817541,1,"IOTHUB_CLIENT_CONFIRMATION_OK"
21284,10419817674,10419817725,1,"IOTHUB_CLIENT_CONFIRMATION_OK"
21285,10419817874,10419817908,1,"IOTHUB_CLIENT_CONFIRMATION_OK"
21286,10419818075,10419818113,1,"IOTHUB_CLIENT_CONFIRMATION_OK"
21287,10419818275,10419818327,1,"IOTHUB_CLIENT_CONFIRMATION_OK"
21288,10419818475,10419818505,1,"IOTHUB_CLIENT_CONFIRMATION_OK"
21289,10419818675,10419818710,1,"IOTHUB_CLIENT_CONFIRMATION_OK"
21290,10419818875,10419819104,1,"IOTHUB_CLIENT_CONFIRMATION_OK"
21291,10419819075,10419819195,1,"IOTHUB_CLIENT_CONFIRMATION_OK"
21292,10419819276,10419819375,1,"IOTHUB_CLIENT_CONFIRMATION_OK"
21293,10419819476,10419819597,1,"IOTHUB_CLIENT_CONFIRMATION_OK"
21294,10419819676,10419819726,1,"IOTHUB_CLIENT_CONFIRMATION_OK"
21295,10419819876,10419819920,1,"IOTHUB_CLIENT_CONFIRMATION_OK"
21296,10419820076,10419820118,1,"IOTHUB_CLIENT_CONFIRMATION_OK"
21297,10419820276,10419820451,1,"IOTHUB_CLIENT_CONFIRMATION_OK"
21298,10419820477,10419820657,1,"IOTHUB_CLIENT_CONFIRMATION_OK"
21299,10419820677,10419820770,1,"IOTHUB_CLIENT_CONFIRMATION_OK"
21300,10419820877,10419820986,1,"IOTHUB_CLIENT_CONFIRMATION_OK"
21301,10419821077,10419821263,1,"IOTHUB_CLIENT_CONFIRMATION_OK"
21302,10419821277,10419821343,1,"IOTHUB_CLIENT_CONFIRMATION_OK"
21303,10419821477,10419821528,1,"IOTHUB_CLIENT_CONFIRMATION_OK"
21304,10419821678,10419821717,1,"IOTHUB_CLIENT_CONFIRMATION_OK"
21305,10419821878,10419821931,1,"IOTHUB_CLIENT_CONFIRMATION_OK"
21306,10419822078,10419822129,1,"IOTHUB_CLIENT_CONFIRMATION_OK"
21307,10419822278,10419822348,1,"IOTHUB_CLIENT_CONFIRMATION_OK"
21308,10419822478,10419822519,1,"IOTHUB_CLIENT_CONFIRMATION_OK"
21309,10419822678,10419822757,1,"IOTHUB_CLIENT_CONFIRMATION_OK"
21310,10419822879,10419822919,1,"IOTHUB_CLIENT_CONFIRMATION_OK"
21311,10419823079,10419823112,1,"IOTHUB_CLIENT_CONFIRMATION_OK"
21312,10419823279,10419823319,1,"IOTHUB_CLIENT_CONFIRMATION_OK"
21313,10419823479,10419823524,1,"IOTHUB_CLIENT_CONFIRMATION_OK"
21314,10419823679,10419823716,1,"IOTHUB_CLIENT_CONFIRMATION_OK"
21315,10419823879,10419823911,1,"IOTHUB_CLIENT_CONFIRMATION_OK"
21316,10419824079,10419824288,1,"IOTHUB_CLIENT_CONFIRMATION_OK"
21317,10419824280,10419824329,1,"IOTHUB_CLIENT_CONFIRMATION_OK"
21318,10419824480,10419824567,1,"IOTHUB_CLIENT_CONFIRMATION_OK"
21319,10419824680,10419824734,1,"IOTHUB_CLIENT_CONFIRMATION_OK"
21320,10419824880,10419824928,1,"IOTHUB_CLIENT_CONFIRMATION_OK"
21321,10419825080,10419825113,1,"IOTHUB_CLIENT_CONFIRMATION_OK"
21322,10419825280,10419825316,1,"IOTHUB_CLIENT_CONFIRMATION_OK"
21323,10419825481,10419825520,1,"IOTHUB_CLIENT_CONFIRMATION_OK"
21324,10419825681,10419825730,1,"IOTHUB_CLIENT_CONFIRMATION_OK"
21325,10419825881,10419826050,1,"IOTHUB_CLIENT_CONFIRMATION_OK"
21326,10419826081,10419826132,1,"IOTHUB_CLIENT_CONFIRMATION_OK"
21327,10419826281,10419826323,1,"IOTHUB_CLIENT_CONFIRMATION_OK"
21328,10419826481,10419826553,1,"IOTHUB_CLIENT_CONFIRMATION_OK"
21329,10419826682,10419826722,1,"IOTHUB_CLIENT_CONFIRMATION_OK"
21330,10419826882,10419826945,1,"IOTHUB_CLIENT_CONFIRMATION_OK"
21331,10419827082,10419827116,1,"IOTHUB_CLIENT_CONFIRMATION_OK"
21332,10419827282,10419827341,1,"IOTHUB_CLIENT_CONFIRMATION_OK"
21333,10419827482,10419827526,1,"IOTHUB_CLIENT_CONFIRMATION_OK"
21334,10419827682,10419827715,1,"IOTHUB_CLIENT_CONFIRMATION_OK"
21335,10419827882,10419827916,1,"IOTHUB_CLIENT_CONFIRMATION_OK"
21336,10419828083,10419828125,1,"IOTHUB_CLIENT_CONFIRMATION_OK"
21337,10419828283,10419828540,1,"IOTHUB_CLIENT_CONFIRMATION_OK"
21338,10419828483,10419828578,1,"IOTHUB_CLIENT_CONFIRMATION_OK"
21339,10419828683,10419828731,1,"IOTHUB_CLIENT_CONFIRMATION_OK"
21340,10419828883,10419828959,1,"IOTHUB_CLIENT_CONFIRMATION_OK"
21341,10419829083,10419829117,1,"IOTHUB_CLIENT_CONFIRMATION_OK"
21342,10419829284,10419829319,1,"IOTHUB_CLIENT_CONFIRMATION_OK"
21343,10419829484,10419829575,1,"IOTHUB_CLIENT_CONFIRMATION_OK"
21344,10419829684,10419829767,1,"IOTHUB_CLIENT_CONFIRMATION_OK"
21345,10419829884,10419829929,1,"IOTHUB_CLIENT_CONFIRMATION_OK"
21346,10419830084,10419830122,1,"IOTHUB_CLIENT_CONFIRMATION_OK"
21347,10419830284,10419830435,1,"IOTHUB_CLIENT_CONFIRMATION_OK"
21348,10419830484,10419830517,1,"IOTHUB_CLIENT_CONFIRMATION_OK"
21349,10419830685,10419830730,1,"IOTHUB_CLIENT_CONFIRMATION_OK"
21350,10419830885,10419830945,1,"IOTHUB_CLIENT_CONFIRMATION_OK"
21351,10419831085,10419831118,1,"IOTHUB_CLIENT_CONFIRMATION_OK"
21352,10419831285,10419831327,1,"IOTHUB_CLIENT_CONFIRMATION_OK"
21353,10419831485,10419831517,1,"IOTHUB_CLIENT_CONFIRMATION_OK"
21354,10419831685,10419831733,1,"IOTHUB_CLIENT_CONFIRMATION_OK"
21355,10419831886,10419831919,1,"IOTHUB_CLIENT_CONFIRMATION_OK"
21356,10419832086,10419832131,1,"IOTHUB_CLIENT_CONFIRMATION_OK"
21357,10419832286,10419832341,1,"IOTHUB_CLIENT_CONFIRMATION_OK"
21358,10419832486,10419832521,1,"IOTHUB_CLIENT_CONFIRMATION_OK"
21359,10419832686,10419832741,1,"IOTHUB_CLIENT_CONFIRMATION_OK"
21360,10419832886,10419832930,1,"IOTHUB_CLIENT_CONFIRMATION_OK"
21361,10419833087,10419833120,1,"IOTHUB_CLIENT_CONFIRMATION_OK"
21362,10419833287,10419833321,1,"IOTHUB_CLIENT_CONFIRMATION_OK"
21363,10419833487,10419833567,1,"IOTHUB_CLIENT_CONFIRMATION_OK"
21364,10419833687,10419833812,1,"IOTHUB_CLIENT_CONFIRMATION_OK"
21365,10419833887,10419833971,1,"IOTHUB_CLIENT_CONFIRMATION_OK"
21366,10419834087,10419834157,1,"IOTHUB_CLIENT_CONFIRMATION_OK"
21367,10419834288,10419834345,1,"IOTHUB_CLIENT_CONFIRMATION_OK"
21368,10419834488,10419834537,1,"IOTHUB_CLIENT_CONFIRMATION_OK"
21369,10419834688,10419834732,1,"IOTHUB_CLIENT_CONFIRMATION_OK"
21370,10419834888,10419834968,1,"IOTHUB_CLIENT_CONFIRMATION_OK"
21371,10419835088,10419835124,1,"IOTHUB_CLIENT_CONFIRMATION_OK"
21372,10419835288,10419835327,1,"IOTHUB_CLIENT_CONFIRMATION_OK"
21373,10419835488,10419835520,1,"IOTHUB_CLIENT_CONFIRMATION_OK"
21374,10419835689,10419835790,1,"IOTHUB_CLIENT_CONFIRMATION_OK"
21375,10419835889,10419835934,1,"IOTHUB_CLIENT_CONFIRMATION_OK"
21376,10419836089,10419836132,1,"IOTHUB_CLIENT_CONFIRMATION_OK"
21377,10419836289,10419836336,1,"IOTHUB_CLIENT_CONFIRMATION_OK"
21378,10419836489,10419836597,1,"IOTHUB_CLIENT_CONFIRMATION_OK"
21379,10419836689,10419836727,1,"IOTHUB_CLIENT_CONFIRMATION_OK"
21380,10419836890,10419836932,1,"IOTHUB_CLIENT_CONFIRMATION_OK"
21381,10419837090,10419837138,1,"IOTHUB_CLIENT_CONFIRMATION_OK"
21382,10419837290,10419837340,1,"IOTHUB_CLIENT_CONFIRMATION_OK"
21383,10419837490,10419837553,1,"IOTHUB_CLIENT_CONFIRMATION_OK"
21384,10419837690,10419837721,1,"IOTHUB_CLIENT_CONFIRMATION_OK"
21385,10419837890,10419837940,1,"IOTHUB_CLIENT_CONFIRMATION_OK"
21386,10419838091,10419838124,1,"IOTHUB_CLIENT_CONFIRMATION_OK"
21387,10419838291,10419838327,1,"IOTHUB_CLIENT_CONFIRMATION_OK"
21388,10419838491,10419838527,1,"IOTHUB_CLIENT_CONFIRMATION_OK"
21389,10419838691,10419838832,1,"IOTHUB_CLIENT_CONFIRMATION_OK"
21390,10419838891,10419838944,1,"IOTHUB_CLIENT_CONFIRMATION_OK"
21391,10419839091,10419839135,1,"IOTHUB_CLIENT_CONFIRMATION_OK"
21392,10419839291,10419839404,1,"IOTHUB_CLIENT_CONFIRMATION_OK"
21393,10419839492,10419839636,1,"IOTHUB_CLIENT_CONFIRMATION_OK"
21394,10419839692,10419839776,1,"IOTHUB_CLIENT_CONFIRMATION_OK"
21395,10419839892,10419840068,1,"IOTHUB_CLIENT_CONFIRMATION_OK"
21396,10419840092,10419840133,1,"IOTHUB_CLIENT_CONFIRMATION_OK"
21397,10419840292,10419840457,1,"IOTHUB_CLIENT_CONFIRMATION_OK"
21398,10419840492,10419840542,1,"IOTHUB_CLIENT_CONFIRMATION_OK"
21399,10419840693,10419840729,1,"IOTHUB_CLIENT_CONFIRMATION_OK"
21400,10419840893,10419840932,1,"IOTHUB_CLIENT_CONFIRMATION_OK"
21401,10419841093,10419841217,1,"IOTHUB_CLIENT_CONFIRMATION_OK"
21402,10419841293,10419841363,1,"IOTHUB_CLIENT_CONFIRMATION_OK"
21403,10419841493,10419841554,1,"IOTHUB_CLIENT_CONFIRMATION_OK"
21404,10419841693,10419841737,1,"IOTHUB_CLIENT_CONFIRMATION_OK"
21405,10419841893,10419841944,1,"IOTHUB_CLIENT_CONFIRMATION_OK"
21406,10419842094,10419842131,1,"IOTHUB_CLIENT_CONFIRMATION_OK"
21407,10419842294,10419842330,1,"IOTHUB_CLIENT_CONFIRMATION_OK"
21408,10419842494,10419842524,1,"IOTHUB_CLIENT_CONFIRMATION_OK"
21409,10419842694,10419842739,1,"IOTHUB_CLIENT_CONFIRMATION_OK"
21410,10419842894,10419842924,1,"IOTHUB_CLIENT_CONFIRMATION_OK"
21411,10419843094,10419843128,1,"IOTHUB_CLIENT_CONFIRMATION_OK"
21412,10419843295,10419843329,1,"IOTHUB_CLIENT_CONFIRMATION_OK"
21413,10419843495,10419843569,1,"IOTHUB_CLIENT_CONFIRMATION_OK"
21414,10419843695,10419843741,1,"IOTHUB_CLIENT_CONFIRMATION_OK"
21415,10419843895,10419843928,1,"IOTHUB_CLIENT_CONFIRMATION_OK"
21416,10419844095,10419844138,1,"IOTHUB_CLIENT_CONFIRMATION_OK"
21417,10419844295,10419844346,1,"IOTHUB_CLIENT_CONFIRMATION_OK"
21418,10419844495,10419844540,1,"IOTHUB_CLIENT_CONFIRMATION_OK"
21419,10419844696,10419844751,1,"IOTHUB_CLIENT_CONFIRMATION_OK"
21420,10419844896,10419844961,1,"IOTHUB_CLIENT_CONFIRMATION_OK"
21421,10419845096,10419845128,1,"IOTHUB_CLIENT_CONFIRMATION_OK"
21422,10419845296,10419845338,1,"IOTHUB_CLIENT_CONFIRMATION_OK"
21423,10419845496,10419845542,1,"IOTHUB_CLIENT_CONFIRMATION_OK"
21424,10419845696,10419845729,1,"IOTHUB_CLIENT_CONFIRMATION_OK"
21425,10419845897,10419845937,1,"IOTHUB_CLIENT_CONFIRMATION_OK"
21426,10419846097,10419846147,1,"IOTHUB_CLIENT_CONFIRMATION_OK"
21427,10419846297,10419846335,1,"IOTHUB_CLIENT_CONFIRMATION_OK"
21428,10419846497,10419846552,1,"IOTHUB_CLIENT_CONFIRMATION_OK"
21429,10419846697,10419846741,1,"IOTHUB_CLIENT_CONFIRMATION_OK"
21430,10419846897,10419846932,1,"IOTHUB_CLIENT_CONFIRMATION_OK"
21431,10419847098,10419847132,1,"IOTHUB_CLIENT_CONFIRMATION_OK"
21432,10419847298,10419847357,1,"IOTHUB_CLIENT_CONFIRMATION_OK"
21433,10419847498,10419847568,1,"IOTHUB_CLIENT_CONFIRMATION_OK"
21434,10419847698,10419847731,1,"IOTHUB_CLIENT_CONFIRMATION_OK"
21435,10419847898,10419847935,1,"IOTHUB_CLIENT_CONFIRMATION_OK"
21436,10419848098,10419848185,1,"IOTHUB_CLIENT_CONFIRMATION_OK"
21437,10419848298,10419848347,1,"IOTHUB_CLIENT_CONFIRMATION_OK"
21438,10419848499,10419848537,1,"IOTHUB_CLIENT_CONFIRMATION_OK"
21439,10419848699,10419848781,1,"IOTHUB_CLIENT_CONFIRMATION_OK"
21440,10419848899,10419848941,1,"IOTHUB_CLIENT_CONFIRMATION_OK"
21441,10419849099,10419849135,1,"IOTHUB_CLIENT_CONFIRMATION_OK"
21442,10419849299,10419849343,1,"IOTHUB_CLIENT_CONFIRMATION_OK"
21443,10419849499,10419849595,1,"IOTHUB_CLIENT_CONFIRMATION_OK"
21444,10419849700,10419849733,1,"IOTHUB_CLIENT_CONFIRMATION_OK"
21445,10419849900,10419849954,1,"IOTHUB_CLIENT_CONFIRMATION_OK"
21446,10419850100,10419850154,1,"IOTHUB_CLIENT_CONFIRMATION_OK"
21447,10419850300,10419850434,1,"IOTHUB_CLIENT_CONFIRMATION_OK"
21448,10419850500,10419850535,1,"IOTHUB_CLIENT_CONFIRMATION_OK"
21449,10419850700,10419850738,1,"IOTHUB_CLIENT_CONFIRMATION_OK"
21450,10419850900,10419850954,1,"IOTHUB_CLIENT_CONFIRMATION_OK"
21451,10419851101,10419851134,1,"IOTHUB_CLIENT_CONFIRMATION_OK"
21452,10419851301,10419851346,1,"IOTHUB_CLIENT_CONFIRMATION_OK"
21453,10419851501,10419851533,1,"IOTHUB_CLIENT_CONFIRMATION_OK"
21454,10419851701,10419851743,1,"IOTHUB_CLIENT_CONFIRMATION_OK"
21455,10419851901,10419851933,1,"IOTHUB_CLIENT_CONFIRMATION_OK"
21456,10419852101,10419852140,1,"IOTHUB_CLIENT_CONFIRMATION_OK"
21457,10419852301,10419852339,1,"IOTHUB_CLIENT_CONFIRMATION_OK"
21458,10419852502,10419852537,1,"IOTHUB_CLIENT_CONFIRMATION_OK"
21459,10419852702,10419852737,1,"IOTHUB_CLIENT_CONFIRMATION_OK"
21460,10419852902,10419852936,1,"IOTHUB_CLIENT_CONFIRMATION_OK"
21461,10419853102,10419853131,1,"IOTHUB_CLIENT_CONFIRMATION_OK"
21462,10419853302,10419853465,1,"IOTHUB_CLIENT_CONFIRMATION_OK"
21463,10419853502,10419853535,1,"IOTHUB_CLIENT_CONFIRMATION_OK"
21464,10419853703,10419853745,1,"IOTHUB_CLIENT_CONFIRMATION_OK"
21465,10419853903,10419853964,1,"IOTHUB_CLIENT_CONFIRMATION_OK"
21466,10419854103,10419854278,1,"IOTHUB_CLIENT_CONFIRMATION_OK"
21467,10419854303,10419854350,1,"IOTHUB_CLIENT_CONFIRMATION_OK"
21468,10419854503,10419854548,1,"IOTHUB_CLIENT_CONFIRMATION_OK"
21469,10419854703,10419854735,1,"IOTHUB_CLIENT_CONFIRMATION_OK"
21470,10419854904,10419855158,1,"IOTHUB_CLIENT_CONFIRMATION_OK"
21471,10419855104,10419855239,1,"IOTHUB_CLIENT_CONFIRMATION_OK"
21472,10419855304,10419855350,1,"IOTHUB_CLIENT_CONFIRMATION_OK"
21473,10419855504,10419855546,1,"IOTHUB_CLIENT_CONFIRMATION_OK"
21474,10419855704,10419855782,1,"IOTHUB_CLIENT_CONFIRMATION_OK"
21475,10419855904,10419855949,1,"IOTHUB_CLIENT_CONFIRMATION_OK"
21476,10419856104,10419856141,1,"IOTHUB_CLIENT_CONFIRMATION_OK"
21477,10419856305,10419856338,1,"IOTHUB_CLIENT_CONFIRMATION_OK"
21478,10419856505,10419856538,1,"IOTHUB_CLIENT_CONFIRMATION_OK"
21479,10419856705,10419856745,1,"IOTHUB_CLIENT_CONFIRMATION_OK"
21480,10419856905,10419856948,1,"IOTHUB_CLIENT_CONFIRMATION_OK"
21481,10419857105,10419857286,1,"IOTHUB_CLIENT_CONFIRMATION_OK"
21482,10419857305,10419857351,1,"IOTHUB_CLIENT_CONFIRMATION_OK"
21483,10419857506,10419857586,1,"IOTHUB_CLIENT_CONFIRMATION_OK"
21484,10419857706,10419857742,1,"IOTHUB_CLIENT_CONFIRMATION_OK"
21485,10419857906,10419858019,1,"IOTHUB_CLIENT_CONFIRMATION_OK"
21486,10419858106,10419858157,1,"IOTHUB_CLIENT_CONFIRMATION_OK"
21487,10419858306,10419858343,1,"IOTHUB_CLIENT_CONFIRMATION_OK"
21488,10419858506,10419858577,1,"IOTHUB_CLIENT_CONFIRMATION_OK"
21489,10419858707,10419858840,1,"IOTHUB_CLIENT_CONFIRMATION_OK"
21490,10419858907,10419858981,1,"IOTHUB_CLIENT_CONFIRMATION_OK"
21491,10419859107,10419859161,1,"IOTHUB_CLIENT_CONFIRMATION_OK"
21492,10419859307,10419859356,1,"IOTHUB_CLIENT_CONFIRMATION_OK"
21493,10419859507,10419859638,1,"IOTHUB_CLIENT_CONFIRMATION_OK"
21494,10419859707,10419859745,1,"IOTHUB_CLIENT_CONFIRMATION_OK"
21495,10419859907,10419859940,1,"IOTHUB_CLIENT_CONFIRMATION_OK"
21496,10419860108,10419860152,1,"IOTHUB_CLIENT_CONFIRMATION_OK"
21497,10419860308,10419860351,1,"IOTHUB_CLIENT_CONFIRMATION_OK"
21498,10419860508,10419860544,1,"IOTHUB_CLIENT_CONFIRMATION_OK"
21499,10419860708,10419860745,1,"IOTHUB_CLIENT_CONFIRMATION_OK"
21500,10419860908,10419860949,1,"IOTHUB_CLIENT_CONFIRMATION_OK"
21501,10419861108,10419861156,1,"IOTHUB_CLIENT_CONFIRMATION_OK"
21502,10419861309,10419861374,1,"IOTHUB_CLIENT_CONFIRMATION_OK"
21503,10419861509,10419861541,1,"IOTHUB_CLIENT_CONFIRMATION_OK"
21504,10419861709,10419861747,1,"IOTHUB_CLIENT_CONFIRMATION_OK"
21505,10419861909,10419861971,1,"IOTHUB_CLIENT_CONFIRMATION_OK"
21506,10419862109,10419862144,1,"IOTHUB_CLIENT_CONFIRMATION_OK"
21507,10419862309,10419862352,1,"IOTHUB_CLIENT_CONFIRMATION_OK"
21508,10419862510,10419862557,1,"IOTHUB_CLIENT_CONFIRMATION_OK"
21509,10419862710,10419862751,1,"IOTHUB_CLIENT_CONFIRMATION_OK"
21510,10419862910,10419862945,1,"IOTHUB_CLIENT_CONFIRMATION_OK"
21511,10419863110,10419863161,1,"IOTHUB_CLIENT_CONFIRMATION_OK"
21512,10419863310,10419863385,1,"IOTHUB_CLIENT_CONFIRMATION_OK"
21513,10419863510,10419863552,1,"IOTHUB_CLIENT_CONFIRMATION_OK"
21514,10419863710,10419863747,1,"IOTHUB_CLIENT_CONFIRMATION_OK"
21515,10419863911,10419863949,1,"IOTHUB_CLIENT_CONFIRMATION_OK"
21516,10419864111,10419864186,1,"IOTHUB_CLIENT_CONFIRMATION_OK"
21517,10419864311,10419864349,1,"IOTHUB_CLIENT_CONFIRMATION_OK"
21518,10419864511,10419864544,1,"IOTHUB_CLIENT_CONFIRMATION_OK"
21519,10419864711,10419864742,1,"IOTHUB_CLIENT_CONFIRMATION_OK"
21520,10419864911,10419865009,1,"IOTHUB_CLIENT_CONFIRMATION_OK"
21521,10419865112,10419865146,1,"IOTHUB_CLIENT_CONFIRMATION_OK"
21522,10419865312,10419865374,1,"IOTHUB_CLIENT_CONFIRMATION_OK"
21523,10419865512,10419865549,1,"IOTHUB_CLIENT_CONFIRMATION_OK"
21524,10419865712,10419865751,1,"IOTHUB_CLIENT_CONFIRMATION_OK"
21525,10419865912,10419865949,1,"IOTHUB_CLIENT_CONFIRMATION_OK"
21526,10419866112,10419866152,1,"IOTHUB_CLIENT_CONFIRMATION_OK"
21527,10419866313,10419866348,1,"IOTHUB_CLIENT_CONFIRMATION_OK"
21528,10419866513,10419866584,1,"IOTHUB_CLIENT_CONFIRMATION_OK"
21529,10419866713,10419866746,1,"IOTHUB_CLIENT_CONFIRMATION_OK"
21530,10419866913,10419866947,1,"IOTHUB_CLIENT_CONFIRMATION_OK"
21531,10419867113,10419867222,1,"IOTHUB_CLIENT_CONFIRMATION_OK"
21532,10419867313,10419867351,1,"IOTHUB_CLIENT_CONFIRMATION_OK"
21533,10419867514,10419867603,1,"IOTHUB_CLIENT_CONFIRMATION_OK"
21534,10419867714,10419867786,1,"IOTHUB_CLIENT_CONFIRMATION_OK"
21535,10419867914,10419868046,1,"IOTHUB_CLIENT_CONFIRMATION_OK"
21536,10419868114,10419868169,1,"IOTHUB_CLIENT_CONFIRMATION_OK"
21537,10419868314,10419868358,1,"IOTHUB_CLIENT_CONFIRMATION_OK"
21538,10419868514,10419868565,1,"IOTHUB_CLIENT_CONFIRMATION_OK"
21539,10419868715,10419868861,1,"IOTHUB_CLIENT_CONFIRMATION_OK"
21540,10419868915,10419868953,1,"IOTHUB_CLIENT_CONFIRMATION_OK"
21541,10419869115,10419869144,1,"IOTHUB_CLIENT_CONFIRMATION_OK"
21542,10419869315,10419869371,1,"IOTHUB_CLIENT_CONFIRMATION_OK"
21543,10419869515,10419869587,1,"IOTHUB_CLIENT_CONFIRMATION_OK"
21544,10419869715,10419869758,1,"IOTHUB_CLIENT_CONFIRMATION_OK"
21545,10419869916,10419869973,1,"IOTHUB_CLIENT_CONFIRMATION_OK"
21546,10419870116,10419870159,1,"IOTHUB_CLIENT_CONFIRMATION_OK"
21547,10419870316,10419870348,1,"IOTHUB_CLIENT_CONFIRMATION_OK"
21548,10419870516,10419870547,1,"IOTHUB_CLIENT_CONFIRMATION_OK"
21549,10419870716,10419870770,1,"IOTHUB_CLIENT_CONFIRMATION_OK"
21550,10419870916,10419870954,1,"IOTHUB_CLIENT_CONFIRMATION_OK"
21551,10419871116,10419871171,1,"IOTHUB_CLIENT_CONFIRMATION_OK"
21552,10419871317,10419871382,1,"IOTHUB_CLIENT_CONFIRMATION_OK"
21553,10419871517,10419871571,1,"IOTHUB_CLIENT_CONFIRMATION_OK"
21554,10419871717,10419871775,1,"IOTHUB_CLIENT_CONFIRMATION_OK"
21555,10419871917,10419871950,1,"IOTHUB_CLIENT_CONFIRMATION_OK"
21556,10419872117,10419872147,1,"IOTHUB_CLIENT_CONFIRMATION_OK"
21557,10419872317,10419872368,1,"IOTHUB_CLIENT_CONFIRMATION_OK"
21558,10419872518,10419872547,1,"IOTHUB_CLIENT_CONFIRMATION_OK"
21559,10419872718,10419872774,1,"IOTHUB_CLIENT_CONFIRMATION_OK"
21560,10419872918,10419872968,1,"IOTHUB_CLIENT_CONFIRMATION_OK"
21561,10419873118,10419873188,1,"IOTHUB_CLIENT_CONFIRMATION_OK"
21562,10419873318,10419873387,1,"IOTHUB_CLIENT_CONFIRMATION_OK"
21563,10419873518,10419873570,1,"IOTHUB_CLIENT_CONFIRMATION_OK"
21564,10419873719,10419873753,1,"IOTHUB_CLIENT_CONFIRMATION_OK"
21565,10419873919,10419873960,1,"IOTHUB_CLIENT_CONFIRMATION_OK"
21566,10419874119,10419874156,1,"IOTHUB_CLIENT_CONFIRMATION_OK"
21567,10419874319,10419874355,1,"IOTHUB_CLIENT_CONFIRMATION_OK"
21568,10419874519,10419874568,1,"IOTHUB_CLIENT_CONFIRMATION_OK"
21569,10419874719,10419874774,1,"IOTHUB_CLIENT_CONFIRMATION_OK"
21570,10419874920,10419875057,1,"IOTHUB_CLIENT_CONFIRMATION_OK"
21571,10419875120,10419875162,1,"IOTHUB_CLIENT_CONFIRMATION_OK"
21572,10419875320,10419875368,1,"IOTHUB_CLIENT_CONFIRMATION_OK"
21573,10419875520,10419875627,1,"IOTHUB_CLIENT_CONFIRMATION_OK"
21574,10419875720,10419875751,1,"IOTHUB_CLIENT_CONFIRMATION_OK"
21575,10419875920,10419875954,1,"IOTHUB_CLIENT_CONFIRMATION_OK"
21576,10419876121,10419876155,1,"IOTHUB_CLIENT_CONFIRMATION_OK"
21577,10419876321,10419876412,1,"IOTHUB_CLIENT_CONFIRMATION_OK"
21578,10419876521,10419876555,1,"IOTHUB_CLIENT_CONFIRMATION_OK"
21579,10419876721,10419876759,1,"IOTHUB_CLIENT_CONFIRMATION_OK"
21580,10419876921,10419876953,1,"IOTHUB_CLIENT_CONFIRMATION_OK"
21581,10419877121,10419877201,1,"IOTHUB_CLIENT_CONFIRMATION_OK"
21582,10419877322,10419877369,1,"IOTHUB_CLIENT_CONFIRMATION_OK"
21583,10419877522,10419877557,1,"IOTHUB_CLIENT_CONFIRMATION_OK"
21584,10419877722,10419877777,1,"IOTHUB_CLIENT_CONFIRMATION_OK"
21585,10419877922,10419878020,1,"IOTHUB_CLIENT_CONFIRMATION_OK"
21586,10419878123,10419878165,1,"IOTHUB_CLIENT_CONFIRMATION_OK"
21587,10419878323,10419878373,1,"IOTHUB_CLIENT_CONFIRMATION_OK"
21588,10419878523,10419878556,1,"IOTHUB_CLIENT_CONFIRMATION_OK"
21589,10419878723,10419878848,1,"IOTHUB_CLIENT_CONFIRMATION_OK"
21590,10419878923,10419878954,1,"IOTHUB_CLIENT_CONFIRMATION_OK"
21591,10419879123,10419879158,1,"IOTHUB_CLIENT_CONFIRMATION_OK"
21592,10419879323,10419879359,1,"IOTHUB_CLIENT_CONFIRMATION_OK"
21593,10419879524,10419879563,1,"IOTHUB_CLIENT_CONFIRMATION_OK"
21594,10419879724,10419879780,1,"IOTHUB_CLIENT_CONFIRMATION_OK"
21595,10419879924,10419879961,1,"IOTHUB_CLIENT_CONFIRMATION_OK"
21596,10419880124,10419880166,1,"IOTHUB_CLIENT_CONFIRMATION_OK"
21597,10419880324,10419880359,1,"IOTHUB_CLIENT_CONFIRMATION_OK"
21598,10419880524,10419880556,1,"IOTHUB_CLIENT_CONFIRMATION_OK"
21599,10419880725,10419880759,1,"IOTHUB_CLIENT_CONFIRMATION_OK"
21600,10419880925,10419880957,1,"IOTHUB_CLIENT_CONFIRMATION_OK"
21601,10419881125,10419881161,1,"IOTHUB_CLIENT_CONFIRMATION_OK"
21602,10419881325,10419881401,1,"IOTHUB_CLIENT_CONFIRMATION_OK"
21603,10419881525,10419881560,1,"IOTHUB_CLIENT_CONFIRMATION_OK"
21604,10419881725,10419881925,1,"IOTHUB_CLIENT_CONFIRMATION_OK"
21605,10419881925,10419881970,1,"IOTHUB_CLIENT_CONFIRMATION_OK"
21606,10419882126,10419882184,1,"IOTHUB_CLIENT_CONFIRMATION_OK"
21607,10419882326,10419882364,1,"IOTHUB_CLIENT_CONFIRMATION_OK"
21608,10419882526,10419882733,1,"IOTHUB_CLIENT_CONFIRMATION_OK"
21609,10419882726,10419882770,1,"IOTHUB_CLIENT_CONFIRMATION_OK"
21610,10419882926,10419882958,1,"IOTHUB_CLIENT_CONFIRMATION_OK"
21611,10419883126,10419883158,1,"IOTHUB_CLIENT_CONFIRMATION_OK"
21612,10419883326,10419883424,1,"IOTHUB_CLIENT_CONFIRMATION_OK"
21613,10419883527,10419883574,1,"IOTHUB_CLIENT_CONFIRMATION_OK"
21614,10419883727,10419883758,1,"IOTHUB_CLIENT_CONFIRMATION_OK"
21615,10419883927,10419883988,1,"IOTHUB_CLIENT_CONFIRMATION_OK"
21616,10419884127,10419884198,1,"IOTHUB_CLIENT_CONFIRMATION_OK"
21617,10419884327,10419884383,1,"IOTHUB_CLIENT_CONFIRMATION_OK"
21618,10419884527,10419884567,1,"IOTHUB_CLIENT_CONFIRMATION_OK"
21619,10419884728,10419884763,1,"IOTHUB_CLIENT_CONFIRMATION_OK"
21620,10419884928,10419884981,1,"IOTHUB_CLIENT_CONFIRMATION_OK"
21621,10419885128,10419885165,1,"IOTHUB_CLIENT_CONFIRMATION_OK"
21622,10419885328,10419885362,1,"IOTHUB_CLIENT_CONFIRMATION_OK"
21623,10419885528,10419885649,1,"IOTHUB_CLIENT_CONFIRMATION_OK"
21624,10419885728,10419885764,1,"IOTHUB_CLIENT_CONFIRMATION_OK"
21625,10419885928,10419885965,1,"IOTHUB_CLIENT_CONFIRMATION_OK"
21626,10419886129,10419886173,1,"IOTHUB_CLIENT_CONFIRMATION_OK"
21627,10419886329,10419886463,1,"IOTHUB_CLIENT_CONFIRMATION_OK"
21628,10419886529,10419886587,1,"IOTHUB_CLIENT_CONFIRMATION_OK"
21629,10419886729,10419886787,1,"IOTHUB_CLIENT_CONFIRMATION_OK"
21630,10419886929,10419886958,1,"IOTHUB_CLIENT_CONFIRMATION_OK"
21631,10419887130,10419887288,1,"IOTHUB_CLIENT_CONFIRMATION_OK"
21632,10419887330,10419887377,1,"IOTHUB_CLIENT_CONFIRMATION_OK"
21633,10419887530,10419887569,1,"IOTHUB_CLIENT_CONFIRMATION_OK"
21634,10419887730,10419887769,1,"IOTHUB_CLIENT_CONFIRMATION_OK"
21635,10419887930,10419887973,1,"IOTHUB_CLIENT_CONFIRMATION_OK"
21636,10419888131,10419888176,1,"IOTHUB_CLIENT_CONFIRMATION_OK"
21637,10419888331,10419888367,1,"IOTHUB_CLIENT_CONFIRMATION_OK"
21638,10419888531,10419888573,1,"IOTHUB_CLIENT_CONFIRMATION_OK"
21639,10419888731,10419888784,1,"IOTHUB_CLIENT_CONFIRMATION_OK"
21640,10419888931,10419889045,1,"IOTHUB_CLIENT_CONFIRMATION_OK"
21641,10419889132,10419889176,1,"IOTHUB_CLIENT_CONFIRMATION_OK"
21642,10419889332,10419889362,1,"IOTHUB_CLIENT_CONFIRMATION_OK"
21643,10419889532,10419889573,1,"IOTHUB_CLIENT_CONFIRMATION_OK"
21644,10419889732,10419889764,1,"IOTHUB_CLIENT_CONFIRMATION_OK"
21645,10419889932,10419889971,1,"IOTHUB_CLIENT_CONFIRMATION_OK"
21646,10419890132,10419890169,1,"IOTHUB_CLIENT_CONFIRMATION_OK"
21647,10419890333,10419890383,1,"IOTHUB_CLIENT_CONFIRMATION_OK"
21648,10419890533,10419890604,1,"IOTHUB_CLIENT_CONFIRMATION_OK"
21649,10419890733,10419890767,1,"IOTHUB_CLIENT_CONFIRMATION_OK"
21650,10419890933,10419890968,1,"IOTHUB_CLIENT_CONFIRMATION_OK"
21651,10419891133,10419891252,1,"IOTHUB_CLIENT_CONFIRMATION_OK"
21652,10419891333,10419891389,1,"IOTHUB_CLIENT_CONFIRMATION_OK"
21653,10419891533,10419891566,1,"IOTHUB_CLIENT_CONFIRMATION_OK"
21654,10419891734,10419891787,1,"IOTHUB_CLIENT_CONFIRMATION_OK"
21655,10419891934,10419892032,1,"IOTHUB_CLIENT_CONFIRMATION_OK"
21656,10419892134,10419892209,1,"IOTHUB_CLIENT_CONFIRMATION_OK"
21657,10419892334,10419892385,1,"IOTHUB_CLIENT_CONFIRMATION_OK"
21658,10419892534,10419892595,1,"IOTHUB_CLIENT_CONFIRMATION_OK"
21659,10419892734,10419892774,1,"IOTHUB_CLIENT_CONFIRMATION_OK"
21660,10419892935,10419892977,1,"IOTHUB_CLIENT_CONFIRMATION_OK"
21661,10419893135,10419893168,1,"IOTHUB_CLIENT_CONFIRMATION_OK"
21662,10419893335,10419893426,1,"IOTHUB_CLIENT_CONFIRMATION_OK"
21663,10419893535,10419893569,1,"IOTHUB_CLIENT_CONFIRMATION_OK"
21664,10419893735,10419893770,1,"IOTHUB_CLIENT_CONFIRMATION_OK"
21665,10419893935,10419893993,1,"IOTHUB_CLIENT_CONFIRMATION_OK"
21666,10419894135,10419894170,1,"IOTHUB_CLIENT_CONFIRMATION_OK"
21667,10419894336,10419894391,1,"IOTHUB_CLIENT_CONFIRMATION_OK"
21668,10419894536,10419894577,1,"IOTHUB_CLIENT_CONFIRMATION_OK"
21669,10419894736,10419894770,1,"IOTHUB_CLIENT_CONFIRMATION_OK"
21670,10419894936,10419894973,1,"IOTHUB_CLIENT_CONFIRMATION_OK"
21671,10419895136,10419895180,1,"IOTHUB_CLIENT_CONFIRMATION_OK"
21672,10419895336,10419895375,1,"IOTHUB_CLIENT_CONFIRMATION_OK"
21673,10419895537,10419895648,1,"IOTHUB_CLIENT_CONFIRMATION_OK"
21674,10419895737,10419895770,1,"IOTHUB_CLIENT_CONFIRMATION_OK"
21675,10419895937,10419895971,1,"IOTHUB_CLIENT_CONFIRMATION_OK"
21676,10419896137,10419896280,1,"IOTHUB_CLIENT_CONFIRMATION_OK"
21677,10419896337,10419896378,1,"IOTHUB_CLIENT_CONFIRMATION_OK"
21678,10419896537,10419896582,1,"IOTHUB_CLIENT_CONFIRMATION_OK"
21679,10419896738,10419896776,1,"IOTHUB_CLIENT_CONFIRMATION_OK"
21680,10419896938,10419896976,1,"IOTHUB_CLIENT_CONFIRMATION_OK"
21681,10419897138,10419897575,1,"IOTHUB_CLIENT_CONFIRMATION_OK"
21682,10419897338,10419897613,1,"IOTHUB_CLIENT_CONFIRMATION_OK"
21683,10419897538,10419897778,1,"IOTHUB_CLIENT_CONFIRMATION_OK"
21684,10419897738,10419897816,1,"IOTHUB_CLIENT_CONFIRMATION_OK"
21685,10419897938,10419898512,1,"IOTHUB_CLIENT_CONFIRMATION_OK"
21686,10419898139,10419898577,1,"IOTHUB_CLIENT_CONFIRMATION_OK"
21687,10419898339,10419898653,1,"IOTHUB_CLIENT_CONFIRMATION_OK"
21688,10419898539,10419898806,1,"IOTHUB_CLIENT_CONFIRMATION_OK"
21689,10419898739,10419898865,1,"IOTHUB_CLIENT_CONFIRMATION_OK"
21690,10419898939,10419898982,1,"IOTHUB_CLIENT_CONFIRMATION_OK"
21691,10419899139,10419899176,1,"IOTHUB_CLIENT_CONFIRMATION_OK"
21692,10419899340,10419899373,1,"IOTHUB_CLIENT_CONFIRMATION_OK"
21693,10419899540,10419899590,1,"IOTHUB_CLIENT_CONFIRMATION_OK"
21694,10419899740,10419899769,1,"IOTHUB_CLIENT_CONFIRMATION_OK"
21695,10419899940,10419900031,1,"IOTHUB_CLIENT_CONFIRMATION_OK"
21696,10419900140,10419900178,1,"IOTHUB_CLIENT_CONFIRMATION_OK"
21697,10419900340,10419900393,1,"IOTHUB_CLIENT_CONFIRMATION_OK"
21698,10419900541,10419900622,1,"IOTHUB_CLIENT_CONFIRMATION_OK"
21699,10419900741,10419900788,1,"IOTHUB_CLIENT_CONFIRMATION_OK"
21700,10419900941,10419901003,1,"IOTHUB_CLIENT_CONFIRMATION_OK"
21701,10419901141,10419901188,1,"IOTHUB_CLIENT_CONFIRMATION_OK"
21702,10419901341,10419901390,1,"IOTHUB_CLIENT_CONFIRMATION_OK"
21703,10419901541,10419901607,1,"IOTHUB_CLIENT_CONFIRMATION_OK"
21704,10419901742,10419901804,1,"IOTHUB_CLIENT_CONFIRMATION_OK"
21705,10419901942,10419901974,1,"IOTHUB_CLIENT_CONFIRMATION_OK"
21706,10419902142,10419902180,1,"IOTHUB_CLIENT_CONFIRMATION_OK"
21707,10419902342,10419902376,1,"IOTHUB_CLIENT_CONFIRMATION_OK"
21708,10419902542,10419902620,1,"IOTHUB_CLIENT_CONFIRMATION_OK"
21709,10419902742,10419902798,1,"IOTHUB_CLIENT_CONFIRMATION_OK"
21710,10419902943,10419903049,1,"IOTHUB_CLIENT_CONFIRMATION_OK"
21711,10419903143,10419903183,1,"IOTHUB_CLIENT_CONFIRMATION_OK"
21712,10419903343,10419903381,1,"IOTHUB_CLIENT_CONFIRMATION_OK"
21713,10419903543,10419903595,1,"IOTHUB_CLIENT_CONFIRMATION_OK"
21714,10419903743,10419903778,1,"IOTHUB_CLIENT_CONFIRMATION_OK"
21715,10419903943,10419903988,1,"IOTHUB_CLIENT_CONFIRMATION_OK"
21716,10419904143,10419904181,1,"IOTHUB_CLIENT_CONFIRMATION_OK"
21717,10419904344,10419904399,1,"IOTHUB_CLIENT_CONFIRMATION_OK"
21718,10419904544,10419904579,1,"IOTHUB_CLIENT_CONFIRMATION_OK"
21719,10419904744,10419904881,1,"IOTHUB_CLIENT_CONFIRMATION_OK"
21720,10419904944,10419905072,1,"IOTHUB_CLIENT_CONFIRMATION_OK"
21721,10419905144,10419905193,1,"IOTHUB_CLIENT_CONFIRMATION_OK"
21722,10419905344,10419905381,1,"IOTHUB_CLIENT_CONFIRMATION_OK"
21723,10419905545,10419905691,1,"IOTHUB_CLIENT_CONFIRMATION_OK"
21724,10419905745,10419905882,1,"IOTHUB_CLIENT_CONFIRMATION_OK"
21725,10419905945,10419906000,1,"IOTHUB_CLIENT_CONFIRMATION_OK"
21726,10419906145,10419906180,1,"IOTHUB_CLIENT_CONFIRMATION_OK"
21727,10419906345,10419906502,1,"IOTHUB_CLIENT_CONFIRMATION_OK"
21728,10419906545,10419906576,1,"IOTHUB_CLIENT_CONFIRMATION_OK"
21729,10419906745,10419906778,1,"IOTHUB_CLIENT_CONFIRMATION_OK"
21730,10419906946,10419906987,1,"IOTHUB_CLIENT_CONFIRMATION_OK"
21731,10419907146,10419907182,1,"IOTHUB_CLIENT_CONFIRMATION_OK"
21732,10419907346,10419907400,1,"IOTHUB_CLIENT_CONFIRMATION_OK"
21733,10419907546,10419907583,1,"IOTHUB_CLIENT_CONFIRMATION_OK"
21734,10419907746,10419907779,1,"IOTHUB_CLIENT_CONFIRMATION_OK"
21735,10419907946,10419907981,1,"IOTHUB_CLIENT_CONFIRMATION_OK"
21736,10419908146,10419908185,1,"IOTHUB_CLIENT_CONFIRMATION_OK"
21737,10419908347,10419908385,1,"IOTHUB_CLIENT_CONFIRMATION_OK"
21738,10419908547,10419908579,1,"IOTHUB_CLIENT_CONFIRMATION_OK"
21739,10419908747,10419908790,1,"IOTHUB_CLIENT_CONFIRMATION_OK"
21740,10419908947,10419908980,1,"IOTHUB_CLIENT_CONFIRMATION_OK"
21741,10419909147,10419909328,1,"IOTHUB_CLIENT_CONFIRMATION_OK"
21742,10419909347,10419909437,1,"IOTHUB_CLIENT_CONFIRMATION_OK"
21743,10419909548,10419909603,1,"IOTHUB_CLIENT_CONFIRMATION_OK"
21744,10419909748,10419909810,1,"IOTHUB_CLIENT_CONFIRMATION_OK"
21745,10419909948,10419909979,1,"IOTHUB_CLIENT_CONFIRMATION_OK"
21746,10419910148,10419910200,1,"IOTHUB_CLIENT_CONFIRMATION_OK"
21747,10419910348,10419910378,1,"IOTHUB_CLIENT_CONFIRMATION_OK"
21748,10419910548,10419910601,1,"IOTHUB_CLIENT_CONFIRMATION_OK"
21749,10419910748,10419910823,1,"IOTHUB_CLIENT_CONFIRMATION_OK"
21750,10419910949,10419911018,1,"IOTHUB_CLIENT_CONFIRMATION_OK"
21751,10419911149,10419911180,1,"IOTHUB_CLIENT_CONFIRMATION_OK"
21752,10419911349,10419911380,1,"IOTHUB_CLIENT_CONFIRMATION_OK"
21753,10419911549,10419911599,1,"IOTHUB_CLIENT_CONFIRMATION_OK"
21754,10419911749,10419911867,1,"IOTHUB_CLIENT_CONFIRMATION_OK"
21755,10419911949,10419911993,1,"IOTHUB_CLIENT_CONFIRMATION_OK"
21756,10419912150,10419912188,1,"IOTHUB_CLIENT_CONFIRMATION_OK"
21757,10419912350,10419912383,1,"IOTHUB_CLIENT_CONFIRMATION_OK"
21758,10419912550,10419912647,1,"IOTHUB_CLIENT_CONFIRMATION_OK"
21759,10419912750,10419912789,1,"IOTHUB_CLIENT_CONFIRMATION_OK"
21760,10419912950,10419912981,1,"IOTHUB_CLIENT_CONFIRMATION_OK"
21761,10419913150,10419913250,1,"IOTHUB_CLIENT_CONFIRMATION_OK"
21762,10419913351,10419913426,1,"IOTHUB_CLIENT_CONFIRMATION_OK"
21763,10419913551,10419913597,1,"IOTHUB_CLIENT_CONFIRMATION_OK"
21764,10419913751,10419913790,1,"IOTHUB_CLIENT_CONFIRMATION_OK"
21765,10419913951,10419914001,1,"IOTHUB_CLIENT_CONFIRMATION_OK"
21766,10419914151,10419914198,1,"IOTHUB_CLIENT_CONFIRMATION_OK"
21767,10419914352,10419914391,1,"IOTHUB_CLIENT_CONFIRMATION_OK"
21768,10419914552,10419914589,1,"IOTHUB_CLIENT_CONFIRMATION_OK"
21769,10419914752,10419914881,1,"IOTHUB_CLIENT_CONFIRMATION_OK"
21770,10419914952,10419914987,1,"IOTHUB_CLIENT_CONFIRMATION_OK"
21771,10419915152,10419915195,1,"IOTHUB_CLIENT_CONFIRMATION_OK"
21772,10419915352,10419915401,1,"IOTHUB_CLIENT_CONFIRMATION_OK"
21773,10419915552,10419915693,1,"IOTHUB_CLIENT_CONFIRMATION_OK"
21774,10419915753,10419915799,1,"IOTHUB_CLIENT_CONFIRMATION_OK"
21775,10419915953,10419915992,1,"IOTHUB_CLIENT_CONFIRMATION_OK"
21776,10419916153,10419916183,1,"IOTHUB_CLIENT_CONFIRMATION_OK"
21777,10419916353,10419916509,1,"IOTHUB_CLIENT_CONFIRMATION_OK"
21778,10419916553,10419916584,1,"IOTHUB_CLIENT_CONFIRMATION_OK"
21779,10419916753,10419916785,1,"IOTHUB_CLIENT_CONFIRMATION_OK"
21780,10419916954,10419916986,1,"IOTHUB_CLIENT_CONFIRMATION_OK"
21781,10419917154,10419917187,1,"IOTHUB_CLIENT_CONFIRMATION_OK"
21782,10419917354,10419917391,1,"IOTHUB_CLIENT_CONFIRMATION_OK"
21783,10419917554,10419917592,1,"IOTHUB_CLIENT_CONFIRMATION_OK"
21784,10419917754,10419917788,1,"IOTHUB_CLIENT_CONFIRMATION_OK"
21785,10419917954,10419917996,1,"IOTHUB_CLIENT_CONFIRMATION_OK"
21786,10419918154,10419918186,1,"IOTHUB_CLIENT_CONFIRMATION_OK"
21787,10419918355,10419918390,1,"IOTHUB_CLIENT_CONFIRMATION_OK"
21788,10419918555,10419918621,1,"IOTHUB_CLIENT_CONFIRMATION_OK"
21789,10419918755,10419918797,1,"IOTHUB_CLIENT_CONFIRMATION_OK"
21790,10419918955,10419918990,1,"IOTHUB_CLIENT_CONFIRMATION_OK"
21791,10419919155,10419919206,1,"IOTHUB_CLIENT_CONFIRMATION_OK"
21792,10419919355,10419919440,1,"IOTHUB_CLIENT_CONFIRMATION_OK"
21793,10419919556,10419919673,1,"IOTHUB_CLIENT_CONFIRMATION_OK"
21794,10419919756,10419919803,1,"IOTHUB_CLIENT_CONFIRMATION_OK"
21795,10419919956,10419920009,1,"IOTHUB_CLIENT_CONFIRMATION_OK"
21796,10419920156,10419920191,1,"IOTHUB_CLIENT_CONFIRMATION_OK"
21797,10419920356,10419920386,1,"IOTHUB_CLIENT_CONFIRMATION_OK"
21798,10419920556,10419920606,1,"IOTHUB_CLIENT_CONFIRMATION_OK"
21799,10419920756,10419920787,1,"IOTHUB_CLIENT_CONFIRMATION_OK"
21800,10419920957,10419920996,1,"IOTHUB_CLIENT_CONFIRMATION_OK"
21801,10419921157,10419921194,1,"IOTHUB_CLIENT_CONFIRMATION_OK"
21802,10419921357,10419921390,1,"IOTHUB_CLIENT_CONFIRMATION_OK"
21803,10419921557,10419921613,1,"IOTHUB_CLIENT_CONFIRMATION_OK"
21804,10419921757,10419921816,1,"IOTHUB_CLIENT_CONFIRMATION_OK"
21805,10419921957,10419921999,1,"IOTHUB_CLIENT_CONFIRMATION_OK"
21806,10419922157,10419922221,1,"IOTHUB_CLIENT_CONFIRMATION_OK"
21807,10419922357,10419922423,1,"IOTHUB_CLIENT_CONFIRMATION_OK"
21808,10419922558,10419922639,1,"IOTHUB_CLIENT_CONFIRMATION_OK"
21809,10419922758,10419922803,1,"IOTHUB_CLIENT_CONFIRMATION_OK"
21810,10419922958,10419923006,1,"IOTHUB_CLIENT_CONFIRMATION_OK"
21811,10419923158,10419923192,1,"IOTHUB_CLIENT_CONFIRMATION_OK"
21812,10419923358,10419923395,1,"IOTHUB_CLIENT_CONFIRMATION_OK"
21813,10419923558,10419923590,1,"IOTHUB_CLIENT_CONFIRMATION_OK"
21814,10419923759,10419923800,1,"IOTHUB_CLIENT_CONFIRMATION_OK"
21815,10419923959,10419924005,1,"IOTHUB_CLIENT_CONFIRMATION_OK"
21816,10419924159,10419924197,1,"IOTHUB_CLIENT_CONFIRMATION_OK"
21817,10419924359,10419924397,1,"IOTHUB_CLIENT_CONFIRMATION_OK"
21818,10419924559,10419924594,1,"IOTHUB_CLIENT_CONFIRMATION_OK"
21819,10419924759,10419924853,1,"IOTHUB_CLIENT_CONFIRMATION_OK"
21820,10419924960,10419925008,1,"IOTHUB_CLIENT_CONFIRMATION_OK"
21821,10419925160,10419925205,1,"IOTHUB_CLIENT_CONFIRMATION_OK"
21822,10419925360,10419925416,1,"IOTHUB_CLIENT_CONFIRMATION_OK"
21823,10419925560,10419925678,1,"IOTHUB_CLIENT_CONFIRMATION_OK"
21824,10419925760,10419925800,1,"IOTHUB_CLIENT_CONFIRMATION_OK"
21825,10419925960,10419925993,1,"IOTHUB_CLIENT_CONFIRMATION_OK"
21826,10419926161,10419926226,1,"IOTHUB_CLIENT_CONFIRMATION_OK"
21827,10419926361,10419926429,1,"IOTHUB_CLIENT_CONFIRMATION_OK"
21828,10419926561,10419926592,1,"IOTHUB_CLIENT_CONFIRMATION_OK"
21829,10419926761,10419926791,1,"IOTHUB_CLIENT_CONFIRMATION_OK"
21830,10419926961,10419927074,1,"IOTHUB_CLIENT_CONFIRMATION_OK"
21831,10419927161,10419927211,1,"IOTHUB_CLIENT_CONFIRMATION_OK"
21832,10419927361,10419927398,1,"IOTHUB_CLIENT_CONFIRMATION_OK"
21833,10419927562,10419927610,1,"IOTHUB_CLIENT_CONFIRMATION_OK"
21834,10419927762,10419927796,1,"IOTHUB_CLIENT_CONFIRMATION_OK"
21835,10419927962,10419928020,1,"IOTHUB_CLIENT_CONFIRMATION_OK"
21836,10419928162,10419928208,1,"IOTHUB_CLIENT_CONFIRMATION_OK"
21837,10419928362,10419928419,1,"IOTHUB_CLIENT_CONFIRMATION_OK"
21838,10419928562,10419928731,1,"IOTHUB_CLIENT_CONFIRMATION_OK"
21839,10419928763,10419928797,1,"IOTHUB_CLIENT_CONFIRMATION_OK"
21840,10419928963,10419928996,1,"IOTHUB_CLIENT_CONFIRMATION_OK"
21841,10419929163,10419929199,1,"IOTHUB_CLIENT_CONFIRMATION_OK"
21842,10419929363,10419929393,1,"IOTHUB_CLIENT_CONFIRMATION_OK"
21843,10419929563,10419929602,1,"IOTHUB_CLIENT_CONFIRMATION_OK"
21844,10419929763,10419929795,1,"IOTHUB_CLIENT_CONFIRMATION_OK"
21845,10419929964,10419929992,1,"IOTHUB_CLIENT_CONFIRMATION_OK"
21846,10419930164,10419930231,1,"IOTHUB_CLIENT_CONFIRMATION_OK"
21847,10419930364,10419930428,1,"IOTHUB_CLIENT_CONFIRMATION_OK"
21848,10419930564,10419930596,1,"IOTHUB_CLIENT_CONFIRMATION_OK"
21849,10419930764,10419930799,1,"IOTHUB_CLIENT_CONFIRMATION_OK"
21850,10419930964,10419930996,1,"IOTHUB_CLIENT_CONFIRMATION_OK"
21851,10419931164,10419931196,1,"IOTHUB_CLIENT_CONFIRMATION_OK"
21852,10419931365,10419931399,1,"IOTHUB_CLIENT_CONFIRMATION_OK"
21853,10419931565,10419931599,1,"IOTHUB_CLIENT_CONFIRMATION_OK"
21854,10419931765,10419931813,1,"IOTHUB_CLIENT_CONFIRMATION_OK"
21855,10419931966,10419932003,1,"IOTHUB_CLIENT_CONFIRMATION_OK"
21856,10419932166,10419932209,1,"IOTHUB_CLIENT_CONFIRMATION_OK"
21857,10419932366,10419932409,1,"IOTHUB_CLIENT_CONFIRMATION_OK"
21858,10419932566,10419932629,1,"IOTHUB_CLIENT_CONFIRMATION_OK"
21859,10419932766,10419932802,1,"IOTHUB_CLIENT_CONFIRMATION_OK"
21860,10419932966,10419933002,1,"IOTHUB_CLIENT_CONFIRMATION_OK"
21861,10419933167,10419933207,1,"IOTHUB_CLIENT_CONFIRMATION_OK"
21862,10419933367,10419933397,1,"IOTHUB_CLIENT_CONFIRMATION_OK"
21863,10419933567,10419933610,1,"IOTHUB_CLIENT_CONFIRMATION_OK"
21864,10419933767,10419933829,1,"IOTHUB_CLIENT_CONFIRMATION_OK"
21865,10419933967,10419934042,1,"IOTHUB_CLIENT_CONFIRMATION_OK"
21866,10419934167,10419934201,1,"IOTHUB_CLIENT_CONFIRMATION_OK"
21867,10419934367,10419934478,1,"IOTHUB_CLIENT_CONFIRMATION_OK"
21868,10419934568,10419934612,1,"IOTHUB_CLIENT_CONFIRMATION_OK"
21869,10419934768,10419934916,1,"IOTHUB_CLIENT_CONFIRMATION_OK"
21870,10419934968,10419935015,1,"IOTHUB_CLIENT_CONFIRMATION_OK"
21871,10419935168,10419935210,1,"IOTHUB_CLIENT_CONFIRMATION_OK"
21872,10419935368,10419935411,1,"IOTHUB_CLIENT_CONFIRMATION_OK"
21873,10419935568,10419935623,1,"IOTHUB_CLIENT_CONFIRMATION_OK"
21874,10419935768,10419935801,1,"IOTHUB_CLIENT_CONFIRMATION_OK"
21875,10419935969,10419936019,1,"IOTHUB_CLIENT_CONFIRMATION_OK"
21876,10419936169,10419936208,1,"IOTHUB_CLIENT_CONFIRMATION_OK"
21877,10419936369,10419936403,1,"IOTHUB_CLIENT_CONFIRMATION_OK"
21878,10419936569,10419936649,1,"IOTHUB_CLIENT_CONFIRMATION_OK"
21879,10419936769,10419936822,1,"IOTHUB_CLIENT_CONFIRMATION_OK"
21880,10419936969,10419937016,1,"IOTHUB_CLIENT_CONFIRMATION_OK"
21881,10419937170,10419937203,1,"IOTHUB_CLIENT_CONFIRMATION_OK"
21882,10419937370,10419937402,1,"IOTHUB_CLIENT_CONFIRMATION_OK"
21883,10419937570,10419937603,1,"IOTHUB_CLIENT_CONFIRMATION_OK"
21884,10419937770,10419937933,1,"IOTHUB_CLIENT_CONFIRMATION_OK"
21885,10419937970,10419938005,1,"IOTHUB_CLIENT_CONFIRMATION_OK"
21886,10419938170,10419938257,1,"IOTHUB_CLIENT_CONFIRMATION_OK"
21887,10419938370,10419938401,1,"IOTHUB_CLIENT_CONFIRMATION_OK"
21888,10419938571,10419938613,1,"IOTHUB_CLIENT_CONFIRMATION_OK"
21889,10419938771,10419938841,1,"IOTHUB_CLIENT_CONFIRMATION_OK"
21890,10419938971,10419939007,1,"IOTHUB_CLIENT_CONFIRMATION_OK"
21891,10419939171,10419939229,1,"IOTHUB_CLIENT_CONFIRMATION_OK"
21892,10419939371,10419939410,1,"IOTHUB_CLIENT_CONFIRMATION_OK"
21893,10419939571,10419939647,1,"IOTHUB_CLIENT_CONFIRMATION_OK"
21894,10419939771,10419939818,1,"IOTHUB_CLIENT_CONFIRMATION_OK"
21895,10419939972,10419940009,1,"IOTHUB_CLIENT_CONFIRMATION_OK"
21896,10419940172,10419940221,1,"IOTHUB_CLIENT_CONFIRMATION_OK"
21897,10419940372,10419940404,1,"IOTHUB_CLIENT_CONFIRMATION_OK"
21898,10419940572,10419940608,1,"IOTHUB_CLIENT_CONFIRMATION_OK"
21899,10419940772,10419940804,1,"IOTHUB_CLIENT_CONFIRMATION_OK"
21900,10419940972,10419941026,1,"IOTHUB_CLIENT_CONFIRMATION_OK"
21901,10419941172,10419941231,1,"IOTHUB_CLIENT_CONFIRMATION_OK"
21902,10419941373,10419941407,1,"IOTHUB_CLIENT_CONFIRMATION_OK"
21903,10419941573,10419941619,1,"IOTHUB_CLIENT_CONFIRMATION_OK"
21904,10419941773,10419941829,1,"IOTHUB_CLIENT_CONFIRMATION_OK"
21905,10419941973,10419942014,1,"IOTHUB_CLIENT_CONFIRMATION_OK"
21906,10419942173,10419942209,1,"IOTHUB_CLIENT_CONFIRMATION_OK"
21907,10419942373,10419942417,1,"IOTHUB_CLIENT_CONFIRMATION_OK"
21908,10419942574,10419942603,1,"IOTHUB_CLIENT_CONFIRMATION_OK"
21909,10419942774,10419942805,1,"IOTHUB_CLIENT_CONFIRMATION_OK"
21910,10419942974,10419943007,1,"IOTHUB_CLIENT_CONFIRMATION_OK"
21911,10419943174,10419943242,1,"IOTHUB_CLIENT_CONFIRMATION_OK"
21912,10419943374,10419943413,1,"IOTHUB_CLIENT_CONFIRMATION_OK"
21913,10419943574,10419943609,1,"IOTHUB_CLIENT_CONFIRMATION_OK"
21914,10419943775,10419943809,1,"IOTHUB_CLIENT_CONFIRMATION_OK"
21915,10419943975,10419944063,1,"IOTHUB_CLIENT_CONFIRMATION_OK"
21916,10419944175,10419944209,1,"IOTHUB_CLIENT_CONFIRMATION_OK"
21917,10419944375,10419944410,1,"IOTHUB_CLIENT_CONFIRMATION_OK"
21918,10419944575,10419944639,1,"IOTHUB_CLIENT_CONFIRMATION_OK"
21919,10419944775,10419944871,1,"IOTHUB_CLIENT_CONFIRMATION_OK"
21920,10419944976,10419945006,1,"IOTHUB_CLIENT_CONFIRMATION_OK"
21921,10419945176,10419945210,1,"IOTHUB_CLIENT_CONFIRMATION_OK"
21922,10419945376,10419945414,1,"IOTHUB_CLIENT_CONFIRMATION_OK"
21923,10419945576,10419945608,1,"IOTHUB_CLIENT_CONFIRMATION_OK"
21924,10419945776,10419945815,1,"IOTHUB_CLIENT_CONFIRMATION_OK"
21925,10419945976,10419946026,1,"IOTHUB_CLIENT_CONFIRMATION_OK"
21926,10419946176,10419946254,1,"IOTHUB_CLIENT_CONFIRMATION_OK"
21927,10419946377,10419946415,1,"IOTHUB_CLIENT_CONFIRMATION_OK"
21928,10419946577,10419946648,1,"IOTHUB_CLIENT_CONFIRMATION_OK"
21929,10419946777,10419946874,1,"IOTHUB_CLIENT_CONFIRMATION_OK"
21930,10419946977,10419947091,1,"IOTHUB_CLIENT_CONFIRMATION_OK"
21931,10419947177,10419947213,1,"IOTHUB_CLIENT_CONFIRMATION_OK"
21932,10419947377,10419947418,1,"IOTHUB_CLIENT_CONFIRMATION_OK"
21933,10419947578,10419947643,1,"IOTHUB_CLIENT_CONFIRMATION_OK"
21934,10419947778,10419947810,1,"IOTHUB_CLIENT_CONFIRMATION_OK"
21935,10419947978,10419948018,1,"IOTHUB_CLIENT_CONFIRMATION_OK"
21936,10419948178,10419948209,1,"IOTHUB_CLIENT_CONFIRMATION_OK"
21937,10419948378,10419948436,1,"IOTHUB_CLIENT_CONFIRMATION_OK"
21938,10419948578,10419948612,1,"IOTHUB_CLIENT_CONFIRMATION_OK"
21939,10419948778,10419948811,1,"IOTHUB_CLIENT_CONFIRMATION_OK"
21940,10419948979,10419949010,1,"IOTHUB_CLIENT_CONFIRMATION_OK"
21941,10419949179,10419949233,1,"IOTHUB_CLIENT_CONFIRMATION_OK"
21942,10419949379,10419949416,1,"IOTHUB_CLIENT_CONFIRMATION_OK"
21943,10419949579,10419949625,1,"IOTHUB_CLIENT_CONFIRMATION_OK"
21944,10419949779,10419949814,1,"IOTHUB_CLIENT_CONFIRMATION_OK"
21945,10419949979,10419950015,1,"IOTHUB_CLIENT_CONFIRMATION_OK"
21946,10419950180,10419950228,1,"IOTHUB_CLIENT_CONFIRMATION_OK"
21947,10419950380,10419950422,1,"IOTHUB_CLIENT_CONFIRMATION_OK"
21948,10419950580,10419950635,1,"IOTHUB_CLIENT_CONFIRMATION_OK"
21949,10419950780,10419950810,1,"IOTHUB_CLIENT_CONFIRMATION_OK"
21950,10419950980,10419951029,1,"IOTHUB_CLIENT_CONFIRMATION_OK"
21951,10419951180,10419951214,1,"IOTHUB_CLIENT_CONFIRMATION_OK"
21952,10419951380,10419951412,1,"IOTHUB_CLIENT_CONFIRMATION_OK"
21953,10419951581,10419951616,1,"IOTHUB_CLIENT_CONFIRMATION_OK"
21954,10419951781,10419951810,1,"IOTHUB_CLIENT_CONFIRMATION_OK"
21955,10419951981,10419952023,1,"IOTHUB_CLIENT_CONFIRMATION_OK"
21956,10419952181,10419952213,1,"IOTHUB_CLIENT_CONFIRMATION_OK"
21957,10419952381,10419952484,1,"IOTHUB_CLIENT_CONFIRMATION_OK"
21958,10419952581,10419952649,1,"IOTHUB_CLIENT_CONFIRMATION_OK"
21959,10419952781,10419952834,1,"IOTHUB_CLIENT_CONFIRMATION_OK"
21960,10419952982,10419953039,1,"IOTHUB_CLIENT_CONFIRMATION_OK"
21961,10419953182,10419953312,1,"IOTHUB_CLIENT_CONFIRMATION_OK"
21962,10419953382,10419953420,1,"IOTHUB_CLIENT_CONFIRMATION_OK"
21963,10419953582,10419953636,1,"IOTHUB_CLIENT_CONFIRMATION_OK"
21964,10419953782,10419953815,1,"IOTHUB_CLIENT_CONFIRMATION_OK"
21965,10419953982,10419954087,1,"IOTHUB_CLIENT_CONFIRMATION_OK"
21966,10419954183,10419954215,1,"IOTHUB_CLIENT_CONFIRMATION_OK"
21967,10419954383,10419954421,1,"IOTHUB_CLIENT_CONFIRMATION_OK"
21968,10419954583,10419954613,1,"IOTHUB_CLIENT_CONFIRMATION_OK"
21969,10419954783,10419954819,1,"IOTHUB_CLIENT_CONFIRMATION_OK"
21970,10419954983,10419955018,1,"IOTHUB_CLIENT_CONFIRMATION_OK"
21971,10419955183,10419955224,1,"IOTHUB_CLIENT_CONFIRMATION_OK"
21972,10419955384,10419955433,1,"IOTHUB_CLIENT_CONFIRMATION_OK"
21973,10419955584,10419955641,1,"IOTHUB_CLIENT_CONFIRMATION_OK"
21974,10419955784,10419955825,1,"IOTHUB_CLIENT_CONFIRMATION_OK"
21975,10419955984,10419956035,1,"IOTHUB_CLIENT_CONFIRMATION_OK"
21976,10419956184,10419956382,1,"IOTHUB_CLIENT_CONFIRMATION_OK"
21977,10419956384,10419956416,1,"IOTHUB_CLIENT_CONFIRMATION_OK"
21978,10419956584,10419956620,1,"IOTHUB_CLIENT_CONFIRMATION_OK"
21979,10419956785,10419956819,1,"IOTHUB_CLIENT_CONFIRMATION_OK"
21980,10419956985,10419957016,1,"IOTHUB_CLIENT_CONFIRMATION_OK"
21981,10419957185,10419957223,1,"IOTHUB_CLIENT_CONFIRMATION_OK"
21982,10419957385,10419957429,1,"IOTHUB_CLIENT_CONFIRMATION_OK"
21983,10419957585,10419957625,1,"IOTHUB_CLIENT_CONFIRMATION_OK"
21984,10419957785,10419957888,1,"IOTHUB_CLIENT_CONFIRMATION_OK"
21985,10419957985,10419958038,1,"IOTHUB_CLIENT_CONFIRMATION_OK"
21986,10419958186,10419958216,1,"IOTHUB_CLIENT_CONFIRMATION_OK"
21987,10419958386,10419958428,1,"IOTHUB_CLIENT_CONFIRMATION_OK"
21988,10419958586,10419958658,1,"IOTHUB_CLIENT_CONFIRMATION_OK"
21989,10419958786,10419958818,1,"IOTHUB_CLIENT_CONFIRMATION_OK"
21990,10419958986,10419959022,1,"IOTHUB_CLIENT_CONFIRMATION_OK"
21991,10419959186,10419959219,1,"IOTHUB_CLIENT_CONFIRMATION_OK"
21992,10419959387,10419959711,1,"IOTHUB_CLIENT_CONFIRMATION_OK"
21993,10419959587,10419959768,1,"IOTHUB_CLIENT_CONFIRMATION_OK"
21994,10419959787,10419959834,1,"IOTHUB_CLIENT_CONFIRMATION_OK"
21995,10419959987,10419960030,1,"IOTHUB_CLIENT_CONFIRMATION_OK"
21996,10419960187,10419960219,1,"IOTHUB_CLIENT_CONFIRMATION_OK"
21997,10419960388,10419960428,1,"IOTHUB_CLIENT_CONFIRMATION_OK"
21998,10419960588,10419960630,1,"IOTHUB_CLIENT_CONFIRMATION_OK"
21999,10419960788,10419960859,1,"IOTHUB_CLIENT_CONFIRMATION_OK"
22000,10419960988,10419961020,1,"IOTHUB_CLIENT_CONFIRMATION_OK"
22001,10419961188,10419961220,1,"IOTHUB_CLIENT_CONFIRMATION_OK"
22002,10419961388,10419961427,1,"IOTHUB_CLIENT_CONFIRMATION_OK"
22003,10419961589,10419961695,1,"IOTHUB_CLIENT_CONFIRMATION_OK"
22004,10419961789,10419961877,1,"IOTHUB_CLIENT_CONFIRMATION_OK"
22005,10419961989,10419962026,1,"IOTHUB_CLIENT_CONFIRMATION_OK"
22006,10419962189,10419962222,1,"IOTHUB_CLIENT_CONFIRMATION_OK"
22007,10419962389,10419962515,1,"IOTHUB_CLIENT_CONFIRMATION_OK"
22008,10419962589,10419962629,1,"IOTHUB_CLIENT_CONFIRMATION_OK"
22009,10419962789,10419962826,1,"IOTHUB_CLIENT_CONFIRMATION_OK"
22010,10419962990,10419963069,1,"IOTHUB_CLIENT_CONFIRMATION_OK"
22011,10419963190,10419963220,1,"IOTHUB_CLIENT_CONFIRMATION_OK"
22012,10419963390,10419963423,1,"IOTHUB_CLIENT_CONFIRMATION_OK"
22013,10419963590,10419963626,1,"IOTHUB_CLIENT_CONFIRMATION_OK"
22014,10419963790,10419963825,1,"IOTHUB_CLIENT_CONFIRMATION_OK"
22015,10419963990,10419964028,1,"IOTHUB_CLIENT_CONFIRMATION_OK"
22016,10419964191,10419964226,1,"IOTHUB_CLIENT_CONFIRMATION_OK"
22017,10419964391,10419964424,1,"IOTHUB_CLIENT_CONFIRMATION_OK"
22018,10419964591,10419964634,1,"IOTHUB_CLIENT_CONFIRMATION_OK"
22019,10419964791,10419964834,1,"IOTHUB_CLIENT_CONFIRMATION_OK"
22020,10419964991,10419965025,1,"IOTHUB_CLIENT_CONFIRMATION_OK"
22021,10419965191,10419965251,1,"IOTHUB_CLIENT_CONFIRMATION_OK"
22022,10419965391,10419965557,1,"IOTHUB_CLIENT_CONFIRMATION_OK"
22023,10419965592,10419965635,1,"IOTHUB_CLIENT_CONFIRMATION_OK"
22024,10419965792,10419965852,1,"IOTHUB_CLIENT_CONFIRMATION_OK"
22025,10419965992,10419966024,1,"IOTHUB_CLIENT_CONFIRMATION_OK"
22026,10419966192,10419966427,1,"IOTHUB_CLIENT_CONFIRMATION_OK"
22027,10419966392,10419966449,1,"IOTHUB_CLIENT_CONFIRMATION_OK"
22028,10419966592,10419966623,1,"IOTHUB_CLIENT_CONFIRMATION_OK"
22029,10419966792,10419966830,1,"IOTHUB_CLIENT_CONFIRMATION_OK"
22030,10419966993,10419967055,1,"IOTHUB_CLIENT_CONFIRMATION_OK"
22031,10419967193,10419967227,1,"IOTHUB_CLIENT_CONFIRMATION_OK"
22032,10419967393,10419967422,1,"IOTHUB_CLIENT_CONFIRMATION_OK"
22033,10419967593,10419967629,1,"IOTHUB_CLIENT_CONFIRMATION_OK"
22034,10419967793,10419967859,1,"IOTHUB_CLIENT_CONFIRMATION_OK"
22035,10419967993,10419968034,1,"IOTHUB_CLIENT_CONFIRMATION_OK"
22036,10419968193,10419968264,1,"IOTHUB_CLIENT_CONFIRMATION_OK"
22037,10419968394,10419968462,1,"IOTHUB_CLIENT_CONFIRMATION_OK"
22038,10419968594,10419968685,1,"IOTHUB_CLIENT_CONFIRMATION_OK"
22039,10419968794,10419968837,1,"IOTHUB_CLIENT_CONFIRMATION_OK"
22040,10419968994,10419969041,1,"IOTHUB_CLIENT_CONFIRMATION_OK"
22041,10419969194,10419969245,1,"IOTHUB_CLIENT_CONFIRMATION_OK"
22042,10419969394,10419969428,1,"IOTHUB_CLIENT_CONFIRMATION_OK"
22043,10419969595,10419969629,1,"IOTHUB_CLIENT_CONFIRMATION_OK"
22044,10419969795,10419969873,1,"IOTHUB_CLIENT_CONFIRMATION_OK"
22045,10419969995,10419970035,1,"IOTHUB_CLIENT_CONFIRMATION_OK"
22046,10419970195,10419970227,1,"IOTHUB_CLIENT_CONFIRMATION_OK"
22047,10419970395,10419970426,1,"IOTHUB_CLIENT_CONFIRMATION_OK"
22048,10419970595,10419970638,1,"IOTHUB_CLIENT_CONFIRMATION_OK"
22049,10419970796,10419970951,1,"IOTHUB_CLIENT_CONFIRMATION_OK"
22050,10419970996,10419971043,1,"IOTHUB_CLIENT_CONFIRMATION_OK"
22051,10419971196,10419971262,1,"IOTHUB_CLIENT_CONFIRMATION_OK"
22052,10419971396,10419971431,1,"IOTHUB_CLIENT_CONFIRMATION_OK"
22053,10419971596,10419971764,1,"IOTHUB_CLIENT_CONFIRMATION_OK"
22054,10419971796,10419971840,1,"IOTHUB_CLIENT_CONFIRMATION_OK"
22055,10419971996,10419972230,1,"IOTHUB_CLIENT_CONFIRMATION_OK"
22056,10419972197,10419972382,1,"IOTHUB_CLIENT_CONFIRMATION_OK"
22057,10419972397,10419972452,1,"IOTHUB_CLIENT_CONFIRMATION_OK"
22058,10419972597,10419972629,1,"IOTHUB_CLIENT_CONFIRMATION_OK"
22059,10419972797,10419972982,1,"IOTHUB_CLIENT_CONFIRMATION_OK"
22060,10419972997,10419973064,1,"IOTHUB_CLIENT_CONFIRMATION_OK"
22061,10419973197,10419973299,1,"IOTHUB_CLIENT_CONFIRMATION_OK"
22062,10419973397,10419973430,1,"IOTHUB_CLIENT_CONFIRMATION_OK"
22063,10419973598,10419973643,1,"IOTHUB_CLIENT_CONFIRMATION_OK"
22064,10419973798,10419973828,1,"IOTHUB_CLIENT_CONFIRMATION_OK"
22065,10419973998,10419974040,1,"IOTHUB_CLIENT_CONFIRMATION_OK"
22066,10419974198,10419974289,1,"IOTHUB_CLIENT_CONFIRMATION_OK"
22067,10419974398,10419974432,1,"IOTHUB_CLIENT_CONFIRMATION_OK"
22068,10419974598,10419974639,1,"IOTHUB_CLIENT_CONFIRMATION_OK"
22069,10419974799,10419974925,1,"IOTHUB_CLIENT_CONFIRMATION_OK"
22070,10419974999,10419975122,1,"IOTHUB_CLIENT_CONFIRMATION_OK"
22071,10419975199,10419975283,1,"IOTHUB_CLIENT_CONFIRMATION_OK"
22072,10419975399,10419975439,1,"IOTHUB_CLIENT_CONFIRMATION_OK"
22073,10419975599,10419975653,1,"IOTHUB_CLIENT_CONFIRMATION_OK"
22074,10419975799,10419975832,1,"IOTHUB_CLIENT_CONFIRMATION_OK"
22075,10419975999,10419976030,1,"IOTHUB_CLIENT_CONFIRMATION_OK"
22076,10419976200,10419976242,1,"IOTHUB_CLIENT_CONFIRMATION_OK"
22077,10419976400,10419976433,1,"IOTHUB_CLIENT_CONFIRMATION_OK"
22078,10419976600,10419976631,1,"IOTHUB_CLIENT_CONFIRMATION_OK"
22079,10419976800,10419976831,1,"IOTHUB_CLIENT_CONFIRMATION_OK"
22080,10419977000,10419977083,1,"IOTHUB_CLIENT_CONFIRMATION_OK"
22081,10419977201,10419977239,1,"IOTHUB_CLIENT_CONFIRMATION_OK"
22082,10419977401,10419977464,1,"IOTHUB_CLIENT_CONFIRMATION_OK"
22083,10419977601,10419977644,1,"IOTHUB_CLIENT_CONFIRMATION_OK"
22084,10419977801,10419977926,1,"IOTHUB_CLIENT_CONFIRMATION_OK"
22085,10419978001,10419978042,1,"IOTHUB_CLIENT_CONFIRMATION_OK"
22086,10419978201,10419978231,1,"IOTHUB_CLIENT_CONFIRMATION_OK"
22087,10419978402,10419978435,1,"IOTHUB_CLIENT_CONFIRMATION_OK"
22088,10419978602,10419978636,1,"IOTHUB_CLIENT_CONFIRMATION_OK"
22089,10419978802,10419978833,1,"IOTHUB_CLIENT_CONFIRMATION_OK"
22090,10419979002,10419979049,1,"IOTHUB_CLIENT_CONFIRMATION_OK"
22091,10419979202,10419979285,1,"IOTHUB_CLIENT_CONFIRMATION_OK"
22092,10419979402,10419979441,1,"IOTHUB_CLIENT_CONFIRMATION_OK"
22093,10419979602,10419979650,1,"IOTHUB_CLIENT_CONFIRMATION_OK"
22094,10419979803,10419979863,1,"IOTHUB_CLIENT_CONFIRMATION_OK"
22095,10419980003,10419980104,1,"IOTHUB_CLIENT_CONFIRMATION_OK"
22096,10419980203,10419980338,1,"IOTHUB_CLIENT_CONFIRMATION_OK"
22097,10419980403,10419980437,1,"IOTHUB_CLIENT_CONFIRMATION_OK"
22098,10419980603,10419980649,1,"IOTHUB_CLIENT_CONFIRMATION_OK"
22099,10419980803,10419980928,1,"IOTHUB_CLIENT_CONFIRMATION_OK"
22100,10419981004,10419981044,1,"IOTHUB_CLIENT_CONFIRMATION_OK"
22101,10419981204,10419981240,1,"IOTHUB_CLIENT_CONFIRMATION_OK"
22102,10419981404,10419981446,1,"IOTHUB_CLIENT_CONFIRMATION_OK"
22103,10419981604,10419981763,1,"IOTHUB_CLIENT_CONFIRMATION_OK"
22104,10419981804,10419981894,1,"IOTHUB_CLIENT_CONFIRMATION_OK"
22105,10419982004,10419982048,1,"IOTHUB_CLIENT_CONFIRMATION_OK"
22106,10419982205,10419982236,1,"IOTHUB_CLIENT_CONFIRMATION_OK"
22107,10419982405,10419982434,1,"IOTHUB_CLIENT_CONFIRMATION_OK"
22108,10419982605,10419982656,1,"IOTHUB_CLIENT_CONFIRMATION_OK"
22109,10419982805,10419982842,1,"IOTHUB_CLIENT_CONFIRMATION_OK"
22110,10419983005,10419983065,1,"IOTHUB_CLIENT_CONFIRMATION_OK"
22111,10419983205,10419983238,1,"IOTHUB_CLIENT_CONFIRMATION_OK"
22112,10419983405,10419983439,1,"IOTHUB_CLIENT_CONFIRMATION_OK"
22113,10419983606,10419983647,1,"IOTHUB_CLIENT_CONFIRMATION_OK"
22114,10419983806,10419983838,1,"IOTHUB_CLIENT_CONFIRMATION_OK"
22115,10419984006,10419984040,1,"IOTHUB_CLIENT_CONFIRMATION_OK"
22116,10419984206,10419984238,1,"IOTHUB_CLIENT_CONFIRMATION_OK"
22117,10419984406,10419984440,1,"IOTHUB_CLIENT_CONFIRMATION_OK"
22118,10419984606,10419984799,1,"IOTHUB_CLIENT_CONFIRMATION_OK"
22119,10419984807,10419984844,1,"IOTHUB_CLIENT_CONFIRMATION_OK"
22120,10419985007,10419985041,1,"IOTHUB_CLIENT_CONFIRMATION_OK"
22121,10419985207,10419985251,1,"IOTHUB_CLIENT_CONFIRMATION_OK"
22122,10419985407,10419985441,1,"IOTHUB_CLIENT_CONFIRMATION_OK"
22123,10419985607,10419985644,1,"IOTHUB_CLIENT_CONFIRMATION_OK"
22124,10419985807,10419985843,1,"IOTHUB_CLIENT_CONFIRMATION_OK"
22125,10419986007,10419986042,1,"IOTHUB_CLIENT_CONFIRMATION_OK"
22126,10419986208,10419986244,1,"IOTHUB_CLIENT_CONFIRMATION_OK"
22127,10419986408,10419986513,1,"IOTHUB_CLIENT_CONFIRMATION_OK"
22128,10419986608,10419986648,1,"IOTHUB_CLIENT_CONFIRMATION_OK"
22129,10419986808,10419986860,1,"IOTHUB_CLIENT_CONFIRMATION_OK"
22130,10419987008,10419987043,1,"IOTHUB_CLIENT_CONFIRMATION_OK"
22131,10419987208,10419987240,1,"IOTHUB_CLIENT_CONFIRMATION_OK"
22132,10419987409,10419987443,1,"IOTHUB_CLIENT_CONFIRMATION_OK"
22133,10419987609,10419987647,1,"IOTHUB_CLIENT_CONFIRMATION_OK"
22134,10419987809,10419987865,1,"IOTHUB_CLIENT_CONFIRMATION_OK"
22135,10419988009,10419988043,1,"IOTHUB_CLIENT_CONFIRMATION_OK"
22136,10419988209,10419988248,1,"IOTHUB_CLIENT_CONFIRMATION_OK"
22137,10419988409,10419988469,1,"IOTHUB_CLIENT_CONFIRMATION_OK"
22138,10419988609,10419988695,1,"IOTHUB_CLIENT_CONFIRMATION_OK"
22139,10419988810,10419988840,1,"IOTHUB_CLIENT_CONFIRMATION_OK"
22140,10419989010,10419989052,1,"IOTHUB_CLIENT_CONFIRMATION_OK"
22141,10419989210,10419989262,1,"IOTHUB_CLIENT_CONFIRMATION_OK"
22142,10419989410,10419989457,1,"IOTHUB_CLIENT_CONFIRMATION_OK"
22143,10419989610,10419989670,1,"IOTHUB_CLIENT_CONFIRMATION_OK"
22144,10419989810,10419989859,1,"IOTHUB_CLIENT_CONFIRMATION_OK"
22145,10419990011,10419990075,1,"IOTHUB_CLIENT_CONFIRMATION_OK"
22146,10419990211,10419990314,1,"IOTHUB_CLIENT_CONFIRMATION_OK"
22147,10419990411,10419990471,1,"IOTHUB_CLIENT_CONFIRMATION_OK"
22148,10419990611,10419990704,1,"IOTHUB_CLIENT_CONFIRMATION_OK"
22149,10419990811,10419990904,1,"IOTHUB_CLIENT_CONFIRMATION_OK"
22150,10419991011,10419991046,1,"IOTHUB_CLIENT_CONFIRMATION_OK"
22151,10419991211,10419991273,1,"IOTHUB_CLIENT_CONFIRMATION_OK"
22152,10419991412,10419991454,1,"IOTHUB_CLIENT_CONFIRMATION_OK"
22153,10419991612,10419991702,1,"IOTHUB_CLIENT_CONFIRMATION_OK"
22154,10419991812,10419991849,1,"IOTHUB_CLIENT_CONFIRMATION_OK"
22155,10419992012,10419992050,1,"IOTHUB_CLIENT_CONFIRMATION_OK"
22156,10419992212,10419992321,1,"IOTHUB_CLIENT_CONFIRMATION_OK"
22157,10419992412,10419992539,1,"IOTHUB_CLIENT_CONFIRMATION_OK"
22158,10419992613,10419992659,1,"IOTHUB_CLIENT_CONFIRMATION_OK"
22159,10419992813,10419992849,1,"IOTHUB_CLIENT_CONFIRMATION_OK"
22160,10419993013,10419993052,1,"IOTHUB_CLIENT_CONFIRMATION_OK"
22161,10419993213,10419993246,1,"IOTHUB_CLIENT_CONFIRMATION_OK"
22162,10419993413,10419993452,1,"IOTHUB_CLIENT_CONFIRMATION_OK"
22163,10419993614,10419993655,1,"IOTHUB_CLIENT_CONFIRMATION_OK"
22164,10419993814,10419993850,1,"IOTHUB_CLIENT_CONFIRMATION_OK"
22165,10419994014,10419994045,1,"IOTHUB_CLIENT_CONFIRMATION_OK"
22166,10419994214,10419994246,1,"IOTHUB_CLIENT_CONFIRMATION_OK"
22167,10419994414,10419994459,1,"IOTHUB_CLIENT_CONFIRMATION_OK"
22168,10419994614,10419994775,1,"IOTHUB_CLIENT_CONFIRMATION_OK"
22169,10419994815,10419994857,1,"IOTHUB_CLIENT_CONFIRMATION_OK"
22170,10419995015,10419995062,1,"IOTHUB_CLIENT_CONFIRMATION_OK"
22171,10419995215,10419995248,1,"IOTHUB_CLIENT_CONFIRMATION_OK"
22172,10419995415,10419995595,1,"IOTHUB_CLIENT_CONFIRMATION_OK"
22173,10419995615,10419995655,1,"IOTHUB_CLIENT_CONFIRMATION_OK"
22174,10419995815,10419995848,1,"IOTHUB_CLIENT_CONFIRMATION_OK"
22175,10419996016,10419996057,1,"IOTHUB_CLIENT_CONFIRMATION_OK"
22176,10419996216,10419996255,1,"IOTHUB_CLIENT_CONFIRMATION_OK"
22177,10419996416,10419996477,1,"IOTHUB_CLIENT_CONFIRMATION_OK"
22178,10419996616,10419996666,1,"IOTHUB_CLIENT_CONFIRMATION_OK"
22179,10419996816,10419996851,1,"IOTHUB_CLIENT_CONFIRMATION_OK"
22180,10419997016,10419997060,1,"IOTHUB_CLIENT_CONFIRMATION_OK"
22181,10419997216,10419997266,1,"IOTHUB_CLIENT_CONFIRMATION_OK"
22182,10419997417,10419997452,1,"IOTHUB_CLIENT_CONFIRMATION_OK"
22183,10419997617,10419997647,1,"IOTHUB_CLIENT_CONFIRMATION_OK"
22184,10419997817,10419997864,1,"IOTHUB_CLIENT_CONFIRMATION_OK"
22185,10419998017,10419998055,1,"IOTHUB_CLIENT_CONFIRMATION_OK"
22186,10419998217,10419998253,1,"IOTHUB_CLIENT_CONFIRMATION_OK"
22187,10419998417,10419998489,1,"IOTHUB_CLIENT_CONFIRMATION_OK"
22188,10419998618,10419998660,1,"IOTHUB_CLIENT_CONFIRMATION_OK"
22189,10419998818,10419998851,1,"IOTHUB_CLIENT_CONFIRMATION_OK"
22190,10419999018,10419999050,1,"IOTHUB_CLIENT_CONFIRMATION_OK"
22191,10419999218,10419999249,1,"IOTHUB_CLIENT_CONFIRMATION_OK"
22192,10419999418,10419999474,1,"IOTHUB_CLIENT_CONFIRMATION_OK"
22193,10419999618,10419999647,1,"IOTHUB_CLIENT_CONFIRMATION_OK"
22194,10419999818,10419999852,1,"IOTHUB_CLIENT_CONFIRMATION_OK"
22195,10420000019,10420000094,1,"IOTHUB_CLIENT_CONFIRMATION_OK"
22196,10420000219,10420000263,1,"IOTHUB_CLIENT_CONFIRMATION_OK"
22197,10420000419,10420000535,1,"IOTHUB_CLIENT_CONFIRMATION_OK"
22198,10420000619,10420000654,1,"IOTHUB_CLIENT_CONFIRMATION_OK"
22199,10420000819,10420000884,1,"IOTHUB_CLIENT_CONFIRMATION_OK"
22200,10420001019,10420001058,1,"IOTHUB_CLIENT_CONFIRMATION_OK"
22201,10420001220,10420001250,1,"IOTHUB_CLIENT_CONFIRMATION_OK"
22202,10420001420,10420001473,1,"IOTHUB_CLIENT_CONFIRMATION_OK"
22203,10420001620,10420001705,1,"IOTHUB_CLIENT_CONFIRMATION_OK"
22204,10420001820,10420001875,1,"IOTHUB_CLIENT_CONFIRMATION_OK"
22205,10420002020,10420002053,1,"IOTHUB_CLIENT_CONFIRMATION_OK"
22206,10420002220,10420002257,1,"IOTHUB_CLIENT_CONFIRMATION_OK"
22207,10420002421,10420002507,1,"IOTHUB_CLIENT_CONFIRMATION_OK"
22208,10420002621,10420002652,1,"IOTHUB_CLIENT_CONFIRMATION_OK"
22209,10420002821,10420002854,1,"IOTHUB_CLIENT_CONFIRMATION_OK"
22210,10420003021,10420003064,1,"IOTHUB_CLIENT_CONFIRMATION_OK"
22211,10420003221,10420003269,1,"IOTHUB_CLIENT_CONFIRMATION_OK"
22212,10420003421,10420003454,1,"IOTHUB_CLIENT_CONFIRMATION_OK"
22213,10420003622,10420003656,1,"IOTHUB_CLIENT_CONFIRMATION_OK"
22214,10420003822,10420003859,1,"IOTHUB_CLIENT_CONFIRMATION_OK"
22215,10420004022,10420004056,1,"IOTHUB_CLIENT_CONFIRMATION_OK"
22216,10420004222,10420004254,1,"IOTHUB_CLIENT_CONFIRMATION_OK"
22217,10420004422,10420004460,1,"IOTHUB_CLIENT_CONFIRMATION_OK"
22218,10420004622,10420004764,1,"IOTHUB_CLIENT_CONFIRMATION_OK"
22219,10420004822,10420004866,1,"IOTHUB_CLIENT_CONFIRMATION_OK"
22220,10420005023,10420005058,1,"IOTHUB_CLIENT_CONFIRMATION_OK"
22221,10420005223,10420005254,1,"IOTHUB_CLIENT_CONFIRMATION_OK"
22222,10420005423,10420005594,1,"IOTHUB_CLIENT_CONFIRMATION_OK"
22223,10420005623,10420005681,1,"IOTHUB_CLIENT_CONFIRMATION_OK"
22224,10420005823,10420005856,1,"IOTHUB_CLIENT_CONFIRMATION_OK"
22225,10420006023,10420006066,1,"IOTHUB_CLIENT_CONFIRMATION_OK"
22226,10420006224,10420006439,1,"IOTHUB_CLIENT_CONFIRMATION_OK"
22227,10420006424,10420006548,1,"IOTHUB_CLIENT_CONFIRMATION_OK"
22228,10420006624,10420006671,1,"IOTHUB_CLIENT_CONFIRMATION_OK"
22229,10420006824,10420006854,1,"IOTHUB_CLIENT_CONFIRMATION_OK"
22230,10420007024,10420007059,1,"IOTHUB_CLIENT_CONFIRMATION_OK"
22231,10420007224,10420007299,1,"IOTHUB_CLIENT_CONFIRMATION_OK"
22232,10420007425,10420007462,1,"IOTHUB_CLIENT_CONFIRMATION_OK"
22233,10420007625,10420007660,1,"IOTHUB_CLIENT_CONFIRMATION_OK"
22234,10420007825,10420007875,1,"IOTHUB_CLIENT_CONFIRMATION_OK"
22235,10420008025,10420008056,1,"IOTHUB_CLIENT_CONFIRMATION_OK"
22236,10420008225,10420008264,1,"IOTHUB_CLIENT_CONFIRMATION_OK"
22237,10420008425,10420008456,1,"IOTHUB_CLIENT_CONFIRMATION_OK"
22238,10420008626,10420008664,1,"IOTHUB_CLIENT_CONFIRMATION_OK"
22239,10420008826,10420008871,1,"IOTHUB_CLIENT_CONFIRMATION_OK"
22240,10420009026,10420009064,1,"IOTHUB_CLIENT_CONFIRMATION_OK"
22241,10420009226,10420009269,1,"IOTHUB_CLIENT_CONFIRMATION_OK"
22242,10420009426,10420009461,1,"IOTHUB_CLIENT_CONFIRMATION_OK"
22243,10420009626,10420009659,1,"IOTHUB_CLIENT_CONFIRMATION_OK"
22244,10420009826,10420009863,1,"IOTHUB_CLIENT_CONFIRMATION_OK"
22245,10420010027,10420010117,1,"IOTHUB_CLIENT_CONFIRMATION_OK"
22246,10420010227,10420010260,1,"IOTHUB_CLIENT_CONFIRMATION_OK"
22247,10420010427,10420010462,1,"IOTHUB_CLIENT_CONFIRMATION_OK"
22248,10420010627,10420010669,1,"IOTHUB_CLIENT_CONFIRMATION_OK"
22249,10420010828,10420010863,1,"IOTHUB_CLIENT_CONFIRMATION_OK"
22250,10420011028,10420011062,1,"IOTHUB_CLIENT_CONFIRMATION_OK"
22251,10420011228,10420011277,1,"IOTHUB_CLIENT_CONFIRMATION_OK"
22252,10420011428,10420011484,1,"IOTHUB_CLIENT_CONFIRMATION_OK"
22253,10420011628,10420011714,1,"IOTHUB_CLIENT_CONFIRMATION_OK"
22254,10420011828,10420011864,1,"IOTHUB_CLIENT_CONFIRMATION_OK"
22255,10420012029,10420012063,1,"IOTHUB_CLIENT_CONFIRMATION_OK"
22256,10420012229,10420012260,1,"IOTHUB_CLIENT_CONFIRMATION_OK"
22257,10420012429,10420012474,1,"IOTHUB_CLIENT_CONFIRMATION_OK"
22258,10420012629,10420012691,1,"IOTHUB_CLIENT_CONFIRMATION_OK"
22259,10420012829,10420012865,1,"IOTHUB_CLIENT_CONFIRMATION_OK"
22260,10420013029,10420013109,1,"IOTHUB_CLIENT_CONFIRMATION_OK"
22261,10420013229,10420013279,1,"IOTHUB_CLIENT_CONFIRMATION_OK"
22262,10420013430,10420013747,1,"IOTHUB_CLIENT_CONFIRMATION_OK"
22263,10420013630,10420013805,1,"IOTHUB_CLIENT_CONFIRMATION_OK"
22264,10420013830,10420013978,1,"IOTHUB_CLIENT_CONFIRMATION_OK"
22265,10420014030,10420014062,1,"IOTHUB_CLIENT_CONFIRMATION_OK"
22266,10420014230,10420014265,1,"IOTHUB_CLIENT_CONFIRMATION_OK"
22267,10420014430,10420014514,1,"IOTHUB_CLIENT_CONFIRMATION_OK"
22268,10420014631,10420014794,1,"IOTHUB_CLIENT_CONFIRMATION_OK"
22269,10420014831,10420014877,1,"IOTHUB_CLIENT_CONFIRMATION_OK"
22270,10420015031,10420015061,1,"IOTHUB_CLIENT_CONFIRMATION_OK"
22271,10420015231,10420015261,1,"IOTHUB_CLIENT_CONFIRMATION_OK"
22272,10420015431,10420015498,1,"IOTHUB_CLIENT_CONFIRMATION_OK"
22273,10420015631,10420015686,1,"IOTHUB_CLIENT_CONFIRMATION_OK"
22274,10420015832,10420015865,1,"IOTHUB_CLIENT_CONFIRMATION_OK"
22275,10420016032,10420016060,1,"IOTHUB_CLIENT_CONFIRMATION_OK"
22276,10420016232,10420016273,1,"IOTHUB_CLIENT_CONFIRMATION_OK"
22277,10420016432,10420016462,1,"IOTHUB_CLIENT_CONFIRMATION_OK"
22278,10420016632,10420016699,1,"IOTHUB_CLIENT_CONFIRMATION_OK"
22279,10420016832,10420016883,1,"IOTHUB_CLIENT_CONFIRMATION_OK"
22280,10420017033,10420017073,1,"IOTHUB_CLIENT_CONFIRMATION_OK"
22281,10420017233,10420017276,1,"IOTHUB_CLIENT_CONFIRMATION_OK"
22282,10420017433,10420017467,1,"IOTHUB_CLIENT_CONFIRMATION_OK"
22283,10420017633,10420017670,1,"IOTHUB_CLIENT_CONFIRMATION_OK"
22284,10420017833,10420017867,1,"IOTHUB_CLIENT_CONFIRMATION_OK"
22285,10420018033,10420018103,1,"IOTHUB_CLIENT_CONFIRMATION_OK"
22286,10420018234,10420018301,1,"IOTHUB_CLIENT_CONFIRMATION_OK"
22287,10420018434,10420018478,1,"IOTHUB_CLIENT_CONFIRMATION_OK"
22288,10420018634,10420018680,1,"IOTHUB_CLIENT_CONFIRMATION_OK"
22289,10420018834,10420018889,1,"IOTHUB_CLIENT_CONFIRMATION_OK"
22290,10420019034,10420019067,1,"IOTHUB_CLIENT_CONFIRMATION_OK"
22291,10420019234,10420019308,1,"IOTHUB_CLIENT_CONFIRMATION_OK"
22292,10420019435,10420019476,1,"IOTHUB_CLIENT_CONFIRMATION_OK"
22293,10420019635,10420019688,1,"IOTHUB_CLIENT_CONFIRMATION_OK"
22294,10420019835,10420019872,1,"IOTHUB_CLIENT_CONFIRMATION_OK"
22295,10420020035,10420020128,1,"IOTHUB_CLIENT_CONFIRMATION_OK"
22296,10420020235,10420020270,1,"IOTHUB_CLIENT_CONFIRMATION_OK"
22297,10420020435,10420020484,1,"IOTHUB_CLIENT_CONFIRMATION_OK"
22298,10420020636,10420020669,1,"IOTHUB_CLIENT_CONFIRMATION_OK"
22299,10420020836,10420020871,1,"IOTHUB_CLIENT_CONFIRMATION_OK"
22300,10420021036,10420021070,1,"IOTHUB_CLIENT_CONFIRMATION_OK"
22301,10420021236,10420021269,1,"IOTHUB_CLIENT_CONFIRMATION_OK"
22302,10420021436,10420021491,1,"IOTHUB_CLIENT_CONFIRMATION_OK"
22303,10420021637,10420021683,1,"IOTHUB_CLIENT_CONFIRMATION_OK"
22304,10420021837,10420021868,1,"IOTHUB_CLIENT_CONFIRMATION_OK"
22305,10420022037,10420022068,1,"IOTHUB_CLIENT_CONFIRMATION_OK"
22306,10420022237,10420022383,1,"IOTHUB_CLIENT_CONFIRMATION_OK"
22307,10420022437,10420022470,1,"IOTHUB_CLIENT_CONFIRMATION_OK"
22308,10420022637,10420022678,1,"IOTHUB_CLIENT_CONFIRMATION_OK"
22309,10420022837,10420022871,1,"IOTHUB_CLIENT_CONFIRMATION_OK"
22310,10420023038,10420023187,1,"IOTHUB_CLIENT_CONFIRMATION_OK"
22311,10420023238,10420023274,1,"IOTHUB_CLIENT_CONFIRMATION_OK"
22312,10420023438,10420023491,1,"IOTHUB_CLIENT_CONFIRMATION_OK"
22313,10420023638,10420023677,1,"IOTHUB_CLIENT_CONFIRMATION_OK"
22314,10420023839,10420024061,1,"IOTHUB_CLIENT_CONFIRMATION_OK"
22315,10420024039,10420024084,1,"IOTHUB_CLIENT_CONFIRMATION_OK"
22316,10420024239,10420024268,1,"IOTHUB_CLIENT_CONFIRMATION_OK"
22317,10420024439,10420024474,1,"IOTHUB_CLIENT_CONFIRMATION_OK"
22318,10420024639,10420024672,1,"IOTHUB_CLIENT_CONFIRMATION_OK"
22319,10420024839,10420024875,1,"IOTHUB_CLIENT_CONFIRMATION_OK"
22320,10420025039,10420025070,1,"IOTHUB_CLIENT_CONFIRMATION_OK"
22321,10420025240,10420025555,1,"IOTHUB_CLIENT_CONFIRMATION_OK"
22322,10420025440,10420025622,1,"IOTHUB_CLIENT_CONFIRMATION_OK"
22323,10420025640,10420025694,1,"IOTHUB_CLIENT_CONFIRMATION_OK"
22324,10420025840,10420025886,1,"IOTHUB_CLIENT_CONFIRMATION_OK"
22325,10420026040,10420026077,1,"IOTHUB_CLIENT_CONFIRMATION_OK"
22326,10420026240,10420026277,1,"IOTHUB_CLIENT_CONFIRMATION_OK"
22327,10420026440,10420026472,1,"IOTHUB_CLIENT_CONFIRMATION_OK"
22328,10420026641,10420026678,1,"IOTHUB_CLIENT_CONFIRMATION_OK"
22329,10420026841,10420026870,1,"IOTHUB_CLIENT_CONFIRMATION_OK"
22330,10420027041,10420027078,1,"IOTHUB_CLIENT_CONFIRMATION_OK"
22331,10420027241,10420027272,1,"IOTHUB_CLIENT_CONFIRMATION_OK"
22332,10420027441,10420027480,1,"IOTHUB_CLIENT_CONFIRMATION_OK"
22333,10420027641,10420027714,1,"IOTHUB_CLIENT_CONFIRMATION_OK"
22334,10420027842,10420027984,1,"IOTHUB_CLIENT_CONFIRMATION_OK"
22335,10420028042,10420028076,1,"IOTHUB_CLIENT_CONFIRMATION_OK"
22336,10420028242,10420028277,1,"IOTHUB_CLIENT_CONFIRMATION_OK"
22337,10420028442,10420028512,1,"IOTHUB_CLIENT_CONFIRMATION_OK"
22338,10420028642,10420028691,1,"IOTHUB_CLIENT_CONFIRMATION_OK"
22339,10420028842,10420028883,1,"IOTHUB_CLIENT_CONFIRMATION_OK"
22340,10420029043,10420029099,1,"IOTHUB_CLIENT_CONFIRMATION_OK"
22341,10420029243,10420029379,1,"IOTHUB_CLIENT_CONFIRMATION_OK"
22342,10420029443,10420029472,1,"IOTHUB_CLIENT_CONFIRMATION_OK"
22343,10420029643,10420029675,1,"IOTHUB_CLIENT_CONFIRMATION_OK"
22344,10420029843,10420029881,1,"IOTHUB_CLIENT_CONFIRMATION_OK"
22345,10420030043,10420030146,1,"IOTHUB_CLIENT_CONFIRMATION_OK"
22346,10420030243,10420030277,1,"IOTHUB_CLIENT_CONFIRMATION_OK"
22347,10420030444,10420030479,1,"IOTHUB_CLIENT_CONFIRMATION_OK"
22348,10420030644,10420030685,1,"IOTHUB_CLIENT_CONFIRMATION_OK"
22349,10420030844,10420030876,1,"IOTHUB_CLIENT_CONFIRMATION_OK"
22350,10420031044,10420031095,1,"IOTHUB_CLIENT_CONFIRMATION_OK"
22351,10420031244,10420031276,1,"IOTHUB_CLIENT_CONFIRMATION_OK"
22352,10420031444,10420031483,1,"IOTHUB_CLIENT_CONFIRMATION_OK"
22353,10420031644,10420031687,1,"IOTHUB_CLIENT_CONFIRMATION_OK"
22354,10420031845,10420031898,1,"IOTHUB_CLIENT_CONFIRMATION_OK"
22355,10420032045,10420032082,1,"IOTHUB_CLIENT_CONFIRMATION_OK"
22356,10420032245,10420032445,1,"IOTHUB_CLIENT_CONFIRMATION_OK"
22357,10420032445,10420032480,1,"IOTHUB_CLIENT_CONFIRMATION_OK"
22358,10420032645,10420032689,1,"IOTHUB_CLIENT_CONFIRMATION_OK"
22359,10420032845,10420032887,1,"IOTHUB_CLIENT_CONFIRMATION_OK"
22360,10420033045,10420033085,1,"IOTHUB_CLIENT_CONFIRMATION_OK"
22361,10420033246,10420033279,1,"IOTHUB_CLIENT_CONFIRMATION_OK"
22362,10420033446,10420033486,1,"IOTHUB_CLIENT_CONFIRMATION_OK"
22363,10420033646,10420033704,1,"IOTHUB_CLIENT_CONFIRMATION_OK"
22364,10420033846,10420033889,1,"IOTHUB_CLIENT_CONFIRMATION_OK"
22365,10420034046,10420034077,1,"IOTHUB_CLIENT_CONFIRMATION_OK"
22366,10420034247,10420034294,1,"IOTHUB_CLIENT_CONFIRMATION_OK"
22367,10420034447,10420034498,1,"IOTHUB_CLIENT_CONFIRMATION_OK"
22368,10420034647,10420034677,1,"IOTHUB_CLIENT_CONFIRMATION_OK"
22369,10420034847,10420034900,1,"IOTHUB_CLIENT_CONFIRMATION_OK"
22370,10420035047,10420035084,1,"IOTHUB_CLIENT_CONFIRMATION_OK"
22371,10420035247,10420035281,1,"IOTHUB_CLIENT_CONFIRMATION_OK"
22372,10420035447,10420035491,1,"IOTHUB_CLIENT_CONFIRMATION_OK"
22373,10420035648,10420035709,1,"IOTHUB_CLIENT_CONFIRMATION_OK"
22374,10420035848,10420035879,1,"IOTHUB_CLIENT_CONFIRMATION_OK"
22375,10420036048,10420036082,1,"IOTHUB_CLIENT_CONFIRMATION_OK"
22376,10420036248,10420036287,1,"IOTHUB_CLIENT_CONFIRMATION_OK"
22377,10420036448,10420036551,1,"IOTHUB_CLIENT_CONFIRMATION_OK"
22378,10420036648,10420036694,1,"IOTHUB_CLIENT_CONFIRMATION_OK"
22379,10420036849,10420036906,1,"IOTHUB_CLIENT_CONFIRMATION_OK"
22380,10420037049,10420037084,1,"IOTHUB_CLIENT_CONFIRMATION_OK"
22381,10420037249,10420037283,1,"IOTHUB_CLIENT_CONFIRMATION_OK"
22382,10420037449,10420037608,1,"IOTHUB_CLIENT_CONFIRMATION_OK"
22383,10420037649,10420037750,1,"IOTHUB_CLIENT_CONFIRMATION_OK"
22384,10420037849,10420037909,1,"IOTHUB_CLIENT_CONFIRMATION_OK"
22385,10420038049,10420038084,1,"IOTHUB_CLIENT_CONFIRMATION_OK"
22386,10420038250,10420038287,1,"IOTHUB_CLIENT_CONFIRMATION_OK"
22387,10420038450,10420038613,1,"IOTHUB_CLIENT_CONFIRMATION_OK"
22388,10420038650,10420038689,1,"IOTHUB_CLIENT_CONFIRMATION_OK"
22389,10420038850,10420038909,1,"IOTHUB_CLIENT_CONFIRMATION_OK"
22390,10420039050,10420039088,1,"IOTHUB_CLIENT_CONFIRMATION_OK"
22391,10420039250,10420039318,1,"IOTHUB_CLIENT_CONFIRMATION_OK"
22392,10420039451,10420039503,1,"IOTHUB_CLIENT_CONFIRMATION_OK"
22393,10420039651,10420039688,1,"IOTHUB_CLIENT_CONFIRMATION_OK"
22394,10420039851,10420039889,1,"IOTHUB_CLIENT_CONFIRMATION_OK"
22395,10420040051,10420040121,1,"IOTHUB_CLIENT_CONFIRMATION_OK"
22396,10420040251,10420040299,1,"IOTHUB_CLIENT_CONFIRMATION_OK"
22397,10420040451,10420040482,1,"IOTHUB_CLIENT_CONFIRMATION_OK"
22398,10420040651,10420040708,1,"IOTHUB_CLIENT_CONFIRMATION_OK"
22399,10420040852,10420040894,1,"IOTHUB_CLIENT_CONFIRMATION_OK"
22400,10420041052,10420041092,1,"IOTHUB_CLIENT_CONFIRMATION_OK"
22401,10420041252,10420041284,1,"IOTHUB_CLIENT_CONFIRMATION_OK"
22402,10420041452,10420041488,1,"IOTHUB_CLIENT_CONFIRMATION_OK"
22403,10420041652,10420041692,1,"IOTHUB_CLIENT_CONFIRMATION_OK"
22404,10420041852,10420041887,1,"IOTHUB_CLIENT_CONFIRMATION_OK"
22405,10420042053,10420042088,1,"IOTHUB_CLIENT_CONFIRMATION_OK"
22406,10420042253,10420042321,1,"IOTHUB_CLIENT_CONFIRMATION_OK"
22407,10420042453,10420042499,1,"IOTHUB_CLIENT_CONFIRMATION_OK"
22408,10420042653,10420042688,1,"IOTHUB_CLIENT_CONFIRMATION_OK"
22409,10420042853,10420042892,1,"IOTHUB_CLIENT_CONFIRMATION_OK"
22410,10420043053,10420043103,1,"IOTHUB_CLIENT_CONFIRMATION_OK"
22411,10420043253,10420043338,1,"IOTHUB_CLIENT_CONFIRMATION_OK"
22412,10420043454,10420043495,1,"IOTHUB_CLIENT_CONFIRMATION_OK"
22413,10420043654,10420043699,1,"IOTHUB_CLIENT_CONFIRMATION_OK"
22414,10420043854,10420043920,1,"IOTHUB_CLIENT_CONFIRMATION_OK"
22415,10420044054,10420044106,1,"IOTHUB_CLIENT_CONFIRMATION_OK"
22416,10420044254,10420044372,1,"IOTHUB_CLIENT_CONFIRMATION_OK"
22417,10420044454,10420044484,1,"IOTHUB_CLIENT_CONFIRMATION_OK"
22418,10420044655,10420044694,1,"IOTHUB_CLIENT_CONFIRMATION_OK"
22419,10420044855,10420044914,1,"IOTHUB_CLIENT_CONFIRMATION_OK"
22420,10420045055,10420045105,1,"IOTHUB_CLIENT_CONFIRMATION_OK"
22421,10420045255,10420045293,1,"IOTHUB_CLIENT_CONFIRMATION_OK"
22422,10420045455,10420045538,1,"IOTHUB_CLIENT_CONFIRMATION_OK"
22423,10420045655,10420045691,1,"IOTHUB_CLIENT_CONFIRMATION_OK"
22424,10420045856,10420045888,1,"IOTHUB_CLIENT_CONFIRMATION_OK"
22425,10420046056,10420046202,1,"IOTHUB_CLIENT_CONFIRMATION_OK"
22426,10420046256,10420046295,1,"IOTHUB_CLIENT_CONFIRMATION_OK"
22427,10420046456,10420046501,1,"IOTHUB_CLIENT_CONFIRMATION_OK"
22428,10420046656,10420046687,1,"IOTHUB_CLIENT_CONFIRMATION_OK"
22429,10420046856,10420046909,1,"IOTHUB_CLIENT_CONFIRMATION_OK"
22430,10420047056,10420047120,1,"IOTHUB_CLIENT_CONFIRMATION_OK"
22431,10420047257,10420047298,1,"IOTHUB_CLIENT_CONFIRMATION_OK"
22432,10420047457,10420047532,1,"IOTHUB_CLIENT_CONFIRMATION_OK"
22433,10420047657,10420047717,1,"IOTHUB_CLIENT_CONFIRMATION_OK"
22434,10420047857,10420047902,1,"IOTHUB_CLIENT_CONFIRMATION_OK"
22435,10420048057,10420048092,1,"IOTHUB_CLIENT_CONFIRMATION_OK"
22436,10420048257,10420048303,1,"IOTHUB_CLIENT_CONFIRMATION_OK"
22437,10420048458,10420048492,1,"IOTHUB_CLIENT_CONFIRMATION_OK"
22438,10420048658,10420048699,1,"IOTHUB_CLIENT_CONFIRMATION_OK"
22439,10420048858,10420048890,1,"IOTHUB_CLIENT_CONFIRMATION_OK"
22440,10420049058,10420049100,1,"IOTHUB_CLIENT_CONFIRMATION_OK"
22441,10420049258,10420049329,1,"IOTHUB_CLIENT_CONFIRMATION_OK"
22442,10420049458,10420049564,1,"IOTHUB_CLIENT_CONFIRMATION_OK"
22443,10420049658,10420049690,1,"IOTHUB_CLIENT_CONFIRMATION_OK"
22444,10420049859,10420049901,1,"IOTHUB_CLIENT_CONFIRMATION_OK"
22445,10420050059,10420050099,1,"IOTHUB_CLIENT_CONFIRMATION_OK"
22446,10420050259,10420050305,1,"IOTHUB_CLIENT_CONFIRMATION_OK"
22447,10420050459,10420050495,1,"IOTHUB_CLIENT_CONFIRMATION_OK"
22448,10420050659,10420050728,1,"IOTHUB_CLIENT_CONFIRMATION_OK"
22449,10420050859,10420050918,1,"IOTHUB_CLIENT_CONFIRMATION_OK"
22450,10420051060,10420051104,1,"IOTHUB_CLIENT_CONFIRMATION_OK"
22451,10420051260,10420051316,1,"IOTHUB_CLIENT_CONFIRMATION_OK"
22452,10420051460,10420051524,1,"IOTHUB_CLIENT_CONFIRMATION_OK"
22453,10420051660,10420051706,1,"IOTHUB_CLIENT_CONFIRMATION_OK"
22454,10420051860,10420051951,1,"IOTHUB_CLIENT_CONFIRMATION_OK"
22455,10420052061,10420052097,1,"IOTHUB_CLIENT_CONFIRMATION_OK"
22456,10420052261,10420052324,1,"IOTHUB_CLIENT_CONFIRMATION_OK"
22457,10420052461,10420052503,1,"IOTHUB_CLIENT_CONFIRMATION_OK"
22458,10420052661,10420052699,1,"IOTHUB_CLIENT_CONFIRMATION_OK"
22459,10420052861,10420052910,1,"IOTHUB_CLIENT_CONFIRMATION_OK"
22460,10420053061,10420053150,1,"IOTHUB_CLIENT_CONFIRMATION_OK"
22461,10420053261,10420053294,1,"IOTHUB_CLIENT_CONFIRMATION_OK"
22462,10420053462,10420053496,1,"IOTHUB_CLIENT_CONFIRMATION_OK"
22463,10420053662,10420053694,1,"IOTHUB_CLIENT_CONFIRMATION_OK"
22464,10420053862,10420053896,1,"IOTHUB_CLIENT_CONFIRMATION_OK"
22465,10420054062,10420054108,1,"IOTHUB_CLIENT_CONFIRMATION_OK"
22466,10420054262,10420054296,1,"IOTHUB_CLIENT_CONFIRMATION_OK"
22467,10420054462,10420054514,1,"IOTHUB_CLIENT_CONFIRMATION_OK"
22468,10420054662,10420054700,1,"IOTHUB_CLIENT_CONFIRMATION_OK"
22469,10420054863,10420054902,1,"IOTHUB_CLIENT_CONFIRMATION_OK"
22470,10420055063,10420055100,1,"IOTHUB_CLIENT_CONFIRMATION_OK"
22471,10420055263,10420055367,1,"IOTHUB_CLIENT_CONFIRMATION_OK"
22472,10420055463,10420055502,1,"IOTHUB_CLIENT_CONFIRMATION_OK"
22473,10420055663,10420055762,1,"IOTHUB_CLIENT_CONFIRMATION_OK"
22474,10420055863,10420055930,1,"IOTHUB_CLIENT_CONFIRMATION_OK"
22475,10420056063,10420056200,1,"IOTHUB_CLIENT_CONFIRMATION_OK"
22476,10420056264,10420056300,1,"IOTHUB_CLIENT_CONFIRMATION_OK"
22477,10420056464,10420056707,1,"IOTHUB_CLIENT_CONFIRMATION_OK"
22478,10420056664,10420056778,1,"IOTHUB_CLIENT_CONFIRMATION_OK"
22479,10420056864,10420057002,1,"IOTHUB_CLIENT_CONFIRMATION_OK"
22480,10420057064,10420057123,1,"IOTHUB_CLIENT_CONFIRMATION_OK"
22481,10420057264,10420057449,1,"IOTHUB_CLIENT_CONFIRMATION_OK"
22482,10420057464,10420057592,1,"IOTHUB_CLIENT_CONFIRMATION_OK"
22483,10420057665,10420057722,1,"IOTHUB_CLIENT_CONFIRMATION_OK"
22484,10420057865,10420057904,1,"IOTHUB_CLIENT_CONFIRMATION_OK"
22485,10420058065,10420058291,1,"IOTHUB_CLIENT_CONFIRMATION_OK"
22486,10420058265,10420058400,1,"IOTHUB_CLIENT_CONFIRMATION_OK"
22487,10420058465,10420058586,1,"IOTHUB_CLIENT_CONFIRMATION_OK"
22488,10420058665,10420058733,1,"IOTHUB_CLIENT_CONFIRMATION_OK"
22489,10420058866,10420058902,1,"IOTHUB_CLIENT_CONFIRMATION_OK"
22490,10420059066,10420059316,1,"IOTHUB_CLIENT_CONFIRMATION_OK"
22491,10420059266,10420059353,1,"IOTHUB_CLIENT_CONFIRMATION_OK"
22492,10420059466,10420059523,1,"IOTHUB_CLIENT_CONFIRMATION_OK"
22493,10420059666,10420059702,1,"IOTHUB_CLIENT_CONFIRMATION_OK"
22494,10420059866,10420060091,1,"IOTHUB_CLIENT_CONFIRMATION_OK"
22495,10420060067,10420060125,1,"IOTHUB_CLIENT_CONFIRMATION_OK"
22496,10420060267,10420060308,1,"IOTHUB_CLIENT_CONFIRMATION_OK"
22497,10420060467,10420060512,1,"IOTHUB_CLIENT_CONFIRMATION_OK"
22498,10420060667,10420060779,1,"IOTHUB_CLIENT_CONFIRMATION_OK"
22499,10420060867,10420060899,1,"IOTHUB_CLIENT_CONFIRMATION_OK"
22500,10420061067,10420061111,1,"IOTHUB_CLIENT_CONFIRMATION_OK"
22501,10420061268,10420061298,1,"IOTHUB_CLIENT_CONFIRMATION_OK"
22502,10420061468,10420061506,1,"IOTHUB_CLIENT_CONFIRMATION_OK"
22503,10420061668,10420061712,1,"IOTHUB_CLIENT_CONFIRMATION_OK"
22504,10420061868,10420061913,1,"IOTHUB_CLIENT_CONFIRMATION_OK"
22505,10420062068,10420062103,1,"IOTHUB_CLIENT_CONFIRMATION_OK"
22506,10420062268,10420062308,1,"IOTHUB_CLIENT_CONFIRMATION_OK"
22507,10420062468,10420062514,1,"IOTHUB_CLIENT_CONFIRMATION_OK"
22508,10420062669,10420062728,1,"IOTHUB_CLIENT_CONFIRMATION_OK"
22509,10420062869,10420062914,1,"IOTHUB_CLIENT_CONFIRMATION_OK"
22510,10420063069,10420063143,1,"IOTHUB_CLIENT_CONFIRMATION_OK"
22511,10420063269,10420063306,1,"IOTHUB_CLIENT_CONFIRMATION_OK"
22512,10420063469,10420063525,1,"IOTHUB_CLIENT_CONFIRMATION_OK"
22513,10420063669,10420063703,1,"IOTHUB_CLIENT_CONFIRMATION_OK"
22514,10420063869,10420063932,1,"IOTHUB_CLIENT_CONFIRMATION_OK"
22515,10420064070,10420064103,1,"IOTHUB_CLIENT_CONFIRMATION_OK"
22516,10420064270,10420064350,1,"IOTHUB_CLIENT_CONFIRMATION_OK"
22517,10420064470,10420064533,1,"IOTHUB_CLIENT_CONFIRMATION_OK"
22518,10420064670,10420064722,1,"IOTHUB_CLIENT_CONFIRMATION_OK"
22519,10420064870,10420064904,1,"IOTHUB_CLIENT_CONFIRMATION_OK"
22520,10420065070,10420065112,1,"IOTHUB_CLIENT_CONFIRMATION_OK"
22521,10420065271,10420065360,1,"IOTHUB_CLIENT_CONFIRMATION_OK"
22522,10420065471,10420065507,1,"IOTHUB_CLIENT_CONFIRMATION_OK"
22523,10420065671,10420065707,1,"IOTHUB_CLIENT_CONFIRMATION_OK"
22524,10420065871,10420065904,1,"IOTHUB_CLIENT_CONFIRMATION_OK"
22525,10420066071,10420066179,1,"IOTHUB_CLIENT_CONFIRMATION_OK"
22526,10420066271,10420066335,1,"IOTHUB_CLIENT_CONFIRMATION_OK"
22527,10420066472,10420066504,1,"IOTHUB_CLIENT_CONFIRMATION_OK"
22528,10420066672,10420066712,1,"IOTHUB_CLIENT_CONFIRMATION_OK"
22529,10420066872,10420066988,1,"IOTHUB_CLIENT_CONFIRMATION_OK"
22530,10420067072,10420067103,1,"IOTHUB_CLIENT_CONFIRMATION_OK"
22531,10420067272,10420067305,1,"IOTHUB_CLIENT_CONFIRMATION_OK"
22532,10420067472,10420067526,1,"IOTHUB_CLIENT_CONFIRMATION_OK"
22533,10420067672,10420067731,1,"IOTHUB_CLIENT_CONFIRMATION_OK"
22534,10420067873,10420067915,1,"IOTHUB_CLIENT_CONFIRMATION_OK"
22535,10420068073,10420068119,1,"IOTHUB_CLIENT_CONFIRMATION_OK"
22536,10420068273,10420068303,1,"IOTHUB_CLIENT_CONFIRMATION_OK"
22537,10420068473,10420068516,1,"IOTHUB_CLIENT_CONFIRMATION_OK"
22538,10420068673,10420068710,1,"IOTHUB_CLIENT_CONFIRMATION_OK"
22539,10420068873,10420068907,1,"IOTHUB_CLIENT_CONFIRMATION_OK"
22540,10420069074,10420069108,1,"IOTHUB_CLIENT_CONFIRMATION_OK"
22541,10420069274,10420069318,1,"IOTHUB_CLIENT_CONFIRMATION_OK"
22542,10420069474,10420069523,1,"IOTHUB_CLIENT_CONFIRMATION_OK"
22543,10420069674,10420069705,1,"IOTHUB_CLIENT_CONFIRMATION_OK"
22544,10420069874,10420069926,1,"IOTHUB_CLIENT_CONFIRMATION_OK"
22545,10420070074,10420070110,1,"IOTHUB_CLIENT_CONFIRMATION_OK"
22546,10420070274,10420070338,1,"IOTHUB_CLIENT_CONFIRMATION_OK"
22547,10420070475,10420070508,1,"IOTHUB_CLIENT_CONFIRMATION_OK"
22548,10420070675,10420070738,1,"IOTHUB_CLIENT_CONFIRMATION_OK"
22549,10420070875,10420071057,1,"IOTHUB_CLIENT_CONFIRMATION_OK"
22550,10420071075,10420071133,1,"IOTHUB_CLIENT_CONFIRMATION_OK"
22551,10420071275,10420071311,1,"IOTHUB_CLIENT_CONFIRMATION_OK"
22552,10420071475,10420071520,1,"IOTHUB_CLIENT_CONFIRMATION_OK"
22553,10420071675,10420071710,1,"IOTHUB_CLIENT_CONFIRMATION_OK"
22554,10420071876,10420071930,1,"IOTHUB_CLIENT_CONFIRMATION_OK"
22555,10420072076,10420072122,1,"IOTHUB_CLIENT_CONFIRMATION_OK"
22556,10420072276,10420072342,1,"IOTHUB_CLIENT_CONFIRMATION_OK"
22557,10420072476,10420072507,1,"IOTHUB_CLIENT_CONFIRMATION_OK"
22558,10420072676,10420072766,1,"IOTHUB_CLIENT_CONFIRMATION_OK"
22559,10420072877,10420072942,1,"IOTHUB_CLIENT_CONFIRMATION_OK"
22560,10420073077,10420073166,1,"IOTHUB_CLIENT_CONFIRMATION_OK"
22561,10420073277,10420073313,1,"IOTHUB_CLIENT_CONFIRMATION_OK"
22562,10420073477,10420073512,1,"IOTHUB_CLIENT_CONFIRMATION_OK"
22563,10420073677,10420073710,1,"IOTHUB_CLIENT_CONFIRMATION_OK"
22564,10420073877,10420073910,1,"IOTHUB_CLIENT_CONFIRMATION_OK"
22565,10420074078,10420074136,1,"IOTHUB_CLIENT_CONFIRMATION_OK"
22566,10420074278,10420074311,1,"IOTHUB_CLIENT_CONFIRMATION_OK"
22567,10420074478,10420074590,1,"IOTHUB_CLIENT_CONFIRMATION_OK"
22568,10420074678,10420074712,1,"IOTHUB_CLIENT_CONFIRMATION_OK"
22569,10420074878,10420074925,1,"IOTHUB_CLIENT_CONFIRMATION_OK"
22570,10420075078,10420075110,1,"IOTHUB_CLIENT_CONFIRMATION_OK"
22571,10420075278,10420075413,1,"IOTHUB_CLIENT_CONFIRMATION_OK"
22572,10420075479,10420075511,1,"IOTHUB_CLIENT_CONFIRMATION_OK"
22573,10420075679,10420075708,1,"IOTHUB_CLIENT_CONFIRMATION_OK"
22574,10420075879,10420075941,1,"IOTHUB_CLIENT_CONFIRMATION_OK"
22575,10420076079,10420076182,1,"IOTHUB_CLIENT_CONFIRMATION_OK"
22576,10420076279,10420076309,1,"IOTHUB_CLIENT_CONFIRMATION_OK"
22577,10420076479,10420076519,1,"IOTHUB_CLIENT_CONFIRMATION_OK"
22578,10420076680,10420076711,1,"IOTHUB_CLIENT_CONFIRMATION_OK"
22579,10420076880,10420076940,1,"IOTHUB_CLIENT_CONFIRMATION_OK"
22580,10420077080,10420077130,1,"IOTHUB_CLIENT_CONFIRMATION_OK"
22581,10420077280,10420077312,1,"IOTHUB_CLIENT_CONFIRMATION_OK"
22582,10420077480,10420077537,1,"IOTHUB_CLIENT_CONFIRMATION_OK"
22583,10420077680,10420077725,1,"IOTHUB_CLIENT_CONFIRMATION_OK"
22584,10420077881,10420077931,1,"IOTHUB_CLIENT_CONFIRMATION_OK"
22585,10420078081,10420078121,1,"IOTHUB_CLIENT_CONFIRMATION_OK"
22586,10420078281,10420078310,1,"IOTHUB_CLIENT_CONFIRMATION_OK"
22587,10420078481,10420078528,1,"IOTHUB_CLIENT_CONFIRMATION_OK"
22588,10420078681,10420078722,1,"IOTHUB_CLIENT_CONFIRMATION_OK"
22589,10420078881,10420078914,1,"IOTHUB_CLIENT_CONFIRMATION_OK"
22590,10420079082,10420079138,1,"IOTHUB_CLIENT_CONFIRMATION_OK"
22591,10420079282,10420079317,1,"IOTHUB_CLIENT_CONFIRMATION_OK"
22592,10420079482,10420079521,1,"IOTHUB_CLIENT_CONFIRMATION_OK"
22593,10420079682,10420079728,1,"IOTHUB_CLIENT_CONFIRMATION_OK"
22594,10420079882,10420079979,1,"IOTHUB_CLIENT_CONFIRMATION_OK"
22595,10420080083,10420080114,1,"IOTHUB_CLIENT_CONFIRMATION_OK"
22596,10420080283,10420080319,1,"IOTHUB_CLIENT_CONFIRMATION_OK"
22597,10420080483,10420080529,1,"IOTHUB_CLIENT_CONFIRMATION_OK"
22598,10420080683,10420080862,1,"IOTHUB_CLIENT_CONFIRMATION_OK"
22599,10420080883,10420080919,1,"IOTHUB_CLIENT_CONFIRMATION_OK"
22600,10420081083,10420081130,1,"IOTHUB_CLIENT_CONFIRMATION_OK"
22601,10420081283,10420081314,1,"IOTHUB_CLIENT_CONFIRMATION_OK"
22602,10420081484,10420081520,1,"IOTHUB_CLIENT_CONFIRMATION_OK"
22603,10420081684,10420081718,1,"IOTHUB_CLIENT_CONFIRMATION_OK"
22604,10420081884,10420081920,1,"IOTHUB_CLIENT_CONFIRMATION_OK"
22605,10420082084,10420082151,1,"IOTHUB_CLIENT_CONFIRMATION_OK"
22606,10420082284,10420082358,1,"IOTHUB_CLIENT_CONFIRMATION_OK"
22607,10420082484,10420082521,1,"IOTHUB_CLIENT_CONFIRMATION_OK"
22608,10420082685,10420082713,1,"IOTHUB_CLIENT_CONFIRMATION_OK"
22609,10420082885,10420082915,1,"IOTHUB_CLIENT_CONFIRMATION_OK"
22610,10420083085,10420083129,1,"IOTHUB_CLIENT_CONFIRMATION_OK"
22611,10420083285,10420083315,1,"IOTHUB_CLIENT_CONFIRMATION_OK"
22612,10420083485,10420083516,1,"IOTHUB_CLIENT_CONFIRMATION_OK"
22613,10420083685,10420083801,1,"IOTHUB_CLIENT_CONFIRMATION_OK"
22614,10420083885,10420083984,1,"IOTHUB_CLIENT_CONFIRMATION_OK"
22615,10420084086,10420084117,1,"IOTHUB_CLIENT_CONFIRMATION_OK"
22616,10420084286,10420084344,1,"IOTHUB_CLIENT_CONFIRMATION_OK"
22617,10420084486,10420084652,1,"IOTHUB_CLIENT_CONFIRMATION_OK"
22618,10420084686,10420084727,1,"IOTHUB_CLIENT_CONFIRMATION_OK"
22619,10420084886,10420084922,1,"IOTHUB_CLIENT_CONFIRMATION_OK"
22620,10420085087,10420085120,1,"IOTHUB_CLIENT_CONFIRMATION_OK"
22621,10420085287,10420085320,1,"IOTHUB_CLIENT_CONFIRMATION_OK"
22622,10420085487,10420085518,1,"IOTHUB_CLIENT_CONFIRMATION_OK"
22623,10420085687,10420085730,1,"IOTHUB_CLIENT_CONFIRMATION_OK"
22624,10420085887,10420085920,1,"IOTHUB_CLIENT_CONFIRMATION_OK"
22625,10420086087,10420086142,1,"IOTHUB_CLIENT_CONFIRMATION_OK"
22626,10420086287,10420086327,1,"IOTHUB_CLIENT_CONFIRMATION_OK"
22627,10420086488,10420086533,1,"IOTHUB_CLIENT_CONFIRMATION_OK"
22628,10420086688,10420086720,1,"IOTHUB_CLIENT_CONFIRMATION_OK"
22629,10420086888,10420086926,1,"IOTHUB_CLIENT_CONFIRMATION_OK"
22630,10420087088,10420087119,1,"IOTHUB_CLIENT_CONFIRMATION_OK"
22631,10420087288,10420087339,1,"IOTHUB_CLIENT_CONFIRMATION_OK"
22632,10420087488,10420087520,1,"IOTHUB_CLIENT_CONFIRMATION_OK"
22633,10420087689,10420087724,1,"IOTHUB_CLIENT_CONFIRMATION_OK"
22634,10420087889,10420087921,1,"IOTHUB_CLIENT_CONFIRMATION_OK"
22635,10420088089,10420088119,1,"IOTHUB_CLIENT_CONFIRMATION_OK"
22636,10420088289,10420088340,1,"IOTHUB_CLIENT_CONFIRMATION_OK"
22637,10420088489,10420088523,1,"IOTHUB_CLIENT_CONFIRMATION_OK"
22638,10420088689,10420088720,1,"IOTHUB_CLIENT_CONFIRMATION_OK"
22639,10420088890,10420088922,1,"IOTHUB_CLIENT_CONFIRMATION_OK"
22640,10420089090,10420089126,1,"IOTHUB_CLIENT_CONFIRMATION_OK"
22641,10420089290,10420089401,1,"IOTHUB_CLIENT_CONFIRMATION_OK"
22642,10420089490,10420089527,1,"IOTHUB_CLIENT_CONFIRMATION_OK"
22643,10420089690,10420089727,1,"IOTHUB_CLIENT_CONFIRMATION_OK"
22644,10420089890,10420089943,1,"IOTHUB_CLIENT_CONFIRMATION_OK"
22645,10420090090,10420090126,1,"IOTHUB_CLIENT_CONFIRMATION_OK"
22646,10420090291,10420090332,1,"IOTHUB_CLIENT_CONFIRMATION_OK"
22647,10420090491,10420090606,1,"IOTHUB_CLIENT_CONFIRMATION_OK"
22648,10420090691,10420090769,1,"IOTHUB_CLIENT_CONFIRMATION_OK"
22649,10420090891,10420090921,1,"IOTHUB_CLIENT_CONFIRMATION_OK"
22650,10420091091,10420091258,1,"IOTHUB_CLIENT_CONFIRMATION_OK"
22651,10420091292,10420091325,1,"IOTHUB_CLIENT_CONFIRMATION_OK"
22652,10420091492,10420091633,1,"IOTHUB_CLIENT_CONFIRMATION_OK"
22653,10420091692,10420091726,1,"IOTHUB_CLIENT_CONFIRMATION_OK"
22654,10420091892,10420091950,1,"IOTHUB_CLIENT_CONFIRMATION_OK"
22655,10420092092,10420092125,1,"IOTHUB_CLIENT_CONFIRMATION_OK"
22656,10420092292,10420092330,1,"IOTHUB_CLIENT_CONFIRMATION_OK"
22657,10420092493,10420092532,1,"IOTHUB_CLIENT_CONFIRMATION_OK"
22658,10420092693,10420092730,1,"IOTHUB_CLIENT_CONFIRMATION_OK"
22659,10420092893,10420092941,1,"IOTHUB_CLIENT_CONFIRMATION_OK"
22660,10420093093,10420093123,1,"IOTHUB_CLIENT_CONFIRMATION_OK"
22661,10420093293,10420093325,1,"IOTHUB_CLIENT_CONFIRMATION_OK"
22662,10420093493,10420093531,1,"IOTHUB_CLIENT_CONFIRMATION_OK"
22663,10420093694,10420093896,1,"IOTHUB_CLIENT_CONFIRMATION_OK"
22664,10420093894,10420093936,1,"IOTHUB_CLIENT_CONFIRMATION_OK"
22665,10420094094,10420094123,1,"IOTHUB_CLIENT_CONFIRMATION_OK"
22666,10420094294,10420094329,1,"IOTHUB_CLIENT_CONFIRMATION_OK"
22667,10420094494,10420094684,1,"IOTHUB_CLIENT_CONFIRMATION_OK"
22668,10420094694,10420094723,1,"IOTHUB_CLIENT_CONFIRMATION_OK"
22669,10420094895,10420094930,1,"IOTHUB_CLIENT_CONFIRMATION_OK"
22670,10420095095,10420095135,1,"IOTHUB_CLIENT_CONFIRMATION_OK"
22671,10420095295,10420095328,1,"IOTHUB_CLIENT_CONFIRMATION_OK"
22672,10420095495,10420095532,1,"IOTHUB_CLIENT_CONFIRMATION_OK"
22673,10420095695,10420095729,1,"IOTHUB_CLIENT_CONFIRMATION_OK"
22674,10420095895,10420095929,1,"IOTHUB_CLIENT_CONFIRMATION_OK"
22675,10420096096,10420096158,1,"IOTHUB_CLIENT_CONFIRMATION_OK"
22676,10420096296,10420096327,1,"IOTHUB_CLIENT_CONFIRMATION_OK"
22677,10420096496,10420096531,1,"IOTHUB_CLIENT_CONFIRMATION_OK"
22678,10420096696,10420096731,1,"IOTHUB_CLIENT_CONFIRMATION_OK"
22679,10420096896,10420096974,1,"IOTHUB_CLIENT_CONFIRMATION_OK"
22680,10420097097,10420097127,1,"IOTHUB_CLIENT_CONFIRMATION_OK"
22681,10420097297,10420097336,1,"IOTHUB_CLIENT_CONFIRMATION_OK"
22682,10420097497,10420097528,1,"IOTHUB_CLIENT_CONFIRMATION_OK"
22683,10420097697,10420097729,1,"IOTHUB_CLIENT_CONFIRMATION_OK"
22684,10420097897,10420097930,1,"IOTHUB_CLIENT_CONFIRMATION_OK"
22685,10420098097,10420098130,1,"IOTHUB_CLIENT_CONFIRMATION_OK"
22686,10420098297,10420098330,1,"IOTHUB_CLIENT_CONFIRMATION_OK"
22687,10420098498,10420098548,1,"IOTHUB_CLIENT_CONFIRMATION_OK"
22688,10420098698,10420098733,1,"IOTHUB_CLIENT_CONFIRMATION_OK"
22689,10420098898,10420098956,1,"IOTHUB_CLIENT_CONFIRMATION_OK"
22690,10420099098,10420099227,1,"IOTHUB_CLIENT_CONFIRMATION_OK"
22691,10420099298,10420099329,1,"IOTHUB_CLIENT_CONFIRMATION_OK"
22692,10420099498,10420099547,1,"IOTHUB_CLIENT_CONFIRMATION_OK"
22693,10420099698,10420099761,1,"IOTHUB_CLIENT_CONFIRMATION_OK"
22694,10420099899,10420099961,1,"IOTHUB_CLIENT_CONFIRMATION_OK"
22695,10420100099,10420100128,1,"IOTHUB_CLIENT_CONFIRMATION_OK"
22696,10420100299,10420100380,1,"IOTHUB_CLIENT_CONFIRMATION_OK"
22697,10420100499,10420100534,1,"IOTHUB_CLIENT_CONFIRMATION_OK"
22698,10420100699,10420100768,1,"IOTHUB_CLIENT_CONFIRMATION_OK"
22699,10420100899,10420100935,1,"IOTHUB_CLIENT_CONFIRMATION_OK"
22700,10420101100,10420101130,1,"IOTHUB_CLIENT_CONFIRMATION_OK"
22701,10420101300,10420101351,1,"IOTHUB_CLIENT_CONFIRMATION_OK"
22702,10420101500,10420101584,1,"IOTHUB_CLIENT_CONFIRMATION_OK"
22703,10420101700,10420101729,1,"IOTHUB_CLIENT_CONFIRMATION_OK"
22704,10420101900,10420101985,1,"IOTHUB_CLIENT_CONFIRMATION_OK"
22705,10420102100,10420102134,1,"IOTHUB_CLIENT_CONFIRMATION_OK"
22706,10420102300,10420102332,1,"IOTHUB_CLIENT_CONFIRMATION_OK"
22707,10420102501,10420102532,1,"IOTHUB_CLIENT_CONFIRMATION_OK"
22708,10420102701,10420102770,1,"IOTHUB_CLIENT_CONFIRMATION_OK"
22709,10420102901,10420102935,1,"IOTHUB_CLIENT_CONFIRMATION_OK"
22710,10420103101,10420103139,1,"IOTHUB_CLIENT_CONFIRMATION_OK"
22711,10420103301,10420103336,1,"IOTHUB_CLIENT_CONFIRMATION_OK"
22712,10420103501,10420103535,1,"IOTHUB_CLIENT_CONFIRMATION_OK"
22713,10420103702,10420103809,1,"IOTHUB_CLIENT_CONFIRMATION_OK"
22714,10420103902,10420103938,1,"IOTHUB_CLIENT_CONFIRMATION_OK"
22715,10420104102,10420104144,1,"IOTHUB_CLIENT_CONFIRMATION_OK"
22716,10420104302,10420104341,1,"IOTHUB_CLIENT_CONFIRMATION_OK"
22717,10420104502,10420104634,1,"IOTHUB_CLIENT_CONFIRMATION_OK"
22718,10420104702,10420104737,1,"IOTHUB_CLIENT_CONFIRMATION_OK"
22719,10420104903,10420104949,1,"IOTHUB_CLIENT_CONFIRMATION_OK"
22720,10420105103,10420105172,1,"IOTHUB_CLIENT_CONFIRMATION_OK"
22721,10420105303,10420105348,1,"IOTHUB_CLIENT_CONFIRMATION_OK"
22722,10420105503,10420105539,1,"IOTHUB_CLIENT_CONFIRMATION_OK"
22723,10420105703,10420105814,1,"IOTHUB_CLIENT_CONFIRMATION_OK"
22724,10420105903,10420105961,1,"IOTHUB_CLIENT_CONFIRMATION_OK"
22725,10420106103,10420106210,1,"IOTHUB_CLIENT_CONFIRMATION_OK"
22726,10420106304,10420106336,1,"IOTHUB_CLIENT_CONFIRMATION_OK"
22727,10420106504,10420106537,1,"IOTHUB_CLIENT_CONFIRMATION_OK"
22728,10420106704,10420106752,1,"IOTHUB_CLIENT_CONFIRMATION_OK"
22729,10420106904,10420106940,1,"IOTHUB_CLIENT_CONFIRMATION_OK"
22730,10420107104,10420107137,1,"IOTHUB_CLIENT_CONFIRMATION_OK"
22731,10420107304,10420107340,1,"IOTHUB_CLIENT_CONFIRMATION_OK"
22732,10420107505,10420107538,1,"IOTHUB_CLIENT_CONFIRMATION_OK"
22733,10420107705,10420107763,1,"IOTHUB_CLIENT_CONFIRMATION_OK"
22734,10420107905,10420107934,1,"IOTHUB_CLIENT_CONFIRMATION_OK"
22735,10420108105,10420108155,1,"IOTHUB_CLIENT_CONFIRMATION_OK"
22736,10420108305,10420108352,1,"IOTHUB_CLIENT_CONFIRMATION_OK"
22737,10420108506,10420108537,1,"IOTHUB_CLIENT_CONFIRMATION_OK"
22738,10420108706,10420108738,1,"IOTHUB_CLIENT_CONFIRMATION_OK"
22739,10420108906,10420108967,1,"IOTHUB_CLIENT_CONFIRMATION_OK"
22740,10420109106,10420109181,1,"IOTHUB_CLIENT_CONFIRMATION_OK"
22741,10420109306,10420109343,1,"IOTHUB_CLIENT_CONFIRMATION_OK"
22742,10420109506,10420109546,1,"IOTHUB_CLIENT_CONFIRMATION_OK"
22743,10420109707,10420109738,1,"IOTHUB_CLIENT_CONFIRMATION_OK"
22744,10420109907,10420109994,1,"IOTHUB_CLIENT_CONFIRMATION_OK"
22745,10420110107,10420110173,1,"IOTHUB_CLIENT_CONFIRMATION_OK"
22746,10420110307,10420110339,1,"IOTHUB_CLIENT_CONFIRMATION_OK"
22747,10420110507,10420110542,1,"IOTHUB_CLIENT_CONFIRMATION_OK"
22748,10420110707,10420110751,1,"IOTHUB_CLIENT_CONFIRMATION_OK"
22749,10420110907,10420110944,1,"IOTHUB_CLIENT_CONFIRMATION_OK"
22750,10420111108,10420111143,1,"IOTHUB_CLIENT_CONFIRMATION_OK"
22751,10420111308,10420111428,1,"IOTHUB_CLIENT_CONFIRMATION_OK"
22752,10420111508,10420111551,1,"IOTHUB_CLIENT_CONFIRMATION_OK"
22753,10420111708,10420111745,1,"IOTHUB_CLIENT_CONFIRMATION_OK"
22754,10420111908,10420111963,1,"IOTHUB_CLIENT_CONFIRMATION_OK"
22755,10420112108,10420112150,1,"IOTHUB_CLIENT_CONFIRMATION_OK"
22756,10420112308,10420112344,1,"IOTHUB_CLIENT_CONFIRMATION_OK"
22757,10420112509,10420112539,1,"IOTHUB_CLIENT_CONFIRMATION_OK"
22758,10420112709,10420112746,1,"IOTHUB_CLIENT_CONFIRMATION_OK"
22759,10420112909,10420112951,1,"IOTHUB_CLIENT_CONFIRMATION_OK"
22760,10420113109,10420113144,1,"IOTHUB_CLIENT_CONFIRMATION_OK"
22761,10420113309,10420113371,1,"IOTHUB_CLIENT_CONFIRMATION_OK"
22762,10420113509,10420113558,1,"IOTHUB_CLIENT_CONFIRMATION_OK"
22763,10420113710,10420113863,1,"IOTHUB_CLIENT_CONFIRMATION_OK"
22764,10420113910,10420113944,1,"IOTHUB_CLIENT_CONFIRMATION_OK"
22765,10420114110,10420114169,1,"IOTHUB_CLIENT_CONFIRMATION_OK"
22766,10420114310,10420114343,1,"IOTHUB_CLIENT_CONFIRMATION_OK"
22767,10420114510,10420114542,1,"IOTHUB_CLIENT_CONFIRMATION_OK"
22768,10420114710,10420114746,1,"IOTHUB_CLIENT_CONFIRMATION_OK"
22769,10420114910,10420114942,1,"IOTHUB_CLIENT_CONFIRMATION_OK"
22770,10420115111,10420115158,1,"IOTHUB_CLIENT_CONFIRMATION_OK"
22771,10420115311,10420115342,1,"IOTHUB_CLIENT_CONFIRMATION_OK"
22772,10420115511,10420115546,1,"IOTHUB_CLIENT_CONFIRMATION_OK"
22773,10420115711,10420115741,1,"IOTHUB_CLIENT_CONFIRMATION_OK"
22774,10420115911,10420115956,1,"IOTHUB_CLIENT_CONFIRMATION_OK"
22775,10420116111,10420116173,1,"IOTHUB_CLIENT_CONFIRMATION_OK"
22776,10420116312,10420116365,1,"IOTHUB_CLIENT_CONFIRMATION_OK"
22777,10420116512,10420116546,1,"IOTHUB_CLIENT_CONFIRMATION_OK"
22778,10420116712,10420116832,1,"IOTHUB_CLIENT_CONFIRMATION_OK"
22779,10420116912,10420117000,1,"IOTHUB_CLIENT_CONFIRMATION_OK"
22780,10420117112,10420117147,1,"IOTHUB_CLIENT_CONFIRMATION_OK"
22781,10420117313,10420117347,1,"IOTHUB_CLIENT_CONFIRMATION_OK"
22782,10420117513,10420117573,1,"IOTHUB_CLIENT_CONFIRMATION_OK"
22783,10420117713,10420117749,1,"IOTHUB_CLIENT_CONFIRMATION_OK"
22784,10420117913,10420117944,1,"IOTHUB_CLIENT_CONFIRMATION_OK"
22785,10420118113,10420118146,1,"IOTHUB_CLIENT_CONFIRMATION_OK"
22786,10420118313,10420118397,1,"IOTHUB_CLIENT_CONFIRMATION_OK"
22787,10420118514,10420118548,1,"IOTHUB_CLIENT_CONFIRMATION_OK"
22788,10420118714,10420118749,1,"IOTHUB_CLIENT_CONFIRMATION_OK"
22789,10420118914,10420118949,1,"IOTHUB_CLIENT_CONFIRMATION_OK"
22790,10420119114,10420119231,1,"IOTHUB_CLIENT_CONFIRMATION_OK"
22791,10420119314,10420119355,1,"IOTHUB_CLIENT_CONFIRMATION_OK"
22792,10420119514,10420119556,1,"IOTHUB_CLIENT_CONFIRMATION_OK"
22793,10420119714,10420119749,1,"IOTHUB_CLIENT_CONFIRMATION_OK"
22794,10420119915,10420119959,1,"IOTHUB_CLIENT_CONFIRMATION_OK"
22795,10420120115,10420120146,1,"IOTHUB_CLIENT_CONFIRMATION_OK"
22796,10420120315,10420120348,1,"IOTHUB_CLIENT_CONFIRMATION_OK"
22797,10420120515,10420120549,1,"IOTHUB_CLIENT_CONFIRMATION_OK"
22798,10420120715,10420120750,1,"IOTHUB_CLIENT_CONFIRMATION_OK"
22799,10420120915,10420120948,1,"IOTHUB_CLIENT_CONFIRMATION_OK"
22800,10420121116,10420121217,1,"IOTHUB_CLIENT_CONFIRMATION_OK"
22801,10420121316,10420121366,1,"IOTHUB_CLIENT_CONFIRMATION_OK"
22802,10420121516,10420121599,1,"IOTHUB_CLIENT_CONFIRMATION_OK"
22803,10420121716,10420121746,1,"IOTHUB_CLIENT_CONFIRMATION_OK"
22804,10420121916,10420121961,1,"IOTHUB_CLIENT_CONFIRMATION_OK"
22805,10420122116,10420122312,1,"IOTHUB_CLIENT_CONFIRMATION_OK"
22806,10420122316,10420122426,1,"IOTHUB_CLIENT_CONFIRMATION_OK"
22807,10420122517,10420122566,1,"IOTHUB_CLIENT_CONFIRMATION_OK"
22808,10420122717,10420122752,1,"IOTHUB_CLIENT_CONFIRMATION_OK"
22809,10420122917,10420123089,1,"IOTHUB_CLIENT_CONFIRMATION_OK"
22810,10420123117,10420123256,1,"IOTHUB_CLIENT_CONFIRMATION_OK"
22811,10420123317,10420123391,1,"IOTHUB_CLIENT_CONFIRMATION_OK"
22812,10420123517,10420123660,1,"IOTHUB_CLIENT_CONFIRMATION_OK"
22813,10420123717,10420123749,1,"IOTHUB_CLIENT_CONFIRMATION_OK"
22814,10420123918,10420123953,1,"IOTHUB_CLIENT_CONFIRMATION_OK"
22815,10420124118,10420124247,1,"IOTHUB_CLIENT_CONFIRMATION_OK"
22816,10420124318,10420124385,1,"IOTHUB_CLIENT_CONFIRMATION_OK"
22817,10420124518,10420124548,1,"IOTHUB_CLIENT_CONFIRMATION_OK"
22818,10420124718,10420124751,1,"IOTHUB_CLIENT_CONFIRMATION_OK"
22819,10420124918,10420124954,1,"IOTHUB_CLIENT_CONFIRMATION_OK"
22820,10420125119,10420125168,1,"IOTHUB_CLIENT_CONFIRMATION_OK"
22821,10420125319,10420125364,1,"IOTHUB_CLIENT_CONFIRMATION_OK"
22822,10420125519,10420125553,1,"IOTHUB_CLIENT_CONFIRMATION_OK"
22823,10420125719,10420125919,1,"IOTHUB_CLIENT_CONFIRMATION_OK"
22824,10420125919,10420125968,1,"IOTHUB_CLIENT_CONFIRMATION_OK"
22825,10420126119,10420126183,1,"IOTHUB_CLIENT_CONFIRMATION_OK"
22826,10420126320,10420126354,1,"IOTHUB_CLIENT_CONFIRMATION_OK"
22827,10420126520,10420126563,1,"IOTHUB_CLIENT_CONFIRMATION_OK"
22828,10420126720,10420126748,1,"IOTHUB_CLIENT_CONFIRMATION_OK"
22829,10420126920,10420126951,1,"IOTHUB_CLIENT_CONFIRMATION_OK"
22830,10420127120,10420127154,1,"IOTHUB_CLIENT_CONFIRMATION_OK"
22831,10420127320,10420127376,1,"IOTHUB_CLIENT_CONFIRMATION_OK"
22832,10420127520,10420127557,1,"IOTHUB_CLIENT_CONFIRMATION_OK"
22833,10420127721,10420127792,1,"IOTHUB_CLIENT_CONFIRMATION_OK"
22834,10420127921,10420127954,1,"IOTHUB_CLIENT_CONFIRMATION_OK"
22835,10420128121,10420128175,1,"IOTHUB_CLIENT_CONFIRMATION_OK"
22836,10420128321,10420128380,1,"IOTHUB_CLIENT_CONFIRMATION_OK"
22837,10420128521,10420128553,1,"IOTHUB_CLIENT_CONFIRMATION_OK"
22838,10420128721,10420128778,1,"IOTHUB_CLIENT_CONFIRMATION_OK"
22839,10420128921,10420128983,1,"IOTHUB_CLIENT_CONFIRMATION_OK"
22840,10420129122,10420129214,1,"IOTHUB_CLIENT_CONFIRMATION_OK"
22841,10420129322,10420129355,1,"IOTHUB_CLIENT_CONFIRMATION_OK"
22842,10420129522,10420129557,1,"IOTHUB_CLIENT_CONFIRMATION_OK"
22843,10420129722,10420129753,1,"IOTHUB_CLIENT_CONFIRMATION_OK"
22844,10420129922,10420129960,1,"IOTHUB_CLIENT_CONFIRMATION_OK"
22845,10420130122,10420130156,1,"IOTHUB_CLIENT_CONFIRMATION_OK"
22846,10420130323,10420130358,1,"IOTHUB_CLIENT_CONFIRMATION_OK"
22847,10420130523,10420130558,1,"IOTHUB_CLIENT_CONFIRMATION_OK"
22848,10420130723,10420130754,1,"IOTHUB_CLIENT_CONFIRMATION_OK"
22849,10420130923,10420130978,1,"IOTHUB_CLIENT_CONFIRMATION_OK"
22850,10420131123,10420131157,1,"IOTHUB_CLIENT_CONFIRMATION_OK"
22851,10420131323,10420131453,1,"IOTHUB_CLIENT_CONFIRMATION_OK"
22852,10420131524,10420131559,1,"IOTHUB_CLIENT_CONFIRMATION_OK"
22853,10420131724,10420131770,1,"IOTHUB_CLIENT_CONFIRMATION_OK"
22854,10420131924,10420131972,1,"IOTHUB_CLIENT_CONFIRMATION_OK"
22855,10420132124,10420132388,1,"IOTHUB_CLIENT_CONFIRMATION_OK"
22856,10420132324,10420132414,1,"IOTHUB_CLIENT_CONFIRMATION_OK"
22857,10420132524,10420132557,1,"IOTHUB_CLIENT_CONFIRMATION_OK"
22858,10420132724,10420132754,1,"IOTHUB_CLIENT_CONFIRMATION_OK"
22859,10420132925,10420133097,1,"IOTHUB_CLIENT_CONFIRMATION_OK"
22860,10420133125,10420133158,1,"IOTHUB_CLIENT_CONFIRMATION_OK"
22861,10420133325,10420133356,1,"IOTHUB_CLIENT_CONFIRMATION_OK"
22862,10420133525,10420133582,1,"IOTHUB_CLIENT_CONFIRMATION_OK"
22863,10420133725,10420133756,1,"IOTHUB_CLIENT_CONFIRMATION_OK"
22864,10420133925,10420133965,1,"IOTHUB_CLIENT_CONFIRMATION_OK"
22865,10420134126,10420134169,1,"IOTHUB_CLIENT_CONFIRMATION_OK"
22866,10420134326,10420134365,1,"IOTHUB_CLIENT_CONFIRMATION_OK"
22867,10420134526,10420134565,1,"IOTHUB_CLIENT_CONFIRMATION_OK"
22868,10420134726,10420134761,1,"IOTHUB_CLIENT_CONFIRMATION_OK"
22869,10420134926,10420134957,1,"IOTHUB_CLIENT_CONFIRMATION_OK"
22870,10420135126,10420135170,1,"IOTHUB_CLIENT_CONFIRMATION_OK"
22871,10420135326,10420135384,1,"IOTHUB_CLIENT_CONFIRMATION_OK"
22872,10420135527,10420135565,1,"IOTHUB_CLIENT_CONFIRMATION_OK"
22873,10420135727,10420135764,1,"IOTHUB_CLIENT_CONFIRMATION_OK"
22874,10420135927,10420135970,1,"IOTHUB_CLIENT_CONFIRMATION_OK"
22875,10420136127,10420136160,1,"IOTHUB_CLIENT_CONFIRMATION_OK"
22876,10420136327,10420136369,1,"IOTHUB_CLIENT_CONFIRMATION_OK"
22877,10420136527,10420136562,1,"IOTHUB_CLIENT_CONFIRMATION_OK"
22878,10420136728,10420136762,1,"IOTHUB_CLIENT_CONFIRMATION_OK"
22879,10420136928,10420136996,1,"IOTHUB_CLIENT_CONFIRMATION_OK"
22880,10420137128,10420137167,1,"IOTHUB_CLIENT_CONFIRMATION_OK"
22881,10420137328,10420137364,1,"IOTHUB_CLIENT_CONFIRMATION_OK"
22882,10420137528,10420137577,1,"IOTHUB_CLIENT_CONFIRMATION_OK"
22883,10420137728,10420137759,1,"IOTHUB_CLIENT_CONFIRMATION_OK"
22884,10420137929,10420138044,1,"IOTHUB_CLIENT_CONFIRMATION_OK"
22885,10420138129,10420138182,1,"IOTHUB_CLIENT_CONFIRMATION_OK"
22886,10420138329,10420138370,1,"IOTHUB_CLIENT_CONFIRMATION_OK"
22887,10420138529,10420138697,1,"IOTHUB_CLIENT_CONFIRMATION_OK"
22888,10420138729,10420138816,1,"IOTHUB_CLIENT_CONFIRMATION_OK"
22889,10420138930,10420138973,1,"IOTHUB_CLIENT_CONFIRMATION_OK"
22890,10420139130,10420139197,1,"IOTHUB_CLIENT_CONFIRMATION_OK"
22891,10420139330,10420139360,1,"IOTHUB_CLIENT_CONFIRMATION_OK"
22892,10420139530,10420139566,1,"IOTHUB_CLIENT_CONFIRMATION_OK"
22893,10420139730,10420139776,1,"IOTHUB_CLIENT_CONFIRMATION_OK"
22894,10420139930,10420139971,1,"IOTHUB_CLIENT_CONFIRMATION_OK"
22895,10420140130,10420140186,1,"IOTHUB_CLIENT_CONFIRMATION_OK"
22896,10420140331,10420140364,1,"IOTHUB_CLIENT_CONFIRMATION_OK"
22897,10420140531,10420140684,1,"IOTHUB_CLIENT_CONFIRMATION_OK"
22898,10420140731,10420140765,1,"IOTHUB_CLIENT_CONFIRMATION_OK"
22899,10420140931,10420140971,1,"IOTHUB_CLIENT_CONFIRMATION_OK"
22900,10420141131,10420141160,1,"IOTHUB_CLIENT_CONFIRMATION_OK"
22901,10420141331,10420141496,1,"IOTHUB_CLIENT_CONFIRMATION_OK"
22902,10420141532,10420141562,1,"IOTHUB_CLIENT_CONFIRMATION_OK"
22903,10420141732,10420141761,1,"IOTHUB_CLIENT_CONFIRMATION_OK"
22904,10420141932,10420141966,1,"IOTHUB_CLIENT_CONFIRMATION_OK"
22905,10420142132,10420142183,1,"IOTHUB_CLIENT_CONFIRMATION_OK"
22906,10420142332,10420142369,1,"IOTHUB_CLIENT_CONFIRMATION_OK"
22907,10420142532,10420142569,1,"IOTHUB_CLIENT_CONFIRMATION_OK"
22908,10420142733,10420142857,1,"IOTHUB_CLIENT_CONFIRMATION_OK"
22909,10420142933,10420142969,1,"IOTHUB_CLIENT_CONFIRMATION_OK"
22910,10420143133,10420143167,1,"IOTHUB_CLIENT_CONFIRMATION_OK"
22911,10420143333,10420143365,1,"IOTHUB_CLIENT_CONFIRMATION_OK"
22912,10420143533,10420143569,1,"IOTHUB_CLIENT_CONFIRMATION_OK"
22913,10420143733,10420143831,1,"IOTHUB_CLIENT_CONFIRMATION_OK"
22914,10420143933,10420143983,1,"IOTHUB_CLIENT_CONFIRMATION_OK"
22915,10420144134,10420144206,1,"IOTHUB_CLIENT_CONFIRMATION_OK"
22916,10420144334,10420144410,1,"IOTHUB_CLIENT_CONFIRMATION_OK"
22917,10420144534,10420144601,1,"IOTHUB_CLIENT_CONFIRMATION_OK"
22918,10420144734,10420144771,1,"IOTHUB_CLIENT_CONFIRMATION_OK"
22919,10420144934,10420144973,1,"IOTHUB_CLIENT_CONFIRMATION_OK"
22920,10420145134,10420145190,1,"IOTHUB_CLIENT_CONFIRMATION_OK"
22921,10420145335,10420145387,1,"IOTHUB_CLIENT_CONFIRMATION_OK"
22922,10420145535,10420145588,1,"IOTHUB_CLIENT_CONFIRMATION_OK"
22923,10420145735,10420145765,1,"IOTHUB_CLIENT_CONFIRMATION_OK"
22924,10420145935,10420145997,1,"IOTHUB_CLIENT_CONFIRMATION_OK"
22925,10420146135,10420146196,1,"IOTHUB_CLIENT_CONFIRMATION_OK"
22926,10420146335,10420146385,1,"IOTHUB_CLIENT_CONFIRMATION_OK"
22927,10420146536,10420146569,1,"IOTHUB_CLIENT_CONFIRMATION_OK"
22928,10420146736,10420146850,1,"IOTHUB_CLIENT_CONFIRMATION_OK"
22929,10420146936,10420146986,1,"IOTHUB_CLIENT_CONFIRMATION_OK"
22930,10420147136,10420147271,1,"IOTHUB_CLIENT_CONFIRMATION_OK"
22931,10420147336,10420147370,1,"IOTHUB_CLIENT_CONFIRMATION_OK"
22932,10420147536,10420147572,1,"IOTHUB_CLIENT_CONFIRMATION_OK"
22933,10420147737,10420147768,1,"IOTHUB_CLIENT_CONFIRMATION_OK"
22934,10420147937,10420147975,1,"IOTHUB_CLIENT_CONFIRMATION_OK"
22935,10420148137,10420148170,1,"IOTHUB_CLIENT_CONFIRMATION_OK"
22936,10420148337,10420148372,1,"IOTHUB_CLIENT_CONFIRMATION_OK"
22937,10420148537,10420148596,1,"IOTHUB_CLIENT_CONFIRMATION_OK"
22938,10420148737,10420148774,1,"IOTHUB_CLIENT_CONFIRMATION_OK"
22939,10420148937,10420148992,1,"IOTHUB_CLIENT_CONFIRMATION_OK"
22940,10420149138,10420149176,1,"IOTHUB_CLIENT_CONFIRMATION_OK"
22941,10420149338,10420149374,1,"IOTHUB_CLIENT_CONFIRMATION_OK"
22942,10420149538,10420149577,1,"IOTHUB_CLIENT_CONFIRMATION_OK"
22943,10420149738,10420149925,1,"IOTHUB_CLIENT_CONFIRMATION_OK"
22944,10420149938,10420149972,1,"IOTHUB_CLIENT_CONFIRMATION_OK"
22945,10420150138,10420150177,1,"IOTHUB_CLIENT_CONFIRMATION_OK"
22946,10420150339,10420150413,1,"IOTHUB_CLIENT_CONFIRMATION_OK"
22947,10420150539,10420150579,1,"IOTHUB_CLIENT_CONFIRMATION_OK"
22948,10420150739,10420150778,1,"IOTHUB_CLIENT_CONFIRMATION_OK"
22949,10420150939,10420150969,1,"IOTHUB_CLIENT_CONFIRMATION_OK"
22950,10420151139,10420151182,1,"IOTHUB_CLIENT_CONFIRMATION_OK"
22951,10420151339,10420151371,1,"IOTHUB_CLIENT_CONFIRMATION_OK"
22952,10420151540,10420151573,1,"IOTHUB_CLIENT_CONFIRMATION_OK"
22953,10420151740,10420151779,1,"IOTHUB_CLIENT_CONFIRMATION_OK"
22954,10420151940,10420151972,1,"IOTHUB_CLIENT_CONFIRMATION_OK"
22955,10420152140,10420152199,1,"IOTHUB_CLIENT_CONFIRMATION_OK"
22956,10420152340,10420152380,1,"IOTHUB_CLIENT_CONFIRMATION_OK"
22957,10420152540,10420152576,1,"IOTHUB_CLIENT_CONFIRMATION_OK"
22958,10420152741,10420152800,1,"IOTHUB_CLIENT_CONFIRMATION_OK"
22959,10420152941,10420153007,1,"IOTHUB_CLIENT_CONFIRMATION_OK"
22960,10420153141,10420153175,1,"IOTHUB_CLIENT_CONFIRMATION_OK"
22961,10420153341,10420153377,1,"IOTHUB_CLIENT_CONFIRMATION_OK"
22962,10420153541,10420153578,1,"IOTHUB_CLIENT_CONFIRMATION_OK"
22963,10420153741,10420153774,1,"IOTHUB_CLIENT_CONFIRMATION_OK"
22964,10420153941,10420153976,1,"IOTHUB_CLIENT_CONFIRMATION_OK"
22965,10420154142,10420154175,1,"IOTHUB_CLIENT_CONFIRMATION_OK"
22966,10420154342,10420154389,1,"IOTHUB_CLIENT_CONFIRMATION_OK"
22967,10420154542,10420154586,1,"IOTHUB_CLIENT_CONFIRMATION_OK"
22968,10420154742,10420154785,1,"IOTHUB_CLIENT_CONFIRMATION_OK"
22969,10420154942,10420154985,1,"IOTHUB_CLIENT_CONFIRMATION_OK"
22970,10420155142,10420155218,1,"IOTHUB_CLIENT_CONFIRMATION_OK"
22971,10420155343,10420155444,1,"IOTHUB_CLIENT_CONFIRMATION_OK"
22972,10420155543,10420155577,1,"IOTHUB_CLIENT_CONFIRMATION_OK"
22973,10420155743,10420155786,1,"IOTHUB_CLIENT_CONFIRMATION_OK"
22974,10420155943,10420156027,1,"IOTHUB_CLIENT_CONFIRMATION_OK"
22975,10420156143,10420156174,1,"IOTHUB_CLIENT_CONFIRMATION_OK"
22976,10420156343,10420156383,1,"IOTHUB_CLIENT_CONFIRMATION_OK"
22977,10420156543,10420156573,1,"IOTHUB_CLIENT_CONFIRMATION_OK"
22978,10420156744,10420156865,1,"IOTHUB_CLIENT_CONFIRMATION_OK"
22979,10420156944,10420156979,1,"IOTHUB_CLIENT_CONFIRMATION_OK"
22980,10420157144,10420157177,1,"IOTHUB_CLIENT_CONFIRMATION_OK"
22981,10420157344,10420157415,1,"IOTHUB_CLIENT_CONFIRMATION_OK"
22982,10420157544,10420157596,1,"IOTHUB_CLIENT_CONFIRMATION_OK"
22983,10420157744,10420157785,1,"IOTHUB_CLIENT_CONFIRMATION_OK"
22984,10420157944,10420157991,1,"IOTHUB_CLIENT_CONFIRMATION_OK"
22985,10420158145,10420158175,1,"IOTHUB_CLIENT_CONFIRMATION_OK"
22986,10420158345,10420158378,1,"IOTHUB_CLIENT_CONFIRMATION_OK"
22987,10420158545,10420158577,1,"IOTHUB_CLIENT_CONFIRMATION_OK"
22988,10420158745,10420158776,1,"IOTHUB_CLIENT_CONFIRMATION_OK"
22989,10420158945,10420159066,1,"IOTHUB_CLIENT_CONFIRMATION_OK"
22990,10420159145,10420159182,1,"IOTHUB_CLIENT_CONFIRMATION_OK"
22991,10420159345,10420159399,1,"IOTHUB_CLIENT_CONFIRMATION_OK"
22992,10420159546,10420159578,1,"IOTHUB_CLIENT_CONFIRMATION_OK"
22993,10420159746,10420159884,1,"IOTHUB_CLIENT_CONFIRMATION_OK"
22994,10420159946,10420159981,1,"IOTHUB_CLIENT_CONFIRMATION_OK"
22995,10420160146,10420160181,1,"IOTHUB_CLIENT_CONFIRMATION_OK"
22996,10420160346,10420160376,1,"IOTHUB_CLIENT_CONFIRMATION_OK"
22997,10420160546,10420160640,1,"IOTHUB_CLIENT_CONFIRMATION_OK"
22998,10420160747,10420160776,1,"IOTHUB_CLIENT_CONFIRMATION_OK"
22999,10420160947,10420161001,1,"IOTHUB_CLIENT_CONFIRMATION_OK"
23000,10420161147,10420161191,1,"IOTHUB_CLIENT_CONFIRMATION_OK"
23001,10420161347,10420161452,1,"IOTHUB_CLIENT_CONFIRMATION_OK"
23002,10420161547,10420161629,1,"IOTHUB_CLIENT_CONFIRMATION_OK"
23003,10420161747,10420161787,1,"IOTHUB_CLIENT_CONFIRMATION_OK"
23004,10420161947,10420161979,1,"IOTHUB_CLIENT_CONFIRMATION_OK"
23005,10420162148,10420162239,1,"IOTHUB_CLIENT_CONFIRMATION_OK"
23006,10420162348,10420162393,1,"IOTHUB_CLIENT_CONFIRMATION_OK"
23007,10420162548,10420162583,1,"IOTHUB_CLIENT_CONFIRMATION_OK"
23008,10420162748,10420162787,1,"IOTHUB_CLIENT_CONFIRMATION_OK"
23009,10420162948,10420162986,1,"IOTHUB_CLIENT_CONFIRMATION_OK"
23010,10420163148,10420163208,1,"IOTHUB_CLIENT_CONFIRMATION_OK"
23011,10420163349,10420163400,1,"IOTHUB_CLIENT_CONFIRMATION_OK"
23012,10420163549,10420163579,1,"IOTHUB_CLIENT_CONFIRMATION_OK"
23013,10420163749,10420163782,1,"IOTHUB_CLIENT_CONFIRMATION_OK"
23014,10420163949,10420163992,1,"IOTHUB_CLIENT_CONFIRMATION_OK"
23015,10420164149,10420164184,1,"IOTHUB_CLIENT_CONFIRMATION_OK"
23016,10420164349,10420164401,1,"IOTHUB_CLIENT_CONFIRMATION_OK"
23017,10420164550,10420164582,1,"IOTHUB_CLIENT_CONFIRMATION_OK"
23018,10420164750,10420164796,1,"IOTHUB_CLIENT_CONFIRMATION_OK"
23019,10420164950,10420164984,1,"IOTHUB_CLIENT_CONFIRMATION_OK"
23020,10420165150,10420165184,1,"IOTHUB_CLIENT_CONFIRMATION_OK"
23021,10420165350,10420165386,1,"IOTHUB_CLIENT_CONFIRMATION_OK"
23022,10420165550,10420165585,1,"IOTHUB_CLIENT_CONFIRMATION_OK"
23023,10420165750,10420165815,1,"IOTHUB_CLIENT_CONFIRMATION_OK"
23024,10420165951,10420165988,1,"IOTHUB_CLIENT_CONFIRMATION_OK"
23025,10420166151,10420166221,1,"IOTHUB_CLIENT_CONFIRMATION_OK"
23026,10420166351,10420166395,1,"IOTHUB_CLIENT_CONFIRMATION_OK"
23027,10420166551,10420166589,1,"IOTHUB_CLIENT_CONFIRMATION_OK"
23028,10420166751,10420166795,1,"IOTHUB_CLIENT_CONFIRMATION_OK"
23029,10420166951,10420166988,1,"IOTHUB_CLIENT_CONFIRMATION_OK"
23030,10420167152,10420167183,1,"IOTHUB_CLIENT_CONFIRMATION_OK"
23031,10420167352,10420167387,1,"IOTHUB_CLIENT_CONFIRMATION_OK"
23032,10420167552,10420167616,1,"IOTHUB_CLIENT_CONFIRMATION_OK"
23033,10420167752,10420167792,1,"IOTHUB_CLIENT_CONFIRMATION_OK"
23034,10420167952,10420167989,1,"IOTHUB_CLIENT_CONFIRMATION_OK"
23035,10420168152,10420168187,1,"IOTHUB_CLIENT_CONFIRMATION_OK"
23036,10420168353,10420168391,1,"IOTHUB_CLIENT_CONFIRMATION_OK"
23037,10420168553,10420168590,1,"IOTHUB_CLIENT_CONFIRMATION_OK"
23038,10420168753,10420168788,1,"IOTHUB_CLIENT_CONFIRMATION_OK"
23039,10420168953,10420169018,1,"IOTHUB_CLIENT_CONFIRMATION_OK"
23040,10420169153,10420169189,1,"IOTHUB_CLIENT_CONFIRMATION_OK"
23041,10420169353,10420169386,1,"IOTHUB_CLIENT_CONFIRMATION_OK"
23042,10420169553,10420169586,1,"IOTHUB_CLIENT_CONFIRMATION_OK"
23043,10420169754,10420169839,1,"IOTHUB_CLIENT_CONFIRMATION_OK"
23044,10420169954,10420169991,1,"IOTHUB_CLIENT_CONFIRMATION_OK"
23045,10420170154,10420170198,1,"IOTHUB_CLIENT_CONFIRMATION_OK"
23046,10420170354,10420170405,1,"IOTHUB_CLIENT_CONFIRMATION_OK"
23047,10420170554,10420170673,1,"IOTHUB_CLIENT_CONFIRMATION_OK"
23048,10420170754,10420170792,1,"IOTHUB_CLIENT_CONFIRMATION_OK"
23049,10420170955,10420171042,1,"IOTHUB_CLIENT_CONFIRMATION_OK"
23050,10420171155,10420171192,1,"IOTHUB_CLIENT_CONFIRMATION_OK"
23051,10420171355,10420171463,1,"IOTHUB_CLIENT_CONFIRMATION_OK"
23052,10420171555,10420171614,1,"IOTHUB_CLIENT_CONFIRMATION_OK"
23053,10420171755,10420171790,1,"IOTHUB_CLIENT_CONFIRMATION_OK"
23054,10420171955,10420172004,1,"IOTHUB_CLIENT_CONFIRMATION_OK"
23055,10420172156,10420172186,1,"IOTHUB_CLIENT_CONFIRMATION_OK"
23056,10420172356,10420172389,1,"IOTHUB_CLIENT_CONFIRMATION_OK"
23057,10420172556,10420172610,1,"IOTHUB_CLIENT_CONFIRMATION_OK"
23058,10420172756,10420172789,1,"IOTHUB_CLIENT_CONFIRMATION_OK"
23059,10420172956,10420172991,1,"IOTHUB_CLIENT_CONFIRMATION_OK"
23060,10420173156,10420173190,1,"IOTHUB_CLIENT_CONFIRMATION_OK"
23061,10420173356,10420173387,1,"IOTHUB_CLIENT_CONFIRMATION_OK"
23062,10420173557,10420173712,1,"IOTHUB_CLIENT_CONFIRMATION_OK"
23063,10420173757,10420173808,1,"IOTHUB_CLIENT_CONFIRMATION_OK"
23064,10420173957,10420173988,1,"IOTHUB_CLIENT_CONFIRMATION_OK"
23065,10420174157,10420174198,1,"IOTHUB_CLIENT_CONFIRMATION_OK"
23066,10420174357,10420174532,1,"IOTHUB_CLIENT_CONFIRMATION_OK"
23067,10420174557,10420174590,1,"IOTHUB_CLIENT_CONFIRMATION_OK"
23068,10420174758,10420174794,1,"IOTHUB_CLIENT_CONFIRMATION_OK"
23069,10420174958,10420175003,1,"IOTHUB_CLIENT_CONFIRMATION_OK"
23070,10420175158,10420175357,1,"IOTHUB_CLIENT_CONFIRMATION_OK"
23071,10420175358,10420175396,1,"IOTHUB_CLIENT_CONFIRMATION_OK"
23072,10420175558,10420175594,1,"IOTHUB_CLIENT_CONFIRMATION_OK"
23073,10420175758,10420175793,1,"IOTHUB_CLIENT_CONFIRMATION_OK"
23074,10420175958,10420175989,1,"IOTHUB_CLIENT_CONFIRMATION_OK"
23075,10420176159,10420176192,1,"IOTHUB_CLIENT_CONFIRMATION_OK"
23076,10420176359,10420176409,1,"IOTHUB_CLIENT_CONFIRMATION_OK"
23077,10420176559,10420176604,1,"IOTHUB_CLIENT_CONFIRMATION_OK"
23078,10420176759,10420176798,1,"IOTHUB_CLIENT_CONFIRMATION_OK"
23079,10420176959,10420176994,1,"IOTHUB_CLIENT_CONFIRMATION_OK"
23080,10420177159,10420177220,1,"IOTHUB_CLIENT_CONFIRMATION_OK"
23081,10420177360,10420177397,1,"IOTHUB_CLIENT_CONFIRMATION_OK"
23082,10420177560,10420177633,1,"IOTHUB_CLIENT_CONFIRMATION_OK"
23083,10420177760,10420177793,1,"IOTHUB_CLIENT_CONFIRMATION_OK"
23084,10420177960,10420177995,1,"IOTHUB_CLIENT_CONFIRMATION_OK"
23085,10420178160,10420178192,1,"IOTHUB_CLIENT_CONFIRMATION_OK"
23086,10420178360,10420178401,1,"IOTHUB_CLIENT_CONFIRMATION_OK"
23087,10420178561,10420178596,1,"IOTHUB_CLIENT_CONFIRMATION_OK"
23088,10420178761,10420178797,1,"IOTHUB_CLIENT_CONFIRMATION_OK"
23089,10420178961,10420178998,1,"IOTHUB_CLIENT_CONFIRMATION_OK"
23090,10420179161,10420179196,1,"IOTHUB_CLIENT_CONFIRMATION_OK"
23091,10420179361,10420179398,1,"IOTHUB_CLIENT_CONFIRMATION_OK"
23092,10420179562,10420179601,1,"IOTHUB_CLIENT_CONFIRMATION_OK"
23093,10420179762,10420179800,1,"IOTHUB_CLIENT_CONFIRMATION_OK"
23094,10420179962,10420179995,1,"IOTHUB_CLIENT_CONFIRMATION_OK"
23095,10420180162,10420180196,1,"IOTHUB_CLIENT_CONFIRMATION_OK"
23096,10420180362,10420180431,1,"IOTHUB_CLIENT_CONFIRMATION_OK"
23097,10420180563,10420180634,1,"IOTHUB_CLIENT_CONFIRMATION_OK"
23098,10420180763,10420180819,1,"IOTHUB_CLIENT_CONFIRMATION_OK"
23099,10420180963,10420181001,1,"IOTHUB_CLIENT_CONFIRMATION_OK"
23100,10420181163,10420181197,1,"IOTHUB_CLIENT_CONFIRMATION_OK"
23101,10420181363,10420181439,1,"IOTHUB_CLIENT_CONFIRMATION_OK"
23102,10420181563,10420181599,1,"IOTHUB_CLIENT_CONFIRMATION_OK"
23103,10420181764,10420181793,1,"IOTHUB_CLIENT_CONFIRMATION_OK"
23104,10420181964,10420181998,1,"IOTHUB_CLIENT_CONFIRMATION_OK"
23105,10420182164,10420182252,1,"IOTHUB_CLIENT_CONFIRMATION_OK"
23106,10420182364,10420182395,1,"IOTHUB_CLIENT_CONFIRMATION_OK"
23107,10420182564,10420182602,1,"IOTHUB_CLIENT_CONFIRMATION_OK"
23108,10420182764,10420182798,1,"IOTHUB_CLIENT_CONFIRMATION_OK"
23109,10420182964,10420182997,1,"IOTHUB_CLIENT_CONFIRMATION_OK"
23110,10420183165,10420183215,1,"IOTHUB_CLIENT_CONFIRMATION_OK"
23111,10420183365,10420183408,1,"IOTHUB_CLIENT_CONFIRMATION_OK"
23112,10420183565,10420183656,1,"IOTHUB_CLIENT_CONFIRMATION_OK"
23113,10420183765,10420183819,1,"IOTHUB_CLIENT_CONFIRMATION_OK"
23114,10420183965,10420183996,1,"IOTHUB_CLIENT_CONFIRMATION_OK"
23115,10420184165,10420184200,1,"IOTHUB_CLIENT_CONFIRMATION_OK"
23116,10420184366,10420184485,1,"IOTHUB_CLIENT_CONFIRMATION_OK"
23117,10420184566,10420184613,1,"IOTHUB_CLIENT_CONFIRMATION_OK"
23118,10420184766,10420184799,1,"IOTHUB_CLIENT_CONFIRMATION_OK"
23119,10420184966,10420184999,1,"IOTHUB_CLIENT_CONFIRMATION_OK"
23120,10420185166,10420185301,1,"IOTHUB_CLIENT_CONFIRMATION_OK"
23121,10420185366,10420185408,1,"IOTHUB_CLIENT_CONFIRMATION_OK"
23122,10420185567,10420185620,1,"IOTHUB_CLIENT_CONFIRMATION_OK"
23123,10420185767,10420185800,1,"IOTHUB_CLIENT_CONFIRMATION_OK"
23124,10420185967,10420186107,1,"IOTHUB_CLIENT_CONFIRMATION_OK"
23125,10420186167,10420186200,1,"IOTHUB_CLIENT_CONFIRMATION_OK"
23126,10420186367,10420186401,1,"IOTHUB_CLIENT_CONFIRMATION_OK"
23127,10420186567,10420186599,1,"IOTHUB_CLIENT_CONFIRMATION_OK"
23128,10420186767,10420186834,1,"IOTHUB_CLIENT_CONFIRMATION_OK"
23129,10420186968,10420186997,1,"IOTHUB_CLIENT_CONFIRMATION_OK"
23130,10420187168,10420187200,1,"IOTHUB_CLIENT_CONFIRMATION_OK"
23131,10420187368,10420187405,1,"IOTHUB_CLIENT_CONFIRMATION_OK"
23132,10420187568,10420187614,1,"IOTHUB_CLIENT_CONFIRMATION_OK"
23133,10420187768,10420187802,1,"IOTHUB_CLIENT_CONFIRMATION_OK"
23134,10420187968,10420188005,1,"IOTHUB_CLIENT_CONFIRMATION_OK"
23135,10420188169,10420188207,1,"IOTHUB_CLIENT_CONFIRMATION_OK"
23136,10420188369,10420188422,1,"IOTHUB_CLIENT_CONFIRMATION_OK"
23137,10420188569,10420188601,1,"IOTHUB_CLIENT_CONFIRMATION_OK"
23138,10420188769,10420188799,1,"IOTHUB_CLIENT_CONFIRMATION_OK"
23139,10420188969,10420189222,1,"IOTHUB_CLIENT_CONFIRMATION_OK"
23140,10420189169,10420189251,1,"IOTHUB_CLIENT_CONFIRMATION_OK"
23141,10420189369,10420189424,1,"IOTHUB_CLIENT_CONFIRMATION_OK"
23142,10420189570,10420189622,1,"IOTHUB_CLIENT_CONFIRMATION_OK"
23143,10420189770,10420189832,1,"IOTHUB_CLIENT_CONFIRMATION_OK"
23144,10420189970,10420190010,1,"IOTHUB_CLIENT_CONFIRMATION_OK"
23145,10420190170,10420190235,1,"IOTHUB_CLIENT_CONFIRMATION_OK"
23146,10420190370,10420190423,1,"IOTHUB_CLIENT_CONFIRMATION_OK"
23147,10420190570,10420190634,1,"IOTHUB_CLIENT_CONFIRMATION_OK"
23148,10420190771,10420190824,1,"IOTHUB_CLIENT_CONFIRMATION_OK"
23149,10420190971,10420191024,1,"IOTHUB_CLIENT_CONFIRMATION_OK"
23150,10420191171,10420191274,1,"IOTHUB_CLIENT_CONFIRMATION_OK"
23151,10420191371,10420191490,1,"IOTHUB_CLIENT_CONFIRMATION_OK"
23152,10420191571,10420191614,1,"IOTHUB_CLIENT_CONFIRMATION_OK"
23153,10420191771,10420191816,1,"IOTHUB_CLIENT_CONFIRMATION_OK"
23154,10420191972,10420192032,1,"IOTHUB_CLIENT_CONFIRMATION_OK"
23155,10420192172,10420192298,1,"IOTHUB_CLIENT_CONFIRMATION_OK"
23156,10420192372,10420192425,1,"IOTHUB_CLIENT_CONFIRMATION_OK"
23157,10420192572,10420192607,1,"IOTHUB_CLIENT_CONFIRMATION_OK"
23158,10420192772,10420192822,1,"IOTHUB_CLIENT_CONFIRMATION_OK"
23159,10420192972,10420193160,1,"IOTHUB_CLIENT_CONFIRMATION_OK"
23160,10420193172,10420193249,1,"IOTHUB_CLIENT_CONFIRMATION_OK"
23161,10420193373,10420193405,1,"IOTHUB_CLIENT_CONFIRMATION_OK"
23162,10420193573,10420193640,1,"IOTHUB_CLIENT_CONFIRMATION_OK"
23163,10420193773,10420193813,1,"IOTHUB_CLIENT_CONFIRMATION_OK"
23164,10420193973,10420194035,1,"IOTHUB_CLIENT_CONFIRMATION_OK"
23165,10420194173,10420194224,1,"IOTHUB_CLIENT_CONFIRMATION_OK"
23166,10420194373,10420194436,1,"IOTHUB_CLIENT_CONFIRMATION_OK"
23167,10420194574,10420194607,1,"IOTHUB_CLIENT_CONFIRMATION_OK"
23168,10420194774,10420194838,1,"IOTHUB_CLIENT_CONFIRMATION_OK"
23169,10420194974,10420195035,1,"IOTHUB_CLIENT_CONFIRMATION_OK"
23170,10420195174,10420195209,1,"IOTHUB_CLIENT_CONFIRMATION_OK"
23171,10420195374,10420195408,1,"IOTHUB_CLIENT_CONFIRMATION_OK"
23172,10420195574,10420195609,1,"IOTHUB_CLIENT_CONFIRMATION_OK"
23173,10420195774,10420195809,1,"IOTHUB_CLIENT_CONFIRMATION_OK"
23174,10420195975,10420196010,1,"IOTHUB_CLIENT_CONFIRMATION_OK"
23175,10420196175,10420196209,1,"IOTHUB_CLIENT_CONFIRMATION_OK"
23176,10420196375,10420196414,1,"IOTHUB_CLIENT_CONFIRMATION_OK"
23177,10420196575,10420196609,1,"IOTHUB_CLIENT_CONFIRMATION_OK"
23178,10420196775,10420196830,1,"IOTHUB_CLIENT_CONFIRMATION_OK"
23179,10420196976,10420197018,1,"IOTHUB_CLIENT_CONFIRMATION_OK"
23180,10420197176,10420197211,1,"IOTHUB_CLIENT_CONFIRMATION_OK"
23181,10420197376,10420197408,1,"IOTHUB_CLIENT_CONFIRMATION_OK"
23182,10420197576,10420197622,1,"IOTHUB_CLIENT_CONFIRMATION_OK"
23183,10420197776,10420197817,1,"IOTHUB_CLIENT_CONFIRMATION_OK"
23184,10420197976,10420198013,1,"IOTHUB_CLIENT_CONFIRMATION_OK"
23185,10420198176,10420198216,1,"IOTHUB_CLIENT_CONFIRMATION_OK"
23186,10420198377,10420198410,1,"IOTHUB_CLIENT_CONFIRMATION_OK"
23187,10420198577,10420198622,1,"IOTHUB_CLIENT_CONFIRMATION_OK"
23188,10420198777,10420198810,1,"IOTHUB_CLIENT_CONFIRMATION_OK"
23189,10420198977,10420199044,1,"IOTHUB_CLIENT_CONFIRMATION_OK"
23190,10420199177,10420199244,1,"IOTHUB_CLIENT_CONFIRMATION_OK"
23191,10420199377,10420199410,1,"IOTHUB_CLIENT_CONFIRMATION_OK"
23192,10420199578,10420199608,1,"IOTHUB_CLIENT_CONFIRMATION_OK"
23193,10420199778,10420199853,1,"IOTHUB_CLIENT_CONFIRMATION_OK"
23194,10420199978,10420200019,1,"IOTHUB_CLIENT_CONFIRMATION_OK"
23195,10420200178,10420200210,1,"IOTHUB_CLIENT_CONFIRMATION_OK"
23196,10420200378,10420200413,1,"IOTHUB_CLIENT_CONFIRMATION_OK"
23197,10420200578,10420200670,1,"IOTHUB_CLIENT_CONFIRMATION_OK"
23198,10420200778,10420200808,1,"IOTHUB_CLIENT_CONFIRMATION_OK"
23199,10420200979,10420201011,1,"IOTHUB_CLIENT_CONFIRMATION_OK"
23200,10420201179,10420201216,1,"IOTHUB_CLIENT_CONFIRMATION_OK"
23201,10420201379,10420201445,1,"IOTHUB_CLIENT_CONFIRMATION_OK"
23202,10420201579,10420201617,1,"IOTHUB_CLIENT_CONFIRMATION_OK"
23203,10420201779,10420201813,1,"IOTHUB_CLIENT_CONFIRMATION_OK"
23204,10420201979,10420202022,1,"IOTHUB_CLIENT_CONFIRMATION_OK"
23205,10420202179,10420202210,1,"IOTHUB_CLIENT_CONFIRMATION_OK"
23206,10420202380,10420202414,1,"IOTHUB_CLIENT_CONFIRMATION_OK"
23207,10420202580,10420202615,1,"IOTHUB_CLIENT_CONFIRMATION_OK"
23208,10420202780,10420202814,1,"IOTHUB_CLIENT_CONFIRMATION_OK"
23209,10420202980,10420203012,1,"IOTHUB_CLIENT_CONFIRMATION_OK"
23210,10420203180,10420203215,1,"IOTHUB_CLIENT_CONFIRMATION_OK"
23211,10420203381,10420203412,1,"IOTHUB_CLIENT_CONFIRMATION_OK"
23212,10420203581,10420203800,1,"IOTHUB_CLIENT_CONFIRMATION_OK"
23213,10420203781,10420203837,1,"IOTHUB_CLIENT_CONFIRMATION_OK"
23214,10420203981,10420204014,1,"IOTHUB_CLIENT_CONFIRMATION_OK"
23215,10420204181,10420204215,1,"IOTHUB_CLIENT_CONFIRMATION_OK"
23216,10420204382,10420204417,1,"IOTHUB_CLIENT_CONFIRMATION_OK"
23217,10420204582,10420204614,1,"IOTHUB_CLIENT_CONFIRMATION_OK"
23218,10420204782,10420204831,1,"IOTHUB_CLIENT_CONFIRMATION_OK"
23219,10420204982,10420205033,1,"IOTHUB_CLIENT_CONFIRMATION_OK"
23220,10420205182,10420205213,1,"IOTHUB_CLIENT_CONFIRMATION_OK"
23221,10420205382,10420205416,1,"IOTHUB_CLIENT_CONFIRMATION_OK"
23222,10420205583,10420205614,1,"IOTHUB_CLIENT_CONFIRMATION_OK"
23223,10420205783,10420205816,1,"IOTHUB_CLIENT_CONFIRMATION_OK"
23224,10420205983,10420206035,1,"IOTHUB_CLIENT_CONFIRMATION_OK"
23225,10420206183,10420206217,1,"IOTHUB_CLIENT_CONFIRMATION_OK"
23226,10420206383,10420206417,1,"IOTHUB_CLIENT_CONFIRMATION_OK"
23227,10420206583,10420206623,1,"IOTHUB_CLIENT_CONFIRMATION_OK"
23228,10420206783,10420206853,1,"IOTHUB_CLIENT_CONFIRMATION_OK"
23229,10420206984,10420207058,1,"IOTHUB_CLIENT_CONFIRMATION_OK"
23230,10420207184,10420207219,1,"IOTHUB_CLIENT_CONFIRMATION_OK"
23231,10420207384,10420207417,1,"IOTHUB_CLIENT_CONFIRMATION_OK"
23232,10420207584,10420207624,1,"IOTHUB_CLIENT_CONFIRMATION_OK"
23233,10420207784,10420207822,1,"IOTHUB_CLIENT_CONFIRMATION_OK"
23234,10420207984,10420208014,1,"IOTHUB_CLIENT_CONFIRMATION_OK"
23235,10420208185,10420208243,1,"IOTHUB_CLIENT_CONFIRMATION_OK"
23236,10420208385,10420208426,1,"IOTHUB_CLIENT_CONFIRMATION_OK"
23237,10420208585,10420208618,1,"IOTHUB_CLIENT_CONFIRMATION_OK"
23238,10420208785,10420208818,1,"IOTHUB_CLIENT_CONFIRMATION_OK"
23239,10420208985,10420209066,1,"IOTHUB_CLIENT_CONFIRMATION_OK"
23240,10420209185,10420209216,1,"IOTHUB_CLIENT_CONFIRMATION_OK"
23241,10420209385,10420209425,1,"IOTHUB_CLIENT_CONFIRMATION_OK"
23242,10420209585,10420209617,1,"IOTHUB_CLIENT_CONFIRMATION_OK"
23243,10420209786,10420209879,1,"IOTHUB_CLIENT_CONFIRMATION_OK"
23244,10420209986,10420210018,1,"IOTHUB_CLIENT_CONFIRMATION_OK"
23245,10420210186,10420210361,1,"IOTHUB_CLIENT_CONFIRMATION_OK"
23246,10420210386,10420210425,1,"IOTHUB_CLIENT_CONFIRMATION_OK"
23247,10420210586,10420210628,1,"IOTHUB_CLIENT_CONFIRMATION_OK"
23248,10420210786,10420210822,1,"IOTHUB_CLIENT_CONFIRMATION_OK"
23249,10420210987,10420211020,1,"IOTHUB_CLIENT_CONFIRMATION_OK"
23250,10420211187,10420211222,1,"IOTHUB_CLIENT_CONFIRMATION_OK"
23251,10420211387,10420211424,1,"IOTHUB_CLIENT_CONFIRMATION_OK"
23252,10420211587,10420211657,1,"IOTHUB_CLIENT_CONFIRMATION_OK"
23253,10420211787,10420211820,1,"IOTHUB_CLIENT_CONFIRMATION_OK"
23254,10420211987,10420212028,1,"IOTHUB_CLIENT_CONFIRMATION_OK"
23255,10420212187,10420212219,1,"IOTHUB_CLIENT_CONFIRMATION_OK"
23256,10420212388,10420212423,1,"IOTHUB_CLIENT_CONFIRMATION_OK"
23257,10420212588,10420212626,1,"IOTHUB_CLIENT_CONFIRMATION_OK"
23258,10420212788,10420213000,1,"IOTHUB_CLIENT_CONFIRMATION_OK"
23259,10420212988,10420213051,1,"IOTHUB_CLIENT_CONFIRMATION_OK"
23260,10420213188,10420213220,1,"IOTHUB_CLIENT_CONFIRMATION_OK"
23261,10420213388,10420213450,1,"IOTHUB_CLIENT_CONFIRMATION_OK"
23262,10420213589,10420213634,1,"IOTHUB_CLIENT_CONFIRMATION_OK"
23263,10420213789,10420213833,1,"IOTHUB_CLIENT_CONFIRMATION_OK"
23264,10420213989,10420214019,1,"IOTHUB_CLIENT_CONFIRMATION_OK"
23265,10420214189,10420214223,1,"IOTHUB_CLIENT_CONFIRMATION_OK"
23266,10420214389,10420214447,1,"IOTHUB_CLIENT_CONFIRMATION_OK"
23267,10420214589,10420214626,1,"IOTHUB_CLIENT_CONFIRMATION_OK"
23268,10420214789,10420214823,1,"IOTHUB_CLIENT_CONFIRMATION_OK"
23269,10420214990,10420215052,1,"IOTHUB_CLIENT_CONFIRMATION_OK"
23270,10420215190,10420215267,1,"IOTHUB_CLIENT_CONFIRMATION_OK"
23271,10420215390,10420215469,1,"IOTHUB_CLIENT_CONFIRMATION_OK"
23272,10420215590,10420215623,1,"IOTHUB_CLIENT_CONFIRMATION_OK"
23273,10420215790,10420215820,1,"IOTHUB_CLIENT_CONFIRMATION_OK"
23274,10420215990,10420216064,1,"IOTHUB_CLIENT_CONFIRMATION_OK"
23275,10420216191,10420216222,1,"IOTHUB_CLIENT_CONFIRMATION_OK"
23276,10420216391,10420216430,1,"IOTHUB_CLIENT_CONFIRMATION_OK"
23277,10420216591,10420216626,1,"IOTHUB_CLIENT_CONFIRMATION_OK"
23278,10420216791,10420216830,1,"IOTHUB_CLIENT_CONFIRMATION_OK"
23279,10420216991,10420217039,1,"IOTHUB_CLIENT_CONFIRMATION_OK"
23280,10420217191,10420217225,1,"IOTHUB_CLIENT_CONFIRMATION_OK"
23281,10420217392,10420217489,1,"IOTHUB_CLIENT_CONFIRMATION_OK"
23282,10420217592,10420217626,1,"IOTHUB_CLIENT_CONFIRMATION_OK"
23283,10420217792,10420217837,1,"IOTHUB_CLIENT_CONFIRMATION_OK"
23284,10420217992,10420218026,1,"IOTHUB_CLIENT_CONFIRMATION_OK"
23285,10420218192,10420218330,1,"IOTHUB_CLIENT_CONFIRMATION_OK"
23286,10420218392,10420218446,1,"IOTHUB_CLIENT_CONFIRMATION_OK"
23287,10420218593,10420218629,1,"IOTHUB_CLIENT_CONFIRMATION_OK"
23288,10420218793,10420218824,1,"IOTHUB_CLIENT_CONFIRMATION_OK"
23289,10420218993,10420219188,1,"IOTHUB_CLIENT_CONFIRMATION_OK"
23290,10420219193,10420219224,1,"IOTHUB_CLIENT_CONFIRMATION_OK"
23291,10420219393,10420219435,1,"IOTHUB_CLIENT_CONFIRMATION_OK"
23292,10420219593,10420219633,1,"IOTHUB_CLIENT_CONFIRMATION_OK"
23293,10420219793,10420219925,1,"IOTHUB_CLIENT_CONFIRMATION_OK"
23294,10420219994,10420220024,1,"IOTHUB_CLIENT_CONFIRMATION_OK"
23295,10420220194,10420220346,1,"IOTHUB_CLIENT_CONFIRMATION_OK"
23296,10420220394,10420220433,1,"IOTHUB_CLIENT_CONFIRMATION_OK"
23297,10420220594,10420220626,1,"IOTHUB_CLIENT_CONFIRMATION_OK"
23298,10420220794,10420220830,1,"IOTHUB_CLIENT_CONFIRMATION_OK"
23299,10420220994,10420221030,1,"IOTHUB_CLIENT_CONFIRMATION_OK"
23300,10420221195,10420221229,1,"IOTHUB_CLIENT_CONFIRMATION_OK"
23301,10420221395,10420221435,1,"IOTHUB_CLIENT_CONFIRMATION_OK"
23302,10420221595,10420221626,1,"IOTHUB_CLIENT_CONFIRMATION_OK"
23303,10420221795,10420221826,1,"IOTHUB_CLIENT_CONFIRMATION_OK"
23304,10420221995,10420222030,1,"IOTHUB_CLIENT_CONFIRMATION_OK"
23305,10420222195,10420222228,1,"IOTHUB_CLIENT_CONFIRMATION_OK"
23306,10420222396,10420222429,1,"IOTHUB_CLIENT_CONFIRMATION_OK"
23307,10420222596,10420222633,1,"IOTHUB_CLIENT_CONFIRMATION_OK"
23308,10420222796,10420222988,1,"IOTHUB_CLIENT_CONFIRMATION_OK"
23309,10420222996,10420223027,1,"IOTHUB_CLIENT_CONFIRMATION_OK"
23310,10420223196,10420223230,1,"IOTHUB_CLIENT_CONFIRMATION_OK"
23311,10420223396,10420223431,1,"IOTHUB_CLIENT_CONFIRMATION_OK"
23312,10420223596,10420223635,1,"IOTHUB_CLIENT_CONFIRMATION_OK"
23313,10420223797,10420223828,1,"IOTHUB_CLIENT_CONFIRMATION_OK"
23314,10420223997,10420224030,1,"IOTHUB_CLIENT_CONFIRMATION_OK"
23315,10420224197,10420224240,1,"IOTHUB_CLIENT_CONFIRMATION_OK"
23316,10420224397,10420224434,1,"IOTHUB_CLIENT_CONFIRMATION_OK"
23317,10420224597,10420224639,1,"IOTHUB_CLIENT_CONFIRMATION_OK"
23318,10420224797,10420224837,1,"IOTHUB_CLIENT_CONFIRMATION_OK"
23319,10420224998,10420225033,1,"IOTHUB_CLIENT_CONFIRMATION_OK"
23320,10420225198,10420225244,1,"IOTHUB_CLIENT_CONFIRMATION_OK"
23321,10420225398,10420225434,1,"IOTHUB_CLIENT_CONFIRMATION_OK"
23322,10420225598,10420225666,1,"IOTHUB_CLIENT_CONFIRMATION_OK"
23323,10420225798,10420225837,1,"IOTHUB_CLIENT_CONFIRMATION_OK"
23324,10420225998,10420226038,1,"IOTHUB_CLIENT_CONFIRMATION_OK"
23325,10420226198,10420226230,1,"IOTHUB_CLIENT_CONFIRMATION_OK"
23326,10420226399,10420226436,1,"IOTHUB_CLIENT_CONFIRMATION_OK"
23327,10420226599,10420226648,1,"IOTHUB_CLIENT_CONFIRMATION_OK"
23328,10420226799,10420226857,1,"IOTHUB_CLIENT_CONFIRMATION_OK"
23329,10420226999,10420227035,1,"IOTHUB_CLIENT_CONFIRMATION_OK"
23330,10420227199,10420227241,1,"IOTHUB_CLIENT_CONFIRMATION_OK"
23331,10420227399,10420227449,1,"IOTHUB_CLIENT_CONFIRMATION_OK"
23332,10420227600,10420227632,1,"IOTHUB_CLIENT_CONFIRMATION_OK"
23333,10420227800,10420227834,1,"IOTHUB_CLIENT_CONFIRMATION_OK"
23334,10420228000,10420228030,1,"IOTHUB_CLIENT_CONFIRMATION_OK"
23335,10420228200,10420228281,1,"IOTHUB_CLIENT_CONFIRMATION_OK"
23336,10420228400,10420228450,1,"IOTHUB_CLIENT_CONFIRMATION_OK"
23337,10420228600,10420228642,1,"IOTHUB_CLIENT_CONFIRMATION_OK"
23338,10420228800,10420228836,1,"IOTHUB_CLIENT_CONFIRMATION_OK"
23339,10420229001,10420229111,1,"IOTHUB_CLIENT_CONFIRMATION_OK"
23340,10420229201,10420229235,1,"IOTHUB_CLIENT_CONFIRMATION_OK"
23341,10420229401,10420229443,1,"IOTHUB_CLIENT_CONFIRMATION_OK"
23342,10420229601,10420229654,1,"IOTHUB_CLIENT_CONFIRMATION_OK"
23343,10420229801,10420229961,1,"IOTHUB_CLIENT_CONFIRMATION_OK"
23344,10420230002,10420230038,1,"IOTHUB_CLIENT_CONFIRMATION_OK"
23345,10420230202,10420230316,1,"IOTHUB_CLIENT_CONFIRMATION_OK"
23346,10420230402,10420230432,1,"IOTHUB_CLIENT_CONFIRMATION_OK"
23347,10420230602,10420230641,1,"IOTHUB_CLIENT_CONFIRMATION_OK"
23348,10420230802,10420230838,1,"IOTHUB_CLIENT_CONFIRMATION_OK"
23349,10420231003,10420231032,1,"IOTHUB_CLIENT_CONFIRMATION_OK"
23350,10420231203,10420231237,1,"IOTHUB_CLIENT_CONFIRMATION_OK"
23351,10420231403,10420231438,1,"IOTHUB_CLIENT_CONFIRMATION_OK"
23352,10420231603,10420231634,1,"IOTHUB_CLIENT_CONFIRMATION_OK"
23353,10420231803,10420231839,1,"IOTHUB_CLIENT_CONFIRMATION_OK"
23354,10420232003,10420232034,1,"IOTHUB_CLIENT_CONFIRMATION_OK"
23355,10420232204,10420232254,1,"IOTHUB_CLIENT_CONFIRMATION_OK"
23356,10420232404,10420232434,1,"IOTHUB_CLIENT_CONFIRMATION_OK"
23357,10420232604,10420232637,1,"IOTHUB_CLIENT_CONFIRMATION_OK"
23358,10420232804,10420233007,1,"IOTHUB_CLIENT_CONFIRMATION_OK"
23359,10420233004,10420233038,1,"IOTHUB_CLIENT_CONFIRMATION_OK"
23360,10420233204,10420233289,1,"IOTHUB_CLIENT_CONFIRMATION_OK"
23361,10420233405,10420233450,1,"IOTHUB_CLIENT_CONFIRMATION_OK"
23362,10420233605,10420233641,1,"IOTHUB_CLIENT_CONFIRMATION_OK"
23363,10420233805,10420233839,1,"IOTHUB_CLIENT_CONFIRMATION_OK"
23364,10420234005,10420234042,1,"IOTHUB_CLIENT_CONFIRMATION_OK"
23365,10420234205,10420234240,1,"IOTHUB_CLIENT_CONFIRMATION_OK"
23366,10420234405,10420234443,1,"IOTHUB_CLIENT_CONFIRMATION_OK"
23367,10420234605,10420234641,1,"IOTHUB_CLIENT_CONFIRMATION_OK"
23368,10420234806,10420234868,1,"IOTHUB_CLIENT_CONFIRMATION_OK"
23369,10420235006,10420235070,1,"IOTHUB_CLIENT_CONFIRMATION_OK"
23370,10420235206,10420235254,1,"IOTHUB_CLIENT_CONFIRMATION_OK"
23371,10420235406,10420235437,1,"IOTHUB_CLIENT_CONFIRMATION_OK"
23372,10420235606,10420235641,1,"IOTHUB_CLIENT_CONFIRMATION_OK"
23373,10420235806,10420235839,1,"IOTHUB_CLIENT_CONFIRMATION_OK"
23374,10420236007,10420236180,1,"IOTHUB_CLIENT_CONFIRMATION_OK"
23375,10420236207,10420236248,1,"IOTHUB_CLIENT_CONFIRMATION_OK"
23376,10420236407,10420236461,1,"IOTHUB_CLIENT_CONFIRMATION_OK"
23377,10420236607,10420236638,1,"IOTHUB_CLIENT_CONFIRMATION_OK"
23378,10420236807,10420236841,1,"IOTHUB_CLIENT_CONFIRMATION_OK"
23379,10420237007,10420237042,1,"IOTHUB_CLIENT_CONFIRMATION_OK"
23380,10420237208,10420237241,1,"IOTHUB_CLIENT_CONFIRMATION_OK"
23381,10420237408,10420237462,1,"IOTHUB_CLIENT_CONFIRMATION_OK"
23382,10420237608,10420237643,1,"IOTHUB_CLIENT_CONFIRMATION_OK"
23383,10420237808,10420237843,1,"IOTHUB_CLIENT_CONFIRMATION_OK"
23384,10420238008,10420238049,1,"IOTHUB_CLIENT_CONFIRMATION_OK"
23385,10420238208,10420238295,1,"IOTHUB_CLIENT_CONFIRMATION_OK"
23386,10420238408,10420238455,1,"IOTHUB_CLIENT_CONFIRMATION_OK"
23387,10420238609,10420238646,1,"IOTHUB_CLIENT_CONFIRMATION_OK"
23388,10420238809,10420238852,1,"IOTHUB_CLIENT_CONFIRMATION_OK"
23389,10420239009,10420239108,1,"IOTHUB_CLIENT_CONFIRMATION_OK"
23390,10420239209,10420239251,1,"IOTHUB_CLIENT_CONFIRMATION_OK"
23391,10420239409,10420239460,1,"IOTHUB_CLIENT_CONFIRMATION_OK"
23392,10420239609,10420239653,1,"IOTHUB_CLIENT_CONFIRMATION_OK"
23393,10420239810,10420239923,1,"IOTHUB_CLIENT_CONFIRMATION_OK"
23394,10420240010,10420240041,1,"IOTHUB_CLIENT_CONFIRMATION_OK"
23395,10420240210,10420240241,1,"IOTHUB_CLIENT_CONFIRMATION_OK"
23396,10420240410,10420240446,1,"IOTHUB_CLIENT_CONFIRMATION_OK"
23397,10420240610,10420240647,1,"IOTHUB_CLIENT_CONFIRMATION_OK"
23398,10420240810,10420240850,1,"IOTHUB_CLIENT_CONFIRMATION_OK"
23399,10420241011,10420241047,1,"IOTHUB_CLIENT_CONFIRMATION_OK"
23400,10420241211,10420241243,1,"IOTHUB_CLIENT_CONFIRMATION_OK"
23401,10420241411,10420241441,1,"IOTHUB_CLIENT_CONFIRMATION_OK"
23402,10420241611,10420241640,1,"IOTHUB_CLIENT_CONFIRMATION_OK"
23403,10420241811,10420241844,1,"IOTHUB_CLIENT_CONFIRMATION_OK"
23404,10420242011,10420242301,1,"IOTHUB_CLIENT_CONFIRMATION_OK"
23405,10420242211,10420242347,1,"IOTHUB_CLIENT_CONFIRMATION_OK"
23406,10420242412,10420242470,1,"IOTHUB_CLIENT_CONFIRMATION_OK"
23407,10420242612,10420242646,1,"IOTHUB_CLIENT_CONFIRMATION_OK"
23408,10420242812,10420242908,1,"IOTHUB_CLIENT_CONFIRMATION_OK"
23409,10420243012,10420243048,1,"IOTHUB_CLIENT_CONFIRMATION_OK"
23410,10420243212,10420243244,1,"IOTHUB_CLIENT_CONFIRMATION_OK"
23411,10420243412,10420243447,1,"IOTHUB_CLIENT_CONFIRMATION_OK"
23412,10420243613,10420243702,1,"IOTHUB_CLIENT_CONFIRMATION_OK"
23413,10420243813,10420243845,1,"IOTHUB_CLIENT_CONFIRMATION_OK"
23414,10420244013,10420244046,1,"IOTHUB_CLIENT_CONFIRMATION_OK"
23415,10420244213,10420244249,1,"IOTHUB_CLIENT_CONFIRMATION_OK"
23416,10420244413,10420244504,1,"IOTHUB_CLIENT_CONFIRMATION_OK"
23417,10420244613,10420244647,1,"IOTHUB_CLIENT_CONFIRMATION_OK"
23418,10420244814,10420244845,1,"IOTHUB_CLIENT_CONFIRMATION_OK"
23419,10420245014,10420245059,1,"IOTHUB_CLIENT_CONFIRMATION_OK"
23420,10420245214,10420245248,1,"IOTHUB_CLIENT_CONFIRMATION_OK"
23421,10420245414,10420245472,1,"IOTHUB_CLIENT_CONFIRMATION_OK"
23422,10420245614,10420245648,1,"IOTHUB_CLIENT_CONFIRMATION_OK"
23423,10420245814,10420245849,1,"IOTHUB_CLIENT_CONFIRMATION_OK"
23424,10420246015,10420246058,1,"IOTHUB_CLIENT_CONFIRMATION_OK"
23425,10420246215,10420246251,1,"IOTHUB_CLIENT_CONFIRMATION_OK"
23426,10420246415,10420246450,1,"IOTHUB_CLIENT_CONFIRMATION_OK"
23427,10420246615,10420246726,1,"IOTHUB_CLIENT_CONFIRMATION_OK"
23428,10420246815,10420246850,1,"IOTHUB_CLIENT_CONFIRMATION_OK"
23429,10420247015,10420247053,1,"IOTHUB_CLIENT_CONFIRMATION_OK"
23430,10420247216,10420247250,1,"IOTHUB_CLIENT_CONFIRMATION_OK"
23431,10420247416,10420247545,1,"IOTHUB_CLIENT_CONFIRMATION_OK"
23432,10420247616,10420247646,1,"IOTHUB_CLIENT_CONFIRMATION_OK"
23433,10420247816,10420247850,1,"IOTHUB_CLIENT_CONFIRMATION_OK"
23434,10420248016,10420248251,1,"IOTHUB_CLIENT_CONFIRMATION_OK"
23435,10420248216,10420248444,1,"IOTHUB_CLIENT_CONFIRMATION_OK"
23436,10420248416,10420248483,1,"IOTHUB_CLIENT_CONFIRMATION_OK"
23437,10420248617,10420248704,1,"IOTHUB_CLIENT_CONFIRMATION_OK"
23438,10420248817,10420248851,1,"IOTHUB_CLIENT_CONFIRMATION_OK"
23439,10420249017,10420249101,1,"IOTHUB_CLIENT_CONFIRMATION_OK"
23440,10420249217,10420249266,1,"IOTHUB_CLIENT_CONFIRMATION_OK"
23441,10420249417,10420249455,1,"IOTHUB_CLIENT_CONFIRMATION_OK"
23442,10420249617,10420249650,1,"IOTHUB_CLIENT_CONFIRMATION_OK"
23443,10420249818,10420249916,1,"IOTHUB_CLIENT_CONFIRMATION_OK"
23444,10420250018,10420250049,1,"IOTHUB_CLIENT_CONFIRMATION_OK"
23445,10420250218,10420250248,1,"IOTHUB_CLIENT_CONFIRMATION_OK"
23446,10420250418,10420250465,1,"IOTHUB_CLIENT_CONFIRMATION_OK"
23447,10420250618,10420250650,1,"IOTHUB_CLIENT_CONFIRMATION_OK"
23448,10420250818,10420250853,1,"IOTHUB_CLIENT_CONFIRMATION_OK"
23449,10420251018,10420251074,1,"IOTHUB_CLIENT_CONFIRMATION_OK"
23450,10420251219,10420251256,1,"IOTHUB_CLIENT_CONFIRMATION_OK"
23451,10420251419,10420251456,1,"IOTHUB_CLIENT_CONFIRMATION_OK"
23452,10420251619,10420251655,1,"IOTHUB_CLIENT_CONFIRMATION_OK"
23453,10420251819,10420251851,1,"IOTHUB_CLIENT_CONFIRMATION_OK"
23454,10420252019,10420252155,1,"IOTHUB_CLIENT_CONFIRMATION_OK"
23455,10420252219,10420252272,1,"IOTHUB_CLIENT_CONFIRMATION_OK"
23456,10420252420,10420252453,1,"IOTHUB_CLIENT_CONFIRMATION_OK"
23457,10420252620,10420252653,1,"IOTHUB_CLIENT_CONFIRMATION_OK"
23458,10420252820,10420252980,1,"IOTHUB_CLIENT_CONFIRMATION_OK"
23459,10420253020,10420253051,1,"IOTHUB_CLIENT_CONFIRMATION_OK"
23460,10420253220,10420253257,1,"IOTHUB_CLIENT_CONFIRMATION_OK"
23461,10420253420,10420253457,1,"IOTHUB_CLIENT_CONFIRMATION_OK"
23462,10420253621,10420253779,1,"IOTHUB_CLIENT_CONFIRMATION_OK"
23463,10420253821,10420253865,1,"IOTHUB_CLIENT_CONFIRMATION_OK"
23464,10420254021,10420254107,1,"IOTHUB_CLIENT_CONFIRMATION_OK"
23465,10420254221,10420254258,1,"IOTHUB_CLIENT_CONFIRMATION_OK"
23466,10420254421,10420254454,1,"IOTHUB_CLIENT_CONFIRMATION_OK"
23467,10420254621,10420254657,1,"IOTHUB_CLIENT_CONFIRMATION_OK"
23468,10420254822,10420254856,1,"IOTHUB_CLIENT_CONFIRMATION_OK"
23469,10420255022,10420255056,1,"IOTHUB_CLIENT_CONFIRMATION_OK"
23470,10420255222,10420255254,1,"IOTHUB_CLIENT_CONFIRMATION_OK"
23471,10420255422,10420255455,1,"IOTHUB_CLIENT_CONFIRMATION_OK"
23472,10420255622,10420255654,1,"IOTHUB_CLIENT_CONFIRMATION_OK"
23473,10420255822,10420255940,1,"IOTHUB_CLIENT_CONFIRMATION_OK"
23474,10420256023,10420256062,1,"IOTHUB_CLIENT_CONFIRMATION_OK"
23475,10420256223,10420256254,1,"IOTHUB_CLIENT_CONFIRMATION_OK"
23476,10420256423,10420256454,1,"IOTHUB_CLIENT_CONFIRMATION_OK"
23477,10420256623,10420256655,1,"IOTHUB_CLIENT_CONFIRMATION_OK"
23478,10420256823,10420256858,1,"IOTHUB_CLIENT_CONFIRMATION_OK"
23479,10420257023,10420257054,1,"IOTHUB_CLIENT_CONFIRMATION_OK"
23480,10420257223,10420257297,1,"IOTHUB_CLIENT_CONFIRMATION_OK"
23481,10420257424,10420257478,1,"IOTHUB_CLIENT_CONFIRMATION_OK"
23482,10420257624,10420257668,1,"IOTHUB_CLIENT_CONFIRMATION_OK"
23483,10420257824,10420257869,1,"IOTHUB_CLIENT_CONFIRMATION_OK"
23484,10420258024,10420258060,1,"IOTHUB_CLIENT_CONFIRMATION_OK"
23485,10420258224,10420258279,1,"IOTHUB_CLIENT_CONFIRMATION_OK"
23486,10420258424,10420258465,1,"IOTHUB_CLIENT_CONFIRMATION_OK"
23487,10420258624,10420258656,1,"IOTHUB_CLIENT_CONFIRMATION_OK"
23488,10420258825,10420258858,1,"IOTHUB_CLIENT_CONFIRMATION_OK"
23489,10420259025,10420259087,1,"IOTHUB_CLIENT_CONFIRMATION_OK"
23490,10420259225,10420259259,1,"IOTHUB_CLIENT_CONFIRMATION_OK"
23491,10420259425,10420259459,1,"IOTHUB_CLIENT_CONFIRMATION_OK"
23492,10420259625,10420259704,1,"IOTHUB_CLIENT_CONFIRMATION_OK"
23493,10420259825,10420259900,1,"IOTHUB_CLIENT_CONFIRMATION_OK"
23494,10420260026,10420260065,1,"IOTHUB_CLIENT_CONFIRMATION_OK"
23495,10420260226,10420260274,1,"IOTHUB_CLIENT_CONFIRMATION_OK"
23496,10420260426,10420260466,1,"IOTHUB_CLIENT_CONFIRMATION_OK"
23497,10420260626,10420260663,1,"IOTHUB_CLIENT_CONFIRMATION_OK"
23498,10420260826,10420260860,1,"IOTHUB_CLIENT_CONFIRMATION_OK"
23499,10420261026,10420261096,1,"IOTHUB_CLIENT_CONFIRMATION_OK"
23500,10420261227,10420261307,1,"IOTHUB_CLIENT_CONFIRMATION_OK"
23501,10420261427,10420261461,1,"IOTHUB_CLIENT_CONFIRMATION_OK"
23502,10420261627,10420261663,1,"IOTHUB_CLIENT_CONFIRMATION_OK"
23503,10420261827,10420261878,1,"IOTHUB_CLIENT_CONFIRMATION_OK"
23504,10420262027,10420262133,1,"IOTHUB_CLIENT_CONFIRMATION_OK"
23505,10420262227,10420262258,1,"IOTHUB_CLIENT_CONFIRMATION_OK"
23506,10420262427,10420262461,1,"IOTHUB_CLIENT_CONFIRMATION_OK"
23507,10420262628,10420262661,1,"IOTHUB_CLIENT_CONFIRMATION_OK"
23508,10420262828,10420262942,1,"IOTHUB_CLIENT_CONFIRMATION_OK"
23509,10420263028,10420263060,1,"IOTHUB_CLIENT_CONFIRMATION_OK"
23510,10420263228,10420263275,1,"IOTHUB_CLIENT_CONFIRMATION_OK"
23511,10420263428,10420263461,1,"IOTHUB_CLIENT_CONFIRMATION_OK"
23512,10420263628,10420263715,1,"IOTHUB_CLIENT_CONFIRMATION_OK"
23513,10420263828,10420263863,1,"IOTHUB_CLIENT_CONFIRMATION_OK"
23514,10420264029,10420264061,1,"IOTHUB_CLIENT_CONFIRMATION_OK"
23515,10420264229,10420264264,1,"IOTHUB_CLIENT_CONFIRMATION_OK"
23516,10420264429,10420264468,1,"IOTHUB_CLIENT_CONFIRMATION_OK"
23517,10420264629,10420264658,1,"IOTHUB_CLIENT_CONFIRMATION_OK"
23518,10420264829,10420264861,1,"IOTHUB_CLIENT_CONFIRMATION_OK"
23519,10420265029,10420265060,1,"IOTHUB_CLIENT_CONFIRMATION_OK"
23520,10420265229,10420265273,1,"IOTHUB_CLIENT_CONFIRMATION_OK"
23521,10420265430,10420265465,1,"IOTHUB_CLIENT_CONFIRMATION_OK"
23522,10420265630,10420265662,1,"IOTHUB_CLIENT_CONFIRMATION_OK"
23523,10420265830,10420265863,1,"IOTHUB_CLIENT_CONFIRMATION_OK"
23524,10420266030,10420266074,1,"IOTHUB_CLIENT_CONFIRMATION_OK"
23525,10420266230,10420266267,1,"IOTHUB_CLIENT_CONFIRMATION_OK"
23526,10420266430,10420266479,1,"IOTHUB_CLIENT_CONFIRMATION_OK"
23527,10420266631,10420266664,1,"IOTHUB_CLIENT_CONFIRMATION_OK"
23528,10420266831,10420266900,1,"IOTHUB_CLIENT_CONFIRMATION_OK"
23529,10420267031,10420267065,1,"IOTHUB_CLIENT_CONFIRMATION_OK"
23530,10420267231,10420267264,1,"IOTHUB_CLIENT_CONFIRMATION_OK"
23531,10420267431,10420267469,1,"IOTHUB_CLIENT_CONFIRMATION_OK"
23532,10420267631,10420267671,1,"IOTHUB_CLIENT_CONFIRMATION_OK"
23533,10420267831,10420267864,1,"IOTHUB_CLIENT_CONFIRMATION_OK"
23534,10420268032,10420268082,1,"IOTHUB_CLIENT_CONFIRMATION_OK"
23535,10420268232,10420268275,1,"IOTHUB_CLIENT_CONFIRMATION_OK"
23536,10420268432,10420268473,1,"IOTHUB_CLIENT_CONFIRMATION_OK"
23537,10420268632,10420268672,1,"IOTHUB_CLIENT_CONFIRMATION_OK"
23538,10420268832,10420268865,1,"IOTHUB_CLIENT_CONFIRMATION_OK"
23539,10420269033,10420269087,1,"IOTHUB_CLIENT_CONFIRMATION_OK"
23540,10420269233,10420269263,1,"IOTHUB_CLIENT_CONFIRMATION_OK"
23541,10420269433,10420269535,1,"IOTHUB_CLIENT_CONFIRMATION_OK"
23542,10420269633,10420269666,1,"IOTHUB_CLIENT_CONFIRMATION_OK"
23543,10420269833,10420269875,1,"IOTHUB_CLIENT_CONFIRMATION_OK"
23544,10420270033,10420270086,1,"IOTHUB_CLIENT_CONFIRMATION_OK"
23545,10420270233,10420270305,1,"IOTHUB_CLIENT_CONFIRMATION_OK"
23546,10420270434,10420270531,1,"IOTHUB_CLIENT_CONFIRMATION_OK"
23547,10420270634,10420270676,1,"IOTHUB_CLIENT_CONFIRMATION_OK"
23548,10420270834,10420270865,1,"IOTHUB_CLIENT_CONFIRMATION_OK"
23549,10420271034,10420271064,1,"IOTHUB_CLIENT_CONFIRMATION_OK"
23550,10420271234,10420271348,1,"IOTHUB_CLIENT_CONFIRMATION_OK"
23551,10420271434,10420271469,1,"IOTHUB_CLIENT_CONFIRMATION_OK"
23552,10420271634,10420271706,1,"IOTHUB_CLIENT_CONFIRMATION_OK"
23553,10420271835,10420271868,1,"IOTHUB_CLIENT_CONFIRMATION_OK"
23554,10420272035,10420272164,1,"IOTHUB_CLIENT_CONFIRMATION_OK"
23555,10420272235,10420272273,1,"IOTHUB_CLIENT_CONFIRMATION_OK"
23556,10420272435,10420272475,1,"IOTHUB_CLIENT_CONFIRMATION_OK"
23557,10420272635,10420272684,1,"IOTHUB_CLIENT_CONFIRMATION_OK"
23558,10420272835,10420272870,1,"IOTHUB_CLIENT_CONFIRMATION_OK"
23559,10420273036,10420273072,1,"IOTHUB_CLIENT_CONFIRMATION_OK"
23560,10420273236,10420273271,1,"IOTHUB_CLIENT_CONFIRMATION_OK"
23561,10420273436,10420273467,1,"IOTHUB_CLIENT_CONFIRMATION_OK"
23562,10420273636,10420273680,1,"IOTHUB_CLIENT_CONFIRMATION_OK"
23563,10420273836,10420273868,1,"IOTHUB_CLIENT_CONFIRMATION_OK"
23564,10420274036,10420274069,1,"IOTHUB_CLIENT_CONFIRMATION_OK"
23565,10420274237,10420274268,1,"IOTHUB_CLIENT_CONFIRMATION_OK"
23566,10420274437,10420274472,1,"IOTHUB_CLIENT_CONFIRMATION_OK"
23567,10420274637,10420274686,1,"IOTHUB_CLIENT_CONFIRMATION_OK"
23568,10420274837,10420274874,1,"IOTHUB_CLIENT_CONFIRMATION_OK"
23569,10420275037,10420275213,1,"IOTHUB_CLIENT_CONFIRMATION_OK"
23570,10420275237,10420275274,1,"IOTHUB_CLIENT_CONFIRMATION_OK"
23571,10420275437,10420275468,1,"IOTHUB_CLIENT_CONFIRMATION_OK"
23572,10420275638,10420275671,1,"IOTHUB_CLIENT_CONFIRMATION_OK"
23573,10420275838,10420275873,1,"IOTHUB_CLIENT_CONFIRMATION_OK"
23574,10420276038,10420276072,1,"IOTHUB_CLIENT_CONFIRMATION_OK"
23575,10420276238,10420276272,1,"IOTHUB_CLIENT_CONFIRMATION_OK"
23576,10420276438,10420276474,1,"IOTHUB_CLIENT_CONFIRMATION_OK"
23577,10420276638,10420276676,1,"IOTHUB_CLIENT_CONFIRMATION_OK"
23578,10420276838,10420276895,1,"IOTHUB_CLIENT_CONFIRMATION_OK"
23579,10420277039,10420277072,1,"IOTHUB_CLIENT_CONFIRMATION_OK"
23580,10420277239,10420277284,1,"IOTHUB_CLIENT_CONFIRMATION_OK"
23581,10420277439,10420277484,1,"IOTHUB_CLIENT_CONFIRMATION_OK"
23582,10420277639,10420277671,1,"IOTHUB_CLIENT_CONFIRMATION_OK"
23583,10420277839,10420277914,1,"IOTHUB_CLIENT_CONFIRMATION_OK"
23584,10420278039,10420278076,1,"IOTHUB_CLIENT_CONFIRMATION_OK"
23585,10420278240,10420278303,1,"IOTHUB_CLIENT_CONFIRMATION_OK"
23586,10420278440,10420278500,1,"IOTHUB_CLIENT_CONFIRMATION_OK"
23587,10420278640,10420278674,1,"IOTHUB_CLIENT_CONFIRMATION_OK"
23588,10420278840,10420278880,1,"IOTHUB_CLIENT_CONFIRMATION_OK"
23589,10420279040,10420279076,1,"IOTHUB_CLIENT_CONFIRMATION_OK"
23590,10420279240,10420279276,1,"IOTHUB_CLIENT_CONFIRMATION_OK"
23591,10420279441,10420279475,1,"IOTHUB_CLIENT_CONFIRMATION_OK"
23592,10420279641,10420279702,1,"IOTHUB_CLIENT_CONFIRMATION_OK"
23593,10420279841,10420279900,1,"IOTHUB_CLIENT_CONFIRMATION_OK"
23594,10420280041,10420280072,1,"IOTHUB_CLIENT_CONFIRMATION_OK"
23595,10420280241,10420280272,1,"IOTHUB_CLIENT_CONFIRMATION_OK"
23596,10420280441,10420280516,1,"IOTHUB_CLIENT_CONFIRMATION_OK"
23597,10420280642,10420280675,1,"IOTHUB_CLIENT_CONFIRMATION_OK"
23598,10420280842,10420280875,1,"IOTHUB_CLIENT_CONFIRMATION_OK"
23599,10420281042,10420281079,1,"IOTHUB_CLIENT_CONFIRMATION_OK"
23600,10420281242,10420281355,1,"IOTHUB_CLIENT_CONFIRMATION_OK"
23601,10420281442,10420281475,1,"IOTHUB_CLIENT_CONFIRMATION_OK"
23602,10420281642,10420281681,1,"IOTHUB_CLIENT_CONFIRMATION_OK"
23603,10420281842,10420281877,1,"IOTHUB_CLIENT_CONFIRMATION_OK"
23604,10420282043,10420282164,1,"IOTHUB_CLIENT_CONFIRMATION_OK"
23605,10420282243,10420282272,1,"IOTHUB_CLIENT_CONFIRMATION_OK"
23606,10420282443,10420282476,1,"IOTHUB_CLIENT_CONFIRMATION_OK"
23607,10420282643,10420282675,1,"IOTHUB_CLIENT_CONFIRMATION_OK"
23608,10420282843,10420282874,1,"IOTHUB_CLIENT_CONFIRMATION_OK"
23609,10420283044,10420283078,1,"IOTHUB_CLIENT_CONFIRMATION_OK"
23610,10420283244,10420283279,1,"IOTHUB_CLIENT_CONFIRMATION_OK"
23611,10420283444,10420283477,1,"IOTHUB_CLIENT_CONFIRMATION_OK"
23612,10420283644,10420283676,1,"IOTHUB_CLIENT_CONFIRMATION_OK"
23613,10420283844,10420283878,1,"IOTHUB_CLIENT_CONFIRMATION_OK"
23614,10420284044,10420284076,1,"IOTHUB_CLIENT_CONFIRMATION_OK"
23615,10420284244,10420284280,1,"IOTHUB_CLIENT_CONFIRMATION_OK"
23616,10420284445,10420284480,1,"IOTHUB_CLIENT_CONFIRMATION_OK"
23617,10420284645,10420284677,1,"IOTHUB_CLIENT_CONFIRMATION_OK"
23618,10420284845,10420284972,1,"IOTHUB_CLIENT_CONFIRMATION_OK"
23619,10420285045,10420285195,1,"IOTHUB_CLIENT_CONFIRMATION_OK"
23620,10420285245,10420285279,1,"IOTHUB_CLIENT_CONFIRMATION_OK"
23621,10420285445,10420285500,1,"IOTHUB_CLIENT_CONFIRMATION_OK"
23622,10420285646,10420285676,1,"IOTHUB_CLIENT_CONFIRMATION_OK"
23623,10420285846,10420286005,1,"IOTHUB_CLIENT_CONFIRMATION_OK"
23624,10420286046,10420286077,1,"IOTHUB_CLIENT_CONFIRMATION_OK"
23625,10420286246,10420286292,1,"IOTHUB_CLIENT_CONFIRMATION_OK"
23626,10420286446,10420286484,1,"IOTHUB_CLIENT_CONFIRMATION_OK"
23627,10420286646,10420286716,1,"IOTHUB_CLIENT_CONFIRMATION_OK"
23628,10420286846,10420286885,1,"IOTHUB_CLIENT_CONFIRMATION_OK"
23629,10420287047,10420287080,1,"IOTHUB_CLIENT_CONFIRMATION_OK"
23630,10420287247,10420287291,1,"IOTHUB_CLIENT_CONFIRMATION_OK"
23631,10420287447,10420287484,1,"IOTHUB_CLIENT_CONFIRMATION_OK"
23632,10420287647,10420287683,1,"IOTHUB_CLIENT_CONFIRMATION_OK"
23633,10420287847,10420287900,1,"IOTHUB_CLIENT_CONFIRMATION_OK"
23634,10420288047,10420288083,1,"IOTHUB_CLIENT_CONFIRMATION_OK"
23635,10420288247,10420288281,1,"IOTHUB_CLIENT_CONFIRMATION_OK"
23636,10420288448,10420288481,1,"IOTHUB_CLIENT_CONFIRMATION_OK"
23637,10420288648,10420288683,1,"IOTHUB_CLIENT_CONFIRMATION_OK"
23638,10420288848,10420288887,1,"IOTHUB_CLIENT_CONFIRMATION_OK"
23639,10420289048,10420289109,1,"IOTHUB_CLIENT_CONFIRMATION_OK"
23640,10420289248,10420289285,1,"IOTHUB_CLIENT_CONFIRMATION_OK"
23641,10420289448,10420289492,1,"IOTHUB_CLIENT_CONFIRMATION_OK"
23642,10420289648,10420289686,1,"IOTHUB_CLIENT_CONFIRMATION_OK"
23643,10420289849,10420289903,1,"IOTHUB_CLIENT_CONFIRMATION_OK"
23644,10420290049,10420290094,1,"IOTHUB_CLIENT_CONFIRMATION_OK"
23645,10420290249,10420290287,1,"IOTHUB_CLIENT_CONFIRMATION_OK"
23646,10420290449,10420290501,1,"IOTHUB_CLIENT_CONFIRMATION_OK"
23647,10420290649,10420290718,1,"IOTHUB_CLIENT_CONFIRMATION_OK"
23648,10420290849,10420290895,1,"IOTHUB_CLIENT_CONFIRMATION_OK"
23649,10420291050,10420291100,1,"IOTHUB_CLIENT_CONFIRMATION_OK"
23650,10420291250,10420291287,1,"IOTHUB_CLIENT_CONFIRMATION_OK"
23651,10420291450,10420291480,1,"IOTHUB_CLIENT_CONFIRMATION_OK"
23652,10420291650,10420291705,1,"IOTHUB_CLIENT_CONFIRMATION_OK"
23653,10420291850,10420291882,1,"IOTHUB_CLIENT_CONFIRMATION_OK"
23654,10420292050,10420292147,1,"IOTHUB_CLIENT_CONFIRMATION_OK"
23655,10420292250,10420292300,1,"IOTHUB_CLIENT_CONFIRMATION_OK"
23656,10420292451,10420292488,1,"IOTHUB_CLIENT_CONFIRMATION_OK"
23657,10420292651,10420292688,1,"IOTHUB_CLIENT_CONFIRMATION_OK"
23658,10420292851,10420292929,1,"IOTHUB_CLIENT_CONFIRMATION_OK"
23659,10420293051,10420293085,1,"IOTHUB_CLIENT_CONFIRMATION_OK"
23660,10420293251,10420293284,1,"IOTHUB_CLIENT_CONFIRMATION_OK"
23661,10420293451,10420293531,1,"IOTHUB_CLIENT_CONFIRMATION_OK"
23662,10420293651,10420293686,1,"IOTHUB_CLIENT_CONFIRMATION_OK"
23663,10420293852,10420293902,1,"IOTHUB_CLIENT_CONFIRMATION_OK"
23664,10420294052,10420294094,1,"IOTHUB_CLIENT_CONFIRMATION_OK"
23665,10420294252,10420294352,1,"IOTHUB_CLIENT_CONFIRMATION_OK"
23666,10420294452,10420294487,1,"IOTHUB_CLIENT_CONFIRMATION_OK"
23667,10420294652,10420294699,1,"IOTHUB_CLIENT_CONFIRMATION_OK"
23668,10420294852,10420294892,1,"IOTHUB_CLIENT_CONFIRMATION_OK"
23669,10420295053,10420295166,1,"IOTHUB_CLIENT_CONFIRMATION_OK"
23670,10420295253,10420295289,1,"IOTHUB_CLIENT_CONFIRMATION_OK"
23671,10420295453,10420295493,1,"IOTHUB_CLIENT_CONFIRMATION_OK"
23672,10420295653,10420295689,1,"IOTHUB_CLIENT_CONFIRMATION_OK"
23673,10420295853,10420295896,1,"IOTHUB_CLIENT_CONFIRMATION_OK"
23674,10420296053,10420296088,1,"IOTHUB_CLIENT_CONFIRMATION_OK"
23675,10420296253,10420296287,1,"IOTHUB_CLIENT_CONFIRMATION_OK"
23676,10420296454,10420296487,1,"IOTHUB_CLIENT_CONFIRMATION_OK"
23677,10420296654,10420296702,1,"IOTHUB_CLIENT_CONFIRMATION_OK"
23678,10420296854,10420296887,1,"IOTHUB_CLIENT_CONFIRMATION_OK"
23679,10420297054,10420297084,1,"IOTHUB_CLIENT_CONFIRMATION_OK"
23680,10420297254,10420297313,1,"IOTHUB_CLIENT_CONFIRMATION_OK"
23681,10420297454,10420297494,1,"IOTHUB_CLIENT_CONFIRMATION_OK"
23682,10420297655,10420297718,1,"IOTHUB_CLIENT_CONFIRMATION_OK"
23683,10420297855,10420297886,1,"IOTHUB_CLIENT_CONFIRMATION_OK"
23684,10420298055,10420298086,1,"IOTHUB_CLIENT_CONFIRMATION_OK"
23685,10420298255,10420298286,1,"IOTHUB_CLIENT_CONFIRMATION_OK"
23686,10420298455,10420298486,1,"IOTHUB_CLIENT_CONFIRMATION_OK"
23687,10420298655,10420298695,1,"IOTHUB_CLIENT_CONFIRMATION_OK"
23688,10420298855,10420298899,1,"IOTHUB_CLIENT_CONFIRMATION_OK"
23689,10420299056,10420299100,1,"IOTHUB_CLIENT_CONFIRMATION_OK"
23690,10420299256,10420299292,1,"IOTHUB_CLIENT_CONFIRMATION_OK"
23691,10420299456,10420299489,1,"IOTHUB_CLIENT_CONFIRMATION_OK"
23692,10420299656,10420299721,1,"IOTHUB_CLIENT_CONFIRMATION_OK"
23693,10420299856,10420299905,1,"IOTHUB_CLIENT_CONFIRMATION_OK"
23694,10420300056,10420300090,1,"IOTHUB_CLIENT_CONFIRMATION_OK"
23695,10420300257,10420300287,1,"IOTHUB_CLIENT_CONFIRMATION_OK"
23696,10420300457,10420300523,1,"IOTHUB_CLIENT_CONFIRMATION_OK"
23697,10420300657,10420300688,1,"IOTHUB_CLIENT_CONFIRMATION_OK"
23698,10420300857,10420300892,1,"IOTHUB_CLIENT_CONFIRMATION_OK"
23699,10420301057,10420301105,1,"IOTHUB_CLIENT_CONFIRMATION_OK"
23700,10420301257,10420301349,1,"IOTHUB_CLIENT_CONFIRMATION_OK"
23701,10420301457,10420301497,1,"IOTHUB_CLIENT_CONFIRMATION_OK"
23702,10420301658,10420301712,1,"IOTHUB_CLIENT_CONFIRMATION_OK"
23703,10420301858,10420301889,1,"IOTHUB_CLIENT_CONFIRMATION_OK"
23704,10420302058,10420302090,1,"IOTHUB_CLIENT_CONFIRMATION_OK"
23705,10420302258,10420302301,1,"IOTHUB_CLIENT_CONFIRMATION_OK"
23706,10420302458,10420302513,1,"IOTHUB_CLIENT_CONFIRMATION_OK"
23707,10420302658,10420302777,1,"IOTHUB_CLIENT_CONFIRMATION_OK"
23708,10420302859,10420302894,1,"IOTHUB_CLIENT_CONFIRMATION_OK"
23709,10420303059,10420303095,1,"IOTHUB_CLIENT_CONFIRMATION_OK"
23710,10420303259,10420303294,1,"IOTHUB_CLIENT_CONFIRMATION_OK"
23711,10420303459,10420303556,1,"IOTHUB_CLIENT_CONFIRMATION_OK"
23712,10420303659,10420303693,1,"IOTHUB_CLIENT_CONFIRMATION_OK"
23713,10420303859,10420303925,1,"IOTHUB_CLIENT_CONFIRMATION_OK"
23714,10420304060,10420304096,1,"IOTHUB_CLIENT_CONFIRMATION_OK"
23715,10420304260,10420304438,1,"IOTHUB_CLIENT_CONFIRMATION_OK"
23716,10420304460,10420304490,1,"IOTHUB_CLIENT_CONFIRMATION_OK"
23717,10420304660,10420304696,1,"IOTHUB_CLIENT_CONFIRMATION_OK"
23718,10420304860,10420304909,1,"IOTHUB_CLIENT_CONFIRMATION_OK"
23719,10420305060,10420305094,1,"IOTHUB_CLIENT_CONFIRMATION_OK"
23720,10420305260,10420305298,1,"IOTHUB_CLIENT_CONFIRMATION_OK"
23721,10420305461,10420305496,1,"IOTHUB_CLIENT_CONFIRMATION_OK"
23722,10420305661,10420305728,1,"IOTHUB_CLIENT_CONFIRMATION_OK"
23723,10420305861,10420305896,1,"IOTHUB_CLIENT_CONFIRMATION_OK"
23724,10420306061,10420306095,1,"IOTHUB_CLIENT_CONFIRMATION_OK"
23725,10420306261,10420306292,1,"IOTHUB_CLIENT_CONFIRMATION_OK"
23726,10420306461,10420306516,1,"IOTHUB_CLIENT_CONFIRMATION_OK"
23727,10420306662,10420306696,1,"IOTHUB_CLIENT_CONFIRMATION_OK"
23728,10420306862,10420306893,1,"IOTHUB_CLIENT_CONFIRMATION_OK"
23729,10420307062,10420307121,1,"IOTHUB_CLIENT_CONFIRMATION_OK"
23730,10420307262,10420307295,1,"IOTHUB_CLIENT_CONFIRMATION_OK"
23731,10420307462,10420307501,1,"IOTHUB_CLIENT_CONFIRMATION_OK"
23732,10420307662,10420307696,1,"IOTHUB_CLIENT_CONFIRMATION_OK"
23733,10420307862,10420307920,1,"IOTHUB_CLIENT_CONFIRMATION_OK"
23734,10420308063,10420308097,1,"IOTHUB_CLIENT_CONFIRMATION_OK"
23735,10420308263,10420308316,1,"IOTHUB_CLIENT_CONFIRMATION_OK"
23736,10420308463,10420308494,1,"IOTHUB_CLIENT_CONFIRMATION_OK"
23737,10420308663,10420308742,1,"IOTHUB_CLIENT_CONFIRMATION_OK"
23738,10420308863,10420308916,1,"IOTHUB_CLIENT_CONFIRMATION_OK"
23739,10420309063,10420309104,1,"IOTHUB_CLIENT_CONFIRMATION_OK"
23740,10420309264,10420309304,1,"IOTHUB_CLIENT_CONFIRMATION_OK"
23741,10420309464,10420309579,1,"IOTHUB_CLIENT_CONFIRMATION_OK"
23742,10420309664,10420309732,1,"IOTHUB_CLIENT_CONFIRMATION_OK"
23743,10420309864,10420309909,1,"IOTHUB_CLIENT_CONFIRMATION_OK"
23744,10420310064,10420310102,1,"IOTHUB_CLIENT_CONFIRMATION_OK"
23745,10420310264,10420310298,1,"IOTHUB_CLIENT_CONFIRMATION_OK"
23746,10420310464,10420310758,1,"IOTHUB_CLIENT_CONFIRMATION_OK"
23747,10420310665,10420310801,1,"IOTHUB_CLIENT_CONFIRMATION_OK"
23748,10420310865,10420310975,1,"IOTHUB_CLIENT_CONFIRMATION_OK"
23749,10420311065,10420311105,1,"IOTHUB_CLIENT_CONFIRMATION_OK"
23750,10420311265,10420311314,1,"IOTHUB_CLIENT_CONFIRMATION_OK"
23751,10420311465,10420311517,1,"IOTHUB_CLIENT_CONFIRMATION_OK"
23752,10420311665,10420311700,1,"IOTHUB_CLIENT_CONFIRMATION_OK"
23753,10420311865,10420311902,1,"IOTHUB_CLIENT_CONFIRMATION_OK"
23754,10420312066,10420312109,1,"IOTHUB_CLIENT_CONFIRMATION_OK"
23755,10420312266,10420312327,1,"IOTHUB_CLIENT_CONFIRMATION_OK"
23756,10420312466,10420312518,1,"IOTHUB_CLIENT_CONFIRMATION_OK"
23757,10420312666,10420312697,1,"IOTHUB_CLIENT_CONFIRMATION_OK"
23758,10420312866,10420312895,1,"IOTHUB_CLIENT_CONFIRMATION_OK"
23759,10420313066,10420313104,1,"IOTHUB_CLIENT_CONFIRMATION_OK"
23760,10420313266,10420313298,1,"IOTHUB_CLIENT_CONFIRMATION_OK"
23761,10420313467,10420313674,1,"IOTHUB_CLIENT_CONFIRMATION_OK"
23762,10420313667,10420313700,1,"IOTHUB_CLIENT_CONFIRMATION_OK"
23763,10420313867,10420313922,1,"IOTHUB_CLIENT_CONFIRMATION_OK"
23764,10420314067,10420314158,1,"IOTHUB_CLIENT_CONFIRMATION_OK"
23765,10420314267,10420314311,1,"IOTHUB_CLIENT_CONFIRMATION_OK"
23766,10420314467,10420314503,1,"IOTHUB_CLIENT_CONFIRMATION_OK"
23767,10420314668,10420314711,1,"IOTHUB_CLIENT_CONFIRMATION_OK"
23768,10420314868,10420314900,1,"IOTHUB_CLIENT_CONFIRMATION_OK"
23769,10420315068,10420315101,1,"IOTHUB_CLIENT_CONFIRMATION_OK"
23770,10420315268,10420315303,1,"IOTHUB_CLIENT_CONFIRMATION_OK"
23771,10420315468,10420315499,1,"IOTHUB_CLIENT_CONFIRMATION_OK"
23772,10420315668,10420315704,1,"IOTHUB_CLIENT_CONFIRMATION_OK"
23773,10420315868,10420315903,1,"IOTHUB_CLIENT_CONFIRMATION_OK"
23774,10420316069,10420316111,1,"IOTHUB_CLIENT_CONFIRMATION_OK"
23775,10420316269,10420316317,1,"IOTHUB_CLIENT_CONFIRMATION_OK"
23776,10420316469,10420316504,1,"IOTHUB_CLIENT_CONFIRMATION_OK"
23777,10420316669,10420316720,1,"IOTHUB_CLIENT_CONFIRMATION_OK"
23778,10420316869,10420316919,1,"IOTHUB_CLIENT_CONFIRMATION_OK"
23779,10420317069,10420317143,1,"IOTHUB_CLIENT_CONFIRMATION_OK"
23780,10420317270,10420317300,1,"IOTHUB_CLIENT_CONFIRMATION_OK"
23781,10420317470,10420317517,1,"IOTHUB_CLIENT_CONFIRMATION_OK"
23782,10420317670,10420317745,1,"IOTHUB_CLIENT_CONFIRMATION_OK"
23783,10420317870,10420318001,1,"IOTHUB_CLIENT_CONFIRMATION_OK"
23784,10420318070,10420318144,1,"IOTHUB_CLIENT_CONFIRMATION_OK"
23785,10420318270,10420318305,1,"IOTHUB_CLIENT_CONFIRMATION_OK"
23786,10420318470,10420318504,1,"IOTHUB_CLIENT_CONFIRMATION_OK"
23787,10420318671,10420318705,1,"IOTHUB_CLIENT_CONFIRMATION_OK"
23788,10420318871,10420318946,1,"IOTHUB_CLIENT_CONFIRMATION_OK"
23789,10420319071,10420319103,1,"IOTHUB_CLIENT_CONFIRMATION_OK"
23790,10420319271,10420319305,1,"IOTHUB_CLIENT_CONFIRMATION_OK"
23791,10420319471,10420319519,1,"IOTHUB_CLIENT_CONFIRMATION_OK"
23792,10420319671,10420319753,1,"IOTHUB_CLIENT_CONFIRMATION_OK"
23793,10420319872,10420319907,1,"IOTHUB_CLIENT_CONFIRMATION_OK"
23794,10420320072,10420320116,1,"IOTHUB_CLIENT_CONFIRMATION_OK"
23795,10420320272,10420320313,1,"IOTHUB_CLIENT_CONFIRMATION_OK"
23796,10420320472,10420320592,1,"IOTHUB_CLIENT_CONFIRMATION_OK"
23797,10420320672,10420320721,1,"IOTHUB_CLIENT_CONFIRMATION_OK"
23798,10420320872,10420320923,1,"IOTHUB_CLIENT_CONFIRMATION_OK"
23799,10420321072,10420321105,1,"IOTHUB_CLIENT_CONFIRMATION_OK"
23800,10420321273,10420321318,1,"IOTHUB_CLIENT_CONFIRMATION_OK"
23801,10420321473,10420321518,1,"IOTHUB_CLIENT_CONFIRMATION_OK"
23802,10420321673,10420321706,1,"IOTHUB_CLIENT_CONFIRMATION_OK"
23803,10420321873,10420321907,1,"IOTHUB_CLIENT_CONFIRMATION_OK"
23804,10420322073,10420322113,1,"IOTHUB_CLIENT_CONFIRMATION_OK"
23805,10420322273,10420322334,1,"IOTHUB_CLIENT_CONFIRMATION_OK"
23806,10420322474,10420322509,1,"IOTHUB_CLIENT_CONFIRMATION_OK"
23807,10420322674,10420322801,1,"IOTHUB_CLIENT_CONFIRMATION_OK"
23808,10420322874,10420322908,1,"IOTHUB_CLIENT_CONFIRMATION_OK"
23809,10420323074,10420323107,1,"IOTHUB_CLIENT_CONFIRMATION_OK"
23810,10420323274,10420323416,1,"IOTHUB_CLIENT_CONFIRMATION_OK"
23811,10420323474,10420323639,1,"IOTHUB_CLIENT_CONFIRMATION_OK"
23812,10420323675,10420323729,1,"IOTHUB_CLIENT_CONFIRMATION_OK"
23813,10420323875,10420323906,1,"IOTHUB_CLIENT_CONFIRMATION_OK"
23814,10420324075,10420324128,1,"IOTHUB_CLIENT_CONFIRMATION_OK"
23815,10420324275,10420324331,1,"IOTHUB_CLIENT_CONFIRMATION_OK"
23816,10420324475,10420324512,1,"IOTHUB_CLIENT_CONFIRMATION_OK"
23817,10420324675,10420324719,1,"IOTHUB_CLIENT_CONFIRMATION_OK"
23818,10420324875,10420324921,1,"IOTHUB_CLIENT_CONFIRMATION_OK"
23819,10420325076,10420325135,1,"IOTHUB_CLIENT_CONFIRMATION_OK"
23820,10420325276,10420325308,1,"IOTHUB_CLIENT_CONFIRMATION_OK"
23821,10420325476,10420325510,1,"IOTHUB_CLIENT_CONFIRMATION_OK"
23822,10420325676,10420325711,1,"IOTHUB_CLIENT_CONFIRMATION_OK"
23823,10420325876,10420325961,1,"IOTHUB_CLIENT_CONFIRMATION_OK"
23824,10420326076,10420326111,1,"IOTHUB_CLIENT_CONFIRMATION_OK"
23825,10420326277,10420326333,1,"IOTHUB_CLIENT_CONFIRMATION_OK"
23826,10420326477,10420326512,1,"IOTHUB_CLIENT_CONFIRMATION_OK"
23827,10420326677,10420326722,1,"IOTHUB_CLIENT_CONFIRMATION_OK"
23828,10420326877,10420326938,1,"IOTHUB_CLIENT_CONFIRMATION_OK"
23829,10420327077,10420327121,1,"IOTHUB_CLIENT_CONFIRMATION_OK"
23830,10420327277,10420327360,1,"IOTHUB_CLIENT_CONFIRMATION_OK"
23831,10420327477,10420327514,1,"IOTHUB_CLIENT_CONFIRMATION_OK"
23832,10420327678,10420327718,1,"IOTHUB_CLIENT_CONFIRMATION_OK"
23833,10420327878,10420327913,1,"IOTHUB_CLIENT_CONFIRMATION_OK"
23834,10420328078,10420328190,1,"IOTHUB_CLIENT_CONFIRMATION_OK"
23835,10420328278,10420328312,1,"IOTHUB_CLIENT_CONFIRMATION_OK"
23836,10420328478,10420328611,1,"IOTHUB_CLIENT_CONFIRMATION_OK"
23837,10420328678,10420328715,1,"IOTHUB_CLIENT_CONFIRMATION_OK"
23838,10420328879,10420328993,1,"IOTHUB_CLIENT_CONFIRMATION_OK"
23839,10420329079,10420329111,1,"IOTHUB_CLIENT_CONFIRMATION_OK"
23840,10420329279,10420329323,1,"IOTHUB_CLIENT_CONFIRMATION_OK"
23841,10420329479,10420329513,1,"IOTHUB_CLIENT_CONFIRMATION_OK"
23842,10420329679,10420329875,1,"IOTHUB_CLIENT_CONFIRMATION_OK"
23843,10420329879,10420329908,1,"IOTHUB_CLIENT_CONFIRMATION_OK"
23844,10420330080,10420330113,1,"IOTHUB_CLIENT_CONFIRMATION_OK"
23845,10420330280,10420330336,1,"IOTHUB_CLIENT_CONFIRMATION_OK"
23846,10420330480,10420330519,1,"IOTHUB_CLIENT_CONFIRMATION_OK"
23847,10420330680,10420330712,1,"IOTHUB_CLIENT_CONFIRMATION_OK"
23848,10420330880,10420330916,1,"IOTHUB_CLIENT_CONFIRMATION_OK"
23849,10420331080,10420331112,1,"IOTHUB_CLIENT_CONFIRMATION_OK"
23850,10420331281,10420331312,1,"IOTHUB_CLIENT_CONFIRMATION_OK"
23851,10420331481,10420331515,1,"IOTHUB_CLIENT_CONFIRMATION_OK"
23852,10420331681,10420331746,1,"IOTHUB_CLIENT_CONFIRMATION_OK"
23853,10420331881,10420331914,1,"IOTHUB_CLIENT_CONFIRMATION_OK"
23854,10420332081,10420332151,1,"IOTHUB_CLIENT_CONFIRMATION_OK"
23855,10420332281,10420332316,1,"IOTHUB_CLIENT_CONFIRMATION_OK"
23856,10420332481,10420332523,1,"IOTHUB_CLIENT_CONFIRMATION_OK"
23857,10420332682,10420332841,1,"IOTHUB_CLIENT_CONFIRMATION_OK"
23858,10420332882,10420332912,1,"IOTHUB_CLIENT_CONFIRMATION_OK"
23859,10420333082,10420333119,1,"IOTHUB_CLIENT_CONFIRMATION_OK"
23860,10420333282,10420333321,1,"IOTHUB_CLIENT_CONFIRMATION_OK"
23861,10420333482,10420333514,1,"IOTHUB_CLIENT_CONFIRMATION_OK"
23862,10420333682,10420333724,1,"IOTHUB_CLIENT_CONFIRMATION_OK"
23863,10420333883,10420333913,1,"IOTHUB_CLIENT_CONFIRMATION_OK"
23864,10420334083,10420334117,1,"IOTHUB_CLIENT_CONFIRMATION_OK"
23865,10420334283,10420334313,1,"IOTHUB_CLIENT_CONFIRMATION_OK"
23866,10420334483,10420334516,1,"IOTHUB_CLIENT_CONFIRMATION_OK"
23867,10420334683,10420334717,1,"IOTHUB_CLIENT_CONFIRMATION_OK"
23868,10420334883,10420334928,1,"IOTHUB_CLIENT_CONFIRMATION_OK"
23869,10420335083,10420335144,1,"IOTHUB_CLIENT_CONFIRMATION_OK"
23870,10420335284,10420335317,1,"IOTHUB_CLIENT_CONFIRMATION_OK"
23871,10420335484,10420335520,1,"IOTHUB_CLIENT_CONFIRMATION_OK"
23872,10420335684,10420335716,1,"IOTHUB_CLIENT_CONFIRMATION_OK"
23873,10420335884,10420335947,1,"IOTHUB_CLIENT_CONFIRMATION_OK"
23874,10420336084,10420336136,1,"IOTHUB_CLIENT_CONFIRMATION_OK"
23875,10420336284,10420336344,1,"IOTHUB_CLIENT_CONFIRMATION_OK"
23876,10420336485,10420336536,1,"IOTHUB_CLIENT_CONFIRMATION_OK"
23877,10420336685,10420336728,1,"IOTHUB_CLIENT_CONFIRMATION_OK"
23878,10420336885,10420336920,1,"IOTHUB_CLIENT_CONFIRMATION_OK"
23879,10420337085,10420337122,1,"IOTHUB_CLIENT_CONFIRMATION_OK"
23880,10420337285,10420337351,1,"IOTHUB_CLIENT_CONFIRMATION_OK"
23881,10420337485,10420337547,1,"IOTHUB_CLIENT_CONFIRMATION_OK"
23882,10420337685,10420337717,1,"IOTHUB_CLIENT_CONFIRMATION_OK"
23883,10420337886,10420337920,1,"IOTHUB_CLIENT_CONFIRMATION_OK"
23884,10420338086,10420338169,1,"IOTHUB_CLIENT_CONFIRMATION_OK"
23885,10420338286,10420338328,1,"IOTHUB_CLIENT_CONFIRMATION_OK"
23886,10420338486,10420338518,1,"IOTHUB_CLIENT_CONFIRMATION_OK"
23887,10420338686,10420338760,1,"IOTHUB_CLIENT_CONFIRMATION_OK"
23888,10420338886,10420338979,1,"IOTHUB_CLIENT_CONFIRMATION_OK"
23889,10420339087,10420339124,1,"IOTHUB_CLIENT_CONFIRMATION_OK"
23890,10420339287,10420339512,1,"IOTHUB_CLIENT_CONFIRMATION_OK"
23891,10420339487,10420339549,1,"IOTHUB_CLIENT_CONFIRMATION_OK"
23892,10420339687,10420339739,1,"IOTHUB_CLIENT_CONFIRMATION_OK"
23893,10420339887,10420339924,1,"IOTHUB_CLIENT_CONFIRMATION_OK"
23894,10420340087,10420340119,1,"IOTHUB_CLIENT_CONFIRMATION_OK"
23895,10420340288,10420340321,1,"IOTHUB_CLIENT_CONFIRMATION_OK"
23896,10420340488,10420340609,1,"IOTHUB_CLIENT_CONFIRMATION_OK"
23897,10420340688,10420340732,1,"IOTHUB_CLIENT_CONFIRMATION_OK"
23898,10420340888,10420340926,1,"IOTHUB_CLIENT_CONFIRMATION_OK"
23899,10420341088,10420341120,1,"IOTHUB_CLIENT_CONFIRMATION_OK"
23900,10420341288,10420341352,1,"IOTHUB_CLIENT_CONFIRMATION_OK"
23901,10420341488,10420341546,1,"IOTHUB_CLIENT_CONFIRMATION_OK"
23902,10420341689,10420341752,1,"IOTHUB_CLIENT_CONFIRMATION_OK"
23903,10420341889,10420341923,1,"IOTHUB_CLIENT_CONFIRMATION_OK"
23904,10420342089,10420342121,1,"IOTHUB_CLIENT_CONFIRMATION_OK"
23905,10420342289,10420342321,1,"IOTHUB_CLIENT_CONFIRMATION_OK"
23906,10420342489,10420342549,1,"IOTHUB_CLIENT_CONFIRMATION_OK"
23907,10420342689,10420342722,1,"IOTHUB_CLIENT_CONFIRMATION_OK"
23908,10420342890,10420342923,1,"IOTHUB_CLIENT_CONFIRMATION_OK"
23909,10420343090,10420343148,1,"IOTHUB_CLIENT_CONFIRMATION_OK"
23910,10420343290,10420343327,1,"IOTHUB_CLIENT_CONFIRMATION_OK"
23911,10420343490,10420343598,1,"IOTHUB_CLIENT_CONFIRMATION_OK"
23912,10420343690,10420343738,1,"IOTHUB_CLIENT_CONFIRMATION_OK"
23913,10420343890,10420343927,1,"IOTHUB_CLIENT_CONFIRMATION_OK"
23914,10420344091,10420344126,1,"IOTHUB_CLIENT_CONFIRMATION_OK"
23915,10420344291,10420344402,1,"IOTHUB_CLIENT_CONFIRMATION_OK"
23916,10420344491,10420344520,1,"IOTHUB_CLIENT_CONFIRMATION_OK"
23917,10420344691,10420344729,1,"IOTHUB_CLIENT_CONFIRMATION_OK"
23918,10420344891,10420344924,1,"IOTHUB_CLIENT_CONFIRMATION_OK"
23919,10420345091,10420345134,1,"IOTHUB_CLIENT_CONFIRMATION_OK"
23920,10420345291,10420345340,1,"IOTHUB_CLIENT_CONFIRMATION_OK"
23921,10420345492,10420345525,1,"IOTHUB_CLIENT_CONFIRMATION_OK"
23922,10420345692,10420345726,1,"IOTHUB_CLIENT_CONFIRMATION_OK"
23923,10420345892,10420345936,1,"IOTHUB_CLIENT_CONFIRMATION_OK"
23924,10420346092,10420346123,1,"IOTHUB_CLIENT_CONFIRMATION_OK"
23925,10420346292,10420346322,1,"IOTHUB_CLIENT_CONFIRMATION_OK"
23926,10420346492,10420346527,1,"IOTHUB_CLIENT_CONFIRMATION_OK"
23927,10420346693,10420346726,1,"IOTHUB_CLIENT_CONFIRMATION_OK"
23928,10420346893,10420346926,1,"IOTHUB_CLIENT_CONFIRMATION_OK"
23929,10420347093,10420347126,1,"IOTHUB_CLIENT_CONFIRMATION_OK"
23930,10420347293,10420347476,1,"IOTHUB_CLIENT_CONFIRMATION_OK"
23931,10420347493,10420347530,1,"IOTHUB_CLIENT_CONFIRMATION_OK"
23932,10420347693,10420347727,1,"IOTHUB_CLIENT_CONFIRMATION_OK"
23933,10420347894,10420347930,1,"IOTHUB_CLIENT_CONFIRMATION_OK"
23934,10420348094,10420348272,1,"IOTHUB_CLIENT_CONFIRMATION_OK"
23935,10420348294,10420348327,1,"IOTHUB_CLIENT_CONFIRMATION_OK"
23936,10420348494,10420348532,1,"IOTHUB_CLIENT_CONFIRMATION_OK"
23937,10420348694,10420348727,1,"IOTHUB_CLIENT_CONFIRMATION_OK"
23938,10420348894,10420348995,1,"IOTHUB_CLIENT_CONFIRMATION_OK"
23939,10420349094,10420349131,1,"IOTHUB_CLIENT_CONFIRMATION_OK"
23940,10420349295,10420349324,1,"IOTHUB_CLIENT_CONFIRMATION_OK"
23941,10420349495,10420349538,1,"IOTHUB_CLIENT_CONFIRMATION_OK"
23942,10420349695,10420349729,1,"IOTHUB_CLIENT_CONFIRMATION_OK"
23943,10420349895,10420349930,1,"IOTHUB_CLIENT_CONFIRMATION_OK"
23944,10420350095,10420350146,1,"IOTHUB_CLIENT_CONFIRMATION_OK"
23945,10420350295,10420350326,1,"IOTHUB_CLIENT_CONFIRMATION_OK"
23946,10420350495,10420350562,1,"IOTHUB_CLIENT_CONFIRMATION_OK"
23947,10420350696,10420350732,1,"IOTHUB_CLIENT_CONFIRMATION_OK"
23948,10420350896,10420350928,1,"IOTHUB_CLIENT_CONFIRMATION_OK"
23949,10420351096,10420351130,1,"IOTHUB_CLIENT_CONFIRMATION_OK"
23950,10420351296,10420351326,1,"IOTHUB_CLIENT_CONFIRMATION_OK"
23951,10420351496,10420351532,1,"IOTHUB_CLIENT_CONFIRMATION_OK"
23952,10420351696,10420351741,1,"IOTHUB_CLIENT_CONFIRMATION_OK"
23953,10420351897,10420351984,1,"IOTHUB_CLIENT_CONFIRMATION_OK"
23954,10420352097,10420352127,1,"IOTHUB_CLIENT_CONFIRMATION_OK"
23955,10420352297,10420352336,1,"IOTHUB_CLIENT_CONFIRMATION_OK"
23956,10420352497,10420352567,1,"IOTHUB_CLIENT_CONFIRMATION_OK"
23957,10420352697,10420352794,1,"IOTHUB_CLIENT_CONFIRMATION_OK"
23958,10420352897,10420352931,1,"IOTHUB_CLIENT_CONFIRMATION_OK"
23959,10420353097,10420353133,1,"IOTHUB_CLIENT_CONFIRMATION_OK"
23960,10420353298,10420353344,1,"IOTHUB_CLIENT_CONFIRMATION_OK"
23961,10420353498,10420353605,1,"IOTHUB_CLIENT_CONFIRMATION_OK"
23962,10420353698,10420353739,1,"IOTHUB_CLIENT_CONFIRMATION_OK"
23963,10420353898,10420353934,1,"IOTHUB_CLIENT_CONFIRMATION_OK"
23964,10420354098,10420354128,1,"IOTHUB_CLIENT_CONFIRMATION_OK"
23965,10420354298,10420354434,1,"IOTHUB_CLIENT_CONFIRMATION_OK"
23966,10420354499,10420354531,1,"IOTHUB_CLIENT_CONFIRMATION_OK"
23967,10420354699,10420354733,1,"IOTHUB_CLIENT_CONFIRMATION_OK"
23968,10420354899,10420354939,1,"IOTHUB_CLIENT_CONFIRMATION_OK"
23969,10420355099,10420355169,1,"IOTHUB_CLIENT_CONFIRMATION_OK"
23970,10420355299,10420355347,1,"IOTHUB_CLIENT_CONFIRMATION_OK"
23971,10420355499,10420355545,1,"IOTHUB_CLIENT_CONFIRMATION_OK"
23972,10420355700,10420355738,1,"IOTHUB_CLIENT_CONFIRMATION_OK"
23973,10420355900,10420356116,1,"IOTHUB_CLIENT_CONFIRMATION_OK"
23974,10420356100,10420356273,1,"IOTHUB_CLIENT_CONFIRMATION_OK"
23975,10420356300,10420356367,1,"IOTHUB_CLIENT_CONFIRMATION_OK"
23976,10420356500,10420356544,1,"IOTHUB_CLIENT_CONFIRMATION_OK"
23977,10420356700,10420356753,1,"IOTHUB_CLIENT_CONFIRMATION_OK"
23978,10420356900,10420356931,1,"IOTHUB_CLIENT_CONFIRMATION_OK"
23979,10420357101,10420357131,1,"IOTHUB_CLIENT_CONFIRMATION_OK"
23980,10420357301,10420357383,1,"IOTHUB_CLIENT_CONFIRMATION_OK"
23981,10420357501,10420357537,1,"IOTHUB_CLIENT_CONFIRMATION_OK"
23982,10420357701,10420357736,1,"IOTHUB_CLIENT_CONFIRMATION_OK"
23983,10420357901,10420358002,1,"IOTHUB_CLIENT_CONFIRMATION_OK"
23984,10420358101,10420358214,1,"IOTHUB_CLIENT_CONFIRMATION_OK"
23985,10420358302,10420358334,1,"IOTHUB_CLIENT_CONFIRMATION_OK"
23986,10420358502,10420358534,1,"IOTHUB_CLIENT_CONFIRMATION_OK"
23987,10420358702,10420358737,1,"IOTHUB_CLIENT_CONFIRMATION_OK"
23988,10420358902,10420359024,1,"IOTHUB_CLIENT_CONFIRMATION_OK"
23989,10420359102,10420359138,1,"IOTHUB_CLIENT_CONFIRMATION_OK"
23990,10420359302,10420359346,1,"IOTHUB_CLIENT_CONFIRMATION_OK"
23991,10420359502,10420359546,1,"IOTHUB_CLIENT_CONFIRMATION_OK"
23992,10420359703,10420359735,1,"IOTHUB_CLIENT_CONFIRMATION_OK"
23993,10420359903,10420359937,1,"IOTHUB_CLIENT_CONFIRMATION_OK"
23994,10420360103,10420360140,1,"IOTHUB_CLIENT_CONFIRMATION_OK"
23995,10420360303,10420360337,1,"IOTHUB_CLIENT_CONFIRMATION_OK"
23996,10420360503,10420360538,1,"IOTHUB_CLIENT_CONFIRMATION_OK"
23997,10420360703,10420360790,1,"IOTHUB_CLIENT_CONFIRMATION_OK"
23998,10420360904,10420360941,1,"IOTHUB_CLIENT_CONFIRMATION_OK"
23999,10420361104,10420361241,1,"IOTHUB_CLIENT_CONFIRMATION_OK"
24000,10420361304,10420361341,1,"IOTHUB_CLIENT_CONFIRMATION_OK"
24001,10420361504,10420361534,1,"IOTHUB_CLIENT_CONFIRMATION_OK"
24002,10420361704,10420361740,1,"IOTHUB_CLIENT_CONFIRMATION_OK"
24003,10420361904,10420362067,1,"IOTHUB_CLIENT_CONFIRMATION_OK"
24004,10420362105,10420362144,1,"IOTHUB_CLIENT_CONFIRMATION_OK"
24005,10420362305,10420362336,1,"IOTHUB_CLIENT_CONFIRMATION_OK"
24006,10420362505,10420362544,1,"IOTHUB_CLIENT_CONFIRMATION_OK"
24007,10420362705,10420362885,1,"IOTHUB_CLIENT_CONFIRMATION_OK"
24008,10420362905,10420362937,1,"IOTHUB_CLIENT_CONFIRMATION_OK"
24009,10420363105,10420363144,1,"IOTHUB_CLIENT_CONFIRMATION_OK"
24010,10420363305,10420363337,1,"IOTHUB_CLIENT_CONFIRMATION_OK"
24011,10420363506,10420363546,1,"IOTHUB_CLIENT_CONFIRMATION_OK"
24012,10420363706,10420363749,1,"IOTHUB_CLIENT_CONFIRMATION_OK"
24013,10420363906,10420364000,1,"IOTHUB_CLIENT_CONFIRMATION_OK"
24014,10420364106,10420364144,1,"IOTHUB_CLIENT_CONFIRMATION_OK"
24015,10420364306,10420364344,1,"IOTHUB_CLIENT_CONFIRMATION_OK"
24016,10420364506,10420364543,1,"IOTHUB_CLIENT_CONFIRMATION_OK"
24017,10420364707,10420364744,1,"IOTHUB_CLIENT_CONFIRMATION_OK"
24018,10420364907,10420364939,1,"IOTHUB_CLIENT_CONFIRMATION_OK"
24019,10420365107,10420365166,1,"IOTHUB_CLIENT_CONFIRMATION_OK"
24020,10420365307,10420365592,1,"IOTHUB_CLIENT_CONFIRMATION_OK"
24021,10420365507,10420365635,1,"IOTHUB_CLIENT_CONFIRMATION_OK"
24022,10420365707,10420365746,1,"IOTHUB_CLIENT_CONFIRMATION_OK"
24023,10420365908,10420365969,1,"IOTHUB_CLIENT_CONFIRMATION_OK"
24024,10420366108,10420366163,1,"IOTHUB_CLIENT_CONFIRMATION_OK"
24025,10420366308,10420366339,1,"IOTHUB_CLIENT_CONFIRMATION_OK"
24026,10420366508,10420366576,1,"IOTHUB_CLIENT_CONFIRMATION_OK"
24027,10420366708,10420366740,1,"IOTHUB_CLIENT_CONFIRMATION_OK"
24028,10420366908,10420366954,1,"IOTHUB_CLIENT_CONFIRMATION_OK"
24029,10420367109,10420367144,1,"IOTHUB_CLIENT_CONFIRMATION_OK"
24030,10420367309,10420367452,1,"IOTHUB_CLIENT_CONFIRMATION_OK"
24031,10420367509,10420367553,1,"IOTHUB_CLIENT_CONFIRMATION_OK"
24032,10420367709,10420367800,1,"IOTHUB_CLIENT_CONFIRMATION_OK"
24033,10420367909,10420367947,1,"IOTHUB_CLIENT_CONFIRMATION_OK"
24034,10420368109,10420368203,1,"IOTHUB_CLIENT_CONFIRMATION_OK"
24035,10420368309,10420368343,1,"IOTHUB_CLIENT_CONFIRMATION_OK"
24036,10420368510,10420368583,1,"IOTHUB_CLIENT_CONFIRMATION_OK"
24037,10420368710,10420368747,1,"IOTHUB_CLIENT_CONFIRMATION_OK"
24038,10420368910,10420369012,1,"IOTHUB_CLIENT_CONFIRMATION_OK"
24039,10420369110,10420369180,1,"IOTHUB_CLIENT_CONFIRMATION_OK"
24040,10420369310,10420369379,1,"IOTHUB_CLIENT_CONFIRMATION_OK"
24041,10420369510,10420369543,1,"IOTHUB_CLIENT_CONFIRMATION_OK"
24042,10420369711,10420369803,1,"IOTHUB_CLIENT_CONFIRMATION_OK"
24043,10420369911,10420369943,1,"IOTHUB_CLIENT_CONFIRMATION_OK"
24044,10420370111,10420370145,1,"IOTHUB_CLIENT_CONFIRMATION_OK"
24045,10420370311,10420370342,1,"IOTHUB_CLIENT_CONFIRMATION_OK"
24046,10420370511,10420370547,1,"IOTHUB_CLIENT_CONFIRMATION_OK"
24047,10420370711,10420370782,1,"IOTHUB_CLIENT_CONFIRMATION_OK"
24048,10420370911,10420370944,1,"IOTHUB_CLIENT_CONFIRMATION_OK"
24049,10420371112,10420371248,1,"IOTHUB_CLIENT_CONFIRMATION_OK"
24050,10420371312,10420371343,1,"IOTHUB_CLIENT_CONFIRMATION_OK"
24051,10420371512,10420371546,1,"IOTHUB_CLIENT_CONFIRMATION_OK"
24052,10420371712,10420371746,1,"IOTHUB_CLIENT_CONFIRMATION_OK"
24053,10420371912,10420372052,1,"IOTHUB_CLIENT_CONFIRMATION_OK"
24054,10420372112,10420372147,1,"IOTHUB_CLIENT_CONFIRMATION_OK"
24055,10420372313,10420372357,1,"IOTHUB_CLIENT_CONFIRMATION_OK"
24056,10420372513,10420372547,1,"IOTHUB_CLIENT_CONFIRMATION_OK"
24057,10420372713,10420372878,1,"IOTHUB_CLIENT_CONFIRMATION_OK"
24058,10420372913,10420372946,1,"IOTHUB_CLIENT_CONFIRMATION_OK"
24059,10420373113,10420373145,1,"IOTHUB_CLIENT_CONFIRMATION_OK"
24060,10420373313,10420373370,1,"IOTHUB_CLIENT_CONFIRMATION_OK"
24061,10420373514,10420373545,1,"IOTHUB_CLIENT_CONFIRMATION_OK"
24062,10420373714,10420373759,1,"IOTHUB_CLIENT_CONFIRMATION_OK"
24063,10420373914,10420373947,1,"IOTHUB_CLIENT_CONFIRMATION_OK"
24064,10420374114,10420374159,1,"IOTHUB_CLIENT_CONFIRMATION_OK"
24065,10420374314,10420374354,1,"IOTHUB_CLIENT_CONFIRMATION_OK"
24066,10420374514,10420374548,1,"IOTHUB_CLIENT_CONFIRMATION_OK"
24067,10420374714,10420374755,1,"IOTHUB_CLIENT_CONFIRMATION_OK"
24068,10420374915,10420374964,1,"IOTHUB_CLIENT_CONFIRMATION_OK"
24069,10420375115,10420375165,1,"IOTHUB_CLIENT_CONFIRMATION_OK"
24070,10420375315,10420375350,1,"IOTHUB_CLIENT_CONFIRMATION_OK"
24071,10420375515,10420375632,1,"IOTHUB_CLIENT_CONFIRMATION_OK"
24072,10420375715,10420375754,1,"IOTHUB_CLIENT_CONFIRMATION_OK"
24073,10420375915,10420375958,1,"IOTHUB_CLIENT_CONFIRMATION_OK"
24074,10420376116,10420376161,1,"IOTHUB_CLIENT_CONFIRMATION_OK"
24075,10420376316,10420376351,1,"IOTHUB_CLIENT_CONFIRMATION_OK"
24076,10420376516,10420376553,1,"IOTHUB_CLIENT_CONFIRMATION_OK"
24077,10420376716,10420376751,1,"IOTHUB_CLIENT_CONFIRMATION_OK"
24078,10420376916,10420376960,1,"IOTHUB_CLIENT_CONFIRMATION_OK"
24079,10420377116,10420377149,1,"IOTHUB_CLIENT_CONFIRMATION_OK"
24080,10420377316,10420377392,1,"IOTHUB_CLIENT_CONFIRMATION_OK"
24081,10420377517,10420377595,1,"IOTHUB_CLIENT_CONFIRMATION_OK"
24082,10420377717,10420377787,1,"IOTHUB_CLIENT_CONFIRMATION_OK"
24083,10420377917,10420377949,1,"IOTHUB_CLIENT_CONFIRMATION_OK"
24084,10420378117,10420378209,1,"IOTHUB_CLIENT_CONFIRMATION_OK"
24085,10420378317,10420378360,1,"IOTHUB_CLIENT_CONFIRMATION_OK"
24086,10420378517,10420378554,1,"IOTHUB_CLIENT_CONFIRMATION_OK"
24087,10420378718,10420378755,1,"IOTHUB_CLIENT_CONFIRMATION_OK"
24088,10420378918,10420379032,1,"IOTHUB_CLIENT_CONFIRMATION_OK"
24089,10420379118,10420379149,1,"IOTHUB_CLIENT_CONFIRMATION_OK"
24090,10420379318,10420379363,1,"IOTHUB_CLIENT_CONFIRMATION_OK"
24091,10420379518,10420379573,1,"IOTHUB_CLIENT_CONFIRMATION_OK"
24092,10420379718,10420379755,1,"IOTHUB_CLIENT_CONFIRMATION_OK"
24093,10420379919,10420379974,1,"IOTHUB_CLIENT_CONFIRMATION_OK"
24094,10420380119,10420380156,1,"IOTHUB_CLIENT_CONFIRMATION_OK"
24095,10420380319,10420380350,1,"IOTHUB_CLIENT_CONFIRMATION_OK"
24096,10420380519,10420380550,1,"IOTHUB_CLIENT_CONFIRMATION_OK"
24097,10420380719,10420380825,1,"IOTHUB_CLIENT_CONFIRMATION_OK"
24098,10420380919,10420380957,1,"IOTHUB_CLIENT_CONFIRMATION_OK"
24099,10420381119,10420381308,1,"IOTHUB_CLIENT_CONFIRMATION_OK"
24100,10420381320,10420381376,1,"IOTHUB_CLIENT_CONFIRMATION_OK"
24101,10420381520,10420381556,1,"IOTHUB_CLIENT_CONFIRMATION_OK"
24102,10420381720,10420381757,1,"IOTHUB_CLIENT_CONFIRMATION_OK"
24103,10420381920,10420381952,1,"IOTHUB_CLIENT_CONFIRMATION_OK"
24104,10420382120,10420382154,1,"IOTHUB_CLIENT_CONFIRMATION_OK"
24105,10420382320,10420382352,1,"IOTHUB_CLIENT_CONFIRMATION_OK"
24106,10420382521,10420382552,1,"IOTHUB_CLIENT_CONFIRMATION_OK"
24107,10420382721,10420382755,1,"IOTHUB_CLIENT_CONFIRMATION_OK"
24108,10420382921,10420382960,1,"IOTHUB_CLIENT_CONFIRMATION_OK"
24109,10420383121,10420383157,1,"IOTHUB_CLIENT_CONFIRMATION_OK"
24110,10420383321,10420383355,1,"IOTHUB_CLIENT_CONFIRMATION_OK"
24111,10420383521,10420383594,1,"IOTHUB_CLIENT_CONFIRMATION_OK"
24112,10420383722,10420383762,1,"IOTHUB_CLIENT_CONFIRMATION_OK"
24113,10420383922,10420383970,1,"IOTHUB_CLIENT_CONFIRMATION_OK"
24114,10420384122,10420384169,1,"IOTHUB_CLIENT_CONFIRMATION_OK"
24115,10420384322,10420384378,1,"IOTHUB_CLIENT_CONFIRMATION_OK"
24116,10420384522,10420384577,1,"IOTHUB_CLIENT_CONFIRMATION_OK"
24117,10420384722,10420384754,1,"IOTHUB_CLIENT_CONFIRMATION_OK"
24118,10420384923,10420384974,1,"IOTHUB_CLIENT_CONFIRMATION_OK"
24119,10420385123,10420385191,1,"IOTHUB_CLIENT_CONFIRMATION_OK"
24120,10420385323,10420385414,1,"IOTHUB_CLIENT_CONFIRMATION_OK"
24121,10420385523,10420385572,1,"IOTHUB_CLIENT_CONFIRMATION_OK"
24122,10420385723,10420385782,1,"IOTHUB_CLIENT_CONFIRMATION_OK"
24123,10420385923,10420385960,1,"IOTHUB_CLIENT_CONFIRMATION_OK"
24124,10420386124,10420386153,1,"IOTHUB_CLIENT_CONFIRMATION_OK"
24125,10420386324,10420386354,1,"IOTHUB_CLIENT_CONFIRMATION_OK"
24126,10420386524,10420386604,1,"IOTHUB_CLIENT_CONFIRMATION_OK"
24127,10420386724,10420386762,1,"IOTHUB_CLIENT_CONFIRMATION_OK"
24128,10420386924,10420386954,1,"IOTHUB_CLIENT_CONFIRMATION_OK"
24129,10420387124,10420387157,1,"IOTHUB_CLIENT_CONFIRMATION_OK"
24130,10420387324,10420387421,1,"IOTHUB_CLIENT_CONFIRMATION_OK"
24131,10420387525,10420387568,1,"IOTHUB_CLIENT_CONFIRMATION_OK"
24132,10420387725,10420387851,1,"IOTHUB_CLIENT_CONFIRMATION_OK"
24133,10420387925,10420387956,1,"IOTHUB_CLIENT_CONFIRMATION_OK"
24134,10420388125,10420388162,1,"IOTHUB_CLIENT_CONFIRMATION_OK"
24135,10420388325,10420388357,1,"IOTHUB_CLIENT_CONFIRMATION_OK"
24136,10420388525,10420388572,1,"IOTHUB_CLIENT_CONFIRMATION_OK"
24137,10420388726,10420388759,1,"IOTHUB_CLIENT_CONFIRMATION_OK"
24138,10420388926,10420388960,1,"IOTHUB_CLIENT_CONFIRMATION_OK"
24139,10420389126,10420389159,1,"IOTHUB_CLIENT_CONFIRMATION_OK"
24140,10420389326,10420389380,1,"IOTHUB_CLIENT_CONFIRMATION_OK"
24141,10420389526,10420389580,1,"IOTHUB_CLIENT_CONFIRMATION_OK"
24142,10420389726,10420389763,1,"IOTHUB_CLIENT_CONFIRMATION_OK"
24143,10420389926,10420389956,1,"IOTHUB_CLIENT_CONFIRMATION_OK"
24144,10420390127,10420390163,1,"IOTHUB_CLIENT_CONFIRMATION_OK"
24145,10420390327,10420390505,1,"IOTHUB_CLIENT_CONFIRMATION_OK"
24146,10420390527,10420390569,1,"IOTHUB_CLIENT_CONFIRMATION_OK"
24147,10420390727,10420390761,1,"IOTHUB_CLIENT_CONFIRMATION_OK"
24148,10420390927,10420391012,1,"IOTHUB_CLIENT_CONFIRMATION_OK"
24149,10420391127,10420391201,1,"IOTHUB_CLIENT_CONFIRMATION_OK"
24150,10420391328,10420391363,1,"IOTHUB_CLIENT_CONFIRMATION_OK"
24151,10420391528,10420391573,1,"IOTHUB_CLIENT_CONFIRMATION_OK"
24152,10420391728,10420391773,1,"IOTHUB_CLIENT_CONFIRMATION_OK"
24153,10420391928,10420391970,1,"IOTHUB_CLIENT_CONFIRMATION_OK"
24154,10420392128,10420392178,1,"IOTHUB_CLIENT_CONFIRMATION_OK"
24155,10420392328,10420392362,1,"IOTHUB_CLIENT_CONFIRMATION_OK"
24156,10420392529,10420392562,1,"IOTHUB_CLIENT_CONFIRMATION_OK"
24157,10420392729,10420392767,1,"IOTHUB_CLIENT_CONFIRMATION_OK"
24158,10420392929,10420392975,1,"IOTHUB_CLIENT_CONFIRMATION_OK"
24159,10420393129,10420393162,1,"IOTHUB_CLIENT_CONFIRMATION_OK"
24160,10420393329,10420393363,1,"IOTHUB_CLIENT_CONFIRMATION_OK"
24161,10420393529,10420393572,1,"IOTHUB_CLIENT_CONFIRMATION_OK"
24162,10420393729,10420393761,1,"IOTHUB_CLIENT_CONFIRMATION_OK"
24163,10420393930,10420393967,1,"IOTHUB_CLIENT_CONFIRMATION_OK"
24164,10420394130,10420394161,1,"IOTHUB_CLIENT_CONFIRMATION_OK"
24165,10420394330,10420394422,1,"IOTHUB_CLIENT_CONFIRMATION_OK"
24166,10420394530,10420394569,1,"IOTHUB_CLIENT_CONFIRMATION_OK"
24167,10420394730,10420394762,1,"IOTHUB_CLIENT_CONFIRMATION_OK"
24168,10420394930,10420394985,1,"IOTHUB_CLIENT_CONFIRMATION_OK"
24169,10420395131,10420395161,1,"IOTHUB_CLIENT_CONFIRMATION_OK"
24170,10420395331,10420395453,1,"IOTHUB_CLIENT_CONFIRMATION_OK"
24171,10420395531,10420395565,1,"IOTHUB_CLIENT_CONFIRMATION_OK"
24172,10420395731,10420395816,1,"IOTHUB_CLIENT_CONFIRMATION_OK"
24173,10420395931,10420395967,1,"IOTHUB_CLIENT_CONFIRMATION_OK"
24174,10420396131,10420396195,1,"IOTHUB_CLIENT_CONFIRMATION_OK"
24175,10420396331,10420396428,1,"IOTHUB_CLIENT_CONFIRMATION_OK"
24176,10420396532,10420396639,1,"IOTHUB_CLIENT_CONFIRMATION_OK"
24177,10420396732,10420396770,1,"IOTHUB_CLIENT_CONFIRMATION_OK"
24178,10420396932,10420396983,1,"IOTHUB_CLIENT_CONFIRMATION_OK"
24179,10420397132,10420397168,1,"IOTHUB_CLIENT_CONFIRMATION_OK"
24180,10420397332,10420397474,1,"IOTHUB_CLIENT_CONFIRMATION_OK"
24181,10420397532,10420397574,1,"IOTHUB_CLIENT_CONFIRMATION_OK"
24182,10420397733,10420397773,1,"IOTHUB_CLIENT_CONFIRMATION_OK"
24183,10420397933,10420397992,1,"IOTHUB_CLIENT_CONFIRMATION_OK"
24184,10420398133,10420398183,1,"IOTHUB_CLIENT_CONFIRMATION_OK"
24185,10420398333,10420398365,1,"IOTHUB_CLIENT_CONFIRMATION_OK"
24186,10420398533,10420398580,1,"IOTHUB_CLIENT_CONFIRMATION_OK"
24187,10420398733,10420398790,1,"IOTHUB_CLIENT_CONFIRMATION_OK"
24188,10420398933,10420398976,1,"IOTHUB_CLIENT_CONFIRMATION_OK"
24189,10420399134,10420399169,1,"IOTHUB_CLIENT_CONFIRMATION_OK"
24190,10420399334,10420399364,1,"IOTHUB_CLIENT_CONFIRMATION_OK"
24191,10420399534,10420399582,1,"IOTHUB_CLIENT_CONFIRMATION_OK"
24192,10420399734,10420399764,1,"IOTHUB_CLIENT_CONFIRMATION_OK"
24193,10420399934,10420399971,1,"IOTHUB_CLIENT_CONFIRMATION_OK"
24194,10420400134,10420400176,1,"IOTHUB_CLIENT_CONFIRMATION_OK"
24195,10420400335,10420400490,1,"IOTHUB_CLIENT_CONFIRMATION_OK"
24196,10420400535,10420400566,1,"IOTHUB_CLIENT_CONFIRMATION_OK"
24197,10420400735,10420400765,1,"IOTHUB_CLIENT_CONFIRMATION_OK"
24198,10420400935,10420400967,1,"IOTHUB_CLIENT_CONFIRMATION_OK"
24199,10420401135,10420401166,1,"IOTHUB_CLIENT_CONFIRMATION_OK"
24200,10420401335,10420401377,1,"IOTHUB_CLIENT_CONFIRMATION_OK"
24201,10420401535,10420401570,1,"IOTHUB_CLIENT_CONFIRMATION_OK"
24202,10420401736,10420401786,1,"IOTHUB_CLIENT_CONFIRMATION_OK"
24203,10420401936,10420401979,1,"IOTHUB_CLIENT_CONFIRMATION_OK"
24204,10420402136,10420402194,1,"IOTHUB_CLIENT_CONFIRMATION_OK"
24205,10420402336,10420402369,1,"IOTHUB_CLIENT_CONFIRMATION_OK"
24206,10420402536,10420402569,1,"IOTHUB_CLIENT_CONFIRMATION_OK"
24207,10420402736,10420402778,1,"IOTHUB_CLIENT_CONFIRMATION_OK"
24208,10420402937,10420402989,1,"IOTHUB_CLIENT_CONFIRMATION_OK"
24209,10420403137,10420403168,1,"IOTHUB_CLIENT_CONFIRMATION_OK"
24210,10420403337,10420403372,1,"IOTHUB_CLIENT_CONFIRMATION_OK"
24211,10420403537,10420403672,1,"IOTHUB_CLIENT_CONFIRMATION_OK"
24212,10420403737,10420403767,1,"IOTHUB_CLIENT_CONFIRMATION_OK"
24213,10420403937,10420403981,1,"IOTHUB_CLIENT_CONFIRMATION_OK"
24214,10420404137,10420404170,1,"IOTHUB_CLIENT_CONFIRMATION_OK"
24215,10420404338,10420404377,1,"IOTHUB_CLIENT_CONFIRMATION_OK"
24216,10420404538,10420404590,1,"IOTHUB_CLIENT_CONFIRMATION_OK"
24217,10420404738,10420404771,1,"IOTHUB_CLIENT_CONFIRMATION_OK"
24218,10420404938,10420404991,1,"IOTHUB_CLIENT_CONFIRMATION_OK"
24219,10420405138,10420405177,1,"IOTHUB_CLIENT_CONFIRMATION_OK"
24220,10420405338,10420405370,1,"IOTHUB_CLIENT_CONFIRMATION_OK"
24221,10420405539,10420405571,1,"IOTHUB_CLIENT_CONFIRMATION_OK"
24222,10420405739,10420405782,1,"IOTHUB_CLIENT_CONFIRMATION_OK"
24223,10420405939,10420405975,1,"IOTHUB_CLIENT_CONFIRMATION_OK"
24224,10420406139,10420406173,1,"IOTHUB_CLIENT_CONFIRMATION_OK"
24225,10420406339,10420406371,1,"IOTHUB_CLIENT_CONFIRMATION_OK"
24226,10420406539,10420406603,1,"IOTHUB_CLIENT_CONFIRMATION_OK"
24227,10420406739,10420406783,1,"IOTHUB_CLIENT_CONFIRMATION_OK"
24228,10420406940,10420406974,1,"IOTHUB_CLIENT_CONFIRMATION_OK"
24229,10420407140,10420407196,1,"IOTHUB_CLIENT_CONFIRMATION_OK"
24230,10420407340,10420407418,1,"IOTHUB_CLIENT_CONFIRMATION_OK"
24231,10420407540,10420407572,1,"IOTHUB_CLIENT_CONFIRMATION_OK"
24232,10420407740,10420407773,1,"IOTHUB_CLIENT_CONFIRMATION_OK"
24233,10420407940,10420407986,1,"IOTHUB_CLIENT_CONFIRMATION_OK"
24234,10420408141,10420408314,1,"IOTHUB_CLIENT_CONFIRMATION_OK"
24235,10420408341,10420408380,1,"IOTHUB_CLIENT_CONFIRMATION_OK"
24236,10420408541,10420408590,1,"IOTHUB_CLIENT_CONFIRMATION_OK"
24237,10420408741,10420408776,1,"IOTHUB_CLIENT_CONFIRMATION_OK"
24238,10420408941,10420408994,1,"IOTHUB_CLIENT_CONFIRMATION_OK"
24239,10420409141,10420409173,1,"IOTHUB_CLIENT_CONFIRMATION_OK"
24240,10420409342,10420409374,1,"IOTHUB_CLIENT_CONFIRMATION_OK"
24241,10420409542,10420409658,1,"IOTHUB_CLIENT_CONFIRMATION_OK"
24242,10420409742,10420409780,1,"IOTHUB_CLIENT_CONFIRMATION_OK"
24243,10420409942,10420409979,1,"IOTHUB_CLIENT_CONFIRMATION_OK"
24244,10420410142,10420410174,1,"IOTHUB_CLIENT_CONFIRMATION_OK"
24245,10420410342,10420410497,1,"IOTHUB_CLIENT_CONFIRMATION_OK"
24246,10420410543,10420410580,1,"IOTHUB_CLIENT_CONFIRMATION_OK"
24247,10420410743,10420410783,1,"IOTHUB_CLIENT_CONFIRMATION_OK"
24248,10420410943,10420410994,1,"IOTHUB_CLIENT_CONFIRMATION_OK"
24249,10420411143,10420411303,1,"IOTHUB_CLIENT_CONFIRMATION_OK"
24250,10420411343,10420411376,1,"IOTHUB_CLIENT_CONFIRMATION_OK"
24251,10420411543,10420411594,1,"IOTHUB_CLIENT_CONFIRMATION_OK"
24252,10420411744,10420411778,1,"IOTHUB_CLIENT_CONFIRMATION_OK"
24253,10420411944,10420411976,1,"IOTHUB_CLIENT_CONFIRMATION_OK"
24254,10420412144,10420412175,1,"IOTHUB_CLIENT_CONFIRMATION_OK"
24255,10420412344,10420412378,1,"IOTHUB_CLIENT_CONFIRMATION_OK"
24256,10420412544,10420412577,1,"IOTHUB_CLIENT_CONFIRMATION_OK"
24257,10420412744,10420412853,1,"IOTHUB_CLIENT_CONFIRMATION_OK"
24258,10420412944,10420413002,1,"IOTHUB_CLIENT_CONFIRMATION_OK"
24259,10420413145,10420413190,1,"IOTHUB_CLIENT_CONFIRMATION_OK"
24260,10420413345,10420413377,1,"IOTHUB_CLIENT_CONFIRMATION_OK"
24261,10420413545,10420413674,1,"IOTHUB_CLIENT_CONFIRMATION_OK"
24262,10420413745,10420413776,1,"IOTHUB_CLIENT_CONFIRMATION_OK"
24263,10420413945,10420413983,1,"IOTHUB_CLIENT_CONFIRMATION_OK"
24264,10420414145,10420414178,1,"IOTHUB_CLIENT_CONFIRMATION_OK"
24265,10420414345,10420414400,1,"IOTHUB_CLIENT_CONFIRMATION_OK"
24266,10420414546,10420414602,1,"IOTHUB_CLIENT_CONFIRMATION_OK"
24267,10420414746,10420414778,1,"IOTHUB_CLIENT_CONFIRMATION_OK"
24268,10420414946,10420415099,1,"IOTHUB_CLIENT_CONFIRMATION_OK"
24269,10420415146,10420415186,1,"IOTHUB_CLIENT_CONFIRMATION_OK"
24270,10420415346,10420415376,1,"IOTHUB_CLIENT_CONFIRMATION_OK"
24271,10420415546,10420415581,1,"IOTHUB_CLIENT_CONFIRMATION_OK"
24272,10420415746,10420415888,1,"IOTHUB_CLIENT_CONFIRMATION_OK"
24273,10420415947,10420415980,1,"IOTHUB_CLIENT_CONFIRMATION_OK"
24274,10420416147,10420416179,1,"IOTHUB_CLIENT_CONFIRMATION_OK"
24275,10420416347,10420416378,1,"IOTHUB_CLIENT_CONFIRMATION_OK"
24276,10420416547,10420416593,1,"IOTHUB_CLIENT_CONFIRMATION_OK"
24277,10420416747,10420416778,1,"IOTHUB_CLIENT_CONFIRMATION_OK"
24278,10420416947,10420416998,1,"IOTHUB_CLIENT_CONFIRMATION_OK"
24279,10420417148,10420417193,1,"IOTHUB_CLIENT_CONFIRMATION_OK"
24280,10420417348,10420417380,1,"IOTHUB_CLIENT_CONFIRMATION_OK"
24281,10420417548,10420417582,1,"IOTHUB_CLIENT_CONFIRMATION_OK"
24282,10420417748,10420417809,1,"IOTHUB_CLIENT_CONFIRMATION_OK"
24283,10420417948,10420417979,1,"IOTHUB_CLIENT_CONFIRMATION_OK"
24284,10420418148,10420418190,1,"IOTHUB_CLIENT_CONFIRMATION_OK"
24285,10420418349,10420418381,1,"IOTHUB_CLIENT_CONFIRMATION_OK"
24286,10420418549,10420418611,1,"IOTHUB_CLIENT_CONFIRMATION_OK"
24287,10420418749,10420418782,1,"IOTHUB_CLIENT_CONFIRMATION_OK"
24288,10420418949,10420418994,1,"IOTHUB_CLIENT_CONFIRMATION_OK"
24289,10420419149,10420419186,1,"IOTHUB_CLIENT_CONFIRMATION_OK"
24290,10420419349,10420419406,1,"IOTHUB_CLIENT_CONFIRMATION_OK"
24291,10420419550,10420419586,1,"IOTHUB_CLIENT_CONFIRMATION_OK"
24292,10420419750,10420419787,1,"IOTHUB_CLIENT_CONFIRMATION_OK"
24293,10420419950,10420420008,1,"IOTHUB_CLIENT_CONFIRMATION_OK"
24294,10420420150,10420420217,1,"IOTHUB_CLIENT_CONFIRMATION_OK"
24295,10420420350,10420420412,1,"IOTHUB_CLIENT_CONFIRMATION_OK"
24296,10420420550,10420420603,1,"IOTHUB_CLIENT_CONFIRMATION_OK"
24297,10420420751,10420420797,1,"IOTHUB_CLIENT_CONFIRMATION_OK"
24298,10420420951,10420420986,1,"IOTHUB_CLIENT_CONFIRMATION_OK"
24299,10420421151,10420421283,1,"IOTHUB_CLIENT_CONFIRMATION_OK"
24300,10420421351,10420421382,1,"IOTHUB_CLIENT_CONFIRMATION_OK"
24301,10420421551,10420421586,1,"IOTHUB_CLIENT_CONFIRMATION_OK"
24302,10420421751,10420421853,1,"IOTHUB_CLIENT_CONFIRMATION_OK"
24303,10420421952,10420421992,1,"IOTHUB_CLIENT_CONFIRMATION_OK"
24304,10420422152,10420422181,1,"IOTHUB_CLIENT_CONFIRMATION_OK"
24305,10420422352,10420422381,1,"IOTHUB_CLIENT_CONFIRMATION_OK"
24306,10420422552,10420422583,1,"IOTHUB_CLIENT_CONFIRMATION_OK"
24307,10420422752,10420422783,1,"IOTHUB_CLIENT_CONFIRMATION_OK"
24308,10420422952,10420423046,1,"IOTHUB_CLIENT_CONFIRMATION_OK"
24309,10420423153,10420423213,1,"IOTHUB_CLIENT_CONFIRMATION_OK"
24310,10420423353,10420423405,1,"IOTHUB_CLIENT_CONFIRMATION_OK"
24311,10420423553,10420423589,1,"IOTHUB_CLIENT_CONFIRMATION_OK"
24312,10420423753,10420423831,1,"IOTHUB_CLIENT_CONFIRMATION_OK"
24313,10420423953,10420424019,1,"IOTHUB_CLIENT_CONFIRMATION_OK"
24314,10420424153,10420424274,1,"IOTHUB_CLIENT_CONFIRMATION_OK"
24315,10420424353,10420424396,1,"IOTHUB_CLIENT_CONFIRMATION_OK"
24316,10420424554,10420424586,1,"IOTHUB_CLIENT_CONFIRMATION_OK"
24317,10420424754,10420424800,1,"IOTHUB_CLIENT_CONFIRMATION_OK"
24318,10420424954,10420425125,1,"IOTHUB_CLIENT_CONFIRMATION_OK"
24319,10420425154,10420425195,1,"IOTHUB_CLIENT_CONFIRMATION_OK"
24320,10420425354,10420425390,1,"IOTHUB_CLIENT_CONFIRMATION_OK"
24321,10420425554,10420425629,1,"IOTHUB_CLIENT_CONFIRMATION_OK"
24322,10420425755,10420425831,1,"IOTHUB_CLIENT_CONFIRMATION_OK"
24323,10420425955,10420425991,1,"IOTHUB_CLIENT_CONFIRMATION_OK"
24324,10420426155,10420426187,1,"IOTHUB_CLIENT_CONFIRMATION_OK"
24325,10420426355,10420426403,1,"IOTHUB_CLIENT_CONFIRMATION_OK"
24326,10420426555,10420426657,1,"IOTHUB_CLIENT_CONFIRMATION_OK"
24327,10420426755,10420426810,1,"IOTHUB_CLIENT_CONFIRMATION_OK"
24328,10420426955,10420426989,1,"IOTHUB_CLIENT_CONFIRMATION_OK"
24329,10420427156,10420427198,1,"IOTHUB_CLIENT_CONFIRMATION_OK"
24330,10420427356,10420427442,1,"IOTHUB_CLIENT_CONFIRMATION_OK"
24331,10420427556,10420427596,1,"IOTHUB_CLIENT_CONFIRMATION_OK"
24332,10420427756,10420427793,1,"IOTHUB_CLIENT_CONFIRMATION_OK"
24333,10420427956,10420428010,1,"IOTHUB_CLIENT_CONFIRMATION_OK"
24334,10420428156,10420428199,1,"IOTHUB_CLIENT_CONFIRMATION_OK"
24335,10420428357,10420428386,1,"IOTHUB_CLIENT_CONFIRMATION_OK"
24336,10420428557,10420428603,1,"IOTHUB_CLIENT_CONFIRMATION_OK"
24337,10420428757,10420428799,1,"IOTHUB_CLIENT_CONFIRMATION_OK"
24338,10420428957,10420429025,1,"IOTHUB_CLIENT_CONFIRMATION_OK"
24339,10420429157,10420429201,1,"IOTHUB_CLIENT_CONFIRMATION_OK"
24340,10420429357,10420429428,1,"IOTHUB_CLIENT_CONFIRMATION_OK"
24341,10420429558,10420429697,1,"IOTHUB_CLIENT_CONFIRMATION_OK"
24342,10420429758,10420429804,1,"IOTHUB_CLIENT_CONFIRMATION_OK"
24343,10420429958,10420429991,1,"IOTHUB_CLIENT_CONFIRMATION_OK"
24344,10420430158,10420430198,1,"IOTHUB_CLIENT_CONFIRMATION_OK"
24345,10420430358,10420430537,1,"IOTHUB_CLIENT_CONFIRMATION_OK"
24346,10420430558,10420430611,1,"IOTHUB_CLIENT_CONFIRMATION_OK"
24347,10420430758,10420430794,1,"IOTHUB_CLIENT_CONFIRMATION_OK"
24348,10420430959,10420431012,1,"IOTHUB_CLIENT_CONFIRMATION_OK"
24349,10420431159,10420431198,1,"IOTHUB_CLIENT_CONFIRMATION_OK"
24350,10420431359,10420431392,1,"IOTHUB_CLIENT_CONFIRMATION_OK"
24351,10420431559,10420431614,1,"IOTHUB_CLIENT_CONFIRMATION_OK"
24352,10420431759,10420431796,1,"IOTHUB_CLIENT_CONFIRMATION_OK"
24353,10420431959,10420431995,1,"IOTHUB_CLIENT_CONFIRMATION_OK"
24354,10420432160,10420432273,1,"IOTHUB_CLIENT_CONFIRMATION_OK"
24355,10420432360,10420432390,1,"IOTHUB_CLIENT_CONFIRMATION_OK"
24356,10420432560,10420432593,1,"IOTHUB_CLIENT_CONFIRMATION_OK"
24357,10420432760,10420432800,1,"IOTHUB_CLIENT_CONFIRMATION_OK"
24358,10420432960,10420433001,1,"IOTHUB_CLIENT_CONFIRMATION_OK"
24359,10420433160,10420433195,1,"IOTHUB_CLIENT_CONFIRMATION_OK"
24360,10420433361,10420433412,1,"IOTHUB_CLIENT_CONFIRMATION_OK"
24361,10420433561,10420433604,1,"IOTHUB_CLIENT_CONFIRMATION_OK"
24362,10420433761,10420433801,1,"IOTHUB_CLIENT_CONFIRMATION_OK"
24363,10420433961,10420433992,1,"IOTHUB_CLIENT_CONFIRMATION_OK"
24364,10420434161,10420434224,1,"IOTHUB_CLIENT_CONFIRMATION_OK"
24365,10420434361,10420434405,1,"IOTHUB_CLIENT_CONFIRMATION_OK"
24366,10420434561,10420434611,1,"IOTHUB_CLIENT_CONFIRMATION_OK"
24367,10420434762,10420434812,1,"IOTHUB_CLIENT_CONFIRMATION_OK"
24368,10420434962,10420435044,1,"IOTHUB_CLIENT_CONFIRMATION_OK"
24369,10420435162,10420435196,1,"IOTHUB_CLIENT_CONFIRMATION_OK"
24370,10420435362,10420435400,1,"IOTHUB_CLIENT_CONFIRMATION_OK"
24371,10420435562,10420435614,1,"IOTHUB_CLIENT_CONFIRMATION_OK"
24372,10420435762,10420435867,1,"IOTHUB_CLIENT_CONFIRMATION_OK"
24373,10420435963,10420436010,1,"IOTHUB_CLIENT_CONFIRMATION_OK"
24374,10420436163,10420436194,1,"IOTHUB_CLIENT_CONFIRMATION_OK"
24375,10420436363,10420436397,1,"IOTHUB_CLIENT_CONFIRMATION_OK"
24376,10420436563,10420436605,1,"IOTHUB_CLIENT_CONFIRMATION_OK"
24377,10420436763,10420436794,1,"IOTHUB_CLIENT_CONFIRMATION_OK"
24378,10420436963,10420437011,1,"IOTHUB_CLIENT_CONFIRMATION_OK"
24379,10420437163,10420437207,1,"IOTHUB_CLIENT_CONFIRMATION_OK"
24380,10420437364,10420437409,1,"IOTHUB_CLIENT_CONFIRMATION_OK"
24381,10420437564,10420437595,1,"IOTHUB_CLIENT_CONFIRMATION_OK"
24382,10420437764,10420437800,1,"IOTHUB_CLIENT_CONFIRMATION_OK"
24383,10420437964,10420438080,1,"IOTHUB_CLIENT_CONFIRMATION_OK"
24384,10420438164,10420438225,1,"IOTHUB_CLIENT_CONFIRMATION_OK"
24385,10420438364,10420438411,1,"IOTHUB_CLIENT_CONFIRMATION_OK"
24386,10420438565,10420438647,1,"IOTHUB_CLIENT_CONFIRMATION_OK"
24387,10420438765,10420438922,1,"IOTHUB_CLIENT_CONFIRMATION_OK"
24388,10420438965,10420439012,1,"IOTHUB_CLIENT_CONFIRMATION_OK"
24389,10420439165,10420439198,1,"IOTHUB_CLIENT_CONFIRMATION_OK"
24390,10420439365,10420439403,1,"IOTHUB_CLIENT_CONFIRMATION_OK"
24391,10420439565,10420439727,1,"IOTHUB_CLIENT_CONFIRMATION_OK"
24392,10420439766,10420439806,1,"IOTHUB_CLIENT_CONFIRMATION_OK"
24393,10420439966,10420440008,1,"IOTHUB_CLIENT_CONFIRMATION_OK"
24394,10420440166,10420440244,1,"IOTHUB_CLIENT_CONFIRMATION_OK"
24395,10420440366,10420440403,1,"IOTHUB_CLIENT_CONFIRMATION_OK"
24396,10420440566,10420440597,1,"IOTHUB_CLIENT_CONFIRMATION_OK"
24397,10420440766,10420440824,1,"IOTHUB_CLIENT_CONFIRMATION_OK"
24398,10420440966,10420441002,1,"IOTHUB_CLIENT_CONFIRMATION_OK"
24399,10420441167,10420441306,1,"IOTHUB_CLIENT_CONFIRMATION_OK"
24400,10420441367,10420441405,1,"IOTHUB_CLIENT_CONFIRMATION_OK"
24401,10420441567,10420441600,1,"IOTHUB_CLIENT_CONFIRMATION_OK"
24402,10420441767,10420441800,1,"IOTHUB_CLIENT_CONFIRMATION_OK"
24403,10420441967,10420442001,1,"IOTHUB_CLIENT_CONFIRMATION_OK"
24404,10420442167,10420442213,1,"IOTHUB_CLIENT_CONFIRMATION_OK"
24405,10420442368,10420442402,1,"IOTHUB_CLIENT_CONFIRMATION_OK"
24406,10420442568,10420442600,1,"IOTHUB_CLIENT_CONFIRMATION_OK"
24407,10420442768,10420442828,1,"IOTHUB_CLIENT_CONFIRMATION_OK"
24408,10420442968,10420443056,1,"IOTHUB_CLIENT_CONFIRMATION_OK"
24409,10420443168,10420443201,1,"IOTHUB_CLIENT_CONFIRMATION_OK"
24410,10420443368,10420443402,1,"IOTHUB_CLIENT_CONFIRMATION_OK"
24411,10420443569,10420443600,1,"IOTHUB_CLIENT_CONFIRMATION_OK"
24412,10420443769,10420443806,1,"IOTHUB_CLIENT_CONFIRMATION_OK"
24413,10420443969,10420443999,1,"IOTHUB_CLIENT_CONFIRMATION_OK"
24414,10420444169,10420444262,1,"IOTHUB_CLIENT_CONFIRMATION_OK"
24415,10420444369,10420444404,1,"IOTHUB_CLIENT_CONFIRMATION_OK"
24416,10420444569,10420444619,1,"IOTHUB_CLIENT_CONFIRMATION_OK"
24417,10420444769,10420444802,1,"IOTHUB_CLIENT_CONFIRMATION_OK"
24418,10420444970,10420445361,1,"IOTHUB_CLIENT_CONFIRMATION_OK"
24419,10420445170,10420445388,1,"IOTHUB_CLIENT_CONFIRMATION_OK"
24420,10420445370,10420445421,1,"IOTHUB_CLIENT_CONFIRMATION_OK"
24421,10420445570,10420445633,1,"IOTHUB_CLIENT_CONFIRMATION_OK"
24422,10420445770,10420445845,1,"IOTHUB_CLIENT_CONFIRMATION_OK"
24423,10420445970,10420446011,1,"IOTHUB_CLIENT_CONFIRMATION_OK"
24424,10420446171,10420446240,1,"IOTHUB_CLIENT_CONFIRMATION_OK"
24425,10420446371,10420446425,1,"IOTHUB_CLIENT_CONFIRMATION_OK"
24426,10420446571,10420446662,1,"IOTHUB_CLIENT_CONFIRMATION_OK"
24427,10420446771,10420446821,1,"IOTHUB_CLIENT_CONFIRMATION_OK"
24428,10420446971,10420447007,1,"IOTHUB_CLIENT_CONFIRMATION_OK"
24429,10420447171,10420447223,1,"IOTHUB_CLIENT_CONFIRMATION_OK"
24430,10420447371,10420447428,1,"IOTHUB_CLIENT_CONFIRMATION_OK"
24431,10420447572,10420447614,1,"IOTHUB_CLIENT_CONFIRMATION_OK"
24432,10420447772,10420447820,1,"IOTHUB_CLIENT_CONFIRMATION_OK"
24433,10420447972,10420448066,1,"IOTHUB_CLIENT_CONFIRMATION_OK"
24434,10420448172,10420448205,1,"IOTHUB_CLIENT_CONFIRMATION_OK"
24435,10420448372,10420448402,1,"IOTHUB_CLIENT_CONFIRMATION_OK"
24436,10420448572,10420448614,1,"IOTHUB_CLIENT_CONFIRMATION_OK"
24437,10420448773,10420448890,1,"IOTHUB_CLIENT_CONFIRMATION_OK"
24438,10420448973,10420449022,1,"IOTHUB_CLIENT_CONFIRMATION_OK"
24439,10420449173,10420449219,1,"IOTHUB_CLIENT_CONFIRMATION_OK"
24440,10420449373,10420449421,1,"IOTHUB_CLIENT_CONFIRMATION_OK"
24441,10420449573,10420449704,1,"IOTHUB_CLIENT_CONFIRMATION_OK"
24442,10420449773,10420449819,1,"IOTHUB_CLIENT_CONFIRMATION_OK"
24443,10420449973,10420450012,1,"IOTHUB_CLIENT_CONFIRMATION_OK"
24444,10420450174,10420450208,1,"IOTHUB_CLIENT_CONFIRMATION_OK"
24445,10420450374,10420450419,1,"IOTHUB_CLIENT_CONFIRMATION_OK"
24446,10420450574,10420450605,1,"IOTHUB_CLIENT_CONFIRMATION_OK"
24447,10420450774,10420450812,1,"IOTHUB_CLIENT_CONFIRMATION_OK"
24448,10420450974,10420451024,1,"IOTHUB_CLIENT_CONFIRMATION_OK"
24449,10420451174,10420451232,1,"IOTHUB_CLIENT_CONFIRMATION_OK"
24450,10420451375,10420451491,1,"IOTHUB_CLIENT_CONFIRMATION_OK"
24451,10420451575,10420451610,1,"IOTHUB_CLIENT_CONFIRMATION_OK"
24452,10420451775,10420451806,1,"IOTHUB_CLIENT_CONFIRMATION_OK"
24453,10420451975,10420452017,1,"IOTHUB_CLIENT_CONFIRMATION_OK"
24454,10420452175,10420452211,1,"IOTHUB_CLIENT_CONFIRMATION_OK"
24455,10420452375,10420452408,1,"IOTHUB_CLIENT_CONFIRMATION_OK"
24456,10420452575,10420452744,1,"IOTHUB_CLIENT_CONFIRMATION_OK"
24457,10420452776,10420452808,1,"IOTHUB_CLIENT_CONFIRMATION_OK"
24458,10420452976,10420453011,1,"IOTHUB_CLIENT_CONFIRMATION_OK"
24459,10420453176,10420453290,1,"IOTHUB_CLIENT_CONFIRMATION_OK"
24460,10420453376,10420453412,1,"IOTHUB_CLIENT_CONFIRMATION_OK"
24461,10420453576,10420453619,1,"IOTHUB_CLIENT_CONFIRMATION_OK"
24462,10420453776,10420453830,1,"IOTHUB_CLIENT_CONFIRMATION_OK"
24463,10420453976,10420454013,1,"IOTHUB_CLIENT_CONFIRMATION_OK"
24464,10420454177,10420454232,1,"IOTHUB_CLIENT_CONFIRMATION_OK"
24465,10420454377,10420454412,1,"IOTHUB_CLIENT_CONFIRMATION_OK"
24466,10420454577,10420454610,1,"IOTHUB_CLIENT_CONFIRMATION_OK"
24467,10420454777,10420454812,1,"IOTHUB_CLIENT_CONFIRMATION_OK"
24468,10420454977,10420455020,1,"IOTHUB_CLIENT_CONFIRMATION_OK"
24469,10420455177,10420455249,1,"IOTHUB_CLIENT_CONFIRMATION_OK"
24470,10420455378,10420455433,1,"IOTHUB_CLIENT_CONFIRMATION_OK"
24471,10420455578,10420455630,1,"IOTHUB_CLIENT_CONFIRMATION_OK"
24472,10420455778,10420455838,1,"IOTHUB_CLIENT_CONFIRMATION_OK"
24473,10420455978,10420456026,1,"IOTHUB_CLIENT_CONFIRMATION_OK"
24474,10420456178,10420456228,1,"IOTHUB_CLIENT_CONFIRMATION_OK"
24475,10420456378,10420456428,1,"IOTHUB_CLIENT_CONFIRMATION_OK"
24476,10420456579,10420456681,1,"IOTHUB_CLIENT_CONFIRMATION_OK"
24477,10420456779,10420456827,1,"IOTHUB_CLIENT_CONFIRMATION_OK"
24478,10420456979,10420457019,1,"IOTHUB_CLIENT_CONFIRMATION_OK"
24479,10420457179,10420457223,1,"IOTHUB_CLIENT_CONFIRMATION_OK"
24480,10420457379,10420457414,1,"IOTHUB_CLIENT_CONFIRMATION_OK"
24481,10420457579,10420457620,1,"IOTHUB_CLIENT_CONFIRMATION_OK"
24482,10420457779,10420457819,1,"IOTHUB_CLIENT_CONFIRMATION_OK"
24483,10420457980,10420458113,1,"IOTHUB_CLIENT_CONFIRMATION_OK"
24484,10420458180,10420458211,1,"IOTHUB_CLIENT_CONFIRMATION_OK"
24485,10420458380,10420458411,1,"IOTHUB_CLIENT_CONFIRMATION_OK"
24486,10420458580,10420459505,1,"IOTHUB_CLIENT_CONFIRMATION_OK"
24487,10420458780,10420459567,1,"IOTHUB_CLIENT_CONFIRMATION_OK"
24488,10420458980,10420459623,1,"IOTHUB_CLIENT_CONFIRMATION_OK"
24489,10420459181,10420459669,1,"IOTHUB_CLIENT_CONFIRMATION_OK"
24490,10420459381,10420459729,1,"IOTHUB_CLIENT_CONFIRMATION_OK"
24491,10420459581,10420459781,1,"IOTHUB_CLIENT_CONFIRMATION_OK"
24492,10420459781,10420459827,1,"IOTHUB_CLIENT_CONFIRMATION_OK"
24493,10420459981,10420460042,1,"IOTHUB_CLIENT_CONFIRMATION_OK"
24494,10420460181,10420460215,1,"IOTHUB_CLIENT_CONFIRMATION_OK"
24495,10420460381,10420460472,1,"IOTHUB_CLIENT_CONFIRMATION_OK"
24496,10420460582,10420460644,1,"IOTHUB_CLIENT_CONFIRMATION_OK"
24497,10420460782,10420460817,1,"IOTHUB_CLIENT_CONFIRMATION_OK"
24498,10420460982,10420461015,1,"IOTHUB_CLIENT_CONFIRMATION_OK"
24499,10420461182,10420461240,1,"IOTHUB_CLIENT_CONFIRMATION_OK"
24500,10420461382,10420461470,1,"IOTHUB_CLIENT_CONFIRMATION_OK"
24501,10420461582,10420461616,1,"IOTHUB_CLIENT_CONFIRMATION_OK"
24502,10420461783,10420461820,1,"IOTHUB_CLIENT_CONFIRMATION_OK"
24503,10420461983,10420462016,1,"IOTHUB_CLIENT_CONFIRMATION_OK"
24504,10420462183,10420462235,1,"IOTHUB_CLIENT_CONFIRMATION_OK"
24505,10420462383,10420462420,1,"IOTHUB_CLIENT_CONFIRMATION_OK"
24506,10420462583,10420462713,1,"IOTHUB_CLIENT_CONFIRMATION_OK"
24507,10420462783,10420462828,1,"IOTHUB_CLIENT_CONFIRMATION_OK"
24508,10420462983,10420463031,1,"IOTHUB_CLIENT_CONFIRMATION_OK"
24509,10420463184,10420463221,1,"IOTHUB_CLIENT_CONFIRMATION_OK"
24510,10420463384,10420463525,1,"IOTHUB_CLIENT_CONFIRMATION_OK"
24511,10420463584,10420463630,1,"IOTHUB_CLIENT_CONFIRMATION_OK"
24512,10420463784,10420463842,1,"IOTHUB_CLIENT_CONFIRMATION_OK"
24513,10420463984,10420464021,1,"IOTHUB_CLIENT_CONFIRMATION_OK"
24514,10420464185,10420464237,1,"IOTHUB_CLIENT_CONFIRMATION_OK"
24515,10420464385,10420464427,1,"IOTHUB_CLIENT_CONFIRMATION_OK"
24516,10420464585,10420464639,1,"IOTHUB_CLIENT_CONFIRMATION_OK"
24517,10420464785,10420464848,1,"IOTHUB_CLIENT_CONFIRMATION_OK"
24518,10420464985,10420465018,1,"IOTHUB_CLIENT_CONFIRMATION_OK"
24519,10420465185,10420465222,1,"IOTHUB_CLIENT_CONFIRMATION_OK"
24520,10420465386,10420465456,1,"IOTHUB_CLIENT_CONFIRMATION_OK"
24521,10420465586,10420465668,1,"IOTHUB_CLIENT_CONFIRMATION_OK"
24522,10420465786,10420465817,1,"IOTHUB_CLIENT_CONFIRMATION_OK"
24523,10420465986,10420466019,1,"IOTHUB_CLIENT_CONFIRMATION_OK"
24524,10420466186,10420466236,1,"IOTHUB_CLIENT_CONFIRMATION_OK"
24525,10420466386,10420466420,1,"IOTHUB_CLIENT_CONFIRMATION_OK"
24526,10420466587,10420466643,1,"IOTHUB_CLIENT_CONFIRMATION_OK"
24527,10420466787,10420466850,1,"IOTHUB_CLIENT_CONFIRMATION_OK"
24528,10420466987,10420467017,1,"IOTHUB_CLIENT_CONFIRMATION_OK"
24529,10420467187,10420467227,1,"IOTHUB_CLIENT_CONFIRMATION_OK"
24530,10420467387,10420467480,1,"IOTHUB_CLIENT_CONFIRMATION_OK"
24531,10420467587,10420467634,1,"IOTHUB_CLIENT_CONFIRMATION_OK"
24532,10420467787,10420467831,1,"IOTHUB_CLIENT_CONFIRMATION_OK"
24533,10420467988,10420468032,1,"IOTHUB_CLIENT_CONFIRMATION_OK"
24534,10420468188,10420468247,1,"IOTHUB_CLIENT_CONFIRMATION_OK"
24535,10420468388,10420468440,1,"IOTHUB_CLIENT_CONFIRMATION_OK"
24536,10420468588,10420468645,1,"IOTHUB_CLIENT_CONFIRMATION_OK"
24537,10420468788,10420468872,1,"IOTHUB_CLIENT_CONFIRMATION_OK"
24538,10420468988,10420469043,1,"IOTHUB_CLIENT_CONFIRMATION_OK"
24539,10420469189,10420469243,1,"IOTHUB_CLIENT_CONFIRMATION_OK"
24540,10420469389,10420469419,1,"IOTHUB_CLIENT_CONFIRMATION_OK"
24541,10420469589,10420469664,1,"IOTHUB_CLIENT_CONFIRMATION_OK"
24542,10420469789,10420469819,1,"IOTHUB_CLIENT_CONFIRMATION_OK"
24543,10420469989,10420470030,1,"IOTHUB_CLIENT_CONFIRMATION_OK"
24544,10420470189,10420470238,1,"IOTHUB_CLIENT_CONFIRMATION_OK"
24545,10420470390,10420470440,1,"IOTHUB_CLIENT_CONFIRMATION_OK"
24546,10420470590,10420470634,1,"IOTHUB_CLIENT_CONFIRMATION_OK"
24547,10420470790,10420470835,1,"IOTHUB_CLIENT_CONFIRMATION_OK"
24548,10420470990,10420471087,1,"IOTHUB_CLIENT_CONFIRMATION_OK"
24549,10420471190,10420471227,1,"IOTHUB_CLIENT_CONFIRMATION_OK"
24550,10420471390,10420471446,1,"IOTHUB_CLIENT_CONFIRMATION_OK"
24551,10420471591,10420471627,1,"IOTHUB_CLIENT_CONFIRMATION_OK"
24552,10420471791,10420471912,1,"IOTHUB_CLIENT_CONFIRMATION_OK"
24553,10420471991,10420472036,1,"IOTHUB_CLIENT_CONFIRMATION_OK"
24554,10420472191,10420472238,1,"IOTHUB_CLIENT_CONFIRMATION_OK"
24555,10420472391,10420472425,1,"IOTHUB_CLIENT_CONFIRMATION_OK"
24556,10420472591,10420472760,1,"IOTHUB_CLIENT_CONFIRMATION_OK"
24557,10420472791,10420472825,1,"IOTHUB_CLIENT_CONFIRMATION_OK"
24558,10420472992,10420473038,1,"IOTHUB_CLIENT_CONFIRMATION_OK"
24559,10420473192,10420473247,1,"IOTHUB_CLIENT_CONFIRMATION_OK"
24560,10420473392,10420473426,1,"IOTHUB_CLIENT_CONFIRMATION_OK"
24561,10420473592,10420473623,1,"IOTHUB_CLIENT_CONFIRMATION_OK"
24562,10420473792,10420473840,1,"IOTHUB_CLIENT_CONFIRMATION_OK"
24563,10420473992,10420474030,1,"IOTHUB_CLIENT_CONFIRMATION_OK"
24564,10420474192,10420474254,1,"IOTHUB_CLIENT_CONFIRMATION_OK"
24565,10420474393,10420474439,1,"IOTHUB_CLIENT_CONFIRMATION_OK"
24566,10420474593,10420474644,1,"IOTHUB_CLIENT_CONFIRMATION_OK"
24567,10420474793,10420474826,1,"IOTHUB_CLIENT_CONFIRMATION_OK"
24568,10420474993,10420475038,1,"IOTHUB_CLIENT_CONFIRMATION_OK"
24569,10420475193,10420475236,1,"IOTHUB_CLIENT_CONFIRMATION_OK"
24570,10420475393,10420475449,1,"IOTHUB_CLIENT_CONFIRMATION_OK"
24571,10420475594,10420475811,1,"IOTHUB_CLIENT_CONFIRMATION_OK"
24572,10420475794,10420475837,1,"IOTHUB_CLIENT_CONFIRMATION_OK"
24573,10420475994,10420476025,1,"IOTHUB_CLIENT_CONFIRMATION_OK"
24574,10420476194,10420476292,1,"IOTHUB_CLIENT_CONFIRMATION_OK"
24575,10420476394,10420476446,1,"IOTHUB_CLIENT_CONFIRMATION_OK"
24576,10420476594,10420476645,1,"IOTHUB_CLIENT_CONFIRMATION_OK"
24577,10420476795,10420476841,1,"IOTHUB_CLIENT_CONFIRMATION_OK"
24578,10420476995,10420477099,1,"IOTHUB_CLIENT_CONFIRMATION_OK"
24579,10420477195,10420477571,1,"IOTHUB_CLIENT_CONFIRMATION_OK"
24580,10420477395,10420477640,1,"IOTHUB_CLIENT_CONFIRMATION_OK"
24581,10420477595,10420477684,1,"IOTHUB_CLIENT_CONFIRMATION_OK"
24582,10420477796,10420477847,1,"IOTHUB_CLIENT_CONFIRMATION_OK"
24583,10420477996,10420478049,1,"IOTHUB_CLIENT_CONFIRMATION_OK"
24584,10420478196,10420478238,1,"IOTHUB_CLIENT_CONFIRMATION_OK"
24585,10420478396,10420478456,1,"IOTHUB_CLIENT_CONFIRMATION_OK"
24586,10420478596,10420478664,1,"IOTHUB_CLIENT_CONFIRMATION_OK"
24587,10420478796,10420478859,1,"IOTHUB_CLIENT_CONFIRMATION_OK"
24588,10420478997,10420479051,1,"IOTHUB_CLIENT_CONFIRMATION_OK"
24589,10420479197,10420479239,1,"IOTHUB_CLIENT_CONFIRMATION_OK"
24590,10420479397,10420479458,1,"IOTHUB_CLIENT_CONFIRMATION_OK"
24591,10420479597,10420479643,1,"IOTHUB_CLIENT_CONFIRMATION_OK"
24592,10420479797,10420479832,1,"IOTHUB_CLIENT_CONFIRMATION_OK"
24593,10420479997,10420480035,1,"IOTHUB_CLIENT_CONFIRMATION_OK"
24594,10420480197,10420480258,1,"IOTHUB_CLIENT_CONFIRMATION_OK"
24595,10420480398,10420480454,1,"IOTHUB_CLIENT_CONFIRMATION_OK"
24596,10420480598,10420480653,1,"IOTHUB_CLIENT_CONFIRMATION_OK"
24597,10420480798,10420480835,1,"IOTHUB_CLIENT_CONFIRMATION_OK"
24598,10420480998,10420481083,1,"IOTHUB_CLIENT_CONFIRMATION_OK"
24599,10420481198,10420481232,1,"IOTHUB_CLIENT_CONFIRMATION_OK"
24600,10420481398,10420481440,1,"IOTHUB_CLIENT_CONFIRMATION_OK"
24601,10420481598,10420481661,1,"IOTHUB_CLIENT_CONFIRMATION_OK"
24602,10420481799,10420481896,1,"IOTHUB_CLIENT_CONFIRMATION_OK"
24603,10420481999,10420482033,1,"IOTHUB_CLIENT_CONFIRMATION_OK"
24604,10420482199,10420482239,1,"IOTHUB_CLIENT_CONFIRMATION_OK"
24605,10420482399,10420482466,1,"IOTHUB_CLIENT_CONFIRMATION_OK"
24606,10420482599,10420482815,1,"IOTHUB_CLIENT_CONFIRMATION_OK"
24607,10420482799,10420482842,1,"IOTHUB_CLIENT_CONFIRMATION_OK"
24608,10420483000,10420483049,1,"IOTHUB_CLIENT_CONFIRMATION_OK"
24609,10420483200,10420483237,1,"IOTHUB_CLIENT_CONFIRMATION_OK"
24610,10420483400,10420483449,1,"IOTHUB_CLIENT_CONFIRMATION_OK"
24611,10420483600,10420483633,1,"IOTHUB_CLIENT_CONFIRMATION_OK"
24612,10420483800,10420483845,1,"IOTHUB_CLIENT_CONFIRMATION_OK"
24613,10420484000,10420484060,1,"IOTHUB_CLIENT_CONFIRMATION_OK"
24614,10420484201,10420484235,1,"IOTHUB_CLIENT_CONFIRMATION_OK"
24615,10420484401,10420484481,1,"IOTHUB_CLIENT_CONFIRMATION_OK"
24616,10420484601,10420484644,1,"IOTHUB_CLIENT_CONFIRMATION_OK"
24617,10420484801,10420484836,1,"IOTHUB_CLIENT_CONFIRMATION_OK"
24618,10420485001,10420485047,1,"IOTHUB_CLIENT_CONFIRMATION_OK"
24619,10420485201,10420485234,1,"IOTHUB_CLIENT_CONFIRMATION_OK"
24620,10420485402,10420485446,1,"IOTHUB_CLIENT_CONFIRMATION_OK"
24621,10420485602,10420485663,1,"IOTHUB_CLIENT_CONFIRMATION_OK"
24622,10420485802,10420485849,1,"IOTHUB_CLIENT_CONFIRMATION_OK"
24623,10420486002,10420486039,1,"IOTHUB_CLIENT_CONFIRMATION_OK"
24624,10420486202,10420486249,1,"IOTHUB_CLIENT_CONFIRMATION_OK"
24625,10420486402,10420486449,1,"IOTHUB_CLIENT_CONFIRMATION_OK"
24626,10420486603,10420486636,1,"IOTHUB_CLIENT_CONFIRMATION_OK"
24627,10420486803,10420486834,1,"IOTHUB_CLIENT_CONFIRMATION_OK"
24628,10420487003,10420487051,1,"IOTHUB_CLIENT_CONFIRMATION_OK"
24629,10420487203,10420487260,1,"IOTHUB_CLIENT_CONFIRMATION_OK"
24630,10420487403,10420487437,1,"IOTHUB_CLIENT_CONFIRMATION_OK"
24631,10420487603,10420487639,1,"IOTHUB_CLIENT_CONFIRMATION_OK"
24632,10420487804,10420487835,1,"IOTHUB_CLIENT_CONFIRMATION_OK"
24633,10420488004,10420488089,1,"IOTHUB_CLIENT_CONFIRMATION_OK"
24634,10420488204,10420488247,1,"IOTHUB_CLIENT_CONFIRMATION_OK"
24635,10420488404,10420488445,1,"IOTHUB_CLIENT_CONFIRMATION_OK"
24636,10420488604,10420488637,1,"IOTHUB_CLIENT_CONFIRMATION_OK"
24637,10420488804,10420488892,1,"IOTHUB_CLIENT_CONFIRMATION_OK"
24638,10420489004,10420489056,1,"IOTHUB_CLIENT_CONFIRMATION_OK"
24639,10420489205,10420489348,1,"IOTHUB_CLIENT_CONFIRMATION_OK"
24640,10420489405,10420489503,1,"IOTHUB_CLIENT_CONFIRMATION_OK"
24641,10420489605,10420489660,1,"IOTHUB_CLIENT_CONFIRMATION_OK"
24642,10420489805,10420489996,1,"IOTHUB_CLIENT_CONFIRMATION_OK"
24643,10420490005,10420490099,1,"IOTHUB_CLIENT_CONFIRMATION_OK"
24644,10420490205,10420490289,1,"IOTHUB_CLIENT_CONFIRMATION_OK"
24645,10420490405,10420490455,1,"IOTHUB_CLIENT_CONFIRMATION_OK"
24646,10420490606,10420490658,1,"IOTHUB_CLIENT_CONFIRMATION_OK"
24647,10420490806,10420490849,1,"IOTHUB_CLIENT_CONFIRMATION_OK"
24648,10420491006,10420491114,1,"IOTHUB_CLIENT_CONFIRMATION_OK"
24649,10420491206,10420491268,1,"IOTHUB_CLIENT_CONFIRMATION_OK"
24650,10420491406,10420491448,1,"IOTHUB_CLIENT_CONFIRMATION_OK"
24651,10420491606,10420491660,1,"IOTHUB_CLIENT_CONFIRMATION_OK"
24652,10420491807,10420491933,1,"IOTHUB_CLIENT_CONFIRMATION_OK"
24653,10420492007,10420492056,1,"IOTHUB_CLIENT_CONFIRMATION_OK"
24654,10420492207,10420492245,1,"IOTHUB_CLIENT_CONFIRMATION_OK"
24655,10420492407,10420492464,1,"IOTHUB_CLIENT_CONFIRMATION_OK"
24656,10420492607,10420492637,1,"IOTHUB_CLIENT_CONFIRMATION_OK"
24657,10420492807,10420492846,1,"IOTHUB_CLIENT_CONFIRMATION_OK"
24658,10420493008,10420493039,1,"IOTHUB_CLIENT_CONFIRMATION_OK"
24659,10420493208,10420493248,1,"IOTHUB_CLIENT_CONFIRMATION_OK"
24660,10420493408,10420493441,1,"IOTHUB_CLIENT_CONFIRMATION_OK"
24661,10420493608,10420493642,1,"IOTHUB_CLIENT_CONFIRMATION_OK"
24662,10420493808,10420493867,1,"IOTHUB_CLIENT_CONFIRMATION_OK"
24663,10420494008,10420494051,1,"IOTHUB_CLIENT_CONFIRMATION_OK"
24664,10420494209,10420494255,1,"IOTHUB_CLIENT_CONFIRMATION_OK"
24665,10420494409,10420494451,1,"IOTHUB_CLIENT_CONFIRMATION_OK"
24666,10420494609,10420494639,1,"IOTHUB_CLIENT_CONFIRMATION_OK"
24667,10420494809,10420494961,1,"IOTHUB_CLIENT_CONFIRMATION_OK"
24668,10420495009,10420495097,1,"IOTHUB_CLIENT_CONFIRMATION_OK"
24669,10420495209,10420495256,1,"IOTHUB_CLIENT_CONFIRMATION_OK"
24670,10420495410,10420495459,1,"IOTHUB_CLIENT_CONFIRMATION_OK"
24671,10420495610,10420495661,1,"IOTHUB_CLIENT_CONFIRMATION_OK"
24672,10420495810,10420495847,1,"IOTHUB_CLIENT_CONFIRMATION_OK"
24673,10420496010,10420496059,1,"IOTHUB_CLIENT_CONFIRMATION_OK"
24674,10420496210,10420496272,1,"IOTHUB_CLIENT_CONFIRMATION_OK"
24675,10420496410,10420496454,1,"IOTHUB_CLIENT_CONFIRMATION_OK"
24676,10420496611,10420496641,1,"IOTHUB_CLIENT_CONFIRMATION_OK"
24677,10420496811,10420496847,1,"IOTHUB_CLIENT_CONFIRMATION_OK"
24678,10420497011,10420497121,1,"IOTHUB_CLIENT_CONFIRMATION_OK"
24679,10420497211,10420497261,1,"IOTHUB_CLIENT_CONFIRMATION_OK"
24680,10420497411,10420497464,1,"IOTHUB_CLIENT_CONFIRMATION_OK"
24681,10420497611,10420497657,1,"IOTHUB_CLIENT_CONFIRMATION_OK"
24682,10420497811,10420497845,1,"IOTHUB_CLIENT_CONFIRMATION_OK"
24683,10420498012,10420498088,1,"IOTHUB_CLIENT_CONFIRMATION_OK"
24684,10420498212,10420498267,1,"IOTHUB_CLIENT_CONFIRMATION_OK"
24685,10420498412,10420498457,1,"IOTHUB_CLIENT_CONFIRMATION_OK"
24686,10420498612,10420498661,1,"IOTHUB_CLIENT_CONFIRMATION_OK"
24687,10420498812,10420498859,1,"IOTHUB_CLIENT_CONFIRMATION_OK"
24688,10420499012,10420499055,1,"IOTHUB_CLIENT_CONFIRMATION_OK"
24689,10420499212,10420499268,1,"IOTHUB_CLIENT_CONFIRMATION_OK"
24690,10420499413,10420499477,1,"IOTHUB_CLIENT_CONFIRMATION_OK"
24691,10420499613,10420499661,1,"IOTHUB_CLIENT_CONFIRMATION_OK"
24692,10420499813,10420499877,1,"IOTHUB_CLIENT_CONFIRMATION_OK"
24693,10420500013,10420500086,1,"IOTHUB_CLIENT_CONFIRMATION_OK"
24694,10420500213,10420500318,1,"IOTHUB_CLIENT_CONFIRMATION_OK"
24695,10420500413,10420500455,1,"IOTHUB_CLIENT_CONFIRMATION_OK"
24696,10420500614,10420500680,1,"IOTHUB_CLIENT_CONFIRMATION_OK"
24697,10420500814,10420500855,1,"IOTHUB_CLIENT_CONFIRMATION_OK"
24698,10420501014,10420501120,1,"IOTHUB_CLIENT_CONFIRMATION_OK"
24699,10420501214,10420501284,1,"IOTHUB_CLIENT_CONFIRMATION_OK"
24700,10420501414,10420501474,1,"IOTHUB_CLIENT_CONFIRMATION_OK"
24701,10420501614,10420501682,1,"IOTHUB_CLIENT_CONFIRMATION_OK"
24702,10420501815,10420501915,1,"IOTHUB_CLIENT_CONFIRMATION_OK"
24703,10420502015,10420502139,1,"IOTHUB_CLIENT_CONFIRMATION_OK"
24704,10420502215,10420502251,1,"IOTHUB_CLIENT_CONFIRMATION_OK"
24705,10420502415,10420502465,1,"IOTHUB_CLIENT_CONFIRMATION_OK"
24706,10420502615,10420502647,1,"IOTHUB_CLIENT_CONFIRMATION_OK"
24707,10420502815,10420502848,1,"IOTHUB_CLIENT_CONFIRMATION_OK"
24708,10420503016,10420503050,1,"IOTHUB_CLIENT_CONFIRMATION_OK"
24709,10420503216,10420503250,1,"IOTHUB_CLIENT_CONFIRMATION_OK"
24710,10420503416,10420503457,1,"IOTHUB_CLIENT_CONFIRMATION_OK"
24711,10420503616,10420503674,1,"IOTHUB_CLIENT_CONFIRMATION_OK"
24712,10420503816,10420503865,1,"IOTHUB_CLIENT_CONFIRMATION_OK"
24713,10420504016,10420504197,1,"IOTHUB_CLIENT_CONFIRMATION_OK"
24714,10420504216,10420504279,1,"IOTHUB_CLIENT_CONFIRMATION_OK"
24715,10420504417,10420504452,1,"IOTHUB_CLIENT_CONFIRMATION_OK"
24716,10420504617,10420504675,1,"IOTHUB_CLIENT_CONFIRMATION_OK"
24717,10420504817,10420505022,1,"IOTHUB_CLIENT_CONFIRMATION_OK"
24718,10420505017,10420505062,1,"IOTHUB_CLIENT_CONFIRMATION_OK"
24719,10420505217,10420505269,1,"IOTHUB_CLIENT_CONFIRMATION_OK"
24720,10420505417,10420505469,1,"IOTHUB_CLIENT_CONFIRMATION_OK"
24721,10420505617,10420505674,1,"IOTHUB_CLIENT_CONFIRMATION_OK"
24722,10420505818,10420505854,1,"IOTHUB_CLIENT_CONFIRMATION_OK"
24723,10420506018,10420506105,1,"IOTHUB_CLIENT_CONFIRMATION_OK"
24724,10420506218,10420506264,1,"IOTHUB_CLIENT_CONFIRMATION_OK"
24725,10420506418,10420506453,1,"IOTHUB_CLIENT_CONFIRMATION_OK"
24726,10420506618,10420506666,1,"IOTHUB_CLIENT_CONFIRMATION_OK"
24727,10420506818,10420506856,1,"IOTHUB_CLIENT_CONFIRMATION_OK"
24728,10420507019,10420507052,1,"IOTHUB_CLIENT_CONFIRMATION_OK"
24729,10420507219,10420507263,1,"IOTHUB_CLIENT_CONFIRMATION_OK"
24730,10420507419,10420507469,1,"IOTHUB_CLIENT_CONFIRMATION_OK"
24731,10420507619,10420507662,1,"IOTHUB_CLIENT_CONFIRMATION_OK"
24732,10420507819,10420507850,1,"IOTHUB_CLIENT_CONFIRMATION_OK"
24733,10420508019,10420508065,1,"IOTHUB_CLIENT_CONFIRMATION_OK"
24734,10420508219,10420508262,1,"IOTHUB_CLIENT_CONFIRMATION_OK"
24735,10420508420,10420508469,1,"IOTHUB_CLIENT_CONFIRMATION_OK"
24736,10420508620,10420508660,1,"IOTHUB_CLIENT_CONFIRMATION_OK"
24737,10420508820,10420508881,1,"IOTHUB_CLIENT_CONFIRMATION_OK"
24738,10420509020,10420509128,1,"IOTHUB_CLIENT_CONFIRMATION_OK"
24739,10420509220,10420509272,1,"IOTHUB_CLIENT_CONFIRMATION_OK"
24740,10420509420,10420509525,1,"IOTHUB_CLIENT_CONFIRMATION_OK"
24741,10420509621,10420509669,1,"IOTHUB_CLIENT_CONFIRMATION_OK"
24742,10420509821,10420509866,1,"IOTHUB_CLIENT_CONFIRMATION_OK"
24743,10420510021,10420510071,1,"IOTHUB_CLIENT_CONFIRMATION_OK"
24744,10420510221,10420510360,1,"IOTHUB_CLIENT_CONFIRMATION_OK"
24745,10420510421,10420510464,1,"IOTHUB_CLIENT_CONFIRMATION_OK"
24746,10420510621,10420510672,1,"IOTHUB_CLIENT_CONFIRMATION_OK"
24747,10420510822,10420510898,1,"IOTHUB_CLIENT_CONFIRMATION_OK"
24748,10420511022,10420511070,1,"IOTHUB_CLIENT_CONFIRMATION_OK"
24749,10420511222,10420511262,1,"IOTHUB_CLIENT_CONFIRMATION_OK"
24750,10420511422,10420511522,1,"IOTHUB_CLIENT_CONFIRMATION_OK"
24751,10420511622,10420511660,1,"IOTHUB_CLIENT_CONFIRMATION_OK"
24752,10420511822,10420511879,1,"IOTHUB_CLIENT_CONFIRMATION_OK"
24753,10420512022,10420512058,1,"IOTHUB_CLIENT_CONFIRMATION_OK"
24754,10420512223,10420512265,1,"IOTHUB_CLIENT_CONFIRMATION_OK"
24755,10420512423,10420512479,1,"IOTHUB_CLIENT_CONFIRMATION_OK"
24756,10420512623,10420512656,1,"IOTHUB_CLIENT_CONFIRMATION_OK"
24757,10420512823,10420512856,1,"IOTHUB_CLIENT_CONFIRMATION_OK"
24758,10420513023,10420513065,1,"IOTHUB_CLIENT_CONFIRMATION_OK"
24759,10420513223,10420513374,1,"IOTHUB_CLIENT_CONFIRMATION_OK"
24760,10420513424,10420513479,1,"IOTHUB_CLIENT_CONFIRMATION_OK"
24761,10420513624,10420513704,1,"IOTHUB_CLIENT_CONFIRMATION_OK"
24762,10420513824,10420513881,1,"IOTHUB_CLIENT_CONFIRMATION_OK"
24763,10420514024,10420514206,1,"IOTHUB_CLIENT_CONFIRMATION_OK"
24764,10420514224,10420514316,1,"IOTHUB_CLIENT_CONFIRMATION_OK"
24765,10420514424,10420514467,1,"IOTHUB_CLIENT_CONFIRMATION_OK"
24766,10420514625,10420514655,1,"IOTHUB_CLIENT_CONFIRMATION_OK"
24767,10420514825,10420514865,1,"IOTHUB_CLIENT_CONFIRMATION_OK"
24768,10420515025,10420515104,1,"IOTHUB_CLIENT_CONFIRMATION_OK"
24769,10420515225,10420515260,1,"IOTHUB_CLIENT_CONFIRMATION_OK"
24770,10420515425,10420515474,1,"IOTHUB_CLIENT_CONFIRMATION_OK"
24771,10420515625,10420515662,1,"IOTHUB_CLIENT_CONFIRMATION_OK"
24772,10420515825,10420515864,1,"IOTHUB_CLIENT_CONFIRMATION_OK"
24773,10420516026,10420516102,1,"IOTHUB_CLIENT_CONFIRMATION_OK"
24774,10420516226,10420516283,1,"IOTHUB_CLIENT_CONFIRMATION_OK"
24775,10420516426,10420516466,1,"IOTHUB_CLIENT_CONFIRMATION_OK"
24776,10420516626,10420516665,1,"IOTHUB_CLIENT_CONFIRMATION_OK"
24777,10420516826,10420516866,1,"IOTHUB_CLIENT_CONFIRMATION_OK"
24778,10420517026,10420517067,1,"IOTHUB_CLIENT_CONFIRMATION_OK"
24779,10420517226,10420517303,1,"IOTHUB_CLIENT_CONFIRMATION_OK"
24780,10420517427,10420517495,1,"IOTHUB_CLIENT_CONFIRMATION_OK"
24781,10420517627,10420517685,1,"IOTHUB_CLIENT_CONFIRMATION_OK"
24782,10420517827,10420517946,1,"IOTHUB_CLIENT_CONFIRMATION_OK"
24783,10420518027,10420518094,1,"IOTHUB_CLIENT_CONFIRMATION_OK"
24784,10420518227,10420518285,1,"IOTHUB_CLIENT_CONFIRMATION_OK"
24785,10420518427,10420518468,1,"IOTHUB_CLIENT_CONFIRMATION_OK"
24786,10420518628,10420518689,1,"IOTHUB_CLIENT_CONFIRMATION_OK"
24787,10420518828,10420518868,1,"IOTHUB_CLIENT_CONFIRMATION_OK"
24788,10420519028,10420519078,1,"IOTHUB_CLIENT_CONFIRMATION_OK"
24789,10420519228,10420519296,1,"IOTHUB_CLIENT_CONFIRMATION_OK"
24790,10420519428,10420519513,1,"IOTHUB_CLIENT_CONFIRMATION_OK"
24791,10420519628,10420519685,1,"IOTHUB_CLIENT_CONFIRMATION_OK"
24792,10420519828,10420519875,1,"IOTHUB_CLIENT_CONFIRMATION_OK"
24793,10420520029,10420520085,1,"IOTHUB_CLIENT_CONFIRMATION_OK"
24794,10420520229,10420520318,1,"IOTHUB_CLIENT_CONFIRMATION_OK"
24795,10420520429,10420520494,1,"IOTHUB_CLIENT_CONFIRMATION_OK"
24796,10420520629,10420520692,1,"IOTHUB_CLIENT_CONFIRMATION_OK"
24797,10420520829,10420520879,1,"IOTHUB_CLIENT_CONFIRMATION_OK"
24798,10420521029,10420521141,1,"IOTHUB_CLIENT_CONFIRMATION_OK"
24799,10420521230,10420521263,1,"IOTHUB_CLIENT_CONFIRMATION_OK"
24800,10420521430,10420521461,1,"IOTHUB_CLIENT_CONFIRMATION_OK"
24801,10420521630,10420521751,1,"IOTHUB_CLIENT_CONFIRMATION_OK"
24802,10420521830,10420521887,1,"IOTHUB_CLIENT_CONFIRMATION_OK"
24803,10420522030,10420522091,1,"IOTHUB_CLIENT_CONFIRMATION_OK"
24804,10420522230,10420522280,1,"IOTHUB_CLIENT_CONFIRMATION_OK"
24805,10420522430,10420522495,1,"IOTHUB_CLIENT_CONFIRMATION_OK"
24806,10420522631,10420522664,1,"IOTHUB_CLIENT_CONFIRMATION_OK"
24807,10420522831,10420522887,1,"IOTHUB_CLIENT_CONFIRMATION_OK"
24808,10420523031,10420523066,1,"IOTHUB_CLIENT_CONFIRMATION_OK"
24809,10420523231,10420523347,1,"IOTHUB_CLIENT_CONFIRMATION_OK"
24810,10420523431,10420523463,1,"IOTHUB_CLIENT_CONFIRMATION_OK"
24811,10420523631,10420523671,1,"IOTHUB_CLIENT_CONFIRMATION_OK"
24812,10420523831,10420523905,1,"IOTHUB_CLIENT_CONFIRMATION_OK"
24813,10420524032,10420524222,1,"IOTHUB_CLIENT_CONFIRMATION_OK"
24814,10420524232,10420524265,1,"IOTHUB_CLIENT_CONFIRMATION_OK"
24815,10420524432,10420524470,1,"IOTHUB_CLIENT_CONFIRMATION_OK"
24816,10420524632,10420524665,1,"IOTHUB_CLIENT_CONFIRMATION_OK"
24817,10420524832,10420524892,1,"IOTHUB_CLIENT_CONFIRMATION_OK"
24818,10420525032,10420525066,1,"IOTHUB_CLIENT_CONFIRMATION_OK"
24819,10420525233,10420525281,1,"IOTHUB_CLIENT_CONFIRMATION_OK"
24820,10420525433,10420525485,1,"IOTHUB_CLIENT_CONFIRMATION_OK"
24821,10420525633,10420525664,1,"IOTHUB_CLIENT_CONFIRMATION_OK"
24822,10420525833,10420525899,1,"IOTHUB_CLIENT_CONFIRMATION_OK"
24823,10420526033,10420526069,1,"IOTHUB_CLIENT_CONFIRMATION_OK"
24824,10420526233,10420526269,1,"IOTHUB_CLIENT_CONFIRMATION_OK"
24825,10420526433,10420526479,1,"IOTHUB_CLIENT_CONFIRMATION_OK"
24826,10420526634,10420526667,1,"IOTHUB_CLIENT_CONFIRMATION_OK"
24827,10420526834,10420526871,1,"IOTHUB_CLIENT_CONFIRMATION_OK"
24828,10420527034,10420527072,1,"IOTHUB_CLIENT_CONFIRMATION_OK"
24829,10420527234,10420527287,1,"IOTHUB_CLIENT_CONFIRMATION_OK"
24830,10420527434,10420527480,1,"IOTHUB_CLIENT_CONFIRMATION_OK"
24831,10420527635,10420527686,1,"IOTHUB_CLIENT_CONFIRMATION_OK"
24832,10420527835,10420527875,1,"IOTHUB_CLIENT_CONFIRMATION_OK"
24833,10420528035,10420528089,1,"IOTHUB_CLIENT_CONFIRMATION_OK"
24834,10420528235,10420528351,1,"IOTHUB_CLIENT_CONFIRMATION_OK"
24835,10420528435,10420528473,1,"IOTHUB_CLIENT_CONFIRMATION_OK"
24836,10420528635,10420528710,1,"IOTHUB_CLIENT_CONFIRMATION_OK"
24837,10420528836,10420528932,1,"IOTHUB_CLIENT_CONFIRMATION_OK"
24838,10420529036,10420529068,1,"IOTHUB_CLIENT_CONFIRMATION_OK"
24839,10420529236,10420529283,1,"IOTHUB_CLIENT_CONFIRMATION_OK"
24840,10420529436,10420529545,1,"IOTHUB_CLIENT_CONFIRMATION_OK"
24841,10420529636,10420529684,1,"IOTHUB_CLIENT_CONFIRMATION_OK"
24842,10420529836,10420529868,1,"IOTHUB_CLIENT_CONFIRMATION_OK"
24843,10420530036,10420530094,1,"IOTHUB_CLIENT_CONFIRMATION_OK"
24844,10420530237,10420530364,1,"IOTHUB_CLIENT_CONFIRMATION_OK"
24845,10420530437,10420530491,1,"IOTHUB_CLIENT_CONFIRMATION_OK"
24846,10420530637,10420530698,1,"IOTHUB_CLIENT_CONFIRMATION_OK"
24847,10420530837,10420530871,1,"IOTHUB_CLIENT_CONFIRMATION_OK"
24848,10420531037,10420531085,1,"IOTHUB_CLIENT_CONFIRMATION_OK"
24849,10420531237,10420531271,1,"IOTHUB_CLIENT_CONFIRMATION_OK"
24850,10420531438,10420531478,1,"IOTHUB_CLIENT_CONFIRMATION_OK"
24851,10420531638,10420531675,1,"IOTHUB_CLIENT_CONFIRMATION_OK"
24852,10420531838,10420531891,1,"IOTHUB_CLIENT_CONFIRMATION_OK"
24853,10420532038,10420532093,1,"IOTHUB_CLIENT_CONFIRMATION_OK"
24854,10420532238,10420532306,1,"IOTHUB_CLIENT_CONFIRMATION_OK"
24855,10420532438,10420532474,1,"IOTHUB_CLIENT_CONFIRMATION_OK"
24856,10420532638,10420532697,1,"IOTHUB_CLIENT_CONFIRMATION_OK"
24857,10420532839,10420532878,1,"IOTHUB_CLIENT_CONFIRMATION_OK"
24858,10420533039,10420533083,1,"IOTHUB_CLIENT_CONFIRMATION_OK"
24859,10420533239,10420533448,1,"IOTHUB_CLIENT_CONFIRMATION_OK"
24860,10420533439,10420533528,1,"IOTHUB_CLIENT_CONFIRMATION_OK"
24861,10420533639,10420533684,1,"IOTHUB_CLIENT_CONFIRMATION_OK"
24862,10420533839,10420533891,1,"IOTHUB_CLIENT_CONFIRMATION_OK"
24863,10420534040,10420534100,1,"IOTHUB_CLIENT_CONFIRMATION_OK"
24864,10420534240,10420534282,1,"IOTHUB_CLIENT_CONFIRMATION_OK"
24865,10420534440,10420534509,1,"IOTHUB_CLIENT_CONFIRMATION_OK"
24866,10420534640,10420534692,1,"IOTHUB_CLIENT_CONFIRMATION_OK"
24867,10420534840,10420535008,1,"IOTHUB_CLIENT_CONFIRMATION_OK"
24868,10420535040,10420535191,1,"IOTHUB_CLIENT_CONFIRMATION_OK"
24869,10420535240,10420535302,1,"IOTHUB_CLIENT_CONFIRMATION_OK"
24870,10420535441,10420535500,1,"IOTHUB_CLIENT_CONFIRMATION_OK"
24871,10420535641,10420535686,1,"IOTHUB_CLIENT_CONFIRMATION_OK"
24872,10420535841,10420535879,1,"IOTHUB_CLIENT_CONFIRMATION_OK"
24873,10420536041,10420536082,1,"IOTHUB_CLIENT_CONFIRMATION_OK"
24874,10420536241,10420536288,1,"IOTHUB_CLIENT_CONFIRMATION_OK"
24875,10420536441,10420536501,1,"IOTHUB_CLIENT_CONFIRMATION_OK"
24876,10420536641,10420536677,1,"IOTHUB_CLIENT_CONFIRMATION_OK"
24877,10420536842,10420536879,1,"IOTHUB_CLIENT_CONFIRMATION_OK"
24878,10420537042,10420537073,1,"IOTHUB_CLIENT_CONFIRMATION_OK"
24879,10420537242,10420537290,1,"IOTHUB_CLIENT_CONFIRMATION_OK"
24880,10420537442,10420537481,1,"IOTHUB_CLIENT_CONFIRMATION_OK"
24881,10420537642,10420537682,1,"IOTHUB_CLIENT_CONFIRMATION_OK"
24882,10420537842,10420537891,1,"IOTHUB_CLIENT_CONFIRMATION_OK"
24883,10420538043,10420538115,1,"IOTHUB_CLIENT_CONFIRMATION_OK"
24884,10420538243,10420538377,1,"IOTHUB_CLIENT_CONFIRMATION_OK"
24885,10420538443,10420538482,1,"IOTHUB_CLIENT_CONFIRMATION_OK"
24886,10420538643,10420538720,1,"IOTHUB_CLIENT_CONFIRMATION_OK"
24887,10420538843,10420538994,1,"IOTHUB_CLIENT_CONFIRMATION_OK"
24888,10420539043,10420539079,1,"IOTHUB_CLIENT_CONFIRMATION_OK"
24889,10420539244,10420539299,1,"IOTHUB_CLIENT_CONFIRMATION_OK"
24890,10420539444,10420539544,1,"IOTHUB_CLIENT_CONFIRMATION_OK"
24891,10420539644,10420539698,1,"IOTHUB_CLIENT_CONFIRMATION_OK"
24892,10420539844,10420539894,1,"IOTHUB_CLIENT_CONFIRMATION_OK"
24893,10420540044,10420540077,1,"IOTHUB_CLIENT_CONFIRMATION_OK"
24894,10420540244,10420540347,1,"IOTHUB_CLIENT_CONFIRMATION_OK"
24895,10420540445,10420540513,1,"IOTHUB_CLIENT_CONFIRMATION_OK"
24896,10420540645,10420540681,1,"IOTHUB_CLIENT_CONFIRMATION_OK"
24897,10420540845,10420540910,1,"IOTHUB_CLIENT_CONFIRMATION_OK"
24898,10420541045,10420541095,1,"IOTHUB_CLIENT_CONFIRMATION_OK"
24899,10420541245,10420541339,1,"IOTHUB_CLIENT_CONFIRMATION_OK"
24900,10420541445,10420541481,1,"IOTHUB_CLIENT_CONFIRMATION_OK"
24901,10420541645,10420541680,1,"IOTHUB_CLIENT_CONFIRMATION_OK"
24902,10420541846,10420541889,1,"IOTHUB_CLIENT_CONFIRMATION_OK"
24903,10420542046,10420542091,1,"IOTHUB_CLIENT_CONFIRMATION_OK"
24904,10420542246,10420542284,1,"IOTHUB_CLIENT_CONFIRMATION_OK"
24905,10420542446,10420542581,1,"IOTHUB_CLIENT_CONFIRMATION_OK"
24906,10420542646,10420542694,1,"IOTHUB_CLIENT_CONFIRMATION_OK"
24907,10420542846,10420542890,1,"IOTHUB_CLIENT_CONFIRMATION_OK"
24908,10420543047,10420543083,1,"IOTHUB_CLIENT_CONFIRMATION_OK"
24909,10420543247,10420543391,1,"IOTHUB_CLIENT_CONFIRMATION_OK"
24910,10420543447,10420543488,1,"IOTHUB_CLIENT_CONFIRMATION_OK"
24911,10420543647,10420543708,1,"IOTHUB_CLIENT_CONFIRMATION_OK"
24912,10420543847,10420543881,1,"IOTHUB_CLIENT_CONFIRMATION_OK"
24913,10420544047,10420544201,1,"IOTHUB_CLIENT_CONFIRMATION_OK"
24914,10420544247,10420544294,1,"IOTHUB_CLIENT_CONFIRMATION_OK"
24915,10420544448,10420544502,1,"IOTHUB_CLIENT_CONFIRMATION_OK"
24916,10420544648,10420544694,1,"IOTHUB_CLIENT_CONFIRMATION_OK"
24917,10420544848,10420544884,1,"IOTHUB_CLIENT_CONFIRMATION_OK"
24918,10420545048,10420545105,1,"IOTHUB_CLIENT_CONFIRMATION_OK"
24919,10420545248,10420545318,1,"IOTHUB_CLIENT_CONFIRMATION_OK"
24920,10420545448,10420545479,1,"IOTHUB_CLIENT_CONFIRMATION_OK"
24921,10420545649,10420545697,1,"IOTHUB_CLIENT_CONFIRMATION_OK"
24922,10420545849,10420545944,1,"IOTHUB_CLIENT_CONFIRMATION_OK"
24923,10420546049,10420546092,1,"IOTHUB_CLIENT_CONFIRMATION_OK"
24924,10420546249,10420546307,1,"IOTHUB_CLIENT_CONFIRMATION_OK"
24925,10420546449,10420546530,1,"IOTHUB_CLIENT_CONFIRMATION_OK"
24926,10420546649,10420546758,1,"IOTHUB_CLIENT_CONFIRMATION_OK"
24927,10420546849,10420546905,1,"IOTHUB_CLIENT_CONFIRMATION_OK"
24928,10420547050,10420547161,1,"IOTHUB_CLIENT_CONFIRMATION_OK"
24929,10420547250,10420547409,1,"IOTHUB_CLIENT_CONFIRMATION_OK"
24930,10420547450,10420547492,1,"IOTHUB_CLIENT_CONFIRMATION_OK"
24931,10420547650,10420547691,1,"IOTHUB_CLIENT_CONFIRMATION_OK"
24932,10420547850,10420547885,1,"IOTHUB_CLIENT_CONFIRMATION_OK"
24933,10420548050,10420548100,1,"IOTHUB_CLIENT_CONFIRMATION_OK"
24934,10420548251,10420548394,1,"IOTHUB_CLIENT_CONFIRMATION_OK"
24935,10420548451,10420548495,1,"IOTHUB_CLIENT_CONFIRMATION_OK"
24936,10420548651,10420548712,1,"IOTHUB_CLIENT_CONFIRMATION_OK"
24937,10420548851,10420548905,1,"IOTHUB_CLIENT_CONFIRMATION_OK"
24938,10420549051,10420549093,1,"IOTHUB_CLIENT_CONFIRMATION_OK"
24939,10420549251,10420549364,1,"IOTHUB_CLIENT_CONFIRMATION_OK"
24940,10420549451,10420549521,1,"IOTHUB_CLIENT_CONFIRMATION_OK"
24941,10420549652,10420549695,1,"IOTHUB_CLIENT_CONFIRMATION_OK"
24942,10420549852,10420549925,1,"IOTHUB_CLIENT_CONFIRMATION_OK"
24943,10420550052,10420550085,1,"IOTHUB_CLIENT_CONFIRMATION_OK"
24944,10420550252,10420550292,1,"IOTHUB_CLIENT_CONFIRMATION_OK"
24945,10420550452,10420550488,1,"IOTHUB_CLIENT_CONFIRMATION_OK"
24946,10420550652,10420550683,1,"IOTHUB_CLIENT_CONFIRMATION_OK"
24947,10420550853,10420550890,1,"IOTHUB_CLIENT_CONFIRMATION_OK"
24948,10420551053,10420551126,1,"IOTHUB_CLIENT_CONFIRMATION_OK"
24949,10420551253,10420551326,1,"IOTHUB_CLIENT_CONFIRMATION_OK"
24950,10420551453,10420551523,1,"IOTHUB_CLIENT_CONFIRMATION_OK"
24951,10420551653,10420551705,1,"IOTHUB_CLIENT_CONFIRMATION_OK"
24952,10420551853,10420551911,1,"IOTHUB_CLIENT_CONFIRMATION_OK"
24953,10420552053,10420552100,1,"IOTHUB_CLIENT_CONFIRMATION_OK"
24954,10420552254,10420552296,1,"IOTHUB_CLIENT_CONFIRMATION_OK"
24955,10420552454,10420552530,1,"IOTHUB_CLIENT_CONFIRMATION_OK"
24956,10420552654,10420552703,1,"IOTHUB_CLIENT_CONFIRMATION_OK"
24957,10420552854,10420552938,1,"IOTHUB_CLIENT_CONFIRMATION_OK"
24958,10420553054,10420553146,1,"IOTHUB_CLIENT_CONFIRMATION_OK"
24959,10420553254,10420553362,1,"IOTHUB_CLIENT_CONFIRMATION_OK"
24960,10420553455,10420553524,1,"IOTHUB_CLIENT_CONFIRMATION_OK"
24961,10420553655,10420553692,1,"IOTHUB_CLIENT_CONFIRMATION_OK"
24962,10420553855,10420553887,1,"IOTHUB_CLIENT_CONFIRMATION_OK"
24963,10420554055,10420554176,1,"IOTHUB_CLIENT_CONFIRMATION_OK"
24964,10420554255,10420554399,1,"IOTHUB_CLIENT_CONFIRMATION_OK"
24965,10420554455,10420554494,1,"IOTHUB_CLIENT_CONFIRMATION_OK"
24966,10420554655,10420554689,1,"IOTHUB_CLIENT_CONFIRMATION_OK"
24967,10420554856,10420554894,1,"IOTHUB_CLIENT_CONFIRMATION_OK"
24968,10420555056,10420555109,1,"IOTHUB_CLIENT_CONFIRMATION_OK"
24969,10420555256,10420555296,1,"IOTHUB_CLIENT_CONFIRMATION_OK"
24970,10420555456,10420555494,1,"IOTHUB_CLIENT_CONFIRMATION_OK"
24971,10420555656,10420555712,1,"IOTHUB_CLIENT_CONFIRMATION_OK"
24972,10420555856,10420555900,1,"IOTHUB_CLIENT_CONFIRMATION_OK"
24973,10420556056,10420556104,1,"IOTHUB_CLIENT_CONFIRMATION_OK"
24974,10420556257,10420556291,1,"IOTHUB_CLIENT_CONFIRMATION_OK"
24975,10420556457,10420556495,1,"IOTHUB_CLIENT_CONFIRMATION_OK"
24976,10420556657,10420556764,1,"IOTHUB_CLIENT_CONFIRMATION_OK"
24977,10420556857,10420556887,1,"IOTHUB_CLIENT_CONFIRMATION_OK"
24978,10420557057,10420557221,1,"IOTHUB_CLIENT_CONFIRMATION_OK"
24979,10420557257,10420557292,1,"IOTHUB_CLIENT_CONFIRMATION_OK"
24980,10420557457,10420557512,1,"IOTHUB_CLIENT_CONFIRMATION_OK"
24981,10420557658,10420557717,1,"IOTHUB_CLIENT_CONFIRMATION_OK"
24982,10420557858,10420557902,1,"IOTHUB_CLIENT_CONFIRMATION_OK"
24983,10420558058,10420558121,1,"IOTHUB_CLIENT_CONFIRMATION_OK"
24984,10420558258,10420558301,1,"IOTHUB_CLIENT_CONFIRMATION_OK"
24985,10420558458,10420558515,1,"IOTHUB_CLIENT_CONFIRMATION_OK"
24986,10420558658,10420558693,1,"IOTHUB_CLIENT_CONFIRMATION_OK"
24987,10420558858,10420558917,1,"IOTHUB_CLIENT_CONFIRMATION_OK"
24988,10420559059,10420559102,1,"IOTHUB_CLIENT_CONFIRMATION_OK"
24989,10420559259,10420559301,1,"IOTHUB_CLIENT_CONFIRMATION_OK"
24990,10420559459,10420559496,1,"IOTHUB_CLIENT_CONFIRMATION_OK"
24991,10420559659,10420559708,1,"IOTHUB_CLIENT_CONFIRMATION_OK"
24992,10420559859,10420559921,1,"IOTHUB_CLIENT_CONFIRMATION_OK"
24993,10420560059,10420560096,1,"IOTHUB_CLIENT_CONFIRMATION_OK"
24994,10420560259,10420560371,1,"IOTHUB_CLIENT_CONFIRMATION_OK"
24995,10420560460,10420560501,1,"IOTHUB_CLIENT_CONFIRMATION_OK"
24996,10420560660,10420560694,1,"IOTHUB_CLIENT_CONFIRMATION_OK"
24997,10420560860,10420560917,1,"IOTHUB_CLIENT_CONFIRMATION_OK"
24998,10420561060,10420561132,1,"IOTHUB_CLIENT_CONFIRMATION_OK"
24999,10420561260,10420561305,1,"IOTHUB_CLIENT_CONFIRMATION_OK"
25000,10420561460,10420561494,1,"IOTHUB_CLIENT_CONFIRMATION_OK"
25001,10420561660,10420561715,1,"IOTHUB_CLIENT_CONFIRMATION_OK"
25002,10420561861,10420561902,1,"IOTHUB_CLIENT_CONFIRMATION_OK"
25003,10420562061,10420562107,1,"IOTHUB_CLIENT_CONFIRMATION_OK"
25004,10420562261,10420562316,1,"IOTHUB_CLIENT_CONFIRMATION_OK"
25005,10420562461,10420562516,1,"IOTHUB_CLIENT_CONFIRMATION_OK"
25006,10420562661,10420562705,1,"IOTHUB_CLIENT_CONFIRMATION_OK"
25007,10420562861,10420562918,1,"IOTHUB_CLIENT_CONFIRMATION_OK"
25008,10420563062,10420563099,1,"IOTHUB_CLIENT_CONFIRMATION_OK"
25009,10420563262,10420563327,1,"IOTHUB_CLIENT_CONFIRMATION_OK"
25010,10420563462,10420563494,1,"IOTHUB_CLIENT_CONFIRMATION_OK"
25011,10420563662,10420563694,1,"IOTHUB_CLIENT_CONFIRMATION_OK"
25012,10420563862,10420563896,1,"IOTHUB_CLIENT_CONFIRMATION_OK"
25013,10420564062,10420564140,1,"IOTHUB_CLIENT_CONFIRMATION_OK"
25014,10420564263,10420564302,1,"IOTHUB_CLIENT_CONFIRMATION_OK"
25015,10420564463,10420564512,1,"IOTHUB_CLIENT_CONFIRMATION_OK"
25016,10420564663,10420564702,1,"IOTHUB_CLIENT_CONFIRMATION_OK"
25017,10420564863,10420564972,1,"IOTHUB_CLIENT_CONFIRMATION_OK"
25018,10420565063,10420565121,1,"IOTHUB_CLIENT_CONFIRMATION_OK"
25019,10420565263,10420565384,1,"IOTHUB_CLIENT_CONFIRMATION_OK"
25020,10420565464,10420565500,1,"IOTHUB_CLIENT_CONFIRMATION_OK"
25021,10420565664,10420565709,1,"IOTHUB_CLIENT_CONFIRMATION_OK"
25022,10420565864,10420565901,1,"IOTHUB_CLIENT_CONFIRMATION_OK"
25023,10420566064,10420566106,1,"IOTHUB_CLIENT_CONFIRMATION_OK"
25024,10420566264,10420566352,1,"IOTHUB_CLIENT_CONFIRMATION_OK"
25025,10420566464,10420566569,1,"IOTHUB_CLIENT_CONFIRMATION_OK"
25026,10420566664,10420566729,1,"IOTHUB_CLIENT_CONFIRMATION_OK"
25027,10420566865,10420566913,1,"IOTHUB_CLIENT_CONFIRMATION_OK"
25028,10420567065,10420567191,1,"IOTHUB_CLIENT_CONFIRMATION_OK"
25029,10420567265,10420567311,1,"IOTHUB_CLIENT_CONFIRMATION_OK"
25030,10420567465,10420567527,1,"IOTHUB_CLIENT_CONFIRMATION_OK"
25031,10420567665,10420567753,1,"IOTHUB_CLIENT_CONFIRMATION_OK"
25032,10420567865,10420568002,1,"IOTHUB_CLIENT_CONFIRMATION_OK"
25033,10420568066,10420568113,1,"IOTHUB_CLIENT_CONFIRMATION_OK"
25034,10420568266,10420568342,1,"IOTHUB_CLIENT_CONFIRMATION_OK"
25035,10420568466,10420568513,1,"IOTHUB_CLIENT_CONFIRMATION_OK"
25036,10420568666,10420568825,1,"IOTHUB_CLIENT_CONFIRMATION_OK"
25037,10420568866,10420568931,1,"IOTHUB_CLIENT_CONFIRMATION_OK"
25038,10420569066,10420569108,1,"IOTHUB_CLIENT_CONFIRMATION_OK"
25039,10420569266,10420569304,1,"IOTHUB_CLIENT_CONFIRMATION_OK"
25040,10420569467,10420569498,1,"IOTHUB_CLIENT_CONFIRMATION_OK"
25041,10420569667,10420569701,1,"IOTHUB_CLIENT_CONFIRMATION_OK"
25042,10420569867,10420569918,1,"IOTHUB_CLIENT_CONFIRMATION_OK"
25043,10420570067,10420570104,1,"IOTHUB_CLIENT_CONFIRMATION_OK"
25044,10420570267,10420570359,1,"IOTHUB_CLIENT_CONFIRMATION_OK"
25045,10420570467,10420570505,1,"IOTHUB_CLIENT_CONFIRMATION_OK"
25046,10420570668,10420570713,1,"IOTHUB_CLIENT_CONFIRMATION_OK"
25047,10420570868,10420570918,1,"IOTHUB_CLIENT_CONFIRMATION_OK"
25048,10420571068,10420571103,1,"IOTHUB_CLIENT_CONFIRMATION_OK"
25049,10420571268,10420571338,1,"IOTHUB_CLIENT_CONFIRMATION_OK"
25050,10420571468,10420571505,1,"IOTHUB_CLIENT_CONFIRMATION_OK"
25051,10420571668,10420571852,1,"IOTHUB_CLIENT_CONFIRMATION_OK"
25052,10420571869,10420571910,1,"IOTHUB_CLIENT_CONFIRMATION_OK"
25053,10420572069,10420572108,1,"IOTHUB_CLIENT_CONFIRMATION_OK"
25054,10420572269,10420572324,1,"IOTHUB_CLIENT_CONFIRMATION_OK"
25055,10420572469,10420572533,1,"IOTHUB_CLIENT_CONFIRMATION_OK"
25056,10420572669,10420572716,1,"IOTHUB_CLIENT_CONFIRMATION_OK"
25057,10420572869,10420572912,1,"IOTHUB_CLIENT_CONFIRMATION_OK"
25058,10420573069,10420573194,1,"IOTHUB_CLIENT_CONFIRMATION_OK"
25059,10420573270,10420573318,1,"IOTHUB_CLIENT_CONFIRMATION_OK"
25060,10420573470,10420573521,1,"IOTHUB_CLIENT_CONFIRMATION_OK"
25061,10420573670,10420573748,1,"IOTHUB_CLIENT_CONFIRMATION_OK"
25062,10420573870,10420573926,1,"IOTHUB_CLIENT_CONFIRMATION_OK"
25063,10420574070,10420574127,1,"IOTHUB_CLIENT_CONFIRMATION_OK"
25064,10420574270,10420574330,1,"IOTHUB_CLIENT_CONFIRMATION_OK"
25065,10420574470,10420574519,1,"IOTHUB_CLIENT_CONFIRMATION_OK"
25066,10420574671,10420574741,1,"IOTHUB_CLIENT_CONFIRMATION_OK"
25067,10420574871,10420574910,1,"IOTHUB_CLIENT_CONFIRMATION_OK"
25068,10420575071,10420575105,1,"IOTHUB_CLIENT_CONFIRMATION_OK"
25069,10420575271,10420575314,1,"IOTHUB_CLIENT_CONFIRMATION_OK"
25070,10420575471,10420575512,1,"IOTHUB_CLIENT_CONFIRMATION_OK"
25071,10420575671,10420575719,1,"IOTHUB_CLIENT_CONFIRMATION_OK"
25072,10420575872,10420575928,1,"IOTHUB_CLIENT_CONFIRMATION_OK"
25073,10420576072,10420576112,1,"IOTHUB_CLIENT_CONFIRMATION_OK"
25074,10420576272,10420576464,1,"IOTHUB_CLIENT_CONFIRMATION_OK"
25075,10420576472,10420576523,1,"IOTHUB_CLIENT_CONFIRMATION_OK"
25076,10420576672,10420576707,1,"IOTHUB_CLIENT_CONFIRMATION_OK"
25077,10420576872,10420576916,1,"IOTHUB_CLIENT_CONFIRMATION_OK"
25078,10420577072,10420577154,1,"IOTHUB_CLIENT_CONFIRMATION_OK"
25079,10420577273,10420577356,1,"IOTHUB_CLIENT_CONFIRMATION_OK"
25080,10420577473,10420577513,1,"IOTHUB_CLIENT_CONFIRMATION_OK"
25081,10420577673,10420577720,1,"IOTHUB_CLIENT_CONFIRMATION_OK"
25082,10420577873,10420577958,1,"IOTHUB_CLIENT_CONFIRMATION_OK"
25083,10420578073,10420578156,1,"IOTHUB_CLIENT_CONFIRMATION_OK"
25084,10420578273,10420578304,1,"IOTHUB_CLIENT_CONFIRMATION_OK"
25085,10420578473,10420578521,1,"IOTHUB_CLIENT_CONFIRMATION_OK"
25086,10420578674,10420578775,1,"IOTHUB_CLIENT_CONFIRMATION_OK"
25087,10420578874,10420578938,1,"IOTHUB_CLIENT_CONFIRMATION_OK"
25088,10420579074,10420579106,1,"IOTHUB_CLIENT_CONFIRMATION_OK"
25089,10420579274,10420579333,1,"IOTHUB_CLIENT_CONFIRMATION_OK"
25090,10420579474,10420579527,1,"IOTHUB_CLIENT_CONFIRMATION_OK"
25091,10420579674,10420579719,1,"IOTHUB_CLIENT_CONFIRMATION_OK"
25092,10420579875,10420579907,1,"IOTHUB_CLIENT_CONFIRMATION_OK"
25093,10420580075,10420580112,1,"IOTHUB_CLIENT_CONFIRMATION_OK"
25094,10420580275,10420580349,1,"IOTHUB_CLIENT_CONFIRMATION_OK"
25095,10420580475,10420580532,1,"IOTHUB_CLIENT_CONFIRMATION_OK"
25096,10420580675,10420580738,1,"IOTHUB_CLIENT_CONFIRMATION_OK"
25097,10420580875,10420581002,1,"IOTHUB_CLIENT_CONFIRMATION_OK"
25098,10420581075,10420581112,1,"IOTHUB_CLIENT_CONFIRMATION_OK"
25099,10420581276,10420581328,1,"IOTHUB_CLIENT_CONFIRMATION_OK"
25100,10420581476,10420581548,1,"IOTHUB_CLIENT_CONFIRMATION_OK"
25101,10420581676,10420581821,1,"IOTHUB_CLIENT_CONFIRMATION_OK"
25102,10420581876,10420581907,1,"IOTHUB_CLIENT_CONFIRMATION_OK"
25103,10420582076,10420582132,1,"IOTHUB_CLIENT_CONFIRMATION_OK"
25104,10420582276,10420582326,1,"IOTHUB_CLIENT_CONFIRMATION_OK"
25105,10420582476,10420582634,1,"IOTHUB_CLIENT_CONFIRMATION_OK"
25106,10420582677,10420582708,1,"IOTHUB_CLIENT_CONFIRMATION_OK"
25107,10420582877,10420582921,1,"IOTHUB_CLIENT_CONFIRMATION_OK"
25108,10420583077,10420583109,1,"IOTHUB_CLIENT_CONFIRMATION_OK"
25109,10420583277,10420583341,1,"IOTHUB_CLIENT_CONFIRMATION_OK"
25110,10420583477,10420583527,1,"IOTHUB_CLIENT_CONFIRMATION_OK"
25111,10420583677,10420583714,1,"IOTHUB_CLIENT_CONFIRMATION_OK"
25112,10420583878,10420583913,1,"IOTHUB_CLIENT_CONFIRMATION_OK"
25113,10420584078,10420584121,1,"IOTHUB_CLIENT_CONFIRMATION_OK"
25114,10420584278,10420584318,1,"IOTHUB_CLIENT_CONFIRMATION_OK"
25115,10420584478,10420584596,1,"IOTHUB_CLIENT_CONFIRMATION_OK"
25116,10420584678,10420584717,1,"IOTHUB_CLIENT_CONFIRMATION_OK"
25117,10420584878,10420584924,1,"IOTHUB_CLIENT_CONFIRMATION_OK"
25118,10420585079,10420585113,1,"IOTHUB_CLIENT_CONFIRMATION_OK"
25119,10420585279,10420585322,1,"IOTHUB_CLIENT_CONFIRMATION_OK"
25120,10420585479,10420585536,1,"IOTHUB_CLIENT_CONFIRMATION_OK"
25121,10420585679,10420585713,1,"IOTHUB_CLIENT_CONFIRMATION_OK"
25122,10420585879,10420585915,1,"IOTHUB_CLIENT_CONFIRMATION_OK"
25123,10420586079,10420586125,1,"IOTHUB_CLIENT_CONFIRMATION_OK"
25124,10420586279,10420586321,1,"IOTHUB_CLIENT_CONFIRMATION_OK"
25125,10420586480,10420586522,1,"IOTHUB_CLIENT_CONFIRMATION_OK"
25126,10420586680,10420586734,1,"IOTHUB_CLIENT_CONFIRMATION_OK"
25127,10420586880,10420586922,1,"IOTHUB_CLIENT_CONFIRMATION_OK"
25128,10420587080,10420587175,1,"IOTHUB_CLIENT_CONFIRMATION_OK"
25129,10420587280,10420587328,1,"IOTHUB_CLIENT_CONFIRMATION_OK"
25130,10420587480,10420587526,1,"IOTHUB_CLIENT_CONFIRMATION_OK"
25131,10420587681,10420587715,1,"IOTHUB_CLIENT_CONFIRMATION_OK"
25132,10420587881,10420587958,1,"IOTHUB_CLIENT_CONFIRMATION_OK"
25133,10420588081,10420588116,1,"IOTHUB_CLIENT_CONFIRMATION_OK"
25134,10420588281,10420588326,1,"IOTHUB_CLIENT_CONFIRMATION_OK"
25135,10420588481,10420588515,1,"IOTHUB_CLIENT_CONFIRMATION_OK"
25136,10420588681,10420588784,1,"IOTHUB_CLIENT_CONFIRMATION_OK"
25137,10420588882,10420588945,1,"IOTHUB_CLIENT_CONFIRMATION_OK"
25138,10420589082,10420589141,1,"IOTHUB_CLIENT_CONFIRMATION_OK"
25139,10420589282,10420589322,1,"IOTHUB_CLIENT_CONFIRMATION_OK"
25140,10420589482,10420589536,1,"IOTHUB_CLIENT_CONFIRMATION_OK"
25141,10420589682,10420589718,1,"IOTHUB_CLIENT_CONFIRMATION_OK"
25142,10420589882,10420589938,1,"IOTHUB_CLIENT_CONFIRMATION_OK"
25143,10420590082,10420590180,1,"IOTHUB_CLIENT_CONFIRMATION_OK"
25144,10420590283,10420590334,1,"IOTHUB_CLIENT_CONFIRMATION_OK"
25145,10420590483,10420590533,1,"IOTHUB_CLIENT_CONFIRMATION_OK"
25146,10420590683,10420590725,1,"IOTHUB_CLIENT_CONFIRMATION_OK"
25147,10420590883,10420591008,1,"IOTHUB_CLIENT_CONFIRMATION_OK"
25148,10420591083,10420591138,1,"IOTHUB_CLIENT_CONFIRMATION_OK"
25149,10420591283,10420591375,1,"IOTHUB_CLIENT_CONFIRMATION_OK"
25150,10420591483,10420591547,1,"IOTHUB_CLIENT_CONFIRMATION_OK"
25151,10420591684,10420591920,1,"IOTHUB_CLIENT_CONFIRMATION_OK"
25152,10420591884,10420591946,1,"IOTHUB_CLIENT_CONFIRMATION_OK"
25153,10420592084,10420592125,1,"IOTHUB_CLIENT_CONFIRMATION_OK"
25154,10420592284,10420592326,1,"IOTHUB_CLIENT_CONFIRMATION_OK"
25155,10420592484,10420592516,1,"IOTHUB_CLIENT_CONFIRMATION_OK"
25156,10420592684,10420592738,1,"IOTHUB_CLIENT_CONFIRMATION_OK"
25157,10420592885,10420592950,1,"IOTHUB_CLIENT_CONFIRMATION_OK"
25158,10420593085,10420593124,1,"IOTHUB_CLIENT_CONFIRMATION_OK"
25159,10420593285,10420593320,1,"IOTHUB_CLIENT_CONFIRMATION_OK"
25160,10420593485,10420593516,1,"IOTHUB_CLIENT_CONFIRMATION_OK"
25161,10420593685,10420593842,1,"IOTHUB_CLIENT_CONFIRMATION_OK"
25162,10420593885,10420593947,1,"IOTHUB_CLIENT_CONFIRMATION_OK"
25163,10420594085,10420594127,1,"IOTHUB_CLIENT_CONFIRMATION_OK"
25164,10420594286,10420594354,1,"IOTHUB_CLIENT_CONFIRMATION_OK"
25165,10420594486,10420594523,1,"IOTHUB_CLIENT_CONFIRMATION_OK"
25166,10420594686,10420594859,1,"IOTHUB_CLIENT_CONFIRMATION_OK"
25167,10420594886,10420594923,1,"IOTHUB_CLIENT_CONFIRMATION_OK"
25168,10420595086,10420595123,1,"IOTHUB_CLIENT_CONFIRMATION_OK"
25169,10420595286,10420595331,1,"IOTHUB_CLIENT_CONFIRMATION_OK"
25170,10420595487,10420595519,1,"IOTHUB_CLIENT_CONFIRMATION_OK"
25171,10420595687,10420595719,1,"IOTHUB_CLIENT_CONFIRMATION_OK"
25172,10420595887,10420595923,1,"IOTHUB_CLIENT_CONFIRMATION_OK"
25173,10420596087,10420596169,1,"IOTHUB_CLIENT_CONFIRMATION_OK"
25174,10420596287,10420596317,1,"IOTHUB_CLIENT_CONFIRMATION_OK"
25175,10420596487,10420596518,1,"IOTHUB_CLIENT_CONFIRMATION_OK"
25176,10420596687,10420596782,1,"IOTHUB_CLIENT_CONFIRMATION_OK"
25177,10420596888,10420596927,1,"IOTHUB_CLIENT_CONFIRMATION_OK"
25178,10420597088,10420597136,1,"IOTHUB_CLIENT_CONFIRMATION_OK"
25179,10420597288,10420597338,1,"IOTHUB_CLIENT_CONFIRMATION_OK"
25180,10420597488,10420597521,1,"IOTHUB_CLIENT_CONFIRMATION_OK"
25181,10420597688,10420597733,1,"IOTHUB_CLIENT_CONFIRMATION_OK"
25182,10420597888,10420597930,1,"IOTHUB_CLIENT_CONFIRMATION_OK"
25183,10420598089,10420598126,1,"IOTHUB_CLIENT_CONFIRMATION_OK"
25184,10420598289,10420598324,1,"IOTHUB_CLIENT_CONFIRMATION_OK"
25185,10420598489,10420598529,1,"IOTHUB_CLIENT_CONFIRMATION_OK"
25186,10420598689,10420598747,1,"IOTHUB_CLIENT_CONFIRMATION_OK"
25187,10420598889,10420598931,1,"IOTHUB_CLIENT_CONFIRMATION_OK"
25188,10420599089,10420599156,1,"IOTHUB_CLIENT_CONFIRMATION_OK"
25189,10420599289,10420599366,1,"IOTHUB_CLIENT_CONFIRMATION_OK"
25190,10420599490,10420599536,1,"IOTHUB_CLIENT_CONFIRMATION_OK"
25191,10420599690,10420599825,1,"IOTHUB_CLIENT_CONFIRMATION_OK"
25192,10420599890,10420599931,1,"IOTHUB_CLIENT_CONFIRMATION_OK"
25193,10420600090,10420600155,1,"IOTHUB_CLIENT_CONFIRMATION_OK"
25194,10420600290,10420600344,1,"IOTHUB_CLIENT_CONFIRMATION_OK"
25195,10420600490,10420600538,1,"IOTHUB_CLIENT_CONFIRMATION_OK"
25196,10420600691,10420600723,1,"IOTHUB_CLIENT_CONFIRMATION_OK"
25197,10420600891,10420600962,1,"IOTHUB_CLIENT_CONFIRMATION_OK"
25198,10420601091,10420601148,1,"IOTHUB_CLIENT_CONFIRMATION_OK"
25199,10420601291,10420601346,1,"IOTHUB_CLIENT_CONFIRMATION_OK"
25200,10420601491,10420601641,1,"IOTHUB_CLIENT_CONFIRMATION_OK"
25201,10420601691,10420601820,1,"IOTHUB_CLIENT_CONFIRMATION_OK"
25202,10420601891,10420601924,1,"IOTHUB_CLIENT_CONFIRMATION_OK"
25203,10420602092,10420602135,1,"IOTHUB_CLIENT_CONFIRMATION_OK"
25204,10420602292,10420602330,1,"IOTHUB_CLIENT_CONFIRMATION_OK"
25205,10420602492,10420602583,1,"IOTHUB_CLIENT_CONFIRMATION_OK"
25206,10420602692,10420602741,1,"IOTHUB_CLIENT_CONFIRMATION_OK"
25207,10420602892,10420602931,1,"IOTHUB_CLIENT_CONFIRMATION_OK"
25208,10420603092,10420603170,1,"IOTHUB_CLIENT_CONFIRMATION_OK"
25209,10420603292,10420603369,1,"IOTHUB_CLIENT_CONFIRMATION_OK"
25210,10420603493,10420603524,1,"IOTHUB_CLIENT_CONFIRMATION_OK"
25211,10420603693,10420603729,1,"IOTHUB_CLIENT_CONFIRMATION_OK"
25212,10420603893,10420603969,1,"IOTHUB_CLIENT_CONFIRMATION_OK"
25213,10420604093,10420604147,1,"IOTHUB_CLIENT_CONFIRMATION_OK"
25214,10420604293,10420604341,1,"IOTHUB_CLIENT_CONFIRMATION_OK"
25215,10420604493,10420604553,1,"IOTHUB_CLIENT_CONFIRMATION_OK"
25216,10420604694,10420604849,1,"IOTHUB_CLIENT_CONFIRMATION_OK"
25217,10420604894,10420604940,1,"IOTHUB_CLIENT_CONFIRMATION_OK"
25218,10420605094,10420605155,1,"IOTHUB_CLIENT_CONFIRMATION_OK"
25219,10420605294,10420605333,1,"IOTHUB_CLIENT_CONFIRMATION_OK"
25220,10420605494,10420605656,1,"IOTHUB_CLIENT_CONFIRMATION_OK"
25221,10420605694,10420605735,1,"IOTHUB_CLIENT_CONFIRMATION_OK"
25222,10420605895,10420605948,1,"IOTHUB_CLIENT_CONFIRMATION_OK"
25223,10420606095,10420606139,1,"IOTHUB_CLIENT_CONFIRMATION_OK"
25224,10420606295,10420606332,1,"IOTHUB_CLIENT_CONFIRMATION_OK"
25225,10420606495,10420606600,1,"IOTHUB_CLIENT_CONFIRMATION_OK"
25226,10420606695,10420606740,1,"IOTHUB_CLIENT_CONFIRMATION_OK"
25227,10420606895,10420606928,1,"IOTHUB_CLIENT_CONFIRMATION_OK"
25228,10420607096,10420607142,1,"IOTHUB_CLIENT_CONFIRMATION_OK"
25229,10420607296,10420607356,1,"IOTHUB_CLIENT_CONFIRMATION_OK"
25230,10420607496,10420607540,1,"IOTHUB_CLIENT_CONFIRMATION_OK"
25231,10420607696,10420607731,1,"IOTHUB_CLIENT_CONFIRMATION_OK"
25232,10420607896,10420607934,1,"IOTHUB_CLIENT_CONFIRMATION_OK"
25233,10420608096,10420608154,1,"IOTHUB_CLIENT_CONFIRMATION_OK"
25234,10420608296,10420608367,1,"IOTHUB_CLIENT_CONFIRMATION_OK"
25235,10420608497,10420608586,1,"IOTHUB_CLIENT_CONFIRMATION_OK"
25236,10420608697,10420608747,1,"IOTHUB_CLIENT_CONFIRMATION_OK"
25237,10420608897,10420608934,1,"IOTHUB_CLIENT_CONFIRMATION_OK"
25238,10420609097,10420609157,1,"IOTHUB_CLIENT_CONFIRMATION_OK"
25239,10420609297,10420609346,1,"IOTHUB_CLIENT_CONFIRMATION_OK"
25240,10420609497,10420609534,1,"IOTHUB_CLIENT_CONFIRMATION_OK"
25241,10420609698,10420609745,1,"IOTHUB_CLIENT_CONFIRMATION_OK"
25242,10420609898,10420609931,1,"IOTHUB_CLIENT_CONFIRMATION_OK"
25243,10420610098,10420610203,1,"IOTHUB_CLIENT_CONFIRMATION_OK"
25244,10420610298,10420610331,1,"IOTHUB_CLIENT_CONFIRMATION_OK"
25245,10420610498,10420610602,1,"IOTHUB_CLIENT_CONFIRMATION_OK"
25246,10420610698,10420610763,1,"IOTHUB_CLIENT_CONFIRMATION_OK"
25247,10420610899,10420610968,1,"IOTHUB_CLIENT_CONFIRMATION_OK"
25248,10420611099,10420611139,1,"IOTHUB_CLIENT_CONFIRMATION_OK"
25249,10420611299,10420611328,1,"IOTHUB_CLIENT_CONFIRMATION_OK"
25250,10420611499,10420611596,1,"IOTHUB_CLIENT_CONFIRMATION_OK"
25251,10420611699,10420611759,1,"IOTHUB_CLIENT_CONFIRMATION_OK"
25252,10420611899,10420611928,1,"IOTHUB_CLIENT_CONFIRMATION_OK"
25253,10420612099,10420612149,1,"IOTHUB_CLIENT_CONFIRMATION_OK"
25254,10420612300,10420612357,1,"IOTHUB_CLIENT_CONFIRMATION_OK"
25255,10420612500,10420612585,1,"IOTHUB_CLIENT_CONFIRMATION_OK"
25256,10420612700,10420612747,1,"IOTHUB_CLIENT_CONFIRMATION_OK"
25257,10420612900,10420612955,1,"IOTHUB_CLIENT_CONFIRMATION_OK"
25258,10420613100,10420613138,1,"IOTHUB_CLIENT_CONFIRMATION_OK"
25259,10420613300,10420613364,1,"IOTHUB_CLIENT_CONFIRMATION_OK"
25260,10420613501,10420613533,1,"IOTHUB_CLIENT_CONFIRMATION_OK"
25261,10420613701,10420613758,1,"IOTHUB_CLIENT_CONFIRMATION_OK"
25262,10420613901,10420614088,1,"IOTHUB_CLIENT_CONFIRMATION_OK"
25263,10420614101,10420614183,1,"IOTHUB_CLIENT_CONFIRMATION_OK"
25264,10420614301,10420614334,1,"IOTHUB_CLIENT_CONFIRMATION_OK"
25265,10420614501,10420614586,1,"IOTHUB_CLIENT_CONFIRMATION_OK"
25266,10420614701,10420614823,1,"IOTHUB_CLIENT_CONFIRMATION_OK"
25267,10420614902,10420614947,1,"IOTHUB_CLIENT_CONFIRMATION_OK"
25268,10420615102,10420615141,1,"IOTHUB_CLIENT_CONFIRMATION_OK"
25269,10420615302,10420615344,1,"IOTHUB_CLIENT_CONFIRMATION_OK"
25270,10420615502,10420615889,1,"IOTHUB_CLIENT_CONFIRMATION_OK"
25271,10420615702,10420615963,1,"IOTHUB_CLIENT_CONFIRMATION_OK"
25272,10420615902,10420616004,1,"IOTHUB_CLIENT_CONFIRMATION_OK"
25273,10420616102,10420616196,1,"IOTHUB_CLIENT_CONFIRMATION_OK"
25274,10420616303,10420616416,1,"IOTHUB_CLIENT_CONFIRMATION_OK"
25275,10420616503,10420616550,1,"IOTHUB_CLIENT_CONFIRMATION_OK"
25276,10420616703,10420616736,1,"IOTHUB_CLIENT_CONFIRMATION_OK"
25277,10420616903,10420616935,1,"IOTHUB_CLIENT_CONFIRMATION_OK"
25278,10420617103,10420617216,1,"IOTHUB_CLIENT_CONFIRMATION_OK"
25279,10420617303,10420617375,1,"IOTHUB_CLIENT_CONFIRMATION_OK"
25280,10420617504,10420617537,1,"IOTHUB_CLIENT_CONFIRMATION_OK"
25281,10420617704,10420617758,1,"IOTHUB_CLIENT_CONFIRMATION_OK"
25282,10420617904,10420617940,1,"IOTHUB_CLIENT_CONFIRMATION_OK"
25283,10420618104,10420618139,1,"IOTHUB_CLIENT_CONFIRMATION_OK"
25284,10420618304,10420618365,1,"IOTHUB_CLIENT_CONFIRMATION_OK"
25285,10420618504,10420618659,1,"IOTHUB_CLIENT_CONFIRMATION_OK"
25286,10420618704,10420618745,1,"IOTHUB_CLIENT_CONFIRMATION_OK"
25287,10420618905,10420618951,1,"IOTHUB_CLIENT_CONFIRMATION_OK"
25288,10420619105,10420619152,1,"IOTHUB_CLIENT_CONFIRMATION_OK"
25289,10420619305,10420619546,1,"IOTHUB_CLIENT_CONFIRMATION_OK"
25290,10420619505,10420619592,1,"IOTHUB_CLIENT_CONFIRMATION_OK"
25291,10420619705,10420619773,1,"IOTHUB_CLIENT_CONFIRMATION_OK"
25292,10420619905,10420619940,1,"IOTHUB_CLIENT_CONFIRMATION_OK"
25293,10420620106,10420620141,1,"IOTHUB_CLIENT_CONFIRMATION_OK"
25294,10420620306,10420620337,1,"IOTHUB_CLIENT_CONFIRMATION_OK"
25295,10420620506,10420620539,1,"IOTHUB_CLIENT_CONFIRMATION_OK"
25296,10420620706,10420620770,1,"IOTHUB_CLIENT_CONFIRMATION_OK"
25297,10420620906,10420620940,1,"IOTHUB_CLIENT_CONFIRMATION_OK"
25298,10420621106,10420621180,1,"IOTHUB_CLIENT_CONFIRMATION_OK"
25299,10420621307,10420621401,1,"IOTHUB_CLIENT_CONFIRMATION_OK"
25300,10420621507,10420621540,1,"IOTHUB_CLIENT_CONFIRMATION_OK"
25301,10420621707,10420621772,1,"IOTHUB_CLIENT_CONFIRMATION_OK"
25302,10420621907,10420621972,1,"IOTHUB_CLIENT_CONFIRMATION_OK"
25303,10420622107,10420622148,1,"IOTHUB_CLIENT_CONFIRMATION_OK"
25304,10420622307,10420622357,1,"IOTHUB_CLIENT_CONFIRMATION_OK"
25305,10420622507,10420622550,1,"IOTHUB_CLIENT_CONFIRMATION_OK"
25306,10420622708,10420622764,1,"IOTHUB_CLIENT_CONFIRMATION_OK"
25307,10420622908,10420622957,1,"IOTHUB_CLIENT_CONFIRMATION_OK"
25308,10420623108,10420623171,1,"IOTHUB_CLIENT_CONFIRMATION_OK"
25309,10420623308,10420623345,1,"IOTHUB_CLIENT_CONFIRMATION_OK"
25310,10420623508,10420623542,1,"IOTHUB_CLIENT_CONFIRMATION_OK"
25311,10420623708,10420623757,1,"IOTHUB_CLIENT_CONFIRMATION_OK"
25312,10420623909,10420624053,1,"IOTHUB_CLIENT_CONFIRMATION_OK"
25313,10420624109,10420624155,1,"IOTHUB_CLIENT_CONFIRMATION_OK"
25314,10420624309,10420624355,1,"IOTHUB_CLIENT_CONFIRMATION_OK"
25315,10420624509,10420624620,1,"IOTHUB_CLIENT_CONFIRMATION_OK"
25316,10420624709,10420624890,1,"IOTHUB_CLIENT_CONFIRMATION_OK"
25317,10420624909,10420624942,1,"IOTHUB_CLIENT_CONFIRMATION_OK"
25318,10420625109,10420625170,1,"IOTHUB_CLIENT_CONFIRMATION_OK"
25319,10420625310,10420625352,1,"IOTHUB_CLIENT_CONFIRMATION_OK"
25320,10420625510,10420625558,1,"IOTHUB_CLIENT_CONFIRMATION_OK"
25321,10420625710,10420625742,1,"IOTHUB_CLIENT_CONFIRMATION_OK"
25322,10420625910,10420625961,1,"IOTHUB_CLIENT_CONFIRMATION_OK"
25323,10420626110,10420626161,1,"IOTHUB_CLIENT_CONFIRMATION_OK"
25324,10420626310,10420626358,1,"IOTHUB_CLIENT_CONFIRMATION_OK"
25325,10420626511,10420626555,1,"IOTHUB_CLIENT_CONFIRMATION_OK"
25326,10420626711,10420626764,1,"IOTHUB_CLIENT_CONFIRMATION_OK"
25327,10420626911,10420626945,1,"IOTHUB_CLIENT_CONFIRMATION_OK"
25328,10420627111,10420627176,1,"IOTHUB_CLIENT_CONFIRMATION_OK"
25329,10420627311,10420627381,1,"IOTHUB_CLIENT_CONFIRMATION_OK"
25330,10420627511,10420627551,1,"IOTHUB_CLIENT_CONFIRMATION_OK"
25331,10420627711,10420627747,1,"IOTHUB_CLIENT_CONFIRMATION_OK"
25332,10420627912,10420627952,1,"IOTHUB_CLIENT_CONFIRMATION_OK"
25333,10420628112,10420628157,1,"IOTHUB_CLIENT_CONFIRMATION_OK"
25334,10420628312,10420628355,1,"IOTHUB_CLIENT_CONFIRMATION_OK"
25335,10420628512,10420628603,1,"IOTHUB_CLIENT_CONFIRMATION_OK"
25336,10420628712,10420628760,1,"IOTHUB_CLIENT_CONFIRMATION_OK"
25337,10420628912,10420628947,1,"IOTHUB_CLIENT_CONFIRMATION_OK"
25338,10420629113,10420629160,1,"IOTHUB_CLIENT_CONFIRMATION_OK"
25339,10420629313,10420629395,1,"IOTHUB_CLIENT_CONFIRMATION_OK"
25340,10420629513,10420629553,1,"IOTHUB_CLIENT_CONFIRMATION_OK"
25341,10420629713,10420629766,1,"IOTHUB_CLIENT_CONFIRMATION_OK"
25342,10420629913,10420629947,1,"IOTHUB_CLIENT_CONFIRMATION_OK"
25343,10420630113,10420630203,1,"IOTHUB_CLIENT_CONFIRMATION_OK"
25344,10420630313,10420630354,1,"IOTHUB_CLIENT_CONFIRMATION_OK"
25345,10420630514,10420630556,1,"IOTHUB_CLIENT_CONFIRMATION_OK"
25346,10420630714,10420630804,1,"IOTHUB_CLIENT_CONFIRMATION_OK"
25347,10420630914,10420631055,1,"IOTHUB_CLIENT_CONFIRMATION_OK"
25348,10420631114,10420631168,1,"IOTHUB_CLIENT_CONFIRMATION_OK"
25349,10420631314,10420631359,1,"IOTHUB_CLIENT_CONFIRMATION_OK"
25350,10420631514,10420631546,1,"IOTHUB_CLIENT_CONFIRMATION_OK"
25351,10420631715,10420631755,1,"IOTHUB_CLIENT_CONFIRMATION_OK"
25352,10420631915,10420631954,1,"IOTHUB_CLIENT_CONFIRMATION_OK"
25353,10420632115,10420632158,1,"IOTHUB_CLIENT_CONFIRMATION_OK"
25354,10420632315,10420632355,1,"IOTHUB_CLIENT_CONFIRMATION_OK"
25355,10420632515,10420632551,1,"IOTHUB_CLIENT_CONFIRMATION_OK"
25356,10420632715,10420632762,1,"IOTHUB_CLIENT_CONFIRMATION_OK"
25357,10420632916,10420632954,1,"IOTHUB_CLIENT_CONFIRMATION_OK"
25358,10420633116,10420633242,1,"IOTHUB_CLIENT_CONFIRMATION_OK"
25359,10420633316,10420633369,1,"IOTHUB_CLIENT_CONFIRMATION_OK"
25360,10420633516,10420633557,1,"IOTHUB_CLIENT_CONFIRMATION_OK"
25361,10420633716,10420633752,1,"IOTHUB_CLIENT_CONFIRMATION_OK"
25362,10420633916,10420634062,1,"IOTHUB_CLIENT_CONFIRMATION_OK"
25363,10420634116,10420634215,1,"IOTHUB_CLIENT_CONFIRMATION_OK"
25364,10420634317,10420634369,1,"IOTHUB_CLIENT_CONFIRMATION_OK"
25365,10420634517,10420634563,1,"IOTHUB_CLIENT_CONFIRMATION_OK"
25366,10420634717,10420634752,1,"IOTHUB_CLIENT_CONFIRMATION_OK"
25367,10420634917,10420634976,1,"IOTHUB_CLIENT_CONFIRMATION_OK"
25368,10420635117,10420635231,1,"IOTHUB_CLIENT_CONFIRMATION_OK"
25369,10420635318,10420635351,1,"IOTHUB_CLIENT_CONFIRMATION_OK"
25370,10420635518,10420635556,1,"IOTHUB_CLIENT_CONFIRMATION_OK"
25371,10420635718,10420635755,1,"IOTHUB_CLIENT_CONFIRMATION_OK"
25372,10420635918,10420635952,1,"IOTHUB_CLIENT_CONFIRMATION_OK"
25373,10420636118,10420636152,1,"IOTHUB_CLIENT_CONFIRMATION_OK"
25374,10420636318,10420636368,1,"IOTHUB_CLIENT_CONFIRMATION_OK"
25375,10420636518,10420636590,1,"IOTHUB_CLIENT_CONFIRMATION_OK"
25376,10420636719,10420636750,1,"IOTHUB_CLIENT_CONFIRMATION_OK"
25377,10420636919,10420636953,1,"IOTHUB_CLIENT_CONFIRMATION_OK"
25378,10420637119,10420637163,1,"IOTHUB_CLIENT_CONFIRMATION_OK"
25379,10420637319,10420637359,1,"IOTHUB_CLIENT_CONFIRMATION_OK"
25380,10420637519,10420637595,1,"IOTHUB_CLIENT_CONFIRMATION_OK"
25381,10420637719,10420637911,1,"IOTHUB_CLIENT_CONFIRMATION_OK"
25382,10420637919,10420637962,1,"IOTHUB_CLIENT_CONFIRMATION_OK"
25383,10420638120,10420638157,1,"IOTHUB_CLIENT_CONFIRMATION_OK"
25384,10420638320,10420638363,1,"IOTHUB_CLIENT_CONFIRMATION_OK"
25385,10420638520,10420638593,1,"IOTHUB_CLIENT_CONFIRMATION_OK"
25386,10420638720,10420638757,1,"IOTHUB_CLIENT_CONFIRMATION_OK"
25387,10420638920,10420638980,1,"IOTHUB_CLIENT_CONFIRMATION_OK"
25388,10420639120,10420639178,1,"IOTHUB_CLIENT_CONFIRMATION_OK"
25389,10420639320,10420639378,1,"IOTHUB_CLIENT_CONFIRMATION_OK"
25390,10420639521,10420639555,1,"IOTHUB_CLIENT_CONFIRMATION_OK"
25391,10420639721,10420639772,1,"IOTHUB_CLIENT_CONFIRMATION_OK"
25392,10420639921,10420639956,1,"IOTHUB_CLIENT_CONFIRMATION_OK"
25393,10420640121,10420640174,1,"IOTHUB_CLIENT_CONFIRMATION_OK"
25394,10420640321,10420640369,1,"IOTHUB_CLIENT_CONFIRMATION_OK"
25395,10420640521,10420640573,1,"IOTHUB_CLIENT_CONFIRMATION_OK"
25396,10420640722,10420640762,1,"IOTHUB_CLIENT_CONFIRMATION_OK"
25397,10420640922,10420641001,1,"IOTHUB_CLIENT_CONFIRMATION_OK"
25398,10420641122,10420641163,1,"IOTHUB_CLIENT_CONFIRMATION_OK"
25399,10420641322,10420641355,1,"IOTHUB_CLIENT_CONFIRMATION_OK"
25400,10420641522,10420641561,1,"IOTHUB_CLIENT_CONFIRMATION_OK"
25401,10420641722,10420641774,1,"IOTHUB_CLIENT_CONFIRMATION_OK"
25402,10420641922,10420641965,1,"IOTHUB_CLIENT_CONFIRMATION_OK"
25403,10420642123,10420642158,1,"IOTHUB_CLIENT_CONFIRMATION_OK"
25404,10420642323,10420642389,1,"IOTHUB_CLIENT_CONFIRMATION_OK"
25405,10420642523,10420642562,1,"IOTHUB_CLIENT_CONFIRMATION_OK"
25406,10420642723,10420642775,1,"IOTHUB_CLIENT_CONFIRMATION_OK"
25407,10420642923,10420643057,1,"IOTHUB_CLIENT_CONFIRMATION_OK"
25408,10420643123,10420643205,1,"IOTHUB_CLIENT_CONFIRMATION_OK"
25409,10420643324,10420643356,1,"IOTHUB_CLIENT_CONFIRMATION_OK"
25410,10420643524,10420643561,1,"IOTHUB_CLIENT_CONFIRMATION_OK"
25411,10420643724,10420643783,1,"IOTHUB_CLIENT_CONFIRMATION_OK"
25412,10420643924,10420644068,1,"IOTHUB_CLIENT_CONFIRMATION_OK"
25413,10420644124,10420644171,1,"IOTHUB_CLIENT_CONFIRMATION_OK"
25414,10420644324,10420644365,1,"IOTHUB_CLIENT_CONFIRMATION_OK"
25415,10420644525,10420644579,1,"IOTHUB_CLIENT_CONFIRMATION_OK"
25416,10420644725,10420644876,1,"IOTHUB_CLIENT_CONFIRMATION_OK"
25417,10420644925,10420645016,1,"IOTHUB_CLIENT_CONFIRMATION_OK"
25418,10420645125,10420645161,1,"IOTHUB_CLIENT_CONFIRMATION_OK"
25419,10420645325,10420645359,1,"IOTHUB_CLIENT_CONFIRMATION_OK"
25420,10420645525,10420645590,1,"IOTHUB_CLIENT_CONFIRMATION_OK"
25421,10420645726,10420645761,1,"IOTHUB_CLIENT_CONFIRMATION_OK"
25422,10420645926,10420645957,1,"IOTHUB_CLIENT_CONFIRMATION_OK"
25423,10420646126,10420646233,1,"IOTHUB_CLIENT_CONFIRMATION_OK"
25424,10420646326,10420646361,1,"IOTHUB_CLIENT_CONFIRMATION_OK"
25425,10420646526,10420646560,1,"IOTHUB_CLIENT_CONFIRMATION_OK"
25426,10420646726,10420646814,1,"IOTHUB_CLIENT_CONFIRMATION_OK"
25427,10420646927,10420646996,1,"IOTHUB_CLIENT_CONFIRMATION_OK"
25428,10420647127,10420647168,1,"IOTHUB_CLIENT_CONFIRMATION_OK"
25429,10420647327,10420647369,1,"IOTHUB_CLIENT_CONFIRMATION_OK"
25430,10420647527,10420647562,1,"IOTHUB_CLIENT_CONFIRMATION_OK"
25431,10420647727,10420647894,1,"IOTHUB_CLIENT_CONFIRMATION_OK"
25432,10420647927,10420647963,1,"IOTHUB_CLIENT_CONFIRMATION_OK"
25433,10420648128,10420648162,1,"IOTHUB_CLIENT_CONFIRMATION_OK"
25434,10420648328,10420648366,1,"IOTHUB_CLIENT_CONFIRMATION_OK"
25435,10420648528,10420648626,1,"IOTHUB_CLIENT_CONFIRMATION_OK"
25436,10420648728,10420648770,1,"IOTHUB_CLIENT_CONFIRMATION_OK"
25437,10420648928,10420648961,1,"IOTHUB_CLIENT_CONFIRMATION_OK"
25438,10420649128,10420649172,1,"IOTHUB_CLIENT_CONFIRMATION_OK"
25439,10420649329,10420649367,1,"IOTHUB_CLIENT_CONFIRMATION_OK"
25440,10420649529,10420649565,1,"IOTHUB_CLIENT_CONFIRMATION_OK"
25441,10420649729,10420649788,1,"IOTHUB_CLIENT_CONFIRMATION_OK"
25442,10420649929,10420649967,1,"IOTHUB_CLIENT_CONFIRMATION_OK"
25443,10420650129,10420650299,1,"IOTHUB_CLIENT_CONFIRMATION_OK"
25444,10420650329,10420650383,1,"IOTHUB_CLIENT_CONFIRMATION_OK"
25445,10420650529,10420650559,1,"IOTHUB_CLIENT_CONFIRMATION_OK"
25446,10420650730,10420650792,1,"IOTHUB_CLIENT_CONFIRMATION_OK"
25447,10420650930,10420650975,1,"IOTHUB_CLIENT_CONFIRMATION_OK"
25448,10420651130,10420651168,1,"IOTHUB_CLIENT_CONFIRMATION_OK"
25449,10420651330,10420651380,1,"IOTHUB_CLIENT_CONFIRMATION_OK"
25450,10420651530,10420651563,1,"IOTHUB_CLIENT_CONFIRMATION_OK"
25451,10420651730,10420651776,1,"IOTHUB_CLIENT_CONFIRMATION_OK"
25452,10420651931,10420651998,1,"IOTHUB_CLIENT_CONFIRMATION_OK"
25453,10420652131,10420652202,1,"IOTHUB_CLIENT_CONFIRMATION_OK"
25454,10420652331,10420652427,1,"IOTHUB_CLIENT_CONFIRMATION_OK"
25455,10420652531,10420652569,1,"IOTHUB_CLIENT_CONFIRMATION_OK"
25456,10420652731,10420652761,1,"IOTHUB_CLIENT_CONFIRMATION_OK"
25457,10420652931,10420652966,1,"IOTHUB_CLIENT_CONFIRMATION_OK"
25458,10420653131,10420653202,1,"IOTHUB_CLIENT_CONFIRMATION_OK"
25459,10420653332,10420653389,1,"IOTHUB_CLIENT_CONFIRMATION_OK"
25460,10420653532,10420653569,1,"IOTHUB_CLIENT_CONFIRMATION_OK"
25461,10420653732,10420653765,1,"IOTHUB_CLIENT_CONFIRMATION_OK"
25462,10420653932,10420654059,1,"IOTHUB_CLIENT_CONFIRMATION_OK"
25463,10420654132,10420654173,1,"IOTHUB_CLIENT_CONFIRMATION_OK"
25464,10420654332,10420654367,1,"IOTHUB_CLIENT_CONFIRMATION_OK"
25465,10420654533,10420654618,1,"IOTHUB_CLIENT_CONFIRMATION_OK"
25466,10420654733,10420654833,1,"IOTHUB_CLIENT_CONFIRMATION_OK"
25467,10420654933,10420654969,1,"IOTHUB_CLIENT_CONFIRMATION_OK"
25468,10420655133,10420655174,1,"IOTHUB_CLIENT_CONFIRMATION_OK"
25469,10420655333,10420655370,1,"IOTHUB_CLIENT_CONFIRMATION_OK"
25470,10420655533,10420655646,1,"IOTHUB_CLIENT_CONFIRMATION_OK"
25471,10420655733,10420655764,1,"IOTHUB_CLIENT_CONFIRMATION_OK"
25472,10420655934,10420655964,1,"IOTHUB_CLIENT_CONFIRMATION_OK"
25473,10420656134,10420656166,1,"IOTHUB_CLIENT_CONFIRMATION_OK"
25474,10420656334,10420656370,1,"IOTHUB_CLIENT_CONFIRMATION_OK"
25475,10420656534,10420656567,1,"IOTHUB_CLIENT_CONFIRMATION_OK"
25476,10420656734,10420656767,1,"IOTHUB_CLIENT_CONFIRMATION_OK"
25477,10420656934,10420657064,1,"IOTHUB_CLIENT_CONFIRMATION_OK"
25478,10420657135,10420657199,1,"IOTHUB_CLIENT_CONFIRMATION_OK"
25479,10420657335,10420657381,1,"IOTHUB_CLIENT_CONFIRMATION_OK"
25480,10420657535,10420657601,1,"IOTHUB_CLIENT_CONFIRMATION_OK"
25481,10420657735,10420657886,1,"IOTHUB_CLIENT_CONFIRMATION_OK"
25482,10420657935,10420658001,1,"IOTHUB_CLIENT_CONFIRMATION_OK"
25483,10420658135,10420658170,1,"IOTHUB_CLIENT_CONFIRMATION_OK"
25484,10420658335,10420658382,1,"IOTHUB_CLIENT_CONFIRMATION_OK"
25485,10420658536,10420658738,1,"IOTHUB_CLIENT_CONFIRMATION_OK"
25486,10420658736,10420658783,1,"IOTHUB_CLIENT_CONFIRMATION_OK"
25487,10420658936,10420658990,1,"IOTHUB_CLIENT_CONFIRMATION_OK"
25488,10420659136,10420659188,1,"IOTHUB_CLIENT_CONFIRMATION_OK"
25489,10420659336,10420659399,1,"IOTHUB_CLIENT_CONFIRMATION_OK"
25490,10420659536,10420659583,1,"IOTHUB_CLIENT_CONFIRMATION_OK"
25491,10420659737,10420659775,1,"IOTHUB_CLIENT_CONFIRMATION_OK"
25492,10420659937,10420660028,1,"IOTHUB_CLIENT_CONFIRMATION_OK"
25493,10420660137,10420660169,1,"IOTHUB_CLIENT_CONFIRMATION_OK"
25494,10420660337,10420660373,1,"IOTHUB_CLIENT_CONFIRMATION_OK"
25495,10420660537,10420660594,1,"IOTHUB_CLIENT_CONFIRMATION_OK"
25496,10420660737,10420660783,1,"IOTHUB_CLIENT_CONFIRMATION_OK"
25497,10420660937,10420660993,1,"IOTHUB_CLIENT_CONFIRMATION_OK"
25498,10420661138,10420661179,1,"IOTHUB_CLIENT_CONFIRMATION_OK"
25499,10420661338,10420661378,1,"IOTHUB_CLIENT_CONFIRMATION_OK"
25500,10420661538,10420661581,1,"IOTHUB_CLIENT_CONFIRMATION_OK"
25501,10420661738,10420661777,1,"IOTHUB_CLIENT_CONFIRMATION_OK"
25502,10420661938,10420661970,1,"IOTHUB_CLIENT_CONFIRMATION_OK"
25503,10420662139,10420662182,1,"IOTHUB_CLIENT_CONFIRMATION_OK"
25504,10420662339,10420662439,1,"IOTHUB_CLIENT_CONFIRMATION_OK"
25505,10420662539,10420662584,1,"IOTHUB_CLIENT_CONFIRMATION_OK"
25506,10420662739,10420662770,1,"IOTHUB_CLIENT_CONFIRMATION_OK"
25507,10420662939,10420662978,1,"IOTHUB_CLIENT_CONFIRMATION_OK"
25508,10420663139,10420663210,1,"IOTHUB_CLIENT_CONFIRMATION_OK"
25509,10420663339,10420663374,1,"IOTHUB_CLIENT_CONFIRMATION_OK"
25510,10420663540,10420663593,1,"IOTHUB_CLIENT_CONFIRMATION_OK"
25511,10420663740,10420663834,1,"IOTHUB_CLIENT_CONFIRMATION_OK"
25512,10420663940,10420664035,1,"IOTHUB_CLIENT_CONFIRMATION_OK"
25513,10420664140,10420664188,1,"IOTHUB_CLIENT_CONFIRMATION_OK"
25514,10420664340,10420664413,1,"IOTHUB_CLIENT_CONFIRMATION_OK"
25515,10420664541,10420664575,1,"IOTHUB_CLIENT_CONFIRMATION_OK"
25516,10420664741,10420664885,1,"IOTHUB_CLIENT_CONFIRMATION_OK"
25517,10420664941,10420664994,1,"IOTHUB_CLIENT_CONFIRMATION_OK"
25518,10420665141,10420665194,1,"IOTHUB_CLIENT_CONFIRMATION_OK"
25519,10420665341,10420665424,1,"IOTHUB_CLIENT_CONFIRMATION_OK"
25520,10420665541,10420665630,1,"IOTHUB_CLIENT_CONFIRMATION_OK"
25521,10420665742,10420665783,1,"IOTHUB_CLIENT_CONFIRMATION_OK"
25522,10420665942,10420665983,1,"IOTHUB_CLIENT_CONFIRMATION_OK"
25523,10420666142,10420666193,1,"IOTHUB_CLIENT_CONFIRMATION_OK"
25524,10420666342,10420666378,1,"IOTHUB_CLIENT_CONFIRMATION_OK"
25525,10420666542,10420666593,1,"IOTHUB_CLIENT_CONFIRMATION_OK"
25526,10420666742,10420666785,1,"IOTHUB_CLIENT_CONFIRMATION_OK"
25527,10420666942,10420667054,1,"IOTHUB_CLIENT_CONFIRMATION_OK"
25528,10420667143,10420667175,1,"IOTHUB_CLIENT_CONFIRMATION_OK"
25529,10420667343,10420667403,1,"IOTHUB_CLIENT_CONFIRMATION_OK"
25530,10420667543,10420667632,1,"IOTHUB_CLIENT_CONFIRMATION_OK"
25531,10420667743,10420667877,1,"IOTHUB_CLIENT_CONFIRMATION_OK"
25532,10420667943,10420667990,1,"IOTHUB_CLIENT_CONFIRMATION_OK"
25533,10420668143,10420668194,1,"IOTHUB_CLIENT_CONFIRMATION_OK"
25534,10420668344,10420668373,1,"IOTHUB_CLIENT_CONFIRMATION_OK"
25535,10420668544,10420668689,1,"IOTHUB_CLIENT_CONFIRMATION_OK"
25536,10420668744,10420668787,1,"IOTHUB_CLIENT_CONFIRMATION_OK"
25537,10420668944,10420668985,1,"IOTHUB_CLIENT_CONFIRMATION_OK"
25538,10420669144,10420669180,1,"IOTHUB_CLIENT_CONFIRMATION_OK"
25539,10420669344,10420669377,1,"IOTHUB_CLIENT_CONFIRMATION_OK"
25540,10420669544,10420669583,1,"IOTHUB_CLIENT_CONFIRMATION_OK"
25541,10420669745,10420669800,1,"IOTHUB_CLIENT_CONFIRMATION_OK"
25542,10420669945,10420670028,1,"IOTHUB_CLIENT_CONFIRMATION_OK"
25543,10420670145,10420670180,1,"IOTHUB_CLIENT_CONFIRMATION_OK"
25544,10420670345,10420670399,1,"IOTHUB_CLIENT_CONFIRMATION_OK"
25545,10420670545,10420670584,1,"IOTHUB_CLIENT_CONFIRMATION_OK"
25546,10420670745,10420670789,1,"IOTHUB_CLIENT_CONFIRMATION_OK"
25547,10420670946,10420670979,1,"IOTHUB_CLIENT_CONFIRMATION_OK"
25548,10420671146,10420671208,1,"IOTHUB_CLIENT_CONFIRMATION_OK"
25549,10420671346,10420671404,1,"IOTHUB_CLIENT_CONFIRMATION_OK"
25550,10420671546,10420671825,1,"IOTHUB_CLIENT_CONFIRMATION_OK"
25551,10420671746,10420671841,1,"IOTHUB_CLIENT_CONFIRMATION_OK"
25552,10420671946,10420671997,1,"IOTHUB_CLIENT_CONFIRMATION_OK"
25553,10420672146,10420672189,1,"IOTHUB_CLIENT_CONFIRMATION_OK"
25554,10420672347,10420672400,1,"IOTHUB_CLIENT_CONFIRMATION_OK"
25555,10420672547,10420672579,1,"IOTHUB_CLIENT_CONFIRMATION_OK"
25556,10420672747,10420672782,1,"IOTHUB_CLIENT_CONFIRMATION_OK"
25557,10420672947,10420672990,1,"IOTHUB_CLIENT_CONFIRMATION_OK"
25558,10420673147,10420673181,1,"IOTHUB_CLIENT_CONFIRMATION_OK"
25559,10420673347,10420673385,1,"IOTHUB_CLIENT_CONFIRMATION_OK"
25560,10420673548,10420673616,1,"IOTHUB_CLIENT_CONFIRMATION_OK"
25561,10420673748,10420673786,1,"IOTHUB_CLIENT_CONFIRMATION_OK"
25562,10420673948,10420674005,1,"IOTHUB_CLIENT_CONFIRMATION_OK"
25563,10420674148,10420674192,1,"IOTHUB_CLIENT_CONFIRMATION_OK"
25564,10420674348,10420674396,1,"IOTHUB_CLIENT_CONFIRMATION_OK"
25565,10420674548,10420674587,1,"IOTHUB_CLIENT_CONFIRMATION_OK"
25566,10420674748,10420674797,1,"IOTHUB_CLIENT_CONFIRMATION_OK"
25567,10420674949,10420674988,1,"IOTHUB_CLIENT_CONFIRMATION_OK"
25568,10420675149,10420675182,1,"IOTHUB_CLIENT_CONFIRMATION_OK"
25569,10420675349,10420675389,1,"IOTHUB_CLIENT_CONFIRMATION_OK"
25570,10420675549,10420675591,1,"IOTHUB_CLIENT_CONFIRMATION_OK"
25571,10420675749,10420675780,1,"IOTHUB_CLIENT_CONFIRMATION_OK"
25572,10420675949,10420676009,1,"IOTHUB_CLIENT_CONFIRMATION_OK"
25573,10420676150,10420676206,1,"IOTHUB_CLIENT_CONFIRMATION_OK"
25574,10420676350,10420676395,1,"IOTHUB_CLIENT_CONFIRMATION_OK"
25575,10420676550,10420676622,1,"IOTHUB_CLIENT_CONFIRMATION_OK"
25576,10420676750,10420676793,1,"IOTHUB_CLIENT_CONFIRMATION_OK"
25577,10420676950,10420677043,1,"IOTHUB_CLIENT_CONFIRMATION_OK"
25578,10420677150,10420677196,1,"IOTHUB_CLIENT_CONFIRMATION_OK"
25579,10420677350,10420677383,1,"IOTHUB_CLIENT_CONFIRMATION_OK"
25580,10420677551,10420677602,1,"IOTHUB_CLIENT_CONFIRMATION_OK"
25581,10420677751,10420677854,1,"IOTHUB_CLIENT_CONFIRMATION_OK"
25582,10420677951,10420678012,1,"IOTHUB_CLIENT_CONFIRMATION_OK"
25583,10420678151,10420678251,1,"IOTHUB_CLIENT_CONFIRMATION_OK"
25584,10420678351,10420678453,1,"IOTHUB_CLIENT_CONFIRMATION_OK"
25585,10420678552,10420678584,1,"IOTHUB_CLIENT_CONFIRMATION_OK"
25586,10420678752,10420678783,1,"IOTHUB_CLIENT_CONFIRMATION_OK"
25587,10420678952,10420678989,1,"IOTHUB_CLIENT_CONFIRMATION_OK"
25588,10420679152,10420679184,1,"IOTHUB_CLIENT_CONFIRMATION_OK"
25589,10420679352,10420679408,1,"IOTHUB_CLIENT_CONFIRMATION_OK"
25590,10420679552,10420679591,1,"IOTHUB_CLIENT_CONFIRMATION_OK"
25591,10420679752,10420679798,1,"IOTHUB_CLIENT_CONFIRMATION_OK"
25592,10420679953,10420680011,1,"IOTHUB_CLIENT_CONFIRMATION_OK"
25593,10420680153,10420680189,1,"IOTHUB_CLIENT_CONFIRMATION_OK"
25594,10420680353,10420680412,1,"IOTHUB_CLIENT_CONFIRMATION_OK"
25595,10420680553,10420680640,1,"IOTHUB_CLIENT_CONFIRMATION_OK"
25596,10420680753,10420680911,1,"IOTHUB_CLIENT_CONFIRMATION_OK"
25597,10420680953,10420680991,1,"IOTHUB_CLIENT_CONFIRMATION_OK"
25598,10420681154,10420681187,1,"IOTHUB_CLIENT_CONFIRMATION_OK"
25599,10420681354,10420681421,1,"IOTHUB_CLIENT_CONFIRMATION_OK"
25600,10420681554,10420681627,1,"IOTHUB_CLIENT_CONFIRMATION_OK"
25601,10420681754,10420681785,1,"IOTHUB_CLIENT_CONFIRMATION_OK"
25602,10420681954,10420681987,1,"IOTHUB_CLIENT_CONFIRMATION_OK"
25603,10420682154,10420682193,1,"IOTHUB_CLIENT_CONFIRMATION_OK"
25604,10420682355,10420682404,1,"IOTHUB_CLIENT_CONFIRMATION_OK"
25605,10420682555,10420682600,1,"IOTHUB_CLIENT_CONFIRMATION_OK"
25606,10420682755,10420682793,1,"IOTHUB_CLIENT_CONFIRMATION_OK"
25607,10420682955,10420682986,1,"IOTHUB_CLIENT_CONFIRMATION_OK"
25608,10420683155,10420683263,1,"IOTHUB_CLIENT_CONFIRMATION_OK"
25609,10420683355,10420683435,1,"IOTHUB_CLIENT_CONFIRMATION_OK"
25610,10420683556,10420683593,1,"IOTHUB_CLIENT_CONFIRMATION_OK"
25611,10420683756,10420683799,1,"IOTHUB_CLIENT_CONFIRMATION_OK"
25612,10420683956,10420684034,1,"IOTHUB_CLIENT_CONFIRMATION_OK"
25613,10420684156,10420684215,1,"IOTHUB_CLIENT_CONFIRMATION_OK"
25614,10420684356,10420684393,1,"IOTHUB_CLIENT_CONFIRMATION_OK"
25615,10420684556,10420684607,1,"IOTHUB_CLIENT_CONFIRMATION_OK"
25616,10420684756,10420684825,1,"IOTHUB_CLIENT_CONFIRMATION_OK"
25617,10420684957,10420685021,1,"IOTHUB_CLIENT_CONFIRMATION_OK"
25618,10420685157,10420685193,1,"IOTHUB_CLIENT_CONFIRMATION_OK"
25619,10420685357,10420685548,1,"IOTHUB_CLIENT_CONFIRMATION_OK"
25620,10420685557,10420685603,1,"IOTHUB_CLIENT_CONFIRMATION_OK"
25621,10420685757,10420685811,1,"IOTHUB_CLIENT_CONFIRMATION_OK"
25622,10420685957,10420686072,1,"IOTHUB_CLIENT_CONFIRMATION_OK"
25623,10420686158,10420686217,1,"IOTHUB_CLIENT_CONFIRMATION_OK"
25624,10420686358,10420686407,1,"IOTHUB_CLIENT_CONFIRMATION_OK"
25625,10420686558,10420686604,1,"IOTHUB_CLIENT_CONFIRMATION_OK"
25626,10420686758,10420686817,1,"IOTHUB_CLIENT_CONFIRMATION_OK"
25627,10420686958,10420687017,1,"IOTHUB_CLIENT_CONFIRMATION_OK"
25628,10420687158,10420687203,1,"IOTHUB_CLIENT_CONFIRMATION_OK"
25629,10420687359,10420687404,1,"IOTHUB_CLIENT_CONFIRMATION_OK"
25630,10420687559,10420687634,1,"IOTHUB_CLIENT_CONFIRMATION_OK"
25631,10420687759,10420687792,1,"IOTHUB_CLIENT_CONFIRMATION_OK"
25632,10420687959,10420687993,1,"IOTHUB_CLIENT_CONFIRMATION_OK"
25633,10420688159,10420688220,1,"IOTHUB_CLIENT_CONFIRMATION_OK"
25634,10420688359,10420688432,1,"IOTHUB_CLIENT_CONFIRMATION_OK"
25635,10420688559,10420688616,1,"IOTHUB_CLIENT_CONFIRMATION_OK"
25636,10420688760,10420688814,1,"IOTHUB_CLIENT_CONFIRMATION_OK"
25637,10420688960,10420689000,1,"IOTHUB_CLIENT_CONFIRMATION_OK"
25638,10420689160,10420689211,1,"IOTHUB_CLIENT_CONFIRMATION_OK"
25639,10420689360,10420689402,1,"IOTHUB_CLIENT_CONFIRMATION_OK"
25640,10420689560,10420689629,1,"IOTHUB_CLIENT_CONFIRMATION_OK"
25641,10420689760,10420689809,1,"IOTHUB_CLIENT_CONFIRMATION_OK"
25642,10420689961,10420689999,1,"IOTHUB_CLIENT_CONFIRMATION_OK"
25643,10420690161,10420690213,1,"IOTHUB_CLIENT_CONFIRMATION_OK"
25644,10420690361,10420690400,1,"IOTHUB_CLIENT_CONFIRMATION_OK"
25645,10420690561,10420690627,1,"IOTHUB_CLIENT_CONFIRMATION_OK"
25646,10420690761,10420690847,1,"IOTHUB_CLIENT_CONFIRMATION_OK"
25647,10420690961,10420691008,1,"IOTHUB_CLIENT_CONFIRMATION_OK"
25648,10420691161,10420691213,1,"IOTHUB_CLIENT_CONFIRMATION_OK"
25649,10420691362,10420691402,1,"IOTHUB_CLIENT_CONFIRMATION_OK"
25650,10420691562,10420691652,1,"IOTHUB_CLIENT_CONFIRMATION_OK"
25651,10420691762,10420691803,1,"IOTHUB_CLIENT_CONFIRMATION_OK"
25652,10420691962,10420692000,1,"IOTHUB_CLIENT_CONFIRMATION_OK"
25653,10420692162,10420692245,1,"IOTHUB_CLIENT_CONFIRMATION_OK"
25654,10420692363,10420692479,1,"IOTHUB_CLIENT_CONFIRMATION_OK"
25655,10420692563,10420692608,1,"IOTHUB_CLIENT_CONFIRMATION_OK"
25656,10420692763,10420692811,1,"IOTHUB_CLIENT_CONFIRMATION_OK"
25657,10420692963,10420693037,1,"IOTHUB_CLIENT_CONFIRMATION_OK"
25658,10420693163,10420693211,1,"IOTHUB_CLIENT_CONFIRMATION_OK"
25659,10420693363,10420693397,1,"IOTHUB_CLIENT_CONFIRMATION_OK"
25660,10420693563,10420693595,1,"IOTHUB_CLIENT_CONFIRMATION_OK"
25661,10420693764,10420693808,1,"IOTHUB_CLIENT_CONFIRMATION_OK"
25662,10420693964,10420694024,1,"IOTHUB_CLIENT_CONFIRMATION_OK"
25663,10420694164,10420694205,1,"IOTHUB_CLIENT_CONFIRMATION_OK"
25664,10420694364,10420694407,1,"IOTHUB_CLIENT_CONFIRMATION_OK"
25665,10420694564,10420694727,1,"IOTHUB_CLIENT_CONFIRMATION_OK"
25666,10420694764,10420694795,1,"IOTHUB_CLIENT_CONFIRMATION_OK"
25667,10420694965,10420695009,1,"IOTHUB_CLIENT_CONFIRMATION_OK"
25668,10420695165,10420695208,1,"IOTHUB_CLIENT_CONFIRMATION_OK"
25669,10420695365,10420695551,1,"IOTHUB_CLIENT_CONFIRMATION_OK"
25670,10420695565,10420695604,1,"IOTHUB_CLIENT_CONFIRMATION_OK"
25671,10420695765,10420695832,1,"IOTHUB_CLIENT_CONFIRMATION_OK"
25672,10420695965,10420696009,1,"IOTHUB_CLIENT_CONFIRMATION_OK"
25673,10420696166,10420696208,1,"IOTHUB_CLIENT_CONFIRMATION_OK"
25674,10420696366,10420696414,1,"IOTHUB_CLIENT_CONFIRMATION_OK"
25675,10420696566,10420696602,1,"IOTHUB_CLIENT_CONFIRMATION_OK"
25676,10420696766,10420696814,1,"IOTHUB_CLIENT_CONFIRMATION_OK"
25677,10420696966,10420697060,1,"IOTHUB_CLIENT_CONFIRMATION_OK"
25678,10420697166,10420697214,1,"IOTHUB_CLIENT_CONFIRMATION_OK"
25679,10420697367,10420697415,1,"IOTHUB_CLIENT_CONFIRMATION_OK"
25680,10420697567,10420697618,1,"IOTHUB_CLIENT_CONFIRMATION_OK"
25681,10420697767,10420697797,1,"IOTHUB_CLIENT_CONFIRMATION_OK"
25682,10420697967,10420698021,1,"IOTHUB_CLIENT_CONFIRMATION_OK"
25683,10420698167,10420698205,1,"IOTHUB_CLIENT_CONFIRMATION_OK"
25684,10420698367,10420698420,1,"IOTHUB_CLIENT_CONFIRMATION_OK"
25685,10420698567,10420698617,1,"IOTHUB_CLIENT_CONFIRMATION_OK"
25686,10420698768,10420698800,1,"IOTHUB_CLIENT_CONFIRMATION_OK"
25687,10420698968,10420699016,1,"IOTHUB_CLIENT_CONFIRMATION_OK"
25688,10420699168,10420699235,1,"IOTHUB_CLIENT_CONFIRMATION_OK"
25689,10420699368,10420699412,1,"IOTHUB_CLIENT_CONFIRMATION_OK"
25690,10420699568,10420699604,1,"IOTHUB_CLIENT_CONFIRMATION_OK"
25691,10420699768,10420699815,1,"IOTHUB_CLIENT_CONFIRMATION_OK"
25692,10420699969,10420700023,1,"IOTHUB_CLIENT_CONFIRMATION_OK"
25693,10420700169,10420700217,1,"IOTHUB_CLIENT_CONFIRMATION_OK"
25694,10420700369,10420700410,1,"IOTHUB_CLIENT_CONFIRMATION_OK"
25695,10420700569,10420700621,1,"IOTHUB_CLIENT_CONFIRMATION_OK"
25696,10420700769,10420700850,1,"IOTHUB_CLIENT_CONFIRMATION_OK"
25697,10420700969,10420701131,1,"IOTHUB_CLIENT_CONFIRMATION_OK"
25698,10420701170,10420701206,1,"IOTHUB_CLIENT_CONFIRMATION_OK"
25699,10420701370,10420701433,1,"IOTHUB_CLIENT_CONFIRMATION_OK"
25700,10420701570,10420701687,1,"IOTHUB_CLIENT_CONFIRMATION_OK"
25701,10420701770,10420701802,1,"IOTHUB_CLIENT_CONFIRMATION_OK"
25702,10420701970,10420702003,1,"IOTHUB_CLIENT_CONFIRMATION_OK"
25703,10420702170,10420702203,1,"IOTHUB_CLIENT_CONFIRMATION_OK"
25704,10420702370,10420702427,1,"IOTHUB_CLIENT_CONFIRMATION_OK"
25705,10420702571,10420702607,1,"IOTHUB_CLIENT_CONFIRMATION_OK"
25706,10420702771,10420702808,1,"IOTHUB_CLIENT_CONFIRMATION_OK"
25707,10420702971,10420703028,1,"IOTHUB_CLIENT_CONFIRMATION_OK"
25708,10420703171,10420703234,1,"IOTHUB_CLIENT_CONFIRMATION_OK"
25709,10420703371,10420703485,1,"IOTHUB_CLIENT_CONFIRMATION_OK"
25710,10420703571,10420703604,1,"IOTHUB_CLIENT_CONFIRMATION_OK"
25711,10420703772,10420703902,1,"IOTHUB_CLIENT_CONFIRMATION_OK"
25712,10420703972,10420704005,1,"IOTHUB_CLIENT_CONFIRMATION_OK"
25713,10420704172,10420704216,1,"IOTHUB_CLIENT_CONFIRMATION_OK"
25714,10420704372,10420704418,1,"IOTHUB_CLIENT_CONFIRMATION_OK"
25715,10420704572,10420704731,1,"IOTHUB_CLIENT_CONFIRMATION_OK"
25716,10420704772,10420704828,1,"IOTHUB_CLIENT_CONFIRMATION_OK"
25717,10420704973,10420705024,1,"IOTHUB_CLIENT_CONFIRMATION_OK"
25718,10420705173,10420705211,1,"IOTHUB_CLIENT_CONFIRMATION_OK"
25719,10420705373,10420705579,1,"IOTHUB_CLIENT_CONFIRMATION_OK"
25720,10420705573,10420705622,1,"IOTHUB_CLIENT_CONFIRMATION_OK"
25721,10420705773,10420705807,1,"IOTHUB_CLIENT_CONFIRMATION_OK"
25722,10420705973,10420706012,1,"IOTHUB_CLIENT_CONFIRMATION_OK"
25723,10420706173,10420706220,1,"IOTHUB_CLIENT_CONFIRMATION_OK"
25724,10420706374,10420706421,1,"IOTHUB_CLIENT_CONFIRMATION_OK"
25725,10420706574,10420706606,1,"IOTHUB_CLIENT_CONFIRMATION_OK"
25726,10420706774,10420706816,1,"IOTHUB_CLIENT_CONFIRMATION_OK"
25727,10420706974,10420707062,1,"IOTHUB_CLIENT_CONFIRMATION_OK"
25728,10420707174,10420707220,1,"IOTHUB_CLIENT_CONFIRMATION_OK"
25729,10420707374,10420707406,1,"IOTHUB_CLIENT_CONFIRMATION_OK"
25730,10420707575,10420707615,1,"IOTHUB_CLIENT_CONFIRMATION_OK"
25731,10420707775,10420707808,1,"IOTHUB_CLIENT_CONFIRMATION_OK"
25732,10420707975,10420708010,1,"IOTHUB_CLIENT_CONFIRMATION_OK"
25733,10420708175,10420708227,1,"IOTHUB_CLIENT_CONFIRMATION_OK"
25734,10420708375,10420708418,1,"IOTHUB_CLIENT_CONFIRMATION_OK"
25735,10420708575,10420708625,1,"IOTHUB_CLIENT_CONFIRMATION_OK"
25736,10420708775,10420708841,1,"IOTHUB_CLIENT_CONFIRMATION_OK"
25737,10420708976,10420709023,1,"IOTHUB_CLIENT_CONFIRMATION_OK"
25738,10420709176,10420709228,1,"IOTHUB_CLIENT_CONFIRMATION_OK"
25739,10420709376,10420709441,1,"IOTHUB_CLIENT_CONFIRMATION_OK"
25740,10420709576,10420709630,1,"IOTHUB_CLIENT_CONFIRMATION_OK"
25741,10420709776,10420709834,1,"IOTHUB_CLIENT_CONFIRMATION_OK"
25742,10420709976,10420710078,1,"IOTHUB_CLIENT_CONFIRMATION_OK"
25743,10420710177,10420710211,1,"IOTHUB_CLIENT_CONFIRMATION_OK"
25744,10420710377,10420710420,1,"IOTHUB_CLIENT_CONFIRMATION_OK"
25745,10420710577,10420710634,1,"IOTHUB_CLIENT_CONFIRMATION_OK"
25746,10420710777,10420710893,1,"IOTHUB_CLIENT_CONFIRMATION_OK"
25747,10420710977,10420711013,1,"IOTHUB_CLIENT_CONFIRMATION_OK"
25748,10420711177,10420711226,1,"IOTHUB_CLIENT_CONFIRMATION_OK"
25749,10420711378,10420711409,1,"IOTHUB_CLIENT_CONFIRMATION_OK"
25750,10420711578,10420711632,1,"IOTHUB_CLIENT_CONFIRMATION_OK"
25751,10420711778,10420711820,1,"IOTHUB_CLIENT_CONFIRMATION_OK"
25752,10420711978,10420712033,1,"IOTHUB_CLIENT_CONFIRMATION_OK"
25753,10420712178,10420712225,1,"IOTHUB_CLIENT_CONFIRMATION_OK"
25754,10420712378,10420712438,1,"IOTHUB_CLIENT_CONFIRMATION_OK"
25755,10420712578,10420712624,1,"IOTHUB_CLIENT_CONFIRMATION_OK"
25756,10420712779,10420712810,1,"IOTHUB_CLIENT_CONFIRMATION_OK"
25757,10420712979,10420713059,1,"IOTHUB_CLIENT_CONFIRMATION_OK"
25758,10420713179,10420713214,1,"IOTHUB_CLIENT_CONFIRMATION_OK"
25759,10420713379,10420713424,1,"IOTHUB_CLIENT_CONFIRMATION_OK"
25760,10420713579,10420713668,1,"IOTHUB_CLIENT_CONFIRMATION_OK"
25761,10420713779,10420713965,1,"IOTHUB_CLIENT_CONFIRMATION_OK"
25762,10420713979,10420714015,1,"IOTHUB_CLIENT_CONFIRMATION_OK"
25763,10420714180,10420714213,1,"IOTHUB_CLIENT_CONFIRMATION_OK"
25764,10420714380,10420714415,1,"IOTHUB_CLIENT_CONFIRMATION_OK"
25765,10420714580,10420714623,1,"IOTHUB_CLIENT_CONFIRMATION_OK"
25766,10420714780,10420714826,1,"IOTHUB_CLIENT_CONFIRMATION_OK"
25767,10420714980,10420715026,1,"IOTHUB_CLIENT_CONFIRMATION_OK"
25768,10420715180,10420715244,1,"IOTHUB_CLIENT_CONFIRMATION_OK"
25769,10420715381,10420715446,1,"IOTHUB_CLIENT_CONFIRMATION_OK"
25770,10420715581,10420715611,1,"IOTHUB_CLIENT_CONFIRMATION_OK"
25771,10420715781,10420715828,1,"IOTHUB_CLIENT_CONFIRMATION_OK"
25772,10420715981,10420716028,1,"IOTHUB_CLIENT_CONFIRMATION_OK"
25773,10420716181,10420716246,1,"IOTHUB_CLIENT_CONFIRMATION_OK"
25774,10420716381,10420716443,1,"IOTHUB_CLIENT_CONFIRMATION_OK"
25775,10420716582,10420716634,1,"IOTHUB_CLIENT_CONFIRMATION_OK"
25776,10420716782,10420716817,1,"IOTHUB_CLIENT_CONFIRMATION_OK"
25777,10420716982,10420717077,1,"IOTHUB_CLIENT_CONFIRMATION_OK"
25778,10420717182,10420717222,1,"IOTHUB_CLIENT_CONFIRMATION_OK"
25779,10420717382,10420717491,1,"IOTHUB_CLIENT_CONFIRMATION_OK"
25780,10420717582,10420717627,1,"IOTHUB_CLIENT_CONFIRMATION_OK"
25781,10420717782,10420717834,1,"IOTHUB_CLIENT_CONFIRMATION_OK"
25782,10420717983,10420718060,1,"IOTHUB_CLIENT_CONFIRMATION_OK"
25783,10420718183,10420718223,1,"IOTHUB_CLIENT_CONFIRMATION_OK"
25784,10420718383,10420718490,1,"IOTHUB_CLIENT_CONFIRMATION_OK"
25785,10420718583,10420718630,1,"IOTHUB_CLIENT_CONFIRMATION_OK"
25786,10420718783,10420718849,1,"IOTHUB_CLIENT_CONFIRMATION_OK"
25787,10420718983,10420719039,1,"IOTHUB_CLIENT_CONFIRMATION_OK"
25788,10420719184,10420719329,1,"IOTHUB_CLIENT_CONFIRMATION_OK"
25789,10420719384,10420719425,1,"IOTHUB_CLIENT_CONFIRMATION_OK"
25790,10420719584,10420719639,1,"IOTHUB_CLIENT_CONFIRMATION_OK"
25791,10420719784,10420719840,1,"IOTHUB_CLIENT_CONFIRMATION_OK"
25792,10420719984,10420720129,1,"IOTHUB_CLIENT_CONFIRMATION_OK"
25793,10420720184,10420720257,1,"IOTHUB_CLIENT_CONFIRMATION_OK"
25794,10420720384,10420720433,1,"IOTHUB_CLIENT_CONFIRMATION_OK"
25795,10420720585,10420720635,1,"IOTHUB_CLIENT_CONFIRMATION_OK"
25796,10420720785,10420720827,1,"IOTHUB_CLIENT_CONFIRMATION_OK"
25797,10420720985,10420721037,1,"IOTHUB_CLIENT_CONFIRMATION_OK"
25798,10420721185,10420721222,1,"IOTHUB_CLIENT_CONFIRMATION_OK"
25799,10420721385,10420721438,1,"IOTHUB_CLIENT_CONFIRMATION_OK"
25800,10420721585,10420721640,1,"IOTHUB_CLIENT_CONFIRMATION_OK"
25801,10420721786,10420721830,1,"IOTHUB_CLIENT_CONFIRMATION_OK"
25802,10420721986,10420722038,1,"IOTHUB_CLIENT_CONFIRMATION_OK"
25803,10420722186,10420722224,1,"IOTHUB_CLIENT_CONFIRMATION_OK"
25804,10420722386,10420722427,1,"IOTHUB_CLIENT_CONFIRMATION_OK"
25805,10420722586,10420722621,1,"IOTHUB_CLIENT_CONFIRMATION_OK"
25806,10420722786,10420722841,1,"IOTHUB_CLIENT_CONFIRMATION_OK"
25807,10420722987,10420723162,1,"IOTHUB_CLIENT_CONFIRMATION_OK"
25808,10420723187,10420723239,1,"IOTHUB_CLIENT_CONFIRMATION_OK"
25809,10420723387,10420723434,1,"IOTHUB_CLIENT_CONFIRMATION_OK"
25810,10420723587,10420723630,1,"IOTHUB_CLIENT_CONFIRMATION_OK"
25811,10420723787,10420723822,1,"IOTHUB_CLIENT_CONFIRMATION_OK"
25812,10420723987,10420724097,1,"IOTHUB_CLIENT_CONFIRMATION_OK"
25813,10420724188,10420724245,1,"IOTHUB_CLIENT_CONFIRMATION_OK"
25814,10420724388,10420724451,1,"IOTHUB_CLIENT_CONFIRMATION_OK"
25815,10420724588,10420724628,1,"IOTHUB_CLIENT_CONFIRMATION_OK"
25816,10420724788,10420724862,1,"IOTHUB_CLIENT_CONFIRMATION_OK"
25817,10420724988,10420725042,1,"IOTHUB_CLIENT_CONFIRMATION_OK"
25818,10420725188,10420725288,1,"IOTHUB_CLIENT_CONFIRMATION_OK"
25819,10420725388,10420725423,1,"IOTHUB_CLIENT_CONFIRMATION_OK"
25820,10420725589,10420725666,1,"IOTHUB_CLIENT_CONFIRMATION_OK"
25821,10420725789,10420725845,1,"IOTHUB_CLIENT_CONFIRMATION_OK"
25822,10420725989,10420726081,1,"IOTHUB_CLIENT_CONFIRMATION_OK"
25823,10420726189,10420726238,1,"IOTHUB_CLIENT_CONFIRMATION_OK"
25824,10420726389,10420726427,1,"IOTHUB_CLIENT_CONFIRMATION_OK"
25825,10420726589,10420726646,1,"IOTHUB_CLIENT_CONFIRMATION_OK"
25826,10420726790,10420726837,1,"IOTHUB_CLIENT_CONFIRMATION_OK"
25827,10420726990,10420727056,1,"IOTHUB_CLIENT_CONFIRMATION_OK"
25828,10420727190,10420727226,1,"IOTHUB_CLIENT_CONFIRMATION_OK"
25829,10420727390,10420727446,1,"IOTHUB_CLIENT_CONFIRMATION_OK"
25830,10420727590,10420727640,1,"IOTHUB_CLIENT_CONFIRMATION_OK"
25831,10420727790,10420727836,1,"IOTHUB_CLIENT_CONFIRMATION_OK"
25832,10420727990,10420728042,1,"IOTHUB_CLIENT_CONFIRMATION_OK"
25833,10420728191,10420728244,1,"IOTHUB_CLIENT_CONFIRMATION_OK"
25834,10420728391,10420728454,1,"IOTHUB_CLIENT_CONFIRMATION_OK"
25835,10420728591,10420728627,1,"IOTHUB_CLIENT_CONFIRMATION_OK"
25836,10420728791,10420728895,1,"IOTHUB_CLIENT_CONFIRMATION_OK"
25837,10420728991,10420729062,1,"IOTHUB_CLIENT_CONFIRMATION_OK"
25838,10420729191,10420729322,1,"IOTHUB_CLIENT_CONFIRMATION_OK"
25839,10420729392,10420729437,1,"IOTHUB_CLIENT_CONFIRMATION_OK"
25840,10420729592,10420729672,1,"IOTHUB_CLIENT_CONFIRMATION_OK"
25841,10420729792,10420729863,1,"IOTHUB_CLIENT_CONFIRMATION_OK"
25842,10420729992,10420730090,1,"IOTHUB_CLIENT_CONFIRMATION_OK"
25843,10420730192,10420730235,1,"IOTHUB_CLIENT_CONFIRMATION_OK"
25844,10420730392,10420730441,1,"IOTHUB_CLIENT_CONFIRMATION_OK"
25845,10420730592,10420730653,1,"IOTHUB_CLIENT_CONFIRMATION_OK"
25846,10420730793,10420730906,1,"IOTHUB_CLIENT_CONFIRMATION_OK"
25847,10420730993,10420731048,1,"IOTHUB_CLIENT_CONFIRMATION_OK"
25848,10420731193,10420731243,1,"IOTHUB_CLIENT_CONFIRMATION_OK"
25849,10420731393,10420731457,1,"IOTHUB_CLIENT_CONFIRMATION_OK"
25850,10420731593,10420731659,1,"IOTHUB_CLIENT_CONFIRMATION_OK"
25851,10420731793,10420731829,1,"IOTHUB_CLIENT_CONFIRMATION_OK"
25852,10420731994,10420732033,1,"IOTHUB_CLIENT_CONFIRMATION_OK"
25853,10420732194,10420732227,1,"IOTHUB_CLIENT_CONFIRMATION_OK"
25854,10420732394,10420732439,1,"IOTHUB_CLIENT_CONFIRMATION_OK"
25855,10420732594,10420732636,1,"IOTHUB_CLIENT_CONFIRMATION_OK"
25856,10420732794,10420732834,1,"IOTHUB_CLIENT_CONFIRMATION_OK"
25857,10420732994,10420733134,1,"IOTHUB_CLIENT_CONFIRMATION_OK"
25858,10420733194,10420733243,1,"IOTHUB_CLIENT_CONFIRMATION_OK"
25859,10420733395,10420733442,1,"IOTHUB_CLIENT_CONFIRMATION_OK"
25860,10420733595,10420733650,1,"IOTHUB_CLIENT_CONFIRMATION_OK"
25861,10420733795,10420734000,1,"IOTHUB_CLIENT_CONFIRMATION_OK"
25862,10420733995,10420734043,1,"IOTHUB_CLIENT_CONFIRMATION_OK"
25863,10420734195,10420734229,1,"IOTHUB_CLIENT_CONFIRMATION_OK"
25864,10420734395,10420734449,1,"IOTHUB_CLIENT_CONFIRMATION_OK"
25865,10420734596,10420734642,1,"IOTHUB_CLIENT_CONFIRMATION_OK"
25866,10420734796,10420734831,1,"IOTHUB_CLIENT_CONFIRMATION_OK"
25867,10420734996,10420735046,1,"IOTHUB_CLIENT_CONFIRMATION_OK"
25868,10420735196,10420735260,1,"IOTHUB_CLIENT_CONFIRMATION_OK"
25869,10420735396,10420735450,1,"IOTHUB_CLIENT_CONFIRMATION_OK"
25870,10420735596,10420735638,1,"IOTHUB_CLIENT_CONFIRMATION_OK"
25871,10420735797,10420735847,1,"IOTHUB_CLIENT_CONFIRMATION_OK"
25872,10420735997,10420736046,1,"IOTHUB_CLIENT_CONFIRMATION_OK"
25873,10420736197,10420736364,1,"IOTHUB_CLIENT_CONFIRMATION_OK"
25874,10420736397,10420736448,1,"IOTHUB_CLIENT_CONFIRMATION_OK"
25875,10420736597,10420736632,1,"IOTHUB_CLIENT_CONFIRMATION_OK"
25876,10420736797,10420736845,1,"IOTHUB_CLIENT_CONFIRMATION_OK"
25877,10420736997,10420737034,1,"IOTHUB_CLIENT_CONFIRMATION_OK"
25878,10420737198,10420737237,1,"IOTHUB_CLIENT_CONFIRMATION_OK"
25879,10420737398,10420737450,1,"IOTHUB_CLIENT_CONFIRMATION_OK"
25880,10420737598,10420737649,1,"IOTHUB_CLIENT_CONFIRMATION_OK"
25881,10420737798,10420737845,1,"IOTHUB_CLIENT_CONFIRMATION_OK"
25882,10420737998,10420738061,1,"IOTHUB_CLIENT_CONFIRMATION_OK"
25883,10420738198,10420738254,1,"IOTHUB_CLIENT_CONFIRMATION_OK"
25884,10420738399,10420738461,1,"IOTHUB_CLIENT_CONFIRMATION_OK"
25885,10420738599,10420738664,1,"IOTHUB_CLIENT_CONFIRMATION_OK"
25886,10420738799,10420738890,1,"IOTHUB_CLIENT_CONFIRMATION_OK"
25887,10420738999,10420739071,1,"IOTHUB_CLIENT_CONFIRMATION_OK"
25888,10420739199,10420739270,1,"IOTHUB_CLIENT_CONFIRMATION_OK"
25889,10420739399,10420739455,1,"IOTHUB_CLIENT_CONFIRMATION_OK"
25890,10420739599,10420739648,1,"IOTHUB_CLIENT_CONFIRMATION_OK"
25891,10420739800,10420739860,1,"IOTHUB_CLIENT_CONFIRMATION_OK"
25892,10420740000,10420740082,1,"IOTHUB_CLIENT_CONFIRMATION_OK"
25893,10420740200,10420740274,1,"IOTHUB_CLIENT_CONFIRMATION_OK"
25894,10420740400,10420740450,1,"IOTHUB_CLIENT_CONFIRMATION_OK"
25895,10420740600,10420740655,1,"IOTHUB_CLIENT_CONFIRMATION_OK"
25896,10420740800,10420740897,1,"IOTHUB_CLIENT_CONFIRMATION_OK"
25897,10420741000,10420741053,1,"IOTHUB_CLIENT_CONFIRMATION_OK"
25898,10420741201,10420741263,1,"IOTHUB_CLIENT_CONFIRMATION_OK"
25899,10420741401,10420741455,1,"IOTHUB_CLIENT_CONFIRMATION_OK"
25900,10420741601,10420741650,1,"IOTHUB_CLIENT_CONFIRMATION_OK"
25901,10420741801,10420741839,1,"IOTHUB_CLIENT_CONFIRMATION_OK"
25902,10420742001,10420742050,1,"IOTHUB_CLIENT_CONFIRMATION_OK"
25903,10420742201,10420742250,1,"IOTHUB_CLIENT_CONFIRMATION_OK"
25904,10420742402,10420742455,1,"IOTHUB_CLIENT_CONFIRMATION_OK"
25905,10420742602,10420742648,1,"IOTHUB_CLIENT_CONFIRMATION_OK"
25906,10420742802,10420742860,1,"IOTHUB_CLIENT_CONFIRMATION_OK"
25907,10420743002,10420743130,1,"IOTHUB_CLIENT_CONFIRMATION_OK"
25908,10420743202,10420743240,1,"IOTHUB_CLIENT_CONFIRMATION_OK"
25909,10420743402,10420743532,1,"IOTHUB_CLIENT_CONFIRMATION_OK"
25910,10420743602,10420743636,1,"IOTHUB_CLIENT_CONFIRMATION_OK"
25911,10420743803,10420743941,1,"IOTHUB_CLIENT_CONFIRMATION_OK"
25912,10420744003,10420744058,1,"IOTHUB_CLIENT_CONFIRMATION_OK"
25913,10420744203,10420744252,1,"IOTHUB_CLIENT_CONFIRMATION_OK"
25914,10420744403,10420744454,1,"IOTHUB_CLIENT_CONFIRMATION_OK"
25915,10420744603,10420744791,1,"IOTHUB_CLIENT_CONFIRMATION_OK"
25916,10420744803,10420744843,1,"IOTHUB_CLIENT_CONFIRMATION_OK"
25917,10420745004,10420745060,1,"IOTHUB_CLIENT_CONFIRMATION_OK"
25918,10420745204,10420745264,1,"IOTHUB_CLIENT_CONFIRMATION_OK"
25919,10420745404,10420745466,1,"IOTHUB_CLIENT_CONFIRMATION_OK"
25920,10420745604,10420745650,1,"IOTHUB_CLIENT_CONFIRMATION_OK"
25921,10420745804,10420745851,1,"IOTHUB_CLIENT_CONFIRMATION_OK"
25922,10420746004,10420746055,1,"IOTHUB_CLIENT_CONFIRMATION_OK"
25923,10420746204,10420746240,1,"IOTHUB_CLIENT_CONFIRMATION_OK"
25924,10420746405,10420746502,1,"IOTHUB_CLIENT_CONFIRMATION_OK"
25925,10420746605,10420746643,1,"IOTHUB_CLIENT_CONFIRMATION_OK"
25926,10420746805,10420746881,1,"IOTHUB_CLIENT_CONFIRMATION_OK"
25927,10420747005,10420747084,1,"IOTHUB_CLIENT_CONFIRMATION_OK"
25928,10420747205,10420747262,1,"IOTHUB_CLIENT_CONFIRMATION_OK"
25929,10420747405,10420747461,1,"IOTHUB_CLIENT_CONFIRMATION_OK"
25930,10420747606,10420747700,1,"IOTHUB_CLIENT_CONFIRMATION_OK"
25931,10420747806,10420747869,1,"IOTHUB_CLIENT_CONFIRMATION_OK"
25932,10420748006,10420748056,1,"IOTHUB_CLIENT_CONFIRMATION_OK"
25933,10420748206,10420748246,1,"IOTHUB_CLIENT_CONFIRMATION_OK"
25934,10420748406,10420748535,1,"IOTHUB_CLIENT_CONFIRMATION_OK"
25935,10420748606,10420748659,1,"IOTHUB_CLIENT_CONFIRMATION_OK"
25936,10420748807,10420748850,1,"IOTHUB_CLIENT_CONFIRMATION_OK"
25937,10420749007,10420749060,1,"IOTHUB_CLIENT_CONFIRMATION_OK"
25938,10420749207,10420749348,1,"IOTHUB_CLIENT_CONFIRMATION_OK"
25939,10420749407,10420749451,1,"IOTHUB_CLIENT_CONFIRMATION_OK"
25940,10420749607,10420749651,1,"IOTHUB_CLIENT_CONFIRMATION_OK"
25941,10420749807,10420749858,1,"IOTHUB_CLIENT_CONFIRMATION_OK"
25942,10420750007,10420750076,1,"IOTHUB_CLIENT_CONFIRMATION_OK"
25943,10420750208,10420750255,1,"IOTHUB_CLIENT_CONFIRMATION_OK"
25944,10420750408,10420750469,1,"IOTHUB_CLIENT_CONFIRMATION_OK"
25945,10420750608,10420750644,1,"IOTHUB_CLIENT_CONFIRMATION_OK"
25946,10420750808,10420750872,1,"IOTHUB_CLIENT_CONFIRMATION_OK"
25947,10420751008,10420751058,1,"IOTHUB_CLIENT_CONFIRMATION_OK"
25948,10420751208,10420751293,1,"IOTHUB_CLIENT_CONFIRMATION_OK"
25949,10420751409,10420751472,1,"IOTHUB_CLIENT_CONFIRMATION_OK"
25950,10420751609,10420751669,1,"IOTHUB_CLIENT_CONFIRMATION_OK"
25951,10420751809,10420751846,1,"IOTHUB_CLIENT_CONFIRMATION_OK"
25952,10420752009,10420752054,1,"IOTHUB_CLIENT_CONFIRMATION_OK"
25953,10420752209,10420752358,1,"IOTHUB_CLIENT_CONFIRMATION_OK"
25954,10420752409,10420752455,1,"IOTHUB_CLIENT_CONFIRMATION_OK"
25955,10420752610,10420752685,1,"IOTHUB_CLIENT_CONFIRMATION_OK"
25956,10420752810,10420752859,1,"IOTHUB_CLIENT_CONFIRMATION_OK"
25957,10420753010,10420753069,1,"IOTHUB_CLIENT_CONFIRMATION_OK"
25958,10420753210,10420753246,1,"IOTHUB_CLIENT_CONFIRMATION_OK"
25959,10420753410,10420753477,1,"IOTHUB_CLIENT_CONFIRMATION_OK"
25960,10420753610,10420753644,1,"IOTHUB_CLIENT_CONFIRMATION_OK"
25961,10420753810,10420753874,1,"IOTHUB_CLIENT_CONFIRMATION_OK"
25962,10420754011,10420754070,1,"IOTHUB_CLIENT_CONFIRMATION_OK"
25963,10420754211,10420754250,1,"IOTHUB_CLIENT_CONFIRMATION_OK"
25964,10420754411,10420754457,1,"IOTHUB_CLIENT_CONFIRMATION_OK"
25965,10420754611,10420754727,1,"IOTHUB_CLIENT_CONFIRMATION_OK"
25966,10420754811,10420754851,1,"IOTHUB_CLIENT_CONFIRMATION_OK"
25967,10420755011,10420755052,1,"IOTHUB_CLIENT_CONFIRMATION_OK"
25968,10420755211,10420755270,1,"IOTHUB_CLIENT_CONFIRMATION_OK"
25969,10420755412,10420755462,1,"IOTHUB_CLIENT_CONFIRMATION_OK"
25970,10420755612,10420755649,1,"IOTHUB_CLIENT_CONFIRMATION_OK"
25971,10420755812,10420755850,1,"IOTHUB_CLIENT_CONFIRMATION_OK"
25972,10420756012,10420756055,1,"IOTHUB_CLIENT_CONFIRMATION_OK"
25973,10420756212,10420756269,1,"IOTHUB_CLIENT_CONFIRMATION_OK"
25974,10420756412,10420756475,1,"IOTHUB_CLIENT_CONFIRMATION_OK"
25975,10420756613,10420756665,1,"IOTHUB_CLIENT_CONFIRMATION_OK"
25976,10420756813,10420756948,1,"IOTHUB_CLIENT_CONFIRMATION_OK"
25977,10420757013,10420757066,1,"IOTHUB_CLIENT_CONFIRMATION_OK"
25978,10420757213,10420757261,1,"IOTHUB_CLIENT_CONFIRMATION_OK"
25979,10420757413,10420757465,1,"IOTHUB_CLIENT_CONFIRMATION_OK"
25980,10420757613,10420757773,1,"IOTHUB_CLIENT_CONFIRMATION_OK"
25981,10420757814,10420757894,1,"IOTHUB_CLIENT_CONFIRMATION_OK"
25982,10420758014,10420758068,1,"IOTHUB_CLIENT_CONFIRMATION_OK"
25983,10420758214,10420758259,1,"IOTHUB_CLIENT_CONFIRMATION_OK"
25984,10420758414,10420758572,1,"IOTHUB_CLIENT_CONFIRMATION_OK"
25985,10420758614,10420758647,1,"IOTHUB_CLIENT_CONFIRMATION_OK"
25986,10420758814,10420758849,1,"IOTHUB_CLIENT_CONFIRMATION_OK"
25987,10420759015,10420759053,1,"IOTHUB_CLIENT_CONFIRMATION_OK"
25988,10420759215,10420759261,1,"IOTHUB_CLIENT_CONFIRMATION_OK"
25989,10420759415,10420759445,1,"IOTHUB_CLIENT_CONFIRMATION_OK"
25990,10420759615,10420759652,1,"IOTHUB_CLIENT_CONFIRMATION_OK"
25991,10420759815,10420759864,1,"IOTHUB_CLIENT_CONFIRMATION_OK"
25992,10420760015,10420760051,1,"IOTHUB_CLIENT_CONFIRMATION_OK"
25993,10420760215,10420760289,1,"IOTHUB_CLIENT_CONFIRMATION_OK"
25994,10420760416,10420760574,1,"IOTHUB_CLIENT_CONFIRMATION_OK"
25995,10420760616,10420760686,1,"IOTHUB_CLIENT_CONFIRMATION_OK"
25996,10420760816,10420760865,1,"IOTHUB_CLIENT_CONFIRMATION_OK"
25997,10420761016,10420761085,1,"IOTHUB_CLIENT_CONFIRMATION_OK"
25998,10420761216,10420761257,1,"IOTHUB_CLIENT_CONFIRMATION_OK"
25999,10420761416,10420761517,1,"IOTHUB_CLIENT_CONFIRMATION_OK"
26000,10420761617,10420761685,1,"IOTHUB_CLIENT_CONFIRMATION_OK"
26001,10420761817,10420761864,1,"IOTHUB_CLIENT_CONFIRMATION_OK"
26002,10420762017,10420762049,1,"IOTHUB_CLIENT_CONFIRMATION_OK"
26003,10420762217,10420762263,1,"IOTHUB_CLIENT_CONFIRMATION_OK"
26004,10420762417,10420762458,1,"IOTHUB_CLIENT_CONFIRMATION_OK"
26005,10420762617,10420762684,1,"IOTHUB_CLIENT_CONFIRMATION_OK"
26006,10420762818,10420762870,1,"IOTHUB_CLIENT_CONFIRMATION_OK"
26007,10420763018,10420763063,1,"IOTHUB_CLIENT_CONFIRMATION_OK"
26008,10420763218,10420763264,1,"IOTHUB_CLIENT_CONFIRMATION_OK"
26009,10420763418,10420763457,1,"IOTHUB_CLIENT_CONFIRMATION_OK"
26010,10420763618,10420763677,1,"IOTHUB_CLIENT_CONFIRMATION_OK"
26011,10420763818,10420763891,1,"IOTHUB_CLIENT_CONFIRMATION_OK"
26012,10420764019,10420764053,1,"IOTHUB_CLIENT_CONFIRMATION_OK"
26013,10420764219,10420764273,1,"IOTHUB_CLIENT_CONFIRMATION_OK"
26014,10420764419,10420764450,1,"IOTHUB_CLIENT_CONFIRMATION_OK"
26015,10420764619,10420764701,1,"IOTHUB_CLIENT_CONFIRMATION_OK"
26016,10420764819,10420764860,1,"IOTHUB_CLIENT_CONFIRMATION_OK"
26017,10420765019,10420765093,1,"IOTHUB_CLIENT_CONFIRMATION_OK"
26018,10420765219,10420765259,1,"IOTHUB_CLIENT_CONFIRMATION_OK"
26019,10420765420,10420765500,1,"IOTHUB_CLIENT_CONFIRMATION_OK"
26020,10420765620,10420765682,1,"IOTHUB_CLIENT_CONFIRMATION_OK"
26021,10420765820,10420765916,1,"IOTHUB_CLIENT_CONFIRMATION_OK"
26022,10420766020,10420766072,1,"IOTHUB_CLIENT_CONFIRMATION_OK"
26023,10420766220,10420766260,1,"IOTHUB_CLIENT_CONFIRMATION_OK"
26024,10420766420,10420766485,1,"IOTHUB_CLIENT_CONFIRMATION_OK"
26025,10420766621,10420766669,1,"IOTHUB_CLIENT_CONFIRMATION_OK"
26026,10420766821,10420766912,1,"IOTHUB_CLIENT_CONFIRMATION_OK"
26027,10420767021,10420767122,1,"IOTHUB_CLIENT_CONFIRMATION_OK"
26028,10420767221,10420767274,1,"IOTHUB_CLIENT_CONFIRMATION_OK"
26029,10420767421,10420767466,1,"IOTHUB_CLIENT_CONFIRMATION_OK"
26030,10420767621,10420767815,1,"IOTHUB_CLIENT_CONFIRMATION_OK"
26031,10420767821,10420767877,1,"IOTHUB_CLIENT_CONFIRMATION_OK"
26032,10420768022,10420768062,1,"IOTHUB_CLIENT_CONFIRMATION_OK"
26033,10420768222,10420768288,1,"IOTHUB_CLIENT_CONFIRMATION_OK"
26034,10420768422,10420768482,1,"IOTHUB_CLIENT_CONFIRMATION_OK"
26035,10420768622,10420768664,1,"IOTHUB_CLIENT_CONFIRMATION_OK"
26036,10420768822,10420768863,1,"IOTHUB_CLIENT_CONFIRMATION_OK"
26037,10420769022,10420769119,1,"IOTHUB_CLIENT_CONFIRMATION_OK"
26038,10420769223,10420769401,1,"IOTHUB_CLIENT_CONFIRMATION_OK"
26039,10420769423,10420769457,1,"IOTHUB_CLIENT_CONFIRMATION_OK"
26040,10420769623,10420769654,1,"IOTHUB_CLIENT_CONFIRMATION_OK"
26041,10420769823,10420769858,1,"IOTHUB_CLIENT_CONFIRMATION_OK"
26042,10420770023,10420770116,1,"IOTHUB_CLIENT_CONFIRMATION_OK"
26043,10420770223,10420770278,1,"IOTHUB_CLIENT_CONFIRMATION_OK"
26044,10420770424,10420770457,1,"IOTHUB_CLIENT_CONFIRMATION_OK"
26045,10420770624,10420770686,1,"IOTHUB_CLIENT_CONFIRMATION_OK"
26046,10420770824,10420770856,1,"IOTHUB_CLIENT_CONFIRMATION_OK"
26047,10420771024,10420771085,1,"IOTHUB_CLIENT_CONFIRMATION_OK"
26048,10420771224,10420771264,1,"IOTHUB_CLIENT_CONFIRMATION_OK"
26049,10420771424,10420771468,1,"IOTHUB_CLIENT_CONFIRMATION_OK"
26050,10420771625,10420771688,1,"IOTHUB_CLIENT_CONFIRMATION_OK"
26051,10420771825,10420771873,1,"IOTHUB_CLIENT_CONFIRMATION_OK"
26052,10420772025,10420772056,1,"IOTHUB_CLIENT_CONFIRMATION_OK"
26053,10420772225,10420772320,1,"IOTHUB_CLIENT_CONFIRMATION_OK"
26054,10420772425,10420772468,1,"IOTHUB_CLIENT_CONFIRMATION_OK"
26055,10420772625,10420772669,1,"IOTHUB_CLIENT_CONFIRMATION_OK"
26056,10420772825,10420772865,1,"IOTHUB_CLIENT_CONFIRMATION_OK"
26057,10420773026,10420773070,1,"IOTHUB_CLIENT_CONFIRMATION_OK"
26058,10420773226,10420773282,1,"IOTHUB_CLIENT_CONFIRMATION_OK"
26059,10420773426,10420773465,1,"IOTHUB_CLIENT_CONFIRMATION_OK"
26060,10420773626,10420773661,1,"IOTHUB_CLIENT_CONFIRMATION_OK"
26061,10420773826,10420773927,1,"IOTHUB_CLIENT_CONFIRMATION_OK"
26062,10420774026,10420774057,1,"IOTHUB_CLIENT_CONFIRMATION_OK"
26063,10420774227,10420774272,1,"IOTHUB_CLIENT_CONFIRMATION_OK"
26064,10420774427,10420774468,1,"IOTHUB_CLIENT_CONFIRMATION_OK"
26065,10420774627,10420774669,1,"IOTHUB_CLIENT_CONFIRMATION_OK"
26066,10420774827,10420774864,1,"IOTHUB_CLIENT_CONFIRMATION_OK"
26067,10420775027,10420775080,1,"IOTHUB_CLIENT_CONFIRMATION_OK"
26068,10420775227,10420775303,1,"IOTHUB_CLIENT_CONFIRMATION_OK"
26069,10420775427,10420775469,1,"IOTHUB_CLIENT_CONFIRMATION_OK"
26070,10420775628,10420775678,1,"IOTHUB_CLIENT_CONFIRMATION_OK"
26071,10420775828,10420775865,1,"IOTHUB_CLIENT_CONFIRMATION_OK"
26072,10420776028,10420776064,1,"IOTHUB_CLIENT_CONFIRMATION_OK"
26073,10420776228,10420776263,1,"IOTHUB_CLIENT_CONFIRMATION_OK"
26074,10420776428,10420776460,1,"IOTHUB_CLIENT_CONFIRMATION_OK"
26075,10420776628,10420776661,1,"IOTHUB_CLIENT_CONFIRMATION_OK"
26076,10420776829,10420776991,1,"IOTHUB_CLIENT_CONFIRMATION_OK"
26077,10420777029,10420777073,1,"IOTHUB_CLIENT_CONFIRMATION_OK"
26078,10420777229,10420777288,1,"IOTHUB_CLIENT_CONFIRMATION_OK"
26079,10420777429,10420777475,1,"IOTHUB_CLIENT_CONFIRMATION_OK"
26080,10420777629,10420777685,1,"IOTHUB_CLIENT_CONFIRMATION_OK"
26081,10420777829,10420777864,1,"IOTHUB_CLIENT_CONFIRMATION_OK"
26082,10420778029,10420778080,1,"IOTHUB_CLIENT_CONFIRMATION_OK"
26083,10420778230,10420778261,1,"IOTHUB_CLIENT_CONFIRMATION_OK"
26084,10420778430,10420778481,1,"IOTHUB_CLIENT_CONFIRMATION_OK"
26085,10420778630,10420778669,1,"IOTHUB_CLIENT_CONFIRMATION_OK"
26086,10420778830,10420778877,1,"IOTHUB_CLIENT_CONFIRMATION_OK"
26087,10420779030,10420779062,1,"IOTHUB_CLIENT_CONFIRMATION_OK"
26088,10420779230,10420779276,1,"IOTHUB_CLIENT_CONFIRMATION_OK"
26089,10420779431,10420779462,1,"IOTHUB_CLIENT_CONFIRMATION_OK"
26090,10420779631,10420779702,1,"IOTHUB_CLIENT_CONFIRMATION_OK"
26091,10420779831,10420779877,1,"IOTHUB_CLIENT_CONFIRMATION_OK"
26092,10420780031,10420780166,1,"IOTHUB_CLIENT_CONFIRMATION_OK"
26093,10420780231,10420780277,1,"IOTHUB_CLIENT_CONFIRMATION_OK"
26094,10420780431,10420780479,1,"IOTHUB_CLIENT_CONFIRMATION_OK"
26095,10420780631,10420780661,1,"IOTHUB_CLIENT_CONFIRMATION_OK"
26096,10420780832,10420780876,1,"IOTHUB_CLIENT_CONFIRMATION_OK"
26097,10420781032,10420781073,1,"IOTHUB_CLIENT_CONFIRMATION_OK"
26098,10420781232,10420781277,1,"IOTHUB_CLIENT_CONFIRMATION_OK"
26099,10420781432,10420781463,1,"IOTHUB_CLIENT_CONFIRMATION_OK"
26100,10420781632,10420781668,1,"IOTHUB_CLIENT_CONFIRMATION_OK"
26101,10420781832,10420781867,1,"IOTHUB_CLIENT_CONFIRMATION_OK"
26102,10420782033,10420782080,1,"IOTHUB_CLIENT_CONFIRMATION_OK"
26103,10420782233,10420782295,1,"IOTHUB_CLIENT_CONFIRMATION_OK"
26104,10420782433,10420782471,1,"IOTHUB_CLIENT_CONFIRMATION_OK"
26105,10420782633,10420782681,1,"IOTHUB_CLIENT_CONFIRMATION_OK"
26106,10420782833,10420782894,1,"IOTHUB_CLIENT_CONFIRMATION_OK"
26107,10420783033,10420783129,1,"IOTHUB_CLIENT_CONFIRMATION_OK"
26108,10420783234,10420783266,1,"IOTHUB_CLIENT_CONFIRMATION_OK"
26109,10420783434,10420783469,1,"IOTHUB_CLIENT_CONFIRMATION_OK"
26110,10420783634,10420783685,1,"IOTHUB_CLIENT_CONFIRMATION_OK"
26111,10420783834,10420783907,1,"IOTHUB_CLIENT_CONFIRMATION_OK"
26112,10420784034,10420784098,1,"IOTHUB_CLIENT_CONFIRMATION_OK"
26113,10420784234,10420784336,1,"IOTHUB_CLIENT_CONFIRMATION_OK"
26114,10420784434,10420784480,1,"IOTHUB_CLIENT_CONFIRMATION_OK"
26115,10420784635,10420784723,1,"IOTHUB_CLIENT_CONFIRMATION_OK"
26116,10420784835,10420784865,1,"IOTHUB_CLIENT_CONFIRMATION_OK"
26117,10420785035,10420785083,1,"IOTHUB_CLIENT_CONFIRMATION_OK"
26118,10420785235,10420785284,1,"IOTHUB_CLIENT_CONFIRMATION_OK"
26119,10420785435,10420785466,1,"IOTHUB_CLIENT_CONFIRMATION_OK"
26120,10420785635,10420785666,1,"IOTHUB_CLIENT_CONFIRMATION_OK"
26121,10420785836,10420785890,1,"IOTHUB_CLIENT_CONFIRMATION_OK"
26122,10420786036,10420786071,1,"IOTHUB_CLIENT_CONFIRMATION_OK"
26123,10420786236,10420786270,1,"IOTHUB_CLIENT_CONFIRMATION_OK"
26124,10420786436,10420786487,1,"IOTHUB_CLIENT_CONFIRMATION_OK"
26125,10420786636,10420786691,1,"IOTHUB_CLIENT_CONFIRMATION_OK"
26126,10420786836,10420786984,1,"IOTHUB_CLIENT_CONFIRMATION_OK"
26127,10420787037,10420787073,1,"IOTHUB_CLIENT_CONFIRMATION_OK"
26128,10420787237,10420787272,1,"IOTHUB_CLIENT_CONFIRMATION_OK"
26129,10420787437,10420787506,1,"IOTHUB_CLIENT_CONFIRMATION_OK"
26130,10420787637,10420787784,1,"IOTHUB_CLIENT_CONFIRMATION_OK"
26131,10420787837,10420787885,1,"IOTHUB_CLIENT_CONFIRMATION_OK"
26132,10420788037,10420788072,1,"IOTHUB_CLIENT_CONFIRMATION_OK"
26133,10420788237,10420788281,1,"IOTHUB_CLIENT_CONFIRMATION_OK"
26134,10420788438,10420788511,1,"IOTHUB_CLIENT_CONFIRMATION_OK"
26135,10420788638,10420788686,1,"IOTHUB_CLIENT_CONFIRMATION_OK"
26136,10420788838,10420788914,1,"IOTHUB_CLIENT_CONFIRMATION_OK"
26137,10420789038,10420789072,1,"IOTHUB_CLIENT_CONFIRMATION_OK"
26138,10420789238,10420789295,1,"IOTHUB_CLIENT_CONFIRMATION_OK"
26139,10420789438,10420789486,1,"IOTHUB_CLIENT_CONFIRMATION_OK"
26140,10420789639,10420789676,1,"IOTHUB_CLIENT_CONFIRMATION_OK"
26141,10420789839,10420789887,1,"IOTHUB_CLIENT_CONFIRMATION_OK"
26142,10420790039,10420790074,1,"IOTHUB_CLIENT_CONFIRMATION_OK"
26143,10420790239,10420790294,1,"IOTHUB_CLIENT_CONFIRMATION_OK"
26144,10420790439,10420790501,1,"IOTHUB_CLIENT_CONFIRMATION_OK"
26145,10420790639,10420790779,1,"IOTHUB_CLIENT_CONFIRMATION_OK"
26146,10420790839,10420790946,1,"IOTHUB_CLIENT_CONFIRMATION_OK"
26147,10420791040,10420791115,1,"IOTHUB_CLIENT_CONFIRMATION_OK"
26148,10420791240,10420791292,1,"IOTHUB_CLIENT_CONFIRMATION_OK"
26149,10420791440,10420791651,1,"IOTHUB_CLIENT_CONFIRMATION_OK"
26150,10420791640,10420791707,1,"IOTHUB_CLIENT_CONFIRMATION_OK"
26151,10420791840,10420791882,1,"IOTHUB_CLIENT_CONFIRMATION_OK"
26152,10420792040,10420792106,1,"IOTHUB_CLIENT_CONFIRMATION_OK"
26153,10420792240,10420792410,1,"IOTHUB_CLIENT_CONFIRMATION_OK"
26154,10420792441,10420792510,1,"IOTHUB_CLIENT_CONFIRMATION_OK"
26155,10420792641,10420792688,1,"IOTHUB_CLIENT_CONFIRMATION_OK"
26156,10420792841,10420792887,1,"IOTHUB_CLIENT_CONFIRMATION_OK"
26157,10420793041,10420793237,1,"IOTHUB_CLIENT_CONFIRMATION_OK"
26158,10420793241,10420793273,1,"IOTHUB_CLIENT_CONFIRMATION_OK"
26159,10420793441,10420793472,1,"IOTHUB_CLIENT_CONFIRMATION_OK"
26160,10420793642,10420793689,1,"IOTHUB_CLIENT_CONFIRMATION_OK"
26161,10420793842,10420793908,1,"IOTHUB_CLIENT_CONFIRMATION_OK"
26162,10420794042,10420794096,1,"IOTHUB_CLIENT_CONFIRMATION_OK"
26163,10420794242,10420794273,1,"IOTHUB_CLIENT_CONFIRMATION_OK"
26164,10420794442,10420794477,1,"IOTHUB_CLIENT_CONFIRMATION_OK"
26165,10420794642,10420794681,1,"IOTHUB_CLIENT_CONFIRMATION_OK"
26166,10420794842,10420794872,1,"IOTHUB_CLIENT_CONFIRMATION_OK"
26167,10420795043,10420795106,1,"IOTHUB_CLIENT_CONFIRMATION_OK"
26168,10420795243,10420795275,1,"IOTHUB_CLIENT_CONFIRMATION_OK"
26169,10420795443,10420795475,1,"IOTHUB_CLIENT_CONFIRMATION_OK"
26170,10420795643,10420795695,1,"IOTHUB_CLIENT_CONFIRMATION_OK"
26171,10420795843,10420795880,1,"IOTHUB_CLIENT_CONFIRMATION_OK"
26172,10420796043,10420796233,1,"IOTHUB_CLIENT_CONFIRMATION_OK"
26173,10420796244,10420796288,1,"IOTHUB_CLIENT_CONFIRMATION_OK"
26174,10420796444,10420796537,1,"IOTHUB_CLIENT_CONFIRMATION_OK"
26175,10420796644,10420796680,1,"IOTHUB_CLIENT_CONFIRMATION_OK"
26176,10420796844,10420796898,1,"IOTHUB_CLIENT_CONFIRMATION_OK"
26177,10420797044,10420797170,1,"IOTHUB_CLIENT_CONFIRMATION_OK"
26178,10420797244,10420797383,1,"IOTHUB_CLIENT_CONFIRMATION_OK"
26179,10420797445,10420797497,1,"IOTHUB_CLIENT_CONFIRMATION_OK"
26180,10420797645,10420797796,1,"IOTHUB_CLIENT_CONFIRMATION_OK"
26181,10420797845,10420797875,1,"IOTHUB_CLIENT_CONFIRMATION_OK"
26182,10420798045,10420798075,1,"IOTHUB_CLIENT_CONFIRMATION_OK"
26183,10420798245,10420798312,1,"IOTHUB_CLIENT_CONFIRMATION_OK"
26184,10420798445,10420798587,1,"IOTHUB_CLIENT_CONFIRMATION_OK"
26185,10420798645,10420798715,1,"IOTHUB_CLIENT_CONFIRMATION_OK"
26186,10420798846,10420798894,1,"IOTHUB_CLIENT_CONFIRMATION_OK"
26187,10420799046,10420799085,1,"IOTHUB_CLIENT_CONFIRMATION_OK"
26188,10420799246,10420799294,1,"IOTHUB_CLIENT_CONFIRMATION_OK"
26189,10420799446,10420799493,1,"IOTHUB_CLIENT_CONFIRMATION_OK"
26190,10420799646,10420799684,1,"IOTHUB_CLIENT_CONFIRMATION_OK"
26191,10420799846,10420799881,1,"IOTHUB_CLIENT_CONFIRMATION_OK"
26192,10420800047,10420800080,1,"IOTHUB_CLIENT_CONFIRMATION_OK"
26193,10420800247,10420800293,1,"IOTHUB_CLIENT_CONFIRMATION_OK"
26194,10420800447,10420800493,1,"IOTHUB_CLIENT_CONFIRMATION_OK"
26195,10420800647,10420800686,1,"IOTHUB_CLIENT_CONFIRMATION_OK"
26196,10420800847,10420800895,1,"IOTHUB_CLIENT_CONFIRMATION_OK"
26197,10420801047,10420801138,1,"IOTHUB_CLIENT_CONFIRMATION_OK"
26198,10420801247,10420801292,1,"IOTHUB_CLIENT_CONFIRMATION_OK"
26199,10420801448,10420801646,1,"IOTHUB_CLIENT_CONFIRMATION_OK"
26200,10420801648,10420801691,1,"IOTHUB_CLIENT_CONFIRMATION_OK"
26201,10420801848,10420801881,1,"IOTHUB_CLIENT_CONFIRMATION_OK"
26202,10420802048,10420802083,1,"IOTHUB_CLIENT_CONFIRMATION_OK"
26203,10420802248,10420802304,1,"IOTHUB_CLIENT_CONFIRMATION_OK"
26204,10420802448,10420802494,1,"IOTHUB_CLIENT_CONFIRMATION_OK"
26205,10420802649,10420802702,1,"IOTHUB_CLIENT_CONFIRMATION_OK"
26206,10420802849,10420802888,1,"IOTHUB_CLIENT_CONFIRMATION_OK"
26207,10420803049,10420803167,1,"IOTHUB_CLIENT_CONFIRMATION_OK"
26208,10420803249,10420803285,1,"IOTHUB_CLIENT_CONFIRMATION_OK"
26209,10420803449,10420803486,1,"IOTHUB_CLIENT_CONFIRMATION_OK"
26210,10420803649,10420803685,1,"IOTHUB_CLIENT_CONFIRMATION_OK"
26211,10420803849,10420803928,1,"IOTHUB_CLIENT_CONFIRMATION_OK"
26212,10420804050,10420804086,1,"IOTHUB_CLIENT_CONFIRMATION_OK"
26213,10420804250,10420804283,1,"IOTHUB_CLIENT_CONFIRMATION_OK"
26214,10420804450,10420804488,1,"IOTHUB_CLIENT_CONFIRMATION_OK"
26215,10420804650,10420804681,1,"IOTHUB_CLIENT_CONFIRMATION_OK"
26216,10420804850,10420804887,1,"IOTHUB_CLIENT_CONFIRMATION_OK"
26217,10420805050,10420805103,1,"IOTHUB_CLIENT_CONFIRMATION_OK"
26218,10420805251,10420805329,1,"IOTHUB_CLIENT_CONFIRMATION_OK"
26219,10420805451,10420805490,1,"IOTHUB_CLIENT_CONFIRMATION_OK"
26220,10420805651,10420805684,1,"IOTHUB_CLIENT_CONFIRMATION_OK"
26221,10420805851,10420805901,1,"IOTHUB_CLIENT_CONFIRMATION_OK"
26222,10420806051,10420806170,1,"IOTHUB_CLIENT_CONFIRMATION_OK"
26223,10420806251,10420806283,1,"IOTHUB_CLIENT_CONFIRMATION_OK"
26224,10420806451,10420806483,1,"IOTHUB_CLIENT_CONFIRMATION_OK"
26225,10420806652,10420806745,1,"IOTHUB_CLIENT_CONFIRMATION_OK"
26226,10420806852,10420807000,1,"IOTHUB_CLIENT_CONFIRMATION_OK"
26227,10420807052,10420807086,1,"IOTHUB_CLIENT_CONFIRMATION_OK"
26228,10420807252,10420807282,1,"IOTHUB_CLIENT_CONFIRMATION_OK"
26229,10420807452,10420807508,1,"IOTHUB_CLIENT_CONFIRMATION_OK"
26230,10420807652,10420807808,1,"IOTHUB_CLIENT_CONFIRMATION_OK"
26231,10420807852,10420807909,1,"IOTHUB_CLIENT_CONFIRMATION_OK"
26232,10420808053,10420808099,1,"IOTHUB_CLIENT_CONFIRMATION_OK"
26233,10420808253,10420808283,1,"IOTHUB_CLIENT_CONFIRMATION_OK"
26234,10420808453,10420808486,1,"IOTHUB_CLIENT_CONFIRMATION_OK"
26235,10420808653,10420808686,1,"IOTHUB_CLIENT_CONFIRMATION_OK"
26236,10420808853,10420808886,1,"IOTHUB_CLIENT_CONFIRMATION_OK"
26237,10420809053,10420809083,1,"IOTHUB_CLIENT_CONFIRMATION_OK"
26238,10420809254,10420809303,1,"IOTHUB_CLIENT_CONFIRMATION_OK"
26239,10420809454,10420809485,1,"IOTHUB_CLIENT_CONFIRMATION_OK"
26240,10420809654,10420809687,1,"IOTHUB_CLIENT_CONFIRMATION_OK"
26241,10420809854,10420809889,1,"IOTHUB_CLIENT_CONFIRMATION_OK"
26242,10420810054,10420810087,1,"IOTHUB_CLIENT_CONFIRMATION_OK"
26243,10420810254,10420810292,1,"IOTHUB_CLIENT_CONFIRMATION_OK"
26244,10420810455,10420810489,1,"IOTHUB_CLIENT_CONFIRMATION_OK"
26245,10420810655,10420810729,1,"IOTHUB_CLIENT_CONFIRMATION_OK"
26246,10420810855,10420810901,1,"IOTHUB_CLIENT_CONFIRMATION_OK"
26247,10420811055,10420811093,1,"IOTHUB_CLIENT_CONFIRMATION_OK"
26248,10420811255,10420811304,1,"IOTHUB_CLIENT_CONFIRMATION_OK"
26249,10420811455,10420811518,1,"IOTHUB_CLIENT_CONFIRMATION_OK"
26250,10420811655,10420811702,1,"IOTHUB_CLIENT_CONFIRMATION_OK"
26251,10420811856,10420811902,1,"IOTHUB_CLIENT_CONFIRMATION_OK"
26252,10420812056,10420812092,1,"IOTHUB_CLIENT_CONFIRMATION_OK"
26253,10420812256,10420812344,1,"IOTHUB_CLIENT_CONFIRMATION_OK"
26254,10420812456,10420812490,1,"IOTHUB_CLIENT_CONFIRMATION_OK"
26255,10420812656,10420812701,1,"IOTHUB_CLIENT_CONFIRMATION_OK"
26256,10420812856,10420812887,1,"IOTHUB_CLIENT_CONFIRMATION_OK"
26257,10420813056,10420813175,1,"IOTHUB_CLIENT_CONFIRMATION_OK"
26258,10420813257,10420813301,1,"IOTHUB_CLIENT_CONFIRMATION_OK"
26259,10420813457,10420813500,1,"IOTHUB_CLIENT_CONFIRMATION_OK"
26260,10420813657,10420813690,1,"IOTHUB_CLIENT_CONFIRMATION_OK"
26261,10420813857,10420813957,1,"IOTHUB_CLIENT_CONFIRMATION_OK"
26262,10420814057,10420814120,1,"IOTHUB_CLIENT_CONFIRMATION_OK"
26263,10420814257,10420814291,1,"IOTHUB_CLIENT_CONFIRMATION_OK"
26264,10420814458,10420814493,1,"IOTHUB_CLIENT_CONFIRMATION_OK"
26265,10420814658,10420814692,1,"IOTHUB_CLIENT_CONFIRMATION_OK"
26266,10420814858,10420814890,1,"IOTHUB_CLIENT_CONFIRMATION_OK"
26267,10420815058,10420815093,1,"IOTHUB_CLIENT_CONFIRMATION_OK"
26268,10420815258,10420815340,1,"IOTHUB_CLIENT_CONFIRMATION_OK"
26269,10420815459,10420815504,1,"IOTHUB_CLIENT_CONFIRMATION_OK"
26270,10420815659,10420815695,1,"IOTHUB_CLIENT_CONFIRMATION_OK"
26271,10420815859,10420815903,1,"IOTHUB_CLIENT_CONFIRMATION_OK"
26272,10420816059,10420816171,1,"IOTHUB_CLIENT_CONFIRMATION_OK"
26273,10420816259,10420816311,1,"IOTHUB_CLIENT_CONFIRMATION_OK"
26274,10420816459,10420816498,1,"IOTHUB_CLIENT_CONFIRMATION_OK"
26275,10420816659,10420816706,1,"IOTHUB_CLIENT_CONFIRMATION_OK"
26276,10420816860,10420817001,1,"IOTHUB_CLIENT_CONFIRMATION_OK"
26277,10420817060,10420817108,1,"IOTHUB_CLIENT_CONFIRMATION_OK"
26278,10420817260,10420817307,1,"IOTHUB_CLIENT_CONFIRMATION_OK"
26279,10420817460,10420817503,1,"IOTHUB_CLIENT_CONFIRMATION_OK"
26280,10420817660,10420817806,1,"IOTHUB_CLIENT_CONFIRMATION_OK"
26281,10420817860,10420817937,1,"IOTHUB_CLIENT_CONFIRMATION_OK"
26282,10420818062,10420818113,1,"IOTHUB_CLIENT_CONFIRMATION_OK"
26283,10420818262,10420818306,1,"IOTHUB_CLIENT_CONFIRMATION_OK"
26284,10420818462,10420818512,1,"IOTHUB_CLIENT_CONFIRMATION_OK"
26285,10420818662,10420818702,1,"IOTHUB_CLIENT_CONFIRMATION_OK"
26286,10420818862,10420818928,1,"IOTHUB_CLIENT_CONFIRMATION_OK"
26287,10420819063,10420819100,1,"IOTHUB_CLIENT_CONFIRMATION_OK"
26288,10420819263,10420819307,1,"IOTHUB_CLIENT_CONFIRMATION_OK"
26289,10420819463,10420819509,1,"IOTHUB_CLIENT_CONFIRMATION_OK"
26290,10420819663,10420819704,1,"IOTHUB_CLIENT_CONFIRMATION_OK"
26291,10420819863,10420819905,1,"IOTHUB_CLIENT_CONFIRMATION_OK"
26292,10420820063,10420820167,1,"IOTHUB_CLIENT_CONFIRMATION_OK"
26293,10420820263,10420820308,1,"IOTHUB_CLIENT_CONFIRMATION_OK"
26294,10420820464,10420820507,1,"IOTHUB_CLIENT_CONFIRMATION_OK"
26295,10420820664,10420820703,1,"IOTHUB_CLIENT_CONFIRMATION_OK"
26296,10420820864,10420820918,1,"IOTHUB_CLIENT_CONFIRMATION_OK"
26297,10420821064,10420821111,1,"IOTHUB_CLIENT_CONFIRMATION_OK"
26298,10420821264,10420821304,1,"IOTHUB_CLIENT_CONFIRMATION_OK"
26299,10420821464,10420821543,1,"IOTHUB_CLIENT_CONFIRMATION_OK"
26300,10420821664,10420821715,1,"IOTHUB_CLIENT_CONFIRMATION_OK"
26301,10420821865,10420821915,1,"IOTHUB_CLIENT_CONFIRMATION_OK"
26302,10420822065,10420822105,1,"IOTHUB_CLIENT_CONFIRMATION_OK"
26303,10420822265,10420822341,1,"IOTHUB_CLIENT_CONFIRMATION_OK"
26304,10420822465,10420822507,1,"IOTHUB_CLIENT_CONFIRMATION_OK"
26305,10420822665,10420822707,1,"IOTHUB_CLIENT_CONFIRMATION_OK"
26306,10420822865,10420822916,1,"IOTHUB_CLIENT_CONFIRMATION_OK"
26307,10420823066,10420823209,1,"IOTHUB_CLIENT_CONFIRMATION_OK"
26308,10420823266,10420823312,1,"IOTHUB_CLIENT_CONFIRMATION_OK"
26309,10420823466,10420823511,1,"IOTHUB_CLIENT_CONFIRMATION_OK"
26310,10420823666,10420823714,1,"IOTHUB_CLIENT_CONFIRMATION_OK"
26311,10420823866,10420824025,1,"IOTHUB_CLIENT_CONFIRMATION_OK"
26312,10420824066,10420824132,1,"IOTHUB_CLIENT_CONFIRMATION_OK"
26313,10420824266,10420824319,1,"IOTHUB_CLIENT_CONFIRMATION_OK"
26314,10420824467,10420824527,1,"IOTHUB_CLIENT_CONFIRMATION_OK"
26315,10420824667,10420824721,1,"IOTHUB_CLIENT_CONFIRMATION_OK"
26316,10420824867,10420824942,1,"IOTHUB_CLIENT_CONFIRMATION_OK"
26317,10420825067,10420825181,1,"IOTHUB_CLIENT_CONFIRMATION_OK"
26318,10420825267,10420825310,1,"IOTHUB_CLIENT_CONFIRMATION_OK"
26319,10420825467,10420825518,1,"IOTHUB_CLIENT_CONFIRMATION_OK"
26320,10420825668,10420825714,1,"IOTHUB_CLIENT_CONFIRMATION_OK"
26321,10420825868,10420825913,1,"IOTHUB_CLIENT_CONFIRMATION_OK"
26322,10420826068,10420826235,1,"IOTHUB_CLIENT_CONFIRMATION_OK"
26323,10420826268,10420826313,1,"IOTHUB_CLIENT_CONFIRMATION_OK"
26324,10420826468,10420826510,1,"IOTHUB_CLIENT_CONFIRMATION_OK"
26325,10420826668,10420826710,1,"IOTHUB_CLIENT_CONFIRMATION_OK"
26326,10420826869,10420826912,1,"IOTHUB_CLIENT_CONFIRMATION_OK"
26327,10420827069,10420827110,1,"IOTHUB_CLIENT_CONFIRMATION_OK"
26328,10420827269,10420827313,1,"IOTHUB_CLIENT_CONFIRMATION_OK"
26329,10420827469,10420827510,1,"IOTHUB_CLIENT_CONFIRMATION_OK"
26330,10420827669,10420827721,1,"IOTHUB_CLIENT_CONFIRMATION_OK"
26331,10420827869,10420827913,1,"IOTHUB_CLIENT_CONFIRMATION_OK"
26332,10420828070,10420828123,1,"IOTHUB_CLIENT_CONFIRMATION_OK"
26333,10420828270,10420828316,1,"IOTHUB_CLIENT_CONFIRMATION_OK"
26334,10420828470,10420828525,1,"IOTHUB_CLIENT_CONFIRMATION_OK"
26335,10420828670,10420828719,1,"IOTHUB_CLIENT_CONFIRMATION_OK"
26336,10420828870,10420828918,1,"IOTHUB_CLIENT_CONFIRMATION_OK"
26337,10420829070,10420829112,1,"IOTHUB_CLIENT_CONFIRMATION_OK"
26338,10420829270,10420829330,1,"IOTHUB_CLIENT_CONFIRMATION_OK"
26339,10420829471,10420829537,1,"IOTHUB_CLIENT_CONFIRMATION_OK"
26340,10420829671,10420829715,1,"IOTHUB_CLIENT_CONFIRMATION_OK"
26341,10420829871,10420829915,1,"IOTHUB_CLIENT_CONFIRMATION_OK"
26342,10420830071,10420830118,1,"IOTHUB_CLIENT_CONFIRMATION_OK"
26343,10420830271,10420830318,1,"IOTHUB_CLIENT_CONFIRMATION_OK"
26344,10420830471,10420830519,1,"IOTHUB_CLIENT_CONFIRMATION_OK"
26345,10420830672,10420830750,1,"IOTHUB_CLIENT_CONFIRMATION_OK"
26346,10420830872,10420830933,1,"IOTHUB_CLIENT_CONFIRMATION_OK"
26347,10420831072,10420831120,1,"IOTHUB_CLIENT_CONFIRMATION_OK"
26348,10420831272,10420831315,1,"IOTHUB_CLIENT_CONFIRMATION_OK"
26349,10420831472,10420831575,1,"IOTHUB_CLIENT_CONFIRMATION_OK"
26350,10420831672,10420831715,1,"IOTHUB_CLIENT_CONFIRMATION_OK"
26351,10420831873,10420831931,1,"IOTHUB_CLIENT_CONFIRMATION_OK"
26352,10420832073,10420832118,1,"IOTHUB_CLIENT_CONFIRMATION_OK"
26353,10420832273,10420832417,1,"IOTHUB_CLIENT_CONFIRMATION_OK"
26354,10420832473,10420832517,1,"IOTHUB_CLIENT_CONFIRMATION_OK"
26355,10420832673,10420832768,1,"IOTHUB_CLIENT_CONFIRMATION_OK"
26356,10420832873,10420832915,1,"IOTHUB_CLIENT_CONFIRMATION_OK"
26357,10420833074,10420833183,1,"IOTHUB_CLIENT_CONFIRMATION_OK"
26358,10420833274,10420833321,1,"IOTHUB_CLIENT_CONFIRMATION_OK"
26359,10420833474,10420833515,1,"IOTHUB_CLIENT_CONFIRMATION_OK"
26360,10420833674,10420833715,1,"IOTHUB_CLIENT_CONFIRMATION_OK"
26361,10420833874,10420833914,1,"IOTHUB_CLIENT_CONFIRMATION_OK"
26362,10420834074,10420834121,1,"IOTHUB_CLIENT_CONFIRMATION_OK"
26363,10420834274,10420834322,1,"IOTHUB_CLIENT_CONFIRMATION_OK"
26364,10420834475,10420834526,1,"IOTHUB_CLIENT_CONFIRMATION_OK"
26365,10420834675,10420834730,1,"IOTHUB_CLIENT_CONFIRMATION_OK"
26366,10420834875,10420834977,1,"IOTHUB_CLIENT_CONFIRMATION_OK"
26367,10420835075,10420835118,1,"IOTHUB_CLIENT_CONFIRMATION_OK"
26368,10420835275,10420835330,1,"IOTHUB_CLIENT_CONFIRMATION_OK"
26369,10420835475,10420835519,1,"IOTHUB_CLIENT_CONFIRMATION_OK"
26370,10420835675,10420835741,1,"IOTHUB_CLIENT_CONFIRMATION_OK"
26371,10420835875,10420835921,1,"IOTHUB_CLIENT_CONFIRMATION_OK"
26372,10420836076,10420836228,1,"IOTHUB_CLIENT_CONFIRMATION_OK"
26373,10420836276,10420836322,1,"IOTHUB_CLIENT_CONFIRMATION_OK"
26374,10420836476,10420836577,1,"IOTHUB_CLIENT_CONFIRMATION_OK"
26375,10420836676,10420836733,1,"IOTHUB_CLIENT_CONFIRMATION_OK"
26376,10420836876,10420837061,1,"IOTHUB_CLIENT_CONFIRMATION_OK"
26377,10420837076,10420837118,1,"IOTHUB_CLIENT_CONFIRMATION_OK"
26378,10420837277,10420837305,1,"IOTHUB_CLIENT_CONFIRMATION_OK"
26379,10420837477,10420837522,1,"IOTHUB_CLIENT_CONFIRMATION_OK"
26380,10420837677,10420837728,1,"IOTHUB_CLIENT_CONFIRMATION_OK"
26381,10420837877,10420837924,1,"IOTHUB_CLIENT_CONFIRMATION_OK"
26382,10420838077,10420838122,1,"IOTHUB_CLIENT_CONFIRMATION_OK"
26383,10420838277,10420838332,1,"IOTHUB_CLIENT_CONFIRMATION_OK"
26384,10420838477,10420838528,1,"IOTHUB_CLIENT_CONFIRMATION_OK"
26385,10420838678,10420838756,1,"IOTHUB_CLIENT_CONFIRMATION_OK"
26386,10420838878,10420838917,1,"IOTHUB_CLIENT_CONFIRMATION_OK"
26387,10420839078,10420839127,1,"IOTHUB_CLIENT_CONFIRMATION_OK"
26388,10420839278,10420839323,1,"IOTHUB_CLIENT_CONFIRMATION_OK"
26389,10420839478,10420839523,1,"IOTHUB_CLIENT_CONFIRMATION_OK"
26390,10420839678,10420839732,1,"IOTHUB_CLIENT_CONFIRMATION_OK"
26391,10420839879,10420839929,1,"IOTHUB_CLIENT_CONFIRMATION_OK"
26392,10420840079,10420840133,1,"IOTHUB_CLIENT_CONFIRMATION_OK"
26393,10420840279,10420840334,1,"IOTHUB_CLIENT_CONFIRMATION_OK"
26394,10420840479,10420840519,1,"IOTHUB_CLIENT_CONFIRMATION_OK"
26395,10420840679,10420840728,1,"IOTHUB_CLIENT_CONFIRMATION_OK"
26396,10420840879,10420840927,1,"IOTHUB_CLIENT_CONFIRMATION_OK"
26397,10420841079,10420841134,1,"IOTHUB_CLIENT_CONFIRMATION_OK"
26398,10420841280,10420841336,1,"IOTHUB_CLIENT_CONFIRMATION_OK"
26399,10420841480,10420841522,1,"IOTHUB_CLIENT_CONFIRMATION_OK"
26400,10420841680,10420841722,1,"IOTHUB_CLIENT_CONFIRMATION_OK"
26401,10420841880,10420841938,1,"IOTHUB_CLIENT_CONFIRMATION_OK"
26402,10420842080,10420842121,1,"IOTHUB_CLIENT_CONFIRMATION_OK"
26403,10420842280,10420842331,1,"IOTHUB_CLIENT_CONFIRMATION_OK"
26404,10420842480,10420842512,1,"IOTHUB_CLIENT_CONFIRMATION_OK"
26405,10420842681,10420842731,1,"IOTHUB_CLIENT_CONFIRMATION_OK"
26406,10420842881,10420842937,1,"IOTHUB_CLIENT_CONFIRMATION_OK"
26407,10420843081,10420843147,1,"IOTHUB_CLIENT_CONFIRMATION_OK"
26408,10420843281,10420843317,1,"IOTHUB_CLIENT_CONFIRMATION_OK"
26409,10420843481,10420843529,1,"IOTHUB_CLIENT_CONFIRMATION_OK"
26410,10420843681,10420843726,1,"IOTHUB_CLIENT_CONFIRMATION_OK"
26411,10420843881,10420843967,1,"IOTHUB_CLIENT_CONFIRMATION_OK"
26412,10420844082,10420844132,1,"IOTHUB_CLIENT_CONFIRMATION_OK"
26413,10420844282,10420844340,1,"IOTHUB_CLIENT_CONFIRMATION_OK"
26414,10420844482,10420844528,1,"IOTHUB_CLIENT_CONFIRMATION_OK"
26415,10420844682,10420844775,1,"IOTHUB_CLIENT_CONFIRMATION_OK"
26416,10420844882,10420844919,1,"IOTHUB_CLIENT_CONFIRMATION_OK"
26417,10420845082,10420845231,1,"IOTHUB_CLIENT_CONFIRMATION_OK"
26418,10420845283,10420845449,1,"IOTHUB_CLIENT_CONFIRMATION_OK"
26419,10420845483,10420845532,1,"IOTHUB_CLIENT_CONFIRMATION_OK"
26420,10420845683,10420845735,1,"IOTHUB_CLIENT_CONFIRMATION_OK"
26421,10420845883,10420845933,1,"IOTHUB_CLIENT_CONFIRMATION_OK"
26422,10420846083,10420846131,1,"IOTHUB_CLIENT_CONFIRMATION_OK"
26423,10420846283,10420846343,1,"IOTHUB_CLIENT_CONFIRMATION_OK"
26424,10420846483,10420846531,1,"IOTHUB_CLIENT_CONFIRMATION_OK"
26425,10420846684,10420846738,1,"IOTHUB_CLIENT_CONFIRMATION_OK"
26426,10420846884,10420846929,1,"IOTHUB_CLIENT_CONFIRMATION_OK"
26427,10420847084,10420847136,1,"IOTHUB_CLIENT_CONFIRMATION_OK"
26428,10420847284,10420847338,1,"IOTHUB_CLIENT_CONFIRMATION_OK"
26429,10420847484,10420847527,1,"IOTHUB_CLIENT_CONFIRMATION_OK"
26430,10420847684,10420847740,1,"IOTHUB_CLIENT_CONFIRMATION_OK"
26431,10420847884,10420847929,1,"IOTHUB_CLIENT_CONFIRMATION_OK"
26432,10420848085,10420848123,1,"IOTHUB_CLIENT_CONFIRMATION_OK"
26433,10420848285,10420848333,1,"IOTHUB_CLIENT_CONFIRMATION_OK"
26434,10420848485,10420848574,1,"IOTHUB_CLIENT_CONFIRMATION_OK"
26435,10420848685,10420848724,1,"IOTHUB_CLIENT_CONFIRMATION_OK"
26436,10420848885,10420848928,1,"IOTHUB_CLIENT_CONFIRMATION_OK"
26437,10420849085,10420849157,1,"IOTHUB_CLIENT_CONFIRMATION_OK"
26438,10420849286,10420849326,1,"IOTHUB_CLIENT_CONFIRMATION_OK"
26439,10420849486,10420849535,1,"IOTHUB_CLIENT_CONFIRMATION_OK"
26440,10420849686,10420849720,1,"IOTHUB_CLIENT_CONFIRMATION_OK"
26441,10420849886,10420849977,1,"IOTHUB_CLIENT_CONFIRMATION_OK"
26442,10420850086,10420850128,1,"IOTHUB_CLIENT_CONFIRMATION_OK"
26443,10420850286,10420850355,1,"IOTHUB_CLIENT_CONFIRMATION_OK"
26444,10420850486,10420850534,1,"IOTHUB_CLIENT_CONFIRMATION_OK"
26445,10420850687,10420850790,1,"IOTHUB_CLIENT_CONFIRMATION_OK"
26446,10420850887,10420850926,1,"IOTHUB_CLIENT_CONFIRMATION_OK"
26447,10420851087,10420851127,1,"IOTHUB_CLIENT_CONFIRMATION_OK"
26448,10420851287,10420851396,1,"IOTHUB_CLIENT_CONFIRMATION_OK"
26449,10420851487,10420851615,1,"IOTHUB_CLIENT_CONFIRMATION_OK"
26450,10420851687,10420851774,1,"IOTHUB_CLIENT_CONFIRMATION_OK"
26451,10420851888,10420851936,1,"IOTHUB_CLIENT_CONFIRMATION_OK"
26452,10420852088,10420852146,1,"IOTHUB_CLIENT_CONFIRMATION_OK"
26453,10420852288,10420852383,1,"IOTHUB_CLIENT_CONFIRMATION_OK"
26454,10420852488,10420852550,1,"IOTHUB_CLIENT_CONFIRMATION_OK"
26455,10420852688,10420852743,1,"IOTHUB_CLIENT_CONFIRMATION_OK"
26456,10420852888,10420852925,1,"IOTHUB_CLIENT_CONFIRMATION_OK"
26457,10420853088,10420853148,1,"IOTHUB_CLIENT_CONFIRMATION_OK"
26458,10420853289,10420853337,1,"IOTHUB_CLIENT_CONFIRMATION_OK"
26459,10420853489,10420853531,1,"IOTHUB_CLIENT_CONFIRMATION_OK"
26460,10420853689,10420853730,1,"IOTHUB_CLIENT_CONFIRMATION_OK"
26461,10420853889,10420853942,1,"IOTHUB_CLIENT_CONFIRMATION_OK"
26462,10420854089,10420854141,1,"IOTHUB_CLIENT_CONFIRMATION_OK"
26463,10420854289,10420854331,1,"IOTHUB_CLIENT_CONFIRMATION_OK"
26464,10420854490,10420854663,1,"IOTHUB_CLIENT_CONFIRMATION_OK"
26465,10420854690,10420854738,1,"IOTHUB_CLIENT_CONFIRMATION_OK"
26466,10420854890,10420854938,1,"IOTHUB_CLIENT_CONFIRMATION_OK"
26467,10420855090,10420855134,1,"IOTHUB_CLIENT_CONFIRMATION_OK"
26468,10420855290,10420855336,1,"IOTHUB_CLIENT_CONFIRMATION_OK"
26469,10420855490,10420855531,1,"IOTHUB_CLIENT_CONFIRMATION_OK"
26470,10420855690,10420855755,1,"IOTHUB_CLIENT_CONFIRMATION_OK"
26471,10420855891,10420855931,1,"IOTHUB_CLIENT_CONFIRMATION_OK"
26472,10420856091,10420856140,1,"IOTHUB_CLIENT_CONFIRMATION_OK"
26473,10420856291,10420856338,1,"IOTHUB_CLIENT_CONFIRMATION_OK"
26474,10420856491,10420856554,1,"IOTHUB_CLIENT_CONFIRMATION_OK"
26475,10420856691,10420856736,1,"IOTHUB_CLIENT_CONFIRMATION_OK"
26476,10420856891,10420856944,1,"IOTHUB_CLIENT_CONFIRMATION_OK"
26477,10420857092,10420857148,1,"IOTHUB_CLIENT_CONFIRMATION_OK"
26478,10420857292,10420857340,1,"IOTHUB_CLIENT_CONFIRMATION_OK"
26479,10420857492,10420857531,1,"IOTHUB_CLIENT_CONFIRMATION_OK"
26480,10420857692,10420857743,1,"IOTHUB_CLIENT_CONFIRMATION_OK"
26481,10420857892,10420857943,1,"IOTHUB_CLIENT_CONFIRMATION_OK"
26482,10420858092,10420858141,1,"IOTHUB_CLIENT_CONFIRMATION_OK"
26483,10420858292,10420858386,1,"IOTHUB_CLIENT_CONFIRMATION_OK"
26484,10420858493,10420858535,1,"IOTHUB_CLIENT_CONFIRMATION_OK"
26485,10420858693,10420858734,1,"IOTHUB_CLIENT_CONFIRMATION_OK"
26486,10420858893,10420858941,1,"IOTHUB_CLIENT_CONFIRMATION_OK"
26487,10420859093,10420859131,1,"IOTHUB_CLIENT_CONFIRMATION_OK"
26488,10420859293,10420859339,1,"IOTHUB_CLIENT_CONFIRMATION_OK"
26489,10420859493,10420859565,1,"IOTHUB_CLIENT_CONFIRMATION_OK"
26490,10420859694,10420859738,1,"IOTHUB_CLIENT_CONFIRMATION_OK"
26491,10420859894,10420859984,1,"IOTHUB_CLIENT_CONFIRMATION_OK"
26492,10420860094,10420860139,1,"IOTHUB_CLIENT_CONFIRMATION_OK"
26493,10420860294,10420860349,1,"IOTHUB_CLIENT_CONFIRMATION_OK"
26494,10420860494,10420860541,1,"IOTHUB_CLIENT_CONFIRMATION_OK"
26495,10420860694,10420860784,1,"IOTHUB_CLIENT_CONFIRMATION_OK"
26496,10420860894,10420860932,1,"IOTHUB_CLIENT_CONFIRMATION_OK"
26497,10420861095,10420861145,1,"IOTHUB_CLIENT_CONFIRMATION_OK"
26498,10420861295,10420861342,1,"IOTHUB_CLIENT_CONFIRMATION_OK"
26499,10420861495,10420861602,1,"IOTHUB_CLIENT_CONFIRMATION_OK"
26500,10420861695,10420861741,1,"IOTHUB_CLIENT_CONFIRMATION_OK"
26501,10420861895,10420861955,1,"IOTHUB_CLIENT_CONFIRMATION_OK"
26502,10420862095,10420862140,1,"IOTHUB_CLIENT_CONFIRMATION_OK"
26503,10420862295,10420862368,1,"IOTHUB_CLIENT_CONFIRMATION_OK"
26504,10420862496,10420862540,1,"IOTHUB_CLIENT_CONFIRMATION_OK"
26505,10420862696,10420862743,1,"IOTHUB_CLIENT_CONFIRMATION_OK"
26506,10420862896,10420862951,1,"IOTHUB_CLIENT_CONFIRMATION_OK"
26507,10420863096,10420863129,1,"IOTHUB_CLIENT_CONFIRMATION_OK"
26508,10420863296,10420863362,1,"IOTHUB_CLIENT_CONFIRMATION_OK"
26509,10420863496,10420863542,1,"IOTHUB_CLIENT_CONFIRMATION_OK"
26510,10420863697,10420863856,1,"IOTHUB_CLIENT_CONFIRMATION_OK"
26511,10420863897,10420863940,1,"IOTHUB_CLIENT_CONFIRMATION_OK"
26512,10420864097,10420864146,1,"IOTHUB_CLIENT_CONFIRMATION_OK"
26513,10420864297,10420864333,1,"IOTHUB_CLIENT_CONFIRMATION_OK"
26514,10420864497,10420864649,1,"IOTHUB_CLIENT_CONFIRMATION_OK"
26515,10420864697,10420864775,1,"IOTHUB_CLIENT_CONFIRMATION_OK"
26516,10420864897,10420864937,1,"IOTHUB_CLIENT_CONFIRMATION_OK"
26517,10420865098,10420865148,1,"IOTHUB_CLIENT_CONFIRMATION_OK"
26518,10420865298,10420865464,1,"IOTHUB_CLIENT_CONFIRMATION_OK"
26519,10420865498,10420865543,1,"IOTHUB_CLIENT_CONFIRMATION_OK"
26520,10420865698,10420865781,1,"IOTHUB_CLIENT_CONFIRMATION_OK"
26521,10420865898,10420865930,1,"IOTHUB_CLIENT_CONFIRMATION_OK"
26522,10420866098,10420866149,1,"IOTHUB_CLIENT_CONFIRMATION_OK"
26523,10420866299,10420866345,1,"IOTHUB_CLIENT_CONFIRMATION_OK"
26524,10420866499,10420866577,1,"IOTHUB_CLIENT_CONFIRMATION_OK"
26525,10420866699,10420866750,1,"IOTHUB_CLIENT_CONFIRMATION_OK"
26526,10420866899,10420866956,1,"IOTHUB_CLIENT_CONFIRMATION_OK"
26527,10420867099,10420867153,1,"IOTHUB_CLIENT_CONFIRMATION_OK"
26528,10420867299,10420867345,1,"IOTHUB_CLIENT_CONFIRMATION_OK"
26529,10420867499,10420867539,1,"IOTHUB_CLIENT_CONFIRMATION_OK"
26530,10420867700,10420867825,1,"IOTHUB_CLIENT_CONFIRMATION_OK"
26531,10420867900,10420867939,1,"IOTHUB_CLIENT_CONFIRMATION_OK"
26532,10420868100,10420868138,1,"IOTHUB_CLIENT_CONFIRMATION_OK"
26533,10420868300,10420868346,1,"IOTHUB_CLIENT_CONFIRMATION_OK"
26534,10420868500,10420868549,1,"IOTHUB_CLIENT_CONFIRMATION_OK"
26535,10420868700,10420868736,1,"IOTHUB_CLIENT_CONFIRMATION_OK"
26536,10420868900,10420868943,1,"IOTHUB_CLIENT_CONFIRMATION_OK"
26537,10420869101,10420869203,1,"IOTHUB_CLIENT_CONFIRMATION_OK"
26538,10420869301,10420869345,1,"IOTHUB_CLIENT_CONFIRMATION_OK"
26539,10420869501,10420869538,1,"IOTHUB_CLIENT_CONFIRMATION_OK"
26540,10420869701,10420869748,1,"IOTHUB_CLIENT_CONFIRMATION_OK"
26541,10420869901,10420870032,1,"IOTHUB_CLIENT_CONFIRMATION_OK"
26542,10420870101,10420870134,1,"IOTHUB_CLIENT_CONFIRMATION_OK"
26543,10420870301,10420870335,1,"IOTHUB_CLIENT_CONFIRMATION_OK"
26544,10420870502,10420870543,1,"IOTHUB_CLIENT_CONFIRMATION_OK"
26545,10420870702,10420870760,1,"IOTHUB_CLIENT_CONFIRMATION_OK"
26546,10420870902,10420870966,1,"IOTHUB_CLIENT_CONFIRMATION_OK"
26547,10420871102,10420871145,1,"IOTHUB_CLIENT_CONFIRMATION_OK"
26548,10420871302,10420871337,1,"IOTHUB_CLIENT_CONFIRMATION_OK"
26549,10420871502,10420871542,1,"IOTHUB_CLIENT_CONFIRMATION_OK"
26550,10420871702,10420871738,1,"IOTHUB_CLIENT_CONFIRMATION_OK"
26551,10420871903,10420871943,1,"IOTHUB_CLIENT_CONFIRMATION_OK"
26552,10420872103,10420872152,1,"IOTHUB_CLIENT_CONFIRMATION_OK"
26553,10420872303,10420872348,1,"IOTHUB_CLIENT_CONFIRMATION_OK"
26554,10420872503,10420872549,1,"IOTHUB_CLIENT_CONFIRMATION_OK"
26555,10420872703,10420872776,1,"IOTHUB_CLIENT_CONFIRMATION_OK"
26556,10420872903,10420872944,1,"IOTHUB_CLIENT_CONFIRMATION_OK"
26557,10420873104,10420873137,1,"IOTHUB_CLIENT_CONFIRMATION_OK"
26558,10420873304,10420873370,1,"IOTHUB_CLIENT_CONFIRMATION_OK"
26559,10420873504,10420873540,1,"IOTHUB_CLIENT_CONFIRMATION_OK"
26560,10420873704,10420873740,1,"IOTHUB_CLIENT_CONFIRMATION_OK"
26561,10420873904,10420873940,1,"IOTHUB_CLIENT_CONFIRMATION_OK"
26562,10420874104,10420874147,1,"IOTHUB_CLIENT_CONFIRMATION_OK"
26563,10420874304,10420874336,1,"IOTHUB_CLIENT_CONFIRMATION_OK"
26564,10420874505,10420874551,1,"IOTHUB_CLIENT_CONFIRMATION_OK"
26565,10420874705,10420874744,1,"IOTHUB_CLIENT_CONFIRMATION_OK"
26566,10420874905,10420874972,1,"IOTHUB_CLIENT_CONFIRMATION_OK"
26567,10420875105,10420875181,1,"IOTHUB_CLIENT_CONFIRMATION_OK"
26568,10420875305,10420875358,1,"IOTHUB_CLIENT_CONFIRMATION_OK"
26569,10420875505,10420875557,1,"IOTHUB_CLIENT_CONFIRMATION_OK"
26570,10420875706,10420875743,1,"IOTHUB_CLIENT_CONFIRMATION_OK"
26571,10420875906,10420875978,1,"IOTHUB_CLIENT_CONFIRMATION_OK"
26572,10420876106,10420876180,1,"IOTHUB_CLIENT_CONFIRMATION_OK"
26573,10420876306,10420876355,1,"IOTHUB_CLIENT_CONFIRMATION_OK"
26574,10420876506,10420876578,1,"IOTHUB_CLIENT_CONFIRMATION_OK"
26575,10420876706,10420876758,1,"IOTHUB_CLIENT_CONFIRMATION_OK"
26576,10420876906,10420876947,1,"IOTHUB_CLIENT_CONFIRMATION_OK"
26577,10420877107,10420877155,1,"IOTHUB_CLIENT_CONFIRMATION_OK"
26578,10420877307,10420877361,1,"IOTHUB_CLIENT_CONFIRMATION_OK"
26579,10420877507,10420877596,1,"IOTHUB_CLIENT_CONFIRMATION_OK"
26580,10420877707,10420877745,1,"IOTHUB_CLIENT_CONFIRMATION_OK"
26581,10420877907,10420877950,1,"IOTHUB_CLIENT_CONFIRMATION_OK"
26582,10420878107,10420878141,1,"IOTHUB_CLIENT_CONFIRMATION_OK"
26583,10420878308,10420878391,1,"IOTHUB_CLIENT_CONFIRMATION_OK"
26584,10420878508,10420878552,1,"IOTHUB_CLIENT_CONFIRMATION_OK"
26585,10420878708,10420878788,1,"IOTHUB_CLIENT_CONFIRMATION_OK"
26586,10420878908,10420878954,1,"IOTHUB_CLIENT_CONFIRMATION_OK"
26587,10420879108,10420879215,1,"IOTHUB_CLIENT_CONFIRMATION_OK"
26588,10420879308,10420879370,1,"IOTHUB_CLIENT_CONFIRMATION_OK"
26589,10420879509,10420879552,1,"IOTHUB_CLIENT_CONFIRMATION_OK"
26590,10420879709,10420879747,1,"IOTHUB_CLIENT_CONFIRMATION_OK"
26591,10420879909,10420880029,1,"IOTHUB_CLIENT_CONFIRMATION_OK"
26592,10420880109,10420880160,1,"IOTHUB_CLIENT_CONFIRMATION_OK"
26593,10420880309,10420880402,1,"IOTHUB_CLIENT_CONFIRMATION_OK"
26594,10420880509,10420880544,1,"IOTHUB_CLIENT_CONFIRMATION_OK"
26595,10420880710,10420880766,1,"IOTHUB_CLIENT_CONFIRMATION_OK"
26596,10420880910,10420880945,1,"IOTHUB_CLIENT_CONFIRMATION_OK"
26597,10420881110,10420881151,1,"IOTHUB_CLIENT_CONFIRMATION_OK"
26598,10420881310,10420881349,1,"IOTHUB_CLIENT_CONFIRMATION_OK"
26599,10420881510,10420881549,1,"IOTHUB_CLIENT_CONFIRMATION_OK"
26600,10420881710,10420881745,1,"IOTHUB_CLIENT_CONFIRMATION_OK"
26601,10420881910,10420881947,1,"IOTHUB_CLIENT_CONFIRMATION_OK"
26602,10420882111,10420882143,1,"IOTHUB_CLIENT_CONFIRMATION_OK"
26603,10420882311,10420882343,1,"IOTHUB_CLIENT_CONFIRMATION_OK"
26604,10420882511,10420882553,1,"IOTHUB_CLIENT_CONFIRMATION_OK"
26605,10420882711,10420882807,1,"IOTHUB_CLIENT_CONFIRMATION_OK"
26606,10420882911,10420883133,1,"IOTHUB_CLIENT_CONFIRMATION_OK"
26607,10420883111,10420883160,1,"IOTHUB_CLIENT_CONFIRMATION_OK"
26608,10420883312,10420883362,1,"IOTHUB_CLIENT_CONFIRMATION_OK"
26609,10420883512,10420883549,1,"IOTHUB_CLIENT_CONFIRMATION_OK"
26610,10420883712,10420883816,1,"IOTHUB_CLIENT_CONFIRMATION_OK"
26611,10420883912,10420883948,1,"IOTHUB_CLIENT_CONFIRMATION_OK"
26612,10420884112,10420884147,1,"IOTHUB_CLIENT_CONFIRMATION_OK"
26613,10420884312,10420884372,1,"IOTHUB_CLIENT_CONFIRMATION_OK"
26614,10420884513,10420884646,1,"IOTHUB_CLIENT_CONFIRMATION_OK"
26615,10420884713,10420884751,1,"IOTHUB_CLIENT_CONFIRMATION_OK"
26616,10420884913,10420884948,1,"IOTHUB_CLIENT_CONFIRMATION_OK"
26617,10420885113,10420885224,1,"IOTHUB_CLIENT_CONFIRMATION_OK"
26618,10420885313,10420885346,1,"IOTHUB_CLIENT_CONFIRMATION_OK"
26619,10420885513,10420885549,1,"IOTHUB_CLIENT_CONFIRMATION_OK"
26620,10420885713,10420885752,1,"IOTHUB_CLIENT_CONFIRMATION_OK"
26621,10420885914,10420885974,1,"IOTHUB_CLIENT_CONFIRMATION_OK"
26622,10420886114,10420886205,1,"IOTHUB_CLIENT_CONFIRMATION_OK"
26623,10420886314,10420886350,1,"IOTHUB_CLIENT_CONFIRMATION_OK"
26624,10420886514,10420886588,1,"IOTHUB_CLIENT_CONFIRMATION_OK"
26625,10420886714,10420886766,1,"IOTHUB_CLIENT_CONFIRMATION_OK"
26626,10420886915,10420886966,1,"IOTHUB_CLIENT_CONFIRMATION_OK"
26627,10420887115,10420887272,1,"IOTHUB_CLIENT_CONFIRMATION_OK"
26628,10420887315,10420887358,1,"IOTHUB_CLIENT_CONFIRMATION_OK"
26629,10420887515,10420887681,1,"IOTHUB_CLIENT_CONFIRMATION_OK"
26630,10420887715,10420887750,1,"IOTHUB_CLIENT_CONFIRMATION_OK"
26631,10420887915,10420887958,1,"IOTHUB_CLIENT_CONFIRMATION_OK"
26632,10420888115,10420888166,1,"IOTHUB_CLIENT_CONFIRMATION_OK"
26633,10420888316,10420888484,1,"IOTHUB_CLIENT_CONFIRMATION_OK"
26634,10420888516,10420888567,1,"IOTHUB_CLIENT_CONFIRMATION_OK"
26635,10420888716,10420888761,1,"IOTHUB_CLIENT_CONFIRMATION_OK"
26636,10420888916,10420888949,1,"IOTHUB_CLIENT_CONFIRMATION_OK"
26637,10420889116,10420889161,1,"IOTHUB_CLIENT_CONFIRMATION_OK"
26638,10420889316,10420889360,1,"IOTHUB_CLIENT_CONFIRMATION_OK"
26639,10420889517,10420889552,1,"IOTHUB_CLIENT_CONFIRMATION_OK"
26640,10420889717,10420889805,1,"IOTHUB_CLIENT_CONFIRMATION_OK"
26641,10420889917,10420889971,1,"IOTHUB_CLIENT_CONFIRMATION_OK"
26642,10420890117,10420890157,1,"IOTHUB_CLIENT_CONFIRMATION_OK"
26643,10420890317,10420890407,1,"IOTHUB_CLIENT_CONFIRMATION_OK"
26644,10420890517,10420890555,1,"IOTHUB_CLIENT_CONFIRMATION_OK"
26645,10420890718,10420890760,1,"IOTHUB_CLIENT_CONFIRMATION_OK"
26646,10420890918,10420891010,1,"IOTHUB_CLIENT_CONFIRMATION_OK"
26647,10420891118,10420891157,1,"IOTHUB_CLIENT_CONFIRMATION_OK"
26648,10420891318,10420891360,1,"IOTHUB_CLIENT_CONFIRMATION_OK"
26649,10420891518,10420891568,1,"IOTHUB_CLIENT_CONFIRMATION_OK"
26650,10420891718,10420891763,1,"IOTHUB_CLIENT_CONFIRMATION_OK"
26651,10420891918,10420891955,1,"IOTHUB_CLIENT_CONFIRMATION_OK"
26652,10420892119,10420892166,1,"IOTHUB_CLIENT_CONFIRMATION_OK"
26653,10420892319,10420892363,1,"IOTHUB_CLIENT_CONFIRMATION_OK"
26654,10420892519,10420892628,1,"IOTHUB_CLIENT_CONFIRMATION_OK"
26655,10420892719,10420892761,1,"IOTHUB_CLIENT_CONFIRMATION_OK"
26656,10420892919,10420892955,1,"IOTHUB_CLIENT_CONFIRMATION_OK"
26657,10420893119,10420893169,1,"IOTHUB_CLIENT_CONFIRMATION_OK"
26658,10420893320,10420893354,1,"IOTHUB_CLIENT_CONFIRMATION_OK"
26659,10420893520,10420893569,1,"IOTHUB_CLIENT_CONFIRMATION_OK"
26660,10420893720,10420893776,1,"IOTHUB_CLIENT_CONFIRMATION_OK"
26661,10420893920,10420893973,1,"IOTHUB_CLIENT_CONFIRMATION_OK"
26662,10420894120,10420894167,1,"IOTHUB_CLIENT_CONFIRMATION_OK"
26663,10420894320,10420894369,1,"IOTHUB_CLIENT_CONFIRMATION_OK"
26664,10420894521,10420894582,1,"IOTHUB_CLIENT_CONFIRMATION_OK"
26665,10420894721,10420894758,1,"IOTHUB_CLIENT_CONFIRMATION_OK"
26666,10420894921,10420894962,1,"IOTHUB_CLIENT_CONFIRMATION_OK"
26667,10420895121,10420895273,1,"IOTHUB_CLIENT_CONFIRMATION_OK"
26668,10420895321,10420895409,1,"IOTHUB_CLIENT_CONFIRMATION_OK"
26669,10420895521,10420895564,1,"IOTHUB_CLIENT_CONFIRMATION_OK"
26670,10420895721,10420895775,1,"IOTHUB_CLIENT_CONFIRMATION_OK"
26671,10420895922,10420896007,1,"IOTHUB_CLIENT_CONFIRMATION_OK"
26672,10420896122,10420896165,1,"IOTHUB_CLIENT_CONFIRMATION_OK"
26673,10420896322,10420896372,1,"IOTHUB_CLIENT_CONFIRMATION_OK"
26674,10420896522,10420896557,1,"IOTHUB_CLIENT_CONFIRMATION_OK"
26675,10420896722,10420896806,1,"IOTHUB_CLIENT_CONFIRMATION_OK"
26676,10420896922,10420896966,1,"IOTHUB_CLIENT_CONFIRMATION_OK"
26677,10420897123,10420897167,1,"IOTHUB_CLIENT_CONFIRMATION_OK"
26678,10420897323,10420897372,1,"IOTHUB_CLIENT_CONFIRMATION_OK"
26679,10420897523,10420897638,1,"IOTHUB_CLIENT_CONFIRMATION_OK"
26680,10420897723,10420897759,1,"IOTHUB_CLIENT_CONFIRMATION_OK"
26681,10420897923,10420898000,1,"IOTHUB_CLIENT_CONFIRMATION_OK"
26682,10420898123,10420898168,1,"IOTHUB_CLIENT_CONFIRMATION_OK"
26683,10420898323,10420898476,1,"IOTHUB_CLIENT_CONFIRMATION_OK"
26684,10420898524,10420898570,1,"IOTHUB_CLIENT_CONFIRMATION_OK"
26685,10420898724,10420898763,1,"IOTHUB_CLIENT_CONFIRMATION_OK"
26686,10420898924,10420898967,1,"IOTHUB_CLIENT_CONFIRMATION_OK"
26687,10420899124,10420899263,1,"IOTHUB_CLIENT_CONFIRMATION_OK"
26688,10420899324,10420899378,1,"IOTHUB_CLIENT_CONFIRMATION_OK"
26689,10420899524,10420899611,1,"IOTHUB_CLIENT_CONFIRMATION_OK"
26690,10420899725,10420899802,1,"IOTHUB_CLIENT_CONFIRMATION_OK"
26691,10420899925,10420899993,1,"IOTHUB_CLIENT_CONFIRMATION_OK"
26692,10420900125,10420900159,1,"IOTHUB_CLIENT_CONFIRMATION_OK"
26693,10420900325,10420900375,1,"IOTHUB_CLIENT_CONFIRMATION_OK"
26694,10420900525,10420900564,1,"IOTHUB_CLIENT_CONFIRMATION_OK"
26695,10420900725,10420900771,1,"IOTHUB_CLIENT_CONFIRMATION_OK"
26696,10420900926,10420900967,1,"IOTHUB_CLIENT_CONFIRMATION_OK"
26697,10420901126,10420901161,1,"IOTHUB_CLIENT_CONFIRMATION_OK"
26698,10420901326,10420901399,1,"IOTHUB_CLIENT_CONFIRMATION_OK"
26699,10420901526,10420901588,1,"IOTHUB_CLIENT_CONFIRMATION_OK"
26700,10420901726,10420901775,1,"IOTHUB_CLIENT_CONFIRMATION_OK"
26701,10420901926,10420901974,1,"IOTHUB_CLIENT_CONFIRMATION_OK"
26702,10420902127,10420902317,1,"IOTHUB_CLIENT_CONFIRMATION_OK"
26703,10420902327,10420902389,1,"IOTHUB_CLIENT_CONFIRMATION_OK"
26704,10420902527,10420902569,1,"IOTHUB_CLIENT_CONFIRMATION_OK"
26705,10420902727,10420902762,1,"IOTHUB_CLIENT_CONFIRMATION_OK"
26706,10420902927,10420902986,1,"IOTHUB_CLIENT_CONFIRMATION_OK"
26707,10420903127,10420903173,1,"IOTHUB_CLIENT_CONFIRMATION_OK"
26708,10420903327,10420903371,1,"IOTHUB_CLIENT_CONFIRMATION_OK"
26709,10420903528,10420903570,1,"IOTHUB_CLIENT_CONFIRMATION_OK"
26710,10420903728,10420903760,1,"IOTHUB_CLIENT_CONFIRMATION_OK"
26711,10420903928,10420903964,1,"IOTHUB_CLIENT_CONFIRMATION_OK"
26712,10420904128,10420904171,1,"IOTHUB_CLIENT_CONFIRMATION_OK"
26713,10420904328,10420904361,1,"IOTHUB_CLIENT_CONFIRMATION_OK"
26714,10420904529,10420904599,1,"IOTHUB_CLIENT_CONFIRMATION_OK"
26715,10420904730,10420904775,1,"IOTHUB_CLIENT_CONFIRMATION_OK"
26716,10420904930,10420904977,1,"IOTHUB_CLIENT_CONFIRMATION_OK"
26717,10420905130,10420905172,1,"IOTHUB_CLIENT_CONFIRMATION_OK"
26718,10420905330,10420905382,1,"IOTHUB_CLIENT_CONFIRMATION_OK"
26719,10420905530,10420905573,1,"IOTHUB_CLIENT_CONFIRMATION_OK"
26720,10420905730,10420905782,1,"IOTHUB_CLIENT_CONFIRMATION_OK"
26721,10420905931,10420905984,1,"IOTHUB_CLIENT_CONFIRMATION_OK"
26722,10420906131,10420906253,1,"IOTHUB_CLIENT_CONFIRMATION_OK"
26723,10420906331,10420906428,1,"IOTHUB_CLIENT_CONFIRMATION_OK"
26724,10420906531,10420906586,1,"IOTHUB_CLIENT_CONFIRMATION_OK"
26725,10420906731,10420906839,1,"IOTHUB_CLIENT_CONFIRMATION_OK"
26726,10420906931,10420907018,1,"IOTHUB_CLIENT_CONFIRMATION_OK"
26727,10420907131,10420907179,1,"IOTHUB_CLIENT_CONFIRMATION_OK"
26728,10420907332,10420907386,1,"IOTHUB_CLIENT_CONFIRMATION_OK"
26729,10420907532,10420907646,1,"IOTHUB_CLIENT_CONFIRMATION_OK"
26730,10420907732,10420907791,1,"IOTHUB_CLIENT_CONFIRMATION_OK"
26731,10420907932,10420907986,1,"IOTHUB_CLIENT_CONFIRMATION_OK"
26732,10420908132,10420908243,1,"IOTHUB_CLIENT_CONFIRMATION_OK"
26733,10420908332,10420908486,1,"IOTHUB_CLIENT_CONFIRMATION_OK"
26734,10420908533,10420908576,1,"IOTHUB_CLIENT_CONFIRMATION_OK"
26735,10420908733,10420908803,1,"IOTHUB_CLIENT_CONFIRMATION_OK"
26736,10420908933,10420908976,1,"IOTHUB_CLIENT_CONFIRMATION_OK"
26737,10420909133,10420909178,1,"IOTHUB_CLIENT_CONFIRMATION_OK"
26738,10420909333,10420909366,1,"IOTHUB_CLIENT_CONFIRMATION_OK"
26739,10420909533,10420909580,1,"IOTHUB_CLIENT_CONFIRMATION_OK"
26740,10420909733,10420909775,1,"IOTHUB_CLIENT_CONFIRMATION_OK"
26741,10420909934,10420909982,1,"IOTHUB_CLIENT_CONFIRMATION_OK"
26742,10420910134,10420910181,1,"IOTHUB_CLIENT_CONFIRMATION_OK"
26743,10420910334,10420910372,1,"IOTHUB_CLIENT_CONFIRMATION_OK"
26744,10420910534,10420910577,1,"IOTHUB_CLIENT_CONFIRMATION_OK"
26745,10420910734,10420910784,1,"IOTHUB_CLIENT_CONFIRMATION_OK"
26746,10420910934,10420910981,1,"IOTHUB_CLIENT_CONFIRMATION_OK"
26747,10420911135,10420911171,1,"IOTHUB_CLIENT_CONFIRMATION_OK"
26748,10420911335,10420911514,1,"IOTHUB_CLIENT_CONFIRMATION_OK"
26749,10420911535,10420911573,1,"IOTHUB_CLIENT_CONFIRMATION_OK"
26750,10420911735,10420911790,1,"IOTHUB_CLIENT_CONFIRMATION_OK"
26751,10420911935,10420911998,1,"IOTHUB_CLIENT_CONFIRMATION_OK"
26752,10420912135,10420912340,1,"IOTHUB_CLIENT_CONFIRMATION_OK"
26753,10420912336,10420912376,1,"IOTHUB_CLIENT_CONFIRMATION_OK"
26754,10420912536,10420912579,1,"IOTHUB_CLIENT_CONFIRMATION_OK"
26755,10420912736,10420912788,1,"IOTHUB_CLIENT_CONFIRMATION_OK"
26756,10420912936,10420912982,1,"IOTHUB_CLIENT_CONFIRMATION_OK"
26757,10420913136,10420913178,1,"IOTHUB_CLIENT_CONFIRMATION_OK"
26758,10420913336,10420913379,1,"IOTHUB_CLIENT_CONFIRMATION_OK"
26759,10420913536,10420913626,1,"IOTHUB_CLIENT_CONFIRMATION_OK"
26760,10420913737,10420913787,1,"IOTHUB_CLIENT_CONFIRMATION_OK"
26761,10420913937,10420913978,1,"IOTHUB_CLIENT_CONFIRMATION_OK"
26762,10420914137,10420914190,1,"IOTHUB_CLIENT_CONFIRMATION_OK"
26763,10420914337,10420914422,1,"IOTHUB_CLIENT_CONFIRMATION_OK"
26764,10420914537,10420914593,1,"IOTHUB_CLIENT_CONFIRMATION_OK"
26765,10420914737,10420914787,1,"IOTHUB_CLIENT_CONFIRMATION_OK"
26766,10420914938,10420914981,1,"IOTHUB_CLIENT_CONFIRMATION_OK"
26767,10420915138,10420915181,1,"IOTHUB_CLIENT_CONFIRMATION_OK"
26768,10420915338,10420915397,1,"IOTHUB_CLIENT_CONFIRMATION_OK"
26769,10420915538,10420915586,1,"IOTHUB_CLIENT_CONFIRMATION_OK"
26770,10420915738,10420915795,1,"IOTHUB_CLIENT_CONFIRMATION_OK"
26771,10420915938,10420915988,1,"IOTHUB_CLIENT_CONFIRMATION_OK"
26772,10420916138,10420916194,1,"IOTHUB_CLIENT_CONFIRMATION_OK"
26773,10420916339,10420916380,1,"IOTHUB_CLIENT_CONFIRMATION_OK"
26774,10420916539,10420916580,1,"IOTHUB_CLIENT_CONFIRMATION_OK"
26775,10420916739,10420916792,1,"IOTHUB_CLIENT_CONFIRMATION_OK"
26776,10420916939,10420916987,1,"IOTHUB_CLIENT_CONFIRMATION_OK"
26777,10420917139,10420917257,1,"IOTHUB_CLIENT_CONFIRMATION_OK"
26778,10420917339,10420917385,1,"IOTHUB_CLIENT_CONFIRMATION_OK"
26779,10420917540,10420917608,1,"IOTHUB_CLIENT_CONFIRMATION_OK"
26780,10420917740,10420917796,1,"IOTHUB_CLIENT_CONFIRMATION_OK"
26781,10420917940,10420917995,1,"IOTHUB_CLIENT_CONFIRMATION_OK"
26782,10420918140,10420918187,1,"IOTHUB_CLIENT_CONFIRMATION_OK"
26783,10420918340,10420918431,1,"IOTHUB_CLIENT_CONFIRMATION_OK"
26784,10420918540,10420918616,1,"IOTHUB_CLIENT_CONFIRMATION_OK"
26785,10420918740,10420918791,1,"IOTHUB_CLIENT_CONFIRMATION_OK"
26786,10420918941,10420919010,1,"IOTHUB_CLIENT_CONFIRMATION_OK"
26787,10420919141,10420919243,1,"IOTHUB_CLIENT_CONFIRMATION_OK"
26788,10420919341,10420919465,1,"IOTHUB_CLIENT_CONFIRMATION_OK"
26789,10420919541,10420919594,1,"IOTHUB_CLIENT_CONFIRMATION_OK"
26790,10420919741,10420919780,1,"IOTHUB_CLIENT_CONFIRMATION_OK"
26791,10420919941,10420919989,1,"IOTHUB_CLIENT_CONFIRMATION_OK"
26792,10420920141,10420920179,1,"IOTHUB_CLIENT_CONFIRMATION_OK"
26793,10420920342,10420920391,1,"IOTHUB_CLIENT_CONFIRMATION_OK"
26794,10420920542,10420920621,1,"IOTHUB_CLIENT_CONFIRMATION_OK"
26795,10420920742,10420920800,1,"IOTHUB_CLIENT_CONFIRMATION_OK"
26796,10420920942,10420920989,1,"IOTHUB_CLIENT_CONFIRMATION_OK"
26797,10420921142,10420921190,1,"IOTHUB_CLIENT_CONFIRMATION_OK"
26798,10420921342,10420921551,1,"IOTHUB_CLIENT_CONFIRMATION_OK"
26799,10420921543,10420921589,1,"IOTHUB_CLIENT_CONFIRMATION_OK"
26800,10420921743,10420921790,1,"IOTHUB_CLIENT_CONFIRMATION_OK"
26801,10420921943,10420921995,1,"IOTHUB_CLIENT_CONFIRMATION_OK"
26802,10420922143,10420922325,1,"IOTHUB_CLIENT_CONFIRMATION_OK"
26803,10420922343,10420922405,1,"IOTHUB_CLIENT_CONFIRMATION_OK"
26804,10420922543,10420922620,1,"IOTHUB_CLIENT_CONFIRMATION_OK"
26805,10420922744,10420922796,1,"IOTHUB_CLIENT_CONFIRMATION_OK"
26806,10420922944,10420922976,1,"IOTHUB_CLIENT_CONFIRMATION_OK"
26807,10420923144,10420923234,1,"IOTHUB_CLIENT_CONFIRMATION_OK"
26808,10420923344,10420923428,1,"IOTHUB_CLIENT_CONFIRMATION_OK"
26809,10420923544,10420923592,1,"IOTHUB_CLIENT_CONFIRMATION_OK"
26810,10420923744,10420923797,1,"IOTHUB_CLIENT_CONFIRMATION_OK"
26811,10420923944,10420923992,1,"IOTHUB_CLIENT_CONFIRMATION_OK"
26812,10420924145,10420924331,1,"IOTHUB_CLIENT_CONFIRMATION_OK"
26813,10420924345,10420924405,1,"IOTHUB_CLIENT_CONFIRMATION_OK"
26814,10420924545,10420924580,1,"IOTHUB_CLIENT_CONFIRMATION_OK"
26815,10420924745,10420924802,1,"IOTHUB_CLIENT_CONFIRMATION_OK"
26816,10420924945,10420924995,1,"IOTHUB_CLIENT_CONFIRMATION_OK"
26817,10420925145,10420925191,1,"IOTHUB_CLIENT_CONFIRMATION_OK"
26818,10420925346,10420925500,1,"IOTHUB_CLIENT_CONFIRMATION_OK"
26819,10420925546,10420925623,1,"IOTHUB_CLIENT_CONFIRMATION_OK"
26820,10420925746,10420925777,1,"IOTHUB_CLIENT_CONFIRMATION_OK"
26821,10420925946,10420925977,1,"IOTHUB_CLIENT_CONFIRMATION_OK"
26822,10420926146,10420926201,1,"IOTHUB_CLIENT_CONFIRMATION_OK"
26823,10420926346,10420926392,1,"IOTHUB_CLIENT_CONFIRMATION_OK"
26824,10420926547,10420926596,1,"IOTHUB_CLIENT_CONFIRMATION_OK"
26825,10420926747,10420926883,1,"IOTHUB_CLIENT_CONFIRMATION_OK"
26826,10420926947,10420927002,1,"IOTHUB_CLIENT_CONFIRMATION_OK"
26827,10420927147,10420927184,1,"IOTHUB_CLIENT_CONFIRMATION_OK"
26828,10420927347,10420927397,1,"IOTHUB_CLIENT_CONFIRMATION_OK"
26829,10420927547,10420927780,1,"IOTHUB_CLIENT_CONFIRMATION_OK"
26830,10420927748,10420927835,1,"IOTHUB_CLIENT_CONFIRMATION_OK"
26831,10420927948,10420927988,1,"IOTHUB_CLIENT_CONFIRMATION_OK"
26832,10420928148,10420928209,1,"IOTHUB_CLIENT_CONFIRMATION_OK"
26833,10420928348,10420928425,1,"IOTHUB_CLIENT_CONFIRMATION_OK"
26834,10420928548,10420928609,1,"IOTHUB_CLIENT_CONFIRMATION_OK"
26835,10420928748,10420928798,1,"IOTHUB_CLIENT_CONFIRMATION_OK"
26836,10420928948,10420928990,1,"IOTHUB_CLIENT_CONFIRMATION_OK"
26837,10420929149,10420929215,1,"IOTHUB_CLIENT_CONFIRMATION_OK"
26838,10420929349,10420929408,1,"IOTHUB_CLIENT_CONFIRMATION_OK"
26839,10420929549,10420929583,1,"IOTHUB_CLIENT_CONFIRMATION_OK"
26840,10420929749,10420929797,1,"IOTHUB_CLIENT_CONFIRMATION_OK"
26841,10420929949,10420930029,1,"IOTHUB_CLIENT_CONFIRMATION_OK"
26842,10420930149,10420930195,1,"IOTHUB_CLIENT_CONFIRMATION_OK"
26843,10420930350,10420930397,1,"IOTHUB_CLIENT_CONFIRMATION_OK"
26844,10420930550,10420930598,1,"IOTHUB_CLIENT_CONFIRMATION_OK"
26845,10420930750,10420930796,1,"IOTHUB_CLIENT_CONFIRMATION_OK"
26846,10420930950,10420930996,1,"IOTHUB_CLIENT_CONFIRMATION_OK"
26847,10420931150,10420931201,1,"IOTHUB_CLIENT_CONFIRMATION_OK"
26848,10420931350,10420931468,1,"IOTHUB_CLIENT_CONFIRMATION_OK"
26849,10420931550,10420931581,1,"IOTHUB_CLIENT_CONFIRMATION_OK"
26850,10420931751,10420931793,1,"IOTHUB_CLIENT_CONFIRMATION_OK"
26851,10420931951,10420932015,1,"IOTHUB_CLIENT_CONFIRMATION_OK"
26852,10420932151,10420932254,1,"IOTHUB_CLIENT_CONFIRMATION_OK"
26853,10420932351,10420932410,1,"IOTHUB_CLIENT_CONFIRMATION_OK"
26854,10420932551,10420932588,1,"IOTHUB_CLIENT_CONFIRMATION_OK"
26855,10420932751,10420932789,1,"IOTHUB_CLIENT_CONFIRMATION_OK"
26856,10420932952,10420933189,1,"IOTHUB_CLIENT_CONFIRMATION_OK"
26857,10420933152,10420933226,1,"IOTHUB_CLIENT_CONFIRMATION_OK"
26858,10420933352,10420933391,1,"IOTHUB_CLIENT_CONFIRMATION_OK"
26859,10420933552,10420933613,1,"IOTHUB_CLIENT_CONFIRMATION_OK"
26860,10420933752,10420933790,1,"IOTHUB_CLIENT_CONFIRMATION_OK"
26861,10420933952,10420933994,1,"IOTHUB_CLIENT_CONFIRMATION_OK"
26862,10420934152,10420934256,1,"IOTHUB_CLIENT_CONFIRMATION_OK"
26863,10420934353,10420934389,1,"IOTHUB_CLIENT_CONFIRMATION_OK"
26864,10420934553,10420934612,1,"IOTHUB_CLIENT_CONFIRMATION_OK"
26865,10420934753,10420934798,1,"IOTHUB_CLIENT_CONFIRMATION_OK"
26866,10420934953,10420934991,1,"IOTHUB_CLIENT_CONFIRMATION_OK"
26867,10420935153,10420935214,1,"IOTHUB_CLIENT_CONFIRMATION_OK"
26868,10420935353,10420935408,1,"IOTHUB_CLIENT_CONFIRMATION_OK"
26869,10420935553,10420935601,1,"IOTHUB_CLIENT_CONFIRMATION_OK"
26870,10420935754,10420935790,1,"IOTHUB_CLIENT_CONFIRMATION_OK"
26871,10420935954,10420936147,1,"IOTHUB_CLIENT_CONFIRMATION_OK"
26872,10420936154,10420936234,1,"IOTHUB_CLIENT_CONFIRMATION_OK"
26873,10420936354,10420936397,1,"IOTHUB_CLIENT_CONFIRMATION_OK"
26874,10420936554,10420936594,1,"IOTHUB_CLIENT_CONFIRMATION_OK"
26875,10420936754,10420936798,1,"IOTHUB_CLIENT_CONFIRMATION_OK"
26876,10420936955,10420936996,1,"IOTHUB_CLIENT_CONFIRMATION_OK"
26877,10420937155,10420937214,1,"IOTHUB_CLIENT_CONFIRMATION_OK"
26878,10420937355,10420937431,1,"IOTHUB_CLIENT_CONFIRMATION_OK"
26879,10420937555,10420937592,1,"IOTHUB_CLIENT_CONFIRMATION_OK"
26880,10420937755,10420937819,1,"IOTHUB_CLIENT_CONFIRMATION_OK"
26881,10420937955,10420937986,1,"IOTHUB_CLIENT_CONFIRMATION_OK"
26882,10420938156,10420938196,1,"IOTHUB_CLIENT_CONFIRMATION_OK"
26883,10420938356,10420938408,1,"IOTHUB_CLIENT_CONFIRMATION_OK"
26884,10420938556,10420938597,1,"IOTHUB_CLIENT_CONFIRMATION_OK"
26885,10420938756,10420938807,1,"IOTHUB_CLIENT_CONFIRMATION_OK"
26886,10420938956,10420939014,1,"IOTHUB_CLIENT_CONFIRMATION_OK"
26887,10420939156,10420939198,1,"IOTHUB_CLIENT_CONFIRMATION_OK"
26888,10420939357,10420939456,1,"IOTHUB_CLIENT_CONFIRMATION_OK"
26889,10420939557,10420939588,1,"IOTHUB_CLIENT_CONFIRMATION_OK"
26890,10420939757,10420939792,1,"IOTHUB_CLIENT_CONFIRMATION_OK"
26891,10420939957,10420940011,1,"IOTHUB_CLIENT_CONFIRMATION_OK"
26892,10420940157,10420940214,1,"IOTHUB_CLIENT_CONFIRMATION_OK"
26893,10420940357,10420940460,1,"IOTHUB_CLIENT_CONFIRMATION_OK"
26894,10420940557,10420940652,1,"IOTHUB_CLIENT_CONFIRMATION_OK"
26895,10420940758,10420940799,1,"IOTHUB_CLIENT_CONFIRMATION_OK"
26896,10420940958,10420940990,1,"IOTHUB_CLIENT_CONFIRMATION_OK"
26897,10420941158,10420941188,1,"IOTHUB_CLIENT_CONFIRMATION_OK"
26898,10420941358,10420941427,1,"IOTHUB_CLIENT_CONFIRMATION_OK"
26899,10420941558,10420941593,1,"IOTHUB_CLIENT_CONFIRMATION_OK"
26900,10420941758,10420941800,1,"IOTHUB_CLIENT_CONFIRMATION_OK"
26901,10420941958,10420942040,1,"IOTHUB_CLIENT_CONFIRMATION_OK"
26902,10420942159,10420942236,1,"IOTHUB_CLIENT_CONFIRMATION_OK"
26903,10420942359,10420942403,1,"IOTHUB_CLIENT_CONFIRMATION_OK"
26904,10420942559,10420942604,1,"IOTHUB_CLIENT_CONFIRMATION_OK"
26905,10420942759,10420942795,1,"IOTHUB_CLIENT_CONFIRMATION_OK"
26906,10420942959,10420943062,1,"IOTHUB_CLIENT_CONFIRMATION_OK"
26907,10420943159,10420943211,1,"IOTHUB_CLIENT_CONFIRMATION_OK"
26908,10420943360,10420943419,1,"IOTHUB_CLIENT_CONFIRMATION_OK"
26909,10420943560,10420943604,1,"IOTHUB_CLIENT_CONFIRMATION_OK"
26910,10420943760,10420943797,1,"IOTHUB_CLIENT_CONFIRMATION_OK"
26911,10420943960,10420943992,1,"IOTHUB_CLIENT_CONFIRMATION_OK"
26912,10420944160,10420944217,1,"IOTHUB_CLIENT_CONFIRMATION_OK"
26913,10420944360,10420944418,1,"IOTHUB_CLIENT_CONFIRMATION_OK"
26914,10420944560,10420944597,1,"IOTHUB_CLIENT_CONFIRMATION_OK"
26915,10420944761,10420944797,1,"IOTHUB_CLIENT_CONFIRMATION_OK"
26916,10420944961,10420944994,1,"IOTHUB_CLIENT_CONFIRMATION_OK"
26917,10420945161,10420945288,1,"IOTHUB_CLIENT_CONFIRMATION_OK"
26918,10420945361,10420945402,1,"IOTHUB_CLIENT_CONFIRMATION_OK"
26919,10420945561,10420945603,1,"IOTHUB_CLIENT_CONFIRMATION_OK"
26920,10420945761,10420945813,1,"IOTHUB_CLIENT_CONFIRMATION_OK"
26921,10420945962,10420946088,1,"IOTHUB_CLIENT_CONFIRMATION_OK"
26922,10420946162,10420946206,1,"IOTHUB_CLIENT_CONFIRMATION_OK"
26923,10420946362,10420946399,1,"IOTHUB_CLIENT_CONFIRMATION_OK"
26924,10420946562,10420946664,1,"IOTHUB_CLIENT_CONFIRMATION_OK"
26925,10420946762,10420946797,1,"IOTHUB_CLIENT_CONFIRMATION_OK"
26926,10420946962,10420947052,1,"IOTHUB_CLIENT_CONFIRMATION_OK"
26927,10420947162,10420947214,1,"IOTHUB_CLIENT_CONFIRMATION_OK"
26928,10420947363,10420947414,1,"IOTHUB_CLIENT_CONFIRMATION_OK"
26929,10420947563,10420947626,1,"IOTHUB_CLIENT_CONFIRMATION_OK"
26930,10420947763,10420947808,1,"IOTHUB_CLIENT_CONFIRMATION_OK"
26931,10420947963,10420948002,1,"IOTHUB_CLIENT_CONFIRMATION_OK"
26932,10420948163,10420948199,1,"IOTHUB_CLIENT_CONFIRMATION_OK"
26933,10420948363,10420948456,1,"IOTHUB_CLIENT_CONFIRMATION_OK"
26934,10420948564,10420948603,1,"IOTHUB_CLIENT_CONFIRMATION_OK"
26935,10420948764,10420948808,1,"IOTHUB_CLIENT_CONFIRMATION_OK"
26936,10420948964,10420949154,1,"IOTHUB_CLIENT_CONFIRMATION_OK"
26937,10420949164,10420949199,1,"IOTHUB_CLIENT_CONFIRMATION_OK"
26938,10420949364,10420949410,1,"IOTHUB_CLIENT_CONFIRMATION_OK"
26939,10420949564,10420949607,1,"IOTHUB_CLIENT_CONFIRMATION_OK"
26940,10420949764,10420949969,1,"IOTHUB_CLIENT_CONFIRMATION_OK"
26941,10420949965,10420950160,1,"IOTHUB_CLIENT_CONFIRMATION_OK"
26942,10420950165,10420950241,1,"IOTHUB_CLIENT_CONFIRMATION_OK"
26943,10420950365,10420950405,1,"IOTHUB_CLIENT_CONFIRMATION_OK"
26944,10420950565,10420950599,1,"IOTHUB_CLIENT_CONFIRMATION_OK"
26945,10420950765,10420950818,1,"IOTHUB_CLIENT_CONFIRMATION_OK"
26946,10420950965,10420951004,1,"IOTHUB_CLIENT_CONFIRMATION_OK"
26947,10420951166,10420951226,1,"IOTHUB_CLIENT_CONFIRMATION_OK"
26948,10420951366,10420951422,1,"IOTHUB_CLIENT_CONFIRMATION_OK"
26949,10420951566,10420951627,1,"IOTHUB_CLIENT_CONFIRMATION_OK"
26950,10420951766,10420951809,1,"IOTHUB_CLIENT_CONFIRMATION_OK"
26951,10420951966,10420952012,1,"IOTHUB_CLIENT_CONFIRMATION_OK"
26952,10420952166,10420952227,1,"IOTHUB_CLIENT_CONFIRMATION_OK"
26953,10420952367,10420952410,1,"IOTHUB_CLIENT_CONFIRMATION_OK"
26954,10420952567,10420952607,1,"IOTHUB_CLIENT_CONFIRMATION_OK"
26955,10420952767,10420952817,1,"IOTHUB_CLIENT_CONFIRMATION_OK"
26956,10420952967,10420953043,1,"IOTHUB_CLIENT_CONFIRMATION_OK"
26957,10420953167,10420953213,1,"IOTHUB_CLIENT_CONFIRMATION_OK"
26958,10420953367,10420953410,1,"IOTHUB_CLIENT_CONFIRMATION_OK"
26959,10420953568,10420953607,1,"IOTHUB_CLIENT_CONFIRMATION_OK"
26960,10420953768,10420953873,1,"IOTHUB_CLIENT_CONFIRMATION_OK"
26961,10420953968,10420954017,1,"IOTHUB_CLIENT_CONFIRMATION_OK"
26962,10420954168,10420954221,1,"IOTHUB_CLIENT_CONFIRMATION_OK"
26963,10420954368,10420954472,1,"IOTHUB_CLIENT_CONFIRMATION_OK"
26964,10420954569,10420954618,1,"IOTHUB_CLIENT_CONFIRMATION_OK"
26965,10420954769,10420954804,1,"IOTHUB_CLIENT_CONFIRMATION_OK"
26966,10420954969,10420955019,1,"IOTHUB_CLIENT_CONFIRMATION_OK"
26967,10420955169,10420955296,1,"IOTHUB_CLIENT_CONFIRMATION_OK"
26968,10420955369,10420955406,1,"IOTHUB_CLIENT_CONFIRMATION_OK"
26969,10420955569,10420955618,1,"IOTHUB_CLIENT_CONFIRMATION_OK"
26970,10420955769,10420955811,1,"IOTHUB_CLIENT_CONFIRMATION_OK"
26971,10420955970,10420956149,1,"IOTHUB_CLIENT_CONFIRMATION_OK"
26972,10420956170,10420956205,1,"IOTHUB_CLIENT_CONFIRMATION_OK"
26973,10420956370,10420956406,1,"IOTHUB_CLIENT_CONFIRMATION_OK"
26974,10420956570,10420956607,1,"IOTHUB_CLIENT_CONFIRMATION_OK"
26975,10420956770,10420956820,1,"IOTHUB_CLIENT_CONFIRMATION_OK"
26976,10420956970,10420957020,1,"IOTHUB_CLIENT_CONFIRMATION_OK"
26977,10420957170,10420957210,1,"IOTHUB_CLIENT_CONFIRMATION_OK"
26978,10420957371,10420957403,1,"IOTHUB_CLIENT_CONFIRMATION_OK"
26979,10420957571,10420957620,1,"IOTHUB_CLIENT_CONFIRMATION_OK"
26980,10420957771,10420957804,1,"IOTHUB_CLIENT_CONFIRMATION_OK"
26981,10420957971,10420958018,1,"IOTHUB_CLIENT_CONFIRMATION_OK"
26982,10420958171,10420958223,1,"IOTHUB_CLIENT_CONFIRMATION_OK"
26983,10420958371,10420958424,1,"IOTHUB_CLIENT_CONFIRMATION_OK"
26984,10420958571,10420958648,1,"IOTHUB_CLIENT_CONFIRMATION_OK"
26985,10420958772,10420958815,1,"IOTHUB_CLIENT_CONFIRMATION_OK"
26986,10420958972,10420959211,1,"IOTHUB_CLIENT_CONFIRMATION_OK"
26987,10420959172,10420959264,1,"IOTHUB_CLIENT_CONFIRMATION_OK"
26988,10420959372,10420959416,1,"IOTHUB_CLIENT_CONFIRMATION_OK"
26989,10420959572,10420959627,1,"IOTHUB_CLIENT_CONFIRMATION_OK"
26990,10420959772,10420959802,1,"IOTHUB_CLIENT_CONFIRMATION_OK"
26991,10420959973,10420960016,1,"IOTHUB_CLIENT_CONFIRMATION_OK"
26992,10420960173,10420960222,1,"IOTHUB_CLIENT_CONFIRMATION_OK"
26993,10420960373,10420960414,1,"IOTHUB_CLIENT_CONFIRMATION_OK"
26994,10420960573,10420960618,1,"IOTHUB_CLIENT_CONFIRMATION_OK"
26995,10420960773,10420960847,1,"IOTHUB_CLIENT_CONFIRMATION_OK"
26996,10420960973,10420961027,1,"IOTHUB_CLIENT_CONFIRMATION_OK"
26997,10420961174,10420961223,1,"IOTHUB_CLIENT_CONFIRMATION_OK"
26998,10420961374,10420961419,1,"IOTHUB_CLIENT_CONFIRMATION_OK"
26999,10420961579,10420961621,1,"IOTHUB_CLIENT_CONFIRMATION_OK"
