Message ID,Send Time,Receive Time,Status,Error
0,10406767798,10406767942,1,"IOTHUB_CLIENT_CONFIRMATION_OK"
1,10406767998,10406768039,1,"IOTHUB_CLIENT_CONFIRMATION_OK"
2,10406768198,10406768243,1,"IOTHUB_CLIENT_CONFIRMATION_OK"
3,10406768398,10406768435,1,"IOTHUB_CLIENT_CONFIRMATION_OK"
4,10406768598,10406768776,1,"IOTHUB_CLIENT_CONFIRMATION_OK"
5,10406768799,10406768838,1,"IOTHUB_CLIENT_CONFIRMATION_OK"
6,10406768999,10406769049,1,"IOTHUB_CLIENT_CONFIRMATION_OK"
7,10406769199,10406769247,1,"IOTHUB_CLIENT_CONFIRMATION_OK"
8,10406769399,10406769450,1,"IOTHUB_CLIENT_CONFIRMATION_OK"
9,10406769599,10406769649,1,"IOTHUB_CLIENT_CONFIRMATION_OK"
10,10406769799,10406769843,1,"IOTHUB_CLIENT_CONFIRMATION_OK"
11,10406769999,10406770035,1,"IOTHUB_CLIENT_CONFIRMATION_OK"
12,10406770200,10406770237,1,"IOTHUB_CLIENT_CONFIRMATION_OK"
13,10406770400,10406770439,1,"IOTHUB_CLIENT_CONFIRMATION_OK"
14,10406770600,10406770636,1,"IOTHUB_CLIENT_CONFIRMATION_OK"
15,10406770800,10406770846,1,"IOTHUB_CLIENT_CONFIRMATION_OK"
16,10406771000,10406771041,1,"IOTHUB_CLIENT_CONFIRMATION_OK"
17,10406771200,10406771246,1,"IOTHUB_CLIENT_CONFIRMATION_OK"
18,10406771400,10406771472,1,"IOTHUB_CLIENT_CONFIRMATION_OK"
19,10406771601,10406771644,1,"IOTHUB_CLIENT_CONFIRMATION_OK"
20,10406771801,10406771854,1,"IOTHUB_CLIENT_CONFIRMATION_OK"
21,10406772001,10406772061,1,"IOTHUB_CLIENT_CONFIRMATION_OK"
22,10406772201,10406772265,1,"IOTHUB_CLIENT_CONFIRMATION_OK"
23,10406772401,10406772471,1,"IOTHUB_CLIENT_CONFIRMATION_OK"
24,10406772601,10406772638,1,"IOTHUB_CLIENT_CONFIRMATION_OK"
25,10406772802,10406772850,1,"IOTHUB_CLIENT_CONFIRMATION_OK"
26,10406773002,10406773082,1,"IOTHUB_CLIENT_CONFIRMATION_OK"
27,10406773202,10406773236,1,"IOTHUB_CLIENT_CONFIRMATION_OK"
28,10406773402,10406773617,1,"IOTHUB_CLIENT_CONFIRMATION_OK"
29,10406773602,10406773649,1,"IOTHUB_CLIENT_CONFIRMATION_OK"
30,10406773802,10406773841,1,"IOTHUB_CLIENT_CONFIRMATION_OK"
31,10406774002,10406774102,1,"IOTHUB_CLIENT_CONFIRMATION_OK"
32,10406774203,10406774244,1,"IOTHUB_CLIENT_CONFIRMATION_OK"
33,10406774403,10406774446,1,"IOTHUB_CLIENT_CONFIRMATION_OK"
34,10406774603,10406774666,1,"IOTHUB_CLIENT_CONFIRMATION_OK"
35,10406774803,10406774846,1,"IOTHUB_CLIENT_CONFIRMATION_OK"
36,10406775003,10406775112,1,"IOTHUB_CLIENT_CONFIRMATION_OK"
37,10406775203,10406775244,1,"IOTHUB_CLIENT_CONFIRMATION_OK"
38,10406775404,10406775440,1,"IOTHUB_CLIENT_CONFIRMATION_OK"
39,10406775604,10406775649,1,"IOTHUB_CLIENT_CONFIRMATION_OK"
40,10406775804,10406775847,1,"IOTHUB_CLIENT_CONFIRMATION_OK"
41,10406776004,10406776041,1,"IOTHUB_CLIENT_CONFIRMATION_OK"
42,10406776204,10406776250,1,"IOTHUB_CLIENT_CONFIRMATION_OK"
43,10406776404,10406776443,1,"IOTHUB_CLIENT_CONFIRMATION_OK"
44,10406776605,10406776741,1,"IOTHUB_CLIENT_CONFIRMATION_OK"
45,10406776805,10406776847,1,"IOTHUB_CLIENT_CONFIRMATION_OK"
46,10406777005,10406777069,1,"IOTHUB_CLIENT_CONFIRMATION_OK"
47,10406777205,10406777250,1,"IOTHUB_CLIENT_CONFIRMATION_OK"
48,10406777405,10406777443,1,"IOTHUB_CLIENT_CONFIRMATION_OK"
49,10406777605,10406777747,1,"IOTHUB_CLIENT_CONFIRMATION_OK"
50,10406777805,10406777848,1,"IOTHUB_CLIENT_CONFIRMATION_OK"
51,10406778006,10406778049,1,"IOTHUB_CLIENT_CONFIRMATION_OK"
52,10406778206,10406778249,1,"IOTHUB_CLIENT_CONFIRMATION_OK"
53,10406778406,10406778443,1,"IOTHUB_CLIENT_CONFIRMATION_OK"
54,10406778606,10406778693,1,"IOTHUB_CLIENT_CONFIRMATION_OK"
55,10406778806,10406778889,1,"IOTHUB_CLIENT_CONFIRMATION_OK"
56,10406779006,10406779041,1,"IOTHUB_CLIENT_CONFIRMATION_OK"
57,10406779207,10406779290,1,"IOTHUB_CLIENT_CONFIRMATION_OK"
58,10406779407,10406779451,1,"IOTHUB_CLIENT_CONFIRMATION_OK"
59,10406779607,10406779648,1,"IOTHUB_CLIENT_CONFIRMATION_OK"
60,10406779807,10406779928,1,"IOTHUB_CLIENT_CONFIRMATION_OK"
61,10406780007,10406780056,1,"IOTHUB_CLIENT_CONFIRMATION_OK"
62,10406780207,10406780242,1,"IOTHUB_CLIENT_CONFIRMATION_OK"
63,10406780407,10406780448,1,"IOTHUB_CLIENT_CONFIRMATION_OK"
64,10406780608,10406780646,1,"IOTHUB_CLIENT_CONFIRMATION_OK"
65,10406780808,10406780938,1,"IOTHUB_CLIENT_CONFIRMATION_OK"
66,10406781008,10406781047,1,"IOTHUB_CLIENT_CONFIRMATION_OK"
67,10406781208,10406781248,1,"IOTHUB_CLIENT_CONFIRMATION_OK"
68,10406781408,10406781449,1,"IOTHUB_CLIENT_CONFIRMATION_OK"
69,10406781608,10406781663,1,"IOTHUB_CLIENT_CONFIRMATION_OK"
70,10406781809,10406781941,1,"IOTHUB_CLIENT_CONFIRMATION_OK"
71,10406782009,10406782046,1,"IOTHUB_CLIENT_CONFIRMATION_OK"
72,10406782209,10406782259,1,"IOTHUB_CLIENT_CONFIRMATION_OK"
73,10406782409,10406782559,1,"IOTHUB_CLIENT_CONFIRMATION_OK"
74,10406782609,10406782659,1,"IOTHUB_CLIENT_CONFIRMATION_OK"
75,10406782809,10406782856,1,"IOTHUB_CLIENT_CONFIRMATION_OK"
76,10406783009,10406783041,1,"IOTHUB_CLIENT_CONFIRMATION_OK"
77,10406783210,10406783258,1,"IOTHUB_CLIENT_CONFIRMATION_OK"
78,10406783410,10406783584,1,"IOTHUB_CLIENT_CONFIRMATION_OK"
79,10406783610,10406783652,1,"IOTHUB_CLIENT_CONFIRMATION_OK"
80,10406783810,10406783854,1,"IOTHUB_CLIENT_CONFIRMATION_OK"
81,10406784010,10406784059,1,"IOTHUB_CLIENT_CONFIRMATION_OK"
82,10406784210,10406784249,1,"IOTHUB_CLIENT_CONFIRMATION_OK"
83,10406784410,10406784449,1,"IOTHUB_CLIENT_CONFIRMATION_OK"
84,10406784611,10406784646,1,"IOTHUB_CLIENT_CONFIRMATION_OK"
85,10406784811,10406784853,1,"IOTHUB_CLIENT_CONFIRMATION_OK"
86,10406785011,10406785073,1,"IOTHUB_CLIENT_CONFIRMATION_OK"
87,10406785211,10406785252,1,"IOTHUB_CLIENT_CONFIRMATION_OK"
88,10406785411,10406785445,1,"IOTHUB_CLIENT_CONFIRMATION_OK"
89,10406785611,10406785741,1,"IOTHUB_CLIENT_CONFIRMATION_OK"
90,10406785811,10406785861,1,"IOTHUB_CLIENT_CONFIRMATION_OK"
91,10406786012,10406786059,1,"IOTHUB_CLIENT_CONFIRMATION_OK"
92,10406786212,10406786253,1,"IOTHUB_CLIENT_CONFIRMATION_OK"
93,10406786412,10406786448,1,"IOTHUB_CLIENT_CONFIRMATION_OK"
94,10406786612,10406786741,1,"IOTHUB_CLIENT_CONFIRMATION_OK"
95,10406786812,10406786847,1,"IOTHUB_CLIENT_CONFIRMATION_OK"
96,10406787012,10406787052,1,"IOTHUB_CLIENT_CONFIRMATION_OK"
97,10406787213,10406787248,1,"IOTHUB_CLIENT_CONFIRMATION_OK"
98,10406787413,10406787455,1,"IOTHUB_CLIENT_CONFIRMATION_OK"
99,10406787613,10406787648,1,"IOTHUB_CLIENT_CONFIRMATION_OK"
100,10406787813,10406787859,1,"IOTHUB_CLIENT_CONFIRMATION_OK"
101,10406788013,10406788052,1,"IOTHUB_CLIENT_CONFIRMATION_OK"
102,10406788213,10406788358,1,"IOTHUB_CLIENT_CONFIRMATION_OK"
103,10406788413,10406788459,1,"IOTHUB_CLIENT_CONFIRMATION_OK"
104,10406788614,10406788658,1,"IOTHUB_CLIENT_CONFIRMATION_OK"
105,10406788814,10406788862,1,"IOTHUB_CLIENT_CONFIRMATION_OK"
106,10406789014,10406789052,1,"IOTHUB_CLIENT_CONFIRMATION_OK"
107,10406789214,10406789368,1,"IOTHUB_CLIENT_CONFIRMATION_OK"
108,10406789414,10406789455,1,"IOTHUB_CLIENT_CONFIRMATION_OK"
109,10406789614,10406789653,1,"IOTHUB_CLIENT_CONFIRMATION_OK"
110,10406789815,10406789854,1,"IOTHUB_CLIENT_CONFIRMATION_OK"
111,10406790015,10406790062,1,"IOTHUB_CLIENT_CONFIRMATION_OK"
112,10406790215,10406790264,1,"IOTHUB_CLIENT_CONFIRMATION_OK"
113,10406790415,10406790464,1,"IOTHUB_CLIENT_CONFIRMATION_OK"
114,10406790615,10406790655,1,"IOTHUB_CLIENT_CONFIRMATION_OK"
115,10406790815,10406790882,1,"IOTHUB_CLIENT_CONFIRMATION_OK"
116,10406791015,10406791057,1,"IOTHUB_CLIENT_CONFIRMATION_OK"
117,10406791216,10406791256,1,"IOTHUB_CLIENT_CONFIRMATION_OK"
118,10406791416,10406791473,1,"IOTHUB_CLIENT_CONFIRMATION_OK"
119,10406791616,10406791678,1,"IOTHUB_CLIENT_CONFIRMATION_OK"
120,10406791816,10406791864,1,"IOTHUB_CLIENT_CONFIRMATION_OK"
121,10406792016,10406792067,1,"IOTHUB_CLIENT_CONFIRMATION_OK"
122,10406792216,10406792255,1,"IOTHUB_CLIENT_CONFIRMATION_OK"
123,10406792417,10406792481,1,"IOTHUB_CLIENT_CONFIRMATION_OK"
124,10406792617,10406792663,1,"IOTHUB_CLIENT_CONFIRMATION_OK"
125,10406792817,10406792857,1,"IOTHUB_CLIENT_CONFIRMATION_OK"
126,10406793017,10406793126,1,"IOTHUB_CLIENT_CONFIRMATION_OK"
127,10406793217,10406793257,1,"IOTHUB_CLIENT_CONFIRMATION_OK"
128,10406793417,10406793592,1,"IOTHUB_CLIENT_CONFIRMATION_OK"
129,10406793618,10406793684,1,"IOTHUB_CLIENT_CONFIRMATION_OK"
130,10406793818,10406793867,1,"IOTHUB_CLIENT_CONFIRMATION_OK"
131,10406794018,10406794053,1,"IOTHUB_CLIENT_CONFIRMATION_OK"
132,10406794218,10406794257,1,"IOTHUB_CLIENT_CONFIRMATION_OK"
133,10406794418,10406794462,1,"IOTHUB_CLIENT_CONFIRMATION_OK"
134,10406794618,10406794666,1,"IOTHUB_CLIENT_CONFIRMATION_OK"
135,10406794819,10406794858,1,"IOTHUB_CLIENT_CONFIRMATION_OK"
136,10406795019,10406795062,1,"IOTHUB_CLIENT_CONFIRMATION_OK"
137,10406795219,10406795281,1,"IOTHUB_CLIENT_CONFIRMATION_OK"
138,10406795419,10406795461,1,"IOTHUB_CLIENT_CONFIRMATION_OK"
139,10406795619,10406795654,1,"IOTHUB_CLIENT_CONFIRMATION_OK"
140,10406795819,10406795865,1,"IOTHUB_CLIENT_CONFIRMATION_OK"
141,10406796019,10406796066,1,"IOTHUB_CLIENT_CONFIRMATION_OK"
142,10406796220,10406796268,1,"IOTHUB_CLIENT_CONFIRMATION_OK"
143,10406796420,10406796459,1,"IOTHUB_CLIENT_CONFIRMATION_OK"
144,10406796620,10406796670,1,"IOTHUB_CLIENT_CONFIRMATION_OK"
145,10406796820,10406796876,1,"IOTHUB_CLIENT_CONFIRMATION_OK"
146,10406797020,10406797060,1,"IOTHUB_CLIENT_CONFIRMATION_OK"
147,10406797220,10406797298,1,"IOTHUB_CLIENT_CONFIRMATION_OK"
148,10406797420,10406797457,1,"IOTHUB_CLIENT_CONFIRMATION_OK"
149,10406797621,10406797682,1,"IOTHUB_CLIENT_CONFIRMATION_OK"
150,10406797821,10406797869,1,"IOTHUB_CLIENT_CONFIRMATION_OK"
151,10406798021,10406798094,1,"IOTHUB_CLIENT_CONFIRMATION_OK"
152,10406798221,10406798301,1,"IOTHUB_CLIENT_CONFIRMATION_OK"
153,10406798421,10406798467,1,"IOTHUB_CLIENT_CONFIRMATION_OK"
154,10406798621,10406798662,1,"IOTHUB_CLIENT_CONFIRMATION_OK"
155,10406798822,10406798861,1,"IOTHUB_CLIENT_CONFIRMATION_OK"
156,10406799022,10406799061,1,"IOTHUB_CLIENT_CONFIRMATION_OK"
157,10406799222,10406799306,1,"IOTHUB_CLIENT_CONFIRMATION_OK"
158,10406799422,10406799466,1,"IOTHUB_CLIENT_CONFIRMATION_OK"
159,10406799622,10406799698,1,"IOTHUB_CLIENT_CONFIRMATION_OK"
160,10406799822,10406799946,1,"IOTHUB_CLIENT_CONFIRMATION_OK"
161,10406800023,10406800063,1,"IOTHUB_CLIENT_CONFIRMATION_OK"
162,10406800223,10406800271,1,"IOTHUB_CLIENT_CONFIRMATION_OK"
163,10406800423,10406800468,1,"IOTHUB_CLIENT_CONFIRMATION_OK"
164,10406800623,10406800672,1,"IOTHUB_CLIENT_CONFIRMATION_OK"
165,10406800823,10406800931,1,"IOTHUB_CLIENT_CONFIRMATION_OK"
166,10406801023,10406801063,1,"IOTHUB_CLIENT_CONFIRMATION_OK"
167,10406801223,10406801261,1,"IOTHUB_CLIENT_CONFIRMATION_OK"
168,10406801424,10406801464,1,"IOTHUB_CLIENT_CONFIRMATION_OK"
169,10406801624,10406801681,1,"IOTHUB_CLIENT_CONFIRMATION_OK"
170,10406801824,10406801989,1,"IOTHUB_CLIENT_CONFIRMATION_OK"
171,10406802024,10406802066,1,"IOTHUB_CLIENT_CONFIRMATION_OK"
172,10406802224,10406802270,1,"IOTHUB_CLIENT_CONFIRMATION_OK"
173,10406802424,10406802507,1,"IOTHUB_CLIENT_CONFIRMATION_OK"
174,10406802625,10406802661,1,"IOTHUB_CLIENT_CONFIRMATION_OK"
175,10406802825,10406802938,1,"IOTHUB_CLIENT_CONFIRMATION_OK"
176,10406803025,10406803073,1,"IOTHUB_CLIENT_CONFIRMATION_OK"
177,10406803225,10406803271,1,"IOTHUB_CLIENT_CONFIRMATION_OK"
178,10406803425,10406803583,1,"IOTHUB_CLIENT_CONFIRMATION_OK"
179,10406803625,10406803681,1,"IOTHUB_CLIENT_CONFIRMATION_OK"
180,10406803825,10406803867,1,"IOTHUB_CLIENT_CONFIRMATION_OK"
181,10406804026,10406804073,1,"IOTHUB_CLIENT_CONFIRMATION_OK"
182,10406804226,10406804268,1,"IOTHUB_CLIENT_CONFIRMATION_OK"
183,10406804426,10406804479,1,"IOTHUB_CLIENT_CONFIRMATION_OK"
184,10406804626,10406804668,1,"IOTHUB_CLIENT_CONFIRMATION_OK"
185,10406804826,10406804866,1,"IOTHUB_CLIENT_CONFIRMATION_OK"
186,10406805026,10406805076,1,"IOTHUB_CLIENT_CONFIRMATION_OK"
187,10406805227,10406805265,1,"IOTHUB_CLIENT_CONFIRMATION_OK"
188,10406805427,10406805463,1,"IOTHUB_CLIENT_CONFIRMATION_OK"
189,10406805627,10406805875,1,"IOTHUB_CLIENT_CONFIRMATION_OK"
190,10406805827,10406805910,1,"IOTHUB_CLIENT_CONFIRMATION_OK"
191,10406806027,10406806109,1,"IOTHUB_CLIENT_CONFIRMATION_OK"
192,10406806227,10406806292,1,"IOTHUB_CLIENT_CONFIRMATION_OK"
193,10406806428,10406806466,1,"IOTHUB_CLIENT_CONFIRMATION_OK"
194,10406806628,10406806688,1,"IOTHUB_CLIENT_CONFIRMATION_OK"
195,10406806828,10406806878,1,"IOTHUB_CLIENT_CONFIRMATION_OK"
196,10406807028,10406807098,1,"IOTHUB_CLIENT_CONFIRMATION_OK"
197,10406807228,10406807300,1,"IOTHUB_CLIENT_CONFIRMATION_OK"
198,10406807428,10406807468,1,"IOTHUB_CLIENT_CONFIRMATION_OK"
199,10406807628,10406807702,1,"IOTHUB_CLIENT_CONFIRMATION_OK"
200,10406807829,10406807874,1,"IOTHUB_CLIENT_CONFIRMATION_OK"
201,10406808029,10406808064,1,"IOTHUB_CLIENT_CONFIRMATION_OK"
202,10406808229,10406808312,1,"IOTHUB_CLIENT_CONFIRMATION_OK"
203,10406808429,10406808468,1,"IOTHUB_CLIENT_CONFIRMATION_OK"
204,10406808629,10406808674,1,"IOTHUB_CLIENT_CONFIRMATION_OK"
205,10406808829,10406808866,1,"IOTHUB_CLIENT_CONFIRMATION_OK"
206,10406809029,10406809076,1,"IOTHUB_CLIENT_CONFIRMATION_OK"
207,10406809230,10406809336,1,"IOTHUB_CLIENT_CONFIRMATION_OK"
208,10406809430,10406809473,1,"IOTHUB_CLIENT_CONFIRMATION_OK"
209,10406809630,10406809670,1,"IOTHUB_CLIENT_CONFIRMATION_OK"
210,10406809830,10406809937,1,"IOTHUB_CLIENT_CONFIRMATION_OK"
211,10406810030,10406810075,1,"IOTHUB_CLIENT_CONFIRMATION_OK"
212,10406810230,10406810273,1,"IOTHUB_CLIENT_CONFIRMATION_OK"
213,10406810431,10406810479,1,"IOTHUB_CLIENT_CONFIRMATION_OK"
214,10406810631,10406810673,1,"IOTHUB_CLIENT_CONFIRMATION_OK"
215,10406810831,10406810974,1,"IOTHUB_CLIENT_CONFIRMATION_OK"
216,10406811031,10406811077,1,"IOTHUB_CLIENT_CONFIRMATION_OK"
217,10406811231,10406811268,1,"IOTHUB_CLIENT_CONFIRMATION_OK"
218,10406811431,10406811472,1,"IOTHUB_CLIENT_CONFIRMATION_OK"
219,10406811631,10406811673,1,"IOTHUB_CLIENT_CONFIRMATION_OK"
220,10406811832,10406811980,1,"IOTHUB_CLIENT_CONFIRMATION_OK"
221,10406812032,10406812086,1,"IOTHUB_CLIENT_CONFIRMATION_OK"
222,10406812232,10406812289,1,"IOTHUB_CLIENT_CONFIRMATION_OK"
223,10406812432,10406812478,1,"IOTHUB_CLIENT_CONFIRMATION_OK"
224,10406812632,10406812676,1,"IOTHUB_CLIENT_CONFIRMATION_OK"
225,10406812832,10406812875,1,"IOTHUB_CLIENT_CONFIRMATION_OK"
226,10406813033,10406813073,1,"IOTHUB_CLIENT_CONFIRMATION_OK"
227,10406813233,10406813280,1,"IOTHUB_CLIENT_CONFIRMATION_OK"
228,10406813433,10406813479,1,"IOTHUB_CLIENT_CONFIRMATION_OK"
229,10406813633,10406813677,1,"IOTHUB_CLIENT_CONFIRMATION_OK"
230,10406813833,10406813882,1,"IOTHUB_CLIENT_CONFIRMATION_OK"
231,10406814033,10406814076,1,"IOTHUB_CLIENT_CONFIRMATION_OK"
232,10406814234,10406814290,1,"IOTHUB_CLIENT_CONFIRMATION_OK"
233,10406814434,10406814474,1,"IOTHUB_CLIENT_CONFIRMATION_OK"
234,10406814634,10406814729,1,"IOTHUB_CLIENT_CONFIRMATION_OK"
235,10406814834,10406814880,1,"IOTHUB_CLIENT_CONFIRMATION_OK"
236,10406815034,10406815092,1,"IOTHUB_CLIENT_CONFIRMATION_OK"
237,10406815234,10406815278,1,"IOTHUB_CLIENT_CONFIRMATION_OK"
238,10406815435,10406815480,1,"IOTHUB_CLIENT_CONFIRMATION_OK"
239,10406815635,10406815699,1,"IOTHUB_CLIENT_CONFIRMATION_OK"
240,10406815835,10406815881,1,"IOTHUB_CLIENT_CONFIRMATION_OK"
241,10406816035,10406816070,1,"IOTHUB_CLIENT_CONFIRMATION_OK"
242,10406816235,10406816281,1,"IOTHUB_CLIENT_CONFIRMATION_OK"
243,10406816435,10406816495,1,"IOTHUB_CLIENT_CONFIRMATION_OK"
244,10406816635,10406816719,1,"IOTHUB_CLIENT_CONFIRMATION_OK"
245,10406816836,10406816896,1,"IOTHUB_CLIENT_CONFIRMATION_OK"
246,10406817036,10406817077,1,"IOTHUB_CLIENT_CONFIRMATION_OK"
247,10406817236,10406817277,1,"IOTHUB_CLIENT_CONFIRMATION_OK"
248,10406817436,10406817470,1,"IOTHUB_CLIENT_CONFIRMATION_OK"
249,10406817636,10406817738,1,"IOTHUB_CLIENT_CONFIRMATION_OK"
250,10406817836,10406817890,1,"IOTHUB_CLIENT_CONFIRMATION_OK"
251,10406818037,10406818081,1,"IOTHUB_CLIENT_CONFIRMATION_OK"
252,10406818237,10406818457,1,"IOTHUB_CLIENT_CONFIRMATION_OK"
253,10406818437,10406818493,1,"IOTHUB_CLIENT_CONFIRMATION_OK"
254,10406818637,10406818682,1,"IOTHUB_CLIENT_CONFIRMATION_OK"
255,10406818837,10406818878,1,"IOTHUB_CLIENT_CONFIRMATION_OK"
256,10406819037,10406819080,1,"IOTHUB_CLIENT_CONFIRMATION_OK"
257,10406819237,10406819362,1,"IOTHUB_CLIENT_CONFIRMATION_OK"
258,10406819438,10406819485,1,"IOTHUB_CLIENT_CONFIRMATION_OK"
259,10406819638,10406819680,1,"IOTHUB_CLIENT_CONFIRMATION_OK"
260,10406819838,10406819881,1,"IOTHUB_CLIENT_CONFIRMATION_OK"
261,10406820038,10406820077,1,"IOTHUB_CLIENT_CONFIRMATION_OK"
262,10406820238,10406820281,1,"IOTHUB_CLIENT_CONFIRMATION_OK"
263,10406820438,10406820477,1,"IOTHUB_CLIENT_CONFIRMATION_OK"
264,10406820639,10406820676,1,"IOTHUB_CLIENT_CONFIRMATION_OK"
265,10406820839,10406820984,1,"IOTHUB_CLIENT_CONFIRMATION_OK"
266,10406821039,10406821085,1,"IOTHUB_CLIENT_CONFIRMATION_OK"
267,10406821239,10406821277,1,"IOTHUB_CLIENT_CONFIRMATION_OK"
268,10406821439,10406821480,1,"IOTHUB_CLIENT_CONFIRMATION_OK"
269,10406821639,10406821678,1,"IOTHUB_CLIENT_CONFIRMATION_OK"
270,10406821839,10406822014,1,"IOTHUB_CLIENT_CONFIRMATION_OK"
271,10406822040,10406822083,1,"IOTHUB_CLIENT_CONFIRMATION_OK"
272,10406822240,10406822276,1,"IOTHUB_CLIENT_CONFIRMATION_OK"
273,10406822440,10406822494,1,"IOTHUB_CLIENT_CONFIRMATION_OK"
274,10406822640,10406822687,1,"IOTHUB_CLIENT_CONFIRMATION_OK"
275,10406822840,10406822882,1,"IOTHUB_CLIENT_CONFIRMATION_OK"
276,10406823040,10406823080,1,"IOTHUB_CLIENT_CONFIRMATION_OK"
277,10406823240,10406823286,1,"IOTHUB_CLIENT_CONFIRMATION_OK"
278,10406823441,10406823639,1,"IOTHUB_CLIENT_CONFIRMATION_OK"
279,10406823641,10406823740,1,"IOTHUB_CLIENT_CONFIRMATION_OK"
280,10406823841,10406823897,1,"IOTHUB_CLIENT_CONFIRMATION_OK"
281,10406824041,10406824107,1,"IOTHUB_CLIENT_CONFIRMATION_OK"
282,10406824241,10406824291,1,"IOTHUB_CLIENT_CONFIRMATION_OK"
283,10406824441,10406824479,1,"IOTHUB_CLIENT_CONFIRMATION_OK"
284,10406824642,10406824685,1,"IOTHUB_CLIENT_CONFIRMATION_OK"
285,10406824842,10406824885,1,"IOTHUB_CLIENT_CONFIRMATION_OK"
286,10406825042,10406825085,1,"IOTHUB_CLIENT_CONFIRMATION_OK"
287,10406825242,10406825289,1,"IOTHUB_CLIENT_CONFIRMATION_OK"
288,10406825442,10406825495,1,"IOTHUB_CLIENT_CONFIRMATION_OK"
289,10406825642,10406825710,1,"IOTHUB_CLIENT_CONFIRMATION_OK"
290,10406825842,10406825874,1,"IOTHUB_CLIENT_CONFIRMATION_OK"
291,10406826043,10406826087,1,"IOTHUB_CLIENT_CONFIRMATION_OK"
292,10406826243,10406826295,1,"IOTHUB_CLIENT_CONFIRMATION_OK"
293,10406826443,10406826481,1,"IOTHUB_CLIENT_CONFIRMATION_OK"
294,10406826643,10406826721,1,"IOTHUB_CLIENT_CONFIRMATION_OK"
295,10406826843,10406826888,1,"IOTHUB_CLIENT_CONFIRMATION_OK"
296,10406827043,10406827099,1,"IOTHUB_CLIENT_CONFIRMATION_OK"
297,10406827244,10406827280,1,"IOTHUB_CLIENT_CONFIRMATION_OK"
298,10406827444,10406827490,1,"IOTHUB_CLIENT_CONFIRMATION_OK"
299,10406827644,10406827747,1,"IOTHUB_CLIENT_CONFIRMATION_OK"
300,10406827844,10406827885,1,"IOTHUB_CLIENT_CONFIRMATION_OK"
301,10406828044,10406828088,1,"IOTHUB_CLIENT_CONFIRMATION_OK"
302,10406828244,10406828285,1,"IOTHUB_CLIENT_CONFIRMATION_OK"
303,10406828445,10406828485,1,"IOTHUB_CLIENT_CONFIRMATION_OK"
304,10406828645,10406828682,1,"IOTHUB_CLIENT_CONFIRMATION_OK"
305,10406828845,10406828883,1,"IOTHUB_CLIENT_CONFIRMATION_OK"
306,10406829045,10406829100,1,"IOTHUB_CLIENT_CONFIRMATION_OK"
307,10406829245,10406829427,1,"IOTHUB_CLIENT_CONFIRMATION_OK"
308,10406829445,10406829481,1,"IOTHUB_CLIENT_CONFIRMATION_OK"
309,10406829646,10406829685,1,"IOTHUB_CLIENT_CONFIRMATION_OK"
310,10406829846,10406829911,1,"IOTHUB_CLIENT_CONFIRMATION_OK"
311,10406830046,10406830093,1,"IOTHUB_CLIENT_CONFIRMATION_OK"
312,10406830246,10406830283,1,"IOTHUB_CLIENT_CONFIRMATION_OK"
313,10406830446,10406830486,1,"IOTHUB_CLIENT_CONFIRMATION_OK"
314,10406830646,10406830690,1,"IOTHUB_CLIENT_CONFIRMATION_OK"
315,10406830846,10406830897,1,"IOTHUB_CLIENT_CONFIRMATION_OK"
316,10406831047,10406831085,1,"IOTHUB_CLIENT_CONFIRMATION_OK"
317,10406831247,10406831281,1,"IOTHUB_CLIENT_CONFIRMATION_OK"
318,10406831447,10406831511,1,"IOTHUB_CLIENT_CONFIRMATION_OK"
319,10406831647,10406831692,1,"IOTHUB_CLIENT_CONFIRMATION_OK"
320,10406831847,10406831890,1,"IOTHUB_CLIENT_CONFIRMATION_OK"
321,10406832047,10406832084,1,"IOTHUB_CLIENT_CONFIRMATION_OK"
322,10406832248,10406832301,1,"IOTHUB_CLIENT_CONFIRMATION_OK"
323,10406832448,10406832560,1,"IOTHUB_CLIENT_CONFIRMATION_OK"
324,10406832648,10406832773,1,"IOTHUB_CLIENT_CONFIRMATION_OK"
325,10406832848,10406832889,1,"IOTHUB_CLIENT_CONFIRMATION_OK"
326,10406833048,10406833087,1,"IOTHUB_CLIENT_CONFIRMATION_OK"
327,10406833248,10406833288,1,"IOTHUB_CLIENT_CONFIRMATION_OK"
328,10406833449,10406833570,1,"IOTHUB_CLIENT_CONFIRMATION_OK"
329,10406833649,10406833683,1,"IOTHUB_CLIENT_CONFIRMATION_OK"
330,10406833849,10406833892,1,"IOTHUB_CLIENT_CONFIRMATION_OK"
331,10406834049,10406834111,1,"IOTHUB_CLIENT_CONFIRMATION_OK"
332,10406834249,10406834299,1,"IOTHUB_CLIENT_CONFIRMATION_OK"
333,10406834449,10406834493,1,"IOTHUB_CLIENT_CONFIRMATION_OK"
334,10406834649,10406834682,1,"IOTHUB_CLIENT_CONFIRMATION_OK"
335,10406834850,10406834893,1,"IOTHUB_CLIENT_CONFIRMATION_OK"
336,10406835050,10406835215,1,"IOTHUB_CLIENT_CONFIRMATION_OK"
337,10406835250,10406835295,1,"IOTHUB_CLIENT_CONFIRMATION_OK"
338,10406835450,10406835501,1,"IOTHUB_CLIENT_CONFIRMATION_OK"
339,10406835650,10406835689,1,"IOTHUB_CLIENT_CONFIRMATION_OK"
340,10406835850,10406835902,1,"IOTHUB_CLIENT_CONFIRMATION_OK"
341,10406836050,10406836091,1,"IOTHUB_CLIENT_CONFIRMATION_OK"
342,10406836251,10406836299,1,"IOTHUB_CLIENT_CONFIRMATION_OK"
343,10406836451,10406836492,1,"IOTHUB_CLIENT_CONFIRMATION_OK"
344,10406836651,10406836696,1,"IOTHUB_CLIENT_CONFIRMATION_OK"
345,10406836851,10406836894,1,"IOTHUB_CLIENT_CONFIRMATION_OK"
346,10406837051,10406837107,1,"IOTHUB_CLIENT_CONFIRMATION_OK"
347,10406837251,10406837306,1,"IOTHUB_CLIENT_CONFIRMATION_OK"
348,10406837452,10406837493,1,"IOTHUB_CLIENT_CONFIRMATION_OK"
349,10406837652,10406837696,1,"IOTHUB_CLIENT_CONFIRMATION_OK"
350,10406837852,10406837906,1,"IOTHUB_CLIENT_CONFIRMATION_OK"
351,10406838052,10406838085,1,"IOTHUB_CLIENT_CONFIRMATION_OK"
352,10406838252,10406838298,1,"IOTHUB_CLIENT_CONFIRMATION_OK"
353,10406838452,10406838494,1,"IOTHUB_CLIENT_CONFIRMATION_OK"
354,10406838653,10406838698,1,"IOTHUB_CLIENT_CONFIRMATION_OK"
355,10406838853,10406838919,1,"IOTHUB_CLIENT_CONFIRMATION_OK"
356,10406839053,10406839093,1,"IOTHUB_CLIENT_CONFIRMATION_OK"
357,10406839253,10406839330,1,"IOTHUB_CLIENT_CONFIRMATION_OK"
358,10406839453,10406839507,1,"IOTHUB_CLIENT_CONFIRMATION_OK"
359,10406839653,10406839694,1,"IOTHUB_CLIENT_CONFIRMATION_OK"
360,10406839853,10406839953,1,"IOTHUB_CLIENT_CONFIRMATION_OK"
361,10406840054,10406840094,1,"IOTHUB_CLIENT_CONFIRMATION_OK"
362,10406840254,10406840292,1,"IOTHUB_CLIENT_CONFIRMATION_OK"
363,10406840454,10406840499,1,"IOTHUB_CLIENT_CONFIRMATION_OK"
364,10406840654,10406840688,1,"IOTHUB_CLIENT_CONFIRMATION_OK"
365,10406840854,10406840999,1,"IOTHUB_CLIENT_CONFIRMATION_OK"
366,10406841054,10406841092,1,"IOTHUB_CLIENT_CONFIRMATION_OK"
367,10406841254,10406841289,1,"IOTHUB_CLIENT_CONFIRMATION_OK"
368,10406841455,10406841497,1,"IOTHUB_CLIENT_CONFIRMATION_OK"
369,10406841655,10406841786,1,"IOTHUB_CLIENT_CONFIRMATION_OK"
370,10406841855,10406842003,1,"IOTHUB_CLIENT_CONFIRMATION_OK"
371,10406842055,10406842095,1,"IOTHUB_CLIENT_CONFIRMATION_OK"
372,10406842255,10406842328,1,"IOTHUB_CLIENT_CONFIRMATION_OK"
373,10406842455,10406842491,1,"IOTHUB_CLIENT_CONFIRMATION_OK"
374,10406842655,10406842703,1,"IOTHUB_CLIENT_CONFIRMATION_OK"
375,10406842856,10406842890,1,"IOTHUB_CLIENT_CONFIRMATION_OK"
376,10406843056,10406843094,1,"IOTHUB_CLIENT_CONFIRMATION_OK"
377,10406843256,10406843302,1,"IOTHUB_CLIENT_CONFIRMATION_OK"
378,10406843456,10406843630,1,"IOTHUB_CLIENT_CONFIRMATION_OK"
379,10406843656,10406843696,1,"IOTHUB_CLIENT_CONFIRMATION_OK"
380,10406843856,10406843894,1,"IOTHUB_CLIENT_CONFIRMATION_OK"
381,10406844057,10406844108,1,"IOTHUB_CLIENT_CONFIRMATION_OK"
382,10406844257,10406844300,1,"IOTHUB_CLIENT_CONFIRMATION_OK"
383,10406844457,10406844498,1,"IOTHUB_CLIENT_CONFIRMATION_OK"
384,10406844657,10406844699,1,"IOTHUB_CLIENT_CONFIRMATION_OK"
385,10406844857,10406844894,1,"IOTHUB_CLIENT_CONFIRMATION_OK"
386,10406845057,10406845101,1,"IOTHUB_CLIENT_CONFIRMATION_OK"
387,10406845258,10406845298,1,"IOTHUB_CLIENT_CONFIRMATION_OK"
388,10406845458,10406845515,1,"IOTHUB_CLIENT_CONFIRMATION_OK"
389,10406845658,10406845723,1,"IOTHUB_CLIENT_CONFIRMATION_OK"
390,10406845858,10406845906,1,"IOTHUB_CLIENT_CONFIRMATION_OK"
391,10406846058,10406846101,1,"IOTHUB_CLIENT_CONFIRMATION_OK"
392,10406846258,10406846296,1,"IOTHUB_CLIENT_CONFIRMATION_OK"
393,10406846458,10406846512,1,"IOTHUB_CLIENT_CONFIRMATION_OK"
394,10406846659,10406846720,1,"IOTHUB_CLIENT_CONFIRMATION_OK"
395,10406846859,10406846902,1,"IOTHUB_CLIENT_CONFIRMATION_OK"
396,10406847059,10406847095,1,"IOTHUB_CLIENT_CONFIRMATION_OK"
397,10406847259,10406847348,1,"IOTHUB_CLIENT_CONFIRMATION_OK"
398,10406847459,10406847497,1,"IOTHUB_CLIENT_CONFIRMATION_OK"
399,10406847659,10406847745,1,"IOTHUB_CLIENT_CONFIRMATION_OK"
400,10406847859,10406847924,1,"IOTHUB_CLIENT_CONFIRMATION_OK"
401,10406848060,10406848104,1,"IOTHUB_CLIENT_CONFIRMATION_OK"
402,10406848260,10406848349,1,"IOTHUB_CLIENT_CONFIRMATION_OK"
403,10406848460,10406848494,1,"IOTHUB_CLIENT_CONFIRMATION_OK"
404,10406848660,10406848692,1,"IOTHUB_CLIENT_CONFIRMATION_OK"
405,10406848860,10406848900,1,"IOTHUB_CLIENT_CONFIRMATION_OK"
406,10406849060,10406849120,1,"IOTHUB_CLIENT_CONFIRMATION_OK"
407,10406849260,10406849369,1,"IOTHUB_CLIENT_CONFIRMATION_OK"
408,10406849461,10406849506,1,"IOTHUB_CLIENT_CONFIRMATION_OK"
409,10406849661,10406849702,1,"IOTHUB_CLIENT_CONFIRMATION_OK"
410,10406849861,10406849991,1,"IOTHUB_CLIENT_CONFIRMATION_OK"
411,10406850061,10406850099,1,"IOTHUB_CLIENT_CONFIRMATION_OK"
412,10406850261,10406850301,1,"IOTHUB_CLIENT_CONFIRMATION_OK"
413,10406850461,10406850501,1,"IOTHUB_CLIENT_CONFIRMATION_OK"
414,10406850662,10406850698,1,"IOTHUB_CLIENT_CONFIRMATION_OK"
415,10406850862,10406851050,1,"IOTHUB_CLIENT_CONFIRMATION_OK"
416,10406851062,10406851102,1,"IOTHUB_CLIENT_CONFIRMATION_OK"
417,10406851262,10406851321,1,"IOTHUB_CLIENT_CONFIRMATION_OK"
418,10406851462,10406851518,1,"IOTHUB_CLIENT_CONFIRMATION_OK"
419,10406851662,10406851718,1,"IOTHUB_CLIENT_CONFIRMATION_OK"
420,10406851863,10406852078,1,"IOTHUB_CLIENT_CONFIRMATION_OK"
421,10406852063,10406852104,1,"IOTHUB_CLIENT_CONFIRMATION_OK"
422,10406852263,10406852308,1,"IOTHUB_CLIENT_CONFIRMATION_OK"
423,10406852463,10406852509,1,"IOTHUB_CLIENT_CONFIRMATION_OK"
424,10406852663,10406852709,1,"IOTHUB_CLIENT_CONFIRMATION_OK"
425,10406852863,10406852915,1,"IOTHUB_CLIENT_CONFIRMATION_OK"
426,10406853063,10406853110,1,"IOTHUB_CLIENT_CONFIRMATION_OK"
427,10406853264,10406853309,1,"IOTHUB_CLIENT_CONFIRMATION_OK"
428,10406853464,10406853518,1,"IOTHUB_CLIENT_CONFIRMATION_OK"
429,10406853664,10406853705,1,"IOTHUB_CLIENT_CONFIRMATION_OK"
430,10406853864,10406853918,1,"IOTHUB_CLIENT_CONFIRMATION_OK"
431,10406854064,10406854123,1,"IOTHUB_CLIENT_CONFIRMATION_OK"
432,10406854264,10406854305,1,"IOTHUB_CLIENT_CONFIRMATION_OK"
433,10406854465,10406854513,1,"IOTHUB_CLIENT_CONFIRMATION_OK"
434,10406854665,10406854706,1,"IOTHUB_CLIENT_CONFIRMATION_OK"
435,10406854865,10406854922,1,"IOTHUB_CLIENT_CONFIRMATION_OK"
436,10406855065,10406855171,1,"IOTHUB_CLIENT_CONFIRMATION_OK"
437,10406855265,10406855314,1,"IOTHUB_CLIENT_CONFIRMATION_OK"
438,10406855465,10406855503,1,"IOTHUB_CLIENT_CONFIRMATION_OK"
439,10406855665,10406855708,1,"IOTHUB_CLIENT_CONFIRMATION_OK"
440,10406855866,10406856008,1,"IOTHUB_CLIENT_CONFIRMATION_OK"
441,10406856066,10406856116,1,"IOTHUB_CLIENT_CONFIRMATION_OK"
442,10406856266,10406856312,1,"IOTHUB_CLIENT_CONFIRMATION_OK"
443,10406856466,10406856630,1,"IOTHUB_CLIENT_CONFIRMATION_OK"
444,10406856666,10406856956,1,"IOTHUB_CLIENT_CONFIRMATION_OK"
445,10406856866,10406856977,1,"IOTHUB_CLIENT_CONFIRMATION_OK"
446,10406857067,10406857111,1,"IOTHUB_CLIENT_CONFIRMATION_OK"
447,10406857267,10406857321,1,"IOTHUB_CLIENT_CONFIRMATION_OK"
448,10406857467,10406857509,1,"IOTHUB_CLIENT_CONFIRMATION_OK"
449,10406857667,10406857718,1,"IOTHUB_CLIENT_CONFIRMATION_OK"
450,10406857867,10406857909,1,"IOTHUB_CLIENT_CONFIRMATION_OK"
451,10406858067,10406858103,1,"IOTHUB_CLIENT_CONFIRMATION_OK"
452,10406858267,10406858326,1,"IOTHUB_CLIENT_CONFIRMATION_OK"
453,10406858468,10406858510,1,"IOTHUB_CLIENT_CONFIRMATION_OK"
454,10406858668,10406858705,1,"IOTHUB_CLIENT_CONFIRMATION_OK"
455,10406858868,10406858906,1,"IOTHUB_CLIENT_CONFIRMATION_OK"
456,10406859068,10406859106,1,"IOTHUB_CLIENT_CONFIRMATION_OK"
457,10406859268,10406859348,1,"IOTHUB_CLIENT_CONFIRMATION_OK"
458,10406859468,10406859506,1,"IOTHUB_CLIENT_CONFIRMATION_OK"
459,10406859669,10406859706,1,"IOTHUB_CLIENT_CONFIRMATION_OK"
460,10406859869,10406859978,1,"IOTHUB_CLIENT_CONFIRMATION_OK"
461,10406860069,10406860105,1,"IOTHUB_CLIENT_CONFIRMATION_OK"
462,10406860269,10406860306,1,"IOTHUB_CLIENT_CONFIRMATION_OK"
463,10406860469,10406860503,1,"IOTHUB_CLIENT_CONFIRMATION_OK"
464,10406860669,10406860705,1,"IOTHUB_CLIENT_CONFIRMATION_OK"
465,10406860869,10406861046,1,"IOTHUB_CLIENT_CONFIRMATION_OK"
466,10406861070,10406861112,1,"IOTHUB_CLIENT_CONFIRMATION_OK"
467,10406861270,10406861310,1,"IOTHUB_CLIENT_CONFIRMATION_OK"
468,10406861470,10406861514,1,"IOTHUB_CLIENT_CONFIRMATION_OK"
469,10406861670,10406861704,1,"IOTHUB_CLIENT_CONFIRMATION_OK"
470,10406861870,10406862011,1,"IOTHUB_CLIENT_CONFIRMATION_OK"
471,10406862070,10406862169,1,"IOTHUB_CLIENT_CONFIRMATION_OK"
472,10406862271,10406862336,1,"IOTHUB_CLIENT_CONFIRMATION_OK"
473,10406862471,10406862526,1,"IOTHUB_CLIENT_CONFIRMATION_OK"
474,10406862671,10406862712,1,"IOTHUB_CLIENT_CONFIRMATION_OK"
475,10406862871,10406862916,1,"IOTHUB_CLIENT_CONFIRMATION_OK"
476,10406863071,10406863170,1,"IOTHUB_CLIENT_CONFIRMATION_OK"
477,10406863271,10406863306,1,"IOTHUB_CLIENT_CONFIRMATION_OK"
478,10406863471,10406863565,1,"IOTHUB_CLIENT_CONFIRMATION_OK"
479,10406863672,10406863710,1,"IOTHUB_CLIENT_CONFIRMATION_OK"
480,10406863872,10406863909,1,"IOTHUB_CLIENT_CONFIRMATION_OK"
481,10406864072,10406864173,1,"IOTHUB_CLIENT_CONFIRMATION_OK"
482,10406864272,10406864312,1,"IOTHUB_CLIENT_CONFIRMATION_OK"
483,10406864472,10406864515,1,"IOTHUB_CLIENT_CONFIRMATION_OK"
484,10406864672,10406864712,1,"IOTHUB_CLIENT_CONFIRMATION_OK"
485,10406864873,10406864919,1,"IOTHUB_CLIENT_CONFIRMATION_OK"
486,10406865073,10406865202,1,"IOTHUB_CLIENT_CONFIRMATION_OK"
487,10406865273,10406865314,1,"IOTHUB_CLIENT_CONFIRMATION_OK"
488,10406865473,10406865511,1,"IOTHUB_CLIENT_CONFIRMATION_OK"
489,10406865673,10406865714,1,"IOTHUB_CLIENT_CONFIRMATION_OK"
490,10406865873,10406865917,1,"IOTHUB_CLIENT_CONFIRMATION_OK"
491,10406866073,10406866117,1,"IOTHUB_CLIENT_CONFIRMATION_OK"
492,10406866274,10406866332,1,"IOTHUB_CLIENT_CONFIRMATION_OK"
493,10406866474,10406866543,1,"IOTHUB_CLIENT_CONFIRMATION_OK"
494,10406866674,10406866706,1,"IOTHUB_CLIENT_CONFIRMATION_OK"
495,10406866874,10406866912,1,"IOTHUB_CLIENT_CONFIRMATION_OK"
496,10406867074,10406867154,1,"IOTHUB_CLIENT_CONFIRMATION_OK"
497,10406867274,10406867317,1,"IOTHUB_CLIENT_CONFIRMATION_OK"
498,10406867475,10406867512,1,"IOTHUB_CLIENT_CONFIRMATION_OK"
499,10406867675,10406867719,1,"IOTHUB_CLIENT_CONFIRMATION_OK"
500,10406867875,10406867919,1,"IOTHUB_CLIENT_CONFIRMATION_OK"
501,10406868075,10406868119,1,"IOTHUB_CLIENT_CONFIRMATION_OK"
502,10406868275,10406868320,1,"IOTHUB_CLIENT_CONFIRMATION_OK"
503,10406868475,10406868516,1,"IOTHUB_CLIENT_CONFIRMATION_OK"
504,10406868675,10406868721,1,"IOTHUB_CLIENT_CONFIRMATION_OK"
505,10406868876,10406868923,1,"IOTHUB_CLIENT_CONFIRMATION_OK"
506,10406869076,10406869110,1,"IOTHUB_CLIENT_CONFIRMATION_OK"
507,10406869276,10406869343,1,"IOTHUB_CLIENT_CONFIRMATION_OK"
508,10406869476,10406869515,1,"IOTHUB_CLIENT_CONFIRMATION_OK"
509,10406869676,10406869720,1,"IOTHUB_CLIENT_CONFIRMATION_OK"
510,10406869876,10406869936,1,"IOTHUB_CLIENT_CONFIRMATION_OK"
511,10406870076,10406870120,1,"IOTHUB_CLIENT_CONFIRMATION_OK"
512,10406870277,10406870322,1,"IOTHUB_CLIENT_CONFIRMATION_OK"
513,10406870477,10406870516,1,"IOTHUB_CLIENT_CONFIRMATION_OK"
514,10406870677,10406870715,1,"IOTHUB_CLIENT_CONFIRMATION_OK"
515,10406870877,10406870991,1,"IOTHUB_CLIENT_CONFIRMATION_OK"
516,10406871077,10406871120,1,"IOTHUB_CLIENT_CONFIRMATION_OK"
517,10406871277,10406871319,1,"IOTHUB_CLIENT_CONFIRMATION_OK"
518,10406871478,10406871513,1,"IOTHUB_CLIENT_CONFIRMATION_OK"
519,10406871678,10406871762,1,"IOTHUB_CLIENT_CONFIRMATION_OK"
520,10406871878,10406871988,1,"IOTHUB_CLIENT_CONFIRMATION_OK"
521,10406872078,10406872121,1,"IOTHUB_CLIENT_CONFIRMATION_OK"
522,10406872278,10406872333,1,"IOTHUB_CLIENT_CONFIRMATION_OK"
523,10406872478,10406872613,1,"IOTHUB_CLIENT_CONFIRMATION_OK"
524,10406872679,10406872724,1,"IOTHUB_CLIENT_CONFIRMATION_OK"
525,10406872879,10406872915,1,"IOTHUB_CLIENT_CONFIRMATION_OK"
526,10406873079,10406873121,1,"IOTHUB_CLIENT_CONFIRMATION_OK"
527,10406873279,10406873320,1,"IOTHUB_CLIENT_CONFIRMATION_OK"
528,10406873479,10406873660,1,"IOTHUB_CLIENT_CONFIRMATION_OK"
529,10406873679,10406873716,1,"IOTHUB_CLIENT_CONFIRMATION_OK"
530,10406873879,10406873922,1,"IOTHUB_CLIENT_CONFIRMATION_OK"
531,10406874080,10406874113,1,"IOTHUB_CLIENT_CONFIRMATION_OK"
532,10406874280,10406874320,1,"IOTHUB_CLIENT_CONFIRMATION_OK"
533,10406874480,10406874519,1,"IOTHUB_CLIENT_CONFIRMATION_OK"
534,10406874680,10406874718,1,"IOTHUB_CLIENT_CONFIRMATION_OK"
535,10406874880,10406874916,1,"IOTHUB_CLIENT_CONFIRMATION_OK"
536,10406875080,10406875117,1,"IOTHUB_CLIENT_CONFIRMATION_OK"
537,10406875281,10406875315,1,"IOTHUB_CLIENT_CONFIRMATION_OK"
538,10406875481,10406875544,1,"IOTHUB_CLIENT_CONFIRMATION_OK"
539,10406875681,10406875751,1,"IOTHUB_CLIENT_CONFIRMATION_OK"
540,10406875881,10406876037,1,"IOTHUB_CLIENT_CONFIRMATION_OK"
541,10406876081,10406876120,1,"IOTHUB_CLIENT_CONFIRMATION_OK"
542,10406876281,10406876320,1,"IOTHUB_CLIENT_CONFIRMATION_OK"
543,10406876482,10406876515,1,"IOTHUB_CLIENT_CONFIRMATION_OK"
544,10406876682,10406876723,1,"IOTHUB_CLIENT_CONFIRMATION_OK"
545,10406876882,10406876923,1,"IOTHUB_CLIENT_CONFIRMATION_OK"
546,10406877082,10406877130,1,"IOTHUB_CLIENT_CONFIRMATION_OK"
547,10406877282,10406877331,1,"IOTHUB_CLIENT_CONFIRMATION_OK"
548,10406877482,10406877523,1,"IOTHUB_CLIENT_CONFIRMATION_OK"
549,10406877682,10406877726,1,"IOTHUB_CLIENT_CONFIRMATION_OK"
550,10406877883,10406877917,1,"IOTHUB_CLIENT_CONFIRMATION_OK"
551,10406878083,10406878124,1,"IOTHUB_CLIENT_CONFIRMATION_OK"
552,10406878283,10406878327,1,"IOTHUB_CLIENT_CONFIRMATION_OK"
553,10406878483,10406878523,1,"IOTHUB_CLIENT_CONFIRMATION_OK"
554,10406878683,10406878724,1,"IOTHUB_CLIENT_CONFIRMATION_OK"
555,10406878883,10406878943,1,"IOTHUB_CLIENT_CONFIRMATION_OK"
556,10406879084,10406879136,1,"IOTHUB_CLIENT_CONFIRMATION_OK"
557,10406879284,10406879358,1,"IOTHUB_CLIENT_CONFIRMATION_OK"
558,10406879484,10406879538,1,"IOTHUB_CLIENT_CONFIRMATION_OK"
559,10406879684,10406879718,1,"IOTHUB_CLIENT_CONFIRMATION_OK"
560,10406879884,10406879957,1,"IOTHUB_CLIENT_CONFIRMATION_OK"
561,10406880084,10406880120,1,"IOTHUB_CLIENT_CONFIRMATION_OK"
562,10406880284,10406880325,1,"IOTHUB_CLIENT_CONFIRMATION_OK"
563,10406880485,10406880523,1,"IOTHUB_CLIENT_CONFIRMATION_OK"
564,10406880685,10406880724,1,"IOTHUB_CLIENT_CONFIRMATION_OK"
565,10406880885,10406880973,1,"IOTHUB_CLIENT_CONFIRMATION_OK"
566,10406881085,10406881121,1,"IOTHUB_CLIENT_CONFIRMATION_OK"
567,10406881285,10406881323,1,"IOTHUB_CLIENT_CONFIRMATION_OK"
568,10406881485,10406881537,1,"IOTHUB_CLIENT_CONFIRMATION_OK"
569,10406881686,10406881728,1,"IOTHUB_CLIENT_CONFIRMATION_OK"
570,10406881886,10406881993,1,"IOTHUB_CLIENT_CONFIRMATION_OK"
571,10406882086,10406882116,1,"IOTHUB_CLIENT_CONFIRMATION_OK"
572,10406882286,10406882325,1,"IOTHUB_CLIENT_CONFIRMATION_OK"
573,10406882486,10406882606,1,"IOTHUB_CLIENT_CONFIRMATION_OK"
574,10406882686,10406882730,1,"IOTHUB_CLIENT_CONFIRMATION_OK"
575,10406882887,10406882923,1,"IOTHUB_CLIENT_CONFIRMATION_OK"
576,10406883087,10406883130,1,"IOTHUB_CLIENT_CONFIRMATION_OK"
577,10406883287,10406883330,1,"IOTHUB_CLIENT_CONFIRMATION_OK"
578,10406883487,10406883621,1,"IOTHUB_CLIENT_CONFIRMATION_OK"
579,10406883687,10406883728,1,"IOTHUB_CLIENT_CONFIRMATION_OK"
580,10406883887,10406883924,1,"IOTHUB_CLIENT_CONFIRMATION_OK"
581,10406884088,10406884224,1,"IOTHUB_CLIENT_CONFIRMATION_OK"
582,10406884288,10406884326,1,"IOTHUB_CLIENT_CONFIRMATION_OK"
583,10406884488,10406884537,1,"IOTHUB_CLIENT_CONFIRMATION_OK"
584,10406884688,10406884724,1,"IOTHUB_CLIENT_CONFIRMATION_OK"
585,10406884888,10406884926,1,"IOTHUB_CLIENT_CONFIRMATION_OK"
586,10406885088,10406885237,1,"IOTHUB_CLIENT_CONFIRMATION_OK"
587,10406885289,10406885330,1,"IOTHUB_CLIENT_CONFIRMATION_OK"
588,10406885489,10406885526,1,"IOTHUB_CLIENT_CONFIRMATION_OK"
589,10406885689,10406885749,1,"IOTHUB_CLIENT_CONFIRMATION_OK"
590,10406885889,10406885937,1,"IOTHUB_CLIENT_CONFIRMATION_OK"
591,10406886089,10406886155,1,"IOTHUB_CLIENT_CONFIRMATION_OK"
592,10406886289,10406886328,1,"IOTHUB_CLIENT_CONFIRMATION_OK"
593,10406886489,10406886527,1,"IOTHUB_CLIENT_CONFIRMATION_OK"
594,10406886690,10406886726,1,"IOTHUB_CLIENT_CONFIRMATION_OK"
595,10406886890,10406886926,1,"IOTHUB_CLIENT_CONFIRMATION_OK"
596,10406887090,10406887129,1,"IOTHUB_CLIENT_CONFIRMATION_OK"
597,10406887290,10406887326,1,"IOTHUB_CLIENT_CONFIRMATION_OK"
598,10406887490,10406887529,1,"IOTHUB_CLIENT_CONFIRMATION_OK"
599,10406887690,10406887883,1,"IOTHUB_CLIENT_CONFIRMATION_OK"
600,10406887891,10406887975,1,"IOTHUB_CLIENT_CONFIRMATION_OK"
601,10406888091,10406888134,1,"IOTHUB_CLIENT_CONFIRMATION_OK"
602,10406888291,10406888331,1,"IOTHUB_CLIENT_CONFIRMATION_OK"
603,10406888491,10406888532,1,"IOTHUB_CLIENT_CONFIRMATION_OK"
604,10406888691,10406888732,1,"IOTHUB_CLIENT_CONFIRMATION_OK"
605,10406888891,10406888941,1,"IOTHUB_CLIENT_CONFIRMATION_OK"
606,10406889092,10406889133,1,"IOTHUB_CLIENT_CONFIRMATION_OK"
607,10406889292,10406889329,1,"IOTHUB_CLIENT_CONFIRMATION_OK"
608,10406889492,10406889531,1,"IOTHUB_CLIENT_CONFIRMATION_OK"
609,10406889692,10406889738,1,"IOTHUB_CLIENT_CONFIRMATION_OK"
610,10406889892,10406889937,1,"IOTHUB_CLIENT_CONFIRMATION_OK"
611,10406890092,10406890126,1,"IOTHUB_CLIENT_CONFIRMATION_OK"
612,10406890293,10406890343,1,"IOTHUB_CLIENT_CONFIRMATION_OK"
613,10406890493,10406890540,1,"IOTHUB_CLIENT_CONFIRMATION_OK"
614,10406890693,10406890733,1,"IOTHUB_CLIENT_CONFIRMATION_OK"
615,10406890893,10406890939,1,"IOTHUB_CLIENT_CONFIRMATION_OK"
616,10406891093,10406891139,1,"IOTHUB_CLIENT_CONFIRMATION_OK"
617,10406891293,10406891333,1,"IOTHUB_CLIENT_CONFIRMATION_OK"
618,10406891493,10406891549,1,"IOTHUB_CLIENT_CONFIRMATION_OK"
619,10406891694,10406891729,1,"IOTHUB_CLIENT_CONFIRMATION_OK"
620,10406891894,10406891940,1,"IOTHUB_CLIENT_CONFIRMATION_OK"
621,10406892094,10406892137,1,"IOTHUB_CLIENT_CONFIRMATION_OK"
622,10406892294,10406892336,1,"IOTHUB_CLIENT_CONFIRMATION_OK"
623,10406892494,10406892558,1,"IOTHUB_CLIENT_CONFIRMATION_OK"
624,10406892694,10406892738,1,"IOTHUB_CLIENT_CONFIRMATION_OK"
625,10406892895,10406892936,1,"IOTHUB_CLIENT_CONFIRMATION_OK"
626,10406893095,10406893186,1,"IOTHUB_CLIENT_CONFIRMATION_OK"
627,10406893295,10406893391,1,"IOTHUB_CLIENT_CONFIRMATION_OK"
628,10406893495,10406893576,1,"IOTHUB_CLIENT_CONFIRMATION_OK"
629,10406893695,10406893741,1,"IOTHUB_CLIENT_CONFIRMATION_OK"
630,10406893895,10406893933,1,"IOTHUB_CLIENT_CONFIRMATION_OK"
631,10406894096,10406894183,1,"IOTHUB_CLIENT_CONFIRMATION_OK"
632,10406894296,10406894335,1,"IOTHUB_CLIENT_CONFIRMATION_OK"
633,10406894496,10406894529,1,"IOTHUB_CLIENT_CONFIRMATION_OK"
634,10406894696,10406894735,1,"IOTHUB_CLIENT_CONFIRMATION_OK"
635,10406894896,10406894960,1,"IOTHUB_CLIENT_CONFIRMATION_OK"
636,10406895096,10406895199,1,"IOTHUB_CLIENT_CONFIRMATION_OK"
637,10406895297,10406895334,1,"IOTHUB_CLIENT_CONFIRMATION_OK"
638,10406895497,10406895535,1,"IOTHUB_CLIENT_CONFIRMATION_OK"
639,10406895697,10406895807,1,"IOTHUB_CLIENT_CONFIRMATION_OK"
640,10406895897,10406895942,1,"IOTHUB_CLIENT_CONFIRMATION_OK"
641,10406896097,10406896160,1,"IOTHUB_CLIENT_CONFIRMATION_OK"
642,10406896297,10406896380,1,"IOTHUB_CLIENT_CONFIRMATION_OK"
643,10406896498,10406896538,1,"IOTHUB_CLIENT_CONFIRMATION_OK"
644,10406896698,10406896824,1,"IOTHUB_CLIENT_CONFIRMATION_OK"
645,10406896898,10406896935,1,"IOTHUB_CLIENT_CONFIRMATION_OK"
646,10406897098,10406897145,1,"IOTHUB_CLIENT_CONFIRMATION_OK"
647,10406897298,10406897336,1,"IOTHUB_CLIENT_CONFIRMATION_OK"
648,10406897498,10406897542,1,"IOTHUB_CLIENT_CONFIRMATION_OK"
649,10406897699,10406897837,1,"IOTHUB_CLIENT_CONFIRMATION_OK"
650,10406897899,10406897938,1,"IOTHUB_CLIENT_CONFIRMATION_OK"
651,10406898099,10406898136,1,"IOTHUB_CLIENT_CONFIRMATION_OK"
652,10406898299,10406898335,1,"IOTHUB_CLIENT_CONFIRMATION_OK"
653,10406898499,10406898537,1,"IOTHUB_CLIENT_CONFIRMATION_OK"
654,10406898699,10406898760,1,"IOTHUB_CLIENT_CONFIRMATION_OK"
655,10406898900,10406898943,1,"IOTHUB_CLIENT_CONFIRMATION_OK"
656,10406899100,10406899149,1,"IOTHUB_CLIENT_CONFIRMATION_OK"
657,10406899300,10406899466,1,"IOTHUB_CLIENT_CONFIRMATION_OK"
658,10406899500,10406899545,1,"IOTHUB_CLIENT_CONFIRMATION_OK"
659,10406899700,10406899737,1,"IOTHUB_CLIENT_CONFIRMATION_OK"
660,10406899900,10406899942,1,"IOTHUB_CLIENT_CONFIRMATION_OK"
661,10406900101,10406900145,1,"IOTHUB_CLIENT_CONFIRMATION_OK"
662,10406900301,10406900355,1,"IOTHUB_CLIENT_CONFIRMATION_OK"
663,10406900501,10406900544,1,"IOTHUB_CLIENT_CONFIRMATION_OK"
664,10406900701,10406900741,1,"IOTHUB_CLIENT_CONFIRMATION_OK"
665,10406900901,10406901002,1,"IOTHUB_CLIENT_CONFIRMATION_OK"
666,10406901102,10406901140,1,"IOTHUB_CLIENT_CONFIRMATION_OK"
667,10406901302,10406901351,1,"IOTHUB_CLIENT_CONFIRMATION_OK"
668,10406901502,10406901545,1,"IOTHUB_CLIENT_CONFIRMATION_OK"
669,10406901702,10406901741,1,"IOTHUB_CLIENT_CONFIRMATION_OK"
670,10406901902,10406902090,1,"IOTHUB_CLIENT_CONFIRMATION_OK"
671,10406902102,10406902136,1,"IOTHUB_CLIENT_CONFIRMATION_OK"
672,10406902302,10406902350,1,"IOTHUB_CLIENT_CONFIRMATION_OK"
673,10406902503,10406902558,1,"IOTHUB_CLIENT_CONFIRMATION_OK"
674,10406902703,10406902740,1,"IOTHUB_CLIENT_CONFIRMATION_OK"
675,10406902903,10406902942,1,"IOTHUB_CLIENT_CONFIRMATION_OK"
676,10406903103,10406903166,1,"IOTHUB_CLIENT_CONFIRMATION_OK"
677,10406903303,10406903341,1,"IOTHUB_CLIENT_CONFIRMATION_OK"
678,10406903503,10406903566,1,"IOTHUB_CLIENT_CONFIRMATION_OK"
679,10406903704,10406903744,1,"IOTHUB_CLIENT_CONFIRMATION_OK"
680,10406903904,10406903945,1,"IOTHUB_CLIENT_CONFIRMATION_OK"
681,10406904104,10406904190,1,"IOTHUB_CLIENT_CONFIRMATION_OK"
682,10406904304,10406904339,1,"IOTHUB_CLIENT_CONFIRMATION_OK"
683,10406904504,10406904543,1,"IOTHUB_CLIENT_CONFIRMATION_OK"
684,10406904704,10406904747,1,"IOTHUB_CLIENT_CONFIRMATION_OK"
685,10406904905,10406904942,1,"IOTHUB_CLIENT_CONFIRMATION_OK"
686,10406905105,10406905212,1,"IOTHUB_CLIENT_CONFIRMATION_OK"
687,10406905305,10406905342,1,"IOTHUB_CLIENT_CONFIRMATION_OK"
688,10406905505,10406905544,1,"IOTHUB_CLIENT_CONFIRMATION_OK"
689,10406905705,10406905781,1,"IOTHUB_CLIENT_CONFIRMATION_OK"
690,10406905905,10406905952,1,"IOTHUB_CLIENT_CONFIRMATION_OK"
691,10406906106,10406906139,1,"IOTHUB_CLIENT_CONFIRMATION_OK"
692,10406906306,10406906464,1,"IOTHUB_CLIENT_CONFIRMATION_OK"
693,10406906506,10406906547,1,"IOTHUB_CLIENT_CONFIRMATION_OK"
694,10406906706,10406906883,1,"IOTHUB_CLIENT_CONFIRMATION_OK"
695,10406906906,10406906954,1,"IOTHUB_CLIENT_CONFIRMATION_OK"
696,10406907106,10406907151,1,"IOTHUB_CLIENT_CONFIRMATION_OK"
697,10406907306,10406907367,1,"IOTHUB_CLIENT_CONFIRMATION_OK"
698,10406907507,10406907552,1,"IOTHUB_CLIENT_CONFIRMATION_OK"
699,10406907707,10406907855,1,"IOTHUB_CLIENT_CONFIRMATION_OK"
700,10406907907,10406907945,1,"IOTHUB_CLIENT_CONFIRMATION_OK"
701,10406908107,10406908146,1,"IOTHUB_CLIENT_CONFIRMATION_OK"
702,10406908307,10406908347,1,"IOTHUB_CLIENT_CONFIRMATION_OK"
703,10406908507,10406908548,1,"IOTHUB_CLIENT_CONFIRMATION_OK"
704,10406908708,10406908753,1,"IOTHUB_CLIENT_CONFIRMATION_OK"
705,10406908908,10406908954,1,"IOTHUB_CLIENT_CONFIRMATION_OK"
706,10406909108,10406909137,1,"IOTHUB_CLIENT_CONFIRMATION_OK"
707,10406909308,10406909479,1,"IOTHUB_CLIENT_CONFIRMATION_OK"
708,10406909508,10406909556,1,"IOTHUB_CLIENT_CONFIRMATION_OK"
709,10406909708,10406909751,1,"IOTHUB_CLIENT_CONFIRMATION_OK"
710,10406909909,10406909961,1,"IOTHUB_CLIENT_CONFIRMATION_OK"
711,10406910109,10406910149,1,"IOTHUB_CLIENT_CONFIRMATION_OK"
712,10406910309,10406910380,1,"IOTHUB_CLIENT_CONFIRMATION_OK"
713,10406910509,10406910548,1,"IOTHUB_CLIENT_CONFIRMATION_OK"
714,10406910709,10406910771,1,"IOTHUB_CLIENT_CONFIRMATION_OK"
715,10406910909,10406910949,1,"IOTHUB_CLIENT_CONFIRMATION_OK"
716,10406911110,10406911153,1,"IOTHUB_CLIENT_CONFIRMATION_OK"
717,10406911310,10406911358,1,"IOTHUB_CLIENT_CONFIRMATION_OK"
718,10406911510,10406911547,1,"IOTHUB_CLIENT_CONFIRMATION_OK"
719,10406911710,10406911750,1,"IOTHUB_CLIENT_CONFIRMATION_OK"
720,10406911910,10406912124,1,"IOTHUB_CLIENT_CONFIRMATION_OK"
721,10406912110,10406912159,1,"IOTHUB_CLIENT_CONFIRMATION_OK"
722,10406912311,10406912354,1,"IOTHUB_CLIENT_CONFIRMATION_OK"
723,10406912511,10406912564,1,"IOTHUB_CLIENT_CONFIRMATION_OK"
724,10406912711,10406912747,1,"IOTHUB_CLIENT_CONFIRMATION_OK"
725,10406912911,10406912958,1,"IOTHUB_CLIENT_CONFIRMATION_OK"
726,10406913111,10406913152,1,"IOTHUB_CLIENT_CONFIRMATION_OK"
727,10406913311,10406913359,1,"IOTHUB_CLIENT_CONFIRMATION_OK"
728,10406913512,10406913567,1,"IOTHUB_CLIENT_CONFIRMATION_OK"
729,10406913712,10406913805,1,"IOTHUB_CLIENT_CONFIRMATION_OK"
730,10406913912,10406913961,1,"IOTHUB_CLIENT_CONFIRMATION_OK"
731,10406914112,10406914163,1,"IOTHUB_CLIENT_CONFIRMATION_OK"
732,10406914312,10406914367,1,"IOTHUB_CLIENT_CONFIRMATION_OK"
733,10406914512,10406914548,1,"IOTHUB_CLIENT_CONFIRMATION_OK"
734,10406914713,10406914761,1,"IOTHUB_CLIENT_CONFIRMATION_OK"
735,10406914913,10406914957,1,"IOTHUB_CLIENT_CONFIRMATION_OK"
736,10406915113,10406915197,1,"IOTHUB_CLIENT_CONFIRMATION_OK"
737,10406915313,10406915371,1,"IOTHUB_CLIENT_CONFIRMATION_OK"
738,10406915513,10406915554,1,"IOTHUB_CLIENT_CONFIRMATION_OK"
739,10406915713,10406915806,1,"IOTHUB_CLIENT_CONFIRMATION_OK"
740,10406915914,10406915951,1,"IOTHUB_CLIENT_CONFIRMATION_OK"
741,10406916114,10406916182,1,"IOTHUB_CLIENT_CONFIRMATION_OK"
742,10406916314,10406916362,1,"IOTHUB_CLIENT_CONFIRMATION_OK"
743,10406916514,10406916555,1,"IOTHUB_CLIENT_CONFIRMATION_OK"
744,10406916714,10406916826,1,"IOTHUB_CLIENT_CONFIRMATION_OK"
745,10406916914,10406916984,1,"IOTHUB_CLIENT_CONFIRMATION_OK"
746,10406917115,10406917157,1,"IOTHUB_CLIENT_CONFIRMATION_OK"
747,10406917315,10406917372,1,"IOTHUB_CLIENT_CONFIRMATION_OK"
748,10406917515,10406917557,1,"IOTHUB_CLIENT_CONFIRMATION_OK"
749,10406917715,10406917846,1,"IOTHUB_CLIENT_CONFIRMATION_OK"
750,10406917915,10406917958,1,"IOTHUB_CLIENT_CONFIRMATION_OK"
751,10406918115,10406918178,1,"IOTHUB_CLIENT_CONFIRMATION_OK"
752,10406918316,10406918473,1,"IOTHUB_CLIENT_CONFIRMATION_OK"
753,10406918516,10406918557,1,"IOTHUB_CLIENT_CONFIRMATION_OK"
754,10406918716,10406918759,1,"IOTHUB_CLIENT_CONFIRMATION_OK"
755,10406918916,10406918958,1,"IOTHUB_CLIENT_CONFIRMATION_OK"
756,10406919116,10406919152,1,"IOTHUB_CLIENT_CONFIRMATION_OK"
757,10406919316,10406919493,1,"IOTHUB_CLIENT_CONFIRMATION_OK"
758,10406919516,10406919566,1,"IOTHUB_CLIENT_CONFIRMATION_OK"
759,10406919717,10406919764,1,"IOTHUB_CLIENT_CONFIRMATION_OK"
760,10406919917,10406919976,1,"IOTHUB_CLIENT_CONFIRMATION_OK"
761,10406920117,10406920161,1,"IOTHUB_CLIENT_CONFIRMATION_OK"
762,10406920317,10406920373,1,"IOTHUB_CLIENT_CONFIRMATION_OK"
763,10406920517,10406920559,1,"IOTHUB_CLIENT_CONFIRMATION_OK"
764,10406920717,10406920756,1,"IOTHUB_CLIENT_CONFIRMATION_OK"
765,10406920918,10406921094,1,"IOTHUB_CLIENT_CONFIRMATION_OK"
766,10406921118,10406921161,1,"IOTHUB_CLIENT_CONFIRMATION_OK"
767,10406921318,10406921359,1,"IOTHUB_CLIENT_CONFIRMATION_OK"
768,10406921518,10406921589,1,"IOTHUB_CLIENT_CONFIRMATION_OK"
769,10406921718,10406921767,1,"IOTHUB_CLIENT_CONFIRMATION_OK"
770,10406921918,10406921999,1,"IOTHUB_CLIENT_CONFIRMATION_OK"
771,10406922119,10406922159,1,"IOTHUB_CLIENT_CONFIRMATION_OK"
772,10406922319,10406922366,1,"IOTHUB_CLIENT_CONFIRMATION_OK"
773,10406922519,10406922697,1,"IOTHUB_CLIENT_CONFIRMATION_OK"
774,10406922719,10406922752,1,"IOTHUB_CLIENT_CONFIRMATION_OK"
775,10406922919,10406922952,1,"IOTHUB_CLIENT_CONFIRMATION_OK"
776,10406923119,10406923164,1,"IOTHUB_CLIENT_CONFIRMATION_OK"
777,10406923319,10406923359,1,"IOTHUB_CLIENT_CONFIRMATION_OK"
778,10406923520,10406923712,1,"IOTHUB_CLIENT_CONFIRMATION_OK"
779,10406923720,10406923769,1,"IOTHUB_CLIENT_CONFIRMATION_OK"
780,10406923920,10406923965,1,"IOTHUB_CLIENT_CONFIRMATION_OK"
781,10406924120,10406924157,1,"IOTHUB_CLIENT_CONFIRMATION_OK"
782,10406924320,10406924360,1,"IOTHUB_CLIENT_CONFIRMATION_OK"
783,10406924520,10406924566,1,"IOTHUB_CLIENT_CONFIRMATION_OK"
784,10406924721,10406924760,1,"IOTHUB_CLIENT_CONFIRMATION_OK"
785,10406924921,10406924980,1,"IOTHUB_CLIENT_CONFIRMATION_OK"
786,10406925121,10406925153,1,"IOTHUB_CLIENT_CONFIRMATION_OK"
787,10406925321,10406925366,1,"IOTHUB_CLIENT_CONFIRMATION_OK"
788,10406925521,10406925564,1,"IOTHUB_CLIENT_CONFIRMATION_OK"
789,10406925721,10406925772,1,"IOTHUB_CLIENT_CONFIRMATION_OK"
790,10406925921,10406925958,1,"IOTHUB_CLIENT_CONFIRMATION_OK"
791,10406926122,10406926163,1,"IOTHUB_CLIENT_CONFIRMATION_OK"
792,10406926322,10406926366,1,"IOTHUB_CLIENT_CONFIRMATION_OK"
793,10406926522,10406926559,1,"IOTHUB_CLIENT_CONFIRMATION_OK"
794,10406926722,10406926768,1,"IOTHUB_CLIENT_CONFIRMATION_OK"
795,10406926922,10406926972,1,"IOTHUB_CLIENT_CONFIRMATION_OK"
796,10406927122,10406927161,1,"IOTHUB_CLIENT_CONFIRMATION_OK"
797,10406927323,10406927393,1,"IOTHUB_CLIENT_CONFIRMATION_OK"
798,10406927523,10406927564,1,"IOTHUB_CLIENT_CONFIRMATION_OK"
799,10406927723,10406927801,1,"IOTHUB_CLIENT_CONFIRMATION_OK"
800,10406927923,10406927966,1,"IOTHUB_CLIENT_CONFIRMATION_OK"
801,10406928123,10406928168,1,"IOTHUB_CLIENT_CONFIRMATION_OK"
802,10406928323,10406928384,1,"IOTHUB_CLIENT_CONFIRMATION_OK"
803,10406928523,10406928565,1,"IOTHUB_CLIENT_CONFIRMATION_OK"
804,10406928724,10406928762,1,"IOTHUB_CLIENT_CONFIRMATION_OK"
805,10406928924,10406928978,1,"IOTHUB_CLIENT_CONFIRMATION_OK"
806,10406929124,10406929168,1,"IOTHUB_CLIENT_CONFIRMATION_OK"
807,10406929324,10406929411,1,"IOTHUB_CLIENT_CONFIRMATION_OK"
808,10406929524,10406929561,1,"IOTHUB_CLIENT_CONFIRMATION_OK"
809,10406929724,10406929765,1,"IOTHUB_CLIENT_CONFIRMATION_OK"
810,10406929925,10406930014,1,"IOTHUB_CLIENT_CONFIRMATION_OK"
811,10406930125,10406930167,1,"IOTHUB_CLIENT_CONFIRMATION_OK"
812,10406930325,10406930376,1,"IOTHUB_CLIENT_CONFIRMATION_OK"
813,10406930525,10406930567,1,"IOTHUB_CLIENT_CONFIRMATION_OK"
814,10406930725,10406930765,1,"IOTHUB_CLIENT_CONFIRMATION_OK"
815,10406930925,10406931139,1,"IOTHUB_CLIENT_CONFIRMATION_OK"
816,10406931125,10406931188,1,"IOTHUB_CLIENT_CONFIRMATION_OK"
817,10406931326,10406931367,1,"IOTHUB_CLIENT_CONFIRMATION_OK"
818,10406931526,10406931560,1,"IOTHUB_CLIENT_CONFIRMATION_OK"
819,10406931726,10406931764,1,"IOTHUB_CLIENT_CONFIRMATION_OK"
820,10406931926,10406932104,1,"IOTHUB_CLIENT_CONFIRMATION_OK"
821,10406932126,10406932179,1,"IOTHUB_CLIENT_CONFIRMATION_OK"
822,10406932326,10406932375,1,"IOTHUB_CLIENT_CONFIRMATION_OK"
823,10406932527,10406932563,1,"IOTHUB_CLIENT_CONFIRMATION_OK"
824,10406932727,10406932777,1,"IOTHUB_CLIENT_CONFIRMATION_OK"
825,10406932927,10406932979,1,"IOTHUB_CLIENT_CONFIRMATION_OK"
826,10406933127,10406933168,1,"IOTHUB_CLIENT_CONFIRMATION_OK"
827,10406933327,10406933375,1,"IOTHUB_CLIENT_CONFIRMATION_OK"
828,10406933527,10406933731,1,"IOTHUB_CLIENT_CONFIRMATION_OK"
829,10406933728,10406933797,1,"IOTHUB_CLIENT_CONFIRMATION_OK"
830,10406933928,10406933970,1,"IOTHUB_CLIENT_CONFIRMATION_OK"
831,10406934128,10406934165,1,"IOTHUB_CLIENT_CONFIRMATION_OK"
832,10406934328,10406934371,1,"IOTHUB_CLIENT_CONFIRMATION_OK"
833,10406934528,10406934562,1,"IOTHUB_CLIENT_CONFIRMATION_OK"
834,10406934728,10406934773,1,"IOTHUB_CLIENT_CONFIRMATION_OK"
835,10406934928,10406934971,1,"IOTHUB_CLIENT_CONFIRMATION_OK"
836,10406935129,10406935172,1,"IOTHUB_CLIENT_CONFIRMATION_OK"
837,10406935329,10406935367,1,"IOTHUB_CLIENT_CONFIRMATION_OK"
838,10406935529,10406935570,1,"IOTHUB_CLIENT_CONFIRMATION_OK"
839,10406935729,10406935770,1,"IOTHUB_CLIENT_CONFIRMATION_OK"
840,10406935929,10406935967,1,"IOTHUB_CLIENT_CONFIRMATION_OK"
841,10406936129,10406936166,1,"IOTHUB_CLIENT_CONFIRMATION_OK"
842,10406936329,10406936411,1,"IOTHUB_CLIENT_CONFIRMATION_OK"
843,10406936530,10406936577,1,"IOTHUB_CLIENT_CONFIRMATION_OK"
844,10406936730,10406936804,1,"IOTHUB_CLIENT_CONFIRMATION_OK"
845,10406936930,10406936975,1,"IOTHUB_CLIENT_CONFIRMATION_OK"
846,10406937130,10406937179,1,"IOTHUB_CLIENT_CONFIRMATION_OK"
847,10406937330,10406937412,1,"IOTHUB_CLIENT_CONFIRMATION_OK"
848,10406937530,10406937620,1,"IOTHUB_CLIENT_CONFIRMATION_OK"
849,10406937731,10406937820,1,"IOTHUB_CLIENT_CONFIRMATION_OK"
850,10406937931,10406937972,1,"IOTHUB_CLIENT_CONFIRMATION_OK"
851,10406938131,10406938173,1,"IOTHUB_CLIENT_CONFIRMATION_OK"
852,10406938331,10406938459,1,"IOTHUB_CLIENT_CONFIRMATION_OK"
853,10406938531,10406938575,1,"IOTHUB_CLIENT_CONFIRMATION_OK"
854,10406938731,10406938776,1,"IOTHUB_CLIENT_CONFIRMATION_OK"
855,10406938932,10406938969,1,"IOTHUB_CLIENT_CONFIRMATION_OK"
856,10406939132,10406939172,1,"IOTHUB_CLIENT_CONFIRMATION_OK"
857,10406939332,10406939458,1,"IOTHUB_CLIENT_CONFIRMATION_OK"
858,10406939532,10406939576,1,"IOTHUB_CLIENT_CONFIRMATION_OK"
859,10406939732,10406939770,1,"IOTHUB_CLIENT_CONFIRMATION_OK"
860,10406939932,10406940055,1,"IOTHUB_CLIENT_CONFIRMATION_OK"
861,10406940132,10406940173,1,"IOTHUB_CLIENT_CONFIRMATION_OK"
862,10406940333,10406940377,1,"IOTHUB_CLIENT_CONFIRMATION_OK"
863,10406940533,10406940574,1,"IOTHUB_CLIENT_CONFIRMATION_OK"
864,10406940733,10406940785,1,"IOTHUB_CLIENT_CONFIRMATION_OK"
865,10406940933,10406941068,1,"IOTHUB_CLIENT_CONFIRMATION_OK"
866,10406941133,10406941179,1,"IOTHUB_CLIENT_CONFIRMATION_OK"
867,10406941333,10406941385,1,"IOTHUB_CLIENT_CONFIRMATION_OK"
868,10406941534,10406941575,1,"IOTHUB_CLIENT_CONFIRMATION_OK"
869,10406941734,10406941769,1,"IOTHUB_CLIENT_CONFIRMATION_OK"
870,10406941934,10406942096,1,"IOTHUB_CLIENT_CONFIRMATION_OK"
871,10406942134,10406942177,1,"IOTHUB_CLIENT_CONFIRMATION_OK"
872,10406942334,10406942370,1,"IOTHUB_CLIENT_CONFIRMATION_OK"
873,10406942534,10406942571,1,"IOTHUB_CLIENT_CONFIRMATION_OK"
874,10406942735,10406942785,1,"IOTHUB_CLIENT_CONFIRMATION_OK"
875,10406942935,10406943000,1,"IOTHUB_CLIENT_CONFIRMATION_OK"
876,10406943135,10406943187,1,"IOTHUB_CLIENT_CONFIRMATION_OK"
877,10406943335,10406943379,1,"IOTHUB_CLIENT_CONFIRMATION_OK"
878,10406943535,10406943716,1,"IOTHUB_CLIENT_CONFIRMATION_OK"
879,10406943735,10406943770,1,"IOTHUB_CLIENT_CONFIRMATION_OK"
880,10406943936,10406943981,1,"IOTHUB_CLIENT_CONFIRMATION_OK"
881,10406944136,10406944173,1,"IOTHUB_CLIENT_CONFIRMATION_OK"
882,10406944336,10406944374,1,"IOTHUB_CLIENT_CONFIRMATION_OK"
883,10406944536,10406944575,1,"IOTHUB_CLIENT_CONFIRMATION_OK"
884,10406944736,10406944781,1,"IOTHUB_CLIENT_CONFIRMATION_OK"
885,10406944936,10406944983,1,"IOTHUB_CLIENT_CONFIRMATION_OK"
886,10406945136,10406945187,1,"IOTHUB_CLIENT_CONFIRMATION_OK"
887,10406945337,10406945381,1,"IOTHUB_CLIENT_CONFIRMATION_OK"
888,10406945537,10406945576,1,"IOTHUB_CLIENT_CONFIRMATION_OK"
889,10406945737,10406945780,1,"IOTHUB_CLIENT_CONFIRMATION_OK"
890,10406945937,10406945983,1,"IOTHUB_CLIENT_CONFIRMATION_OK"
891,10406946137,10406946183,1,"IOTHUB_CLIENT_CONFIRMATION_OK"
892,10406946337,10406946383,1,"IOTHUB_CLIENT_CONFIRMATION_OK"
893,10406946538,10406946625,1,"IOTHUB_CLIENT_CONFIRMATION_OK"
894,10406946738,10406946787,1,"IOTHUB_CLIENT_CONFIRMATION_OK"
895,10406946938,10406946977,1,"IOTHUB_CLIENT_CONFIRMATION_OK"
896,10406947138,10406947181,1,"IOTHUB_CLIENT_CONFIRMATION_OK"
897,10406947338,10406947395,1,"IOTHUB_CLIENT_CONFIRMATION_OK"
898,10406947538,10406947577,1,"IOTHUB_CLIENT_CONFIRMATION_OK"
899,10406947739,10406947839,1,"IOTHUB_CLIENT_CONFIRMATION_OK"
900,10406947939,10406947985,1,"IOTHUB_CLIENT_CONFIRMATION_OK"
901,10406948139,10406948181,1,"IOTHUB_CLIENT_CONFIRMATION_OK"
902,10406948339,10406948452,1,"IOTHUB_CLIENT_CONFIRMATION_OK"
903,10406948539,10406948577,1,"IOTHUB_CLIENT_CONFIRMATION_OK"
904,10406948740,10406948779,1,"IOTHUB_CLIENT_CONFIRMATION_OK"
905,10406948940,10406948979,1,"IOTHUB_CLIENT_CONFIRMATION_OK"
906,10406949140,10406949182,1,"IOTHUB_CLIENT_CONFIRMATION_OK"
907,10406949340,10406949474,1,"IOTHUB_CLIENT_CONFIRMATION_OK"
908,10406949540,10406949583,1,"IOTHUB_CLIENT_CONFIRMATION_OK"
909,10406949740,10406949785,1,"IOTHUB_CLIENT_CONFIRMATION_OK"
910,10406949940,10406949982,1,"IOTHUB_CLIENT_CONFIRMATION_OK"
911,10406950141,10406950177,1,"IOTHUB_CLIENT_CONFIRMATION_OK"
912,10406950341,10406950386,1,"IOTHUB_CLIENT_CONFIRMATION_OK"
913,10406950541,10406950661,1,"IOTHUB_CLIENT_CONFIRMATION_OK"
914,10406950741,10406950782,1,"IOTHUB_CLIENT_CONFIRMATION_OK"
915,10406950941,10406950987,1,"IOTHUB_CLIENT_CONFIRMATION_OK"
916,10406951141,10406951180,1,"IOTHUB_CLIENT_CONFIRMATION_OK"
917,10406951342,10406951378,1,"IOTHUB_CLIENT_CONFIRMATION_OK"
918,10406951542,10406951595,1,"IOTHUB_CLIENT_CONFIRMATION_OK"
919,10406951742,10406951778,1,"IOTHUB_CLIENT_CONFIRMATION_OK"
920,10406951942,10406951999,1,"IOTHUB_CLIENT_CONFIRMATION_OK"
921,10406952142,10406952187,1,"IOTHUB_CLIENT_CONFIRMATION_OK"
922,10406952342,10406952381,1,"IOTHUB_CLIENT_CONFIRMATION_OK"
923,10406952543,10406952611,1,"IOTHUB_CLIENT_CONFIRMATION_OK"
924,10406952743,10406952786,1,"IOTHUB_CLIENT_CONFIRMATION_OK"
925,10406952943,10406952982,1,"IOTHUB_CLIENT_CONFIRMATION_OK"
926,10406953143,10406953186,1,"IOTHUB_CLIENT_CONFIRMATION_OK"
927,10406953343,10406953386,1,"IOTHUB_CLIENT_CONFIRMATION_OK"
928,10406953543,10406953683,1,"IOTHUB_CLIENT_CONFIRMATION_OK"
929,10406953744,10406953785,1,"IOTHUB_CLIENT_CONFIRMATION_OK"
930,10406953944,10406953984,1,"IOTHUB_CLIENT_CONFIRMATION_OK"
931,10406954144,10406954178,1,"IOTHUB_CLIENT_CONFIRMATION_OK"
932,10406954344,10406954389,1,"IOTHUB_CLIENT_CONFIRMATION_OK"
933,10406954544,10406954597,1,"IOTHUB_CLIENT_CONFIRMATION_OK"
934,10406954744,10406954795,1,"IOTHUB_CLIENT_CONFIRMATION_OK"
935,10406954945,10406955017,1,"IOTHUB_CLIENT_CONFIRMATION_OK"
936,10406955145,10406955208,1,"IOTHUB_CLIENT_CONFIRMATION_OK"
937,10406955345,10406955398,1,"IOTHUB_CLIENT_CONFIRMATION_OK"
938,10406955545,10406955579,1,"IOTHUB_CLIENT_CONFIRMATION_OK"
939,10406955745,10406955823,1,"IOTHUB_CLIENT_CONFIRMATION_OK"
940,10406955945,10406955982,1,"IOTHUB_CLIENT_CONFIRMATION_OK"
941,10406956146,10406956185,1,"IOTHUB_CLIENT_CONFIRMATION_OK"
942,10406956346,10406956411,1,"IOTHUB_CLIENT_CONFIRMATION_OK"
943,10406956546,10406956582,1,"IOTHUB_CLIENT_CONFIRMATION_OK"
944,10406956746,10406956853,1,"IOTHUB_CLIENT_CONFIRMATION_OK"
945,10406956946,10406956986,1,"IOTHUB_CLIENT_CONFIRMATION_OK"
946,10406957146,10406957190,1,"IOTHUB_CLIENT_CONFIRMATION_OK"
947,10406957347,10406957398,1,"IOTHUB_CLIENT_CONFIRMATION_OK"
948,10406957547,10406957587,1,"IOTHUB_CLIENT_CONFIRMATION_OK"
949,10406957747,10406957890,1,"IOTHUB_CLIENT_CONFIRMATION_OK"
950,10406957947,10406957989,1,"IOTHUB_CLIENT_CONFIRMATION_OK"
951,10406958147,10406958198,1,"IOTHUB_CLIENT_CONFIRMATION_OK"
952,10406958347,10406958386,1,"IOTHUB_CLIENT_CONFIRMATION_OK"
953,10406958548,10406958584,1,"IOTHUB_CLIENT_CONFIRMATION_OK"
954,10406958748,10406958790,1,"IOTHUB_CLIENT_CONFIRMATION_OK"
955,10406958948,10406958990,1,"IOTHUB_CLIENT_CONFIRMATION_OK"
956,10406959148,10406959187,1,"IOTHUB_CLIENT_CONFIRMATION_OK"
957,10406959348,10406959530,1,"IOTHUB_CLIENT_CONFIRMATION_OK"
958,10406959548,10406959590,1,"IOTHUB_CLIENT_CONFIRMATION_OK"
959,10406959749,10406959878,1,"IOTHUB_CLIENT_CONFIRMATION_OK"
960,10406959949,10406959993,1,"IOTHUB_CLIENT_CONFIRMATION_OK"
961,10406960149,10406960192,1,"IOTHUB_CLIENT_CONFIRMATION_OK"
962,10406960349,10406960390,1,"IOTHUB_CLIENT_CONFIRMATION_OK"
963,10406960549,10406960592,1,"IOTHUB_CLIENT_CONFIRMATION_OK"
964,10406960749,10406960795,1,"IOTHUB_CLIENT_CONFIRMATION_OK"
965,10406960950,10406960990,1,"IOTHUB_CLIENT_CONFIRMATION_OK"
966,10406961150,10406961189,1,"IOTHUB_CLIENT_CONFIRMATION_OK"
967,10406961350,10406961392,1,"IOTHUB_CLIENT_CONFIRMATION_OK"
968,10406961550,10406961588,1,"IOTHUB_CLIENT_CONFIRMATION_OK"
969,10406961750,10406961795,1,"IOTHUB_CLIENT_CONFIRMATION_OK"
970,10406961950,10406962170,1,"IOTHUB_CLIENT_CONFIRMATION_OK"
971,10406962151,10406962191,1,"IOTHUB_CLIENT_CONFIRMATION_OK"
972,10406962351,10406962388,1,"IOTHUB_CLIENT_CONFIRMATION_OK"
973,10406962551,10406962594,1,"IOTHUB_CLIENT_CONFIRMATION_OK"
974,10406962751,10406962793,1,"IOTHUB_CLIENT_CONFIRMATION_OK"
975,10406962951,10406962989,1,"IOTHUB_CLIENT_CONFIRMATION_OK"
976,10406963151,10406963194,1,"IOTHUB_CLIENT_CONFIRMATION_OK"
977,10406963351,10406963393,1,"IOTHUB_CLIENT_CONFIRMATION_OK"
978,10406963552,10406963601,1,"IOTHUB_CLIENT_CONFIRMATION_OK"
979,10406963752,10406963801,1,"IOTHUB_CLIENT_CONFIRMATION_OK"
980,10406963952,10406963988,1,"IOTHUB_CLIENT_CONFIRMATION_OK"
981,10406964152,10406964189,1,"IOTHUB_CLIENT_CONFIRMATION_OK"
982,10406964352,10406964393,1,"IOTHUB_CLIENT_CONFIRMATION_OK"
983,10406964552,10406964587,1,"IOTHUB_CLIENT_CONFIRMATION_OK"
984,10406964753,10406964805,1,"IOTHUB_CLIENT_CONFIRMATION_OK"
985,10406964953,10406964995,1,"IOTHUB_CLIENT_CONFIRMATION_OK"
986,10406965153,10406965220,1,"IOTHUB_CLIENT_CONFIRMATION_OK"
987,10406965353,10406965390,1,"IOTHUB_CLIENT_CONFIRMATION_OK"
988,10406965553,10406965598,1,"IOTHUB_CLIENT_CONFIRMATION_OK"
989,10406965753,10406965859,1,"IOTHUB_CLIENT_CONFIRMATION_OK"
990,10406965954,10406966023,1,"IOTHUB_CLIENT_CONFIRMATION_OK"
991,10406966154,10406966192,1,"IOTHUB_CLIENT_CONFIRMATION_OK"
992,10406966354,10406966391,1,"IOTHUB_CLIENT_CONFIRMATION_OK"
993,10406966554,10406966600,1,"IOTHUB_CLIENT_CONFIRMATION_OK"
994,10406966754,10406966852,1,"IOTHUB_CLIENT_CONFIRMATION_OK"
995,10406966954,10406966998,1,"IOTHUB_CLIENT_CONFIRMATION_OK"
996,10406967155,10406967202,1,"IOTHUB_CLIENT_CONFIRMATION_OK"
997,10406967355,10406967399,1,"IOTHUB_CLIENT_CONFIRMATION_OK"
998,10406967555,10406967589,1,"IOTHUB_CLIENT_CONFIRMATION_OK"
999,10406967755,10406967860,1,"IOTHUB_CLIENT_CONFIRMATION_OK"
1000,10406967955,10406967998,1,"IOTHUB_CLIENT_CONFIRMATION_OK"
1001,10406968155,10406968194,1,"IOTHUB_CLIENT_CONFIRMATION_OK"
1002,10406968356,10406968476,1,"IOTHUB_CLIENT_CONFIRMATION_OK"
1003,10406968556,10406968600,1,"IOTHUB_CLIENT_CONFIRMATION_OK"
1004,10406968756,10406968793,1,"IOTHUB_CLIENT_CONFIRMATION_OK"
1005,10406968956,10406969016,1,"IOTHUB_CLIENT_CONFIRMATION_OK"
1006,10406969156,10406969197,1,"IOTHUB_CLIENT_CONFIRMATION_OK"
1007,10406969356,10406969410,1,"IOTHUB_CLIENT_CONFIRMATION_OK"
1008,10406969557,10406969601,1,"IOTHUB_CLIENT_CONFIRMATION_OK"
1009,10406969757,10406969811,1,"IOTHUB_CLIENT_CONFIRMATION_OK"
1010,10406969957,10406969998,1,"IOTHUB_CLIENT_CONFIRMATION_OK"
1011,10406970157,10406970202,1,"IOTHUB_CLIENT_CONFIRMATION_OK"
1012,10406970357,10406970429,1,"IOTHUB_CLIENT_CONFIRMATION_OK"
1013,10406970557,10406970605,1,"IOTHUB_CLIENT_CONFIRMATION_OK"
1014,10406970758,10406970798,1,"IOTHUB_CLIENT_CONFIRMATION_OK"
1015,10406970958,10406971036,1,"IOTHUB_CLIENT_CONFIRMATION_OK"
1016,10406971158,10406971189,1,"IOTHUB_CLIENT_CONFIRMATION_OK"
1017,10406971358,10406971405,1,"IOTHUB_CLIENT_CONFIRMATION_OK"
1018,10406971558,10406971600,1,"IOTHUB_CLIENT_CONFIRMATION_OK"
1019,10406971758,10406971807,1,"IOTHUB_CLIENT_CONFIRMATION_OK"
1020,10406971959,10406971996,1,"IOTHUB_CLIENT_CONFIRMATION_OK"
1021,10406972159,10406972207,1,"IOTHUB_CLIENT_CONFIRMATION_OK"
1022,10406972359,10406972397,1,"IOTHUB_CLIENT_CONFIRMATION_OK"
1023,10406972559,10406972611,1,"IOTHUB_CLIENT_CONFIRMATION_OK"
1024,10406972759,10406972799,1,"IOTHUB_CLIENT_CONFIRMATION_OK"
1025,10406972959,10406973021,1,"IOTHUB_CLIENT_CONFIRMATION_OK"
1026,10406973160,10406973228,1,"IOTHUB_CLIENT_CONFIRMATION_OK"
1027,10406973360,10406973401,1,"IOTHUB_CLIENT_CONFIRMATION_OK"
1028,10406973560,10406973625,1,"IOTHUB_CLIENT_CONFIRMATION_OK"
1029,10406973760,10406973803,1,"IOTHUB_CLIENT_CONFIRMATION_OK"
1030,10406973960,10406974002,1,"IOTHUB_CLIENT_CONFIRMATION_OK"
1031,10406974160,10406974324,1,"IOTHUB_CLIENT_CONFIRMATION_OK"
1032,10406974361,10406974401,1,"IOTHUB_CLIENT_CONFIRMATION_OK"
1033,10406974561,10406974599,1,"IOTHUB_CLIENT_CONFIRMATION_OK"
1034,10406974761,10406974794,1,"IOTHUB_CLIENT_CONFIRMATION_OK"
1035,10406974961,10406975004,1,"IOTHUB_CLIENT_CONFIRMATION_OK"
1036,10406975161,10406975268,1,"IOTHUB_CLIENT_CONFIRMATION_OK"
1037,10406975361,10406975403,1,"IOTHUB_CLIENT_CONFIRMATION_OK"
1038,10406975562,10406975600,1,"IOTHUB_CLIENT_CONFIRMATION_OK"
1039,10406975762,10406975800,1,"IOTHUB_CLIENT_CONFIRMATION_OK"
1040,10406975962,10406976006,1,"IOTHUB_CLIENT_CONFIRMATION_OK"
1041,10406976162,10406976216,1,"IOTHUB_CLIENT_CONFIRMATION_OK"
1042,10406976362,10406976509,1,"IOTHUB_CLIENT_CONFIRMATION_OK"
1043,10406976562,10406976605,1,"IOTHUB_CLIENT_CONFIRMATION_OK"
1044,10406976763,10406976931,1,"IOTHUB_CLIENT_CONFIRMATION_OK"
1045,10406976963,10406976997,1,"IOTHUB_CLIENT_CONFIRMATION_OK"
1046,10406977163,10406977199,1,"IOTHUB_CLIENT_CONFIRMATION_OK"
1047,10406977363,10406977397,1,"IOTHUB_CLIENT_CONFIRMATION_OK"
1048,10406977563,10406977604,1,"IOTHUB_CLIENT_CONFIRMATION_OK"
1049,10406977763,10406977948,1,"IOTHUB_CLIENT_CONFIRMATION_OK"
1050,10406977964,10406978000,1,"IOTHUB_CLIENT_CONFIRMATION_OK"
1051,10406978164,10406978222,1,"IOTHUB_CLIENT_CONFIRMATION_OK"
1052,10406978364,10406978401,1,"IOTHUB_CLIENT_CONFIRMATION_OK"
1053,10406978564,10406978605,1,"IOTHUB_CLIENT_CONFIRMATION_OK"
1054,10406978764,10406978804,1,"IOTHUB_CLIENT_CONFIRMATION_OK"
1055,10406978964,10406979240,1,"IOTHUB_CLIENT_CONFIRMATION_OK"
1056,10406979165,10406979329,1,"IOTHUB_CLIENT_CONFIRMATION_OK"
1057,10406979365,10406979543,1,"IOTHUB_CLIENT_CONFIRMATION_OK"
1058,10406979565,10406979606,1,"IOTHUB_CLIENT_CONFIRMATION_OK"
1059,10406979765,10406980158,1,"IOTHUB_CLIENT_CONFIRMATION_OK"
1060,10406979965,10406980178,1,"IOTHUB_CLIENT_CONFIRMATION_OK"
1061,10406980165,10406980211,1,"IOTHUB_CLIENT_CONFIRMATION_OK"
1062,10406980366,10406980407,1,"IOTHUB_CLIENT_CONFIRMATION_OK"
1063,10406980566,10406980599,1,"IOTHUB_CLIENT_CONFIRMATION_OK"
1064,10406980766,10406980803,1,"IOTHUB_CLIENT_CONFIRMATION_OK"
1065,10406980966,10406981131,1,"IOTHUB_CLIENT_CONFIRMATION_OK"
1066,10406981166,10406981204,1,"IOTHUB_CLIENT_CONFIRMATION_OK"
1067,10406981366,10406981409,1,"IOTHUB_CLIENT_CONFIRMATION_OK"
1068,10406981567,10406981610,1,"IOTHUB_CLIENT_CONFIRMATION_OK"
1069,10406981767,10406981812,1,"IOTHUB_CLIENT_CONFIRMATION_OK"
1070,10406981967,10406982017,1,"IOTHUB_CLIENT_CONFIRMATION_OK"
1071,10406982167,10406982218,1,"IOTHUB_CLIENT_CONFIRMATION_OK"
1072,10406982367,10406982407,1,"IOTHUB_CLIENT_CONFIRMATION_OK"
1073,10406982567,10406982603,1,"IOTHUB_CLIENT_CONFIRMATION_OK"
1074,10406982767,10406982807,1,"IOTHUB_CLIENT_CONFIRMATION_OK"
1075,10406982968,10406983115,1,"IOTHUB_CLIENT_CONFIRMATION_OK"
1076,10406983168,10406983211,1,"IOTHUB_CLIENT_CONFIRMATION_OK"
1077,10406983368,10406983405,1,"IOTHUB_CLIENT_CONFIRMATION_OK"
1078,10406983568,10406983681,1,"IOTHUB_CLIENT_CONFIRMATION_OK"
1079,10406983768,10406983812,1,"IOTHUB_CLIENT_CONFIRMATION_OK"
1080,10406983969,10406984012,1,"IOTHUB_CLIENT_CONFIRMATION_OK"
1081,10406984169,10406984217,1,"IOTHUB_CLIENT_CONFIRMATION_OK"
1082,10406984369,10406984424,1,"IOTHUB_CLIENT_CONFIRMATION_OK"
1083,10406984569,10406984599,1,"IOTHUB_CLIENT_CONFIRMATION_OK"
1084,10406984769,10406984816,1,"IOTHUB_CLIENT_CONFIRMATION_OK"
1085,10406984969,10406985007,1,"IOTHUB_CLIENT_CONFIRMATION_OK"
1086,10406985170,10406985221,1,"IOTHUB_CLIENT_CONFIRMATION_OK"
1087,10406985370,10406985412,1,"IOTHUB_CLIENT_CONFIRMATION_OK"
1088,10406985570,10406985608,1,"IOTHUB_CLIENT_CONFIRMATION_OK"
1089,10406985770,10406985844,1,"IOTHUB_CLIENT_CONFIRMATION_OK"
1090,10406985970,10406986011,1,"IOTHUB_CLIENT_CONFIRMATION_OK"
1091,10406986170,10406986209,1,"IOTHUB_CLIENT_CONFIRMATION_OK"
1092,10406986371,10406986408,1,"IOTHUB_CLIENT_CONFIRMATION_OK"
1093,10406986571,10406986623,1,"IOTHUB_CLIENT_CONFIRMATION_OK"
1094,10406986771,10406986850,1,"IOTHUB_CLIENT_CONFIRMATION_OK"
1095,10406986971,10406987012,1,"IOTHUB_CLIENT_CONFIRMATION_OK"
1096,10406987171,10406987217,1,"IOTHUB_CLIENT_CONFIRMATION_OK"
1097,10406987371,10406987416,1,"IOTHUB_CLIENT_CONFIRMATION_OK"
1098,10406987572,10406987619,1,"IOTHUB_CLIENT_CONFIRMATION_OK"
1099,10406987772,10406987878,1,"IOTHUB_CLIENT_CONFIRMATION_OK"
1100,10406987972,10406988023,1,"IOTHUB_CLIENT_CONFIRMATION_OK"
1101,10406988172,10406988215,1,"IOTHUB_CLIENT_CONFIRMATION_OK"
1102,10406988372,10406988492,1,"IOTHUB_CLIENT_CONFIRMATION_OK"
1103,10406988572,10406988616,1,"IOTHUB_CLIENT_CONFIRMATION_OK"
1104,10406988772,10406988820,1,"IOTHUB_CLIENT_CONFIRMATION_OK"
1105,10406988973,10406989079,1,"IOTHUB_CLIENT_CONFIRMATION_OK"
1106,10406989173,10406989215,1,"IOTHUB_CLIENT_CONFIRMATION_OK"
1107,10406989373,10406989523,1,"IOTHUB_CLIENT_CONFIRMATION_OK"
1108,10406989573,10406989622,1,"IOTHUB_CLIENT_CONFIRMATION_OK"
1109,10406989773,10406989818,1,"IOTHUB_CLIENT_CONFIRMATION_OK"
1110,10406989973,10406990017,1,"IOTHUB_CLIENT_CONFIRMATION_OK"
1111,10406990174,10406990208,1,"IOTHUB_CLIENT_CONFIRMATION_OK"
1112,10406990374,10406990423,1,"IOTHUB_CLIENT_CONFIRMATION_OK"
1113,10406990574,10406990625,1,"IOTHUB_CLIENT_CONFIRMATION_OK"
1114,10406990774,10406990827,1,"IOTHUB_CLIENT_CONFIRMATION_OK"
1115,10406990974,10406991015,1,"IOTHUB_CLIENT_CONFIRMATION_OK"
1116,10406991174,10406991208,1,"IOTHUB_CLIENT_CONFIRMATION_OK"
1117,10406991375,10406991410,1,"IOTHUB_CLIENT_CONFIRMATION_OK"
1118,10406991575,10406991622,1,"IOTHUB_CLIENT_CONFIRMATION_OK"
1119,10406991775,10406991814,1,"IOTHUB_CLIENT_CONFIRMATION_OK"
1120,10406991975,10406992187,1,"IOTHUB_CLIENT_CONFIRMATION_OK"
1121,10406992175,10406992218,1,"IOTHUB_CLIENT_CONFIRMATION_OK"
1122,10406992375,10406992443,1,"IOTHUB_CLIENT_CONFIRMATION_OK"
1123,10406992576,10406992641,1,"IOTHUB_CLIENT_CONFIRMATION_OK"
1124,10406992776,10406992819,1,"IOTHUB_CLIENT_CONFIRMATION_OK"
1125,10406992976,10406993017,1,"IOTHUB_CLIENT_CONFIRMATION_OK"
1126,10406993176,10406993220,1,"IOTHUB_CLIENT_CONFIRMATION_OK"
1127,10406993376,10406993437,1,"IOTHUB_CLIENT_CONFIRMATION_OK"
1128,10406993576,10406993616,1,"IOTHUB_CLIENT_CONFIRMATION_OK"
1129,10406993777,10406993882,1,"IOTHUB_CLIENT_CONFIRMATION_OK"
1130,10406993977,10406994027,1,"IOTHUB_CLIENT_CONFIRMATION_OK"
1131,10406994177,10406994223,1,"IOTHUB_CLIENT_CONFIRMATION_OK"
1132,10406994377,10406994418,1,"IOTHUB_CLIENT_CONFIRMATION_OK"
1133,10406994577,10406994624,1,"IOTHUB_CLIENT_CONFIRMATION_OK"
1134,10406994777,10406994823,1,"IOTHUB_CLIENT_CONFIRMATION_OK"
1135,10406994978,10406995026,1,"IOTHUB_CLIENT_CONFIRMATION_OK"
1136,10406995178,10406995220,1,"IOTHUB_CLIENT_CONFIRMATION_OK"
1137,10406995378,10406995443,1,"IOTHUB_CLIENT_CONFIRMATION_OK"
1138,10406995578,10406995622,1,"IOTHUB_CLIENT_CONFIRMATION_OK"
1139,10406995778,10406995869,1,"IOTHUB_CLIENT_CONFIRMATION_OK"
1140,10406995978,10406996020,1,"IOTHUB_CLIENT_CONFIRMATION_OK"
1141,10406996179,10406996219,1,"IOTHUB_CLIENT_CONFIRMATION_OK"
1142,10406996379,10406996437,1,"IOTHUB_CLIENT_CONFIRMATION_OK"
1143,10406996579,10406996619,1,"IOTHUB_CLIENT_CONFIRMATION_OK"
1144,10406996779,10406996878,1,"IOTHUB_CLIENT_CONFIRMATION_OK"
1145,10406996979,10406997015,1,"IOTHUB_CLIENT_CONFIRMATION_OK"
1146,10406997179,10406997216,1,"IOTHUB_CLIENT_CONFIRMATION_OK"
1147,10406997379,10406997428,1,"IOTHUB_CLIENT_CONFIRMATION_OK"
1148,10406997580,10406997615,1,"IOTHUB_CLIENT_CONFIRMATION_OK"
1149,10406997780,10406997897,1,"IOTHUB_CLIENT_CONFIRMATION_OK"
1150,10406997980,10406998019,1,"IOTHUB_CLIENT_CONFIRMATION_OK"
1151,10406998180,10406998239,1,"IOTHUB_CLIENT_CONFIRMATION_OK"
1152,10406998380,10406998512,1,"IOTHUB_CLIENT_CONFIRMATION_OK"
1153,10406998580,10406998655,1,"IOTHUB_CLIENT_CONFIRMATION_OK"
1154,10406998781,10406998820,1,"IOTHUB_CLIENT_CONFIRMATION_OK"
1155,10406998981,10406999025,1,"IOTHUB_CLIENT_CONFIRMATION_OK"
1156,10406999181,10406999222,1,"IOTHUB_CLIENT_CONFIRMATION_OK"
1157,10406999381,10406999546,1,"IOTHUB_CLIENT_CONFIRMATION_OK"
1158,10406999581,10406999617,1,"IOTHUB_CLIENT_CONFIRMATION_OK"
1159,10406999781,10406999819,1,"IOTHUB_CLIENT_CONFIRMATION_OK"
1160,10406999982,10407000023,1,"IOTHUB_CLIENT_CONFIRMATION_OK"
1161,10407000182,10407000249,1,"IOTHUB_CLIENT_CONFIRMATION_OK"
1162,10407000382,10407000413,1,"IOTHUB_CLIENT_CONFIRMATION_OK"
1163,10407000582,10407000649,1,"IOTHUB_CLIENT_CONFIRMATION_OK"
1164,10407000782,10407000828,1,"IOTHUB_CLIENT_CONFIRMATION_OK"
1165,10407000982,10407001066,1,"IOTHUB_CLIENT_CONFIRMATION_OK"
1166,10407001182,10407001289,1,"IOTHUB_CLIENT_CONFIRMATION_OK"
1167,10407001383,10407001425,1,"IOTHUB_CLIENT_CONFIRMATION_OK"
1168,10407001583,10407001661,1,"IOTHUB_CLIENT_CONFIRMATION_OK"
1169,10407001783,10407001821,1,"IOTHUB_CLIENT_CONFIRMATION_OK"
1170,10407001983,10407002070,1,"IOTHUB_CLIENT_CONFIRMATION_OK"
1171,10407002183,10407002218,1,"IOTHUB_CLIENT_CONFIRMATION_OK"
1172,10407002383,10407002427,1,"IOTHUB_CLIENT_CONFIRMATION_OK"
1173,10407002584,10407002684,1,"IOTHUB_CLIENT_CONFIRMATION_OK"
1174,10407002784,10407002830,1,"IOTHUB_CLIENT_CONFIRMATION_OK"
1175,10407002984,10407003027,1,"IOTHUB_CLIENT_CONFIRMATION_OK"
1176,10407003184,10407003234,1,"IOTHUB_CLIENT_CONFIRMATION_OK"
1177,10407003384,10407003423,1,"IOTHUB_CLIENT_CONFIRMATION_OK"
1178,10407003584,10407003810,1,"IOTHUB_CLIENT_CONFIRMATION_OK"
1179,10407003784,10407003840,1,"IOTHUB_CLIENT_CONFIRMATION_OK"
1180,10407003985,10407004022,1,"IOTHUB_CLIENT_CONFIRMATION_OK"
1181,10407004185,10407004220,1,"IOTHUB_CLIENT_CONFIRMATION_OK"
1182,10407004385,10407004431,1,"IOTHUB_CLIENT_CONFIRMATION_OK"
1183,10407004585,10407004629,1,"IOTHUB_CLIENT_CONFIRMATION_OK"
1184,10407004785,10407004833,1,"IOTHUB_CLIENT_CONFIRMATION_OK"
1185,10407004985,10407005027,1,"IOTHUB_CLIENT_CONFIRMATION_OK"
1186,10407005186,10407005246,1,"IOTHUB_CLIENT_CONFIRMATION_OK"
1187,10407005386,10407005425,1,"IOTHUB_CLIENT_CONFIRMATION_OK"
1188,10407005586,10407005624,1,"IOTHUB_CLIENT_CONFIRMATION_OK"
1189,10407005786,10407005848,1,"IOTHUB_CLIENT_CONFIRMATION_OK"
1190,10407005986,10407006024,1,"IOTHUB_CLIENT_CONFIRMATION_OK"
1191,10407006186,10407006223,1,"IOTHUB_CLIENT_CONFIRMATION_OK"
1192,10407006387,10407006423,1,"IOTHUB_CLIENT_CONFIRMATION_OK"
1193,10407006587,10407006662,1,"IOTHUB_CLIENT_CONFIRMATION_OK"
1194,10407006787,10407006868,1,"IOTHUB_CLIENT_CONFIRMATION_OK"
1195,10407006987,10407007034,1,"IOTHUB_CLIENT_CONFIRMATION_OK"
1196,10407007187,10407007235,1,"IOTHUB_CLIENT_CONFIRMATION_OK"
1197,10407007387,10407007426,1,"IOTHUB_CLIENT_CONFIRMATION_OK"
1198,10407007587,10407007657,1,"IOTHUB_CLIENT_CONFIRMATION_OK"
1199,10407007788,10407007923,1,"IOTHUB_CLIENT_CONFIRMATION_OK"
1200,10407007988,10407008091,1,"IOTHUB_CLIENT_CONFIRMATION_OK"
1201,10407008188,10407008228,1,"IOTHUB_CLIENT_CONFIRMATION_OK"
1202,10407008388,10407008501,1,"IOTHUB_CLIENT_CONFIRMATION_OK"
1203,10407008588,10407008628,1,"IOTHUB_CLIENT_CONFIRMATION_OK"
1204,10407008788,10407008830,1,"IOTHUB_CLIENT_CONFIRMATION_OK"
1205,10407008989,10407009031,1,"IOTHUB_CLIENT_CONFIRMATION_OK"
1206,10407009189,10407009229,1,"IOTHUB_CLIENT_CONFIRMATION_OK"
1207,10407009389,10407009536,1,"IOTHUB_CLIENT_CONFIRMATION_OK"
1208,10407009589,10407009630,1,"IOTHUB_CLIENT_CONFIRMATION_OK"
1209,10407009789,10407009825,1,"IOTHUB_CLIENT_CONFIRMATION_OK"
1210,10407009989,10407010042,1,"IOTHUB_CLIENT_CONFIRMATION_OK"
1211,10407010190,10407010231,1,"IOTHUB_CLIENT_CONFIRMATION_OK"
1212,10407010390,10407010436,1,"IOTHUB_CLIENT_CONFIRMATION_OK"
1213,10407010590,10407010628,1,"IOTHUB_CLIENT_CONFIRMATION_OK"
1214,10407010790,10407010843,1,"IOTHUB_CLIENT_CONFIRMATION_OK"
1215,10407010990,10407011064,1,"IOTHUB_CLIENT_CONFIRMATION_OK"
1216,10407011190,10407011229,1,"IOTHUB_CLIENT_CONFIRMATION_OK"
1217,10407011390,10407011425,1,"IOTHUB_CLIENT_CONFIRMATION_OK"
1218,10407011591,10407011642,1,"IOTHUB_CLIENT_CONFIRMATION_OK"
1219,10407011791,10407011835,1,"IOTHUB_CLIENT_CONFIRMATION_OK"
1220,10407011991,10407012104,1,"IOTHUB_CLIENT_CONFIRMATION_OK"
1221,10407012191,10407012240,1,"IOTHUB_CLIENT_CONFIRMATION_OK"
1222,10407012391,10407012437,1,"IOTHUB_CLIENT_CONFIRMATION_OK"
1223,10407012591,10407012719,1,"IOTHUB_CLIENT_CONFIRMATION_OK"
1224,10407012792,10407012838,1,"IOTHUB_CLIENT_CONFIRMATION_OK"
1225,10407012992,10407013136,1,"IOTHUB_CLIENT_CONFIRMATION_OK"
1226,10407013192,10407013240,1,"IOTHUB_CLIENT_CONFIRMATION_OK"
1227,10407013392,10407013423,1,"IOTHUB_CLIENT_CONFIRMATION_OK"
1228,10407013592,10407013758,1,"IOTHUB_CLIENT_CONFIRMATION_OK"
1229,10407013792,10407013834,1,"IOTHUB_CLIENT_CONFIRMATION_OK"
1230,10407013993,10407014031,1,"IOTHUB_CLIENT_CONFIRMATION_OK"
1231,10407014193,10407014254,1,"IOTHUB_CLIENT_CONFIRMATION_OK"
1232,10407014393,10407014442,1,"IOTHUB_CLIENT_CONFIRMATION_OK"
1233,10407014593,10407014640,1,"IOTHUB_CLIENT_CONFIRMATION_OK"
1234,10407014793,10407014828,1,"IOTHUB_CLIENT_CONFIRMATION_OK"
1235,10407014993,10407015042,1,"IOTHUB_CLIENT_CONFIRMATION_OK"
1236,10407015194,10407015236,1,"IOTHUB_CLIENT_CONFIRMATION_OK"
1237,10407015394,10407015436,1,"IOTHUB_CLIENT_CONFIRMATION_OK"
1238,10407015594,10407015631,1,"IOTHUB_CLIENT_CONFIRMATION_OK"
1239,10407015794,10407015834,1,"IOTHUB_CLIENT_CONFIRMATION_OK"
1240,10407015994,10407016033,1,"IOTHUB_CLIENT_CONFIRMATION_OK"
1241,10407016194,10407016236,1,"IOTHUB_CLIENT_CONFIRMATION_OK"
1242,10407016395,10407016447,1,"IOTHUB_CLIENT_CONFIRMATION_OK"
1243,10407016595,10407016679,1,"IOTHUB_CLIENT_CONFIRMATION_OK"
1244,10407016795,10407016842,1,"IOTHUB_CLIENT_CONFIRMATION_OK"
1245,10407016995,10407017036,1,"IOTHUB_CLIENT_CONFIRMATION_OK"
1246,10407017195,10407017238,1,"IOTHUB_CLIENT_CONFIRMATION_OK"
1247,10407017395,10407017477,1,"IOTHUB_CLIENT_CONFIRMATION_OK"
1248,10407017596,10407017638,1,"IOTHUB_CLIENT_CONFIRMATION_OK"
1249,10407017796,10407017861,1,"IOTHUB_CLIENT_CONFIRMATION_OK"
1250,10407017996,10407018172,1,"IOTHUB_CLIENT_CONFIRMATION_OK"
1251,10407018196,10407018242,1,"IOTHUB_CLIENT_CONFIRMATION_OK"
1252,10407018396,10407018460,1,"IOTHUB_CLIENT_CONFIRMATION_OK"
1253,10407018596,10407018635,1,"IOTHUB_CLIENT_CONFIRMATION_OK"
1254,10407018797,10407018842,1,"IOTHUB_CLIENT_CONFIRMATION_OK"
1255,10407018997,10407019040,1,"IOTHUB_CLIENT_CONFIRMATION_OK"
1256,10407019197,10407019239,1,"IOTHUB_CLIENT_CONFIRMATION_OK"
1257,10407019397,10407019479,1,"IOTHUB_CLIENT_CONFIRMATION_OK"
1258,10407019597,10407019655,1,"IOTHUB_CLIENT_CONFIRMATION_OK"
1259,10407019797,10407019834,1,"IOTHUB_CLIENT_CONFIRMATION_OK"
1260,10407019998,10407020103,1,"IOTHUB_CLIENT_CONFIRMATION_OK"
1261,10407020198,10407020237,1,"IOTHUB_CLIENT_CONFIRMATION_OK"
1262,10407020398,10407020437,1,"IOTHUB_CLIENT_CONFIRMATION_OK"
1263,10407020598,10407020645,1,"IOTHUB_CLIENT_CONFIRMATION_OK"
1264,10407020798,10407020842,1,"IOTHUB_CLIENT_CONFIRMATION_OK"
1265,10407020998,10407021107,1,"IOTHUB_CLIENT_CONFIRMATION_OK"
1266,10407021198,10407021247,1,"IOTHUB_CLIENT_CONFIRMATION_OK"
1267,10407021399,10407021444,1,"IOTHUB_CLIENT_CONFIRMATION_OK"
1268,10407021599,10407021645,1,"IOTHUB_CLIENT_CONFIRMATION_OK"
1269,10407021799,10407021835,1,"IOTHUB_CLIENT_CONFIRMATION_OK"
1270,10407021999,10407022141,1,"IOTHUB_CLIENT_CONFIRMATION_OK"
1271,10407022199,10407022236,1,"IOTHUB_CLIENT_CONFIRMATION_OK"
1272,10407022399,10407022453,1,"IOTHUB_CLIENT_CONFIRMATION_OK"
1273,10407022599,10407022734,1,"IOTHUB_CLIENT_CONFIRMATION_OK"
1274,10407022800,10407022859,1,"IOTHUB_CLIENT_CONFIRMATION_OK"
1275,10407023000,10407023035,1,"IOTHUB_CLIENT_CONFIRMATION_OK"
1276,10407023200,10407023245,1,"IOTHUB_CLIENT_CONFIRMATION_OK"
1277,10407023400,10407023559,1,"IOTHUB_CLIENT_CONFIRMATION_OK"
1278,10407023600,10407023796,1,"IOTHUB_CLIENT_CONFIRMATION_OK"
1279,10407023800,10407023844,1,"IOTHUB_CLIENT_CONFIRMATION_OK"
1280,10407024001,10407024045,1,"IOTHUB_CLIENT_CONFIRMATION_OK"
1281,10407024201,10407024243,1,"IOTHUB_CLIENT_CONFIRMATION_OK"
1282,10407024401,10407024443,1,"IOTHUB_CLIENT_CONFIRMATION_OK"
1283,10407024601,10407024639,1,"IOTHUB_CLIENT_CONFIRMATION_OK"
1284,10407024801,10407024852,1,"IOTHUB_CLIENT_CONFIRMATION_OK"
1285,10407025001,10407025042,1,"IOTHUB_CLIENT_CONFIRMATION_OK"
1286,10407025201,10407025242,1,"IOTHUB_CLIENT_CONFIRMATION_OK"
1287,10407025402,10407025455,1,"IOTHUB_CLIENT_CONFIRMATION_OK"
1288,10407025602,10407025650,1,"IOTHUB_CLIENT_CONFIRMATION_OK"
1289,10407025802,10407025842,1,"IOTHUB_CLIENT_CONFIRMATION_OK"
1290,10407026002,10407026037,1,"IOTHUB_CLIENT_CONFIRMATION_OK"
1291,10407026202,10407026244,1,"IOTHUB_CLIENT_CONFIRMATION_OK"
1292,10407026402,10407026442,1,"IOTHUB_CLIENT_CONFIRMATION_OK"
1293,10407026603,10407026639,1,"IOTHUB_CLIENT_CONFIRMATION_OK"
1294,10407026803,10407026842,1,"IOTHUB_CLIENT_CONFIRMATION_OK"
1295,10407027003,10407027045,1,"IOTHUB_CLIENT_CONFIRMATION_OK"
1296,10407027203,10407027248,1,"IOTHUB_CLIENT_CONFIRMATION_OK"
1297,10407027403,10407027468,1,"IOTHUB_CLIENT_CONFIRMATION_OK"
1298,10407027603,10407027653,1,"IOTHUB_CLIENT_CONFIRMATION_OK"
1299,10407027804,10407027865,1,"IOTHUB_CLIENT_CONFIRMATION_OK"
1300,10407028004,10407028042,1,"IOTHUB_CLIENT_CONFIRMATION_OK"
1301,10407028204,10407028244,1,"IOTHUB_CLIENT_CONFIRMATION_OK"
1302,10407028404,10407028532,1,"IOTHUB_CLIENT_CONFIRMATION_OK"
1303,10407028604,10407028642,1,"IOTHUB_CLIENT_CONFIRMATION_OK"
1304,10407028804,10407028844,1,"IOTHUB_CLIENT_CONFIRMATION_OK"
1305,10407029004,10407029040,1,"IOTHUB_CLIENT_CONFIRMATION_OK"
1306,10407029205,10407029251,1,"IOTHUB_CLIENT_CONFIRMATION_OK"
1307,10407029405,10407029500,1,"IOTHUB_CLIENT_CONFIRMATION_OK"
1308,10407029605,10407029640,1,"IOTHUB_CLIENT_CONFIRMATION_OK"
1309,10407029805,10407029862,1,"IOTHUB_CLIENT_CONFIRMATION_OK"
1310,10407030005,10407030126,1,"IOTHUB_CLIENT_CONFIRMATION_OK"
1311,10407030205,10407030245,1,"IOTHUB_CLIENT_CONFIRMATION_OK"
1312,10407030406,10407030445,1,"IOTHUB_CLIENT_CONFIRMATION_OK"
1313,10407030606,10407030654,1,"IOTHUB_CLIENT_CONFIRMATION_OK"
1314,10407030806,10407030843,1,"IOTHUB_CLIENT_CONFIRMATION_OK"
1315,10407031006,10407031116,1,"IOTHUB_CLIENT_CONFIRMATION_OK"
1316,10407031206,10407031245,1,"IOTHUB_CLIENT_CONFIRMATION_OK"
1317,10407031406,10407031454,1,"IOTHUB_CLIENT_CONFIRMATION_OK"
1318,10407031607,10407031647,1,"IOTHUB_CLIENT_CONFIRMATION_OK"
1319,10407031807,10407031844,1,"IOTHUB_CLIENT_CONFIRMATION_OK"
1320,10407032007,10407032155,1,"IOTHUB_CLIENT_CONFIRMATION_OK"
1321,10407032207,10407032252,1,"IOTHUB_CLIENT_CONFIRMATION_OK"
1322,10407032407,10407032457,1,"IOTHUB_CLIENT_CONFIRMATION_OK"
1323,10407032607,10407032648,1,"IOTHUB_CLIENT_CONFIRMATION_OK"
1324,10407032807,10407032847,1,"IOTHUB_CLIENT_CONFIRMATION_OK"
1325,10407033008,10407033063,1,"IOTHUB_CLIENT_CONFIRMATION_OK"
1326,10407033208,10407033345,1,"IOTHUB_CLIENT_CONFIRMATION_OK"
1327,10407033408,10407033451,1,"IOTHUB_CLIENT_CONFIRMATION_OK"
1328,10407033608,10407033831,1,"IOTHUB_CLIENT_CONFIRMATION_OK"
1329,10407033808,10407033860,1,"IOTHUB_CLIENT_CONFIRMATION_OK"
1330,10407034008,10407034045,1,"IOTHUB_CLIENT_CONFIRMATION_OK"
1331,10407034209,10407034258,1,"IOTHUB_CLIENT_CONFIRMATION_OK"
1332,10407034409,10407034446,1,"IOTHUB_CLIENT_CONFIRMATION_OK"
1333,10407034609,10407034644,1,"IOTHUB_CLIENT_CONFIRMATION_OK"
1334,10407034809,10407034855,1,"IOTHUB_CLIENT_CONFIRMATION_OK"
1335,10407035009,10407035071,1,"IOTHUB_CLIENT_CONFIRMATION_OK"
1336,10407035209,10407035259,1,"IOTHUB_CLIENT_CONFIRMATION_OK"
1337,10407035410,10407035451,1,"IOTHUB_CLIENT_CONFIRMATION_OK"
1338,10407035610,10407035646,1,"IOTHUB_CLIENT_CONFIRMATION_OK"
1339,10407035810,10407035858,1,"IOTHUB_CLIENT_CONFIRMATION_OK"
1340,10407036010,10407036048,1,"IOTHUB_CLIENT_CONFIRMATION_OK"
1341,10407036210,10407036253,1,"IOTHUB_CLIENT_CONFIRMATION_OK"
1342,10407036410,10407036462,1,"IOTHUB_CLIENT_CONFIRMATION_OK"
1343,10407036611,10407036652,1,"IOTHUB_CLIENT_CONFIRMATION_OK"
1344,10407036811,10407036872,1,"IOTHUB_CLIENT_CONFIRMATION_OK"
1345,10407037011,10407037061,1,"IOTHUB_CLIENT_CONFIRMATION_OK"
1346,10407037211,10407037255,1,"IOTHUB_CLIENT_CONFIRMATION_OK"
1347,10407037411,10407037504,1,"IOTHUB_CLIENT_CONFIRMATION_OK"
1348,10407037611,10407037660,1,"IOTHUB_CLIENT_CONFIRMATION_OK"
1349,10407037812,10407037896,1,"IOTHUB_CLIENT_CONFIRMATION_OK"
1350,10407038012,10407038061,1,"IOTHUB_CLIENT_CONFIRMATION_OK"
1351,10407038212,10407038258,1,"IOTHUB_CLIENT_CONFIRMATION_OK"
1352,10407038412,10407038510,1,"IOTHUB_CLIENT_CONFIRMATION_OK"
1353,10407038612,10407038653,1,"IOTHUB_CLIENT_CONFIRMATION_OK"
1354,10407038812,10407038858,1,"IOTHUB_CLIENT_CONFIRMATION_OK"
1355,10407039012,10407039063,1,"IOTHUB_CLIENT_CONFIRMATION_OK"
1356,10407039213,10407039256,1,"IOTHUB_CLIENT_CONFIRMATION_OK"
1357,10407039413,10407039515,1,"IOTHUB_CLIENT_CONFIRMATION_OK"
1358,10407039613,10407039666,1,"IOTHUB_CLIENT_CONFIRMATION_OK"
1359,10407039813,10407039858,1,"IOTHUB_CLIENT_CONFIRMATION_OK"
1360,10407040013,10407040132,1,"IOTHUB_CLIENT_CONFIRMATION_OK"
1361,10407040214,10407040264,1,"IOTHUB_CLIENT_CONFIRMATION_OK"
1362,10407040414,10407040455,1,"IOTHUB_CLIENT_CONFIRMATION_OK"
1363,10407040614,10407040675,1,"IOTHUB_CLIENT_CONFIRMATION_OK"
1364,10407040814,10407040858,1,"IOTHUB_CLIENT_CONFIRMATION_OK"
1365,10407041014,10407041142,1,"IOTHUB_CLIENT_CONFIRMATION_OK"
1366,10407041214,10407041256,1,"IOTHUB_CLIENT_CONFIRMATION_OK"
1367,10407041414,10407041451,1,"IOTHUB_CLIENT_CONFIRMATION_OK"
1368,10407041615,10407041659,1,"IOTHUB_CLIENT_CONFIRMATION_OK"
1369,10407041815,10407041849,1,"IOTHUB_CLIENT_CONFIRMATION_OK"
1370,10407042015,10407042150,1,"IOTHUB_CLIENT_CONFIRMATION_OK"
1371,10407042215,10407042267,1,"IOTHUB_CLIENT_CONFIRMATION_OK"
1372,10407042415,10407042463,1,"IOTHUB_CLIENT_CONFIRMATION_OK"
1373,10407042615,10407042654,1,"IOTHUB_CLIENT_CONFIRMATION_OK"
1374,10407042816,10407042858,1,"IOTHUB_CLIENT_CONFIRMATION_OK"
1375,10407043016,10407043069,1,"IOTHUB_CLIENT_CONFIRMATION_OK"
1376,10407043216,10407043252,1,"IOTHUB_CLIENT_CONFIRMATION_OK"
1377,10407043416,10407043464,1,"IOTHUB_CLIENT_CONFIRMATION_OK"
1378,10407043616,10407043670,1,"IOTHUB_CLIENT_CONFIRMATION_OK"
1379,10407043816,10407043964,1,"IOTHUB_CLIENT_CONFIRMATION_OK"
1380,10407044016,10407044064,1,"IOTHUB_CLIENT_CONFIRMATION_OK"
1381,10407044217,10407044254,1,"IOTHUB_CLIENT_CONFIRMATION_OK"
1382,10407044417,10407044460,1,"IOTHUB_CLIENT_CONFIRMATION_OK"
1383,10407044617,10407044664,1,"IOTHUB_CLIENT_CONFIRMATION_OK"
1384,10407044817,10407044872,1,"IOTHUB_CLIENT_CONFIRMATION_OK"
1385,10407045017,10407045060,1,"IOTHUB_CLIENT_CONFIRMATION_OK"
1386,10407045217,10407045258,1,"IOTHUB_CLIENT_CONFIRMATION_OK"
1387,10407045418,10407045455,1,"IOTHUB_CLIENT_CONFIRMATION_OK"
1388,10407045618,10407045661,1,"IOTHUB_CLIENT_CONFIRMATION_OK"
1389,10407045818,10407045907,1,"IOTHUB_CLIENT_CONFIRMATION_OK"
1390,10407046018,10407046061,1,"IOTHUB_CLIENT_CONFIRMATION_OK"
1391,10407046218,10407046258,1,"IOTHUB_CLIENT_CONFIRMATION_OK"
1392,10407046418,10407046468,1,"IOTHUB_CLIENT_CONFIRMATION_OK"
1393,10407046618,10407046662,1,"IOTHUB_CLIENT_CONFIRMATION_OK"
1394,10407046819,10407046920,1,"IOTHUB_CLIENT_CONFIRMATION_OK"
1395,10407047019,10407047057,1,"IOTHUB_CLIENT_CONFIRMATION_OK"
1396,10407047219,10407047282,1,"IOTHUB_CLIENT_CONFIRMATION_OK"
1397,10407047419,10407047460,1,"IOTHUB_CLIENT_CONFIRMATION_OK"
1398,10407047619,10407047654,1,"IOTHUB_CLIENT_CONFIRMATION_OK"
1399,10407047819,10407047949,1,"IOTHUB_CLIENT_CONFIRMATION_OK"
1400,10407048020,10407048060,1,"IOTHUB_CLIENT_CONFIRMATION_OK"
1401,10407048220,10407048264,1,"IOTHUB_CLIENT_CONFIRMATION_OK"
1402,10407048420,10407048544,1,"IOTHUB_CLIENT_CONFIRMATION_OK"
1403,10407048620,10407048669,1,"IOTHUB_CLIENT_CONFIRMATION_OK"
1404,10407048820,10407048860,1,"IOTHUB_CLIENT_CONFIRMATION_OK"
1405,10407049020,10407049072,1,"IOTHUB_CLIENT_CONFIRMATION_OK"
1406,10407049220,10407049254,1,"IOTHUB_CLIENT_CONFIRMATION_OK"
1407,10407049421,10407049558,1,"IOTHUB_CLIENT_CONFIRMATION_OK"
1408,10407049621,10407049663,1,"IOTHUB_CLIENT_CONFIRMATION_OK"
1409,10407049821,10407049884,1,"IOTHUB_CLIENT_CONFIRMATION_OK"
1410,10407050021,10407050063,1,"IOTHUB_CLIENT_CONFIRMATION_OK"
1411,10407050221,10407050282,1,"IOTHUB_CLIENT_CONFIRMATION_OK"
1412,10407050421,10407050459,1,"IOTHUB_CLIENT_CONFIRMATION_OK"
1413,10407050622,10407050662,1,"IOTHUB_CLIENT_CONFIRMATION_OK"
1414,10407050822,10407050858,1,"IOTHUB_CLIENT_CONFIRMATION_OK"
1415,10407051022,10407051207,1,"IOTHUB_CLIENT_CONFIRMATION_OK"
1416,10407051222,10407051258,1,"IOTHUB_CLIENT_CONFIRMATION_OK"
1417,10407051422,10407051462,1,"IOTHUB_CLIENT_CONFIRMATION_OK"
1418,10407051622,10407051664,1,"IOTHUB_CLIENT_CONFIRMATION_OK"
1419,10407051822,10407051859,1,"IOTHUB_CLIENT_CONFIRMATION_OK"
1420,10407052023,10407052218,1,"IOTHUB_CLIENT_CONFIRMATION_OK"
1421,10407052223,10407052260,1,"IOTHUB_CLIENT_CONFIRMATION_OK"
1422,10407052423,10407052470,1,"IOTHUB_CLIENT_CONFIRMATION_OK"
1423,10407052623,10407052668,1,"IOTHUB_CLIENT_CONFIRMATION_OK"
1424,10407052823,10407052864,1,"IOTHUB_CLIENT_CONFIRMATION_OK"
1425,10407053023,10407053079,1,"IOTHUB_CLIENT_CONFIRMATION_OK"
1426,10407053224,10407053274,1,"IOTHUB_CLIENT_CONFIRMATION_OK"
1427,10407053424,10407053462,1,"IOTHUB_CLIENT_CONFIRMATION_OK"
1428,10407053624,10407053676,1,"IOTHUB_CLIENT_CONFIRMATION_OK"
1429,10407053824,10407053892,1,"IOTHUB_CLIENT_CONFIRMATION_OK"
1430,10407054024,10407054068,1,"IOTHUB_CLIENT_CONFIRMATION_OK"
1431,10407054224,10407054276,1,"IOTHUB_CLIENT_CONFIRMATION_OK"
1432,10407054425,10407054472,1,"IOTHUB_CLIENT_CONFIRMATION_OK"
1433,10407054625,10407054668,1,"IOTHUB_CLIENT_CONFIRMATION_OK"
1434,10407054825,10407054889,1,"IOTHUB_CLIENT_CONFIRMATION_OK"
1435,10407055025,10407055070,1,"IOTHUB_CLIENT_CONFIRMATION_OK"
1436,10407055225,10407055281,1,"IOTHUB_CLIENT_CONFIRMATION_OK"
1437,10407055425,10407055469,1,"IOTHUB_CLIENT_CONFIRMATION_OK"
1438,10407055625,10407055659,1,"IOTHUB_CLIENT_CONFIRMATION_OK"
1439,10407055826,10407055886,1,"IOTHUB_CLIENT_CONFIRMATION_OK"
1440,10407056026,10407056063,1,"IOTHUB_CLIENT_CONFIRMATION_OK"
1441,10407056226,10407056272,1,"IOTHUB_CLIENT_CONFIRMATION_OK"
1442,10407056426,10407056479,1,"IOTHUB_CLIENT_CONFIRMATION_OK"
1443,10407056626,10407056665,1,"IOTHUB_CLIENT_CONFIRMATION_OK"
1444,10407056826,10407056904,1,"IOTHUB_CLIENT_CONFIRMATION_OK"
1445,10407057027,10407057063,1,"IOTHUB_CLIENT_CONFIRMATION_OK"
1446,10407057227,10407057272,1,"IOTHUB_CLIENT_CONFIRMATION_OK"
1447,10407057427,10407057468,1,"IOTHUB_CLIENT_CONFIRMATION_OK"
1448,10407057627,10407057670,1,"IOTHUB_CLIENT_CONFIRMATION_OK"
1449,10407057827,10407057863,1,"IOTHUB_CLIENT_CONFIRMATION_OK"
1450,10407058027,10407058066,1,"IOTHUB_CLIENT_CONFIRMATION_OK"
1451,10407058228,10407058264,1,"IOTHUB_CLIENT_CONFIRMATION_OK"
1452,10407058428,10407058560,1,"IOTHUB_CLIENT_CONFIRMATION_OK"
1453,10407058628,10407058679,1,"IOTHUB_CLIENT_CONFIRMATION_OK"
1454,10407058828,10407058877,1,"IOTHUB_CLIENT_CONFIRMATION_OK"
1455,10407059028,10407059070,1,"IOTHUB_CLIENT_CONFIRMATION_OK"
1456,10407059228,10407059271,1,"IOTHUB_CLIENT_CONFIRMATION_OK"
1457,10407059429,10407059546,1,"IOTHUB_CLIENT_CONFIRMATION_OK"
1458,10407059629,10407059665,1,"IOTHUB_CLIENT_CONFIRMATION_OK"
1459,10407059829,10407059869,1,"IOTHUB_CLIENT_CONFIRMATION_OK"
1460,10407060029,10407060070,1,"IOTHUB_CLIENT_CONFIRMATION_OK"
1461,10407060229,10407060272,1,"IOTHUB_CLIENT_CONFIRMATION_OK"
1462,10407060429,10407060506,1,"IOTHUB_CLIENT_CONFIRMATION_OK"
1463,10407060630,10407060675,1,"IOTHUB_CLIENT_CONFIRMATION_OK"
1464,10407060830,10407060867,1,"IOTHUB_CLIENT_CONFIRMATION_OK"
1465,10407061030,10407061174,1,"IOTHUB_CLIENT_CONFIRMATION_OK"
1466,10407061230,10407061293,1,"IOTHUB_CLIENT_CONFIRMATION_OK"
1467,10407061430,10407061467,1,"IOTHUB_CLIENT_CONFIRMATION_OK"
1468,10407061630,10407061675,1,"IOTHUB_CLIENT_CONFIRMATION_OK"
1469,10407061830,10407061878,1,"IOTHUB_CLIENT_CONFIRMATION_OK"
1470,10407062031,10407062185,1,"IOTHUB_CLIENT_CONFIRMATION_OK"
1471,10407062231,10407062270,1,"IOTHUB_CLIENT_CONFIRMATION_OK"
1472,10407062431,10407062493,1,"IOTHUB_CLIENT_CONFIRMATION_OK"
1473,10407062631,10407062662,1,"IOTHUB_CLIENT_CONFIRMATION_OK"
1474,10407062831,10407062865,1,"IOTHUB_CLIENT_CONFIRMATION_OK"
1475,10407063031,10407063075,1,"IOTHUB_CLIENT_CONFIRMATION_OK"
1476,10407063231,10407063271,1,"IOTHUB_CLIENT_CONFIRMATION_OK"
1477,10407063432,10407063493,1,"IOTHUB_CLIENT_CONFIRMATION_OK"
1478,10407063632,10407063777,1,"IOTHUB_CLIENT_CONFIRMATION_OK"
1479,10407063832,10407063874,1,"IOTHUB_CLIENT_CONFIRMATION_OK"
1480,10407064032,10407064072,1,"IOTHUB_CLIENT_CONFIRMATION_OK"
1481,10407064232,10407064281,1,"IOTHUB_CLIENT_CONFIRMATION_OK"
1482,10407064432,10407064482,1,"IOTHUB_CLIENT_CONFIRMATION_OK"
1483,10407064633,10407064681,1,"IOTHUB_CLIENT_CONFIRMATION_OK"
1484,10407064833,10407064879,1,"IOTHUB_CLIENT_CONFIRMATION_OK"
1485,10407065033,10407065078,1,"IOTHUB_CLIENT_CONFIRMATION_OK"
1486,10407065233,10407065268,1,"IOTHUB_CLIENT_CONFIRMATION_OK"
1487,10407065433,10407065472,1,"IOTHUB_CLIENT_CONFIRMATION_OK"
1488,10407065633,10407065671,1,"IOTHUB_CLIENT_CONFIRMATION_OK"
1489,10407065834,10407065876,1,"IOTHUB_CLIENT_CONFIRMATION_OK"
1490,10407066034,10407066072,1,"IOTHUB_CLIENT_CONFIRMATION_OK"
1491,10407066234,10407066287,1,"IOTHUB_CLIENT_CONFIRMATION_OK"
1492,10407066434,10407066476,1,"IOTHUB_CLIENT_CONFIRMATION_OK"
1493,10407066634,10407066674,1,"IOTHUB_CLIENT_CONFIRMATION_OK"
1494,10407066834,10407066937,1,"IOTHUB_CLIENT_CONFIRMATION_OK"
1495,10407067034,10407067072,1,"IOTHUB_CLIENT_CONFIRMATION_OK"
1496,10407067235,10407067276,1,"IOTHUB_CLIENT_CONFIRMATION_OK"
1497,10407067435,10407067477,1,"IOTHUB_CLIENT_CONFIRMATION_OK"
1498,10407067635,10407067685,1,"IOTHUB_CLIENT_CONFIRMATION_OK"
1499,10407067835,10407067937,1,"IOTHUB_CLIENT_CONFIRMATION_OK"
1500,10407068035,10407068109,1,"IOTHUB_CLIENT_CONFIRMATION_OK"
1501,10407068235,10407068269,1,"IOTHUB_CLIENT_CONFIRMATION_OK"
1502,10407068436,10407068573,1,"IOTHUB_CLIENT_CONFIRMATION_OK"
1503,10407068636,10407068674,1,"IOTHUB_CLIENT_CONFIRMATION_OK"
1504,10407068836,10407068877,1,"IOTHUB_CLIENT_CONFIRMATION_OK"
1505,10407069036,10407069084,1,"IOTHUB_CLIENT_CONFIRMATION_OK"
1506,10407069236,10407069275,1,"IOTHUB_CLIENT_CONFIRMATION_OK"
1507,10407069436,10407069591,1,"IOTHUB_CLIENT_CONFIRMATION_OK"
1508,10407069637,10407069674,1,"IOTHUB_CLIENT_CONFIRMATION_OK"
1509,10407069837,10407069898,1,"IOTHUB_CLIENT_CONFIRMATION_OK"
1510,10407070037,10407070081,1,"IOTHUB_CLIENT_CONFIRMATION_OK"
1511,10407070237,10407070291,1,"IOTHUB_CLIENT_CONFIRMATION_OK"
1512,10407070437,10407070496,1,"IOTHUB_CLIENT_CONFIRMATION_OK"
1513,10407070637,10407070675,1,"IOTHUB_CLIENT_CONFIRMATION_OK"
1514,10407070838,10407070884,1,"IOTHUB_CLIENT_CONFIRMATION_OK"
1515,10407071038,10407071298,1,"IOTHUB_CLIENT_CONFIRMATION_OK"
1516,10407071238,10407071323,1,"IOTHUB_CLIENT_CONFIRMATION_OK"
1517,10407071438,10407071476,1,"IOTHUB_CLIENT_CONFIRMATION_OK"
1518,10407071638,10407071697,1,"IOTHUB_CLIENT_CONFIRMATION_OK"
1519,10407071838,10407071881,1,"IOTHUB_CLIENT_CONFIRMATION_OK"
1520,10407072038,10407072129,1,"IOTHUB_CLIENT_CONFIRMATION_OK"
1521,10407072239,10407072273,1,"IOTHUB_CLIENT_CONFIRMATION_OK"
1522,10407072439,10407072478,1,"IOTHUB_CLIENT_CONFIRMATION_OK"
1523,10407072639,10407072738,1,"IOTHUB_CLIENT_CONFIRMATION_OK"
1524,10407072839,10407072877,1,"IOTHUB_CLIENT_CONFIRMATION_OK"
1525,10407073039,10407073084,1,"IOTHUB_CLIENT_CONFIRMATION_OK"
1526,10407073239,10407073282,1,"IOTHUB_CLIENT_CONFIRMATION_OK"
1527,10407073440,10407073475,1,"IOTHUB_CLIENT_CONFIRMATION_OK"
1528,10407073640,10407073742,1,"IOTHUB_CLIENT_CONFIRMATION_OK"
1529,10407073840,10407073877,1,"IOTHUB_CLIENT_CONFIRMATION_OK"
1530,10407074040,10407074161,1,"IOTHUB_CLIENT_CONFIRMATION_OK"
1531,10407074240,10407074399,1,"IOTHUB_CLIENT_CONFIRMATION_OK"
1532,10407074440,10407074484,1,"IOTHUB_CLIENT_CONFIRMATION_OK"
1533,10407074640,10407074681,1,"IOTHUB_CLIENT_CONFIRMATION_OK"
1534,10407074841,10407074887,1,"IOTHUB_CLIENT_CONFIRMATION_OK"
1535,10407075041,10407075090,1,"IOTHUB_CLIENT_CONFIRMATION_OK"
1536,10407075241,10407075411,1,"IOTHUB_CLIENT_CONFIRMATION_OK"
1537,10407075441,10407075493,1,"IOTHUB_CLIENT_CONFIRMATION_OK"
1538,10407075641,10407075683,1,"IOTHUB_CLIENT_CONFIRMATION_OK"
1539,10407075841,10407075880,1,"IOTHUB_CLIENT_CONFIRMATION_OK"
1540,10407076042,10407076081,1,"IOTHUB_CLIENT_CONFIRMATION_OK"
1541,10407076242,10407076278,1,"IOTHUB_CLIENT_CONFIRMATION_OK"
1542,10407076442,10407076486,1,"IOTHUB_CLIENT_CONFIRMATION_OK"
1543,10407076642,10407076689,1,"IOTHUB_CLIENT_CONFIRMATION_OK"
1544,10407076842,10407076887,1,"IOTHUB_CLIENT_CONFIRMATION_OK"
1545,10407077042,10407077081,1,"IOTHUB_CLIENT_CONFIRMATION_OK"
1546,10407077243,10407077286,1,"IOTHUB_CLIENT_CONFIRMATION_OK"
1547,10407077443,10407077485,1,"IOTHUB_CLIENT_CONFIRMATION_OK"
1548,10407077643,10407077682,1,"IOTHUB_CLIENT_CONFIRMATION_OK"
1549,10407077843,10407078034,1,"IOTHUB_CLIENT_CONFIRMATION_OK"
1550,10407078043,10407078080,1,"IOTHUB_CLIENT_CONFIRMATION_OK"
1551,10407078243,10407078281,1,"IOTHUB_CLIENT_CONFIRMATION_OK"
1552,10407078443,10407078487,1,"IOTHUB_CLIENT_CONFIRMATION_OK"
1553,10407078644,10407078686,1,"IOTHUB_CLIENT_CONFIRMATION_OK"
1554,10407078844,10407079335,1,"IOTHUB_CLIENT_CONFIRMATION_OK"
1555,10407079044,10407079408,1,"IOTHUB_CLIENT_CONFIRMATION_OK"
1556,10407079244,10407079436,1,"IOTHUB_CLIENT_CONFIRMATION_OK"
1557,10407079444,10407079549,1,"IOTHUB_CLIENT_CONFIRMATION_OK"
1558,10407079644,10407079964,1,"IOTHUB_CLIENT_CONFIRMATION_OK"
1559,10407079845,10407080013,1,"IOTHUB_CLIENT_CONFIRMATION_OK"
1560,10407080045,10407080180,1,"IOTHUB_CLIENT_CONFIRMATION_OK"
1561,10407080245,10407080292,1,"IOTHUB_CLIENT_CONFIRMATION_OK"
1562,10407080445,10407080503,1,"IOTHUB_CLIENT_CONFIRMATION_OK"
1563,10407080645,10407080695,1,"IOTHUB_CLIENT_CONFIRMATION_OK"
1564,10407080845,10407080888,1,"IOTHUB_CLIENT_CONFIRMATION_OK"
1565,10407081046,10407081191,1,"IOTHUB_CLIENT_CONFIRMATION_OK"
1566,10407081246,10407081286,1,"IOTHUB_CLIENT_CONFIRMATION_OK"
1567,10407081446,10407081489,1,"IOTHUB_CLIENT_CONFIRMATION_OK"
1568,10407081646,10407081684,1,"IOTHUB_CLIENT_CONFIRMATION_OK"
1569,10407081846,10407081890,1,"IOTHUB_CLIENT_CONFIRMATION_OK"
1570,10407082046,10407082225,1,"IOTHUB_CLIENT_CONFIRMATION_OK"
1571,10407082247,10407082282,1,"IOTHUB_CLIENT_CONFIRMATION_OK"
1572,10407082447,10407082484,1,"IOTHUB_CLIENT_CONFIRMATION_OK"
1573,10407082647,10407082686,1,"IOTHUB_CLIENT_CONFIRMATION_OK"
1574,10407082847,10407082899,1,"IOTHUB_CLIENT_CONFIRMATION_OK"
1575,10407083047,10407083086,1,"IOTHUB_CLIENT_CONFIRMATION_OK"
1576,10407083247,10407083288,1,"IOTHUB_CLIENT_CONFIRMATION_OK"
1577,10407083448,10407083486,1,"IOTHUB_CLIENT_CONFIRMATION_OK"
1578,10407083648,10407083844,1,"IOTHUB_CLIENT_CONFIRMATION_OK"
1579,10407083848,10407083906,1,"IOTHUB_CLIENT_CONFIRMATION_OK"
1580,10407084048,10407084090,1,"IOTHUB_CLIENT_CONFIRMATION_OK"
1581,10407084248,10407084292,1,"IOTHUB_CLIENT_CONFIRMATION_OK"
1582,10407084448,10407084502,1,"IOTHUB_CLIENT_CONFIRMATION_OK"
1583,10407084648,10407084702,1,"IOTHUB_CLIENT_CONFIRMATION_OK"
1584,10407084849,10407084891,1,"IOTHUB_CLIENT_CONFIRMATION_OK"
1585,10407085049,10407085089,1,"IOTHUB_CLIENT_CONFIRMATION_OK"
1586,10407085249,10407085321,1,"IOTHUB_CLIENT_CONFIRMATION_OK"
1587,10407085449,10407085501,1,"IOTHUB_CLIENT_CONFIRMATION_OK"
1588,10407085649,10407085689,1,"IOTHUB_CLIENT_CONFIRMATION_OK"
1589,10407085849,10407085933,1,"IOTHUB_CLIENT_CONFIRMATION_OK"
1590,10407086050,10407086092,1,"IOTHUB_CLIENT_CONFIRMATION_OK"
1591,10407086250,10407086288,1,"IOTHUB_CLIENT_CONFIRMATION_OK"
1592,10407086450,10407086502,1,"IOTHUB_CLIENT_CONFIRMATION_OK"
1593,10407086650,10407086697,1,"IOTHUB_CLIENT_CONFIRMATION_OK"
1594,10407086850,10407086950,1,"IOTHUB_CLIENT_CONFIRMATION_OK"
1595,10407087050,10407087090,1,"IOTHUB_CLIENT_CONFIRMATION_OK"
1596,10407087251,10407087363,1,"IOTHUB_CLIENT_CONFIRMATION_OK"
1597,10407087451,10407087496,1,"IOTHUB_CLIENT_CONFIRMATION_OK"
1598,10407087651,10407087713,1,"IOTHUB_CLIENT_CONFIRMATION_OK"
1599,10407087851,10407087962,1,"IOTHUB_CLIENT_CONFIRMATION_OK"
1600,10407088051,10407088091,1,"IOTHUB_CLIENT_CONFIRMATION_OK"
1601,10407088251,10407088292,1,"IOTHUB_CLIENT_CONFIRMATION_OK"
1602,10407088451,10407088581,1,"IOTHUB_CLIENT_CONFIRMATION_OK"
1603,10407088652,10407088691,1,"IOTHUB_CLIENT_CONFIRMATION_OK"
1604,10407088852,10407088889,1,"IOTHUB_CLIENT_CONFIRMATION_OK"
1605,10407089052,10407089095,1,"IOTHUB_CLIENT_CONFIRMATION_OK"
1606,10407089252,10407089291,1,"IOTHUB_CLIENT_CONFIRMATION_OK"
1607,10407089452,10407089601,1,"IOTHUB_CLIENT_CONFIRMATION_OK"
1608,10407089652,10407089690,1,"IOTHUB_CLIENT_CONFIRMATION_OK"
1609,10407089853,10407089896,1,"IOTHUB_CLIENT_CONFIRMATION_OK"
1610,10407090053,10407090092,1,"IOTHUB_CLIENT_CONFIRMATION_OK"
1611,10407090253,10407090296,1,"IOTHUB_CLIENT_CONFIRMATION_OK"
1612,10407090453,10407090503,1,"IOTHUB_CLIENT_CONFIRMATION_OK"
1613,10407090653,10407090695,1,"IOTHUB_CLIENT_CONFIRMATION_OK"
1614,10407090853,10407090899,1,"IOTHUB_CLIENT_CONFIRMATION_OK"
1615,10407091054,10407091209,1,"IOTHUB_CLIENT_CONFIRMATION_OK"
1616,10407091254,10407091296,1,"IOTHUB_CLIENT_CONFIRMATION_OK"
1617,10407091454,10407091490,1,"IOTHUB_CLIENT_CONFIRMATION_OK"
1618,10407091654,10407091696,1,"IOTHUB_CLIENT_CONFIRMATION_OK"
1619,10407091854,10407091911,1,"IOTHUB_CLIENT_CONFIRMATION_OK"
1620,10407092054,10407092243,1,"IOTHUB_CLIENT_CONFIRMATION_OK"
1621,10407092255,10407092316,1,"IOTHUB_CLIENT_CONFIRMATION_OK"
1622,10407092455,10407092490,1,"IOTHUB_CLIENT_CONFIRMATION_OK"
1623,10407092655,10407092710,1,"IOTHUB_CLIENT_CONFIRMATION_OK"
1624,10407092855,10407092905,1,"IOTHUB_CLIENT_CONFIRMATION_OK"
1625,10407093055,10407093091,1,"IOTHUB_CLIENT_CONFIRMATION_OK"
1626,10407093255,10407093296,1,"IOTHUB_CLIENT_CONFIRMATION_OK"
1627,10407093455,10407093502,1,"IOTHUB_CLIENT_CONFIRMATION_OK"
1628,10407093656,10407093704,1,"IOTHUB_CLIENT_CONFIRMATION_OK"
1629,10407093856,10407093900,1,"IOTHUB_CLIENT_CONFIRMATION_OK"
1630,10407094056,10407094095,1,"IOTHUB_CLIENT_CONFIRMATION_OK"
1631,10407094256,10407094310,1,"IOTHUB_CLIENT_CONFIRMATION_OK"
1632,10407094456,10407094502,1,"IOTHUB_CLIENT_CONFIRMATION_OK"
1633,10407094656,10407094700,1,"IOTHUB_CLIENT_CONFIRMATION_OK"
1634,10407094857,10407094949,1,"IOTHUB_CLIENT_CONFIRMATION_OK"
1635,10407095057,10407095096,1,"IOTHUB_CLIENT_CONFIRMATION_OK"
1636,10407095257,10407095343,1,"IOTHUB_CLIENT_CONFIRMATION_OK"
1637,10407095457,10407095495,1,"IOTHUB_CLIENT_CONFIRMATION_OK"
1638,10407095657,10407095703,1,"IOTHUB_CLIENT_CONFIRMATION_OK"
1639,10407095857,10407095953,1,"IOTHUB_CLIENT_CONFIRMATION_OK"
1640,10407096058,10407096098,1,"IOTHUB_CLIENT_CONFIRMATION_OK"
1641,10407096258,10407096297,1,"IOTHUB_CLIENT_CONFIRMATION_OK"
1642,10407096458,10407096502,1,"IOTHUB_CLIENT_CONFIRMATION_OK"
1643,10407096658,10407096698,1,"IOTHUB_CLIENT_CONFIRMATION_OK"
1644,10407096858,10407096975,1,"IOTHUB_CLIENT_CONFIRMATION_OK"
1645,10407097058,10407097103,1,"IOTHUB_CLIENT_CONFIRMATION_OK"
1646,10407097259,10407097304,1,"IOTHUB_CLIENT_CONFIRMATION_OK"
1647,10407097459,10407097506,1,"IOTHUB_CLIENT_CONFIRMATION_OK"
1648,10407097659,10407097707,1,"IOTHUB_CLIENT_CONFIRMATION_OK"
1649,10407097859,10407097991,1,"IOTHUB_CLIENT_CONFIRMATION_OK"
1650,10407098059,10407098098,1,"IOTHUB_CLIENT_CONFIRMATION_OK"
1651,10407098259,10407098309,1,"IOTHUB_CLIENT_CONFIRMATION_OK"
1652,10407098460,10407098601,1,"IOTHUB_CLIENT_CONFIRMATION_OK"
1653,10407098660,10407098700,1,"IOTHUB_CLIENT_CONFIRMATION_OK"
1654,10407098860,10407098906,1,"IOTHUB_CLIENT_CONFIRMATION_OK"
1655,10407099060,10407099120,1,"IOTHUB_CLIENT_CONFIRMATION_OK"
1656,10407099260,10407099298,1,"IOTHUB_CLIENT_CONFIRMATION_OK"
1657,10407099460,10407099645,1,"IOTHUB_CLIENT_CONFIRMATION_OK"
1658,10407099661,10407099698,1,"IOTHUB_CLIENT_CONFIRMATION_OK"
1659,10407099861,10407099900,1,"IOTHUB_CLIENT_CONFIRMATION_OK"
1660,10407100061,10407100094,1,"IOTHUB_CLIENT_CONFIRMATION_OK"
1661,10407100261,10407100296,1,"IOTHUB_CLIENT_CONFIRMATION_OK"
1662,10407100461,10407100500,1,"IOTHUB_CLIENT_CONFIRMATION_OK"
1663,10407100661,10407100699,1,"IOTHUB_CLIENT_CONFIRMATION_OK"
1664,10407100862,10407100898,1,"IOTHUB_CLIENT_CONFIRMATION_OK"
1665,10407101062,10407101105,1,"IOTHUB_CLIENT_CONFIRMATION_OK"
1666,10407101262,10407101302,1,"IOTHUB_CLIENT_CONFIRMATION_OK"
1667,10407101462,10407101504,1,"IOTHUB_CLIENT_CONFIRMATION_OK"
1668,10407101662,10407101706,1,"IOTHUB_CLIENT_CONFIRMATION_OK"
1669,10407101862,10407101901,1,"IOTHUB_CLIENT_CONFIRMATION_OK"
1670,10407102062,10407102110,1,"IOTHUB_CLIENT_CONFIRMATION_OK"
1671,10407102263,10407102308,1,"IOTHUB_CLIENT_CONFIRMATION_OK"
1672,10407102463,10407102504,1,"IOTHUB_CLIENT_CONFIRMATION_OK"
1673,10407102663,10407102723,1,"IOTHUB_CLIENT_CONFIRMATION_OK"
1674,10407102863,10407102914,1,"IOTHUB_CLIENT_CONFIRMATION_OK"
1675,10407103063,10407103097,1,"IOTHUB_CLIENT_CONFIRMATION_OK"
1676,10407103263,10407103349,1,"IOTHUB_CLIENT_CONFIRMATION_OK"
1677,10407103464,10407103505,1,"IOTHUB_CLIENT_CONFIRMATION_OK"
1678,10407103664,10407103735,1,"IOTHUB_CLIENT_CONFIRMATION_OK"
1679,10407103864,10407103903,1,"IOTHUB_CLIENT_CONFIRMATION_OK"
1680,10407104064,10407104116,1,"IOTHUB_CLIENT_CONFIRMATION_OK"
1681,10407104264,10407104491,1,"IOTHUB_CLIENT_CONFIRMATION_OK"
1682,10407104464,10407104537,1,"IOTHUB_CLIENT_CONFIRMATION_OK"
1683,10407104665,10407104701,1,"IOTHUB_CLIENT_CONFIRMATION_OK"
1684,10407104865,10407104908,1,"IOTHUB_CLIENT_CONFIRMATION_OK"
1685,10407105065,10407105104,1,"IOTHUB_CLIENT_CONFIRMATION_OK"
1686,10407105265,10407105398,1,"IOTHUB_CLIENT_CONFIRMATION_OK"
1687,10407105465,10407105507,1,"IOTHUB_CLIENT_CONFIRMATION_OK"
1688,10407105665,10407105712,1,"IOTHUB_CLIENT_CONFIRMATION_OK"
1689,10407105865,10407105938,1,"IOTHUB_CLIENT_CONFIRMATION_OK"
1690,10407106066,10407106102,1,"IOTHUB_CLIENT_CONFIRMATION_OK"
1691,10407106266,10407106308,1,"IOTHUB_CLIENT_CONFIRMATION_OK"
1692,10407106466,10407106511,1,"IOTHUB_CLIENT_CONFIRMATION_OK"
1693,10407106666,10407106702,1,"IOTHUB_CLIENT_CONFIRMATION_OK"
1694,10407106866,10407106913,1,"IOTHUB_CLIENT_CONFIRMATION_OK"
1695,10407107066,10407107101,1,"IOTHUB_CLIENT_CONFIRMATION_OK"
1696,10407107267,10407107300,1,"IOTHUB_CLIENT_CONFIRMATION_OK"
1697,10407107467,10407107507,1,"IOTHUB_CLIENT_CONFIRMATION_OK"
1698,10407107667,10407107710,1,"IOTHUB_CLIENT_CONFIRMATION_OK"
1699,10407107867,10407108061,1,"IOTHUB_CLIENT_CONFIRMATION_OK"
1700,10407108067,10407108108,1,"IOTHUB_CLIENT_CONFIRMATION_OK"
1701,10407108267,10407108327,1,"IOTHUB_CLIENT_CONFIRMATION_OK"
1702,10407108468,10407108580,1,"IOTHUB_CLIENT_CONFIRMATION_OK"
1703,10407108668,10407108732,1,"IOTHUB_CLIENT_CONFIRMATION_OK"
1704,10407108868,10407108917,1,"IOTHUB_CLIENT_CONFIRMATION_OK"
1705,10407109068,10407109106,1,"IOTHUB_CLIENT_CONFIRMATION_OK"
1706,10407109268,10407109309,1,"IOTHUB_CLIENT_CONFIRMATION_OK"
1707,10407109468,10407109599,1,"IOTHUB_CLIENT_CONFIRMATION_OK"
1708,10407109669,10407109709,1,"IOTHUB_CLIENT_CONFIRMATION_OK"
1709,10407109869,10407109901,1,"IOTHUB_CLIENT_CONFIRMATION_OK"
1710,10407110069,10407110105,1,"IOTHUB_CLIENT_CONFIRMATION_OK"
1711,10407110269,10407110305,1,"IOTHUB_CLIENT_CONFIRMATION_OK"
1712,10407110469,10407110511,1,"IOTHUB_CLIENT_CONFIRMATION_OK"
1713,10407110669,10407110710,1,"IOTHUB_CLIENT_CONFIRMATION_OK"
1714,10407110870,10407110912,1,"IOTHUB_CLIENT_CONFIRMATION_OK"
1715,10407111070,10407111220,1,"IOTHUB_CLIENT_CONFIRMATION_OK"
1716,10407111270,10407111311,1,"IOTHUB_CLIENT_CONFIRMATION_OK"
1717,10407111470,10407111508,1,"IOTHUB_CLIENT_CONFIRMATION_OK"
1718,10407111670,10407111720,1,"IOTHUB_CLIENT_CONFIRMATION_OK"
1719,10407111870,10407111903,1,"IOTHUB_CLIENT_CONFIRMATION_OK"
1720,10407112070,10407112263,1,"IOTHUB_CLIENT_CONFIRMATION_OK"
1721,10407112271,10407112315,1,"IOTHUB_CLIENT_CONFIRMATION_OK"
1722,10407112471,10407112508,1,"IOTHUB_CLIENT_CONFIRMATION_OK"
1723,10407112671,10407112712,1,"IOTHUB_CLIENT_CONFIRMATION_OK"
1724,10407112871,10407112906,1,"IOTHUB_CLIENT_CONFIRMATION_OK"
1725,10407113071,10407113115,1,"IOTHUB_CLIENT_CONFIRMATION_OK"
1726,10407113271,10407113393,1,"IOTHUB_CLIENT_CONFIRMATION_OK"
1727,10407113472,10407113509,1,"IOTHUB_CLIENT_CONFIRMATION_OK"
1728,10407113672,10407113706,1,"IOTHUB_CLIENT_CONFIRMATION_OK"
1729,10407113872,10407113917,1,"IOTHUB_CLIENT_CONFIRMATION_OK"
1730,10407114072,10407114132,1,"IOTHUB_CLIENT_CONFIRMATION_OK"
1731,10407114272,10407114310,1,"IOTHUB_CLIENT_CONFIRMATION_OK"
1732,10407114472,10407114513,1,"IOTHUB_CLIENT_CONFIRMATION_OK"
1733,10407114673,10407114723,1,"IOTHUB_CLIENT_CONFIRMATION_OK"
1734,10407114873,10407114930,1,"IOTHUB_CLIENT_CONFIRMATION_OK"
1735,10407115073,10407115112,1,"IOTHUB_CLIENT_CONFIRMATION_OK"
1736,10407115273,10407115326,1,"IOTHUB_CLIENT_CONFIRMATION_OK"
1737,10407115473,10407115516,1,"IOTHUB_CLIENT_CONFIRMATION_OK"
1738,10407115673,10407115709,1,"IOTHUB_CLIENT_CONFIRMATION_OK"
1739,10407115873,10407115943,1,"IOTHUB_CLIENT_CONFIRMATION_OK"
1740,10407116074,10407116108,1,"IOTHUB_CLIENT_CONFIRMATION_OK"
1741,10407116274,10407116326,1,"IOTHUB_CLIENT_CONFIRMATION_OK"
1742,10407116474,10407116526,1,"IOTHUB_CLIENT_CONFIRMATION_OK"
1743,10407116674,10407116716,1,"IOTHUB_CLIENT_CONFIRMATION_OK"
1744,10407116874,10407116982,1,"IOTHUB_CLIENT_CONFIRMATION_OK"
1745,10407117074,10407117110,1,"IOTHUB_CLIENT_CONFIRMATION_OK"
1746,10407117275,10407117329,1,"IOTHUB_CLIENT_CONFIRMATION_OK"
1747,10407117475,10407117520,1,"IOTHUB_CLIENT_CONFIRMATION_OK"
1748,10407117675,10407117709,1,"IOTHUB_CLIENT_CONFIRMATION_OK"
1749,10407117875,10407117970,1,"IOTHUB_CLIENT_CONFIRMATION_OK"
1750,10407118075,10407118111,1,"IOTHUB_CLIENT_CONFIRMATION_OK"
1751,10407118275,10407118311,1,"IOTHUB_CLIENT_CONFIRMATION_OK"
1752,10407118476,10407118591,1,"IOTHUB_CLIENT_CONFIRMATION_OK"
1753,10407118676,10407118722,1,"IOTHUB_CLIENT_CONFIRMATION_OK"
1754,10407118876,10407118914,1,"IOTHUB_CLIENT_CONFIRMATION_OK"
1755,10407119076,10407119124,1,"IOTHUB_CLIENT_CONFIRMATION_OK"
1756,10407119276,10407119314,1,"IOTHUB_CLIENT_CONFIRMATION_OK"
1757,10407119476,10407119613,1,"IOTHUB_CLIENT_CONFIRMATION_OK"
1758,10407119677,10407119730,1,"IOTHUB_CLIENT_CONFIRMATION_OK"
1759,10407119877,10407119916,1,"IOTHUB_CLIENT_CONFIRMATION_OK"
1760,10407120077,10407120125,1,"IOTHUB_CLIENT_CONFIRMATION_OK"
1761,10407120277,10407120318,1,"IOTHUB_CLIENT_CONFIRMATION_OK"
1762,10407120477,10407120528,1,"IOTHUB_CLIENT_CONFIRMATION_OK"
1763,10407120677,10407120711,1,"IOTHUB_CLIENT_CONFIRMATION_OK"
1764,10407120877,10407120915,1,"IOTHUB_CLIENT_CONFIRMATION_OK"
1765,10407121078,10407121245,1,"IOTHUB_CLIENT_CONFIRMATION_OK"
1766,10407121278,10407121334,1,"IOTHUB_CLIENT_CONFIRMATION_OK"
1767,10407121478,10407121516,1,"IOTHUB_CLIENT_CONFIRMATION_OK"
1768,10407121678,10407121717,1,"IOTHUB_CLIENT_CONFIRMATION_OK"
1769,10407121878,10407121923,1,"IOTHUB_CLIENT_CONFIRMATION_OK"
1770,10407122078,10407122274,1,"IOTHUB_CLIENT_CONFIRMATION_OK"
1771,10407122278,10407122315,1,"IOTHUB_CLIENT_CONFIRMATION_OK"
1772,10407122479,10407122516,1,"IOTHUB_CLIENT_CONFIRMATION_OK"
1773,10407122679,10407122721,1,"IOTHUB_CLIENT_CONFIRMATION_OK"
1774,10407122879,10407122929,1,"IOTHUB_CLIENT_CONFIRMATION_OK"
1775,10407123079,10407123131,1,"IOTHUB_CLIENT_CONFIRMATION_OK"
1776,10407123279,10407123315,1,"IOTHUB_CLIENT_CONFIRMATION_OK"
1777,10407123479,10407123521,1,"IOTHUB_CLIENT_CONFIRMATION_OK"
1778,10407123680,10407123921,1,"IOTHUB_CLIENT_CONFIRMATION_OK"
1779,10407123880,10407123952,1,"IOTHUB_CLIENT_CONFIRMATION_OK"
1780,10407124080,10407124119,1,"IOTHUB_CLIENT_CONFIRMATION_OK"
1781,10407124280,10407124329,1,"IOTHUB_CLIENT_CONFIRMATION_OK"
1782,10407124480,10407124536,1,"IOTHUB_CLIENT_CONFIRMATION_OK"
1783,10407124680,10407124726,1,"IOTHUB_CLIENT_CONFIRMATION_OK"
1784,10407124881,10407124926,1,"IOTHUB_CLIENT_CONFIRMATION_OK"
1785,10407125081,10407125137,1,"IOTHUB_CLIENT_CONFIRMATION_OK"
1786,10407125281,10407125392,1,"IOTHUB_CLIENT_CONFIRMATION_OK"
1787,10407125481,10407125522,1,"IOTHUB_CLIENT_CONFIRMATION_OK"
1788,10407125681,10407125752,1,"IOTHUB_CLIENT_CONFIRMATION_OK"
1789,10407125881,10407125943,1,"IOTHUB_CLIENT_CONFIRMATION_OK"
1790,10407126081,10407126125,1,"IOTHUB_CLIENT_CONFIRMATION_OK"
1791,10407126282,10407126316,1,"IOTHUB_CLIENT_CONFIRMATION_OK"
1792,10407126482,10407126539,1,"IOTHUB_CLIENT_CONFIRMATION_OK"
1793,10407126682,10407126734,1,"IOTHUB_CLIENT_CONFIRMATION_OK"
1794,10407126882,10407126972,1,"IOTHUB_CLIENT_CONFIRMATION_OK"
1795,10407127082,10407127124,1,"IOTHUB_CLIENT_CONFIRMATION_OK"
1796,10407127282,10407127322,1,"IOTHUB_CLIENT_CONFIRMATION_OK"
1797,10407127483,10407127544,1,"IOTHUB_CLIENT_CONFIRMATION_OK"
1798,10407127683,10407127721,1,"IOTHUB_CLIENT_CONFIRMATION_OK"
1799,10407127883,10407127961,1,"IOTHUB_CLIENT_CONFIRMATION_OK"
1800,10407128083,10407128118,1,"IOTHUB_CLIENT_CONFIRMATION_OK"
1801,10407128283,10407128333,1,"IOTHUB_CLIENT_CONFIRMATION_OK"
1802,10407128483,10407128694,1,"IOTHUB_CLIENT_CONFIRMATION_OK"
1803,10407128684,10407128733,1,"IOTHUB_CLIENT_CONFIRMATION_OK"
1804,10407128884,10407128946,1,"IOTHUB_CLIENT_CONFIRMATION_OK"
1805,10407129084,10407129123,1,"IOTHUB_CLIENT_CONFIRMATION_OK"
1806,10407129284,10407129331,1,"IOTHUB_CLIENT_CONFIRMATION_OK"
1807,10407129484,10407129529,1,"IOTHUB_CLIENT_CONFIRMATION_OK"
1808,10407129684,10407129750,1,"IOTHUB_CLIENT_CONFIRMATION_OK"
1809,10407129884,10407129928,1,"IOTHUB_CLIENT_CONFIRMATION_OK"
1810,10407130085,10407130152,1,"IOTHUB_CLIENT_CONFIRMATION_OK"
1811,10407130285,10407130324,1,"IOTHUB_CLIENT_CONFIRMATION_OK"
1812,10407130485,10407130533,1,"IOTHUB_CLIENT_CONFIRMATION_OK"
1813,10407130685,10407130773,1,"IOTHUB_CLIENT_CONFIRMATION_OK"
1814,10407130885,10407130928,1,"IOTHUB_CLIENT_CONFIRMATION_OK"
1815,10407131085,10407131172,1,"IOTHUB_CLIENT_CONFIRMATION_OK"
1816,10407131286,10407131337,1,"IOTHUB_CLIENT_CONFIRMATION_OK"
1817,10407131486,10407131531,1,"IOTHUB_CLIENT_CONFIRMATION_OK"
1818,10407131686,10407131787,1,"IOTHUB_CLIENT_CONFIRMATION_OK"
1819,10407131886,10407131930,1,"IOTHUB_CLIENT_CONFIRMATION_OK"
1820,10407132086,10407132192,1,"IOTHUB_CLIENT_CONFIRMATION_OK"
1821,10407132286,10407132348,1,"IOTHUB_CLIENT_CONFIRMATION_OK"
1822,10407132487,10407132532,1,"IOTHUB_CLIENT_CONFIRMATION_OK"
1823,10407132687,10407132855,1,"IOTHUB_CLIENT_CONFIRMATION_OK"
1824,10407132887,10407132927,1,"IOTHUB_CLIENT_CONFIRMATION_OK"
1825,10407133087,10407133145,1,"IOTHUB_CLIENT_CONFIRMATION_OK"
1826,10407133287,10407133338,1,"IOTHUB_CLIENT_CONFIRMATION_OK"
1827,10407133487,10407133643,1,"IOTHUB_CLIENT_CONFIRMATION_OK"
1828,10407133688,10407133862,1,"IOTHUB_CLIENT_CONFIRMATION_OK"
1829,10407133888,10407133926,1,"IOTHUB_CLIENT_CONFIRMATION_OK"
1830,10407134088,10407134126,1,"IOTHUB_CLIENT_CONFIRMATION_OK"
1831,10407134288,10407134323,1,"IOTHUB_CLIENT_CONFIRMATION_OK"
1832,10407134488,10407134531,1,"IOTHUB_CLIENT_CONFIRMATION_OK"
1833,10407134688,10407134724,1,"IOTHUB_CLIENT_CONFIRMATION_OK"
1834,10407134889,10407134932,1,"IOTHUB_CLIENT_CONFIRMATION_OK"
1835,10407135089,10407135143,1,"IOTHUB_CLIENT_CONFIRMATION_OK"
1836,10407135289,10407135333,1,"IOTHUB_CLIENT_CONFIRMATION_OK"
1837,10407135489,10407135562,1,"IOTHUB_CLIENT_CONFIRMATION_OK"
1838,10407135689,10407135735,1,"IOTHUB_CLIENT_CONFIRMATION_OK"
1839,10407135889,10407135931,1,"IOTHUB_CLIENT_CONFIRMATION_OK"
1840,10407136090,10407136171,1,"IOTHUB_CLIENT_CONFIRMATION_OK"
1841,10407136290,10407136362,1,"IOTHUB_CLIENT_CONFIRMATION_OK"
1842,10407136490,10407136559,1,"IOTHUB_CLIENT_CONFIRMATION_OK"
1843,10407136690,10407136734,1,"IOTHUB_CLIENT_CONFIRMATION_OK"
1844,10407136890,10407136955,1,"IOTHUB_CLIENT_CONFIRMATION_OK"
1845,10407137090,10407137135,1,"IOTHUB_CLIENT_CONFIRMATION_OK"
1846,10407137291,10407137337,1,"IOTHUB_CLIENT_CONFIRMATION_OK"
1847,10407137491,10407137562,1,"IOTHUB_CLIENT_CONFIRMATION_OK"
1848,10407137691,10407137736,1,"IOTHUB_CLIENT_CONFIRMATION_OK"
1849,10407137891,10407137959,1,"IOTHUB_CLIENT_CONFIRMATION_OK"
1850,10407138091,10407138125,1,"IOTHUB_CLIENT_CONFIRMATION_OK"
1851,10407138291,10407138328,1,"IOTHUB_CLIENT_CONFIRMATION_OK"
1852,10407138491,10407138570,1,"IOTHUB_CLIENT_CONFIRMATION_OK"
1853,10407138692,10407138736,1,"IOTHUB_CLIENT_CONFIRMATION_OK"
1854,10407138892,10407138937,1,"IOTHUB_CLIENT_CONFIRMATION_OK"
1855,10407139092,10407139139,1,"IOTHUB_CLIENT_CONFIRMATION_OK"
1856,10407139292,10407139349,1,"IOTHUB_CLIENT_CONFIRMATION_OK"
1857,10407139492,10407139605,1,"IOTHUB_CLIENT_CONFIRMATION_OK"
1858,10407139692,10407139742,1,"IOTHUB_CLIENT_CONFIRMATION_OK"
1859,10407139893,10407139928,1,"IOTHUB_CLIENT_CONFIRMATION_OK"
1860,10407140093,10407140138,1,"IOTHUB_CLIENT_CONFIRMATION_OK"
1861,10407140293,10407140344,1,"IOTHUB_CLIENT_CONFIRMATION_OK"
1862,10407140493,10407140534,1,"IOTHUB_CLIENT_CONFIRMATION_OK"
1863,10407140693,10407140727,1,"IOTHUB_CLIENT_CONFIRMATION_OK"
1864,10407140893,10407140930,1,"IOTHUB_CLIENT_CONFIRMATION_OK"
1865,10407141094,10407141231,1,"IOTHUB_CLIENT_CONFIRMATION_OK"
1866,10407141294,10407141332,1,"IOTHUB_CLIENT_CONFIRMATION_OK"
1867,10407141494,10407141576,1,"IOTHUB_CLIENT_CONFIRMATION_OK"
1868,10407141694,10407141859,1,"IOTHUB_CLIENT_CONFIRMATION_OK"
1869,10407141894,10407141932,1,"IOTHUB_CLIENT_CONFIRMATION_OK"
1870,10407142094,10407142258,1,"IOTHUB_CLIENT_CONFIRMATION_OK"
1871,10407142295,10407142341,1,"IOTHUB_CLIENT_CONFIRMATION_OK"
1872,10407142495,10407142534,1,"IOTHUB_CLIENT_CONFIRMATION_OK"
1873,10407142695,10407142743,1,"IOTHUB_CLIENT_CONFIRMATION_OK"
1874,10407142895,10407142949,1,"IOTHUB_CLIENT_CONFIRMATION_OK"
1875,10407143095,10407143131,1,"IOTHUB_CLIENT_CONFIRMATION_OK"
1876,10407143295,10407143339,1,"IOTHUB_CLIENT_CONFIRMATION_OK"
1877,10407143496,10407143534,1,"IOTHUB_CLIENT_CONFIRMATION_OK"
1878,10407143696,10407143899,1,"IOTHUB_CLIENT_CONFIRMATION_OK"
1879,10407143896,10407143940,1,"IOTHUB_CLIENT_CONFIRMATION_OK"
1880,10407144096,10407144139,1,"IOTHUB_CLIENT_CONFIRMATION_OK"
1881,10407144296,10407144332,1,"IOTHUB_CLIENT_CONFIRMATION_OK"
1882,10407144496,10407144546,1,"IOTHUB_CLIENT_CONFIRMATION_OK"
1883,10407144697,10407144739,1,"IOTHUB_CLIENT_CONFIRMATION_OK"
1884,10407144897,10407144940,1,"IOTHUB_CLIENT_CONFIRMATION_OK"
1885,10407145097,10407145131,1,"IOTHUB_CLIENT_CONFIRMATION_OK"
1886,10407145297,10407145341,1,"IOTHUB_CLIENT_CONFIRMATION_OK"
1887,10407145497,10407145534,1,"IOTHUB_CLIENT_CONFIRMATION_OK"
1888,10407145697,10407145745,1,"IOTHUB_CLIENT_CONFIRMATION_OK"
1889,10407145897,10407145966,1,"IOTHUB_CLIENT_CONFIRMATION_OK"
1890,10407146098,10407146142,1,"IOTHUB_CLIENT_CONFIRMATION_OK"
1891,10407146298,10407146335,1,"IOTHUB_CLIENT_CONFIRMATION_OK"
1892,10407146498,10407146537,1,"IOTHUB_CLIENT_CONFIRMATION_OK"
1893,10407146698,10407146733,1,"IOTHUB_CLIENT_CONFIRMATION_OK"
1894,10407146898,10407147008,1,"IOTHUB_CLIENT_CONFIRMATION_OK"
1895,10407147098,10407147138,1,"IOTHUB_CLIENT_CONFIRMATION_OK"
1896,10407147299,10407147333,1,"IOTHUB_CLIENT_CONFIRMATION_OK"
1897,10407147499,10407147588,1,"IOTHUB_CLIENT_CONFIRMATION_OK"
1898,10407147699,10407147763,1,"IOTHUB_CLIENT_CONFIRMATION_OK"
1899,10407147899,10407148027,1,"IOTHUB_CLIENT_CONFIRMATION_OK"
1900,10407148099,10407148141,1,"IOTHUB_CLIENT_CONFIRMATION_OK"
1901,10407148299,10407148341,1,"IOTHUB_CLIENT_CONFIRMATION_OK"
1902,10407148500,10407148553,1,"IOTHUB_CLIENT_CONFIRMATION_OK"
1903,10407148700,10407148740,1,"IOTHUB_CLIENT_CONFIRMATION_OK"
1904,10407148900,10407148958,1,"IOTHUB_CLIENT_CONFIRMATION_OK"
1905,10407149100,10407149144,1,"IOTHUB_CLIENT_CONFIRMATION_OK"
1906,10407149300,10407149345,1,"IOTHUB_CLIENT_CONFIRMATION_OK"
1907,10407149500,10407149557,1,"IOTHUB_CLIENT_CONFIRMATION_OK"
1908,10407149701,10407149738,1,"IOTHUB_CLIENT_CONFIRMATION_OK"
1909,10407149901,10407149948,1,"IOTHUB_CLIENT_CONFIRMATION_OK"
1910,10407150101,10407150150,1,"IOTHUB_CLIENT_CONFIRMATION_OK"
1911,10407150301,10407150348,1,"IOTHUB_CLIENT_CONFIRMATION_OK"
1912,10407150501,10407150550,1,"IOTHUB_CLIENT_CONFIRMATION_OK"
1913,10407150701,10407150744,1,"IOTHUB_CLIENT_CONFIRMATION_OK"
1914,10407150902,10407150941,1,"IOTHUB_CLIENT_CONFIRMATION_OK"
1915,10407151102,10407151174,1,"IOTHUB_CLIENT_CONFIRMATION_OK"
1916,10407151302,10407151347,1,"IOTHUB_CLIENT_CONFIRMATION_OK"
1917,10407151502,10407151547,1,"IOTHUB_CLIENT_CONFIRMATION_OK"
1918,10407151702,10407151782,1,"IOTHUB_CLIENT_CONFIRMATION_OK"
1919,10407151903,10407151947,1,"IOTHUB_CLIENT_CONFIRMATION_OK"
1920,10407152103,10407152178,1,"IOTHUB_CLIENT_CONFIRMATION_OK"
1921,10407152303,10407152385,1,"IOTHUB_CLIENT_CONFIRMATION_OK"
1922,10407152503,10407152545,1,"IOTHUB_CLIENT_CONFIRMATION_OK"
1923,10407152703,10407152792,1,"IOTHUB_CLIENT_CONFIRMATION_OK"
1924,10407152903,10407152940,1,"IOTHUB_CLIENT_CONFIRMATION_OK"
1925,10407153104,10407153146,1,"IOTHUB_CLIENT_CONFIRMATION_OK"
1926,10407153304,10407153338,1,"IOTHUB_CLIENT_CONFIRMATION_OK"
1927,10407153504,10407153553,1,"IOTHUB_CLIENT_CONFIRMATION_OK"
1928,10407153704,10407153886,1,"IOTHUB_CLIENT_CONFIRMATION_OK"
1929,10407153904,10407153949,1,"IOTHUB_CLIENT_CONFIRMATION_OK"
1930,10407154104,10407154139,1,"IOTHUB_CLIENT_CONFIRMATION_OK"
1931,10407154305,10407154346,1,"IOTHUB_CLIENT_CONFIRMATION_OK"
1932,10407154505,10407154544,1,"IOTHUB_CLIENT_CONFIRMATION_OK"
1933,10407154705,10407154755,1,"IOTHUB_CLIENT_CONFIRMATION_OK"
1934,10407154905,10407154946,1,"IOTHUB_CLIENT_CONFIRMATION_OK"
1935,10407155105,10407155144,1,"IOTHUB_CLIENT_CONFIRMATION_OK"
1936,10407155306,10407155353,1,"IOTHUB_CLIENT_CONFIRMATION_OK"
1937,10407155506,10407155541,1,"IOTHUB_CLIENT_CONFIRMATION_OK"
1938,10407155706,10407155761,1,"IOTHUB_CLIENT_CONFIRMATION_OK"
1939,10407155906,10407155967,1,"IOTHUB_CLIENT_CONFIRMATION_OK"
1940,10407156106,10407156143,1,"IOTHUB_CLIENT_CONFIRMATION_OK"
1941,10407156306,10407156351,1,"IOTHUB_CLIENT_CONFIRMATION_OK"
1942,10407156506,10407156547,1,"IOTHUB_CLIENT_CONFIRMATION_OK"
1943,10407156707,10407156746,1,"IOTHUB_CLIENT_CONFIRMATION_OK"
1944,10407156907,10407156975,1,"IOTHUB_CLIENT_CONFIRMATION_OK"
1945,10407157107,10407157170,1,"IOTHUB_CLIENT_CONFIRMATION_OK"
1946,10407157307,10407157345,1,"IOTHUB_CLIENT_CONFIRMATION_OK"
1947,10407157507,10407157556,1,"IOTHUB_CLIENT_CONFIRMATION_OK"
1948,10407157707,10407157750,1,"IOTHUB_CLIENT_CONFIRMATION_OK"
1949,10407157908,10407158095,1,"IOTHUB_CLIENT_CONFIRMATION_OK"
1950,10407158108,10407158151,1,"IOTHUB_CLIENT_CONFIRMATION_OK"
1951,10407158308,10407158354,1,"IOTHUB_CLIENT_CONFIRMATION_OK"
1952,10407158508,10407158553,1,"IOTHUB_CLIENT_CONFIRMATION_OK"
1953,10407158708,10407158751,1,"IOTHUB_CLIENT_CONFIRMATION_OK"
1954,10407158908,10407158952,1,"IOTHUB_CLIENT_CONFIRMATION_OK"
1955,10407159109,10407159157,1,"IOTHUB_CLIENT_CONFIRMATION_OK"
1956,10407159309,10407159373,1,"IOTHUB_CLIENT_CONFIRMATION_OK"
1957,10407159509,10407159543,1,"IOTHUB_CLIENT_CONFIRMATION_OK"
1958,10407159709,10407159747,1,"IOTHUB_CLIENT_CONFIRMATION_OK"
1959,10407159909,10407159966,1,"IOTHUB_CLIENT_CONFIRMATION_OK"
1960,10407160109,10407160146,1,"IOTHUB_CLIENT_CONFIRMATION_OK"
1961,10407160310,10407160370,1,"IOTHUB_CLIENT_CONFIRMATION_OK"
1962,10407160510,10407160549,1,"IOTHUB_CLIENT_CONFIRMATION_OK"
1963,10407160710,10407160749,1,"IOTHUB_CLIENT_CONFIRMATION_OK"
1964,10407160910,10407160968,1,"IOTHUB_CLIENT_CONFIRMATION_OK"
1965,10407161110,10407161157,1,"IOTHUB_CLIENT_CONFIRMATION_OK"
1966,10407161310,10407161347,1,"IOTHUB_CLIENT_CONFIRMATION_OK"
1967,10407161511,10407161554,1,"IOTHUB_CLIENT_CONFIRMATION_OK"
1968,10407161711,10407161773,1,"IOTHUB_CLIENT_CONFIRMATION_OK"
1969,10407161911,10407161948,1,"IOTHUB_CLIENT_CONFIRMATION_OK"
1970,10407162111,10407162167,1,"IOTHUB_CLIENT_CONFIRMATION_OK"
1971,10407162311,10407162353,1,"IOTHUB_CLIENT_CONFIRMATION_OK"
1972,10407162511,10407162615,1,"IOTHUB_CLIENT_CONFIRMATION_OK"
1973,10407162712,10407162780,1,"IOTHUB_CLIENT_CONFIRMATION_OK"
1974,10407162912,10407162983,1,"IOTHUB_CLIENT_CONFIRMATION_OK"
1975,10407163112,10407163203,1,"IOTHUB_CLIENT_CONFIRMATION_OK"
1976,10407163312,10407163422,1,"IOTHUB_CLIENT_CONFIRMATION_OK"
1977,10407163512,10407163548,1,"IOTHUB_CLIENT_CONFIRMATION_OK"
1978,10407163712,10407163858,1,"IOTHUB_CLIENT_CONFIRMATION_OK"
1979,10407163912,10407163972,1,"IOTHUB_CLIENT_CONFIRMATION_OK"
1980,10407164113,10407164153,1,"IOTHUB_CLIENT_CONFIRMATION_OK"
1981,10407164313,10407164485,1,"IOTHUB_CLIENT_CONFIRMATION_OK"
1982,10407164513,10407164551,1,"IOTHUB_CLIENT_CONFIRMATION_OK"
1983,10407164713,10407164837,1,"IOTHUB_CLIENT_CONFIRMATION_OK"
1984,10407164913,10407164957,1,"IOTHUB_CLIENT_CONFIRMATION_OK"
1985,10407165113,10407165148,1,"IOTHUB_CLIENT_CONFIRMATION_OK"
1986,10407165314,10407165475,1,"IOTHUB_CLIENT_CONFIRMATION_OK"
1987,10407165514,10407165551,1,"IOTHUB_CLIENT_CONFIRMATION_OK"
1988,10407165714,10407165759,1,"IOTHUB_CLIENT_CONFIRMATION_OK"
1989,10407165914,10407165953,1,"IOTHUB_CLIENT_CONFIRMATION_OK"
1990,10407166114,10407166148,1,"IOTHUB_CLIENT_CONFIRMATION_OK"
1991,10407166314,10407166351,1,"IOTHUB_CLIENT_CONFIRMATION_OK"
1992,10407166515,10407166566,1,"IOTHUB_CLIENT_CONFIRMATION_OK"
1993,10407166715,10407166753,1,"IOTHUB_CLIENT_CONFIRMATION_OK"
1994,10407166915,10407166952,1,"IOTHUB_CLIENT_CONFIRMATION_OK"
1995,10407167115,10407167156,1,"IOTHUB_CLIENT_CONFIRMATION_OK"
1996,10407167315,10407167452,1,"IOTHUB_CLIENT_CONFIRMATION_OK"
1997,10407167515,10407167550,1,"IOTHUB_CLIENT_CONFIRMATION_OK"
1998,10407167716,10407167751,1,"IOTHUB_CLIENT_CONFIRMATION_OK"
1999,10407167916,10407167963,1,"IOTHUB_CLIENT_CONFIRMATION_OK"
2000,10407168116,10407168153,1,"IOTHUB_CLIENT_CONFIRMATION_OK"
2001,10407168316,10407168363,1,"IOTHUB_CLIENT_CONFIRMATION_OK"
2002,10407168516,10407168566,1,"IOTHUB_CLIENT_CONFIRMATION_OK"
2003,10407168716,10407168756,1,"IOTHUB_CLIENT_CONFIRMATION_OK"
2004,10407168917,10407168958,1,"IOTHUB_CLIENT_CONFIRMATION_OK"
2005,10407169117,10407169165,1,"IOTHUB_CLIENT_CONFIRMATION_OK"
2006,10407169317,10407169352,1,"IOTHUB_CLIENT_CONFIRMATION_OK"
2007,10407169517,10407169579,1,"IOTHUB_CLIENT_CONFIRMATION_OK"
2008,10407169717,10407169773,1,"IOTHUB_CLIENT_CONFIRMATION_OK"
2009,10407169917,10407169968,1,"IOTHUB_CLIENT_CONFIRMATION_OK"
2010,10407170117,10407170237,1,"IOTHUB_CLIENT_CONFIRMATION_OK"
2011,10407170318,10407170364,1,"IOTHUB_CLIENT_CONFIRMATION_OK"
2012,10407170518,10407170562,1,"IOTHUB_CLIENT_CONFIRMATION_OK"
2013,10407170718,10407170763,1,"IOTHUB_CLIENT_CONFIRMATION_OK"
2014,10407170918,10407170958,1,"IOTHUB_CLIENT_CONFIRMATION_OK"
2015,10407171118,10407171214,1,"IOTHUB_CLIENT_CONFIRMATION_OK"
2016,10407171318,10407171355,1,"IOTHUB_CLIENT_CONFIRMATION_OK"
2017,10407171519,10407171568,1,"IOTHUB_CLIENT_CONFIRMATION_OK"
2018,10407171719,10407171769,1,"IOTHUB_CLIENT_CONFIRMATION_OK"
2019,10407171919,10407171958,1,"IOTHUB_CLIENT_CONFIRMATION_OK"
2020,10407172119,10407172239,1,"IOTHUB_CLIENT_CONFIRMATION_OK"
2021,10407172319,10407172360,1,"IOTHUB_CLIENT_CONFIRMATION_OK"
2022,10407172519,10407172561,1,"IOTHUB_CLIENT_CONFIRMATION_OK"
2023,10407172720,10407172871,1,"IOTHUB_CLIENT_CONFIRMATION_OK"
2024,10407172920,10407172981,1,"IOTHUB_CLIENT_CONFIRMATION_OK"
2025,10407173120,10407173169,1,"IOTHUB_CLIENT_CONFIRMATION_OK"
2026,10407173320,10407173357,1,"IOTHUB_CLIENT_CONFIRMATION_OK"
2027,10407173520,10407173568,1,"IOTHUB_CLIENT_CONFIRMATION_OK"
2028,10407173720,10407173946,1,"IOTHUB_CLIENT_CONFIRMATION_OK"
2029,10407173921,10407173976,1,"IOTHUB_CLIENT_CONFIRMATION_OK"
2030,10407174121,10407174164,1,"IOTHUB_CLIENT_CONFIRMATION_OK"
2031,10407174321,10407174369,1,"IOTHUB_CLIENT_CONFIRMATION_OK"
2032,10407174521,10407174555,1,"IOTHUB_CLIENT_CONFIRMATION_OK"
2033,10407174721,10407174761,1,"IOTHUB_CLIENT_CONFIRMATION_OK"
2034,10407174921,10407175010,1,"IOTHUB_CLIENT_CONFIRMATION_OK"
2035,10407175122,10407175158,1,"IOTHUB_CLIENT_CONFIRMATION_OK"
2036,10407175322,10407175356,1,"IOTHUB_CLIENT_CONFIRMATION_OK"
2037,10407175522,10407175565,1,"IOTHUB_CLIENT_CONFIRMATION_OK"
2038,10407175722,10407175764,1,"IOTHUB_CLIENT_CONFIRMATION_OK"
2039,10407175922,10407175961,1,"IOTHUB_CLIENT_CONFIRMATION_OK"
2040,10407176122,10407176170,1,"IOTHUB_CLIENT_CONFIRMATION_OK"
2041,10407176323,10407176366,1,"IOTHUB_CLIENT_CONFIRMATION_OK"
2042,10407176523,10407176566,1,"IOTHUB_CLIENT_CONFIRMATION_OK"
2043,10407176723,10407176766,1,"IOTHUB_CLIENT_CONFIRMATION_OK"
2044,10407176923,10407176961,1,"IOTHUB_CLIENT_CONFIRMATION_OK"
2045,10407177123,10407177173,1,"IOTHUB_CLIENT_CONFIRMATION_OK"
2046,10407177323,10407177360,1,"IOTHUB_CLIENT_CONFIRMATION_OK"
2047,10407177524,10407177603,1,"IOTHUB_CLIENT_CONFIRMATION_OK"
2048,10407177724,10407177764,1,"IOTHUB_CLIENT_CONFIRMATION_OK"
2049,10407177924,10407178035,1,"IOTHUB_CLIENT_CONFIRMATION_OK"
2050,10407178124,10407178166,1,"IOTHUB_CLIENT_CONFIRMATION_OK"
2051,10407178324,10407178364,1,"IOTHUB_CLIENT_CONFIRMATION_OK"
2052,10407178525,10407178569,1,"IOTHUB_CLIENT_CONFIRMATION_OK"
2053,10407178725,10407178762,1,"IOTHUB_CLIENT_CONFIRMATION_OK"
2054,10407178925,10407178965,1,"IOTHUB_CLIENT_CONFIRMATION_OK"
2055,10407179125,10407179196,1,"IOTHUB_CLIENT_CONFIRMATION_OK"
2056,10407179325,10407179390,1,"IOTHUB_CLIENT_CONFIRMATION_OK"
2057,10407179525,10407179580,1,"IOTHUB_CLIENT_CONFIRMATION_OK"
2058,10407179726,10407179764,1,"IOTHUB_CLIENT_CONFIRMATION_OK"
2059,10407179926,10407179961,1,"IOTHUB_CLIENT_CONFIRMATION_OK"
2060,10407180126,10407180187,1,"IOTHUB_CLIENT_CONFIRMATION_OK"
2061,10407180326,10407180378,1,"IOTHUB_CLIENT_CONFIRMATION_OK"
2062,10407180526,10407180585,1,"IOTHUB_CLIENT_CONFIRMATION_OK"
2063,10407180726,10407180798,1,"IOTHUB_CLIENT_CONFIRMATION_OK"
2064,10407180927,10407180969,1,"IOTHUB_CLIENT_CONFIRMATION_OK"
2065,10407181127,10407181199,1,"IOTHUB_CLIENT_CONFIRMATION_OK"
2066,10407181327,10407181368,1,"IOTHUB_CLIENT_CONFIRMATION_OK"
2067,10407181527,10407181590,1,"IOTHUB_CLIENT_CONFIRMATION_OK"
2068,10407181727,10407181818,1,"IOTHUB_CLIENT_CONFIRMATION_OK"
2069,10407181927,10407181970,1,"IOTHUB_CLIENT_CONFIRMATION_OK"
2070,10407182127,10407182211,1,"IOTHUB_CLIENT_CONFIRMATION_OK"
2071,10407182328,10407182370,1,"IOTHUB_CLIENT_CONFIRMATION_OK"
2072,10407182528,10407182574,1,"IOTHUB_CLIENT_CONFIRMATION_OK"
2073,10407182728,10407182827,1,"IOTHUB_CLIENT_CONFIRMATION_OK"
2074,10407182928,10407182996,1,"IOTHUB_CLIENT_CONFIRMATION_OK"
2075,10407183128,10407183176,1,"IOTHUB_CLIENT_CONFIRMATION_OK"
2076,10407183328,10407183364,1,"IOTHUB_CLIENT_CONFIRMATION_OK"
2077,10407183529,10407183572,1,"IOTHUB_CLIENT_CONFIRMATION_OK"
2078,10407183729,10407183847,1,"IOTHUB_CLIENT_CONFIRMATION_OK"
2079,10407183929,10407183964,1,"IOTHUB_CLIENT_CONFIRMATION_OK"
2080,10407184129,10407184171,1,"IOTHUB_CLIENT_CONFIRMATION_OK"
2081,10407184329,10407184457,1,"IOTHUB_CLIENT_CONFIRMATION_OK"
2082,10407184529,10407184603,1,"IOTHUB_CLIENT_CONFIRMATION_OK"
2083,10407184730,10407184767,1,"IOTHUB_CLIENT_CONFIRMATION_OK"
2084,10407184930,10407184974,1,"IOTHUB_CLIENT_CONFIRMATION_OK"
2085,10407185130,10407185167,1,"IOTHUB_CLIENT_CONFIRMATION_OK"
2086,10407185330,10407185467,1,"IOTHUB_CLIENT_CONFIRMATION_OK"
2087,10407185530,10407185567,1,"IOTHUB_CLIENT_CONFIRMATION_OK"
2088,10407185731,10407185765,1,"IOTHUB_CLIENT_CONFIRMATION_OK"
2089,10407185931,10407185986,1,"IOTHUB_CLIENT_CONFIRMATION_OK"
2090,10407186131,10407186170,1,"IOTHUB_CLIENT_CONFIRMATION_OK"
2091,10407186331,10407186365,1,"IOTHUB_CLIENT_CONFIRMATION_OK"
2092,10407186531,10407186577,1,"IOTHUB_CLIENT_CONFIRMATION_OK"
2093,10407186731,10407186768,1,"IOTHUB_CLIENT_CONFIRMATION_OK"
2094,10407186931,10407187111,1,"IOTHUB_CLIENT_CONFIRMATION_OK"
2095,10407187132,10407187165,1,"IOTHUB_CLIENT_CONFIRMATION_OK"
2096,10407187332,10407187367,1,"IOTHUB_CLIENT_CONFIRMATION_OK"
2097,10407187532,10407187583,1,"IOTHUB_CLIENT_CONFIRMATION_OK"
2098,10407187732,10407187771,1,"IOTHUB_CLIENT_CONFIRMATION_OK"
2099,10407187932,10407188104,1,"IOTHUB_CLIENT_CONFIRMATION_OK"
2100,10407188132,10407188179,1,"IOTHUB_CLIENT_CONFIRMATION_OK"
2101,10407188333,10407188381,1,"IOTHUB_CLIENT_CONFIRMATION_OK"
2102,10407188533,10407188576,1,"IOTHUB_CLIENT_CONFIRMATION_OK"
2103,10407188733,10407188789,1,"IOTHUB_CLIENT_CONFIRMATION_OK"
2104,10407188933,10407188976,1,"IOTHUB_CLIENT_CONFIRMATION_OK"
2105,10407189133,10407189199,1,"IOTHUB_CLIENT_CONFIRMATION_OK"
2106,10407189333,10407189379,1,"IOTHUB_CLIENT_CONFIRMATION_OK"
2107,10407189534,10407189584,1,"IOTHUB_CLIENT_CONFIRMATION_OK"
2108,10407189734,10407189770,1,"IOTHUB_CLIENT_CONFIRMATION_OK"
2109,10407189934,10407189970,1,"IOTHUB_CLIENT_CONFIRMATION_OK"
2110,10407190134,10407190181,1,"IOTHUB_CLIENT_CONFIRMATION_OK"
2111,10407190334,10407190400,1,"IOTHUB_CLIENT_CONFIRMATION_OK"
2112,10407190534,10407190587,1,"IOTHUB_CLIENT_CONFIRMATION_OK"
2113,10407190735,10407190780,1,"IOTHUB_CLIENT_CONFIRMATION_OK"
2114,10407190935,10407190998,1,"IOTHUB_CLIENT_CONFIRMATION_OK"
2115,10407191135,10407191235,1,"IOTHUB_CLIENT_CONFIRMATION_OK"
2116,10407191335,10407191376,1,"IOTHUB_CLIENT_CONFIRMATION_OK"
2117,10407191535,10407191582,1,"IOTHUB_CLIENT_CONFIRMATION_OK"
2118,10407191735,10407191776,1,"IOTHUB_CLIENT_CONFIRMATION_OK"
2119,10407191935,10407191981,1,"IOTHUB_CLIENT_CONFIRMATION_OK"
2120,10407192136,10407192232,1,"IOTHUB_CLIENT_CONFIRMATION_OK"
2121,10407192336,10407192379,1,"IOTHUB_CLIENT_CONFIRMATION_OK"
2122,10407192536,10407192577,1,"IOTHUB_CLIENT_CONFIRMATION_OK"
2123,10407192736,10407192859,1,"IOTHUB_CLIENT_CONFIRMATION_OK"
2124,10407192936,10407192981,1,"IOTHUB_CLIENT_CONFIRMATION_OK"
2125,10407193137,10407193186,1,"IOTHUB_CLIENT_CONFIRMATION_OK"
2126,10407193337,10407193384,1,"IOTHUB_CLIENT_CONFIRMATION_OK"
2127,10407193537,10407193604,1,"IOTHUB_CLIENT_CONFIRMATION_OK"
2128,10407193737,10407193910,1,"IOTHUB_CLIENT_CONFIRMATION_OK"
2129,10407193937,10407194052,1,"IOTHUB_CLIENT_CONFIRMATION_OK"
2130,10407194137,10407194201,1,"IOTHUB_CLIENT_CONFIRMATION_OK"
2131,10407194337,10407194391,1,"IOTHUB_CLIENT_CONFIRMATION_OK"
2132,10407194538,10407194591,1,"IOTHUB_CLIENT_CONFIRMATION_OK"
2133,10407194738,10407194774,1,"IOTHUB_CLIENT_CONFIRMATION_OK"
2134,10407194938,10407194996,1,"IOTHUB_CLIENT_CONFIRMATION_OK"
2135,10407195138,10407195175,1,"IOTHUB_CLIENT_CONFIRMATION_OK"
2136,10407195338,10407195375,1,"IOTHUB_CLIENT_CONFIRMATION_OK"
2137,10407195538,10407195614,1,"IOTHUB_CLIENT_CONFIRMATION_OK"
2138,10407195739,10407195772,1,"IOTHUB_CLIENT_CONFIRMATION_OK"
2139,10407195939,10407196006,1,"IOTHUB_CLIENT_CONFIRMATION_OK"
2140,10407196139,10407196179,1,"IOTHUB_CLIENT_CONFIRMATION_OK"
2141,10407196339,10407196380,1,"IOTHUB_CLIENT_CONFIRMATION_OK"
2142,10407196539,10407196585,1,"IOTHUB_CLIENT_CONFIRMATION_OK"
2143,10407196739,10407196778,1,"IOTHUB_CLIENT_CONFIRMATION_OK"
2144,10407196940,10407196992,1,"IOTHUB_CLIENT_CONFIRMATION_OK"
2145,10407197140,10407197186,1,"IOTHUB_CLIENT_CONFIRMATION_OK"
2146,10407197340,10407197397,1,"IOTHUB_CLIENT_CONFIRMATION_OK"
2147,10407197540,10407197587,1,"IOTHUB_CLIENT_CONFIRMATION_OK"
2148,10407197740,10407197793,1,"IOTHUB_CLIENT_CONFIRMATION_OK"
2149,10407197940,10407197978,1,"IOTHUB_CLIENT_CONFIRMATION_OK"
2150,10407198141,10407198185,1,"IOTHUB_CLIENT_CONFIRMATION_OK"
2151,10407198341,10407198387,1,"IOTHUB_CLIENT_CONFIRMATION_OK"
2152,10407198541,10407198622,1,"IOTHUB_CLIENT_CONFIRMATION_OK"
2153,10407198741,10407198779,1,"IOTHUB_CLIENT_CONFIRMATION_OK"
2154,10407198941,10407199106,1,"IOTHUB_CLIENT_CONFIRMATION_OK"
2155,10407199141,10407199228,1,"IOTHUB_CLIENT_CONFIRMATION_OK"
2156,10407199342,10407199381,1,"IOTHUB_CLIENT_CONFIRMATION_OK"
2157,10407199542,10407199931,1,"IOTHUB_CLIENT_CONFIRMATION_OK"
2158,10407199742,10407199966,1,"IOTHUB_CLIENT_CONFIRMATION_OK"
2159,10407199942,10407199991,1,"IOTHUB_CLIENT_CONFIRMATION_OK"
2160,10407200142,10407200199,1,"IOTHUB_CLIENT_CONFIRMATION_OK"
2161,10407200342,10407200379,1,"IOTHUB_CLIENT_CONFIRMATION_OK"
2162,10407200543,10407200579,1,"IOTHUB_CLIENT_CONFIRMATION_OK"
2163,10407200743,10407200785,1,"IOTHUB_CLIENT_CONFIRMATION_OK"
2164,10407200943,10407200979,1,"IOTHUB_CLIENT_CONFIRMATION_OK"
2165,10407201143,10407201179,1,"IOTHUB_CLIENT_CONFIRMATION_OK"
2166,10407201343,10407201384,1,"IOTHUB_CLIENT_CONFIRMATION_OK"
2167,10407201543,10407201585,1,"IOTHUB_CLIENT_CONFIRMATION_OK"
2168,10407201744,10407201791,1,"IOTHUB_CLIENT_CONFIRMATION_OK"
2169,10407201944,10407202002,1,"IOTHUB_CLIENT_CONFIRMATION_OK"
2170,10407202144,10407202320,1,"IOTHUB_CLIENT_CONFIRMATION_OK"
2171,10407202344,10407202382,1,"IOTHUB_CLIENT_CONFIRMATION_OK"
2172,10407202544,10407202581,1,"IOTHUB_CLIENT_CONFIRMATION_OK"
2173,10407202744,10407202798,1,"IOTHUB_CLIENT_CONFIRMATION_OK"
2174,10407202944,10407202989,1,"IOTHUB_CLIENT_CONFIRMATION_OK"
2175,10407203145,10407203180,1,"IOTHUB_CLIENT_CONFIRMATION_OK"
2176,10407203345,10407203416,1,"IOTHUB_CLIENT_CONFIRMATION_OK"
2177,10407203545,10407203589,1,"IOTHUB_CLIENT_CONFIRMATION_OK"
2178,10407203745,10407203792,1,"IOTHUB_CLIENT_CONFIRMATION_OK"
2179,10407203945,10407203986,1,"IOTHUB_CLIENT_CONFIRMATION_OK"
2180,10407204145,10407204381,1,"IOTHUB_CLIENT_CONFIRMATION_OK"
2181,10407204346,10407204584,1,"IOTHUB_CLIENT_CONFIRMATION_OK"
2182,10407204546,10407204609,1,"IOTHUB_CLIENT_CONFIRMATION_OK"
2183,10407204746,10407204811,1,"IOTHUB_CLIENT_CONFIRMATION_OK"
2184,10407204946,10407204990,1,"IOTHUB_CLIENT_CONFIRMATION_OK"
2185,10407205146,10407205189,1,"IOTHUB_CLIENT_CONFIRMATION_OK"
2186,10407205346,10407205398,1,"IOTHUB_CLIENT_CONFIRMATION_OK"
2187,10407205547,10407205601,1,"IOTHUB_CLIENT_CONFIRMATION_OK"
2188,10407205747,10407205792,1,"IOTHUB_CLIENT_CONFIRMATION_OK"
2189,10407205947,10407206021,1,"IOTHUB_CLIENT_CONFIRMATION_OK"
2190,10407206147,10407206187,1,"IOTHUB_CLIENT_CONFIRMATION_OK"
2191,10407206347,10407206383,1,"IOTHUB_CLIENT_CONFIRMATION_OK"
2192,10407206547,10407206584,1,"IOTHUB_CLIENT_CONFIRMATION_OK"
2193,10407206748,10407206789,1,"IOTHUB_CLIENT_CONFIRMATION_OK"
2194,10407206948,10407207074,1,"IOTHUB_CLIENT_CONFIRMATION_OK"
2195,10407207148,10407207194,1,"IOTHUB_CLIENT_CONFIRMATION_OK"
2196,10407207348,10407207397,1,"IOTHUB_CLIENT_CONFIRMATION_OK"
2197,10407207548,10407207585,1,"IOTHUB_CLIENT_CONFIRMATION_OK"
2198,10407207748,10407207793,1,"IOTHUB_CLIENT_CONFIRMATION_OK"
2199,10407207949,10407208068,1,"IOTHUB_CLIENT_CONFIRMATION_OK"
2200,10407208149,10407208186,1,"IOTHUB_CLIENT_CONFIRMATION_OK"
2201,10407208349,10407208393,1,"IOTHUB_CLIENT_CONFIRMATION_OK"
2202,10407208549,10407208668,1,"IOTHUB_CLIENT_CONFIRMATION_OK"
2203,10407208749,10407208831,1,"IOTHUB_CLIENT_CONFIRMATION_OK"
2204,10407208949,10407208993,1,"IOTHUB_CLIENT_CONFIRMATION_OK"
2205,10407209150,10407209194,1,"IOTHUB_CLIENT_CONFIRMATION_OK"
2206,10407209350,10407209388,1,"IOTHUB_CLIENT_CONFIRMATION_OK"
2207,10407209550,10407209703,1,"IOTHUB_CLIENT_CONFIRMATION_OK"
2208,10407209750,10407209789,1,"IOTHUB_CLIENT_CONFIRMATION_OK"
2209,10407209950,10407209997,1,"IOTHUB_CLIENT_CONFIRMATION_OK"
2210,10407210150,10407210198,1,"IOTHUB_CLIENT_CONFIRMATION_OK"
2211,10407210351,10407210385,1,"IOTHUB_CLIENT_CONFIRMATION_OK"
2212,10407210551,10407210589,1,"IOTHUB_CLIENT_CONFIRMATION_OK"
2213,10407210751,10407210793,1,"IOTHUB_CLIENT_CONFIRMATION_OK"
2214,10407210951,10407210993,1,"IOTHUB_CLIENT_CONFIRMATION_OK"
2215,10407211151,10407211192,1,"IOTHUB_CLIENT_CONFIRMATION_OK"
2216,10407211351,10407211396,1,"IOTHUB_CLIENT_CONFIRMATION_OK"
2217,10407211551,10407211600,1,"IOTHUB_CLIENT_CONFIRMATION_OK"
2218,10407211752,10407211802,1,"IOTHUB_CLIENT_CONFIRMATION_OK"
2219,10407211952,10407212016,1,"IOTHUB_CLIENT_CONFIRMATION_OK"
2220,10407212152,10407212382,1,"IOTHUB_CLIENT_CONFIRMATION_OK"
2221,10407212352,10407212428,1,"IOTHUB_CLIENT_CONFIRMATION_OK"
2222,10407212552,10407212624,1,"IOTHUB_CLIENT_CONFIRMATION_OK"
2223,10407212752,10407212794,1,"IOTHUB_CLIENT_CONFIRMATION_OK"
2224,10407212953,10407213021,1,"IOTHUB_CLIENT_CONFIRMATION_OK"
2225,10407213153,10407213196,1,"IOTHUB_CLIENT_CONFIRMATION_OK"
2226,10407213353,10407213419,1,"IOTHUB_CLIENT_CONFIRMATION_OK"
2227,10407213553,10407213594,1,"IOTHUB_CLIENT_CONFIRMATION_OK"
2228,10407213753,10407213827,1,"IOTHUB_CLIENT_CONFIRMATION_OK"
2229,10407213953,10407213992,1,"IOTHUB_CLIENT_CONFIRMATION_OK"
2230,10407214154,10407214211,1,"IOTHUB_CLIENT_CONFIRMATION_OK"
2231,10407214354,10407214438,1,"IOTHUB_CLIENT_CONFIRMATION_OK"
2232,10407214554,10407214595,1,"IOTHUB_CLIENT_CONFIRMATION_OK"
2233,10407214754,10407214789,1,"IOTHUB_CLIENT_CONFIRMATION_OK"
2234,10407214954,10407214996,1,"IOTHUB_CLIENT_CONFIRMATION_OK"
2235,10407215154,10407215197,1,"IOTHUB_CLIENT_CONFIRMATION_OK"
2236,10407215355,10407215452,1,"IOTHUB_CLIENT_CONFIRMATION_OK"
2237,10407215555,10407215595,1,"IOTHUB_CLIENT_CONFIRMATION_OK"
2238,10407215755,10407215801,1,"IOTHUB_CLIENT_CONFIRMATION_OK"
2239,10407215955,10407215992,1,"IOTHUB_CLIENT_CONFIRMATION_OK"
2240,10407216155,10407216200,1,"IOTHUB_CLIENT_CONFIRMATION_OK"
2241,10407216355,10407216456,1,"IOTHUB_CLIENT_CONFIRMATION_OK"
2242,10407216556,10407216649,1,"IOTHUB_CLIENT_CONFIRMATION_OK"
2243,10407216756,10407216813,1,"IOTHUB_CLIENT_CONFIRMATION_OK"
2244,10407216956,10407217144,1,"IOTHUB_CLIENT_CONFIRMATION_OK"
2245,10407217156,10407217201,1,"IOTHUB_CLIENT_CONFIRMATION_OK"
2246,10407217356,10407217406,1,"IOTHUB_CLIENT_CONFIRMATION_OK"
2247,10407217556,10407217595,1,"IOTHUB_CLIENT_CONFIRMATION_OK"
2248,10407217757,10407217798,1,"IOTHUB_CLIENT_CONFIRMATION_OK"
2249,10407217957,10407218111,1,"IOTHUB_CLIENT_CONFIRMATION_OK"
2250,10407218157,10407218197,1,"IOTHUB_CLIENT_CONFIRMATION_OK"
2251,10407218357,10407218395,1,"IOTHUB_CLIENT_CONFIRMATION_OK"
2252,10407218557,10407218607,1,"IOTHUB_CLIENT_CONFIRMATION_OK"
2253,10407218757,10407218810,1,"IOTHUB_CLIENT_CONFIRMATION_OK"
2254,10407218958,10407219006,1,"IOTHUB_CLIENT_CONFIRMATION_OK"
2255,10407219158,10407219203,1,"IOTHUB_CLIENT_CONFIRMATION_OK"
2256,10407219358,10407219393,1,"IOTHUB_CLIENT_CONFIRMATION_OK"
2257,10407219558,10407219795,1,"IOTHUB_CLIENT_CONFIRMATION_OK"
2258,10407219758,10407219820,1,"IOTHUB_CLIENT_CONFIRMATION_OK"
2259,10407219958,10407220004,1,"IOTHUB_CLIENT_CONFIRMATION_OK"
2260,10407220159,10407220198,1,"IOTHUB_CLIENT_CONFIRMATION_OK"
2261,10407220359,10407220393,1,"IOTHUB_CLIENT_CONFIRMATION_OK"
2262,10407220559,10407220599,1,"IOTHUB_CLIENT_CONFIRMATION_OK"
2263,10407220759,10407220804,1,"IOTHUB_CLIENT_CONFIRMATION_OK"
2264,10407220959,10407220994,1,"IOTHUB_CLIENT_CONFIRMATION_OK"
2265,10407221159,10407221200,1,"IOTHUB_CLIENT_CONFIRMATION_OK"
2266,10407221360,10407221394,1,"IOTHUB_CLIENT_CONFIRMATION_OK"
2267,10407221560,10407221622,1,"IOTHUB_CLIENT_CONFIRMATION_OK"
2268,10407221760,10407221826,1,"IOTHUB_CLIENT_CONFIRMATION_OK"
2269,10407221960,10407222002,1,"IOTHUB_CLIENT_CONFIRMATION_OK"
2270,10407222160,10407222205,1,"IOTHUB_CLIENT_CONFIRMATION_OK"
2271,10407222360,10407222403,1,"IOTHUB_CLIENT_CONFIRMATION_OK"
2272,10407222561,10407222604,1,"IOTHUB_CLIENT_CONFIRMATION_OK"
2273,10407222761,10407222819,1,"IOTHUB_CLIENT_CONFIRMATION_OK"
2274,10407222961,10407223001,1,"IOTHUB_CLIENT_CONFIRMATION_OK"
2275,10407223161,10407224003,1,"IOTHUB_CLIENT_CONFIRMATION_OK"
2276,10407223361,10407224034,1,"IOTHUB_CLIENT_CONFIRMATION_OK"
2277,10407223561,10407224060,1,"IOTHUB_CLIENT_CONFIRMATION_OK"
2278,10407223762,10407224083,1,"IOTHUB_CLIENT_CONFIRMATION_OK"
2279,10407223962,10407224112,1,"IOTHUB_CLIENT_CONFIRMATION_OK"
2280,10407224162,10407224234,1,"IOTHUB_CLIENT_CONFIRMATION_OK"
2281,10407224362,10407224489,1,"IOTHUB_CLIENT_CONFIRMATION_OK"
2282,10407224562,10407224601,1,"IOTHUB_CLIENT_CONFIRMATION_OK"
2283,10407224762,10407224815,1,"IOTHUB_CLIENT_CONFIRMATION_OK"
2284,10407224963,10407225032,1,"IOTHUB_CLIENT_CONFIRMATION_OK"
2285,10407225163,10407225260,1,"IOTHUB_CLIENT_CONFIRMATION_OK"
2286,10407225363,10407225528,1,"IOTHUB_CLIENT_CONFIRMATION_OK"
2287,10407225563,10407225607,1,"IOTHUB_CLIENT_CONFIRMATION_OK"
2288,10407225763,10407225801,1,"IOTHUB_CLIENT_CONFIRMATION_OK"
2289,10407225963,10407226007,1,"IOTHUB_CLIENT_CONFIRMATION_OK"
2290,10407226164,10407226206,1,"IOTHUB_CLIENT_CONFIRMATION_OK"
2291,10407226364,10407226489,1,"IOTHUB_CLIENT_CONFIRMATION_OK"
2292,10407226564,10407226636,1,"IOTHUB_CLIENT_CONFIRMATION_OK"
2293,10407226764,10407226805,1,"IOTHUB_CLIENT_CONFIRMATION_OK"
2294,10407226964,10407227121,1,"IOTHUB_CLIENT_CONFIRMATION_OK"
2295,10407227164,10407227202,1,"IOTHUB_CLIENT_CONFIRMATION_OK"
2296,10407227365,10407227410,1,"IOTHUB_CLIENT_CONFIRMATION_OK"
2297,10407227565,10407227634,1,"IOTHUB_CLIENT_CONFIRMATION_OK"
2298,10407227765,10407227812,1,"IOTHUB_CLIENT_CONFIRMATION_OK"
2299,10407227965,10407228134,1,"IOTHUB_CLIENT_CONFIRMATION_OK"
2300,10407228165,10407228213,1,"IOTHUB_CLIENT_CONFIRMATION_OK"
2301,10407228365,10407228404,1,"IOTHUB_CLIENT_CONFIRMATION_OK"
2302,10407228566,10407228599,1,"IOTHUB_CLIENT_CONFIRMATION_OK"
2303,10407228766,10407228811,1,"IOTHUB_CLIENT_CONFIRMATION_OK"
2304,10407228966,10407229013,1,"IOTHUB_CLIENT_CONFIRMATION_OK"
2305,10407229166,10407229205,1,"IOTHUB_CLIENT_CONFIRMATION_OK"
2306,10407229366,10407229408,1,"IOTHUB_CLIENT_CONFIRMATION_OK"
2307,10407229566,10407229605,1,"IOTHUB_CLIENT_CONFIRMATION_OK"
2308,10407229767,10407229804,1,"IOTHUB_CLIENT_CONFIRMATION_OK"
2309,10407229967,10407230009,1,"IOTHUB_CLIENT_CONFIRMATION_OK"
2310,10407230167,10407230224,1,"IOTHUB_CLIENT_CONFIRMATION_OK"
2311,10407230367,10407230412,1,"IOTHUB_CLIENT_CONFIRMATION_OK"
2312,10407230567,10407230611,1,"IOTHUB_CLIENT_CONFIRMATION_OK"
2313,10407230767,10407230806,1,"IOTHUB_CLIENT_CONFIRMATION_OK"
2314,10407230968,10407231029,1,"IOTHUB_CLIENT_CONFIRMATION_OK"
2315,10407231168,10407231202,1,"IOTHUB_CLIENT_CONFIRMATION_OK"
2316,10407231368,10407231427,1,"IOTHUB_CLIENT_CONFIRMATION_OK"
2317,10407231568,10407231621,1,"IOTHUB_CLIENT_CONFIRMATION_OK"
2318,10407231768,10407231803,1,"IOTHUB_CLIENT_CONFIRMATION_OK"
2319,10407231968,10407232009,1,"IOTHUB_CLIENT_CONFIRMATION_OK"
2320,10407232168,10407232221,1,"IOTHUB_CLIENT_CONFIRMATION_OK"
2321,10407232369,10407232409,1,"IOTHUB_CLIENT_CONFIRMATION_OK"
2322,10407232569,10407232611,1,"IOTHUB_CLIENT_CONFIRMATION_OK"
2323,10407232769,10407232815,1,"IOTHUB_CLIENT_CONFIRMATION_OK"
2324,10407232969,10407233009,1,"IOTHUB_CLIENT_CONFIRMATION_OK"
2325,10407233169,10407233218,1,"IOTHUB_CLIENT_CONFIRMATION_OK"
2326,10407233369,10407233426,1,"IOTHUB_CLIENT_CONFIRMATION_OK"
2327,10407233570,10407233615,1,"IOTHUB_CLIENT_CONFIRMATION_OK"
2328,10407233770,10407233829,1,"IOTHUB_CLIENT_CONFIRMATION_OK"
2329,10407233970,10407234018,1,"IOTHUB_CLIENT_CONFIRMATION_OK"
2330,10407234170,10407234213,1,"IOTHUB_CLIENT_CONFIRMATION_OK"
2331,10407234370,10407234450,1,"IOTHUB_CLIENT_CONFIRMATION_OK"
2332,10407234570,10407234615,1,"IOTHUB_CLIENT_CONFIRMATION_OK"
2333,10407234771,10407234806,1,"IOTHUB_CLIENT_CONFIRMATION_OK"
2334,10407234971,10407235015,1,"IOTHUB_CLIENT_CONFIRMATION_OK"
2335,10407235171,10407235212,1,"IOTHUB_CLIENT_CONFIRMATION_OK"
2336,10407235371,10407235463,1,"IOTHUB_CLIENT_CONFIRMATION_OK"
2337,10407235571,10407235609,1,"IOTHUB_CLIENT_CONFIRMATION_OK"
2338,10407235771,10407235828,1,"IOTHUB_CLIENT_CONFIRMATION_OK"
2339,10407235972,10407236070,1,"IOTHUB_CLIENT_CONFIRMATION_OK"
2340,10407236172,10407236208,1,"IOTHUB_CLIENT_CONFIRMATION_OK"
2341,10407236372,10407236493,1,"IOTHUB_CLIENT_CONFIRMATION_OK"
2342,10407236572,10407236727,1,"IOTHUB_CLIENT_CONFIRMATION_OK"
2343,10407236772,10407236809,1,"IOTHUB_CLIENT_CONFIRMATION_OK"
2344,10407236972,10407237121,1,"IOTHUB_CLIENT_CONFIRMATION_OK"
2345,10407237172,10407237214,1,"IOTHUB_CLIENT_CONFIRMATION_OK"
2346,10407237373,10407237413,1,"IOTHUB_CLIENT_CONFIRMATION_OK"
2347,10407237573,10407237615,1,"IOTHUB_CLIENT_CONFIRMATION_OK"
2348,10407237773,10407237811,1,"IOTHUB_CLIENT_CONFIRMATION_OK"
2349,10407237973,10407238128,1,"IOTHUB_CLIENT_CONFIRMATION_OK"
2350,10407238173,10407238221,1,"IOTHUB_CLIENT_CONFIRMATION_OK"
2351,10407238373,10407238411,1,"IOTHUB_CLIENT_CONFIRMATION_OK"
2352,10407238574,10407238617,1,"IOTHUB_CLIENT_CONFIRMATION_OK"
2353,10407238774,10407238808,1,"IOTHUB_CLIENT_CONFIRMATION_OK"
2354,10407238974,10407239019,1,"IOTHUB_CLIENT_CONFIRMATION_OK"
2355,10407239174,10407239229,1,"IOTHUB_CLIENT_CONFIRMATION_OK"
2356,10407239374,10407239416,1,"IOTHUB_CLIENT_CONFIRMATION_OK"
2357,10407239574,10407239615,1,"IOTHUB_CLIENT_CONFIRMATION_OK"
2358,10407239775,10407239836,1,"IOTHUB_CLIENT_CONFIRMATION_OK"
2359,10407239975,10407240017,1,"IOTHUB_CLIENT_CONFIRMATION_OK"
2360,10407240175,10407240210,1,"IOTHUB_CLIENT_CONFIRMATION_OK"
2361,10407240375,10407240418,1,"IOTHUB_CLIENT_CONFIRMATION_OK"
2362,10407240575,10407240611,1,"IOTHUB_CLIENT_CONFIRMATION_OK"
2363,10407240775,10407240815,1,"IOTHUB_CLIENT_CONFIRMATION_OK"
2364,10407240976,10407241026,1,"IOTHUB_CLIENT_CONFIRMATION_OK"
2365,10407241176,10407241262,1,"IOTHUB_CLIENT_CONFIRMATION_OK"
2366,10407241376,10407241416,1,"IOTHUB_CLIENT_CONFIRMATION_OK"
2367,10407241576,10407241624,1,"IOTHUB_CLIENT_CONFIRMATION_OK"
2368,10407241776,10407241846,1,"IOTHUB_CLIENT_CONFIRMATION_OK"
2369,10407241976,10407242013,1,"IOTHUB_CLIENT_CONFIRMATION_OK"
2370,10407242177,10407242295,1,"IOTHUB_CLIENT_CONFIRMATION_OK"
2371,10407242377,10407242421,1,"IOTHUB_CLIENT_CONFIRMATION_OK"
2372,10407242577,10407242627,1,"IOTHUB_CLIENT_CONFIRMATION_OK"
2373,10407242777,10407242904,1,"IOTHUB_CLIENT_CONFIRMATION_OK"
2374,10407242977,10407243014,1,"IOTHUB_CLIENT_CONFIRMATION_OK"
2375,10407243177,10407243221,1,"IOTHUB_CLIENT_CONFIRMATION_OK"
2376,10407243377,10407243419,1,"IOTHUB_CLIENT_CONFIRMATION_OK"
2377,10407243578,10407243619,1,"IOTHUB_CLIENT_CONFIRMATION_OK"
2378,10407243778,10407243913,1,"IOTHUB_CLIENT_CONFIRMATION_OK"
2379,10407243978,10407244012,1,"IOTHUB_CLIENT_CONFIRMATION_OK"
2380,10407244178,10407244216,1,"IOTHUB_CLIENT_CONFIRMATION_OK"
2381,10407244378,10407244415,1,"IOTHUB_CLIENT_CONFIRMATION_OK"
2382,10407244578,10407244622,1,"IOTHUB_CLIENT_CONFIRMATION_OK"
2383,10407244779,10407244822,1,"IOTHUB_CLIENT_CONFIRMATION_OK"
2384,10407244979,10407245021,1,"IOTHUB_CLIENT_CONFIRMATION_OK"
2385,10407245179,10407245220,1,"IOTHUB_CLIENT_CONFIRMATION_OK"
2386,10407245379,10407245422,1,"IOTHUB_CLIENT_CONFIRMATION_OK"
2387,10407245579,10407245622,1,"IOTHUB_CLIENT_CONFIRMATION_OK"
2388,10407245779,10407245816,1,"IOTHUB_CLIENT_CONFIRMATION_OK"
2389,10407245980,10407246018,1,"IOTHUB_CLIENT_CONFIRMATION_OK"
2390,10407246180,10407246220,1,"IOTHUB_CLIENT_CONFIRMATION_OK"
2391,10407246380,10407246629,1,"IOTHUB_CLIENT_CONFIRMATION_OK"
2392,10407246580,10407246673,1,"IOTHUB_CLIENT_CONFIRMATION_OK"
2393,10407246780,10407246825,1,"IOTHUB_CLIENT_CONFIRMATION_OK"
2394,10407246980,10407247025,1,"IOTHUB_CLIENT_CONFIRMATION_OK"
2395,10407247180,10407247221,1,"IOTHUB_CLIENT_CONFIRMATION_OK"
2396,10407247381,10407247420,1,"IOTHUB_CLIENT_CONFIRMATION_OK"
2397,10407247581,10407247636,1,"IOTHUB_CLIENT_CONFIRMATION_OK"
2398,10407247781,10407247823,1,"IOTHUB_CLIENT_CONFIRMATION_OK"
2399,10407247981,10407248032,1,"IOTHUB_CLIENT_CONFIRMATION_OK"
2400,10407248181,10407248223,1,"IOTHUB_CLIENT_CONFIRMATION_OK"
2401,10407248381,10407248440,1,"IOTHUB_CLIENT_CONFIRMATION_OK"
2402,10407248582,10407248642,1,"IOTHUB_CLIENT_CONFIRMATION_OK"
2403,10407248782,10407248821,1,"IOTHUB_CLIENT_CONFIRMATION_OK"
2404,10407248982,10407249027,1,"IOTHUB_CLIENT_CONFIRMATION_OK"
2405,10407249182,10407249217,1,"IOTHUB_CLIENT_CONFIRMATION_OK"
2406,10407249382,10407249429,1,"IOTHUB_CLIENT_CONFIRMATION_OK"
2407,10407249582,10407249654,1,"IOTHUB_CLIENT_CONFIRMATION_OK"
2408,10407249783,10407249856,1,"IOTHUB_CLIENT_CONFIRMATION_OK"
2409,10407249983,10407250026,1,"IOTHUB_CLIENT_CONFIRMATION_OK"
2410,10407250183,10407250479,1,"IOTHUB_CLIENT_CONFIRMATION_OK"
2411,10407250383,10407250501,1,"IOTHUB_CLIENT_CONFIRMATION_OK"
2412,10407250583,10407250639,1,"IOTHUB_CLIENT_CONFIRMATION_OK"
2413,10407250783,10407250821,1,"IOTHUB_CLIENT_CONFIRMATION_OK"
2414,10407250984,10407251019,1,"IOTHUB_CLIENT_CONFIRMATION_OK"
2415,10407251184,10407251320,1,"IOTHUB_CLIENT_CONFIRMATION_OK"
2416,10407251384,10407251440,1,"IOTHUB_CLIENT_CONFIRMATION_OK"
2417,10407251584,10407251629,1,"IOTHUB_CLIENT_CONFIRMATION_OK"
2418,10407251784,10407251822,1,"IOTHUB_CLIENT_CONFIRMATION_OK"
2419,10407251984,10407252026,1,"IOTHUB_CLIENT_CONFIRMATION_OK"
2420,10407252185,10407252397,1,"IOTHUB_CLIENT_CONFIRMATION_OK"
2421,10407252385,10407252426,1,"IOTHUB_CLIENT_CONFIRMATION_OK"
2422,10407252585,10407252624,1,"IOTHUB_CLIENT_CONFIRMATION_OK"
2423,10407252785,10407252855,1,"IOTHUB_CLIENT_CONFIRMATION_OK"
2424,10407252985,10407253027,1,"IOTHUB_CLIENT_CONFIRMATION_OK"
2425,10407253185,10407253223,1,"IOTHUB_CLIENT_CONFIRMATION_OK"
2426,10407253385,10407253425,1,"IOTHUB_CLIENT_CONFIRMATION_OK"
2427,10407253586,10407253616,1,"IOTHUB_CLIENT_CONFIRMATION_OK"
2428,10407253786,10407253827,1,"IOTHUB_CLIENT_CONFIRMATION_OK"
2429,10407253986,10407254029,1,"IOTHUB_CLIENT_CONFIRMATION_OK"
2430,10407254186,10407254233,1,"IOTHUB_CLIENT_CONFIRMATION_OK"
2431,10407254386,10407254436,1,"IOTHUB_CLIENT_CONFIRMATION_OK"
2432,10407254586,10407254644,1,"IOTHUB_CLIENT_CONFIRMATION_OK"
2433,10407254787,10407254837,1,"IOTHUB_CLIENT_CONFIRMATION_OK"
2434,10407254987,10407255032,1,"IOTHUB_CLIENT_CONFIRMATION_OK"
2435,10407255187,10407255232,1,"IOTHUB_CLIENT_CONFIRMATION_OK"
2436,10407255387,10407255483,1,"IOTHUB_CLIENT_CONFIRMATION_OK"
2437,10407255587,10407255632,1,"IOTHUB_CLIENT_CONFIRMATION_OK"
2438,10407255787,10407255825,1,"IOTHUB_CLIENT_CONFIRMATION_OK"
2439,10407255988,10407256090,1,"IOTHUB_CLIENT_CONFIRMATION_OK"
2440,10407256188,10407256225,1,"IOTHUB_CLIENT_CONFIRMATION_OK"
2441,10407256388,10407256474,1,"IOTHUB_CLIENT_CONFIRMATION_OK"
2442,10407256588,10407256631,1,"IOTHUB_CLIENT_CONFIRMATION_OK"
2443,10407256788,10407256835,1,"IOTHUB_CLIENT_CONFIRMATION_OK"
2444,10407256988,10407257111,1,"IOTHUB_CLIENT_CONFIRMATION_OK"
2445,10407257189,10407257235,1,"IOTHUB_CLIENT_CONFIRMATION_OK"
2446,10407257389,10407257452,1,"IOTHUB_CLIENT_CONFIRMATION_OK"
2447,10407257589,10407257642,1,"IOTHUB_CLIENT_CONFIRMATION_OK"
2448,10407257789,10407257836,1,"IOTHUB_CLIENT_CONFIRMATION_OK"
2449,10407257989,10407258161,1,"IOTHUB_CLIENT_CONFIRMATION_OK"
2450,10407258189,10407258229,1,"IOTHUB_CLIENT_CONFIRMATION_OK"
2451,10407258390,10407258430,1,"IOTHUB_CLIENT_CONFIRMATION_OK"
2452,10407258590,10407258657,1,"IOTHUB_CLIENT_CONFIRMATION_OK"
2453,10407258790,10407258838,1,"IOTHUB_CLIENT_CONFIRMATION_OK"
2454,10407258990,10407259032,1,"IOTHUB_CLIENT_CONFIRMATION_OK"
2455,10407259190,10407259238,1,"IOTHUB_CLIENT_CONFIRMATION_OK"
2456,10407259390,10407259439,1,"IOTHUB_CLIENT_CONFIRMATION_OK"
2457,10407259590,10407259626,1,"IOTHUB_CLIENT_CONFIRMATION_OK"
2458,10407259791,10407259830,1,"IOTHUB_CLIENT_CONFIRMATION_OK"
2459,10407259991,10407260029,1,"IOTHUB_CLIENT_CONFIRMATION_OK"
2460,10407260191,10407260229,1,"IOTHUB_CLIENT_CONFIRMATION_OK"
2461,10407260391,10407260435,1,"IOTHUB_CLIENT_CONFIRMATION_OK"
2462,10407260591,10407260676,1,"IOTHUB_CLIENT_CONFIRMATION_OK"
2463,10407260791,10407260829,1,"IOTHUB_CLIENT_CONFIRMATION_OK"
2464,10407260992,10407261030,1,"IOTHUB_CLIENT_CONFIRMATION_OK"
2465,10407261192,10407261258,1,"IOTHUB_CLIENT_CONFIRMATION_OK"
2466,10407261392,10407261435,1,"IOTHUB_CLIENT_CONFIRMATION_OK"
2467,10407261592,10407261634,1,"IOTHUB_CLIENT_CONFIRMATION_OK"
2468,10407261792,10407261887,1,"IOTHUB_CLIENT_CONFIRMATION_OK"
2469,10407261992,10407262030,1,"IOTHUB_CLIENT_CONFIRMATION_OK"
2470,10407262193,10407262280,1,"IOTHUB_CLIENT_CONFIRMATION_OK"
2471,10407262393,10407262437,1,"IOTHUB_CLIENT_CONFIRMATION_OK"
2472,10407262593,10407262636,1,"IOTHUB_CLIENT_CONFIRMATION_OK"
2473,10407262793,10407262899,1,"IOTHUB_CLIENT_CONFIRMATION_OK"
2474,10407262993,10407263032,1,"IOTHUB_CLIENT_CONFIRMATION_OK"
2475,10407263193,10407263234,1,"IOTHUB_CLIENT_CONFIRMATION_OK"
2476,10407263393,10407263439,1,"IOTHUB_CLIENT_CONFIRMATION_OK"
2477,10407263594,10407263636,1,"IOTHUB_CLIENT_CONFIRMATION_OK"
2478,10407263794,10407263973,1,"IOTHUB_CLIENT_CONFIRMATION_OK"
2479,10407263994,10407264045,1,"IOTHUB_CLIENT_CONFIRMATION_OK"
2480,10407264194,10407264237,1,"IOTHUB_CLIENT_CONFIRMATION_OK"
2481,10407264394,10407264439,1,"IOTHUB_CLIENT_CONFIRMATION_OK"
2482,10407264594,10407264643,1,"IOTHUB_CLIENT_CONFIRMATION_OK"
2483,10407264795,10407264828,1,"IOTHUB_CLIENT_CONFIRMATION_OK"
2484,10407264995,10407265034,1,"IOTHUB_CLIENT_CONFIRMATION_OK"
2485,10407265195,10407265269,1,"IOTHUB_CLIENT_CONFIRMATION_OK"
2486,10407265395,10407265465,1,"IOTHUB_CLIENT_CONFIRMATION_OK"
2487,10407265595,10407265718,1,"IOTHUB_CLIENT_CONFIRMATION_OK"
2488,10407265795,10407265841,1,"IOTHUB_CLIENT_CONFIRMATION_OK"
2489,10407265996,10407266048,1,"IOTHUB_CLIENT_CONFIRMATION_OK"
2490,10407266196,10407266244,1,"IOTHUB_CLIENT_CONFIRMATION_OK"
2491,10407266396,10407266520,1,"IOTHUB_CLIENT_CONFIRMATION_OK"
2492,10407266596,10407266641,1,"IOTHUB_CLIENT_CONFIRMATION_OK"
2493,10407266796,10407266829,1,"IOTHUB_CLIENT_CONFIRMATION_OK"
2494,10407266996,10407267145,1,"IOTHUB_CLIENT_CONFIRMATION_OK"
2495,10407267196,10407267242,1,"IOTHUB_CLIENT_CONFIRMATION_OK"
2496,10407267397,10407267444,1,"IOTHUB_CLIENT_CONFIRMATION_OK"
2497,10407267597,10407267638,1,"IOTHUB_CLIENT_CONFIRMATION_OK"
2498,10407267797,10407267830,1,"IOTHUB_CLIENT_CONFIRMATION_OK"
2499,10407267997,10407268166,1,"IOTHUB_CLIENT_CONFIRMATION_OK"
2500,10407268197,10407268244,1,"IOTHUB_CLIENT_CONFIRMATION_OK"
2501,10407268397,10407268434,1,"IOTHUB_CLIENT_CONFIRMATION_OK"
2502,10407268598,10407268643,1,"IOTHUB_CLIENT_CONFIRMATION_OK"
2503,10407268798,10407268838,1,"IOTHUB_CLIENT_CONFIRMATION_OK"
2504,10407268998,10407269047,1,"IOTHUB_CLIENT_CONFIRMATION_OK"
2505,10407269198,10407269438,1,"IOTHUB_CLIENT_CONFIRMATION_OK"
2506,10407269398,10407269474,1,"IOTHUB_CLIENT_CONFIRMATION_OK"
2507,10407269598,10407269662,1,"IOTHUB_CLIENT_CONFIRMATION_OK"
2508,10407269799,10407269837,1,"IOTHUB_CLIENT_CONFIRMATION_OK"
2509,10407269999,10407270052,1,"IOTHUB_CLIENT_CONFIRMATION_OK"
2510,10407270199,10407270270,1,"IOTHUB_CLIENT_CONFIRMATION_OK"
2511,10407270399,10407270542,1,"IOTHUB_CLIENT_CONFIRMATION_OK"
2512,10407270599,10407270659,1,"IOTHUB_CLIENT_CONFIRMATION_OK"
2513,10407270799,10407270840,1,"IOTHUB_CLIENT_CONFIRMATION_OK"
2514,10407271000,10407271064,1,"IOTHUB_CLIENT_CONFIRMATION_OK"
2515,10407271200,10407271246,1,"IOTHUB_CLIENT_CONFIRMATION_OK"
2516,10407271400,10407271437,1,"IOTHUB_CLIENT_CONFIRMATION_OK"
2517,10407271600,10407271636,1,"IOTHUB_CLIENT_CONFIRMATION_OK"
2518,10407271800,10407271843,1,"IOTHUB_CLIENT_CONFIRMATION_OK"
2519,10407272000,10407272045,1,"IOTHUB_CLIENT_CONFIRMATION_OK"
2520,10407272201,10407272429,1,"IOTHUB_CLIENT_CONFIRMATION_OK"
2521,10407272401,10407272453,1,"IOTHUB_CLIENT_CONFIRMATION_OK"
2522,10407272601,10407272634,1,"IOTHUB_CLIENT_CONFIRMATION_OK"
2523,10407272801,10407272841,1,"IOTHUB_CLIENT_CONFIRMATION_OK"
2524,10407273001,10407273037,1,"IOTHUB_CLIENT_CONFIRMATION_OK"
2525,10407273201,10407273243,1,"IOTHUB_CLIENT_CONFIRMATION_OK"
2526,10407273402,10407273435,1,"IOTHUB_CLIENT_CONFIRMATION_OK"
2527,10407273602,10407273648,1,"IOTHUB_CLIENT_CONFIRMATION_OK"
2528,10407273802,10407273844,1,"IOTHUB_CLIENT_CONFIRMATION_OK"
2529,10407274002,10407274041,1,"IOTHUB_CLIENT_CONFIRMATION_OK"
2530,10407274202,10407274251,1,"IOTHUB_CLIENT_CONFIRMATION_OK"
2531,10407274402,10407274562,1,"IOTHUB_CLIENT_CONFIRMATION_OK"
2532,10407274602,10407274647,1,"IOTHUB_CLIENT_CONFIRMATION_OK"
2533,10407274803,10407274843,1,"IOTHUB_CLIENT_CONFIRMATION_OK"
2534,10407275003,10407275036,1,"IOTHUB_CLIENT_CONFIRMATION_OK"
2535,10407275203,10407275246,1,"IOTHUB_CLIENT_CONFIRMATION_OK"
2536,10407275403,10407275457,1,"IOTHUB_CLIENT_CONFIRMATION_OK"
2537,10407275603,10407275644,1,"IOTHUB_CLIENT_CONFIRMATION_OK"
2538,10407275803,10407275840,1,"IOTHUB_CLIENT_CONFIRMATION_OK"
2539,10407276004,10407276073,1,"IOTHUB_CLIENT_CONFIRMATION_OK"
2540,10407276204,10407276245,1,"IOTHUB_CLIENT_CONFIRMATION_OK"
2541,10407276404,10407276475,1,"IOTHUB_CLIENT_CONFIRMATION_OK"
2542,10407276604,10407276651,1,"IOTHUB_CLIENT_CONFIRMATION_OK"
2543,10407276804,10407276851,1,"IOTHUB_CLIENT_CONFIRMATION_OK"
2544,10407277004,10407277102,1,"IOTHUB_CLIENT_CONFIRMATION_OK"
2545,10407277204,10407277241,1,"IOTHUB_CLIENT_CONFIRMATION_OK"
2546,10407277405,10407277440,1,"IOTHUB_CLIENT_CONFIRMATION_OK"
2547,10407277605,10407277648,1,"IOTHUB_CLIENT_CONFIRMATION_OK"
2548,10407277805,10407277846,1,"IOTHUB_CLIENT_CONFIRMATION_OK"
2549,10407278005,10407278128,1,"IOTHUB_CLIENT_CONFIRMATION_OK"
2550,10407278205,10407278260,1,"IOTHUB_CLIENT_CONFIRMATION_OK"
2551,10407278405,10407278445,1,"IOTHUB_CLIENT_CONFIRMATION_OK"
2552,10407278606,10407278727,1,"IOTHUB_CLIENT_CONFIRMATION_OK"
2553,10407278806,10407278858,1,"IOTHUB_CLIENT_CONFIRMATION_OK"
2554,10407279006,10407279050,1,"IOTHUB_CLIENT_CONFIRMATION_OK"
2555,10407279206,10407279254,1,"IOTHUB_CLIENT_CONFIRMATION_OK"
2556,10407279406,10407279445,1,"IOTHUB_CLIENT_CONFIRMATION_OK"
2557,10407279606,10407279745,1,"IOTHUB_CLIENT_CONFIRMATION_OK"
2558,10407279807,10407279950,1,"IOTHUB_CLIENT_CONFIRMATION_OK"
2559,10407280007,10407280041,1,"IOTHUB_CLIENT_CONFIRMATION_OK"
2560,10407280207,10407280249,1,"IOTHUB_CLIENT_CONFIRMATION_OK"
2561,10407280407,10407280447,1,"IOTHUB_CLIENT_CONFIRMATION_OK"
2562,10407280607,10407280679,1,"IOTHUB_CLIENT_CONFIRMATION_OK"
2563,10407280807,10407280863,1,"IOTHUB_CLIENT_CONFIRMATION_OK"
2564,10407281007,10407281049,1,"IOTHUB_CLIENT_CONFIRMATION_OK"
2565,10407281208,10407281245,1,"IOTHUB_CLIENT_CONFIRMATION_OK"
2566,10407281408,10407281449,1,"IOTHUB_CLIENT_CONFIRMATION_OK"
2567,10407281608,10407281659,1,"IOTHUB_CLIENT_CONFIRMATION_OK"
2568,10407281808,10407281871,1,"IOTHUB_CLIENT_CONFIRMATION_OK"
2569,10407282008,10407282045,1,"IOTHUB_CLIENT_CONFIRMATION_OK"
2570,10407282208,10407282249,1,"IOTHUB_CLIENT_CONFIRMATION_OK"
2571,10407282409,10407282452,1,"IOTHUB_CLIENT_CONFIRMATION_OK"
2572,10407282609,10407282649,1,"IOTHUB_CLIENT_CONFIRMATION_OK"
2573,10407282809,10407282862,1,"IOTHUB_CLIENT_CONFIRMATION_OK"
2574,10407283009,10407283046,1,"IOTHUB_CLIENT_CONFIRMATION_OK"
2575,10407283209,10407283242,1,"IOTHUB_CLIENT_CONFIRMATION_OK"
2576,10407283409,10407283453,1,"IOTHUB_CLIENT_CONFIRMATION_OK"
2577,10407283609,10407283658,1,"IOTHUB_CLIENT_CONFIRMATION_OK"
2578,10407283810,10407283860,1,"IOTHUB_CLIENT_CONFIRMATION_OK"
2579,10407284010,10407284062,1,"IOTHUB_CLIENT_CONFIRMATION_OK"
2580,10407284210,10407284253,1,"IOTHUB_CLIENT_CONFIRMATION_OK"
2581,10407284410,10407284479,1,"IOTHUB_CLIENT_CONFIRMATION_OK"
2582,10407284610,10407284650,1,"IOTHUB_CLIENT_CONFIRMATION_OK"
2583,10407284810,10407284857,1,"IOTHUB_CLIENT_CONFIRMATION_OK"
2584,10407285011,10407285100,1,"IOTHUB_CLIENT_CONFIRMATION_OK"
2585,10407285211,10407285252,1,"IOTHUB_CLIENT_CONFIRMATION_OK"
2586,10407285411,10407285511,1,"IOTHUB_CLIENT_CONFIRMATION_OK"
2587,10407285611,10407285653,1,"IOTHUB_CLIENT_CONFIRMATION_OK"
2588,10407285811,10407285952,1,"IOTHUB_CLIENT_CONFIRMATION_OK"
2589,10407286011,10407286168,1,"IOTHUB_CLIENT_CONFIRMATION_OK"
2590,10407286212,10407286256,1,"IOTHUB_CLIENT_CONFIRMATION_OK"
2591,10407286412,10407286554,1,"IOTHUB_CLIENT_CONFIRMATION_OK"
2592,10407286612,10407286656,1,"IOTHUB_CLIENT_CONFIRMATION_OK"
2593,10407286812,10407286852,1,"IOTHUB_CLIENT_CONFIRMATION_OK"
2594,10407287012,10407287060,1,"IOTHUB_CLIENT_CONFIRMATION_OK"
2595,10407287212,10407287293,1,"IOTHUB_CLIENT_CONFIRMATION_OK"
2596,10407287412,10407287459,1,"IOTHUB_CLIENT_CONFIRMATION_OK"
2597,10407287613,10407287653,1,"IOTHUB_CLIENT_CONFIRMATION_OK"
2598,10407287813,10407287848,1,"IOTHUB_CLIENT_CONFIRMATION_OK"
2599,10407288013,10407288048,1,"IOTHUB_CLIENT_CONFIRMATION_OK"
2600,10407288213,10407288265,1,"IOTHUB_CLIENT_CONFIRMATION_OK"
2601,10407288413,10407288468,1,"IOTHUB_CLIENT_CONFIRMATION_OK"
2602,10407288613,10407288661,1,"IOTHUB_CLIENT_CONFIRMATION_OK"
2603,10407288814,10407288854,1,"IOTHUB_CLIENT_CONFIRMATION_OK"
2604,10407289014,10407289051,1,"IOTHUB_CLIENT_CONFIRMATION_OK"
2605,10407289214,10407289281,1,"IOTHUB_CLIENT_CONFIRMATION_OK"
2606,10407289414,10407289458,1,"IOTHUB_CLIENT_CONFIRMATION_OK"
2607,10407289614,10407289645,1,"IOTHUB_CLIENT_CONFIRMATION_OK"
2608,10407289814,10407289855,1,"IOTHUB_CLIENT_CONFIRMATION_OK"
2609,10407290015,10407290058,1,"IOTHUB_CLIENT_CONFIRMATION_OK"
2610,10407290215,10407290268,1,"IOTHUB_CLIENT_CONFIRMATION_OK"
2611,10407290415,10407290456,1,"IOTHUB_CLIENT_CONFIRMATION_OK"
2612,10407290615,10407290661,1,"IOTHUB_CLIENT_CONFIRMATION_OK"
2613,10407290815,10407290865,1,"IOTHUB_CLIENT_CONFIRMATION_OK"
2614,10407291015,10407291055,1,"IOTHUB_CLIENT_CONFIRMATION_OK"
2615,10407291215,10407291346,1,"IOTHUB_CLIENT_CONFIRMATION_OK"
2616,10407291416,10407291473,1,"IOTHUB_CLIENT_CONFIRMATION_OK"
2617,10407291616,10407291655,1,"IOTHUB_CLIENT_CONFIRMATION_OK"
2618,10407291816,10407291852,1,"IOTHUB_CLIENT_CONFIRMATION_OK"
2619,10407292016,10407292049,1,"IOTHUB_CLIENT_CONFIRMATION_OK"
2620,10407292216,10407292378,1,"IOTHUB_CLIENT_CONFIRMATION_OK"
2621,10407292416,10407292469,1,"IOTHUB_CLIENT_CONFIRMATION_OK"
2622,10407292617,10407292667,1,"IOTHUB_CLIENT_CONFIRMATION_OK"
2623,10407292817,10407292858,1,"IOTHUB_CLIENT_CONFIRMATION_OK"
2624,10407293017,10407293059,1,"IOTHUB_CLIENT_CONFIRMATION_OK"
2625,10407293217,10407293263,1,"IOTHUB_CLIENT_CONFIRMATION_OK"
2626,10407293417,10407293461,1,"IOTHUB_CLIENT_CONFIRMATION_OK"
2627,10407293617,10407293659,1,"IOTHUB_CLIENT_CONFIRMATION_OK"
2628,10407293818,10407294029,1,"IOTHUB_CLIENT_CONFIRMATION_OK"
2629,10407294018,10407294062,1,"IOTHUB_CLIENT_CONFIRMATION_OK"
2630,10407294218,10407294259,1,"IOTHUB_CLIENT_CONFIRMATION_OK"
2631,10407294418,10407294459,1,"IOTHUB_CLIENT_CONFIRMATION_OK"
2632,10407294618,10407294685,1,"IOTHUB_CLIENT_CONFIRMATION_OK"
2633,10407294818,10407294869,1,"IOTHUB_CLIENT_CONFIRMATION_OK"
2634,10407295018,10407295055,1,"IOTHUB_CLIENT_CONFIRMATION_OK"
2635,10407295219,10407295288,1,"IOTHUB_CLIENT_CONFIRMATION_OK"
2636,10407295419,10407295490,1,"IOTHUB_CLIENT_CONFIRMATION_OK"
2637,10407295619,10407295664,1,"IOTHUB_CLIENT_CONFIRMATION_OK"
2638,10407295819,10407295857,1,"IOTHUB_CLIENT_CONFIRMATION_OK"
2639,10407296019,10407296100,1,"IOTHUB_CLIENT_CONFIRMATION_OK"
2640,10407296219,10407296254,1,"IOTHUB_CLIENT_CONFIRMATION_OK"
2641,10407296420,10407296488,1,"IOTHUB_CLIENT_CONFIRMATION_OK"
2642,10407296620,10407296664,1,"IOTHUB_CLIENT_CONFIRMATION_OK"
2643,10407296820,10407296861,1,"IOTHUB_CLIENT_CONFIRMATION_OK"
2644,10407297020,10407297113,1,"IOTHUB_CLIENT_CONFIRMATION_OK"
2645,10407297220,10407297278,1,"IOTHUB_CLIENT_CONFIRMATION_OK"
2646,10407297420,10407297458,1,"IOTHUB_CLIENT_CONFIRMATION_OK"
2647,10407297620,10407297665,1,"IOTHUB_CLIENT_CONFIRMATION_OK"
2648,10407297821,10407297862,1,"IOTHUB_CLIENT_CONFIRMATION_OK"
2649,10407298021,10407298116,1,"IOTHUB_CLIENT_CONFIRMATION_OK"
2650,10407298221,10407298265,1,"IOTHUB_CLIENT_CONFIRMATION_OK"
2651,10407298421,10407298456,1,"IOTHUB_CLIENT_CONFIRMATION_OK"
2652,10407298621,10407298747,1,"IOTHUB_CLIENT_CONFIRMATION_OK"
2653,10407298821,10407298856,1,"IOTHUB_CLIENT_CONFIRMATION_OK"
2654,10407299022,10407299066,1,"IOTHUB_CLIENT_CONFIRMATION_OK"
2655,10407299222,10407299260,1,"IOTHUB_CLIENT_CONFIRMATION_OK"
2656,10407299422,10407299462,1,"IOTHUB_CLIENT_CONFIRMATION_OK"
2657,10407299622,10407299794,1,"IOTHUB_CLIENT_CONFIRMATION_OK"
2658,10407299822,10407299876,1,"IOTHUB_CLIENT_CONFIRMATION_OK"
2659,10407300022,10407300079,1,"IOTHUB_CLIENT_CONFIRMATION_OK"
2660,10407300223,10407300263,1,"IOTHUB_CLIENT_CONFIRMATION_OK"
2661,10407300423,10407300463,1,"IOTHUB_CLIENT_CONFIRMATION_OK"
2662,10407300623,10407300658,1,"IOTHUB_CLIENT_CONFIRMATION_OK"
2663,10407300823,10407300860,1,"IOTHUB_CLIENT_CONFIRMATION_OK"
2664,10407301023,10407301068,1,"IOTHUB_CLIENT_CONFIRMATION_OK"
2665,10407301223,10407301265,1,"IOTHUB_CLIENT_CONFIRMATION_OK"
2666,10407301424,10407301467,1,"IOTHUB_CLIENT_CONFIRMATION_OK"
2667,10407301624,10407301660,1,"IOTHUB_CLIENT_CONFIRMATION_OK"
2668,10407301824,10407301859,1,"IOTHUB_CLIENT_CONFIRMATION_OK"
2669,10407302024,10407302063,1,"IOTHUB_CLIENT_CONFIRMATION_OK"
2670,10407302224,10407302442,1,"IOTHUB_CLIENT_CONFIRMATION_OK"
2671,10407302424,10407302461,1,"IOTHUB_CLIENT_CONFIRMATION_OK"
2672,10407302624,10407302661,1,"IOTHUB_CLIENT_CONFIRMATION_OK"
2673,10407302825,10407302861,1,"IOTHUB_CLIENT_CONFIRMATION_OK"
2674,10407303025,10407303068,1,"IOTHUB_CLIENT_CONFIRMATION_OK"
2675,10407303225,10407303275,1,"IOTHUB_CLIENT_CONFIRMATION_OK"
2676,10407303425,10407303506,1,"IOTHUB_CLIENT_CONFIRMATION_OK"
2677,10407303625,10407303671,1,"IOTHUB_CLIENT_CONFIRMATION_OK"
2678,10407303825,10407303862,1,"IOTHUB_CLIENT_CONFIRMATION_OK"
2679,10407304026,10407304067,1,"IOTHUB_CLIENT_CONFIRMATION_OK"
2680,10407304226,10407304265,1,"IOTHUB_CLIENT_CONFIRMATION_OK"
2681,10407304426,10407304484,1,"IOTHUB_CLIENT_CONFIRMATION_OK"
2682,10407304626,10407304665,1,"IOTHUB_CLIENT_CONFIRMATION_OK"
2683,10407304826,10407304902,1,"IOTHUB_CLIENT_CONFIRMATION_OK"
2684,10407305026,10407305064,1,"IOTHUB_CLIENT_CONFIRMATION_OK"
2685,10407305227,10407305290,1,"IOTHUB_CLIENT_CONFIRMATION_OK"
2686,10407305427,10407305512,1,"IOTHUB_CLIENT_CONFIRMATION_OK"
2687,10407305627,10407305685,1,"IOTHUB_CLIENT_CONFIRMATION_OK"
2688,10407305827,10407305862,1,"IOTHUB_CLIENT_CONFIRMATION_OK"
2689,10407306027,10407306071,1,"IOTHUB_CLIENT_CONFIRMATION_OK"
2690,10407306227,10407306296,1,"IOTHUB_CLIENT_CONFIRMATION_OK"
2691,10407306427,10407306539,1,"IOTHUB_CLIENT_CONFIRMATION_OK"
2692,10407306628,10407306668,1,"IOTHUB_CLIENT_CONFIRMATION_OK"
2693,10407306828,10407306868,1,"IOTHUB_CLIENT_CONFIRMATION_OK"
2694,10407307028,10407307178,1,"IOTHUB_CLIENT_CONFIRMATION_OK"
2695,10407307228,10407307267,1,"IOTHUB_CLIENT_CONFIRMATION_OK"
2696,10407307428,10407307471,1,"IOTHUB_CLIENT_CONFIRMATION_OK"
2697,10407307628,10407307674,1,"IOTHUB_CLIENT_CONFIRMATION_OK"
2698,10407307829,10407307880,1,"IOTHUB_CLIENT_CONFIRMATION_OK"
2699,10407308029,10407308194,1,"IOTHUB_CLIENT_CONFIRMATION_OK"
2700,10407308229,10407308279,1,"IOTHUB_CLIENT_CONFIRMATION_OK"
2701,10407308429,10407308480,1,"IOTHUB_CLIENT_CONFIRMATION_OK"
2702,10407308629,10407308669,1,"IOTHUB_CLIENT_CONFIRMATION_OK"
2703,10407308829,10407308872,1,"IOTHUB_CLIENT_CONFIRMATION_OK"
2704,10407309030,10407309081,1,"IOTHUB_CLIENT_CONFIRMATION_OK"
2705,10407309230,10407309272,1,"IOTHUB_CLIENT_CONFIRMATION_OK"
2706,10407309430,10407309464,1,"IOTHUB_CLIENT_CONFIRMATION_OK"
2707,10407309630,10407309681,1,"IOTHUB_CLIENT_CONFIRMATION_OK"
2708,10407309830,10407309869,1,"IOTHUB_CLIENT_CONFIRMATION_OK"
2709,10407310030,10407310068,1,"IOTHUB_CLIENT_CONFIRMATION_OK"
2710,10407310230,10407310271,1,"IOTHUB_CLIENT_CONFIRMATION_OK"
2711,10407310431,10407310472,1,"IOTHUB_CLIENT_CONFIRMATION_OK"
2712,10407310631,10407310982,1,"IOTHUB_CLIENT_CONFIRMATION_OK"
2713,10407310831,10407311013,1,"IOTHUB_CLIENT_CONFIRMATION_OK"
2714,10407311031,10407311069,1,"IOTHUB_CLIENT_CONFIRMATION_OK"
2715,10407311231,10407311292,1,"IOTHUB_CLIENT_CONFIRMATION_OK"
2716,10407311431,10407311469,1,"IOTHUB_CLIENT_CONFIRMATION_OK"
2717,10407311632,10407311688,1,"IOTHUB_CLIENT_CONFIRMATION_OK"
2718,10407311832,10407311901,1,"IOTHUB_CLIENT_CONFIRMATION_OK"
2719,10407312032,10407312084,1,"IOTHUB_CLIENT_CONFIRMATION_OK"
2720,10407312232,10407312315,1,"IOTHUB_CLIENT_CONFIRMATION_OK"
2721,10407312432,10407312470,1,"IOTHUB_CLIENT_CONFIRMATION_OK"
2722,10407312632,10407312670,1,"IOTHUB_CLIENT_CONFIRMATION_OK"
2723,10407312833,10407312941,1,"IOTHUB_CLIENT_CONFIRMATION_OK"
2724,10407313033,10407313071,1,"IOTHUB_CLIENT_CONFIRMATION_OK"
2725,10407313233,10407313275,1,"IOTHUB_CLIENT_CONFIRMATION_OK"
2726,10407313433,10407313495,1,"IOTHUB_CLIENT_CONFIRMATION_OK"
2727,10407313633,10407313679,1,"IOTHUB_CLIENT_CONFIRMATION_OK"
2728,10407313833,10407313944,1,"IOTHUB_CLIENT_CONFIRMATION_OK"
2729,10407314034,10407314075,1,"IOTHUB_CLIENT_CONFIRMATION_OK"
2730,10407314234,10407314277,1,"IOTHUB_CLIENT_CONFIRMATION_OK"
2731,10407314434,10407314477,1,"IOTHUB_CLIENT_CONFIRMATION_OK"
2732,10407314634,10407314685,1,"IOTHUB_CLIENT_CONFIRMATION_OK"
2733,10407314834,10407314872,1,"IOTHUB_CLIENT_CONFIRMATION_OK"
2734,10407315034,10407315076,1,"IOTHUB_CLIENT_CONFIRMATION_OK"
2735,10407315234,10407315270,1,"IOTHUB_CLIENT_CONFIRMATION_OK"
2736,10407315435,10407315578,1,"IOTHUB_CLIENT_CONFIRMATION_OK"
2737,10407315635,10407315669,1,"IOTHUB_CLIENT_CONFIRMATION_OK"
2738,10407315835,10407315877,1,"IOTHUB_CLIENT_CONFIRMATION_OK"
2739,10407316035,10407316068,1,"IOTHUB_CLIENT_CONFIRMATION_OK"
2740,10407316235,10407316271,1,"IOTHUB_CLIENT_CONFIRMATION_OK"
2741,10407316435,10407316477,1,"IOTHUB_CLIENT_CONFIRMATION_OK"
2742,10407316636,10407316685,1,"IOTHUB_CLIENT_CONFIRMATION_OK"
2743,10407316836,10407316872,1,"IOTHUB_CLIENT_CONFIRMATION_OK"
2744,10407317036,10407317079,1,"IOTHUB_CLIENT_CONFIRMATION_OK"
2745,10407317236,10407317282,1,"IOTHUB_CLIENT_CONFIRMATION_OK"
2746,10407317436,10407317476,1,"IOTHUB_CLIENT_CONFIRMATION_OK"
2747,10407317636,10407317721,1,"IOTHUB_CLIENT_CONFIRMATION_OK"
2748,10407317837,10407317883,1,"IOTHUB_CLIENT_CONFIRMATION_OK"
2749,10407318037,10407318139,1,"IOTHUB_CLIENT_CONFIRMATION_OK"
2750,10407318237,10407318278,1,"IOTHUB_CLIENT_CONFIRMATION_OK"
2751,10407318437,10407318480,1,"IOTHUB_CLIENT_CONFIRMATION_OK"
2752,10407318637,10407318761,1,"IOTHUB_CLIENT_CONFIRMATION_OK"
2753,10407318837,10407318875,1,"IOTHUB_CLIENT_CONFIRMATION_OK"
2754,10407319037,10407319092,1,"IOTHUB_CLIENT_CONFIRMATION_OK"
2755,10407319238,10407319287,1,"IOTHUB_CLIENT_CONFIRMATION_OK"
2756,10407319438,10407319480,1,"IOTHUB_CLIENT_CONFIRMATION_OK"
2757,10407319638,10407319801,1,"IOTHUB_CLIENT_CONFIRMATION_OK"
2758,10407319838,10407319885,1,"IOTHUB_CLIENT_CONFIRMATION_OK"
2759,10407320038,10407320078,1,"IOTHUB_CLIENT_CONFIRMATION_OK"
2760,10407320239,10407320271,1,"IOTHUB_CLIENT_CONFIRMATION_OK"
2761,10407320439,10407320476,1,"IOTHUB_CLIENT_CONFIRMATION_OK"
2762,10407320639,10407320681,1,"IOTHUB_CLIENT_CONFIRMATION_OK"
2763,10407320839,10407320883,1,"IOTHUB_CLIENT_CONFIRMATION_OK"
2764,10407321039,10407321078,1,"IOTHUB_CLIENT_CONFIRMATION_OK"
2765,10407321239,10407321571,1,"IOTHUB_CLIENT_CONFIRMATION_OK"
2766,10407321439,10407321594,1,"IOTHUB_CLIENT_CONFIRMATION_OK"
2767,10407321640,10407321676,1,"IOTHUB_CLIENT_CONFIRMATION_OK"
2768,10407321840,10407321879,1,"IOTHUB_CLIENT_CONFIRMATION_OK"
2769,10407322040,10407322098,1,"IOTHUB_CLIENT_CONFIRMATION_OK"
2770,10407322240,10407322679,1,"IOTHUB_CLIENT_CONFIRMATION_OK"
2771,10407322440,10407322698,1,"IOTHUB_CLIENT_CONFIRMATION_OK"
2772,10407322640,10407322717,1,"IOTHUB_CLIENT_CONFIRMATION_OK"
2773,10407322841,10407322873,1,"IOTHUB_CLIENT_CONFIRMATION_OK"
2774,10407323041,10407323076,1,"IOTHUB_CLIENT_CONFIRMATION_OK"
2775,10407323241,10407323282,1,"IOTHUB_CLIENT_CONFIRMATION_OK"
2776,10407323441,10407323507,1,"IOTHUB_CLIENT_CONFIRMATION_OK"
2777,10407323641,10407323683,1,"IOTHUB_CLIENT_CONFIRMATION_OK"
2778,10407323841,10407323924,1,"IOTHUB_CLIENT_CONFIRMATION_OK"
2779,10407324042,10407324082,1,"IOTHUB_CLIENT_CONFIRMATION_OK"
2780,10407324242,10407324278,1,"IOTHUB_CLIENT_CONFIRMATION_OK"
2781,10407324442,10407324538,1,"IOTHUB_CLIENT_CONFIRMATION_OK"
2782,10407324642,10407324690,1,"IOTHUB_CLIENT_CONFIRMATION_OK"
2783,10407324842,10407324882,1,"IOTHUB_CLIENT_CONFIRMATION_OK"
2784,10407325042,10407325082,1,"IOTHUB_CLIENT_CONFIRMATION_OK"
2785,10407325242,10407325293,1,"IOTHUB_CLIENT_CONFIRMATION_OK"
2786,10407325443,10407325565,1,"IOTHUB_CLIENT_CONFIRMATION_OK"
2787,10407325643,10407325702,1,"IOTHUB_CLIENT_CONFIRMATION_OK"
2788,10407325843,10407325886,1,"IOTHUB_CLIENT_CONFIRMATION_OK"
2789,10407326043,10407326098,1,"IOTHUB_CLIENT_CONFIRMATION_OK"
2790,10407326243,10407326308,1,"IOTHUB_CLIENT_CONFIRMATION_OK"
2791,10407326443,10407326575,1,"IOTHUB_CLIENT_CONFIRMATION_OK"
2792,10407326644,10407326677,1,"IOTHUB_CLIENT_CONFIRMATION_OK"
2793,10407326844,10407326885,1,"IOTHUB_CLIENT_CONFIRMATION_OK"
2794,10407327044,10407327121,1,"IOTHUB_CLIENT_CONFIRMATION_OK"
2795,10407327244,10407327285,1,"IOTHUB_CLIENT_CONFIRMATION_OK"
2796,10407327444,10407327486,1,"IOTHUB_CLIENT_CONFIRMATION_OK"
2797,10407327644,10407327708,1,"IOTHUB_CLIENT_CONFIRMATION_OK"
2798,10407327845,10407327879,1,"IOTHUB_CLIENT_CONFIRMATION_OK"
2799,10407328045,10407328234,1,"IOTHUB_CLIENT_CONFIRMATION_OK"
2800,10407328245,10407328290,1,"IOTHUB_CLIENT_CONFIRMATION_OK"
2801,10407328445,10407328480,1,"IOTHUB_CLIENT_CONFIRMATION_OK"
2802,10407328645,10407328680,1,"IOTHUB_CLIENT_CONFIRMATION_OK"
2803,10407328845,10407328885,1,"IOTHUB_CLIENT_CONFIRMATION_OK"
2804,10407329046,10407329085,1,"IOTHUB_CLIENT_CONFIRMATION_OK"
2805,10407329246,10407329280,1,"IOTHUB_CLIENT_CONFIRMATION_OK"
2806,10407329446,10407329488,1,"IOTHUB_CLIENT_CONFIRMATION_OK"
2807,10407329646,10407329686,1,"IOTHUB_CLIENT_CONFIRMATION_OK"
2808,10407329846,10407329901,1,"IOTHUB_CLIENT_CONFIRMATION_OK"
2809,10407330046,10407330091,1,"IOTHUB_CLIENT_CONFIRMATION_OK"
2810,10407330247,10407330284,1,"IOTHUB_CLIENT_CONFIRMATION_OK"
2811,10407330447,10407330488,1,"IOTHUB_CLIENT_CONFIRMATION_OK"
2812,10407330647,10407330682,1,"IOTHUB_CLIENT_CONFIRMATION_OK"
2813,10407330847,10407330984,1,"IOTHUB_CLIENT_CONFIRMATION_OK"
2814,10407331047,10407331090,1,"IOTHUB_CLIENT_CONFIRMATION_OK"
2815,10407331247,10407331299,1,"IOTHUB_CLIENT_CONFIRMATION_OK"
2816,10407331447,10407331490,1,"IOTHUB_CLIENT_CONFIRMATION_OK"
2817,10407331648,10407331682,1,"IOTHUB_CLIENT_CONFIRMATION_OK"
2818,10407331848,10407331930,1,"IOTHUB_CLIENT_CONFIRMATION_OK"
2819,10407332048,10407332087,1,"IOTHUB_CLIENT_CONFIRMATION_OK"
2820,10407332248,10407332334,1,"IOTHUB_CLIENT_CONFIRMATION_OK"
2821,10407332448,10407332490,1,"IOTHUB_CLIENT_CONFIRMATION_OK"
2822,10407332648,10407332682,1,"IOTHUB_CLIENT_CONFIRMATION_OK"
2823,10407332849,10407332943,1,"IOTHUB_CLIENT_CONFIRMATION_OK"
2824,10407333049,10407333091,1,"IOTHUB_CLIENT_CONFIRMATION_OK"
2825,10407333249,10407333289,1,"IOTHUB_CLIENT_CONFIRMATION_OK"
2826,10407333449,10407333503,1,"IOTHUB_CLIENT_CONFIRMATION_OK"
2827,10407333649,10407333692,1,"IOTHUB_CLIENT_CONFIRMATION_OK"
2828,10407333849,10407333972,1,"IOTHUB_CLIENT_CONFIRMATION_OK"
2829,10407334050,10407334090,1,"IOTHUB_CLIENT_CONFIRMATION_OK"
2830,10407334250,10407334299,1,"IOTHUB_CLIENT_CONFIRMATION_OK"
2831,10407334450,10407334485,1,"IOTHUB_CLIENT_CONFIRMATION_OK"
2832,10407334650,10407334688,1,"IOTHUB_CLIENT_CONFIRMATION_OK"
2833,10407334850,10407334896,1,"IOTHUB_CLIENT_CONFIRMATION_OK"
2834,10407335050,10407335088,1,"IOTHUB_CLIENT_CONFIRMATION_OK"
2835,10407335251,10407335289,1,"IOTHUB_CLIENT_CONFIRMATION_OK"
2836,10407335451,10407335618,1,"IOTHUB_CLIENT_CONFIRMATION_OK"
2837,10407335651,10407335692,1,"IOTHUB_CLIENT_CONFIRMATION_OK"
2838,10407335851,10407335906,1,"IOTHUB_CLIENT_CONFIRMATION_OK"
2839,10407336051,10407336114,1,"IOTHUB_CLIENT_CONFIRMATION_OK"
2840,10407336251,10407336291,1,"IOTHUB_CLIENT_CONFIRMATION_OK"
2841,10407336452,10407336610,1,"IOTHUB_CLIENT_CONFIRMATION_OK"
2842,10407336652,10407336687,1,"IOTHUB_CLIENT_CONFIRMATION_OK"
2843,10407336852,10407336946,1,"IOTHUB_CLIENT_CONFIRMATION_OK"
2844,10407337052,10407337089,1,"IOTHUB_CLIENT_CONFIRMATION_OK"
2845,10407337252,10407337300,1,"IOTHUB_CLIENT_CONFIRMATION_OK"
2846,10407337452,10407337484,1,"IOTHUB_CLIENT_CONFIRMATION_OK"
2847,10407337653,10407337689,1,"IOTHUB_CLIENT_CONFIRMATION_OK"
2848,10407337853,10407337904,1,"IOTHUB_CLIENT_CONFIRMATION_OK"
2849,10407338053,10407338247,1,"IOTHUB_CLIENT_CONFIRMATION_OK"
2850,10407338253,10407338304,1,"IOTHUB_CLIENT_CONFIRMATION_OK"
2851,10407338453,10407338483,1,"IOTHUB_CLIENT_CONFIRMATION_OK"
2852,10407338653,10407338688,1,"IOTHUB_CLIENT_CONFIRMATION_OK"
2853,10407338854,10407338896,1,"IOTHUB_CLIENT_CONFIRMATION_OK"
2854,10407339054,10407339085,1,"IOTHUB_CLIENT_CONFIRMATION_OK"
2855,10407339254,10407339288,1,"IOTHUB_CLIENT_CONFIRMATION_OK"
2856,10407339454,10407339484,1,"IOTHUB_CLIENT_CONFIRMATION_OK"
2857,10407339654,10407339691,1,"IOTHUB_CLIENT_CONFIRMATION_OK"
2858,10407339854,10407339907,1,"IOTHUB_CLIENT_CONFIRMATION_OK"
2859,10407340055,10407340099,1,"IOTHUB_CLIENT_CONFIRMATION_OK"
2860,10407340255,10407340296,1,"IOTHUB_CLIENT_CONFIRMATION_OK"
2861,10407340455,10407340500,1,"IOTHUB_CLIENT_CONFIRMATION_OK"
2862,10407340655,10407340694,1,"IOTHUB_CLIENT_CONFIRMATION_OK"
2863,10407340855,10407340898,1,"IOTHUB_CLIENT_CONFIRMATION_OK"
2864,10407341055,10407341106,1,"IOTHUB_CLIENT_CONFIRMATION_OK"
2865,10407341256,10407341303,1,"IOTHUB_CLIENT_CONFIRMATION_OK"
2866,10407341456,10407341498,1,"IOTHUB_CLIENT_CONFIRMATION_OK"
2867,10407341656,10407341783,1,"IOTHUB_CLIENT_CONFIRMATION_OK"
2868,10407341856,10407341891,1,"IOTHUB_CLIENT_CONFIRMATION_OK"
2869,10407342056,10407342095,1,"IOTHUB_CLIENT_CONFIRMATION_OK"
2870,10407342256,10407342393,1,"IOTHUB_CLIENT_CONFIRMATION_OK"
2871,10407342457,10407342495,1,"IOTHUB_CLIENT_CONFIRMATION_OK"
2872,10407342657,10407342696,1,"IOTHUB_CLIENT_CONFIRMATION_OK"
2873,10407342857,10407342900,1,"IOTHUB_CLIENT_CONFIRMATION_OK"
2874,10407343057,10407343097,1,"IOTHUB_CLIENT_CONFIRMATION_OK"
2875,10407343257,10407343297,1,"IOTHUB_CLIENT_CONFIRMATION_OK"
2876,10407343457,10407343518,1,"IOTHUB_CLIENT_CONFIRMATION_OK"
2877,10407343658,10407343707,1,"IOTHUB_CLIENT_CONFIRMATION_OK"
2878,10407343858,10407344052,1,"IOTHUB_CLIENT_CONFIRMATION_OK"
2879,10407344058,10407344100,1,"IOTHUB_CLIENT_CONFIRMATION_OK"
2880,10407344258,10407344295,1,"IOTHUB_CLIENT_CONFIRMATION_OK"
2881,10407344458,10407344498,1,"IOTHUB_CLIENT_CONFIRMATION_OK"
2882,10407344658,10407344702,1,"IOTHUB_CLIENT_CONFIRMATION_OK"
2883,10407344859,10407344900,1,"IOTHUB_CLIENT_CONFIRMATION_OK"
2884,10407345059,10407345096,1,"IOTHUB_CLIENT_CONFIRMATION_OK"
2885,10407345259,10407345298,1,"IOTHUB_CLIENT_CONFIRMATION_OK"
2886,10407345459,10407345499,1,"IOTHUB_CLIENT_CONFIRMATION_OK"
2887,10407345659,10407345697,1,"IOTHUB_CLIENT_CONFIRMATION_OK"
2888,10407345859,10407345901,1,"IOTHUB_CLIENT_CONFIRMATION_OK"
2889,10407346060,10407346152,1,"IOTHUB_CLIENT_CONFIRMATION_OK"
2890,10407346260,10407346299,1,"IOTHUB_CLIENT_CONFIRMATION_OK"
2891,10407346460,10407346703,1,"IOTHUB_CLIENT_CONFIRMATION_OK"
2892,10407346660,10407346726,1,"IOTHUB_CLIENT_CONFIRMATION_OK"
2893,10407346860,10407346903,1,"IOTHUB_CLIENT_CONFIRMATION_OK"
2894,10407347060,10407347125,1,"IOTHUB_CLIENT_CONFIRMATION_OK"
2895,10407347261,10407347296,1,"IOTHUB_CLIENT_CONFIRMATION_OK"
2896,10407347461,10407347497,1,"IOTHUB_CLIENT_CONFIRMATION_OK"
2897,10407347661,10407347731,1,"IOTHUB_CLIENT_CONFIRMATION_OK"
2898,10407347861,10407347905,1,"IOTHUB_CLIENT_CONFIRMATION_OK"
2899,10407348061,10407348133,1,"IOTHUB_CLIENT_CONFIRMATION_OK"
2900,10407348261,10407348306,1,"IOTHUB_CLIENT_CONFIRMATION_OK"
2901,10407348462,10407348504,1,"IOTHUB_CLIENT_CONFIRMATION_OK"
2902,10407348662,10407348742,1,"IOTHUB_CLIENT_CONFIRMATION_OK"
2903,10407348862,10407348903,1,"IOTHUB_CLIENT_CONFIRMATION_OK"
2904,10407349062,10407349099,1,"IOTHUB_CLIENT_CONFIRMATION_OK"
2905,10407349262,10407349321,1,"IOTHUB_CLIENT_CONFIRMATION_OK"
2906,10407349462,10407349507,1,"IOTHUB_CLIENT_CONFIRMATION_OK"
2907,10407349663,10407349762,1,"IOTHUB_CLIENT_CONFIRMATION_OK"
2908,10407349863,10407349902,1,"IOTHUB_CLIENT_CONFIRMATION_OK"
2909,10407350063,10407350108,1,"IOTHUB_CLIENT_CONFIRMATION_OK"
2910,10407350263,10407350383,1,"IOTHUB_CLIENT_CONFIRMATION_OK"
2911,10407350463,10407350504,1,"IOTHUB_CLIENT_CONFIRMATION_OK"
2912,10407350663,10407350712,1,"IOTHUB_CLIENT_CONFIRMATION_OK"
2913,10407350864,10407351015,1,"IOTHUB_CLIENT_CONFIRMATION_OK"
2914,10407351064,10407351107,1,"IOTHUB_CLIENT_CONFIRMATION_OK"
2915,10407351264,10407351343,1,"IOTHUB_CLIENT_CONFIRMATION_OK"
2916,10407351464,10407351500,1,"IOTHUB_CLIENT_CONFIRMATION_OK"
2917,10407351664,10407351700,1,"IOTHUB_CLIENT_CONFIRMATION_OK"
2918,10407351864,10407351903,1,"IOTHUB_CLIENT_CONFIRMATION_OK"
2919,10407352065,10407352095,1,"IOTHUB_CLIENT_CONFIRMATION_OK"
2920,10407352265,10407352433,1,"IOTHUB_CLIENT_CONFIRMATION_OK"
2921,10407352465,10407352532,1,"IOTHUB_CLIENT_CONFIRMATION_OK"
2922,10407352665,10407352710,1,"IOTHUB_CLIENT_CONFIRMATION_OK"
2923,10407352865,10407352903,1,"IOTHUB_CLIENT_CONFIRMATION_OK"
2924,10407353065,10407353101,1,"IOTHUB_CLIENT_CONFIRMATION_OK"
2925,10407353266,10407353306,1,"IOTHUB_CLIENT_CONFIRMATION_OK"
2926,10407353466,10407353507,1,"IOTHUB_CLIENT_CONFIRMATION_OK"
2927,10407353666,10407353722,1,"IOTHUB_CLIENT_CONFIRMATION_OK"
2928,10407353866,10407353901,1,"IOTHUB_CLIENT_CONFIRMATION_OK"
2929,10407354066,10407354103,1,"IOTHUB_CLIENT_CONFIRMATION_OK"
2930,10407354266,10407354315,1,"IOTHUB_CLIENT_CONFIRMATION_OK"
2931,10407354467,10407354524,1,"IOTHUB_CLIENT_CONFIRMATION_OK"
2932,10407354667,10407354701,1,"IOTHUB_CLIENT_CONFIRMATION_OK"
2933,10407354867,10407354910,1,"IOTHUB_CLIENT_CONFIRMATION_OK"
2934,10407355067,10407355123,1,"IOTHUB_CLIENT_CONFIRMATION_OK"
2935,10407355267,10407355302,1,"IOTHUB_CLIENT_CONFIRMATION_OK"
2936,10407355467,10407355503,1,"IOTHUB_CLIENT_CONFIRMATION_OK"
2937,10407355668,10407355722,1,"IOTHUB_CLIENT_CONFIRMATION_OK"
2938,10407355868,10407355906,1,"IOTHUB_CLIENT_CONFIRMATION_OK"
2939,10407356068,10407356116,1,"IOTHUB_CLIENT_CONFIRMATION_OK"
2940,10407356268,10407356306,1,"IOTHUB_CLIENT_CONFIRMATION_OK"
2941,10407356468,10407356538,1,"IOTHUB_CLIENT_CONFIRMATION_OK"
2942,10407356668,10407356750,1,"IOTHUB_CLIENT_CONFIRMATION_OK"
2943,10407356869,10407356933,1,"IOTHUB_CLIENT_CONFIRMATION_OK"
2944,10407357069,10407357167,1,"IOTHUB_CLIENT_CONFIRMATION_OK"
2945,10407357269,10407357303,1,"IOTHUB_CLIENT_CONFIRMATION_OK"
2946,10407357469,10407357505,1,"IOTHUB_CLIENT_CONFIRMATION_OK"
2947,10407357669,10407357711,1,"IOTHUB_CLIENT_CONFIRMATION_OK"
2948,10407357869,10407357910,1,"IOTHUB_CLIENT_CONFIRMATION_OK"
2949,10407358070,10407358177,1,"IOTHUB_CLIENT_CONFIRMATION_OK"
2950,10407358270,10407358311,1,"IOTHUB_CLIENT_CONFIRMATION_OK"
2951,10407358470,10407358545,1,"IOTHUB_CLIENT_CONFIRMATION_OK"
2952,10407358670,10407358800,1,"IOTHUB_CLIENT_CONFIRMATION_OK"
2953,10407358870,10407358909,1,"IOTHUB_CLIENT_CONFIRMATION_OK"
2954,10407359070,10407359133,1,"IOTHUB_CLIENT_CONFIRMATION_OK"
2955,10407359271,10407359303,1,"IOTHUB_CLIENT_CONFIRMATION_OK"
2956,10407359471,10407359506,1,"IOTHUB_CLIENT_CONFIRMATION_OK"
2957,10407359671,10407359815,1,"IOTHUB_CLIENT_CONFIRMATION_OK"
2958,10407359871,10407359908,1,"IOTHUB_CLIENT_CONFIRMATION_OK"
2959,10407360071,10407360113,1,"IOTHUB_CLIENT_CONFIRMATION_OK"
2960,10407360271,10407360309,1,"IOTHUB_CLIENT_CONFIRMATION_OK"
2961,10407360472,10407360508,1,"IOTHUB_CLIENT_CONFIRMATION_OK"
2962,10407360672,10407360726,1,"IOTHUB_CLIENT_CONFIRMATION_OK"
2963,10407360872,10407360907,1,"IOTHUB_CLIENT_CONFIRMATION_OK"
2964,10407361072,10407361116,1,"IOTHUB_CLIENT_CONFIRMATION_OK"
2965,10407361272,10407361440,1,"IOTHUB_CLIENT_CONFIRMATION_OK"
2966,10407361472,10407361510,1,"IOTHUB_CLIENT_CONFIRMATION_OK"
2967,10407361673,10407361711,1,"IOTHUB_CLIENT_CONFIRMATION_OK"
2968,10407361873,10407361917,1,"IOTHUB_CLIENT_CONFIRMATION_OK"
2969,10407362073,10407362101,1,"IOTHUB_CLIENT_CONFIRMATION_OK"
2970,10407362273,10407362448,1,"IOTHUB_CLIENT_CONFIRMATION_OK"
2971,10407362473,10407362509,1,"IOTHUB_CLIENT_CONFIRMATION_OK"
2972,10407362673,10407362711,1,"IOTHUB_CLIENT_CONFIRMATION_OK"
2973,10407362874,10407362918,1,"IOTHUB_CLIENT_CONFIRMATION_OK"
2974,10407363074,10407363120,1,"IOTHUB_CLIENT_CONFIRMATION_OK"
2975,10407363274,10407363312,1,"IOTHUB_CLIENT_CONFIRMATION_OK"
2976,10407363474,10407363521,1,"IOTHUB_CLIENT_CONFIRMATION_OK"
2977,10407363674,10407363713,1,"IOTHUB_CLIENT_CONFIRMATION_OK"
2978,10407363874,10407363914,1,"IOTHUB_CLIENT_CONFIRMATION_OK"
2979,10407364075,10407364116,1,"IOTHUB_CLIENT_CONFIRMATION_OK"
2980,10407364275,10407364311,1,"IOTHUB_CLIENT_CONFIRMATION_OK"
2981,10407364475,10407365009,1,"IOTHUB_CLIENT_CONFIRMATION_OK"
2982,10407364675,10407365152,1,"IOTHUB_CLIENT_CONFIRMATION_OK"
2983,10407364875,10407365197,1,"IOTHUB_CLIENT_CONFIRMATION_OK"
2984,10407365075,10407365265,1,"IOTHUB_CLIENT_CONFIRMATION_OK"
2985,10407365276,10407365322,1,"IOTHUB_CLIENT_CONFIRMATION_OK"
2986,10407365476,10407365511,1,"IOTHUB_CLIENT_CONFIRMATION_OK"
2987,10407365676,10407365707,1,"IOTHUB_CLIENT_CONFIRMATION_OK"
2988,10407365876,10407365916,1,"IOTHUB_CLIENT_CONFIRMATION_OK"
2989,10407366076,10407366116,1,"IOTHUB_CLIENT_CONFIRMATION_OK"
2990,10407366276,10407366324,1,"IOTHUB_CLIENT_CONFIRMATION_OK"
2991,10407366477,10407366519,1,"IOTHUB_CLIENT_CONFIRMATION_OK"
2992,10407366677,10407366714,1,"IOTHUB_CLIENT_CONFIRMATION_OK"
2993,10407366877,10407366919,1,"IOTHUB_CLIENT_CONFIRMATION_OK"
2994,10407367077,10407367140,1,"IOTHUB_CLIENT_CONFIRMATION_OK"
2995,10407367277,10407367319,1,"IOTHUB_CLIENT_CONFIRMATION_OK"
2996,10407367477,10407367528,1,"IOTHUB_CLIENT_CONFIRMATION_OK"
2997,10407367678,10407367747,1,"IOTHUB_CLIENT_CONFIRMATION_OK"
2998,10407367878,10407367936,1,"IOTHUB_CLIENT_CONFIRMATION_OK"
2999,10407368078,10407368204,1,"IOTHUB_CLIENT_CONFIRMATION_OK"
3000,10407368278,10407368317,1,"IOTHUB_CLIENT_CONFIRMATION_OK"
3001,10407368478,10407368519,1,"IOTHUB_CLIENT_CONFIRMATION_OK"
3002,10407368678,10407368809,1,"IOTHUB_CLIENT_CONFIRMATION_OK"
3003,10407368878,10407368924,1,"IOTHUB_CLIENT_CONFIRMATION_OK"
3004,10407369079,10407369128,1,"IOTHUB_CLIENT_CONFIRMATION_OK"
3005,10407369279,10407369324,1,"IOTHUB_CLIENT_CONFIRMATION_OK"
3006,10407369479,10407369516,1,"IOTHUB_CLIENT_CONFIRMATION_OK"
3007,10407369679,10407369782,1,"IOTHUB_CLIENT_CONFIRMATION_OK"
3008,10407369879,10407369916,1,"IOTHUB_CLIENT_CONFIRMATION_OK"
3009,10407370080,10407370123,1,"IOTHUB_CLIENT_CONFIRMATION_OK"
3010,10407370280,10407370391,1,"IOTHUB_CLIENT_CONFIRMATION_OK"
3011,10407370480,10407370519,1,"IOTHUB_CLIENT_CONFIRMATION_OK"
3012,10407370680,10407370719,1,"IOTHUB_CLIENT_CONFIRMATION_OK"
3013,10407370880,10407370920,1,"IOTHUB_CLIENT_CONFIRMATION_OK"
3014,10407371080,10407371122,1,"IOTHUB_CLIENT_CONFIRMATION_OK"
3015,10407371280,10407371412,1,"IOTHUB_CLIENT_CONFIRMATION_OK"
3016,10407371481,10407371524,1,"IOTHUB_CLIENT_CONFIRMATION_OK"
3017,10407371681,10407371720,1,"IOTHUB_CLIENT_CONFIRMATION_OK"
3018,10407371881,10407371935,1,"IOTHUB_CLIENT_CONFIRMATION_OK"
3019,10407372081,10407372125,1,"IOTHUB_CLIENT_CONFIRMATION_OK"
3020,10407372281,10407372463,1,"IOTHUB_CLIENT_CONFIRMATION_OK"
3021,10407372481,10407372545,1,"IOTHUB_CLIENT_CONFIRMATION_OK"
3022,10407372681,10407372718,1,"IOTHUB_CLIENT_CONFIRMATION_OK"
3023,10407372882,10407372913,1,"IOTHUB_CLIENT_CONFIRMATION_OK"
3024,10407373082,10407373136,1,"IOTHUB_CLIENT_CONFIRMATION_OK"
3025,10407373282,10407373339,1,"IOTHUB_CLIENT_CONFIRMATION_OK"
3026,10407373482,10407373532,1,"IOTHUB_CLIENT_CONFIRMATION_OK"
3027,10407373682,10407373732,1,"IOTHUB_CLIENT_CONFIRMATION_OK"
3028,10407373882,10407373940,1,"IOTHUB_CLIENT_CONFIRMATION_OK"
3029,10407374083,10407374125,1,"IOTHUB_CLIENT_CONFIRMATION_OK"
3030,10407374283,10407374329,1,"IOTHUB_CLIENT_CONFIRMATION_OK"
3031,10407374483,10407374548,1,"IOTHUB_CLIENT_CONFIRMATION_OK"
3032,10407374683,10407374750,1,"IOTHUB_CLIENT_CONFIRMATION_OK"
3033,10407374883,10407374931,1,"IOTHUB_CLIENT_CONFIRMATION_OK"
3034,10407375083,10407375131,1,"IOTHUB_CLIENT_CONFIRMATION_OK"
3035,10407375284,10407375319,1,"IOTHUB_CLIENT_CONFIRMATION_OK"
3036,10407375484,10407375557,1,"IOTHUB_CLIENT_CONFIRMATION_OK"
3037,10407375684,10407375748,1,"IOTHUB_CLIENT_CONFIRMATION_OK"
3038,10407375884,10407375925,1,"IOTHUB_CLIENT_CONFIRMATION_OK"
3039,10407376084,10407376170,1,"IOTHUB_CLIENT_CONFIRMATION_OK"
3040,10407376284,10407376340,1,"IOTHUB_CLIENT_CONFIRMATION_OK"
3041,10407376485,10407376564,1,"IOTHUB_CLIENT_CONFIRMATION_OK"
3042,10407376685,10407376743,1,"IOTHUB_CLIENT_CONFIRMATION_OK"
3043,10407376885,10407376996,1,"IOTHUB_CLIENT_CONFIRMATION_OK"
3044,10407377085,10407377186,1,"IOTHUB_CLIENT_CONFIRMATION_OK"
3045,10407377285,10407377322,1,"IOTHUB_CLIENT_CONFIRMATION_OK"
3046,10407377485,10407377517,1,"IOTHUB_CLIENT_CONFIRMATION_OK"
3047,10407377685,10407377730,1,"IOTHUB_CLIENT_CONFIRMATION_OK"
3048,10407377886,10407377921,1,"IOTHUB_CLIENT_CONFIRMATION_OK"
3049,10407378086,10407378201,1,"IOTHUB_CLIENT_CONFIRMATION_OK"
3050,10407378286,10407378332,1,"IOTHUB_CLIENT_CONFIRMATION_OK"
3051,10407378486,10407378540,1,"IOTHUB_CLIENT_CONFIRMATION_OK"
3052,10407378686,10407378842,1,"IOTHUB_CLIENT_CONFIRMATION_OK"
3053,10407378886,10407378927,1,"IOTHUB_CLIENT_CONFIRMATION_OK"
3054,10407379087,10407379125,1,"IOTHUB_CLIENT_CONFIRMATION_OK"
3055,10407379287,10407379325,1,"IOTHUB_CLIENT_CONFIRMATION_OK"
3056,10407379487,10407379558,1,"IOTHUB_CLIENT_CONFIRMATION_OK"
3057,10407379687,10407379838,1,"IOTHUB_CLIENT_CONFIRMATION_OK"
3058,10407379887,10407379926,1,"IOTHUB_CLIENT_CONFIRMATION_OK"
3059,10407380087,10407380121,1,"IOTHUB_CLIENT_CONFIRMATION_OK"
3060,10407380288,10407380319,1,"IOTHUB_CLIENT_CONFIRMATION_OK"
3061,10407380488,10407380521,1,"IOTHUB_CLIENT_CONFIRMATION_OK"
3062,10407380688,10407380725,1,"IOTHUB_CLIENT_CONFIRMATION_OK"
3063,10407380888,10407380939,1,"IOTHUB_CLIENT_CONFIRMATION_OK"
3064,10407381088,10407381131,1,"IOTHUB_CLIENT_CONFIRMATION_OK"
3065,10407381288,10407381324,1,"IOTHUB_CLIENT_CONFIRMATION_OK"
3066,10407381489,10407381528,1,"IOTHUB_CLIENT_CONFIRMATION_OK"
3067,10407381689,10407381858,1,"IOTHUB_CLIENT_CONFIRMATION_OK"
3068,10407381889,10407381925,1,"IOTHUB_CLIENT_CONFIRMATION_OK"
3069,10407382089,10407382122,1,"IOTHUB_CLIENT_CONFIRMATION_OK"
3070,10407382289,10407382496,1,"IOTHUB_CLIENT_CONFIRMATION_OK"
3071,10407382489,10407382523,1,"IOTHUB_CLIENT_CONFIRMATION_OK"
3072,10407382689,10407382725,1,"IOTHUB_CLIENT_CONFIRMATION_OK"
3073,10407382890,10407382928,1,"IOTHUB_CLIENT_CONFIRMATION_OK"
3074,10407383090,10407383120,1,"IOTHUB_CLIENT_CONFIRMATION_OK"
3075,10407383290,10407383339,1,"IOTHUB_CLIENT_CONFIRMATION_OK"
3076,10407383490,10407383527,1,"IOTHUB_CLIENT_CONFIRMATION_OK"
3077,10407383690,10407383731,1,"IOTHUB_CLIENT_CONFIRMATION_OK"
3078,10407383890,10407383988,1,"IOTHUB_CLIENT_CONFIRMATION_OK"
3079,10407384091,10407384122,1,"IOTHUB_CLIENT_CONFIRMATION_OK"
3080,10407384291,10407384327,1,"IOTHUB_CLIENT_CONFIRMATION_OK"
3081,10407384491,10407384590,1,"IOTHUB_CLIENT_CONFIRMATION_OK"
3082,10407384691,10407384734,1,"IOTHUB_CLIENT_CONFIRMATION_OK"
3083,10407384891,10407384932,1,"IOTHUB_CLIENT_CONFIRMATION_OK"
3084,10407385091,10407385137,1,"IOTHUB_CLIENT_CONFIRMATION_OK"
3085,10407385292,10407385327,1,"IOTHUB_CLIENT_CONFIRMATION_OK"
3086,10407385492,10407385625,1,"IOTHUB_CLIENT_CONFIRMATION_OK"
3087,10407385692,10407385731,1,"IOTHUB_CLIENT_CONFIRMATION_OK"
3088,10407385892,10407385951,1,"IOTHUB_CLIENT_CONFIRMATION_OK"
3089,10407386092,10407386137,1,"IOTHUB_CLIENT_CONFIRMATION_OK"
3090,10407386292,10407386363,1,"IOTHUB_CLIENT_CONFIRMATION_OK"
3091,10407386492,10407386710,1,"IOTHUB_CLIENT_CONFIRMATION_OK"
3092,10407386693,10407386750,1,"IOTHUB_CLIENT_CONFIRMATION_OK"
3093,10407386893,10407386945,1,"IOTHUB_CLIENT_CONFIRMATION_OK"
3094,10407387093,10407387130,1,"IOTHUB_CLIENT_CONFIRMATION_OK"
3095,10407387293,10407387337,1,"IOTHUB_CLIENT_CONFIRMATION_OK"
3096,10407387493,10407387532,1,"IOTHUB_CLIENT_CONFIRMATION_OK"
3097,10407387693,10407387776,1,"IOTHUB_CLIENT_CONFIRMATION_OK"
3098,10407387894,10407387962,1,"IOTHUB_CLIENT_CONFIRMATION_OK"
3099,10407388094,10407388167,1,"IOTHUB_CLIENT_CONFIRMATION_OK"
3100,10407388294,10407388353,1,"IOTHUB_CLIENT_CONFIRMATION_OK"
3101,10407388494,10407388534,1,"IOTHUB_CLIENT_CONFIRMATION_OK"
3102,10407388694,10407388780,1,"IOTHUB_CLIENT_CONFIRMATION_OK"
3103,10407388894,10407388966,1,"IOTHUB_CLIENT_CONFIRMATION_OK"
3104,10407389095,10407389131,1,"IOTHUB_CLIENT_CONFIRMATION_OK"
3105,10407389295,10407389350,1,"IOTHUB_CLIENT_CONFIRMATION_OK"
3106,10407389495,10407389549,1,"IOTHUB_CLIENT_CONFIRMATION_OK"
3107,10407389695,10407389848,1,"IOTHUB_CLIENT_CONFIRMATION_OK"
3108,10407389895,10407389954,1,"IOTHUB_CLIENT_CONFIRMATION_OK"
3109,10407390095,10407390132,1,"IOTHUB_CLIENT_CONFIRMATION_OK"
3110,10407390296,10407390330,1,"IOTHUB_CLIENT_CONFIRMATION_OK"
3111,10407390496,10407390538,1,"IOTHUB_CLIENT_CONFIRMATION_OK"
3112,10407390696,10407390737,1,"IOTHUB_CLIENT_CONFIRMATION_OK"
3113,10407390896,10407390938,1,"IOTHUB_CLIENT_CONFIRMATION_OK"
3114,10407391096,10407391131,1,"IOTHUB_CLIENT_CONFIRMATION_OK"
3115,10407391296,10407391340,1,"IOTHUB_CLIENT_CONFIRMATION_OK"
3116,10407391497,10407391635,1,"IOTHUB_CLIENT_CONFIRMATION_OK"
3117,10407391697,10407391737,1,"IOTHUB_CLIENT_CONFIRMATION_OK"
3118,10407391897,10407391961,1,"IOTHUB_CLIENT_CONFIRMATION_OK"
3119,10407392097,10407392143,1,"IOTHUB_CLIENT_CONFIRMATION_OK"
3120,10407392297,10407392515,1,"IOTHUB_CLIENT_CONFIRMATION_OK"
3121,10407392497,10407392537,1,"IOTHUB_CLIENT_CONFIRMATION_OK"
3122,10407392698,10407392743,1,"IOTHUB_CLIENT_CONFIRMATION_OK"
3123,10407392898,10407392935,1,"IOTHUB_CLIENT_CONFIRMATION_OK"
3124,10407393098,10407393145,1,"IOTHUB_CLIENT_CONFIRMATION_OK"
3125,10407393298,10407393335,1,"IOTHUB_CLIENT_CONFIRMATION_OK"
3126,10407393498,10407393538,1,"IOTHUB_CLIENT_CONFIRMATION_OK"
3127,10407393698,10407393752,1,"IOTHUB_CLIENT_CONFIRMATION_OK"
3128,10407393898,10407393950,1,"IOTHUB_CLIENT_CONFIRMATION_OK"
3129,10407394099,10407394143,1,"IOTHUB_CLIENT_CONFIRMATION_OK"
3130,10407394299,10407394340,1,"IOTHUB_CLIENT_CONFIRMATION_OK"
3131,10407394499,10407394543,1,"IOTHUB_CLIENT_CONFIRMATION_OK"
3132,10407394699,10407394739,1,"IOTHUB_CLIENT_CONFIRMATION_OK"
3133,10407394899,10407394942,1,"IOTHUB_CLIENT_CONFIRMATION_OK"
3134,10407395100,10407395185,1,"IOTHUB_CLIENT_CONFIRMATION_OK"
3135,10407395300,10407395337,1,"IOTHUB_CLIENT_CONFIRMATION_OK"
3136,10407395500,10407395571,1,"IOTHUB_CLIENT_CONFIRMATION_OK"
3137,10407395700,10407395744,1,"IOTHUB_CLIENT_CONFIRMATION_OK"
3138,10407395900,10407395945,1,"IOTHUB_CLIENT_CONFIRMATION_OK"
3139,10407396100,10407396185,1,"IOTHUB_CLIENT_CONFIRMATION_OK"
3140,10407396301,10407396340,1,"IOTHUB_CLIENT_CONFIRMATION_OK"
3141,10407396501,10407396583,1,"IOTHUB_CLIENT_CONFIRMATION_OK"
3142,10407396701,10407396894,1,"IOTHUB_CLIENT_CONFIRMATION_OK"
3143,10407396901,10407396940,1,"IOTHUB_CLIENT_CONFIRMATION_OK"
3144,10407397101,10407397156,1,"IOTHUB_CLIENT_CONFIRMATION_OK"
3145,10407397301,10407397350,1,"IOTHUB_CLIENT_CONFIRMATION_OK"
3146,10407397502,10407397537,1,"IOTHUB_CLIENT_CONFIRMATION_OK"
3147,10407397702,10407397740,1,"IOTHUB_CLIENT_CONFIRMATION_OK"
3148,10407397902,10407397940,1,"IOTHUB_CLIENT_CONFIRMATION_OK"
3149,10407398102,10407398140,1,"IOTHUB_CLIENT_CONFIRMATION_OK"
3150,10407398302,10407398347,1,"IOTHUB_CLIENT_CONFIRMATION_OK"
3151,10407398502,10407398545,1,"IOTHUB_CLIENT_CONFIRMATION_OK"
3152,10407398703,10407398735,1,"IOTHUB_CLIENT_CONFIRMATION_OK"
3153,10407398903,10407398943,1,"IOTHUB_CLIENT_CONFIRMATION_OK"
3154,10407399103,10407399137,1,"IOTHUB_CLIENT_CONFIRMATION_OK"
3155,10407399303,10407399366,1,"IOTHUB_CLIENT_CONFIRMATION_OK"
3156,10407399503,10407399547,1,"IOTHUB_CLIENT_CONFIRMATION_OK"
3157,10407399703,10407399783,1,"IOTHUB_CLIENT_CONFIRMATION_OK"
3158,10407399904,10407399953,1,"IOTHUB_CLIENT_CONFIRMATION_OK"
3159,10407400104,10407400152,1,"IOTHUB_CLIENT_CONFIRMATION_OK"
3160,10407400304,10407400386,1,"IOTHUB_CLIENT_CONFIRMATION_OK"
3161,10407400504,10407400595,1,"IOTHUB_CLIENT_CONFIRMATION_OK"
3162,10407400704,10407400761,1,"IOTHUB_CLIENT_CONFIRMATION_OK"
3163,10407400904,10407400940,1,"IOTHUB_CLIENT_CONFIRMATION_OK"
3164,10407401105,10407401138,1,"IOTHUB_CLIENT_CONFIRMATION_OK"
3165,10407401305,10407401404,1,"IOTHUB_CLIENT_CONFIRMATION_OK"
3166,10407401505,10407401539,1,"IOTHUB_CLIENT_CONFIRMATION_OK"
3167,10407401705,10407401736,1,"IOTHUB_CLIENT_CONFIRMATION_OK"
3168,10407401905,10407401942,1,"IOTHUB_CLIENT_CONFIRMATION_OK"
3169,10407402105,10407402144,1,"IOTHUB_CLIENT_CONFIRMATION_OK"
3170,10407402306,10407402434,1,"IOTHUB_CLIENT_CONFIRMATION_OK"
3171,10407402506,10407402547,1,"IOTHUB_CLIENT_CONFIRMATION_OK"
3172,10407402706,10407402772,1,"IOTHUB_CLIENT_CONFIRMATION_OK"
3173,10407402906,10407403049,1,"IOTHUB_CLIENT_CONFIRMATION_OK"
3174,10407403106,10407403142,1,"IOTHUB_CLIENT_CONFIRMATION_OK"
3175,10407403306,10407403339,1,"IOTHUB_CLIENT_CONFIRMATION_OK"
3176,10407403507,10407403540,1,"IOTHUB_CLIENT_CONFIRMATION_OK"
3177,10407403707,10407403744,1,"IOTHUB_CLIENT_CONFIRMATION_OK"
3178,10407403907,10407404118,1,"IOTHUB_CLIENT_CONFIRMATION_OK"
3179,10407404107,10407404168,1,"IOTHUB_CLIENT_CONFIRMATION_OK"
3180,10407404307,10407404342,1,"IOTHUB_CLIENT_CONFIRMATION_OK"
3181,10407404507,10407404545,1,"IOTHUB_CLIENT_CONFIRMATION_OK"
3182,10407404708,10407404745,1,"IOTHUB_CLIENT_CONFIRMATION_OK"
3183,10407404908,10407404958,1,"IOTHUB_CLIENT_CONFIRMATION_OK"
3184,10407405108,10407405155,1,"IOTHUB_CLIENT_CONFIRMATION_OK"
3185,10407405308,10407405345,1,"IOTHUB_CLIENT_CONFIRMATION_OK"
3186,10407405508,10407405583,1,"IOTHUB_CLIENT_CONFIRMATION_OK"
3187,10407405709,10407405738,1,"IOTHUB_CLIENT_CONFIRMATION_OK"
3188,10407405909,10407405970,1,"IOTHUB_CLIENT_CONFIRMATION_OK"
3189,10407406109,10407406179,1,"IOTHUB_CLIENT_CONFIRMATION_OK"
3190,10407406309,10407406375,1,"IOTHUB_CLIENT_CONFIRMATION_OK"
3191,10407406509,10407406580,1,"IOTHUB_CLIENT_CONFIRMATION_OK"
3192,10407406709,10407406748,1,"IOTHUB_CLIENT_CONFIRMATION_OK"
3193,10407406910,10407406957,1,"IOTHUB_CLIENT_CONFIRMATION_OK"
3194,10407407110,10407407227,1,"IOTHUB_CLIENT_CONFIRMATION_OK"
3195,10407407310,10407407349,1,"IOTHUB_CLIENT_CONFIRMATION_OK"
3196,10407407510,10407407549,1,"IOTHUB_CLIENT_CONFIRMATION_OK"
3197,10407407710,10407407758,1,"IOTHUB_CLIENT_CONFIRMATION_OK"
3198,10407407910,10407407947,1,"IOTHUB_CLIENT_CONFIRMATION_OK"
3199,10407408110,10407408205,1,"IOTHUB_CLIENT_CONFIRMATION_OK"
3200,10407408311,10407408342,1,"IOTHUB_CLIENT_CONFIRMATION_OK"
3201,10407408511,10407408562,1,"IOTHUB_CLIENT_CONFIRMATION_OK"
3202,10407408711,10407408820,1,"IOTHUB_CLIENT_CONFIRMATION_OK"
3203,10407408911,10407408954,1,"IOTHUB_CLIENT_CONFIRMATION_OK"
3204,10407409111,10407409160,1,"IOTHUB_CLIENT_CONFIRMATION_OK"
3205,10407409311,10407409349,1,"IOTHUB_CLIENT_CONFIRMATION_OK"
3206,10407409512,10407409549,1,"IOTHUB_CLIENT_CONFIRMATION_OK"
3207,10407409712,10407409856,1,"IOTHUB_CLIENT_CONFIRMATION_OK"
3208,10407409912,10407409944,1,"IOTHUB_CLIENT_CONFIRMATION_OK"
3209,10407410112,10407410146,1,"IOTHUB_CLIENT_CONFIRMATION_OK"
3210,10407410312,10407410377,1,"IOTHUB_CLIENT_CONFIRMATION_OK"
3211,10407410512,10407410549,1,"IOTHUB_CLIENT_CONFIRMATION_OK"
3212,10407410713,10407410745,1,"IOTHUB_CLIENT_CONFIRMATION_OK"
3213,10407410913,10407410953,1,"IOTHUB_CLIENT_CONFIRMATION_OK"
3214,10407411113,10407411154,1,"IOTHUB_CLIENT_CONFIRMATION_OK"
3215,10407411313,10407411388,1,"IOTHUB_CLIENT_CONFIRMATION_OK"
3216,10407411513,10407411559,1,"IOTHUB_CLIENT_CONFIRMATION_OK"
3217,10407411713,10407411749,1,"IOTHUB_CLIENT_CONFIRMATION_OK"
3218,10407411914,10407411956,1,"IOTHUB_CLIENT_CONFIRMATION_OK"
3219,10407412114,10407412151,1,"IOTHUB_CLIENT_CONFIRMATION_OK"
3220,10407412314,10407412510,1,"IOTHUB_CLIENT_CONFIRMATION_OK"
3221,10407412514,10407412554,1,"IOTHUB_CLIENT_CONFIRMATION_OK"
3222,10407412714,10407412759,1,"IOTHUB_CLIENT_CONFIRMATION_OK"
3223,10407412914,10407412951,1,"IOTHUB_CLIENT_CONFIRMATION_OK"
3224,10407413115,10407413148,1,"IOTHUB_CLIENT_CONFIRMATION_OK"
3225,10407413315,10407413354,1,"IOTHUB_CLIENT_CONFIRMATION_OK"
3226,10407413515,10407413618,1,"IOTHUB_CLIENT_CONFIRMATION_OK"
3227,10407413715,10407413748,1,"IOTHUB_CLIENT_CONFIRMATION_OK"
3228,10407413915,10407414007,1,"IOTHUB_CLIENT_CONFIRMATION_OK"
3229,10407414116,10407414151,1,"IOTHUB_CLIENT_CONFIRMATION_OK"
3230,10407414316,10407414356,1,"IOTHUB_CLIENT_CONFIRMATION_OK"
3231,10407414516,10407414601,1,"IOTHUB_CLIENT_CONFIRMATION_OK"
3232,10407414716,10407414782,1,"IOTHUB_CLIENT_CONFIRMATION_OK"
3233,10407414916,10407414956,1,"IOTHUB_CLIENT_CONFIRMATION_OK"
3234,10407415116,10407415155,1,"IOTHUB_CLIENT_CONFIRMATION_OK"
3235,10407415317,10407415352,1,"IOTHUB_CLIENT_CONFIRMATION_OK"
3236,10407415517,10407415683,1,"IOTHUB_CLIENT_CONFIRMATION_OK"
3237,10407415717,10407415754,1,"IOTHUB_CLIENT_CONFIRMATION_OK"
3238,10407415917,10407415970,1,"IOTHUB_CLIENT_CONFIRMATION_OK"
3239,10407416117,10407416151,1,"IOTHUB_CLIENT_CONFIRMATION_OK"
3240,10407416317,10407416356,1,"IOTHUB_CLIENT_CONFIRMATION_OK"
3241,10407416518,10407416628,1,"IOTHUB_CLIENT_CONFIRMATION_OK"
3242,10407416718,10407416775,1,"IOTHUB_CLIENT_CONFIRMATION_OK"
3243,10407416918,10407416955,1,"IOTHUB_CLIENT_CONFIRMATION_OK"
3244,10407417118,10407417279,1,"IOTHUB_CLIENT_CONFIRMATION_OK"
3245,10407417318,10407417359,1,"IOTHUB_CLIENT_CONFIRMATION_OK"
3246,10407417518,10407417554,1,"IOTHUB_CLIENT_CONFIRMATION_OK"
3247,10407417718,10407417755,1,"IOTHUB_CLIENT_CONFIRMATION_OK"
3248,10407417919,10407417953,1,"IOTHUB_CLIENT_CONFIRMATION_OK"
3249,10407418119,10407418280,1,"IOTHUB_CLIENT_CONFIRMATION_OK"
3250,10407418319,10407418398,1,"IOTHUB_CLIENT_CONFIRMATION_OK"
3251,10407418519,10407418558,1,"IOTHUB_CLIENT_CONFIRMATION_OK"
3252,10407418719,10407418764,1,"IOTHUB_CLIENT_CONFIRMATION_OK"
3253,10407418919,10407418968,1,"IOTHUB_CLIENT_CONFIRMATION_OK"
3254,10407419120,10407419181,1,"IOTHUB_CLIENT_CONFIRMATION_OK"
3255,10407419320,10407419368,1,"IOTHUB_CLIENT_CONFIRMATION_OK"
3256,10407419520,10407419622,1,"IOTHUB_CLIENT_CONFIRMATION_OK"
3257,10407419720,10407419750,1,"IOTHUB_CLIENT_CONFIRMATION_OK"
3258,10407419920,10407419993,1,"IOTHUB_CLIENT_CONFIRMATION_OK"
3259,10407420120,10407420159,1,"IOTHUB_CLIENT_CONFIRMATION_OK"
3260,10407420321,10407420366,1,"IOTHUB_CLIENT_CONFIRMATION_OK"
3261,10407420521,10407420582,1,"IOTHUB_CLIENT_CONFIRMATION_OK"
3262,10407420721,10407420759,1,"IOTHUB_CLIENT_CONFIRMATION_OK"
3263,10407420921,10407420970,1,"IOTHUB_CLIENT_CONFIRMATION_OK"
3264,10407421121,10407421186,1,"IOTHUB_CLIENT_CONFIRMATION_OK"
3265,10407421321,10407421355,1,"IOTHUB_CLIENT_CONFIRMATION_OK"
3266,10407421522,10407421570,1,"IOTHUB_CLIENT_CONFIRMATION_OK"
3267,10407421722,10407421755,1,"IOTHUB_CLIENT_CONFIRMATION_OK"
3268,10407421922,10407421965,1,"IOTHUB_CLIENT_CONFIRMATION_OK"
3269,10407422122,10407422171,1,"IOTHUB_CLIENT_CONFIRMATION_OK"
3270,10407422322,10407422360,1,"IOTHUB_CLIENT_CONFIRMATION_OK"
3271,10407422522,10407422556,1,"IOTHUB_CLIENT_CONFIRMATION_OK"
3272,10407422723,10407422763,1,"IOTHUB_CLIENT_CONFIRMATION_OK"
3273,10407422923,10407422973,1,"IOTHUB_CLIENT_CONFIRMATION_OK"
3274,10407423123,10407423158,1,"IOTHUB_CLIENT_CONFIRMATION_OK"
3275,10407423323,10407423354,1,"IOTHUB_CLIENT_CONFIRMATION_OK"
3276,10407423523,10407423575,1,"IOTHUB_CLIENT_CONFIRMATION_OK"
3277,10407423723,10407423771,1,"IOTHUB_CLIENT_CONFIRMATION_OK"
3278,10407423923,10407424017,1,"IOTHUB_CLIENT_CONFIRMATION_OK"
3279,10407424124,10407424156,1,"IOTHUB_CLIENT_CONFIRMATION_OK"
3280,10407424324,10407424357,1,"IOTHUB_CLIENT_CONFIRMATION_OK"
3281,10407424524,10407424642,1,"IOTHUB_CLIENT_CONFIRMATION_OK"
3282,10407424724,10407424764,1,"IOTHUB_CLIENT_CONFIRMATION_OK"
3283,10407424924,10407425070,1,"IOTHUB_CLIENT_CONFIRMATION_OK"
3284,10407425124,10407425304,1,"IOTHUB_CLIENT_CONFIRMATION_OK"
3285,10407425325,10407425382,1,"IOTHUB_CLIENT_CONFIRMATION_OK"
3286,10407425525,10407425562,1,"IOTHUB_CLIENT_CONFIRMATION_OK"
3287,10407425725,10407425770,1,"IOTHUB_CLIENT_CONFIRMATION_OK"
3288,10407425925,10407425957,1,"IOTHUB_CLIENT_CONFIRMATION_OK"
3289,10407426125,10407426166,1,"IOTHUB_CLIENT_CONFIRMATION_OK"
3290,10407426325,10407426364,1,"IOTHUB_CLIENT_CONFIRMATION_OK"
3291,10407426526,10407426722,1,"IOTHUB_CLIENT_CONFIRMATION_OK"
3292,10407426726,10407426774,1,"IOTHUB_CLIENT_CONFIRMATION_OK"
3293,10407426926,10407426983,1,"IOTHUB_CLIENT_CONFIRMATION_OK"
3294,10407427126,10407427160,1,"IOTHUB_CLIENT_CONFIRMATION_OK"
3295,10407427326,10407427374,1,"IOTHUB_CLIENT_CONFIRMATION_OK"
3296,10407427526,10407427580,1,"IOTHUB_CLIENT_CONFIRMATION_OK"
3297,10407427727,10407427776,1,"IOTHUB_CLIENT_CONFIRMATION_OK"
3298,10407427927,10407427965,1,"IOTHUB_CLIENT_CONFIRMATION_OK"
3299,10407428127,10407428167,1,"IOTHUB_CLIENT_CONFIRMATION_OK"
3300,10407428327,10407428366,1,"IOTHUB_CLIENT_CONFIRMATION_OK"
3301,10407428527,10407428583,1,"IOTHUB_CLIENT_CONFIRMATION_OK"
3302,10407428727,10407428826,1,"IOTHUB_CLIENT_CONFIRMATION_OK"
3303,10407428928,10407428959,1,"IOTHUB_CLIENT_CONFIRMATION_OK"
3304,10407429128,10407429168,1,"IOTHUB_CLIENT_CONFIRMATION_OK"
3305,10407429328,10407429364,1,"IOTHUB_CLIENT_CONFIRMATION_OK"
3306,10407429528,10407429565,1,"IOTHUB_CLIENT_CONFIRMATION_OK"
3307,10407429728,10407429816,1,"IOTHUB_CLIENT_CONFIRMATION_OK"
3308,10407429928,10407429971,1,"IOTHUB_CLIENT_CONFIRMATION_OK"
3309,10407430129,10407430172,1,"IOTHUB_CLIENT_CONFIRMATION_OK"
3310,10407430329,10407430427,1,"IOTHUB_CLIENT_CONFIRMATION_OK"
3311,10407430529,10407430563,1,"IOTHUB_CLIENT_CONFIRMATION_OK"
3312,10407430729,10407430768,1,"IOTHUB_CLIENT_CONFIRMATION_OK"
3313,10407430929,10407430975,1,"IOTHUB_CLIENT_CONFIRMATION_OK"
3314,10407431129,10407431162,1,"IOTHUB_CLIENT_CONFIRMATION_OK"
3315,10407431329,10407431440,1,"IOTHUB_CLIENT_CONFIRMATION_OK"
3316,10407431530,10407431563,1,"IOTHUB_CLIENT_CONFIRMATION_OK"
3317,10407431730,10407431768,1,"IOTHUB_CLIENT_CONFIRMATION_OK"
3318,10407431930,10407431989,1,"IOTHUB_CLIENT_CONFIRMATION_OK"
3319,10407432130,10407432167,1,"IOTHUB_CLIENT_CONFIRMATION_OK"
3320,10407432330,10407432492,1,"IOTHUB_CLIENT_CONFIRMATION_OK"
3321,10407432530,10407432573,1,"IOTHUB_CLIENT_CONFIRMATION_OK"
3322,10407432731,10407432778,1,"IOTHUB_CLIENT_CONFIRMATION_OK"
3323,10407432931,10407432970,1,"IOTHUB_CLIENT_CONFIRMATION_OK"
3324,10407433131,10407433168,1,"IOTHUB_CLIENT_CONFIRMATION_OK"
3325,10407433331,10407433366,1,"IOTHUB_CLIENT_CONFIRMATION_OK"
3326,10407433531,10407433584,1,"IOTHUB_CLIENT_CONFIRMATION_OK"
3327,10407433731,10407433796,1,"IOTHUB_CLIENT_CONFIRMATION_OK"
3328,10407433931,10407434118,1,"IOTHUB_CLIENT_CONFIRMATION_OK"
3329,10407434132,10407434170,1,"IOTHUB_CLIENT_CONFIRMATION_OK"
3330,10407434332,10407434443,1,"IOTHUB_CLIENT_CONFIRMATION_OK"
3331,10407434532,10407434573,1,"IOTHUB_CLIENT_CONFIRMATION_OK"
3332,10407434732,10407434773,1,"IOTHUB_CLIENT_CONFIRMATION_OK"
3333,10407434932,10407434972,1,"IOTHUB_CLIENT_CONFIRMATION_OK"
3334,10407435132,10407435174,1,"IOTHUB_CLIENT_CONFIRMATION_OK"
3335,10407435333,10407435375,1,"IOTHUB_CLIENT_CONFIRMATION_OK"
3336,10407435533,10407435573,1,"IOTHUB_CLIENT_CONFIRMATION_OK"
3337,10407435733,10407435769,1,"IOTHUB_CLIENT_CONFIRMATION_OK"
3338,10407435933,10407435971,1,"IOTHUB_CLIENT_CONFIRMATION_OK"
3339,10407436133,10407436175,1,"IOTHUB_CLIENT_CONFIRMATION_OK"
3340,10407436333,10407436376,1,"IOTHUB_CLIENT_CONFIRMATION_OK"
3341,10407436534,10407436766,1,"IOTHUB_CLIENT_CONFIRMATION_OK"
3342,10407436734,10407436787,1,"IOTHUB_CLIENT_CONFIRMATION_OK"
3343,10407436934,10407436972,1,"IOTHUB_CLIENT_CONFIRMATION_OK"
3344,10407437134,10407437177,1,"IOTHUB_CLIENT_CONFIRMATION_OK"
3345,10407437334,10407437372,1,"IOTHUB_CLIENT_CONFIRMATION_OK"
3346,10407437534,10407437585,1,"IOTHUB_CLIENT_CONFIRMATION_OK"
3347,10407437735,10407437776,1,"IOTHUB_CLIENT_CONFIRMATION_OK"
3348,10407437935,10407437974,1,"IOTHUB_CLIENT_CONFIRMATION_OK"
3349,10407438135,10407438237,1,"IOTHUB_CLIENT_CONFIRMATION_OK"
3350,10407438335,10407438381,1,"IOTHUB_CLIENT_CONFIRMATION_OK"
3351,10407438535,10407438573,1,"IOTHUB_CLIENT_CONFIRMATION_OK"
3352,10407438735,10407438779,1,"IOTHUB_CLIENT_CONFIRMATION_OK"
3353,10407438936,10407438969,1,"IOTHUB_CLIENT_CONFIRMATION_OK"
3354,10407439136,10407439176,1,"IOTHUB_CLIENT_CONFIRMATION_OK"
3355,10407439336,10407439375,1,"IOTHUB_CLIENT_CONFIRMATION_OK"
3356,10407439536,10407439570,1,"IOTHUB_CLIENT_CONFIRMATION_OK"
3357,10407439736,10407439993,1,"IOTHUB_CLIENT_CONFIRMATION_OK"
3358,10407439937,10407440018,1,"IOTHUB_CLIENT_CONFIRMATION_OK"
3359,10407440137,10407440173,1,"IOTHUB_CLIENT_CONFIRMATION_OK"
3360,10407440337,10407440420,1,"IOTHUB_CLIENT_CONFIRMATION_OK"
3361,10407440537,10407440709,1,"IOTHUB_CLIENT_CONFIRMATION_OK"
3362,10407440737,10407440888,1,"IOTHUB_CLIENT_CONFIRMATION_OK"
3363,10407440937,10407441106,1,"IOTHUB_CLIENT_CONFIRMATION_OK"
3364,10407441137,10407441169,1,"IOTHUB_CLIENT_CONFIRMATION_OK"
3365,10407441338,10407441369,1,"IOTHUB_CLIENT_CONFIRMATION_OK"
3366,10407441538,10407441576,1,"IOTHUB_CLIENT_CONFIRMATION_OK"
3367,10407441738,10407441776,1,"IOTHUB_CLIENT_CONFIRMATION_OK"
3368,10407441938,10407441976,1,"IOTHUB_CLIENT_CONFIRMATION_OK"
3369,10407442138,10407442168,1,"IOTHUB_CLIENT_CONFIRMATION_OK"
3370,10407442338,10407442524,1,"IOTHUB_CLIENT_CONFIRMATION_OK"
3371,10407442539,10407442570,1,"IOTHUB_CLIENT_CONFIRMATION_OK"
3372,10407442739,10407442800,1,"IOTHUB_CLIENT_CONFIRMATION_OK"
3373,10407442939,10407442996,1,"IOTHUB_CLIENT_CONFIRMATION_OK"
3374,10407443139,10407443178,1,"IOTHUB_CLIENT_CONFIRMATION_OK"
3375,10407443339,10407443384,1,"IOTHUB_CLIENT_CONFIRMATION_OK"
3376,10407443539,10407443570,1,"IOTHUB_CLIENT_CONFIRMATION_OK"
3377,10407443740,10407443777,1,"IOTHUB_CLIENT_CONFIRMATION_OK"
3378,10407443940,10407443981,1,"IOTHUB_CLIENT_CONFIRMATION_OK"
3379,10407444140,10407444186,1,"IOTHUB_CLIENT_CONFIRMATION_OK"
3380,10407444340,10407444376,1,"IOTHUB_CLIENT_CONFIRMATION_OK"
3381,10407444540,10407444602,1,"IOTHUB_CLIENT_CONFIRMATION_OK"
3382,10407444740,10407444778,1,"IOTHUB_CLIENT_CONFIRMATION_OK"
3383,10407444941,10407444972,1,"IOTHUB_CLIENT_CONFIRMATION_OK"
3384,10407445141,10407445224,1,"IOTHUB_CLIENT_CONFIRMATION_OK"
3385,10407445341,10407445384,1,"IOTHUB_CLIENT_CONFIRMATION_OK"
3386,10407445541,10407445616,1,"IOTHUB_CLIENT_CONFIRMATION_OK"
3387,10407445741,10407445779,1,"IOTHUB_CLIENT_CONFIRMATION_OK"
3388,10407445941,10407445986,1,"IOTHUB_CLIENT_CONFIRMATION_OK"
3389,10407446142,10407446227,1,"IOTHUB_CLIENT_CONFIRMATION_OK"
3390,10407446342,10407446375,1,"IOTHUB_CLIENT_CONFIRMATION_OK"
3391,10407446542,10407446661,1,"IOTHUB_CLIENT_CONFIRMATION_OK"
3392,10407446742,10407446775,1,"IOTHUB_CLIENT_CONFIRMATION_OK"
3393,10407446942,10407446999,1,"IOTHUB_CLIENT_CONFIRMATION_OK"
3394,10407447142,10407447241,1,"IOTHUB_CLIENT_CONFIRMATION_OK"
3395,10407447343,10407447409,1,"IOTHUB_CLIENT_CONFIRMATION_OK"
3396,10407447543,10407447611,1,"IOTHUB_CLIENT_CONFIRMATION_OK"
3397,10407447743,10407447778,1,"IOTHUB_CLIENT_CONFIRMATION_OK"
3398,10407447943,10407447990,1,"IOTHUB_CLIENT_CONFIRMATION_OK"
3399,10407448143,10407448274,1,"IOTHUB_CLIENT_CONFIRMATION_OK"
3400,10407448343,10407448379,1,"IOTHUB_CLIENT_CONFIRMATION_OK"
3401,10407448544,10407448577,1,"IOTHUB_CLIENT_CONFIRMATION_OK"
3402,10407448744,10407448788,1,"IOTHUB_CLIENT_CONFIRMATION_OK"
3403,10407448944,10407448978,1,"IOTHUB_CLIENT_CONFIRMATION_OK"
3404,10407449144,10407449187,1,"IOTHUB_CLIENT_CONFIRMATION_OK"
3405,10407449344,10407449381,1,"IOTHUB_CLIENT_CONFIRMATION_OK"
3406,10407449544,10407449576,1,"IOTHUB_CLIENT_CONFIRMATION_OK"
3407,10407449745,10407449917,1,"IOTHUB_CLIENT_CONFIRMATION_OK"
3408,10407449945,10407449988,1,"IOTHUB_CLIENT_CONFIRMATION_OK"
3409,10407450145,10407450180,1,"IOTHUB_CLIENT_CONFIRMATION_OK"
3410,10407450345,10407450383,1,"IOTHUB_CLIENT_CONFIRMATION_OK"
3411,10407450545,10407450579,1,"IOTHUB_CLIENT_CONFIRMATION_OK"
3412,10407450745,10407450778,1,"IOTHUB_CLIENT_CONFIRMATION_OK"
3413,10407450946,10407450975,1,"IOTHUB_CLIENT_CONFIRMATION_OK"
3414,10407451146,10407451180,1,"IOTHUB_CLIENT_CONFIRMATION_OK"
3415,10407451346,10407451385,1,"IOTHUB_CLIENT_CONFIRMATION_OK"
3416,10407451546,10407451583,1,"IOTHUB_CLIENT_CONFIRMATION_OK"
3417,10407451746,10407451778,1,"IOTHUB_CLIENT_CONFIRMATION_OK"
3418,10407451946,10407452013,1,"IOTHUB_CLIENT_CONFIRMATION_OK"
3419,10407452146,10407452179,1,"IOTHUB_CLIENT_CONFIRMATION_OK"
3420,10407452347,10407452412,1,"IOTHUB_CLIENT_CONFIRMATION_OK"
3421,10407452547,10407452587,1,"IOTHUB_CLIENT_CONFIRMATION_OK"
3422,10407452747,10407452784,1,"IOTHUB_CLIENT_CONFIRMATION_OK"
3423,10407452947,10407453054,1,"IOTHUB_CLIENT_CONFIRMATION_OK"
3424,10407453147,10407453176,1,"IOTHUB_CLIENT_CONFIRMATION_OK"
3425,10407453347,10407453381,1,"IOTHUB_CLIENT_CONFIRMATION_OK"
3426,10407453548,10407453586,1,"IOTHUB_CLIENT_CONFIRMATION_OK"
3427,10407453748,10407453781,1,"IOTHUB_CLIENT_CONFIRMATION_OK"
3428,10407453948,10407454066,1,"IOTHUB_CLIENT_CONFIRMATION_OK"
3429,10407454148,10407454226,1,"IOTHUB_CLIENT_CONFIRMATION_OK"
3430,10407454348,10407454394,1,"IOTHUB_CLIENT_CONFIRMATION_OK"
3431,10407454548,10407454577,1,"IOTHUB_CLIENT_CONFIRMATION_OK"
3432,10407454749,10407454780,1,"IOTHUB_CLIENT_CONFIRMATION_OK"
3433,10407454949,10407454984,1,"IOTHUB_CLIENT_CONFIRMATION_OK"
3434,10407455149,10407455649,1,"IOTHUB_CLIENT_CONFIRMATION_OK"
3435,10407455349,10407455672,1,"IOTHUB_CLIENT_CONFIRMATION_OK"
3436,10407455549,10407455691,1,"IOTHUB_CLIENT_CONFIRMATION_OK"
3437,10407455749,10407455789,1,"IOTHUB_CLIENT_CONFIRMATION_OK"
3438,10407455950,10407455988,1,"IOTHUB_CLIENT_CONFIRMATION_OK"
3439,10407456150,10407456202,1,"IOTHUB_CLIENT_CONFIRMATION_OK"
3440,10407456350,10407456388,1,"IOTHUB_CLIENT_CONFIRMATION_OK"
3441,10407456550,10407456708,1,"IOTHUB_CLIENT_CONFIRMATION_OK"
3442,10407456750,10407456786,1,"IOTHUB_CLIENT_CONFIRMATION_OK"
3443,10407456950,10407456987,1,"IOTHUB_CLIENT_CONFIRMATION_OK"
3444,10407457150,10407457188,1,"IOTHUB_CLIENT_CONFIRMATION_OK"
3445,10407457351,10407457380,1,"IOTHUB_CLIENT_CONFIRMATION_OK"
3446,10407457551,10407457589,1,"IOTHUB_CLIENT_CONFIRMATION_OK"
3447,10407457751,10407457785,1,"IOTHUB_CLIENT_CONFIRMATION_OK"
3448,10407457951,10407457986,1,"IOTHUB_CLIENT_CONFIRMATION_OK"
3449,10407458151,10407458340,1,"IOTHUB_CLIENT_CONFIRMATION_OK"
3450,10407458351,10407458390,1,"IOTHUB_CLIENT_CONFIRMATION_OK"
3451,10407458552,10407458584,1,"IOTHUB_CLIENT_CONFIRMATION_OK"
3452,10407458752,10407458781,1,"IOTHUB_CLIENT_CONFIRMATION_OK"
3453,10407458952,10407459068,1,"IOTHUB_CLIENT_CONFIRMATION_OK"
3454,10407459152,10407459197,1,"IOTHUB_CLIENT_CONFIRMATION_OK"
3455,10407459352,10407459384,1,"IOTHUB_CLIENT_CONFIRMATION_OK"
3456,10407459552,10407459586,1,"IOTHUB_CLIENT_CONFIRMATION_OK"
3457,10407459753,10407459791,1,"IOTHUB_CLIENT_CONFIRMATION_OK"
3458,10407459953,10407459997,1,"IOTHUB_CLIENT_CONFIRMATION_OK"
3459,10407460153,10407460187,1,"IOTHUB_CLIENT_CONFIRMATION_OK"
3460,10407460353,10407460400,1,"IOTHUB_CLIENT_CONFIRMATION_OK"
3461,10407460553,10407460597,1,"IOTHUB_CLIENT_CONFIRMATION_OK"
3462,10407460753,10407460786,1,"IOTHUB_CLIENT_CONFIRMATION_OK"
3463,10407460953,10407461009,1,"IOTHUB_CLIENT_CONFIRMATION_OK"
3464,10407461154,10407461187,1,"IOTHUB_CLIENT_CONFIRMATION_OK"
3465,10407461354,10407461395,1,"IOTHUB_CLIENT_CONFIRMATION_OK"
3466,10407461554,10407461608,1,"IOTHUB_CLIENT_CONFIRMATION_OK"
3467,10407461754,10407461819,1,"IOTHUB_CLIENT_CONFIRMATION_OK"
3468,10407461954,10407462001,1,"IOTHUB_CLIENT_CONFIRMATION_OK"
3469,10407462154,10407462184,1,"IOTHUB_CLIENT_CONFIRMATION_OK"
3470,10407462355,10407462416,1,"IOTHUB_CLIENT_CONFIRMATION_OK"
3471,10407462555,10407462594,1,"IOTHUB_CLIENT_CONFIRMATION_OK"
3472,10407462755,10407462784,1,"IOTHUB_CLIENT_CONFIRMATION_OK"
3473,10407462955,10407463028,1,"IOTHUB_CLIENT_CONFIRMATION_OK"
3474,10407463155,10407463191,1,"IOTHUB_CLIENT_CONFIRMATION_OK"
3475,10407463355,10407463395,1,"IOTHUB_CLIENT_CONFIRMATION_OK"
3476,10407463556,10407463597,1,"IOTHUB_CLIENT_CONFIRMATION_OK"
3477,10407463756,10407463791,1,"IOTHUB_CLIENT_CONFIRMATION_OK"
3478,10407463956,10407464135,1,"IOTHUB_CLIENT_CONFIRMATION_OK"
3479,10407464156,10407464193,1,"IOTHUB_CLIENT_CONFIRMATION_OK"
3480,10407464356,10407464394,1,"IOTHUB_CLIENT_CONFIRMATION_OK"
3481,10407464556,10407464592,1,"IOTHUB_CLIENT_CONFIRMATION_OK"
3482,10407464757,10407464788,1,"IOTHUB_CLIENT_CONFIRMATION_OK"
3483,10407464957,10407464986,1,"IOTHUB_CLIENT_CONFIRMATION_OK"
3484,10407465157,10407465188,1,"IOTHUB_CLIENT_CONFIRMATION_OK"
3485,10407465357,10407465393,1,"IOTHUB_CLIENT_CONFIRMATION_OK"
3486,10407465557,10407465589,1,"IOTHUB_CLIENT_CONFIRMATION_OK"
3487,10407465757,10407465792,1,"IOTHUB_CLIENT_CONFIRMATION_OK"
3488,10407465958,10407465989,1,"IOTHUB_CLIENT_CONFIRMATION_OK"
3489,10407466158,10407466193,1,"IOTHUB_CLIENT_CONFIRMATION_OK"
3490,10407466358,10407466388,1,"IOTHUB_CLIENT_CONFIRMATION_OK"
3491,10407466558,10407466771,1,"IOTHUB_CLIENT_CONFIRMATION_OK"
3492,10407466758,10407466804,1,"IOTHUB_CLIENT_CONFIRMATION_OK"
3493,10407466958,10407467007,1,"IOTHUB_CLIENT_CONFIRMATION_OK"
3494,10407467159,10407467271,1,"IOTHUB_CLIENT_CONFIRMATION_OK"
3495,10407467359,10407467408,1,"IOTHUB_CLIENT_CONFIRMATION_OK"
3496,10407467559,10407467593,1,"IOTHUB_CLIENT_CONFIRMATION_OK"
3497,10407467759,10407467857,1,"IOTHUB_CLIENT_CONFIRMATION_OK"
3498,10407467959,10407467991,1,"IOTHUB_CLIENT_CONFIRMATION_OK"
3499,10407468159,10407468286,1,"IOTHUB_CLIENT_CONFIRMATION_OK"
3500,10407468360,10407468393,1,"IOTHUB_CLIENT_CONFIRMATION_OK"
3501,10407468560,10407468600,1,"IOTHUB_CLIENT_CONFIRMATION_OK"
3502,10407468760,10407468800,1,"IOTHUB_CLIENT_CONFIRMATION_OK"
3503,10407468960,10407469005,1,"IOTHUB_CLIENT_CONFIRMATION_OK"
3504,10407469160,10407469197,1,"IOTHUB_CLIENT_CONFIRMATION_OK"
3505,10407469360,10407469402,1,"IOTHUB_CLIENT_CONFIRMATION_OK"
3506,10407469561,10407469633,1,"IOTHUB_CLIENT_CONFIRMATION_OK"
3507,10407469761,10407469913,1,"IOTHUB_CLIENT_CONFIRMATION_OK"
3508,10407469961,10407469994,1,"IOTHUB_CLIENT_CONFIRMATION_OK"
3509,10407470161,10407470199,1,"IOTHUB_CLIENT_CONFIRMATION_OK"
3510,10407470361,10407470394,1,"IOTHUB_CLIENT_CONFIRMATION_OK"
3511,10407470561,10407470595,1,"IOTHUB_CLIENT_CONFIRMATION_OK"
3512,10407470762,10407470816,1,"IOTHUB_CLIENT_CONFIRMATION_OK"
3513,10407470962,10407470997,1,"IOTHUB_CLIENT_CONFIRMATION_OK"
3514,10407471162,10407471196,1,"IOTHUB_CLIENT_CONFIRMATION_OK"
3515,10407471362,10407471393,1,"IOTHUB_CLIENT_CONFIRMATION_OK"
3516,10407471562,10407471607,1,"IOTHUB_CLIENT_CONFIRMATION_OK"
3517,10407471762,10407471803,1,"IOTHUB_CLIENT_CONFIRMATION_OK"
3518,10407471963,10407471992,1,"IOTHUB_CLIENT_CONFIRMATION_OK"
3519,10407472163,10407472228,1,"IOTHUB_CLIENT_CONFIRMATION_OK"
3520,10407472363,10407472583,1,"IOTHUB_CLIENT_CONFIRMATION_OK"
3521,10407472563,10407472602,1,"IOTHUB_CLIENT_CONFIRMATION_OK"
3522,10407472763,10407472802,1,"IOTHUB_CLIENT_CONFIRMATION_OK"
3523,10407472963,10407473006,1,"IOTHUB_CLIENT_CONFIRMATION_OK"
3524,10407473164,10407473202,1,"IOTHUB_CLIENT_CONFIRMATION_OK"
3525,10407473364,10407473419,1,"IOTHUB_CLIENT_CONFIRMATION_OK"
3526,10407473564,10407473614,1,"IOTHUB_CLIENT_CONFIRMATION_OK"
3527,10407473764,10407473811,1,"IOTHUB_CLIENT_CONFIRMATION_OK"
3528,10407473964,10407474004,1,"IOTHUB_CLIENT_CONFIRMATION_OK"
3529,10407474164,10407474205,1,"IOTHUB_CLIENT_CONFIRMATION_OK"
3530,10407474365,10407474397,1,"IOTHUB_CLIENT_CONFIRMATION_OK"
3531,10407474565,10407474622,1,"IOTHUB_CLIENT_CONFIRMATION_OK"
3532,10407474765,10407474801,1,"IOTHUB_CLIENT_CONFIRMATION_OK"
3533,10407474965,10407474999,1,"IOTHUB_CLIENT_CONFIRMATION_OK"
3534,10407475165,10407475205,1,"IOTHUB_CLIENT_CONFIRMATION_OK"
3535,10407475365,10407475397,1,"IOTHUB_CLIENT_CONFIRMATION_OK"
3536,10407475566,10407475627,1,"IOTHUB_CLIENT_CONFIRMATION_OK"
3537,10407475766,10407475842,1,"IOTHUB_CLIENT_CONFIRMATION_OK"
3538,10407475966,10407475996,1,"IOTHUB_CLIENT_CONFIRMATION_OK"
3539,10407476166,10407476245,1,"IOTHUB_CLIENT_CONFIRMATION_OK"
3540,10407476366,10407476395,1,"IOTHUB_CLIENT_CONFIRMATION_OK"
3541,10407476566,10407476650,1,"IOTHUB_CLIENT_CONFIRMATION_OK"
3542,10407476767,10407476822,1,"IOTHUB_CLIENT_CONFIRMATION_OK"
3543,10407476967,10407477003,1,"IOTHUB_CLIENT_CONFIRMATION_OK"
3544,10407477167,10407477267,1,"IOTHUB_CLIENT_CONFIRMATION_OK"
3545,10407477367,10407477415,1,"IOTHUB_CLIENT_CONFIRMATION_OK"
3546,10407477567,10407477600,1,"IOTHUB_CLIENT_CONFIRMATION_OK"
3547,10407477767,10407477831,1,"IOTHUB_CLIENT_CONFIRMATION_OK"
3548,10407477968,10407477999,1,"IOTHUB_CLIENT_CONFIRMATION_OK"
3549,10407478168,10407478364,1,"IOTHUB_CLIENT_CONFIRMATION_OK"
3550,10407478368,10407478405,1,"IOTHUB_CLIENT_CONFIRMATION_OK"
3551,10407478568,10407478604,1,"IOTHUB_CLIENT_CONFIRMATION_OK"
3552,10407478768,10407478806,1,"IOTHUB_CLIENT_CONFIRMATION_OK"
3553,10407478968,10407479004,1,"IOTHUB_CLIENT_CONFIRMATION_OK"
3554,10407479168,10407479204,1,"IOTHUB_CLIENT_CONFIRMATION_OK"
3555,10407479369,10407479433,1,"IOTHUB_CLIENT_CONFIRMATION_OK"
3556,10407479569,10407479604,1,"IOTHUB_CLIENT_CONFIRMATION_OK"
3557,10407479769,10407479822,1,"IOTHUB_CLIENT_CONFIRMATION_OK"
3558,10407479969,10407480028,1,"IOTHUB_CLIENT_CONFIRMATION_OK"
3559,10407480169,10407480205,1,"IOTHUB_CLIENT_CONFIRMATION_OK"
3560,10407480369,10407480423,1,"IOTHUB_CLIENT_CONFIRMATION_OK"
3561,10407480570,10407480617,1,"IOTHUB_CLIENT_CONFIRMATION_OK"
3562,10407480770,10407480805,1,"IOTHUB_CLIENT_CONFIRMATION_OK"
3563,10407480970,10407481013,1,"IOTHUB_CLIENT_CONFIRMATION_OK"
3564,10407481170,10407481200,1,"IOTHUB_CLIENT_CONFIRMATION_OK"
3565,10407481370,10407481449,1,"IOTHUB_CLIENT_CONFIRMATION_OK"
3566,10407481570,10407481621,1,"IOTHUB_CLIENT_CONFIRMATION_OK"
3567,10407481771,10407481824,1,"IOTHUB_CLIENT_CONFIRMATION_OK"
3568,10407481971,10407482001,1,"IOTHUB_CLIENT_CONFIRMATION_OK"
3569,10407482171,10407482200,1,"IOTHUB_CLIENT_CONFIRMATION_OK"
3570,10407482371,10407482496,1,"IOTHUB_CLIENT_CONFIRMATION_OK"
3571,10407482571,10407482609,1,"IOTHUB_CLIENT_CONFIRMATION_OK"
3572,10407482771,10407482808,1,"IOTHUB_CLIENT_CONFIRMATION_OK"
3573,10407482972,10407483113,1,"IOTHUB_CLIENT_CONFIRMATION_OK"
3574,10407483172,10407483315,1,"IOTHUB_CLIENT_CONFIRMATION_OK"
3575,10407483372,10407483417,1,"IOTHUB_CLIENT_CONFIRMATION_OK"
3576,10407483572,10407483622,1,"IOTHUB_CLIENT_CONFIRMATION_OK"
3577,10407483772,10407483808,1,"IOTHUB_CLIENT_CONFIRMATION_OK"
3578,10407483972,10407484162,1,"IOTHUB_CLIENT_CONFIRMATION_OK"
3579,10407484173,10407484219,1,"IOTHUB_CLIENT_CONFIRMATION_OK"
3580,10407484373,10407484408,1,"IOTHUB_CLIENT_CONFIRMATION_OK"
3581,10407484573,10407484610,1,"IOTHUB_CLIENT_CONFIRMATION_OK"
3582,10407484773,10407484805,1,"IOTHUB_CLIENT_CONFIRMATION_OK"
3583,10407484973,10407485013,1,"IOTHUB_CLIENT_CONFIRMATION_OK"
3584,10407485173,10407485209,1,"IOTHUB_CLIENT_CONFIRMATION_OK"
3585,10407485373,10407485405,1,"IOTHUB_CLIENT_CONFIRMATION_OK"
3586,10407485574,10407485607,1,"IOTHUB_CLIENT_CONFIRMATION_OK"
3587,10407485774,10407485813,1,"IOTHUB_CLIENT_CONFIRMATION_OK"
3588,10407485974,10407486019,1,"IOTHUB_CLIENT_CONFIRMATION_OK"
3589,10407486174,10407486220,1,"IOTHUB_CLIENT_CONFIRMATION_OK"
3590,10407486374,10407486408,1,"IOTHUB_CLIENT_CONFIRMATION_OK"
3591,10407486574,10407486629,1,"IOTHUB_CLIENT_CONFIRMATION_OK"
3592,10407486775,10407486807,1,"IOTHUB_CLIENT_CONFIRMATION_OK"
3593,10407486975,10407487014,1,"IOTHUB_CLIENT_CONFIRMATION_OK"
3594,10407487175,10407487229,1,"IOTHUB_CLIENT_CONFIRMATION_OK"
3595,10407487375,10407487410,1,"IOTHUB_CLIENT_CONFIRMATION_OK"
3596,10407487575,10407487608,1,"IOTHUB_CLIENT_CONFIRMATION_OK"
3597,10407487775,10407487845,1,"IOTHUB_CLIENT_CONFIRMATION_OK"
3598,10407487976,10407488060,1,"IOTHUB_CLIENT_CONFIRMATION_OK"
3599,10407488176,10407488283,1,"IOTHUB_CLIENT_CONFIRMATION_OK"
3600,10407488376,10407488411,1,"IOTHUB_CLIENT_CONFIRMATION_OK"
3601,10407488576,10407488607,1,"IOTHUB_CLIENT_CONFIRMATION_OK"
3602,10407488776,10407488885,1,"IOTHUB_CLIENT_CONFIRMATION_OK"
3603,10407488976,10407489010,1,"IOTHUB_CLIENT_CONFIRMATION_OK"
3604,10407489177,10407489234,1,"IOTHUB_CLIENT_CONFIRMATION_OK"
3605,10407489377,10407489422,1,"IOTHUB_CLIENT_CONFIRMATION_OK"
3606,10407489577,10407489649,1,"IOTHUB_CLIENT_CONFIRMATION_OK"
3607,10407489777,10407489913,1,"IOTHUB_CLIENT_CONFIRMATION_OK"
3608,10407489977,10407490010,1,"IOTHUB_CLIENT_CONFIRMATION_OK"
3609,10407490178,10407490211,1,"IOTHUB_CLIENT_CONFIRMATION_OK"
3610,10407490378,10407490422,1,"IOTHUB_CLIENT_CONFIRMATION_OK"
3611,10407490578,10407490608,1,"IOTHUB_CLIENT_CONFIRMATION_OK"
3612,10407490778,10407490817,1,"IOTHUB_CLIENT_CONFIRMATION_OK"
3613,10407490978,10407491014,1,"IOTHUB_CLIENT_CONFIRMATION_OK"
3614,10407491178,10407491217,1,"IOTHUB_CLIENT_CONFIRMATION_OK"
3615,10407491378,10407491413,1,"IOTHUB_CLIENT_CONFIRMATION_OK"
3616,10407491579,10407491621,1,"IOTHUB_CLIENT_CONFIRMATION_OK"
3617,10407491779,10407491820,1,"IOTHUB_CLIENT_CONFIRMATION_OK"
3618,10407491979,10407492009,1,"IOTHUB_CLIENT_CONFIRMATION_OK"
3619,10407492179,10407492211,1,"IOTHUB_CLIENT_CONFIRMATION_OK"
3620,10407492379,10407492589,1,"IOTHUB_CLIENT_CONFIRMATION_OK"
3621,10407492579,10407492612,1,"IOTHUB_CLIENT_CONFIRMATION_OK"
3622,10407492780,10407492822,1,"IOTHUB_CLIENT_CONFIRMATION_OK"
3623,10407492980,10407493018,1,"IOTHUB_CLIENT_CONFIRMATION_OK"
3624,10407493180,10407493213,1,"IOTHUB_CLIENT_CONFIRMATION_OK"
3625,10407493380,10407493422,1,"IOTHUB_CLIENT_CONFIRMATION_OK"
3626,10407493580,10407493628,1,"IOTHUB_CLIENT_CONFIRMATION_OK"
3627,10407493780,10407493818,1,"IOTHUB_CLIENT_CONFIRMATION_OK"
3628,10407493981,10407494024,1,"IOTHUB_CLIENT_CONFIRMATION_OK"
3629,10407494181,10407494223,1,"IOTHUB_CLIENT_CONFIRMATION_OK"
3630,10407494381,10407494416,1,"IOTHUB_CLIENT_CONFIRMATION_OK"
3631,10407494581,10407494650,1,"IOTHUB_CLIENT_CONFIRMATION_OK"
3632,10407494781,10407494812,1,"IOTHUB_CLIENT_CONFIRMATION_OK"
3633,10407494981,10407495012,1,"IOTHUB_CLIENT_CONFIRMATION_OK"
3634,10407495182,10407495219,1,"IOTHUB_CLIENT_CONFIRMATION_OK"
3635,10407495382,10407495425,1,"IOTHUB_CLIENT_CONFIRMATION_OK"
3636,10407495582,10407495685,1,"IOTHUB_CLIENT_CONFIRMATION_OK"
3637,10407495782,10407495827,1,"IOTHUB_CLIENT_CONFIRMATION_OK"
3638,10407495982,10407496015,1,"IOTHUB_CLIENT_CONFIRMATION_OK"
3639,10407496182,10407496213,1,"IOTHUB_CLIENT_CONFIRMATION_OK"
3640,10407496383,10407496417,1,"IOTHUB_CLIENT_CONFIRMATION_OK"
3641,10407496583,10407496703,1,"IOTHUB_CLIENT_CONFIRMATION_OK"
3642,10407496783,10407496817,1,"IOTHUB_CLIENT_CONFIRMATION_OK"
3643,10407496983,10407497015,1,"IOTHUB_CLIENT_CONFIRMATION_OK"
3644,10407497183,10407497339,1,"IOTHUB_CLIENT_CONFIRMATION_OK"
3645,10407497383,10407497420,1,"IOTHUB_CLIENT_CONFIRMATION_OK"
3646,10407497584,10407497636,1,"IOTHUB_CLIENT_CONFIRMATION_OK"
3647,10407497784,10407497820,1,"IOTHUB_CLIENT_CONFIRMATION_OK"
3648,10407497984,10407498069,1,"IOTHUB_CLIENT_CONFIRMATION_OK"
3649,10407498184,10407498373,1,"IOTHUB_CLIENT_CONFIRMATION_OK"
3650,10407498384,10407498421,1,"IOTHUB_CLIENT_CONFIRMATION_OK"
3651,10407498584,10407498614,1,"IOTHUB_CLIENT_CONFIRMATION_OK"
3652,10407498785,10407498823,1,"IOTHUB_CLIENT_CONFIRMATION_OK"
3653,10407498985,10407499020,1,"IOTHUB_CLIENT_CONFIRMATION_OK"
3654,10407499185,10407499220,1,"IOTHUB_CLIENT_CONFIRMATION_OK"
3655,10407499385,10407499419,1,"IOTHUB_CLIENT_CONFIRMATION_OK"
3656,10407499585,10407499616,1,"IOTHUB_CLIENT_CONFIRMATION_OK"
3657,10407499785,10407499826,1,"IOTHUB_CLIENT_CONFIRMATION_OK"
3658,10407499986,10407500024,1,"IOTHUB_CLIENT_CONFIRMATION_OK"
3659,10407500186,10407500232,1,"IOTHUB_CLIENT_CONFIRMATION_OK"
3660,10407500386,10407500425,1,"IOTHUB_CLIENT_CONFIRMATION_OK"
3661,10407500586,10407500625,1,"IOTHUB_CLIENT_CONFIRMATION_OK"
3662,10407500786,10407500831,1,"IOTHUB_CLIENT_CONFIRMATION_OK"
3663,10407500986,10407501028,1,"IOTHUB_CLIENT_CONFIRMATION_OK"
3664,10407501186,10407501217,1,"IOTHUB_CLIENT_CONFIRMATION_OK"
3665,10407501387,10407501424,1,"IOTHUB_CLIENT_CONFIRMATION_OK"
3666,10407501587,10407501641,1,"IOTHUB_CLIENT_CONFIRMATION_OK"
3667,10407501787,10407501821,1,"IOTHUB_CLIENT_CONFIRMATION_OK"
3668,10407501987,10407502047,1,"IOTHUB_CLIENT_CONFIRMATION_OK"
3669,10407502187,10407502221,1,"IOTHUB_CLIENT_CONFIRMATION_OK"
3670,10407502387,10407502447,1,"IOTHUB_CLIENT_CONFIRMATION_OK"
3671,10407502588,10407502626,1,"IOTHUB_CLIENT_CONFIRMATION_OK"
3672,10407502788,10407502817,1,"IOTHUB_CLIENT_CONFIRMATION_OK"
3673,10407502988,10407503122,1,"IOTHUB_CLIENT_CONFIRMATION_OK"
3674,10407503188,10407503229,1,"IOTHUB_CLIENT_CONFIRMATION_OK"
3675,10407503388,10407503431,1,"IOTHUB_CLIENT_CONFIRMATION_OK"
3676,10407503588,10407503640,1,"IOTHUB_CLIENT_CONFIRMATION_OK"
3677,10407503789,10407503831,1,"IOTHUB_CLIENT_CONFIRMATION_OK"
3678,10407503989,10407504156,1,"IOTHUB_CLIENT_CONFIRMATION_OK"
3679,10407504189,10407504229,1,"IOTHUB_CLIENT_CONFIRMATION_OK"
3680,10407504389,10407504426,1,"IOTHUB_CLIENT_CONFIRMATION_OK"
3681,10407504589,10407504621,1,"IOTHUB_CLIENT_CONFIRMATION_OK"
3682,10407504789,10407504821,1,"IOTHUB_CLIENT_CONFIRMATION_OK"
3683,10407504989,10407505025,1,"IOTHUB_CLIENT_CONFIRMATION_OK"
3684,10407505190,10407505225,1,"IOTHUB_CLIENT_CONFIRMATION_OK"
3685,10407505390,10407505434,1,"IOTHUB_CLIENT_CONFIRMATION_OK"
3686,10407505590,10407505630,1,"IOTHUB_CLIENT_CONFIRMATION_OK"
3687,10407505790,10407505831,1,"IOTHUB_CLIENT_CONFIRMATION_OK"
3688,10407505990,10407506027,1,"IOTHUB_CLIENT_CONFIRMATION_OK"
3689,10407506190,10407506232,1,"IOTHUB_CLIENT_CONFIRMATION_OK"
3690,10407506391,10407506443,1,"IOTHUB_CLIENT_CONFIRMATION_OK"
3691,10407506591,10407506812,1,"IOTHUB_CLIENT_CONFIRMATION_OK"
3692,10407506791,10407506852,1,"IOTHUB_CLIENT_CONFIRMATION_OK"
3693,10407506991,10407507031,1,"IOTHUB_CLIENT_CONFIRMATION_OK"
3694,10407507191,10407507255,1,"IOTHUB_CLIENT_CONFIRMATION_OK"
3695,10407507391,10407507532,1,"IOTHUB_CLIENT_CONFIRMATION_OK"
3696,10407507592,10407507641,1,"IOTHUB_CLIENT_CONFIRMATION_OK"
3697,10407507792,10407507834,1,"IOTHUB_CLIENT_CONFIRMATION_OK"
3698,10407507992,10407508024,1,"IOTHUB_CLIENT_CONFIRMATION_OK"
3699,10407508192,10407508248,1,"IOTHUB_CLIENT_CONFIRMATION_OK"
3700,10407508392,10407508427,1,"IOTHUB_CLIENT_CONFIRMATION_OK"
3701,10407508592,10407508634,1,"IOTHUB_CLIENT_CONFIRMATION_OK"
3702,10407508793,10407508904,1,"IOTHUB_CLIENT_CONFIRMATION_OK"
3703,10407508993,10407509025,1,"IOTHUB_CLIENT_CONFIRMATION_OK"
3704,10407509193,10407509247,1,"IOTHUB_CLIENT_CONFIRMATION_OK"
3705,10407509393,10407509439,1,"IOTHUB_CLIENT_CONFIRMATION_OK"
3706,10407509593,10407509636,1,"IOTHUB_CLIENT_CONFIRMATION_OK"
3707,10407509794,10407509958,1,"IOTHUB_CLIENT_CONFIRMATION_OK"
3708,10407509994,10407510058,1,"IOTHUB_CLIENT_CONFIRMATION_OK"
3709,10407510194,10407510246,1,"IOTHUB_CLIENT_CONFIRMATION_OK"
3710,10407510394,10407510444,1,"IOTHUB_CLIENT_CONFIRMATION_OK"
3711,10407510594,10407510643,1,"IOTHUB_CLIENT_CONFIRMATION_OK"
3712,10407510794,10407510843,1,"IOTHUB_CLIENT_CONFIRMATION_OK"
3713,10407510995,10407511035,1,"IOTHUB_CLIENT_CONFIRMATION_OK"
3714,10407511195,10407511225,1,"IOTHUB_CLIENT_CONFIRMATION_OK"
3715,10407511395,10407511441,1,"IOTHUB_CLIENT_CONFIRMATION_OK"
3716,10407511595,10407511639,1,"IOTHUB_CLIENT_CONFIRMATION_OK"
3717,10407511795,10407511842,1,"IOTHUB_CLIENT_CONFIRMATION_OK"
3718,10407511995,10407512135,1,"IOTHUB_CLIENT_CONFIRMATION_OK"
3719,10407512196,10407512234,1,"IOTHUB_CLIENT_CONFIRMATION_OK"
3720,10407512396,10407512433,1,"IOTHUB_CLIENT_CONFIRMATION_OK"
3721,10407512596,10407512633,1,"IOTHUB_CLIENT_CONFIRMATION_OK"
3722,10407512796,10407512865,1,"IOTHUB_CLIENT_CONFIRMATION_OK"
3723,10407512996,10407513061,1,"IOTHUB_CLIENT_CONFIRMATION_OK"
3724,10407513196,10407513230,1,"IOTHUB_CLIENT_CONFIRMATION_OK"
3725,10407513397,10407513432,1,"IOTHUB_CLIENT_CONFIRMATION_OK"
3726,10407513597,10407513658,1,"IOTHUB_CLIENT_CONFIRMATION_OK"
3727,10407513797,10407513834,1,"IOTHUB_CLIENT_CONFIRMATION_OK"
3728,10407513997,10407514079,1,"IOTHUB_CLIENT_CONFIRMATION_OK"
3729,10407514197,10407514256,1,"IOTHUB_CLIENT_CONFIRMATION_OK"
3730,10407514397,10407514433,1,"IOTHUB_CLIENT_CONFIRMATION_OK"
3731,10407514598,10407514681,1,"IOTHUB_CLIENT_CONFIRMATION_OK"
3732,10407514798,10407514843,1,"IOTHUB_CLIENT_CONFIRMATION_OK"
3733,10407514998,10407515029,1,"IOTHUB_CLIENT_CONFIRMATION_OK"
3734,10407515198,10407515239,1,"IOTHUB_CLIENT_CONFIRMATION_OK"
3735,10407515398,10407515436,1,"IOTHUB_CLIENT_CONFIRMATION_OK"
3736,10407515598,10407515697,1,"IOTHUB_CLIENT_CONFIRMATION_OK"
3737,10407515799,10407515845,1,"IOTHUB_CLIENT_CONFIRMATION_OK"
3738,10407515999,10407516057,1,"IOTHUB_CLIENT_CONFIRMATION_OK"
3739,10407516199,10407516237,1,"IOTHUB_CLIENT_CONFIRMATION_OK"
3740,10407516399,10407516435,1,"IOTHUB_CLIENT_CONFIRMATION_OK"
3741,10407516599,10407516740,1,"IOTHUB_CLIENT_CONFIRMATION_OK"
3742,10407516799,10407516862,1,"IOTHUB_CLIENT_CONFIRMATION_OK"
3743,10407517000,10407517031,1,"IOTHUB_CLIENT_CONFIRMATION_OK"
3744,10407517200,10407517348,1,"IOTHUB_CLIENT_CONFIRMATION_OK"
3745,10407517400,10407517434,1,"IOTHUB_CLIENT_CONFIRMATION_OK"
3746,10407517600,10407517632,1,"IOTHUB_CLIENT_CONFIRMATION_OK"
3747,10407517800,10407517845,1,"IOTHUB_CLIENT_CONFIRMATION_OK"
3748,10407518000,10407518039,1,"IOTHUB_CLIENT_CONFIRMATION_OK"
3749,10407518201,10407518361,1,"IOTHUB_CLIENT_CONFIRMATION_OK"
3750,10407518401,10407518446,1,"IOTHUB_CLIENT_CONFIRMATION_OK"
3751,10407518601,10407518634,1,"IOTHUB_CLIENT_CONFIRMATION_OK"
3752,10407518801,10407518839,1,"IOTHUB_CLIENT_CONFIRMATION_OK"
3753,10407519001,10407519038,1,"IOTHUB_CLIENT_CONFIRMATION_OK"
3754,10407519201,10407519239,1,"IOTHUB_CLIENT_CONFIRMATION_OK"
3755,10407519402,10407519445,1,"IOTHUB_CLIENT_CONFIRMATION_OK"
3756,10407519602,10407519631,1,"IOTHUB_CLIENT_CONFIRMATION_OK"
3757,10407519802,10407520008,1,"IOTHUB_CLIENT_CONFIRMATION_OK"
3758,10407520002,10407520037,1,"IOTHUB_CLIENT_CONFIRMATION_OK"
3759,10407520202,10407520237,1,"IOTHUB_CLIENT_CONFIRMATION_OK"
3760,10407520402,10407520447,1,"IOTHUB_CLIENT_CONFIRMATION_OK"
3761,10407520603,10407520638,1,"IOTHUB_CLIENT_CONFIRMATION_OK"
3762,10407520803,10407520835,1,"IOTHUB_CLIENT_CONFIRMATION_OK"
3763,10407521003,10407521043,1,"IOTHUB_CLIENT_CONFIRMATION_OK"
3764,10407521203,10407521237,1,"IOTHUB_CLIENT_CONFIRMATION_OK"
3765,10407521403,10407521437,1,"IOTHUB_CLIENT_CONFIRMATION_OK"
3766,10407521603,10407521635,1,"IOTHUB_CLIENT_CONFIRMATION_OK"
3767,10407521804,10407521840,1,"IOTHUB_CLIENT_CONFIRMATION_OK"
3768,10407522004,10407522049,1,"IOTHUB_CLIENT_CONFIRMATION_OK"
3769,10407522204,10407522340,1,"IOTHUB_CLIENT_CONFIRMATION_OK"
3770,10407522404,10407522443,1,"IOTHUB_CLIENT_CONFIRMATION_OK"
3771,10407522604,10407522641,1,"IOTHUB_CLIENT_CONFIRMATION_OK"
3772,10407522804,10407522846,1,"IOTHUB_CLIENT_CONFIRMATION_OK"
3773,10407523005,10407523059,1,"IOTHUB_CLIENT_CONFIRMATION_OK"
3774,10407523205,10407523238,1,"IOTHUB_CLIENT_CONFIRMATION_OK"
3775,10407523405,10407523465,1,"IOTHUB_CLIENT_CONFIRMATION_OK"
3776,10407523605,10407523650,1,"IOTHUB_CLIENT_CONFIRMATION_OK"
3777,10407523805,10407523837,1,"IOTHUB_CLIENT_CONFIRMATION_OK"
3778,10407524005,10407524076,1,"IOTHUB_CLIENT_CONFIRMATION_OK"
3779,10407524206,10407524238,1,"IOTHUB_CLIENT_CONFIRMATION_OK"
3780,10407524406,10407524445,1,"IOTHUB_CLIENT_CONFIRMATION_OK"
3781,10407524606,10407524708,1,"IOTHUB_CLIENT_CONFIRMATION_OK"
3782,10407524806,10407524848,1,"IOTHUB_CLIENT_CONFIRMATION_OK"
3783,10407525006,10407525050,1,"IOTHUB_CLIENT_CONFIRMATION_OK"
3784,10407525206,10407525236,1,"IOTHUB_CLIENT_CONFIRMATION_OK"
3785,10407525407,10407525442,1,"IOTHUB_CLIENT_CONFIRMATION_OK"
3786,10407525607,10407525731,1,"IOTHUB_CLIENT_CONFIRMATION_OK"
3787,10407525807,10407525842,1,"IOTHUB_CLIENT_CONFIRMATION_OK"
3788,10407526007,10407526042,1,"IOTHUB_CLIENT_CONFIRMATION_OK"
3789,10407526207,10407526241,1,"IOTHUB_CLIENT_CONFIRMATION_OK"
3790,10407526407,10407526440,1,"IOTHUB_CLIENT_CONFIRMATION_OK"
3791,10407526608,10407526775,1,"IOTHUB_CLIENT_CONFIRMATION_OK"
3792,10407526808,10407526845,1,"IOTHUB_CLIENT_CONFIRMATION_OK"
3793,10407527008,10407527041,1,"IOTHUB_CLIENT_CONFIRMATION_OK"
3794,10407527208,10407527243,1,"IOTHUB_CLIENT_CONFIRMATION_OK"
3795,10407527408,10407527465,1,"IOTHUB_CLIENT_CONFIRMATION_OK"
3796,10407527608,10407527644,1,"IOTHUB_CLIENT_CONFIRMATION_OK"
3797,10407527809,10407527845,1,"IOTHUB_CLIENT_CONFIRMATION_OK"
3798,10407528009,10407528050,1,"IOTHUB_CLIENT_CONFIRMATION_OK"
3799,10407528209,10407528251,1,"IOTHUB_CLIENT_CONFIRMATION_OK"
3800,10407528409,10407528456,1,"IOTHUB_CLIENT_CONFIRMATION_OK"
3801,10407528609,10407528642,1,"IOTHUB_CLIENT_CONFIRMATION_OK"
3802,10407528809,10407528877,1,"IOTHUB_CLIENT_CONFIRMATION_OK"
3803,10407529010,10407529060,1,"IOTHUB_CLIENT_CONFIRMATION_OK"
3804,10407529210,10407529243,1,"IOTHUB_CLIENT_CONFIRMATION_OK"
3805,10407529410,10407529443,1,"IOTHUB_CLIENT_CONFIRMATION_OK"
3806,10407529610,10407529648,1,"IOTHUB_CLIENT_CONFIRMATION_OK"
3807,10407529810,10407529872,1,"IOTHUB_CLIENT_CONFIRMATION_OK"
3808,10407530010,10407530086,1,"IOTHUB_CLIENT_CONFIRMATION_OK"
3809,10407530211,10407530246,1,"IOTHUB_CLIENT_CONFIRMATION_OK"
3810,10407530411,10407530493,1,"IOTHUB_CLIENT_CONFIRMATION_OK"
3811,10407530611,10407530660,1,"IOTHUB_CLIENT_CONFIRMATION_OK"
3812,10407530811,10407530846,1,"IOTHUB_CLIENT_CONFIRMATION_OK"
3813,10407531011,10407531042,1,"IOTHUB_CLIENT_CONFIRMATION_OK"
3814,10407531211,10407531243,1,"IOTHUB_CLIENT_CONFIRMATION_OK"
3815,10407531412,10407531540,1,"IOTHUB_CLIENT_CONFIRMATION_OK"
3816,10407531612,10407531658,1,"IOTHUB_CLIENT_CONFIRMATION_OK"
3817,10407531812,10407531842,1,"IOTHUB_CLIENT_CONFIRMATION_OK"
3818,10407532012,10407532043,1,"IOTHUB_CLIENT_CONFIRMATION_OK"
3819,10407532212,10407532277,1,"IOTHUB_CLIENT_CONFIRMATION_OK"
3820,10407532412,10407532570,1,"IOTHUB_CLIENT_CONFIRMATION_OK"
3821,10407532613,10407532643,1,"IOTHUB_CLIENT_CONFIRMATION_OK"
3822,10407532813,10407532850,1,"IOTHUB_CLIENT_CONFIRMATION_OK"
3823,10407533013,10407533047,1,"IOTHUB_CLIENT_CONFIRMATION_OK"
3824,10407533213,10407533253,1,"IOTHUB_CLIENT_CONFIRMATION_OK"
3825,10407533413,10407533463,1,"IOTHUB_CLIENT_CONFIRMATION_OK"
3826,10407533613,10407533674,1,"IOTHUB_CLIENT_CONFIRMATION_OK"
3827,10407533814,10407533849,1,"IOTHUB_CLIENT_CONFIRMATION_OK"
3828,10407534014,10407534184,1,"IOTHUB_CLIENT_CONFIRMATION_OK"
3829,10407534214,10407534264,1,"IOTHUB_CLIENT_CONFIRMATION_OK"
3830,10407534414,10407534453,1,"IOTHUB_CLIENT_CONFIRMATION_OK"
3831,10407534614,10407534649,1,"IOTHUB_CLIENT_CONFIRMATION_OK"
3832,10407534814,10407534866,1,"IOTHUB_CLIENT_CONFIRMATION_OK"
3833,10407535015,10407535058,1,"IOTHUB_CLIENT_CONFIRMATION_OK"
3834,10407535215,10407535268,1,"IOTHUB_CLIENT_CONFIRMATION_OK"
3835,10407535415,10407535481,1,"IOTHUB_CLIENT_CONFIRMATION_OK"
3836,10407535615,10407535672,1,"IOTHUB_CLIENT_CONFIRMATION_OK"
3837,10407535815,10407535847,1,"IOTHUB_CLIENT_CONFIRMATION_OK"
3838,10407536015,10407536051,1,"IOTHUB_CLIENT_CONFIRMATION_OK"
3839,10407536216,10407536289,1,"IOTHUB_CLIENT_CONFIRMATION_OK"
3840,10407536416,10407536453,1,"IOTHUB_CLIENT_CONFIRMATION_OK"
3841,10407536616,10407536671,1,"IOTHUB_CLIENT_CONFIRMATION_OK"
3842,10407536816,10407536851,1,"IOTHUB_CLIENT_CONFIRMATION_OK"
3843,10407537016,10407537045,1,"IOTHUB_CLIENT_CONFIRMATION_OK"
3844,10407537216,10407537286,1,"IOTHUB_CLIENT_CONFIRMATION_OK"
3845,10407537417,10407537453,1,"IOTHUB_CLIENT_CONFIRMATION_OK"
3846,10407537617,10407537672,1,"IOTHUB_CLIENT_CONFIRMATION_OK"
3847,10407537817,10407537858,1,"IOTHUB_CLIENT_CONFIRMATION_OK"
3848,10407538017,10407538051,1,"IOTHUB_CLIENT_CONFIRMATION_OK"
3849,10407538217,10407538296,1,"IOTHUB_CLIENT_CONFIRMATION_OK"
3850,10407538417,10407538450,1,"IOTHUB_CLIENT_CONFIRMATION_OK"
3851,10407538618,10407538665,1,"IOTHUB_CLIENT_CONFIRMATION_OK"
3852,10407538818,10407538917,1,"IOTHUB_CLIENT_CONFIRMATION_OK"
3853,10407539018,10407539068,1,"IOTHUB_CLIENT_CONFIRMATION_OK"
3854,10407539218,10407539255,1,"IOTHUB_CLIENT_CONFIRMATION_OK"
3855,10407539418,10407539465,1,"IOTHUB_CLIENT_CONFIRMATION_OK"
3856,10407539618,10407539651,1,"IOTHUB_CLIENT_CONFIRMATION_OK"
3857,10407539819,10407539946,1,"IOTHUB_CLIENT_CONFIRMATION_OK"
3858,10407540019,10407540059,1,"IOTHUB_CLIENT_CONFIRMATION_OK"
3859,10407540219,10407540259,1,"IOTHUB_CLIENT_CONFIRMATION_OK"
3860,10407540419,10407540453,1,"IOTHUB_CLIENT_CONFIRMATION_OK"
3861,10407540619,10407540686,1,"IOTHUB_CLIENT_CONFIRMATION_OK"
3862,10407540819,10407540895,1,"IOTHUB_CLIENT_CONFIRMATION_OK"
3863,10407541019,10407541058,1,"IOTHUB_CLIENT_CONFIRMATION_OK"
3864,10407541220,10407541256,1,"IOTHUB_CLIENT_CONFIRMATION_OK"
3865,10407541420,10407541456,1,"IOTHUB_CLIENT_CONFIRMATION_OK"
3866,10407541620,10407541652,1,"IOTHUB_CLIENT_CONFIRMATION_OK"
3867,10407541820,10407541860,1,"IOTHUB_CLIENT_CONFIRMATION_OK"
3868,10407542020,10407542053,1,"IOTHUB_CLIENT_CONFIRMATION_OK"
3869,10407542220,10407542252,1,"IOTHUB_CLIENT_CONFIRMATION_OK"
3870,10407542421,10407542464,1,"IOTHUB_CLIENT_CONFIRMATION_OK"
3871,10407542621,10407542652,1,"IOTHUB_CLIENT_CONFIRMATION_OK"
3872,10407542821,10407542878,1,"IOTHUB_CLIENT_CONFIRMATION_OK"
3873,10407543021,10407543062,1,"IOTHUB_CLIENT_CONFIRMATION_OK"
3874,10407543221,10407543280,1,"IOTHUB_CLIENT_CONFIRMATION_OK"
3875,10407543421,10407543466,1,"IOTHUB_CLIENT_CONFIRMATION_OK"
3876,10407543622,10407543677,1,"IOTHUB_CLIENT_CONFIRMATION_OK"
3877,10407543822,10407543866,1,"IOTHUB_CLIENT_CONFIRMATION_OK"
3878,10407544022,10407544082,1,"IOTHUB_CLIENT_CONFIRMATION_OK"
3879,10407544222,10407544268,1,"IOTHUB_CLIENT_CONFIRMATION_OK"
3880,10407544422,10407544482,1,"IOTHUB_CLIENT_CONFIRMATION_OK"
3881,10407544622,10407544721,1,"IOTHUB_CLIENT_CONFIRMATION_OK"
3882,10407544823,10407544868,1,"IOTHUB_CLIENT_CONFIRMATION_OK"
3883,10407545023,10407545071,1,"IOTHUB_CLIENT_CONFIRMATION_OK"
3884,10407545223,10407545266,1,"IOTHUB_CLIENT_CONFIRMATION_OK"
3885,10407545423,10407545509,1,"IOTHUB_CLIENT_CONFIRMATION_OK"
3886,10407545623,10407545725,1,"IOTHUB_CLIENT_CONFIRMATION_OK"
3887,10407545823,10407545872,1,"IOTHUB_CLIENT_CONFIRMATION_OK"
3888,10407546024,10407546060,1,"IOTHUB_CLIENT_CONFIRMATION_OK"
3889,10407546224,10407546316,1,"IOTHUB_CLIENT_CONFIRMATION_OK"
3890,10407546424,10407546471,1,"IOTHUB_CLIENT_CONFIRMATION_OK"
3891,10407546624,10407546735,1,"IOTHUB_CLIENT_CONFIRMATION_OK"
3892,10407546824,10407546863,1,"IOTHUB_CLIENT_CONFIRMATION_OK"
3893,10407547024,10407547077,1,"IOTHUB_CLIENT_CONFIRMATION_OK"
3894,10407547225,10407547351,1,"IOTHUB_CLIENT_CONFIRMATION_OK"
3895,10407547425,10407547465,1,"IOTHUB_CLIENT_CONFIRMATION_OK"
3896,10407547625,10407547662,1,"IOTHUB_CLIENT_CONFIRMATION_OK"
3897,10407547825,10407547860,1,"IOTHUB_CLIENT_CONFIRMATION_OK"
3898,10407548025,10407548057,1,"IOTHUB_CLIENT_CONFIRMATION_OK"
3899,10407548225,10407548364,1,"IOTHUB_CLIENT_CONFIRMATION_OK"
3900,10407548426,10407548470,1,"IOTHUB_CLIENT_CONFIRMATION_OK"
3901,10407548626,10407548660,1,"IOTHUB_CLIENT_CONFIRMATION_OK"
3902,10407548826,10407548879,1,"IOTHUB_CLIENT_CONFIRMATION_OK"
3903,10407549026,10407549058,1,"IOTHUB_CLIENT_CONFIRMATION_OK"
3904,10407549226,10407549258,1,"IOTHUB_CLIENT_CONFIRMATION_OK"
3905,10407549426,10407549474,1,"IOTHUB_CLIENT_CONFIRMATION_OK"
3906,10407549627,10407549672,1,"IOTHUB_CLIENT_CONFIRMATION_OK"
3907,10407549827,10407549871,1,"IOTHUB_CLIENT_CONFIRMATION_OK"
3908,10407550027,10407550179,1,"IOTHUB_CLIENT_CONFIRMATION_OK"
3909,10407550227,10407550270,1,"IOTHUB_CLIENT_CONFIRMATION_OK"
3910,10407550427,10407550473,1,"IOTHUB_CLIENT_CONFIRMATION_OK"
3911,10407550628,10407550675,1,"IOTHUB_CLIENT_CONFIRMATION_OK"
3912,10407550828,10407550859,1,"IOTHUB_CLIENT_CONFIRMATION_OK"
3913,10407551028,10407551118,1,"IOTHUB_CLIENT_CONFIRMATION_OK"
3914,10407551228,10407551275,1,"IOTHUB_CLIENT_CONFIRMATION_OK"
3915,10407551428,10407551505,1,"IOTHUB_CLIENT_CONFIRMATION_OK"
3916,10407551628,10407551741,1,"IOTHUB_CLIENT_CONFIRMATION_OK"
3917,10407551828,10407551872,1,"IOTHUB_CLIENT_CONFIRMATION_OK"
3918,10407552029,10407552065,1,"IOTHUB_CLIENT_CONFIRMATION_OK"
3919,10407552229,10407552273,1,"IOTHUB_CLIENT_CONFIRMATION_OK"
3920,10407552429,10407552546,1,"IOTHUB_CLIENT_CONFIRMATION_OK"
3921,10407552629,10407552673,1,"IOTHUB_CLIENT_CONFIRMATION_OK"
3922,10407552829,10407552868,1,"IOTHUB_CLIENT_CONFIRMATION_OK"
3923,10407553029,10407553164,1,"IOTHUB_CLIENT_CONFIRMATION_OK"
3924,10407553230,10407553272,1,"IOTHUB_CLIENT_CONFIRMATION_OK"
3925,10407553430,10407553484,1,"IOTHUB_CLIENT_CONFIRMATION_OK"
3926,10407553630,10407553673,1,"IOTHUB_CLIENT_CONFIRMATION_OK"
3927,10407553830,10407553867,1,"IOTHUB_CLIENT_CONFIRMATION_OK"
3928,10407554030,10407554164,1,"IOTHUB_CLIENT_CONFIRMATION_OK"
3929,10407554231,10407554280,1,"IOTHUB_CLIENT_CONFIRMATION_OK"
3930,10407554431,10407554465,1,"IOTHUB_CLIENT_CONFIRMATION_OK"
3931,10407554631,10407554679,1,"IOTHUB_CLIENT_CONFIRMATION_OK"
3932,10407554831,10407554877,1,"IOTHUB_CLIENT_CONFIRMATION_OK"
3933,10407555031,10407555077,1,"IOTHUB_CLIENT_CONFIRMATION_OK"
3934,10407555231,10407555275,1,"IOTHUB_CLIENT_CONFIRMATION_OK"
3935,10407555432,10407555470,1,"IOTHUB_CLIENT_CONFIRMATION_OK"
3936,10407555632,10407555678,1,"IOTHUB_CLIENT_CONFIRMATION_OK"
3937,10407555832,10407555875,1,"IOTHUB_CLIENT_CONFIRMATION_OK"
3938,10407556032,10407556076,1,"IOTHUB_CLIENT_CONFIRMATION_OK"
3939,10407556232,10407556277,1,"IOTHUB_CLIENT_CONFIRMATION_OK"
3940,10407556432,10407556483,1,"IOTHUB_CLIENT_CONFIRMATION_OK"
3941,10407556632,10407556853,1,"IOTHUB_CLIENT_CONFIRMATION_OK"
3942,10407556833,10407556877,1,"IOTHUB_CLIENT_CONFIRMATION_OK"
3943,10407557033,10407557077,1,"IOTHUB_CLIENT_CONFIRMATION_OK"
3944,10407557233,10407557278,1,"IOTHUB_CLIENT_CONFIRMATION_OK"
3945,10407557433,10407557474,1,"IOTHUB_CLIENT_CONFIRMATION_OK"
3946,10407557633,10407557670,1,"IOTHUB_CLIENT_CONFIRMATION_OK"
3947,10407557833,10407557884,1,"IOTHUB_CLIENT_CONFIRMATION_OK"
3948,10407558034,10407558072,1,"IOTHUB_CLIENT_CONFIRMATION_OK"
3949,10407558234,10407558291,1,"IOTHUB_CLIENT_CONFIRMATION_OK"
3950,10407558434,10407558472,1,"IOTHUB_CLIENT_CONFIRMATION_OK"
3951,10407558634,10407558686,1,"IOTHUB_CLIENT_CONFIRMATION_OK"
3952,10407558834,10407558895,1,"IOTHUB_CLIENT_CONFIRMATION_OK"
3953,10407559034,10407559086,1,"IOTHUB_CLIENT_CONFIRMATION_OK"
3954,10407559235,10407559283,1,"IOTHUB_CLIENT_CONFIRMATION_OK"
3955,10407559435,10407559479,1,"IOTHUB_CLIENT_CONFIRMATION_OK"
3956,10407559635,10407559679,1,"IOTHUB_CLIENT_CONFIRMATION_OK"
3957,10407559835,10407559927,1,"IOTHUB_CLIENT_CONFIRMATION_OK"
3958,10407560035,10407560075,1,"IOTHUB_CLIENT_CONFIRMATION_OK"
3959,10407560235,10407560278,1,"IOTHUB_CLIENT_CONFIRMATION_OK"
3960,10407560435,10407560528,1,"IOTHUB_CLIENT_CONFIRMATION_OK"
3961,10407560636,10407560673,1,"IOTHUB_CLIENT_CONFIRMATION_OK"
3962,10407560836,10407560928,1,"IOTHUB_CLIENT_CONFIRMATION_OK"
3963,10407561036,10407561083,1,"IOTHUB_CLIENT_CONFIRMATION_OK"
3964,10407561236,10407561286,1,"IOTHUB_CLIENT_CONFIRMATION_OK"
3965,10407561436,10407561557,1,"IOTHUB_CLIENT_CONFIRMATION_OK"
3966,10407561636,10407561693,1,"IOTHUB_CLIENT_CONFIRMATION_OK"
3967,10407561837,10407561877,1,"IOTHUB_CLIENT_CONFIRMATION_OK"
3968,10407562037,10407562082,1,"IOTHUB_CLIENT_CONFIRMATION_OK"
3969,10407562237,10407562282,1,"IOTHUB_CLIENT_CONFIRMATION_OK"
3970,10407562437,10407562562,1,"IOTHUB_CLIENT_CONFIRMATION_OK"
3971,10407562637,10407562677,1,"IOTHUB_CLIENT_CONFIRMATION_OK"
3972,10407562837,10407562877,1,"IOTHUB_CLIENT_CONFIRMATION_OK"
3973,10407563038,10407563079,1,"IOTHUB_CLIENT_CONFIRMATION_OK"
3974,10407563238,10407563279,1,"IOTHUB_CLIENT_CONFIRMATION_OK"
3975,10407563438,10407563479,1,"IOTHUB_CLIENT_CONFIRMATION_OK"
3976,10407563638,10407563678,1,"IOTHUB_CLIENT_CONFIRMATION_OK"
3977,10407563838,10407563888,1,"IOTHUB_CLIENT_CONFIRMATION_OK"
3978,10407564038,10407564208,1,"IOTHUB_CLIENT_CONFIRMATION_OK"
3979,10407564238,10407564284,1,"IOTHUB_CLIENT_CONFIRMATION_OK"
3980,10407564439,10407564478,1,"IOTHUB_CLIENT_CONFIRMATION_OK"
3981,10407564639,10407564982,1,"IOTHUB_CLIENT_CONFIRMATION_OK"
3982,10407564839,10407565021,1,"IOTHUB_CLIENT_CONFIRMATION_OK"
3983,10407565039,10407565092,1,"IOTHUB_CLIENT_CONFIRMATION_OK"
3984,10407565239,10407565637,1,"IOTHUB_CLIENT_CONFIRMATION_OK"
3985,10407565439,10407565659,1,"IOTHUB_CLIENT_CONFIRMATION_OK"
3986,10407565640,10407565681,1,"IOTHUB_CLIENT_CONFIRMATION_OK"
3987,10407565840,10407565883,1,"IOTHUB_CLIENT_CONFIRMATION_OK"
3988,10407566040,10407566103,1,"IOTHUB_CLIENT_CONFIRMATION_OK"
3989,10407566240,10407566281,1,"IOTHUB_CLIENT_CONFIRMATION_OK"
3990,10407566440,10407566485,1,"IOTHUB_CLIENT_CONFIRMATION_OK"
3991,10407566640,10407566799,1,"IOTHUB_CLIENT_CONFIRMATION_OK"
3992,10407566841,10407566879,1,"IOTHUB_CLIENT_CONFIRMATION_OK"
3993,10407567041,10407567082,1,"IOTHUB_CLIENT_CONFIRMATION_OK"
3994,10407567241,10407567283,1,"IOTHUB_CLIENT_CONFIRMATION_OK"
3995,10407567441,10407567482,1,"IOTHUB_CLIENT_CONFIRMATION_OK"
3996,10407567641,10407567684,1,"IOTHUB_CLIENT_CONFIRMATION_OK"
3997,10407567841,10407567900,1,"IOTHUB_CLIENT_CONFIRMATION_OK"
3998,10407568041,10407568078,1,"IOTHUB_CLIENT_CONFIRMATION_OK"
3999,10407568242,10407568431,1,"IOTHUB_CLIENT_CONFIRMATION_OK"
4000,10407568442,10407568489,1,"IOTHUB_CLIENT_CONFIRMATION_OK"
4001,10407568642,10407568686,1,"IOTHUB_CLIENT_CONFIRMATION_OK"
4002,10407568842,10407568882,1,"IOTHUB_CLIENT_CONFIRMATION_OK"
4003,10407569042,10407569145,1,"IOTHUB_CLIENT_CONFIRMATION_OK"
4004,10407569242,10407569286,1,"IOTHUB_CLIENT_CONFIRMATION_OK"
4005,10407569442,10407569493,1,"IOTHUB_CLIENT_CONFIRMATION_OK"
4006,10407569643,10407569678,1,"IOTHUB_CLIENT_CONFIRMATION_OK"
4007,10407569843,10407569879,1,"IOTHUB_CLIENT_CONFIRMATION_OK"
4008,10407570043,10407570080,1,"IOTHUB_CLIENT_CONFIRMATION_OK"
4009,10407570243,10407570283,1,"IOTHUB_CLIENT_CONFIRMATION_OK"
4010,10407570443,10407570477,1,"IOTHUB_CLIENT_CONFIRMATION_OK"
4011,10407570643,10407570689,1,"IOTHUB_CLIENT_CONFIRMATION_OK"
4012,10407570844,10407571072,1,"IOTHUB_CLIENT_CONFIRMATION_OK"
4013,10407571044,10407571095,1,"IOTHUB_CLIENT_CONFIRMATION_OK"
4014,10407571244,10407571288,1,"IOTHUB_CLIENT_CONFIRMATION_OK"
4015,10407571444,10407571518,1,"IOTHUB_CLIENT_CONFIRMATION_OK"
4016,10407571644,10407571683,1,"IOTHUB_CLIENT_CONFIRMATION_OK"
4017,10407571844,10407571881,1,"IOTHUB_CLIENT_CONFIRMATION_OK"
4018,10407572044,10407572092,1,"IOTHUB_CLIENT_CONFIRMATION_OK"
4019,10407572245,10407572289,1,"IOTHUB_CLIENT_CONFIRMATION_OK"
4020,10407572445,10407572584,1,"IOTHUB_CLIENT_CONFIRMATION_OK"
4021,10407572645,10407572710,1,"IOTHUB_CLIENT_CONFIRMATION_OK"
4022,10407572845,10407572903,1,"IOTHUB_CLIENT_CONFIRMATION_OK"
4023,10407573045,10407573084,1,"IOTHUB_CLIENT_CONFIRMATION_OK"
4024,10407573245,10407573290,1,"IOTHUB_CLIENT_CONFIRMATION_OK"
4025,10407573446,10407573497,1,"IOTHUB_CLIENT_CONFIRMATION_OK"
4026,10407573646,10407573692,1,"IOTHUB_CLIENT_CONFIRMATION_OK"
4027,10407573846,10407573903,1,"IOTHUB_CLIENT_CONFIRMATION_OK"
4028,10407574046,10407574099,1,"IOTHUB_CLIENT_CONFIRMATION_OK"
4029,10407574246,10407574312,1,"IOTHUB_CLIENT_CONFIRMATION_OK"
4030,10407574446,10407574496,1,"IOTHUB_CLIENT_CONFIRMATION_OK"
4031,10407574646,10407574707,1,"IOTHUB_CLIENT_CONFIRMATION_OK"
4032,10407574847,10407574905,1,"IOTHUB_CLIENT_CONFIRMATION_OK"
4033,10407575047,10407575088,1,"IOTHUB_CLIENT_CONFIRMATION_OK"
4034,10407575247,10407575285,1,"IOTHUB_CLIENT_CONFIRMATION_OK"
4035,10407575447,10407575484,1,"IOTHUB_CLIENT_CONFIRMATION_OK"
4036,10407575647,10407575724,1,"IOTHUB_CLIENT_CONFIRMATION_OK"
4037,10407575847,10407575897,1,"IOTHUB_CLIENT_CONFIRMATION_OK"
4038,10407576048,10407576090,1,"IOTHUB_CLIENT_CONFIRMATION_OK"
4039,10407576248,10407576348,1,"IOTHUB_CLIENT_CONFIRMATION_OK"
4040,10407576448,10407576488,1,"IOTHUB_CLIENT_CONFIRMATION_OK"
4041,10407576648,10407576767,1,"IOTHUB_CLIENT_CONFIRMATION_OK"
4042,10407576848,10407576895,1,"IOTHUB_CLIENT_CONFIRMATION_OK"
4043,10407577048,10407577087,1,"IOTHUB_CLIENT_CONFIRMATION_OK"
4044,10407577249,10407577439,1,"IOTHUB_CLIENT_CONFIRMATION_OK"
4045,10407577449,10407577486,1,"IOTHUB_CLIENT_CONFIRMATION_OK"
4046,10407577649,10407577701,1,"IOTHUB_CLIENT_CONFIRMATION_OK"
4047,10407577849,10407577890,1,"IOTHUB_CLIENT_CONFIRMATION_OK"
4048,10407578049,10407578093,1,"IOTHUB_CLIENT_CONFIRMATION_OK"
4049,10407578249,10407578338,1,"IOTHUB_CLIENT_CONFIRMATION_OK"
4050,10407578450,10407578488,1,"IOTHUB_CLIENT_CONFIRMATION_OK"
4051,10407578650,10407578719,1,"IOTHUB_CLIENT_CONFIRMATION_OK"
4052,10407578850,10407578965,1,"IOTHUB_CLIENT_CONFIRMATION_OK"
4053,10407579050,10407579094,1,"IOTHUB_CLIENT_CONFIRMATION_OK"
4054,10407579250,10407579288,1,"IOTHUB_CLIENT_CONFIRMATION_OK"
4055,10407579450,10407579495,1,"IOTHUB_CLIENT_CONFIRMATION_OK"
4056,10407579651,10407579702,1,"IOTHUB_CLIENT_CONFIRMATION_OK"
4057,10407579851,10407579978,1,"IOTHUB_CLIENT_CONFIRMATION_OK"
4058,10407580051,10407580088,1,"IOTHUB_CLIENT_CONFIRMATION_OK"
4059,10407580251,10407580284,1,"IOTHUB_CLIENT_CONFIRMATION_OK"
4060,10407580451,10407580494,1,"IOTHUB_CLIENT_CONFIRMATION_OK"
4061,10407580651,10407580690,1,"IOTHUB_CLIENT_CONFIRMATION_OK"
4062,10407580852,10407581025,1,"IOTHUB_CLIENT_CONFIRMATION_OK"
4063,10407581052,10407581095,1,"IOTHUB_CLIENT_CONFIRMATION_OK"
4064,10407581252,10407581299,1,"IOTHUB_CLIENT_CONFIRMATION_OK"
4065,10407581452,10407581492,1,"IOTHUB_CLIENT_CONFIRMATION_OK"
4066,10407581652,10407581726,1,"IOTHUB_CLIENT_CONFIRMATION_OK"
4067,10407581852,10407581890,1,"IOTHUB_CLIENT_CONFIRMATION_OK"
4068,10407582053,10407582082,1,"IOTHUB_CLIENT_CONFIRMATION_OK"
4069,10407582253,10407582302,1,"IOTHUB_CLIENT_CONFIRMATION_OK"
4070,10407582453,10407582647,1,"IOTHUB_CLIENT_CONFIRMATION_OK"
4071,10407582653,10407582689,1,"IOTHUB_CLIENT_CONFIRMATION_OK"
4072,10407582853,10407582892,1,"IOTHUB_CLIENT_CONFIRMATION_OK"
4073,10407583053,10407583095,1,"IOTHUB_CLIENT_CONFIRMATION_OK"
4074,10407583254,10407583297,1,"IOTHUB_CLIENT_CONFIRMATION_OK"
4075,10407583454,10407583525,1,"IOTHUB_CLIENT_CONFIRMATION_OK"
4076,10407583654,10407583701,1,"IOTHUB_CLIENT_CONFIRMATION_OK"
4077,10407583854,10407583892,1,"IOTHUB_CLIENT_CONFIRMATION_OK"
4078,10407584054,10407584312,1,"IOTHUB_CLIENT_CONFIRMATION_OK"
4079,10407584254,10407584348,1,"IOTHUB_CLIENT_CONFIRMATION_OK"
4080,10407584455,10407584507,1,"IOTHUB_CLIENT_CONFIRMATION_OK"
4081,10407584655,10407584740,1,"IOTHUB_CLIENT_CONFIRMATION_OK"
4082,10407584855,10407584892,1,"IOTHUB_CLIENT_CONFIRMATION_OK"
4083,10407585055,10407585096,1,"IOTHUB_CLIENT_CONFIRMATION_OK"
4084,10407585255,10407585320,1,"IOTHUB_CLIENT_CONFIRMATION_OK"
4085,10407585455,10407585495,1,"IOTHUB_CLIENT_CONFIRMATION_OK"
4086,10407585656,10407585755,1,"IOTHUB_CLIENT_CONFIRMATION_OK"
4087,10407585856,10407585895,1,"IOTHUB_CLIENT_CONFIRMATION_OK"
4088,10407586056,10407586100,1,"IOTHUB_CLIENT_CONFIRMATION_OK"
4089,10407586256,10407586297,1,"IOTHUB_CLIENT_CONFIRMATION_OK"
4090,10407586456,10407586506,1,"IOTHUB_CLIENT_CONFIRMATION_OK"
4091,10407586656,10407586910,1,"IOTHUB_CLIENT_CONFIRMATION_OK"
4092,10407586857,10407586938,1,"IOTHUB_CLIENT_CONFIRMATION_OK"
4093,10407587057,10407587099,1,"IOTHUB_CLIENT_CONFIRMATION_OK"
4094,10407587257,10407587303,1,"IOTHUB_CLIENT_CONFIRMATION_OK"
4095,10407587457,10407587505,1,"IOTHUB_CLIENT_CONFIRMATION_OK"
4096,10407587657,10407587745,1,"IOTHUB_CLIENT_CONFIRMATION_OK"
4097,10407587857,10407587898,1,"IOTHUB_CLIENT_CONFIRMATION_OK"
4098,10407588058,10407588120,1,"IOTHUB_CLIENT_CONFIRMATION_OK"
4099,10407588258,10407588322,1,"IOTHUB_CLIENT_CONFIRMATION_OK"
4100,10407588458,10407588503,1,"IOTHUB_CLIENT_CONFIRMATION_OK"
4101,10407588658,10407588709,1,"IOTHUB_CLIENT_CONFIRMATION_OK"
4102,10407588858,10407588934,1,"IOTHUB_CLIENT_CONFIRMATION_OK"
4103,10407589058,10407589099,1,"IOTHUB_CLIENT_CONFIRMATION_OK"
4104,10407589259,10407589304,1,"IOTHUB_CLIENT_CONFIRMATION_OK"
4105,10407589459,10407589499,1,"IOTHUB_CLIENT_CONFIRMATION_OK"
4106,10407589659,10407589703,1,"IOTHUB_CLIENT_CONFIRMATION_OK"
4107,10407589859,10407589944,1,"IOTHUB_CLIENT_CONFIRMATION_OK"
4108,10407590059,10407590094,1,"IOTHUB_CLIENT_CONFIRMATION_OK"
4109,10407590260,10407590302,1,"IOTHUB_CLIENT_CONFIRMATION_OK"
4110,10407590460,10407590576,1,"IOTHUB_CLIENT_CONFIRMATION_OK"
4111,10407590660,10407590705,1,"IOTHUB_CLIENT_CONFIRMATION_OK"
4112,10407590860,10407590976,1,"IOTHUB_CLIENT_CONFIRMATION_OK"
4113,10407591060,10407591096,1,"IOTHUB_CLIENT_CONFIRMATION_OK"
4114,10407591260,10407591310,1,"IOTHUB_CLIENT_CONFIRMATION_OK"
4115,10407591461,10407591572,1,"IOTHUB_CLIENT_CONFIRMATION_OK"
4116,10407591661,10407591707,1,"IOTHUB_CLIENT_CONFIRMATION_OK"
4117,10407591861,10407591897,1,"IOTHUB_CLIENT_CONFIRMATION_OK"
4118,10407592061,10407592101,1,"IOTHUB_CLIENT_CONFIRMATION_OK"
4119,10407592261,10407592312,1,"IOTHUB_CLIENT_CONFIRMATION_OK"
4120,10407592461,10407592507,1,"IOTHUB_CLIENT_CONFIRMATION_OK"
4121,10407592661,10407592705,1,"IOTHUB_CLIENT_CONFIRMATION_OK"
4122,10407592862,10407592909,1,"IOTHUB_CLIENT_CONFIRMATION_OK"
4123,10407593062,10407593149,1,"IOTHUB_CLIENT_CONFIRMATION_OK"
4124,10407593262,10407593301,1,"IOTHUB_CLIENT_CONFIRMATION_OK"
4125,10407593462,10407593506,1,"IOTHUB_CLIENT_CONFIRMATION_OK"
4126,10407593662,10407593705,1,"IOTHUB_CLIENT_CONFIRMATION_OK"
4127,10407593862,10407593897,1,"IOTHUB_CLIENT_CONFIRMATION_OK"
4128,10407594063,10407594146,1,"IOTHUB_CLIENT_CONFIRMATION_OK"
4129,10407594263,10407594302,1,"IOTHUB_CLIENT_CONFIRMATION_OK"
4130,10407594463,10407594509,1,"IOTHUB_CLIENT_CONFIRMATION_OK"
4131,10407594663,10407594789,1,"IOTHUB_CLIENT_CONFIRMATION_OK"
4132,10407594863,10407594914,1,"IOTHUB_CLIENT_CONFIRMATION_OK"
4133,10407595063,10407595098,1,"IOTHUB_CLIENT_CONFIRMATION_OK"
4134,10407595264,10407595310,1,"IOTHUB_CLIENT_CONFIRMATION_OK"
4135,10407595464,10407595504,1,"IOTHUB_CLIENT_CONFIRMATION_OK"
4136,10407595664,10407595788,1,"IOTHUB_CLIENT_CONFIRMATION_OK"
4137,10407595864,10407595914,1,"IOTHUB_CLIENT_CONFIRMATION_OK"
4138,10407596064,10407596099,1,"IOTHUB_CLIENT_CONFIRMATION_OK"
4139,10407596264,10407596321,1,"IOTHUB_CLIENT_CONFIRMATION_OK"
4140,10407596465,10407596503,1,"IOTHUB_CLIENT_CONFIRMATION_OK"
4141,10407596665,10407596826,1,"IOTHUB_CLIENT_CONFIRMATION_OK"
4142,10407596865,10407596911,1,"IOTHUB_CLIENT_CONFIRMATION_OK"
4143,10407597065,10407597115,1,"IOTHUB_CLIENT_CONFIRMATION_OK"
4144,10407597265,10407597413,1,"IOTHUB_CLIENT_CONFIRMATION_OK"
4145,10407597465,10407597514,1,"IOTHUB_CLIENT_CONFIRMATION_OK"
4146,10407597666,10407597710,1,"IOTHUB_CLIENT_CONFIRMATION_OK"
4147,10407597866,10407597906,1,"IOTHUB_CLIENT_CONFIRMATION_OK"
4148,10407598066,10407598107,1,"IOTHUB_CLIENT_CONFIRMATION_OK"
4149,10407598266,10407598429,1,"IOTHUB_CLIENT_CONFIRMATION_OK"
4150,10407598466,10407598506,1,"IOTHUB_CLIENT_CONFIRMATION_OK"
4151,10407598666,10407598713,1,"IOTHUB_CLIENT_CONFIRMATION_OK"
4152,10407598866,10407598907,1,"IOTHUB_CLIENT_CONFIRMATION_OK"
4153,10407599067,10407599120,1,"IOTHUB_CLIENT_CONFIRMATION_OK"
4154,10407599267,10407599306,1,"IOTHUB_CLIENT_CONFIRMATION_OK"
4155,10407599467,10407599509,1,"IOTHUB_CLIENT_CONFIRMATION_OK"
4156,10407599667,10407599726,1,"IOTHUB_CLIENT_CONFIRMATION_OK"
4157,10407599867,10407599904,1,"IOTHUB_CLIENT_CONFIRMATION_OK"
4158,10407600067,10407600121,1,"IOTHUB_CLIENT_CONFIRMATION_OK"
4159,10407600268,10407600313,1,"IOTHUB_CLIENT_CONFIRMATION_OK"
4160,10407600468,10407600512,1,"IOTHUB_CLIENT_CONFIRMATION_OK"
4161,10407600668,10407600739,1,"IOTHUB_CLIENT_CONFIRMATION_OK"
4162,10407600868,10407601181,1,"IOTHUB_CLIENT_CONFIRMATION_OK"
4163,10407601068,10407601202,1,"IOTHUB_CLIENT_CONFIRMATION_OK"
4164,10407601268,10407601330,1,"IOTHUB_CLIENT_CONFIRMATION_OK"
4165,10407601468,10407601583,1,"IOTHUB_CLIENT_CONFIRMATION_OK"
4166,10407601669,10407601702,1,"IOTHUB_CLIENT_CONFIRMATION_OK"
4167,10407601869,10407601918,1,"IOTHUB_CLIENT_CONFIRMATION_OK"
4168,10407602069,10407602112,1,"IOTHUB_CLIENT_CONFIRMATION_OK"
4169,10407602269,10407602306,1,"IOTHUB_CLIENT_CONFIRMATION_OK"
4170,10407602469,10407602601,1,"IOTHUB_CLIENT_CONFIRMATION_OK"
4171,10407602669,10407602718,1,"IOTHUB_CLIENT_CONFIRMATION_OK"
4172,10407602870,10407602926,1,"IOTHUB_CLIENT_CONFIRMATION_OK"
4173,10407603070,10407603113,1,"IOTHUB_CLIENT_CONFIRMATION_OK"
4174,10407603270,10407603315,1,"IOTHUB_CLIENT_CONFIRMATION_OK"
4175,10407603470,10407603530,1,"IOTHUB_CLIENT_CONFIRMATION_OK"
4176,10407603670,10407603729,1,"IOTHUB_CLIENT_CONFIRMATION_OK"
4177,10407603870,10407603909,1,"IOTHUB_CLIENT_CONFIRMATION_OK"
4178,10407604071,10407604232,1,"IOTHUB_CLIENT_CONFIRMATION_OK"
4179,10407604271,10407604318,1,"IOTHUB_CLIENT_CONFIRMATION_OK"
4180,10407604471,10407604514,1,"IOTHUB_CLIENT_CONFIRMATION_OK"
4181,10407604671,10407604723,1,"IOTHUB_CLIENT_CONFIRMATION_OK"
4182,10407604871,10407604908,1,"IOTHUB_CLIENT_CONFIRMATION_OK"
4183,10407605071,10407605112,1,"IOTHUB_CLIENT_CONFIRMATION_OK"
4184,10407605271,10407605314,1,"IOTHUB_CLIENT_CONFIRMATION_OK"
4185,10407605472,10407605517,1,"IOTHUB_CLIENT_CONFIRMATION_OK"
4186,10407605672,10407605707,1,"IOTHUB_CLIENT_CONFIRMATION_OK"
4187,10407605872,10407605920,1,"IOTHUB_CLIENT_CONFIRMATION_OK"
4188,10407606072,10407606110,1,"IOTHUB_CLIENT_CONFIRMATION_OK"
4189,10407606272,10407606322,1,"IOTHUB_CLIENT_CONFIRMATION_OK"
4190,10407606472,10407606524,1,"IOTHUB_CLIENT_CONFIRMATION_OK"
4191,10407606673,10407606865,1,"IOTHUB_CLIENT_CONFIRMATION_OK"
4192,10407606873,10407606939,1,"IOTHUB_CLIENT_CONFIRMATION_OK"
4193,10407607073,10407607107,1,"IOTHUB_CLIENT_CONFIRMATION_OK"
4194,10407607273,10407607352,1,"IOTHUB_CLIENT_CONFIRMATION_OK"
4195,10407607473,10407607512,1,"IOTHUB_CLIENT_CONFIRMATION_OK"
4196,10407607673,10407607711,1,"IOTHUB_CLIENT_CONFIRMATION_OK"
4197,10407607873,10407607944,1,"IOTHUB_CLIENT_CONFIRMATION_OK"
4198,10407608074,10407608119,1,"IOTHUB_CLIENT_CONFIRMATION_OK"
4199,10407608274,10407608318,1,"IOTHUB_CLIENT_CONFIRMATION_OK"
4200,10407608474,10407608517,1,"IOTHUB_CLIENT_CONFIRMATION_OK"
4201,10407608674,10407608710,1,"IOTHUB_CLIENT_CONFIRMATION_OK"
4202,10407608874,10407608941,1,"IOTHUB_CLIENT_CONFIRMATION_OK"
4203,10407609074,10407609117,1,"IOTHUB_CLIENT_CONFIRMATION_OK"
4204,10407609275,10407609310,1,"IOTHUB_CLIENT_CONFIRMATION_OK"
4205,10407609475,10407609523,1,"IOTHUB_CLIENT_CONFIRMATION_OK"
4206,10407609675,10407609714,1,"IOTHUB_CLIENT_CONFIRMATION_OK"
4207,10407609875,10407609950,1,"IOTHUB_CLIENT_CONFIRMATION_OK"
4208,10407610075,10407610118,1,"IOTHUB_CLIENT_CONFIRMATION_OK"
4209,10407610275,10407610328,1,"IOTHUB_CLIENT_CONFIRMATION_OK"
4210,10407610475,10407610574,1,"IOTHUB_CLIENT_CONFIRMATION_OK"
4211,10407610676,10407610710,1,"IOTHUB_CLIENT_CONFIRMATION_OK"
4212,10407610876,10407610961,1,"IOTHUB_CLIENT_CONFIRMATION_OK"
4213,10407611076,10407611139,1,"IOTHUB_CLIENT_CONFIRMATION_OK"
4214,10407611276,10407611318,1,"IOTHUB_CLIENT_CONFIRMATION_OK"
4215,10407611476,10407611586,1,"IOTHUB_CLIENT_CONFIRMATION_OK"
4216,10407611676,10407611724,1,"IOTHUB_CLIENT_CONFIRMATION_OK"
4217,10407611877,10407611917,1,"IOTHUB_CLIENT_CONFIRMATION_OK"
4218,10407612077,10407612118,1,"IOTHUB_CLIENT_CONFIRMATION_OK"
4219,10407612277,10407612318,1,"IOTHUB_CLIENT_CONFIRMATION_OK"
4220,10407612477,10407612586,1,"IOTHUB_CLIENT_CONFIRMATION_OK"
4221,10407612677,10407612722,1,"IOTHUB_CLIENT_CONFIRMATION_OK"
4222,10407612877,10407612930,1,"IOTHUB_CLIENT_CONFIRMATION_OK"
4223,10407613077,10407613200,1,"IOTHUB_CLIENT_CONFIRMATION_OK"
4224,10407613278,10407613320,1,"IOTHUB_CLIENT_CONFIRMATION_OK"
4225,10407613478,10407613520,1,"IOTHUB_CLIENT_CONFIRMATION_OK"
4226,10407613678,10407613716,1,"IOTHUB_CLIENT_CONFIRMATION_OK"
4227,10407613878,10407613916,1,"IOTHUB_CLIENT_CONFIRMATION_OK"
4228,10407614078,10407614224,1,"IOTHUB_CLIENT_CONFIRMATION_OK"
4229,10407614278,10407614314,1,"IOTHUB_CLIENT_CONFIRMATION_OK"
4230,10407614479,10407614518,1,"IOTHUB_CLIENT_CONFIRMATION_OK"
4231,10407614679,10407614724,1,"IOTHUB_CLIENT_CONFIRMATION_OK"
4232,10407614879,10407614920,1,"IOTHUB_CLIENT_CONFIRMATION_OK"
4233,10407615079,10407615117,1,"IOTHUB_CLIENT_CONFIRMATION_OK"
4234,10407615279,10407615346,1,"IOTHUB_CLIENT_CONFIRMATION_OK"
4235,10407615479,10407615519,1,"IOTHUB_CLIENT_CONFIRMATION_OK"
4236,10407615680,10407615845,1,"IOTHUB_CLIENT_CONFIRMATION_OK"
4237,10407615880,10407615923,1,"IOTHUB_CLIENT_CONFIRMATION_OK"
4238,10407616080,10407616147,1,"IOTHUB_CLIENT_CONFIRMATION_OK"
4239,10407616280,10407616321,1,"IOTHUB_CLIENT_CONFIRMATION_OK"
4240,10407616480,10407616517,1,"IOTHUB_CLIENT_CONFIRMATION_OK"
4241,10407616680,10407616880,1,"IOTHUB_CLIENT_CONFIRMATION_OK"
4242,10407616880,10407616933,1,"IOTHUB_CLIENT_CONFIRMATION_OK"
4243,10407617081,10407617135,1,"IOTHUB_CLIENT_CONFIRMATION_OK"
4244,10407617281,10407617321,1,"IOTHUB_CLIENT_CONFIRMATION_OK"
4245,10407617481,10407617515,1,"IOTHUB_CLIENT_CONFIRMATION_OK"
4246,10407617681,10407617759,1,"IOTHUB_CLIENT_CONFIRMATION_OK"
4247,10407617881,10407617932,1,"IOTHUB_CLIENT_CONFIRMATION_OK"
4248,10407618081,10407618125,1,"IOTHUB_CLIENT_CONFIRMATION_OK"
4249,10407618282,10407618364,1,"IOTHUB_CLIENT_CONFIRMATION_OK"
4250,10407618482,10407618537,1,"IOTHUB_CLIENT_CONFIRMATION_OK"
4251,10407618682,10407618723,1,"IOTHUB_CLIENT_CONFIRMATION_OK"
4252,10407618882,10407618961,1,"IOTHUB_CLIENT_CONFIRMATION_OK"
4253,10407619082,10407619118,1,"IOTHUB_CLIENT_CONFIRMATION_OK"
4254,10407619282,10407619321,1,"IOTHUB_CLIENT_CONFIRMATION_OK"
4255,10407619483,10407619533,1,"IOTHUB_CLIENT_CONFIRMATION_OK"
4256,10407619683,10407619722,1,"IOTHUB_CLIENT_CONFIRMATION_OK"
4257,10407619883,10407619967,1,"IOTHUB_CLIENT_CONFIRMATION_OK"
4258,10407620083,10407620127,1,"IOTHUB_CLIENT_CONFIRMATION_OK"
4259,10407620283,10407620320,1,"IOTHUB_CLIENT_CONFIRMATION_OK"
4260,10407620483,10407620580,1,"IOTHUB_CLIENT_CONFIRMATION_OK"
4261,10407620683,10407620721,1,"IOTHUB_CLIENT_CONFIRMATION_OK"
4262,10407620884,10407620983,1,"IOTHUB_CLIENT_CONFIRMATION_OK"
4263,10407621084,10407621120,1,"IOTHUB_CLIENT_CONFIRMATION_OK"
4264,10407621284,10407621329,1,"IOTHUB_CLIENT_CONFIRMATION_OK"
4265,10407621484,10407621602,1,"IOTHUB_CLIENT_CONFIRMATION_OK"
4266,10407621684,10407621721,1,"IOTHUB_CLIENT_CONFIRMATION_OK"
4267,10407621884,10407621919,1,"IOTHUB_CLIENT_CONFIRMATION_OK"
4268,10407622085,10407622128,1,"IOTHUB_CLIENT_CONFIRMATION_OK"
4269,10407622285,10407622321,1,"IOTHUB_CLIENT_CONFIRMATION_OK"
4270,10407622487,10407622652,1,"IOTHUB_CLIENT_CONFIRMATION_OK"
4271,10407622687,10407622723,1,"IOTHUB_CLIENT_CONFIRMATION_OK"
4272,10407622887,10407622931,1,"IOTHUB_CLIENT_CONFIRMATION_OK"
4273,10407623087,10407623135,1,"IOTHUB_CLIENT_CONFIRMATION_OK"
4274,10407623287,10407623330,1,"IOTHUB_CLIENT_CONFIRMATION_OK"
4275,10407623488,10407623528,1,"IOTHUB_CLIENT_CONFIRMATION_OK"
4276,10407623688,10407623732,1,"IOTHUB_CLIENT_CONFIRMATION_OK"
4277,10407623888,10407623950,1,"IOTHUB_CLIENT_CONFIRMATION_OK"
4278,10407624088,10407624259,1,"IOTHUB_CLIENT_CONFIRMATION_OK"
4279,10407624288,10407624335,1,"IOTHUB_CLIENT_CONFIRMATION_OK"
4280,10407624488,10407624551,1,"IOTHUB_CLIENT_CONFIRMATION_OK"
4281,10407624689,10407624724,1,"IOTHUB_CLIENT_CONFIRMATION_OK"
4282,10407624889,10407624930,1,"IOTHUB_CLIENT_CONFIRMATION_OK"
4283,10407625089,10407625135,1,"IOTHUB_CLIENT_CONFIRMATION_OK"
4284,10407625289,10407625325,1,"IOTHUB_CLIENT_CONFIRMATION_OK"
4285,10407625489,10407625561,1,"IOTHUB_CLIENT_CONFIRMATION_OK"
4286,10407625689,10407625730,1,"IOTHUB_CLIENT_CONFIRMATION_OK"
4287,10407625890,10407625934,1,"IOTHUB_CLIENT_CONFIRMATION_OK"
4288,10407626090,10407626123,1,"IOTHUB_CLIENT_CONFIRMATION_OK"
4289,10407626290,10407626331,1,"IOTHUB_CLIENT_CONFIRMATION_OK"
4290,10407626490,10407626527,1,"IOTHUB_CLIENT_CONFIRMATION_OK"
4291,10407626690,10407626743,1,"IOTHUB_CLIENT_CONFIRMATION_OK"
4292,10407626890,10407626933,1,"IOTHUB_CLIENT_CONFIRMATION_OK"
4293,10407627090,10407627207,1,"IOTHUB_CLIENT_CONFIRMATION_OK"
4294,10407627291,10407627370,1,"IOTHUB_CLIENT_CONFIRMATION_OK"
4295,10407627491,10407627535,1,"IOTHUB_CLIENT_CONFIRMATION_OK"
4296,10407627691,10407627757,1,"IOTHUB_CLIENT_CONFIRMATION_OK"
4297,10407627891,10407628059,1,"IOTHUB_CLIENT_CONFIRMATION_OK"
4298,10407628091,10407628355,1,"IOTHUB_CLIENT_CONFIRMATION_OK"
4299,10407628292,10407628762,1,"IOTHUB_CLIENT_CONFIRMATION_OK"
4300,10407628492,10407628870,1,"IOTHUB_CLIENT_CONFIRMATION_OK"
4301,10407628692,10407628925,1,"IOTHUB_CLIENT_CONFIRMATION_OK"
4302,10407628892,10407629006,1,"IOTHUB_CLIENT_CONFIRMATION_OK"
4303,10407629092,10407629130,1,"IOTHUB_CLIENT_CONFIRMATION_OK"
4304,10407629292,10407629326,1,"IOTHUB_CLIENT_CONFIRMATION_OK"
4305,10407629492,10407629534,1,"IOTHUB_CLIENT_CONFIRMATION_OK"
4306,10407629693,10407629731,1,"IOTHUB_CLIENT_CONFIRMATION_OK"
4307,10407629893,10407629980,1,"IOTHUB_CLIENT_CONFIRMATION_OK"
4308,10407630093,10407630137,1,"IOTHUB_CLIENT_CONFIRMATION_OK"
4309,10407630293,10407630332,1,"IOTHUB_CLIENT_CONFIRMATION_OK"
4310,10407630493,10407630617,1,"IOTHUB_CLIENT_CONFIRMATION_OK"
4311,10407630693,10407630757,1,"IOTHUB_CLIENT_CONFIRMATION_OK"
4312,10407630894,10407631000,1,"IOTHUB_CLIENT_CONFIRMATION_OK"
4313,10407631094,10407631146,1,"IOTHUB_CLIENT_CONFIRMATION_OK"
4314,10407631294,10407631331,1,"IOTHUB_CLIENT_CONFIRMATION_OK"
4315,10407631494,10407631654,1,"IOTHUB_CLIENT_CONFIRMATION_OK"
4316,10407631694,10407631836,1,"IOTHUB_CLIENT_CONFIRMATION_OK"
4317,10407631894,10407631929,1,"IOTHUB_CLIENT_CONFIRMATION_OK"
4318,10407632094,10407632152,1,"IOTHUB_CLIENT_CONFIRMATION_OK"
4319,10407632295,10407632342,1,"IOTHUB_CLIENT_CONFIRMATION_OK"
4320,10407632495,10407632713,1,"IOTHUB_CLIENT_CONFIRMATION_OK"
4321,10407632695,10407632743,1,"IOTHUB_CLIENT_CONFIRMATION_OK"
4322,10407632895,10407632965,1,"IOTHUB_CLIENT_CONFIRMATION_OK"
4323,10407633095,10407633293,1,"IOTHUB_CLIENT_CONFIRMATION_OK"
4324,10407633295,10407633340,1,"IOTHUB_CLIENT_CONFIRMATION_OK"
4325,10407633496,10407633582,1,"IOTHUB_CLIENT_CONFIRMATION_OK"
4326,10407633696,10407633922,1,"IOTHUB_CLIENT_CONFIRMATION_OK"
4327,10407633896,10407633935,1,"IOTHUB_CLIENT_CONFIRMATION_OK"
4328,10407634096,10407634136,1,"IOTHUB_CLIENT_CONFIRMATION_OK"
4329,10407634296,10407634338,1,"IOTHUB_CLIENT_CONFIRMATION_OK"
4330,10407634496,10407634531,1,"IOTHUB_CLIENT_CONFIRMATION_OK"
4331,10407634697,10407634745,1,"IOTHUB_CLIENT_CONFIRMATION_OK"
4332,10407634897,10407634940,1,"IOTHUB_CLIENT_CONFIRMATION_OK"
4333,10407635097,10407635135,1,"IOTHUB_CLIENT_CONFIRMATION_OK"
4334,10407635297,10407635335,1,"IOTHUB_CLIENT_CONFIRMATION_OK"
4335,10407635497,10407635537,1,"IOTHUB_CLIENT_CONFIRMATION_OK"
4336,10407635697,10407635754,1,"IOTHUB_CLIENT_CONFIRMATION_OK"
4337,10407635898,10407635934,1,"IOTHUB_CLIENT_CONFIRMATION_OK"
4338,10407636098,10407636140,1,"IOTHUB_CLIENT_CONFIRMATION_OK"
4339,10407636298,10407636377,1,"IOTHUB_CLIENT_CONFIRMATION_OK"
4340,10407636498,10407636538,1,"IOTHUB_CLIENT_CONFIRMATION_OK"
4341,10407636698,10407636780,1,"IOTHUB_CLIENT_CONFIRMATION_OK"
4342,10407636898,10407636940,1,"IOTHUB_CLIENT_CONFIRMATION_OK"
4343,10407637099,10407637144,1,"IOTHUB_CLIENT_CONFIRMATION_OK"
4344,10407637299,10407637414,1,"IOTHUB_CLIENT_CONFIRMATION_OK"
4345,10407637499,10407637560,1,"IOTHUB_CLIENT_CONFIRMATION_OK"
4346,10407637699,10407637750,1,"IOTHUB_CLIENT_CONFIRMATION_OK"
4347,10407637899,10407637951,1,"IOTHUB_CLIENT_CONFIRMATION_OK"
4348,10407638099,10407638150,1,"IOTHUB_CLIENT_CONFIRMATION_OK"
4349,10407638300,10407638451,1,"IOTHUB_CLIENT_CONFIRMATION_OK"
4350,10407638500,10407638538,1,"IOTHUB_CLIENT_CONFIRMATION_OK"
4351,10407638700,10407638738,1,"IOTHUB_CLIENT_CONFIRMATION_OK"
4352,10407638900,10407638938,1,"IOTHUB_CLIENT_CONFIRMATION_OK"
4353,10407639100,10407639142,1,"IOTHUB_CLIENT_CONFIRMATION_OK"
4354,10407639300,10407639345,1,"IOTHUB_CLIENT_CONFIRMATION_OK"
4355,10407639500,10407639540,1,"IOTHUB_CLIENT_CONFIRMATION_OK"
4356,10407639701,10407639745,1,"IOTHUB_CLIENT_CONFIRMATION_OK"
4357,10407639901,10407640062,1,"IOTHUB_CLIENT_CONFIRMATION_OK"
4358,10407640101,10407640168,1,"IOTHUB_CLIENT_CONFIRMATION_OK"
4359,10407640301,10407640344,1,"IOTHUB_CLIENT_CONFIRMATION_OK"
4360,10407640501,10407640543,1,"IOTHUB_CLIENT_CONFIRMATION_OK"
4361,10407640701,10407640738,1,"IOTHUB_CLIENT_CONFIRMATION_OK"
4362,10407640902,10407640949,1,"IOTHUB_CLIENT_CONFIRMATION_OK"
4363,10407641102,10407641145,1,"IOTHUB_CLIENT_CONFIRMATION_OK"
4364,10407641302,10407641342,1,"IOTHUB_CLIENT_CONFIRMATION_OK"
4365,10407641502,10407641717,1,"IOTHUB_CLIENT_CONFIRMATION_OK"
4366,10407641702,10407641741,1,"IOTHUB_CLIENT_CONFIRMATION_OK"
4367,10407641902,10407641938,1,"IOTHUB_CLIENT_CONFIRMATION_OK"
4368,10407642102,10407642149,1,"IOTHUB_CLIENT_CONFIRMATION_OK"
4369,10407642303,10407642341,1,"IOTHUB_CLIENT_CONFIRMATION_OK"
4370,10407642503,10407642546,1,"IOTHUB_CLIENT_CONFIRMATION_OK"
4371,10407642703,10407642743,1,"IOTHUB_CLIENT_CONFIRMATION_OK"
4372,10407642903,10407642940,1,"IOTHUB_CLIENT_CONFIRMATION_OK"
4373,10407643103,10407643147,1,"IOTHUB_CLIENT_CONFIRMATION_OK"
4374,10407643303,10407643342,1,"IOTHUB_CLIENT_CONFIRMATION_OK"
4375,10407643504,10407643551,1,"IOTHUB_CLIENT_CONFIRMATION_OK"
4376,10407643704,10407643751,1,"IOTHUB_CLIENT_CONFIRMATION_OK"
4377,10407643904,10407643949,1,"IOTHUB_CLIENT_CONFIRMATION_OK"
4378,10407644104,10407644164,1,"IOTHUB_CLIENT_CONFIRMATION_OK"
4379,10407644304,10407644348,1,"IOTHUB_CLIENT_CONFIRMATION_OK"
4380,10407644504,10407644544,1,"IOTHUB_CLIENT_CONFIRMATION_OK"
4381,10407644705,10407644800,1,"IOTHUB_CLIENT_CONFIRMATION_OK"
4382,10407644905,10407644946,1,"IOTHUB_CLIENT_CONFIRMATION_OK"
4383,10407645105,10407645138,1,"IOTHUB_CLIENT_CONFIRMATION_OK"
4384,10407645305,10407645348,1,"IOTHUB_CLIENT_CONFIRMATION_OK"
4385,10407645505,10407645543,1,"IOTHUB_CLIENT_CONFIRMATION_OK"
4386,10407645705,10407645807,1,"IOTHUB_CLIENT_CONFIRMATION_OK"
4387,10407645905,10407645951,1,"IOTHUB_CLIENT_CONFIRMATION_OK"
4388,10407646106,10407646143,1,"IOTHUB_CLIENT_CONFIRMATION_OK"
4389,10407646306,10407646373,1,"IOTHUB_CLIENT_CONFIRMATION_OK"
4390,10407646506,10407646553,1,"IOTHUB_CLIENT_CONFIRMATION_OK"
4391,10407646706,10407646840,1,"IOTHUB_CLIENT_CONFIRMATION_OK"
4392,10407646906,10407646954,1,"IOTHUB_CLIENT_CONFIRMATION_OK"
4393,10407647106,10407647150,1,"IOTHUB_CLIENT_CONFIRMATION_OK"
4394,10407647307,10407647440,1,"IOTHUB_CLIENT_CONFIRMATION_OK"
4395,10407647507,10407647558,1,"IOTHUB_CLIENT_CONFIRMATION_OK"
4396,10407647707,10407647752,1,"IOTHUB_CLIENT_CONFIRMATION_OK"
4397,10407647907,10407647951,1,"IOTHUB_CLIENT_CONFIRMATION_OK"
4398,10407648107,10407648147,1,"IOTHUB_CLIENT_CONFIRMATION_OK"
4399,10407648307,10407648359,1,"IOTHUB_CLIENT_CONFIRMATION_OK"
4400,10407648508,10407648546,1,"IOTHUB_CLIENT_CONFIRMATION_OK"
4401,10407648708,10407648755,1,"IOTHUB_CLIENT_CONFIRMATION_OK"
4402,10407648908,10407648963,1,"IOTHUB_CLIENT_CONFIRMATION_OK"
4403,10407649108,10407649152,1,"IOTHUB_CLIENT_CONFIRMATION_OK"
4404,10407649308,10407649350,1,"IOTHUB_CLIENT_CONFIRMATION_OK"
4405,10407649508,10407649557,1,"IOTHUB_CLIENT_CONFIRMATION_OK"
4406,10407649709,10407649757,1,"IOTHUB_CLIENT_CONFIRMATION_OK"
4407,10407649909,10407649984,1,"IOTHUB_CLIENT_CONFIRMATION_OK"
4408,10407650109,10407650147,1,"IOTHUB_CLIENT_CONFIRMATION_OK"
4409,10407650309,10407650348,1,"IOTHUB_CLIENT_CONFIRMATION_OK"
4410,10407650509,10407650610,1,"IOTHUB_CLIENT_CONFIRMATION_OK"
4411,10407650709,10407650757,1,"IOTHUB_CLIENT_CONFIRMATION_OK"
4412,10407650909,10407651001,1,"IOTHUB_CLIENT_CONFIRMATION_OK"
4413,10407651110,10407651152,1,"IOTHUB_CLIENT_CONFIRMATION_OK"
4414,10407651310,10407651383,1,"IOTHUB_CLIENT_CONFIRMATION_OK"
4415,10407651510,10407651624,1,"IOTHUB_CLIENT_CONFIRMATION_OK"
4416,10407651710,10407651751,1,"IOTHUB_CLIENT_CONFIRMATION_OK"
4417,10407651910,10407651951,1,"IOTHUB_CLIENT_CONFIRMATION_OK"
4418,10407652110,10407652153,1,"IOTHUB_CLIENT_CONFIRMATION_OK"
4419,10407652311,10407652360,1,"IOTHUB_CLIENT_CONFIRMATION_OK"
4420,10407652511,10407652652,1,"IOTHUB_CLIENT_CONFIRMATION_OK"
4421,10407652711,10407652760,1,"IOTHUB_CLIENT_CONFIRMATION_OK"
4422,10407652911,10407652958,1,"IOTHUB_CLIENT_CONFIRMATION_OK"
4423,10407653111,10407653147,1,"IOTHUB_CLIENT_CONFIRMATION_OK"
4424,10407653311,10407653357,1,"IOTHUB_CLIENT_CONFIRMATION_OK"
4425,10407653512,10407653555,1,"IOTHUB_CLIENT_CONFIRMATION_OK"
4426,10407653712,10407653762,1,"IOTHUB_CLIENT_CONFIRMATION_OK"
4427,10407653912,10407653955,1,"IOTHUB_CLIENT_CONFIRMATION_OK"
4428,10407654112,10407654284,1,"IOTHUB_CLIENT_CONFIRMATION_OK"
4429,10407654312,10407654358,1,"IOTHUB_CLIENT_CONFIRMATION_OK"
4430,10407654512,10407654549,1,"IOTHUB_CLIENT_CONFIRMATION_OK"
4431,10407654712,10407654751,1,"IOTHUB_CLIENT_CONFIRMATION_OK"
4432,10407654913,10407654948,1,"IOTHUB_CLIENT_CONFIRMATION_OK"
4433,10407655113,10407655161,1,"IOTHUB_CLIENT_CONFIRMATION_OK"
4434,10407655313,10407655389,1,"IOTHUB_CLIENT_CONFIRMATION_OK"
4435,10407655513,10407655551,1,"IOTHUB_CLIENT_CONFIRMATION_OK"
4436,10407655713,10407655752,1,"IOTHUB_CLIENT_CONFIRMATION_OK"
4437,10407655913,10407655968,1,"IOTHUB_CLIENT_CONFIRMATION_OK"
4438,10407656114,10407656162,1,"IOTHUB_CLIENT_CONFIRMATION_OK"
4439,10407656314,10407656349,1,"IOTHUB_CLIENT_CONFIRMATION_OK"
4440,10407656514,10407656562,1,"IOTHUB_CLIENT_CONFIRMATION_OK"
4441,10407656714,10407656788,1,"IOTHUB_CLIENT_CONFIRMATION_OK"
4442,10407656914,10407656961,1,"IOTHUB_CLIENT_CONFIRMATION_OK"
4443,10407657114,10407657158,1,"IOTHUB_CLIENT_CONFIRMATION_OK"
4444,10407657315,10407657401,1,"IOTHUB_CLIENT_CONFIRMATION_OK"
4445,10407657515,10407657565,1,"IOTHUB_CLIENT_CONFIRMATION_OK"
4446,10407657715,10407657766,1,"IOTHUB_CLIENT_CONFIRMATION_OK"
4447,10407657915,10407657960,1,"IOTHUB_CLIENT_CONFIRMATION_OK"
4448,10407658115,10407658155,1,"IOTHUB_CLIENT_CONFIRMATION_OK"
4449,10407658315,10407658420,1,"IOTHUB_CLIENT_CONFIRMATION_OK"
4450,10407658515,10407658556,1,"IOTHUB_CLIENT_CONFIRMATION_OK"
4451,10407658716,10407658776,1,"IOTHUB_CLIENT_CONFIRMATION_OK"
4452,10407658916,10407659018,1,"IOTHUB_CLIENT_CONFIRMATION_OK"
4453,10407659116,10407659161,1,"IOTHUB_CLIENT_CONFIRMATION_OK"
4454,10407659316,10407659383,1,"IOTHUB_CLIENT_CONFIRMATION_OK"
4455,10407659516,10407659596,1,"IOTHUB_CLIENT_CONFIRMATION_OK"
4456,10407659716,10407659779,1,"IOTHUB_CLIENT_CONFIRMATION_OK"
4457,10407659917,10407660030,1,"IOTHUB_CLIENT_CONFIRMATION_OK"
4458,10407660117,10407660168,1,"IOTHUB_CLIENT_CONFIRMATION_OK"
4459,10407660317,10407660364,1,"IOTHUB_CLIENT_CONFIRMATION_OK"
4460,10407660517,10407660559,1,"IOTHUB_CLIENT_CONFIRMATION_OK"
4461,10407660717,10407660762,1,"IOTHUB_CLIENT_CONFIRMATION_OK"
4462,10407660917,10407661054,1,"IOTHUB_CLIENT_CONFIRMATION_OK"
4463,10407661118,10407661169,1,"IOTHUB_CLIENT_CONFIRMATION_OK"
4464,10407661318,10407661372,1,"IOTHUB_CLIENT_CONFIRMATION_OK"
4465,10407661518,10407661666,1,"IOTHUB_CLIENT_CONFIRMATION_OK"
4466,10407661718,10407661755,1,"IOTHUB_CLIENT_CONFIRMATION_OK"
4467,10407661918,10407661964,1,"IOTHUB_CLIENT_CONFIRMATION_OK"
4468,10407662118,10407662171,1,"IOTHUB_CLIENT_CONFIRMATION_OK"
4469,10407662318,10407662358,1,"IOTHUB_CLIENT_CONFIRMATION_OK"
4470,10407662519,10407662707,1,"IOTHUB_CLIENT_CONFIRMATION_OK"
4471,10407662719,10407662773,1,"IOTHUB_CLIENT_CONFIRMATION_OK"
4472,10407662919,10407662956,1,"IOTHUB_CLIENT_CONFIRMATION_OK"
4473,10407663119,10407663160,1,"IOTHUB_CLIENT_CONFIRMATION_OK"
4474,10407663319,10407663369,1,"IOTHUB_CLIENT_CONFIRMATION_OK"
4475,10407663519,10407663555,1,"IOTHUB_CLIENT_CONFIRMATION_OK"
4476,10407663720,10407663793,1,"IOTHUB_CLIENT_CONFIRMATION_OK"
4477,10407663920,10407663971,1,"IOTHUB_CLIENT_CONFIRMATION_OK"
4478,10407664120,10407664203,1,"IOTHUB_CLIENT_CONFIRMATION_OK"
4479,10407664320,10407664368,1,"IOTHUB_CLIENT_CONFIRMATION_OK"
4480,10407664520,10407664557,1,"IOTHUB_CLIENT_CONFIRMATION_OK"
4481,10407664720,10407665034,1,"IOTHUB_CLIENT_CONFIRMATION_OK"
4482,10407664921,10407665065,1,"IOTHUB_CLIENT_CONFIRMATION_OK"
4483,10407665121,10407665161,1,"IOTHUB_CLIENT_CONFIRMATION_OK"
4484,10407665321,10407665388,1,"IOTHUB_CLIENT_CONFIRMATION_OK"
4485,10407665521,10407665565,1,"IOTHUB_CLIENT_CONFIRMATION_OK"
4486,10407665721,10407665846,1,"IOTHUB_CLIENT_CONFIRMATION_OK"
4487,10407665921,10407665971,1,"IOTHUB_CLIENT_CONFIRMATION_OK"
4488,10407666122,10407666166,1,"IOTHUB_CLIENT_CONFIRMATION_OK"
4489,10407666322,10407666356,1,"IOTHUB_CLIENT_CONFIRMATION_OK"
4490,10407666522,10407666577,1,"IOTHUB_CLIENT_CONFIRMATION_OK"
4491,10407666722,10407666869,1,"IOTHUB_CLIENT_CONFIRMATION_OK"
4492,10407666922,10407666962,1,"IOTHUB_CLIENT_CONFIRMATION_OK"
4493,10407667122,10407667185,1,"IOTHUB_CLIENT_CONFIRMATION_OK"
4494,10407667322,10407667369,1,"IOTHUB_CLIENT_CONFIRMATION_OK"
4495,10407667523,10407667569,1,"IOTHUB_CLIENT_CONFIRMATION_OK"
4496,10407667723,10407667764,1,"IOTHUB_CLIENT_CONFIRMATION_OK"
4497,10407667923,10407668132,1,"IOTHUB_CLIENT_CONFIRMATION_OK"
4498,10407668123,10407668174,1,"IOTHUB_CLIENT_CONFIRMATION_OK"
4499,10407668323,10407668379,1,"IOTHUB_CLIENT_CONFIRMATION_OK"
4500,10407668523,10407668573,1,"IOTHUB_CLIENT_CONFIRMATION_OK"
4501,10407668724,10407668785,1,"IOTHUB_CLIENT_CONFIRMATION_OK"
4502,10407668924,10407668963,1,"IOTHUB_CLIENT_CONFIRMATION_OK"
4503,10407669124,10407669178,1,"IOTHUB_CLIENT_CONFIRMATION_OK"
4504,10407669324,10407669366,1,"IOTHUB_CLIENT_CONFIRMATION_OK"
4505,10407669524,10407669577,1,"IOTHUB_CLIENT_CONFIRMATION_OK"
4506,10407669724,10407669776,1,"IOTHUB_CLIENT_CONFIRMATION_OK"
4507,10407669925,10407670002,1,"IOTHUB_CLIENT_CONFIRMATION_OK"
4508,10407670125,10407670177,1,"IOTHUB_CLIENT_CONFIRMATION_OK"
4509,10407670325,10407670427,1,"IOTHUB_CLIENT_CONFIRMATION_OK"
4510,10407670525,10407670597,1,"IOTHUB_CLIENT_CONFIRMATION_OK"
4511,10407670725,10407670797,1,"IOTHUB_CLIENT_CONFIRMATION_OK"
4512,10407670925,10407670997,1,"IOTHUB_CLIENT_CONFIRMATION_OK"
4513,10407671126,10407671171,1,"IOTHUB_CLIENT_CONFIRMATION_OK"
4514,10407671326,10407671369,1,"IOTHUB_CLIENT_CONFIRMATION_OK"
4515,10407671526,10407671620,1,"IOTHUB_CLIENT_CONFIRMATION_OK"
4516,10407671726,10407671801,1,"IOTHUB_CLIENT_CONFIRMATION_OK"
4517,10407671926,10407671966,1,"IOTHUB_CLIENT_CONFIRMATION_OK"
4518,10407672126,10407672183,1,"IOTHUB_CLIENT_CONFIRMATION_OK"
4519,10407672327,10407672375,1,"IOTHUB_CLIENT_CONFIRMATION_OK"
4520,10407672527,10407672814,1,"IOTHUB_CLIENT_CONFIRMATION_OK"
4521,10407672727,10407672903,1,"IOTHUB_CLIENT_CONFIRMATION_OK"
4522,10407672927,10407672973,1,"IOTHUB_CLIENT_CONFIRMATION_OK"
4523,10407673127,10407673238,1,"IOTHUB_CLIENT_CONFIRMATION_OK"
4524,10407673327,10407673402,1,"IOTHUB_CLIENT_CONFIRMATION_OK"
4525,10407673528,10407673571,1,"IOTHUB_CLIENT_CONFIRMATION_OK"
4526,10407673728,10407673781,1,"IOTHUB_CLIENT_CONFIRMATION_OK"
4527,10407673928,10407673976,1,"IOTHUB_CLIENT_CONFIRMATION_OK"
4528,10407674128,10407674165,1,"IOTHUB_CLIENT_CONFIRMATION_OK"
4529,10407674328,10407674374,1,"IOTHUB_CLIENT_CONFIRMATION_OK"
4530,10407674528,10407674575,1,"IOTHUB_CLIENT_CONFIRMATION_OK"
4531,10407674729,10407674777,1,"IOTHUB_CLIENT_CONFIRMATION_OK"
4532,10407674929,10407674984,1,"IOTHUB_CLIENT_CONFIRMATION_OK"
4533,10407675129,10407675170,1,"IOTHUB_CLIENT_CONFIRMATION_OK"
4534,10407675329,10407675388,1,"IOTHUB_CLIENT_CONFIRMATION_OK"
4535,10407675529,10407675572,1,"IOTHUB_CLIENT_CONFIRMATION_OK"
4536,10407675729,10407675831,1,"IOTHUB_CLIENT_CONFIRMATION_OK"
4537,10407675930,10407675971,1,"IOTHUB_CLIENT_CONFIRMATION_OK"
4538,10407676130,10407676167,1,"IOTHUB_CLIENT_CONFIRMATION_OK"
4539,10407676330,10407676403,1,"IOTHUB_CLIENT_CONFIRMATION_OK"
4540,10407676530,10407676565,1,"IOTHUB_CLIENT_CONFIRMATION_OK"
4541,10407676730,10407676797,1,"IOTHUB_CLIENT_CONFIRMATION_OK"
4542,10407676930,10407676972,1,"IOTHUB_CLIENT_CONFIRMATION_OK"
4543,10407677131,10407677168,1,"IOTHUB_CLIENT_CONFIRMATION_OK"
4544,10407677331,10407677556,1,"IOTHUB_CLIENT_CONFIRMATION_OK"
4545,10407677531,10407677578,1,"IOTHUB_CLIENT_CONFIRMATION_OK"
4546,10407677731,10407677776,1,"IOTHUB_CLIENT_CONFIRMATION_OK"
4547,10407677931,10407677975,1,"IOTHUB_CLIENT_CONFIRMATION_OK"
4548,10407678131,10407678171,1,"IOTHUB_CLIENT_CONFIRMATION_OK"
4549,10407678332,10407678450,1,"IOTHUB_CLIENT_CONFIRMATION_OK"
4550,10407678532,10407678587,1,"IOTHUB_CLIENT_CONFIRMATION_OK"
4551,10407678732,10407678794,1,"IOTHUB_CLIENT_CONFIRMATION_OK"
4552,10407678932,10407679046,1,"IOTHUB_CLIENT_CONFIRMATION_OK"
4553,10407679132,10407679168,1,"IOTHUB_CLIENT_CONFIRMATION_OK"
4554,10407679332,10407679382,1,"IOTHUB_CLIENT_CONFIRMATION_OK"
4555,10407679533,10407679575,1,"IOTHUB_CLIENT_CONFIRMATION_OK"
4556,10407679733,10407679813,1,"IOTHUB_CLIENT_CONFIRMATION_OK"
4557,10407679933,10407680066,1,"IOTHUB_CLIENT_CONFIRMATION_OK"
4558,10407680133,10407680174,1,"IOTHUB_CLIENT_CONFIRMATION_OK"
4559,10407680333,10407680370,1,"IOTHUB_CLIENT_CONFIRMATION_OK"
4560,10407680533,10407680569,1,"IOTHUB_CLIENT_CONFIRMATION_OK"
4561,10407680734,10407680779,1,"IOTHUB_CLIENT_CONFIRMATION_OK"
4562,10407680934,10407681106,1,"IOTHUB_CLIENT_CONFIRMATION_OK"
4563,10407681134,10407681191,1,"IOTHUB_CLIENT_CONFIRMATION_OK"
4564,10407681334,10407681371,1,"IOTHUB_CLIENT_CONFIRMATION_OK"
4565,10407681534,10407681708,1,"IOTHUB_CLIENT_CONFIRMATION_OK"
4566,10407681734,10407681797,1,"IOTHUB_CLIENT_CONFIRMATION_OK"
4567,10407681935,10407681980,1,"IOTHUB_CLIENT_CONFIRMATION_OK"
4568,10407682135,10407682178,1,"IOTHUB_CLIENT_CONFIRMATION_OK"
4569,10407682335,10407682378,1,"IOTHUB_CLIENT_CONFIRMATION_OK"
4570,10407682535,10407682716,1,"IOTHUB_CLIENT_CONFIRMATION_OK"
4571,10407682735,10407682878,1,"IOTHUB_CLIENT_CONFIRMATION_OK"
4572,10407682935,10407682980,1,"IOTHUB_CLIENT_CONFIRMATION_OK"
4573,10407683136,10407683173,1,"IOTHUB_CLIENT_CONFIRMATION_OK"
4574,10407683336,10407683380,1,"IOTHUB_CLIENT_CONFIRMATION_OK"
4575,10407683536,10407683578,1,"IOTHUB_CLIENT_CONFIRMATION_OK"
4576,10407683736,10407683785,1,"IOTHUB_CLIENT_CONFIRMATION_OK"
4577,10407683936,10407683978,1,"IOTHUB_CLIENT_CONFIRMATION_OK"
4578,10407684136,10407684208,1,"IOTHUB_CLIENT_CONFIRMATION_OK"
4579,10407684337,10407684381,1,"IOTHUB_CLIENT_CONFIRMATION_OK"
4580,10407684537,10407684594,1,"IOTHUB_CLIENT_CONFIRMATION_OK"
4581,10407684737,10407684777,1,"IOTHUB_CLIENT_CONFIRMATION_OK"
4582,10407684937,10407684984,1,"IOTHUB_CLIENT_CONFIRMATION_OK"
4583,10407685137,10407685182,1,"IOTHUB_CLIENT_CONFIRMATION_OK"
4584,10407685337,10407685377,1,"IOTHUB_CLIENT_CONFIRMATION_OK"
4585,10407685538,10407685575,1,"IOTHUB_CLIENT_CONFIRMATION_OK"
4586,10407685738,10407685780,1,"IOTHUB_CLIENT_CONFIRMATION_OK"
4587,10407685938,10407685979,1,"IOTHUB_CLIENT_CONFIRMATION_OK"
4588,10407686138,10407686183,1,"IOTHUB_CLIENT_CONFIRMATION_OK"
4589,10407686338,10407686428,1,"IOTHUB_CLIENT_CONFIRMATION_OK"
4590,10407686538,10407686584,1,"IOTHUB_CLIENT_CONFIRMATION_OK"
4591,10407686739,10407686830,1,"IOTHUB_CLIENT_CONFIRMATION_OK"
4592,10407686939,10407686978,1,"IOTHUB_CLIENT_CONFIRMATION_OK"
4593,10407687139,10407687183,1,"IOTHUB_CLIENT_CONFIRMATION_OK"
4594,10407687339,10407687448,1,"IOTHUB_CLIENT_CONFIRMATION_OK"
4595,10407687539,10407687584,1,"IOTHUB_CLIENT_CONFIRMATION_OK"
4596,10407687739,10407687780,1,"IOTHUB_CLIENT_CONFIRMATION_OK"
4597,10407687940,10407687990,1,"IOTHUB_CLIENT_CONFIRMATION_OK"
4598,10407688140,10407688184,1,"IOTHUB_CLIENT_CONFIRMATION_OK"
4599,10407688340,10407688523,1,"IOTHUB_CLIENT_CONFIRMATION_OK"
4600,10407688540,10407688589,1,"IOTHUB_CLIENT_CONFIRMATION_OK"
4601,10407688740,10407688782,1,"IOTHUB_CLIENT_CONFIRMATION_OK"
4602,10407688940,10407688986,1,"IOTHUB_CLIENT_CONFIRMATION_OK"
4603,10407689141,10407689187,1,"IOTHUB_CLIENT_CONFIRMATION_OK"
4604,10407689341,10407689384,1,"IOTHUB_CLIENT_CONFIRMATION_OK"
4605,10407689541,10407689582,1,"IOTHUB_CLIENT_CONFIRMATION_OK"
4606,10407689741,10407689792,1,"IOTHUB_CLIENT_CONFIRMATION_OK"
4607,10407689941,10407689982,1,"IOTHUB_CLIENT_CONFIRMATION_OK"
4608,10407690141,10407690192,1,"IOTHUB_CLIENT_CONFIRMATION_OK"
4609,10407690342,10407690424,1,"IOTHUB_CLIENT_CONFIRMATION_OK"
4610,10407690542,10407690585,1,"IOTHUB_CLIENT_CONFIRMATION_OK"
4611,10407690742,10407690786,1,"IOTHUB_CLIENT_CONFIRMATION_OK"
4612,10407690942,10407690988,1,"IOTHUB_CLIENT_CONFIRMATION_OK"
4613,10407691142,10407691187,1,"IOTHUB_CLIENT_CONFIRMATION_OK"
4614,10407691342,10407691381,1,"IOTHUB_CLIENT_CONFIRMATION_OK"
4615,10407691542,10407691581,1,"IOTHUB_CLIENT_CONFIRMATION_OK"
4616,10407691743,10407691796,1,"IOTHUB_CLIENT_CONFIRMATION_OK"
4617,10407691943,10407692026,1,"IOTHUB_CLIENT_CONFIRMATION_OK"
4618,10407692143,10407692209,1,"IOTHUB_CLIENT_CONFIRMATION_OK"
4619,10407692343,10407692380,1,"IOTHUB_CLIENT_CONFIRMATION_OK"
4620,10407692543,10407692610,1,"IOTHUB_CLIENT_CONFIRMATION_OK"
4621,10407692743,10407692783,1,"IOTHUB_CLIENT_CONFIRMATION_OK"
4622,10407692944,10407693089,1,"IOTHUB_CLIENT_CONFIRMATION_OK"
4623,10407693144,10407693321,1,"IOTHUB_CLIENT_CONFIRMATION_OK"
4624,10407693344,10407693389,1,"IOTHUB_CLIENT_CONFIRMATION_OK"
4625,10407693544,10407693593,1,"IOTHUB_CLIENT_CONFIRMATION_OK"
4626,10407693744,10407693782,1,"IOTHUB_CLIENT_CONFIRMATION_OK"
4627,10407693944,10407693986,1,"IOTHUB_CLIENT_CONFIRMATION_OK"
4628,10407694145,10407694298,1,"IOTHUB_CLIENT_CONFIRMATION_OK"
4629,10407694345,10407694397,1,"IOTHUB_CLIENT_CONFIRMATION_OK"
4630,10407694545,10407694582,1,"IOTHUB_CLIENT_CONFIRMATION_OK"
4631,10407694745,10407694786,1,"IOTHUB_CLIENT_CONFIRMATION_OK"
4632,10407694945,10407694996,1,"IOTHUB_CLIENT_CONFIRMATION_OK"
4633,10407695145,10407695188,1,"IOTHUB_CLIENT_CONFIRMATION_OK"
4634,10407695346,10407695390,1,"IOTHUB_CLIENT_CONFIRMATION_OK"
4635,10407695546,10407695587,1,"IOTHUB_CLIENT_CONFIRMATION_OK"
4636,10407695746,10407695786,1,"IOTHUB_CLIENT_CONFIRMATION_OK"
4637,10407695946,10407695993,1,"IOTHUB_CLIENT_CONFIRMATION_OK"
4638,10407696146,10407696185,1,"IOTHUB_CLIENT_CONFIRMATION_OK"
4639,10407696346,10407696431,1,"IOTHUB_CLIENT_CONFIRMATION_OK"
4640,10407696546,10407696598,1,"IOTHUB_CLIENT_CONFIRMATION_OK"
4641,10407696747,10407696953,1,"IOTHUB_CLIENT_CONFIRMATION_OK"
4642,10407696947,10407696991,1,"IOTHUB_CLIENT_CONFIRMATION_OK"
4643,10407697147,10407697193,1,"IOTHUB_CLIENT_CONFIRMATION_OK"
4644,10407697347,10407697413,1,"IOTHUB_CLIENT_CONFIRMATION_OK"
4645,10407697547,10407697583,1,"IOTHUB_CLIENT_CONFIRMATION_OK"
4646,10407697747,10407697813,1,"IOTHUB_CLIENT_CONFIRMATION_OK"
4647,10407697948,10407698043,1,"IOTHUB_CLIENT_CONFIRMATION_OK"
4648,10407698148,10407698192,1,"IOTHUB_CLIENT_CONFIRMATION_OK"
4649,10407698348,10407698426,1,"IOTHUB_CLIENT_CONFIRMATION_OK"
4650,10407698548,10407698582,1,"IOTHUB_CLIENT_CONFIRMATION_OK"
4651,10407698748,10407698809,1,"IOTHUB_CLIENT_CONFIRMATION_OK"
4652,10407698949,10407699038,1,"IOTHUB_CLIENT_CONFIRMATION_OK"
4653,10407699149,10407699196,1,"IOTHUB_CLIENT_CONFIRMATION_OK"
4654,10407699349,10407699387,1,"IOTHUB_CLIENT_CONFIRMATION_OK"
4655,10407699549,10407699599,1,"IOTHUB_CLIENT_CONFIRMATION_OK"
4656,10407699749,10407699790,1,"IOTHUB_CLIENT_CONFIRMATION_OK"
4657,10407699949,10407700056,1,"IOTHUB_CLIENT_CONFIRMATION_OK"
4658,10407700149,10407700185,1,"IOTHUB_CLIENT_CONFIRMATION_OK"
4659,10407700350,10407700391,1,"IOTHUB_CLIENT_CONFIRMATION_OK"
4660,10407700550,10407700606,1,"IOTHUB_CLIENT_CONFIRMATION_OK"
4661,10407700750,10407700792,1,"IOTHUB_CLIENT_CONFIRMATION_OK"
4662,10407700950,10407701062,1,"IOTHUB_CLIENT_CONFIRMATION_OK"
4663,10407701150,10407701190,1,"IOTHUB_CLIENT_CONFIRMATION_OK"
4664,10407701350,10407701403,1,"IOTHUB_CLIENT_CONFIRMATION_OK"
4665,10407701551,10407701687,1,"IOTHUB_CLIENT_CONFIRMATION_OK"
4666,10407701751,10407701790,1,"IOTHUB_CLIENT_CONFIRMATION_OK"
4667,10407701951,10407701987,1,"IOTHUB_CLIENT_CONFIRMATION_OK"
4668,10407702151,10407702186,1,"IOTHUB_CLIENT_CONFIRMATION_OK"
4669,10407702351,10407702399,1,"IOTHUB_CLIENT_CONFIRMATION_OK"
4670,10407702551,10407702700,1,"IOTHUB_CLIENT_CONFIRMATION_OK"
4671,10407702751,10407702790,1,"IOTHUB_CLIENT_CONFIRMATION_OK"
4672,10407702952,10407702989,1,"IOTHUB_CLIENT_CONFIRMATION_OK"
4673,10407703152,10407703201,1,"IOTHUB_CLIENT_CONFIRMATION_OK"
4674,10407703352,10407703392,1,"IOTHUB_CLIENT_CONFIRMATION_OK"
4675,10407703552,10407703592,1,"IOTHUB_CLIENT_CONFIRMATION_OK"
4676,10407703752,10407703798,1,"IOTHUB_CLIENT_CONFIRMATION_OK"
4677,10407703952,10407704013,1,"IOTHUB_CLIENT_CONFIRMATION_OK"
4678,10407704153,10407704315,1,"IOTHUB_CLIENT_CONFIRMATION_OK"
4679,10407704353,10407704403,1,"IOTHUB_CLIENT_CONFIRMATION_OK"
4680,10407704553,10407704598,1,"IOTHUB_CLIENT_CONFIRMATION_OK"
4681,10407704753,10407704797,1,"IOTHUB_CLIENT_CONFIRMATION_OK"
4682,10407704953,10407705000,1,"IOTHUB_CLIENT_CONFIRMATION_OK"
4683,10407705153,10407705339,1,"IOTHUB_CLIENT_CONFIRMATION_OK"
4684,10407705354,10407705394,1,"IOTHUB_CLIENT_CONFIRMATION_OK"
4685,10407705554,10407705590,1,"IOTHUB_CLIENT_CONFIRMATION_OK"
4686,10407705754,10407705809,1,"IOTHUB_CLIENT_CONFIRMATION_OK"
4687,10407705954,10407706000,1,"IOTHUB_CLIENT_CONFIRMATION_OK"
4688,10407706154,10407706198,1,"IOTHUB_CLIENT_CONFIRMATION_OK"
4689,10407706354,10407706435,1,"IOTHUB_CLIENT_CONFIRMATION_OK"
4690,10407706554,10407706602,1,"IOTHUB_CLIENT_CONFIRMATION_OK"
4691,10407706755,10407706974,1,"IOTHUB_CLIENT_CONFIRMATION_OK"
4692,10407706955,10407706998,1,"IOTHUB_CLIENT_CONFIRMATION_OK"
4693,10407707155,10407707191,1,"IOTHUB_CLIENT_CONFIRMATION_OK"
4694,10407707355,10407707395,1,"IOTHUB_CLIENT_CONFIRMATION_OK"
4695,10407707555,10407707610,1,"IOTHUB_CLIENT_CONFIRMATION_OK"
4696,10407707755,10407707813,1,"IOTHUB_CLIENT_CONFIRMATION_OK"
4697,10407707956,10407707997,1,"IOTHUB_CLIENT_CONFIRMATION_OK"
4698,10407708156,10407708255,1,"IOTHUB_CLIENT_CONFIRMATION_OK"
4699,10407708356,10407708473,1,"IOTHUB_CLIENT_CONFIRMATION_OK"
4700,10407708556,10407708608,1,"IOTHUB_CLIENT_CONFIRMATION_OK"
4701,10407708756,10407708818,1,"IOTHUB_CLIENT_CONFIRMATION_OK"
4702,10407708956,10407709084,1,"IOTHUB_CLIENT_CONFIRMATION_OK"
4703,10407709156,10407709203,1,"IOTHUB_CLIENT_CONFIRMATION_OK"
4704,10407709357,10407709476,1,"IOTHUB_CLIENT_CONFIRMATION_OK"
4705,10407709557,10407709628,1,"IOTHUB_CLIENT_CONFIRMATION_OK"
4706,10407709757,10407709796,1,"IOTHUB_CLIENT_CONFIRMATION_OK"
4707,10407709957,10407710100,1,"IOTHUB_CLIENT_CONFIRMATION_OK"
4708,10407710157,10407710202,1,"IOTHUB_CLIENT_CONFIRMATION_OK"
4709,10407710357,10407710402,1,"IOTHUB_CLIENT_CONFIRMATION_OK"
4710,10407710558,10407710602,1,"IOTHUB_CLIENT_CONFIRMATION_OK"
4711,10407710758,10407710802,1,"IOTHUB_CLIENT_CONFIRMATION_OK"
4712,10407710958,10407711110,1,"IOTHUB_CLIENT_CONFIRMATION_OK"
4713,10407711158,10407711194,1,"IOTHUB_CLIENT_CONFIRMATION_OK"
4714,10407711358,10407711396,1,"IOTHUB_CLIENT_CONFIRMATION_OK"
4715,10407711558,10407711595,1,"IOTHUB_CLIENT_CONFIRMATION_OK"
4716,10407711759,10407711805,1,"IOTHUB_CLIENT_CONFIRMATION_OK"
4717,10407711959,10407711997,1,"IOTHUB_CLIENT_CONFIRMATION_OK"
4718,10407712159,10407712196,1,"IOTHUB_CLIENT_CONFIRMATION_OK"
4719,10407712359,10407712400,1,"IOTHUB_CLIENT_CONFIRMATION_OK"
4720,10407712559,10407712826,1,"IOTHUB_CLIENT_CONFIRMATION_OK"
4721,10407712759,10407712854,1,"IOTHUB_CLIENT_CONFIRMATION_OK"
4722,10407712960,10407712996,1,"IOTHUB_CLIENT_CONFIRMATION_OK"
4723,10407713160,10407713226,1,"IOTHUB_CLIENT_CONFIRMATION_OK"
4724,10407713360,10407713398,1,"IOTHUB_CLIENT_CONFIRMATION_OK"
4725,10407713560,10407713609,1,"IOTHUB_CLIENT_CONFIRMATION_OK"
4726,10407713760,10407713797,1,"IOTHUB_CLIENT_CONFIRMATION_OK"
4727,10407713960,10407713999,1,"IOTHUB_CLIENT_CONFIRMATION_OK"
4728,10407714160,10407714208,1,"IOTHUB_CLIENT_CONFIRMATION_OK"
4729,10407714361,10407714400,1,"IOTHUB_CLIENT_CONFIRMATION_OK"
4730,10407714561,10407714597,1,"IOTHUB_CLIENT_CONFIRMATION_OK"
4731,10407714761,10407714813,1,"IOTHUB_CLIENT_CONFIRMATION_OK"
4732,10407714961,10407715000,1,"IOTHUB_CLIENT_CONFIRMATION_OK"
4733,10407715161,10407715397,1,"IOTHUB_CLIENT_CONFIRMATION_OK"
4734,10407715361,10407715425,1,"IOTHUB_CLIENT_CONFIRMATION_OK"
4735,10407715562,10407715607,1,"IOTHUB_CLIENT_CONFIRMATION_OK"
4736,10407715762,10407715818,1,"IOTHUB_CLIENT_CONFIRMATION_OK"
4737,10407715962,10407716004,1,"IOTHUB_CLIENT_CONFIRMATION_OK"
4738,10407716162,10407716208,1,"IOTHUB_CLIENT_CONFIRMATION_OK"
4739,10407716362,10407716424,1,"IOTHUB_CLIENT_CONFIRMATION_OK"
4740,10407716562,10407716602,1,"IOTHUB_CLIENT_CONFIRMATION_OK"
4741,10407716762,10407716823,1,"IOTHUB_CLIENT_CONFIRMATION_OK"
4742,10407716963,10407717034,1,"IOTHUB_CLIENT_CONFIRMATION_OK"
4743,10407717163,10407717220,1,"IOTHUB_CLIENT_CONFIRMATION_OK"
4744,10407717363,10407717434,1,"IOTHUB_CLIENT_CONFIRMATION_OK"
4745,10407717563,10407717616,1,"IOTHUB_CLIENT_CONFIRMATION_OK"
4746,10407717763,10407717809,1,"IOTHUB_CLIENT_CONFIRMATION_OK"
4747,10407717963,10407718064,1,"IOTHUB_CLIENT_CONFIRMATION_OK"
4748,10407718163,10407718204,1,"IOTHUB_CLIENT_CONFIRMATION_OK"
4749,10407718364,10407718471,1,"IOTHUB_CLIENT_CONFIRMATION_OK"
4750,10407718564,10407718619,1,"IOTHUB_CLIENT_CONFIRMATION_OK"
4751,10407718764,10407718815,1,"IOTHUB_CLIENT_CONFIRMATION_OK"
4752,10407718964,10407719090,1,"IOTHUB_CLIENT_CONFIRMATION_OK"
4753,10407719164,10407719222,1,"IOTHUB_CLIENT_CONFIRMATION_OK"
4754,10407719364,10407719408,1,"IOTHUB_CLIENT_CONFIRMATION_OK"
4755,10407719565,10407719604,1,"IOTHUB_CLIENT_CONFIRMATION_OK"
4756,10407719765,10407719803,1,"IOTHUB_CLIENT_CONFIRMATION_OK"
4757,10407719965,10407720084,1,"IOTHUB_CLIENT_CONFIRMATION_OK"
4758,10407720165,10407720205,1,"IOTHUB_CLIENT_CONFIRMATION_OK"
4759,10407720365,10407720413,1,"IOTHUB_CLIENT_CONFIRMATION_OK"
4760,10407720565,10407720610,1,"IOTHUB_CLIENT_CONFIRMATION_OK"
4761,10407720766,10407720804,1,"IOTHUB_CLIENT_CONFIRMATION_OK"
4762,10407720966,10407721092,1,"IOTHUB_CLIENT_CONFIRMATION_OK"
4763,10407721166,10407721213,1,"IOTHUB_CLIENT_CONFIRMATION_OK"
4764,10407721366,10407721409,1,"IOTHUB_CLIENT_CONFIRMATION_OK"
4765,10407721566,10407721725,1,"IOTHUB_CLIENT_CONFIRMATION_OK"
4766,10407721766,10407721809,1,"IOTHUB_CLIENT_CONFIRMATION_OK"
4767,10407721967,10407722003,1,"IOTHUB_CLIENT_CONFIRMATION_OK"
4768,10407722167,10407722207,1,"IOTHUB_CLIENT_CONFIRMATION_OK"
4769,10407722367,10407722404,1,"IOTHUB_CLIENT_CONFIRMATION_OK"
4770,10407722567,10407722734,1,"IOTHUB_CLIENT_CONFIRMATION_OK"
4771,10407722767,10407722822,1,"IOTHUB_CLIENT_CONFIRMATION_OK"
4772,10407722967,10407723020,1,"IOTHUB_CLIENT_CONFIRMATION_OK"
4773,10407723167,10407723225,1,"IOTHUB_CLIENT_CONFIRMATION_OK"
4774,10407723368,10407723408,1,"IOTHUB_CLIENT_CONFIRMATION_OK"
4775,10407723568,10407723608,1,"IOTHUB_CLIENT_CONFIRMATION_OK"
4776,10407723768,10407723815,1,"IOTHUB_CLIENT_CONFIRMATION_OK"
4777,10407723968,10407724009,1,"IOTHUB_CLIENT_CONFIRMATION_OK"
4778,10407724168,10407724225,1,"IOTHUB_CLIENT_CONFIRMATION_OK"
4779,10407724368,10407724434,1,"IOTHUB_CLIENT_CONFIRMATION_OK"
4780,10407724569,10407724607,1,"IOTHUB_CLIENT_CONFIRMATION_OK"
4781,10407724769,10407724864,1,"IOTHUB_CLIENT_CONFIRMATION_OK"
4782,10407724969,10407725012,1,"IOTHUB_CLIENT_CONFIRMATION_OK"
4783,10407725169,10407725239,1,"IOTHUB_CLIENT_CONFIRMATION_OK"
4784,10407725369,10407725408,1,"IOTHUB_CLIENT_CONFIRMATION_OK"
4785,10407725569,10407725625,1,"IOTHUB_CLIENT_CONFIRMATION_OK"
4786,10407725770,10407725864,1,"IOTHUB_CLIENT_CONFIRMATION_OK"
4787,10407725970,10407726013,1,"IOTHUB_CLIENT_CONFIRMATION_OK"
4788,10407726170,10407726214,1,"IOTHUB_CLIENT_CONFIRMATION_OK"
4789,10407726370,10407726413,1,"IOTHUB_CLIENT_CONFIRMATION_OK"
4790,10407726570,10407726612,1,"IOTHUB_CLIENT_CONFIRMATION_OK"
4791,10407726770,10407726900,1,"IOTHUB_CLIENT_CONFIRMATION_OK"
4792,10407726970,10407727009,1,"IOTHUB_CLIENT_CONFIRMATION_OK"
4793,10407727171,10407727209,1,"IOTHUB_CLIENT_CONFIRMATION_OK"
4794,10407727371,10407727517,1,"IOTHUB_CLIENT_CONFIRMATION_OK"
4795,10407727571,10407727635,1,"IOTHUB_CLIENT_CONFIRMATION_OK"
4796,10407727771,10407727810,1,"IOTHUB_CLIENT_CONFIRMATION_OK"
4797,10407727971,10407728023,1,"IOTHUB_CLIENT_CONFIRMATION_OK"
4798,10407728171,10407728206,1,"IOTHUB_CLIENT_CONFIRMATION_OK"
4799,10407728372,10407728630,1,"IOTHUB_CLIENT_CONFIRMATION_OK"
4800,10407728572,10407728656,1,"IOTHUB_CLIENT_CONFIRMATION_OK"
4801,10407728772,10407728818,1,"IOTHUB_CLIENT_CONFIRMATION_OK"
4802,10407728972,10407729020,1,"IOTHUB_CLIENT_CONFIRMATION_OK"
4803,10407729172,10407729215,1,"IOTHUB_CLIENT_CONFIRMATION_OK"
4804,10407729372,10407729412,1,"IOTHUB_CLIENT_CONFIRMATION_OK"
4805,10407729572,10407729603,1,"IOTHUB_CLIENT_CONFIRMATION_OK"
4806,10407729773,10407729816,1,"IOTHUB_CLIENT_CONFIRMATION_OK"
4807,10407729973,10407730055,1,"IOTHUB_CLIENT_CONFIRMATION_OK"
4808,10407730173,10407730207,1,"IOTHUB_CLIENT_CONFIRMATION_OK"
4809,10407730373,10407730414,1,"IOTHUB_CLIENT_CONFIRMATION_OK"
4810,10407730573,10407730670,1,"IOTHUB_CLIENT_CONFIRMATION_OK"
4811,10407730773,10407730823,1,"IOTHUB_CLIENT_CONFIRMATION_OK"
4812,10407730974,10407731054,1,"IOTHUB_CLIENT_CONFIRMATION_OK"
4813,10407731174,10407731246,1,"IOTHUB_CLIENT_CONFIRMATION_OK"
4814,10407731374,10407731428,1,"IOTHUB_CLIENT_CONFIRMATION_OK"
4815,10407731574,10407731675,1,"IOTHUB_CLIENT_CONFIRMATION_OK"
4816,10407731774,10407731828,1,"IOTHUB_CLIENT_CONFIRMATION_OK"
4817,10407731974,10407732019,1,"IOTHUB_CLIENT_CONFIRMATION_OK"
4818,10407732174,10407732214,1,"IOTHUB_CLIENT_CONFIRMATION_OK"
4819,10407732375,10407732414,1,"IOTHUB_CLIENT_CONFIRMATION_OK"
4820,10407732575,10407732683,1,"IOTHUB_CLIENT_CONFIRMATION_OK"
4821,10407732775,10407732816,1,"IOTHUB_CLIENT_CONFIRMATION_OK"
4822,10407732975,10407733023,1,"IOTHUB_CLIENT_CONFIRMATION_OK"
4823,10407733175,10407733420,1,"IOTHUB_CLIENT_CONFIRMATION_OK"
4824,10407733375,10407733447,1,"IOTHUB_CLIENT_CONFIRMATION_OK"
4825,10407733576,10407733620,1,"IOTHUB_CLIENT_CONFIRMATION_OK"
4826,10407733776,10407733816,1,"IOTHUB_CLIENT_CONFIRMATION_OK"
4827,10407733976,10407734020,1,"IOTHUB_CLIENT_CONFIRMATION_OK"
4828,10407734176,10407734306,1,"IOTHUB_CLIENT_CONFIRMATION_OK"
4829,10407734376,10407734415,1,"IOTHUB_CLIENT_CONFIRMATION_OK"
4830,10407734576,10407734613,1,"IOTHUB_CLIENT_CONFIRMATION_OK"
4831,10407734777,10407734822,1,"IOTHUB_CLIENT_CONFIRMATION_OK"
4832,10407734977,10407735022,1,"IOTHUB_CLIENT_CONFIRMATION_OK"
4833,10407735177,10407735356,1,"IOTHUB_CLIENT_CONFIRMATION_OK"
4834,10407735377,10407735426,1,"IOTHUB_CLIENT_CONFIRMATION_OK"
4835,10407735577,10407735625,1,"IOTHUB_CLIENT_CONFIRMATION_OK"
4836,10407735777,10407735822,1,"IOTHUB_CLIENT_CONFIRMATION_OK"
4837,10407735978,10407736028,1,"IOTHUB_CLIENT_CONFIRMATION_OK"
4838,10407736178,10407736246,1,"IOTHUB_CLIENT_CONFIRMATION_OK"
4839,10407736378,10407736423,1,"IOTHUB_CLIENT_CONFIRMATION_OK"
4840,10407736578,10407736617,1,"IOTHUB_CLIENT_CONFIRMATION_OK"
4841,10407736778,10407736982,1,"IOTHUB_CLIENT_CONFIRMATION_OK"
4842,10407736978,10407737020,1,"IOTHUB_CLIENT_CONFIRMATION_OK"
4843,10407737179,10407737223,1,"IOTHUB_CLIENT_CONFIRMATION_OK"
4844,10407737379,10407737419,1,"IOTHUB_CLIENT_CONFIRMATION_OK"
4845,10407737579,10407737633,1,"IOTHUB_CLIENT_CONFIRMATION_OK"
4846,10407737779,10407737816,1,"IOTHUB_CLIENT_CONFIRMATION_OK"
4847,10407737979,10407738022,1,"IOTHUB_CLIENT_CONFIRMATION_OK"
4848,10407738179,10407738236,1,"IOTHUB_CLIENT_CONFIRMATION_OK"
4849,10407738380,10407738445,1,"IOTHUB_CLIENT_CONFIRMATION_OK"
4850,10407738580,10407738625,1,"IOTHUB_CLIENT_CONFIRMATION_OK"
4851,10407738780,10407738818,1,"IOTHUB_CLIENT_CONFIRMATION_OK"
4852,10407738980,10407739076,1,"IOTHUB_CLIENT_CONFIRMATION_OK"
4853,10407739180,10407739229,1,"IOTHUB_CLIENT_CONFIRMATION_OK"
4854,10407739380,10407739418,1,"IOTHUB_CLIENT_CONFIRMATION_OK"
4855,10407739580,10407739619,1,"IOTHUB_CLIENT_CONFIRMATION_OK"
4856,10407739781,10407739815,1,"IOTHUB_CLIENT_CONFIRMATION_OK"
4857,10407739981,10407740089,1,"IOTHUB_CLIENT_CONFIRMATION_OK"
4858,10407740181,10407740232,1,"IOTHUB_CLIENT_CONFIRMATION_OK"
4859,10407740381,10407740437,1,"IOTHUB_CLIENT_CONFIRMATION_OK"
4860,10407740581,10407740621,1,"IOTHUB_CLIENT_CONFIRMATION_OK"
4861,10407740781,10407740822,1,"IOTHUB_CLIENT_CONFIRMATION_OK"
4862,10407740982,10407741126,1,"IOTHUB_CLIENT_CONFIRMATION_OK"
4863,10407741182,10407741231,1,"IOTHUB_CLIENT_CONFIRMATION_OK"
4864,10407741382,10407741425,1,"IOTHUB_CLIENT_CONFIRMATION_OK"
4865,10407741582,10407741719,1,"IOTHUB_CLIENT_CONFIRMATION_OK"
4866,10407741782,10407741823,1,"IOTHUB_CLIENT_CONFIRMATION_OK"
4867,10407741982,10407742014,1,"IOTHUB_CLIENT_CONFIRMATION_OK"
4868,10407742182,10407742224,1,"IOTHUB_CLIENT_CONFIRMATION_OK"
4869,10407742383,10407742425,1,"IOTHUB_CLIENT_CONFIRMATION_OK"
4870,10407742583,10407742750,1,"IOTHUB_CLIENT_CONFIRMATION_OK"
4871,10407742783,10407742836,1,"IOTHUB_CLIENT_CONFIRMATION_OK"
4872,10407742983,10407743056,1,"IOTHUB_CLIENT_CONFIRMATION_OK"
4873,10407743183,10407743232,1,"IOTHUB_CLIENT_CONFIRMATION_OK"
4874,10407743383,10407743426,1,"IOTHUB_CLIENT_CONFIRMATION_OK"
4875,10407743584,10407743635,1,"IOTHUB_CLIENT_CONFIRMATION_OK"
4876,10407743784,10407743830,1,"IOTHUB_CLIENT_CONFIRMATION_OK"
4877,10407743984,10407744021,1,"IOTHUB_CLIENT_CONFIRMATION_OK"
4878,10407744184,10407744230,1,"IOTHUB_CLIENT_CONFIRMATION_OK"
4879,10407744384,10407744429,1,"IOTHUB_CLIENT_CONFIRMATION_OK"
4880,10407744584,10407744622,1,"IOTHUB_CLIENT_CONFIRMATION_OK"
4881,10407744785,10407744843,1,"IOTHUB_CLIENT_CONFIRMATION_OK"
4882,10407744985,10407745021,1,"IOTHUB_CLIENT_CONFIRMATION_OK"
4883,10407745185,10407745239,1,"IOTHUB_CLIENT_CONFIRMATION_OK"
4884,10407745385,10407745420,1,"IOTHUB_CLIENT_CONFIRMATION_OK"
4885,10407745585,10407745628,1,"IOTHUB_CLIENT_CONFIRMATION_OK"
4886,10407745785,10407745857,1,"IOTHUB_CLIENT_CONFIRMATION_OK"
4887,10407745986,10407746023,1,"IOTHUB_CLIENT_CONFIRMATION_OK"
4888,10407746186,10407746230,1,"IOTHUB_CLIENT_CONFIRMATION_OK"
4889,10407746386,10407746480,1,"IOTHUB_CLIENT_CONFIRMATION_OK"
4890,10407746586,10407746625,1,"IOTHUB_CLIENT_CONFIRMATION_OK"
4891,10407746786,10407746895,1,"IOTHUB_CLIENT_CONFIRMATION_OK"
4892,10407746986,10407747034,1,"IOTHUB_CLIENT_CONFIRMATION_OK"
4893,10407747187,10407747224,1,"IOTHUB_CLIENT_CONFIRMATION_OK"
4894,10407747387,10407747515,1,"IOTHUB_CLIENT_CONFIRMATION_OK"
4895,10407747587,10407747636,1,"IOTHUB_CLIENT_CONFIRMATION_OK"
4896,10407747787,10407747837,1,"IOTHUB_CLIENT_CONFIRMATION_OK"
4897,10407747987,10407748029,1,"IOTHUB_CLIENT_CONFIRMATION_OK"
4898,10407748187,10407748234,1,"IOTHUB_CLIENT_CONFIRMATION_OK"
4899,10407748388,10407748601,1,"IOTHUB_CLIENT_CONFIRMATION_OK"
4900,10407748588,10407748633,1,"IOTHUB_CLIENT_CONFIRMATION_OK"
4901,10407748788,10407748833,1,"IOTHUB_CLIENT_CONFIRMATION_OK"
4902,10407748988,10407749063,1,"IOTHUB_CLIENT_CONFIRMATION_OK"
4903,10407749188,10407749232,1,"IOTHUB_CLIENT_CONFIRMATION_OK"
4904,10407749388,10407749458,1,"IOTHUB_CLIENT_CONFIRMATION_OK"
4905,10407749589,10407749633,1,"IOTHUB_CLIENT_CONFIRMATION_OK"
4906,10407749789,10407749830,1,"IOTHUB_CLIENT_CONFIRMATION_OK"
4907,10407749989,10407750040,1,"IOTHUB_CLIENT_CONFIRMATION_OK"
4908,10407750189,10407750228,1,"IOTHUB_CLIENT_CONFIRMATION_OK"
4909,10407750389,10407750436,1,"IOTHUB_CLIENT_CONFIRMATION_OK"
4910,10407750589,10407750650,1,"IOTHUB_CLIENT_CONFIRMATION_OK"
4911,10407750790,10407750843,1,"IOTHUB_CLIENT_CONFIRMATION_OK"
4912,10407750990,10407751057,1,"IOTHUB_CLIENT_CONFIRMATION_OK"
4913,10407751190,10407751248,1,"IOTHUB_CLIENT_CONFIRMATION_OK"
4914,10407751390,10407751433,1,"IOTHUB_CLIENT_CONFIRMATION_OK"
4915,10407751590,10407751670,1,"IOTHUB_CLIENT_CONFIRMATION_OK"
4916,10407751790,10407751833,1,"IOTHUB_CLIENT_CONFIRMATION_OK"
4917,10407751991,10407752032,1,"IOTHUB_CLIENT_CONFIRMATION_OK"
4918,10407752191,10407752236,1,"IOTHUB_CLIENT_CONFIRMATION_OK"
4919,10407752391,10407752461,1,"IOTHUB_CLIENT_CONFIRMATION_OK"
4920,10407752591,10407752721,1,"IOTHUB_CLIENT_CONFIRMATION_OK"
4921,10407752791,10407752834,1,"IOTHUB_CLIENT_CONFIRMATION_OK"
4922,10407752991,10407753032,1,"IOTHUB_CLIENT_CONFIRMATION_OK"
4923,10407753192,10407753313,1,"IOTHUB_CLIENT_CONFIRMATION_OK"
4924,10407753392,10407753439,1,"IOTHUB_CLIENT_CONFIRMATION_OK"
4925,10407753592,10407753642,1,"IOTHUB_CLIENT_CONFIRMATION_OK"
4926,10407753792,10407753834,1,"IOTHUB_CLIENT_CONFIRMATION_OK"
4927,10407753992,10407754032,1,"IOTHUB_CLIENT_CONFIRMATION_OK"
4928,10407754192,10407754340,1,"IOTHUB_CLIENT_CONFIRMATION_OK"
4929,10407754393,10407754447,1,"IOTHUB_CLIENT_CONFIRMATION_OK"
4930,10407754593,10407754631,1,"IOTHUB_CLIENT_CONFIRMATION_OK"
4931,10407754793,10407754845,1,"IOTHUB_CLIENT_CONFIRMATION_OK"
4932,10407754993,10407755042,1,"IOTHUB_CLIENT_CONFIRMATION_OK"
4933,10407755193,10407755363,1,"IOTHUB_CLIENT_CONFIRMATION_OK"
4934,10407755393,10407755438,1,"IOTHUB_CLIENT_CONFIRMATION_OK"
4935,10407755594,10407755640,1,"IOTHUB_CLIENT_CONFIRMATION_OK"
4936,10407755794,10407755948,1,"IOTHUB_CLIENT_CONFIRMATION_OK"
4937,10407755994,10407756043,1,"IOTHUB_CLIENT_CONFIRMATION_OK"
4938,10407756194,10407756232,1,"IOTHUB_CLIENT_CONFIRMATION_OK"
4939,10407756394,10407756461,1,"IOTHUB_CLIENT_CONFIRMATION_OK"
4940,10407756594,10407756639,1,"IOTHUB_CLIENT_CONFIRMATION_OK"
4941,10407756795,10407756964,1,"IOTHUB_CLIENT_CONFIRMATION_OK"
4942,10407756995,10407757034,1,"IOTHUB_CLIENT_CONFIRMATION_OK"
4943,10407757195,10407757235,1,"IOTHUB_CLIENT_CONFIRMATION_OK"
4944,10407757395,10407757575,1,"IOTHUB_CLIENT_CONFIRMATION_OK"
4945,10407757595,10407757645,1,"IOTHUB_CLIENT_CONFIRMATION_OK"
4946,10407757795,10407757840,1,"IOTHUB_CLIENT_CONFIRMATION_OK"
4947,10407757996,10407758041,1,"IOTHUB_CLIENT_CONFIRMATION_OK"
4948,10407758196,10407758234,1,"IOTHUB_CLIENT_CONFIRMATION_OK"
4949,10407758396,10407758439,1,"IOTHUB_CLIENT_CONFIRMATION_OK"
4950,10407758596,10407758645,1,"IOTHUB_CLIENT_CONFIRMATION_OK"
4951,10407758796,10407758870,1,"IOTHUB_CLIENT_CONFIRMATION_OK"
4952,10407758996,10407759058,1,"IOTHUB_CLIENT_CONFIRMATION_OK"
4953,10407759197,10407759242,1,"IOTHUB_CLIENT_CONFIRMATION_OK"
4954,10407759397,10407759437,1,"IOTHUB_CLIENT_CONFIRMATION_OK"
4955,10407759597,10407759642,1,"IOTHUB_CLIENT_CONFIRMATION_OK"
4956,10407759797,10407759854,1,"IOTHUB_CLIENT_CONFIRMATION_OK"
4957,10407759997,10407760049,1,"IOTHUB_CLIENT_CONFIRMATION_OK"
4958,10407760198,10407760249,1,"IOTHUB_CLIENT_CONFIRMATION_OK"
4959,10407760398,10407760445,1,"IOTHUB_CLIENT_CONFIRMATION_OK"
4960,10407760598,10407760652,1,"IOTHUB_CLIENT_CONFIRMATION_OK"
4961,10407760798,10407760834,1,"IOTHUB_CLIENT_CONFIRMATION_OK"
4962,10407760998,10407761091,1,"IOTHUB_CLIENT_CONFIRMATION_OK"
4963,10407761198,10407761240,1,"IOTHUB_CLIENT_CONFIRMATION_OK"
4964,10407761399,10407761457,1,"IOTHUB_CLIENT_CONFIRMATION_OK"
4965,10407761599,10407761704,1,"IOTHUB_CLIENT_CONFIRMATION_OK"
4966,10407761799,10407761842,1,"IOTHUB_CLIENT_CONFIRMATION_OK"
4967,10407761999,10407762042,1,"IOTHUB_CLIENT_CONFIRMATION_OK"
4968,10407762199,10407762246,1,"IOTHUB_CLIENT_CONFIRMATION_OK"
4969,10407762399,10407762447,1,"IOTHUB_CLIENT_CONFIRMATION_OK"
4970,10407762600,10407762759,1,"IOTHUB_CLIENT_CONFIRMATION_OK"
4971,10407762800,10407762869,1,"IOTHUB_CLIENT_CONFIRMATION_OK"
4972,10407763000,10407763110,1,"IOTHUB_CLIENT_CONFIRMATION_OK"
4973,10407763200,10407763244,1,"IOTHUB_CLIENT_CONFIRMATION_OK"
4974,10407763400,10407763476,1,"IOTHUB_CLIENT_CONFIRMATION_OK"
4975,10407763600,10407763681,1,"IOTHUB_CLIENT_CONFIRMATION_OK"
4976,10407763801,10407763881,1,"IOTHUB_CLIENT_CONFIRMATION_OK"
4977,10407764001,10407764039,1,"IOTHUB_CLIENT_CONFIRMATION_OK"
4978,10407764201,10407764492,1,"IOTHUB_CLIENT_CONFIRMATION_OK"
4979,10407764401,10407764553,1,"IOTHUB_CLIENT_CONFIRMATION_OK"
4980,10407764601,10407764645,1,"IOTHUB_CLIENT_CONFIRMATION_OK"
4981,10407764801,10407765020,1,"IOTHUB_CLIENT_CONFIRMATION_OK"
4982,10407765001,10407765051,1,"IOTHUB_CLIENT_CONFIRMATION_OK"
4983,10407765202,10407765417,1,"IOTHUB_CLIENT_CONFIRMATION_OK"
4984,10407765402,10407765440,1,"IOTHUB_CLIENT_CONFIRMATION_OK"
4985,10407765602,10407765645,1,"IOTHUB_CLIENT_CONFIRMATION_OK"
4986,10407765802,10407765855,1,"IOTHUB_CLIENT_CONFIRMATION_OK"
4987,10407766002,10407766043,1,"IOTHUB_CLIENT_CONFIRMATION_OK"
4988,10407766202,10407766245,1,"IOTHUB_CLIENT_CONFIRMATION_OK"
4989,10407766403,10407766447,1,"IOTHUB_CLIENT_CONFIRMATION_OK"
4990,10407766603,10407766643,1,"IOTHUB_CLIENT_CONFIRMATION_OK"
4991,10407766803,10407766891,1,"IOTHUB_CLIENT_CONFIRMATION_OK"
4992,10407767003,10407767048,1,"IOTHUB_CLIENT_CONFIRMATION_OK"
4993,10407767203,10407767245,1,"IOTHUB_CLIENT_CONFIRMATION_OK"
4994,10407767403,10407767449,1,"IOTHUB_CLIENT_CONFIRMATION_OK"
4995,10407767604,10407767674,1,"IOTHUB_CLIENT_CONFIRMATION_OK"
4996,10407767804,10407767851,1,"IOTHUB_CLIENT_CONFIRMATION_OK"
4997,10407768004,10407768050,1,"IOTHUB_CLIENT_CONFIRMATION_OK"
4998,10407768204,10407768246,1,"IOTHUB_CLIENT_CONFIRMATION_OK"
4999,10407768404,10407768482,1,"IOTHUB_CLIENT_CONFIRMATION_OK"
5000,10407768604,10407768678,1,"IOTHUB_CLIENT_CONFIRMATION_OK"
5001,10407768804,10407768848,1,"IOTHUB_CLIENT_CONFIRMATION_OK"
5002,10407769005,10407769089,1,"IOTHUB_CLIENT_CONFIRMATION_OK"
5003,10407769205,10407769274,1,"IOTHUB_CLIENT_CONFIRMATION_OK"
5004,10407769405,10407769440,1,"IOTHUB_CLIENT_CONFIRMATION_OK"
5005,10407769605,10407769653,1,"IOTHUB_CLIENT_CONFIRMATION_OK"
5006,10407769805,10407769841,1,"IOTHUB_CLIENT_CONFIRMATION_OK"
5007,10407770005,10407770185,1,"IOTHUB_CLIENT_CONFIRMATION_OK"
5008,10407770206,10407770242,1,"IOTHUB_CLIENT_CONFIRMATION_OK"
5009,10407770406,10407770457,1,"IOTHUB_CLIENT_CONFIRMATION_OK"
5010,10407770606,10407770642,1,"IOTHUB_CLIENT_CONFIRMATION_OK"
5011,10407770806,10407770873,1,"IOTHUB_CLIENT_CONFIRMATION_OK"
5012,10407771006,10407771206,1,"IOTHUB_CLIENT_CONFIRMATION_OK"
5013,10407771206,10407771259,1,"IOTHUB_CLIENT_CONFIRMATION_OK"
5014,10407771407,10407771448,1,"IOTHUB_CLIENT_CONFIRMATION_OK"
5015,10407771607,10407771651,1,"IOTHUB_CLIENT_CONFIRMATION_OK"
5016,10407771807,10407771858,1,"IOTHUB_CLIENT_CONFIRMATION_OK"
5017,10407772007,10407772180,1,"IOTHUB_CLIENT_CONFIRMATION_OK"
5018,10407772207,10407772257,1,"IOTHUB_CLIENT_CONFIRMATION_OK"
5019,10407772407,10407772447,1,"IOTHUB_CLIENT_CONFIRMATION_OK"
5020,10407772608,10407772651,1,"IOTHUB_CLIENT_CONFIRMATION_OK"
5021,10407772808,10407772845,1,"IOTHUB_CLIENT_CONFIRMATION_OK"
5022,10407773008,10407773044,1,"IOTHUB_CLIENT_CONFIRMATION_OK"
5023,10407773208,10407773249,1,"IOTHUB_CLIENT_CONFIRMATION_OK"
5024,10407773408,10407773453,1,"IOTHUB_CLIENT_CONFIRMATION_OK"
5025,10407773608,10407773654,1,"IOTHUB_CLIENT_CONFIRMATION_OK"
5026,10407773809,10407773878,1,"IOTHUB_CLIENT_CONFIRMATION_OK"
5027,10407774009,10407774048,1,"IOTHUB_CLIENT_CONFIRMATION_OK"
5028,10407774209,10407774264,1,"IOTHUB_CLIENT_CONFIRMATION_OK"
5029,10407774409,10407774453,1,"IOTHUB_CLIENT_CONFIRMATION_OK"
5030,10407774609,10407774655,1,"IOTHUB_CLIENT_CONFIRMATION_OK"
5031,10407774809,10407774876,1,"IOTHUB_CLIENT_CONFIRMATION_OK"
5032,10407775009,10407775053,1,"IOTHUB_CLIENT_CONFIRMATION_OK"
5033,10407775210,10407775266,1,"IOTHUB_CLIENT_CONFIRMATION_OK"
5034,10407775410,10407775484,1,"IOTHUB_CLIENT_CONFIRMATION_OK"
5035,10407775610,10407775662,1,"IOTHUB_CLIENT_CONFIRMATION_OK"
5036,10407775810,10407775895,1,"IOTHUB_CLIENT_CONFIRMATION_OK"
5037,10407776010,10407776048,1,"IOTHUB_CLIENT_CONFIRMATION_OK"
5038,10407776210,10407776250,1,"IOTHUB_CLIENT_CONFIRMATION_OK"
5039,10407776411,10407776452,1,"IOTHUB_CLIENT_CONFIRMATION_OK"
5040,10407776611,10407776653,1,"IOTHUB_CLIENT_CONFIRMATION_OK"
5041,10407776811,10407776908,1,"IOTHUB_CLIENT_CONFIRMATION_OK"
5042,10407777011,10407777068,1,"IOTHUB_CLIENT_CONFIRMATION_OK"
5043,10407777211,10407777255,1,"IOTHUB_CLIENT_CONFIRMATION_OK"
5044,10407777411,10407777538,1,"IOTHUB_CLIENT_CONFIRMATION_OK"
5045,10407777612,10407777653,1,"IOTHUB_CLIENT_CONFIRMATION_OK"
5046,10407777812,10407777859,1,"IOTHUB_CLIENT_CONFIRMATION_OK"
5047,10407778012,10407778062,1,"IOTHUB_CLIENT_CONFIRMATION_OK"
5048,10407778212,10407778247,1,"IOTHUB_CLIENT_CONFIRMATION_OK"
5049,10407778412,10407778538,1,"IOTHUB_CLIENT_CONFIRMATION_OK"
5050,10407778612,10407778653,1,"IOTHUB_CLIENT_CONFIRMATION_OK"
5051,10407778813,10407778853,1,"IOTHUB_CLIENT_CONFIRMATION_OK"
5052,10407779013,10407779060,1,"IOTHUB_CLIENT_CONFIRMATION_OK"
5053,10407779213,10407779269,1,"IOTHUB_CLIENT_CONFIRMATION_OK"
5054,10407779413,10407779473,1,"IOTHUB_CLIENT_CONFIRMATION_OK"
5055,10407779613,10407779674,1,"IOTHUB_CLIENT_CONFIRMATION_OK"
5056,10407779813,10407779856,1,"IOTHUB_CLIENT_CONFIRMATION_OK"
5057,10407780014,10407780167,1,"IOTHUB_CLIENT_CONFIRMATION_OK"
5058,10407780214,10407780247,1,"IOTHUB_CLIENT_CONFIRMATION_OK"
5059,10407780414,10407780450,1,"IOTHUB_CLIENT_CONFIRMATION_OK"
5060,10407780614,10407780657,1,"IOTHUB_CLIENT_CONFIRMATION_OK"
5061,10407780814,10407780866,1,"IOTHUB_CLIENT_CONFIRMATION_OK"
5062,10407781014,10407781201,1,"IOTHUB_CLIENT_CONFIRMATION_OK"
5063,10407781215,10407781279,1,"IOTHUB_CLIENT_CONFIRMATION_OK"
5064,10407781415,10407781452,1,"IOTHUB_CLIENT_CONFIRMATION_OK"
5065,10407781615,10407781661,1,"IOTHUB_CLIENT_CONFIRMATION_OK"
5066,10407781815,10407781854,1,"IOTHUB_CLIENT_CONFIRMATION_OK"
5067,10407782015,10407782053,1,"IOTHUB_CLIENT_CONFIRMATION_OK"
5068,10407782215,10407782251,1,"IOTHUB_CLIENT_CONFIRMATION_OK"
5069,10407782416,10407782460,1,"IOTHUB_CLIENT_CONFIRMATION_OK"
5070,10407782616,10407782833,1,"IOTHUB_CLIENT_CONFIRMATION_OK"
5071,10407782816,10407782886,1,"IOTHUB_CLIENT_CONFIRMATION_OK"
5072,10407783016,10407783058,1,"IOTHUB_CLIENT_CONFIRMATION_OK"
5073,10407783216,10407783265,1,"IOTHUB_CLIENT_CONFIRMATION_OK"
5074,10407783416,10407783456,1,"IOTHUB_CLIENT_CONFIRMATION_OK"
5075,10407783616,10407783696,1,"IOTHUB_CLIENT_CONFIRMATION_OK"
5076,10407783817,10407783870,1,"IOTHUB_CLIENT_CONFIRMATION_OK"
5077,10407784017,10407784057,1,"IOTHUB_CLIENT_CONFIRMATION_OK"
5078,10407784217,10407784278,1,"IOTHUB_CLIENT_CONFIRMATION_OK"
5079,10407784417,10407784471,1,"IOTHUB_CLIENT_CONFIRMATION_OK"
5080,10407784617,10407784663,1,"IOTHUB_CLIENT_CONFIRMATION_OK"
5081,10407784818,10407784875,1,"IOTHUB_CLIENT_CONFIRMATION_OK"
5082,10407785018,10407785055,1,"IOTHUB_CLIENT_CONFIRMATION_OK"
5083,10407785218,10407785283,1,"IOTHUB_CLIENT_CONFIRMATION_OK"
5084,10407785418,10407785458,1,"IOTHUB_CLIENT_CONFIRMATION_OK"
5085,10407785618,10407785665,1,"IOTHUB_CLIENT_CONFIRMATION_OK"
5086,10407785818,10407785911,1,"IOTHUB_CLIENT_CONFIRMATION_OK"
5087,10407786019,10407786053,1,"IOTHUB_CLIENT_CONFIRMATION_OK"
5088,10407786219,10407786253,1,"IOTHUB_CLIENT_CONFIRMATION_OK"
5089,10407786419,10407786507,1,"IOTHUB_CLIENT_CONFIRMATION_OK"
5090,10407786619,10407786660,1,"IOTHUB_CLIENT_CONFIRMATION_OK"
5091,10407786819,10407786919,1,"IOTHUB_CLIENT_CONFIRMATION_OK"
5092,10407787019,10407787059,1,"IOTHUB_CLIENT_CONFIRMATION_OK"
5093,10407787220,10407787267,1,"IOTHUB_CLIENT_CONFIRMATION_OK"
5094,10407787420,10407787521,1,"IOTHUB_CLIENT_CONFIRMATION_OK"
5095,10407787620,10407787666,1,"IOTHUB_CLIENT_CONFIRMATION_OK"
5096,10407787820,10407787938,1,"IOTHUB_CLIENT_CONFIRMATION_OK"
5097,10407788020,10407788060,1,"IOTHUB_CLIENT_CONFIRMATION_OK"
5098,10407788220,10407788257,1,"IOTHUB_CLIENT_CONFIRMATION_OK"
5099,10407788421,10407788564,1,"IOTHUB_CLIENT_CONFIRMATION_OK"
5100,10407788621,10407788655,1,"IOTHUB_CLIENT_CONFIRMATION_OK"
5101,10407788821,10407788863,1,"IOTHUB_CLIENT_CONFIRMATION_OK"
5102,10407789021,10407789098,1,"IOTHUB_CLIENT_CONFIRMATION_OK"
5103,10407789221,10407789260,1,"IOTHUB_CLIENT_CONFIRMATION_OK"
5104,10407789421,10407789466,1,"IOTHUB_CLIENT_CONFIRMATION_OK"
5105,10407789622,10407789685,1,"IOTHUB_CLIENT_CONFIRMATION_OK"
5106,10407789822,10407789871,1,"IOTHUB_CLIENT_CONFIRMATION_OK"
5107,10407790022,10407790066,1,"IOTHUB_CLIENT_CONFIRMATION_OK"
5108,10407790222,10407790267,1,"IOTHUB_CLIENT_CONFIRMATION_OK"
5109,10407790422,10407790456,1,"IOTHUB_CLIENT_CONFIRMATION_OK"
5110,10407790622,10407790657,1,"IOTHUB_CLIENT_CONFIRMATION_OK"
5111,10407790823,10407790881,1,"IOTHUB_CLIENT_CONFIRMATION_OK"
5112,10407791023,10407791222,1,"IOTHUB_CLIENT_CONFIRMATION_OK"
5113,10407791223,10407791269,1,"IOTHUB_CLIENT_CONFIRMATION_OK"
5114,10407791423,10407791461,1,"IOTHUB_CLIENT_CONFIRMATION_OK"
5115,10407791623,10407791662,1,"IOTHUB_CLIENT_CONFIRMATION_OK"
5116,10407791823,10407791865,1,"IOTHUB_CLIENT_CONFIRMATION_OK"
5117,10407792024,10407792061,1,"IOTHUB_CLIENT_CONFIRMATION_OK"
5118,10407792224,10407792268,1,"IOTHUB_CLIENT_CONFIRMATION_OK"
5119,10407792424,10407792457,1,"IOTHUB_CLIENT_CONFIRMATION_OK"
5120,10407792624,10407792982,1,"IOTHUB_CLIENT_CONFIRMATION_OK"
5121,10407792824,10407793006,1,"IOTHUB_CLIENT_CONFIRMATION_OK"
5122,10407793024,10407793070,1,"IOTHUB_CLIENT_CONFIRMATION_OK"
5123,10407793225,10407793263,1,"IOTHUB_CLIENT_CONFIRMATION_OK"
5124,10407793425,10407793627,1,"IOTHUB_CLIENT_CONFIRMATION_OK"
5125,10407793625,10407793683,1,"IOTHUB_CLIENT_CONFIRMATION_OK"
5126,10407793825,10407793862,1,"IOTHUB_CLIENT_CONFIRMATION_OK"
5127,10407794025,10407794075,1,"IOTHUB_CLIENT_CONFIRMATION_OK"
5128,10407794225,10407794261,1,"IOTHUB_CLIENT_CONFIRMATION_OK"
5129,10407794426,10407794525,1,"IOTHUB_CLIENT_CONFIRMATION_OK"
5130,10407794626,10407794670,1,"IOTHUB_CLIENT_CONFIRMATION_OK"
5131,10407794826,10407794885,1,"IOTHUB_CLIENT_CONFIRMATION_OK"
5132,10407795026,10407795075,1,"IOTHUB_CLIENT_CONFIRMATION_OK"
5133,10407795226,10407795301,1,"IOTHUB_CLIENT_CONFIRMATION_OK"
5134,10407795426,10407795468,1,"IOTHUB_CLIENT_CONFIRMATION_OK"
5135,10407795627,10407795676,1,"IOTHUB_CLIENT_CONFIRMATION_OK"
5136,10407795827,10407795896,1,"IOTHUB_CLIENT_CONFIRMATION_OK"
5137,10407796027,10407796066,1,"IOTHUB_CLIENT_CONFIRMATION_OK"
5138,10407796227,10407796268,1,"IOTHUB_CLIENT_CONFIRMATION_OK"
5139,10407796427,10407796504,1,"IOTHUB_CLIENT_CONFIRMATION_OK"
5140,10407796627,10407796662,1,"IOTHUB_CLIENT_CONFIRMATION_OK"
5141,10407796828,10407796911,1,"IOTHUB_CLIENT_CONFIRMATION_OK"
5142,10407797028,10407797221,1,"IOTHUB_CLIENT_CONFIRMATION_OK"
5143,10407797228,10407797287,1,"IOTHUB_CLIENT_CONFIRMATION_OK"
5144,10407797428,10407797476,1,"IOTHUB_CLIENT_CONFIRMATION_OK"
5145,10407797628,10407797676,1,"IOTHUB_CLIENT_CONFIRMATION_OK"
5146,10407797828,10407797869,1,"IOTHUB_CLIENT_CONFIRMATION_OK"
5147,10407798029,10407798072,1,"IOTHUB_CLIENT_CONFIRMATION_OK"
5148,10407798229,10407798273,1,"IOTHUB_CLIENT_CONFIRMATION_OK"
5149,10407798429,10407798470,1,"IOTHUB_CLIENT_CONFIRMATION_OK"
5150,10407798629,10407798671,1,"IOTHUB_CLIENT_CONFIRMATION_OK"
5151,10407798829,10407798874,1,"IOTHUB_CLIENT_CONFIRMATION_OK"
5152,10407799029,10407799101,1,"IOTHUB_CLIENT_CONFIRMATION_OK"
5153,10407799230,10407799274,1,"IOTHUB_CLIENT_CONFIRMATION_OK"
5154,10407799430,10407799475,1,"IOTHUB_CLIENT_CONFIRMATION_OK"
5155,10407799630,10407799710,1,"IOTHUB_CLIENT_CONFIRMATION_OK"
5156,10407799830,10407799908,1,"IOTHUB_CLIENT_CONFIRMATION_OK"
5157,10407800030,10407800130,1,"IOTHUB_CLIENT_CONFIRMATION_OK"
5158,10407800230,10407800266,1,"IOTHUB_CLIENT_CONFIRMATION_OK"
5159,10407800431,10407800472,1,"IOTHUB_CLIENT_CONFIRMATION_OK"
5160,10407800631,10407800673,1,"IOTHUB_CLIENT_CONFIRMATION_OK"
5161,10407800831,10407800908,1,"IOTHUB_CLIENT_CONFIRMATION_OK"
5162,10407801031,10407801140,1,"IOTHUB_CLIENT_CONFIRMATION_OK"
5163,10407801231,10407801279,1,"IOTHUB_CLIENT_CONFIRMATION_OK"
5164,10407801431,10407801472,1,"IOTHUB_CLIENT_CONFIRMATION_OK"
5165,10407801631,10407801845,1,"IOTHUB_CLIENT_CONFIRMATION_OK"
5166,10407801832,10407801873,1,"IOTHUB_CLIENT_CONFIRMATION_OK"
5167,10407802032,10407802071,1,"IOTHUB_CLIENT_CONFIRMATION_OK"
5168,10407802232,10407802271,1,"IOTHUB_CLIENT_CONFIRMATION_OK"
5169,10407802432,10407802473,1,"IOTHUB_CLIENT_CONFIRMATION_OK"
5170,10407802632,10407802792,1,"IOTHUB_CLIENT_CONFIRMATION_OK"
5171,10407802832,10407802874,1,"IOTHUB_CLIENT_CONFIRMATION_OK"
5172,10407803033,10407803083,1,"IOTHUB_CLIENT_CONFIRMATION_OK"
5173,10407803233,10407803268,1,"IOTHUB_CLIENT_CONFIRMATION_OK"
5174,10407803433,10407803475,1,"IOTHUB_CLIENT_CONFIRMATION_OK"
5175,10407803633,10407803681,1,"IOTHUB_CLIENT_CONFIRMATION_OK"
5176,10407803833,10407803904,1,"IOTHUB_CLIENT_CONFIRMATION_OK"
5177,10407804033,10407804079,1,"IOTHUB_CLIENT_CONFIRMATION_OK"
5178,10407804233,10407804423,1,"IOTHUB_CLIENT_CONFIRMATION_OK"
5179,10407804434,10407804490,1,"IOTHUB_CLIENT_CONFIRMATION_OK"
5180,10407804634,10407804698,1,"IOTHUB_CLIENT_CONFIRMATION_OK"
5181,10407804834,10407804881,1,"IOTHUB_CLIENT_CONFIRMATION_OK"
5182,10407805034,10407805078,1,"IOTHUB_CLIENT_CONFIRMATION_OK"
5183,10407805234,10407805283,1,"IOTHUB_CLIENT_CONFIRMATION_OK"
5184,10407805434,10407805486,1,"IOTHUB_CLIENT_CONFIRMATION_OK"
5185,10407805635,10407805679,1,"IOTHUB_CLIENT_CONFIRMATION_OK"
5186,10407805835,10407805885,1,"IOTHUB_CLIENT_CONFIRMATION_OK"
5187,10407806035,10407806088,1,"IOTHUB_CLIENT_CONFIRMATION_OK"
5188,10407806235,10407806281,1,"IOTHUB_CLIENT_CONFIRMATION_OK"
5189,10407806435,10407806474,1,"IOTHUB_CLIENT_CONFIRMATION_OK"
5190,10407806635,10407806787,1,"IOTHUB_CLIENT_CONFIRMATION_OK"
5191,10407806836,10407806990,1,"IOTHUB_CLIENT_CONFIRMATION_OK"
5192,10407807036,10407807073,1,"IOTHUB_CLIENT_CONFIRMATION_OK"
5193,10407807236,10407807277,1,"IOTHUB_CLIENT_CONFIRMATION_OK"
5194,10407807436,10407807487,1,"IOTHUB_CLIENT_CONFIRMATION_OK"
5195,10407807636,10407807725,1,"IOTHUB_CLIENT_CONFIRMATION_OK"
5196,10407807836,10407807878,1,"IOTHUB_CLIENT_CONFIRMATION_OK"
5197,10407808036,10407808080,1,"IOTHUB_CLIENT_CONFIRMATION_OK"
5198,10407808237,10407808278,1,"IOTHUB_CLIENT_CONFIRMATION_OK"
5199,10407808437,10407808647,1,"IOTHUB_CLIENT_CONFIRMATION_OK"
5200,10407808637,10407808685,1,"IOTHUB_CLIENT_CONFIRMATION_OK"
5201,10407808837,10407808882,1,"IOTHUB_CLIENT_CONFIRMATION_OK"
5202,10407809038,10407809085,1,"IOTHUB_CLIENT_CONFIRMATION_OK"
5203,10407809238,10407809279,1,"IOTHUB_CLIENT_CONFIRMATION_OK"
5204,10407809438,10407809487,1,"IOTHUB_CLIENT_CONFIRMATION_OK"
5205,10407809638,10407809685,1,"IOTHUB_CLIENT_CONFIRMATION_OK"
5206,10407809838,10407809889,1,"IOTHUB_CLIENT_CONFIRMATION_OK"
5207,10407810038,10407810084,1,"IOTHUB_CLIENT_CONFIRMATION_OK"
5208,10407810239,10407810286,1,"IOTHUB_CLIENT_CONFIRMATION_OK"
5209,10407810439,10407810505,1,"IOTHUB_CLIENT_CONFIRMATION_OK"
5210,10407810639,10407810689,1,"IOTHUB_CLIENT_CONFIRMATION_OK"
5211,10407810839,10407810879,1,"IOTHUB_CLIENT_CONFIRMATION_OK"
5212,10407811039,10407811091,1,"IOTHUB_CLIENT_CONFIRMATION_OK"
5213,10407811239,10407811280,1,"IOTHUB_CLIENT_CONFIRMATION_OK"
5214,10407811440,10407811499,1,"IOTHUB_CLIENT_CONFIRMATION_OK"
5215,10407811640,10407811698,1,"IOTHUB_CLIENT_CONFIRMATION_OK"
5216,10407811840,10407811979,1,"IOTHUB_CLIENT_CONFIRMATION_OK"
5217,10407812040,10407812092,1,"IOTHUB_CLIENT_CONFIRMATION_OK"
5218,10407812240,10407812279,1,"IOTHUB_CLIENT_CONFIRMATION_OK"
5219,10407812440,10407812477,1,"IOTHUB_CLIENT_CONFIRMATION_OK"
5220,10407812640,10407812818,1,"IOTHUB_CLIENT_CONFIRMATION_OK"
5221,10407812841,10407812886,1,"IOTHUB_CLIENT_CONFIRMATION_OK"
5222,10407813041,10407813094,1,"IOTHUB_CLIENT_CONFIRMATION_OK"
5223,10407813241,10407813279,1,"IOTHUB_CLIENT_CONFIRMATION_OK"
5224,10407813441,10407813482,1,"IOTHUB_CLIENT_CONFIRMATION_OK"
5225,10407813641,10407813676,1,"IOTHUB_CLIENT_CONFIRMATION_OK"
5226,10407813841,10407813885,1,"IOTHUB_CLIENT_CONFIRMATION_OK"
5227,10407814042,10407814116,1,"IOTHUB_CLIENT_CONFIRMATION_OK"
5228,10407814242,10407814283,1,"IOTHUB_CLIENT_CONFIRMATION_OK"
5229,10407814442,10407814487,1,"IOTHUB_CLIENT_CONFIRMATION_OK"
5230,10407814642,10407814727,1,"IOTHUB_CLIENT_CONFIRMATION_OK"
5231,10407814842,10407814927,1,"IOTHUB_CLIENT_CONFIRMATION_OK"
5232,10407815042,10407815099,1,"IOTHUB_CLIENT_CONFIRMATION_OK"
5233,10407815242,10407815807,1,"IOTHUB_CLIENT_CONFIRMATION_OK"
5234,10407815443,10407815836,1,"IOTHUB_CLIENT_CONFIRMATION_OK"
5235,10407815643,10407815887,1,"IOTHUB_CLIENT_CONFIRMATION_OK"
5236,10407815843,10407816013,1,"IOTHUB_CLIENT_CONFIRMATION_OK"
5237,10407816043,10407816116,1,"IOTHUB_CLIENT_CONFIRMATION_OK"
5238,10407816243,10407816284,1,"IOTHUB_CLIENT_CONFIRMATION_OK"
5239,10407816443,10407816478,1,"IOTHUB_CLIENT_CONFIRMATION_OK"
5240,10407816644,10407816682,1,"IOTHUB_CLIENT_CONFIRMATION_OK"
5241,10407816844,10407817017,1,"IOTHUB_CLIENT_CONFIRMATION_OK"
5242,10407817044,10407817138,1,"IOTHUB_CLIENT_CONFIRMATION_OK"
5243,10407817244,10407817287,1,"IOTHUB_CLIENT_CONFIRMATION_OK"
5244,10407817444,10407817495,1,"IOTHUB_CLIENT_CONFIRMATION_OK"
5245,10407817644,10407817694,1,"IOTHUB_CLIENT_CONFIRMATION_OK"
5246,10407817845,10407817888,1,"IOTHUB_CLIENT_CONFIRMATION_OK"
5247,10407818045,10407818091,1,"IOTHUB_CLIENT_CONFIRMATION_OK"
5248,10407818245,10407818296,1,"IOTHUB_CLIENT_CONFIRMATION_OK"
5249,10407818445,10407818491,1,"IOTHUB_CLIENT_CONFIRMATION_OK"
5250,10407818645,10407818701,1,"IOTHUB_CLIENT_CONFIRMATION_OK"
5251,10407818845,10407818882,1,"IOTHUB_CLIENT_CONFIRMATION_OK"
5252,10407819046,10407819111,1,"IOTHUB_CLIENT_CONFIRMATION_OK"
5253,10407819246,10407819284,1,"IOTHUB_CLIENT_CONFIRMATION_OK"
5254,10407819446,10407819496,1,"IOTHUB_CLIENT_CONFIRMATION_OK"
5255,10407819646,10407819683,1,"IOTHUB_CLIENT_CONFIRMATION_OK"
5256,10407819846,10407819884,1,"IOTHUB_CLIENT_CONFIRMATION_OK"
5257,10407820046,10407820089,1,"IOTHUB_CLIENT_CONFIRMATION_OK"
5258,10407820246,10407820293,1,"IOTHUB_CLIENT_CONFIRMATION_OK"
5259,10407820447,10407820508,1,"IOTHUB_CLIENT_CONFIRMATION_OK"
5260,10407820647,10407820711,1,"IOTHUB_CLIENT_CONFIRMATION_OK"
5261,10407820847,10407820888,1,"IOTHUB_CLIENT_CONFIRMATION_OK"
5262,10407821047,10407821086,1,"IOTHUB_CLIENT_CONFIRMATION_OK"
5263,10407821247,10407821291,1,"IOTHUB_CLIENT_CONFIRMATION_OK"
5264,10407821447,10407821490,1,"IOTHUB_CLIENT_CONFIRMATION_OK"
5265,10407821647,10407821702,1,"IOTHUB_CLIENT_CONFIRMATION_OK"
5266,10407821848,10407821884,1,"IOTHUB_CLIENT_CONFIRMATION_OK"
5267,10407822048,10407822086,1,"IOTHUB_CLIENT_CONFIRMATION_OK"
5268,10407822248,10407822316,1,"IOTHUB_CLIENT_CONFIRMATION_OK"
5269,10407822448,10407822487,1,"IOTHUB_CLIENT_CONFIRMATION_OK"
5270,10407822648,10407822709,1,"IOTHUB_CLIENT_CONFIRMATION_OK"
5271,10407822848,10407822890,1,"IOTHUB_CLIENT_CONFIRMATION_OK"
5272,10407823049,10407823098,1,"IOTHUB_CLIENT_CONFIRMATION_OK"
5273,10407823249,10407823367,1,"IOTHUB_CLIENT_CONFIRMATION_OK"
5274,10407823449,10407823550,1,"IOTHUB_CLIENT_CONFIRMATION_OK"
5275,10407823649,10407823705,1,"IOTHUB_CLIENT_CONFIRMATION_OK"
5276,10407823849,10407823888,1,"IOTHUB_CLIENT_CONFIRMATION_OK"
5277,10407824049,10407824088,1,"IOTHUB_CLIENT_CONFIRMATION_OK"
5278,10407824250,10407824378,1,"IOTHUB_CLIENT_CONFIRMATION_OK"
5279,10407824450,10407824488,1,"IOTHUB_CLIENT_CONFIRMATION_OK"
5280,10407824650,10407824687,1,"IOTHUB_CLIENT_CONFIRMATION_OK"
5281,10407824850,10407824886,1,"IOTHUB_CLIENT_CONFIRMATION_OK"
5282,10407825050,10407825096,1,"IOTHUB_CLIENT_CONFIRMATION_OK"
5283,10407825250,10407825400,1,"IOTHUB_CLIENT_CONFIRMATION_OK"
5284,10407825450,10407825490,1,"IOTHUB_CLIENT_CONFIRMATION_OK"
5285,10407825651,10407825741,1,"IOTHUB_CLIENT_CONFIRMATION_OK"
5286,10407825851,10407825989,1,"IOTHUB_CLIENT_CONFIRMATION_OK"
5287,10407826051,10407826134,1,"IOTHUB_CLIENT_CONFIRMATION_OK"
5288,10407826251,10407826292,1,"IOTHUB_CLIENT_CONFIRMATION_OK"
5289,10407826451,10407826490,1,"IOTHUB_CLIENT_CONFIRMATION_OK"
5290,10407826651,10407826693,1,"IOTHUB_CLIENT_CONFIRMATION_OK"
5291,10407826852,10407827012,1,"IOTHUB_CLIENT_CONFIRMATION_OK"
5292,10407827052,10407827099,1,"IOTHUB_CLIENT_CONFIRMATION_OK"
5293,10407827252,10407827305,1,"IOTHUB_CLIENT_CONFIRMATION_OK"
5294,10407827452,10407827488,1,"IOTHUB_CLIENT_CONFIRMATION_OK"
5295,10407827652,10407827702,1,"IOTHUB_CLIENT_CONFIRMATION_OK"
5296,10407827852,10407827889,1,"IOTHUB_CLIENT_CONFIRMATION_OK"
5297,10407828052,10407828097,1,"IOTHUB_CLIENT_CONFIRMATION_OK"
5298,10407828253,10407828300,1,"IOTHUB_CLIENT_CONFIRMATION_OK"
5299,10407828453,10407828513,1,"IOTHUB_CLIENT_CONFIRMATION_OK"
5300,10407828653,10407828696,1,"IOTHUB_CLIENT_CONFIRMATION_OK"
5301,10407828853,10407828895,1,"IOTHUB_CLIENT_CONFIRMATION_OK"
5302,10407829053,10407829115,1,"IOTHUB_CLIENT_CONFIRMATION_OK"
5303,10407829253,10407829292,1,"IOTHUB_CLIENT_CONFIRMATION_OK"
5304,10407829454,10407829490,1,"IOTHUB_CLIENT_CONFIRMATION_OK"
5305,10407829654,10407829702,1,"IOTHUB_CLIENT_CONFIRMATION_OK"
5306,10407829854,10407829892,1,"IOTHUB_CLIENT_CONFIRMATION_OK"
5307,10407830054,10407830162,1,"IOTHUB_CLIENT_CONFIRMATION_OK"
5308,10407830254,10407830367,1,"IOTHUB_CLIENT_CONFIRMATION_OK"
5309,10407830454,10407830504,1,"IOTHUB_CLIENT_CONFIRMATION_OK"
5310,10407830655,10407830704,1,"IOTHUB_CLIENT_CONFIRMATION_OK"
5311,10407830855,10407830895,1,"IOTHUB_CLIENT_CONFIRMATION_OK"
5312,10407831055,10407831292,1,"IOTHUB_CLIENT_CONFIRMATION_OK"
5313,10407831255,10407831321,1,"IOTHUB_CLIENT_CONFIRMATION_OK"
5314,10407831455,10407831540,1,"IOTHUB_CLIENT_CONFIRMATION_OK"
5315,10407831655,10407831698,1,"IOTHUB_CLIENT_CONFIRMATION_OK"
5316,10407831856,10407831892,1,"IOTHUB_CLIENT_CONFIRMATION_OK"
5317,10407832056,10407832096,1,"IOTHUB_CLIENT_CONFIRMATION_OK"
5318,10407832256,10407832318,1,"IOTHUB_CLIENT_CONFIRMATION_OK"
5319,10407832456,10407832501,1,"IOTHUB_CLIENT_CONFIRMATION_OK"
5320,10407832656,10407832732,1,"IOTHUB_CLIENT_CONFIRMATION_OK"
5321,10407832856,10407832901,1,"IOTHUB_CLIENT_CONFIRMATION_OK"
5322,10407833056,10407833094,1,"IOTHUB_CLIENT_CONFIRMATION_OK"
5323,10407833257,10407833361,1,"IOTHUB_CLIENT_CONFIRMATION_OK"
5324,10407833457,10407833508,1,"IOTHUB_CLIENT_CONFIRMATION_OK"
5325,10407833657,10407833710,1,"IOTHUB_CLIENT_CONFIRMATION_OK"
5326,10407833857,10407833934,1,"IOTHUB_CLIENT_CONFIRMATION_OK"
5327,10407834057,10407834093,1,"IOTHUB_CLIENT_CONFIRMATION_OK"
5328,10407834257,10407834335,1,"IOTHUB_CLIENT_CONFIRMATION_OK"
5329,10407834458,10407834497,1,"IOTHUB_CLIENT_CONFIRMATION_OK"
5330,10407834658,10407834696,1,"IOTHUB_CLIENT_CONFIRMATION_OK"
5331,10407834858,10407834957,1,"IOTHUB_CLIENT_CONFIRMATION_OK"
5332,10407835058,10407835103,1,"IOTHUB_CLIENT_CONFIRMATION_OK"
5333,10407835258,10407835340,1,"IOTHUB_CLIENT_CONFIRMATION_OK"
5334,10407835458,10407835501,1,"IOTHUB_CLIENT_CONFIRMATION_OK"
5335,10407835659,10407835740,1,"IOTHUB_CLIENT_CONFIRMATION_OK"
5336,10407835859,10407835968,1,"IOTHUB_CLIENT_CONFIRMATION_OK"
5337,10407836059,10407836100,1,"IOTHUB_CLIENT_CONFIRMATION_OK"
5338,10407836259,10407836319,1,"IOTHUB_CLIENT_CONFIRMATION_OK"
5339,10407836459,10407836500,1,"IOTHUB_CLIENT_CONFIRMATION_OK"
5340,10407836659,10407836703,1,"IOTHUB_CLIENT_CONFIRMATION_OK"
5341,10407836860,10407836989,1,"IOTHUB_CLIENT_CONFIRMATION_OK"
5342,10407837060,10407837102,1,"IOTHUB_CLIENT_CONFIRMATION_OK"
5343,10407837260,10407837300,1,"IOTHUB_CLIENT_CONFIRMATION_OK"
5344,10407837460,10407837657,1,"IOTHUB_CLIENT_CONFIRMATION_OK"
5345,10407837660,10407837714,1,"IOTHUB_CLIENT_CONFIRMATION_OK"
5346,10407837860,10407837899,1,"IOTHUB_CLIENT_CONFIRMATION_OK"
5347,10407838060,10407838105,1,"IOTHUB_CLIENT_CONFIRMATION_OK"
5348,10407838261,10407838346,1,"IOTHUB_CLIENT_CONFIRMATION_OK"
5349,10407838461,10407838615,1,"IOTHUB_CLIENT_CONFIRMATION_OK"
5350,10407838661,10407838713,1,"IOTHUB_CLIENT_CONFIRMATION_OK"
5351,10407838861,10407838906,1,"IOTHUB_CLIENT_CONFIRMATION_OK"
5352,10407839061,10407839106,1,"IOTHUB_CLIENT_CONFIRMATION_OK"
5353,10407839261,10407839299,1,"IOTHUB_CLIENT_CONFIRMATION_OK"
5354,10407839462,10407839505,1,"IOTHUB_CLIENT_CONFIRMATION_OK"
5355,10407839662,10407839711,1,"IOTHUB_CLIENT_CONFIRMATION_OK"
5356,10407839862,10407839901,1,"IOTHUB_CLIENT_CONFIRMATION_OK"
5357,10407840062,10407840118,1,"IOTHUB_CLIENT_CONFIRMATION_OK"
5358,10407840262,10407840337,1,"IOTHUB_CLIENT_CONFIRMATION_OK"
5359,10407840462,10407840550,1,"IOTHUB_CLIENT_CONFIRMATION_OK"
5360,10407840663,10407840734,1,"IOTHUB_CLIENT_CONFIRMATION_OK"
5361,10407840863,10407840914,1,"IOTHUB_CLIENT_CONFIRMATION_OK"
5362,10407841063,10407841258,1,"IOTHUB_CLIENT_CONFIRMATION_OK"
5363,10407841263,10407841308,1,"IOTHUB_CLIENT_CONFIRMATION_OK"
5364,10407841463,10407841587,1,"IOTHUB_CLIENT_CONFIRMATION_OK"
5365,10407841663,10407841701,1,"IOTHUB_CLIENT_CONFIRMATION_OK"
5366,10407841863,10407841905,1,"IOTHUB_CLIENT_CONFIRMATION_OK"
5367,10407842064,10407842105,1,"IOTHUB_CLIENT_CONFIRMATION_OK"
5368,10407842264,10407842331,1,"IOTHUB_CLIENT_CONFIRMATION_OK"
5369,10407842464,10407842514,1,"IOTHUB_CLIENT_CONFIRMATION_OK"
5370,10407842664,10407842701,1,"IOTHUB_CLIENT_CONFIRMATION_OK"
5371,10407842864,10407842912,1,"IOTHUB_CLIENT_CONFIRMATION_OK"
5372,10407843064,10407843105,1,"IOTHUB_CLIENT_CONFIRMATION_OK"
5373,10407843265,10407843307,1,"IOTHUB_CLIENT_CONFIRMATION_OK"
5374,10407843465,10407843525,1,"IOTHUB_CLIENT_CONFIRMATION_OK"
5375,10407843665,10407843708,1,"IOTHUB_CLIENT_CONFIRMATION_OK"
5376,10407843865,10407843916,1,"IOTHUB_CLIENT_CONFIRMATION_OK"
5377,10407844065,10407844135,1,"IOTHUB_CLIENT_CONFIRMATION_OK"
5378,10407844265,10407844328,1,"IOTHUB_CLIENT_CONFIRMATION_OK"
5379,10407844466,10407844504,1,"IOTHUB_CLIENT_CONFIRMATION_OK"
5380,10407844666,10407844707,1,"IOTHUB_CLIENT_CONFIRMATION_OK"
5381,10407844866,10407844937,1,"IOTHUB_CLIENT_CONFIRMATION_OK"
5382,10407845066,10407845106,1,"IOTHUB_CLIENT_CONFIRMATION_OK"
5383,10407845266,10407845330,1,"IOTHUB_CLIENT_CONFIRMATION_OK"
5384,10407845466,10407845525,1,"IOTHUB_CLIENT_CONFIRMATION_OK"
5385,10407845667,10407845738,1,"IOTHUB_CLIENT_CONFIRMATION_OK"
5386,10407845867,10407845937,1,"IOTHUB_CLIENT_CONFIRMATION_OK"
5387,10407846067,10407846114,1,"IOTHUB_CLIENT_CONFIRMATION_OK"
5388,10407846267,10407846306,1,"IOTHUB_CLIENT_CONFIRMATION_OK"
5389,10407846467,10407846564,1,"IOTHUB_CLIENT_CONFIRMATION_OK"
5390,10407846667,10407846718,1,"IOTHUB_CLIENT_CONFIRMATION_OK"
5391,10407846867,10407846948,1,"IOTHUB_CLIENT_CONFIRMATION_OK"
5392,10407847068,10407847119,1,"IOTHUB_CLIENT_CONFIRMATION_OK"
5393,10407847268,10407847311,1,"IOTHUB_CLIENT_CONFIRMATION_OK"
5394,10407847468,10407847571,1,"IOTHUB_CLIENT_CONFIRMATION_OK"
5395,10407847668,10407847715,1,"IOTHUB_CLIENT_CONFIRMATION_OK"
5396,10407847868,10407847908,1,"IOTHUB_CLIENT_CONFIRMATION_OK"
5397,10407848068,10407848123,1,"IOTHUB_CLIENT_CONFIRMATION_OK"
5398,10407848268,10407848317,1,"IOTHUB_CLIENT_CONFIRMATION_OK"
5399,10407848469,10407848578,1,"IOTHUB_CLIENT_CONFIRMATION_OK"
5400,10407848669,10407848728,1,"IOTHUB_CLIENT_CONFIRMATION_OK"
5401,10407848869,10407848921,1,"IOTHUB_CLIENT_CONFIRMATION_OK"
5402,10407849069,10407849183,1,"IOTHUB_CLIENT_CONFIRMATION_OK"
5403,10407849269,10407849313,1,"IOTHUB_CLIENT_CONFIRMATION_OK"
5404,10407849469,10407849523,1,"IOTHUB_CLIENT_CONFIRMATION_OK"
5405,10407849670,10407849715,1,"IOTHUB_CLIENT_CONFIRMATION_OK"
5406,10407849870,10407849912,1,"IOTHUB_CLIENT_CONFIRMATION_OK"
5407,10407850070,10407850209,1,"IOTHUB_CLIENT_CONFIRMATION_OK"
5408,10407850270,10407850305,1,"IOTHUB_CLIENT_CONFIRMATION_OK"
5409,10407850470,10407850521,1,"IOTHUB_CLIENT_CONFIRMATION_OK"
5410,10407850670,10407850711,1,"IOTHUB_CLIENT_CONFIRMATION_OK"
5411,10407850871,10407850919,1,"IOTHUB_CLIENT_CONFIRMATION_OK"
5412,10407851071,10407851211,1,"IOTHUB_CLIENT_CONFIRMATION_OK"
5413,10407851271,10407851321,1,"IOTHUB_CLIENT_CONFIRMATION_OK"
5414,10407851471,10407851580,1,"IOTHUB_CLIENT_CONFIRMATION_OK"
5415,10407851671,10407851722,1,"IOTHUB_CLIENT_CONFIRMATION_OK"
5416,10407851871,10407851914,1,"IOTHUB_CLIENT_CONFIRMATION_OK"
5417,10407852072,10407852110,1,"IOTHUB_CLIENT_CONFIRMATION_OK"
5418,10407852272,10407852340,1,"IOTHUB_CLIENT_CONFIRMATION_OK"
5419,10407852472,10407852518,1,"IOTHUB_CLIENT_CONFIRMATION_OK"
5420,10407852672,10407852863,1,"IOTHUB_CLIENT_CONFIRMATION_OK"
5421,10407852872,10407852919,1,"IOTHUB_CLIENT_CONFIRMATION_OK"
5422,10407853072,10407853121,1,"IOTHUB_CLIENT_CONFIRMATION_OK"
5423,10407853273,10407853326,1,"IOTHUB_CLIENT_CONFIRMATION_OK"
5424,10407853473,10407853511,1,"IOTHUB_CLIENT_CONFIRMATION_OK"
5425,10407853673,10407853717,1,"IOTHUB_CLIENT_CONFIRMATION_OK"
5426,10407853873,10407853943,1,"IOTHUB_CLIENT_CONFIRMATION_OK"
5427,10407854073,10407854125,1,"IOTHUB_CLIENT_CONFIRMATION_OK"
5428,10407854273,10407854318,1,"IOTHUB_CLIENT_CONFIRMATION_OK"
5429,10407854474,10407854519,1,"IOTHUB_CLIENT_CONFIRMATION_OK"
5430,10407854674,10407854723,1,"IOTHUB_CLIENT_CONFIRMATION_OK"
5431,10407854874,10407854924,1,"IOTHUB_CLIENT_CONFIRMATION_OK"
5432,10407855074,10407855121,1,"IOTHUB_CLIENT_CONFIRMATION_OK"
5433,10407855274,10407855560,1,"IOTHUB_CLIENT_CONFIRMATION_OK"
5434,10407855474,10407855589,1,"IOTHUB_CLIENT_CONFIRMATION_OK"
5435,10407855675,10407855711,1,"IOTHUB_CLIENT_CONFIRMATION_OK"
5436,10407855875,10407855925,1,"IOTHUB_CLIENT_CONFIRMATION_OK"
5437,10407856075,10407856119,1,"IOTHUB_CLIENT_CONFIRMATION_OK"
5438,10407856275,10407856317,1,"IOTHUB_CLIENT_CONFIRMATION_OK"
5439,10407856475,10407856557,1,"IOTHUB_CLIENT_CONFIRMATION_OK"
5440,10407856675,10407856709,1,"IOTHUB_CLIENT_CONFIRMATION_OK"
5441,10407856875,10407856966,1,"IOTHUB_CLIENT_CONFIRMATION_OK"
5442,10407857076,10407857115,1,"IOTHUB_CLIENT_CONFIRMATION_OK"
5443,10407857276,10407857313,1,"IOTHUB_CLIENT_CONFIRMATION_OK"
5444,10407857476,10407857564,1,"IOTHUB_CLIENT_CONFIRMATION_OK"
5445,10407857676,10407857717,1,"IOTHUB_CLIENT_CONFIRMATION_OK"
5446,10407857876,10407857923,1,"IOTHUB_CLIENT_CONFIRMATION_OK"
5447,10407858076,10407858117,1,"IOTHUB_CLIENT_CONFIRMATION_OK"
5448,10407858277,10407858316,1,"IOTHUB_CLIENT_CONFIRMATION_OK"
5449,10407858477,10407858596,1,"IOTHUB_CLIENT_CONFIRMATION_OK"
5450,10407858677,10407858719,1,"IOTHUB_CLIENT_CONFIRMATION_OK"
5451,10407858877,10407858929,1,"IOTHUB_CLIENT_CONFIRMATION_OK"
5452,10407859077,10407859133,1,"IOTHUB_CLIENT_CONFIRMATION_OK"
5453,10407859277,10407859313,1,"IOTHUB_CLIENT_CONFIRMATION_OK"
5454,10407859478,10407859518,1,"IOTHUB_CLIENT_CONFIRMATION_OK"
5455,10407859678,10407859735,1,"IOTHUB_CLIENT_CONFIRMATION_OK"
5456,10407859878,10407859932,1,"IOTHUB_CLIENT_CONFIRMATION_OK"
5457,10407860078,10407860240,1,"IOTHUB_CLIENT_CONFIRMATION_OK"
5458,10407860278,10407860317,1,"IOTHUB_CLIENT_CONFIRMATION_OK"
5459,10407860478,10407860522,1,"IOTHUB_CLIENT_CONFIRMATION_OK"
5460,10407860679,10407860732,1,"IOTHUB_CLIENT_CONFIRMATION_OK"
5461,10407860879,10407860931,1,"IOTHUB_CLIENT_CONFIRMATION_OK"
5462,10407861079,10407861244,1,"IOTHUB_CLIENT_CONFIRMATION_OK"
5463,10407861279,10407861316,1,"IOTHUB_CLIENT_CONFIRMATION_OK"
5464,10407861479,10407861538,1,"IOTHUB_CLIENT_CONFIRMATION_OK"
5465,10407861679,10407861718,1,"IOTHUB_CLIENT_CONFIRMATION_OK"
5466,10407861880,10407861920,1,"IOTHUB_CLIENT_CONFIRMATION_OK"
5467,10407862080,10407862123,1,"IOTHUB_CLIENT_CONFIRMATION_OK"
5468,10407862280,10407862323,1,"IOTHUB_CLIENT_CONFIRMATION_OK"
5469,10407862480,10407862528,1,"IOTHUB_CLIENT_CONFIRMATION_OK"
5470,10407862680,10407862883,1,"IOTHUB_CLIENT_CONFIRMATION_OK"
5471,10407862880,10407862935,1,"IOTHUB_CLIENT_CONFIRMATION_OK"
5472,10407863080,10407863118,1,"IOTHUB_CLIENT_CONFIRMATION_OK"
5473,10407863281,10407863328,1,"IOTHUB_CLIENT_CONFIRMATION_OK"
5474,10407863481,10407863520,1,"IOTHUB_CLIENT_CONFIRMATION_OK"
5475,10407863681,10407863736,1,"IOTHUB_CLIENT_CONFIRMATION_OK"
5476,10407863881,10407863924,1,"IOTHUB_CLIENT_CONFIRMATION_OK"
5477,10407864081,10407864135,1,"IOTHUB_CLIENT_CONFIRMATION_OK"
5478,10407864281,10407864336,1,"IOTHUB_CLIENT_CONFIRMATION_OK"
5479,10407864482,10407864519,1,"IOTHUB_CLIENT_CONFIRMATION_OK"
5480,10407864682,10407864720,1,"IOTHUB_CLIENT_CONFIRMATION_OK"
5481,10407864882,10407864962,1,"IOTHUB_CLIENT_CONFIRMATION_OK"
5482,10407865082,10407865117,1,"IOTHUB_CLIENT_CONFIRMATION_OK"
5483,10407865282,10407865329,1,"IOTHUB_CLIENT_CONFIRMATION_OK"
5484,10407865482,10407865532,1,"IOTHUB_CLIENT_CONFIRMATION_OK"
5485,10407865683,10407865715,1,"IOTHUB_CLIENT_CONFIRMATION_OK"
5486,10407865883,10407865952,1,"IOTHUB_CLIENT_CONFIRMATION_OK"
5487,10407866083,10407866127,1,"IOTHUB_CLIENT_CONFIRMATION_OK"
5488,10407866283,10407866324,1,"IOTHUB_CLIENT_CONFIRMATION_OK"
5489,10407866483,10407866566,1,"IOTHUB_CLIENT_CONFIRMATION_OK"
5490,10407866683,10407866747,1,"IOTHUB_CLIENT_CONFIRMATION_OK"
5491,10407866884,10407866997,1,"IOTHUB_CLIENT_CONFIRMATION_OK"
5492,10407867084,10407867125,1,"IOTHUB_CLIENT_CONFIRMATION_OK"
5493,10407867284,10407867345,1,"IOTHUB_CLIENT_CONFIRMATION_OK"
5494,10407867484,10407867603,1,"IOTHUB_CLIENT_CONFIRMATION_OK"
5495,10407867684,10407867725,1,"IOTHUB_CLIENT_CONFIRMATION_OK"
5496,10407867884,10407867936,1,"IOTHUB_CLIENT_CONFIRMATION_OK"
5497,10407868085,10407868126,1,"IOTHUB_CLIENT_CONFIRMATION_OK"
5498,10407868285,10407868326,1,"IOTHUB_CLIENT_CONFIRMATION_OK"
5499,10407868485,10407868614,1,"IOTHUB_CLIENT_CONFIRMATION_OK"
5500,10407868685,10407868730,1,"IOTHUB_CLIENT_CONFIRMATION_OK"
5501,10407868885,10407868958,1,"IOTHUB_CLIENT_CONFIRMATION_OK"
5502,10407869085,10407869126,1,"IOTHUB_CLIENT_CONFIRMATION_OK"
5503,10407869286,10407869326,1,"IOTHUB_CLIENT_CONFIRMATION_OK"
5504,10407869486,10407869569,1,"IOTHUB_CLIENT_CONFIRMATION_OK"
5505,10407869686,10407869734,1,"IOTHUB_CLIENT_CONFIRMATION_OK"
5506,10407869886,10407869944,1,"IOTHUB_CLIENT_CONFIRMATION_OK"
5507,10407870086,10407870237,1,"IOTHUB_CLIENT_CONFIRMATION_OK"
5508,10407870286,10407870349,1,"IOTHUB_CLIENT_CONFIRMATION_OK"
5509,10407870487,10407870527,1,"IOTHUB_CLIENT_CONFIRMATION_OK"
5510,10407870687,10407870730,1,"IOTHUB_CLIENT_CONFIRMATION_OK"
5511,10407870887,10407870958,1,"IOTHUB_CLIENT_CONFIRMATION_OK"
5512,10407871087,10407871245,1,"IOTHUB_CLIENT_CONFIRMATION_OK"
5513,10407871287,10407871337,1,"IOTHUB_CLIENT_CONFIRMATION_OK"
5514,10407871487,10407871525,1,"IOTHUB_CLIENT_CONFIRMATION_OK"
5515,10407871687,10407871741,1,"IOTHUB_CLIENT_CONFIRMATION_OK"
5516,10407871888,10407871932,1,"IOTHUB_CLIENT_CONFIRMATION_OK"
5517,10407872088,10407872128,1,"IOTHUB_CLIENT_CONFIRMATION_OK"
5518,10407872288,10407872331,1,"IOTHUB_CLIENT_CONFIRMATION_OK"
5519,10407872488,10407872528,1,"IOTHUB_CLIENT_CONFIRMATION_OK"
5520,10407872688,10407872886,1,"IOTHUB_CLIENT_CONFIRMATION_OK"
5521,10407872888,10407872932,1,"IOTHUB_CLIENT_CONFIRMATION_OK"
5522,10407873089,10407873128,1,"IOTHUB_CLIENT_CONFIRMATION_OK"
5523,10407873289,10407873368,1,"IOTHUB_CLIENT_CONFIRMATION_OK"
5524,10407873489,10407873528,1,"IOTHUB_CLIENT_CONFIRMATION_OK"
5525,10407873689,10407873725,1,"IOTHUB_CLIENT_CONFIRMATION_OK"
5526,10407873889,10407873943,1,"IOTHUB_CLIENT_CONFIRMATION_OK"
5527,10407874089,10407874130,1,"IOTHUB_CLIENT_CONFIRMATION_OK"
5528,10407874289,10407874333,1,"IOTHUB_CLIENT_CONFIRMATION_OK"
5529,10407874490,10407874524,1,"IOTHUB_CLIENT_CONFIRMATION_OK"
5530,10407874690,10407874729,1,"IOTHUB_CLIENT_CONFIRMATION_OK"
5531,10407874890,10407874940,1,"IOTHUB_CLIENT_CONFIRMATION_OK"
5532,10407875090,10407875134,1,"IOTHUB_CLIENT_CONFIRMATION_OK"
5533,10407875290,10407875359,1,"IOTHUB_CLIENT_CONFIRMATION_OK"
5534,10407875490,10407875538,1,"IOTHUB_CLIENT_CONFIRMATION_OK"
5535,10407875691,10407875760,1,"IOTHUB_CLIENT_CONFIRMATION_OK"
5536,10407875891,10407875966,1,"IOTHUB_CLIENT_CONFIRMATION_OK"
5537,10407876091,10407876132,1,"IOTHUB_CLIENT_CONFIRMATION_OK"
5538,10407876291,10407876455,1,"IOTHUB_CLIENT_CONFIRMATION_OK"
5539,10407876491,10407876578,1,"IOTHUB_CLIENT_CONFIRMATION_OK"
5540,10407876691,10407876766,1,"IOTHUB_CLIENT_CONFIRMATION_OK"
5541,10407876892,10407876980,1,"IOTHUB_CLIENT_CONFIRMATION_OK"
5542,10407877092,10407877129,1,"IOTHUB_CLIENT_CONFIRMATION_OK"
5543,10407877292,10407877329,1,"IOTHUB_CLIENT_CONFIRMATION_OK"
5544,10407877492,10407877613,1,"IOTHUB_CLIENT_CONFIRMATION_OK"
5545,10407877692,10407877740,1,"IOTHUB_CLIENT_CONFIRMATION_OK"
5546,10407877892,10407877941,1,"IOTHUB_CLIENT_CONFIRMATION_OK"
5547,10407878093,10407878137,1,"IOTHUB_CLIENT_CONFIRMATION_OK"
5548,10407878293,10407878331,1,"IOTHUB_CLIENT_CONFIRMATION_OK"
5549,10407878493,10407878633,1,"IOTHUB_CLIENT_CONFIRMATION_OK"
5550,10407878693,10407878750,1,"IOTHUB_CLIENT_CONFIRMATION_OK"
5551,10407878893,10407878943,1,"IOTHUB_CLIENT_CONFIRMATION_OK"
5552,10407879093,10407879134,1,"IOTHUB_CLIENT_CONFIRMATION_OK"
5553,10407879294,10407879335,1,"IOTHUB_CLIENT_CONFIRMATION_OK"
5554,10407879494,10407879530,1,"IOTHUB_CLIENT_CONFIRMATION_OK"
5555,10407879694,10407879743,1,"IOTHUB_CLIENT_CONFIRMATION_OK"
5556,10407879894,10407879933,1,"IOTHUB_CLIENT_CONFIRMATION_OK"
5557,10407880094,10407880135,1,"IOTHUB_CLIENT_CONFIRMATION_OK"
5558,10407880294,10407880331,1,"IOTHUB_CLIENT_CONFIRMATION_OK"
5559,10407880494,10407880530,1,"IOTHUB_CLIENT_CONFIRMATION_OK"
5560,10407880695,10407880737,1,"IOTHUB_CLIENT_CONFIRMATION_OK"
5561,10407880895,10407881029,1,"IOTHUB_CLIENT_CONFIRMATION_OK"
5562,10407881095,10407881293,1,"IOTHUB_CLIENT_CONFIRMATION_OK"
5563,10407881295,10407881335,1,"IOTHUB_CLIENT_CONFIRMATION_OK"
5564,10407881495,10407881558,1,"IOTHUB_CLIENT_CONFIRMATION_OK"
5565,10407881695,10407881753,1,"IOTHUB_CLIENT_CONFIRMATION_OK"
5566,10407881896,10407881939,1,"IOTHUB_CLIENT_CONFIRMATION_OK"
5567,10407882096,10407882136,1,"IOTHUB_CLIENT_CONFIRMATION_OK"
5568,10407882296,10407882340,1,"IOTHUB_CLIENT_CONFIRMATION_OK"
5569,10407882496,10407882553,1,"IOTHUB_CLIENT_CONFIRMATION_OK"
5570,10407882696,10407882753,1,"IOTHUB_CLIENT_CONFIRMATION_OK"
5571,10407882896,10407882935,1,"IOTHUB_CLIENT_CONFIRMATION_OK"
5572,10407883096,10407883150,1,"IOTHUB_CLIENT_CONFIRMATION_OK"
5573,10407883297,10407883392,1,"IOTHUB_CLIENT_CONFIRMATION_OK"
5574,10407883497,10407883535,1,"IOTHUB_CLIENT_CONFIRMATION_OK"
5575,10407883697,10407883739,1,"IOTHUB_CLIENT_CONFIRMATION_OK"
5576,10407883897,10407883928,1,"IOTHUB_CLIENT_CONFIRMATION_OK"
5577,10407884097,10407884142,1,"IOTHUB_CLIENT_CONFIRMATION_OK"
5578,10407884297,10407884405,1,"IOTHUB_CLIENT_CONFIRMATION_OK"
5579,10407884498,10407884545,1,"IOTHUB_CLIENT_CONFIRMATION_OK"
5580,10407884698,10407884739,1,"IOTHUB_CLIENT_CONFIRMATION_OK"
5581,10407884898,10407884945,1,"IOTHUB_CLIENT_CONFIRMATION_OK"
5582,10407885098,10407885137,1,"IOTHUB_CLIENT_CONFIRMATION_OK"
5583,10407885298,10407885450,1,"IOTHUB_CLIENT_CONFIRMATION_OK"
5584,10407885498,10407885535,1,"IOTHUB_CLIENT_CONFIRMATION_OK"
5585,10407885699,10407885747,1,"IOTHUB_CLIENT_CONFIRMATION_OK"
5586,10407885899,10407885938,1,"IOTHUB_CLIENT_CONFIRMATION_OK"
5587,10407886099,10407886137,1,"IOTHUB_CLIENT_CONFIRMATION_OK"
5588,10407886299,10407886359,1,"IOTHUB_CLIENT_CONFIRMATION_OK"
5589,10407886499,10407886555,1,"IOTHUB_CLIENT_CONFIRMATION_OK"
5590,10407886699,10407886743,1,"IOTHUB_CLIENT_CONFIRMATION_OK"
5591,10407886900,10407887080,1,"IOTHUB_CLIENT_CONFIRMATION_OK"
5592,10407887100,10407887141,1,"IOTHUB_CLIENT_CONFIRMATION_OK"
5593,10407887300,10407887341,1,"IOTHUB_CLIENT_CONFIRMATION_OK"
5594,10407887500,10407887574,1,"IOTHUB_CLIENT_CONFIRMATION_OK"
5595,10407887700,10407887738,1,"IOTHUB_CLIENT_CONFIRMATION_OK"
5596,10407887900,10407887948,1,"IOTHUB_CLIENT_CONFIRMATION_OK"
5597,10407888100,10407888149,1,"IOTHUB_CLIENT_CONFIRMATION_OK"
5598,10407888301,10407888340,1,"IOTHUB_CLIENT_CONFIRMATION_OK"
5599,10407888501,10407888550,1,"IOTHUB_CLIENT_CONFIRMATION_OK"
5600,10407888701,10407888762,1,"IOTHUB_CLIENT_CONFIRMATION_OK"
5601,10407888901,10407888945,1,"IOTHUB_CLIENT_CONFIRMATION_OK"
5602,10407889101,10407889147,1,"IOTHUB_CLIENT_CONFIRMATION_OK"
5603,10407889301,10407889347,1,"IOTHUB_CLIENT_CONFIRMATION_OK"
5604,10407889502,10407889545,1,"IOTHUB_CLIENT_CONFIRMATION_OK"
5605,10407889702,10407889746,1,"IOTHUB_CLIENT_CONFIRMATION_OK"
5606,10407889902,10407889943,1,"IOTHUB_CLIENT_CONFIRMATION_OK"
5607,10407890102,10407890192,1,"IOTHUB_CLIENT_CONFIRMATION_OK"
5608,10407890302,10407890340,1,"IOTHUB_CLIENT_CONFIRMATION_OK"
5609,10407890502,10407890552,1,"IOTHUB_CLIENT_CONFIRMATION_OK"
5610,10407890703,10407890804,1,"IOTHUB_CLIENT_CONFIRMATION_OK"
5611,10407890903,10407890955,1,"IOTHUB_CLIENT_CONFIRMATION_OK"
5612,10407891103,10407891227,1,"IOTHUB_CLIENT_CONFIRMATION_OK"
5613,10407891303,10407891349,1,"IOTHUB_CLIENT_CONFIRMATION_OK"
5614,10407891503,10407891552,1,"IOTHUB_CLIENT_CONFIRMATION_OK"
5615,10407891703,10407891740,1,"IOTHUB_CLIENT_CONFIRMATION_OK"
5616,10407891904,10407891942,1,"IOTHUB_CLIENT_CONFIRMATION_OK"
5617,10407892104,10407892139,1,"IOTHUB_CLIENT_CONFIRMATION_OK"
5618,10407892304,10407892363,1,"IOTHUB_CLIENT_CONFIRMATION_OK"
5619,10407892504,10407892564,1,"IOTHUB_CLIENT_CONFIRMATION_OK"
5620,10407892704,10407892928,1,"IOTHUB_CLIENT_CONFIRMATION_OK"
5621,10407892904,10407892948,1,"IOTHUB_CLIENT_CONFIRMATION_OK"
5622,10407893104,10407893148,1,"IOTHUB_CLIENT_CONFIRMATION_OK"
5623,10407893305,10407893345,1,"IOTHUB_CLIENT_CONFIRMATION_OK"
5624,10407893505,10407893544,1,"IOTHUB_CLIENT_CONFIRMATION_OK"
5625,10407893705,10407893746,1,"IOTHUB_CLIENT_CONFIRMATION_OK"
5626,10407893905,10407893953,1,"IOTHUB_CLIENT_CONFIRMATION_OK"
5627,10407894105,10407894167,1,"IOTHUB_CLIENT_CONFIRMATION_OK"
5628,10407894305,10407894362,1,"IOTHUB_CLIENT_CONFIRMATION_OK"
5629,10407894506,10407894556,1,"IOTHUB_CLIENT_CONFIRMATION_OK"
5630,10407894706,10407894752,1,"IOTHUB_CLIENT_CONFIRMATION_OK"
5631,10407894906,10407894954,1,"IOTHUB_CLIENT_CONFIRMATION_OK"
5632,10407895106,10407895142,1,"IOTHUB_CLIENT_CONFIRMATION_OK"
5633,10407895306,10407895394,1,"IOTHUB_CLIENT_CONFIRMATION_OK"
5634,10407895506,10407895563,1,"IOTHUB_CLIENT_CONFIRMATION_OK"
5635,10407895706,10407895747,1,"IOTHUB_CLIENT_CONFIRMATION_OK"
5636,10407895907,10407895957,1,"IOTHUB_CLIENT_CONFIRMATION_OK"
5637,10407896107,10407896152,1,"IOTHUB_CLIENT_CONFIRMATION_OK"
5638,10407896307,10407896358,1,"IOTHUB_CLIENT_CONFIRMATION_OK"
5639,10407896507,10407896580,1,"IOTHUB_CLIENT_CONFIRMATION_OK"
5640,10407896707,10407896743,1,"IOTHUB_CLIENT_CONFIRMATION_OK"
5641,10407896907,10407897035,1,"IOTHUB_CLIENT_CONFIRMATION_OK"
5642,10407897108,10407897157,1,"IOTHUB_CLIENT_CONFIRMATION_OK"
5643,10407897308,10407897352,1,"IOTHUB_CLIENT_CONFIRMATION_OK"
5644,10407897508,10407897591,1,"IOTHUB_CLIENT_CONFIRMATION_OK"
5645,10407897708,10407897751,1,"IOTHUB_CLIENT_CONFIRMATION_OK"
5646,10407897908,10407897956,1,"IOTHUB_CLIENT_CONFIRMATION_OK"
5647,10407898108,10407898215,1,"IOTHUB_CLIENT_CONFIRMATION_OK"
5648,10407898309,10407898352,1,"IOTHUB_CLIENT_CONFIRMATION_OK"
5649,10407898509,10407898566,1,"IOTHUB_CLIENT_CONFIRMATION_OK"
5650,10407898709,10407898767,1,"IOTHUB_CLIENT_CONFIRMATION_OK"
5651,10407898909,10407898950,1,"IOTHUB_CLIENT_CONFIRMATION_OK"
5652,10407899109,10407899173,1,"IOTHUB_CLIENT_CONFIRMATION_OK"
5653,10407899309,10407899349,1,"IOTHUB_CLIENT_CONFIRMATION_OK"
5654,10407899509,10407899553,1,"IOTHUB_CLIENT_CONFIRMATION_OK"
5655,10407899710,10407899754,1,"IOTHUB_CLIENT_CONFIRMATION_OK"
5656,10407899910,10407899950,1,"IOTHUB_CLIENT_CONFIRMATION_OK"
5657,10407900110,10407900315,1,"IOTHUB_CLIENT_CONFIRMATION_OK"
5658,10407900310,10407900350,1,"IOTHUB_CLIENT_CONFIRMATION_OK"
5659,10407900510,10407900552,1,"IOTHUB_CLIENT_CONFIRMATION_OK"
5660,10407900710,10407900752,1,"IOTHUB_CLIENT_CONFIRMATION_OK"
5661,10407900911,10407900955,1,"IOTHUB_CLIENT_CONFIRMATION_OK"
5662,10407901111,10407901325,1,"IOTHUB_CLIENT_CONFIRMATION_OK"
5663,10407901311,10407901350,1,"IOTHUB_CLIENT_CONFIRMATION_OK"
5664,10407901511,10407901563,1,"IOTHUB_CLIENT_CONFIRMATION_OK"
5665,10407901711,10407901763,1,"IOTHUB_CLIENT_CONFIRMATION_OK"
5666,10407901911,10407901968,1,"IOTHUB_CLIENT_CONFIRMATION_OK"
5667,10407902112,10407902194,1,"IOTHUB_CLIENT_CONFIRMATION_OK"
5668,10407902312,10407902432,1,"IOTHUB_CLIENT_CONFIRMATION_OK"
5669,10407902512,10407902564,1,"IOTHUB_CLIENT_CONFIRMATION_OK"
5670,10407902712,10407902803,1,"IOTHUB_CLIENT_CONFIRMATION_OK"
5671,10407902912,10407902958,1,"IOTHUB_CLIENT_CONFIRMATION_OK"
5672,10407903112,10407903162,1,"IOTHUB_CLIENT_CONFIRMATION_OK"
5673,10407903312,10407903398,1,"IOTHUB_CLIENT_CONFIRMATION_OK"
5674,10407903513,10407903557,1,"IOTHUB_CLIENT_CONFIRMATION_OK"
5675,10407903713,10407903755,1,"IOTHUB_CLIENT_CONFIRMATION_OK"
5676,10407903913,10407903948,1,"IOTHUB_CLIENT_CONFIRMATION_OK"
5677,10407904113,10407904154,1,"IOTHUB_CLIENT_CONFIRMATION_OK"
5678,10407904313,10407904410,1,"IOTHUB_CLIENT_CONFIRMATION_OK"
5679,10407904513,10407904552,1,"IOTHUB_CLIENT_CONFIRMATION_OK"
5680,10407904714,10407904768,1,"IOTHUB_CLIENT_CONFIRMATION_OK"
5681,10407904914,10407905041,1,"IOTHUB_CLIENT_CONFIRMATION_OK"
5682,10407905114,10407905161,1,"IOTHUB_CLIENT_CONFIRMATION_OK"
5683,10407905314,10407905480,1,"IOTHUB_CLIENT_CONFIRMATION_OK"
5684,10407905514,10407905556,1,"IOTHUB_CLIENT_CONFIRMATION_OK"
5685,10407905714,10407905768,1,"IOTHUB_CLIENT_CONFIRMATION_OK"
5686,10407905915,10407906067,1,"IOTHUB_CLIENT_CONFIRMATION_OK"
5687,10407906115,10407906152,1,"IOTHUB_CLIENT_CONFIRMATION_OK"
5688,10407906315,10407906357,1,"IOTHUB_CLIENT_CONFIRMATION_OK"
5689,10407906515,10407906551,1,"IOTHUB_CLIENT_CONFIRMATION_OK"
5690,10407906715,10407906750,1,"IOTHUB_CLIENT_CONFIRMATION_OK"
5691,10407906915,10407907113,1,"IOTHUB_CLIENT_CONFIRMATION_OK"
5692,10407907116,10407907165,1,"IOTHUB_CLIENT_CONFIRMATION_OK"
5693,10407907316,10407907365,1,"IOTHUB_CLIENT_CONFIRMATION_OK"
5694,10407907516,10407907565,1,"IOTHUB_CLIENT_CONFIRMATION_OK"
5695,10407907716,10407907814,1,"IOTHUB_CLIENT_CONFIRMATION_OK"
5696,10407907916,10407907968,1,"IOTHUB_CLIENT_CONFIRMATION_OK"
5697,10407908116,10407908165,1,"IOTHUB_CLIENT_CONFIRMATION_OK"
5698,10407908316,10407908400,1,"IOTHUB_CLIENT_CONFIRMATION_OK"
5699,10407908517,10407908580,1,"IOTHUB_CLIENT_CONFIRMATION_OK"
5700,10407908717,10407908767,1,"IOTHUB_CLIENT_CONFIRMATION_OK"
5701,10407908917,10407908996,1,"IOTHUB_CLIENT_CONFIRMATION_OK"
5702,10407909117,10407909171,1,"IOTHUB_CLIENT_CONFIRMATION_OK"
5703,10407909317,10407909359,1,"IOTHUB_CLIENT_CONFIRMATION_OK"
5704,10407909517,10407909564,1,"IOTHUB_CLIENT_CONFIRMATION_OK"
5705,10407909718,10407909758,1,"IOTHUB_CLIENT_CONFIRMATION_OK"
5706,10407909918,10407909963,1,"IOTHUB_CLIENT_CONFIRMATION_OK"
5707,10407910118,10407910179,1,"IOTHUB_CLIENT_CONFIRMATION_OK"
5708,10407910318,10407910428,1,"IOTHUB_CLIENT_CONFIRMATION_OK"
5709,10407910518,10407910559,1,"IOTHUB_CLIENT_CONFIRMATION_OK"
5710,10407910718,10407910821,1,"IOTHUB_CLIENT_CONFIRMATION_OK"
5711,10407910918,10407910967,1,"IOTHUB_CLIENT_CONFIRMATION_OK"
5712,10407911119,10407911224,1,"IOTHUB_CLIENT_CONFIRMATION_OK"
5713,10407911319,10407911362,1,"IOTHUB_CLIENT_CONFIRMATION_OK"
5714,10407911519,10407911561,1,"IOTHUB_CLIENT_CONFIRMATION_OK"
5715,10407911719,10407911833,1,"IOTHUB_CLIENT_CONFIRMATION_OK"
5716,10407911919,10407911962,1,"IOTHUB_CLIENT_CONFIRMATION_OK"
5717,10407912119,10407912166,1,"IOTHUB_CLIENT_CONFIRMATION_OK"
5718,10407912320,10407912356,1,"IOTHUB_CLIENT_CONFIRMATION_OK"
5719,10407912520,10407912576,1,"IOTHUB_CLIENT_CONFIRMATION_OK"
5720,10407912720,10407912853,1,"IOTHUB_CLIENT_CONFIRMATION_OK"
5721,10407912920,10407912965,1,"IOTHUB_CLIENT_CONFIRMATION_OK"
5722,10407913120,10407913207,1,"IOTHUB_CLIENT_CONFIRMATION_OK"
5723,10407913320,10407913370,1,"IOTHUB_CLIENT_CONFIRMATION_OK"
5724,10407913520,10407913564,1,"IOTHUB_CLIENT_CONFIRMATION_OK"
5725,10407913721,10407913764,1,"IOTHUB_CLIENT_CONFIRMATION_OK"
5726,10407913921,10407913958,1,"IOTHUB_CLIENT_CONFIRMATION_OK"
5727,10407914121,10407914173,1,"IOTHUB_CLIENT_CONFIRMATION_OK"
5728,10407914321,10407914519,1,"IOTHUB_CLIENT_CONFIRMATION_OK"
5729,10407914521,10407914583,1,"IOTHUB_CLIENT_CONFIRMATION_OK"
5730,10407914721,10407914802,1,"IOTHUB_CLIENT_CONFIRMATION_OK"
5731,10407914922,10407914979,1,"IOTHUB_CLIENT_CONFIRMATION_OK"
5732,10407915122,10407915162,1,"IOTHUB_CLIENT_CONFIRMATION_OK"
5733,10407915322,10407915523,1,"IOTHUB_CLIENT_CONFIRMATION_OK"
5734,10407915522,10407915564,1,"IOTHUB_CLIENT_CONFIRMATION_OK"
5735,10407915722,10407916030,1,"IOTHUB_CLIENT_CONFIRMATION_OK"
5736,10407915922,10407916244,1,"IOTHUB_CLIENT_CONFIRMATION_OK"
5737,10407916122,10407916642,1,"IOTHUB_CLIENT_CONFIRMATION_OK"
5738,10407916323,10407916819,1,"IOTHUB_CLIENT_CONFIRMATION_OK"
5739,10407916523,10407916846,1,"IOTHUB_CLIENT_CONFIRMATION_OK"
5740,10407916723,10407916867,1,"IOTHUB_CLIENT_CONFIRMATION_OK"
5741,10407916923,10407917029,1,"IOTHUB_CLIENT_CONFIRMATION_OK"
5742,10407917123,10407917158,1,"IOTHUB_CLIENT_CONFIRMATION_OK"
5743,10407917323,10407917406,1,"IOTHUB_CLIENT_CONFIRMATION_OK"
5744,10407917523,10407917648,1,"IOTHUB_CLIENT_CONFIRMATION_OK"
5745,10407917724,10407917760,1,"IOTHUB_CLIENT_CONFIRMATION_OK"
5746,10407917924,10407917966,1,"IOTHUB_CLIENT_CONFIRMATION_OK"
5747,10407918124,10407918170,1,"IOTHUB_CLIENT_CONFIRMATION_OK"
5748,10407918324,10407918361,1,"IOTHUB_CLIENT_CONFIRMATION_OK"
5749,10407918524,10407918656,1,"IOTHUB_CLIENT_CONFIRMATION_OK"
5750,10407918724,10407918768,1,"IOTHUB_CLIENT_CONFIRMATION_OK"
5751,10407918925,10407918963,1,"IOTHUB_CLIENT_CONFIRMATION_OK"
5752,10407919125,10407919168,1,"IOTHUB_CLIENT_CONFIRMATION_OK"
5753,10407919325,10407919369,1,"IOTHUB_CLIENT_CONFIRMATION_OK"
5754,10407919525,10407919570,1,"IOTHUB_CLIENT_CONFIRMATION_OK"
5755,10407919725,10407919768,1,"IOTHUB_CLIENT_CONFIRMATION_OK"
5756,10407919925,10407919965,1,"IOTHUB_CLIENT_CONFIRMATION_OK"
5757,10407920126,10407920318,1,"IOTHUB_CLIENT_CONFIRMATION_OK"
5758,10407920326,10407920362,1,"IOTHUB_CLIENT_CONFIRMATION_OK"
5759,10407920527,10407920569,1,"IOTHUB_CLIENT_CONFIRMATION_OK"
5760,10407920728,10407920777,1,"IOTHUB_CLIENT_CONFIRMATION_OK"
5761,10407920928,10407920969,1,"IOTHUB_CLIENT_CONFIRMATION_OK"
5762,10407921128,10407921343,1,"IOTHUB_CLIENT_CONFIRMATION_OK"
5763,10407921328,10407921366,1,"IOTHUB_CLIENT_CONFIRMATION_OK"
5764,10407921528,10407921570,1,"IOTHUB_CLIENT_CONFIRMATION_OK"
5765,10407921728,10407921771,1,"IOTHUB_CLIENT_CONFIRMATION_OK"
5766,10407921928,10407921972,1,"IOTHUB_CLIENT_CONFIRMATION_OK"
5767,10407922129,10407922165,1,"IOTHUB_CLIENT_CONFIRMATION_OK"
5768,10407922329,10407922369,1,"IOTHUB_CLIENT_CONFIRMATION_OK"
5769,10407922529,10407922569,1,"IOTHUB_CLIENT_CONFIRMATION_OK"
5770,10407922729,10407922780,1,"IOTHUB_CLIENT_CONFIRMATION_OK"
5771,10407922929,10407922977,1,"IOTHUB_CLIENT_CONFIRMATION_OK"
5772,10407923129,10407923170,1,"IOTHUB_CLIENT_CONFIRMATION_OK"
5773,10407923329,10407923389,1,"IOTHUB_CLIENT_CONFIRMATION_OK"
5774,10407923530,10407923578,1,"IOTHUB_CLIENT_CONFIRMATION_OK"
5775,10407923730,10407923774,1,"IOTHUB_CLIENT_CONFIRMATION_OK"
5776,10407923930,10407924038,1,"IOTHUB_CLIENT_CONFIRMATION_OK"
5777,10407924130,10407924190,1,"IOTHUB_CLIENT_CONFIRMATION_OK"
5778,10407924330,10407924412,1,"IOTHUB_CLIENT_CONFIRMATION_OK"
5779,10407924530,10407924605,1,"IOTHUB_CLIENT_CONFIRMATION_OK"
5780,10407924731,10407924777,1,"IOTHUB_CLIENT_CONFIRMATION_OK"
5781,10407924931,10407925056,1,"IOTHUB_CLIENT_CONFIRMATION_OK"
5782,10407925131,10407925173,1,"IOTHUB_CLIENT_CONFIRMATION_OK"
5783,10407925331,10407925449,1,"IOTHUB_CLIENT_CONFIRMATION_OK"
5784,10407925531,10407925570,1,"IOTHUB_CLIENT_CONFIRMATION_OK"
5785,10407925731,10407925841,1,"IOTHUB_CLIENT_CONFIRMATION_OK"
5786,10407925932,10407926068,1,"IOTHUB_CLIENT_CONFIRMATION_OK"
5787,10407926132,10407926178,1,"IOTHUB_CLIENT_CONFIRMATION_OK"
5788,10407926332,10407926375,1,"IOTHUB_CLIENT_CONFIRMATION_OK"
5789,10407926532,10407926592,1,"IOTHUB_CLIENT_CONFIRMATION_OK"
5790,10407926732,10407926779,1,"IOTHUB_CLIENT_CONFIRMATION_OK"
5791,10407926932,10407927083,1,"IOTHUB_CLIENT_CONFIRMATION_OK"
5792,10407927133,10407927168,1,"IOTHUB_CLIENT_CONFIRMATION_OK"
5793,10407927333,10407927370,1,"IOTHUB_CLIENT_CONFIRMATION_OK"
5794,10407927533,10407927573,1,"IOTHUB_CLIENT_CONFIRMATION_OK"
5795,10407927733,10407927772,1,"IOTHUB_CLIENT_CONFIRMATION_OK"
5796,10407927933,10407927979,1,"IOTHUB_CLIENT_CONFIRMATION_OK"
5797,10407928133,10407928188,1,"IOTHUB_CLIENT_CONFIRMATION_OK"
5798,10407928334,10407928398,1,"IOTHUB_CLIENT_CONFIRMATION_OK"
5799,10407928534,10407928719,1,"IOTHUB_CLIENT_CONFIRMATION_OK"
5800,10407928734,10407928782,1,"IOTHUB_CLIENT_CONFIRMATION_OK"
5801,10407928934,10407928974,1,"IOTHUB_CLIENT_CONFIRMATION_OK"
5802,10407929134,10407929172,1,"IOTHUB_CLIENT_CONFIRMATION_OK"
5803,10407929334,10407929386,1,"IOTHUB_CLIENT_CONFIRMATION_OK"
5804,10407929535,10407929583,1,"IOTHUB_CLIENT_CONFIRMATION_OK"
5805,10407929735,10407929775,1,"IOTHUB_CLIENT_CONFIRMATION_OK"
5806,10407929935,10407929971,1,"IOTHUB_CLIENT_CONFIRMATION_OK"
5807,10407930135,10407930190,1,"IOTHUB_CLIENT_CONFIRMATION_OK"
5808,10407930335,10407930382,1,"IOTHUB_CLIENT_CONFIRMATION_OK"
5809,10407930535,10407930571,1,"IOTHUB_CLIENT_CONFIRMATION_OK"
5810,10407930736,10407930804,1,"IOTHUB_CLIENT_CONFIRMATION_OK"
5811,10407930936,10407930995,1,"IOTHUB_CLIENT_CONFIRMATION_OK"
5812,10407931136,10407931213,1,"IOTHUB_CLIENT_CONFIRMATION_OK"
5813,10407931336,10407931394,1,"IOTHUB_CLIENT_CONFIRMATION_OK"
5814,10407931536,10407931585,1,"IOTHUB_CLIENT_CONFIRMATION_OK"
5815,10407931736,10407931838,1,"IOTHUB_CLIENT_CONFIRMATION_OK"
5816,10407931937,10407931980,1,"IOTHUB_CLIENT_CONFIRMATION_OK"
5817,10407932137,10407932177,1,"IOTHUB_CLIENT_CONFIRMATION_OK"
5818,10407932337,10407932378,1,"IOTHUB_CLIENT_CONFIRMATION_OK"
5819,10407932537,10407932580,1,"IOTHUB_CLIENT_CONFIRMATION_OK"
5820,10407932737,10407932851,1,"IOTHUB_CLIENT_CONFIRMATION_OK"
5821,10407932937,10407932987,1,"IOTHUB_CLIENT_CONFIRMATION_OK"
5822,10407933138,10407933175,1,"IOTHUB_CLIENT_CONFIRMATION_OK"
5823,10407933338,10407933476,1,"IOTHUB_CLIENT_CONFIRMATION_OK"
5824,10407933538,10407933615,1,"IOTHUB_CLIENT_CONFIRMATION_OK"
5825,10407933738,10407933785,1,"IOTHUB_CLIENT_CONFIRMATION_OK"
5826,10407933938,10407933978,1,"IOTHUB_CLIENT_CONFIRMATION_OK"
5827,10407934139,10407934176,1,"IOTHUB_CLIENT_CONFIRMATION_OK"
5828,10407934339,10407934481,1,"IOTHUB_CLIENT_CONFIRMATION_OK"
5829,10407934539,10407934588,1,"IOTHUB_CLIENT_CONFIRMATION_OK"
5830,10407934739,10407934805,1,"IOTHUB_CLIENT_CONFIRMATION_OK"
5831,10407934939,10407934990,1,"IOTHUB_CLIENT_CONFIRMATION_OK"
5832,10407935139,10407935183,1,"IOTHUB_CLIENT_CONFIRMATION_OK"
5833,10407935340,10407935500,1,"IOTHUB_CLIENT_CONFIRMATION_OK"
5834,10407935540,10407935580,1,"IOTHUB_CLIENT_CONFIRMATION_OK"
5835,10407935740,10407935796,1,"IOTHUB_CLIENT_CONFIRMATION_OK"
5836,10407935940,10407935984,1,"IOTHUB_CLIENT_CONFIRMATION_OK"
5837,10407936140,10407936192,1,"IOTHUB_CLIENT_CONFIRMATION_OK"
5838,10407936341,10407936383,1,"IOTHUB_CLIENT_CONFIRMATION_OK"
5839,10407936541,10407936572,1,"IOTHUB_CLIENT_CONFIRMATION_OK"
5840,10407936741,10407936784,1,"IOTHUB_CLIENT_CONFIRMATION_OK"
5841,10407936941,10407937150,1,"IOTHUB_CLIENT_CONFIRMATION_OK"
5842,10407937141,10407937184,1,"IOTHUB_CLIENT_CONFIRMATION_OK"
5843,10407937341,10407937385,1,"IOTHUB_CLIENT_CONFIRMATION_OK"
5844,10407937542,10407937580,1,"IOTHUB_CLIENT_CONFIRMATION_OK"
5845,10407937742,10407937779,1,"IOTHUB_CLIENT_CONFIRMATION_OK"
5846,10407937942,10407937988,1,"IOTHUB_CLIENT_CONFIRMATION_OK"
5847,10407938142,10407938183,1,"IOTHUB_CLIENT_CONFIRMATION_OK"
5848,10407938342,10407938393,1,"IOTHUB_CLIENT_CONFIRMATION_OK"
5849,10407938542,10407938585,1,"IOTHUB_CLIENT_CONFIRMATION_OK"
5850,10407938742,10407938808,1,"IOTHUB_CLIENT_CONFIRMATION_OK"
5851,10407938943,10407938981,1,"IOTHUB_CLIENT_CONFIRMATION_OK"
5852,10407939143,10407939184,1,"IOTHUB_CLIENT_CONFIRMATION_OK"
5853,10407939343,10407939386,1,"IOTHUB_CLIENT_CONFIRMATION_OK"
5854,10407939543,10407939642,1,"IOTHUB_CLIENT_CONFIRMATION_OK"
5855,10407939743,10407939782,1,"IOTHUB_CLIENT_CONFIRMATION_OK"
5856,10407939943,10407939992,1,"IOTHUB_CLIENT_CONFIRMATION_OK"
5857,10407940144,10407940194,1,"IOTHUB_CLIENT_CONFIRMATION_OK"
5858,10407940344,10407940387,1,"IOTHUB_CLIENT_CONFIRMATION_OK"
5859,10407940544,10407940581,1,"IOTHUB_CLIENT_CONFIRMATION_OK"
5860,10407940744,10407940797,1,"IOTHUB_CLIENT_CONFIRMATION_OK"
5861,10407940944,10407940997,1,"IOTHUB_CLIENT_CONFIRMATION_OK"
5862,10407941144,10407941201,1,"IOTHUB_CLIENT_CONFIRMATION_OK"
5863,10407941345,10407941390,1,"IOTHUB_CLIENT_CONFIRMATION_OK"
5864,10407941545,10407941599,1,"IOTHUB_CLIENT_CONFIRMATION_OK"
5865,10407941745,10407941814,1,"IOTHUB_CLIENT_CONFIRMATION_OK"
5866,10407941945,10407941980,1,"IOTHUB_CLIENT_CONFIRMATION_OK"
5867,10407942145,10407942215,1,"IOTHUB_CLIENT_CONFIRMATION_OK"
5868,10407942345,10407942383,1,"IOTHUB_CLIENT_CONFIRMATION_OK"
5869,10407942545,10407942586,1,"IOTHUB_CLIENT_CONFIRMATION_OK"
5870,10407942746,10407942843,1,"IOTHUB_CLIENT_CONFIRMATION_OK"
5871,10407942946,10407942982,1,"IOTHUB_CLIENT_CONFIRMATION_OK"
5872,10407943146,10407943192,1,"IOTHUB_CLIENT_CONFIRMATION_OK"
5873,10407943346,10407943459,1,"IOTHUB_CLIENT_CONFIRMATION_OK"
5874,10407943546,10407943586,1,"IOTHUB_CLIENT_CONFIRMATION_OK"
5875,10407943746,10407943795,1,"IOTHUB_CLIENT_CONFIRMATION_OK"
5876,10407943947,10407944003,1,"IOTHUB_CLIENT_CONFIRMATION_OK"
5877,10407944147,10407944186,1,"IOTHUB_CLIENT_CONFIRMATION_OK"
5878,10407944347,10407944474,1,"IOTHUB_CLIENT_CONFIRMATION_OK"
5879,10407944547,10407944589,1,"IOTHUB_CLIENT_CONFIRMATION_OK"
5880,10407944747,10407944812,1,"IOTHUB_CLIENT_CONFIRMATION_OK"
5881,10407944947,10407945017,1,"IOTHUB_CLIENT_CONFIRMATION_OK"
5882,10407945148,10407945230,1,"IOTHUB_CLIENT_CONFIRMATION_OK"
5883,10407945348,10407945437,1,"IOTHUB_CLIENT_CONFIRMATION_OK"
5884,10407945548,10407945592,1,"IOTHUB_CLIENT_CONFIRMATION_OK"
5885,10407945748,10407945824,1,"IOTHUB_CLIENT_CONFIRMATION_OK"
5886,10407945948,10407946048,1,"IOTHUB_CLIENT_CONFIRMATION_OK"
5887,10407946148,10407946187,1,"IOTHUB_CLIENT_CONFIRMATION_OK"
5888,10407946349,10407946392,1,"IOTHUB_CLIENT_CONFIRMATION_OK"
5889,10407946549,10407946596,1,"IOTHUB_CLIENT_CONFIRMATION_OK"
5890,10407946749,10407946793,1,"IOTHUB_CLIENT_CONFIRMATION_OK"
5891,10407946949,10407947076,1,"IOTHUB_CLIENT_CONFIRMATION_OK"
5892,10407947149,10407947212,1,"IOTHUB_CLIENT_CONFIRMATION_OK"
5893,10407947349,10407947399,1,"IOTHUB_CLIENT_CONFIRMATION_OK"
5894,10407947550,10407947678,1,"IOTHUB_CLIENT_CONFIRMATION_OK"
5895,10407947750,10407947813,1,"IOTHUB_CLIENT_CONFIRMATION_OK"
5896,10407947950,10407947994,1,"IOTHUB_CLIENT_CONFIRMATION_OK"
5897,10407948150,10407948191,1,"IOTHUB_CLIENT_CONFIRMATION_OK"
5898,10407948350,10407948397,1,"IOTHUB_CLIENT_CONFIRMATION_OK"
5899,10407948550,10407948691,1,"IOTHUB_CLIENT_CONFIRMATION_OK"
5900,10407948750,10407948793,1,"IOTHUB_CLIENT_CONFIRMATION_OK"
5901,10407948951,10407948998,1,"IOTHUB_CLIENT_CONFIRMATION_OK"
5902,10407949151,10407949202,1,"IOTHUB_CLIENT_CONFIRMATION_OK"
5903,10407949351,10407949390,1,"IOTHUB_CLIENT_CONFIRMATION_OK"
5904,10407949551,10407949593,1,"IOTHUB_CLIENT_CONFIRMATION_OK"
5905,10407949751,10407949804,1,"IOTHUB_CLIENT_CONFIRMATION_OK"
5906,10407949951,10407949997,1,"IOTHUB_CLIENT_CONFIRMATION_OK"
5907,10407950151,10407950195,1,"IOTHUB_CLIENT_CONFIRMATION_OK"
5908,10407950352,10407950391,1,"IOTHUB_CLIENT_CONFIRMATION_OK"
5909,10407950552,10407950593,1,"IOTHUB_CLIENT_CONFIRMATION_OK"
5910,10407950752,10407950799,1,"IOTHUB_CLIENT_CONFIRMATION_OK"
5911,10407950952,10407951024,1,"IOTHUB_CLIENT_CONFIRMATION_OK"
5912,10407951152,10407951379,1,"IOTHUB_CLIENT_CONFIRMATION_OK"
5913,10407951352,10407951442,1,"IOTHUB_CLIENT_CONFIRMATION_OK"
5914,10407951553,10407951617,1,"IOTHUB_CLIENT_CONFIRMATION_OK"
5915,10407951753,10407951804,1,"IOTHUB_CLIENT_CONFIRMATION_OK"
5916,10407951953,10407951997,1,"IOTHUB_CLIENT_CONFIRMATION_OK"
5917,10407952153,10407952195,1,"IOTHUB_CLIENT_CONFIRMATION_OK"
5918,10407952353,10407952418,1,"IOTHUB_CLIENT_CONFIRMATION_OK"
5919,10407952553,10407952600,1,"IOTHUB_CLIENT_CONFIRMATION_OK"
5920,10407952754,10407952817,1,"IOTHUB_CLIENT_CONFIRMATION_OK"
5921,10407952954,10407952997,1,"IOTHUB_CLIENT_CONFIRMATION_OK"
5922,10407953154,10407953197,1,"IOTHUB_CLIENT_CONFIRMATION_OK"
5923,10407953354,10407953487,1,"IOTHUB_CLIENT_CONFIRMATION_OK"
5924,10407953554,10407953595,1,"IOTHUB_CLIENT_CONFIRMATION_OK"
5925,10407953754,10407953794,1,"IOTHUB_CLIENT_CONFIRMATION_OK"
5926,10407953954,10407953995,1,"IOTHUB_CLIENT_CONFIRMATION_OK"
5927,10407954155,10407954205,1,"IOTHUB_CLIENT_CONFIRMATION_OK"
5928,10407954355,10407954459,1,"IOTHUB_CLIENT_CONFIRMATION_OK"
5929,10407954555,10407954594,1,"IOTHUB_CLIENT_CONFIRMATION_OK"
5930,10407954755,10407954833,1,"IOTHUB_CLIENT_CONFIRMATION_OK"
5931,10407954955,10407954998,1,"IOTHUB_CLIENT_CONFIRMATION_OK"
5932,10407955155,10407955220,1,"IOTHUB_CLIENT_CONFIRMATION_OK"
5933,10407955356,10407955473,1,"IOTHUB_CLIENT_CONFIRMATION_OK"
5934,10407955556,10407955602,1,"IOTHUB_CLIENT_CONFIRMATION_OK"
5935,10407955756,10407955805,1,"IOTHUB_CLIENT_CONFIRMATION_OK"
5936,10407955956,10407956095,1,"IOTHUB_CLIENT_CONFIRMATION_OK"
5937,10407956156,10407956204,1,"IOTHUB_CLIENT_CONFIRMATION_OK"
5938,10407956356,10407956401,1,"IOTHUB_CLIENT_CONFIRMATION_OK"
5939,10407956557,10407956618,1,"IOTHUB_CLIENT_CONFIRMATION_OK"
5940,10407956757,10407956795,1,"IOTHUB_CLIENT_CONFIRMATION_OK"
5941,10407956957,10407957098,1,"IOTHUB_CLIENT_CONFIRMATION_OK"
5942,10407957157,10407957207,1,"IOTHUB_CLIENT_CONFIRMATION_OK"
5943,10407957357,10407957392,1,"IOTHUB_CLIENT_CONFIRMATION_OK"
5944,10407957557,10407957608,1,"IOTHUB_CLIENT_CONFIRMATION_OK"
5945,10407957757,10407957804,1,"IOTHUB_CLIENT_CONFIRMATION_OK"
5946,10407957958,10407957993,1,"IOTHUB_CLIENT_CONFIRMATION_OK"
5947,10407958158,10407958202,1,"IOTHUB_CLIENT_CONFIRMATION_OK"
5948,10407958358,10407958403,1,"IOTHUB_CLIENT_CONFIRMATION_OK"
5949,10407958558,10407958739,1,"IOTHUB_CLIENT_CONFIRMATION_OK"
5950,10407958758,10407958798,1,"IOTHUB_CLIENT_CONFIRMATION_OK"
5951,10407958958,10407959001,1,"IOTHUB_CLIENT_CONFIRMATION_OK"
5952,10407959159,10407959267,1,"IOTHUB_CLIENT_CONFIRMATION_OK"
5953,10407959359,10407959428,1,"IOTHUB_CLIENT_CONFIRMATION_OK"
5954,10407959559,10407959653,1,"IOTHUB_CLIENT_CONFIRMATION_OK"
5955,10407959759,10407959809,1,"IOTHUB_CLIENT_CONFIRMATION_OK"
5956,10407959959,10407959998,1,"IOTHUB_CLIENT_CONFIRMATION_OK"
5957,10407960159,10407960204,1,"IOTHUB_CLIENT_CONFIRMATION_OK"
5958,10407960360,10407960406,1,"IOTHUB_CLIENT_CONFIRMATION_OK"
5959,10407960560,10407960632,1,"IOTHUB_CLIENT_CONFIRMATION_OK"
5960,10407960760,10407960809,1,"IOTHUB_CLIENT_CONFIRMATION_OK"
5961,10407960960,10407960995,1,"IOTHUB_CLIENT_CONFIRMATION_OK"
5962,10407961160,10407961366,1,"IOTHUB_CLIENT_CONFIRMATION_OK"
5963,10407961360,10407961408,1,"IOTHUB_CLIENT_CONFIRMATION_OK"
5964,10407961561,10407961609,1,"IOTHUB_CLIENT_CONFIRMATION_OK"
5965,10407961761,10407961832,1,"IOTHUB_CLIENT_CONFIRMATION_OK"
5966,10407961961,10407962007,1,"IOTHUB_CLIENT_CONFIRMATION_OK"
5967,10407962161,10407962215,1,"IOTHUB_CLIENT_CONFIRMATION_OK"
5968,10407962361,10407962429,1,"IOTHUB_CLIENT_CONFIRMATION_OK"
5969,10407962561,10407962615,1,"IOTHUB_CLIENT_CONFIRMATION_OK"
5970,10407962762,10407962832,1,"IOTHUB_CLIENT_CONFIRMATION_OK"
5971,10407962962,10407963006,1,"IOTHUB_CLIENT_CONFIRMATION_OK"
5972,10407963162,10407963200,1,"IOTHUB_CLIENT_CONFIRMATION_OK"
5973,10407963362,10407963445,1,"IOTHUB_CLIENT_CONFIRMATION_OK"
5974,10407963562,10407963603,1,"IOTHUB_CLIENT_CONFIRMATION_OK"
5975,10407963762,10407963815,1,"IOTHUB_CLIENT_CONFIRMATION_OK"
5976,10407963963,10407964005,1,"IOTHUB_CLIENT_CONFIRMATION_OK"
5977,10407964163,10407964220,1,"IOTHUB_CLIENT_CONFIRMATION_OK"
5978,10407964363,10407964466,1,"IOTHUB_CLIENT_CONFIRMATION_OK"
5979,10407964563,10407964606,1,"IOTHUB_CLIENT_CONFIRMATION_OK"
5980,10407964763,10407964806,1,"IOTHUB_CLIENT_CONFIRMATION_OK"
5981,10407964963,10407965020,1,"IOTHUB_CLIENT_CONFIRMATION_OK"
5982,10407965164,10407965203,1,"IOTHUB_CLIENT_CONFIRMATION_OK"
5983,10407965364,10407965563,1,"IOTHUB_CLIENT_CONFIRMATION_OK"
5984,10407965564,10407965631,1,"IOTHUB_CLIENT_CONFIRMATION_OK"
5985,10407965764,10407965812,1,"IOTHUB_CLIENT_CONFIRMATION_OK"
5986,10407965964,10407966016,1,"IOTHUB_CLIENT_CONFIRMATION_OK"
5987,10407966164,10407966205,1,"IOTHUB_CLIENT_CONFIRMATION_OK"
5988,10407966365,10407966420,1,"IOTHUB_CLIENT_CONFIRMATION_OK"
5989,10407966565,10407966610,1,"IOTHUB_CLIENT_CONFIRMATION_OK"
5990,10407966765,10407966803,1,"IOTHUB_CLIENT_CONFIRMATION_OK"
5991,10407966965,10407967010,1,"IOTHUB_CLIENT_CONFIRMATION_OK"
5992,10407967165,10407967234,1,"IOTHUB_CLIENT_CONFIRMATION_OK"
5993,10407967365,10407967406,1,"IOTHUB_CLIENT_CONFIRMATION_OK"
5994,10407967566,10407967610,1,"IOTHUB_CLIENT_CONFIRMATION_OK"
5995,10407967766,10407967808,1,"IOTHUB_CLIENT_CONFIRMATION_OK"
5996,10407967966,10407968010,1,"IOTHUB_CLIENT_CONFIRMATION_OK"
5997,10407968166,10407968214,1,"IOTHUB_CLIENT_CONFIRMATION_OK"
5998,10407968366,10407968403,1,"IOTHUB_CLIENT_CONFIRMATION_OK"
5999,10407968566,10407968620,1,"IOTHUB_CLIENT_CONFIRMATION_OK"
6000,10407968766,10407968817,1,"IOTHUB_CLIENT_CONFIRMATION_OK"
6001,10407968967,10407969011,1,"IOTHUB_CLIENT_CONFIRMATION_OK"
6002,10407969167,10407969249,1,"IOTHUB_CLIENT_CONFIRMATION_OK"
6003,10407969367,10407969439,1,"IOTHUB_CLIENT_CONFIRMATION_OK"
6004,10407969567,10407969632,1,"IOTHUB_CLIENT_CONFIRMATION_OK"
6005,10407969767,10407969826,1,"IOTHUB_CLIENT_CONFIRMATION_OK"
6006,10407969968,10407970021,1,"IOTHUB_CLIENT_CONFIRMATION_OK"
6007,10407970168,10407970369,1,"IOTHUB_CLIENT_CONFIRMATION_OK"
6008,10407970368,10407970409,1,"IOTHUB_CLIENT_CONFIRMATION_OK"
6009,10407970568,10407970618,1,"IOTHUB_CLIENT_CONFIRMATION_OK"
6010,10407970768,10407970853,1,"IOTHUB_CLIENT_CONFIRMATION_OK"
6011,10407970968,10407971005,1,"IOTHUB_CLIENT_CONFIRMATION_OK"
6012,10407971169,10407971299,1,"IOTHUB_CLIENT_CONFIRMATION_OK"
6013,10407971369,10407971409,1,"IOTHUB_CLIENT_CONFIRMATION_OK"
6014,10407971569,10407971639,1,"IOTHUB_CLIENT_CONFIRMATION_OK"
6015,10407971769,10407971869,1,"IOTHUB_CLIENT_CONFIRMATION_OK"
6016,10407971969,10407972011,1,"IOTHUB_CLIENT_CONFIRMATION_OK"
6017,10407972169,10407972211,1,"IOTHUB_CLIENT_CONFIRMATION_OK"
6018,10407972370,10407972436,1,"IOTHUB_CLIENT_CONFIRMATION_OK"
6019,10407972570,10407972615,1,"IOTHUB_CLIENT_CONFIRMATION_OK"
6020,10407972770,10407972892,1,"IOTHUB_CLIENT_CONFIRMATION_OK"
6021,10407972970,10407973008,1,"IOTHUB_CLIENT_CONFIRMATION_OK"
6022,10407973170,10407973217,1,"IOTHUB_CLIENT_CONFIRMATION_OK"
6023,10407973370,10407973415,1,"IOTHUB_CLIENT_CONFIRMATION_OK"
6024,10407973571,10407973625,1,"IOTHUB_CLIENT_CONFIRMATION_OK"
6025,10407973771,10407973809,1,"IOTHUB_CLIENT_CONFIRMATION_OK"
6026,10407973971,10407974013,1,"IOTHUB_CLIENT_CONFIRMATION_OK"
6027,10407974171,10407974245,1,"IOTHUB_CLIENT_CONFIRMATION_OK"
6028,10407974371,10407974544,1,"IOTHUB_CLIENT_CONFIRMATION_OK"
6029,10407974571,10407974641,1,"IOTHUB_CLIENT_CONFIRMATION_OK"
6030,10407974772,10407974821,1,"IOTHUB_CLIENT_CONFIRMATION_OK"
6031,10407974972,10407975040,1,"IOTHUB_CLIENT_CONFIRMATION_OK"
6032,10407975172,10407975210,1,"IOTHUB_CLIENT_CONFIRMATION_OK"
6033,10407975372,10407975557,1,"IOTHUB_CLIENT_CONFIRMATION_OK"
6034,10407975572,10407975621,1,"IOTHUB_CLIENT_CONFIRMATION_OK"
6035,10407975772,10407975814,1,"IOTHUB_CLIENT_CONFIRMATION_OK"
6036,10407975973,10407976009,1,"IOTHUB_CLIENT_CONFIRMATION_OK"
6037,10407976173,10407976214,1,"IOTHUB_CLIENT_CONFIRMATION_OK"
6038,10407976373,10407976462,1,"IOTHUB_CLIENT_CONFIRMATION_OK"
6039,10407976573,10407976624,1,"IOTHUB_CLIENT_CONFIRMATION_OK"
6040,10407976773,10407976812,1,"IOTHUB_CLIENT_CONFIRMATION_OK"
6041,10407976973,10407977184,1,"IOTHUB_CLIENT_CONFIRMATION_OK"
6042,10407977174,10407977218,1,"IOTHUB_CLIENT_CONFIRMATION_OK"
6043,10407977374,10407977413,1,"IOTHUB_CLIENT_CONFIRMATION_OK"
6044,10407977574,10407977623,1,"IOTHUB_CLIENT_CONFIRMATION_OK"
6045,10407977774,10407977815,1,"IOTHUB_CLIENT_CONFIRMATION_OK"
6046,10407977974,10407978015,1,"IOTHUB_CLIENT_CONFIRMATION_OK"
6047,10407978174,10407978268,1,"IOTHUB_CLIENT_CONFIRMATION_OK"
6048,10407978375,10407978412,1,"IOTHUB_CLIENT_CONFIRMATION_OK"
6049,10407978575,10407978618,1,"IOTHUB_CLIENT_CONFIRMATION_OK"
6050,10407978775,10407978814,1,"IOTHUB_CLIENT_CONFIRMATION_OK"
6051,10407978975,10407979012,1,"IOTHUB_CLIENT_CONFIRMATION_OK"
6052,10407979175,10407979225,1,"IOTHUB_CLIENT_CONFIRMATION_OK"
6053,10407979375,10407979419,1,"IOTHUB_CLIENT_CONFIRMATION_OK"
6054,10407979576,10407979611,1,"IOTHUB_CLIENT_CONFIRMATION_OK"
6055,10407979776,10407979821,1,"IOTHUB_CLIENT_CONFIRMATION_OK"
6056,10407979976,10407980016,1,"IOTHUB_CLIENT_CONFIRMATION_OK"
6057,10407980176,10407980226,1,"IOTHUB_CLIENT_CONFIRMATION_OK"
6058,10407980376,10407980422,1,"IOTHUB_CLIENT_CONFIRMATION_OK"
6059,10407980576,10407980627,1,"IOTHUB_CLIENT_CONFIRMATION_OK"
6060,10407980777,10407980849,1,"IOTHUB_CLIENT_CONFIRMATION_OK"
6061,10407980977,10407981021,1,"IOTHUB_CLIENT_CONFIRMATION_OK"
6062,10407981177,10407981251,1,"IOTHUB_CLIENT_CONFIRMATION_OK"
6063,10407981377,10407981430,1,"IOTHUB_CLIENT_CONFIRMATION_OK"
6064,10407981577,10407981624,1,"IOTHUB_CLIENT_CONFIRMATION_OK"
6065,10407981777,10407981856,1,"IOTHUB_CLIENT_CONFIRMATION_OK"
6066,10407981978,10407982031,1,"IOTHUB_CLIENT_CONFIRMATION_OK"
6067,10407982178,10407982229,1,"IOTHUB_CLIENT_CONFIRMATION_OK"
6068,10407982378,10407982423,1,"IOTHUB_CLIENT_CONFIRMATION_OK"
6069,10407982578,10407982623,1,"IOTHUB_CLIENT_CONFIRMATION_OK"
6070,10407982778,10407982872,1,"IOTHUB_CLIENT_CONFIRMATION_OK"
6071,10407982978,10407983029,1,"IOTHUB_CLIENT_CONFIRMATION_OK"
6072,10407983179,10407983222,1,"IOTHUB_CLIENT_CONFIRMATION_OK"
6073,10407983379,10407983489,1,"IOTHUB_CLIENT_CONFIRMATION_OK"
6074,10407983579,10407983622,1,"IOTHUB_CLIENT_CONFIRMATION_OK"
6075,10407983779,10407983872,1,"IOTHUB_CLIENT_CONFIRMATION_OK"
6076,10407983979,10407984030,1,"IOTHUB_CLIENT_CONFIRMATION_OK"
6077,10407984179,10407984222,1,"IOTHUB_CLIENT_CONFIRMATION_OK"
6078,10407984379,10407984508,1,"IOTHUB_CLIENT_CONFIRMATION_OK"
6079,10407984580,10407984616,1,"IOTHUB_CLIENT_CONFIRMATION_OK"
6080,10407984780,10407984826,1,"IOTHUB_CLIENT_CONFIRMATION_OK"
6081,10407984980,10407985026,1,"IOTHUB_CLIENT_CONFIRMATION_OK"
6082,10407985180,10407985218,1,"IOTHUB_CLIENT_CONFIRMATION_OK"
6083,10407985380,10407985516,1,"IOTHUB_CLIENT_CONFIRMATION_OK"
6084,10407985580,10407985625,1,"IOTHUB_CLIENT_CONFIRMATION_OK"
6085,10407985780,10407985833,1,"IOTHUB_CLIENT_CONFIRMATION_OK"
6086,10407985981,10407986117,1,"IOTHUB_CLIENT_CONFIRMATION_OK"
6087,10407986181,10407986233,1,"IOTHUB_CLIENT_CONFIRMATION_OK"
6088,10407986381,10407986426,1,"IOTHUB_CLIENT_CONFIRMATION_OK"
6089,10407986581,10407986644,1,"IOTHUB_CLIENT_CONFIRMATION_OK"
6090,10407986781,10407986981,1,"IOTHUB_CLIENT_CONFIRMATION_OK"
6091,10407986981,10407987154,1,"IOTHUB_CLIENT_CONFIRMATION_OK"
6092,10407987182,10407987219,1,"IOTHUB_CLIENT_CONFIRMATION_OK"
6093,10407987382,10407987425,1,"IOTHUB_CLIENT_CONFIRMATION_OK"
6094,10407987582,10407987623,1,"IOTHUB_CLIENT_CONFIRMATION_OK"
6095,10407987782,10407987832,1,"IOTHUB_CLIENT_CONFIRMATION_OK"
6096,10407987982,10407988026,1,"IOTHUB_CLIENT_CONFIRMATION_OK"
6097,10407988182,10407988225,1,"IOTHUB_CLIENT_CONFIRMATION_OK"
6098,10407988382,10407988423,1,"IOTHUB_CLIENT_CONFIRMATION_OK"
6099,10407988583,10407988645,1,"IOTHUB_CLIENT_CONFIRMATION_OK"
6100,10407988783,10407988825,1,"IOTHUB_CLIENT_CONFIRMATION_OK"
6101,10407988983,10407989030,1,"IOTHUB_CLIENT_CONFIRMATION_OK"
6102,10407989183,10407989239,1,"IOTHUB_CLIENT_CONFIRMATION_OK"
6103,10407989383,10407989431,1,"IOTHUB_CLIENT_CONFIRMATION_OK"
6104,10407989583,10407989778,1,"IOTHUB_CLIENT_CONFIRMATION_OK"
6105,10407989784,10407989823,1,"IOTHUB_CLIENT_CONFIRMATION_OK"
6106,10407989984,10407990052,1,"IOTHUB_CLIENT_CONFIRMATION_OK"
6107,10407990184,10407990261,1,"IOTHUB_CLIENT_CONFIRMATION_OK"
6108,10407990384,10407990441,1,"IOTHUB_CLIENT_CONFIRMATION_OK"
6109,10407990584,10407990631,1,"IOTHUB_CLIENT_CONFIRMATION_OK"
6110,10407990784,10407990842,1,"IOTHUB_CLIENT_CONFIRMATION_OK"
6111,10407990985,10407991022,1,"IOTHUB_CLIENT_CONFIRMATION_OK"
6112,10407991185,10407991223,1,"IOTHUB_CLIENT_CONFIRMATION_OK"
6113,10407991385,10407991425,1,"IOTHUB_CLIENT_CONFIRMATION_OK"
6114,10407991585,10407991634,1,"IOTHUB_CLIENT_CONFIRMATION_OK"
6115,10407991785,10407991849,1,"IOTHUB_CLIENT_CONFIRMATION_OK"
6116,10407991985,10407992047,1,"IOTHUB_CLIENT_CONFIRMATION_OK"
6117,10407992185,10407992244,1,"IOTHUB_CLIENT_CONFIRMATION_OK"
6118,10407992386,10407992436,1,"IOTHUB_CLIENT_CONFIRMATION_OK"
6119,10407992586,10407992647,1,"IOTHUB_CLIENT_CONFIRMATION_OK"
6120,10407992786,10407992838,1,"IOTHUB_CLIENT_CONFIRMATION_OK"
6121,10407992986,10407993032,1,"IOTHUB_CLIENT_CONFIRMATION_OK"
6122,10407993186,10407993233,1,"IOTHUB_CLIENT_CONFIRMATION_OK"
6123,10407993386,10407993458,1,"IOTHUB_CLIENT_CONFIRMATION_OK"
6124,10407993587,10407993628,1,"IOTHUB_CLIENT_CONFIRMATION_OK"
6125,10407993787,10407993840,1,"IOTHUB_CLIENT_CONFIRMATION_OK"
6126,10407993987,10407994029,1,"IOTHUB_CLIENT_CONFIRMATION_OK"
6127,10407994187,10407994229,1,"IOTHUB_CLIENT_CONFIRMATION_OK"
6128,10407994387,10407994466,1,"IOTHUB_CLIENT_CONFIRMATION_OK"
6129,10407994587,10407994647,1,"IOTHUB_CLIENT_CONFIRMATION_OK"
6130,10407994788,10407994827,1,"IOTHUB_CLIENT_CONFIRMATION_OK"
6131,10407994988,10407995086,1,"IOTHUB_CLIENT_CONFIRMATION_OK"
6132,10407995188,10407995230,1,"IOTHUB_CLIENT_CONFIRMATION_OK"
6133,10407995388,10407995484,1,"IOTHUB_CLIENT_CONFIRMATION_OK"
6134,10407995588,10407995637,1,"IOTHUB_CLIENT_CONFIRMATION_OK"
6135,10407995788,10407995828,1,"IOTHUB_CLIENT_CONFIRMATION_OK"
6136,10407995989,10407996086,1,"IOTHUB_CLIENT_CONFIRMATION_OK"
6137,10407996189,10407996237,1,"IOTHUB_CLIENT_CONFIRMATION_OK"
6138,10407996389,10407996450,1,"IOTHUB_CLIENT_CONFIRMATION_OK"
6139,10407996589,10407996660,1,"IOTHUB_CLIENT_CONFIRMATION_OK"
6140,10407996789,10407996830,1,"IOTHUB_CLIENT_CONFIRMATION_OK"
6141,10407996989,10407997122,1,"IOTHUB_CLIENT_CONFIRMATION_OK"
6142,10407997190,10407997232,1,"IOTHUB_CLIENT_CONFIRMATION_OK"
6143,10407997390,10407997435,1,"IOTHUB_CLIENT_CONFIRMATION_OK"
6144,10407997590,10407997796,1,"IOTHUB_CLIENT_CONFIRMATION_OK"
6145,10407997790,10407997839,1,"IOTHUB_CLIENT_CONFIRMATION_OK"
6146,10407997990,10407998042,1,"IOTHUB_CLIENT_CONFIRMATION_OK"
6147,10407998190,10407998249,1,"IOTHUB_CLIENT_CONFIRMATION_OK"
6148,10407998390,10407998436,1,"IOTHUB_CLIENT_CONFIRMATION_OK"
6149,10407998591,10407998729,1,"IOTHUB_CLIENT_CONFIRMATION_OK"
6150,10407998791,10407998832,1,"IOTHUB_CLIENT_CONFIRMATION_OK"
6151,10407998991,10407999035,1,"IOTHUB_CLIENT_CONFIRMATION_OK"
6152,10407999191,10407999237,1,"IOTHUB_CLIENT_CONFIRMATION_OK"
6153,10407999391,10407999432,1,"IOTHUB_CLIENT_CONFIRMATION_OK"
6154,10407999591,10407999736,1,"IOTHUB_CLIENT_CONFIRMATION_OK"
6155,10407999792,10407999836,1,"IOTHUB_CLIENT_CONFIRMATION_OK"
6156,10407999992,10408000031,1,"IOTHUB_CLIENT_CONFIRMATION_OK"
6157,10408000192,10408000235,1,"IOTHUB_CLIENT_CONFIRMATION_OK"
6158,10408000392,10408000434,1,"IOTHUB_CLIENT_CONFIRMATION_OK"
6159,10408000592,10408000638,1,"IOTHUB_CLIENT_CONFIRMATION_OK"
6160,10408000792,10408000828,1,"IOTHUB_CLIENT_CONFIRMATION_OK"
6161,10408000993,10408001035,1,"IOTHUB_CLIENT_CONFIRMATION_OK"
6162,10408001193,10408001377,1,"IOTHUB_CLIENT_CONFIRMATION_OK"
6163,10408001393,10408001436,1,"IOTHUB_CLIENT_CONFIRMATION_OK"
6164,10408001593,10408001647,1,"IOTHUB_CLIENT_CONFIRMATION_OK"
6165,10408001793,10408001841,1,"IOTHUB_CLIENT_CONFIRMATION_OK"
6166,10408001993,10408002036,1,"IOTHUB_CLIENT_CONFIRMATION_OK"
6167,10408002194,10408002238,1,"IOTHUB_CLIENT_CONFIRMATION_OK"
6168,10408002394,10408002432,1,"IOTHUB_CLIENT_CONFIRMATION_OK"
6169,10408002594,10408002656,1,"IOTHUB_CLIENT_CONFIRMATION_OK"
6170,10408002794,10408002850,1,"IOTHUB_CLIENT_CONFIRMATION_OK"
6171,10408002994,10408003031,1,"IOTHUB_CLIENT_CONFIRMATION_OK"
6172,10408003194,10408003233,1,"IOTHUB_CLIENT_CONFIRMATION_OK"
6173,10408003395,10408003437,1,"IOTHUB_CLIENT_CONFIRMATION_OK"
6174,10408003595,10408003635,1,"IOTHUB_CLIENT_CONFIRMATION_OK"
6175,10408003795,10408003839,1,"IOTHUB_CLIENT_CONFIRMATION_OK"
6176,10408003995,10408004040,1,"IOTHUB_CLIENT_CONFIRMATION_OK"
6177,10408004195,10408004243,1,"IOTHUB_CLIENT_CONFIRMATION_OK"
6178,10408004395,10408004440,1,"IOTHUB_CLIENT_CONFIRMATION_OK"
6179,10408004596,10408004638,1,"IOTHUB_CLIENT_CONFIRMATION_OK"
6180,10408004796,10408004844,1,"IOTHUB_CLIENT_CONFIRMATION_OK"
6181,10408004996,10408005066,1,"IOTHUB_CLIENT_CONFIRMATION_OK"
6182,10408005196,10408005269,1,"IOTHUB_CLIENT_CONFIRMATION_OK"
6183,10408005396,10408005442,1,"IOTHUB_CLIENT_CONFIRMATION_OK"
6184,10408005596,10408005633,1,"IOTHUB_CLIENT_CONFIRMATION_OK"
6185,10408005797,10408005831,1,"IOTHUB_CLIENT_CONFIRMATION_OK"
6186,10408005997,10408006056,1,"IOTHUB_CLIENT_CONFIRMATION_OK"
6187,10408006197,10408006235,1,"IOTHUB_CLIENT_CONFIRMATION_OK"
6188,10408006397,10408006444,1,"IOTHUB_CLIENT_CONFIRMATION_OK"
6189,10408006597,10408006682,1,"IOTHUB_CLIENT_CONFIRMATION_OK"
6190,10408006797,10408006842,1,"IOTHUB_CLIENT_CONFIRMATION_OK"
6191,10408006998,10408007076,1,"IOTHUB_CLIENT_CONFIRMATION_OK"
6192,10408007198,10408007236,1,"IOTHUB_CLIENT_CONFIRMATION_OK"
6193,10408007398,10408007437,1,"IOTHUB_CLIENT_CONFIRMATION_OK"
6194,10408007598,10408007772,1,"IOTHUB_CLIENT_CONFIRMATION_OK"
6195,10408007798,10408007838,1,"IOTHUB_CLIENT_CONFIRMATION_OK"
6196,10408007998,10408008034,1,"IOTHUB_CLIENT_CONFIRMATION_OK"
6197,10408008199,10408008248,1,"IOTHUB_CLIENT_CONFIRMATION_OK"
6198,10408008399,10408008443,1,"IOTHUB_CLIENT_CONFIRMATION_OK"
6199,10408008599,10408008646,1,"IOTHUB_CLIENT_CONFIRMATION_OK"
6200,10408008799,10408008840,1,"IOTHUB_CLIENT_CONFIRMATION_OK"
6201,10408008999,10408009033,1,"IOTHUB_CLIENT_CONFIRMATION_OK"
6202,10408009200,10408009237,1,"IOTHUB_CLIENT_CONFIRMATION_OK"
6203,10408009400,10408009440,1,"IOTHUB_CLIENT_CONFIRMATION_OK"
6204,10408009600,10408009864,1,"IOTHUB_CLIENT_CONFIRMATION_OK"
6205,10408009800,10408009877,1,"IOTHUB_CLIENT_CONFIRMATION_OK"
6206,10408010000,10408010036,1,"IOTHUB_CLIENT_CONFIRMATION_OK"
6207,10408010200,10408010284,1,"IOTHUB_CLIENT_CONFIRMATION_OK"
6208,10408010400,10408010440,1,"IOTHUB_CLIENT_CONFIRMATION_OK"
6209,10408010601,10408010641,1,"IOTHUB_CLIENT_CONFIRMATION_OK"
6210,10408010801,10408010856,1,"IOTHUB_CLIENT_CONFIRMATION_OK"
6211,10408011001,10408011045,1,"IOTHUB_CLIENT_CONFIRMATION_OK"
6212,10408011201,10408011288,1,"IOTHUB_CLIENT_CONFIRMATION_OK"
6213,10408011401,10408011449,1,"IOTHUB_CLIENT_CONFIRMATION_OK"
6214,10408011601,10408011648,1,"IOTHUB_CLIENT_CONFIRMATION_OK"
6215,10408011802,10408011897,1,"IOTHUB_CLIENT_CONFIRMATION_OK"
6216,10408012002,10408012042,1,"IOTHUB_CLIENT_CONFIRMATION_OK"
6217,10408012202,10408012244,1,"IOTHUB_CLIENT_CONFIRMATION_OK"
6218,10408012402,10408012446,1,"IOTHUB_CLIENT_CONFIRMATION_OK"
6219,10408012602,10408012643,1,"IOTHUB_CLIENT_CONFIRMATION_OK"
6220,10408012802,10408012861,1,"IOTHUB_CLIENT_CONFIRMATION_OK"
6221,10408013003,10408013067,1,"IOTHUB_CLIENT_CONFIRMATION_OK"
6222,10408013203,10408013272,1,"IOTHUB_CLIENT_CONFIRMATION_OK"
6223,10408013403,10408013445,1,"IOTHUB_CLIENT_CONFIRMATION_OK"
6224,10408013603,10408013653,1,"IOTHUB_CLIENT_CONFIRMATION_OK"
6225,10408013803,10408013843,1,"IOTHUB_CLIENT_CONFIRMATION_OK"
6226,10408014003,10408014085,1,"IOTHUB_CLIENT_CONFIRMATION_OK"
6227,10408014204,10408014244,1,"IOTHUB_CLIENT_CONFIRMATION_OK"
6228,10408014404,10408014485,1,"IOTHUB_CLIENT_CONFIRMATION_OK"
6229,10408014604,10408014643,1,"IOTHUB_CLIENT_CONFIRMATION_OK"
6230,10408014804,10408014850,1,"IOTHUB_CLIENT_CONFIRMATION_OK"
6231,10408015004,10408015090,1,"IOTHUB_CLIENT_CONFIRMATION_OK"
6232,10408015204,10408015260,1,"IOTHUB_CLIENT_CONFIRMATION_OK"
6233,10408015404,10408015474,1,"IOTHUB_CLIENT_CONFIRMATION_OK"
6234,10408015605,10408015650,1,"IOTHUB_CLIENT_CONFIRMATION_OK"
6235,10408015805,10408015853,1,"IOTHUB_CLIENT_CONFIRMATION_OK"
6236,10408016005,10408016100,1,"IOTHUB_CLIENT_CONFIRMATION_OK"
6237,10408016205,10408016242,1,"IOTHUB_CLIENT_CONFIRMATION_OK"
6238,10408016405,10408016456,1,"IOTHUB_CLIENT_CONFIRMATION_OK"
6239,10408016605,10408016684,1,"IOTHUB_CLIENT_CONFIRMATION_OK"
6240,10408016806,10408016850,1,"IOTHUB_CLIENT_CONFIRMATION_OK"
6241,10408017006,10408017118,1,"IOTHUB_CLIENT_CONFIRMATION_OK"
6242,10408017206,10408017258,1,"IOTHUB_CLIENT_CONFIRMATION_OK"
6243,10408017406,10408017456,1,"IOTHUB_CLIENT_CONFIRMATION_OK"
6244,10408017606,10408017724,1,"IOTHUB_CLIENT_CONFIRMATION_OK"
6245,10408017806,10408017845,1,"IOTHUB_CLIENT_CONFIRMATION_OK"
6246,10408018007,10408018040,1,"IOTHUB_CLIENT_CONFIRMATION_OK"
6247,10408018207,10408018244,1,"IOTHUB_CLIENT_CONFIRMATION_OK"
6248,10408018407,10408018450,1,"IOTHUB_CLIENT_CONFIRMATION_OK"
6249,10408018607,10408018763,1,"IOTHUB_CLIENT_CONFIRMATION_OK"
6250,10408018807,10408018846,1,"IOTHUB_CLIENT_CONFIRMATION_OK"
6251,10408019007,10408019055,1,"IOTHUB_CLIENT_CONFIRMATION_OK"
6252,10408019208,10408019260,1,"IOTHUB_CLIENT_CONFIRMATION_OK"
6253,10408019408,10408019452,1,"IOTHUB_CLIENT_CONFIRMATION_OK"
6254,10408019608,10408019761,1,"IOTHUB_CLIENT_CONFIRMATION_OK"
6255,10408019808,10408019857,1,"IOTHUB_CLIENT_CONFIRMATION_OK"
6256,10408020008,10408020045,1,"IOTHUB_CLIENT_CONFIRMATION_OK"
6257,10408020208,10408020399,1,"IOTHUB_CLIENT_CONFIRMATION_OK"
6258,10408020408,10408020457,1,"IOTHUB_CLIENT_CONFIRMATION_OK"
6259,10408020609,10408020649,1,"IOTHUB_CLIENT_CONFIRMATION_OK"
6260,10408020809,10408020850,1,"IOTHUB_CLIENT_CONFIRMATION_OK"
6261,10408021009,10408021049,1,"IOTHUB_CLIENT_CONFIRMATION_OK"
6262,10408021209,10408021405,1,"IOTHUB_CLIENT_CONFIRMATION_OK"
6263,10408021409,10408021459,1,"IOTHUB_CLIENT_CONFIRMATION_OK"
6264,10408021609,10408021653,1,"IOTHUB_CLIENT_CONFIRMATION_OK"
6265,10408021810,10408021856,1,"IOTHUB_CLIENT_CONFIRMATION_OK"
6266,10408022010,10408022069,1,"IOTHUB_CLIENT_CONFIRMATION_OK"
6267,10408022210,10408022252,1,"IOTHUB_CLIENT_CONFIRMATION_OK"
6268,10408022410,10408022460,1,"IOTHUB_CLIENT_CONFIRMATION_OK"
6269,10408022610,10408022652,1,"IOTHUB_CLIENT_CONFIRMATION_OK"
6270,10408022810,10408023028,1,"IOTHUB_CLIENT_CONFIRMATION_OK"
6271,10408023011,10408023071,1,"IOTHUB_CLIENT_CONFIRMATION_OK"
6272,10408023211,10408023248,1,"IOTHUB_CLIENT_CONFIRMATION_OK"
6273,10408023411,10408023451,1,"IOTHUB_CLIENT_CONFIRMATION_OK"
6274,10408023611,10408023647,1,"IOTHUB_CLIENT_CONFIRMATION_OK"
6275,10408023811,10408023908,1,"IOTHUB_CLIENT_CONFIRMATION_OK"
6276,10408024011,10408024049,1,"IOTHUB_CLIENT_CONFIRMATION_OK"
6277,10408024211,10408024261,1,"IOTHUB_CLIENT_CONFIRMATION_OK"
6278,10408024412,10408024466,1,"IOTHUB_CLIENT_CONFIRMATION_OK"
6279,10408024612,10408024668,1,"IOTHUB_CLIENT_CONFIRMATION_OK"
6280,10408024812,10408024853,1,"IOTHUB_CLIENT_CONFIRMATION_OK"
6281,10408025012,10408025093,1,"IOTHUB_CLIENT_CONFIRMATION_OK"
6282,10408025212,10408025286,1,"IOTHUB_CLIENT_CONFIRMATION_OK"
6283,10408025412,10408025483,1,"IOTHUB_CLIENT_CONFIRMATION_OK"
6284,10408025613,10408025654,1,"IOTHUB_CLIENT_CONFIRMATION_OK"
6285,10408025813,10408025856,1,"IOTHUB_CLIENT_CONFIRMATION_OK"
6286,10408026013,10408026090,1,"IOTHUB_CLIENT_CONFIRMATION_OK"
6287,10408026213,10408026267,1,"IOTHUB_CLIENT_CONFIRMATION_OK"
6288,10408026413,10408026456,1,"IOTHUB_CLIENT_CONFIRMATION_OK"
6289,10408026613,10408026667,1,"IOTHUB_CLIENT_CONFIRMATION_OK"
6290,10408026813,10408026851,1,"IOTHUB_CLIENT_CONFIRMATION_OK"
6291,10408027014,10408027116,1,"IOTHUB_CLIENT_CONFIRMATION_OK"
6292,10408027214,10408027257,1,"IOTHUB_CLIENT_CONFIRMATION_OK"
6293,10408027414,10408027451,1,"IOTHUB_CLIENT_CONFIRMATION_OK"
6294,10408027614,10408027802,1,"IOTHUB_CLIENT_CONFIRMATION_OK"
6295,10408027814,10408027873,1,"IOTHUB_CLIENT_CONFIRMATION_OK"
6296,10408028014,10408028055,1,"IOTHUB_CLIENT_CONFIRMATION_OK"
6297,10408028215,10408028254,1,"IOTHUB_CLIENT_CONFIRMATION_OK"
6298,10408028415,10408028457,1,"IOTHUB_CLIENT_CONFIRMATION_OK"
6299,10408028615,10408028652,1,"IOTHUB_CLIENT_CONFIRMATION_OK"
6300,10408028815,10408028885,1,"IOTHUB_CLIENT_CONFIRMATION_OK"
6301,10408029015,10408029053,1,"IOTHUB_CLIENT_CONFIRMATION_OK"
6302,10408029215,10408029261,1,"IOTHUB_CLIENT_CONFIRMATION_OK"
6303,10408029416,10408029463,1,"IOTHUB_CLIENT_CONFIRMATION_OK"
6304,10408029616,10408029690,1,"IOTHUB_CLIENT_CONFIRMATION_OK"
6305,10408029816,10408029876,1,"IOTHUB_CLIENT_CONFIRMATION_OK"
6306,10408030016,10408030053,1,"IOTHUB_CLIENT_CONFIRMATION_OK"
6307,10408030216,10408030266,1,"IOTHUB_CLIENT_CONFIRMATION_OK"
6308,10408030416,10408030471,1,"IOTHUB_CLIENT_CONFIRMATION_OK"
6309,10408030617,10408030656,1,"IOTHUB_CLIENT_CONFIRMATION_OK"
6310,10408030817,10408030869,1,"IOTHUB_CLIENT_CONFIRMATION_OK"
6311,10408031017,10408031060,1,"IOTHUB_CLIENT_CONFIRMATION_OK"
6312,10408031217,10408031281,1,"IOTHUB_CLIENT_CONFIRMATION_OK"
6313,10408031417,10408031468,1,"IOTHUB_CLIENT_CONFIRMATION_OK"
6314,10408031617,10408031665,1,"IOTHUB_CLIENT_CONFIRMATION_OK"
6315,10408031817,10408031919,1,"IOTHUB_CLIENT_CONFIRMATION_OK"
6316,10408032018,10408032065,1,"IOTHUB_CLIENT_CONFIRMATION_OK"
6317,10408032218,10408032258,1,"IOTHUB_CLIENT_CONFIRMATION_OK"
6318,10408032418,10408032457,1,"IOTHUB_CLIENT_CONFIRMATION_OK"
6319,10408032618,10408032658,1,"IOTHUB_CLIENT_CONFIRMATION_OK"
6320,10408032818,10408032919,1,"IOTHUB_CLIENT_CONFIRMATION_OK"
6321,10408033018,10408033059,1,"IOTHUB_CLIENT_CONFIRMATION_OK"
6322,10408033219,10408033266,1,"IOTHUB_CLIENT_CONFIRMATION_OK"
6323,10408033419,10408033571,1,"IOTHUB_CLIENT_CONFIRMATION_OK"
6324,10408033619,10408033663,1,"IOTHUB_CLIENT_CONFIRMATION_OK"
6325,10408033819,10408033864,1,"IOTHUB_CLIENT_CONFIRMATION_OK"
6326,10408034019,10408034058,1,"IOTHUB_CLIENT_CONFIRMATION_OK"
6327,10408034219,10408034267,1,"IOTHUB_CLIENT_CONFIRMATION_OK"
6328,10408034420,10408034594,1,"IOTHUB_CLIENT_CONFIRMATION_OK"
6329,10408034620,10408034655,1,"IOTHUB_CLIENT_CONFIRMATION_OK"
6330,10408034820,10408034896,1,"IOTHUB_CLIENT_CONFIRMATION_OK"
6331,10408035020,10408035063,1,"IOTHUB_CLIENT_CONFIRMATION_OK"
6332,10408035220,10408035271,1,"IOTHUB_CLIENT_CONFIRMATION_OK"
6333,10408035420,10408035632,1,"IOTHUB_CLIENT_CONFIRMATION_OK"
6334,10408035621,10408035672,1,"IOTHUB_CLIENT_CONFIRMATION_OK"
6335,10408035821,10408035856,1,"IOTHUB_CLIENT_CONFIRMATION_OK"
6336,10408036021,10408036058,1,"IOTHUB_CLIENT_CONFIRMATION_OK"
6337,10408036221,10408036263,1,"IOTHUB_CLIENT_CONFIRMATION_OK"
6338,10408036421,10408036466,1,"IOTHUB_CLIENT_CONFIRMATION_OK"
6339,10408036621,10408036999,1,"IOTHUB_CLIENT_CONFIRMATION_OK"
6340,10408036822,10408037087,1,"IOTHUB_CLIENT_CONFIRMATION_OK"
6341,10408037022,10408037130,1,"IOTHUB_CLIENT_CONFIRMATION_OK"
6342,10408037222,10408037318,1,"IOTHUB_CLIENT_CONFIRMATION_OK"
6343,10408037422,10408037509,1,"IOTHUB_CLIENT_CONFIRMATION_OK"
6344,10408037622,10408037735,1,"IOTHUB_CLIENT_CONFIRMATION_OK"
6345,10408037822,10408037871,1,"IOTHUB_CLIENT_CONFIRMATION_OK"
6346,10408038023,10408038084,1,"IOTHUB_CLIENT_CONFIRMATION_OK"
6347,10408038223,10408038266,1,"IOTHUB_CLIENT_CONFIRMATION_OK"
6348,10408038423,10408038466,1,"IOTHUB_CLIENT_CONFIRMATION_OK"
6349,10408038623,10408038763,1,"IOTHUB_CLIENT_CONFIRMATION_OK"
6350,10408038823,10408038866,1,"IOTHUB_CLIENT_CONFIRMATION_OK"
6351,10408039023,10408039061,1,"IOTHUB_CLIENT_CONFIRMATION_OK"
6352,10408039224,10408039283,1,"IOTHUB_CLIENT_CONFIRMATION_OK"
6353,10408039424,10408039468,1,"IOTHUB_CLIENT_CONFIRMATION_OK"
6354,10408039624,10408039797,1,"IOTHUB_CLIENT_CONFIRMATION_OK"
6355,10408039824,10408039877,1,"IOTHUB_CLIENT_CONFIRMATION_OK"
6356,10408040024,10408040092,1,"IOTHUB_CLIENT_CONFIRMATION_OK"
6357,10408040224,10408040412,1,"IOTHUB_CLIENT_CONFIRMATION_OK"
6358,10408040425,10408040461,1,"IOTHUB_CLIENT_CONFIRMATION_OK"
6359,10408040625,10408040688,1,"IOTHUB_CLIENT_CONFIRMATION_OK"
6360,10408040825,10408040875,1,"IOTHUB_CLIENT_CONFIRMATION_OK"
6361,10408041025,10408041067,1,"IOTHUB_CLIENT_CONFIRMATION_OK"
6362,10408041225,10408041420,1,"IOTHUB_CLIENT_CONFIRMATION_OK"
6363,10408041425,10408041462,1,"IOTHUB_CLIENT_CONFIRMATION_OK"
6364,10408041626,10408041689,1,"IOTHUB_CLIENT_CONFIRMATION_OK"
6365,10408041826,10408041893,1,"IOTHUB_CLIENT_CONFIRMATION_OK"
6366,10408042026,10408042064,1,"IOTHUB_CLIENT_CONFIRMATION_OK"
6367,10408042226,10408042270,1,"IOTHUB_CLIENT_CONFIRMATION_OK"
6368,10408042426,10408042466,1,"IOTHUB_CLIENT_CONFIRMATION_OK"
6369,10408042626,10408042710,1,"IOTHUB_CLIENT_CONFIRMATION_OK"
6370,10408042827,10408042928,1,"IOTHUB_CLIENT_CONFIRMATION_OK"
6371,10408043027,10408043114,1,"IOTHUB_CLIENT_CONFIRMATION_OK"
6372,10408043227,10408043267,1,"IOTHUB_CLIENT_CONFIRMATION_OK"
6373,10408043427,10408043543,1,"IOTHUB_CLIENT_CONFIRMATION_OK"
6374,10408043627,10408043669,1,"IOTHUB_CLIENT_CONFIRMATION_OK"
6375,10408043827,10408043874,1,"IOTHUB_CLIENT_CONFIRMATION_OK"
6376,10408044028,10408044069,1,"IOTHUB_CLIENT_CONFIRMATION_OK"
6377,10408044228,10408044278,1,"IOTHUB_CLIENT_CONFIRMATION_OK"
6378,10408044428,10408044567,1,"IOTHUB_CLIENT_CONFIRMATION_OK"
6379,10408044628,10408044669,1,"IOTHUB_CLIENT_CONFIRMATION_OK"
6380,10408044828,10408044866,1,"IOTHUB_CLIENT_CONFIRMATION_OK"
6381,10408045028,10408045154,1,"IOTHUB_CLIENT_CONFIRMATION_OK"
6382,10408045229,10408045271,1,"IOTHUB_CLIENT_CONFIRMATION_OK"
6383,10408045429,10408045467,1,"IOTHUB_CLIENT_CONFIRMATION_OK"
6384,10408045629,10408045675,1,"IOTHUB_CLIENT_CONFIRMATION_OK"
6385,10408045829,10408045867,1,"IOTHUB_CLIENT_CONFIRMATION_OK"
6386,10408046029,10408046088,1,"IOTHUB_CLIENT_CONFIRMATION_OK"
6387,10408046229,10408046270,1,"IOTHUB_CLIENT_CONFIRMATION_OK"
6388,10408046430,10408046578,1,"IOTHUB_CLIENT_CONFIRMATION_OK"
6389,10408046630,10408046669,1,"IOTHUB_CLIENT_CONFIRMATION_OK"
6390,10408046830,10408046873,1,"IOTHUB_CLIENT_CONFIRMATION_OK"
6391,10408047030,10408047067,1,"IOTHUB_CLIENT_CONFIRMATION_OK"
6392,10408047230,10408047273,1,"IOTHUB_CLIENT_CONFIRMATION_OK"
6393,10408047430,10408047472,1,"IOTHUB_CLIENT_CONFIRMATION_OK"
6394,10408047630,10408047693,1,"IOTHUB_CLIENT_CONFIRMATION_OK"
6395,10408047831,10408047875,1,"IOTHUB_CLIENT_CONFIRMATION_OK"
6396,10408048031,10408048135,1,"IOTHUB_CLIENT_CONFIRMATION_OK"
6397,10408048231,10408048318,1,"IOTHUB_CLIENT_CONFIRMATION_OK"
6398,10408048431,10408048497,1,"IOTHUB_CLIENT_CONFIRMATION_OK"
6399,10408048631,10408048674,1,"IOTHUB_CLIENT_CONFIRMATION_OK"
6400,10408048831,10408048881,1,"IOTHUB_CLIENT_CONFIRMATION_OK"
6401,10408049032,10408049072,1,"IOTHUB_CLIENT_CONFIRMATION_OK"
6402,10408049232,10408049292,1,"IOTHUB_CLIENT_CONFIRMATION_OK"
6403,10408049432,10408049493,1,"IOTHUB_CLIENT_CONFIRMATION_OK"
6404,10408049632,10408049682,1,"IOTHUB_CLIENT_CONFIRMATION_OK"
6405,10408049832,10408049896,1,"IOTHUB_CLIENT_CONFIRMATION_OK"
6406,10408050032,10408050074,1,"IOTHUB_CLIENT_CONFIRMATION_OK"
6407,10408050233,10408050347,1,"IOTHUB_CLIENT_CONFIRMATION_OK"
6408,10408050433,10408050476,1,"IOTHUB_CLIENT_CONFIRMATION_OK"
6409,10408050633,10408050677,1,"IOTHUB_CLIENT_CONFIRMATION_OK"
6410,10408050833,10408050913,1,"IOTHUB_CLIENT_CONFIRMATION_OK"
6411,10408051033,10408051074,1,"IOTHUB_CLIENT_CONFIRMATION_OK"
6412,10408051233,10408051364,1,"IOTHUB_CLIENT_CONFIRMATION_OK"
6413,10408051434,10408051476,1,"IOTHUB_CLIENT_CONFIRMATION_OK"
6414,10408051634,10408051674,1,"IOTHUB_CLIENT_CONFIRMATION_OK"
6415,10408051834,10408051929,1,"IOTHUB_CLIENT_CONFIRMATION_OK"
6416,10408052034,10408052080,1,"IOTHUB_CLIENT_CONFIRMATION_OK"
6417,10408052234,10408052305,1,"IOTHUB_CLIENT_CONFIRMATION_OK"
6418,10408052434,10408052523,1,"IOTHUB_CLIENT_CONFIRMATION_OK"
6419,10408052635,10408052700,1,"IOTHUB_CLIENT_CONFIRMATION_OK"
6420,10408052835,10408052978,1,"IOTHUB_CLIENT_CONFIRMATION_OK"
6421,10408053035,10408053110,1,"IOTHUB_CLIENT_CONFIRMATION_OK"
6422,10408053235,10408053279,1,"IOTHUB_CLIENT_CONFIRMATION_OK"
6423,10408053435,10408053501,1,"IOTHUB_CLIENT_CONFIRMATION_OK"
6424,10408053635,10408053676,1,"IOTHUB_CLIENT_CONFIRMATION_OK"
6425,10408053836,10408053875,1,"IOTHUB_CLIENT_CONFIRMATION_OK"
6426,10408054036,10408054083,1,"IOTHUB_CLIENT_CONFIRMATION_OK"
6427,10408054236,10408054282,1,"IOTHUB_CLIENT_CONFIRMATION_OK"
6428,10408054436,10408054606,1,"IOTHUB_CLIENT_CONFIRMATION_OK"
6429,10408054636,10408054686,1,"IOTHUB_CLIENT_CONFIRMATION_OK"
6430,10408054836,10408054921,1,"IOTHUB_CLIENT_CONFIRMATION_OK"
6431,10408055037,10408055074,1,"IOTHUB_CLIENT_CONFIRMATION_OK"
6432,10408055237,10408055279,1,"IOTHUB_CLIENT_CONFIRMATION_OK"
6433,10408055437,10408055663,1,"IOTHUB_CLIENT_CONFIRMATION_OK"
6434,10408055637,10408055688,1,"IOTHUB_CLIENT_CONFIRMATION_OK"
6435,10408055837,10408055947,1,"IOTHUB_CLIENT_CONFIRMATION_OK"
6436,10408056037,10408056096,1,"IOTHUB_CLIENT_CONFIRMATION_OK"
6437,10408056238,10408056280,1,"IOTHUB_CLIENT_CONFIRMATION_OK"
6438,10408056438,10408056495,1,"IOTHUB_CLIENT_CONFIRMATION_OK"
6439,10408056638,10408056681,1,"IOTHUB_CLIENT_CONFIRMATION_OK"
6440,10408056838,10408056876,1,"IOTHUB_CLIENT_CONFIRMATION_OK"
6441,10408057038,10408057076,1,"IOTHUB_CLIENT_CONFIRMATION_OK"
6442,10408057238,10408057298,1,"IOTHUB_CLIENT_CONFIRMATION_OK"
6443,10408057438,10408057478,1,"IOTHUB_CLIENT_CONFIRMATION_OK"
6444,10408057639,10408057678,1,"IOTHUB_CLIENT_CONFIRMATION_OK"
6445,10408057839,10408057906,1,"IOTHUB_CLIENT_CONFIRMATION_OK"
6446,10408058039,10408058085,1,"IOTHUB_CLIENT_CONFIRMATION_OK"
6447,10408058239,10408058287,1,"IOTHUB_CLIENT_CONFIRMATION_OK"
6448,10408058439,10408058489,1,"IOTHUB_CLIENT_CONFIRMATION_OK"
6449,10408058639,10408058692,1,"IOTHUB_CLIENT_CONFIRMATION_OK"
6450,10408058840,10408058928,1,"IOTHUB_CLIENT_CONFIRMATION_OK"
6451,10408059040,10408059080,1,"IOTHUB_CLIENT_CONFIRMATION_OK"
6452,10408059240,10408059308,1,"IOTHUB_CLIENT_CONFIRMATION_OK"
6453,10408059440,10408059478,1,"IOTHUB_CLIENT_CONFIRMATION_OK"
6454,10408059640,10408059705,1,"IOTHUB_CLIENT_CONFIRMATION_OK"
6455,10408059840,10408059886,1,"IOTHUB_CLIENT_CONFIRMATION_OK"
6456,10408060041,10408060077,1,"IOTHUB_CLIENT_CONFIRMATION_OK"
6457,10408060241,10408060323,1,"IOTHUB_CLIENT_CONFIRMATION_OK"
6458,10408060441,10408060534,1,"IOTHUB_CLIENT_CONFIRMATION_OK"
6459,10408060641,10408060691,1,"IOTHUB_CLIENT_CONFIRMATION_OK"
6460,10408060841,10408060883,1,"IOTHUB_CLIENT_CONFIRMATION_OK"
6461,10408061041,10408061091,1,"IOTHUB_CLIENT_CONFIRMATION_OK"
6462,10408061241,10408061336,1,"IOTHUB_CLIENT_CONFIRMATION_OK"
6463,10408061442,10408061490,1,"IOTHUB_CLIENT_CONFIRMATION_OK"
6464,10408061642,10408061682,1,"IOTHUB_CLIENT_CONFIRMATION_OK"
6465,10408061842,10408061955,1,"IOTHUB_CLIENT_CONFIRMATION_OK"
6466,10408062042,10408062085,1,"IOTHUB_CLIENT_CONFIRMATION_OK"
6467,10408062242,10408062298,1,"IOTHUB_CLIENT_CONFIRMATION_OK"
6468,10408062442,10408062484,1,"IOTHUB_CLIENT_CONFIRMATION_OK"
6469,10408062643,10408062699,1,"IOTHUB_CLIENT_CONFIRMATION_OK"
6470,10408062843,10408063000,1,"IOTHUB_CLIENT_CONFIRMATION_OK"
6471,10408063043,10408063090,1,"IOTHUB_CLIENT_CONFIRMATION_OK"
6472,10408063243,10408063296,1,"IOTHUB_CLIENT_CONFIRMATION_OK"
6473,10408063443,10408063488,1,"IOTHUB_CLIENT_CONFIRMATION_OK"
6474,10408063643,10408063682,1,"IOTHUB_CLIENT_CONFIRMATION_OK"
6475,10408063844,10408063911,1,"IOTHUB_CLIENT_CONFIRMATION_OK"
6476,10408064044,10408064084,1,"IOTHUB_CLIENT_CONFIRMATION_OK"
6477,10408064244,10408064299,1,"IOTHUB_CLIENT_CONFIRMATION_OK"
6478,10408064444,10408064634,1,"IOTHUB_CLIENT_CONFIRMATION_OK"
6479,10408064644,10408064709,1,"IOTHUB_CLIENT_CONFIRMATION_OK"
6480,10408064844,10408064881,1,"IOTHUB_CLIENT_CONFIRMATION_OK"
6481,10408065044,10408065086,1,"IOTHUB_CLIENT_CONFIRMATION_OK"
6482,10408065245,10408065351,1,"IOTHUB_CLIENT_CONFIRMATION_OK"
6483,10408065445,10408065628,1,"IOTHUB_CLIENT_CONFIRMATION_OK"
6484,10408065645,10408065682,1,"IOTHUB_CLIENT_CONFIRMATION_OK"
6485,10408065845,10408065885,1,"IOTHUB_CLIENT_CONFIRMATION_OK"
6486,10408066045,10408066085,1,"IOTHUB_CLIENT_CONFIRMATION_OK"
6487,10408066245,10408066287,1,"IOTHUB_CLIENT_CONFIRMATION_OK"
6488,10408066446,10408066486,1,"IOTHUB_CLIENT_CONFIRMATION_OK"
6489,10408066646,10408066697,1,"IOTHUB_CLIENT_CONFIRMATION_OK"
6490,10408066846,10408066888,1,"IOTHUB_CLIENT_CONFIRMATION_OK"
6491,10408067046,10408067082,1,"IOTHUB_CLIENT_CONFIRMATION_OK"
6492,10408067246,10408067287,1,"IOTHUB_CLIENT_CONFIRMATION_OK"
6493,10408067446,10408067488,1,"IOTHUB_CLIENT_CONFIRMATION_OK"
6494,10408067647,10408067696,1,"IOTHUB_CLIENT_CONFIRMATION_OK"
6495,10408067847,10408067887,1,"IOTHUB_CLIENT_CONFIRMATION_OK"
6496,10408068047,10408068086,1,"IOTHUB_CLIENT_CONFIRMATION_OK"
6497,10408068247,10408068310,1,"IOTHUB_CLIENT_CONFIRMATION_OK"
6498,10408068447,10408068503,1,"IOTHUB_CLIENT_CONFIRMATION_OK"
6499,10408068647,10408068690,1,"IOTHUB_CLIENT_CONFIRMATION_OK"
6500,10408068848,10408068896,1,"IOTHUB_CLIENT_CONFIRMATION_OK"
6501,10408069048,10408069101,1,"IOTHUB_CLIENT_CONFIRMATION_OK"
6502,10408069248,10408069328,1,"IOTHUB_CLIENT_CONFIRMATION_OK"
6503,10408069448,10408069521,1,"IOTHUB_CLIENT_CONFIRMATION_OK"
6504,10408069648,10408069704,1,"IOTHUB_CLIENT_CONFIRMATION_OK"
6505,10408069848,10408069895,1,"IOTHUB_CLIENT_CONFIRMATION_OK"
6506,10408070049,10408070086,1,"IOTHUB_CLIENT_CONFIRMATION_OK"
6507,10408070249,10408070338,1,"IOTHUB_CLIENT_CONFIRMATION_OK"
6508,10408070449,10408070524,1,"IOTHUB_CLIENT_CONFIRMATION_OK"
6509,10408070649,10408070691,1,"IOTHUB_CLIENT_CONFIRMATION_OK"
6510,10408070849,10408070887,1,"IOTHUB_CLIENT_CONFIRMATION_OK"
6511,10408071049,10408071085,1,"IOTHUB_CLIENT_CONFIRMATION_OK"
6512,10408071249,10408071364,1,"IOTHUB_CLIENT_CONFIRMATION_OK"
6513,10408071450,10408071546,1,"IOTHUB_CLIENT_CONFIRMATION_OK"
6514,10408071650,10408071689,1,"IOTHUB_CLIENT_CONFIRMATION_OK"
6515,10408071850,10408071997,1,"IOTHUB_CLIENT_CONFIRMATION_OK"
6516,10408072050,10408072088,1,"IOTHUB_CLIENT_CONFIRMATION_OK"
6517,10408072250,10408072295,1,"IOTHUB_CLIENT_CONFIRMATION_OK"
6518,10408072450,10408072599,1,"IOTHUB_CLIENT_CONFIRMATION_OK"
6519,10408072650,10408072719,1,"IOTHUB_CLIENT_CONFIRMATION_OK"
6520,10408072851,10408073089,1,"IOTHUB_CLIENT_CONFIRMATION_OK"
6521,10408073051,10408073114,1,"IOTHUB_CLIENT_CONFIRMATION_OK"
6522,10408073251,10408073291,1,"IOTHUB_CLIENT_CONFIRMATION_OK"
6523,10408073451,10408073496,1,"IOTHUB_CLIENT_CONFIRMATION_OK"
6524,10408073651,10408073698,1,"IOTHUB_CLIENT_CONFIRMATION_OK"
6525,10408073851,10408073903,1,"IOTHUB_CLIENT_CONFIRMATION_OK"
6526,10408074052,10408074100,1,"IOTHUB_CLIENT_CONFIRMATION_OK"
6527,10408074252,10408074295,1,"IOTHUB_CLIENT_CONFIRMATION_OK"
6528,10408074452,10408074501,1,"IOTHUB_CLIENT_CONFIRMATION_OK"
6529,10408074652,10408074689,1,"IOTHUB_CLIENT_CONFIRMATION_OK"
6530,10408074852,10408074938,1,"IOTHUB_CLIENT_CONFIRMATION_OK"
6531,10408075052,10408075123,1,"IOTHUB_CLIENT_CONFIRMATION_OK"
6532,10408075252,10408075308,1,"IOTHUB_CLIENT_CONFIRMATION_OK"
6533,10408075453,10408075515,1,"IOTHUB_CLIENT_CONFIRMATION_OK"
6534,10408075653,10408075717,1,"IOTHUB_CLIENT_CONFIRMATION_OK"
6535,10408075853,10408075904,1,"IOTHUB_CLIENT_CONFIRMATION_OK"
6536,10408076053,10408076130,1,"IOTHUB_CLIENT_CONFIRMATION_OK"
6537,10408076253,10408076288,1,"IOTHUB_CLIENT_CONFIRMATION_OK"
6538,10408076453,10408076500,1,"IOTHUB_CLIENT_CONFIRMATION_OK"
6539,10408076654,10408076700,1,"IOTHUB_CLIENT_CONFIRMATION_OK"
6540,10408076854,10408076899,1,"IOTHUB_CLIENT_CONFIRMATION_OK"
6541,10408077054,10408077141,1,"IOTHUB_CLIENT_CONFIRMATION_OK"
6542,10408077254,10408077298,1,"IOTHUB_CLIENT_CONFIRMATION_OK"
6543,10408077454,10408077514,1,"IOTHUB_CLIENT_CONFIRMATION_OK"
6544,10408077654,10408077774,1,"IOTHUB_CLIENT_CONFIRMATION_OK"
6545,10408077855,10408077899,1,"IOTHUB_CLIENT_CONFIRMATION_OK"
6546,10408078055,10408078108,1,"IOTHUB_CLIENT_CONFIRMATION_OK"
6547,10408078255,10408078325,1,"IOTHUB_CLIENT_CONFIRMATION_OK"
6548,10408078455,10408078509,1,"IOTHUB_CLIENT_CONFIRMATION_OK"
6549,10408078655,10408078809,1,"IOTHUB_CLIENT_CONFIRMATION_OK"
6550,10408078855,10408078901,1,"IOTHUB_CLIENT_CONFIRMATION_OK"
6551,10408079056,10408079095,1,"IOTHUB_CLIENT_CONFIRMATION_OK"
6552,10408079256,10408079305,1,"IOTHUB_CLIENT_CONFIRMATION_OK"
6553,10408079456,10408079522,1,"IOTHUB_CLIENT_CONFIRMATION_OK"
6554,10408079656,10408079853,1,"IOTHUB_CLIENT_CONFIRMATION_OK"
6555,10408079856,10408079923,1,"IOTHUB_CLIENT_CONFIRMATION_OK"
6556,10408080056,10408080105,1,"IOTHUB_CLIENT_CONFIRMATION_OK"
6557,10408080256,10408080505,1,"IOTHUB_CLIENT_CONFIRMATION_OK"
6558,10408080457,10408080623,1,"IOTHUB_CLIENT_CONFIRMATION_OK"
6559,10408080657,10408080691,1,"IOTHUB_CLIENT_CONFIRMATION_OK"
6560,10408080857,10408080899,1,"IOTHUB_CLIENT_CONFIRMATION_OK"
6561,10408081057,10408081092,1,"IOTHUB_CLIENT_CONFIRMATION_OK"
6562,10408081257,10408081299,1,"IOTHUB_CLIENT_CONFIRMATION_OK"
6563,10408081457,10408081503,1,"IOTHUB_CLIENT_CONFIRMATION_OK"
6564,10408081658,10408081705,1,"IOTHUB_CLIENT_CONFIRMATION_OK"
6565,10408081858,10408081920,1,"IOTHUB_CLIENT_CONFIRMATION_OK"
6566,10408082058,10408082100,1,"IOTHUB_CLIENT_CONFIRMATION_OK"
6567,10408082258,10408082303,1,"IOTHUB_CLIENT_CONFIRMATION_OK"
6568,10408082458,10408082542,1,"IOTHUB_CLIENT_CONFIRMATION_OK"
6569,10408082658,10408082703,1,"IOTHUB_CLIENT_CONFIRMATION_OK"
6570,10408082859,10408082932,1,"IOTHUB_CLIENT_CONFIRMATION_OK"
6571,10408083059,10408083113,1,"IOTHUB_CLIENT_CONFIRMATION_OK"
6572,10408083259,10408083356,1,"IOTHUB_CLIENT_CONFIRMATION_OK"
6573,10408083459,10408083561,1,"IOTHUB_CLIENT_CONFIRMATION_OK"
6574,10408083659,10408083724,1,"IOTHUB_CLIENT_CONFIRMATION_OK"
6575,10408083859,10408083944,1,"IOTHUB_CLIENT_CONFIRMATION_OK"
6576,10408084059,10408084150,1,"IOTHUB_CLIENT_CONFIRMATION_OK"
6577,10408084260,10408084301,1,"IOTHUB_CLIENT_CONFIRMATION_OK"
6578,10408084460,10408084638,1,"IOTHUB_CLIENT_CONFIRMATION_OK"
6579,10408084660,10408084704,1,"IOTHUB_CLIENT_CONFIRMATION_OK"
6580,10408084860,10408084935,1,"IOTHUB_CLIENT_CONFIRMATION_OK"
6581,10408085060,10408085110,1,"IOTHUB_CLIENT_CONFIRMATION_OK"
6582,10408085260,10408085308,1,"IOTHUB_CLIENT_CONFIRMATION_OK"
6583,10408085461,10408085614,1,"IOTHUB_CLIENT_CONFIRMATION_OK"
6584,10408085661,10408085705,1,"IOTHUB_CLIENT_CONFIRMATION_OK"
6585,10408085861,10408085923,1,"IOTHUB_CLIENT_CONFIRMATION_OK"
6586,10408086061,10408086102,1,"IOTHUB_CLIENT_CONFIRMATION_OK"
6587,10408086261,10408086325,1,"IOTHUB_CLIENT_CONFIRMATION_OK"
6588,10408086461,10408086502,1,"IOTHUB_CLIENT_CONFIRMATION_OK"
6589,10408086661,10408086705,1,"IOTHUB_CLIENT_CONFIRMATION_OK"
6590,10408086862,10408086899,1,"IOTHUB_CLIENT_CONFIRMATION_OK"
6591,10408087062,10408087294,1,"IOTHUB_CLIENT_CONFIRMATION_OK"
6592,10408087262,10408087319,1,"IOTHUB_CLIENT_CONFIRMATION_OK"
6593,10408087462,10408087504,1,"IOTHUB_CLIENT_CONFIRMATION_OK"
6594,10408087662,10408087705,1,"IOTHUB_CLIENT_CONFIRMATION_OK"
6595,10408087862,10408087907,1,"IOTHUB_CLIENT_CONFIRMATION_OK"
6596,10408088063,10408088101,1,"IOTHUB_CLIENT_CONFIRMATION_OK"
6597,10408088263,10408088347,1,"IOTHUB_CLIENT_CONFIRMATION_OK"
6598,10408088463,10408088503,1,"IOTHUB_CLIENT_CONFIRMATION_OK"
6599,10408088663,10408088701,1,"IOTHUB_CLIENT_CONFIRMATION_OK"
6600,10408088863,10408088942,1,"IOTHUB_CLIENT_CONFIRMATION_OK"
6601,10408089063,10408089118,1,"IOTHUB_CLIENT_CONFIRMATION_OK"
6602,10408089264,10408089302,1,"IOTHUB_CLIENT_CONFIRMATION_OK"
6603,10408089464,10408089534,1,"IOTHUB_CLIENT_CONFIRMATION_OK"
6604,10408089664,10408089715,1,"IOTHUB_CLIENT_CONFIRMATION_OK"
6605,10408089864,10408089923,1,"IOTHUB_CLIENT_CONFIRMATION_OK"
6606,10408090064,10408090112,1,"IOTHUB_CLIENT_CONFIRMATION_OK"
6607,10408090264,10408090335,1,"IOTHUB_CLIENT_CONFIRMATION_OK"
6608,10408090465,10408090533,1,"IOTHUB_CLIENT_CONFIRMATION_OK"
6609,10408090665,10408090707,1,"IOTHUB_CLIENT_CONFIRMATION_OK"
6610,10408090865,10408090917,1,"IOTHUB_CLIENT_CONFIRMATION_OK"
6611,10408091065,10408091126,1,"IOTHUB_CLIENT_CONFIRMATION_OK"
6612,10408091265,10408091386,1,"IOTHUB_CLIENT_CONFIRMATION_OK"
6613,10408091465,10408091504,1,"IOTHUB_CLIENT_CONFIRMATION_OK"
6614,10408091665,10408091731,1,"IOTHUB_CLIENT_CONFIRMATION_OK"
6615,10408091866,10408092004,1,"IOTHUB_CLIENT_CONFIRMATION_OK"
6616,10408092066,10408092106,1,"IOTHUB_CLIENT_CONFIRMATION_OK"
6617,10408092266,10408092310,1,"IOTHUB_CLIENT_CONFIRMATION_OK"
6618,10408092466,10408092535,1,"IOTHUB_CLIENT_CONFIRMATION_OK"
6619,10408092666,10408092708,1,"IOTHUB_CLIENT_CONFIRMATION_OK"
6620,10408092866,10408093021,1,"IOTHUB_CLIENT_CONFIRMATION_OK"
6621,10408093067,10408093109,1,"IOTHUB_CLIENT_CONFIRMATION_OK"
6622,10408093267,10408093315,1,"IOTHUB_CLIENT_CONFIRMATION_OK"
6623,10408093467,10408093507,1,"IOTHUB_CLIENT_CONFIRMATION_OK"
6624,10408093667,10408093710,1,"IOTHUB_CLIENT_CONFIRMATION_OK"
6625,10408093867,10408093931,1,"IOTHUB_CLIENT_CONFIRMATION_OK"
6626,10408094067,10408094114,1,"IOTHUB_CLIENT_CONFIRMATION_OK"
6627,10408094267,10408094319,1,"IOTHUB_CLIENT_CONFIRMATION_OK"
6628,10408094468,10408094558,1,"IOTHUB_CLIENT_CONFIRMATION_OK"
6629,10408094668,10408094713,1,"IOTHUB_CLIENT_CONFIRMATION_OK"
6630,10408094868,10408094935,1,"IOTHUB_CLIENT_CONFIRMATION_OK"
6631,10408095068,10408095112,1,"IOTHUB_CLIENT_CONFIRMATION_OK"
6632,10408095268,10408095314,1,"IOTHUB_CLIENT_CONFIRMATION_OK"
6633,10408095468,10408095521,1,"IOTHUB_CLIENT_CONFIRMATION_OK"
6634,10408095669,10408095718,1,"IOTHUB_CLIENT_CONFIRMATION_OK"
6635,10408095869,10408095916,1,"IOTHUB_CLIENT_CONFIRMATION_OK"
6636,10408096069,10408096111,1,"IOTHUB_CLIENT_CONFIRMATION_OK"
6637,10408096269,10408096385,1,"IOTHUB_CLIENT_CONFIRMATION_OK"
6638,10408096469,10408096522,1,"IOTHUB_CLIENT_CONFIRMATION_OK"
6639,10408096669,10408096739,1,"IOTHUB_CLIENT_CONFIRMATION_OK"
6640,10408096870,10408096921,1,"IOTHUB_CLIENT_CONFIRMATION_OK"
6641,10408097070,10408097145,1,"IOTHUB_CLIENT_CONFIRMATION_OK"
6642,10408097270,10408097332,1,"IOTHUB_CLIENT_CONFIRMATION_OK"
6643,10408097470,10408097530,1,"IOTHUB_CLIENT_CONFIRMATION_OK"
6644,10408097670,10408097758,1,"IOTHUB_CLIENT_CONFIRMATION_OK"
6645,10408097870,10408097916,1,"IOTHUB_CLIENT_CONFIRMATION_OK"
6646,10408098071,10408098112,1,"IOTHUB_CLIENT_CONFIRMATION_OK"
6647,10408098271,10408098316,1,"IOTHUB_CLIENT_CONFIRMATION_OK"
6648,10408098471,10408098516,1,"IOTHUB_CLIENT_CONFIRMATION_OK"
6649,10408098671,10408098771,1,"IOTHUB_CLIENT_CONFIRMATION_OK"
6650,10408098871,10408098933,1,"IOTHUB_CLIENT_CONFIRMATION_OK"
6651,10408099071,10408099120,1,"IOTHUB_CLIENT_CONFIRMATION_OK"
6652,10408099271,10408099378,1,"IOTHUB_CLIENT_CONFIRMATION_OK"
6653,10408099472,10408099527,1,"IOTHUB_CLIENT_CONFIRMATION_OK"
6654,10408099672,10408099794,1,"IOTHUB_CLIENT_CONFIRMATION_OK"
6655,10408099872,10408099913,1,"IOTHUB_CLIENT_CONFIRMATION_OK"
6656,10408100072,10408100124,1,"IOTHUB_CLIENT_CONFIRMATION_OK"
6657,10408100272,10408100400,1,"IOTHUB_CLIENT_CONFIRMATION_OK"
6658,10408100472,10408100523,1,"IOTHUB_CLIENT_CONFIRMATION_OK"
6659,10408100673,10408100715,1,"IOTHUB_CLIENT_CONFIRMATION_OK"
6660,10408100873,10408100916,1,"IOTHUB_CLIENT_CONFIRMATION_OK"
6661,10408101073,10408101113,1,"IOTHUB_CLIENT_CONFIRMATION_OK"
6662,10408101273,10408101504,1,"IOTHUB_CLIENT_CONFIRMATION_OK"
6663,10408101473,10408101541,1,"IOTHUB_CLIENT_CONFIRMATION_OK"
6664,10408101673,10408101734,1,"IOTHUB_CLIENT_CONFIRMATION_OK"
6665,10408101873,10408101937,1,"IOTHUB_CLIENT_CONFIRMATION_OK"
6666,10408102074,10408102122,1,"IOTHUB_CLIENT_CONFIRMATION_OK"
6667,10408102274,10408102311,1,"IOTHUB_CLIENT_CONFIRMATION_OK"
6668,10408102474,10408102535,1,"IOTHUB_CLIENT_CONFIRMATION_OK"
6669,10408102674,10408102726,1,"IOTHUB_CLIENT_CONFIRMATION_OK"
6670,10408102874,10408102939,1,"IOTHUB_CLIENT_CONFIRMATION_OK"
6671,10408103074,10408103116,1,"IOTHUB_CLIENT_CONFIRMATION_OK"
6672,10408103275,10408103313,1,"IOTHUB_CLIENT_CONFIRMATION_OK"
6673,10408103475,10408103567,1,"IOTHUB_CLIENT_CONFIRMATION_OK"
6674,10408103675,10408103768,1,"IOTHUB_CLIENT_CONFIRMATION_OK"
6675,10408103875,10408103925,1,"IOTHUB_CLIENT_CONFIRMATION_OK"
6676,10408104075,10408104111,1,"IOTHUB_CLIENT_CONFIRMATION_OK"
6677,10408104275,10408104328,1,"IOTHUB_CLIENT_CONFIRMATION_OK"
6678,10408104476,10408104581,1,"IOTHUB_CLIENT_CONFIRMATION_OK"
6679,10408104676,10408104718,1,"IOTHUB_CLIENT_CONFIRMATION_OK"
6680,10408104876,10408104918,1,"IOTHUB_CLIENT_CONFIRMATION_OK"
6681,10408105076,10408105157,1,"IOTHUB_CLIENT_CONFIRMATION_OK"
6682,10408105276,10408105313,1,"IOTHUB_CLIENT_CONFIRMATION_OK"
6683,10408105476,10408105589,1,"IOTHUB_CLIENT_CONFIRMATION_OK"
6684,10408105677,10408105716,1,"IOTHUB_CLIENT_CONFIRMATION_OK"
6685,10408105877,10408105922,1,"IOTHUB_CLIENT_CONFIRMATION_OK"
6686,10408106077,10408106203,1,"IOTHUB_CLIENT_CONFIRMATION_OK"
6687,10408106277,10408106313,1,"IOTHUB_CLIENT_CONFIRMATION_OK"
6688,10408106477,10408106515,1,"IOTHUB_CLIENT_CONFIRMATION_OK"
6689,10408106677,10408106734,1,"IOTHUB_CLIENT_CONFIRMATION_OK"
6690,10408106877,10408106925,1,"IOTHUB_CLIENT_CONFIRMATION_OK"
6691,10408107078,10408107215,1,"IOTHUB_CLIENT_CONFIRMATION_OK"
6692,10408107278,10408107322,1,"IOTHUB_CLIENT_CONFIRMATION_OK"
6693,10408107478,10408107534,1,"IOTHUB_CLIENT_CONFIRMATION_OK"
6694,10408107678,10408107725,1,"IOTHUB_CLIENT_CONFIRMATION_OK"
6695,10408107878,10408107947,1,"IOTHUB_CLIENT_CONFIRMATION_OK"
6696,10408108078,10408108136,1,"IOTHUB_CLIENT_CONFIRMATION_OK"
6697,10408108279,10408108319,1,"IOTHUB_CLIENT_CONFIRMATION_OK"
6698,10408108479,10408108517,1,"IOTHUB_CLIENT_CONFIRMATION_OK"
6699,10408108679,10408108865,1,"IOTHUB_CLIENT_CONFIRMATION_OK"
6700,10408108879,10408108927,1,"IOTHUB_CLIENT_CONFIRMATION_OK"
6701,10408109079,10408109114,1,"IOTHUB_CLIENT_CONFIRMATION_OK"
6702,10408109279,10408109323,1,"IOTHUB_CLIENT_CONFIRMATION_OK"
6703,10408109480,10408109524,1,"IOTHUB_CLIENT_CONFIRMATION_OK"
6704,10408109680,10408109888,1,"IOTHUB_CLIENT_CONFIRMATION_OK"
6705,10408109880,10408109928,1,"IOTHUB_CLIENT_CONFIRMATION_OK"
6706,10408110080,10408110134,1,"IOTHUB_CLIENT_CONFIRMATION_OK"
6707,10408110280,10408110320,1,"IOTHUB_CLIENT_CONFIRMATION_OK"
6708,10408110480,10408110533,1,"IOTHUB_CLIENT_CONFIRMATION_OK"
6709,10408110680,10408110723,1,"IOTHUB_CLIENT_CONFIRMATION_OK"
6710,10408110881,10408110938,1,"IOTHUB_CLIENT_CONFIRMATION_OK"
6711,10408111081,10408111123,1,"IOTHUB_CLIENT_CONFIRMATION_OK"
6712,10408111281,10408111323,1,"IOTHUB_CLIENT_CONFIRMATION_OK"
6713,10408111481,10408111533,1,"IOTHUB_CLIENT_CONFIRMATION_OK"
6714,10408111681,10408111847,1,"IOTHUB_CLIENT_CONFIRMATION_OK"
6715,10408111881,10408112081,1,"IOTHUB_CLIENT_CONFIRMATION_OK"
6716,10408112082,10408112121,1,"IOTHUB_CLIENT_CONFIRMATION_OK"
6717,10408112282,10408112326,1,"IOTHUB_CLIENT_CONFIRMATION_OK"
6718,10408112482,10408112521,1,"IOTHUB_CLIENT_CONFIRMATION_OK"
6719,10408112682,10408112725,1,"IOTHUB_CLIENT_CONFIRMATION_OK"
6720,10408112882,10408113094,1,"IOTHUB_CLIENT_CONFIRMATION_OK"
6721,10408113082,10408113124,1,"IOTHUB_CLIENT_CONFIRMATION_OK"
6722,10408113282,10408113324,1,"IOTHUB_CLIENT_CONFIRMATION_OK"
6723,10408113483,10408113533,1,"IOTHUB_CLIENT_CONFIRMATION_OK"
6724,10408113683,10408113739,1,"IOTHUB_CLIENT_CONFIRMATION_OK"
6725,10408113883,10408113931,1,"IOTHUB_CLIENT_CONFIRMATION_OK"
6726,10408114083,10408114132,1,"IOTHUB_CLIENT_CONFIRMATION_OK"
6727,10408114283,10408114330,1,"IOTHUB_CLIENT_CONFIRMATION_OK"
6728,10408114483,10408114534,1,"IOTHUB_CLIENT_CONFIRMATION_OK"
6729,10408114684,10408114746,1,"IOTHUB_CLIENT_CONFIRMATION_OK"
6730,10408114884,10408114940,1,"IOTHUB_CLIENT_CONFIRMATION_OK"
6731,10408115084,10408115136,1,"IOTHUB_CLIENT_CONFIRMATION_OK"
6732,10408115284,10408115349,1,"IOTHUB_CLIENT_CONFIRMATION_OK"
6733,10408115484,10408115534,1,"IOTHUB_CLIENT_CONFIRMATION_OK"
6734,10408115684,10408115730,1,"IOTHUB_CLIENT_CONFIRMATION_OK"
6735,10408115885,10408115937,1,"IOTHUB_CLIENT_CONFIRMATION_OK"
6736,10408116085,10408116160,1,"IOTHUB_CLIENT_CONFIRMATION_OK"
6737,10408116285,10408116328,1,"IOTHUB_CLIENT_CONFIRMATION_OK"
6738,10408116485,10408116522,1,"IOTHUB_CLIENT_CONFIRMATION_OK"
6739,10408116685,10408116792,1,"IOTHUB_CLIENT_CONFIRMATION_OK"
6740,10408116885,10408116937,1,"IOTHUB_CLIENT_CONFIRMATION_OK"
6741,10408117085,10408117201,1,"IOTHUB_CLIENT_CONFIRMATION_OK"
6742,10408117286,10408117324,1,"IOTHUB_CLIENT_CONFIRMATION_OK"
6743,10408117486,10408117526,1,"IOTHUB_CLIENT_CONFIRMATION_OK"
6744,10408117686,10408117809,1,"IOTHUB_CLIENT_CONFIRMATION_OK"
6745,10408117886,10408117925,1,"IOTHUB_CLIENT_CONFIRMATION_OK"
6746,10408118086,10408118136,1,"IOTHUB_CLIENT_CONFIRMATION_OK"
6747,10408118286,10408118341,1,"IOTHUB_CLIENT_CONFIRMATION_OK"
6748,10408118487,10408118528,1,"IOTHUB_CLIENT_CONFIRMATION_OK"
6749,10408118687,10408118821,1,"IOTHUB_CLIENT_CONFIRMATION_OK"
6750,10408118887,10408118927,1,"IOTHUB_CLIENT_CONFIRMATION_OK"
6751,10408119087,10408119131,1,"IOTHUB_CLIENT_CONFIRMATION_OK"
6752,10408119287,10408119325,1,"IOTHUB_CLIENT_CONFIRMATION_OK"
6753,10408119487,10408119525,1,"IOTHUB_CLIENT_CONFIRMATION_OK"
6754,10408119687,10408119838,1,"IOTHUB_CLIENT_CONFIRMATION_OK"
6755,10408119888,10408119930,1,"IOTHUB_CLIENT_CONFIRMATION_OK"
6756,10408120088,10408120125,1,"IOTHUB_CLIENT_CONFIRMATION_OK"
6757,10408120288,10408120453,1,"IOTHUB_CLIENT_CONFIRMATION_OK"
6758,10408120488,10408120589,1,"IOTHUB_CLIENT_CONFIRMATION_OK"
6759,10408120688,10408120798,1,"IOTHUB_CLIENT_CONFIRMATION_OK"
6760,10408120888,10408120926,1,"IOTHUB_CLIENT_CONFIRMATION_OK"
6761,10408121089,10408121137,1,"IOTHUB_CLIENT_CONFIRMATION_OK"
6762,10408121289,10408121461,1,"IOTHUB_CLIENT_CONFIRMATION_OK"
6763,10408121489,10408121560,1,"IOTHUB_CLIENT_CONFIRMATION_OK"
6764,10408121689,10408121742,1,"IOTHUB_CLIENT_CONFIRMATION_OK"
6765,10408121889,10408121931,1,"IOTHUB_CLIENT_CONFIRMATION_OK"
6766,10408122089,10408122131,1,"IOTHUB_CLIENT_CONFIRMATION_OK"
6767,10408122290,10408122411,1,"IOTHUB_CLIENT_CONFIRMATION_OK"
6768,10408122490,10408122531,1,"IOTHUB_CLIENT_CONFIRMATION_OK"
6769,10408122690,10408122729,1,"IOTHUB_CLIENT_CONFIRMATION_OK"
6770,10408122890,10408123098,1,"IOTHUB_CLIENT_CONFIRMATION_OK"
6771,10408123090,10408123153,1,"IOTHUB_CLIENT_CONFIRMATION_OK"
6772,10408123290,10408123327,1,"IOTHUB_CLIENT_CONFIRMATION_OK"
6773,10408123490,10408123554,1,"IOTHUB_CLIENT_CONFIRMATION_OK"
6774,10408123691,10408123731,1,"IOTHUB_CLIENT_CONFIRMATION_OK"
6775,10408123891,10408123943,1,"IOTHUB_CLIENT_CONFIRMATION_OK"
6776,10408124091,10408124133,1,"IOTHUB_CLIENT_CONFIRMATION_OK"
6777,10408124291,10408124336,1,"IOTHUB_CLIENT_CONFIRMATION_OK"
6778,10408124491,10408124563,1,"IOTHUB_CLIENT_CONFIRMATION_OK"
6779,10408124691,10408124733,1,"IOTHUB_CLIENT_CONFIRMATION_OK"
6780,10408124892,10408124934,1,"IOTHUB_CLIENT_CONFIRMATION_OK"
6781,10408125092,10408125140,1,"IOTHUB_CLIENT_CONFIRMATION_OK"
6782,10408125292,10408125336,1,"IOTHUB_CLIENT_CONFIRMATION_OK"
6783,10408125492,10408125739,1,"IOTHUB_CLIENT_CONFIRMATION_OK"
6784,10408125692,10408125765,1,"IOTHUB_CLIENT_CONFIRMATION_OK"
6785,10408125892,10408125930,1,"IOTHUB_CLIENT_CONFIRMATION_OK"
6786,10408126092,10408126142,1,"IOTHUB_CLIENT_CONFIRMATION_OK"
6787,10408126293,10408126327,1,"IOTHUB_CLIENT_CONFIRMATION_OK"
6788,10408126493,10408126560,1,"IOTHUB_CLIENT_CONFIRMATION_OK"
6789,10408126693,10408126739,1,"IOTHUB_CLIENT_CONFIRMATION_OK"
6790,10408126893,10408126931,1,"IOTHUB_CLIENT_CONFIRMATION_OK"
6791,10408127093,10408127187,1,"IOTHUB_CLIENT_CONFIRMATION_OK"
6792,10408127293,10408127338,1,"IOTHUB_CLIENT_CONFIRMATION_OK"
6793,10408127494,10408127533,1,"IOTHUB_CLIENT_CONFIRMATION_OK"
6794,10408127694,10408127806,1,"IOTHUB_CLIENT_CONFIRMATION_OK"
6795,10408127894,10408127936,1,"IOTHUB_CLIENT_CONFIRMATION_OK"
6796,10408128094,10408128136,1,"IOTHUB_CLIENT_CONFIRMATION_OK"
6797,10408128294,10408128346,1,"IOTHUB_CLIENT_CONFIRMATION_OK"
6798,10408128494,10408128531,1,"IOTHUB_CLIENT_CONFIRMATION_OK"
6799,10408128695,10408128749,1,"IOTHUB_CLIENT_CONFIRMATION_OK"
6800,10408128895,10408128937,1,"IOTHUB_CLIENT_CONFIRMATION_OK"
6801,10408129095,10408129136,1,"IOTHUB_CLIENT_CONFIRMATION_OK"
6802,10408129295,10408129335,1,"IOTHUB_CLIENT_CONFIRMATION_OK"
6803,10408129495,10408129543,1,"IOTHUB_CLIENT_CONFIRMATION_OK"
6804,10408129695,10408129910,1,"IOTHUB_CLIENT_CONFIRMATION_OK"
6805,10408129896,10408129935,1,"IOTHUB_CLIENT_CONFIRMATION_OK"
6806,10408130096,10408130132,1,"IOTHUB_CLIENT_CONFIRMATION_OK"
6807,10408130296,10408130360,1,"IOTHUB_CLIENT_CONFIRMATION_OK"
6808,10408130496,10408130536,1,"IOTHUB_CLIENT_CONFIRMATION_OK"
6809,10408130696,10408130738,1,"IOTHUB_CLIENT_CONFIRMATION_OK"
6810,10408130896,10408130941,1,"IOTHUB_CLIENT_CONFIRMATION_OK"
6811,10408131096,10408131166,1,"IOTHUB_CLIENT_CONFIRMATION_OK"
6812,10408131297,10408131379,1,"IOTHUB_CLIENT_CONFIRMATION_OK"
6813,10408131497,10408131532,1,"IOTHUB_CLIENT_CONFIRMATION_OK"
6814,10408131697,10408131741,1,"IOTHUB_CLIENT_CONFIRMATION_OK"
6815,10408131897,10408131962,1,"IOTHUB_CLIENT_CONFIRMATION_OK"
6816,10408132097,10408132137,1,"IOTHUB_CLIENT_CONFIRMATION_OK"
6817,10408132297,10408132340,1,"IOTHUB_CLIENT_CONFIRMATION_OK"
6818,10408132498,10408132563,1,"IOTHUB_CLIENT_CONFIRMATION_OK"
6819,10408132698,10408132831,1,"IOTHUB_CLIENT_CONFIRMATION_OK"
6820,10408132898,10408133031,1,"IOTHUB_CLIENT_CONFIRMATION_OK"
6821,10408133098,10408133246,1,"IOTHUB_CLIENT_CONFIRMATION_OK"
6822,10408133298,10408133363,1,"IOTHUB_CLIENT_CONFIRMATION_OK"
6823,10408133498,10408133539,1,"IOTHUB_CLIENT_CONFIRMATION_OK"
6824,10408133699,10408133735,1,"IOTHUB_CLIENT_CONFIRMATION_OK"
6825,10408133899,10408133937,1,"IOTHUB_CLIENT_CONFIRMATION_OK"
6826,10408134099,10408134139,1,"IOTHUB_CLIENT_CONFIRMATION_OK"
6827,10408134299,10408134369,1,"IOTHUB_CLIENT_CONFIRMATION_OK"
6828,10408134499,10408134688,1,"IOTHUB_CLIENT_CONFIRMATION_OK"
6829,10408134699,10408134741,1,"IOTHUB_CLIENT_CONFIRMATION_OK"
6830,10408134899,10408134954,1,"IOTHUB_CLIENT_CONFIRMATION_OK"
6831,10408135100,10408135142,1,"IOTHUB_CLIENT_CONFIRMATION_OK"
6832,10408135300,10408135375,1,"IOTHUB_CLIENT_CONFIRMATION_OK"
6833,10408135500,10408135693,1,"IOTHUB_CLIENT_CONFIRMATION_OK"
6834,10408135700,10408135739,1,"IOTHUB_CLIENT_CONFIRMATION_OK"
6835,10408135900,10408135960,1,"IOTHUB_CLIENT_CONFIRMATION_OK"
6836,10408136100,10408136138,1,"IOTHUB_CLIENT_CONFIRMATION_OK"
6837,10408136301,10408136339,1,"IOTHUB_CLIENT_CONFIRMATION_OK"
6838,10408136501,10408136545,1,"IOTHUB_CLIENT_CONFIRMATION_OK"
6839,10408136701,10408136738,1,"IOTHUB_CLIENT_CONFIRMATION_OK"
6840,10408136901,10408136945,1,"IOTHUB_CLIENT_CONFIRMATION_OK"
6841,10408137101,10408137281,1,"IOTHUB_CLIENT_CONFIRMATION_OK"
6842,10408137301,10408137342,1,"IOTHUB_CLIENT_CONFIRMATION_OK"
6843,10408137502,10408137547,1,"IOTHUB_CLIENT_CONFIRMATION_OK"
6844,10408137702,10408137746,1,"IOTHUB_CLIENT_CONFIRMATION_OK"
6845,10408137902,10408137941,1,"IOTHUB_CLIENT_CONFIRMATION_OK"
6846,10408138102,10408138147,1,"IOTHUB_CLIENT_CONFIRMATION_OK"
6847,10408138302,10408138377,1,"IOTHUB_CLIENT_CONFIRMATION_OK"
6848,10408138502,10408138542,1,"IOTHUB_CLIENT_CONFIRMATION_OK"
6849,10408138703,10408138738,1,"IOTHUB_CLIENT_CONFIRMATION_OK"
6850,10408138903,10408138943,1,"IOTHUB_CLIENT_CONFIRMATION_OK"
6851,10408139103,10408139168,1,"IOTHUB_CLIENT_CONFIRMATION_OK"
6852,10408139303,10408139345,1,"IOTHUB_CLIENT_CONFIRMATION_OK"
6853,10408139503,10408139572,1,"IOTHUB_CLIENT_CONFIRMATION_OK"
6854,10408139703,10408139769,1,"IOTHUB_CLIENT_CONFIRMATION_OK"
6855,10408139903,10408139946,1,"IOTHUB_CLIENT_CONFIRMATION_OK"
6856,10408140104,10408140143,1,"IOTHUB_CLIENT_CONFIRMATION_OK"
6857,10408140304,10408140423,1,"IOTHUB_CLIENT_CONFIRMATION_OK"
6858,10408140504,10408140548,1,"IOTHUB_CLIENT_CONFIRMATION_OK"
6859,10408140704,10408140746,1,"IOTHUB_CLIENT_CONFIRMATION_OK"
6860,10408140904,10408141009,1,"IOTHUB_CLIENT_CONFIRMATION_OK"
6861,10408141104,10408141139,1,"IOTHUB_CLIENT_CONFIRMATION_OK"
6862,10408141304,10408141408,1,"IOTHUB_CLIENT_CONFIRMATION_OK"
6863,10408141505,10408141545,1,"IOTHUB_CLIENT_CONFIRMATION_OK"
6864,10408141705,10408141754,1,"IOTHUB_CLIENT_CONFIRMATION_OK"
6865,10408141905,10408142050,1,"IOTHUB_CLIENT_CONFIRMATION_OK"
6866,10408142105,10408142147,1,"IOTHUB_CLIENT_CONFIRMATION_OK"
6867,10408142305,10408142341,1,"IOTHUB_CLIENT_CONFIRMATION_OK"
6868,10408142505,10408142567,1,"IOTHUB_CLIENT_CONFIRMATION_OK"
6869,10408142705,10408142788,1,"IOTHUB_CLIENT_CONFIRMATION_OK"
6870,10408142906,10408143069,1,"IOTHUB_CLIENT_CONFIRMATION_OK"
6871,10408143106,10408143142,1,"IOTHUB_CLIENT_CONFIRMATION_OK"
6872,10408143306,10408143349,1,"IOTHUB_CLIENT_CONFIRMATION_OK"
6873,10408143506,10408143573,1,"IOTHUB_CLIENT_CONFIRMATION_OK"
6874,10408143706,10408143748,1,"IOTHUB_CLIENT_CONFIRMATION_OK"
6875,10408143906,10408143953,1,"IOTHUB_CLIENT_CONFIRMATION_OK"
6876,10408144107,10408144150,1,"IOTHUB_CLIENT_CONFIRMATION_OK"
6877,10408144307,10408144607,1,"IOTHUB_CLIENT_CONFIRMATION_OK"
6878,10408144507,10408144820,1,"IOTHUB_CLIENT_CONFIRMATION_OK"
6879,10408144707,10408144842,1,"IOTHUB_CLIENT_CONFIRMATION_OK"
6880,10408144907,10408144952,1,"IOTHUB_CLIENT_CONFIRMATION_OK"
6881,10408145107,10408145150,1,"IOTHUB_CLIENT_CONFIRMATION_OK"
6882,10408145308,10408145352,1,"IOTHUB_CLIENT_CONFIRMATION_OK"
6883,10408145508,10408145711,1,"IOTHUB_CLIENT_CONFIRMATION_OK"
6884,10408145708,10408145749,1,"IOTHUB_CLIENT_CONFIRMATION_OK"
6885,10408145908,10408145969,1,"IOTHUB_CLIENT_CONFIRMATION_OK"
6886,10408146108,10408146259,1,"IOTHUB_CLIENT_CONFIRMATION_OK"
6887,10408146308,10408146345,1,"IOTHUB_CLIENT_CONFIRMATION_OK"
6888,10408146509,10408146552,1,"IOTHUB_CLIENT_CONFIRMATION_OK"
6889,10408146709,10408146755,1,"IOTHUB_CLIENT_CONFIRMATION_OK"
6890,10408146909,10408146970,1,"IOTHUB_CLIENT_CONFIRMATION_OK"
6891,10408147109,10408147274,1,"IOTHUB_CLIENT_CONFIRMATION_OK"
6892,10408147309,10408147354,1,"IOTHUB_CLIENT_CONFIRMATION_OK"
6893,10408147509,10408147682,1,"IOTHUB_CLIENT_CONFIRMATION_OK"
6894,10408147709,10408147978,1,"IOTHUB_CLIENT_CONFIRMATION_OK"
6895,10408147910,10408148045,1,"IOTHUB_CLIENT_CONFIRMATION_OK"
6896,10408148110,10408148380,1,"IOTHUB_CLIENT_CONFIRMATION_OK"
6897,10408148310,10408148545,1,"IOTHUB_CLIENT_CONFIRMATION_OK"
6898,10408148510,10408148562,1,"IOTHUB_CLIENT_CONFIRMATION_OK"
6899,10408148710,10408148904,1,"IOTHUB_CLIENT_CONFIRMATION_OK"
6900,10408148910,10408148963,1,"IOTHUB_CLIENT_CONFIRMATION_OK"
6901,10408149110,10408149155,1,"IOTHUB_CLIENT_CONFIRMATION_OK"
6902,10408149311,10408149383,1,"IOTHUB_CLIENT_CONFIRMATION_OK"
6903,10408149511,10408149554,1,"IOTHUB_CLIENT_CONFIRMATION_OK"
6904,10408149711,10408149938,1,"IOTHUB_CLIENT_CONFIRMATION_OK"
6905,10408149911,10408149961,1,"IOTHUB_CLIENT_CONFIRMATION_OK"
6906,10408150111,10408150160,1,"IOTHUB_CLIENT_CONFIRMATION_OK"
6907,10408150311,10408150370,1,"IOTHUB_CLIENT_CONFIRMATION_OK"
6908,10408150512,10408150547,1,"IOTHUB_CLIENT_CONFIRMATION_OK"
6909,10408150712,10408150750,1,"IOTHUB_CLIENT_CONFIRMATION_OK"
6910,10408150912,10408150953,1,"IOTHUB_CLIENT_CONFIRMATION_OK"
6911,10408151112,10408151152,1,"IOTHUB_CLIENT_CONFIRMATION_OK"
6912,10408151312,10408151445,1,"IOTHUB_CLIENT_CONFIRMATION_OK"
6913,10408151512,10408151552,1,"IOTHUB_CLIENT_CONFIRMATION_OK"
6914,10408151713,10408151786,1,"IOTHUB_CLIENT_CONFIRMATION_OK"
6915,10408151913,10408151996,1,"IOTHUB_CLIENT_CONFIRMATION_OK"
6916,10408152113,10408152162,1,"IOTHUB_CLIENT_CONFIRMATION_OK"
6917,10408152313,10408152359,1,"IOTHUB_CLIENT_CONFIRMATION_OK"
6918,10408152513,10408152555,1,"IOTHUB_CLIENT_CONFIRMATION_OK"
6919,10408152713,10408152765,1,"IOTHUB_CLIENT_CONFIRMATION_OK"
6920,10408152913,10408153012,1,"IOTHUB_CLIENT_CONFIRMATION_OK"
6921,10408153114,10408153162,1,"IOTHUB_CLIENT_CONFIRMATION_OK"
6922,10408153314,10408153358,1,"IOTHUB_CLIENT_CONFIRMATION_OK"
6923,10408153514,10408153602,1,"IOTHUB_CLIENT_CONFIRMATION_OK"
6924,10408153714,10408153753,1,"IOTHUB_CLIENT_CONFIRMATION_OK"
6925,10408153914,10408153957,1,"IOTHUB_CLIENT_CONFIRMATION_OK"
6926,10408154114,10408154158,1,"IOTHUB_CLIENT_CONFIRMATION_OK"
6927,10408154314,10408154358,1,"IOTHUB_CLIENT_CONFIRMATION_OK"
6928,10408154515,10408154629,1,"IOTHUB_CLIENT_CONFIRMATION_OK"
6929,10408154715,10408154766,1,"IOTHUB_CLIENT_CONFIRMATION_OK"
6930,10408154915,10408154960,1,"IOTHUB_CLIENT_CONFIRMATION_OK"
6931,10408155115,10408155161,1,"IOTHUB_CLIENT_CONFIRMATION_OK"
6932,10408155315,10408155397,1,"IOTHUB_CLIENT_CONFIRMATION_OK"
6933,10408155515,10408155650,1,"IOTHUB_CLIENT_CONFIRMATION_OK"
6934,10408155716,10408155788,1,"IOTHUB_CLIENT_CONFIRMATION_OK"
6935,10408155916,10408155953,1,"IOTHUB_CLIENT_CONFIRMATION_OK"
6936,10408156116,10408156277,1,"IOTHUB_CLIENT_CONFIRMATION_OK"
6937,10408156316,10408156361,1,"IOTHUB_CLIENT_CONFIRMATION_OK"
6938,10408156516,10408156567,1,"IOTHUB_CLIENT_CONFIRMATION_OK"
6939,10408156716,10408156766,1,"IOTHUB_CLIENT_CONFIRMATION_OK"
6940,10408156917,10408156962,1,"IOTHUB_CLIENT_CONFIRMATION_OK"
6941,10408157117,10408157298,1,"IOTHUB_CLIENT_CONFIRMATION_OK"
6942,10408157317,10408157368,1,"IOTHUB_CLIENT_CONFIRMATION_OK"
6943,10408157517,10408157569,1,"IOTHUB_CLIENT_CONFIRMATION_OK"
6944,10408157717,10408157776,1,"IOTHUB_CLIENT_CONFIRMATION_OK"
6945,10408157917,10408157964,1,"IOTHUB_CLIENT_CONFIRMATION_OK"
6946,10408158118,10408158153,1,"IOTHUB_CLIENT_CONFIRMATION_OK"
6947,10408158318,10408158355,1,"IOTHUB_CLIENT_CONFIRMATION_OK"
6948,10408158518,10408158556,1,"IOTHUB_CLIENT_CONFIRMATION_OK"
6949,10408158718,10408158773,1,"IOTHUB_CLIENT_CONFIRMATION_OK"
6950,10408158918,10408158959,1,"IOTHUB_CLIENT_CONFIRMATION_OK"
6951,10408159118,10408159165,1,"IOTHUB_CLIENT_CONFIRMATION_OK"
6952,10408159319,10408159380,1,"IOTHUB_CLIENT_CONFIRMATION_OK"
6953,10408159519,10408159572,1,"IOTHUB_CLIENT_CONFIRMATION_OK"
6954,10408159719,10408159779,1,"IOTHUB_CLIENT_CONFIRMATION_OK"
6955,10408159919,10408159975,1,"IOTHUB_CLIENT_CONFIRMATION_OK"
6956,10408160119,10408160159,1,"IOTHUB_CLIENT_CONFIRMATION_OK"
6957,10408160319,10408160422,1,"IOTHUB_CLIENT_CONFIRMATION_OK"
6958,10408160519,10408160596,1,"IOTHUB_CLIENT_CONFIRMATION_OK"
6959,10408160720,10408160774,1,"IOTHUB_CLIENT_CONFIRMATION_OK"
6960,10408160920,10408161086,1,"IOTHUB_CLIENT_CONFIRMATION_OK"
6961,10408161120,10408161162,1,"IOTHUB_CLIENT_CONFIRMATION_OK"
6962,10408161320,10408161476,1,"IOTHUB_CLIENT_CONFIRMATION_OK"
6963,10408161520,10408161560,1,"IOTHUB_CLIENT_CONFIRMATION_OK"
6964,10408161720,10408161766,1,"IOTHUB_CLIENT_CONFIRMATION_OK"
6965,10408161921,10408162027,1,"IOTHUB_CLIENT_CONFIRMATION_OK"
6966,10408162121,10408162163,1,"IOTHUB_CLIENT_CONFIRMATION_OK"
6967,10408162321,10408162367,1,"IOTHUB_CLIENT_CONFIRMATION_OK"
6968,10408162521,10408162576,1,"IOTHUB_CLIENT_CONFIRMATION_OK"
6969,10408162721,10408162762,1,"IOTHUB_CLIENT_CONFIRMATION_OK"
6970,10408162921,10408163038,1,"IOTHUB_CLIENT_CONFIRMATION_OK"
6971,10408163122,10408163167,1,"IOTHUB_CLIENT_CONFIRMATION_OK"
6972,10408163322,10408163370,1,"IOTHUB_CLIENT_CONFIRMATION_OK"
6973,10408163522,10408163576,1,"IOTHUB_CLIENT_CONFIRMATION_OK"
6974,10408163722,10408163765,1,"IOTHUB_CLIENT_CONFIRMATION_OK"
6975,10408163922,10408163968,1,"IOTHUB_CLIENT_CONFIRMATION_OK"
6976,10408164122,10408164174,1,"IOTHUB_CLIENT_CONFIRMATION_OK"
6977,10408164322,10408164373,1,"IOTHUB_CLIENT_CONFIRMATION_OK"
6978,10408164523,10408164663,1,"IOTHUB_CLIENT_CONFIRMATION_OK"
6979,10408164723,10408164786,1,"IOTHUB_CLIENT_CONFIRMATION_OK"
6980,10408164923,10408164960,1,"IOTHUB_CLIENT_CONFIRMATION_OK"
6981,10408165123,10408165162,1,"IOTHUB_CLIENT_CONFIRMATION_OK"
6982,10408165323,10408165367,1,"IOTHUB_CLIENT_CONFIRMATION_OK"
6983,10408165523,10408165704,1,"IOTHUB_CLIENT_CONFIRMATION_OK"
6984,10408165724,10408165773,1,"IOTHUB_CLIENT_CONFIRMATION_OK"
6985,10408165924,10408165959,1,"IOTHUB_CLIENT_CONFIRMATION_OK"
6986,10408166124,10408166164,1,"IOTHUB_CLIENT_CONFIRMATION_OK"
6987,10408166324,10408166363,1,"IOTHUB_CLIENT_CONFIRMATION_OK"
6988,10408166524,10408166570,1,"IOTHUB_CLIENT_CONFIRMATION_OK"
6989,10408166724,10408166763,1,"IOTHUB_CLIENT_CONFIRMATION_OK"
6990,10408166925,10408166971,1,"IOTHUB_CLIENT_CONFIRMATION_OK"
6991,10408167125,10408167167,1,"IOTHUB_CLIENT_CONFIRMATION_OK"
6992,10408167325,10408167362,1,"IOTHUB_CLIENT_CONFIRMATION_OK"
6993,10408167525,10408167576,1,"IOTHUB_CLIENT_CONFIRMATION_OK"
6994,10408167725,10408167767,1,"IOTHUB_CLIENT_CONFIRMATION_OK"
6995,10408167925,10408167975,1,"IOTHUB_CLIENT_CONFIRMATION_OK"
6996,10408168126,10408168188,1,"IOTHUB_CLIENT_CONFIRMATION_OK"
6997,10408168326,10408168372,1,"IOTHUB_CLIENT_CONFIRMATION_OK"
6998,10408168526,10408168583,1,"IOTHUB_CLIENT_CONFIRMATION_OK"
6999,10408168726,10408168769,1,"IOTHUB_CLIENT_CONFIRMATION_OK"
7000,10408168926,10408168975,1,"IOTHUB_CLIENT_CONFIRMATION_OK"
7001,10408169126,10408169181,1,"IOTHUB_CLIENT_CONFIRMATION_OK"
7002,10408169326,10408169419,1,"IOTHUB_CLIENT_CONFIRMATION_OK"
7003,10408169527,10408169581,1,"IOTHUB_CLIENT_CONFIRMATION_OK"
7004,10408169727,10408169798,1,"IOTHUB_CLIENT_CONFIRMATION_OK"
7005,10408169927,10408169973,1,"IOTHUB_CLIENT_CONFIRMATION_OK"
7006,10408170127,10408170178,1,"IOTHUB_CLIENT_CONFIRMATION_OK"
7007,10408170327,10408170429,1,"IOTHUB_CLIENT_CONFIRMATION_OK"
7008,10408170527,10408170578,1,"IOTHUB_CLIENT_CONFIRMATION_OK"
7009,10408170728,10408170775,1,"IOTHUB_CLIENT_CONFIRMATION_OK"
7010,10408170928,10408170964,1,"IOTHUB_CLIENT_CONFIRMATION_OK"
7011,10408171128,10408171175,1,"IOTHUB_CLIENT_CONFIRMATION_OK"
7012,10408171328,10408171526,1,"IOTHUB_CLIENT_CONFIRMATION_OK"
7013,10408171528,10408171573,1,"IOTHUB_CLIENT_CONFIRMATION_OK"
7014,10408171728,10408171777,1,"IOTHUB_CLIENT_CONFIRMATION_OK"
7015,10408171929,10408171971,1,"IOTHUB_CLIENT_CONFIRMATION_OK"
7016,10408172129,10408172220,1,"IOTHUB_CLIENT_CONFIRMATION_OK"
7017,10408172329,10408172370,1,"IOTHUB_CLIENT_CONFIRMATION_OK"
7018,10408172529,10408172609,1,"IOTHUB_CLIENT_CONFIRMATION_OK"
7019,10408172729,10408172785,1,"IOTHUB_CLIENT_CONFIRMATION_OK"
7020,10408172929,10408172970,1,"IOTHUB_CLIENT_CONFIRMATION_OK"
7021,10408173130,10408173168,1,"IOTHUB_CLIENT_CONFIRMATION_OK"
7022,10408173330,10408173369,1,"IOTHUB_CLIENT_CONFIRMATION_OK"
7023,10408173530,10408173583,1,"IOTHUB_CLIENT_CONFIRMATION_OK"
7024,10408173730,10408173773,1,"IOTHUB_CLIENT_CONFIRMATION_OK"
7025,10408173930,10408173975,1,"IOTHUB_CLIENT_CONFIRMATION_OK"
7026,10408174130,10408174186,1,"IOTHUB_CLIENT_CONFIRMATION_OK"
7027,10408174330,10408174372,1,"IOTHUB_CLIENT_CONFIRMATION_OK"
7028,10408174531,10408174570,1,"IOTHUB_CLIENT_CONFIRMATION_OK"
7029,10408174731,10408174772,1,"IOTHUB_CLIENT_CONFIRMATION_OK"
7030,10408174931,10408174986,1,"IOTHUB_CLIENT_CONFIRMATION_OK"
7031,10408175131,10408175194,1,"IOTHUB_CLIENT_CONFIRMATION_OK"
7032,10408175331,10408175377,1,"IOTHUB_CLIENT_CONFIRMATION_OK"
7033,10408175531,10408175870,1,"IOTHUB_CLIENT_CONFIRMATION_OK"
7034,10408175732,10408175947,1,"IOTHUB_CLIENT_CONFIRMATION_OK"
7035,10408175932,10408176023,1,"IOTHUB_CLIENT_CONFIRMATION_OK"
7036,10408176132,10408176239,1,"IOTHUB_CLIENT_CONFIRMATION_OK"
7037,10408176332,10408176373,1,"IOTHUB_CLIENT_CONFIRMATION_OK"
7038,10408176532,10408176577,1,"IOTHUB_CLIENT_CONFIRMATION_OK"
7039,10408176732,10408176790,1,"IOTHUB_CLIENT_CONFIRMATION_OK"
7040,10408176932,10408176972,1,"IOTHUB_CLIENT_CONFIRMATION_OK"
7041,10408177133,10408177290,1,"IOTHUB_CLIENT_CONFIRMATION_OK"
7042,10408177333,10408177381,1,"IOTHUB_CLIENT_CONFIRMATION_OK"
7043,10408177533,10408177618,1,"IOTHUB_CLIENT_CONFIRMATION_OK"
7044,10408177733,10408177776,1,"IOTHUB_CLIENT_CONFIRMATION_OK"
7045,10408177933,10408177997,1,"IOTHUB_CLIENT_CONFIRMATION_OK"
7046,10408178133,10408178174,1,"IOTHUB_CLIENT_CONFIRMATION_OK"
7047,10408178334,10408178376,1,"IOTHUB_CLIENT_CONFIRMATION_OK"
7048,10408178534,10408178579,1,"IOTHUB_CLIENT_CONFIRMATION_OK"
7049,10408178734,10408178910,1,"IOTHUB_CLIENT_CONFIRMATION_OK"
7050,10408178934,10408178978,1,"IOTHUB_CLIENT_CONFIRMATION_OK"
7051,10408179134,10408179172,1,"IOTHUB_CLIENT_CONFIRMATION_OK"
7052,10408179334,10408179380,1,"IOTHUB_CLIENT_CONFIRMATION_OK"
7053,10408179535,10408179575,1,"IOTHUB_CLIENT_CONFIRMATION_OK"
7054,10408179735,10408179928,1,"IOTHUB_CLIENT_CONFIRMATION_OK"
7055,10408179935,10408179988,1,"IOTHUB_CLIENT_CONFIRMATION_OK"
7056,10408180135,10408180187,1,"IOTHUB_CLIENT_CONFIRMATION_OK"
7057,10408180335,10408180385,1,"IOTHUB_CLIENT_CONFIRMATION_OK"
7058,10408180535,10408180629,1,"IOTHUB_CLIENT_CONFIRMATION_OK"
7059,10408180735,10408180790,1,"IOTHUB_CLIENT_CONFIRMATION_OK"
7060,10408180936,10408181037,1,"IOTHUB_CLIENT_CONFIRMATION_OK"
7061,10408181136,10408181176,1,"IOTHUB_CLIENT_CONFIRMATION_OK"
7062,10408181336,10408181431,1,"IOTHUB_CLIENT_CONFIRMATION_OK"
7063,10408181536,10408181577,1,"IOTHUB_CLIENT_CONFIRMATION_OK"
7064,10408181736,10408181807,1,"IOTHUB_CLIENT_CONFIRMATION_OK"
7065,10408181936,10408182040,1,"IOTHUB_CLIENT_CONFIRMATION_OK"
7066,10408182137,10408182183,1,"IOTHUB_CLIENT_CONFIRMATION_OK"
7067,10408182337,10408182375,1,"IOTHUB_CLIENT_CONFIRMATION_OK"
7068,10408182537,10408182581,1,"IOTHUB_CLIENT_CONFIRMATION_OK"
7069,10408182737,10408182787,1,"IOTHUB_CLIENT_CONFIRMATION_OK"
7070,10408182937,10408183081,1,"IOTHUB_CLIENT_CONFIRMATION_OK"
7071,10408183137,10408183187,1,"IOTHUB_CLIENT_CONFIRMATION_OK"
7072,10408183338,10408183390,1,"IOTHUB_CLIENT_CONFIRMATION_OK"
7073,10408183538,10408183578,1,"IOTHUB_CLIENT_CONFIRMATION_OK"
7074,10408183738,10408183778,1,"IOTHUB_CLIENT_CONFIRMATION_OK"
7075,10408183938,10408183984,1,"IOTHUB_CLIENT_CONFIRMATION_OK"
7076,10408184138,10408184183,1,"IOTHUB_CLIENT_CONFIRMATION_OK"
7077,10408184338,10408184373,1,"IOTHUB_CLIENT_CONFIRMATION_OK"
7078,10408184539,10408184681,1,"IOTHUB_CLIENT_CONFIRMATION_OK"
7079,10408184739,10408184792,1,"IOTHUB_CLIENT_CONFIRMATION_OK"
7080,10408184939,10408185023,1,"IOTHUB_CLIENT_CONFIRMATION_OK"
7081,10408185139,10408185260,1,"IOTHUB_CLIENT_CONFIRMATION_OK"
7082,10408185339,10408185418,1,"IOTHUB_CLIENT_CONFIRMATION_OK"
7083,10408185539,10408185719,1,"IOTHUB_CLIENT_CONFIRMATION_OK"
7084,10408185740,10408185809,1,"IOTHUB_CLIENT_CONFIRMATION_OK"
7085,10408185940,10408185973,1,"IOTHUB_CLIENT_CONFIRMATION_OK"
7086,10408186140,10408186181,1,"IOTHUB_CLIENT_CONFIRMATION_OK"
7087,10408186340,10408186384,1,"IOTHUB_CLIENT_CONFIRMATION_OK"
7088,10408186540,10408186596,1,"IOTHUB_CLIENT_CONFIRMATION_OK"
7089,10408186740,10408186777,1,"IOTHUB_CLIENT_CONFIRMATION_OK"
7090,10408186940,10408186987,1,"IOTHUB_CLIENT_CONFIRMATION_OK"
7091,10408187141,10408187353,1,"IOTHUB_CLIENT_CONFIRMATION_OK"
7092,10408187341,10408187384,1,"IOTHUB_CLIENT_CONFIRMATION_OK"
7093,10408187541,10408187574,1,"IOTHUB_CLIENT_CONFIRMATION_OK"
7094,10408187741,10408187779,1,"IOTHUB_CLIENT_CONFIRMATION_OK"
7095,10408187941,10408188008,1,"IOTHUB_CLIENT_CONFIRMATION_OK"
7096,10408188141,10408188189,1,"IOTHUB_CLIENT_CONFIRMATION_OK"
7097,10408188341,10408188452,1,"IOTHUB_CLIENT_CONFIRMATION_OK"
7098,10408188542,10408188591,1,"IOTHUB_CLIENT_CONFIRMATION_OK"
7099,10408188742,10408188839,1,"IOTHUB_CLIENT_CONFIRMATION_OK"
7100,10408188942,10408188987,1,"IOTHUB_CLIENT_CONFIRMATION_OK"
7101,10408189142,10408189181,1,"IOTHUB_CLIENT_CONFIRMATION_OK"
7102,10408189342,10408189433,1,"IOTHUB_CLIENT_CONFIRMATION_OK"
7103,10408189542,10408189592,1,"IOTHUB_CLIENT_CONFIRMATION_OK"
7104,10408189743,10408189837,1,"IOTHUB_CLIENT_CONFIRMATION_OK"
7105,10408189943,10408189978,1,"IOTHUB_CLIENT_CONFIRMATION_OK"
7106,10408190143,10408190186,1,"IOTHUB_CLIENT_CONFIRMATION_OK"
7107,10408190343,10408190452,1,"IOTHUB_CLIENT_CONFIRMATION_OK"
7108,10408190543,10408190598,1,"IOTHUB_CLIENT_CONFIRMATION_OK"
7109,10408190743,10408190783,1,"IOTHUB_CLIENT_CONFIRMATION_OK"
7110,10408190943,10408191041,1,"IOTHUB_CLIENT_CONFIRMATION_OK"
7111,10408191144,10408191182,1,"IOTHUB_CLIENT_CONFIRMATION_OK"
7112,10408191344,10408191460,1,"IOTHUB_CLIENT_CONFIRMATION_OK"
7113,10408191544,10408191601,1,"IOTHUB_CLIENT_CONFIRMATION_OK"
7114,10408191744,10408191786,1,"IOTHUB_CLIENT_CONFIRMATION_OK"
7115,10408191944,10408192071,1,"IOTHUB_CLIENT_CONFIRMATION_OK"
7116,10408192144,10408192181,1,"IOTHUB_CLIENT_CONFIRMATION_OK"
7117,10408192345,10408192397,1,"IOTHUB_CLIENT_CONFIRMATION_OK"
7118,10408192545,10408192587,1,"IOTHUB_CLIENT_CONFIRMATION_OK"
7119,10408192745,10408192785,1,"IOTHUB_CLIENT_CONFIRMATION_OK"
7120,10408192945,10408193085,1,"IOTHUB_CLIENT_CONFIRMATION_OK"
7121,10408193145,10408193182,1,"IOTHUB_CLIENT_CONFIRMATION_OK"
7122,10408193345,10408193390,1,"IOTHUB_CLIENT_CONFIRMATION_OK"
7123,10408193546,10408193818,1,"IOTHUB_CLIENT_CONFIRMATION_OK"
7124,10408193746,10408193853,1,"IOTHUB_CLIENT_CONFIRMATION_OK"
7125,10408193946,10408193984,1,"IOTHUB_CLIENT_CONFIRMATION_OK"
7126,10408194146,10408194183,1,"IOTHUB_CLIENT_CONFIRMATION_OK"
7127,10408194346,10408194390,1,"IOTHUB_CLIENT_CONFIRMATION_OK"
7128,10408194546,10408194589,1,"IOTHUB_CLIENT_CONFIRMATION_OK"
7129,10408194747,10408194790,1,"IOTHUB_CLIENT_CONFIRMATION_OK"
7130,10408194947,10408194984,1,"IOTHUB_CLIENT_CONFIRMATION_OK"
7131,10408195147,10408195268,1,"IOTHUB_CLIENT_CONFIRMATION_OK"
7132,10408195347,10408195382,1,"IOTHUB_CLIENT_CONFIRMATION_OK"
7133,10408195547,10408195607,1,"IOTHUB_CLIENT_CONFIRMATION_OK"
7134,10408195747,10408195789,1,"IOTHUB_CLIENT_CONFIRMATION_OK"
7135,10408195948,10408195987,1,"IOTHUB_CLIENT_CONFIRMATION_OK"
7136,10408196148,10408196226,1,"IOTHUB_CLIENT_CONFIRMATION_OK"
7137,10408196348,10408196392,1,"IOTHUB_CLIENT_CONFIRMATION_OK"
7138,10408196548,10408196627,1,"IOTHUB_CLIENT_CONFIRMATION_OK"
7139,10408196748,10408196828,1,"IOTHUB_CLIENT_CONFIRMATION_OK"
7140,10408196948,10408196987,1,"IOTHUB_CLIENT_CONFIRMATION_OK"
7141,10408197149,10408197243,1,"IOTHUB_CLIENT_CONFIRMATION_OK"
7142,10408197349,10408197395,1,"IOTHUB_CLIENT_CONFIRMATION_OK"
7143,10408197549,10408197594,1,"IOTHUB_CLIENT_CONFIRMATION_OK"
7144,10408197749,10408197839,1,"IOTHUB_CLIENT_CONFIRMATION_OK"
7145,10408197949,10408197987,1,"IOTHUB_CLIENT_CONFIRMATION_OK"
7146,10408198149,10408198190,1,"IOTHUB_CLIENT_CONFIRMATION_OK"
7147,10408198349,10408198393,1,"IOTHUB_CLIENT_CONFIRMATION_OK"
7148,10408198550,10408198595,1,"IOTHUB_CLIENT_CONFIRMATION_OK"
7149,10408198750,10408198851,1,"IOTHUB_CLIENT_CONFIRMATION_OK"
7150,10408198950,10408199006,1,"IOTHUB_CLIENT_CONFIRMATION_OK"
7151,10408199150,10408199197,1,"IOTHUB_CLIENT_CONFIRMATION_OK"
7152,10408199350,10408199395,1,"IOTHUB_CLIENT_CONFIRMATION_OK"
7153,10408199550,10408199605,1,"IOTHUB_CLIENT_CONFIRMATION_OK"
7154,10408199750,10408199889,1,"IOTHUB_CLIENT_CONFIRMATION_OK"
7155,10408199951,10408199993,1,"IOTHUB_CLIENT_CONFIRMATION_OK"
7156,10408200151,10408200202,1,"IOTHUB_CLIENT_CONFIRMATION_OK"
7157,10408200351,10408200499,1,"IOTHUB_CLIENT_CONFIRMATION_OK"
7158,10408200551,10408200591,1,"IOTHUB_CLIENT_CONFIRMATION_OK"
7159,10408200751,10408200788,1,"IOTHUB_CLIENT_CONFIRMATION_OK"
7160,10408200951,10408200996,1,"IOTHUB_CLIENT_CONFIRMATION_OK"
7161,10408201152,10408201193,1,"IOTHUB_CLIENT_CONFIRMATION_OK"
7162,10408201352,10408201561,1,"IOTHUB_CLIENT_CONFIRMATION_OK"
7163,10408201552,10408201621,1,"IOTHUB_CLIENT_CONFIRMATION_OK"
7164,10408201752,10408201801,1,"IOTHUB_CLIENT_CONFIRMATION_OK"
7165,10408201952,10408202008,1,"IOTHUB_CLIENT_CONFIRMATION_OK"
7166,10408202152,10408202196,1,"IOTHUB_CLIENT_CONFIRMATION_OK"
7167,10408202353,10408202389,1,"IOTHUB_CLIENT_CONFIRMATION_OK"
7168,10408202553,10408202609,1,"IOTHUB_CLIENT_CONFIRMATION_OK"
7169,10408202753,10408202825,1,"IOTHUB_CLIENT_CONFIRMATION_OK"
7170,10408202953,10408202996,1,"IOTHUB_CLIENT_CONFIRMATION_OK"
7171,10408203153,10408203199,1,"IOTHUB_CLIENT_CONFIRMATION_OK"
7172,10408203353,10408203403,1,"IOTHUB_CLIENT_CONFIRMATION_OK"
7173,10408203553,10408203612,1,"IOTHUB_CLIENT_CONFIRMATION_OK"
7174,10408203754,10408203786,1,"IOTHUB_CLIENT_CONFIRMATION_OK"
7175,10408203954,10408204013,1,"IOTHUB_CLIENT_CONFIRMATION_OK"
7176,10408204154,10408204206,1,"IOTHUB_CLIENT_CONFIRMATION_OK"
7177,10408204354,10408204405,1,"IOTHUB_CLIENT_CONFIRMATION_OK"
7178,10408204554,10408204641,1,"IOTHUB_CLIENT_CONFIRMATION_OK"
7179,10408204754,10408204800,1,"IOTHUB_CLIENT_CONFIRMATION_OK"
7180,10408204955,10408205032,1,"IOTHUB_CLIENT_CONFIRMATION_OK"
7181,10408205155,10408205249,1,"IOTHUB_CLIENT_CONFIRMATION_OK"
7182,10408205355,10408205394,1,"IOTHUB_CLIENT_CONFIRMATION_OK"
7183,10408205555,10408205656,1,"IOTHUB_CLIENT_CONFIRMATION_OK"
7184,10408205755,10408205854,1,"IOTHUB_CLIENT_CONFIRMATION_OK"
7185,10408205955,10408206018,1,"IOTHUB_CLIENT_CONFIRMATION_OK"
7186,10408206155,10408206222,1,"IOTHUB_CLIENT_CONFIRMATION_OK"
7187,10408206356,10408206388,1,"IOTHUB_CLIENT_CONFIRMATION_OK"
7188,10408206556,10408206593,1,"IOTHUB_CLIENT_CONFIRMATION_OK"
7189,10408206756,10408206815,1,"IOTHUB_CLIENT_CONFIRMATION_OK"
7190,10408206956,10408207034,1,"IOTHUB_CLIENT_CONFIRMATION_OK"
7191,10408207156,10408207344,1,"IOTHUB_CLIENT_CONFIRMATION_OK"
7192,10408207356,10408207394,1,"IOTHUB_CLIENT_CONFIRMATION_OK"
7193,10408207557,10408207598,1,"IOTHUB_CLIENT_CONFIRMATION_OK"
7194,10408207757,10408207828,1,"IOTHUB_CLIENT_CONFIRMATION_OK"
7195,10408207957,10408208001,1,"IOTHUB_CLIENT_CONFIRMATION_OK"
7196,10408208157,10408208202,1,"IOTHUB_CLIENT_CONFIRMATION_OK"
7197,10408208357,10408208399,1,"IOTHUB_CLIENT_CONFIRMATION_OK"
7198,10408208557,10408208600,1,"IOTHUB_CLIENT_CONFIRMATION_OK"
7199,10408208758,10408208839,1,"IOTHUB_CLIENT_CONFIRMATION_OK"
7200,10408208958,10408208991,1,"IOTHUB_CLIENT_CONFIRMATION_OK"
7201,10408209158,10408209196,1,"IOTHUB_CLIENT_CONFIRMATION_OK"
7202,10408209358,10408209451,1,"IOTHUB_CLIENT_CONFIRMATION_OK"
7203,10408209558,10408209594,1,"IOTHUB_CLIENT_CONFIRMATION_OK"
7204,10408209758,10408209843,1,"IOTHUB_CLIENT_CONFIRMATION_OK"
7205,10408209958,10408210031,1,"IOTHUB_CLIENT_CONFIRMATION_OK"
7206,10408210159,10408210203,1,"IOTHUB_CLIENT_CONFIRMATION_OK"
7207,10408210359,10408210467,1,"IOTHUB_CLIENT_CONFIRMATION_OK"
7208,10408210559,10408210599,1,"IOTHUB_CLIENT_CONFIRMATION_OK"
7209,10408210759,10408210797,1,"IOTHUB_CLIENT_CONFIRMATION_OK"
7210,10408210959,10408210998,1,"IOTHUB_CLIENT_CONFIRMATION_OK"
7211,10408211159,10408211205,1,"IOTHUB_CLIENT_CONFIRMATION_OK"
7212,10408211360,10408211512,1,"IOTHUB_CLIENT_CONFIRMATION_OK"
7213,10408211560,10408211608,1,"IOTHUB_CLIENT_CONFIRMATION_OK"
7214,10408211760,10408211817,1,"IOTHUB_CLIENT_CONFIRMATION_OK"
7215,10408211960,10408212112,1,"IOTHUB_CLIENT_CONFIRMATION_OK"
7216,10408212160,10408212210,1,"IOTHUB_CLIENT_CONFIRMATION_OK"
7217,10408212360,10408212405,1,"IOTHUB_CLIENT_CONFIRMATION_OK"
7218,10408212561,10408212600,1,"IOTHUB_CLIENT_CONFIRMATION_OK"
7219,10408212761,10408212799,1,"IOTHUB_CLIENT_CONFIRMATION_OK"
7220,10408212961,10408213105,1,"IOTHUB_CLIENT_CONFIRMATION_OK"
7221,10408213161,10408213207,1,"IOTHUB_CLIENT_CONFIRMATION_OK"
7222,10408213361,10408213396,1,"IOTHUB_CLIENT_CONFIRMATION_OK"
7223,10408213561,10408213615,1,"IOTHUB_CLIENT_CONFIRMATION_OK"
7224,10408213761,10408213805,1,"IOTHUB_CLIENT_CONFIRMATION_OK"
7225,10408213962,10408214005,1,"IOTHUB_CLIENT_CONFIRMATION_OK"
7226,10408214162,10408214205,1,"IOTHUB_CLIENT_CONFIRMATION_OK"
7227,10408214362,10408214447,1,"IOTHUB_CLIENT_CONFIRMATION_OK"
7228,10408214562,10408214607,1,"IOTHUB_CLIENT_CONFIRMATION_OK"
7229,10408214762,10408214804,1,"IOTHUB_CLIENT_CONFIRMATION_OK"
7230,10408214962,10408215000,1,"IOTHUB_CLIENT_CONFIRMATION_OK"
7231,10408215163,10408215206,1,"IOTHUB_CLIENT_CONFIRMATION_OK"
7232,10408215363,10408215452,1,"IOTHUB_CLIENT_CONFIRMATION_OK"
7233,10408215563,10408215647,1,"IOTHUB_CLIENT_CONFIRMATION_OK"
7234,10408215763,10408215804,1,"IOTHUB_CLIENT_CONFIRMATION_OK"
7235,10408215963,10408216005,1,"IOTHUB_CLIENT_CONFIRMATION_OK"
7236,10408216164,10408216247,1,"IOTHUB_CLIENT_CONFIRMATION_OK"
7237,10408216364,10408216402,1,"IOTHUB_CLIENT_CONFIRMATION_OK"
7238,10408216564,10408216602,1,"IOTHUB_CLIENT_CONFIRMATION_OK"
7239,10408216764,10408216804,1,"IOTHUB_CLIENT_CONFIRMATION_OK"
7240,10408216964,10408217003,1,"IOTHUB_CLIENT_CONFIRMATION_OK"
7241,10408217164,10408217260,1,"IOTHUB_CLIENT_CONFIRMATION_OK"
7242,10408217364,10408217404,1,"IOTHUB_CLIENT_CONFIRMATION_OK"
7243,10408217565,10408217654,1,"IOTHUB_CLIENT_CONFIRMATION_OK"
7244,10408217765,10408217871,1,"IOTHUB_CLIENT_CONFIRMATION_OK"
7245,10408217965,10408218007,1,"IOTHUB_CLIENT_CONFIRMATION_OK"
7246,10408218165,10408218223,1,"IOTHUB_CLIENT_CONFIRMATION_OK"
7247,10408218365,10408218410,1,"IOTHUB_CLIENT_CONFIRMATION_OK"
7248,10408218565,10408218609,1,"IOTHUB_CLIENT_CONFIRMATION_OK"
7249,10408218766,10408218893,1,"IOTHUB_CLIENT_CONFIRMATION_OK"
7250,10408218966,10408219031,1,"IOTHUB_CLIENT_CONFIRMATION_OK"
7251,10408219166,10408219204,1,"IOTHUB_CLIENT_CONFIRMATION_OK"
7252,10408219366,10408219412,1,"IOTHUB_CLIENT_CONFIRMATION_OK"
7253,10408219566,10408219606,1,"IOTHUB_CLIENT_CONFIRMATION_OK"
7254,10408219766,10408219910,1,"IOTHUB_CLIENT_CONFIRMATION_OK"
7255,10408219967,10408220018,1,"IOTHUB_CLIENT_CONFIRMATION_OK"
7256,10408220167,10408220204,1,"IOTHUB_CLIENT_CONFIRMATION_OK"
7257,10408220367,10408220532,1,"IOTHUB_CLIENT_CONFIRMATION_OK"
7258,10408220567,10408220614,1,"IOTHUB_CLIENT_CONFIRMATION_OK"
7259,10408220767,10408220815,1,"IOTHUB_CLIENT_CONFIRMATION_OK"
7260,10408220967,10408221034,1,"IOTHUB_CLIENT_CONFIRMATION_OK"
7261,10408221167,10408221211,1,"IOTHUB_CLIENT_CONFIRMATION_OK"
7262,10408221368,10408221533,1,"IOTHUB_CLIENT_CONFIRMATION_OK"
7263,10408221568,10408221608,1,"IOTHUB_CLIENT_CONFIRMATION_OK"
7264,10408221768,10408221808,1,"IOTHUB_CLIENT_CONFIRMATION_OK"
7265,10408221968,10408222008,1,"IOTHUB_CLIENT_CONFIRMATION_OK"
7266,10408222168,10408222210,1,"IOTHUB_CLIENT_CONFIRMATION_OK"
7267,10408222368,10408222406,1,"IOTHUB_CLIENT_CONFIRMATION_OK"
7268,10408222569,10408222617,1,"IOTHUB_CLIENT_CONFIRMATION_OK"
7269,10408222769,10408222816,1,"IOTHUB_CLIENT_CONFIRMATION_OK"
7270,10408222969,10408223156,1,"IOTHUB_CLIENT_CONFIRMATION_OK"
7271,10408223169,10408223207,1,"IOTHUB_CLIENT_CONFIRMATION_OK"
7272,10408223369,10408223419,1,"IOTHUB_CLIENT_CONFIRMATION_OK"
7273,10408223569,10408223627,1,"IOTHUB_CLIENT_CONFIRMATION_OK"
7274,10408223770,10408223811,1,"IOTHUB_CLIENT_CONFIRMATION_OK"
7275,10408223970,10408224006,1,"IOTHUB_CLIENT_CONFIRMATION_OK"
7276,10408224170,10408224216,1,"IOTHUB_CLIENT_CONFIRMATION_OK"
7277,10408224370,10408224422,1,"IOTHUB_CLIENT_CONFIRMATION_OK"
7278,10408224570,10408224609,1,"IOTHUB_CLIENT_CONFIRMATION_OK"
7279,10408224770,10408224810,1,"IOTHUB_CLIENT_CONFIRMATION_OK"
7280,10408224971,10408225010,1,"IOTHUB_CLIENT_CONFIRMATION_OK"
7281,10408225171,10408225212,1,"IOTHUB_CLIENT_CONFIRMATION_OK"
7282,10408225371,10408225411,1,"IOTHUB_CLIENT_CONFIRMATION_OK"
7283,10408225571,10408225613,1,"IOTHUB_CLIENT_CONFIRMATION_OK"
7284,10408225771,10408225860,1,"IOTHUB_CLIENT_CONFIRMATION_OK"
7285,10408225971,10408226017,1,"IOTHUB_CLIENT_CONFIRMATION_OK"
7286,10408226171,10408226249,1,"IOTHUB_CLIENT_CONFIRMATION_OK"
7287,10408226372,10408226448,1,"IOTHUB_CLIENT_CONFIRMATION_OK"
7288,10408226572,10408226609,1,"IOTHUB_CLIENT_CONFIRMATION_OK"
7289,10408226772,10408226829,1,"IOTHUB_CLIENT_CONFIRMATION_OK"
7290,10408226972,10408227010,1,"IOTHUB_CLIENT_CONFIRMATION_OK"
7291,10408227172,10408227345,1,"IOTHUB_CLIENT_CONFIRMATION_OK"
7292,10408227372,10408227427,1,"IOTHUB_CLIENT_CONFIRMATION_OK"
7293,10408227573,10408227619,1,"IOTHUB_CLIENT_CONFIRMATION_OK"
7294,10408227773,10408227819,1,"IOTHUB_CLIENT_CONFIRMATION_OK"
7295,10408227973,10408228026,1,"IOTHUB_CLIENT_CONFIRMATION_OK"
7296,10408228173,10408228210,1,"IOTHUB_CLIENT_CONFIRMATION_OK"
7297,10408228373,10408228430,1,"IOTHUB_CLIENT_CONFIRMATION_OK"
7298,10408228573,10408228634,1,"IOTHUB_CLIENT_CONFIRMATION_OK"
7299,10408228774,10408228811,1,"IOTHUB_CLIENT_CONFIRMATION_OK"
7300,10408228974,10408229020,1,"IOTHUB_CLIENT_CONFIRMATION_OK"
7301,10408229174,10408229221,1,"IOTHUB_CLIENT_CONFIRMATION_OK"
7302,10408229374,10408229437,1,"IOTHUB_CLIENT_CONFIRMATION_OK"
7303,10408229574,10408229613,1,"IOTHUB_CLIENT_CONFIRMATION_OK"
7304,10408229774,10408229816,1,"IOTHUB_CLIENT_CONFIRMATION_OK"
7305,10408229974,10408230045,1,"IOTHUB_CLIENT_CONFIRMATION_OK"
7306,10408230175,10408230221,1,"IOTHUB_CLIENT_CONFIRMATION_OK"
7307,10408230375,10408230436,1,"IOTHUB_CLIENT_CONFIRMATION_OK"
7308,10408230575,10408230636,1,"IOTHUB_CLIENT_CONFIRMATION_OK"
7309,10408230775,10408230819,1,"IOTHUB_CLIENT_CONFIRMATION_OK"
7310,10408230975,10408231067,1,"IOTHUB_CLIENT_CONFIRMATION_OK"
7311,10408231175,10408231239,1,"IOTHUB_CLIENT_CONFIRMATION_OK"
7312,10408231376,10408231452,1,"IOTHUB_CLIENT_CONFIRMATION_OK"
7313,10408231576,10408231614,1,"IOTHUB_CLIENT_CONFIRMATION_OK"
7314,10408231776,10408231819,1,"IOTHUB_CLIENT_CONFIRMATION_OK"
7315,10408231976,10408232080,1,"IOTHUB_CLIENT_CONFIRMATION_OK"
7316,10408232176,10408232215,1,"IOTHUB_CLIENT_CONFIRMATION_OK"
7317,10408232376,10408232435,1,"IOTHUB_CLIENT_CONFIRMATION_OK"
7318,10408232576,10408232624,1,"IOTHUB_CLIENT_CONFIRMATION_OK"
7319,10408232777,10408232833,1,"IOTHUB_CLIENT_CONFIRMATION_OK"
7320,10408232977,10408233096,1,"IOTHUB_CLIENT_CONFIRMATION_OK"
7321,10408233177,10408233223,1,"IOTHUB_CLIENT_CONFIRMATION_OK"
7322,10408233377,10408233415,1,"IOTHUB_CLIENT_CONFIRMATION_OK"
7323,10408233577,10408233620,1,"IOTHUB_CLIENT_CONFIRMATION_OK"
7324,10408233777,10408233824,1,"IOTHUB_CLIENT_CONFIRMATION_OK"
7325,10408233978,10408234027,1,"IOTHUB_CLIENT_CONFIRMATION_OK"
7326,10408234178,10408234223,1,"IOTHUB_CLIENT_CONFIRMATION_OK"
7327,10408234378,10408234420,1,"IOTHUB_CLIENT_CONFIRMATION_OK"
7328,10408234578,10408234648,1,"IOTHUB_CLIENT_CONFIRMATION_OK"
7329,10408234778,10408234829,1,"IOTHUB_CLIENT_CONFIRMATION_OK"
7330,10408234978,10408235015,1,"IOTHUB_CLIENT_CONFIRMATION_OK"
7331,10408235178,10408235252,1,"IOTHUB_CLIENT_CONFIRMATION_OK"
7332,10408235379,10408235445,1,"IOTHUB_CLIENT_CONFIRMATION_OK"
7333,10408235579,10408235656,1,"IOTHUB_CLIENT_CONFIRMATION_OK"
7334,10408235779,10408235833,1,"IOTHUB_CLIENT_CONFIRMATION_OK"
7335,10408235979,10408236037,1,"IOTHUB_CLIENT_CONFIRMATION_OK"
7336,10408236179,10408236418,1,"IOTHUB_CLIENT_CONFIRMATION_OK"
7337,10408236379,10408236435,1,"IOTHUB_CLIENT_CONFIRMATION_OK"
7338,10408236580,10408236629,1,"IOTHUB_CLIENT_CONFIRMATION_OK"
7339,10408236780,10408236822,1,"IOTHUB_CLIENT_CONFIRMATION_OK"
7340,10408236980,10408237039,1,"IOTHUB_CLIENT_CONFIRMATION_OK"
7341,10408237180,10408237229,1,"IOTHUB_CLIENT_CONFIRMATION_OK"
7342,10408237380,10408237434,1,"IOTHUB_CLIENT_CONFIRMATION_OK"
7343,10408237580,10408237615,1,"IOTHUB_CLIENT_CONFIRMATION_OK"
7344,10408237781,10408237831,1,"IOTHUB_CLIENT_CONFIRMATION_OK"
7345,10408237981,10408238023,1,"IOTHUB_CLIENT_CONFIRMATION_OK"
7346,10408238181,10408238216,1,"IOTHUB_CLIENT_CONFIRMATION_OK"
7347,10408238381,10408238439,1,"IOTHUB_CLIENT_CONFIRMATION_OK"
7348,10408238581,10408238621,1,"IOTHUB_CLIENT_CONFIRMATION_OK"
7349,10408238781,10408238874,1,"IOTHUB_CLIENT_CONFIRMATION_OK"
7350,10408238981,10408239027,1,"IOTHUB_CLIENT_CONFIRMATION_OK"
7351,10408239182,10408239229,1,"IOTHUB_CLIENT_CONFIRMATION_OK"
7352,10408239382,10408239484,1,"IOTHUB_CLIENT_CONFIRMATION_OK"
7353,10408239582,10408239623,1,"IOTHUB_CLIENT_CONFIRMATION_OK"
7354,10408239782,10408239891,1,"IOTHUB_CLIENT_CONFIRMATION_OK"
7355,10408239982,10408240015,1,"IOTHUB_CLIENT_CONFIRMATION_OK"
7356,10408240182,10408240233,1,"IOTHUB_CLIENT_CONFIRMATION_OK"
7357,10408240383,10408240519,1,"IOTHUB_CLIENT_CONFIRMATION_OK"
7358,10408240583,10408240625,1,"IOTHUB_CLIENT_CONFIRMATION_OK"
7359,10408240783,10408240824,1,"IOTHUB_CLIENT_CONFIRMATION_OK"
7360,10408240983,10408241024,1,"IOTHUB_CLIENT_CONFIRMATION_OK"
7361,10408241183,10408241228,1,"IOTHUB_CLIENT_CONFIRMATION_OK"
7362,10408241383,10408241557,1,"IOTHUB_CLIENT_CONFIRMATION_OK"
7363,10408241583,10408241629,1,"IOTHUB_CLIENT_CONFIRMATION_OK"
7364,10408241784,10408241844,1,"IOTHUB_CLIENT_CONFIRMATION_OK"
7365,10408241984,10408242022,1,"IOTHUB_CLIENT_CONFIRMATION_OK"
7366,10408242184,10408242227,1,"IOTHUB_CLIENT_CONFIRMATION_OK"
7367,10408242384,10408242429,1,"IOTHUB_CLIENT_CONFIRMATION_OK"
7368,10408242584,10408242627,1,"IOTHUB_CLIENT_CONFIRMATION_OK"
7369,10408242784,10408242827,1,"IOTHUB_CLIENT_CONFIRMATION_OK"
7370,10408242985,10408243030,1,"IOTHUB_CLIENT_CONFIRMATION_OK"
7371,10408243185,10408243223,1,"IOTHUB_CLIENT_CONFIRMATION_OK"
7372,10408243385,10408243423,1,"IOTHUB_CLIENT_CONFIRMATION_OK"
7373,10408243585,10408243625,1,"IOTHUB_CLIENT_CONFIRMATION_OK"
7374,10408243785,10408243830,1,"IOTHUB_CLIENT_CONFIRMATION_OK"
7375,10408243985,10408244025,1,"IOTHUB_CLIENT_CONFIRMATION_OK"
7376,10408244186,10408244230,1,"IOTHUB_CLIENT_CONFIRMATION_OK"
7377,10408244386,10408244426,1,"IOTHUB_CLIENT_CONFIRMATION_OK"
7378,10408244586,10408244623,1,"IOTHUB_CLIENT_CONFIRMATION_OK"
7379,10408244786,10408244844,1,"IOTHUB_CLIENT_CONFIRMATION_OK"
7380,10408244986,10408245038,1,"IOTHUB_CLIENT_CONFIRMATION_OK"
7381,10408245186,10408245239,1,"IOTHUB_CLIENT_CONFIRMATION_OK"
7382,10408245386,10408245449,1,"IOTHUB_CLIENT_CONFIRMATION_OK"
7383,10408245587,10408245642,1,"IOTHUB_CLIENT_CONFIRMATION_OK"
7384,10408245787,10408245823,1,"IOTHUB_CLIENT_CONFIRMATION_OK"
7385,10408245987,10408246022,1,"IOTHUB_CLIENT_CONFIRMATION_OK"
7386,10408246187,10408246251,1,"IOTHUB_CLIENT_CONFIRMATION_OK"
7387,10408246387,10408246447,1,"IOTHUB_CLIENT_CONFIRMATION_OK"
7388,10408246587,10408246632,1,"IOTHUB_CLIENT_CONFIRMATION_OK"
7389,10408246787,10408246951,1,"IOTHUB_CLIENT_CONFIRMATION_OK"
7390,10408246988,10408247031,1,"IOTHUB_CLIENT_CONFIRMATION_OK"
7391,10408247188,10408247350,1,"IOTHUB_CLIENT_CONFIRMATION_OK"
7392,10408247388,10408247430,1,"IOTHUB_CLIENT_CONFIRMATION_OK"
7393,10408247588,10408247640,1,"IOTHUB_CLIENT_CONFIRMATION_OK"
7394,10408247788,10408247827,1,"IOTHUB_CLIENT_CONFIRMATION_OK"
7395,10408247988,10408248040,1,"IOTHUB_CLIENT_CONFIRMATION_OK"
7396,10408248189,10408248230,1,"IOTHUB_CLIENT_CONFIRMATION_OK"
7397,10408248389,10408248432,1,"IOTHUB_CLIENT_CONFIRMATION_OK"
7398,10408248589,10408248647,1,"IOTHUB_CLIENT_CONFIRMATION_OK"
7399,10408248789,10408248976,1,"IOTHUB_CLIENT_CONFIRMATION_OK"
7400,10408248989,10408249035,1,"IOTHUB_CLIENT_CONFIRMATION_OK"
7401,10408249189,10408249237,1,"IOTHUB_CLIENT_CONFIRMATION_OK"
7402,10408249390,10408249431,1,"IOTHUB_CLIENT_CONFIRMATION_OK"
7403,10408249590,10408249634,1,"IOTHUB_CLIENT_CONFIRMATION_OK"
7404,10408249790,10408250002,1,"IOTHUB_CLIENT_CONFIRMATION_OK"
7405,10408249990,10408250037,1,"IOTHUB_CLIENT_CONFIRMATION_OK"
7406,10408250190,10408250237,1,"IOTHUB_CLIENT_CONFIRMATION_OK"
7407,10408250390,10408250434,1,"IOTHUB_CLIENT_CONFIRMATION_OK"
7408,10408250590,10408250640,1,"IOTHUB_CLIENT_CONFIRMATION_OK"
7409,10408250791,10408250836,1,"IOTHUB_CLIENT_CONFIRMATION_OK"
7410,10408250991,10408251038,1,"IOTHUB_CLIENT_CONFIRMATION_OK"
7411,10408251191,10408251250,1,"IOTHUB_CLIENT_CONFIRMATION_OK"
7412,10408251391,10408251439,1,"IOTHUB_CLIENT_CONFIRMATION_OK"
7413,10408251591,10408251627,1,"IOTHUB_CLIENT_CONFIRMATION_OK"
7414,10408251791,10408251837,1,"IOTHUB_CLIENT_CONFIRMATION_OK"
7415,10408251992,10408252079,1,"IOTHUB_CLIENT_CONFIRMATION_OK"
7416,10408252192,10408252241,1,"IOTHUB_CLIENT_CONFIRMATION_OK"
7417,10408252392,10408252438,1,"IOTHUB_CLIENT_CONFIRMATION_OK"
7418,10408252592,10408252647,1,"IOTHUB_CLIENT_CONFIRMATION_OK"
7419,10408252792,10408252846,1,"IOTHUB_CLIENT_CONFIRMATION_OK"
7420,10408252992,10408253049,1,"IOTHUB_CLIENT_CONFIRMATION_OK"
7421,10408253192,10408253269,1,"IOTHUB_CLIENT_CONFIRMATION_OK"
7422,10408253393,10408253437,1,"IOTHUB_CLIENT_CONFIRMATION_OK"
7423,10408253593,10408253663,1,"IOTHUB_CLIENT_CONFIRMATION_OK"
7424,10408253793,10408253856,1,"IOTHUB_CLIENT_CONFIRMATION_OK"
7425,10408253993,10408254029,1,"IOTHUB_CLIENT_CONFIRMATION_OK"
7426,10408254193,10408254246,1,"IOTHUB_CLIENT_CONFIRMATION_OK"
7427,10408254393,10408254455,1,"IOTHUB_CLIENT_CONFIRMATION_OK"
7428,10408254594,10408254676,1,"IOTHUB_CLIENT_CONFIRMATION_OK"
7429,10408254794,10408254830,1,"IOTHUB_CLIENT_CONFIRMATION_OK"
7430,10408254994,10408255031,1,"IOTHUB_CLIENT_CONFIRMATION_OK"
7431,10408255194,10408255287,1,"IOTHUB_CLIENT_CONFIRMATION_OK"
7432,10408255394,10408255527,1,"IOTHUB_CLIENT_CONFIRMATION_OK"
7433,10408255594,10408255742,1,"IOTHUB_CLIENT_CONFIRMATION_OK"
7434,10408255795,10408255839,1,"IOTHUB_CLIENT_CONFIRMATION_OK"
7435,10408255995,10408256039,1,"IOTHUB_CLIENT_CONFIRMATION_OK"
7436,10408256195,10408256347,1,"IOTHUB_CLIENT_CONFIRMATION_OK"
7437,10408256395,10408256439,1,"IOTHUB_CLIENT_CONFIRMATION_OK"
7438,10408256595,10408256638,1,"IOTHUB_CLIENT_CONFIRMATION_OK"
7439,10408256795,10408256848,1,"IOTHUB_CLIENT_CONFIRMATION_OK"
7440,10408256995,10408257034,1,"IOTHUB_CLIENT_CONFIRMATION_OK"
7441,10408257196,10408257371,1,"IOTHUB_CLIENT_CONFIRMATION_OK"
7442,10408257396,10408257440,1,"IOTHUB_CLIENT_CONFIRMATION_OK"
7443,10408257596,10408257636,1,"IOTHUB_CLIENT_CONFIRMATION_OK"
7444,10408257796,10408257835,1,"IOTHUB_CLIENT_CONFIRMATION_OK"
7445,10408257996,10408258033,1,"IOTHUB_CLIENT_CONFIRMATION_OK"
7446,10408258196,10408258232,1,"IOTHUB_CLIENT_CONFIRMATION_OK"
7447,10408258397,10408258440,1,"IOTHUB_CLIENT_CONFIRMATION_OK"
7448,10408258597,10408258641,1,"IOTHUB_CLIENT_CONFIRMATION_OK"
7449,10408258797,10408258988,1,"IOTHUB_CLIENT_CONFIRMATION_OK"
7450,10408258997,10408259040,1,"IOTHUB_CLIENT_CONFIRMATION_OK"
7451,10408259197,10408259236,1,"IOTHUB_CLIENT_CONFIRMATION_OK"
7452,10408259397,10408259437,1,"IOTHUB_CLIENT_CONFIRMATION_OK"
7453,10408259598,10408259644,1,"IOTHUB_CLIENT_CONFIRMATION_OK"
7454,10408259798,10408259991,1,"IOTHUB_CLIENT_CONFIRMATION_OK"
7455,10408259998,10408260041,1,"IOTHUB_CLIENT_CONFIRMATION_OK"
7456,10408260198,10408260234,1,"IOTHUB_CLIENT_CONFIRMATION_OK"
7457,10408260398,10408260453,1,"IOTHUB_CLIENT_CONFIRMATION_OK"
7458,10408260598,10408260661,1,"IOTHUB_CLIENT_CONFIRMATION_OK"
7459,10408260798,10408260903,1,"IOTHUB_CLIENT_CONFIRMATION_OK"
7460,10408260999,10408261039,1,"IOTHUB_CLIENT_CONFIRMATION_OK"
7461,10408261199,10408261242,1,"IOTHUB_CLIENT_CONFIRMATION_OK"
7462,10408261399,10408261614,1,"IOTHUB_CLIENT_CONFIRMATION_OK"
7463,10408261599,10408261636,1,"IOTHUB_CLIENT_CONFIRMATION_OK"
7464,10408261799,10408261850,1,"IOTHUB_CLIENT_CONFIRMATION_OK"
7465,10408261999,10408262035,1,"IOTHUB_CLIENT_CONFIRMATION_OK"
7466,10408262200,10408262246,1,"IOTHUB_CLIENT_CONFIRMATION_OK"
7467,10408262400,10408262441,1,"IOTHUB_CLIENT_CONFIRMATION_OK"
7468,10408262600,10408262645,1,"IOTHUB_CLIENT_CONFIRMATION_OK"
7469,10408262800,10408262837,1,"IOTHUB_CLIENT_CONFIRMATION_OK"
7470,10408263000,10408263046,1,"IOTHUB_CLIENT_CONFIRMATION_OK"
7471,10408263200,10408263245,1,"IOTHUB_CLIENT_CONFIRMATION_OK"
7472,10408263401,10408263444,1,"IOTHUB_CLIENT_CONFIRMATION_OK"
7473,10408263601,10408263646,1,"IOTHUB_CLIENT_CONFIRMATION_OK"
7474,10408263801,10408263886,1,"IOTHUB_CLIENT_CONFIRMATION_OK"
7475,10408264001,10408264063,1,"IOTHUB_CLIENT_CONFIRMATION_OK"
7476,10408264201,10408264249,1,"IOTHUB_CLIENT_CONFIRMATION_OK"
7477,10408264401,10408264448,1,"IOTHUB_CLIENT_CONFIRMATION_OK"
7478,10408264601,10408264663,1,"IOTHUB_CLIENT_CONFIRMATION_OK"
7479,10408264802,10408264866,1,"IOTHUB_CLIENT_CONFIRMATION_OK"
7480,10408265002,10408265047,1,"IOTHUB_CLIENT_CONFIRMATION_OK"
7481,10408265202,10408265280,1,"IOTHUB_CLIENT_CONFIRMATION_OK"
7482,10408265402,10408265455,1,"IOTHUB_CLIENT_CONFIRMATION_OK"
7483,10408265602,10408265682,1,"IOTHUB_CLIENT_CONFIRMATION_OK"
7484,10408265802,10408265853,1,"IOTHUB_CLIENT_CONFIRMATION_OK"
7485,10408266002,10408266071,1,"IOTHUB_CLIENT_CONFIRMATION_OK"
7486,10408266203,10408266300,1,"IOTHUB_CLIENT_CONFIRMATION_OK"
7487,10408266403,10408266466,1,"IOTHUB_CLIENT_CONFIRMATION_OK"
7488,10408266603,10408266688,1,"IOTHUB_CLIENT_CONFIRMATION_OK"
7489,10408266803,10408266849,1,"IOTHUB_CLIENT_CONFIRMATION_OK"
7490,10408267003,10408267046,1,"IOTHUB_CLIENT_CONFIRMATION_OK"
7491,10408267204,10408267324,1,"IOTHUB_CLIENT_CONFIRMATION_OK"
7492,10408267404,10408267451,1,"IOTHUB_CLIENT_CONFIRMATION_OK"
7493,10408267604,10408267654,1,"IOTHUB_CLIENT_CONFIRMATION_OK"
7494,10408267804,10408267947,1,"IOTHUB_CLIENT_CONFIRMATION_OK"
7495,10408268004,10408268049,1,"IOTHUB_CLIENT_CONFIRMATION_OK"
7496,10408268205,10408268257,1,"IOTHUB_CLIENT_CONFIRMATION_OK"
7497,10408268405,10408268450,1,"IOTHUB_CLIENT_CONFIRMATION_OK"
7498,10408268605,10408268647,1,"IOTHUB_CLIENT_CONFIRMATION_OK"
7499,10408268805,10408268936,1,"IOTHUB_CLIENT_CONFIRMATION_OK"
7500,10408269005,10408269052,1,"IOTHUB_CLIENT_CONFIRMATION_OK"
7501,10408269205,10408269246,1,"IOTHUB_CLIENT_CONFIRMATION_OK"
7502,10408269405,10408269445,1,"IOTHUB_CLIENT_CONFIRMATION_OK"
7503,10408269606,10408269643,1,"IOTHUB_CLIENT_CONFIRMATION_OK"
7504,10408269806,10408269947,1,"IOTHUB_CLIENT_CONFIRMATION_OK"
7505,10408270006,10408270065,1,"IOTHUB_CLIENT_CONFIRMATION_OK"
7506,10408270206,10408270254,1,"IOTHUB_CLIENT_CONFIRMATION_OK"
7507,10408270406,10408270551,1,"IOTHUB_CLIENT_CONFIRMATION_OK"
7508,10408270606,10408270645,1,"IOTHUB_CLIENT_CONFIRMATION_OK"
7509,10408270807,10408270847,1,"IOTHUB_CLIENT_CONFIRMATION_OK"
7510,10408271007,10408271058,1,"IOTHUB_CLIENT_CONFIRMATION_OK"
7511,10408271207,10408271251,1,"IOTHUB_CLIENT_CONFIRMATION_OK"
7512,10408271407,10408271735,1,"IOTHUB_CLIENT_CONFIRMATION_OK"
7513,10408271607,10408271755,1,"IOTHUB_CLIENT_CONFIRMATION_OK"
7514,10408271807,10408271860,1,"IOTHUB_CLIENT_CONFIRMATION_OK"
7515,10408272008,10408272379,1,"IOTHUB_CLIENT_CONFIRMATION_OK"
7516,10408272208,10408272442,1,"IOTHUB_CLIENT_CONFIRMATION_OK"
7517,10408272408,10408272480,1,"IOTHUB_CLIENT_CONFIRMATION_OK"
7518,10408272608,10408272655,1,"IOTHUB_CLIENT_CONFIRMATION_OK"
7519,10408272808,10408272848,1,"IOTHUB_CLIENT_CONFIRMATION_OK"
7520,10408273008,10408273156,1,"IOTHUB_CLIENT_CONFIRMATION_OK"
7521,10408273209,10408273256,1,"IOTHUB_CLIENT_CONFIRMATION_OK"
7522,10408273409,10408273444,1,"IOTHUB_CLIENT_CONFIRMATION_OK"
7523,10408273609,10408273730,1,"IOTHUB_CLIENT_CONFIRMATION_OK"
7524,10408273809,10408273850,1,"IOTHUB_CLIENT_CONFIRMATION_OK"
7525,10408274009,10408274051,1,"IOTHUB_CLIENT_CONFIRMATION_OK"
7526,10408274209,10408274253,1,"IOTHUB_CLIENT_CONFIRMATION_OK"
7527,10408274409,10408274502,1,"IOTHUB_CLIENT_CONFIRMATION_OK"
7528,10408274610,10408274774,1,"IOTHUB_CLIENT_CONFIRMATION_OK"
7529,10408274810,10408274859,1,"IOTHUB_CLIENT_CONFIRMATION_OK"
7530,10408275010,10408275071,1,"IOTHUB_CLIENT_CONFIRMATION_OK"
7531,10408275210,10408275254,1,"IOTHUB_CLIENT_CONFIRMATION_OK"
7532,10408275410,10408275456,1,"IOTHUB_CLIENT_CONFIRMATION_OK"
7533,10408275610,10408275758,1,"IOTHUB_CLIENT_CONFIRMATION_OK"
7534,10408275811,10408275867,1,"IOTHUB_CLIENT_CONFIRMATION_OK"
7535,10408276011,10408276051,1,"IOTHUB_CLIENT_CONFIRMATION_OK"
7536,10408276211,10408276249,1,"IOTHUB_CLIENT_CONFIRMATION_OK"
7537,10408276411,10408276454,1,"IOTHUB_CLIENT_CONFIRMATION_OK"
7538,10408276611,10408276662,1,"IOTHUB_CLIENT_CONFIRMATION_OK"
7539,10408276811,10408276875,1,"IOTHUB_CLIENT_CONFIRMATION_OK"
7540,10408277012,10408277074,1,"IOTHUB_CLIENT_CONFIRMATION_OK"
7541,10408277212,10408277293,1,"IOTHUB_CLIENT_CONFIRMATION_OK"
7542,10408277412,10408277452,1,"IOTHUB_CLIENT_CONFIRMATION_OK"
7543,10408277612,10408277665,1,"IOTHUB_CLIENT_CONFIRMATION_OK"
7544,10408277812,10408277883,1,"IOTHUB_CLIENT_CONFIRMATION_OK"
7545,10408278012,10408278059,1,"IOTHUB_CLIENT_CONFIRMATION_OK"
7546,10408278213,10408278266,1,"IOTHUB_CLIENT_CONFIRMATION_OK"
7547,10408278413,10408278452,1,"IOTHUB_CLIENT_CONFIRMATION_OK"
7548,10408278613,10408278690,1,"IOTHUB_CLIENT_CONFIRMATION_OK"
7549,10408278813,10408278910,1,"IOTHUB_CLIENT_CONFIRMATION_OK"
7550,10408279013,10408279051,1,"IOTHUB_CLIENT_CONFIRMATION_OK"
7551,10408279213,10408279287,1,"IOTHUB_CLIENT_CONFIRMATION_OK"
7552,10408279414,10408279518,1,"IOTHUB_CLIENT_CONFIRMATION_OK"
7553,10408279614,10408279659,1,"IOTHUB_CLIENT_CONFIRMATION_OK"
7554,10408279814,10408279926,1,"IOTHUB_CLIENT_CONFIRMATION_OK"
7555,10408280014,10408280077,1,"IOTHUB_CLIENT_CONFIRMATION_OK"
7556,10408280214,10408280257,1,"IOTHUB_CLIENT_CONFIRMATION_OK"
7557,10408280414,10408280533,1,"IOTHUB_CLIENT_CONFIRMATION_OK"
7558,10408280615,10408280664,1,"IOTHUB_CLIENT_CONFIRMATION_OK"
7559,10408280815,10408280879,1,"IOTHUB_CLIENT_CONFIRMATION_OK"
7560,10408281015,10408281052,1,"IOTHUB_CLIENT_CONFIRMATION_OK"
7561,10408281215,10408281252,1,"IOTHUB_CLIENT_CONFIRMATION_OK"
7562,10408281415,10408281539,1,"IOTHUB_CLIENT_CONFIRMATION_OK"
7563,10408281615,10408281736,1,"IOTHUB_CLIENT_CONFIRMATION_OK"
7564,10408281815,10408281869,1,"IOTHUB_CLIENT_CONFIRMATION_OK"
7565,10408282016,10408282165,1,"IOTHUB_CLIENT_CONFIRMATION_OK"
7566,10408282216,10408282274,1,"IOTHUB_CLIENT_CONFIRMATION_OK"
7567,10408282416,10408282464,1,"IOTHUB_CLIENT_CONFIRMATION_OK"
7568,10408282616,10408282697,1,"IOTHUB_CLIENT_CONFIRMATION_OK"
7569,10408282816,10408282883,1,"IOTHUB_CLIENT_CONFIRMATION_OK"
7570,10408283016,10408283171,1,"IOTHUB_CLIENT_CONFIRMATION_OK"
7571,10408283217,10408283257,1,"IOTHUB_CLIENT_CONFIRMATION_OK"
7572,10408283417,10408283460,1,"IOTHUB_CLIENT_CONFIRMATION_OK"
7573,10408283617,10408283676,1,"IOTHUB_CLIENT_CONFIRMATION_OK"
7574,10408283817,10408283862,1,"IOTHUB_CLIENT_CONFIRMATION_OK"
7575,10408284017,10408284061,1,"IOTHUB_CLIENT_CONFIRMATION_OK"
7576,10408284217,10408284269,1,"IOTHUB_CLIENT_CONFIRMATION_OK"
7577,10408284418,10408284456,1,"IOTHUB_CLIENT_CONFIRMATION_OK"
7578,10408284618,10408284793,1,"IOTHUB_CLIENT_CONFIRMATION_OK"
7579,10408284818,10408284917,1,"IOTHUB_CLIENT_CONFIRMATION_OK"
7580,10408285018,10408285066,1,"IOTHUB_CLIENT_CONFIRMATION_OK"
7581,10408285218,10408285262,1,"IOTHUB_CLIENT_CONFIRMATION_OK"
7582,10408285418,10408285486,1,"IOTHUB_CLIENT_CONFIRMATION_OK"
7583,10408285619,10408285817,1,"IOTHUB_CLIENT_CONFIRMATION_OK"
7584,10408285819,10408285864,1,"IOTHUB_CLIENT_CONFIRMATION_OK"
7585,10408286019,10408286068,1,"IOTHUB_CLIENT_CONFIRMATION_OK"
7586,10408286219,10408286269,1,"IOTHUB_CLIENT_CONFIRMATION_OK"
7587,10408286419,10408286464,1,"IOTHUB_CLIENT_CONFIRMATION_OK"
7588,10408286619,10408286675,1,"IOTHUB_CLIENT_CONFIRMATION_OK"
7589,10408286820,10408286861,1,"IOTHUB_CLIENT_CONFIRMATION_OK"
7590,10408287020,10408287101,1,"IOTHUB_CLIENT_CONFIRMATION_OK"
7591,10408287220,10408287434,1,"IOTHUB_CLIENT_CONFIRMATION_OK"
7592,10408287420,10408287475,1,"IOTHUB_CLIENT_CONFIRMATION_OK"
7593,10408287620,10408287681,1,"IOTHUB_CLIENT_CONFIRMATION_OK"
7594,10408287820,10408287863,1,"IOTHUB_CLIENT_CONFIRMATION_OK"
7595,10408288021,10408288068,1,"IOTHUB_CLIENT_CONFIRMATION_OK"
7596,10408288221,10408288260,1,"IOTHUB_CLIENT_CONFIRMATION_OK"
7597,10408288421,10408288466,1,"IOTHUB_CLIENT_CONFIRMATION_OK"
7598,10408288621,10408288670,1,"IOTHUB_CLIENT_CONFIRMATION_OK"
7599,10408288821,10408288878,1,"IOTHUB_CLIENT_CONFIRMATION_OK"
7600,10408289021,10408289070,1,"IOTHUB_CLIENT_CONFIRMATION_OK"
7601,10408289222,10408289299,1,"IOTHUB_CLIENT_CONFIRMATION_OK"
7602,10408289422,10408289474,1,"IOTHUB_CLIENT_CONFIRMATION_OK"
7603,10408289622,10408289661,1,"IOTHUB_CLIENT_CONFIRMATION_OK"
7604,10408289822,10408289858,1,"IOTHUB_CLIENT_CONFIRMATION_OK"
7605,10408290022,10408290140,1,"IOTHUB_CLIENT_CONFIRMATION_OK"
7606,10408290222,10408290264,1,"IOTHUB_CLIENT_CONFIRMATION_OK"
7607,10408290423,10408290481,1,"IOTHUB_CLIENT_CONFIRMATION_OK"
7608,10408290623,10408290690,1,"IOTHUB_CLIENT_CONFIRMATION_OK"
7609,10408290823,10408290865,1,"IOTHUB_CLIENT_CONFIRMATION_OK"
7610,10408291023,10408291087,1,"IOTHUB_CLIENT_CONFIRMATION_OK"
7611,10408291223,10408291264,1,"IOTHUB_CLIENT_CONFIRMATION_OK"
7612,10408291423,10408291525,1,"IOTHUB_CLIENT_CONFIRMATION_OK"
7613,10408291624,10408291672,1,"IOTHUB_CLIENT_CONFIRMATION_OK"
7614,10408291824,10408291883,1,"IOTHUB_CLIENT_CONFIRMATION_OK"
7615,10408292024,10408292121,1,"IOTHUB_CLIENT_CONFIRMATION_OK"
7616,10408292224,10408292295,1,"IOTHUB_CLIENT_CONFIRMATION_OK"
7617,10408292424,10408292466,1,"IOTHUB_CLIENT_CONFIRMATION_OK"
7618,10408292624,10408292667,1,"IOTHUB_CLIENT_CONFIRMATION_OK"
7619,10408292825,10408292921,1,"IOTHUB_CLIENT_CONFIRMATION_OK"
7620,10408293025,10408293121,1,"IOTHUB_CLIENT_CONFIRMATION_OK"
7621,10408293225,10408293260,1,"IOTHUB_CLIENT_CONFIRMATION_OK"
7622,10408293425,10408293466,1,"IOTHUB_CLIENT_CONFIRMATION_OK"
7623,10408293625,10408293740,1,"IOTHUB_CLIENT_CONFIRMATION_OK"
7624,10408293825,10408293869,1,"IOTHUB_CLIENT_CONFIRMATION_OK"
7625,10408294026,10408294066,1,"IOTHUB_CLIENT_CONFIRMATION_OK"
7626,10408294226,10408294293,1,"IOTHUB_CLIENT_CONFIRMATION_OK"
7627,10408294426,10408294469,1,"IOTHUB_CLIENT_CONFIRMATION_OK"
7628,10408294626,10408294748,1,"IOTHUB_CLIENT_CONFIRMATION_OK"
7629,10408294826,10408294870,1,"IOTHUB_CLIENT_CONFIRMATION_OK"
7630,10408295026,10408295130,1,"IOTHUB_CLIENT_CONFIRMATION_OK"
7631,10408295227,10408295267,1,"IOTHUB_CLIENT_CONFIRMATION_OK"
7632,10408295427,10408295472,1,"IOTHUB_CLIENT_CONFIRMATION_OK"
7633,10408295627,10408295791,1,"IOTHUB_CLIENT_CONFIRMATION_OK"
7634,10408295827,10408295873,1,"IOTHUB_CLIENT_CONFIRMATION_OK"
7635,10408296027,10408296070,1,"IOTHUB_CLIENT_CONFIRMATION_OK"
7636,10408296227,10408296314,1,"IOTHUB_CLIENT_CONFIRMATION_OK"
7637,10408296427,10408296464,1,"IOTHUB_CLIENT_CONFIRMATION_OK"
7638,10408296628,10408296671,1,"IOTHUB_CLIENT_CONFIRMATION_OK"
7639,10408296828,10408296867,1,"IOTHUB_CLIENT_CONFIRMATION_OK"
7640,10408297028,10408297070,1,"IOTHUB_CLIENT_CONFIRMATION_OK"
7641,10408297228,10408297457,1,"IOTHUB_CLIENT_CONFIRMATION_OK"
7642,10408297428,10408297482,1,"IOTHUB_CLIENT_CONFIRMATION_OK"
7643,10408297628,10408297677,1,"IOTHUB_CLIENT_CONFIRMATION_OK"
7644,10408297828,10408297870,1,"IOTHUB_CLIENT_CONFIRMATION_OK"
7645,10408298029,10408298076,1,"IOTHUB_CLIENT_CONFIRMATION_OK"
7646,10408298229,10408298268,1,"IOTHUB_CLIENT_CONFIRMATION_OK"
7647,10408298429,10408298472,1,"IOTHUB_CLIENT_CONFIRMATION_OK"
7648,10408298629,10408298667,1,"IOTHUB_CLIENT_CONFIRMATION_OK"
7649,10408298829,10408298876,1,"IOTHUB_CLIENT_CONFIRMATION_OK"
7650,10408299029,10408299080,1,"IOTHUB_CLIENT_CONFIRMATION_OK"
7651,10408299230,10408299341,1,"IOTHUB_CLIENT_CONFIRMATION_OK"
7652,10408299430,10408299549,1,"IOTHUB_CLIENT_CONFIRMATION_OK"
7653,10408299630,10408299677,1,"IOTHUB_CLIENT_CONFIRMATION_OK"
7654,10408299830,10408299947,1,"IOTHUB_CLIENT_CONFIRMATION_OK"
7655,10408300030,10408300065,1,"IOTHUB_CLIENT_CONFIRMATION_OK"
7656,10408300230,10408300286,1,"IOTHUB_CLIENT_CONFIRMATION_OK"
7657,10408300431,10408300566,1,"IOTHUB_CLIENT_CONFIRMATION_OK"
7658,10408300631,10408300701,1,"IOTHUB_CLIENT_CONFIRMATION_OK"
7659,10408300831,10408300870,1,"IOTHUB_CLIENT_CONFIRMATION_OK"
7660,10408301031,10408301072,1,"IOTHUB_CLIENT_CONFIRMATION_OK"
7661,10408301231,10408301273,1,"IOTHUB_CLIENT_CONFIRMATION_OK"
7662,10408301431,10408301575,1,"IOTHUB_CLIENT_CONFIRMATION_OK"
7663,10408301632,10408301715,1,"IOTHUB_CLIENT_CONFIRMATION_OK"
7664,10408301832,10408301879,1,"IOTHUB_CLIENT_CONFIRMATION_OK"
7665,10408302032,10408302074,1,"IOTHUB_CLIENT_CONFIRMATION_OK"
7666,10408302232,10408302274,1,"IOTHUB_CLIENT_CONFIRMATION_OK"
7667,10408302432,10408302480,1,"IOTHUB_CLIENT_CONFIRMATION_OK"
7668,10408302632,10408302679,1,"IOTHUB_CLIENT_CONFIRMATION_OK"
7669,10408302833,10408302876,1,"IOTHUB_CLIENT_CONFIRMATION_OK"
7670,10408303033,10408303199,1,"IOTHUB_CLIENT_CONFIRMATION_OK"
7671,10408303233,10408303269,1,"IOTHUB_CLIENT_CONFIRMATION_OK"
7672,10408303433,10408303470,1,"IOTHUB_CLIENT_CONFIRMATION_OK"
7673,10408303633,10408303709,1,"IOTHUB_CLIENT_CONFIRMATION_OK"
7674,10408303833,10408303960,1,"IOTHUB_CLIENT_CONFIRMATION_OK"
7675,10408304033,10408304075,1,"IOTHUB_CLIENT_CONFIRMATION_OK"
7676,10408304234,10408304273,1,"IOTHUB_CLIENT_CONFIRMATION_OK"
7677,10408304434,10408304496,1,"IOTHUB_CLIENT_CONFIRMATION_OK"
7678,10408304634,10408304676,1,"IOTHUB_CLIENT_CONFIRMATION_OK"
7679,10408304834,10408304877,1,"IOTHUB_CLIENT_CONFIRMATION_OK"
7680,10408305034,10408305082,1,"IOTHUB_CLIENT_CONFIRMATION_OK"
7681,10408305234,10408305343,1,"IOTHUB_CLIENT_CONFIRMATION_OK"
7682,10408305435,10408305477,1,"IOTHUB_CLIENT_CONFIRMATION_OK"
7683,10408305635,10408305746,1,"IOTHUB_CLIENT_CONFIRMATION_OK"
7684,10408305835,10408305883,1,"IOTHUB_CLIENT_CONFIRMATION_OK"
7685,10408306035,10408306073,1,"IOTHUB_CLIENT_CONFIRMATION_OK"
7686,10408306235,10408306383,1,"IOTHUB_CLIENT_CONFIRMATION_OK"
7687,10408306435,10408306481,1,"IOTHUB_CLIENT_CONFIRMATION_OK"
7688,10408306635,10408306674,1,"IOTHUB_CLIENT_CONFIRMATION_OK"
7689,10408306836,10408306874,1,"IOTHUB_CLIENT_CONFIRMATION_OK"
7690,10408307036,10408307114,1,"IOTHUB_CLIENT_CONFIRMATION_OK"
7691,10408307236,10408307373,1,"IOTHUB_CLIENT_CONFIRMATION_OK"
7692,10408307436,10408307474,1,"IOTHUB_CLIENT_CONFIRMATION_OK"
7693,10408307636,10408307681,1,"IOTHUB_CLIENT_CONFIRMATION_OK"
7694,10408307836,10408307874,1,"IOTHUB_CLIENT_CONFIRMATION_OK"
7695,10408308037,10408308091,1,"IOTHUB_CLIENT_CONFIRMATION_OK"
7696,10408308237,10408308300,1,"IOTHUB_CLIENT_CONFIRMATION_OK"
7697,10408308437,10408308475,1,"IOTHUB_CLIENT_CONFIRMATION_OK"
7698,10408308637,10408308708,1,"IOTHUB_CLIENT_CONFIRMATION_OK"
7699,10408308837,10408308886,1,"IOTHUB_CLIENT_CONFIRMATION_OK"
7700,10408309037,10408309077,1,"IOTHUB_CLIENT_CONFIRMATION_OK"
7701,10408309238,10408309272,1,"IOTHUB_CLIENT_CONFIRMATION_OK"
7702,10408309438,10408309546,1,"IOTHUB_CLIENT_CONFIRMATION_OK"
7703,10408309638,10408309687,1,"IOTHUB_CLIENT_CONFIRMATION_OK"
7704,10408309838,10408309920,1,"IOTHUB_CLIENT_CONFIRMATION_OK"
7705,10408310038,10408310085,1,"IOTHUB_CLIENT_CONFIRMATION_OK"
7706,10408310238,10408310324,1,"IOTHUB_CLIENT_CONFIRMATION_OK"
7707,10408310439,10408310529,1,"IOTHUB_CLIENT_CONFIRMATION_OK"
7708,10408310639,10408310679,1,"IOTHUB_CLIENT_CONFIRMATION_OK"
7709,10408310839,10408310884,1,"IOTHUB_CLIENT_CONFIRMATION_OK"
7710,10408311039,10408311077,1,"IOTHUB_CLIENT_CONFIRMATION_OK"
7711,10408311239,10408311284,1,"IOTHUB_CLIENT_CONFIRMATION_OK"
7712,10408311439,10408311544,1,"IOTHUB_CLIENT_CONFIRMATION_OK"
7713,10408311640,10408311689,1,"IOTHUB_CLIENT_CONFIRMATION_OK"
7714,10408311840,10408311916,1,"IOTHUB_CLIENT_CONFIRMATION_OK"
7715,10408312040,10408312155,1,"IOTHUB_CLIENT_CONFIRMATION_OK"
7716,10408312240,10408312277,1,"IOTHUB_CLIENT_CONFIRMATION_OK"
7717,10408312440,10408312518,1,"IOTHUB_CLIENT_CONFIRMATION_OK"
7718,10408312640,10408312699,1,"IOTHUB_CLIENT_CONFIRMATION_OK"
7719,10408312840,10408312887,1,"IOTHUB_CLIENT_CONFIRMATION_OK"
7720,10408313041,10408313170,1,"IOTHUB_CLIENT_CONFIRMATION_OK"
7721,10408313241,10408313293,1,"IOTHUB_CLIENT_CONFIRMATION_OK"
7722,10408313441,10408313483,1,"IOTHUB_CLIENT_CONFIRMATION_OK"
7723,10408313641,10408313688,1,"IOTHUB_CLIENT_CONFIRMATION_OK"
7724,10408313841,10408313881,1,"IOTHUB_CLIENT_CONFIRMATION_OK"
7725,10408314041,10408314085,1,"IOTHUB_CLIENT_CONFIRMATION_OK"
7726,10408314242,10408314295,1,"IOTHUB_CLIENT_CONFIRMATION_OK"
7727,10408314442,10408314529,1,"IOTHUB_CLIENT_CONFIRMATION_OK"
7728,10408314642,10408314717,1,"IOTHUB_CLIENT_CONFIRMATION_OK"
7729,10408314842,10408314886,1,"IOTHUB_CLIENT_CONFIRMATION_OK"
7730,10408315042,10408315084,1,"IOTHUB_CLIENT_CONFIRMATION_OK"
7731,10408315242,10408315336,1,"IOTHUB_CLIENT_CONFIRMATION_OK"
7732,10408315443,10408315481,1,"IOTHUB_CLIENT_CONFIRMATION_OK"
7733,10408315643,10408315728,1,"IOTHUB_CLIENT_CONFIRMATION_OK"
7734,10408315843,10408315883,1,"IOTHUB_CLIENT_CONFIRMATION_OK"
7735,10408316043,10408316083,1,"IOTHUB_CLIENT_CONFIRMATION_OK"
7736,10408316243,10408316355,1,"IOTHUB_CLIENT_CONFIRMATION_OK"
7737,10408316443,10408316480,1,"IOTHUB_CLIENT_CONFIRMATION_OK"
7738,10408316643,10408316681,1,"IOTHUB_CLIENT_CONFIRMATION_OK"
7739,10408316844,10408316887,1,"IOTHUB_CLIENT_CONFIRMATION_OK"
7740,10408317044,10408317083,1,"IOTHUB_CLIENT_CONFIRMATION_OK"
7741,10408317244,10408317378,1,"IOTHUB_CLIENT_CONFIRMATION_OK"
7742,10408317444,10408317490,1,"IOTHUB_CLIENT_CONFIRMATION_OK"
7743,10408317644,10408317685,1,"IOTHUB_CLIENT_CONFIRMATION_OK"
7744,10408317844,10408317925,1,"IOTHUB_CLIENT_CONFIRMATION_OK"
7745,10408318045,10408318090,1,"IOTHUB_CLIENT_CONFIRMATION_OK"
7746,10408318245,10408318302,1,"IOTHUB_CLIENT_CONFIRMATION_OK"
7747,10408318445,10408318492,1,"IOTHUB_CLIENT_CONFIRMATION_OK"
7748,10408318645,10408318693,1,"IOTHUB_CLIENT_CONFIRMATION_OK"
7749,10408318845,10408319042,1,"IOTHUB_CLIENT_CONFIRMATION_OK"
7750,10408319045,10408319088,1,"IOTHUB_CLIENT_CONFIRMATION_OK"
7751,10408319245,10408319288,1,"IOTHUB_CLIENT_CONFIRMATION_OK"
7752,10408319446,10408319489,1,"IOTHUB_CLIENT_CONFIRMATION_OK"
7753,10408319646,10408319688,1,"IOTHUB_CLIENT_CONFIRMATION_OK"
7754,10408319846,10408320056,1,"IOTHUB_CLIENT_CONFIRMATION_OK"
7755,10408320046,10408320093,1,"IOTHUB_CLIENT_CONFIRMATION_OK"
7756,10408320246,10408320290,1,"IOTHUB_CLIENT_CONFIRMATION_OK"
7757,10408320446,10408320483,1,"IOTHUB_CLIENT_CONFIRMATION_OK"
7758,10408320647,10408320688,1,"IOTHUB_CLIENT_CONFIRMATION_OK"
7759,10408320847,10408320900,1,"IOTHUB_CLIENT_CONFIRMATION_OK"
7760,10408321047,10408321083,1,"IOTHUB_CLIENT_CONFIRMATION_OK"
7761,10408321247,10408321292,1,"IOTHUB_CLIENT_CONFIRMATION_OK"
7762,10408321447,10408321492,1,"IOTHUB_CLIENT_CONFIRMATION_OK"
7763,10408321647,10408321705,1,"IOTHUB_CLIENT_CONFIRMATION_OK"
7764,10408321848,10408321894,1,"IOTHUB_CLIENT_CONFIRMATION_OK"
7765,10408322048,10408322104,1,"IOTHUB_CLIENT_CONFIRMATION_OK"
7766,10408322248,10408322287,1,"IOTHUB_CLIENT_CONFIRMATION_OK"
7767,10408322448,10408322493,1,"IOTHUB_CLIENT_CONFIRMATION_OK"
7768,10408322648,10408322716,1,"IOTHUB_CLIENT_CONFIRMATION_OK"
7769,10408322848,10408322905,1,"IOTHUB_CLIENT_CONFIRMATION_OK"
7770,10408323048,10408323139,1,"IOTHUB_CLIENT_CONFIRMATION_OK"
7771,10408323249,10408323327,1,"IOTHUB_CLIENT_CONFIRMATION_OK"
7772,10408323449,10408323500,1,"IOTHUB_CLIENT_CONFIRMATION_OK"
7773,10408323649,10408323718,1,"IOTHUB_CLIENT_CONFIRMATION_OK"
7774,10408323849,10408323896,1,"IOTHUB_CLIENT_CONFIRMATION_OK"
7775,10408324049,10408324089,1,"IOTHUB_CLIENT_CONFIRMATION_OK"
7776,10408324249,10408324302,1,"IOTHUB_CLIENT_CONFIRMATION_OK"
7777,10408324450,10408324489,1,"IOTHUB_CLIENT_CONFIRMATION_OK"
7778,10408324650,10408324753,1,"IOTHUB_CLIENT_CONFIRMATION_OK"
7779,10408324850,10408324911,1,"IOTHUB_CLIENT_CONFIRMATION_OK"
7780,10408325050,10408325097,1,"IOTHUB_CLIENT_CONFIRMATION_OK"
7781,10408325250,10408325297,1,"IOTHUB_CLIENT_CONFIRMATION_OK"
7782,10408325450,10408325490,1,"IOTHUB_CLIENT_CONFIRMATION_OK"
7783,10408325650,10408325786,1,"IOTHUB_CLIENT_CONFIRMATION_OK"
7784,10408325851,10408325888,1,"IOTHUB_CLIENT_CONFIRMATION_OK"
7785,10408326051,10408326098,1,"IOTHUB_CLIENT_CONFIRMATION_OK"
7786,10408326251,10408326441,1,"IOTHUB_CLIENT_CONFIRMATION_OK"
7787,10408326451,10408326512,1,"IOTHUB_CLIENT_CONFIRMATION_OK"
7788,10408326651,10408326697,1,"IOTHUB_CLIENT_CONFIRMATION_OK"
7789,10408326851,10408326919,1,"IOTHUB_CLIENT_CONFIRMATION_OK"
7790,10408327051,10408327105,1,"IOTHUB_CLIENT_CONFIRMATION_OK"
7791,10408327252,10408327498,1,"IOTHUB_CLIENT_CONFIRMATION_OK"
7792,10408327452,10408327526,1,"IOTHUB_CLIENT_CONFIRMATION_OK"
7793,10408327652,10408327711,1,"IOTHUB_CLIENT_CONFIRMATION_OK"
7794,10408327852,10408327896,1,"IOTHUB_CLIENT_CONFIRMATION_OK"
7795,10408328052,10408328089,1,"IOTHUB_CLIENT_CONFIRMATION_OK"
7796,10408328252,10408328300,1,"IOTHUB_CLIENT_CONFIRMATION_OK"
7797,10408328453,10408328500,1,"IOTHUB_CLIENT_CONFIRMATION_OK"
7798,10408328653,10408328723,1,"IOTHUB_CLIENT_CONFIRMATION_OK"
7799,10408328853,10408328922,1,"IOTHUB_CLIENT_CONFIRMATION_OK"
7800,10408329053,10408329105,1,"IOTHUB_CLIENT_CONFIRMATION_OK"
7801,10408329253,10408329325,1,"IOTHUB_CLIENT_CONFIRMATION_OK"
7802,10408329453,10408329503,1,"IOTHUB_CLIENT_CONFIRMATION_OK"
7803,10408329653,10408329715,1,"IOTHUB_CLIENT_CONFIRMATION_OK"
7804,10408329854,10408329932,1,"IOTHUB_CLIENT_CONFIRMATION_OK"
7805,10408330054,10408330133,1,"IOTHUB_CLIENT_CONFIRMATION_OK"
7806,10408330254,10408330295,1,"IOTHUB_CLIENT_CONFIRMATION_OK"
7807,10408330454,10408330531,1,"IOTHUB_CLIENT_CONFIRMATION_OK"
7808,10408330654,10408330748,1,"IOTHUB_CLIENT_CONFIRMATION_OK"
7809,10408330854,10408330901,1,"IOTHUB_CLIENT_CONFIRMATION_OK"
7810,10408331055,10408331156,1,"IOTHUB_CLIENT_CONFIRMATION_OK"
7811,10408331255,10408331311,1,"IOTHUB_CLIENT_CONFIRMATION_OK"
7812,10408331455,10408331544,1,"IOTHUB_CLIENT_CONFIRMATION_OK"
7813,10408331655,10408331698,1,"IOTHUB_CLIENT_CONFIRMATION_OK"
7814,10408331855,10408331917,1,"IOTHUB_CLIENT_CONFIRMATION_OK"
7815,10408332055,10408332171,1,"IOTHUB_CLIENT_CONFIRMATION_OK"
7816,10408332256,10408332312,1,"IOTHUB_CLIENT_CONFIRMATION_OK"
7817,10408332456,10408332498,1,"IOTHUB_CLIENT_CONFIRMATION_OK"
7818,10408332656,10408332698,1,"IOTHUB_CLIENT_CONFIRMATION_OK"
7819,10408332856,10408332893,1,"IOTHUB_CLIENT_CONFIRMATION_OK"
7820,10408333056,10408333193,1,"IOTHUB_CLIENT_CONFIRMATION_OK"
7821,10408333256,10408333293,1,"IOTHUB_CLIENT_CONFIRMATION_OK"
7822,10408333457,10408333527,1,"IOTHUB_CLIENT_CONFIRMATION_OK"
7823,10408333657,10408333702,1,"IOTHUB_CLIENT_CONFIRMATION_OK"
7824,10408333857,10408333902,1,"IOTHUB_CLIENT_CONFIRMATION_OK"
7825,10408334057,10408334166,1,"IOTHUB_CLIENT_CONFIRMATION_OK"
7826,10408334257,10408334304,1,"IOTHUB_CLIENT_CONFIRMATION_OK"
7827,10408334457,10408334507,1,"IOTHUB_CLIENT_CONFIRMATION_OK"
7828,10408334658,10408334690,1,"IOTHUB_CLIENT_CONFIRMATION_OK"
7829,10408334858,10408334899,1,"IOTHUB_CLIENT_CONFIRMATION_OK"
7830,10408335058,10408335111,1,"IOTHUB_CLIENT_CONFIRMATION_OK"
7831,10408335258,10408335299,1,"IOTHUB_CLIENT_CONFIRMATION_OK"
7832,10408335458,10408335499,1,"IOTHUB_CLIENT_CONFIRMATION_OK"
7833,10408335658,10408335861,1,"IOTHUB_CLIENT_CONFIRMATION_OK"
7834,10408335858,10408335898,1,"IOTHUB_CLIENT_CONFIRMATION_OK"
7835,10408336059,10408336099,1,"IOTHUB_CLIENT_CONFIRMATION_OK"
7836,10408336259,10408336302,1,"IOTHUB_CLIENT_CONFIRMATION_OK"
7837,10408336459,10408336497,1,"IOTHUB_CLIENT_CONFIRMATION_OK"
7838,10408336659,10408336716,1,"IOTHUB_CLIENT_CONFIRMATION_OK"
7839,10408336859,10408336931,1,"IOTHUB_CLIENT_CONFIRMATION_OK"
7840,10408337059,10408337131,1,"IOTHUB_CLIENT_CONFIRMATION_OK"
7841,10408337260,10408337328,1,"IOTHUB_CLIENT_CONFIRMATION_OK"
7842,10408337460,10408337496,1,"IOTHUB_CLIENT_CONFIRMATION_OK"
7843,10408337660,10408337700,1,"IOTHUB_CLIENT_CONFIRMATION_OK"
7844,10408337860,10408337949,1,"IOTHUB_CLIENT_CONFIRMATION_OK"
7845,10408338060,10408338104,1,"IOTHUB_CLIENT_CONFIRMATION_OK"
7846,10408338260,10408338325,1,"IOTHUB_CLIENT_CONFIRMATION_OK"
7847,10408338461,10408338538,1,"IOTHUB_CLIENT_CONFIRMATION_OK"
7848,10408338661,10408338712,1,"IOTHUB_CLIENT_CONFIRMATION_OK"
7849,10408338861,10408338965,1,"IOTHUB_CLIENT_CONFIRMATION_OK"
7850,10408339061,10408339098,1,"IOTHUB_CLIENT_CONFIRMATION_OK"
7851,10408339261,10408339334,1,"IOTHUB_CLIENT_CONFIRMATION_OK"
7852,10408339461,10408339521,1,"IOTHUB_CLIENT_CONFIRMATION_OK"
7853,10408339662,10408339713,1,"IOTHUB_CLIENT_CONFIRMATION_OK"
7854,10408339862,10408339999,1,"IOTHUB_CLIENT_CONFIRMATION_OK"
7855,10408340062,10408340109,1,"IOTHUB_CLIENT_CONFIRMATION_OK"
7856,10408340262,10408340306,1,"IOTHUB_CLIENT_CONFIRMATION_OK"
7857,10408340462,10408340614,1,"IOTHUB_CLIENT_CONFIRMATION_OK"
7858,10408340662,10408340706,1,"IOTHUB_CLIENT_CONFIRMATION_OK"
7859,10408340862,10408340903,1,"IOTHUB_CLIENT_CONFIRMATION_OK"
7860,10408341063,10408341101,1,"IOTHUB_CLIENT_CONFIRMATION_OK"
7861,10408341263,10408341304,1,"IOTHUB_CLIENT_CONFIRMATION_OK"
7862,10408341463,10408341632,1,"IOTHUB_CLIENT_CONFIRMATION_OK"
7863,10408341663,10408341708,1,"IOTHUB_CLIENT_CONFIRMATION_OK"
7864,10408341863,10408341905,1,"IOTHUB_CLIENT_CONFIRMATION_OK"
7865,10408342063,10408342108,1,"IOTHUB_CLIENT_CONFIRMATION_OK"
7866,10408342263,10408342344,1,"IOTHUB_CLIENT_CONFIRMATION_OK"
7867,10408342464,10408342542,1,"IOTHUB_CLIENT_CONFIRMATION_OK"
7868,10408342664,10408342711,1,"IOTHUB_CLIENT_CONFIRMATION_OK"
7869,10408342864,10408342912,1,"IOTHUB_CLIENT_CONFIRMATION_OK"
7870,10408343064,10408343269,1,"IOTHUB_CLIENT_CONFIRMATION_OK"
7871,10408343264,10408343310,1,"IOTHUB_CLIENT_CONFIRMATION_OK"
7872,10408343464,10408343502,1,"IOTHUB_CLIENT_CONFIRMATION_OK"
7873,10408343665,10408343712,1,"IOTHUB_CLIENT_CONFIRMATION_OK"
7874,10408343865,10408343920,1,"IOTHUB_CLIENT_CONFIRMATION_OK"
7875,10408344065,10408344107,1,"IOTHUB_CLIENT_CONFIRMATION_OK"
7876,10408344265,10408344367,1,"IOTHUB_CLIENT_CONFIRMATION_OK"
7877,10408344465,10408344502,1,"IOTHUB_CLIENT_CONFIRMATION_OK"
7878,10408344665,10408344756,1,"IOTHUB_CLIENT_CONFIRMATION_OK"
7879,10408344866,10408344909,1,"IOTHUB_CLIENT_CONFIRMATION_OK"
7880,10408345066,10408345120,1,"IOTHUB_CLIENT_CONFIRMATION_OK"
7881,10408345266,10408345431,1,"IOTHUB_CLIENT_CONFIRMATION_OK"
7882,10408345466,10408345520,1,"IOTHUB_CLIENT_CONFIRMATION_OK"
7883,10408345666,10408345856,1,"IOTHUB_CLIENT_CONFIRMATION_OK"
7884,10408345866,10408345917,1,"IOTHUB_CLIENT_CONFIRMATION_OK"
7885,10408346067,10408346120,1,"IOTHUB_CLIENT_CONFIRMATION_OK"
7886,10408346267,10408346310,1,"IOTHUB_CLIENT_CONFIRMATION_OK"
7887,10408346467,10408346510,1,"IOTHUB_CLIENT_CONFIRMATION_OK"
7888,10408346667,10408346716,1,"IOTHUB_CLIENT_CONFIRMATION_OK"
7889,10408346867,10408346924,1,"IOTHUB_CLIENT_CONFIRMATION_OK"
7890,10408347067,10408347115,1,"IOTHUB_CLIENT_CONFIRMATION_OK"
7891,10408347267,10408347476,1,"IOTHUB_CLIENT_CONFIRMATION_OK"
7892,10408347468,10408347509,1,"IOTHUB_CLIENT_CONFIRMATION_OK"
7893,10408347668,10408347748,1,"IOTHUB_CLIENT_CONFIRMATION_OK"
7894,10408347868,10408347915,1,"IOTHUB_CLIENT_CONFIRMATION_OK"
7895,10408348068,10408348119,1,"IOTHUB_CLIENT_CONFIRMATION_OK"
7896,10408348268,10408348315,1,"IOTHUB_CLIENT_CONFIRMATION_OK"
7897,10408348468,10408348518,1,"IOTHUB_CLIENT_CONFIRMATION_OK"
7898,10408348669,10408348702,1,"IOTHUB_CLIENT_CONFIRMATION_OK"
7899,10408348869,10408348944,1,"IOTHUB_CLIENT_CONFIRMATION_OK"
7900,10408349069,10408349110,1,"IOTHUB_CLIENT_CONFIRMATION_OK"
7901,10408349269,10408349311,1,"IOTHUB_CLIENT_CONFIRMATION_OK"
7902,10408349469,10408349549,1,"IOTHUB_CLIENT_CONFIRMATION_OK"
7903,10408349669,10408349712,1,"IOTHUB_CLIENT_CONFIRMATION_OK"
7904,10408349870,10408349954,1,"IOTHUB_CLIENT_CONFIRMATION_OK"
7905,10408350070,10408350124,1,"IOTHUB_CLIENT_CONFIRMATION_OK"
7906,10408350270,10408350323,1,"IOTHUB_CLIENT_CONFIRMATION_OK"
7907,10408350470,10408350578,1,"IOTHUB_CLIENT_CONFIRMATION_OK"
7908,10408350670,10408350751,1,"IOTHUB_CLIENT_CONFIRMATION_OK"
7909,10408350870,10408350918,1,"IOTHUB_CLIENT_CONFIRMATION_OK"
7910,10408351070,10408351110,1,"IOTHUB_CLIENT_CONFIRMATION_OK"
7911,10408351271,10408351309,1,"IOTHUB_CLIENT_CONFIRMATION_OK"
7912,10408351471,10408351522,1,"IOTHUB_CLIENT_CONFIRMATION_OK"
7913,10408351671,10408351709,1,"IOTHUB_CLIENT_CONFIRMATION_OK"
7914,10408351871,10408351923,1,"IOTHUB_CLIENT_CONFIRMATION_OK"
7915,10408352071,10408352127,1,"IOTHUB_CLIENT_CONFIRMATION_OK"
7916,10408352271,10408352312,1,"IOTHUB_CLIENT_CONFIRMATION_OK"
7917,10408352472,10408352514,1,"IOTHUB_CLIENT_CONFIRMATION_OK"
7918,10408352672,10408352758,1,"IOTHUB_CLIENT_CONFIRMATION_OK"
7919,10408352872,10408352909,1,"IOTHUB_CLIENT_CONFIRMATION_OK"
7920,10408353072,10408353145,1,"IOTHUB_CLIENT_CONFIRMATION_OK"
7921,10408353272,10408353316,1,"IOTHUB_CLIENT_CONFIRMATION_OK"
7922,10408353472,10408353541,1,"IOTHUB_CLIENT_CONFIRMATION_OK"
7923,10408353673,10408353750,1,"IOTHUB_CLIENT_CONFIRMATION_OK"
7924,10408353873,10408353935,1,"IOTHUB_CLIENT_CONFIRMATION_OK"
7925,10408354073,10408354117,1,"IOTHUB_CLIENT_CONFIRMATION_OK"
7926,10408354273,10408354315,1,"IOTHUB_CLIENT_CONFIRMATION_OK"
7927,10408354473,10408354533,1,"IOTHUB_CLIENT_CONFIRMATION_OK"
7928,10408354673,10408354793,1,"IOTHUB_CLIENT_CONFIRMATION_OK"
7929,10408354874,10408354926,1,"IOTHUB_CLIENT_CONFIRMATION_OK"
7930,10408355074,10408355127,1,"IOTHUB_CLIENT_CONFIRMATION_OK"
7931,10408355274,10408355314,1,"IOTHUB_CLIENT_CONFIRMATION_OK"
7932,10408355474,10408355516,1,"IOTHUB_CLIENT_CONFIRMATION_OK"
7933,10408355674,10408355798,1,"IOTHUB_CLIENT_CONFIRMATION_OK"
7934,10408355874,10408355921,1,"IOTHUB_CLIENT_CONFIRMATION_OK"
7935,10408356074,10408356111,1,"IOTHUB_CLIENT_CONFIRMATION_OK"
7936,10408356275,10408356408,1,"IOTHUB_CLIENT_CONFIRMATION_OK"
7937,10408356475,10408356517,1,"IOTHUB_CLIENT_CONFIRMATION_OK"
7938,10408356675,10408356718,1,"IOTHUB_CLIENT_CONFIRMATION_OK"
7939,10408356875,10408356922,1,"IOTHUB_CLIENT_CONFIRMATION_OK"
7940,10408357075,10408357129,1,"IOTHUB_CLIENT_CONFIRMATION_OK"
7941,10408357275,10408357429,1,"IOTHUB_CLIENT_CONFIRMATION_OK"
7942,10408357476,10408357518,1,"IOTHUB_CLIENT_CONFIRMATION_OK"
7943,10408357676,10408357715,1,"IOTHUB_CLIENT_CONFIRMATION_OK"
7944,10408357876,10408357929,1,"IOTHUB_CLIENT_CONFIRMATION_OK"
7945,10408358076,10408358123,1,"IOTHUB_CLIENT_CONFIRMATION_OK"
7946,10408358276,10408358316,1,"IOTHUB_CLIENT_CONFIRMATION_OK"
7947,10408358476,10408358617,1,"IOTHUB_CLIENT_CONFIRMATION_OK"
7948,10408358676,10408358717,1,"IOTHUB_CLIENT_CONFIRMATION_OK"
7949,10408358877,10408358928,1,"IOTHUB_CLIENT_CONFIRMATION_OK"
7950,10408359077,10408359114,1,"IOTHUB_CLIENT_CONFIRMATION_OK"
7951,10408359277,10408359318,1,"IOTHUB_CLIENT_CONFIRMATION_OK"
7952,10408359477,10408359519,1,"IOTHUB_CLIENT_CONFIRMATION_OK"
7953,10408359677,10408359727,1,"IOTHUB_CLIENT_CONFIRMATION_OK"
7954,10408359877,10408360135,1,"IOTHUB_CLIENT_CONFIRMATION_OK"
7955,10408360078,10408360169,1,"IOTHUB_CLIENT_CONFIRMATION_OK"
7956,10408360278,10408360318,1,"IOTHUB_CLIENT_CONFIRMATION_OK"
7957,10408360478,10408360516,1,"IOTHUB_CLIENT_CONFIRMATION_OK"
7958,10408360678,10408360719,1,"IOTHUB_CLIENT_CONFIRMATION_OK"
7959,10408360878,10408360921,1,"IOTHUB_CLIENT_CONFIRMATION_OK"
7960,10408361078,10408361158,1,"IOTHUB_CLIENT_CONFIRMATION_OK"
7961,10408361279,10408361319,1,"IOTHUB_CLIENT_CONFIRMATION_OK"
7962,10408361479,10408361541,1,"IOTHUB_CLIENT_CONFIRMATION_OK"
7963,10408361679,10408361714,1,"IOTHUB_CLIENT_CONFIRMATION_OK"
7964,10408361879,10408361915,1,"IOTHUB_CLIENT_CONFIRMATION_OK"
7965,10408362079,10408362159,1,"IOTHUB_CLIENT_CONFIRMATION_OK"
7966,10408362279,10408362322,1,"IOTHUB_CLIENT_CONFIRMATION_OK"
7967,10408362480,10408362519,1,"IOTHUB_CLIENT_CONFIRMATION_OK"
7968,10408362680,10408362734,1,"IOTHUB_CLIENT_CONFIRMATION_OK"
7969,10408362880,10408362935,1,"IOTHUB_CLIENT_CONFIRMATION_OK"
7970,10408363080,10408363159,1,"IOTHUB_CLIENT_CONFIRMATION_OK"
7971,10408363280,10408363321,1,"IOTHUB_CLIENT_CONFIRMATION_OK"
7972,10408363480,10408363514,1,"IOTHUB_CLIENT_CONFIRMATION_OK"
7973,10408363680,10408363890,1,"IOTHUB_CLIENT_CONFIRMATION_OK"
7974,10408363881,10408363932,1,"IOTHUB_CLIENT_CONFIRMATION_OK"
7975,10408364081,10408364130,1,"IOTHUB_CLIENT_CONFIRMATION_OK"
7976,10408364281,10408364331,1,"IOTHUB_CLIENT_CONFIRMATION_OK"
7977,10408364481,10408364550,1,"IOTHUB_CLIENT_CONFIRMATION_OK"
7978,10408364681,10408364813,1,"IOTHUB_CLIENT_CONFIRMATION_OK"
7979,10408364881,10408364943,1,"IOTHUB_CLIENT_CONFIRMATION_OK"
7980,10408365081,10408365124,1,"IOTHUB_CLIENT_CONFIRMATION_OK"
7981,10408365282,10408365326,1,"IOTHUB_CLIENT_CONFIRMATION_OK"
7982,10408365482,10408365520,1,"IOTHUB_CLIENT_CONFIRMATION_OK"
7983,10408365682,10408365873,1,"IOTHUB_CLIENT_CONFIRMATION_OK"
7984,10408365882,10408365930,1,"IOTHUB_CLIENT_CONFIRMATION_OK"
7985,10408366082,10408366121,1,"IOTHUB_CLIENT_CONFIRMATION_OK"
7986,10408366282,10408366325,1,"IOTHUB_CLIENT_CONFIRMATION_OK"
7987,10408366483,10408366520,1,"IOTHUB_CLIENT_CONFIRMATION_OK"
7988,10408366683,10408366732,1,"IOTHUB_CLIENT_CONFIRMATION_OK"
7989,10408366883,10408366931,1,"IOTHUB_CLIENT_CONFIRMATION_OK"
7990,10408367083,10408367122,1,"IOTHUB_CLIENT_CONFIRMATION_OK"
7991,10408367283,10408367331,1,"IOTHUB_CLIENT_CONFIRMATION_OK"
7992,10408367483,10408367528,1,"IOTHUB_CLIENT_CONFIRMATION_OK"
7993,10408367683,10408367740,1,"IOTHUB_CLIENT_CONFIRMATION_OK"
7994,10408367884,10408367931,1,"IOTHUB_CLIENT_CONFIRMATION_OK"
7995,10408368084,10408368124,1,"IOTHUB_CLIENT_CONFIRMATION_OK"
7996,10408368284,10408368327,1,"IOTHUB_CLIENT_CONFIRMATION_OK"
7997,10408368484,10408368528,1,"IOTHUB_CLIENT_CONFIRMATION_OK"
7998,10408368684,10408368727,1,"IOTHUB_CLIENT_CONFIRMATION_OK"
7999,10408368884,10408368952,1,"IOTHUB_CLIENT_CONFIRMATION_OK"
8000,10408369085,10408369197,1,"IOTHUB_CLIENT_CONFIRMATION_OK"
8001,10408369285,10408369320,1,"IOTHUB_CLIENT_CONFIRMATION_OK"
8002,10408369485,10408369528,1,"IOTHUB_CLIENT_CONFIRMATION_OK"
8003,10408369685,10408369731,1,"IOTHUB_CLIENT_CONFIRMATION_OK"
8004,10408369885,10408370031,1,"IOTHUB_CLIENT_CONFIRMATION_OK"
8005,10408370085,10408370124,1,"IOTHUB_CLIENT_CONFIRMATION_OK"
8006,10408370286,10408370316,1,"IOTHUB_CLIENT_CONFIRMATION_OK"
8007,10408370486,10408370645,1,"IOTHUB_CLIENT_CONFIRMATION_OK"
8008,10408370686,10408370724,1,"IOTHUB_CLIENT_CONFIRMATION_OK"
8009,10408370886,10408370932,1,"IOTHUB_CLIENT_CONFIRMATION_OK"
8010,10408371086,10408371132,1,"IOTHUB_CLIENT_CONFIRMATION_OK"
8011,10408371286,10408371324,1,"IOTHUB_CLIENT_CONFIRMATION_OK"
8012,10408371486,10408371676,1,"IOTHUB_CLIENT_CONFIRMATION_OK"
8013,10408371687,10408371743,1,"IOTHUB_CLIENT_CONFIRMATION_OK"
8014,10408371887,10408371924,1,"IOTHUB_CLIENT_CONFIRMATION_OK"
8015,10408372087,10408372160,1,"IOTHUB_CLIENT_CONFIRMATION_OK"
8016,10408372287,10408372326,1,"IOTHUB_CLIENT_CONFIRMATION_OK"
8017,10408372487,10408372529,1,"IOTHUB_CLIENT_CONFIRMATION_OK"
8018,10408372687,10408372727,1,"IOTHUB_CLIENT_CONFIRMATION_OK"
8019,10408372888,10408372940,1,"IOTHUB_CLIENT_CONFIRMATION_OK"
8020,10408373088,10408373291,1,"IOTHUB_CLIENT_CONFIRMATION_OK"
8021,10408373288,10408373332,1,"IOTHUB_CLIENT_CONFIRMATION_OK"
8022,10408373488,10408373530,1,"IOTHUB_CLIENT_CONFIRMATION_OK"
8023,10408373688,10408373725,1,"IOTHUB_CLIENT_CONFIRMATION_OK"
8024,10408373888,10408373928,1,"IOTHUB_CLIENT_CONFIRMATION_OK"
8025,10408374089,10408374139,1,"IOTHUB_CLIENT_CONFIRMATION_OK"
8026,10408374289,10408374369,1,"IOTHUB_CLIENT_CONFIRMATION_OK"
8027,10408374489,10408374534,1,"IOTHUB_CLIENT_CONFIRMATION_OK"
8028,10408374689,10408374789,1,"IOTHUB_CLIENT_CONFIRMATION_OK"
8029,10408374889,10408374926,1,"IOTHUB_CLIENT_CONFIRMATION_OK"
8030,10408375089,10408375243,1,"IOTHUB_CLIENT_CONFIRMATION_OK"
8031,10408375290,10408375459,1,"IOTHUB_CLIENT_CONFIRMATION_OK"
8032,10408375490,10408375529,1,"IOTHUB_CLIENT_CONFIRMATION_OK"
8033,10408375690,10408375847,1,"IOTHUB_CLIENT_CONFIRMATION_OK"
8034,10408375890,10408375928,1,"IOTHUB_CLIENT_CONFIRMATION_OK"
8035,10408376090,10408376142,1,"IOTHUB_CLIENT_CONFIRMATION_OK"
8036,10408376290,10408376337,1,"IOTHUB_CLIENT_CONFIRMATION_OK"
8037,10408376490,10408376526,1,"IOTHUB_CLIENT_CONFIRMATION_OK"
8038,10408376691,10408376732,1,"IOTHUB_CLIENT_CONFIRMATION_OK"
8039,10408376891,10408376938,1,"IOTHUB_CLIENT_CONFIRMATION_OK"
8040,10408377091,10408377138,1,"IOTHUB_CLIENT_CONFIRMATION_OK"
8041,10408377291,10408377486,1,"IOTHUB_CLIENT_CONFIRMATION_OK"
8042,10408377491,10408377528,1,"IOTHUB_CLIENT_CONFIRMATION_OK"
8043,10408377691,10408377732,1,"IOTHUB_CLIENT_CONFIRMATION_OK"
8044,10408377892,10408377940,1,"IOTHUB_CLIENT_CONFIRMATION_OK"
8045,10408378092,10408378134,1,"IOTHUB_CLIENT_CONFIRMATION_OK"
8046,10408378292,10408378333,1,"IOTHUB_CLIENT_CONFIRMATION_OK"
8047,10408378492,10408378545,1,"IOTHUB_CLIENT_CONFIRMATION_OK"
8048,10408378692,10408378741,1,"IOTHUB_CLIENT_CONFIRMATION_OK"
8049,10408378892,10408378985,1,"IOTHUB_CLIENT_CONFIRMATION_OK"
8050,10408379093,10408379131,1,"IOTHUB_CLIENT_CONFIRMATION_OK"
8051,10408379293,10408379354,1,"IOTHUB_CLIENT_CONFIRMATION_OK"
8052,10408379493,10408379593,1,"IOTHUB_CLIENT_CONFIRMATION_OK"
8053,10408379693,10408379734,1,"IOTHUB_CLIENT_CONFIRMATION_OK"
8054,10408379893,10408379990,1,"IOTHUB_CLIENT_CONFIRMATION_OK"
8055,10408380093,10408380155,1,"IOTHUB_CLIENT_CONFIRMATION_OK"
8056,10408380293,10408380330,1,"IOTHUB_CLIENT_CONFIRMATION_OK"
8057,10408380494,10408380605,1,"IOTHUB_CLIENT_CONFIRMATION_OK"
8058,10408380694,10408380736,1,"IOTHUB_CLIENT_CONFIRMATION_OK"
8059,10408380894,10408380942,1,"IOTHUB_CLIENT_CONFIRMATION_OK"
8060,10408381094,10408381163,1,"IOTHUB_CLIENT_CONFIRMATION_OK"
8061,10408381294,10408381340,1,"IOTHUB_CLIENT_CONFIRMATION_OK"
8062,10408381494,10408381641,1,"IOTHUB_CLIENT_CONFIRMATION_OK"
8063,10408381695,10408381755,1,"IOTHUB_CLIENT_CONFIRMATION_OK"
8064,10408381895,10408381942,1,"IOTHUB_CLIENT_CONFIRMATION_OK"
8065,10408382095,10408382252,1,"IOTHUB_CLIENT_CONFIRMATION_OK"
8066,10408382295,10408382339,1,"IOTHUB_CLIENT_CONFIRMATION_OK"
8067,10408382495,10408382543,1,"IOTHUB_CLIENT_CONFIRMATION_OK"
8068,10408382695,10408382742,1,"IOTHUB_CLIENT_CONFIRMATION_OK"
8069,10408382895,10408382940,1,"IOTHUB_CLIENT_CONFIRMATION_OK"
8070,10408383096,10408383271,1,"IOTHUB_CLIENT_CONFIRMATION_OK"
8071,10408383296,10408383341,1,"IOTHUB_CLIENT_CONFIRMATION_OK"
8072,10408383496,10408383543,1,"IOTHUB_CLIENT_CONFIRMATION_OK"
8073,10408383696,10408383736,1,"IOTHUB_CLIENT_CONFIRMATION_OK"
8074,10408383896,10408383935,1,"IOTHUB_CLIENT_CONFIRMATION_OK"
8075,10408384096,10408384131,1,"IOTHUB_CLIENT_CONFIRMATION_OK"
8076,10408384297,10408384342,1,"IOTHUB_CLIENT_CONFIRMATION_OK"
8077,10408384497,10408384543,1,"IOTHUB_CLIENT_CONFIRMATION_OK"
8078,10408384697,10408384737,1,"IOTHUB_CLIENT_CONFIRMATION_OK"
8079,10408384897,10408384938,1,"IOTHUB_CLIENT_CONFIRMATION_OK"
8080,10408385097,10408385142,1,"IOTHUB_CLIENT_CONFIRMATION_OK"
8081,10408385297,10408385338,1,"IOTHUB_CLIENT_CONFIRMATION_OK"
8082,10408385498,10408385549,1,"IOTHUB_CLIENT_CONFIRMATION_OK"
8083,10408385698,10408385914,1,"IOTHUB_CLIENT_CONFIRMATION_OK"
8084,10408385898,10408385936,1,"IOTHUB_CLIENT_CONFIRMATION_OK"
8085,10408386098,10408386145,1,"IOTHUB_CLIENT_CONFIRMATION_OK"
8086,10408386298,10408386336,1,"IOTHUB_CLIENT_CONFIRMATION_OK"
8087,10408386498,10408386541,1,"IOTHUB_CLIENT_CONFIRMATION_OK"
8088,10408386698,10408386738,1,"IOTHUB_CLIENT_CONFIRMATION_OK"
8089,10408386899,10408386941,1,"IOTHUB_CLIENT_CONFIRMATION_OK"
8090,10408387099,10408387150,1,"IOTHUB_CLIENT_CONFIRMATION_OK"
8091,10408387299,10408387346,1,"IOTHUB_CLIENT_CONFIRMATION_OK"
8092,10408387499,10408387552,1,"IOTHUB_CLIENT_CONFIRMATION_OK"
8093,10408387699,10408387737,1,"IOTHUB_CLIENT_CONFIRMATION_OK"
8094,10408387899,10408387963,1,"IOTHUB_CLIENT_CONFIRMATION_OK"
8095,10408388100,10408388173,1,"IOTHUB_CLIENT_CONFIRMATION_OK"
8096,10408388300,10408388347,1,"IOTHUB_CLIENT_CONFIRMATION_OK"
8097,10408388500,10408388544,1,"IOTHUB_CLIENT_CONFIRMATION_OK"
8098,10408388700,10408388806,1,"IOTHUB_CLIENT_CONFIRMATION_OK"
8099,10408388900,10408389028,1,"IOTHUB_CLIENT_CONFIRMATION_OK"
8100,10408389100,10408389153,1,"IOTHUB_CLIENT_CONFIRMATION_OK"
8101,10408389300,10408389346,1,"IOTHUB_CLIENT_CONFIRMATION_OK"
8102,10408389501,10408389541,1,"IOTHUB_CLIENT_CONFIRMATION_OK"
8103,10408389701,10408389738,1,"IOTHUB_CLIENT_CONFIRMATION_OK"
8104,10408389901,10408390097,1,"IOTHUB_CLIENT_CONFIRMATION_OK"
8105,10408390101,10408390140,1,"IOTHUB_CLIENT_CONFIRMATION_OK"
8106,10408390301,10408390354,1,"IOTHUB_CLIENT_CONFIRMATION_OK"
8107,10408390501,10408390653,1,"IOTHUB_CLIENT_CONFIRMATION_OK"
8108,10408390702,10408390741,1,"IOTHUB_CLIENT_CONFIRMATION_OK"
8109,10408390902,10408390953,1,"IOTHUB_CLIENT_CONFIRMATION_OK"
8110,10408391102,10408391152,1,"IOTHUB_CLIENT_CONFIRMATION_OK"
8111,10408391302,10408391349,1,"IOTHUB_CLIENT_CONFIRMATION_OK"
8112,10408391502,10408391700,1,"IOTHUB_CLIENT_CONFIRMATION_OK"
8113,10408391702,10408391752,1,"IOTHUB_CLIENT_CONFIRMATION_OK"
8114,10408391903,10408391956,1,"IOTHUB_CLIENT_CONFIRMATION_OK"
8115,10408392103,10408392143,1,"IOTHUB_CLIENT_CONFIRMATION_OK"
8116,10408392303,10408392345,1,"IOTHUB_CLIENT_CONFIRMATION_OK"
8117,10408392503,10408392548,1,"IOTHUB_CLIENT_CONFIRMATION_OK"
8118,10408392703,10408392753,1,"IOTHUB_CLIENT_CONFIRMATION_OK"
8119,10408392903,10408392944,1,"IOTHUB_CLIENT_CONFIRMATION_OK"
8120,10408393104,10408393328,1,"IOTHUB_CLIENT_CONFIRMATION_OK"
8121,10408393304,10408393356,1,"IOTHUB_CLIENT_CONFIRMATION_OK"
8122,10408393504,10408393557,1,"IOTHUB_CLIENT_CONFIRMATION_OK"
8123,10408393704,10408393752,1,"IOTHUB_CLIENT_CONFIRMATION_OK"
8124,10408393904,10408393945,1,"IOTHUB_CLIENT_CONFIRMATION_OK"
8125,10408394104,10408394147,1,"IOTHUB_CLIENT_CONFIRMATION_OK"
8126,10408394304,10408394354,1,"IOTHUB_CLIENT_CONFIRMATION_OK"
8127,10408394505,10408394557,1,"IOTHUB_CLIENT_CONFIRMATION_OK"
8128,10408394705,10408394754,1,"IOTHUB_CLIENT_CONFIRMATION_OK"
8129,10408394905,10408394942,1,"IOTHUB_CLIENT_CONFIRMATION_OK"
8130,10408395105,10408395388,1,"IOTHUB_CLIENT_CONFIRMATION_OK"
8131,10408395305,10408395464,1,"IOTHUB_CLIENT_CONFIRMATION_OK"
8132,10408395505,10408395554,1,"IOTHUB_CLIENT_CONFIRMATION_OK"
8133,10408395706,10408395840,1,"IOTHUB_CLIENT_CONFIRMATION_OK"
8134,10408395906,10408395941,1,"IOTHUB_CLIENT_CONFIRMATION_OK"
8135,10408396106,10408396430,1,"IOTHUB_CLIENT_CONFIRMATION_OK"
8136,10408396306,10408396449,1,"IOTHUB_CLIENT_CONFIRMATION_OK"
8137,10408396506,10408396551,1,"IOTHUB_CLIENT_CONFIRMATION_OK"
8138,10408396706,10408396742,1,"IOTHUB_CLIENT_CONFIRMATION_OK"
8139,10408396907,10408396950,1,"IOTHUB_CLIENT_CONFIRMATION_OK"
8140,10408397107,10408397171,1,"IOTHUB_CLIENT_CONFIRMATION_OK"
8141,10408397307,10408397443,1,"IOTHUB_CLIENT_CONFIRMATION_OK"
8142,10408397507,10408397550,1,"IOTHUB_CLIENT_CONFIRMATION_OK"
8143,10408397707,10408397793,1,"IOTHUB_CLIENT_CONFIRMATION_OK"
8144,10408397907,10408398044,1,"IOTHUB_CLIENT_CONFIRMATION_OK"
8145,10408398107,10408398153,1,"IOTHUB_CLIENT_CONFIRMATION_OK"
8146,10408398308,10408398351,1,"IOTHUB_CLIENT_CONFIRMATION_OK"
8147,10408398508,10408398556,1,"IOTHUB_CLIENT_CONFIRMATION_OK"
8148,10408398708,10408398767,1,"IOTHUB_CLIENT_CONFIRMATION_OK"
8149,10408398908,10408399088,1,"IOTHUB_CLIENT_CONFIRMATION_OK"
8150,10408399108,10408399157,1,"IOTHUB_CLIENT_CONFIRMATION_OK"
8151,10408399308,10408399354,1,"IOTHUB_CLIENT_CONFIRMATION_OK"
8152,10408399509,10408399550,1,"IOTHUB_CLIENT_CONFIRMATION_OK"
8153,10408399709,10408399755,1,"IOTHUB_CLIENT_CONFIRMATION_OK"
8154,10408399909,10408400981,1,"IOTHUB_CLIENT_CONFIRMATION_OK"
8155,10408400109,10408401013,1,"IOTHUB_CLIENT_CONFIRMATION_OK"
8156,10408400309,10408401037,1,"IOTHUB_CLIENT_CONFIRMATION_OK"
8157,10408400509,10408401204,1,"IOTHUB_CLIENT_CONFIRMATION_OK"
8158,10408400709,10408401233,1,"IOTHUB_CLIENT_CONFIRMATION_OK"
8159,10408400910,10408401263,1,"IOTHUB_CLIENT_CONFIRMATION_OK"
8160,10408401110,10408401404,1,"IOTHUB_CLIENT_CONFIRMATION_OK"
8161,10408401310,10408401421,1,"IOTHUB_CLIENT_CONFIRMATION_OK"
8162,10408401510,10408401611,1,"IOTHUB_CLIENT_CONFIRMATION_OK"
8163,10408401710,10408401767,1,"IOTHUB_CLIENT_CONFIRMATION_OK"
8164,10408401910,10408401962,1,"IOTHUB_CLIENT_CONFIRMATION_OK"
8165,10408402111,10408402243,1,"IOTHUB_CLIENT_CONFIRMATION_OK"
8166,10408402311,10408402367,1,"IOTHUB_CLIENT_CONFIRMATION_OK"
8167,10408402511,10408402561,1,"IOTHUB_CLIENT_CONFIRMATION_OK"
8168,10408402711,10408402750,1,"IOTHUB_CLIENT_CONFIRMATION_OK"
8169,10408402911,10408402955,1,"IOTHUB_CLIENT_CONFIRMATION_OK"
8170,10408403111,10408403257,1,"IOTHUB_CLIENT_CONFIRMATION_OK"
8171,10408403312,10408403359,1,"IOTHUB_CLIENT_CONFIRMATION_OK"
8172,10408403512,10408403557,1,"IOTHUB_CLIENT_CONFIRMATION_OK"
8173,10408403712,10408403822,1,"IOTHUB_CLIENT_CONFIRMATION_OK"
8174,10408403912,10408403955,1,"IOTHUB_CLIENT_CONFIRMATION_OK"
8175,10408404112,10408404211,1,"IOTHUB_CLIENT_CONFIRMATION_OK"
8176,10408404312,10408404359,1,"IOTHUB_CLIENT_CONFIRMATION_OK"
8177,10408404512,10408404589,1,"IOTHUB_CLIENT_CONFIRMATION_OK"
8178,10408404713,10408404906,1,"IOTHUB_CLIENT_CONFIRMATION_OK"
8179,10408404913,10408404950,1,"IOTHUB_CLIENT_CONFIRMATION_OK"
8180,10408405113,10408405154,1,"IOTHUB_CLIENT_CONFIRMATION_OK"
8181,10408405313,10408405358,1,"IOTHUB_CLIENT_CONFIRMATION_OK"
8182,10408405513,10408405559,1,"IOTHUB_CLIENT_CONFIRMATION_OK"
8183,10408405713,10408405956,1,"IOTHUB_CLIENT_CONFIRMATION_OK"
8184,10408405914,10408405982,1,"IOTHUB_CLIENT_CONFIRMATION_OK"
8185,10408406114,10408406153,1,"IOTHUB_CLIENT_CONFIRMATION_OK"
8186,10408406314,10408406362,1,"IOTHUB_CLIENT_CONFIRMATION_OK"
8187,10408406514,10408406559,1,"IOTHUB_CLIENT_CONFIRMATION_OK"
8188,10408406714,10408406763,1,"IOTHUB_CLIENT_CONFIRMATION_OK"
8189,10408406914,10408406967,1,"IOTHUB_CLIENT_CONFIRMATION_OK"
8190,10408407115,10408407156,1,"IOTHUB_CLIENT_CONFIRMATION_OK"
8191,10408407315,10408407370,1,"IOTHUB_CLIENT_CONFIRMATION_OK"
8192,10408407515,10408407557,1,"IOTHUB_CLIENT_CONFIRMATION_OK"
8193,10408407715,10408407758,1,"IOTHUB_CLIENT_CONFIRMATION_OK"
8194,10408407915,10408407975,1,"IOTHUB_CLIENT_CONFIRMATION_OK"
8195,10408408116,10408408183,1,"IOTHUB_CLIENT_CONFIRMATION_OK"
8196,10408408316,10408408367,1,"IOTHUB_CLIENT_CONFIRMATION_OK"
8197,10408408516,10408408573,1,"IOTHUB_CLIENT_CONFIRMATION_OK"
8198,10408408716,10408408763,1,"IOTHUB_CLIENT_CONFIRMATION_OK"
8199,10408408916,10408408986,1,"IOTHUB_CLIENT_CONFIRMATION_OK"
8200,10408409116,10408409162,1,"IOTHUB_CLIENT_CONFIRMATION_OK"
8201,10408409316,10408409371,1,"IOTHUB_CLIENT_CONFIRMATION_OK"
8202,10408409517,10408409661,1,"IOTHUB_CLIENT_CONFIRMATION_OK"
8203,10408409717,10408409762,1,"IOTHUB_CLIENT_CONFIRMATION_OK"
8204,10408409917,10408410021,1,"IOTHUB_CLIENT_CONFIRMATION_OK"
8205,10408410117,10408410165,1,"IOTHUB_CLIENT_CONFIRMATION_OK"
8206,10408410317,10408410358,1,"IOTHUB_CLIENT_CONFIRMATION_OK"
8207,10408410517,10408410642,1,"IOTHUB_CLIENT_CONFIRMATION_OK"
8208,10408410718,10408410762,1,"IOTHUB_CLIENT_CONFIRMATION_OK"
8209,10408410918,10408410954,1,"IOTHUB_CLIENT_CONFIRMATION_OK"
8210,10408411118,10408411159,1,"IOTHUB_CLIENT_CONFIRMATION_OK"
8211,10408411318,10408411355,1,"IOTHUB_CLIENT_CONFIRMATION_OK"
8212,10408411518,10408411684,1,"IOTHUB_CLIENT_CONFIRMATION_OK"
8213,10408411718,10408411767,1,"IOTHUB_CLIENT_CONFIRMATION_OK"
8214,10408411918,10408411960,1,"IOTHUB_CLIENT_CONFIRMATION_OK"
8215,10408412119,10408412292,1,"IOTHUB_CLIENT_CONFIRMATION_OK"
8216,10408412319,10408412356,1,"IOTHUB_CLIENT_CONFIRMATION_OK"
8217,10408412519,10408412558,1,"IOTHUB_CLIENT_CONFIRMATION_OK"
8218,10408412719,10408412888,1,"IOTHUB_CLIENT_CONFIRMATION_OK"
8219,10408412919,10408412955,1,"IOTHUB_CLIENT_CONFIRMATION_OK"
8220,10408413119,10408413307,1,"IOTHUB_CLIENT_CONFIRMATION_OK"
8221,10408413320,10408413356,1,"IOTHUB_CLIENT_CONFIRMATION_OK"
8222,10408413520,10408413587,1,"IOTHUB_CLIENT_CONFIRMATION_OK"
8223,10408413720,10408413757,1,"IOTHUB_CLIENT_CONFIRMATION_OK"
8224,10408413920,10408413973,1,"IOTHUB_CLIENT_CONFIRMATION_OK"
8225,10408414120,10408414165,1,"IOTHUB_CLIENT_CONFIRMATION_OK"
8226,10408414320,10408414421,1,"IOTHUB_CLIENT_CONFIRMATION_OK"
8227,10408414521,10408414560,1,"IOTHUB_CLIENT_CONFIRMATION_OK"
8228,10408414721,10408414763,1,"IOTHUB_CLIENT_CONFIRMATION_OK"
8229,10408414921,10408414971,1,"IOTHUB_CLIENT_CONFIRMATION_OK"
8230,10408415121,10408415164,1,"IOTHUB_CLIENT_CONFIRMATION_OK"
8231,10408415321,10408415363,1,"IOTHUB_CLIENT_CONFIRMATION_OK"
8232,10408415521,10408415560,1,"IOTHUB_CLIENT_CONFIRMATION_OK"
8233,10408415721,10408415771,1,"IOTHUB_CLIENT_CONFIRMATION_OK"
8234,10408415922,10408415966,1,"IOTHUB_CLIENT_CONFIRMATION_OK"
8235,10408416122,10408416160,1,"IOTHUB_CLIENT_CONFIRMATION_OK"
8236,10408416322,10408416401,1,"IOTHUB_CLIENT_CONFIRMATION_OK"
8237,10408416522,10408416564,1,"IOTHUB_CLIENT_CONFIRMATION_OK"
8238,10408416722,10408416786,1,"IOTHUB_CLIENT_CONFIRMATION_OK"
8239,10408416922,10408417047,1,"IOTHUB_CLIENT_CONFIRMATION_OK"
8240,10408417123,10408417159,1,"IOTHUB_CLIENT_CONFIRMATION_OK"
8241,10408417323,10408417454,1,"IOTHUB_CLIENT_CONFIRMATION_OK"
8242,10408417523,10408417567,1,"IOTHUB_CLIENT_CONFIRMATION_OK"
8243,10408417723,10408417785,1,"IOTHUB_CLIENT_CONFIRMATION_OK"
8244,10408417923,10408418082,1,"IOTHUB_CLIENT_CONFIRMATION_OK"
8245,10408418123,10408418160,1,"IOTHUB_CLIENT_CONFIRMATION_OK"
8246,10408418323,10408418363,1,"IOTHUB_CLIENT_CONFIRMATION_OK"
8247,10408418524,10408418559,1,"IOTHUB_CLIENT_CONFIRMATION_OK"
8248,10408418724,10408418763,1,"IOTHUB_CLIENT_CONFIRMATION_OK"
8249,10408418924,10408419088,1,"IOTHUB_CLIENT_CONFIRMATION_OK"
8250,10408419124,10408419170,1,"IOTHUB_CLIENT_CONFIRMATION_OK"
8251,10408419324,10408419384,1,"IOTHUB_CLIENT_CONFIRMATION_OK"
8252,10408419524,10408419573,1,"IOTHUB_CLIENT_CONFIRMATION_OK"
8253,10408419725,10408419761,1,"IOTHUB_CLIENT_CONFIRMATION_OK"
8254,10408419925,10408420148,1,"IOTHUB_CLIENT_CONFIRMATION_OK"
8255,10408420125,10408420168,1,"IOTHUB_CLIENT_CONFIRMATION_OK"
8256,10408420325,10408420366,1,"IOTHUB_CLIENT_CONFIRMATION_OK"
8257,10408420525,10408420568,1,"IOTHUB_CLIENT_CONFIRMATION_OK"
8258,10408420725,10408420767,1,"IOTHUB_CLIENT_CONFIRMATION_OK"
8259,10408420926,10408420961,1,"IOTHUB_CLIENT_CONFIRMATION_OK"
8260,10408421126,10408421174,1,"IOTHUB_CLIENT_CONFIRMATION_OK"
8261,10408421326,10408421425,1,"IOTHUB_CLIENT_CONFIRMATION_OK"
8262,10408421526,10408421565,1,"IOTHUB_CLIENT_CONFIRMATION_OK"
8263,10408421726,10408421780,1,"IOTHUB_CLIENT_CONFIRMATION_OK"
8264,10408421926,10408422029,1,"IOTHUB_CLIENT_CONFIRMATION_OK"
8265,10408422127,10408422281,1,"IOTHUB_CLIENT_CONFIRMATION_OK"
8266,10408422327,10408422364,1,"IOTHUB_CLIENT_CONFIRMATION_OK"
8267,10408422527,10408422568,1,"IOTHUB_CLIENT_CONFIRMATION_OK"
8268,10408422727,10408422766,1,"IOTHUB_CLIENT_CONFIRMATION_OK"
8269,10408422927,10408422968,1,"IOTHUB_CLIENT_CONFIRMATION_OK"
8270,10408423127,10408423273,1,"IOTHUB_CLIENT_CONFIRMATION_OK"
8271,10408423328,10408423386,1,"IOTHUB_CLIENT_CONFIRMATION_OK"
8272,10408423528,10408423582,1,"IOTHUB_CLIENT_CONFIRMATION_OK"
8273,10408423728,10408423772,1,"IOTHUB_CLIENT_CONFIRMATION_OK"
8274,10408423928,10408423964,1,"IOTHUB_CLIENT_CONFIRMATION_OK"
8275,10408424128,10408424186,1,"IOTHUB_CLIENT_CONFIRMATION_OK"
8276,10408424328,10408424391,1,"IOTHUB_CLIENT_CONFIRMATION_OK"
8277,10408424528,10408424563,1,"IOTHUB_CLIENT_CONFIRMATION_OK"
8278,10408424729,10408424912,1,"IOTHUB_CLIENT_CONFIRMATION_OK"
8279,10408424929,10408424975,1,"IOTHUB_CLIENT_CONFIRMATION_OK"
8280,10408425129,10408425171,1,"IOTHUB_CLIENT_CONFIRMATION_OK"
8281,10408425329,10408425375,1,"IOTHUB_CLIENT_CONFIRMATION_OK"
8282,10408425529,10408425578,1,"IOTHUB_CLIENT_CONFIRMATION_OK"
8283,10408425729,10408425939,1,"IOTHUB_CLIENT_CONFIRMATION_OK"
8284,10408425930,10408425975,1,"IOTHUB_CLIENT_CONFIRMATION_OK"
8285,10408426130,10408426180,1,"IOTHUB_CLIENT_CONFIRMATION_OK"
8286,10408426330,10408426407,1,"IOTHUB_CLIENT_CONFIRMATION_OK"
8287,10408426530,10408426585,1,"IOTHUB_CLIENT_CONFIRMATION_OK"
8288,10408426730,10408426767,1,"IOTHUB_CLIENT_CONFIRMATION_OK"
8289,10408426930,10408426985,1,"IOTHUB_CLIENT_CONFIRMATION_OK"
8290,10408427131,10408427169,1,"IOTHUB_CLIENT_CONFIRMATION_OK"
8291,10408427331,10408427369,1,"IOTHUB_CLIENT_CONFIRMATION_OK"
8292,10408427531,10408427578,1,"IOTHUB_CLIENT_CONFIRMATION_OK"
8293,10408427731,10408427773,1,"IOTHUB_CLIENT_CONFIRMATION_OK"
8294,10408427931,10408427983,1,"IOTHUB_CLIENT_CONFIRMATION_OK"
8295,10408428131,10408428174,1,"IOTHUB_CLIENT_CONFIRMATION_OK"
8296,10408428332,10408428382,1,"IOTHUB_CLIENT_CONFIRMATION_OK"
8297,10408428532,10408428573,1,"IOTHUB_CLIENT_CONFIRMATION_OK"
8298,10408428732,10408428770,1,"IOTHUB_CLIENT_CONFIRMATION_OK"
8299,10408428932,10408428991,1,"IOTHUB_CLIENT_CONFIRMATION_OK"
8300,10408429132,10408429173,1,"IOTHUB_CLIENT_CONFIRMATION_OK"
8301,10408429332,10408429382,1,"IOTHUB_CLIENT_CONFIRMATION_OK"
8302,10408429532,10408429625,1,"IOTHUB_CLIENT_CONFIRMATION_OK"
8303,10408429733,10408429776,1,"IOTHUB_CLIENT_CONFIRMATION_OK"
8304,10408429933,10408429999,1,"IOTHUB_CLIENT_CONFIRMATION_OK"
8305,10408430133,10408430178,1,"IOTHUB_CLIENT_CONFIRMATION_OK"
8306,10408430333,10408430414,1,"IOTHUB_CLIENT_CONFIRMATION_OK"
8307,10408430533,10408430622,1,"IOTHUB_CLIENT_CONFIRMATION_OK"
8308,10408430734,10408430771,1,"IOTHUB_CLIENT_CONFIRMATION_OK"
8309,10408430934,10408430974,1,"IOTHUB_CLIENT_CONFIRMATION_OK"
8310,10408431134,10408431239,1,"IOTHUB_CLIENT_CONFIRMATION_OK"
8311,10408431334,10408431379,1,"IOTHUB_CLIENT_CONFIRMATION_OK"
8312,10408431534,10408431629,1,"IOTHUB_CLIENT_CONFIRMATION_OK"
8313,10408431734,10408431777,1,"IOTHUB_CLIENT_CONFIRMATION_OK"
8314,10408431935,10408431977,1,"IOTHUB_CLIENT_CONFIRMATION_OK"
8315,10408432135,10408432339,1,"IOTHUB_CLIENT_CONFIRMATION_OK"
8316,10408432335,10408432392,1,"IOTHUB_CLIENT_CONFIRMATION_OK"
8317,10408432535,10408432579,1,"IOTHUB_CLIENT_CONFIRMATION_OK"
8318,10408432735,10408432783,1,"IOTHUB_CLIENT_CONFIRMATION_OK"
8319,10408432935,10408432981,1,"IOTHUB_CLIENT_CONFIRMATION_OK"
8320,10408433136,10408433333,1,"IOTHUB_CLIENT_CONFIRMATION_OK"
8321,10408433336,10408433381,1,"IOTHUB_CLIENT_CONFIRMATION_OK"
8322,10408433536,10408433575,1,"IOTHUB_CLIENT_CONFIRMATION_OK"
8323,10408433736,10408433780,1,"IOTHUB_CLIENT_CONFIRMATION_OK"
8324,10408433936,10408433979,1,"IOTHUB_CLIENT_CONFIRMATION_OK"
8325,10408434136,10408434182,1,"IOTHUB_CLIENT_CONFIRMATION_OK"
8326,10408434337,10408434379,1,"IOTHUB_CLIENT_CONFIRMATION_OK"
8327,10408434537,10408434581,1,"IOTHUB_CLIENT_CONFIRMATION_OK"
8328,10408434737,10408434862,1,"IOTHUB_CLIENT_CONFIRMATION_OK"
8329,10408434937,10408434983,1,"IOTHUB_CLIENT_CONFIRMATION_OK"
8330,10408435137,10408435178,1,"IOTHUB_CLIENT_CONFIRMATION_OK"
8331,10408435337,10408435493,1,"IOTHUB_CLIENT_CONFIRMATION_OK"
8332,10408435538,10408435596,1,"IOTHUB_CLIENT_CONFIRMATION_OK"
8333,10408435738,10408435952,1,"IOTHUB_CLIENT_CONFIRMATION_OK"
8334,10408435938,10408435983,1,"IOTHUB_CLIENT_CONFIRMATION_OK"
8335,10408436138,10408436182,1,"IOTHUB_CLIENT_CONFIRMATION_OK"
8336,10408436338,10408436373,1,"IOTHUB_CLIENT_CONFIRMATION_OK"
8337,10408436538,10408436626,1,"IOTHUB_CLIENT_CONFIRMATION_OK"
8338,10408436739,10408436776,1,"IOTHUB_CLIENT_CONFIRMATION_OK"
8339,10408436939,10408436985,1,"IOTHUB_CLIENT_CONFIRMATION_OK"
8340,10408437139,10408437180,1,"IOTHUB_CLIENT_CONFIRMATION_OK"
8341,10408437339,10408437540,1,"IOTHUB_CLIENT_CONFIRMATION_OK"
8342,10408437539,10408437584,1,"IOTHUB_CLIENT_CONFIRMATION_OK"
8343,10408437739,10408437776,1,"IOTHUB_CLIENT_CONFIRMATION_OK"
8344,10408437940,10408437982,1,"IOTHUB_CLIENT_CONFIRMATION_OK"
8345,10408438140,10408438190,1,"IOTHUB_CLIENT_CONFIRMATION_OK"
8346,10408438340,10408438388,1,"IOTHUB_CLIENT_CONFIRMATION_OK"
8347,10408438540,10408438599,1,"IOTHUB_CLIENT_CONFIRMATION_OK"
8348,10408438740,10408438780,1,"IOTHUB_CLIENT_CONFIRMATION_OK"
8349,10408438940,10408439004,1,"IOTHUB_CLIENT_CONFIRMATION_OK"
8350,10408439141,10408439178,1,"IOTHUB_CLIENT_CONFIRMATION_OK"
8351,10408439341,10408439392,1,"IOTHUB_CLIENT_CONFIRMATION_OK"
8352,10408439541,10408439629,1,"IOTHUB_CLIENT_CONFIRMATION_OK"
8353,10408439741,10408439785,1,"IOTHUB_CLIENT_CONFIRMATION_OK"
8354,10408439941,10408440017,1,"IOTHUB_CLIENT_CONFIRMATION_OK"
8355,10408440141,10408440191,1,"IOTHUB_CLIENT_CONFIRMATION_OK"
8356,10408440342,10408440386,1,"IOTHUB_CLIENT_CONFIRMATION_OK"
8357,10408440542,10408440632,1,"IOTHUB_CLIENT_CONFIRMATION_OK"
8358,10408440742,10408440786,1,"IOTHUB_CLIENT_CONFIRMATION_OK"
8359,10408440942,10408440982,1,"IOTHUB_CLIENT_CONFIRMATION_OK"
8360,10408441142,10408441199,1,"IOTHUB_CLIENT_CONFIRMATION_OK"
8361,10408441342,10408441391,1,"IOTHUB_CLIENT_CONFIRMATION_OK"
8362,10408441543,10408441697,1,"IOTHUB_CLIENT_CONFIRMATION_OK"
8363,10408441743,10408441781,1,"IOTHUB_CLIENT_CONFIRMATION_OK"
8364,10408441943,10408442032,1,"IOTHUB_CLIENT_CONFIRMATION_OK"
8365,10408442143,10408442296,1,"IOTHUB_CLIENT_CONFIRMATION_OK"
8366,10408442343,10408442382,1,"IOTHUB_CLIENT_CONFIRMATION_OK"
8367,10408442543,10408442582,1,"IOTHUB_CLIENT_CONFIRMATION_OK"
8368,10408442744,10408442787,1,"IOTHUB_CLIENT_CONFIRMATION_OK"
8369,10408442944,10408442993,1,"IOTHUB_CLIENT_CONFIRMATION_OK"
8370,10408443144,10408443358,1,"IOTHUB_CLIENT_CONFIRMATION_OK"
8371,10408443344,10408443378,1,"IOTHUB_CLIENT_CONFIRMATION_OK"
8372,10408443544,10408443590,1,"IOTHUB_CLIENT_CONFIRMATION_OK"
8373,10408443744,10408443812,1,"IOTHUB_CLIENT_CONFIRMATION_OK"
8374,10408443944,10408443993,1,"IOTHUB_CLIENT_CONFIRMATION_OK"
8375,10408444145,10408444190,1,"IOTHUB_CLIENT_CONFIRMATION_OK"
8376,10408444345,10408444382,1,"IOTHUB_CLIENT_CONFIRMATION_OK"
8377,10408444545,10408444587,1,"IOTHUB_CLIENT_CONFIRMATION_OK"
8378,10408444745,10408444783,1,"IOTHUB_CLIENT_CONFIRMATION_OK"
8379,10408444945,10408445009,1,"IOTHUB_CLIENT_CONFIRMATION_OK"
8380,10408445145,10408445186,1,"IOTHUB_CLIENT_CONFIRMATION_OK"
8381,10408445346,10408445424,1,"IOTHUB_CLIENT_CONFIRMATION_OK"
8382,10408445546,10408445593,1,"IOTHUB_CLIENT_CONFIRMATION_OK"
8383,10408445746,10408445840,1,"IOTHUB_CLIENT_CONFIRMATION_OK"
8384,10408445946,10408445989,1,"IOTHUB_CLIENT_CONFIRMATION_OK"
8385,10408446146,10408446207,1,"IOTHUB_CLIENT_CONFIRMATION_OK"
8386,10408446346,10408446484,1,"IOTHUB_CLIENT_CONFIRMATION_OK"
8387,10408446547,10408446595,1,"IOTHUB_CLIENT_CONFIRMATION_OK"
8388,10408446747,10408446793,1,"IOTHUB_CLIENT_CONFIRMATION_OK"
8389,10408446947,10408446991,1,"IOTHUB_CLIENT_CONFIRMATION_OK"
8390,10408447147,10408447206,1,"IOTHUB_CLIENT_CONFIRMATION_OK"
8391,10408447347,10408447446,1,"IOTHUB_CLIENT_CONFIRMATION_OK"
8392,10408447547,10408447594,1,"IOTHUB_CLIENT_CONFIRMATION_OK"
8393,10408447748,10408447789,1,"IOTHUB_CLIENT_CONFIRMATION_OK"
8394,10408447948,10408448073,1,"IOTHUB_CLIENT_CONFIRMATION_OK"
8395,10408448148,10408448194,1,"IOTHUB_CLIENT_CONFIRMATION_OK"
8396,10408448348,10408448409,1,"IOTHUB_CLIENT_CONFIRMATION_OK"
8397,10408448548,10408448592,1,"IOTHUB_CLIENT_CONFIRMATION_OK"
8398,10408448748,10408448787,1,"IOTHUB_CLIENT_CONFIRMATION_OK"
8399,10408448948,10408449169,1,"IOTHUB_CLIENT_CONFIRMATION_OK"
8400,10408449149,10408449187,1,"IOTHUB_CLIENT_CONFIRMATION_OK"
8401,10408449349,10408449414,1,"IOTHUB_CLIENT_CONFIRMATION_OK"
8402,10408449549,10408449600,1,"IOTHUB_CLIENT_CONFIRMATION_OK"
8403,10408449749,10408449797,1,"IOTHUB_CLIENT_CONFIRMATION_OK"
8404,10408449949,10408450177,1,"IOTHUB_CLIENT_CONFIRMATION_OK"
8405,10408450150,10408450200,1,"IOTHUB_CLIENT_CONFIRMATION_OK"
8406,10408450350,10408450421,1,"IOTHUB_CLIENT_CONFIRMATION_OK"
8407,10408450550,10408450606,1,"IOTHUB_CLIENT_CONFIRMATION_OK"
8408,10408450750,10408450797,1,"IOTHUB_CLIENT_CONFIRMATION_OK"
8409,10408450950,10408451007,1,"IOTHUB_CLIENT_CONFIRMATION_OK"
8410,10408451150,10408451204,1,"IOTHUB_CLIENT_CONFIRMATION_OK"
8411,10408451350,10408451389,1,"IOTHUB_CLIENT_CONFIRMATION_OK"
8412,10408451551,10408451607,1,"IOTHUB_CLIENT_CONFIRMATION_OK"
8413,10408451751,10408451798,1,"IOTHUB_CLIENT_CONFIRMATION_OK"
8414,10408451951,10408451998,1,"IOTHUB_CLIENT_CONFIRMATION_OK"
8415,10408452151,10408452236,1,"IOTHUB_CLIENT_CONFIRMATION_OK"
8416,10408452351,10408452399,1,"IOTHUB_CLIENT_CONFIRMATION_OK"
8417,10408452551,10408452595,1,"IOTHUB_CLIENT_CONFIRMATION_OK"
8418,10408452752,10408452852,1,"IOTHUB_CLIENT_CONFIRMATION_OK"
8419,10408452952,10408452990,1,"IOTHUB_CLIENT_CONFIRMATION_OK"
8420,10408453152,10408453236,1,"IOTHUB_CLIENT_CONFIRMATION_OK"
8421,10408453352,10408453396,1,"IOTHUB_CLIENT_CONFIRMATION_OK"
8422,10408453552,10408453681,1,"IOTHUB_CLIENT_CONFIRMATION_OK"
8423,10408453752,10408453927,1,"IOTHUB_CLIENT_CONFIRMATION_OK"
8424,10408453952,10408453991,1,"IOTHUB_CLIENT_CONFIRMATION_OK"
8425,10408454153,10408454189,1,"IOTHUB_CLIENT_CONFIRMATION_OK"
8426,10408454353,10408454393,1,"IOTHUB_CLIENT_CONFIRMATION_OK"
8427,10408454553,10408454617,1,"IOTHUB_CLIENT_CONFIRMATION_OK"
8428,10408454753,10408454804,1,"IOTHUB_CLIENT_CONFIRMATION_OK"
8429,10408454953,10408455033,1,"IOTHUB_CLIENT_CONFIRMATION_OK"
8430,10408455153,10408455208,1,"IOTHUB_CLIENT_CONFIRMATION_OK"
8431,10408455354,10408455422,1,"IOTHUB_CLIENT_CONFIRMATION_OK"
8432,10408455554,10408455600,1,"IOTHUB_CLIENT_CONFIRMATION_OK"
8433,10408455754,10408455998,1,"IOTHUB_CLIENT_CONFIRMATION_OK"
8434,10408455954,10408456015,1,"IOTHUB_CLIENT_CONFIRMATION_OK"
8435,10408456154,10408456195,1,"IOTHUB_CLIENT_CONFIRMATION_OK"
8436,10408456354,10408456394,1,"IOTHUB_CLIENT_CONFIRMATION_OK"
8437,10408456555,10408456627,1,"IOTHUB_CLIENT_CONFIRMATION_OK"
8438,10408456755,10408456831,1,"IOTHUB_CLIENT_CONFIRMATION_OK"
8439,10408456955,10408457020,1,"IOTHUB_CLIENT_CONFIRMATION_OK"
8440,10408457155,10408457190,1,"IOTHUB_CLIENT_CONFIRMATION_OK"
8441,10408457355,10408457431,1,"IOTHUB_CLIENT_CONFIRMATION_OK"
8442,10408457555,10408457596,1,"IOTHUB_CLIENT_CONFIRMATION_OK"
8443,10408457756,10408457798,1,"IOTHUB_CLIENT_CONFIRMATION_OK"
8444,10408457956,10408458025,1,"IOTHUB_CLIENT_CONFIRMATION_OK"
8445,10408458156,10408458261,1,"IOTHUB_CLIENT_CONFIRMATION_OK"
8446,10408458356,10408458413,1,"IOTHUB_CLIENT_CONFIRMATION_OK"
8447,10408458556,10408458603,1,"IOTHUB_CLIENT_CONFIRMATION_OK"
8448,10408458756,10408458801,1,"IOTHUB_CLIENT_CONFIRMATION_OK"
8449,10408458956,10408459071,1,"IOTHUB_CLIENT_CONFIRMATION_OK"
8450,10408459157,10408459201,1,"IOTHUB_CLIENT_CONFIRMATION_OK"
8451,10408459357,10408459402,1,"IOTHUB_CLIENT_CONFIRMATION_OK"
8452,10408459557,10408459603,1,"IOTHUB_CLIENT_CONFIRMATION_OK"
8453,10408459757,10408459803,1,"IOTHUB_CLIENT_CONFIRMATION_OK"
8454,10408459957,10408460119,1,"IOTHUB_CLIENT_CONFIRMATION_OK"
8455,10408460157,10408460193,1,"IOTHUB_CLIENT_CONFIRMATION_OK"
8456,10408460358,10408460395,1,"IOTHUB_CLIENT_CONFIRMATION_OK"
8457,10408460558,10408460697,1,"IOTHUB_CLIENT_CONFIRMATION_OK"
8458,10408460758,10408460795,1,"IOTHUB_CLIENT_CONFIRMATION_OK"
8459,10408460958,10408460993,1,"IOTHUB_CLIENT_CONFIRMATION_OK"
8460,10408461158,10408461196,1,"IOTHUB_CLIENT_CONFIRMATION_OK"
8461,10408461358,10408461402,1,"IOTHUB_CLIENT_CONFIRMATION_OK"
8462,10408461559,10408461770,1,"IOTHUB_CLIENT_CONFIRMATION_OK"
8463,10408461759,10408461808,1,"IOTHUB_CLIENT_CONFIRMATION_OK"
8464,10408461959,10408462003,1,"IOTHUB_CLIENT_CONFIRMATION_OK"
8465,10408462159,10408462203,1,"IOTHUB_CLIENT_CONFIRMATION_OK"
8466,10408462359,10408462396,1,"IOTHUB_CLIENT_CONFIRMATION_OK"
8467,10408462559,10408462595,1,"IOTHUB_CLIENT_CONFIRMATION_OK"
8468,10408462760,10408462795,1,"IOTHUB_CLIENT_CONFIRMATION_OK"
8469,10408462960,10408462995,1,"IOTHUB_CLIENT_CONFIRMATION_OK"
8470,10408463160,10408463200,1,"IOTHUB_CLIENT_CONFIRMATION_OK"
8471,10408463360,10408463415,1,"IOTHUB_CLIENT_CONFIRMATION_OK"
8472,10408463560,10408463715,1,"IOTHUB_CLIENT_CONFIRMATION_OK"
8473,10408463760,10408463809,1,"IOTHUB_CLIENT_CONFIRMATION_OK"
8474,10408463960,10408464007,1,"IOTHUB_CLIENT_CONFIRMATION_OK"
8475,10408464161,10408464202,1,"IOTHUB_CLIENT_CONFIRMATION_OK"
8476,10408464361,10408464419,1,"IOTHUB_CLIENT_CONFIRMATION_OK"
8477,10408464561,10408464597,1,"IOTHUB_CLIENT_CONFIRMATION_OK"
8478,10408464761,10408464806,1,"IOTHUB_CLIENT_CONFIRMATION_OK"
8479,10408464961,10408465002,1,"IOTHUB_CLIENT_CONFIRMATION_OK"
8480,10408465161,10408465208,1,"IOTHUB_CLIENT_CONFIRMATION_OK"
8481,10408465362,10408465426,1,"IOTHUB_CLIENT_CONFIRMATION_OK"
8482,10408465562,10408465613,1,"IOTHUB_CLIENT_CONFIRMATION_OK"
8483,10408465762,10408465871,1,"IOTHUB_CLIENT_CONFIRMATION_OK"
8484,10408465962,10408466003,1,"IOTHUB_CLIENT_CONFIRMATION_OK"
8485,10408466162,10408466217,1,"IOTHUB_CLIENT_CONFIRMATION_OK"
8486,10408466362,10408466459,1,"IOTHUB_CLIENT_CONFIRMATION_OK"
8487,10408466563,10408466615,1,"IOTHUB_CLIENT_CONFIRMATION_OK"
8488,10408466763,10408466806,1,"IOTHUB_CLIENT_CONFIRMATION_OK"
8489,10408466963,10408467003,1,"IOTHUB_CLIENT_CONFIRMATION_OK"
8490,10408467163,10408467207,1,"IOTHUB_CLIENT_CONFIRMATION_OK"
8491,10408467363,10408467465,1,"IOTHUB_CLIENT_CONFIRMATION_OK"
8492,10408467563,10408467625,1,"IOTHUB_CLIENT_CONFIRMATION_OK"
8493,10408467764,10408467841,1,"IOTHUB_CLIENT_CONFIRMATION_OK"
8494,10408467964,10408468094,1,"IOTHUB_CLIENT_CONFIRMATION_OK"
8495,10408468164,10408468222,1,"IOTHUB_CLIENT_CONFIRMATION_OK"
8496,10408468364,10408468412,1,"IOTHUB_CLIENT_CONFIRMATION_OK"
8497,10408468564,10408468611,1,"IOTHUB_CLIENT_CONFIRMATION_OK"
8498,10408468764,10408468809,1,"IOTHUB_CLIENT_CONFIRMATION_OK"
8499,10408468964,10408469153,1,"IOTHUB_CLIENT_CONFIRMATION_OK"
8500,10408469165,10408469229,1,"IOTHUB_CLIENT_CONFIRMATION_OK"
8501,10408469365,10408469405,1,"IOTHUB_CLIENT_CONFIRMATION_OK"
8502,10408469565,10408469602,1,"IOTHUB_CLIENT_CONFIRMATION_OK"
8503,10408469765,10408469802,1,"IOTHUB_CLIENT_CONFIRMATION_OK"
8504,10408469965,10408470106,1,"IOTHUB_CLIENT_CONFIRMATION_OK"
8505,10408470165,10408470207,1,"IOTHUB_CLIENT_CONFIRMATION_OK"
8506,10408470366,10408470405,1,"IOTHUB_CLIENT_CONFIRMATION_OK"
8507,10408470566,10408470610,1,"IOTHUB_CLIENT_CONFIRMATION_OK"
8508,10408470766,10408470810,1,"IOTHUB_CLIENT_CONFIRMATION_OK"
8509,10408470966,10408471006,1,"IOTHUB_CLIENT_CONFIRMATION_OK"
8510,10408471166,10408471206,1,"IOTHUB_CLIENT_CONFIRMATION_OK"
8511,10408471366,10408471415,1,"IOTHUB_CLIENT_CONFIRMATION_OK"
8512,10408471567,10408471782,1,"IOTHUB_CLIENT_CONFIRMATION_OK"
8513,10408471767,10408471810,1,"IOTHUB_CLIENT_CONFIRMATION_OK"
8514,10408471967,10408472018,1,"IOTHUB_CLIENT_CONFIRMATION_OK"
8515,10408472167,10408472218,1,"IOTHUB_CLIENT_CONFIRMATION_OK"
8516,10408472367,10408472415,1,"IOTHUB_CLIENT_CONFIRMATION_OK"
8517,10408472567,10408472616,1,"IOTHUB_CLIENT_CONFIRMATION_OK"
8518,10408472768,10408472825,1,"IOTHUB_CLIENT_CONFIRMATION_OK"
8519,10408472968,10408473009,1,"IOTHUB_CLIENT_CONFIRMATION_OK"
8520,10408473168,10408473278,1,"IOTHUB_CLIENT_CONFIRMATION_OK"
8521,10408473368,10408473416,1,"IOTHUB_CLIENT_CONFIRMATION_OK"
8522,10408473568,10408473613,1,"IOTHUB_CLIENT_CONFIRMATION_OK"
8523,10408473768,10408473965,1,"IOTHUB_CLIENT_CONFIRMATION_OK"
8524,10408473969,10408474014,1,"IOTHUB_CLIENT_CONFIRMATION_OK"
8525,10408474169,10408474209,1,"IOTHUB_CLIENT_CONFIRMATION_OK"
8526,10408474369,10408474437,1,"IOTHUB_CLIENT_CONFIRMATION_OK"
8527,10408474569,10408474629,1,"IOTHUB_CLIENT_CONFIRMATION_OK"
8528,10408474769,10408474806,1,"IOTHUB_CLIENT_CONFIRMATION_OK"
8529,10408474969,10408475006,1,"IOTHUB_CLIENT_CONFIRMATION_OK"
8530,10408475169,10408475207,1,"IOTHUB_CLIENT_CONFIRMATION_OK"
8531,10408475370,10408475408,1,"IOTHUB_CLIENT_CONFIRMATION_OK"
8532,10408475570,10408475608,1,"IOTHUB_CLIENT_CONFIRMATION_OK"
8533,10408475770,10408475999,1,"IOTHUB_CLIENT_CONFIRMATION_OK"
8534,10408475970,10408476036,1,"IOTHUB_CLIENT_CONFIRMATION_OK"
8535,10408476170,10408476207,1,"IOTHUB_CLIENT_CONFIRMATION_OK"
8536,10408476370,10408476411,1,"IOTHUB_CLIENT_CONFIRMATION_OK"
8537,10408476571,10408476615,1,"IOTHUB_CLIENT_CONFIRMATION_OK"
8538,10408476771,10408476817,1,"IOTHUB_CLIENT_CONFIRMATION_OK"
8539,10408476971,10408477024,1,"IOTHUB_CLIENT_CONFIRMATION_OK"
8540,10408477171,10408477212,1,"IOTHUB_CLIENT_CONFIRMATION_OK"
8541,10408477371,10408477417,1,"IOTHUB_CLIENT_CONFIRMATION_OK"
8542,10408477571,10408477609,1,"IOTHUB_CLIENT_CONFIRMATION_OK"
8543,10408477772,10408477819,1,"IOTHUB_CLIENT_CONFIRMATION_OK"
8544,10408477972,10408478030,1,"IOTHUB_CLIENT_CONFIRMATION_OK"
8545,10408478172,10408478222,1,"IOTHUB_CLIENT_CONFIRMATION_OK"
8546,10408478372,10408478418,1,"IOTHUB_CLIENT_CONFIRMATION_OK"
8547,10408478572,10408478620,1,"IOTHUB_CLIENT_CONFIRMATION_OK"
8548,10408478772,10408478899,1,"IOTHUB_CLIENT_CONFIRMATION_OK"
8549,10408478972,10408479130,1,"IOTHUB_CLIENT_CONFIRMATION_OK"
8550,10408479173,10408479217,1,"IOTHUB_CLIENT_CONFIRMATION_OK"
8551,10408479373,10408479457,1,"IOTHUB_CLIENT_CONFIRMATION_OK"
8552,10408479573,10408479612,1,"IOTHUB_CLIENT_CONFIRMATION_OK"
8553,10408479773,10408479856,1,"IOTHUB_CLIENT_CONFIRMATION_OK"
8554,10408479973,10408480139,1,"IOTHUB_CLIENT_CONFIRMATION_OK"
8555,10408480173,10408480238,1,"IOTHUB_CLIENT_CONFIRMATION_OK"
8556,10408480374,10408480411,1,"IOTHUB_CLIENT_CONFIRMATION_OK"
8557,10408480574,10408480614,1,"IOTHUB_CLIENT_CONFIRMATION_OK"
8558,10408480774,10408480821,1,"IOTHUB_CLIENT_CONFIRMATION_OK"
8559,10408480974,10408481010,1,"IOTHUB_CLIENT_CONFIRMATION_OK"
8560,10408481174,10408481217,1,"IOTHUB_CLIENT_CONFIRMATION_OK"
8561,10408481374,10408481415,1,"IOTHUB_CLIENT_CONFIRMATION_OK"
8562,10408481575,10408481779,1,"IOTHUB_CLIENT_CONFIRMATION_OK"
8563,10408481775,10408481824,1,"IOTHUB_CLIENT_CONFIRMATION_OK"
8564,10408481975,10408482028,1,"IOTHUB_CLIENT_CONFIRMATION_OK"
8565,10408482175,10408482257,1,"IOTHUB_CLIENT_CONFIRMATION_OK"
8566,10408482375,10408482419,1,"IOTHUB_CLIENT_CONFIRMATION_OK"
8567,10408482575,10408482624,1,"IOTHUB_CLIENT_CONFIRMATION_OK"
8568,10408482775,10408482822,1,"IOTHUB_CLIENT_CONFIRMATION_OK"
8569,10408482976,10408483019,1,"IOTHUB_CLIENT_CONFIRMATION_OK"
8570,10408483176,10408483225,1,"IOTHUB_CLIENT_CONFIRMATION_OK"
8571,10408483376,10408483429,1,"IOTHUB_CLIENT_CONFIRMATION_OK"
8572,10408483576,10408483615,1,"IOTHUB_CLIENT_CONFIRMATION_OK"
8573,10408483776,10408483827,1,"IOTHUB_CLIENT_CONFIRMATION_OK"
8574,10408483976,10408484052,1,"IOTHUB_CLIENT_CONFIRMATION_OK"
8575,10408484177,10408484223,1,"IOTHUB_CLIENT_CONFIRMATION_OK"
8576,10408484377,10408484421,1,"IOTHUB_CLIENT_CONFIRMATION_OK"
8577,10408484577,10408484626,1,"IOTHUB_CLIENT_CONFIRMATION_OK"
8578,10408484777,10408484872,1,"IOTHUB_CLIENT_CONFIRMATION_OK"
8579,10408484977,10408485018,1,"IOTHUB_CLIENT_CONFIRMATION_OK"
8580,10408485177,10408485224,1,"IOTHUB_CLIENT_CONFIRMATION_OK"
8581,10408485377,10408485413,1,"IOTHUB_CLIENT_CONFIRMATION_OK"
8582,10408485578,10408485624,1,"IOTHUB_CLIENT_CONFIRMATION_OK"
8583,10408485778,10408486000,1,"IOTHUB_CLIENT_CONFIRMATION_OK"
8584,10408485978,10408486025,1,"IOTHUB_CLIENT_CONFIRMATION_OK"
8585,10408486178,10408486220,1,"IOTHUB_CLIENT_CONFIRMATION_OK"
8586,10408486378,10408486444,1,"IOTHUB_CLIENT_CONFIRMATION_OK"
8587,10408486578,10408486633,1,"IOTHUB_CLIENT_CONFIRMATION_OK"
8588,10408486779,10408486823,1,"IOTHUB_CLIENT_CONFIRMATION_OK"
8589,10408486979,10408487016,1,"IOTHUB_CLIENT_CONFIRMATION_OK"
8590,10408487179,10408487233,1,"IOTHUB_CLIENT_CONFIRMATION_OK"
8591,10408487379,10408487605,1,"IOTHUB_CLIENT_CONFIRMATION_OK"
8592,10408487579,10408487629,1,"IOTHUB_CLIENT_CONFIRMATION_OK"
8593,10408487779,10408487822,1,"IOTHUB_CLIENT_CONFIRMATION_OK"
8594,10408487979,10408488027,1,"IOTHUB_CLIENT_CONFIRMATION_OK"
8595,10408488180,10408488235,1,"IOTHUB_CLIENT_CONFIRMATION_OK"
8596,10408488380,10408488424,1,"IOTHUB_CLIENT_CONFIRMATION_OK"
8597,10408488580,10408488661,1,"IOTHUB_CLIENT_CONFIRMATION_OK"
8598,10408488780,10408488814,1,"IOTHUB_CLIENT_CONFIRMATION_OK"
8599,10408488980,10408489107,1,"IOTHUB_CLIENT_CONFIRMATION_OK"
8600,10408489180,10408489214,1,"IOTHUB_CLIENT_CONFIRMATION_OK"
8601,10408489381,10408489414,1,"IOTHUB_CLIENT_CONFIRMATION_OK"
8602,10408489581,10408489646,1,"IOTHUB_CLIENT_CONFIRMATION_OK"
8603,10408489781,10408489859,1,"IOTHUB_CLIENT_CONFIRMATION_OK"
8604,10408489981,10408490043,1,"IOTHUB_CLIENT_CONFIRMATION_OK"
8605,10408490181,10408490221,1,"IOTHUB_CLIENT_CONFIRMATION_OK"
8606,10408490381,10408490417,1,"IOTHUB_CLIENT_CONFIRMATION_OK"
8607,10408490582,10408490659,1,"IOTHUB_CLIENT_CONFIRMATION_OK"
8608,10408490782,10408490827,1,"IOTHUB_CLIENT_CONFIRMATION_OK"
8609,10408490982,10408491023,1,"IOTHUB_CLIENT_CONFIRMATION_OK"
8610,10408491182,10408491282,1,"IOTHUB_CLIENT_CONFIRMATION_OK"
8611,10408491382,10408491422,1,"IOTHUB_CLIENT_CONFIRMATION_OK"
8612,10408491582,10408491698,1,"IOTHUB_CLIENT_CONFIRMATION_OK"
8613,10408491782,10408491819,1,"IOTHUB_CLIENT_CONFIRMATION_OK"
8614,10408491983,10408492027,1,"IOTHUB_CLIENT_CONFIRMATION_OK"
8615,10408492183,10408492324,1,"IOTHUB_CLIENT_CONFIRMATION_OK"
8616,10408492383,10408492442,1,"IOTHUB_CLIENT_CONFIRMATION_OK"
8617,10408492583,10408492630,1,"IOTHUB_CLIENT_CONFIRMATION_OK"
8618,10408492783,10408492827,1,"IOTHUB_CLIENT_CONFIRMATION_OK"
8619,10408492983,10408493031,1,"IOTHUB_CLIENT_CONFIRMATION_OK"
8620,10408493184,10408493394,1,"IOTHUB_CLIENT_CONFIRMATION_OK"
8621,10408493384,10408493428,1,"IOTHUB_CLIENT_CONFIRMATION_OK"
8622,10408493584,10408493625,1,"IOTHUB_CLIENT_CONFIRMATION_OK"
8623,10408493784,10408493825,1,"IOTHUB_CLIENT_CONFIRMATION_OK"
8624,10408493984,10408494024,1,"IOTHUB_CLIENT_CONFIRMATION_OK"
8625,10408494184,10408494223,1,"IOTHUB_CLIENT_CONFIRMATION_OK"
8626,10408494385,10408494424,1,"IOTHUB_CLIENT_CONFIRMATION_OK"
8627,10408494585,10408494632,1,"IOTHUB_CLIENT_CONFIRMATION_OK"
8628,10408494785,10408494825,1,"IOTHUB_CLIENT_CONFIRMATION_OK"
8629,10408494985,10408495058,1,"IOTHUB_CLIENT_CONFIRMATION_OK"
8630,10408495185,10408495245,1,"IOTHUB_CLIENT_CONFIRMATION_OK"
8631,10408495385,10408495446,1,"IOTHUB_CLIENT_CONFIRMATION_OK"
8632,10408495585,10408495622,1,"IOTHUB_CLIENT_CONFIRMATION_OK"
8633,10408495786,10408496146,1,"IOTHUB_CLIENT_CONFIRMATION_OK"
8634,10408495986,10408496174,1,"IOTHUB_CLIENT_CONFIRMATION_OK"
8635,10408496186,10408496230,1,"IOTHUB_CLIENT_CONFIRMATION_OK"
8636,10408496386,10408496441,1,"IOTHUB_CLIENT_CONFIRMATION_OK"
8637,10408496586,10408496644,1,"IOTHUB_CLIENT_CONFIRMATION_OK"
8638,10408496786,10408496845,1,"IOTHUB_CLIENT_CONFIRMATION_OK"
8639,10408496987,10408497050,1,"IOTHUB_CLIENT_CONFIRMATION_OK"
8640,10408497187,10408497225,1,"IOTHUB_CLIENT_CONFIRMATION_OK"
8641,10408497387,10408497449,1,"IOTHUB_CLIENT_CONFIRMATION_OK"
8642,10408497587,10408497638,1,"IOTHUB_CLIENT_CONFIRMATION_OK"
8643,10408497787,10408497837,1,"IOTHUB_CLIENT_CONFIRMATION_OK"
8644,10408497987,10408498075,1,"IOTHUB_CLIENT_CONFIRMATION_OK"
8645,10408498188,10408498255,1,"IOTHUB_CLIENT_CONFIRMATION_OK"
8646,10408498388,10408498425,1,"IOTHUB_CLIENT_CONFIRMATION_OK"
8647,10408498588,10408498627,1,"IOTHUB_CLIENT_CONFIRMATION_OK"
8648,10408498788,10408498825,1,"IOTHUB_CLIENT_CONFIRMATION_OK"
8649,10408498988,10408499145,1,"IOTHUB_CLIENT_CONFIRMATION_OK"
8650,10408499188,10408499231,1,"IOTHUB_CLIENT_CONFIRMATION_OK"
8651,10408499388,10408499432,1,"IOTHUB_CLIENT_CONFIRMATION_OK"
8652,10408499589,10408499636,1,"IOTHUB_CLIENT_CONFIRMATION_OK"
8653,10408499789,10408499831,1,"IOTHUB_CLIENT_CONFIRMATION_OK"
8654,10408499989,10408500220,1,"IOTHUB_CLIENT_CONFIRMATION_OK"
8655,10408500189,10408500243,1,"IOTHUB_CLIENT_CONFIRMATION_OK"
8656,10408500389,10408500436,1,"IOTHUB_CLIENT_CONFIRMATION_OK"
8657,10408500589,10408500647,1,"IOTHUB_CLIENT_CONFIRMATION_OK"
8658,10408500790,10408500826,1,"IOTHUB_CLIENT_CONFIRMATION_OK"
8659,10408500990,10408501032,1,"IOTHUB_CLIENT_CONFIRMATION_OK"
8660,10408501190,10408501241,1,"IOTHUB_CLIENT_CONFIRMATION_OK"
8661,10408501390,10408501500,1,"IOTHUB_CLIENT_CONFIRMATION_OK"
8662,10408501590,10408501641,1,"IOTHUB_CLIENT_CONFIRMATION_OK"
8663,10408501790,10408501855,1,"IOTHUB_CLIENT_CONFIRMATION_OK"
8664,10408501991,10408502028,1,"IOTHUB_CLIENT_CONFIRMATION_OK"
8665,10408502191,10408502277,1,"IOTHUB_CLIENT_CONFIRMATION_OK"
8666,10408502391,10408502440,1,"IOTHUB_CLIENT_CONFIRMATION_OK"
8667,10408502591,10408502633,1,"IOTHUB_CLIENT_CONFIRMATION_OK"
8668,10408502791,10408502836,1,"IOTHUB_CLIENT_CONFIRMATION_OK"
8669,10408502991,10408503030,1,"IOTHUB_CLIENT_CONFIRMATION_OK"
8670,10408503191,10408503667,1,"IOTHUB_CLIENT_CONFIRMATION_OK"
8671,10408503392,10408503711,1,"IOTHUB_CLIENT_CONFIRMATION_OK"
8672,10408503592,10408503752,1,"IOTHUB_CLIENT_CONFIRMATION_OK"
8673,10408503792,10408503836,1,"IOTHUB_CLIENT_CONFIRMATION_OK"
8674,10408503992,10408504105,1,"IOTHUB_CLIENT_CONFIRMATION_OK"
8675,10408504192,10408504330,1,"IOTHUB_CLIENT_CONFIRMATION_OK"
8676,10408504392,10408504541,1,"IOTHUB_CLIENT_CONFIRMATION_OK"
8677,10408504592,10408504642,1,"IOTHUB_CLIENT_CONFIRMATION_OK"
8678,10408504793,10408504937,1,"IOTHUB_CLIENT_CONFIRMATION_OK"
8679,10408504993,10408505059,1,"IOTHUB_CLIENT_CONFIRMATION_OK"
8680,10408505193,10408505241,1,"IOTHUB_CLIENT_CONFIRMATION_OK"
8681,10408505393,10408505439,1,"IOTHUB_CLIENT_CONFIRMATION_OK"
8682,10408505593,10408505636,1,"IOTHUB_CLIENT_CONFIRMATION_OK"
8683,10408505793,10408505965,1,"IOTHUB_CLIENT_CONFIRMATION_OK"
8684,10408505994,10408506038,1,"IOTHUB_CLIENT_CONFIRMATION_OK"
8685,10408506194,10408506252,1,"IOTHUB_CLIENT_CONFIRMATION_OK"
8686,10408506394,10408506433,1,"IOTHUB_CLIENT_CONFIRMATION_OK"
8687,10408506594,10408506651,1,"IOTHUB_CLIENT_CONFIRMATION_OK"
8688,10408506794,10408506859,1,"IOTHUB_CLIENT_CONFIRMATION_OK"
8689,10408506994,10408507037,1,"IOTHUB_CLIENT_CONFIRMATION_OK"
8690,10408507195,10408507245,1,"IOTHUB_CLIENT_CONFIRMATION_OK"
8691,10408507395,10408507577,1,"IOTHUB_CLIENT_CONFIRMATION_OK"
8692,10408507595,10408507638,1,"IOTHUB_CLIENT_CONFIRMATION_OK"
8693,10408507795,10408507834,1,"IOTHUB_CLIENT_CONFIRMATION_OK"
8694,10408507995,10408508032,1,"IOTHUB_CLIENT_CONFIRMATION_OK"
8695,10408508195,10408508238,1,"IOTHUB_CLIENT_CONFIRMATION_OK"
8696,10408508395,10408508439,1,"IOTHUB_CLIENT_CONFIRMATION_OK"
8697,10408508596,10408508637,1,"IOTHUB_CLIENT_CONFIRMATION_OK"
8698,10408508796,10408508834,1,"IOTHUB_CLIENT_CONFIRMATION_OK"
8699,10408508996,10408509042,1,"IOTHUB_CLIENT_CONFIRMATION_OK"
8700,10408509196,10408509245,1,"IOTHUB_CLIENT_CONFIRMATION_OK"
8701,10408509396,10408509444,1,"IOTHUB_CLIENT_CONFIRMATION_OK"
8702,10408509596,10408509644,1,"IOTHUB_CLIENT_CONFIRMATION_OK"
8703,10408509797,10408509831,1,"IOTHUB_CLIENT_CONFIRMATION_OK"
8704,10408509997,10408510213,1,"IOTHUB_CLIENT_CONFIRMATION_OK"
8705,10408510197,10408510235,1,"IOTHUB_CLIENT_CONFIRMATION_OK"
8706,10408510397,10408510442,1,"IOTHUB_CLIENT_CONFIRMATION_OK"
8707,10408510597,10408510643,1,"IOTHUB_CLIENT_CONFIRMATION_OK"
8708,10408510797,10408510838,1,"IOTHUB_CLIENT_CONFIRMATION_OK"
8709,10408510998,10408511035,1,"IOTHUB_CLIENT_CONFIRMATION_OK"
8710,10408511198,10408511274,1,"IOTHUB_CLIENT_CONFIRMATION_OK"
8711,10408511398,10408511461,1,"IOTHUB_CLIENT_CONFIRMATION_OK"
8712,10408511598,10408511680,1,"IOTHUB_CLIENT_CONFIRMATION_OK"
8713,10408511798,10408511859,1,"IOTHUB_CLIENT_CONFIRMATION_OK"
8714,10408511998,10408512038,1,"IOTHUB_CLIENT_CONFIRMATION_OK"
8715,10408512198,10408512394,1,"IOTHUB_CLIENT_CONFIRMATION_OK"
8716,10408512399,10408512447,1,"IOTHUB_CLIENT_CONFIRMATION_OK"
8717,10408512599,10408512634,1,"IOTHUB_CLIENT_CONFIRMATION_OK"
8718,10408512799,10408512853,1,"IOTHUB_CLIENT_CONFIRMATION_OK"
8719,10408512999,10408513034,1,"IOTHUB_CLIENT_CONFIRMATION_OK"
8720,10408513199,10408513303,1,"IOTHUB_CLIENT_CONFIRMATION_OK"
8721,10408513399,10408513445,1,"IOTHUB_CLIENT_CONFIRMATION_OK"
8722,10408513600,10408513643,1,"IOTHUB_CLIENT_CONFIRMATION_OK"
8723,10408513800,10408513928,1,"IOTHUB_CLIENT_CONFIRMATION_OK"
8724,10408514000,10408514052,1,"IOTHUB_CLIENT_CONFIRMATION_OK"
8725,10408514200,10408514240,1,"IOTHUB_CLIENT_CONFIRMATION_OK"
8726,10408514400,10408514437,1,"IOTHUB_CLIENT_CONFIRMATION_OK"
8727,10408514600,10408514641,1,"IOTHUB_CLIENT_CONFIRMATION_OK"
8728,10408514801,10408514949,1,"IOTHUB_CLIENT_CONFIRMATION_OK"
8729,10408515001,10408515042,1,"IOTHUB_CLIENT_CONFIRMATION_OK"
8730,10408515201,10408515264,1,"IOTHUB_CLIENT_CONFIRMATION_OK"
8731,10408515401,10408515439,1,"IOTHUB_CLIENT_CONFIRMATION_OK"
8732,10408515601,10408515648,1,"IOTHUB_CLIENT_CONFIRMATION_OK"
8733,10408515801,10408515957,1,"IOTHUB_CLIENT_CONFIRMATION_OK"
8734,10408516001,10408516048,1,"IOTHUB_CLIENT_CONFIRMATION_OK"
8735,10408516202,10408516277,1,"IOTHUB_CLIENT_CONFIRMATION_OK"
8736,10408516402,10408516460,1,"IOTHUB_CLIENT_CONFIRMATION_OK"
8737,10408516602,10408516648,1,"IOTHUB_CLIENT_CONFIRMATION_OK"
8738,10408516802,10408516872,1,"IOTHUB_CLIENT_CONFIRMATION_OK"
8739,10408517002,10408517047,1,"IOTHUB_CLIENT_CONFIRMATION_OK"
8740,10408517202,10408517249,1,"IOTHUB_CLIENT_CONFIRMATION_OK"
8741,10408517403,10408517590,1,"IOTHUB_CLIENT_CONFIRMATION_OK"
8742,10408517603,10408517689,1,"IOTHUB_CLIENT_CONFIRMATION_OK"
8743,10408517803,10408517861,1,"IOTHUB_CLIENT_CONFIRMATION_OK"
8744,10408518003,10408518051,1,"IOTHUB_CLIENT_CONFIRMATION_OK"
8745,10408518203,10408518249,1,"IOTHUB_CLIENT_CONFIRMATION_OK"
8746,10408518403,10408518440,1,"IOTHUB_CLIENT_CONFIRMATION_OK"
8747,10408518604,10408518651,1,"IOTHUB_CLIENT_CONFIRMATION_OK"
8748,10408518804,10408518847,1,"IOTHUB_CLIENT_CONFIRMATION_OK"
8749,10408519004,10408519045,1,"IOTHUB_CLIENT_CONFIRMATION_OK"
8750,10408519204,10408519258,1,"IOTHUB_CLIENT_CONFIRMATION_OK"
8751,10408519404,10408519447,1,"IOTHUB_CLIENT_CONFIRMATION_OK"
8752,10408519604,10408519666,1,"IOTHUB_CLIENT_CONFIRMATION_OK"
8753,10408519805,10408519841,1,"IOTHUB_CLIENT_CONFIRMATION_OK"
8754,10408520005,10408520040,1,"IOTHUB_CLIENT_CONFIRMATION_OK"
8755,10408520205,10408520256,1,"IOTHUB_CLIENT_CONFIRMATION_OK"
8756,10408520405,10408520466,1,"IOTHUB_CLIENT_CONFIRMATION_OK"
8757,10408520605,10408520655,1,"IOTHUB_CLIENT_CONFIRMATION_OK"
8758,10408520805,10408520848,1,"IOTHUB_CLIENT_CONFIRMATION_OK"
8759,10408521006,10408521048,1,"IOTHUB_CLIENT_CONFIRMATION_OK"
8760,10408521206,10408521283,1,"IOTHUB_CLIENT_CONFIRMATION_OK"
8761,10408521406,10408521445,1,"IOTHUB_CLIENT_CONFIRMATION_OK"
8762,10408521606,10408521703,1,"IOTHUB_CLIENT_CONFIRMATION_OK"
8763,10408521806,10408521871,1,"IOTHUB_CLIENT_CONFIRMATION_OK"
8764,10408522006,10408522048,1,"IOTHUB_CLIENT_CONFIRMATION_OK"
8765,10408522206,10408522382,1,"IOTHUB_CLIENT_CONFIRMATION_OK"
8766,10408522407,10408522461,1,"IOTHUB_CLIENT_CONFIRMATION_OK"
8767,10408522607,10408522659,1,"IOTHUB_CLIENT_CONFIRMATION_OK"
8768,10408522807,10408522953,1,"IOTHUB_CLIENT_CONFIRMATION_OK"
8769,10408523007,10408523051,1,"IOTHUB_CLIENT_CONFIRMATION_OK"
8770,10408523207,10408523360,1,"IOTHUB_CLIENT_CONFIRMATION_OK"
8771,10408523407,10408523446,1,"IOTHUB_CLIENT_CONFIRMATION_OK"
8772,10408523608,10408523653,1,"IOTHUB_CLIENT_CONFIRMATION_OK"
8773,10408523808,10408523846,1,"IOTHUB_CLIENT_CONFIRMATION_OK"
8774,10408524008,10408524064,1,"IOTHUB_CLIENT_CONFIRMATION_OK"
8775,10408524208,10408524252,1,"IOTHUB_CLIENT_CONFIRMATION_OK"
8776,10408524408,10408524460,1,"IOTHUB_CLIENT_CONFIRMATION_OK"
8777,10408524608,10408524650,1,"IOTHUB_CLIENT_CONFIRMATION_OK"
8778,10408524809,10408525003,1,"IOTHUB_CLIENT_CONFIRMATION_OK"
8779,10408525009,10408525049,1,"IOTHUB_CLIENT_CONFIRMATION_OK"
8780,10408525209,10408525252,1,"IOTHUB_CLIENT_CONFIRMATION_OK"
8781,10408525409,10408525448,1,"IOTHUB_CLIENT_CONFIRMATION_OK"
8782,10408525609,10408525674,1,"IOTHUB_CLIENT_CONFIRMATION_OK"
8783,10408525809,10408525997,1,"IOTHUB_CLIENT_CONFIRMATION_OK"
8784,10408526009,10408526063,1,"IOTHUB_CLIENT_CONFIRMATION_OK"
8785,10408526210,10408526257,1,"IOTHUB_CLIENT_CONFIRMATION_OK"
8786,10408526410,10408526451,1,"IOTHUB_CLIENT_CONFIRMATION_OK"
8787,10408526610,10408526651,1,"IOTHUB_CLIENT_CONFIRMATION_OK"
8788,10408526810,10408526884,1,"IOTHUB_CLIENT_CONFIRMATION_OK"
8789,10408527010,10408527069,1,"IOTHUB_CLIENT_CONFIRMATION_OK"
8790,10408527210,10408527252,1,"IOTHUB_CLIENT_CONFIRMATION_OK"
8791,10408527410,10408527484,1,"IOTHUB_CLIENT_CONFIRMATION_OK"
8792,10408527611,10408527647,1,"IOTHUB_CLIENT_CONFIRMATION_OK"
8793,10408527811,10408527851,1,"IOTHUB_CLIENT_CONFIRMATION_OK"
8794,10408528011,10408528050,1,"IOTHUB_CLIENT_CONFIRMATION_OK"
8795,10408528211,10408528252,1,"IOTHUB_CLIENT_CONFIRMATION_OK"
8796,10408528411,10408528677,1,"IOTHUB_CLIENT_CONFIRMATION_OK"
8797,10408528611,10408528731,1,"IOTHUB_CLIENT_CONFIRMATION_OK"
8798,10408528811,10408528857,1,"IOTHUB_CLIENT_CONFIRMATION_OK"
8799,10408529012,10408529080,1,"IOTHUB_CLIENT_CONFIRMATION_OK"
8800,10408529212,10408529256,1,"IOTHUB_CLIENT_CONFIRMATION_OK"
8801,10408529412,10408529456,1,"IOTHUB_CLIENT_CONFIRMATION_OK"
8802,10408529612,10408529695,1,"IOTHUB_CLIENT_CONFIRMATION_OK"
8803,10408529812,10408529861,1,"IOTHUB_CLIENT_CONFIRMATION_OK"
8804,10408530013,10408530089,1,"IOTHUB_CLIENT_CONFIRMATION_OK"
8805,10408530213,10408530257,1,"IOTHUB_CLIENT_CONFIRMATION_OK"
8806,10408530413,10408530459,1,"IOTHUB_CLIENT_CONFIRMATION_OK"
8807,10408530613,10408530728,1,"IOTHUB_CLIENT_CONFIRMATION_OK"
8808,10408530813,10408530858,1,"IOTHUB_CLIENT_CONFIRMATION_OK"
8809,10408531013,10408531058,1,"IOTHUB_CLIENT_CONFIRMATION_OK"
8810,10408531213,10408531261,1,"IOTHUB_CLIENT_CONFIRMATION_OK"
8811,10408531414,10408531454,1,"IOTHUB_CLIENT_CONFIRMATION_OK"
8812,10408531614,10408531757,1,"IOTHUB_CLIENT_CONFIRMATION_OK"
8813,10408531814,10408531856,1,"IOTHUB_CLIENT_CONFIRMATION_OK"
8814,10408532014,10408532058,1,"IOTHUB_CLIENT_CONFIRMATION_OK"
8815,10408532214,10408532355,1,"IOTHUB_CLIENT_CONFIRMATION_OK"
8816,10408532414,10408532462,1,"IOTHUB_CLIENT_CONFIRMATION_OK"
8817,10408532615,10408532676,1,"IOTHUB_CLIENT_CONFIRMATION_OK"
8818,10408532815,10408532862,1,"IOTHUB_CLIENT_CONFIRMATION_OK"
8819,10408533015,10408533053,1,"IOTHUB_CLIENT_CONFIRMATION_OK"
8820,10408533215,10408533368,1,"IOTHUB_CLIENT_CONFIRMATION_OK"
8821,10408533415,10408533462,1,"IOTHUB_CLIENT_CONFIRMATION_OK"
8822,10408533615,10408533658,1,"IOTHUB_CLIENT_CONFIRMATION_OK"
8823,10408533816,10408533878,1,"IOTHUB_CLIENT_CONFIRMATION_OK"
8824,10408534016,10408534080,1,"IOTHUB_CLIENT_CONFIRMATION_OK"
8825,10408534216,10408534265,1,"IOTHUB_CLIENT_CONFIRMATION_OK"
8826,10408534416,10408534453,1,"IOTHUB_CLIENT_CONFIRMATION_OK"
8827,10408534616,10408534664,1,"IOTHUB_CLIENT_CONFIRMATION_OK"
8828,10408534816,10408534866,1,"IOTHUB_CLIENT_CONFIRMATION_OK"
8829,10408535016,10408535060,1,"IOTHUB_CLIENT_CONFIRMATION_OK"
8830,10408535217,10408535271,1,"IOTHUB_CLIENT_CONFIRMATION_OK"
8831,10408535417,10408535459,1,"IOTHUB_CLIENT_CONFIRMATION_OK"
8832,10408535617,10408535656,1,"IOTHUB_CLIENT_CONFIRMATION_OK"
8833,10408535817,10408536031,1,"IOTHUB_CLIENT_CONFIRMATION_OK"
8834,10408536017,10408536067,1,"IOTHUB_CLIENT_CONFIRMATION_OK"
8835,10408536217,10408536256,1,"IOTHUB_CLIENT_CONFIRMATION_OK"
8836,10408536418,10408536457,1,"IOTHUB_CLIENT_CONFIRMATION_OK"
8837,10408536618,10408536665,1,"IOTHUB_CLIENT_CONFIRMATION_OK"
8838,10408536818,10408536860,1,"IOTHUB_CLIENT_CONFIRMATION_OK"
8839,10408537018,10408537073,1,"IOTHUB_CLIENT_CONFIRMATION_OK"
8840,10408537218,10408537256,1,"IOTHUB_CLIENT_CONFIRMATION_OK"
8841,10408537418,10408537512,1,"IOTHUB_CLIENT_CONFIRMATION_OK"
8842,10408537619,10408537660,1,"IOTHUB_CLIENT_CONFIRMATION_OK"
8843,10408537819,10408537883,1,"IOTHUB_CLIENT_CONFIRMATION_OK"
8844,10408538019,10408538078,1,"IOTHUB_CLIENT_CONFIRMATION_OK"
8845,10408538219,10408538260,1,"IOTHUB_CLIENT_CONFIRMATION_OK"
8846,10408538419,10408538471,1,"IOTHUB_CLIENT_CONFIRMATION_OK"
8847,10408538619,10408538661,1,"IOTHUB_CLIENT_CONFIRMATION_OK"
8848,10408538820,10408538893,1,"IOTHUB_CLIENT_CONFIRMATION_OK"
8849,10408539020,10408539190,1,"IOTHUB_CLIENT_CONFIRMATION_OK"
8850,10408539220,10408539268,1,"IOTHUB_CLIENT_CONFIRMATION_OK"
8851,10408539420,10408539502,1,"IOTHUB_CLIENT_CONFIRMATION_OK"
8852,10408539620,10408539688,1,"IOTHUB_CLIENT_CONFIRMATION_OK"
8853,10408539820,10408539864,1,"IOTHUB_CLIENT_CONFIRMATION_OK"
8854,10408540020,10408540189,1,"IOTHUB_CLIENT_CONFIRMATION_OK"
8855,10408540221,10408540257,1,"IOTHUB_CLIENT_CONFIRMATION_OK"
8856,10408540421,10408540457,1,"IOTHUB_CLIENT_CONFIRMATION_OK"
8857,10408540621,10408540660,1,"IOTHUB_CLIENT_CONFIRMATION_OK"
8858,10408540821,10408540867,1,"IOTHUB_CLIENT_CONFIRMATION_OK"
8859,10408541021,10408541065,1,"IOTHUB_CLIENT_CONFIRMATION_OK"
8860,10408541221,10408541304,1,"IOTHUB_CLIENT_CONFIRMATION_OK"
8861,10408541422,10408541463,1,"IOTHUB_CLIENT_CONFIRMATION_OK"
8862,10408541622,10408541808,1,"IOTHUB_CLIENT_CONFIRMATION_OK"
8863,10408541822,10408541859,1,"IOTHUB_CLIENT_CONFIRMATION_OK"
8864,10408542022,10408542062,1,"IOTHUB_CLIENT_CONFIRMATION_OK"
8865,10408542222,10408542257,1,"IOTHUB_CLIENT_CONFIRMATION_OK"
8866,10408542422,10408542464,1,"IOTHUB_CLIENT_CONFIRMATION_OK"
8867,10408542622,10408542667,1,"IOTHUB_CLIENT_CONFIRMATION_OK"
8868,10408542823,10408542868,1,"IOTHUB_CLIENT_CONFIRMATION_OK"
8869,10408543023,10408543060,1,"IOTHUB_CLIENT_CONFIRMATION_OK"
8870,10408543223,10408543270,1,"IOTHUB_CLIENT_CONFIRMATION_OK"
8871,10408543423,10408543476,1,"IOTHUB_CLIENT_CONFIRMATION_OK"
8872,10408543623,10408543659,1,"IOTHUB_CLIENT_CONFIRMATION_OK"
8873,10408543823,10408543863,1,"IOTHUB_CLIENT_CONFIRMATION_OK"
8874,10408544024,10408544060,1,"IOTHUB_CLIENT_CONFIRMATION_OK"
8875,10408544224,10408544336,1,"IOTHUB_CLIENT_CONFIRMATION_OK"
8876,10408544424,10408544464,1,"IOTHUB_CLIENT_CONFIRMATION_OK"
8877,10408544624,10408544675,1,"IOTHUB_CLIENT_CONFIRMATION_OK"
8878,10408544824,10408544865,1,"IOTHUB_CLIENT_CONFIRMATION_OK"
8879,10408545024,10408545063,1,"IOTHUB_CLIENT_CONFIRMATION_OK"
8880,10408545225,10408545270,1,"IOTHUB_CLIENT_CONFIRMATION_OK"
8881,10408545425,10408545506,1,"IOTHUB_CLIENT_CONFIRMATION_OK"
8882,10408545625,10408545713,1,"IOTHUB_CLIENT_CONFIRMATION_OK"
8883,10408545825,10408545868,1,"IOTHUB_CLIENT_CONFIRMATION_OK"
8884,10408546025,10408546065,1,"IOTHUB_CLIENT_CONFIRMATION_OK"
8885,10408546225,10408546286,1,"IOTHUB_CLIENT_CONFIRMATION_OK"
8886,10408546426,10408546519,1,"IOTHUB_CLIENT_CONFIRMATION_OK"
8887,10408546626,10408546674,1,"IOTHUB_CLIENT_CONFIRMATION_OK"
8888,10408546826,10408546888,1,"IOTHUB_CLIENT_CONFIRMATION_OK"
8889,10408547026,10408547065,1,"IOTHUB_CLIENT_CONFIRMATION_OK"
8890,10408547226,10408547264,1,"IOTHUB_CLIENT_CONFIRMATION_OK"
8891,10408547426,10408547566,1,"IOTHUB_CLIENT_CONFIRMATION_OK"
8892,10408547626,10408547669,1,"IOTHUB_CLIENT_CONFIRMATION_OK"
8893,10408547827,10408547867,1,"IOTHUB_CLIENT_CONFIRMATION_OK"
8894,10408548027,10408548172,1,"IOTHUB_CLIENT_CONFIRMATION_OK"
8895,10408548227,10408548266,1,"IOTHUB_CLIENT_CONFIRMATION_OK"
8896,10408548427,10408548467,1,"IOTHUB_CLIENT_CONFIRMATION_OK"
8897,10408548627,10408548668,1,"IOTHUB_CLIENT_CONFIRMATION_OK"
8898,10408548827,10408548874,1,"IOTHUB_CLIENT_CONFIRMATION_OK"
8899,10408549028,10408549188,1,"IOTHUB_CLIENT_CONFIRMATION_OK"
8900,10408549228,10408549341,1,"IOTHUB_CLIENT_CONFIRMATION_OK"
8901,10408549428,10408549476,1,"IOTHUB_CLIENT_CONFIRMATION_OK"
8902,10408549628,10408549703,1,"IOTHUB_CLIENT_CONFIRMATION_OK"
8903,10408549828,10408549899,1,"IOTHUB_CLIENT_CONFIRMATION_OK"
8904,10408550028,10408550192,1,"IOTHUB_CLIENT_CONFIRMATION_OK"
8905,10408550229,10408550267,1,"IOTHUB_CLIENT_CONFIRMATION_OK"
8906,10408550429,10408550474,1,"IOTHUB_CLIENT_CONFIRMATION_OK"
8907,10408550629,10408550668,1,"IOTHUB_CLIENT_CONFIRMATION_OK"
8908,10408550829,10408550884,1,"IOTHUB_CLIENT_CONFIRMATION_OK"
8909,10408551029,10408551069,1,"IOTHUB_CLIENT_CONFIRMATION_OK"
8910,10408551229,10408551273,1,"IOTHUB_CLIENT_CONFIRMATION_OK"
8911,10408551429,10408551544,1,"IOTHUB_CLIENT_CONFIRMATION_OK"
8912,10408551630,10408551819,1,"IOTHUB_CLIENT_CONFIRMATION_OK"
8913,10408551830,10408551873,1,"IOTHUB_CLIENT_CONFIRMATION_OK"
8914,10408552030,10408552065,1,"IOTHUB_CLIENT_CONFIRMATION_OK"
8915,10408552230,10408552282,1,"IOTHUB_CLIENT_CONFIRMATION_OK"
8916,10408552430,10408552468,1,"IOTHUB_CLIENT_CONFIRMATION_OK"
8917,10408552630,10408552675,1,"IOTHUB_CLIENT_CONFIRMATION_OK"
8918,10408552831,10408552887,1,"IOTHUB_CLIENT_CONFIRMATION_OK"
8919,10408553031,10408553073,1,"IOTHUB_CLIENT_CONFIRMATION_OK"
8920,10408553231,10408553269,1,"IOTHUB_CLIENT_CONFIRMATION_OK"
8921,10408553431,10408553514,1,"IOTHUB_CLIENT_CONFIRMATION_OK"
8922,10408553631,10408553692,1,"IOTHUB_CLIENT_CONFIRMATION_OK"
8923,10408553831,10408553872,1,"IOTHUB_CLIENT_CONFIRMATION_OK"
8924,10408554031,10408554075,1,"IOTHUB_CLIENT_CONFIRMATION_OK"
8925,10408554232,10408554458,1,"IOTHUB_CLIENT_CONFIRMATION_OK"
8926,10408554432,10408554482,1,"IOTHUB_CLIENT_CONFIRMATION_OK"
8927,10408554632,10408554677,1,"IOTHUB_CLIENT_CONFIRMATION_OK"
8928,10408554832,10408554898,1,"IOTHUB_CLIENT_CONFIRMATION_OK"
8929,10408555032,10408555070,1,"IOTHUB_CLIENT_CONFIRMATION_OK"
8930,10408555232,10408555272,1,"IOTHUB_CLIENT_CONFIRMATION_OK"
8931,10408555433,10408555469,1,"IOTHUB_CLIENT_CONFIRMATION_OK"
8932,10408555633,10408555671,1,"IOTHUB_CLIENT_CONFIRMATION_OK"
8933,10408555833,10408555873,1,"IOTHUB_CLIENT_CONFIRMATION_OK"
8934,10408556033,10408556107,1,"IOTHUB_CLIENT_CONFIRMATION_OK"
8935,10408556233,10408556275,1,"IOTHUB_CLIENT_CONFIRMATION_OK"
8936,10408556433,10408556506,1,"IOTHUB_CLIENT_CONFIRMATION_OK"
8937,10408556633,10408556694,1,"IOTHUB_CLIENT_CONFIRMATION_OK"
8938,10408556834,10408556905,1,"IOTHUB_CLIENT_CONFIRMATION_OK"
8939,10408557034,10408557078,1,"IOTHUB_CLIENT_CONFIRMATION_OK"
8940,10408557234,10408557282,1,"IOTHUB_CLIENT_CONFIRMATION_OK"
8941,10408557434,10408557572,1,"IOTHUB_CLIENT_CONFIRMATION_OK"
8942,10408557634,10408557689,1,"IOTHUB_CLIENT_CONFIRMATION_OK"
8943,10408557834,10408557873,1,"IOTHUB_CLIENT_CONFIRMATION_OK"
8944,10408558034,10408558159,1,"IOTHUB_CLIENT_CONFIRMATION_OK"
8945,10408558235,10408558279,1,"IOTHUB_CLIENT_CONFIRMATION_OK"
8946,10408558435,10408558490,1,"IOTHUB_CLIENT_CONFIRMATION_OK"
8947,10408558635,10408558689,1,"IOTHUB_CLIENT_CONFIRMATION_OK"
8948,10408558835,10408558894,1,"IOTHUB_CLIENT_CONFIRMATION_OK"
8949,10408559035,10408559169,1,"IOTHUB_CLIENT_CONFIRMATION_OK"
8950,10408559235,10408559281,1,"IOTHUB_CLIENT_CONFIRMATION_OK"
8951,10408559436,10408559470,1,"IOTHUB_CLIENT_CONFIRMATION_OK"
8952,10408559636,10408559678,1,"IOTHUB_CLIENT_CONFIRMATION_OK"
8953,10408559836,10408559871,1,"IOTHUB_CLIENT_CONFIRMATION_OK"
8954,10408560036,10408560178,1,"IOTHUB_CLIENT_CONFIRMATION_OK"
8955,10408560236,10408560272,1,"IOTHUB_CLIENT_CONFIRMATION_OK"
8956,10408560436,10408560483,1,"IOTHUB_CLIENT_CONFIRMATION_OK"
8957,10408560636,10408560786,1,"IOTHUB_CLIENT_CONFIRMATION_OK"
8958,10408560837,10408560923,1,"IOTHUB_CLIENT_CONFIRMATION_OK"
8959,10408561037,10408561099,1,"IOTHUB_CLIENT_CONFIRMATION_OK"
8960,10408561237,10408561275,1,"IOTHUB_CLIENT_CONFIRMATION_OK"
8961,10408561437,10408561491,1,"IOTHUB_CLIENT_CONFIRMATION_OK"
8962,10408561637,10408561808,1,"IOTHUB_CLIENT_CONFIRMATION_OK"
8963,10408561837,10408561887,1,"IOTHUB_CLIENT_CONFIRMATION_OK"
8964,10408562038,10408562078,1,"IOTHUB_CLIENT_CONFIRMATION_OK"
8965,10408562238,10408562310,1,"IOTHUB_CLIENT_CONFIRMATION_OK"
8966,10408562438,10408562493,1,"IOTHUB_CLIENT_CONFIRMATION_OK"
8967,10408562638,10408562686,1,"IOTHUB_CLIENT_CONFIRMATION_OK"
8968,10408562838,10408562874,1,"IOTHUB_CLIENT_CONFIRMATION_OK"
8969,10408563038,10408563078,1,"IOTHUB_CLIENT_CONFIRMATION_OK"
8970,10408563239,10408563472,1,"IOTHUB_CLIENT_CONFIRMATION_OK"
8971,10408563439,10408563531,1,"IOTHUB_CLIENT_CONFIRMATION_OK"
8972,10408563639,10408563693,1,"IOTHUB_CLIENT_CONFIRMATION_OK"
8973,10408563839,10408563904,1,"IOTHUB_CLIENT_CONFIRMATION_OK"
8974,10408564039,10408564097,1,"IOTHUB_CLIENT_CONFIRMATION_OK"
8975,10408564239,10408564278,1,"IOTHUB_CLIENT_CONFIRMATION_OK"
8976,10408564440,10408564548,1,"IOTHUB_CLIENT_CONFIRMATION_OK"
8977,10408564640,10408564719,1,"IOTHUB_CLIENT_CONFIRMATION_OK"
8978,10408564840,10408564884,1,"IOTHUB_CLIENT_CONFIRMATION_OK"
8979,10408565040,10408565111,1,"IOTHUB_CLIENT_CONFIRMATION_OK"
8980,10408565240,10408565284,1,"IOTHUB_CLIENT_CONFIRMATION_OK"
8981,10408565440,10408565482,1,"IOTHUB_CLIENT_CONFIRMATION_OK"
8982,10408565641,10408565683,1,"IOTHUB_CLIENT_CONFIRMATION_OK"
8983,10408565841,10408566100,1,"IOTHUB_CLIENT_CONFIRMATION_OK"
8984,10408566041,10408566128,1,"IOTHUB_CLIENT_CONFIRMATION_OK"
8985,10408566241,10408566283,1,"IOTHUB_CLIENT_CONFIRMATION_OK"
8986,10408566441,10408566489,1,"IOTHUB_CLIENT_CONFIRMATION_OK"
8987,10408566641,10408566700,1,"IOTHUB_CLIENT_CONFIRMATION_OK"
8988,10408566841,10408566882,1,"IOTHUB_CLIENT_CONFIRMATION_OK"
8989,10408567042,10408567097,1,"IOTHUB_CLIENT_CONFIRMATION_OK"
8990,10408567242,10408567282,1,"IOTHUB_CLIENT_CONFIRMATION_OK"
8991,10408567442,10408567496,1,"IOTHUB_CLIENT_CONFIRMATION_OK"
8992,10408567642,10408567699,1,"IOTHUB_CLIENT_CONFIRMATION_OK"
8993,10408567842,10408567894,1,"IOTHUB_CLIENT_CONFIRMATION_OK"
8994,10408568042,10408568095,1,"IOTHUB_CLIENT_CONFIRMATION_OK"
8995,10408568243,10408568290,1,"IOTHUB_CLIENT_CONFIRMATION_OK"
8996,10408568443,10408568480,1,"IOTHUB_CLIENT_CONFIRMATION_OK"
8997,10408568643,10408568705,1,"IOTHUB_CLIENT_CONFIRMATION_OK"
8998,10408568843,10408568889,1,"IOTHUB_CLIENT_CONFIRMATION_OK"
8999,10408569043,10408569115,1,"IOTHUB_CLIENT_CONFIRMATION_OK"
9000,10408569243,10408569289,1,"IOTHUB_CLIENT_CONFIRMATION_OK"
9001,10408569443,10408569487,1,"IOTHUB_CLIENT_CONFIRMATION_OK"
9002,10408569644,10408569751,1,"IOTHUB_CLIENT_CONFIRMATION_OK"
9003,10408569844,10408569878,1,"IOTHUB_CLIENT_CONFIRMATION_OK"
9004,10408570044,10408570207,1,"IOTHUB_CLIENT_CONFIRMATION_OK"
9005,10408570244,10408570286,1,"IOTHUB_CLIENT_CONFIRMATION_OK"
9006,10408570444,10408570491,1,"IOTHUB_CLIENT_CONFIRMATION_OK"
9007,10408570644,10408570759,1,"IOTHUB_CLIENT_CONFIRMATION_OK"
9008,10408570845,10408570888,1,"IOTHUB_CLIENT_CONFIRMATION_OK"
9009,10408571045,10408571082,1,"IOTHUB_CLIENT_CONFIRMATION_OK"
9010,10408571245,10408571384,1,"IOTHUB_CLIENT_CONFIRMATION_OK"
9011,10408571445,10408571536,1,"IOTHUB_CLIENT_CONFIRMATION_OK"
9012,10408571645,10408571784,1,"IOTHUB_CLIENT_CONFIRMATION_OK"
9013,10408571845,10408571900,1,"IOTHUB_CLIENT_CONFIRMATION_OK"
9014,10408572046,10408572106,1,"IOTHUB_CLIENT_CONFIRMATION_OK"
9015,10408572246,10408572395,1,"IOTHUB_CLIENT_CONFIRMATION_OK"
9016,10408572446,10408572488,1,"IOTHUB_CLIENT_CONFIRMATION_OK"
9017,10408572646,10408572685,1,"IOTHUB_CLIENT_CONFIRMATION_OK"
9018,10408572846,10408572896,1,"IOTHUB_CLIENT_CONFIRMATION_OK"
9019,10408573046,10408573087,1,"IOTHUB_CLIENT_CONFIRMATION_OK"
9020,10408573246,10408573417,1,"IOTHUB_CLIENT_CONFIRMATION_OK"
9021,10408573447,10408573509,1,"IOTHUB_CLIENT_CONFIRMATION_OK"
9022,10408573647,10408573697,1,"IOTHUB_CLIENT_CONFIRMATION_OK"
9023,10408573847,10408573888,1,"IOTHUB_CLIENT_CONFIRMATION_OK"
9024,10408574047,10408574087,1,"IOTHUB_CLIENT_CONFIRMATION_OK"
9025,10408574247,10408574349,1,"IOTHUB_CLIENT_CONFIRMATION_OK"
9026,10408574447,10408574486,1,"IOTHUB_CLIENT_CONFIRMATION_OK"
9027,10408574648,10408574729,1,"IOTHUB_CLIENT_CONFIRMATION_OK"
9028,10408574848,10408575047,1,"IOTHUB_CLIENT_CONFIRMATION_OK"
9029,10408575048,10408575086,1,"IOTHUB_CLIENT_CONFIRMATION_OK"
9030,10408575248,10408575292,1,"IOTHUB_CLIENT_CONFIRMATION_OK"
9031,10408575448,10408575497,1,"IOTHUB_CLIENT_CONFIRMATION_OK"
9032,10408575648,10408575715,1,"IOTHUB_CLIENT_CONFIRMATION_OK"
9033,10408575849,10408575886,1,"IOTHUB_CLIENT_CONFIRMATION_OK"
9034,10408576049,10408576099,1,"IOTHUB_CLIENT_CONFIRMATION_OK"
9035,10408576249,10408576289,1,"IOTHUB_CLIENT_CONFIRMATION_OK"
9036,10408576449,10408576487,1,"IOTHUB_CLIENT_CONFIRMATION_OK"
9037,10408576649,10408576694,1,"IOTHUB_CLIENT_CONFIRMATION_OK"
9038,10408576849,10408576944,1,"IOTHUB_CLIENT_CONFIRMATION_OK"
9039,10408577050,10408577114,1,"IOTHUB_CLIENT_CONFIRMATION_OK"
9040,10408577250,10408577290,1,"IOTHUB_CLIENT_CONFIRMATION_OK"
9041,10408577450,10408577493,1,"IOTHUB_CLIENT_CONFIRMATION_OK"
9042,10408577650,10408577695,1,"IOTHUB_CLIENT_CONFIRMATION_OK"
9043,10408577850,10408577890,1,"IOTHUB_CLIENT_CONFIRMATION_OK"
9044,10408578050,10408578120,1,"IOTHUB_CLIENT_CONFIRMATION_OK"
9045,10408578250,10408578290,1,"IOTHUB_CLIENT_CONFIRMATION_OK"
9046,10408578451,10408578521,1,"IOTHUB_CLIENT_CONFIRMATION_OK"
9047,10408578651,10408578700,1,"IOTHUB_CLIENT_CONFIRMATION_OK"
9048,10408578851,10408578901,1,"IOTHUB_CLIENT_CONFIRMATION_OK"
9049,10408579051,10408579128,1,"IOTHUB_CLIENT_CONFIRMATION_OK"
9050,10408579251,10408579307,1,"IOTHUB_CLIENT_CONFIRMATION_OK"
9051,10408579451,10408579491,1,"IOTHUB_CLIENT_CONFIRMATION_OK"
9052,10408579652,10408579742,1,"IOTHUB_CLIENT_CONFIRMATION_OK"
9053,10408579852,10408579890,1,"IOTHUB_CLIENT_CONFIRMATION_OK"
9054,10408580052,10408580157,1,"IOTHUB_CLIENT_CONFIRMATION_OK"
9055,10408580252,10408580293,1,"IOTHUB_CLIENT_CONFIRMATION_OK"
9056,10408580452,10408580494,1,"IOTHUB_CLIENT_CONFIRMATION_OK"
9057,10408580652,10408580758,1,"IOTHUB_CLIENT_CONFIRMATION_OK"
9058,10408580852,10408580892,1,"IOTHUB_CLIENT_CONFIRMATION_OK"
9059,10408581053,10408581096,1,"IOTHUB_CLIENT_CONFIRMATION_OK"
9060,10408581253,10408581294,1,"IOTHUB_CLIENT_CONFIRMATION_OK"
9061,10408581453,10408581500,1,"IOTHUB_CLIENT_CONFIRMATION_OK"
9062,10408581653,10408581764,1,"IOTHUB_CLIENT_CONFIRMATION_OK"
9063,10408581853,10408581902,1,"IOTHUB_CLIENT_CONFIRMATION_OK"
9064,10408582053,10408582102,1,"IOTHUB_CLIENT_CONFIRMATION_OK"
9065,10408582254,10408582389,1,"IOTHUB_CLIENT_CONFIRMATION_OK"
9066,10408582454,10408582603,1,"IOTHUB_CLIENT_CONFIRMATION_OK"
9067,10408582654,10408582734,1,"IOTHUB_CLIENT_CONFIRMATION_OK"
9068,10408582854,10408582903,1,"IOTHUB_CLIENT_CONFIRMATION_OK"
9069,10408583054,10408583146,1,"IOTHUB_CLIENT_CONFIRMATION_OK"
9070,10408583254,10408583416,1,"IOTHUB_CLIENT_CONFIRMATION_OK"
9071,10408583455,10408583503,1,"IOTHUB_CLIENT_CONFIRMATION_OK"
9072,10408583655,10408583712,1,"IOTHUB_CLIENT_CONFIRMATION_OK"
9073,10408583855,10408583892,1,"IOTHUB_CLIENT_CONFIRMATION_OK"
9074,10408584055,10408584100,1,"IOTHUB_CLIENT_CONFIRMATION_OK"
9075,10408584255,10408584296,1,"IOTHUB_CLIENT_CONFIRMATION_OK"
9076,10408584455,10408584497,1,"IOTHUB_CLIENT_CONFIRMATION_OK"
9077,10408584655,10408584699,1,"IOTHUB_CLIENT_CONFIRMATION_OK"
9078,10408584856,10408585026,1,"IOTHUB_CLIENT_CONFIRMATION_OK"
9079,10408585056,10408585097,1,"IOTHUB_CLIENT_CONFIRMATION_OK"
9080,10408585256,10408585298,1,"IOTHUB_CLIENT_CONFIRMATION_OK"
9081,10408585456,10408585516,1,"IOTHUB_CLIENT_CONFIRMATION_OK"
9082,10408585656,10408585696,1,"IOTHUB_CLIENT_CONFIRMATION_OK"
9083,10408585856,10408586035,1,"IOTHUB_CLIENT_CONFIRMATION_OK"
9084,10408586057,10408586094,1,"IOTHUB_CLIENT_CONFIRMATION_OK"
9085,10408586257,10408586326,1,"IOTHUB_CLIENT_CONFIRMATION_OK"
9086,10408586457,10408586503,1,"IOTHUB_CLIENT_CONFIRMATION_OK"
9087,10408586657,10408586696,1,"IOTHUB_CLIENT_CONFIRMATION_OK"
9088,10408586857,10408586908,1,"IOTHUB_CLIENT_CONFIRMATION_OK"
9089,10408587057,10408587100,1,"IOTHUB_CLIENT_CONFIRMATION_OK"
9090,10408587258,10408587311,1,"IOTHUB_CLIENT_CONFIRMATION_OK"
9091,10408587458,10408587707,1,"IOTHUB_CLIENT_CONFIRMATION_OK"
9092,10408587658,10408587751,1,"IOTHUB_CLIENT_CONFIRMATION_OK"
9093,10408587858,10408587914,1,"IOTHUB_CLIENT_CONFIRMATION_OK"
9094,10408588058,10408588097,1,"IOTHUB_CLIENT_CONFIRMATION_OK"
9095,10408588258,10408588294,1,"IOTHUB_CLIENT_CONFIRMATION_OK"
9096,10408588458,10408588510,1,"IOTHUB_CLIENT_CONFIRMATION_OK"
9097,10408588659,10408588721,1,"IOTHUB_CLIENT_CONFIRMATION_OK"
9098,10408588859,10408588930,1,"IOTHUB_CLIENT_CONFIRMATION_OK"
9099,10408589059,10408589116,1,"IOTHUB_CLIENT_CONFIRMATION_OK"
9100,10408589259,10408589305,1,"IOTHUB_CLIENT_CONFIRMATION_OK"
9101,10408589459,10408589502,1,"IOTHUB_CLIENT_CONFIRMATION_OK"
9102,10408589659,10408589729,1,"IOTHUB_CLIENT_CONFIRMATION_OK"
9103,10408589860,10408589901,1,"IOTHUB_CLIENT_CONFIRMATION_OK"
9104,10408590060,10408590150,1,"IOTHUB_CLIENT_CONFIRMATION_OK"
9105,10408590260,10408590293,1,"IOTHUB_CLIENT_CONFIRMATION_OK"
9106,10408590460,10408590583,1,"IOTHUB_CLIENT_CONFIRMATION_OK"
9107,10408590660,10408590801,1,"IOTHUB_CLIENT_CONFIRMATION_OK"
9108,10408590860,10408590915,1,"IOTHUB_CLIENT_CONFIRMATION_OK"
9109,10408591061,10408591109,1,"IOTHUB_CLIENT_CONFIRMATION_OK"
9110,10408591261,10408591301,1,"IOTHUB_CLIENT_CONFIRMATION_OK"
9111,10408591461,10408591501,1,"IOTHUB_CLIENT_CONFIRMATION_OK"
9112,10408591661,10408591838,1,"IOTHUB_CLIENT_CONFIRMATION_OK"
9113,10408591861,10408591905,1,"IOTHUB_CLIENT_CONFIRMATION_OK"
9114,10408592061,10408592105,1,"IOTHUB_CLIENT_CONFIRMATION_OK"
9115,10408592261,10408592299,1,"IOTHUB_CLIENT_CONFIRMATION_OK"
9116,10408592462,10408592499,1,"IOTHUB_CLIENT_CONFIRMATION_OK"
9117,10408592662,10408592722,1,"IOTHUB_CLIENT_CONFIRMATION_OK"
9118,10408592862,10408592911,1,"IOTHUB_CLIENT_CONFIRMATION_OK"
9119,10408593062,10408593111,1,"IOTHUB_CLIENT_CONFIRMATION_OK"
9120,10408593262,10408593306,1,"IOTHUB_CLIENT_CONFIRMATION_OK"
9121,10408593462,10408593505,1,"IOTHUB_CLIENT_CONFIRMATION_OK"
9122,10408593663,10408593701,1,"IOTHUB_CLIENT_CONFIRMATION_OK"
9123,10408593863,10408593917,1,"IOTHUB_CLIENT_CONFIRMATION_OK"
9124,10408594063,10408594105,1,"IOTHUB_CLIENT_CONFIRMATION_OK"
9125,10408594263,10408594303,1,"IOTHUB_CLIENT_CONFIRMATION_OK"
9126,10408594463,10408594510,1,"IOTHUB_CLIENT_CONFIRMATION_OK"
9127,10408594663,10408594727,1,"IOTHUB_CLIENT_CONFIRMATION_OK"
9128,10408594863,10408594923,1,"IOTHUB_CLIENT_CONFIRMATION_OK"
9129,10408595064,10408595101,1,"IOTHUB_CLIENT_CONFIRMATION_OK"
9130,10408595264,10408595307,1,"IOTHUB_CLIENT_CONFIRMATION_OK"
9131,10408595464,10408595577,1,"IOTHUB_CLIENT_CONFIRMATION_OK"
9132,10408595664,10408595708,1,"IOTHUB_CLIENT_CONFIRMATION_OK"
9133,10408595864,10408595928,1,"IOTHUB_CLIENT_CONFIRMATION_OK"
9134,10408596064,10408596112,1,"IOTHUB_CLIENT_CONFIRMATION_OK"
9135,10408596265,10408596306,1,"IOTHUB_CLIENT_CONFIRMATION_OK"
9136,10408596465,10408596536,1,"IOTHUB_CLIENT_CONFIRMATION_OK"
9137,10408596665,10408596723,1,"IOTHUB_CLIENT_CONFIRMATION_OK"
9138,10408596865,10408596924,1,"IOTHUB_CLIENT_CONFIRMATION_OK"
9139,10408597065,10408597109,1,"IOTHUB_CLIENT_CONFIRMATION_OK"
9140,10408597265,10408597307,1,"IOTHUB_CLIENT_CONFIRMATION_OK"
9141,10408597466,10408597552,1,"IOTHUB_CLIENT_CONFIRMATION_OK"
9142,10408597666,10408597721,1,"IOTHUB_CLIENT_CONFIRMATION_OK"
9143,10408597866,10408597910,1,"IOTHUB_CLIENT_CONFIRMATION_OK"
9144,10408598066,10408598166,1,"IOTHUB_CLIENT_CONFIRMATION_OK"
9145,10408598266,10408598328,1,"IOTHUB_CLIENT_CONFIRMATION_OK"
9146,10408598466,10408598550,1,"IOTHUB_CLIENT_CONFIRMATION_OK"
9147,10408598666,10408598709,1,"IOTHUB_CLIENT_CONFIRMATION_OK"
9148,10408598867,10408598934,1,"IOTHUB_CLIENT_CONFIRMATION_OK"
9149,10408599067,10408599182,1,"IOTHUB_CLIENT_CONFIRMATION_OK"
9150,10408599267,10408599312,1,"IOTHUB_CLIENT_CONFIRMATION_OK"
9151,10408599467,10408599507,1,"IOTHUB_CLIENT_CONFIRMATION_OK"
9152,10408599667,10408599708,1,"IOTHUB_CLIENT_CONFIRMATION_OK"
9153,10408599867,10408599906,1,"IOTHUB_CLIENT_CONFIRMATION_OK"
9154,10408600067,10408600209,1,"IOTHUB_CLIENT_CONFIRMATION_OK"
9155,10408600268,10408600303,1,"IOTHUB_CLIENT_CONFIRMATION_OK"
9156,10408600468,10408600542,1,"IOTHUB_CLIENT_CONFIRMATION_OK"
9157,10408600668,10408600808,1,"IOTHUB_CLIENT_CONFIRMATION_OK"
9158,10408600868,10408600924,1,"IOTHUB_CLIENT_CONFIRMATION_OK"
9159,10408601068,10408601109,1,"IOTHUB_CLIENT_CONFIRMATION_OK"
9160,10408601268,10408601316,1,"IOTHUB_CLIENT_CONFIRMATION_OK"
9161,10408601469,10408601500,1,"IOTHUB_CLIENT_CONFIRMATION_OK"
9162,10408601669,10408601821,1,"IOTHUB_CLIENT_CONFIRMATION_OK"
9163,10408601869,10408601913,1,"IOTHUB_CLIENT_CONFIRMATION_OK"
9164,10408602069,10408602114,1,"IOTHUB_CLIENT_CONFIRMATION_OK"
9165,10408602269,10408602308,1,"IOTHUB_CLIENT_CONFIRMATION_OK"
9166,10408602469,10408602507,1,"IOTHUB_CLIENT_CONFIRMATION_OK"
9167,10408602670,10408602710,1,"IOTHUB_CLIENT_CONFIRMATION_OK"
9168,10408602870,10408602937,1,"IOTHUB_CLIENT_CONFIRMATION_OK"
9169,10408603070,10408603128,1,"IOTHUB_CLIENT_CONFIRMATION_OK"
9170,10408603270,10408603449,1,"IOTHUB_CLIENT_CONFIRMATION_OK"
9171,10408603470,10408603520,1,"IOTHUB_CLIENT_CONFIRMATION_OK"
9172,10408603670,10408603712,1,"IOTHUB_CLIENT_CONFIRMATION_OK"
9173,10408603870,10408603948,1,"IOTHUB_CLIENT_CONFIRMATION_OK"
9174,10408604071,10408604126,1,"IOTHUB_CLIENT_CONFIRMATION_OK"
9175,10408604271,10408604308,1,"IOTHUB_CLIENT_CONFIRMATION_OK"
9176,10408604471,10408604518,1,"IOTHUB_CLIENT_CONFIRMATION_OK"
9177,10408604671,10408604722,1,"IOTHUB_CLIENT_CONFIRMATION_OK"
9178,10408604871,10408604921,1,"IOTHUB_CLIENT_CONFIRMATION_OK"
9179,10408605072,10408605114,1,"IOTHUB_CLIENT_CONFIRMATION_OK"
9180,10408605272,10408605376,1,"IOTHUB_CLIENT_CONFIRMATION_OK"
9181,10408605472,10408605526,1,"IOTHUB_CLIENT_CONFIRMATION_OK"
9182,10408605672,10408605714,1,"IOTHUB_CLIENT_CONFIRMATION_OK"
9183,10408605872,10408605920,1,"IOTHUB_CLIENT_CONFIRMATION_OK"
9184,10408606072,10408606114,1,"IOTHUB_CLIENT_CONFIRMATION_OK"
9185,10408606272,10408606313,1,"IOTHUB_CLIENT_CONFIRMATION_OK"
9186,10408606473,10408606530,1,"IOTHUB_CLIENT_CONFIRMATION_OK"
9187,10408606673,10408606712,1,"IOTHUB_CLIENT_CONFIRMATION_OK"
9188,10408606873,10408606923,1,"IOTHUB_CLIENT_CONFIRMATION_OK"
9189,10408607073,10408607136,1,"IOTHUB_CLIENT_CONFIRMATION_OK"
9190,10408607273,10408607333,1,"IOTHUB_CLIENT_CONFIRMATION_OK"
9191,10408607474,10408607558,1,"IOTHUB_CLIENT_CONFIRMATION_OK"
9192,10408607674,10408607719,1,"IOTHUB_CLIENT_CONFIRMATION_OK"
9193,10408607874,10408607927,1,"IOTHUB_CLIENT_CONFIRMATION_OK"
9194,10408608074,10408608173,1,"IOTHUB_CLIENT_CONFIRMATION_OK"
9195,10408608274,10408608329,1,"IOTHUB_CLIENT_CONFIRMATION_OK"
9196,10408608474,10408608512,1,"IOTHUB_CLIENT_CONFIRMATION_OK"
9197,10408608675,10408608729,1,"IOTHUB_CLIENT_CONFIRMATION_OK"
9198,10408608875,10408608956,1,"IOTHUB_CLIENT_CONFIRMATION_OK"
9199,10408609075,10408609179,1,"IOTHUB_CLIENT_CONFIRMATION_OK"
9200,10408609275,10408609325,1,"IOTHUB_CLIENT_CONFIRMATION_OK"
9201,10408609475,10408609549,1,"IOTHUB_CLIENT_CONFIRMATION_OK"
9202,10408609675,10408609719,1,"IOTHUB_CLIENT_CONFIRMATION_OK"
9203,10408609875,10408609916,1,"IOTHUB_CLIENT_CONFIRMATION_OK"
9204,10408610076,10408610211,1,"IOTHUB_CLIENT_CONFIRMATION_OK"
9205,10408610276,10408610316,1,"IOTHUB_CLIENT_CONFIRMATION_OK"
9206,10408610476,10408610544,1,"IOTHUB_CLIENT_CONFIRMATION_OK"
9207,10408610676,10408610835,1,"IOTHUB_CLIENT_CONFIRMATION_OK"
9208,10408610876,10408610920,1,"IOTHUB_CLIENT_CONFIRMATION_OK"
9209,10408611076,10408611119,1,"IOTHUB_CLIENT_CONFIRMATION_OK"
9210,10408611277,10408611339,1,"IOTHUB_CLIENT_CONFIRMATION_OK"
9211,10408611477,10408611524,1,"IOTHUB_CLIENT_CONFIRMATION_OK"
9212,10408611677,10408611748,1,"IOTHUB_CLIENT_CONFIRMATION_OK"
9213,10408611877,10408611929,1,"IOTHUB_CLIENT_CONFIRMATION_OK"
9214,10408612077,10408612117,1,"IOTHUB_CLIENT_CONFIRMATION_OK"
9215,10408612277,10408612384,1,"IOTHUB_CLIENT_CONFIRMATION_OK"
9216,10408612478,10408612517,1,"IOTHUB_CLIENT_CONFIRMATION_OK"
9217,10408612678,10408612720,1,"IOTHUB_CLIENT_CONFIRMATION_OK"
9218,10408612878,10408612962,1,"IOTHUB_CLIENT_CONFIRMATION_OK"
9219,10408613078,10408613124,1,"IOTHUB_CLIENT_CONFIRMATION_OK"
9220,10408613278,10408613361,1,"IOTHUB_CLIENT_CONFIRMATION_OK"
9221,10408613478,10408613518,1,"IOTHUB_CLIENT_CONFIRMATION_OK"
9222,10408613678,10408613719,1,"IOTHUB_CLIENT_CONFIRMATION_OK"
9223,10408613879,10408613993,1,"IOTHUB_CLIENT_CONFIRMATION_OK"
9224,10408614079,10408614130,1,"IOTHUB_CLIENT_CONFIRMATION_OK"
9225,10408614279,10408614327,1,"IOTHUB_CLIENT_CONFIRMATION_OK"
9226,10408614479,10408614547,1,"IOTHUB_CLIENT_CONFIRMATION_OK"
9227,10408614679,10408614737,1,"IOTHUB_CLIENT_CONFIRMATION_OK"
9228,10408614879,10408615011,1,"IOTHUB_CLIENT_CONFIRMATION_OK"
9229,10408615079,10408615134,1,"IOTHUB_CLIENT_CONFIRMATION_OK"
9230,10408615280,10408615323,1,"IOTHUB_CLIENT_CONFIRMATION_OK"
9231,10408615480,10408615521,1,"IOTHUB_CLIENT_CONFIRMATION_OK"
9232,10408615680,10408615718,1,"IOTHUB_CLIENT_CONFIRMATION_OK"
9233,10408615880,10408616008,1,"IOTHUB_CLIENT_CONFIRMATION_OK"
9234,10408616080,10408616118,1,"IOTHUB_CLIENT_CONFIRMATION_OK"
9235,10408616280,10408616351,1,"IOTHUB_CLIENT_CONFIRMATION_OK"
9236,10408616481,10408616617,1,"IOTHUB_CLIENT_CONFIRMATION_OK"
9237,10408616681,10408616736,1,"IOTHUB_CLIENT_CONFIRMATION_OK"
9238,10408616881,10408616922,1,"IOTHUB_CLIENT_CONFIRMATION_OK"
9239,10408617081,10408617228,1,"IOTHUB_CLIENT_CONFIRMATION_OK"
9240,10408617281,10408617332,1,"IOTHUB_CLIENT_CONFIRMATION_OK"
9241,10408617481,10408617674,1,"IOTHUB_CLIENT_CONFIRMATION_OK"
9242,10408617681,10408617743,1,"IOTHUB_CLIENT_CONFIRMATION_OK"
9243,10408617882,10408617918,1,"IOTHUB_CLIENT_CONFIRMATION_OK"
9244,10408618082,10408618124,1,"IOTHUB_CLIENT_CONFIRMATION_OK"
9245,10408618282,10408618323,1,"IOTHUB_CLIENT_CONFIRMATION_OK"
9246,10408618482,10408618520,1,"IOTHUB_CLIENT_CONFIRMATION_OK"
9247,10408618682,10408618729,1,"IOTHUB_CLIENT_CONFIRMATION_OK"
9248,10408618882,10408618981,1,"IOTHUB_CLIENT_CONFIRMATION_OK"
9249,10408619082,10408619154,1,"IOTHUB_CLIENT_CONFIRMATION_OK"
9250,10408619283,10408619318,1,"IOTHUB_CLIENT_CONFIRMATION_OK"
9251,10408619483,10408619521,1,"IOTHUB_CLIENT_CONFIRMATION_OK"
9252,10408619683,10408619758,1,"IOTHUB_CLIENT_CONFIRMATION_OK"
9253,10408619883,10408619918,1,"IOTHUB_CLIENT_CONFIRMATION_OK"
9254,10408620083,10408620171,1,"IOTHUB_CLIENT_CONFIRMATION_OK"
9255,10408620283,10408620339,1,"IOTHUB_CLIENT_CONFIRMATION_OK"
9256,10408620484,10408620523,1,"IOTHUB_CLIENT_CONFIRMATION_OK"
9257,10408620684,10408620774,1,"IOTHUB_CLIENT_CONFIRMATION_OK"
9258,10408620884,10408620922,1,"IOTHUB_CLIENT_CONFIRMATION_OK"
9259,10408621084,10408621117,1,"IOTHUB_CLIENT_CONFIRMATION_OK"
9260,10408621284,10408621325,1,"IOTHUB_CLIENT_CONFIRMATION_OK"
9261,10408621484,10408621529,1,"IOTHUB_CLIENT_CONFIRMATION_OK"
9262,10408621685,10408621802,1,"IOTHUB_CLIENT_CONFIRMATION_OK"
9263,10408621885,10408621932,1,"IOTHUB_CLIENT_CONFIRMATION_OK"
9264,10408622085,10408622127,1,"IOTHUB_CLIENT_CONFIRMATION_OK"
9265,10408622285,10408622400,1,"IOTHUB_CLIENT_CONFIRMATION_OK"
9266,10408622485,10408622527,1,"IOTHUB_CLIENT_CONFIRMATION_OK"
9267,10408622685,10408622719,1,"IOTHUB_CLIENT_CONFIRMATION_OK"
9268,10408622886,10408622925,1,"IOTHUB_CLIENT_CONFIRMATION_OK"
9269,10408623086,10408623131,1,"IOTHUB_CLIENT_CONFIRMATION_OK"
9270,10408623286,10408623423,1,"IOTHUB_CLIENT_CONFIRMATION_OK"
9271,10408623486,10408623523,1,"IOTHUB_CLIENT_CONFIRMATION_OK"
9272,10408623686,10408623730,1,"IOTHUB_CLIENT_CONFIRMATION_OK"
9273,10408623886,10408623930,1,"IOTHUB_CLIENT_CONFIRMATION_OK"
9274,10408624086,10408624125,1,"IOTHUB_CLIENT_CONFIRMATION_OK"
9275,10408624287,10408624348,1,"IOTHUB_CLIENT_CONFIRMATION_OK"
9276,10408624487,10408624559,1,"IOTHUB_CLIENT_CONFIRMATION_OK"
9277,10408624687,10408624731,1,"IOTHUB_CLIENT_CONFIRMATION_OK"
9278,10408624887,10408625153,1,"IOTHUB_CLIENT_CONFIRMATION_OK"
9279,10408625087,10408625178,1,"IOTHUB_CLIENT_CONFIRMATION_OK"
9280,10408625287,10408625342,1,"IOTHUB_CLIENT_CONFIRMATION_OK"
9281,10408625488,10408625565,1,"IOTHUB_CLIENT_CONFIRMATION_OK"
9282,10408625688,10408625751,1,"IOTHUB_CLIENT_CONFIRMATION_OK"
9283,10408625888,10408625975,1,"IOTHUB_CLIENT_CONFIRMATION_OK"
9284,10408626088,10408626127,1,"IOTHUB_CLIENT_CONFIRMATION_OK"
9285,10408626288,10408626333,1,"IOTHUB_CLIENT_CONFIRMATION_OK"
9286,10408626488,10408626580,1,"IOTHUB_CLIENT_CONFIRMATION_OK"
9287,10408626689,10408626736,1,"IOTHUB_CLIENT_CONFIRMATION_OK"
9288,10408626889,10408626932,1,"IOTHUB_CLIENT_CONFIRMATION_OK"
9289,10408627089,10408627131,1,"IOTHUB_CLIENT_CONFIRMATION_OK"
9290,10408627289,10408627329,1,"IOTHUB_CLIENT_CONFIRMATION_OK"
9291,10408627489,10408627606,1,"IOTHUB_CLIENT_CONFIRMATION_OK"
9292,10408627689,10408627736,1,"IOTHUB_CLIENT_CONFIRMATION_OK"
9293,10408627889,10408627935,1,"IOTHUB_CLIENT_CONFIRMATION_OK"
9294,10408628090,10408628222,1,"IOTHUB_CLIENT_CONFIRMATION_OK"
9295,10408628290,10408628339,1,"IOTHUB_CLIENT_CONFIRMATION_OK"
9296,10408628490,10408628534,1,"IOTHUB_CLIENT_CONFIRMATION_OK"
9297,10408628690,10408628739,1,"IOTHUB_CLIENT_CONFIRMATION_OK"
9298,10408628890,10408628933,1,"IOTHUB_CLIENT_CONFIRMATION_OK"
9299,10408629090,10408629227,1,"IOTHUB_CLIENT_CONFIRMATION_OK"
9300,10408629291,10408629331,1,"IOTHUB_CLIENT_CONFIRMATION_OK"
9301,10408629491,10408629594,1,"IOTHUB_CLIENT_CONFIRMATION_OK"
9302,10408629691,10408629741,1,"IOTHUB_CLIENT_CONFIRMATION_OK"
9303,10408629891,10408629929,1,"IOTHUB_CLIENT_CONFIRMATION_OK"
9304,10408630091,10408630249,1,"IOTHUB_CLIENT_CONFIRMATION_OK"
9305,10408630291,10408630337,1,"IOTHUB_CLIENT_CONFIRMATION_OK"
9306,10408630491,10408630530,1,"IOTHUB_CLIENT_CONFIRMATION_OK"
9307,10408630692,10408630897,1,"IOTHUB_CLIENT_CONFIRMATION_OK"
9308,10408630892,10408630933,1,"IOTHUB_CLIENT_CONFIRMATION_OK"
9309,10408631092,10408631132,1,"IOTHUB_CLIENT_CONFIRMATION_OK"
9310,10408631292,10408631348,1,"IOTHUB_CLIENT_CONFIRMATION_OK"
9311,10408631492,10408631529,1,"IOTHUB_CLIENT_CONFIRMATION_OK"
9312,10408631693,10408631897,1,"IOTHUB_CLIENT_CONFIRMATION_OK"
9313,10408631893,10408631941,1,"IOTHUB_CLIENT_CONFIRMATION_OK"
9314,10408632093,10408632137,1,"IOTHUB_CLIENT_CONFIRMATION_OK"
9315,10408632293,10408632342,1,"IOTHUB_CLIENT_CONFIRMATION_OK"
9316,10408632493,10408632571,1,"IOTHUB_CLIENT_CONFIRMATION_OK"
9317,10408632693,10408632770,1,"IOTHUB_CLIENT_CONFIRMATION_OK"
9318,10408632893,10408632985,1,"IOTHUB_CLIENT_CONFIRMATION_OK"
9319,10408633094,10408633129,1,"IOTHUB_CLIENT_CONFIRMATION_OK"
9320,10408633294,10408633354,1,"IOTHUB_CLIENT_CONFIRMATION_OK"
9321,10408633494,10408633546,1,"IOTHUB_CLIENT_CONFIRMATION_OK"
9322,10408633694,10408633743,1,"IOTHUB_CLIENT_CONFIRMATION_OK"
9323,10408633894,10408633946,1,"IOTHUB_CLIENT_CONFIRMATION_OK"
9324,10408634094,10408634137,1,"IOTHUB_CLIENT_CONFIRMATION_OK"
9325,10408634295,10408634334,1,"IOTHUB_CLIENT_CONFIRMATION_OK"
9326,10408634495,10408634538,1,"IOTHUB_CLIENT_CONFIRMATION_OK"
9327,10408634695,10408634737,1,"IOTHUB_CLIENT_CONFIRMATION_OK"
9328,10408634895,10408634932,1,"IOTHUB_CLIENT_CONFIRMATION_OK"
9329,10408635095,10408635132,1,"IOTHUB_CLIENT_CONFIRMATION_OK"
9330,10408635295,10408635339,1,"IOTHUB_CLIENT_CONFIRMATION_OK"
9331,10408635496,10408635573,1,"IOTHUB_CLIENT_CONFIRMATION_OK"
9332,10408635696,10408635744,1,"IOTHUB_CLIENT_CONFIRMATION_OK"
9333,10408635896,10408635993,1,"IOTHUB_CLIENT_CONFIRMATION_OK"
9334,10408636096,10408636134,1,"IOTHUB_CLIENT_CONFIRMATION_OK"
9335,10408636296,10408636342,1,"IOTHUB_CLIENT_CONFIRMATION_OK"
9336,10408636496,10408636627,1,"IOTHUB_CLIENT_CONFIRMATION_OK"
9337,10408636697,10408636740,1,"IOTHUB_CLIENT_CONFIRMATION_OK"
9338,10408636897,10408636946,1,"IOTHUB_CLIENT_CONFIRMATION_OK"
9339,10408637097,10408637137,1,"IOTHUB_CLIENT_CONFIRMATION_OK"
9340,10408637297,10408637337,1,"IOTHUB_CLIENT_CONFIRMATION_OK"
9341,10408637497,10408637625,1,"IOTHUB_CLIENT_CONFIRMATION_OK"
9342,10408637697,10408637764,1,"IOTHUB_CLIENT_CONFIRMATION_OK"
9343,10408637897,10408637943,1,"IOTHUB_CLIENT_CONFIRMATION_OK"
9344,10408638098,10408638140,1,"IOTHUB_CLIENT_CONFIRMATION_OK"
9345,10408638298,10408638367,1,"IOTHUB_CLIENT_CONFIRMATION_OK"
9346,10408638498,10408638542,1,"IOTHUB_CLIENT_CONFIRMATION_OK"
9347,10408638698,10408638749,1,"IOTHUB_CLIENT_CONFIRMATION_OK"
9348,10408638898,10408638941,1,"IOTHUB_CLIENT_CONFIRMATION_OK"
9349,10408639098,10408639261,1,"IOTHUB_CLIENT_CONFIRMATION_OK"
9350,10408639299,10408639342,1,"IOTHUB_CLIENT_CONFIRMATION_OK"
9351,10408639499,10408639759,1,"IOTHUB_CLIENT_CONFIRMATION_OK"
9352,10408639699,10408639778,1,"IOTHUB_CLIENT_CONFIRMATION_OK"
9353,10408639899,10408639950,1,"IOTHUB_CLIENT_CONFIRMATION_OK"
9354,10408640099,10408640456,1,"IOTHUB_CLIENT_CONFIRMATION_OK"
9355,10408640299,10408640482,1,"IOTHUB_CLIENT_CONFIRMATION_OK"
9356,10408640500,10408640547,1,"IOTHUB_CLIENT_CONFIRMATION_OK"
9357,10408640700,10408640860,1,"IOTHUB_CLIENT_CONFIRMATION_OK"
9358,10408640900,10408640940,1,"IOTHUB_CLIENT_CONFIRMATION_OK"
9359,10408641100,10408641379,1,"IOTHUB_CLIENT_CONFIRMATION_OK"
9360,10408641300,10408641459,1,"IOTHUB_CLIENT_CONFIRMATION_OK"
9361,10408641500,10408641542,1,"IOTHUB_CLIENT_CONFIRMATION_OK"
9362,10408641700,10408641742,1,"IOTHUB_CLIENT_CONFIRMATION_OK"
9363,10408641901,10408641940,1,"IOTHUB_CLIENT_CONFIRMATION_OK"
9364,10408642101,10408642131,1,"IOTHUB_CLIENT_CONFIRMATION_OK"
9365,10408642301,10408642465,1,"IOTHUB_CLIENT_CONFIRMATION_OK"
9366,10408642501,10408642564,1,"IOTHUB_CLIENT_CONFIRMATION_OK"
9367,10408642701,10408642747,1,"IOTHUB_CLIENT_CONFIRMATION_OK"
9368,10408642901,10408642959,1,"IOTHUB_CLIENT_CONFIRMATION_OK"
9369,10408643102,10408643148,1,"IOTHUB_CLIENT_CONFIRMATION_OK"
9370,10408643302,10408643463,1,"IOTHUB_CLIENT_CONFIRMATION_OK"
9371,10408643502,10408643541,1,"IOTHUB_CLIENT_CONFIRMATION_OK"
9372,10408643702,10408643739,1,"IOTHUB_CLIENT_CONFIRMATION_OK"
9373,10408643902,10408644042,1,"IOTHUB_CLIENT_CONFIRMATION_OK"
9374,10408644102,10408644141,1,"IOTHUB_CLIENT_CONFIRMATION_OK"
9375,10408644303,10408644341,1,"IOTHUB_CLIENT_CONFIRMATION_OK"
9376,10408644503,10408644540,1,"IOTHUB_CLIENT_CONFIRMATION_OK"
9377,10408644703,10408644773,1,"IOTHUB_CLIENT_CONFIRMATION_OK"
9378,10408644903,10408644942,1,"IOTHUB_CLIENT_CONFIRMATION_OK"
9379,10408645103,10408645150,1,"IOTHUB_CLIENT_CONFIRMATION_OK"
9380,10408645303,10408645351,1,"IOTHUB_CLIENT_CONFIRMATION_OK"
9381,10408645504,10408645559,1,"IOTHUB_CLIENT_CONFIRMATION_OK"
9382,10408645704,10408645745,1,"IOTHUB_CLIENT_CONFIRMATION_OK"
9383,10408645904,10408645964,1,"IOTHUB_CLIENT_CONFIRMATION_OK"
9384,10408646104,10408646150,1,"IOTHUB_CLIENT_CONFIRMATION_OK"
9385,10408646304,10408646346,1,"IOTHUB_CLIENT_CONFIRMATION_OK"
9386,10408646504,10408646578,1,"IOTHUB_CLIENT_CONFIRMATION_OK"
9387,10408646704,10408646748,1,"IOTHUB_CLIENT_CONFIRMATION_OK"
9388,10408646905,10408646948,1,"IOTHUB_CLIENT_CONFIRMATION_OK"
9389,10408647105,10408647148,1,"IOTHUB_CLIENT_CONFIRMATION_OK"
9390,10408647305,10408647348,1,"IOTHUB_CLIENT_CONFIRMATION_OK"
9391,10408647505,10408647591,1,"IOTHUB_CLIENT_CONFIRMATION_OK"
9392,10408647705,10408647742,1,"IOTHUB_CLIENT_CONFIRMATION_OK"
9393,10408647905,10408647947,1,"IOTHUB_CLIENT_CONFIRMATION_OK"
9394,10408648106,10408648202,1,"IOTHUB_CLIENT_CONFIRMATION_OK"
9395,10408648306,10408648352,1,"IOTHUB_CLIENT_CONFIRMATION_OK"
9396,10408648506,10408648599,1,"IOTHUB_CLIENT_CONFIRMATION_OK"
9397,10408648706,10408648758,1,"IOTHUB_CLIENT_CONFIRMATION_OK"
9398,10408648906,10408648955,1,"IOTHUB_CLIENT_CONFIRMATION_OK"
9399,10408649106,10408649216,1,"IOTHUB_CLIENT_CONFIRMATION_OK"
9400,10408649306,10408649347,1,"IOTHUB_CLIENT_CONFIRMATION_OK"
9401,10408649507,10408649593,1,"IOTHUB_CLIENT_CONFIRMATION_OK"
9402,10408649707,10408649744,1,"IOTHUB_CLIENT_CONFIRMATION_OK"
9403,10408649907,10408649943,1,"IOTHUB_CLIENT_CONFIRMATION_OK"
9404,10408650107,10408650293,1,"IOTHUB_CLIENT_CONFIRMATION_OK"
9405,10408650307,10408650350,1,"IOTHUB_CLIENT_CONFIRMATION_OK"
9406,10408650507,10408650571,1,"IOTHUB_CLIENT_CONFIRMATION_OK"
9407,10408650708,10408650873,1,"IOTHUB_CLIENT_CONFIRMATION_OK"
9408,10408650908,10408650981,1,"IOTHUB_CLIENT_CONFIRMATION_OK"
9409,10408651108,10408651159,1,"IOTHUB_CLIENT_CONFIRMATION_OK"
9410,10408651308,10408651354,1,"IOTHUB_CLIENT_CONFIRMATION_OK"
9411,10408651508,10408651550,1,"IOTHUB_CLIENT_CONFIRMATION_OK"
9412,10408651708,10408651915,1,"IOTHUB_CLIENT_CONFIRMATION_OK"
9413,10408651909,10408651953,1,"IOTHUB_CLIENT_CONFIRMATION_OK"
9414,10408652109,10408652182,1,"IOTHUB_CLIENT_CONFIRMATION_OK"
9415,10408652309,10408652364,1,"IOTHUB_CLIENT_CONFIRMATION_OK"
9416,10408652509,10408652556,1,"IOTHUB_CLIENT_CONFIRMATION_OK"
9417,10408652709,10408652751,1,"IOTHUB_CLIENT_CONFIRMATION_OK"
9418,10408652909,10408652982,1,"IOTHUB_CLIENT_CONFIRMATION_OK"
9419,10408653110,10408653150,1,"IOTHUB_CLIENT_CONFIRMATION_OK"
9420,10408653310,10408653389,1,"IOTHUB_CLIENT_CONFIRMATION_OK"
9421,10408653510,10408653591,1,"IOTHUB_CLIENT_CONFIRMATION_OK"
9422,10408653710,10408653745,1,"IOTHUB_CLIENT_CONFIRMATION_OK"
9423,10408653910,10408654037,1,"IOTHUB_CLIENT_CONFIRMATION_OK"
9424,10408654110,10408654165,1,"IOTHUB_CLIENT_CONFIRMATION_OK"
9425,10408654310,10408654354,1,"IOTHUB_CLIENT_CONFIRMATION_OK"
9426,10408654511,10408654561,1,"IOTHUB_CLIENT_CONFIRMATION_OK"
9427,10408654711,10408654747,1,"IOTHUB_CLIENT_CONFIRMATION_OK"
9428,10408654911,10408655057,1,"IOTHUB_CLIENT_CONFIRMATION_OK"
9429,10408655111,10408655151,1,"IOTHUB_CLIENT_CONFIRMATION_OK"
9430,10408655311,10408655381,1,"IOTHUB_CLIENT_CONFIRMATION_OK"
9431,10408655511,10408655556,1,"IOTHUB_CLIENT_CONFIRMATION_OK"
9432,10408655712,10408655755,1,"IOTHUB_CLIENT_CONFIRMATION_OK"
9433,10408655912,10408656073,1,"IOTHUB_CLIENT_CONFIRMATION_OK"
9434,10408656112,10408656154,1,"IOTHUB_CLIENT_CONFIRMATION_OK"
9435,10408656312,10408656368,1,"IOTHUB_CLIENT_CONFIRMATION_OK"
9436,10408656512,10408656550,1,"IOTHUB_CLIENT_CONFIRMATION_OK"
9437,10408656712,10408656749,1,"IOTHUB_CLIENT_CONFIRMATION_OK"
9438,10408656912,10408656959,1,"IOTHUB_CLIENT_CONFIRMATION_OK"
9439,10408657113,10408657165,1,"IOTHUB_CLIENT_CONFIRMATION_OK"
9440,10408657313,10408657355,1,"IOTHUB_CLIENT_CONFIRMATION_OK"
9441,10408657513,10408657718,1,"IOTHUB_CLIENT_CONFIRMATION_OK"
9442,10408657713,10408657764,1,"IOTHUB_CLIENT_CONFIRMATION_OK"
9443,10408657913,10408657956,1,"IOTHUB_CLIENT_CONFIRMATION_OK"
9444,10408658113,10408658155,1,"IOTHUB_CLIENT_CONFIRMATION_OK"
9445,10408658313,10408658347,1,"IOTHUB_CLIENT_CONFIRMATION_OK"
9446,10408658514,10408658550,1,"IOTHUB_CLIENT_CONFIRMATION_OK"
9447,10408658714,10408658754,1,"IOTHUB_CLIENT_CONFIRMATION_OK"
9448,10408658914,10408658957,1,"IOTHUB_CLIENT_CONFIRMATION_OK"
9449,10408659114,10408659161,1,"IOTHUB_CLIENT_CONFIRMATION_OK"
9450,10408659314,10408659375,1,"IOTHUB_CLIENT_CONFIRMATION_OK"
9451,10408659514,10408659555,1,"IOTHUB_CLIENT_CONFIRMATION_OK"
9452,10408659715,10408659763,1,"IOTHUB_CLIENT_CONFIRMATION_OK"
9453,10408659915,10408659962,1,"IOTHUB_CLIENT_CONFIRMATION_OK"
9454,10408660115,10408660183,1,"IOTHUB_CLIENT_CONFIRMATION_OK"
9455,10408660315,10408660352,1,"IOTHUB_CLIENT_CONFIRMATION_OK"
9456,10408660515,10408660570,1,"IOTHUB_CLIENT_CONFIRMATION_OK"
9457,10408660715,10408660803,1,"IOTHUB_CLIENT_CONFIRMATION_OK"
9458,10408660915,10408660961,1,"IOTHUB_CLIENT_CONFIRMATION_OK"
9459,10408661116,10408661152,1,"IOTHUB_CLIENT_CONFIRMATION_OK"
9460,10408661316,10408661356,1,"IOTHUB_CLIENT_CONFIRMATION_OK"
9461,10408661516,10408661556,1,"IOTHUB_CLIENT_CONFIRMATION_OK"
9462,10408661716,10408661811,1,"IOTHUB_CLIENT_CONFIRMATION_OK"
9463,10408661916,10408661960,1,"IOTHUB_CLIENT_CONFIRMATION_OK"
9464,10408662117,10408662154,1,"IOTHUB_CLIENT_CONFIRMATION_OK"
9465,10408662317,10408662432,1,"IOTHUB_CLIENT_CONFIRMATION_OK"
9466,10408662517,10408662555,1,"IOTHUB_CLIENT_CONFIRMATION_OK"
9467,10408662717,10408662786,1,"IOTHUB_CLIENT_CONFIRMATION_OK"
9468,10408662917,10408662968,1,"IOTHUB_CLIENT_CONFIRMATION_OK"
9469,10408663117,10408663155,1,"IOTHUB_CLIENT_CONFIRMATION_OK"
9470,10408663317,10408663449,1,"IOTHUB_CLIENT_CONFIRMATION_OK"
9471,10408663518,10408663570,1,"IOTHUB_CLIENT_CONFIRMATION_OK"
9472,10408663718,10408663793,1,"IOTHUB_CLIENT_CONFIRMATION_OK"
9473,10408663918,10408663963,1,"IOTHUB_CLIENT_CONFIRMATION_OK"
9474,10408664118,10408664189,1,"IOTHUB_CLIENT_CONFIRMATION_OK"
9475,10408664318,10408664358,1,"IOTHUB_CLIENT_CONFIRMATION_OK"
9476,10408664518,10408664560,1,"IOTHUB_CLIENT_CONFIRMATION_OK"
9477,10408664719,10408664757,1,"IOTHUB_CLIENT_CONFIRMATION_OK"
9478,10408664919,10408665086,1,"IOTHUB_CLIENT_CONFIRMATION_OK"
9479,10408665119,10408665166,1,"IOTHUB_CLIENT_CONFIRMATION_OK"
9480,10408665319,10408665366,1,"IOTHUB_CLIENT_CONFIRMATION_OK"
9481,10408665519,10408665563,1,"IOTHUB_CLIENT_CONFIRMATION_OK"
9482,10408665719,10408665762,1,"IOTHUB_CLIENT_CONFIRMATION_OK"
9483,10408665920,10408666130,1,"IOTHUB_CLIENT_CONFIRMATION_OK"
9484,10408666120,10408666172,1,"IOTHUB_CLIENT_CONFIRMATION_OK"
9485,10408666320,10408666360,1,"IOTHUB_CLIENT_CONFIRMATION_OK"
9486,10408666520,10408666583,1,"IOTHUB_CLIENT_CONFIRMATION_OK"
9487,10408666720,10408666765,1,"IOTHUB_CLIENT_CONFIRMATION_OK"
9488,10408666920,10408666957,1,"IOTHUB_CLIENT_CONFIRMATION_OK"
9489,10408667120,10408667166,1,"IOTHUB_CLIENT_CONFIRMATION_OK"
9490,10408667321,10408667380,1,"IOTHUB_CLIENT_CONFIRMATION_OK"
9491,10408667521,10408667752,1,"IOTHUB_CLIENT_CONFIRMATION_OK"
9492,10408667721,10408667773,1,"IOTHUB_CLIENT_CONFIRMATION_OK"
9493,10408667921,10408667971,1,"IOTHUB_CLIENT_CONFIRMATION_OK"
9494,10408668121,10408668186,1,"IOTHUB_CLIENT_CONFIRMATION_OK"
9495,10408668321,10408668376,1,"IOTHUB_CLIENT_CONFIRMATION_OK"
9496,10408668522,10408668568,1,"IOTHUB_CLIENT_CONFIRMATION_OK"
9497,10408668722,10408668783,1,"IOTHUB_CLIENT_CONFIRMATION_OK"
9498,10408668922,10408668966,1,"IOTHUB_CLIENT_CONFIRMATION_OK"
9499,10408669122,10408669171,1,"IOTHUB_CLIENT_CONFIRMATION_OK"
9500,10408669322,10408669382,1,"IOTHUB_CLIENT_CONFIRMATION_OK"
9501,10408669522,10408669626,1,"IOTHUB_CLIENT_CONFIRMATION_OK"
9502,10408669722,10408669830,1,"IOTHUB_CLIENT_CONFIRMATION_OK"
9503,10408669923,10408669987,1,"IOTHUB_CLIENT_CONFIRMATION_OK"
9504,10408670123,10408670218,1,"IOTHUB_CLIENT_CONFIRMATION_OK"
9505,10408670323,10408670364,1,"IOTHUB_CLIENT_CONFIRMATION_OK"
9506,10408670523,10408670600,1,"IOTHUB_CLIENT_CONFIRMATION_OK"
9507,10408670723,10408670857,1,"IOTHUB_CLIENT_CONFIRMATION_OK"
9508,10408670924,10408670972,1,"IOTHUB_CLIENT_CONFIRMATION_OK"
9509,10408671124,10408671167,1,"IOTHUB_CLIENT_CONFIRMATION_OK"
9510,10408671324,10408671385,1,"IOTHUB_CLIENT_CONFIRMATION_OK"
9511,10408671524,10408671568,1,"IOTHUB_CLIENT_CONFIRMATION_OK"
9512,10408671724,10408671854,1,"IOTHUB_CLIENT_CONFIRMATION_OK"
9513,10408671924,10408671964,1,"IOTHUB_CLIENT_CONFIRMATION_OK"
9514,10408672125,10408672170,1,"IOTHUB_CLIENT_CONFIRMATION_OK"
9515,10408672325,10408672489,1,"IOTHUB_CLIENT_CONFIRMATION_OK"
9516,10408672525,10408672566,1,"IOTHUB_CLIENT_CONFIRMATION_OK"
9517,10408672725,10408672766,1,"IOTHUB_CLIENT_CONFIRMATION_OK"
9518,10408672925,10408672968,1,"IOTHUB_CLIENT_CONFIRMATION_OK"
9519,10408673125,10408673164,1,"IOTHUB_CLIENT_CONFIRMATION_OK"
9520,10408673326,10408673475,1,"IOTHUB_CLIENT_CONFIRMATION_OK"
9521,10408673526,10408673563,1,"IOTHUB_CLIENT_CONFIRMATION_OK"
9522,10408673726,10408673767,1,"IOTHUB_CLIENT_CONFIRMATION_OK"
9523,10408673926,10408673969,1,"IOTHUB_CLIENT_CONFIRMATION_OK"
9524,10408674126,10408674294,1,"IOTHUB_CLIENT_CONFIRMATION_OK"
9525,10408674326,10408674376,1,"IOTHUB_CLIENT_CONFIRMATION_OK"
9526,10408674526,10408674568,1,"IOTHUB_CLIENT_CONFIRMATION_OK"
9527,10408674727,10408674784,1,"IOTHUB_CLIENT_CONFIRMATION_OK"
9528,10408674927,10408675131,1,"IOTHUB_CLIENT_CONFIRMATION_OK"
9529,10408675127,10408675165,1,"IOTHUB_CLIENT_CONFIRMATION_OK"
9530,10408675327,10408675365,1,"IOTHUB_CLIENT_CONFIRMATION_OK"
9531,10408675527,10408675576,1,"IOTHUB_CLIENT_CONFIRMATION_OK"
9532,10408675727,10408675812,1,"IOTHUB_CLIENT_CONFIRMATION_OK"
9533,10408675928,10408676131,1,"IOTHUB_CLIENT_CONFIRMATION_OK"
9534,10408676128,10408676197,1,"IOTHUB_CLIENT_CONFIRMATION_OK"
9535,10408676328,10408676385,1,"IOTHUB_CLIENT_CONFIRMATION_OK"
9536,10408676528,10408676575,1,"IOTHUB_CLIENT_CONFIRMATION_OK"
9537,10408676728,10408676773,1,"IOTHUB_CLIENT_CONFIRMATION_OK"
9538,10408676928,10408676967,1,"IOTHUB_CLIENT_CONFIRMATION_OK"
9539,10408677129,10408677171,1,"IOTHUB_CLIENT_CONFIRMATION_OK"
9540,10408677329,10408677383,1,"IOTHUB_CLIENT_CONFIRMATION_OK"
9541,10408677529,10408677654,1,"IOTHUB_CLIENT_CONFIRMATION_OK"
9542,10408677729,10408677773,1,"IOTHUB_CLIENT_CONFIRMATION_OK"
9543,10408677929,10408677980,1,"IOTHUB_CLIENT_CONFIRMATION_OK"
9544,10408678129,10408678175,1,"IOTHUB_CLIENT_CONFIRMATION_OK"
9545,10408678329,10408678374,1,"IOTHUB_CLIENT_CONFIRMATION_OK"
9546,10408678530,10408678580,1,"IOTHUB_CLIENT_CONFIRMATION_OK"
9547,10408678730,10408678776,1,"IOTHUB_CLIENT_CONFIRMATION_OK"
9548,10408678930,10408678992,1,"IOTHUB_CLIENT_CONFIRMATION_OK"
9549,10408679130,10408679282,1,"IOTHUB_CLIENT_CONFIRMATION_OK"
9550,10408679330,10408679373,1,"IOTHUB_CLIENT_CONFIRMATION_OK"
9551,10408679530,10408679607,1,"IOTHUB_CLIENT_CONFIRMATION_OK"
9552,10408679731,10408679797,1,"IOTHUB_CLIENT_CONFIRMATION_OK"
9553,10408679931,10408679973,1,"IOTHUB_CLIENT_CONFIRMATION_OK"
9554,10408680131,10408680328,1,"IOTHUB_CLIENT_CONFIRMATION_OK"
9555,10408680331,10408680380,1,"IOTHUB_CLIENT_CONFIRMATION_OK"
9556,10408680531,10408680568,1,"IOTHUB_CLIENT_CONFIRMATION_OK"
9557,10408680731,10408680775,1,"IOTHUB_CLIENT_CONFIRMATION_OK"
9558,10408680932,10408680984,1,"IOTHUB_CLIENT_CONFIRMATION_OK"
9559,10408681132,10408681175,1,"IOTHUB_CLIENT_CONFIRMATION_OK"
9560,10408681332,10408681369,1,"IOTHUB_CLIENT_CONFIRMATION_OK"
9561,10408681532,10408681575,1,"IOTHUB_CLIENT_CONFIRMATION_OK"
9562,10408681732,10408681940,1,"IOTHUB_CLIENT_CONFIRMATION_OK"
9563,10408681932,10408681981,1,"IOTHUB_CLIENT_CONFIRMATION_OK"
9564,10408682132,10408682171,1,"IOTHUB_CLIENT_CONFIRMATION_OK"
9565,10408682333,10408682374,1,"IOTHUB_CLIENT_CONFIRMATION_OK"
9566,10408682533,10408682578,1,"IOTHUB_CLIENT_CONFIRMATION_OK"
9567,10408682733,10408682770,1,"IOTHUB_CLIENT_CONFIRMATION_OK"
9568,10408682933,10408682996,1,"IOTHUB_CLIENT_CONFIRMATION_OK"
9569,10408683133,10408683174,1,"IOTHUB_CLIENT_CONFIRMATION_OK"
9570,10408683333,10408683471,1,"IOTHUB_CLIENT_CONFIRMATION_OK"
9571,10408683534,10408683609,1,"IOTHUB_CLIENT_CONFIRMATION_OK"
9572,10408683734,10408683776,1,"IOTHUB_CLIENT_CONFIRMATION_OK"
9573,10408683934,10408683978,1,"IOTHUB_CLIENT_CONFIRMATION_OK"
9574,10408684134,10408684179,1,"IOTHUB_CLIENT_CONFIRMATION_OK"
9575,10408684334,10408684377,1,"IOTHUB_CLIENT_CONFIRMATION_OK"
9576,10408684534,10408684573,1,"IOTHUB_CLIENT_CONFIRMATION_OK"
9577,10408684735,10408684775,1,"IOTHUB_CLIENT_CONFIRMATION_OK"
9578,10408684935,10408685104,1,"IOTHUB_CLIENT_CONFIRMATION_OK"
9579,10408685135,10408685187,1,"IOTHUB_CLIENT_CONFIRMATION_OK"
9580,10408685335,10408685381,1,"IOTHUB_CLIENT_CONFIRMATION_OK"
9581,10408685535,10408685577,1,"IOTHUB_CLIENT_CONFIRMATION_OK"
9582,10408685735,10408685782,1,"IOTHUB_CLIENT_CONFIRMATION_OK"
9583,10408685935,10408686132,1,"IOTHUB_CLIENT_CONFIRMATION_OK"
9584,10408686136,10408686184,1,"IOTHUB_CLIENT_CONFIRMATION_OK"
9585,10408686336,10408686381,1,"IOTHUB_CLIENT_CONFIRMATION_OK"
9586,10408686536,10408686643,1,"IOTHUB_CLIENT_CONFIRMATION_OK"
9587,10408686736,10408686781,1,"IOTHUB_CLIENT_CONFIRMATION_OK"
9588,10408686936,10408686978,1,"IOTHUB_CLIENT_CONFIRMATION_OK"
9589,10408687136,10408687203,1,"IOTHUB_CLIENT_CONFIRMATION_OK"
9590,10408687336,10408687371,1,"IOTHUB_CLIENT_CONFIRMATION_OK"
9591,10408687537,10408687672,1,"IOTHUB_CLIENT_CONFIRMATION_OK"
9592,10408687737,10408687787,1,"IOTHUB_CLIENT_CONFIRMATION_OK"
9593,10408687937,10408687977,1,"IOTHUB_CLIENT_CONFIRMATION_OK"
9594,10408688137,10408688271,1,"IOTHUB_CLIENT_CONFIRMATION_OK"
9595,10408688337,10408688373,1,"IOTHUB_CLIENT_CONFIRMATION_OK"
9596,10408688537,10408688581,1,"IOTHUB_CLIENT_CONFIRMATION_OK"
9597,10408688738,10408688868,1,"IOTHUB_CLIENT_CONFIRMATION_OK"
9598,10408688938,10408688980,1,"IOTHUB_CLIENT_CONFIRMATION_OK"
9599,10408689138,10408689299,1,"IOTHUB_CLIENT_CONFIRMATION_OK"
9600,10408689338,10408689375,1,"IOTHUB_CLIENT_CONFIRMATION_OK"
9601,10408689538,10408689575,1,"IOTHUB_CLIENT_CONFIRMATION_OK"
9602,10408689738,10408689797,1,"IOTHUB_CLIENT_CONFIRMATION_OK"
9603,10408689939,10408689987,1,"IOTHUB_CLIENT_CONFIRMATION_OK"
9604,10408690139,10408690343,1,"IOTHUB_CLIENT_CONFIRMATION_OK"
9605,10408690339,10408690379,1,"IOTHUB_CLIENT_CONFIRMATION_OK"
9606,10408690539,10408690582,1,"IOTHUB_CLIENT_CONFIRMATION_OK"
9607,10408690739,10408690785,1,"IOTHUB_CLIENT_CONFIRMATION_OK"
9608,10408690939,10408691001,1,"IOTHUB_CLIENT_CONFIRMATION_OK"
9609,10408691139,10408691179,1,"IOTHUB_CLIENT_CONFIRMATION_OK"
9610,10408691340,10408691378,1,"IOTHUB_CLIENT_CONFIRMATION_OK"
9611,10408691540,10408691587,1,"IOTHUB_CLIENT_CONFIRMATION_OK"
9612,10408691740,10408691812,1,"IOTHUB_CLIENT_CONFIRMATION_OK"
9613,10408691940,10408691979,1,"IOTHUB_CLIENT_CONFIRMATION_OK"
9614,10408692140,10408692182,1,"IOTHUB_CLIENT_CONFIRMATION_OK"
9615,10408692340,10408692417,1,"IOTHUB_CLIENT_CONFIRMATION_OK"
9616,10408692541,10408692608,1,"IOTHUB_CLIENT_CONFIRMATION_OK"
9617,10408692741,10408692783,1,"IOTHUB_CLIENT_CONFIRMATION_OK"
9618,10408692941,10408692986,1,"IOTHUB_CLIENT_CONFIRMATION_OK"
9619,10408693141,10408693200,1,"IOTHUB_CLIENT_CONFIRMATION_OK"
9620,10408693341,10408693536,1,"IOTHUB_CLIENT_CONFIRMATION_OK"
9621,10408693541,10408693582,1,"IOTHUB_CLIENT_CONFIRMATION_OK"
9622,10408693742,10408693801,1,"IOTHUB_CLIENT_CONFIRMATION_OK"
9623,10408693942,10408694051,1,"IOTHUB_CLIENT_CONFIRMATION_OK"
9624,10408694142,10408694190,1,"IOTHUB_CLIENT_CONFIRMATION_OK"
9625,10408694342,10408694393,1,"IOTHUB_CLIENT_CONFIRMATION_OK"
9626,10408694542,10408694595,1,"IOTHUB_CLIENT_CONFIRMATION_OK"
9627,10408694742,10408694797,1,"IOTHUB_CLIENT_CONFIRMATION_OK"
9628,10408694943,10408695066,1,"IOTHUB_CLIENT_CONFIRMATION_OK"
9629,10408695143,10408695184,1,"IOTHUB_CLIENT_CONFIRMATION_OK"
9630,10408695343,10408695379,1,"IOTHUB_CLIENT_CONFIRMATION_OK"
9631,10408695543,10408695593,1,"IOTHUB_CLIENT_CONFIRMATION_OK"
9632,10408695743,10408695790,1,"IOTHUB_CLIENT_CONFIRMATION_OK"
9633,10408695943,10408696095,1,"IOTHUB_CLIENT_CONFIRMATION_OK"
9634,10408696143,10408696221,1,"IOTHUB_CLIENT_CONFIRMATION_OK"
9635,10408696344,10408696388,1,"IOTHUB_CLIENT_CONFIRMATION_OK"
9636,10408696544,10408696599,1,"IOTHUB_CLIENT_CONFIRMATION_OK"
9637,10408696744,10408696810,1,"IOTHUB_CLIENT_CONFIRMATION_OK"
9638,10408696944,10408696987,1,"IOTHUB_CLIENT_CONFIRMATION_OK"
9639,10408697144,10408697187,1,"IOTHUB_CLIENT_CONFIRMATION_OK"
9640,10408697344,10408697391,1,"IOTHUB_CLIENT_CONFIRMATION_OK"
9641,10408697545,10408697752,1,"IOTHUB_CLIENT_CONFIRMATION_OK"
9642,10408697745,10408697791,1,"IOTHUB_CLIENT_CONFIRMATION_OK"
9643,10408697945,10408698005,1,"IOTHUB_CLIENT_CONFIRMATION_OK"
9644,10408698145,10408698198,1,"IOTHUB_CLIENT_CONFIRMATION_OK"
9645,10408698345,10408698396,1,"IOTHUB_CLIENT_CONFIRMATION_OK"
9646,10408698545,10408698642,1,"IOTHUB_CLIENT_CONFIRMATION_OK"
9647,10408698746,10408698837,1,"IOTHUB_CLIENT_CONFIRMATION_OK"
9648,10408698946,10408698996,1,"IOTHUB_CLIENT_CONFIRMATION_OK"
9649,10408699146,10408699240,1,"IOTHUB_CLIENT_CONFIRMATION_OK"
9650,10408699346,10408699384,1,"IOTHUB_CLIENT_CONFIRMATION_OK"
9651,10408699546,10408699588,1,"IOTHUB_CLIENT_CONFIRMATION_OK"
9652,10408699746,10408699829,1,"IOTHUB_CLIENT_CONFIRMATION_OK"
9653,10408699946,10408700008,1,"IOTHUB_CLIENT_CONFIRMATION_OK"
9654,10408700147,10408700288,1,"IOTHUB_CLIENT_CONFIRMATION_OK"
9655,10408700347,10408700395,1,"IOTHUB_CLIENT_CONFIRMATION_OK"
9656,10408700547,10408700583,1,"IOTHUB_CLIENT_CONFIRMATION_OK"
9657,10408700747,10408700899,1,"IOTHUB_CLIENT_CONFIRMATION_OK"
9658,10408700947,10408701051,1,"IOTHUB_CLIENT_CONFIRMATION_OK"
9659,10408701147,10408701190,1,"IOTHUB_CLIENT_CONFIRMATION_OK"
9660,10408701348,10408701387,1,"IOTHUB_CLIENT_CONFIRMATION_OK"
9661,10408701548,10408701601,1,"IOTHUB_CLIENT_CONFIRMATION_OK"
9662,10408701748,10408701915,1,"IOTHUB_CLIENT_CONFIRMATION_OK"
9663,10408701948,10408701990,1,"IOTHUB_CLIENT_CONFIRMATION_OK"
9664,10408702148,10408702211,1,"IOTHUB_CLIENT_CONFIRMATION_OK"
9665,10408702348,10408702395,1,"IOTHUB_CLIENT_CONFIRMATION_OK"
9666,10408702549,10408702596,1,"IOTHUB_CLIENT_CONFIRMATION_OK"
9667,10408702749,10408702786,1,"IOTHUB_CLIENT_CONFIRMATION_OK"
9668,10408702949,10408703083,1,"IOTHUB_CLIENT_CONFIRMATION_OK"
9669,10408703149,10408703215,1,"IOTHUB_CLIENT_CONFIRMATION_OK"
9670,10408703349,10408703401,1,"IOTHUB_CLIENT_CONFIRMATION_OK"
9671,10408703549,10408703617,1,"IOTHUB_CLIENT_CONFIRMATION_OK"
9672,10408703749,10408703799,1,"IOTHUB_CLIENT_CONFIRMATION_OK"
9673,10408703950,10408704012,1,"IOTHUB_CLIENT_CONFIRMATION_OK"
9674,10408704150,10408704191,1,"IOTHUB_CLIENT_CONFIRMATION_OK"
9675,10408704350,10408704427,1,"IOTHUB_CLIENT_CONFIRMATION_OK"
9676,10408704550,10408704598,1,"IOTHUB_CLIENT_CONFIRMATION_OK"
9677,10408704750,10408704805,1,"IOTHUB_CLIENT_CONFIRMATION_OK"
9678,10408704950,10408705031,1,"IOTHUB_CLIENT_CONFIRMATION_OK"
9679,10408705151,10408705189,1,"IOTHUB_CLIENT_CONFIRMATION_OK"
9680,10408705351,10408705394,1,"IOTHUB_CLIENT_CONFIRMATION_OK"
9681,10408705551,10408705655,1,"IOTHUB_CLIENT_CONFIRMATION_OK"
9682,10408705751,10408705795,1,"IOTHUB_CLIENT_CONFIRMATION_OK"
9683,10408705951,10408706062,1,"IOTHUB_CLIENT_CONFIRMATION_OK"
9684,10408706151,10408706197,1,"IOTHUB_CLIENT_CONFIRMATION_OK"
9685,10408706351,10408706444,1,"IOTHUB_CLIENT_CONFIRMATION_OK"
9686,10408706552,10408706722,1,"IOTHUB_CLIENT_CONFIRMATION_OK"
9687,10408706752,10408706821,1,"IOTHUB_CLIENT_CONFIRMATION_OK"
9688,10408706952,10408706991,1,"IOTHUB_CLIENT_CONFIRMATION_OK"
9689,10408707152,10408707201,1,"IOTHUB_CLIENT_CONFIRMATION_OK"
9690,10408707352,10408707390,1,"IOTHUB_CLIENT_CONFIRMATION_OK"
9691,10408707552,10408707590,1,"IOTHUB_CLIENT_CONFIRMATION_OK"
9692,10408707753,10408707810,1,"IOTHUB_CLIENT_CONFIRMATION_OK"
9693,10408707953,10408707995,1,"IOTHUB_CLIENT_CONFIRMATION_OK"
9694,10408708153,10408708191,1,"IOTHUB_CLIENT_CONFIRMATION_OK"
9695,10408708353,10408708390,1,"IOTHUB_CLIENT_CONFIRMATION_OK"
9696,10408708553,10408708595,1,"IOTHUB_CLIENT_CONFIRMATION_OK"
9697,10408708753,10408708805,1,"IOTHUB_CLIENT_CONFIRMATION_OK"
9698,10408708953,10408709003,1,"IOTHUB_CLIENT_CONFIRMATION_OK"
9699,10408709154,10408709336,1,"IOTHUB_CLIENT_CONFIRMATION_OK"
9700,10408709354,10408709402,1,"IOTHUB_CLIENT_CONFIRMATION_OK"
9701,10408709554,10408709594,1,"IOTHUB_CLIENT_CONFIRMATION_OK"
9702,10408709754,10408709797,1,"IOTHUB_CLIENT_CONFIRMATION_OK"
9703,10408709954,10408709997,1,"IOTHUB_CLIENT_CONFIRMATION_OK"
9704,10408710154,10408710355,1,"IOTHUB_CLIENT_CONFIRMATION_OK"
9705,10408710355,10408710417,1,"IOTHUB_CLIENT_CONFIRMATION_OK"
9706,10408710555,10408710598,1,"IOTHUB_CLIENT_CONFIRMATION_OK"
9707,10408710755,10408710803,1,"IOTHUB_CLIENT_CONFIRMATION_OK"
9708,10408710955,10408711021,1,"IOTHUB_CLIENT_CONFIRMATION_OK"
9709,10408711155,10408711192,1,"IOTHUB_CLIENT_CONFIRMATION_OK"
9710,10408711355,10408711410,1,"IOTHUB_CLIENT_CONFIRMATION_OK"
9711,10408711555,10408711596,1,"IOTHUB_CLIENT_CONFIRMATION_OK"
9712,10408711756,10408711843,1,"IOTHUB_CLIENT_CONFIRMATION_OK"
9713,10408711956,10408711997,1,"IOTHUB_CLIENT_CONFIRMATION_OK"
9714,10408712156,10408712222,1,"IOTHUB_CLIENT_CONFIRMATION_OK"
9715,10408712356,10408712396,1,"IOTHUB_CLIENT_CONFIRMATION_OK"
9716,10408712556,10408712610,1,"IOTHUB_CLIENT_CONFIRMATION_OK"
9717,10408712756,10408712860,1,"IOTHUB_CLIENT_CONFIRMATION_OK"
9718,10408712957,10408713095,1,"IOTHUB_CLIENT_CONFIRMATION_OK"
9719,10408713157,10408713205,1,"IOTHUB_CLIENT_CONFIRMATION_OK"
9720,10408713357,10408713494,1,"IOTHUB_CLIENT_CONFIRMATION_OK"
9721,10408713557,10408713594,1,"IOTHUB_CLIENT_CONFIRMATION_OK"
9722,10408713757,10408713796,1,"IOTHUB_CLIENT_CONFIRMATION_OK"
9723,10408713957,10408713996,1,"IOTHUB_CLIENT_CONFIRMATION_OK"
9724,10408714158,10408714198,1,"IOTHUB_CLIENT_CONFIRMATION_OK"
9725,10408714358,10408714457,1,"IOTHUB_CLIENT_CONFIRMATION_OK"
9726,10408714558,10408714601,1,"IOTHUB_CLIENT_CONFIRMATION_OK"
9727,10408714758,10408714799,1,"IOTHUB_CLIENT_CONFIRMATION_OK"
9728,10408714958,10408715103,1,"IOTHUB_CLIENT_CONFIRMATION_OK"
9729,10408715158,10408715246,1,"IOTHUB_CLIENT_CONFIRMATION_OK"
9730,10408715358,10408715405,1,"IOTHUB_CLIENT_CONFIRMATION_OK"
9731,10408715559,10408715598,1,"IOTHUB_CLIENT_CONFIRMATION_OK"
9732,10408715759,10408715803,1,"IOTHUB_CLIENT_CONFIRMATION_OK"
9733,10408715959,10408716119,1,"IOTHUB_CLIENT_CONFIRMATION_OK"
9734,10408716159,10408716236,1,"IOTHUB_CLIENT_CONFIRMATION_OK"
9735,10408716359,10408716405,1,"IOTHUB_CLIENT_CONFIRMATION_OK"
9736,10408716559,10408716594,1,"IOTHUB_CLIENT_CONFIRMATION_OK"
9737,10408716760,10408716797,1,"IOTHUB_CLIENT_CONFIRMATION_OK"
9738,10408716960,10408717034,1,"IOTHUB_CLIENT_CONFIRMATION_OK"
9739,10408717160,10408717252,1,"IOTHUB_CLIENT_CONFIRMATION_OK"
9740,10408717360,10408717421,1,"IOTHUB_CLIENT_CONFIRMATION_OK"
9741,10408717560,10408717740,1,"IOTHUB_CLIENT_CONFIRMATION_OK"
9742,10408717760,10408717813,1,"IOTHUB_CLIENT_CONFIRMATION_OK"
9743,10408717961,10408717996,1,"IOTHUB_CLIENT_CONFIRMATION_OK"
9744,10408718161,10408718200,1,"IOTHUB_CLIENT_CONFIRMATION_OK"
9745,10408718361,10408718449,1,"IOTHUB_CLIENT_CONFIRMATION_OK"
9746,10408718561,10408718603,1,"IOTHUB_CLIENT_CONFIRMATION_OK"
9747,10408718761,10408718812,1,"IOTHUB_CLIENT_CONFIRMATION_OK"
9748,10408718961,10408718997,1,"IOTHUB_CLIENT_CONFIRMATION_OK"
9749,10408719162,10408719206,1,"IOTHUB_CLIENT_CONFIRMATION_OK"
9750,10408719362,10408719407,1,"IOTHUB_CLIENT_CONFIRMATION_OK"
9751,10408719562,10408719610,1,"IOTHUB_CLIENT_CONFIRMATION_OK"
9752,10408719762,10408719802,1,"IOTHUB_CLIENT_CONFIRMATION_OK"
9753,10408719962,10408720018,1,"IOTHUB_CLIENT_CONFIRMATION_OK"
9754,10408720162,10408720201,1,"IOTHUB_CLIENT_CONFIRMATION_OK"
9755,10408720363,10408720402,1,"IOTHUB_CLIENT_CONFIRMATION_OK"
9756,10408720563,10408720603,1,"IOTHUB_CLIENT_CONFIRMATION_OK"
9757,10408720763,10408720867,1,"IOTHUB_CLIENT_CONFIRMATION_OK"
9758,10408720963,10408720999,1,"IOTHUB_CLIENT_CONFIRMATION_OK"
9759,10408721163,10408721209,1,"IOTHUB_CLIENT_CONFIRMATION_OK"
9760,10408721363,10408721497,1,"IOTHUB_CLIENT_CONFIRMATION_OK"
9761,10408721563,10408721625,1,"IOTHUB_CLIENT_CONFIRMATION_OK"
9762,10408721764,10408721864,1,"IOTHUB_CLIENT_CONFIRMATION_OK"
9763,10408721964,10408722012,1,"IOTHUB_CLIENT_CONFIRMATION_OK"
9764,10408722164,10408722200,1,"IOTHUB_CLIENT_CONFIRMATION_OK"
9765,10408722364,10408722471,1,"IOTHUB_CLIENT_CONFIRMATION_OK"
9766,10408722564,10408722636,1,"IOTHUB_CLIENT_CONFIRMATION_OK"
9767,10408722764,10408722803,1,"IOTHUB_CLIENT_CONFIRMATION_OK"
9768,10408722965,10408723010,1,"IOTHUB_CLIENT_CONFIRMATION_OK"
9769,10408723165,10408723204,1,"IOTHUB_CLIENT_CONFIRMATION_OK"
9770,10408723365,10408723551,1,"IOTHUB_CLIENT_CONFIRMATION_OK"
9771,10408723565,10408723607,1,"IOTHUB_CLIENT_CONFIRMATION_OK"
9772,10408723765,10408723808,1,"IOTHUB_CLIENT_CONFIRMATION_OK"
9773,10408723965,10408724063,1,"IOTHUB_CLIENT_CONFIRMATION_OK"
9774,10408724165,10408724239,1,"IOTHUB_CLIENT_CONFIRMATION_OK"
9775,10408724366,10408724409,1,"IOTHUB_CLIENT_CONFIRMATION_OK"
9776,10408724566,10408724612,1,"IOTHUB_CLIENT_CONFIRMATION_OK"
9777,10408724766,10408724804,1,"IOTHUB_CLIENT_CONFIRMATION_OK"
9778,10408724966,10408725005,1,"IOTHUB_CLIENT_CONFIRMATION_OK"
9779,10408725166,10408725224,1,"IOTHUB_CLIENT_CONFIRMATION_OK"
9780,10408725366,10408725415,1,"IOTHUB_CLIENT_CONFIRMATION_OK"
9781,10408725567,10408725605,1,"IOTHUB_CLIENT_CONFIRMATION_OK"
9782,10408725767,10408725815,1,"IOTHUB_CLIENT_CONFIRMATION_OK"
9783,10408725967,10408726202,1,"IOTHUB_CLIENT_CONFIRMATION_OK"
9784,10408726167,10408726229,1,"IOTHUB_CLIENT_CONFIRMATION_OK"
9785,10408726367,10408726403,1,"IOTHUB_CLIENT_CONFIRMATION_OK"
9786,10408726567,10408726612,1,"IOTHUB_CLIENT_CONFIRMATION_OK"
9787,10408726768,10408726820,1,"IOTHUB_CLIENT_CONFIRMATION_OK"
9788,10408726968,10408727006,1,"IOTHUB_CLIENT_CONFIRMATION_OK"
9789,10408727168,10408727213,1,"IOTHUB_CLIENT_CONFIRMATION_OK"
9790,10408727368,10408727408,1,"IOTHUB_CLIENT_CONFIRMATION_OK"
9791,10408727568,10408727634,1,"IOTHUB_CLIENT_CONFIRMATION_OK"
9792,10408727768,10408727821,1,"IOTHUB_CLIENT_CONFIRMATION_OK"
9793,10408727968,10408728073,1,"IOTHUB_CLIENT_CONFIRMATION_OK"
9794,10408728169,10408728251,1,"IOTHUB_CLIENT_CONFIRMATION_OK"
9795,10408728369,10408728410,1,"IOTHUB_CLIENT_CONFIRMATION_OK"
9796,10408728569,10408728606,1,"IOTHUB_CLIENT_CONFIRMATION_OK"
9797,10408728769,10408728818,1,"IOTHUB_CLIENT_CONFIRMATION_OK"
9798,10408728969,10408729009,1,"IOTHUB_CLIENT_CONFIRMATION_OK"
9799,10408729169,10408729273,1,"IOTHUB_CLIENT_CONFIRMATION_OK"
9800,10408729370,10408729499,1,"IOTHUB_CLIENT_CONFIRMATION_OK"
9801,10408729570,10408729615,1,"IOTHUB_CLIENT_CONFIRMATION_OK"
9802,10408729770,10408729817,1,"IOTHUB_CLIENT_CONFIRMATION_OK"
9803,10408729970,10408730008,1,"IOTHUB_CLIENT_CONFIRMATION_OK"
9804,10408730170,10408730303,1,"IOTHUB_CLIENT_CONFIRMATION_OK"
9805,10408730370,10408730415,1,"IOTHUB_CLIENT_CONFIRMATION_OK"
9806,10408730571,10408730633,1,"IOTHUB_CLIENT_CONFIRMATION_OK"
9807,10408730771,10408730919,1,"IOTHUB_CLIENT_CONFIRMATION_OK"
9808,10408730971,10408731015,1,"IOTHUB_CLIENT_CONFIRMATION_OK"
9809,10408731171,10408731207,1,"IOTHUB_CLIENT_CONFIRMATION_OK"
9810,10408731371,10408731416,1,"IOTHUB_CLIENT_CONFIRMATION_OK"
9811,10408731571,10408731627,1,"IOTHUB_CLIENT_CONFIRMATION_OK"
9812,10408731771,10408731924,1,"IOTHUB_CLIENT_CONFIRMATION_OK"
9813,10408731972,10408732010,1,"IOTHUB_CLIENT_CONFIRMATION_OK"
9814,10408732172,10408732209,1,"IOTHUB_CLIENT_CONFIRMATION_OK"
9815,10408732372,10408732427,1,"IOTHUB_CLIENT_CONFIRMATION_OK"
9816,10408732572,10408732609,1,"IOTHUB_CLIENT_CONFIRMATION_OK"
9817,10408732772,10408732813,1,"IOTHUB_CLIENT_CONFIRMATION_OK"
9818,10408732972,10408733029,1,"IOTHUB_CLIENT_CONFIRMATION_OK"
9819,10408733173,10408733221,1,"IOTHUB_CLIENT_CONFIRMATION_OK"
9820,10408733373,10408733582,1,"IOTHUB_CLIENT_CONFIRMATION_OK"
9821,10408733573,10408733611,1,"IOTHUB_CLIENT_CONFIRMATION_OK"
9822,10408733773,10408733816,1,"IOTHUB_CLIENT_CONFIRMATION_OK"
9823,10408733973,10408734087,1,"IOTHUB_CLIENT_CONFIRMATION_OK"
9824,10408734173,10408734211,1,"IOTHUB_CLIENT_CONFIRMATION_OK"
9825,10408734374,10408734420,1,"IOTHUB_CLIENT_CONFIRMATION_OK"
9826,10408734574,10408734616,1,"IOTHUB_CLIENT_CONFIRMATION_OK"
9827,10408734774,10408734815,1,"IOTHUB_CLIENT_CONFIRMATION_OK"
9828,10408734974,10408735016,1,"IOTHUB_CLIENT_CONFIRMATION_OK"
9829,10408735174,10408735212,1,"IOTHUB_CLIENT_CONFIRMATION_OK"
9830,10408735374,10408735414,1,"IOTHUB_CLIENT_CONFIRMATION_OK"
9831,10408735574,10408735614,1,"IOTHUB_CLIENT_CONFIRMATION_OK"
9832,10408735775,10408735811,1,"IOTHUB_CLIENT_CONFIRMATION_OK"
9833,10408735975,10408736195,1,"IOTHUB_CLIENT_CONFIRMATION_OK"
9834,10408736175,10408736228,1,"IOTHUB_CLIENT_CONFIRMATION_OK"
9835,10408736375,10408736411,1,"IOTHUB_CLIENT_CONFIRMATION_OK"
9836,10408736575,10408736630,1,"IOTHUB_CLIENT_CONFIRMATION_OK"
9837,10408736775,10408736823,1,"IOTHUB_CLIENT_CONFIRMATION_OK"
9838,10408736976,10408737027,1,"IOTHUB_CLIENT_CONFIRMATION_OK"
9839,10408737176,10408737218,1,"IOTHUB_CLIENT_CONFIRMATION_OK"
9840,10408737376,10408737414,1,"IOTHUB_CLIENT_CONFIRMATION_OK"
9841,10408737576,10408737646,1,"IOTHUB_CLIENT_CONFIRMATION_OK"
9842,10408737776,10408737842,1,"IOTHUB_CLIENT_CONFIRMATION_OK"
9843,10408737976,10408738100,1,"IOTHUB_CLIENT_CONFIRMATION_OK"
9844,10408738177,10408738302,1,"IOTHUB_CLIENT_CONFIRMATION_OK"
9845,10408738377,10408738419,1,"IOTHUB_CLIENT_CONFIRMATION_OK"
9846,10408738577,10408738616,1,"IOTHUB_CLIENT_CONFIRMATION_OK"
9847,10408738777,10408738924,1,"IOTHUB_CLIENT_CONFIRMATION_OK"
9848,10408738977,10408739016,1,"IOTHUB_CLIENT_CONFIRMATION_OK"
9849,10408739177,10408739387,1,"IOTHUB_CLIENT_CONFIRMATION_OK"
9850,10408739378,10408739414,1,"IOTHUB_CLIENT_CONFIRMATION_OK"
9851,10408739578,10408739634,1,"IOTHUB_CLIENT_CONFIRMATION_OK"
9852,10408739778,10408739821,1,"IOTHUB_CLIENT_CONFIRMATION_OK"
9853,10408739978,10408740018,1,"IOTHUB_CLIENT_CONFIRMATION_OK"
9854,10408740178,10408740381,1,"IOTHUB_CLIENT_CONFIRMATION_OK"
9855,10408740378,10408740424,1,"IOTHUB_CLIENT_CONFIRMATION_OK"
9856,10408740578,10408740612,1,"IOTHUB_CLIENT_CONFIRMATION_OK"
9857,10408740779,10408740823,1,"IOTHUB_CLIENT_CONFIRMATION_OK"
9858,10408740979,10408741040,1,"IOTHUB_CLIENT_CONFIRMATION_OK"
9859,10408741179,10408741223,1,"IOTHUB_CLIENT_CONFIRMATION_OK"
9860,10408741379,10408741431,1,"IOTHUB_CLIENT_CONFIRMATION_OK"
9861,10408741579,10408741675,1,"IOTHUB_CLIENT_CONFIRMATION_OK"
9862,10408741779,10408741998,1,"IOTHUB_CLIENT_CONFIRMATION_OK"
9863,10408741979,10408742030,1,"IOTHUB_CLIENT_CONFIRMATION_OK"
9864,10408742180,10408742242,1,"IOTHUB_CLIENT_CONFIRMATION_OK"
9865,10408742380,10408742426,1,"IOTHUB_CLIENT_CONFIRMATION_OK"
9866,10408742580,10408742621,1,"IOTHUB_CLIENT_CONFIRMATION_OK"
9867,10408742780,10408742822,1,"IOTHUB_CLIENT_CONFIRMATION_OK"
9868,10408742980,10408743023,1,"IOTHUB_CLIENT_CONFIRMATION_OK"
9869,10408743180,10408743221,1,"IOTHUB_CLIENT_CONFIRMATION_OK"
9870,10408743381,10408743430,1,"IOTHUB_CLIENT_CONFIRMATION_OK"
9871,10408743581,10408743619,1,"IOTHUB_CLIENT_CONFIRMATION_OK"
9872,10408743781,10408743848,1,"IOTHUB_CLIENT_CONFIRMATION_OK"
9873,10408743981,10408744026,1,"IOTHUB_CLIENT_CONFIRMATION_OK"
9874,10408744181,10408744232,1,"IOTHUB_CLIENT_CONFIRMATION_OK"
9875,10408744381,10408744443,1,"IOTHUB_CLIENT_CONFIRMATION_OK"
9876,10408744581,10408744624,1,"IOTHUB_CLIENT_CONFIRMATION_OK"
9877,10408744782,10408744861,1,"IOTHUB_CLIENT_CONFIRMATION_OK"
9878,10408744982,10408745120,1,"IOTHUB_CLIENT_CONFIRMATION_OK"
9879,10408745182,10408745231,1,"IOTHUB_CLIENT_CONFIRMATION_OK"
9880,10408745382,10408745437,1,"IOTHUB_CLIENT_CONFIRMATION_OK"
9881,10408745582,10408745632,1,"IOTHUB_CLIENT_CONFIRMATION_OK"
9882,10408745782,10408745829,1,"IOTHUB_CLIENT_CONFIRMATION_OK"
9883,10408745983,10408746100,1,"IOTHUB_CLIENT_CONFIRMATION_OK"
9884,10408746183,10408746225,1,"IOTHUB_CLIENT_CONFIRMATION_OK"
9885,10408746383,10408746431,1,"IOTHUB_CLIENT_CONFIRMATION_OK"
9886,10408746583,10408746728,1,"IOTHUB_CLIENT_CONFIRMATION_OK"
9887,10408746783,10408746820,1,"IOTHUB_CLIENT_CONFIRMATION_OK"
9888,10408746983,10408747021,1,"IOTHUB_CLIENT_CONFIRMATION_OK"
9889,10408747184,10408747226,1,"IOTHUB_CLIENT_CONFIRMATION_OK"
9890,10408747384,10408747432,1,"IOTHUB_CLIENT_CONFIRMATION_OK"
9891,10408747584,10408747732,1,"IOTHUB_CLIENT_CONFIRMATION_OK"
9892,10408747784,10408747836,1,"IOTHUB_CLIENT_CONFIRMATION_OK"
9893,10408747984,10408748026,1,"IOTHUB_CLIENT_CONFIRMATION_OK"
9894,10408748184,10408748224,1,"IOTHUB_CLIENT_CONFIRMATION_OK"
9895,10408748385,10408748431,1,"IOTHUB_CLIENT_CONFIRMATION_OK"
9896,10408748585,10408748629,1,"IOTHUB_CLIENT_CONFIRMATION_OK"
9897,10408748785,10408748831,1,"IOTHUB_CLIENT_CONFIRMATION_OK"
9898,10408748985,10408749027,1,"IOTHUB_CLIENT_CONFIRMATION_OK"
9899,10408749185,10408749386,1,"IOTHUB_CLIENT_CONFIRMATION_OK"
9900,10408749385,10408749424,1,"IOTHUB_CLIENT_CONFIRMATION_OK"
9901,10408749586,10408749663,1,"IOTHUB_CLIENT_CONFIRMATION_OK"
9902,10408749786,10408749906,1,"IOTHUB_CLIENT_CONFIRMATION_OK"
9903,10408749986,10408750027,1,"IOTHUB_CLIENT_CONFIRMATION_OK"
9904,10408750186,10408750411,1,"IOTHUB_CLIENT_CONFIRMATION_OK"
9905,10408750386,10408750433,1,"IOTHUB_CLIENT_CONFIRMATION_OK"
9906,10408750586,10408750623,1,"IOTHUB_CLIENT_CONFIRMATION_OK"
9907,10408750786,10408750837,1,"IOTHUB_CLIENT_CONFIRMATION_OK"
9908,10408750987,10408751030,1,"IOTHUB_CLIENT_CONFIRMATION_OK"
9909,10408751187,10408751221,1,"IOTHUB_CLIENT_CONFIRMATION_OK"
9910,10408751387,10408751458,1,"IOTHUB_CLIENT_CONFIRMATION_OK"
9911,10408751587,10408751634,1,"IOTHUB_CLIENT_CONFIRMATION_OK"
9912,10408751787,10408751871,1,"IOTHUB_CLIENT_CONFIRMATION_OK"
9913,10408751987,10408752025,1,"IOTHUB_CLIENT_CONFIRMATION_OK"
9914,10408752188,10408752226,1,"IOTHUB_CLIENT_CONFIRMATION_OK"
9915,10408752388,10408752451,1,"IOTHUB_CLIENT_CONFIRMATION_OK"
9916,10408752588,10408752651,1,"IOTHUB_CLIENT_CONFIRMATION_OK"
9917,10408752788,10408752830,1,"IOTHUB_CLIENT_CONFIRMATION_OK"
9918,10408752988,10408753026,1,"IOTHUB_CLIENT_CONFIRMATION_OK"
9919,10408753188,10408753229,1,"IOTHUB_CLIENT_CONFIRMATION_OK"
9920,10408753388,10408753503,1,"IOTHUB_CLIENT_CONFIRMATION_OK"
9921,10408753589,10408753639,1,"IOTHUB_CLIENT_CONFIRMATION_OK"
9922,10408753789,10408753835,1,"IOTHUB_CLIENT_CONFIRMATION_OK"
9923,10408753989,10408754214,1,"IOTHUB_CLIENT_CONFIRMATION_OK"
9924,10408754189,10408754242,1,"IOTHUB_CLIENT_CONFIRMATION_OK"
9925,10408754389,10408754427,1,"IOTHUB_CLIENT_CONFIRMATION_OK"
9926,10408754589,10408754625,1,"IOTHUB_CLIENT_CONFIRMATION_OK"
9927,10408754790,10408754836,1,"IOTHUB_CLIENT_CONFIRMATION_OK"
9928,10408754990,10408755133,1,"IOTHUB_CLIENT_CONFIRMATION_OK"
9929,10408755190,10408755247,1,"IOTHUB_CLIENT_CONFIRMATION_OK"
9930,10408755390,10408755427,1,"IOTHUB_CLIENT_CONFIRMATION_OK"
9931,10408755590,10408755643,1,"IOTHUB_CLIENT_CONFIRMATION_OK"
9932,10408755790,10408755836,1,"IOTHUB_CLIENT_CONFIRMATION_OK"
9933,10408755991,10408756139,1,"IOTHUB_CLIENT_CONFIRMATION_OK"
9934,10408756191,10408756238,1,"IOTHUB_CLIENT_CONFIRMATION_OK"
9935,10408756391,10408756430,1,"IOTHUB_CLIENT_CONFIRMATION_OK"
9936,10408756591,10408756760,1,"IOTHUB_CLIENT_CONFIRMATION_OK"
9937,10408756791,10408756830,1,"IOTHUB_CLIENT_CONFIRMATION_OK"
9938,10408756991,10408757033,1,"IOTHUB_CLIENT_CONFIRMATION_OK"
9939,10408757192,10408757228,1,"IOTHUB_CLIENT_CONFIRMATION_OK"
9940,10408757392,10408757455,1,"IOTHUB_CLIENT_CONFIRMATION_OK"
9941,10408757592,10408757763,1,"IOTHUB_CLIENT_CONFIRMATION_OK"
9942,10408757792,10408757833,1,"IOTHUB_CLIENT_CONFIRMATION_OK"
9943,10408757992,10408758030,1,"IOTHUB_CLIENT_CONFIRMATION_OK"
9944,10408758192,10408758244,1,"IOTHUB_CLIENT_CONFIRMATION_OK"
9945,10408758393,10408758434,1,"IOTHUB_CLIENT_CONFIRMATION_OK"
9946,10408758593,10408758640,1,"IOTHUB_CLIENT_CONFIRMATION_OK"
9947,10408758793,10408758830,1,"IOTHUB_CLIENT_CONFIRMATION_OK"
9948,10408758993,10408759056,1,"IOTHUB_CLIENT_CONFIRMATION_OK"
9949,10408759193,10408759259,1,"IOTHUB_CLIENT_CONFIRMATION_OK"
9950,10408759393,10408759448,1,"IOTHUB_CLIENT_CONFIRMATION_OK"
9951,10408759593,10408759648,1,"IOTHUB_CLIENT_CONFIRMATION_OK"
9952,10408759794,10408759875,1,"IOTHUB_CLIENT_CONFIRMATION_OK"
9953,10408759994,10408760036,1,"IOTHUB_CLIENT_CONFIRMATION_OK"
9954,10408760194,10408760308,1,"IOTHUB_CLIENT_CONFIRMATION_OK"
9955,10408760394,10408760432,1,"IOTHUB_CLIENT_CONFIRMATION_OK"
9956,10408760594,10408760641,1,"IOTHUB_CLIENT_CONFIRMATION_OK"
9957,10408760794,10408760900,1,"IOTHUB_CLIENT_CONFIRMATION_OK"
9958,10408760995,10408761068,1,"IOTHUB_CLIENT_CONFIRMATION_OK"
9959,10408761195,10408761273,1,"IOTHUB_CLIENT_CONFIRMATION_OK"
9960,10408761395,10408761432,1,"IOTHUB_CLIENT_CONFIRMATION_OK"
9961,10408761595,10408761641,1,"IOTHUB_CLIENT_CONFIRMATION_OK"
9962,10408761795,10408761913,1,"IOTHUB_CLIENT_CONFIRMATION_OK"
9963,10408761995,10408762037,1,"IOTHUB_CLIENT_CONFIRMATION_OK"
9964,10408762196,10408762271,1,"IOTHUB_CLIENT_CONFIRMATION_OK"
9965,10408762396,10408762524,1,"IOTHUB_CLIENT_CONFIRMATION_OK"
9966,10408762596,10408762633,1,"IOTHUB_CLIENT_CONFIRMATION_OK"
9967,10408762796,10408762846,1,"IOTHUB_CLIENT_CONFIRMATION_OK"
9968,10408762996,10408763033,1,"IOTHUB_CLIENT_CONFIRMATION_OK"
9969,10408763196,10408763237,1,"IOTHUB_CLIENT_CONFIRMATION_OK"
9970,10408763396,10408763540,1,"IOTHUB_CLIENT_CONFIRMATION_OK"
9971,10408763597,10408763641,1,"IOTHUB_CLIENT_CONFIRMATION_OK"
9972,10408763797,10408763902,1,"IOTHUB_CLIENT_CONFIRMATION_OK"
9973,10408763997,10408764043,1,"IOTHUB_CLIENT_CONFIRMATION_OK"
9974,10408764197,10408764237,1,"IOTHUB_CLIENT_CONFIRMATION_OK"
9975,10408764397,10408764440,1,"IOTHUB_CLIENT_CONFIRMATION_OK"
9976,10408764597,10408764662,1,"IOTHUB_CLIENT_CONFIRMATION_OK"
9977,10408764798,10408764840,1,"IOTHUB_CLIENT_CONFIRMATION_OK"
9978,10408764998,10408765042,1,"IOTHUB_CLIENT_CONFIRMATION_OK"
9979,10408765198,10408765243,1,"IOTHUB_CLIENT_CONFIRMATION_OK"
9980,10408765398,10408765441,1,"IOTHUB_CLIENT_CONFIRMATION_OK"
9981,10408765598,10408765636,1,"IOTHUB_CLIENT_CONFIRMATION_OK"
9982,10408765798,10408765851,1,"IOTHUB_CLIENT_CONFIRMATION_OK"
9983,10408765998,10408766202,1,"IOTHUB_CLIENT_CONFIRMATION_OK"
9984,10408766199,10408766245,1,"IOTHUB_CLIENT_CONFIRMATION_OK"
9985,10408766399,10408766443,1,"IOTHUB_CLIENT_CONFIRMATION_OK"
9986,10408766599,10408766651,1,"IOTHUB_CLIENT_CONFIRMATION_OK"
9987,10408766799,10408766841,1,"IOTHUB_CLIENT_CONFIRMATION_OK"
9988,10408766999,10408767040,1,"IOTHUB_CLIENT_CONFIRMATION_OK"
9989,10408767199,10408767249,1,"IOTHUB_CLIENT_CONFIRMATION_OK"
9990,10408767400,10408767444,1,"IOTHUB_CLIENT_CONFIRMATION_OK"
9991,10408767600,10408767640,1,"IOTHUB_CLIENT_CONFIRMATION_OK"
9992,10408767800,10408767846,1,"IOTHUB_CLIENT_CONFIRMATION_OK"
9993,10408768000,10408768043,1,"IOTHUB_CLIENT_CONFIRMATION_OK"
9994,10408768200,10408768271,1,"IOTHUB_CLIENT_CONFIRMATION_OK"
9995,10408768400,10408768443,1,"IOTHUB_CLIENT_CONFIRMATION_OK"
9996,10408768600,10408768638,1,"IOTHUB_CLIENT_CONFIRMATION_OK"
9997,10408768801,10408768863,1,"IOTHUB_CLIENT_CONFIRMATION_OK"
9998,10408769001,10408769250,1,"IOTHUB_CLIENT_CONFIRMATION_OK"
9999,10408769201,10408769409,1,"IOTHUB_CLIENT_CONFIRMATION_OK"
10000,10408769401,10408769449,1,"IOTHUB_CLIENT_CONFIRMATION_OK"
10001,10408769601,10408769820,1,"IOTHUB_CLIENT_CONFIRMATION_OK"
10002,10408769801,10408769954,1,"IOTHUB_CLIENT_CONFIRMATION_OK"
10003,10408770002,10408770046,1,"IOTHUB_CLIENT_CONFIRMATION_OK"
10004,10408770202,10408770343,1,"IOTHUB_CLIENT_CONFIRMATION_OK"
10005,10408770402,10408770468,1,"IOTHUB_CLIENT_CONFIRMATION_OK"
10006,10408770602,10408770656,1,"IOTHUB_CLIENT_CONFIRMATION_OK"
10007,10408770802,10408770852,1,"IOTHUB_CLIENT_CONFIRMATION_OK"
10008,10408771002,10408771042,1,"IOTHUB_CLIENT_CONFIRMATION_OK"
10009,10408771203,10408771239,1,"IOTHUB_CLIENT_CONFIRMATION_OK"
10010,10408771403,10408771448,1,"IOTHUB_CLIENT_CONFIRMATION_OK"
10011,10408771603,10408771644,1,"IOTHUB_CLIENT_CONFIRMATION_OK"
10012,10408771803,10408772013,1,"IOTHUB_CLIENT_CONFIRMATION_OK"
10013,10408772003,10408772046,1,"IOTHUB_CLIENT_CONFIRMATION_OK"
10014,10408772203,10408772253,1,"IOTHUB_CLIENT_CONFIRMATION_OK"
10015,10408772403,10408772447,1,"IOTHUB_CLIENT_CONFIRMATION_OK"
10016,10408772604,10408772646,1,"IOTHUB_CLIENT_CONFIRMATION_OK"
10017,10408772804,10408772841,1,"IOTHUB_CLIENT_CONFIRMATION_OK"
10018,10408773004,10408773042,1,"IOTHUB_CLIENT_CONFIRMATION_OK"
10019,10408773204,10408773268,1,"IOTHUB_CLIENT_CONFIRMATION_OK"
10020,10408773404,10408773478,1,"IOTHUB_CLIENT_CONFIRMATION_OK"
10021,10408773604,10408773641,1,"IOTHUB_CLIENT_CONFIRMATION_OK"
10022,10408773804,10408773852,1,"IOTHUB_CLIENT_CONFIRMATION_OK"
10023,10408774005,10408774055,1,"IOTHUB_CLIENT_CONFIRMATION_OK"
10024,10408774205,10408774251,1,"IOTHUB_CLIENT_CONFIRMATION_OK"
10025,10408774405,10408774513,1,"IOTHUB_CLIENT_CONFIRMATION_OK"
10026,10408774605,10408774644,1,"IOTHUB_CLIENT_CONFIRMATION_OK"
10027,10408774805,10408774857,1,"IOTHUB_CLIENT_CONFIRMATION_OK"
10028,10408775005,10408775079,1,"IOTHUB_CLIENT_CONFIRMATION_OK"
10029,10408775206,10408775252,1,"IOTHUB_CLIENT_CONFIRMATION_OK"
10030,10408775406,10408775445,1,"IOTHUB_CLIENT_CONFIRMATION_OK"
10031,10408775606,10408775710,1,"IOTHUB_CLIENT_CONFIRMATION_OK"
10032,10408775806,10408775861,1,"IOTHUB_CLIENT_CONFIRMATION_OK"
10033,10408776006,10408776100,1,"IOTHUB_CLIENT_CONFIRMATION_OK"
10034,10408776206,10408776264,1,"IOTHUB_CLIENT_CONFIRMATION_OK"
10035,10408776406,10408776445,1,"IOTHUB_CLIENT_CONFIRMATION_OK"
10036,10408776607,10408776714,1,"IOTHUB_CLIENT_CONFIRMATION_OK"
10037,10408776807,10408776847,1,"IOTHUB_CLIENT_CONFIRMATION_OK"
10038,10408777007,10408777057,1,"IOTHUB_CLIENT_CONFIRMATION_OK"
10039,10408777207,10408777251,1,"IOTHUB_CLIENT_CONFIRMATION_OK"
10040,10408777407,10408777452,1,"IOTHUB_CLIENT_CONFIRMATION_OK"
10041,10408777607,10408777732,1,"IOTHUB_CLIENT_CONFIRMATION_OK"
10042,10408777808,10408777853,1,"IOTHUB_CLIENT_CONFIRMATION_OK"
10043,10408778008,10408778054,1,"IOTHUB_CLIENT_CONFIRMATION_OK"
10044,10408778208,10408778253,1,"IOTHUB_CLIENT_CONFIRMATION_OK"
10045,10408778408,10408778456,1,"IOTHUB_CLIENT_CONFIRMATION_OK"
10046,10408778608,10408778645,1,"IOTHUB_CLIENT_CONFIRMATION_OK"
10047,10408778808,10408778858,1,"IOTHUB_CLIENT_CONFIRMATION_OK"
10048,10408779009,10408779053,1,"IOTHUB_CLIENT_CONFIRMATION_OK"
10049,10408779209,10408779409,1,"IOTHUB_CLIENT_CONFIRMATION_OK"
10050,10408779409,10408779455,1,"IOTHUB_CLIENT_CONFIRMATION_OK"
10051,10408779609,10408779650,1,"IOTHUB_CLIENT_CONFIRMATION_OK"
10052,10408779809,10408779863,1,"IOTHUB_CLIENT_CONFIRMATION_OK"
10053,10408780009,10408780051,1,"IOTHUB_CLIENT_CONFIRMATION_OK"
10054,10408780209,10408780403,1,"IOTHUB_CLIENT_CONFIRMATION_OK"
10055,10408780410,10408780467,1,"IOTHUB_CLIENT_CONFIRMATION_OK"
10056,10408780610,10408780654,1,"IOTHUB_CLIENT_CONFIRMATION_OK"
10057,10408780810,10408780851,1,"IOTHUB_CLIENT_CONFIRMATION_OK"
10058,10408781010,10408781046,1,"IOTHUB_CLIENT_CONFIRMATION_OK"
10059,10408781210,10408781247,1,"IOTHUB_CLIENT_CONFIRMATION_OK"
10060,10408781410,10408781446,1,"IOTHUB_CLIENT_CONFIRMATION_OK"
10061,10408781611,10408781650,1,"IOTHUB_CLIENT_CONFIRMATION_OK"
10062,10408781811,10408782007,1,"IOTHUB_CLIENT_CONFIRMATION_OK"
10063,10408782011,10408782047,1,"IOTHUB_CLIENT_CONFIRMATION_OK"
10064,10408782211,10408782253,1,"IOTHUB_CLIENT_CONFIRMATION_OK"
10065,10408782411,10408782452,1,"IOTHUB_CLIENT_CONFIRMATION_OK"
10066,10408782611,10408782648,1,"IOTHUB_CLIENT_CONFIRMATION_OK"
10067,10408782811,10408782852,1,"IOTHUB_CLIENT_CONFIRMATION_OK"
10068,10408783012,10408783052,1,"IOTHUB_CLIENT_CONFIRMATION_OK"
10069,10408783212,10408783254,1,"IOTHUB_CLIENT_CONFIRMATION_OK"
10070,10408783412,10408783590,1,"IOTHUB_CLIENT_CONFIRMATION_OK"
10071,10408783612,10408783666,1,"IOTHUB_CLIENT_CONFIRMATION_OK"
10072,10408783812,10408783855,1,"IOTHUB_CLIENT_CONFIRMATION_OK"
10073,10408784012,10408784059,1,"IOTHUB_CLIENT_CONFIRMATION_OK"
10074,10408784213,10408784274,1,"IOTHUB_CLIENT_CONFIRMATION_OK"
10075,10408784413,10408784501,1,"IOTHUB_CLIENT_CONFIRMATION_OK"
10076,10408784613,10408784663,1,"IOTHUB_CLIENT_CONFIRMATION_OK"
10077,10408784813,10408784859,1,"IOTHUB_CLIENT_CONFIRMATION_OK"
10078,10408785013,10408785054,1,"IOTHUB_CLIENT_CONFIRMATION_OK"
10079,10408785213,10408785262,1,"IOTHUB_CLIENT_CONFIRMATION_OK"
10080,10408785414,10408785469,1,"IOTHUB_CLIENT_CONFIRMATION_OK"
10081,10408785614,10408785651,1,"IOTHUB_CLIENT_CONFIRMATION_OK"
10082,10408785814,10408785878,1,"IOTHUB_CLIENT_CONFIRMATION_OK"
10083,10408786014,10408786244,1,"IOTHUB_CLIENT_CONFIRMATION_OK"
10084,10408786214,10408786267,1,"IOTHUB_CLIENT_CONFIRMATION_OK"
10085,10408786414,10408786468,1,"IOTHUB_CLIENT_CONFIRMATION_OK"
10086,10408786614,10408786655,1,"IOTHUB_CLIENT_CONFIRMATION_OK"
10087,10408786815,10408786892,1,"IOTHUB_CLIENT_CONFIRMATION_OK"
10088,10408787015,10408787062,1,"IOTHUB_CLIENT_CONFIRMATION_OK"
10089,10408787215,10408787256,1,"IOTHUB_CLIENT_CONFIRMATION_OK"
10090,10408787415,10408787462,1,"IOTHUB_CLIENT_CONFIRMATION_OK"
10091,10408787615,10408787768,1,"IOTHUB_CLIENT_CONFIRMATION_OK"
10092,10408787815,10408787863,1,"IOTHUB_CLIENT_CONFIRMATION_OK"
10093,10408788016,10408788063,1,"IOTHUB_CLIENT_CONFIRMATION_OK"
10094,10408788216,10408788255,1,"IOTHUB_CLIENT_CONFIRMATION_OK"
10095,10408788416,10408788455,1,"IOTHUB_CLIENT_CONFIRMATION_OK"
10096,10408788616,10408788659,1,"IOTHUB_CLIENT_CONFIRMATION_OK"
10097,10408788816,10408788856,1,"IOTHUB_CLIENT_CONFIRMATION_OK"
10098,10408789016,10408789051,1,"IOTHUB_CLIENT_CONFIRMATION_OK"
10099,10408789217,10408789391,1,"IOTHUB_CLIENT_CONFIRMATION_OK"
10100,10408789417,10408789468,1,"IOTHUB_CLIENT_CONFIRMATION_OK"
10101,10408789617,10408789653,1,"IOTHUB_CLIENT_CONFIRMATION_OK"
10102,10408789817,10408789870,1,"IOTHUB_CLIENT_CONFIRMATION_OK"
10103,10408790017,10408790056,1,"IOTHUB_CLIENT_CONFIRMATION_OK"
10104,10408790217,10408790433,1,"IOTHUB_CLIENT_CONFIRMATION_OK"
10105,10408790417,10408790471,1,"IOTHUB_CLIENT_CONFIRMATION_OK"
10106,10408790618,10408790668,1,"IOTHUB_CLIENT_CONFIRMATION_OK"
10107,10408790818,10408790858,1,"IOTHUB_CLIENT_CONFIRMATION_OK"
10108,10408791018,10408791056,1,"IOTHUB_CLIENT_CONFIRMATION_OK"
10109,10408791218,10408791256,1,"IOTHUB_CLIENT_CONFIRMATION_OK"
10110,10408791418,10408791465,1,"IOTHUB_CLIENT_CONFIRMATION_OK"
10111,10408791618,10408791668,1,"IOTHUB_CLIENT_CONFIRMATION_OK"
10112,10408791819,10408792066,1,"IOTHUB_CLIENT_CONFIRMATION_OK"
10113,10408792019,10408792093,1,"IOTHUB_CLIENT_CONFIRMATION_OK"
10114,10408792219,10408792263,1,"IOTHUB_CLIENT_CONFIRMATION_OK"
10115,10408792419,10408792481,1,"IOTHUB_CLIENT_CONFIRMATION_OK"
10116,10408792619,10408792675,1,"IOTHUB_CLIENT_CONFIRMATION_OK"
10117,10408792819,10408792858,1,"IOTHUB_CLIENT_CONFIRMATION_OK"
10118,10408793019,10408793056,1,"IOTHUB_CLIENT_CONFIRMATION_OK"
10119,10408793220,10408793275,1,"IOTHUB_CLIENT_CONFIRMATION_OK"
10120,10408793420,10408793570,1,"IOTHUB_CLIENT_CONFIRMATION_OK"
10121,10408793620,10408793658,1,"IOTHUB_CLIENT_CONFIRMATION_OK"
10122,10408793820,10408793867,1,"IOTHUB_CLIENT_CONFIRMATION_OK"
10123,10408794020,10408794152,1,"IOTHUB_CLIENT_CONFIRMATION_OK"
10124,10408794220,10408794260,1,"IOTHUB_CLIENT_CONFIRMATION_OK"
10125,10408794420,10408794471,1,"IOTHUB_CLIENT_CONFIRMATION_OK"
10126,10408794621,10408794670,1,"IOTHUB_CLIENT_CONFIRMATION_OK"
10127,10408794821,10408794866,1,"IOTHUB_CLIENT_CONFIRMATION_OK"
10128,10408795021,10408795201,1,"IOTHUB_CLIENT_CONFIRMATION_OK"
10129,10408795221,10408795260,1,"IOTHUB_CLIENT_CONFIRMATION_OK"
10130,10408795421,10408795460,1,"IOTHUB_CLIENT_CONFIRMATION_OK"
10131,10408795621,10408795682,1,"IOTHUB_CLIENT_CONFIRMATION_OK"
10132,10408795822,10408795865,1,"IOTHUB_CLIENT_CONFIRMATION_OK"
10133,10408796022,10408796234,1,"IOTHUB_CLIENT_CONFIRMATION_OK"
10134,10408796222,10408796266,1,"IOTHUB_CLIENT_CONFIRMATION_OK"
10135,10408796422,10408796471,1,"IOTHUB_CLIENT_CONFIRMATION_OK"
10136,10408796622,10408796685,1,"IOTHUB_CLIENT_CONFIRMATION_OK"
10137,10408796822,10408796867,1,"IOTHUB_CLIENT_CONFIRMATION_OK"
10138,10408797023,10408797072,1,"IOTHUB_CLIENT_CONFIRMATION_OK"
10139,10408797223,10408797281,1,"IOTHUB_CLIENT_CONFIRMATION_OK"
10140,10408797423,10408797468,1,"IOTHUB_CLIENT_CONFIRMATION_OK"
10141,10408797623,10408797703,1,"IOTHUB_CLIENT_CONFIRMATION_OK"
10142,10408797823,10408797861,1,"IOTHUB_CLIENT_CONFIRMATION_OK"
10143,10408798023,10408798057,1,"IOTHUB_CLIENT_CONFIRMATION_OK"
10144,10408798223,10408798300,1,"IOTHUB_CLIENT_CONFIRMATION_OK"
10145,10408798424,10408798472,1,"IOTHUB_CLIENT_CONFIRMATION_OK"
10146,10408798624,10408798769,1,"IOTHUB_CLIENT_CONFIRMATION_OK"
10147,10408798824,10408798874,1,"IOTHUB_CLIENT_CONFIRMATION_OK"
10148,10408799024,10408799065,1,"IOTHUB_CLIENT_CONFIRMATION_OK"
10149,10408799224,10408799392,1,"IOTHUB_CLIENT_CONFIRMATION_OK"
10150,10408799424,10408799529,1,"IOTHUB_CLIENT_CONFIRMATION_OK"
10151,10408799625,10408799675,1,"IOTHUB_CLIENT_CONFIRMATION_OK"
10152,10408799825,10408799864,1,"IOTHUB_CLIENT_CONFIRMATION_OK"
10153,10408800025,10408800064,1,"IOTHUB_CLIENT_CONFIRMATION_OK"
10154,10408800225,10408800411,1,"IOTHUB_CLIENT_CONFIRMATION_OK"
10155,10408800425,10408800487,1,"IOTHUB_CLIENT_CONFIRMATION_OK"
10156,10408800625,10408800689,1,"IOTHUB_CLIENT_CONFIRMATION_OK"
10157,10408800826,10408800861,1,"IOTHUB_CLIENT_CONFIRMATION_OK"
10158,10408801026,10408801058,1,"IOTHUB_CLIENT_CONFIRMATION_OK"
10159,10408801226,10408801267,1,"IOTHUB_CLIENT_CONFIRMATION_OK"
10160,10408801426,10408801469,1,"IOTHUB_CLIENT_CONFIRMATION_OK"
10161,10408801626,10408801669,1,"IOTHUB_CLIENT_CONFIRMATION_OK"
10162,10408801826,10408802030,1,"IOTHUB_CLIENT_CONFIRMATION_OK"
10163,10408802026,10408802072,1,"IOTHUB_CLIENT_CONFIRMATION_OK"
10164,10408802227,10408802269,1,"IOTHUB_CLIENT_CONFIRMATION_OK"
10165,10408802427,10408802471,1,"IOTHUB_CLIENT_CONFIRMATION_OK"
10166,10408802627,10408802666,1,"IOTHUB_CLIENT_CONFIRMATION_OK"
10167,10408802827,10408802868,1,"IOTHUB_CLIENT_CONFIRMATION_OK"
10168,10408803027,10408803073,1,"IOTHUB_CLIENT_CONFIRMATION_OK"
10169,10408803227,10408803264,1,"IOTHUB_CLIENT_CONFIRMATION_OK"
10170,10408803427,10408803471,1,"IOTHUB_CLIENT_CONFIRMATION_OK"
10171,10408803628,10408803667,1,"IOTHUB_CLIENT_CONFIRMATION_OK"
10172,10408803828,10408803868,1,"IOTHUB_CLIENT_CONFIRMATION_OK"
10173,10408804028,10408804081,1,"IOTHUB_CLIENT_CONFIRMATION_OK"
10174,10408804228,10408804264,1,"IOTHUB_CLIENT_CONFIRMATION_OK"
10175,10408804428,10408804469,1,"IOTHUB_CLIENT_CONFIRMATION_OK"
10176,10408804629,10408804671,1,"IOTHUB_CLIENT_CONFIRMATION_OK"
10177,10408804829,10408804874,1,"IOTHUB_CLIENT_CONFIRMATION_OK"
10178,10408805029,10408805083,1,"IOTHUB_CLIENT_CONFIRMATION_OK"
10179,10408805229,10408805272,1,"IOTHUB_CLIENT_CONFIRMATION_OK"
10180,10408805429,10408805476,1,"IOTHUB_CLIENT_CONFIRMATION_OK"
10181,10408805629,10408805720,1,"IOTHUB_CLIENT_CONFIRMATION_OK"
10182,10408805829,10408805875,1,"IOTHUB_CLIENT_CONFIRMATION_OK"
10183,10408806030,10408806092,1,"IOTHUB_CLIENT_CONFIRMATION_OK"
10184,10408806230,10408806295,1,"IOTHUB_CLIENT_CONFIRMATION_OK"
10185,10408806430,10408806491,1,"IOTHUB_CLIENT_CONFIRMATION_OK"
10186,10408806630,10408806705,1,"IOTHUB_CLIENT_CONFIRMATION_OK"
10187,10408806830,10408806876,1,"IOTHUB_CLIENT_CONFIRMATION_OK"
10188,10408807030,10408807071,1,"IOTHUB_CLIENT_CONFIRMATION_OK"
10189,10408807231,10408807275,1,"IOTHUB_CLIENT_CONFIRMATION_OK"
10190,10408807431,10408807478,1,"IOTHUB_CLIENT_CONFIRMATION_OK"
10191,10408807631,10408807718,1,"IOTHUB_CLIENT_CONFIRMATION_OK"
10192,10408807831,10408807892,1,"IOTHUB_CLIENT_CONFIRMATION_OK"
10193,10408808031,10408808083,1,"IOTHUB_CLIENT_CONFIRMATION_OK"
10194,10408808231,10408808336,1,"IOTHUB_CLIENT_CONFIRMATION_OK"
10195,10408808432,10408808476,1,"IOTHUB_CLIENT_CONFIRMATION_OK"
10196,10408808632,10408808700,1,"IOTHUB_CLIENT_CONFIRMATION_OK"
10197,10408808832,10408808871,1,"IOTHUB_CLIENT_CONFIRMATION_OK"
10198,10408809032,10408809070,1,"IOTHUB_CLIENT_CONFIRMATION_OK"
10199,10408809232,10408809379,1,"IOTHUB_CLIENT_CONFIRMATION_OK"
10200,10408809432,10408809485,1,"IOTHUB_CLIENT_CONFIRMATION_OK"
10201,10408809633,10408809676,1,"IOTHUB_CLIENT_CONFIRMATION_OK"
10202,10408809833,10408809870,1,"IOTHUB_CLIENT_CONFIRMATION_OK"
10203,10408810033,10408810067,1,"IOTHUB_CLIENT_CONFIRMATION_OK"
10204,10408810233,10408810270,1,"IOTHUB_CLIENT_CONFIRMATION_OK"
10205,10408810433,10408810478,1,"IOTHUB_CLIENT_CONFIRMATION_OK"
10206,10408810633,10408810689,1,"IOTHUB_CLIENT_CONFIRMATION_OK"
10207,10408810834,10408810877,1,"IOTHUB_CLIENT_CONFIRMATION_OK"
10208,10408811034,10408811072,1,"IOTHUB_CLIENT_CONFIRMATION_OK"
10209,10408811234,10408811275,1,"IOTHUB_CLIENT_CONFIRMATION_OK"
10210,10408811434,10408811478,1,"IOTHUB_CLIENT_CONFIRMATION_OK"
10211,10408811634,10408811672,1,"IOTHUB_CLIENT_CONFIRMATION_OK"
10212,10408811834,10408811886,1,"IOTHUB_CLIENT_CONFIRMATION_OK"
10213,10408812034,10408812078,1,"IOTHUB_CLIENT_CONFIRMATION_OK"
10214,10408812235,10408812291,1,"IOTHUB_CLIENT_CONFIRMATION_OK"
10215,10408812435,10408812622,1,"IOTHUB_CLIENT_CONFIRMATION_OK"
10216,10408812635,10408812684,1,"IOTHUB_CLIENT_CONFIRMATION_OK"
10217,10408812835,10408812877,1,"IOTHUB_CLIENT_CONFIRMATION_OK"
10218,10408813035,10408813121,1,"IOTHUB_CLIENT_CONFIRMATION_OK"
10219,10408813235,10408813276,1,"IOTHUB_CLIENT_CONFIRMATION_OK"
10220,10408813436,10408813511,1,"IOTHUB_CLIENT_CONFIRMATION_OK"
10221,10408813636,10408813695,1,"IOTHUB_CLIENT_CONFIRMATION_OK"
10222,10408813836,10408813878,1,"IOTHUB_CLIENT_CONFIRMATION_OK"
10223,10408814036,10408814150,1,"IOTHUB_CLIENT_CONFIRMATION_OK"
10224,10408814236,10408814309,1,"IOTHUB_CLIENT_CONFIRMATION_OK"
10225,10408814436,10408814470,1,"IOTHUB_CLIENT_CONFIRMATION_OK"
10226,10408814636,10408814676,1,"IOTHUB_CLIENT_CONFIRMATION_OK"
10227,10408814837,10408814908,1,"IOTHUB_CLIENT_CONFIRMATION_OK"
10228,10408815037,10408815188,1,"IOTHUB_CLIENT_CONFIRMATION_OK"
10229,10408815237,10408815273,1,"IOTHUB_CLIENT_CONFIRMATION_OK"
10230,10408815437,10408815495,1,"IOTHUB_CLIENT_CONFIRMATION_OK"
10231,10408815637,10408815688,1,"IOTHUB_CLIENT_CONFIRMATION_OK"
10232,10408815837,10408815884,1,"IOTHUB_CLIENT_CONFIRMATION_OK"
10233,10408816038,10408816229,1,"IOTHUB_CLIENT_CONFIRMATION_OK"
10234,10408816238,10408816278,1,"IOTHUB_CLIENT_CONFIRMATION_OK"
10235,10408816438,10408816508,1,"IOTHUB_CLIENT_CONFIRMATION_OK"
10236,10408816638,10408816691,1,"IOTHUB_CLIENT_CONFIRMATION_OK"
10237,10408816838,10408816884,1,"IOTHUB_CLIENT_CONFIRMATION_OK"
10238,10408817038,10408817082,1,"IOTHUB_CLIENT_CONFIRMATION_OK"
10239,10408817239,10408817287,1,"IOTHUB_CLIENT_CONFIRMATION_OK"
10240,10408817439,10408817481,1,"IOTHUB_CLIENT_CONFIRMATION_OK"
10241,10408817639,10408817853,1,"IOTHUB_CLIENT_CONFIRMATION_OK"
10242,10408817839,10408817880,1,"IOTHUB_CLIENT_CONFIRMATION_OK"
10243,10408818039,10408818086,1,"IOTHUB_CLIENT_CONFIRMATION_OK"
10244,10408818239,10408818276,1,"IOTHUB_CLIENT_CONFIRMATION_OK"
10245,10408818440,10408818487,1,"IOTHUB_CLIENT_CONFIRMATION_OK"
10246,10408818640,10408818696,1,"IOTHUB_CLIENT_CONFIRMATION_OK"
10247,10408818840,10408818895,1,"IOTHUB_CLIENT_CONFIRMATION_OK"
10248,10408819040,10408819085,1,"IOTHUB_CLIENT_CONFIRMATION_OK"
10249,10408819240,10408819304,1,"IOTHUB_CLIENT_CONFIRMATION_OK"
10250,10408819440,10408819488,1,"IOTHUB_CLIENT_CONFIRMATION_OK"
10251,10408819640,10408819698,1,"IOTHUB_CLIENT_CONFIRMATION_OK"
10252,10408819841,10408819913,1,"IOTHUB_CLIENT_CONFIRMATION_OK"
10253,10408820041,10408820089,1,"IOTHUB_CLIENT_CONFIRMATION_OK"
10254,10408820241,10408820313,1,"IOTHUB_CLIENT_CONFIRMATION_OK"
10255,10408820441,10408820487,1,"IOTHUB_CLIENT_CONFIRMATION_OK"
10256,10408820641,10408820680,1,"IOTHUB_CLIENT_CONFIRMATION_OK"
10257,10408820841,10408820921,1,"IOTHUB_CLIENT_CONFIRMATION_OK"
10258,10408821042,10408821084,1,"IOTHUB_CLIENT_CONFIRMATION_OK"
10259,10408821242,10408821277,1,"IOTHUB_CLIENT_CONFIRMATION_OK"
10260,10408821442,10408821521,1,"IOTHUB_CLIENT_CONFIRMATION_OK"
10261,10408821642,10408821679,1,"IOTHUB_CLIENT_CONFIRMATION_OK"
10262,10408821842,10408821937,1,"IOTHUB_CLIENT_CONFIRMATION_OK"
10263,10408822042,10408822088,1,"IOTHUB_CLIENT_CONFIRMATION_OK"
10264,10408822242,10408822289,1,"IOTHUB_CLIENT_CONFIRMATION_OK"
10265,10408822443,10408822557,1,"IOTHUB_CLIENT_CONFIRMATION_OK"
10266,10408822643,10408822698,1,"IOTHUB_CLIENT_CONFIRMATION_OK"
10267,10408822843,10408822885,1,"IOTHUB_CLIENT_CONFIRMATION_OK"
10268,10408823043,10408823083,1,"IOTHUB_CLIENT_CONFIRMATION_OK"
10269,10408823243,10408823293,1,"IOTHUB_CLIENT_CONFIRMATION_OK"
10270,10408823443,10408823593,1,"IOTHUB_CLIENT_CONFIRMATION_OK"
10271,10408823644,10408823682,1,"IOTHUB_CLIENT_CONFIRMATION_OK"
10272,10408823844,10408823930,1,"IOTHUB_CLIENT_CONFIRMATION_OK"
10273,10408824044,10408824082,1,"IOTHUB_CLIENT_CONFIRMATION_OK"
10274,10408824244,10408824291,1,"IOTHUB_CLIENT_CONFIRMATION_OK"
10275,10408824444,10408824493,1,"IOTHUB_CLIENT_CONFIRMATION_OK"
10276,10408824644,10408824698,1,"IOTHUB_CLIENT_CONFIRMATION_OK"
10277,10408824845,10408824906,1,"IOTHUB_CLIENT_CONFIRMATION_OK"
10278,10408825045,10408825157,1,"IOTHUB_CLIENT_CONFIRMATION_OK"
10279,10408825245,10408825284,1,"IOTHUB_CLIENT_CONFIRMATION_OK"
10280,10408825445,10408825485,1,"IOTHUB_CLIENT_CONFIRMATION_OK"
10281,10408825645,10408825683,1,"IOTHUB_CLIENT_CONFIRMATION_OK"
10282,10408825845,10408825911,1,"IOTHUB_CLIENT_CONFIRMATION_OK"
10283,10408826046,10408826253,1,"IOTHUB_CLIENT_CONFIRMATION_OK"
10284,10408826246,10408826292,1,"IOTHUB_CLIENT_CONFIRMATION_OK"
10285,10408826446,10408826486,1,"IOTHUB_CLIENT_CONFIRMATION_OK"
10286,10408826646,10408826703,1,"IOTHUB_CLIENT_CONFIRMATION_OK"
10287,10408826846,10408826895,1,"IOTHUB_CLIENT_CONFIRMATION_OK"
10288,10408827046,10408827086,1,"IOTHUB_CLIENT_CONFIRMATION_OK"
10289,10408827247,10408827317,1,"IOTHUB_CLIENT_CONFIRMATION_OK"
10290,10408827447,10408827490,1,"IOTHUB_CLIENT_CONFIRMATION_OK"
10291,10408827647,10408827693,1,"IOTHUB_CLIENT_CONFIRMATION_OK"
10292,10408827847,10408827885,1,"IOTHUB_CLIENT_CONFIRMATION_OK"
10293,10408828047,10408828084,1,"IOTHUB_CLIENT_CONFIRMATION_OK"
10294,10408828247,10408828296,1,"IOTHUB_CLIENT_CONFIRMATION_OK"
10295,10408828447,10408828581,1,"IOTHUB_CLIENT_CONFIRMATION_OK"
10296,10408828648,10408828696,1,"IOTHUB_CLIENT_CONFIRMATION_OK"
10297,10408828848,10408828891,1,"IOTHUB_CLIENT_CONFIRMATION_OK"
10298,10408829048,10408829096,1,"IOTHUB_CLIENT_CONFIRMATION_OK"
10299,10408829248,10408829360,1,"IOTHUB_CLIENT_CONFIRMATION_OK"
10300,10408829448,10408829481,1,"IOTHUB_CLIENT_CONFIRMATION_OK"
10301,10408829648,10408829698,1,"IOTHUB_CLIENT_CONFIRMATION_OK"
10302,10408829849,10408829891,1,"IOTHUB_CLIENT_CONFIRMATION_OK"
10303,10408830049,10408830088,1,"IOTHUB_CLIENT_CONFIRMATION_OK"
10304,10408830249,10408830291,1,"IOTHUB_CLIENT_CONFIRMATION_OK"
10305,10408830449,10408830525,1,"IOTHUB_CLIENT_CONFIRMATION_OK"
10306,10408830649,10408830694,1,"IOTHUB_CLIENT_CONFIRMATION_OK"
10307,10408830849,10408830894,1,"IOTHUB_CLIENT_CONFIRMATION_OK"
10308,10408831050,10408831084,1,"IOTHUB_CLIENT_CONFIRMATION_OK"
10309,10408831250,10408831292,1,"IOTHUB_CLIENT_CONFIRMATION_OK"
10310,10408831450,10408831495,1,"IOTHUB_CLIENT_CONFIRMATION_OK"
10311,10408831650,10408831697,1,"IOTHUB_CLIENT_CONFIRMATION_OK"
10312,10408831850,10408832049,1,"IOTHUB_CLIENT_CONFIRMATION_OK"
10313,10408832050,10408832103,1,"IOTHUB_CLIENT_CONFIRMATION_OK"
10314,10408832250,10408832293,1,"IOTHUB_CLIENT_CONFIRMATION_OK"
10315,10408832451,10408832491,1,"IOTHUB_CLIENT_CONFIRMATION_OK"
10316,10408832651,10408832689,1,"IOTHUB_CLIENT_CONFIRMATION_OK"
10317,10408832851,10408832900,1,"IOTHUB_CLIENT_CONFIRMATION_OK"
10318,10408833051,10408833088,1,"IOTHUB_CLIENT_CONFIRMATION_OK"
10319,10408833251,10408833301,1,"IOTHUB_CLIENT_CONFIRMATION_OK"
10320,10408833451,10408833493,1,"IOTHUB_CLIENT_CONFIRMATION_OK"
10321,10408833652,10408833699,1,"IOTHUB_CLIENT_CONFIRMATION_OK"
10322,10408833852,10408833899,1,"IOTHUB_CLIENT_CONFIRMATION_OK"
10323,10408834052,10408834094,1,"IOTHUB_CLIENT_CONFIRMATION_OK"
10324,10408834252,10408834307,1,"IOTHUB_CLIENT_CONFIRMATION_OK"
10325,10408834452,10408834519,1,"IOTHUB_CLIENT_CONFIRMATION_OK"
10326,10408834652,10408834702,1,"IOTHUB_CLIENT_CONFIRMATION_OK"
10327,10408834852,10408834893,1,"IOTHUB_CLIENT_CONFIRMATION_OK"
10328,10408835053,10408835134,1,"IOTHUB_CLIENT_CONFIRMATION_OK"
10329,10408835253,10408835297,1,"IOTHUB_CLIENT_CONFIRMATION_OK"
10330,10408835453,10408835520,1,"IOTHUB_CLIENT_CONFIRMATION_OK"
10331,10408835653,10408835766,1,"IOTHUB_CLIENT_CONFIRMATION_OK"
10332,10408835853,10408835944,1,"IOTHUB_CLIENT_CONFIRMATION_OK"
10333,10408836053,10408836144,1,"IOTHUB_CLIENT_CONFIRMATION_OK"
10334,10408836254,10408836302,1,"IOTHUB_CLIENT_CONFIRMATION_OK"
10335,10408836454,10408836501,1,"IOTHUB_CLIENT_CONFIRMATION_OK"
10336,10408836654,10408836756,1,"IOTHUB_CLIENT_CONFIRMATION_OK"
10337,10408836854,10408836931,1,"IOTHUB_CLIENT_CONFIRMATION_OK"
10338,10408837054,10408837097,1,"IOTHUB_CLIENT_CONFIRMATION_OK"
10339,10408837254,10408837294,1,"IOTHUB_CLIENT_CONFIRMATION_OK"
10340,10408837455,10408837493,1,"IOTHUB_CLIENT_CONFIRMATION_OK"
10341,10408837655,10408837779,1,"IOTHUB_CLIENT_CONFIRMATION_OK"
10342,10408837855,10408837921,1,"IOTHUB_CLIENT_CONFIRMATION_OK"
10343,10408838055,10408838094,1,"IOTHUB_CLIENT_CONFIRMATION_OK"
10344,10408838255,10408838299,1,"IOTHUB_CLIENT_CONFIRMATION_OK"
10345,10408838455,10408838519,1,"IOTHUB_CLIENT_CONFIRMATION_OK"
10346,10408838655,10408838698,1,"IOTHUB_CLIENT_CONFIRMATION_OK"
10347,10408838856,10408838894,1,"IOTHUB_CLIENT_CONFIRMATION_OK"
10348,10408839056,10408839099,1,"IOTHUB_CLIENT_CONFIRMATION_OK"
10349,10408839256,10408839438,1,"IOTHUB_CLIENT_CONFIRMATION_OK"
10350,10408839456,10408839500,1,"IOTHUB_CLIENT_CONFIRMATION_OK"
10351,10408839656,10408839692,1,"IOTHUB_CLIENT_CONFIRMATION_OK"
10352,10408839856,10408839900,1,"IOTHUB_CLIENT_CONFIRMATION_OK"
10353,10408840057,10408840095,1,"IOTHUB_CLIENT_CONFIRMATION_OK"
10354,10408840257,10408840312,1,"IOTHUB_CLIENT_CONFIRMATION_OK"
10355,10408840457,10408840504,1,"IOTHUB_CLIENT_CONFIRMATION_OK"
10356,10408840657,10408840704,1,"IOTHUB_CLIENT_CONFIRMATION_OK"
10357,10408840857,10408840915,1,"IOTHUB_CLIENT_CONFIRMATION_OK"
10358,10408841057,10408841115,1,"IOTHUB_CLIENT_CONFIRMATION_OK"
10359,10408841257,10408841346,1,"IOTHUB_CLIENT_CONFIRMATION_OK"
10360,10408841458,10408841503,1,"IOTHUB_CLIENT_CONFIRMATION_OK"
10361,10408841658,10408841700,1,"IOTHUB_CLIENT_CONFIRMATION_OK"
10362,10408841858,10408841905,1,"IOTHUB_CLIENT_CONFIRMATION_OK"
10363,10408842058,10408842103,1,"IOTHUB_CLIENT_CONFIRMATION_OK"
10364,10408842258,10408842300,1,"IOTHUB_CLIENT_CONFIRMATION_OK"
10365,10408842458,10408842496,1,"IOTHUB_CLIENT_CONFIRMATION_OK"
10366,10408842659,10408842697,1,"IOTHUB_CLIENT_CONFIRMATION_OK"
10367,10408842859,10408842900,1,"IOTHUB_CLIENT_CONFIRMATION_OK"
10368,10408843059,10408843114,1,"IOTHUB_CLIENT_CONFIRMATION_OK"
10369,10408843259,10408843297,1,"IOTHUB_CLIENT_CONFIRMATION_OK"
10370,10408843459,10408843538,1,"IOTHUB_CLIENT_CONFIRMATION_OK"
10371,10408843659,10408843712,1,"IOTHUB_CLIENT_CONFIRMATION_OK"
10372,10408843860,10408843927,1,"IOTHUB_CLIENT_CONFIRMATION_OK"
10373,10408844060,10408844126,1,"IOTHUB_CLIENT_CONFIRMATION_OK"
10374,10408844260,10408844297,1,"IOTHUB_CLIENT_CONFIRMATION_OK"
10375,10408844460,10408844761,1,"IOTHUB_CLIENT_CONFIRMATION_OK"
10376,10408844660,10408844785,1,"IOTHUB_CLIENT_CONFIRMATION_OK"
10377,10408844860,10408844906,1,"IOTHUB_CLIENT_CONFIRMATION_OK"
10378,10408845060,10408845144,1,"IOTHUB_CLIENT_CONFIRMATION_OK"
10379,10408845261,10408845299,1,"IOTHUB_CLIENT_CONFIRMATION_OK"
10380,10408845461,10408845496,1,"IOTHUB_CLIENT_CONFIRMATION_OK"
10381,10408845661,10408845762,1,"IOTHUB_CLIENT_CONFIRMATION_OK"
10382,10408845861,10408845906,1,"IOTHUB_CLIENT_CONFIRMATION_OK"
10383,10408846061,10408846157,1,"IOTHUB_CLIENT_CONFIRMATION_OK"
10384,10408846261,10408846316,1,"IOTHUB_CLIENT_CONFIRMATION_OK"
10385,10408846462,10408846499,1,"IOTHUB_CLIENT_CONFIRMATION_OK"
10386,10408846662,10408846782,1,"IOTHUB_CLIENT_CONFIRMATION_OK"
10387,10408846862,10408846914,1,"IOTHUB_CLIENT_CONFIRMATION_OK"
10388,10408847062,10408847104,1,"IOTHUB_CLIENT_CONFIRMATION_OK"
10389,10408847262,10408847307,1,"IOTHUB_CLIENT_CONFIRMATION_OK"
10390,10408847462,10408847501,1,"IOTHUB_CLIENT_CONFIRMATION_OK"
10391,10408847663,10408847842,1,"IOTHUB_CLIENT_CONFIRMATION_OK"
10392,10408847863,10408847926,1,"IOTHUB_CLIENT_CONFIRMATION_OK"
10393,10408848063,10408848106,1,"IOTHUB_CLIENT_CONFIRMATION_OK"
10394,10408848263,10408848311,1,"IOTHUB_CLIENT_CONFIRMATION_OK"
10395,10408848463,10408848520,1,"IOTHUB_CLIENT_CONFIRMATION_OK"
10396,10408848663,10408848707,1,"IOTHUB_CLIENT_CONFIRMATION_OK"
10397,10408848864,10408848905,1,"IOTHUB_CLIENT_CONFIRMATION_OK"
10398,10408849064,10408849097,1,"IOTHUB_CLIENT_CONFIRMATION_OK"
10399,10408849264,10408849449,1,"IOTHUB_CLIENT_CONFIRMATION_OK"
10400,10408849464,10408849510,1,"IOTHUB_CLIENT_CONFIRMATION_OK"
10401,10408849664,10408849715,1,"IOTHUB_CLIENT_CONFIRMATION_OK"
10402,10408849864,10408850001,1,"IOTHUB_CLIENT_CONFIRMATION_OK"
10403,10408850064,10408850105,1,"IOTHUB_CLIENT_CONFIRMATION_OK"
10404,10408850265,10408850311,1,"IOTHUB_CLIENT_CONFIRMATION_OK"
10405,10408850465,10408850507,1,"IOTHUB_CLIENT_CONFIRMATION_OK"
10406,10408850665,10408850701,1,"IOTHUB_CLIENT_CONFIRMATION_OK"
10407,10408850865,10408850995,1,"IOTHUB_CLIENT_CONFIRMATION_OK"
10408,10408851065,10408851110,1,"IOTHUB_CLIENT_CONFIRMATION_OK"
10409,10408851265,10408851314,1,"IOTHUB_CLIENT_CONFIRMATION_OK"
10410,10408851466,10408851511,1,"IOTHUB_CLIENT_CONFIRMATION_OK"
10411,10408851666,10408851712,1,"IOTHUB_CLIENT_CONFIRMATION_OK"
10412,10408851866,10408852016,1,"IOTHUB_CLIENT_CONFIRMATION_OK"
10413,10408852066,10408852141,1,"IOTHUB_CLIENT_CONFIRMATION_OK"
10414,10408852266,10408852332,1,"IOTHUB_CLIENT_CONFIRMATION_OK"
10415,10408852466,10408852530,1,"IOTHUB_CLIENT_CONFIRMATION_OK"
10416,10408852666,10408852712,1,"IOTHUB_CLIENT_CONFIRMATION_OK"
10417,10408852867,10408852927,1,"IOTHUB_CLIENT_CONFIRMATION_OK"
10418,10408853067,10408853107,1,"IOTHUB_CLIENT_CONFIRMATION_OK"
10419,10408853267,10408853322,1,"IOTHUB_CLIENT_CONFIRMATION_OK"
10420,10408853467,10408853522,1,"IOTHUB_CLIENT_CONFIRMATION_OK"
10421,10408853667,10408853712,1,"IOTHUB_CLIENT_CONFIRMATION_OK"
10422,10408853867,10408853912,1,"IOTHUB_CLIENT_CONFIRMATION_OK"
10423,10408854068,10408854123,1,"IOTHUB_CLIENT_CONFIRMATION_OK"
10424,10408854268,10408854316,1,"IOTHUB_CLIENT_CONFIRMATION_OK"
10425,10408854468,10408854516,1,"IOTHUB_CLIENT_CONFIRMATION_OK"
10426,10408854668,10408854712,1,"IOTHUB_CLIENT_CONFIRMATION_OK"
10427,10408854868,10408854916,1,"IOTHUB_CLIENT_CONFIRMATION_OK"
10428,10408855068,10408855143,1,"IOTHUB_CLIENT_CONFIRMATION_OK"
10429,10408855269,10408855309,1,"IOTHUB_CLIENT_CONFIRMATION_OK"
10430,10408855469,10408855513,1,"IOTHUB_CLIENT_CONFIRMATION_OK"
10431,10408855669,10408855755,1,"IOTHUB_CLIENT_CONFIRMATION_OK"
10432,10408855869,10408855912,1,"IOTHUB_CLIENT_CONFIRMATION_OK"
10433,10408856069,10408856159,1,"IOTHUB_CLIENT_CONFIRMATION_OK"
10434,10408856269,10408856314,1,"IOTHUB_CLIENT_CONFIRMATION_OK"
10435,10408856470,10408856509,1,"IOTHUB_CLIENT_CONFIRMATION_OK"
10436,10408856670,10408856784,1,"IOTHUB_CLIENT_CONFIRMATION_OK"
10437,10408856870,10408856918,1,"IOTHUB_CLIENT_CONFIRMATION_OK"
10438,10408857070,10408857112,1,"IOTHUB_CLIENT_CONFIRMATION_OK"
10439,10408857270,10408857318,1,"IOTHUB_CLIENT_CONFIRMATION_OK"
10440,10408857470,10408857563,1,"IOTHUB_CLIENT_CONFIRMATION_OK"
10441,10408857671,10408857806,1,"IOTHUB_CLIENT_CONFIRMATION_OK"
10442,10408857871,10408857910,1,"IOTHUB_CLIENT_CONFIRMATION_OK"
10443,10408858071,10408858111,1,"IOTHUB_CLIENT_CONFIRMATION_OK"
10444,10408858271,10408858319,1,"IOTHUB_CLIENT_CONFIRMATION_OK"
10445,10408858471,10408858510,1,"IOTHUB_CLIENT_CONFIRMATION_OK"
10446,10408858671,10408858709,1,"IOTHUB_CLIENT_CONFIRMATION_OK"
10447,10408858872,10408858916,1,"IOTHUB_CLIENT_CONFIRMATION_OK"
10448,10408859072,10408859126,1,"IOTHUB_CLIENT_CONFIRMATION_OK"
10449,10408859272,10408859580,1,"IOTHUB_CLIENT_CONFIRMATION_OK"
10450,10408859472,10408859614,1,"IOTHUB_CLIENT_CONFIRMATION_OK"
10451,10408859672,10408859713,1,"IOTHUB_CLIENT_CONFIRMATION_OK"
10452,10408859872,10408859994,1,"IOTHUB_CLIENT_CONFIRMATION_OK"
10453,10408860073,10408860113,1,"IOTHUB_CLIENT_CONFIRMATION_OK"
10454,10408860273,10408860385,1,"IOTHUB_CLIENT_CONFIRMATION_OK"
10455,10408860473,10408860524,1,"IOTHUB_CLIENT_CONFIRMATION_OK"
10456,10408860673,10408860710,1,"IOTHUB_CLIENT_CONFIRMATION_OK"
10457,10408860873,10408860990,1,"IOTHUB_CLIENT_CONFIRMATION_OK"
10458,10408861073,10408861115,1,"IOTHUB_CLIENT_CONFIRMATION_OK"
10459,10408861274,10408861318,1,"IOTHUB_CLIENT_CONFIRMATION_OK"
10460,10408861474,10408861510,1,"IOTHUB_CLIENT_CONFIRMATION_OK"
10461,10408861674,10408861731,1,"IOTHUB_CLIENT_CONFIRMATION_OK"
10462,10408861874,10408862011,1,"IOTHUB_CLIENT_CONFIRMATION_OK"
10463,10408862074,10408862124,1,"IOTHUB_CLIENT_CONFIRMATION_OK"
10464,10408862274,10408862316,1,"IOTHUB_CLIENT_CONFIRMATION_OK"
10465,10408862474,10408862620,1,"IOTHUB_CLIENT_CONFIRMATION_OK"
10466,10408862675,10408862714,1,"IOTHUB_CLIENT_CONFIRMATION_OK"
10467,10408862875,10408862962,1,"IOTHUB_CLIENT_CONFIRMATION_OK"
10468,10408863075,10408863110,1,"IOTHUB_CLIENT_CONFIRMATION_OK"
10469,10408863275,10408863322,1,"IOTHUB_CLIENT_CONFIRMATION_OK"
10470,10408863475,10408863634,1,"IOTHUB_CLIENT_CONFIRMATION_OK"
10471,10408863675,10408863712,1,"IOTHUB_CLIENT_CONFIRMATION_OK"
10472,10408863876,10408863914,1,"IOTHUB_CLIENT_CONFIRMATION_OK"
10473,10408864076,10408864111,1,"IOTHUB_CLIENT_CONFIRMATION_OK"
10474,10408864276,10408864318,1,"IOTHUB_CLIENT_CONFIRMATION_OK"
10475,10408864476,10408864538,1,"IOTHUB_CLIENT_CONFIRMATION_OK"
10476,10408864676,10408864716,1,"IOTHUB_CLIENT_CONFIRMATION_OK"
10477,10408864876,10408864917,1,"IOTHUB_CLIENT_CONFIRMATION_OK"
10478,10408865077,10408865272,1,"IOTHUB_CLIENT_CONFIRMATION_OK"
10479,10408865277,10408865317,1,"IOTHUB_CLIENT_CONFIRMATION_OK"
10480,10408865477,10408865520,1,"IOTHUB_CLIENT_CONFIRMATION_OK"
10481,10408865677,10408865714,1,"IOTHUB_CLIENT_CONFIRMATION_OK"
10482,10408865877,10408865925,1,"IOTHUB_CLIENT_CONFIRMATION_OK"
10483,10408866077,10408866306,1,"IOTHUB_CLIENT_CONFIRMATION_OK"
10484,10408866278,10408866335,1,"IOTHUB_CLIENT_CONFIRMATION_OK"
10485,10408866478,10408866518,1,"IOTHUB_CLIENT_CONFIRMATION_OK"
10486,10408866678,10408866719,1,"IOTHUB_CLIENT_CONFIRMATION_OK"
10487,10408866878,10408866919,1,"IOTHUB_CLIENT_CONFIRMATION_OK"
10488,10408867078,10408867115,1,"IOTHUB_CLIENT_CONFIRMATION_OK"
10489,10408867278,10408867317,1,"IOTHUB_CLIENT_CONFIRMATION_OK"
10490,10408867478,10408867527,1,"IOTHUB_CLIENT_CONFIRMATION_OK"
10491,10408867679,10408867717,1,"IOTHUB_CLIENT_CONFIRMATION_OK"
10492,10408867879,10408867928,1,"IOTHUB_CLIENT_CONFIRMATION_OK"
10493,10408868079,10408868120,1,"IOTHUB_CLIENT_CONFIRMATION_OK"
10494,10408868279,10408868339,1,"IOTHUB_CLIENT_CONFIRMATION_OK"
10495,10408868479,10408868519,1,"IOTHUB_CLIENT_CONFIRMATION_OK"
10496,10408868679,10408868713,1,"IOTHUB_CLIENT_CONFIRMATION_OK"
10497,10408868879,10408868929,1,"IOTHUB_CLIENT_CONFIRMATION_OK"
10498,10408869080,10408869129,1,"IOTHUB_CLIENT_CONFIRMATION_OK"
10499,10408869280,10408869325,1,"IOTHUB_CLIENT_CONFIRMATION_OK"
10500,10408869480,10408869530,1,"IOTHUB_CLIENT_CONFIRMATION_OK"
10501,10408869680,10408869716,1,"IOTHUB_CLIENT_CONFIRMATION_OK"
10502,10408869880,10408869955,1,"IOTHUB_CLIENT_CONFIRMATION_OK"
10503,10408870080,10408870129,1,"IOTHUB_CLIENT_CONFIRMATION_OK"
10504,10408870281,10408870346,1,"IOTHUB_CLIENT_CONFIRMATION_OK"
10505,10408870481,10408870556,1,"IOTHUB_CLIENT_CONFIRMATION_OK"
10506,10408870681,10408870737,1,"IOTHUB_CLIENT_CONFIRMATION_OK"
10507,10408870881,10408870946,1,"IOTHUB_CLIENT_CONFIRMATION_OK"
10508,10408871081,10408871127,1,"IOTHUB_CLIENT_CONFIRMATION_OK"
10509,10408871281,10408871323,1,"IOTHUB_CLIENT_CONFIRMATION_OK"
10510,10408871482,10408871572,1,"IOTHUB_CLIENT_CONFIRMATION_OK"
10511,10408871682,10408871716,1,"IOTHUB_CLIENT_CONFIRMATION_OK"
10512,10408871882,10408871992,1,"IOTHUB_CLIENT_CONFIRMATION_OK"
10513,10408872082,10408872174,1,"IOTHUB_CLIENT_CONFIRMATION_OK"
10514,10408872282,10408872354,1,"IOTHUB_CLIENT_CONFIRMATION_OK"
10515,10408872482,10408872605,1,"IOTHUB_CLIENT_CONFIRMATION_OK"
10516,10408872682,10408872717,1,"IOTHUB_CLIENT_CONFIRMATION_OK"
10517,10408872883,10408872927,1,"IOTHUB_CLIENT_CONFIRMATION_OK"
10518,10408873083,10408873120,1,"IOTHUB_CLIENT_CONFIRMATION_OK"
10519,10408873283,10408873330,1,"IOTHUB_CLIENT_CONFIRMATION_OK"
10520,10408873483,10408873645,1,"IOTHUB_CLIENT_CONFIRMATION_OK"
10521,10408873683,10408873739,1,"IOTHUB_CLIENT_CONFIRMATION_OK"
10522,10408873883,10408873951,1,"IOTHUB_CLIENT_CONFIRMATION_OK"
10523,10408874084,10408874129,1,"IOTHUB_CLIENT_CONFIRMATION_OK"
10524,10408874284,10408874327,1,"IOTHUB_CLIENT_CONFIRMATION_OK"
10525,10408874484,10408874545,1,"IOTHUB_CLIENT_CONFIRMATION_OK"
10526,10408874684,10408874727,1,"IOTHUB_CLIENT_CONFIRMATION_OK"
10527,10408874884,10408874922,1,"IOTHUB_CLIENT_CONFIRMATION_OK"
10528,10408875084,10408875238,1,"IOTHUB_CLIENT_CONFIRMATION_OK"
10529,10408875285,10408875459,1,"IOTHUB_CLIENT_CONFIRMATION_OK"
10530,10408875485,10408875520,1,"IOTHUB_CLIENT_CONFIRMATION_OK"
10531,10408875685,10408875730,1,"IOTHUB_CLIENT_CONFIRMATION_OK"
10532,10408875885,10408875942,1,"IOTHUB_CLIENT_CONFIRMATION_OK"
10533,10408876085,10408876306,1,"IOTHUB_CLIENT_CONFIRMATION_OK"
10534,10408876285,10408876330,1,"IOTHUB_CLIENT_CONFIRMATION_OK"
10535,10408876486,10408876532,1,"IOTHUB_CLIENT_CONFIRMATION_OK"
10536,10408876686,10408876787,1,"IOTHUB_CLIENT_CONFIRMATION_OK"
10537,10408876886,10408876931,1,"IOTHUB_CLIENT_CONFIRMATION_OK"
10538,10408877086,10408877135,1,"IOTHUB_CLIENT_CONFIRMATION_OK"
10539,10408877286,10408877333,1,"IOTHUB_CLIENT_CONFIRMATION_OK"
10540,10408877486,10408877529,1,"IOTHUB_CLIENT_CONFIRMATION_OK"
10541,10408877686,10408877735,1,"IOTHUB_CLIENT_CONFIRMATION_OK"
10542,10408877887,10408877925,1,"IOTHUB_CLIENT_CONFIRMATION_OK"
10543,10408878087,10408878132,1,"IOTHUB_CLIENT_CONFIRMATION_OK"
10544,10408878287,10408878341,1,"IOTHUB_CLIENT_CONFIRMATION_OK"
10545,10408878487,10408878550,1,"IOTHUB_CLIENT_CONFIRMATION_OK"
10546,10408878687,10408878730,1,"IOTHUB_CLIENT_CONFIRMATION_OK"
10547,10408878887,10408878974,1,"IOTHUB_CLIENT_CONFIRMATION_OK"
10548,10408879088,10408879143,1,"IOTHUB_CLIENT_CONFIRMATION_OK"
10549,10408879288,10408879355,1,"IOTHUB_CLIENT_CONFIRMATION_OK"
10550,10408879488,10408879530,1,"IOTHUB_CLIENT_CONFIRMATION_OK"
10551,10408879688,10408879730,1,"IOTHUB_CLIENT_CONFIRMATION_OK"
10552,10408879888,10408879994,1,"IOTHUB_CLIENT_CONFIRMATION_OK"
10553,10408880088,10408880135,1,"IOTHUB_CLIENT_CONFIRMATION_OK"
10554,10408880289,10408880424,1,"IOTHUB_CLIENT_CONFIRMATION_OK"
10555,10408880489,10408880534,1,"IOTHUB_CLIENT_CONFIRMATION_OK"
10556,10408880689,10408880739,1,"IOTHUB_CLIENT_CONFIRMATION_OK"
10557,10408880889,10408881066,1,"IOTHUB_CLIENT_CONFIRMATION_OK"
10558,10408881089,10408881133,1,"IOTHUB_CLIENT_CONFIRMATION_OK"
10559,10408881289,10408881347,1,"IOTHUB_CLIENT_CONFIRMATION_OK"
10560,10408881490,10408881530,1,"IOTHUB_CLIENT_CONFIRMATION_OK"
10561,10408881690,10408881748,1,"IOTHUB_CLIENT_CONFIRMATION_OK"
10562,10408881890,10408882187,1,"IOTHUB_CLIENT_CONFIRMATION_OK"
10563,10408882090,10408882236,1,"IOTHUB_CLIENT_CONFIRMATION_OK"
10564,10408882290,10408882337,1,"IOTHUB_CLIENT_CONFIRMATION_OK"
10565,10408882490,10408882535,1,"IOTHUB_CLIENT_CONFIRMATION_OK"
10566,10408882690,10408882742,1,"IOTHUB_CLIENT_CONFIRMATION_OK"
10567,10408882891,10408882936,1,"IOTHUB_CLIENT_CONFIRMATION_OK"
10568,10408883091,10408883144,1,"IOTHUB_CLIENT_CONFIRMATION_OK"
10569,10408883291,10408883346,1,"IOTHUB_CLIENT_CONFIRMATION_OK"
10570,10408883491,10408883572,1,"IOTHUB_CLIENT_CONFIRMATION_OK"
10571,10408883691,10408883737,1,"IOTHUB_CLIENT_CONFIRMATION_OK"
10572,10408883891,10408883935,1,"IOTHUB_CLIENT_CONFIRMATION_OK"
10573,10408884092,10408884164,1,"IOTHUB_CLIENT_CONFIRMATION_OK"
10574,10408884292,10408884350,1,"IOTHUB_CLIENT_CONFIRMATION_OK"
10575,10408884492,10408884539,1,"IOTHUB_CLIENT_CONFIRMATION_OK"
10576,10408884692,10408884760,1,"IOTHUB_CLIENT_CONFIRMATION_OK"
10577,10408884892,10408884939,1,"IOTHUB_CLIENT_CONFIRMATION_OK"
10578,10408885092,10408885132,1,"IOTHUB_CLIENT_CONFIRMATION_OK"
10579,10408885292,10408885332,1,"IOTHUB_CLIENT_CONFIRMATION_OK"
10580,10408885493,10408885529,1,"IOTHUB_CLIENT_CONFIRMATION_OK"
10581,10408885693,10408885750,1,"IOTHUB_CLIENT_CONFIRMATION_OK"
10582,10408885893,10408885936,1,"IOTHUB_CLIENT_CONFIRMATION_OK"
10583,10408886093,10408886236,1,"IOTHUB_CLIENT_CONFIRMATION_OK"
10584,10408886293,10408886346,1,"IOTHUB_CLIENT_CONFIRMATION_OK"
10585,10408886494,10408886547,1,"IOTHUB_CLIENT_CONFIRMATION_OK"
10586,10408886694,10408886874,1,"IOTHUB_CLIENT_CONFIRMATION_OK"
10587,10408886894,10408886941,1,"IOTHUB_CLIENT_CONFIRMATION_OK"
10588,10408887094,10408887140,1,"IOTHUB_CLIENT_CONFIRMATION_OK"
10589,10408887294,10408887339,1,"IOTHUB_CLIENT_CONFIRMATION_OK"
10590,10408887494,10408887545,1,"IOTHUB_CLIENT_CONFIRMATION_OK"
10591,10408887694,10408887856,1,"IOTHUB_CLIENT_CONFIRMATION_OK"
10592,10408887895,10408887933,1,"IOTHUB_CLIENT_CONFIRMATION_OK"
10593,10408888095,10408888145,1,"IOTHUB_CLIENT_CONFIRMATION_OK"
10594,10408888295,10408888348,1,"IOTHUB_CLIENT_CONFIRMATION_OK"
10595,10408888495,10408888543,1,"IOTHUB_CLIENT_CONFIRMATION_OK"
10596,10408888695,10408888753,1,"IOTHUB_CLIENT_CONFIRMATION_OK"
10597,10408888895,10408888980,1,"IOTHUB_CLIENT_CONFIRMATION_OK"
10598,10408889096,10408889152,1,"IOTHUB_CLIENT_CONFIRMATION_OK"
10599,10408889296,10408889344,1,"IOTHUB_CLIENT_CONFIRMATION_OK"
10600,10408889496,10408889544,1,"IOTHUB_CLIENT_CONFIRMATION_OK"
10601,10408889696,10408889741,1,"IOTHUB_CLIENT_CONFIRMATION_OK"
10602,10408889896,10408889952,1,"IOTHUB_CLIENT_CONFIRMATION_OK"
10603,10408890096,10408890134,1,"IOTHUB_CLIENT_CONFIRMATION_OK"
10604,10408890297,10408890498,1,"IOTHUB_CLIENT_CONFIRMATION_OK"
10605,10408890497,10408890535,1,"IOTHUB_CLIENT_CONFIRMATION_OK"
10606,10408890697,10408890740,1,"IOTHUB_CLIENT_CONFIRMATION_OK"
10607,10408890897,10408890964,1,"IOTHUB_CLIENT_CONFIRMATION_OK"
10608,10408891097,10408891136,1,"IOTHUB_CLIENT_CONFIRMATION_OK"
10609,10408891297,10408891336,1,"IOTHUB_CLIENT_CONFIRMATION_OK"
10610,10408891498,10408891537,1,"IOTHUB_CLIENT_CONFIRMATION_OK"
10611,10408891698,10408891760,1,"IOTHUB_CLIENT_CONFIRMATION_OK"
10612,10408891898,10408892132,1,"IOTHUB_CLIENT_CONFIRMATION_OK"
10613,10408892098,10408892191,1,"IOTHUB_CLIENT_CONFIRMATION_OK"
10614,10408892298,10408892764,1,"IOTHUB_CLIENT_CONFIRMATION_OK"
10615,10408892498,10408892904,1,"IOTHUB_CLIENT_CONFIRMATION_OK"
10616,10408892699,10408893214,1,"IOTHUB_CLIENT_CONFIRMATION_OK"
10617,10408892899,10408893263,1,"IOTHUB_CLIENT_CONFIRMATION_OK"
10618,10408893099,10408893325,1,"IOTHUB_CLIENT_CONFIRMATION_OK"
10619,10408893299,10408893398,1,"IOTHUB_CLIENT_CONFIRMATION_OK"
10620,10408893499,10408893597,1,"IOTHUB_CLIENT_CONFIRMATION_OK"
10621,10408893699,10408893736,1,"IOTHUB_CLIENT_CONFIRMATION_OK"
10622,10408893900,10408893945,1,"IOTHUB_CLIENT_CONFIRMATION_OK"
10623,10408894100,10408894207,1,"IOTHUB_CLIENT_CONFIRMATION_OK"
10624,10408894300,10408894349,1,"IOTHUB_CLIENT_CONFIRMATION_OK"
10625,10408894500,10408894536,1,"IOTHUB_CLIENT_CONFIRMATION_OK"
10626,10408894700,10408894828,1,"IOTHUB_CLIENT_CONFIRMATION_OK"
10627,10408894900,10408894941,1,"IOTHUB_CLIENT_CONFIRMATION_OK"
10628,10408895101,10408895234,1,"IOTHUB_CLIENT_CONFIRMATION_OK"
10629,10408895301,10408895377,1,"IOTHUB_CLIENT_CONFIRMATION_OK"
10630,10408895501,10408895549,1,"IOTHUB_CLIENT_CONFIRMATION_OK"
10631,10408895701,10408895750,1,"IOTHUB_CLIENT_CONFIRMATION_OK"
10632,10408895901,10408895946,1,"IOTHUB_CLIENT_CONFIRMATION_OK"
10633,10408896101,10408896249,1,"IOTHUB_CLIENT_CONFIRMATION_OK"
10634,10408896302,10408896342,1,"IOTHUB_CLIENT_CONFIRMATION_OK"
10635,10408896502,10408896549,1,"IOTHUB_CLIENT_CONFIRMATION_OK"
10636,10408896702,10408896868,1,"IOTHUB_CLIENT_CONFIRMATION_OK"
10637,10408896902,10408896959,1,"IOTHUB_CLIENT_CONFIRMATION_OK"
10638,10408897102,10408897151,1,"IOTHUB_CLIENT_CONFIRMATION_OK"
10639,10408897302,10408897346,1,"IOTHUB_CLIENT_CONFIRMATION_OK"
10640,10408897502,10408897563,1,"IOTHUB_CLIENT_CONFIRMATION_OK"
10641,10408897703,10408897876,1,"IOTHUB_CLIENT_CONFIRMATION_OK"
10642,10408897903,10408897947,1,"IOTHUB_CLIENT_CONFIRMATION_OK"
10643,10408898103,10408898141,1,"IOTHUB_CLIENT_CONFIRMATION_OK"
10644,10408898303,10408898344,1,"IOTHUB_CLIENT_CONFIRMATION_OK"
10645,10408898503,10408898582,1,"IOTHUB_CLIENT_CONFIRMATION_OK"
10646,10408898703,10408898739,1,"IOTHUB_CLIENT_CONFIRMATION_OK"
10647,10408898904,10408898958,1,"IOTHUB_CLIENT_CONFIRMATION_OK"
10648,10408899104,10408899142,1,"IOTHUB_CLIENT_CONFIRMATION_OK"
10649,10408899304,10408899375,1,"IOTHUB_CLIENT_CONFIRMATION_OK"
10650,10408899504,10408899542,1,"IOTHUB_CLIENT_CONFIRMATION_OK"
10651,10408899704,10408899746,1,"IOTHUB_CLIENT_CONFIRMATION_OK"
10652,10408899904,10408899970,1,"IOTHUB_CLIENT_CONFIRMATION_OK"
10653,10408900105,10408900141,1,"IOTHUB_CLIENT_CONFIRMATION_OK"
10654,10408900305,10408900383,1,"IOTHUB_CLIENT_CONFIRMATION_OK"
10655,10408900505,10408900592,1,"IOTHUB_CLIENT_CONFIRMATION_OK"
10656,10408900705,10408900745,1,"IOTHUB_CLIENT_CONFIRMATION_OK"
10657,10408900905,10408901011,1,"IOTHUB_CLIENT_CONFIRMATION_OK"
10658,10408901105,10408901142,1,"IOTHUB_CLIENT_CONFIRMATION_OK"
10659,10408901305,10408901345,1,"IOTHUB_CLIENT_CONFIRMATION_OK"
10660,10408901506,10408901541,1,"IOTHUB_CLIENT_CONFIRMATION_OK"
10661,10408901706,10408901743,1,"IOTHUB_CLIENT_CONFIRMATION_OK"
10662,10408901906,10408902032,1,"IOTHUB_CLIENT_CONFIRMATION_OK"
10663,10408902106,10408902153,1,"IOTHUB_CLIENT_CONFIRMATION_OK"
10664,10408902306,10408902356,1,"IOTHUB_CLIENT_CONFIRMATION_OK"
10665,10408902507,10408902642,1,"IOTHUB_CLIENT_CONFIRMATION_OK"
10666,10408902707,10408902748,1,"IOTHUB_CLIENT_CONFIRMATION_OK"
10667,10408902907,10408902945,1,"IOTHUB_CLIENT_CONFIRMATION_OK"
10668,10408903107,10408903186,1,"IOTHUB_CLIENT_CONFIRMATION_OK"
10669,10408903307,10408903353,1,"IOTHUB_CLIENT_CONFIRMATION_OK"
10670,10408903507,10408903669,1,"IOTHUB_CLIENT_CONFIRMATION_OK"
10671,10408903707,10408903754,1,"IOTHUB_CLIENT_CONFIRMATION_OK"
10672,10408903908,10408903961,1,"IOTHUB_CLIENT_CONFIRMATION_OK"
10673,10408904108,10408904150,1,"IOTHUB_CLIENT_CONFIRMATION_OK"
10674,10408904308,10408904346,1,"IOTHUB_CLIENT_CONFIRMATION_OK"
10675,10408904508,10408904547,1,"IOTHUB_CLIENT_CONFIRMATION_OK"
10676,10408904708,10408904757,1,"IOTHUB_CLIENT_CONFIRMATION_OK"
10677,10408904908,10408904946,1,"IOTHUB_CLIENT_CONFIRMATION_OK"
10678,10408905109,10408905157,1,"IOTHUB_CLIENT_CONFIRMATION_OK"
10679,10408905309,10408905373,1,"IOTHUB_CLIENT_CONFIRMATION_OK"
10680,10408905509,10408905550,1,"IOTHUB_CLIENT_CONFIRMATION_OK"
10681,10408905709,10408905765,1,"IOTHUB_CLIENT_CONFIRMATION_OK"
10682,10408905909,10408905948,1,"IOTHUB_CLIENT_CONFIRMATION_OK"
10683,10408906109,10408906168,1,"IOTHUB_CLIENT_CONFIRMATION_OK"
10684,10408906310,10408906350,1,"IOTHUB_CLIENT_CONFIRMATION_OK"
10685,10408906510,10408906549,1,"IOTHUB_CLIENT_CONFIRMATION_OK"
10686,10408906710,10408906796,1,"IOTHUB_CLIENT_CONFIRMATION_OK"
10687,10408906910,10408906954,1,"IOTHUB_CLIENT_CONFIRMATION_OK"
10688,10408907110,10408907158,1,"IOTHUB_CLIENT_CONFIRMATION_OK"
10689,10408907310,10408907366,1,"IOTHUB_CLIENT_CONFIRMATION_OK"
10690,10408907511,10408907546,1,"IOTHUB_CLIENT_CONFIRMATION_OK"
10691,10408907711,10408907797,1,"IOTHUB_CLIENT_CONFIRMATION_OK"
10692,10408907911,10408908004,1,"IOTHUB_CLIENT_CONFIRMATION_OK"
10693,10408908111,10408908156,1,"IOTHUB_CLIENT_CONFIRMATION_OK"
10694,10408908311,10408908424,1,"IOTHUB_CLIENT_CONFIRMATION_OK"
10695,10408908511,10408908546,1,"IOTHUB_CLIENT_CONFIRMATION_OK"
10696,10408908712,10408908755,1,"IOTHUB_CLIENT_CONFIRMATION_OK"
10697,10408908912,10408908958,1,"IOTHUB_CLIENT_CONFIRMATION_OK"
10698,10408909112,10408909147,1,"IOTHUB_CLIENT_CONFIRMATION_OK"
10699,10408909312,10408909428,1,"IOTHUB_CLIENT_CONFIRMATION_OK"
10700,10408909512,10408909553,1,"IOTHUB_CLIENT_CONFIRMATION_OK"
10701,10408909712,10408909794,1,"IOTHUB_CLIENT_CONFIRMATION_OK"
10702,10408909913,10408909956,1,"IOTHUB_CLIENT_CONFIRMATION_OK"
10703,10408910113,10408910156,1,"IOTHUB_CLIENT_CONFIRMATION_OK"
10704,10408910313,10408910446,1,"IOTHUB_CLIENT_CONFIRMATION_OK"
10705,10408910513,10408910599,1,"IOTHUB_CLIENT_CONFIRMATION_OK"
10706,10408910713,10408910773,1,"IOTHUB_CLIENT_CONFIRMATION_OK"
10707,10408910913,10408911061,1,"IOTHUB_CLIENT_CONFIRMATION_OK"
10708,10408911113,10408911148,1,"IOTHUB_CLIENT_CONFIRMATION_OK"
10709,10408911314,10408911361,1,"IOTHUB_CLIENT_CONFIRMATION_OK"
10710,10408911514,10408911550,1,"IOTHUB_CLIENT_CONFIRMATION_OK"
10711,10408911714,10408911759,1,"IOTHUB_CLIENT_CONFIRMATION_OK"
10712,10408911914,10408912061,1,"IOTHUB_CLIENT_CONFIRMATION_OK"
10713,10408912114,10408912152,1,"IOTHUB_CLIENT_CONFIRMATION_OK"
10714,10408912314,10408912386,1,"IOTHUB_CLIENT_CONFIRMATION_OK"
10715,10408912515,10408912550,1,"IOTHUB_CLIENT_CONFIRMATION_OK"
10716,10408912715,10408912758,1,"IOTHUB_CLIENT_CONFIRMATION_OK"
10717,10408912915,10408912958,1,"IOTHUB_CLIENT_CONFIRMATION_OK"
10718,10408913115,10408913159,1,"IOTHUB_CLIENT_CONFIRMATION_OK"
10719,10408913315,10408913389,1,"IOTHUB_CLIENT_CONFIRMATION_OK"
10720,10408913515,10408913705,1,"IOTHUB_CLIENT_CONFIRMATION_OK"
10721,10408913715,10408913772,1,"IOTHUB_CLIENT_CONFIRMATION_OK"
10722,10408913916,10408913958,1,"IOTHUB_CLIENT_CONFIRMATION_OK"
10723,10408914116,10408914168,1,"IOTHUB_CLIENT_CONFIRMATION_OK"
10724,10408914316,10408914355,1,"IOTHUB_CLIENT_CONFIRMATION_OK"
10725,10408914516,10408914553,1,"IOTHUB_CLIENT_CONFIRMATION_OK"
10726,10408914716,10408914776,1,"IOTHUB_CLIENT_CONFIRMATION_OK"
10727,10408914916,10408914968,1,"IOTHUB_CLIENT_CONFIRMATION_OK"
10728,10408915117,10408915156,1,"IOTHUB_CLIENT_CONFIRMATION_OK"
10729,10408915317,10408915365,1,"IOTHUB_CLIENT_CONFIRMATION_OK"
10730,10408915517,10408915558,1,"IOTHUB_CLIENT_CONFIRMATION_OK"
10731,10408915717,10408915769,1,"IOTHUB_CLIENT_CONFIRMATION_OK"
10732,10408915917,10408915964,1,"IOTHUB_CLIENT_CONFIRMATION_OK"
10733,10408916117,10408916200,1,"IOTHUB_CLIENT_CONFIRMATION_OK"
10734,10408916318,10408916360,1,"IOTHUB_CLIENT_CONFIRMATION_OK"
10735,10408916518,10408916553,1,"IOTHUB_CLIENT_CONFIRMATION_OK"
10736,10408916718,10408916785,1,"IOTHUB_CLIENT_CONFIRMATION_OK"
10737,10408916918,10408916955,1,"IOTHUB_CLIENT_CONFIRMATION_OK"
10738,10408917118,10408917157,1,"IOTHUB_CLIENT_CONFIRMATION_OK"
10739,10408917318,10408917360,1,"IOTHUB_CLIENT_CONFIRMATION_OK"
10740,10408917519,10408917563,1,"IOTHUB_CLIENT_CONFIRMATION_OK"
10741,10408917719,10408917807,1,"IOTHUB_CLIENT_CONFIRMATION_OK"
10742,10408917919,10408917960,1,"IOTHUB_CLIENT_CONFIRMATION_OK"
10743,10408918119,10408918159,1,"IOTHUB_CLIENT_CONFIRMATION_OK"
10744,10408918319,10408918411,1,"IOTHUB_CLIENT_CONFIRMATION_OK"
10745,10408918519,10408918598,1,"IOTHUB_CLIENT_CONFIRMATION_OK"
10746,10408918719,10408918775,1,"IOTHUB_CLIENT_CONFIRMATION_OK"
10747,10408918920,10408918958,1,"IOTHUB_CLIENT_CONFIRMATION_OK"
10748,10408919120,10408919172,1,"IOTHUB_CLIENT_CONFIRMATION_OK"
10749,10408919320,10408919465,1,"IOTHUB_CLIENT_CONFIRMATION_OK"
10750,10408919520,10408919560,1,"IOTHUB_CLIENT_CONFIRMATION_OK"
10751,10408919720,10408919771,1,"IOTHUB_CLIENT_CONFIRMATION_OK"
10752,10408919920,10408920004,1,"IOTHUB_CLIENT_CONFIRMATION_OK"
10753,10408920121,10408920168,1,"IOTHUB_CLIENT_CONFIRMATION_OK"
10754,10408920321,10408920458,1,"IOTHUB_CLIENT_CONFIRMATION_OK"
10755,10408920521,10408920620,1,"IOTHUB_CLIENT_CONFIRMATION_OK"
10756,10408920721,10408920758,1,"IOTHUB_CLIENT_CONFIRMATION_OK"
10757,10408920921,10408921086,1,"IOTHUB_CLIENT_CONFIRMATION_OK"
10758,10408921121,10408921166,1,"IOTHUB_CLIENT_CONFIRMATION_OK"
10759,10408921322,10408921491,1,"IOTHUB_CLIENT_CONFIRMATION_OK"
10760,10408921522,10408921571,1,"IOTHUB_CLIENT_CONFIRMATION_OK"
10761,10408921722,10408921766,1,"IOTHUB_CLIENT_CONFIRMATION_OK"
10762,10408921922,10408922147,1,"IOTHUB_CLIENT_CONFIRMATION_OK"
10763,10408922122,10408922187,1,"IOTHUB_CLIENT_CONFIRMATION_OK"
10764,10408922322,10408922369,1,"IOTHUB_CLIENT_CONFIRMATION_OK"
10765,10408922523,10408922559,1,"IOTHUB_CLIENT_CONFIRMATION_OK"
10766,10408922723,10408922847,1,"IOTHUB_CLIENT_CONFIRMATION_OK"
10767,10408922923,10408922985,1,"IOTHUB_CLIENT_CONFIRMATION_OK"
10768,10408923123,10408923166,1,"IOTHUB_CLIENT_CONFIRMATION_OK"
10769,10408923323,10408923362,1,"IOTHUB_CLIENT_CONFIRMATION_OK"
10770,10408923523,10408923569,1,"IOTHUB_CLIENT_CONFIRMATION_OK"
10771,10408923723,10408923767,1,"IOTHUB_CLIENT_CONFIRMATION_OK"
10772,10408923924,10408923970,1,"IOTHUB_CLIENT_CONFIRMATION_OK"
10773,10408924124,10408924242,1,"IOTHUB_CLIENT_CONFIRMATION_OK"
10774,10408924324,10408924373,1,"IOTHUB_CLIENT_CONFIRMATION_OK"
10775,10408924524,10408924564,1,"IOTHUB_CLIENT_CONFIRMATION_OK"
10776,10408924724,10408924777,1,"IOTHUB_CLIENT_CONFIRMATION_OK"
10777,10408924924,10408924972,1,"IOTHUB_CLIENT_CONFIRMATION_OK"
10778,10408925125,10408925270,1,"IOTHUB_CLIENT_CONFIRMATION_OK"
10779,10408925325,10408925375,1,"IOTHUB_CLIENT_CONFIRMATION_OK"
10780,10408925525,10408925569,1,"IOTHUB_CLIENT_CONFIRMATION_OK"
10781,10408925725,10408925768,1,"IOTHUB_CLIENT_CONFIRMATION_OK"
10782,10408925925,10408925991,1,"IOTHUB_CLIENT_CONFIRMATION_OK"
10783,10408926125,10408926286,1,"IOTHUB_CLIENT_CONFIRMATION_OK"
10784,10408926325,10408926395,1,"IOTHUB_CLIENT_CONFIRMATION_OK"
10785,10408926526,10408926566,1,"IOTHUB_CLIENT_CONFIRMATION_OK"
10786,10408926726,10408926880,1,"IOTHUB_CLIENT_CONFIRMATION_OK"
10787,10408926926,10408926983,1,"IOTHUB_CLIENT_CONFIRMATION_OK"
10788,10408927126,10408927162,1,"IOTHUB_CLIENT_CONFIRMATION_OK"
10789,10408927326,10408927375,1,"IOTHUB_CLIENT_CONFIRMATION_OK"
10790,10408927526,10408927571,1,"IOTHUB_CLIENT_CONFIRMATION_OK"
10791,10408927727,10408927946,1,"IOTHUB_CLIENT_CONFIRMATION_OK"
10792,10408927927,10408927968,1,"IOTHUB_CLIENT_CONFIRMATION_OK"
10793,10408928127,10408928169,1,"IOTHUB_CLIENT_CONFIRMATION_OK"
10794,10408928327,10408928436,1,"IOTHUB_CLIENT_CONFIRMATION_OK"
10795,10408928527,10408928570,1,"IOTHUB_CLIENT_CONFIRMATION_OK"
10796,10408928727,10408928769,1,"IOTHUB_CLIENT_CONFIRMATION_OK"
10797,10408928928,10408928962,1,"IOTHUB_CLIENT_CONFIRMATION_OK"
10798,10408929128,10408929179,1,"IOTHUB_CLIENT_CONFIRMATION_OK"
10799,10408929328,10408929399,1,"IOTHUB_CLIENT_CONFIRMATION_OK"
10800,10408929528,10408929590,1,"IOTHUB_CLIENT_CONFIRMATION_OK"
10801,10408929728,10408929783,1,"IOTHUB_CLIENT_CONFIRMATION_OK"
10802,10408929928,10408930003,1,"IOTHUB_CLIENT_CONFIRMATION_OK"
10803,10408930128,10408930170,1,"IOTHUB_CLIENT_CONFIRMATION_OK"
10804,10408930329,10408930405,1,"IOTHUB_CLIENT_CONFIRMATION_OK"
10805,10408930529,10408930579,1,"IOTHUB_CLIENT_CONFIRMATION_OK"
10806,10408930729,10408930769,1,"IOTHUB_CLIENT_CONFIRMATION_OK"
10807,10408930929,10408931015,1,"IOTHUB_CLIENT_CONFIRMATION_OK"
10808,10408931129,10408931169,1,"IOTHUB_CLIENT_CONFIRMATION_OK"
10809,10408931329,10408931377,1,"IOTHUB_CLIENT_CONFIRMATION_OK"
10810,10408931530,10408931585,1,"IOTHUB_CLIENT_CONFIRMATION_OK"
10811,10408931730,10408931772,1,"IOTHUB_CLIENT_CONFIRMATION_OK"
10812,10408931930,10408932033,1,"IOTHUB_CLIENT_CONFIRMATION_OK"
10813,10408932130,10408932174,1,"IOTHUB_CLIENT_CONFIRMATION_OK"
10814,10408932330,10408932372,1,"IOTHUB_CLIENT_CONFIRMATION_OK"
10815,10408932530,10408932651,1,"IOTHUB_CLIENT_CONFIRMATION_OK"
10816,10408932731,10408932776,1,"IOTHUB_CLIENT_CONFIRMATION_OK"
10817,10408932931,10408932989,1,"IOTHUB_CLIENT_CONFIRMATION_OK"
10818,10408933131,10408933256,1,"IOTHUB_CLIENT_CONFIRMATION_OK"
10819,10408933331,10408933429,1,"IOTHUB_CLIENT_CONFIRMATION_OK"
10820,10408933531,10408933694,1,"IOTHUB_CLIENT_CONFIRMATION_OK"
10821,10408933731,10408933802,1,"IOTHUB_CLIENT_CONFIRMATION_OK"
10822,10408933931,10408933983,1,"IOTHUB_CLIENT_CONFIRMATION_OK"
10823,10408934132,10408934181,1,"IOTHUB_CLIENT_CONFIRMATION_OK"
10824,10408934332,10408934373,1,"IOTHUB_CLIENT_CONFIRMATION_OK"
10825,10408934532,10408934567,1,"IOTHUB_CLIENT_CONFIRMATION_OK"
10826,10408934732,10408934771,1,"IOTHUB_CLIENT_CONFIRMATION_OK"
10827,10408934932,10408934975,1,"IOTHUB_CLIENT_CONFIRMATION_OK"
10828,10408935132,10408935174,1,"IOTHUB_CLIENT_CONFIRMATION_OK"
10829,10408935333,10408935389,1,"IOTHUB_CLIENT_CONFIRMATION_OK"
10830,10408935533,10408935574,1,"IOTHUB_CLIENT_CONFIRMATION_OK"
10831,10408935733,10408935773,1,"IOTHUB_CLIENT_CONFIRMATION_OK"
10832,10408935933,10408935981,1,"IOTHUB_CLIENT_CONFIRMATION_OK"
10833,10408936133,10408936373,1,"IOTHUB_CLIENT_CONFIRMATION_OK"
10834,10408936333,10408936409,1,"IOTHUB_CLIENT_CONFIRMATION_OK"
10835,10408936534,10408936587,1,"IOTHUB_CLIENT_CONFIRMATION_OK"
10836,10408936734,10408936783,1,"IOTHUB_CLIENT_CONFIRMATION_OK"
10837,10408936934,10408936977,1,"IOTHUB_CLIENT_CONFIRMATION_OK"
10838,10408937134,10408937178,1,"IOTHUB_CLIENT_CONFIRMATION_OK"
10839,10408937334,10408937375,1,"IOTHUB_CLIENT_CONFIRMATION_OK"
10840,10408937534,10408937618,1,"IOTHUB_CLIENT_CONFIRMATION_OK"
10841,10408937735,10408937780,1,"IOTHUB_CLIENT_CONFIRMATION_OK"
10842,10408937935,10408937990,1,"IOTHUB_CLIENT_CONFIRMATION_OK"
10843,10408938135,10408938185,1,"IOTHUB_CLIENT_CONFIRMATION_OK"
10844,10408938335,10408938397,1,"IOTHUB_CLIENT_CONFIRMATION_OK"
10845,10408938535,10408938578,1,"IOTHUB_CLIENT_CONFIRMATION_OK"
10846,10408938735,10408938780,1,"IOTHUB_CLIENT_CONFIRMATION_OK"
10847,10408938936,10408938973,1,"IOTHUB_CLIENT_CONFIRMATION_OK"
10848,10408939136,10408939186,1,"IOTHUB_CLIENT_CONFIRMATION_OK"
10849,10408939336,10408939429,1,"IOTHUB_CLIENT_CONFIRMATION_OK"
10850,10408939536,10408939578,1,"IOTHUB_CLIENT_CONFIRMATION_OK"
10851,10408939736,10408939773,1,"IOTHUB_CLIENT_CONFIRMATION_OK"
10852,10408939936,10408940025,1,"IOTHUB_CLIENT_CONFIRMATION_OK"
10853,10408940136,10408940178,1,"IOTHUB_CLIENT_CONFIRMATION_OK"
10854,10408940337,10408940469,1,"IOTHUB_CLIENT_CONFIRMATION_OK"
10855,10408940537,10408940578,1,"IOTHUB_CLIENT_CONFIRMATION_OK"
10856,10408940737,10408940782,1,"IOTHUB_CLIENT_CONFIRMATION_OK"
10857,10408940937,10408941038,1,"IOTHUB_CLIENT_CONFIRMATION_OK"
10858,10408941137,10408941186,1,"IOTHUB_CLIENT_CONFIRMATION_OK"
10859,10408941337,10408941384,1,"IOTHUB_CLIENT_CONFIRMATION_OK"
10860,10408941538,10408941581,1,"IOTHUB_CLIENT_CONFIRMATION_OK"
10861,10408941738,10408941809,1,"IOTHUB_CLIENT_CONFIRMATION_OK"
10862,10408941938,10408942067,1,"IOTHUB_CLIENT_CONFIRMATION_OK"
10863,10408942138,10408942178,1,"IOTHUB_CLIENT_CONFIRMATION_OK"
10864,10408942338,10408942387,1,"IOTHUB_CLIENT_CONFIRMATION_OK"
10865,10408942538,10408942681,1,"IOTHUB_CLIENT_CONFIRMATION_OK"
10866,10408942739,10408942806,1,"IOTHUB_CLIENT_CONFIRMATION_OK"
10867,10408942939,10408942984,1,"IOTHUB_CLIENT_CONFIRMATION_OK"
10868,10408943139,10408943179,1,"IOTHUB_CLIENT_CONFIRMATION_OK"
10869,10408943339,10408943378,1,"IOTHUB_CLIENT_CONFIRMATION_OK"
10870,10408943539,10408943699,1,"IOTHUB_CLIENT_CONFIRMATION_OK"
10871,10408943739,10408943794,1,"IOTHUB_CLIENT_CONFIRMATION_OK"
10872,10408943940,10408943974,1,"IOTHUB_CLIENT_CONFIRMATION_OK"
10873,10408944140,10408944186,1,"IOTHUB_CLIENT_CONFIRMATION_OK"
10874,10408944340,10408944378,1,"IOTHUB_CLIENT_CONFIRMATION_OK"
10875,10408944540,10408944615,1,"IOTHUB_CLIENT_CONFIRMATION_OK"
10876,10408944740,10408944800,1,"IOTHUB_CLIENT_CONFIRMATION_OK"
10877,10408944940,10408944994,1,"IOTHUB_CLIENT_CONFIRMATION_OK"
10878,10408945140,10408945190,1,"IOTHUB_CLIENT_CONFIRMATION_OK"
10879,10408945341,10408945379,1,"IOTHUB_CLIENT_CONFIRMATION_OK"
10880,10408945541,10408945607,1,"IOTHUB_CLIENT_CONFIRMATION_OK"
10881,10408945741,10408945780,1,"IOTHUB_CLIENT_CONFIRMATION_OK"
10882,10408945941,10408945984,1,"IOTHUB_CLIENT_CONFIRMATION_OK"
10883,10408946141,10408946186,1,"IOTHUB_CLIENT_CONFIRMATION_OK"
10884,10408946341,10408946384,1,"IOTHUB_CLIENT_CONFIRMATION_OK"
10885,10408946542,10408946581,1,"IOTHUB_CLIENT_CONFIRMATION_OK"
10886,10408946742,10408946773,1,"IOTHUB_CLIENT_CONFIRMATION_OK"
10887,10408946942,10408947005,1,"IOTHUB_CLIENT_CONFIRMATION_OK"
10888,10408947142,10408947189,1,"IOTHUB_CLIENT_CONFIRMATION_OK"
10889,10408947342,10408947422,1,"IOTHUB_CLIENT_CONFIRMATION_OK"
10890,10408947542,10408947588,1,"IOTHUB_CLIENT_CONFIRMATION_OK"
10891,10408947743,10408947810,1,"IOTHUB_CLIENT_CONFIRMATION_OK"
10892,10408947943,10408947986,1,"IOTHUB_CLIENT_CONFIRMATION_OK"
10893,10408948143,10408948192,1,"IOTHUB_CLIENT_CONFIRMATION_OK"
10894,10408948343,10408948446,1,"IOTHUB_CLIENT_CONFIRMATION_OK"
10895,10408948543,10408948602,1,"IOTHUB_CLIENT_CONFIRMATION_OK"
10896,10408948743,10408948788,1,"IOTHUB_CLIENT_CONFIRMATION_OK"
10897,10408948944,10408948982,1,"IOTHUB_CLIENT_CONFIRMATION_OK"
10898,10408949144,10408949184,1,"IOTHUB_CLIENT_CONFIRMATION_OK"
10899,10408949344,10408949390,1,"IOTHUB_CLIENT_CONFIRMATION_OK"
10900,10408949544,10408949600,1,"IOTHUB_CLIENT_CONFIRMATION_OK"
10901,10408949744,10408949787,1,"IOTHUB_CLIENT_CONFIRMATION_OK"
10902,10408949944,10408949995,1,"IOTHUB_CLIENT_CONFIRMATION_OK"
10903,10408950145,10408950181,1,"IOTHUB_CLIENT_CONFIRMATION_OK"
10904,10408950345,10408950446,1,"IOTHUB_CLIENT_CONFIRMATION_OK"
10905,10408950545,10408950585,1,"IOTHUB_CLIENT_CONFIRMATION_OK"
10906,10408950745,10408950783,1,"IOTHUB_CLIENT_CONFIRMATION_OK"
10907,10408950945,10408951060,1,"IOTHUB_CLIENT_CONFIRMATION_OK"
10908,10408951145,10408951242,1,"IOTHUB_CLIENT_CONFIRMATION_OK"
10909,10408951345,10408951386,1,"IOTHUB_CLIENT_CONFIRMATION_OK"
10910,10408951546,10408951587,1,"IOTHUB_CLIENT_CONFIRMATION_OK"
10911,10408951746,10408951783,1,"IOTHUB_CLIENT_CONFIRMATION_OK"
10912,10408951946,10408952077,1,"IOTHUB_CLIENT_CONFIRMATION_OK"
10913,10408952146,10408952194,1,"IOTHUB_CLIENT_CONFIRMATION_OK"
10914,10408952346,10408952384,1,"IOTHUB_CLIENT_CONFIRMATION_OK"
10915,10408952546,10408952733,1,"IOTHUB_CLIENT_CONFIRMATION_OK"
10916,10408952747,10408952785,1,"IOTHUB_CLIENT_CONFIRMATION_OK"
10917,10408952947,10408952985,1,"IOTHUB_CLIENT_CONFIRMATION_OK"
10918,10408953147,10408953193,1,"IOTHUB_CLIENT_CONFIRMATION_OK"
10919,10408953347,10408953395,1,"IOTHUB_CLIENT_CONFIRMATION_OK"
10920,10408953547,10408953731,1,"IOTHUB_CLIENT_CONFIRMATION_OK"
10921,10408953747,10408953795,1,"IOTHUB_CLIENT_CONFIRMATION_OK"
10922,10408953948,10408953994,1,"IOTHUB_CLIENT_CONFIRMATION_OK"
10923,10408954148,10408954188,1,"IOTHUB_CLIENT_CONFIRMATION_OK"
10924,10408954348,10408954405,1,"IOTHUB_CLIENT_CONFIRMATION_OK"
10925,10408954548,10408954597,1,"IOTHUB_CLIENT_CONFIRMATION_OK"
10926,10408954748,10408954816,1,"IOTHUB_CLIENT_CONFIRMATION_OK"
10927,10408954948,10408954988,1,"IOTHUB_CLIENT_CONFIRMATION_OK"
10928,10408955148,10408955190,1,"IOTHUB_CLIENT_CONFIRMATION_OK"
10929,10408955349,10408955397,1,"IOTHUB_CLIENT_CONFIRMATION_OK"
10930,10408955549,10408955607,1,"IOTHUB_CLIENT_CONFIRMATION_OK"
10931,10408955749,10408955808,1,"IOTHUB_CLIENT_CONFIRMATION_OK"
10932,10408955949,10408956003,1,"IOTHUB_CLIENT_CONFIRMATION_OK"
10933,10408956149,10408956242,1,"IOTHUB_CLIENT_CONFIRMATION_OK"
10934,10408956349,10408956392,1,"IOTHUB_CLIENT_CONFIRMATION_OK"
10935,10408956550,10408956595,1,"IOTHUB_CLIENT_CONFIRMATION_OK"
10936,10408956750,10408956850,1,"IOTHUB_CLIENT_CONFIRMATION_OK"
10937,10408956950,10408956990,1,"IOTHUB_CLIENT_CONFIRMATION_OK"
10938,10408957150,10408957191,1,"IOTHUB_CLIENT_CONFIRMATION_OK"
10939,10408957350,10408957422,1,"IOTHUB_CLIENT_CONFIRMATION_OK"
10940,10408957550,10408957597,1,"IOTHUB_CLIENT_CONFIRMATION_OK"
10941,10408957751,10408957866,1,"IOTHUB_CLIENT_CONFIRMATION_OK"
10942,10408957951,10408957998,1,"IOTHUB_CLIENT_CONFIRMATION_OK"
10943,10408958151,10408958196,1,"IOTHUB_CLIENT_CONFIRMATION_OK"
10944,10408958351,10408958393,1,"IOTHUB_CLIENT_CONFIRMATION_OK"
10945,10408958551,10408958639,1,"IOTHUB_CLIENT_CONFIRMATION_OK"
10946,10408958751,10408958793,1,"IOTHUB_CLIENT_CONFIRMATION_OK"
10947,10408958952,10408958998,1,"IOTHUB_CLIENT_CONFIRMATION_OK"
10948,10408959152,10408959208,1,"IOTHUB_CLIENT_CONFIRMATION_OK"
10949,10408959352,10408959512,1,"IOTHUB_CLIENT_CONFIRMATION_OK"
10950,10408959552,10408959600,1,"IOTHUB_CLIENT_CONFIRMATION_OK"
10951,10408959752,10408959797,1,"IOTHUB_CLIENT_CONFIRMATION_OK"
10952,10408959952,10408959997,1,"IOTHUB_CLIENT_CONFIRMATION_OK"
10953,10408960152,10408960188,1,"IOTHUB_CLIENT_CONFIRMATION_OK"
10954,10408960353,10408960566,1,"IOTHUB_CLIENT_CONFIRMATION_OK"
10955,10408960553,10408960616,1,"IOTHUB_CLIENT_CONFIRMATION_OK"
10956,10408960753,10408960794,1,"IOTHUB_CLIENT_CONFIRMATION_OK"
10957,10408960953,10408961118,1,"IOTHUB_CLIENT_CONFIRMATION_OK"
10958,10408961153,10408961197,1,"IOTHUB_CLIENT_CONFIRMATION_OK"
10959,10408961353,10408961389,1,"IOTHUB_CLIENT_CONFIRMATION_OK"
10960,10408961554,10408961590,1,"IOTHUB_CLIENT_CONFIRMATION_OK"
10961,10408961754,10408961802,1,"IOTHUB_CLIENT_CONFIRMATION_OK"
10962,10408961954,10408962116,1,"IOTHUB_CLIENT_CONFIRMATION_OK"
10963,10408962154,10408962197,1,"IOTHUB_CLIENT_CONFIRMATION_OK"
10964,10408962354,10408962406,1,"IOTHUB_CLIENT_CONFIRMATION_OK"
10965,10408962554,10408962598,1,"IOTHUB_CLIENT_CONFIRMATION_OK"
10966,10408962755,10408962815,1,"IOTHUB_CLIENT_CONFIRMATION_OK"
10967,10408962955,10408962994,1,"IOTHUB_CLIENT_CONFIRMATION_OK"
10968,10408963155,10408963203,1,"IOTHUB_CLIENT_CONFIRMATION_OK"
10969,10408963355,10408963478,1,"IOTHUB_CLIENT_CONFIRMATION_OK"
10970,10408963555,10408963758,1,"IOTHUB_CLIENT_CONFIRMATION_OK"
10971,10408963755,10408963793,1,"IOTHUB_CLIENT_CONFIRMATION_OK"
10972,10408963955,10408964003,1,"IOTHUB_CLIENT_CONFIRMATION_OK"
10973,10408964156,10408964205,1,"IOTHUB_CLIENT_CONFIRMATION_OK"
10974,10408964356,10408964401,1,"IOTHUB_CLIENT_CONFIRMATION_OK"
10975,10408964556,10408964592,1,"IOTHUB_CLIENT_CONFIRMATION_OK"
10976,10408964756,10408964804,1,"IOTHUB_CLIENT_CONFIRMATION_OK"
10977,10408964956,10408964993,1,"IOTHUB_CLIENT_CONFIRMATION_OK"
10978,10408965156,10408965205,1,"IOTHUB_CLIENT_CONFIRMATION_OK"
10979,10408965356,10408965459,1,"IOTHUB_CLIENT_CONFIRMATION_OK"
10980,10408965557,10408965599,1,"IOTHUB_CLIENT_CONFIRMATION_OK"
10981,10408965757,10408965820,1,"IOTHUB_CLIENT_CONFIRMATION_OK"
10982,10408965957,10408965997,1,"IOTHUB_CLIENT_CONFIRMATION_OK"
10983,10408966157,10408966411,1,"IOTHUB_CLIENT_CONFIRMATION_OK"
10984,10408966357,10408966449,1,"IOTHUB_CLIENT_CONFIRMATION_OK"
10985,10408966557,10408966595,1,"IOTHUB_CLIENT_CONFIRMATION_OK"
10986,10408966758,10408966806,1,"IOTHUB_CLIENT_CONFIRMATION_OK"
10987,10408966958,10408967007,1,"IOTHUB_CLIENT_CONFIRMATION_OK"
10988,10408967158,10408967210,1,"IOTHUB_CLIENT_CONFIRMATION_OK"
10989,10408967358,10408967428,1,"IOTHUB_CLIENT_CONFIRMATION_OK"
10990,10408967558,10408967593,1,"IOTHUB_CLIENT_CONFIRMATION_OK"
10991,10408967758,10408967818,1,"IOTHUB_CLIENT_CONFIRMATION_OK"
10992,10408967958,10408967999,1,"IOTHUB_CLIENT_CONFIRMATION_OK"
10993,10408968159,10408968287,1,"IOTHUB_CLIENT_CONFIRMATION_OK"
10994,10408968359,10408968503,1,"IOTHUB_CLIENT_CONFIRMATION_OK"
10995,10408968559,10408968604,1,"IOTHUB_CLIENT_CONFIRMATION_OK"
10996,10408968759,10408968796,1,"IOTHUB_CLIENT_CONFIRMATION_OK"
10997,10408968959,10408969003,1,"IOTHUB_CLIENT_CONFIRMATION_OK"
10998,10408969159,10408969202,1,"IOTHUB_CLIENT_CONFIRMATION_OK"
10999,10408969359,10408969524,1,"IOTHUB_CLIENT_CONFIRMATION_OK"
11000,10408969560,10408969597,1,"IOTHUB_CLIENT_CONFIRMATION_OK"
11001,10408969760,10408969797,1,"IOTHUB_CLIENT_CONFIRMATION_OK"
11002,10408969960,10408970006,1,"IOTHUB_CLIENT_CONFIRMATION_OK"
11003,10408970160,10408970206,1,"IOTHUB_CLIENT_CONFIRMATION_OK"
11004,10408970360,10408970529,1,"IOTHUB_CLIENT_CONFIRMATION_OK"
11005,10408970560,10408970601,1,"IOTHUB_CLIENT_CONFIRMATION_OK"
11006,10408970761,10408970844,1,"IOTHUB_CLIENT_CONFIRMATION_OK"
11007,10408970961,10408971004,1,"IOTHUB_CLIENT_CONFIRMATION_OK"
11008,10408971161,10408971194,1,"IOTHUB_CLIENT_CONFIRMATION_OK"
11009,10408971361,10408971405,1,"IOTHUB_CLIENT_CONFIRMATION_OK"
11010,10408971561,10408971598,1,"IOTHUB_CLIENT_CONFIRMATION_OK"
11011,10408971761,10408971808,1,"IOTHUB_CLIENT_CONFIRMATION_OK"
11012,10408971962,10408972152,1,"IOTHUB_CLIENT_CONFIRMATION_OK"
11013,10408972162,10408972199,1,"IOTHUB_CLIENT_CONFIRMATION_OK"
11014,10408972362,10408972409,1,"IOTHUB_CLIENT_CONFIRMATION_OK"
11015,10408972562,10408972606,1,"IOTHUB_CLIENT_CONFIRMATION_OK"
11016,10408972762,10408972800,1,"IOTHUB_CLIENT_CONFIRMATION_OK"
11017,10408972962,10408973000,1,"IOTHUB_CLIENT_CONFIRMATION_OK"
11018,10408973162,10408973204,1,"IOTHUB_CLIENT_CONFIRMATION_OK"
11019,10408973363,10408973408,1,"IOTHUB_CLIENT_CONFIRMATION_OK"
11020,10408973563,10408973603,1,"IOTHUB_CLIENT_CONFIRMATION_OK"
11021,10408973763,10408973801,1,"IOTHUB_CLIENT_CONFIRMATION_OK"
11022,10408973963,10408974009,1,"IOTHUB_CLIENT_CONFIRMATION_OK"
11023,10408974163,10408974203,1,"IOTHUB_CLIENT_CONFIRMATION_OK"
11024,10408974363,10408974400,1,"IOTHUB_CLIENT_CONFIRMATION_OK"
11025,10408974564,10408974605,1,"IOTHUB_CLIENT_CONFIRMATION_OK"
11026,10408974764,10408974818,1,"IOTHUB_CLIENT_CONFIRMATION_OK"
11027,10408974964,10408975001,1,"IOTHUB_CLIENT_CONFIRMATION_OK"
11028,10408975164,10408975211,1,"IOTHUB_CLIENT_CONFIRMATION_OK"
11029,10408975364,10408975406,1,"IOTHUB_CLIENT_CONFIRMATION_OK"
11030,10408975564,10408975609,1,"IOTHUB_CLIENT_CONFIRMATION_OK"
11031,10408975765,10408975906,1,"IOTHUB_CLIENT_CONFIRMATION_OK"
11032,10408975965,10408976010,1,"IOTHUB_CLIENT_CONFIRMATION_OK"
11033,10408976165,10408976267,1,"IOTHUB_CLIENT_CONFIRMATION_OK"
11034,10408976365,10408976425,1,"IOTHUB_CLIENT_CONFIRMATION_OK"
11035,10408976565,10408976641,1,"IOTHUB_CLIENT_CONFIRMATION_OK"
11036,10408976765,10408976851,1,"IOTHUB_CLIENT_CONFIRMATION_OK"
11037,10408976965,10408977008,1,"IOTHUB_CLIENT_CONFIRMATION_OK"
11038,10408977166,10408977221,1,"IOTHUB_CLIENT_CONFIRMATION_OK"
11039,10408977366,10408977413,1,"IOTHUB_CLIENT_CONFIRMATION_OK"
11040,10408977566,10408977607,1,"IOTHUB_CLIENT_CONFIRMATION_OK"
11041,10408977766,10408977966,1,"IOTHUB_CLIENT_CONFIRMATION_OK"
11042,10408977966,10408978018,1,"IOTHUB_CLIENT_CONFIRMATION_OK"
11043,10408978166,10408978209,1,"IOTHUB_CLIENT_CONFIRMATION_OK"
11044,10408978367,10408978432,1,"IOTHUB_CLIENT_CONFIRMATION_OK"
11045,10408978567,10408978608,1,"IOTHUB_CLIENT_CONFIRMATION_OK"
11046,10408978767,10408978804,1,"IOTHUB_CLIENT_CONFIRMATION_OK"
11047,10408978967,10408979014,1,"IOTHUB_CLIENT_CONFIRMATION_OK"
11048,10408979167,10408979202,1,"IOTHUB_CLIENT_CONFIRMATION_OK"
11049,10408979367,10408979401,1,"IOTHUB_CLIENT_CONFIRMATION_OK"
11050,10408979567,10408979605,1,"IOTHUB_CLIENT_CONFIRMATION_OK"
11051,10408979768,10408979809,1,"IOTHUB_CLIENT_CONFIRMATION_OK"
11052,10408979968,10408980004,1,"IOTHUB_CLIENT_CONFIRMATION_OK"
11053,10408980168,10408980351,1,"IOTHUB_CLIENT_CONFIRMATION_OK"
11054,10408980368,10408980608,1,"IOTHUB_CLIENT_CONFIRMATION_OK"
11055,10408980568,10408980632,1,"IOTHUB_CLIENT_CONFIRMATION_OK"
11056,10408980768,10408980810,1,"IOTHUB_CLIENT_CONFIRMATION_OK"
11057,10408980969,10408981035,1,"IOTHUB_CLIENT_CONFIRMATION_OK"
11058,10408981169,10408981207,1,"IOTHUB_CLIENT_CONFIRMATION_OK"
11059,10408981369,10408981417,1,"IOTHUB_CLIENT_CONFIRMATION_OK"
11060,10408981569,10408981662,1,"IOTHUB_CLIENT_CONFIRMATION_OK"
11061,10408981769,10408981820,1,"IOTHUB_CLIENT_CONFIRMATION_OK"
11062,10408981969,10408982041,1,"IOTHUB_CLIENT_CONFIRMATION_OK"
11063,10408982169,10408982209,1,"IOTHUB_CLIENT_CONFIRMATION_OK"
11064,10408982370,10408982429,1,"IOTHUB_CLIENT_CONFIRMATION_OK"
11065,10408982570,10408982681,1,"IOTHUB_CLIENT_CONFIRMATION_OK"
11066,10408982770,10408982808,1,"IOTHUB_CLIENT_CONFIRMATION_OK"
11067,10408982970,10408983074,1,"IOTHUB_CLIENT_CONFIRMATION_OK"
11068,10408983170,10408983287,1,"IOTHUB_CLIENT_CONFIRMATION_OK"
11069,10408983370,10408983416,1,"IOTHUB_CLIENT_CONFIRMATION_OK"
11070,10408983571,10408983688,1,"IOTHUB_CLIENT_CONFIRMATION_OK"
11071,10408983771,10408983814,1,"IOTHUB_CLIENT_CONFIRMATION_OK"
11072,10408983971,10408984011,1,"IOTHUB_CLIENT_CONFIRMATION_OK"
11073,10408984171,10408984211,1,"IOTHUB_CLIENT_CONFIRMATION_OK"
11074,10408984371,10408984413,1,"IOTHUB_CLIENT_CONFIRMATION_OK"
11075,10408984571,10408984612,1,"IOTHUB_CLIENT_CONFIRMATION_OK"
11076,10408984771,10408984815,1,"IOTHUB_CLIENT_CONFIRMATION_OK"
11077,10408984972,10408985025,1,"IOTHUB_CLIENT_CONFIRMATION_OK"
11078,10408985172,10408985308,1,"IOTHUB_CLIENT_CONFIRMATION_OK"
11079,10408985372,10408985408,1,"IOTHUB_CLIENT_CONFIRMATION_OK"
11080,10408985572,10408985613,1,"IOTHUB_CLIENT_CONFIRMATION_OK"
11081,10408985772,10408985813,1,"IOTHUB_CLIENT_CONFIRMATION_OK"
11082,10408985972,10408986027,1,"IOTHUB_CLIENT_CONFIRMATION_OK"
11083,10408986173,10408986323,1,"IOTHUB_CLIENT_CONFIRMATION_OK"
11084,10408986373,10408986427,1,"IOTHUB_CLIENT_CONFIRMATION_OK"
11085,10408986573,10408986629,1,"IOTHUB_CLIENT_CONFIRMATION_OK"
11086,10408986773,10408986809,1,"IOTHUB_CLIENT_CONFIRMATION_OK"
11087,10408986973,10408987072,1,"IOTHUB_CLIENT_CONFIRMATION_OK"
11088,10408987173,10408987216,1,"IOTHUB_CLIENT_CONFIRMATION_OK"
11089,10408987374,10408987418,1,"IOTHUB_CLIENT_CONFIRMATION_OK"
11090,10408987574,10408987626,1,"IOTHUB_CLIENT_CONFIRMATION_OK"
11091,10408987774,10408988060,1,"IOTHUB_CLIENT_CONFIRMATION_OK"
11092,10408987974,10408988090,1,"IOTHUB_CLIENT_CONFIRMATION_OK"
11093,10408988174,10408988216,1,"IOTHUB_CLIENT_CONFIRMATION_OK"
11094,10408988374,10408988414,1,"IOTHUB_CLIENT_CONFIRMATION_OK"
11095,10408988574,10408988620,1,"IOTHUB_CLIENT_CONFIRMATION_OK"
11096,10408988775,10408988818,1,"IOTHUB_CLIENT_CONFIRMATION_OK"
11097,10408988975,10408989021,1,"IOTHUB_CLIENT_CONFIRMATION_OK"
11098,10408989175,10408989219,1,"IOTHUB_CLIENT_CONFIRMATION_OK"
11099,10408989375,10408989425,1,"IOTHUB_CLIENT_CONFIRMATION_OK"
11100,10408989575,10408989610,1,"IOTHUB_CLIENT_CONFIRMATION_OK"
11101,10408989775,10408989815,1,"IOTHUB_CLIENT_CONFIRMATION_OK"
11102,10408989976,10408990026,1,"IOTHUB_CLIENT_CONFIRMATION_OK"
11103,10408990176,10408990226,1,"IOTHUB_CLIENT_CONFIRMATION_OK"
11104,10408990376,10408990425,1,"IOTHUB_CLIENT_CONFIRMATION_OK"
11105,10408990576,10408990619,1,"IOTHUB_CLIENT_CONFIRMATION_OK"
11106,10408990776,10408990824,1,"IOTHUB_CLIENT_CONFIRMATION_OK"
11107,10408990976,10408991051,1,"IOTHUB_CLIENT_CONFIRMATION_OK"
11108,10408991177,10408991217,1,"IOTHUB_CLIENT_CONFIRMATION_OK"
11109,10408991377,10408991442,1,"IOTHUB_CLIENT_CONFIRMATION_OK"
11110,10408991577,10408991664,1,"IOTHUB_CLIENT_CONFIRMATION_OK"
11111,10408991777,10408991815,1,"IOTHUB_CLIENT_CONFIRMATION_OK"
11112,10408991977,10408992086,1,"IOTHUB_CLIENT_CONFIRMATION_OK"
11113,10408992177,10408992249,1,"IOTHUB_CLIENT_CONFIRMATION_OK"
11114,10408992377,10408992461,1,"IOTHUB_CLIENT_CONFIRMATION_OK"
11115,10408992578,10408992676,1,"IOTHUB_CLIENT_CONFIRMATION_OK"
11116,10408992778,10408992866,1,"IOTHUB_CLIENT_CONFIRMATION_OK"
11117,10408992978,10408993032,1,"IOTHUB_CLIENT_CONFIRMATION_OK"
11118,10408993178,10408993231,1,"IOTHUB_CLIENT_CONFIRMATION_OK"
11119,10408993378,10408993423,1,"IOTHUB_CLIENT_CONFIRMATION_OK"
11120,10408993578,10408993637,1,"IOTHUB_CLIENT_CONFIRMATION_OK"
11121,10408993779,10408993835,1,"IOTHUB_CLIENT_CONFIRMATION_OK"
11122,10408993979,10408994017,1,"IOTHUB_CLIENT_CONFIRMATION_OK"
11123,10408994179,10408994246,1,"IOTHUB_CLIENT_CONFIRMATION_OK"
11124,10408994379,10408994434,1,"IOTHUB_CLIENT_CONFIRMATION_OK"
11125,10408994579,10408994644,1,"IOTHUB_CLIENT_CONFIRMATION_OK"
11126,10408994779,10408994824,1,"IOTHUB_CLIENT_CONFIRMATION_OK"
11127,10408994979,10408995033,1,"IOTHUB_CLIENT_CONFIRMATION_OK"
11128,10408995180,10408995289,1,"IOTHUB_CLIENT_CONFIRMATION_OK"
11129,10408995380,10408995422,1,"IOTHUB_CLIENT_CONFIRMATION_OK"
11130,10408995580,10408995628,1,"IOTHUB_CLIENT_CONFIRMATION_OK"
11131,10408995780,10408995818,1,"IOTHUB_CLIENT_CONFIRMATION_OK"
11132,10408995980,10408996027,1,"IOTHUB_CLIENT_CONFIRMATION_OK"
11133,10408996180,10408996320,1,"IOTHUB_CLIENT_CONFIRMATION_OK"
11134,10408996381,10408996424,1,"IOTHUB_CLIENT_CONFIRMATION_OK"
11135,10408996581,10408996624,1,"IOTHUB_CLIENT_CONFIRMATION_OK"
11136,10408996781,10408996934,1,"IOTHUB_CLIENT_CONFIRMATION_OK"
11137,10408996981,10408997030,1,"IOTHUB_CLIENT_CONFIRMATION_OK"
11138,10408997181,10408997217,1,"IOTHUB_CLIENT_CONFIRMATION_OK"
11139,10408997381,10408997425,1,"IOTHUB_CLIENT_CONFIRMATION_OK"
11140,10408997582,10408997623,1,"IOTHUB_CLIENT_CONFIRMATION_OK"
11141,10408997782,10408997959,1,"IOTHUB_CLIENT_CONFIRMATION_OK"
11142,10408997982,10408998097,1,"IOTHUB_CLIENT_CONFIRMATION_OK"
11143,10408998182,10408998246,1,"IOTHUB_CLIENT_CONFIRMATION_OK"
11144,10408998382,10408998426,1,"IOTHUB_CLIENT_CONFIRMATION_OK"
11145,10408998582,10408998688,1,"IOTHUB_CLIENT_CONFIRMATION_OK"
11146,10408998782,10408998827,1,"IOTHUB_CLIENT_CONFIRMATION_OK"
11147,10408998983,10408999026,1,"IOTHUB_CLIENT_CONFIRMATION_OK"
11148,10408999183,10408999264,1,"IOTHUB_CLIENT_CONFIRMATION_OK"
11149,10408999383,10408999443,1,"IOTHUB_CLIENT_CONFIRMATION_OK"
11150,10408999583,10408999629,1,"IOTHUB_CLIENT_CONFIRMATION_OK"
11151,10408999783,10408999836,1,"IOTHUB_CLIENT_CONFIRMATION_OK"
11152,10408999983,10409000024,1,"IOTHUB_CLIENT_CONFIRMATION_OK"
11153,10409000184,10409000225,1,"IOTHUB_CLIENT_CONFIRMATION_OK"
11154,10409000384,10409000605,1,"IOTHUB_CLIENT_CONFIRMATION_OK"
11155,10409000584,10409000640,1,"IOTHUB_CLIENT_CONFIRMATION_OK"
11156,10409000784,10409000822,1,"IOTHUB_CLIENT_CONFIRMATION_OK"
11157,10409000984,10409001054,1,"IOTHUB_CLIENT_CONFIRMATION_OK"
11158,10409001184,10409001251,1,"IOTHUB_CLIENT_CONFIRMATION_OK"
11159,10409001385,10409001446,1,"IOTHUB_CLIENT_CONFIRMATION_OK"
11160,10409001585,10409001646,1,"IOTHUB_CLIENT_CONFIRMATION_OK"
11161,10409001785,10409001845,1,"IOTHUB_CLIENT_CONFIRMATION_OK"
11162,10409001985,10409002023,1,"IOTHUB_CLIENT_CONFIRMATION_OK"
11163,10409002185,10409002240,1,"IOTHUB_CLIENT_CONFIRMATION_OK"
11164,10409002385,10409002436,1,"IOTHUB_CLIENT_CONFIRMATION_OK"
11165,10409002586,10409002646,1,"IOTHUB_CLIENT_CONFIRMATION_OK"
11166,10409002786,10409002834,1,"IOTHUB_CLIENT_CONFIRMATION_OK"
11167,10409002986,10409003021,1,"IOTHUB_CLIENT_CONFIRMATION_OK"
11168,10409003186,10409003266,1,"IOTHUB_CLIENT_CONFIRMATION_OK"
11169,10409003386,10409003470,1,"IOTHUB_CLIENT_CONFIRMATION_OK"
11170,10409003586,10409003698,1,"IOTHUB_CLIENT_CONFIRMATION_OK"
11171,10409003786,10409003866,1,"IOTHUB_CLIENT_CONFIRMATION_OK"
11172,10409003987,10409004034,1,"IOTHUB_CLIENT_CONFIRMATION_OK"
11173,10409004187,10409004309,1,"IOTHUB_CLIENT_CONFIRMATION_OK"
11174,10409004387,10409004483,1,"IOTHUB_CLIENT_CONFIRMATION_OK"
11175,10409004587,10409004628,1,"IOTHUB_CLIENT_CONFIRMATION_OK"
11176,10409004787,10409004827,1,"IOTHUB_CLIENT_CONFIRMATION_OK"
11177,10409004987,10409005053,1,"IOTHUB_CLIENT_CONFIRMATION_OK"
11178,10409005188,10409005332,1,"IOTHUB_CLIENT_CONFIRMATION_OK"
11179,10409005388,10409005428,1,"IOTHUB_CLIENT_CONFIRMATION_OK"
11180,10409005588,10409005639,1,"IOTHUB_CLIENT_CONFIRMATION_OK"
11181,10409005788,10409005885,1,"IOTHUB_CLIENT_CONFIRMATION_OK"
11182,10409005988,10409006032,1,"IOTHUB_CLIENT_CONFIRMATION_OK"
11183,10409006188,10409006337,1,"IOTHUB_CLIENT_CONFIRMATION_OK"
11184,10409006389,10409006440,1,"IOTHUB_CLIENT_CONFIRMATION_OK"
11185,10409006589,10409006638,1,"IOTHUB_CLIENT_CONFIRMATION_OK"
11186,10409006789,10409006845,1,"IOTHUB_CLIENT_CONFIRMATION_OK"
11187,10409006989,10409007031,1,"IOTHUB_CLIENT_CONFIRMATION_OK"
11188,10409007189,10409007240,1,"IOTHUB_CLIENT_CONFIRMATION_OK"
11189,10409007389,10409007443,1,"IOTHUB_CLIENT_CONFIRMATION_OK"
11190,10409007590,10409007631,1,"IOTHUB_CLIENT_CONFIRMATION_OK"
11191,10409007790,10409008428,1,"IOTHUB_CLIENT_CONFIRMATION_OK"
11192,10409007990,10409008464,1,"IOTHUB_CLIENT_CONFIRMATION_OK"
11193,10409008190,10409008849,1,"IOTHUB_CLIENT_CONFIRMATION_OK"
11194,10409008390,10409008876,1,"IOTHUB_CLIENT_CONFIRMATION_OK"
11195,10409008590,10409008915,1,"IOTHUB_CLIENT_CONFIRMATION_OK"
11196,10409008790,10409009048,1,"IOTHUB_CLIENT_CONFIRMATION_OK"
11197,10409008991,10409009070,1,"IOTHUB_CLIENT_CONFIRMATION_OK"
11198,10409009191,10409009239,1,"IOTHUB_CLIENT_CONFIRMATION_OK"
11199,10409009391,10409009468,1,"IOTHUB_CLIENT_CONFIRMATION_OK"
11200,10409009591,10409009639,1,"IOTHUB_CLIENT_CONFIRMATION_OK"
11201,10409009791,10409009832,1,"IOTHUB_CLIENT_CONFIRMATION_OK"
11202,10409009991,10409010104,1,"IOTHUB_CLIENT_CONFIRMATION_OK"
11203,10409010192,10409010239,1,"IOTHUB_CLIENT_CONFIRMATION_OK"
11204,10409010392,10409010507,1,"IOTHUB_CLIENT_CONFIRMATION_OK"
11205,10409010592,10409010633,1,"IOTHUB_CLIENT_CONFIRMATION_OK"
11206,10409010792,10409010836,1,"IOTHUB_CLIENT_CONFIRMATION_OK"
11207,10409010992,10409011104,1,"IOTHUB_CLIENT_CONFIRMATION_OK"
11208,10409011192,10409011232,1,"IOTHUB_CLIENT_CONFIRMATION_OK"
11209,10409011392,10409011449,1,"IOTHUB_CLIENT_CONFIRMATION_OK"
11210,10409011593,10409011626,1,"IOTHUB_CLIENT_CONFIRMATION_OK"
11211,10409011793,10409011833,1,"IOTHUB_CLIENT_CONFIRMATION_OK"
11212,10409011993,10409012123,1,"IOTHUB_CLIENT_CONFIRMATION_OK"
11213,10409012193,10409012238,1,"IOTHUB_CLIENT_CONFIRMATION_OK"
11214,10409012393,10409012459,1,"IOTHUB_CLIENT_CONFIRMATION_OK"
11215,10409012593,10409012718,1,"IOTHUB_CLIENT_CONFIRMATION_OK"
11216,10409012794,10409012839,1,"IOTHUB_CLIENT_CONFIRMATION_OK"
11217,10409012994,10409013032,1,"IOTHUB_CLIENT_CONFIRMATION_OK"
11218,10409013194,10409013238,1,"IOTHUB_CLIENT_CONFIRMATION_OK"
11219,10409013394,10409013539,1,"IOTHUB_CLIENT_CONFIRMATION_OK"
11220,10409013594,10409013779,1,"IOTHUB_CLIENT_CONFIRMATION_OK"
11221,10409013794,10409013834,1,"IOTHUB_CLIENT_CONFIRMATION_OK"
11222,10409013995,10409014042,1,"IOTHUB_CLIENT_CONFIRMATION_OK"
11223,10409014195,10409014240,1,"IOTHUB_CLIENT_CONFIRMATION_OK"
11224,10409014395,10409014438,1,"IOTHUB_CLIENT_CONFIRMATION_OK"
11225,10409014595,10409014646,1,"IOTHUB_CLIENT_CONFIRMATION_OK"
11226,10409014795,10409014868,1,"IOTHUB_CLIENT_CONFIRMATION_OK"
11227,10409014995,10409015092,1,"IOTHUB_CLIENT_CONFIRMATION_OK"
11228,10409015196,10409015243,1,"IOTHUB_CLIENT_CONFIRMATION_OK"
11229,10409015396,10409015441,1,"IOTHUB_CLIENT_CONFIRMATION_OK"
11230,10409015596,10409015641,1,"IOTHUB_CLIENT_CONFIRMATION_OK"
11231,10409015796,10409015838,1,"IOTHUB_CLIENT_CONFIRMATION_OK"
11232,10409015996,10409016035,1,"IOTHUB_CLIENT_CONFIRMATION_OK"
11233,10409016196,10409016425,1,"IOTHUB_CLIENT_CONFIRMATION_OK"
11234,10409016396,10409016455,1,"IOTHUB_CLIENT_CONFIRMATION_OK"
11235,10409016597,10409016643,1,"IOTHUB_CLIENT_CONFIRMATION_OK"
11236,10409016797,10409016840,1,"IOTHUB_CLIENT_CONFIRMATION_OK"
11237,10409016997,10409017037,1,"IOTHUB_CLIENT_CONFIRMATION_OK"
11238,10409017197,10409017242,1,"IOTHUB_CLIENT_CONFIRMATION_OK"
11239,10409017397,10409017446,1,"IOTHUB_CLIENT_CONFIRMATION_OK"
11240,10409017597,10409017640,1,"IOTHUB_CLIENT_CONFIRMATION_OK"
11241,10409017798,10409017846,1,"IOTHUB_CLIENT_CONFIRMATION_OK"
11242,10409017998,10409018043,1,"IOTHUB_CLIENT_CONFIRMATION_OK"
11243,10409018198,10409018240,1,"IOTHUB_CLIENT_CONFIRMATION_OK"
11244,10409018398,10409018453,1,"IOTHUB_CLIENT_CONFIRMATION_OK"
11245,10409018598,10409018661,1,"IOTHUB_CLIENT_CONFIRMATION_OK"
11246,10409018798,10409018839,1,"IOTHUB_CLIENT_CONFIRMATION_OK"
11247,10409018998,10409019033,1,"IOTHUB_CLIENT_CONFIRMATION_OK"
11248,10409019199,10409019240,1,"IOTHUB_CLIENT_CONFIRMATION_OK"
11249,10409019399,10409019466,1,"IOTHUB_CLIENT_CONFIRMATION_OK"
11250,10409019599,10409019641,1,"IOTHUB_CLIENT_CONFIRMATION_OK"
11251,10409019799,10409019857,1,"IOTHUB_CLIENT_CONFIRMATION_OK"
11252,10409019999,10409020079,1,"IOTHUB_CLIENT_CONFIRMATION_OK"
11253,10409020199,10409020274,1,"IOTHUB_CLIENT_CONFIRMATION_OK"
11254,10409020400,10409020476,1,"IOTHUB_CLIENT_CONFIRMATION_OK"
11255,10409020600,10409020644,1,"IOTHUB_CLIENT_CONFIRMATION_OK"
11256,10409020800,10409020855,1,"IOTHUB_CLIENT_CONFIRMATION_OK"
11257,10409021000,10409021207,1,"IOTHUB_CLIENT_CONFIRMATION_OK"
11258,10409021200,10409021242,1,"IOTHUB_CLIENT_CONFIRMATION_OK"
11259,10409021400,10409021446,1,"IOTHUB_CLIENT_CONFIRMATION_OK"
11260,10409021600,10409021661,1,"IOTHUB_CLIENT_CONFIRMATION_OK"
11261,10409021801,10409021852,1,"IOTHUB_CLIENT_CONFIRMATION_OK"
11262,10409022001,10409022037,1,"IOTHUB_CLIENT_CONFIRMATION_OK"
11263,10409022201,10409022244,1,"IOTHUB_CLIENT_CONFIRMATION_OK"
11264,10409022401,10409022454,1,"IOTHUB_CLIENT_CONFIRMATION_OK"
11265,10409022601,10409022657,1,"IOTHUB_CLIENT_CONFIRMATION_OK"
11266,10409022801,10409022851,1,"IOTHUB_CLIENT_CONFIRMATION_OK"
11267,10409023001,10409023043,1,"IOTHUB_CLIENT_CONFIRMATION_OK"
11268,10409023202,10409023330,1,"IOTHUB_CLIENT_CONFIRMATION_OK"
11269,10409023402,10409023445,1,"IOTHUB_CLIENT_CONFIRMATION_OK"
11270,10409023602,10409023652,1,"IOTHUB_CLIENT_CONFIRMATION_OK"
11271,10409023802,10409023844,1,"IOTHUB_CLIENT_CONFIRMATION_OK"
11272,10409024002,10409024041,1,"IOTHUB_CLIENT_CONFIRMATION_OK"
11273,10409024202,10409024269,1,"IOTHUB_CLIENT_CONFIRMATION_OK"
11274,10409024403,10409024503,1,"IOTHUB_CLIENT_CONFIRMATION_OK"
11275,10409024603,10409024639,1,"IOTHUB_CLIENT_CONFIRMATION_OK"
11276,10409024803,10409024845,1,"IOTHUB_CLIENT_CONFIRMATION_OK"
11277,10409025003,10409025041,1,"IOTHUB_CLIENT_CONFIRMATION_OK"
11278,10409025203,10409025279,1,"IOTHUB_CLIENT_CONFIRMATION_OK"
11279,10409025403,10409025458,1,"IOTHUB_CLIENT_CONFIRMATION_OK"
11280,10409025604,10409025652,1,"IOTHUB_CLIENT_CONFIRMATION_OK"
11281,10409025804,10409025902,1,"IOTHUB_CLIENT_CONFIRMATION_OK"
11282,10409026004,10409026044,1,"IOTHUB_CLIENT_CONFIRMATION_OK"
11283,10409026204,10409026313,1,"IOTHUB_CLIENT_CONFIRMATION_OK"
11284,10409026404,10409026444,1,"IOTHUB_CLIENT_CONFIRMATION_OK"
11285,10409026604,10409026701,1,"IOTHUB_CLIENT_CONFIRMATION_OK"
11286,10409026805,10409026910,1,"IOTHUB_CLIENT_CONFIRMATION_OK"
11287,10409027005,10409027053,1,"IOTHUB_CLIENT_CONFIRMATION_OK"
11288,10409027205,10409027254,1,"IOTHUB_CLIENT_CONFIRMATION_OK"
11289,10409027405,10409027443,1,"IOTHUB_CLIENT_CONFIRMATION_OK"
11290,10409027605,10409027645,1,"IOTHUB_CLIENT_CONFIRMATION_OK"
11291,10409027805,10409027942,1,"IOTHUB_CLIENT_CONFIRMATION_OK"
11292,10409028006,10409028042,1,"IOTHUB_CLIENT_CONFIRMATION_OK"
11293,10409028206,10409028257,1,"IOTHUB_CLIENT_CONFIRMATION_OK"
11294,10409028406,10409028535,1,"IOTHUB_CLIENT_CONFIRMATION_OK"
11295,10409028606,10409028667,1,"IOTHUB_CLIENT_CONFIRMATION_OK"
11296,10409028806,10409028884,1,"IOTHUB_CLIENT_CONFIRMATION_OK"
11297,10409029006,10409029051,1,"IOTHUB_CLIENT_CONFIRMATION_OK"
11298,10409029206,10409029241,1,"IOTHUB_CLIENT_CONFIRMATION_OK"
11299,10409029407,10409029545,1,"IOTHUB_CLIENT_CONFIRMATION_OK"
11300,10409029607,10409029646,1,"IOTHUB_CLIENT_CONFIRMATION_OK"
11301,10409029807,10409029848,1,"IOTHUB_CLIENT_CONFIRMATION_OK"
11302,10409030007,10409030056,1,"IOTHUB_CLIENT_CONFIRMATION_OK"
11303,10409030207,10409030253,1,"IOTHUB_CLIENT_CONFIRMATION_OK"
11304,10409030407,10409030589,1,"IOTHUB_CLIENT_CONFIRMATION_OK"
11305,10409030608,10409030643,1,"IOTHUB_CLIENT_CONFIRMATION_OK"
11306,10409030808,10409030847,1,"IOTHUB_CLIENT_CONFIRMATION_OK"
11307,10409031008,10409031181,1,"IOTHUB_CLIENT_CONFIRMATION_OK"
11308,10409031208,10409031252,1,"IOTHUB_CLIENT_CONFIRMATION_OK"
11309,10409031408,10409031447,1,"IOTHUB_CLIENT_CONFIRMATION_OK"
11310,10409031608,10409031644,1,"IOTHUB_CLIENT_CONFIRMATION_OK"
11311,10409031808,10409031894,1,"IOTHUB_CLIENT_CONFIRMATION_OK"
11312,10409032009,10409032214,1,"IOTHUB_CLIENT_CONFIRMATION_OK"
11313,10409032209,10409032254,1,"IOTHUB_CLIENT_CONFIRMATION_OK"
11314,10409032409,10409032457,1,"IOTHUB_CLIENT_CONFIRMATION_OK"
11315,10409032609,10409032654,1,"IOTHUB_CLIENT_CONFIRMATION_OK"
11316,10409032809,10409032846,1,"IOTHUB_CLIENT_CONFIRMATION_OK"
11317,10409033009,10409033045,1,"IOTHUB_CLIENT_CONFIRMATION_OK"
11318,10409033210,10409033248,1,"IOTHUB_CLIENT_CONFIRMATION_OK"
11319,10409033410,10409033447,1,"IOTHUB_CLIENT_CONFIRMATION_OK"
11320,10409033610,10409033651,1,"IOTHUB_CLIENT_CONFIRMATION_OK"
11321,10409033810,10409033851,1,"IOTHUB_CLIENT_CONFIRMATION_OK"
11322,10409034010,10409034051,1,"IOTHUB_CLIENT_CONFIRMATION_OK"
11323,10409034210,10409034263,1,"IOTHUB_CLIENT_CONFIRMATION_OK"
11324,10409034411,10409034471,1,"IOTHUB_CLIENT_CONFIRMATION_OK"
11325,10409034611,10409034673,1,"IOTHUB_CLIENT_CONFIRMATION_OK"
11326,10409034811,10409034850,1,"IOTHUB_CLIENT_CONFIRMATION_OK"
11327,10409035011,10409035064,1,"IOTHUB_CLIENT_CONFIRMATION_OK"
11328,10409035211,10409035251,1,"IOTHUB_CLIENT_CONFIRMATION_OK"
11329,10409035411,10409035461,1,"IOTHUB_CLIENT_CONFIRMATION_OK"
11330,10409035611,10409035658,1,"IOTHUB_CLIENT_CONFIRMATION_OK"
11331,10409035812,10409035880,1,"IOTHUB_CLIENT_CONFIRMATION_OK"
11332,10409036012,10409036060,1,"IOTHUB_CLIENT_CONFIRMATION_OK"
11333,10409036212,10409036261,1,"IOTHUB_CLIENT_CONFIRMATION_OK"
11334,10409036412,10409036464,1,"IOTHUB_CLIENT_CONFIRMATION_OK"
11335,10409036612,10409036701,1,"IOTHUB_CLIENT_CONFIRMATION_OK"
11336,10409036812,10409036880,1,"IOTHUB_CLIENT_CONFIRMATION_OK"
11337,10409037013,10409037052,1,"IOTHUB_CLIENT_CONFIRMATION_OK"
11338,10409037213,10409037265,1,"IOTHUB_CLIENT_CONFIRMATION_OK"
11339,10409037413,10409037492,1,"IOTHUB_CLIENT_CONFIRMATION_OK"
11340,10409037613,10409037657,1,"IOTHUB_CLIENT_CONFIRMATION_OK"
11341,10409037813,10409037933,1,"IOTHUB_CLIENT_CONFIRMATION_OK"
11342,10409038013,10409038054,1,"IOTHUB_CLIENT_CONFIRMATION_OK"
11343,10409038213,10409038254,1,"IOTHUB_CLIENT_CONFIRMATION_OK"
11344,10409038414,10409038518,1,"IOTHUB_CLIENT_CONFIRMATION_OK"
11345,10409038614,10409038659,1,"IOTHUB_CLIENT_CONFIRMATION_OK"
11346,10409038814,10409038914,1,"IOTHUB_CLIENT_CONFIRMATION_OK"
11347,10409039014,10409039056,1,"IOTHUB_CLIENT_CONFIRMATION_OK"
11348,10409039214,10409039254,1,"IOTHUB_CLIENT_CONFIRMATION_OK"
11349,10409039414,10409039533,1,"IOTHUB_CLIENT_CONFIRMATION_OK"
11350,10409039614,10409039651,1,"IOTHUB_CLIENT_CONFIRMATION_OK"
11351,10409039815,10409039876,1,"IOTHUB_CLIENT_CONFIRMATION_OK"
11352,10409040015,10409040062,1,"IOTHUB_CLIENT_CONFIRMATION_OK"
11353,10409040215,10409040262,1,"IOTHUB_CLIENT_CONFIRMATION_OK"
11354,10409040415,10409040570,1,"IOTHUB_CLIENT_CONFIRMATION_OK"
11355,10409040615,10409040775,1,"IOTHUB_CLIENT_CONFIRMATION_OK"
11356,10409040815,10409040850,1,"IOTHUB_CLIENT_CONFIRMATION_OK"
11357,10409041016,10409041148,1,"IOTHUB_CLIENT_CONFIRMATION_OK"
11358,10409041216,10409041253,1,"IOTHUB_CLIENT_CONFIRMATION_OK"
11359,10409041416,10409041465,1,"IOTHUB_CLIENT_CONFIRMATION_OK"
11360,10409041616,10409041662,1,"IOTHUB_CLIENT_CONFIRMATION_OK"
11361,10409041816,10409041862,1,"IOTHUB_CLIENT_CONFIRMATION_OK"
11362,10409042016,10409042248,1,"IOTHUB_CLIENT_CONFIRMATION_OK"
11363,10409042217,10409042274,1,"IOTHUB_CLIENT_CONFIRMATION_OK"
11364,10409042417,10409042470,1,"IOTHUB_CLIENT_CONFIRMATION_OK"
11365,10409042617,10409042671,1,"IOTHUB_CLIENT_CONFIRMATION_OK"
11366,10409042817,10409042889,1,"IOTHUB_CLIENT_CONFIRMATION_OK"
11367,10409043017,10409043057,1,"IOTHUB_CLIENT_CONFIRMATION_OK"
11368,10409043217,10409043265,1,"IOTHUB_CLIENT_CONFIRMATION_OK"
11369,10409043418,10409043462,1,"IOTHUB_CLIENT_CONFIRMATION_OK"
11370,10409043618,10409043654,1,"IOTHUB_CLIENT_CONFIRMATION_OK"
11371,10409043818,10409043856,1,"IOTHUB_CLIENT_CONFIRMATION_OK"
11372,10409044018,10409044060,1,"IOTHUB_CLIENT_CONFIRMATION_OK"
11373,10409044218,10409044266,1,"IOTHUB_CLIENT_CONFIRMATION_OK"
11374,10409044418,10409044457,1,"IOTHUB_CLIENT_CONFIRMATION_OK"
11375,10409044618,10409044655,1,"IOTHUB_CLIENT_CONFIRMATION_OK"
11376,10409044819,10409044871,1,"IOTHUB_CLIENT_CONFIRMATION_OK"
11377,10409045019,10409045072,1,"IOTHUB_CLIENT_CONFIRMATION_OK"
11378,10409045219,10409045281,1,"IOTHUB_CLIENT_CONFIRMATION_OK"
11379,10409045419,10409045471,1,"IOTHUB_CLIENT_CONFIRMATION_OK"
11380,10409045619,10409045660,1,"IOTHUB_CLIENT_CONFIRMATION_OK"
11381,10409045819,10409045898,1,"IOTHUB_CLIENT_CONFIRMATION_OK"
11382,10409046019,10409046057,1,"IOTHUB_CLIENT_CONFIRMATION_OK"
11383,10409046220,10409046333,1,"IOTHUB_CLIENT_CONFIRMATION_OK"
11384,10409046420,10409046470,1,"IOTHUB_CLIENT_CONFIRMATION_OK"
11385,10409046620,10409046739,1,"IOTHUB_CLIENT_CONFIRMATION_OK"
11386,10409046820,10409046976,1,"IOTHUB_CLIENT_CONFIRMATION_OK"
11387,10409047020,10409047063,1,"IOTHUB_CLIENT_CONFIRMATION_OK"
11388,10409047220,10409047267,1,"IOTHUB_CLIENT_CONFIRMATION_OK"
11389,10409047421,10409047463,1,"IOTHUB_CLIENT_CONFIRMATION_OK"
11390,10409047621,10409047663,1,"IOTHUB_CLIENT_CONFIRMATION_OK"
11391,10409047821,10409047996,1,"IOTHUB_CLIENT_CONFIRMATION_OK"
11392,10409048021,10409048070,1,"IOTHUB_CLIENT_CONFIRMATION_OK"
11393,10409048221,10409048265,1,"IOTHUB_CLIENT_CONFIRMATION_OK"
11394,10409048421,10409048465,1,"IOTHUB_CLIENT_CONFIRMATION_OK"
11395,10409048622,10409048663,1,"IOTHUB_CLIENT_CONFIRMATION_OK"
11396,10409048822,10409048897,1,"IOTHUB_CLIENT_CONFIRMATION_OK"
11397,10409049022,10409049059,1,"IOTHUB_CLIENT_CONFIRMATION_OK"
11398,10409049222,10409049287,1,"IOTHUB_CLIENT_CONFIRMATION_OK"
11399,10409049422,10409049507,1,"IOTHUB_CLIENT_CONFIRMATION_OK"
11400,10409049622,10409049698,1,"IOTHUB_CLIENT_CONFIRMATION_OK"
11401,10409049823,10409049865,1,"IOTHUB_CLIENT_CONFIRMATION_OK"
11402,10409050023,10409050071,1,"IOTHUB_CLIENT_CONFIRMATION_OK"
11403,10409050223,10409050273,1,"IOTHUB_CLIENT_CONFIRMATION_OK"
11404,10409050423,10409050474,1,"IOTHUB_CLIENT_CONFIRMATION_OK"
11405,10409050623,10409050667,1,"IOTHUB_CLIENT_CONFIRMATION_OK"
11406,10409050823,10409050865,1,"IOTHUB_CLIENT_CONFIRMATION_OK"
11407,10409051023,10409051066,1,"IOTHUB_CLIENT_CONFIRMATION_OK"
11408,10409051224,10409051275,1,"IOTHUB_CLIENT_CONFIRMATION_OK"
11409,10409051424,10409051469,1,"IOTHUB_CLIENT_CONFIRMATION_OK"
11410,10409051624,10409051817,1,"IOTHUB_CLIENT_CONFIRMATION_OK"
11411,10409051824,10409051863,1,"IOTHUB_CLIENT_CONFIRMATION_OK"
11412,10409052024,10409052227,1,"IOTHUB_CLIENT_CONFIRMATION_OK"
11413,10409052224,10409052276,1,"IOTHUB_CLIENT_CONFIRMATION_OK"
11414,10409052425,10409052488,1,"IOTHUB_CLIENT_CONFIRMATION_OK"
11415,10409052625,10409052667,1,"IOTHUB_CLIENT_CONFIRMATION_OK"
11416,10409052825,10409052879,1,"IOTHUB_CLIENT_CONFIRMATION_OK"
11417,10409053025,10409053074,1,"IOTHUB_CLIENT_CONFIRMATION_OK"
11418,10409053225,10409053272,1,"IOTHUB_CLIENT_CONFIRMATION_OK"
11419,10409053425,10409053472,1,"IOTHUB_CLIENT_CONFIRMATION_OK"
11420,10409053625,10409053684,1,"IOTHUB_CLIENT_CONFIRMATION_OK"
11421,10409053826,10409053866,1,"IOTHUB_CLIENT_CONFIRMATION_OK"
11422,10409054026,10409054072,1,"IOTHUB_CLIENT_CONFIRMATION_OK"
11423,10409054226,10409054309,1,"IOTHUB_CLIENT_CONFIRMATION_OK"
11424,10409054426,10409054467,1,"IOTHUB_CLIENT_CONFIRMATION_OK"
11425,10409054626,10409054669,1,"IOTHUB_CLIENT_CONFIRMATION_OK"
11426,10409054826,10409054890,1,"IOTHUB_CLIENT_CONFIRMATION_OK"
11427,10409055026,10409055072,1,"IOTHUB_CLIENT_CONFIRMATION_OK"
11428,10409055227,10409055331,1,"IOTHUB_CLIENT_CONFIRMATION_OK"
11429,10409055427,10409055495,1,"IOTHUB_CLIENT_CONFIRMATION_OK"
11430,10409055627,10409055670,1,"IOTHUB_CLIENT_CONFIRMATION_OK"
11431,10409055827,10409055873,1,"IOTHUB_CLIENT_CONFIRMATION_OK"
11432,10409056027,10409056069,1,"IOTHUB_CLIENT_CONFIRMATION_OK"
11433,10409056227,10409056353,1,"IOTHUB_CLIENT_CONFIRMATION_OK"
11434,10409056428,10409056465,1,"IOTHUB_CLIENT_CONFIRMATION_OK"
11435,10409056628,10409056758,1,"IOTHUB_CLIENT_CONFIRMATION_OK"
11436,10409056828,10409056868,1,"IOTHUB_CLIENT_CONFIRMATION_OK"
11437,10409057028,10409057067,1,"IOTHUB_CLIENT_CONFIRMATION_OK"
11438,10409057228,10409057270,1,"IOTHUB_CLIENT_CONFIRMATION_OK"
11439,10409057429,10409057475,1,"IOTHUB_CLIENT_CONFIRMATION_OK"
11440,10409057629,10409057679,1,"IOTHUB_CLIENT_CONFIRMATION_OK"
11441,10409057829,10409058014,1,"IOTHUB_CLIENT_CONFIRMATION_OK"
11442,10409058029,10409058066,1,"IOTHUB_CLIENT_CONFIRMATION_OK"
11443,10409058229,10409058273,1,"IOTHUB_CLIENT_CONFIRMATION_OK"
11444,10409058429,10409058475,1,"IOTHUB_CLIENT_CONFIRMATION_OK"
11445,10409058629,10409058671,1,"IOTHUB_CLIENT_CONFIRMATION_OK"
11446,10409058830,10409058871,1,"IOTHUB_CLIENT_CONFIRMATION_OK"
11447,10409059030,10409059080,1,"IOTHUB_CLIENT_CONFIRMATION_OK"
11448,10409059230,10409059262,1,"IOTHUB_CLIENT_CONFIRMATION_OK"
11449,10409059430,10409059468,1,"IOTHUB_CLIENT_CONFIRMATION_OK"
11450,10409059630,10409059693,1,"IOTHUB_CLIENT_CONFIRMATION_OK"
11451,10409059830,10409059876,1,"IOTHUB_CLIENT_CONFIRMATION_OK"
11452,10409060031,10409060070,1,"IOTHUB_CLIENT_CONFIRMATION_OK"
11453,10409060231,10409060284,1,"IOTHUB_CLIENT_CONFIRMATION_OK"
11454,10409060431,10409060491,1,"IOTHUB_CLIENT_CONFIRMATION_OK"
11455,10409060631,10409060685,1,"IOTHUB_CLIENT_CONFIRMATION_OK"
11456,10409060831,10409060885,1,"IOTHUB_CLIENT_CONFIRMATION_OK"
11457,10409061031,10409061092,1,"IOTHUB_CLIENT_CONFIRMATION_OK"
11458,10409061232,10409061271,1,"IOTHUB_CLIENT_CONFIRMATION_OK"
11459,10409061432,10409061476,1,"IOTHUB_CLIENT_CONFIRMATION_OK"
11460,10409061632,10409061822,1,"IOTHUB_CLIENT_CONFIRMATION_OK"
11461,10409061832,10409061873,1,"IOTHUB_CLIENT_CONFIRMATION_OK"
11462,10409062032,10409062101,1,"IOTHUB_CLIENT_CONFIRMATION_OK"
11463,10409062232,10409062271,1,"IOTHUB_CLIENT_CONFIRMATION_OK"
11464,10409062432,10409062486,1,"IOTHUB_CLIENT_CONFIRMATION_OK"
11465,10409062633,10409062748,1,"IOTHUB_CLIENT_CONFIRMATION_OK"
11466,10409062833,10409062881,1,"IOTHUB_CLIENT_CONFIRMATION_OK"
11467,10409063033,10409063074,1,"IOTHUB_CLIENT_CONFIRMATION_OK"
11468,10409063233,10409063276,1,"IOTHUB_CLIENT_CONFIRMATION_OK"
11469,10409063433,10409063505,1,"IOTHUB_CLIENT_CONFIRMATION_OK"
11470,10409063633,10409063749,1,"IOTHUB_CLIENT_CONFIRMATION_OK"
11471,10409063834,10409063885,1,"IOTHUB_CLIENT_CONFIRMATION_OK"
11472,10409064034,10409064081,1,"IOTHUB_CLIENT_CONFIRMATION_OK"
11473,10409064234,10409064289,1,"IOTHUB_CLIENT_CONFIRMATION_OK"
11474,10409064434,10409064475,1,"IOTHUB_CLIENT_CONFIRMATION_OK"
11475,10409064634,10409064679,1,"IOTHUB_CLIENT_CONFIRMATION_OK"
11476,10409064834,10409064883,1,"IOTHUB_CLIENT_CONFIRMATION_OK"
11477,10409065034,10409065077,1,"IOTHUB_CLIENT_CONFIRMATION_OK"
11478,10409065235,10409065294,1,"IOTHUB_CLIENT_CONFIRMATION_OK"
11479,10409065435,10409065475,1,"IOTHUB_CLIENT_CONFIRMATION_OK"
11480,10409065635,10409065686,1,"IOTHUB_CLIENT_CONFIRMATION_OK"
11481,10409065835,10409065901,1,"IOTHUB_CLIENT_CONFIRMATION_OK"
11482,10409066035,10409066073,1,"IOTHUB_CLIENT_CONFIRMATION_OK"
11483,10409066235,10409066529,1,"IOTHUB_CLIENT_CONFIRMATION_OK"
11484,10409066436,10409066556,1,"IOTHUB_CLIENT_CONFIRMATION_OK"
11485,10409066636,10409066697,1,"IOTHUB_CLIENT_CONFIRMATION_OK"
11486,10409066836,10409066942,1,"IOTHUB_CLIENT_CONFIRMATION_OK"
11487,10409067036,10409067087,1,"IOTHUB_CLIENT_CONFIRMATION_OK"
11488,10409067236,10409067278,1,"IOTHUB_CLIENT_CONFIRMATION_OK"
11489,10409067436,10409067486,1,"IOTHUB_CLIENT_CONFIRMATION_OK"
11490,10409067637,10409067684,1,"IOTHUB_CLIENT_CONFIRMATION_OK"
11491,10409067837,10409068066,1,"IOTHUB_CLIENT_CONFIRMATION_OK"
11492,10409068037,10409068087,1,"IOTHUB_CLIENT_CONFIRMATION_OK"
11493,10409068237,10409068311,1,"IOTHUB_CLIENT_CONFIRMATION_OK"
11494,10409068437,10409068489,1,"IOTHUB_CLIENT_CONFIRMATION_OK"
11495,10409068637,10409068689,1,"IOTHUB_CLIENT_CONFIRMATION_OK"
11496,10409068838,10409068916,1,"IOTHUB_CLIENT_CONFIRMATION_OK"
11497,10409069038,10409069079,1,"IOTHUB_CLIENT_CONFIRMATION_OK"
11498,10409069238,10409069292,1,"IOTHUB_CLIENT_CONFIRMATION_OK"
11499,10409069438,10409069480,1,"IOTHUB_CLIENT_CONFIRMATION_OK"
11500,10409069638,10409069682,1,"IOTHUB_CLIENT_CONFIRMATION_OK"
11501,10409069838,10409069881,1,"IOTHUB_CLIENT_CONFIRMATION_OK"
11502,10409070038,10409070083,1,"IOTHUB_CLIENT_CONFIRMATION_OK"
11503,10409070239,10409070292,1,"IOTHUB_CLIENT_CONFIRMATION_OK"
11504,10409070439,10409070491,1,"IOTHUB_CLIENT_CONFIRMATION_OK"
11505,10409070639,10409070680,1,"IOTHUB_CLIENT_CONFIRMATION_OK"
11506,10409070839,10409070875,1,"IOTHUB_CLIENT_CONFIRMATION_OK"
11507,10409071039,10409071112,1,"IOTHUB_CLIENT_CONFIRMATION_OK"
11508,10409071239,10409071276,1,"IOTHUB_CLIENT_CONFIRMATION_OK"
11509,10409071440,10409071476,1,"IOTHUB_CLIENT_CONFIRMATION_OK"
11510,10409071640,10409071708,1,"IOTHUB_CLIENT_CONFIRMATION_OK"
11511,10409071840,10409071900,1,"IOTHUB_CLIENT_CONFIRMATION_OK"
11512,10409072040,10409072109,1,"IOTHUB_CLIENT_CONFIRMATION_OK"
11513,10409072240,10409072295,1,"IOTHUB_CLIENT_CONFIRMATION_OK"
11514,10409072440,10409072484,1,"IOTHUB_CLIENT_CONFIRMATION_OK"
11515,10409072640,10409072806,1,"IOTHUB_CLIENT_CONFIRMATION_OK"
11516,10409072841,10409072910,1,"IOTHUB_CLIENT_CONFIRMATION_OK"
11517,10409073041,10409073078,1,"IOTHUB_CLIENT_CONFIRMATION_OK"
11518,10409073241,10409073287,1,"IOTHUB_CLIENT_CONFIRMATION_OK"
11519,10409073441,10409073487,1,"IOTHUB_CLIENT_CONFIRMATION_OK"
11520,10409073641,10409073692,1,"IOTHUB_CLIENT_CONFIRMATION_OK"
11521,10409073841,10409073889,1,"IOTHUB_CLIENT_CONFIRMATION_OK"
11522,10409074042,10409074080,1,"IOTHUB_CLIENT_CONFIRMATION_OK"
11523,10409074242,10409074312,1,"IOTHUB_CLIENT_CONFIRMATION_OK"
11524,10409074442,10409074489,1,"IOTHUB_CLIENT_CONFIRMATION_OK"
11525,10409074642,10409074688,1,"IOTHUB_CLIENT_CONFIRMATION_OK"
11526,10409074842,10409074901,1,"IOTHUB_CLIENT_CONFIRMATION_OK"
11527,10409075042,10409075085,1,"IOTHUB_CLIENT_CONFIRMATION_OK"
11528,10409075243,10409075316,1,"IOTHUB_CLIENT_CONFIRMATION_OK"
11529,10409075443,10409075486,1,"IOTHUB_CLIENT_CONFIRMATION_OK"
11530,10409075643,10409075690,1,"IOTHUB_CLIENT_CONFIRMATION_OK"
11531,10409075843,10409075941,1,"IOTHUB_CLIENT_CONFIRMATION_OK"
11532,10409076043,10409076089,1,"IOTHUB_CLIENT_CONFIRMATION_OK"
11533,10409076243,10409076320,1,"IOTHUB_CLIENT_CONFIRMATION_OK"
11534,10409076443,10409076491,1,"IOTHUB_CLIENT_CONFIRMATION_OK"
11535,10409076644,10409076697,1,"IOTHUB_CLIENT_CONFIRMATION_OK"
11536,10409076844,10409076937,1,"IOTHUB_CLIENT_CONFIRMATION_OK"
11537,10409077044,10409077080,1,"IOTHUB_CLIENT_CONFIRMATION_OK"
11538,10409077244,10409077316,1,"IOTHUB_CLIENT_CONFIRMATION_OK"
11539,10409077444,10409077481,1,"IOTHUB_CLIENT_CONFIRMATION_OK"
11540,10409077644,10409077689,1,"IOTHUB_CLIENT_CONFIRMATION_OK"
11541,10409077845,10409078025,1,"IOTHUB_CLIENT_CONFIRMATION_OK"
11542,10409078045,10409078105,1,"IOTHUB_CLIENT_CONFIRMATION_OK"
11543,10409078245,10409078308,1,"IOTHUB_CLIENT_CONFIRMATION_OK"
11544,10409078445,10409078493,1,"IOTHUB_CLIENT_CONFIRMATION_OK"
11545,10409078645,10409078711,1,"IOTHUB_CLIENT_CONFIRMATION_OK"
11546,10409078845,10409078905,1,"IOTHUB_CLIENT_CONFIRMATION_OK"
11547,10409079046,10409079085,1,"IOTHUB_CLIENT_CONFIRMATION_OK"
11548,10409079246,10409079283,1,"IOTHUB_CLIENT_CONFIRMATION_OK"
11549,10409079446,10409079485,1,"IOTHUB_CLIENT_CONFIRMATION_OK"
11550,10409079646,10409079692,1,"IOTHUB_CLIENT_CONFIRMATION_OK"
11551,10409079846,10409079895,1,"IOTHUB_CLIENT_CONFIRMATION_OK"
11552,10409080046,10409080089,1,"IOTHUB_CLIENT_CONFIRMATION_OK"
11553,10409080246,10409080294,1,"IOTHUB_CLIENT_CONFIRMATION_OK"
11554,10409080447,10409080684,1,"IOTHUB_CLIENT_CONFIRMATION_OK"
11555,10409080647,10409080742,1,"IOTHUB_CLIENT_CONFIRMATION_OK"
11556,10409080847,10409080891,1,"IOTHUB_CLIENT_CONFIRMATION_OK"
11557,10409081047,10409081093,1,"IOTHUB_CLIENT_CONFIRMATION_OK"
11558,10409081247,10409081312,1,"IOTHUB_CLIENT_CONFIRMATION_OK"
11559,10409081447,10409081484,1,"IOTHUB_CLIENT_CONFIRMATION_OK"
11560,10409081648,10409081697,1,"IOTHUB_CLIENT_CONFIRMATION_OK"
11561,10409081848,10409081888,1,"IOTHUB_CLIENT_CONFIRMATION_OK"
11562,10409082048,10409082106,1,"IOTHUB_CLIENT_CONFIRMATION_OK"
11563,10409082248,10409082285,1,"IOTHUB_CLIENT_CONFIRMATION_OK"
11564,10409082448,10409082517,1,"IOTHUB_CLIENT_CONFIRMATION_OK"
11565,10409082648,10409082729,1,"IOTHUB_CLIENT_CONFIRMATION_OK"
11566,10409082849,10409082894,1,"IOTHUB_CLIENT_CONFIRMATION_OK"
11567,10409083049,10409083088,1,"IOTHUB_CLIENT_CONFIRMATION_OK"
11568,10409083249,10409083314,1,"IOTHUB_CLIENT_CONFIRMATION_OK"
11569,10409083449,10409083501,1,"IOTHUB_CLIENT_CONFIRMATION_OK"
11570,10409083649,10409083858,1,"IOTHUB_CLIENT_CONFIRMATION_OK"
11571,10409083849,10409083917,1,"IOTHUB_CLIENT_CONFIRMATION_OK"
11572,10409084049,10409084103,1,"IOTHUB_CLIENT_CONFIRMATION_OK"
11573,10409084250,10409084318,1,"IOTHUB_CLIENT_CONFIRMATION_OK"
11574,10409084450,10409084487,1,"IOTHUB_CLIENT_CONFIRMATION_OK"
11575,10409084650,10409084716,1,"IOTHUB_CLIENT_CONFIRMATION_OK"
11576,10409084850,10409084933,1,"IOTHUB_CLIENT_CONFIRMATION_OK"
11577,10409085050,10409085088,1,"IOTHUB_CLIENT_CONFIRMATION_OK"
11578,10409085250,10409085288,1,"IOTHUB_CLIENT_CONFIRMATION_OK"
11579,10409085450,10409085504,1,"IOTHUB_CLIENT_CONFIRMATION_OK"
11580,10409085651,10409085696,1,"IOTHUB_CLIENT_CONFIRMATION_OK"
11581,10409085851,10409085898,1,"IOTHUB_CLIENT_CONFIRMATION_OK"
11582,10409086051,10409086098,1,"IOTHUB_CLIENT_CONFIRMATION_OK"
11583,10409086251,10409086300,1,"IOTHUB_CLIENT_CONFIRMATION_OK"
11584,10409086451,10409086488,1,"IOTHUB_CLIENT_CONFIRMATION_OK"
11585,10409086651,10409086726,1,"IOTHUB_CLIENT_CONFIRMATION_OK"
11586,10409086852,10409086925,1,"IOTHUB_CLIENT_CONFIRMATION_OK"
11587,10409087052,10409087101,1,"IOTHUB_CLIENT_CONFIRMATION_OK"
11588,10409087252,10409087293,1,"IOTHUB_CLIENT_CONFIRMATION_OK"
11589,10409087452,10409087494,1,"IOTHUB_CLIENT_CONFIRMATION_OK"
11590,10409087652,10409087688,1,"IOTHUB_CLIENT_CONFIRMATION_OK"
11591,10409087852,10409087995,1,"IOTHUB_CLIENT_CONFIRMATION_OK"
11592,10409088052,10409088128,1,"IOTHUB_CLIENT_CONFIRMATION_OK"
11593,10409088253,10409088300,1,"IOTHUB_CLIENT_CONFIRMATION_OK"
11594,10409088453,10409088492,1,"IOTHUB_CLIENT_CONFIRMATION_OK"
11595,10409088653,10409088699,1,"IOTHUB_CLIENT_CONFIRMATION_OK"
11596,10409088853,10409088943,1,"IOTHUB_CLIENT_CONFIRMATION_OK"
11597,10409089053,10409089101,1,"IOTHUB_CLIENT_CONFIRMATION_OK"
11598,10409089253,10409089291,1,"IOTHUB_CLIENT_CONFIRMATION_OK"
11599,10409089454,10409089604,1,"IOTHUB_CLIENT_CONFIRMATION_OK"
11600,10409089654,10409089690,1,"IOTHUB_CLIENT_CONFIRMATION_OK"
11601,10409089854,10409089894,1,"IOTHUB_CLIENT_CONFIRMATION_OK"
11602,10409090054,10409090102,1,"IOTHUB_CLIENT_CONFIRMATION_OK"
11603,10409090254,10409090296,1,"IOTHUB_CLIENT_CONFIRMATION_OK"
11604,10409090454,10409090636,1,"IOTHUB_CLIENT_CONFIRMATION_OK"
11605,10409090654,10409090689,1,"IOTHUB_CLIENT_CONFIRMATION_OK"
11606,10409090855,10409090894,1,"IOTHUB_CLIENT_CONFIRMATION_OK"
11607,10409091055,10409091114,1,"IOTHUB_CLIENT_CONFIRMATION_OK"
11608,10409091255,10409091307,1,"IOTHUB_CLIENT_CONFIRMATION_OK"
11609,10409091455,10409091492,1,"IOTHUB_CLIENT_CONFIRMATION_OK"
11610,10409091655,10409091691,1,"IOTHUB_CLIENT_CONFIRMATION_OK"
11611,10409091855,10409091914,1,"IOTHUB_CLIENT_CONFIRMATION_OK"
11612,10409092055,10409092270,1,"IOTHUB_CLIENT_CONFIRMATION_OK"
11613,10409092256,10409092297,1,"IOTHUB_CLIENT_CONFIRMATION_OK"
11614,10409092456,10409092510,1,"IOTHUB_CLIENT_CONFIRMATION_OK"
11615,10409092656,10409092709,1,"IOTHUB_CLIENT_CONFIRMATION_OK"
11616,10409092856,10409092929,1,"IOTHUB_CLIENT_CONFIRMATION_OK"
11617,10409093056,10409093096,1,"IOTHUB_CLIENT_CONFIRMATION_OK"
11618,10409093256,10409093308,1,"IOTHUB_CLIENT_CONFIRMATION_OK"
11619,10409093457,10409093505,1,"IOTHUB_CLIENT_CONFIRMATION_OK"
11620,10409093657,10409093754,1,"IOTHUB_CLIENT_CONFIRMATION_OK"
11621,10409093857,10409093900,1,"IOTHUB_CLIENT_CONFIRMATION_OK"
11622,10409094057,10409094119,1,"IOTHUB_CLIENT_CONFIRMATION_OK"
11623,10409094257,10409094363,1,"IOTHUB_CLIENT_CONFIRMATION_OK"
11624,10409094457,10409094501,1,"IOTHUB_CLIENT_CONFIRMATION_OK"
11625,10409094658,10409094698,1,"IOTHUB_CLIENT_CONFIRMATION_OK"
11626,10409094858,10409094963,1,"IOTHUB_CLIENT_CONFIRMATION_OK"
11627,10409095058,10409095141,1,"IOTHUB_CLIENT_CONFIRMATION_OK"
11628,10409095258,10409095374,1,"IOTHUB_CLIENT_CONFIRMATION_OK"
11629,10409095458,10409095505,1,"IOTHUB_CLIENT_CONFIRMATION_OK"
11630,10409095658,10409095701,1,"IOTHUB_CLIENT_CONFIRMATION_OK"
11631,10409095858,10409095900,1,"IOTHUB_CLIENT_CONFIRMATION_OK"
11632,10409096059,10409096124,1,"IOTHUB_CLIENT_CONFIRMATION_OK"
11633,10409096259,10409096391,1,"IOTHUB_CLIENT_CONFIRMATION_OK"
11634,10409096459,10409096504,1,"IOTHUB_CLIENT_CONFIRMATION_OK"
11635,10409096659,10409096741,1,"IOTHUB_CLIENT_CONFIRMATION_OK"
11636,10409096859,10409096996,1,"IOTHUB_CLIENT_CONFIRMATION_OK"
11637,10409097059,10409097112,1,"IOTHUB_CLIENT_CONFIRMATION_OK"
11638,10409097260,10409097301,1,"IOTHUB_CLIENT_CONFIRMATION_OK"
11639,10409097460,10409097500,1,"IOTHUB_CLIENT_CONFIRMATION_OK"
11640,10409097660,10409097767,1,"IOTHUB_CLIENT_CONFIRMATION_OK"
11641,10409097860,10409098044,1,"IOTHUB_CLIENT_CONFIRMATION_OK"
11642,10409098060,10409098100,1,"IOTHUB_CLIENT_CONFIRMATION_OK"
11643,10409098260,10409098305,1,"IOTHUB_CLIENT_CONFIRMATION_OK"
11644,10409098461,10409098500,1,"IOTHUB_CLIENT_CONFIRMATION_OK"
11645,10409098661,10409098708,1,"IOTHUB_CLIENT_CONFIRMATION_OK"
11646,10409098861,10409098905,1,"IOTHUB_CLIENT_CONFIRMATION_OK"
11647,10409099061,10409099104,1,"IOTHUB_CLIENT_CONFIRMATION_OK"
11648,10409099261,10409099319,1,"IOTHUB_CLIENT_CONFIRMATION_OK"
11649,10409099461,10409099499,1,"IOTHUB_CLIENT_CONFIRMATION_OK"
11650,10409099661,10409099719,1,"IOTHUB_CLIENT_CONFIRMATION_OK"
11651,10409099862,10409099912,1,"IOTHUB_CLIENT_CONFIRMATION_OK"
11652,10409100062,10409100098,1,"IOTHUB_CLIENT_CONFIRMATION_OK"
11653,10409100262,10409100297,1,"IOTHUB_CLIENT_CONFIRMATION_OK"
11654,10409100462,10409100696,1,"IOTHUB_CLIENT_CONFIRMATION_OK"
11655,10409100662,10409100718,1,"IOTHUB_CLIENT_CONFIRMATION_OK"
11656,10409100862,10409100913,1,"IOTHUB_CLIENT_CONFIRMATION_OK"
11657,10409101063,10409101115,1,"IOTHUB_CLIENT_CONFIRMATION_OK"
11658,10409101263,10409101338,1,"IOTHUB_CLIENT_CONFIRMATION_OK"
11659,10409101463,10409101518,1,"IOTHUB_CLIENT_CONFIRMATION_OK"
11660,10409101663,10409101744,1,"IOTHUB_CLIENT_CONFIRMATION_OK"
11661,10409101863,10409101917,1,"IOTHUB_CLIENT_CONFIRMATION_OK"
11662,10409102063,10409102134,1,"IOTHUB_CLIENT_CONFIRMATION_OK"
11663,10409102264,10409102318,1,"IOTHUB_CLIENT_CONFIRMATION_OK"
11664,10409102464,10409102503,1,"IOTHUB_CLIENT_CONFIRMATION_OK"
11665,10409102664,10409102749,1,"IOTHUB_CLIENT_CONFIRMATION_OK"
11666,10409102864,10409102920,1,"IOTHUB_CLIENT_CONFIRMATION_OK"
11667,10409103064,10409103167,1,"IOTHUB_CLIENT_CONFIRMATION_OK"
11668,10409103264,10409103320,1,"IOTHUB_CLIENT_CONFIRMATION_OK"
11669,10409103465,10409103505,1,"IOTHUB_CLIENT_CONFIRMATION_OK"
11670,10409103665,10409103794,1,"IOTHUB_CLIENT_CONFIRMATION_OK"
11671,10409103865,10409103903,1,"IOTHUB_CLIENT_CONFIRMATION_OK"
11672,10409104065,10409104111,1,"IOTHUB_CLIENT_CONFIRMATION_OK"
11673,10409104265,10409104305,1,"IOTHUB_CLIENT_CONFIRMATION_OK"
11674,10409104465,10409104507,1,"IOTHUB_CLIENT_CONFIRMATION_OK"
11675,10409104666,10409104713,1,"IOTHUB_CLIENT_CONFIRMATION_OK"
11676,10409104866,10409104913,1,"IOTHUB_CLIENT_CONFIRMATION_OK"
11677,10409105066,10409105110,1,"IOTHUB_CLIENT_CONFIRMATION_OK"
11678,10409105266,10409105424,1,"IOTHUB_CLIENT_CONFIRMATION_OK"
11679,10409105466,10409105510,1,"IOTHUB_CLIENT_CONFIRMATION_OK"
11680,10409105666,10409105804,1,"IOTHUB_CLIENT_CONFIRMATION_OK"
11681,10409105866,10409105916,1,"IOTHUB_CLIENT_CONFIRMATION_OK"
11682,10409106067,10409106106,1,"IOTHUB_CLIENT_CONFIRMATION_OK"
11683,10409106267,10409106447,1,"IOTHUB_CLIENT_CONFIRMATION_OK"
11684,10409106467,10409106558,1,"IOTHUB_CLIENT_CONFIRMATION_OK"
11685,10409106667,10409106718,1,"IOTHUB_CLIENT_CONFIRMATION_OK"
11686,10409106867,10409106913,1,"IOTHUB_CLIENT_CONFIRMATION_OK"
11687,10409107067,10409107114,1,"IOTHUB_CLIENT_CONFIRMATION_OK"
11688,10409107268,10409107313,1,"IOTHUB_CLIENT_CONFIRMATION_OK"
11689,10409107468,10409107511,1,"IOTHUB_CLIENT_CONFIRMATION_OK"
11690,10409107668,10409107709,1,"IOTHUB_CLIENT_CONFIRMATION_OK"
11691,10409107868,10409108148,1,"IOTHUB_CLIENT_CONFIRMATION_OK"
11692,10409108068,10409108174,1,"IOTHUB_CLIENT_CONFIRMATION_OK"
11693,10409108268,10409108342,1,"IOTHUB_CLIENT_CONFIRMATION_OK"
11694,10409108469,10409108510,1,"IOTHUB_CLIENT_CONFIRMATION_OK"
11695,10409108669,10409108708,1,"IOTHUB_CLIENT_CONFIRMATION_OK"
11696,10409108869,10409108912,1,"IOTHUB_CLIENT_CONFIRMATION_OK"
11697,10409109069,10409109114,1,"IOTHUB_CLIENT_CONFIRMATION_OK"
11698,10409109269,10409109351,1,"IOTHUB_CLIENT_CONFIRMATION_OK"
11699,10409109469,10409109507,1,"IOTHUB_CLIENT_CONFIRMATION_OK"
11700,10409109669,10409109708,1,"IOTHUB_CLIENT_CONFIRMATION_OK"
11701,10409109870,10409109932,1,"IOTHUB_CLIENT_CONFIRMATION_OK"
11702,10409110070,10409110154,1,"IOTHUB_CLIENT_CONFIRMATION_OK"
11703,10409110270,10409110307,1,"IOTHUB_CLIENT_CONFIRMATION_OK"
11704,10409110470,10409110543,1,"IOTHUB_CLIENT_CONFIRMATION_OK"
11705,10409110670,10409110714,1,"IOTHUB_CLIENT_CONFIRMATION_OK"
11706,10409110870,10409110918,1,"IOTHUB_CLIENT_CONFIRMATION_OK"
11707,10409111071,10409111178,1,"IOTHUB_CLIENT_CONFIRMATION_OK"
11708,10409111271,10409111347,1,"IOTHUB_CLIENT_CONFIRMATION_OK"
11709,10409111471,10409111527,1,"IOTHUB_CLIENT_CONFIRMATION_OK"
11710,10409111671,10409111715,1,"IOTHUB_CLIENT_CONFIRMATION_OK"
11711,10409111871,10409111914,1,"IOTHUB_CLIENT_CONFIRMATION_OK"
11712,10409112071,10409112165,1,"IOTHUB_CLIENT_CONFIRMATION_OK"
11713,10409112272,10409112317,1,"IOTHUB_CLIENT_CONFIRMATION_OK"
11714,10409112472,10409112645,1,"IOTHUB_CLIENT_CONFIRMATION_OK"
11715,10409112672,10409112831,1,"IOTHUB_CLIENT_CONFIRMATION_OK"
11716,10409112872,10409112916,1,"IOTHUB_CLIENT_CONFIRMATION_OK"
11717,10409113072,10409113130,1,"IOTHUB_CLIENT_CONFIRMATION_OK"
11718,10409113272,10409113316,1,"IOTHUB_CLIENT_CONFIRMATION_OK"
11719,10409113473,10409113518,1,"IOTHUB_CLIENT_CONFIRMATION_OK"
11720,10409113673,10409113842,1,"IOTHUB_CLIENT_CONFIRMATION_OK"
11721,10409113873,10409113920,1,"IOTHUB_CLIENT_CONFIRMATION_OK"
11722,10409114073,10409114114,1,"IOTHUB_CLIENT_CONFIRMATION_OK"
11723,10409114273,10409114324,1,"IOTHUB_CLIENT_CONFIRMATION_OK"
11724,10409114473,10409114520,1,"IOTHUB_CLIENT_CONFIRMATION_OK"
11725,10409114674,10409114714,1,"IOTHUB_CLIENT_CONFIRMATION_OK"
11726,10409114874,10409114916,1,"IOTHUB_CLIENT_CONFIRMATION_OK"
11727,10409115074,10409115123,1,"IOTHUB_CLIENT_CONFIRMATION_OK"
11728,10409115274,10409115319,1,"IOTHUB_CLIENT_CONFIRMATION_OK"
11729,10409115474,10409115520,1,"IOTHUB_CLIENT_CONFIRMATION_OK"
11730,10409115674,10409115716,1,"IOTHUB_CLIENT_CONFIRMATION_OK"
11731,10409115874,10409115926,1,"IOTHUB_CLIENT_CONFIRMATION_OK"
11732,10409116075,10409116124,1,"IOTHUB_CLIENT_CONFIRMATION_OK"
11733,10409116275,10409116335,1,"IOTHUB_CLIENT_CONFIRMATION_OK"
11734,10409116475,10409116669,1,"IOTHUB_CLIENT_CONFIRMATION_OK"
11735,10409116675,10409116720,1,"IOTHUB_CLIENT_CONFIRMATION_OK"
11736,10409116875,10409116936,1,"IOTHUB_CLIENT_CONFIRMATION_OK"
11737,10409117075,10409117126,1,"IOTHUB_CLIENT_CONFIRMATION_OK"
11738,10409117275,10409117322,1,"IOTHUB_CLIENT_CONFIRMATION_OK"
11739,10409117476,10409117548,1,"IOTHUB_CLIENT_CONFIRMATION_OK"
11740,10409117676,10409117718,1,"IOTHUB_CLIENT_CONFIRMATION_OK"
11741,10409117876,10409118003,1,"IOTHUB_CLIENT_CONFIRMATION_OK"
11742,10409118076,10409118268,1,"IOTHUB_CLIENT_CONFIRMATION_OK"
11743,10409118276,10409118358,1,"IOTHUB_CLIENT_CONFIRMATION_OK"
11744,10409118476,10409118761,1,"IOTHUB_CLIENT_CONFIRMATION_OK"
11745,10409118677,10409118915,1,"IOTHUB_CLIENT_CONFIRMATION_OK"
11746,10409118877,10409118944,1,"IOTHUB_CLIENT_CONFIRMATION_OK"
11747,10409119077,10409119138,1,"IOTHUB_CLIENT_CONFIRMATION_OK"
11748,10409119277,10409119310,1,"IOTHUB_CLIENT_CONFIRMATION_OK"
11749,10409119477,10409119624,1,"IOTHUB_CLIENT_CONFIRMATION_OK"
11750,10409119677,10409119724,1,"IOTHUB_CLIENT_CONFIRMATION_OK"
11751,10409119878,10409119936,1,"IOTHUB_CLIENT_CONFIRMATION_OK"
11752,10409120078,10409120120,1,"IOTHUB_CLIENT_CONFIRMATION_OK"
11753,10409120278,10409120320,1,"IOTHUB_CLIENT_CONFIRMATION_OK"
11754,10409120478,10409120626,1,"IOTHUB_CLIENT_CONFIRMATION_OK"
11755,10409120678,10409120745,1,"IOTHUB_CLIENT_CONFIRMATION_OK"
11756,10409120878,10409120922,1,"IOTHUB_CLIENT_CONFIRMATION_OK"
11757,10409121078,10409121230,1,"IOTHUB_CLIENT_CONFIRMATION_OK"
11758,10409121279,10409121317,1,"IOTHUB_CLIENT_CONFIRMATION_OK"
11759,10409121479,10409121518,1,"IOTHUB_CLIENT_CONFIRMATION_OK"
11760,10409121679,10409121745,1,"IOTHUB_CLIENT_CONFIRMATION_OK"
11761,10409121879,10409121974,1,"IOTHUB_CLIENT_CONFIRMATION_OK"
11762,10409122079,10409122249,1,"IOTHUB_CLIENT_CONFIRMATION_OK"
11763,10409122279,10409122316,1,"IOTHUB_CLIENT_CONFIRMATION_OK"
11764,10409122480,10409122584,1,"IOTHUB_CLIENT_CONFIRMATION_OK"
11765,10409122680,10409122746,1,"IOTHUB_CLIENT_CONFIRMATION_OK"
11766,10409122880,10409122923,1,"IOTHUB_CLIENT_CONFIRMATION_OK"
11767,10409123080,10409123118,1,"IOTHUB_CLIENT_CONFIRMATION_OK"
11768,10409123280,10409123323,1,"IOTHUB_CLIENT_CONFIRMATION_OK"
11769,10409123480,10409123517,1,"IOTHUB_CLIENT_CONFIRMATION_OK"
11770,10409123680,10409124004,1,"IOTHUB_CLIENT_CONFIRMATION_OK"
11771,10409123881,10409124033,1,"IOTHUB_CLIENT_CONFIRMATION_OK"
11772,10409124081,10409124137,1,"IOTHUB_CLIENT_CONFIRMATION_OK"
11773,10409124281,10409124417,1,"IOTHUB_CLIENT_CONFIRMATION_OK"
11774,10409124481,10409124521,1,"IOTHUB_CLIENT_CONFIRMATION_OK"
11775,10409124681,10409124722,1,"IOTHUB_CLIENT_CONFIRMATION_OK"
11776,10409124881,10409124930,1,"IOTHUB_CLIENT_CONFIRMATION_OK"
11777,10409125082,10409125118,1,"IOTHUB_CLIENT_CONFIRMATION_OK"
11778,10409125282,10409125442,1,"IOTHUB_CLIENT_CONFIRMATION_OK"
11779,10409125482,10409125518,1,"IOTHUB_CLIENT_CONFIRMATION_OK"
11780,10409125682,10409125734,1,"IOTHUB_CLIENT_CONFIRMATION_OK"
11781,10409125882,10409125934,1,"IOTHUB_CLIENT_CONFIRMATION_OK"
11782,10409126082,10409126136,1,"IOTHUB_CLIENT_CONFIRMATION_OK"
11783,10409126283,10409126445,1,"IOTHUB_CLIENT_CONFIRMATION_OK"
11784,10409126483,10409126528,1,"IOTHUB_CLIENT_CONFIRMATION_OK"
11785,10409126683,10409126740,1,"IOTHUB_CLIENT_CONFIRMATION_OK"
11786,10409126883,10409126929,1,"IOTHUB_CLIENT_CONFIRMATION_OK"
11787,10409127083,10409127121,1,"IOTHUB_CLIENT_CONFIRMATION_OK"
11788,10409127283,10409127358,1,"IOTHUB_CLIENT_CONFIRMATION_OK"
11789,10409127483,10409127531,1,"IOTHUB_CLIENT_CONFIRMATION_OK"
11790,10409127684,10409127744,1,"IOTHUB_CLIENT_CONFIRMATION_OK"
11791,10409127884,10409128065,1,"IOTHUB_CLIENT_CONFIRMATION_OK"
11792,10409128084,10409128129,1,"IOTHUB_CLIENT_CONFIRMATION_OK"
11793,10409128284,10409128328,1,"IOTHUB_CLIENT_CONFIRMATION_OK"
11794,10409128484,10409128528,1,"IOTHUB_CLIENT_CONFIRMATION_OK"
11795,10409128684,10409128728,1,"IOTHUB_CLIENT_CONFIRMATION_OK"
11796,10409128884,10409128939,1,"IOTHUB_CLIENT_CONFIRMATION_OK"
11797,10409129085,10409129135,1,"IOTHUB_CLIENT_CONFIRMATION_OK"
11798,10409129285,10409129379,1,"IOTHUB_CLIENT_CONFIRMATION_OK"
11799,10409129485,10409129524,1,"IOTHUB_CLIENT_CONFIRMATION_OK"
11800,10409129685,10409129729,1,"IOTHUB_CLIENT_CONFIRMATION_OK"
11801,10409129885,10409129926,1,"IOTHUB_CLIENT_CONFIRMATION_OK"
11802,10409130085,10409130127,1,"IOTHUB_CLIENT_CONFIRMATION_OK"
11803,10409130286,10409130340,1,"IOTHUB_CLIENT_CONFIRMATION_OK"
11804,10409130486,10409130697,1,"IOTHUB_CLIENT_CONFIRMATION_OK"
11805,10409130686,10409130730,1,"IOTHUB_CLIENT_CONFIRMATION_OK"
11806,10409130886,10409130935,1,"IOTHUB_CLIENT_CONFIRMATION_OK"
11807,10409131086,10409131123,1,"IOTHUB_CLIENT_CONFIRMATION_OK"
11808,10409131286,10409131336,1,"IOTHUB_CLIENT_CONFIRMATION_OK"
11809,10409131487,10409131539,1,"IOTHUB_CLIENT_CONFIRMATION_OK"
11810,10409131687,10409131761,1,"IOTHUB_CLIENT_CONFIRMATION_OK"
11811,10409131887,10409131927,1,"IOTHUB_CLIENT_CONFIRMATION_OK"
11812,10409132087,10409132141,1,"IOTHUB_CLIENT_CONFIRMATION_OK"
11813,10409132287,10409132340,1,"IOTHUB_CLIENT_CONFIRMATION_OK"
11814,10409132487,10409132535,1,"IOTHUB_CLIENT_CONFIRMATION_OK"
11815,10409132687,10409132759,1,"IOTHUB_CLIENT_CONFIRMATION_OK"
11816,10409132888,10409132926,1,"IOTHUB_CLIENT_CONFIRMATION_OK"
11817,10409133088,10409133140,1,"IOTHUB_CLIENT_CONFIRMATION_OK"
11818,10409133288,10409133327,1,"IOTHUB_CLIENT_CONFIRMATION_OK"
11819,10409133488,10409133534,1,"IOTHUB_CLIENT_CONFIRMATION_OK"
11820,10409133688,10409133801,1,"IOTHUB_CLIENT_CONFIRMATION_OK"
11821,10409133888,10409133932,1,"IOTHUB_CLIENT_CONFIRMATION_OK"
11822,10409134089,10409134134,1,"IOTHUB_CLIENT_CONFIRMATION_OK"
11823,10409134289,10409134463,1,"IOTHUB_CLIENT_CONFIRMATION_OK"
11824,10409134489,10409134528,1,"IOTHUB_CLIENT_CONFIRMATION_OK"
11825,10409134689,10409134728,1,"IOTHUB_CLIENT_CONFIRMATION_OK"
11826,10409134889,10409134935,1,"IOTHUB_CLIENT_CONFIRMATION_OK"
11827,10409135089,10409135134,1,"IOTHUB_CLIENT_CONFIRMATION_OK"
11828,10409135289,10409135506,1,"IOTHUB_CLIENT_CONFIRMATION_OK"
11829,10409135490,10409135537,1,"IOTHUB_CLIENT_CONFIRMATION_OK"
11830,10409135690,10409135741,1,"IOTHUB_CLIENT_CONFIRMATION_OK"
11831,10409135890,10409135934,1,"IOTHUB_CLIENT_CONFIRMATION_OK"
11832,10409136090,10409136131,1,"IOTHUB_CLIENT_CONFIRMATION_OK"
11833,10409136290,10409136504,1,"IOTHUB_CLIENT_CONFIRMATION_OK"
11834,10409136490,10409136598,1,"IOTHUB_CLIENT_CONFIRMATION_OK"
11835,10409136690,10409136734,1,"IOTHUB_CLIENT_CONFIRMATION_OK"
11836,10409136891,10409136938,1,"IOTHUB_CLIENT_CONFIRMATION_OK"
11837,10409137091,10409137134,1,"IOTHUB_CLIENT_CONFIRMATION_OK"
11838,10409137291,10409137330,1,"IOTHUB_CLIENT_CONFIRMATION_OK"
11839,10409137491,10409137529,1,"IOTHUB_CLIENT_CONFIRMATION_OK"
11840,10409137691,10409137733,1,"IOTHUB_CLIENT_CONFIRMATION_OK"
11841,10409137891,10409137936,1,"IOTHUB_CLIENT_CONFIRMATION_OK"
11842,10409138092,10409138166,1,"IOTHUB_CLIENT_CONFIRMATION_OK"
11843,10409138292,10409138350,1,"IOTHUB_CLIENT_CONFIRMATION_OK"
11844,10409138492,10409138570,1,"IOTHUB_CLIENT_CONFIRMATION_OK"
11845,10409138692,10409138733,1,"IOTHUB_CLIENT_CONFIRMATION_OK"
11846,10409138892,10409138935,1,"IOTHUB_CLIENT_CONFIRMATION_OK"
11847,10409139092,10409139151,1,"IOTHUB_CLIENT_CONFIRMATION_OK"
11848,10409139293,10409139354,1,"IOTHUB_CLIENT_CONFIRMATION_OK"
11849,10409139493,10409139642,1,"IOTHUB_CLIENT_CONFIRMATION_OK"
11850,10409139693,10409139738,1,"IOTHUB_CLIENT_CONFIRMATION_OK"
11851,10409139893,10409139952,1,"IOTHUB_CLIENT_CONFIRMATION_OK"
11852,10409140093,10409140173,1,"IOTHUB_CLIENT_CONFIRMATION_OK"
11853,10409140293,10409140327,1,"IOTHUB_CLIENT_CONFIRMATION_OK"
11854,10409140494,10409140539,1,"IOTHUB_CLIENT_CONFIRMATION_OK"
11855,10409140694,10409140736,1,"IOTHUB_CLIENT_CONFIRMATION_OK"
11856,10409140894,10409140935,1,"IOTHUB_CLIENT_CONFIRMATION_OK"
11857,10409141094,10409141153,1,"IOTHUB_CLIENT_CONFIRMATION_OK"
11858,10409141294,10409141344,1,"IOTHUB_CLIENT_CONFIRMATION_OK"
11859,10409141494,10409141544,1,"IOTHUB_CLIENT_CONFIRMATION_OK"
11860,10409141694,10409141744,1,"IOTHUB_CLIENT_CONFIRMATION_OK"
11861,10409141895,10409141949,1,"IOTHUB_CLIENT_CONFIRMATION_OK"
11862,10409142095,10409142217,1,"IOTHUB_CLIENT_CONFIRMATION_OK"
11863,10409142295,10409142339,1,"IOTHUB_CLIENT_CONFIRMATION_OK"
11864,10409142495,10409142530,1,"IOTHUB_CLIENT_CONFIRMATION_OK"
11865,10409142695,10409142843,1,"IOTHUB_CLIENT_CONFIRMATION_OK"
11866,10409142895,10409142947,1,"IOTHUB_CLIENT_CONFIRMATION_OK"
11867,10409143096,10409143160,1,"IOTHUB_CLIENT_CONFIRMATION_OK"
11868,10409143296,10409143365,1,"IOTHUB_CLIENT_CONFIRMATION_OK"
11869,10409143496,10409143536,1,"IOTHUB_CLIENT_CONFIRMATION_OK"
11870,10409143696,10409143882,1,"IOTHUB_CLIENT_CONFIRMATION_OK"
11871,10409143896,10409143948,1,"IOTHUB_CLIENT_CONFIRMATION_OK"
11872,10409144096,10409144135,1,"IOTHUB_CLIENT_CONFIRMATION_OK"
11873,10409144297,10409144367,1,"IOTHUB_CLIENT_CONFIRMATION_OK"
11874,10409144497,10409144589,1,"IOTHUB_CLIENT_CONFIRMATION_OK"
11875,10409144697,10409144735,1,"IOTHUB_CLIENT_CONFIRMATION_OK"
11876,10409144897,10409144934,1,"IOTHUB_CLIENT_CONFIRMATION_OK"
11877,10409145097,10409145151,1,"IOTHUB_CLIENT_CONFIRMATION_OK"
11878,10409145297,10409145378,1,"IOTHUB_CLIENT_CONFIRMATION_OK"
11879,10409145498,10409145530,1,"IOTHUB_CLIENT_CONFIRMATION_OK"
11880,10409145698,10409145743,1,"IOTHUB_CLIENT_CONFIRMATION_OK"
11881,10409145898,10409145993,1,"IOTHUB_CLIENT_CONFIRMATION_OK"
11882,10409146098,10409146142,1,"IOTHUB_CLIENT_CONFIRMATION_OK"
11883,10409146298,10409146393,1,"IOTHUB_CLIENT_CONFIRMATION_OK"
11884,10409146498,10409146554,1,"IOTHUB_CLIENT_CONFIRMATION_OK"
11885,10409146698,10409146744,1,"IOTHUB_CLIENT_CONFIRMATION_OK"
11886,10409146899,10409146997,1,"IOTHUB_CLIENT_CONFIRMATION_OK"
11887,10409147099,10409147142,1,"IOTHUB_CLIENT_CONFIRMATION_OK"
11888,10409147299,10409147344,1,"IOTHUB_CLIENT_CONFIRMATION_OK"
11889,10409147499,10409147543,1,"IOTHUB_CLIENT_CONFIRMATION_OK"
11890,10409147699,10409147740,1,"IOTHUB_CLIENT_CONFIRMATION_OK"
11891,10409147899,10409148028,1,"IOTHUB_CLIENT_CONFIRMATION_OK"
11892,10409148100,10409148146,1,"IOTHUB_CLIENT_CONFIRMATION_OK"
11893,10409148300,10409148383,1,"IOTHUB_CLIENT_CONFIRMATION_OK"
11894,10409148500,10409148657,1,"IOTHUB_CLIENT_CONFIRMATION_OK"
11895,10409148700,10409148737,1,"IOTHUB_CLIENT_CONFIRMATION_OK"
11896,10409148900,10409148943,1,"IOTHUB_CLIENT_CONFIRMATION_OK"
11897,10409149100,10409149144,1,"IOTHUB_CLIENT_CONFIRMATION_OK"
11898,10409149301,10409149339,1,"IOTHUB_CLIENT_CONFIRMATION_OK"
11899,10409149501,10409149651,1,"IOTHUB_CLIENT_CONFIRMATION_OK"
11900,10409149701,10409149781,1,"IOTHUB_CLIENT_CONFIRMATION_OK"
11901,10409149901,10409149938,1,"IOTHUB_CLIENT_CONFIRMATION_OK"
11902,10409150101,10409150137,1,"IOTHUB_CLIENT_CONFIRMATION_OK"
11903,10409150301,10409150339,1,"IOTHUB_CLIENT_CONFIRMATION_OK"
11904,10409150502,10409150544,1,"IOTHUB_CLIENT_CONFIRMATION_OK"
11905,10409150702,10409150748,1,"IOTHUB_CLIENT_CONFIRMATION_OK"
11906,10409150902,10409150950,1,"IOTHUB_CLIENT_CONFIRMATION_OK"
11907,10409151102,10409151137,1,"IOTHUB_CLIENT_CONFIRMATION_OK"
11908,10409151302,10409151345,1,"IOTHUB_CLIENT_CONFIRMATION_OK"
11909,10409151502,10409151543,1,"IOTHUB_CLIENT_CONFIRMATION_OK"
11910,10409151702,10409151811,1,"IOTHUB_CLIENT_CONFIRMATION_OK"
11911,10409151903,10409151944,1,"IOTHUB_CLIENT_CONFIRMATION_OK"
11912,10409152103,10409152163,1,"IOTHUB_CLIENT_CONFIRMATION_OK"
11913,10409152303,10409152354,1,"IOTHUB_CLIENT_CONFIRMATION_OK"
11914,10409152503,10409152545,1,"IOTHUB_CLIENT_CONFIRMATION_OK"
11915,10409152703,10409152771,1,"IOTHUB_CLIENT_CONFIRMATION_OK"
11916,10409152903,10409152943,1,"IOTHUB_CLIENT_CONFIRMATION_OK"
11917,10409153104,10409153147,1,"IOTHUB_CLIENT_CONFIRMATION_OK"
11918,10409153304,10409153361,1,"IOTHUB_CLIENT_CONFIRMATION_OK"
11919,10409153504,10409153544,1,"IOTHUB_CLIENT_CONFIRMATION_OK"
11920,10409153704,10409153817,1,"IOTHUB_CLIENT_CONFIRMATION_OK"
11921,10409153904,10409153957,1,"IOTHUB_CLIENT_CONFIRMATION_OK"
11922,10409154104,10409154160,1,"IOTHUB_CLIENT_CONFIRMATION_OK"
11923,10409154305,10409154437,1,"IOTHUB_CLIENT_CONFIRMATION_OK"
11924,10409154505,10409154549,1,"IOTHUB_CLIENT_CONFIRMATION_OK"
11925,10409154705,10409154763,1,"IOTHUB_CLIENT_CONFIRMATION_OK"
11926,10409154905,10409155023,1,"IOTHUB_CLIENT_CONFIRMATION_OK"
11927,10409155105,10409155146,1,"IOTHUB_CLIENT_CONFIRMATION_OK"
11928,10409155305,10409155455,1,"IOTHUB_CLIENT_CONFIRMATION_OK"
11929,10409155506,10409155546,1,"IOTHUB_CLIENT_CONFIRMATION_OK"
11930,10409155706,10409155751,1,"IOTHUB_CLIENT_CONFIRMATION_OK"
11931,10409155906,10409155949,1,"IOTHUB_CLIENT_CONFIRMATION_OK"
11932,10409156106,10409156164,1,"IOTHUB_CLIENT_CONFIRMATION_OK"
11933,10409156306,10409156465,1,"IOTHUB_CLIENT_CONFIRMATION_OK"
11934,10409156506,10409156552,1,"IOTHUB_CLIENT_CONFIRMATION_OK"
11935,10409156707,10409156781,1,"IOTHUB_CLIENT_CONFIRMATION_OK"
11936,10409156907,10409156955,1,"IOTHUB_CLIENT_CONFIRMATION_OK"
11937,10409157107,10409157150,1,"IOTHUB_CLIENT_CONFIRMATION_OK"
11938,10409157307,10409157357,1,"IOTHUB_CLIENT_CONFIRMATION_OK"
11939,10409157507,10409157562,1,"IOTHUB_CLIENT_CONFIRMATION_OK"
11940,10409157707,10409157746,1,"IOTHUB_CLIENT_CONFIRMATION_OK"
11941,10409157908,10409158095,1,"IOTHUB_CLIENT_CONFIRMATION_OK"
11942,10409158108,10409158150,1,"IOTHUB_CLIENT_CONFIRMATION_OK"
11943,10409158308,10409158372,1,"IOTHUB_CLIENT_CONFIRMATION_OK"
11944,10409158508,10409158545,1,"IOTHUB_CLIENT_CONFIRMATION_OK"
11945,10409158708,10409158753,1,"IOTHUB_CLIENT_CONFIRMATION_OK"
11946,10409158908,10409158977,1,"IOTHUB_CLIENT_CONFIRMATION_OK"
11947,10409159108,10409159156,1,"IOTHUB_CLIENT_CONFIRMATION_OK"
11948,10409159309,10409159348,1,"IOTHUB_CLIENT_CONFIRMATION_OK"
11949,10409159509,10409159554,1,"IOTHUB_CLIENT_CONFIRMATION_OK"
11950,10409159709,10409159795,1,"IOTHUB_CLIENT_CONFIRMATION_OK"
11951,10409159909,10409159951,1,"IOTHUB_CLIENT_CONFIRMATION_OK"
11952,10409160109,10409160157,1,"IOTHUB_CLIENT_CONFIRMATION_OK"
11953,10409160309,10409160350,1,"IOTHUB_CLIENT_CONFIRMATION_OK"
11954,10409160510,10409160718,1,"IOTHUB_CLIENT_CONFIRMATION_OK"
11955,10409160710,10409160756,1,"IOTHUB_CLIENT_CONFIRMATION_OK"
11956,10409160910,10409160948,1,"IOTHUB_CLIENT_CONFIRMATION_OK"
11957,10409161110,10409161154,1,"IOTHUB_CLIENT_CONFIRMATION_OK"
11958,10409161310,10409161346,1,"IOTHUB_CLIENT_CONFIRMATION_OK"
11959,10409161510,10409161547,1,"IOTHUB_CLIENT_CONFIRMATION_OK"
11960,10409161711,10409161760,1,"IOTHUB_CLIENT_CONFIRMATION_OK"
11961,10409161911,10409161955,1,"IOTHUB_CLIENT_CONFIRMATION_OK"
11962,10409162111,10409162153,1,"IOTHUB_CLIENT_CONFIRMATION_OK"
11963,10409162311,10409162362,1,"IOTHUB_CLIENT_CONFIRMATION_OK"
11964,10409162511,10409162563,1,"IOTHUB_CLIENT_CONFIRMATION_OK"
11965,10409162711,10409162770,1,"IOTHUB_CLIENT_CONFIRMATION_OK"
11966,10409162912,10409162949,1,"IOTHUB_CLIENT_CONFIRMATION_OK"
11967,10409163112,10409163162,1,"IOTHUB_CLIENT_CONFIRMATION_OK"
11968,10409163312,10409163387,1,"IOTHUB_CLIENT_CONFIRMATION_OK"
11969,10409163512,10409163575,1,"IOTHUB_CLIENT_CONFIRMATION_OK"
11970,10409163712,10409163788,1,"IOTHUB_CLIENT_CONFIRMATION_OK"
11971,10409163912,10409163956,1,"IOTHUB_CLIENT_CONFIRMATION_OK"
11972,10409164113,10409164154,1,"IOTHUB_CLIENT_CONFIRMATION_OK"
11973,10409164313,10409164408,1,"IOTHUB_CLIENT_CONFIRMATION_OK"
11974,10409164513,10409164550,1,"IOTHUB_CLIENT_CONFIRMATION_OK"
11975,10409164713,10409164881,1,"IOTHUB_CLIENT_CONFIRMATION_OK"
11976,10409164913,10409165109,1,"IOTHUB_CLIENT_CONFIRMATION_OK"
11977,10409165113,10409165181,1,"IOTHUB_CLIENT_CONFIRMATION_OK"
11978,10409165314,10409165491,1,"IOTHUB_CLIENT_CONFIRMATION_OK"
11979,10409165514,10409165568,1,"IOTHUB_CLIENT_CONFIRMATION_OK"
11980,10409165714,10409165772,1,"IOTHUB_CLIENT_CONFIRMATION_OK"
11981,10409165914,10409165957,1,"IOTHUB_CLIENT_CONFIRMATION_OK"
11982,10409166114,10409166160,1,"IOTHUB_CLIENT_CONFIRMATION_OK"
11983,10409166314,10409166493,1,"IOTHUB_CLIENT_CONFIRMATION_OK"
11984,10409166515,10409166559,1,"IOTHUB_CLIENT_CONFIRMATION_OK"
11985,10409166715,10409166762,1,"IOTHUB_CLIENT_CONFIRMATION_OK"
11986,10409166915,10409166954,1,"IOTHUB_CLIENT_CONFIRMATION_OK"
11987,10409167115,10409167151,1,"IOTHUB_CLIENT_CONFIRMATION_OK"
11988,10409167315,10409167369,1,"IOTHUB_CLIENT_CONFIRMATION_OK"
11989,10409167515,10409167553,1,"IOTHUB_CLIENT_CONFIRMATION_OK"
11990,10409167715,10409167753,1,"IOTHUB_CLIENT_CONFIRMATION_OK"
11991,10409167916,10409168177,1,"IOTHUB_CLIENT_CONFIRMATION_OK"
11992,10409168116,10409168221,1,"IOTHUB_CLIENT_CONFIRMATION_OK"
11993,10409168316,10409168353,1,"IOTHUB_CLIENT_CONFIRMATION_OK"
11994,10409168516,10409168571,1,"IOTHUB_CLIENT_CONFIRMATION_OK"
11995,10409168716,10409168768,1,"IOTHUB_CLIENT_CONFIRMATION_OK"
11996,10409168917,10409168955,1,"IOTHUB_CLIENT_CONFIRMATION_OK"
11997,10409169117,10409169165,1,"IOTHUB_CLIENT_CONFIRMATION_OK"
11998,10409169317,10409169369,1,"IOTHUB_CLIENT_CONFIRMATION_OK"
11999,10409169517,10409169566,1,"IOTHUB_CLIENT_CONFIRMATION_OK"
12000,10409169717,10409169773,1,"IOTHUB_CLIENT_CONFIRMATION_OK"
12001,10409169917,10409169962,1,"IOTHUB_CLIENT_CONFIRMATION_OK"
12002,10409170117,10409170213,1,"IOTHUB_CLIENT_CONFIRMATION_OK"
12003,10409170318,10409170380,1,"IOTHUB_CLIENT_CONFIRMATION_OK"
12004,10409170518,10409170603,1,"IOTHUB_CLIENT_CONFIRMATION_OK"
12005,10409170718,10409170825,1,"IOTHUB_CLIENT_CONFIRMATION_OK"
12006,10409170918,10409170956,1,"IOTHUB_CLIENT_CONFIRMATION_OK"
12007,10409171118,10409171268,1,"IOTHUB_CLIENT_CONFIRMATION_OK"
12008,10409171318,10409171379,1,"IOTHUB_CLIENT_CONFIRMATION_OK"
12009,10409171519,10409171554,1,"IOTHUB_CLIENT_CONFIRMATION_OK"
12010,10409171719,10409171765,1,"IOTHUB_CLIENT_CONFIRMATION_OK"
12011,10409171919,10409171961,1,"IOTHUB_CLIENT_CONFIRMATION_OK"
12012,10409172119,10409172251,1,"IOTHUB_CLIENT_CONFIRMATION_OK"
12013,10409172319,10409172364,1,"IOTHUB_CLIENT_CONFIRMATION_OK"
12014,10409172519,10409172568,1,"IOTHUB_CLIENT_CONFIRMATION_OK"
12015,10409172720,10409172757,1,"IOTHUB_CLIENT_CONFIRMATION_OK"
12016,10409172920,10409172957,1,"IOTHUB_CLIENT_CONFIRMATION_OK"
12017,10409173120,10409173160,1,"IOTHUB_CLIENT_CONFIRMATION_OK"
12018,10409173320,10409173373,1,"IOTHUB_CLIENT_CONFIRMATION_OK"
12019,10409173520,10409173566,1,"IOTHUB_CLIENT_CONFIRMATION_OK"
12020,10409173720,10409173915,1,"IOTHUB_CLIENT_CONFIRMATION_OK"
12021,10409173921,10409173973,1,"IOTHUB_CLIENT_CONFIRMATION_OK"
12022,10409174121,10409174158,1,"IOTHUB_CLIENT_CONFIRMATION_OK"
12023,10409174321,10409174378,1,"IOTHUB_CLIENT_CONFIRMATION_OK"
12024,10409174521,10409174585,1,"IOTHUB_CLIENT_CONFIRMATION_OK"
12025,10409174721,10409174776,1,"IOTHUB_CLIENT_CONFIRMATION_OK"
12026,10409174921,10409175033,1,"IOTHUB_CLIENT_CONFIRMATION_OK"
12027,10409175122,10409175202,1,"IOTHUB_CLIENT_CONFIRMATION_OK"
12028,10409175322,10409175407,1,"IOTHUB_CLIENT_CONFIRMATION_OK"
12029,10409175522,10409175565,1,"IOTHUB_CLIENT_CONFIRMATION_OK"
12030,10409175722,10409175768,1,"IOTHUB_CLIENT_CONFIRMATION_OK"
12031,10409175922,10409176050,1,"IOTHUB_CLIENT_CONFIRMATION_OK"
12032,10409176122,10409176158,1,"IOTHUB_CLIENT_CONFIRMATION_OK"
12033,10409176322,10409176413,1,"IOTHUB_CLIENT_CONFIRMATION_OK"
12034,10409176523,10409176559,1,"IOTHUB_CLIENT_CONFIRMATION_OK"
12035,10409176723,10409176766,1,"IOTHUB_CLIENT_CONFIRMATION_OK"
12036,10409176923,10409177018,1,"IOTHUB_CLIENT_CONFIRMATION_OK"
12037,10409177123,10409177163,1,"IOTHUB_CLIENT_CONFIRMATION_OK"
12038,10409177323,10409177371,1,"IOTHUB_CLIENT_CONFIRMATION_OK"
12039,10409177523,10409177603,1,"IOTHUB_CLIENT_CONFIRMATION_OK"
12040,10409177724,10409177769,1,"IOTHUB_CLIENT_CONFIRMATION_OK"
12041,10409177924,10409178048,1,"IOTHUB_CLIENT_CONFIRMATION_OK"
12042,10409178124,10409178174,1,"IOTHUB_CLIENT_CONFIRMATION_OK"
12043,10409178324,10409178381,1,"IOTHUB_CLIENT_CONFIRMATION_OK"
12044,10409178524,10409178654,1,"IOTHUB_CLIENT_CONFIRMATION_OK"
12045,10409178724,10409178794,1,"IOTHUB_CLIENT_CONFIRMATION_OK"
12046,10409178925,10409178971,1,"IOTHUB_CLIENT_CONFIRMATION_OK"
12047,10409179125,10409179186,1,"IOTHUB_CLIENT_CONFIRMATION_OK"
12048,10409179325,10409179364,1,"IOTHUB_CLIENT_CONFIRMATION_OK"
12049,10409179525,10409179698,1,"IOTHUB_CLIENT_CONFIRMATION_OK"
12050,10409179725,10409179770,1,"IOTHUB_CLIENT_CONFIRMATION_OK"
12051,10409179925,10409179999,1,"IOTHUB_CLIENT_CONFIRMATION_OK"
12052,10409180125,10409180164,1,"IOTHUB_CLIENT_CONFIRMATION_OK"
12053,10409180326,10409180468,1,"IOTHUB_CLIENT_CONFIRMATION_OK"
12054,10409180526,10409180677,1,"IOTHUB_CLIENT_CONFIRMATION_OK"
12055,10409180726,10409180767,1,"IOTHUB_CLIENT_CONFIRMATION_OK"
12056,10409180926,10409180970,1,"IOTHUB_CLIENT_CONFIRMATION_OK"
12057,10409181126,10409181318,1,"IOTHUB_CLIENT_CONFIRMATION_OK"
12058,10409181326,10409181374,1,"IOTHUB_CLIENT_CONFIRMATION_OK"
12059,10409181527,10409181570,1,"IOTHUB_CLIENT_CONFIRMATION_OK"
12060,10409181727,10409181804,1,"IOTHUB_CLIENT_CONFIRMATION_OK"
12061,10409181927,10409181967,1,"IOTHUB_CLIENT_CONFIRMATION_OK"
12062,10409182127,10409182296,1,"IOTHUB_CLIENT_CONFIRMATION_OK"
12063,10409182327,10409182376,1,"IOTHUB_CLIENT_CONFIRMATION_OK"
12064,10409182527,10409182582,1,"IOTHUB_CLIENT_CONFIRMATION_OK"
12065,10409182727,10409182770,1,"IOTHUB_CLIENT_CONFIRMATION_OK"
12066,10409182928,10409182969,1,"IOTHUB_CLIENT_CONFIRMATION_OK"
12067,10409183128,10409183196,1,"IOTHUB_CLIENT_CONFIRMATION_OK"
12068,10409183328,10409183375,1,"IOTHUB_CLIENT_CONFIRMATION_OK"
12069,10409183528,10409183576,1,"IOTHUB_CLIENT_CONFIRMATION_OK"
12070,10409183728,10409183781,1,"IOTHUB_CLIENT_CONFIRMATION_OK"
12071,10409183928,10409184034,1,"IOTHUB_CLIENT_CONFIRMATION_OK"
12072,10409184129,10409184214,1,"IOTHUB_CLIENT_CONFIRMATION_OK"
12073,10409184329,10409184373,1,"IOTHUB_CLIENT_CONFIRMATION_OK"
12074,10409184529,10409184577,1,"IOTHUB_CLIENT_CONFIRMATION_OK"
12075,10409184729,10409184763,1,"IOTHUB_CLIENT_CONFIRMATION_OK"
12076,10409184929,10409184975,1,"IOTHUB_CLIENT_CONFIRMATION_OK"
12077,10409185129,10409185165,1,"IOTHUB_CLIENT_CONFIRMATION_OK"
12078,10409185330,10409185374,1,"IOTHUB_CLIENT_CONFIRMATION_OK"
12079,10409185530,10409185591,1,"IOTHUB_CLIENT_CONFIRMATION_OK"
12080,10409185730,10409185883,1,"IOTHUB_CLIENT_CONFIRMATION_OK"
12081,10409185930,10409186035,1,"IOTHUB_CLIENT_CONFIRMATION_OK"
12082,10409186130,10409186186,1,"IOTHUB_CLIENT_CONFIRMATION_OK"
12083,10409186330,10409186457,1,"IOTHUB_CLIENT_CONFIRMATION_OK"
12084,10409186530,10409186575,1,"IOTHUB_CLIENT_CONFIRMATION_OK"
12085,10409186731,10409186771,1,"IOTHUB_CLIENT_CONFIRMATION_OK"
12086,10409186931,10409187037,1,"IOTHUB_CLIENT_CONFIRMATION_OK"
12087,10409187131,10409187172,1,"IOTHUB_CLIENT_CONFIRMATION_OK"
12088,10409187331,10409187372,1,"IOTHUB_CLIENT_CONFIRMATION_OK"
12089,10409187531,10409187581,1,"IOTHUB_CLIENT_CONFIRMATION_OK"
12090,10409187731,10409187769,1,"IOTHUB_CLIENT_CONFIRMATION_OK"
12091,10409187932,10409188067,1,"IOTHUB_CLIENT_CONFIRMATION_OK"
12092,10409188132,10409188194,1,"IOTHUB_CLIENT_CONFIRMATION_OK"
12093,10409188332,10409188376,1,"IOTHUB_CLIENT_CONFIRMATION_OK"
12094,10409188532,10409188581,1,"IOTHUB_CLIENT_CONFIRMATION_OK"
12095,10409188732,10409188771,1,"IOTHUB_CLIENT_CONFIRMATION_OK"
12096,10409188932,10409188971,1,"IOTHUB_CLIENT_CONFIRMATION_OK"
12097,10409189132,10409189179,1,"IOTHUB_CLIENT_CONFIRMATION_OK"
12098,10409189333,10409189370,1,"IOTHUB_CLIENT_CONFIRMATION_OK"
12099,10409189533,10409189728,1,"IOTHUB_CLIENT_CONFIRMATION_OK"
12100,10409189733,10409189784,1,"IOTHUB_CLIENT_CONFIRMATION_OK"
12101,10409189933,10409190000,1,"IOTHUB_CLIENT_CONFIRMATION_OK"
12102,10409190133,10409190170,1,"IOTHUB_CLIENT_CONFIRMATION_OK"
12103,10409190333,10409190375,1,"IOTHUB_CLIENT_CONFIRMATION_OK"
12104,10409190534,10409190727,1,"IOTHUB_CLIENT_CONFIRMATION_OK"
12105,10409190734,10409190771,1,"IOTHUB_CLIENT_CONFIRMATION_OK"
12106,10409190934,10409190974,1,"IOTHUB_CLIENT_CONFIRMATION_OK"
12107,10409191134,10409191180,1,"IOTHUB_CLIENT_CONFIRMATION_OK"
12108,10409191334,10409191470,1,"IOTHUB_CLIENT_CONFIRMATION_OK"
12109,10409191534,10409191580,1,"IOTHUB_CLIENT_CONFIRMATION_OK"
12110,10409191734,10409191808,1,"IOTHUB_CLIENT_CONFIRMATION_OK"
12111,10409191935,10409191977,1,"IOTHUB_CLIENT_CONFIRMATION_OK"
12112,10409192135,10409192212,1,"IOTHUB_CLIENT_CONFIRMATION_OK"
12113,10409192335,10409192380,1,"IOTHUB_CLIENT_CONFIRMATION_OK"
12114,10409192535,10409192597,1,"IOTHUB_CLIENT_CONFIRMATION_OK"
12115,10409192735,10409192788,1,"IOTHUB_CLIENT_CONFIRMATION_OK"
12116,10409192935,10409192973,1,"IOTHUB_CLIENT_CONFIRMATION_OK"
12117,10409193136,10409193185,1,"IOTHUB_CLIENT_CONFIRMATION_OK"
12118,10409193336,10409193385,1,"IOTHUB_CLIENT_CONFIRMATION_OK"
12119,10409193536,10409193594,1,"IOTHUB_CLIENT_CONFIRMATION_OK"
12120,10409193736,10409193786,1,"IOTHUB_CLIENT_CONFIRMATION_OK"
12121,10409193936,10409193977,1,"IOTHUB_CLIENT_CONFIRMATION_OK"
12122,10409194136,10409194173,1,"IOTHUB_CLIENT_CONFIRMATION_OK"
12123,10409194336,10409194416,1,"IOTHUB_CLIENT_CONFIRMATION_OK"
12124,10409194537,10409194589,1,"IOTHUB_CLIENT_CONFIRMATION_OK"
12125,10409194737,10409194775,1,"IOTHUB_CLIENT_CONFIRMATION_OK"
12126,10409194937,10409194979,1,"IOTHUB_CLIENT_CONFIRMATION_OK"
12127,10409195137,10409195181,1,"IOTHUB_CLIENT_CONFIRMATION_OK"
12128,10409195337,10409195469,1,"IOTHUB_CLIENT_CONFIRMATION_OK"
12129,10409195537,10409195603,1,"IOTHUB_CLIENT_CONFIRMATION_OK"
12130,10409195738,10409195788,1,"IOTHUB_CLIENT_CONFIRMATION_OK"
12131,10409195938,10409195977,1,"IOTHUB_CLIENT_CONFIRMATION_OK"
12132,10409196138,10409196181,1,"IOTHUB_CLIENT_CONFIRMATION_OK"
12133,10409196338,10409196446,1,"IOTHUB_CLIENT_CONFIRMATION_OK"
12134,10409196538,10409196589,1,"IOTHUB_CLIENT_CONFIRMATION_OK"
12135,10409196738,10409196780,1,"IOTHUB_CLIENT_CONFIRMATION_OK"
12136,10409196939,10409197055,1,"IOTHUB_CLIENT_CONFIRMATION_OK"
12137,10409197139,10409197197,1,"IOTHUB_CLIENT_CONFIRMATION_OK"
12138,10409197339,10409197385,1,"IOTHUB_CLIENT_CONFIRMATION_OK"
12139,10409197539,10409197587,1,"IOTHUB_CLIENT_CONFIRMATION_OK"
12140,10409197739,10409197776,1,"IOTHUB_CLIENT_CONFIRMATION_OK"
12141,10409197939,10409198096,1,"IOTHUB_CLIENT_CONFIRMATION_OK"
12142,10409198139,10409198192,1,"IOTHUB_CLIENT_CONFIRMATION_OK"
12143,10409198340,10409198384,1,"IOTHUB_CLIENT_CONFIRMATION_OK"
12144,10409198540,10409198598,1,"IOTHUB_CLIENT_CONFIRMATION_OK"
12145,10409198740,10409198789,1,"IOTHUB_CLIENT_CONFIRMATION_OK"
12146,10409198940,10409198979,1,"IOTHUB_CLIENT_CONFIRMATION_OK"
12147,10409199140,10409199178,1,"IOTHUB_CLIENT_CONFIRMATION_OK"
12148,10409199340,10409199388,1,"IOTHUB_CLIENT_CONFIRMATION_OK"
12149,10409199541,10409199696,1,"IOTHUB_CLIENT_CONFIRMATION_OK"
12150,10409199741,10409199778,1,"IOTHUB_CLIENT_CONFIRMATION_OK"
12151,10409199941,10409199986,1,"IOTHUB_CLIENT_CONFIRMATION_OK"
12152,10409200141,10409200188,1,"IOTHUB_CLIENT_CONFIRMATION_OK"
12153,10409200341,10409200383,1,"IOTHUB_CLIENT_CONFIRMATION_OK"
12154,10409200541,10409200731,1,"IOTHUB_CLIENT_CONFIRMATION_OK"
12155,10409200741,10409200780,1,"IOTHUB_CLIENT_CONFIRMATION_OK"
12156,10409200942,10409200982,1,"IOTHUB_CLIENT_CONFIRMATION_OK"
12157,10409201142,10409201177,1,"IOTHUB_CLIENT_CONFIRMATION_OK"
12158,10409201342,10409201395,1,"IOTHUB_CLIENT_CONFIRMATION_OK"
12159,10409201542,10409201587,1,"IOTHUB_CLIENT_CONFIRMATION_OK"
12160,10409201742,10409201789,1,"IOTHUB_CLIENT_CONFIRMATION_OK"
12161,10409201942,10409202050,1,"IOTHUB_CLIENT_CONFIRMATION_OK"
12162,10409202143,10409202344,1,"IOTHUB_CLIENT_CONFIRMATION_OK"
12163,10409202343,10409202383,1,"IOTHUB_CLIENT_CONFIRMATION_OK"
12164,10409202543,10409202590,1,"IOTHUB_CLIENT_CONFIRMATION_OK"
12165,10409202743,10409202795,1,"IOTHUB_CLIENT_CONFIRMATION_OK"
12166,10409202943,10409203087,1,"IOTHUB_CLIENT_CONFIRMATION_OK"
12167,10409203143,10409203183,1,"IOTHUB_CLIENT_CONFIRMATION_OK"
12168,10409203344,10409203382,1,"IOTHUB_CLIENT_CONFIRMATION_OK"
12169,10409203544,10409203580,1,"IOTHUB_CLIENT_CONFIRMATION_OK"
12170,10409203744,10409203790,1,"IOTHUB_CLIENT_CONFIRMATION_OK"
12171,10409203944,10409203988,1,"IOTHUB_CLIENT_CONFIRMATION_OK"
12172,10409204144,10409204190,1,"IOTHUB_CLIENT_CONFIRMATION_OK"
12173,10409204344,10409204393,1,"IOTHUB_CLIENT_CONFIRMATION_OK"
12174,10409204545,10409204587,1,"IOTHUB_CLIENT_CONFIRMATION_OK"
12175,10409204745,10409204781,1,"IOTHUB_CLIENT_CONFIRMATION_OK"
12176,10409204945,10409204990,1,"IOTHUB_CLIENT_CONFIRMATION_OK"
12177,10409205145,10409205190,1,"IOTHUB_CLIENT_CONFIRMATION_OK"
12178,10409205345,10409205384,1,"IOTHUB_CLIENT_CONFIRMATION_OK"
12179,10409205545,10409205599,1,"IOTHUB_CLIENT_CONFIRMATION_OK"
12180,10409205746,10409205789,1,"IOTHUB_CLIENT_CONFIRMATION_OK"
12181,10409205946,10409205996,1,"IOTHUB_CLIENT_CONFIRMATION_OK"
12182,10409206146,10409206187,1,"IOTHUB_CLIENT_CONFIRMATION_OK"
12183,10409206346,10409206401,1,"IOTHUB_CLIENT_CONFIRMATION_OK"
12184,10409206546,10409206599,1,"IOTHUB_CLIENT_CONFIRMATION_OK"
12185,10409206746,10409206786,1,"IOTHUB_CLIENT_CONFIRMATION_OK"
12186,10409206947,10409207013,1,"IOTHUB_CLIENT_CONFIRMATION_OK"
12187,10409207147,10409207271,1,"IOTHUB_CLIENT_CONFIRMATION_OK"
12188,10409207347,10409207401,1,"IOTHUB_CLIENT_CONFIRMATION_OK"
12189,10409207547,10409207588,1,"IOTHUB_CLIENT_CONFIRMATION_OK"
12190,10409207747,10409207780,1,"IOTHUB_CLIENT_CONFIRMATION_OK"
12191,10409207947,10409208055,1,"IOTHUB_CLIENT_CONFIRMATION_OK"
12192,10409208148,10409208191,1,"IOTHUB_CLIENT_CONFIRMATION_OK"
12193,10409208348,10409208387,1,"IOTHUB_CLIENT_CONFIRMATION_OK"
12194,10409208548,10409208674,1,"IOTHUB_CLIENT_CONFIRMATION_OK"
12195,10409208748,10409208835,1,"IOTHUB_CLIENT_CONFIRMATION_OK"
12196,10409208948,10409208988,1,"IOTHUB_CLIENT_CONFIRMATION_OK"
12197,10409209148,10409209183,1,"IOTHUB_CLIENT_CONFIRMATION_OK"
12198,10409209348,10409209417,1,"IOTHUB_CLIENT_CONFIRMATION_OK"
12199,10409209549,10409209687,1,"IOTHUB_CLIENT_CONFIRMATION_OK"
12200,10409209749,10409209786,1,"IOTHUB_CLIENT_CONFIRMATION_OK"
12201,10409209949,10409209992,1,"IOTHUB_CLIENT_CONFIRMATION_OK"
12202,10409210149,10409210191,1,"IOTHUB_CLIENT_CONFIRMATION_OK"
12203,10409210349,10409210386,1,"IOTHUB_CLIENT_CONFIRMATION_OK"
12204,10409210549,10409210779,1,"IOTHUB_CLIENT_CONFIRMATION_OK"
12205,10409210750,10409210814,1,"IOTHUB_CLIENT_CONFIRMATION_OK"
12206,10409210950,10409210996,1,"IOTHUB_CLIENT_CONFIRMATION_OK"
12207,10409211150,10409211315,1,"IOTHUB_CLIENT_CONFIRMATION_OK"
12208,10409211350,10409211392,1,"IOTHUB_CLIENT_CONFIRMATION_OK"
12209,10409211550,10409211601,1,"IOTHUB_CLIENT_CONFIRMATION_OK"
12210,10409211750,10409211790,1,"IOTHUB_CLIENT_CONFIRMATION_OK"
12211,10409211951,10409211988,1,"IOTHUB_CLIENT_CONFIRMATION_OK"
12212,10409212151,10409212330,1,"IOTHUB_CLIENT_CONFIRMATION_OK"
12213,10409212351,10409212490,1,"IOTHUB_CLIENT_CONFIRMATION_OK"
12214,10409212551,10409212598,1,"IOTHUB_CLIENT_CONFIRMATION_OK"
12215,10409212751,10409212799,1,"IOTHUB_CLIENT_CONFIRMATION_OK"
12216,10409212951,10409213035,1,"IOTHUB_CLIENT_CONFIRMATION_OK"
12217,10409213151,10409213200,1,"IOTHUB_CLIENT_CONFIRMATION_OK"
12218,10409213352,10409213393,1,"IOTHUB_CLIENT_CONFIRMATION_OK"
12219,10409213552,10409213594,1,"IOTHUB_CLIENT_CONFIRMATION_OK"
12220,10409213752,10409213789,1,"IOTHUB_CLIENT_CONFIRMATION_OK"
12221,10409213952,10409213993,1,"IOTHUB_CLIENT_CONFIRMATION_OK"
12222,10409214152,10409214184,1,"IOTHUB_CLIENT_CONFIRMATION_OK"
12223,10409214353,10409214395,1,"IOTHUB_CLIENT_CONFIRMATION_OK"
12224,10409214553,10409214607,1,"IOTHUB_CLIENT_CONFIRMATION_OK"
12225,10409214753,10409214812,1,"IOTHUB_CLIENT_CONFIRMATION_OK"
12226,10409214953,10409214998,1,"IOTHUB_CLIENT_CONFIRMATION_OK"
12227,10409215153,10409215197,1,"IOTHUB_CLIENT_CONFIRMATION_OK"
12228,10409215353,10409215400,1,"IOTHUB_CLIENT_CONFIRMATION_OK"
12229,10409215553,10409215603,1,"IOTHUB_CLIENT_CONFIRMATION_OK"
12230,10409215754,10409215787,1,"IOTHUB_CLIENT_CONFIRMATION_OK"
12231,10409215954,10409216000,1,"IOTHUB_CLIENT_CONFIRMATION_OK"
12232,10409216154,10409216250,1,"IOTHUB_CLIENT_CONFIRMATION_OK"
12233,10409216354,10409216400,1,"IOTHUB_CLIENT_CONFIRMATION_OK"
12234,10409216554,10409216599,1,"IOTHUB_CLIENT_CONFIRMATION_OK"
12235,10409216754,10409216811,1,"IOTHUB_CLIENT_CONFIRMATION_OK"
12236,10409216955,10409217016,1,"IOTHUB_CLIENT_CONFIRMATION_OK"
12237,10409217155,10409217218,1,"IOTHUB_CLIENT_CONFIRMATION_OK"
12238,10409217355,10409217400,1,"IOTHUB_CLIENT_CONFIRMATION_OK"
12239,10409217555,10409217645,1,"IOTHUB_CLIENT_CONFIRMATION_OK"
12240,10409217755,10409217800,1,"IOTHUB_CLIENT_CONFIRMATION_OK"
12241,10409217955,10409218036,1,"IOTHUB_CLIENT_CONFIRMATION_OK"
12242,10409218156,10409218206,1,"IOTHUB_CLIENT_CONFIRMATION_OK"
12243,10409218356,10409218398,1,"IOTHUB_CLIENT_CONFIRMATION_OK"
12244,10409218556,10409218659,1,"IOTHUB_CLIENT_CONFIRMATION_OK"
12245,10409218756,10409218800,1,"IOTHUB_CLIENT_CONFIRMATION_OK"
12246,10409218956,10409218998,1,"IOTHUB_CLIENT_CONFIRMATION_OK"
12247,10409219156,10409219191,1,"IOTHUB_CLIENT_CONFIRMATION_OK"
12248,10409219356,10409219397,1,"IOTHUB_CLIENT_CONFIRMATION_OK"
12249,10409219557,10409219740,1,"IOTHUB_CLIENT_CONFIRMATION_OK"
12250,10409219757,10409219797,1,"IOTHUB_CLIENT_CONFIRMATION_OK"
12251,10409219957,10409220003,1,"IOTHUB_CLIENT_CONFIRMATION_OK"
12252,10409220157,10409220195,1,"IOTHUB_CLIENT_CONFIRMATION_OK"
12253,10409220357,10409220394,1,"IOTHUB_CLIENT_CONFIRMATION_OK"
12254,10409220557,10409220705,1,"IOTHUB_CLIENT_CONFIRMATION_OK"
12255,10409220758,10409220812,1,"IOTHUB_CLIENT_CONFIRMATION_OK"
12256,10409220958,10409221002,1,"IOTHUB_CLIENT_CONFIRMATION_OK"
12257,10409221158,10409221297,1,"IOTHUB_CLIENT_CONFIRMATION_OK"
12258,10409221358,10409221395,1,"IOTHUB_CLIENT_CONFIRMATION_OK"
12259,10409221558,10409221615,1,"IOTHUB_CLIENT_CONFIRMATION_OK"
12260,10409221758,10409221805,1,"IOTHUB_CLIENT_CONFIRMATION_OK"
12261,10409221959,10409222060,1,"IOTHUB_CLIENT_CONFIRMATION_OK"
12262,10409222159,10409222312,1,"IOTHUB_CLIENT_CONFIRMATION_OK"
12263,10409222359,10409222399,1,"IOTHUB_CLIENT_CONFIRMATION_OK"
12264,10409222559,10409222601,1,"IOTHUB_CLIENT_CONFIRMATION_OK"
12265,10409222759,10409222808,1,"IOTHUB_CLIENT_CONFIRMATION_OK"
12266,10409222959,10409223001,1,"IOTHUB_CLIENT_CONFIRMATION_OK"
12267,10409223160,10409223228,1,"IOTHUB_CLIENT_CONFIRMATION_OK"
12268,10409223360,10409223400,1,"IOTHUB_CLIENT_CONFIRMATION_OK"
12269,10409223560,10409223610,1,"IOTHUB_CLIENT_CONFIRMATION_OK"
12270,10409223760,10409223824,1,"IOTHUB_CLIENT_CONFIRMATION_OK"
12271,10409223960,10409224013,1,"IOTHUB_CLIENT_CONFIRMATION_OK"
12272,10409224160,10409224204,1,"IOTHUB_CLIENT_CONFIRMATION_OK"
12273,10409224360,10409224446,1,"IOTHUB_CLIENT_CONFIRMATION_OK"
12274,10409224561,10409224603,1,"IOTHUB_CLIENT_CONFIRMATION_OK"
12275,10409224761,10409224827,1,"IOTHUB_CLIENT_CONFIRMATION_OK"
12276,10409224961,10409224999,1,"IOTHUB_CLIENT_CONFIRMATION_OK"
12277,10409225161,10409225205,1,"IOTHUB_CLIENT_CONFIRMATION_OK"
12278,10409225361,10409225432,1,"IOTHUB_CLIENT_CONFIRMATION_OK"
12279,10409225561,10409225601,1,"IOTHUB_CLIENT_CONFIRMATION_OK"
12280,10409225762,10409225803,1,"IOTHUB_CLIENT_CONFIRMATION_OK"
12281,10409225962,10409226048,1,"IOTHUB_CLIENT_CONFIRMATION_OK"
12282,10409226162,10409226198,1,"IOTHUB_CLIENT_CONFIRMATION_OK"
12283,10409226362,10409226497,1,"IOTHUB_CLIENT_CONFIRMATION_OK"
12284,10409226562,10409226599,1,"IOTHUB_CLIENT_CONFIRMATION_OK"
12285,10409226762,10409226844,1,"IOTHUB_CLIENT_CONFIRMATION_OK"
12286,10409226963,10409227139,1,"IOTHUB_CLIENT_CONFIRMATION_OK"
12287,10409227163,10409227204,1,"IOTHUB_CLIENT_CONFIRMATION_OK"
12288,10409227363,10409227405,1,"IOTHUB_CLIENT_CONFIRMATION_OK"
12289,10409227563,10409227609,1,"IOTHUB_CLIENT_CONFIRMATION_OK"
12290,10409227763,10409227811,1,"IOTHUB_CLIENT_CONFIRMATION_OK"
12291,10409227963,10409228081,1,"IOTHUB_CLIENT_CONFIRMATION_OK"
12292,10409228163,10409228212,1,"IOTHUB_CLIENT_CONFIRMATION_OK"
12293,10409228364,10409228407,1,"IOTHUB_CLIENT_CONFIRMATION_OK"
12294,10409228564,10409228698,1,"IOTHUB_CLIENT_CONFIRMATION_OK"
12295,10409228764,10409228838,1,"IOTHUB_CLIENT_CONFIRMATION_OK"
12296,10409228964,10409229001,1,"IOTHUB_CLIENT_CONFIRMATION_OK"
12297,10409229164,10409229241,1,"IOTHUB_CLIENT_CONFIRMATION_OK"
12298,10409229364,10409229412,1,"IOTHUB_CLIENT_CONFIRMATION_OK"
12299,10409229565,10409229716,1,"IOTHUB_CLIENT_CONFIRMATION_OK"
12300,10409229765,10409229858,1,"IOTHUB_CLIENT_CONFIRMATION_OK"
12301,10409229965,10409230005,1,"IOTHUB_CLIENT_CONFIRMATION_OK"
12302,10409230165,10409230222,1,"IOTHUB_CLIENT_CONFIRMATION_OK"
12303,10409230365,10409230428,1,"IOTHUB_CLIENT_CONFIRMATION_OK"
12304,10409230565,10409230749,1,"IOTHUB_CLIENT_CONFIRMATION_OK"
12305,10409230765,10409230802,1,"IOTHUB_CLIENT_CONFIRMATION_OK"
12306,10409230966,10409231028,1,"IOTHUB_CLIENT_CONFIRMATION_OK"
12307,10409231166,10409231203,1,"IOTHUB_CLIENT_CONFIRMATION_OK"
12308,10409231366,10409231416,1,"IOTHUB_CLIENT_CONFIRMATION_OK"
12309,10409231566,10409231610,1,"IOTHUB_CLIENT_CONFIRMATION_OK"
12310,10409231766,10409231812,1,"IOTHUB_CLIENT_CONFIRMATION_OK"
12311,10409231966,10409232028,1,"IOTHUB_CLIENT_CONFIRMATION_OK"
12312,10409232167,10409232797,1,"IOTHUB_CLIENT_CONFIRMATION_OK"
12313,10409232367,10409232865,1,"IOTHUB_CLIENT_CONFIRMATION_OK"
12314,10409232567,10409233081,1,"IOTHUB_CLIENT_CONFIRMATION_OK"
12315,10409232767,10409233253,1,"IOTHUB_CLIENT_CONFIRMATION_OK"
12316,10409232967,10409233281,1,"IOTHUB_CLIENT_CONFIRMATION_OK"
12317,10409233167,10409233339,1,"IOTHUB_CLIENT_CONFIRMATION_OK"
12318,10409233368,10409233405,1,"IOTHUB_CLIENT_CONFIRMATION_OK"
12319,10409233568,10409233618,1,"IOTHUB_CLIENT_CONFIRMATION_OK"
12320,10409233768,10409233976,1,"IOTHUB_CLIENT_CONFIRMATION_OK"
12321,10409233968,10409234009,1,"IOTHUB_CLIENT_CONFIRMATION_OK"
12322,10409234168,10409234206,1,"IOTHUB_CLIENT_CONFIRMATION_OK"
12323,10409234368,10409234422,1,"IOTHUB_CLIENT_CONFIRMATION_OK"
12324,10409234568,10409234616,1,"IOTHUB_CLIENT_CONFIRMATION_OK"
12325,10409234769,10409234827,1,"IOTHUB_CLIENT_CONFIRMATION_OK"
12326,10409234969,10409235035,1,"IOTHUB_CLIENT_CONFIRMATION_OK"
12327,10409235169,10409235265,1,"IOTHUB_CLIENT_CONFIRMATION_OK"
12328,10409235369,10409235431,1,"IOTHUB_CLIENT_CONFIRMATION_OK"
12329,10409235569,10409235605,1,"IOTHUB_CLIENT_CONFIRMATION_OK"
12330,10409235769,10409235843,1,"IOTHUB_CLIENT_CONFIRMATION_OK"
12331,10409235970,10409236075,1,"IOTHUB_CLIENT_CONFIRMATION_OK"
12332,10409236170,10409236219,1,"IOTHUB_CLIENT_CONFIRMATION_OK"
12333,10409236370,10409236472,1,"IOTHUB_CLIENT_CONFIRMATION_OK"
12334,10409236570,10409236637,1,"IOTHUB_CLIENT_CONFIRMATION_OK"
12335,10409236770,10409236810,1,"IOTHUB_CLIENT_CONFIRMATION_OK"
12336,10409236970,10409237097,1,"IOTHUB_CLIENT_CONFIRMATION_OK"
12337,10409237170,10409237341,1,"IOTHUB_CLIENT_CONFIRMATION_OK"
12338,10409237371,10409237414,1,"IOTHUB_CLIENT_CONFIRMATION_OK"
12339,10409237571,10409237612,1,"IOTHUB_CLIENT_CONFIRMATION_OK"
12340,10409237771,10409237808,1,"IOTHUB_CLIENT_CONFIRMATION_OK"
12341,10409237971,10409238173,1,"IOTHUB_CLIENT_CONFIRMATION_OK"
12342,10409238171,10409238232,1,"IOTHUB_CLIENT_CONFIRMATION_OK"
12343,10409238371,10409238426,1,"IOTHUB_CLIENT_CONFIRMATION_OK"
12344,10409238572,10409238643,1,"IOTHUB_CLIENT_CONFIRMATION_OK"
12345,10409238772,10409238815,1,"IOTHUB_CLIENT_CONFIRMATION_OK"
12346,10409238972,10409239017,1,"IOTHUB_CLIENT_CONFIRMATION_OK"
12347,10409239172,10409239227,1,"IOTHUB_CLIENT_CONFIRMATION_OK"
12348,10409239372,10409239438,1,"IOTHUB_CLIENT_CONFIRMATION_OK"
12349,10409239572,10409239619,1,"IOTHUB_CLIENT_CONFIRMATION_OK"
12350,10409239772,10409239811,1,"IOTHUB_CLIENT_CONFIRMATION_OK"
12351,10409239973,10409240020,1,"IOTHUB_CLIENT_CONFIRMATION_OK"
12352,10409240173,10409240222,1,"IOTHUB_CLIENT_CONFIRMATION_OK"
12353,10409240373,10409240427,1,"IOTHUB_CLIENT_CONFIRMATION_OK"
12354,10409240573,10409240661,1,"IOTHUB_CLIENT_CONFIRMATION_OK"
12355,10409240773,10409240821,1,"IOTHUB_CLIENT_CONFIRMATION_OK"
12356,10409240973,10409241020,1,"IOTHUB_CLIENT_CONFIRMATION_OK"
12357,10409241174,10409241237,1,"IOTHUB_CLIENT_CONFIRMATION_OK"
12358,10409241374,10409241416,1,"IOTHUB_CLIENT_CONFIRMATION_OK"
12359,10409241574,10409241627,1,"IOTHUB_CLIENT_CONFIRMATION_OK"
12360,10409241774,10409241863,1,"IOTHUB_CLIENT_CONFIRMATION_OK"
12361,10409241974,10409242036,1,"IOTHUB_CLIENT_CONFIRMATION_OK"
12362,10409242174,10409242252,1,"IOTHUB_CLIENT_CONFIRMATION_OK"
12363,10409242375,10409242411,1,"IOTHUB_CLIENT_CONFIRMATION_OK"
12364,10409242575,10409242614,1,"IOTHUB_CLIENT_CONFIRMATION_OK"
12365,10409242775,10409242952,1,"IOTHUB_CLIENT_CONFIRMATION_OK"
12366,10409242975,10409243021,1,"IOTHUB_CLIENT_CONFIRMATION_OK"
12367,10409243175,10409243207,1,"IOTHUB_CLIENT_CONFIRMATION_OK"
12368,10409243375,10409243416,1,"IOTHUB_CLIENT_CONFIRMATION_OK"
12369,10409243575,10409243624,1,"IOTHUB_CLIENT_CONFIRMATION_OK"
12370,10409243776,10409243876,1,"IOTHUB_CLIENT_CONFIRMATION_OK"
12371,10409243976,10409244018,1,"IOTHUB_CLIENT_CONFIRMATION_OK"
12372,10409244176,10409244219,1,"IOTHUB_CLIENT_CONFIRMATION_OK"
12373,10409244376,10409244497,1,"IOTHUB_CLIENT_CONFIRMATION_OK"
12374,10409244576,10409244630,1,"IOTHUB_CLIENT_CONFIRMATION_OK"
12375,10409244776,10409244818,1,"IOTHUB_CLIENT_CONFIRMATION_OK"
12376,10409244976,10409245014,1,"IOTHUB_CLIENT_CONFIRMATION_OK"
12377,10409245177,10409245216,1,"IOTHUB_CLIENT_CONFIRMATION_OK"
12378,10409245377,10409245527,1,"IOTHUB_CLIENT_CONFIRMATION_OK"
12379,10409245577,10409245618,1,"IOTHUB_CLIENT_CONFIRMATION_OK"
12380,10409245777,10409245830,1,"IOTHUB_CLIENT_CONFIRMATION_OK"
12381,10409245977,10409246111,1,"IOTHUB_CLIENT_CONFIRMATION_OK"
12382,10409246177,10409246220,1,"IOTHUB_CLIENT_CONFIRMATION_OK"
12383,10409246378,10409246621,1,"IOTHUB_CLIENT_CONFIRMATION_OK"
12384,10409246578,10409246651,1,"IOTHUB_CLIENT_CONFIRMATION_OK"
12385,10409246778,10409246820,1,"IOTHUB_CLIENT_CONFIRMATION_OK"
12386,10409246978,10409247023,1,"IOTHUB_CLIENT_CONFIRMATION_OK"
12387,10409247178,10409247240,1,"IOTHUB_CLIENT_CONFIRMATION_OK"
12388,10409247378,10409247420,1,"IOTHUB_CLIENT_CONFIRMATION_OK"
12389,10409247578,10409247648,1,"IOTHUB_CLIENT_CONFIRMATION_OK"
12390,10409247779,10409247815,1,"IOTHUB_CLIENT_CONFIRMATION_OK"
12391,10409247979,10409248110,1,"IOTHUB_CLIENT_CONFIRMATION_OK"
12392,10409248179,10409248226,1,"IOTHUB_CLIENT_CONFIRMATION_OK"
12393,10409248379,10409248423,1,"IOTHUB_CLIENT_CONFIRMATION_OK"
12394,10409248579,10409248677,1,"IOTHUB_CLIENT_CONFIRMATION_OK"
12395,10409248779,10409248833,1,"IOTHUB_CLIENT_CONFIRMATION_OK"
12396,10409248980,10409249019,1,"IOTHUB_CLIENT_CONFIRMATION_OK"
12397,10409249180,10409249222,1,"IOTHUB_CLIENT_CONFIRMATION_OK"
12398,10409249380,10409249416,1,"IOTHUB_CLIENT_CONFIRMATION_OK"
12399,10409249580,10409249752,1,"IOTHUB_CLIENT_CONFIRMATION_OK"
12400,10409249780,10409249829,1,"IOTHUB_CLIENT_CONFIRMATION_OK"
12401,10409249980,10409250020,1,"IOTHUB_CLIENT_CONFIRMATION_OK"
12402,10409250180,10409250228,1,"IOTHUB_CLIENT_CONFIRMATION_OK"
12403,10409250381,10409250455,1,"IOTHUB_CLIENT_CONFIRMATION_OK"
12404,10409250581,10409250764,1,"IOTHUB_CLIENT_CONFIRMATION_OK"
12405,10409250781,10409250861,1,"IOTHUB_CLIENT_CONFIRMATION_OK"
12406,10409250981,10409251035,1,"IOTHUB_CLIENT_CONFIRMATION_OK"
12407,10409251181,10409251246,1,"IOTHUB_CLIENT_CONFIRMATION_OK"
12408,10409251381,10409251432,1,"IOTHUB_CLIENT_CONFIRMATION_OK"
12409,10409251582,10409251625,1,"IOTHUB_CLIENT_CONFIRMATION_OK"
12410,10409251782,10409251847,1,"IOTHUB_CLIENT_CONFIRMATION_OK"
12411,10409251982,10409252026,1,"IOTHUB_CLIENT_CONFIRMATION_OK"
12412,10409252182,10409252417,1,"IOTHUB_CLIENT_CONFIRMATION_OK"
12413,10409252382,10409252440,1,"IOTHUB_CLIENT_CONFIRMATION_OK"
12414,10409252582,10409252622,1,"IOTHUB_CLIENT_CONFIRMATION_OK"
12415,10409252783,10409252864,1,"IOTHUB_CLIENT_CONFIRMATION_OK"
12416,10409252983,10409253027,1,"IOTHUB_CLIENT_CONFIRMATION_OK"
12417,10409253183,10409253219,1,"IOTHUB_CLIENT_CONFIRMATION_OK"
12418,10409253383,10409253423,1,"IOTHUB_CLIENT_CONFIRMATION_OK"
12419,10409253583,10409253620,1,"IOTHUB_CLIENT_CONFIRMATION_OK"
12420,10409253783,10409253821,1,"IOTHUB_CLIENT_CONFIRMATION_OK"
12421,10409253983,10409254022,1,"IOTHUB_CLIENT_CONFIRMATION_OK"
12422,10409254184,10409254224,1,"IOTHUB_CLIENT_CONFIRMATION_OK"
12423,10409254384,10409254495,1,"IOTHUB_CLIENT_CONFIRMATION_OK"
12424,10409254584,10409254623,1,"IOTHUB_CLIENT_CONFIRMATION_OK"
12425,10409254784,10409254823,1,"IOTHUB_CLIENT_CONFIRMATION_OK"
12426,10409254984,10409255032,1,"IOTHUB_CLIENT_CONFIRMATION_OK"
12427,10409255184,10409255221,1,"IOTHUB_CLIENT_CONFIRMATION_OK"
12428,10409255385,10409255543,1,"IOTHUB_CLIENT_CONFIRMATION_OK"
12429,10409255585,10409255631,1,"IOTHUB_CLIENT_CONFIRMATION_OK"
12430,10409255785,10409255845,1,"IOTHUB_CLIENT_CONFIRMATION_OK"
12431,10409255985,10409256028,1,"IOTHUB_CLIENT_CONFIRMATION_OK"
12432,10409256185,10409256229,1,"IOTHUB_CLIENT_CONFIRMATION_OK"
12433,10409256385,10409256537,1,"IOTHUB_CLIENT_CONFIRMATION_OK"
12434,10409256586,10409256628,1,"IOTHUB_CLIENT_CONFIRMATION_OK"
12435,10409256786,10409256845,1,"IOTHUB_CLIENT_CONFIRMATION_OK"
12436,10409256986,10409257027,1,"IOTHUB_CLIENT_CONFIRMATION_OK"
12437,10409257186,10409257264,1,"IOTHUB_CLIENT_CONFIRMATION_OK"
12438,10409257386,10409257430,1,"IOTHUB_CLIENT_CONFIRMATION_OK"
12439,10409257586,10409257645,1,"IOTHUB_CLIENT_CONFIRMATION_OK"
12440,10409257786,10409257833,1,"IOTHUB_CLIENT_CONFIRMATION_OK"
12441,10409257987,10409258025,1,"IOTHUB_CLIENT_CONFIRMATION_OK"
12442,10409258187,10409258222,1,"IOTHUB_CLIENT_CONFIRMATION_OK"
12443,10409258387,10409258438,1,"IOTHUB_CLIENT_CONFIRMATION_OK"
12444,10409258587,10409258641,1,"IOTHUB_CLIENT_CONFIRMATION_OK"
12445,10409258787,10409258845,1,"IOTHUB_CLIENT_CONFIRMATION_OK"
12446,10409258987,10409259043,1,"IOTHUB_CLIENT_CONFIRMATION_OK"
12447,10409259187,10409259232,1,"IOTHUB_CLIENT_CONFIRMATION_OK"
12448,10409259388,10409259433,1,"IOTHUB_CLIENT_CONFIRMATION_OK"
12449,10409259588,10409259632,1,"IOTHUB_CLIENT_CONFIRMATION_OK"
12450,10409259788,10409259834,1,"IOTHUB_CLIENT_CONFIRMATION_OK"
12451,10409259988,10409260031,1,"IOTHUB_CLIENT_CONFIRMATION_OK"
12452,10409260188,10409260236,1,"IOTHUB_CLIENT_CONFIRMATION_OK"
12453,10409260388,10409260426,1,"IOTHUB_CLIENT_CONFIRMATION_OK"
12454,10409260589,10409260647,1,"IOTHUB_CLIENT_CONFIRMATION_OK"
12455,10409260789,10409260837,1,"IOTHUB_CLIENT_CONFIRMATION_OK"
12456,10409260989,10409261028,1,"IOTHUB_CLIENT_CONFIRMATION_OK"
12457,10409261189,10409261343,1,"IOTHUB_CLIENT_CONFIRMATION_OK"
12458,10409261389,10409261433,1,"IOTHUB_CLIENT_CONFIRMATION_OK"
12459,10409261589,10409261664,1,"IOTHUB_CLIENT_CONFIRMATION_OK"
12460,10409261789,10409261837,1,"IOTHUB_CLIENT_CONFIRMATION_OK"
12461,10409261990,10409262032,1,"IOTHUB_CLIENT_CONFIRMATION_OK"
12462,10409262190,10409262331,1,"IOTHUB_CLIENT_CONFIRMATION_OK"
12463,10409262390,10409262426,1,"IOTHUB_CLIENT_CONFIRMATION_OK"
12464,10409262590,10409262644,1,"IOTHUB_CLIENT_CONFIRMATION_OK"
12465,10409262790,10409262836,1,"IOTHUB_CLIENT_CONFIRMATION_OK"
12466,10409262990,10409263034,1,"IOTHUB_CLIENT_CONFIRMATION_OK"
12467,10409263191,10409263235,1,"IOTHUB_CLIENT_CONFIRMATION_OK"
12468,10409263391,10409263434,1,"IOTHUB_CLIENT_CONFIRMATION_OK"
12469,10409263591,10409263630,1,"IOTHUB_CLIENT_CONFIRMATION_OK"
12470,10409263791,10409263988,1,"IOTHUB_CLIENT_CONFIRMATION_OK"
12471,10409263991,10409264068,1,"IOTHUB_CLIENT_CONFIRMATION_OK"
12472,10409264191,10409264232,1,"IOTHUB_CLIENT_CONFIRMATION_OK"
12473,10409264392,10409264436,1,"IOTHUB_CLIENT_CONFIRMATION_OK"
12474,10409264592,10409264658,1,"IOTHUB_CLIENT_CONFIRMATION_OK"
12475,10409264792,10409264832,1,"IOTHUB_CLIENT_CONFIRMATION_OK"
12476,10409264992,10409265048,1,"IOTHUB_CLIENT_CONFIRMATION_OK"
12477,10409265192,10409265240,1,"IOTHUB_CLIENT_CONFIRMATION_OK"
12478,10409265392,10409265438,1,"IOTHUB_CLIENT_CONFIRMATION_OK"
12479,10409265593,10409265681,1,"IOTHUB_CLIENT_CONFIRMATION_OK"
12480,10409265793,10409265837,1,"IOTHUB_CLIENT_CONFIRMATION_OK"
12481,10409265993,10409266039,1,"IOTHUB_CLIENT_CONFIRMATION_OK"
12482,10409266193,10409266226,1,"IOTHUB_CLIENT_CONFIRMATION_OK"
12483,10409266393,10409266462,1,"IOTHUB_CLIENT_CONFIRMATION_OK"
12484,10409266593,10409266629,1,"IOTHUB_CLIENT_CONFIRMATION_OK"
12485,10409266793,10409266833,1,"IOTHUB_CLIENT_CONFIRMATION_OK"
12486,10409266994,10409267070,1,"IOTHUB_CLIENT_CONFIRMATION_OK"
12487,10409267194,10409267249,1,"IOTHUB_CLIENT_CONFIRMATION_OK"
12488,10409267394,10409267441,1,"IOTHUB_CLIENT_CONFIRMATION_OK"
12489,10409267594,10409267631,1,"IOTHUB_CLIENT_CONFIRMATION_OK"
12490,10409267794,10409267838,1,"IOTHUB_CLIENT_CONFIRMATION_OK"
12491,10409267994,10409268111,1,"IOTHUB_CLIENT_CONFIRMATION_OK"
12492,10409268195,10409268258,1,"IOTHUB_CLIENT_CONFIRMATION_OK"
12493,10409268395,10409268445,1,"IOTHUB_CLIENT_CONFIRMATION_OK"
12494,10409268595,10409268738,1,"IOTHUB_CLIENT_CONFIRMATION_OK"
12495,10409268795,10409268835,1,"IOTHUB_CLIENT_CONFIRMATION_OK"
12496,10409268995,10409269033,1,"IOTHUB_CLIENT_CONFIRMATION_OK"
12497,10409269195,10409269237,1,"IOTHUB_CLIENT_CONFIRMATION_OK"
12498,10409269396,10409269441,1,"IOTHUB_CLIENT_CONFIRMATION_OK"
12499,10409269596,10409269752,1,"IOTHUB_CLIENT_CONFIRMATION_OK"
12500,10409269796,10409269839,1,"IOTHUB_CLIENT_CONFIRMATION_OK"
12501,10409269996,10409270035,1,"IOTHUB_CLIENT_CONFIRMATION_OK"
12502,10409270196,10409270259,1,"IOTHUB_CLIENT_CONFIRMATION_OK"
12503,10409270396,10409270433,1,"IOTHUB_CLIENT_CONFIRMATION_OK"
12504,10409270597,10409270749,1,"IOTHUB_CLIENT_CONFIRMATION_OK"
12505,10409270797,10409270836,1,"IOTHUB_CLIENT_CONFIRMATION_OK"
12506,10409270997,10409271042,1,"IOTHUB_CLIENT_CONFIRMATION_OK"
12507,10409271197,10409271363,1,"IOTHUB_CLIENT_CONFIRMATION_OK"
12508,10409271397,10409271516,1,"IOTHUB_CLIENT_CONFIRMATION_OK"
12509,10409271597,10409271661,1,"IOTHUB_CLIENT_CONFIRMATION_OK"
12510,10409271798,10409271838,1,"IOTHUB_CLIENT_CONFIRMATION_OK"
12511,10409271998,10409272036,1,"IOTHUB_CLIENT_CONFIRMATION_OK"
12512,10409272198,10409272378,1,"IOTHUB_CLIENT_CONFIRMATION_OK"
12513,10409272398,10409272494,1,"IOTHUB_CLIENT_CONFIRMATION_OK"
12514,10409272598,10409272643,1,"IOTHUB_CLIENT_CONFIRMATION_OK"
12515,10409272798,10409272834,1,"IOTHUB_CLIENT_CONFIRMATION_OK"
12516,10409272999,10409273049,1,"IOTHUB_CLIENT_CONFIRMATION_OK"
12517,10409273199,10409273241,1,"IOTHUB_CLIENT_CONFIRMATION_OK"
12518,10409273399,10409273477,1,"IOTHUB_CLIENT_CONFIRMATION_OK"
12519,10409273599,10409273647,1,"IOTHUB_CLIENT_CONFIRMATION_OK"
12520,10409273799,10409273876,1,"IOTHUB_CLIENT_CONFIRMATION_OK"
12521,10409273999,10409274047,1,"IOTHUB_CLIENT_CONFIRMATION_OK"
12522,10409274199,10409274242,1,"IOTHUB_CLIENT_CONFIRMATION_OK"
12523,10409274400,10409274496,1,"IOTHUB_CLIENT_CONFIRMATION_OK"
12524,10409274600,10409274642,1,"IOTHUB_CLIENT_CONFIRMATION_OK"
12525,10409274800,10409274848,1,"IOTHUB_CLIENT_CONFIRMATION_OK"
12526,10409275000,10409275053,1,"IOTHUB_CLIENT_CONFIRMATION_OK"
12527,10409275200,10409275237,1,"IOTHUB_CLIENT_CONFIRMATION_OK"
12528,10409275400,10409275540,1,"IOTHUB_CLIENT_CONFIRMATION_OK"
12529,10409275601,10409275646,1,"IOTHUB_CLIENT_CONFIRMATION_OK"
12530,10409275801,10409275855,1,"IOTHUB_CLIENT_CONFIRMATION_OK"
12531,10409276001,10409276077,1,"IOTHUB_CLIENT_CONFIRMATION_OK"
12532,10409276201,10409276240,1,"IOTHUB_CLIENT_CONFIRMATION_OK"
12533,10409276401,10409276543,1,"IOTHUB_CLIENT_CONFIRMATION_OK"
12534,10409276601,10409276655,1,"IOTHUB_CLIENT_CONFIRMATION_OK"
12535,10409276802,10409276836,1,"IOTHUB_CLIENT_CONFIRMATION_OK"
12536,10409277002,10409277164,1,"IOTHUB_CLIENT_CONFIRMATION_OK"
12537,10409277202,10409277247,1,"IOTHUB_CLIENT_CONFIRMATION_OK"
12538,10409277402,10409277462,1,"IOTHUB_CLIENT_CONFIRMATION_OK"
12539,10409277602,10409277643,1,"IOTHUB_CLIENT_CONFIRMATION_OK"
12540,10409277802,10409277840,1,"IOTHUB_CLIENT_CONFIRMATION_OK"
12541,10409278002,10409278186,1,"IOTHUB_CLIENT_CONFIRMATION_OK"
12542,10409278203,10409278238,1,"IOTHUB_CLIENT_CONFIRMATION_OK"
12543,10409278403,10409278452,1,"IOTHUB_CLIENT_CONFIRMATION_OK"
12544,10409278603,10409278715,1,"IOTHUB_CLIENT_CONFIRMATION_OK"
12545,10409278803,10409278855,1,"IOTHUB_CLIENT_CONFIRMATION_OK"
12546,10409279003,10409279081,1,"IOTHUB_CLIENT_CONFIRMATION_OK"
12547,10409279203,10409279248,1,"IOTHUB_CLIENT_CONFIRMATION_OK"
12548,10409279404,10409279441,1,"IOTHUB_CLIENT_CONFIRMATION_OK"
12549,10409279604,10409279653,1,"IOTHUB_CLIENT_CONFIRMATION_OK"
12550,10409279804,10409279854,1,"IOTHUB_CLIENT_CONFIRMATION_OK"
12551,10409280004,10409280047,1,"IOTHUB_CLIENT_CONFIRMATION_OK"
12552,10409280204,10409280249,1,"IOTHUB_CLIENT_CONFIRMATION_OK"
12553,10409280404,10409280443,1,"IOTHUB_CLIENT_CONFIRMATION_OK"
12554,10409280605,10409280642,1,"IOTHUB_CLIENT_CONFIRMATION_OK"
12555,10409280805,10409280850,1,"IOTHUB_CLIENT_CONFIRMATION_OK"
12556,10409281005,10409281044,1,"IOTHUB_CLIENT_CONFIRMATION_OK"
12557,10409281205,10409281368,1,"IOTHUB_CLIENT_CONFIRMATION_OK"
12558,10409281405,10409281443,1,"IOTHUB_CLIENT_CONFIRMATION_OK"
12559,10409281605,10409281662,1,"IOTHUB_CLIENT_CONFIRMATION_OK"
12560,10409281805,10409281849,1,"IOTHUB_CLIENT_CONFIRMATION_OK"
12561,10409282006,10409282057,1,"IOTHUB_CLIENT_CONFIRMATION_OK"
12562,10409282206,10409282428,1,"IOTHUB_CLIENT_CONFIRMATION_OK"
12563,10409282406,10409282456,1,"IOTHUB_CLIENT_CONFIRMATION_OK"
12564,10409282606,10409282675,1,"IOTHUB_CLIENT_CONFIRMATION_OK"
12565,10409282806,10409282918,1,"IOTHUB_CLIENT_CONFIRMATION_OK"
12566,10409283006,10409283052,1,"IOTHUB_CLIENT_CONFIRMATION_OK"
12567,10409283207,10409283256,1,"IOTHUB_CLIENT_CONFIRMATION_OK"
12568,10409283407,10409283449,1,"IOTHUB_CLIENT_CONFIRMATION_OK"
12569,10409283607,10409283656,1,"IOTHUB_CLIENT_CONFIRMATION_OK"
12570,10409283807,10409283903,1,"IOTHUB_CLIENT_CONFIRMATION_OK"
12571,10409284007,10409284046,1,"IOTHUB_CLIENT_CONFIRMATION_OK"
12572,10409284207,10409284251,1,"IOTHUB_CLIENT_CONFIRMATION_OK"
12573,10409284407,10409284479,1,"IOTHUB_CLIENT_CONFIRMATION_OK"
12574,10409284608,10409284644,1,"IOTHUB_CLIENT_CONFIRMATION_OK"
12575,10409284808,10409284845,1,"IOTHUB_CLIENT_CONFIRMATION_OK"
12576,10409285008,10409285074,1,"IOTHUB_CLIENT_CONFIRMATION_OK"
12577,10409285208,10409285249,1,"IOTHUB_CLIENT_CONFIRMATION_OK"
12578,10409285408,10409285443,1,"IOTHUB_CLIENT_CONFIRMATION_OK"
12579,10409285608,10409285645,1,"IOTHUB_CLIENT_CONFIRMATION_OK"
12580,10409285809,10409285923,1,"IOTHUB_CLIENT_CONFIRMATION_OK"
12581,10409286009,10409286157,1,"IOTHUB_CLIENT_CONFIRMATION_OK"
12582,10409286209,10409286261,1,"IOTHUB_CLIENT_CONFIRMATION_OK"
12583,10409286409,10409286553,1,"IOTHUB_CLIENT_CONFIRMATION_OK"
12584,10409286609,10409286646,1,"IOTHUB_CLIENT_CONFIRMATION_OK"
12585,10409286809,10409286853,1,"IOTHUB_CLIENT_CONFIRMATION_OK"
12586,10409287010,10409287053,1,"IOTHUB_CLIENT_CONFIRMATION_OK"
12587,10409287210,10409287257,1,"IOTHUB_CLIENT_CONFIRMATION_OK"
12588,10409287410,10409287449,1,"IOTHUB_CLIENT_CONFIRMATION_OK"
12589,10409287610,10409287649,1,"IOTHUB_CLIENT_CONFIRMATION_OK"
12590,10409287810,10409287855,1,"IOTHUB_CLIENT_CONFIRMATION_OK"
12591,10409288010,10409288188,1,"IOTHUB_CLIENT_CONFIRMATION_OK"
12592,10409288211,10409288265,1,"IOTHUB_CLIENT_CONFIRMATION_OK"
12593,10409288411,10409288445,1,"IOTHUB_CLIENT_CONFIRMATION_OK"
12594,10409288611,10409288652,1,"IOTHUB_CLIENT_CONFIRMATION_OK"
12595,10409288811,10409288854,1,"IOTHUB_CLIENT_CONFIRMATION_OK"
12596,10409289011,10409289073,1,"IOTHUB_CLIENT_CONFIRMATION_OK"
12597,10409289211,10409289298,1,"IOTHUB_CLIENT_CONFIRMATION_OK"
12598,10409289411,10409289454,1,"IOTHUB_CLIENT_CONFIRMATION_OK"
12599,10409289612,10409289661,1,"IOTHUB_CLIENT_CONFIRMATION_OK"
12600,10409289812,10409289878,1,"IOTHUB_CLIENT_CONFIRMATION_OK"
12601,10409290012,10409290051,1,"IOTHUB_CLIENT_CONFIRMATION_OK"
12602,10409290212,10409290257,1,"IOTHUB_CLIENT_CONFIRMATION_OK"
12603,10409290412,10409290452,1,"IOTHUB_CLIENT_CONFIRMATION_OK"
12604,10409290612,10409290712,1,"IOTHUB_CLIENT_CONFIRMATION_OK"
12605,10409290813,10409290919,1,"IOTHUB_CLIENT_CONFIRMATION_OK"
12606,10409291013,10409291052,1,"IOTHUB_CLIENT_CONFIRMATION_OK"
12607,10409291213,10409291326,1,"IOTHUB_CLIENT_CONFIRMATION_OK"
12608,10409291413,10409291454,1,"IOTHUB_CLIENT_CONFIRMATION_OK"
12609,10409291613,10409291652,1,"IOTHUB_CLIENT_CONFIRMATION_OK"
12610,10409291813,10409291859,1,"IOTHUB_CLIENT_CONFIRMATION_OK"
12611,10409292013,10409292062,1,"IOTHUB_CLIENT_CONFIRMATION_OK"
12612,10409292214,10409292380,1,"IOTHUB_CLIENT_CONFIRMATION_OK"
12613,10409292414,10409292454,1,"IOTHUB_CLIENT_CONFIRMATION_OK"
12614,10409292614,10409292657,1,"IOTHUB_CLIENT_CONFIRMATION_OK"
12615,10409292814,10409292963,1,"IOTHUB_CLIENT_CONFIRMATION_OK"
12616,10409293014,10409293097,1,"IOTHUB_CLIENT_CONFIRMATION_OK"
12617,10409293214,10409293257,1,"IOTHUB_CLIENT_CONFIRMATION_OK"
12618,10409293415,10409293462,1,"IOTHUB_CLIENT_CONFIRMATION_OK"
12619,10409293615,10409293658,1,"IOTHUB_CLIENT_CONFIRMATION_OK"
12620,10409293815,10409293979,1,"IOTHUB_CLIENT_CONFIRMATION_OK"
12621,10409294015,10409294062,1,"IOTHUB_CLIENT_CONFIRMATION_OK"
12622,10409294215,10409294271,1,"IOTHUB_CLIENT_CONFIRMATION_OK"
12623,10409294415,10409294475,1,"IOTHUB_CLIENT_CONFIRMATION_OK"
12624,10409294616,10409294664,1,"IOTHUB_CLIENT_CONFIRMATION_OK"
12625,10409294816,10409294854,1,"IOTHUB_CLIENT_CONFIRMATION_OK"
12626,10409295016,10409295060,1,"IOTHUB_CLIENT_CONFIRMATION_OK"
12627,10409295216,10409295257,1,"IOTHUB_CLIENT_CONFIRMATION_OK"
12628,10409295416,10409295457,1,"IOTHUB_CLIENT_CONFIRMATION_OK"
12629,10409295616,10409295759,1,"IOTHUB_CLIENT_CONFIRMATION_OK"
12630,10409295816,10409295861,1,"IOTHUB_CLIENT_CONFIRMATION_OK"
12631,10409296017,10409296063,1,"IOTHUB_CLIENT_CONFIRMATION_OK"
12632,10409296217,10409296317,1,"IOTHUB_CLIENT_CONFIRMATION_OK"
12633,10409296417,10409296458,1,"IOTHUB_CLIENT_CONFIRMATION_OK"
12634,10409296617,10409296656,1,"IOTHUB_CLIENT_CONFIRMATION_OK"
12635,10409296817,10409296861,1,"IOTHUB_CLIENT_CONFIRMATION_OK"
12636,10409297017,10409297058,1,"IOTHUB_CLIENT_CONFIRMATION_OK"
12637,10409297218,10409297293,1,"IOTHUB_CLIENT_CONFIRMATION_OK"
12638,10409297418,10409297474,1,"IOTHUB_CLIENT_CONFIRMATION_OK"
12639,10409297618,10409297699,1,"IOTHUB_CLIENT_CONFIRMATION_OK"
12640,10409297818,10409297869,1,"IOTHUB_CLIENT_CONFIRMATION_OK"
12641,10409298018,10409298077,1,"IOTHUB_CLIENT_CONFIRMATION_OK"
12642,10409298218,10409298285,1,"IOTHUB_CLIENT_CONFIRMATION_OK"
12643,10409298419,10409298496,1,"IOTHUB_CLIENT_CONFIRMATION_OK"
12644,10409298619,10409298697,1,"IOTHUB_CLIENT_CONFIRMATION_OK"
12645,10409298819,10409298855,1,"IOTHUB_CLIENT_CONFIRMATION_OK"
12646,10409299019,10409299072,1,"IOTHUB_CLIENT_CONFIRMATION_OK"
12647,10409299219,10409299276,1,"IOTHUB_CLIENT_CONFIRMATION_OK"
12648,10409299419,10409299488,1,"IOTHUB_CLIENT_CONFIRMATION_OK"
12649,10409299620,10409299721,1,"IOTHUB_CLIENT_CONFIRMATION_OK"
12650,10409299820,10409299863,1,"IOTHUB_CLIENT_CONFIRMATION_OK"
12651,10409300020,10409300067,1,"IOTHUB_CLIENT_CONFIRMATION_OK"
12652,10409300220,10409300325,1,"IOTHUB_CLIENT_CONFIRMATION_OK"
12653,10409300420,10409300467,1,"IOTHUB_CLIENT_CONFIRMATION_OK"
12654,10409300620,10409300733,1,"IOTHUB_CLIENT_CONFIRMATION_OK"
12655,10409300820,10409300931,1,"IOTHUB_CLIENT_CONFIRMATION_OK"
12656,10409301021,10409301060,1,"IOTHUB_CLIENT_CONFIRMATION_OK"
12657,10409301221,10409301363,1,"IOTHUB_CLIENT_CONFIRMATION_OK"
12658,10409301421,10409301491,1,"IOTHUB_CLIENT_CONFIRMATION_OK"
12659,10409301621,10409301678,1,"IOTHUB_CLIENT_CONFIRMATION_OK"
12660,10409301821,10409301869,1,"IOTHUB_CLIENT_CONFIRMATION_OK"
12661,10409302021,10409302084,1,"IOTHUB_CLIENT_CONFIRMATION_OK"
12662,10409302222,10409302437,1,"IOTHUB_CLIENT_CONFIRMATION_OK"
12663,10409302422,10409302490,1,"IOTHUB_CLIENT_CONFIRMATION_OK"
12664,10409302622,10409302667,1,"IOTHUB_CLIENT_CONFIRMATION_OK"
12665,10409302822,10409302870,1,"IOTHUB_CLIENT_CONFIRMATION_OK"
12666,10409303022,10409303058,1,"IOTHUB_CLIENT_CONFIRMATION_OK"
12667,10409303222,10409303261,1,"IOTHUB_CLIENT_CONFIRMATION_OK"
12668,10409303422,10409303476,1,"IOTHUB_CLIENT_CONFIRMATION_OK"
12669,10409303623,10409303676,1,"IOTHUB_CLIENT_CONFIRMATION_OK"
12670,10409303823,10409303877,1,"IOTHUB_CLIENT_CONFIRMATION_OK"
12671,10409304023,10409304081,1,"IOTHUB_CLIENT_CONFIRMATION_OK"
12672,10409304223,10409304313,1,"IOTHUB_CLIENT_CONFIRMATION_OK"
12673,10409304423,10409304513,1,"IOTHUB_CLIENT_CONFIRMATION_OK"
12674,10409304623,10409304666,1,"IOTHUB_CLIENT_CONFIRMATION_OK"
12675,10409304824,10409304862,1,"IOTHUB_CLIENT_CONFIRMATION_OK"
12676,10409305024,10409305062,1,"IOTHUB_CLIENT_CONFIRMATION_OK"
12677,10409305224,10409305260,1,"IOTHUB_CLIENT_CONFIRMATION_OK"
12678,10409305424,10409305511,1,"IOTHUB_CLIENT_CONFIRMATION_OK"
12679,10409305624,10409305734,1,"IOTHUB_CLIENT_CONFIRMATION_OK"
12680,10409305824,10409305861,1,"IOTHUB_CLIENT_CONFIRMATION_OK"
12681,10409306025,10409306152,1,"IOTHUB_CLIENT_CONFIRMATION_OK"
12682,10409306225,10409306264,1,"IOTHUB_CLIENT_CONFIRMATION_OK"
12683,10409306425,10409306536,1,"IOTHUB_CLIENT_CONFIRMATION_OK"
12684,10409306625,10409306685,1,"IOTHUB_CLIENT_CONFIRMATION_OK"
12685,10409306825,10409306867,1,"IOTHUB_CLIENT_CONFIRMATION_OK"
12686,10409307025,10409307139,1,"IOTHUB_CLIENT_CONFIRMATION_OK"
12687,10409307226,10409307271,1,"IOTHUB_CLIENT_CONFIRMATION_OK"
12688,10409307426,10409307475,1,"IOTHUB_CLIENT_CONFIRMATION_OK"
12689,10409307626,10409307663,1,"IOTHUB_CLIENT_CONFIRMATION_OK"
12690,10409307826,10409307885,1,"IOTHUB_CLIENT_CONFIRMATION_OK"
12691,10409308026,10409308155,1,"IOTHUB_CLIENT_CONFIRMATION_OK"
12692,10409308226,10409308278,1,"IOTHUB_CLIENT_CONFIRMATION_OK"
12693,10409308426,10409308503,1,"IOTHUB_CLIENT_CONFIRMATION_OK"
12694,10409308627,10409308668,1,"IOTHUB_CLIENT_CONFIRMATION_OK"
12695,10409308827,10409308875,1,"IOTHUB_CLIENT_CONFIRMATION_OK"
12696,10409309027,10409309068,1,"IOTHUB_CLIENT_CONFIRMATION_OK"
12697,10409309227,10409309301,1,"IOTHUB_CLIENT_CONFIRMATION_OK"
12698,10409309427,10409309470,1,"IOTHUB_CLIENT_CONFIRMATION_OK"
12699,10409309627,10409309788,1,"IOTHUB_CLIENT_CONFIRMATION_OK"
12700,10409309828,10409309889,1,"IOTHUB_CLIENT_CONFIRMATION_OK"
12701,10409310028,10409310070,1,"IOTHUB_CLIENT_CONFIRMATION_OK"
12702,10409310228,10409310279,1,"IOTHUB_CLIENT_CONFIRMATION_OK"
12703,10409310428,10409310473,1,"IOTHUB_CLIENT_CONFIRMATION_OK"
12704,10409310628,10409310832,1,"IOTHUB_CLIENT_CONFIRMATION_OK"
12705,10409310828,10409310869,1,"IOTHUB_CLIENT_CONFIRMATION_OK"
12706,10409311029,10409311149,1,"IOTHUB_CLIENT_CONFIRMATION_OK"
12707,10409311229,10409311307,1,"IOTHUB_CLIENT_CONFIRMATION_OK"
12708,10409311429,10409311471,1,"IOTHUB_CLIENT_CONFIRMATION_OK"
12709,10409311629,10409311753,1,"IOTHUB_CLIENT_CONFIRMATION_OK"
12710,10409311829,10409311873,1,"IOTHUB_CLIENT_CONFIRMATION_OK"
12711,10409312029,10409312080,1,"IOTHUB_CLIENT_CONFIRMATION_OK"
12712,10409312230,10409312284,1,"IOTHUB_CLIENT_CONFIRMATION_OK"
12713,10409312430,10409312480,1,"IOTHUB_CLIENT_CONFIRMATION_OK"
12714,10409312630,10409312686,1,"IOTHUB_CLIENT_CONFIRMATION_OK"
12715,10409312830,10409312872,1,"IOTHUB_CLIENT_CONFIRMATION_OK"
12716,10409313030,10409313070,1,"IOTHUB_CLIENT_CONFIRMATION_OK"
12717,10409313230,10409313271,1,"IOTHUB_CLIENT_CONFIRMATION_OK"
12718,10409313430,10409313478,1,"IOTHUB_CLIENT_CONFIRMATION_OK"
12719,10409313631,10409313665,1,"IOTHUB_CLIENT_CONFIRMATION_OK"
12720,10409313831,10409313931,1,"IOTHUB_CLIENT_CONFIRMATION_OK"
12721,10409314031,10409314067,1,"IOTHUB_CLIENT_CONFIRMATION_OK"
12722,10409314231,10409314280,1,"IOTHUB_CLIENT_CONFIRMATION_OK"
12723,10409314431,10409314553,1,"IOTHUB_CLIENT_CONFIRMATION_OK"
12724,10409314631,10409314674,1,"IOTHUB_CLIENT_CONFIRMATION_OK"
12725,10409314832,10409314871,1,"IOTHUB_CLIENT_CONFIRMATION_OK"
12726,10409315032,10409315071,1,"IOTHUB_CLIENT_CONFIRMATION_OK"
12727,10409315232,10409315330,1,"IOTHUB_CLIENT_CONFIRMATION_OK"
12728,10409315432,10409315558,1,"IOTHUB_CLIENT_CONFIRMATION_OK"
12729,10409315632,10409315670,1,"IOTHUB_CLIENT_CONFIRMATION_OK"
12730,10409315832,10409315880,1,"IOTHUB_CLIENT_CONFIRMATION_OK"
12731,10409316032,10409316085,1,"IOTHUB_CLIENT_CONFIRMATION_OK"
12732,10409316233,10409316274,1,"IOTHUB_CLIENT_CONFIRMATION_OK"
12733,10409316433,10409316579,1,"IOTHUB_CLIENT_CONFIRMATION_OK"
12734,10409316633,10409316681,1,"IOTHUB_CLIENT_CONFIRMATION_OK"
12735,10409316833,10409316873,1,"IOTHUB_CLIENT_CONFIRMATION_OK"
12736,10409317033,10409317075,1,"IOTHUB_CLIENT_CONFIRMATION_OK"
12737,10409317233,10409317268,1,"IOTHUB_CLIENT_CONFIRMATION_OK"
12738,10409317433,10409317479,1,"IOTHUB_CLIENT_CONFIRMATION_OK"
12739,10409317634,10409317675,1,"IOTHUB_CLIENT_CONFIRMATION_OK"
12740,10409317834,10409317871,1,"IOTHUB_CLIENT_CONFIRMATION_OK"
12741,10409318034,10409318221,1,"IOTHUB_CLIENT_CONFIRMATION_OK"
12742,10409318234,10409318278,1,"IOTHUB_CLIENT_CONFIRMATION_OK"
12743,10409318434,10409318473,1,"IOTHUB_CLIENT_CONFIRMATION_OK"
12744,10409318634,10409318689,1,"IOTHUB_CLIENT_CONFIRMATION_OK"
12745,10409318835,10409318890,1,"IOTHUB_CLIENT_CONFIRMATION_OK"
12746,10409319035,10409319069,1,"IOTHUB_CLIENT_CONFIRMATION_OK"
12747,10409319235,10409319278,1,"IOTHUB_CLIENT_CONFIRMATION_OK"
12748,10409319435,10409319497,1,"IOTHUB_CLIENT_CONFIRMATION_OK"
12749,10409319635,10409319689,1,"IOTHUB_CLIENT_CONFIRMATION_OK"
12750,10409319835,10409319898,1,"IOTHUB_CLIENT_CONFIRMATION_OK"
12751,10409320036,10409320073,1,"IOTHUB_CLIENT_CONFIRMATION_OK"
12752,10409320236,10409320272,1,"IOTHUB_CLIENT_CONFIRMATION_OK"
12753,10409320436,10409320475,1,"IOTHUB_CLIENT_CONFIRMATION_OK"
12754,10409320636,10409320855,1,"IOTHUB_CLIENT_CONFIRMATION_OK"
12755,10409320836,10409320877,1,"IOTHUB_CLIENT_CONFIRMATION_OK"
12756,10409321036,10409321076,1,"IOTHUB_CLIENT_CONFIRMATION_OK"
12757,10409321237,10409321286,1,"IOTHUB_CLIENT_CONFIRMATION_OK"
12758,10409321437,10409321474,1,"IOTHUB_CLIENT_CONFIRMATION_OK"
12759,10409321637,10409321692,1,"IOTHUB_CLIENT_CONFIRMATION_OK"
12760,10409321837,10409322032,1,"IOTHUB_CLIENT_CONFIRMATION_OK"
12761,10409322037,10409322074,1,"IOTHUB_CLIENT_CONFIRMATION_OK"
12762,10409322237,10409322393,1,"IOTHUB_CLIENT_CONFIRMATION_OK"
12763,10409322437,10409322472,1,"IOTHUB_CLIENT_CONFIRMATION_OK"
12764,10409322638,10409322686,1,"IOTHUB_CLIENT_CONFIRMATION_OK"
12765,10409322838,10409322876,1,"IOTHUB_CLIENT_CONFIRMATION_OK"
12766,10409323038,10409323083,1,"IOTHUB_CLIENT_CONFIRMATION_OK"
12767,10409323238,10409323281,1,"IOTHUB_CLIENT_CONFIRMATION_OK"
12768,10409323438,10409323482,1,"IOTHUB_CLIENT_CONFIRMATION_OK"
12769,10409323638,10409323699,1,"IOTHUB_CLIENT_CONFIRMATION_OK"
12770,10409323839,10409324025,1,"IOTHUB_CLIENT_CONFIRMATION_OK"
12771,10409324039,10409324077,1,"IOTHUB_CLIENT_CONFIRMATION_OK"
12772,10409324239,10409324277,1,"IOTHUB_CLIENT_CONFIRMATION_OK"
12773,10409324439,10409324514,1,"IOTHUB_CLIENT_CONFIRMATION_OK"
12774,10409324639,10409324686,1,"IOTHUB_CLIENT_CONFIRMATION_OK"
12775,10409324839,10409324890,1,"IOTHUB_CLIENT_CONFIRMATION_OK"
12776,10409325039,10409325071,1,"IOTHUB_CLIENT_CONFIRMATION_OK"
12777,10409325240,10409325284,1,"IOTHUB_CLIENT_CONFIRMATION_OK"
12778,10409325440,10409325479,1,"IOTHUB_CLIENT_CONFIRMATION_OK"
12779,10409325640,10409325681,1,"IOTHUB_CLIENT_CONFIRMATION_OK"
12780,10409325840,10409325906,1,"IOTHUB_CLIENT_CONFIRMATION_OK"
12781,10409326040,10409326082,1,"IOTHUB_CLIENT_CONFIRMATION_OK"
12782,10409326240,10409326280,1,"IOTHUB_CLIENT_CONFIRMATION_OK"
12783,10409326441,10409326481,1,"IOTHUB_CLIENT_CONFIRMATION_OK"
12784,10409326641,10409326678,1,"IOTHUB_CLIENT_CONFIRMATION_OK"
12785,10409326841,10409326879,1,"IOTHUB_CLIENT_CONFIRMATION_OK"
12786,10409327041,10409327078,1,"IOTHUB_CLIENT_CONFIRMATION_OK"
12787,10409327241,10409327395,1,"IOTHUB_CLIENT_CONFIRMATION_OK"
12788,10409327441,10409327495,1,"IOTHUB_CLIENT_CONFIRMATION_OK"
12789,10409327642,10409327706,1,"IOTHUB_CLIENT_CONFIRMATION_OK"
12790,10409327842,10409327887,1,"IOTHUB_CLIENT_CONFIRMATION_OK"
12791,10409328042,10409328122,1,"IOTHUB_CLIENT_CONFIRMATION_OK"
12792,10409328242,10409328282,1,"IOTHUB_CLIENT_CONFIRMATION_OK"
12793,10409328442,10409328487,1,"IOTHUB_CLIENT_CONFIRMATION_OK"
12794,10409328642,10409328717,1,"IOTHUB_CLIENT_CONFIRMATION_OK"
12795,10409328842,10409328889,1,"IOTHUB_CLIENT_CONFIRMATION_OK"
12796,10409329043,10409329084,1,"IOTHUB_CLIENT_CONFIRMATION_OK"
12797,10409329243,10409329287,1,"IOTHUB_CLIENT_CONFIRMATION_OK"
12798,10409329443,10409329504,1,"IOTHUB_CLIENT_CONFIRMATION_OK"
12799,10409329643,10409329793,1,"IOTHUB_CLIENT_CONFIRMATION_OK"
12800,10409329843,10409329885,1,"IOTHUB_CLIENT_CONFIRMATION_OK"
12801,10409330043,10409330084,1,"IOTHUB_CLIENT_CONFIRMATION_OK"
12802,10409330244,10409330355,1,"IOTHUB_CLIENT_CONFIRMATION_OK"
12803,10409330444,10409330515,1,"IOTHUB_CLIENT_CONFIRMATION_OK"
12804,10409330644,10409330747,1,"IOTHUB_CLIENT_CONFIRMATION_OK"
12805,10409330844,10409330897,1,"IOTHUB_CLIENT_CONFIRMATION_OK"
12806,10409331044,10409331088,1,"IOTHUB_CLIENT_CONFIRMATION_OK"
12807,10409331244,10409331381,1,"IOTHUB_CLIENT_CONFIRMATION_OK"
12808,10409331445,10409331502,1,"IOTHUB_CLIENT_CONFIRMATION_OK"
12809,10409331645,10409331686,1,"IOTHUB_CLIENT_CONFIRMATION_OK"
12810,10409331845,10409331909,1,"IOTHUB_CLIENT_CONFIRMATION_OK"
12811,10409332045,10409332171,1,"IOTHUB_CLIENT_CONFIRMATION_OK"
12812,10409332245,10409332502,1,"IOTHUB_CLIENT_CONFIRMATION_OK"
12813,10409332445,10409332535,1,"IOTHUB_CLIENT_CONFIRMATION_OK"
12814,10409332645,10409332698,1,"IOTHUB_CLIENT_CONFIRMATION_OK"
12815,10409332846,10409332895,1,"IOTHUB_CLIENT_CONFIRMATION_OK"
12816,10409333046,10409333088,1,"IOTHUB_CLIENT_CONFIRMATION_OK"
12817,10409333246,10409333286,1,"IOTHUB_CLIENT_CONFIRMATION_OK"
12818,10409333446,10409333492,1,"IOTHUB_CLIENT_CONFIRMATION_OK"
12819,10409333646,10409333676,1,"IOTHUB_CLIENT_CONFIRMATION_OK"
12820,10409333846,10409334030,1,"IOTHUB_CLIENT_CONFIRMATION_OK"
12821,10409334046,10409334091,1,"IOTHUB_CLIENT_CONFIRMATION_OK"
12822,10409334247,10409334285,1,"IOTHUB_CLIENT_CONFIRMATION_OK"
12823,10409334447,10409334482,1,"IOTHUB_CLIENT_CONFIRMATION_OK"
12824,10409334647,10409334686,1,"IOTHUB_CLIENT_CONFIRMATION_OK"
12825,10409334847,10409334903,1,"IOTHUB_CLIENT_CONFIRMATION_OK"
12826,10409335047,10409335091,1,"IOTHUB_CLIENT_CONFIRMATION_OK"
12827,10409335247,10409335297,1,"IOTHUB_CLIENT_CONFIRMATION_OK"
12828,10409335448,10409335504,1,"IOTHUB_CLIENT_CONFIRMATION_OK"
12829,10409335648,10409335707,1,"IOTHUB_CLIENT_CONFIRMATION_OK"
12830,10409335848,10409335889,1,"IOTHUB_CLIENT_CONFIRMATION_OK"
12831,10409336048,10409336085,1,"IOTHUB_CLIENT_CONFIRMATION_OK"
12832,10409336248,10409336293,1,"IOTHUB_CLIENT_CONFIRMATION_OK"
12833,10409336448,10409336485,1,"IOTHUB_CLIENT_CONFIRMATION_OK"
12834,10409336649,10409336694,1,"IOTHUB_CLIENT_CONFIRMATION_OK"
12835,10409336849,10409336919,1,"IOTHUB_CLIENT_CONFIRMATION_OK"
12836,10409337049,10409337103,1,"IOTHUB_CLIENT_CONFIRMATION_OK"
12837,10409337249,10409337298,1,"IOTHUB_CLIENT_CONFIRMATION_OK"
12838,10409337449,10409337491,1,"IOTHUB_CLIENT_CONFIRMATION_OK"
12839,10409337649,10409337833,1,"IOTHUB_CLIENT_CONFIRMATION_OK"
12840,10409337850,10409337902,1,"IOTHUB_CLIENT_CONFIRMATION_OK"
12841,10409338050,10409338124,1,"IOTHUB_CLIENT_CONFIRMATION_OK"
12842,10409338250,10409338302,1,"IOTHUB_CLIENT_CONFIRMATION_OK"
12843,10409338450,10409338492,1,"IOTHUB_CLIENT_CONFIRMATION_OK"
12844,10409338650,10409338739,1,"IOTHUB_CLIENT_CONFIRMATION_OK"
12845,10409338850,10409338892,1,"IOTHUB_CLIENT_CONFIRMATION_OK"
12846,10409339050,10409339096,1,"IOTHUB_CLIENT_CONFIRMATION_OK"
12847,10409339251,10409339293,1,"IOTHUB_CLIENT_CONFIRMATION_OK"
12848,10409339451,10409339497,1,"IOTHUB_CLIENT_CONFIRMATION_OK"
12849,10409339651,10409339759,1,"IOTHUB_CLIENT_CONFIRMATION_OK"
12850,10409339851,10409339919,1,"IOTHUB_CLIENT_CONFIRMATION_OK"
12851,10409340051,10409340088,1,"IOTHUB_CLIENT_CONFIRMATION_OK"
12852,10409340251,10409340375,1,"IOTHUB_CLIENT_CONFIRMATION_OK"
12853,10409340452,10409340493,1,"IOTHUB_CLIENT_CONFIRMATION_OK"
12854,10409340652,10409340754,1,"IOTHUB_CLIENT_CONFIRMATION_OK"
12855,10409340852,10409340890,1,"IOTHUB_CLIENT_CONFIRMATION_OK"
12856,10409341052,10409341087,1,"IOTHUB_CLIENT_CONFIRMATION_OK"
12857,10409341252,10409341422,1,"IOTHUB_CLIENT_CONFIRMATION_OK"
12858,10409341452,10409341505,1,"IOTHUB_CLIENT_CONFIRMATION_OK"
12859,10409341652,10409341725,1,"IOTHUB_CLIENT_CONFIRMATION_OK"
12860,10409341853,10409341902,1,"IOTHUB_CLIENT_CONFIRMATION_OK"
12861,10409342053,10409342124,1,"IOTHUB_CLIENT_CONFIRMATION_OK"
12862,10409342253,10409342495,1,"IOTHUB_CLIENT_CONFIRMATION_OK"
12863,10409342453,10409342524,1,"IOTHUB_CLIENT_CONFIRMATION_OK"
12864,10409342653,10409342715,1,"IOTHUB_CLIENT_CONFIRMATION_OK"
12865,10409342853,10409342909,1,"IOTHUB_CLIENT_CONFIRMATION_OK"
12866,10409343054,10409343122,1,"IOTHUB_CLIENT_CONFIRMATION_OK"
12867,10409343254,10409343292,1,"IOTHUB_CLIENT_CONFIRMATION_OK"
12868,10409343454,10409343503,1,"IOTHUB_CLIENT_CONFIRMATION_OK"
12869,10409343654,10409343704,1,"IOTHUB_CLIENT_CONFIRMATION_OK"
12870,10409343854,10409343914,1,"IOTHUB_CLIENT_CONFIRMATION_OK"
12871,10409344054,10409344105,1,"IOTHUB_CLIENT_CONFIRMATION_OK"
12872,10409344254,10409344297,1,"IOTHUB_CLIENT_CONFIRMATION_OK"
12873,10409344455,10409344506,1,"IOTHUB_CLIENT_CONFIRMATION_OK"
12874,10409344655,10409344696,1,"IOTHUB_CLIENT_CONFIRMATION_OK"
12875,10409344855,10409344892,1,"IOTHUB_CLIENT_CONFIRMATION_OK"
12876,10409345055,10409345111,1,"IOTHUB_CLIENT_CONFIRMATION_OK"
12877,10409345255,10409345300,1,"IOTHUB_CLIENT_CONFIRMATION_OK"
12878,10409345455,10409345526,1,"IOTHUB_CLIENT_CONFIRMATION_OK"
12879,10409345656,10409345712,1,"IOTHUB_CLIENT_CONFIRMATION_OK"
12880,10409345856,10409345902,1,"IOTHUB_CLIENT_CONFIRMATION_OK"
12881,10409346056,10409346141,1,"IOTHUB_CLIENT_CONFIRMATION_OK"
12882,10409346256,10409346304,1,"IOTHUB_CLIENT_CONFIRMATION_OK"
12883,10409346456,10409346540,1,"IOTHUB_CLIENT_CONFIRMATION_OK"
12884,10409346656,10409346766,1,"IOTHUB_CLIENT_CONFIRMATION_OK"
12885,10409346857,10409346910,1,"IOTHUB_CLIENT_CONFIRMATION_OK"
12886,10409347057,10409347205,1,"IOTHUB_CLIENT_CONFIRMATION_OK"
12887,10409347257,10409347301,1,"IOTHUB_CLIENT_CONFIRMATION_OK"
12888,10409347457,10409347493,1,"IOTHUB_CLIENT_CONFIRMATION_OK"
12889,10409347657,10409347729,1,"IOTHUB_CLIENT_CONFIRMATION_OK"
12890,10409347857,10409347915,1,"IOTHUB_CLIENT_CONFIRMATION_OK"
12891,10409348057,10409348216,1,"IOTHUB_CLIENT_CONFIRMATION_OK"
12892,10409348258,10409348295,1,"IOTHUB_CLIENT_CONFIRMATION_OK"
12893,10409348458,10409348493,1,"IOTHUB_CLIENT_CONFIRMATION_OK"
12894,10409348658,10409348732,1,"IOTHUB_CLIENT_CONFIRMATION_OK"
12895,10409348858,10409348910,1,"IOTHUB_CLIENT_CONFIRMATION_OK"
12896,10409349058,10409349106,1,"IOTHUB_CLIENT_CONFIRMATION_OK"
12897,10409349258,10409349310,1,"IOTHUB_CLIENT_CONFIRMATION_OK"
12898,10409349458,10409349497,1,"IOTHUB_CLIENT_CONFIRMATION_OK"
12899,10409349659,10409349847,1,"IOTHUB_CLIENT_CONFIRMATION_OK"
12900,10409349859,10409349929,1,"IOTHUB_CLIENT_CONFIRMATION_OK"
12901,10409350059,10409350106,1,"IOTHUB_CLIENT_CONFIRMATION_OK"
12902,10409350259,10409350345,1,"IOTHUB_CLIENT_CONFIRMATION_OK"
12903,10409350459,10409350534,1,"IOTHUB_CLIENT_CONFIRMATION_OK"
12904,10409350659,10409350902,1,"IOTHUB_CLIENT_CONFIRMATION_OK"
12905,10409350860,10409350927,1,"IOTHUB_CLIENT_CONFIRMATION_OK"
12906,10409351060,10409351098,1,"IOTHUB_CLIENT_CONFIRMATION_OK"
12907,10409351260,10409351396,1,"IOTHUB_CLIENT_CONFIRMATION_OK"
12908,10409351460,10409351557,1,"IOTHUB_CLIENT_CONFIRMATION_OK"
12909,10409351660,10409351704,1,"IOTHUB_CLIENT_CONFIRMATION_OK"
12910,10409351860,10409351915,1,"IOTHUB_CLIENT_CONFIRMATION_OK"
12911,10409352061,10409352104,1,"IOTHUB_CLIENT_CONFIRMATION_OK"
12912,10409352261,10409352296,1,"IOTHUB_CLIENT_CONFIRMATION_OK"
12913,10409352461,10409352517,1,"IOTHUB_CLIENT_CONFIRMATION_OK"
12914,10409352661,10409352712,1,"IOTHUB_CLIENT_CONFIRMATION_OK"
12915,10409352861,10409352935,1,"IOTHUB_CLIENT_CONFIRMATION_OK"
12916,10409353061,10409353100,1,"IOTHUB_CLIENT_CONFIRMATION_OK"
12917,10409353262,10409353307,1,"IOTHUB_CLIENT_CONFIRMATION_OK"
12918,10409353462,10409353531,1,"IOTHUB_CLIENT_CONFIRMATION_OK"
12919,10409353662,10409353729,1,"IOTHUB_CLIENT_CONFIRMATION_OK"
12920,10409353862,10409354004,1,"IOTHUB_CLIENT_CONFIRMATION_OK"
12921,10409354062,10409354103,1,"IOTHUB_CLIENT_CONFIRMATION_OK"
12922,10409354262,10409354334,1,"IOTHUB_CLIENT_CONFIRMATION_OK"
12923,10409354463,10409354568,1,"IOTHUB_CLIENT_CONFIRMATION_OK"
12924,10409354663,10409354707,1,"IOTHUB_CLIENT_CONFIRMATION_OK"
12925,10409354863,10409354907,1,"IOTHUB_CLIENT_CONFIRMATION_OK"
12926,10409355063,10409355104,1,"IOTHUB_CLIENT_CONFIRMATION_OK"
12927,10409355263,10409355307,1,"IOTHUB_CLIENT_CONFIRMATION_OK"
12928,10409355463,10409355736,1,"IOTHUB_CLIENT_CONFIRMATION_OK"
12929,10409355663,10409355766,1,"IOTHUB_CLIENT_CONFIRMATION_OK"
12930,10409355864,10409355915,1,"IOTHUB_CLIENT_CONFIRMATION_OK"
12931,10409356064,10409356119,1,"IOTHUB_CLIENT_CONFIRMATION_OK"
12932,10409356264,10409356303,1,"IOTHUB_CLIENT_CONFIRMATION_OK"
12933,10409356464,10409356636,1,"IOTHUB_CLIENT_CONFIRMATION_OK"
12934,10409356664,10409356709,1,"IOTHUB_CLIENT_CONFIRMATION_OK"
12935,10409356864,10409356918,1,"IOTHUB_CLIENT_CONFIRMATION_OK"
12936,10409357065,10409357109,1,"IOTHUB_CLIENT_CONFIRMATION_OK"
12937,10409357265,10409357307,1,"IOTHUB_CLIENT_CONFIRMATION_OK"
12938,10409357465,10409357507,1,"IOTHUB_CLIENT_CONFIRMATION_OK"
12939,10409357665,10409357707,1,"IOTHUB_CLIENT_CONFIRMATION_OK"
12940,10409357865,10409357912,1,"IOTHUB_CLIENT_CONFIRMATION_OK"
12941,10409358065,10409358286,1,"IOTHUB_CLIENT_CONFIRMATION_OK"
12942,10409358265,10409358336,1,"IOTHUB_CLIENT_CONFIRMATION_OK"
12943,10409358466,10409358519,1,"IOTHUB_CLIENT_CONFIRMATION_OK"
12944,10409358666,10409358709,1,"IOTHUB_CLIENT_CONFIRMATION_OK"
12945,10409358866,10409358920,1,"IOTHUB_CLIENT_CONFIRMATION_OK"
12946,10409359066,10409359137,1,"IOTHUB_CLIENT_CONFIRMATION_OK"
12947,10409359266,10409359415,1,"IOTHUB_CLIENT_CONFIRMATION_OK"
12948,10409359466,10409359531,1,"IOTHUB_CLIENT_CONFIRMATION_OK"
12949,10409359667,10409359734,1,"IOTHUB_CLIENT_CONFIRMATION_OK"
12950,10409359867,10409359923,1,"IOTHUB_CLIENT_CONFIRMATION_OK"
12951,10409360067,10409360116,1,"IOTHUB_CLIENT_CONFIRMATION_OK"
12952,10409360267,10409360326,1,"IOTHUB_CLIENT_CONFIRMATION_OK"
12953,10409360467,10409360502,1,"IOTHUB_CLIENT_CONFIRMATION_OK"
12954,10409360667,10409360975,1,"IOTHUB_CLIENT_CONFIRMATION_OK"
12955,10409360867,10409361002,1,"IOTHUB_CLIENT_CONFIRMATION_OK"
12956,10409361068,10409361109,1,"IOTHUB_CLIENT_CONFIRMATION_OK"
12957,10409361268,10409361384,1,"IOTHUB_CLIENT_CONFIRMATION_OK"
12958,10409361468,10409361505,1,"IOTHUB_CLIENT_CONFIRMATION_OK"
12959,10409361668,10409361745,1,"IOTHUB_CLIENT_CONFIRMATION_OK"
12960,10409361868,10409361924,1,"IOTHUB_CLIENT_CONFIRMATION_OK"
12961,10409362068,10409362117,1,"IOTHUB_CLIENT_CONFIRMATION_OK"
12962,10409362268,10409362415,1,"IOTHUB_CLIENT_CONFIRMATION_OK"
12963,10409362469,10409362515,1,"IOTHUB_CLIENT_CONFIRMATION_OK"
12964,10409362669,10409362708,1,"IOTHUB_CLIENT_CONFIRMATION_OK"
12965,10409362869,10409363006,1,"IOTHUB_CLIENT_CONFIRMATION_OK"
12966,10409363069,10409363111,1,"IOTHUB_CLIENT_CONFIRMATION_OK"
12967,10409363269,10409363314,1,"IOTHUB_CLIENT_CONFIRMATION_OK"
12968,10409363469,10409363512,1,"IOTHUB_CLIENT_CONFIRMATION_OK"
12969,10409363670,10409363762,1,"IOTHUB_CLIENT_CONFIRMATION_OK"
12970,10409363870,10409363924,1,"IOTHUB_CLIENT_CONFIRMATION_OK"
12971,10409364070,10409364142,1,"IOTHUB_CLIENT_CONFIRMATION_OK"
12972,10409364270,10409364330,1,"IOTHUB_CLIENT_CONFIRMATION_OK"
12973,10409364470,10409364512,1,"IOTHUB_CLIENT_CONFIRMATION_OK"
12974,10409364670,10409364774,1,"IOTHUB_CLIENT_CONFIRMATION_OK"
12975,10409364871,10409364926,1,"IOTHUB_CLIENT_CONFIRMATION_OK"
12976,10409365071,10409365123,1,"IOTHUB_CLIENT_CONFIRMATION_OK"
12977,10409365271,10409365331,1,"IOTHUB_CLIENT_CONFIRMATION_OK"
12978,10409365471,10409365518,1,"IOTHUB_CLIENT_CONFIRMATION_OK"
12979,10409365671,10409365721,1,"IOTHUB_CLIENT_CONFIRMATION_OK"
12980,10409365871,10409365917,1,"IOTHUB_CLIENT_CONFIRMATION_OK"
12981,10409366072,10409366358,1,"IOTHUB_CLIENT_CONFIRMATION_OK"
12982,10409366272,10409366465,1,"IOTHUB_CLIENT_CONFIRMATION_OK"
12983,10409366472,10409366520,1,"IOTHUB_CLIENT_CONFIRMATION_OK"
12984,10409366672,10409366705,1,"IOTHUB_CLIENT_CONFIRMATION_OK"
12985,10409366872,10409367056,1,"IOTHUB_CLIENT_CONFIRMATION_OK"
12986,10409367072,10409367211,1,"IOTHUB_CLIENT_CONFIRMATION_OK"
12987,10409367272,10409367336,1,"IOTHUB_CLIENT_CONFIRMATION_OK"
12988,10409367473,10409367509,1,"IOTHUB_CLIENT_CONFIRMATION_OK"
12989,10409367673,10409367782,1,"IOTHUB_CLIENT_CONFIRMATION_OK"
12990,10409367873,10409367915,1,"IOTHUB_CLIENT_CONFIRMATION_OK"
12991,10409368073,10409368147,1,"IOTHUB_CLIENT_CONFIRMATION_OK"
12992,10409368273,10409368317,1,"IOTHUB_CLIENT_CONFIRMATION_OK"
12993,10409368473,10409368541,1,"IOTHUB_CLIENT_CONFIRMATION_OK"
12994,10409368674,10409368761,1,"IOTHUB_CLIENT_CONFIRMATION_OK"
12995,10409368874,10409368925,1,"IOTHUB_CLIENT_CONFIRMATION_OK"
12996,10409369074,10409369116,1,"IOTHUB_CLIENT_CONFIRMATION_OK"
12997,10409369274,10409369313,1,"IOTHUB_CLIENT_CONFIRMATION_OK"
12998,10409369474,10409369528,1,"IOTHUB_CLIENT_CONFIRMATION_OK"
12999,10409369674,10409369781,1,"IOTHUB_CLIENT_CONFIRMATION_OK"
13000,10409369874,10409369920,1,"IOTHUB_CLIENT_CONFIRMATION_OK"
13001,10409370075,10409370168,1,"IOTHUB_CLIENT_CONFIRMATION_OK"
13002,10409370275,10409370312,1,"IOTHUB_CLIENT_CONFIRMATION_OK"
13003,10409370475,10409370518,1,"IOTHUB_CLIENT_CONFIRMATION_OK"
13004,10409370675,10409370793,1,"IOTHUB_CLIENT_CONFIRMATION_OK"
13005,10409370875,10409370930,1,"IOTHUB_CLIENT_CONFIRMATION_OK"
13006,10409371075,10409371110,1,"IOTHUB_CLIENT_CONFIRMATION_OK"
13007,10409371276,10409371504,1,"IOTHUB_CLIENT_CONFIRMATION_OK"
13008,10409371476,10409371517,1,"IOTHUB_CLIENT_CONFIRMATION_OK"
13009,10409371676,10409371932,1,"IOTHUB_CLIENT_CONFIRMATION_OK"
13010,10409371876,10409371950,1,"IOTHUB_CLIENT_CONFIRMATION_OK"
13011,10409372076,10409372142,1,"IOTHUB_CLIENT_CONFIRMATION_OK"
13012,10409372276,10409372313,1,"IOTHUB_CLIENT_CONFIRMATION_OK"
13013,10409372477,10409372515,1,"IOTHUB_CLIENT_CONFIRMATION_OK"
13014,10409372677,10409372747,1,"IOTHUB_CLIENT_CONFIRMATION_OK"
13015,10409372877,10409372932,1,"IOTHUB_CLIENT_CONFIRMATION_OK"
13016,10409373077,10409373117,1,"IOTHUB_CLIENT_CONFIRMATION_OK"
13017,10409373277,10409373327,1,"IOTHUB_CLIENT_CONFIRMATION_OK"
13018,10409373477,10409373547,1,"IOTHUB_CLIENT_CONFIRMATION_OK"
13019,10409373677,10409373742,1,"IOTHUB_CLIENT_CONFIRMATION_OK"
13020,10409373878,10409373952,1,"IOTHUB_CLIENT_CONFIRMATION_OK"
13021,10409374078,10409374120,1,"IOTHUB_CLIENT_CONFIRMATION_OK"
13022,10409374278,10409374348,1,"IOTHUB_CLIENT_CONFIRMATION_OK"
13023,10409374478,10409374577,1,"IOTHUB_CLIENT_CONFIRMATION_OK"
13024,10409374678,10409374718,1,"IOTHUB_CLIENT_CONFIRMATION_OK"
13025,10409374878,10409374934,1,"IOTHUB_CLIENT_CONFIRMATION_OK"
13026,10409375079,10409375144,1,"IOTHUB_CLIENT_CONFIRMATION_OK"
13027,10409375279,10409375317,1,"IOTHUB_CLIENT_CONFIRMATION_OK"
13028,10409375479,10409375644,1,"IOTHUB_CLIENT_CONFIRMATION_OK"
13029,10409375679,10409375717,1,"IOTHUB_CLIENT_CONFIRMATION_OK"
13030,10409375879,10409375929,1,"IOTHUB_CLIENT_CONFIRMATION_OK"
13031,10409376079,10409376136,1,"IOTHUB_CLIENT_CONFIRMATION_OK"
13032,10409376279,10409376362,1,"IOTHUB_CLIENT_CONFIRMATION_OK"
13033,10409376480,10409376661,1,"IOTHUB_CLIENT_CONFIRMATION_OK"
13034,10409376680,10409376737,1,"IOTHUB_CLIENT_CONFIRMATION_OK"
13035,10409376880,10409376990,1,"IOTHUB_CLIENT_CONFIRMATION_OK"
13036,10409377080,10409377148,1,"IOTHUB_CLIENT_CONFIRMATION_OK"
13037,10409377280,10409377328,1,"IOTHUB_CLIENT_CONFIRMATION_OK"
13038,10409377480,10409377518,1,"IOTHUB_CLIENT_CONFIRMATION_OK"
13039,10409377681,10409377717,1,"IOTHUB_CLIENT_CONFIRMATION_OK"
13040,10409377881,10409377917,1,"IOTHUB_CLIENT_CONFIRMATION_OK"
13041,10409378081,10409378318,1,"IOTHUB_CLIENT_CONFIRMATION_OK"
13042,10409378281,10409378345,1,"IOTHUB_CLIENT_CONFIRMATION_OK"
13043,10409378481,10409378531,1,"IOTHUB_CLIENT_CONFIRMATION_OK"
13044,10409378681,10409378734,1,"IOTHUB_CLIENT_CONFIRMATION_OK"
13045,10409378881,10409378929,1,"IOTHUB_CLIENT_CONFIRMATION_OK"
13046,10409379082,10409379124,1,"IOTHUB_CLIENT_CONFIRMATION_OK"
13047,10409379282,10409379357,1,"IOTHUB_CLIENT_CONFIRMATION_OK"
13048,10409379482,10409379537,1,"IOTHUB_CLIENT_CONFIRMATION_OK"
13049,10409379682,10409379766,1,"IOTHUB_CLIENT_CONFIRMATION_OK"
13050,10409379882,10409379926,1,"IOTHUB_CLIENT_CONFIRMATION_OK"
13051,10409380082,10409380116,1,"IOTHUB_CLIENT_CONFIRMATION_OK"
13052,10409380283,10409380346,1,"IOTHUB_CLIENT_CONFIRMATION_OK"
13053,10409380483,10409380521,1,"IOTHUB_CLIENT_CONFIRMATION_OK"
13054,10409380683,10409380766,1,"IOTHUB_CLIENT_CONFIRMATION_OK"
13055,10409380883,10409380931,1,"IOTHUB_CLIENT_CONFIRMATION_OK"
13056,10409381083,10409381125,1,"IOTHUB_CLIENT_CONFIRMATION_OK"
13057,10409381283,10409381405,1,"IOTHUB_CLIENT_CONFIRMATION_OK"
13058,10409381483,10409381545,1,"IOTHUB_CLIENT_CONFIRMATION_OK"
13059,10409381684,10409381722,1,"IOTHUB_CLIENT_CONFIRMATION_OK"
13060,10409381884,10409381949,1,"IOTHUB_CLIENT_CONFIRMATION_OK"
13061,10409382084,10409382133,1,"IOTHUB_CLIENT_CONFIRMATION_OK"
13062,10409382284,10409382386,1,"IOTHUB_CLIENT_CONFIRMATION_OK"
13063,10409382484,10409382519,1,"IOTHUB_CLIENT_CONFIRMATION_OK"
13064,10409382684,10409382725,1,"IOTHUB_CLIENT_CONFIRMATION_OK"
13065,10409382885,10409382992,1,"IOTHUB_CLIENT_CONFIRMATION_OK"
13066,10409383085,10409383127,1,"IOTHUB_CLIENT_CONFIRMATION_OK"
13067,10409383285,10409383325,1,"IOTHUB_CLIENT_CONFIRMATION_OK"
13068,10409383485,10409383521,1,"IOTHUB_CLIENT_CONFIRMATION_OK"
13069,10409383685,10409383718,1,"IOTHUB_CLIENT_CONFIRMATION_OK"
13070,10409383885,10409384023,1,"IOTHUB_CLIENT_CONFIRMATION_OK"
13071,10409384085,10409384125,1,"IOTHUB_CLIENT_CONFIRMATION_OK"
13072,10409384286,10409384356,1,"IOTHUB_CLIENT_CONFIRMATION_OK"
13073,10409384486,10409384533,1,"IOTHUB_CLIENT_CONFIRMATION_OK"
13074,10409384686,10409384736,1,"IOTHUB_CLIENT_CONFIRMATION_OK"
13075,10409384886,10409384929,1,"IOTHUB_CLIENT_CONFIRMATION_OK"
13076,10409385086,10409385125,1,"IOTHUB_CLIENT_CONFIRMATION_OK"
13077,10409385286,10409385325,1,"IOTHUB_CLIENT_CONFIRMATION_OK"
13078,10409385487,10409385633,1,"IOTHUB_CLIENT_CONFIRMATION_OK"
13079,10409385687,10409385760,1,"IOTHUB_CLIENT_CONFIRMATION_OK"
13080,10409385887,10409385932,1,"IOTHUB_CLIENT_CONFIRMATION_OK"
13081,10409386087,10409386123,1,"IOTHUB_CLIENT_CONFIRMATION_OK"
13082,10409386287,10409386363,1,"IOTHUB_CLIENT_CONFIRMATION_OK"
13083,10409386487,10409386673,1,"IOTHUB_CLIENT_CONFIRMATION_OK"
13084,10409386687,10409386727,1,"IOTHUB_CLIENT_CONFIRMATION_OK"
13085,10409386888,10409386938,1,"IOTHUB_CLIENT_CONFIRMATION_OK"
13086,10409387088,10409387123,1,"IOTHUB_CLIENT_CONFIRMATION_OK"
13087,10409387288,10409387353,1,"IOTHUB_CLIENT_CONFIRMATION_OK"
13088,10409387488,10409387558,1,"IOTHUB_CLIENT_CONFIRMATION_OK"
13089,10409387688,10409387729,1,"IOTHUB_CLIENT_CONFIRMATION_OK"
13090,10409387888,10409387929,1,"IOTHUB_CLIENT_CONFIRMATION_OK"
13091,10409388089,10409388129,1,"IOTHUB_CLIENT_CONFIRMATION_OK"
13092,10409388289,10409388325,1,"IOTHUB_CLIENT_CONFIRMATION_OK"
13093,10409388489,10409388531,1,"IOTHUB_CLIENT_CONFIRMATION_OK"
13094,10409388689,10409388741,1,"IOTHUB_CLIENT_CONFIRMATION_OK"
13095,10409388889,10409388923,1,"IOTHUB_CLIENT_CONFIRMATION_OK"
13096,10409389089,10409389131,1,"IOTHUB_CLIENT_CONFIRMATION_OK"
13097,10409389290,10409389329,1,"IOTHUB_CLIENT_CONFIRMATION_OK"
13098,10409389490,10409389527,1,"IOTHUB_CLIENT_CONFIRMATION_OK"
13099,10409389690,10409389769,1,"IOTHUB_CLIENT_CONFIRMATION_OK"
13100,10409389890,10409389930,1,"IOTHUB_CLIENT_CONFIRMATION_OK"
13101,10409390090,10409390138,1,"IOTHUB_CLIENT_CONFIRMATION_OK"
13102,10409390290,10409390404,1,"IOTHUB_CLIENT_CONFIRMATION_OK"
13103,10409390490,10409390530,1,"IOTHUB_CLIENT_CONFIRMATION_OK"
13104,10409390691,10409390792,1,"IOTHUB_CLIENT_CONFIRMATION_OK"
13105,10409390891,10409390925,1,"IOTHUB_CLIENT_CONFIRMATION_OK"
13106,10409391091,10409391172,1,"IOTHUB_CLIENT_CONFIRMATION_OK"
13107,10409391291,10409391426,1,"IOTHUB_CLIENT_CONFIRMATION_OK"
13108,10409391491,10409391540,1,"IOTHUB_CLIENT_CONFIRMATION_OK"
13109,10409391691,10409391782,1,"IOTHUB_CLIENT_CONFIRMATION_OK"
13110,10409391892,10409391928,1,"IOTHUB_CLIENT_CONFIRMATION_OK"
13111,10409392092,10409392195,1,"IOTHUB_CLIENT_CONFIRMATION_OK"
13112,10409392292,10409392442,1,"IOTHUB_CLIENT_CONFIRMATION_OK"
13113,10409392492,10409392555,1,"IOTHUB_CLIENT_CONFIRMATION_OK"
13114,10409392692,10409392738,1,"IOTHUB_CLIENT_CONFIRMATION_OK"
13115,10409392892,10409392937,1,"IOTHUB_CLIENT_CONFIRMATION_OK"
13116,10409393093,10409393156,1,"IOTHUB_CLIENT_CONFIRMATION_OK"
13117,10409393293,10409393366,1,"IOTHUB_CLIENT_CONFIRMATION_OK"
13118,10409393493,10409393547,1,"IOTHUB_CLIENT_CONFIRMATION_OK"
13119,10409393693,10409393771,1,"IOTHUB_CLIENT_CONFIRMATION_OK"
13120,10409393893,10409393939,1,"IOTHUB_CLIENT_CONFIRMATION_OK"
13121,10409394093,10409394132,1,"IOTHUB_CLIENT_CONFIRMATION_OK"
13122,10409394293,10409394413,1,"IOTHUB_CLIENT_CONFIRMATION_OK"
13123,10409394494,10409394563,1,"IOTHUB_CLIENT_CONFIRMATION_OK"
13124,10409394694,10409394741,1,"IOTHUB_CLIENT_CONFIRMATION_OK"
13125,10409394894,10409394936,1,"IOTHUB_CLIENT_CONFIRMATION_OK"
13126,10409395094,10409395148,1,"IOTHUB_CLIENT_CONFIRMATION_OK"
13127,10409395294,10409395344,1,"IOTHUB_CLIENT_CONFIRMATION_OK"
13128,10409395494,10409395565,1,"IOTHUB_CLIENT_CONFIRMATION_OK"
13129,10409395695,10409395766,1,"IOTHUB_CLIENT_CONFIRMATION_OK"
13130,10409395895,10409395975,1,"IOTHUB_CLIENT_CONFIRMATION_OK"
13131,10409396095,10409396178,1,"IOTHUB_CLIENT_CONFIRMATION_OK"
13132,10409396295,10409396341,1,"IOTHUB_CLIENT_CONFIRMATION_OK"
13133,10409396495,10409396601,1,"IOTHUB_CLIENT_CONFIRMATION_OK"
13134,10409396695,10409396753,1,"IOTHUB_CLIENT_CONFIRMATION_OK"
13135,10409396896,10409396939,1,"IOTHUB_CLIENT_CONFIRMATION_OK"
13136,10409397096,10409397147,1,"IOTHUB_CLIENT_CONFIRMATION_OK"
13137,10409397296,10409397341,1,"IOTHUB_CLIENT_CONFIRMATION_OK"
13138,10409397496,10409397542,1,"IOTHUB_CLIENT_CONFIRMATION_OK"
13139,10409397696,10409397735,1,"IOTHUB_CLIENT_CONFIRMATION_OK"
13140,10409397896,10409397938,1,"IOTHUB_CLIENT_CONFIRMATION_OK"
13141,10409398097,10409398292,1,"IOTHUB_CLIENT_CONFIRMATION_OK"
13142,10409398297,10409398352,1,"IOTHUB_CLIENT_CONFIRMATION_OK"
13143,10409398497,10409398533,1,"IOTHUB_CLIENT_CONFIRMATION_OK"
13144,10409398697,10409398833,1,"IOTHUB_CLIENT_CONFIRMATION_OK"
13145,10409398897,10409398957,1,"IOTHUB_CLIENT_CONFIRMATION_OK"
13146,10409399097,10409399161,1,"IOTHUB_CLIENT_CONFIRMATION_OK"
13147,10409399297,10409399343,1,"IOTHUB_CLIENT_CONFIRMATION_OK"
13148,10409399498,10409399550,1,"IOTHUB_CLIENT_CONFIRMATION_OK"
13149,10409399698,10409399747,1,"IOTHUB_CLIENT_CONFIRMATION_OK"
13150,10409399898,10409399933,1,"IOTHUB_CLIENT_CONFIRMATION_OK"
13151,10409400098,10409400145,1,"IOTHUB_CLIENT_CONFIRMATION_OK"
13152,10409400298,10409400387,1,"IOTHUB_CLIENT_CONFIRMATION_OK"
13153,10409400498,10409400559,1,"IOTHUB_CLIENT_CONFIRMATION_OK"
13154,10409400699,10409400736,1,"IOTHUB_CLIENT_CONFIRMATION_OK"
13155,10409400899,10409400943,1,"IOTHUB_CLIENT_CONFIRMATION_OK"
13156,10409401099,10409401139,1,"IOTHUB_CLIENT_CONFIRMATION_OK"
13157,10409401299,10409401383,1,"IOTHUB_CLIENT_CONFIRMATION_OK"
13158,10409401499,10409401546,1,"IOTHUB_CLIENT_CONFIRMATION_OK"
13159,10409401699,10409401741,1,"IOTHUB_CLIENT_CONFIRMATION_OK"
13160,10409401900,10409401936,1,"IOTHUB_CLIENT_CONFIRMATION_OK"
13161,10409402100,10409402152,1,"IOTHUB_CLIENT_CONFIRMATION_OK"
13162,10409402300,10409402542,1,"IOTHUB_CLIENT_CONFIRMATION_OK"
13163,10409402500,10409402566,1,"IOTHUB_CLIENT_CONFIRMATION_OK"
13164,10409402700,10409402739,1,"IOTHUB_CLIENT_CONFIRMATION_OK"
13165,10409402900,10409402941,1,"IOTHUB_CLIENT_CONFIRMATION_OK"
13166,10409403101,10409403141,1,"IOTHUB_CLIENT_CONFIRMATION_OK"
13167,10409403301,10409403341,1,"IOTHUB_CLIENT_CONFIRMATION_OK"
13168,10409403501,10409403575,1,"IOTHUB_CLIENT_CONFIRMATION_OK"
13169,10409403701,10409403754,1,"IOTHUB_CLIENT_CONFIRMATION_OK"
13170,10409403901,10409403977,1,"IOTHUB_CLIENT_CONFIRMATION_OK"
13171,10409404101,10409404139,1,"IOTHUB_CLIENT_CONFIRMATION_OK"
13172,10409404302,10409404354,1,"IOTHUB_CLIENT_CONFIRMATION_OK"
13173,10409404502,10409404580,1,"IOTHUB_CLIENT_CONFIRMATION_OK"
13174,10409404702,10409404747,1,"IOTHUB_CLIENT_CONFIRMATION_OK"
13175,10409404902,10409404946,1,"IOTHUB_CLIENT_CONFIRMATION_OK"
13176,10409405102,10409405146,1,"IOTHUB_CLIENT_CONFIRMATION_OK"
13177,10409405302,10409405344,1,"IOTHUB_CLIENT_CONFIRMATION_OK"
13178,10409405502,10409405585,1,"IOTHUB_CLIENT_CONFIRMATION_OK"
13179,10409405703,10409405744,1,"IOTHUB_CLIENT_CONFIRMATION_OK"
13180,10409405903,10409405942,1,"IOTHUB_CLIENT_CONFIRMATION_OK"
13181,10409406103,10409406271,1,"IOTHUB_CLIENT_CONFIRMATION_OK"
13182,10409406303,10409406375,1,"IOTHUB_CLIENT_CONFIRMATION_OK"
13183,10409406503,10409406740,1,"IOTHUB_CLIENT_CONFIRMATION_OK"
13184,10409406703,10409406766,1,"IOTHUB_CLIENT_CONFIRMATION_OK"
13185,10409406904,10409406945,1,"IOTHUB_CLIENT_CONFIRMATION_OK"
13186,10409407104,10409407147,1,"IOTHUB_CLIENT_CONFIRMATION_OK"
13187,10409407304,10409407351,1,"IOTHUB_CLIENT_CONFIRMATION_OK"
13188,10409407504,10409407540,1,"IOTHUB_CLIENT_CONFIRMATION_OK"
13189,10409407704,10409407759,1,"IOTHUB_CLIENT_CONFIRMATION_OK"
13190,10409407904,10409407952,1,"IOTHUB_CLIENT_CONFIRMATION_OK"
13191,10409408105,10409408162,1,"IOTHUB_CLIENT_CONFIRMATION_OK"
13192,10409408305,10409408349,1,"IOTHUB_CLIENT_CONFIRMATION_OK"
13193,10409408505,10409408549,1,"IOTHUB_CLIENT_CONFIRMATION_OK"
13194,10409408705,10409408862,1,"IOTHUB_CLIENT_CONFIRMATION_OK"
13195,10409408905,10409408947,1,"IOTHUB_CLIENT_CONFIRMATION_OK"
13196,10409409105,10409409147,1,"IOTHUB_CLIENT_CONFIRMATION_OK"
13197,10409409306,10409409352,1,"IOTHUB_CLIENT_CONFIRMATION_OK"
13198,10409409506,10409409549,1,"IOTHUB_CLIENT_CONFIRMATION_OK"
13199,10409409706,10409409837,1,"IOTHUB_CLIENT_CONFIRMATION_OK"
13200,10409409906,10409409950,1,"IOTHUB_CLIENT_CONFIRMATION_OK"
13201,10409410106,10409410141,1,"IOTHUB_CLIENT_CONFIRMATION_OK"
13202,10409410306,10409410360,1,"IOTHUB_CLIENT_CONFIRMATION_OK"
13203,10409410506,10409410545,1,"IOTHUB_CLIENT_CONFIRMATION_OK"
13204,10409410707,10409410842,1,"IOTHUB_CLIENT_CONFIRMATION_OK"
13205,10409410907,10409410944,1,"IOTHUB_CLIENT_CONFIRMATION_OK"
13206,10409411107,10409411144,1,"IOTHUB_CLIENT_CONFIRMATION_OK"
13207,10409411307,10409411475,1,"IOTHUB_CLIENT_CONFIRMATION_OK"
13208,10409411507,10409411556,1,"IOTHUB_CLIENT_CONFIRMATION_OK"
13209,10409411707,10409411757,1,"IOTHUB_CLIENT_CONFIRMATION_OK"
13210,10409411908,10409411947,1,"IOTHUB_CLIENT_CONFIRMATION_OK"
13211,10409412108,10409412147,1,"IOTHUB_CLIENT_CONFIRMATION_OK"
13212,10409412308,10409412536,1,"IOTHUB_CLIENT_CONFIRMATION_OK"
13213,10409412508,10409412595,1,"IOTHUB_CLIENT_CONFIRMATION_OK"
13214,10409412708,10409412752,1,"IOTHUB_CLIENT_CONFIRMATION_OK"
13215,10409412908,10409412949,1,"IOTHUB_CLIENT_CONFIRMATION_OK"
13216,10409413108,10409413150,1,"IOTHUB_CLIENT_CONFIRMATION_OK"
13217,10409413309,10409413373,1,"IOTHUB_CLIENT_CONFIRMATION_OK"
13218,10409413509,10409413566,1,"IOTHUB_CLIENT_CONFIRMATION_OK"
13219,10409413709,10409413760,1,"IOTHUB_CLIENT_CONFIRMATION_OK"
13220,10409413909,10409413969,1,"IOTHUB_CLIENT_CONFIRMATION_OK"
13221,10409414109,10409414157,1,"IOTHUB_CLIENT_CONFIRMATION_OK"
13222,10409414309,10409414373,1,"IOTHUB_CLIENT_CONFIRMATION_OK"
13223,10409414510,10409414562,1,"IOTHUB_CLIENT_CONFIRMATION_OK"
13224,10409414710,10409414742,1,"IOTHUB_CLIENT_CONFIRMATION_OK"
13225,10409414910,10409414953,1,"IOTHUB_CLIENT_CONFIRMATION_OK"
13226,10409415110,10409415149,1,"IOTHUB_CLIENT_CONFIRMATION_OK"
13227,10409415310,10409415354,1,"IOTHUB_CLIENT_CONFIRMATION_OK"
13228,10409415510,10409415585,1,"IOTHUB_CLIENT_CONFIRMATION_OK"
13229,10409415711,10409415777,1,"IOTHUB_CLIENT_CONFIRMATION_OK"
13230,10409415911,10409416005,1,"IOTHUB_CLIENT_CONFIRMATION_OK"
13231,10409416111,10409416241,1,"IOTHUB_CLIENT_CONFIRMATION_OK"
13232,10409416311,10409416366,1,"IOTHUB_CLIENT_CONFIRMATION_OK"
13233,10409416511,10409416665,1,"IOTHUB_CLIENT_CONFIRMATION_OK"
13234,10409416711,10409416755,1,"IOTHUB_CLIENT_CONFIRMATION_OK"
13235,10409416911,10409416949,1,"IOTHUB_CLIENT_CONFIRMATION_OK"
13236,10409417112,10409417262,1,"IOTHUB_CLIENT_CONFIRMATION_OK"
13237,10409417312,10409417361,1,"IOTHUB_CLIENT_CONFIRMATION_OK"
13238,10409417512,10409417553,1,"IOTHUB_CLIENT_CONFIRMATION_OK"
13239,10409417712,10409417827,1,"IOTHUB_CLIENT_CONFIRMATION_OK"
13240,10409417912,10409417949,1,"IOTHUB_CLIENT_CONFIRMATION_OK"
13241,10409418112,10409418300,1,"IOTHUB_CLIENT_CONFIRMATION_OK"
13242,10409418313,10409418363,1,"IOTHUB_CLIENT_CONFIRMATION_OK"
13243,10409418513,10409418549,1,"IOTHUB_CLIENT_CONFIRMATION_OK"
13244,10409418713,10409418770,1,"IOTHUB_CLIENT_CONFIRMATION_OK"
13245,10409418913,10409419112,1,"IOTHUB_CLIENT_CONFIRMATION_OK"
13246,10409419113,10409419216,1,"IOTHUB_CLIENT_CONFIRMATION_OK"
13247,10409419313,10409419384,1,"IOTHUB_CLIENT_CONFIRMATION_OK"
13248,10409419513,10409419556,1,"IOTHUB_CLIENT_CONFIRMATION_OK"
13249,10409419714,10409419902,1,"IOTHUB_CLIENT_CONFIRMATION_OK"
13250,10409419914,10409419959,1,"IOTHUB_CLIENT_CONFIRMATION_OK"
13251,10409420114,10409420165,1,"IOTHUB_CLIENT_CONFIRMATION_OK"
13252,10409420314,10409420350,1,"IOTHUB_CLIENT_CONFIRMATION_OK"
13253,10409420514,10409420555,1,"IOTHUB_CLIENT_CONFIRMATION_OK"
13254,10409420714,10409420934,1,"IOTHUB_CLIENT_CONFIRMATION_OK"
13255,10409420915,10409420963,1,"IOTHUB_CLIENT_CONFIRMATION_OK"
13256,10409421115,10409421160,1,"IOTHUB_CLIENT_CONFIRMATION_OK"
13257,10409421315,10409421425,1,"IOTHUB_CLIENT_CONFIRMATION_OK"
13258,10409421515,10409421549,1,"IOTHUB_CLIENT_CONFIRMATION_OK"
13259,10409421715,10409421760,1,"IOTHUB_CLIENT_CONFIRMATION_OK"
13260,10409421915,10409421959,1,"IOTHUB_CLIENT_CONFIRMATION_OK"
13261,10409422115,10409422153,1,"IOTHUB_CLIENT_CONFIRMATION_OK"
13262,10409422316,10409422436,1,"IOTHUB_CLIENT_CONFIRMATION_OK"
13263,10409422516,10409422559,1,"IOTHUB_CLIENT_CONFIRMATION_OK"
13264,10409422716,10409422758,1,"IOTHUB_CLIENT_CONFIRMATION_OK"
13265,10409422916,10409423174,1,"IOTHUB_CLIENT_CONFIRMATION_OK"
13266,10409423116,10409423193,1,"IOTHUB_CLIENT_CONFIRMATION_OK"
13267,10409423316,10409423367,1,"IOTHUB_CLIENT_CONFIRMATION_OK"
13268,10409423517,10409423579,1,"IOTHUB_CLIENT_CONFIRMATION_OK"
13269,10409423717,10409423760,1,"IOTHUB_CLIENT_CONFIRMATION_OK"
13270,10409423917,10409423998,1,"IOTHUB_CLIENT_CONFIRMATION_OK"
13271,10409424117,10409424180,1,"IOTHUB_CLIENT_CONFIRMATION_OK"
13272,10409424317,10409424357,1,"IOTHUB_CLIENT_CONFIRMATION_OK"
13273,10409424517,10409424600,1,"IOTHUB_CLIENT_CONFIRMATION_OK"
13274,10409424718,10409424753,1,"IOTHUB_CLIENT_CONFIRMATION_OK"
13275,10409424918,10409424991,1,"IOTHUB_CLIENT_CONFIRMATION_OK"
13276,10409425118,10409425161,1,"IOTHUB_CLIENT_CONFIRMATION_OK"
13277,10409425318,10409425368,1,"IOTHUB_CLIENT_CONFIRMATION_OK"
13278,10409425518,10409425661,1,"IOTHUB_CLIENT_CONFIRMATION_OK"
13279,10409425718,10409425761,1,"IOTHUB_CLIENT_CONFIRMATION_OK"
13280,10409425919,10409425961,1,"IOTHUB_CLIENT_CONFIRMATION_OK"
13281,10409426119,10409426154,1,"IOTHUB_CLIENT_CONFIRMATION_OK"
13282,10409426319,10409426374,1,"IOTHUB_CLIENT_CONFIRMATION_OK"
13283,10409426519,10409426754,1,"IOTHUB_CLIENT_CONFIRMATION_OK"
13284,10409426719,10409426808,1,"IOTHUB_CLIENT_CONFIRMATION_OK"
13285,10409426919,10409426955,1,"IOTHUB_CLIENT_CONFIRMATION_OK"
13286,10409427119,10409427163,1,"IOTHUB_CLIENT_CONFIRMATION_OK"
13287,10409427320,10409427373,1,"IOTHUB_CLIENT_CONFIRMATION_OK"
13288,10409427520,10409427562,1,"IOTHUB_CLIENT_CONFIRMATION_OK"
13289,10409427720,10409427762,1,"IOTHUB_CLIENT_CONFIRMATION_OK"
13290,10409427920,10409427959,1,"IOTHUB_CLIENT_CONFIRMATION_OK"
13291,10409428120,10409428323,1,"IOTHUB_CLIENT_CONFIRMATION_OK"
13292,10409428320,10409428389,1,"IOTHUB_CLIENT_CONFIRMATION_OK"
13293,10409428521,10409428565,1,"IOTHUB_CLIENT_CONFIRMATION_OK"
13294,10409428721,10409428767,1,"IOTHUB_CLIENT_CONFIRMATION_OK"
13295,10409428921,10409428972,1,"IOTHUB_CLIENT_CONFIRMATION_OK"
13296,10409429121,10409429157,1,"IOTHUB_CLIENT_CONFIRMATION_OK"
13297,10409429321,10409429367,1,"IOTHUB_CLIENT_CONFIRMATION_OK"
13298,10409429521,10409429583,1,"IOTHUB_CLIENT_CONFIRMATION_OK"
13299,10409429722,10409429759,1,"IOTHUB_CLIENT_CONFIRMATION_OK"
13300,10409429922,10409429981,1,"IOTHUB_CLIENT_CONFIRMATION_OK"
13301,10409430122,10409430158,1,"IOTHUB_CLIENT_CONFIRMATION_OK"
13302,10409430322,10409430370,1,"IOTHUB_CLIENT_CONFIRMATION_OK"
13303,10409430522,10409430589,1,"IOTHUB_CLIENT_CONFIRMATION_OK"
13304,10409430722,10409430761,1,"IOTHUB_CLIENT_CONFIRMATION_OK"
13305,10409430923,10409430962,1,"IOTHUB_CLIENT_CONFIRMATION_OK"
13306,10409431123,10409431161,1,"IOTHUB_CLIENT_CONFIRMATION_OK"
13307,10409431323,10409431375,1,"IOTHUB_CLIENT_CONFIRMATION_OK"
13308,10409431523,10409431573,1,"IOTHUB_CLIENT_CONFIRMATION_OK"
13309,10409431723,10409431768,1,"IOTHUB_CLIENT_CONFIRMATION_OK"
13310,10409431923,10409431958,1,"IOTHUB_CLIENT_CONFIRMATION_OK"
13311,10409432124,10409432172,1,"IOTHUB_CLIENT_CONFIRMATION_OK"
13312,10409432324,10409432426,1,"IOTHUB_CLIENT_CONFIRMATION_OK"
13313,10409432524,10409432571,1,"IOTHUB_CLIENT_CONFIRMATION_OK"
13314,10409432724,10409432771,1,"IOTHUB_CLIENT_CONFIRMATION_OK"
13315,10409432924,10409433031,1,"IOTHUB_CLIENT_CONFIRMATION_OK"
13316,10409433124,10409433193,1,"IOTHUB_CLIENT_CONFIRMATION_OK"
13317,10409433325,10409433374,1,"IOTHUB_CLIENT_CONFIRMATION_OK"
13318,10409433525,10409433590,1,"IOTHUB_CLIENT_CONFIRMATION_OK"
13319,10409433725,10409433784,1,"IOTHUB_CLIENT_CONFIRMATION_OK"
13320,10409433925,10409434060,1,"IOTHUB_CLIENT_CONFIRMATION_OK"
13321,10409434125,10409434166,1,"IOTHUB_CLIENT_CONFIRMATION_OK"
13322,10409434325,10409434360,1,"IOTHUB_CLIENT_CONFIRMATION_OK"
13323,10409434525,10409434597,1,"IOTHUB_CLIENT_CONFIRMATION_OK"
13324,10409434726,10409434772,1,"IOTHUB_CLIENT_CONFIRMATION_OK"
13325,10409434926,10409434970,1,"IOTHUB_CLIENT_CONFIRMATION_OK"
13326,10409435126,10409435163,1,"IOTHUB_CLIENT_CONFIRMATION_OK"
13327,10409435326,10409435361,1,"IOTHUB_CLIENT_CONFIRMATION_OK"
13328,10409435526,10409435561,1,"IOTHUB_CLIENT_CONFIRMATION_OK"
13329,10409435726,10409435773,1,"IOTHUB_CLIENT_CONFIRMATION_OK"
13330,10409435926,10409435970,1,"IOTHUB_CLIENT_CONFIRMATION_OK"
13331,10409436127,10409436165,1,"IOTHUB_CLIENT_CONFIRMATION_OK"
13332,10409436327,10409436374,1,"IOTHUB_CLIENT_CONFIRMATION_OK"
13333,10409436527,10409436574,1,"IOTHUB_CLIENT_CONFIRMATION_OK"
13334,10409436727,10409436786,1,"IOTHUB_CLIENT_CONFIRMATION_OK"
13335,10409436927,10409436964,1,"IOTHUB_CLIENT_CONFIRMATION_OK"
13336,10409437127,10409437182,1,"IOTHUB_CLIENT_CONFIRMATION_OK"
13337,10409437328,10409437367,1,"IOTHUB_CLIENT_CONFIRMATION_OK"
13338,10409437528,10409437566,1,"IOTHUB_CLIENT_CONFIRMATION_OK"
13339,10409437728,10409437796,1,"IOTHUB_CLIENT_CONFIRMATION_OK"
13340,10409437928,10409438020,1,"IOTHUB_CLIENT_CONFIRMATION_OK"
13341,10409438128,10409438267,1,"IOTHUB_CLIENT_CONFIRMATION_OK"
13342,10409438328,10409438386,1,"IOTHUB_CLIENT_CONFIRMATION_OK"
13343,10409438529,10409438569,1,"IOTHUB_CLIENT_CONFIRMATION_OK"
13344,10409438729,10409438769,1,"IOTHUB_CLIENT_CONFIRMATION_OK"
13345,10409438929,10409438972,1,"IOTHUB_CLIENT_CONFIRMATION_OK"
13346,10409439129,10409439174,1,"IOTHUB_CLIENT_CONFIRMATION_OK"
13347,10409439329,10409439381,1,"IOTHUB_CLIENT_CONFIRMATION_OK"
13348,10409439529,10409439575,1,"IOTHUB_CLIENT_CONFIRMATION_OK"
13349,10409439729,10409439887,1,"IOTHUB_CLIENT_CONFIRMATION_OK"
13350,10409439930,10409439978,1,"IOTHUB_CLIENT_CONFIRMATION_OK"
13351,10409440130,10409440170,1,"IOTHUB_CLIENT_CONFIRMATION_OK"
13352,10409440330,10409440398,1,"IOTHUB_CLIENT_CONFIRMATION_OK"
13353,10409440530,10409440569,1,"IOTHUB_CLIENT_CONFIRMATION_OK"
13354,10409440730,10409440780,1,"IOTHUB_CLIENT_CONFIRMATION_OK"
13355,10409440930,10409441004,1,"IOTHUB_CLIENT_CONFIRMATION_OK"
13356,10409441131,10409441167,1,"IOTHUB_CLIENT_CONFIRMATION_OK"
13357,10409441331,10409441481,1,"IOTHUB_CLIENT_CONFIRMATION_OK"
13358,10409441531,10409441582,1,"IOTHUB_CLIENT_CONFIRMATION_OK"
13359,10409441731,10409441794,1,"IOTHUB_CLIENT_CONFIRMATION_OK"
13360,10409441931,10409441973,1,"IOTHUB_CLIENT_CONFIRMATION_OK"
13361,10409442131,10409442169,1,"IOTHUB_CLIENT_CONFIRMATION_OK"
13362,10409442331,10409442557,1,"IOTHUB_CLIENT_CONFIRMATION_OK"
13363,10409442532,10409442580,1,"IOTHUB_CLIENT_CONFIRMATION_OK"
13364,10409442732,10409442795,1,"IOTHUB_CLIENT_CONFIRMATION_OK"
13365,10409442932,10409443083,1,"IOTHUB_CLIENT_CONFIRMATION_OK"
13366,10409443132,10409443169,1,"IOTHUB_CLIENT_CONFIRMATION_OK"
13367,10409443332,10409443365,1,"IOTHUB_CLIENT_CONFIRMATION_OK"
13368,10409443532,10409443595,1,"IOTHUB_CLIENT_CONFIRMATION_OK"
13369,10409443733,10409443770,1,"IOTHUB_CLIENT_CONFIRMATION_OK"
13370,10409443933,10409443994,1,"IOTHUB_CLIENT_CONFIRMATION_OK"
13371,10409444133,10409444178,1,"IOTHUB_CLIENT_CONFIRMATION_OK"
13372,10409444333,10409444373,1,"IOTHUB_CLIENT_CONFIRMATION_OK"
13373,10409444533,10409444605,1,"IOTHUB_CLIENT_CONFIRMATION_OK"
13374,10409444733,10409444778,1,"IOTHUB_CLIENT_CONFIRMATION_OK"
13375,10409444934,10409444975,1,"IOTHUB_CLIENT_CONFIRMATION_OK"
13376,10409445134,10409445176,1,"IOTHUB_CLIENT_CONFIRMATION_OK"
13377,10409445334,10409445382,1,"IOTHUB_CLIENT_CONFIRMATION_OK"
13378,10409445534,10409445641,1,"IOTHUB_CLIENT_CONFIRMATION_OK"
13379,10409445734,10409445778,1,"IOTHUB_CLIENT_CONFIRMATION_OK"
13380,10409445934,10409445977,1,"IOTHUB_CLIENT_CONFIRMATION_OK"
13381,10409446134,10409446227,1,"IOTHUB_CLIENT_CONFIRMATION_OK"
13382,10409446335,10409446377,1,"IOTHUB_CLIENT_CONFIRMATION_OK"
13383,10409446535,10409446649,1,"IOTHUB_CLIENT_CONFIRMATION_OK"
13384,10409446735,10409446771,1,"IOTHUB_CLIENT_CONFIRMATION_OK"
13385,10409446935,10409446983,1,"IOTHUB_CLIENT_CONFIRMATION_OK"
13386,10409447135,10409447278,1,"IOTHUB_CLIENT_CONFIRMATION_OK"
13387,10409447335,10409447375,1,"IOTHUB_CLIENT_CONFIRMATION_OK"
13388,10409447536,10409447678,1,"IOTHUB_CLIENT_CONFIRMATION_OK"
13389,10409447736,10409447776,1,"IOTHUB_CLIENT_CONFIRMATION_OK"
13390,10409447936,10409448001,1,"IOTHUB_CLIENT_CONFIRMATION_OK"
13391,10409448136,10409448314,1,"IOTHUB_CLIENT_CONFIRMATION_OK"
13392,10409448336,10409448429,1,"IOTHUB_CLIENT_CONFIRMATION_OK"
13393,10409448536,10409448578,1,"IOTHUB_CLIENT_CONFIRMATION_OK"
13394,10409448737,10409448791,1,"IOTHUB_CLIENT_CONFIRMATION_OK"
13395,10409448937,10409448975,1,"IOTHUB_CLIENT_CONFIRMATION_OK"
13396,10409449137,10409449180,1,"IOTHUB_CLIENT_CONFIRMATION_OK"
13397,10409449337,10409449376,1,"IOTHUB_CLIENT_CONFIRMATION_OK"
13398,10409449537,10409449576,1,"IOTHUB_CLIENT_CONFIRMATION_OK"
13399,10409449737,10409449920,1,"IOTHUB_CLIENT_CONFIRMATION_OK"
13400,10409449938,10409449980,1,"IOTHUB_CLIENT_CONFIRMATION_OK"
13401,10409450138,10409450180,1,"IOTHUB_CLIENT_CONFIRMATION_OK"
13402,10409450338,10409450389,1,"IOTHUB_CLIENT_CONFIRMATION_OK"
13403,10409450538,10409450575,1,"IOTHUB_CLIENT_CONFIRMATION_OK"
13404,10409450738,10409450811,1,"IOTHUB_CLIENT_CONFIRMATION_OK"
13405,10409450938,10409450980,1,"IOTHUB_CLIENT_CONFIRMATION_OK"
13406,10409451139,10409451177,1,"IOTHUB_CLIENT_CONFIRMATION_OK"
13407,10409451339,10409451405,1,"IOTHUB_CLIENT_CONFIRMATION_OK"
13408,10409451539,10409451592,1,"IOTHUB_CLIENT_CONFIRMATION_OK"
13409,10409451739,10409451790,1,"IOTHUB_CLIENT_CONFIRMATION_OK"
13410,10409451939,10409451996,1,"IOTHUB_CLIENT_CONFIRMATION_OK"
13411,10409452139,10409452186,1,"IOTHUB_CLIENT_CONFIRMATION_OK"
13412,10409452340,10409452412,1,"IOTHUB_CLIENT_CONFIRMATION_OK"
13413,10409452540,10409452591,1,"IOTHUB_CLIENT_CONFIRMATION_OK"
13414,10409452740,10409452778,1,"IOTHUB_CLIENT_CONFIRMATION_OK"
13415,10409452940,10409453021,1,"IOTHUB_CLIENT_CONFIRMATION_OK"
13416,10409453140,10409453211,1,"IOTHUB_CLIENT_CONFIRMATION_OK"
13417,10409453340,10409453386,1,"IOTHUB_CLIENT_CONFIRMATION_OK"
13418,10409453541,10409453586,1,"IOTHUB_CLIENT_CONFIRMATION_OK"
13419,10409453741,10409453790,1,"IOTHUB_CLIENT_CONFIRMATION_OK"
13420,10409453941,10409454078,1,"IOTHUB_CLIENT_CONFIRMATION_OK"
13421,10409454141,10409454190,1,"IOTHUB_CLIENT_CONFIRMATION_OK"
13422,10409454341,10409454443,1,"IOTHUB_CLIENT_CONFIRMATION_OK"
13423,10409454541,10409454586,1,"IOTHUB_CLIENT_CONFIRMATION_OK"
13424,10409454741,10409454778,1,"IOTHUB_CLIENT_CONFIRMATION_OK"
13425,10409454942,10409454989,1,"IOTHUB_CLIENT_CONFIRMATION_OK"
13426,10409455142,10409455181,1,"IOTHUB_CLIENT_CONFIRMATION_OK"
13427,10409455342,10409455393,1,"IOTHUB_CLIENT_CONFIRMATION_OK"
13428,10409455542,10409455703,1,"IOTHUB_CLIENT_CONFIRMATION_OK"
13429,10409455742,10409455785,1,"IOTHUB_CLIENT_CONFIRMATION_OK"
13430,10409455942,10409455984,1,"IOTHUB_CLIENT_CONFIRMATION_OK"
13431,10409456143,10409456186,1,"IOTHUB_CLIENT_CONFIRMATION_OK"
13432,10409456343,10409456392,1,"IOTHUB_CLIENT_CONFIRMATION_OK"
13433,10409456543,10409456712,1,"IOTHUB_CLIENT_CONFIRMATION_OK"
13434,10409456743,10409456781,1,"IOTHUB_CLIENT_CONFIRMATION_OK"
13435,10409456943,10409456980,1,"IOTHUB_CLIENT_CONFIRMATION_OK"
13436,10409457143,10409457196,1,"IOTHUB_CLIENT_CONFIRMATION_OK"
13437,10409457344,10409457422,1,"IOTHUB_CLIENT_CONFIRMATION_OK"
13438,10409457544,10409457596,1,"IOTHUB_CLIENT_CONFIRMATION_OK"
13439,10409457744,10409457888,1,"IOTHUB_CLIENT_CONFIRMATION_OK"
13440,10409457944,10409457983,1,"IOTHUB_CLIENT_CONFIRMATION_OK"
13441,10409458144,10409458188,1,"IOTHUB_CLIENT_CONFIRMATION_OK"
13442,10409458344,10409458386,1,"IOTHUB_CLIENT_CONFIRMATION_OK"
13443,10409458544,10409458591,1,"IOTHUB_CLIENT_CONFIRMATION_OK"
13444,10409458745,10409458785,1,"IOTHUB_CLIENT_CONFIRMATION_OK"
13445,10409458945,10409458988,1,"IOTHUB_CLIENT_CONFIRMATION_OK"
13446,10409459145,10409459187,1,"IOTHUB_CLIENT_CONFIRMATION_OK"
13447,10409459345,10409459430,1,"IOTHUB_CLIENT_CONFIRMATION_OK"
13448,10409459545,10409459587,1,"IOTHUB_CLIENT_CONFIRMATION_OK"
13449,10409459745,10409459793,1,"IOTHUB_CLIENT_CONFIRMATION_OK"
13450,10409459945,10409459985,1,"IOTHUB_CLIENT_CONFIRMATION_OK"
13451,10409460146,10409460185,1,"IOTHUB_CLIENT_CONFIRMATION_OK"
13452,10409460346,10409460411,1,"IOTHUB_CLIENT_CONFIRMATION_OK"
13453,10409460546,10409460584,1,"IOTHUB_CLIENT_CONFIRMATION_OK"
13454,10409460746,10409460820,1,"IOTHUB_CLIENT_CONFIRMATION_OK"
13455,10409460946,10409461001,1,"IOTHUB_CLIENT_CONFIRMATION_OK"
13456,10409461146,10409461193,1,"IOTHUB_CLIENT_CONFIRMATION_OK"
13457,10409461347,10409461432,1,"IOTHUB_CLIENT_CONFIRMATION_OK"
13458,10409461547,10409461591,1,"IOTHUB_CLIENT_CONFIRMATION_OK"
13459,10409461747,10409461788,1,"IOTHUB_CLIENT_CONFIRMATION_OK"
13460,10409461947,10409461987,1,"IOTHUB_CLIENT_CONFIRMATION_OK"
13461,10409462147,10409462183,1,"IOTHUB_CLIENT_CONFIRMATION_OK"
13462,10409462347,10409462456,1,"IOTHUB_CLIENT_CONFIRMATION_OK"
13463,10409462547,10409462601,1,"IOTHUB_CLIENT_CONFIRMATION_OK"
13464,10409462748,10409462794,1,"IOTHUB_CLIENT_CONFIRMATION_OK"
13465,10409462948,10409463107,1,"IOTHUB_CLIENT_CONFIRMATION_OK"
13466,10409463148,10409463190,1,"IOTHUB_CLIENT_CONFIRMATION_OK"
13467,10409463348,10409463388,1,"IOTHUB_CLIENT_CONFIRMATION_OK"
13468,10409463548,10409463711,1,"IOTHUB_CLIENT_CONFIRMATION_OK"
13469,10409463748,10409463794,1,"IOTHUB_CLIENT_CONFIRMATION_OK"
13470,10409463949,10409464194,1,"IOTHUB_CLIENT_CONFIRMATION_OK"
13471,10409464149,10409464216,1,"IOTHUB_CLIENT_CONFIRMATION_OK"
13472,10409464349,10409464477,1,"IOTHUB_CLIENT_CONFIRMATION_OK"
13473,10409464549,10409464596,1,"IOTHUB_CLIENT_CONFIRMATION_OK"
13474,10409464749,10409464801,1,"IOTHUB_CLIENT_CONFIRMATION_OK"
13475,10409464949,10409465004,1,"IOTHUB_CLIENT_CONFIRMATION_OK"
13476,10409465150,10409465254,1,"IOTHUB_CLIENT_CONFIRMATION_OK"
13477,10409465350,10409465391,1,"IOTHUB_CLIENT_CONFIRMATION_OK"
13478,10409465550,10409465623,1,"IOTHUB_CLIENT_CONFIRMATION_OK"
13479,10409465750,10409465791,1,"IOTHUB_CLIENT_CONFIRMATION_OK"
13480,10409465950,10409466045,1,"IOTHUB_CLIENT_CONFIRMATION_OK"
13481,10409466150,10409466202,1,"IOTHUB_CLIENT_CONFIRMATION_OK"
13482,10409466351,10409466400,1,"IOTHUB_CLIENT_CONFIRMATION_OK"
13483,10409466551,10409466592,1,"IOTHUB_CLIENT_CONFIRMATION_OK"
13484,10409466751,10409466793,1,"IOTHUB_CLIENT_CONFIRMATION_OK"
13485,10409466951,10409466994,1,"IOTHUB_CLIENT_CONFIRMATION_OK"
13486,10409467151,10409467321,1,"IOTHUB_CLIENT_CONFIRMATION_OK"
13487,10409467351,10409467387,1,"IOTHUB_CLIENT_CONFIRMATION_OK"
13488,10409467552,10409467603,1,"IOTHUB_CLIENT_CONFIRMATION_OK"
13489,10409467752,10409467807,1,"IOTHUB_CLIENT_CONFIRMATION_OK"
13490,10409467952,10409467998,1,"IOTHUB_CLIENT_CONFIRMATION_OK"
13491,10409468152,10409468264,1,"IOTHUB_CLIENT_CONFIRMATION_OK"
13492,10409468352,10409468393,1,"IOTHUB_CLIENT_CONFIRMATION_OK"
13493,10409468552,10409468591,1,"IOTHUB_CLIENT_CONFIRMATION_OK"
13494,10409468752,10409468798,1,"IOTHUB_CLIENT_CONFIRMATION_OK"
13495,10409468953,10409469001,1,"IOTHUB_CLIENT_CONFIRMATION_OK"
13496,10409469153,10409469231,1,"IOTHUB_CLIENT_CONFIRMATION_OK"
13497,10409469353,10409469403,1,"IOTHUB_CLIENT_CONFIRMATION_OK"
13498,10409469553,10409469599,1,"IOTHUB_CLIENT_CONFIRMATION_OK"
13499,10409469753,10409469913,1,"IOTHUB_CLIENT_CONFIRMATION_OK"
13500,10409469953,10409470027,1,"IOTHUB_CLIENT_CONFIRMATION_OK"
13501,10409470153,10409470199,1,"IOTHUB_CLIENT_CONFIRMATION_OK"
13502,10409470354,10409470397,1,"IOTHUB_CLIENT_CONFIRMATION_OK"
13503,10409470554,10409470597,1,"IOTHUB_CLIENT_CONFIRMATION_OK"
13504,10409470754,10409470801,1,"IOTHUB_CLIENT_CONFIRMATION_OK"
13505,10409470954,10409471007,1,"IOTHUB_CLIENT_CONFIRMATION_OK"
13506,10409471154,10409471198,1,"IOTHUB_CLIENT_CONFIRMATION_OK"
13507,10409471354,10409471409,1,"IOTHUB_CLIENT_CONFIRMATION_OK"
13508,10409471555,10409471600,1,"IOTHUB_CLIENT_CONFIRMATION_OK"
13509,10409471755,10409471803,1,"IOTHUB_CLIENT_CONFIRMATION_OK"
13510,10409471955,10409472011,1,"IOTHUB_CLIENT_CONFIRMATION_OK"
13511,10409472155,10409472209,1,"IOTHUB_CLIENT_CONFIRMATION_OK"
13512,10409472355,10409472458,1,"IOTHUB_CLIENT_CONFIRMATION_OK"
13513,10409472555,10409472604,1,"IOTHUB_CLIENT_CONFIRMATION_OK"
13514,10409472755,10409472801,1,"IOTHUB_CLIENT_CONFIRMATION_OK"
13515,10409472956,10409473097,1,"IOTHUB_CLIENT_CONFIRMATION_OK"
13516,10409473156,10409473206,1,"IOTHUB_CLIENT_CONFIRMATION_OK"
13517,10409473356,10409473398,1,"IOTHUB_CLIENT_CONFIRMATION_OK"
13518,10409473556,10409473604,1,"IOTHUB_CLIENT_CONFIRMATION_OK"
13519,10409473756,10409473809,1,"IOTHUB_CLIENT_CONFIRMATION_OK"
13520,10409473956,10409474097,1,"IOTHUB_CLIENT_CONFIRMATION_OK"
13521,10409474157,10409474197,1,"IOTHUB_CLIENT_CONFIRMATION_OK"
13522,10409474357,10409474397,1,"IOTHUB_CLIENT_CONFIRMATION_OK"
13523,10409474557,10409474592,1,"IOTHUB_CLIENT_CONFIRMATION_OK"
13524,10409474757,10409474813,1,"IOTHUB_CLIENT_CONFIRMATION_OK"
13525,10409474957,10409475004,1,"IOTHUB_CLIENT_CONFIRMATION_OK"
13526,10409475157,10409475220,1,"IOTHUB_CLIENT_CONFIRMATION_OK"
13527,10409475357,10409475393,1,"IOTHUB_CLIENT_CONFIRMATION_OK"
13528,10409475558,10409475748,1,"IOTHUB_CLIENT_CONFIRMATION_OK"
13529,10409475758,10409475801,1,"IOTHUB_CLIENT_CONFIRMATION_OK"
13530,10409475958,10409476028,1,"IOTHUB_CLIENT_CONFIRMATION_OK"
13531,10409476158,10409476198,1,"IOTHUB_CLIENT_CONFIRMATION_OK"
13532,10409476358,10409476414,1,"IOTHUB_CLIENT_CONFIRMATION_OK"
13533,10409476558,10409476750,1,"IOTHUB_CLIENT_CONFIRMATION_OK"
13534,10409476759,10409476794,1,"IOTHUB_CLIENT_CONFIRMATION_OK"
13535,10409476959,10409477017,1,"IOTHUB_CLIENT_CONFIRMATION_OK"
13536,10409477159,10409477208,1,"IOTHUB_CLIENT_CONFIRMATION_OK"
13537,10409477359,10409477393,1,"IOTHUB_CLIENT_CONFIRMATION_OK"
13538,10409477559,10409477602,1,"IOTHUB_CLIENT_CONFIRMATION_OK"
13539,10409477759,10409477841,1,"IOTHUB_CLIENT_CONFIRMATION_OK"
13540,10409477960,10409477997,1,"IOTHUB_CLIENT_CONFIRMATION_OK"
13541,10409478160,10409478232,1,"IOTHUB_CLIENT_CONFIRMATION_OK"
13542,10409478360,10409478415,1,"IOTHUB_CLIENT_CONFIRMATION_OK"
13543,10409478560,10409478602,1,"IOTHUB_CLIENT_CONFIRMATION_OK"
13544,10409478760,10409478844,1,"IOTHUB_CLIENT_CONFIRMATION_OK"
13545,10409478960,10409479012,1,"IOTHUB_CLIENT_CONFIRMATION_OK"
13546,10409479160,10409479204,1,"IOTHUB_CLIENT_CONFIRMATION_OK"
13547,10409479361,10409479403,1,"IOTHUB_CLIENT_CONFIRMATION_OK"
13548,10409479561,10409479601,1,"IOTHUB_CLIENT_CONFIRMATION_OK"
13549,10409479761,10409479868,1,"IOTHUB_CLIENT_CONFIRMATION_OK"
13550,10409479961,10409479997,1,"IOTHUB_CLIENT_CONFIRMATION_OK"
13551,10409480161,10409480209,1,"IOTHUB_CLIENT_CONFIRMATION_OK"
13552,10409480361,10409480400,1,"IOTHUB_CLIENT_CONFIRMATION_OK"
13553,10409480562,10409480598,1,"IOTHUB_CLIENT_CONFIRMATION_OK"
13554,10409480762,10409480809,1,"IOTHUB_CLIENT_CONFIRMATION_OK"
13555,10409480962,10409481017,1,"IOTHUB_CLIENT_CONFIRMATION_OK"
13556,10409481162,10409481203,1,"IOTHUB_CLIENT_CONFIRMATION_OK"
13557,10409481362,10409481404,1,"IOTHUB_CLIENT_CONFIRMATION_OK"
13558,10409481562,10409481602,1,"IOTHUB_CLIENT_CONFIRMATION_OK"
13559,10409481763,10409481805,1,"IOTHUB_CLIENT_CONFIRMATION_OK"
13560,10409481963,10409482045,1,"IOTHUB_CLIENT_CONFIRMATION_OK"
13561,10409482163,10409482225,1,"IOTHUB_CLIENT_CONFIRMATION_OK"
13562,10409482363,10409482437,1,"IOTHUB_CLIENT_CONFIRMATION_OK"
13563,10409482563,10409482614,1,"IOTHUB_CLIENT_CONFIRMATION_OK"
13564,10409482763,10409482811,1,"IOTHUB_CLIENT_CONFIRMATION_OK"
13565,10409482963,10409483058,1,"IOTHUB_CLIENT_CONFIRMATION_OK"
13566,10409483164,10409483223,1,"IOTHUB_CLIENT_CONFIRMATION_OK"
13567,10409483364,10409483500,1,"IOTHUB_CLIENT_CONFIRMATION_OK"
13568,10409483564,10409483664,1,"IOTHUB_CLIENT_CONFIRMATION_OK"
13569,10409483764,10409483805,1,"IOTHUB_CLIENT_CONFIRMATION_OK"
13570,10409483964,10409484141,1,"IOTHUB_CLIENT_CONFIRMATION_OK"
13571,10409484164,10409484204,1,"IOTHUB_CLIENT_CONFIRMATION_OK"
13572,10409484365,10409484410,1,"IOTHUB_CLIENT_CONFIRMATION_OK"
13573,10409484565,10409484610,1,"IOTHUB_CLIENT_CONFIRMATION_OK"
13574,10409484765,10409484817,1,"IOTHUB_CLIENT_CONFIRMATION_OK"
13575,10409484965,10409485001,1,"IOTHUB_CLIENT_CONFIRMATION_OK"
13576,10409485165,10409485203,1,"IOTHUB_CLIENT_CONFIRMATION_OK"
13577,10409485365,10409485409,1,"IOTHUB_CLIENT_CONFIRMATION_OK"
13578,10409485566,10409485740,1,"IOTHUB_CLIENT_CONFIRMATION_OK"
13579,10409485766,10409485805,1,"IOTHUB_CLIENT_CONFIRMATION_OK"
13580,10409485966,10409486009,1,"IOTHUB_CLIENT_CONFIRMATION_OK"
13581,10409486166,10409486207,1,"IOTHUB_CLIENT_CONFIRMATION_OK"
13582,10409486366,10409486411,1,"IOTHUB_CLIENT_CONFIRMATION_OK"
13583,10409486566,10409486781,1,"IOTHUB_CLIENT_CONFIRMATION_OK"
13584,10409486766,10409486801,1,"IOTHUB_CLIENT_CONFIRMATION_OK"
13585,10409486967,10409487008,1,"IOTHUB_CLIENT_CONFIRMATION_OK"
13586,10409487167,10409487216,1,"IOTHUB_CLIENT_CONFIRMATION_OK"
13587,10409487367,10409487409,1,"IOTHUB_CLIENT_CONFIRMATION_OK"
13588,10409487567,10409487615,1,"IOTHUB_CLIENT_CONFIRMATION_OK"
13589,10409487767,10409487809,1,"IOTHUB_CLIENT_CONFIRMATION_OK"
13590,10409487967,10409488014,1,"IOTHUB_CLIENT_CONFIRMATION_OK"
13591,10409488167,10409488223,1,"IOTHUB_CLIENT_CONFIRMATION_OK"
13592,10409488368,10409488422,1,"IOTHUB_CLIENT_CONFIRMATION_OK"
13593,10409488568,10409488603,1,"IOTHUB_CLIENT_CONFIRMATION_OK"
13594,10409488768,10409488850,1,"IOTHUB_CLIENT_CONFIRMATION_OK"
13595,10409488968,10409489008,1,"IOTHUB_CLIENT_CONFIRMATION_OK"
13596,10409489168,10409489206,1,"IOTHUB_CLIENT_CONFIRMATION_OK"
13597,10409489368,10409489411,1,"IOTHUB_CLIENT_CONFIRMATION_OK"
13598,10409489569,10409489635,1,"IOTHUB_CLIENT_CONFIRMATION_OK"
13599,10409489769,10409489865,1,"IOTHUB_CLIENT_CONFIRMATION_OK"
13600,10409489969,10409490023,1,"IOTHUB_CLIENT_CONFIRMATION_OK"
13601,10409490169,10409490201,1,"IOTHUB_CLIENT_CONFIRMATION_OK"
13602,10409490369,10409490416,1,"IOTHUB_CLIENT_CONFIRMATION_OK"
13603,10409490569,10409490627,1,"IOTHUB_CLIENT_CONFIRMATION_OK"
13604,10409490770,10409490811,1,"IOTHUB_CLIENT_CONFIRMATION_OK"
13605,10409490970,10409491005,1,"IOTHUB_CLIENT_CONFIRMATION_OK"
13606,10409491170,10409491207,1,"IOTHUB_CLIENT_CONFIRMATION_OK"
13607,10409491370,10409491507,1,"IOTHUB_CLIENT_CONFIRMATION_OK"
13608,10409491570,10409491631,1,"IOTHUB_CLIENT_CONFIRMATION_OK"
13609,10409491770,10409491853,1,"IOTHUB_CLIENT_CONFIRMATION_OK"
13610,10409491970,10409492014,1,"IOTHUB_CLIENT_CONFIRMATION_OK"
13611,10409492171,10409492235,1,"IOTHUB_CLIENT_CONFIRMATION_OK"
13612,10409492371,10409492542,1,"IOTHUB_CLIENT_CONFIRMATION_OK"
13613,10409492571,10409492635,1,"IOTHUB_CLIENT_CONFIRMATION_OK"
13614,10409492771,10409492808,1,"IOTHUB_CLIENT_CONFIRMATION_OK"
13615,10409492971,10409493005,1,"IOTHUB_CLIENT_CONFIRMATION_OK"
13616,10409493171,10409493215,1,"IOTHUB_CLIENT_CONFIRMATION_OK"
13617,10409493372,10409493433,1,"IOTHUB_CLIENT_CONFIRMATION_OK"
13618,10409493572,10409493612,1,"IOTHUB_CLIENT_CONFIRMATION_OK"
13619,10409493772,10409493840,1,"IOTHUB_CLIENT_CONFIRMATION_OK"
13620,10409493972,10409494153,1,"IOTHUB_CLIENT_CONFIRMATION_OK"
13621,10409494172,10409494313,1,"IOTHUB_CLIENT_CONFIRMATION_OK"
13622,10409494372,10409494414,1,"IOTHUB_CLIENT_CONFIRMATION_OK"
13623,10409494573,10409494615,1,"IOTHUB_CLIENT_CONFIRMATION_OK"
13624,10409494773,10409494808,1,"IOTHUB_CLIENT_CONFIRMATION_OK"
13625,10409494973,10409495031,1,"IOTHUB_CLIENT_CONFIRMATION_OK"
13626,10409495173,10409495224,1,"IOTHUB_CLIENT_CONFIRMATION_OK"
13627,10409495373,10409495424,1,"IOTHUB_CLIENT_CONFIRMATION_OK"
13628,10409495573,10409495617,1,"IOTHUB_CLIENT_CONFIRMATION_OK"
13629,10409495774,10409495836,1,"IOTHUB_CLIENT_CONFIRMATION_OK"
13630,10409495974,10409496032,1,"IOTHUB_CLIENT_CONFIRMATION_OK"
13631,10409496174,10409496232,1,"IOTHUB_CLIENT_CONFIRMATION_OK"
13632,10409496374,10409496423,1,"IOTHUB_CLIENT_CONFIRMATION_OK"
13633,10409496574,10409496647,1,"IOTHUB_CLIENT_CONFIRMATION_OK"
13634,10409496774,10409496830,1,"IOTHUB_CLIENT_CONFIRMATION_OK"
13635,10409496975,10409497043,1,"IOTHUB_CLIENT_CONFIRMATION_OK"
13636,10409497175,10409497268,1,"IOTHUB_CLIENT_CONFIRMATION_OK"
13637,10409497375,10409497459,1,"IOTHUB_CLIENT_CONFIRMATION_OK"
13638,10409497575,10409497638,1,"IOTHUB_CLIENT_CONFIRMATION_OK"
13639,10409497775,10409497816,1,"IOTHUB_CLIENT_CONFIRMATION_OK"
13640,10409497975,10409498019,1,"IOTHUB_CLIENT_CONFIRMATION_OK"
13641,10409498176,10409498297,1,"IOTHUB_CLIENT_CONFIRMATION_OK"
13642,10409498376,10409498420,1,"IOTHUB_CLIENT_CONFIRMATION_OK"
13643,10409498576,10409498618,1,"IOTHUB_CLIENT_CONFIRMATION_OK"
13644,10409498776,10409498906,1,"IOTHUB_CLIENT_CONFIRMATION_OK"
13645,10409498976,10409499263,1,"IOTHUB_CLIENT_CONFIRMATION_OK"
13646,10409499176,10409499287,1,"IOTHUB_CLIENT_CONFIRMATION_OK"
13647,10409499377,10409499453,1,"IOTHUB_CLIENT_CONFIRMATION_OK"
13648,10409499577,10409499670,1,"IOTHUB_CLIENT_CONFIRMATION_OK"
13649,10409499777,10409500168,1,"IOTHUB_CLIENT_CONFIRMATION_OK"
13650,10409499977,10409500196,1,"IOTHUB_CLIENT_CONFIRMATION_OK"
13651,10409500177,10409500219,1,"IOTHUB_CLIENT_CONFIRMATION_OK"
13652,10409500377,10409500425,1,"IOTHUB_CLIENT_CONFIRMATION_OK"
13653,10409500578,10409500654,1,"IOTHUB_CLIENT_CONFIRMATION_OK"
13654,10409500778,10409500979,1,"IOTHUB_CLIENT_CONFIRMATION_OK"
13655,10409500978,10409501015,1,"IOTHUB_CLIENT_CONFIRMATION_OK"
13656,10409501178,10409501218,1,"IOTHUB_CLIENT_CONFIRMATION_OK"
13657,10409501378,10409501420,1,"IOTHUB_CLIENT_CONFIRMATION_OK"
13658,10409501578,10409501637,1,"IOTHUB_CLIENT_CONFIRMATION_OK"
13659,10409501778,10409501825,1,"IOTHUB_CLIENT_CONFIRMATION_OK"
13660,10409501979,10409502018,1,"IOTHUB_CLIENT_CONFIRMATION_OK"
13661,10409502179,10409502242,1,"IOTHUB_CLIENT_CONFIRMATION_OK"
13662,10409502379,10409502416,1,"IOTHUB_CLIENT_CONFIRMATION_OK"
13663,10409502579,10409502633,1,"IOTHUB_CLIENT_CONFIRMATION_OK"
13664,10409502779,10409502823,1,"IOTHUB_CLIENT_CONFIRMATION_OK"
13665,10409502979,10409503045,1,"IOTHUB_CLIENT_CONFIRMATION_OK"
13666,10409503180,10409503225,1,"IOTHUB_CLIENT_CONFIRMATION_OK"
13667,10409503380,10409503423,1,"IOTHUB_CLIENT_CONFIRMATION_OK"
13668,10409503580,10409503699,1,"IOTHUB_CLIENT_CONFIRMATION_OK"
13669,10409503780,10409503843,1,"IOTHUB_CLIENT_CONFIRMATION_OK"
13670,10409503980,10409504070,1,"IOTHUB_CLIENT_CONFIRMATION_OK"
13671,10409504180,10409504359,1,"IOTHUB_CLIENT_CONFIRMATION_OK"
13672,10409504380,10409504444,1,"IOTHUB_CLIENT_CONFIRMATION_OK"
13673,10409504581,10409504621,1,"IOTHUB_CLIENT_CONFIRMATION_OK"
13674,10409504781,10409504816,1,"IOTHUB_CLIENT_CONFIRMATION_OK"
13675,10409504981,10409505033,1,"IOTHUB_CLIENT_CONFIRMATION_OK"
13676,10409505181,10409505226,1,"IOTHUB_CLIENT_CONFIRMATION_OK"
13677,10409505381,10409505429,1,"IOTHUB_CLIENT_CONFIRMATION_OK"
13678,10409505581,10409505621,1,"IOTHUB_CLIENT_CONFIRMATION_OK"
13679,10409505782,10409505820,1,"IOTHUB_CLIENT_CONFIRMATION_OK"
13680,10409505982,10409506018,1,"IOTHUB_CLIENT_CONFIRMATION_OK"
13681,10409506182,10409506224,1,"IOTHUB_CLIENT_CONFIRMATION_OK"
13682,10409506382,10409506427,1,"IOTHUB_CLIENT_CONFIRMATION_OK"
13683,10409506582,10409506648,1,"IOTHUB_CLIENT_CONFIRMATION_OK"
13684,10409506782,10409506827,1,"IOTHUB_CLIENT_CONFIRMATION_OK"
13685,10409506982,10409507021,1,"IOTHUB_CLIENT_CONFIRMATION_OK"
13686,10409507183,10409507225,1,"IOTHUB_CLIENT_CONFIRMATION_OK"
13687,10409507383,10409507432,1,"IOTHUB_CLIENT_CONFIRMATION_OK"
13688,10409507583,10409507623,1,"IOTHUB_CLIENT_CONFIRMATION_OK"
13689,10409507783,10409507845,1,"IOTHUB_CLIENT_CONFIRMATION_OK"
13690,10409507983,10409508028,1,"IOTHUB_CLIENT_CONFIRMATION_OK"
13691,10409508183,10409508234,1,"IOTHUB_CLIENT_CONFIRMATION_OK"
13692,10409508384,10409508423,1,"IOTHUB_CLIENT_CONFIRMATION_OK"
13693,10409508584,10409508636,1,"IOTHUB_CLIENT_CONFIRMATION_OK"
13694,10409508784,10409508913,1,"IOTHUB_CLIENT_CONFIRMATION_OK"
13695,10409508984,10409509034,1,"IOTHUB_CLIENT_CONFIRMATION_OK"
13696,10409509184,10409509234,1,"IOTHUB_CLIENT_CONFIRMATION_OK"
13697,10409509384,10409509421,1,"IOTHUB_CLIENT_CONFIRMATION_OK"
13698,10409509585,10409509627,1,"IOTHUB_CLIENT_CONFIRMATION_OK"
13699,10409509785,10409509959,1,"IOTHUB_CLIENT_CONFIRMATION_OK"
13700,10409509985,10409510024,1,"IOTHUB_CLIENT_CONFIRMATION_OK"
13701,10409510185,10409510223,1,"IOTHUB_CLIENT_CONFIRMATION_OK"
13702,10409510385,10409510499,1,"IOTHUB_CLIENT_CONFIRMATION_OK"
13703,10409510585,10409510626,1,"IOTHUB_CLIENT_CONFIRMATION_OK"
13704,10409510786,10409510824,1,"IOTHUB_CLIENT_CONFIRMATION_OK"
13705,10409510986,10409511042,1,"IOTHUB_CLIENT_CONFIRMATION_OK"
13706,10409511186,10409511226,1,"IOTHUB_CLIENT_CONFIRMATION_OK"
13707,10409511386,10409511424,1,"IOTHUB_CLIENT_CONFIRMATION_OK"
13708,10409511586,10409511623,1,"IOTHUB_CLIENT_CONFIRMATION_OK"
13709,10409511786,10409511828,1,"IOTHUB_CLIENT_CONFIRMATION_OK"
13710,10409511987,10409512030,1,"IOTHUB_CLIENT_CONFIRMATION_OK"
13711,10409512187,10409512232,1,"IOTHUB_CLIENT_CONFIRMATION_OK"
13712,10409512387,10409512433,1,"IOTHUB_CLIENT_CONFIRMATION_OK"
13713,10409512587,10409512634,1,"IOTHUB_CLIENT_CONFIRMATION_OK"
13714,10409512787,10409512829,1,"IOTHUB_CLIENT_CONFIRMATION_OK"
13715,10409512987,10409513048,1,"IOTHUB_CLIENT_CONFIRMATION_OK"
13716,10409513188,10409513237,1,"IOTHUB_CLIENT_CONFIRMATION_OK"
13717,10409513388,10409513453,1,"IOTHUB_CLIENT_CONFIRMATION_OK"
13718,10409513588,10409513689,1,"IOTHUB_CLIENT_CONFIRMATION_OK"
13719,10409513788,10409513831,1,"IOTHUB_CLIENT_CONFIRMATION_OK"
13720,10409513988,10409514102,1,"IOTHUB_CLIENT_CONFIRMATION_OK"
13721,10409514188,10409514230,1,"IOTHUB_CLIENT_CONFIRMATION_OK"
13722,10409514389,10409514423,1,"IOTHUB_CLIENT_CONFIRMATION_OK"
13723,10409514589,10409514717,1,"IOTHUB_CLIENT_CONFIRMATION_OK"
13724,10409514789,10409514835,1,"IOTHUB_CLIENT_CONFIRMATION_OK"
13725,10409514989,10409515028,1,"IOTHUB_CLIENT_CONFIRMATION_OK"
13726,10409515189,10409515227,1,"IOTHUB_CLIENT_CONFIRMATION_OK"
13727,10409515389,10409515430,1,"IOTHUB_CLIENT_CONFIRMATION_OK"
13728,10409515589,10409515740,1,"IOTHUB_CLIENT_CONFIRMATION_OK"
13729,10409515790,10409515841,1,"IOTHUB_CLIENT_CONFIRMATION_OK"
13730,10409515990,10409516030,1,"IOTHUB_CLIENT_CONFIRMATION_OK"
13731,10409516190,10409516259,1,"IOTHUB_CLIENT_CONFIRMATION_OK"
13732,10409516390,10409516437,1,"IOTHUB_CLIENT_CONFIRMATION_OK"
13733,10409516590,10409516746,1,"IOTHUB_CLIENT_CONFIRMATION_OK"
13734,10409516790,10409516831,1,"IOTHUB_CLIENT_CONFIRMATION_OK"
13735,10409516991,10409517032,1,"IOTHUB_CLIENT_CONFIRMATION_OK"
13736,10409517191,10409517356,1,"IOTHUB_CLIENT_CONFIRMATION_OK"
13737,10409517391,10409517440,1,"IOTHUB_CLIENT_CONFIRMATION_OK"
13738,10409517591,10409517656,1,"IOTHUB_CLIENT_CONFIRMATION_OK"
13739,10409517791,10409517856,1,"IOTHUB_CLIENT_CONFIRMATION_OK"
13740,10409517991,10409518034,1,"IOTHUB_CLIENT_CONFIRMATION_OK"
13741,10409518191,10409518276,1,"IOTHUB_CLIENT_CONFIRMATION_OK"
13742,10409518392,10409518441,1,"IOTHUB_CLIENT_CONFIRMATION_OK"
13743,10409518592,10409518662,1,"IOTHUB_CLIENT_CONFIRMATION_OK"
13744,10409518792,10409518881,1,"IOTHUB_CLIENT_CONFIRMATION_OK"
13745,10409518992,10409519033,1,"IOTHUB_CLIENT_CONFIRMATION_OK"
13746,10409519192,10409519250,1,"IOTHUB_CLIENT_CONFIRMATION_OK"
13747,10409519393,10409519434,1,"IOTHUB_CLIENT_CONFIRMATION_OK"
13748,10409519593,10409519641,1,"IOTHUB_CLIENT_CONFIRMATION_OK"
13749,10409519793,10409519881,1,"IOTHUB_CLIENT_CONFIRMATION_OK"
13750,10409519993,10409520043,1,"IOTHUB_CLIENT_CONFIRMATION_OK"
13751,10409520193,10409520236,1,"IOTHUB_CLIENT_CONFIRMATION_OK"
13752,10409520393,10409520498,1,"IOTHUB_CLIENT_CONFIRMATION_OK"
13753,10409520593,10409520636,1,"IOTHUB_CLIENT_CONFIRMATION_OK"
13754,10409520794,10409520831,1,"IOTHUB_CLIENT_CONFIRMATION_OK"
13755,10409520994,10409521030,1,"IOTHUB_CLIENT_CONFIRMATION_OK"
13756,10409521194,10409521240,1,"IOTHUB_CLIENT_CONFIRMATION_OK"
13757,10409521394,10409521520,1,"IOTHUB_CLIENT_CONFIRMATION_OK"
13758,10409521594,10409521641,1,"IOTHUB_CLIENT_CONFIRMATION_OK"
13759,10409521794,10409521832,1,"IOTHUB_CLIENT_CONFIRMATION_OK"
13760,10409521995,10409522035,1,"IOTHUB_CLIENT_CONFIRMATION_OK"
13761,10409522195,10409522237,1,"IOTHUB_CLIENT_CONFIRMATION_OK"
13762,10409522395,10409522538,1,"IOTHUB_CLIENT_CONFIRMATION_OK"
13763,10409522595,10409522638,1,"IOTHUB_CLIENT_CONFIRMATION_OK"
13764,10409522795,10409522845,1,"IOTHUB_CLIENT_CONFIRMATION_OK"
13765,10409522995,10409523041,1,"IOTHUB_CLIENT_CONFIRMATION_OK"
13766,10409523195,10409523231,1,"IOTHUB_CLIENT_CONFIRMATION_OK"
13767,10409523396,10409523436,1,"IOTHUB_CLIENT_CONFIRMATION_OK"
13768,10409523596,10409523642,1,"IOTHUB_CLIENT_CONFIRMATION_OK"
13769,10409523796,10409523835,1,"IOTHUB_CLIENT_CONFIRMATION_OK"
13770,10409523996,10409524165,1,"IOTHUB_CLIENT_CONFIRMATION_OK"
13771,10409524196,10409524251,1,"IOTHUB_CLIENT_CONFIRMATION_OK"
13772,10409524396,10409524453,1,"IOTHUB_CLIENT_CONFIRMATION_OK"
13773,10409524597,10409524648,1,"IOTHUB_CLIENT_CONFIRMATION_OK"
13774,10409524797,10409524936,1,"IOTHUB_CLIENT_CONFIRMATION_OK"
13775,10409524997,10409525040,1,"IOTHUB_CLIENT_CONFIRMATION_OK"
13776,10409525197,10409525236,1,"IOTHUB_CLIENT_CONFIRMATION_OK"
13777,10409525397,10409525434,1,"IOTHUB_CLIENT_CONFIRMATION_OK"
13778,10409525597,10409525641,1,"IOTHUB_CLIENT_CONFIRMATION_OK"
13779,10409525797,10409525837,1,"IOTHUB_CLIENT_CONFIRMATION_OK"
13780,10409525998,10409526070,1,"IOTHUB_CLIENT_CONFIRMATION_OK"
13781,10409526198,10409526237,1,"IOTHUB_CLIENT_CONFIRMATION_OK"
13782,10409526398,10409526450,1,"IOTHUB_CLIENT_CONFIRMATION_OK"
13783,10409526598,10409526798,1,"IOTHUB_CLIENT_CONFIRMATION_OK"
13784,10409526798,10409526846,1,"IOTHUB_CLIENT_CONFIRMATION_OK"
13785,10409526998,10409527048,1,"IOTHUB_CLIENT_CONFIRMATION_OK"
13786,10409527199,10409527235,1,"IOTHUB_CLIENT_CONFIRMATION_OK"
13787,10409527399,10409527450,1,"IOTHUB_CLIENT_CONFIRMATION_OK"
13788,10409527599,10409527673,1,"IOTHUB_CLIENT_CONFIRMATION_OK"
13789,10409527799,10409527935,1,"IOTHUB_CLIENT_CONFIRMATION_OK"
13790,10409527999,10409528043,1,"IOTHUB_CLIENT_CONFIRMATION_OK"
13791,10409528199,10409528277,1,"IOTHUB_CLIENT_CONFIRMATION_OK"
13792,10409528400,10409528458,1,"IOTHUB_CLIENT_CONFIRMATION_OK"
13793,10409528600,10409528640,1,"IOTHUB_CLIENT_CONFIRMATION_OK"
13794,10409528800,10409528888,1,"IOTHUB_CLIENT_CONFIRMATION_OK"
13795,10409529000,10409529058,1,"IOTHUB_CLIENT_CONFIRMATION_OK"
13796,10409529200,10409529246,1,"IOTHUB_CLIENT_CONFIRMATION_OK"
13797,10409529400,10409529462,1,"IOTHUB_CLIENT_CONFIRMATION_OK"
13798,10409529600,10409529645,1,"IOTHUB_CLIENT_CONFIRMATION_OK"
13799,10409529801,10409529942,1,"IOTHUB_CLIENT_CONFIRMATION_OK"
13800,10409530001,10409530043,1,"IOTHUB_CLIENT_CONFIRMATION_OK"
13801,10409530201,10409530241,1,"IOTHUB_CLIENT_CONFIRMATION_OK"
13802,10409530401,10409530444,1,"IOTHUB_CLIENT_CONFIRMATION_OK"
13803,10409530601,10409530662,1,"IOTHUB_CLIENT_CONFIRMATION_OK"
13804,10409530801,10409530849,1,"IOTHUB_CLIENT_CONFIRMATION_OK"
13805,10409531002,10409531043,1,"IOTHUB_CLIENT_CONFIRMATION_OK"
13806,10409531202,10409531273,1,"IOTHUB_CLIENT_CONFIRMATION_OK"
13807,10409531402,10409531551,1,"IOTHUB_CLIENT_CONFIRMATION_OK"
13808,10409531602,10409531657,1,"IOTHUB_CLIENT_CONFIRMATION_OK"
13809,10409531802,10409531849,1,"IOTHUB_CLIENT_CONFIRMATION_OK"
13810,10409532002,10409532051,1,"IOTHUB_CLIENT_CONFIRMATION_OK"
13811,10409532203,10409532243,1,"IOTHUB_CLIENT_CONFIRMATION_OK"
13812,10409532403,10409532619,1,"IOTHUB_CLIENT_CONFIRMATION_OK"
13813,10409532603,10409532662,1,"IOTHUB_CLIENT_CONFIRMATION_OK"
13814,10409532803,10409532881,1,"IOTHUB_CLIENT_CONFIRMATION_OK"
13815,10409533003,10409533041,1,"IOTHUB_CLIENT_CONFIRMATION_OK"
13816,10409533203,10409533240,1,"IOTHUB_CLIENT_CONFIRMATION_OK"
13817,10409533404,10409533446,1,"IOTHUB_CLIENT_CONFIRMATION_OK"
13818,10409533604,10409533656,1,"IOTHUB_CLIENT_CONFIRMATION_OK"
13819,10409533804,10409533869,1,"IOTHUB_CLIENT_CONFIRMATION_OK"
13820,10409534004,10409534062,1,"IOTHUB_CLIENT_CONFIRMATION_OK"
13821,10409534204,10409534250,1,"IOTHUB_CLIENT_CONFIRMATION_OK"
13822,10409534404,10409534473,1,"IOTHUB_CLIENT_CONFIRMATION_OK"
13823,10409534605,10409534736,1,"IOTHUB_CLIENT_CONFIRMATION_OK"
13824,10409534805,10409534908,1,"IOTHUB_CLIENT_CONFIRMATION_OK"
13825,10409535005,10409535040,1,"IOTHUB_CLIENT_CONFIRMATION_OK"
13826,10409535205,10409535280,1,"IOTHUB_CLIENT_CONFIRMATION_OK"
13827,10409535405,10409535452,1,"IOTHUB_CLIENT_CONFIRMATION_OK"
13828,10409535605,10409535739,1,"IOTHUB_CLIENT_CONFIRMATION_OK"
13829,10409535805,10409535850,1,"IOTHUB_CLIENT_CONFIRMATION_OK"
13830,10409536006,10409536042,1,"IOTHUB_CLIENT_CONFIRMATION_OK"
13831,10409536206,10409536248,1,"IOTHUB_CLIENT_CONFIRMATION_OK"
13832,10409536406,10409536444,1,"IOTHUB_CLIENT_CONFIRMATION_OK"
13833,10409536606,10409536762,1,"IOTHUB_CLIENT_CONFIRMATION_OK"
13834,10409536806,10409536843,1,"IOTHUB_CLIENT_CONFIRMATION_OK"
13835,10409537006,10409537044,1,"IOTHUB_CLIENT_CONFIRMATION_OK"
13836,10409537207,10409537247,1,"IOTHUB_CLIENT_CONFIRMATION_OK"
13837,10409537407,10409537483,1,"IOTHUB_CLIENT_CONFIRMATION_OK"
13838,10409537607,10409537668,1,"IOTHUB_CLIENT_CONFIRMATION_OK"
13839,10409537807,10409537843,1,"IOTHUB_CLIENT_CONFIRMATION_OK"
13840,10409538007,10409538069,1,"IOTHUB_CLIENT_CONFIRMATION_OK"
13841,10409538207,10409538250,1,"IOTHUB_CLIENT_CONFIRMATION_OK"
13842,10409538408,10409538471,1,"IOTHUB_CLIENT_CONFIRMATION_OK"
13843,10409538608,10409538661,1,"IOTHUB_CLIENT_CONFIRMATION_OK"
13844,10409538808,10409538858,1,"IOTHUB_CLIENT_CONFIRMATION_OK"
13845,10409539008,10409539051,1,"IOTHUB_CLIENT_CONFIRMATION_OK"
13846,10409539208,10409539271,1,"IOTHUB_CLIENT_CONFIRMATION_OK"
13847,10409539408,10409539516,1,"IOTHUB_CLIENT_CONFIRMATION_OK"
13848,10409539609,10409539648,1,"IOTHUB_CLIENT_CONFIRMATION_OK"
13849,10409539809,10409539870,1,"IOTHUB_CLIENT_CONFIRMATION_OK"
13850,10409540009,10409540048,1,"IOTHUB_CLIENT_CONFIRMATION_OK"
13851,10409540209,10409540251,1,"IOTHUB_CLIENT_CONFIRMATION_OK"
13852,10409540409,10409540471,1,"IOTHUB_CLIENT_CONFIRMATION_OK"
13853,10409540609,10409540648,1,"IOTHUB_CLIENT_CONFIRMATION_OK"
13854,10409540810,10409540914,1,"IOTHUB_CLIENT_CONFIRMATION_OK"
13855,10409541010,10409541049,1,"IOTHUB_CLIENT_CONFIRMATION_OK"
13856,10409541210,10409541278,1,"IOTHUB_CLIENT_CONFIRMATION_OK"
13857,10409541410,10409541508,1,"IOTHUB_CLIENT_CONFIRMATION_OK"
13858,10409541610,10409541674,1,"IOTHUB_CLIENT_CONFIRMATION_OK"
13859,10409541810,10409541850,1,"IOTHUB_CLIENT_CONFIRMATION_OK"
13860,10409542011,10409542049,1,"IOTHUB_CLIENT_CONFIRMATION_OK"
13861,10409542211,10409542256,1,"IOTHUB_CLIENT_CONFIRMATION_OK"
13862,10409542411,10409542520,1,"IOTHUB_CLIENT_CONFIRMATION_OK"
13863,10409542611,10409542653,1,"IOTHUB_CLIENT_CONFIRMATION_OK"
13864,10409542811,10409542864,1,"IOTHUB_CLIENT_CONFIRMATION_OK"
13865,10409543011,10409543143,1,"IOTHUB_CLIENT_CONFIRMATION_OK"
13866,10409543211,10409543310,1,"IOTHUB_CLIENT_CONFIRMATION_OK"
13867,10409543412,10409543463,1,"IOTHUB_CLIENT_CONFIRMATION_OK"
13868,10409543612,10409543682,1,"IOTHUB_CLIENT_CONFIRMATION_OK"
13869,10409543812,10409543862,1,"IOTHUB_CLIENT_CONFIRMATION_OK"
13870,10409544012,10409544152,1,"IOTHUB_CLIENT_CONFIRMATION_OK"
13871,10409544212,10409544252,1,"IOTHUB_CLIENT_CONFIRMATION_OK"
13872,10409544412,10409544456,1,"IOTHUB_CLIENT_CONFIRMATION_OK"
13873,10409544613,10409544711,1,"IOTHUB_CLIENT_CONFIRMATION_OK"
13874,10409544813,10409544879,1,"IOTHUB_CLIENT_CONFIRMATION_OK"
13875,10409545013,10409545047,1,"IOTHUB_CLIENT_CONFIRMATION_OK"
13876,10409545213,10409545272,1,"IOTHUB_CLIENT_CONFIRMATION_OK"
13877,10409545413,10409545465,1,"IOTHUB_CLIENT_CONFIRMATION_OK"
13878,10409545613,10409545799,1,"IOTHUB_CLIENT_CONFIRMATION_OK"
13879,10409545814,10409545871,1,"IOTHUB_CLIENT_CONFIRMATION_OK"
13880,10409546014,10409546046,1,"IOTHUB_CLIENT_CONFIRMATION_OK"
13881,10409546214,10409546301,1,"IOTHUB_CLIENT_CONFIRMATION_OK"
13882,10409546414,10409546457,1,"IOTHUB_CLIENT_CONFIRMATION_OK"
13883,10409546614,10409546806,1,"IOTHUB_CLIENT_CONFIRMATION_OK"
13884,10409546814,10409546856,1,"IOTHUB_CLIENT_CONFIRMATION_OK"
13885,10409547015,10409547077,1,"IOTHUB_CLIENT_CONFIRMATION_OK"
13886,10409547215,10409547277,1,"IOTHUB_CLIENT_CONFIRMATION_OK"
13887,10409547415,10409547451,1,"IOTHUB_CLIENT_CONFIRMATION_OK"
13888,10409547615,10409547660,1,"IOTHUB_CLIENT_CONFIRMATION_OK"
13889,10409547815,10409547858,1,"IOTHUB_CLIENT_CONFIRMATION_OK"
13890,10409548015,10409548061,1,"IOTHUB_CLIENT_CONFIRMATION_OK"
13891,10409548215,10409548287,1,"IOTHUB_CLIENT_CONFIRMATION_OK"
13892,10409548416,10409548474,1,"IOTHUB_CLIENT_CONFIRMATION_OK"
13893,10409548616,10409548671,1,"IOTHUB_CLIENT_CONFIRMATION_OK"
13894,10409548816,10409548920,1,"IOTHUB_CLIENT_CONFIRMATION_OK"
13895,10409549016,10409549068,1,"IOTHUB_CLIENT_CONFIRMATION_OK"
13896,10409549216,10409549262,1,"IOTHUB_CLIENT_CONFIRMATION_OK"
13897,10409549416,10409549471,1,"IOTHUB_CLIENT_CONFIRMATION_OK"
13898,10409549617,10409549679,1,"IOTHUB_CLIENT_CONFIRMATION_OK"
13899,10409549817,10409549901,1,"IOTHUB_CLIENT_CONFIRMATION_OK"
13900,10409550017,10409550054,1,"IOTHUB_CLIENT_CONFIRMATION_OK"
13901,10409550217,10409550271,1,"IOTHUB_CLIENT_CONFIRMATION_OK"
13902,10409550417,10409550518,1,"IOTHUB_CLIENT_CONFIRMATION_OK"
13903,10409550617,10409550667,1,"IOTHUB_CLIENT_CONFIRMATION_OK"
13904,10409550818,10409550867,1,"IOTHUB_CLIENT_CONFIRMATION_OK"
13905,10409551018,10409551062,1,"IOTHUB_CLIENT_CONFIRMATION_OK"
13906,10409551218,10409551264,1,"IOTHUB_CLIENT_CONFIRMATION_OK"
13907,10409551418,10409551533,1,"IOTHUB_CLIENT_CONFIRMATION_OK"
13908,10409551618,10409551653,1,"IOTHUB_CLIENT_CONFIRMATION_OK"
13909,10409551818,10409551873,1,"IOTHUB_CLIENT_CONFIRMATION_OK"
13910,10409552018,10409552064,1,"IOTHUB_CLIENT_CONFIRMATION_OK"
13911,10409552219,10409552268,1,"IOTHUB_CLIENT_CONFIRMATION_OK"
13912,10409552419,10409552547,1,"IOTHUB_CLIENT_CONFIRMATION_OK"
13913,10409552619,10409552655,1,"IOTHUB_CLIENT_CONFIRMATION_OK"
13914,10409552819,10409552857,1,"IOTHUB_CLIENT_CONFIRMATION_OK"
13915,10409553019,10409553063,1,"IOTHUB_CLIENT_CONFIRMATION_OK"
13916,10409553219,10409553267,1,"IOTHUB_CLIENT_CONFIRMATION_OK"
13917,10409553419,10409553470,1,"IOTHUB_CLIENT_CONFIRMATION_OK"
13918,10409553620,10409553680,1,"IOTHUB_CLIENT_CONFIRMATION_OK"
13919,10409553820,10409553900,1,"IOTHUB_CLIENT_CONFIRMATION_OK"
13920,10409554020,10409554195,1,"IOTHUB_CLIENT_CONFIRMATION_OK"
13921,10409554220,10409554286,1,"IOTHUB_CLIENT_CONFIRMATION_OK"
13922,10409554420,10409554457,1,"IOTHUB_CLIENT_CONFIRMATION_OK"
13923,10409554620,10409554664,1,"IOTHUB_CLIENT_CONFIRMATION_OK"
13924,10409554821,10409554857,1,"IOTHUB_CLIENT_CONFIRMATION_OK"
13925,10409555021,10409555062,1,"IOTHUB_CLIENT_CONFIRMATION_OK"
13926,10409555221,10409555266,1,"IOTHUB_CLIENT_CONFIRMATION_OK"
13927,10409555421,10409555459,1,"IOTHUB_CLIENT_CONFIRMATION_OK"
13928,10409555621,10409555681,1,"IOTHUB_CLIENT_CONFIRMATION_OK"
13929,10409555821,10409555859,1,"IOTHUB_CLIENT_CONFIRMATION_OK"
13930,10409556021,10409556063,1,"IOTHUB_CLIENT_CONFIRMATION_OK"
13931,10409556222,10409556268,1,"IOTHUB_CLIENT_CONFIRMATION_OK"
13932,10409556422,10409556465,1,"IOTHUB_CLIENT_CONFIRMATION_OK"
13933,10409556622,10409556657,1,"IOTHUB_CLIENT_CONFIRMATION_OK"
13934,10409556822,10409556862,1,"IOTHUB_CLIENT_CONFIRMATION_OK"
13935,10409557022,10409557058,1,"IOTHUB_CLIENT_CONFIRMATION_OK"
13936,10409557222,10409557293,1,"IOTHUB_CLIENT_CONFIRMATION_OK"
13937,10409557423,10409557462,1,"IOTHUB_CLIENT_CONFIRMATION_OK"
13938,10409557623,10409557666,1,"IOTHUB_CLIENT_CONFIRMATION_OK"
13939,10409557823,10409557892,1,"IOTHUB_CLIENT_CONFIRMATION_OK"
13940,10409558023,10409558087,1,"IOTHUB_CLIENT_CONFIRMATION_OK"
13941,10409558223,10409558321,1,"IOTHUB_CLIENT_CONFIRMATION_OK"
13942,10409558423,10409558486,1,"IOTHUB_CLIENT_CONFIRMATION_OK"
13943,10409558624,10409558667,1,"IOTHUB_CLIENT_CONFIRMATION_OK"
13944,10409558824,10409558921,1,"IOTHUB_CLIENT_CONFIRMATION_OK"
13945,10409559024,10409559063,1,"IOTHUB_CLIENT_CONFIRMATION_OK"
13946,10409559224,10409559257,1,"IOTHUB_CLIENT_CONFIRMATION_OK"
13947,10409559424,10409559465,1,"IOTHUB_CLIENT_CONFIRMATION_OK"
13948,10409559624,10409559662,1,"IOTHUB_CLIENT_CONFIRMATION_OK"
13949,10409559825,10409559933,1,"IOTHUB_CLIENT_CONFIRMATION_OK"
13950,10409560025,10409560068,1,"IOTHUB_CLIENT_CONFIRMATION_OK"
13951,10409560225,10409560317,1,"IOTHUB_CLIENT_CONFIRMATION_OK"
13952,10409560425,10409560475,1,"IOTHUB_CLIENT_CONFIRMATION_OK"
13953,10409560625,10409560677,1,"IOTHUB_CLIENT_CONFIRMATION_OK"
13954,10409560825,10409560945,1,"IOTHUB_CLIENT_CONFIRMATION_OK"
13955,10409561026,10409561095,1,"IOTHUB_CLIENT_CONFIRMATION_OK"
13956,10409561226,10409561271,1,"IOTHUB_CLIENT_CONFIRMATION_OK"
13957,10409561426,10409561563,1,"IOTHUB_CLIENT_CONFIRMATION_OK"
13958,10409561626,10409561707,1,"IOTHUB_CLIENT_CONFIRMATION_OK"
13959,10409561826,10409561872,1,"IOTHUB_CLIENT_CONFIRMATION_OK"
13960,10409562026,10409562071,1,"IOTHUB_CLIENT_CONFIRMATION_OK"
13961,10409562226,10409562265,1,"IOTHUB_CLIENT_CONFIRMATION_OK"
13962,10409562427,10409562571,1,"IOTHUB_CLIENT_CONFIRMATION_OK"
13963,10409562627,10409562669,1,"IOTHUB_CLIENT_CONFIRMATION_OK"
13964,10409562827,10409562861,1,"IOTHUB_CLIENT_CONFIRMATION_OK"
13965,10409563027,10409563099,1,"IOTHUB_CLIENT_CONFIRMATION_OK"
13966,10409563227,10409563268,1,"IOTHUB_CLIENT_CONFIRMATION_OK"
13967,10409563427,10409563482,1,"IOTHUB_CLIENT_CONFIRMATION_OK"
13968,10409563628,10409563675,1,"IOTHUB_CLIENT_CONFIRMATION_OK"
13969,10409563828,10409563900,1,"IOTHUB_CLIENT_CONFIRMATION_OK"
13970,10409564028,10409564202,1,"IOTHUB_CLIENT_CONFIRMATION_OK"
13971,10409564228,10409564273,1,"IOTHUB_CLIENT_CONFIRMATION_OK"
13972,10409564428,10409564542,1,"IOTHUB_CLIENT_CONFIRMATION_OK"
13973,10409564628,10409564702,1,"IOTHUB_CLIENT_CONFIRMATION_OK"
13974,10409564829,10409564864,1,"IOTHUB_CLIENT_CONFIRMATION_OK"
13975,10409565029,10409565075,1,"IOTHUB_CLIENT_CONFIRMATION_OK"
13976,10409565229,10409565265,1,"IOTHUB_CLIENT_CONFIRMATION_OK"
13977,10409565429,10409565472,1,"IOTHUB_CLIENT_CONFIRMATION_OK"
13978,10409565629,10409565672,1,"IOTHUB_CLIENT_CONFIRMATION_OK"
13979,10409565829,10409565870,1,"IOTHUB_CLIENT_CONFIRMATION_OK"
13980,10409566030,10409566069,1,"IOTHUB_CLIENT_CONFIRMATION_OK"
13981,10409566230,10409566284,1,"IOTHUB_CLIENT_CONFIRMATION_OK"
13982,10409566430,10409566475,1,"IOTHUB_CLIENT_CONFIRMATION_OK"
13983,10409566630,10409566839,1,"IOTHUB_CLIENT_CONFIRMATION_OK"
13984,10409566830,10409566869,1,"IOTHUB_CLIENT_CONFIRMATION_OK"
13985,10409567030,10409567109,1,"IOTHUB_CLIENT_CONFIRMATION_OK"
13986,10409567230,10409567279,1,"IOTHUB_CLIENT_CONFIRMATION_OK"
13987,10409567431,10409567488,1,"IOTHUB_CLIENT_CONFIRMATION_OK"
13988,10409567631,10409567672,1,"IOTHUB_CLIENT_CONFIRMATION_OK"
13989,10409567831,10409567870,1,"IOTHUB_CLIENT_CONFIRMATION_OK"
13990,10409568031,10409568076,1,"IOTHUB_CLIENT_CONFIRMATION_OK"
13991,10409568231,10409568276,1,"IOTHUB_CLIENT_CONFIRMATION_OK"
13992,10409568431,10409568482,1,"IOTHUB_CLIENT_CONFIRMATION_OK"
13993,10409568632,10409568682,1,"IOTHUB_CLIENT_CONFIRMATION_OK"
13994,10409568832,10409568879,1,"IOTHUB_CLIENT_CONFIRMATION_OK"
13995,10409569032,10409569084,1,"IOTHUB_CLIENT_CONFIRMATION_OK"
13996,10409569232,10409569269,1,"IOTHUB_CLIENT_CONFIRMATION_OK"
13997,10409569432,10409569561,1,"IOTHUB_CLIENT_CONFIRMATION_OK"
13998,10409569632,10409569664,1,"IOTHUB_CLIENT_CONFIRMATION_OK"
13999,10409569833,10409569942,1,"IOTHUB_CLIENT_CONFIRMATION_OK"
14000,10409570033,10409570072,1,"IOTHUB_CLIENT_CONFIRMATION_OK"
14001,10409570233,10409570350,1,"IOTHUB_CLIENT_CONFIRMATION_OK"
14002,10409570433,10409570582,1,"IOTHUB_CLIENT_CONFIRMATION_OK"
14003,10409570633,10409570743,1,"IOTHUB_CLIENT_CONFIRMATION_OK"
14004,10409570833,10409570879,1,"IOTHUB_CLIENT_CONFIRMATION_OK"
14005,10409571033,10409571089,1,"IOTHUB_CLIENT_CONFIRMATION_OK"
14006,10409571234,10409571273,1,"IOTHUB_CLIENT_CONFIRMATION_OK"
14007,10409571434,10409571627,1,"IOTHUB_CLIENT_CONFIRMATION_OK"
14008,10409571634,10409571679,1,"IOTHUB_CLIENT_CONFIRMATION_OK"
14009,10409571834,10409571880,1,"IOTHUB_CLIENT_CONFIRMATION_OK"
14010,10409572034,10409572069,1,"IOTHUB_CLIENT_CONFIRMATION_OK"
14011,10409572234,10409572293,1,"IOTHUB_CLIENT_CONFIRMATION_OK"
14012,10409572435,10409572605,1,"IOTHUB_CLIENT_CONFIRMATION_OK"
14013,10409572635,10409572685,1,"IOTHUB_CLIENT_CONFIRMATION_OK"
14014,10409572835,10409572876,1,"IOTHUB_CLIENT_CONFIRMATION_OK"
14015,10409573035,10409573072,1,"IOTHUB_CLIENT_CONFIRMATION_OK"
14016,10409573235,10409573282,1,"IOTHUB_CLIENT_CONFIRMATION_OK"
14017,10409573435,10409573501,1,"IOTHUB_CLIENT_CONFIRMATION_OK"
14018,10409573635,10409573675,1,"IOTHUB_CLIENT_CONFIRMATION_OK"
14019,10409573836,10409573910,1,"IOTHUB_CLIENT_CONFIRMATION_OK"
14020,10409574036,10409574074,1,"IOTHUB_CLIENT_CONFIRMATION_OK"
14021,10409574236,10409574280,1,"IOTHUB_CLIENT_CONFIRMATION_OK"
14022,10409574436,10409574487,1,"IOTHUB_CLIENT_CONFIRMATION_OK"
14023,10409574636,10409574685,1,"IOTHUB_CLIENT_CONFIRMATION_OK"
14024,10409574836,10409574884,1,"IOTHUB_CLIENT_CONFIRMATION_OK"
14025,10409575037,10409575251,1,"IOTHUB_CLIENT_CONFIRMATION_OK"
14026,10409575237,10409575281,1,"IOTHUB_CLIENT_CONFIRMATION_OK"
14027,10409575437,10409575483,1,"IOTHUB_CLIENT_CONFIRMATION_OK"
14028,10409575637,10409575683,1,"IOTHUB_CLIENT_CONFIRMATION_OK"
14029,10409575837,10409575919,1,"IOTHUB_CLIENT_CONFIRMATION_OK"
14030,10409576037,10409576074,1,"IOTHUB_CLIENT_CONFIRMATION_OK"
14031,10409576238,10409576345,1,"IOTHUB_CLIENT_CONFIRMATION_OK"
14032,10409576438,10409576474,1,"IOTHUB_CLIENT_CONFIRMATION_OK"
14033,10409576638,10409576692,1,"IOTHUB_CLIENT_CONFIRMATION_OK"
14034,10409576838,10409576898,1,"IOTHUB_CLIENT_CONFIRMATION_OK"
14035,10409577038,10409577095,1,"IOTHUB_CLIENT_CONFIRMATION_OK"
14036,10409577238,10409577289,1,"IOTHUB_CLIENT_CONFIRMATION_OK"
14037,10409577438,10409577502,1,"IOTHUB_CLIENT_CONFIRMATION_OK"
14038,10409577639,10409577683,1,"IOTHUB_CLIENT_CONFIRMATION_OK"
14039,10409577839,10409577930,1,"IOTHUB_CLIENT_CONFIRMATION_OK"
14040,10409578039,10409578081,1,"IOTHUB_CLIENT_CONFIRMATION_OK"
14041,10409578239,10409578340,1,"IOTHUB_CLIENT_CONFIRMATION_OK"
14042,10409578439,10409578486,1,"IOTHUB_CLIENT_CONFIRMATION_OK"
14043,10409578639,10409578704,1,"IOTHUB_CLIENT_CONFIRMATION_OK"
14044,10409578839,10409578924,1,"IOTHUB_CLIENT_CONFIRMATION_OK"
14045,10409579040,10409579080,1,"IOTHUB_CLIENT_CONFIRMATION_OK"
14046,10409579240,10409579283,1,"IOTHUB_CLIENT_CONFIRMATION_OK"
14047,10409579440,10409579487,1,"IOTHUB_CLIENT_CONFIRMATION_OK"
14048,10409579640,10409579688,1,"IOTHUB_CLIENT_CONFIRMATION_OK"
14049,10409579840,10409579970,1,"IOTHUB_CLIENT_CONFIRMATION_OK"
14050,10409580040,10409580076,1,"IOTHUB_CLIENT_CONFIRMATION_OK"
14051,10409580241,10409580339,1,"IOTHUB_CLIENT_CONFIRMATION_OK"
14052,10409580441,10409580482,1,"IOTHUB_CLIENT_CONFIRMATION_OK"
14053,10409580641,10409580680,1,"IOTHUB_CLIENT_CONFIRMATION_OK"
14054,10409580841,10409580882,1,"IOTHUB_CLIENT_CONFIRMATION_OK"
14055,10409581041,10409581079,1,"IOTHUB_CLIENT_CONFIRMATION_OK"
14056,10409581241,10409581286,1,"IOTHUB_CLIENT_CONFIRMATION_OK"
14057,10409581442,10409581589,1,"IOTHUB_CLIENT_CONFIRMATION_OK"
14058,10409581642,10409581677,1,"IOTHUB_CLIENT_CONFIRMATION_OK"
14059,10409581842,10409581886,1,"IOTHUB_CLIENT_CONFIRMATION_OK"
14060,10409582042,10409582077,1,"IOTHUB_CLIENT_CONFIRMATION_OK"
14061,10409582242,10409582298,1,"IOTHUB_CLIENT_CONFIRMATION_OK"
14062,10409582442,10409582606,1,"IOTHUB_CLIENT_CONFIRMATION_OK"
14063,10409582642,10409582684,1,"IOTHUB_CLIENT_CONFIRMATION_OK"
14064,10409582843,10409582882,1,"IOTHUB_CLIENT_CONFIRMATION_OK"
14065,10409583043,10409583083,1,"IOTHUB_CLIENT_CONFIRMATION_OK"
14066,10409583243,10409583280,1,"IOTHUB_CLIENT_CONFIRMATION_OK"
14067,10409583443,10409583484,1,"IOTHUB_CLIENT_CONFIRMATION_OK"
14068,10409583643,10409583682,1,"IOTHUB_CLIENT_CONFIRMATION_OK"
14069,10409583843,10409583900,1,"IOTHUB_CLIENT_CONFIRMATION_OK"
14070,10409584044,10409584236,1,"IOTHUB_CLIENT_CONFIRMATION_OK"
14071,10409584244,10409584288,1,"IOTHUB_CLIENT_CONFIRMATION_OK"
14072,10409584444,10409584494,1,"IOTHUB_CLIENT_CONFIRMATION_OK"
14073,10409584644,10409584679,1,"IOTHUB_CLIENT_CONFIRMATION_OK"
14074,10409584844,10409584887,1,"IOTHUB_CLIENT_CONFIRMATION_OK"
14075,10409585044,10409585256,1,"IOTHUB_CLIENT_CONFIRMATION_OK"
14076,10409585245,10409585292,1,"IOTHUB_CLIENT_CONFIRMATION_OK"
14077,10409585445,10409585555,1,"IOTHUB_CLIENT_CONFIRMATION_OK"
14078,10409585645,10409585753,1,"IOTHUB_CLIENT_CONFIRMATION_OK"
14079,10409585845,10409585884,1,"IOTHUB_CLIENT_CONFIRMATION_OK"
14080,10409586045,10409586092,1,"IOTHUB_CLIENT_CONFIRMATION_OK"
14081,10409586245,10409586292,1,"IOTHUB_CLIENT_CONFIRMATION_OK"
14082,10409586446,10409586578,1,"IOTHUB_CLIENT_CONFIRMATION_OK"
14083,10409586646,10409586776,1,"IOTHUB_CLIENT_CONFIRMATION_OK"
14084,10409586846,10409586920,1,"IOTHUB_CLIENT_CONFIRMATION_OK"
14085,10409587046,10409587095,1,"IOTHUB_CLIENT_CONFIRMATION_OK"
14086,10409587246,10409587391,1,"IOTHUB_CLIENT_CONFIRMATION_OK"
14087,10409587446,10409587495,1,"IOTHUB_CLIENT_CONFIRMATION_OK"
14088,10409587647,10409587708,1,"IOTHUB_CLIENT_CONFIRMATION_OK"
14089,10409587847,10409587893,1,"IOTHUB_CLIENT_CONFIRMATION_OK"
14090,10409588047,10409588093,1,"IOTHUB_CLIENT_CONFIRMATION_OK"
14091,10409588247,10409588387,1,"IOTHUB_CLIENT_CONFIRMATION_OK"
14092,10409588447,10409588499,1,"IOTHUB_CLIENT_CONFIRMATION_OK"
14093,10409588647,10409588686,1,"IOTHUB_CLIENT_CONFIRMATION_OK"
14094,10409588847,10409588889,1,"IOTHUB_CLIENT_CONFIRMATION_OK"
14095,10409589048,10409589106,1,"IOTHUB_CLIENT_CONFIRMATION_OK"
14096,10409589248,10409589310,1,"IOTHUB_CLIENT_CONFIRMATION_OK"
14097,10409589448,10409589500,1,"IOTHUB_CLIENT_CONFIRMATION_OK"
14098,10409589648,10409589695,1,"IOTHUB_CLIENT_CONFIRMATION_OK"
14099,10409589848,10409589911,1,"IOTHUB_CLIENT_CONFIRMATION_OK"
14100,10409590048,10409590094,1,"IOTHUB_CLIENT_CONFIRMATION_OK"
14101,10409590249,10409590298,1,"IOTHUB_CLIENT_CONFIRMATION_OK"
14102,10409590449,10409590515,1,"IOTHUB_CLIENT_CONFIRMATION_OK"
14103,10409590649,10409590696,1,"IOTHUB_CLIENT_CONFIRMATION_OK"
14104,10409590849,10409590894,1,"IOTHUB_CLIENT_CONFIRMATION_OK"
14105,10409591049,10409591093,1,"IOTHUB_CLIENT_CONFIRMATION_OK"
14106,10409591249,10409591298,1,"IOTHUB_CLIENT_CONFIRMATION_OK"
14107,10409591449,10409591542,1,"IOTHUB_CLIENT_CONFIRMATION_OK"
14108,10409591650,10409591702,1,"IOTHUB_CLIENT_CONFIRMATION_OK"
14109,10409591850,10409591895,1,"IOTHUB_CLIENT_CONFIRMATION_OK"
14110,10409592050,10409592102,1,"IOTHUB_CLIENT_CONFIRMATION_OK"
14111,10409592250,10409592290,1,"IOTHUB_CLIENT_CONFIRMATION_OK"
14112,10409592450,10409592572,1,"IOTHUB_CLIENT_CONFIRMATION_OK"
14113,10409592650,10409592696,1,"IOTHUB_CLIENT_CONFIRMATION_OK"
14114,10409592851,10409592893,1,"IOTHUB_CLIENT_CONFIRMATION_OK"
14115,10409593051,10409593161,1,"IOTHUB_CLIENT_CONFIRMATION_OK"
14116,10409593251,10409593287,1,"IOTHUB_CLIENT_CONFIRMATION_OK"
14117,10409593451,10409593501,1,"IOTHUB_CLIENT_CONFIRMATION_OK"
14118,10409593651,10409593695,1,"IOTHUB_CLIENT_CONFIRMATION_OK"
14119,10409593851,10409593897,1,"IOTHUB_CLIENT_CONFIRMATION_OK"
14120,10409594051,10409594210,1,"IOTHUB_CLIENT_CONFIRMATION_OK"
14121,10409594252,10409594290,1,"IOTHUB_CLIENT_CONFIRMATION_OK"
14122,10409594452,10409594503,1,"IOTHUB_CLIENT_CONFIRMATION_OK"
14123,10409594652,10409594769,1,"IOTHUB_CLIENT_CONFIRMATION_OK"
14124,10409594852,10409594898,1,"IOTHUB_CLIENT_CONFIRMATION_OK"
14125,10409595052,10409595087,1,"IOTHUB_CLIENT_CONFIRMATION_OK"
14126,10409595252,10409595289,1,"IOTHUB_CLIENT_CONFIRMATION_OK"
14127,10409595453,10409595493,1,"IOTHUB_CLIENT_CONFIRMATION_OK"
14128,10409595653,10409595691,1,"IOTHUB_CLIENT_CONFIRMATION_OK"
14129,10409595853,10409595898,1,"IOTHUB_CLIENT_CONFIRMATION_OK"
14130,10409596053,10409596088,1,"IOTHUB_CLIENT_CONFIRMATION_OK"
14131,10409596253,10409596295,1,"IOTHUB_CLIENT_CONFIRMATION_OK"
14132,10409596453,10409596489,1,"IOTHUB_CLIENT_CONFIRMATION_OK"
14133,10409596654,10409596867,1,"IOTHUB_CLIENT_CONFIRMATION_OK"
14134,10409596854,10409596909,1,"IOTHUB_CLIENT_CONFIRMATION_OK"
14135,10409597054,10409597094,1,"IOTHUB_CLIENT_CONFIRMATION_OK"
14136,10409597254,10409597294,1,"IOTHUB_CLIENT_CONFIRMATION_OK"
14137,10409597454,10409597523,1,"IOTHUB_CLIENT_CONFIRMATION_OK"
14138,10409597654,10409597722,1,"IOTHUB_CLIENT_CONFIRMATION_OK"
14139,10409597854,10409597909,1,"IOTHUB_CLIENT_CONFIRMATION_OK"
14140,10409598055,10409598099,1,"IOTHUB_CLIENT_CONFIRMATION_OK"
14141,10409598255,10409598290,1,"IOTHUB_CLIENT_CONFIRMATION_OK"
14142,10409598455,10409598514,1,"IOTHUB_CLIENT_CONFIRMATION_OK"
14143,10409598655,10409598698,1,"IOTHUB_CLIENT_CONFIRMATION_OK"
14144,10409598855,10409598972,1,"IOTHUB_CLIENT_CONFIRMATION_OK"
14145,10409599055,10409599098,1,"IOTHUB_CLIENT_CONFIRMATION_OK"
14146,10409599256,10409599320,1,"IOTHUB_CLIENT_CONFIRMATION_OK"
14147,10409599456,10409599499,1,"IOTHUB_CLIENT_CONFIRMATION_OK"
14148,10409599656,10409599695,1,"IOTHUB_CLIENT_CONFIRMATION_OK"
14149,10409599856,10409599993,1,"IOTHUB_CLIENT_CONFIRMATION_OK"
14150,10409600056,10409600099,1,"IOTHUB_CLIENT_CONFIRMATION_OK"
14151,10409600256,10409600302,1,"IOTHUB_CLIENT_CONFIRMATION_OK"
14152,10409600457,10409600557,1,"IOTHUB_CLIENT_CONFIRMATION_OK"
14153,10409600657,10409600703,1,"IOTHUB_CLIENT_CONFIRMATION_OK"
14154,10409600857,10409600897,1,"IOTHUB_CLIENT_CONFIRMATION_OK"
14155,10409601057,10409601099,1,"IOTHUB_CLIENT_CONFIRMATION_OK"
14156,10409601257,10409601311,1,"IOTHUB_CLIENT_CONFIRMATION_OK"
14157,10409601458,10409601562,1,"IOTHUB_CLIENT_CONFIRMATION_OK"
14158,10409601658,10409601881,1,"IOTHUB_CLIENT_CONFIRMATION_OK"
14159,10409601858,10409601920,1,"IOTHUB_CLIENT_CONFIRMATION_OK"
14160,10409602058,10409602130,1,"IOTHUB_CLIENT_CONFIRMATION_OK"
14161,10409602258,10409602312,1,"IOTHUB_CLIENT_CONFIRMATION_OK"
14162,10409602458,10409602528,1,"IOTHUB_CLIENT_CONFIRMATION_OK"
14163,10409602659,10409602738,1,"IOTHUB_CLIENT_CONFIRMATION_OK"
14164,10409602859,10409602901,1,"IOTHUB_CLIENT_CONFIRMATION_OK"
14165,10409603059,10409603155,1,"IOTHUB_CLIENT_CONFIRMATION_OK"
14166,10409603259,10409603297,1,"IOTHUB_CLIENT_CONFIRMATION_OK"
14167,10409603459,10409603496,1,"IOTHUB_CLIENT_CONFIRMATION_OK"
14168,10409603659,10409603727,1,"IOTHUB_CLIENT_CONFIRMATION_OK"
14169,10409603860,10409603896,1,"IOTHUB_CLIENT_CONFIRMATION_OK"
14170,10409604060,10409604190,1,"IOTHUB_CLIENT_CONFIRMATION_OK"
14171,10409604260,10409604296,1,"IOTHUB_CLIENT_CONFIRMATION_OK"
14172,10409604460,10409604520,1,"IOTHUB_CLIENT_CONFIRMATION_OK"
14173,10409604660,10409604706,1,"IOTHUB_CLIENT_CONFIRMATION_OK"
14174,10409604860,10409604912,1,"IOTHUB_CLIENT_CONFIRMATION_OK"
14175,10409605061,10409605104,1,"IOTHUB_CLIENT_CONFIRMATION_OK"
14176,10409605261,10409605312,1,"IOTHUB_CLIENT_CONFIRMATION_OK"
14177,10409605461,10409605519,1,"IOTHUB_CLIENT_CONFIRMATION_OK"
14178,10409605661,10409605796,1,"IOTHUB_CLIENT_CONFIRMATION_OK"
14179,10409605861,10409605925,1,"IOTHUB_CLIENT_CONFIRMATION_OK"
14180,10409606061,10409606100,1,"IOTHUB_CLIENT_CONFIRMATION_OK"
14181,10409606262,10409606316,1,"IOTHUB_CLIENT_CONFIRMATION_OK"
14182,10409606462,10409606518,1,"IOTHUB_CLIENT_CONFIRMATION_OK"
14183,10409606662,10409606706,1,"IOTHUB_CLIENT_CONFIRMATION_OK"
14184,10409606862,10409606910,1,"IOTHUB_CLIENT_CONFIRMATION_OK"
14185,10409607062,10409607103,1,"IOTHUB_CLIENT_CONFIRMATION_OK"
14186,10409607262,10409607316,1,"IOTHUB_CLIENT_CONFIRMATION_OK"
14187,10409607462,10409607502,1,"IOTHUB_CLIENT_CONFIRMATION_OK"
14188,10409607663,10409607734,1,"IOTHUB_CLIENT_CONFIRMATION_OK"
14189,10409607863,10409607932,1,"IOTHUB_CLIENT_CONFIRMATION_OK"
14190,10409608063,10409608104,1,"IOTHUB_CLIENT_CONFIRMATION_OK"
14191,10409608263,10409608327,1,"IOTHUB_CLIENT_CONFIRMATION_OK"
14192,10409608463,10409608517,1,"IOTHUB_CLIENT_CONFIRMATION_OK"
14193,10409608663,10409608716,1,"IOTHUB_CLIENT_CONFIRMATION_OK"
14194,10409608864,10409608936,1,"IOTHUB_CLIENT_CONFIRMATION_OK"
14195,10409609064,10409609185,1,"IOTHUB_CLIENT_CONFIRMATION_OK"
14196,10409609264,10409609308,1,"IOTHUB_CLIENT_CONFIRMATION_OK"
14197,10409609464,10409609504,1,"IOTHUB_CLIENT_CONFIRMATION_OK"
14198,10409609664,10409609722,1,"IOTHUB_CLIENT_CONFIRMATION_OK"
14199,10409609864,10409609959,1,"IOTHUB_CLIENT_CONFIRMATION_OK"
14200,10409610064,10409610118,1,"IOTHUB_CLIENT_CONFIRMATION_OK"
14201,10409610265,10409610308,1,"IOTHUB_CLIENT_CONFIRMATION_OK"
14202,10409610465,10409610569,1,"IOTHUB_CLIENT_CONFIRMATION_OK"
14203,10409610665,10409610707,1,"IOTHUB_CLIENT_CONFIRMATION_OK"
14204,10409610865,10409610922,1,"IOTHUB_CLIENT_CONFIRMATION_OK"
14205,10409611065,10409611108,1,"IOTHUB_CLIENT_CONFIRMATION_OK"
14206,10409611265,10409611312,1,"IOTHUB_CLIENT_CONFIRMATION_OK"
14207,10409611466,10409611593,1,"IOTHUB_CLIENT_CONFIRMATION_OK"
14208,10409611666,10409611786,1,"IOTHUB_CLIENT_CONFIRMATION_OK"
14209,10409611866,10409611914,1,"IOTHUB_CLIENT_CONFIRMATION_OK"
14210,10409612066,10409612118,1,"IOTHUB_CLIENT_CONFIRMATION_OK"
14211,10409612266,10409612317,1,"IOTHUB_CLIENT_CONFIRMATION_OK"
14212,10409612466,10409612622,1,"IOTHUB_CLIENT_CONFIRMATION_OK"
14213,10409612666,10409612706,1,"IOTHUB_CLIENT_CONFIRMATION_OK"
14214,10409612867,10409612922,1,"IOTHUB_CLIENT_CONFIRMATION_OK"
14215,10409613067,10409613230,1,"IOTHUB_CLIENT_CONFIRMATION_OK"
14216,10409613267,10409613352,1,"IOTHUB_CLIENT_CONFIRMATION_OK"
14217,10409613467,10409613509,1,"IOTHUB_CLIENT_CONFIRMATION_OK"
14218,10409613667,10409613716,1,"IOTHUB_CLIENT_CONFIRMATION_OK"
14219,10409613867,10409613907,1,"IOTHUB_CLIENT_CONFIRMATION_OK"
14220,10409614068,10409614238,1,"IOTHUB_CLIENT_CONFIRMATION_OK"
14221,10409614268,10409614309,1,"IOTHUB_CLIENT_CONFIRMATION_OK"
14222,10409614468,10409614528,1,"IOTHUB_CLIENT_CONFIRMATION_OK"
14223,10409614668,10409614708,1,"IOTHUB_CLIENT_CONFIRMATION_OK"
14224,10409614868,10409614928,1,"IOTHUB_CLIENT_CONFIRMATION_OK"
14225,10409615068,10409615116,1,"IOTHUB_CLIENT_CONFIRMATION_OK"
14226,10409615269,10409615309,1,"IOTHUB_CLIENT_CONFIRMATION_OK"
14227,10409615469,10409615518,1,"IOTHUB_CLIENT_CONFIRMATION_OK"
14228,10409615669,10409615879,1,"IOTHUB_CLIENT_CONFIRMATION_OK"
14229,10409615869,10409615946,1,"IOTHUB_CLIENT_CONFIRMATION_OK"
14230,10409616069,10409616107,1,"IOTHUB_CLIENT_CONFIRMATION_OK"
14231,10409616269,10409616309,1,"IOTHUB_CLIENT_CONFIRMATION_OK"
14232,10409616470,10409616518,1,"IOTHUB_CLIENT_CONFIRMATION_OK"
14233,10409616670,10409616925,1,"IOTHUB_CLIENT_CONFIRMATION_OK"
14234,10409616870,10409616954,1,"IOTHUB_CLIENT_CONFIRMATION_OK"
14235,10409617070,10409617111,1,"IOTHUB_CLIENT_CONFIRMATION_OK"
14236,10409617270,10409617312,1,"IOTHUB_CLIENT_CONFIRMATION_OK"
14237,10409617470,10409617528,1,"IOTHUB_CLIENT_CONFIRMATION_OK"
14238,10409617671,10409617709,1,"IOTHUB_CLIENT_CONFIRMATION_OK"
14239,10409617871,10409617933,1,"IOTHUB_CLIENT_CONFIRMATION_OK"
14240,10409618071,10409618108,1,"IOTHUB_CLIENT_CONFIRMATION_OK"
14241,10409618271,10409618358,1,"IOTHUB_CLIENT_CONFIRMATION_OK"
14242,10409618471,10409618520,1,"IOTHUB_CLIENT_CONFIRMATION_OK"
14243,10409618671,10409618711,1,"IOTHUB_CLIENT_CONFIRMATION_OK"
14244,10409618872,10409618919,1,"IOTHUB_CLIENT_CONFIRMATION_OK"
14245,10409619072,10409619116,1,"IOTHUB_CLIENT_CONFIRMATION_OK"
14246,10409619272,10409619331,1,"IOTHUB_CLIENT_CONFIRMATION_OK"
14247,10409619472,10409619503,1,"IOTHUB_CLIENT_CONFIRMATION_OK"
14248,10409619672,10409619724,1,"IOTHUB_CLIENT_CONFIRMATION_OK"
14249,10409619872,10409619957,1,"IOTHUB_CLIENT_CONFIRMATION_OK"
14250,10409620072,10409620110,1,"IOTHUB_CLIENT_CONFIRMATION_OK"
14251,10409620273,10409620324,1,"IOTHUB_CLIENT_CONFIRMATION_OK"
14252,10409620473,10409620576,1,"IOTHUB_CLIENT_CONFIRMATION_OK"
14253,10409620673,10409620970,1,"IOTHUB_CLIENT_CONFIRMATION_OK"
14254,10409620873,10409621005,1,"IOTHUB_CLIENT_CONFIRMATION_OK"
14255,10409621073,10409621126,1,"IOTHUB_CLIENT_CONFIRMATION_OK"
14256,10409621273,10409621317,1,"IOTHUB_CLIENT_CONFIRMATION_OK"
14257,10409621474,10409621755,1,"IOTHUB_CLIENT_CONFIRMATION_OK"
14258,10409621674,10409621787,1,"IOTHUB_CLIENT_CONFIRMATION_OK"
14259,10409621874,10409621915,1,"IOTHUB_CLIENT_CONFIRMATION_OK"
14260,10409622074,10409622116,1,"IOTHUB_CLIENT_CONFIRMATION_OK"
14261,10409622274,10409622328,1,"IOTHUB_CLIENT_CONFIRMATION_OK"
14262,10409622474,10409622581,1,"IOTHUB_CLIENT_CONFIRMATION_OK"
14263,10409622675,10409622744,1,"IOTHUB_CLIENT_CONFIRMATION_OK"
14264,10409622875,10409622922,1,"IOTHUB_CLIENT_CONFIRMATION_OK"
14265,10409623075,10409623180,1,"IOTHUB_CLIENT_CONFIRMATION_OK"
14266,10409623275,10409623324,1,"IOTHUB_CLIENT_CONFIRMATION_OK"
14267,10409623475,10409623519,1,"IOTHUB_CLIENT_CONFIRMATION_OK"
14268,10409623675,10409623807,1,"IOTHUB_CLIENT_CONFIRMATION_OK"
14269,10409623876,10409623925,1,"IOTHUB_CLIENT_CONFIRMATION_OK"
14270,10409624076,10409624186,1,"IOTHUB_CLIENT_CONFIRMATION_OK"
14271,10409624276,10409624322,1,"IOTHUB_CLIENT_CONFIRMATION_OK"
14272,10409624476,10409624529,1,"IOTHUB_CLIENT_CONFIRMATION_OK"
14273,10409624676,10409624797,1,"IOTHUB_CLIENT_CONFIRMATION_OK"
14274,10409624876,10409624956,1,"IOTHUB_CLIENT_CONFIRMATION_OK"
14275,10409625077,10409625122,1,"IOTHUB_CLIENT_CONFIRMATION_OK"
14276,10409625277,10409625331,1,"IOTHUB_CLIENT_CONFIRMATION_OK"
14277,10409625477,10409625519,1,"IOTHUB_CLIENT_CONFIRMATION_OK"
14278,10409625677,10409625967,1,"IOTHUB_CLIENT_CONFIRMATION_OK"
14279,10409625877,10409625989,1,"IOTHUB_CLIENT_CONFIRMATION_OK"
14280,10409626077,10409626118,1,"IOTHUB_CLIENT_CONFIRMATION_OK"
14281,10409626277,10409626332,1,"IOTHUB_CLIENT_CONFIRMATION_OK"
14282,10409626478,10409626521,1,"IOTHUB_CLIENT_CONFIRMATION_OK"
14283,10409626678,10409626867,1,"IOTHUB_CLIENT_CONFIRMATION_OK"
14284,10409626878,10409626920,1,"IOTHUB_CLIENT_CONFIRMATION_OK"
14285,10409627078,10409627132,1,"IOTHUB_CLIENT_CONFIRMATION_OK"
14286,10409627278,10409627326,1,"IOTHUB_CLIENT_CONFIRMATION_OK"
14287,10409627479,10409627525,1,"IOTHUB_CLIENT_CONFIRMATION_OK"
14288,10409627679,10409627723,1,"IOTHUB_CLIENT_CONFIRMATION_OK"
14289,10409627879,10409627930,1,"IOTHUB_CLIENT_CONFIRMATION_OK"
14290,10409628079,10409628126,1,"IOTHUB_CLIENT_CONFIRMATION_OK"
14291,10409628279,10409628486,1,"IOTHUB_CLIENT_CONFIRMATION_OK"
14292,10409628479,10409628519,1,"IOTHUB_CLIENT_CONFIRMATION_OK"
14293,10409628679,10409628719,1,"IOTHUB_CLIENT_CONFIRMATION_OK"
14294,10409628880,10409628941,1,"IOTHUB_CLIENT_CONFIRMATION_OK"
14295,10409629080,10409629175,1,"IOTHUB_CLIENT_CONFIRMATION_OK"
14296,10409629280,10409629330,1,"IOTHUB_CLIENT_CONFIRMATION_OK"
14297,10409629480,10409629525,1,"IOTHUB_CLIENT_CONFIRMATION_OK"
14298,10409629680,10409629720,1,"IOTHUB_CLIENT_CONFIRMATION_OK"
14299,10409629880,10409629920,1,"IOTHUB_CLIENT_CONFIRMATION_OK"
14300,10409630081,10409630131,1,"IOTHUB_CLIENT_CONFIRMATION_OK"
14301,10409630281,10409630330,1,"IOTHUB_CLIENT_CONFIRMATION_OK"
14302,10409630481,10409630531,1,"IOTHUB_CLIENT_CONFIRMATION_OK"
14303,10409630681,10409630757,1,"IOTHUB_CLIENT_CONFIRMATION_OK"
14304,10409630881,10409630956,1,"IOTHUB_CLIENT_CONFIRMATION_OK"
14305,10409631081,10409631128,1,"IOTHUB_CLIENT_CONFIRMATION_OK"
14306,10409631282,10409631403,1,"IOTHUB_CLIENT_CONFIRMATION_OK"
14307,10409631482,10409631519,1,"IOTHUB_CLIENT_CONFIRMATION_OK"
14308,10409631682,10409631743,1,"IOTHUB_CLIENT_CONFIRMATION_OK"
14309,10409631882,10409631938,1,"IOTHUB_CLIENT_CONFIRMATION_OK"
14310,10409632082,10409632147,1,"IOTHUB_CLIENT_CONFIRMATION_OK"
14311,10409632282,10409632324,1,"IOTHUB_CLIENT_CONFIRMATION_OK"
14312,10409632483,10409632614,1,"IOTHUB_CLIENT_CONFIRMATION_OK"
14313,10409632683,10409632727,1,"IOTHUB_CLIENT_CONFIRMATION_OK"
14314,10409632883,10409632920,1,"IOTHUB_CLIENT_CONFIRMATION_OK"
14315,10409633083,10409633163,1,"IOTHUB_CLIENT_CONFIRMATION_OK"
14316,10409633283,10409633319,1,"IOTHUB_CLIENT_CONFIRMATION_OK"
14317,10409633483,10409633554,1,"IOTHUB_CLIENT_CONFIRMATION_OK"
14318,10409633683,10409633725,1,"IOTHUB_CLIENT_CONFIRMATION_OK"
14319,10409633884,10409633927,1,"IOTHUB_CLIENT_CONFIRMATION_OK"
14320,10409634084,10409634173,1,"IOTHUB_CLIENT_CONFIRMATION_OK"
14321,10409634284,10409634324,1,"IOTHUB_CLIENT_CONFIRMATION_OK"
14322,10409634484,10409634608,1,"IOTHUB_CLIENT_CONFIRMATION_OK"
14323,10409634684,10409634801,1,"IOTHUB_CLIENT_CONFIRMATION_OK"
14324,10409634884,10409634946,1,"IOTHUB_CLIENT_CONFIRMATION_OK"
14325,10409635085,10409635124,1,"IOTHUB_CLIENT_CONFIRMATION_OK"
14326,10409635285,10409635340,1,"IOTHUB_CLIENT_CONFIRMATION_OK"
14327,10409635485,10409635522,1,"IOTHUB_CLIENT_CONFIRMATION_OK"
14328,10409635685,10409635836,1,"IOTHUB_CLIENT_CONFIRMATION_OK"
14329,10409635885,10409635934,1,"IOTHUB_CLIENT_CONFIRMATION_OK"
14330,10409636085,10409636139,1,"IOTHUB_CLIENT_CONFIRMATION_OK"
14331,10409636286,10409636331,1,"IOTHUB_CLIENT_CONFIRMATION_OK"
14332,10409636486,10409636536,1,"IOTHUB_CLIENT_CONFIRMATION_OK"
14333,10409636686,10409636843,1,"IOTHUB_CLIENT_CONFIRMATION_OK"
14334,10409636886,10409636932,1,"IOTHUB_CLIENT_CONFIRMATION_OK"
14335,10409637086,10409637131,1,"IOTHUB_CLIENT_CONFIRMATION_OK"
14336,10409637286,10409637334,1,"IOTHUB_CLIENT_CONFIRMATION_OK"
14337,10409637486,10409637532,1,"IOTHUB_CLIENT_CONFIRMATION_OK"
14338,10409637687,10409637722,1,"IOTHUB_CLIENT_CONFIRMATION_OK"
14339,10409637887,10409637934,1,"IOTHUB_CLIENT_CONFIRMATION_OK"
14340,10409638087,10409638126,1,"IOTHUB_CLIENT_CONFIRMATION_OK"
14341,10409638287,10409638478,1,"IOTHUB_CLIENT_CONFIRMATION_OK"
14342,10409638487,10409638528,1,"IOTHUB_CLIENT_CONFIRMATION_OK"
14343,10409638687,10409638730,1,"IOTHUB_CLIENT_CONFIRMATION_OK"
14344,10409638888,10409638953,1,"IOTHUB_CLIENT_CONFIRMATION_OK"
14345,10409639088,10409639130,1,"IOTHUB_CLIENT_CONFIRMATION_OK"
14346,10409639288,10409639323,1,"IOTHUB_CLIENT_CONFIRMATION_OK"
14347,10409639488,10409639529,1,"IOTHUB_CLIENT_CONFIRMATION_OK"
14348,10409639688,10409639747,1,"IOTHUB_CLIENT_CONFIRMATION_OK"
14349,10409639888,10409639972,1,"IOTHUB_CLIENT_CONFIRMATION_OK"
14350,10409640089,10409640123,1,"IOTHUB_CLIENT_CONFIRMATION_OK"
14351,10409640289,10409640327,1,"IOTHUB_CLIENT_CONFIRMATION_OK"
14352,10409640489,10409640647,1,"IOTHUB_CLIENT_CONFIRMATION_OK"
14353,10409640689,10409640734,1,"IOTHUB_CLIENT_CONFIRMATION_OK"
14354,10409640889,10409641021,1,"IOTHUB_CLIENT_CONFIRMATION_OK"
14355,10409641089,10409641137,1,"IOTHUB_CLIENT_CONFIRMATION_OK"
14356,10409641289,10409641338,1,"IOTHUB_CLIENT_CONFIRMATION_OK"
14357,10409641490,10409641613,1,"IOTHUB_CLIENT_CONFIRMATION_OK"
14358,10409641690,10409641730,1,"IOTHUB_CLIENT_CONFIRMATION_OK"
14359,10409641890,10409641938,1,"IOTHUB_CLIENT_CONFIRMATION_OK"
14360,10409642090,10409642127,1,"IOTHUB_CLIENT_CONFIRMATION_OK"
14361,10409642290,10409642346,1,"IOTHUB_CLIENT_CONFIRMATION_OK"
14362,10409642490,10409642629,1,"IOTHUB_CLIENT_CONFIRMATION_OK"
14363,10409642690,10409642729,1,"IOTHUB_CLIENT_CONFIRMATION_OK"
14364,10409642891,10409642934,1,"IOTHUB_CLIENT_CONFIRMATION_OK"
14365,10409643091,10409643265,1,"IOTHUB_CLIENT_CONFIRMATION_OK"
14366,10409643291,10409643332,1,"IOTHUB_CLIENT_CONFIRMATION_OK"
14367,10409643491,10409643559,1,"IOTHUB_CLIENT_CONFIRMATION_OK"
14368,10409643691,10409643731,1,"IOTHUB_CLIENT_CONFIRMATION_OK"
14369,10409643891,10409643940,1,"IOTHUB_CLIENT_CONFIRMATION_OK"
14370,10409644092,10409644271,1,"IOTHUB_CLIENT_CONFIRMATION_OK"
14371,10409644292,10409644342,1,"IOTHUB_CLIENT_CONFIRMATION_OK"
14372,10409644492,10409644530,1,"IOTHUB_CLIENT_CONFIRMATION_OK"
14373,10409644692,10409644734,1,"IOTHUB_CLIENT_CONFIRMATION_OK"
14374,10409644892,10409644940,1,"IOTHUB_CLIENT_CONFIRMATION_OK"
14375,10409645092,10409645160,1,"IOTHUB_CLIENT_CONFIRMATION_OK"
14376,10409645293,10409645374,1,"IOTHUB_CLIENT_CONFIRMATION_OK"
14377,10409645493,10409645539,1,"IOTHUB_CLIENT_CONFIRMATION_OK"
14378,10409645693,10409645753,1,"IOTHUB_CLIENT_CONFIRMATION_OK"
14379,10409645893,10409645934,1,"IOTHUB_CLIENT_CONFIRMATION_OK"
14380,10409646093,10409646128,1,"IOTHUB_CLIENT_CONFIRMATION_OK"
14381,10409646293,10409646365,1,"IOTHUB_CLIENT_CONFIRMATION_OK"
14382,10409646494,10409646548,1,"IOTHUB_CLIENT_CONFIRMATION_OK"
14383,10409646694,10409646732,1,"IOTHUB_CLIENT_CONFIRMATION_OK"
14384,10409646894,10409646964,1,"IOTHUB_CLIENT_CONFIRMATION_OK"
14385,10409647094,10409647134,1,"IOTHUB_CLIENT_CONFIRMATION_OK"
14386,10409647294,10409647332,1,"IOTHUB_CLIENT_CONFIRMATION_OK"
14387,10409647494,10409647535,1,"IOTHUB_CLIENT_CONFIRMATION_OK"
14388,10409647694,10409647743,1,"IOTHUB_CLIENT_CONFIRMATION_OK"
14389,10409647895,10409647934,1,"IOTHUB_CLIENT_CONFIRMATION_OK"
14390,10409648095,10409648185,1,"IOTHUB_CLIENT_CONFIRMATION_OK"
14391,10409648295,10409648357,1,"IOTHUB_CLIENT_CONFIRMATION_OK"
14392,10409648495,10409648537,1,"IOTHUB_CLIENT_CONFIRMATION_OK"
14393,10409648695,10409648733,1,"IOTHUB_CLIENT_CONFIRMATION_OK"
14394,10409648895,10409649026,1,"IOTHUB_CLIENT_CONFIRMATION_OK"
14395,10409649108,10409649152,1,"IOTHUB_CLIENT_CONFIRMATION_OK"
14396,10409649308,10409649473,1,"IOTHUB_CLIENT_CONFIRMATION_OK"
14397,10409649508,10409649554,1,"IOTHUB_CLIENT_CONFIRMATION_OK"
14398,10409649709,10409649757,1,"IOTHUB_CLIENT_CONFIRMATION_OK"
14399,10409649909,10409649952,1,"IOTHUB_CLIENT_CONFIRMATION_OK"
14400,10409650109,10409650152,1,"IOTHUB_CLIENT_CONFIRMATION_OK"
14401,10409650309,10409650501,1,"IOTHUB_CLIENT_CONFIRMATION_OK"
14402,10409650509,10409650546,1,"IOTHUB_CLIENT_CONFIRMATION_OK"
14403,10409650709,10409650751,1,"IOTHUB_CLIENT_CONFIRMATION_OK"
14404,10409650910,10409650951,1,"IOTHUB_CLIENT_CONFIRMATION_OK"
14405,10409651110,10409651154,1,"IOTHUB_CLIENT_CONFIRMATION_OK"
14406,10409651310,10409651370,1,"IOTHUB_CLIENT_CONFIRMATION_OK"
14407,10409651510,10409651554,1,"IOTHUB_CLIENT_CONFIRMATION_OK"
14408,10409651710,10409651761,1,"IOTHUB_CLIENT_CONFIRMATION_OK"
14409,10409651910,10409651951,1,"IOTHUB_CLIENT_CONFIRMATION_OK"
14410,10409652111,10409652148,1,"IOTHUB_CLIENT_CONFIRMATION_OK"
14411,10409652311,10409652345,1,"IOTHUB_CLIENT_CONFIRMATION_OK"
14412,10409652511,10409652549,1,"IOTHUB_CLIENT_CONFIRMATION_OK"
14413,10409652711,10409652759,1,"IOTHUB_CLIENT_CONFIRMATION_OK"
14414,10409652911,10409652982,1,"IOTHUB_CLIENT_CONFIRMATION_OK"
14415,10409653111,10409653152,1,"IOTHUB_CLIENT_CONFIRMATION_OK"
14416,10409653312,10409653349,1,"IOTHUB_CLIENT_CONFIRMATION_OK"
14417,10409653512,10409653556,1,"IOTHUB_CLIENT_CONFIRMATION_OK"
14418,10409653712,10409653891,1,"IOTHUB_CLIENT_CONFIRMATION_OK"
14419,10409653912,10409653950,1,"IOTHUB_CLIENT_CONFIRMATION_OK"
14420,10409654112,10409654184,1,"IOTHUB_CLIENT_CONFIRMATION_OK"
14421,10409654312,10409654420,1,"IOTHUB_CLIENT_CONFIRMATION_OK"
14422,10409654513,10409654568,1,"IOTHUB_CLIENT_CONFIRMATION_OK"
14423,10409654713,10409654778,1,"IOTHUB_CLIENT_CONFIRMATION_OK"
14424,10409654913,10409655018,1,"IOTHUB_CLIENT_CONFIRMATION_OK"
14425,10409655113,10409655187,1,"IOTHUB_CLIENT_CONFIRMATION_OK"
14426,10409655313,10409655354,1,"IOTHUB_CLIENT_CONFIRMATION_OK"
14427,10409655513,10409655590,1,"IOTHUB_CLIENT_CONFIRMATION_OK"
14428,10409655713,10409655754,1,"IOTHUB_CLIENT_CONFIRMATION_OK"
14429,10409655914,10409655957,1,"IOTHUB_CLIENT_CONFIRMATION_OK"
14430,10409656114,10409656152,1,"IOTHUB_CLIENT_CONFIRMATION_OK"
14431,10409656314,10409656354,1,"IOTHUB_CLIENT_CONFIRMATION_OK"
14432,10409656514,10409656649,1,"IOTHUB_CLIENT_CONFIRMATION_OK"
14433,10409656714,10409656759,1,"IOTHUB_CLIENT_CONFIRMATION_OK"
14434,10409656914,10409656957,1,"IOTHUB_CLIENT_CONFIRMATION_OK"
14435,10409657115,10409657267,1,"IOTHUB_CLIENT_CONFIRMATION_OK"
14436,10409657315,10409657354,1,"IOTHUB_CLIENT_CONFIRMATION_OK"
14437,10409657515,10409657559,1,"IOTHUB_CLIENT_CONFIRMATION_OK"
14438,10409657715,10409657756,1,"IOTHUB_CLIENT_CONFIRMATION_OK"
14439,10409657915,10409657955,1,"IOTHUB_CLIENT_CONFIRMATION_OK"
14440,10409658115,10409658159,1,"IOTHUB_CLIENT_CONFIRMATION_OK"
14441,10409658316,10409658432,1,"IOTHUB_CLIENT_CONFIRMATION_OK"
14442,10409658516,10409658584,1,"IOTHUB_CLIENT_CONFIRMATION_OK"
14443,10409658716,10409658766,1,"IOTHUB_CLIENT_CONFIRMATION_OK"
14444,10409658916,10409658967,1,"IOTHUB_CLIENT_CONFIRMATION_OK"
14445,10409659116,10409659165,1,"IOTHUB_CLIENT_CONFIRMATION_OK"
14446,10409659316,10409659511,1,"IOTHUB_CLIENT_CONFIRMATION_OK"
14447,10409659516,10409659553,1,"IOTHUB_CLIENT_CONFIRMATION_OK"
14448,10409659717,10409659760,1,"IOTHUB_CLIENT_CONFIRMATION_OK"
14449,10409659917,10409659965,1,"IOTHUB_CLIENT_CONFIRMATION_OK"
14450,10409660117,10409660172,1,"IOTHUB_CLIENT_CONFIRMATION_OK"
14451,10409660317,10409660364,1,"IOTHUB_CLIENT_CONFIRMATION_OK"
14452,10409660517,10409660553,1,"IOTHUB_CLIENT_CONFIRMATION_OK"
14453,10409660717,10409660758,1,"IOTHUB_CLIENT_CONFIRMATION_OK"
14454,10409660918,10409660971,1,"IOTHUB_CLIENT_CONFIRMATION_OK"
14455,10409661118,10409661172,1,"IOTHUB_CLIENT_CONFIRMATION_OK"
14456,10409661318,10409661366,1,"IOTHUB_CLIENT_CONFIRMATION_OK"
14457,10409661518,10409661555,1,"IOTHUB_CLIENT_CONFIRMATION_OK"
14458,10409661718,10409661779,1,"IOTHUB_CLIENT_CONFIRMATION_OK"
14459,10409661918,10409662076,1,"IOTHUB_CLIENT_CONFIRMATION_OK"
14460,10409662118,10409662157,1,"IOTHUB_CLIENT_CONFIRMATION_OK"
14461,10409662319,10409662400,1,"IOTHUB_CLIENT_CONFIRMATION_OK"
14462,10409662519,10409662557,1,"IOTHUB_CLIENT_CONFIRMATION_OK"
14463,10409662719,10409662766,1,"IOTHUB_CLIENT_CONFIRMATION_OK"
14464,10409662919,10409662983,1,"IOTHUB_CLIENT_CONFIRMATION_OK"
14465,10409663119,10409663166,1,"IOTHUB_CLIENT_CONFIRMATION_OK"
14466,10409663319,10409663379,1,"IOTHUB_CLIENT_CONFIRMATION_OK"
14467,10409663520,10409663567,1,"IOTHUB_CLIENT_CONFIRMATION_OK"
14468,10409663720,10409663762,1,"IOTHUB_CLIENT_CONFIRMATION_OK"
14469,10409663920,10409663979,1,"IOTHUB_CLIENT_CONFIRMATION_OK"
14470,10409664120,10409664160,1,"IOTHUB_CLIENT_CONFIRMATION_OK"
14471,10409664320,10409664712,1,"IOTHUB_CLIENT_CONFIRMATION_OK"
14472,10409664520,10409664750,1,"IOTHUB_CLIENT_CONFIRMATION_OK"
14473,10409664721,10409664772,1,"IOTHUB_CLIENT_CONFIRMATION_OK"
14474,10409664921,10409664968,1,"IOTHUB_CLIENT_CONFIRMATION_OK"
14475,10409665121,10409665161,1,"IOTHUB_CLIENT_CONFIRMATION_OK"
14476,10409665321,10409665380,1,"IOTHUB_CLIENT_CONFIRMATION_OK"
14477,10409665521,10409665568,1,"IOTHUB_CLIENT_CONFIRMATION_OK"
14478,10409665721,10409665785,1,"IOTHUB_CLIENT_CONFIRMATION_OK"
14479,10409665922,10409665959,1,"IOTHUB_CLIENT_CONFIRMATION_OK"
14480,10409666122,10409666161,1,"IOTHUB_CLIENT_CONFIRMATION_OK"
14481,10409666322,10409666445,1,"IOTHUB_CLIENT_CONFIRMATION_OK"
14482,10409666522,10409666567,1,"IOTHUB_CLIENT_CONFIRMATION_OK"
14483,10409666722,10409666816,1,"IOTHUB_CLIENT_CONFIRMATION_OK"
14484,10409666922,10409666964,1,"IOTHUB_CLIENT_CONFIRMATION_OK"
14485,10409667122,10409667173,1,"IOTHUB_CLIENT_CONFIRMATION_OK"
14486,10409667323,10409667420,1,"IOTHUB_CLIENT_CONFIRMATION_OK"
14487,10409667523,10409667571,1,"IOTHUB_CLIENT_CONFIRMATION_OK"
14488,10409667723,10409667772,1,"IOTHUB_CLIENT_CONFIRMATION_OK"
14489,10409667923,10409667973,1,"IOTHUB_CLIENT_CONFIRMATION_OK"
14490,10409668123,10409668165,1,"IOTHUB_CLIENT_CONFIRMATION_OK"
14491,10409668323,10409668409,1,"IOTHUB_CLIENT_CONFIRMATION_OK"
14492,10409668524,10409668571,1,"IOTHUB_CLIENT_CONFIRMATION_OK"
14493,10409668724,10409668763,1,"IOTHUB_CLIENT_CONFIRMATION_OK"
14494,10409668924,10409669028,1,"IOTHUB_CLIENT_CONFIRMATION_OK"
14495,10409669124,10409669166,1,"IOTHUB_CLIENT_CONFIRMATION_OK"
14496,10409669324,10409669362,1,"IOTHUB_CLIENT_CONFIRMATION_OK"
14497,10409669524,10409669567,1,"IOTHUB_CLIENT_CONFIRMATION_OK"
14498,10409669724,10409669781,1,"IOTHUB_CLIENT_CONFIRMATION_OK"
14499,10409669925,10409669983,1,"IOTHUB_CLIENT_CONFIRMATION_OK"
14500,10409670125,10409670160,1,"IOTHUB_CLIENT_CONFIRMATION_OK"
14501,10409670325,10409670363,1,"IOTHUB_CLIENT_CONFIRMATION_OK"
14502,10409670525,10409670657,1,"IOTHUB_CLIENT_CONFIRMATION_OK"
14503,10409670725,10409670763,1,"IOTHUB_CLIENT_CONFIRMATION_OK"
14504,10409670925,10409670973,1,"IOTHUB_CLIENT_CONFIRMATION_OK"
14505,10409671126,10409671257,1,"IOTHUB_CLIENT_CONFIRMATION_OK"
14506,10409671326,10409671398,1,"IOTHUB_CLIENT_CONFIRMATION_OK"
14507,10409671526,10409671603,1,"IOTHUB_CLIENT_CONFIRMATION_OK"
14508,10409671726,10409671794,1,"IOTHUB_CLIENT_CONFIRMATION_OK"
14509,10409671926,10409671967,1,"IOTHUB_CLIENT_CONFIRMATION_OK"
14510,10409672126,10409672165,1,"IOTHUB_CLIENT_CONFIRMATION_OK"
14511,10409672327,10409672395,1,"IOTHUB_CLIENT_CONFIRMATION_OK"
14512,10409672527,10409672570,1,"IOTHUB_CLIENT_CONFIRMATION_OK"
14513,10409672727,10409672772,1,"IOTHUB_CLIENT_CONFIRMATION_OK"
14514,10409672927,10409672974,1,"IOTHUB_CLIENT_CONFIRMATION_OK"
14515,10409673127,10409673168,1,"IOTHUB_CLIENT_CONFIRMATION_OK"
14516,10409673327,10409673374,1,"IOTHUB_CLIENT_CONFIRMATION_OK"
14517,10409673527,10409673592,1,"IOTHUB_CLIENT_CONFIRMATION_OK"
14518,10409673728,10409673801,1,"IOTHUB_CLIENT_CONFIRMATION_OK"
14519,10409673928,10409674005,1,"IOTHUB_CLIENT_CONFIRMATION_OK"
14520,10409674128,10409674175,1,"IOTHUB_CLIENT_CONFIRMATION_OK"
14521,10409674328,10409674374,1,"IOTHUB_CLIENT_CONFIRMATION_OK"
14522,10409674528,10409674623,1,"IOTHUB_CLIENT_CONFIRMATION_OK"
14523,10409674728,10409674786,1,"IOTHUB_CLIENT_CONFIRMATION_OK"
14524,10409674929,10409675051,1,"IOTHUB_CLIENT_CONFIRMATION_OK"
14525,10409675129,10409675184,1,"IOTHUB_CLIENT_CONFIRMATION_OK"
14526,10409675329,10409675381,1,"IOTHUB_CLIENT_CONFIRMATION_OK"
14527,10409675529,10409675636,1,"IOTHUB_CLIENT_CONFIRMATION_OK"
14528,10409675729,10409675824,1,"IOTHUB_CLIENT_CONFIRMATION_OK"
14529,10409675929,10409675979,1,"IOTHUB_CLIENT_CONFIRMATION_OK"
14530,10409676129,10409676257,1,"IOTHUB_CLIENT_CONFIRMATION_OK"
14531,10409676330,10409676381,1,"IOTHUB_CLIENT_CONFIRMATION_OK"
14532,10409676530,10409676571,1,"IOTHUB_CLIENT_CONFIRMATION_OK"
14533,10409676730,10409676870,1,"IOTHUB_CLIENT_CONFIRMATION_OK"
14534,10409676930,10409676969,1,"IOTHUB_CLIENT_CONFIRMATION_OK"
14535,10409677130,10409677178,1,"IOTHUB_CLIENT_CONFIRMATION_OK"
14536,10409677330,10409677379,1,"IOTHUB_CLIENT_CONFIRMATION_OK"
14537,10409677531,10409677580,1,"IOTHUB_CLIENT_CONFIRMATION_OK"
14538,10409677731,10409677777,1,"IOTHUB_CLIENT_CONFIRMATION_OK"
14539,10409677931,10409677971,1,"IOTHUB_CLIENT_CONFIRMATION_OK"
14540,10409678131,10409678177,1,"IOTHUB_CLIENT_CONFIRMATION_OK"
14541,10409678331,10409678394,1,"IOTHUB_CLIENT_CONFIRMATION_OK"
14542,10409678531,10409678566,1,"IOTHUB_CLIENT_CONFIRMATION_OK"
14543,10409678731,10409678779,1,"IOTHUB_CLIENT_CONFIRMATION_OK"
14544,10409678932,10409679119,1,"IOTHUB_CLIENT_CONFIRMATION_OK"
14545,10409679132,10409679186,1,"IOTHUB_CLIENT_CONFIRMATION_OK"
14546,10409679332,10409679380,1,"IOTHUB_CLIENT_CONFIRMATION_OK"
14547,10409679532,10409679574,1,"IOTHUB_CLIENT_CONFIRMATION_OK"
14548,10409679732,10409679783,1,"IOTHUB_CLIENT_CONFIRMATION_OK"
14549,10409679932,10409679975,1,"IOTHUB_CLIENT_CONFIRMATION_OK"
14550,10409680132,10409680169,1,"IOTHUB_CLIENT_CONFIRMATION_OK"
14551,10409680333,10409680455,1,"IOTHUB_CLIENT_CONFIRMATION_OK"
14552,10409680533,10409680576,1,"IOTHUB_CLIENT_CONFIRMATION_OK"
14553,10409680733,10409680781,1,"IOTHUB_CLIENT_CONFIRMATION_OK"
14554,10409680933,10409681014,1,"IOTHUB_CLIENT_CONFIRMATION_OK"
14555,10409681133,10409681201,1,"IOTHUB_CLIENT_CONFIRMATION_OK"
14556,10409681333,10409681455,1,"IOTHUB_CLIENT_CONFIRMATION_OK"
14557,10409681534,10409681580,1,"IOTHUB_CLIENT_CONFIRMATION_OK"
14558,10409681734,10409681785,1,"IOTHUB_CLIENT_CONFIRMATION_OK"
14559,10409681934,10409681988,1,"IOTHUB_CLIENT_CONFIRMATION_OK"
14560,10409682134,10409682178,1,"IOTHUB_CLIENT_CONFIRMATION_OK"
14561,10409682334,10409682445,1,"IOTHUB_CLIENT_CONFIRMATION_OK"
14562,10409682534,10409682592,1,"IOTHUB_CLIENT_CONFIRMATION_OK"
14563,10409682735,10409682787,1,"IOTHUB_CLIENT_CONFIRMATION_OK"
14564,10409682935,10409683028,1,"IOTHUB_CLIENT_CONFIRMATION_OK"
14565,10409683135,10409683182,1,"IOTHUB_CLIENT_CONFIRMATION_OK"
14566,10409683335,10409683372,1,"IOTHUB_CLIENT_CONFIRMATION_OK"
14567,10409683535,10409683664,1,"IOTHUB_CLIENT_CONFIRMATION_OK"
14568,10409683735,10409683840,1,"IOTHUB_CLIENT_CONFIRMATION_OK"
14569,10409683936,10409683976,1,"IOTHUB_CLIENT_CONFIRMATION_OK"
14570,10409684136,10409684176,1,"IOTHUB_CLIENT_CONFIRMATION_OK"
14571,10409684336,10409684377,1,"IOTHUB_CLIENT_CONFIRMATION_OK"
14572,10409684536,10409684576,1,"IOTHUB_CLIENT_CONFIRMATION_OK"
14573,10409684736,10409684791,1,"IOTHUB_CLIENT_CONFIRMATION_OK"
14574,10409684936,10409684976,1,"IOTHUB_CLIENT_CONFIRMATION_OK"
14575,10409685136,10409685259,1,"IOTHUB_CLIENT_CONFIRMATION_OK"
14576,10409685337,10409685381,1,"IOTHUB_CLIENT_CONFIRMATION_OK"
14577,10409685537,10409685582,1,"IOTHUB_CLIENT_CONFIRMATION_OK"
14578,10409685737,10409685905,1,"IOTHUB_CLIENT_CONFIRMATION_OK"
14579,10409685937,10409686009,1,"IOTHUB_CLIENT_CONFIRMATION_OK"
14580,10409686137,10409686209,1,"IOTHUB_CLIENT_CONFIRMATION_OK"
14581,10409686337,10409686379,1,"IOTHUB_CLIENT_CONFIRMATION_OK"
14582,10409686538,10409686592,1,"IOTHUB_CLIENT_CONFIRMATION_OK"
14583,10409686738,10409686794,1,"IOTHUB_CLIENT_CONFIRMATION_OK"
14584,10409686938,10409686985,1,"IOTHUB_CLIENT_CONFIRMATION_OK"
14585,10409687138,10409687180,1,"IOTHUB_CLIENT_CONFIRMATION_OK"
14586,10409687338,10409687381,1,"IOTHUB_CLIENT_CONFIRMATION_OK"
14587,10409687538,10409687582,1,"IOTHUB_CLIENT_CONFIRMATION_OK"
14588,10409687739,10409687907,1,"IOTHUB_CLIENT_CONFIRMATION_OK"
14589,10409687939,10409687989,1,"IOTHUB_CLIENT_CONFIRMATION_OK"
14590,10409688139,10409688182,1,"IOTHUB_CLIENT_CONFIRMATION_OK"
14591,10409688339,10409688407,1,"IOTHUB_CLIENT_CONFIRMATION_OK"
14592,10409688539,10409688574,1,"IOTHUB_CLIENT_CONFIRMATION_OK"
14593,10409688739,10409688797,1,"IOTHUB_CLIENT_CONFIRMATION_OK"
14594,10409688939,10409688978,1,"IOTHUB_CLIENT_CONFIRMATION_OK"
14595,10409689140,10409689190,1,"IOTHUB_CLIENT_CONFIRMATION_OK"
14596,10409689340,10409689390,1,"IOTHUB_CLIENT_CONFIRMATION_OK"
14597,10409689540,10409689597,1,"IOTHUB_CLIENT_CONFIRMATION_OK"
14598,10409689740,10409689801,1,"IOTHUB_CLIENT_CONFIRMATION_OK"
14599,10409689940,10409689996,1,"IOTHUB_CLIENT_CONFIRMATION_OK"
14600,10409690140,10409690208,1,"IOTHUB_CLIENT_CONFIRMATION_OK"
14601,10409690341,10409690385,1,"IOTHUB_CLIENT_CONFIRMATION_OK"
14602,10409690541,10409690657,1,"IOTHUB_CLIENT_CONFIRMATION_OK"
14603,10409690741,10409690811,1,"IOTHUB_CLIENT_CONFIRMATION_OK"
14604,10409690941,10409691049,1,"IOTHUB_CLIENT_CONFIRMATION_OK"
14605,10409691141,10409691186,1,"IOTHUB_CLIENT_CONFIRMATION_OK"
14606,10409691341,10409691426,1,"IOTHUB_CLIENT_CONFIRMATION_OK"
14607,10409691541,10409691589,1,"IOTHUB_CLIENT_CONFIRMATION_OK"
14608,10409691742,10409691791,1,"IOTHUB_CLIENT_CONFIRMATION_OK"
14609,10409691942,10409692027,1,"IOTHUB_CLIENT_CONFIRMATION_OK"
14610,10409692142,10409692188,1,"IOTHUB_CLIENT_CONFIRMATION_OK"
14611,10409692342,10409692382,1,"IOTHUB_CLIENT_CONFIRMATION_OK"
14612,10409692542,10409692577,1,"IOTHUB_CLIENT_CONFIRMATION_OK"
14613,10409692742,10409692792,1,"IOTHUB_CLIENT_CONFIRMATION_OK"
14614,10409692943,10409693008,1,"IOTHUB_CLIENT_CONFIRMATION_OK"
14615,10409693143,10409693180,1,"IOTHUB_CLIENT_CONFIRMATION_OK"
14616,10409693343,10409693378,1,"IOTHUB_CLIENT_CONFIRMATION_OK"
14617,10409693543,10409693662,1,"IOTHUB_CLIENT_CONFIRMATION_OK"
14618,10409693743,10409693778,1,"IOTHUB_CLIENT_CONFIRMATION_OK"
14619,10409693943,10409694036,1,"IOTHUB_CLIENT_CONFIRMATION_OK"
14620,10409694144,10409694276,1,"IOTHUB_CLIENT_CONFIRMATION_OK"
14621,10409694344,10409694386,1,"IOTHUB_CLIENT_CONFIRMATION_OK"
14622,10409694544,10409694596,1,"IOTHUB_CLIENT_CONFIRMATION_OK"
14623,10409694744,10409694778,1,"IOTHUB_CLIENT_CONFIRMATION_OK"
14624,10409694944,10409694994,1,"IOTHUB_CLIENT_CONFIRMATION_OK"
14625,10409695144,10409695187,1,"IOTHUB_CLIENT_CONFIRMATION_OK"
14626,10409695344,10409695388,1,"IOTHUB_CLIENT_CONFIRMATION_OK"
14627,10409695545,10409695587,1,"IOTHUB_CLIENT_CONFIRMATION_OK"
14628,10409695745,10409695783,1,"IOTHUB_CLIENT_CONFIRMATION_OK"
14629,10409695945,10409696003,1,"IOTHUB_CLIENT_CONFIRMATION_OK"
14630,10409696145,10409696212,1,"IOTHUB_CLIENT_CONFIRMATION_OK"
14631,10409696345,10409696530,1,"IOTHUB_CLIENT_CONFIRMATION_OK"
14632,10409696545,10409696601,1,"IOTHUB_CLIENT_CONFIRMATION_OK"
14633,10409696745,10409696789,1,"IOTHUB_CLIENT_CONFIRMATION_OK"
14634,10409696946,10409696984,1,"IOTHUB_CLIENT_CONFIRMATION_OK"
14635,10409697146,10409697260,1,"IOTHUB_CLIENT_CONFIRMATION_OK"
14636,10409697346,10409697396,1,"IOTHUB_CLIENT_CONFIRMATION_OK"
14637,10409697546,10409697618,1,"IOTHUB_CLIENT_CONFIRMATION_OK"
14638,10409697746,10409697797,1,"IOTHUB_CLIENT_CONFIRMATION_OK"
14639,10409697946,10409697986,1,"IOTHUB_CLIENT_CONFIRMATION_OK"
14640,10409698147,10409698250,1,"IOTHUB_CLIENT_CONFIRMATION_OK"
14641,10409698347,10409698394,1,"IOTHUB_CLIENT_CONFIRMATION_OK"
14642,10409698547,10409698584,1,"IOTHUB_CLIENT_CONFIRMATION_OK"
14643,10409698747,10409698787,1,"IOTHUB_CLIENT_CONFIRMATION_OK"
14644,10409698947,10409698987,1,"IOTHUB_CLIENT_CONFIRMATION_OK"
14645,10409699147,10409699192,1,"IOTHUB_CLIENT_CONFIRMATION_OK"
14646,10409699348,10409699383,1,"IOTHUB_CLIENT_CONFIRMATION_OK"
14647,10409699548,10409699584,1,"IOTHUB_CLIENT_CONFIRMATION_OK"
14648,10409699748,10409699811,1,"IOTHUB_CLIENT_CONFIRMATION_OK"
14649,10409699948,10409700002,1,"IOTHUB_CLIENT_CONFIRMATION_OK"
14650,10409700148,10409700195,1,"IOTHUB_CLIENT_CONFIRMATION_OK"
14651,10409700348,10409700405,1,"IOTHUB_CLIENT_CONFIRMATION_OK"
14652,10409700549,10409700589,1,"IOTHUB_CLIENT_CONFIRMATION_OK"
14653,10409700749,10409700798,1,"IOTHUB_CLIENT_CONFIRMATION_OK"
14654,10409700949,10409701015,1,"IOTHUB_CLIENT_CONFIRMATION_OK"
14655,10409701149,10409701187,1,"IOTHUB_CLIENT_CONFIRMATION_OK"
14656,10409701349,10409701391,1,"IOTHUB_CLIENT_CONFIRMATION_OK"
14657,10409701549,10409701599,1,"IOTHUB_CLIENT_CONFIRMATION_OK"
14658,10409701749,10409701786,1,"IOTHUB_CLIENT_CONFIRMATION_OK"
14659,10409701950,10409702031,1,"IOTHUB_CLIENT_CONFIRMATION_OK"
14660,10409702150,10409702194,1,"IOTHUB_CLIENT_CONFIRMATION_OK"
14661,10409702350,10409702396,1,"IOTHUB_CLIENT_CONFIRMATION_OK"
14662,10409702550,10409702665,1,"IOTHUB_CLIENT_CONFIRMATION_OK"
14663,10409702750,10409702801,1,"IOTHUB_CLIENT_CONFIRMATION_OK"
14664,10409702950,10409702986,1,"IOTHUB_CLIENT_CONFIRMATION_OK"
14665,10409703151,10409703288,1,"IOTHUB_CLIENT_CONFIRMATION_OK"
14666,10409703351,10409703394,1,"IOTHUB_CLIENT_CONFIRMATION_OK"
14667,10409703551,10409703589,1,"IOTHUB_CLIENT_CONFIRMATION_OK"
14668,10409703751,10409703960,1,"IOTHUB_CLIENT_CONFIRMATION_OK"
14669,10409703951,10409703997,1,"IOTHUB_CLIENT_CONFIRMATION_OK"
14670,10409704151,10409704199,1,"IOTHUB_CLIENT_CONFIRMATION_OK"
14671,10409704351,10409704398,1,"IOTHUB_CLIENT_CONFIRMATION_OK"
14672,10409704552,10409704593,1,"IOTHUB_CLIENT_CONFIRMATION_OK"
14673,10409704752,10409704971,1,"IOTHUB_CLIENT_CONFIRMATION_OK"
14674,10409704952,10409704994,1,"IOTHUB_CLIENT_CONFIRMATION_OK"
14675,10409705152,10409705202,1,"IOTHUB_CLIENT_CONFIRMATION_OK"
14676,10409705352,10409705393,1,"IOTHUB_CLIENT_CONFIRMATION_OK"
14677,10409705552,10409705625,1,"IOTHUB_CLIENT_CONFIRMATION_OK"
14678,10409705753,10409705794,1,"IOTHUB_CLIENT_CONFIRMATION_OK"
14679,10409705953,10409705995,1,"IOTHUB_CLIENT_CONFIRMATION_OK"
14680,10409706153,10409706197,1,"IOTHUB_CLIENT_CONFIRMATION_OK"
14681,10409706353,10409706402,1,"IOTHUB_CLIENT_CONFIRMATION_OK"
14682,10409706553,10409706600,1,"IOTHUB_CLIENT_CONFIRMATION_OK"
14683,10409706753,10409706819,1,"IOTHUB_CLIENT_CONFIRMATION_OK"
14684,10409706954,10409706990,1,"IOTHUB_CLIENT_CONFIRMATION_OK"
14685,10409707154,10409707280,1,"IOTHUB_CLIENT_CONFIRMATION_OK"
14686,10409707354,10409707390,1,"IOTHUB_CLIENT_CONFIRMATION_OK"
14687,10409707554,10409707624,1,"IOTHUB_CLIENT_CONFIRMATION_OK"
14688,10409707754,10409707809,1,"IOTHUB_CLIENT_CONFIRMATION_OK"
14689,10409707954,10409707995,1,"IOTHUB_CLIENT_CONFIRMATION_OK"
14690,10409708155,10409708233,1,"IOTHUB_CLIENT_CONFIRMATION_OK"
14691,10409708355,10409708395,1,"IOTHUB_CLIENT_CONFIRMATION_OK"
14692,10409708555,10409708596,1,"IOTHUB_CLIENT_CONFIRMATION_OK"
14693,10409708755,10409708825,1,"IOTHUB_CLIENT_CONFIRMATION_OK"
14694,10409708955,10409709000,1,"IOTHUB_CLIENT_CONFIRMATION_OK"
14695,10409709155,10409709209,1,"IOTHUB_CLIENT_CONFIRMATION_OK"
14696,10409709355,10409709396,1,"IOTHUB_CLIENT_CONFIRMATION_OK"
14697,10409709556,10409709615,1,"IOTHUB_CLIENT_CONFIRMATION_OK"
14698,10409709756,10409709827,1,"IOTHUB_CLIENT_CONFIRMATION_OK"
14699,10409709956,10409709992,1,"IOTHUB_CLIENT_CONFIRMATION_OK"
14700,10409710156,10409710245,1,"IOTHUB_CLIENT_CONFIRMATION_OK"
14701,10409710356,10409710477,1,"IOTHUB_CLIENT_CONFIRMATION_OK"
14702,10409710556,10409710597,1,"IOTHUB_CLIENT_CONFIRMATION_OK"
14703,10409710757,10409710803,1,"IOTHUB_CLIENT_CONFIRMATION_OK"
14704,10409710957,10409711141,1,"IOTHUB_CLIENT_CONFIRMATION_OK"
14705,10409711157,10409711212,1,"IOTHUB_CLIENT_CONFIRMATION_OK"
14706,10409711357,10409711404,1,"IOTHUB_CLIENT_CONFIRMATION_OK"
14707,10409711557,10409711703,1,"IOTHUB_CLIENT_CONFIRMATION_OK"
14708,10409711757,10409711797,1,"IOTHUB_CLIENT_CONFIRMATION_OK"
14709,10409711957,10409712001,1,"IOTHUB_CLIENT_CONFIRMATION_OK"
14710,10409712158,10409712199,1,"IOTHUB_CLIENT_CONFIRMATION_OK"
14711,10409712358,10409712392,1,"IOTHUB_CLIENT_CONFIRMATION_OK"
14712,10409712558,10409712607,1,"IOTHUB_CLIENT_CONFIRMATION_OK"
14713,10409712758,10409712801,1,"IOTHUB_CLIENT_CONFIRMATION_OK"
14714,10409712958,10409713003,1,"IOTHUB_CLIENT_CONFIRMATION_OK"
14715,10409713158,10409713328,1,"IOTHUB_CLIENT_CONFIRMATION_OK"
14716,10409713359,10409713475,1,"IOTHUB_CLIENT_CONFIRMATION_OK"
14717,10409713559,10409713656,1,"IOTHUB_CLIENT_CONFIRMATION_OK"
14718,10409713759,10409713803,1,"IOTHUB_CLIENT_CONFIRMATION_OK"
14719,10409713959,10409714028,1,"IOTHUB_CLIENT_CONFIRMATION_OK"
14720,10409714159,10409714208,1,"IOTHUB_CLIENT_CONFIRMATION_OK"
14721,10409714359,10409714401,1,"IOTHUB_CLIENT_CONFIRMATION_OK"
14722,10409714560,10409714628,1,"IOTHUB_CLIENT_CONFIRMATION_OK"
14723,10409714760,10409714812,1,"IOTHUB_CLIENT_CONFIRMATION_OK"
14724,10409714960,10409715011,1,"IOTHUB_CLIENT_CONFIRMATION_OK"
14725,10409715160,10409715212,1,"IOTHUB_CLIENT_CONFIRMATION_OK"
14726,10409715360,10409715433,1,"IOTHUB_CLIENT_CONFIRMATION_OK"
14727,10409715560,10409715623,1,"IOTHUB_CLIENT_CONFIRMATION_OK"
14728,10409715760,10409715802,1,"IOTHUB_CLIENT_CONFIRMATION_OK"
14729,10409715961,10409716017,1,"IOTHUB_CLIENT_CONFIRMATION_OK"
14730,10409716161,10409716205,1,"IOTHUB_CLIENT_CONFIRMATION_OK"
14731,10409716361,10409716398,1,"IOTHUB_CLIENT_CONFIRMATION_OK"
14732,10409716561,10409716644,1,"IOTHUB_CLIENT_CONFIRMATION_OK"
14733,10409716761,10409716807,1,"IOTHUB_CLIENT_CONFIRMATION_OK"
14734,10409716961,10409716999,1,"IOTHUB_CLIENT_CONFIRMATION_OK"
14735,10409717162,10409717251,1,"IOTHUB_CLIENT_CONFIRMATION_OK"
14736,10409717362,10409717402,1,"IOTHUB_CLIENT_CONFIRMATION_OK"
14737,10409717562,10409717600,1,"IOTHUB_CLIENT_CONFIRMATION_OK"
14738,10409717762,10409717804,1,"IOTHUB_CLIENT_CONFIRMATION_OK"
14739,10409717962,10409718015,1,"IOTHUB_CLIENT_CONFIRMATION_OK"
14740,10409718162,10409718203,1,"IOTHUB_CLIENT_CONFIRMATION_OK"
14741,10409718363,10409718410,1,"IOTHUB_CLIENT_CONFIRMATION_OK"
14742,10409718563,10409718601,1,"IOTHUB_CLIENT_CONFIRMATION_OK"
14743,10409718763,10409718875,1,"IOTHUB_CLIENT_CONFIRMATION_OK"
14744,10409718963,10409719010,1,"IOTHUB_CLIENT_CONFIRMATION_OK"
14745,10409719163,10409719216,1,"IOTHUB_CLIENT_CONFIRMATION_OK"
14746,10409719363,10409719488,1,"IOTHUB_CLIENT_CONFIRMATION_OK"
14747,10409719563,10409719602,1,"IOTHUB_CLIENT_CONFIRMATION_OK"
14748,10409719764,10409719807,1,"IOTHUB_CLIENT_CONFIRMATION_OK"
14749,10409719964,10409720093,1,"IOTHUB_CLIENT_CONFIRMATION_OK"
14750,10409720164,10409720209,1,"IOTHUB_CLIENT_CONFIRMATION_OK"
14751,10409720364,10409720449,1,"IOTHUB_CLIENT_CONFIRMATION_OK"
14752,10409720564,10409720655,1,"IOTHUB_CLIENT_CONFIRMATION_OK"
14753,10409720764,10409720802,1,"IOTHUB_CLIENT_CONFIRMATION_OK"
14754,10409720965,10409721020,1,"IOTHUB_CLIENT_CONFIRMATION_OK"
14755,10409721165,10409721225,1,"IOTHUB_CLIENT_CONFIRMATION_OK"
14756,10409721365,10409721419,1,"IOTHUB_CLIENT_CONFIRMATION_OK"
14757,10409721565,10409721718,1,"IOTHUB_CLIENT_CONFIRMATION_OK"
14758,10409721765,10409721809,1,"IOTHUB_CLIENT_CONFIRMATION_OK"
14759,10409721965,10409722006,1,"IOTHUB_CLIENT_CONFIRMATION_OK"
14760,10409722166,10409722223,1,"IOTHUB_CLIENT_CONFIRMATION_OK"
14761,10409722366,10409722414,1,"IOTHUB_CLIENT_CONFIRMATION_OK"
14762,10409722566,10409722607,1,"IOTHUB_CLIENT_CONFIRMATION_OK"
14763,10409722766,10409722811,1,"IOTHUB_CLIENT_CONFIRMATION_OK"
14764,10409722966,10409723003,1,"IOTHUB_CLIENT_CONFIRMATION_OK"
14765,10409723166,10409723205,1,"IOTHUB_CLIENT_CONFIRMATION_OK"
14766,10409723366,10409723412,1,"IOTHUB_CLIENT_CONFIRMATION_OK"
14767,10409723567,10409723618,1,"IOTHUB_CLIENT_CONFIRMATION_OK"
14768,10409723767,10409723830,1,"IOTHUB_CLIENT_CONFIRMATION_OK"
14769,10409723967,10409724008,1,"IOTHUB_CLIENT_CONFIRMATION_OK"
14770,10409724167,10409724213,1,"IOTHUB_CLIENT_CONFIRMATION_OK"
14771,10409724367,10409724462,1,"IOTHUB_CLIENT_CONFIRMATION_OK"
14772,10409724567,10409724615,1,"IOTHUB_CLIENT_CONFIRMATION_OK"
14773,10409724768,10409724827,1,"IOTHUB_CLIENT_CONFIRMATION_OK"
14774,10409724968,10409725038,1,"IOTHUB_CLIENT_CONFIRMATION_OK"
14775,10409725168,10409725204,1,"IOTHUB_CLIENT_CONFIRMATION_OK"
14776,10409725368,10409725415,1,"IOTHUB_CLIENT_CONFIRMATION_OK"
14777,10409725568,10409725638,1,"IOTHUB_CLIENT_CONFIRMATION_OK"
14778,10409725768,10409725811,1,"IOTHUB_CLIENT_CONFIRMATION_OK"
14779,10409725968,10409726030,1,"IOTHUB_CLIENT_CONFIRMATION_OK"
14780,10409726169,10409726252,1,"IOTHUB_CLIENT_CONFIRMATION_OK"
14781,10409726369,10409726424,1,"IOTHUB_CLIENT_CONFIRMATION_OK"
14782,10409726569,10409726609,1,"IOTHUB_CLIENT_CONFIRMATION_OK"
14783,10409726769,10409726806,1,"IOTHUB_CLIENT_CONFIRMATION_OK"
14784,10409726969,10409727007,1,"IOTHUB_CLIENT_CONFIRMATION_OK"
14785,10409727169,10409727288,1,"IOTHUB_CLIENT_CONFIRMATION_OK"
14786,10409727369,10409727421,1,"IOTHUB_CLIENT_CONFIRMATION_OK"
14787,10409727570,10409727646,1,"IOTHUB_CLIENT_CONFIRMATION_OK"
14788,10409727770,10409727926,1,"IOTHUB_CLIENT_CONFIRMATION_OK"
14789,10409727970,10409728014,1,"IOTHUB_CLIENT_CONFIRMATION_OK"
14790,10409728170,10409728216,1,"IOTHUB_CLIENT_CONFIRMATION_OK"
14791,10409728370,10409728506,1,"IOTHUB_CLIENT_CONFIRMATION_OK"
14792,10409728570,10409728650,1,"IOTHUB_CLIENT_CONFIRMATION_OK"
14793,10409728771,10409728816,1,"IOTHUB_CLIENT_CONFIRMATION_OK"
14794,10409728971,10409729017,1,"IOTHUB_CLIENT_CONFIRMATION_OK"
14795,10409729171,10409729215,1,"IOTHUB_CLIENT_CONFIRMATION_OK"
14796,10409729371,10409729412,1,"IOTHUB_CLIENT_CONFIRMATION_OK"
14797,10409729571,10409729614,1,"IOTHUB_CLIENT_CONFIRMATION_OK"
14798,10409729771,10409729811,1,"IOTHUB_CLIENT_CONFIRMATION_OK"
14799,10409729972,10409730127,1,"IOTHUB_CLIENT_CONFIRMATION_OK"
14800,10409730172,10409730220,1,"IOTHUB_CLIENT_CONFIRMATION_OK"
14801,10409730372,10409730422,1,"IOTHUB_CLIENT_CONFIRMATION_OK"
14802,10409730572,10409730750,1,"IOTHUB_CLIENT_CONFIRMATION_OK"
14803,10409730772,10409730815,1,"IOTHUB_CLIENT_CONFIRMATION_OK"
14804,10409730972,10409731010,1,"IOTHUB_CLIENT_CONFIRMATION_OK"
14805,10409731173,10409731215,1,"IOTHUB_CLIENT_CONFIRMATION_OK"
14806,10409731373,10409731421,1,"IOTHUB_CLIENT_CONFIRMATION_OK"
14807,10409731573,10409731609,1,"IOTHUB_CLIENT_CONFIRMATION_OK"
14808,10409731773,10409731818,1,"IOTHUB_CLIENT_CONFIRMATION_OK"
14809,10409731973,10409732016,1,"IOTHUB_CLIENT_CONFIRMATION_OK"
14810,10409732173,10409732215,1,"IOTHUB_CLIENT_CONFIRMATION_OK"
14811,10409732373,10409732420,1,"IOTHUB_CLIENT_CONFIRMATION_OK"
14812,10409732574,10409732624,1,"IOTHUB_CLIENT_CONFIRMATION_OK"
14813,10409732774,10409732996,1,"IOTHUB_CLIENT_CONFIRMATION_OK"
14814,10409732974,10409733037,1,"IOTHUB_CLIENT_CONFIRMATION_OK"
14815,10409733174,10409733220,1,"IOTHUB_CLIENT_CONFIRMATION_OK"
14816,10409733374,10409733422,1,"IOTHUB_CLIENT_CONFIRMATION_OK"
14817,10409733574,10409733635,1,"IOTHUB_CLIENT_CONFIRMATION_OK"
14818,10409733775,10409733819,1,"IOTHUB_CLIENT_CONFIRMATION_OK"
14819,10409733975,10409734019,1,"IOTHUB_CLIENT_CONFIRMATION_OK"
14820,10409734175,10409734220,1,"IOTHUB_CLIENT_CONFIRMATION_OK"
14821,10409734375,10409734450,1,"IOTHUB_CLIENT_CONFIRMATION_OK"
14822,10409734575,10409734633,1,"IOTHUB_CLIENT_CONFIRMATION_OK"
14823,10409734775,10409734828,1,"IOTHUB_CLIENT_CONFIRMATION_OK"
14824,10409734975,10409735022,1,"IOTHUB_CLIENT_CONFIRMATION_OK"
14825,10409735176,10409735248,1,"IOTHUB_CLIENT_CONFIRMATION_OK"
14826,10409735376,10409735418,1,"IOTHUB_CLIENT_CONFIRMATION_OK"
14827,10409735576,10409735615,1,"IOTHUB_CLIENT_CONFIRMATION_OK"
14828,10409735776,10409735828,1,"IOTHUB_CLIENT_CONFIRMATION_OK"
14829,10409735976,10409736019,1,"IOTHUB_CLIENT_CONFIRMATION_OK"
14830,10409736176,10409736264,1,"IOTHUB_CLIENT_CONFIRMATION_OK"
14831,10409736376,10409736446,1,"IOTHUB_CLIENT_CONFIRMATION_OK"
14832,10409736577,10409736625,1,"IOTHUB_CLIENT_CONFIRMATION_OK"
14833,10409736777,10409736865,1,"IOTHUB_CLIENT_CONFIRMATION_OK"
14834,10409736977,10409737033,1,"IOTHUB_CLIENT_CONFIRMATION_OK"
14835,10409737177,10409737229,1,"IOTHUB_CLIENT_CONFIRMATION_OK"
14836,10409737377,10409737477,1,"IOTHUB_CLIENT_CONFIRMATION_OK"
14837,10409737577,10409737627,1,"IOTHUB_CLIENT_CONFIRMATION_OK"
14838,10409737778,10409737902,1,"IOTHUB_CLIENT_CONFIRMATION_OK"
14839,10409737978,10409738039,1,"IOTHUB_CLIENT_CONFIRMATION_OK"
14840,10409738178,10409738230,1,"IOTHUB_CLIENT_CONFIRMATION_OK"
14841,10409738378,10409738422,1,"IOTHUB_CLIENT_CONFIRMATION_OK"
14842,10409738578,10409738629,1,"IOTHUB_CLIENT_CONFIRMATION_OK"
14843,10409738778,10409738816,1,"IOTHUB_CLIENT_CONFIRMATION_OK"
14844,10409738978,10409739111,1,"IOTHUB_CLIENT_CONFIRMATION_OK"
14845,10409739179,10409739231,1,"IOTHUB_CLIENT_CONFIRMATION_OK"
14846,10409739379,10409739427,1,"IOTHUB_CLIENT_CONFIRMATION_OK"
14847,10409739579,10409739665,1,"IOTHUB_CLIENT_CONFIRMATION_OK"
14848,10409739779,10409739819,1,"IOTHUB_CLIENT_CONFIRMATION_OK"
14849,10409739979,10409740022,1,"IOTHUB_CLIENT_CONFIRMATION_OK"
14850,10409740179,10409740244,1,"IOTHUB_CLIENT_CONFIRMATION_OK"
14851,10409740380,10409740447,1,"IOTHUB_CLIENT_CONFIRMATION_OK"
14852,10409740580,10409740620,1,"IOTHUB_CLIENT_CONFIRMATION_OK"
14853,10409740780,10409740830,1,"IOTHUB_CLIENT_CONFIRMATION_OK"
14854,10409740980,10409741019,1,"IOTHUB_CLIENT_CONFIRMATION_OK"
14855,10409741180,10409741262,1,"IOTHUB_CLIENT_CONFIRMATION_OK"
14856,10409741380,10409741416,1,"IOTHUB_CLIENT_CONFIRMATION_OK"
14857,10409741581,10409741629,1,"IOTHUB_CLIENT_CONFIRMATION_OK"
14858,10409741781,10409741822,1,"IOTHUB_CLIENT_CONFIRMATION_OK"
14859,10409741981,10409742024,1,"IOTHUB_CLIENT_CONFIRMATION_OK"
14860,10409742181,10409742220,1,"IOTHUB_CLIENT_CONFIRMATION_OK"
14861,10409742381,10409742436,1,"IOTHUB_CLIENT_CONFIRMATION_OK"
14862,10409742581,10409742619,1,"IOTHUB_CLIENT_CONFIRMATION_OK"
14863,10409742781,10409742822,1,"IOTHUB_CLIENT_CONFIRMATION_OK"
14864,10409742982,10409743048,1,"IOTHUB_CLIENT_CONFIRMATION_OK"
14865,10409743182,10409743251,1,"IOTHUB_CLIENT_CONFIRMATION_OK"
14866,10409743382,10409743418,1,"IOTHUB_CLIENT_CONFIRMATION_OK"
14867,10409743582,10409743645,1,"IOTHUB_CLIENT_CONFIRMATION_OK"
14868,10409743782,10409743828,1,"IOTHUB_CLIENT_CONFIRMATION_OK"
14869,10409743982,10409744018,1,"IOTHUB_CLIENT_CONFIRMATION_OK"
14870,10409744183,10409744248,1,"IOTHUB_CLIENT_CONFIRMATION_OK"
14871,10409744383,10409744487,1,"IOTHUB_CLIENT_CONFIRMATION_OK"
14872,10409744583,10409744630,1,"IOTHUB_CLIENT_CONFIRMATION_OK"
14873,10409744783,10409744836,1,"IOTHUB_CLIENT_CONFIRMATION_OK"
14874,10409744983,10409745024,1,"IOTHUB_CLIENT_CONFIRMATION_OK"
14875,10409745183,10409745374,1,"IOTHUB_CLIENT_CONFIRMATION_OK"
14876,10409745384,10409745420,1,"IOTHUB_CLIENT_CONFIRMATION_OK"
14877,10409745584,10409745636,1,"IOTHUB_CLIENT_CONFIRMATION_OK"
14878,10409745784,10409745859,1,"IOTHUB_CLIENT_CONFIRMATION_OK"
14879,10409745984,10409746026,1,"IOTHUB_CLIENT_CONFIRMATION_OK"
14880,10409746184,10409746226,1,"IOTHUB_CLIENT_CONFIRMATION_OK"
14881,10409746384,10409746459,1,"IOTHUB_CLIENT_CONFIRMATION_OK"
14882,10409746585,10409746633,1,"IOTHUB_CLIENT_CONFIRMATION_OK"
14883,10409746785,10409746850,1,"IOTHUB_CLIENT_CONFIRMATION_OK"
14884,10409746985,10409747026,1,"IOTHUB_CLIENT_CONFIRMATION_OK"
14885,10409747185,10409747229,1,"IOTHUB_CLIENT_CONFIRMATION_OK"
14886,10409747385,10409747468,1,"IOTHUB_CLIENT_CONFIRMATION_OK"
14887,10409747585,10409747653,1,"IOTHUB_CLIENT_CONFIRMATION_OK"
14888,10409747785,10409747866,1,"IOTHUB_CLIENT_CONFIRMATION_OK"
14889,10409747986,10409748076,1,"IOTHUB_CLIENT_CONFIRMATION_OK"
14890,10409748186,10409748241,1,"IOTHUB_CLIENT_CONFIRMATION_OK"
14891,10409748386,10409748431,1,"IOTHUB_CLIENT_CONFIRMATION_OK"
14892,10409748586,10409748717,1,"IOTHUB_CLIENT_CONFIRMATION_OK"
14893,10409748786,10409748820,1,"IOTHUB_CLIENT_CONFIRMATION_OK"
14894,10409748986,10409749036,1,"IOTHUB_CLIENT_CONFIRMATION_OK"
14895,10409749187,10409749222,1,"IOTHUB_CLIENT_CONFIRMATION_OK"
14896,10409749387,10409749475,1,"IOTHUB_CLIENT_CONFIRMATION_OK"
14897,10409749587,10409749626,1,"IOTHUB_CLIENT_CONFIRMATION_OK"
14898,10409749787,10409749844,1,"IOTHUB_CLIENT_CONFIRMATION_OK"
14899,10409749987,10409750029,1,"IOTHUB_CLIENT_CONFIRMATION_OK"
14900,10409750187,10409750333,1,"IOTHUB_CLIENT_CONFIRMATION_OK"
14901,10409750387,10409750460,1,"IOTHUB_CLIENT_CONFIRMATION_OK"
14902,10409750588,10409750632,1,"IOTHUB_CLIENT_CONFIRMATION_OK"
14903,10409750788,10409751052,1,"IOTHUB_CLIENT_CONFIRMATION_OK"
14904,10409750988,10409751109,1,"IOTHUB_CLIENT_CONFIRMATION_OK"
14905,10409751188,10409751225,1,"IOTHUB_CLIENT_CONFIRMATION_OK"
14906,10409751388,10409751434,1,"IOTHUB_CLIENT_CONFIRMATION_OK"
14907,10409751588,10409751643,1,"IOTHUB_CLIENT_CONFIRMATION_OK"
14908,10409751789,10409751839,1,"IOTHUB_CLIENT_CONFIRMATION_OK"
14909,10409751989,10409752027,1,"IOTHUB_CLIENT_CONFIRMATION_OK"
14910,10409752189,10409752228,1,"IOTHUB_CLIENT_CONFIRMATION_OK"
14911,10409752389,10409752431,1,"IOTHUB_CLIENT_CONFIRMATION_OK"
14912,10409752589,10409752648,1,"IOTHUB_CLIENT_CONFIRMATION_OK"
14913,10409752789,10409752855,1,"IOTHUB_CLIENT_CONFIRMATION_OK"
14914,10409752990,10409753178,1,"IOTHUB_CLIENT_CONFIRMATION_OK"
14915,10409753190,10409753240,1,"IOTHUB_CLIENT_CONFIRMATION_OK"
14916,10409753390,10409753447,1,"IOTHUB_CLIENT_CONFIRMATION_OK"
14917,10409753590,10409753631,1,"IOTHUB_CLIENT_CONFIRMATION_OK"
14918,10409753790,10409753830,1,"IOTHUB_CLIENT_CONFIRMATION_OK"
14919,10409753990,10409754039,1,"IOTHUB_CLIENT_CONFIRMATION_OK"
14920,10409754191,10409754240,1,"IOTHUB_CLIENT_CONFIRMATION_OK"
14921,10409754391,10409754442,1,"IOTHUB_CLIENT_CONFIRMATION_OK"
14922,10409754591,10409754655,1,"IOTHUB_CLIENT_CONFIRMATION_OK"
14923,10409754791,10409754858,1,"IOTHUB_CLIENT_CONFIRMATION_OK"
14924,10409754991,10409755037,1,"IOTHUB_CLIENT_CONFIRMATION_OK"
14925,10409755191,10409755228,1,"IOTHUB_CLIENT_CONFIRMATION_OK"
14926,10409755391,10409755440,1,"IOTHUB_CLIENT_CONFIRMATION_OK"
14927,10409755592,10409755639,1,"IOTHUB_CLIENT_CONFIRMATION_OK"
14928,10409755792,10409755831,1,"IOTHUB_CLIENT_CONFIRMATION_OK"
14929,10409755992,10409756069,1,"IOTHUB_CLIENT_CONFIRMATION_OK"
14930,10409756192,10409756237,1,"IOTHUB_CLIENT_CONFIRMATION_OK"
14931,10409756392,10409756461,1,"IOTHUB_CLIENT_CONFIRMATION_OK"
14932,10409756592,10409756638,1,"IOTHUB_CLIENT_CONFIRMATION_OK"
14933,10409756793,10409756842,1,"IOTHUB_CLIENT_CONFIRMATION_OK"
14934,10409756993,10409757097,1,"IOTHUB_CLIENT_CONFIRMATION_OK"
14935,10409757193,10409757265,1,"IOTHUB_CLIENT_CONFIRMATION_OK"
14936,10409757393,10409757441,1,"IOTHUB_CLIENT_CONFIRMATION_OK"
14937,10409757593,10409757678,1,"IOTHUB_CLIENT_CONFIRMATION_OK"
14938,10409757793,10409757846,1,"IOTHUB_CLIENT_CONFIRMATION_OK"
14939,10409757994,10409758034,1,"IOTHUB_CLIENT_CONFIRMATION_OK"
14940,10409758194,10409758232,1,"IOTHUB_CLIENT_CONFIRMATION_OK"
14941,10409758394,10409758456,1,"IOTHUB_CLIENT_CONFIRMATION_OK"
14942,10409758594,10409758675,1,"IOTHUB_CLIENT_CONFIRMATION_OK"
14943,10409758794,10409758831,1,"IOTHUB_CLIENT_CONFIRMATION_OK"
14944,10409758994,10409759049,1,"IOTHUB_CLIENT_CONFIRMATION_OK"
14945,10409759195,10409759287,1,"IOTHUB_CLIENT_CONFIRMATION_OK"
14946,10409759395,10409759438,1,"IOTHUB_CLIENT_CONFIRMATION_OK"
14947,10409759595,10409759642,1,"IOTHUB_CLIENT_CONFIRMATION_OK"
14948,10409759795,10409759920,1,"IOTHUB_CLIENT_CONFIRMATION_OK"
14949,10409759995,10409760035,1,"IOTHUB_CLIENT_CONFIRMATION_OK"
14950,10409760195,10409760238,1,"IOTHUB_CLIENT_CONFIRMATION_OK"
14951,10409760395,10409760432,1,"IOTHUB_CLIENT_CONFIRMATION_OK"
14952,10409760596,10409760650,1,"IOTHUB_CLIENT_CONFIRMATION_OK"
14953,10409760796,10409760856,1,"IOTHUB_CLIENT_CONFIRMATION_OK"
14954,10409760996,10409761035,1,"IOTHUB_CLIENT_CONFIRMATION_OK"
14955,10409761196,10409761257,1,"IOTHUB_CLIENT_CONFIRMATION_OK"
14956,10409761396,10409761574,1,"IOTHUB_CLIENT_CONFIRMATION_OK"
14957,10409761596,10409761639,1,"IOTHUB_CLIENT_CONFIRMATION_OK"
14958,10409761797,10409761833,1,"IOTHUB_CLIENT_CONFIRMATION_OK"
14959,10409761997,10409762041,1,"IOTHUB_CLIENT_CONFIRMATION_OK"
14960,10409762197,10409762242,1,"IOTHUB_CLIENT_CONFIRMATION_OK"
14961,10409762397,10409762466,1,"IOTHUB_CLIENT_CONFIRMATION_OK"
14962,10409762597,10409762651,1,"IOTHUB_CLIENT_CONFIRMATION_OK"
14963,10409762797,10409762844,1,"IOTHUB_CLIENT_CONFIRMATION_OK"
14964,10409762998,10409763035,1,"IOTHUB_CLIENT_CONFIRMATION_OK"
14965,10409763198,10409763253,1,"IOTHUB_CLIENT_CONFIRMATION_OK"
14966,10409763398,10409763454,1,"IOTHUB_CLIENT_CONFIRMATION_OK"
14967,10409763598,10409763650,1,"IOTHUB_CLIENT_CONFIRMATION_OK"
14968,10409763798,10409763841,1,"IOTHUB_CLIENT_CONFIRMATION_OK"
14969,10409763998,10409764045,1,"IOTHUB_CLIENT_CONFIRMATION_OK"
14970,10409764199,10409764243,1,"IOTHUB_CLIENT_CONFIRMATION_OK"
14971,10409764399,10409764450,1,"IOTHUB_CLIENT_CONFIRMATION_OK"
14972,10409764599,10409764645,1,"IOTHUB_CLIENT_CONFIRMATION_OK"
14973,10409764799,10409764850,1,"IOTHUB_CLIENT_CONFIRMATION_OK"
14974,10409764999,10409765041,1,"IOTHUB_CLIENT_CONFIRMATION_OK"
14975,10409765199,10409765247,1,"IOTHUB_CLIENT_CONFIRMATION_OK"
14976,10409765399,10409765454,1,"IOTHUB_CLIENT_CONFIRMATION_OK"
14977,10409765600,10409765666,1,"IOTHUB_CLIENT_CONFIRMATION_OK"
14978,10409765800,10409765856,1,"IOTHUB_CLIENT_CONFIRMATION_OK"
14979,10409766000,10409766126,1,"IOTHUB_CLIENT_CONFIRMATION_OK"
14980,10409766200,10409766239,1,"IOTHUB_CLIENT_CONFIRMATION_OK"
14981,10409766400,10409766519,1,"IOTHUB_CLIENT_CONFIRMATION_OK"
14982,10409766600,10409766646,1,"IOTHUB_CLIENT_CONFIRMATION_OK"
14983,10409766801,10409766838,1,"IOTHUB_CLIENT_CONFIRMATION_OK"
14984,10409767001,10409767045,1,"IOTHUB_CLIENT_CONFIRMATION_OK"
14985,10409767201,10409767243,1,"IOTHUB_CLIENT_CONFIRMATION_OK"
14986,10409767401,10409767436,1,"IOTHUB_CLIENT_CONFIRMATION_OK"
14987,10409767601,10409767778,1,"IOTHUB_CLIENT_CONFIRMATION_OK"
14988,10409767801,10409767850,1,"IOTHUB_CLIENT_CONFIRMATION_OK"
14989,10409768001,10409768045,1,"IOTHUB_CLIENT_CONFIRMATION_OK"
14990,10409768202,10409768244,1,"IOTHUB_CLIENT_CONFIRMATION_OK"
14991,10409768402,10409768463,1,"IOTHUB_CLIENT_CONFIRMATION_OK"
14992,10409768602,10409768641,1,"IOTHUB_CLIENT_CONFIRMATION_OK"
14993,10409768802,10409768845,1,"IOTHUB_CLIENT_CONFIRMATION_OK"
14994,10409769002,10409769051,1,"IOTHUB_CLIENT_CONFIRMATION_OK"
14995,10409769202,10409769242,1,"IOTHUB_CLIENT_CONFIRMATION_OK"
14996,10409769403,10409769460,1,"IOTHUB_CLIENT_CONFIRMATION_OK"
14997,10409769603,10409769646,1,"IOTHUB_CLIENT_CONFIRMATION_OK"
14998,10409769803,10409769847,1,"IOTHUB_CLIENT_CONFIRMATION_OK"
14999,10409770003,10409770056,1,"IOTHUB_CLIENT_CONFIRMATION_OK"
15000,10409770203,10409770238,1,"IOTHUB_CLIENT_CONFIRMATION_OK"
15001,10409770403,10409770457,1,"IOTHUB_CLIENT_CONFIRMATION_OK"
15002,10409770603,10409770653,1,"IOTHUB_CLIENT_CONFIRMATION_OK"
15003,10409770804,10409770837,1,"IOTHUB_CLIENT_CONFIRMATION_OK"
15004,10409771004,10409771042,1,"IOTHUB_CLIENT_CONFIRMATION_OK"
15005,10409771204,10409771258,1,"IOTHUB_CLIENT_CONFIRMATION_OK"
15006,10409771404,10409771480,1,"IOTHUB_CLIENT_CONFIRMATION_OK"
15007,10409771604,10409771706,1,"IOTHUB_CLIENT_CONFIRMATION_OK"
15008,10409771804,10409771870,1,"IOTHUB_CLIENT_CONFIRMATION_OK"
15009,10409772005,10409772052,1,"IOTHUB_CLIENT_CONFIRMATION_OK"
15010,10409772205,10409772243,1,"IOTHUB_CLIENT_CONFIRMATION_OK"
15011,10409772405,10409772471,1,"IOTHUB_CLIENT_CONFIRMATION_OK"
15012,10409772605,10409772642,1,"IOTHUB_CLIENT_CONFIRMATION_OK"
15013,10409772805,10409772844,1,"IOTHUB_CLIENT_CONFIRMATION_OK"
15014,10409773005,10409773054,1,"IOTHUB_CLIENT_CONFIRMATION_OK"
15015,10409773205,10409773357,1,"IOTHUB_CLIENT_CONFIRMATION_OK"
15016,10409773406,10409773453,1,"IOTHUB_CLIENT_CONFIRMATION_OK"
15017,10409773606,10409773654,1,"IOTHUB_CLIENT_CONFIRMATION_OK"
15018,10409773806,10409773972,1,"IOTHUB_CLIENT_CONFIRMATION_OK"
15019,10409774006,10409774066,1,"IOTHUB_CLIENT_CONFIRMATION_OK"
15020,10409774206,10409774318,1,"IOTHUB_CLIENT_CONFIRMATION_OK"
15021,10409774406,10409774451,1,"IOTHUB_CLIENT_CONFIRMATION_OK"
15022,10409774607,10409774643,1,"IOTHUB_CLIENT_CONFIRMATION_OK"
15023,10409774807,10409774846,1,"IOTHUB_CLIENT_CONFIRMATION_OK"
15024,10409775007,10409775045,1,"IOTHUB_CLIENT_CONFIRMATION_OK"
15025,10409775207,10409775263,1,"IOTHUB_CLIENT_CONFIRMATION_OK"
15026,10409775407,10409775447,1,"IOTHUB_CLIENT_CONFIRMATION_OK"
15027,10409775607,10409775708,1,"IOTHUB_CLIENT_CONFIRMATION_OK"
15028,10409775808,10409775849,1,"IOTHUB_CLIENT_CONFIRMATION_OK"
15029,10409776008,10409776262,1,"IOTHUB_CLIENT_CONFIRMATION_OK"
15030,10409776208,10409776283,1,"IOTHUB_CLIENT_CONFIRMATION_OK"
15031,10409776408,10409776468,1,"IOTHUB_CLIENT_CONFIRMATION_OK"
15032,10409776608,10409776690,1,"IOTHUB_CLIENT_CONFIRMATION_OK"
15033,10409776808,10409776855,1,"IOTHUB_CLIENT_CONFIRMATION_OK"
15034,10409777008,10409777101,1,"IOTHUB_CLIENT_CONFIRMATION_OK"
15035,10409777209,10409777356,1,"IOTHUB_CLIENT_CONFIRMATION_OK"
15036,10409777409,10409777505,1,"IOTHUB_CLIENT_CONFIRMATION_OK"
15037,10409777609,10409777652,1,"IOTHUB_CLIENT_CONFIRMATION_OK"
15038,10409777809,10409777862,1,"IOTHUB_CLIENT_CONFIRMATION_OK"
15039,10409778009,10409778053,1,"IOTHUB_CLIENT_CONFIRMATION_OK"
15040,10409778209,10409778253,1,"IOTHUB_CLIENT_CONFIRMATION_OK"
15041,10409778410,10409778453,1,"IOTHUB_CLIENT_CONFIRMATION_OK"
15042,10409778610,10409778656,1,"IOTHUB_CLIENT_CONFIRMATION_OK"
15043,10409778810,10409778973,1,"IOTHUB_CLIENT_CONFIRMATION_OK"
15044,10409779010,10409779054,1,"IOTHUB_CLIENT_CONFIRMATION_OK"
15045,10409779210,10409779259,1,"IOTHUB_CLIENT_CONFIRMATION_OK"
15046,10409779410,10409779453,1,"IOTHUB_CLIENT_CONFIRMATION_OK"
15047,10409779611,10409779660,1,"IOTHUB_CLIENT_CONFIRMATION_OK"
15048,10409779811,10409779860,1,"IOTHUB_CLIENT_CONFIRMATION_OK"
15049,10409780011,10409780058,1,"IOTHUB_CLIENT_CONFIRMATION_OK"
15050,10409780211,10409780252,1,"IOTHUB_CLIENT_CONFIRMATION_OK"
15051,10409780411,10409780451,1,"IOTHUB_CLIENT_CONFIRMATION_OK"
15052,10409780611,10409780655,1,"IOTHUB_CLIENT_CONFIRMATION_OK"
15053,10409780811,10409780858,1,"IOTHUB_CLIENT_CONFIRMATION_OK"
15054,10409781012,10409781156,1,"IOTHUB_CLIENT_CONFIRMATION_OK"
15055,10409781212,10409781408,1,"IOTHUB_CLIENT_CONFIRMATION_OK"
15056,10409781412,10409781461,1,"IOTHUB_CLIENT_CONFIRMATION_OK"
15057,10409781612,10409781650,1,"IOTHUB_CLIENT_CONFIRMATION_OK"
15058,10409781812,10409781851,1,"IOTHUB_CLIENT_CONFIRMATION_OK"
15059,10409782012,10409782059,1,"IOTHUB_CLIENT_CONFIRMATION_OK"
15060,10409782213,10409782255,1,"IOTHUB_CLIENT_CONFIRMATION_OK"
15061,10409782413,10409782454,1,"IOTHUB_CLIENT_CONFIRMATION_OK"
15062,10409782613,10409782652,1,"IOTHUB_CLIENT_CONFIRMATION_OK"
15063,10409782813,10409782880,1,"IOTHUB_CLIENT_CONFIRMATION_OK"
15064,10409783013,10409783077,1,"IOTHUB_CLIENT_CONFIRMATION_OK"
15065,10409783213,10409783266,1,"IOTHUB_CLIENT_CONFIRMATION_OK"
15066,10409783413,10409783479,1,"IOTHUB_CLIENT_CONFIRMATION_OK"
15067,10409783614,10409783682,1,"IOTHUB_CLIENT_CONFIRMATION_OK"
15068,10409783814,10409783858,1,"IOTHUB_CLIENT_CONFIRMATION_OK"
15069,10409784014,10409784051,1,"IOTHUB_CLIENT_CONFIRMATION_OK"
15070,10409784214,10409784249,1,"IOTHUB_CLIENT_CONFIRMATION_OK"
15071,10409784414,10409784493,1,"IOTHUB_CLIENT_CONFIRMATION_OK"
15072,10409784614,10409784662,1,"IOTHUB_CLIENT_CONFIRMATION_OK"
15073,10409784815,10409784872,1,"IOTHUB_CLIENT_CONFIRMATION_OK"
15074,10409785015,10409785102,1,"IOTHUB_CLIENT_CONFIRMATION_OK"
15075,10409785215,10409785262,1,"IOTHUB_CLIENT_CONFIRMATION_OK"
15076,10409785415,10409785451,1,"IOTHUB_CLIENT_CONFIRMATION_OK"
15077,10409785615,10409785860,1,"IOTHUB_CLIENT_CONFIRMATION_OK"
15078,10409785815,10409785883,1,"IOTHUB_CLIENT_CONFIRMATION_OK"
15079,10409786015,10409786054,1,"IOTHUB_CLIENT_CONFIRMATION_OK"
15080,10409786216,10409786273,1,"IOTHUB_CLIENT_CONFIRMATION_OK"
15081,10409786416,10409786480,1,"IOTHUB_CLIENT_CONFIRMATION_OK"
15082,10409786616,10409786683,1,"IOTHUB_CLIENT_CONFIRMATION_OK"
15083,10409786816,10409786872,1,"IOTHUB_CLIENT_CONFIRMATION_OK"
15084,10409787016,10409787065,1,"IOTHUB_CLIENT_CONFIRMATION_OK"
15085,10409787216,10409787369,1,"IOTHUB_CLIENT_CONFIRMATION_OK"
15086,10409787417,10409787467,1,"IOTHUB_CLIENT_CONFIRMATION_OK"
15087,10409787617,10409787658,1,"IOTHUB_CLIENT_CONFIRMATION_OK"
15088,10409787817,10409787961,1,"IOTHUB_CLIENT_CONFIRMATION_OK"
15089,10409788017,10409788066,1,"IOTHUB_CLIENT_CONFIRMATION_OK"
15090,10409788217,10409788257,1,"IOTHUB_CLIENT_CONFIRMATION_OK"
15091,10409788417,10409788464,1,"IOTHUB_CLIENT_CONFIRMATION_OK"
15092,10409788618,10409788657,1,"IOTHUB_CLIENT_CONFIRMATION_OK"
15093,10409788818,10409788872,1,"IOTHUB_CLIENT_CONFIRMATION_OK"
15094,10409789018,10409789107,1,"IOTHUB_CLIENT_CONFIRMATION_OK"
15095,10409789218,10409789270,1,"IOTHUB_CLIENT_CONFIRMATION_OK"
15096,10409789418,10409789463,1,"IOTHUB_CLIENT_CONFIRMATION_OK"
15097,10409789618,10409789666,1,"IOTHUB_CLIENT_CONFIRMATION_OK"
15098,10409789818,10409789869,1,"IOTHUB_CLIENT_CONFIRMATION_OK"
15099,10409790019,10409790138,1,"IOTHUB_CLIENT_CONFIRMATION_OK"
15100,10409790219,10409790292,1,"IOTHUB_CLIENT_CONFIRMATION_OK"
15101,10409790419,10409790481,1,"IOTHUB_CLIENT_CONFIRMATION_OK"
15102,10409790619,10409790771,1,"IOTHUB_CLIENT_CONFIRMATION_OK"
15103,10409790819,10409790883,1,"IOTHUB_CLIENT_CONFIRMATION_OK"
15104,10409791019,10409791062,1,"IOTHUB_CLIENT_CONFIRMATION_OK"
15105,10409791220,10409791257,1,"IOTHUB_CLIENT_CONFIRMATION_OK"
15106,10409791420,10409791463,1,"IOTHUB_CLIENT_CONFIRMATION_OK"
15107,10409791620,10409791732,1,"IOTHUB_CLIENT_CONFIRMATION_OK"
15108,10409791820,10409791867,1,"IOTHUB_CLIENT_CONFIRMATION_OK"
15109,10409792020,10409792060,1,"IOTHUB_CLIENT_CONFIRMATION_OK"
15110,10409792220,10409792279,1,"IOTHUB_CLIENT_CONFIRMATION_OK"
15111,10409792420,10409792490,1,"IOTHUB_CLIENT_CONFIRMATION_OK"
15112,10409792621,10409792673,1,"IOTHUB_CLIENT_CONFIRMATION_OK"
15113,10409792821,10409793006,1,"IOTHUB_CLIENT_CONFIRMATION_OK"
15114,10409793021,10409793063,1,"IOTHUB_CLIENT_CONFIRMATION_OK"
15115,10409793221,10409793261,1,"IOTHUB_CLIENT_CONFIRMATION_OK"
15116,10409793421,10409793461,1,"IOTHUB_CLIENT_CONFIRMATION_OK"
15117,10409793621,10409793678,1,"IOTHUB_CLIENT_CONFIRMATION_OK"
15118,10409793822,10409793870,1,"IOTHUB_CLIENT_CONFIRMATION_OK"
15119,10409794022,10409794062,1,"IOTHUB_CLIENT_CONFIRMATION_OK"
15120,10409794222,10409794284,1,"IOTHUB_CLIENT_CONFIRMATION_OK"
15121,10409794422,10409794467,1,"IOTHUB_CLIENT_CONFIRMATION_OK"
15122,10409794622,10409794670,1,"IOTHUB_CLIENT_CONFIRMATION_OK"
15123,10409794822,10409794867,1,"IOTHUB_CLIENT_CONFIRMATION_OK"
15124,10409795022,10409795063,1,"IOTHUB_CLIENT_CONFIRMATION_OK"
15125,10409795223,10409795271,1,"IOTHUB_CLIENT_CONFIRMATION_OK"
15126,10409795423,10409795473,1,"IOTHUB_CLIENT_CONFIRMATION_OK"
15127,10409795623,10409795660,1,"IOTHUB_CLIENT_CONFIRMATION_OK"
15128,10409795823,10409795892,1,"IOTHUB_CLIENT_CONFIRMATION_OK"
15129,10409796023,10409796062,1,"IOTHUB_CLIENT_CONFIRMATION_OK"
15130,10409796223,10409796280,1,"IOTHUB_CLIENT_CONFIRMATION_OK"
15131,10409796424,10409796467,1,"IOTHUB_CLIENT_CONFIRMATION_OK"
15132,10409796624,10409796693,1,"IOTHUB_CLIENT_CONFIRMATION_OK"
15133,10409796824,10409796963,1,"IOTHUB_CLIENT_CONFIRMATION_OK"
15134,10409797024,10409797076,1,"IOTHUB_CLIENT_CONFIRMATION_OK"
15135,10409797224,10409797303,1,"IOTHUB_CLIENT_CONFIRMATION_OK"
15136,10409797424,10409797500,1,"IOTHUB_CLIENT_CONFIRMATION_OK"
15137,10409797625,10409797744,1,"IOTHUB_CLIENT_CONFIRMATION_OK"
15138,10409797825,10409797911,1,"IOTHUB_CLIENT_CONFIRMATION_OK"
15139,10409798025,10409798109,1,"IOTHUB_CLIENT_CONFIRMATION_OK"
15140,10409798225,10409798262,1,"IOTHUB_CLIENT_CONFIRMATION_OK"
15141,10409798425,10409798469,1,"IOTHUB_CLIENT_CONFIRMATION_OK"
15142,10409798625,10409798669,1,"IOTHUB_CLIENT_CONFIRMATION_OK"
15143,10409798826,10409798893,1,"IOTHUB_CLIENT_CONFIRMATION_OK"
15144,10409799026,10409799153,1,"IOTHUB_CLIENT_CONFIRMATION_OK"
15145,10409799226,10409799281,1,"IOTHUB_CLIENT_CONFIRMATION_OK"
15146,10409799426,10409799471,1,"IOTHUB_CLIENT_CONFIRMATION_OK"
15147,10409799626,10409799737,1,"IOTHUB_CLIENT_CONFIRMATION_OK"
15148,10409799826,10409799872,1,"IOTHUB_CLIENT_CONFIRMATION_OK"
15149,10409800027,10409800069,1,"IOTHUB_CLIENT_CONFIRMATION_OK"
15150,10409800227,10409800269,1,"IOTHUB_CLIENT_CONFIRMATION_OK"
15151,10409800427,10409800478,1,"IOTHUB_CLIENT_CONFIRMATION_OK"
15152,10409800627,10409800665,1,"IOTHUB_CLIENT_CONFIRMATION_OK"
15153,10409800827,10409800872,1,"IOTHUB_CLIENT_CONFIRMATION_OK"
15154,10409801027,10409801077,1,"IOTHUB_CLIENT_CONFIRMATION_OK"
15155,10409801227,10409801269,1,"IOTHUB_CLIENT_CONFIRMATION_OK"
15156,10409801428,10409801478,1,"IOTHUB_CLIENT_CONFIRMATION_OK"
15157,10409801628,10409801688,1,"IOTHUB_CLIENT_CONFIRMATION_OK"
15158,10409801828,10409801877,1,"IOTHUB_CLIENT_CONFIRMATION_OK"
15159,10409802028,10409802066,1,"IOTHUB_CLIENT_CONFIRMATION_OK"
15160,10409802228,10409802285,1,"IOTHUB_CLIENT_CONFIRMATION_OK"
15161,10409802428,10409802473,1,"IOTHUB_CLIENT_CONFIRMATION_OK"
15162,10409802629,10409802717,1,"IOTHUB_CLIENT_CONFIRMATION_OK"
15163,10409802829,10409802899,1,"IOTHUB_CLIENT_CONFIRMATION_OK"
15164,10409803029,10409803088,1,"IOTHUB_CLIENT_CONFIRMATION_OK"
15165,10409803229,10409803282,1,"IOTHUB_CLIENT_CONFIRMATION_OK"
15166,10409803429,10409803474,1,"IOTHUB_CLIENT_CONFIRMATION_OK"
15167,10409803629,10409803699,1,"IOTHUB_CLIENT_CONFIRMATION_OK"
15168,10409803829,10409803867,1,"IOTHUB_CLIENT_CONFIRMATION_OK"
15169,10409804030,10409804075,1,"IOTHUB_CLIENT_CONFIRMATION_OK"
15170,10409804230,10409804277,1,"IOTHUB_CLIENT_CONFIRMATION_OK"
15171,10409804430,10409804480,1,"IOTHUB_CLIENT_CONFIRMATION_OK"
15172,10409804630,10409804737,1,"IOTHUB_CLIENT_CONFIRMATION_OK"
15173,10409804830,10409804872,1,"IOTHUB_CLIENT_CONFIRMATION_OK"
15174,10409805030,10409805082,1,"IOTHUB_CLIENT_CONFIRMATION_OK"
15175,10409805231,10409805358,1,"IOTHUB_CLIENT_CONFIRMATION_OK"
15176,10409805431,10409805471,1,"IOTHUB_CLIENT_CONFIRMATION_OK"
15177,10409805631,10409805694,1,"IOTHUB_CLIENT_CONFIRMATION_OK"
15178,10409805831,10409805996,1,"IOTHUB_CLIENT_CONFIRMATION_OK"
15179,10409806031,10409806081,1,"IOTHUB_CLIENT_CONFIRMATION_OK"
15180,10409806231,10409806285,1,"IOTHUB_CLIENT_CONFIRMATION_OK"
15181,10409806431,10409806474,1,"IOTHUB_CLIENT_CONFIRMATION_OK"
15182,10409806632,10409806715,1,"IOTHUB_CLIENT_CONFIRMATION_OK"
15183,10409806832,10409806874,1,"IOTHUB_CLIENT_CONFIRMATION_OK"
15184,10409807032,10409807071,1,"IOTHUB_CLIENT_CONFIRMATION_OK"
15185,10409807232,10409807274,1,"IOTHUB_CLIENT_CONFIRMATION_OK"
15186,10409807432,10409807607,1,"IOTHUB_CLIENT_CONFIRMATION_OK"
15187,10409807632,10409807686,1,"IOTHUB_CLIENT_CONFIRMATION_OK"
15188,10409807833,10409807881,1,"IOTHUB_CLIENT_CONFIRMATION_OK"
15189,10409808033,10409808084,1,"IOTHUB_CLIENT_CONFIRMATION_OK"
15190,10409808233,10409808286,1,"IOTHUB_CLIENT_CONFIRMATION_OK"
15191,10409808433,10409808479,1,"IOTHUB_CLIENT_CONFIRMATION_OK"
15192,10409808633,10409808671,1,"IOTHUB_CLIENT_CONFIRMATION_OK"
15193,10409808833,10409808874,1,"IOTHUB_CLIENT_CONFIRMATION_OK"
15194,10409809034,10409809080,1,"IOTHUB_CLIENT_CONFIRMATION_OK"
15195,10409809234,10409809303,1,"IOTHUB_CLIENT_CONFIRMATION_OK"
15196,10409809434,10409809495,1,"IOTHUB_CLIENT_CONFIRMATION_OK"
15197,10409809634,10409809678,1,"IOTHUB_CLIENT_CONFIRMATION_OK"
15198,10409809834,10409809874,1,"IOTHUB_CLIENT_CONFIRMATION_OK"
15199,10409810034,10409810181,1,"IOTHUB_CLIENT_CONFIRMATION_OK"
15200,10409810235,10409810393,1,"IOTHUB_CLIENT_CONFIRMATION_OK"
15201,10409810435,10409810481,1,"IOTHUB_CLIENT_CONFIRMATION_OK"
15202,10409810635,10409810681,1,"IOTHUB_CLIENT_CONFIRMATION_OK"
15203,10409810835,10409811035,1,"IOTHUB_CLIENT_CONFIRMATION_OK"
15204,10409811035,10409811082,1,"IOTHUB_CLIENT_CONFIRMATION_OK"
15205,10409811235,10409811278,1,"IOTHUB_CLIENT_CONFIRMATION_OK"
15206,10409811436,10409811479,1,"IOTHUB_CLIENT_CONFIRMATION_OK"
15207,10409811636,10409811682,1,"IOTHUB_CLIENT_CONFIRMATION_OK"
15208,10409811836,10409811873,1,"IOTHUB_CLIENT_CONFIRMATION_OK"
15209,10409812036,10409812083,1,"IOTHUB_CLIENT_CONFIRMATION_OK"
15210,10409812236,10409812323,1,"IOTHUB_CLIENT_CONFIRMATION_OK"
15211,10409812436,10409812487,1,"IOTHUB_CLIENT_CONFIRMATION_OK"
15212,10409812637,10409812675,1,"IOTHUB_CLIENT_CONFIRMATION_OK"
15213,10409812837,10409812879,1,"IOTHUB_CLIENT_CONFIRMATION_OK"
15214,10409813037,10409813246,1,"IOTHUB_CLIENT_CONFIRMATION_OK"
15215,10409813237,10409813292,1,"IOTHUB_CLIENT_CONFIRMATION_OK"
15216,10409813437,10409813487,1,"IOTHUB_CLIENT_CONFIRMATION_OK"
15217,10409813637,10409813673,1,"IOTHUB_CLIENT_CONFIRMATION_OK"
15218,10409813838,10409813882,1,"IOTHUB_CLIENT_CONFIRMATION_OK"
15219,10409814038,10409814082,1,"IOTHUB_CLIENT_CONFIRMATION_OK"
15220,10409814238,10409814283,1,"IOTHUB_CLIENT_CONFIRMATION_OK"
15221,10409814438,10409814482,1,"IOTHUB_CLIENT_CONFIRMATION_OK"
15222,10409814638,10409814673,1,"IOTHUB_CLIENT_CONFIRMATION_OK"
15223,10409814838,10409814909,1,"IOTHUB_CLIENT_CONFIRMATION_OK"
15224,10409815039,10409815079,1,"IOTHUB_CLIENT_CONFIRMATION_OK"
15225,10409815239,10409815274,1,"IOTHUB_CLIENT_CONFIRMATION_OK"
15226,10409815439,10409815488,1,"IOTHUB_CLIENT_CONFIRMATION_OK"
15227,10409815639,10409815690,1,"IOTHUB_CLIENT_CONFIRMATION_OK"
15228,10409815839,10409815894,1,"IOTHUB_CLIENT_CONFIRMATION_OK"
15229,10409816039,10409816084,1,"IOTHUB_CLIENT_CONFIRMATION_OK"
15230,10409816240,10409816290,1,"IOTHUB_CLIENT_CONFIRMATION_OK"
15231,10409816440,10409816522,1,"IOTHUB_CLIENT_CONFIRMATION_OK"
15232,10409816640,10409816738,1,"IOTHUB_CLIENT_CONFIRMATION_OK"
15233,10409816840,10409816964,1,"IOTHUB_CLIENT_CONFIRMATION_OK"
15234,10409817040,10409817131,1,"IOTHUB_CLIENT_CONFIRMATION_OK"
15235,10409817240,10409817288,1,"IOTHUB_CLIENT_CONFIRMATION_OK"
15236,10409817440,10409817485,1,"IOTHUB_CLIENT_CONFIRMATION_OK"
15237,10409817641,10409817723,1,"IOTHUB_CLIENT_CONFIRMATION_OK"
15238,10409817841,10409817884,1,"IOTHUB_CLIENT_CONFIRMATION_OK"
15239,10409818041,10409818123,1,"IOTHUB_CLIENT_CONFIRMATION_OK"
15240,10409818241,10409818282,1,"IOTHUB_CLIENT_CONFIRMATION_OK"
15241,10409818441,10409818507,1,"IOTHUB_CLIENT_CONFIRMATION_OK"
15242,10409818641,10409818765,1,"IOTHUB_CLIENT_CONFIRMATION_OK"
15243,10409818842,10409818889,1,"IOTHUB_CLIENT_CONFIRMATION_OK"
15244,10409819042,10409819091,1,"IOTHUB_CLIENT_CONFIRMATION_OK"
15245,10409819242,10409819385,1,"IOTHUB_CLIENT_CONFIRMATION_OK"
15246,10409819442,10409819493,1,"IOTHUB_CLIENT_CONFIRMATION_OK"
15247,10409819642,10409819685,1,"IOTHUB_CLIENT_CONFIRMATION_OK"
15248,10409819842,10409819987,1,"IOTHUB_CLIENT_CONFIRMATION_OK"
15249,10409820042,10409820111,1,"IOTHUB_CLIENT_CONFIRMATION_OK"
15250,10409820243,10409820280,1,"IOTHUB_CLIENT_CONFIRMATION_OK"
15251,10409820443,10409820521,1,"IOTHUB_CLIENT_CONFIRMATION_OK"
15252,10409820643,10409820681,1,"IOTHUB_CLIENT_CONFIRMATION_OK"
15253,10409820843,10409820889,1,"IOTHUB_CLIENT_CONFIRMATION_OK"
15254,10409821043,10409821096,1,"IOTHUB_CLIENT_CONFIRMATION_OK"
15255,10409821243,10409821336,1,"IOTHUB_CLIENT_CONFIRMATION_OK"
15256,10409821444,10409821633,1,"IOTHUB_CLIENT_CONFIRMATION_OK"
15257,10409821644,10409821689,1,"IOTHUB_CLIENT_CONFIRMATION_OK"
15258,10409821844,10409821912,1,"IOTHUB_CLIENT_CONFIRMATION_OK"
15259,10409822044,10409822240,1,"IOTHUB_CLIENT_CONFIRMATION_OK"
15260,10409822244,10409822285,1,"IOTHUB_CLIENT_CONFIRMATION_OK"
15261,10409822444,10409822484,1,"IOTHUB_CLIENT_CONFIRMATION_OK"
15262,10409822645,10409822680,1,"IOTHUB_CLIENT_CONFIRMATION_OK"
15263,10409822845,10409822887,1,"IOTHUB_CLIENT_CONFIRMATION_OK"
15264,10409823045,10409823081,1,"IOTHUB_CLIENT_CONFIRMATION_OK"
15265,10409823245,10409823321,1,"IOTHUB_CLIENT_CONFIRMATION_OK"
15266,10409823445,10409823536,1,"IOTHUB_CLIENT_CONFIRMATION_OK"
15267,10409823645,10409823699,1,"IOTHUB_CLIENT_CONFIRMATION_OK"
15268,10409823846,10409823906,1,"IOTHUB_CLIENT_CONFIRMATION_OK"
15269,10409824046,10409824084,1,"IOTHUB_CLIENT_CONFIRMATION_OK"
15270,10409824246,10409824288,1,"IOTHUB_CLIENT_CONFIRMATION_OK"
15271,10409824446,10409824514,1,"IOTHUB_CLIENT_CONFIRMATION_OK"
15272,10409824646,10409824719,1,"IOTHUB_CLIENT_CONFIRMATION_OK"
15273,10409824846,10409824920,1,"IOTHUB_CLIENT_CONFIRMATION_OK"
15274,10409825046,10409825086,1,"IOTHUB_CLIENT_CONFIRMATION_OK"
15275,10409825247,10409825285,1,"IOTHUB_CLIENT_CONFIRMATION_OK"
15276,10409825447,10409825528,1,"IOTHUB_CLIENT_CONFIRMATION_OK"
15277,10409825647,10409825693,1,"IOTHUB_CLIENT_CONFIRMATION_OK"
15278,10409825847,10409825895,1,"IOTHUB_CLIENT_CONFIRMATION_OK"
15279,10409826047,10409826148,1,"IOTHUB_CLIENT_CONFIRMATION_OK"
15280,10409826247,10409826285,1,"IOTHUB_CLIENT_CONFIRMATION_OK"
15281,10409826448,10409826532,1,"IOTHUB_CLIENT_CONFIRMATION_OK"
15282,10409826648,10409826700,1,"IOTHUB_CLIENT_CONFIRMATION_OK"
15283,10409826848,10409826920,1,"IOTHUB_CLIENT_CONFIRMATION_OK"
15284,10409827048,10409827085,1,"IOTHUB_CLIENT_CONFIRMATION_OK"
15285,10409827248,10409827284,1,"IOTHUB_CLIENT_CONFIRMATION_OK"
15286,10409827448,10409827542,1,"IOTHUB_CLIENT_CONFIRMATION_OK"
15287,10409827649,10409827805,1,"IOTHUB_CLIENT_CONFIRMATION_OK"
15288,10409827849,10409827896,1,"IOTHUB_CLIENT_CONFIRMATION_OK"
15289,10409828049,10409828092,1,"IOTHUB_CLIENT_CONFIRMATION_OK"
15290,10409828249,10409828418,1,"IOTHUB_CLIENT_CONFIRMATION_OK"
15291,10409828449,10409828518,1,"IOTHUB_CLIENT_CONFIRMATION_OK"
15292,10409828649,10409828691,1,"IOTHUB_CLIENT_CONFIRMATION_OK"
15293,10409828849,10409828939,1,"IOTHUB_CLIENT_CONFIRMATION_OK"
15294,10409829050,10409829094,1,"IOTHUB_CLIENT_CONFIRMATION_OK"
15295,10409829250,10409829292,1,"IOTHUB_CLIENT_CONFIRMATION_OK"
15296,10409829450,10409829527,1,"IOTHUB_CLIENT_CONFIRMATION_OK"
15297,10409829650,10409829684,1,"IOTHUB_CLIENT_CONFIRMATION_OK"
15298,10409829850,10409829897,1,"IOTHUB_CLIENT_CONFIRMATION_OK"
15299,10409830050,10409830095,1,"IOTHUB_CLIENT_CONFIRMATION_OK"
15300,10409830251,10409830293,1,"IOTHUB_CLIENT_CONFIRMATION_OK"
15301,10409830451,10409830666,1,"IOTHUB_CLIENT_CONFIRMATION_OK"
15302,10409830651,10409830710,1,"IOTHUB_CLIENT_CONFIRMATION_OK"
15303,10409830851,10409830894,1,"IOTHUB_CLIENT_CONFIRMATION_OK"
15304,10409831051,10409831088,1,"IOTHUB_CLIENT_CONFIRMATION_OK"
15305,10409831251,10409831297,1,"IOTHUB_CLIENT_CONFIRMATION_OK"
15306,10409831451,10409831488,1,"IOTHUB_CLIENT_CONFIRMATION_OK"
15307,10409831652,10409831690,1,"IOTHUB_CLIENT_CONFIRMATION_OK"
15308,10409831852,10409831908,1,"IOTHUB_CLIENT_CONFIRMATION_OK"
15309,10409832052,10409832181,1,"IOTHUB_CLIENT_CONFIRMATION_OK"
15310,10409832252,10409832307,1,"IOTHUB_CLIENT_CONFIRMATION_OK"
15311,10409832452,10409832500,1,"IOTHUB_CLIENT_CONFIRMATION_OK"
15312,10409832652,10409832700,1,"IOTHUB_CLIENT_CONFIRMATION_OK"
15313,10409832853,10409832895,1,"IOTHUB_CLIENT_CONFIRMATION_OK"
15314,10409833053,10409833098,1,"IOTHUB_CLIENT_CONFIRMATION_OK"
15315,10409833253,10409833305,1,"IOTHUB_CLIENT_CONFIRMATION_OK"
15316,10409833453,10409833498,1,"IOTHUB_CLIENT_CONFIRMATION_OK"
15317,10409833653,10409833703,1,"IOTHUB_CLIENT_CONFIRMATION_OK"
15318,10409833853,10409833928,1,"IOTHUB_CLIENT_CONFIRMATION_OK"
15319,10409834053,10409834100,1,"IOTHUB_CLIENT_CONFIRMATION_OK"
15320,10409834254,10409834331,1,"IOTHUB_CLIENT_CONFIRMATION_OK"
15321,10409834454,10409834530,1,"IOTHUB_CLIENT_CONFIRMATION_OK"
15322,10409834654,10409834698,1,"IOTHUB_CLIENT_CONFIRMATION_OK"
15323,10409834854,10409834896,1,"IOTHUB_CLIENT_CONFIRMATION_OK"
15324,10409835054,10409835144,1,"IOTHUB_CLIENT_CONFIRMATION_OK"
15325,10409835254,10409835294,1,"IOTHUB_CLIENT_CONFIRMATION_OK"
15326,10409835454,10409835498,1,"IOTHUB_CLIENT_CONFIRMATION_OK"
15327,10409835655,10409835696,1,"IOTHUB_CLIENT_CONFIRMATION_OK"
15328,10409835855,10409835901,1,"IOTHUB_CLIENT_CONFIRMATION_OK"
15329,10409836055,10409836174,1,"IOTHUB_CLIENT_CONFIRMATION_OK"
15330,10409836255,10409836328,1,"IOTHUB_CLIENT_CONFIRMATION_OK"
15331,10409836455,10409836493,1,"IOTHUB_CLIENT_CONFIRMATION_OK"
15332,10409836656,10409836775,1,"IOTHUB_CLIENT_CONFIRMATION_OK"
15333,10409836856,10409836900,1,"IOTHUB_CLIENT_CONFIRMATION_OK"
15334,10409837056,10409837096,1,"IOTHUB_CLIENT_CONFIRMATION_OK"
15335,10409837256,10409837408,1,"IOTHUB_CLIENT_CONFIRMATION_OK"
15336,10409837456,10409837541,1,"IOTHUB_CLIENT_CONFIRMATION_OK"
15337,10409837656,10409837699,1,"IOTHUB_CLIENT_CONFIRMATION_OK"
15338,10409837856,10409837912,1,"IOTHUB_CLIENT_CONFIRMATION_OK"
15339,10409838057,10409838097,1,"IOTHUB_CLIENT_CONFIRMATION_OK"
15340,10409838257,10409838300,1,"IOTHUB_CLIENT_CONFIRMATION_OK"
15341,10409838457,10409838506,1,"IOTHUB_CLIENT_CONFIRMATION_OK"
15342,10409838657,10409838704,1,"IOTHUB_CLIENT_CONFIRMATION_OK"
15343,10409838857,10409839026,1,"IOTHUB_CLIENT_CONFIRMATION_OK"
15344,10409839057,10409839104,1,"IOTHUB_CLIENT_CONFIRMATION_OK"
15345,10409839258,10409839295,1,"IOTHUB_CLIENT_CONFIRMATION_OK"
15346,10409839458,10409839620,1,"IOTHUB_CLIENT_CONFIRMATION_OK"
15347,10409839658,10409839715,1,"IOTHUB_CLIENT_CONFIRMATION_OK"
15348,10409839858,10409839909,1,"IOTHUB_CLIENT_CONFIRMATION_OK"
15349,10409840058,10409840116,1,"IOTHUB_CLIENT_CONFIRMATION_OK"
15350,10409840258,10409840303,1,"IOTHUB_CLIENT_CONFIRMATION_OK"
15351,10409840459,10409840500,1,"IOTHUB_CLIENT_CONFIRMATION_OK"
15352,10409840659,10409840702,1,"IOTHUB_CLIENT_CONFIRMATION_OK"
15353,10409840859,10409840907,1,"IOTHUB_CLIENT_CONFIRMATION_OK"
15354,10409841059,10409841097,1,"IOTHUB_CLIENT_CONFIRMATION_OK"
15355,10409841259,10409841295,1,"IOTHUB_CLIENT_CONFIRMATION_OK"
15356,10409841459,10409841499,1,"IOTHUB_CLIENT_CONFIRMATION_OK"
15357,10409841659,10409841876,1,"IOTHUB_CLIENT_CONFIRMATION_OK"
15358,10409841860,10409841901,1,"IOTHUB_CLIENT_CONFIRMATION_OK"
15359,10409842060,10409842100,1,"IOTHUB_CLIENT_CONFIRMATION_OK"
15360,10409842260,10409842309,1,"IOTHUB_CLIENT_CONFIRMATION_OK"
15361,10409842460,10409842520,1,"IOTHUB_CLIENT_CONFIRMATION_OK"
15362,10409842660,10409842702,1,"IOTHUB_CLIENT_CONFIRMATION_OK"
15363,10409842860,10409842911,1,"IOTHUB_CLIENT_CONFIRMATION_OK"
15364,10409843061,10409843101,1,"IOTHUB_CLIENT_CONFIRMATION_OK"
15365,10409843261,10409843301,1,"IOTHUB_CLIENT_CONFIRMATION_OK"
15366,10409843461,10409843509,1,"IOTHUB_CLIENT_CONFIRMATION_OK"
15367,10409843661,10409843740,1,"IOTHUB_CLIENT_CONFIRMATION_OK"
15368,10409843861,10409843908,1,"IOTHUB_CLIENT_CONFIRMATION_OK"
15369,10409844061,10409844122,1,"IOTHUB_CLIENT_CONFIRMATION_OK"
15370,10409844261,10409844306,1,"IOTHUB_CLIENT_CONFIRMATION_OK"
15371,10409844462,10409844528,1,"IOTHUB_CLIENT_CONFIRMATION_OK"
15372,10409844662,10409844711,1,"IOTHUB_CLIENT_CONFIRMATION_OK"
15373,10409844862,10409844897,1,"IOTHUB_CLIENT_CONFIRMATION_OK"
15374,10409845062,10409845136,1,"IOTHUB_CLIENT_CONFIRMATION_OK"
15375,10409845262,10409845335,1,"IOTHUB_CLIENT_CONFIRMATION_OK"
15376,10409845462,10409845536,1,"IOTHUB_CLIENT_CONFIRMATION_OK"
15377,10409845663,10409845759,1,"IOTHUB_CLIENT_CONFIRMATION_OK"
15378,10409845863,10409845917,1,"IOTHUB_CLIENT_CONFIRMATION_OK"
15379,10409846063,10409846106,1,"IOTHUB_CLIENT_CONFIRMATION_OK"
15380,10409846263,10409846383,1,"IOTHUB_CLIENT_CONFIRMATION_OK"
15381,10409846463,10409846562,1,"IOTHUB_CLIENT_CONFIRMATION_OK"
15382,10409846663,10409846789,1,"IOTHUB_CLIENT_CONFIRMATION_OK"
15383,10409846863,10409846991,1,"IOTHUB_CLIENT_CONFIRMATION_OK"
15384,10409847064,10409847104,1,"IOTHUB_CLIENT_CONFIRMATION_OK"
15385,10409847264,10409847375,1,"IOTHUB_CLIENT_CONFIRMATION_OK"
15386,10409847464,10409847507,1,"IOTHUB_CLIENT_CONFIRMATION_OK"
15387,10409847664,10409847715,1,"IOTHUB_CLIENT_CONFIRMATION_OK"
15388,10409847864,10409848024,1,"IOTHUB_CLIENT_CONFIRMATION_OK"
15389,10409848064,10409848105,1,"IOTHUB_CLIENT_CONFIRMATION_OK"
15390,10409848265,10409848308,1,"IOTHUB_CLIENT_CONFIRMATION_OK"
15391,10409848465,10409848607,1,"IOTHUB_CLIENT_CONFIRMATION_OK"
15392,10409848665,10409848718,1,"IOTHUB_CLIENT_CONFIRMATION_OK"
15393,10409848865,10409848937,1,"IOTHUB_CLIENT_CONFIRMATION_OK"
15394,10409849065,10409849114,1,"IOTHUB_CLIENT_CONFIRMATION_OK"
15395,10409849265,10409849320,1,"IOTHUB_CLIENT_CONFIRMATION_OK"
15396,10409849465,10409849555,1,"IOTHUB_CLIENT_CONFIRMATION_OK"
15397,10409849666,10409849717,1,"IOTHUB_CLIENT_CONFIRMATION_OK"
15398,10409849866,10409849924,1,"IOTHUB_CLIENT_CONFIRMATION_OK"
15399,10409850066,10409850234,1,"IOTHUB_CLIENT_CONFIRMATION_OK"
15400,10409850266,10409850310,1,"IOTHUB_CLIENT_CONFIRMATION_OK"
15401,10409850466,10409850517,1,"IOTHUB_CLIENT_CONFIRMATION_OK"
15402,10409850666,10409850847,1,"IOTHUB_CLIENT_CONFIRMATION_OK"
15403,10409850867,10409850923,1,"IOTHUB_CLIENT_CONFIRMATION_OK"
15404,10409851067,10409851105,1,"IOTHUB_CLIENT_CONFIRMATION_OK"
15405,10409851267,10409851307,1,"IOTHUB_CLIENT_CONFIRMATION_OK"
15406,10409851467,10409851513,1,"IOTHUB_CLIENT_CONFIRMATION_OK"
15407,10409851667,10409851724,1,"IOTHUB_CLIENT_CONFIRMATION_OK"
15408,10409851867,10409851907,1,"IOTHUB_CLIENT_CONFIRMATION_OK"
15409,10409852068,10409852112,1,"IOTHUB_CLIENT_CONFIRMATION_OK"
15410,10409852268,10409852308,1,"IOTHUB_CLIENT_CONFIRMATION_OK"
15411,10409852468,10409852510,1,"IOTHUB_CLIENT_CONFIRMATION_OK"
15412,10409852668,10409852729,1,"IOTHUB_CLIENT_CONFIRMATION_OK"
15413,10409852868,10409853069,1,"IOTHUB_CLIENT_CONFIRMATION_OK"
15414,10409853068,10409853106,1,"IOTHUB_CLIENT_CONFIRMATION_OK"
15415,10409853268,10409853309,1,"IOTHUB_CLIENT_CONFIRMATION_OK"
15416,10409853469,10409853550,1,"IOTHUB_CLIENT_CONFIRMATION_OK"
15417,10409853669,10409853705,1,"IOTHUB_CLIENT_CONFIRMATION_OK"
15418,10409853869,10409853909,1,"IOTHUB_CLIENT_CONFIRMATION_OK"
15419,10409854069,10409854139,1,"IOTHUB_CLIENT_CONFIRMATION_OK"
15420,10409854269,10409854313,1,"IOTHUB_CLIENT_CONFIRMATION_OK"
15421,10409854469,10409854528,1,"IOTHUB_CLIENT_CONFIRMATION_OK"
15422,10409854670,10409854812,1,"IOTHUB_CLIENT_CONFIRMATION_OK"
15423,10409854870,10409854918,1,"IOTHUB_CLIENT_CONFIRMATION_OK"
15424,10409855070,10409855109,1,"IOTHUB_CLIENT_CONFIRMATION_OK"
15425,10409855270,10409855312,1,"IOTHUB_CLIENT_CONFIRMATION_OK"
15426,10409855470,10409855522,1,"IOTHUB_CLIENT_CONFIRMATION_OK"
15427,10409855670,10409855710,1,"IOTHUB_CLIENT_CONFIRMATION_OK"
15428,10409855870,10409855938,1,"IOTHUB_CLIENT_CONFIRMATION_OK"
15429,10409856071,10409856108,1,"IOTHUB_CLIENT_CONFIRMATION_OK"
15430,10409856271,10409856493,1,"IOTHUB_CLIENT_CONFIRMATION_OK"
15431,10409856471,10409856529,1,"IOTHUB_CLIENT_CONFIRMATION_OK"
15432,10409856671,10409856717,1,"IOTHUB_CLIENT_CONFIRMATION_OK"
15433,10409856871,10409856910,1,"IOTHUB_CLIENT_CONFIRMATION_OK"
15434,10409857071,10409857181,1,"IOTHUB_CLIENT_CONFIRMATION_OK"
15435,10409857272,10409857310,1,"IOTHUB_CLIENT_CONFIRMATION_OK"
15436,10409857472,10409857537,1,"IOTHUB_CLIENT_CONFIRMATION_OK"
15437,10409857672,10409857718,1,"IOTHUB_CLIENT_CONFIRMATION_OK"
15438,10409857872,10409857921,1,"IOTHUB_CLIENT_CONFIRMATION_OK"
15439,10409858072,10409858115,1,"IOTHUB_CLIENT_CONFIRMATION_OK"
15440,10409858272,10409858312,1,"IOTHUB_CLIENT_CONFIRMATION_OK"
15441,10409858472,10409858547,1,"IOTHUB_CLIENT_CONFIRMATION_OK"
15442,10409858673,10409858719,1,"IOTHUB_CLIENT_CONFIRMATION_OK"
15443,10409858873,10409858921,1,"IOTHUB_CLIENT_CONFIRMATION_OK"
15444,10409859073,10409859114,1,"IOTHUB_CLIENT_CONFIRMATION_OK"
15445,10409859273,10409859324,1,"IOTHUB_CLIENT_CONFIRMATION_OK"
15446,10409859473,10409859517,1,"IOTHUB_CLIENT_CONFIRMATION_OK"
15447,10409859673,10409859719,1,"IOTHUB_CLIENT_CONFIRMATION_OK"
15448,10409859874,10409859919,1,"IOTHUB_CLIENT_CONFIRMATION_OK"
15449,10409860074,10409860137,1,"IOTHUB_CLIENT_CONFIRMATION_OK"
15450,10409860274,10409860336,1,"IOTHUB_CLIENT_CONFIRMATION_OK"
15451,10409860474,10409860514,1,"IOTHUB_CLIENT_CONFIRMATION_OK"
15452,10409860674,10409860737,1,"IOTHUB_CLIENT_CONFIRMATION_OK"
15453,10409860874,10409860942,1,"IOTHUB_CLIENT_CONFIRMATION_OK"
15454,10409861074,10409861119,1,"IOTHUB_CLIENT_CONFIRMATION_OK"
15455,10409861274,10409861332,1,"IOTHUB_CLIENT_CONFIRMATION_OK"
15456,10409861475,10409861527,1,"IOTHUB_CLIENT_CONFIRMATION_OK"
15457,10409861675,10409861769,1,"IOTHUB_CLIENT_CONFIRMATION_OK"
15458,10409861875,10409861948,1,"IOTHUB_CLIENT_CONFIRMATION_OK"
15459,10409862075,10409862144,1,"IOTHUB_CLIENT_CONFIRMATION_OK"
15460,10409862275,10409862324,1,"IOTHUB_CLIENT_CONFIRMATION_OK"
15461,10409862475,10409862577,1,"IOTHUB_CLIENT_CONFIRMATION_OK"
15462,10409862676,10409862728,1,"IOTHUB_CLIENT_CONFIRMATION_OK"
15463,10409862876,10409862933,1,"IOTHUB_CLIENT_CONFIRMATION_OK"
15464,10409863076,10409863212,1,"IOTHUB_CLIENT_CONFIRMATION_OK"
15465,10409863276,10409863322,1,"IOTHUB_CLIENT_CONFIRMATION_OK"
15466,10409863476,10409863540,1,"IOTHUB_CLIENT_CONFIRMATION_OK"
15467,10409863676,10409863720,1,"IOTHUB_CLIENT_CONFIRMATION_OK"
15468,10409863876,10409863917,1,"IOTHUB_CLIENT_CONFIRMATION_OK"
15469,10409864077,10409864122,1,"IOTHUB_CLIENT_CONFIRMATION_OK"
15470,10409864277,10409864315,1,"IOTHUB_CLIENT_CONFIRMATION_OK"
15471,10409864477,10409864515,1,"IOTHUB_CLIENT_CONFIRMATION_OK"
15472,10409864677,10409864764,1,"IOTHUB_CLIENT_CONFIRMATION_OK"
15473,10409864877,10409864931,1,"IOTHUB_CLIENT_CONFIRMATION_OK"
15474,10409865077,10409865124,1,"IOTHUB_CLIENT_CONFIRMATION_OK"
15475,10409865278,10409865457,1,"IOTHUB_CLIENT_CONFIRMATION_OK"
15476,10409865478,10409865535,1,"IOTHUB_CLIENT_CONFIRMATION_OK"
15477,10409865678,10409865729,1,"IOTHUB_CLIENT_CONFIRMATION_OK"
15478,10409865878,10409865917,1,"IOTHUB_CLIENT_CONFIRMATION_OK"
15479,10409866078,10409866128,1,"IOTHUB_CLIENT_CONFIRMATION_OK"
15480,10409866278,10409866317,1,"IOTHUB_CLIENT_CONFIRMATION_OK"
15481,10409866478,10409866514,1,"IOTHUB_CLIENT_CONFIRMATION_OK"
15482,10409866679,10409866779,1,"IOTHUB_CLIENT_CONFIRMATION_OK"
15483,10409866879,10409866921,1,"IOTHUB_CLIENT_CONFIRMATION_OK"
15484,10409867079,10409867128,1,"IOTHUB_CLIENT_CONFIRMATION_OK"
15485,10409867279,10409867323,1,"IOTHUB_CLIENT_CONFIRMATION_OK"
15486,10409867479,10409867584,1,"IOTHUB_CLIENT_CONFIRMATION_OK"
15487,10409867679,10409867721,1,"IOTHUB_CLIENT_CONFIRMATION_OK"
15488,10409867880,10409867932,1,"IOTHUB_CLIENT_CONFIRMATION_OK"
15489,10409868080,10409868188,1,"IOTHUB_CLIENT_CONFIRMATION_OK"
15490,10409868280,10409868321,1,"IOTHUB_CLIENT_CONFIRMATION_OK"
15491,10409868480,10409868580,1,"IOTHUB_CLIENT_CONFIRMATION_OK"
15492,10409868680,10409868838,1,"IOTHUB_CLIENT_CONFIRMATION_OK"
15493,10409868880,10409868918,1,"IOTHUB_CLIENT_CONFIRMATION_OK"
15494,10409869081,10409869162,1,"IOTHUB_CLIENT_CONFIRMATION_OK"
15495,10409869281,10409869317,1,"IOTHUB_CLIENT_CONFIRMATION_OK"
15496,10409869481,10409869534,1,"IOTHUB_CLIENT_CONFIRMATION_OK"
15497,10409869681,10409869725,1,"IOTHUB_CLIENT_CONFIRMATION_OK"
15498,10409869881,10409869922,1,"IOTHUB_CLIENT_CONFIRMATION_OK"
15499,10409870081,10409870122,1,"IOTHUB_CLIENT_CONFIRMATION_OK"
15500,10409870281,10409870477,1,"IOTHUB_CLIENT_CONFIRMATION_OK"
15501,10409870482,10409870525,1,"IOTHUB_CLIENT_CONFIRMATION_OK"
15502,10409870682,10409870772,1,"IOTHUB_CLIENT_CONFIRMATION_OK"
15503,10409870882,10409871032,1,"IOTHUB_CLIENT_CONFIRMATION_OK"
15504,10409871082,10409871126,1,"IOTHUB_CLIENT_CONFIRMATION_OK"
15505,10409871282,10409871317,1,"IOTHUB_CLIENT_CONFIRMATION_OK"
15506,10409871482,10409871528,1,"IOTHUB_CLIENT_CONFIRMATION_OK"
15507,10409871683,10409871725,1,"IOTHUB_CLIENT_CONFIRMATION_OK"
15508,10409871883,10409871954,1,"IOTHUB_CLIENT_CONFIRMATION_OK"
15509,10409872083,10409872133,1,"IOTHUB_CLIENT_CONFIRMATION_OK"
15510,10409872283,10409872332,1,"IOTHUB_CLIENT_CONFIRMATION_OK"
15511,10409872483,10409872531,1,"IOTHUB_CLIENT_CONFIRMATION_OK"
15512,10409872683,10409872719,1,"IOTHUB_CLIENT_CONFIRMATION_OK"
15513,10409872884,10409872923,1,"IOTHUB_CLIENT_CONFIRMATION_OK"
15514,10409873084,10409873279,1,"IOTHUB_CLIENT_CONFIRMATION_OK"
15515,10409873284,10409873338,1,"IOTHUB_CLIENT_CONFIRMATION_OK"
15516,10409873484,10409873558,1,"IOTHUB_CLIENT_CONFIRMATION_OK"
15517,10409873684,10409873725,1,"IOTHUB_CLIENT_CONFIRMATION_OK"
15518,10409873884,10409873965,1,"IOTHUB_CLIENT_CONFIRMATION_OK"
15519,10409874084,10409874128,1,"IOTHUB_CLIENT_CONFIRMATION_OK"
15520,10409874285,10409874368,1,"IOTHUB_CLIENT_CONFIRMATION_OK"
15521,10409874485,10409874522,1,"IOTHUB_CLIENT_CONFIRMATION_OK"
15522,10409874685,10409874746,1,"IOTHUB_CLIENT_CONFIRMATION_OK"
15523,10409874885,10409874948,1,"IOTHUB_CLIENT_CONFIRMATION_OK"
15524,10409875085,10409875123,1,"IOTHUB_CLIENT_CONFIRMATION_OK"
15525,10409875285,10409875334,1,"IOTHUB_CLIENT_CONFIRMATION_OK"
15526,10409875486,10409875523,1,"IOTHUB_CLIENT_CONFIRMATION_OK"
15527,10409875686,10409875737,1,"IOTHUB_CLIENT_CONFIRMATION_OK"
15528,10409875886,10409875971,1,"IOTHUB_CLIENT_CONFIRMATION_OK"
15529,10409876086,10409876125,1,"IOTHUB_CLIENT_CONFIRMATION_OK"
15530,10409876286,10409876329,1,"IOTHUB_CLIENT_CONFIRMATION_OK"
15531,10409876486,10409876637,1,"IOTHUB_CLIENT_CONFIRMATION_OK"
15532,10409876686,10409876730,1,"IOTHUB_CLIENT_CONFIRMATION_OK"
15533,10409876887,10409876945,1,"IOTHUB_CLIENT_CONFIRMATION_OK"
15534,10409877087,10409877247,1,"IOTHUB_CLIENT_CONFIRMATION_OK"
15535,10409877287,10409877341,1,"IOTHUB_CLIENT_CONFIRMATION_OK"
15536,10409877487,10409877552,1,"IOTHUB_CLIENT_CONFIRMATION_OK"
15537,10409877687,10409877806,1,"IOTHUB_CLIENT_CONFIRMATION_OK"
15538,10409877887,10409877979,1,"IOTHUB_CLIENT_CONFIRMATION_OK"
15539,10409878088,10409878144,1,"IOTHUB_CLIENT_CONFIRMATION_OK"
15540,10409878288,10409878340,1,"IOTHUB_CLIENT_CONFIRMATION_OK"
15541,10409878488,10409878525,1,"IOTHUB_CLIENT_CONFIRMATION_OK"
15542,10409878688,10409878806,1,"IOTHUB_CLIENT_CONFIRMATION_OK"
15543,10409878888,10409878977,1,"IOTHUB_CLIENT_CONFIRMATION_OK"
15544,10409879088,10409879155,1,"IOTHUB_CLIENT_CONFIRMATION_OK"
15545,10409879289,10409879516,1,"IOTHUB_CLIENT_CONFIRMATION_OK"
15546,10409879489,10409879550,1,"IOTHUB_CLIENT_CONFIRMATION_OK"
15547,10409879689,10409879740,1,"IOTHUB_CLIENT_CONFIRMATION_OK"
15548,10409879889,10409879932,1,"IOTHUB_CLIENT_CONFIRMATION_OK"
15549,10409880089,10409880133,1,"IOTHUB_CLIENT_CONFIRMATION_OK"
15550,10409880289,10409880454,1,"IOTHUB_CLIENT_CONFIRMATION_OK"
15551,10409880489,10409880528,1,"IOTHUB_CLIENT_CONFIRMATION_OK"
15552,10409880690,10409880735,1,"IOTHUB_CLIENT_CONFIRMATION_OK"
15553,10409880890,10409880929,1,"IOTHUB_CLIENT_CONFIRMATION_OK"
15554,10409881090,10409881137,1,"IOTHUB_CLIENT_CONFIRMATION_OK"
15555,10409881290,10409881377,1,"IOTHUB_CLIENT_CONFIRMATION_OK"
15556,10409881490,10409881687,1,"IOTHUB_CLIENT_CONFIRMATION_OK"
15557,10409881690,10409881745,1,"IOTHUB_CLIENT_CONFIRMATION_OK"
15558,10409881891,10409881944,1,"IOTHUB_CLIENT_CONFIRMATION_OK"
15559,10409882091,10409882139,1,"IOTHUB_CLIENT_CONFIRMATION_OK"
15560,10409882291,10409882327,1,"IOTHUB_CLIENT_CONFIRMATION_OK"
15561,10409882491,10409882540,1,"IOTHUB_CLIENT_CONFIRMATION_OK"
15562,10409882691,10409882740,1,"IOTHUB_CLIENT_CONFIRMATION_OK"
15563,10409882891,10409882930,1,"IOTHUB_CLIENT_CONFIRMATION_OK"
15564,10409883091,10409883167,1,"IOTHUB_CLIENT_CONFIRMATION_OK"
15565,10409883292,10409883336,1,"IOTHUB_CLIENT_CONFIRMATION_OK"
15566,10409883492,10409883584,1,"IOTHUB_CLIENT_CONFIRMATION_OK"
15567,10409883692,10409883796,1,"IOTHUB_CLIENT_CONFIRMATION_OK"
15568,10409883892,10409883942,1,"IOTHUB_CLIENT_CONFIRMATION_OK"
15569,10409884092,10409884137,1,"IOTHUB_CLIENT_CONFIRMATION_OK"
15570,10409884292,10409884373,1,"IOTHUB_CLIENT_CONFIRMATION_OK"
15571,10409884493,10409884530,1,"IOTHUB_CLIENT_CONFIRMATION_OK"
15572,10409884693,10409884727,1,"IOTHUB_CLIENT_CONFIRMATION_OK"
15573,10409884893,10409884976,1,"IOTHUB_CLIENT_CONFIRMATION_OK"
15574,10409885093,10409885132,1,"IOTHUB_CLIENT_CONFIRMATION_OK"
15575,10409885293,10409885337,1,"IOTHUB_CLIENT_CONFIRMATION_OK"
15576,10409885493,10409885566,1,"IOTHUB_CLIENT_CONFIRMATION_OK"
15577,10409885694,10409885733,1,"IOTHUB_CLIENT_CONFIRMATION_OK"
15578,10409885894,10409885928,1,"IOTHUB_CLIENT_CONFIRMATION_OK"
15579,10409886094,10409886181,1,"IOTHUB_CLIENT_CONFIRMATION_OK"
15580,10409886294,10409886333,1,"IOTHUB_CLIENT_CONFIRMATION_OK"
15581,10409886494,10409886535,1,"IOTHUB_CLIENT_CONFIRMATION_OK"
15582,10409886694,10409886742,1,"IOTHUB_CLIENT_CONFIRMATION_OK"
15583,10409886894,10409886943,1,"IOTHUB_CLIENT_CONFIRMATION_OK"
15584,10409887095,10409887132,1,"IOTHUB_CLIENT_CONFIRMATION_OK"
15585,10409887295,10409887336,1,"IOTHUB_CLIENT_CONFIRMATION_OK"
15586,10409887495,10409887548,1,"IOTHUB_CLIENT_CONFIRMATION_OK"
15587,10409887695,10409887865,1,"IOTHUB_CLIENT_CONFIRMATION_OK"
15588,10409887895,10409887997,1,"IOTHUB_CLIENT_CONFIRMATION_OK"
15589,10409888095,10409888144,1,"IOTHUB_CLIENT_CONFIRMATION_OK"
15590,10409888296,10409888447,1,"IOTHUB_CLIENT_CONFIRMATION_OK"
15591,10409888496,10409888575,1,"IOTHUB_CLIENT_CONFIRMATION_OK"
15592,10409888696,10409888739,1,"IOTHUB_CLIENT_CONFIRMATION_OK"
15593,10409888896,10409888934,1,"IOTHUB_CLIENT_CONFIRMATION_OK"
15594,10409889096,10409889138,1,"IOTHUB_CLIENT_CONFIRMATION_OK"
15595,10409889296,10409889344,1,"IOTHUB_CLIENT_CONFIRMATION_OK"
15596,10409889497,10409889543,1,"IOTHUB_CLIENT_CONFIRMATION_OK"
15597,10409889697,10409889818,1,"IOTHUB_CLIENT_CONFIRMATION_OK"
15598,10409889897,10409889936,1,"IOTHUB_CLIENT_CONFIRMATION_OK"
15599,10409890097,10409890139,1,"IOTHUB_CLIENT_CONFIRMATION_OK"
15600,10409890297,10409890339,1,"IOTHUB_CLIENT_CONFIRMATION_OK"
15601,10409890497,10409890717,1,"IOTHUB_CLIENT_CONFIRMATION_OK"
15602,10409890698,10409890740,1,"IOTHUB_CLIENT_CONFIRMATION_OK"
15603,10409890898,10409890938,1,"IOTHUB_CLIENT_CONFIRMATION_OK"
15604,10409891098,10409891135,1,"IOTHUB_CLIENT_CONFIRMATION_OK"
15605,10409891298,10409891346,1,"IOTHUB_CLIENT_CONFIRMATION_OK"
15606,10409891498,10409891561,1,"IOTHUB_CLIENT_CONFIRMATION_OK"
15607,10409891698,10409891744,1,"IOTHUB_CLIENT_CONFIRMATION_OK"
15608,10409891899,10409891949,1,"IOTHUB_CLIENT_CONFIRMATION_OK"
15609,10409892099,10409892150,1,"IOTHUB_CLIENT_CONFIRMATION_OK"
15610,10409892299,10409892368,1,"IOTHUB_CLIENT_CONFIRMATION_OK"
15611,10409892499,10409892549,1,"IOTHUB_CLIENT_CONFIRMATION_OK"
15612,10409892699,10409892767,1,"IOTHUB_CLIENT_CONFIRMATION_OK"
15613,10409892899,10409892955,1,"IOTHUB_CLIENT_CONFIRMATION_OK"
15614,10409893099,10409893142,1,"IOTHUB_CLIENT_CONFIRMATION_OK"
15615,10409893300,10409893349,1,"IOTHUB_CLIENT_CONFIRMATION_OK"
15616,10409893500,10409893550,1,"IOTHUB_CLIENT_CONFIRMATION_OK"
15617,10409893700,10409893748,1,"IOTHUB_CLIENT_CONFIRMATION_OK"
15618,10409893900,10409893955,1,"IOTHUB_CLIENT_CONFIRMATION_OK"
15619,10409894100,10409894148,1,"IOTHUB_CLIENT_CONFIRMATION_OK"
15620,10409894300,10409894360,1,"IOTHUB_CLIENT_CONFIRMATION_OK"
15621,10409894501,10409894581,1,"IOTHUB_CLIENT_CONFIRMATION_OK"
15622,10409894701,10409894746,1,"IOTHUB_CLIENT_CONFIRMATION_OK"
15623,10409894901,10409894953,1,"IOTHUB_CLIENT_CONFIRMATION_OK"
15624,10409895101,10409895178,1,"IOTHUB_CLIENT_CONFIRMATION_OK"
15625,10409895301,10409895343,1,"IOTHUB_CLIENT_CONFIRMATION_OK"
15626,10409895501,10409895557,1,"IOTHUB_CLIENT_CONFIRMATION_OK"
15627,10409895701,10409895744,1,"IOTHUB_CLIENT_CONFIRMATION_OK"
15628,10409895902,10409895938,1,"IOTHUB_CLIENT_CONFIRMATION_OK"
15629,10409896102,10409896193,1,"IOTHUB_CLIENT_CONFIRMATION_OK"
15630,10409896302,10409896344,1,"IOTHUB_CLIENT_CONFIRMATION_OK"
15631,10409896502,10409896548,1,"IOTHUB_CLIENT_CONFIRMATION_OK"
15632,10409896702,10409896819,1,"IOTHUB_CLIENT_CONFIRMATION_OK"
15633,10409896902,10409896963,1,"IOTHUB_CLIENT_CONFIRMATION_OK"
15634,10409897103,10409897154,1,"IOTHUB_CLIENT_CONFIRMATION_OK"
15635,10409897303,10409897452,1,"IOTHUB_CLIENT_CONFIRMATION_OK"
15636,10409897503,10409897561,1,"IOTHUB_CLIENT_CONFIRMATION_OK"
15637,10409897703,10409897787,1,"IOTHUB_CLIENT_CONFIRMATION_OK"
15638,10409897903,10409897968,1,"IOTHUB_CLIENT_CONFIRMATION_OK"
15639,10409898103,10409898185,1,"IOTHUB_CLIENT_CONFIRMATION_OK"
15640,10409898304,10409898342,1,"IOTHUB_CLIENT_CONFIRMATION_OK"
15641,10409898504,10409898583,1,"IOTHUB_CLIENT_CONFIRMATION_OK"
15642,10409898704,10409898762,1,"IOTHUB_CLIENT_CONFIRMATION_OK"
15643,10409898904,10409899122,1,"IOTHUB_CLIENT_CONFIRMATION_OK"
15644,10409899104,10409899165,1,"IOTHUB_CLIENT_CONFIRMATION_OK"
15645,10409899304,10409899363,1,"IOTHUB_CLIENT_CONFIRMATION_OK"
15646,10409899505,10409899654,1,"IOTHUB_CLIENT_CONFIRMATION_OK"
15647,10409899705,10409899752,1,"IOTHUB_CLIENT_CONFIRMATION_OK"
15648,10409899905,10409899945,1,"IOTHUB_CLIENT_CONFIRMATION_OK"
15649,10409900105,10409900143,1,"IOTHUB_CLIENT_CONFIRMATION_OK"
15650,10409900305,10409900355,1,"IOTHUB_CLIENT_CONFIRMATION_OK"
15651,10409900505,10409900545,1,"IOTHUB_CLIENT_CONFIRMATION_OK"
15652,10409900705,10409900800,1,"IOTHUB_CLIENT_CONFIRMATION_OK"
15653,10409900906,10409900948,1,"IOTHUB_CLIENT_CONFIRMATION_OK"
15654,10409901106,10409901148,1,"IOTHUB_CLIENT_CONFIRMATION_OK"
15655,10409901306,10409901360,1,"IOTHUB_CLIENT_CONFIRMATION_OK"
15656,10409901506,10409901547,1,"IOTHUB_CLIENT_CONFIRMATION_OK"
15657,10409901706,10409901753,1,"IOTHUB_CLIENT_CONFIRMATION_OK"
15658,10409901906,10409901944,1,"IOTHUB_CLIENT_CONFIRMATION_OK"
15659,10409902107,10409902149,1,"IOTHUB_CLIENT_CONFIRMATION_OK"
15660,10409902307,10409902355,1,"IOTHUB_CLIENT_CONFIRMATION_OK"
15661,10409902507,10409902560,1,"IOTHUB_CLIENT_CONFIRMATION_OK"
15662,10409902707,10409902749,1,"IOTHUB_CLIENT_CONFIRMATION_OK"
15663,10409902907,10409902952,1,"IOTHUB_CLIENT_CONFIRMATION_OK"
15664,10409903107,10409903156,1,"IOTHUB_CLIENT_CONFIRMATION_OK"
15665,10409903308,10409903351,1,"IOTHUB_CLIENT_CONFIRMATION_OK"
15666,10409903508,10409903655,1,"IOTHUB_CLIENT_CONFIRMATION_OK"
15667,10409903708,10409903749,1,"IOTHUB_CLIENT_CONFIRMATION_OK"
15668,10409903908,10409903956,1,"IOTHUB_CLIENT_CONFIRMATION_OK"
15669,10409904108,10409904170,1,"IOTHUB_CLIENT_CONFIRMATION_OK"
15670,10409904308,10409904370,1,"IOTHUB_CLIENT_CONFIRMATION_OK"
15671,10409904509,10409904663,1,"IOTHUB_CLIENT_CONFIRMATION_OK"
15672,10409904709,10409904747,1,"IOTHUB_CLIENT_CONFIRMATION_OK"
15673,10409904909,10409904952,1,"IOTHUB_CLIENT_CONFIRMATION_OK"
15674,10409905109,10409905279,1,"IOTHUB_CLIENT_CONFIRMATION_OK"
15675,10409905309,10409905351,1,"IOTHUB_CLIENT_CONFIRMATION_OK"
15676,10409905509,10409905554,1,"IOTHUB_CLIENT_CONFIRMATION_OK"
15677,10409905709,10409905758,1,"IOTHUB_CLIENT_CONFIRMATION_OK"
15678,10409905910,10409905955,1,"IOTHUB_CLIENT_CONFIRMATION_OK"
15679,10409906110,10409906151,1,"IOTHUB_CLIENT_CONFIRMATION_OK"
15680,10409906310,10409906372,1,"IOTHUB_CLIENT_CONFIRMATION_OK"
15681,10409906510,10409906554,1,"IOTHUB_CLIENT_CONFIRMATION_OK"
15682,10409906710,10409906749,1,"IOTHUB_CLIENT_CONFIRMATION_OK"
15683,10409906910,10409906948,1,"IOTHUB_CLIENT_CONFIRMATION_OK"
15684,10409907111,10409907168,1,"IOTHUB_CLIENT_CONFIRMATION_OK"
15685,10409907311,10409907593,1,"IOTHUB_CLIENT_CONFIRMATION_OK"
15686,10409907511,10409907621,1,"IOTHUB_CLIENT_CONFIRMATION_OK"
15687,10409907711,10409907761,1,"IOTHUB_CLIENT_CONFIRMATION_OK"
15688,10409907911,10409907952,1,"IOTHUB_CLIENT_CONFIRMATION_OK"
15689,10409908111,10409908264,1,"IOTHUB_CLIENT_CONFIRMATION_OK"
15690,10409908312,10409908461,1,"IOTHUB_CLIENT_CONFIRMATION_OK"
15691,10409908512,10409908599,1,"IOTHUB_CLIENT_CONFIRMATION_OK"
15692,10409908712,10409908885,1,"IOTHUB_CLIENT_CONFIRMATION_OK"
15693,10409908912,10409908997,1,"IOTHUB_CLIENT_CONFIRMATION_OK"
15694,10409909112,10409909152,1,"IOTHUB_CLIENT_CONFIRMATION_OK"
15695,10409909312,10409909344,1,"IOTHUB_CLIENT_CONFIRMATION_OK"
15696,10409909513,10409909564,1,"IOTHUB_CLIENT_CONFIRMATION_OK"
15697,10409909713,10409909751,1,"IOTHUB_CLIENT_CONFIRMATION_OK"
15698,10409909913,10409909946,1,"IOTHUB_CLIENT_CONFIRMATION_OK"
15699,10409910113,10409910260,1,"IOTHUB_CLIENT_CONFIRMATION_OK"
15700,10409910313,10409910352,1,"IOTHUB_CLIENT_CONFIRMATION_OK"
15701,10409910513,10409910566,1,"IOTHUB_CLIENT_CONFIRMATION_OK"
15702,10409910713,10409910864,1,"IOTHUB_CLIENT_CONFIRMATION_OK"
15703,10409910914,10409910953,1,"IOTHUB_CLIENT_CONFIRMATION_OK"
15704,10409911114,10409911156,1,"IOTHUB_CLIENT_CONFIRMATION_OK"
15705,10409911314,10409911358,1,"IOTHUB_CLIENT_CONFIRMATION_OK"
15706,10409911514,10409911561,1,"IOTHUB_CLIENT_CONFIRMATION_OK"
15707,10409911714,10409911753,1,"IOTHUB_CLIENT_CONFIRMATION_OK"
15708,10409911914,10409911964,1,"IOTHUB_CLIENT_CONFIRMATION_OK"
15709,10409912115,10409912163,1,"IOTHUB_CLIENT_CONFIRMATION_OK"
15710,10409912315,10409912352,1,"IOTHUB_CLIENT_CONFIRMATION_OK"
15711,10409912515,10409912554,1,"IOTHUB_CLIENT_CONFIRMATION_OK"
15712,10409912715,10409912783,1,"IOTHUB_CLIENT_CONFIRMATION_OK"
15713,10409912915,10409913112,1,"IOTHUB_CLIENT_CONFIRMATION_OK"
15714,10409913115,10409913160,1,"IOTHUB_CLIENT_CONFIRMATION_OK"
15715,10409913316,10409913366,1,"IOTHUB_CLIENT_CONFIRMATION_OK"
15716,10409913516,10409913608,1,"IOTHUB_CLIENT_CONFIRMATION_OK"
15717,10409913716,10409913873,1,"IOTHUB_CLIENT_CONFIRMATION_OK"
15718,10409913916,10409913962,1,"IOTHUB_CLIENT_CONFIRMATION_OK"
15719,10409914116,10409914158,1,"IOTHUB_CLIENT_CONFIRMATION_OK"
15720,10409914316,10409914404,1,"IOTHUB_CLIENT_CONFIRMATION_OK"
15721,10409914517,10409914582,1,"IOTHUB_CLIENT_CONFIRMATION_OK"
15722,10409914717,10409914770,1,"IOTHUB_CLIENT_CONFIRMATION_OK"
15723,10409914917,10409914965,1,"IOTHUB_CLIENT_CONFIRMATION_OK"
15724,10409915117,10409915180,1,"IOTHUB_CLIENT_CONFIRMATION_OK"
15725,10409915317,10409915358,1,"IOTHUB_CLIENT_CONFIRMATION_OK"
15726,10409915517,10409915560,1,"IOTHUB_CLIENT_CONFIRMATION_OK"
15727,10409915717,10409915758,1,"IOTHUB_CLIENT_CONFIRMATION_OK"
15728,10409915918,10409915975,1,"IOTHUB_CLIENT_CONFIRMATION_OK"
15729,10409916118,10409916160,1,"IOTHUB_CLIENT_CONFIRMATION_OK"
15730,10409916318,10409916362,1,"IOTHUB_CLIENT_CONFIRMATION_OK"
15731,10409916518,10409916561,1,"IOTHUB_CLIENT_CONFIRMATION_OK"
15732,10409916718,10409916770,1,"IOTHUB_CLIENT_CONFIRMATION_OK"
15733,10409916918,10409916965,1,"IOTHUB_CLIENT_CONFIRMATION_OK"
15734,10409917119,10409917162,1,"IOTHUB_CLIENT_CONFIRMATION_OK"
15735,10409917319,10409917384,1,"IOTHUB_CLIENT_CONFIRMATION_OK"
15736,10409917519,10409917570,1,"IOTHUB_CLIENT_CONFIRMATION_OK"
15737,10409917719,10409917778,1,"IOTHUB_CLIENT_CONFIRMATION_OK"
15738,10409917919,10409917956,1,"IOTHUB_CLIENT_CONFIRMATION_OK"
15739,10409918119,10409918180,1,"IOTHUB_CLIENT_CONFIRMATION_OK"
15740,10409918320,10409918362,1,"IOTHUB_CLIENT_CONFIRMATION_OK"
15741,10409918520,10409918631,1,"IOTHUB_CLIENT_CONFIRMATION_OK"
15742,10409918720,10409918758,1,"IOTHUB_CLIENT_CONFIRMATION_OK"
15743,10409918920,10409919049,1,"IOTHUB_CLIENT_CONFIRMATION_OK"
15744,10409919120,10409919260,1,"IOTHUB_CLIENT_CONFIRMATION_OK"
15745,10409919320,10409919355,1,"IOTHUB_CLIENT_CONFIRMATION_OK"
15746,10409919520,10409919561,1,"IOTHUB_CLIENT_CONFIRMATION_OK"
15747,10409919721,10409919871,1,"IOTHUB_CLIENT_CONFIRMATION_OK"
15748,10409919921,10409919967,1,"IOTHUB_CLIENT_CONFIRMATION_OK"
15749,10409920121,10409920156,1,"IOTHUB_CLIENT_CONFIRMATION_OK"
15750,10409920321,10409920374,1,"IOTHUB_CLIENT_CONFIRMATION_OK"
15751,10409920521,10409920563,1,"IOTHUB_CLIENT_CONFIRMATION_OK"
15752,10409920721,10409920770,1,"IOTHUB_CLIENT_CONFIRMATION_OK"
15753,10409920922,10409920977,1,"IOTHUB_CLIENT_CONFIRMATION_OK"
15754,10409921122,10409921161,1,"IOTHUB_CLIENT_CONFIRMATION_OK"
15755,10409921322,10409921357,1,"IOTHUB_CLIENT_CONFIRMATION_OK"
15756,10409921522,10409921558,1,"IOTHUB_CLIENT_CONFIRMATION_OK"
15757,10409921722,10409921770,1,"IOTHUB_CLIENT_CONFIRMATION_OK"
15758,10409921922,10409922106,1,"IOTHUB_CLIENT_CONFIRMATION_OK"
15759,10409922122,10409922167,1,"IOTHUB_CLIENT_CONFIRMATION_OK"
15760,10409922323,10409922365,1,"IOTHUB_CLIENT_CONFIRMATION_OK"
15761,10409922523,10409922568,1,"IOTHUB_CLIENT_CONFIRMATION_OK"
15762,10409922723,10409922762,1,"IOTHUB_CLIENT_CONFIRMATION_OK"
15763,10409922923,10409922973,1,"IOTHUB_CLIENT_CONFIRMATION_OK"
15764,10409923123,10409923172,1,"IOTHUB_CLIENT_CONFIRMATION_OK"
15765,10409923323,10409923431,1,"IOTHUB_CLIENT_CONFIRMATION_OK"
15766,10409923524,10409923569,1,"IOTHUB_CLIENT_CONFIRMATION_OK"
15767,10409923724,10409923781,1,"IOTHUB_CLIENT_CONFIRMATION_OK"
15768,10409923924,10409923964,1,"IOTHUB_CLIENT_CONFIRMATION_OK"
15769,10409924124,10409924173,1,"IOTHUB_CLIENT_CONFIRMATION_OK"
15770,10409924324,10409924364,1,"IOTHUB_CLIENT_CONFIRMATION_OK"
15771,10409924524,10409924568,1,"IOTHUB_CLIENT_CONFIRMATION_OK"
15772,10409924725,10409924786,1,"IOTHUB_CLIENT_CONFIRMATION_OK"
15773,10409924925,10409924992,1,"IOTHUB_CLIENT_CONFIRMATION_OK"
15774,10409925125,10409925170,1,"IOTHUB_CLIENT_CONFIRMATION_OK"
15775,10409925325,10409925403,1,"IOTHUB_CLIENT_CONFIRMATION_OK"
15776,10409925525,10409925568,1,"IOTHUB_CLIENT_CONFIRMATION_OK"
15777,10409925725,10409925791,1,"IOTHUB_CLIENT_CONFIRMATION_OK"
15778,10409925925,10409926051,1,"IOTHUB_CLIENT_CONFIRMATION_OK"
15779,10409926126,10409926167,1,"IOTHUB_CLIENT_CONFIRMATION_OK"
15780,10409926326,10409926357,1,"IOTHUB_CLIENT_CONFIRMATION_OK"
15781,10409926526,10409926565,1,"IOTHUB_CLIENT_CONFIRMATION_OK"
15782,10409926726,10409926765,1,"IOTHUB_CLIENT_CONFIRMATION_OK"
15783,10409926926,10409926966,1,"IOTHUB_CLIENT_CONFIRMATION_OK"
15784,10409927126,10409927185,1,"IOTHUB_CLIENT_CONFIRMATION_OK"
15785,10409927327,10409927372,1,"IOTHUB_CLIENT_CONFIRMATION_OK"
15786,10409927527,10409927783,1,"IOTHUB_CLIENT_CONFIRMATION_OK"
15787,10409927727,10409927841,1,"IOTHUB_CLIENT_CONFIRMATION_OK"
15788,10409927927,10409927985,1,"IOTHUB_CLIENT_CONFIRMATION_OK"
15789,10409928127,10409928278,1,"IOTHUB_CLIENT_CONFIRMATION_OK"
15790,10409928327,10409928407,1,"IOTHUB_CLIENT_CONFIRMATION_OK"
15791,10409928528,10409928586,1,"IOTHUB_CLIENT_CONFIRMATION_OK"
15792,10409928728,10409928768,1,"IOTHUB_CLIENT_CONFIRMATION_OK"
15793,10409928928,10409928974,1,"IOTHUB_CLIENT_CONFIRMATION_OK"
15794,10409929128,10409929211,1,"IOTHUB_CLIENT_CONFIRMATION_OK"
15795,10409929328,10409929364,1,"IOTHUB_CLIENT_CONFIRMATION_OK"
15796,10409929528,10409929571,1,"IOTHUB_CLIENT_CONFIRMATION_OK"
15797,10409929729,10409929765,1,"IOTHUB_CLIENT_CONFIRMATION_OK"
15798,10409929929,10409930016,1,"IOTHUB_CLIENT_CONFIRMATION_OK"
15799,10409930129,10409930204,1,"IOTHUB_CLIENT_CONFIRMATION_OK"
15800,10409930329,10409930403,1,"IOTHUB_CLIENT_CONFIRMATION_OK"
15801,10409930529,10409930588,1,"IOTHUB_CLIENT_CONFIRMATION_OK"
15802,10409930729,10409930768,1,"IOTHUB_CLIENT_CONFIRMATION_OK"
15803,10409930929,10409931007,1,"IOTHUB_CLIENT_CONFIRMATION_OK"
15804,10409931130,10409931170,1,"IOTHUB_CLIENT_CONFIRMATION_OK"
15805,10409931330,10409931388,1,"IOTHUB_CLIENT_CONFIRMATION_OK"
15806,10409931530,10409931576,1,"IOTHUB_CLIENT_CONFIRMATION_OK"
15807,10409931730,10409931775,1,"IOTHUB_CLIENT_CONFIRMATION_OK"
15808,10409931930,10409931972,1,"IOTHUB_CLIENT_CONFIRMATION_OK"
15809,10409932130,10409932185,1,"IOTHUB_CLIENT_CONFIRMATION_OK"
15810,10409932330,10409932382,1,"IOTHUB_CLIENT_CONFIRMATION_OK"
15811,10409932531,10409932575,1,"IOTHUB_CLIENT_CONFIRMATION_OK"
15812,10409932731,10409932781,1,"IOTHUB_CLIENT_CONFIRMATION_OK"
15813,10409932931,10409932969,1,"IOTHUB_CLIENT_CONFIRMATION_OK"
15814,10409933131,10409933189,1,"IOTHUB_CLIENT_CONFIRMATION_OK"
15815,10409933331,10409933368,1,"IOTHUB_CLIENT_CONFIRMATION_OK"
15816,10409933531,10409933573,1,"IOTHUB_CLIENT_CONFIRMATION_OK"
15817,10409933732,10409933813,1,"IOTHUB_CLIENT_CONFIRMATION_OK"
15818,10409933932,10409933984,1,"IOTHUB_CLIENT_CONFIRMATION_OK"
15819,10409934132,10409934185,1,"IOTHUB_CLIENT_CONFIRMATION_OK"
15820,10409934332,10409934425,1,"IOTHUB_CLIENT_CONFIRMATION_OK"
15821,10409934532,10409934576,1,"IOTHUB_CLIENT_CONFIRMATION_OK"
15822,10409934732,10409934772,1,"IOTHUB_CLIENT_CONFIRMATION_OK"
15823,10409934933,10409935025,1,"IOTHUB_CLIENT_CONFIRMATION_OK"
15824,10409935133,10409935174,1,"IOTHUB_CLIENT_CONFIRMATION_OK"
15825,10409935333,10409935385,1,"IOTHUB_CLIENT_CONFIRMATION_OK"
15826,10409935533,10409935617,1,"IOTHUB_CLIENT_CONFIRMATION_OK"
15827,10409935733,10409935797,1,"IOTHUB_CLIENT_CONFIRMATION_OK"
15828,10409935933,10409936035,1,"IOTHUB_CLIENT_CONFIRMATION_OK"
15829,10409936134,10409936224,1,"IOTHUB_CLIENT_CONFIRMATION_OK"
15830,10409936334,10409936409,1,"IOTHUB_CLIENT_CONFIRMATION_OK"
15831,10409936534,10409936649,1,"IOTHUB_CLIENT_CONFIRMATION_OK"
15832,10409936734,10409936886,1,"IOTHUB_CLIENT_CONFIRMATION_OK"
15833,10409936934,10409936977,1,"IOTHUB_CLIENT_CONFIRMATION_OK"
15834,10409937134,10409937271,1,"IOTHUB_CLIENT_CONFIRMATION_OK"
15835,10409937334,10409937383,1,"IOTHUB_CLIENT_CONFIRMATION_OK"
15836,10409937535,10409937585,1,"IOTHUB_CLIENT_CONFIRMATION_OK"
15837,10409937735,10409937782,1,"IOTHUB_CLIENT_CONFIRMATION_OK"
15838,10409937935,10409937979,1,"IOTHUB_CLIENT_CONFIRMATION_OK"
15839,10409938135,10409938172,1,"IOTHUB_CLIENT_CONFIRMATION_OK"
15840,10409938335,10409938376,1,"IOTHUB_CLIENT_CONFIRMATION_OK"
15841,10409938535,10409938570,1,"IOTHUB_CLIENT_CONFIRMATION_OK"
15842,10409938736,10409938915,1,"IOTHUB_CLIENT_CONFIRMATION_OK"
15843,10409938936,10409938975,1,"IOTHUB_CLIENT_CONFIRMATION_OK"
15844,10409939136,10409939175,1,"IOTHUB_CLIENT_CONFIRMATION_OK"
15845,10409939336,10409939513,1,"IOTHUB_CLIENT_CONFIRMATION_OK"
15846,10409939536,10409939581,1,"IOTHUB_CLIENT_CONFIRMATION_OK"
15847,10409939736,10409939780,1,"IOTHUB_CLIENT_CONFIRMATION_OK"
15848,10409939936,10409939998,1,"IOTHUB_CLIENT_CONFIRMATION_OK"
15849,10409940137,10409940188,1,"IOTHUB_CLIENT_CONFIRMATION_OK"
15850,10409940337,10409940376,1,"IOTHUB_CLIENT_CONFIRMATION_OK"
15851,10409940537,10409940581,1,"IOTHUB_CLIENT_CONFIRMATION_OK"
15852,10409940737,10409940797,1,"IOTHUB_CLIENT_CONFIRMATION_OK"
15853,10409940937,10409940984,1,"IOTHUB_CLIENT_CONFIRMATION_OK"
15854,10409941137,10409941185,1,"IOTHUB_CLIENT_CONFIRMATION_OK"
15855,10409941338,10409941394,1,"IOTHUB_CLIENT_CONFIRMATION_OK"
15856,10409941538,10409941892,1,"IOTHUB_CLIENT_CONFIRMATION_OK"
15857,10409941738,10409941924,1,"IOTHUB_CLIENT_CONFIRMATION_OK"
15858,10409941938,10409942023,1,"IOTHUB_CLIENT_CONFIRMATION_OK"
15859,10409942138,10409942276,1,"IOTHUB_CLIENT_CONFIRMATION_OK"
15860,10409942338,10409942379,1,"IOTHUB_CLIENT_CONFIRMATION_OK"
15861,10409942538,10409942581,1,"IOTHUB_CLIENT_CONFIRMATION_OK"
15862,10409942739,10409942784,1,"IOTHUB_CLIENT_CONFIRMATION_OK"
15863,10409942939,10409942997,1,"IOTHUB_CLIENT_CONFIRMATION_OK"
15864,10409943139,10409943180,1,"IOTHUB_CLIENT_CONFIRMATION_OK"
15865,10409943339,10409943377,1,"IOTHUB_CLIENT_CONFIRMATION_OK"
15866,10409943539,10409943577,1,"IOTHUB_CLIENT_CONFIRMATION_OK"
15867,10409943739,10409943795,1,"IOTHUB_CLIENT_CONFIRMATION_OK"
15868,10409943940,10409944013,1,"IOTHUB_CLIENT_CONFIRMATION_OK"
15869,10409944140,10409944188,1,"IOTHUB_CLIENT_CONFIRMATION_OK"
15870,10409944340,10409944496,1,"IOTHUB_CLIENT_CONFIRMATION_OK"
15871,10409944540,10409944583,1,"IOTHUB_CLIENT_CONFIRMATION_OK"
15872,10409944740,10409944783,1,"IOTHUB_CLIENT_CONFIRMATION_OK"
15873,10409944940,10409945128,1,"IOTHUB_CLIENT_CONFIRMATION_OK"
15874,10409945141,10409945229,1,"IOTHUB_CLIENT_CONFIRMATION_OK"
15875,10409945341,10409945415,1,"IOTHUB_CLIENT_CONFIRMATION_OK"
15876,10409945541,10409945585,1,"IOTHUB_CLIENT_CONFIRMATION_OK"
15877,10409945741,10409945781,1,"IOTHUB_CLIENT_CONFIRMATION_OK"
15878,10409945941,10409946005,1,"IOTHUB_CLIENT_CONFIRMATION_OK"
15879,10409946141,10409946178,1,"IOTHUB_CLIENT_CONFIRMATION_OK"
15880,10409946342,10409946388,1,"IOTHUB_CLIENT_CONFIRMATION_OK"
15881,10409946542,10409946582,1,"IOTHUB_CLIENT_CONFIRMATION_OK"
15882,10409946742,10409946788,1,"IOTHUB_CLIENT_CONFIRMATION_OK"
15883,10409946942,10409946999,1,"IOTHUB_CLIENT_CONFIRMATION_OK"
15884,10409947142,10409947180,1,"IOTHUB_CLIENT_CONFIRMATION_OK"
15885,10409947342,10409947389,1,"IOTHUB_CLIENT_CONFIRMATION_OK"
15886,10409947542,10409947635,1,"IOTHUB_CLIENT_CONFIRMATION_OK"
15887,10409947743,10409947788,1,"IOTHUB_CLIENT_CONFIRMATION_OK"
15888,10409947943,10409947984,1,"IOTHUB_CLIENT_CONFIRMATION_OK"
15889,10409948143,10409948185,1,"IOTHUB_CLIENT_CONFIRMATION_OK"
15890,10409948343,10409948408,1,"IOTHUB_CLIENT_CONFIRMATION_OK"
15891,10409948543,10409948581,1,"IOTHUB_CLIENT_CONFIRMATION_OK"
15892,10409948743,10409948830,1,"IOTHUB_CLIENT_CONFIRMATION_OK"
15893,10409948944,10409949012,1,"IOTHUB_CLIENT_CONFIRMATION_OK"
15894,10409949144,10409949192,1,"IOTHUB_CLIENT_CONFIRMATION_OK"
15895,10409949344,10409949380,1,"IOTHUB_CLIENT_CONFIRMATION_OK"
15896,10409949544,10409949693,1,"IOTHUB_CLIENT_CONFIRMATION_OK"
15897,10409949744,10409949813,1,"IOTHUB_CLIENT_CONFIRMATION_OK"
15898,10409949944,10409949991,1,"IOTHUB_CLIENT_CONFIRMATION_OK"
15899,10409950144,10409950184,1,"IOTHUB_CLIENT_CONFIRMATION_OK"
15900,10409950345,10409950384,1,"IOTHUB_CLIENT_CONFIRMATION_OK"
15901,10409950545,10409950728,1,"IOTHUB_CLIENT_CONFIRMATION_OK"
15902,10409950745,10409950786,1,"IOTHUB_CLIENT_CONFIRMATION_OK"
15903,10409950945,10409951000,1,"IOTHUB_CLIENT_CONFIRMATION_OK"
15904,10409951145,10409951305,1,"IOTHUB_CLIENT_CONFIRMATION_OK"
15905,10409951345,10409951408,1,"IOTHUB_CLIENT_CONFIRMATION_OK"
15906,10409951546,10409951586,1,"IOTHUB_CLIENT_CONFIRMATION_OK"
15907,10409951746,10409951822,1,"IOTHUB_CLIENT_CONFIRMATION_OK"
15908,10409951946,10409951980,1,"IOTHUB_CLIENT_CONFIRMATION_OK"
15909,10409952146,10409952234,1,"IOTHUB_CLIENT_CONFIRMATION_OK"
15910,10409952346,10409952388,1,"IOTHUB_CLIENT_CONFIRMATION_OK"
15911,10409952546,10409952586,1,"IOTHUB_CLIENT_CONFIRMATION_OK"
15912,10409952747,10409952795,1,"IOTHUB_CLIENT_CONFIRMATION_OK"
15913,10409952947,10409953022,1,"IOTHUB_CLIENT_CONFIRMATION_OK"
15914,10409953147,10409953208,1,"IOTHUB_CLIENT_CONFIRMATION_OK"
15915,10409953347,10409953549,1,"IOTHUB_CLIENT_CONFIRMATION_OK"
15916,10409953547,10409953593,1,"IOTHUB_CLIENT_CONFIRMATION_OK"
15917,10409953747,10409953801,1,"IOTHUB_CLIENT_CONFIRMATION_OK"
15918,10409953947,10409954000,1,"IOTHUB_CLIENT_CONFIRMATION_OK"
15919,10409954148,10409954194,1,"IOTHUB_CLIENT_CONFIRMATION_OK"
15920,10409954348,10409954393,1,"IOTHUB_CLIENT_CONFIRMATION_OK"
15921,10409954548,10409954585,1,"IOTHUB_CLIENT_CONFIRMATION_OK"
15922,10409954748,10409954787,1,"IOTHUB_CLIENT_CONFIRMATION_OK"
15923,10409954948,10409954983,1,"IOTHUB_CLIENT_CONFIRMATION_OK"
15924,10409955148,10409955186,1,"IOTHUB_CLIENT_CONFIRMATION_OK"
15925,10409955349,10409955387,1,"IOTHUB_CLIENT_CONFIRMATION_OK"
15926,10409955549,10409955595,1,"IOTHUB_CLIENT_CONFIRMATION_OK"
15927,10409955749,10409955814,1,"IOTHUB_CLIENT_CONFIRMATION_OK"
15928,10409955949,10409955988,1,"IOTHUB_CLIENT_CONFIRMATION_OK"
15929,10409956149,10409956237,1,"IOTHUB_CLIENT_CONFIRMATION_OK"
15930,10409956349,10409956393,1,"IOTHUB_CLIENT_CONFIRMATION_OK"
15931,10409956550,10409956598,1,"IOTHUB_CLIENT_CONFIRMATION_OK"
15932,10409956750,10409956802,1,"IOTHUB_CLIENT_CONFIRMATION_OK"
15933,10409956950,10409956993,1,"IOTHUB_CLIENT_CONFIRMATION_OK"
15934,10409957150,10409957233,1,"IOTHUB_CLIENT_CONFIRMATION_OK"
15935,10409957350,10409957404,1,"IOTHUB_CLIENT_CONFIRMATION_OK"
15936,10409957550,10409957634,1,"IOTHUB_CLIENT_CONFIRMATION_OK"
15937,10409957750,10409957789,1,"IOTHUB_CLIENT_CONFIRMATION_OK"
15938,10409957951,10409958016,1,"IOTHUB_CLIENT_CONFIRMATION_OK"
15939,10409958151,10409958194,1,"IOTHUB_CLIENT_CONFIRMATION_OK"
15940,10409958351,10409958412,1,"IOTHUB_CLIENT_CONFIRMATION_OK"
15941,10409958551,10409958598,1,"IOTHUB_CLIENT_CONFIRMATION_OK"
15942,10409958751,10409958791,1,"IOTHUB_CLIENT_CONFIRMATION_OK"
15943,10409958951,10409959025,1,"IOTHUB_CLIENT_CONFIRMATION_OK"
15944,10409959152,10409959215,1,"IOTHUB_CLIENT_CONFIRMATION_OK"
15945,10409959352,10409959398,1,"IOTHUB_CLIENT_CONFIRMATION_OK"
15946,10409959552,10409959653,1,"IOTHUB_CLIENT_CONFIRMATION_OK"
15947,10409959752,10409959799,1,"IOTHUB_CLIENT_CONFIRMATION_OK"
15948,10409959952,10409960006,1,"IOTHUB_CLIENT_CONFIRMATION_OK"
15949,10409960152,10409960282,1,"IOTHUB_CLIENT_CONFIRMATION_OK"
15950,10409960353,10409960441,1,"IOTHUB_CLIENT_CONFIRMATION_OK"
15951,10409960553,10409960601,1,"IOTHUB_CLIENT_CONFIRMATION_OK"
15952,10409960753,10409960816,1,"IOTHUB_CLIENT_CONFIRMATION_OK"
15953,10409960953,10409960994,1,"IOTHUB_CLIENT_CONFIRMATION_OK"
15954,10409961153,10409961201,1,"IOTHUB_CLIENT_CONFIRMATION_OK"
15955,10409961353,10409961416,1,"IOTHUB_CLIENT_CONFIRMATION_OK"
15956,10409961554,10409961594,1,"IOTHUB_CLIENT_CONFIRMATION_OK"
15957,10409961754,10409962009,1,"IOTHUB_CLIENT_CONFIRMATION_OK"
15958,10409961954,10409962056,1,"IOTHUB_CLIENT_CONFIRMATION_OK"
15959,10409962154,10409962207,1,"IOTHUB_CLIENT_CONFIRMATION_OK"
15960,10409962354,10409962540,1,"IOTHUB_CLIENT_CONFIRMATION_OK"
15961,10409962554,10409962610,1,"IOTHUB_CLIENT_CONFIRMATION_OK"
15962,10409962755,10409962805,1,"IOTHUB_CLIENT_CONFIRMATION_OK"
15963,10409962955,10409963001,1,"IOTHUB_CLIENT_CONFIRMATION_OK"
15964,10409963155,10409963211,1,"IOTHUB_CLIENT_CONFIRMATION_OK"
15965,10409963355,10409963402,1,"IOTHUB_CLIENT_CONFIRMATION_OK"
15966,10409963555,10409963604,1,"IOTHUB_CLIENT_CONFIRMATION_OK"
15967,10409963755,10409963808,1,"IOTHUB_CLIENT_CONFIRMATION_OK"
15968,10409963955,10409964001,1,"IOTHUB_CLIENT_CONFIRMATION_OK"
15969,10409964156,10409964194,1,"IOTHUB_CLIENT_CONFIRMATION_OK"
15970,10409964356,10409964395,1,"IOTHUB_CLIENT_CONFIRMATION_OK"
15971,10409964556,10409964787,1,"IOTHUB_CLIENT_CONFIRMATION_OK"
15972,10409964756,10409964824,1,"IOTHUB_CLIENT_CONFIRMATION_OK"
15973,10409964956,10409964991,1,"IOTHUB_CLIENT_CONFIRMATION_OK"
15974,10409965156,10409965195,1,"IOTHUB_CLIENT_CONFIRMATION_OK"
15975,10409965356,10409965398,1,"IOTHUB_CLIENT_CONFIRMATION_OK"
15976,10409965557,10409965595,1,"IOTHUB_CLIENT_CONFIRMATION_OK"
15977,10409965757,10409965796,1,"IOTHUB_CLIENT_CONFIRMATION_OK"
15978,10409965957,10409965994,1,"IOTHUB_CLIENT_CONFIRMATION_OK"
15979,10409966157,10409966204,1,"IOTHUB_CLIENT_CONFIRMATION_OK"
15980,10409966357,10409966434,1,"IOTHUB_CLIENT_CONFIRMATION_OK"
15981,10409966557,10409966597,1,"IOTHUB_CLIENT_CONFIRMATION_OK"
15982,10409966758,10409966820,1,"IOTHUB_CLIENT_CONFIRMATION_OK"
15983,10409966958,10409967015,1,"IOTHUB_CLIENT_CONFIRMATION_OK"
15984,10409967158,10409967210,1,"IOTHUB_CLIENT_CONFIRMATION_OK"
15985,10409967358,10409967415,1,"IOTHUB_CLIENT_CONFIRMATION_OK"
15986,10409967558,10409967617,1,"IOTHUB_CLIENT_CONFIRMATION_OK"
15987,10409967758,10409967803,1,"IOTHUB_CLIENT_CONFIRMATION_OK"
15988,10409967959,10409967996,1,"IOTHUB_CLIENT_CONFIRMATION_OK"
15989,10409968159,10409968200,1,"IOTHUB_CLIENT_CONFIRMATION_OK"
15990,10409968359,10409968398,1,"IOTHUB_CLIENT_CONFIRMATION_OK"
15991,10409968559,10409968617,1,"IOTHUB_CLIENT_CONFIRMATION_OK"
15992,10409968759,10409968809,1,"IOTHUB_CLIENT_CONFIRMATION_OK"
15993,10409968959,10409969036,1,"IOTHUB_CLIENT_CONFIRMATION_OK"
15994,10409969159,10409969236,1,"IOTHUB_CLIENT_CONFIRMATION_OK"
15995,10409969360,10409969407,1,"IOTHUB_CLIENT_CONFIRMATION_OK"
15996,10409969560,10409969623,1,"IOTHUB_CLIENT_CONFIRMATION_OK"
15997,10409969760,10409969851,1,"IOTHUB_CLIENT_CONFIRMATION_OK"
15998,10409969960,10409969999,1,"IOTHUB_CLIENT_CONFIRMATION_OK"
15999,10409970160,10409970227,1,"IOTHUB_CLIENT_CONFIRMATION_OK"
16000,10409970360,10409970399,1,"IOTHUB_CLIENT_CONFIRMATION_OK"
16001,10409970561,10409970599,1,"IOTHUB_CLIENT_CONFIRMATION_OK"
16002,10409970761,10409970838,1,"IOTHUB_CLIENT_CONFIRMATION_OK"
16003,10409970961,10409971003,1,"IOTHUB_CLIENT_CONFIRMATION_OK"
16004,10409971161,10409971209,1,"IOTHUB_CLIENT_CONFIRMATION_OK"
16005,10409971361,10409971460,1,"IOTHUB_CLIENT_CONFIRMATION_OK"
16006,10409971561,10409971600,1,"IOTHUB_CLIENT_CONFIRMATION_OK"
16007,10409971761,10409971817,1,"IOTHUB_CLIENT_CONFIRMATION_OK"
16008,10409971962,10409972056,1,"IOTHUB_CLIENT_CONFIRMATION_OK"
16009,10409972162,10409972239,1,"IOTHUB_CLIENT_CONFIRMATION_OK"
16010,10409972362,10409972405,1,"IOTHUB_CLIENT_CONFIRMATION_OK"
16011,10409972562,10409972609,1,"IOTHUB_CLIENT_CONFIRMATION_OK"
16012,10409972762,10409972801,1,"IOTHUB_CLIENT_CONFIRMATION_OK"
16013,10409972962,10409973059,1,"IOTHUB_CLIENT_CONFIRMATION_OK"
16014,10409973163,10409973209,1,"IOTHUB_CLIENT_CONFIRMATION_OK"
16015,10409973363,10409973438,1,"IOTHUB_CLIENT_CONFIRMATION_OK"
16016,10409973563,10409973695,1,"IOTHUB_CLIENT_CONFIRMATION_OK"
16017,10409973763,10409973815,1,"IOTHUB_CLIENT_CONFIRMATION_OK"
16018,10409973963,10409974025,1,"IOTHUB_CLIENT_CONFIRMATION_OK"
16019,10409974163,10409974305,1,"IOTHUB_CLIENT_CONFIRMATION_OK"
16020,10409974364,10409974401,1,"IOTHUB_CLIENT_CONFIRMATION_OK"
16021,10409974564,10409974625,1,"IOTHUB_CLIENT_CONFIRMATION_OK"
16022,10409974764,10409974803,1,"IOTHUB_CLIENT_CONFIRMATION_OK"
16023,10409974964,10409975005,1,"IOTHUB_CLIENT_CONFIRMATION_OK"
16024,10409975164,10409975212,1,"IOTHUB_CLIENT_CONFIRMATION_OK"
16025,10409975364,10409975447,1,"IOTHUB_CLIENT_CONFIRMATION_OK"
16026,10409975564,10409975614,1,"IOTHUB_CLIENT_CONFIRMATION_OK"
16027,10409975765,10409975893,1,"IOTHUB_CLIENT_CONFIRMATION_OK"
16028,10409975965,10409976015,1,"IOTHUB_CLIENT_CONFIRMATION_OK"
16029,10409976165,10409976200,1,"IOTHUB_CLIENT_CONFIRMATION_OK"
16030,10409976365,10409976591,1,"IOTHUB_CLIENT_CONFIRMATION_OK"
16031,10409976565,10409976616,1,"IOTHUB_CLIENT_CONFIRMATION_OK"
16032,10409976765,10409976813,1,"IOTHUB_CLIENT_CONFIRMATION_OK"
16033,10409976966,10409977005,1,"IOTHUB_CLIENT_CONFIRMATION_OK"
16034,10409977166,10409977206,1,"IOTHUB_CLIENT_CONFIRMATION_OK"
16035,10409977366,10409977407,1,"IOTHUB_CLIENT_CONFIRMATION_OK"
16036,10409977566,10409977634,1,"IOTHUB_CLIENT_CONFIRMATION_OK"
16037,10409977766,10409977816,1,"IOTHUB_CLIENT_CONFIRMATION_OK"
16038,10409977966,10409978029,1,"IOTHUB_CLIENT_CONFIRMATION_OK"
16039,10409978167,10409978263,1,"IOTHUB_CLIENT_CONFIRMATION_OK"
16040,10409978367,10409978463,1,"IOTHUB_CLIENT_CONFIRMATION_OK"
16041,10409978567,10409978619,1,"IOTHUB_CLIENT_CONFIRMATION_OK"
16042,10409978767,10409978812,1,"IOTHUB_CLIENT_CONFIRMATION_OK"
16043,10409978967,10409979019,1,"IOTHUB_CLIENT_CONFIRMATION_OK"
16044,10409979167,10409979294,1,"IOTHUB_CLIENT_CONFIRMATION_OK"
16045,10409979367,10409979414,1,"IOTHUB_CLIENT_CONFIRMATION_OK"
16046,10409979568,10409979607,1,"IOTHUB_CLIENT_CONFIRMATION_OK"
16047,10409979768,10409979916,1,"IOTHUB_CLIENT_CONFIRMATION_OK"
16048,10409979968,10409980032,1,"IOTHUB_CLIENT_CONFIRMATION_OK"
16049,10409980168,10409980206,1,"IOTHUB_CLIENT_CONFIRMATION_OK"
16050,10409980368,10409980404,1,"IOTHUB_CLIENT_CONFIRMATION_OK"
16051,10409980568,10409980655,1,"IOTHUB_CLIENT_CONFIRMATION_OK"
16052,10409980769,10409980811,1,"IOTHUB_CLIENT_CONFIRMATION_OK"
16053,10409980969,10409981010,1,"IOTHUB_CLIENT_CONFIRMATION_OK"
16054,10409981169,10409981208,1,"IOTHUB_CLIENT_CONFIRMATION_OK"
16055,10409981369,10409981459,1,"IOTHUB_CLIENT_CONFIRMATION_OK"
16056,10409981569,10409981628,1,"IOTHUB_CLIENT_CONFIRMATION_OK"
16057,10409981769,10409981811,1,"IOTHUB_CLIENT_CONFIRMATION_OK"
16058,10409981969,10409982121,1,"IOTHUB_CLIENT_CONFIRMATION_OK"
16059,10409982170,10409982208,1,"IOTHUB_CLIENT_CONFIRMATION_OK"
16060,10409982370,10409982411,1,"IOTHUB_CLIENT_CONFIRMATION_OK"
16061,10409982570,10409982738,1,"IOTHUB_CLIENT_CONFIRMATION_OK"
16062,10409982770,10409982851,1,"IOTHUB_CLIENT_CONFIRMATION_OK"
16063,10409982970,10409983040,1,"IOTHUB_CLIENT_CONFIRMATION_OK"
16064,10409983170,10409983352,1,"IOTHUB_CLIENT_CONFIRMATION_OK"
16065,10409983371,10409983435,1,"IOTHUB_CLIENT_CONFIRMATION_OK"
16066,10409983571,10409983612,1,"IOTHUB_CLIENT_CONFIRMATION_OK"
16067,10409983771,10409983833,1,"IOTHUB_CLIENT_CONFIRMATION_OK"
16068,10409983971,10409984022,1,"IOTHUB_CLIENT_CONFIRMATION_OK"
16069,10409984171,10409984218,1,"IOTHUB_CLIENT_CONFIRMATION_OK"
16070,10409984371,10409984413,1,"IOTHUB_CLIENT_CONFIRMATION_OK"
16071,10409984572,10409984606,1,"IOTHUB_CLIENT_CONFIRMATION_OK"
16072,10409984772,10409984813,1,"IOTHUB_CLIENT_CONFIRMATION_OK"
16073,10409984972,10409985010,1,"IOTHUB_CLIENT_CONFIRMATION_OK"
16074,10409985172,10409985215,1,"IOTHUB_CLIENT_CONFIRMATION_OK"
16075,10409985372,10409985415,1,"IOTHUB_CLIENT_CONFIRMATION_OK"
16076,10409985572,10409985630,1,"IOTHUB_CLIENT_CONFIRMATION_OK"
16077,10409985772,10409985820,1,"IOTHUB_CLIENT_CONFIRMATION_OK"
16078,10409985972,10409986016,1,"IOTHUB_CLIENT_CONFIRMATION_OK"
16079,10409986173,10409986245,1,"IOTHUB_CLIENT_CONFIRMATION_OK"
16080,10409986373,10409986449,1,"IOTHUB_CLIENT_CONFIRMATION_OK"
16081,10409986573,10409986613,1,"IOTHUB_CLIENT_CONFIRMATION_OK"
16082,10409986773,10409986814,1,"IOTHUB_CLIENT_CONFIRMATION_OK"
16083,10409986973,10409987007,1,"IOTHUB_CLIENT_CONFIRMATION_OK"
16084,10409987173,10409987234,1,"IOTHUB_CLIENT_CONFIRMATION_OK"
16085,10409987374,10409987415,1,"IOTHUB_CLIENT_CONFIRMATION_OK"
16086,10409987574,10409987628,1,"IOTHUB_CLIENT_CONFIRMATION_OK"
16087,10409987774,10409987813,1,"IOTHUB_CLIENT_CONFIRMATION_OK"
16088,10409987974,10409988021,1,"IOTHUB_CLIENT_CONFIRMATION_OK"
16089,10409988174,10409988247,1,"IOTHUB_CLIENT_CONFIRMATION_OK"
16090,10409988374,10409988430,1,"IOTHUB_CLIENT_CONFIRMATION_OK"
16091,10409988575,10409988704,1,"IOTHUB_CLIENT_CONFIRMATION_OK"
16092,10409988775,10409988843,1,"IOTHUB_CLIENT_CONFIRMATION_OK"
16093,10409988975,10409989023,1,"IOTHUB_CLIENT_CONFIRMATION_OK"
16094,10409989175,10409989254,1,"IOTHUB_CLIENT_CONFIRMATION_OK"
16095,10409989375,10409989456,1,"IOTHUB_CLIENT_CONFIRMATION_OK"
16096,10409989575,10409989619,1,"IOTHUB_CLIENT_CONFIRMATION_OK"
16097,10409989776,10409989830,1,"IOTHUB_CLIENT_CONFIRMATION_OK"
16098,10409989976,10409990015,1,"IOTHUB_CLIENT_CONFIRMATION_OK"
16099,10409990176,10409990216,1,"IOTHUB_CLIENT_CONFIRMATION_OK"
16100,10409990376,10409990466,1,"IOTHUB_CLIENT_CONFIRMATION_OK"
16101,10409990576,10409990633,1,"IOTHUB_CLIENT_CONFIRMATION_OK"
16102,10409990776,10409990825,1,"IOTHUB_CLIENT_CONFIRMATION_OK"
16103,10409990976,10409991091,1,"IOTHUB_CLIENT_CONFIRMATION_OK"
16104,10409991177,10409991236,1,"IOTHUB_CLIENT_CONFIRMATION_OK"
16105,10409991377,10409991440,1,"IOTHUB_CLIENT_CONFIRMATION_OK"
16106,10409991577,10409991683,1,"IOTHUB_CLIENT_CONFIRMATION_OK"
16107,10409991777,10409991819,1,"IOTHUB_CLIENT_CONFIRMATION_OK"
16108,10409991977,10409992055,1,"IOTHUB_CLIENT_CONFIRMATION_OK"
16109,10409992177,10409992221,1,"IOTHUB_CLIENT_CONFIRMATION_OK"
16110,10409992378,10409992428,1,"IOTHUB_CLIENT_CONFIRMATION_OK"
16111,10409992578,10409992620,1,"IOTHUB_CLIENT_CONFIRMATION_OK"
16112,10409992778,10409992848,1,"IOTHUB_CLIENT_CONFIRMATION_OK"
16113,10409992978,10409993027,1,"IOTHUB_CLIENT_CONFIRMATION_OK"
16114,10409993178,10409993310,1,"IOTHUB_CLIENT_CONFIRMATION_OK"
16115,10409993378,10409993420,1,"IOTHUB_CLIENT_CONFIRMATION_OK"
16116,10409993579,10409993617,1,"IOTHUB_CLIENT_CONFIRMATION_OK"
16117,10409993779,10409993918,1,"IOTHUB_CLIENT_CONFIRMATION_OK"
16118,10409993979,10409994036,1,"IOTHUB_CLIENT_CONFIRMATION_OK"
16119,10409994179,10409994221,1,"IOTHUB_CLIENT_CONFIRMATION_OK"
16120,10409994379,10409994570,1,"IOTHUB_CLIENT_CONFIRMATION_OK"
16121,10409994579,10409994624,1,"IOTHUB_CLIENT_CONFIRMATION_OK"
16122,10409994780,10409994832,1,"IOTHUB_CLIENT_CONFIRMATION_OK"
16123,10409994980,10409995014,1,"IOTHUB_CLIENT_CONFIRMATION_OK"
16124,10409995180,10409995220,1,"IOTHUB_CLIENT_CONFIRMATION_OK"
16125,10409995380,10409995418,1,"IOTHUB_CLIENT_CONFIRMATION_OK"
16126,10409995580,10409995615,1,"IOTHUB_CLIENT_CONFIRMATION_OK"
16127,10409995780,10409995876,1,"IOTHUB_CLIENT_CONFIRMATION_OK"
16128,10409995980,10409996201,1,"IOTHUB_CLIENT_CONFIRMATION_OK"
16129,10409996181,10409996227,1,"IOTHUB_CLIENT_CONFIRMATION_OK"
16130,10409996381,10409996427,1,"IOTHUB_CLIENT_CONFIRMATION_OK"
16131,10409996581,10409996627,1,"IOTHUB_CLIENT_CONFIRMATION_OK"
16132,10409996781,10409996818,1,"IOTHUB_CLIENT_CONFIRMATION_OK"
16133,10409996981,10409997037,1,"IOTHUB_CLIENT_CONFIRMATION_OK"
16134,10409997181,10409997218,1,"IOTHUB_CLIENT_CONFIRMATION_OK"
16135,10409997382,10409997444,1,"IOTHUB_CLIENT_CONFIRMATION_OK"
16136,10409997582,10409997626,1,"IOTHUB_CLIENT_CONFIRMATION_OK"
16137,10409997782,10409997829,1,"IOTHUB_CLIENT_CONFIRMATION_OK"
16138,10409997982,10409998024,1,"IOTHUB_CLIENT_CONFIRMATION_OK"
16139,10409998182,10409998236,1,"IOTHUB_CLIENT_CONFIRMATION_OK"
16140,10409998382,10409998436,1,"IOTHUB_CLIENT_CONFIRMATION_OK"
16141,10409998582,10409998623,1,"IOTHUB_CLIENT_CONFIRMATION_OK"
16142,10409998783,10409998823,1,"IOTHUB_CLIENT_CONFIRMATION_OK"
16143,10409998983,10409999029,1,"IOTHUB_CLIENT_CONFIRMATION_OK"
16144,10409999183,10409999226,1,"IOTHUB_CLIENT_CONFIRMATION_OK"
16145,10409999383,10409999435,1,"IOTHUB_CLIENT_CONFIRMATION_OK"
16146,10409999583,10409999637,1,"IOTHUB_CLIENT_CONFIRMATION_OK"
16147,10409999783,10409999862,1,"IOTHUB_CLIENT_CONFIRMATION_OK"
16148,10409999983,10410000060,1,"IOTHUB_CLIENT_CONFIRMATION_OK"
16149,10410000184,10410000228,1,"IOTHUB_CLIENT_CONFIRMATION_OK"
16150,10410000384,10410000446,1,"IOTHUB_CLIENT_CONFIRMATION_OK"
16151,10410000584,10410000732,1,"IOTHUB_CLIENT_CONFIRMATION_OK"
16152,10410000784,10410000826,1,"IOTHUB_CLIENT_CONFIRMATION_OK"
16153,10410000984,10410001027,1,"IOTHUB_CLIENT_CONFIRMATION_OK"
16154,10410001184,10410001230,1,"IOTHUB_CLIENT_CONFIRMATION_OK"
16155,10410001385,10410001432,1,"IOTHUB_CLIENT_CONFIRMATION_OK"
16156,10410001585,10410001682,1,"IOTHUB_CLIENT_CONFIRMATION_OK"
16157,10410001785,10410001825,1,"IOTHUB_CLIENT_CONFIRMATION_OK"
16158,10410001985,10410002027,1,"IOTHUB_CLIENT_CONFIRMATION_OK"
16159,10410002185,10410002294,1,"IOTHUB_CLIENT_CONFIRMATION_OK"
16160,10410002385,10410002442,1,"IOTHUB_CLIENT_CONFIRMATION_OK"
16161,10410002586,10410002679,1,"IOTHUB_CLIENT_CONFIRMATION_OK"
16162,10410002786,10410002921,1,"IOTHUB_CLIENT_CONFIRMATION_OK"
16163,10410002986,10410003030,1,"IOTHUB_CLIENT_CONFIRMATION_OK"
16164,10410003186,10410003254,1,"IOTHUB_CLIENT_CONFIRMATION_OK"
16165,10410003386,10410003424,1,"IOTHUB_CLIENT_CONFIRMATION_OK"
16166,10410003586,10410003636,1,"IOTHUB_CLIENT_CONFIRMATION_OK"
16167,10410003787,10410003832,1,"IOTHUB_CLIENT_CONFIRMATION_OK"
16168,10410003987,10410004077,1,"IOTHUB_CLIENT_CONFIRMATION_OK"
16169,10410004187,10410004258,1,"IOTHUB_CLIENT_CONFIRMATION_OK"
16170,10410004387,10410004619,1,"IOTHUB_CLIENT_CONFIRMATION_OK"
16171,10410004587,10410004641,1,"IOTHUB_CLIENT_CONFIRMATION_OK"
16172,10410004787,10410004832,1,"IOTHUB_CLIENT_CONFIRMATION_OK"
16173,10410004987,10410005179,1,"IOTHUB_CLIENT_CONFIRMATION_OK"
16174,10410005188,10410005226,1,"IOTHUB_CLIENT_CONFIRMATION_OK"
16175,10410005388,10410005459,1,"IOTHUB_CLIENT_CONFIRMATION_OK"
16176,10410005588,10410005627,1,"IOTHUB_CLIENT_CONFIRMATION_OK"
16177,10410005788,10410005824,1,"IOTHUB_CLIENT_CONFIRMATION_OK"
16178,10410005988,10410006037,1,"IOTHUB_CLIENT_CONFIRMATION_OK"
16179,10410006188,10410006225,1,"IOTHUB_CLIENT_CONFIRMATION_OK"
16180,10410006389,10410006427,1,"IOTHUB_CLIENT_CONFIRMATION_OK"
16181,10410006589,10410006639,1,"IOTHUB_CLIENT_CONFIRMATION_OK"
16182,10410006789,10410006838,1,"IOTHUB_CLIENT_CONFIRMATION_OK"
16183,10410006989,10410007026,1,"IOTHUB_CLIENT_CONFIRMATION_OK"
16184,10410007189,10410007393,1,"IOTHUB_CLIENT_CONFIRMATION_OK"
16185,10410007389,10410007430,1,"IOTHUB_CLIENT_CONFIRMATION_OK"
16186,10410007590,10410007633,1,"IOTHUB_CLIENT_CONFIRMATION_OK"
16187,10410007790,10410007825,1,"IOTHUB_CLIENT_CONFIRMATION_OK"
16188,10410007990,10410008034,1,"IOTHUB_CLIENT_CONFIRMATION_OK"
16189,10410008190,10410008244,1,"IOTHUB_CLIENT_CONFIRMATION_OK"
16190,10410008390,10410008440,1,"IOTHUB_CLIENT_CONFIRMATION_OK"
16191,10410008590,10410008630,1,"IOTHUB_CLIENT_CONFIRMATION_OK"
16192,10410008791,10410008850,1,"IOTHUB_CLIENT_CONFIRMATION_OK"
16193,10410008991,10410009035,1,"IOTHUB_CLIENT_CONFIRMATION_OK"
16194,10410009191,10410009230,1,"IOTHUB_CLIENT_CONFIRMATION_OK"
16195,10410009391,10410009448,1,"IOTHUB_CLIENT_CONFIRMATION_OK"
16196,10410009591,10410009647,1,"IOTHUB_CLIENT_CONFIRMATION_OK"
16197,10410009791,10410009865,1,"IOTHUB_CLIENT_CONFIRMATION_OK"
16198,10410009991,10410010048,1,"IOTHUB_CLIENT_CONFIRMATION_OK"
16199,10410010192,10410010230,1,"IOTHUB_CLIENT_CONFIRMATION_OK"
16200,10410010392,10410010433,1,"IOTHUB_CLIENT_CONFIRMATION_OK"
16201,10410010592,10410010672,1,"IOTHUB_CLIENT_CONFIRMATION_OK"
16202,10410010792,10410010838,1,"IOTHUB_CLIENT_CONFIRMATION_OK"
16203,10410010992,10410011038,1,"IOTHUB_CLIENT_CONFIRMATION_OK"
16204,10410011192,10410011286,1,"IOTHUB_CLIENT_CONFIRMATION_OK"
16205,10410011392,10410011433,1,"IOTHUB_CLIENT_CONFIRMATION_OK"
16206,10410011593,10410011632,1,"IOTHUB_CLIENT_CONFIRMATION_OK"
16207,10410011793,10410011885,1,"IOTHUB_CLIENT_CONFIRMATION_OK"
16208,10410011993,10410012035,1,"IOTHUB_CLIENT_CONFIRMATION_OK"
16209,10410012193,10410012231,1,"IOTHUB_CLIENT_CONFIRMATION_OK"
16210,10410012393,10410012442,1,"IOTHUB_CLIENT_CONFIRMATION_OK"
16211,10410012593,10410012634,1,"IOTHUB_CLIENT_CONFIRMATION_OK"
16212,10410012794,10410012866,1,"IOTHUB_CLIENT_CONFIRMATION_OK"
16213,10410012994,10410013039,1,"IOTHUB_CLIENT_CONFIRMATION_OK"
16214,10410013194,10410013241,1,"IOTHUB_CLIENT_CONFIRMATION_OK"
16215,10410013394,10410013536,1,"IOTHUB_CLIENT_CONFIRMATION_OK"
16216,10410013594,10410013654,1,"IOTHUB_CLIENT_CONFIRMATION_OK"
16217,10410013794,10410013837,1,"IOTHUB_CLIENT_CONFIRMATION_OK"
16218,10410013994,10410014143,1,"IOTHUB_CLIENT_CONFIRMATION_OK"
16219,10410014195,10410014241,1,"IOTHUB_CLIENT_CONFIRMATION_OK"
16220,10410014395,10410014442,1,"IOTHUB_CLIENT_CONFIRMATION_OK"
16221,10410014595,10410014640,1,"IOTHUB_CLIENT_CONFIRMATION_OK"
16222,10410014795,10410014865,1,"IOTHUB_CLIENT_CONFIRMATION_OK"
16223,10410014995,10410015115,1,"IOTHUB_CLIENT_CONFIRMATION_OK"
16224,10410015195,10410015234,1,"IOTHUB_CLIENT_CONFIRMATION_OK"
16225,10410015396,10410015460,1,"IOTHUB_CLIENT_CONFIRMATION_OK"
16226,10410015596,10410015634,1,"IOTHUB_CLIENT_CONFIRMATION_OK"
16227,10410015796,10410015852,1,"IOTHUB_CLIENT_CONFIRMATION_OK"
16228,10410015996,10410016036,1,"IOTHUB_CLIENT_CONFIRMATION_OK"
16229,10410016196,10410016394,1,"IOTHUB_CLIENT_CONFIRMATION_OK"
16230,10410016396,10410016436,1,"IOTHUB_CLIENT_CONFIRMATION_OK"
16231,10410016596,10410016666,1,"IOTHUB_CLIENT_CONFIRMATION_OK"
16232,10410016797,10410016859,1,"IOTHUB_CLIENT_CONFIRMATION_OK"
16233,10410016997,10410017044,1,"IOTHUB_CLIENT_CONFIRMATION_OK"
16234,10410017197,10410017240,1,"IOTHUB_CLIENT_CONFIRMATION_OK"
16235,10410017397,10410017483,1,"IOTHUB_CLIENT_CONFIRMATION_OK"
16236,10410017597,10410017637,1,"IOTHUB_CLIENT_CONFIRMATION_OK"
16237,10410017798,10410017850,1,"IOTHUB_CLIENT_CONFIRMATION_OK"
16238,10410017998,10410018037,1,"IOTHUB_CLIENT_CONFIRMATION_OK"
16239,10410018198,10410018251,1,"IOTHUB_CLIENT_CONFIRMATION_OK"
16240,10410018398,10410018443,1,"IOTHUB_CLIENT_CONFIRMATION_OK"
16241,10410018598,10410018635,1,"IOTHUB_CLIENT_CONFIRMATION_OK"
16242,10410018798,10410018838,1,"IOTHUB_CLIENT_CONFIRMATION_OK"
16243,10410018998,10410019116,1,"IOTHUB_CLIENT_CONFIRMATION_OK"
16244,10410019199,10410019238,1,"IOTHUB_CLIENT_CONFIRMATION_OK"
16245,10410019399,10410019442,1,"IOTHUB_CLIENT_CONFIRMATION_OK"
16246,10410019599,10410019732,1,"IOTHUB_CLIENT_CONFIRMATION_OK"
16247,10410019799,10410019853,1,"IOTHUB_CLIENT_CONFIRMATION_OK"
16248,10410019999,10410020059,1,"IOTHUB_CLIENT_CONFIRMATION_OK"
16249,10410020199,10410020334,1,"IOTHUB_CLIENT_CONFIRMATION_OK"
16250,10410020400,10410020437,1,"IOTHUB_CLIENT_CONFIRMATION_OK"
16251,10410020600,10410020647,1,"IOTHUB_CLIENT_CONFIRMATION_OK"
16252,10410020800,10410020847,1,"IOTHUB_CLIENT_CONFIRMATION_OK"
16253,10410021000,10410021038,1,"IOTHUB_CLIENT_CONFIRMATION_OK"
16254,10410021200,10410021240,1,"IOTHUB_CLIENT_CONFIRMATION_OK"
16255,10410021400,10410021437,1,"IOTHUB_CLIENT_CONFIRMATION_OK"
16256,10410021601,10410021638,1,"IOTHUB_CLIENT_CONFIRMATION_OK"
16257,10410021801,10410021948,1,"IOTHUB_CLIENT_CONFIRMATION_OK"
16258,10410022001,10410022045,1,"IOTHUB_CLIENT_CONFIRMATION_OK"
16259,10410022201,10410022235,1,"IOTHUB_CLIENT_CONFIRMATION_OK"
16260,10410022401,10410022562,1,"IOTHUB_CLIENT_CONFIRMATION_OK"
16261,10410022601,10410022647,1,"IOTHUB_CLIENT_CONFIRMATION_OK"
16262,10410022802,10410022847,1,"IOTHUB_CLIENT_CONFIRMATION_OK"
16263,10410023002,10410023053,1,"IOTHUB_CLIENT_CONFIRMATION_OK"
16264,10410023202,10410023244,1,"IOTHUB_CLIENT_CONFIRMATION_OK"
16265,10410023402,10410023449,1,"IOTHUB_CLIENT_CONFIRMATION_OK"
16266,10410023602,10410023644,1,"IOTHUB_CLIENT_CONFIRMATION_OK"
16267,10410023802,10410023841,1,"IOTHUB_CLIENT_CONFIRMATION_OK"
16268,10410024002,10410024045,1,"IOTHUB_CLIENT_CONFIRMATION_OK"
16269,10410024203,10410024247,1,"IOTHUB_CLIENT_CONFIRMATION_OK"
16270,10410024403,10410024440,1,"IOTHUB_CLIENT_CONFIRMATION_OK"
16271,10410024603,10410024897,1,"IOTHUB_CLIENT_CONFIRMATION_OK"
16272,10410024803,10410024909,1,"IOTHUB_CLIENT_CONFIRMATION_OK"
16273,10410025003,10410025044,1,"IOTHUB_CLIENT_CONFIRMATION_OK"
16274,10410025203,10410025318,1,"IOTHUB_CLIENT_CONFIRMATION_OK"
16275,10410025403,10410025456,1,"IOTHUB_CLIENT_CONFIRMATION_OK"
16276,10410025604,10410025660,1,"IOTHUB_CLIENT_CONFIRMATION_OK"
16277,10410025804,10410025915,1,"IOTHUB_CLIENT_CONFIRMATION_OK"
16278,10410026004,10410026040,1,"IOTHUB_CLIENT_CONFIRMATION_OK"
16279,10410026204,10410026257,1,"IOTHUB_CLIENT_CONFIRMATION_OK"
16280,10410026404,10410026440,1,"IOTHUB_CLIENT_CONFIRMATION_OK"
16281,10410026604,10410026652,1,"IOTHUB_CLIENT_CONFIRMATION_OK"
16282,10410026805,10410026866,1,"IOTHUB_CLIENT_CONFIRMATION_OK"
16283,10410027005,10410027044,1,"IOTHUB_CLIENT_CONFIRMATION_OK"
16284,10410027205,10410027248,1,"IOTHUB_CLIENT_CONFIRMATION_OK"
16285,10410027405,10410027546,1,"IOTHUB_CLIENT_CONFIRMATION_OK"
16286,10410027605,10410027647,1,"IOTHUB_CLIENT_CONFIRMATION_OK"
16287,10410027805,10410027844,1,"IOTHUB_CLIENT_CONFIRMATION_OK"
16288,10410028006,10410028142,1,"IOTHUB_CLIENT_CONFIRMATION_OK"
16289,10410028206,10410028243,1,"IOTHUB_CLIENT_CONFIRMATION_OK"
16290,10410028406,10410028448,1,"IOTHUB_CLIENT_CONFIRMATION_OK"
16291,10410028606,10410028641,1,"IOTHUB_CLIENT_CONFIRMATION_OK"
16292,10410028806,10410028846,1,"IOTHUB_CLIENT_CONFIRMATION_OK"
16293,10410029006,10410029051,1,"IOTHUB_CLIENT_CONFIRMATION_OK"
16294,10410029206,10410029260,1,"IOTHUB_CLIENT_CONFIRMATION_OK"
16295,10410029407,10410029438,1,"IOTHUB_CLIENT_CONFIRMATION_OK"
16296,10410029607,10410029648,1,"IOTHUB_CLIENT_CONFIRMATION_OK"
16297,10410029807,10410029867,1,"IOTHUB_CLIENT_CONFIRMATION_OK"
16298,10410030007,10410030068,1,"IOTHUB_CLIENT_CONFIRMATION_OK"
16299,10410030207,10410030257,1,"IOTHUB_CLIENT_CONFIRMATION_OK"
16300,10410030407,10410030455,1,"IOTHUB_CLIENT_CONFIRMATION_OK"
16301,10410030608,10410030656,1,"IOTHUB_CLIENT_CONFIRMATION_OK"
16302,10410030808,10410030867,1,"IOTHUB_CLIENT_CONFIRMATION_OK"
16303,10410031008,10410031046,1,"IOTHUB_CLIENT_CONFIRMATION_OK"
16304,10410031208,10410031252,1,"IOTHUB_CLIENT_CONFIRMATION_OK"
16305,10410031408,10410031474,1,"IOTHUB_CLIENT_CONFIRMATION_OK"
16306,10410031608,10410031703,1,"IOTHUB_CLIENT_CONFIRMATION_OK"
16307,10410031808,10410031865,1,"IOTHUB_CLIENT_CONFIRMATION_OK"
16308,10410032009,10410032079,1,"IOTHUB_CLIENT_CONFIRMATION_OK"
16309,10410032209,10410032256,1,"IOTHUB_CLIENT_CONFIRMATION_OK"
16310,10410032409,10410032455,1,"IOTHUB_CLIENT_CONFIRMATION_OK"
16311,10410032609,10410032659,1,"IOTHUB_CLIENT_CONFIRMATION_OK"
16312,10410032809,10410032850,1,"IOTHUB_CLIENT_CONFIRMATION_OK"
16313,10410033009,10410033092,1,"IOTHUB_CLIENT_CONFIRMATION_OK"
16314,10410033210,10410033245,1,"IOTHUB_CLIENT_CONFIRMATION_OK"
16315,10410033410,10410033452,1,"IOTHUB_CLIENT_CONFIRMATION_OK"
16316,10410033610,10410033711,1,"IOTHUB_CLIENT_CONFIRMATION_OK"
16317,10410033810,10410033856,1,"IOTHUB_CLIENT_CONFIRMATION_OK"
16318,10410034010,10410034063,1,"IOTHUB_CLIENT_CONFIRMATION_OK"
16319,10410034210,10410034315,1,"IOTHUB_CLIENT_CONFIRMATION_OK"
16320,10410034411,10410034456,1,"IOTHUB_CLIENT_CONFIRMATION_OK"
16321,10410034611,10410034652,1,"IOTHUB_CLIENT_CONFIRMATION_OK"
16322,10410034811,10410034931,1,"IOTHUB_CLIENT_CONFIRMATION_OK"
16323,10410035011,10410035056,1,"IOTHUB_CLIENT_CONFIRMATION_OK"
16324,10410035211,10410035245,1,"IOTHUB_CLIENT_CONFIRMATION_OK"
16325,10410035411,10410035457,1,"IOTHUB_CLIENT_CONFIRMATION_OK"
16326,10410035611,10410035664,1,"IOTHUB_CLIENT_CONFIRMATION_OK"
16327,10410035812,10410035854,1,"IOTHUB_CLIENT_CONFIRMATION_OK"
16328,10410036012,10410036059,1,"IOTHUB_CLIENT_CONFIRMATION_OK"
16329,10410036212,10410036264,1,"IOTHUB_CLIENT_CONFIRMATION_OK"
16330,10410036412,10410036558,1,"IOTHUB_CLIENT_CONFIRMATION_OK"
16331,10410036612,10410036651,1,"IOTHUB_CLIENT_CONFIRMATION_OK"
16332,10410036812,10410036850,1,"IOTHUB_CLIENT_CONFIRMATION_OK"
16333,10410037013,10410037156,1,"IOTHUB_CLIENT_CONFIRMATION_OK"
16334,10410037213,10410037253,1,"IOTHUB_CLIENT_CONFIRMATION_OK"
16335,10410037413,10410037460,1,"IOTHUB_CLIENT_CONFIRMATION_OK"
16336,10410037613,10410037677,1,"IOTHUB_CLIENT_CONFIRMATION_OK"
16337,10410037813,10410037855,1,"IOTHUB_CLIENT_CONFIRMATION_OK"
16338,10410038013,10410038055,1,"IOTHUB_CLIENT_CONFIRMATION_OK"
16339,10410038214,10410038261,1,"IOTHUB_CLIENT_CONFIRMATION_OK"
16340,10410038414,10410038453,1,"IOTHUB_CLIENT_CONFIRMATION_OK"
16341,10410038614,10410038653,1,"IOTHUB_CLIENT_CONFIRMATION_OK"
16342,10410038814,10410038857,1,"IOTHUB_CLIENT_CONFIRMATION_OK"
16343,10410039014,10410039054,1,"IOTHUB_CLIENT_CONFIRMATION_OK"
16344,10410039214,10410039422,1,"IOTHUB_CLIENT_CONFIRMATION_OK"
16345,10410039415,10410039459,1,"IOTHUB_CLIENT_CONFIRMATION_OK"
16346,10410039615,10410039654,1,"IOTHUB_CLIENT_CONFIRMATION_OK"
16347,10410039815,10410039850,1,"IOTHUB_CLIENT_CONFIRMATION_OK"
16348,10410040015,10410040055,1,"IOTHUB_CLIENT_CONFIRMATION_OK"
16349,10410040215,10410040278,1,"IOTHUB_CLIENT_CONFIRMATION_OK"
16350,10410040415,10410040481,1,"IOTHUB_CLIENT_CONFIRMATION_OK"
16351,10410040615,10410040664,1,"IOTHUB_CLIENT_CONFIRMATION_OK"
16352,10410040816,10410040892,1,"IOTHUB_CLIENT_CONFIRMATION_OK"
16353,10410041016,10410041086,1,"IOTHUB_CLIENT_CONFIRMATION_OK"
16354,10410041216,10410041273,1,"IOTHUB_CLIENT_CONFIRMATION_OK"
16355,10410041416,10410041465,1,"IOTHUB_CLIENT_CONFIRMATION_OK"
16356,10410041616,10410041655,1,"IOTHUB_CLIENT_CONFIRMATION_OK"
16357,10410041816,10410041914,1,"IOTHUB_CLIENT_CONFIRMATION_OK"
16358,10410042017,10410042091,1,"IOTHUB_CLIENT_CONFIRMATION_OK"
16359,10410042217,10410042262,1,"IOTHUB_CLIENT_CONFIRMATION_OK"
16360,10410042417,10410042489,1,"IOTHUB_CLIENT_CONFIRMATION_OK"
16361,10410042617,10410042735,1,"IOTHUB_CLIENT_CONFIRMATION_OK"
16362,10410042817,10410042864,1,"IOTHUB_CLIENT_CONFIRMATION_OK"
16363,10410043017,10410043054,1,"IOTHUB_CLIENT_CONFIRMATION_OK"
16364,10410043218,10410043515,1,"IOTHUB_CLIENT_CONFIRMATION_OK"
16365,10410043418,10410043573,1,"IOTHUB_CLIENT_CONFIRMATION_OK"
16366,10410043618,10410044034,1,"IOTHUB_CLIENT_CONFIRMATION_OK"
16367,10410043818,10410044098,1,"IOTHUB_CLIENT_CONFIRMATION_OK"
16368,10410044018,10410044168,1,"IOTHUB_CLIENT_CONFIRMATION_OK"
16369,10410044218,10410044266,1,"IOTHUB_CLIENT_CONFIRMATION_OK"
16370,10410044418,10410044472,1,"IOTHUB_CLIENT_CONFIRMATION_OK"
16371,10410044619,10410044660,1,"IOTHUB_CLIENT_CONFIRMATION_OK"
16372,10410044819,10410044950,1,"IOTHUB_CLIENT_CONFIRMATION_OK"
16373,10410045019,10410045062,1,"IOTHUB_CLIENT_CONFIRMATION_OK"
16374,10410045219,10410045281,1,"IOTHUB_CLIENT_CONFIRMATION_OK"
16375,10410045419,10410045558,1,"IOTHUB_CLIENT_CONFIRMATION_OK"
16376,10410045619,10410045723,1,"IOTHUB_CLIENT_CONFIRMATION_OK"
16377,10410045820,10410045857,1,"IOTHUB_CLIENT_CONFIRMATION_OK"
16378,10410046020,10410046062,1,"IOTHUB_CLIENT_CONFIRMATION_OK"
16379,10410046220,10410046264,1,"IOTHUB_CLIENT_CONFIRMATION_OK"
16380,10410046420,10410046463,1,"IOTHUB_CLIENT_CONFIRMATION_OK"
16381,10410046620,10410046669,1,"IOTHUB_CLIENT_CONFIRMATION_OK"
16382,10410046820,10410046873,1,"IOTHUB_CLIENT_CONFIRMATION_OK"
16383,10410047021,10410047057,1,"IOTHUB_CLIENT_CONFIRMATION_OK"
16384,10410047221,10410047275,1,"IOTHUB_CLIENT_CONFIRMATION_OK"
16385,10410047421,10410047460,1,"IOTHUB_CLIENT_CONFIRMATION_OK"
16386,10410047622,10410047809,1,"IOTHUB_CLIENT_CONFIRMATION_OK"
16387,10410047822,10410047888,1,"IOTHUB_CLIENT_CONFIRMATION_OK"
16388,10410048022,10410048061,1,"IOTHUB_CLIENT_CONFIRMATION_OK"
16389,10410048222,10410048265,1,"IOTHUB_CLIENT_CONFIRMATION_OK"
16390,10410048422,10410048458,1,"IOTHUB_CLIENT_CONFIRMATION_OK"
16391,10410048622,10410048662,1,"IOTHUB_CLIENT_CONFIRMATION_OK"
16392,10410048823,10410048869,1,"IOTHUB_CLIENT_CONFIRMATION_OK"
16393,10410049023,10410049063,1,"IOTHUB_CLIENT_CONFIRMATION_OK"
16394,10410049223,10410049263,1,"IOTHUB_CLIENT_CONFIRMATION_OK"
16395,10410049423,10410049501,1,"IOTHUB_CLIENT_CONFIRMATION_OK"
16396,10410049623,10410049659,1,"IOTHUB_CLIENT_CONFIRMATION_OK"
16397,10410049823,10410049873,1,"IOTHUB_CLIENT_CONFIRMATION_OK"
16398,10410050023,10410050108,1,"IOTHUB_CLIENT_CONFIRMATION_OK"
16399,10410050224,10410050269,1,"IOTHUB_CLIENT_CONFIRMATION_OK"
16400,10410050424,10410050467,1,"IOTHUB_CLIENT_CONFIRMATION_OK"
16401,10410050624,10410050666,1,"IOTHUB_CLIENT_CONFIRMATION_OK"
16402,10410050824,10410050867,1,"IOTHUB_CLIENT_CONFIRMATION_OK"
16403,10410051024,10410051296,1,"IOTHUB_CLIENT_CONFIRMATION_OK"
16404,10410051224,10410051320,1,"IOTHUB_CLIENT_CONFIRMATION_OK"
16405,10410051425,10410051463,1,"IOTHUB_CLIENT_CONFIRMATION_OK"
16406,10410051625,10410051741,1,"IOTHUB_CLIENT_CONFIRMATION_OK"
16407,10410051825,10410051867,1,"IOTHUB_CLIENT_CONFIRMATION_OK"
16408,10410052025,10410052064,1,"IOTHUB_CLIENT_CONFIRMATION_OK"
16409,10410052225,10410052326,1,"IOTHUB_CLIENT_CONFIRMATION_OK"
16410,10410052425,10410052462,1,"IOTHUB_CLIENT_CONFIRMATION_OK"
16411,10410052626,10410052665,1,"IOTHUB_CLIENT_CONFIRMATION_OK"
16412,10410052826,10410052867,1,"IOTHUB_CLIENT_CONFIRMATION_OK"
16413,10410053026,10410053066,1,"IOTHUB_CLIENT_CONFIRMATION_OK"
16414,10410053226,10410053327,1,"IOTHUB_CLIENT_CONFIRMATION_OK"
16415,10410053426,10410053469,1,"IOTHUB_CLIENT_CONFIRMATION_OK"
16416,10410053626,10410053662,1,"IOTHUB_CLIENT_CONFIRMATION_OK"
16417,10410053826,10410053939,1,"IOTHUB_CLIENT_CONFIRMATION_OK"
16418,10410054027,10410054063,1,"IOTHUB_CLIENT_CONFIRMATION_OK"
16419,10410054227,10410054270,1,"IOTHUB_CLIENT_CONFIRMATION_OK"
16420,10410054427,10410054552,1,"IOTHUB_CLIENT_CONFIRMATION_OK"
16421,10410054627,10410054667,1,"IOTHUB_CLIENT_CONFIRMATION_OK"
16422,10410054827,10410054863,1,"IOTHUB_CLIENT_CONFIRMATION_OK"
16423,10410055027,10410055063,1,"IOTHUB_CLIENT_CONFIRMATION_OK"
16424,10410055228,10410055270,1,"IOTHUB_CLIENT_CONFIRMATION_OK"
16425,10410055428,10410055523,1,"IOTHUB_CLIENT_CONFIRMATION_OK"
16426,10410055628,10410055671,1,"IOTHUB_CLIENT_CONFIRMATION_OK"
16427,10410055828,10410055892,1,"IOTHUB_CLIENT_CONFIRMATION_OK"
16428,10410056028,10410056175,1,"IOTHUB_CLIENT_CONFIRMATION_OK"
16429,10410056228,10410056266,1,"IOTHUB_CLIENT_CONFIRMATION_OK"
16430,10410056428,10410056465,1,"IOTHUB_CLIENT_CONFIRMATION_OK"
16431,10410056629,10410056790,1,"IOTHUB_CLIENT_CONFIRMATION_OK"
16432,10410056829,10410056950,1,"IOTHUB_CLIENT_CONFIRMATION_OK"
16433,10410057029,10410057065,1,"IOTHUB_CLIENT_CONFIRMATION_OK"
16434,10410057229,10410057279,1,"IOTHUB_CLIENT_CONFIRMATION_OK"
16435,10410057429,10410057471,1,"IOTHUB_CLIENT_CONFIRMATION_OK"
16436,10410057629,10410057681,1,"IOTHUB_CLIENT_CONFIRMATION_OK"
16437,10410057830,10410057868,1,"IOTHUB_CLIENT_CONFIRMATION_OK"
16438,10410058030,10410058073,1,"IOTHUB_CLIENT_CONFIRMATION_OK"
16439,10410058230,10410058281,1,"IOTHUB_CLIENT_CONFIRMATION_OK"
16440,10410058430,10410058484,1,"IOTHUB_CLIENT_CONFIRMATION_OK"
16441,10410058630,10410058677,1,"IOTHUB_CLIENT_CONFIRMATION_OK"
16442,10410058830,10410059017,1,"IOTHUB_CLIENT_CONFIRMATION_OK"
16443,10410059030,10410059061,1,"IOTHUB_CLIENT_CONFIRMATION_OK"
16444,10410059231,10410059285,1,"IOTHUB_CLIENT_CONFIRMATION_OK"
16445,10410059431,10410059500,1,"IOTHUB_CLIENT_CONFIRMATION_OK"
16446,10410059631,10410059668,1,"IOTHUB_CLIENT_CONFIRMATION_OK"
16447,10410059831,10410059885,1,"IOTHUB_CLIENT_CONFIRMATION_OK"
16448,10410060031,10410060068,1,"IOTHUB_CLIENT_CONFIRMATION_OK"
16449,10410060231,10410060284,1,"IOTHUB_CLIENT_CONFIRMATION_OK"
16450,10410060432,10410060484,1,"IOTHUB_CLIENT_CONFIRMATION_OK"
16451,10410060632,10410060674,1,"IOTHUB_CLIENT_CONFIRMATION_OK"
16452,10410060832,10410060904,1,"IOTHUB_CLIENT_CONFIRMATION_OK"
16453,10410061032,10410061078,1,"IOTHUB_CLIENT_CONFIRMATION_OK"
16454,10410061232,10410061305,1,"IOTHUB_CLIENT_CONFIRMATION_OK"
16455,10410061432,10410061469,1,"IOTHUB_CLIENT_CONFIRMATION_OK"
16456,10410061632,10410061699,1,"IOTHUB_CLIENT_CONFIRMATION_OK"
16457,10410061833,10410061898,1,"IOTHUB_CLIENT_CONFIRMATION_OK"
16458,10410062033,10410062075,1,"IOTHUB_CLIENT_CONFIRMATION_OK"
16459,10410062233,10410062300,1,"IOTHUB_CLIENT_CONFIRMATION_OK"
16460,10410062433,10410062490,1,"IOTHUB_CLIENT_CONFIRMATION_OK"
16461,10410062633,10410062731,1,"IOTHUB_CLIENT_CONFIRMATION_OK"
16462,10410062833,10410062912,1,"IOTHUB_CLIENT_CONFIRMATION_OK"
16463,10410063034,10410063076,1,"IOTHUB_CLIENT_CONFIRMATION_OK"
16464,10410063234,10410063284,1,"IOTHUB_CLIENT_CONFIRMATION_OK"
16465,10410063434,10410063533,1,"IOTHUB_CLIENT_CONFIRMATION_OK"
16466,10410063634,10410063709,1,"IOTHUB_CLIENT_CONFIRMATION_OK"
16467,10410063834,10410063875,1,"IOTHUB_CLIENT_CONFIRMATION_OK"
16468,10410064034,10410064079,1,"IOTHUB_CLIENT_CONFIRMATION_OK"
16469,10410064234,10410064284,1,"IOTHUB_CLIENT_CONFIRMATION_OK"
16470,10410064435,10410064533,1,"IOTHUB_CLIENT_CONFIRMATION_OK"
16471,10410064635,10410064676,1,"IOTHUB_CLIENT_CONFIRMATION_OK"
16472,10410064835,10410064881,1,"IOTHUB_CLIENT_CONFIRMATION_OK"
16473,10410065035,10410065145,1,"IOTHUB_CLIENT_CONFIRMATION_OK"
16474,10410065235,10410065327,1,"IOTHUB_CLIENT_CONFIRMATION_OK"
16475,10410065435,10410065481,1,"IOTHUB_CLIENT_CONFIRMATION_OK"
16476,10410065636,10410065756,1,"IOTHUB_CLIENT_CONFIRMATION_OK"
16477,10410065836,10410065961,1,"IOTHUB_CLIENT_CONFIRMATION_OK"
16478,10410066036,10410066076,1,"IOTHUB_CLIENT_CONFIRMATION_OK"
16479,10410066236,10410066315,1,"IOTHUB_CLIENT_CONFIRMATION_OK"
16480,10410066436,10410066513,1,"IOTHUB_CLIENT_CONFIRMATION_OK"
16481,10410066636,10410066772,1,"IOTHUB_CLIENT_CONFIRMATION_OK"
16482,10410066837,10410066877,1,"IOTHUB_CLIENT_CONFIRMATION_OK"
16483,10410067037,10410067075,1,"IOTHUB_CLIENT_CONFIRMATION_OK"
16484,10410067237,10410067426,1,"IOTHUB_CLIENT_CONFIRMATION_OK"
16485,10410067437,10410067482,1,"IOTHUB_CLIENT_CONFIRMATION_OK"
16486,10410067637,10410067678,1,"IOTHUB_CLIENT_CONFIRMATION_OK"
16487,10410067837,10410068032,1,"IOTHUB_CLIENT_CONFIRMATION_OK"
16488,10410068038,10410068106,1,"IOTHUB_CLIENT_CONFIRMATION_OK"
16489,10410068238,10410068278,1,"IOTHUB_CLIENT_CONFIRMATION_OK"
16490,10410068438,10410068507,1,"IOTHUB_CLIENT_CONFIRMATION_OK"
16491,10410068638,10410068674,1,"IOTHUB_CLIENT_CONFIRMATION_OK"
16492,10410068838,10410068922,1,"IOTHUB_CLIENT_CONFIRMATION_OK"
16493,10410069038,10410069078,1,"IOTHUB_CLIENT_CONFIRMATION_OK"
16494,10410069239,10410069283,1,"IOTHUB_CLIENT_CONFIRMATION_OK"
16495,10410069439,10410069477,1,"IOTHUB_CLIENT_CONFIRMATION_OK"
16496,10410069639,10410069683,1,"IOTHUB_CLIENT_CONFIRMATION_OK"
16497,10410069839,10410069882,1,"IOTHUB_CLIENT_CONFIRMATION_OK"
16498,10410070039,10410070146,1,"IOTHUB_CLIENT_CONFIRMATION_OK"
16499,10410070239,10410070280,1,"IOTHUB_CLIENT_CONFIRMATION_OK"
16500,10410070439,10410070502,1,"IOTHUB_CLIENT_CONFIRMATION_OK"
16501,10410070640,10410070684,1,"IOTHUB_CLIENT_CONFIRMATION_OK"
16502,10410070840,10410070889,1,"IOTHUB_CLIENT_CONFIRMATION_OK"
16503,10410071040,10410071081,1,"IOTHUB_CLIENT_CONFIRMATION_OK"
16504,10410071240,10410071288,1,"IOTHUB_CLIENT_CONFIRMATION_OK"
16505,10410071440,10410071503,1,"IOTHUB_CLIENT_CONFIRMATION_OK"
16506,10410071640,10410071782,1,"IOTHUB_CLIENT_CONFIRMATION_OK"
16507,10410071841,10410071885,1,"IOTHUB_CLIENT_CONFIRMATION_OK"
16508,10410072041,10410072084,1,"IOTHUB_CLIENT_CONFIRMATION_OK"
16509,10410072241,10410072285,1,"IOTHUB_CLIENT_CONFIRMATION_OK"
16510,10410072441,10410072611,1,"IOTHUB_CLIENT_CONFIRMATION_OK"
16511,10410072641,10410072682,1,"IOTHUB_CLIENT_CONFIRMATION_OK"
16512,10410072841,10410072887,1,"IOTHUB_CLIENT_CONFIRMATION_OK"
16513,10410073042,10410073112,1,"IOTHUB_CLIENT_CONFIRMATION_OK"
16514,10410073242,10410073340,1,"IOTHUB_CLIENT_CONFIRMATION_OK"
16515,10410073442,10410073628,1,"IOTHUB_CLIENT_CONFIRMATION_OK"
16516,10410073642,10410073680,1,"IOTHUB_CLIENT_CONFIRMATION_OK"
16517,10410073842,10410073881,1,"IOTHUB_CLIENT_CONFIRMATION_OK"
16518,10410074042,10410074097,1,"IOTHUB_CLIENT_CONFIRMATION_OK"
16519,10410074242,10410074287,1,"IOTHUB_CLIENT_CONFIRMATION_OK"
16520,10410074443,10410074489,1,"IOTHUB_CLIENT_CONFIRMATION_OK"
16521,10410074643,10410074714,1,"IOTHUB_CLIENT_CONFIRMATION_OK"
16522,10410074843,10410074914,1,"IOTHUB_CLIENT_CONFIRMATION_OK"
16523,10410075043,10410075089,1,"IOTHUB_CLIENT_CONFIRMATION_OK"
16524,10410075243,10410075295,1,"IOTHUB_CLIENT_CONFIRMATION_OK"
16525,10410075443,10410075482,1,"IOTHUB_CLIENT_CONFIRMATION_OK"
16526,10410075644,10410075685,1,"IOTHUB_CLIENT_CONFIRMATION_OK"
16527,10410075844,10410075889,1,"IOTHUB_CLIENT_CONFIRMATION_OK"
16528,10410076044,10410076085,1,"IOTHUB_CLIENT_CONFIRMATION_OK"
16529,10410076244,10410076289,1,"IOTHUB_CLIENT_CONFIRMATION_OK"
16530,10410076444,10410076480,1,"IOTHUB_CLIENT_CONFIRMATION_OK"
16531,10410076644,10410076700,1,"IOTHUB_CLIENT_CONFIRMATION_OK"
16532,10410076844,10410076932,1,"IOTHUB_CLIENT_CONFIRMATION_OK"
16533,10410077045,10410077149,1,"IOTHUB_CLIENT_CONFIRMATION_OK"
16534,10410077245,10410077328,1,"IOTHUB_CLIENT_CONFIRMATION_OK"
16535,10410077445,10410077534,1,"IOTHUB_CLIENT_CONFIRMATION_OK"
16536,10410077645,10410077685,1,"IOTHUB_CLIENT_CONFIRMATION_OK"
16537,10410077845,10410077903,1,"IOTHUB_CLIENT_CONFIRMATION_OK"
16538,10410078045,10410078095,1,"IOTHUB_CLIENT_CONFIRMATION_OK"
16539,10410078246,10410078299,1,"IOTHUB_CLIENT_CONFIRMATION_OK"
16540,10410078446,10410078481,1,"IOTHUB_CLIENT_CONFIRMATION_OK"
16541,10410078646,10410078681,1,"IOTHUB_CLIENT_CONFIRMATION_OK"
16542,10410078846,10410078890,1,"IOTHUB_CLIENT_CONFIRMATION_OK"
16543,10410079046,10410079178,1,"IOTHUB_CLIENT_CONFIRMATION_OK"
16544,10410079246,10410079287,1,"IOTHUB_CLIENT_CONFIRMATION_OK"
16545,10410079447,10410079487,1,"IOTHUB_CLIENT_CONFIRMATION_OK"
16546,10410079647,10410079759,1,"IOTHUB_CLIENT_CONFIRMATION_OK"
16547,10410079847,10410079886,1,"IOTHUB_CLIENT_CONFIRMATION_OK"
16548,10410080047,10410080097,1,"IOTHUB_CLIENT_CONFIRMATION_OK"
16549,10410080247,10410080390,1,"IOTHUB_CLIENT_CONFIRMATION_OK"
16550,10410080447,10410080492,1,"IOTHUB_CLIENT_CONFIRMATION_OK"
16551,10410080647,10410080692,1,"IOTHUB_CLIENT_CONFIRMATION_OK"
16552,10410080848,10410080888,1,"IOTHUB_CLIENT_CONFIRMATION_OK"
16553,10410081048,10410081127,1,"IOTHUB_CLIENT_CONFIRMATION_OK"
16554,10410081248,10410081318,1,"IOTHUB_CLIENT_CONFIRMATION_OK"
16555,10410081448,10410081503,1,"IOTHUB_CLIENT_CONFIRMATION_OK"
16556,10410081648,10410081699,1,"IOTHUB_CLIENT_CONFIRMATION_OK"
16557,10410081848,10410082000,1,"IOTHUB_CLIENT_CONFIRMATION_OK"
16558,10410082049,10410082174,1,"IOTHUB_CLIENT_CONFIRMATION_OK"
16559,10410082249,10410082290,1,"IOTHUB_CLIENT_CONFIRMATION_OK"
16560,10410082449,10410082624,1,"IOTHUB_CLIENT_CONFIRMATION_OK"
16561,10410082649,10410082687,1,"IOTHUB_CLIENT_CONFIRMATION_OK"
16562,10410082849,10410082891,1,"IOTHUB_CLIENT_CONFIRMATION_OK"
16563,10410083049,10410083090,1,"IOTHUB_CLIENT_CONFIRMATION_OK"
16564,10410083249,10410083290,1,"IOTHUB_CLIENT_CONFIRMATION_OK"
16565,10410083450,10410083494,1,"IOTHUB_CLIENT_CONFIRMATION_OK"
16566,10410083650,10410083702,1,"IOTHUB_CLIENT_CONFIRMATION_OK"
16567,10410083850,10410083923,1,"IOTHUB_CLIENT_CONFIRMATION_OK"
16568,10410084050,10410084092,1,"IOTHUB_CLIENT_CONFIRMATION_OK"
16569,10410084250,10410084288,1,"IOTHUB_CLIENT_CONFIRMATION_OK"
16570,10410084450,10410084493,1,"IOTHUB_CLIENT_CONFIRMATION_OK"
16571,10410084651,10410084723,1,"IOTHUB_CLIENT_CONFIRMATION_OK"
16572,10410084851,10410084888,1,"IOTHUB_CLIENT_CONFIRMATION_OK"
16573,10410085051,10410085100,1,"IOTHUB_CLIENT_CONFIRMATION_OK"
16574,10410085251,10410085329,1,"IOTHUB_CLIENT_CONFIRMATION_OK"
16575,10410085451,10410085496,1,"IOTHUB_CLIENT_CONFIRMATION_OK"
16576,10410085651,10410085691,1,"IOTHUB_CLIENT_CONFIRMATION_OK"
16577,10410085852,10410085949,1,"IOTHUB_CLIENT_CONFIRMATION_OK"
16578,10410086052,10410086095,1,"IOTHUB_CLIENT_CONFIRMATION_OK"
16579,10410086252,10410086303,1,"IOTHUB_CLIENT_CONFIRMATION_OK"
16580,10410086452,10410086516,1,"IOTHUB_CLIENT_CONFIRMATION_OK"
16581,10410086652,10410086736,1,"IOTHUB_CLIENT_CONFIRMATION_OK"
16582,10410086852,10410086901,1,"IOTHUB_CLIENT_CONFIRMATION_OK"
16583,10410087052,10410087098,1,"IOTHUB_CLIENT_CONFIRMATION_OK"
16584,10410087253,10410087300,1,"IOTHUB_CLIENT_CONFIRMATION_OK"
16585,10410087453,10410087528,1,"IOTHUB_CLIENT_CONFIRMATION_OK"
16586,10410087653,10410087691,1,"IOTHUB_CLIENT_CONFIRMATION_OK"
16587,10410087853,10410087922,1,"IOTHUB_CLIENT_CONFIRMATION_OK"
16588,10410088053,10410088173,1,"IOTHUB_CLIENT_CONFIRMATION_OK"
16589,10410088253,10410088309,1,"IOTHUB_CLIENT_CONFIRMATION_OK"
16590,10410088454,10410088496,1,"IOTHUB_CLIENT_CONFIRMATION_OK"
16591,10410088654,10410088750,1,"IOTHUB_CLIENT_CONFIRMATION_OK"
16592,10410088854,10410088947,1,"IOTHUB_CLIENT_CONFIRMATION_OK"
16593,10410089054,10410089112,1,"IOTHUB_CLIENT_CONFIRMATION_OK"
16594,10410089254,10410089298,1,"IOTHUB_CLIENT_CONFIRMATION_OK"
16595,10410089454,10410089498,1,"IOTHUB_CLIENT_CONFIRMATION_OK"
16596,10410089654,10410089712,1,"IOTHUB_CLIENT_CONFIRMATION_OK"
16597,10410089855,10410089908,1,"IOTHUB_CLIENT_CONFIRMATION_OK"
16598,10410090055,10410090106,1,"IOTHUB_CLIENT_CONFIRMATION_OK"
16599,10410090255,10410090467,1,"IOTHUB_CLIENT_CONFIRMATION_OK"
16600,10410090455,10410090533,1,"IOTHUB_CLIENT_CONFIRMATION_OK"
16601,10410090655,10410090701,1,"IOTHUB_CLIENT_CONFIRMATION_OK"
16602,10410090855,10410091001,1,"IOTHUB_CLIENT_CONFIRMATION_OK"
16603,10410091056,10410091094,1,"IOTHUB_CLIENT_CONFIRMATION_OK"
16604,10410091256,10410091301,1,"IOTHUB_CLIENT_CONFIRMATION_OK"
16605,10410091456,10410091502,1,"IOTHUB_CLIENT_CONFIRMATION_OK"
16606,10410091656,10410091703,1,"IOTHUB_CLIENT_CONFIRMATION_OK"
16607,10410091856,10410091944,1,"IOTHUB_CLIENT_CONFIRMATION_OK"
16608,10410092056,10410092098,1,"IOTHUB_CLIENT_CONFIRMATION_OK"
16609,10410092257,10410092332,1,"IOTHUB_CLIENT_CONFIRMATION_OK"
16610,10410092457,10410092499,1,"IOTHUB_CLIENT_CONFIRMATION_OK"
16611,10410092657,10410092700,1,"IOTHUB_CLIENT_CONFIRMATION_OK"
16612,10410092857,10410092918,1,"IOTHUB_CLIENT_CONFIRMATION_OK"
16613,10410093057,10410093296,1,"IOTHUB_CLIENT_CONFIRMATION_OK"
16614,10410093257,10410093338,1,"IOTHUB_CLIENT_CONFIRMATION_OK"
16615,10410093457,10410093493,1,"IOTHUB_CLIENT_CONFIRMATION_OK"
16616,10410093658,10410093732,1,"IOTHUB_CLIENT_CONFIRMATION_OK"
16617,10410093858,10410093916,1,"IOTHUB_CLIENT_CONFIRMATION_OK"
16618,10410094058,10410094097,1,"IOTHUB_CLIENT_CONFIRMATION_OK"
16619,10410094258,10410094301,1,"IOTHUB_CLIENT_CONFIRMATION_OK"
16620,10410094458,10410094511,1,"IOTHUB_CLIENT_CONFIRMATION_OK"
16621,10410094658,10410094727,1,"IOTHUB_CLIENT_CONFIRMATION_OK"
16622,10410094859,10410094948,1,"IOTHUB_CLIENT_CONFIRMATION_OK"
16623,10410095059,10410095100,1,"IOTHUB_CLIENT_CONFIRMATION_OK"
16624,10410095259,10410095307,1,"IOTHUB_CLIENT_CONFIRMATION_OK"
16625,10410095459,10410095548,1,"IOTHUB_CLIENT_CONFIRMATION_OK"
16626,10410095659,10410095707,1,"IOTHUB_CLIENT_CONFIRMATION_OK"
16627,10410095859,10410095940,1,"IOTHUB_CLIENT_CONFIRMATION_OK"
16628,10410096059,10410096106,1,"IOTHUB_CLIENT_CONFIRMATION_OK"
16629,10410096260,10410096306,1,"IOTHUB_CLIENT_CONFIRMATION_OK"
16630,10410096460,10410096548,1,"IOTHUB_CLIENT_CONFIRMATION_OK"
16631,10410096660,10410096819,1,"IOTHUB_CLIENT_CONFIRMATION_OK"
16632,10410096860,10410096934,1,"IOTHUB_CLIENT_CONFIRMATION_OK"
16633,10410097060,10410097105,1,"IOTHUB_CLIENT_CONFIRMATION_OK"
16634,10410097260,10410097311,1,"IOTHUB_CLIENT_CONFIRMATION_OK"
16635,10410097461,10410097512,1,"IOTHUB_CLIENT_CONFIRMATION_OK"
16636,10410097661,10410097701,1,"IOTHUB_CLIENT_CONFIRMATION_OK"
16637,10410097861,10410097909,1,"IOTHUB_CLIENT_CONFIRMATION_OK"
16638,10410098061,10410098098,1,"IOTHUB_CLIENT_CONFIRMATION_OK"
16639,10410098261,10410098306,1,"IOTHUB_CLIENT_CONFIRMATION_OK"
16640,10410098461,10410098511,1,"IOTHUB_CLIENT_CONFIRMATION_OK"
16641,10410098662,10410098738,1,"IOTHUB_CLIENT_CONFIRMATION_OK"
16642,10410098862,10410098919,1,"IOTHUB_CLIENT_CONFIRMATION_OK"
16643,10410099062,10410099102,1,"IOTHUB_CLIENT_CONFIRMATION_OK"
16644,10410099262,10410099300,1,"IOTHUB_CLIENT_CONFIRMATION_OK"
16645,10410099462,10410099521,1,"IOTHUB_CLIENT_CONFIRMATION_OK"
16646,10410099662,10410099750,1,"IOTHUB_CLIENT_CONFIRMATION_OK"
16647,10410099862,10410099920,1,"IOTHUB_CLIENT_CONFIRMATION_OK"
16648,10410100063,10410100105,1,"IOTHUB_CLIENT_CONFIRMATION_OK"
16649,10410100263,10410100308,1,"IOTHUB_CLIENT_CONFIRMATION_OK"
16650,10410100463,10410100543,1,"IOTHUB_CLIENT_CONFIRMATION_OK"
16651,10410100663,10410100723,1,"IOTHUB_CLIENT_CONFIRMATION_OK"
16652,10410100863,10410100918,1,"IOTHUB_CLIENT_CONFIRMATION_OK"
16653,10410101063,10410101142,1,"IOTHUB_CLIENT_CONFIRMATION_OK"
16654,10410101264,10410101297,1,"IOTHUB_CLIENT_CONFIRMATION_OK"
16655,10410101464,10410101530,1,"IOTHUB_CLIENT_CONFIRMATION_OK"
16656,10410101664,10410101716,1,"IOTHUB_CLIENT_CONFIRMATION_OK"
16657,10410101864,10410101907,1,"IOTHUB_CLIENT_CONFIRMATION_OK"
16658,10410102064,10410102158,1,"IOTHUB_CLIENT_CONFIRMATION_OK"
16659,10410102264,10410102350,1,"IOTHUB_CLIENT_CONFIRMATION_OK"
16660,10410102465,10410102508,1,"IOTHUB_CLIENT_CONFIRMATION_OK"
16661,10410102665,10410102780,1,"IOTHUB_CLIENT_CONFIRMATION_OK"
16662,10410102865,10410102924,1,"IOTHUB_CLIENT_CONFIRMATION_OK"
16663,10410103065,10410103111,1,"IOTHUB_CLIENT_CONFIRMATION_OK"
16664,10410103265,10410103393,1,"IOTHUB_CLIENT_CONFIRMATION_OK"
16665,10410103465,10410103509,1,"IOTHUB_CLIENT_CONFIRMATION_OK"
16666,10410103665,10410103701,1,"IOTHUB_CLIENT_CONFIRMATION_OK"
16667,10410103866,10410103918,1,"IOTHUB_CLIENT_CONFIRMATION_OK"
16668,10410104066,10410104123,1,"IOTHUB_CLIENT_CONFIRMATION_OK"
16669,10410104266,10410104308,1,"IOTHUB_CLIENT_CONFIRMATION_OK"
16670,10410104466,10410104510,1,"IOTHUB_CLIENT_CONFIRMATION_OK"
16671,10410104666,10410104714,1,"IOTHUB_CLIENT_CONFIRMATION_OK"
16672,10410104866,10410105004,1,"IOTHUB_CLIENT_CONFIRMATION_OK"
16673,10410105067,10410105108,1,"IOTHUB_CLIENT_CONFIRMATION_OK"
16674,10410105267,10410105343,1,"IOTHUB_CLIENT_CONFIRMATION_OK"
16675,10410105467,10410105627,1,"IOTHUB_CLIENT_CONFIRMATION_OK"
16676,10410105667,10410105716,1,"IOTHUB_CLIENT_CONFIRMATION_OK"
16677,10410105867,10410105915,1,"IOTHUB_CLIENT_CONFIRMATION_OK"
16678,10410106067,10410106106,1,"IOTHUB_CLIENT_CONFIRMATION_OK"
16679,10410106267,10410106319,1,"IOTHUB_CLIENT_CONFIRMATION_OK"
16680,10410106468,10410106520,1,"IOTHUB_CLIENT_CONFIRMATION_OK"
16681,10410106668,10410106710,1,"IOTHUB_CLIENT_CONFIRMATION_OK"
16682,10410106868,10410106921,1,"IOTHUB_CLIENT_CONFIRMATION_OK"
16683,10410107068,10410107105,1,"IOTHUB_CLIENT_CONFIRMATION_OK"
16684,10410107268,10410107311,1,"IOTHUB_CLIENT_CONFIRMATION_OK"
16685,10410107468,10410107547,1,"IOTHUB_CLIENT_CONFIRMATION_OK"
16686,10410107668,10410107847,1,"IOTHUB_CLIENT_CONFIRMATION_OK"
16687,10410107869,10410107940,1,"IOTHUB_CLIENT_CONFIRMATION_OK"
16688,10410108069,10410108108,1,"IOTHUB_CLIENT_CONFIRMATION_OK"
16689,10410108269,10410108310,1,"IOTHUB_CLIENT_CONFIRMATION_OK"
16690,10410108469,10410108514,1,"IOTHUB_CLIENT_CONFIRMATION_OK"
16691,10410108669,10410108732,1,"IOTHUB_CLIENT_CONFIRMATION_OK"
16692,10410108869,10410108912,1,"IOTHUB_CLIENT_CONFIRMATION_OK"
16693,10410109069,10410109104,1,"IOTHUB_CLIENT_CONFIRMATION_OK"
16694,10410109270,10410109342,1,"IOTHUB_CLIENT_CONFIRMATION_OK"
16695,10410109470,10410109586,1,"IOTHUB_CLIENT_CONFIRMATION_OK"
16696,10410109670,10410109759,1,"IOTHUB_CLIENT_CONFIRMATION_OK"
16697,10410109870,10410109921,1,"IOTHUB_CLIENT_CONFIRMATION_OK"
16698,10410110070,10410110124,1,"IOTHUB_CLIENT_CONFIRMATION_OK"
16699,10410110270,10410110318,1,"IOTHUB_CLIENT_CONFIRMATION_OK"
16700,10410110471,10410110511,1,"IOTHUB_CLIENT_CONFIRMATION_OK"
16701,10410110671,10410110710,1,"IOTHUB_CLIENT_CONFIRMATION_OK"
16702,10410110871,10410110921,1,"IOTHUB_CLIENT_CONFIRMATION_OK"
16703,10410111071,10410111137,1,"IOTHUB_CLIENT_CONFIRMATION_OK"
16704,10410111271,10410111310,1,"IOTHUB_CLIENT_CONFIRMATION_OK"
16705,10410111471,10410111532,1,"IOTHUB_CLIENT_CONFIRMATION_OK"
16706,10410111672,10410111739,1,"IOTHUB_CLIENT_CONFIRMATION_OK"
16707,10410111872,10410111921,1,"IOTHUB_CLIENT_CONFIRMATION_OK"
16708,10410112072,10410112148,1,"IOTHUB_CLIENT_CONFIRMATION_OK"
16709,10410112272,10410112368,1,"IOTHUB_CLIENT_CONFIRMATION_OK"
16710,10410112472,10410112538,1,"IOTHUB_CLIENT_CONFIRMATION_OK"
16711,10410112672,10410112722,1,"IOTHUB_CLIENT_CONFIRMATION_OK"
16712,10410112873,10410112914,1,"IOTHUB_CLIENT_CONFIRMATION_OK"
16713,10410113073,10410113129,1,"IOTHUB_CLIENT_CONFIRMATION_OK"
16714,10410113273,10410113360,1,"IOTHUB_CLIENT_CONFIRMATION_OK"
16715,10410113473,10410113520,1,"IOTHUB_CLIENT_CONFIRMATION_OK"
16716,10410113673,10410113719,1,"IOTHUB_CLIENT_CONFIRMATION_OK"
16717,10410113873,10410113977,1,"IOTHUB_CLIENT_CONFIRMATION_OK"
16718,10410114074,10410114116,1,"IOTHUB_CLIENT_CONFIRMATION_OK"
16719,10410114274,10410114318,1,"IOTHUB_CLIENT_CONFIRMATION_OK"
16720,10410114474,10410114663,1,"IOTHUB_CLIENT_CONFIRMATION_OK"
16721,10410114674,10410114714,1,"IOTHUB_CLIENT_CONFIRMATION_OK"
16722,10410114874,10410114934,1,"IOTHUB_CLIENT_CONFIRMATION_OK"
16723,10410115074,10410115125,1,"IOTHUB_CLIENT_CONFIRMATION_OK"
16724,10410115274,10410115312,1,"IOTHUB_CLIENT_CONFIRMATION_OK"
16725,10410115475,10410115515,1,"IOTHUB_CLIENT_CONFIRMATION_OK"
16726,10410115675,10410115711,1,"IOTHUB_CLIENT_CONFIRMATION_OK"
16727,10410115875,10410115912,1,"IOTHUB_CLIENT_CONFIRMATION_OK"
16728,10410116075,10410116284,1,"IOTHUB_CLIENT_CONFIRMATION_OK"
16729,10410116275,10410116326,1,"IOTHUB_CLIENT_CONFIRMATION_OK"
16730,10410116475,10410116520,1,"IOTHUB_CLIENT_CONFIRMATION_OK"
16731,10410116675,10410116719,1,"IOTHUB_CLIENT_CONFIRMATION_OK"
16732,10410116876,10410116917,1,"IOTHUB_CLIENT_CONFIRMATION_OK"
16733,10410117076,10410117114,1,"IOTHUB_CLIENT_CONFIRMATION_OK"
16734,10410117276,10410117314,1,"IOTHUB_CLIENT_CONFIRMATION_OK"
16735,10410117476,10410117552,1,"IOTHUB_CLIENT_CONFIRMATION_OK"
16736,10410117676,10410117716,1,"IOTHUB_CLIENT_CONFIRMATION_OK"
16737,10410117876,10410117935,1,"IOTHUB_CLIENT_CONFIRMATION_OK"
16738,10410118077,10410118124,1,"IOTHUB_CLIENT_CONFIRMATION_OK"
16739,10410118277,10410118321,1,"IOTHUB_CLIENT_CONFIRMATION_OK"
16740,10410118477,10410118528,1,"IOTHUB_CLIENT_CONFIRMATION_OK"
16741,10410118677,10410118721,1,"IOTHUB_CLIENT_CONFIRMATION_OK"
16742,10410118877,10410118959,1,"IOTHUB_CLIENT_CONFIRMATION_OK"
16743,10410119077,10410119116,1,"IOTHUB_CLIENT_CONFIRMATION_OK"
16744,10410119278,10410119317,1,"IOTHUB_CLIENT_CONFIRMATION_OK"
16745,10410119478,10410119569,1,"IOTHUB_CLIENT_CONFIRMATION_OK"
16746,10410119678,10410119719,1,"IOTHUB_CLIENT_CONFIRMATION_OK"
16747,10410119878,10410119929,1,"IOTHUB_CLIENT_CONFIRMATION_OK"
16748,10410120078,10410120189,1,"IOTHUB_CLIENT_CONFIRMATION_OK"
16749,10410120278,10410120353,1,"IOTHUB_CLIENT_CONFIRMATION_OK"
16750,10410120478,10410120537,1,"IOTHUB_CLIENT_CONFIRMATION_OK"
16751,10410120679,10410120869,1,"IOTHUB_CLIENT_CONFIRMATION_OK"
16752,10410120879,10410120938,1,"IOTHUB_CLIENT_CONFIRMATION_OK"
16753,10410121079,10410121120,1,"IOTHUB_CLIENT_CONFIRMATION_OK"
16754,10410121279,10410121316,1,"IOTHUB_CLIENT_CONFIRMATION_OK"
16755,10410121479,10410121523,1,"IOTHUB_CLIENT_CONFIRMATION_OK"
16756,10410121679,10410121831,1,"IOTHUB_CLIENT_CONFIRMATION_OK"
16757,10410121880,10410121923,1,"IOTHUB_CLIENT_CONFIRMATION_OK"
16758,10410122080,10410122125,1,"IOTHUB_CLIENT_CONFIRMATION_OK"
16759,10410122280,10410122507,1,"IOTHUB_CLIENT_CONFIRMATION_OK"
16760,10410122480,10410122544,1,"IOTHUB_CLIENT_CONFIRMATION_OK"
16761,10410122680,10410122731,1,"IOTHUB_CLIENT_CONFIRMATION_OK"
16762,10410122880,10410122926,1,"IOTHUB_CLIENT_CONFIRMATION_OK"
16763,10410123080,10410123120,1,"IOTHUB_CLIENT_CONFIRMATION_OK"
16764,10410123281,10410123323,1,"IOTHUB_CLIENT_CONFIRMATION_OK"
16765,10410123481,10410123525,1,"IOTHUB_CLIENT_CONFIRMATION_OK"
16766,10410123681,10410123715,1,"IOTHUB_CLIENT_CONFIRMATION_OK"
16767,10410123881,10410123922,1,"IOTHUB_CLIENT_CONFIRMATION_OK"
16768,10410124081,10410124122,1,"IOTHUB_CLIENT_CONFIRMATION_OK"
16769,10410124281,10410124334,1,"IOTHUB_CLIENT_CONFIRMATION_OK"
16770,10410124482,10410124526,1,"IOTHUB_CLIENT_CONFIRMATION_OK"
16771,10410124682,10410124740,1,"IOTHUB_CLIENT_CONFIRMATION_OK"
16772,10410124882,10410124926,1,"IOTHUB_CLIENT_CONFIRMATION_OK"
16773,10410125082,10410125152,1,"IOTHUB_CLIENT_CONFIRMATION_OK"
16774,10410125282,10410125329,1,"IOTHUB_CLIENT_CONFIRMATION_OK"
16775,10410125482,10410125545,1,"IOTHUB_CLIENT_CONFIRMATION_OK"
16776,10410125683,10410125748,1,"IOTHUB_CLIENT_CONFIRMATION_OK"
16777,10410125883,10410125950,1,"IOTHUB_CLIENT_CONFIRMATION_OK"
16778,10410126083,10410126153,1,"IOTHUB_CLIENT_CONFIRMATION_OK"
16779,10410126283,10410126390,1,"IOTHUB_CLIENT_CONFIRMATION_OK"
16780,10410126483,10410126561,1,"IOTHUB_CLIENT_CONFIRMATION_OK"
16781,10410126683,10410126737,1,"IOTHUB_CLIENT_CONFIRMATION_OK"
16782,10410126883,10410126931,1,"IOTHUB_CLIENT_CONFIRMATION_OK"
16783,10410127084,10410127130,1,"IOTHUB_CLIENT_CONFIRMATION_OK"
16784,10410127284,10410127338,1,"IOTHUB_CLIENT_CONFIRMATION_OK"
16785,10410127484,10410127545,1,"IOTHUB_CLIENT_CONFIRMATION_OK"
16786,10410127684,10410127736,1,"IOTHUB_CLIENT_CONFIRMATION_OK"
16787,10410127884,10410127972,1,"IOTHUB_CLIENT_CONFIRMATION_OK"
16788,10410128084,10410128127,1,"IOTHUB_CLIENT_CONFIRMATION_OK"
16789,10410128285,10410128333,1,"IOTHUB_CLIENT_CONFIRMATION_OK"
16790,10410128485,10410128598,1,"IOTHUB_CLIENT_CONFIRMATION_OK"
16791,10410128685,10410128732,1,"IOTHUB_CLIENT_CONFIRMATION_OK"
16792,10410128885,10410128940,1,"IOTHUB_CLIENT_CONFIRMATION_OK"
16793,10410129085,10410129253,1,"IOTHUB_CLIENT_CONFIRMATION_OK"
16794,10410129285,10410129327,1,"IOTHUB_CLIENT_CONFIRMATION_OK"
16795,10410129485,10410129526,1,"IOTHUB_CLIENT_CONFIRMATION_OK"
16796,10410129686,10410129727,1,"IOTHUB_CLIENT_CONFIRMATION_OK"
16797,10410129886,10410129929,1,"IOTHUB_CLIENT_CONFIRMATION_OK"
16798,10410130086,10410130151,1,"IOTHUB_CLIENT_CONFIRMATION_OK"
16799,10410130286,10410130339,1,"IOTHUB_CLIENT_CONFIRMATION_OK"
16800,10410130486,10410130539,1,"IOTHUB_CLIENT_CONFIRMATION_OK"
16801,10410130686,10410130917,1,"IOTHUB_CLIENT_CONFIRMATION_OK"
16802,10410130886,10410130947,1,"IOTHUB_CLIENT_CONFIRMATION_OK"
16803,10410131087,10410131206,1,"IOTHUB_CLIENT_CONFIRMATION_OK"
16804,10410131287,10410131330,1,"IOTHUB_CLIENT_CONFIRMATION_OK"
16805,10410131487,10410131541,1,"IOTHUB_CLIENT_CONFIRMATION_OK"
16806,10410131687,10410131751,1,"IOTHUB_CLIENT_CONFIRMATION_OK"
16807,10410131887,10410131924,1,"IOTHUB_CLIENT_CONFIRMATION_OK"
16808,10410132087,10410132142,1,"IOTHUB_CLIENT_CONFIRMATION_OK"
16809,10410132288,10410132329,1,"IOTHUB_CLIENT_CONFIRMATION_OK"
16810,10410132488,10410132542,1,"IOTHUB_CLIENT_CONFIRMATION_OK"
16811,10410132688,10410132828,1,"IOTHUB_CLIENT_CONFIRMATION_OK"
16812,10410132888,10410132937,1,"IOTHUB_CLIENT_CONFIRMATION_OK"
16813,10410133088,10410133135,1,"IOTHUB_CLIENT_CONFIRMATION_OK"
16814,10410133288,10410133415,1,"IOTHUB_CLIENT_CONFIRMATION_OK"
16815,10410133489,10410133617,1,"IOTHUB_CLIENT_CONFIRMATION_OK"
16816,10410133689,10410133732,1,"IOTHUB_CLIENT_CONFIRMATION_OK"
16817,10410133889,10410133924,1,"IOTHUB_CLIENT_CONFIRMATION_OK"
16818,10410134089,10410134263,1,"IOTHUB_CLIENT_CONFIRMATION_OK"
16819,10410134289,10410134325,1,"IOTHUB_CLIENT_CONFIRMATION_OK"
16820,10410134489,10410134538,1,"IOTHUB_CLIENT_CONFIRMATION_OK"
16821,10410134689,10410134736,1,"IOTHUB_CLIENT_CONFIRMATION_OK"
16822,10410134890,10410134934,1,"IOTHUB_CLIENT_CONFIRMATION_OK"
16823,10410135090,10410135135,1,"IOTHUB_CLIENT_CONFIRMATION_OK"
16824,10410135290,10410135378,1,"IOTHUB_CLIENT_CONFIRMATION_OK"
16825,10410135490,10410135535,1,"IOTHUB_CLIENT_CONFIRMATION_OK"
16826,10410135690,10410135739,1,"IOTHUB_CLIENT_CONFIRMATION_OK"
16827,10410135890,10410135932,1,"IOTHUB_CLIENT_CONFIRMATION_OK"
16828,10410136091,10410136152,1,"IOTHUB_CLIENT_CONFIRMATION_OK"
16829,10410136291,10410136556,1,"IOTHUB_CLIENT_CONFIRMATION_OK"
16830,10410136491,10410136584,1,"IOTHUB_CLIENT_CONFIRMATION_OK"
16831,10410136691,10410136769,1,"IOTHUB_CLIENT_CONFIRMATION_OK"
16832,10410136891,10410136951,1,"IOTHUB_CLIENT_CONFIRMATION_OK"
16833,10410137091,10410137139,1,"IOTHUB_CLIENT_CONFIRMATION_OK"
16834,10410137292,10410137338,1,"IOTHUB_CLIENT_CONFIRMATION_OK"
16835,10410137492,10410137537,1,"IOTHUB_CLIENT_CONFIRMATION_OK"
16836,10410137692,10410137811,1,"IOTHUB_CLIENT_CONFIRMATION_OK"
16837,10410137892,10410137943,1,"IOTHUB_CLIENT_CONFIRMATION_OK"
16838,10410138092,10410138241,1,"IOTHUB_CLIENT_CONFIRMATION_OK"
16839,10410138292,10410138351,1,"IOTHUB_CLIENT_CONFIRMATION_OK"
16840,10410138493,10410138530,1,"IOTHUB_CLIENT_CONFIRMATION_OK"
16841,10410138693,10410138765,1,"IOTHUB_CLIENT_CONFIRMATION_OK"
16842,10410138893,10410138947,1,"IOTHUB_CLIENT_CONFIRMATION_OK"
16843,10410139093,10410139136,1,"IOTHUB_CLIENT_CONFIRMATION_OK"
16844,10410139293,10410139335,1,"IOTHUB_CLIENT_CONFIRMATION_OK"
16845,10410139493,10410139546,1,"IOTHUB_CLIENT_CONFIRMATION_OK"
16846,10410139694,10410139746,1,"IOTHUB_CLIENT_CONFIRMATION_OK"
16847,10410139894,10410139943,1,"IOTHUB_CLIENT_CONFIRMATION_OK"
16848,10410140094,10410140141,1,"IOTHUB_CLIENT_CONFIRMATION_OK"
16849,10410140294,10410140368,1,"IOTHUB_CLIENT_CONFIRMATION_OK"
16850,10410140494,10410140538,1,"IOTHUB_CLIENT_CONFIRMATION_OK"
16851,10410140694,10410140731,1,"IOTHUB_CLIENT_CONFIRMATION_OK"
16852,10410140894,10410140968,1,"IOTHUB_CLIENT_CONFIRMATION_OK"
16853,10410141095,10410141136,1,"IOTHUB_CLIENT_CONFIRMATION_OK"
16854,10410141295,10410141371,1,"IOTHUB_CLIENT_CONFIRMATION_OK"
16855,10410141495,10410141528,1,"IOTHUB_CLIENT_CONFIRMATION_OK"
16856,10410141695,10410141734,1,"IOTHUB_CLIENT_CONFIRMATION_OK"
16857,10410141895,10410141985,1,"IOTHUB_CLIENT_CONFIRMATION_OK"
16858,10410142095,10410142149,1,"IOTHUB_CLIENT_CONFIRMATION_OK"
16859,10410142296,10410142338,1,"IOTHUB_CLIENT_CONFIRMATION_OK"
16860,10410142496,10410142621,1,"IOTHUB_CLIENT_CONFIRMATION_OK"
16861,10410142696,10410142800,1,"IOTHUB_CLIENT_CONFIRMATION_OK"
16862,10410142896,10410142937,1,"IOTHUB_CLIENT_CONFIRMATION_OK"
16863,10410143096,10410143213,1,"IOTHUB_CLIENT_CONFIRMATION_OK"
16864,10410143296,10410143342,1,"IOTHUB_CLIENT_CONFIRMATION_OK"
16865,10410143497,10410143590,1,"IOTHUB_CLIENT_CONFIRMATION_OK"
16866,10410143697,10410143739,1,"IOTHUB_CLIENT_CONFIRMATION_OK"
16867,10410143897,10410143938,1,"IOTHUB_CLIENT_CONFIRMATION_OK"
16868,10410144097,10410144143,1,"IOTHUB_CLIENT_CONFIRMATION_OK"
16869,10410144297,10410144344,1,"IOTHUB_CLIENT_CONFIRMATION_OK"
16870,10410144497,10410144583,1,"IOTHUB_CLIENT_CONFIRMATION_OK"
16871,10410144697,10410144822,1,"IOTHUB_CLIENT_CONFIRMATION_OK"
16872,10410144898,10410144961,1,"IOTHUB_CLIENT_CONFIRMATION_OK"
16873,10410145098,10410145130,1,"IOTHUB_CLIENT_CONFIRMATION_OK"
16874,10410145298,10410145437,1,"IOTHUB_CLIENT_CONFIRMATION_OK"
16875,10410145498,10410145539,1,"IOTHUB_CLIENT_CONFIRMATION_OK"
16876,10410145698,10410145746,1,"IOTHUB_CLIENT_CONFIRMATION_OK"
16877,10410145899,10410146052,1,"IOTHUB_CLIENT_CONFIRMATION_OK"
16878,10410146099,10410146145,1,"IOTHUB_CLIENT_CONFIRMATION_OK"
16879,10410146299,10410146340,1,"IOTHUB_CLIENT_CONFIRMATION_OK"
16880,10410146499,10410146538,1,"IOTHUB_CLIENT_CONFIRMATION_OK"
16881,10410146699,10410146744,1,"IOTHUB_CLIENT_CONFIRMATION_OK"
16882,10410146899,10410146955,1,"IOTHUB_CLIENT_CONFIRMATION_OK"
16883,10410147099,10410147137,1,"IOTHUB_CLIENT_CONFIRMATION_OK"
16884,10410147300,10410147341,1,"IOTHUB_CLIENT_CONFIRMATION_OK"
16885,10410147500,10410147548,1,"IOTHUB_CLIENT_CONFIRMATION_OK"
16886,10410147700,10410147742,1,"IOTHUB_CLIENT_CONFIRMATION_OK"
16887,10410147900,10410147967,1,"IOTHUB_CLIENT_CONFIRMATION_OK"
16888,10410148100,10410148149,1,"IOTHUB_CLIENT_CONFIRMATION_OK"
16889,10410148300,10410148344,1,"IOTHUB_CLIENT_CONFIRMATION_OK"
16890,10410148501,10410148545,1,"IOTHUB_CLIENT_CONFIRMATION_OK"
16891,10410148701,10410148763,1,"IOTHUB_CLIENT_CONFIRMATION_OK"
16892,10410148901,10410148941,1,"IOTHUB_CLIENT_CONFIRMATION_OK"
16893,10410149101,10410149138,1,"IOTHUB_CLIENT_CONFIRMATION_OK"
16894,10410149301,10410149444,1,"IOTHUB_CLIENT_CONFIRMATION_OK"
16895,10410149501,10410149551,1,"IOTHUB_CLIENT_CONFIRMATION_OK"
16896,10410149701,10410149753,1,"IOTHUB_CLIENT_CONFIRMATION_OK"
16897,10410149902,10410149958,1,"IOTHUB_CLIENT_CONFIRMATION_OK"
16898,10410150102,10410150148,1,"IOTHUB_CLIENT_CONFIRMATION_OK"
16899,10410150302,10410150394,1,"IOTHUB_CLIENT_CONFIRMATION_OK"
16900,10410150502,10410150555,1,"IOTHUB_CLIENT_CONFIRMATION_OK"
16901,10410150702,10410150748,1,"IOTHUB_CLIENT_CONFIRMATION_OK"
16902,10410150902,10410151000,1,"IOTHUB_CLIENT_CONFIRMATION_OK"
16903,10410151103,10410151154,1,"IOTHUB_CLIENT_CONFIRMATION_OK"
16904,10410151303,10410151340,1,"IOTHUB_CLIENT_CONFIRMATION_OK"
16905,10410151503,10410151690,1,"IOTHUB_CLIENT_CONFIRMATION_OK"
16906,10410151703,10410151737,1,"IOTHUB_CLIENT_CONFIRMATION_OK"
16907,10410151903,10410151961,1,"IOTHUB_CLIENT_CONFIRMATION_OK"
16908,10410152103,10410152158,1,"IOTHUB_CLIENT_CONFIRMATION_OK"
16909,10410152304,10410152344,1,"IOTHUB_CLIENT_CONFIRMATION_OK"
16910,10410152504,10410152544,1,"IOTHUB_CLIENT_CONFIRMATION_OK"
16911,10410152704,10410152767,1,"IOTHUB_CLIENT_CONFIRMATION_OK"
16912,10410152904,10410152939,1,"IOTHUB_CLIENT_CONFIRMATION_OK"
16913,10410153104,10410153300,1,"IOTHUB_CLIENT_CONFIRMATION_OK"
16914,10410153304,10410153345,1,"IOTHUB_CLIENT_CONFIRMATION_OK"
16915,10410153504,10410153549,1,"IOTHUB_CLIENT_CONFIRMATION_OK"
16916,10410153705,10410153749,1,"IOTHUB_CLIENT_CONFIRMATION_OK"
16917,10410153905,10410153954,1,"IOTHUB_CLIENT_CONFIRMATION_OK"
16918,10410154105,10410154149,1,"IOTHUB_CLIENT_CONFIRMATION_OK"
16919,10410154305,10410154342,1,"IOTHUB_CLIENT_CONFIRMATION_OK"
16920,10410154505,10410154551,1,"IOTHUB_CLIENT_CONFIRMATION_OK"
16921,10410154705,10410154773,1,"IOTHUB_CLIENT_CONFIRMATION_OK"
16922,10410154906,10410154955,1,"IOTHUB_CLIENT_CONFIRMATION_OK"
16923,10410155106,10410155148,1,"IOTHUB_CLIENT_CONFIRMATION_OK"
16924,10410155306,10410155349,1,"IOTHUB_CLIENT_CONFIRMATION_OK"
16925,10410155506,10410155555,1,"IOTHUB_CLIENT_CONFIRMATION_OK"
16926,10410155706,10410155756,1,"IOTHUB_CLIENT_CONFIRMATION_OK"
16927,10410155906,10410156000,1,"IOTHUB_CLIENT_CONFIRMATION_OK"
16928,10410156107,10410156247,1,"IOTHUB_CLIENT_CONFIRMATION_OK"
16929,10410156307,10410156375,1,"IOTHUB_CLIENT_CONFIRMATION_OK"
16930,10410156507,10410156646,1,"IOTHUB_CLIENT_CONFIRMATION_OK"
16931,10410156707,10410156747,1,"IOTHUB_CLIENT_CONFIRMATION_OK"
16932,10410156907,10410156948,1,"IOTHUB_CLIENT_CONFIRMATION_OK"
16933,10410157107,10410157256,1,"IOTHUB_CLIENT_CONFIRMATION_OK"
16934,10410157308,10410157347,1,"IOTHUB_CLIENT_CONFIRMATION_OK"
16935,10410157508,10410157549,1,"IOTHUB_CLIENT_CONFIRMATION_OK"
16936,10410157708,10410157766,1,"IOTHUB_CLIENT_CONFIRMATION_OK"
16937,10410157908,10410157951,1,"IOTHUB_CLIENT_CONFIRMATION_OK"
16938,10410158108,10410158153,1,"IOTHUB_CLIENT_CONFIRMATION_OK"
16939,10410158308,10410158349,1,"IOTHUB_CLIENT_CONFIRMATION_OK"
16940,10410158508,10410158545,1,"IOTHUB_CLIENT_CONFIRMATION_OK"
16941,10410158709,10410158768,1,"IOTHUB_CLIENT_CONFIRMATION_OK"
16942,10410158909,10410158956,1,"IOTHUB_CLIENT_CONFIRMATION_OK"
16943,10410159109,10410159158,1,"IOTHUB_CLIENT_CONFIRMATION_OK"
16944,10410159309,10410159516,1,"IOTHUB_CLIENT_CONFIRMATION_OK"
16945,10410159509,10410159550,1,"IOTHUB_CLIENT_CONFIRMATION_OK"
16946,10410159709,10410159745,1,"IOTHUB_CLIENT_CONFIRMATION_OK"
16947,10410159910,10410159947,1,"IOTHUB_CLIENT_CONFIRMATION_OK"
16948,10410160110,10410160146,1,"IOTHUB_CLIENT_CONFIRMATION_OK"
16949,10410160310,10410160360,1,"IOTHUB_CLIENT_CONFIRMATION_OK"
16950,10410160510,10410160557,1,"IOTHUB_CLIENT_CONFIRMATION_OK"
16951,10410160710,10410160757,1,"IOTHUB_CLIENT_CONFIRMATION_OK"
16952,10410160910,10410160991,1,"IOTHUB_CLIENT_CONFIRMATION_OK"
16953,10410161111,10410161145,1,"IOTHUB_CLIENT_CONFIRMATION_OK"
16954,10410161311,10410161442,1,"IOTHUB_CLIENT_CONFIRMATION_OK"
16955,10410161511,10410161544,1,"IOTHUB_CLIENT_CONFIRMATION_OK"
16956,10410161711,10410161775,1,"IOTHUB_CLIENT_CONFIRMATION_OK"
16957,10410161911,10410161960,1,"IOTHUB_CLIENT_CONFIRMATION_OK"
16958,10410162111,10410162164,1,"IOTHUB_CLIENT_CONFIRMATION_OK"
16959,10410162311,10410162369,1,"IOTHUB_CLIENT_CONFIRMATION_OK"
16960,10410162512,10410162555,1,"IOTHUB_CLIENT_CONFIRMATION_OK"
16961,10410162712,10410162774,1,"IOTHUB_CLIENT_CONFIRMATION_OK"
16962,10410162912,10410162946,1,"IOTHUB_CLIENT_CONFIRMATION_OK"
16963,10410163112,10410163150,1,"IOTHUB_CLIENT_CONFIRMATION_OK"
16964,10410163312,10410163365,1,"IOTHUB_CLIENT_CONFIRMATION_OK"
16965,10410163512,10410163557,1,"IOTHUB_CLIENT_CONFIRMATION_OK"
16966,10410163712,10410163754,1,"IOTHUB_CLIENT_CONFIRMATION_OK"
16967,10410163913,10410163956,1,"IOTHUB_CLIENT_CONFIRMATION_OK"
16968,10410164113,10410164149,1,"IOTHUB_CLIENT_CONFIRMATION_OK"
16969,10410164313,10410164353,1,"IOTHUB_CLIENT_CONFIRMATION_OK"
16970,10410164513,10410164588,1,"IOTHUB_CLIENT_CONFIRMATION_OK"
16971,10410164713,10410164827,1,"IOTHUB_CLIENT_CONFIRMATION_OK"
16972,10410164913,10410164999,1,"IOTHUB_CLIENT_CONFIRMATION_OK"
16973,10410165114,10410165182,1,"IOTHUB_CLIENT_CONFIRMATION_OK"
16974,10410165314,10410165361,1,"IOTHUB_CLIENT_CONFIRMATION_OK"
16975,10410165514,10410165577,1,"IOTHUB_CLIENT_CONFIRMATION_OK"
16976,10410165714,10410165761,1,"IOTHUB_CLIENT_CONFIRMATION_OK"
16977,10410165914,10410165970,1,"IOTHUB_CLIENT_CONFIRMATION_OK"
16978,10410166114,10410166192,1,"IOTHUB_CLIENT_CONFIRMATION_OK"
16979,10410166315,10410166392,1,"IOTHUB_CLIENT_CONFIRMATION_OK"
16980,10410166515,10410166552,1,"IOTHUB_CLIENT_CONFIRMATION_OK"
16981,10410166715,10410166853,1,"IOTHUB_CLIENT_CONFIRMATION_OK"
16982,10410166915,10410166951,1,"IOTHUB_CLIENT_CONFIRMATION_OK"
16983,10410167115,10410167216,1,"IOTHUB_CLIENT_CONFIRMATION_OK"
16984,10410167315,10410167364,1,"IOTHUB_CLIENT_CONFIRMATION_OK"
16985,10410167516,10410167568,1,"IOTHUB_CLIENT_CONFIRMATION_OK"
16986,10410167716,10410167834,1,"IOTHUB_CLIENT_CONFIRMATION_OK"
16987,10410167916,10410167957,1,"IOTHUB_CLIENT_CONFIRMATION_OK"
16988,10410168116,10410168154,1,"IOTHUB_CLIENT_CONFIRMATION_OK"
16989,10410168316,10410168443,1,"IOTHUB_CLIENT_CONFIRMATION_OK"
16990,10410168516,10410168572,1,"IOTHUB_CLIENT_CONFIRMATION_OK"
16991,10410168716,10410168762,1,"IOTHUB_CLIENT_CONFIRMATION_OK"
16992,10410168917,10410169057,1,"IOTHUB_CLIENT_CONFIRMATION_OK"
16993,10410169117,10410169182,1,"IOTHUB_CLIENT_CONFIRMATION_OK"
16994,10410169317,10410169350,1,"IOTHUB_CLIENT_CONFIRMATION_OK"
16995,10410169517,10410169614,1,"IOTHUB_CLIENT_CONFIRMATION_OK"
16996,10410169717,10410169821,1,"IOTHUB_CLIENT_CONFIRMATION_OK"
16997,10410169917,10410169956,1,"IOTHUB_CLIENT_CONFIRMATION_OK"
16998,10410170118,10410170157,1,"IOTHUB_CLIENT_CONFIRMATION_OK"
16999,10410170318,10410170363,1,"IOTHUB_CLIENT_CONFIRMATION_OK"
17000,10410170518,10410170715,1,"IOTHUB_CLIENT_CONFIRMATION_OK"
17001,10410170718,10410170771,1,"IOTHUB_CLIENT_CONFIRMATION_OK"
17002,10410170918,10410170959,1,"IOTHUB_CLIENT_CONFIRMATION_OK"
17003,10410171118,10410171305,1,"IOTHUB_CLIENT_CONFIRMATION_OK"
17004,10410171318,10410171365,1,"IOTHUB_CLIENT_CONFIRMATION_OK"
17005,10410171519,10410171569,1,"IOTHUB_CLIENT_CONFIRMATION_OK"
17006,10410171719,10410171761,1,"IOTHUB_CLIENT_CONFIRMATION_OK"
17007,10410171919,10410171954,1,"IOTHUB_CLIENT_CONFIRMATION_OK"
17008,10410172119,10410172162,1,"IOTHUB_CLIENT_CONFIRMATION_OK"
17009,10410172319,10410172357,1,"IOTHUB_CLIENT_CONFIRMATION_OK"
17010,10410172519,10410172562,1,"IOTHUB_CLIENT_CONFIRMATION_OK"
17011,10410172720,10410172761,1,"IOTHUB_CLIENT_CONFIRMATION_OK"
17012,10410172920,10410172957,1,"IOTHUB_CLIENT_CONFIRMATION_OK"
17013,10410173120,10410173158,1,"IOTHUB_CLIENT_CONFIRMATION_OK"
17014,10410173320,10410173550,1,"IOTHUB_CLIENT_CONFIRMATION_OK"
17015,10410173520,10410173572,1,"IOTHUB_CLIENT_CONFIRMATION_OK"
17016,10410173720,10410173779,1,"IOTHUB_CLIENT_CONFIRMATION_OK"
17017,10410173921,10410173964,1,"IOTHUB_CLIENT_CONFIRMATION_OK"
17018,10410174121,10410174161,1,"IOTHUB_CLIENT_CONFIRMATION_OK"
17019,10410174321,10410174373,1,"IOTHUB_CLIENT_CONFIRMATION_OK"
17020,10410174521,10410174614,1,"IOTHUB_CLIENT_CONFIRMATION_OK"
17021,10410174721,10410174781,1,"IOTHUB_CLIENT_CONFIRMATION_OK"
17022,10410174921,10410174986,1,"IOTHUB_CLIENT_CONFIRMATION_OK"
17023,10410175122,10410175158,1,"IOTHUB_CLIENT_CONFIRMATION_OK"
17024,10410175322,10410175370,1,"IOTHUB_CLIENT_CONFIRMATION_OK"
17025,10410175522,10410175558,1,"IOTHUB_CLIENT_CONFIRMATION_OK"
17026,10410175722,10410175765,1,"IOTHUB_CLIENT_CONFIRMATION_OK"
17027,10410175922,10410175981,1,"IOTHUB_CLIENT_CONFIRMATION_OK"
17028,10410176122,10410176276,1,"IOTHUB_CLIENT_CONFIRMATION_OK"
17029,10410176323,10410176368,1,"IOTHUB_CLIENT_CONFIRMATION_OK"
17030,10410176523,10410176587,1,"IOTHUB_CLIENT_CONFIRMATION_OK"
17031,10410176723,10410176878,1,"IOTHUB_CLIENT_CONFIRMATION_OK"
17032,10410176923,10410176960,1,"IOTHUB_CLIENT_CONFIRMATION_OK"
17033,10410177123,10410177161,1,"IOTHUB_CLIENT_CONFIRMATION_OK"
17034,10410177323,10410177367,1,"IOTHUB_CLIENT_CONFIRMATION_OK"
17035,10410177523,10410177565,1,"IOTHUB_CLIENT_CONFIRMATION_OK"
17036,10410177724,10410177760,1,"IOTHUB_CLIENT_CONFIRMATION_OK"
17037,10410177924,10410177971,1,"IOTHUB_CLIENT_CONFIRMATION_OK"
17038,10410178124,10410178170,1,"IOTHUB_CLIENT_CONFIRMATION_OK"
17039,10410178324,10410178374,1,"IOTHUB_CLIENT_CONFIRMATION_OK"
17040,10410178524,10410178560,1,"IOTHUB_CLIENT_CONFIRMATION_OK"
17041,10410178724,10410178783,1,"IOTHUB_CLIENT_CONFIRMATION_OK"
17042,10410178925,10410179005,1,"IOTHUB_CLIENT_CONFIRMATION_OK"
17043,10410179125,10410179165,1,"IOTHUB_CLIENT_CONFIRMATION_OK"
17044,10410179325,10410179374,1,"IOTHUB_CLIENT_CONFIRMATION_OK"
17045,10410179525,10410179613,1,"IOTHUB_CLIENT_CONFIRMATION_OK"
17046,10410179725,10410179771,1,"IOTHUB_CLIENT_CONFIRMATION_OK"
17047,10410179925,10410179967,1,"IOTHUB_CLIENT_CONFIRMATION_OK"
17048,10410180126,10410180188,1,"IOTHUB_CLIENT_CONFIRMATION_OK"
17049,10410180326,10410180369,1,"IOTHUB_CLIENT_CONFIRMATION_OK"
17050,10410180526,10410180565,1,"IOTHUB_CLIENT_CONFIRMATION_OK"
17051,10410180726,10410180807,1,"IOTHUB_CLIENT_CONFIRMATION_OK"
17052,10410180926,10410180975,1,"IOTHUB_CLIENT_CONFIRMATION_OK"
17053,10410181126,10410181176,1,"IOTHUB_CLIENT_CONFIRMATION_OK"
17054,10410181327,10410181368,1,"IOTHUB_CLIENT_CONFIRMATION_OK"
17055,10410181527,10410181565,1,"IOTHUB_CLIENT_CONFIRMATION_OK"
17056,10410181727,10410181820,1,"IOTHUB_CLIENT_CONFIRMATION_OK"
17057,10410181927,10410181980,1,"IOTHUB_CLIENT_CONFIRMATION_OK"
17058,10410182127,10410182166,1,"IOTHUB_CLIENT_CONFIRMATION_OK"
17059,10410182327,10410182469,1,"IOTHUB_CLIENT_CONFIRMATION_OK"
17060,10410182528,10410182632,1,"IOTHUB_CLIENT_CONFIRMATION_OK"
17061,10410182728,10410182790,1,"IOTHUB_CLIENT_CONFIRMATION_OK"
17062,10410182928,10410183049,1,"IOTHUB_CLIENT_CONFIRMATION_OK"
17063,10410183128,10410183189,1,"IOTHUB_CLIENT_CONFIRMATION_OK"
17064,10410183328,10410183364,1,"IOTHUB_CLIENT_CONFIRMATION_OK"
17065,10410183528,10410183651,1,"IOTHUB_CLIENT_CONFIRMATION_OK"
17066,10410183728,10410183779,1,"IOTHUB_CLIENT_CONFIRMATION_OK"
17067,10410183929,10410183976,1,"IOTHUB_CLIENT_CONFIRMATION_OK"
17068,10410184129,10410184167,1,"IOTHUB_CLIENT_CONFIRMATION_OK"
17069,10410184329,10410184370,1,"IOTHUB_CLIENT_CONFIRMATION_OK"
17070,10410184529,10410184771,1,"IOTHUB_CLIENT_CONFIRMATION_OK"
17071,10410184729,10410184797,1,"IOTHUB_CLIENT_CONFIRMATION_OK"
17072,10410184929,10410185034,1,"IOTHUB_CLIENT_CONFIRMATION_OK"
17073,10410185130,10410185203,1,"IOTHUB_CLIENT_CONFIRMATION_OK"
17074,10410185330,10410185372,1,"IOTHUB_CLIENT_CONFIRMATION_OK"
17075,10410185530,10410185571,1,"IOTHUB_CLIENT_CONFIRMATION_OK"
17076,10410185730,10410185783,1,"IOTHUB_CLIENT_CONFIRMATION_OK"
17077,10410185930,10410185982,1,"IOTHUB_CLIENT_CONFIRMATION_OK"
17078,10410186130,10410186203,1,"IOTHUB_CLIENT_CONFIRMATION_OK"
17079,10410186331,10410186406,1,"IOTHUB_CLIENT_CONFIRMATION_OK"
17080,10410186531,10410186583,1,"IOTHUB_CLIENT_CONFIRMATION_OK"
17081,10410186731,10410186787,1,"IOTHUB_CLIENT_CONFIRMATION_OK"
17082,10410186931,10410187039,1,"IOTHUB_CLIENT_CONFIRMATION_OK"
17083,10410187131,10410187189,1,"IOTHUB_CLIENT_CONFIRMATION_OK"
17084,10410187331,10410187388,1,"IOTHUB_CLIENT_CONFIRMATION_OK"
17085,10410187531,10410187574,1,"IOTHUB_CLIENT_CONFIRMATION_OK"
17086,10410187732,10410187833,1,"IOTHUB_CLIENT_CONFIRMATION_OK"
17087,10410187932,10410188026,1,"IOTHUB_CLIENT_CONFIRMATION_OK"
17088,10410188132,10410188177,1,"IOTHUB_CLIENT_CONFIRMATION_OK"
17089,10410188332,10410188376,1,"IOTHUB_CLIENT_CONFIRMATION_OK"
17090,10410188532,10410188651,1,"IOTHUB_CLIENT_CONFIRMATION_OK"
17091,10410188732,10410188769,1,"IOTHUB_CLIENT_CONFIRMATION_OK"
17092,10410188933,10410188988,1,"IOTHUB_CLIENT_CONFIRMATION_OK"
17093,10410189133,10410189263,1,"IOTHUB_CLIENT_CONFIRMATION_OK"
17094,10410189333,10410189383,1,"IOTHUB_CLIENT_CONFIRMATION_OK"
17095,10410189533,10410189592,1,"IOTHUB_CLIENT_CONFIRMATION_OK"
17096,10410189733,10410189776,1,"IOTHUB_CLIENT_CONFIRMATION_OK"
17097,10410189933,10410189994,1,"IOTHUB_CLIENT_CONFIRMATION_OK"
17098,10410190134,10410190179,1,"IOTHUB_CLIENT_CONFIRMATION_OK"
17099,10410190334,10410190428,1,"IOTHUB_CLIENT_CONFIRMATION_OK"
17100,10410190534,10410190574,1,"IOTHUB_CLIENT_CONFIRMATION_OK"
17101,10410190734,10410190901,1,"IOTHUB_CLIENT_CONFIRMATION_OK"
17102,10410190934,10410190970,1,"IOTHUB_CLIENT_CONFIRMATION_OK"
17103,10410191134,10410191170,1,"IOTHUB_CLIENT_CONFIRMATION_OK"
17104,10410191334,10410191399,1,"IOTHUB_CLIENT_CONFIRMATION_OK"
17105,10410191535,10410191578,1,"IOTHUB_CLIENT_CONFIRMATION_OK"
17106,10410191735,10410191808,1,"IOTHUB_CLIENT_CONFIRMATION_OK"
17107,10410191935,10410191994,1,"IOTHUB_CLIENT_CONFIRMATION_OK"
17108,10410192135,10410192183,1,"IOTHUB_CLIENT_CONFIRMATION_OK"
17109,10410192335,10410192371,1,"IOTHUB_CLIENT_CONFIRMATION_OK"
17110,10410192535,10410192651,1,"IOTHUB_CLIENT_CONFIRMATION_OK"
17111,10410192736,10410192772,1,"IOTHUB_CLIENT_CONFIRMATION_OK"
17112,10410192936,10410192980,1,"IOTHUB_CLIENT_CONFIRMATION_OK"
17113,10410193136,10410193181,1,"IOTHUB_CLIENT_CONFIRMATION_OK"
17114,10410193336,10410193385,1,"IOTHUB_CLIENT_CONFIRMATION_OK"
17115,10410193536,10410193754,1,"IOTHUB_CLIENT_CONFIRMATION_OK"
17116,10410193736,10410193778,1,"IOTHUB_CLIENT_CONFIRMATION_OK"
17117,10410193936,10410193975,1,"IOTHUB_CLIENT_CONFIRMATION_OK"
17118,10410194137,10410194180,1,"IOTHUB_CLIENT_CONFIRMATION_OK"
17119,10410194337,10410194374,1,"IOTHUB_CLIENT_CONFIRMATION_OK"
17120,10410194537,10410194574,1,"IOTHUB_CLIENT_CONFIRMATION_OK"
17121,10410194737,10410194781,1,"IOTHUB_CLIENT_CONFIRMATION_OK"
17122,10410194937,10410194999,1,"IOTHUB_CLIENT_CONFIRMATION_OK"
17123,10410195137,10410195175,1,"IOTHUB_CLIENT_CONFIRMATION_OK"
17124,10410195337,10410195389,1,"IOTHUB_CLIENT_CONFIRMATION_OK"
17125,10410195538,10410195657,1,"IOTHUB_CLIENT_CONFIRMATION_OK"
17126,10410195738,10410195816,1,"IOTHUB_CLIENT_CONFIRMATION_OK"
17127,10410195938,10410195979,1,"IOTHUB_CLIENT_CONFIRMATION_OK"
17128,10410196138,10410196175,1,"IOTHUB_CLIENT_CONFIRMATION_OK"
17129,10410196338,10410196423,1,"IOTHUB_CLIENT_CONFIRMATION_OK"
17130,10410196538,10410196578,1,"IOTHUB_CLIENT_CONFIRMATION_OK"
17131,10410196739,10410196777,1,"IOTHUB_CLIENT_CONFIRMATION_OK"
17132,10410196939,10410197021,1,"IOTHUB_CLIENT_CONFIRMATION_OK"
17133,10410197139,10410197196,1,"IOTHUB_CLIENT_CONFIRMATION_OK"
17134,10410197339,10410197395,1,"IOTHUB_CLIENT_CONFIRMATION_OK"
17135,10410197539,10410197649,1,"IOTHUB_CLIENT_CONFIRMATION_OK"
17136,10410197739,10410197776,1,"IOTHUB_CLIENT_CONFIRMATION_OK"
17137,10410197940,10410197978,1,"IOTHUB_CLIENT_CONFIRMATION_OK"
17138,10410198140,10410198185,1,"IOTHUB_CLIENT_CONFIRMATION_OK"
17139,10410198340,10410198376,1,"IOTHUB_CLIENT_CONFIRMATION_OK"
17140,10410198540,10410198582,1,"IOTHUB_CLIENT_CONFIRMATION_OK"
17141,10410198740,10410198803,1,"IOTHUB_CLIENT_CONFIRMATION_OK"
17142,10410198940,10410198998,1,"IOTHUB_CLIENT_CONFIRMATION_OK"
17143,10410199141,10410199279,1,"IOTHUB_CLIENT_CONFIRMATION_OK"
17144,10410199341,10410199382,1,"IOTHUB_CLIENT_CONFIRMATION_OK"
17145,10410199541,10410199594,1,"IOTHUB_CLIENT_CONFIRMATION_OK"
17146,10410199741,10410199889,1,"IOTHUB_CLIENT_CONFIRMATION_OK"
17147,10410199941,10410200008,1,"IOTHUB_CLIENT_CONFIRMATION_OK"
17148,10410200141,10410200182,1,"IOTHUB_CLIENT_CONFIRMATION_OK"
17149,10410200342,10410200378,1,"IOTHUB_CLIENT_CONFIRMATION_OK"
17150,10410200542,10410200578,1,"IOTHUB_CLIENT_CONFIRMATION_OK"
17151,10410200742,10410200784,1,"IOTHUB_CLIENT_CONFIRMATION_OK"
17152,10410200942,10410201005,1,"IOTHUB_CLIENT_CONFIRMATION_OK"
17153,10410201142,10410201220,1,"IOTHUB_CLIENT_CONFIRMATION_OK"
17154,10410201342,10410201405,1,"IOTHUB_CLIENT_CONFIRMATION_OK"
17155,10410201542,10410201595,1,"IOTHUB_CLIENT_CONFIRMATION_OK"
17156,10410201743,10410201792,1,"IOTHUB_CLIENT_CONFIRMATION_OK"
17157,10410201943,10410201986,1,"IOTHUB_CLIENT_CONFIRMATION_OK"
17158,10410202143,10410202183,1,"IOTHUB_CLIENT_CONFIRMATION_OK"
17159,10410202343,10410202391,1,"IOTHUB_CLIENT_CONFIRMATION_OK"
17160,10410202543,10410202591,1,"IOTHUB_CLIENT_CONFIRMATION_OK"
17161,10410202743,10410202784,1,"IOTHUB_CLIENT_CONFIRMATION_OK"
17162,10410202944,10410202988,1,"IOTHUB_CLIENT_CONFIRMATION_OK"
17163,10410203144,10410203198,1,"IOTHUB_CLIENT_CONFIRMATION_OK"
17164,10410203344,10410203392,1,"IOTHUB_CLIENT_CONFIRMATION_OK"
17165,10410203544,10410203588,1,"IOTHUB_CLIENT_CONFIRMATION_OK"
17166,10410203744,10410203839,1,"IOTHUB_CLIENT_CONFIRMATION_OK"
17167,10410203944,10410203987,1,"IOTHUB_CLIENT_CONFIRMATION_OK"
17168,10410204144,10410204188,1,"IOTHUB_CLIENT_CONFIRMATION_OK"
17169,10410204345,10410204470,1,"IOTHUB_CLIENT_CONFIRMATION_OK"
17170,10410204545,10410204579,1,"IOTHUB_CLIENT_CONFIRMATION_OK"
17171,10410204745,10410204878,1,"IOTHUB_CLIENT_CONFIRMATION_OK"
17172,10410204945,10410204999,1,"IOTHUB_CLIENT_CONFIRMATION_OK"
17173,10410205145,10410205192,1,"IOTHUB_CLIENT_CONFIRMATION_OK"
17174,10410205345,10410205504,1,"IOTHUB_CLIENT_CONFIRMATION_OK"
17175,10410205546,10410205594,1,"IOTHUB_CLIENT_CONFIRMATION_OK"
17176,10410205746,10410205793,1,"IOTHUB_CLIENT_CONFIRMATION_OK"
17177,10410205946,10410205992,1,"IOTHUB_CLIENT_CONFIRMATION_OK"
17178,10410206146,10410206184,1,"IOTHUB_CLIENT_CONFIRMATION_OK"
17179,10410206346,10410206390,1,"IOTHUB_CLIENT_CONFIRMATION_OK"
17180,10410206546,10410206679,1,"IOTHUB_CLIENT_CONFIRMATION_OK"
17181,10410206746,10410206790,1,"IOTHUB_CLIENT_CONFIRMATION_OK"
17182,10410206947,10410206984,1,"IOTHUB_CLIENT_CONFIRMATION_OK"
17183,10410207147,10410207193,1,"IOTHUB_CLIENT_CONFIRMATION_OK"
17184,10410207347,10410207389,1,"IOTHUB_CLIENT_CONFIRMATION_OK"
17185,10410207547,10410207771,1,"IOTHUB_CLIENT_CONFIRMATION_OK"
17186,10410207747,10410207802,1,"IOTHUB_CLIENT_CONFIRMATION_OK"
17187,10410207947,10410207986,1,"IOTHUB_CLIENT_CONFIRMATION_OK"
17188,10410208148,10410208441,1,"IOTHUB_CLIENT_CONFIRMATION_OK"
17189,10410208348,10410208465,1,"IOTHUB_CLIENT_CONFIRMATION_OK"
17190,10410208548,10410208591,1,"IOTHUB_CLIENT_CONFIRMATION_OK"
17191,10410208748,10410208850,1,"IOTHUB_CLIENT_CONFIRMATION_OK"
17192,10410208948,10410208990,1,"IOTHUB_CLIENT_CONFIRMATION_OK"
17193,10410209148,10410209185,1,"IOTHUB_CLIENT_CONFIRMATION_OK"
17194,10410209348,10410209394,1,"IOTHUB_CLIENT_CONFIRMATION_OK"
17195,10410209549,10410209581,1,"IOTHUB_CLIENT_CONFIRMATION_OK"
17196,10410209749,10410209793,1,"IOTHUB_CLIENT_CONFIRMATION_OK"
17197,10410209949,10410209993,1,"IOTHUB_CLIENT_CONFIRMATION_OK"
17198,10410210149,10410210191,1,"IOTHUB_CLIENT_CONFIRMATION_OK"
17199,10410210349,10410210472,1,"IOTHUB_CLIENT_CONFIRMATION_OK"
17200,10410210549,10410210601,1,"IOTHUB_CLIENT_CONFIRMATION_OK"
17201,10410210750,10410210801,1,"IOTHUB_CLIENT_CONFIRMATION_OK"
17202,10410210950,10410211080,1,"IOTHUB_CLIENT_CONFIRMATION_OK"
17203,10410211150,10410211211,1,"IOTHUB_CLIENT_CONFIRMATION_OK"
17204,10410211350,10410211420,1,"IOTHUB_CLIENT_CONFIRMATION_OK"
17205,10410211550,10410211713,1,"IOTHUB_CLIENT_CONFIRMATION_OK"
17206,10410211750,10410211786,1,"IOTHUB_CLIENT_CONFIRMATION_OK"
17207,10410211950,10410212048,1,"IOTHUB_CLIENT_CONFIRMATION_OK"
17208,10410212151,10410212196,1,"IOTHUB_CLIENT_CONFIRMATION_OK"
17209,10410212351,10410212414,1,"IOTHUB_CLIENT_CONFIRMATION_OK"
17210,10410212551,10410212590,1,"IOTHUB_CLIENT_CONFIRMATION_OK"
17211,10410212751,10410212795,1,"IOTHUB_CLIENT_CONFIRMATION_OK"
17212,10410212951,10410212994,1,"IOTHUB_CLIENT_CONFIRMATION_OK"
17213,10410213151,10410213216,1,"IOTHUB_CLIENT_CONFIRMATION_OK"
17214,10410213352,10410213432,1,"IOTHUB_CLIENT_CONFIRMATION_OK"
17215,10410213552,10410213594,1,"IOTHUB_CLIENT_CONFIRMATION_OK"
17216,10410213752,10410213852,1,"IOTHUB_CLIENT_CONFIRMATION_OK"
17217,10410213952,10410213996,1,"IOTHUB_CLIENT_CONFIRMATION_OK"
17218,10410214152,10410214198,1,"IOTHUB_CLIENT_CONFIRMATION_OK"
17219,10410214352,10410214445,1,"IOTHUB_CLIENT_CONFIRMATION_OK"
17220,10410214552,10410214594,1,"IOTHUB_CLIENT_CONFIRMATION_OK"
17221,10410214753,10410214797,1,"IOTHUB_CLIENT_CONFIRMATION_OK"
17222,10410214953,10410215056,1,"IOTHUB_CLIENT_CONFIRMATION_OK"
17223,10410215153,10410215196,1,"IOTHUB_CLIENT_CONFIRMATION_OK"
17224,10410215353,10410215428,1,"IOTHUB_CLIENT_CONFIRMATION_OK"
17225,10410215553,10410215592,1,"IOTHUB_CLIENT_CONFIRMATION_OK"
17226,10410215753,10410215824,1,"IOTHUB_CLIENT_CONFIRMATION_OK"
17227,10410215954,10410216064,1,"IOTHUB_CLIENT_CONFIRMATION_OK"
17228,10410216154,10410216198,1,"IOTHUB_CLIENT_CONFIRMATION_OK"
17229,10410216354,10410216391,1,"IOTHUB_CLIENT_CONFIRMATION_OK"
17230,10410216554,10410216676,1,"IOTHUB_CLIENT_CONFIRMATION_OK"
17231,10410216754,10410216799,1,"IOTHUB_CLIENT_CONFIRMATION_OK"
17232,10410216954,10410216994,1,"IOTHUB_CLIENT_CONFIRMATION_OK"
17233,10410217154,10410217302,1,"IOTHUB_CLIENT_CONFIRMATION_OK"
17234,10410217355,10410217426,1,"IOTHUB_CLIENT_CONFIRMATION_OK"
17235,10410217555,10410217591,1,"IOTHUB_CLIENT_CONFIRMATION_OK"
17236,10410217755,10410217789,1,"IOTHUB_CLIENT_CONFIRMATION_OK"
17237,10410217955,10410217996,1,"IOTHUB_CLIENT_CONFIRMATION_OK"
17238,10410218155,10410218202,1,"IOTHUB_CLIENT_CONFIRMATION_OK"
17239,10410218355,10410218408,1,"IOTHUB_CLIENT_CONFIRMATION_OK"
17240,10410218556,10410218594,1,"IOTHUB_CLIENT_CONFIRMATION_OK"
17241,10410218756,10410218799,1,"IOTHUB_CLIENT_CONFIRMATION_OK"
17242,10410218956,10410219002,1,"IOTHUB_CLIENT_CONFIRMATION_OK"
17243,10410219156,10410219228,1,"IOTHUB_CLIENT_CONFIRMATION_OK"
17244,10410219356,10410219593,1,"IOTHUB_CLIENT_CONFIRMATION_OK"
17245,10410219556,10410219612,1,"IOTHUB_CLIENT_CONFIRMATION_OK"
17246,10410219756,10410219808,1,"IOTHUB_CLIENT_CONFIRMATION_OK"
17247,10410219957,10410219994,1,"IOTHUB_CLIENT_CONFIRMATION_OK"
17248,10410220157,10410220216,1,"IOTHUB_CLIENT_CONFIRMATION_OK"
17249,10410220357,10410220424,1,"IOTHUB_CLIENT_CONFIRMATION_OK"
17250,10410220557,10410220622,1,"IOTHUB_CLIENT_CONFIRMATION_OK"
17251,10410220757,10410220802,1,"IOTHUB_CLIENT_CONFIRMATION_OK"
17252,10410220957,10410221002,1,"IOTHUB_CLIENT_CONFIRMATION_OK"
17253,10410221158,10410221225,1,"IOTHUB_CLIENT_CONFIRMATION_OK"
17254,10410221358,10410221430,1,"IOTHUB_CLIENT_CONFIRMATION_OK"
17255,10410221558,10410221596,1,"IOTHUB_CLIENT_CONFIRMATION_OK"
17256,10410221758,10410221800,1,"IOTHUB_CLIENT_CONFIRMATION_OK"
17257,10410221958,10410221995,1,"IOTHUB_CLIENT_CONFIRMATION_OK"
17258,10410222158,10410222229,1,"IOTHUB_CLIENT_CONFIRMATION_OK"
17259,10410222359,10410222406,1,"IOTHUB_CLIENT_CONFIRMATION_OK"
17260,10410222559,10410222608,1,"IOTHUB_CLIENT_CONFIRMATION_OK"
17261,10410222759,10410222838,1,"IOTHUB_CLIENT_CONFIRMATION_OK"
17262,10410222959,10410223000,1,"IOTHUB_CLIENT_CONFIRMATION_OK"
17263,10410223159,10410223197,1,"IOTHUB_CLIENT_CONFIRMATION_OK"
17264,10410223359,10410223513,1,"IOTHUB_CLIENT_CONFIRMATION_OK"
17265,10410223559,10410223613,1,"IOTHUB_CLIENT_CONFIRMATION_OK"
17266,10410223760,10410223802,1,"IOTHUB_CLIENT_CONFIRMATION_OK"
17267,10410223960,10410223997,1,"IOTHUB_CLIENT_CONFIRMATION_OK"
17268,10410224160,10410224207,1,"IOTHUB_CLIENT_CONFIRMATION_OK"
17269,10410224360,10410224410,1,"IOTHUB_CLIENT_CONFIRMATION_OK"
17270,10410224560,10410224604,1,"IOTHUB_CLIENT_CONFIRMATION_OK"
17271,10410224760,10410224805,1,"IOTHUB_CLIENT_CONFIRMATION_OK"
17272,10410224960,10410225145,1,"IOTHUB_CLIENT_CONFIRMATION_OK"
17273,10410225161,10410225195,1,"IOTHUB_CLIENT_CONFIRMATION_OK"
17274,10410225361,10410225399,1,"IOTHUB_CLIENT_CONFIRMATION_OK"
17275,10410225561,10410225600,1,"IOTHUB_CLIENT_CONFIRMATION_OK"
17276,10410225761,10410225822,1,"IOTHUB_CLIENT_CONFIRMATION_OK"
17277,10410225961,10410226008,1,"IOTHUB_CLIENT_CONFIRMATION_OK"
17278,10410226161,10410226241,1,"IOTHUB_CLIENT_CONFIRMATION_OK"
17279,10410226362,10410226402,1,"IOTHUB_CLIENT_CONFIRMATION_OK"
17280,10410226562,10410226609,1,"IOTHUB_CLIENT_CONFIRMATION_OK"
17281,10410226762,10410226816,1,"IOTHUB_CLIENT_CONFIRMATION_OK"
17282,10410226962,10410227007,1,"IOTHUB_CLIENT_CONFIRMATION_OK"
17283,10410227162,10410227208,1,"IOTHUB_CLIENT_CONFIRMATION_OK"
17284,10410227362,10410227417,1,"IOTHUB_CLIENT_CONFIRMATION_OK"
17285,10410227562,10410227606,1,"IOTHUB_CLIENT_CONFIRMATION_OK"
17286,10410227763,10410227817,1,"IOTHUB_CLIENT_CONFIRMATION_OK"
17287,10410227963,10410228000,1,"IOTHUB_CLIENT_CONFIRMATION_OK"
17288,10410228163,10410228262,1,"IOTHUB_CLIENT_CONFIRMATION_OK"
17289,10410228363,10410228432,1,"IOTHUB_CLIENT_CONFIRMATION_OK"
17290,10410228563,10410228611,1,"IOTHUB_CLIENT_CONFIRMATION_OK"
17291,10410228763,10410228805,1,"IOTHUB_CLIENT_CONFIRMATION_OK"
17292,10410228964,10410229253,1,"IOTHUB_CLIENT_CONFIRMATION_OK"
17293,10410229164,10410229310,1,"IOTHUB_CLIENT_CONFIRMATION_OK"
17294,10410229364,10410229415,1,"IOTHUB_CLIENT_CONFIRMATION_OK"
17295,10410229564,10410229751,1,"IOTHUB_CLIENT_CONFIRMATION_OK"
17296,10410229764,10410229804,1,"IOTHUB_CLIENT_CONFIRMATION_OK"
17297,10410229964,10410230011,1,"IOTHUB_CLIENT_CONFIRMATION_OK"
17298,10410230165,10410230208,1,"IOTHUB_CLIENT_CONFIRMATION_OK"
17299,10410230365,10410230424,1,"IOTHUB_CLIENT_CONFIRMATION_OK"
17300,10410230565,10410230692,1,"IOTHUB_CLIENT_CONFIRMATION_OK"
17301,10410230765,10410230822,1,"IOTHUB_CLIENT_CONFIRMATION_OK"
17302,10410230965,10410231008,1,"IOTHUB_CLIENT_CONFIRMATION_OK"
17303,10410231165,10410231285,1,"IOTHUB_CLIENT_CONFIRMATION_OK"
17304,10410231366,10410231407,1,"IOTHUB_CLIENT_CONFIRMATION_OK"
17305,10410231566,10410231600,1,"IOTHUB_CLIENT_CONFIRMATION_OK"
17306,10410231766,10410231921,1,"IOTHUB_CLIENT_CONFIRMATION_OK"
17307,10410231966,10410232012,1,"IOTHUB_CLIENT_CONFIRMATION_OK"
17308,10410232166,10410232217,1,"IOTHUB_CLIENT_CONFIRMATION_OK"
17309,10410232366,10410232404,1,"IOTHUB_CLIENT_CONFIRMATION_OK"
17310,10410232566,10410232623,1,"IOTHUB_CLIENT_CONFIRMATION_OK"
17311,10410232767,10410232804,1,"IOTHUB_CLIENT_CONFIRMATION_OK"
17312,10410232967,10410233009,1,"IOTHUB_CLIENT_CONFIRMATION_OK"
17313,10410233167,10410233211,1,"IOTHUB_CLIENT_CONFIRMATION_OK"
17314,10410233367,10410233663,1,"IOTHUB_CLIENT_CONFIRMATION_OK"
17315,10410233567,10410233696,1,"IOTHUB_CLIENT_CONFIRMATION_OK"
17316,10410233767,10410233821,1,"IOTHUB_CLIENT_CONFIRMATION_OK"
17317,10410233968,10410234051,1,"IOTHUB_CLIENT_CONFIRMATION_OK"
17318,10410234168,10410234219,1,"IOTHUB_CLIENT_CONFIRMATION_OK"
17319,10410234368,10410234441,1,"IOTHUB_CLIENT_CONFIRMATION_OK"
17320,10410234568,10410234668,1,"IOTHUB_CLIENT_CONFIRMATION_OK"
17321,10410234768,10410234996,1,"IOTHUB_CLIENT_CONFIRMATION_OK"
17322,10410234968,10410235027,1,"IOTHUB_CLIENT_CONFIRMATION_OK"
17323,10410235169,10410235217,1,"IOTHUB_CLIENT_CONFIRMATION_OK"
17324,10410235369,10410235409,1,"IOTHUB_CLIENT_CONFIRMATION_OK"
17325,10410235569,10410235629,1,"IOTHUB_CLIENT_CONFIRMATION_OK"
17326,10410235769,10410235811,1,"IOTHUB_CLIENT_CONFIRMATION_OK"
17327,10410235969,10410236042,1,"IOTHUB_CLIENT_CONFIRMATION_OK"
17328,10410236169,10410236395,1,"IOTHUB_CLIENT_CONFIRMATION_OK"
17329,10410236370,10410236417,1,"IOTHUB_CLIENT_CONFIRMATION_OK"
17330,10410236570,10410236617,1,"IOTHUB_CLIENT_CONFIRMATION_OK"
17331,10410236770,10410236811,1,"IOTHUB_CLIENT_CONFIRMATION_OK"
17332,10410236970,10410237027,1,"IOTHUB_CLIENT_CONFIRMATION_OK"
17333,10410237170,10410237210,1,"IOTHUB_CLIENT_CONFIRMATION_OK"
17334,10410237370,10410237431,1,"IOTHUB_CLIENT_CONFIRMATION_OK"
17335,10410237571,10410237619,1,"IOTHUB_CLIENT_CONFIRMATION_OK"
17336,10410237771,10410237832,1,"IOTHUB_CLIENT_CONFIRMATION_OK"
17337,10410237971,10410238025,1,"IOTHUB_CLIENT_CONFIRMATION_OK"
17338,10410238171,10410238224,1,"IOTHUB_CLIENT_CONFIRMATION_OK"
17339,10410238371,10410238419,1,"IOTHUB_CLIENT_CONFIRMATION_OK"
17340,10410238571,10410238613,1,"IOTHUB_CLIENT_CONFIRMATION_OK"
17341,10410238771,10410238809,1,"IOTHUB_CLIENT_CONFIRMATION_OK"
17342,10410238972,10410239047,1,"IOTHUB_CLIENT_CONFIRMATION_OK"
17343,10410239172,10410239217,1,"IOTHUB_CLIENT_CONFIRMATION_OK"
17344,10410239372,10410239409,1,"IOTHUB_CLIENT_CONFIRMATION_OK"
17345,10410239572,10410239678,1,"IOTHUB_CLIENT_CONFIRMATION_OK"
17346,10410239772,10410239812,1,"IOTHUB_CLIENT_CONFIRMATION_OK"
17347,10410239972,10410240008,1,"IOTHUB_CLIENT_CONFIRMATION_OK"
17348,10410240172,10410240264,1,"IOTHUB_CLIENT_CONFIRMATION_OK"
17349,10410240373,10410240412,1,"IOTHUB_CLIENT_CONFIRMATION_OK"
17350,10410240573,10410240617,1,"IOTHUB_CLIENT_CONFIRMATION_OK"
17351,10410240773,10410240872,1,"IOTHUB_CLIENT_CONFIRMATION_OK"
17352,10410240973,10410241045,1,"IOTHUB_CLIENT_CONFIRMATION_OK"
17353,10410241173,10410241229,1,"IOTHUB_CLIENT_CONFIRMATION_OK"
17354,10410241373,10410241415,1,"IOTHUB_CLIENT_CONFIRMATION_OK"
17355,10410241574,10410241608,1,"IOTHUB_CLIENT_CONFIRMATION_OK"
17356,10410241774,10410241883,1,"IOTHUB_CLIENT_CONFIRMATION_OK"
17357,10410241974,10410242017,1,"IOTHUB_CLIENT_CONFIRMATION_OK"
17358,10410242174,10410242218,1,"IOTHUB_CLIENT_CONFIRMATION_OK"
17359,10410242374,10410242501,1,"IOTHUB_CLIENT_CONFIRMATION_OK"
17360,10410242574,10410242622,1,"IOTHUB_CLIENT_CONFIRMATION_OK"
17361,10410242775,10410242818,1,"IOTHUB_CLIENT_CONFIRMATION_OK"
17362,10410242975,10410243119,1,"IOTHUB_CLIENT_CONFIRMATION_OK"
17363,10410243175,10410243213,1,"IOTHUB_CLIENT_CONFIRMATION_OK"
17364,10410243375,10410243412,1,"IOTHUB_CLIENT_CONFIRMATION_OK"
17365,10410243575,10410243631,1,"IOTHUB_CLIENT_CONFIRMATION_OK"
17366,10410243775,10410243822,1,"IOTHUB_CLIENT_CONFIRMATION_OK"
17367,10410243976,10410244044,1,"IOTHUB_CLIENT_CONFIRMATION_OK"
17368,10410244176,10410244438,1,"IOTHUB_CLIENT_CONFIRMATION_OK"
17369,10410244376,10410244471,1,"IOTHUB_CLIENT_CONFIRMATION_OK"
17370,10410244576,10410244629,1,"IOTHUB_CLIENT_CONFIRMATION_OK"
17371,10410244776,10410244817,1,"IOTHUB_CLIENT_CONFIRMATION_OK"
17372,10410244976,10410245036,1,"IOTHUB_CLIENT_CONFIRMATION_OK"
17373,10410245177,10410245224,1,"IOTHUB_CLIENT_CONFIRMATION_OK"
17374,10410245377,10410245424,1,"IOTHUB_CLIENT_CONFIRMATION_OK"
17375,10410245577,10410245618,1,"IOTHUB_CLIENT_CONFIRMATION_OK"
17376,10410245777,10410245824,1,"IOTHUB_CLIENT_CONFIRMATION_OK"
17377,10410245977,10410246020,1,"IOTHUB_CLIENT_CONFIRMATION_OK"
17378,10410246177,10410246219,1,"IOTHUB_CLIENT_CONFIRMATION_OK"
17379,10410246378,10410246449,1,"IOTHUB_CLIENT_CONFIRMATION_OK"
17380,10410246578,10410246646,1,"IOTHUB_CLIENT_CONFIRMATION_OK"
17381,10410246778,10410246818,1,"IOTHUB_CLIENT_CONFIRMATION_OK"
17382,10410246978,10410247017,1,"IOTHUB_CLIENT_CONFIRMATION_OK"
17383,10410247178,10410247236,1,"IOTHUB_CLIENT_CONFIRMATION_OK"
17384,10410247378,10410247426,1,"IOTHUB_CLIENT_CONFIRMATION_OK"
17385,10410247578,10410247615,1,"IOTHUB_CLIENT_CONFIRMATION_OK"
17386,10410247779,10410247818,1,"IOTHUB_CLIENT_CONFIRMATION_OK"
17387,10410247979,10410248089,1,"IOTHUB_CLIENT_CONFIRMATION_OK"
17388,10410248179,10410248223,1,"IOTHUB_CLIENT_CONFIRMATION_OK"
17389,10410248379,10410248417,1,"IOTHUB_CLIENT_CONFIRMATION_OK"
17390,10410248579,10410248717,1,"IOTHUB_CLIENT_CONFIRMATION_OK"
17391,10410248779,10410248845,1,"IOTHUB_CLIENT_CONFIRMATION_OK"
17392,10410248980,10410249029,1,"IOTHUB_CLIENT_CONFIRMATION_OK"
17393,10410249180,10410249228,1,"IOTHUB_CLIENT_CONFIRMATION_OK"
17394,10410249380,10410249426,1,"IOTHUB_CLIENT_CONFIRMATION_OK"
17395,10410249580,10410249612,1,"IOTHUB_CLIENT_CONFIRMATION_OK"
17396,10410249780,10410249832,1,"IOTHUB_CLIENT_CONFIRMATION_OK"
17397,10410249980,10410250025,1,"IOTHUB_CLIENT_CONFIRMATION_OK"
17398,10410250181,10410250234,1,"IOTHUB_CLIENT_CONFIRMATION_OK"
17399,10410250381,10410250426,1,"IOTHUB_CLIENT_CONFIRMATION_OK"
17400,10410250581,10410250619,1,"IOTHUB_CLIENT_CONFIRMATION_OK"
17401,10410250781,10410250983,1,"IOTHUB_CLIENT_CONFIRMATION_OK"
17402,10410250981,10410251032,1,"IOTHUB_CLIENT_CONFIRMATION_OK"
17403,10410251181,10410251228,1,"IOTHUB_CLIENT_CONFIRMATION_OK"
17404,10410251381,10410251425,1,"IOTHUB_CLIENT_CONFIRMATION_OK"
17405,10410251582,10410251617,1,"IOTHUB_CLIENT_CONFIRMATION_OK"
17406,10410251782,10410251826,1,"IOTHUB_CLIENT_CONFIRMATION_OK"
17407,10410251982,10410252024,1,"IOTHUB_CLIENT_CONFIRMATION_OK"
17408,10410252182,10410252227,1,"IOTHUB_CLIENT_CONFIRMATION_OK"
17409,10410252382,10410252468,1,"IOTHUB_CLIENT_CONFIRMATION_OK"
17410,10410252582,10410252632,1,"IOTHUB_CLIENT_CONFIRMATION_OK"
17411,10410252783,10410252881,1,"IOTHUB_CLIENT_CONFIRMATION_OK"
17412,10410252983,10410253064,1,"IOTHUB_CLIENT_CONFIRMATION_OK"
17413,10410253183,10410253240,1,"IOTHUB_CLIENT_CONFIRMATION_OK"
17414,10410253383,10410253431,1,"IOTHUB_CLIENT_CONFIRMATION_OK"
17415,10410253583,10410253620,1,"IOTHUB_CLIENT_CONFIRMATION_OK"
17416,10410253783,10410253823,1,"IOTHUB_CLIENT_CONFIRMATION_OK"
17417,10410253984,10410254029,1,"IOTHUB_CLIENT_CONFIRMATION_OK"
17418,10410254184,10410254256,1,"IOTHUB_CLIENT_CONFIRMATION_OK"
17419,10410254384,10410254429,1,"IOTHUB_CLIENT_CONFIRMATION_OK"
17420,10410254584,10410254634,1,"IOTHUB_CLIENT_CONFIRMATION_OK"
17421,10410254784,10410254870,1,"IOTHUB_CLIENT_CONFIRMATION_OK"
17422,10410254984,10410255038,1,"IOTHUB_CLIENT_CONFIRMATION_OK"
17423,10410255184,10410255252,1,"IOTHUB_CLIENT_CONFIRMATION_OK"
17424,10410255385,10410255434,1,"IOTHUB_CLIENT_CONFIRMATION_OK"
17425,10410255585,10410255629,1,"IOTHUB_CLIENT_CONFIRMATION_OK"
17426,10410255785,10410255827,1,"IOTHUB_CLIENT_CONFIRMATION_OK"
17427,10410255985,10410256025,1,"IOTHUB_CLIENT_CONFIRMATION_OK"
17428,10410256185,10410256234,1,"IOTHUB_CLIENT_CONFIRMATION_OK"
17429,10410256385,10410256673,1,"IOTHUB_CLIENT_CONFIRMATION_OK"
17430,10410256586,10410256697,1,"IOTHUB_CLIENT_CONFIRMATION_OK"
17431,10410256786,10410256848,1,"IOTHUB_CLIENT_CONFIRMATION_OK"
17432,10410256986,10410257022,1,"IOTHUB_CLIENT_CONFIRMATION_OK"
17433,10410257186,10410257226,1,"IOTHUB_CLIENT_CONFIRMATION_OK"
17434,10410257386,10410257463,1,"IOTHUB_CLIENT_CONFIRMATION_OK"
17435,10410257586,10410257627,1,"IOTHUB_CLIENT_CONFIRMATION_OK"
17436,10410257787,10410257829,1,"IOTHUB_CLIENT_CONFIRMATION_OK"
17437,10410257987,10410258030,1,"IOTHUB_CLIENT_CONFIRMATION_OK"
17438,10410258187,10410258252,1,"IOTHUB_CLIENT_CONFIRMATION_OK"
17439,10410258387,10410258435,1,"IOTHUB_CLIENT_CONFIRMATION_OK"
17440,10410258587,10410258682,1,"IOTHUB_CLIENT_CONFIRMATION_OK"
17441,10410258787,10410258843,1,"IOTHUB_CLIENT_CONFIRMATION_OK"
17442,10410258988,10410259035,1,"IOTHUB_CLIENT_CONFIRMATION_OK"
17443,10410259188,10410259294,1,"IOTHUB_CLIENT_CONFIRMATION_OK"
17444,10410259388,10410259434,1,"IOTHUB_CLIENT_CONFIRMATION_OK"
17445,10410259588,10410259646,1,"IOTHUB_CLIENT_CONFIRMATION_OK"
17446,10410259788,10410259908,1,"IOTHUB_CLIENT_CONFIRMATION_OK"
17447,10410259988,10410260028,1,"IOTHUB_CLIENT_CONFIRMATION_OK"
17448,10410260188,10410260250,1,"IOTHUB_CLIENT_CONFIRMATION_OK"
17449,10410260389,10410260460,1,"IOTHUB_CLIENT_CONFIRMATION_OK"
17450,10410260589,10410260660,1,"IOTHUB_CLIENT_CONFIRMATION_OK"
17451,10410260789,10410260839,1,"IOTHUB_CLIENT_CONFIRMATION_OK"
17452,10410260989,10410261112,1,"IOTHUB_CLIENT_CONFIRMATION_OK"
17453,10410261189,10410261255,1,"IOTHUB_CLIENT_CONFIRMATION_OK"
17454,10410261389,10410261429,1,"IOTHUB_CLIENT_CONFIRMATION_OK"
17455,10410261590,10410261640,1,"IOTHUB_CLIENT_CONFIRMATION_OK"
17456,10410261790,10410261845,1,"IOTHUB_CLIENT_CONFIRMATION_OK"
17457,10410261990,10410262120,1,"IOTHUB_CLIENT_CONFIRMATION_OK"
17458,10410262190,10410262228,1,"IOTHUB_CLIENT_CONFIRMATION_OK"
17459,10410262390,10410262429,1,"IOTHUB_CLIENT_CONFIRMATION_OK"
17460,10410262590,10410262731,1,"IOTHUB_CLIENT_CONFIRMATION_OK"
17461,10410262790,10410262830,1,"IOTHUB_CLIENT_CONFIRMATION_OK"
17462,10410262991,10410263041,1,"IOTHUB_CLIENT_CONFIRMATION_OK"
17463,10410263191,10410263235,1,"IOTHUB_CLIENT_CONFIRMATION_OK"
17464,10410263391,10410263445,1,"IOTHUB_CLIENT_CONFIRMATION_OK"
17465,10410263591,10410263640,1,"IOTHUB_CLIENT_CONFIRMATION_OK"
17466,10410263791,10410263834,1,"IOTHUB_CLIENT_CONFIRMATION_OK"
17467,10410263991,10410264037,1,"IOTHUB_CLIENT_CONFIRMATION_OK"
17468,10410264192,10410264233,1,"IOTHUB_CLIENT_CONFIRMATION_OK"
17469,10410264392,10410264489,1,"IOTHUB_CLIENT_CONFIRMATION_OK"
17470,10410264592,10410264636,1,"IOTHUB_CLIENT_CONFIRMATION_OK"
17471,10410264792,10410264979,1,"IOTHUB_CLIENT_CONFIRMATION_OK"
17472,10410264992,10410265047,1,"IOTHUB_CLIENT_CONFIRMATION_OK"
17473,10410265192,10410265240,1,"IOTHUB_CLIENT_CONFIRMATION_OK"
17474,10410265393,10410265434,1,"IOTHUB_CLIENT_CONFIRMATION_OK"
17475,10410265593,10410265636,1,"IOTHUB_CLIENT_CONFIRMATION_OK"
17476,10410265793,10410265836,1,"IOTHUB_CLIENT_CONFIRMATION_OK"
17477,10410265993,10410266033,1,"IOTHUB_CLIENT_CONFIRMATION_OK"
17478,10410266193,10410266235,1,"IOTHUB_CLIENT_CONFIRMATION_OK"
17479,10410266393,10410266437,1,"IOTHUB_CLIENT_CONFIRMATION_OK"
17480,10410266593,10410266642,1,"IOTHUB_CLIENT_CONFIRMATION_OK"
17481,10410266794,10410266838,1,"IOTHUB_CLIENT_CONFIRMATION_OK"
17482,10410266994,10410267033,1,"IOTHUB_CLIENT_CONFIRMATION_OK"
17483,10410267194,10410267235,1,"IOTHUB_CLIENT_CONFIRMATION_OK"
17484,10410267394,10410267432,1,"IOTHUB_CLIENT_CONFIRMATION_OK"
17485,10410267594,10410267639,1,"IOTHUB_CLIENT_CONFIRMATION_OK"
17486,10410267794,10410267840,1,"IOTHUB_CLIENT_CONFIRMATION_OK"
17487,10410267995,10410268034,1,"IOTHUB_CLIENT_CONFIRMATION_OK"
17488,10410268195,10410268249,1,"IOTHUB_CLIENT_CONFIRMATION_OK"
17489,10410268395,10410268458,1,"IOTHUB_CLIENT_CONFIRMATION_OK"
17490,10410268595,10410268637,1,"IOTHUB_CLIENT_CONFIRMATION_OK"
17491,10410268795,10410268857,1,"IOTHUB_CLIENT_CONFIRMATION_OK"
17492,10410268995,10410269040,1,"IOTHUB_CLIENT_CONFIRMATION_OK"
17493,10410269195,10410269232,1,"IOTHUB_CLIENT_CONFIRMATION_OK"
17494,10410269396,10410269469,1,"IOTHUB_CLIENT_CONFIRMATION_OK"
17495,10410269596,10410269646,1,"IOTHUB_CLIENT_CONFIRMATION_OK"
17496,10410269796,10410269866,1,"IOTHUB_CLIENT_CONFIRMATION_OK"
17497,10410269996,10410270040,1,"IOTHUB_CLIENT_CONFIRMATION_OK"
17498,10410270196,10410270236,1,"IOTHUB_CLIENT_CONFIRMATION_OK"
17499,10410270396,10410270494,1,"IOTHUB_CLIENT_CONFIRMATION_OK"
17500,10410270596,10410270645,1,"IOTHUB_CLIENT_CONFIRMATION_OK"
17501,10410270797,10410270850,1,"IOTHUB_CLIENT_CONFIRMATION_OK"
17502,10410270997,10410271110,1,"IOTHUB_CLIENT_CONFIRMATION_OK"
17503,10410271197,10410271244,1,"IOTHUB_CLIENT_CONFIRMATION_OK"
17504,10410271397,10410271444,1,"IOTHUB_CLIENT_CONFIRMATION_OK"
17505,10410271597,10410271730,1,"IOTHUB_CLIENT_CONFIRMATION_OK"
17506,10410271797,10410271973,1,"IOTHUB_CLIENT_CONFIRMATION_OK"
17507,10410271998,10410272040,1,"IOTHUB_CLIENT_CONFIRMATION_OK"
17508,10410272198,10410272241,1,"IOTHUB_CLIENT_CONFIRMATION_OK"
17509,10410272398,10410272447,1,"IOTHUB_CLIENT_CONFIRMATION_OK"
17510,10410272598,10410272661,1,"IOTHUB_CLIENT_CONFIRMATION_OK"
17511,10410272798,10410272864,1,"IOTHUB_CLIENT_CONFIRMATION_OK"
17512,10410272998,10410273040,1,"IOTHUB_CLIENT_CONFIRMATION_OK"
17513,10410273199,10410273383,1,"IOTHUB_CLIENT_CONFIRMATION_OK"
17514,10410273399,10410273434,1,"IOTHUB_CLIENT_CONFIRMATION_OK"
17515,10410273599,10410273659,1,"IOTHUB_CLIENT_CONFIRMATION_OK"
17516,10410273799,10410274015,1,"IOTHUB_CLIENT_CONFIRMATION_OK"
17517,10410273999,10410274038,1,"IOTHUB_CLIENT_CONFIRMATION_OK"
17518,10410274199,10410274245,1,"IOTHUB_CLIENT_CONFIRMATION_OK"
17519,10410274399,10410274470,1,"IOTHUB_CLIENT_CONFIRMATION_OK"
17520,10410274600,10410274639,1,"IOTHUB_CLIENT_CONFIRMATION_OK"
17521,10410274800,10410274852,1,"IOTHUB_CLIENT_CONFIRMATION_OK"
17522,10410275000,10410275070,1,"IOTHUB_CLIENT_CONFIRMATION_OK"
17523,10410275200,10410275238,1,"IOTHUB_CLIENT_CONFIRMATION_OK"
17524,10410275400,10410275491,1,"IOTHUB_CLIENT_CONFIRMATION_OK"
17525,10410275600,10410275655,1,"IOTHUB_CLIENT_CONFIRMATION_OK"
17526,10410275801,10410275843,1,"IOTHUB_CLIENT_CONFIRMATION_OK"
17527,10410276001,10410276048,1,"IOTHUB_CLIENT_CONFIRMATION_OK"
17528,10410276201,10410276239,1,"IOTHUB_CLIENT_CONFIRMATION_OK"
17529,10410276401,10410276436,1,"IOTHUB_CLIENT_CONFIRMATION_OK"
17530,10410276601,10410276711,1,"IOTHUB_CLIENT_CONFIRMATION_OK"
17531,10410276801,10410276856,1,"IOTHUB_CLIENT_CONFIRMATION_OK"
17532,10410277002,10410277043,1,"IOTHUB_CLIENT_CONFIRMATION_OK"
17533,10410277202,10410277294,1,"IOTHUB_CLIENT_CONFIRMATION_OK"
17534,10410277402,10410277449,1,"IOTHUB_CLIENT_CONFIRMATION_OK"
17535,10410277602,10410277642,1,"IOTHUB_CLIENT_CONFIRMATION_OK"
17536,10410277802,10410277913,1,"IOTHUB_CLIENT_CONFIRMATION_OK"
17537,10410278002,10410278053,1,"IOTHUB_CLIENT_CONFIRMATION_OK"
17538,10410278202,10410278251,1,"IOTHUB_CLIENT_CONFIRMATION_OK"
17539,10410278403,10410278466,1,"IOTHUB_CLIENT_CONFIRMATION_OK"
17540,10410278603,10410278709,1,"IOTHUB_CLIENT_CONFIRMATION_OK"
17541,10410278803,10410278848,1,"IOTHUB_CLIENT_CONFIRMATION_OK"
17542,10410279003,10410279043,1,"IOTHUB_CLIENT_CONFIRMATION_OK"
17543,10410279203,10410279241,1,"IOTHUB_CLIENT_CONFIRMATION_OK"
17544,10410279403,10410279525,1,"IOTHUB_CLIENT_CONFIRMATION_OK"
17545,10410279604,10410279648,1,"IOTHUB_CLIENT_CONFIRMATION_OK"
17546,10410279804,10410279857,1,"IOTHUB_CLIENT_CONFIRMATION_OK"
17547,10410280004,10410280148,1,"IOTHUB_CLIENT_CONFIRMATION_OK"
17548,10410280204,10410280248,1,"IOTHUB_CLIENT_CONFIRMATION_OK"
17549,10410280404,10410280463,1,"IOTHUB_CLIENT_CONFIRMATION_OK"
17550,10410280604,10410280644,1,"IOTHUB_CLIENT_CONFIRMATION_OK"
17551,10410280805,10410280843,1,"IOTHUB_CLIENT_CONFIRMATION_OK"
17552,10410281005,10410281051,1,"IOTHUB_CLIENT_CONFIRMATION_OK"
17553,10410281205,10410281256,1,"IOTHUB_CLIENT_CONFIRMATION_OK"
17554,10410281405,10410281448,1,"IOTHUB_CLIENT_CONFIRMATION_OK"
17555,10410281605,10410281653,1,"IOTHUB_CLIENT_CONFIRMATION_OK"
17556,10410281805,10410281874,1,"IOTHUB_CLIENT_CONFIRMATION_OK"
17557,10410282006,10410282056,1,"IOTHUB_CLIENT_CONFIRMATION_OK"
17558,10410282206,10410282374,1,"IOTHUB_CLIENT_CONFIRMATION_OK"
17559,10410282406,10410282456,1,"IOTHUB_CLIENT_CONFIRMATION_OK"
17560,10410282606,10410282649,1,"IOTHUB_CLIENT_CONFIRMATION_OK"
17561,10410282806,10410282846,1,"IOTHUB_CLIENT_CONFIRMATION_OK"
17562,10410283006,10410283054,1,"IOTHUB_CLIENT_CONFIRMATION_OK"
17563,10410283207,10410283264,1,"IOTHUB_CLIENT_CONFIRMATION_OK"
17564,10410283407,10410283451,1,"IOTHUB_CLIENT_CONFIRMATION_OK"
17565,10410283607,10410283655,1,"IOTHUB_CLIENT_CONFIRMATION_OK"
17566,10410283807,10410283850,1,"IOTHUB_CLIENT_CONFIRMATION_OK"
17567,10410284007,10410284060,1,"IOTHUB_CLIENT_CONFIRMATION_OK"
17568,10410284207,10410284255,1,"IOTHUB_CLIENT_CONFIRMATION_OK"
17569,10410284407,10410284453,1,"IOTHUB_CLIENT_CONFIRMATION_OK"
17570,10410284608,10410284647,1,"IOTHUB_CLIENT_CONFIRMATION_OK"
17571,10410284808,10410284853,1,"IOTHUB_CLIENT_CONFIRMATION_OK"
17572,10410285008,10410285053,1,"IOTHUB_CLIENT_CONFIRMATION_OK"
17573,10410285208,10410285253,1,"IOTHUB_CLIENT_CONFIRMATION_OK"
17574,10410285408,10410285448,1,"IOTHUB_CLIENT_CONFIRMATION_OK"
17575,10410285608,10410285647,1,"IOTHUB_CLIENT_CONFIRMATION_OK"
17576,10410285809,10410285853,1,"IOTHUB_CLIENT_CONFIRMATION_OK"
17577,10410286009,10410286066,1,"IOTHUB_CLIENT_CONFIRMATION_OK"
17578,10410286209,10410286261,1,"IOTHUB_CLIENT_CONFIRMATION_OK"
17579,10410286409,10410286455,1,"IOTHUB_CLIENT_CONFIRMATION_OK"
17580,10410286609,10410286713,1,"IOTHUB_CLIENT_CONFIRMATION_OK"
17581,10410286809,10410286940,1,"IOTHUB_CLIENT_CONFIRMATION_OK"
17582,10410287010,10410287050,1,"IOTHUB_CLIENT_CONFIRMATION_OK"
17583,10410287210,10410287266,1,"IOTHUB_CLIENT_CONFIRMATION_OK"
17584,10410287410,10410287448,1,"IOTHUB_CLIENT_CONFIRMATION_OK"
17585,10410287610,10410287656,1,"IOTHUB_CLIENT_CONFIRMATION_OK"
17586,10410287810,10410287941,1,"IOTHUB_CLIENT_CONFIRMATION_OK"
17587,10410288010,10410288065,1,"IOTHUB_CLIENT_CONFIRMATION_OK"
17588,10410288211,10410288296,1,"IOTHUB_CLIENT_CONFIRMATION_OK"
17589,10410288411,10410288533,1,"IOTHUB_CLIENT_CONFIRMATION_OK"
17590,10410288611,10410288649,1,"IOTHUB_CLIENT_CONFIRMATION_OK"
17591,10410288811,10410288857,1,"IOTHUB_CLIENT_CONFIRMATION_OK"
17592,10410289011,10410289145,1,"IOTHUB_CLIENT_CONFIRMATION_OK"
17593,10410289211,10410289250,1,"IOTHUB_CLIENT_CONFIRMATION_OK"
17594,10410289412,10410289457,1,"IOTHUB_CLIENT_CONFIRMATION_OK"
17595,10410289612,10410289651,1,"IOTHUB_CLIENT_CONFIRMATION_OK"
17596,10410289812,10410289850,1,"IOTHUB_CLIENT_CONFIRMATION_OK"
17597,10410290012,10410290045,1,"IOTHUB_CLIENT_CONFIRMATION_OK"
17598,10410290212,10410290252,1,"IOTHUB_CLIENT_CONFIRMATION_OK"
17599,10410290412,10410290451,1,"IOTHUB_CLIENT_CONFIRMATION_OK"
17600,10410290613,10410290817,1,"IOTHUB_CLIENT_CONFIRMATION_OK"
17601,10410290813,10410290861,1,"IOTHUB_CLIENT_CONFIRMATION_OK"
17602,10410291013,10410291059,1,"IOTHUB_CLIENT_CONFIRMATION_OK"
17603,10410291213,10410291257,1,"IOTHUB_CLIENT_CONFIRMATION_OK"
17604,10410291413,10410291459,1,"IOTHUB_CLIENT_CONFIRMATION_OK"
17605,10410291613,10410291654,1,"IOTHUB_CLIENT_CONFIRMATION_OK"
17606,10410291813,10410291948,1,"IOTHUB_CLIENT_CONFIRMATION_OK"
17607,10410292014,10410292058,1,"IOTHUB_CLIENT_CONFIRMATION_OK"
17608,10410292214,10410292265,1,"IOTHUB_CLIENT_CONFIRMATION_OK"
17609,10410292414,10410292468,1,"IOTHUB_CLIENT_CONFIRMATION_OK"
17610,10410292614,10410292654,1,"IOTHUB_CLIENT_CONFIRMATION_OK"
17611,10410292814,10410292863,1,"IOTHUB_CLIENT_CONFIRMATION_OK"
17612,10410293014,10410293093,1,"IOTHUB_CLIENT_CONFIRMATION_OK"
17613,10410293215,10410293300,1,"IOTHUB_CLIENT_CONFIRMATION_OK"
17614,10410293415,10410293562,1,"IOTHUB_CLIENT_CONFIRMATION_OK"
17615,10410293615,10410293655,1,"IOTHUB_CLIENT_CONFIRMATION_OK"
17616,10410293815,10410293859,1,"IOTHUB_CLIENT_CONFIRMATION_OK"
17617,10410294015,10410294175,1,"IOTHUB_CLIENT_CONFIRMATION_OK"
17618,10410294215,10410294282,1,"IOTHUB_CLIENT_CONFIRMATION_OK"
17619,10410294415,10410294459,1,"IOTHUB_CLIENT_CONFIRMATION_OK"
17620,10410294616,10410294653,1,"IOTHUB_CLIENT_CONFIRMATION_OK"
17621,10410294816,10410294862,1,"IOTHUB_CLIENT_CONFIRMATION_OK"
17622,10410295016,10410295053,1,"IOTHUB_CLIENT_CONFIRMATION_OK"
17623,10410295216,10410295267,1,"IOTHUB_CLIENT_CONFIRMATION_OK"
17624,10410295416,10410295472,1,"IOTHUB_CLIENT_CONFIRMATION_OK"
17625,10410295616,10410295680,1,"IOTHUB_CLIENT_CONFIRMATION_OK"
17626,10410295817,10410295860,1,"IOTHUB_CLIENT_CONFIRMATION_OK"
17627,10410296017,10410296061,1,"IOTHUB_CLIENT_CONFIRMATION_OK"
17628,10410296217,10410296425,1,"IOTHUB_CLIENT_CONFIRMATION_OK"
17629,10410296417,10410296469,1,"IOTHUB_CLIENT_CONFIRMATION_OK"
17630,10410296617,10410296659,1,"IOTHUB_CLIENT_CONFIRMATION_OK"
17631,10410296817,10410296882,1,"IOTHUB_CLIENT_CONFIRMATION_OK"
17632,10410297017,10410297056,1,"IOTHUB_CLIENT_CONFIRMATION_OK"
17633,10410297218,10410297262,1,"IOTHUB_CLIENT_CONFIRMATION_OK"
17634,10410297418,10410297455,1,"IOTHUB_CLIENT_CONFIRMATION_OK"
17635,10410297618,10410297663,1,"IOTHUB_CLIENT_CONFIRMATION_OK"
17636,10410297818,10410297852,1,"IOTHUB_CLIENT_CONFIRMATION_OK"
17637,10410298018,10410298057,1,"IOTHUB_CLIENT_CONFIRMATION_OK"
17638,10410298218,10410298251,1,"IOTHUB_CLIENT_CONFIRMATION_OK"
17639,10410298419,10410298464,1,"IOTHUB_CLIENT_CONFIRMATION_OK"
17640,10410298619,10410298666,1,"IOTHUB_CLIENT_CONFIRMATION_OK"
17641,10410298819,10410298874,1,"IOTHUB_CLIENT_CONFIRMATION_OK"
17642,10410299019,10410299084,1,"IOTHUB_CLIENT_CONFIRMATION_OK"
17643,10410299219,10410299308,1,"IOTHUB_CLIENT_CONFIRMATION_OK"
17644,10410299419,10410299465,1,"IOTHUB_CLIENT_CONFIRMATION_OK"
17645,10410299620,10410299703,1,"IOTHUB_CLIENT_CONFIRMATION_OK"
17646,10410299820,10410299890,1,"IOTHUB_CLIENT_CONFIRMATION_OK"
17647,10410300020,10410300069,1,"IOTHUB_CLIENT_CONFIRMATION_OK"
17648,10410300220,10410300335,1,"IOTHUB_CLIENT_CONFIRMATION_OK"
17649,10410300420,10410300469,1,"IOTHUB_CLIENT_CONFIRMATION_OK"
17650,10410300620,10410300705,1,"IOTHUB_CLIENT_CONFIRMATION_OK"
17651,10410300821,10410300933,1,"IOTHUB_CLIENT_CONFIRMATION_OK"
17652,10410301021,10410301072,1,"IOTHUB_CLIENT_CONFIRMATION_OK"
17653,10410301221,10410301267,1,"IOTHUB_CLIENT_CONFIRMATION_OK"
17654,10410301421,10410301457,1,"IOTHUB_CLIENT_CONFIRMATION_OK"
17655,10410301621,10410301660,1,"IOTHUB_CLIENT_CONFIRMATION_OK"
17656,10410301821,10410301928,1,"IOTHUB_CLIENT_CONFIRMATION_OK"
17657,10410302022,10410302064,1,"IOTHUB_CLIENT_CONFIRMATION_OK"
17658,10410302222,10410302271,1,"IOTHUB_CLIENT_CONFIRMATION_OK"
17659,10410302422,10410302548,1,"IOTHUB_CLIENT_CONFIRMATION_OK"
17660,10410302622,10410302695,1,"IOTHUB_CLIENT_CONFIRMATION_OK"
17661,10410302822,10410302871,1,"IOTHUB_CLIENT_CONFIRMATION_OK"
17662,10410303022,10410303157,1,"IOTHUB_CLIENT_CONFIRMATION_OK"
17663,10410303222,10410303270,1,"IOTHUB_CLIENT_CONFIRMATION_OK"
17664,10410303423,10410303471,1,"IOTHUB_CLIENT_CONFIRMATION_OK"
17665,10410303623,10410303662,1,"IOTHUB_CLIENT_CONFIRMATION_OK"
17666,10410303823,10410303858,1,"IOTHUB_CLIENT_CONFIRMATION_OK"
17667,10410304023,10410304072,1,"IOTHUB_CLIENT_CONFIRMATION_OK"
17668,10410304223,10410304304,1,"IOTHUB_CLIENT_CONFIRMATION_OK"
17669,10410304424,10410304538,1,"IOTHUB_CLIENT_CONFIRMATION_OK"
17670,10410304624,10410304786,1,"IOTHUB_CLIENT_CONFIRMATION_OK"
17671,10410304824,10410304898,1,"IOTHUB_CLIENT_CONFIRMATION_OK"
17672,10410305024,10410305065,1,"IOTHUB_CLIENT_CONFIRMATION_OK"
17673,10410305224,10410305458,1,"IOTHUB_CLIENT_CONFIRMATION_OK"
17674,10410305424,10410305484,1,"IOTHUB_CLIENT_CONFIRMATION_OK"
17675,10410305624,10410305744,1,"IOTHUB_CLIENT_CONFIRMATION_OK"
17676,10410305825,10410305869,1,"IOTHUB_CLIENT_CONFIRMATION_OK"
17677,10410306025,10410306061,1,"IOTHUB_CLIENT_CONFIRMATION_OK"
17678,10410306225,10410306267,1,"IOTHUB_CLIENT_CONFIRMATION_OK"
17679,10410306425,10410306532,1,"IOTHUB_CLIENT_CONFIRMATION_OK"
17680,10410306625,10410306708,1,"IOTHUB_CLIENT_CONFIRMATION_OK"
17681,10410306825,10410306864,1,"IOTHUB_CLIENT_CONFIRMATION_OK"
17682,10410307026,10410307069,1,"IOTHUB_CLIENT_CONFIRMATION_OK"
17683,10410307226,10410307272,1,"IOTHUB_CLIENT_CONFIRMATION_OK"
17684,10410307426,10410307464,1,"IOTHUB_CLIENT_CONFIRMATION_OK"
17685,10410307626,10410307665,1,"IOTHUB_CLIENT_CONFIRMATION_OK"
17686,10410307826,10410307886,1,"IOTHUB_CLIENT_CONFIRMATION_OK"
17687,10410308026,10410308152,1,"IOTHUB_CLIENT_CONFIRMATION_OK"
17688,10410308227,10410308265,1,"IOTHUB_CLIENT_CONFIRMATION_OK"
17689,10410308427,10410308469,1,"IOTHUB_CLIENT_CONFIRMATION_OK"
17690,10410308627,10410308778,1,"IOTHUB_CLIENT_CONFIRMATION_OK"
17691,10410308827,10410308875,1,"IOTHUB_CLIENT_CONFIRMATION_OK"
17692,10410309027,10410309067,1,"IOTHUB_CLIENT_CONFIRMATION_OK"
17693,10410309227,10410309328,1,"IOTHUB_CLIENT_CONFIRMATION_OK"
17694,10410309427,10410309472,1,"IOTHUB_CLIENT_CONFIRMATION_OK"
17695,10410309628,10410309680,1,"IOTHUB_CLIENT_CONFIRMATION_OK"
17696,10410309828,10410309867,1,"IOTHUB_CLIENT_CONFIRMATION_OK"
17697,10410310028,10410310117,1,"IOTHUB_CLIENT_CONFIRMATION_OK"
17698,10410310228,10410310268,1,"IOTHUB_CLIENT_CONFIRMATION_OK"
17699,10410310428,10410310474,1,"IOTHUB_CLIENT_CONFIRMATION_OK"
17700,10410310628,10410310669,1,"IOTHUB_CLIENT_CONFIRMATION_OK"
17701,10410310829,10410311015,1,"IOTHUB_CLIENT_CONFIRMATION_OK"
17702,10410311029,10410311067,1,"IOTHUB_CLIENT_CONFIRMATION_OK"
17703,10410311229,10410311261,1,"IOTHUB_CLIENT_CONFIRMATION_OK"
17704,10410311429,10410311476,1,"IOTHUB_CLIENT_CONFIRMATION_OK"
17705,10410311629,10410311664,1,"IOTHUB_CLIENT_CONFIRMATION_OK"
17706,10410311829,10410311868,1,"IOTHUB_CLIENT_CONFIRMATION_OK"
17707,10410312030,10410312083,1,"IOTHUB_CLIENT_CONFIRMATION_OK"
17708,10410312230,10410312280,1,"IOTHUB_CLIENT_CONFIRMATION_OK"
17709,10410312430,10410312485,1,"IOTHUB_CLIENT_CONFIRMATION_OK"
17710,10410312630,10410312679,1,"IOTHUB_CLIENT_CONFIRMATION_OK"
17711,10410312830,10410312867,1,"IOTHUB_CLIENT_CONFIRMATION_OK"
17712,10410313030,10410313082,1,"IOTHUB_CLIENT_CONFIRMATION_OK"
17713,10410313230,10410313280,1,"IOTHUB_CLIENT_CONFIRMATION_OK"
17714,10410313431,10410313473,1,"IOTHUB_CLIENT_CONFIRMATION_OK"
17715,10410313631,10410313672,1,"IOTHUB_CLIENT_CONFIRMATION_OK"
17716,10410313831,10410313868,1,"IOTHUB_CLIENT_CONFIRMATION_OK"
17717,10410314031,10410314071,1,"IOTHUB_CLIENT_CONFIRMATION_OK"
17718,10410314231,10410314482,1,"IOTHUB_CLIENT_CONFIRMATION_OK"
17719,10410314431,10410314559,1,"IOTHUB_CLIENT_CONFIRMATION_OK"
17720,10410314632,10410314692,1,"IOTHUB_CLIENT_CONFIRMATION_OK"
17721,10410314832,10410314894,1,"IOTHUB_CLIENT_CONFIRMATION_OK"
17722,10410315032,10410315077,1,"IOTHUB_CLIENT_CONFIRMATION_OK"
17723,10410315232,10410315274,1,"IOTHUB_CLIENT_CONFIRMATION_OK"
17724,10410315432,10410315508,1,"IOTHUB_CLIENT_CONFIRMATION_OK"
17725,10410315632,10410315676,1,"IOTHUB_CLIENT_CONFIRMATION_OK"
17726,10410315833,10410315868,1,"IOTHUB_CLIENT_CONFIRMATION_OK"
17727,10410316033,10410316106,1,"IOTHUB_CLIENT_CONFIRMATION_OK"
17728,10410316233,10410316272,1,"IOTHUB_CLIENT_CONFIRMATION_OK"
17729,10410316433,10410316529,1,"IOTHUB_CLIENT_CONFIRMATION_OK"
17730,10410316633,10410316684,1,"IOTHUB_CLIENT_CONFIRMATION_OK"
17731,10410316833,10410316882,1,"IOTHUB_CLIENT_CONFIRMATION_OK"
17732,10410317033,10410317171,1,"IOTHUB_CLIENT_CONFIRMATION_OK"
17733,10410317234,10410317274,1,"IOTHUB_CLIENT_CONFIRMATION_OK"
17734,10410317434,10410317490,1,"IOTHUB_CLIENT_CONFIRMATION_OK"
17735,10410317634,10410317697,1,"IOTHUB_CLIENT_CONFIRMATION_OK"
17736,10410317834,10410317887,1,"IOTHUB_CLIENT_CONFIRMATION_OK"
17737,10410318034,10410318073,1,"IOTHUB_CLIENT_CONFIRMATION_OK"
17738,10410318234,10410318279,1,"IOTHUB_CLIENT_CONFIRMATION_OK"
17739,10410318435,10410318465,1,"IOTHUB_CLIENT_CONFIRMATION_OK"
17740,10410318635,10410318671,1,"IOTHUB_CLIENT_CONFIRMATION_OK"
17741,10410318835,10410318931,1,"IOTHUB_CLIENT_CONFIRMATION_OK"
17742,10410319035,10410319082,1,"IOTHUB_CLIENT_CONFIRMATION_OK"
17743,10410319235,10410319460,1,"IOTHUB_CLIENT_CONFIRMATION_OK"
17744,10410319435,10410319483,1,"IOTHUB_CLIENT_CONFIRMATION_OK"
17745,10410319636,10410319679,1,"IOTHUB_CLIENT_CONFIRMATION_OK"
17746,10410319836,10410319929,1,"IOTHUB_CLIENT_CONFIRMATION_OK"
17747,10410320036,10410320082,1,"IOTHUB_CLIENT_CONFIRMATION_OK"
17748,10410320236,10410320286,1,"IOTHUB_CLIENT_CONFIRMATION_OK"
17749,10410320436,10410320487,1,"IOTHUB_CLIENT_CONFIRMATION_OK"
17750,10410320636,10410320688,1,"IOTHUB_CLIENT_CONFIRMATION_OK"
17751,10410320836,10410320876,1,"IOTHUB_CLIENT_CONFIRMATION_OK"
17752,10410321037,10410321096,1,"IOTHUB_CLIENT_CONFIRMATION_OK"
17753,10410321237,10410321291,1,"IOTHUB_CLIENT_CONFIRMATION_OK"
17754,10410321437,10410321491,1,"IOTHUB_CLIENT_CONFIRMATION_OK"
17755,10410321637,10410321691,1,"IOTHUB_CLIENT_CONFIRMATION_OK"
17756,10410321837,10410321883,1,"IOTHUB_CLIENT_CONFIRMATION_OK"
17757,10410322037,10410322106,1,"IOTHUB_CLIENT_CONFIRMATION_OK"
17758,10410322238,10410322275,1,"IOTHUB_CLIENT_CONFIRMATION_OK"
17759,10410322438,10410322488,1,"IOTHUB_CLIENT_CONFIRMATION_OK"
17760,10410322638,10410322743,1,"IOTHUB_CLIENT_CONFIRMATION_OK"
17761,10410322838,10410322888,1,"IOTHUB_CLIENT_CONFIRMATION_OK"
17762,10410323038,10410323081,1,"IOTHUB_CLIENT_CONFIRMATION_OK"
17763,10410323238,10410323335,1,"IOTHUB_CLIENT_CONFIRMATION_OK"
17764,10410323439,10410323487,1,"IOTHUB_CLIENT_CONFIRMATION_OK"
17765,10410323639,10410323736,1,"IOTHUB_CLIENT_CONFIRMATION_OK"
17766,10410323839,10410323878,1,"IOTHUB_CLIENT_CONFIRMATION_OK"
17767,10410324039,10410324080,1,"IOTHUB_CLIENT_CONFIRMATION_OK"
17768,10410324239,10410324312,1,"IOTHUB_CLIENT_CONFIRMATION_OK"
17769,10410324439,10410324487,1,"IOTHUB_CLIENT_CONFIRMATION_OK"
17770,10410324640,10410324682,1,"IOTHUB_CLIENT_CONFIRMATION_OK"
17771,10410324840,10410324991,1,"IOTHUB_CLIENT_CONFIRMATION_OK"
17772,10410325040,10410325087,1,"IOTHUB_CLIENT_CONFIRMATION_OK"
17773,10410325240,10410325272,1,"IOTHUB_CLIENT_CONFIRMATION_OK"
17774,10410325440,10410325651,1,"IOTHUB_CLIENT_CONFIRMATION_OK"
17775,10410325640,10410325683,1,"IOTHUB_CLIENT_CONFIRMATION_OK"
17776,10410325841,10410325883,1,"IOTHUB_CLIENT_CONFIRMATION_OK"
17777,10410326041,10410326086,1,"IOTHUB_CLIENT_CONFIRMATION_OK"
17778,10410326241,10410326299,1,"IOTHUB_CLIENT_CONFIRMATION_OK"
17779,10410326441,10410326494,1,"IOTHUB_CLIENT_CONFIRMATION_OK"
17780,10410326641,10410326680,1,"IOTHUB_CLIENT_CONFIRMATION_OK"
17781,10410326841,10410326977,1,"IOTHUB_CLIENT_CONFIRMATION_OK"
17782,10410327041,10410327090,1,"IOTHUB_CLIENT_CONFIRMATION_OK"
17783,10410327242,10410327286,1,"IOTHUB_CLIENT_CONFIRMATION_OK"
17784,10410327442,10410327498,1,"IOTHUB_CLIENT_CONFIRMATION_OK"
17785,10410327642,10410327853,1,"IOTHUB_CLIENT_CONFIRMATION_OK"
17786,10410327842,10410327895,1,"IOTHUB_CLIENT_CONFIRMATION_OK"
17787,10410328042,10410328081,1,"IOTHUB_CLIENT_CONFIRMATION_OK"
17788,10410328242,10410328281,1,"IOTHUB_CLIENT_CONFIRMATION_OK"
17789,10410328443,10410328480,1,"IOTHUB_CLIENT_CONFIRMATION_OK"
17790,10410328643,10410328685,1,"IOTHUB_CLIENT_CONFIRMATION_OK"
17791,10410328843,10410328918,1,"IOTHUB_CLIENT_CONFIRMATION_OK"
17792,10410329043,10410329087,1,"IOTHUB_CLIENT_CONFIRMATION_OK"
17793,10410329243,10410329285,1,"IOTHUB_CLIENT_CONFIRMATION_OK"
17794,10410329443,10410329489,1,"IOTHUB_CLIENT_CONFIRMATION_OK"
17795,10410329644,10410329686,1,"IOTHUB_CLIENT_CONFIRMATION_OK"
17796,10410329844,10410329885,1,"IOTHUB_CLIENT_CONFIRMATION_OK"
17797,10410330044,10410330080,1,"IOTHUB_CLIENT_CONFIRMATION_OK"
17798,10410330244,10410330295,1,"IOTHUB_CLIENT_CONFIRMATION_OK"
17799,10410330444,10410330671,1,"IOTHUB_CLIENT_CONFIRMATION_OK"
17800,10410330644,10410330749,1,"IOTHUB_CLIENT_CONFIRMATION_OK"
17801,10410330845,10410330896,1,"IOTHUB_CLIENT_CONFIRMATION_OK"
17802,10410331045,10410331099,1,"IOTHUB_CLIENT_CONFIRMATION_OK"
17803,10410331245,10410331317,1,"IOTHUB_CLIENT_CONFIRMATION_OK"
17804,10410331445,10410331495,1,"IOTHUB_CLIENT_CONFIRMATION_OK"
17805,10410331645,10410331796,1,"IOTHUB_CLIENT_CONFIRMATION_OK"
17806,10410331845,10410331905,1,"IOTHUB_CLIENT_CONFIRMATION_OK"
17807,10410332045,10410332082,1,"IOTHUB_CLIENT_CONFIRMATION_OK"
17808,10410332246,10410332370,1,"IOTHUB_CLIENT_CONFIRMATION_OK"
17809,10410332446,10410332481,1,"IOTHUB_CLIENT_CONFIRMATION_OK"
17810,10410332646,10410332715,1,"IOTHUB_CLIENT_CONFIRMATION_OK"
17811,10410332846,10410332902,1,"IOTHUB_CLIENT_CONFIRMATION_OK"
17812,10410333046,10410333092,1,"IOTHUB_CLIENT_CONFIRMATION_OK"
17813,10410333246,10410333376,1,"IOTHUB_CLIENT_CONFIRMATION_OK"
17814,10410333446,10410333499,1,"IOTHUB_CLIENT_CONFIRMATION_OK"
17815,10410333647,10410333690,1,"IOTHUB_CLIENT_CONFIRMATION_OK"
17816,10410333847,10410333969,1,"IOTHUB_CLIENT_CONFIRMATION_OK"
17817,10410334047,10410334089,1,"IOTHUB_CLIENT_CONFIRMATION_OK"
17818,10410334247,10410334297,1,"IOTHUB_CLIENT_CONFIRMATION_OK"
17819,10410334447,10410334631,1,"IOTHUB_CLIENT_CONFIRMATION_OK"
17820,10410334647,10410334687,1,"IOTHUB_CLIENT_CONFIRMATION_OK"
17821,10410334848,10410334900,1,"IOTHUB_CLIENT_CONFIRMATION_OK"
17822,10410335048,10410335130,1,"IOTHUB_CLIENT_CONFIRMATION_OK"
17823,10410335248,10410335297,1,"IOTHUB_CLIENT_CONFIRMATION_OK"
17824,10410335448,10410335489,1,"IOTHUB_CLIENT_CONFIRMATION_OK"
17825,10410335648,10410335686,1,"IOTHUB_CLIENT_CONFIRMATION_OK"
17826,10410335848,10410335888,1,"IOTHUB_CLIENT_CONFIRMATION_OK"
17827,10410336049,10410336169,1,"IOTHUB_CLIENT_CONFIRMATION_OK"
17828,10410336249,10410336307,1,"IOTHUB_CLIENT_CONFIRMATION_OK"
17829,10410336449,10410336503,1,"IOTHUB_CLIENT_CONFIRMATION_OK"
17830,10410336649,10410336775,1,"IOTHUB_CLIENT_CONFIRMATION_OK"
17831,10410336849,10410336895,1,"IOTHUB_CLIENT_CONFIRMATION_OK"
17832,10410337049,10410337080,1,"IOTHUB_CLIENT_CONFIRMATION_OK"
17833,10410337249,10410337387,1,"IOTHUB_CLIENT_CONFIRMATION_OK"
17834,10410337450,10410337503,1,"IOTHUB_CLIENT_CONFIRMATION_OK"
17835,10410337650,10410337699,1,"IOTHUB_CLIENT_CONFIRMATION_OK"
17836,10410337850,10410337913,1,"IOTHUB_CLIENT_CONFIRMATION_OK"
17837,10410338050,10410338096,1,"IOTHUB_CLIENT_CONFIRMATION_OK"
17838,10410338250,10410338296,1,"IOTHUB_CLIENT_CONFIRMATION_OK"
17839,10410338450,10410338487,1,"IOTHUB_CLIENT_CONFIRMATION_OK"
17840,10410338651,10410338696,1,"IOTHUB_CLIENT_CONFIRMATION_OK"
17841,10410338851,10410338915,1,"IOTHUB_CLIENT_CONFIRMATION_OK"
17842,10410339051,10410339086,1,"IOTHUB_CLIENT_CONFIRMATION_OK"
17843,10410339251,10410339295,1,"IOTHUB_CLIENT_CONFIRMATION_OK"
17844,10410339451,10410339617,1,"IOTHUB_CLIENT_CONFIRMATION_OK"
17845,10410339651,10410339691,1,"IOTHUB_CLIENT_CONFIRMATION_OK"
17846,10410339852,10410339913,1,"IOTHUB_CLIENT_CONFIRMATION_OK"
17847,10410340052,10410340099,1,"IOTHUB_CLIENT_CONFIRMATION_OK"
17848,10410340252,10410340293,1,"IOTHUB_CLIENT_CONFIRMATION_OK"
17849,10410340452,10410340500,1,"IOTHUB_CLIENT_CONFIRMATION_OK"
17850,10410340652,10410340700,1,"IOTHUB_CLIENT_CONFIRMATION_OK"
17851,10410340852,10410340899,1,"IOTHUB_CLIENT_CONFIRMATION_OK"
17852,10410341052,10410341094,1,"IOTHUB_CLIENT_CONFIRMATION_OK"
17853,10410341253,10410341297,1,"IOTHUB_CLIENT_CONFIRMATION_OK"
17854,10410341453,10410341559,1,"IOTHUB_CLIENT_CONFIRMATION_OK"
17855,10410341653,10410341698,1,"IOTHUB_CLIENT_CONFIRMATION_OK"
17856,10410341853,10410341929,1,"IOTHUB_CLIENT_CONFIRMATION_OK"
17857,10410342053,10410342098,1,"IOTHUB_CLIENT_CONFIRMATION_OK"
17858,10410342253,10410342365,1,"IOTHUB_CLIENT_CONFIRMATION_OK"
17859,10410342454,10410342492,1,"IOTHUB_CLIENT_CONFIRMATION_OK"
17860,10410342654,10410342701,1,"IOTHUB_CLIENT_CONFIRMATION_OK"
17861,10410342854,10410342907,1,"IOTHUB_CLIENT_CONFIRMATION_OK"
17862,10410343054,10410343098,1,"IOTHUB_CLIENT_CONFIRMATION_OK"
17863,10410343254,10410343292,1,"IOTHUB_CLIENT_CONFIRMATION_OK"
17864,10410343454,10410343527,1,"IOTHUB_CLIENT_CONFIRMATION_OK"
17865,10410343655,10410343727,1,"IOTHUB_CLIENT_CONFIRMATION_OK"
17866,10410343855,10410343945,1,"IOTHUB_CLIENT_CONFIRMATION_OK"
17867,10410344055,10410344117,1,"IOTHUB_CLIENT_CONFIRMATION_OK"
17868,10410344255,10410344308,1,"IOTHUB_CLIENT_CONFIRMATION_OK"
17869,10410344455,10410344494,1,"IOTHUB_CLIENT_CONFIRMATION_OK"
17870,10410344655,10410344704,1,"IOTHUB_CLIENT_CONFIRMATION_OK"
17871,10410344855,10410344901,1,"IOTHUB_CLIENT_CONFIRMATION_OK"
17872,10410345056,10410345143,1,"IOTHUB_CLIENT_CONFIRMATION_OK"
17873,10410345256,10410345286,1,"IOTHUB_CLIENT_CONFIRMATION_OK"
17874,10410345456,10410345500,1,"IOTHUB_CLIENT_CONFIRMATION_OK"
17875,10410345656,10410345762,1,"IOTHUB_CLIENT_CONFIRMATION_OK"
17876,10410345856,10410345970,1,"IOTHUB_CLIENT_CONFIRMATION_OK"
17877,10410346056,10410346093,1,"IOTHUB_CLIENT_CONFIRMATION_OK"
17878,10410346256,10410346377,1,"IOTHUB_CLIENT_CONFIRMATION_OK"
17879,10410346457,10410346496,1,"IOTHUB_CLIENT_CONFIRMATION_OK"
17880,10410346657,10410346701,1,"IOTHUB_CLIENT_CONFIRMATION_OK"
17881,10410346857,10410346930,1,"IOTHUB_CLIENT_CONFIRMATION_OK"
17882,10410347057,10410347095,1,"IOTHUB_CLIENT_CONFIRMATION_OK"
17883,10410347257,10410347360,1,"IOTHUB_CLIENT_CONFIRMATION_OK"
17884,10410347457,10410347505,1,"IOTHUB_CLIENT_CONFIRMATION_OK"
17885,10410347657,10410347712,1,"IOTHUB_CLIENT_CONFIRMATION_OK"
17886,10410347858,10410348059,1,"IOTHUB_CLIENT_CONFIRMATION_OK"
17887,10410348058,10410348143,1,"IOTHUB_CLIENT_CONFIRMATION_OK"
17888,10410348258,10410348308,1,"IOTHUB_CLIENT_CONFIRMATION_OK"
17889,10410348458,10410348624,1,"IOTHUB_CLIENT_CONFIRMATION_OK"
17890,10410348658,10410348702,1,"IOTHUB_CLIENT_CONFIRMATION_OK"
17891,10410348858,10410348898,1,"IOTHUB_CLIENT_CONFIRMATION_OK"
17892,10410349059,10410349096,1,"IOTHUB_CLIENT_CONFIRMATION_OK"
17893,10410349259,10410349295,1,"IOTHUB_CLIENT_CONFIRMATION_OK"
17894,10410349459,10410349524,1,"IOTHUB_CLIENT_CONFIRMATION_OK"
17895,10410349659,10410349701,1,"IOTHUB_CLIENT_CONFIRMATION_OK"
17896,10410349859,10410349902,1,"IOTHUB_CLIENT_CONFIRMATION_OK"
17897,10410350059,10410350105,1,"IOTHUB_CLIENT_CONFIRMATION_OK"
17898,10410350260,10410350330,1,"IOTHUB_CLIENT_CONFIRMATION_OK"
17899,10410350460,10410350507,1,"IOTHUB_CLIENT_CONFIRMATION_OK"
17900,10410350660,10410350740,1,"IOTHUB_CLIENT_CONFIRMATION_OK"
17901,10410350860,10410350904,1,"IOTHUB_CLIENT_CONFIRMATION_OK"
17902,10410351060,10410351096,1,"IOTHUB_CLIENT_CONFIRMATION_OK"
17903,10410351260,10410351310,1,"IOTHUB_CLIENT_CONFIRMATION_OK"
17904,10410351460,10410351507,1,"IOTHUB_CLIENT_CONFIRMATION_OK"
17905,10410351661,10410351693,1,"IOTHUB_CLIENT_CONFIRMATION_OK"
17906,10410351861,10410351940,1,"IOTHUB_CLIENT_CONFIRMATION_OK"
17907,10410352061,10410352114,1,"IOTHUB_CLIENT_CONFIRMATION_OK"
17908,10410352261,10410352407,1,"IOTHUB_CLIENT_CONFIRMATION_OK"
17909,10410352461,10410352550,1,"IOTHUB_CLIENT_CONFIRMATION_OK"
17910,10410352661,10410352697,1,"IOTHUB_CLIENT_CONFIRMATION_OK"
17911,10410352862,10410352907,1,"IOTHUB_CLIENT_CONFIRMATION_OK"
17912,10410353062,10410353106,1,"IOTHUB_CLIENT_CONFIRMATION_OK"
17913,10410353262,10410353306,1,"IOTHUB_CLIENT_CONFIRMATION_OK"
17914,10410353462,10410353787,1,"IOTHUB_CLIENT_CONFIRMATION_OK"
17915,10410353662,10410353817,1,"IOTHUB_CLIENT_CONFIRMATION_OK"
17916,10410353862,10410353927,1,"IOTHUB_CLIENT_CONFIRMATION_OK"
17917,10410354063,10410354178,1,"IOTHUB_CLIENT_CONFIRMATION_OK"
17918,10410354263,10410354308,1,"IOTHUB_CLIENT_CONFIRMATION_OK"
17919,10410354463,10410354506,1,"IOTHUB_CLIENT_CONFIRMATION_OK"
17920,10410354663,10410354809,1,"IOTHUB_CLIENT_CONFIRMATION_OK"
17921,10410354863,10410354933,1,"IOTHUB_CLIENT_CONFIRMATION_OK"
17922,10410355063,10410355112,1,"IOTHUB_CLIENT_CONFIRMATION_OK"
17923,10410355263,10410355298,1,"IOTHUB_CLIENT_CONFIRMATION_OK"
17924,10410355464,10410355504,1,"IOTHUB_CLIENT_CONFIRMATION_OK"
17925,10410355664,10410355704,1,"IOTHUB_CLIENT_CONFIRMATION_OK"
17926,10410355864,10410355924,1,"IOTHUB_CLIENT_CONFIRMATION_OK"
17927,10410356064,10410356110,1,"IOTHUB_CLIENT_CONFIRMATION_OK"
17928,10410356264,10410356460,1,"IOTHUB_CLIENT_CONFIRMATION_OK"
17929,10410356464,10410356543,1,"IOTHUB_CLIENT_CONFIRMATION_OK"
17930,10410356664,10410356707,1,"IOTHUB_CLIENT_CONFIRMATION_OK"
17931,10410356865,10410356905,1,"IOTHUB_CLIENT_CONFIRMATION_OK"
17932,10410357065,10410357109,1,"IOTHUB_CLIENT_CONFIRMATION_OK"
17933,10410357265,10410357303,1,"IOTHUB_CLIENT_CONFIRMATION_OK"
17934,10410357465,10410357510,1,"IOTHUB_CLIENT_CONFIRMATION_OK"
17935,10410357665,10410357713,1,"IOTHUB_CLIENT_CONFIRMATION_OK"
17936,10410357865,10410357966,1,"IOTHUB_CLIENT_CONFIRMATION_OK"
17937,10410358066,10410358124,1,"IOTHUB_CLIENT_CONFIRMATION_OK"
17938,10410358266,10410358311,1,"IOTHUB_CLIENT_CONFIRMATION_OK"
17939,10410358466,10410358507,1,"IOTHUB_CLIENT_CONFIRMATION_OK"
17940,10410358666,10410358715,1,"IOTHUB_CLIENT_CONFIRMATION_OK"
17941,10410358866,10410358911,1,"IOTHUB_CLIENT_CONFIRMATION_OK"
17942,10410359066,10410359102,1,"IOTHUB_CLIENT_CONFIRMATION_OK"
17943,10410359267,10410359325,1,"IOTHUB_CLIENT_CONFIRMATION_OK"
17944,10410359467,10410359522,1,"IOTHUB_CLIENT_CONFIRMATION_OK"
17945,10410359667,10410359759,1,"IOTHUB_CLIENT_CONFIRMATION_OK"
17946,10410359867,10410359912,1,"IOTHUB_CLIENT_CONFIRMATION_OK"
17947,10410360067,10410360107,1,"IOTHUB_CLIENT_CONFIRMATION_OK"
17948,10410360267,10410360355,1,"IOTHUB_CLIENT_CONFIRMATION_OK"
17949,10410360468,10410360524,1,"IOTHUB_CLIENT_CONFIRMATION_OK"
17950,10410360668,10410360705,1,"IOTHUB_CLIENT_CONFIRMATION_OK"
17951,10410360868,10410360966,1,"IOTHUB_CLIENT_CONFIRMATION_OK"
17952,10410361068,10410361126,1,"IOTHUB_CLIENT_CONFIRMATION_OK"
17953,10410361268,10410361321,1,"IOTHUB_CLIENT_CONFIRMATION_OK"
17954,10410361468,10410361516,1,"IOTHUB_CLIENT_CONFIRMATION_OK"
17955,10410361668,10410361707,1,"IOTHUB_CLIENT_CONFIRMATION_OK"
17956,10410361869,10410361985,1,"IOTHUB_CLIENT_CONFIRMATION_OK"
17957,10410362069,10410362107,1,"IOTHUB_CLIENT_CONFIRMATION_OK"
17958,10410362269,10410362310,1,"IOTHUB_CLIENT_CONFIRMATION_OK"
17959,10410362469,10410362660,1,"IOTHUB_CLIENT_CONFIRMATION_OK"
17960,10410362669,10410362711,1,"IOTHUB_CLIENT_CONFIRMATION_OK"
17961,10410362869,10410362920,1,"IOTHUB_CLIENT_CONFIRMATION_OK"
17962,10410363070,10410363120,1,"IOTHUB_CLIENT_CONFIRMATION_OK"
17963,10410363270,10410363308,1,"IOTHUB_CLIENT_CONFIRMATION_OK"
17964,10410363470,10410363507,1,"IOTHUB_CLIENT_CONFIRMATION_OK"
17965,10410363670,10410363712,1,"IOTHUB_CLIENT_CONFIRMATION_OK"
17966,10410363870,10410363917,1,"IOTHUB_CLIENT_CONFIRMATION_OK"
17967,10410364070,10410364199,1,"IOTHUB_CLIENT_CONFIRMATION_OK"
17968,10410364271,10410364345,1,"IOTHUB_CLIENT_CONFIRMATION_OK"
17969,10410364471,10410364517,1,"IOTHUB_CLIENT_CONFIRMATION_OK"
17970,10410364671,10410364771,1,"IOTHUB_CLIENT_CONFIRMATION_OK"
17971,10410364871,10410364915,1,"IOTHUB_CLIENT_CONFIRMATION_OK"
17972,10410365071,10410365107,1,"IOTHUB_CLIENT_CONFIRMATION_OK"
17973,10410365271,10410365367,1,"IOTHUB_CLIENT_CONFIRMATION_OK"
17974,10410365472,10410365508,1,"IOTHUB_CLIENT_CONFIRMATION_OK"
17975,10410365672,10410365739,1,"IOTHUB_CLIENT_CONFIRMATION_OK"
17976,10410365872,10410365975,1,"IOTHUB_CLIENT_CONFIRMATION_OK"
17977,10410366072,10410366113,1,"IOTHUB_CLIENT_CONFIRMATION_OK"
17978,10410366272,10410366326,1,"IOTHUB_CLIENT_CONFIRMATION_OK"
17979,10410366472,10410366589,1,"IOTHUB_CLIENT_CONFIRMATION_OK"
17980,10410366672,10410366720,1,"IOTHUB_CLIENT_CONFIRMATION_OK"
17981,10410366873,10410366911,1,"IOTHUB_CLIENT_CONFIRMATION_OK"
17982,10410367073,10410367159,1,"IOTHUB_CLIENT_CONFIRMATION_OK"
17983,10410367273,10410367355,1,"IOTHUB_CLIENT_CONFIRMATION_OK"
17984,10410367473,10410367549,1,"IOTHUB_CLIENT_CONFIRMATION_OK"
17985,10410367673,10410367715,1,"IOTHUB_CLIENT_CONFIRMATION_OK"
17986,10410367873,10410367924,1,"IOTHUB_CLIENT_CONFIRMATION_OK"
17987,10410368074,10410368226,1,"IOTHUB_CLIENT_CONFIRMATION_OK"
17988,10410368274,10410368364,1,"IOTHUB_CLIENT_CONFIRMATION_OK"
17989,10410368474,10410368532,1,"IOTHUB_CLIENT_CONFIRMATION_OK"
17990,10410368674,10410368845,1,"IOTHUB_CLIENT_CONFIRMATION_OK"
17991,10410368874,10410368923,1,"IOTHUB_CLIENT_CONFIRMATION_OK"
17992,10410369074,10410369110,1,"IOTHUB_CLIENT_CONFIRMATION_OK"
17993,10410369275,10410369317,1,"IOTHUB_CLIENT_CONFIRMATION_OK"
17994,10410369475,10410369599,1,"IOTHUB_CLIENT_CONFIRMATION_OK"
17995,10410369675,10410369710,1,"IOTHUB_CLIENT_CONFIRMATION_OK"
17996,10410369875,10410369935,1,"IOTHUB_CLIENT_CONFIRMATION_OK"
17997,10410370075,10410370115,1,"IOTHUB_CLIENT_CONFIRMATION_OK"
17998,10410370275,10410370326,1,"IOTHUB_CLIENT_CONFIRMATION_OK"
17999,10410370476,10410370523,1,"IOTHUB_CLIENT_CONFIRMATION_OK"
18000,10410370676,10410370715,1,"IOTHUB_CLIENT_CONFIRMATION_OK"
18001,10410370876,10410371059,1,"IOTHUB_CLIENT_CONFIRMATION_OK"
18002,10410371076,10410371125,1,"IOTHUB_CLIENT_CONFIRMATION_OK"
18003,10410371276,10410371315,1,"IOTHUB_CLIENT_CONFIRMATION_OK"
18004,10410371476,10410371537,1,"IOTHUB_CLIENT_CONFIRMATION_OK"
18005,10410371676,10410371718,1,"IOTHUB_CLIENT_CONFIRMATION_OK"
18006,10410371877,10410371911,1,"IOTHUB_CLIENT_CONFIRMATION_OK"
18007,10410372077,10410372143,1,"IOTHUB_CLIENT_CONFIRMATION_OK"
18008,10410372277,10410372315,1,"IOTHUB_CLIENT_CONFIRMATION_OK"
18009,10410372477,10410372525,1,"IOTHUB_CLIENT_CONFIRMATION_OK"
18010,10410372677,10410372722,1,"IOTHUB_CLIENT_CONFIRMATION_OK"
18011,10410372877,10410372969,1,"IOTHUB_CLIENT_CONFIRMATION_OK"
18012,10410373077,10410373128,1,"IOTHUB_CLIENT_CONFIRMATION_OK"
18013,10410373278,10410373318,1,"IOTHUB_CLIENT_CONFIRMATION_OK"
18014,10410373478,10410373524,1,"IOTHUB_CLIENT_CONFIRMATION_OK"
18015,10410373678,10410373724,1,"IOTHUB_CLIENT_CONFIRMATION_OK"
18016,10410373878,10410373947,1,"IOTHUB_CLIENT_CONFIRMATION_OK"
18017,10410374078,10410374115,1,"IOTHUB_CLIENT_CONFIRMATION_OK"
18018,10410374278,10410374444,1,"IOTHUB_CLIENT_CONFIRMATION_OK"
18019,10410374479,10410374594,1,"IOTHUB_CLIENT_CONFIRMATION_OK"
18020,10410374679,10410374795,1,"IOTHUB_CLIENT_CONFIRMATION_OK"
18021,10410374879,10410374925,1,"IOTHUB_CLIENT_CONFIRMATION_OK"
18022,10410375079,10410375118,1,"IOTHUB_CLIENT_CONFIRMATION_OK"
18023,10410375279,10410375322,1,"IOTHUB_CLIENT_CONFIRMATION_OK"
18024,10410375479,10410375519,1,"IOTHUB_CLIENT_CONFIRMATION_OK"
18025,10410375679,10410375720,1,"IOTHUB_CLIENT_CONFIRMATION_OK"
18026,10410375880,10410375922,1,"IOTHUB_CLIENT_CONFIRMATION_OK"
18027,10410376080,10410376122,1,"IOTHUB_CLIENT_CONFIRMATION_OK"
18028,10410376280,10410376333,1,"IOTHUB_CLIENT_CONFIRMATION_OK"
18029,10410376480,10410376570,1,"IOTHUB_CLIENT_CONFIRMATION_OK"
18030,10410376680,10410376726,1,"IOTHUB_CLIENT_CONFIRMATION_OK"
18031,10410376880,10410376928,1,"IOTHUB_CLIENT_CONFIRMATION_OK"
18032,10410377081,10410377181,1,"IOTHUB_CLIENT_CONFIRMATION_OK"
18033,10410377281,10410377340,1,"IOTHUB_CLIENT_CONFIRMATION_OK"
18034,10410377481,10410377606,1,"IOTHUB_CLIENT_CONFIRMATION_OK"
18035,10410377681,10410377782,1,"IOTHUB_CLIENT_CONFIRMATION_OK"
18036,10410377881,10410377919,1,"IOTHUB_CLIENT_CONFIRMATION_OK"
18037,10410378081,10410378129,1,"IOTHUB_CLIENT_CONFIRMATION_OK"
18038,10410378282,10410378324,1,"IOTHUB_CLIENT_CONFIRMATION_OK"
18039,10410378482,10410378534,1,"IOTHUB_CLIENT_CONFIRMATION_OK"
18040,10410378682,10410378730,1,"IOTHUB_CLIENT_CONFIRMATION_OK"
18041,10410378882,10410378930,1,"IOTHUB_CLIENT_CONFIRMATION_OK"
18042,10410379082,10410379144,1,"IOTHUB_CLIENT_CONFIRMATION_OK"
18043,10410379282,10410379411,1,"IOTHUB_CLIENT_CONFIRMATION_OK"
18044,10410379483,10410379531,1,"IOTHUB_CLIENT_CONFIRMATION_OK"
18045,10410379683,10410379814,1,"IOTHUB_CLIENT_CONFIRMATION_OK"
18046,10410379883,10410380073,1,"IOTHUB_CLIENT_CONFIRMATION_OK"
18047,10410380083,10410380120,1,"IOTHUB_CLIENT_CONFIRMATION_OK"
18048,10410380283,10410380322,1,"IOTHUB_CLIENT_CONFIRMATION_OK"
18049,10410380483,10410380527,1,"IOTHUB_CLIENT_CONFIRMATION_OK"
18050,10410380684,10410380723,1,"IOTHUB_CLIENT_CONFIRMATION_OK"
18051,10410380884,10410380929,1,"IOTHUB_CLIENT_CONFIRMATION_OK"
18052,10410381084,10410381134,1,"IOTHUB_CLIENT_CONFIRMATION_OK"
18053,10410381284,10410381337,1,"IOTHUB_CLIENT_CONFIRMATION_OK"
18054,10410381484,10410381520,1,"IOTHUB_CLIENT_CONFIRMATION_OK"
18055,10410381684,10410381727,1,"IOTHUB_CLIENT_CONFIRMATION_OK"
18056,10410381885,10410381958,1,"IOTHUB_CLIENT_CONFIRMATION_OK"
18057,10410382085,10410382286,1,"IOTHUB_CLIENT_CONFIRMATION_OK"
18058,10410382285,10410382331,1,"IOTHUB_CLIENT_CONFIRMATION_OK"
18059,10410382485,10410382530,1,"IOTHUB_CLIENT_CONFIRMATION_OK"
18060,10410382685,10410382725,1,"IOTHUB_CLIENT_CONFIRMATION_OK"
18061,10410382885,10410382945,1,"IOTHUB_CLIENT_CONFIRMATION_OK"
18062,10410383085,10410383139,1,"IOTHUB_CLIENT_CONFIRMATION_OK"
18063,10410383286,10410383375,1,"IOTHUB_CLIENT_CONFIRMATION_OK"
18064,10410383486,10410383526,1,"IOTHUB_CLIENT_CONFIRMATION_OK"
18065,10410383686,10410383797,1,"IOTHUB_CLIENT_CONFIRMATION_OK"
18066,10410383886,10410383931,1,"IOTHUB_CLIENT_CONFIRMATION_OK"
18067,10410384086,10410384152,1,"IOTHUB_CLIENT_CONFIRMATION_OK"
18068,10410384286,10410384324,1,"IOTHUB_CLIENT_CONFIRMATION_OK"
18069,10410384487,10410384538,1,"IOTHUB_CLIENT_CONFIRMATION_OK"
18070,10410384687,10410384738,1,"IOTHUB_CLIENT_CONFIRMATION_OK"
18071,10410384887,10410384925,1,"IOTHUB_CLIENT_CONFIRMATION_OK"
18072,10410385087,10410385132,1,"IOTHUB_CLIENT_CONFIRMATION_OK"
18073,10410385287,10410385334,1,"IOTHUB_CLIENT_CONFIRMATION_OK"
18074,10410385487,10410385534,1,"IOTHUB_CLIENT_CONFIRMATION_OK"
18075,10410385687,10410385730,1,"IOTHUB_CLIENT_CONFIRMATION_OK"
18076,10410385887,10410385934,1,"IOTHUB_CLIENT_CONFIRMATION_OK"
18077,10410386088,10410386152,1,"IOTHUB_CLIENT_CONFIRMATION_OK"
18078,10410386288,10410386340,1,"IOTHUB_CLIENT_CONFIRMATION_OK"
18079,10410386488,10410386530,1,"IOTHUB_CLIENT_CONFIRMATION_OK"
18080,10410386688,10410386759,1,"IOTHUB_CLIENT_CONFIRMATION_OK"
18081,10410386888,10410386934,1,"IOTHUB_CLIENT_CONFIRMATION_OK"
18082,10410387088,10410387138,1,"IOTHUB_CLIENT_CONFIRMATION_OK"
18083,10410387289,10410387339,1,"IOTHUB_CLIENT_CONFIRMATION_OK"
18084,10410387489,10410387538,1,"IOTHUB_CLIENT_CONFIRMATION_OK"
18085,10410387689,10410387787,1,"IOTHUB_CLIENT_CONFIRMATION_OK"
18086,10410387889,10410387931,1,"IOTHUB_CLIENT_CONFIRMATION_OK"
18087,10410388089,10410388134,1,"IOTHUB_CLIENT_CONFIRMATION_OK"
18088,10410388289,10410388393,1,"IOTHUB_CLIENT_CONFIRMATION_OK"
18089,10410388490,10410388543,1,"IOTHUB_CLIENT_CONFIRMATION_OK"
18090,10410388690,10410388732,1,"IOTHUB_CLIENT_CONFIRMATION_OK"
18091,10410388890,10410389010,1,"IOTHUB_CLIENT_CONFIRMATION_OK"
18092,10410389090,10410389213,1,"IOTHUB_CLIENT_CONFIRMATION_OK"
18093,10410389290,10410389336,1,"IOTHUB_CLIENT_CONFIRMATION_OK"
18094,10410389490,10410389539,1,"IOTHUB_CLIENT_CONFIRMATION_OK"
18095,10410389691,10410389731,1,"IOTHUB_CLIENT_CONFIRMATION_OK"
18096,10410389891,10410389937,1,"IOTHUB_CLIENT_CONFIRMATION_OK"
18097,10410390091,10410390135,1,"IOTHUB_CLIENT_CONFIRMATION_OK"
18098,10410390291,10410390330,1,"IOTHUB_CLIENT_CONFIRMATION_OK"
18099,10410390491,10410390638,1,"IOTHUB_CLIENT_CONFIRMATION_OK"
18100,10410390691,10410390740,1,"IOTHUB_CLIENT_CONFIRMATION_OK"
18101,10410390892,10410390940,1,"IOTHUB_CLIENT_CONFIRMATION_OK"
18102,10410391092,10410391245,1,"IOTHUB_CLIENT_CONFIRMATION_OK"
18103,10410391292,10410391351,1,"IOTHUB_CLIENT_CONFIRMATION_OK"
18104,10410391492,10410391539,1,"IOTHUB_CLIENT_CONFIRMATION_OK"
18105,10410391692,10410391732,1,"IOTHUB_CLIENT_CONFIRMATION_OK"
18106,10410391892,10410391938,1,"IOTHUB_CLIENT_CONFIRMATION_OK"
18107,10410392093,10410392128,1,"IOTHUB_CLIENT_CONFIRMATION_OK"
18108,10410392293,10410392333,1,"IOTHUB_CLIENT_CONFIRMATION_OK"
18109,10410392493,10410392528,1,"IOTHUB_CLIENT_CONFIRMATION_OK"
18110,10410392693,10410392767,1,"IOTHUB_CLIENT_CONFIRMATION_OK"
18111,10410392893,10410392952,1,"IOTHUB_CLIENT_CONFIRMATION_OK"
18112,10410393093,10410393140,1,"IOTHUB_CLIENT_CONFIRMATION_OK"
18113,10410393294,10410393333,1,"IOTHUB_CLIENT_CONFIRMATION_OK"
18114,10410393494,10410393533,1,"IOTHUB_CLIENT_CONFIRMATION_OK"
18115,10410393694,10410393736,1,"IOTHUB_CLIENT_CONFIRMATION_OK"
18116,10410393894,10410393945,1,"IOTHUB_CLIENT_CONFIRMATION_OK"
18117,10410394094,10410394137,1,"IOTHUB_CLIENT_CONFIRMATION_OK"
18118,10410394294,10410394332,1,"IOTHUB_CLIENT_CONFIRMATION_OK"
18119,10410394494,10410394553,1,"IOTHUB_CLIENT_CONFIRMATION_OK"
18120,10410394695,10410394737,1,"IOTHUB_CLIENT_CONFIRMATION_OK"
18121,10410394895,10410394933,1,"IOTHUB_CLIENT_CONFIRMATION_OK"
18122,10410395095,10410395216,1,"IOTHUB_CLIENT_CONFIRMATION_OK"
18123,10410395295,10410395346,1,"IOTHUB_CLIENT_CONFIRMATION_OK"
18124,10410395495,10410395556,1,"IOTHUB_CLIENT_CONFIRMATION_OK"
18125,10410395695,10410395742,1,"IOTHUB_CLIENT_CONFIRMATION_OK"
18126,10410395896,10410395939,1,"IOTHUB_CLIENT_CONFIRMATION_OK"
18127,10410396096,10410396213,1,"IOTHUB_CLIENT_CONFIRMATION_OK"
18128,10410396296,10410396335,1,"IOTHUB_CLIENT_CONFIRMATION_OK"
18129,10410396496,10410396595,1,"IOTHUB_CLIENT_CONFIRMATION_OK"
18130,10410396696,10410396837,1,"IOTHUB_CLIENT_CONFIRMATION_OK"
18131,10410396896,10410396947,1,"IOTHUB_CLIENT_CONFIRMATION_OK"
18132,10410397097,10410397143,1,"IOTHUB_CLIENT_CONFIRMATION_OK"
18133,10410397297,10410397471,1,"IOTHUB_CLIENT_CONFIRMATION_OK"
18134,10410397497,10410397537,1,"IOTHUB_CLIENT_CONFIRMATION_OK"
18135,10410397697,10410397755,1,"IOTHUB_CLIENT_CONFIRMATION_OK"
18136,10410397897,10410397966,1,"IOTHUB_CLIENT_CONFIRMATION_OK"
18137,10410398097,10410398157,1,"IOTHUB_CLIENT_CONFIRMATION_OK"
18138,10410398298,10410398340,1,"IOTHUB_CLIENT_CONFIRMATION_OK"
18139,10410398498,10410398545,1,"IOTHUB_CLIENT_CONFIRMATION_OK"
18140,10410398698,10410398737,1,"IOTHUB_CLIENT_CONFIRMATION_OK"
18141,10410398898,10410398943,1,"IOTHUB_CLIENT_CONFIRMATION_OK"
18142,10410399098,10410399137,1,"IOTHUB_CLIENT_CONFIRMATION_OK"
18143,10410399298,10410399337,1,"IOTHUB_CLIENT_CONFIRMATION_OK"
18144,10410399498,10410399677,1,"IOTHUB_CLIENT_CONFIRMATION_OK"
18145,10410399699,10410399765,1,"IOTHUB_CLIENT_CONFIRMATION_OK"
18146,10410399899,10410399948,1,"IOTHUB_CLIENT_CONFIRMATION_OK"
18147,10410400099,10410400154,1,"IOTHUB_CLIENT_CONFIRMATION_OK"
18148,10410400299,10410400379,1,"IOTHUB_CLIENT_CONFIRMATION_OK"
18149,10410400499,10410400572,1,"IOTHUB_CLIENT_CONFIRMATION_OK"
18150,10410400699,10410400773,1,"IOTHUB_CLIENT_CONFIRMATION_OK"
18151,10410400900,10410400941,1,"IOTHUB_CLIENT_CONFIRMATION_OK"
18152,10410401100,10410401146,1,"IOTHUB_CLIENT_CONFIRMATION_OK"
18153,10410401300,10410401383,1,"IOTHUB_CLIENT_CONFIRMATION_OK"
18154,10410401500,10410401546,1,"IOTHUB_CLIENT_CONFIRMATION_OK"
18155,10410401700,10410401774,1,"IOTHUB_CLIENT_CONFIRMATION_OK"
18156,10410401900,10410401954,1,"IOTHUB_CLIENT_CONFIRMATION_OK"
18157,10410402100,10410402144,1,"IOTHUB_CLIENT_CONFIRMATION_OK"
18158,10410402301,10410402397,1,"IOTHUB_CLIENT_CONFIRMATION_OK"
18159,10410402501,10410402537,1,"IOTHUB_CLIENT_CONFIRMATION_OK"
18160,10410402701,10410402735,1,"IOTHUB_CLIENT_CONFIRMATION_OK"
18161,10410402901,10410403003,1,"IOTHUB_CLIENT_CONFIRMATION_OK"
18162,10410403101,10410403155,1,"IOTHUB_CLIENT_CONFIRMATION_OK"
18163,10410403301,10410403340,1,"IOTHUB_CLIENT_CONFIRMATION_OK"
18164,10410403502,10410403681,1,"IOTHUB_CLIENT_CONFIRMATION_OK"
18165,10410403702,10410403779,1,"IOTHUB_CLIENT_CONFIRMATION_OK"
18166,10410403902,10410403949,1,"IOTHUB_CLIENT_CONFIRMATION_OK"
18167,10410404102,10410404140,1,"IOTHUB_CLIENT_CONFIRMATION_OK"
18168,10410404302,10410404351,1,"IOTHUB_CLIENT_CONFIRMATION_OK"
18169,10410404502,10410404546,1,"IOTHUB_CLIENT_CONFIRMATION_OK"
18170,10410404703,10410404741,1,"IOTHUB_CLIENT_CONFIRMATION_OK"
18171,10410404903,10410404951,1,"IOTHUB_CLIENT_CONFIRMATION_OK"
18172,10410405103,10410405256,1,"IOTHUB_CLIENT_CONFIRMATION_OK"
18173,10410405303,10410405353,1,"IOTHUB_CLIENT_CONFIRMATION_OK"
18174,10410405503,10410405564,1,"IOTHUB_CLIENT_CONFIRMATION_OK"
18175,10410405703,10410405882,1,"IOTHUB_CLIENT_CONFIRMATION_OK"
18176,10410405903,10410405951,1,"IOTHUB_CLIENT_CONFIRMATION_OK"
18177,10410406104,10410406151,1,"IOTHUB_CLIENT_CONFIRMATION_OK"
18178,10410406304,10410406355,1,"IOTHUB_CLIENT_CONFIRMATION_OK"
18179,10410406504,10410406600,1,"IOTHUB_CLIENT_CONFIRMATION_OK"
18180,10410406704,10410406746,1,"IOTHUB_CLIENT_CONFIRMATION_OK"
18181,10410406904,10410406945,1,"IOTHUB_CLIENT_CONFIRMATION_OK"
18182,10410407104,10410407145,1,"IOTHUB_CLIENT_CONFIRMATION_OK"
18183,10410407305,10410407347,1,"IOTHUB_CLIENT_CONFIRMATION_OK"
18184,10410407505,10410407540,1,"IOTHUB_CLIENT_CONFIRMATION_OK"
18185,10410407705,10410407744,1,"IOTHUB_CLIENT_CONFIRMATION_OK"
18186,10410407905,10410407968,1,"IOTHUB_CLIENT_CONFIRMATION_OK"
18187,10410408105,10410408143,1,"IOTHUB_CLIENT_CONFIRMATION_OK"
18188,10410408305,10410408360,1,"IOTHUB_CLIENT_CONFIRMATION_OK"
18189,10410408506,10410408545,1,"IOTHUB_CLIENT_CONFIRMATION_OK"
18190,10410408706,10410408745,1,"IOTHUB_CLIENT_CONFIRMATION_OK"
18191,10410408906,10410408946,1,"IOTHUB_CLIENT_CONFIRMATION_OK"
18192,10410409106,10410409151,1,"IOTHUB_CLIENT_CONFIRMATION_OK"
18193,10410409306,10410409349,1,"IOTHUB_CLIENT_CONFIRMATION_OK"
18194,10410409506,10410409553,1,"IOTHUB_CLIENT_CONFIRMATION_OK"
18195,10410409706,10410409761,1,"IOTHUB_CLIENT_CONFIRMATION_OK"
18196,10410409907,10410409956,1,"IOTHUB_CLIENT_CONFIRMATION_OK"
18197,10410410107,10410410152,1,"IOTHUB_CLIENT_CONFIRMATION_OK"
18198,10410410307,10410410382,1,"IOTHUB_CLIENT_CONFIRMATION_OK"
18199,10410410507,10410410551,1,"IOTHUB_CLIENT_CONFIRMATION_OK"
18200,10410410707,10410410754,1,"IOTHUB_CLIENT_CONFIRMATION_OK"
18201,10410410907,10410411009,1,"IOTHUB_CLIENT_CONFIRMATION_OK"
18202,10410411108,10410411151,1,"IOTHUB_CLIENT_CONFIRMATION_OK"
18203,10410411308,10410411399,1,"IOTHUB_CLIENT_CONFIRMATION_OK"
18204,10410411508,10410411556,1,"IOTHUB_CLIENT_CONFIRMATION_OK"
18205,10410411708,10410411775,1,"IOTHUB_CLIENT_CONFIRMATION_OK"
18206,10410411908,10410412014,1,"IOTHUB_CLIENT_CONFIRMATION_OK"
18207,10410412108,10410412156,1,"IOTHUB_CLIENT_CONFIRMATION_OK"
18208,10410412309,10410412352,1,"IOTHUB_CLIENT_CONFIRMATION_OK"
18209,10410412509,10410412558,1,"IOTHUB_CLIENT_CONFIRMATION_OK"
18210,10410412709,10410412762,1,"IOTHUB_CLIENT_CONFIRMATION_OK"
18211,10410412909,10410413000,1,"IOTHUB_CLIENT_CONFIRMATION_OK"
18212,10410413109,10410413149,1,"IOTHUB_CLIENT_CONFIRMATION_OK"
18213,10410413309,10410413345,1,"IOTHUB_CLIENT_CONFIRMATION_OK"
18214,10410413509,10410413633,1,"IOTHUB_CLIENT_CONFIRMATION_OK"
18215,10410413710,10410413753,1,"IOTHUB_CLIENT_CONFIRMATION_OK"
18216,10410413910,10410413961,1,"IOTHUB_CLIENT_CONFIRMATION_OK"
18217,10410414110,10410414247,1,"IOTHUB_CLIENT_CONFIRMATION_OK"
18218,10410414310,10410414347,1,"IOTHUB_CLIENT_CONFIRMATION_OK"
18219,10410414510,10410414569,1,"IOTHUB_CLIENT_CONFIRMATION_OK"
18220,10410414710,10410414754,1,"IOTHUB_CLIENT_CONFIRMATION_OK"
18221,10410414911,10410414952,1,"IOTHUB_CLIENT_CONFIRMATION_OK"
18222,10410415111,10410415214,1,"IOTHUB_CLIENT_CONFIRMATION_OK"
18223,10410415311,10410415407,1,"IOTHUB_CLIENT_CONFIRMATION_OK"
18224,10410415511,10410415592,1,"IOTHUB_CLIENT_CONFIRMATION_OK"
18225,10410415711,10410415756,1,"IOTHUB_CLIENT_CONFIRMATION_OK"
18226,10410415911,10410415952,1,"IOTHUB_CLIENT_CONFIRMATION_OK"
18227,10410416111,10410416157,1,"IOTHUB_CLIENT_CONFIRMATION_OK"
18228,10410416312,10410416366,1,"IOTHUB_CLIENT_CONFIRMATION_OK"
18229,10410416512,10410416558,1,"IOTHUB_CLIENT_CONFIRMATION_OK"
18230,10410416712,10410416750,1,"IOTHUB_CLIENT_CONFIRMATION_OK"
18231,10410416912,10410416954,1,"IOTHUB_CLIENT_CONFIRMATION_OK"
18232,10410417112,10410417151,1,"IOTHUB_CLIENT_CONFIRMATION_OK"
18233,10410417312,10410417357,1,"IOTHUB_CLIENT_CONFIRMATION_OK"
18234,10410417513,10410417572,1,"IOTHUB_CLIENT_CONFIRMATION_OK"
18235,10410417713,10410417758,1,"IOTHUB_CLIENT_CONFIRMATION_OK"
18236,10410417913,10410417949,1,"IOTHUB_CLIENT_CONFIRMATION_OK"
18237,10410418113,10410418175,1,"IOTHUB_CLIENT_CONFIRMATION_OK"
18238,10410418313,10410418362,1,"IOTHUB_CLIENT_CONFIRMATION_OK"
18239,10410418513,10410418552,1,"IOTHUB_CLIENT_CONFIRMATION_OK"
18240,10410418713,10410418754,1,"IOTHUB_CLIENT_CONFIRMATION_OK"
18241,10410418914,10410418962,1,"IOTHUB_CLIENT_CONFIRMATION_OK"
18242,10410419114,10410419174,1,"IOTHUB_CLIENT_CONFIRMATION_OK"
18243,10410419314,10410419357,1,"IOTHUB_CLIENT_CONFIRMATION_OK"
18244,10410419514,10410419608,1,"IOTHUB_CLIENT_CONFIRMATION_OK"
18245,10410419714,10410419811,1,"IOTHUB_CLIENT_CONFIRMATION_OK"
18246,10410419914,10410419976,1,"IOTHUB_CLIENT_CONFIRMATION_OK"
18247,10410420114,10410420178,1,"IOTHUB_CLIENT_CONFIRMATION_OK"
18248,10410420315,10410420418,1,"IOTHUB_CLIENT_CONFIRMATION_OK"
18249,10410420515,10410420564,1,"IOTHUB_CLIENT_CONFIRMATION_OK"
18250,10410420715,10410420764,1,"IOTHUB_CLIENT_CONFIRMATION_OK"
18251,10410420915,10410421019,1,"IOTHUB_CLIENT_CONFIRMATION_OK"
18252,10410421115,10410421154,1,"IOTHUB_CLIENT_CONFIRMATION_OK"
18253,10410421315,10410421398,1,"IOTHUB_CLIENT_CONFIRMATION_OK"
18254,10410421515,10410421562,1,"IOTHUB_CLIENT_CONFIRMATION_OK"
18255,10410421716,10410421754,1,"IOTHUB_CLIENT_CONFIRMATION_OK"
18256,10410421916,10410422021,1,"IOTHUB_CLIENT_CONFIRMATION_OK"
18257,10410422116,10410422156,1,"IOTHUB_CLIENT_CONFIRMATION_OK"
18258,10410422316,10410422364,1,"IOTHUB_CLIENT_CONFIRMATION_OK"
18259,10410422516,10410422639,1,"IOTHUB_CLIENT_CONFIRMATION_OK"
18260,10410422716,10410422761,1,"IOTHUB_CLIENT_CONFIRMATION_OK"
18261,10410422917,10410422961,1,"IOTHUB_CLIENT_CONFIRMATION_OK"
18262,10410423117,10410423252,1,"IOTHUB_CLIENT_CONFIRMATION_OK"
18263,10410423317,10410423357,1,"IOTHUB_CLIENT_CONFIRMATION_OK"
18264,10410423517,10410423559,1,"IOTHUB_CLIENT_CONFIRMATION_OK"
18265,10410423717,10410423789,1,"IOTHUB_CLIENT_CONFIRMATION_OK"
18266,10410423917,10410423967,1,"IOTHUB_CLIENT_CONFIRMATION_OK"
18267,10410424118,10410424157,1,"IOTHUB_CLIENT_CONFIRMATION_OK"
18268,10410424318,10410424369,1,"IOTHUB_CLIENT_CONFIRMATION_OK"
18269,10410424518,10410424564,1,"IOTHUB_CLIENT_CONFIRMATION_OK"
18270,10410424718,10410424886,1,"IOTHUB_CLIENT_CONFIRMATION_OK"
18271,10410424918,10410424968,1,"IOTHUB_CLIENT_CONFIRMATION_OK"
18272,10410425118,10410425177,1,"IOTHUB_CLIENT_CONFIRMATION_OK"
18273,10410425318,10410425509,1,"IOTHUB_CLIENT_CONFIRMATION_OK"
18274,10410425519,10410425559,1,"IOTHUB_CLIENT_CONFIRMATION_OK"
18275,10410425719,10410425763,1,"IOTHUB_CLIENT_CONFIRMATION_OK"
18276,10410425919,10410425965,1,"IOTHUB_CLIENT_CONFIRMATION_OK"
18277,10410426119,10410426169,1,"IOTHUB_CLIENT_CONFIRMATION_OK"
18278,10410426319,10410426358,1,"IOTHUB_CLIENT_CONFIRMATION_OK"
18279,10410426519,10410426558,1,"IOTHUB_CLIENT_CONFIRMATION_OK"
18280,10410426720,10410426795,1,"IOTHUB_CLIENT_CONFIRMATION_OK"
18281,10410426920,10410426957,1,"IOTHUB_CLIENT_CONFIRMATION_OK"
18282,10410427120,10410427166,1,"IOTHUB_CLIENT_CONFIRMATION_OK"
18283,10410427320,10410427380,1,"IOTHUB_CLIENT_CONFIRMATION_OK"
18284,10410427520,10410427566,1,"IOTHUB_CLIENT_CONFIRMATION_OK"
18285,10410427720,10410427770,1,"IOTHUB_CLIENT_CONFIRMATION_OK"
18286,10410427921,10410427957,1,"IOTHUB_CLIENT_CONFIRMATION_OK"
18287,10410428121,10410428159,1,"IOTHUB_CLIENT_CONFIRMATION_OK"
18288,10410428321,10410428360,1,"IOTHUB_CLIENT_CONFIRMATION_OK"
18289,10410428521,10410428562,1,"IOTHUB_CLIENT_CONFIRMATION_OK"
18290,10410428721,10410428776,1,"IOTHUB_CLIENT_CONFIRMATION_OK"
18291,10410428921,10410428963,1,"IOTHUB_CLIENT_CONFIRMATION_OK"
18292,10410429122,10410429171,1,"IOTHUB_CLIENT_CONFIRMATION_OK"
18293,10410429322,10410429385,1,"IOTHUB_CLIENT_CONFIRMATION_OK"
18294,10410429522,10410429575,1,"IOTHUB_CLIENT_CONFIRMATION_OK"
18295,10410429722,10410429771,1,"IOTHUB_CLIENT_CONFIRMATION_OK"
18296,10410429922,10410429972,1,"IOTHUB_CLIENT_CONFIRMATION_OK"
18297,10410430122,10410430167,1,"IOTHUB_CLIENT_CONFIRMATION_OK"
18298,10410430322,10410430391,1,"IOTHUB_CLIENT_CONFIRMATION_OK"
18299,10410430523,10410430560,1,"IOTHUB_CLIENT_CONFIRMATION_OK"
18300,10410430723,10410430775,1,"IOTHUB_CLIENT_CONFIRMATION_OK"
18301,10410430923,10410431039,1,"IOTHUB_CLIENT_CONFIRMATION_OK"
18302,10410431123,10410431173,1,"IOTHUB_CLIENT_CONFIRMATION_OK"
18303,10410431323,10410431362,1,"IOTHUB_CLIENT_CONFIRMATION_OK"
18304,10410431523,10410431743,1,"IOTHUB_CLIENT_CONFIRMATION_OK"
18305,10410431724,10410431765,1,"IOTHUB_CLIENT_CONFIRMATION_OK"
18306,10410431924,10410431964,1,"IOTHUB_CLIENT_CONFIRMATION_OK"
18307,10410432124,10410432163,1,"IOTHUB_CLIENT_CONFIRMATION_OK"
18308,10410432324,10410432369,1,"IOTHUB_CLIENT_CONFIRMATION_OK"
18309,10410432524,10410432576,1,"IOTHUB_CLIENT_CONFIRMATION_OK"
18310,10410432724,10410432798,1,"IOTHUB_CLIENT_CONFIRMATION_OK"
18311,10410432925,10410433000,1,"IOTHUB_CLIENT_CONFIRMATION_OK"
18312,10410433125,10410433171,1,"IOTHUB_CLIENT_CONFIRMATION_OK"
18313,10410433325,10410433368,1,"IOTHUB_CLIENT_CONFIRMATION_OK"
18314,10410433525,10410433580,1,"IOTHUB_CLIENT_CONFIRMATION_OK"
18315,10410433725,10410433771,1,"IOTHUB_CLIENT_CONFIRMATION_OK"
18316,10410433925,10410433976,1,"IOTHUB_CLIENT_CONFIRMATION_OK"
18317,10410434125,10410434173,1,"IOTHUB_CLIENT_CONFIRMATION_OK"
18318,10410434326,10410434387,1,"IOTHUB_CLIENT_CONFIRMATION_OK"
18319,10410434526,10410434569,1,"IOTHUB_CLIENT_CONFIRMATION_OK"
18320,10410434726,10410434769,1,"IOTHUB_CLIENT_CONFIRMATION_OK"
18321,10410434926,10410435072,1,"IOTHUB_CLIENT_CONFIRMATION_OK"
18322,10410435126,10410435197,1,"IOTHUB_CLIENT_CONFIRMATION_OK"
18323,10410435326,10410435373,1,"IOTHUB_CLIENT_CONFIRMATION_OK"
18324,10410435527,10410435570,1,"IOTHUB_CLIENT_CONFIRMATION_OK"
18325,10410435727,10410435782,1,"IOTHUB_CLIENT_CONFIRMATION_OK"
18326,10410435927,10410435996,1,"IOTHUB_CLIENT_CONFIRMATION_OK"
18327,10410436127,10410436180,1,"IOTHUB_CLIENT_CONFIRMATION_OK"
18328,10410436327,10410436386,1,"IOTHUB_CLIENT_CONFIRMATION_OK"
18329,10410436527,10410436681,1,"IOTHUB_CLIENT_CONFIRMATION_OK"
18330,10410436728,10410436854,1,"IOTHUB_CLIENT_CONFIRMATION_OK"
18331,10410436928,10410436979,1,"IOTHUB_CLIENT_CONFIRMATION_OK"
18332,10410437128,10410437323,1,"IOTHUB_CLIENT_CONFIRMATION_OK"
18333,10410437328,10410437403,1,"IOTHUB_CLIENT_CONFIRMATION_OK"
18334,10410437528,10410437571,1,"IOTHUB_CLIENT_CONFIRMATION_OK"
18335,10410437728,10410437768,1,"IOTHUB_CLIENT_CONFIRMATION_OK"
18336,10410437928,10410438007,1,"IOTHUB_CLIENT_CONFIRMATION_OK"
18337,10410438129,10410438168,1,"IOTHUB_CLIENT_CONFIRMATION_OK"
18338,10410438329,10410438374,1,"IOTHUB_CLIENT_CONFIRMATION_OK"
18339,10410438529,10410438562,1,"IOTHUB_CLIENT_CONFIRMATION_OK"
18340,10410438729,10410438776,1,"IOTHUB_CLIENT_CONFIRMATION_OK"
18341,10410438929,10410438989,1,"IOTHUB_CLIENT_CONFIRMATION_OK"
18342,10410439129,10410439179,1,"IOTHUB_CLIENT_CONFIRMATION_OK"
18343,10410439330,10410439371,1,"IOTHUB_CLIENT_CONFIRMATION_OK"
18344,10410439530,10410439560,1,"IOTHUB_CLIENT_CONFIRMATION_OK"
18345,10410439730,10410439775,1,"IOTHUB_CLIENT_CONFIRMATION_OK"
18346,10410439930,10410439991,1,"IOTHUB_CLIENT_CONFIRMATION_OK"
18347,10410440130,10410440170,1,"IOTHUB_CLIENT_CONFIRMATION_OK"
18348,10410440330,10410440367,1,"IOTHUB_CLIENT_CONFIRMATION_OK"
18349,10410440531,10410440595,1,"IOTHUB_CLIENT_CONFIRMATION_OK"
18350,10410440731,10410440773,1,"IOTHUB_CLIENT_CONFIRMATION_OK"
18351,10410440931,10410440981,1,"IOTHUB_CLIENT_CONFIRMATION_OK"
18352,10410441131,10410441205,1,"IOTHUB_CLIENT_CONFIRMATION_OK"
18353,10410441331,10410441366,1,"IOTHUB_CLIENT_CONFIRMATION_OK"
18354,10410441531,10410441568,1,"IOTHUB_CLIENT_CONFIRMATION_OK"
18355,10410441731,10410441773,1,"IOTHUB_CLIENT_CONFIRMATION_OK"
18356,10410441932,10410441976,1,"IOTHUB_CLIENT_CONFIRMATION_OK"
18357,10410442132,10410442213,1,"IOTHUB_CLIENT_CONFIRMATION_OK"
18358,10410442332,10410442378,1,"IOTHUB_CLIENT_CONFIRMATION_OK"
18359,10410442532,10410442577,1,"IOTHUB_CLIENT_CONFIRMATION_OK"
18360,10410442732,10410442835,1,"IOTHUB_CLIENT_CONFIRMATION_OK"
18361,10410442932,10410442972,1,"IOTHUB_CLIENT_CONFIRMATION_OK"
18362,10410443132,10410443174,1,"IOTHUB_CLIENT_CONFIRMATION_OK"
18363,10410443333,10410443434,1,"IOTHUB_CLIENT_CONFIRMATION_OK"
18364,10410443533,10410443573,1,"IOTHUB_CLIENT_CONFIRMATION_OK"
18365,10410443733,10410443787,1,"IOTHUB_CLIENT_CONFIRMATION_OK"
18366,10410443933,10410443986,1,"IOTHUB_CLIENT_CONFIRMATION_OK"
18367,10410444133,10410444176,1,"IOTHUB_CLIENT_CONFIRMATION_OK"
18368,10410444333,10410444370,1,"IOTHUB_CLIENT_CONFIRMATION_OK"
18369,10410444534,10410444584,1,"IOTHUB_CLIENT_CONFIRMATION_OK"
18370,10410444734,10410444791,1,"IOTHUB_CLIENT_CONFIRMATION_OK"
18371,10410444934,10410445105,1,"IOTHUB_CLIENT_CONFIRMATION_OK"
18372,10410445134,10410445195,1,"IOTHUB_CLIENT_CONFIRMATION_OK"
18373,10410445334,10410445378,1,"IOTHUB_CLIENT_CONFIRMATION_OK"
18374,10410445534,10410445704,1,"IOTHUB_CLIENT_CONFIRMATION_OK"
18375,10410445735,10410445795,1,"IOTHUB_CLIENT_CONFIRMATION_OK"
18376,10410445935,10410445979,1,"IOTHUB_CLIENT_CONFIRMATION_OK"
18377,10410446135,10410446231,1,"IOTHUB_CLIENT_CONFIRMATION_OK"
18378,10410446335,10410446376,1,"IOTHUB_CLIENT_CONFIRMATION_OK"
18379,10410446535,10410446574,1,"IOTHUB_CLIENT_CONFIRMATION_OK"
18380,10410446735,10410446780,1,"IOTHUB_CLIENT_CONFIRMATION_OK"
18381,10410446935,10410446987,1,"IOTHUB_CLIENT_CONFIRMATION_OK"
18382,10410447136,10410447181,1,"IOTHUB_CLIENT_CONFIRMATION_OK"
18383,10410447336,10410447372,1,"IOTHUB_CLIENT_CONFIRMATION_OK"
18384,10410447536,10410447582,1,"IOTHUB_CLIENT_CONFIRMATION_OK"
18385,10410447736,10410447940,1,"IOTHUB_CLIENT_CONFIRMATION_OK"
18386,10410447936,10410447974,1,"IOTHUB_CLIENT_CONFIRMATION_OK"
18387,10410448136,10410448196,1,"IOTHUB_CLIENT_CONFIRMATION_OK"
18388,10410448337,10410448375,1,"IOTHUB_CLIENT_CONFIRMATION_OK"
18389,10410448537,10410448585,1,"IOTHUB_CLIENT_CONFIRMATION_OK"
18390,10410448737,10410448787,1,"IOTHUB_CLIENT_CONFIRMATION_OK"
18391,10410448937,10410448974,1,"IOTHUB_CLIENT_CONFIRMATION_OK"
18392,10410449137,10410449187,1,"IOTHUB_CLIENT_CONFIRMATION_OK"
18393,10410449337,10410449423,1,"IOTHUB_CLIENT_CONFIRMATION_OK"
18394,10410449538,10410449592,1,"IOTHUB_CLIENT_CONFIRMATION_OK"
18395,10410449738,10410449787,1,"IOTHUB_CLIENT_CONFIRMATION_OK"
18396,10410449938,10410449974,1,"IOTHUB_CLIENT_CONFIRMATION_OK"
18397,10410450138,10410450206,1,"IOTHUB_CLIENT_CONFIRMATION_OK"
18398,10410450338,10410450386,1,"IOTHUB_CLIENT_CONFIRMATION_OK"
18399,10410450538,10410450582,1,"IOTHUB_CLIENT_CONFIRMATION_OK"
18400,10410450738,10410450838,1,"IOTHUB_CLIENT_CONFIRMATION_OK"
18401,10410450939,10410450973,1,"IOTHUB_CLIENT_CONFIRMATION_OK"
18402,10410451139,10410451246,1,"IOTHUB_CLIENT_CONFIRMATION_OK"
18403,10410451339,10410451387,1,"IOTHUB_CLIENT_CONFIRMATION_OK"
18404,10410451539,10410451576,1,"IOTHUB_CLIENT_CONFIRMATION_OK"
18405,10410451739,10410451869,1,"IOTHUB_CLIENT_CONFIRMATION_OK"
18406,10410451939,10410451990,1,"IOTHUB_CLIENT_CONFIRMATION_OK"
18407,10410452140,10410452177,1,"IOTHUB_CLIENT_CONFIRMATION_OK"
18408,10410452340,10410452373,1,"IOTHUB_CLIENT_CONFIRMATION_OK"
18409,10410452540,10410452580,1,"IOTHUB_CLIENT_CONFIRMATION_OK"
18410,10410452740,10410452787,1,"IOTHUB_CLIENT_CONFIRMATION_OK"
18411,10410452940,10410452986,1,"IOTHUB_CLIENT_CONFIRMATION_OK"
18412,10410453140,10410453188,1,"IOTHUB_CLIENT_CONFIRMATION_OK"
18413,10410453341,10410453529,1,"IOTHUB_CLIENT_CONFIRMATION_OK"
18414,10410453541,10410453652,1,"IOTHUB_CLIENT_CONFIRMATION_OK"
18415,10410453741,10410453815,1,"IOTHUB_CLIENT_CONFIRMATION_OK"
18416,10410453941,10410454115,1,"IOTHUB_CLIENT_CONFIRMATION_OK"
18417,10410454141,10410454178,1,"IOTHUB_CLIENT_CONFIRMATION_OK"
18418,10410454341,10410454396,1,"IOTHUB_CLIENT_CONFIRMATION_OK"
18419,10410454542,10410454578,1,"IOTHUB_CLIENT_CONFIRMATION_OK"
18420,10410454742,10410454860,1,"IOTHUB_CLIENT_CONFIRMATION_OK"
18421,10410454942,10410454991,1,"IOTHUB_CLIENT_CONFIRMATION_OK"
18422,10410455142,10410455188,1,"IOTHUB_CLIENT_CONFIRMATION_OK"
18423,10410455342,10410455399,1,"IOTHUB_CLIENT_CONFIRMATION_OK"
18424,10410455542,10410455590,1,"IOTHUB_CLIENT_CONFIRMATION_OK"
18425,10410455742,10410455825,1,"IOTHUB_CLIENT_CONFIRMATION_OK"
18426,10410455943,10410455988,1,"IOTHUB_CLIENT_CONFIRMATION_OK"
18427,10410456143,10410456199,1,"IOTHUB_CLIENT_CONFIRMATION_OK"
18428,10410456343,10410456399,1,"IOTHUB_CLIENT_CONFIRMATION_OK"
18429,10410456543,10410456582,1,"IOTHUB_CLIENT_CONFIRMATION_OK"
18430,10410456743,10410456834,1,"IOTHUB_CLIENT_CONFIRMATION_OK"
18431,10410456943,10410456993,1,"IOTHUB_CLIENT_CONFIRMATION_OK"
18432,10410457144,10410457200,1,"IOTHUB_CLIENT_CONFIRMATION_OK"
18433,10410457344,10410457444,1,"IOTHUB_CLIENT_CONFIRMATION_OK"
18434,10410457544,10410457598,1,"IOTHUB_CLIENT_CONFIRMATION_OK"
18435,10410457744,10410457831,1,"IOTHUB_CLIENT_CONFIRMATION_OK"
18436,10410457944,10410458072,1,"IOTHUB_CLIENT_CONFIRMATION_OK"
18437,10410458144,10410458193,1,"IOTHUB_CLIENT_CONFIRMATION_OK"
18438,10410458344,10410458383,1,"IOTHUB_CLIENT_CONFIRMATION_OK"
18439,10410458545,10410458596,1,"IOTHUB_CLIENT_CONFIRMATION_OK"
18440,10410458745,10410458783,1,"IOTHUB_CLIENT_CONFIRMATION_OK"
18441,10410458945,10410458987,1,"IOTHUB_CLIENT_CONFIRMATION_OK"
18442,10410459145,10410459219,1,"IOTHUB_CLIENT_CONFIRMATION_OK"
18443,10410459345,10410459390,1,"IOTHUB_CLIENT_CONFIRMATION_OK"
18444,10410459545,10410459707,1,"IOTHUB_CLIENT_CONFIRMATION_OK"
18445,10410459746,10410459816,1,"IOTHUB_CLIENT_CONFIRMATION_OK"
18446,10410459946,10410459982,1,"IOTHUB_CLIENT_CONFIRMATION_OK"
18447,10410460146,10410460251,1,"IOTHUB_CLIENT_CONFIRMATION_OK"
18448,10410460346,10410460390,1,"IOTHUB_CLIENT_CONFIRMATION_OK"
18449,10410460546,10410460596,1,"IOTHUB_CLIENT_CONFIRMATION_OK"
18450,10410460746,10410460810,1,"IOTHUB_CLIENT_CONFIRMATION_OK"
18451,10410460946,10410460999,1,"IOTHUB_CLIENT_CONFIRMATION_OK"
18452,10410461147,10410461195,1,"IOTHUB_CLIENT_CONFIRMATION_OK"
18453,10410461347,10410461401,1,"IOTHUB_CLIENT_CONFIRMATION_OK"
18454,10410461547,10410461603,1,"IOTHUB_CLIENT_CONFIRMATION_OK"
18455,10410461747,10410461792,1,"IOTHUB_CLIENT_CONFIRMATION_OK"
18456,10410461947,10410462015,1,"IOTHUB_CLIENT_CONFIRMATION_OK"
18457,10410462147,10410462192,1,"IOTHUB_CLIENT_CONFIRMATION_OK"
18458,10410462348,10410462405,1,"IOTHUB_CLIENT_CONFIRMATION_OK"
18459,10410462548,10410462585,1,"IOTHUB_CLIENT_CONFIRMATION_OK"
18460,10410462748,10410462788,1,"IOTHUB_CLIENT_CONFIRMATION_OK"
18461,10410462948,10410463012,1,"IOTHUB_CLIENT_CONFIRMATION_OK"
18462,10410463148,10410463184,1,"IOTHUB_CLIENT_CONFIRMATION_OK"
18463,10410463349,10410463419,1,"IOTHUB_CLIENT_CONFIRMATION_OK"
18464,10410463549,10410463614,1,"IOTHUB_CLIENT_CONFIRMATION_OK"
18465,10410463749,10410463794,1,"IOTHUB_CLIENT_CONFIRMATION_OK"
18466,10410463949,10410463980,1,"IOTHUB_CLIENT_CONFIRMATION_OK"
18467,10410464149,10410464251,1,"IOTHUB_CLIENT_CONFIRMATION_OK"
18468,10410464349,10410464445,1,"IOTHUB_CLIENT_CONFIRMATION_OK"
18469,10410464550,10410464587,1,"IOTHUB_CLIENT_CONFIRMATION_OK"
18470,10410464750,10410464808,1,"IOTHUB_CLIENT_CONFIRMATION_OK"
18471,10410464950,10410465002,1,"IOTHUB_CLIENT_CONFIRMATION_OK"
18472,10410465150,10410465266,1,"IOTHUB_CLIENT_CONFIRMATION_OK"
18473,10410465350,10410465398,1,"IOTHUB_CLIENT_CONFIRMATION_OK"
18474,10410465550,10410465624,1,"IOTHUB_CLIENT_CONFIRMATION_OK"
18475,10410465750,10410465877,1,"IOTHUB_CLIENT_CONFIRMATION_OK"
18476,10410465951,10410465990,1,"IOTHUB_CLIENT_CONFIRMATION_OK"
18477,10410466151,10410466197,1,"IOTHUB_CLIENT_CONFIRMATION_OK"
18478,10410466351,10410466396,1,"IOTHUB_CLIENT_CONFIRMATION_OK"
18479,10410466551,10410466599,1,"IOTHUB_CLIENT_CONFIRMATION_OK"
18480,10410466751,10410466804,1,"IOTHUB_CLIENT_CONFIRMATION_OK"
18481,10410466951,10410467023,1,"IOTHUB_CLIENT_CONFIRMATION_OK"
18482,10410467151,10410467208,1,"IOTHUB_CLIENT_CONFIRMATION_OK"
18483,10410467352,10410467407,1,"IOTHUB_CLIENT_CONFIRMATION_OK"
18484,10410467552,10410467583,1,"IOTHUB_CLIENT_CONFIRMATION_OK"
18485,10410467752,10410467795,1,"IOTHUB_CLIENT_CONFIRMATION_OK"
18486,10410467952,10410468109,1,"IOTHUB_CLIENT_CONFIRMATION_OK"
18487,10410468152,10410468207,1,"IOTHUB_CLIENT_CONFIRMATION_OK"
18488,10410468352,10410468423,1,"IOTHUB_CLIENT_CONFIRMATION_OK"
18489,10410468553,10410468604,1,"IOTHUB_CLIENT_CONFIRMATION_OK"
18490,10410468753,10410468798,1,"IOTHUB_CLIENT_CONFIRMATION_OK"
18491,10410468953,10410468990,1,"IOTHUB_CLIENT_CONFIRMATION_OK"
18492,10410469153,10410469207,1,"IOTHUB_CLIENT_CONFIRMATION_OK"
18493,10410469353,10410469415,1,"IOTHUB_CLIENT_CONFIRMATION_OK"
18494,10410469553,10410469600,1,"IOTHUB_CLIENT_CONFIRMATION_OK"
18495,10410469754,10410469822,1,"IOTHUB_CLIENT_CONFIRMATION_OK"
18496,10410469954,10410469997,1,"IOTHUB_CLIENT_CONFIRMATION_OK"
18497,10410470154,10410470200,1,"IOTHUB_CLIENT_CONFIRMATION_OK"
18498,10410470354,10410470389,1,"IOTHUB_CLIENT_CONFIRMATION_OK"
18499,10410470554,10410470610,1,"IOTHUB_CLIENT_CONFIRMATION_OK"
18500,10410470754,10410470793,1,"IOTHUB_CLIENT_CONFIRMATION_OK"
18501,10410470954,10410471043,1,"IOTHUB_CLIENT_CONFIRMATION_OK"
18502,10410471155,10410471209,1,"IOTHUB_CLIENT_CONFIRMATION_OK"
18503,10410471355,10410471399,1,"IOTHUB_CLIENT_CONFIRMATION_OK"
18504,10410471555,10410471606,1,"IOTHUB_CLIENT_CONFIRMATION_OK"
18505,10410471755,10410471800,1,"IOTHUB_CLIENT_CONFIRMATION_OK"
18506,10410471955,10410472008,1,"IOTHUB_CLIENT_CONFIRMATION_OK"
18507,10410472155,10410472210,1,"IOTHUB_CLIENT_CONFIRMATION_OK"
18508,10410472356,10410472395,1,"IOTHUB_CLIENT_CONFIRMATION_OK"
18509,10410472556,10410472613,1,"IOTHUB_CLIENT_CONFIRMATION_OK"
18510,10410472756,10410472812,1,"IOTHUB_CLIENT_CONFIRMATION_OK"
18511,10410472956,10410473018,1,"IOTHUB_CLIENT_CONFIRMATION_OK"
18512,10410473156,10410473218,1,"IOTHUB_CLIENT_CONFIRMATION_OK"
18513,10410473356,10410473396,1,"IOTHUB_CLIENT_CONFIRMATION_OK"
18514,10410473557,10410473628,1,"IOTHUB_CLIENT_CONFIRMATION_OK"
18515,10410473757,10410473796,1,"IOTHUB_CLIENT_CONFIRMATION_OK"
18516,10410473957,10410473999,1,"IOTHUB_CLIENT_CONFIRMATION_OK"
18517,10410474157,10410474235,1,"IOTHUB_CLIENT_CONFIRMATION_OK"
18518,10410474357,10410474405,1,"IOTHUB_CLIENT_CONFIRMATION_OK"
18519,10410474557,10410474602,1,"IOTHUB_CLIENT_CONFIRMATION_OK"
18520,10410474758,10410474843,1,"IOTHUB_CLIENT_CONFIRMATION_OK"
18521,10410474958,10410475006,1,"IOTHUB_CLIENT_CONFIRMATION_OK"
18522,10410475158,10410475203,1,"IOTHUB_CLIENT_CONFIRMATION_OK"
18523,10410475358,10410475408,1,"IOTHUB_CLIENT_CONFIRMATION_OK"
18524,10410475558,10410475600,1,"IOTHUB_CLIENT_CONFIRMATION_OK"
18525,10410475758,10410475795,1,"IOTHUB_CLIENT_CONFIRMATION_OK"
18526,10410475958,10410475992,1,"IOTHUB_CLIENT_CONFIRMATION_OK"
18527,10410476159,10410476202,1,"IOTHUB_CLIENT_CONFIRMATION_OK"
18528,10410476359,10410476515,1,"IOTHUB_CLIENT_CONFIRMATION_OK"
18529,10410476559,10410476601,1,"IOTHUB_CLIENT_CONFIRMATION_OK"
18530,10410476759,10410476812,1,"IOTHUB_CLIENT_CONFIRMATION_OK"
18531,10410476959,10410477090,1,"IOTHUB_CLIENT_CONFIRMATION_OK"
18532,10410477159,10410477210,1,"IOTHUB_CLIENT_CONFIRMATION_OK"
18533,10410477360,10410477408,1,"IOTHUB_CLIENT_CONFIRMATION_OK"
18534,10410477560,10410477691,1,"IOTHUB_CLIENT_CONFIRMATION_OK"
18535,10410477760,10410477825,1,"IOTHUB_CLIENT_CONFIRMATION_OK"
18536,10410477960,10410478002,1,"IOTHUB_CLIENT_CONFIRMATION_OK"
18537,10410478160,10410478203,1,"IOTHUB_CLIENT_CONFIRMATION_OK"
18538,10410478360,10410478402,1,"IOTHUB_CLIENT_CONFIRMATION_OK"
18539,10410478561,10410478613,1,"IOTHUB_CLIENT_CONFIRMATION_OK"
18540,10410478761,10410478912,1,"IOTHUB_CLIENT_CONFIRMATION_OK"
18541,10410478961,10410479005,1,"IOTHUB_CLIENT_CONFIRMATION_OK"
18542,10410479161,10410479316,1,"IOTHUB_CLIENT_CONFIRMATION_OK"
18543,10410479361,10410479407,1,"IOTHUB_CLIENT_CONFIRMATION_OK"
18544,10410479561,10410479603,1,"IOTHUB_CLIENT_CONFIRMATION_OK"
18545,10410479762,10410479927,1,"IOTHUB_CLIENT_CONFIRMATION_OK"
18546,10410479962,10410480002,1,"IOTHUB_CLIENT_CONFIRMATION_OK"
18547,10410480162,10410480202,1,"IOTHUB_CLIENT_CONFIRMATION_OK"
18548,10410480362,10410480405,1,"IOTHUB_CLIENT_CONFIRMATION_OK"
18549,10410480562,10410480604,1,"IOTHUB_CLIENT_CONFIRMATION_OK"
18550,10410480763,10410480812,1,"IOTHUB_CLIENT_CONFIRMATION_OK"
18551,10410480963,10410481013,1,"IOTHUB_CLIENT_CONFIRMATION_OK"
18552,10410481163,10410481211,1,"IOTHUB_CLIENT_CONFIRMATION_OK"
18553,10410481363,10410481416,1,"IOTHUB_CLIENT_CONFIRMATION_OK"
18554,10410481563,10410481600,1,"IOTHUB_CLIENT_CONFIRMATION_OK"
18555,10410481763,10410481929,1,"IOTHUB_CLIENT_CONFIRMATION_OK"
18556,10410481964,10410482174,1,"IOTHUB_CLIENT_CONFIRMATION_OK"
18557,10410482164,10410482213,1,"IOTHUB_CLIENT_CONFIRMATION_OK"
18558,10410482364,10410482404,1,"IOTHUB_CLIENT_CONFIRMATION_OK"
18559,10410482565,10410482609,1,"IOTHUB_CLIENT_CONFIRMATION_OK"
18560,10410482765,10410482811,1,"IOTHUB_CLIENT_CONFIRMATION_OK"
18561,10410482965,10410483006,1,"IOTHUB_CLIENT_CONFIRMATION_OK"
18562,10410483165,10410483225,1,"IOTHUB_CLIENT_CONFIRMATION_OK"
18563,10410483365,10410483420,1,"IOTHUB_CLIENT_CONFIRMATION_OK"
18564,10410483565,10410483611,1,"IOTHUB_CLIENT_CONFIRMATION_OK"
18565,10410483766,10410483827,1,"IOTHUB_CLIENT_CONFIRMATION_OK"
18566,10410483966,10410484012,1,"IOTHUB_CLIENT_CONFIRMATION_OK"
18567,10410484166,10410484201,1,"IOTHUB_CLIENT_CONFIRMATION_OK"
18568,10410484366,10410484426,1,"IOTHUB_CLIENT_CONFIRMATION_OK"
18569,10410484566,10410484596,1,"IOTHUB_CLIENT_CONFIRMATION_OK"
18570,10410484766,10410484854,1,"IOTHUB_CLIENT_CONFIRMATION_OK"
18571,10410484966,10410485009,1,"IOTHUB_CLIENT_CONFIRMATION_OK"
18572,10410485167,10410485209,1,"IOTHUB_CLIENT_CONFIRMATION_OK"
18573,10410485367,10410485471,1,"IOTHUB_CLIENT_CONFIRMATION_OK"
18574,10410485567,10410485607,1,"IOTHUB_CLIENT_CONFIRMATION_OK"
18575,10410485767,10410485811,1,"IOTHUB_CLIENT_CONFIRMATION_OK"
18576,10410485967,10410486052,1,"IOTHUB_CLIENT_CONFIRMATION_OK"
18577,10410486167,10410486218,1,"IOTHUB_CLIENT_CONFIRMATION_OK"
18578,10410486368,10410486416,1,"IOTHUB_CLIENT_CONFIRMATION_OK"
18579,10410486568,10410486719,1,"IOTHUB_CLIENT_CONFIRMATION_OK"
18580,10410486768,10410486846,1,"IOTHUB_CLIENT_CONFIRMATION_OK"
18581,10410486968,10410487010,1,"IOTHUB_CLIENT_CONFIRMATION_OK"
18582,10410487168,10410487271,1,"IOTHUB_CLIENT_CONFIRMATION_OK"
18583,10410487368,10410487410,1,"IOTHUB_CLIENT_CONFIRMATION_OK"
18584,10410487569,10410487630,1,"IOTHUB_CLIENT_CONFIRMATION_OK"
18585,10410487769,10410487828,1,"IOTHUB_CLIENT_CONFIRMATION_OK"
18586,10410487969,10410488070,1,"IOTHUB_CLIENT_CONFIRMATION_OK"
18587,10410488169,10410488288,1,"IOTHUB_CLIENT_CONFIRMATION_OK"
18588,10410488369,10410488407,1,"IOTHUB_CLIENT_CONFIRMATION_OK"
18589,10410488569,10410488612,1,"IOTHUB_CLIENT_CONFIRMATION_OK"
18590,10410488770,10410488901,1,"IOTHUB_CLIENT_CONFIRMATION_OK"
18591,10410488970,10410489011,1,"IOTHUB_CLIENT_CONFIRMATION_OK"
18592,10410489170,10410489212,1,"IOTHUB_CLIENT_CONFIRMATION_OK"
18593,10410489370,10410489410,1,"IOTHUB_CLIENT_CONFIRMATION_OK"
18594,10410489570,10410489615,1,"IOTHUB_CLIENT_CONFIRMATION_OK"
18595,10410489770,10410489812,1,"IOTHUB_CLIENT_CONFIRMATION_OK"
18596,10410489971,10410490015,1,"IOTHUB_CLIENT_CONFIRMATION_OK"
18597,10410490171,10410490216,1,"IOTHUB_CLIENT_CONFIRMATION_OK"
18598,10410490371,10410490432,1,"IOTHUB_CLIENT_CONFIRMATION_OK"
18599,10410490571,10410490631,1,"IOTHUB_CLIENT_CONFIRMATION_OK"
18600,10410490771,10410490829,1,"IOTHUB_CLIENT_CONFIRMATION_OK"
18601,10410490971,10410491211,1,"IOTHUB_CLIENT_CONFIRMATION_OK"
18602,10410491171,10410491238,1,"IOTHUB_CLIENT_CONFIRMATION_OK"
18603,10410491372,10410491446,1,"IOTHUB_CLIENT_CONFIRMATION_OK"
18604,10410491572,10410491617,1,"IOTHUB_CLIENT_CONFIRMATION_OK"
18605,10410491772,10410491841,1,"IOTHUB_CLIENT_CONFIRMATION_OK"
18606,10410491972,10410492016,1,"IOTHUB_CLIENT_CONFIRMATION_OK"
18607,10410492172,10410492209,1,"IOTHUB_CLIENT_CONFIRMATION_OK"
18608,10410492372,10410492409,1,"IOTHUB_CLIENT_CONFIRMATION_OK"
18609,10410492573,10410492626,1,"IOTHUB_CLIENT_CONFIRMATION_OK"
18610,10410492773,10410492836,1,"IOTHUB_CLIENT_CONFIRMATION_OK"
18611,10410492973,10410493015,1,"IOTHUB_CLIENT_CONFIRMATION_OK"
18612,10410493173,10410493289,1,"IOTHUB_CLIENT_CONFIRMATION_OK"
18613,10410493373,10410493440,1,"IOTHUB_CLIENT_CONFIRMATION_OK"
18614,10410493573,10410493616,1,"IOTHUB_CLIENT_CONFIRMATION_OK"
18615,10410493774,10410493826,1,"IOTHUB_CLIENT_CONFIRMATION_OK"
18616,10410493974,10410494008,1,"IOTHUB_CLIENT_CONFIRMATION_OK"
18617,10410494174,10410494239,1,"IOTHUB_CLIENT_CONFIRMATION_OK"
18618,10410494374,10410494413,1,"IOTHUB_CLIENT_CONFIRMATION_OK"
18619,10410494574,10410494614,1,"IOTHUB_CLIENT_CONFIRMATION_OK"
18620,10410494774,10410494816,1,"IOTHUB_CLIENT_CONFIRMATION_OK"
18621,10410494975,10410495015,1,"IOTHUB_CLIENT_CONFIRMATION_OK"
18622,10410495175,10410495270,1,"IOTHUB_CLIENT_CONFIRMATION_OK"
18623,10410495375,10410495428,1,"IOTHUB_CLIENT_CONFIRMATION_OK"
18624,10410495575,10410495614,1,"IOTHUB_CLIENT_CONFIRMATION_OK"
18625,10410495775,10410495920,1,"IOTHUB_CLIENT_CONFIRMATION_OK"
18626,10410495975,10410496016,1,"IOTHUB_CLIENT_CONFIRMATION_OK"
18627,10410496175,10410496237,1,"IOTHUB_CLIENT_CONFIRMATION_OK"
18628,10410496376,10410496416,1,"IOTHUB_CLIENT_CONFIRMATION_OK"
18629,10410496576,10410496622,1,"IOTHUB_CLIENT_CONFIRMATION_OK"
18630,10410496776,10410496821,1,"IOTHUB_CLIENT_CONFIRMATION_OK"
18631,10410496976,10410497022,1,"IOTHUB_CLIENT_CONFIRMATION_OK"
18632,10410497176,10410497243,1,"IOTHUB_CLIENT_CONFIRMATION_OK"
18633,10410497376,10410497422,1,"IOTHUB_CLIENT_CONFIRMATION_OK"
18634,10410497577,10410497625,1,"IOTHUB_CLIENT_CONFIRMATION_OK"
18635,10410497777,10410497860,1,"IOTHUB_CLIENT_CONFIRMATION_OK"
18636,10410497977,10410498034,1,"IOTHUB_CLIENT_CONFIRMATION_OK"
18637,10410498177,10410498233,1,"IOTHUB_CLIENT_CONFIRMATION_OK"
18638,10410498377,10410498468,1,"IOTHUB_CLIENT_CONFIRMATION_OK"
18639,10410498577,10410498641,1,"IOTHUB_CLIENT_CONFIRMATION_OK"
18640,10410498778,10410498820,1,"IOTHUB_CLIENT_CONFIRMATION_OK"
18641,10410498978,10410499044,1,"IOTHUB_CLIENT_CONFIRMATION_OK"
18642,10410499178,10410499220,1,"IOTHUB_CLIENT_CONFIRMATION_OK"
18643,10410499378,10410499416,1,"IOTHUB_CLIENT_CONFIRMATION_OK"
18644,10410499578,10410499694,1,"IOTHUB_CLIENT_CONFIRMATION_OK"
18645,10410499778,10410499820,1,"IOTHUB_CLIENT_CONFIRMATION_OK"
18646,10410499979,10410500086,1,"IOTHUB_CLIENT_CONFIRMATION_OK"
18647,10410500179,10410500261,1,"IOTHUB_CLIENT_CONFIRMATION_OK"
18648,10410500379,10410500431,1,"IOTHUB_CLIENT_CONFIRMATION_OK"
18649,10410500579,10410500695,1,"IOTHUB_CLIENT_CONFIRMATION_OK"
18650,10410500779,10410500845,1,"IOTHUB_CLIENT_CONFIRMATION_OK"
18651,10410500979,10410501021,1,"IOTHUB_CLIENT_CONFIRMATION_OK"
18652,10410501180,10410501224,1,"IOTHUB_CLIENT_CONFIRMATION_OK"
18653,10410501380,10410501464,1,"IOTHUB_CLIENT_CONFIRMATION_OK"
18654,10410501580,10410501632,1,"IOTHUB_CLIENT_CONFIRMATION_OK"
18655,10410501780,10410501821,1,"IOTHUB_CLIENT_CONFIRMATION_OK"
18656,10410501980,10410502056,1,"IOTHUB_CLIENT_CONFIRMATION_OK"
18657,10410502180,10410502328,1,"IOTHUB_CLIENT_CONFIRMATION_OK"
18658,10410502381,10410502429,1,"IOTHUB_CLIENT_CONFIRMATION_OK"
18659,10410502581,10410502678,1,"IOTHUB_CLIENT_CONFIRMATION_OK"
18660,10410502781,10410502929,1,"IOTHUB_CLIENT_CONFIRMATION_OK"
18661,10410502981,10410503026,1,"IOTHUB_CLIENT_CONFIRMATION_OK"
18662,10410503181,10410503226,1,"IOTHUB_CLIENT_CONFIRMATION_OK"
18663,10410503381,10410503428,1,"IOTHUB_CLIENT_CONFIRMATION_OK"
18664,10410503582,10410503642,1,"IOTHUB_CLIENT_CONFIRMATION_OK"
18665,10410503782,10410503834,1,"IOTHUB_CLIENT_CONFIRMATION_OK"
18666,10410503982,10410504120,1,"IOTHUB_CLIENT_CONFIRMATION_OK"
18667,10410504182,10410504224,1,"IOTHUB_CLIENT_CONFIRMATION_OK"
18668,10410504382,10410504436,1,"IOTHUB_CLIENT_CONFIRMATION_OK"
18669,10410504582,10410504627,1,"IOTHUB_CLIENT_CONFIRMATION_OK"
18670,10410504782,10410504832,1,"IOTHUB_CLIENT_CONFIRMATION_OK"
18671,10410504983,10410505028,1,"IOTHUB_CLIENT_CONFIRMATION_OK"
18672,10410505183,10410505214,1,"IOTHUB_CLIENT_CONFIRMATION_OK"
18673,10410505383,10410505439,1,"IOTHUB_CLIENT_CONFIRMATION_OK"
18674,10410505583,10410505623,1,"IOTHUB_CLIENT_CONFIRMATION_OK"
18675,10410505783,10410505888,1,"IOTHUB_CLIENT_CONFIRMATION_OK"
18676,10410505983,10410506029,1,"IOTHUB_CLIENT_CONFIRMATION_OK"
18677,10410506184,10410506229,1,"IOTHUB_CLIENT_CONFIRMATION_OK"
18678,10410506384,10410506423,1,"IOTHUB_CLIENT_CONFIRMATION_OK"
18679,10410506584,10410506620,1,"IOTHUB_CLIENT_CONFIRMATION_OK"
18680,10410506784,10410506839,1,"IOTHUB_CLIENT_CONFIRMATION_OK"
18681,10410506984,10410507060,1,"IOTHUB_CLIENT_CONFIRMATION_OK"
18682,10410507184,10410507237,1,"IOTHUB_CLIENT_CONFIRMATION_OK"
18683,10410507384,10410507434,1,"IOTHUB_CLIENT_CONFIRMATION_OK"
18684,10410507585,10410507637,1,"IOTHUB_CLIENT_CONFIRMATION_OK"
18685,10410507785,10410507862,1,"IOTHUB_CLIENT_CONFIRMATION_OK"
18686,10410507985,10410508056,1,"IOTHUB_CLIENT_CONFIRMATION_OK"
18687,10410508185,10410508242,1,"IOTHUB_CLIENT_CONFIRMATION_OK"
18688,10410508385,10410508492,1,"IOTHUB_CLIENT_CONFIRMATION_OK"
18689,10410508585,10410508627,1,"IOTHUB_CLIENT_CONFIRMATION_OK"
18690,10410508786,10410508867,1,"IOTHUB_CLIENT_CONFIRMATION_OK"
18691,10410508986,10410509158,1,"IOTHUB_CLIENT_CONFIRMATION_OK"
18692,10410509186,10410509235,1,"IOTHUB_CLIENT_CONFIRMATION_OK"
18693,10410509386,10410509427,1,"IOTHUB_CLIENT_CONFIRMATION_OK"
18694,10410509586,10410509624,1,"IOTHUB_CLIENT_CONFIRMATION_OK"
18695,10410509786,10410509830,1,"IOTHUB_CLIENT_CONFIRMATION_OK"
18696,10410509987,10410510027,1,"IOTHUB_CLIENT_CONFIRMATION_OK"
18697,10410510187,10410510233,1,"IOTHUB_CLIENT_CONFIRMATION_OK"
18698,10410510387,10410510438,1,"IOTHUB_CLIENT_CONFIRMATION_OK"
18699,10410510587,10410510720,1,"IOTHUB_CLIENT_CONFIRMATION_OK"
18700,10410510787,10410510833,1,"IOTHUB_CLIENT_CONFIRMATION_OK"
18701,10410510987,10410511031,1,"IOTHUB_CLIENT_CONFIRMATION_OK"
18702,10410511188,10410511348,1,"IOTHUB_CLIENT_CONFIRMATION_OK"
18703,10410511388,10410511439,1,"IOTHUB_CLIENT_CONFIRMATION_OK"
18704,10410511588,10410511629,1,"IOTHUB_CLIENT_CONFIRMATION_OK"
18705,10410511788,10410511832,1,"IOTHUB_CLIENT_CONFIRMATION_OK"
18706,10410511988,10410512069,1,"IOTHUB_CLIENT_CONFIRMATION_OK"
18707,10410512188,10410512232,1,"IOTHUB_CLIENT_CONFIRMATION_OK"
18708,10410512389,10410512433,1,"IOTHUB_CLIENT_CONFIRMATION_OK"
18709,10410512589,10410512633,1,"IOTHUB_CLIENT_CONFIRMATION_OK"
18710,10410512789,10410512837,1,"IOTHUB_CLIENT_CONFIRMATION_OK"
18711,10410512989,10410513026,1,"IOTHUB_CLIENT_CONFIRMATION_OK"
18712,10410513189,10410513301,1,"IOTHUB_CLIENT_CONFIRMATION_OK"
18713,10410513389,10410513625,1,"IOTHUB_CLIENT_CONFIRMATION_OK"
18714,10410513590,10410513657,1,"IOTHUB_CLIENT_CONFIRMATION_OK"
18715,10410513790,10410513875,1,"IOTHUB_CLIENT_CONFIRMATION_OK"
18716,10410513990,10410514023,1,"IOTHUB_CLIENT_CONFIRMATION_OK"
18717,10410514190,10410514232,1,"IOTHUB_CLIENT_CONFIRMATION_OK"
18718,10410514390,10410514426,1,"IOTHUB_CLIENT_CONFIRMATION_OK"
18719,10410514590,10410514629,1,"IOTHUB_CLIENT_CONFIRMATION_OK"
18720,10410514791,10410514839,1,"IOTHUB_CLIENT_CONFIRMATION_OK"
18721,10410514991,10410515038,1,"IOTHUB_CLIENT_CONFIRMATION_OK"
18722,10410515191,10410515248,1,"IOTHUB_CLIENT_CONFIRMATION_OK"
18723,10410515391,10410515442,1,"IOTHUB_CLIENT_CONFIRMATION_OK"
18724,10410515591,10410515643,1,"IOTHUB_CLIENT_CONFIRMATION_OK"
18725,10410515791,10410515853,1,"IOTHUB_CLIENT_CONFIRMATION_OK"
18726,10410515992,10410516041,1,"IOTHUB_CLIENT_CONFIRMATION_OK"
18727,10410516192,10410516248,1,"IOTHUB_CLIENT_CONFIRMATION_OK"
18728,10410516392,10410516442,1,"IOTHUB_CLIENT_CONFIRMATION_OK"
18729,10410516592,10410516640,1,"IOTHUB_CLIENT_CONFIRMATION_OK"
18730,10410516792,10410516863,1,"IOTHUB_CLIENT_CONFIRMATION_OK"
18731,10410516992,10410517047,1,"IOTHUB_CLIENT_CONFIRMATION_OK"
18732,10410517192,10410517238,1,"IOTHUB_CLIENT_CONFIRMATION_OK"
18733,10410517393,10410517487,1,"IOTHUB_CLIENT_CONFIRMATION_OK"
18734,10410517593,10410517705,1,"IOTHUB_CLIENT_CONFIRMATION_OK"
18735,10410517793,10410517839,1,"IOTHUB_CLIENT_CONFIRMATION_OK"
18736,10410517993,10410518041,1,"IOTHUB_CLIENT_CONFIRMATION_OK"
18737,10410518193,10410518451,1,"IOTHUB_CLIENT_CONFIRMATION_OK"
18738,10410518393,10410518508,1,"IOTHUB_CLIENT_CONFIRMATION_OK"
18739,10410518594,10410518628,1,"IOTHUB_CLIENT_CONFIRMATION_OK"
18740,10410518794,10410518840,1,"IOTHUB_CLIENT_CONFIRMATION_OK"
18741,10410518994,10410519033,1,"IOTHUB_CLIENT_CONFIRMATION_OK"
18742,10410519194,10410519240,1,"IOTHUB_CLIENT_CONFIRMATION_OK"
18743,10410519394,10410519443,1,"IOTHUB_CLIENT_CONFIRMATION_OK"
18744,10410519594,10410519647,1,"IOTHUB_CLIENT_CONFIRMATION_OK"
18745,10410519794,10410519843,1,"IOTHUB_CLIENT_CONFIRMATION_OK"
18746,10410519995,10410520040,1,"IOTHUB_CLIENT_CONFIRMATION_OK"
18747,10410520195,10410520235,1,"IOTHUB_CLIENT_CONFIRMATION_OK"
18748,10410520395,10410520481,1,"IOTHUB_CLIENT_CONFIRMATION_OK"
18749,10410520595,10410520644,1,"IOTHUB_CLIENT_CONFIRMATION_OK"
18750,10410520795,10410520833,1,"IOTHUB_CLIENT_CONFIRMATION_OK"
18751,10410520996,10410521035,1,"IOTHUB_CLIENT_CONFIRMATION_OK"
18752,10410521196,10410521238,1,"IOTHUB_CLIENT_CONFIRMATION_OK"
18753,10410521396,10410521435,1,"IOTHUB_CLIENT_CONFIRMATION_OK"
18754,10410521596,10410521636,1,"IOTHUB_CLIENT_CONFIRMATION_OK"
18755,10410521796,10410521852,1,"IOTHUB_CLIENT_CONFIRMATION_OK"
18756,10410521996,10410522037,1,"IOTHUB_CLIENT_CONFIRMATION_OK"
18757,10410522197,10410522324,1,"IOTHUB_CLIENT_CONFIRMATION_OK"
18758,10410522397,10410522508,1,"IOTHUB_CLIENT_CONFIRMATION_OK"
18759,10410522597,10410522642,1,"IOTHUB_CLIENT_CONFIRMATION_OK"
18760,10410522797,10410522863,1,"IOTHUB_CLIENT_CONFIRMATION_OK"
18761,10410522997,10410523114,1,"IOTHUB_CLIENT_CONFIRMATION_OK"
18762,10410523197,10410523264,1,"IOTHUB_CLIENT_CONFIRMATION_OK"
18763,10410523397,10410523444,1,"IOTHUB_CLIENT_CONFIRMATION_OK"
18764,10410523598,10410523752,1,"IOTHUB_CLIENT_CONFIRMATION_OK"
18765,10410523798,10410523842,1,"IOTHUB_CLIENT_CONFIRMATION_OK"
18766,10410523998,10410524040,1,"IOTHUB_CLIENT_CONFIRMATION_OK"
18767,10410524198,10410524235,1,"IOTHUB_CLIENT_CONFIRMATION_OK"
18768,10410524398,10410524439,1,"IOTHUB_CLIENT_CONFIRMATION_OK"
18769,10410524598,10410524644,1,"IOTHUB_CLIENT_CONFIRMATION_OK"
18770,10410524799,10410524838,1,"IOTHUB_CLIENT_CONFIRMATION_OK"
18771,10410524999,10410525034,1,"IOTHUB_CLIENT_CONFIRMATION_OK"
18772,10410525199,10410525363,1,"IOTHUB_CLIENT_CONFIRMATION_OK"
18773,10410525399,10410525437,1,"IOTHUB_CLIENT_CONFIRMATION_OK"
18774,10410525599,10410525653,1,"IOTHUB_CLIENT_CONFIRMATION_OK"
18775,10410525799,10410525841,1,"IOTHUB_CLIENT_CONFIRMATION_OK"
18776,10410526000,10410526044,1,"IOTHUB_CLIENT_CONFIRMATION_OK"
18777,10410526200,10410526241,1,"IOTHUB_CLIENT_CONFIRMATION_OK"
18778,10410526400,10410526436,1,"IOTHUB_CLIENT_CONFIRMATION_OK"
18779,10410526600,10410526642,1,"IOTHUB_CLIENT_CONFIRMATION_OK"
18780,10410526800,10410526845,1,"IOTHUB_CLIENT_CONFIRMATION_OK"
18781,10410527000,10410527051,1,"IOTHUB_CLIENT_CONFIRMATION_OK"
18782,10410527201,10410527238,1,"IOTHUB_CLIENT_CONFIRMATION_OK"
18783,10410527401,10410527546,1,"IOTHUB_CLIENT_CONFIRMATION_OK"
18784,10410527601,10410527640,1,"IOTHUB_CLIENT_CONFIRMATION_OK"
18785,10410527801,10410527842,1,"IOTHUB_CLIENT_CONFIRMATION_OK"
18786,10410528001,10410528216,1,"IOTHUB_CLIENT_CONFIRMATION_OK"
18787,10410528201,10410528257,1,"IOTHUB_CLIENT_CONFIRMATION_OK"
18788,10410528402,10410528472,1,"IOTHUB_CLIENT_CONFIRMATION_OK"
18789,10410528602,10410528660,1,"IOTHUB_CLIENT_CONFIRMATION_OK"
18790,10410528802,10410528851,1,"IOTHUB_CLIENT_CONFIRMATION_OK"
18791,10410529002,10410529048,1,"IOTHUB_CLIENT_CONFIRMATION_OK"
18792,10410529202,10410529244,1,"IOTHUB_CLIENT_CONFIRMATION_OK"
18793,10410529402,10410529445,1,"IOTHUB_CLIENT_CONFIRMATION_OK"
18794,10410529603,10410529635,1,"IOTHUB_CLIENT_CONFIRMATION_OK"
18795,10410529803,10410529863,1,"IOTHUB_CLIENT_CONFIRMATION_OK"
18796,10410530003,10410530052,1,"IOTHUB_CLIENT_CONFIRMATION_OK"
18797,10410530203,10410530251,1,"IOTHUB_CLIENT_CONFIRMATION_OK"
18798,10410530403,10410530450,1,"IOTHUB_CLIENT_CONFIRMATION_OK"
18799,10410530603,10410530648,1,"IOTHUB_CLIENT_CONFIRMATION_OK"
18800,10410530803,10410530877,1,"IOTHUB_CLIENT_CONFIRMATION_OK"
18801,10410531004,10410531043,1,"IOTHUB_CLIENT_CONFIRMATION_OK"
18802,10410531204,10410531249,1,"IOTHUB_CLIENT_CONFIRMATION_OK"
18803,10410531404,10410531517,1,"IOTHUB_CLIENT_CONFIRMATION_OK"
18804,10410531604,10410531646,1,"IOTHUB_CLIENT_CONFIRMATION_OK"
18805,10410531804,10410531846,1,"IOTHUB_CLIENT_CONFIRMATION_OK"
18806,10410532004,10410532137,1,"IOTHUB_CLIENT_CONFIRMATION_OK"
18807,10410532205,10410532247,1,"IOTHUB_CLIENT_CONFIRMATION_OK"
18808,10410532405,10410532453,1,"IOTHUB_CLIENT_CONFIRMATION_OK"
18809,10410532605,10410532645,1,"IOTHUB_CLIENT_CONFIRMATION_OK"
18810,10410532805,10410532848,1,"IOTHUB_CLIENT_CONFIRMATION_OK"
18811,10410533005,10410533057,1,"IOTHUB_CLIENT_CONFIRMATION_OK"
18812,10410533205,10410533276,1,"IOTHUB_CLIENT_CONFIRMATION_OK"
18813,10410533406,10410533461,1,"IOTHUB_CLIENT_CONFIRMATION_OK"
18814,10410533606,10410533881,1,"IOTHUB_CLIENT_CONFIRMATION_OK"
18815,10410533806,10410533906,1,"IOTHUB_CLIENT_CONFIRMATION_OK"
18816,10410534006,10410534050,1,"IOTHUB_CLIENT_CONFIRMATION_OK"
18817,10410534206,10410534254,1,"IOTHUB_CLIENT_CONFIRMATION_OK"
18818,10410534406,10410534484,1,"IOTHUB_CLIENT_CONFIRMATION_OK"
18819,10410534606,10410534650,1,"IOTHUB_CLIENT_CONFIRMATION_OK"
18820,10410534807,10410534847,1,"IOTHUB_CLIENT_CONFIRMATION_OK"
18821,10410535007,10410535047,1,"IOTHUB_CLIENT_CONFIRMATION_OK"
18822,10410535207,10410535251,1,"IOTHUB_CLIENT_CONFIRMATION_OK"
18823,10410535407,10410535482,1,"IOTHUB_CLIENT_CONFIRMATION_OK"
18824,10410535607,10410535650,1,"IOTHUB_CLIENT_CONFIRMATION_OK"
18825,10410535807,10410535878,1,"IOTHUB_CLIENT_CONFIRMATION_OK"
18826,10410536008,10410536055,1,"IOTHUB_CLIENT_CONFIRMATION_OK"
18827,10410536208,10410536243,1,"IOTHUB_CLIENT_CONFIRMATION_OK"
18828,10410536408,10410536491,1,"IOTHUB_CLIENT_CONFIRMATION_OK"
18829,10410536608,10410536651,1,"IOTHUB_CLIENT_CONFIRMATION_OK"
18830,10410536808,10410536869,1,"IOTHUB_CLIENT_CONFIRMATION_OK"
18831,10410537008,10410537095,1,"IOTHUB_CLIENT_CONFIRMATION_OK"
18832,10410537209,10410537245,1,"IOTHUB_CLIENT_CONFIRMATION_OK"
18833,10410537409,10410537457,1,"IOTHUB_CLIENT_CONFIRMATION_OK"
18834,10410537609,10410537715,1,"IOTHUB_CLIENT_CONFIRMATION_OK"
18835,10410537809,10410537860,1,"IOTHUB_CLIENT_CONFIRMATION_OK"
18836,10410538009,10410538058,1,"IOTHUB_CLIENT_CONFIRMATION_OK"
18837,10410538209,10410538249,1,"IOTHUB_CLIENT_CONFIRMATION_OK"
18838,10410538410,10410538453,1,"IOTHUB_CLIENT_CONFIRMATION_OK"
18839,10410538610,10410538656,1,"IOTHUB_CLIENT_CONFIRMATION_OK"
18840,10410538810,10410538855,1,"IOTHUB_CLIENT_CONFIRMATION_OK"
18841,10410539010,10410539079,1,"IOTHUB_CLIENT_CONFIRMATION_OK"
18842,10410539210,10410539353,1,"IOTHUB_CLIENT_CONFIRMATION_OK"
18843,10410539410,10410539567,1,"IOTHUB_CLIENT_CONFIRMATION_OK"
18844,10410539610,10410539649,1,"IOTHUB_CLIENT_CONFIRMATION_OK"
18845,10410539811,10410539989,1,"IOTHUB_CLIENT_CONFIRMATION_OK"
18846,10410540011,10410540061,1,"IOTHUB_CLIENT_CONFIRMATION_OK"
18847,10410540211,10410540257,1,"IOTHUB_CLIENT_CONFIRMATION_OK"
18848,10410540411,10410540452,1,"IOTHUB_CLIENT_CONFIRMATION_OK"
18849,10410540611,10410540652,1,"IOTHUB_CLIENT_CONFIRMATION_OK"
18850,10410540811,10410540853,1,"IOTHUB_CLIENT_CONFIRMATION_OK"
18851,10410541011,10410541057,1,"IOTHUB_CLIENT_CONFIRMATION_OK"
18852,10410541212,10410541257,1,"IOTHUB_CLIENT_CONFIRMATION_OK"
18853,10410541412,10410541448,1,"IOTHUB_CLIENT_CONFIRMATION_OK"
18854,10410541612,10410541650,1,"IOTHUB_CLIENT_CONFIRMATION_OK"
18855,10410541812,10410541852,1,"IOTHUB_CLIENT_CONFIRMATION_OK"
18856,10410542012,10410542246,1,"IOTHUB_CLIENT_CONFIRMATION_OK"
18857,10410542212,10410542269,1,"IOTHUB_CLIENT_CONFIRMATION_OK"
18858,10410542413,10410542458,1,"IOTHUB_CLIENT_CONFIRMATION_OK"
18859,10410542613,10410542693,1,"IOTHUB_CLIENT_CONFIRMATION_OK"
18860,10410542813,10410542856,1,"IOTHUB_CLIENT_CONFIRMATION_OK"
18861,10410543013,10410543055,1,"IOTHUB_CLIENT_CONFIRMATION_OK"
18862,10410543213,10410543265,1,"IOTHUB_CLIENT_CONFIRMATION_OK"
18863,10410543413,10410543531,1,"IOTHUB_CLIENT_CONFIRMATION_OK"
18864,10410543614,10410543698,1,"IOTHUB_CLIENT_CONFIRMATION_OK"
18865,10410543814,10410543904,1,"IOTHUB_CLIENT_CONFIRMATION_OK"
18866,10410544014,10410544066,1,"IOTHUB_CLIENT_CONFIRMATION_OK"
18867,10410544214,10410544259,1,"IOTHUB_CLIENT_CONFIRMATION_OK"
18868,10410544414,10410544456,1,"IOTHUB_CLIENT_CONFIRMATION_OK"
18869,10410544614,10410544653,1,"IOTHUB_CLIENT_CONFIRMATION_OK"
18870,10410544815,10410544906,1,"IOTHUB_CLIENT_CONFIRMATION_OK"
18871,10410545015,10410545053,1,"IOTHUB_CLIENT_CONFIRMATION_OK"
18872,10410545215,10410545255,1,"IOTHUB_CLIENT_CONFIRMATION_OK"
18873,10410545415,10410545512,1,"IOTHUB_CLIENT_CONFIRMATION_OK"
18874,10410545615,10410545660,1,"IOTHUB_CLIENT_CONFIRMATION_OK"
18875,10410545815,10410545860,1,"IOTHUB_CLIENT_CONFIRMATION_OK"
18876,10410546015,10410546118,1,"IOTHUB_CLIENT_CONFIRMATION_OK"
18877,10410546216,10410546251,1,"IOTHUB_CLIENT_CONFIRMATION_OK"
18878,10410546416,10410546461,1,"IOTHUB_CLIENT_CONFIRMATION_OK"
18879,10410546616,10410546754,1,"IOTHUB_CLIENT_CONFIRMATION_OK"
18880,10410546816,10410546941,1,"IOTHUB_CLIENT_CONFIRMATION_OK"
18881,10410547016,10410547061,1,"IOTHUB_CLIENT_CONFIRMATION_OK"
18882,10410547216,10410547267,1,"IOTHUB_CLIENT_CONFIRMATION_OK"
18883,10410547416,10410547484,1,"IOTHUB_CLIENT_CONFIRMATION_OK"
18884,10410547617,10410547651,1,"IOTHUB_CLIENT_CONFIRMATION_OK"
18885,10410547817,10410547862,1,"IOTHUB_CLIENT_CONFIRMATION_OK"
18886,10410548017,10410548055,1,"IOTHUB_CLIENT_CONFIRMATION_OK"
18887,10410548217,10410548365,1,"IOTHUB_CLIENT_CONFIRMATION_OK"
18888,10410548417,10410548475,1,"IOTHUB_CLIENT_CONFIRMATION_OK"
18889,10410548617,10410548676,1,"IOTHUB_CLIENT_CONFIRMATION_OK"
18890,10410548818,10410548874,1,"IOTHUB_CLIENT_CONFIRMATION_OK"
18891,10410549018,10410549056,1,"IOTHUB_CLIENT_CONFIRMATION_OK"
18892,10410549218,10410549297,1,"IOTHUB_CLIENT_CONFIRMATION_OK"
18893,10410549418,10410549454,1,"IOTHUB_CLIENT_CONFIRMATION_OK"
18894,10410549618,10410549656,1,"IOTHUB_CLIENT_CONFIRMATION_OK"
18895,10410549818,10410549865,1,"IOTHUB_CLIENT_CONFIRMATION_OK"
18896,10410550019,10410550060,1,"IOTHUB_CLIENT_CONFIRMATION_OK"
18897,10410550219,10410550265,1,"IOTHUB_CLIENT_CONFIRMATION_OK"
18898,10410550419,10410550461,1,"IOTHUB_CLIENT_CONFIRMATION_OK"
18899,10410550619,10410550664,1,"IOTHUB_CLIENT_CONFIRMATION_OK"
18900,10410550819,10410550953,1,"IOTHUB_CLIENT_CONFIRMATION_OK"
18901,10410551019,10410551216,1,"IOTHUB_CLIENT_CONFIRMATION_OK"
18902,10410551220,10410551263,1,"IOTHUB_CLIENT_CONFIRMATION_OK"
18903,10410551420,10410551463,1,"IOTHUB_CLIENT_CONFIRMATION_OK"
18904,10410551620,10410551659,1,"IOTHUB_CLIENT_CONFIRMATION_OK"
18905,10410551820,10410551864,1,"IOTHUB_CLIENT_CONFIRMATION_OK"
18906,10410552020,10410552062,1,"IOTHUB_CLIENT_CONFIRMATION_OK"
18907,10410552220,10410552266,1,"IOTHUB_CLIENT_CONFIRMATION_OK"
18908,10410552421,10410552461,1,"IOTHUB_CLIENT_CONFIRMATION_OK"
18909,10410552621,10410552666,1,"IOTHUB_CLIENT_CONFIRMATION_OK"
18910,10410552821,10410552866,1,"IOTHUB_CLIENT_CONFIRMATION_OK"
18911,10410553021,10410553068,1,"IOTHUB_CLIENT_CONFIRMATION_OK"
18912,10410553221,10410553274,1,"IOTHUB_CLIENT_CONFIRMATION_OK"
18913,10410553421,10410553519,1,"IOTHUB_CLIENT_CONFIRMATION_OK"
18914,10410553622,10410553673,1,"IOTHUB_CLIENT_CONFIRMATION_OK"
18915,10410553822,10410553867,1,"IOTHUB_CLIENT_CONFIRMATION_OK"
18916,10410554022,10410554075,1,"IOTHUB_CLIENT_CONFIRMATION_OK"
18917,10410554222,10410554265,1,"IOTHUB_CLIENT_CONFIRMATION_OK"
18918,10410554422,10410554477,1,"IOTHUB_CLIENT_CONFIRMATION_OK"
18919,10410554622,10410554659,1,"IOTHUB_CLIENT_CONFIRMATION_OK"
18920,10410554822,10410554870,1,"IOTHUB_CLIENT_CONFIRMATION_OK"
18921,10410555023,10410555090,1,"IOTHUB_CLIENT_CONFIRMATION_OK"
18922,10410555223,10410555273,1,"IOTHUB_CLIENT_CONFIRMATION_OK"
18923,10410555423,10410555466,1,"IOTHUB_CLIENT_CONFIRMATION_OK"
18924,10410555623,10410555704,1,"IOTHUB_CLIENT_CONFIRMATION_OK"
18925,10410555823,10410555872,1,"IOTHUB_CLIENT_CONFIRMATION_OK"
18926,10410556023,10410556061,1,"IOTHUB_CLIENT_CONFIRMATION_OK"
18927,10410556224,10410556267,1,"IOTHUB_CLIENT_CONFIRMATION_OK"
18928,10410556424,10410556467,1,"IOTHUB_CLIENT_CONFIRMATION_OK"
18929,10410556624,10410556778,1,"IOTHUB_CLIENT_CONFIRMATION_OK"
18930,10410556824,10410556867,1,"IOTHUB_CLIENT_CONFIRMATION_OK"
18931,10410557024,10410557073,1,"IOTHUB_CLIENT_CONFIRMATION_OK"
18932,10410557224,10410557467,1,"IOTHUB_CLIENT_CONFIRMATION_OK"
18933,10410557425,10410557511,1,"IOTHUB_CLIENT_CONFIRMATION_OK"
18934,10410557625,10410557670,1,"IOTHUB_CLIENT_CONFIRMATION_OK"
18935,10410557825,10410557874,1,"IOTHUB_CLIENT_CONFIRMATION_OK"
18936,10410558025,10410558072,1,"IOTHUB_CLIENT_CONFIRMATION_OK"
18937,10410558225,10410558268,1,"IOTHUB_CLIENT_CONFIRMATION_OK"
18938,10410558425,10410558465,1,"IOTHUB_CLIENT_CONFIRMATION_OK"
18939,10410558626,10410558662,1,"IOTHUB_CLIENT_CONFIRMATION_OK"
18940,10410558826,10410558871,1,"IOTHUB_CLIENT_CONFIRMATION_OK"
18941,10410559026,10410559080,1,"IOTHUB_CLIENT_CONFIRMATION_OK"
18942,10410559226,10410559294,1,"IOTHUB_CLIENT_CONFIRMATION_OK"
18943,10410559426,10410559474,1,"IOTHUB_CLIENT_CONFIRMATION_OK"
18944,10410559626,10410559674,1,"IOTHUB_CLIENT_CONFIRMATION_OK"
18945,10410559827,10410559941,1,"IOTHUB_CLIENT_CONFIRMATION_OK"
18946,10410560027,10410560148,1,"IOTHUB_CLIENT_CONFIRMATION_OK"
18947,10410560227,10410560304,1,"IOTHUB_CLIENT_CONFIRMATION_OK"
18948,10410560427,10410560482,1,"IOTHUB_CLIENT_CONFIRMATION_OK"
18949,10410560627,10410560763,1,"IOTHUB_CLIENT_CONFIRMATION_OK"
18950,10410560827,10410560867,1,"IOTHUB_CLIENT_CONFIRMATION_OK"
18951,10410561027,10410561066,1,"IOTHUB_CLIENT_CONFIRMATION_OK"
18952,10410561228,10410561269,1,"IOTHUB_CLIENT_CONFIRMATION_OK"
18953,10410561428,10410561466,1,"IOTHUB_CLIENT_CONFIRMATION_OK"
18954,10410561628,10410561710,1,"IOTHUB_CLIENT_CONFIRMATION_OK"
18955,10410561828,10410561880,1,"IOTHUB_CLIENT_CONFIRMATION_OK"
18956,10410562028,10410562081,1,"IOTHUB_CLIENT_CONFIRMATION_OK"
18957,10410562228,10410562418,1,"IOTHUB_CLIENT_CONFIRMATION_OK"
18958,10410562429,10410562470,1,"IOTHUB_CLIENT_CONFIRMATION_OK"
18959,10410562629,10410562679,1,"IOTHUB_CLIENT_CONFIRMATION_OK"
18960,10410562829,10410562872,1,"IOTHUB_CLIENT_CONFIRMATION_OK"
18961,10410563029,10410563074,1,"IOTHUB_CLIENT_CONFIRMATION_OK"
18962,10410563229,10410563266,1,"IOTHUB_CLIENT_CONFIRMATION_OK"
18963,10410563429,10410563496,1,"IOTHUB_CLIENT_CONFIRMATION_OK"
18964,10410563630,10410563680,1,"IOTHUB_CLIENT_CONFIRMATION_OK"
18965,10410563830,10410563932,1,"IOTHUB_CLIENT_CONFIRMATION_OK"
18966,10410564030,10410564144,1,"IOTHUB_CLIENT_CONFIRMATION_OK"
18967,10410564230,10410564275,1,"IOTHUB_CLIENT_CONFIRMATION_OK"
18968,10410564430,10410564499,1,"IOTHUB_CLIENT_CONFIRMATION_OK"
18969,10410564630,10410564668,1,"IOTHUB_CLIENT_CONFIRMATION_OK"
18970,10410564831,10410564885,1,"IOTHUB_CLIENT_CONFIRMATION_OK"
18971,10410565031,10410565184,1,"IOTHUB_CLIENT_CONFIRMATION_OK"
18972,10410565231,10410565269,1,"IOTHUB_CLIENT_CONFIRMATION_OK"
18973,10410565431,10410565482,1,"IOTHUB_CLIENT_CONFIRMATION_OK"
18974,10410565631,10410565822,1,"IOTHUB_CLIENT_CONFIRMATION_OK"
18975,10410565831,10410565876,1,"IOTHUB_CLIENT_CONFIRMATION_OK"
18976,10410566032,10410566071,1,"IOTHUB_CLIENT_CONFIRMATION_OK"
18977,10410566232,10410566284,1,"IOTHUB_CLIENT_CONFIRMATION_OK"
18978,10410566432,10410566469,1,"IOTHUB_CLIENT_CONFIRMATION_OK"
18979,10410566632,10410566667,1,"IOTHUB_CLIENT_CONFIRMATION_OK"
18980,10410566832,10410566901,1,"IOTHUB_CLIENT_CONFIRMATION_OK"
18981,10410567032,10410567080,1,"IOTHUB_CLIENT_CONFIRMATION_OK"
18982,10410567233,10410567278,1,"IOTHUB_CLIENT_CONFIRMATION_OK"
18983,10410567433,10410567472,1,"IOTHUB_CLIENT_CONFIRMATION_OK"
18984,10410567633,10410567709,1,"IOTHUB_CLIENT_CONFIRMATION_OK"
18985,10410567833,10410567931,1,"IOTHUB_CLIENT_CONFIRMATION_OK"
18986,10410568033,10410568069,1,"IOTHUB_CLIENT_CONFIRMATION_OK"
18987,10410568233,10410568279,1,"IOTHUB_CLIENT_CONFIRMATION_OK"
18988,10410568433,10410568545,1,"IOTHUB_CLIENT_CONFIRMATION_OK"
18989,10410568634,10410568676,1,"IOTHUB_CLIENT_CONFIRMATION_OK"
18990,10410568834,10410568873,1,"IOTHUB_CLIENT_CONFIRMATION_OK"
18991,10410569034,10410569153,1,"IOTHUB_CLIENT_CONFIRMATION_OK"
18992,10410569234,10410569277,1,"IOTHUB_CLIENT_CONFIRMATION_OK"
18993,10410569434,10410569472,1,"IOTHUB_CLIENT_CONFIRMATION_OK"
18994,10410569634,10410569679,1,"IOTHUB_CLIENT_CONFIRMATION_OK"
18995,10410569835,10410569872,1,"IOTHUB_CLIENT_CONFIRMATION_OK"
18996,10410570035,10410570087,1,"IOTHUB_CLIENT_CONFIRMATION_OK"
18997,10410570235,10410570268,1,"IOTHUB_CLIENT_CONFIRMATION_OK"
18998,10410570435,10410570471,1,"IOTHUB_CLIENT_CONFIRMATION_OK"
18999,10410570635,10410570770,1,"IOTHUB_CLIENT_CONFIRMATION_OK"
19000,10410570835,10410570877,1,"IOTHUB_CLIENT_CONFIRMATION_OK"
19001,10410571036,10410571106,1,"IOTHUB_CLIENT_CONFIRMATION_OK"
19002,10410571236,10410571392,1,"IOTHUB_CLIENT_CONFIRMATION_OK"
19003,10410571436,10410571482,1,"IOTHUB_CLIENT_CONFIRMATION_OK"
19004,10410571636,10410571679,1,"IOTHUB_CLIENT_CONFIRMATION_OK"
19005,10410571836,10410571914,1,"IOTHUB_CLIENT_CONFIRMATION_OK"
19006,10410572036,10410572084,1,"IOTHUB_CLIENT_CONFIRMATION_OK"
19007,10410572237,10410572282,1,"IOTHUB_CLIENT_CONFIRMATION_OK"
19008,10410572437,10410572471,1,"IOTHUB_CLIENT_CONFIRMATION_OK"
19009,10410572637,10410572676,1,"IOTHUB_CLIENT_CONFIRMATION_OK"
19010,10410572837,10410572881,1,"IOTHUB_CLIENT_CONFIRMATION_OK"
19011,10410573037,10410573096,1,"IOTHUB_CLIENT_CONFIRMATION_OK"
19012,10410573237,10410573276,1,"IOTHUB_CLIENT_CONFIRMATION_OK"
19013,10410573437,10410573486,1,"IOTHUB_CLIENT_CONFIRMATION_OK"
19014,10410573638,10410573685,1,"IOTHUB_CLIENT_CONFIRMATION_OK"
19015,10410573838,10410573880,1,"IOTHUB_CLIENT_CONFIRMATION_OK"
19016,10410574038,10410574103,1,"IOTHUB_CLIENT_CONFIRMATION_OK"
19017,10410574238,10410574286,1,"IOTHUB_CLIENT_CONFIRMATION_OK"
19018,10410574438,10410574477,1,"IOTHUB_CLIENT_CONFIRMATION_OK"
19019,10410574638,10410574717,1,"IOTHUB_CLIENT_CONFIRMATION_OK"
19020,10410574839,10410574876,1,"IOTHUB_CLIENT_CONFIRMATION_OK"
19021,10410575039,10410575080,1,"IOTHUB_CLIENT_CONFIRMATION_OK"
19022,10410575239,10410575325,1,"IOTHUB_CLIENT_CONFIRMATION_OK"
19023,10410575439,10410575485,1,"IOTHUB_CLIENT_CONFIRMATION_OK"
19024,10410575639,10410575677,1,"IOTHUB_CLIENT_CONFIRMATION_OK"
19025,10410575839,10410575883,1,"IOTHUB_CLIENT_CONFIRMATION_OK"
19026,10410576040,10410576127,1,"IOTHUB_CLIENT_CONFIRMATION_OK"
19027,10410576240,10410576337,1,"IOTHUB_CLIENT_CONFIRMATION_OK"
19028,10410576440,10410576505,1,"IOTHUB_CLIENT_CONFIRMATION_OK"
19029,10410576640,10410576678,1,"IOTHUB_CLIENT_CONFIRMATION_OK"
19030,10410576840,10410577096,1,"IOTHUB_CLIENT_CONFIRMATION_OK"
19031,10410577040,10410577116,1,"IOTHUB_CLIENT_CONFIRMATION_OK"
19032,10410577241,10410577328,1,"IOTHUB_CLIENT_CONFIRMATION_OK"
19033,10410577441,10410577483,1,"IOTHUB_CLIENT_CONFIRMATION_OK"
19034,10410577641,10410577690,1,"IOTHUB_CLIENT_CONFIRMATION_OK"
19035,10410577841,10410577898,1,"IOTHUB_CLIENT_CONFIRMATION_OK"
19036,10410578041,10410578114,1,"IOTHUB_CLIENT_CONFIRMATION_OK"
19037,10410578241,10410578316,1,"IOTHUB_CLIENT_CONFIRMATION_OK"
19038,10410578441,10410578477,1,"IOTHUB_CLIENT_CONFIRMATION_OK"
19039,10410578642,10410578684,1,"IOTHUB_CLIENT_CONFIRMATION_OK"
19040,10410578842,10410578886,1,"IOTHUB_CLIENT_CONFIRMATION_OK"
19041,10410579042,10410579123,1,"IOTHUB_CLIENT_CONFIRMATION_OK"
19042,10410579242,10410579282,1,"IOTHUB_CLIENT_CONFIRMATION_OK"
19043,10410579442,10410579497,1,"IOTHUB_CLIENT_CONFIRMATION_OK"
19044,10410579642,10410579782,1,"IOTHUB_CLIENT_CONFIRMATION_OK"
19045,10410579843,10410579900,1,"IOTHUB_CLIENT_CONFIRMATION_OK"
19046,10410580043,10410580083,1,"IOTHUB_CLIENT_CONFIRMATION_OK"
19047,10410580243,10410580372,1,"IOTHUB_CLIENT_CONFIRMATION_OK"
19048,10410580443,10410580489,1,"IOTHUB_CLIENT_CONFIRMATION_OK"
19049,10410580643,10410580685,1,"IOTHUB_CLIENT_CONFIRMATION_OK"
19050,10410580843,10410580885,1,"IOTHUB_CLIENT_CONFIRMATION_OK"
19051,10410581044,10410581095,1,"IOTHUB_CLIENT_CONFIRMATION_OK"
19052,10410581244,10410581287,1,"IOTHUB_CLIENT_CONFIRMATION_OK"
19053,10410581444,10410581486,1,"IOTHUB_CLIENT_CONFIRMATION_OK"
19054,10410581644,10410581685,1,"IOTHUB_CLIENT_CONFIRMATION_OK"
19055,10410581844,10410581898,1,"IOTHUB_CLIENT_CONFIRMATION_OK"
19056,10410582044,10410582082,1,"IOTHUB_CLIENT_CONFIRMATION_OK"
19057,10410582245,10410582283,1,"IOTHUB_CLIENT_CONFIRMATION_OK"
19058,10410582445,10410582633,1,"IOTHUB_CLIENT_CONFIRMATION_OK"
19059,10410582645,10410582689,1,"IOTHUB_CLIENT_CONFIRMATION_OK"
19060,10410582845,10410582886,1,"IOTHUB_CLIENT_CONFIRMATION_OK"
19061,10410583045,10410583082,1,"IOTHUB_CLIENT_CONFIRMATION_OK"
19062,10410583245,10410583289,1,"IOTHUB_CLIENT_CONFIRMATION_OK"
19063,10410583446,10410583486,1,"IOTHUB_CLIENT_CONFIRMATION_OK"
19064,10410583646,10410583689,1,"IOTHUB_CLIENT_CONFIRMATION_OK"
19065,10410583846,10410583920,1,"IOTHUB_CLIENT_CONFIRMATION_OK"
19066,10410584046,10410584095,1,"IOTHUB_CLIENT_CONFIRMATION_OK"
19067,10410584246,10410584289,1,"IOTHUB_CLIENT_CONFIRMATION_OK"
19068,10410584446,10410584492,1,"IOTHUB_CLIENT_CONFIRMATION_OK"
19069,10410584647,10410584683,1,"IOTHUB_CLIENT_CONFIRMATION_OK"
19070,10410584847,10410584886,1,"IOTHUB_CLIENT_CONFIRMATION_OK"
19071,10410585047,10410585083,1,"IOTHUB_CLIENT_CONFIRMATION_OK"
19072,10410585247,10410585336,1,"IOTHUB_CLIENT_CONFIRMATION_OK"
19073,10410585447,10410585490,1,"IOTHUB_CLIENT_CONFIRMATION_OK"
19074,10410585647,10410585691,1,"IOTHUB_CLIENT_CONFIRMATION_OK"
19075,10410585848,10410585930,1,"IOTHUB_CLIENT_CONFIRMATION_OK"
19076,10410586048,10410586096,1,"IOTHUB_CLIENT_CONFIRMATION_OK"
19077,10410586248,10410586290,1,"IOTHUB_CLIENT_CONFIRMATION_OK"
19078,10410586448,10410586534,1,"IOTHUB_CLIENT_CONFIRMATION_OK"
19079,10410586648,10410586686,1,"IOTHUB_CLIENT_CONFIRMATION_OK"
19080,10410586848,10410586892,1,"IOTHUB_CLIENT_CONFIRMATION_OK"
19081,10410587048,10410587093,1,"IOTHUB_CLIENT_CONFIRMATION_OK"
19082,10410587249,10410587285,1,"IOTHUB_CLIENT_CONFIRMATION_OK"
19083,10410587449,10410587483,1,"IOTHUB_CLIENT_CONFIRMATION_OK"
19084,10410587649,10410587696,1,"IOTHUB_CLIENT_CONFIRMATION_OK"
19085,10410587849,10410587886,1,"IOTHUB_CLIENT_CONFIRMATION_OK"
19086,10410588049,10410588158,1,"IOTHUB_CLIENT_CONFIRMATION_OK"
19087,10410588249,10410588287,1,"IOTHUB_CLIENT_CONFIRMATION_OK"
19088,10410588450,10410588490,1,"IOTHUB_CLIENT_CONFIRMATION_OK"
19089,10410588650,10410588788,1,"IOTHUB_CLIENT_CONFIRMATION_OK"
19090,10410588850,10410588889,1,"IOTHUB_CLIENT_CONFIRMATION_OK"
19091,10410589050,10410589094,1,"IOTHUB_CLIENT_CONFIRMATION_OK"
19092,10410589250,10410589388,1,"IOTHUB_CLIENT_CONFIRMATION_OK"
19093,10410589450,10410589490,1,"IOTHUB_CLIENT_CONFIRMATION_OK"
19094,10410589651,10410589727,1,"IOTHUB_CLIENT_CONFIRMATION_OK"
19095,10410589851,10410589891,1,"IOTHUB_CLIENT_CONFIRMATION_OK"
19096,10410590051,10410590087,1,"IOTHUB_CLIENT_CONFIRMATION_OK"
19097,10410590251,10410590319,1,"IOTHUB_CLIENT_CONFIRMATION_OK"
19098,10410590451,10410590494,1,"IOTHUB_CLIENT_CONFIRMATION_OK"
19099,10410590651,10410590688,1,"IOTHUB_CLIENT_CONFIRMATION_OK"
19100,10410590852,10410591047,1,"IOTHUB_CLIENT_CONFIRMATION_OK"
19101,10410591052,10410591086,1,"IOTHUB_CLIENT_CONFIRMATION_OK"
19102,10410591252,10410591288,1,"IOTHUB_CLIENT_CONFIRMATION_OK"
19103,10410591452,10410591496,1,"IOTHUB_CLIENT_CONFIRMATION_OK"
19104,10410591652,10410591701,1,"IOTHUB_CLIENT_CONFIRMATION_OK"
19105,10410591852,10410591927,1,"IOTHUB_CLIENT_CONFIRMATION_OK"
19106,10410592052,10410592096,1,"IOTHUB_CLIENT_CONFIRMATION_OK"
19107,10410592253,10410592308,1,"IOTHUB_CLIENT_CONFIRMATION_OK"
19108,10410592453,10410592495,1,"IOTHUB_CLIENT_CONFIRMATION_OK"
19109,10410592653,10410592698,1,"IOTHUB_CLIENT_CONFIRMATION_OK"
19110,10410592853,10410592900,1,"IOTHUB_CLIENT_CONFIRMATION_OK"
19111,10410593053,10410593095,1,"IOTHUB_CLIENT_CONFIRMATION_OK"
19112,10410593253,10410593291,1,"IOTHUB_CLIENT_CONFIRMATION_OK"
19113,10410593454,10410593494,1,"IOTHUB_CLIENT_CONFIRMATION_OK"
19114,10410593654,10410593692,1,"IOTHUB_CLIENT_CONFIRMATION_OK"
19115,10410593854,10410593891,1,"IOTHUB_CLIENT_CONFIRMATION_OK"
19116,10410594054,10410594093,1,"IOTHUB_CLIENT_CONFIRMATION_OK"
19117,10410594254,10410594313,1,"IOTHUB_CLIENT_CONFIRMATION_OK"
19118,10410594455,10410594504,1,"IOTHUB_CLIENT_CONFIRMATION_OK"
19119,10410594655,10410594701,1,"IOTHUB_CLIENT_CONFIRMATION_OK"
19120,10410594855,10410595042,1,"IOTHUB_CLIENT_CONFIRMATION_OK"
19121,10410595055,10410595136,1,"IOTHUB_CLIENT_CONFIRMATION_OK"
19122,10410595255,10410595300,1,"IOTHUB_CLIENT_CONFIRMATION_OK"
19123,10410595455,10410595496,1,"IOTHUB_CLIENT_CONFIRMATION_OK"
19124,10410595655,10410595699,1,"IOTHUB_CLIENT_CONFIRMATION_OK"
19125,10410595856,10410595892,1,"IOTHUB_CLIENT_CONFIRMATION_OK"
19126,10410596056,10410596094,1,"IOTHUB_CLIENT_CONFIRMATION_OK"
19127,10410596256,10410596343,1,"IOTHUB_CLIENT_CONFIRMATION_OK"
19128,10410596456,10410596665,1,"IOTHUB_CLIENT_CONFIRMATION_OK"
19129,10410596656,10410596710,1,"IOTHUB_CLIENT_CONFIRMATION_OK"
19130,10410596856,10410596919,1,"IOTHUB_CLIENT_CONFIRMATION_OK"
19131,10410597057,10410597094,1,"IOTHUB_CLIENT_CONFIRMATION_OK"
19132,10410597257,10410597296,1,"IOTHUB_CLIENT_CONFIRMATION_OK"
19133,10410597457,10410597503,1,"IOTHUB_CLIENT_CONFIRMATION_OK"
19134,10410597657,10410597716,1,"IOTHUB_CLIENT_CONFIRMATION_OK"
19135,10410597857,10410597909,1,"IOTHUB_CLIENT_CONFIRMATION_OK"
19136,10410598057,10410598094,1,"IOTHUB_CLIENT_CONFIRMATION_OK"
19137,10410598258,10410598317,1,"IOTHUB_CLIENT_CONFIRMATION_OK"
19138,10410598458,10410598497,1,"IOTHUB_CLIENT_CONFIRMATION_OK"
19139,10410598658,10410598719,1,"IOTHUB_CLIENT_CONFIRMATION_OK"
19140,10410598858,10410598911,1,"IOTHUB_CLIENT_CONFIRMATION_OK"
19141,10410599058,10410599102,1,"IOTHUB_CLIENT_CONFIRMATION_OK"
19142,10410599258,10410599332,1,"IOTHUB_CLIENT_CONFIRMATION_OK"
19143,10410599459,10410599503,1,"IOTHUB_CLIENT_CONFIRMATION_OK"
19144,10410599659,10410599708,1,"IOTHUB_CLIENT_CONFIRMATION_OK"
19145,10410599859,10410599913,1,"IOTHUB_CLIENT_CONFIRMATION_OK"
19146,10410600059,10410600098,1,"IOTHUB_CLIENT_CONFIRMATION_OK"
19147,10410600259,10410600335,1,"IOTHUB_CLIENT_CONFIRMATION_OK"
19148,10410600459,10410600579,1,"IOTHUB_CLIENT_CONFIRMATION_OK"
19149,10410600659,10410600722,1,"IOTHUB_CLIENT_CONFIRMATION_OK"
19150,10410600860,10410600917,1,"IOTHUB_CLIENT_CONFIRMATION_OK"
19151,10410601060,10410601154,1,"IOTHUB_CLIENT_CONFIRMATION_OK"
19152,10410601260,10410601298,1,"IOTHUB_CLIENT_CONFIRMATION_OK"
19153,10410601460,10410601530,1,"IOTHUB_CLIENT_CONFIRMATION_OK"
19154,10410601660,10410601704,1,"IOTHUB_CLIENT_CONFIRMATION_OK"
19155,10410601860,10410601903,1,"IOTHUB_CLIENT_CONFIRMATION_OK"
19156,10410602061,10410602159,1,"IOTHUB_CLIENT_CONFIRMATION_OK"
19157,10410602261,10410602307,1,"IOTHUB_CLIENT_CONFIRMATION_OK"
19158,10410602461,10410602501,1,"IOTHUB_CLIENT_CONFIRMATION_OK"
19159,10410602661,10410602784,1,"IOTHUB_CLIENT_CONFIRMATION_OK"
19160,10410602861,10410602902,1,"IOTHUB_CLIENT_CONFIRMATION_OK"
19161,10410603061,10410603116,1,"IOTHUB_CLIENT_CONFIRMATION_OK"
19162,10410603262,10410603395,1,"IOTHUB_CLIENT_CONFIRMATION_OK"
19163,10410603462,10410603505,1,"IOTHUB_CLIENT_CONFIRMATION_OK"
19164,10410603662,10410603720,1,"IOTHUB_CLIENT_CONFIRMATION_OK"
19165,10410603862,10410603904,1,"IOTHUB_CLIENT_CONFIRMATION_OK"
19166,10410604062,10410604145,1,"IOTHUB_CLIENT_CONFIRMATION_OK"
19167,10410604262,10410604297,1,"IOTHUB_CLIENT_CONFIRMATION_OK"
19168,10410604463,10410604555,1,"IOTHUB_CLIENT_CONFIRMATION_OK"
19169,10410604663,10410604707,1,"IOTHUB_CLIENT_CONFIRMATION_OK"
19170,10410604863,10410605016,1,"IOTHUB_CLIENT_CONFIRMATION_OK"
19171,10410605063,10410605108,1,"IOTHUB_CLIENT_CONFIRMATION_OK"
19172,10410605263,10410605317,1,"IOTHUB_CLIENT_CONFIRMATION_OK"
19173,10410605463,10410605645,1,"IOTHUB_CLIENT_CONFIRMATION_OK"
19174,10410605664,10410605707,1,"IOTHUB_CLIENT_CONFIRMATION_OK"
19175,10410605864,10410605951,1,"IOTHUB_CLIENT_CONFIRMATION_OK"
19176,10410606064,10410606105,1,"IOTHUB_CLIENT_CONFIRMATION_OK"
19177,10410606264,10410606302,1,"IOTHUB_CLIENT_CONFIRMATION_OK"
19178,10410606464,10410606505,1,"IOTHUB_CLIENT_CONFIRMATION_OK"
19179,10410606664,10410606704,1,"IOTHUB_CLIENT_CONFIRMATION_OK"
19180,10410606864,10410606907,1,"IOTHUB_CLIENT_CONFIRMATION_OK"
19181,10410607065,10410607128,1,"IOTHUB_CLIENT_CONFIRMATION_OK"
19182,10410607265,10410607345,1,"IOTHUB_CLIENT_CONFIRMATION_OK"
19183,10410607465,10410607522,1,"IOTHUB_CLIENT_CONFIRMATION_OK"
19184,10410607665,10410607906,1,"IOTHUB_CLIENT_CONFIRMATION_OK"
19185,10410607865,10410607931,1,"IOTHUB_CLIENT_CONFIRMATION_OK"
19186,10410608066,10410608109,1,"IOTHUB_CLIENT_CONFIRMATION_OK"
19187,10410608266,10410608304,1,"IOTHUB_CLIENT_CONFIRMATION_OK"
19188,10410608466,10410608506,1,"IOTHUB_CLIENT_CONFIRMATION_OK"
19189,10410608666,10410608704,1,"IOTHUB_CLIENT_CONFIRMATION_OK"
19190,10410608866,10410608938,1,"IOTHUB_CLIENT_CONFIRMATION_OK"
19191,10410609066,10410609151,1,"IOTHUB_CLIENT_CONFIRMATION_OK"
19192,10410609267,10410609303,1,"IOTHUB_CLIENT_CONFIRMATION_OK"
19193,10410609467,10410609544,1,"IOTHUB_CLIENT_CONFIRMATION_OK"
19194,10410609667,10410609718,1,"IOTHUB_CLIENT_CONFIRMATION_OK"
19195,10410609867,10410609926,1,"IOTHUB_CLIENT_CONFIRMATION_OK"
19196,10410610067,10410610116,1,"IOTHUB_CLIENT_CONFIRMATION_OK"
19197,10410610267,10410610305,1,"IOTHUB_CLIENT_CONFIRMATION_OK"
19198,10410610467,10410610561,1,"IOTHUB_CLIENT_CONFIRMATION_OK"
19199,10410610668,10410610712,1,"IOTHUB_CLIENT_CONFIRMATION_OK"
19200,10410610868,10410610937,1,"IOTHUB_CLIENT_CONFIRMATION_OK"
19201,10410611068,10410611197,1,"IOTHUB_CLIENT_CONFIRMATION_OK"
19202,10410611268,10410611401,1,"IOTHUB_CLIENT_CONFIRMATION_OK"
19203,10410611468,10410611539,1,"IOTHUB_CLIENT_CONFIRMATION_OK"
19204,10410611668,10410611897,1,"IOTHUB_CLIENT_CONFIRMATION_OK"
19205,10410611869,10410611925,1,"IOTHUB_CLIENT_CONFIRMATION_OK"
19206,10410612069,10410612107,1,"IOTHUB_CLIENT_CONFIRMATION_OK"
19207,10410612269,10410612313,1,"IOTHUB_CLIENT_CONFIRMATION_OK"
19208,10410612469,10410612514,1,"IOTHUB_CLIENT_CONFIRMATION_OK"
19209,10410612669,10410612709,1,"IOTHUB_CLIENT_CONFIRMATION_OK"
19210,10410612869,10410612919,1,"IOTHUB_CLIENT_CONFIRMATION_OK"
19211,10410613070,10410613119,1,"IOTHUB_CLIENT_CONFIRMATION_OK"
19212,10410613270,10410613366,1,"IOTHUB_CLIENT_CONFIRMATION_OK"
19213,10410613470,10410613511,1,"IOTHUB_CLIENT_CONFIRMATION_OK"
19214,10410613670,10410613720,1,"IOTHUB_CLIENT_CONFIRMATION_OK"
19215,10410613870,10410614052,1,"IOTHUB_CLIENT_CONFIRMATION_OK"
19216,10410614070,10410614109,1,"IOTHUB_CLIENT_CONFIRMATION_OK"
19217,10410614270,10410614310,1,"IOTHUB_CLIENT_CONFIRMATION_OK"
19218,10410614471,10410614506,1,"IOTHUB_CLIENT_CONFIRMATION_OK"
19219,10410614671,10410614732,1,"IOTHUB_CLIENT_CONFIRMATION_OK"
19220,10410614871,10410614915,1,"IOTHUB_CLIENT_CONFIRMATION_OK"
19221,10410615071,10410615159,1,"IOTHUB_CLIENT_CONFIRMATION_OK"
19222,10410615271,10410615308,1,"IOTHUB_CLIENT_CONFIRMATION_OK"
19223,10410615471,10410615507,1,"IOTHUB_CLIENT_CONFIRMATION_OK"
19224,10410615672,10410615782,1,"IOTHUB_CLIENT_CONFIRMATION_OK"
19225,10410615872,10410615916,1,"IOTHUB_CLIENT_CONFIRMATION_OK"
19226,10410616072,10410616119,1,"IOTHUB_CLIENT_CONFIRMATION_OK"
19227,10410616272,10410616309,1,"IOTHUB_CLIENT_CONFIRMATION_OK"
19228,10410616472,10410616521,1,"IOTHUB_CLIENT_CONFIRMATION_OK"
19229,10410616672,10410616758,1,"IOTHUB_CLIENT_CONFIRMATION_OK"
19230,10410616873,10410616914,1,"IOTHUB_CLIENT_CONFIRMATION_OK"
19231,10410617073,10410617141,1,"IOTHUB_CLIENT_CONFIRMATION_OK"
19232,10410617273,10410617377,1,"IOTHUB_CLIENT_CONFIRMATION_OK"
19233,10410617473,10410617537,1,"IOTHUB_CLIENT_CONFIRMATION_OK"
19234,10410617673,10410617721,1,"IOTHUB_CLIENT_CONFIRMATION_OK"
19235,10410617873,10410617987,1,"IOTHUB_CLIENT_CONFIRMATION_OK"
19236,10410618073,10410618111,1,"IOTHUB_CLIENT_CONFIRMATION_OK"
19237,10410618274,10410618313,1,"IOTHUB_CLIENT_CONFIRMATION_OK"
19238,10410618474,10410618515,1,"IOTHUB_CLIENT_CONFIRMATION_OK"
19239,10410618674,10410618719,1,"IOTHUB_CLIENT_CONFIRMATION_OK"
19240,10410618874,10410618919,1,"IOTHUB_CLIENT_CONFIRMATION_OK"
19241,10410619074,10410619112,1,"IOTHUB_CLIENT_CONFIRMATION_OK"
19242,10410619274,10410619313,1,"IOTHUB_CLIENT_CONFIRMATION_OK"
19243,10410619475,10410619625,1,"IOTHUB_CLIENT_CONFIRMATION_OK"
19244,10410619675,10410619761,1,"IOTHUB_CLIENT_CONFIRMATION_OK"
19245,10410619875,10410619924,1,"IOTHUB_CLIENT_CONFIRMATION_OK"
19246,10410620075,10410620253,1,"IOTHUB_CLIENT_CONFIRMATION_OK"
19247,10410620275,10410620316,1,"IOTHUB_CLIENT_CONFIRMATION_OK"
19248,10410620475,10410620519,1,"IOTHUB_CLIENT_CONFIRMATION_OK"
19249,10410620676,10410620716,1,"IOTHUB_CLIENT_CONFIRMATION_OK"
19250,10410620876,10410620938,1,"IOTHUB_CLIENT_CONFIRMATION_OK"
19251,10410621076,10410621116,1,"IOTHUB_CLIENT_CONFIRMATION_OK"
19252,10410621276,10410621314,1,"IOTHUB_CLIENT_CONFIRMATION_OK"
19253,10410621476,10410621529,1,"IOTHUB_CLIENT_CONFIRMATION_OK"
19254,10410621676,10410621730,1,"IOTHUB_CLIENT_CONFIRMATION_OK"
19255,10410621877,10410621945,1,"IOTHUB_CLIENT_CONFIRMATION_OK"
19256,10410622077,10410622125,1,"IOTHUB_CLIENT_CONFIRMATION_OK"
19257,10410622277,10410622348,1,"IOTHUB_CLIENT_CONFIRMATION_OK"
19258,10410622477,10410622511,1,"IOTHUB_CLIENT_CONFIRMATION_OK"
19259,10410622677,10410622723,1,"IOTHUB_CLIENT_CONFIRMATION_OK"
19260,10410622877,10410622963,1,"IOTHUB_CLIENT_CONFIRMATION_OK"
19261,10410623077,10410623117,1,"IOTHUB_CLIENT_CONFIRMATION_OK"
19262,10410623278,10410623321,1,"IOTHUB_CLIENT_CONFIRMATION_OK"
19263,10410623478,10410623595,1,"IOTHUB_CLIENT_CONFIRMATION_OK"
19264,10410623678,10410623736,1,"IOTHUB_CLIENT_CONFIRMATION_OK"
19265,10410623878,10410623927,1,"IOTHUB_CLIENT_CONFIRMATION_OK"
19266,10410624078,10410624117,1,"IOTHUB_CLIENT_CONFIRMATION_OK"
19267,10410624278,10410624324,1,"IOTHUB_CLIENT_CONFIRMATION_OK"
19268,10410624478,10410624566,1,"IOTHUB_CLIENT_CONFIRMATION_OK"
19269,10410624679,10410624718,1,"IOTHUB_CLIENT_CONFIRMATION_OK"
19270,10410624879,10410624918,1,"IOTHUB_CLIENT_CONFIRMATION_OK"
19271,10410625079,10410625309,1,"IOTHUB_CLIENT_CONFIRMATION_OK"
19272,10410625279,10410625334,1,"IOTHUB_CLIENT_CONFIRMATION_OK"
19273,10410625479,10410625524,1,"IOTHUB_CLIENT_CONFIRMATION_OK"
19274,10410625679,10410625725,1,"IOTHUB_CLIENT_CONFIRMATION_OK"
19275,10410625880,10410625923,1,"IOTHUB_CLIENT_CONFIRMATION_OK"
19276,10410626080,10410626121,1,"IOTHUB_CLIENT_CONFIRMATION_OK"
19277,10410626280,10410626331,1,"IOTHUB_CLIENT_CONFIRMATION_OK"
19278,10410626480,10410626516,1,"IOTHUB_CLIENT_CONFIRMATION_OK"
19279,10410626680,10410626717,1,"IOTHUB_CLIENT_CONFIRMATION_OK"
19280,10410626880,10410626939,1,"IOTHUB_CLIENT_CONFIRMATION_OK"
19281,10410627081,10410627135,1,"IOTHUB_CLIENT_CONFIRMATION_OK"
19282,10410627281,10410627320,1,"IOTHUB_CLIENT_CONFIRMATION_OK"
19283,10410627481,10410627570,1,"IOTHUB_CLIENT_CONFIRMATION_OK"
19284,10410627681,10410627736,1,"IOTHUB_CLIENT_CONFIRMATION_OK"
19285,10410627881,10410628033,1,"IOTHUB_CLIENT_CONFIRMATION_OK"
19286,10410628081,10410628139,1,"IOTHUB_CLIENT_CONFIRMATION_OK"
19287,10410628282,10410628334,1,"IOTHUB_CLIENT_CONFIRMATION_OK"
19288,10410628482,10410628645,1,"IOTHUB_CLIENT_CONFIRMATION_OK"
19289,10410628682,10410628721,1,"IOTHUB_CLIENT_CONFIRMATION_OK"
19290,10410628882,10410628934,1,"IOTHUB_CLIENT_CONFIRMATION_OK"
19291,10410629082,10410629156,1,"IOTHUB_CLIENT_CONFIRMATION_OK"
19292,10410629282,10410629338,1,"IOTHUB_CLIENT_CONFIRMATION_OK"
19293,10410629482,10410629527,1,"IOTHUB_CLIENT_CONFIRMATION_OK"
19294,10410629683,10410629865,1,"IOTHUB_CLIENT_CONFIRMATION_OK"
19295,10410629883,10410629935,1,"IOTHUB_CLIENT_CONFIRMATION_OK"
19296,10410630083,10410630114,1,"IOTHUB_CLIENT_CONFIRMATION_OK"
19297,10410630283,10410630321,1,"IOTHUB_CLIENT_CONFIRMATION_OK"
19298,10410630483,10410630525,1,"IOTHUB_CLIENT_CONFIRMATION_OK"
19299,10410630683,10410630738,1,"IOTHUB_CLIENT_CONFIRMATION_OK"
19300,10410630884,10410630929,1,"IOTHUB_CLIENT_CONFIRMATION_OK"
19301,10410631084,10410631130,1,"IOTHUB_CLIENT_CONFIRMATION_OK"
19302,10410631284,10410631343,1,"IOTHUB_CLIENT_CONFIRMATION_OK"
19303,10410631484,10410631539,1,"IOTHUB_CLIENT_CONFIRMATION_OK"
19304,10410631684,10410631729,1,"IOTHUB_CLIENT_CONFIRMATION_OK"
19305,10410631884,10410631993,1,"IOTHUB_CLIENT_CONFIRMATION_OK"
19306,10410632085,10410632130,1,"IOTHUB_CLIENT_CONFIRMATION_OK"
19307,10410632285,10410632332,1,"IOTHUB_CLIENT_CONFIRMATION_OK"
19308,10410632485,10410632564,1,"IOTHUB_CLIENT_CONFIRMATION_OK"
19309,10410632685,10410632764,1,"IOTHUB_CLIENT_CONFIRMATION_OK"
19310,10410632885,10410632930,1,"IOTHUB_CLIENT_CONFIRMATION_OK"
19311,10410633085,10410633126,1,"IOTHUB_CLIENT_CONFIRMATION_OK"
19312,10410633285,10410633319,1,"IOTHUB_CLIENT_CONFIRMATION_OK"
19313,10410633486,10410633587,1,"IOTHUB_CLIENT_CONFIRMATION_OK"
19314,10410633686,10410633736,1,"IOTHUB_CLIENT_CONFIRMATION_OK"
19315,10410633886,10410633930,1,"IOTHUB_CLIENT_CONFIRMATION_OK"
19316,10410634086,10410634190,1,"IOTHUB_CLIENT_CONFIRMATION_OK"
19317,10410634286,10410634332,1,"IOTHUB_CLIENT_CONFIRMATION_OK"
19318,10410634486,10410634521,1,"IOTHUB_CLIENT_CONFIRMATION_OK"
19319,10410634687,10410634906,1,"IOTHUB_CLIENT_CONFIRMATION_OK"
19320,10410634887,10410634930,1,"IOTHUB_CLIENT_CONFIRMATION_OK"
19321,10410635087,10410635129,1,"IOTHUB_CLIENT_CONFIRMATION_OK"
19322,10410635287,10410635349,1,"IOTHUB_CLIENT_CONFIRMATION_OK"
19323,10410635487,10410635524,1,"IOTHUB_CLIENT_CONFIRMATION_OK"
19324,10410635687,10410635752,1,"IOTHUB_CLIENT_CONFIRMATION_OK"
19325,10410635888,10410635937,1,"IOTHUB_CLIENT_CONFIRMATION_OK"
19326,10410636088,10410636149,1,"IOTHUB_CLIENT_CONFIRMATION_OK"
19327,10410636288,10410636357,1,"IOTHUB_CLIENT_CONFIRMATION_OK"
19328,10410636488,10410636532,1,"IOTHUB_CLIENT_CONFIRMATION_OK"
19329,10410636688,10410636731,1,"IOTHUB_CLIENT_CONFIRMATION_OK"
19330,10410636888,10410636968,1,"IOTHUB_CLIENT_CONFIRMATION_OK"
19331,10410637088,10410637137,1,"IOTHUB_CLIENT_CONFIRMATION_OK"
19332,10410637289,10410637349,1,"IOTHUB_CLIENT_CONFIRMATION_OK"
19333,10410637489,10410637582,1,"IOTHUB_CLIENT_CONFIRMATION_OK"
19334,10410637689,10410637729,1,"IOTHUB_CLIENT_CONFIRMATION_OK"
19335,10410637889,10410637948,1,"IOTHUB_CLIENT_CONFIRMATION_OK"
19336,10410638089,10410638194,1,"IOTHUB_CLIENT_CONFIRMATION_OK"
19337,10410638289,10410638365,1,"IOTHUB_CLIENT_CONFIRMATION_OK"
19338,10410638490,10410638543,1,"IOTHUB_CLIENT_CONFIRMATION_OK"
19339,10410638690,10410638734,1,"IOTHUB_CLIENT_CONFIRMATION_OK"
19340,10410638890,10410638937,1,"IOTHUB_CLIENT_CONFIRMATION_OK"
19341,10410639090,10410639205,1,"IOTHUB_CLIENT_CONFIRMATION_OK"
19342,10410639290,10410639346,1,"IOTHUB_CLIENT_CONFIRMATION_OK"
19343,10410639490,10410639528,1,"IOTHUB_CLIENT_CONFIRMATION_OK"
19344,10410639691,10410639914,1,"IOTHUB_CLIENT_CONFIRMATION_OK"
19345,10410639891,10410639966,1,"IOTHUB_CLIENT_CONFIRMATION_OK"
19346,10410640091,10410640130,1,"IOTHUB_CLIENT_CONFIRMATION_OK"
19347,10410640291,10410640344,1,"IOTHUB_CLIENT_CONFIRMATION_OK"
19348,10410640491,10410640548,1,"IOTHUB_CLIENT_CONFIRMATION_OK"
19349,10410640691,10410640735,1,"IOTHUB_CLIENT_CONFIRMATION_OK"
19350,10410640891,10410640958,1,"IOTHUB_CLIENT_CONFIRMATION_OK"
19351,10410641092,10410641137,1,"IOTHUB_CLIENT_CONFIRMATION_OK"
19352,10410641292,10410641342,1,"IOTHUB_CLIENT_CONFIRMATION_OK"
19353,10410641492,10410641538,1,"IOTHUB_CLIENT_CONFIRMATION_OK"
19354,10410641692,10410641727,1,"IOTHUB_CLIENT_CONFIRMATION_OK"
19355,10410641892,10410641944,1,"IOTHUB_CLIENT_CONFIRMATION_OK"
19356,10410642092,10410642142,1,"IOTHUB_CLIENT_CONFIRMATION_OK"
19357,10410642293,10410642338,1,"IOTHUB_CLIENT_CONFIRMATION_OK"
19358,10410642493,10410642583,1,"IOTHUB_CLIENT_CONFIRMATION_OK"
19359,10410642693,10410642802,1,"IOTHUB_CLIENT_CONFIRMATION_OK"
19360,10410642893,10410642931,1,"IOTHUB_CLIENT_CONFIRMATION_OK"
19361,10410643093,10410643168,1,"IOTHUB_CLIENT_CONFIRMATION_OK"
19362,10410643293,10410643348,1,"IOTHUB_CLIENT_CONFIRMATION_OK"
19363,10410643493,10410643536,1,"IOTHUB_CLIENT_CONFIRMATION_OK"
19364,10410643694,10410643769,1,"IOTHUB_CLIENT_CONFIRMATION_OK"
19365,10410643894,10410643936,1,"IOTHUB_CLIENT_CONFIRMATION_OK"
19366,10410644094,10410644133,1,"IOTHUB_CLIENT_CONFIRMATION_OK"
19367,10410644294,10410644354,1,"IOTHUB_CLIENT_CONFIRMATION_OK"
19368,10410644494,10410644534,1,"IOTHUB_CLIENT_CONFIRMATION_OK"
19369,10410644694,10410644737,1,"IOTHUB_CLIENT_CONFIRMATION_OK"
19370,10410644895,10410644989,1,"IOTHUB_CLIENT_CONFIRMATION_OK"
19371,10410645095,10410645150,1,"IOTHUB_CLIENT_CONFIRMATION_OK"
19372,10410645295,10410645413,1,"IOTHUB_CLIENT_CONFIRMATION_OK"
19373,10410645495,10410645531,1,"IOTHUB_CLIENT_CONFIRMATION_OK"
19374,10410645695,10410645735,1,"IOTHUB_CLIENT_CONFIRMATION_OK"
19375,10410645895,10410646060,1,"IOTHUB_CLIENT_CONFIRMATION_OK"
19376,10410646096,10410646138,1,"IOTHUB_CLIENT_CONFIRMATION_OK"
19377,10410646296,10410646343,1,"IOTHUB_CLIENT_CONFIRMATION_OK"
19378,10410646496,10410646541,1,"IOTHUB_CLIENT_CONFIRMATION_OK"
19379,10410646696,10410646734,1,"IOTHUB_CLIENT_CONFIRMATION_OK"
19380,10410646896,10410646944,1,"IOTHUB_CLIENT_CONFIRMATION_OK"
19381,10410647096,10410647135,1,"IOTHUB_CLIENT_CONFIRMATION_OK"
19382,10410647297,10410647342,1,"IOTHUB_CLIENT_CONFIRMATION_OK"
19383,10410647497,10410647543,1,"IOTHUB_CLIENT_CONFIRMATION_OK"
19384,10410647697,10410647774,1,"IOTHUB_CLIENT_CONFIRMATION_OK"
19385,10410647897,10410647942,1,"IOTHUB_CLIENT_CONFIRMATION_OK"
19386,10410648097,10410648254,1,"IOTHUB_CLIENT_CONFIRMATION_OK"
19387,10410648297,10410648344,1,"IOTHUB_CLIENT_CONFIRMATION_OK"
19388,10410648498,10410648532,1,"IOTHUB_CLIENT_CONFIRMATION_OK"
19389,10410648698,10410648748,1,"IOTHUB_CLIENT_CONFIRMATION_OK"
19390,10410648898,10410648947,1,"IOTHUB_CLIENT_CONFIRMATION_OK"
19391,10410649098,10410649133,1,"IOTHUB_CLIENT_CONFIRMATION_OK"
19392,10410649298,10410649335,1,"IOTHUB_CLIENT_CONFIRMATION_OK"
19393,10410649498,10410649537,1,"IOTHUB_CLIENT_CONFIRMATION_OK"
19394,10410649698,10410649733,1,"IOTHUB_CLIENT_CONFIRMATION_OK"
19395,10410649899,10410649948,1,"IOTHUB_CLIENT_CONFIRMATION_OK"
19396,10410650099,10410650164,1,"IOTHUB_CLIENT_CONFIRMATION_OK"
19397,10410650299,10410650372,1,"IOTHUB_CLIENT_CONFIRMATION_OK"
19398,10410650499,10410650610,1,"IOTHUB_CLIENT_CONFIRMATION_OK"
19399,10410650699,10410650744,1,"IOTHUB_CLIENT_CONFIRMATION_OK"
19400,10410650899,10410651048,1,"IOTHUB_CLIENT_CONFIRMATION_OK"
19401,10410651100,10410651158,1,"IOTHUB_CLIENT_CONFIRMATION_OK"
19402,10410651300,10410651345,1,"IOTHUB_CLIENT_CONFIRMATION_OK"
19403,10410651500,10410651632,1,"IOTHUB_CLIENT_CONFIRMATION_OK"
19404,10410651700,10410651740,1,"IOTHUB_CLIENT_CONFIRMATION_OK"
19405,10410651900,10410651948,1,"IOTHUB_CLIENT_CONFIRMATION_OK"
19406,10410652100,10410652149,1,"IOTHUB_CLIENT_CONFIRMATION_OK"
19407,10410652301,10410652343,1,"IOTHUB_CLIENT_CONFIRMATION_OK"
19408,10410652501,10410652543,1,"IOTHUB_CLIENT_CONFIRMATION_OK"
19409,10410652701,10410652745,1,"IOTHUB_CLIENT_CONFIRMATION_OK"
19410,10410652901,10410652943,1,"IOTHUB_CLIENT_CONFIRMATION_OK"
19411,10410653101,10410653146,1,"IOTHUB_CLIENT_CONFIRMATION_OK"
19412,10410653301,10410653390,1,"IOTHUB_CLIENT_CONFIRMATION_OK"
19413,10410653501,10410653546,1,"IOTHUB_CLIENT_CONFIRMATION_OK"
19414,10410653702,10410653870,1,"IOTHUB_CLIENT_CONFIRMATION_OK"
19415,10410653902,10410653942,1,"IOTHUB_CLIENT_CONFIRMATION_OK"
19416,10410654102,10410654144,1,"IOTHUB_CLIENT_CONFIRMATION_OK"
19417,10410654302,10410654507,1,"IOTHUB_CLIENT_CONFIRMATION_OK"
19418,10410654502,10410654538,1,"IOTHUB_CLIENT_CONFIRMATION_OK"
19419,10410654702,10410654803,1,"IOTHUB_CLIENT_CONFIRMATION_OK"
19420,10410654903,10410654967,1,"IOTHUB_CLIENT_CONFIRMATION_OK"
19421,10410655103,10410655147,1,"IOTHUB_CLIENT_CONFIRMATION_OK"
19422,10410655303,10410655341,1,"IOTHUB_CLIENT_CONFIRMATION_OK"
19423,10410655503,10410655567,1,"IOTHUB_CLIENT_CONFIRMATION_OK"
19424,10410655703,10410655799,1,"IOTHUB_CLIENT_CONFIRMATION_OK"
19425,10410655903,10410655944,1,"IOTHUB_CLIENT_CONFIRMATION_OK"
19426,10410656103,10410656147,1,"IOTHUB_CLIENT_CONFIRMATION_OK"
19427,10410656304,10410656340,1,"IOTHUB_CLIENT_CONFIRMATION_OK"
19428,10410656504,10410656595,1,"IOTHUB_CLIENT_CONFIRMATION_OK"
19429,10410656704,10410656775,1,"IOTHUB_CLIENT_CONFIRMATION_OK"
19430,10410656904,10410656942,1,"IOTHUB_CLIENT_CONFIRMATION_OK"
19431,10410657104,10410657206,1,"IOTHUB_CLIENT_CONFIRMATION_OK"
19432,10410657304,10410657349,1,"IOTHUB_CLIENT_CONFIRMATION_OK"
19433,10410657505,10410657549,1,"IOTHUB_CLIENT_CONFIRMATION_OK"
19434,10410657705,10410657824,1,"IOTHUB_CLIENT_CONFIRMATION_OK"
19435,10410657905,10410657959,1,"IOTHUB_CLIENT_CONFIRMATION_OK"
19436,10410658105,10410658166,1,"IOTHUB_CLIENT_CONFIRMATION_OK"
19437,10410658305,10410658340,1,"IOTHUB_CLIENT_CONFIRMATION_OK"
19438,10410658505,10410658547,1,"IOTHUB_CLIENT_CONFIRMATION_OK"
19439,10410658706,10410658741,1,"IOTHUB_CLIENT_CONFIRMATION_OK"
19440,10410658906,10410658944,1,"IOTHUB_CLIENT_CONFIRMATION_OK"
19441,10410659106,10410659151,1,"IOTHUB_CLIENT_CONFIRMATION_OK"
19442,10410659306,10410659468,1,"IOTHUB_CLIENT_CONFIRMATION_OK"
19443,10410659506,10410659544,1,"IOTHUB_CLIENT_CONFIRMATION_OK"
19444,10410659706,10410659745,1,"IOTHUB_CLIENT_CONFIRMATION_OK"
19445,10410659906,10410660079,1,"IOTHUB_CLIENT_CONFIRMATION_OK"
19446,10410660107,10410660147,1,"IOTHUB_CLIENT_CONFIRMATION_OK"
19447,10410660307,10410660349,1,"IOTHUB_CLIENT_CONFIRMATION_OK"
19448,10410660507,10410660544,1,"IOTHUB_CLIENT_CONFIRMATION_OK"
19449,10410660707,10410660751,1,"IOTHUB_CLIENT_CONFIRMATION_OK"
19450,10410660907,10410660948,1,"IOTHUB_CLIENT_CONFIRMATION_OK"
19451,10410661107,10410661144,1,"IOTHUB_CLIENT_CONFIRMATION_OK"
19452,10410661308,10410661365,1,"IOTHUB_CLIENT_CONFIRMATION_OK"
19453,10410661508,10410661554,1,"IOTHUB_CLIENT_CONFIRMATION_OK"
19454,10410661708,10410661754,1,"IOTHUB_CLIENT_CONFIRMATION_OK"
19455,10410661908,10410661960,1,"IOTHUB_CLIENT_CONFIRMATION_OK"
19456,10410662108,10410662301,1,"IOTHUB_CLIENT_CONFIRMATION_OK"
19457,10410662308,10410662353,1,"IOTHUB_CLIENT_CONFIRMATION_OK"
19458,10410662508,10410662547,1,"IOTHUB_CLIENT_CONFIRMATION_OK"
19459,10410662709,10410662749,1,"IOTHUB_CLIENT_CONFIRMATION_OK"
19460,10410662909,10410662967,1,"IOTHUB_CLIENT_CONFIRMATION_OK"
19461,10410663109,10410663157,1,"IOTHUB_CLIENT_CONFIRMATION_OK"
19462,10410663309,10410663354,1,"IOTHUB_CLIENT_CONFIRMATION_OK"
19463,10410663509,10410663633,1,"IOTHUB_CLIENT_CONFIRMATION_OK"
19464,10410663709,10410663765,1,"IOTHUB_CLIENT_CONFIRMATION_OK"
19465,10410663910,10410663982,1,"IOTHUB_CLIENT_CONFIRMATION_OK"
19466,10410664110,10410664152,1,"IOTHUB_CLIENT_CONFIRMATION_OK"
19467,10410664310,10410664356,1,"IOTHUB_CLIENT_CONFIRMATION_OK"
19468,10410664510,10410664556,1,"IOTHUB_CLIENT_CONFIRMATION_OK"
19469,10410664710,10410664759,1,"IOTHUB_CLIENT_CONFIRMATION_OK"
19470,10410664910,10410664962,1,"IOTHUB_CLIENT_CONFIRMATION_OK"
19471,10410665111,10410665167,1,"IOTHUB_CLIENT_CONFIRMATION_OK"
19472,10410665311,10410665348,1,"IOTHUB_CLIENT_CONFIRMATION_OK"
19473,10410665511,10410665586,1,"IOTHUB_CLIENT_CONFIRMATION_OK"
19474,10410665711,10410665864,1,"IOTHUB_CLIENT_CONFIRMATION_OK"
19475,10410665911,10410665961,1,"IOTHUB_CLIENT_CONFIRMATION_OK"
19476,10410666111,10410666195,1,"IOTHUB_CLIENT_CONFIRMATION_OK"
19477,10410666312,10410666355,1,"IOTHUB_CLIENT_CONFIRMATION_OK"
19478,10410666512,10410666554,1,"IOTHUB_CLIENT_CONFIRMATION_OK"
19479,10410666712,10410666811,1,"IOTHUB_CLIENT_CONFIRMATION_OK"
19480,10410666912,10410666952,1,"IOTHUB_CLIENT_CONFIRMATION_OK"
19481,10410667112,10410667155,1,"IOTHUB_CLIENT_CONFIRMATION_OK"
19482,10410667312,10410667358,1,"IOTHUB_CLIENT_CONFIRMATION_OK"
19483,10410667512,10410667565,1,"IOTHUB_CLIENT_CONFIRMATION_OK"
19484,10410667713,10410667827,1,"IOTHUB_CLIENT_CONFIRMATION_OK"
19485,10410667913,10410667958,1,"IOTHUB_CLIENT_CONFIRMATION_OK"
19486,10410668113,10410668182,1,"IOTHUB_CLIENT_CONFIRMATION_OK"
19487,10410668313,10410668462,1,"IOTHUB_CLIENT_CONFIRMATION_OK"
19488,10410668513,10410668559,1,"IOTHUB_CLIENT_CONFIRMATION_OK"
19489,10410668714,10410668799,1,"IOTHUB_CLIENT_CONFIRMATION_OK"
19490,10410668914,10410668960,1,"IOTHUB_CLIENT_CONFIRMATION_OK"
19491,10410669114,10410669155,1,"IOTHUB_CLIENT_CONFIRMATION_OK"
19492,10410669314,10410669359,1,"IOTHUB_CLIENT_CONFIRMATION_OK"
19493,10410669514,10410669556,1,"IOTHUB_CLIENT_CONFIRMATION_OK"
19494,10410669714,10410669758,1,"IOTHUB_CLIENT_CONFIRMATION_OK"
19495,10410669914,10410669963,1,"IOTHUB_CLIENT_CONFIRMATION_OK"
19496,10410670115,10410670181,1,"IOTHUB_CLIENT_CONFIRMATION_OK"
19497,10410670315,10410670367,1,"IOTHUB_CLIENT_CONFIRMATION_OK"
19498,10410670515,10410670620,1,"IOTHUB_CLIENT_CONFIRMATION_OK"
19499,10410670715,10410670754,1,"IOTHUB_CLIENT_CONFIRMATION_OK"
19500,10410670915,10410670986,1,"IOTHUB_CLIENT_CONFIRMATION_OK"
19501,10410671115,10410671192,1,"IOTHUB_CLIENT_CONFIRMATION_OK"
19502,10410671316,10410671352,1,"IOTHUB_CLIENT_CONFIRMATION_OK"
19503,10410671516,10410671560,1,"IOTHUB_CLIENT_CONFIRMATION_OK"
19504,10410671716,10410671827,1,"IOTHUB_CLIENT_CONFIRMATION_OK"
19505,10410671916,10410671953,1,"IOTHUB_CLIENT_CONFIRMATION_OK"
19506,10410672116,10410672172,1,"IOTHUB_CLIENT_CONFIRMATION_OK"
19507,10410672316,10410672429,1,"IOTHUB_CLIENT_CONFIRMATION_OK"
19508,10410672517,10410672559,1,"IOTHUB_CLIENT_CONFIRMATION_OK"
19509,10410672717,10410672841,1,"IOTHUB_CLIENT_CONFIRMATION_OK"
19510,10410672917,10410672962,1,"IOTHUB_CLIENT_CONFIRMATION_OK"
19511,10410673117,10410673189,1,"IOTHUB_CLIENT_CONFIRMATION_OK"
19512,10410673317,10410673372,1,"IOTHUB_CLIENT_CONFIRMATION_OK"
19513,10410673517,10410673562,1,"IOTHUB_CLIENT_CONFIRMATION_OK"
19514,10410673718,10410673768,1,"IOTHUB_CLIENT_CONFIRMATION_OK"
19515,10410673918,10410674082,1,"IOTHUB_CLIENT_CONFIRMATION_OK"
19516,10410674118,10410674244,1,"IOTHUB_CLIENT_CONFIRMATION_OK"
19517,10410674318,10410674403,1,"IOTHUB_CLIENT_CONFIRMATION_OK"
19518,10410674518,10410674566,1,"IOTHUB_CLIENT_CONFIRMATION_OK"
19519,10410674718,10410674792,1,"IOTHUB_CLIENT_CONFIRMATION_OK"
19520,10410674918,10410674989,1,"IOTHUB_CLIENT_CONFIRMATION_OK"
19521,10410675119,10410675155,1,"IOTHUB_CLIENT_CONFIRMATION_OK"
19522,10410675319,10410675395,1,"IOTHUB_CLIENT_CONFIRMATION_OK"
19523,10410675519,10410675581,1,"IOTHUB_CLIENT_CONFIRMATION_OK"
19524,10410675719,10410675758,1,"IOTHUB_CLIENT_CONFIRMATION_OK"
19525,10410675919,10410675979,1,"IOTHUB_CLIENT_CONFIRMATION_OK"
19526,10410676119,10410676174,1,"IOTHUB_CLIENT_CONFIRMATION_OK"
19527,10410676320,10410676363,1,"IOTHUB_CLIENT_CONFIRMATION_OK"
19528,10410676520,10410676562,1,"IOTHUB_CLIENT_CONFIRMATION_OK"
19529,10410676720,10410676971,1,"IOTHUB_CLIENT_CONFIRMATION_OK"
19530,10410676920,10410676995,1,"IOTHUB_CLIENT_CONFIRMATION_OK"
19531,10410677120,10410677157,1,"IOTHUB_CLIENT_CONFIRMATION_OK"
19532,10410677320,10410677386,1,"IOTHUB_CLIENT_CONFIRMATION_OK"
19533,10410677521,10410677569,1,"IOTHUB_CLIENT_CONFIRMATION_OK"
19534,10410677721,10410677788,1,"IOTHUB_CLIENT_CONFIRMATION_OK"
19535,10410677921,10410677990,1,"IOTHUB_CLIENT_CONFIRMATION_OK"
19536,10410678121,10410678157,1,"IOTHUB_CLIENT_CONFIRMATION_OK"
19537,10410678321,10410678364,1,"IOTHUB_CLIENT_CONFIRMATION_OK"
19538,10410678521,10410678618,1,"IOTHUB_CLIENT_CONFIRMATION_OK"
19539,10410678721,10410678766,1,"IOTHUB_CLIENT_CONFIRMATION_OK"
19540,10410678922,10410678959,1,"IOTHUB_CLIENT_CONFIRMATION_OK"
19541,10410679122,10410679164,1,"IOTHUB_CLIENT_CONFIRMATION_OK"
19542,10410679322,10410679377,1,"IOTHUB_CLIENT_CONFIRMATION_OK"
19543,10410679522,10410679612,1,"IOTHUB_CLIENT_CONFIRMATION_OK"
19544,10410679722,10410679768,1,"IOTHUB_CLIENT_CONFIRMATION_OK"
19545,10410679922,10410679980,1,"IOTHUB_CLIENT_CONFIRMATION_OK"
19546,10410680123,10410680243,1,"IOTHUB_CLIENT_CONFIRMATION_OK"
19547,10410680323,10410680372,1,"IOTHUB_CLIENT_CONFIRMATION_OK"
19548,10410680523,10410680557,1,"IOTHUB_CLIENT_CONFIRMATION_OK"
19549,10410680723,10410680868,1,"IOTHUB_CLIENT_CONFIRMATION_OK"
19550,10410680923,10410680962,1,"IOTHUB_CLIENT_CONFIRMATION_OK"
19551,10410681123,10410681167,1,"IOTHUB_CLIENT_CONFIRMATION_OK"
19552,10410681324,10410681371,1,"IOTHUB_CLIENT_CONFIRMATION_OK"
19553,10410681524,10410681560,1,"IOTHUB_CLIENT_CONFIRMATION_OK"
19554,10410681724,10410681769,1,"IOTHUB_CLIENT_CONFIRMATION_OK"
19555,10410681924,10410681975,1,"IOTHUB_CLIENT_CONFIRMATION_OK"
19556,10410682124,10410682165,1,"IOTHUB_CLIENT_CONFIRMATION_OK"
19557,10410682324,10410682478,1,"IOTHUB_CLIENT_CONFIRMATION_OK"
19558,10410682524,10410682586,1,"IOTHUB_CLIENT_CONFIRMATION_OK"
19559,10410682725,10410682766,1,"IOTHUB_CLIENT_CONFIRMATION_OK"
19560,10410682925,10410683084,1,"IOTHUB_CLIENT_CONFIRMATION_OK"
19561,10410683125,10410683174,1,"IOTHUB_CLIENT_CONFIRMATION_OK"
19562,10410683325,10410683366,1,"IOTHUB_CLIENT_CONFIRMATION_OK"
19563,10410683525,10410683583,1,"IOTHUB_CLIENT_CONFIRMATION_OK"
19564,10410683725,10410683766,1,"IOTHUB_CLIENT_CONFIRMATION_OK"
19565,10410683925,10410683969,1,"IOTHUB_CLIENT_CONFIRMATION_OK"
19566,10410684126,10410684168,1,"IOTHUB_CLIENT_CONFIRMATION_OK"
19567,10410684326,10410684373,1,"IOTHUB_CLIENT_CONFIRMATION_OK"
19568,10410684526,10410684569,1,"IOTHUB_CLIENT_CONFIRMATION_OK"
19569,10410684726,10410684762,1,"IOTHUB_CLIENT_CONFIRMATION_OK"
19570,10410684926,10410684969,1,"IOTHUB_CLIENT_CONFIRMATION_OK"
19571,10410685126,10410685185,1,"IOTHUB_CLIENT_CONFIRMATION_OK"
19572,10410685327,10410685366,1,"IOTHUB_CLIENT_CONFIRMATION_OK"
19573,10410685527,10410685572,1,"IOTHUB_CLIENT_CONFIRMATION_OK"
19574,10410685727,10410685790,1,"IOTHUB_CLIENT_CONFIRMATION_OK"
19575,10410685927,10410685966,1,"IOTHUB_CLIENT_CONFIRMATION_OK"
19576,10410686127,10410686164,1,"IOTHUB_CLIENT_CONFIRMATION_OK"
19577,10410686327,10410686433,1,"IOTHUB_CLIENT_CONFIRMATION_OK"
19578,10410686528,10410686566,1,"IOTHUB_CLIENT_CONFIRMATION_OK"
19579,10410686728,10410686773,1,"IOTHUB_CLIENT_CONFIRMATION_OK"
19580,10410686928,10410686983,1,"IOTHUB_CLIENT_CONFIRMATION_OK"
19581,10410687128,10410687191,1,"IOTHUB_CLIENT_CONFIRMATION_OK"
19582,10410687328,10410687504,1,"IOTHUB_CLIENT_CONFIRMATION_OK"
19583,10410687528,10410687564,1,"IOTHUB_CLIENT_CONFIRMATION_OK"
19584,10410687729,10410687815,1,"IOTHUB_CLIENT_CONFIRMATION_OK"
19585,10410687929,10410688117,1,"IOTHUB_CLIENT_CONFIRMATION_OK"
19586,10410688129,10410688175,1,"IOTHUB_CLIENT_CONFIRMATION_OK"
19587,10410688329,10410688373,1,"IOTHUB_CLIENT_CONFIRMATION_OK"
19588,10410688529,10410688569,1,"IOTHUB_CLIENT_CONFIRMATION_OK"
19589,10410688729,10410688782,1,"IOTHUB_CLIENT_CONFIRMATION_OK"
19590,10410688930,10410688969,1,"IOTHUB_CLIENT_CONFIRMATION_OK"
19591,10410689130,10410689180,1,"IOTHUB_CLIENT_CONFIRMATION_OK"
19592,10410689330,10410689400,1,"IOTHUB_CLIENT_CONFIRMATION_OK"
19593,10410689530,10410689575,1,"IOTHUB_CLIENT_CONFIRMATION_OK"
19594,10410689730,10410689772,1,"IOTHUB_CLIENT_CONFIRMATION_OK"
19595,10410689930,10410689969,1,"IOTHUB_CLIENT_CONFIRMATION_OK"
19596,10410690131,10410690172,1,"IOTHUB_CLIENT_CONFIRMATION_OK"
19597,10410690331,10410690366,1,"IOTHUB_CLIENT_CONFIRMATION_OK"
19598,10410690531,10410690580,1,"IOTHUB_CLIENT_CONFIRMATION_OK"
19599,10410690731,10410690787,1,"IOTHUB_CLIENT_CONFIRMATION_OK"
19600,10410690931,10410690969,1,"IOTHUB_CLIENT_CONFIRMATION_OK"
19601,10410691131,10410691170,1,"IOTHUB_CLIENT_CONFIRMATION_OK"
19602,10410691331,10410691384,1,"IOTHUB_CLIENT_CONFIRMATION_OK"
19603,10410691532,10410691570,1,"IOTHUB_CLIENT_CONFIRMATION_OK"
19604,10410691732,10410691827,1,"IOTHUB_CLIENT_CONFIRMATION_OK"
19605,10410691932,10410692003,1,"IOTHUB_CLIENT_CONFIRMATION_OK"
19606,10410692132,10410692273,1,"IOTHUB_CLIENT_CONFIRMATION_OK"
19607,10410692332,10410692376,1,"IOTHUB_CLIENT_CONFIRMATION_OK"
19608,10410692532,10410692579,1,"IOTHUB_CLIENT_CONFIRMATION_OK"
19609,10410692733,10410692775,1,"IOTHUB_CLIENT_CONFIRMATION_OK"
19610,10410692933,10410692979,1,"IOTHUB_CLIENT_CONFIRMATION_OK"
19611,10410693133,10410693183,1,"IOTHUB_CLIENT_CONFIRMATION_OK"
19612,10410693333,10410693370,1,"IOTHUB_CLIENT_CONFIRMATION_OK"
19613,10410693533,10410693731,1,"IOTHUB_CLIENT_CONFIRMATION_OK"
19614,10410693733,10410693792,1,"IOTHUB_CLIENT_CONFIRMATION_OK"
19615,10410693933,10410693994,1,"IOTHUB_CLIENT_CONFIRMATION_OK"
19616,10410694134,10410694171,1,"IOTHUB_CLIENT_CONFIRMATION_OK"
19617,10410694334,10410694376,1,"IOTHUB_CLIENT_CONFIRMATION_OK"
19618,10410694534,10410694582,1,"IOTHUB_CLIENT_CONFIRMATION_OK"
19619,10410694734,10410694779,1,"IOTHUB_CLIENT_CONFIRMATION_OK"
19620,10410694934,10410694995,1,"IOTHUB_CLIENT_CONFIRMATION_OK"
19621,10410695134,10410695182,1,"IOTHUB_CLIENT_CONFIRMATION_OK"
19622,10410695335,10410695378,1,"IOTHUB_CLIENT_CONFIRMATION_OK"
19623,10410695535,10410695581,1,"IOTHUB_CLIENT_CONFIRMATION_OK"
19624,10410695735,10410695778,1,"IOTHUB_CLIENT_CONFIRMATION_OK"
19625,10410695935,10410695985,1,"IOTHUB_CLIENT_CONFIRMATION_OK"
19626,10410696135,10410696175,1,"IOTHUB_CLIENT_CONFIRMATION_OK"
19627,10410696335,10410696572,1,"IOTHUB_CLIENT_CONFIRMATION_OK"
19628,10410696536,10410696594,1,"IOTHUB_CLIENT_CONFIRMATION_OK"
19629,10410696736,10410696772,1,"IOTHUB_CLIENT_CONFIRMATION_OK"
19630,10410696936,10410697065,1,"IOTHUB_CLIENT_CONFIRMATION_OK"
19631,10410697136,10410697180,1,"IOTHUB_CLIENT_CONFIRMATION_OK"
19632,10410697336,10410697385,1,"IOTHUB_CLIENT_CONFIRMATION_OK"
19633,10410697536,10410697579,1,"IOTHUB_CLIENT_CONFIRMATION_OK"
19634,10410697737,10410697782,1,"IOTHUB_CLIENT_CONFIRMATION_OK"
19635,10410697937,10410698001,1,"IOTHUB_CLIENT_CONFIRMATION_OK"
19636,10410698137,10410698194,1,"IOTHUB_CLIENT_CONFIRMATION_OK"
19637,10410698337,10410698374,1,"IOTHUB_CLIENT_CONFIRMATION_OK"
19638,10410698537,10410698593,1,"IOTHUB_CLIENT_CONFIRMATION_OK"
19639,10410698737,10410698804,1,"IOTHUB_CLIENT_CONFIRMATION_OK"
19640,10410698938,10410698974,1,"IOTHUB_CLIENT_CONFIRMATION_OK"
19641,10410699138,10410699196,1,"IOTHUB_CLIENT_CONFIRMATION_OK"
19642,10410699338,10410699376,1,"IOTHUB_CLIENT_CONFIRMATION_OK"
19643,10410699538,10410699592,1,"IOTHUB_CLIENT_CONFIRMATION_OK"
19644,10410699738,10410699830,1,"IOTHUB_CLIENT_CONFIRMATION_OK"
19645,10410699938,10410699989,1,"IOTHUB_CLIENT_CONFIRMATION_OK"
19646,10410700139,10410700178,1,"IOTHUB_CLIENT_CONFIRMATION_OK"
19647,10410700339,10410700437,1,"IOTHUB_CLIENT_CONFIRMATION_OK"
19648,10410700539,10410700569,1,"IOTHUB_CLIENT_CONFIRMATION_OK"
19649,10410700739,10410700777,1,"IOTHUB_CLIENT_CONFIRMATION_OK"
19650,10410700939,10410701067,1,"IOTHUB_CLIENT_CONFIRMATION_OK"
19651,10410701139,10410701174,1,"IOTHUB_CLIENT_CONFIRMATION_OK"
19652,10410701340,10410701381,1,"IOTHUB_CLIENT_CONFIRMATION_OK"
19653,10410701540,10410701580,1,"IOTHUB_CLIENT_CONFIRMATION_OK"
19654,10410701740,10410701794,1,"IOTHUB_CLIENT_CONFIRMATION_OK"
19655,10410701940,10410702072,1,"IOTHUB_CLIENT_CONFIRMATION_OK"
19656,10410702140,10410702191,1,"IOTHUB_CLIENT_CONFIRMATION_OK"
19657,10410702340,10410702448,1,"IOTHUB_CLIENT_CONFIRMATION_OK"
19658,10410702541,10410702684,1,"IOTHUB_CLIENT_CONFIRMATION_OK"
19659,10410702741,10410702786,1,"IOTHUB_CLIENT_CONFIRMATION_OK"
19660,10410702941,10410702975,1,"IOTHUB_CLIENT_CONFIRMATION_OK"
19661,10410703141,10410703292,1,"IOTHUB_CLIENT_CONFIRMATION_OK"
19662,10410703341,10410703416,1,"IOTHUB_CLIENT_CONFIRMATION_OK"
19663,10410703541,10410703584,1,"IOTHUB_CLIENT_CONFIRMATION_OK"
19664,10410703741,10410703794,1,"IOTHUB_CLIENT_CONFIRMATION_OK"
19665,10410703942,10410703977,1,"IOTHUB_CLIENT_CONFIRMATION_OK"
19666,10410704142,10410704180,1,"IOTHUB_CLIENT_CONFIRMATION_OK"
19667,10410704342,10410704384,1,"IOTHUB_CLIENT_CONFIRMATION_OK"
19668,10410704542,10410704597,1,"IOTHUB_CLIENT_CONFIRMATION_OK"
19669,10410704742,10410704785,1,"IOTHUB_CLIENT_CONFIRMATION_OK"
19670,10410704942,10410704992,1,"IOTHUB_CLIENT_CONFIRMATION_OK"
19671,10410705143,10410705189,1,"IOTHUB_CLIENT_CONFIRMATION_OK"
19672,10410705343,10410705527,1,"IOTHUB_CLIENT_CONFIRMATION_OK"
19673,10410705543,10410705620,1,"IOTHUB_CLIENT_CONFIRMATION_OK"
19674,10410705743,10410705797,1,"IOTHUB_CLIENT_CONFIRMATION_OK"
19675,10410705943,10410705984,1,"IOTHUB_CLIENT_CONFIRMATION_OK"
19676,10410706143,10410706200,1,"IOTHUB_CLIENT_CONFIRMATION_OK"
19677,10410706344,10410706393,1,"IOTHUB_CLIENT_CONFIRMATION_OK"
19678,10410706544,10410706624,1,"IOTHUB_CLIENT_CONFIRMATION_OK"
19679,10410706744,10410706868,1,"IOTHUB_CLIENT_CONFIRMATION_OK"
19680,10410706944,10410706986,1,"IOTHUB_CLIENT_CONFIRMATION_OK"
19681,10410707144,10410707192,1,"IOTHUB_CLIENT_CONFIRMATION_OK"
19682,10410707344,10410707390,1,"IOTHUB_CLIENT_CONFIRMATION_OK"
19683,10410707544,10410707590,1,"IOTHUB_CLIENT_CONFIRMATION_OK"
19684,10410707745,10410707780,1,"IOTHUB_CLIENT_CONFIRMATION_OK"
19685,10410707945,10410707986,1,"IOTHUB_CLIENT_CONFIRMATION_OK"
19686,10410708145,10410708307,1,"IOTHUB_CLIENT_CONFIRMATION_OK"
19687,10410708345,10410708384,1,"IOTHUB_CLIENT_CONFIRMATION_OK"
19688,10410708545,10410708596,1,"IOTHUB_CLIENT_CONFIRMATION_OK"
19689,10410708745,10410708923,1,"IOTHUB_CLIENT_CONFIRMATION_OK"
19690,10410708946,10410708986,1,"IOTHUB_CLIENT_CONFIRMATION_OK"
19691,10410709146,10410709181,1,"IOTHUB_CLIENT_CONFIRMATION_OK"
19692,10410709346,10410709392,1,"IOTHUB_CLIENT_CONFIRMATION_OK"
19693,10410709546,10410709629,1,"IOTHUB_CLIENT_CONFIRMATION_OK"
19694,10410709746,10410709799,1,"IOTHUB_CLIENT_CONFIRMATION_OK"
19695,10410709946,10410709997,1,"IOTHUB_CLIENT_CONFIRMATION_OK"
19696,10410710147,10410710205,1,"IOTHUB_CLIENT_CONFIRMATION_OK"
19697,10410710347,10410710397,1,"IOTHUB_CLIENT_CONFIRMATION_OK"
19698,10410710547,10410710614,1,"IOTHUB_CLIENT_CONFIRMATION_OK"
19699,10410710747,10410710794,1,"IOTHUB_CLIENT_CONFIRMATION_OK"
19700,10410710947,10410710995,1,"IOTHUB_CLIENT_CONFIRMATION_OK"
19701,10410711147,10410711194,1,"IOTHUB_CLIENT_CONFIRMATION_OK"
19702,10410711347,10410711409,1,"IOTHUB_CLIENT_CONFIRMATION_OK"
19703,10410711548,10410711600,1,"IOTHUB_CLIENT_CONFIRMATION_OK"
19704,10410711748,10410711788,1,"IOTHUB_CLIENT_CONFIRMATION_OK"
19705,10410711948,10410711986,1,"IOTHUB_CLIENT_CONFIRMATION_OK"
19706,10410712148,10410712322,1,"IOTHUB_CLIENT_CONFIRMATION_OK"
19707,10410712348,10410712395,1,"IOTHUB_CLIENT_CONFIRMATION_OK"
19708,10410712548,10410712587,1,"IOTHUB_CLIENT_CONFIRMATION_OK"
19709,10410712749,10410712794,1,"IOTHUB_CLIENT_CONFIRMATION_OK"
19710,10410712949,10410713005,1,"IOTHUB_CLIENT_CONFIRMATION_OK"
19711,10410713149,10410713184,1,"IOTHUB_CLIENT_CONFIRMATION_OK"
19712,10410713349,10410713401,1,"IOTHUB_CLIENT_CONFIRMATION_OK"
19713,10410713549,10410713606,1,"IOTHUB_CLIENT_CONFIRMATION_OK"
19714,10410713749,10410713931,1,"IOTHUB_CLIENT_CONFIRMATION_OK"
19715,10410713949,10410713995,1,"IOTHUB_CLIENT_CONFIRMATION_OK"
19716,10410714150,10410714202,1,"IOTHUB_CLIENT_CONFIRMATION_OK"
19717,10410714350,10410714528,1,"IOTHUB_CLIENT_CONFIRMATION_OK"
19718,10410714550,10410714590,1,"IOTHUB_CLIENT_CONFIRMATION_OK"
19719,10410714750,10410714787,1,"IOTHUB_CLIENT_CONFIRMATION_OK"
19720,10410714950,10410714988,1,"IOTHUB_CLIENT_CONFIRMATION_OK"
19721,10410715150,10410715196,1,"IOTHUB_CLIENT_CONFIRMATION_OK"
19722,10410715351,10410715402,1,"IOTHUB_CLIENT_CONFIRMATION_OK"
19723,10410715551,10410715601,1,"IOTHUB_CLIENT_CONFIRMATION_OK"
19724,10410715751,10410715831,1,"IOTHUB_CLIENT_CONFIRMATION_OK"
19725,10410715951,10410715996,1,"IOTHUB_CLIENT_CONFIRMATION_OK"
19726,10410716151,10410716190,1,"IOTHUB_CLIENT_CONFIRMATION_OK"
19727,10410716351,10410716396,1,"IOTHUB_CLIENT_CONFIRMATION_OK"
19728,10410716552,10410716745,1,"IOTHUB_CLIENT_CONFIRMATION_OK"
19729,10410716752,10410716799,1,"IOTHUB_CLIENT_CONFIRMATION_OK"
19730,10410716952,10410716993,1,"IOTHUB_CLIENT_CONFIRMATION_OK"
19731,10410717152,10410717200,1,"IOTHUB_CLIENT_CONFIRMATION_OK"
19732,10410717352,10410717392,1,"IOTHUB_CLIENT_CONFIRMATION_OK"
19733,10410717552,10410717591,1,"IOTHUB_CLIENT_CONFIRMATION_OK"
19734,10410717752,10410717803,1,"IOTHUB_CLIENT_CONFIRMATION_OK"
19735,10410717953,10410718072,1,"IOTHUB_CLIENT_CONFIRMATION_OK"
19736,10410718153,10410718198,1,"IOTHUB_CLIENT_CONFIRMATION_OK"
19737,10410718353,10410718391,1,"IOTHUB_CLIENT_CONFIRMATION_OK"
19738,10410718553,10410718594,1,"IOTHUB_CLIENT_CONFIRMATION_OK"
19739,10410718753,10410718811,1,"IOTHUB_CLIENT_CONFIRMATION_OK"
19740,10410718953,10410718997,1,"IOTHUB_CLIENT_CONFIRMATION_OK"
19741,10410719154,10410719196,1,"IOTHUB_CLIENT_CONFIRMATION_OK"
19742,10410719354,10410719390,1,"IOTHUB_CLIENT_CONFIRMATION_OK"
19743,10410719554,10410719595,1,"IOTHUB_CLIENT_CONFIRMATION_OK"
19744,10410719754,10410719797,1,"IOTHUB_CLIENT_CONFIRMATION_OK"
19745,10410719954,10410720011,1,"IOTHUB_CLIENT_CONFIRMATION_OK"
19746,10410720154,10410720217,1,"IOTHUB_CLIENT_CONFIRMATION_OK"
19747,10410720355,10410720408,1,"IOTHUB_CLIENT_CONFIRMATION_OK"
19748,10410720555,10410720649,1,"IOTHUB_CLIENT_CONFIRMATION_OK"
19749,10410720755,10410720797,1,"IOTHUB_CLIENT_CONFIRMATION_OK"
19750,10410720955,10410721005,1,"IOTHUB_CLIENT_CONFIRMATION_OK"
19751,10410721155,10410721213,1,"IOTHUB_CLIENT_CONFIRMATION_OK"
19752,10410721355,10410721403,1,"IOTHUB_CLIENT_CONFIRMATION_OK"
19753,10410721556,10410721601,1,"IOTHUB_CLIENT_CONFIRMATION_OK"
19754,10410721756,10410721841,1,"IOTHUB_CLIENT_CONFIRMATION_OK"
19755,10410721956,10410721995,1,"IOTHUB_CLIENT_CONFIRMATION_OK"
19756,10410722156,10410722240,1,"IOTHUB_CLIENT_CONFIRMATION_OK"
19757,10410722356,10410722392,1,"IOTHUB_CLIENT_CONFIRMATION_OK"
19758,10410722556,10410722601,1,"IOTHUB_CLIENT_CONFIRMATION_OK"
19759,10410722757,10410722858,1,"IOTHUB_CLIENT_CONFIRMATION_OK"
19760,10410722957,10410722997,1,"IOTHUB_CLIENT_CONFIRMATION_OK"
19761,10410723157,10410723218,1,"IOTHUB_CLIENT_CONFIRMATION_OK"
19762,10410723357,10410723562,1,"IOTHUB_CLIENT_CONFIRMATION_OK"
19763,10410723557,10410723592,1,"IOTHUB_CLIENT_CONFIRMATION_OK"
19764,10410723757,10410723798,1,"IOTHUB_CLIENT_CONFIRMATION_OK"
19765,10410723958,10410723998,1,"IOTHUB_CLIENT_CONFIRMATION_OK"
19766,10410724158,10410724193,1,"IOTHUB_CLIENT_CONFIRMATION_OK"
19767,10410724358,10410724393,1,"IOTHUB_CLIENT_CONFIRMATION_OK"
19768,10410724558,10410724663,1,"IOTHUB_CLIENT_CONFIRMATION_OK"
19769,10410724758,10410724804,1,"IOTHUB_CLIENT_CONFIRMATION_OK"
19770,10410724958,10410725137,1,"IOTHUB_CLIENT_CONFIRMATION_OK"
19771,10410725158,10410725428,1,"IOTHUB_CLIENT_CONFIRMATION_OK"
19772,10410725359,10410725450,1,"IOTHUB_CLIENT_CONFIRMATION_OK"
19773,10410725559,10410725601,1,"IOTHUB_CLIENT_CONFIRMATION_OK"
19774,10410725759,10410725797,1,"IOTHUB_CLIENT_CONFIRMATION_OK"
19775,10410725959,10410726008,1,"IOTHUB_CLIENT_CONFIRMATION_OK"
19776,10410726159,10410726229,1,"IOTHUB_CLIENT_CONFIRMATION_OK"
19777,10410726359,10410726407,1,"IOTHUB_CLIENT_CONFIRMATION_OK"
19778,10410726559,10410726603,1,"IOTHUB_CLIENT_CONFIRMATION_OK"
19779,10410726760,10410726891,1,"IOTHUB_CLIENT_CONFIRMATION_OK"
19780,10410726960,10410727004,1,"IOTHUB_CLIENT_CONFIRMATION_OK"
19781,10410727160,10410727209,1,"IOTHUB_CLIENT_CONFIRMATION_OK"
19782,10410727360,10410727414,1,"IOTHUB_CLIENT_CONFIRMATION_OK"
19783,10410727560,10410727601,1,"IOTHUB_CLIENT_CONFIRMATION_OK"
19784,10410727760,10410727894,1,"IOTHUB_CLIENT_CONFIRMATION_OK"
19785,10410727961,10410728011,1,"IOTHUB_CLIENT_CONFIRMATION_OK"
19786,10410728161,10410728197,1,"IOTHUB_CLIENT_CONFIRMATION_OK"
19787,10410728361,10410728532,1,"IOTHUB_CLIENT_CONFIRMATION_OK"
19788,10410728561,10410728607,1,"IOTHUB_CLIENT_CONFIRMATION_OK"
19789,10410728761,10410728807,1,"IOTHUB_CLIENT_CONFIRMATION_OK"
19790,10410728961,10410729109,1,"IOTHUB_CLIENT_CONFIRMATION_OK"
19791,10410729162,10410729204,1,"IOTHUB_CLIENT_CONFIRMATION_OK"
19792,10410729362,10410729402,1,"IOTHUB_CLIENT_CONFIRMATION_OK"
19793,10410729562,10410729611,1,"IOTHUB_CLIENT_CONFIRMATION_OK"
19794,10410729762,10410729876,1,"IOTHUB_CLIENT_CONFIRMATION_OK"
19795,10410729962,10410730039,1,"IOTHUB_CLIENT_CONFIRMATION_OK"
19796,10410730162,10410730209,1,"IOTHUB_CLIENT_CONFIRMATION_OK"
19797,10410730362,10410730410,1,"IOTHUB_CLIENT_CONFIRMATION_OK"
19798,10410730563,10410730734,1,"IOTHUB_CLIENT_CONFIRMATION_OK"
19799,10410730763,10410730806,1,"IOTHUB_CLIENT_CONFIRMATION_OK"
19800,10410730963,10410731006,1,"IOTHUB_CLIENT_CONFIRMATION_OK"
19801,10410731163,10410731369,1,"IOTHUB_CLIENT_CONFIRMATION_OK"
19802,10410731363,10410731409,1,"IOTHUB_CLIENT_CONFIRMATION_OK"
19803,10410731563,10410731615,1,"IOTHUB_CLIENT_CONFIRMATION_OK"
19804,10410731764,10410731802,1,"IOTHUB_CLIENT_CONFIRMATION_OK"
19805,10410731964,10410732007,1,"IOTHUB_CLIENT_CONFIRMATION_OK"
19806,10410732164,10410732201,1,"IOTHUB_CLIENT_CONFIRMATION_OK"
19807,10410732364,10410732439,1,"IOTHUB_CLIENT_CONFIRMATION_OK"
19808,10410732564,10410732621,1,"IOTHUB_CLIENT_CONFIRMATION_OK"
19809,10410732764,10410732804,1,"IOTHUB_CLIENT_CONFIRMATION_OK"
19810,10410732965,10410733006,1,"IOTHUB_CLIENT_CONFIRMATION_OK"
19811,10410733165,10410733213,1,"IOTHUB_CLIENT_CONFIRMATION_OK"
19812,10410733365,10410733411,1,"IOTHUB_CLIENT_CONFIRMATION_OK"
19813,10410733565,10410733611,1,"IOTHUB_CLIENT_CONFIRMATION_OK"
19814,10410733765,10410733802,1,"IOTHUB_CLIENT_CONFIRMATION_OK"
19815,10410733965,10410734006,1,"IOTHUB_CLIENT_CONFIRMATION_OK"
19816,10410734166,10410734211,1,"IOTHUB_CLIENT_CONFIRMATION_OK"
19817,10410734366,10410734480,1,"IOTHUB_CLIENT_CONFIRMATION_OK"
19818,10410734566,10410734622,1,"IOTHUB_CLIENT_CONFIRMATION_OK"
19819,10410734766,10410734806,1,"IOTHUB_CLIENT_CONFIRMATION_OK"
19820,10410734966,10410735017,1,"IOTHUB_CLIENT_CONFIRMATION_OK"
19821,10410735166,10410735228,1,"IOTHUB_CLIENT_CONFIRMATION_OK"
19822,10410735367,10410735467,1,"IOTHUB_CLIENT_CONFIRMATION_OK"
19823,10410735567,10410735615,1,"IOTHUB_CLIENT_CONFIRMATION_OK"
19824,10410735767,10410735811,1,"IOTHUB_CLIENT_CONFIRMATION_OK"
19825,10410735967,10410736009,1,"IOTHUB_CLIENT_CONFIRMATION_OK"
19826,10410736167,10410736202,1,"IOTHUB_CLIENT_CONFIRMATION_OK"
19827,10410736367,10410736410,1,"IOTHUB_CLIENT_CONFIRMATION_OK"
19828,10410736568,10410736644,1,"IOTHUB_CLIENT_CONFIRMATION_OK"
19829,10410736768,10410736937,1,"IOTHUB_CLIENT_CONFIRMATION_OK"
19830,10410736968,10410737015,1,"IOTHUB_CLIENT_CONFIRMATION_OK"
19831,10410737168,10410737218,1,"IOTHUB_CLIENT_CONFIRMATION_OK"
19832,10410737368,10410737432,1,"IOTHUB_CLIENT_CONFIRMATION_OK"
19833,10410737568,10410737636,1,"IOTHUB_CLIENT_CONFIRMATION_OK"
19834,10410737768,10410737808,1,"IOTHUB_CLIENT_CONFIRMATION_OK"
19835,10410737969,10410738010,1,"IOTHUB_CLIENT_CONFIRMATION_OK"
19836,10410738169,10410738211,1,"IOTHUB_CLIENT_CONFIRMATION_OK"
19837,10410738369,10410738409,1,"IOTHUB_CLIENT_CONFIRMATION_OK"
19838,10410738569,10410738612,1,"IOTHUB_CLIENT_CONFIRMATION_OK"
19839,10410738769,10410738820,1,"IOTHUB_CLIENT_CONFIRMATION_OK"
19840,10410738969,10410739008,1,"IOTHUB_CLIENT_CONFIRMATION_OK"
19841,10410739170,10410739223,1,"IOTHUB_CLIENT_CONFIRMATION_OK"
19842,10410739370,10410739435,1,"IOTHUB_CLIENT_CONFIRMATION_OK"
19843,10410739570,10410739693,1,"IOTHUB_CLIENT_CONFIRMATION_OK"
19844,10410739770,10410739810,1,"IOTHUB_CLIENT_CONFIRMATION_OK"
19845,10410739970,10410740009,1,"IOTHUB_CLIENT_CONFIRMATION_OK"
19846,10410740170,10410740215,1,"IOTHUB_CLIENT_CONFIRMATION_OK"
19847,10410740370,10410740409,1,"IOTHUB_CLIENT_CONFIRMATION_OK"
19848,10410740571,10410740636,1,"IOTHUB_CLIENT_CONFIRMATION_OK"
19849,10410740771,10410740840,1,"IOTHUB_CLIENT_CONFIRMATION_OK"
19850,10410740971,10410741014,1,"IOTHUB_CLIENT_CONFIRMATION_OK"
19851,10410741171,10410741218,1,"IOTHUB_CLIENT_CONFIRMATION_OK"
19852,10410741371,10410741419,1,"IOTHUB_CLIENT_CONFIRMATION_OK"
19853,10410741571,10410741612,1,"IOTHUB_CLIENT_CONFIRMATION_OK"
19854,10410741772,10410741812,1,"IOTHUB_CLIENT_CONFIRMATION_OK"
19855,10410741972,10410742011,1,"IOTHUB_CLIENT_CONFIRMATION_OK"
19856,10410742172,10410742239,1,"IOTHUB_CLIENT_CONFIRMATION_OK"
19857,10410742372,10410742450,1,"IOTHUB_CLIENT_CONFIRMATION_OK"
19858,10410742572,10410742612,1,"IOTHUB_CLIENT_CONFIRMATION_OK"
19859,10410742772,10410742826,1,"IOTHUB_CLIENT_CONFIRMATION_OK"
19860,10410742973,10410743064,1,"IOTHUB_CLIENT_CONFIRMATION_OK"
19861,10410743173,10410743212,1,"IOTHUB_CLIENT_CONFIRMATION_OK"
19862,10410743373,10410743437,1,"IOTHUB_CLIENT_CONFIRMATION_OK"
19863,10410743573,10410743675,1,"IOTHUB_CLIENT_CONFIRMATION_OK"
19864,10410743773,10410743928,1,"IOTHUB_CLIENT_CONFIRMATION_OK"
19865,10410743973,10410744037,1,"IOTHUB_CLIENT_CONFIRMATION_OK"
19866,10410744174,10410744220,1,"IOTHUB_CLIENT_CONFIRMATION_OK"
19867,10410744374,10410744416,1,"IOTHUB_CLIENT_CONFIRMATION_OK"
19868,10410744574,10410744626,1,"IOTHUB_CLIENT_CONFIRMATION_OK"
19869,10410744774,10410744816,1,"IOTHUB_CLIENT_CONFIRMATION_OK"
19870,10410744974,10410745013,1,"IOTHUB_CLIENT_CONFIRMATION_OK"
19871,10410745174,10410745393,1,"IOTHUB_CLIENT_CONFIRMATION_OK"
19872,10410745375,10410745420,1,"IOTHUB_CLIENT_CONFIRMATION_OK"
19873,10410745575,10410745616,1,"IOTHUB_CLIENT_CONFIRMATION_OK"
19874,10410745775,10410745816,1,"IOTHUB_CLIENT_CONFIRMATION_OK"
19875,10410745975,10410746021,1,"IOTHUB_CLIENT_CONFIRMATION_OK"
19876,10410746175,10410746281,1,"IOTHUB_CLIENT_CONFIRMATION_OK"
19877,10410746375,10410746443,1,"IOTHUB_CLIENT_CONFIRMATION_OK"
19878,10410746576,10410746633,1,"IOTHUB_CLIENT_CONFIRMATION_OK"
19879,10410746776,10410746818,1,"IOTHUB_CLIENT_CONFIRMATION_OK"
19880,10410746976,10410747027,1,"IOTHUB_CLIENT_CONFIRMATION_OK"
19881,10410747176,10410747224,1,"IOTHUB_CLIENT_CONFIRMATION_OK"
19882,10410747376,10410747418,1,"IOTHUB_CLIENT_CONFIRMATION_OK"
19883,10410747576,10410747636,1,"IOTHUB_CLIENT_CONFIRMATION_OK"
19884,10410747777,10410747849,1,"IOTHUB_CLIENT_CONFIRMATION_OK"
19885,10410747977,10410748028,1,"IOTHUB_CLIENT_CONFIRMATION_OK"
19886,10410748177,10410748222,1,"IOTHUB_CLIENT_CONFIRMATION_OK"
19887,10410748377,10410748429,1,"IOTHUB_CLIENT_CONFIRMATION_OK"
19888,10410748577,10410748663,1,"IOTHUB_CLIENT_CONFIRMATION_OK"
19889,10410748777,10410748816,1,"IOTHUB_CLIENT_CONFIRMATION_OK"
19890,10410748978,10410749021,1,"IOTHUB_CLIENT_CONFIRMATION_OK"
19891,10410749178,10410749263,1,"IOTHUB_CLIENT_CONFIRMATION_OK"
19892,10410749378,10410749418,1,"IOTHUB_CLIENT_CONFIRMATION_OK"
19893,10410749578,10410749619,1,"IOTHUB_CLIENT_CONFIRMATION_OK"
19894,10410749778,10410749884,1,"IOTHUB_CLIENT_CONFIRMATION_OK"
19895,10410749978,10410750023,1,"IOTHUB_CLIENT_CONFIRMATION_OK"
19896,10410750179,10410750219,1,"IOTHUB_CLIENT_CONFIRMATION_OK"
19897,10410750379,10410750440,1,"IOTHUB_CLIENT_CONFIRMATION_OK"
19898,10410750579,10410750628,1,"IOTHUB_CLIENT_CONFIRMATION_OK"
19899,10410750779,10410750820,1,"IOTHUB_CLIENT_CONFIRMATION_OK"
19900,10410750979,10410751016,1,"IOTHUB_CLIENT_CONFIRMATION_OK"
19901,10410751179,10410751240,1,"IOTHUB_CLIENT_CONFIRMATION_OK"
19902,10410751380,10410751519,1,"IOTHUB_CLIENT_CONFIRMATION_OK"
19903,10410751580,10410751709,1,"IOTHUB_CLIENT_CONFIRMATION_OK"
19904,10410751780,10410751841,1,"IOTHUB_CLIENT_CONFIRMATION_OK"
19905,10410751980,10410752026,1,"IOTHUB_CLIENT_CONFIRMATION_OK"
19906,10410752180,10410752300,1,"IOTHUB_CLIENT_CONFIRMATION_OK"
19907,10410752380,10410752419,1,"IOTHUB_CLIENT_CONFIRMATION_OK"
19908,10410752581,10410752627,1,"IOTHUB_CLIENT_CONFIRMATION_OK"
19909,10410752781,10410752852,1,"IOTHUB_CLIENT_CONFIRMATION_OK"
19910,10410752981,10410753020,1,"IOTHUB_CLIENT_CONFIRMATION_OK"
19911,10410753181,10410753223,1,"IOTHUB_CLIENT_CONFIRMATION_OK"
19912,10410753381,10410753430,1,"IOTHUB_CLIENT_CONFIRMATION_OK"
19913,10410753581,10410753767,1,"IOTHUB_CLIENT_CONFIRMATION_OK"
19914,10410753782,10410753825,1,"IOTHUB_CLIENT_CONFIRMATION_OK"
19915,10410753982,10410754028,1,"IOTHUB_CLIENT_CONFIRMATION_OK"
19916,10410754182,10410754273,1,"IOTHUB_CLIENT_CONFIRMATION_OK"
19917,10410754382,10410754424,1,"IOTHUB_CLIENT_CONFIRMATION_OK"
19918,10410754582,10410754627,1,"IOTHUB_CLIENT_CONFIRMATION_OK"
19919,10410754782,10410754847,1,"IOTHUB_CLIENT_CONFIRMATION_OK"
19920,10410754983,10410755021,1,"IOTHUB_CLIENT_CONFIRMATION_OK"
19921,10410755183,10410755229,1,"IOTHUB_CLIENT_CONFIRMATION_OK"
19922,10410755383,10410755428,1,"IOTHUB_CLIENT_CONFIRMATION_OK"
19923,10410755583,10410755630,1,"IOTHUB_CLIENT_CONFIRMATION_OK"
19924,10410755783,10410755820,1,"IOTHUB_CLIENT_CONFIRMATION_OK"
19925,10410755983,10410756032,1,"IOTHUB_CLIENT_CONFIRMATION_OK"
19926,10410756183,10410756223,1,"IOTHUB_CLIENT_CONFIRMATION_OK"
19927,10410756384,10410756425,1,"IOTHUB_CLIENT_CONFIRMATION_OK"
19928,10410756584,10410756623,1,"IOTHUB_CLIENT_CONFIRMATION_OK"
19929,10410756784,10410756852,1,"IOTHUB_CLIENT_CONFIRMATION_OK"
19930,10410756984,10410757048,1,"IOTHUB_CLIENT_CONFIRMATION_OK"
19931,10410757184,10410757285,1,"IOTHUB_CLIENT_CONFIRMATION_OK"
19932,10410757384,10410757421,1,"IOTHUB_CLIENT_CONFIRMATION_OK"
19933,10410757585,10410757737,1,"IOTHUB_CLIENT_CONFIRMATION_OK"
19934,10410757785,10410757822,1,"IOTHUB_CLIENT_CONFIRMATION_OK"
19935,10410757985,10410758029,1,"IOTHUB_CLIENT_CONFIRMATION_OK"
19936,10410758185,10410758292,1,"IOTHUB_CLIENT_CONFIRMATION_OK"
19937,10410758385,10410758432,1,"IOTHUB_CLIENT_CONFIRMATION_OK"
19938,10410758585,10410758626,1,"IOTHUB_CLIENT_CONFIRMATION_OK"
19939,10410758786,10410758826,1,"IOTHUB_CLIENT_CONFIRMATION_OK"
19940,10410758986,10410759024,1,"IOTHUB_CLIENT_CONFIRMATION_OK"
19941,10410759186,10410759285,1,"IOTHUB_CLIENT_CONFIRMATION_OK"
19942,10410759386,10410759429,1,"IOTHUB_CLIENT_CONFIRMATION_OK"
19943,10410759586,10410759645,1,"IOTHUB_CLIENT_CONFIRMATION_OK"
19944,10410759786,10410759927,1,"IOTHUB_CLIENT_CONFIRMATION_OK"
19945,10410759986,10410760036,1,"IOTHUB_CLIENT_CONFIRMATION_OK"
19946,10410760187,10410760240,1,"IOTHUB_CLIENT_CONFIRMATION_OK"
19947,10410760387,10410760571,1,"IOTHUB_CLIENT_CONFIRMATION_OK"
19948,10410760587,10410760625,1,"IOTHUB_CLIENT_CONFIRMATION_OK"
19949,10410760787,10410760832,1,"IOTHUB_CLIENT_CONFIRMATION_OK"
19950,10410760987,10410761030,1,"IOTHUB_CLIENT_CONFIRMATION_OK"
19951,10410761187,10410761263,1,"IOTHUB_CLIENT_CONFIRMATION_OK"
19952,10410761388,10410761430,1,"IOTHUB_CLIENT_CONFIRMATION_OK"
19953,10410761588,10410761627,1,"IOTHUB_CLIENT_CONFIRMATION_OK"
19954,10410761788,10410761855,1,"IOTHUB_CLIENT_CONFIRMATION_OK"
19955,10410761988,10410762036,1,"IOTHUB_CLIENT_CONFIRMATION_OK"
19956,10410762188,10410762229,1,"IOTHUB_CLIENT_CONFIRMATION_OK"
19957,10410762388,10410762453,1,"IOTHUB_CLIENT_CONFIRMATION_OK"
19958,10410762589,10410762640,1,"IOTHUB_CLIENT_CONFIRMATION_OK"
19959,10410762789,10410762838,1,"IOTHUB_CLIENT_CONFIRMATION_OK"
19960,10410762989,10410763025,1,"IOTHUB_CLIENT_CONFIRMATION_OK"
19961,10410763189,10410763240,1,"IOTHUB_CLIENT_CONFIRMATION_OK"
19962,10410763389,10410763434,1,"IOTHUB_CLIENT_CONFIRMATION_OK"
19963,10410763589,10410763630,1,"IOTHUB_CLIENT_CONFIRMATION_OK"
19964,10410763790,10410763864,1,"IOTHUB_CLIENT_CONFIRMATION_OK"
19965,10410763990,10410764077,1,"IOTHUB_CLIENT_CONFIRMATION_OK"
19966,10410764190,10410764236,1,"IOTHUB_CLIENT_CONFIRMATION_OK"
19967,10410764390,10410764456,1,"IOTHUB_CLIENT_CONFIRMATION_OK"
19968,10410764590,10410764634,1,"IOTHUB_CLIENT_CONFIRMATION_OK"
19969,10410764790,10410764827,1,"IOTHUB_CLIENT_CONFIRMATION_OK"
19970,10410764991,10410765032,1,"IOTHUB_CLIENT_CONFIRMATION_OK"
19971,10410765191,10410765232,1,"IOTHUB_CLIENT_CONFIRMATION_OK"
19972,10410765391,10410765480,1,"IOTHUB_CLIENT_CONFIRMATION_OK"
19973,10410765591,10410765656,1,"IOTHUB_CLIENT_CONFIRMATION_OK"
19974,10410765791,10410765833,1,"IOTHUB_CLIENT_CONFIRMATION_OK"
19975,10410765991,10410766095,1,"IOTHUB_CLIENT_CONFIRMATION_OK"
19976,10410766192,10410766245,1,"IOTHUB_CLIENT_CONFIRMATION_OK"
19977,10410766392,10410766436,1,"IOTHUB_CLIENT_CONFIRMATION_OK"
19978,10410766592,10410766701,1,"IOTHUB_CLIENT_CONFIRMATION_OK"
19979,10410766792,10410766850,1,"IOTHUB_CLIENT_CONFIRMATION_OK"
19980,10410766992,10410767053,1,"IOTHUB_CLIENT_CONFIRMATION_OK"
19981,10410767192,10410767241,1,"IOTHUB_CLIENT_CONFIRMATION_OK"
19982,10410767392,10410767428,1,"IOTHUB_CLIENT_CONFIRMATION_OK"
19983,10410767593,10410767651,1,"IOTHUB_CLIENT_CONFIRMATION_OK"
19984,10410767793,10410767865,1,"IOTHUB_CLIENT_CONFIRMATION_OK"
19985,10410767993,10410768044,1,"IOTHUB_CLIENT_CONFIRMATION_OK"
19986,10410768193,10410768240,1,"IOTHUB_CLIENT_CONFIRMATION_OK"
19987,10410768393,10410768438,1,"IOTHUB_CLIENT_CONFIRMATION_OK"
19988,10410768593,10410768631,1,"IOTHUB_CLIENT_CONFIRMATION_OK"
19989,10410768794,10410768830,1,"IOTHUB_CLIENT_CONFIRMATION_OK"
19990,10410768994,10410769049,1,"IOTHUB_CLIENT_CONFIRMATION_OK"
19991,10410769194,10410769238,1,"IOTHUB_CLIENT_CONFIRMATION_OK"
19992,10410769394,10410769512,1,"IOTHUB_CLIENT_CONFIRMATION_OK"
19993,10410769594,10410769631,1,"IOTHUB_CLIENT_CONFIRMATION_OK"
19994,10410769794,10410769834,1,"IOTHUB_CLIENT_CONFIRMATION_OK"
19995,10410769995,10410770068,1,"IOTHUB_CLIENT_CONFIRMATION_OK"
19996,10410770195,10410770273,1,"IOTHUB_CLIENT_CONFIRMATION_OK"
19997,10410770395,10410770456,1,"IOTHUB_CLIENT_CONFIRMATION_OK"
19998,10410770595,10410770637,1,"IOTHUB_CLIENT_CONFIRMATION_OK"
19999,10410770795,10410770856,1,"IOTHUB_CLIENT_CONFIRMATION_OK"
20000,10410770995,10410771104,1,"IOTHUB_CLIENT_CONFIRMATION_OK"
20001,10410771196,10410771244,1,"IOTHUB_CLIENT_CONFIRMATION_OK"
20002,10410771396,10410771503,1,"IOTHUB_CLIENT_CONFIRMATION_OK"
20003,10410771596,10410771688,1,"IOTHUB_CLIENT_CONFIRMATION_OK"
20004,10410771796,10410771835,1,"IOTHUB_CLIENT_CONFIRMATION_OK"
20005,10410771996,10410772040,1,"IOTHUB_CLIENT_CONFIRMATION_OK"
20006,10410772196,10410772306,1,"IOTHUB_CLIENT_CONFIRMATION_OK"
20007,10410772397,10410772443,1,"IOTHUB_CLIENT_CONFIRMATION_OK"
20008,10410772597,10410772637,1,"IOTHUB_CLIENT_CONFIRMATION_OK"
20009,10410772797,10410772842,1,"IOTHUB_CLIENT_CONFIRMATION_OK"
20010,10410772997,10410773047,1,"IOTHUB_CLIENT_CONFIRMATION_OK"
20011,10410773197,10410773243,1,"IOTHUB_CLIENT_CONFIRMATION_OK"
20012,10410773397,10410773438,1,"IOTHUB_CLIENT_CONFIRMATION_OK"
20013,10410773597,10410773641,1,"IOTHUB_CLIENT_CONFIRMATION_OK"
20014,10410773798,10410773951,1,"IOTHUB_CLIENT_CONFIRMATION_OK"
20015,10410773998,10410774036,1,"IOTHUB_CLIENT_CONFIRMATION_OK"
20016,10410774198,10410774240,1,"IOTHUB_CLIENT_CONFIRMATION_OK"
20017,10410774398,10410774535,1,"IOTHUB_CLIENT_CONFIRMATION_OK"
20018,10410774598,10410774645,1,"IOTHUB_CLIENT_CONFIRMATION_OK"
20019,10410774798,10410774839,1,"IOTHUB_CLIENT_CONFIRMATION_OK"
20020,10410774999,10410775056,1,"IOTHUB_CLIENT_CONFIRMATION_OK"
20021,10410775199,10410775242,1,"IOTHUB_CLIENT_CONFIRMATION_OK"
20022,10410775399,10410775452,1,"IOTHUB_CLIENT_CONFIRMATION_OK"
20023,10410775599,10410775638,1,"IOTHUB_CLIENT_CONFIRMATION_OK"
20024,10410775799,10410775840,1,"IOTHUB_CLIENT_CONFIRMATION_OK"
20025,10410775999,10410776048,1,"IOTHUB_CLIENT_CONFIRMATION_OK"
20026,10410776200,10410776242,1,"IOTHUB_CLIENT_CONFIRMATION_OK"
20027,10410776400,10410776462,1,"IOTHUB_CLIENT_CONFIRMATION_OK"
20028,10410776600,10410776779,1,"IOTHUB_CLIENT_CONFIRMATION_OK"
20029,10410776800,10410776837,1,"IOTHUB_CLIENT_CONFIRMATION_OK"
20030,10410777000,10410777036,1,"IOTHUB_CLIENT_CONFIRMATION_OK"
20031,10410777200,10410777258,1,"IOTHUB_CLIENT_CONFIRMATION_OK"
20032,10410777400,10410777443,1,"IOTHUB_CLIENT_CONFIRMATION_OK"
20033,10410777601,10410777671,1,"IOTHUB_CLIENT_CONFIRMATION_OK"
20034,10410777801,10410777858,1,"IOTHUB_CLIENT_CONFIRMATION_OK"
20035,10410778001,10410778057,1,"IOTHUB_CLIENT_CONFIRMATION_OK"
20036,10410778201,10410778240,1,"IOTHUB_CLIENT_CONFIRMATION_OK"
20037,10410778401,10410778444,1,"IOTHUB_CLIENT_CONFIRMATION_OK"
20038,10410778601,10410778652,1,"IOTHUB_CLIENT_CONFIRMATION_OK"
20039,10410778802,10410778847,1,"IOTHUB_CLIENT_CONFIRMATION_OK"
20040,10410779002,10410779040,1,"IOTHUB_CLIENT_CONFIRMATION_OK"
20041,10410779202,10410779273,1,"IOTHUB_CLIENT_CONFIRMATION_OK"
20042,10410779402,10410779628,1,"IOTHUB_CLIENT_CONFIRMATION_OK"
20043,10410779602,10410779692,1,"IOTHUB_CLIENT_CONFIRMATION_OK"
20044,10410779802,10410779853,1,"IOTHUB_CLIENT_CONFIRMATION_OK"
20045,10410780002,10410780063,1,"IOTHUB_CLIENT_CONFIRMATION_OK"
20046,10410780203,10410780254,1,"IOTHUB_CLIENT_CONFIRMATION_OK"
20047,10410780403,10410780445,1,"IOTHUB_CLIENT_CONFIRMATION_OK"
20048,10410780603,10410780644,1,"IOTHUB_CLIENT_CONFIRMATION_OK"
20049,10410780803,10410780845,1,"IOTHUB_CLIENT_CONFIRMATION_OK"
20050,10410781003,10410781082,1,"IOTHUB_CLIENT_CONFIRMATION_OK"
20051,10410781204,10410781248,1,"IOTHUB_CLIENT_CONFIRMATION_OK"
20052,10410781404,10410781441,1,"IOTHUB_CLIENT_CONFIRMATION_OK"
20053,10410781604,10410781642,1,"IOTHUB_CLIENT_CONFIRMATION_OK"
20054,10410781804,10410781858,1,"IOTHUB_CLIENT_CONFIRMATION_OK"
20055,10410782004,10410782054,1,"IOTHUB_CLIENT_CONFIRMATION_OK"
20056,10410782204,10410782252,1,"IOTHUB_CLIENT_CONFIRMATION_OK"
20057,10410782405,10410782443,1,"IOTHUB_CLIENT_CONFIRMATION_OK"
20058,10410782605,10410782649,1,"IOTHUB_CLIENT_CONFIRMATION_OK"
20059,10410782805,10410782864,1,"IOTHUB_CLIENT_CONFIRMATION_OK"
20060,10410783005,10410783045,1,"IOTHUB_CLIENT_CONFIRMATION_OK"
20061,10410783205,10410783253,1,"IOTHUB_CLIENT_CONFIRMATION_OK"
20062,10410783405,10410783470,1,"IOTHUB_CLIENT_CONFIRMATION_OK"
20063,10410783605,10410783648,1,"IOTHUB_CLIENT_CONFIRMATION_OK"
20064,10410783806,10410783844,1,"IOTHUB_CLIENT_CONFIRMATION_OK"
20065,10410784006,10410784105,1,"IOTHUB_CLIENT_CONFIRMATION_OK"
20066,10410784206,10410784260,1,"IOTHUB_CLIENT_CONFIRMATION_OK"
20067,10410784406,10410784446,1,"IOTHUB_CLIENT_CONFIRMATION_OK"
20068,10410784606,10410784655,1,"IOTHUB_CLIENT_CONFIRMATION_OK"
20069,10410784806,10410784848,1,"IOTHUB_CLIENT_CONFIRMATION_OK"
20070,10410785007,10410785125,1,"IOTHUB_CLIENT_CONFIRMATION_OK"
20071,10410785207,10410785256,1,"IOTHUB_CLIENT_CONFIRMATION_OK"
20072,10410785407,10410785503,1,"IOTHUB_CLIENT_CONFIRMATION_OK"
20073,10410785607,10410785758,1,"IOTHUB_CLIENT_CONFIRMATION_OK"
20074,10410785807,10410785862,1,"IOTHUB_CLIENT_CONFIRMATION_OK"
20075,10410786007,10410786053,1,"IOTHUB_CLIENT_CONFIRMATION_OK"
20076,10410786208,10410786362,1,"IOTHUB_CLIENT_CONFIRMATION_OK"
20077,10410786408,10410786450,1,"IOTHUB_CLIENT_CONFIRMATION_OK"
20078,10410786608,10410786731,1,"IOTHUB_CLIENT_CONFIRMATION_OK"
20079,10410786808,10410786845,1,"IOTHUB_CLIENT_CONFIRMATION_OK"
20080,10410787008,10410787087,1,"IOTHUB_CLIENT_CONFIRMATION_OK"
20081,10410787208,10410787265,1,"IOTHUB_CLIENT_CONFIRMATION_OK"
20082,10410787409,10410787446,1,"IOTHUB_CLIENT_CONFIRMATION_OK"
20083,10410787609,10410787690,1,"IOTHUB_CLIENT_CONFIRMATION_OK"
20084,10410787809,10410787976,1,"IOTHUB_CLIENT_CONFIRMATION_OK"
20085,10410788009,10410788048,1,"IOTHUB_CLIENT_CONFIRMATION_OK"
20086,10410788209,10410788251,1,"IOTHUB_CLIENT_CONFIRMATION_OK"
20087,10410788409,10410788581,1,"IOTHUB_CLIENT_CONFIRMATION_OK"
20088,10410788610,10410788656,1,"IOTHUB_CLIENT_CONFIRMATION_OK"
20089,10410788810,10410788860,1,"IOTHUB_CLIENT_CONFIRMATION_OK"
20090,10410789010,10410789064,1,"IOTHUB_CLIENT_CONFIRMATION_OK"
20091,10410789210,10410789246,1,"IOTHUB_CLIENT_CONFIRMATION_OK"
20092,10410789410,10410789457,1,"IOTHUB_CLIENT_CONFIRMATION_OK"
20093,10410789610,10410789650,1,"IOTHUB_CLIENT_CONFIRMATION_OK"
20094,10410789810,10410789848,1,"IOTHUB_CLIENT_CONFIRMATION_OK"
20095,10410790011,10410790084,1,"IOTHUB_CLIENT_CONFIRMATION_OK"
20096,10410790211,10410790329,1,"IOTHUB_CLIENT_CONFIRMATION_OK"
20097,10410790411,10410790454,1,"IOTHUB_CLIENT_CONFIRMATION_OK"
20098,10410790611,10410790740,1,"IOTHUB_CLIENT_CONFIRMATION_OK"
20099,10410790811,10410790856,1,"IOTHUB_CLIENT_CONFIRMATION_OK"
20100,10410791011,10410791056,1,"IOTHUB_CLIENT_CONFIRMATION_OK"
20101,10410791212,10410791412,1,"IOTHUB_CLIENT_CONFIRMATION_OK"
20102,10410791412,10410791457,1,"IOTHUB_CLIENT_CONFIRMATION_OK"
20103,10410791612,10410791651,1,"IOTHUB_CLIENT_CONFIRMATION_OK"
20104,10410791812,10410792152,1,"IOTHUB_CLIENT_CONFIRMATION_OK"
20105,10410792012,10410792189,1,"IOTHUB_CLIENT_CONFIRMATION_OK"
20106,10410792212,10410792255,1,"IOTHUB_CLIENT_CONFIRMATION_OK"
20107,10410792413,10410792494,1,"IOTHUB_CLIENT_CONFIRMATION_OK"
20108,10410792613,10410792654,1,"IOTHUB_CLIENT_CONFIRMATION_OK"
20109,10410792813,10410792899,1,"IOTHUB_CLIENT_CONFIRMATION_OK"
20110,10410793013,10410793136,1,"IOTHUB_CLIENT_CONFIRMATION_OK"
20111,10410793213,10410793282,1,"IOTHUB_CLIENT_CONFIRMATION_OK"
20112,10410793413,10410793460,1,"IOTHUB_CLIENT_CONFIRMATION_OK"
20113,10410793614,10410793680,1,"IOTHUB_CLIENT_CONFIRMATION_OK"
20114,10410793814,10410793875,1,"IOTHUB_CLIENT_CONFIRMATION_OK"
20115,10410794014,10410794093,1,"IOTHUB_CLIENT_CONFIRMATION_OK"
20116,10410794214,10410794260,1,"IOTHUB_CLIENT_CONFIRMATION_OK"
20117,10410794414,10410794505,1,"IOTHUB_CLIENT_CONFIRMATION_OK"
20118,10410794614,10410794706,1,"IOTHUB_CLIENT_CONFIRMATION_OK"
20119,10410794814,10410794905,1,"IOTHUB_CLIENT_CONFIRMATION_OK"
20120,10410795015,10410795054,1,"IOTHUB_CLIENT_CONFIRMATION_OK"
20121,10410795215,10410795322,1,"IOTHUB_CLIENT_CONFIRMATION_OK"
20122,10410795415,10410795451,1,"IOTHUB_CLIENT_CONFIRMATION_OK"
20123,10410795615,10410795655,1,"IOTHUB_CLIENT_CONFIRMATION_OK"
20124,10410795815,10410796197,1,"IOTHUB_CLIENT_CONFIRMATION_OK"
20125,10410796015,10410796236,1,"IOTHUB_CLIENT_CONFIRMATION_OK"
20126,10410796216,10410796260,1,"IOTHUB_CLIENT_CONFIRMATION_OK"
20127,10410796416,10410796635,1,"IOTHUB_CLIENT_CONFIRMATION_OK"
20128,10410796616,10410796677,1,"IOTHUB_CLIENT_CONFIRMATION_OK"
20129,10410796816,10410796891,1,"IOTHUB_CLIENT_CONFIRMATION_OK"
20130,10410797016,10410797050,1,"IOTHUB_CLIENT_CONFIRMATION_OK"
20131,10410797216,10410797302,1,"IOTHUB_CLIENT_CONFIRMATION_OK"
20132,10410797417,10410797525,1,"IOTHUB_CLIENT_CONFIRMATION_OK"
20133,10410797617,10410797667,1,"IOTHUB_CLIENT_CONFIRMATION_OK"
20134,10410797817,10410797856,1,"IOTHUB_CLIENT_CONFIRMATION_OK"
20135,10410798017,10410798123,1,"IOTHUB_CLIENT_CONFIRMATION_OK"
20136,10410798217,10410798254,1,"IOTHUB_CLIENT_CONFIRMATION_OK"
20137,10410798417,10410798461,1,"IOTHUB_CLIENT_CONFIRMATION_OK"
20138,10410798618,10410798698,1,"IOTHUB_CLIENT_CONFIRMATION_OK"
20139,10410798818,10410798879,1,"IOTHUB_CLIENT_CONFIRMATION_OK"
20140,10410799018,10410799062,1,"IOTHUB_CLIENT_CONFIRMATION_OK"
20141,10410799218,10410799275,1,"IOTHUB_CLIENT_CONFIRMATION_OK"
20142,10410799418,10410799462,1,"IOTHUB_CLIENT_CONFIRMATION_OK"
20143,10410799618,10410799753,1,"IOTHUB_CLIENT_CONFIRMATION_OK"
20144,10410799819,10410799855,1,"IOTHUB_CLIENT_CONFIRMATION_OK"
20145,10410800019,10410800063,1,"IOTHUB_CLIENT_CONFIRMATION_OK"
20146,10410800219,10410800371,1,"IOTHUB_CLIENT_CONFIRMATION_OK"
20147,10410800419,10410800455,1,"IOTHUB_CLIENT_CONFIRMATION_OK"
20148,10410800619,10410800656,1,"IOTHUB_CLIENT_CONFIRMATION_OK"
20149,10410800819,10410801034,1,"IOTHUB_CLIENT_CONFIRMATION_OK"
20150,10410801020,10410801066,1,"IOTHUB_CLIENT_CONFIRMATION_OK"
20151,10410801220,10410801280,1,"IOTHUB_CLIENT_CONFIRMATION_OK"
20152,10410801420,10410801465,1,"IOTHUB_CLIENT_CONFIRMATION_OK"
20153,10410801620,10410801878,1,"IOTHUB_CLIENT_CONFIRMATION_OK"
20154,10410801820,10410801948,1,"IOTHUB_CLIENT_CONFIRMATION_OK"
20155,10410802020,10410802087,1,"IOTHUB_CLIENT_CONFIRMATION_OK"
20156,10410802220,10410802265,1,"IOTHUB_CLIENT_CONFIRMATION_OK"
20157,10410802421,10410802537,1,"IOTHUB_CLIENT_CONFIRMATION_OK"
20158,10410802621,10410802663,1,"IOTHUB_CLIENT_CONFIRMATION_OK"
20159,10410802821,10410802865,1,"IOTHUB_CLIENT_CONFIRMATION_OK"
20160,10410803021,10410803150,1,"IOTHUB_CLIENT_CONFIRMATION_OK"
20161,10410803221,10410803257,1,"IOTHUB_CLIENT_CONFIRMATION_OK"
20162,10410803421,10410803484,1,"IOTHUB_CLIENT_CONFIRMATION_OK"
20163,10410803622,10410803672,1,"IOTHUB_CLIENT_CONFIRMATION_OK"
20164,10410803822,10410803866,1,"IOTHUB_CLIENT_CONFIRMATION_OK"
20165,10410804022,10410804063,1,"IOTHUB_CLIENT_CONFIRMATION_OK"
20166,10410804222,10410804270,1,"IOTHUB_CLIENT_CONFIRMATION_OK"
20167,10410804422,10410804513,1,"IOTHUB_CLIENT_CONFIRMATION_OK"
20168,10410804622,10410804672,1,"IOTHUB_CLIENT_CONFIRMATION_OK"
20169,10410804823,10410804870,1,"IOTHUB_CLIENT_CONFIRMATION_OK"
20170,10410805023,10410805073,1,"IOTHUB_CLIENT_CONFIRMATION_OK"
20171,10410805223,10410805422,1,"IOTHUB_CLIENT_CONFIRMATION_OK"
20172,10410805423,10410805468,1,"IOTHUB_CLIENT_CONFIRMATION_OK"
20173,10410805623,10410805718,1,"IOTHUB_CLIENT_CONFIRMATION_OK"
20174,10410805823,10410805900,1,"IOTHUB_CLIENT_CONFIRMATION_OK"
20175,10410806023,10410806080,1,"IOTHUB_CLIENT_CONFIRMATION_OK"
20176,10410806224,10410806277,1,"IOTHUB_CLIENT_CONFIRMATION_OK"
20177,10410806424,10410806499,1,"IOTHUB_CLIENT_CONFIRMATION_OK"
20178,10410806624,10410806672,1,"IOTHUB_CLIENT_CONFIRMATION_OK"
20179,10410806824,10410806863,1,"IOTHUB_CLIENT_CONFIRMATION_OK"
20180,10410807024,10410807070,1,"IOTHUB_CLIENT_CONFIRMATION_OK"
20181,10410807224,10410807281,1,"IOTHUB_CLIENT_CONFIRMATION_OK"
20182,10410807425,10410807467,1,"IOTHUB_CLIENT_CONFIRMATION_OK"
20183,10410807625,10410807669,1,"IOTHUB_CLIENT_CONFIRMATION_OK"
20184,10410807825,10410807866,1,"IOTHUB_CLIENT_CONFIRMATION_OK"
20185,10410808025,10410808146,1,"IOTHUB_CLIENT_CONFIRMATION_OK"
20186,10410808225,10410808269,1,"IOTHUB_CLIENT_CONFIRMATION_OK"
20187,10410808425,10410808490,1,"IOTHUB_CLIENT_CONFIRMATION_OK"
20188,10410808626,10410808686,1,"IOTHUB_CLIENT_CONFIRMATION_OK"
20189,10410808826,10410808870,1,"IOTHUB_CLIENT_CONFIRMATION_OK"
20190,10410809026,10410809066,1,"IOTHUB_CLIENT_CONFIRMATION_OK"
20191,10410809226,10410809286,1,"IOTHUB_CLIENT_CONFIRMATION_OK"
20192,10410809426,10410809500,1,"IOTHUB_CLIENT_CONFIRMATION_OK"
20193,10410809626,10410809667,1,"IOTHUB_CLIENT_CONFIRMATION_OK"
20194,10410809827,10410809909,1,"IOTHUB_CLIENT_CONFIRMATION_OK"
20195,10410810027,10410810083,1,"IOTHUB_CLIENT_CONFIRMATION_OK"
20196,10410810227,10410810274,1,"IOTHUB_CLIENT_CONFIRMATION_OK"
20197,10410810427,10410810466,1,"IOTHUB_CLIENT_CONFIRMATION_OK"
20198,10410810627,10410810704,1,"IOTHUB_CLIENT_CONFIRMATION_OK"
20199,10410810827,10410810927,1,"IOTHUB_CLIENT_CONFIRMATION_OK"
20200,10410811027,10410811105,1,"IOTHUB_CLIENT_CONFIRMATION_OK"
20201,10410811228,10410811272,1,"IOTHUB_CLIENT_CONFIRMATION_OK"
20202,10410811428,10410811516,1,"IOTHUB_CLIENT_CONFIRMATION_OK"
20203,10410811628,10410811741,1,"IOTHUB_CLIENT_CONFIRMATION_OK"
20204,10410811828,10410811904,1,"IOTHUB_CLIENT_CONFIRMATION_OK"
20205,10410812028,10410812189,1,"IOTHUB_CLIENT_CONFIRMATION_OK"
20206,10410812228,10410812283,1,"IOTHUB_CLIENT_CONFIRMATION_OK"
20207,10410812429,10410812468,1,"IOTHUB_CLIENT_CONFIRMATION_OK"
20208,10410812629,10410812677,1,"IOTHUB_CLIENT_CONFIRMATION_OK"
20209,10410812829,10410812885,1,"IOTHUB_CLIENT_CONFIRMATION_OK"
20210,10410813029,10410813069,1,"IOTHUB_CLIENT_CONFIRMATION_OK"
20211,10410813229,10410813266,1,"IOTHUB_CLIENT_CONFIRMATION_OK"
20212,10410813429,10410813470,1,"IOTHUB_CLIENT_CONFIRMATION_OK"
20213,10410813630,10410813757,1,"IOTHUB_CLIENT_CONFIRMATION_OK"
20214,10410813830,10410813875,1,"IOTHUB_CLIENT_CONFIRMATION_OK"
20215,10410814030,10410814065,1,"IOTHUB_CLIENT_CONFIRMATION_OK"
20216,10410814230,10410814394,1,"IOTHUB_CLIENT_CONFIRMATION_OK"
20217,10410814430,10410814473,1,"IOTHUB_CLIENT_CONFIRMATION_OK"
20218,10410814630,10410814677,1,"IOTHUB_CLIENT_CONFIRMATION_OK"
20219,10410814831,10410815004,1,"IOTHUB_CLIENT_CONFIRMATION_OK"
20220,10410815031,10410815076,1,"IOTHUB_CLIENT_CONFIRMATION_OK"
20221,10410815231,10410815278,1,"IOTHUB_CLIENT_CONFIRMATION_OK"
20222,10410815431,10410815472,1,"IOTHUB_CLIENT_CONFIRMATION_OK"
20223,10410815631,10410815669,1,"IOTHUB_CLIENT_CONFIRMATION_OK"
20224,10410815831,10410815874,1,"IOTHUB_CLIENT_CONFIRMATION_OK"
20225,10410816031,10410816075,1,"IOTHUB_CLIENT_CONFIRMATION_OK"
20226,10410816232,10410816276,1,"IOTHUB_CLIENT_CONFIRMATION_OK"
20227,10410816432,10410816633,1,"IOTHUB_CLIENT_CONFIRMATION_OK"
20228,10410816632,10410816674,1,"IOTHUB_CLIENT_CONFIRMATION_OK"
20229,10410816832,10410816884,1,"IOTHUB_CLIENT_CONFIRMATION_OK"
20230,10410817032,10410817076,1,"IOTHUB_CLIENT_CONFIRMATION_OK"
20231,10410817232,10410817275,1,"IOTHUB_CLIENT_CONFIRMATION_OK"
20232,10410817433,10410817477,1,"IOTHUB_CLIENT_CONFIRMATION_OK"
20233,10410817633,10410817699,1,"IOTHUB_CLIENT_CONFIRMATION_OK"
20234,10410817833,10410817902,1,"IOTHUB_CLIENT_CONFIRMATION_OK"
20235,10410818033,10410818087,1,"IOTHUB_CLIENT_CONFIRMATION_OK"
20236,10410818233,10410818278,1,"IOTHUB_CLIENT_CONFIRMATION_OK"
20237,10410818433,10410818476,1,"IOTHUB_CLIENT_CONFIRMATION_OK"
20238,10410818633,10410818683,1,"IOTHUB_CLIENT_CONFIRMATION_OK"
20239,10410818834,10410818885,1,"IOTHUB_CLIENT_CONFIRMATION_OK"
20240,10410819034,10410819081,1,"IOTHUB_CLIENT_CONFIRMATION_OK"
20241,10410819234,10410819288,1,"IOTHUB_CLIENT_CONFIRMATION_OK"
20242,10410819434,10410819478,1,"IOTHUB_CLIENT_CONFIRMATION_OK"
20243,10410819634,10410819671,1,"IOTHUB_CLIENT_CONFIRMATION_OK"
20244,10410819834,10410819901,1,"IOTHUB_CLIENT_CONFIRMATION_OK"
20245,10410820035,10410820073,1,"IOTHUB_CLIENT_CONFIRMATION_OK"
20246,10410820235,10410820292,1,"IOTHUB_CLIENT_CONFIRMATION_OK"
20247,10410820435,10410820519,1,"IOTHUB_CLIENT_CONFIRMATION_OK"
20248,10410820635,10410820681,1,"IOTHUB_CLIENT_CONFIRMATION_OK"
20249,10410820835,10410820874,1,"IOTHUB_CLIENT_CONFIRMATION_OK"
20250,10410821035,10410821119,1,"IOTHUB_CLIENT_CONFIRMATION_OK"
20251,10410821236,10410821282,1,"IOTHUB_CLIENT_CONFIRMATION_OK"
20252,10410821436,10410821486,1,"IOTHUB_CLIENT_CONFIRMATION_OK"
20253,10410821636,10410821678,1,"IOTHUB_CLIENT_CONFIRMATION_OK"
20254,10410821836,10410821914,1,"IOTHUB_CLIENT_CONFIRMATION_OK"
20255,10410822036,10410822159,1,"IOTHUB_CLIENT_CONFIRMATION_OK"
20256,10410822236,10410822286,1,"IOTHUB_CLIENT_CONFIRMATION_OK"
20257,10410822437,10410822479,1,"IOTHUB_CLIENT_CONFIRMATION_OK"
20258,10410822637,10410822738,1,"IOTHUB_CLIENT_CONFIRMATION_OK"
20259,10410822837,10410822881,1,"IOTHUB_CLIENT_CONFIRMATION_OK"
20260,10410823037,10410823083,1,"IOTHUB_CLIENT_CONFIRMATION_OK"
20261,10410823237,10410823365,1,"IOTHUB_CLIENT_CONFIRMATION_OK"
20262,10410823437,10410823570,1,"IOTHUB_CLIENT_CONFIRMATION_OK"
20263,10410823637,10410823677,1,"IOTHUB_CLIENT_CONFIRMATION_OK"
20264,10410823838,10410823874,1,"IOTHUB_CLIENT_CONFIRMATION_OK"
20265,10410824038,10410824085,1,"IOTHUB_CLIENT_CONFIRMATION_OK"
20266,10410824238,10410824308,1,"IOTHUB_CLIENT_CONFIRMATION_OK"
20267,10410824438,10410824475,1,"IOTHUB_CLIENT_CONFIRMATION_OK"
20268,10410824638,10410824686,1,"IOTHUB_CLIENT_CONFIRMATION_OK"
20269,10410824838,10410824877,1,"IOTHUB_CLIENT_CONFIRMATION_OK"
20270,10410825039,10410825081,1,"IOTHUB_CLIENT_CONFIRMATION_OK"
20271,10410825239,10410825276,1,"IOTHUB_CLIENT_CONFIRMATION_OK"
20272,10410825439,10410825613,1,"IOTHUB_CLIENT_CONFIRMATION_OK"
20273,10410825639,10410825677,1,"IOTHUB_CLIENT_CONFIRMATION_OK"
20274,10410825839,10410825896,1,"IOTHUB_CLIENT_CONFIRMATION_OK"
20275,10410826039,10410826090,1,"IOTHUB_CLIENT_CONFIRMATION_OK"
20276,10410826239,10410826296,1,"IOTHUB_CLIENT_CONFIRMATION_OK"
20277,10410826440,10410826522,1,"IOTHUB_CLIENT_CONFIRMATION_OK"
20278,10410826640,10410826678,1,"IOTHUB_CLIENT_CONFIRMATION_OK"
20279,10410826840,10410826881,1,"IOTHUB_CLIENT_CONFIRMATION_OK"
20280,10410827040,10410827093,1,"IOTHUB_CLIENT_CONFIRMATION_OK"
20281,10410827240,10410827296,1,"IOTHUB_CLIENT_CONFIRMATION_OK"
20282,10410827440,10410827486,1,"IOTHUB_CLIENT_CONFIRMATION_OK"
20283,10410827641,10410827698,1,"IOTHUB_CLIENT_CONFIRMATION_OK"
20284,10410827841,10410827884,1,"IOTHUB_CLIENT_CONFIRMATION_OK"
20285,10410828041,10410828081,1,"IOTHUB_CLIENT_CONFIRMATION_OK"
20286,10410828241,10410828458,1,"IOTHUB_CLIENT_CONFIRMATION_OK"
20287,10410828441,10410828483,1,"IOTHUB_CLIENT_CONFIRMATION_OK"
20288,10410828641,10410828683,1,"IOTHUB_CLIENT_CONFIRMATION_OK"
20289,10410828841,10410828890,1,"IOTHUB_CLIENT_CONFIRMATION_OK"
20290,10410829042,10410829084,1,"IOTHUB_CLIENT_CONFIRMATION_OK"
20291,10410829242,10410829295,1,"IOTHUB_CLIENT_CONFIRMATION_OK"
20292,10410829442,10410829495,1,"IOTHUB_CLIENT_CONFIRMATION_OK"
20293,10410829642,10410829685,1,"IOTHUB_CLIENT_CONFIRMATION_OK"
20294,10410829842,10410829893,1,"IOTHUB_CLIENT_CONFIRMATION_OK"
20295,10410830042,10410830096,1,"IOTHUB_CLIENT_CONFIRMATION_OK"
20296,10410830243,10410830282,1,"IOTHUB_CLIENT_CONFIRMATION_OK"
20297,10410830443,10410830489,1,"IOTHUB_CLIENT_CONFIRMATION_OK"
20298,10410830643,10410830713,1,"IOTHUB_CLIENT_CONFIRMATION_OK"
20299,10410830843,10410830886,1,"IOTHUB_CLIENT_CONFIRMATION_OK"
20300,10410831043,10410831117,1,"IOTHUB_CLIENT_CONFIRMATION_OK"
20301,10410831243,10410831290,1,"IOTHUB_CLIENT_CONFIRMATION_OK"
20302,10410831444,10410831490,1,"IOTHUB_CLIENT_CONFIRMATION_OK"
20303,10410831644,10410831733,1,"IOTHUB_CLIENT_CONFIRMATION_OK"
20304,10410831844,10410831878,1,"IOTHUB_CLIENT_CONFIRMATION_OK"
20305,10410832044,10410832090,1,"IOTHUB_CLIENT_CONFIRMATION_OK"
20306,10410832244,10410832343,1,"IOTHUB_CLIENT_CONFIRMATION_OK"
20307,10410832444,10410832520,1,"IOTHUB_CLIENT_CONFIRMATION_OK"
20308,10410832645,10410832690,1,"IOTHUB_CLIENT_CONFIRMATION_OK"
20309,10410832845,10410832979,1,"IOTHUB_CLIENT_CONFIRMATION_OK"
20310,10410833045,10410833115,1,"IOTHUB_CLIENT_CONFIRMATION_OK"
20311,10410833245,10410833284,1,"IOTHUB_CLIENT_CONFIRMATION_OK"
20312,10410833445,10410833488,1,"IOTHUB_CLIENT_CONFIRMATION_OK"
20313,10410833645,10410833774,1,"IOTHUB_CLIENT_CONFIRMATION_OK"
20314,10410833846,10410834000,1,"IOTHUB_CLIENT_CONFIRMATION_OK"
20315,10410834046,10410834100,1,"IOTHUB_CLIENT_CONFIRMATION_OK"
20316,10410834246,10410834311,1,"IOTHUB_CLIENT_CONFIRMATION_OK"
20317,10410834446,10410834628,1,"IOTHUB_CLIENT_CONFIRMATION_OK"
20318,10410834646,10410834683,1,"IOTHUB_CLIENT_CONFIRMATION_OK"
20319,10410834846,10410834922,1,"IOTHUB_CLIENT_CONFIRMATION_OK"
20320,10410835047,10410835083,1,"IOTHUB_CLIENT_CONFIRMATION_OK"
20321,10410835247,10410835290,1,"IOTHUB_CLIENT_CONFIRMATION_OK"
20322,10410835447,10410835491,1,"IOTHUB_CLIENT_CONFIRMATION_OK"
20323,10410835647,10410835689,1,"IOTHUB_CLIENT_CONFIRMATION_OK"
20324,10410835847,10410835898,1,"IOTHUB_CLIENT_CONFIRMATION_OK"
20325,10410836047,10410836090,1,"IOTHUB_CLIENT_CONFIRMATION_OK"
20326,10410836247,10410836292,1,"IOTHUB_CLIENT_CONFIRMATION_OK"
20327,10410836448,10410836486,1,"IOTHUB_CLIENT_CONFIRMATION_OK"
20328,10410836648,10410836688,1,"IOTHUB_CLIENT_CONFIRMATION_OK"
20329,10410836848,10410836932,1,"IOTHUB_CLIENT_CONFIRMATION_OK"
20330,10410837048,10410837098,1,"IOTHUB_CLIENT_CONFIRMATION_OK"
20331,10410837248,10410837316,1,"IOTHUB_CLIENT_CONFIRMATION_OK"
20332,10410837448,10410837482,1,"IOTHUB_CLIENT_CONFIRMATION_OK"
20333,10410837649,10410837691,1,"IOTHUB_CLIENT_CONFIRMATION_OK"
20334,10410837849,10410837885,1,"IOTHUB_CLIENT_CONFIRMATION_OK"
20335,10410838049,10410838091,1,"IOTHUB_CLIENT_CONFIRMATION_OK"
20336,10410838249,10410838297,1,"IOTHUB_CLIENT_CONFIRMATION_OK"
20337,10410838449,10410838514,1,"IOTHUB_CLIENT_CONFIRMATION_OK"
20338,10410838649,10410838686,1,"IOTHUB_CLIENT_CONFIRMATION_OK"
20339,10410838849,10410838886,1,"IOTHUB_CLIENT_CONFIRMATION_OK"
20340,10410839050,10410839095,1,"IOTHUB_CLIENT_CONFIRMATION_OK"
20341,10410839250,10410839328,1,"IOTHUB_CLIENT_CONFIRMATION_OK"
20342,10410839450,10410839517,1,"IOTHUB_CLIENT_CONFIRMATION_OK"
20343,10410839650,10410839840,1,"IOTHUB_CLIENT_CONFIRMATION_OK"
20344,10410839850,10410839923,1,"IOTHUB_CLIENT_CONFIRMATION_OK"
20345,10410840050,10410840205,1,"IOTHUB_CLIENT_CONFIRMATION_OK"
20346,10410840251,10410840291,1,"IOTHUB_CLIENT_CONFIRMATION_OK"
20347,10410840451,10410840488,1,"IOTHUB_CLIENT_CONFIRMATION_OK"
20348,10410840651,10410840806,1,"IOTHUB_CLIENT_CONFIRMATION_OK"
20349,10410840851,10410840892,1,"IOTHUB_CLIENT_CONFIRMATION_OK"
20350,10410841051,10410841092,1,"IOTHUB_CLIENT_CONFIRMATION_OK"
20351,10410841251,10410841293,1,"IOTHUB_CLIENT_CONFIRMATION_OK"
20352,10410841451,10410841509,1,"IOTHUB_CLIENT_CONFIRMATION_OK"
20353,10410841652,10410841698,1,"IOTHUB_CLIENT_CONFIRMATION_OK"
20354,10410841852,10410841899,1,"IOTHUB_CLIENT_CONFIRMATION_OK"
20355,10410842052,10410842102,1,"IOTHUB_CLIENT_CONFIRMATION_OK"
20356,10410842252,10410842429,1,"IOTHUB_CLIENT_CONFIRMATION_OK"
20357,10410842452,10410842494,1,"IOTHUB_CLIENT_CONFIRMATION_OK"
20358,10410842652,10410842697,1,"IOTHUB_CLIENT_CONFIRMATION_OK"
20359,10410842853,10410842928,1,"IOTHUB_CLIENT_CONFIRMATION_OK"
20360,10410843053,10410843101,1,"IOTHUB_CLIENT_CONFIRMATION_OK"
20361,10410843253,10410843367,1,"IOTHUB_CLIENT_CONFIRMATION_OK"
20362,10410843453,10410843491,1,"IOTHUB_CLIENT_CONFIRMATION_OK"
20363,10410843653,10410843684,1,"IOTHUB_CLIENT_CONFIRMATION_OK"
20364,10410843853,10410843895,1,"IOTHUB_CLIENT_CONFIRMATION_OK"
20365,10410844054,10410844093,1,"IOTHUB_CLIENT_CONFIRMATION_OK"
20366,10410844254,10410844327,1,"IOTHUB_CLIENT_CONFIRMATION_OK"
20367,10410844454,10410844498,1,"IOTHUB_CLIENT_CONFIRMATION_OK"
20368,10410844654,10410844734,1,"IOTHUB_CLIENT_CONFIRMATION_OK"
20369,10410844854,10410844896,1,"IOTHUB_CLIENT_CONFIRMATION_OK"
20370,10410845054,10410845097,1,"IOTHUB_CLIENT_CONFIRMATION_OK"
20371,10410845254,10410845352,1,"IOTHUB_CLIENT_CONFIRMATION_OK"
20372,10410845455,10410845605,1,"IOTHUB_CLIENT_CONFIRMATION_OK"
20373,10410845655,10410845695,1,"IOTHUB_CLIENT_CONFIRMATION_OK"
20374,10410845855,10410845913,1,"IOTHUB_CLIENT_CONFIRMATION_OK"
20375,10410846055,10410846107,1,"IOTHUB_CLIENT_CONFIRMATION_OK"
20376,10410846255,10410846305,1,"IOTHUB_CLIENT_CONFIRMATION_OK"
20377,10410846455,10410846490,1,"IOTHUB_CLIENT_CONFIRMATION_OK"
20378,10410846656,10410846710,1,"IOTHUB_CLIENT_CONFIRMATION_OK"
20379,10410846856,10410846915,1,"IOTHUB_CLIENT_CONFIRMATION_OK"
20380,10410847056,10410847093,1,"IOTHUB_CLIENT_CONFIRMATION_OK"
20381,10410847256,10410847309,1,"IOTHUB_CLIENT_CONFIRMATION_OK"
20382,10410847456,10410847528,1,"IOTHUB_CLIENT_CONFIRMATION_OK"
20383,10410847656,10410847739,1,"IOTHUB_CLIENT_CONFIRMATION_OK"
20384,10410847856,10410847931,1,"IOTHUB_CLIENT_CONFIRMATION_OK"
20385,10410848057,10410848101,1,"IOTHUB_CLIENT_CONFIRMATION_OK"
20386,10410848257,10410848302,1,"IOTHUB_CLIENT_CONFIRMATION_OK"
20387,10410848457,10410848531,1,"IOTHUB_CLIENT_CONFIRMATION_OK"
20388,10410848657,10410848750,1,"IOTHUB_CLIENT_CONFIRMATION_OK"
20389,10410848857,10410848914,1,"IOTHUB_CLIENT_CONFIRMATION_OK"
20390,10410849057,10410849163,1,"IOTHUB_CLIENT_CONFIRMATION_OK"
20391,10410849258,10410849311,1,"IOTHUB_CLIENT_CONFIRMATION_OK"
20392,10410849458,10410849507,1,"IOTHUB_CLIENT_CONFIRMATION_OK"
20393,10410849658,10410849782,1,"IOTHUB_CLIENT_CONFIRMATION_OK"
20394,10410849858,10410849894,1,"IOTHUB_CLIENT_CONFIRMATION_OK"
20395,10410850058,10410850106,1,"IOTHUB_CLIENT_CONFIRMATION_OK"
20396,10410850258,10410850303,1,"IOTHUB_CLIENT_CONFIRMATION_OK"
20397,10410850459,10410850565,1,"IOTHUB_CLIENT_CONFIRMATION_OK"
20398,10410850659,10410850778,1,"IOTHUB_CLIENT_CONFIRMATION_OK"
20399,10410850859,10410850904,1,"IOTHUB_CLIENT_CONFIRMATION_OK"
20400,10410851059,10410851107,1,"IOTHUB_CLIENT_CONFIRMATION_OK"
20401,10410851259,10410851468,1,"IOTHUB_CLIENT_CONFIRMATION_OK"
20402,10410851459,10410851521,1,"IOTHUB_CLIENT_CONFIRMATION_OK"
20403,10410851659,10410851702,1,"IOTHUB_CLIENT_CONFIRMATION_OK"
20404,10410851860,10410851978,1,"IOTHUB_CLIENT_CONFIRMATION_OK"
20405,10410852060,10410852104,1,"IOTHUB_CLIENT_CONFIRMATION_OK"
20406,10410852260,10410852302,1,"IOTHUB_CLIENT_CONFIRMATION_OK"
20407,10410852460,10410852503,1,"IOTHUB_CLIENT_CONFIRMATION_OK"
20408,10410852660,10410852709,1,"IOTHUB_CLIENT_CONFIRMATION_OK"
20409,10410852860,10410852913,1,"IOTHUB_CLIENT_CONFIRMATION_OK"
20410,10410853061,10410853104,1,"IOTHUB_CLIENT_CONFIRMATION_OK"
20411,10410853261,10410853303,1,"IOTHUB_CLIENT_CONFIRMATION_OK"
20412,10410853461,10410853498,1,"IOTHUB_CLIENT_CONFIRMATION_OK"
20413,10410853661,10410853705,1,"IOTHUB_CLIENT_CONFIRMATION_OK"
20414,10410853861,10410853911,1,"IOTHUB_CLIENT_CONFIRMATION_OK"
20415,10410854061,10410854251,1,"IOTHUB_CLIENT_CONFIRMATION_OK"
20416,10410854262,10410854321,1,"IOTHUB_CLIENT_CONFIRMATION_OK"
20417,10410854462,10410854506,1,"IOTHUB_CLIENT_CONFIRMATION_OK"
20418,10410854662,10410854726,1,"IOTHUB_CLIENT_CONFIRMATION_OK"
20419,10410854862,10410854907,1,"IOTHUB_CLIENT_CONFIRMATION_OK"
20420,10410855062,10410855104,1,"IOTHUB_CLIENT_CONFIRMATION_OK"
20421,10410855262,10410855327,1,"IOTHUB_CLIENT_CONFIRMATION_OK"
20422,10410855463,10410855506,1,"IOTHUB_CLIENT_CONFIRMATION_OK"
20423,10410855663,10410855701,1,"IOTHUB_CLIENT_CONFIRMATION_OK"
20424,10410855863,10410855945,1,"IOTHUB_CLIENT_CONFIRMATION_OK"
20425,10410856063,10410856191,1,"IOTHUB_CLIENT_CONFIRMATION_OK"
20426,10410856263,10410856313,1,"IOTHUB_CLIENT_CONFIRMATION_OK"
20427,10410856463,10410856514,1,"IOTHUB_CLIENT_CONFIRMATION_OK"
20428,10410856663,10410856725,1,"IOTHUB_CLIENT_CONFIRMATION_OK"
20429,10410856864,10410856936,1,"IOTHUB_CLIENT_CONFIRMATION_OK"
20430,10410857064,10410857101,1,"IOTHUB_CLIENT_CONFIRMATION_OK"
20431,10410857264,10410857301,1,"IOTHUB_CLIENT_CONFIRMATION_OK"
20432,10410857464,10410857537,1,"IOTHUB_CLIENT_CONFIRMATION_OK"
20433,10410857664,10410857709,1,"IOTHUB_CLIENT_CONFIRMATION_OK"
20434,10410857864,10410857908,1,"IOTHUB_CLIENT_CONFIRMATION_OK"
20435,10410858065,10410858153,1,"IOTHUB_CLIENT_CONFIRMATION_OK"
20436,10410858265,10410858322,1,"IOTHUB_CLIENT_CONFIRMATION_OK"
20437,10410858465,10410858509,1,"IOTHUB_CLIENT_CONFIRMATION_OK"
20438,10410858665,10410858712,1,"IOTHUB_CLIENT_CONFIRMATION_OK"
20439,10410858865,10410858910,1,"IOTHUB_CLIENT_CONFIRMATION_OK"
20440,10410859065,10410859106,1,"IOTHUB_CLIENT_CONFIRMATION_OK"
20441,10410859265,10410859312,1,"IOTHUB_CLIENT_CONFIRMATION_OK"
20442,10410859466,10410859564,1,"IOTHUB_CLIENT_CONFIRMATION_OK"
20443,10410859666,10410859815,1,"IOTHUB_CLIENT_CONFIRMATION_OK"
20444,10410859866,10410859913,1,"IOTHUB_CLIENT_CONFIRMATION_OK"
20445,10410860066,10410860108,1,"IOTHUB_CLIENT_CONFIRMATION_OK"
20446,10410860266,10410860405,1,"IOTHUB_CLIENT_CONFIRMATION_OK"
20447,10410860466,10410860512,1,"IOTHUB_CLIENT_CONFIRMATION_OK"
20448,10410860667,10410860714,1,"IOTHUB_CLIENT_CONFIRMATION_OK"
20449,10410860867,10410860915,1,"IOTHUB_CLIENT_CONFIRMATION_OK"
20450,10410861067,10410861170,1,"IOTHUB_CLIENT_CONFIRMATION_OK"
20451,10410861267,10410861336,1,"IOTHUB_CLIENT_CONFIRMATION_OK"
20452,10410861467,10410861539,1,"IOTHUB_CLIENT_CONFIRMATION_OK"
20453,10410861667,10410861704,1,"IOTHUB_CLIENT_CONFIRMATION_OK"
20454,10410861868,10410861941,1,"IOTHUB_CLIENT_CONFIRMATION_OK"
20455,10410862068,10410862121,1,"IOTHUB_CLIENT_CONFIRMATION_OK"
20456,10410862268,10410862315,1,"IOTHUB_CLIENT_CONFIRMATION_OK"
20457,10410862468,10410862640,1,"IOTHUB_CLIENT_CONFIRMATION_OK"
20458,10410862668,10410862709,1,"IOTHUB_CLIENT_CONFIRMATION_OK"
20459,10410862868,10410862930,1,"IOTHUB_CLIENT_CONFIRMATION_OK"
20460,10410863068,10410863109,1,"IOTHUB_CLIENT_CONFIRMATION_OK"
20461,10410863269,10410863326,1,"IOTHUB_CLIENT_CONFIRMATION_OK"
20462,10410863469,10410863539,1,"IOTHUB_CLIENT_CONFIRMATION_OK"
20463,10410863669,10410863710,1,"IOTHUB_CLIENT_CONFIRMATION_OK"
20464,10410863869,10410863911,1,"IOTHUB_CLIENT_CONFIRMATION_OK"
20465,10410864069,10410864121,1,"IOTHUB_CLIENT_CONFIRMATION_OK"
20466,10410864269,10410864314,1,"IOTHUB_CLIENT_CONFIRMATION_OK"
20467,10410864470,10410864516,1,"IOTHUB_CLIENT_CONFIRMATION_OK"
20468,10410864670,10410864762,1,"IOTHUB_CLIENT_CONFIRMATION_OK"
20469,10410864870,10410864962,1,"IOTHUB_CLIENT_CONFIRMATION_OK"
20470,10410865070,10410865108,1,"IOTHUB_CLIENT_CONFIRMATION_OK"
20471,10410865270,10410865394,1,"IOTHUB_CLIENT_CONFIRMATION_OK"
20472,10410865470,10410865540,1,"IOTHUB_CLIENT_CONFIRMATION_OK"
20473,10410865671,10410865711,1,"IOTHUB_CLIENT_CONFIRMATION_OK"
20474,10410865871,10410865995,1,"IOTHUB_CLIENT_CONFIRMATION_OK"
20475,10410866071,10410866116,1,"IOTHUB_CLIENT_CONFIRMATION_OK"
20476,10410866271,10410866315,1,"IOTHUB_CLIENT_CONFIRMATION_OK"
20477,10410866471,10410866578,1,"IOTHUB_CLIENT_CONFIRMATION_OK"
20478,10410866671,10410866743,1,"IOTHUB_CLIENT_CONFIRMATION_OK"
20479,10410866872,10410866908,1,"IOTHUB_CLIENT_CONFIRMATION_OK"
20480,10410867072,10410867118,1,"IOTHUB_CLIENT_CONFIRMATION_OK"
20481,10410867272,10410867324,1,"IOTHUB_CLIENT_CONFIRMATION_OK"
20482,10410867472,10410867531,1,"IOTHUB_CLIENT_CONFIRMATION_OK"
20483,10410867672,10410867737,1,"IOTHUB_CLIENT_CONFIRMATION_OK"
20484,10410867872,10410867921,1,"IOTHUB_CLIENT_CONFIRMATION_OK"
20485,10410868072,10410868267,1,"IOTHUB_CLIENT_CONFIRMATION_OK"
20486,10410868273,10410868378,1,"IOTHUB_CLIENT_CONFIRMATION_OK"
20487,10410868473,10410868518,1,"IOTHUB_CLIENT_CONFIRMATION_OK"
20488,10410868673,10410868711,1,"IOTHUB_CLIENT_CONFIRMATION_OK"
20489,10410868873,10410868909,1,"IOTHUB_CLIENT_CONFIRMATION_OK"
20490,10410869073,10410869117,1,"IOTHUB_CLIENT_CONFIRMATION_OK"
20491,10410869273,10410869322,1,"IOTHUB_CLIENT_CONFIRMATION_OK"
20492,10410869473,10410869511,1,"IOTHUB_CLIENT_CONFIRMATION_OK"
20493,10410869674,10410869711,1,"IOTHUB_CLIENT_CONFIRMATION_OK"
20494,10410869874,10410869927,1,"IOTHUB_CLIENT_CONFIRMATION_OK"
20495,10410870074,10410870120,1,"IOTHUB_CLIENT_CONFIRMATION_OK"
20496,10410870274,10410870344,1,"IOTHUB_CLIENT_CONFIRMATION_OK"
20497,10410870474,10410870515,1,"IOTHUB_CLIENT_CONFIRMATION_OK"
20498,10410870674,10410870720,1,"IOTHUB_CLIENT_CONFIRMATION_OK"
20499,10410870875,10410870914,1,"IOTHUB_CLIENT_CONFIRMATION_OK"
20500,10410871075,10410871148,1,"IOTHUB_CLIENT_CONFIRMATION_OK"
20501,10410871275,10410871323,1,"IOTHUB_CLIENT_CONFIRMATION_OK"
20502,10410871475,10410871542,1,"IOTHUB_CLIENT_CONFIRMATION_OK"
20503,10410871675,10410871726,1,"IOTHUB_CLIENT_CONFIRMATION_OK"
20504,10410871875,10410871923,1,"IOTHUB_CLIENT_CONFIRMATION_OK"
20505,10410872076,10410872160,1,"IOTHUB_CLIENT_CONFIRMATION_OK"
20506,10410872276,10410872320,1,"IOTHUB_CLIENT_CONFIRMATION_OK"
20507,10410872476,10410872548,1,"IOTHUB_CLIENT_CONFIRMATION_OK"
20508,10410872676,10410872771,1,"IOTHUB_CLIENT_CONFIRMATION_OK"
20509,10410872876,10410872926,1,"IOTHUB_CLIENT_CONFIRMATION_OK"
20510,10410873076,10410873112,1,"IOTHUB_CLIENT_CONFIRMATION_OK"
20511,10410873276,10410873318,1,"IOTHUB_CLIENT_CONFIRMATION_OK"
20512,10410873477,10410873526,1,"IOTHUB_CLIENT_CONFIRMATION_OK"
20513,10410873677,10410873794,1,"IOTHUB_CLIENT_CONFIRMATION_OK"
20514,10410873877,10410873941,1,"IOTHUB_CLIENT_CONFIRMATION_OK"
20515,10410874077,10410874131,1,"IOTHUB_CLIENT_CONFIRMATION_OK"
20516,10410874277,10410874401,1,"IOTHUB_CLIENT_CONFIRMATION_OK"
20517,10410874477,10410874518,1,"IOTHUB_CLIENT_CONFIRMATION_OK"
20518,10410874677,10410874726,1,"IOTHUB_CLIENT_CONFIRMATION_OK"
20519,10410874878,10410875009,1,"IOTHUB_CLIENT_CONFIRMATION_OK"
20520,10410875078,10410875115,1,"IOTHUB_CLIENT_CONFIRMATION_OK"
20521,10410875278,10410875312,1,"IOTHUB_CLIENT_CONFIRMATION_OK"
20522,10410875478,10410875519,1,"IOTHUB_CLIENT_CONFIRMATION_OK"
20523,10410875678,10410875764,1,"IOTHUB_CLIENT_CONFIRMATION_OK"
20524,10410875878,10410875917,1,"IOTHUB_CLIENT_CONFIRMATION_OK"
20525,10410876079,10410876117,1,"IOTHUB_CLIENT_CONFIRMATION_OK"
20526,10410876279,10410876340,1,"IOTHUB_CLIENT_CONFIRMATION_OK"
20527,10410876479,10410876661,1,"IOTHUB_CLIENT_CONFIRMATION_OK"
20528,10410876679,10410876716,1,"IOTHUB_CLIENT_CONFIRMATION_OK"
20529,10410876879,10410876933,1,"IOTHUB_CLIENT_CONFIRMATION_OK"
20530,10410877079,10410877412,1,"IOTHUB_CLIENT_CONFIRMATION_OK"
20531,10410877280,10410877439,1,"IOTHUB_CLIENT_CONFIRMATION_OK"
20532,10410877480,10410877520,1,"IOTHUB_CLIENT_CONFIRMATION_OK"
20533,10410877680,10410877806,1,"IOTHUB_CLIENT_CONFIRMATION_OK"
20534,10410877880,10410877921,1,"IOTHUB_CLIENT_CONFIRMATION_OK"
20535,10410878080,10410878123,1,"IOTHUB_CLIENT_CONFIRMATION_OK"
20536,10410878280,10410878310,1,"IOTHUB_CLIENT_CONFIRMATION_OK"
20537,10410878481,10410878528,1,"IOTHUB_CLIENT_CONFIRMATION_OK"
20538,10410878681,10410878724,1,"IOTHUB_CLIENT_CONFIRMATION_OK"
20539,10410878881,10410878931,1,"IOTHUB_CLIENT_CONFIRMATION_OK"
20540,10410879081,10410879137,1,"IOTHUB_CLIENT_CONFIRMATION_OK"
20541,10410879281,10410879492,1,"IOTHUB_CLIENT_CONFIRMATION_OK"
20542,10410879481,10410879521,1,"IOTHUB_CLIENT_CONFIRMATION_OK"
20543,10410879682,10410879725,1,"IOTHUB_CLIENT_CONFIRMATION_OK"
20544,10410879882,10410879928,1,"IOTHUB_CLIENT_CONFIRMATION_OK"
20545,10410880082,10410880139,1,"IOTHUB_CLIENT_CONFIRMATION_OK"
20546,10410880282,10410880349,1,"IOTHUB_CLIENT_CONFIRMATION_OK"
20547,10410880482,10410880522,1,"IOTHUB_CLIENT_CONFIRMATION_OK"
20548,10410880682,10410880750,1,"IOTHUB_CLIENT_CONFIRMATION_OK"
20549,10410880883,10410880925,1,"IOTHUB_CLIENT_CONFIRMATION_OK"
20550,10410881083,10410881176,1,"IOTHUB_CLIENT_CONFIRMATION_OK"
20551,10410881283,10410881320,1,"IOTHUB_CLIENT_CONFIRMATION_OK"
20552,10410881483,10410881521,1,"IOTHUB_CLIENT_CONFIRMATION_OK"
20553,10410881683,10410881757,1,"IOTHUB_CLIENT_CONFIRMATION_OK"
20554,10410881883,10410881969,1,"IOTHUB_CLIENT_CONFIRMATION_OK"
20555,10410882083,10410882154,1,"IOTHUB_CLIENT_CONFIRMATION_OK"
20556,10410882284,10410882364,1,"IOTHUB_CLIENT_CONFIRMATION_OK"
20557,10410882484,10410882537,1,"IOTHUB_CLIENT_CONFIRMATION_OK"
20558,10410882684,10410882776,1,"IOTHUB_CLIENT_CONFIRMATION_OK"
20559,10410882884,10410882928,1,"IOTHUB_CLIENT_CONFIRMATION_OK"
20560,10410883084,10410883120,1,"IOTHUB_CLIENT_CONFIRMATION_OK"
20561,10410883284,10410883414,1,"IOTHUB_CLIENT_CONFIRMATION_OK"
20562,10410883485,10410883521,1,"IOTHUB_CLIENT_CONFIRMATION_OK"
20563,10410883685,10410883726,1,"IOTHUB_CLIENT_CONFIRMATION_OK"
20564,10410883885,10410883927,1,"IOTHUB_CLIENT_CONFIRMATION_OK"
20565,10410884085,10410884141,1,"IOTHUB_CLIENT_CONFIRMATION_OK"
20566,10410884285,10410884329,1,"IOTHUB_CLIENT_CONFIRMATION_OK"
20567,10410884485,10410884536,1,"IOTHUB_CLIENT_CONFIRMATION_OK"
20568,10410884686,10410884757,1,"IOTHUB_CLIENT_CONFIRMATION_OK"
20569,10410884886,10410884943,1,"IOTHUB_CLIENT_CONFIRMATION_OK"
20570,10410885086,10410885133,1,"IOTHUB_CLIENT_CONFIRMATION_OK"
20571,10410885286,10410885360,1,"IOTHUB_CLIENT_CONFIRMATION_OK"
20572,10410885486,10410885539,1,"IOTHUB_CLIENT_CONFIRMATION_OK"
20573,10410885686,10410885742,1,"IOTHUB_CLIENT_CONFIRMATION_OK"
20574,10410885886,10410885935,1,"IOTHUB_CLIENT_CONFIRMATION_OK"
20575,10410886087,10410886132,1,"IOTHUB_CLIENT_CONFIRMATION_OK"
20576,10410886287,10410886367,1,"IOTHUB_CLIENT_CONFIRMATION_OK"
20577,10410886487,10410886564,1,"IOTHUB_CLIENT_CONFIRMATION_OK"
20578,10410886687,10410886730,1,"IOTHUB_CLIENT_CONFIRMATION_OK"
20579,10410886887,10410886929,1,"IOTHUB_CLIENT_CONFIRMATION_OK"
20580,10410887087,10410887163,1,"IOTHUB_CLIENT_CONFIRMATION_OK"
20581,10410887288,10410887337,1,"IOTHUB_CLIENT_CONFIRMATION_OK"
20582,10410887488,10410887528,1,"IOTHUB_CLIENT_CONFIRMATION_OK"
20583,10410887688,10410887757,1,"IOTHUB_CLIENT_CONFIRMATION_OK"
20584,10410887888,10410887930,1,"IOTHUB_CLIENT_CONFIRMATION_OK"
20585,10410888088,10410888123,1,"IOTHUB_CLIENT_CONFIRMATION_OK"
20586,10410888288,10410888393,1,"IOTHUB_CLIENT_CONFIRMATION_OK"
20587,10410888489,10410888526,1,"IOTHUB_CLIENT_CONFIRMATION_OK"
20588,10410888689,10410888732,1,"IOTHUB_CLIENT_CONFIRMATION_OK"
20589,10410888889,10410888996,1,"IOTHUB_CLIENT_CONFIRMATION_OK"
20590,10410889089,10410889128,1,"IOTHUB_CLIENT_CONFIRMATION_OK"
20591,10410889289,10410889327,1,"IOTHUB_CLIENT_CONFIRMATION_OK"
20592,10410889489,10410889529,1,"IOTHUB_CLIENT_CONFIRMATION_OK"
20593,10410889690,10410889732,1,"IOTHUB_CLIENT_CONFIRMATION_OK"
20594,10410889890,10410889933,1,"IOTHUB_CLIENT_CONFIRMATION_OK"
20595,10410890090,10410890163,1,"IOTHUB_CLIENT_CONFIRMATION_OK"
20596,10410890290,10410890375,1,"IOTHUB_CLIENT_CONFIRMATION_OK"
20597,10410890490,10410890531,1,"IOTHUB_CLIENT_CONFIRMATION_OK"
20598,10410890690,10410890733,1,"IOTHUB_CLIENT_CONFIRMATION_OK"
20599,10410890890,10410890938,1,"IOTHUB_CLIENT_CONFIRMATION_OK"
20600,10410891091,10410891168,1,"IOTHUB_CLIENT_CONFIRMATION_OK"
20601,10410891291,10410891349,1,"IOTHUB_CLIENT_CONFIRMATION_OK"
20602,10410891491,10410891529,1,"IOTHUB_CLIENT_CONFIRMATION_OK"
20603,10410891691,10410891777,1,"IOTHUB_CLIENT_CONFIRMATION_OK"
20604,10410891891,10410891936,1,"IOTHUB_CLIENT_CONFIRMATION_OK"
20605,10410892091,10410892137,1,"IOTHUB_CLIENT_CONFIRMATION_OK"
20606,10410892292,10410892392,1,"IOTHUB_CLIENT_CONFIRMATION_OK"
20607,10410892492,10410892545,1,"IOTHUB_CLIENT_CONFIRMATION_OK"
20608,10410892692,10410892731,1,"IOTHUB_CLIENT_CONFIRMATION_OK"
20609,10410892892,10410892939,1,"IOTHUB_CLIENT_CONFIRMATION_OK"
20610,10410893092,10410893130,1,"IOTHUB_CLIENT_CONFIRMATION_OK"
20611,10410893292,10410893338,1,"IOTHUB_CLIENT_CONFIRMATION_OK"
20612,10410893492,10410893532,1,"IOTHUB_CLIENT_CONFIRMATION_OK"
20613,10410893693,10410893736,1,"IOTHUB_CLIENT_CONFIRMATION_OK"
20614,10410893893,10410894021,1,"IOTHUB_CLIENT_CONFIRMATION_OK"
20615,10410894093,10410894131,1,"IOTHUB_CLIENT_CONFIRMATION_OK"
20616,10410894293,10410894335,1,"IOTHUB_CLIENT_CONFIRMATION_OK"
20617,10410894493,10410894667,1,"IOTHUB_CLIENT_CONFIRMATION_OK"
20618,10410894693,10410894751,1,"IOTHUB_CLIENT_CONFIRMATION_OK"
20619,10410894894,10410894937,1,"IOTHUB_CLIENT_CONFIRMATION_OK"
20620,10410895094,10410895140,1,"IOTHUB_CLIENT_CONFIRMATION_OK"
20621,10410895294,10410895337,1,"IOTHUB_CLIENT_CONFIRMATION_OK"
20622,10410895494,10410895534,1,"IOTHUB_CLIENT_CONFIRMATION_OK"
20623,10410895694,10410895731,1,"IOTHUB_CLIENT_CONFIRMATION_OK"
20624,10410895894,10410895940,1,"IOTHUB_CLIENT_CONFIRMATION_OK"
20625,10410896094,10410896217,1,"IOTHUB_CLIENT_CONFIRMATION_OK"
20626,10410896295,10410896385,1,"IOTHUB_CLIENT_CONFIRMATION_OK"
20627,10410896495,10410896533,1,"IOTHUB_CLIENT_CONFIRMATION_OK"
20628,10410896695,10410896967,1,"IOTHUB_CLIENT_CONFIRMATION_OK"
20629,10410896895,10410896988,1,"IOTHUB_CLIENT_CONFIRMATION_OK"
20630,10410897095,10410897136,1,"IOTHUB_CLIENT_CONFIRMATION_OK"
20631,10410897295,10410897389,1,"IOTHUB_CLIENT_CONFIRMATION_OK"
20632,10410897496,10410897535,1,"IOTHUB_CLIENT_CONFIRMATION_OK"
20633,10410897696,10410897747,1,"IOTHUB_CLIENT_CONFIRMATION_OK"
20634,10410897896,10410897945,1,"IOTHUB_CLIENT_CONFIRMATION_OK"
20635,10410898096,10410898135,1,"IOTHUB_CLIENT_CONFIRMATION_OK"
20636,10410898296,10410898346,1,"IOTHUB_CLIENT_CONFIRMATION_OK"
20637,10410898496,10410898547,1,"IOTHUB_CLIENT_CONFIRMATION_OK"
20638,10410898697,10410898738,1,"IOTHUB_CLIENT_CONFIRMATION_OK"
20639,10410898897,10410898933,1,"IOTHUB_CLIENT_CONFIRMATION_OK"
20640,10410899097,10410899149,1,"IOTHUB_CLIENT_CONFIRMATION_OK"
20641,10410899297,10410899331,1,"IOTHUB_CLIENT_CONFIRMATION_OK"
20642,10410899497,10410899566,1,"IOTHUB_CLIENT_CONFIRMATION_OK"
20643,10410899697,10410899788,1,"IOTHUB_CLIENT_CONFIRMATION_OK"
20644,10410899898,10410899935,1,"IOTHUB_CLIENT_CONFIRMATION_OK"
20645,10410900098,10410900165,1,"IOTHUB_CLIENT_CONFIRMATION_OK"
20646,10410900298,10410900348,1,"IOTHUB_CLIENT_CONFIRMATION_OK"
20647,10410900498,10410900551,1,"IOTHUB_CLIENT_CONFIRMATION_OK"
20648,10410900698,10410900794,1,"IOTHUB_CLIENT_CONFIRMATION_OK"
20649,10410900898,10410900946,1,"IOTHUB_CLIENT_CONFIRMATION_OK"
20650,10410901098,10410901136,1,"IOTHUB_CLIENT_CONFIRMATION_OK"
20651,10410901299,10410901377,1,"IOTHUB_CLIENT_CONFIRMATION_OK"
20652,10410901499,10410901543,1,"IOTHUB_CLIENT_CONFIRMATION_OK"
20653,10410901699,10410901770,1,"IOTHUB_CLIENT_CONFIRMATION_OK"
20654,10410901899,10410901937,1,"IOTHUB_CLIENT_CONFIRMATION_OK"
20655,10410902099,10410902136,1,"IOTHUB_CLIENT_CONFIRMATION_OK"
20656,10410902299,10410902391,1,"IOTHUB_CLIENT_CONFIRMATION_OK"
20657,10410902499,10410902538,1,"IOTHUB_CLIENT_CONFIRMATION_OK"
20658,10410902700,10410902765,1,"IOTHUB_CLIENT_CONFIRMATION_OK"
20659,10410902900,10410902999,1,"IOTHUB_CLIENT_CONFIRMATION_OK"
20660,10410903100,10410903147,1,"IOTHUB_CLIENT_CONFIRMATION_OK"
20661,10410903300,10410903336,1,"IOTHUB_CLIENT_CONFIRMATION_OK"
20662,10410903500,10410903627,1,"IOTHUB_CLIENT_CONFIRMATION_OK"
20663,10410903700,10410903740,1,"IOTHUB_CLIENT_CONFIRMATION_OK"
20664,10410903901,10410903948,1,"IOTHUB_CLIENT_CONFIRMATION_OK"
20665,10410904101,10410904139,1,"IOTHUB_CLIENT_CONFIRMATION_OK"
20666,10410904301,10410904349,1,"IOTHUB_CLIENT_CONFIRMATION_OK"
20667,10410904501,10410904533,1,"IOTHUB_CLIENT_CONFIRMATION_OK"
20668,10410904701,10410904765,1,"IOTHUB_CLIENT_CONFIRMATION_OK"
20669,10410904901,10410904946,1,"IOTHUB_CLIENT_CONFIRMATION_OK"
20670,10410905102,10410905245,1,"IOTHUB_CLIENT_CONFIRMATION_OK"
20671,10410905302,10410905357,1,"IOTHUB_CLIENT_CONFIRMATION_OK"
20672,10410905502,10410905542,1,"IOTHUB_CLIENT_CONFIRMATION_OK"
20673,10410905702,10410905844,1,"IOTHUB_CLIENT_CONFIRMATION_OK"
20674,10410905902,10410905940,1,"IOTHUB_CLIENT_CONFIRMATION_OK"
20675,10410906102,10410906146,1,"IOTHUB_CLIENT_CONFIRMATION_OK"
20676,10410906302,10410906342,1,"IOTHUB_CLIENT_CONFIRMATION_OK"
20677,10410906503,10410906577,1,"IOTHUB_CLIENT_CONFIRMATION_OK"
20678,10410906703,10410906748,1,"IOTHUB_CLIENT_CONFIRMATION_OK"
20679,10410906903,10410906937,1,"IOTHUB_CLIENT_CONFIRMATION_OK"
20680,10410907103,10410907148,1,"IOTHUB_CLIENT_CONFIRMATION_OK"
20681,10410907303,10410907340,1,"IOTHUB_CLIENT_CONFIRMATION_OK"
20682,10410907503,10410907548,1,"IOTHUB_CLIENT_CONFIRMATION_OK"
20683,10410907704,10410907742,1,"IOTHUB_CLIENT_CONFIRMATION_OK"
20684,10410907904,10410908120,1,"IOTHUB_CLIENT_CONFIRMATION_OK"
20685,10410908104,10410908152,1,"IOTHUB_CLIENT_CONFIRMATION_OK"
20686,10410908304,10410908354,1,"IOTHUB_CLIENT_CONFIRMATION_OK"
20687,10410908504,10410908558,1,"IOTHUB_CLIENT_CONFIRMATION_OK"
20688,10410908704,10410908744,1,"IOTHUB_CLIENT_CONFIRMATION_OK"
20689,10410908904,10410908954,1,"IOTHUB_CLIENT_CONFIRMATION_OK"
20690,10410909105,10410909154,1,"IOTHUB_CLIENT_CONFIRMATION_OK"
20691,10410909305,10410909350,1,"IOTHUB_CLIENT_CONFIRMATION_OK"
20692,10410909505,10410909539,1,"IOTHUB_CLIENT_CONFIRMATION_OK"
20693,10410909705,10410909746,1,"IOTHUB_CLIENT_CONFIRMATION_OK"
20694,10410909905,10410909946,1,"IOTHUB_CLIENT_CONFIRMATION_OK"
20695,10410910105,10410910148,1,"IOTHUB_CLIENT_CONFIRMATION_OK"
20696,10410910306,10410910343,1,"IOTHUB_CLIENT_CONFIRMATION_OK"
20697,10410910506,10410910550,1,"IOTHUB_CLIENT_CONFIRMATION_OK"
20698,10410910706,10410910751,1,"IOTHUB_CLIENT_CONFIRMATION_OK"
20699,10410910906,10410910953,1,"IOTHUB_CLIENT_CONFIRMATION_OK"
20700,10410911106,10410911146,1,"IOTHUB_CLIENT_CONFIRMATION_OK"
20701,10410911306,10410911358,1,"IOTHUB_CLIENT_CONFIRMATION_OK"
20702,10410911507,10410911544,1,"IOTHUB_CLIENT_CONFIRMATION_OK"
20703,10410911707,10410911751,1,"IOTHUB_CLIENT_CONFIRMATION_OK"
20704,10410911907,10410911983,1,"IOTHUB_CLIENT_CONFIRMATION_OK"
20705,10410912107,10410912159,1,"IOTHUB_CLIENT_CONFIRMATION_OK"
20706,10410912307,10410912394,1,"IOTHUB_CLIENT_CONFIRMATION_OK"
20707,10410912507,10410912606,1,"IOTHUB_CLIENT_CONFIRMATION_OK"
20708,10410912708,10410912777,1,"IOTHUB_CLIENT_CONFIRMATION_OK"
20709,10410912908,10410912946,1,"IOTHUB_CLIENT_CONFIRMATION_OK"
20710,10410913108,10410913148,1,"IOTHUB_CLIENT_CONFIRMATION_OK"
20711,10410913308,10410913350,1,"IOTHUB_CLIENT_CONFIRMATION_OK"
20712,10410913508,10410913545,1,"IOTHUB_CLIENT_CONFIRMATION_OK"
20713,10410913708,10410913744,1,"IOTHUB_CLIENT_CONFIRMATION_OK"
20714,10410913909,10410913954,1,"IOTHUB_CLIENT_CONFIRMATION_OK"
20715,10410914109,10410914201,1,"IOTHUB_CLIENT_CONFIRMATION_OK"
20716,10410914309,10410914368,1,"IOTHUB_CLIENT_CONFIRMATION_OK"
20717,10410914509,10410914556,1,"IOTHUB_CLIENT_CONFIRMATION_OK"
20718,10410914709,10410914814,1,"IOTHUB_CLIENT_CONFIRMATION_OK"
20719,10410914909,10410914954,1,"IOTHUB_CLIENT_CONFIRMATION_OK"
20720,10410915110,10410915158,1,"IOTHUB_CLIENT_CONFIRMATION_OK"
20721,10410915310,10410915448,1,"IOTHUB_CLIENT_CONFIRMATION_OK"
20722,10410915510,10410915557,1,"IOTHUB_CLIENT_CONFIRMATION_OK"
20723,10410915710,10410915783,1,"IOTHUB_CLIENT_CONFIRMATION_OK"
20724,10410915910,10410915953,1,"IOTHUB_CLIENT_CONFIRMATION_OK"
20725,10410916110,10410916147,1,"IOTHUB_CLIENT_CONFIRMATION_OK"
20726,10410916310,10410916357,1,"IOTHUB_CLIENT_CONFIRMATION_OK"
20727,10410916511,10410916549,1,"IOTHUB_CLIENT_CONFIRMATION_OK"
20728,10410916711,10410916757,1,"IOTHUB_CLIENT_CONFIRMATION_OK"
20729,10410916911,10410917060,1,"IOTHUB_CLIENT_CONFIRMATION_OK"
20730,10410917111,10410917151,1,"IOTHUB_CLIENT_CONFIRMATION_OK"
20731,10410917311,10410917361,1,"IOTHUB_CLIENT_CONFIRMATION_OK"
20732,10410917511,10410917665,1,"IOTHUB_CLIENT_CONFIRMATION_OK"
20733,10410917712,10410917757,1,"IOTHUB_CLIENT_CONFIRMATION_OK"
20734,10410917912,10410917950,1,"IOTHUB_CLIENT_CONFIRMATION_OK"
20735,10410918112,10410918155,1,"IOTHUB_CLIENT_CONFIRMATION_OK"
20736,10410918312,10410918364,1,"IOTHUB_CLIENT_CONFIRMATION_OK"
20737,10410918512,10410918559,1,"IOTHUB_CLIENT_CONFIRMATION_OK"
20738,10410918712,10410918812,1,"IOTHUB_CLIENT_CONFIRMATION_OK"
20739,10410918913,10410918967,1,"IOTHUB_CLIENT_CONFIRMATION_OK"
20740,10410919113,10410919160,1,"IOTHUB_CLIENT_CONFIRMATION_OK"
20741,10410919313,10410919369,1,"IOTHUB_CLIENT_CONFIRMATION_OK"
20742,10410919513,10410919598,1,"IOTHUB_CLIENT_CONFIRMATION_OK"
20743,10410919713,10410919876,1,"IOTHUB_CLIENT_CONFIRMATION_OK"
20744,10410919913,10410919979,1,"IOTHUB_CLIENT_CONFIRMATION_OK"
20745,10410920113,10410920160,1,"IOTHUB_CLIENT_CONFIRMATION_OK"
20746,10410920314,10410920424,1,"IOTHUB_CLIENT_CONFIRMATION_OK"
20747,10410920514,10410920550,1,"IOTHUB_CLIENT_CONFIRMATION_OK"
20748,10410920714,10410920781,1,"IOTHUB_CLIENT_CONFIRMATION_OK"
20749,10410920914,10410921051,1,"IOTHUB_CLIENT_CONFIRMATION_OK"
20750,10410921114,10410921162,1,"IOTHUB_CLIENT_CONFIRMATION_OK"
20751,10410921314,10410921362,1,"IOTHUB_CLIENT_CONFIRMATION_OK"
20752,10410921515,10410921566,1,"IOTHUB_CLIENT_CONFIRMATION_OK"
20753,10410921715,10410921780,1,"IOTHUB_CLIENT_CONFIRMATION_OK"
20754,10410921915,10410921952,1,"IOTHUB_CLIENT_CONFIRMATION_OK"
20755,10410922115,10410922155,1,"IOTHUB_CLIENT_CONFIRMATION_OK"
20756,10410922315,10410922391,1,"IOTHUB_CLIENT_CONFIRMATION_OK"
20757,10410922515,10410922680,1,"IOTHUB_CLIENT_CONFIRMATION_OK"
20758,10410922716,10410922761,1,"IOTHUB_CLIENT_CONFIRMATION_OK"
20759,10410922916,10410922960,1,"IOTHUB_CLIENT_CONFIRMATION_OK"
20760,10410923116,10410923367,1,"IOTHUB_CLIENT_CONFIRMATION_OK"
20761,10410923316,10410923397,1,"IOTHUB_CLIENT_CONFIRMATION_OK"
20762,10410923516,10410923558,1,"IOTHUB_CLIENT_CONFIRMATION_OK"
20763,10410923716,10410923757,1,"IOTHUB_CLIENT_CONFIRMATION_OK"
20764,10410923916,10410923959,1,"IOTHUB_CLIENT_CONFIRMATION_OK"
20765,10410924117,10410924154,1,"IOTHUB_CLIENT_CONFIRMATION_OK"
20766,10410924317,10410924363,1,"IOTHUB_CLIENT_CONFIRMATION_OK"
20767,10410924517,10410924569,1,"IOTHUB_CLIENT_CONFIRMATION_OK"
20768,10410924717,10410924765,1,"IOTHUB_CLIENT_CONFIRMATION_OK"
20769,10410924917,10410924974,1,"IOTHUB_CLIENT_CONFIRMATION_OK"
20770,10410925117,10410925165,1,"IOTHUB_CLIENT_CONFIRMATION_OK"
20771,10410925318,10410925541,1,"IOTHUB_CLIENT_CONFIRMATION_OK"
20772,10410925518,10410925564,1,"IOTHUB_CLIENT_CONFIRMATION_OK"
20773,10410925718,10410925819,1,"IOTHUB_CLIENT_CONFIRMATION_OK"
20774,10410925918,10410925958,1,"IOTHUB_CLIENT_CONFIRMATION_OK"
20775,10410926118,10410926159,1,"IOTHUB_CLIENT_CONFIRMATION_OK"
20776,10410926318,10410926378,1,"IOTHUB_CLIENT_CONFIRMATION_OK"
20777,10410926519,10410926587,1,"IOTHUB_CLIENT_CONFIRMATION_OK"
20778,10410926719,10410926785,1,"IOTHUB_CLIENT_CONFIRMATION_OK"
20779,10410926919,10410926964,1,"IOTHUB_CLIENT_CONFIRMATION_OK"
20780,10410927119,10410927188,1,"IOTHUB_CLIENT_CONFIRMATION_OK"
20781,10410927319,10410927364,1,"IOTHUB_CLIENT_CONFIRMATION_OK"
20782,10410927519,10410927556,1,"IOTHUB_CLIENT_CONFIRMATION_OK"
20783,10410927719,10410927761,1,"IOTHUB_CLIENT_CONFIRMATION_OK"
20784,10410927920,10410927960,1,"IOTHUB_CLIENT_CONFIRMATION_OK"
20785,10410928120,10410928211,1,"IOTHUB_CLIENT_CONFIRMATION_OK"
20786,10410928320,10410928365,1,"IOTHUB_CLIENT_CONFIRMATION_OK"
20787,10410928520,10410928570,1,"IOTHUB_CLIENT_CONFIRMATION_OK"
20788,10410928720,10410928815,1,"IOTHUB_CLIENT_CONFIRMATION_OK"
20789,10410928920,10410928959,1,"IOTHUB_CLIENT_CONFIRMATION_OK"
20790,10410929121,10410929166,1,"IOTHUB_CLIENT_CONFIRMATION_OK"
20791,10410929321,10410929434,1,"IOTHUB_CLIENT_CONFIRMATION_OK"
20792,10410929521,10410929566,1,"IOTHUB_CLIENT_CONFIRMATION_OK"
20793,10410929721,10410929772,1,"IOTHUB_CLIENT_CONFIRMATION_OK"
20794,10410929921,10410929972,1,"IOTHUB_CLIENT_CONFIRMATION_OK"
20795,10410930121,10410930164,1,"IOTHUB_CLIENT_CONFIRMATION_OK"
20796,10410930322,10410930390,1,"IOTHUB_CLIENT_CONFIRMATION_OK"
20797,10410930522,10410930574,1,"IOTHUB_CLIENT_CONFIRMATION_OK"
20798,10410930722,10410930765,1,"IOTHUB_CLIENT_CONFIRMATION_OK"
20799,10410930922,10410931050,1,"IOTHUB_CLIENT_CONFIRMATION_OK"
20800,10410931122,10410931172,1,"IOTHUB_CLIENT_CONFIRMATION_OK"
20801,10410931322,10410931366,1,"IOTHUB_CLIENT_CONFIRMATION_OK"
20802,10410931523,10410931673,1,"IOTHUB_CLIENT_CONFIRMATION_OK"
20803,10410931723,10410931762,1,"IOTHUB_CLIENT_CONFIRMATION_OK"
20804,10410931923,10410931964,1,"IOTHUB_CLIENT_CONFIRMATION_OK"
20805,10410932123,10410932165,1,"IOTHUB_CLIENT_CONFIRMATION_OK"
20806,10410932323,10410932372,1,"IOTHUB_CLIENT_CONFIRMATION_OK"
20807,10410932523,10410932580,1,"IOTHUB_CLIENT_CONFIRMATION_OK"
20808,10410932723,10410932765,1,"IOTHUB_CLIENT_CONFIRMATION_OK"
20809,10410932924,10410932974,1,"IOTHUB_CLIENT_CONFIRMATION_OK"
20810,10410933124,10410933178,1,"IOTHUB_CLIENT_CONFIRMATION_OK"
20811,10410933324,10410933361,1,"IOTHUB_CLIENT_CONFIRMATION_OK"
20812,10410933524,10410933571,1,"IOTHUB_CLIENT_CONFIRMATION_OK"
20813,10410933724,10410933910,1,"IOTHUB_CLIENT_CONFIRMATION_OK"
20814,10410933924,10410933975,1,"IOTHUB_CLIENT_CONFIRMATION_OK"
20815,10410934125,10410934168,1,"IOTHUB_CLIENT_CONFIRMATION_OK"
20816,10410934325,10410934367,1,"IOTHUB_CLIENT_CONFIRMATION_OK"
20817,10410934525,10410934568,1,"IOTHUB_CLIENT_CONFIRMATION_OK"
20818,10410934725,10410934772,1,"IOTHUB_CLIENT_CONFIRMATION_OK"
20819,10410934925,10410934967,1,"IOTHUB_CLIENT_CONFIRMATION_OK"
20820,10410935125,10410935171,1,"IOTHUB_CLIENT_CONFIRMATION_OK"
20821,10410935325,10410935365,1,"IOTHUB_CLIENT_CONFIRMATION_OK"
20822,10410935526,10410935579,1,"IOTHUB_CLIENT_CONFIRMATION_OK"
20823,10410935726,10410935766,1,"IOTHUB_CLIENT_CONFIRMATION_OK"
20824,10410935926,10410935970,1,"IOTHUB_CLIENT_CONFIRMATION_OK"
20825,10410936126,10410936212,1,"IOTHUB_CLIENT_CONFIRMATION_OK"
20826,10410936326,10410936392,1,"IOTHUB_CLIENT_CONFIRMATION_OK"
20827,10410936526,10410936655,1,"IOTHUB_CLIENT_CONFIRMATION_OK"
20828,10410936727,10410936768,1,"IOTHUB_CLIENT_CONFIRMATION_OK"
20829,10410936927,10410936967,1,"IOTHUB_CLIENT_CONFIRMATION_OK"
20830,10410937127,10410937235,1,"IOTHUB_CLIENT_CONFIRMATION_OK"
20831,10410937327,10410937411,1,"IOTHUB_CLIENT_CONFIRMATION_OK"
20832,10410937527,10410937582,1,"IOTHUB_CLIENT_CONFIRMATION_OK"
20833,10410937727,10410937872,1,"IOTHUB_CLIENT_CONFIRMATION_OK"
20834,10410937928,10410937974,1,"IOTHUB_CLIENT_CONFIRMATION_OK"
20835,10410938128,10410938187,1,"IOTHUB_CLIENT_CONFIRMATION_OK"
20836,10410938328,10410938362,1,"IOTHUB_CLIENT_CONFIRMATION_OK"
20837,10410938528,10410938573,1,"IOTHUB_CLIENT_CONFIRMATION_OK"
20838,10410938728,10410938827,1,"IOTHUB_CLIENT_CONFIRMATION_OK"
20839,10410938928,10410938967,1,"IOTHUB_CLIENT_CONFIRMATION_OK"
20840,10410939129,10410939192,1,"IOTHUB_CLIENT_CONFIRMATION_OK"
20841,10410939329,10410939505,1,"IOTHUB_CLIENT_CONFIRMATION_OK"
20842,10410939529,10410939567,1,"IOTHUB_CLIENT_CONFIRMATION_OK"
20843,10410939729,10410939769,1,"IOTHUB_CLIENT_CONFIRMATION_OK"
20844,10410939929,10410940112,1,"IOTHUB_CLIENT_CONFIRMATION_OK"
20845,10410940129,10410940169,1,"IOTHUB_CLIENT_CONFIRMATION_OK"
20846,10410940329,10410940370,1,"IOTHUB_CLIENT_CONFIRMATION_OK"
20847,10410940530,10410940565,1,"IOTHUB_CLIENT_CONFIRMATION_OK"
20848,10410940730,10410940773,1,"IOTHUB_CLIENT_CONFIRMATION_OK"
20849,10410940930,10410940971,1,"IOTHUB_CLIENT_CONFIRMATION_OK"
20850,10410941130,10410941180,1,"IOTHUB_CLIENT_CONFIRMATION_OK"
20851,10410941330,10410941372,1,"IOTHUB_CLIENT_CONFIRMATION_OK"
20852,10410941530,10410941578,1,"IOTHUB_CLIENT_CONFIRMATION_OK"
20853,10410941731,10410941774,1,"IOTHUB_CLIENT_CONFIRMATION_OK"
20854,10410941931,10410941973,1,"IOTHUB_CLIENT_CONFIRMATION_OK"
20855,10410942131,10410942425,1,"IOTHUB_CLIENT_CONFIRMATION_OK"
20856,10410942331,10410942450,1,"IOTHUB_CLIENT_CONFIRMATION_OK"
20857,10410942531,10410942597,1,"IOTHUB_CLIENT_CONFIRMATION_OK"
20858,10410942731,10410942830,1,"IOTHUB_CLIENT_CONFIRMATION_OK"
20859,10410942932,10410942971,1,"IOTHUB_CLIENT_CONFIRMATION_OK"
20860,10410943132,10410943167,1,"IOTHUB_CLIENT_CONFIRMATION_OK"
20861,10410943332,10410943423,1,"IOTHUB_CLIENT_CONFIRMATION_OK"
20862,10410943532,10410943572,1,"IOTHUB_CLIENT_CONFIRMATION_OK"
20863,10410943732,10410943768,1,"IOTHUB_CLIENT_CONFIRMATION_OK"
20864,10410943932,10410944048,1,"IOTHUB_CLIENT_CONFIRMATION_OK"
20865,10410944133,10410944174,1,"IOTHUB_CLIENT_CONFIRMATION_OK"
20866,10410944333,10410944374,1,"IOTHUB_CLIENT_CONFIRMATION_OK"
20867,10410944533,10410944574,1,"IOTHUB_CLIENT_CONFIRMATION_OK"
20868,10410944733,10410944772,1,"IOTHUB_CLIENT_CONFIRMATION_OK"
20869,10410944933,10410944967,1,"IOTHUB_CLIENT_CONFIRMATION_OK"
20870,10410945133,10410945173,1,"IOTHUB_CLIENT_CONFIRMATION_OK"
20871,10410945334,10410945375,1,"IOTHUB_CLIENT_CONFIRMATION_OK"
20872,10410945534,10410945662,1,"IOTHUB_CLIENT_CONFIRMATION_OK"
20873,10410945734,10410945811,1,"IOTHUB_CLIENT_CONFIRMATION_OK"
20874,10410945934,10410945970,1,"IOTHUB_CLIENT_CONFIRMATION_OK"
20875,10410946134,10410946270,1,"IOTHUB_CLIENT_CONFIRMATION_OK"
20876,10410946334,10410946376,1,"IOTHUB_CLIENT_CONFIRMATION_OK"
20877,10410946534,10410946583,1,"IOTHUB_CLIENT_CONFIRMATION_OK"
20878,10410946735,10410946770,1,"IOTHUB_CLIENT_CONFIRMATION_OK"
20879,10410946935,10410946977,1,"IOTHUB_CLIENT_CONFIRMATION_OK"
20880,10410947135,10410947171,1,"IOTHUB_CLIENT_CONFIRMATION_OK"
20881,10410947335,10410947370,1,"IOTHUB_CLIENT_CONFIRMATION_OK"
20882,10410947535,10410947575,1,"IOTHUB_CLIENT_CONFIRMATION_OK"
20883,10410947735,10410947784,1,"IOTHUB_CLIENT_CONFIRMATION_OK"
20884,10410947936,10410947986,1,"IOTHUB_CLIENT_CONFIRMATION_OK"
20885,10410948136,10410948193,1,"IOTHUB_CLIENT_CONFIRMATION_OK"
20886,10410948336,10410948531,1,"IOTHUB_CLIENT_CONFIRMATION_OK"
20887,10410948536,10410948577,1,"IOTHUB_CLIENT_CONFIRMATION_OK"
20888,10410948736,10410948787,1,"IOTHUB_CLIENT_CONFIRMATION_OK"
20889,10410948936,10410948973,1,"IOTHUB_CLIENT_CONFIRMATION_OK"
20890,10410949136,10410949174,1,"IOTHUB_CLIENT_CONFIRMATION_OK"
20891,10410949337,10410949387,1,"IOTHUB_CLIENT_CONFIRMATION_OK"
20892,10410949537,10410949574,1,"IOTHUB_CLIENT_CONFIRMATION_OK"
20893,10410949737,10410949796,1,"IOTHUB_CLIENT_CONFIRMATION_OK"
20894,10410949937,10410949977,1,"IOTHUB_CLIENT_CONFIRMATION_OK"
20895,10410950137,10410950178,1,"IOTHUB_CLIENT_CONFIRMATION_OK"
20896,10410950337,10410950380,1,"IOTHUB_CLIENT_CONFIRMATION_OK"
20897,10410950538,10410950599,1,"IOTHUB_CLIENT_CONFIRMATION_OK"
20898,10410950738,10410950805,1,"IOTHUB_CLIENT_CONFIRMATION_OK"
20899,10410950938,10410950973,1,"IOTHUB_CLIENT_CONFIRMATION_OK"
20900,10410951138,10410951181,1,"IOTHUB_CLIENT_CONFIRMATION_OK"
20901,10410951338,10410951378,1,"IOTHUB_CLIENT_CONFIRMATION_OK"
20902,10410951538,10410951586,1,"IOTHUB_CLIENT_CONFIRMATION_OK"
20903,10410951739,10410951787,1,"IOTHUB_CLIENT_CONFIRMATION_OK"
20904,10410951939,10410951985,1,"IOTHUB_CLIENT_CONFIRMATION_OK"
20905,10410952139,10410952175,1,"IOTHUB_CLIENT_CONFIRMATION_OK"
20906,10410952339,10410952395,1,"IOTHUB_CLIENT_CONFIRMATION_OK"
20907,10410952539,10410952583,1,"IOTHUB_CLIENT_CONFIRMATION_OK"
20908,10410952739,10410952788,1,"IOTHUB_CLIENT_CONFIRMATION_OK"
20909,10410952939,10410953013,1,"IOTHUB_CLIENT_CONFIRMATION_OK"
20910,10410953140,10410953196,1,"IOTHUB_CLIENT_CONFIRMATION_OK"
20911,10410953340,10410953383,1,"IOTHUB_CLIENT_CONFIRMATION_OK"
20912,10410953540,10410953580,1,"IOTHUB_CLIENT_CONFIRMATION_OK"
20913,10410953740,10410953788,1,"IOTHUB_CLIENT_CONFIRMATION_OK"
20914,10410953940,10410954020,1,"IOTHUB_CLIENT_CONFIRMATION_OK"
20915,10410954140,10410954180,1,"IOTHUB_CLIENT_CONFIRMATION_OK"
20916,10410954341,10410954382,1,"IOTHUB_CLIENT_CONFIRMATION_OK"
20917,10410954541,10410954643,1,"IOTHUB_CLIENT_CONFIRMATION_OK"
20918,10410954741,10410954774,1,"IOTHUB_CLIENT_CONFIRMATION_OK"
20919,10410954941,10410954977,1,"IOTHUB_CLIENT_CONFIRMATION_OK"
20920,10410955141,10410955244,1,"IOTHUB_CLIENT_CONFIRMATION_OK"
20921,10410955341,10410955393,1,"IOTHUB_CLIENT_CONFIRMATION_OK"
20922,10410955542,10410955588,1,"IOTHUB_CLIENT_CONFIRMATION_OK"
20923,10410955742,10410955790,1,"IOTHUB_CLIENT_CONFIRMATION_OK"
20924,10410955942,10410955995,1,"IOTHUB_CLIENT_CONFIRMATION_OK"
20925,10410956142,10410956191,1,"IOTHUB_CLIENT_CONFIRMATION_OK"
20926,10410956342,10410956384,1,"IOTHUB_CLIENT_CONFIRMATION_OK"
20927,10410956542,10410956589,1,"IOTHUB_CLIENT_CONFIRMATION_OK"
20928,10410956742,10410956871,1,"IOTHUB_CLIENT_CONFIRMATION_OK"
20929,10410956943,10410956984,1,"IOTHUB_CLIENT_CONFIRMATION_OK"
20930,10410957143,10410957192,1,"IOTHUB_CLIENT_CONFIRMATION_OK"
20931,10410957343,10410957492,1,"IOTHUB_CLIENT_CONFIRMATION_OK"
20932,10410957543,10410957591,1,"IOTHUB_CLIENT_CONFIRMATION_OK"
20933,10410957743,10410957789,1,"IOTHUB_CLIENT_CONFIRMATION_OK"
20934,10410957943,10410957993,1,"IOTHUB_CLIENT_CONFIRMATION_OK"
20935,10410958144,10410958186,1,"IOTHUB_CLIENT_CONFIRMATION_OK"
20936,10410958344,10410958385,1,"IOTHUB_CLIENT_CONFIRMATION_OK"
20937,10410958544,10410958681,1,"IOTHUB_CLIENT_CONFIRMATION_OK"
20938,10410958744,10410958781,1,"IOTHUB_CLIENT_CONFIRMATION_OK"
20939,10410958944,10410958998,1,"IOTHUB_CLIENT_CONFIRMATION_OK"
20940,10410959144,10410959185,1,"IOTHUB_CLIENT_CONFIRMATION_OK"
20941,10410959345,10410959401,1,"IOTHUB_CLIENT_CONFIRMATION_OK"
20942,10410959545,10410959736,1,"IOTHUB_CLIENT_CONFIRMATION_OK"
20943,10410959745,10410959786,1,"IOTHUB_CLIENT_CONFIRMATION_OK"
20944,10410959945,10410959988,1,"IOTHUB_CLIENT_CONFIRMATION_OK"
20945,10410960145,10410960325,1,"IOTHUB_CLIENT_CONFIRMATION_OK"
20946,10410960345,10410960383,1,"IOTHUB_CLIENT_CONFIRMATION_OK"
20947,10410960546,10410960589,1,"IOTHUB_CLIENT_CONFIRMATION_OK"
20948,10410960746,10410960793,1,"IOTHUB_CLIENT_CONFIRMATION_OK"
20949,10410960946,10410960988,1,"IOTHUB_CLIENT_CONFIRMATION_OK"
20950,10410961146,10410961186,1,"IOTHUB_CLIENT_CONFIRMATION_OK"
20951,10410961346,10410961391,1,"IOTHUB_CLIENT_CONFIRMATION_OK"
20952,10410961546,10410961601,1,"IOTHUB_CLIENT_CONFIRMATION_OK"
20953,10410961747,10410961816,1,"IOTHUB_CLIENT_CONFIRMATION_OK"
20954,10410961947,10410961992,1,"IOTHUB_CLIENT_CONFIRMATION_OK"
20955,10410962147,10410962201,1,"IOTHUB_CLIENT_CONFIRMATION_OK"
20956,10410962347,10410962579,1,"IOTHUB_CLIENT_CONFIRMATION_OK"
20957,10410962547,10410962606,1,"IOTHUB_CLIENT_CONFIRMATION_OK"
20958,10410962747,10410962800,1,"IOTHUB_CLIENT_CONFIRMATION_OK"
20959,10410962948,10410962989,1,"IOTHUB_CLIENT_CONFIRMATION_OK"
20960,10410963148,10410963185,1,"IOTHUB_CLIENT_CONFIRMATION_OK"
20961,10410963348,10410963394,1,"IOTHUB_CLIENT_CONFIRMATION_OK"
20962,10410963548,10410963599,1,"IOTHUB_CLIENT_CONFIRMATION_OK"
20963,10410963748,10410963787,1,"IOTHUB_CLIENT_CONFIRMATION_OK"
20964,10410963948,10410964001,1,"IOTHUB_CLIENT_CONFIRMATION_OK"
20965,10410964149,10410964208,1,"IOTHUB_CLIENT_CONFIRMATION_OK"
20966,10410964349,10410964409,1,"IOTHUB_CLIENT_CONFIRMATION_OK"
20967,10410964549,10410964604,1,"IOTHUB_CLIENT_CONFIRMATION_OK"
20968,10410964749,10410964934,1,"IOTHUB_CLIENT_CONFIRMATION_OK"
20969,10410964949,10410965012,1,"IOTHUB_CLIENT_CONFIRMATION_OK"
20970,10410965149,10410965335,1,"IOTHUB_CLIENT_CONFIRMATION_OK"
20971,10410965350,10410965399,1,"IOTHUB_CLIENT_CONFIRMATION_OK"
20972,10410965550,10410965594,1,"IOTHUB_CLIENT_CONFIRMATION_OK"
20973,10410965750,10410965805,1,"IOTHUB_CLIENT_CONFIRMATION_OK"
20974,10410965950,10410965994,1,"IOTHUB_CLIENT_CONFIRMATION_OK"
20975,10410966150,10410966192,1,"IOTHUB_CLIENT_CONFIRMATION_OK"
20976,10410966350,10410966394,1,"IOTHUB_CLIENT_CONFIRMATION_OK"
20977,10410966550,10410966598,1,"IOTHUB_CLIENT_CONFIRMATION_OK"
20978,10410966751,10410966791,1,"IOTHUB_CLIENT_CONFIRMATION_OK"
20979,10410966951,10410966990,1,"IOTHUB_CLIENT_CONFIRMATION_OK"
20980,10410967151,10410967196,1,"IOTHUB_CLIENT_CONFIRMATION_OK"
20981,10410967351,10410967387,1,"IOTHUB_CLIENT_CONFIRMATION_OK"
20982,10410967551,10410967599,1,"IOTHUB_CLIENT_CONFIRMATION_OK"
20983,10410967751,10410967787,1,"IOTHUB_CLIENT_CONFIRMATION_OK"
20984,10410967952,10410968213,1,"IOTHUB_CLIENT_CONFIRMATION_OK"
20985,10410968152,10410968236,1,"IOTHUB_CLIENT_CONFIRMATION_OK"
20986,10410968352,10410968391,1,"IOTHUB_CLIENT_CONFIRMATION_OK"
20987,10410968552,10410968602,1,"IOTHUB_CLIENT_CONFIRMATION_OK"
20988,10410968752,10410968796,1,"IOTHUB_CLIENT_CONFIRMATION_OK"
20989,10410968952,10410968992,1,"IOTHUB_CLIENT_CONFIRMATION_OK"
20990,10410969153,10410969212,1,"IOTHUB_CLIENT_CONFIRMATION_OK"
20991,10410969353,10410969398,1,"IOTHUB_CLIENT_CONFIRMATION_OK"
20992,10410969553,10410969602,1,"IOTHUB_CLIENT_CONFIRMATION_OK"
20993,10410969753,10410969838,1,"IOTHUB_CLIENT_CONFIRMATION_OK"
20994,10410969953,10410969993,1,"IOTHUB_CLIENT_CONFIRMATION_OK"
20995,10410970153,10410970199,1,"IOTHUB_CLIENT_CONFIRMATION_OK"
20996,10410970354,10410970393,1,"IOTHUB_CLIENT_CONFIRMATION_OK"
20997,10410970554,10410970609,1,"IOTHUB_CLIENT_CONFIRMATION_OK"
20998,10410970754,10410970840,1,"IOTHUB_CLIENT_CONFIRMATION_OK"
20999,10410970954,10410970994,1,"IOTHUB_CLIENT_CONFIRMATION_OK"
21000,10410971154,10410971194,1,"IOTHUB_CLIENT_CONFIRMATION_OK"
21001,10410971354,10410971449,1,"IOTHUB_CLIENT_CONFIRMATION_OK"
21002,10410971554,10410971590,1,"IOTHUB_CLIENT_CONFIRMATION_OK"
21003,10410971755,10410971791,1,"IOTHUB_CLIENT_CONFIRMATION_OK"
21004,10410971955,10410972055,1,"IOTHUB_CLIENT_CONFIRMATION_OK"
21005,10410972155,10410972193,1,"IOTHUB_CLIENT_CONFIRMATION_OK"
21006,10410972355,10410972401,1,"IOTHUB_CLIENT_CONFIRMATION_OK"
21007,10410972555,10410972673,1,"IOTHUB_CLIENT_CONFIRMATION_OK"
21008,10410972755,10410972796,1,"IOTHUB_CLIENT_CONFIRMATION_OK"
21009,10410972955,10410972998,1,"IOTHUB_CLIENT_CONFIRMATION_OK"
21010,10410973156,10410973197,1,"IOTHUB_CLIENT_CONFIRMATION_OK"
21011,10410973356,10410973404,1,"IOTHUB_CLIENT_CONFIRMATION_OK"
21012,10410973556,10410973594,1,"IOTHUB_CLIENT_CONFIRMATION_OK"
21013,10410973756,10410973796,1,"IOTHUB_CLIENT_CONFIRMATION_OK"
21014,10410973956,10410973990,1,"IOTHUB_CLIENT_CONFIRMATION_OK"
21015,10410974156,10410974316,1,"IOTHUB_CLIENT_CONFIRMATION_OK"
21016,10410974357,10410974399,1,"IOTHUB_CLIENT_CONFIRMATION_OK"
21017,10410974557,10410974596,1,"IOTHUB_CLIENT_CONFIRMATION_OK"
21018,10410974757,10410974805,1,"IOTHUB_CLIENT_CONFIRMATION_OK"
21019,10410974957,10410975002,1,"IOTHUB_CLIENT_CONFIRMATION_OK"
21020,10410975157,10410975202,1,"IOTHUB_CLIENT_CONFIRMATION_OK"
21021,10410975357,10410975399,1,"IOTHUB_CLIENT_CONFIRMATION_OK"
21022,10410975558,10410975606,1,"IOTHUB_CLIENT_CONFIRMATION_OK"
21023,10410975758,10410975818,1,"IOTHUB_CLIENT_CONFIRMATION_OK"
21024,10410975958,10410975995,1,"IOTHUB_CLIENT_CONFIRMATION_OK"
21025,10410976158,10410976201,1,"IOTHUB_CLIENT_CONFIRMATION_OK"
21026,10410976358,10410976441,1,"IOTHUB_CLIENT_CONFIRMATION_OK"
21027,10410976558,10410976654,1,"IOTHUB_CLIENT_CONFIRMATION_OK"
21028,10410976759,10410976801,1,"IOTHUB_CLIENT_CONFIRMATION_OK"
21029,10410976959,10410977039,1,"IOTHUB_CLIENT_CONFIRMATION_OK"
21030,10410977159,10410977229,1,"IOTHUB_CLIENT_CONFIRMATION_OK"
21031,10410977359,10410977400,1,"IOTHUB_CLIENT_CONFIRMATION_OK"
21032,10410977559,10410977651,1,"IOTHUB_CLIENT_CONFIRMATION_OK"
21033,10410977759,10410977808,1,"IOTHUB_CLIENT_CONFIRMATION_OK"
21034,10410977959,10410977997,1,"IOTHUB_CLIENT_CONFIRMATION_OK"
21035,10410978160,10410978298,1,"IOTHUB_CLIENT_CONFIRMATION_OK"
21036,10410978360,10410978414,1,"IOTHUB_CLIENT_CONFIRMATION_OK"
21037,10410978560,10410978602,1,"IOTHUB_CLIENT_CONFIRMATION_OK"
21038,10410978760,10410978804,1,"IOTHUB_CLIENT_CONFIRMATION_OK"
21039,10410978960,10410979018,1,"IOTHUB_CLIENT_CONFIRMATION_OK"
21040,10410979160,10410979219,1,"IOTHUB_CLIENT_CONFIRMATION_OK"
21041,10410979361,10410979403,1,"IOTHUB_CLIENT_CONFIRMATION_OK"
21042,10410979561,10410979604,1,"IOTHUB_CLIENT_CONFIRMATION_OK"
21043,10410979761,10410979894,1,"IOTHUB_CLIENT_CONFIRMATION_OK"
21044,10410979961,10410979996,1,"IOTHUB_CLIENT_CONFIRMATION_OK"
21045,10410980161,10410980201,1,"IOTHUB_CLIENT_CONFIRMATION_OK"
21046,10410980361,10410980545,1,"IOTHUB_CLIENT_CONFIRMATION_OK"
21047,10410980562,10410980613,1,"IOTHUB_CLIENT_CONFIRMATION_OK"
21048,10410980762,10410980832,1,"IOTHUB_CLIENT_CONFIRMATION_OK"
21049,10410980962,10410981011,1,"IOTHUB_CLIENT_CONFIRMATION_OK"
21050,10410981162,10410981211,1,"IOTHUB_CLIENT_CONFIRMATION_OK"
21051,10410981362,10410981414,1,"IOTHUB_CLIENT_CONFIRMATION_OK"
21052,10410981562,10410981612,1,"IOTHUB_CLIENT_CONFIRMATION_OK"
21053,10410981762,10410981799,1,"IOTHUB_CLIENT_CONFIRMATION_OK"
21054,10410981963,10410981999,1,"IOTHUB_CLIENT_CONFIRMATION_OK"
21055,10410982163,10410982213,1,"IOTHUB_CLIENT_CONFIRMATION_OK"
21056,10410982363,10410982404,1,"IOTHUB_CLIENT_CONFIRMATION_OK"
21057,10410982563,10410982615,1,"IOTHUB_CLIENT_CONFIRMATION_OK"
21058,10410982763,10410982806,1,"IOTHUB_CLIENT_CONFIRMATION_OK"
21059,10410982963,10410983024,1,"IOTHUB_CLIENT_CONFIRMATION_OK"
21060,10410983164,10410983227,1,"IOTHUB_CLIENT_CONFIRMATION_OK"
21061,10410983364,10410983423,1,"IOTHUB_CLIENT_CONFIRMATION_OK"
21062,10410983564,10410983650,1,"IOTHUB_CLIENT_CONFIRMATION_OK"
21063,10410983764,10410983841,1,"IOTHUB_CLIENT_CONFIRMATION_OK"
21064,10410983964,10410984004,1,"IOTHUB_CLIENT_CONFIRMATION_OK"
21065,10410984164,10410984207,1,"IOTHUB_CLIENT_CONFIRMATION_OK"
21066,10410984365,10410984404,1,"IOTHUB_CLIENT_CONFIRMATION_OK"
21067,10410984565,10410984609,1,"IOTHUB_CLIENT_CONFIRMATION_OK"
21068,10410984765,10410984802,1,"IOTHUB_CLIENT_CONFIRMATION_OK"
21069,10410984965,10410985008,1,"IOTHUB_CLIENT_CONFIRMATION_OK"
21070,10410985165,10410985203,1,"IOTHUB_CLIENT_CONFIRMATION_OK"
21071,10410985365,10410985467,1,"IOTHUB_CLIENT_CONFIRMATION_OK"
21072,10410985565,10410985604,1,"IOTHUB_CLIENT_CONFIRMATION_OK"
21073,10410985766,10410985805,1,"IOTHUB_CLIENT_CONFIRMATION_OK"
21074,10410985966,10410986096,1,"IOTHUB_CLIENT_CONFIRMATION_OK"
21075,10410986166,10410986205,1,"IOTHUB_CLIENT_CONFIRMATION_OK"
21076,10410986366,10410986405,1,"IOTHUB_CLIENT_CONFIRMATION_OK"
21077,10410986566,10410986618,1,"IOTHUB_CLIENT_CONFIRMATION_OK"
21078,10410986766,10410986829,1,"IOTHUB_CLIENT_CONFIRMATION_OK"
21079,10410986967,10410987011,1,"IOTHUB_CLIENT_CONFIRMATION_OK"
21080,10410987167,10410987224,1,"IOTHUB_CLIENT_CONFIRMATION_OK"
21081,10410987367,10410987409,1,"IOTHUB_CLIENT_CONFIRMATION_OK"
21082,10410987567,10410987605,1,"IOTHUB_CLIENT_CONFIRMATION_OK"
21083,10410987767,10410987820,1,"IOTHUB_CLIENT_CONFIRMATION_OK"
21084,10410987967,10410988005,1,"IOTHUB_CLIENT_CONFIRMATION_OK"
21085,10410988167,10410988383,1,"IOTHUB_CLIENT_CONFIRMATION_OK"
21086,10410988368,10410988404,1,"IOTHUB_CLIENT_CONFIRMATION_OK"
21087,10410988568,10410988612,1,"IOTHUB_CLIENT_CONFIRMATION_OK"
21088,10410988768,10410988811,1,"IOTHUB_CLIENT_CONFIRMATION_OK"
21089,10410988968,10410989046,1,"IOTHUB_CLIENT_CONFIRMATION_OK"
21090,10410989168,10410989208,1,"IOTHUB_CLIENT_CONFIRMATION_OK"
21091,10410989368,10410989418,1,"IOTHUB_CLIENT_CONFIRMATION_OK"
21092,10410989569,10410989612,1,"IOTHUB_CLIENT_CONFIRMATION_OK"
21093,10410989769,10410989810,1,"IOTHUB_CLIENT_CONFIRMATION_OK"
21094,10410989969,10410990012,1,"IOTHUB_CLIENT_CONFIRMATION_OK"
21095,10410990169,10410990213,1,"IOTHUB_CLIENT_CONFIRMATION_OK"
21096,10410990369,10410990421,1,"IOTHUB_CLIENT_CONFIRMATION_OK"
21097,10410990569,10410990615,1,"IOTHUB_CLIENT_CONFIRMATION_OK"
21098,10410990770,10410990811,1,"IOTHUB_CLIENT_CONFIRMATION_OK"
21099,10410990970,10410991039,1,"IOTHUB_CLIENT_CONFIRMATION_OK"
21100,10410991170,10410991213,1,"IOTHUB_CLIENT_CONFIRMATION_OK"
21101,10410991370,10410991421,1,"IOTHUB_CLIENT_CONFIRMATION_OK"
21102,10410991570,10410991674,1,"IOTHUB_CLIENT_CONFIRMATION_OK"
21103,10410991770,10410991818,1,"IOTHUB_CLIENT_CONFIRMATION_OK"
21104,10410991970,10410992033,1,"IOTHUB_CLIENT_CONFIRMATION_OK"
21105,10410992171,10410992294,1,"IOTHUB_CLIENT_CONFIRMATION_OK"
21106,10410992371,10410992418,1,"IOTHUB_CLIENT_CONFIRMATION_OK"
21107,10410992571,10410992658,1,"IOTHUB_CLIENT_CONFIRMATION_OK"
21108,10410992771,10410992906,1,"IOTHUB_CLIENT_CONFIRMATION_OK"
21109,10410992971,10410993014,1,"IOTHUB_CLIENT_CONFIRMATION_OK"
21110,10410993171,10410993208,1,"IOTHUB_CLIENT_CONFIRMATION_OK"
21111,10410993372,10410993419,1,"IOTHUB_CLIENT_CONFIRMATION_OK"
21112,10410993572,10410993633,1,"IOTHUB_CLIENT_CONFIRMATION_OK"
21113,10410993772,10410993893,1,"IOTHUB_CLIENT_CONFIRMATION_OK"
21114,10410993972,10410994011,1,"IOTHUB_CLIENT_CONFIRMATION_OK"
21115,10410994172,10410994220,1,"IOTHUB_CLIENT_CONFIRMATION_OK"
21116,10410994372,10410994517,1,"IOTHUB_CLIENT_CONFIRMATION_OK"
21117,10410994572,10410994611,1,"IOTHUB_CLIENT_CONFIRMATION_OK"
21118,10410994773,10410994858,1,"IOTHUB_CLIENT_CONFIRMATION_OK"
21119,10410994973,10410995012,1,"IOTHUB_CLIENT_CONFIRMATION_OK"
21120,10410995173,10410995212,1,"IOTHUB_CLIENT_CONFIRMATION_OK"
21121,10410995373,10410995412,1,"IOTHUB_CLIENT_CONFIRMATION_OK"
21122,10410995573,10410995612,1,"IOTHUB_CLIENT_CONFIRMATION_OK"
21123,10410995773,10410995818,1,"IOTHUB_CLIENT_CONFIRMATION_OK"
21124,10410995974,10410996051,1,"IOTHUB_CLIENT_CONFIRMATION_OK"
21125,10410996174,10410996212,1,"IOTHUB_CLIENT_CONFIRMATION_OK"
21126,10410996374,10410996417,1,"IOTHUB_CLIENT_CONFIRMATION_OK"
21127,10410996574,10410996765,1,"IOTHUB_CLIENT_CONFIRMATION_OK"
21128,10410996774,10410996811,1,"IOTHUB_CLIENT_CONFIRMATION_OK"
21129,10410996974,10410997015,1,"IOTHUB_CLIENT_CONFIRMATION_OK"
21130,10410997175,10410997378,1,"IOTHUB_CLIENT_CONFIRMATION_OK"
21131,10410997375,10410997418,1,"IOTHUB_CLIENT_CONFIRMATION_OK"
21132,10410997575,10410997613,1,"IOTHUB_CLIENT_CONFIRMATION_OK"
21133,10410997775,10410997812,1,"IOTHUB_CLIENT_CONFIRMATION_OK"
21134,10410997975,10410998099,1,"IOTHUB_CLIENT_CONFIRMATION_OK"
21135,10410998175,10410998217,1,"IOTHUB_CLIENT_CONFIRMATION_OK"
21136,10410998375,10410998413,1,"IOTHUB_CLIENT_CONFIRMATION_OK"
21137,10410998576,10410998616,1,"IOTHUB_CLIENT_CONFIRMATION_OK"
21138,10410998776,10410998879,1,"IOTHUB_CLIENT_CONFIRMATION_OK"
21139,10410998976,10410999022,1,"IOTHUB_CLIENT_CONFIRMATION_OK"
21140,10410999176,10410999213,1,"IOTHUB_CLIENT_CONFIRMATION_OK"
21141,10410999376,10410999595,1,"IOTHUB_CLIENT_CONFIRMATION_OK"
21142,10410999576,10410999618,1,"IOTHUB_CLIENT_CONFIRMATION_OK"
21143,10410999777,10410999948,1,"IOTHUB_CLIENT_CONFIRMATION_OK"
21144,10410999977,10411000015,1,"IOTHUB_CLIENT_CONFIRMATION_OK"
21145,10411000177,10411000221,1,"IOTHUB_CLIENT_CONFIRMATION_OK"
21146,10411000377,10411000411,1,"IOTHUB_CLIENT_CONFIRMATION_OK"
21147,10411000577,10411000643,1,"IOTHUB_CLIENT_CONFIRMATION_OK"
21148,10411000777,10411000870,1,"IOTHUB_CLIENT_CONFIRMATION_OK"
21149,10411000978,10411001016,1,"IOTHUB_CLIENT_CONFIRMATION_OK"
21150,10411001178,10411001262,1,"IOTHUB_CLIENT_CONFIRMATION_OK"
21151,10411001378,10411001420,1,"IOTHUB_CLIENT_CONFIRMATION_OK"
21152,10411001578,10411001624,1,"IOTHUB_CLIENT_CONFIRMATION_OK"
21153,10411001778,10411001866,1,"IOTHUB_CLIENT_CONFIRMATION_OK"
21154,10411001978,10411002020,1,"IOTHUB_CLIENT_CONFIRMATION_OK"
21155,10411002178,10411002263,1,"IOTHUB_CLIENT_CONFIRMATION_OK"
21156,10411002379,10411002425,1,"IOTHUB_CLIENT_CONFIRMATION_OK"
21157,10411002579,10411002624,1,"IOTHUB_CLIENT_CONFIRMATION_OK"
21158,10411002779,10411002890,1,"IOTHUB_CLIENT_CONFIRMATION_OK"
21159,10411002979,10411003016,1,"IOTHUB_CLIENT_CONFIRMATION_OK"
21160,10411003179,10411003216,1,"IOTHUB_CLIENT_CONFIRMATION_OK"
21161,10411003379,10411003487,1,"IOTHUB_CLIENT_CONFIRMATION_OK"
21162,10411003580,10411003621,1,"IOTHUB_CLIENT_CONFIRMATION_OK"
21163,10411003780,10411003823,1,"IOTHUB_CLIENT_CONFIRMATION_OK"
21164,10411003980,10411004247,1,"IOTHUB_CLIENT_CONFIRMATION_OK"
21165,10411004180,10411004300,1,"IOTHUB_CLIENT_CONFIRMATION_OK"
21166,10411004380,10411004429,1,"IOTHUB_CLIENT_CONFIRMATION_OK"
21167,10411004580,10411004652,1,"IOTHUB_CLIENT_CONFIRMATION_OK"
21168,10411004781,10411004830,1,"IOTHUB_CLIENT_CONFIRMATION_OK"
21169,10411004981,10411005022,1,"IOTHUB_CLIENT_CONFIRMATION_OK"
21170,10411005181,10411005258,1,"IOTHUB_CLIENT_CONFIRMATION_OK"
21171,10411005381,10411005421,1,"IOTHUB_CLIENT_CONFIRMATION_OK"
21172,10411005581,10411005659,1,"IOTHUB_CLIENT_CONFIRMATION_OK"
21173,10411005781,10411005823,1,"IOTHUB_CLIENT_CONFIRMATION_OK"
21174,10411005981,10411006020,1,"IOTHUB_CLIENT_CONFIRMATION_OK"
21175,10411006182,10411006279,1,"IOTHUB_CLIENT_CONFIRMATION_OK"
21176,10411006382,10411006424,1,"IOTHUB_CLIENT_CONFIRMATION_OK"
21177,10411006582,10411006624,1,"IOTHUB_CLIENT_CONFIRMATION_OK"
21178,10411006782,10411006894,1,"IOTHUB_CLIENT_CONFIRMATION_OK"
21179,10411006982,10411007030,1,"IOTHUB_CLIENT_CONFIRMATION_OK"
21180,10411007182,10411007228,1,"IOTHUB_CLIENT_CONFIRMATION_OK"
21181,10411007383,10411007418,1,"IOTHUB_CLIENT_CONFIRMATION_OK"
21182,10411007583,10411007626,1,"IOTHUB_CLIENT_CONFIRMATION_OK"
21183,10411007783,10411007824,1,"IOTHUB_CLIENT_CONFIRMATION_OK"
21184,10411007983,10411008024,1,"IOTHUB_CLIENT_CONFIRMATION_OK"
21185,10411008183,10411008219,1,"IOTHUB_CLIENT_CONFIRMATION_OK"
21186,10411008383,10411008518,1,"IOTHUB_CLIENT_CONFIRMATION_OK"
21187,10411008584,10411008628,1,"IOTHUB_CLIENT_CONFIRMATION_OK"
21188,10411008784,10411008826,1,"IOTHUB_CLIENT_CONFIRMATION_OK"
21189,10411008984,10411009219,1,"IOTHUB_CLIENT_CONFIRMATION_OK"
21190,10411009184,10411009263,1,"IOTHUB_CLIENT_CONFIRMATION_OK"
21191,10411009384,10411009431,1,"IOTHUB_CLIENT_CONFIRMATION_OK"
21192,10411009584,10411009630,1,"IOTHUB_CLIENT_CONFIRMATION_OK"
21193,10411009784,10411009825,1,"IOTHUB_CLIENT_CONFIRMATION_OK"
21194,10411009985,10411010020,1,"IOTHUB_CLIENT_CONFIRMATION_OK"
21195,10411010185,10411010224,1,"IOTHUB_CLIENT_CONFIRMATION_OK"
21196,10411010385,10411010429,1,"IOTHUB_CLIENT_CONFIRMATION_OK"
21197,10411010585,10411010647,1,"IOTHUB_CLIENT_CONFIRMATION_OK"
21198,10411010785,10411010840,1,"IOTHUB_CLIENT_CONFIRMATION_OK"
21199,10411010985,10411011023,1,"IOTHUB_CLIENT_CONFIRMATION_OK"
21200,10411011186,10411011382,1,"IOTHUB_CLIENT_CONFIRMATION_OK"
21201,10411011386,10411011425,1,"IOTHUB_CLIENT_CONFIRMATION_OK"
21202,10411011586,10411011629,1,"IOTHUB_CLIENT_CONFIRMATION_OK"
21203,10411011786,10411011832,1,"IOTHUB_CLIENT_CONFIRMATION_OK"
21204,10411011986,10411012021,1,"IOTHUB_CLIENT_CONFIRMATION_OK"
21205,10411012186,10411012231,1,"IOTHUB_CLIENT_CONFIRMATION_OK"
21206,10411012387,10411012425,1,"IOTHUB_CLIENT_CONFIRMATION_OK"
21207,10411012587,10411012650,1,"IOTHUB_CLIENT_CONFIRMATION_OK"
21208,10411012787,10411012833,1,"IOTHUB_CLIENT_CONFIRMATION_OK"
21209,10411012987,10411013044,1,"IOTHUB_CLIENT_CONFIRMATION_OK"
21210,10411013187,10411013233,1,"IOTHUB_CLIENT_CONFIRMATION_OK"
21211,10411013387,10411013425,1,"IOTHUB_CLIENT_CONFIRMATION_OK"
21212,10411013587,10411013631,1,"IOTHUB_CLIENT_CONFIRMATION_OK"
21213,10411013788,10411013832,1,"IOTHUB_CLIENT_CONFIRMATION_OK"
21214,10411013988,10411014034,1,"IOTHUB_CLIENT_CONFIRMATION_OK"
21215,10411014188,10411014231,1,"IOTHUB_CLIENT_CONFIRMATION_OK"
21216,10411014388,10411014427,1,"IOTHUB_CLIENT_CONFIRMATION_OK"
21217,10411014588,10411014632,1,"IOTHUB_CLIENT_CONFIRMATION_OK"
21218,10411014788,10411014858,1,"IOTHUB_CLIENT_CONFIRMATION_OK"
21219,10411014989,10411015030,1,"IOTHUB_CLIENT_CONFIRMATION_OK"
21220,10411015189,10411015265,1,"IOTHUB_CLIENT_CONFIRMATION_OK"
21221,10411015389,10411015447,1,"IOTHUB_CLIENT_CONFIRMATION_OK"
21222,10411015589,10411015625,1,"IOTHUB_CLIENT_CONFIRMATION_OK"
21223,10411015789,10411015871,1,"IOTHUB_CLIENT_CONFIRMATION_OK"
21224,10411015989,10411016033,1,"IOTHUB_CLIENT_CONFIRMATION_OK"
21225,10411016190,10411016242,1,"IOTHUB_CLIENT_CONFIRMATION_OK"
21226,10411016390,10411016439,1,"IOTHUB_CLIENT_CONFIRMATION_OK"
21227,10411016590,10411016678,1,"IOTHUB_CLIENT_CONFIRMATION_OK"
21228,10411016790,10411016910,1,"IOTHUB_CLIENT_CONFIRMATION_OK"
21229,10411016990,10411017034,1,"IOTHUB_CLIENT_CONFIRMATION_OK"
21230,10411017190,10411017230,1,"IOTHUB_CLIENT_CONFIRMATION_OK"
21231,10411017390,10411017546,1,"IOTHUB_CLIENT_CONFIRMATION_OK"
21232,10411017591,10411017634,1,"IOTHUB_CLIENT_CONFIRMATION_OK"
21233,10411017791,10411017830,1,"IOTHUB_CLIENT_CONFIRMATION_OK"
21234,10411017991,10411018043,1,"IOTHUB_CLIENT_CONFIRMATION_OK"
21235,10411018191,10411018233,1,"IOTHUB_CLIENT_CONFIRMATION_OK"
21236,10411018391,10411018436,1,"IOTHUB_CLIENT_CONFIRMATION_OK"
21237,10411018591,10411018628,1,"IOTHUB_CLIENT_CONFIRMATION_OK"
21238,10411018792,10411018853,1,"IOTHUB_CLIENT_CONFIRMATION_OK"
21239,10411018992,10411019039,1,"IOTHUB_CLIENT_CONFIRMATION_OK"
21240,10411019192,10411019228,1,"IOTHUB_CLIENT_CONFIRMATION_OK"
21241,10411019392,10411019445,1,"IOTHUB_CLIENT_CONFIRMATION_OK"
21242,10411019592,10411019781,1,"IOTHUB_CLIENT_CONFIRMATION_OK"
21243,10411019792,10411019838,1,"IOTHUB_CLIENT_CONFIRMATION_OK"
21244,10411019993,10411020045,1,"IOTHUB_CLIENT_CONFIRMATION_OK"
21245,10411020193,10411020240,1,"IOTHUB_CLIENT_CONFIRMATION_OK"
21246,10411020393,10411020428,1,"IOTHUB_CLIENT_CONFIRMATION_OK"
21247,10411020593,10411020632,1,"IOTHUB_CLIENT_CONFIRMATION_OK"
21248,10411020793,10411020834,1,"IOTHUB_CLIENT_CONFIRMATION_OK"
21249,10411020993,10411021038,1,"IOTHUB_CLIENT_CONFIRMATION_OK"
21250,10411021194,10411021253,1,"IOTHUB_CLIENT_CONFIRMATION_OK"
21251,10411021394,10411021472,1,"IOTHUB_CLIENT_CONFIRMATION_OK"
21252,10411021594,10411021637,1,"IOTHUB_CLIENT_CONFIRMATION_OK"
21253,10411021794,10411021836,1,"IOTHUB_CLIENT_CONFIRMATION_OK"
21254,10411021994,10411022050,1,"IOTHUB_CLIENT_CONFIRMATION_OK"
21255,10411022194,10411022231,1,"IOTHUB_CLIENT_CONFIRMATION_OK"
21256,10411022395,10411022454,1,"IOTHUB_CLIENT_CONFIRMATION_OK"
21257,10411022595,10411022637,1,"IOTHUB_CLIENT_CONFIRMATION_OK"
21258,10411022795,10411022833,1,"IOTHUB_CLIENT_CONFIRMATION_OK"
21259,10411022995,10411023070,1,"IOTHUB_CLIENT_CONFIRMATION_OK"
21260,10411023195,10411023242,1,"IOTHUB_CLIENT_CONFIRMATION_OK"
21261,10411023395,10411023439,1,"IOTHUB_CLIENT_CONFIRMATION_OK"
21262,10411023595,10411023674,1,"IOTHUB_CLIENT_CONFIRMATION_OK"
21263,10411023796,10411023844,1,"IOTHUB_CLIENT_CONFIRMATION_OK"
21264,10411023996,10411024057,1,"IOTHUB_CLIENT_CONFIRMATION_OK"
21265,10411024196,10411024285,1,"IOTHUB_CLIENT_CONFIRMATION_OK"
21266,10411024396,10411024437,1,"IOTHUB_CLIENT_CONFIRMATION_OK"
21267,10411024596,10411024674,1,"IOTHUB_CLIENT_CONFIRMATION_OK"
21268,10411024796,10411024840,1,"IOTHUB_CLIENT_CONFIRMATION_OK"
21269,10411024997,10411025060,1,"IOTHUB_CLIENT_CONFIRMATION_OK"
21270,10411025197,10411025369,1,"IOTHUB_CLIENT_CONFIRMATION_OK"
21271,10411025397,10411025445,1,"IOTHUB_CLIENT_CONFIRMATION_OK"
21272,10411025597,10411025647,1,"IOTHUB_CLIENT_CONFIRMATION_OK"
21273,10411025797,10411025962,1,"IOTHUB_CLIENT_CONFIRMATION_OK"
21274,10411025997,10411026055,1,"IOTHUB_CLIENT_CONFIRMATION_OK"
21275,10411026198,10411026245,1,"IOTHUB_CLIENT_CONFIRMATION_OK"
21276,10411026398,10411026499,1,"IOTHUB_CLIENT_CONFIRMATION_OK"
21277,10411026598,10411026667,1,"IOTHUB_CLIENT_CONFIRMATION_OK"
21278,10411026798,10411026875,1,"IOTHUB_CLIENT_CONFIRMATION_OK"
21279,10411026998,10411027056,1,"IOTHUB_CLIENT_CONFIRMATION_OK"
21280,10411027198,10411027251,1,"IOTHUB_CLIENT_CONFIRMATION_OK"
21281,10411027398,10411027433,1,"IOTHUB_CLIENT_CONFIRMATION_OK"
21282,10411027599,10411027643,1,"IOTHUB_CLIENT_CONFIRMATION_OK"
21283,10411027799,10411027839,1,"IOTHUB_CLIENT_CONFIRMATION_OK"
21284,10411027999,10411028227,1,"IOTHUB_CLIENT_CONFIRMATION_OK"
21285,10411028199,10411028257,1,"IOTHUB_CLIENT_CONFIRMATION_OK"
21286,10411028399,10411028446,1,"IOTHUB_CLIENT_CONFIRMATION_OK"
21287,10411028599,10411028646,1,"IOTHUB_CLIENT_CONFIRMATION_OK"
21288,10411028800,10411028836,1,"IOTHUB_CLIENT_CONFIRMATION_OK"
21289,10411029000,10411029046,1,"IOTHUB_CLIENT_CONFIRMATION_OK"
21290,10411029200,10411029242,1,"IOTHUB_CLIENT_CONFIRMATION_OK"
21291,10411029400,10411029447,1,"IOTHUB_CLIENT_CONFIRMATION_OK"
21292,10411029600,10411029654,1,"IOTHUB_CLIENT_CONFIRMATION_OK"
21293,10411029800,10411029858,1,"IOTHUB_CLIENT_CONFIRMATION_OK"
21294,10411030000,10411030044,1,"IOTHUB_CLIENT_CONFIRMATION_OK"
21295,10411030201,10411030248,1,"IOTHUB_CLIENT_CONFIRMATION_OK"
21296,10411030401,10411030454,1,"IOTHUB_CLIENT_CONFIRMATION_OK"
21297,10411030601,10411030685,1,"IOTHUB_CLIENT_CONFIRMATION_OK"
21298,10411030801,10411031039,1,"IOTHUB_CLIENT_CONFIRMATION_OK"
21299,10411031001,10411031065,1,"IOTHUB_CLIENT_CONFIRMATION_OK"
21300,10411031201,10411031256,1,"IOTHUB_CLIENT_CONFIRMATION_OK"
21301,10411031402,10411031448,1,"IOTHUB_CLIENT_CONFIRMATION_OK"
21302,10411031602,10411031655,1,"IOTHUB_CLIENT_CONFIRMATION_OK"
21303,10411031802,10411031845,1,"IOTHUB_CLIENT_CONFIRMATION_OK"
21304,10411032002,10411032049,1,"IOTHUB_CLIENT_CONFIRMATION_OK"
21305,10411032202,10411032247,1,"IOTHUB_CLIENT_CONFIRMATION_OK"
21306,10411032402,10411032448,1,"IOTHUB_CLIENT_CONFIRMATION_OK"
21307,10411032603,10411032655,1,"IOTHUB_CLIENT_CONFIRMATION_OK"
21308,10411032803,10411032843,1,"IOTHUB_CLIENT_CONFIRMATION_OK"
21309,10411033003,10411033047,1,"IOTHUB_CLIENT_CONFIRMATION_OK"
21310,10411033203,10411033268,1,"IOTHUB_CLIENT_CONFIRMATION_OK"
21311,10411033403,10411033440,1,"IOTHUB_CLIENT_CONFIRMATION_OK"
21312,10411033603,10411033640,1,"IOTHUB_CLIENT_CONFIRMATION_OK"
21313,10411033804,10411033902,1,"IOTHUB_CLIENT_CONFIRMATION_OK"
21314,10411034004,10411034039,1,"IOTHUB_CLIENT_CONFIRMATION_OK"
21315,10411034204,10411034324,1,"IOTHUB_CLIENT_CONFIRMATION_OK"
21316,10411034404,10411034444,1,"IOTHUB_CLIENT_CONFIRMATION_OK"
21317,10411034604,10411034642,1,"IOTHUB_CLIENT_CONFIRMATION_OK"
21318,10411034804,10411034891,1,"IOTHUB_CLIENT_CONFIRMATION_OK"
21319,10411035004,10411035042,1,"IOTHUB_CLIENT_CONFIRMATION_OK"
21320,10411035205,10411035243,1,"IOTHUB_CLIENT_CONFIRMATION_OK"
21321,10411035405,10411035513,1,"IOTHUB_CLIENT_CONFIRMATION_OK"
21322,10411035605,10411035664,1,"IOTHUB_CLIENT_CONFIRMATION_OK"
21323,10411035805,10411035867,1,"IOTHUB_CLIENT_CONFIRMATION_OK"
21324,10411036005,10411036044,1,"IOTHUB_CLIENT_CONFIRMATION_OK"
21325,10411036205,10411036260,1,"IOTHUB_CLIENT_CONFIRMATION_OK"
21326,10411036405,10411036455,1,"IOTHUB_CLIENT_CONFIRMATION_OK"
21327,10411036606,10411036657,1,"IOTHUB_CLIENT_CONFIRMATION_OK"
21328,10411036806,10411036863,1,"IOTHUB_CLIENT_CONFIRMATION_OK"
21329,10411037006,10411037158,1,"IOTHUB_CLIENT_CONFIRMATION_OK"
21330,10411037206,10411037250,1,"IOTHUB_CLIENT_CONFIRMATION_OK"
21331,10411037406,10411037456,1,"IOTHUB_CLIENT_CONFIRMATION_OK"
21332,10411037606,10411037738,1,"IOTHUB_CLIENT_CONFIRMATION_OK"
21333,10411037807,10411037867,1,"IOTHUB_CLIENT_CONFIRMATION_OK"
21334,10411038007,10411038052,1,"IOTHUB_CLIENT_CONFIRMATION_OK"
21335,10411038207,10411038254,1,"IOTHUB_CLIENT_CONFIRMATION_OK"
21336,10411038407,10411038456,1,"IOTHUB_CLIENT_CONFIRMATION_OK"
21337,10411038607,10411038694,1,"IOTHUB_CLIENT_CONFIRMATION_OK"
21338,10411038807,10411038861,1,"IOTHUB_CLIENT_CONFIRMATION_OK"
21339,10411039008,10411039052,1,"IOTHUB_CLIENT_CONFIRMATION_OK"
21340,10411039208,10411039247,1,"IOTHUB_CLIENT_CONFIRMATION_OK"
21341,10411039408,10411039450,1,"IOTHUB_CLIENT_CONFIRMATION_OK"
21342,10411039608,10411039660,1,"IOTHUB_CLIENT_CONFIRMATION_OK"
21343,10411039808,10411039978,1,"IOTHUB_CLIENT_CONFIRMATION_OK"
21344,10411040008,10411040057,1,"IOTHUB_CLIENT_CONFIRMATION_OK"
21345,10411040209,10411040253,1,"IOTHUB_CLIENT_CONFIRMATION_OK"
21346,10411040409,10411040445,1,"IOTHUB_CLIENT_CONFIRMATION_OK"
21347,10411040609,10411040646,1,"IOTHUB_CLIENT_CONFIRMATION_OK"
21348,10411040809,10411040845,1,"IOTHUB_CLIENT_CONFIRMATION_OK"
21349,10411041009,10411041051,1,"IOTHUB_CLIENT_CONFIRMATION_OK"
21350,10411041209,10411041256,1,"IOTHUB_CLIENT_CONFIRMATION_OK"
21351,10411041410,10411041468,1,"IOTHUB_CLIENT_CONFIRMATION_OK"
21352,10411041610,10411041651,1,"IOTHUB_CLIENT_CONFIRMATION_OK"
21353,10411041810,10411041860,1,"IOTHUB_CLIENT_CONFIRMATION_OK"
21354,10411042010,10411042049,1,"IOTHUB_CLIENT_CONFIRMATION_OK"
21355,10411042210,10411042348,1,"IOTHUB_CLIENT_CONFIRMATION_OK"
21356,10411042410,10411042460,1,"IOTHUB_CLIENT_CONFIRMATION_OK"
21357,10411042610,10411042648,1,"IOTHUB_CLIENT_CONFIRMATION_OK"
21358,10411042811,10411042849,1,"IOTHUB_CLIENT_CONFIRMATION_OK"
21359,10411043011,10411043054,1,"IOTHUB_CLIENT_CONFIRMATION_OK"
21360,10411043211,10411043258,1,"IOTHUB_CLIENT_CONFIRMATION_OK"
21361,10411043411,10411043451,1,"IOTHUB_CLIENT_CONFIRMATION_OK"
21362,10411043611,10411043665,1,"IOTHUB_CLIENT_CONFIRMATION_OK"
21363,10411043811,10411043886,1,"IOTHUB_CLIENT_CONFIRMATION_OK"
21364,10411044012,10411044056,1,"IOTHUB_CLIENT_CONFIRMATION_OK"
21365,10411044212,10411044252,1,"IOTHUB_CLIENT_CONFIRMATION_OK"
21366,10411044412,10411044464,1,"IOTHUB_CLIENT_CONFIRMATION_OK"
21367,10411044612,10411044657,1,"IOTHUB_CLIENT_CONFIRMATION_OK"
21368,10411044812,10411044870,1,"IOTHUB_CLIENT_CONFIRMATION_OK"
21369,10411045012,10411045071,1,"IOTHUB_CLIENT_CONFIRMATION_OK"
21370,10411045213,10411045260,1,"IOTHUB_CLIENT_CONFIRMATION_OK"
21371,10411045413,10411045473,1,"IOTHUB_CLIENT_CONFIRMATION_OK"
21372,10411045613,10411045656,1,"IOTHUB_CLIENT_CONFIRMATION_OK"
21373,10411045813,10411045886,1,"IOTHUB_CLIENT_CONFIRMATION_OK"
21374,10411046013,10411046107,1,"IOTHUB_CLIENT_CONFIRMATION_OK"
21375,10411046213,10411046257,1,"IOTHUB_CLIENT_CONFIRMATION_OK"
21376,10411046414,10411046456,1,"IOTHUB_CLIENT_CONFIRMATION_OK"
21377,10411046614,10411046721,1,"IOTHUB_CLIENT_CONFIRMATION_OK"
21378,10411046814,10411046871,1,"IOTHUB_CLIENT_CONFIRMATION_OK"
21379,10411047014,10411047059,1,"IOTHUB_CLIENT_CONFIRMATION_OK"
21380,10411047214,10411047300,1,"IOTHUB_CLIENT_CONFIRMATION_OK"
21381,10411047414,10411047480,1,"IOTHUB_CLIENT_CONFIRMATION_OK"
21382,10411047614,10411047670,1,"IOTHUB_CLIENT_CONFIRMATION_OK"
21383,10411047815,10411047863,1,"IOTHUB_CLIENT_CONFIRMATION_OK"
21384,10411048015,10411048058,1,"IOTHUB_CLIENT_CONFIRMATION_OK"
21385,10411048215,10411048331,1,"IOTHUB_CLIENT_CONFIRMATION_OK"
21386,10411048415,10411048468,1,"IOTHUB_CLIENT_CONFIRMATION_OK"
21387,10411048615,10411048653,1,"IOTHUB_CLIENT_CONFIRMATION_OK"
21388,10411048815,10411048949,1,"IOTHUB_CLIENT_CONFIRMATION_OK"
21389,10411049016,10411049052,1,"IOTHUB_CLIENT_CONFIRMATION_OK"
21390,10411049216,10411049260,1,"IOTHUB_CLIENT_CONFIRMATION_OK"
21391,10411049416,10411049465,1,"IOTHUB_CLIENT_CONFIRMATION_OK"
21392,10411049616,10411049662,1,"IOTHUB_CLIENT_CONFIRMATION_OK"
21393,10411049816,10411049929,1,"IOTHUB_CLIENT_CONFIRMATION_OK"
21394,10411050016,10411050058,1,"IOTHUB_CLIENT_CONFIRMATION_OK"
21395,10411050217,10411050272,1,"IOTHUB_CLIENT_CONFIRMATION_OK"
21396,10411050417,10411050459,1,"IOTHUB_CLIENT_CONFIRMATION_OK"
21397,10411050617,10411050681,1,"IOTHUB_CLIENT_CONFIRMATION_OK"
21398,10411050817,10411050854,1,"IOTHUB_CLIENT_CONFIRMATION_OK"
21399,10411051017,10411051064,1,"IOTHUB_CLIENT_CONFIRMATION_OK"
21400,10411051217,10411051262,1,"IOTHUB_CLIENT_CONFIRMATION_OK"
21401,10411051417,10411051470,1,"IOTHUB_CLIENT_CONFIRMATION_OK"
21402,10411051618,10411051678,1,"IOTHUB_CLIENT_CONFIRMATION_OK"
21403,10411051818,10411051863,1,"IOTHUB_CLIENT_CONFIRMATION_OK"
21404,10411052018,10411052068,1,"IOTHUB_CLIENT_CONFIRMATION_OK"
21405,10411052218,10411052286,1,"IOTHUB_CLIENT_CONFIRMATION_OK"
21406,10411052418,10411052459,1,"IOTHUB_CLIENT_CONFIRMATION_OK"
21407,10411052618,10411052673,1,"IOTHUB_CLIENT_CONFIRMATION_OK"
21408,10411052819,10411052924,1,"IOTHUB_CLIENT_CONFIRMATION_OK"
21409,10411053019,10411053061,1,"IOTHUB_CLIENT_CONFIRMATION_OK"
21410,10411053219,10411053274,1,"IOTHUB_CLIENT_CONFIRMATION_OK"
21411,10411053419,10411053451,1,"IOTHUB_CLIENT_CONFIRMATION_OK"
21412,10411053619,10411053657,1,"IOTHUB_CLIENT_CONFIRMATION_OK"
21413,10411053819,10411053925,1,"IOTHUB_CLIENT_CONFIRMATION_OK"
21414,10411054019,10411054068,1,"IOTHUB_CLIENT_CONFIRMATION_OK"
21415,10411054220,10411054265,1,"IOTHUB_CLIENT_CONFIRMATION_OK"
21416,10411054420,10411054536,1,"IOTHUB_CLIENT_CONFIRMATION_OK"
21417,10411054620,10411054663,1,"IOTHUB_CLIENT_CONFIRMATION_OK"
21418,10411054820,10411054980,1,"IOTHUB_CLIENT_CONFIRMATION_OK"
21419,10411055020,10411055167,1,"IOTHUB_CLIENT_CONFIRMATION_OK"
21420,10411055220,10411055274,1,"IOTHUB_CLIENT_CONFIRMATION_OK"
21421,10411055421,10411055464,1,"IOTHUB_CLIENT_CONFIRMATION_OK"
21422,10411055621,10411055673,1,"IOTHUB_CLIENT_CONFIRMATION_OK"
21423,10411055821,10411055861,1,"IOTHUB_CLIENT_CONFIRMATION_OK"
21424,10411056021,10411056064,1,"IOTHUB_CLIENT_CONFIRMATION_OK"
21425,10411056221,10411056272,1,"IOTHUB_CLIENT_CONFIRMATION_OK"
21426,10411056421,10411056506,1,"IOTHUB_CLIENT_CONFIRMATION_OK"
21427,10411056622,10411056804,1,"IOTHUB_CLIENT_CONFIRMATION_OK"
21428,10411056822,10411056870,1,"IOTHUB_CLIENT_CONFIRMATION_OK"
21429,10411057022,10411057072,1,"IOTHUB_CLIENT_CONFIRMATION_OK"
21430,10411057222,10411057265,1,"IOTHUB_CLIENT_CONFIRMATION_OK"
21431,10411057422,10411057482,1,"IOTHUB_CLIENT_CONFIRMATION_OK"
21432,10411057622,10411057662,1,"IOTHUB_CLIENT_CONFIRMATION_OK"
21433,10411057822,10411057870,1,"IOTHUB_CLIENT_CONFIRMATION_OK"
21434,10411058023,10411058072,1,"IOTHUB_CLIENT_CONFIRMATION_OK"
21435,10411058223,10411058308,1,"IOTHUB_CLIENT_CONFIRMATION_OK"
21436,10411058423,10411058477,1,"IOTHUB_CLIENT_CONFIRMATION_OK"
21437,10411058623,10411058672,1,"IOTHUB_CLIENT_CONFIRMATION_OK"
21438,10411058823,10411058862,1,"IOTHUB_CLIENT_CONFIRMATION_OK"
21439,10411059023,10411059065,1,"IOTHUB_CLIENT_CONFIRMATION_OK"
21440,10411059224,10411059269,1,"IOTHUB_CLIENT_CONFIRMATION_OK"
21441,10411059424,10411059663,1,"IOTHUB_CLIENT_CONFIRMATION_OK"
21442,10411059624,10411059702,1,"IOTHUB_CLIENT_CONFIRMATION_OK"
21443,10411059824,10411059939,1,"IOTHUB_CLIENT_CONFIRMATION_OK"
21444,10411060024,10411060150,1,"IOTHUB_CLIENT_CONFIRMATION_OK"
21445,10411060225,10411060278,1,"IOTHUB_CLIENT_CONFIRMATION_OK"
21446,10411060425,10411060494,1,"IOTHUB_CLIENT_CONFIRMATION_OK"
21447,10411060625,10411060815,1,"IOTHUB_CLIENT_CONFIRMATION_OK"
21448,10411060825,10411060875,1,"IOTHUB_CLIENT_CONFIRMATION_OK"
21449,10411061025,10411061073,1,"IOTHUB_CLIENT_CONFIRMATION_OK"
21450,10411061225,10411061269,1,"IOTHUB_CLIENT_CONFIRMATION_OK"
21451,10411061425,10411061463,1,"IOTHUB_CLIENT_CONFIRMATION_OK"
21452,10411061626,10411061692,1,"IOTHUB_CLIENT_CONFIRMATION_OK"
21453,10411061826,10411061865,1,"IOTHUB_CLIENT_CONFIRMATION_OK"
21454,10411062026,10411062069,1,"IOTHUB_CLIENT_CONFIRMATION_OK"
21455,10411062226,10411062399,1,"IOTHUB_CLIENT_CONFIRMATION_OK"
21456,10411062426,10411062466,1,"IOTHUB_CLIENT_CONFIRMATION_OK"
21457,10411062626,10411062698,1,"IOTHUB_CLIENT_CONFIRMATION_OK"
21458,10411062827,10411062878,1,"IOTHUB_CLIENT_CONFIRMATION_OK"
21459,10411063027,10411063073,1,"IOTHUB_CLIENT_CONFIRMATION_OK"
21460,10411063227,10411063270,1,"IOTHUB_CLIENT_CONFIRMATION_OK"
21461,10411063427,10411063461,1,"IOTHUB_CLIENT_CONFIRMATION_OK"
21462,10411063627,10411063666,1,"IOTHUB_CLIENT_CONFIRMATION_OK"
21463,10411063827,10411063865,1,"IOTHUB_CLIENT_CONFIRMATION_OK"
21464,10411064028,10411064071,1,"IOTHUB_CLIENT_CONFIRMATION_OK"
21465,10411064228,10411064277,1,"IOTHUB_CLIENT_CONFIRMATION_OK"
21466,10411064428,10411064479,1,"IOTHUB_CLIENT_CONFIRMATION_OK"
21467,10411064628,10411064668,1,"IOTHUB_CLIENT_CONFIRMATION_OK"
21468,10411064828,10411064876,1,"IOTHUB_CLIENT_CONFIRMATION_OK"
21469,10411065028,10411065148,1,"IOTHUB_CLIENT_CONFIRMATION_OK"
21470,10411065229,10411065273,1,"IOTHUB_CLIENT_CONFIRMATION_OK"
21471,10411065429,10411065472,1,"IOTHUB_CLIENT_CONFIRMATION_OK"
21472,10411065629,10411065779,1,"IOTHUB_CLIENT_CONFIRMATION_OK"
21473,10411065829,10411065866,1,"IOTHUB_CLIENT_CONFIRMATION_OK"
21474,10411066029,10411066081,1,"IOTHUB_CLIENT_CONFIRMATION_OK"
21475,10411066229,10411066363,1,"IOTHUB_CLIENT_CONFIRMATION_OK"
21476,10411066430,10411066486,1,"IOTHUB_CLIENT_CONFIRMATION_OK"
21477,10411066630,10411066676,1,"IOTHUB_CLIENT_CONFIRMATION_OK"
21478,10411066830,10411066869,1,"IOTHUB_CLIENT_CONFIRMATION_OK"
21479,10411067030,10411067068,1,"IOTHUB_CLIENT_CONFIRMATION_OK"
21480,10411067230,10411067280,1,"IOTHUB_CLIENT_CONFIRMATION_OK"
21481,10411067430,10411067468,1,"IOTHUB_CLIENT_CONFIRMATION_OK"
21482,10411067631,10411067667,1,"IOTHUB_CLIENT_CONFIRMATION_OK"
21483,10411067831,10411067908,1,"IOTHUB_CLIENT_CONFIRMATION_OK"
21484,10411068031,10411068089,1,"IOTHUB_CLIENT_CONFIRMATION_OK"
21485,10411068231,10411068290,1,"IOTHUB_CLIENT_CONFIRMATION_OK"
21486,10411068431,10411068623,1,"IOTHUB_CLIENT_CONFIRMATION_OK"
21487,10411068632,10411068676,1,"IOTHUB_CLIENT_CONFIRMATION_OK"
21488,10411068832,10411068874,1,"IOTHUB_CLIENT_CONFIRMATION_OK"
21489,10411069032,10411069073,1,"IOTHUB_CLIENT_CONFIRMATION_OK"
21490,10411069232,10411069283,1,"IOTHUB_CLIENT_CONFIRMATION_OK"
21491,10411069432,10411069471,1,"IOTHUB_CLIENT_CONFIRMATION_OK"
21492,10411069632,10411069669,1,"IOTHUB_CLIENT_CONFIRMATION_OK"
21493,10411069833,10411069875,1,"IOTHUB_CLIENT_CONFIRMATION_OK"
21494,10411070033,10411070080,1,"IOTHUB_CLIENT_CONFIRMATION_OK"
21495,10411070233,10411070271,1,"IOTHUB_CLIENT_CONFIRMATION_OK"
21496,10411070433,10411070476,1,"IOTHUB_CLIENT_CONFIRMATION_OK"
21497,10411070633,10411070681,1,"IOTHUB_CLIENT_CONFIRMATION_OK"
21498,10411070833,10411070885,1,"IOTHUB_CLIENT_CONFIRMATION_OK"
21499,10411071033,10411071085,1,"IOTHUB_CLIENT_CONFIRMATION_OK"
21500,10411071234,10411071284,1,"IOTHUB_CLIENT_CONFIRMATION_OK"
21501,10411071434,10411071480,1,"IOTHUB_CLIENT_CONFIRMATION_OK"
21502,10411071634,10411071679,1,"IOTHUB_CLIENT_CONFIRMATION_OK"
21503,10411071834,10411071877,1,"IOTHUB_CLIENT_CONFIRMATION_OK"
21504,10411072034,10411072079,1,"IOTHUB_CLIENT_CONFIRMATION_OK"
21505,10411072234,10411072300,1,"IOTHUB_CLIENT_CONFIRMATION_OK"
21506,10411072435,10411072496,1,"IOTHUB_CLIENT_CONFIRMATION_OK"
21507,10411072635,10411072672,1,"IOTHUB_CLIENT_CONFIRMATION_OK"
21508,10411072835,10411072876,1,"IOTHUB_CLIENT_CONFIRMATION_OK"
21509,10411073035,10411073083,1,"IOTHUB_CLIENT_CONFIRMATION_OK"
21510,10411073235,10411073273,1,"IOTHUB_CLIENT_CONFIRMATION_OK"
21511,10411073435,10411073483,1,"IOTHUB_CLIENT_CONFIRMATION_OK"
21512,10411073636,10411073689,1,"IOTHUB_CLIENT_CONFIRMATION_OK"
21513,10411073836,10411073880,1,"IOTHUB_CLIENT_CONFIRMATION_OK"
21514,10411074036,10411074114,1,"IOTHUB_CLIENT_CONFIRMATION_OK"
21515,10411074236,10411074274,1,"IOTHUB_CLIENT_CONFIRMATION_OK"
21516,10411074436,10411074474,1,"IOTHUB_CLIENT_CONFIRMATION_OK"
21517,10411074636,10411074732,1,"IOTHUB_CLIENT_CONFIRMATION_OK"
21518,10411074836,10411074875,1,"IOTHUB_CLIENT_CONFIRMATION_OK"
21519,10411075037,10411075072,1,"IOTHUB_CLIENT_CONFIRMATION_OK"
21520,10411075237,10411075358,1,"IOTHUB_CLIENT_CONFIRMATION_OK"
21521,10411075437,10411075483,1,"IOTHUB_CLIENT_CONFIRMATION_OK"
21522,10411075637,10411075674,1,"IOTHUB_CLIENT_CONFIRMATION_OK"
21523,10411075837,10411075886,1,"IOTHUB_CLIENT_CONFIRMATION_OK"
21524,10411076037,10411076079,1,"IOTHUB_CLIENT_CONFIRMATION_OK"
21525,10411076238,10411076288,1,"IOTHUB_CLIENT_CONFIRMATION_OK"
21526,10411076438,10411076476,1,"IOTHUB_CLIENT_CONFIRMATION_OK"
21527,10411076638,10411076708,1,"IOTHUB_CLIENT_CONFIRMATION_OK"
21528,10411076838,10411076962,1,"IOTHUB_CLIENT_CONFIRMATION_OK"
21529,10411077038,10411077075,1,"IOTHUB_CLIENT_CONFIRMATION_OK"
21530,10411077238,10411077306,1,"IOTHUB_CLIENT_CONFIRMATION_OK"
21531,10411077439,10411077582,1,"IOTHUB_CLIENT_CONFIRMATION_OK"
21532,10411077639,10411077678,1,"IOTHUB_CLIENT_CONFIRMATION_OK"
21533,10411077839,10411077880,1,"IOTHUB_CLIENT_CONFIRMATION_OK"
21534,10411078039,10411078074,1,"IOTHUB_CLIENT_CONFIRMATION_OK"
21535,10411078239,10411078279,1,"IOTHUB_CLIENT_CONFIRMATION_OK"
21536,10411078439,10411078480,1,"IOTHUB_CLIENT_CONFIRMATION_OK"
21537,10411078640,10411078680,1,"IOTHUB_CLIENT_CONFIRMATION_OK"
21538,10411078840,10411078879,1,"IOTHUB_CLIENT_CONFIRMATION_OK"
21539,10411079040,10411079086,1,"IOTHUB_CLIENT_CONFIRMATION_OK"
21540,10411079240,10411079295,1,"IOTHUB_CLIENT_CONFIRMATION_OK"
21541,10411079440,10411079480,1,"IOTHUB_CLIENT_CONFIRMATION_OK"
21542,10411079640,10411079695,1,"IOTHUB_CLIENT_CONFIRMATION_OK"
21543,10411079840,10411079881,1,"IOTHUB_CLIENT_CONFIRMATION_OK"
21544,10411080041,10411080080,1,"IOTHUB_CLIENT_CONFIRMATION_OK"
21545,10411080241,10411080309,1,"IOTHUB_CLIENT_CONFIRMATION_OK"
21546,10411080441,10411080473,1,"IOTHUB_CLIENT_CONFIRMATION_OK"
21547,10411080641,10411080679,1,"IOTHUB_CLIENT_CONFIRMATION_OK"
21548,10411080841,10411080945,1,"IOTHUB_CLIENT_CONFIRMATION_OK"
21549,10411081041,10411081083,1,"IOTHUB_CLIENT_CONFIRMATION_OK"
21550,10411081242,10411081281,1,"IOTHUB_CLIENT_CONFIRMATION_OK"
21551,10411081442,10411081526,1,"IOTHUB_CLIENT_CONFIRMATION_OK"
21552,10411081642,10411081707,1,"IOTHUB_CLIENT_CONFIRMATION_OK"
21553,10411081842,10411081879,1,"IOTHUB_CLIENT_CONFIRMATION_OK"
21554,10411082042,10411082083,1,"IOTHUB_CLIENT_CONFIRMATION_OK"
21555,10411082242,10411082279,1,"IOTHUB_CLIENT_CONFIRMATION_OK"
21556,10411082443,10411082537,1,"IOTHUB_CLIENT_CONFIRMATION_OK"
21557,10411082643,10411082687,1,"IOTHUB_CLIENT_CONFIRMATION_OK"
21558,10411082843,10411082900,1,"IOTHUB_CLIENT_CONFIRMATION_OK"
21559,10411083043,10411083157,1,"IOTHUB_CLIENT_CONFIRMATION_OK"
21560,10411083243,10411083282,1,"IOTHUB_CLIENT_CONFIRMATION_OK"
21561,10411083443,10411083517,1,"IOTHUB_CLIENT_CONFIRMATION_OK"
21562,10411083643,10411083769,1,"IOTHUB_CLIENT_CONFIRMATION_OK"
21563,10411083844,10411083892,1,"IOTHUB_CLIENT_CONFIRMATION_OK"
21564,10411084044,10411084080,1,"IOTHUB_CLIENT_CONFIRMATION_OK"
21565,10411084244,10411084299,1,"IOTHUB_CLIENT_CONFIRMATION_OK"
21566,10411084444,10411084494,1,"IOTHUB_CLIENT_CONFIRMATION_OK"
21567,10411084644,10411084683,1,"IOTHUB_CLIENT_CONFIRMATION_OK"
21568,10411084844,10411084911,1,"IOTHUB_CLIENT_CONFIRMATION_OK"
21569,10411085045,10411085117,1,"IOTHUB_CLIENT_CONFIRMATION_OK"
21570,10411085245,10411085414,1,"IOTHUB_CLIENT_CONFIRMATION_OK"
21571,10411085445,10411085490,1,"IOTHUB_CLIENT_CONFIRMATION_OK"
21572,10411085645,10411085696,1,"IOTHUB_CLIENT_CONFIRMATION_OK"
21573,10411085845,10411086024,1,"IOTHUB_CLIENT_CONFIRMATION_OK"
21574,10411086045,10411086083,1,"IOTHUB_CLIENT_CONFIRMATION_OK"
21575,10411086246,10411086312,1,"IOTHUB_CLIENT_CONFIRMATION_OK"
21576,10411086446,10411086487,1,"IOTHUB_CLIENT_CONFIRMATION_OK"
21577,10411086646,10411086688,1,"IOTHUB_CLIENT_CONFIRMATION_OK"
21578,10411086846,10411086887,1,"IOTHUB_CLIENT_CONFIRMATION_OK"
21579,10411087046,10411087101,1,"IOTHUB_CLIENT_CONFIRMATION_OK"
21580,10411087246,10411087294,1,"IOTHUB_CLIENT_CONFIRMATION_OK"
21581,10411087446,10411087505,1,"IOTHUB_CLIENT_CONFIRMATION_OK"
21582,10411087647,10411087690,1,"IOTHUB_CLIENT_CONFIRMATION_OK"
21583,10411087847,10411087891,1,"IOTHUB_CLIENT_CONFIRMATION_OK"
21584,10411088047,10411088241,1,"IOTHUB_CLIENT_CONFIRMATION_OK"
21585,10411088247,10411088291,1,"IOTHUB_CLIENT_CONFIRMATION_OK"
21586,10411088447,10411088496,1,"IOTHUB_CLIENT_CONFIRMATION_OK"
21587,10411088647,10411088701,1,"IOTHUB_CLIENT_CONFIRMATION_OK"
21588,10411088847,10411088898,1,"IOTHUB_CLIENT_CONFIRMATION_OK"
21589,10411089048,10411089085,1,"IOTHUB_CLIENT_CONFIRMATION_OK"
21590,10411089248,10411089293,1,"IOTHUB_CLIENT_CONFIRMATION_OK"
21591,10411089448,10411089508,1,"IOTHUB_CLIENT_CONFIRMATION_OK"
21592,10411089648,10411089714,1,"IOTHUB_CLIENT_CONFIRMATION_OK"
21593,10411089848,10411089909,1,"IOTHUB_CLIENT_CONFIRMATION_OK"
21594,10411090048,10411090085,1,"IOTHUB_CLIENT_CONFIRMATION_OK"
21595,10411090249,10411090396,1,"IOTHUB_CLIENT_CONFIRMATION_OK"
21596,10411090449,10411090525,1,"IOTHUB_CLIENT_CONFIRMATION_OK"
21597,10411090649,10411090693,1,"IOTHUB_CLIENT_CONFIRMATION_OK"
21598,10411090849,10411090898,1,"IOTHUB_CLIENT_CONFIRMATION_OK"
21599,10411091049,10411091097,1,"IOTHUB_CLIENT_CONFIRMATION_OK"
21600,10411091249,10411091288,1,"IOTHUB_CLIENT_CONFIRMATION_OK"
21601,10411091449,10411091497,1,"IOTHUB_CLIENT_CONFIRMATION_OK"
21602,10411091650,10411091695,1,"IOTHUB_CLIENT_CONFIRMATION_OK"
21603,10411091850,10411091898,1,"IOTHUB_CLIENT_CONFIRMATION_OK"
21604,10411092050,10411092108,1,"IOTHUB_CLIENT_CONFIRMATION_OK"
21605,10411092250,10411092290,1,"IOTHUB_CLIENT_CONFIRMATION_OK"
21606,10411092450,10411092509,1,"IOTHUB_CLIENT_CONFIRMATION_OK"
21607,10411092650,10411092718,1,"IOTHUB_CLIENT_CONFIRMATION_OK"
21608,10411092850,10411092897,1,"IOTHUB_CLIENT_CONFIRMATION_OK"
21609,10411093051,10411093093,1,"IOTHUB_CLIENT_CONFIRMATION_OK"
21610,10411093251,10411093352,1,"IOTHUB_CLIENT_CONFIRMATION_OK"
21611,10411093451,10411093499,1,"IOTHUB_CLIENT_CONFIRMATION_OK"
21612,10411093651,10411093695,1,"IOTHUB_CLIENT_CONFIRMATION_OK"
21613,10411093851,10411093886,1,"IOTHUB_CLIENT_CONFIRMATION_OK"
21614,10411094051,10411094087,1,"IOTHUB_CLIENT_CONFIRMATION_OK"
21615,10411094252,10411094352,1,"IOTHUB_CLIENT_CONFIRMATION_OK"
21616,10411094452,10411094490,1,"IOTHUB_CLIENT_CONFIRMATION_OK"
21617,10411094652,10411094713,1,"IOTHUB_CLIENT_CONFIRMATION_OK"
21618,10411094852,10411094966,1,"IOTHUB_CLIENT_CONFIRMATION_OK"
21619,10411095052,10411095090,1,"IOTHUB_CLIENT_CONFIRMATION_OK"
21620,10411095252,10411095306,1,"IOTHUB_CLIENT_CONFIRMATION_OK"
21621,10411095453,10411095490,1,"IOTHUB_CLIENT_CONFIRMATION_OK"
21622,10411095653,10411095721,1,"IOTHUB_CLIENT_CONFIRMATION_OK"
21623,10411095853,10411095895,1,"IOTHUB_CLIENT_CONFIRMATION_OK"
21624,10411096053,10411096091,1,"IOTHUB_CLIENT_CONFIRMATION_OK"
21625,10411096253,10411096295,1,"IOTHUB_CLIENT_CONFIRMATION_OK"
21626,10411096453,10411096485,1,"IOTHUB_CLIENT_CONFIRMATION_OK"
21627,10411096653,10411096694,1,"IOTHUB_CLIENT_CONFIRMATION_OK"
21628,10411096854,10411096895,1,"IOTHUB_CLIENT_CONFIRMATION_OK"
21629,10411097054,10411097243,1,"IOTHUB_CLIENT_CONFIRMATION_OK"
21630,10411097254,10411097299,1,"IOTHUB_CLIENT_CONFIRMATION_OK"
21631,10411097454,10411097500,1,"IOTHUB_CLIENT_CONFIRMATION_OK"
21632,10411097654,10411097693,1,"IOTHUB_CLIENT_CONFIRMATION_OK"
21633,10411097854,10411097904,1,"IOTHUB_CLIENT_CONFIRMATION_OK"
21634,10411098054,10411098102,1,"IOTHUB_CLIENT_CONFIRMATION_OK"
21635,10411098255,10411098299,1,"IOTHUB_CLIENT_CONFIRMATION_OK"
21636,10411098455,10411098495,1,"IOTHUB_CLIENT_CONFIRMATION_OK"
21637,10411098655,10411098700,1,"IOTHUB_CLIENT_CONFIRMATION_OK"
21638,10411098855,10411098924,1,"IOTHUB_CLIENT_CONFIRMATION_OK"
21639,10411099055,10411099099,1,"IOTHUB_CLIENT_CONFIRMATION_OK"
21640,10411099255,10411099307,1,"IOTHUB_CLIENT_CONFIRMATION_OK"
21641,10411099456,10411099498,1,"IOTHUB_CLIENT_CONFIRMATION_OK"
21642,10411099656,10411099708,1,"IOTHUB_CLIENT_CONFIRMATION_OK"
21643,10411099856,10411099911,1,"IOTHUB_CLIENT_CONFIRMATION_OK"
21644,10411100056,10411100320,1,"IOTHUB_CLIENT_CONFIRMATION_OK"
21645,10411100256,10411100390,1,"IOTHUB_CLIENT_CONFIRMATION_OK"
21646,10411100456,10411100579,1,"IOTHUB_CLIENT_CONFIRMATION_OK"
21647,10411100657,10411100829,1,"IOTHUB_CLIENT_CONFIRMATION_OK"
21648,10411100857,10411100916,1,"IOTHUB_CLIENT_CONFIRMATION_OK"
21649,10411101057,10411101216,1,"IOTHUB_CLIENT_CONFIRMATION_OK"
21650,10411101257,10411101301,1,"IOTHUB_CLIENT_CONFIRMATION_OK"
21651,10411101457,10411101500,1,"IOTHUB_CLIENT_CONFIRMATION_OK"
21652,10411101657,10411101721,1,"IOTHUB_CLIENT_CONFIRMATION_OK"
21653,10411101857,10411101902,1,"IOTHUB_CLIENT_CONFIRMATION_OK"
21654,10411102058,10411102111,1,"IOTHUB_CLIENT_CONFIRMATION_OK"
21655,10411102258,10411102299,1,"IOTHUB_CLIENT_CONFIRMATION_OK"
21656,10411102458,10411102502,1,"IOTHUB_CLIENT_CONFIRMATION_OK"
21657,10411102658,10411102816,1,"IOTHUB_CLIENT_CONFIRMATION_OK"
21658,10411102858,10411102903,1,"IOTHUB_CLIENT_CONFIRMATION_OK"
21659,10411103058,10411103108,1,"IOTHUB_CLIENT_CONFIRMATION_OK"
21660,10411103258,10411103423,1,"IOTHUB_CLIENT_CONFIRMATION_OK"
21661,10411103459,10411103513,1,"IOTHUB_CLIENT_CONFIRMATION_OK"
21662,10411103659,10411103720,1,"IOTHUB_CLIENT_CONFIRMATION_OK"
21663,10411103859,10411103911,1,"IOTHUB_CLIENT_CONFIRMATION_OK"
21664,10411104059,10411104152,1,"IOTHUB_CLIENT_CONFIRMATION_OK"
21665,10411104259,10411104300,1,"IOTHUB_CLIENT_CONFIRMATION_OK"
21666,10411104459,10411104530,1,"IOTHUB_CLIENT_CONFIRMATION_OK"
21667,10411104660,10411104704,1,"IOTHUB_CLIENT_CONFIRMATION_OK"
21668,10411104860,10411104906,1,"IOTHUB_CLIENT_CONFIRMATION_OK"
21669,10411105060,10411105096,1,"IOTHUB_CLIENT_CONFIRMATION_OK"
21670,10411105260,10411105317,1,"IOTHUB_CLIENT_CONFIRMATION_OK"
21671,10411105460,10411105577,1,"IOTHUB_CLIENT_CONFIRMATION_OK"
21672,10411105660,10411105707,1,"IOTHUB_CLIENT_CONFIRMATION_OK"
21673,10411105861,10411105922,1,"IOTHUB_CLIENT_CONFIRMATION_OK"
21674,10411106061,10411106199,1,"IOTHUB_CLIENT_CONFIRMATION_OK"
21675,10411106261,10411106300,1,"IOTHUB_CLIENT_CONFIRMATION_OK"
21676,10411106461,10411106499,1,"IOTHUB_CLIENT_CONFIRMATION_OK"
21677,10411106661,10411106737,1,"IOTHUB_CLIENT_CONFIRMATION_OK"
21678,10411106861,10411106901,1,"IOTHUB_CLIENT_CONFIRMATION_OK"
21679,10411107061,10411107103,1,"IOTHUB_CLIENT_CONFIRMATION_OK"
21680,10411107262,10411107303,1,"IOTHUB_CLIENT_CONFIRMATION_OK"
21681,10411107462,10411107522,1,"IOTHUB_CLIENT_CONFIRMATION_OK"
21682,10411107662,10411107759,1,"IOTHUB_CLIENT_CONFIRMATION_OK"
21683,10411107862,10411107926,1,"IOTHUB_CLIENT_CONFIRMATION_OK"
21684,10411108062,10411108105,1,"IOTHUB_CLIENT_CONFIRMATION_OK"
21685,10411108262,10411108415,1,"IOTHUB_CLIENT_CONFIRMATION_OK"
21686,10411108463,10411108500,1,"IOTHUB_CLIENT_CONFIRMATION_OK"
21687,10411108663,10411108718,1,"IOTHUB_CLIENT_CONFIRMATION_OK"
21688,10411108863,10411109051,1,"IOTHUB_CLIENT_CONFIRMATION_OK"
21689,10411109063,10411109105,1,"IOTHUB_CLIENT_CONFIRMATION_OK"
21690,10411109263,10411109301,1,"IOTHUB_CLIENT_CONFIRMATION_OK"
21691,10411109463,10411109505,1,"IOTHUB_CLIENT_CONFIRMATION_OK"
21692,10411109664,10411109728,1,"IOTHUB_CLIENT_CONFIRMATION_OK"
21693,10411109864,10411109908,1,"IOTHUB_CLIENT_CONFIRMATION_OK"
21694,10411110064,10411110105,1,"IOTHUB_CLIENT_CONFIRMATION_OK"
21695,10411110264,10411110318,1,"IOTHUB_CLIENT_CONFIRMATION_OK"
21696,10411110464,10411110506,1,"IOTHUB_CLIENT_CONFIRMATION_OK"
21697,10411110664,10411110709,1,"IOTHUB_CLIENT_CONFIRMATION_OK"
21698,10411110865,10411110926,1,"IOTHUB_CLIENT_CONFIRMATION_OK"
21699,10411111065,10411111101,1,"IOTHUB_CLIENT_CONFIRMATION_OK"
21700,10411111265,10411111301,1,"IOTHUB_CLIENT_CONFIRMATION_OK"
21701,10411111465,10411111503,1,"IOTHUB_CLIENT_CONFIRMATION_OK"
21702,10411111665,10411111707,1,"IOTHUB_CLIENT_CONFIRMATION_OK"
21703,10411111865,10411111926,1,"IOTHUB_CLIENT_CONFIRMATION_OK"
21704,10411112066,10411112102,1,"IOTHUB_CLIENT_CONFIRMATION_OK"
21705,10411112266,10411112309,1,"IOTHUB_CLIENT_CONFIRMATION_OK"
21706,10411112466,10411112502,1,"IOTHUB_CLIENT_CONFIRMATION_OK"
21707,10411112666,10411112705,1,"IOTHUB_CLIENT_CONFIRMATION_OK"
21708,10411112866,10411112915,1,"IOTHUB_CLIENT_CONFIRMATION_OK"
21709,10411113066,10411113109,1,"IOTHUB_CLIENT_CONFIRMATION_OK"
21710,10411113266,10411113305,1,"IOTHUB_CLIENT_CONFIRMATION_OK"
21711,10411113467,10411113549,1,"IOTHUB_CLIENT_CONFIRMATION_OK"
21712,10411113667,10411113709,1,"IOTHUB_CLIENT_CONFIRMATION_OK"
21713,10411113867,10411113945,1,"IOTHUB_CLIENT_CONFIRMATION_OK"
21714,10411114067,10411114111,1,"IOTHUB_CLIENT_CONFIRMATION_OK"
21715,10411114267,10411114314,1,"IOTHUB_CLIENT_CONFIRMATION_OK"
21716,10411114467,10411114538,1,"IOTHUB_CLIENT_CONFIRMATION_OK"
21717,10411114668,10411114717,1,"IOTHUB_CLIENT_CONFIRMATION_OK"
21718,10411114868,10411114922,1,"IOTHUB_CLIENT_CONFIRMATION_OK"
21719,10411115068,10411115197,1,"IOTHUB_CLIENT_CONFIRMATION_OK"
21720,10411115268,10411115314,1,"IOTHUB_CLIENT_CONFIRMATION_OK"
21721,10411115468,10411115512,1,"IOTHUB_CLIENT_CONFIRMATION_OK"
21722,10411115668,10411115710,1,"IOTHUB_CLIENT_CONFIRMATION_OK"
21723,10411115869,10411115914,1,"IOTHUB_CLIENT_CONFIRMATION_OK"
21724,10411116069,10411116113,1,"IOTHUB_CLIENT_CONFIRMATION_OK"
21725,10411116269,10411116320,1,"IOTHUB_CLIENT_CONFIRMATION_OK"
21726,10411116469,10411116514,1,"IOTHUB_CLIENT_CONFIRMATION_OK"
21727,10411116669,10411116791,1,"IOTHUB_CLIENT_CONFIRMATION_OK"
21728,10411116869,10411116915,1,"IOTHUB_CLIENT_CONFIRMATION_OK"
21729,10411117070,10411117106,1,"IOTHUB_CLIENT_CONFIRMATION_OK"
21730,10411117270,10411117308,1,"IOTHUB_CLIENT_CONFIRMATION_OK"
21731,10411117470,10411117515,1,"IOTHUB_CLIENT_CONFIRMATION_OK"
21732,10411117670,10411117709,1,"IOTHUB_CLIENT_CONFIRMATION_OK"
21733,10411117870,10411117933,1,"IOTHUB_CLIENT_CONFIRMATION_OK"
21734,10411118070,10411118114,1,"IOTHUB_CLIENT_CONFIRMATION_OK"
21735,10411118271,10411118308,1,"IOTHUB_CLIENT_CONFIRMATION_OK"
21736,10411118471,10411118543,1,"IOTHUB_CLIENT_CONFIRMATION_OK"
21737,10411118671,10411118706,1,"IOTHUB_CLIENT_CONFIRMATION_OK"
21738,10411118871,10411118913,1,"IOTHUB_CLIENT_CONFIRMATION_OK"
21739,10411119071,10411119123,1,"IOTHUB_CLIENT_CONFIRMATION_OK"
21740,10411119271,10411119311,1,"IOTHUB_CLIENT_CONFIRMATION_OK"
21741,10411119472,10411119540,1,"IOTHUB_CLIENT_CONFIRMATION_OK"
21742,10411119672,10411119706,1,"IOTHUB_CLIENT_CONFIRMATION_OK"
21743,10411119872,10411119919,1,"IOTHUB_CLIENT_CONFIRMATION_OK"
21744,10411120072,10411120140,1,"IOTHUB_CLIENT_CONFIRMATION_OK"
21745,10411120272,10411120314,1,"IOTHUB_CLIENT_CONFIRMATION_OK"
21746,10411120472,10411120517,1,"IOTHUB_CLIENT_CONFIRMATION_OK"
21747,10411120672,10411120754,1,"IOTHUB_CLIENT_CONFIRMATION_OK"
21748,10411120873,10411120911,1,"IOTHUB_CLIENT_CONFIRMATION_OK"
21749,10411121073,10411121155,1,"IOTHUB_CLIENT_CONFIRMATION_OK"
21750,10411121273,10411121379,1,"IOTHUB_CLIENT_CONFIRMATION_OK"
21751,10411121473,10411121527,1,"IOTHUB_CLIENT_CONFIRMATION_OK"
21752,10411121673,10411121708,1,"IOTHUB_CLIENT_CONFIRMATION_OK"
21753,10411121873,10411121919,1,"IOTHUB_CLIENT_CONFIRMATION_OK"
21754,10411122074,10411122114,1,"IOTHUB_CLIENT_CONFIRMATION_OK"
21755,10411122274,10411122375,1,"IOTHUB_CLIENT_CONFIRMATION_OK"
21756,10411122474,10411122530,1,"IOTHUB_CLIENT_CONFIRMATION_OK"
21757,10411122674,10411122716,1,"IOTHUB_CLIENT_CONFIRMATION_OK"
21758,10411122874,10411123000,1,"IOTHUB_CLIENT_CONFIRMATION_OK"
21759,10411123074,10411123110,1,"IOTHUB_CLIENT_CONFIRMATION_OK"
21760,10411123274,10411123317,1,"IOTHUB_CLIENT_CONFIRMATION_OK"
21761,10411123475,10411123590,1,"IOTHUB_CLIENT_CONFIRMATION_OK"
21762,10411123675,10411123715,1,"IOTHUB_CLIENT_CONFIRMATION_OK"
21763,10411123875,10411123957,1,"IOTHUB_CLIENT_CONFIRMATION_OK"
21764,10411124075,10411124119,1,"IOTHUB_CLIENT_CONFIRMATION_OK"
21765,10411124275,10411124334,1,"IOTHUB_CLIENT_CONFIRMATION_OK"
21766,10411124475,10411124528,1,"IOTHUB_CLIENT_CONFIRMATION_OK"
21767,10411124676,10411124713,1,"IOTHUB_CLIENT_CONFIRMATION_OK"
21768,10411124876,10411124916,1,"IOTHUB_CLIENT_CONFIRMATION_OK"
21769,10411125076,10411125119,1,"IOTHUB_CLIENT_CONFIRMATION_OK"
21770,10411125276,10411125313,1,"IOTHUB_CLIENT_CONFIRMATION_OK"
21771,10411125476,10411125598,1,"IOTHUB_CLIENT_CONFIRMATION_OK"
21772,10411125676,10411125837,1,"IOTHUB_CLIENT_CONFIRMATION_OK"
21773,10411125877,10411125923,1,"IOTHUB_CLIENT_CONFIRMATION_OK"
21774,10411126077,10411126121,1,"IOTHUB_CLIENT_CONFIRMATION_OK"
21775,10411126277,10411126314,1,"IOTHUB_CLIENT_CONFIRMATION_OK"
21776,10411126477,10411126518,1,"IOTHUB_CLIENT_CONFIRMATION_OK"
21777,10411126677,10411126717,1,"IOTHUB_CLIENT_CONFIRMATION_OK"
21778,10411126877,10411126929,1,"IOTHUB_CLIENT_CONFIRMATION_OK"
21779,10411127078,10411127117,1,"IOTHUB_CLIENT_CONFIRMATION_OK"
21780,10411127278,10411127320,1,"IOTHUB_CLIENT_CONFIRMATION_OK"
21781,10411127478,10411127520,1,"IOTHUB_CLIENT_CONFIRMATION_OK"
21782,10411127678,10411127732,1,"IOTHUB_CLIENT_CONFIRMATION_OK"
21783,10411127878,10411127929,1,"IOTHUB_CLIENT_CONFIRMATION_OK"
21784,10411128078,10411128132,1,"IOTHUB_CLIENT_CONFIRMATION_OK"
21785,10411128278,10411128398,1,"IOTHUB_CLIENT_CONFIRMATION_OK"
21786,10411128479,10411128535,1,"IOTHUB_CLIENT_CONFIRMATION_OK"
21787,10411128679,10411128723,1,"IOTHUB_CLIENT_CONFIRMATION_OK"
21788,10411128879,10411128914,1,"IOTHUB_CLIENT_CONFIRMATION_OK"
21789,10411129079,10411129115,1,"IOTHUB_CLIENT_CONFIRMATION_OK"
21790,10411129279,10411129397,1,"IOTHUB_CLIENT_CONFIRMATION_OK"
21791,10411129479,10411129517,1,"IOTHUB_CLIENT_CONFIRMATION_OK"
21792,10411129680,10411129732,1,"IOTHUB_CLIENT_CONFIRMATION_OK"
21793,10411129880,10411129924,1,"IOTHUB_CLIENT_CONFIRMATION_OK"
21794,10411130080,10411130124,1,"IOTHUB_CLIENT_CONFIRMATION_OK"
21795,10411130280,10411130346,1,"IOTHUB_CLIENT_CONFIRMATION_OK"
21796,10411130480,10411130522,1,"IOTHUB_CLIENT_CONFIRMATION_OK"
21797,10411130680,10411130726,1,"IOTHUB_CLIENT_CONFIRMATION_OK"
21798,10411130881,10411130933,1,"IOTHUB_CLIENT_CONFIRMATION_OK"
21799,10411131081,10411131115,1,"IOTHUB_CLIENT_CONFIRMATION_OK"
21800,10411131281,10411131384,1,"IOTHUB_CLIENT_CONFIRMATION_OK"
21801,10411131481,10411131519,1,"IOTHUB_CLIENT_CONFIRMATION_OK"
21802,10411131681,10411131748,1,"IOTHUB_CLIENT_CONFIRMATION_OK"
21803,10411131881,10411131968,1,"IOTHUB_CLIENT_CONFIRMATION_OK"
21804,10411132081,10411132152,1,"IOTHUB_CLIENT_CONFIRMATION_OK"
21805,10411132282,10411132339,1,"IOTHUB_CLIENT_CONFIRMATION_OK"
21806,10411132482,10411132580,1,"IOTHUB_CLIENT_CONFIRMATION_OK"
21807,10411132682,10411132731,1,"IOTHUB_CLIENT_CONFIRMATION_OK"
21808,10411132882,10411132924,1,"IOTHUB_CLIENT_CONFIRMATION_OK"
21809,10411133082,10411133124,1,"IOTHUB_CLIENT_CONFIRMATION_OK"
21810,10411133282,10411133353,1,"IOTHUB_CLIENT_CONFIRMATION_OK"
21811,10411133483,10411133545,1,"IOTHUB_CLIENT_CONFIRMATION_OK"
21812,10411133683,10411133722,1,"IOTHUB_CLIENT_CONFIRMATION_OK"
21813,10411133883,10411133930,1,"IOTHUB_CLIENT_CONFIRMATION_OK"
21814,10411134083,10411134335,1,"IOTHUB_CLIENT_CONFIRMATION_OK"
21815,10411134283,10411134358,1,"IOTHUB_CLIENT_CONFIRMATION_OK"
21816,10411134483,10411134526,1,"IOTHUB_CLIENT_CONFIRMATION_OK"
21817,10411134684,10411134758,1,"IOTHUB_CLIENT_CONFIRMATION_OK"
21818,10411134884,10411134924,1,"IOTHUB_CLIENT_CONFIRMATION_OK"
21819,10411135084,10411135126,1,"IOTHUB_CLIENT_CONFIRMATION_OK"
21820,10411135284,10411135377,1,"IOTHUB_CLIENT_CONFIRMATION_OK"
21821,10411135484,10411135528,1,"IOTHUB_CLIENT_CONFIRMATION_OK"
21822,10411135684,10411135744,1,"IOTHUB_CLIENT_CONFIRMATION_OK"
21823,10411135884,10411135929,1,"IOTHUB_CLIENT_CONFIRMATION_OK"
21824,10411136085,10411136127,1,"IOTHUB_CLIENT_CONFIRMATION_OK"
21825,10411136285,10411136332,1,"IOTHUB_CLIENT_CONFIRMATION_OK"
21826,10411136485,10411136525,1,"IOTHUB_CLIENT_CONFIRMATION_OK"
21827,10411136685,10411136725,1,"IOTHUB_CLIENT_CONFIRMATION_OK"
21828,10411136885,10411137011,1,"IOTHUB_CLIENT_CONFIRMATION_OK"
21829,10411137085,10411137130,1,"IOTHUB_CLIENT_CONFIRMATION_OK"
21830,10411137286,10411137322,1,"IOTHUB_CLIENT_CONFIRMATION_OK"
21831,10411137486,10411137628,1,"IOTHUB_CLIENT_CONFIRMATION_OK"
21832,10411137686,10411137722,1,"IOTHUB_CLIENT_CONFIRMATION_OK"
21833,10411137886,10411137925,1,"IOTHUB_CLIENT_CONFIRMATION_OK"
21834,10411138086,10411138154,1,"IOTHUB_CLIENT_CONFIRMATION_OK"
21835,10411138286,10411138403,1,"IOTHUB_CLIENT_CONFIRMATION_OK"
21836,10411138486,10411138541,1,"IOTHUB_CLIENT_CONFIRMATION_OK"
21837,10411138687,10411138755,1,"IOTHUB_CLIENT_CONFIRMATION_OK"
21838,10411138887,10411138930,1,"IOTHUB_CLIENT_CONFIRMATION_OK"
21839,10411139087,10411139126,1,"IOTHUB_CLIENT_CONFIRMATION_OK"
21840,10411139287,10411139443,1,"IOTHUB_CLIENT_CONFIRMATION_OK"
21841,10411139487,10411139534,1,"IOTHUB_CLIENT_CONFIRMATION_OK"
21842,10411139687,10411139872,1,"IOTHUB_CLIENT_CONFIRMATION_OK"
21843,10411139888,10411139928,1,"IOTHUB_CLIENT_CONFIRMATION_OK"
21844,10411140088,10411140186,1,"IOTHUB_CLIENT_CONFIRMATION_OK"
21845,10411140288,10411140327,1,"IOTHUB_CLIENT_CONFIRMATION_OK"
21846,10411140488,10411140524,1,"IOTHUB_CLIENT_CONFIRMATION_OK"
21847,10411140688,10411140742,1,"IOTHUB_CLIENT_CONFIRMATION_OK"
21848,10411140888,10411140951,1,"IOTHUB_CLIENT_CONFIRMATION_OK"
21849,10411141088,10411141128,1,"IOTHUB_CLIENT_CONFIRMATION_OK"
21850,10411141289,10411141331,1,"IOTHUB_CLIENT_CONFIRMATION_OK"
21851,10411141489,10411141567,1,"IOTHUB_CLIENT_CONFIRMATION_OK"
21852,10411141689,10411141738,1,"IOTHUB_CLIENT_CONFIRMATION_OK"
21853,10411141889,10411141930,1,"IOTHUB_CLIENT_CONFIRMATION_OK"
21854,10411142089,10411142129,1,"IOTHUB_CLIENT_CONFIRMATION_OK"
21855,10411142289,10411142344,1,"IOTHUB_CLIENT_CONFIRMATION_OK"
21856,10411142490,10411142711,1,"IOTHUB_CLIENT_CONFIRMATION_OK"
21857,10411142690,10411142740,1,"IOTHUB_CLIENT_CONFIRMATION_OK"
21858,10411142890,10411142934,1,"IOTHUB_CLIENT_CONFIRMATION_OK"
21859,10411143090,10411143132,1,"IOTHUB_CLIENT_CONFIRMATION_OK"
21860,10411143290,10411143328,1,"IOTHUB_CLIENT_CONFIRMATION_OK"
21861,10411143490,10411143531,1,"IOTHUB_CLIENT_CONFIRMATION_OK"
21862,10411143691,10411143735,1,"IOTHUB_CLIENT_CONFIRMATION_OK"
21863,10411143891,10411143968,1,"IOTHUB_CLIENT_CONFIRMATION_OK"
21864,10411144091,10411144130,1,"IOTHUB_CLIENT_CONFIRMATION_OK"
21865,10411144291,10411144359,1,"IOTHUB_CLIENT_CONFIRMATION_OK"
21866,10411144491,10411144543,1,"IOTHUB_CLIENT_CONFIRMATION_OK"
21867,10411144691,10411144765,1,"IOTHUB_CLIENT_CONFIRMATION_OK"
21868,10411144892,10411144936,1,"IOTHUB_CLIENT_CONFIRMATION_OK"
21869,10411145092,10411145137,1,"IOTHUB_CLIENT_CONFIRMATION_OK"
21870,10411145292,10411145381,1,"IOTHUB_CLIENT_CONFIRMATION_OK"
21871,10411145492,10411145608,1,"IOTHUB_CLIENT_CONFIRMATION_OK"
21872,10411145692,10411145734,1,"IOTHUB_CLIENT_CONFIRMATION_OK"
21873,10411145892,10411146007,1,"IOTHUB_CLIENT_CONFIRMATION_OK"
21874,10411146093,10411146132,1,"IOTHUB_CLIENT_CONFIRMATION_OK"
21875,10411146293,10411146334,1,"IOTHUB_CLIENT_CONFIRMATION_OK"
21876,10411146493,10411146612,1,"IOTHUB_CLIENT_CONFIRMATION_OK"
21877,10411146693,10411146742,1,"IOTHUB_CLIENT_CONFIRMATION_OK"
21878,10411146893,10411146932,1,"IOTHUB_CLIENT_CONFIRMATION_OK"
21879,10411147093,10411147140,1,"IOTHUB_CLIENT_CONFIRMATION_OK"
21880,10411147294,10411147342,1,"IOTHUB_CLIENT_CONFIRMATION_OK"
21881,10411147494,10411147559,1,"IOTHUB_CLIENT_CONFIRMATION_OK"
21882,10411147694,10411147751,1,"IOTHUB_CLIENT_CONFIRMATION_OK"
21883,10411147894,10411147943,1,"IOTHUB_CLIENT_CONFIRMATION_OK"
21884,10411148094,10411148239,1,"IOTHUB_CLIENT_CONFIRMATION_OK"
21885,10411148294,10411148342,1,"IOTHUB_CLIENT_CONFIRMATION_OK"
21886,10411148495,10411148537,1,"IOTHUB_CLIENT_CONFIRMATION_OK"
21887,10411148695,10411148902,1,"IOTHUB_CLIENT_CONFIRMATION_OK"
21888,10411148895,10411148941,1,"IOTHUB_CLIENT_CONFIRMATION_OK"
21889,10411149095,10411149140,1,"IOTHUB_CLIENT_CONFIRMATION_OK"
21890,10411149295,10411149343,1,"IOTHUB_CLIENT_CONFIRMATION_OK"
21891,10411149495,10411149538,1,"IOTHUB_CLIENT_CONFIRMATION_OK"
21892,10411149696,10411149740,1,"IOTHUB_CLIENT_CONFIRMATION_OK"
21893,10411149896,10411149939,1,"IOTHUB_CLIENT_CONFIRMATION_OK"
21894,10411150096,10411150145,1,"IOTHUB_CLIENT_CONFIRMATION_OK"
21895,10411150296,10411150328,1,"IOTHUB_CLIENT_CONFIRMATION_OK"
21896,10411150496,10411150535,1,"IOTHUB_CLIENT_CONFIRMATION_OK"
21897,10411150696,10411150760,1,"IOTHUB_CLIENT_CONFIRMATION_OK"
21898,10411150897,10411151094,1,"IOTHUB_CLIENT_CONFIRMATION_OK"
21899,10411151097,10411151138,1,"IOTHUB_CLIENT_CONFIRMATION_OK"
21900,10411151297,10411151341,1,"IOTHUB_CLIENT_CONFIRMATION_OK"
21901,10411151497,10411151534,1,"IOTHUB_CLIENT_CONFIRMATION_OK"
21902,10411151697,10411151744,1,"IOTHUB_CLIENT_CONFIRMATION_OK"
21903,10411151897,10411151932,1,"IOTHUB_CLIENT_CONFIRMATION_OK"
21904,10411152098,10411152137,1,"IOTHUB_CLIENT_CONFIRMATION_OK"
21905,10411152298,10411152356,1,"IOTHUB_CLIENT_CONFIRMATION_OK"
21906,10411152498,10411152548,1,"IOTHUB_CLIENT_CONFIRMATION_OK"
21907,10411152698,10411152738,1,"IOTHUB_CLIENT_CONFIRMATION_OK"
21908,10411152898,10411152940,1,"IOTHUB_CLIENT_CONFIRMATION_OK"
21909,10411153098,10411153183,1,"IOTHUB_CLIENT_CONFIRMATION_OK"
21910,10411153299,10411153338,1,"IOTHUB_CLIENT_CONFIRMATION_OK"
21911,10411153499,10411153557,1,"IOTHUB_CLIENT_CONFIRMATION_OK"
21912,10411153699,10411153762,1,"IOTHUB_CLIENT_CONFIRMATION_OK"
21913,10411153899,10411153943,1,"IOTHUB_CLIENT_CONFIRMATION_OK"
21914,10411154099,10411154142,1,"IOTHUB_CLIENT_CONFIRMATION_OK"
21915,10411154299,10411154359,1,"IOTHUB_CLIENT_CONFIRMATION_OK"
21916,10411154500,10411154551,1,"IOTHUB_CLIENT_CONFIRMATION_OK"
21917,10411154700,10411154747,1,"IOTHUB_CLIENT_CONFIRMATION_OK"
21918,10411154900,10411154992,1,"IOTHUB_CLIENT_CONFIRMATION_OK"
21919,10411155100,10411155138,1,"IOTHUB_CLIENT_CONFIRMATION_OK"
21920,10411155300,10411155357,1,"IOTHUB_CLIENT_CONFIRMATION_OK"
21921,10411155500,10411155767,1,"IOTHUB_CLIENT_CONFIRMATION_OK"
21922,10411155701,10411155799,1,"IOTHUB_CLIENT_CONFIRMATION_OK"
21923,10411155901,10411155944,1,"IOTHUB_CLIENT_CONFIRMATION_OK"
21924,10411156101,10411156163,1,"IOTHUB_CLIENT_CONFIRMATION_OK"
21925,10411156301,10411156353,1,"IOTHUB_CLIENT_CONFIRMATION_OK"
21926,10411156501,10411156540,1,"IOTHUB_CLIENT_CONFIRMATION_OK"
21927,10411156701,10411156772,1,"IOTHUB_CLIENT_CONFIRMATION_OK"
21928,10411156901,10411157010,1,"IOTHUB_CLIENT_CONFIRMATION_OK"
21929,10411157102,10411157218,1,"IOTHUB_CLIENT_CONFIRMATION_OK"
21930,10411157302,10411157341,1,"IOTHUB_CLIENT_CONFIRMATION_OK"
21931,10411157502,10411157545,1,"IOTHUB_CLIENT_CONFIRMATION_OK"
21932,10411157702,10411157821,1,"IOTHUB_CLIENT_CONFIRMATION_OK"
21933,10411157902,10411157937,1,"IOTHUB_CLIENT_CONFIRMATION_OK"
21934,10411158102,10411158153,1,"IOTHUB_CLIENT_CONFIRMATION_OK"
21935,10411158303,10411158429,1,"IOTHUB_CLIENT_CONFIRMATION_OK"
21936,10411158503,10411158545,1,"IOTHUB_CLIENT_CONFIRMATION_OK"
21937,10411158703,10411158753,1,"IOTHUB_CLIENT_CONFIRMATION_OK"
21938,10411158903,10411158942,1,"IOTHUB_CLIENT_CONFIRMATION_OK"
21939,10411159103,10411159143,1,"IOTHUB_CLIENT_CONFIRMATION_OK"
21940,10411159303,10411159350,1,"IOTHUB_CLIENT_CONFIRMATION_OK"
21941,10411159504,10411159570,1,"IOTHUB_CLIENT_CONFIRMATION_OK"
21942,10411159704,10411159735,1,"IOTHUB_CLIENT_CONFIRMATION_OK"
21943,10411159904,10411160062,1,"IOTHUB_CLIENT_CONFIRMATION_OK"
21944,10411160104,10411160160,1,"IOTHUB_CLIENT_CONFIRMATION_OK"
21945,10411160304,10411160342,1,"IOTHUB_CLIENT_CONFIRMATION_OK"
21946,10411160504,10411160660,1,"IOTHUB_CLIENT_CONFIRMATION_OK"
21947,10411160705,10411160827,1,"IOTHUB_CLIENT_CONFIRMATION_OK"
21948,10411160905,10411160958,1,"IOTHUB_CLIENT_CONFIRMATION_OK"
21949,10411161105,10411161155,1,"IOTHUB_CLIENT_CONFIRMATION_OK"
21950,10411161305,10411161361,1,"IOTHUB_CLIENT_CONFIRMATION_OK"
21951,10411161505,10411161567,1,"IOTHUB_CLIENT_CONFIRMATION_OK"
21952,10411161705,10411161747,1,"IOTHUB_CLIENT_CONFIRMATION_OK"
21953,10411161906,10411161953,1,"IOTHUB_CLIENT_CONFIRMATION_OK"
21954,10411162106,10411162144,1,"IOTHUB_CLIENT_CONFIRMATION_OK"
21955,10411162306,10411162368,1,"IOTHUB_CLIENT_CONFIRMATION_OK"
21956,10411162506,10411162549,1,"IOTHUB_CLIENT_CONFIRMATION_OK"
21957,10411162706,10411162899,1,"IOTHUB_CLIENT_CONFIRMATION_OK"
21958,10411162906,10411162972,1,"IOTHUB_CLIENT_CONFIRMATION_OK"
21959,10411163106,10411163147,1,"IOTHUB_CLIENT_CONFIRMATION_OK"
21960,10411163307,10411163348,1,"IOTHUB_CLIENT_CONFIRMATION_OK"
21961,10411163507,10411163563,1,"IOTHUB_CLIENT_CONFIRMATION_OK"
21962,10411163707,10411163756,1,"IOTHUB_CLIENT_CONFIRMATION_OK"
21963,10411163907,10411163951,1,"IOTHUB_CLIENT_CONFIRMATION_OK"
21964,10411164107,10411164281,1,"IOTHUB_CLIENT_CONFIRMATION_OK"
21965,10411164307,10411164354,1,"IOTHUB_CLIENT_CONFIRMATION_OK"
21966,10411164508,10411164557,1,"IOTHUB_CLIENT_CONFIRMATION_OK"
21967,10411164708,10411164748,1,"IOTHUB_CLIENT_CONFIRMATION_OK"
21968,10411164908,10411164948,1,"IOTHUB_CLIENT_CONFIRMATION_OK"
21969,10411165108,10411165165,1,"IOTHUB_CLIENT_CONFIRMATION_OK"
21970,10411165308,10411165367,1,"IOTHUB_CLIENT_CONFIRMATION_OK"
21971,10411165508,10411165587,1,"IOTHUB_CLIENT_CONFIRMATION_OK"
21972,10411165708,10411165761,1,"IOTHUB_CLIENT_CONFIRMATION_OK"
21973,10411165909,10411165946,1,"IOTHUB_CLIENT_CONFIRMATION_OK"
21974,10411166109,10411166154,1,"IOTHUB_CLIENT_CONFIRMATION_OK"
21975,10411166309,10411166351,1,"IOTHUB_CLIENT_CONFIRMATION_OK"
21976,10411166509,10411166547,1,"IOTHUB_CLIENT_CONFIRMATION_OK"
21977,10411166709,10411166748,1,"IOTHUB_CLIENT_CONFIRMATION_OK"
21978,10411166909,10411166959,1,"IOTHUB_CLIENT_CONFIRMATION_OK"
21979,10411167110,10411167156,1,"IOTHUB_CLIENT_CONFIRMATION_OK"
21980,10411167310,10411167382,1,"IOTHUB_CLIENT_CONFIRMATION_OK"
21981,10411167510,10411167554,1,"IOTHUB_CLIENT_CONFIRMATION_OK"
21982,10411167710,10411167820,1,"IOTHUB_CLIENT_CONFIRMATION_OK"
21983,10411167910,10411167952,1,"IOTHUB_CLIENT_CONFIRMATION_OK"
21984,10411168110,10411168150,1,"IOTHUB_CLIENT_CONFIRMATION_OK"
21985,10411168310,10411168440,1,"IOTHUB_CLIENT_CONFIRMATION_OK"
21986,10411168511,10411168552,1,"IOTHUB_CLIENT_CONFIRMATION_OK"
21987,10411168711,10411168755,1,"IOTHUB_CLIENT_CONFIRMATION_OK"
21988,10411168911,10411169048,1,"IOTHUB_CLIENT_CONFIRMATION_OK"
21989,10411169111,10411169173,1,"IOTHUB_CLIENT_CONFIRMATION_OK"
21990,10411169311,10411169369,1,"IOTHUB_CLIENT_CONFIRMATION_OK"
21991,10411169511,10411169568,1,"IOTHUB_CLIENT_CONFIRMATION_OK"
21992,10411169712,10411169782,1,"IOTHUB_CLIENT_CONFIRMATION_OK"
21993,10411169912,10411169968,1,"IOTHUB_CLIENT_CONFIRMATION_OK"
21994,10411170112,10411170153,1,"IOTHUB_CLIENT_CONFIRMATION_OK"
21995,10411170312,10411170356,1,"IOTHUB_CLIENT_CONFIRMATION_OK"
21996,10411170512,10411170614,1,"IOTHUB_CLIENT_CONFIRMATION_OK"
21997,10411170712,10411170749,1,"IOTHUB_CLIENT_CONFIRMATION_OK"
21998,10411170913,10411170956,1,"IOTHUB_CLIENT_CONFIRMATION_OK"
21999,10411171113,10411171323,1,"IOTHUB_CLIENT_CONFIRMATION_OK"
22000,10411171313,10411171359,1,"IOTHUB_CLIENT_CONFIRMATION_OK"
22001,10411171513,10411171563,1,"IOTHUB_CLIENT_CONFIRMATION_OK"
22002,10411171713,10411171760,1,"IOTHUB_CLIENT_CONFIRMATION_OK"
22003,10411171913,10411171956,1,"IOTHUB_CLIENT_CONFIRMATION_OK"
22004,10411172114,10411172154,1,"IOTHUB_CLIENT_CONFIRMATION_OK"
22005,10411172314,10411172360,1,"IOTHUB_CLIENT_CONFIRMATION_OK"
22006,10411172514,10411172559,1,"IOTHUB_CLIENT_CONFIRMATION_OK"
22007,10411172714,10411172758,1,"IOTHUB_CLIENT_CONFIRMATION_OK"
22008,10411172914,10411173058,1,"IOTHUB_CLIENT_CONFIRMATION_OK"
22009,10411173114,10411173151,1,"IOTHUB_CLIENT_CONFIRMATION_OK"
22010,10411173314,10411173360,1,"IOTHUB_CLIENT_CONFIRMATION_OK"
22011,10411173515,10411173552,1,"IOTHUB_CLIENT_CONFIRMATION_OK"
22012,10411173715,10411173776,1,"IOTHUB_CLIENT_CONFIRMATION_OK"
22013,10411173915,10411173989,1,"IOTHUB_CLIENT_CONFIRMATION_OK"
22014,10411174115,10411174153,1,"IOTHUB_CLIENT_CONFIRMATION_OK"
22015,10411174315,10411174354,1,"IOTHUB_CLIENT_CONFIRMATION_OK"
22016,10411174515,10411174602,1,"IOTHUB_CLIENT_CONFIRMATION_OK"
22017,10411174716,10411174754,1,"IOTHUB_CLIENT_CONFIRMATION_OK"
22018,10411174916,10411174960,1,"IOTHUB_CLIENT_CONFIRMATION_OK"
22019,10411175116,10411175238,1,"IOTHUB_CLIENT_CONFIRMATION_OK"
22020,10411175316,10411175369,1,"IOTHUB_CLIENT_CONFIRMATION_OK"
22021,10411175516,10411175557,1,"IOTHUB_CLIENT_CONFIRMATION_OK"
22022,10411175716,10411175803,1,"IOTHUB_CLIENT_CONFIRMATION_OK"
22023,10411175917,10411175953,1,"IOTHUB_CLIENT_CONFIRMATION_OK"
22024,10411176117,10411176154,1,"IOTHUB_CLIENT_CONFIRMATION_OK"
22025,10411176317,10411176355,1,"IOTHUB_CLIENT_CONFIRMATION_OK"
22026,10411176517,10411176556,1,"IOTHUB_CLIENT_CONFIRMATION_OK"
22027,10411176717,10411176886,1,"IOTHUB_CLIENT_CONFIRMATION_OK"
22028,10411176917,10411176959,1,"IOTHUB_CLIENT_CONFIRMATION_OK"
22029,10411177118,10411177160,1,"IOTHUB_CLIENT_CONFIRMATION_OK"
22030,10411177318,10411177491,1,"IOTHUB_CLIENT_CONFIRMATION_OK"
22031,10411177518,10411177623,1,"IOTHUB_CLIENT_CONFIRMATION_OK"
22032,10411177718,10411177804,1,"IOTHUB_CLIENT_CONFIRMATION_OK"
22033,10411177918,10411177973,1,"IOTHUB_CLIENT_CONFIRMATION_OK"
22034,10411178118,10411178161,1,"IOTHUB_CLIENT_CONFIRMATION_OK"
22035,10411178318,10411178369,1,"IOTHUB_CLIENT_CONFIRMATION_OK"
22036,10411178519,10411178556,1,"IOTHUB_CLIENT_CONFIRMATION_OK"
22037,10411178719,10411178760,1,"IOTHUB_CLIENT_CONFIRMATION_OK"
22038,10411178919,10411178960,1,"IOTHUB_CLIENT_CONFIRMATION_OK"
22039,10411179119,10411179157,1,"IOTHUB_CLIENT_CONFIRMATION_OK"
22040,10411179319,10411179372,1,"IOTHUB_CLIENT_CONFIRMATION_OK"
22041,10411179519,10411179575,1,"IOTHUB_CLIENT_CONFIRMATION_OK"
22042,10411179720,10411179761,1,"IOTHUB_CLIENT_CONFIRMATION_OK"
22043,10411179920,10411179963,1,"IOTHUB_CLIENT_CONFIRMATION_OK"
22044,10411180120,10411180192,1,"IOTHUB_CLIENT_CONFIRMATION_OK"
22045,10411180320,10411180361,1,"IOTHUB_CLIENT_CONFIRMATION_OK"
22046,10411180520,10411180564,1,"IOTHUB_CLIENT_CONFIRMATION_OK"
22047,10411180720,10411180769,1,"IOTHUB_CLIENT_CONFIRMATION_OK"
22048,10411180921,10411180974,1,"IOTHUB_CLIENT_CONFIRMATION_OK"
22049,10411181121,10411181158,1,"IOTHUB_CLIENT_CONFIRMATION_OK"
22050,10411181321,10411181381,1,"IOTHUB_CLIENT_CONFIRMATION_OK"
22051,10411181521,10411181572,1,"IOTHUB_CLIENT_CONFIRMATION_OK"
22052,10411181721,10411181779,1,"IOTHUB_CLIENT_CONFIRMATION_OK"
22053,10411181921,10411181958,1,"IOTHUB_CLIENT_CONFIRMATION_OK"
22054,10411182122,10411182168,1,"IOTHUB_CLIENT_CONFIRMATION_OK"
22055,10411182322,10411182426,1,"IOTHUB_CLIENT_CONFIRMATION_OK"
22056,10411182522,10411182590,1,"IOTHUB_CLIENT_CONFIRMATION_OK"
22057,10411182722,10411182849,1,"IOTHUB_CLIENT_CONFIRMATION_OK"
22058,10411182922,10411183056,1,"IOTHUB_CLIENT_CONFIRMATION_OK"
22059,10411183122,10411183168,1,"IOTHUB_CLIENT_CONFIRMATION_OK"
22060,10411183322,10411183375,1,"IOTHUB_CLIENT_CONFIRMATION_OK"
22061,10411183523,10411183662,1,"IOTHUB_CLIENT_CONFIRMATION_OK"
22062,10411183723,10411183765,1,"IOTHUB_CLIENT_CONFIRMATION_OK"
22063,10411183923,10411183975,1,"IOTHUB_CLIENT_CONFIRMATION_OK"
22064,10411184123,10411184167,1,"IOTHUB_CLIENT_CONFIRMATION_OK"
22065,10411184323,10411184372,1,"IOTHUB_CLIENT_CONFIRMATION_OK"
22066,10411184523,10411184579,1,"IOTHUB_CLIENT_CONFIRMATION_OK"
22067,10411184724,10411184777,1,"IOTHUB_CLIENT_CONFIRMATION_OK"
22068,10411184924,10411184967,1,"IOTHUB_CLIENT_CONFIRMATION_OK"
22069,10411185124,10411185173,1,"IOTHUB_CLIENT_CONFIRMATION_OK"
22070,10411185324,10411185367,1,"IOTHUB_CLIENT_CONFIRMATION_OK"
22071,10411185524,10411185567,1,"IOTHUB_CLIENT_CONFIRMATION_OK"
22072,10411185724,10411185775,1,"IOTHUB_CLIENT_CONFIRMATION_OK"
22073,10411185925,10411185975,1,"IOTHUB_CLIENT_CONFIRMATION_OK"
22074,10411186125,10411186170,1,"IOTHUB_CLIENT_CONFIRMATION_OK"
22075,10411186325,10411186364,1,"IOTHUB_CLIENT_CONFIRMATION_OK"
22076,10411186525,10411186574,1,"IOTHUB_CLIENT_CONFIRMATION_OK"
22077,10411186725,10411186824,1,"IOTHUB_CLIENT_CONFIRMATION_OK"
22078,10411186925,10411186971,1,"IOTHUB_CLIENT_CONFIRMATION_OK"
22079,10411187126,10411187172,1,"IOTHUB_CLIENT_CONFIRMATION_OK"
22080,10411187326,10411187377,1,"IOTHUB_CLIENT_CONFIRMATION_OK"
22081,10411187526,10411187702,1,"IOTHUB_CLIENT_CONFIRMATION_OK"
22082,10411187726,10411187779,1,"IOTHUB_CLIENT_CONFIRMATION_OK"
22083,10411187926,10411187971,1,"IOTHUB_CLIENT_CONFIRMATION_OK"
22084,10411188126,10411188201,1,"IOTHUB_CLIENT_CONFIRMATION_OK"
22085,10411188326,10411188372,1,"IOTHUB_CLIENT_CONFIRMATION_OK"
22086,10411188527,10411188567,1,"IOTHUB_CLIENT_CONFIRMATION_OK"
22087,10411188727,10411188782,1,"IOTHUB_CLIENT_CONFIRMATION_OK"
22088,10411188927,10411188974,1,"IOTHUB_CLIENT_CONFIRMATION_OK"
22089,10411189127,10411189185,1,"IOTHUB_CLIENT_CONFIRMATION_OK"
22090,10411189327,10411189376,1,"IOTHUB_CLIENT_CONFIRMATION_OK"
22091,10411189527,10411189563,1,"IOTHUB_CLIENT_CONFIRMATION_OK"
22092,10411189728,10411189805,1,"IOTHUB_CLIENT_CONFIRMATION_OK"
22093,10411189928,10411189968,1,"IOTHUB_CLIENT_CONFIRMATION_OK"
22094,10411190128,10411190191,1,"IOTHUB_CLIENT_CONFIRMATION_OK"
22095,10411190328,10411190375,1,"IOTHUB_CLIENT_CONFIRMATION_OK"
22096,10411190528,10411190569,1,"IOTHUB_CLIENT_CONFIRMATION_OK"
22097,10411190728,10411190767,1,"IOTHUB_CLIENT_CONFIRMATION_OK"
22098,10411190929,10411190970,1,"IOTHUB_CLIENT_CONFIRMATION_OK"
22099,10411191129,10411191184,1,"IOTHUB_CLIENT_CONFIRMATION_OK"
22100,10411191329,10411191496,1,"IOTHUB_CLIENT_CONFIRMATION_OK"
22101,10411191529,10411191571,1,"IOTHUB_CLIENT_CONFIRMATION_OK"
22102,10411191729,10411191784,1,"IOTHUB_CLIENT_CONFIRMATION_OK"
22103,10411191929,10411191974,1,"IOTHUB_CLIENT_CONFIRMATION_OK"
22104,10411192129,10411192174,1,"IOTHUB_CLIENT_CONFIRMATION_OK"
22105,10411192330,10411192378,1,"IOTHUB_CLIENT_CONFIRMATION_OK"
22106,10411192530,10411192604,1,"IOTHUB_CLIENT_CONFIRMATION_OK"
22107,10411192730,10411192782,1,"IOTHUB_CLIENT_CONFIRMATION_OK"
22108,10411192930,10411192982,1,"IOTHUB_CLIENT_CONFIRMATION_OK"
22109,10411193130,10411193176,1,"IOTHUB_CLIENT_CONFIRMATION_OK"
22110,10411193330,10411193411,1,"IOTHUB_CLIENT_CONFIRMATION_OK"
22111,10411193531,10411193581,1,"IOTHUB_CLIENT_CONFIRMATION_OK"
22112,10411193731,10411193771,1,"IOTHUB_CLIENT_CONFIRMATION_OK"
22113,10411193931,10411193970,1,"IOTHUB_CLIENT_CONFIRMATION_OK"
22114,10411194131,10411194166,1,"IOTHUB_CLIENT_CONFIRMATION_OK"
22115,10411194331,10411194366,1,"IOTHUB_CLIENT_CONFIRMATION_OK"
22116,10411194531,10411194570,1,"IOTHUB_CLIENT_CONFIRMATION_OK"
22117,10411194732,10411194768,1,"IOTHUB_CLIENT_CONFIRMATION_OK"
22118,10411194932,10411195009,1,"IOTHUB_CLIENT_CONFIRMATION_OK"
22119,10411195132,10411195168,1,"IOTHUB_CLIENT_CONFIRMATION_OK"
22120,10411195332,10411195385,1,"IOTHUB_CLIENT_CONFIRMATION_OK"
22121,10411195532,10411195586,1,"IOTHUB_CLIENT_CONFIRMATION_OK"
22122,10411195732,10411195775,1,"IOTHUB_CLIENT_CONFIRMATION_OK"
22123,10411195932,10411195993,1,"IOTHUB_CLIENT_CONFIRMATION_OK"
22124,10411196133,10411196172,1,"IOTHUB_CLIENT_CONFIRMATION_OK"
22125,10411196333,10411196371,1,"IOTHUB_CLIENT_CONFIRMATION_OK"
22126,10411196533,10411196582,1,"IOTHUB_CLIENT_CONFIRMATION_OK"
22127,10411196733,10411196772,1,"IOTHUB_CLIENT_CONFIRMATION_OK"
22128,10411196933,10411197024,1,"IOTHUB_CLIENT_CONFIRMATION_OK"
22129,10411197133,10411197184,1,"IOTHUB_CLIENT_CONFIRMATION_OK"
22130,10411197334,10411197387,1,"IOTHUB_CLIENT_CONFIRMATION_OK"
22131,10411197534,10411197632,1,"IOTHUB_CLIENT_CONFIRMATION_OK"
22132,10411197734,10411197775,1,"IOTHUB_CLIENT_CONFIRMATION_OK"
22133,10411197934,10411197991,1,"IOTHUB_CLIENT_CONFIRMATION_OK"
22134,10411198134,10411198279,1,"IOTHUB_CLIENT_CONFIRMATION_OK"
22135,10411198334,10411198375,1,"IOTHUB_CLIENT_CONFIRMATION_OK"
22136,10411198535,10411198585,1,"IOTHUB_CLIENT_CONFIRMATION_OK"
22137,10411198735,10411198772,1,"IOTHUB_CLIENT_CONFIRMATION_OK"
22138,10411198935,10411198972,1,"IOTHUB_CLIENT_CONFIRMATION_OK"
22139,10411199135,10411199194,1,"IOTHUB_CLIENT_CONFIRMATION_OK"
22140,10411199335,10411199430,1,"IOTHUB_CLIENT_CONFIRMATION_OK"
22141,10411199535,10411199573,1,"IOTHUB_CLIENT_CONFIRMATION_OK"
22142,10411199736,10411199930,1,"IOTHUB_CLIENT_CONFIRMATION_OK"
22143,10411199936,10411199977,1,"IOTHUB_CLIENT_CONFIRMATION_OK"
22144,10411200136,10411200181,1,"IOTHUB_CLIENT_CONFIRMATION_OK"
22145,10411200336,10411200407,1,"IOTHUB_CLIENT_CONFIRMATION_OK"
22146,10411200536,10411200582,1,"IOTHUB_CLIENT_CONFIRMATION_OK"
22147,10411200736,10411200779,1,"IOTHUB_CLIENT_CONFIRMATION_OK"
22148,10411200936,10411200987,1,"IOTHUB_CLIENT_CONFIRMATION_OK"
22149,10411201137,10411201188,1,"IOTHUB_CLIENT_CONFIRMATION_OK"
22150,10411201337,10411201380,1,"IOTHUB_CLIENT_CONFIRMATION_OK"
22151,10411201537,10411201612,1,"IOTHUB_CLIENT_CONFIRMATION_OK"
22152,10411201737,10411201778,1,"IOTHUB_CLIENT_CONFIRMATION_OK"
22153,10411201937,10411201986,1,"IOTHUB_CLIENT_CONFIRMATION_OK"
22154,10411202137,10411202193,1,"IOTHUB_CLIENT_CONFIRMATION_OK"
22155,10411202337,10411202410,1,"IOTHUB_CLIENT_CONFIRMATION_OK"
22156,10411202538,10411202579,1,"IOTHUB_CLIENT_CONFIRMATION_OK"
22157,10411202738,10411202775,1,"IOTHUB_CLIENT_CONFIRMATION_OK"
22158,10411202938,10411202976,1,"IOTHUB_CLIENT_CONFIRMATION_OK"
22159,10411203138,10411203202,1,"IOTHUB_CLIENT_CONFIRMATION_OK"
22160,10411203338,10411203383,1,"IOTHUB_CLIENT_CONFIRMATION_OK"
22161,10411203538,10411203634,1,"IOTHUB_CLIENT_CONFIRMATION_OK"
22162,10411203739,10411203807,1,"IOTHUB_CLIENT_CONFIRMATION_OK"
22163,10411203939,10411203986,1,"IOTHUB_CLIENT_CONFIRMATION_OK"
22164,10411204139,10411204181,1,"IOTHUB_CLIENT_CONFIRMATION_OK"
22165,10411204339,10411204417,1,"IOTHUB_CLIENT_CONFIRMATION_OK"
22166,10411204539,10411204576,1,"IOTHUB_CLIENT_CONFIRMATION_OK"
22167,10411204739,10411204793,1,"IOTHUB_CLIENT_CONFIRMATION_OK"
22168,10411204940,10411204977,1,"IOTHUB_CLIENT_CONFIRMATION_OK"
22169,10411205140,10411205183,1,"IOTHUB_CLIENT_CONFIRMATION_OK"
22170,10411205340,10411205452,1,"IOTHUB_CLIENT_CONFIRMATION_OK"
22171,10411205540,10411205606,1,"IOTHUB_CLIENT_CONFIRMATION_OK"
22172,10411205740,10411205788,1,"IOTHUB_CLIENT_CONFIRMATION_OK"
22173,10411205940,10411206133,1,"IOTHUB_CLIENT_CONFIRMATION_OK"
22174,10411206141,10411206190,1,"IOTHUB_CLIENT_CONFIRMATION_OK"
22175,10411206341,10411206383,1,"IOTHUB_CLIENT_CONFIRMATION_OK"
22176,10411206541,10411206581,1,"IOTHUB_CLIENT_CONFIRMATION_OK"
22177,10411206741,10411206777,1,"IOTHUB_CLIENT_CONFIRMATION_OK"
22178,10411206941,10411206989,1,"IOTHUB_CLIENT_CONFIRMATION_OK"
22179,10411207141,10411207182,1,"IOTHUB_CLIENT_CONFIRMATION_OK"
22180,10411207341,10411207382,1,"IOTHUB_CLIENT_CONFIRMATION_OK"
22181,10411207542,10411207584,1,"IOTHUB_CLIENT_CONFIRMATION_OK"
22182,10411207742,10411207794,1,"IOTHUB_CLIENT_CONFIRMATION_OK"
22183,10411207942,10411207984,1,"IOTHUB_CLIENT_CONFIRMATION_OK"
22184,10411208142,10411208365,1,"IOTHUB_CLIENT_CONFIRMATION_OK"
22185,10411208342,10411208395,1,"IOTHUB_CLIENT_CONFIRMATION_OK"
22186,10411208542,10411208584,1,"IOTHUB_CLIENT_CONFIRMATION_OK"
22187,10411208743,10411208797,1,"IOTHUB_CLIENT_CONFIRMATION_OK"
22188,10411208943,10411208988,1,"IOTHUB_CLIENT_CONFIRMATION_OK"
22189,10411209143,10411209178,1,"IOTHUB_CLIENT_CONFIRMATION_OK"
22190,10411209343,10411209385,1,"IOTHUB_CLIENT_CONFIRMATION_OK"
22191,10411209543,10411209613,1,"IOTHUB_CLIENT_CONFIRMATION_OK"
22192,10411209743,10411209781,1,"IOTHUB_CLIENT_CONFIRMATION_OK"
22193,10411209943,10411210025,1,"IOTHUB_CLIENT_CONFIRMATION_OK"
22194,10411210144,10411210190,1,"IOTHUB_CLIENT_CONFIRMATION_OK"
22195,10411210344,10411210381,1,"IOTHUB_CLIENT_CONFIRMATION_OK"
22196,10411210544,10411210583,1,"IOTHUB_CLIENT_CONFIRMATION_OK"
22197,10411210744,10411210787,1,"IOTHUB_CLIENT_CONFIRMATION_OK"
22198,10411210944,10411211014,1,"IOTHUB_CLIENT_CONFIRMATION_OK"
22199,10411211144,10411211193,1,"IOTHUB_CLIENT_CONFIRMATION_OK"
22200,10411211345,10411211393,1,"IOTHUB_CLIENT_CONFIRMATION_OK"
22201,10411211545,10411211650,1,"IOTHUB_CLIENT_CONFIRMATION_OK"
22202,10411211745,10411211786,1,"IOTHUB_CLIENT_CONFIRMATION_OK"
22203,10411211945,10411212002,1,"IOTHUB_CLIENT_CONFIRMATION_OK"
22204,10411212145,10411212268,1,"IOTHUB_CLIENT_CONFIRMATION_OK"
22205,10411212345,10411212391,1,"IOTHUB_CLIENT_CONFIRMATION_OK"
22206,10411212545,10411212594,1,"IOTHUB_CLIENT_CONFIRMATION_OK"
22207,10411212746,10411212786,1,"IOTHUB_CLIENT_CONFIRMATION_OK"
22208,10411212946,10411212991,1,"IOTHUB_CLIENT_CONFIRMATION_OK"
22209,10411213146,10411213188,1,"IOTHUB_CLIENT_CONFIRMATION_OK"
22210,10411213346,10411213392,1,"IOTHUB_CLIENT_CONFIRMATION_OK"
22211,10411213546,10411213592,1,"IOTHUB_CLIENT_CONFIRMATION_OK"
22212,10411213746,10411213790,1,"IOTHUB_CLIENT_CONFIRMATION_OK"
22213,10411213947,10411214003,1,"IOTHUB_CLIENT_CONFIRMATION_OK"
22214,10411214147,10411214184,1,"IOTHUB_CLIENT_CONFIRMATION_OK"
22215,10411214347,10411214524,1,"IOTHUB_CLIENT_CONFIRMATION_OK"
22216,10411214547,10411214594,1,"IOTHUB_CLIENT_CONFIRMATION_OK"
22217,10411214747,10411214801,1,"IOTHUB_CLIENT_CONFIRMATION_OK"
22218,10411214947,10411215130,1,"IOTHUB_CLIENT_CONFIRMATION_OK"
22219,10411215148,10411215193,1,"IOTHUB_CLIENT_CONFIRMATION_OK"
22220,10411215348,10411215400,1,"IOTHUB_CLIENT_CONFIRMATION_OK"
22221,10411215548,10411215605,1,"IOTHUB_CLIENT_CONFIRMATION_OK"
22222,10411215748,10411215806,1,"IOTHUB_CLIENT_CONFIRMATION_OK"
22223,10411215948,10411215993,1,"IOTHUB_CLIENT_CONFIRMATION_OK"
22224,10411216148,10411216221,1,"IOTHUB_CLIENT_CONFIRMATION_OK"
22225,10411216348,10411216400,1,"IOTHUB_CLIENT_CONFIRMATION_OK"
22226,10411216549,10411216634,1,"IOTHUB_CLIENT_CONFIRMATION_OK"
22227,10411216749,10411216789,1,"IOTHUB_CLIENT_CONFIRMATION_OK"
22228,10411216949,10411216986,1,"IOTHUB_CLIENT_CONFIRMATION_OK"
22229,10411217149,10411217241,1,"IOTHUB_CLIENT_CONFIRMATION_OK"
22230,10411217349,10411217390,1,"IOTHUB_CLIENT_CONFIRMATION_OK"
22231,10411217549,10411217590,1,"IOTHUB_CLIENT_CONFIRMATION_OK"
22232,10411217750,10411217909,1,"IOTHUB_CLIENT_CONFIRMATION_OK"
22233,10411217950,10411218056,1,"IOTHUB_CLIENT_CONFIRMATION_OK"
22234,10411218150,10411218199,1,"IOTHUB_CLIENT_CONFIRMATION_OK"
22235,10411218350,10411218393,1,"IOTHUB_CLIENT_CONFIRMATION_OK"
22236,10411218550,10411218594,1,"IOTHUB_CLIENT_CONFIRMATION_OK"
22237,10411218750,10411218793,1,"IOTHUB_CLIENT_CONFIRMATION_OK"
22238,10411218951,10411218991,1,"IOTHUB_CLIENT_CONFIRMATION_OK"
22239,10411219151,10411219193,1,"IOTHUB_CLIENT_CONFIRMATION_OK"
22240,10411219351,10411219416,1,"IOTHUB_CLIENT_CONFIRMATION_OK"
22241,10411219551,10411219589,1,"IOTHUB_CLIENT_CONFIRMATION_OK"
22242,10411219751,10411219810,1,"IOTHUB_CLIENT_CONFIRMATION_OK"
22243,10411219951,10411220132,1,"IOTHUB_CLIENT_CONFIRMATION_OK"
22244,10411220152,10411220215,1,"IOTHUB_CLIENT_CONFIRMATION_OK"
22245,10411220352,10411220415,1,"IOTHUB_CLIENT_CONFIRMATION_OK"
22246,10411220552,10411220589,1,"IOTHUB_CLIENT_CONFIRMATION_OK"
22247,10411220752,10411220794,1,"IOTHUB_CLIENT_CONFIRMATION_OK"
22248,10411220952,10411220993,1,"IOTHUB_CLIENT_CONFIRMATION_OK"
22249,10411221152,10411221225,1,"IOTHUB_CLIENT_CONFIRMATION_OK"
22250,10411221352,10411221409,1,"IOTHUB_CLIENT_CONFIRMATION_OK"
22251,10411221553,10411221591,1,"IOTHUB_CLIENT_CONFIRMATION_OK"
22252,10411221753,10411221796,1,"IOTHUB_CLIENT_CONFIRMATION_OK"
22253,10411221953,10411221994,1,"IOTHUB_CLIENT_CONFIRMATION_OK"
22254,10411222153,10411222190,1,"IOTHUB_CLIENT_CONFIRMATION_OK"
22255,10411222353,10411223072,1,"IOTHUB_CLIENT_CONFIRMATION_OK"
22256,10411222553,10411223128,1,"IOTHUB_CLIENT_CONFIRMATION_OK"
22257,10411222754,10411223175,1,"IOTHUB_CLIENT_CONFIRMATION_OK"
22258,10411222954,10411223217,1,"IOTHUB_CLIENT_CONFIRMATION_OK"
22259,10411223154,10411223262,1,"IOTHUB_CLIENT_CONFIRMATION_OK"
22260,10411223354,10411223470,1,"IOTHUB_CLIENT_CONFIRMATION_OK"
22261,10411223554,10411223615,1,"IOTHUB_CLIENT_CONFIRMATION_OK"
22262,10411223754,10411223791,1,"IOTHUB_CLIENT_CONFIRMATION_OK"
22263,10411223955,10411224026,1,"IOTHUB_CLIENT_CONFIRMATION_OK"
22264,10411224155,10411224196,1,"IOTHUB_CLIENT_CONFIRMATION_OK"
22265,10411224355,10411224418,1,"IOTHUB_CLIENT_CONFIRMATION_OK"
22266,10411224555,10411224664,1,"IOTHUB_CLIENT_CONFIRMATION_OK"
22267,10411224755,10411224887,1,"IOTHUB_CLIENT_CONFIRMATION_OK"
22268,10411224955,10411225007,1,"IOTHUB_CLIENT_CONFIRMATION_OK"
22269,10411225156,10411225199,1,"IOTHUB_CLIENT_CONFIRMATION_OK"
22270,10411225356,10411225399,1,"IOTHUB_CLIENT_CONFIRMATION_OK"
22271,10411225556,10411225667,1,"IOTHUB_CLIENT_CONFIRMATION_OK"
22272,10411225756,10411225798,1,"IOTHUB_CLIENT_CONFIRMATION_OK"
22273,10411225956,10411225994,1,"IOTHUB_CLIENT_CONFIRMATION_OK"
22274,10411226156,10411226290,1,"IOTHUB_CLIENT_CONFIRMATION_OK"
22275,10411226356,10411226393,1,"IOTHUB_CLIENT_CONFIRMATION_OK"
22276,10411226557,10411226598,1,"IOTHUB_CLIENT_CONFIRMATION_OK"
22277,10411226757,10411226907,1,"IOTHUB_CLIENT_CONFIRMATION_OK"
22278,10411226957,10411227023,1,"IOTHUB_CLIENT_CONFIRMATION_OK"
22279,10411227157,10411227205,1,"IOTHUB_CLIENT_CONFIRMATION_OK"
22280,10411227357,10411227401,1,"IOTHUB_CLIENT_CONFIRMATION_OK"
22281,10411227557,10411227600,1,"IOTHUB_CLIENT_CONFIRMATION_OK"
22282,10411227758,10411227826,1,"IOTHUB_CLIENT_CONFIRMATION_OK"
22283,10411227958,10411228006,1,"IOTHUB_CLIENT_CONFIRMATION_OK"
22284,10411228158,10411228207,1,"IOTHUB_CLIENT_CONFIRMATION_OK"
22285,10411228358,10411228544,1,"IOTHUB_CLIENT_CONFIRMATION_OK"
22286,10411228558,10411228678,1,"IOTHUB_CLIENT_CONFIRMATION_OK"
22287,10411228758,10411228800,1,"IOTHUB_CLIENT_CONFIRMATION_OK"
22288,10411228959,10411229000,1,"IOTHUB_CLIENT_CONFIRMATION_OK"
22289,10411229159,10411229208,1,"IOTHUB_CLIENT_CONFIRMATION_OK"
22290,10411229359,10411229398,1,"IOTHUB_CLIENT_CONFIRMATION_OK"
22291,10411229559,10411229622,1,"IOTHUB_CLIENT_CONFIRMATION_OK"
22292,10411229759,10411229798,1,"IOTHUB_CLIENT_CONFIRMATION_OK"
22293,10411229959,10411230006,1,"IOTHUB_CLIENT_CONFIRMATION_OK"
22294,10411230160,10411230195,1,"IOTHUB_CLIENT_CONFIRMATION_OK"
22295,10411230360,10411230397,1,"IOTHUB_CLIENT_CONFIRMATION_OK"
22296,10411230560,10411230602,1,"IOTHUB_CLIENT_CONFIRMATION_OK"
22297,10411230760,10411230816,1,"IOTHUB_CLIENT_CONFIRMATION_OK"
22298,10411230960,10411231014,1,"IOTHUB_CLIENT_CONFIRMATION_OK"
22299,10411231160,10411231211,1,"IOTHUB_CLIENT_CONFIRMATION_OK"
22300,10411231361,10411231404,1,"IOTHUB_CLIENT_CONFIRMATION_OK"
22301,10411231561,10411231603,1,"IOTHUB_CLIENT_CONFIRMATION_OK"
22302,10411231761,10411231805,1,"IOTHUB_CLIENT_CONFIRMATION_OK"
22303,10411231961,10411232003,1,"IOTHUB_CLIENT_CONFIRMATION_OK"
22304,10411232161,10411232200,1,"IOTHUB_CLIENT_CONFIRMATION_OK"
22305,10411232361,10411232408,1,"IOTHUB_CLIENT_CONFIRMATION_OK"
22306,10411232562,10411232639,1,"IOTHUB_CLIENT_CONFIRMATION_OK"
22307,10411232762,10411232804,1,"IOTHUB_CLIENT_CONFIRMATION_OK"
22308,10411232962,10411233012,1,"IOTHUB_CLIENT_CONFIRMATION_OK"
22309,10411233162,10411233202,1,"IOTHUB_CLIENT_CONFIRMATION_OK"
22310,10411233362,10411233404,1,"IOTHUB_CLIENT_CONFIRMATION_OK"
22311,10411233562,10411233611,1,"IOTHUB_CLIENT_CONFIRMATION_OK"
22312,10411233762,10411233798,1,"IOTHUB_CLIENT_CONFIRMATION_OK"
22313,10411233963,10411234179,1,"IOTHUB_CLIENT_CONFIRMATION_OK"
22314,10411234163,10411234210,1,"IOTHUB_CLIENT_CONFIRMATION_OK"
22315,10411234363,10411234404,1,"IOTHUB_CLIENT_CONFIRMATION_OK"
22316,10411234563,10411234611,1,"IOTHUB_CLIENT_CONFIRMATION_OK"
22317,10411234763,10411234821,1,"IOTHUB_CLIENT_CONFIRMATION_OK"
22318,10411234963,10411235018,1,"IOTHUB_CLIENT_CONFIRMATION_OK"
22319,10411235164,10411235221,1,"IOTHUB_CLIENT_CONFIRMATION_OK"
22320,10411235364,10411235409,1,"IOTHUB_CLIENT_CONFIRMATION_OK"
22321,10411235564,10411235603,1,"IOTHUB_CLIENT_CONFIRMATION_OK"
22322,10411235764,10411235819,1,"IOTHUB_CLIENT_CONFIRMATION_OK"
22323,10411235964,10411236009,1,"IOTHUB_CLIENT_CONFIRMATION_OK"
22324,10411236164,10411236205,1,"IOTHUB_CLIENT_CONFIRMATION_OK"
22325,10411236365,10411236411,1,"IOTHUB_CLIENT_CONFIRMATION_OK"
22326,10411236565,10411236600,1,"IOTHUB_CLIENT_CONFIRMATION_OK"
22327,10411236765,10411236804,1,"IOTHUB_CLIENT_CONFIRMATION_OK"
22328,10411236965,10411237005,1,"IOTHUB_CLIENT_CONFIRMATION_OK"
22329,10411237165,10411237216,1,"IOTHUB_CLIENT_CONFIRMATION_OK"
22330,10411237365,10411237415,1,"IOTHUB_CLIENT_CONFIRMATION_OK"
22331,10411237566,10411237606,1,"IOTHUB_CLIENT_CONFIRMATION_OK"
22332,10411237766,10411237803,1,"IOTHUB_CLIENT_CONFIRMATION_OK"
22333,10411237966,10411238032,1,"IOTHUB_CLIENT_CONFIRMATION_OK"
22334,10411238166,10411238214,1,"IOTHUB_CLIENT_CONFIRMATION_OK"
22335,10411238366,10411238412,1,"IOTHUB_CLIENT_CONFIRMATION_OK"
22336,10411238566,10411238640,1,"IOTHUB_CLIENT_CONFIRMATION_OK"
22337,10411238766,10411238817,1,"IOTHUB_CLIENT_CONFIRMATION_OK"
22338,10411238967,10411239015,1,"IOTHUB_CLIENT_CONFIRMATION_OK"
22339,10411239167,10411239230,1,"IOTHUB_CLIENT_CONFIRMATION_OK"
22340,10411239367,10411239410,1,"IOTHUB_CLIENT_CONFIRMATION_OK"
22341,10411239567,10411239689,1,"IOTHUB_CLIENT_CONFIRMATION_OK"
22342,10411239767,10411239803,1,"IOTHUB_CLIENT_CONFIRMATION_OK"
22343,10411239967,10411240014,1,"IOTHUB_CLIENT_CONFIRMATION_OK"
22344,10411240168,10411240269,1,"IOTHUB_CLIENT_CONFIRMATION_OK"
22345,10411240368,10411240424,1,"IOTHUB_CLIENT_CONFIRMATION_OK"
22346,10411240568,10411240609,1,"IOTHUB_CLIENT_CONFIRMATION_OK"
22347,10411240768,10411240910,1,"IOTHUB_CLIENT_CONFIRMATION_OK"
22348,10411240968,10411241013,1,"IOTHUB_CLIENT_CONFIRMATION_OK"
22349,10411241168,10411241204,1,"IOTHUB_CLIENT_CONFIRMATION_OK"
22350,10411241368,10411241487,1,"IOTHUB_CLIENT_CONFIRMATION_OK"
22351,10411241569,10411241617,1,"IOTHUB_CLIENT_CONFIRMATION_OK"
22352,10411241769,10411241812,1,"IOTHUB_CLIENT_CONFIRMATION_OK"
22353,10411241969,10411242019,1,"IOTHUB_CLIENT_CONFIRMATION_OK"
22354,10411242169,10411242211,1,"IOTHUB_CLIENT_CONFIRMATION_OK"
22355,10411242369,10411242492,1,"IOTHUB_CLIENT_CONFIRMATION_OK"
22356,10411242569,10411242616,1,"IOTHUB_CLIENT_CONFIRMATION_OK"
22357,10411242770,10411242829,1,"IOTHUB_CLIENT_CONFIRMATION_OK"
22358,10411242970,10411243120,1,"IOTHUB_CLIENT_CONFIRMATION_OK"
22359,10411243170,10411243212,1,"IOTHUB_CLIENT_CONFIRMATION_OK"
22360,10411243370,10411243418,1,"IOTHUB_CLIENT_CONFIRMATION_OK"
22361,10411243570,10411243617,1,"IOTHUB_CLIENT_CONFIRMATION_OK"
22362,10411243770,10411243809,1,"IOTHUB_CLIENT_CONFIRMATION_OK"
22363,10411243971,10411244016,1,"IOTHUB_CLIENT_CONFIRMATION_OK"
22364,10411244171,10411244214,1,"IOTHUB_CLIENT_CONFIRMATION_OK"
22365,10411244371,10411244410,1,"IOTHUB_CLIENT_CONFIRMATION_OK"
22366,10411244571,10411244608,1,"IOTHUB_CLIENT_CONFIRMATION_OK"
22367,10411244771,10411244816,1,"IOTHUB_CLIENT_CONFIRMATION_OK"
22368,10411244971,10411245056,1,"IOTHUB_CLIENT_CONFIRMATION_OK"
22369,10411245171,10411245223,1,"IOTHUB_CLIENT_CONFIRMATION_OK"
22370,10411245372,10411245414,1,"IOTHUB_CLIENT_CONFIRMATION_OK"
22371,10411245572,10411245613,1,"IOTHUB_CLIENT_CONFIRMATION_OK"
22372,10411245772,10411245975,1,"IOTHUB_CLIENT_CONFIRMATION_OK"
22373,10411245972,10411246017,1,"IOTHUB_CLIENT_CONFIRMATION_OK"
22374,10411246172,10411246219,1,"IOTHUB_CLIENT_CONFIRMATION_OK"
22375,10411246372,10411246431,1,"IOTHUB_CLIENT_CONFIRMATION_OK"
22376,10411246572,10411246608,1,"IOTHUB_CLIENT_CONFIRMATION_OK"
22377,10411246773,10411246814,1,"IOTHUB_CLIENT_CONFIRMATION_OK"
22378,10411246973,10411247049,1,"IOTHUB_CLIENT_CONFIRMATION_OK"
22379,10411247173,10411247214,1,"IOTHUB_CLIENT_CONFIRMATION_OK"
22380,10411247373,10411247414,1,"IOTHUB_CLIENT_CONFIRMATION_OK"
22381,10411247573,10411247612,1,"IOTHUB_CLIENT_CONFIRMATION_OK"
22382,10411247773,10411247810,1,"IOTHUB_CLIENT_CONFIRMATION_OK"
22383,10411247974,10411248054,1,"IOTHUB_CLIENT_CONFIRMATION_OK"
22384,10411248174,10411248219,1,"IOTHUB_CLIENT_CONFIRMATION_OK"
22385,10411248374,10411248411,1,"IOTHUB_CLIENT_CONFIRMATION_OK"
22386,10411248574,10411248670,1,"IOTHUB_CLIENT_CONFIRMATION_OK"
22387,10411248774,10411248815,1,"IOTHUB_CLIENT_CONFIRMATION_OK"
22388,10411248974,10411249020,1,"IOTHUB_CLIENT_CONFIRMATION_OK"
22389,10411249174,10411249275,1,"IOTHUB_CLIENT_CONFIRMATION_OK"
22390,10411249375,10411249415,1,"IOTHUB_CLIENT_CONFIRMATION_OK"
22391,10411249575,10411249613,1,"IOTHUB_CLIENT_CONFIRMATION_OK"
22392,10411249775,10411249914,1,"IOTHUB_CLIENT_CONFIRMATION_OK"
22393,10411249975,10411250013,1,"IOTHUB_CLIENT_CONFIRMATION_OK"
22394,10411250175,10411250214,1,"IOTHUB_CLIENT_CONFIRMATION_OK"
22395,10411250375,10411250496,1,"IOTHUB_CLIENT_CONFIRMATION_OK"
22396,10411250576,10411250621,1,"IOTHUB_CLIENT_CONFIRMATION_OK"
22397,10411250776,10411250821,1,"IOTHUB_CLIENT_CONFIRMATION_OK"
22398,10411250976,10411251067,1,"IOTHUB_CLIENT_CONFIRMATION_OK"
22399,10411251176,10411251222,1,"IOTHUB_CLIENT_CONFIRMATION_OK"
22400,10411251376,10411251554,1,"IOTHUB_CLIENT_CONFIRMATION_OK"
22401,10411251576,10411251619,1,"IOTHUB_CLIENT_CONFIRMATION_OK"
22402,10411251777,10411251830,1,"IOTHUB_CLIENT_CONFIRMATION_OK"
22403,10411251977,10411252015,1,"IOTHUB_CLIENT_CONFIRMATION_OK"
22404,10411252177,10411252221,1,"IOTHUB_CLIENT_CONFIRMATION_OK"
22405,10411252377,10411252417,1,"IOTHUB_CLIENT_CONFIRMATION_OK"
22406,10411252577,10411252616,1,"IOTHUB_CLIENT_CONFIRMATION_OK"
22407,10411252777,10411252816,1,"IOTHUB_CLIENT_CONFIRMATION_OK"
22408,10411252977,10411253013,1,"IOTHUB_CLIENT_CONFIRMATION_OK"
22409,10411253178,10411253221,1,"IOTHUB_CLIENT_CONFIRMATION_OK"
22410,10411253378,10411253513,1,"IOTHUB_CLIENT_CONFIRMATION_OK"
22411,10411253578,10411253616,1,"IOTHUB_CLIENT_CONFIRMATION_OK"
22412,10411253778,10411253824,1,"IOTHUB_CLIENT_CONFIRMATION_OK"
22413,10411253978,10411254017,1,"IOTHUB_CLIENT_CONFIRMATION_OK"
22414,10411254178,10411254388,1,"IOTHUB_CLIENT_CONFIRMATION_OK"
22415,10411254379,10411254422,1,"IOTHUB_CLIENT_CONFIRMATION_OK"
22416,10411254579,10411254643,1,"IOTHUB_CLIENT_CONFIRMATION_OK"
22417,10411254779,10411254849,1,"IOTHUB_CLIENT_CONFIRMATION_OK"
22418,10411254979,10411255016,1,"IOTHUB_CLIENT_CONFIRMATION_OK"
22419,10411255179,10411255247,1,"IOTHUB_CLIENT_CONFIRMATION_OK"
22420,10411255379,10411255428,1,"IOTHUB_CLIENT_CONFIRMATION_OK"
22421,10411255579,10411255638,1,"IOTHUB_CLIENT_CONFIRMATION_OK"
22422,10411255780,10411255816,1,"IOTHUB_CLIENT_CONFIRMATION_OK"
22423,10411255980,10411256044,1,"IOTHUB_CLIENT_CONFIRMATION_OK"
22424,10411256180,10411256243,1,"IOTHUB_CLIENT_CONFIRMATION_OK"
22425,10411256380,10411256704,1,"IOTHUB_CLIENT_CONFIRMATION_OK"
22426,10411256580,10411256724,1,"IOTHUB_CLIENT_CONFIRMATION_OK"
22427,10411256780,10411256824,1,"IOTHUB_CLIENT_CONFIRMATION_OK"
22428,10411256980,10411257128,1,"IOTHUB_CLIENT_CONFIRMATION_OK"
22429,10411257181,10411257229,1,"IOTHUB_CLIENT_CONFIRMATION_OK"
22430,10411257381,10411257425,1,"IOTHUB_CLIENT_CONFIRMATION_OK"
22431,10411257581,10411257720,1,"IOTHUB_CLIENT_CONFIRMATION_OK"
22432,10411257781,10411257824,1,"IOTHUB_CLIENT_CONFIRMATION_OK"
22433,10411257981,10411258041,1,"IOTHUB_CLIENT_CONFIRMATION_OK"
22434,10411258181,10411258226,1,"IOTHUB_CLIENT_CONFIRMATION_OK"
22435,10411258382,10411258432,1,"IOTHUB_CLIENT_CONFIRMATION_OK"
22436,10411258582,10411258632,1,"IOTHUB_CLIENT_CONFIRMATION_OK"
22437,10411258782,10411258855,1,"IOTHUB_CLIENT_CONFIRMATION_OK"
22438,10411258982,10411259021,1,"IOTHUB_CLIENT_CONFIRMATION_OK"
22439,10411259182,10411259241,1,"IOTHUB_CLIENT_CONFIRMATION_OK"
22440,10411259382,10411259422,1,"IOTHUB_CLIENT_CONFIRMATION_OK"
22441,10411259583,10411259630,1,"IOTHUB_CLIENT_CONFIRMATION_OK"
22442,10411259783,10411259981,1,"IOTHUB_CLIENT_CONFIRMATION_OK"
22443,10411259983,10411260024,1,"IOTHUB_CLIENT_CONFIRMATION_OK"
22444,10411260183,10411260266,1,"IOTHUB_CLIENT_CONFIRMATION_OK"
22445,10411260383,10411260451,1,"IOTHUB_CLIENT_CONFIRMATION_OK"
22446,10411260583,10411260629,1,"IOTHUB_CLIENT_CONFIRMATION_OK"
22447,10411260784,10411260838,1,"IOTHUB_CLIENT_CONFIRMATION_OK"
22448,10411260984,10411261062,1,"IOTHUB_CLIENT_CONFIRMATION_OK"
22449,10411261184,10411261250,1,"IOTHUB_CLIENT_CONFIRMATION_OK"
22450,10411261384,10411261439,1,"IOTHUB_CLIENT_CONFIRMATION_OK"
22451,10411261584,10411261697,1,"IOTHUB_CLIENT_CONFIRMATION_OK"
22452,10411261784,10411261833,1,"IOTHUB_CLIENT_CONFIRMATION_OK"
22453,10411261985,10411262025,1,"IOTHUB_CLIENT_CONFIRMATION_OK"
22454,10411262185,10411262231,1,"IOTHUB_CLIENT_CONFIRMATION_OK"
22455,10411262385,10411262427,1,"IOTHUB_CLIENT_CONFIRMATION_OK"
22456,10411262585,10411262694,1,"IOTHUB_CLIENT_CONFIRMATION_OK"
22457,10411262785,10411262866,1,"IOTHUB_CLIENT_CONFIRMATION_OK"
22458,10411262985,10411263020,1,"IOTHUB_CLIENT_CONFIRMATION_OK"
22459,10411263185,10411263358,1,"IOTHUB_CLIENT_CONFIRMATION_OK"
22460,10411263386,10411263423,1,"IOTHUB_CLIENT_CONFIRMATION_OK"
22461,10411263586,10411263621,1,"IOTHUB_CLIENT_CONFIRMATION_OK"
22462,10411263786,10411263930,1,"IOTHUB_CLIENT_CONFIRMATION_OK"
22463,10411263986,10411264023,1,"IOTHUB_CLIENT_CONFIRMATION_OK"
22464,10411264186,10411264281,1,"IOTHUB_CLIENT_CONFIRMATION_OK"
22465,10411264386,10411264439,1,"IOTHUB_CLIENT_CONFIRMATION_OK"
22466,10411264587,10411264635,1,"IOTHUB_CLIENT_CONFIRMATION_OK"
22467,10411264787,10411264822,1,"IOTHUB_CLIENT_CONFIRMATION_OK"
22468,10411264987,10411265034,1,"IOTHUB_CLIENT_CONFIRMATION_OK"
22469,10411265187,10411265258,1,"IOTHUB_CLIENT_CONFIRMATION_OK"
22470,10411265387,10411265608,1,"IOTHUB_CLIENT_CONFIRMATION_OK"
22471,10411265587,10411265629,1,"IOTHUB_CLIENT_CONFIRMATION_OK"
22472,10411265788,10411265834,1,"IOTHUB_CLIENT_CONFIRMATION_OK"
22473,10411265988,10411266036,1,"IOTHUB_CLIENT_CONFIRMATION_OK"
22474,10411266188,10411266226,1,"IOTHUB_CLIENT_CONFIRMATION_OK"
22475,10411266388,10411266440,1,"IOTHUB_CLIENT_CONFIRMATION_OK"
22476,10411266588,10411266666,1,"IOTHUB_CLIENT_CONFIRMATION_OK"
22477,10411266788,10411266843,1,"IOTHUB_CLIENT_CONFIRMATION_OK"
22478,10411266988,10411267026,1,"IOTHUB_CLIENT_CONFIRMATION_OK"
22479,10411267189,10411267236,1,"IOTHUB_CLIENT_CONFIRMATION_OK"
22480,10411267389,10411267449,1,"IOTHUB_CLIENT_CONFIRMATION_OK"
22481,10411267589,10411267625,1,"IOTHUB_CLIENT_CONFIRMATION_OK"
22482,10411267789,10411267844,1,"IOTHUB_CLIENT_CONFIRMATION_OK"
22483,10411267989,10411268030,1,"IOTHUB_CLIENT_CONFIRMATION_OK"
22484,10411268189,10411268242,1,"IOTHUB_CLIENT_CONFIRMATION_OK"
22485,10411268390,10411268435,1,"IOTHUB_CLIENT_CONFIRMATION_OK"
22486,10411268590,10411268630,1,"IOTHUB_CLIENT_CONFIRMATION_OK"
22487,10411268790,10411268905,1,"IOTHUB_CLIENT_CONFIRMATION_OK"
22488,10411268990,10411269044,1,"IOTHUB_CLIENT_CONFIRMATION_OK"
22489,10411269190,10411269232,1,"IOTHUB_CLIENT_CONFIRMATION_OK"
22490,10411269390,10411269497,1,"IOTHUB_CLIENT_CONFIRMATION_OK"
22491,10411269591,10411269699,1,"IOTHUB_CLIENT_CONFIRMATION_OK"
22492,10411269791,10411269891,1,"IOTHUB_CLIENT_CONFIRMATION_OK"
22493,10411269991,10411270101,1,"IOTHUB_CLIENT_CONFIRMATION_OK"
22494,10411270191,10411270235,1,"IOTHUB_CLIENT_CONFIRMATION_OK"
22495,10411270391,10411270456,1,"IOTHUB_CLIENT_CONFIRMATION_OK"
22496,10411270591,10411270652,1,"IOTHUB_CLIENT_CONFIRMATION_OK"
22497,10411270792,10411270832,1,"IOTHUB_CLIENT_CONFIRMATION_OK"
22498,10411270992,10411271185,1,"IOTHUB_CLIENT_CONFIRMATION_OK"
22499,10411271192,10411271236,1,"IOTHUB_CLIENT_CONFIRMATION_OK"
22500,10411271392,10411271428,1,"IOTHUB_CLIENT_CONFIRMATION_OK"
22501,10411271592,10411271627,1,"IOTHUB_CLIENT_CONFIRMATION_OK"
22502,10411271792,10411271841,1,"IOTHUB_CLIENT_CONFIRMATION_OK"
22503,10411271993,10411272032,1,"IOTHUB_CLIENT_CONFIRMATION_OK"
22504,10411272193,10411272225,1,"IOTHUB_CLIENT_CONFIRMATION_OK"
22505,10411272393,10411272436,1,"IOTHUB_CLIENT_CONFIRMATION_OK"
22506,10411272593,10411272639,1,"IOTHUB_CLIENT_CONFIRMATION_OK"
22507,10411272793,10411272844,1,"IOTHUB_CLIENT_CONFIRMATION_OK"
22508,10411272993,10411273041,1,"IOTHUB_CLIENT_CONFIRMATION_OK"
22509,10411273194,10411273231,1,"IOTHUB_CLIENT_CONFIRMATION_OK"
22510,10411273394,10411273449,1,"IOTHUB_CLIENT_CONFIRMATION_OK"
22511,10411273594,10411273640,1,"IOTHUB_CLIENT_CONFIRMATION_OK"
22512,10411273794,10411273830,1,"IOTHUB_CLIENT_CONFIRMATION_OK"
22513,10411273994,10411274042,1,"IOTHUB_CLIENT_CONFIRMATION_OK"
22514,10411274194,10411274233,1,"IOTHUB_CLIENT_CONFIRMATION_OK"
22515,10411274395,10411274454,1,"IOTHUB_CLIENT_CONFIRMATION_OK"
22516,10411274595,10411274637,1,"IOTHUB_CLIENT_CONFIRMATION_OK"
22517,10411274795,10411274834,1,"IOTHUB_CLIENT_CONFIRMATION_OK"
22518,10411274995,10411275063,1,"IOTHUB_CLIENT_CONFIRMATION_OK"
22519,10411275195,10411275236,1,"IOTHUB_CLIENT_CONFIRMATION_OK"
22520,10411275395,10411275438,1,"IOTHUB_CLIENT_CONFIRMATION_OK"
22521,10411275596,10411275772,1,"IOTHUB_CLIENT_CONFIRMATION_OK"
22522,10411275796,10411275844,1,"IOTHUB_CLIENT_CONFIRMATION_OK"
22523,10411275996,10411276035,1,"IOTHUB_CLIENT_CONFIRMATION_OK"
22524,10411276196,10411276249,1,"IOTHUB_CLIENT_CONFIRMATION_OK"
22525,10411276396,10411276434,1,"IOTHUB_CLIENT_CONFIRMATION_OK"
22526,10411276596,10411276693,1,"IOTHUB_CLIENT_CONFIRMATION_OK"
22527,10411276796,10411276835,1,"IOTHUB_CLIENT_CONFIRMATION_OK"
22528,10411276997,10411277037,1,"IOTHUB_CLIENT_CONFIRMATION_OK"
22529,10411277197,10411277393,1,"IOTHUB_CLIENT_CONFIRMATION_OK"
22530,10411277397,10411277438,1,"IOTHUB_CLIENT_CONFIRMATION_OK"
22531,10411277597,10411277640,1,"IOTHUB_CLIENT_CONFIRMATION_OK"
22532,10411277797,10411277836,1,"IOTHUB_CLIENT_CONFIRMATION_OK"
22533,10411277997,10411278044,1,"IOTHUB_CLIENT_CONFIRMATION_OK"
22534,10411278198,10411278236,1,"IOTHUB_CLIENT_CONFIRMATION_OK"
22535,10411278398,10411278440,1,"IOTHUB_CLIENT_CONFIRMATION_OK"
22536,10411278598,10411278647,1,"IOTHUB_CLIENT_CONFIRMATION_OK"
22537,10411278798,10411278870,1,"IOTHUB_CLIENT_CONFIRMATION_OK"
22538,10411278998,10411279041,1,"IOTHUB_CLIENT_CONFIRMATION_OK"
22539,10411279198,10411279245,1,"IOTHUB_CLIENT_CONFIRMATION_OK"
22540,10411279399,10411279437,1,"IOTHUB_CLIENT_CONFIRMATION_OK"
22541,10411279599,10411279645,1,"IOTHUB_CLIENT_CONFIRMATION_OK"
22542,10411279799,10411279849,1,"IOTHUB_CLIENT_CONFIRMATION_OK"
22543,10411279999,10411280061,1,"IOTHUB_CLIENT_CONFIRMATION_OK"
22544,10411280199,10411280234,1,"IOTHUB_CLIENT_CONFIRMATION_OK"
22545,10411280399,10411280458,1,"IOTHUB_CLIENT_CONFIRMATION_OK"
22546,10411280599,10411280677,1,"IOTHUB_CLIENT_CONFIRMATION_OK"
22547,10411280800,10411280853,1,"IOTHUB_CLIENT_CONFIRMATION_OK"
22548,10411281000,10411281166,1,"IOTHUB_CLIENT_CONFIRMATION_OK"
22549,10411281200,10411281367,1,"IOTHUB_CLIENT_CONFIRMATION_OK"
22550,10411281400,10411281445,1,"IOTHUB_CLIENT_CONFIRMATION_OK"
22551,10411281600,10411281640,1,"IOTHUB_CLIENT_CONFIRMATION_OK"
22552,10411281800,10411281835,1,"IOTHUB_CLIENT_CONFIRMATION_OK"
22553,10411282001,10411282043,1,"IOTHUB_CLIENT_CONFIRMATION_OK"
22554,10411282201,10411282247,1,"IOTHUB_CLIENT_CONFIRMATION_OK"
22555,10411282401,10411282440,1,"IOTHUB_CLIENT_CONFIRMATION_OK"
22556,10411282601,10411282703,1,"IOTHUB_CLIENT_CONFIRMATION_OK"
22557,10411282801,10411283016,1,"IOTHUB_CLIENT_CONFIRMATION_OK"
22558,10411283001,10411283039,1,"IOTHUB_CLIENT_CONFIRMATION_OK"
22559,10411283201,10411283237,1,"IOTHUB_CLIENT_CONFIRMATION_OK"
22560,10411283402,10411283440,1,"IOTHUB_CLIENT_CONFIRMATION_OK"
22561,10411283602,10411283699,1,"IOTHUB_CLIENT_CONFIRMATION_OK"
22562,10411283802,10411283839,1,"IOTHUB_CLIENT_CONFIRMATION_OK"
22563,10411284002,10411284048,1,"IOTHUB_CLIENT_CONFIRMATION_OK"
22564,10411284202,10411284275,1,"IOTHUB_CLIENT_CONFIRMATION_OK"
22565,10411284402,10411284483,1,"IOTHUB_CLIENT_CONFIRMATION_OK"
22566,10411284602,10411284668,1,"IOTHUB_CLIENT_CONFIRMATION_OK"
22567,10411284803,10411284844,1,"IOTHUB_CLIENT_CONFIRMATION_OK"
22568,10411285003,10411285050,1,"IOTHUB_CLIENT_CONFIRMATION_OK"
22569,10411285203,10411285242,1,"IOTHUB_CLIENT_CONFIRMATION_OK"
22570,10411285403,10411285445,1,"IOTHUB_CLIENT_CONFIRMATION_OK"
22571,10411285603,10411285643,1,"IOTHUB_CLIENT_CONFIRMATION_OK"
22572,10411285803,10411285871,1,"IOTHUB_CLIENT_CONFIRMATION_OK"
22573,10411286004,10411286044,1,"IOTHUB_CLIENT_CONFIRMATION_OK"
22574,10411286204,10411286255,1,"IOTHUB_CLIENT_CONFIRMATION_OK"
22575,10411286404,10411286449,1,"IOTHUB_CLIENT_CONFIRMATION_OK"
22576,10411286604,10411286649,1,"IOTHUB_CLIENT_CONFIRMATION_OK"
22577,10411286804,10411286874,1,"IOTHUB_CLIENT_CONFIRMATION_OK"
22578,10411287004,10411287048,1,"IOTHUB_CLIENT_CONFIRMATION_OK"
22579,10411287204,10411287243,1,"IOTHUB_CLIENT_CONFIRMATION_OK"
22580,10411287405,10411287509,1,"IOTHUB_CLIENT_CONFIRMATION_OK"
22581,10411287605,10411287659,1,"IOTHUB_CLIENT_CONFIRMATION_OK"
22582,10411287805,10411287866,1,"IOTHUB_CLIENT_CONFIRMATION_OK"
22583,10411288005,10411288046,1,"IOTHUB_CLIENT_CONFIRMATION_OK"
22584,10411288205,10411288244,1,"IOTHUB_CLIENT_CONFIRMATION_OK"
22585,10411288405,10411288568,1,"IOTHUB_CLIENT_CONFIRMATION_OK"
22586,10411288606,10411288652,1,"IOTHUB_CLIENT_CONFIRMATION_OK"
22587,10411288806,10411288851,1,"IOTHUB_CLIENT_CONFIRMATION_OK"
22588,10411289006,10411289171,1,"IOTHUB_CLIENT_CONFIRMATION_OK"
22589,10411289206,10411289274,1,"IOTHUB_CLIENT_CONFIRMATION_OK"
22590,10411289406,10411289444,1,"IOTHUB_CLIENT_CONFIRMATION_OK"
22591,10411289606,10411289689,1,"IOTHUB_CLIENT_CONFIRMATION_OK"
22592,10411289807,10411289855,1,"IOTHUB_CLIENT_CONFIRMATION_OK"
22593,10411290007,10411290048,1,"IOTHUB_CLIENT_CONFIRMATION_OK"
22594,10411290207,10411290241,1,"IOTHUB_CLIENT_CONFIRMATION_OK"
22595,10411290407,10411290454,1,"IOTHUB_CLIENT_CONFIRMATION_OK"
22596,10411290607,10411290644,1,"IOTHUB_CLIENT_CONFIRMATION_OK"
22597,10411290807,10411290855,1,"IOTHUB_CLIENT_CONFIRMATION_OK"
22598,10411291008,10411291054,1,"IOTHUB_CLIENT_CONFIRMATION_OK"
22599,10411291208,10411291451,1,"IOTHUB_CLIENT_CONFIRMATION_OK"
22600,10411291408,10411291473,1,"IOTHUB_CLIENT_CONFIRMATION_OK"
22601,10411291608,10411291643,1,"IOTHUB_CLIENT_CONFIRMATION_OK"
22602,10411291808,10411291847,1,"IOTHUB_CLIENT_CONFIRMATION_OK"
22603,10411292008,10411292051,1,"IOTHUB_CLIENT_CONFIRMATION_OK"
22604,10411292208,10411292261,1,"IOTHUB_CLIENT_CONFIRMATION_OK"
22605,10411292409,10411292459,1,"IOTHUB_CLIENT_CONFIRMATION_OK"
22606,10411292609,10411292649,1,"IOTHUB_CLIENT_CONFIRMATION_OK"
22607,10411292809,10411292854,1,"IOTHUB_CLIENT_CONFIRMATION_OK"
22608,10411293009,10411293072,1,"IOTHUB_CLIENT_CONFIRMATION_OK"
22609,10411293209,10411293259,1,"IOTHUB_CLIENT_CONFIRMATION_OK"
22610,10411293409,10411293478,1,"IOTHUB_CLIENT_CONFIRMATION_OK"
22611,10411293610,10411293654,1,"IOTHUB_CLIENT_CONFIRMATION_OK"
22612,10411293810,10411293855,1,"IOTHUB_CLIENT_CONFIRMATION_OK"
22613,10411294010,10411294049,1,"IOTHUB_CLIENT_CONFIRMATION_OK"
22614,10411294210,10411294251,1,"IOTHUB_CLIENT_CONFIRMATION_OK"
22615,10411294410,10411294457,1,"IOTHUB_CLIENT_CONFIRMATION_OK"
22616,10411294610,10411294774,1,"IOTHUB_CLIENT_CONFIRMATION_OK"
22617,10411294811,10411294855,1,"IOTHUB_CLIENT_CONFIRMATION_OK"
22618,10411295011,10411295057,1,"IOTHUB_CLIENT_CONFIRMATION_OK"
22619,10411295211,10411295348,1,"IOTHUB_CLIENT_CONFIRMATION_OK"
22620,10411295411,10411295457,1,"IOTHUB_CLIENT_CONFIRMATION_OK"
22621,10411295611,10411295652,1,"IOTHUB_CLIENT_CONFIRMATION_OK"
22622,10411295811,10411295851,1,"IOTHUB_CLIENT_CONFIRMATION_OK"
22623,10411296012,10411296063,1,"IOTHUB_CLIENT_CONFIRMATION_OK"
22624,10411296212,10411296275,1,"IOTHUB_CLIENT_CONFIRMATION_OK"
22625,10411296412,10411296455,1,"IOTHUB_CLIENT_CONFIRMATION_OK"
22626,10411296612,10411296661,1,"IOTHUB_CLIENT_CONFIRMATION_OK"
22627,10411296812,10411297000,1,"IOTHUB_CLIENT_CONFIRMATION_OK"
22628,10411297012,10411297055,1,"IOTHUB_CLIENT_CONFIRMATION_OK"
22629,10411297213,10411297249,1,"IOTHUB_CLIENT_CONFIRMATION_OK"
22630,10411297413,10411297461,1,"IOTHUB_CLIENT_CONFIRMATION_OK"
22631,10411297613,10411297675,1,"IOTHUB_CLIENT_CONFIRMATION_OK"
22632,10411297813,10411297847,1,"IOTHUB_CLIENT_CONFIRMATION_OK"
22633,10411298013,10411298058,1,"IOTHUB_CLIENT_CONFIRMATION_OK"
22634,10411298213,10411298286,1,"IOTHUB_CLIENT_CONFIRMATION_OK"
22635,10411298414,10411298524,1,"IOTHUB_CLIENT_CONFIRMATION_OK"
22636,10411298614,10411298759,1,"IOTHUB_CLIENT_CONFIRMATION_OK"
22637,10411298814,10411298862,1,"IOTHUB_CLIENT_CONFIRMATION_OK"
22638,10411299014,10411299053,1,"IOTHUB_CLIENT_CONFIRMATION_OK"
22639,10411299214,10411299246,1,"IOTHUB_CLIENT_CONFIRMATION_OK"
22640,10411299414,10411299493,1,"IOTHUB_CLIENT_CONFIRMATION_OK"
22641,10411299615,10411299747,1,"IOTHUB_CLIENT_CONFIRMATION_OK"
22642,10411299815,10411299853,1,"IOTHUB_CLIENT_CONFIRMATION_OK"
22643,10411300015,10411300091,1,"IOTHUB_CLIENT_CONFIRMATION_OK"
22644,10411300215,10411300392,1,"IOTHUB_CLIENT_CONFIRMATION_OK"
22645,10411300415,10411300459,1,"IOTHUB_CLIENT_CONFIRMATION_OK"
22646,10411300615,10411300660,1,"IOTHUB_CLIENT_CONFIRMATION_OK"
22647,10411300816,10411300858,1,"IOTHUB_CLIENT_CONFIRMATION_OK"
22648,10411301016,10411301052,1,"IOTHUB_CLIENT_CONFIRMATION_OK"
22649,10411301216,10411301262,1,"IOTHUB_CLIENT_CONFIRMATION_OK"
22650,10411301416,10411301452,1,"IOTHUB_CLIENT_CONFIRMATION_OK"
22651,10411301616,10411301676,1,"IOTHUB_CLIENT_CONFIRMATION_OK"
22652,10411301816,10411301848,1,"IOTHUB_CLIENT_CONFIRMATION_OK"
22653,10411302016,10411302069,1,"IOTHUB_CLIENT_CONFIRMATION_OK"
22654,10411302217,10411302264,1,"IOTHUB_CLIENT_CONFIRMATION_OK"
22655,10411302417,10411302622,1,"IOTHUB_CLIENT_CONFIRMATION_OK"
22656,10411302617,10411302660,1,"IOTHUB_CLIENT_CONFIRMATION_OK"
22657,10411302817,10411302856,1,"IOTHUB_CLIENT_CONFIRMATION_OK"
22658,10411303017,10411303057,1,"IOTHUB_CLIENT_CONFIRMATION_OK"
22659,10411303217,10411303303,1,"IOTHUB_CLIENT_CONFIRMATION_OK"
22660,10411303418,10411303461,1,"IOTHUB_CLIENT_CONFIRMATION_OK"
22661,10411303618,10411303748,1,"IOTHUB_CLIENT_CONFIRMATION_OK"
22662,10411303818,10411303861,1,"IOTHUB_CLIENT_CONFIRMATION_OK"
22663,10411304018,10411304061,1,"IOTHUB_CLIENT_CONFIRMATION_OK"
22664,10411304218,10411304286,1,"IOTHUB_CLIENT_CONFIRMATION_OK"
22665,10411304418,10411304464,1,"IOTHUB_CLIENT_CONFIRMATION_OK"
22666,10411304619,10411304662,1,"IOTHUB_CLIENT_CONFIRMATION_OK"
22667,10411304819,10411304877,1,"IOTHUB_CLIENT_CONFIRMATION_OK"
22668,10411305019,10411305065,1,"IOTHUB_CLIENT_CONFIRMATION_OK"
22669,10411305219,10411305279,1,"IOTHUB_CLIENT_CONFIRMATION_OK"
22670,10411305419,10411305521,1,"IOTHUB_CLIENT_CONFIRMATION_OK"
22671,10411305619,10411305660,1,"IOTHUB_CLIENT_CONFIRMATION_OK"
22672,10411305820,10411305895,1,"IOTHUB_CLIENT_CONFIRMATION_OK"
22673,10411306020,10411306062,1,"IOTHUB_CLIENT_CONFIRMATION_OK"
22674,10411306220,10411306262,1,"IOTHUB_CLIENT_CONFIRMATION_OK"
22675,10411306420,10411306519,1,"IOTHUB_CLIENT_CONFIRMATION_OK"
22676,10411306620,10411306663,1,"IOTHUB_CLIENT_CONFIRMATION_OK"
22677,10411306820,10411306861,1,"IOTHUB_CLIENT_CONFIRMATION_OK"
22678,10411307021,10411307173,1,"IOTHUB_CLIENT_CONFIRMATION_OK"
22679,10411307221,10411307265,1,"IOTHUB_CLIENT_CONFIRMATION_OK"
22680,10411307421,10411307465,1,"IOTHUB_CLIENT_CONFIRMATION_OK"
22681,10411307621,10411307668,1,"IOTHUB_CLIENT_CONFIRMATION_OK"
22682,10411307821,10411307873,1,"IOTHUB_CLIENT_CONFIRMATION_OK"
22683,10411308021,10411308073,1,"IOTHUB_CLIENT_CONFIRMATION_OK"
22684,10411308222,10411308267,1,"IOTHUB_CLIENT_CONFIRMATION_OK"
22685,10411308422,10411308464,1,"IOTHUB_CLIENT_CONFIRMATION_OK"
22686,10411308622,10411308783,1,"IOTHUB_CLIENT_CONFIRMATION_OK"
22687,10411308822,10411308863,1,"IOTHUB_CLIENT_CONFIRMATION_OK"
22688,10411309022,10411309138,1,"IOTHUB_CLIENT_CONFIRMATION_OK"
22689,10411309222,10411309270,1,"IOTHUB_CLIENT_CONFIRMATION_OK"
22690,10411309422,10411309488,1,"IOTHUB_CLIENT_CONFIRMATION_OK"
22691,10411309623,10411309659,1,"IOTHUB_CLIENT_CONFIRMATION_OK"
22692,10411309823,10411309860,1,"IOTHUB_CLIENT_CONFIRMATION_OK"
22693,10411310023,10411310078,1,"IOTHUB_CLIENT_CONFIRMATION_OK"
22694,10411310223,10411310271,1,"IOTHUB_CLIENT_CONFIRMATION_OK"
22695,10411310423,10411310465,1,"IOTHUB_CLIENT_CONFIRMATION_OK"
22696,10411310623,10411310682,1,"IOTHUB_CLIENT_CONFIRMATION_OK"
22697,10411310823,10411310859,1,"IOTHUB_CLIENT_CONFIRMATION_OK"
22698,10411311024,10411311069,1,"IOTHUB_CLIENT_CONFIRMATION_OK"
22699,10411311224,10411311279,1,"IOTHUB_CLIENT_CONFIRMATION_OK"
22700,10411311424,10411311470,1,"IOTHUB_CLIENT_CONFIRMATION_OK"
22701,10411311624,10411311662,1,"IOTHUB_CLIENT_CONFIRMATION_OK"
22702,10411311824,10411311860,1,"IOTHUB_CLIENT_CONFIRMATION_OK"
22703,10411312024,10411312062,1,"IOTHUB_CLIENT_CONFIRMATION_OK"
22704,10411312225,10411312269,1,"IOTHUB_CLIENT_CONFIRMATION_OK"
22705,10411312425,10411312460,1,"IOTHUB_CLIENT_CONFIRMATION_OK"
22706,10411312625,10411312670,1,"IOTHUB_CLIENT_CONFIRMATION_OK"
22707,10411312825,10411312861,1,"IOTHUB_CLIENT_CONFIRMATION_OK"
22708,10411313025,10411313064,1,"IOTHUB_CLIENT_CONFIRMATION_OK"
22709,10411313225,10411313274,1,"IOTHUB_CLIENT_CONFIRMATION_OK"
22710,10411313426,10411313489,1,"IOTHUB_CLIENT_CONFIRMATION_OK"
22711,10411313626,10411313662,1,"IOTHUB_CLIENT_CONFIRMATION_OK"
22712,10411313826,10411313858,1,"IOTHUB_CLIENT_CONFIRMATION_OK"
22713,10411314026,10411314062,1,"IOTHUB_CLIENT_CONFIRMATION_OK"
22714,10411314226,10411314293,1,"IOTHUB_CLIENT_CONFIRMATION_OK"
22715,10411314426,10411314472,1,"IOTHUB_CLIENT_CONFIRMATION_OK"
22716,10411314627,10411314674,1,"IOTHUB_CLIENT_CONFIRMATION_OK"
22717,10411314827,10411314921,1,"IOTHUB_CLIENT_CONFIRMATION_OK"
22718,10411315027,10411315074,1,"IOTHUB_CLIENT_CONFIRMATION_OK"
22719,10411315227,10411315270,1,"IOTHUB_CLIENT_CONFIRMATION_OK"
22720,10411315427,10411315522,1,"IOTHUB_CLIENT_CONFIRMATION_OK"
22721,10411315627,10411315673,1,"IOTHUB_CLIENT_CONFIRMATION_OK"
22722,10411315828,10411315863,1,"IOTHUB_CLIENT_CONFIRMATION_OK"
22723,10411316028,10411316075,1,"IOTHUB_CLIENT_CONFIRMATION_OK"
22724,10411316228,10411316265,1,"IOTHUB_CLIENT_CONFIRMATION_OK"
22725,10411316428,10411316472,1,"IOTHUB_CLIENT_CONFIRMATION_OK"
22726,10411316628,10411316664,1,"IOTHUB_CLIENT_CONFIRMATION_OK"
22727,10411316828,10411316867,1,"IOTHUB_CLIENT_CONFIRMATION_OK"
22728,10411317029,10411317179,1,"IOTHUB_CLIENT_CONFIRMATION_OK"
22729,10411317229,10411317276,1,"IOTHUB_CLIENT_CONFIRMATION_OK"
22730,10411317429,10411317464,1,"IOTHUB_CLIENT_CONFIRMATION_OK"
22731,10411317629,10411317841,1,"IOTHUB_CLIENT_CONFIRMATION_OK"
22732,10411317829,10411317872,1,"IOTHUB_CLIENT_CONFIRMATION_OK"
22733,10411318029,10411318075,1,"IOTHUB_CLIENT_CONFIRMATION_OK"
22734,10411318230,10411318293,1,"IOTHUB_CLIENT_CONFIRMATION_OK"
22735,10411318430,10411318478,1,"IOTHUB_CLIENT_CONFIRMATION_OK"
22736,10411318630,10411318674,1,"IOTHUB_CLIENT_CONFIRMATION_OK"
22737,10411318830,10411318864,1,"IOTHUB_CLIENT_CONFIRMATION_OK"
22738,10411319030,10411319087,1,"IOTHUB_CLIENT_CONFIRMATION_OK"
22739,10411319230,10411319287,1,"IOTHUB_CLIENT_CONFIRMATION_OK"
22740,10411319431,10411319504,1,"IOTHUB_CLIENT_CONFIRMATION_OK"
22741,10411319631,10411319691,1,"IOTHUB_CLIENT_CONFIRMATION_OK"
22742,10411319831,10411319869,1,"IOTHUB_CLIENT_CONFIRMATION_OK"
22743,10411320031,10411320072,1,"IOTHUB_CLIENT_CONFIRMATION_OK"
22744,10411320231,10411320276,1,"IOTHUB_CLIENT_CONFIRMATION_OK"
22745,10411320431,10411320469,1,"IOTHUB_CLIENT_CONFIRMATION_OK"
22746,10411320632,10411320671,1,"IOTHUB_CLIENT_CONFIRMATION_OK"
22747,10411320832,10411320894,1,"IOTHUB_CLIENT_CONFIRMATION_OK"
22748,10411321032,10411321080,1,"IOTHUB_CLIENT_CONFIRMATION_OK"
22749,10411321232,10411321276,1,"IOTHUB_CLIENT_CONFIRMATION_OK"
22750,10411321432,10411321469,1,"IOTHUB_CLIENT_CONFIRMATION_OK"
22751,10411321632,10411321705,1,"IOTHUB_CLIENT_CONFIRMATION_OK"
22752,10411321833,10411321869,1,"IOTHUB_CLIENT_CONFIRMATION_OK"
22753,10411322033,10411322069,1,"IOTHUB_CLIENT_CONFIRMATION_OK"
22754,10411322233,10411322276,1,"IOTHUB_CLIENT_CONFIRMATION_OK"
22755,10411322433,10411322470,1,"IOTHUB_CLIENT_CONFIRMATION_OK"
22756,10411322633,10411322720,1,"IOTHUB_CLIENT_CONFIRMATION_OK"
22757,10411322833,10411322879,1,"IOTHUB_CLIENT_CONFIRMATION_OK"
22758,10411323034,10411323070,1,"IOTHUB_CLIENT_CONFIRMATION_OK"
22759,10411323234,10411323349,1,"IOTHUB_CLIENT_CONFIRMATION_OK"
22760,10411323434,10411323481,1,"IOTHUB_CLIENT_CONFIRMATION_OK"
22761,10411323634,10411323679,1,"IOTHUB_CLIENT_CONFIRMATION_OK"
22762,10411323834,10411323947,1,"IOTHUB_CLIENT_CONFIRMATION_OK"
22763,10411324034,10411324075,1,"IOTHUB_CLIENT_CONFIRMATION_OK"
22764,10411324235,10411324276,1,"IOTHUB_CLIENT_CONFIRMATION_OK"
22765,10411324435,10411324483,1,"IOTHUB_CLIENT_CONFIRMATION_OK"
22766,10411324635,10411324674,1,"IOTHUB_CLIENT_CONFIRMATION_OK"
22767,10411324835,10411324873,1,"IOTHUB_CLIENT_CONFIRMATION_OK"
22768,10411325035,10411325082,1,"IOTHUB_CLIENT_CONFIRMATION_OK"
22769,10411325235,10411325275,1,"IOTHUB_CLIENT_CONFIRMATION_OK"
22770,10411325435,10411325591,1,"IOTHUB_CLIENT_CONFIRMATION_OK"
22771,10411325636,10411325683,1,"IOTHUB_CLIENT_CONFIRMATION_OK"
22772,10411325836,10411325892,1,"IOTHUB_CLIENT_CONFIRMATION_OK"
22773,10411326036,10411326196,1,"IOTHUB_CLIENT_CONFIRMATION_OK"
22774,10411326236,10411326279,1,"IOTHUB_CLIENT_CONFIRMATION_OK"
22775,10411326436,10411326500,1,"IOTHUB_CLIENT_CONFIRMATION_OK"
22776,10411326636,10411326676,1,"IOTHUB_CLIENT_CONFIRMATION_OK"
22777,10411326837,10411326887,1,"IOTHUB_CLIENT_CONFIRMATION_OK"
22778,10411327037,10411327077,1,"IOTHUB_CLIENT_CONFIRMATION_OK"
22779,10411327237,10411327291,1,"IOTHUB_CLIENT_CONFIRMATION_OK"
22780,10411327437,10411327477,1,"IOTHUB_CLIENT_CONFIRMATION_OK"
22781,10411327637,10411327722,1,"IOTHUB_CLIENT_CONFIRMATION_OK"
22782,10411327837,10411327960,1,"IOTHUB_CLIENT_CONFIRMATION_OK"
22783,10411328038,10411328074,1,"IOTHUB_CLIENT_CONFIRMATION_OK"
22784,10411328238,10411328423,1,"IOTHUB_CLIENT_CONFIRMATION_OK"
22785,10411328438,10411328474,1,"IOTHUB_CLIENT_CONFIRMATION_OK"
22786,10411328638,10411328676,1,"IOTHUB_CLIENT_CONFIRMATION_OK"
22787,10411328838,10411328879,1,"IOTHUB_CLIENT_CONFIRMATION_OK"
22788,10411329038,10411329081,1,"IOTHUB_CLIENT_CONFIRMATION_OK"
22789,10411329239,10411329283,1,"IOTHUB_CLIENT_CONFIRMATION_OK"
22790,10411329439,10411329484,1,"IOTHUB_CLIENT_CONFIRMATION_OK"
22791,10411329639,10411329691,1,"IOTHUB_CLIENT_CONFIRMATION_OK"
22792,10411329839,10411329889,1,"IOTHUB_CLIENT_CONFIRMATION_OK"
22793,10411330039,10411330081,1,"IOTHUB_CLIENT_CONFIRMATION_OK"
22794,10411330239,10411330288,1,"IOTHUB_CLIENT_CONFIRMATION_OK"
22795,10411330440,10411330501,1,"IOTHUB_CLIENT_CONFIRMATION_OK"
22796,10411330640,10411330686,1,"IOTHUB_CLIENT_CONFIRMATION_OK"
22797,10411330840,10411330879,1,"IOTHUB_CLIENT_CONFIRMATION_OK"
22798,10411331040,10411331294,1,"IOTHUB_CLIENT_CONFIRMATION_OK"
22799,10411331240,10411331329,1,"IOTHUB_CLIENT_CONFIRMATION_OK"
22800,10411331440,10411331492,1,"IOTHUB_CLIENT_CONFIRMATION_OK"
22801,10411331641,10411331730,1,"IOTHUB_CLIENT_CONFIRMATION_OK"
22802,10411331841,10411331876,1,"IOTHUB_CLIENT_CONFIRMATION_OK"
22803,10411332041,10411332082,1,"IOTHUB_CLIENT_CONFIRMATION_OK"
22804,10411332241,10411332324,1,"IOTHUB_CLIENT_CONFIRMATION_OK"
22805,10411332441,10411332475,1,"IOTHUB_CLIENT_CONFIRMATION_OK"
22806,10411332641,10411332701,1,"IOTHUB_CLIENT_CONFIRMATION_OK"
22807,10411332842,10411332917,1,"IOTHUB_CLIENT_CONFIRMATION_OK"
22808,10411333042,10411333145,1,"IOTHUB_CLIENT_CONFIRMATION_OK"
22809,10411333242,10411333287,1,"IOTHUB_CLIENT_CONFIRMATION_OK"
22810,10411333442,10411333486,1,"IOTHUB_CLIENT_CONFIRMATION_OK"
22811,10411333642,10411333685,1,"IOTHUB_CLIENT_CONFIRMATION_OK"
22812,10411333842,10411333971,1,"IOTHUB_CLIENT_CONFIRMATION_OK"
22813,10411334043,10411334088,1,"IOTHUB_CLIENT_CONFIRMATION_OK"
22814,10411334243,10411334286,1,"IOTHUB_CLIENT_CONFIRMATION_OK"
22815,10411334443,10411334588,1,"IOTHUB_CLIENT_CONFIRMATION_OK"
22816,10411334643,10411334695,1,"IOTHUB_CLIENT_CONFIRMATION_OK"
22817,10411334843,10411334879,1,"IOTHUB_CLIENT_CONFIRMATION_OK"
22818,10411335043,10411335194,1,"IOTHUB_CLIENT_CONFIRMATION_OK"
22819,10411335244,10411335282,1,"IOTHUB_CLIENT_CONFIRMATION_OK"
22820,10411335444,10411335512,1,"IOTHUB_CLIENT_CONFIRMATION_OK"
22821,10411335644,10411335685,1,"IOTHUB_CLIENT_CONFIRMATION_OK"
22822,10411335844,10411335886,1,"IOTHUB_CLIENT_CONFIRMATION_OK"
22823,10411336044,10411336088,1,"IOTHUB_CLIENT_CONFIRMATION_OK"
22824,10411336244,10411336286,1,"IOTHUB_CLIENT_CONFIRMATION_OK"
22825,10411336445,10411336493,1,"IOTHUB_CLIENT_CONFIRMATION_OK"
22826,10411336645,10411336695,1,"IOTHUB_CLIENT_CONFIRMATION_OK"
22827,10411336845,10411336890,1,"IOTHUB_CLIENT_CONFIRMATION_OK"
22828,10411337045,10411337089,1,"IOTHUB_CLIENT_CONFIRMATION_OK"
22829,10411337245,10411337427,1,"IOTHUB_CLIENT_CONFIRMATION_OK"
22830,10411337445,10411337497,1,"IOTHUB_CLIENT_CONFIRMATION_OK"
22831,10411337646,10411337694,1,"IOTHUB_CLIENT_CONFIRMATION_OK"
22832,10411337846,10411337886,1,"IOTHUB_CLIENT_CONFIRMATION_OK"
22833,10411338046,10411338087,1,"IOTHUB_CLIENT_CONFIRMATION_OK"
22834,10411338246,10411338278,1,"IOTHUB_CLIENT_CONFIRMATION_OK"
22835,10411338446,10411338489,1,"IOTHUB_CLIENT_CONFIRMATION_OK"
22836,10411338646,10411338693,1,"IOTHUB_CLIENT_CONFIRMATION_OK"
22837,10411338847,10411338894,1,"IOTHUB_CLIENT_CONFIRMATION_OK"
22838,10411339047,10411339089,1,"IOTHUB_CLIENT_CONFIRMATION_OK"
22839,10411339247,10411339287,1,"IOTHUB_CLIENT_CONFIRMATION_OK"
22840,10411339447,10411339486,1,"IOTHUB_CLIENT_CONFIRMATION_OK"
22841,10411339647,10411339696,1,"IOTHUB_CLIENT_CONFIRMATION_OK"
22842,10411339847,10411339897,1,"IOTHUB_CLIENT_CONFIRMATION_OK"
22843,10411340047,10411340094,1,"IOTHUB_CLIENT_CONFIRMATION_OK"
22844,10411340248,10411340294,1,"IOTHUB_CLIENT_CONFIRMATION_OK"
22845,10411340448,10411340499,1,"IOTHUB_CLIENT_CONFIRMATION_OK"
22846,10411340648,10411340693,1,"IOTHUB_CLIENT_CONFIRMATION_OK"
22847,10411340848,10411340906,1,"IOTHUB_CLIENT_CONFIRMATION_OK"
22848,10411341048,10411341086,1,"IOTHUB_CLIENT_CONFIRMATION_OK"
22849,10411341248,10411341310,1,"IOTHUB_CLIENT_CONFIRMATION_OK"
22850,10411341449,10411341487,1,"IOTHUB_CLIENT_CONFIRMATION_OK"
22851,10411341649,10411341695,1,"IOTHUB_CLIENT_CONFIRMATION_OK"
22852,10411341849,10411341928,1,"IOTHUB_CLIENT_CONFIRMATION_OK"
22853,10411342049,10411342094,1,"IOTHUB_CLIENT_CONFIRMATION_OK"
22854,10411342249,10411342289,1,"IOTHUB_CLIENT_CONFIRMATION_OK"
22855,10411342449,10411342491,1,"IOTHUB_CLIENT_CONFIRMATION_OK"
22856,10411342650,10411342688,1,"IOTHUB_CLIENT_CONFIRMATION_OK"
22857,10411342850,10411342934,1,"IOTHUB_CLIENT_CONFIRMATION_OK"
22858,10411343050,10411343086,1,"IOTHUB_CLIENT_CONFIRMATION_OK"
22859,10411343250,10411343287,1,"IOTHUB_CLIENT_CONFIRMATION_OK"
22860,10411343450,10411343539,1,"IOTHUB_CLIENT_CONFIRMATION_OK"
22861,10411343650,10411343696,1,"IOTHUB_CLIENT_CONFIRMATION_OK"
22862,10411343851,10411343922,1,"IOTHUB_CLIENT_CONFIRMATION_OK"
22863,10411344051,10411344158,1,"IOTHUB_CLIENT_CONFIRMATION_OK"
22864,10411344251,10411344286,1,"IOTHUB_CLIENT_CONFIRMATION_OK"
22865,10411344451,10411344488,1,"IOTHUB_CLIENT_CONFIRMATION_OK"
22866,10411344651,10411344720,1,"IOTHUB_CLIENT_CONFIRMATION_OK"
22867,10411344851,10411344925,1,"IOTHUB_CLIENT_CONFIRMATION_OK"
22868,10411345051,10411345092,1,"IOTHUB_CLIENT_CONFIRMATION_OK"
22869,10411345252,10411345293,1,"IOTHUB_CLIENT_CONFIRMATION_OK"
22870,10411345452,10411345492,1,"IOTHUB_CLIENT_CONFIRMATION_OK"
22871,10411345652,10411345775,1,"IOTHUB_CLIENT_CONFIRMATION_OK"
22872,10411345852,10411345937,1,"IOTHUB_CLIENT_CONFIRMATION_OK"
22873,10411346052,10411346085,1,"IOTHUB_CLIENT_CONFIRMATION_OK"
22874,10411346252,10411346382,1,"IOTHUB_CLIENT_CONFIRMATION_OK"
22875,10411346453,10411346522,1,"IOTHUB_CLIENT_CONFIRMATION_OK"
22876,10411346653,10411346692,1,"IOTHUB_CLIENT_CONFIRMATION_OK"
22877,10411346853,10411346901,1,"IOTHUB_CLIENT_CONFIRMATION_OK"
22878,10411347053,10411347096,1,"IOTHUB_CLIENT_CONFIRMATION_OK"
22879,10411347253,10411347296,1,"IOTHUB_CLIENT_CONFIRMATION_OK"
22880,10411347453,10411347491,1,"IOTHUB_CLIENT_CONFIRMATION_OK"
22881,10411347654,10411347692,1,"IOTHUB_CLIENT_CONFIRMATION_OK"
22882,10411347854,10411347892,1,"IOTHUB_CLIENT_CONFIRMATION_OK"
22883,10411348054,10411348092,1,"IOTHUB_CLIENT_CONFIRMATION_OK"
22884,10411348254,10411348291,1,"IOTHUB_CLIENT_CONFIRMATION_OK"
22885,10411348454,10411348615,1,"IOTHUB_CLIENT_CONFIRMATION_OK"
22886,10411348654,10411348695,1,"IOTHUB_CLIENT_CONFIRMATION_OK"
22887,10411348854,10411348910,1,"IOTHUB_CLIENT_CONFIRMATION_OK"
22888,10411349055,10411349290,1,"IOTHUB_CLIENT_CONFIRMATION_OK"
22889,10411349255,10411349359,1,"IOTHUB_CLIENT_CONFIRMATION_OK"
22890,10411349455,10411349494,1,"IOTHUB_CLIENT_CONFIRMATION_OK"
22891,10411349655,10411349723,1,"IOTHUB_CLIENT_CONFIRMATION_OK"
22892,10411349855,10411349906,1,"IOTHUB_CLIENT_CONFIRMATION_OK"
22893,10411350056,10411350099,1,"IOTHUB_CLIENT_CONFIRMATION_OK"
22894,10411350256,10411350302,1,"IOTHUB_CLIENT_CONFIRMATION_OK"
22895,10411350456,10411350494,1,"IOTHUB_CLIENT_CONFIRMATION_OK"
22896,10411350656,10411350822,1,"IOTHUB_CLIENT_CONFIRMATION_OK"
22897,10411350856,10411350906,1,"IOTHUB_CLIENT_CONFIRMATION_OK"
22898,10411351056,10411351098,1,"IOTHUB_CLIENT_CONFIRMATION_OK"
22899,10411351257,10411351456,1,"IOTHUB_CLIENT_CONFIRMATION_OK"
22900,10411351457,10411351506,1,"IOTHUB_CLIENT_CONFIRMATION_OK"
22901,10411351657,10411351695,1,"IOTHUB_CLIENT_CONFIRMATION_OK"
22902,10411351857,10411351895,1,"IOTHUB_CLIENT_CONFIRMATION_OK"
22903,10411352057,10411352102,1,"IOTHUB_CLIENT_CONFIRMATION_OK"
22904,10411352257,10411352300,1,"IOTHUB_CLIENT_CONFIRMATION_OK"
22905,10411352457,10411352507,1,"IOTHUB_CLIENT_CONFIRMATION_OK"
22906,10411352658,10411352695,1,"IOTHUB_CLIENT_CONFIRMATION_OK"
22907,10411352858,10411352905,1,"IOTHUB_CLIENT_CONFIRMATION_OK"
22908,10411353058,10411353099,1,"IOTHUB_CLIENT_CONFIRMATION_OK"
22909,10411353258,10411353322,1,"IOTHUB_CLIENT_CONFIRMATION_OK"
22910,10411353458,10411353502,1,"IOTHUB_CLIENT_CONFIRMATION_OK"
22911,10411353658,10411353703,1,"IOTHUB_CLIENT_CONFIRMATION_OK"
22912,10411353859,10411353906,1,"IOTHUB_CLIENT_CONFIRMATION_OK"
22913,10411354059,10411354097,1,"IOTHUB_CLIENT_CONFIRMATION_OK"
22914,10411354259,10411354316,1,"IOTHUB_CLIENT_CONFIRMATION_OK"
22915,10411354459,10411354495,1,"IOTHUB_CLIENT_CONFIRMATION_OK"
22916,10411354659,10411354705,1,"IOTHUB_CLIENT_CONFIRMATION_OK"
22917,10411354859,10411354900,1,"IOTHUB_CLIENT_CONFIRMATION_OK"
22918,10411355060,10411355090,1,"IOTHUB_CLIENT_CONFIRMATION_OK"
22919,10411355260,10411355323,1,"IOTHUB_CLIENT_CONFIRMATION_OK"
22920,10411355460,10411355496,1,"IOTHUB_CLIENT_CONFIRMATION_OK"
22921,10411355660,10411355706,1,"IOTHUB_CLIENT_CONFIRMATION_OK"
22922,10411355860,10411356038,1,"IOTHUB_CLIENT_CONFIRMATION_OK"
22923,10411356060,10411356096,1,"IOTHUB_CLIENT_CONFIRMATION_OK"
22924,10411356261,10411356305,1,"IOTHUB_CLIENT_CONFIRMATION_OK"
22925,10411356461,10411356506,1,"IOTHUB_CLIENT_CONFIRMATION_OK"
22926,10411356661,10411356730,1,"IOTHUB_CLIENT_CONFIRMATION_OK"
22927,10411356861,10411357057,1,"IOTHUB_CLIENT_CONFIRMATION_OK"
22928,10411357061,10411357104,1,"IOTHUB_CLIENT_CONFIRMATION_OK"
22929,10411357261,10411357311,1,"IOTHUB_CLIENT_CONFIRMATION_OK"
22930,10411357462,10411357505,1,"IOTHUB_CLIENT_CONFIRMATION_OK"
22931,10411357662,10411357705,1,"IOTHUB_CLIENT_CONFIRMATION_OK"
22932,10411357862,10411357913,1,"IOTHUB_CLIENT_CONFIRMATION_OK"
22933,10411358062,10411358099,1,"IOTHUB_CLIENT_CONFIRMATION_OK"
22934,10411358262,10411358306,1,"IOTHUB_CLIENT_CONFIRMATION_OK"
22935,10411358462,10411358502,1,"IOTHUB_CLIENT_CONFIRMATION_OK"
22936,10411358663,10411358705,1,"IOTHUB_CLIENT_CONFIRMATION_OK"
22937,10411358863,10411358916,1,"IOTHUB_CLIENT_CONFIRMATION_OK"
22938,10411359063,10411359119,1,"IOTHUB_CLIENT_CONFIRMATION_OK"
22939,10411359263,10411359309,1,"IOTHUB_CLIENT_CONFIRMATION_OK"
22940,10411359463,10411359505,1,"IOTHUB_CLIENT_CONFIRMATION_OK"
22941,10411359663,10411359711,1,"IOTHUB_CLIENT_CONFIRMATION_OK"
22942,10411359864,10411359903,1,"IOTHUB_CLIENT_CONFIRMATION_OK"
22943,10411360064,10411360100,1,"IOTHUB_CLIENT_CONFIRMATION_OK"
22944,10411360264,10411360301,1,"IOTHUB_CLIENT_CONFIRMATION_OK"
22945,10411360464,10411360503,1,"IOTHUB_CLIENT_CONFIRMATION_OK"
22946,10411360664,10411360700,1,"IOTHUB_CLIENT_CONFIRMATION_OK"
22947,10411360864,10411360947,1,"IOTHUB_CLIENT_CONFIRMATION_OK"
22948,10411361065,10411361114,1,"IOTHUB_CLIENT_CONFIRMATION_OK"
22949,10411361265,10411361309,1,"IOTHUB_CLIENT_CONFIRMATION_OK"
22950,10411361465,10411361626,1,"IOTHUB_CLIENT_CONFIRMATION_OK"
22951,10411361665,10411361708,1,"IOTHUB_CLIENT_CONFIRMATION_OK"
22952,10411361865,10411361912,1,"IOTHUB_CLIENT_CONFIRMATION_OK"
22953,10411362065,10411362108,1,"IOTHUB_CLIENT_CONFIRMATION_OK"
22954,10411362266,10411362369,1,"IOTHUB_CLIENT_CONFIRMATION_OK"
22955,10411362466,10411362536,1,"IOTHUB_CLIENT_CONFIRMATION_OK"
22956,10411362666,10411362709,1,"IOTHUB_CLIENT_CONFIRMATION_OK"
22957,10411362866,10411362903,1,"IOTHUB_CLIENT_CONFIRMATION_OK"
22958,10411363066,10411363157,1,"IOTHUB_CLIENT_CONFIRMATION_OK"
22959,10411363266,10411363314,1,"IOTHUB_CLIENT_CONFIRMATION_OK"
22960,10411363467,10411363505,1,"IOTHUB_CLIENT_CONFIRMATION_OK"
22961,10411363667,10411363774,1,"IOTHUB_CLIENT_CONFIRMATION_OK"
22962,10411363867,10411363907,1,"IOTHUB_CLIENT_CONFIRMATION_OK"
22963,10411364067,10411364106,1,"IOTHUB_CLIENT_CONFIRMATION_OK"
22964,10411364267,10411364305,1,"IOTHUB_CLIENT_CONFIRMATION_OK"
22965,10411364467,10411364502,1,"IOTHUB_CLIENT_CONFIRMATION_OK"
22966,10411364668,10411364760,1,"IOTHUB_CLIENT_CONFIRMATION_OK"
22967,10411364868,10411364909,1,"IOTHUB_CLIENT_CONFIRMATION_OK"
22968,10411365068,10411365124,1,"IOTHUB_CLIENT_CONFIRMATION_OK"
22969,10411365268,10411365408,1,"IOTHUB_CLIENT_CONFIRMATION_OK"
22970,10411365468,10411365518,1,"IOTHUB_CLIENT_CONFIRMATION_OK"
22971,10411365668,10411365719,1,"IOTHUB_CLIENT_CONFIRMATION_OK"
22972,10411365869,10411366014,1,"IOTHUB_CLIENT_CONFIRMATION_OK"
22973,10411366069,10411366110,1,"IOTHUB_CLIENT_CONFIRMATION_OK"
22974,10411366269,10411366346,1,"IOTHUB_CLIENT_CONFIRMATION_OK"
22975,10411366469,10411366626,1,"IOTHUB_CLIENT_CONFIRMATION_OK"
22976,10411366669,10411366705,1,"IOTHUB_CLIENT_CONFIRMATION_OK"
22977,10411366869,10411366916,1,"IOTHUB_CLIENT_CONFIRMATION_OK"
22978,10411367070,10411367113,1,"IOTHUB_CLIENT_CONFIRMATION_OK"
22979,10411367270,10411367306,1,"IOTHUB_CLIENT_CONFIRMATION_OK"
22980,10411367470,10411367514,1,"IOTHUB_CLIENT_CONFIRMATION_OK"
22981,10411367670,10411367714,1,"IOTHUB_CLIENT_CONFIRMATION_OK"
22982,10411367870,10411367905,1,"IOTHUB_CLIENT_CONFIRMATION_OK"
22983,10411368070,10411368112,1,"IOTHUB_CLIENT_CONFIRMATION_OK"
22984,10411368270,10411368312,1,"IOTHUB_CLIENT_CONFIRMATION_OK"
22985,10411368471,10411368511,1,"IOTHUB_CLIENT_CONFIRMATION_OK"
22986,10411368671,10411368866,1,"IOTHUB_CLIENT_CONFIRMATION_OK"
22987,10411368871,10411368909,1,"IOTHUB_CLIENT_CONFIRMATION_OK"
22988,10411369071,10411369120,1,"IOTHUB_CLIENT_CONFIRMATION_OK"
22989,10411369271,10411369313,1,"IOTHUB_CLIENT_CONFIRMATION_OK"
22990,10411369471,10411369514,1,"IOTHUB_CLIENT_CONFIRMATION_OK"
22991,10411369672,10411369796,1,"IOTHUB_CLIENT_CONFIRMATION_OK"
22992,10411369872,10411369931,1,"IOTHUB_CLIENT_CONFIRMATION_OK"
22993,10411370072,10411370112,1,"IOTHUB_CLIENT_CONFIRMATION_OK"
22994,10411370272,10411370311,1,"IOTHUB_CLIENT_CONFIRMATION_OK"
22995,10411370472,10411370518,1,"IOTHUB_CLIENT_CONFIRMATION_OK"
22996,10411370672,10411370734,1,"IOTHUB_CLIENT_CONFIRMATION_OK"
22997,10411370873,10411370914,1,"IOTHUB_CLIENT_CONFIRMATION_OK"
22998,10411371073,10411371119,1,"IOTHUB_CLIENT_CONFIRMATION_OK"
22999,10411371273,10411371313,1,"IOTHUB_CLIENT_CONFIRMATION_OK"
23000,10411371473,10411371519,1,"IOTHUB_CLIENT_CONFIRMATION_OK"
23001,10411371673,10411371720,1,"IOTHUB_CLIENT_CONFIRMATION_OK"
23002,10411371873,10411371908,1,"IOTHUB_CLIENT_CONFIRMATION_OK"
23003,10411372074,10411372116,1,"IOTHUB_CLIENT_CONFIRMATION_OK"
23004,10411372274,10411372326,1,"IOTHUB_CLIENT_CONFIRMATION_OK"
23005,10411372474,10411372507,1,"IOTHUB_CLIENT_CONFIRMATION_OK"
23006,10411372674,10411372741,1,"IOTHUB_CLIENT_CONFIRMATION_OK"
23007,10411372874,10411372921,1,"IOTHUB_CLIENT_CONFIRMATION_OK"
23008,10411373074,10411373122,1,"IOTHUB_CLIENT_CONFIRMATION_OK"
23009,10411373275,10411373353,1,"IOTHUB_CLIENT_CONFIRMATION_OK"
23010,10411373475,10411373532,1,"IOTHUB_CLIENT_CONFIRMATION_OK"
23011,10411373675,10411373716,1,"IOTHUB_CLIENT_CONFIRMATION_OK"
23012,10411373875,10411373917,1,"IOTHUB_CLIENT_CONFIRMATION_OK"
23013,10411374075,10411374121,1,"IOTHUB_CLIENT_CONFIRMATION_OK"
23014,10411374275,10411374352,1,"IOTHUB_CLIENT_CONFIRMATION_OK"
23015,10411374476,10411374523,1,"IOTHUB_CLIENT_CONFIRMATION_OK"
23016,10411374676,10411374718,1,"IOTHUB_CLIENT_CONFIRMATION_OK"
23017,10411374876,10411374968,1,"IOTHUB_CLIENT_CONFIRMATION_OK"
23018,10411375076,10411375122,1,"IOTHUB_CLIENT_CONFIRMATION_OK"
23019,10411375276,10411375320,1,"IOTHUB_CLIENT_CONFIRMATION_OK"
23020,10411375476,10411375572,1,"IOTHUB_CLIENT_CONFIRMATION_OK"
23021,10411375676,10411375714,1,"IOTHUB_CLIENT_CONFIRMATION_OK"
23022,10411375877,10411375980,1,"IOTHUB_CLIENT_CONFIRMATION_OK"
23023,10411376077,10411376119,1,"IOTHUB_CLIENT_CONFIRMATION_OK"
23024,10411376277,10411376318,1,"IOTHUB_CLIENT_CONFIRMATION_OK"
23025,10411376477,10411376528,1,"IOTHUB_CLIENT_CONFIRMATION_OK"
23026,10411376677,10411376715,1,"IOTHUB_CLIENT_CONFIRMATION_OK"
23027,10411376878,10411376921,1,"IOTHUB_CLIENT_CONFIRMATION_OK"
23028,10411377078,10411377200,1,"IOTHUB_CLIENT_CONFIRMATION_OK"
23029,10411377278,10411377342,1,"IOTHUB_CLIENT_CONFIRMATION_OK"
23030,10411377478,10411377519,1,"IOTHUB_CLIENT_CONFIRMATION_OK"
23031,10411377678,10411377814,1,"IOTHUB_CLIENT_CONFIRMATION_OK"
23032,10411377878,10411377951,1,"IOTHUB_CLIENT_CONFIRMATION_OK"
23033,10411378078,10411378207,1,"IOTHUB_CLIENT_CONFIRMATION_OK"
23034,10411378279,10411378317,1,"IOTHUB_CLIENT_CONFIRMATION_OK"
23035,10411378479,10411378546,1,"IOTHUB_CLIENT_CONFIRMATION_OK"
23036,10411378679,10411378726,1,"IOTHUB_CLIENT_CONFIRMATION_OK"
23037,10411378879,10411378922,1,"IOTHUB_CLIENT_CONFIRMATION_OK"
23038,10411379079,10411379149,1,"IOTHUB_CLIENT_CONFIRMATION_OK"
23039,10411379279,10411379322,1,"IOTHUB_CLIENT_CONFIRMATION_OK"
23040,10411379480,10411379528,1,"IOTHUB_CLIENT_CONFIRMATION_OK"
23041,10411379680,10411379721,1,"IOTHUB_CLIENT_CONFIRMATION_OK"
23042,10411379880,10411380094,1,"IOTHUB_CLIENT_CONFIRMATION_OK"
23043,10411380080,10411380118,1,"IOTHUB_CLIENT_CONFIRMATION_OK"
23044,10411380280,10411380328,1,"IOTHUB_CLIENT_CONFIRMATION_OK"
23045,10411380480,10411380524,1,"IOTHUB_CLIENT_CONFIRMATION_OK"
23046,10411380681,10411380727,1,"IOTHUB_CLIENT_CONFIRMATION_OK"
23047,10411380881,10411380937,1,"IOTHUB_CLIENT_CONFIRMATION_OK"
23048,10411381081,10411381117,1,"IOTHUB_CLIENT_CONFIRMATION_OK"
23049,10411381281,10411381352,1,"IOTHUB_CLIENT_CONFIRMATION_OK"
23050,10411381481,10411381523,1,"IOTHUB_CLIENT_CONFIRMATION_OK"
23051,10411381681,10411381737,1,"IOTHUB_CLIENT_CONFIRMATION_OK"
23052,10411381882,10411381955,1,"IOTHUB_CLIENT_CONFIRMATION_OK"
23053,10411382082,10411382156,1,"IOTHUB_CLIENT_CONFIRMATION_OK"
23054,10411382282,10411382326,1,"IOTHUB_CLIENT_CONFIRMATION_OK"
23055,10411382482,10411382560,1,"IOTHUB_CLIENT_CONFIRMATION_OK"
23056,10411382682,10411382751,1,"IOTHUB_CLIENT_CONFIRMATION_OK"
23057,10411382882,10411382930,1,"IOTHUB_CLIENT_CONFIRMATION_OK"
23058,10411383083,10411383124,1,"IOTHUB_CLIENT_CONFIRMATION_OK"
23059,10411383283,10411383339,1,"IOTHUB_CLIENT_CONFIRMATION_OK"
23060,10411383483,10411383522,1,"IOTHUB_CLIENT_CONFIRMATION_OK"
23061,10411383683,10411383724,1,"IOTHUB_CLIENT_CONFIRMATION_OK"
23062,10411383883,10411383955,1,"IOTHUB_CLIENT_CONFIRMATION_OK"
23063,10411384083,10411384121,1,"IOTHUB_CLIENT_CONFIRMATION_OK"
23064,10411384284,10411384324,1,"IOTHUB_CLIENT_CONFIRMATION_OK"
23065,10411384484,10411384558,1,"IOTHUB_CLIENT_CONFIRMATION_OK"
23066,10411384684,10411384729,1,"IOTHUB_CLIENT_CONFIRMATION_OK"
23067,10411384884,10411384928,1,"IOTHUB_CLIENT_CONFIRMATION_OK"
23068,10411385084,10411385124,1,"IOTHUB_CLIENT_CONFIRMATION_OK"
23069,10411385284,10411385315,1,"IOTHUB_CLIENT_CONFIRMATION_OK"
23070,10411385485,10411385590,1,"IOTHUB_CLIENT_CONFIRMATION_OK"
23071,10411385685,10411385722,1,"IOTHUB_CLIENT_CONFIRMATION_OK"
23072,10411385885,10411385919,1,"IOTHUB_CLIENT_CONFIRMATION_OK"
23073,10411386085,10411386217,1,"IOTHUB_CLIENT_CONFIRMATION_OK"
23074,10411386285,10411386325,1,"IOTHUB_CLIENT_CONFIRMATION_OK"
23075,10411386485,10411386530,1,"IOTHUB_CLIENT_CONFIRMATION_OK"
23076,10411386686,10411386823,1,"IOTHUB_CLIENT_CONFIRMATION_OK"
23077,10411386886,10411386933,1,"IOTHUB_CLIENT_CONFIRMATION_OK"
23078,10411387086,10411387130,1,"IOTHUB_CLIENT_CONFIRMATION_OK"
23079,10411387286,10411387332,1,"IOTHUB_CLIENT_CONFIRMATION_OK"
23080,10411387486,10411387529,1,"IOTHUB_CLIENT_CONFIRMATION_OK"
23081,10411387686,10411387748,1,"IOTHUB_CLIENT_CONFIRMATION_OK"
23082,10411387887,10411387931,1,"IOTHUB_CLIENT_CONFIRMATION_OK"
23083,10411388087,10411388126,1,"IOTHUB_CLIENT_CONFIRMATION_OK"
23084,10411388287,10411388438,1,"IOTHUB_CLIENT_CONFIRMATION_OK"
23085,10411388487,10411388536,1,"IOTHUB_CLIENT_CONFIRMATION_OK"
23086,10411388687,10411388760,1,"IOTHUB_CLIENT_CONFIRMATION_OK"
23087,10411388887,10411389055,1,"IOTHUB_CLIENT_CONFIRMATION_OK"
23088,10411389088,10411389128,1,"IOTHUB_CLIENT_CONFIRMATION_OK"
23089,10411389288,10411389329,1,"IOTHUB_CLIENT_CONFIRMATION_OK"
23090,10411389488,10411389528,1,"IOTHUB_CLIENT_CONFIRMATION_OK"
23091,10411389688,10411389731,1,"IOTHUB_CLIENT_CONFIRMATION_OK"
23092,10411389888,10411389926,1,"IOTHUB_CLIENT_CONFIRMATION_OK"
23093,10411390088,10411390126,1,"IOTHUB_CLIENT_CONFIRMATION_OK"
23094,10411390289,10411390334,1,"IOTHUB_CLIENT_CONFIRMATION_OK"
23095,10411390489,10411390524,1,"IOTHUB_CLIENT_CONFIRMATION_OK"
23096,10411390689,10411390736,1,"IOTHUB_CLIENT_CONFIRMATION_OK"
23097,10411390889,10411390934,1,"IOTHUB_CLIENT_CONFIRMATION_OK"
23098,10411391089,10411391277,1,"IOTHUB_CLIENT_CONFIRMATION_OK"
23099,10411391289,10411391335,1,"IOTHUB_CLIENT_CONFIRMATION_OK"
23100,10411391490,10411391531,1,"IOTHUB_CLIENT_CONFIRMATION_OK"
23101,10411391690,10411391729,1,"IOTHUB_CLIENT_CONFIRMATION_OK"
23102,10411391890,10411391929,1,"IOTHUB_CLIENT_CONFIRMATION_OK"
23103,10411392090,10411392126,1,"IOTHUB_CLIENT_CONFIRMATION_OK"
23104,10411392290,10411392359,1,"IOTHUB_CLIENT_CONFIRMATION_OK"
23105,10411392490,10411392532,1,"IOTHUB_CLIENT_CONFIRMATION_OK"
23106,10411392691,10411392734,1,"IOTHUB_CLIENT_CONFIRMATION_OK"
23107,10411392891,10411392952,1,"IOTHUB_CLIENT_CONFIRMATION_OK"
23108,10411393091,10411393155,1,"IOTHUB_CLIENT_CONFIRMATION_OK"
23109,10411393291,10411393353,1,"IOTHUB_CLIENT_CONFIRMATION_OK"
23110,10411393491,10411393550,1,"IOTHUB_CLIENT_CONFIRMATION_OK"
23111,10411393691,10411393762,1,"IOTHUB_CLIENT_CONFIRMATION_OK"
23112,10411393892,10411393949,1,"IOTHUB_CLIENT_CONFIRMATION_OK"
23113,10411394092,10411394126,1,"IOTHUB_CLIENT_CONFIRMATION_OK"
23114,10411394292,10411394342,1,"IOTHUB_CLIENT_CONFIRMATION_OK"
23115,10411394492,10411394565,1,"IOTHUB_CLIENT_CONFIRMATION_OK"
23116,10411394692,10411394732,1,"IOTHUB_CLIENT_CONFIRMATION_OK"
23117,10411394892,10411394969,1,"IOTHUB_CLIENT_CONFIRMATION_OK"
23118,10411395093,10411395186,1,"IOTHUB_CLIENT_CONFIRMATION_OK"
23119,10411395293,10411395349,1,"IOTHUB_CLIENT_CONFIRMATION_OK"
23120,10411395493,10411395539,1,"IOTHUB_CLIENT_CONFIRMATION_OK"
23121,10411395693,10411395793,1,"IOTHUB_CLIENT_CONFIRMATION_OK"
23122,10411395893,10411395934,1,"IOTHUB_CLIENT_CONFIRMATION_OK"
23123,10411396093,10411396135,1,"IOTHUB_CLIENT_CONFIRMATION_OK"
23124,10411396294,10411396341,1,"IOTHUB_CLIENT_CONFIRMATION_OK"
23125,10411396494,10411396544,1,"IOTHUB_CLIENT_CONFIRMATION_OK"
23126,10411396694,10411396738,1,"IOTHUB_CLIENT_CONFIRMATION_OK"
23127,10411396894,10411396933,1,"IOTHUB_CLIENT_CONFIRMATION_OK"
23128,10411397094,10411397140,1,"IOTHUB_CLIENT_CONFIRMATION_OK"
23129,10411397294,10411397419,1,"IOTHUB_CLIENT_CONFIRMATION_OK"
23130,10411397495,10411397530,1,"IOTHUB_CLIENT_CONFIRMATION_OK"
23131,10411397695,10411397738,1,"IOTHUB_CLIENT_CONFIRMATION_OK"
23132,10411397895,10411398039,1,"IOTHUB_CLIENT_CONFIRMATION_OK"
23133,10411398095,10411398133,1,"IOTHUB_CLIENT_CONFIRMATION_OK"
23134,10411398295,10411398347,1,"IOTHUB_CLIENT_CONFIRMATION_OK"
23135,10411398495,10411398533,1,"IOTHUB_CLIENT_CONFIRMATION_OK"
23136,10411398696,10411398740,1,"IOTHUB_CLIENT_CONFIRMATION_OK"
23137,10411398896,10411398946,1,"IOTHUB_CLIENT_CONFIRMATION_OK"
23138,10411399096,10411399238,1,"IOTHUB_CLIENT_CONFIRMATION_OK"
23139,10411399296,10411399370,1,"IOTHUB_CLIENT_CONFIRMATION_OK"
23140,10411399496,10411399547,1,"IOTHUB_CLIENT_CONFIRMATION_OK"
23141,10411399696,10411399765,1,"IOTHUB_CLIENT_CONFIRMATION_OK"
23142,10411399897,10411399935,1,"IOTHUB_CLIENT_CONFIRMATION_OK"
23143,10411400097,10411400419,1,"IOTHUB_CLIENT_CONFIRMATION_OK"
23144,10411400297,10411400496,1,"IOTHUB_CLIENT_CONFIRMATION_OK"
23145,10411400497,10411400542,1,"IOTHUB_CLIENT_CONFIRMATION_OK"
23146,10411400697,10411400980,1,"IOTHUB_CLIENT_CONFIRMATION_OK"
23147,10411400897,10411401008,1,"IOTHUB_CLIENT_CONFIRMATION_OK"
23148,10411401098,10411401159,1,"IOTHUB_CLIENT_CONFIRMATION_OK"
23149,10411401298,10411401394,1,"IOTHUB_CLIENT_CONFIRMATION_OK"
23150,10411401498,10411401536,1,"IOTHUB_CLIENT_CONFIRMATION_OK"
23151,10411401698,10411401747,1,"IOTHUB_CLIENT_CONFIRMATION_OK"
23152,10411401898,10411401941,1,"IOTHUB_CLIENT_CONFIRMATION_OK"
23153,10411402098,10411402167,1,"IOTHUB_CLIENT_CONFIRMATION_OK"
23154,10411402299,10411402333,1,"IOTHUB_CLIENT_CONFIRMATION_OK"
23155,10411402499,10411402587,1,"IOTHUB_CLIENT_CONFIRMATION_OK"
23156,10411402699,10411402738,1,"IOTHUB_CLIENT_CONFIRMATION_OK"
23157,10411402899,10411402947,1,"IOTHUB_CLIENT_CONFIRMATION_OK"
23158,10411403099,10411403142,1,"IOTHUB_CLIENT_CONFIRMATION_OK"
23159,10411403299,10411403349,1,"IOTHUB_CLIENT_CONFIRMATION_OK"
23160,10411403500,10411403543,1,"IOTHUB_CLIENT_CONFIRMATION_OK"
23161,10411403700,10411403754,1,"IOTHUB_CLIENT_CONFIRMATION_OK"
23162,10411403900,10411404001,1,"IOTHUB_CLIENT_CONFIRMATION_OK"
23163,10411404100,10411404143,1,"IOTHUB_CLIENT_CONFIRMATION_OK"
23164,10411404300,10411404452,1,"IOTHUB_CLIENT_CONFIRMATION_OK"
23165,10411404500,10411404537,1,"IOTHUB_CLIENT_CONFIRMATION_OK"
23166,10411404701,10411404866,1,"IOTHUB_CLIENT_CONFIRMATION_OK"
23167,10411404901,10411404982,1,"IOTHUB_CLIENT_CONFIRMATION_OK"
23168,10411405101,10411405147,1,"IOTHUB_CLIENT_CONFIRMATION_OK"
23169,10411405301,10411405344,1,"IOTHUB_CLIENT_CONFIRMATION_OK"
23170,10411405501,10411405550,1,"IOTHUB_CLIENT_CONFIRMATION_OK"
23171,10411405701,10411405911,1,"IOTHUB_CLIENT_CONFIRMATION_OK"
23172,10411405902,10411405954,1,"IOTHUB_CLIENT_CONFIRMATION_OK"
23173,10411406102,10411406150,1,"IOTHUB_CLIENT_CONFIRMATION_OK"
23174,10411406302,10411406472,1,"IOTHUB_CLIENT_CONFIRMATION_OK"
23175,10411406502,10411406538,1,"IOTHUB_CLIENT_CONFIRMATION_OK"
23176,10411406702,10411406746,1,"IOTHUB_CLIENT_CONFIRMATION_OK"
23177,10411406902,10411406964,1,"IOTHUB_CLIENT_CONFIRMATION_OK"
23178,10411407103,10411407150,1,"IOTHUB_CLIENT_CONFIRMATION_OK"
23179,10411407303,10411407343,1,"IOTHUB_CLIENT_CONFIRMATION_OK"
23180,10411407503,10411407569,1,"IOTHUB_CLIENT_CONFIRMATION_OK"
23181,10411407703,10411407749,1,"IOTHUB_CLIENT_CONFIRMATION_OK"
23182,10411407903,10411407940,1,"IOTHUB_CLIENT_CONFIRMATION_OK"
23183,10411408103,10411408142,1,"IOTHUB_CLIENT_CONFIRMATION_OK"
23184,10411408304,10411408401,1,"IOTHUB_CLIENT_CONFIRMATION_OK"
23185,10411408504,10411408610,1,"IOTHUB_CLIENT_CONFIRMATION_OK"
23186,10411408704,10411408739,1,"IOTHUB_CLIENT_CONFIRMATION_OK"
23187,10411408904,10411408948,1,"IOTHUB_CLIENT_CONFIRMATION_OK"
23188,10411409104,10411409219,1,"IOTHUB_CLIENT_CONFIRMATION_OK"
23189,10411409304,10411409369,1,"IOTHUB_CLIENT_CONFIRMATION_OK"
23190,10411409505,10411409547,1,"IOTHUB_CLIENT_CONFIRMATION_OK"
23191,10411409705,10411409842,1,"IOTHUB_CLIENT_CONFIRMATION_OK"
23192,10411409905,10411409969,1,"IOTHUB_CLIENT_CONFIRMATION_OK"
23193,10411410105,10411410145,1,"IOTHUB_CLIENT_CONFIRMATION_OK"
23194,10411410305,10411410351,1,"IOTHUB_CLIENT_CONFIRMATION_OK"
23195,10411410505,10411410540,1,"IOTHUB_CLIENT_CONFIRMATION_OK"
23196,10411410706,10411410748,1,"IOTHUB_CLIENT_CONFIRMATION_OK"
23197,10411410906,10411410945,1,"IOTHUB_CLIENT_CONFIRMATION_OK"
23198,10411411106,10411411151,1,"IOTHUB_CLIENT_CONFIRMATION_OK"
23199,10411411306,10411411522,1,"IOTHUB_CLIENT_CONFIRMATION_OK"
23200,10411411506,10411411559,1,"IOTHUB_CLIENT_CONFIRMATION_OK"
23201,10411411706,10411411831,1,"IOTHUB_CLIENT_CONFIRMATION_OK"
23202,10411411907,10411411951,1,"IOTHUB_CLIENT_CONFIRMATION_OK"
23203,10411412107,10411412151,1,"IOTHUB_CLIENT_CONFIRMATION_OK"
23204,10411412307,10411412390,1,"IOTHUB_CLIENT_CONFIRMATION_OK"
23205,10411412507,10411412554,1,"IOTHUB_CLIENT_CONFIRMATION_OK"
23206,10411412707,10411412745,1,"IOTHUB_CLIENT_CONFIRMATION_OK"
23207,10411412907,10411412951,1,"IOTHUB_CLIENT_CONFIRMATION_OK"
23208,10411413108,10411413153,1,"IOTHUB_CLIENT_CONFIRMATION_OK"
23209,10411413308,10411413363,1,"IOTHUB_CLIENT_CONFIRMATION_OK"
23210,10411413508,10411413552,1,"IOTHUB_CLIENT_CONFIRMATION_OK"
23211,10411413708,10411413753,1,"IOTHUB_CLIENT_CONFIRMATION_OK"
23212,10411413908,10411413953,1,"IOTHUB_CLIENT_CONFIRMATION_OK"
23213,10411414108,10411414163,1,"IOTHUB_CLIENT_CONFIRMATION_OK"
23214,10411414309,10411414349,1,"IOTHUB_CLIENT_CONFIRMATION_OK"
23215,10411414509,10411414557,1,"IOTHUB_CLIENT_CONFIRMATION_OK"
23216,10411414709,10411414779,1,"IOTHUB_CLIENT_CONFIRMATION_OK"
23217,10411414909,10411414958,1,"IOTHUB_CLIENT_CONFIRMATION_OK"
23218,10411415109,10411415156,1,"IOTHUB_CLIENT_CONFIRMATION_OK"
23219,10411415309,10411415402,1,"IOTHUB_CLIENT_CONFIRMATION_OK"
23220,10411415510,10411415557,1,"IOTHUB_CLIENT_CONFIRMATION_OK"
23221,10411415710,10411415763,1,"IOTHUB_CLIENT_CONFIRMATION_OK"
23222,10411415910,10411416006,1,"IOTHUB_CLIENT_CONFIRMATION_OK"
23223,10411416110,10411416174,1,"IOTHUB_CLIENT_CONFIRMATION_OK"
23224,10411416310,10411416349,1,"IOTHUB_CLIENT_CONFIRMATION_OK"
23225,10411416511,10411416563,1,"IOTHUB_CLIENT_CONFIRMATION_OK"
23226,10411416711,10411416754,1,"IOTHUB_CLIENT_CONFIRMATION_OK"
23227,10411416911,10411417012,1,"IOTHUB_CLIENT_CONFIRMATION_OK"
23228,10411417111,10411417148,1,"IOTHUB_CLIENT_CONFIRMATION_OK"
23229,10411417311,10411417355,1,"IOTHUB_CLIENT_CONFIRMATION_OK"
23230,10411417511,10411417626,1,"IOTHUB_CLIENT_CONFIRMATION_OK"
23231,10411417711,10411417771,1,"IOTHUB_CLIENT_CONFIRMATION_OK"
23232,10411417912,10411417961,1,"IOTHUB_CLIENT_CONFIRMATION_OK"
23233,10411418112,10411418245,1,"IOTHUB_CLIENT_CONFIRMATION_OK"
23234,10411418312,10411418372,1,"IOTHUB_CLIENT_CONFIRMATION_OK"
23235,10411418512,10411418553,1,"IOTHUB_CLIENT_CONFIRMATION_OK"
23236,10411418712,10411418781,1,"IOTHUB_CLIENT_CONFIRMATION_OK"
23237,10411418912,10411418952,1,"IOTHUB_CLIENT_CONFIRMATION_OK"
23238,10411419113,10411419171,1,"IOTHUB_CLIENT_CONFIRMATION_OK"
23239,10411419313,10411419358,1,"IOTHUB_CLIENT_CONFIRMATION_OK"
23240,10411419513,10411419567,1,"IOTHUB_CLIENT_CONFIRMATION_OK"
23241,10411419713,10411419898,1,"IOTHUB_CLIENT_CONFIRMATION_OK"
23242,10411419913,10411419965,1,"IOTHUB_CLIENT_CONFIRMATION_OK"
23243,10411420113,10411420155,1,"IOTHUB_CLIENT_CONFIRMATION_OK"
23244,10411420314,10411420487,1,"IOTHUB_CLIENT_CONFIRMATION_OK"
23245,10411420514,10411420553,1,"IOTHUB_CLIENT_CONFIRMATION_OK"
23246,10411420714,10411420808,1,"IOTHUB_CLIENT_CONFIRMATION_OK"
23247,10411420914,10411420958,1,"IOTHUB_CLIENT_CONFIRMATION_OK"
23248,10411421114,10411421157,1,"IOTHUB_CLIENT_CONFIRMATION_OK"
23249,10411421314,10411421355,1,"IOTHUB_CLIENT_CONFIRMATION_OK"
23250,10411421515,10411421562,1,"IOTHUB_CLIENT_CONFIRMATION_OK"
23251,10411421715,10411421763,1,"IOTHUB_CLIENT_CONFIRMATION_OK"
23252,10411421915,10411422001,1,"IOTHUB_CLIENT_CONFIRMATION_OK"
23253,10411422115,10411422204,1,"IOTHUB_CLIENT_CONFIRMATION_OK"
23254,10411422315,10411422355,1,"IOTHUB_CLIENT_CONFIRMATION_OK"
23255,10411422515,10411422595,1,"IOTHUB_CLIENT_CONFIRMATION_OK"
23256,10411422716,10411422755,1,"IOTHUB_CLIENT_CONFIRMATION_OK"
23257,10411422916,10411422962,1,"IOTHUB_CLIENT_CONFIRMATION_OK"
23258,10411423116,10411423204,1,"IOTHUB_CLIENT_CONFIRMATION_OK"
23259,10411423316,10411423366,1,"IOTHUB_CLIENT_CONFIRMATION_OK"
23260,10411423516,10411423606,1,"IOTHUB_CLIENT_CONFIRMATION_OK"
23261,10411423716,10411423841,1,"IOTHUB_CLIENT_CONFIRMATION_OK"
23262,10411423917,10411423957,1,"IOTHUB_CLIENT_CONFIRMATION_OK"
23263,10411424117,10411424159,1,"IOTHUB_CLIENT_CONFIRMATION_OK"
23264,10411424317,10411424438,1,"IOTHUB_CLIENT_CONFIRMATION_OK"
23265,10411424517,10411424570,1,"IOTHUB_CLIENT_CONFIRMATION_OK"
23266,10411424717,10411424761,1,"IOTHUB_CLIENT_CONFIRMATION_OK"
23267,10411424917,10411424961,1,"IOTHUB_CLIENT_CONFIRMATION_OK"
23268,10411425118,10411425159,1,"IOTHUB_CLIENT_CONFIRMATION_OK"
23269,10411425318,10411425446,1,"IOTHUB_CLIENT_CONFIRMATION_OK"
23270,10411425518,10411425584,1,"IOTHUB_CLIENT_CONFIRMATION_OK"
23271,10411425718,10411425762,1,"IOTHUB_CLIENT_CONFIRMATION_OK"
23272,10411425918,10411426048,1,"IOTHUB_CLIENT_CONFIRMATION_OK"
23273,10411426118,10411426211,1,"IOTHUB_CLIENT_CONFIRMATION_OK"
23274,10411426319,10411426358,1,"IOTHUB_CLIENT_CONFIRMATION_OK"
23275,10411426519,10411426554,1,"IOTHUB_CLIENT_CONFIRMATION_OK"
23276,10411426719,10411426761,1,"IOTHUB_CLIENT_CONFIRMATION_OK"
23277,10411426919,10411427005,1,"IOTHUB_CLIENT_CONFIRMATION_OK"
23278,10411427119,10411427189,1,"IOTHUB_CLIENT_CONFIRMATION_OK"
23279,10411427319,10411427369,1,"IOTHUB_CLIENT_CONFIRMATION_OK"
23280,10411427520,10411427566,1,"IOTHUB_CLIENT_CONFIRMATION_OK"
23281,10411427720,10411427759,1,"IOTHUB_CLIENT_CONFIRMATION_OK"
23282,10411427920,10411427969,1,"IOTHUB_CLIENT_CONFIRMATION_OK"
23283,10411428120,10411428313,1,"IOTHUB_CLIENT_CONFIRMATION_OK"
23284,10411428320,10411428367,1,"IOTHUB_CLIENT_CONFIRMATION_OK"
23285,10411428520,10411428567,1,"IOTHUB_CLIENT_CONFIRMATION_OK"
23286,10411428721,10411428925,1,"IOTHUB_CLIENT_CONFIRMATION_OK"
23287,10411428921,10411428965,1,"IOTHUB_CLIENT_CONFIRMATION_OK"
23288,10411429121,10411429156,1,"IOTHUB_CLIENT_CONFIRMATION_OK"
23289,10411429321,10411429362,1,"IOTHUB_CLIENT_CONFIRMATION_OK"
23290,10411429521,10411429566,1,"IOTHUB_CLIENT_CONFIRMATION_OK"
23291,10411429721,10411429762,1,"IOTHUB_CLIENT_CONFIRMATION_OK"
23292,10411429921,10411429992,1,"IOTHUB_CLIENT_CONFIRMATION_OK"
23293,10411430122,10411430166,1,"IOTHUB_CLIENT_CONFIRMATION_OK"
23294,10411430322,10411430366,1,"IOTHUB_CLIENT_CONFIRMATION_OK"
23295,10411430522,10411430560,1,"IOTHUB_CLIENT_CONFIRMATION_OK"
23296,10411430722,10411430774,1,"IOTHUB_CLIENT_CONFIRMATION_OK"
23297,10411430922,10411430960,1,"IOTHUB_CLIENT_CONFIRMATION_OK"
23298,10411431122,10411431165,1,"IOTHUB_CLIENT_CONFIRMATION_OK"
23299,10411431323,10411431360,1,"IOTHUB_CLIENT_CONFIRMATION_OK"
23300,10411431523,10411431570,1,"IOTHUB_CLIENT_CONFIRMATION_OK"
23301,10411431723,10411431764,1,"IOTHUB_CLIENT_CONFIRMATION_OK"
23302,10411431923,10411431968,1,"IOTHUB_CLIENT_CONFIRMATION_OK"
23303,10411432123,10411432180,1,"IOTHUB_CLIENT_CONFIRMATION_OK"
23304,10411432323,10411432376,1,"IOTHUB_CLIENT_CONFIRMATION_OK"
23305,10411432524,10411432618,1,"IOTHUB_CLIENT_CONFIRMATION_OK"
23306,10411432724,10411432840,1,"IOTHUB_CLIENT_CONFIRMATION_OK"
23307,10411432924,10411432976,1,"IOTHUB_CLIENT_CONFIRMATION_OK"
23308,10411433124,10411433160,1,"IOTHUB_CLIENT_CONFIRMATION_OK"
23309,10411433324,10411433362,1,"IOTHUB_CLIENT_CONFIRMATION_OK"
23310,10411433524,10411433572,1,"IOTHUB_CLIENT_CONFIRMATION_OK"
23311,10411433725,10411433767,1,"IOTHUB_CLIENT_CONFIRMATION_OK"
23312,10411433925,10411433966,1,"IOTHUB_CLIENT_CONFIRMATION_OK"
23313,10411434125,10411434171,1,"IOTHUB_CLIENT_CONFIRMATION_OK"
23314,10411434325,10411434410,1,"IOTHUB_CLIENT_CONFIRMATION_OK"
23315,10411434525,10411434577,1,"IOTHUB_CLIENT_CONFIRMATION_OK"
23316,10411434725,10411434777,1,"IOTHUB_CLIENT_CONFIRMATION_OK"
23317,10411434926,10411435021,1,"IOTHUB_CLIENT_CONFIRMATION_OK"
23318,10411435126,10411435168,1,"IOTHUB_CLIENT_CONFIRMATION_OK"
23319,10411435326,10411435370,1,"IOTHUB_CLIENT_CONFIRMATION_OK"
23320,10411435526,10411435632,1,"IOTHUB_CLIENT_CONFIRMATION_OK"
23321,10411435726,10411435784,1,"IOTHUB_CLIENT_CONFIRMATION_OK"
23322,10411435926,10411435975,1,"IOTHUB_CLIENT_CONFIRMATION_OK"
23323,10411436126,10411436183,1,"IOTHUB_CLIENT_CONFIRMATION_OK"
23324,10411436327,10411436385,1,"IOTHUB_CLIENT_CONFIRMATION_OK"
23325,10411436527,10411436569,1,"IOTHUB_CLIENT_CONFIRMATION_OK"
23326,10411436727,10411436775,1,"IOTHUB_CLIENT_CONFIRMATION_OK"
23327,10411436927,10411436985,1,"IOTHUB_CLIENT_CONFIRMATION_OK"
23328,10411437127,10411437259,1,"IOTHUB_CLIENT_CONFIRMATION_OK"
23329,10411437327,10411437381,1,"IOTHUB_CLIENT_CONFIRMATION_OK"
23330,10411437528,10411437586,1,"IOTHUB_CLIENT_CONFIRMATION_OK"
23331,10411437728,10411437876,1,"IOTHUB_CLIENT_CONFIRMATION_OK"
23332,10411437928,10411437967,1,"IOTHUB_CLIENT_CONFIRMATION_OK"
23333,10411438128,10411438199,1,"IOTHUB_CLIENT_CONFIRMATION_OK"
23334,10411438328,10411438374,1,"IOTHUB_CLIENT_CONFIRMATION_OK"
23335,10411438528,10411438569,1,"IOTHUB_CLIENT_CONFIRMATION_OK"
23336,10411438729,10411438809,1,"IOTHUB_CLIENT_CONFIRMATION_OK"
23337,10411438929,10411438982,1,"IOTHUB_CLIENT_CONFIRMATION_OK"
23338,10411439129,10411439204,1,"IOTHUB_CLIENT_CONFIRMATION_OK"
23339,10411439329,10411439368,1,"IOTHUB_CLIENT_CONFIRMATION_OK"
23340,10411439529,10411439584,1,"IOTHUB_CLIENT_CONFIRMATION_OK"
23341,10411439729,10411439778,1,"IOTHUB_CLIENT_CONFIRMATION_OK"
23342,10411439930,10411440133,1,"IOTHUB_CLIENT_CONFIRMATION_OK"
23343,10411440130,10411440168,1,"IOTHUB_CLIENT_CONFIRMATION_OK"
23344,10411440330,10411440367,1,"IOTHUB_CLIENT_CONFIRMATION_OK"
23345,10411440530,10411440577,1,"IOTHUB_CLIENT_CONFIRMATION_OK"
23346,10411440730,10411440777,1,"IOTHUB_CLIENT_CONFIRMATION_OK"
23347,10411440930,10411440981,1,"IOTHUB_CLIENT_CONFIRMATION_OK"
23348,10411441130,10411441164,1,"IOTHUB_CLIENT_CONFIRMATION_OK"
23349,10411441331,10411441367,1,"IOTHUB_CLIENT_CONFIRMATION_OK"
23350,10411441531,10411441561,1,"IOTHUB_CLIENT_CONFIRMATION_OK"
23351,10411441731,10411441770,1,"IOTHUB_CLIENT_CONFIRMATION_OK"
23352,10411441931,10411441977,1,"IOTHUB_CLIENT_CONFIRMATION_OK"
23353,10411442131,10411442175,1,"IOTHUB_CLIENT_CONFIRMATION_OK"
23354,10411442331,10411442390,1,"IOTHUB_CLIENT_CONFIRMATION_OK"
23355,10411442532,10411442593,1,"IOTHUB_CLIENT_CONFIRMATION_OK"
23356,10411442732,10411442782,1,"IOTHUB_CLIENT_CONFIRMATION_OK"
23357,10411442932,10411442982,1,"IOTHUB_CLIENT_CONFIRMATION_OK"
23358,10411443132,10411443202,1,"IOTHUB_CLIENT_CONFIRMATION_OK"
23359,10411443332,10411443381,1,"IOTHUB_CLIENT_CONFIRMATION_OK"
23360,10411443532,10411443691,1,"IOTHUB_CLIENT_CONFIRMATION_OK"
23361,10411443732,10411443893,1,"IOTHUB_CLIENT_CONFIRMATION_OK"
23362,10411443933,10411443968,1,"IOTHUB_CLIENT_CONFIRMATION_OK"
23363,10411444133,10411444189,1,"IOTHUB_CLIENT_CONFIRMATION_OK"
23364,10411444333,10411444380,1,"IOTHUB_CLIENT_CONFIRMATION_OK"
23365,10411444533,10411444570,1,"IOTHUB_CLIENT_CONFIRMATION_OK"
23366,10411444733,10411444776,1,"IOTHUB_CLIENT_CONFIRMATION_OK"
23367,10411444933,10411444974,1,"IOTHUB_CLIENT_CONFIRMATION_OK"
23368,10411445134,10411445184,1,"IOTHUB_CLIENT_CONFIRMATION_OK"
23369,10411445334,10411445413,1,"IOTHUB_CLIENT_CONFIRMATION_OK"
23370,10411445534,10411445727,1,"IOTHUB_CLIENT_CONFIRMATION_OK"
23371,10411445734,10411445771,1,"IOTHUB_CLIENT_CONFIRMATION_OK"
23372,10411445934,10411445970,1,"IOTHUB_CLIENT_CONFIRMATION_OK"
23373,10411446134,10411446173,1,"IOTHUB_CLIENT_CONFIRMATION_OK"
23374,10411446334,10411446384,1,"IOTHUB_CLIENT_CONFIRMATION_OK"
23375,10411446535,10411446577,1,"IOTHUB_CLIENT_CONFIRMATION_OK"
23376,10411446735,10411446807,1,"IOTHUB_CLIENT_CONFIRMATION_OK"
23377,10411446935,10411446978,1,"IOTHUB_CLIENT_CONFIRMATION_OK"
23378,10411447135,10411447180,1,"IOTHUB_CLIENT_CONFIRMATION_OK"
23379,10411447335,10411447415,1,"IOTHUB_CLIENT_CONFIRMATION_OK"
23380,10411447535,10411447573,1,"IOTHUB_CLIENT_CONFIRMATION_OK"
23381,10411447736,10411447784,1,"IOTHUB_CLIENT_CONFIRMATION_OK"
23382,10411447936,10411447971,1,"IOTHUB_CLIENT_CONFIRMATION_OK"
23383,10411448136,10411448187,1,"IOTHUB_CLIENT_CONFIRMATION_OK"
23384,10411448336,10411448396,1,"IOTHUB_CLIENT_CONFIRMATION_OK"
23385,10411448536,10411448579,1,"IOTHUB_CLIENT_CONFIRMATION_OK"
23386,10411448736,10411448772,1,"IOTHUB_CLIENT_CONFIRMATION_OK"
23387,10411448937,10411449025,1,"IOTHUB_CLIENT_CONFIRMATION_OK"
23388,10411449137,10411449227,1,"IOTHUB_CLIENT_CONFIRMATION_OK"
23389,10411449337,10411449387,1,"IOTHUB_CLIENT_CONFIRMATION_OK"
23390,10411449537,10411449701,1,"IOTHUB_CLIENT_CONFIRMATION_OK"
23391,10411449737,10411449781,1,"IOTHUB_CLIENT_CONFIRMATION_OK"
23392,10411449937,10411449977,1,"IOTHUB_CLIENT_CONFIRMATION_OK"
23393,10411450138,10411450172,1,"IOTHUB_CLIENT_CONFIRMATION_OK"
23394,10411450338,10411450404,1,"IOTHUB_CLIENT_CONFIRMATION_OK"
23395,10411450538,10411450575,1,"IOTHUB_CLIENT_CONFIRMATION_OK"
23396,10411450738,10411450782,1,"IOTHUB_CLIENT_CONFIRMATION_OK"
23397,10411450938,10411450990,1,"IOTHUB_CLIENT_CONFIRMATION_OK"
23398,10411451138,10411451325,1,"IOTHUB_CLIENT_CONFIRMATION_OK"
23399,10411451338,10411451385,1,"IOTHUB_CLIENT_CONFIRMATION_OK"
23400,10411451539,10411451575,1,"IOTHUB_CLIENT_CONFIRMATION_OK"
23401,10411451739,10411451793,1,"IOTHUB_CLIENT_CONFIRMATION_OK"
23402,10411451939,10411451979,1,"IOTHUB_CLIENT_CONFIRMATION_OK"
23403,10411452139,10411452180,1,"IOTHUB_CLIENT_CONFIRMATION_OK"
23404,10411452339,10411452377,1,"IOTHUB_CLIENT_CONFIRMATION_OK"
23405,10411452539,10411452596,1,"IOTHUB_CLIENT_CONFIRMATION_OK"
23406,10411452740,10411452778,1,"IOTHUB_CLIENT_CONFIRMATION_OK"
23407,10411452940,10411452983,1,"IOTHUB_CLIENT_CONFIRMATION_OK"
23408,10411453140,10411453201,1,"IOTHUB_CLIENT_CONFIRMATION_OK"
23409,10411453340,10411453387,1,"IOTHUB_CLIENT_CONFIRMATION_OK"
23410,10411453540,10411453586,1,"IOTHUB_CLIENT_CONFIRMATION_OK"
23411,10411453740,10411453885,1,"IOTHUB_CLIENT_CONFIRMATION_OK"
23412,10411453941,10411454079,1,"IOTHUB_CLIENT_CONFIRMATION_OK"
23413,10411454141,10411454180,1,"IOTHUB_CLIENT_CONFIRMATION_OK"
23414,10411454341,10411454395,1,"IOTHUB_CLIENT_CONFIRMATION_OK"
23415,10411454541,10411454691,1,"IOTHUB_CLIENT_CONFIRMATION_OK"
23416,10411454741,10411454783,1,"IOTHUB_CLIENT_CONFIRMATION_OK"
23417,10411454941,10411454986,1,"IOTHUB_CLIENT_CONFIRMATION_OK"
23418,10411455141,10411455295,1,"IOTHUB_CLIENT_CONFIRMATION_OK"
23419,10411455342,10411455388,1,"IOTHUB_CLIENT_CONFIRMATION_OK"
23420,10411455542,10411455593,1,"IOTHUB_CLIENT_CONFIRMATION_OK"
23421,10411455742,10411455780,1,"IOTHUB_CLIENT_CONFIRMATION_OK"
23422,10411455942,10411455991,1,"IOTHUB_CLIENT_CONFIRMATION_OK"
23423,10411456142,10411456183,1,"IOTHUB_CLIENT_CONFIRMATION_OK"
23424,10411456342,10411456384,1,"IOTHUB_CLIENT_CONFIRMATION_OK"
23425,10411456543,10411456579,1,"IOTHUB_CLIENT_CONFIRMATION_OK"
23426,10411456743,10411456916,1,"IOTHUB_CLIENT_CONFIRMATION_OK"
23427,10411456943,10411456988,1,"IOTHUB_CLIENT_CONFIRMATION_OK"
23428,10411457143,10411457183,1,"IOTHUB_CLIENT_CONFIRMATION_OK"
23429,10411457343,10411457548,1,"IOTHUB_CLIENT_CONFIRMATION_OK"
23430,10411457543,10411457586,1,"IOTHUB_CLIENT_CONFIRMATION_OK"
23431,10411457744,10411457782,1,"IOTHUB_CLIENT_CONFIRMATION_OK"
23432,10411457944,10411457986,1,"IOTHUB_CLIENT_CONFIRMATION_OK"
23433,10411458144,10411458178,1,"IOTHUB_CLIENT_CONFIRMATION_OK"
23434,10411458344,10411458378,1,"IOTHUB_CLIENT_CONFIRMATION_OK"
23435,10411458544,10411458586,1,"IOTHUB_CLIENT_CONFIRMATION_OK"
23436,10411458744,10411458789,1,"IOTHUB_CLIENT_CONFIRMATION_OK"
23437,10411458945,10411458985,1,"IOTHUB_CLIENT_CONFIRMATION_OK"
23438,10411459145,10411459187,1,"IOTHUB_CLIENT_CONFIRMATION_OK"
23439,10411459345,10411459435,1,"IOTHUB_CLIENT_CONFIRMATION_OK"
23440,10411459545,10411459584,1,"IOTHUB_CLIENT_CONFIRMATION_OK"
23441,10411459745,10411459789,1,"IOTHUB_CLIENT_CONFIRMATION_OK"
23442,10411459945,10411459983,1,"IOTHUB_CLIENT_CONFIRMATION_OK"
23443,10411460146,10411460214,1,"IOTHUB_CLIENT_CONFIRMATION_OK"
23444,10411460346,10411460384,1,"IOTHUB_CLIENT_CONFIRMATION_OK"
23445,10411460546,10411460605,1,"IOTHUB_CLIENT_CONFIRMATION_OK"
23446,10411460746,10411460822,1,"IOTHUB_CLIENT_CONFIRMATION_OK"
23447,10411460946,10411460986,1,"IOTHUB_CLIENT_CONFIRMATION_OK"
23448,10411461146,10411461182,1,"IOTHUB_CLIENT_CONFIRMATION_OK"
23449,10411461347,10411461441,1,"IOTHUB_CLIENT_CONFIRMATION_OK"
23450,10411461547,10411461594,1,"IOTHUB_CLIENT_CONFIRMATION_OK"
23451,10411461747,10411461786,1,"IOTHUB_CLIENT_CONFIRMATION_OK"
23452,10411461947,10411461982,1,"IOTHUB_CLIENT_CONFIRMATION_OK"
23453,10411462147,10411462194,1,"IOTHUB_CLIENT_CONFIRMATION_OK"
23454,10411462347,10411462406,1,"IOTHUB_CLIENT_CONFIRMATION_OK"
23455,10411462548,10411462587,1,"IOTHUB_CLIENT_CONFIRMATION_OK"
23456,10411462748,10411462786,1,"IOTHUB_CLIENT_CONFIRMATION_OK"
23457,10411462948,10411463074,1,"IOTHUB_CLIENT_CONFIRMATION_OK"
23458,10411463148,10411463191,1,"IOTHUB_CLIENT_CONFIRMATION_OK"
23459,10411463348,10411463396,1,"IOTHUB_CLIENT_CONFIRMATION_OK"
23460,10411463548,10411463687,1,"IOTHUB_CLIENT_CONFIRMATION_OK"
23461,10411463748,10411463794,1,"IOTHUB_CLIENT_CONFIRMATION_OK"
23462,10411463949,10411464009,1,"IOTHUB_CLIENT_CONFIRMATION_OK"
23463,10411464149,10411464194,1,"IOTHUB_CLIENT_CONFIRMATION_OK"
23464,10411464349,10411464409,1,"IOTHUB_CLIENT_CONFIRMATION_OK"
23465,10411464549,10411464585,1,"IOTHUB_CLIENT_CONFIRMATION_OK"
23466,10411464749,10411464793,1,"IOTHUB_CLIENT_CONFIRMATION_OK"
23467,10411464949,10411464990,1,"IOTHUB_CLIENT_CONFIRMATION_OK"
23468,10411465150,10411465194,1,"IOTHUB_CLIENT_CONFIRMATION_OK"
23469,10411465350,10411465423,1,"IOTHUB_CLIENT_CONFIRMATION_OK"
23470,10411465550,10411465599,1,"IOTHUB_CLIENT_CONFIRMATION_OK"
23471,10411465750,10411465956,1,"IOTHUB_CLIENT_CONFIRMATION_OK"
23472,10411465950,10411465987,1,"IOTHUB_CLIENT_CONFIRMATION_OK"
23473,10411466151,10411466195,1,"IOTHUB_CLIENT_CONFIRMATION_OK"
23474,10411466351,10411466390,1,"IOTHUB_CLIENT_CONFIRMATION_OK"
23475,10411466551,10411466644,1,"IOTHUB_CLIENT_CONFIRMATION_OK"
23476,10411466751,10411466790,1,"IOTHUB_CLIENT_CONFIRMATION_OK"
23477,10411466951,10411467041,1,"IOTHUB_CLIENT_CONFIRMATION_OK"
23478,10411467151,10411467190,1,"IOTHUB_CLIENT_CONFIRMATION_OK"
23479,10411467351,10411467386,1,"IOTHUB_CLIENT_CONFIRMATION_OK"
23480,10411467552,10411467598,1,"IOTHUB_CLIENT_CONFIRMATION_OK"
23481,10411467752,10411467793,1,"IOTHUB_CLIENT_CONFIRMATION_OK"
23482,10411467952,10411467990,1,"IOTHUB_CLIENT_CONFIRMATION_OK"
23483,10411468152,10411468194,1,"IOTHUB_CLIENT_CONFIRMATION_OK"
23484,10411468352,10411468400,1,"IOTHUB_CLIENT_CONFIRMATION_OK"
23485,10411468552,10411468682,1,"IOTHUB_CLIENT_CONFIRMATION_OK"
23486,10411468753,10411468790,1,"IOTHUB_CLIENT_CONFIRMATION_OK"
23487,10411468953,10411469012,1,"IOTHUB_CLIENT_CONFIRMATION_OK"
23488,10411469153,10411469333,1,"IOTHUB_CLIENT_CONFIRMATION_OK"
23489,10411469353,10411469390,1,"IOTHUB_CLIENT_CONFIRMATION_OK"
23490,10411469553,10411469644,1,"IOTHUB_CLIENT_CONFIRMATION_OK"
23491,10411469753,10411469800,1,"IOTHUB_CLIENT_CONFIRMATION_OK"
23492,10411469954,10411470005,1,"IOTHUB_CLIENT_CONFIRMATION_OK"
23493,10411470154,10411470193,1,"IOTHUB_CLIENT_CONFIRMATION_OK"
23494,10411470354,10411470399,1,"IOTHUB_CLIENT_CONFIRMATION_OK"
23495,10411470554,10411470594,1,"IOTHUB_CLIENT_CONFIRMATION_OK"
23496,10411470754,10411470795,1,"IOTHUB_CLIENT_CONFIRMATION_OK"
23497,10411470954,10411470989,1,"IOTHUB_CLIENT_CONFIRMATION_OK"
23498,10411471155,10411471190,1,"IOTHUB_CLIENT_CONFIRMATION_OK"
23499,10411471355,10411471533,1,"IOTHUB_CLIENT_CONFIRMATION_OK"
23500,10411471555,10411471601,1,"IOTHUB_CLIENT_CONFIRMATION_OK"
23501,10411471755,10411471795,1,"IOTHUB_CLIENT_CONFIRMATION_OK"
23502,10411471955,10411472041,1,"IOTHUB_CLIENT_CONFIRMATION_OK"
23503,10411472155,10411472195,1,"IOTHUB_CLIENT_CONFIRMATION_OK"
23504,10411472356,10411472403,1,"IOTHUB_CLIENT_CONFIRMATION_OK"
23505,10411472556,10411472602,1,"IOTHUB_CLIENT_CONFIRMATION_OK"
23506,10411472756,10411472792,1,"IOTHUB_CLIENT_CONFIRMATION_OK"
23507,10411472956,10411473000,1,"IOTHUB_CLIENT_CONFIRMATION_OK"
23508,10411473156,10411473199,1,"IOTHUB_CLIENT_CONFIRMATION_OK"
23509,10411473356,10411473390,1,"IOTHUB_CLIENT_CONFIRMATION_OK"
23510,10411473557,10411473592,1,"IOTHUB_CLIENT_CONFIRMATION_OK"
23511,10411473757,10411473806,1,"IOTHUB_CLIENT_CONFIRMATION_OK"
23512,10411473957,10411474000,1,"IOTHUB_CLIENT_CONFIRMATION_OK"
23513,10411474157,10411474202,1,"IOTHUB_CLIENT_CONFIRMATION_OK"
23514,10411474357,10411474435,1,"IOTHUB_CLIENT_CONFIRMATION_OK"
23515,10411474557,10411474616,1,"IOTHUB_CLIENT_CONFIRMATION_OK"
23516,10411474757,10411474813,1,"IOTHUB_CLIENT_CONFIRMATION_OK"
23517,10411474958,10411474993,1,"IOTHUB_CLIENT_CONFIRMATION_OK"
23518,10411475158,10411475203,1,"IOTHUB_CLIENT_CONFIRMATION_OK"
23519,10411475358,10411475395,1,"IOTHUB_CLIENT_CONFIRMATION_OK"
23520,10411475558,10411475615,1,"IOTHUB_CLIENT_CONFIRMATION_OK"
23521,10411475758,10411475797,1,"IOTHUB_CLIENT_CONFIRMATION_OK"
23522,10411475958,10411476041,1,"IOTHUB_CLIENT_CONFIRMATION_OK"
23523,10411476159,10411476256,1,"IOTHUB_CLIENT_CONFIRMATION_OK"
23524,10411476359,10411476396,1,"IOTHUB_CLIENT_CONFIRMATION_OK"
23525,10411476559,10411476600,1,"IOTHUB_CLIENT_CONFIRMATION_OK"
23526,10411476759,10411476809,1,"IOTHUB_CLIENT_CONFIRMATION_OK"
23527,10411476959,10411477056,1,"IOTHUB_CLIENT_CONFIRMATION_OK"
23528,10411477159,10411477192,1,"IOTHUB_CLIENT_CONFIRMATION_OK"
23529,10411477360,10411477414,1,"IOTHUB_CLIENT_CONFIRMATION_OK"
23530,10411477560,10411477687,1,"IOTHUB_CLIENT_CONFIRMATION_OK"
23531,10411477760,10411477804,1,"IOTHUB_CLIENT_CONFIRMATION_OK"
23532,10411477960,10411478002,1,"IOTHUB_CLIENT_CONFIRMATION_OK"
23533,10411478160,10411478355,1,"IOTHUB_CLIENT_CONFIRMATION_OK"
23534,10411478360,10411478406,1,"IOTHUB_CLIENT_CONFIRMATION_OK"
23535,10411478561,10411478608,1,"IOTHUB_CLIENT_CONFIRMATION_OK"
23536,10411478761,10411478810,1,"IOTHUB_CLIENT_CONFIRMATION_OK"
23537,10411478961,10411478996,1,"IOTHUB_CLIENT_CONFIRMATION_OK"
23538,10411479161,10411479201,1,"IOTHUB_CLIENT_CONFIRMATION_OK"
23539,10411479361,10411479396,1,"IOTHUB_CLIENT_CONFIRMATION_OK"
23540,10411479561,10411479602,1,"IOTHUB_CLIENT_CONFIRMATION_OK"
23541,10411479762,10411479976,1,"IOTHUB_CLIENT_CONFIRMATION_OK"
23542,10411479962,10411480026,1,"IOTHUB_CLIENT_CONFIRMATION_OK"
23543,10411480162,10411480202,1,"IOTHUB_CLIENT_CONFIRMATION_OK"
23544,10411480362,10411480413,1,"IOTHUB_CLIENT_CONFIRMATION_OK"
23545,10411480562,10411480601,1,"IOTHUB_CLIENT_CONFIRMATION_OK"
23546,10411480762,10411480802,1,"IOTHUB_CLIENT_CONFIRMATION_OK"
23547,10411480963,10411481012,1,"IOTHUB_CLIENT_CONFIRMATION_OK"
23548,10411481163,10411481198,1,"IOTHUB_CLIENT_CONFIRMATION_OK"
23549,10411481363,10411481407,1,"IOTHUB_CLIENT_CONFIRMATION_OK"
23550,10411481563,10411481720,1,"IOTHUB_CLIENT_CONFIRMATION_OK"
23551,10411481763,10411481843,1,"IOTHUB_CLIENT_CONFIRMATION_OK"
23552,10411481963,10411482001,1,"IOTHUB_CLIENT_CONFIRMATION_OK"
23553,10411482164,10411482198,1,"IOTHUB_CLIENT_CONFIRMATION_OK"
23554,10411482364,10411482409,1,"IOTHUB_CLIENT_CONFIRMATION_OK"
23555,10411482564,10411482641,1,"IOTHUB_CLIENT_CONFIRMATION_OK"
23556,10411482764,10411482804,1,"IOTHUB_CLIENT_CONFIRMATION_OK"
23557,10411482964,10411483004,1,"IOTHUB_CLIENT_CONFIRMATION_OK"
23558,10411483164,10411483263,1,"IOTHUB_CLIENT_CONFIRMATION_OK"
23559,10411483365,10411483403,1,"IOTHUB_CLIENT_CONFIRMATION_OK"
23560,10411483565,10411483612,1,"IOTHUB_CLIENT_CONFIRMATION_OK"
23561,10411483765,10411483870,1,"IOTHUB_CLIENT_CONFIRMATION_OK"
23562,10411483965,10411484007,1,"IOTHUB_CLIENT_CONFIRMATION_OK"
23563,10411484165,10411484202,1,"IOTHUB_CLIENT_CONFIRMATION_OK"
23564,10411484365,10411484415,1,"IOTHUB_CLIENT_CONFIRMATION_OK"
23565,10411484566,10411484639,1,"IOTHUB_CLIENT_CONFIRMATION_OK"
23566,10411484766,10411484811,1,"IOTHUB_CLIENT_CONFIRMATION_OK"
23567,10411484966,10411485005,1,"IOTHUB_CLIENT_CONFIRMATION_OK"
23568,10411485166,10411485202,1,"IOTHUB_CLIENT_CONFIRMATION_OK"
23569,10411485366,10411485525,1,"IOTHUB_CLIENT_CONFIRMATION_OK"
23570,10411485566,10411485652,1,"IOTHUB_CLIENT_CONFIRMATION_OK"
23571,10411485767,10411485806,1,"IOTHUB_CLIENT_CONFIRMATION_OK"
23572,10411485967,10411486143,1,"IOTHUB_CLIENT_CONFIRMATION_OK"
23573,10411486167,10411486209,1,"IOTHUB_CLIENT_CONFIRMATION_OK"
23574,10411486367,10411486422,1,"IOTHUB_CLIENT_CONFIRMATION_OK"
23575,10411486567,10411486641,1,"IOTHUB_CLIENT_CONFIRMATION_OK"
23576,10411486767,10411486810,1,"IOTHUB_CLIENT_CONFIRMATION_OK"
23577,10411486968,10411487010,1,"IOTHUB_CLIENT_CONFIRMATION_OK"
23578,10411487168,10411487277,1,"IOTHUB_CLIENT_CONFIRMATION_OK"
23579,10411487368,10411487414,1,"IOTHUB_CLIENT_CONFIRMATION_OK"
23580,10411487568,10411487614,1,"IOTHUB_CLIENT_CONFIRMATION_OK"
23581,10411487768,10411487830,1,"IOTHUB_CLIENT_CONFIRMATION_OK"
23582,10411487968,10411488007,1,"IOTHUB_CLIENT_CONFIRMATION_OK"
23583,10411488169,10411488394,1,"IOTHUB_CLIENT_CONFIRMATION_OK"
23584,10411488369,10411488418,1,"IOTHUB_CLIENT_CONFIRMATION_OK"
23585,10411488569,10411488648,1,"IOTHUB_CLIENT_CONFIRMATION_OK"
23586,10411488769,10411488815,1,"IOTHUB_CLIENT_CONFIRMATION_OK"
23587,10411488969,10411489008,1,"IOTHUB_CLIENT_CONFIRMATION_OK"
23588,10411489169,10411489202,1,"IOTHUB_CLIENT_CONFIRMATION_OK"
23589,10411489370,10411489417,1,"IOTHUB_CLIENT_CONFIRMATION_OK"
23590,10411489570,10411489629,1,"IOTHUB_CLIENT_CONFIRMATION_OK"
23591,10411489770,10411489807,1,"IOTHUB_CLIENT_CONFIRMATION_OK"
23592,10411489970,10411490061,1,"IOTHUB_CLIENT_CONFIRMATION_OK"
23593,10411490171,10411490212,1,"IOTHUB_CLIENT_CONFIRMATION_OK"
23594,10411490371,10411490411,1,"IOTHUB_CLIENT_CONFIRMATION_OK"
23595,10411490571,10411490613,1,"IOTHUB_CLIENT_CONFIRMATION_OK"
23596,10411490771,10411490844,1,"IOTHUB_CLIENT_CONFIRMATION_OK"
23597,10411490971,10411491047,1,"IOTHUB_CLIENT_CONFIRMATION_OK"
23598,10411491171,10411491233,1,"IOTHUB_CLIENT_CONFIRMATION_OK"
23599,10411491372,10411491409,1,"IOTHUB_CLIENT_CONFIRMATION_OK"
23600,10411491572,10411491670,1,"IOTHUB_CLIENT_CONFIRMATION_OK"
23601,10411491772,10411491839,1,"IOTHUB_CLIENT_CONFIRMATION_OK"
23602,10411491972,10411492014,1,"IOTHUB_CLIENT_CONFIRMATION_OK"
23603,10411492172,10411492281,1,"IOTHUB_CLIENT_CONFIRMATION_OK"
23604,10411492372,10411492441,1,"IOTHUB_CLIENT_CONFIRMATION_OK"
23605,10411492573,10411492615,1,"IOTHUB_CLIENT_CONFIRMATION_OK"
23606,10411492773,10411492823,1,"IOTHUB_CLIENT_CONFIRMATION_OK"
23607,10411492973,10411493015,1,"IOTHUB_CLIENT_CONFIRMATION_OK"
23608,10411493173,10411493313,1,"IOTHUB_CLIENT_CONFIRMATION_OK"
23609,10411493373,10411493427,1,"IOTHUB_CLIENT_CONFIRMATION_OK"
23610,10411493573,10411493628,1,"IOTHUB_CLIENT_CONFIRMATION_OK"
23611,10411493773,10411493811,1,"IOTHUB_CLIENT_CONFIRMATION_OK"
23612,10411493974,10411494012,1,"IOTHUB_CLIENT_CONFIRMATION_OK"
23613,10411494174,10411494228,1,"IOTHUB_CLIENT_CONFIRMATION_OK"
23614,10411494374,10411494688,1,"IOTHUB_CLIENT_CONFIRMATION_OK"
23615,10411494574,10411494714,1,"IOTHUB_CLIENT_CONFIRMATION_OK"
23616,10411494774,10411494825,1,"IOTHUB_CLIENT_CONFIRMATION_OK"
23617,10411494974,10411495028,1,"IOTHUB_CLIENT_CONFIRMATION_OK"
23618,10411495175,10411495222,1,"IOTHUB_CLIENT_CONFIRMATION_OK"
23619,10411495375,10411495423,1,"IOTHUB_CLIENT_CONFIRMATION_OK"
23620,10411495575,10411495616,1,"IOTHUB_CLIENT_CONFIRMATION_OK"
23621,10411495775,10411495817,1,"IOTHUB_CLIENT_CONFIRMATION_OK"
23622,10411495975,10411496045,1,"IOTHUB_CLIENT_CONFIRMATION_OK"
23623,10411496175,10411496215,1,"IOTHUB_CLIENT_CONFIRMATION_OK"
23624,10411496376,10411496413,1,"IOTHUB_CLIENT_CONFIRMATION_OK"
23625,10411496576,10411496613,1,"IOTHUB_CLIENT_CONFIRMATION_OK"
23626,10411496776,10411496830,1,"IOTHUB_CLIENT_CONFIRMATION_OK"
23627,10411496976,10411497026,1,"IOTHUB_CLIENT_CONFIRMATION_OK"
23628,10411497176,10411497232,1,"IOTHUB_CLIENT_CONFIRMATION_OK"
23629,10411497376,10411497418,1,"IOTHUB_CLIENT_CONFIRMATION_OK"
23630,10411497577,10411497622,1,"IOTHUB_CLIENT_CONFIRMATION_OK"
23631,10411497777,10411497859,1,"IOTHUB_CLIENT_CONFIRMATION_OK"
23632,10411497977,10411498019,1,"IOTHUB_CLIENT_CONFIRMATION_OK"
23633,10411498177,10411498274,1,"IOTHUB_CLIENT_CONFIRMATION_OK"
23634,10411498377,10411498500,1,"IOTHUB_CLIENT_CONFIRMATION_OK"
23635,10411498577,10411498635,1,"IOTHUB_CLIENT_CONFIRMATION_OK"
23636,10411498777,10411498859,1,"IOTHUB_CLIENT_CONFIRMATION_OK"
23637,10411498978,10411499023,1,"IOTHUB_CLIENT_CONFIRMATION_OK"
23638,10411499178,10411499222,1,"IOTHUB_CLIENT_CONFIRMATION_OK"
23639,10411499378,10411499422,1,"IOTHUB_CLIENT_CONFIRMATION_OK"
23640,10411499578,10411499639,1,"IOTHUB_CLIENT_CONFIRMATION_OK"
23641,10411499778,10411499817,1,"IOTHUB_CLIENT_CONFIRMATION_OK"
23642,10411499978,10411500100,1,"IOTHUB_CLIENT_CONFIRMATION_OK"
23643,10411500179,10411500215,1,"IOTHUB_CLIENT_CONFIRMATION_OK"
23644,10411500379,10411500414,1,"IOTHUB_CLIENT_CONFIRMATION_OK"
23645,10411500579,10411500708,1,"IOTHUB_CLIENT_CONFIRMATION_OK"
23646,10411500779,10411500837,1,"IOTHUB_CLIENT_CONFIRMATION_OK"
23647,10411500979,10411501024,1,"IOTHUB_CLIENT_CONFIRMATION_OK"
23648,10411501179,10411501227,1,"IOTHUB_CLIENT_CONFIRMATION_OK"
23649,10411501380,10411501416,1,"IOTHUB_CLIENT_CONFIRMATION_OK"
23650,10411501580,10411501632,1,"IOTHUB_CLIENT_CONFIRMATION_OK"
23651,10411501780,10411501812,1,"IOTHUB_CLIENT_CONFIRMATION_OK"
23652,10411501980,10411502024,1,"IOTHUB_CLIENT_CONFIRMATION_OK"
23653,10411502180,10411502217,1,"IOTHUB_CLIENT_CONFIRMATION_OK"
23654,10411502380,10411502416,1,"IOTHUB_CLIENT_CONFIRMATION_OK"
23655,10411502581,10411502624,1,"IOTHUB_CLIENT_CONFIRMATION_OK"
23656,10411502781,10411502942,1,"IOTHUB_CLIENT_CONFIRMATION_OK"
23657,10411502981,10411503028,1,"IOTHUB_CLIENT_CONFIRMATION_OK"
23658,10411503181,10411503228,1,"IOTHUB_CLIENT_CONFIRMATION_OK"
23659,10411503381,10411503551,1,"IOTHUB_CLIENT_CONFIRMATION_OK"
23660,10411503581,10411503629,1,"IOTHUB_CLIENT_CONFIRMATION_OK"
23661,10411503782,10411503852,1,"IOTHUB_CLIENT_CONFIRMATION_OK"
23662,10411503982,10411504025,1,"IOTHUB_CLIENT_CONFIRMATION_OK"
23663,10411504182,10411504237,1,"IOTHUB_CLIENT_CONFIRMATION_OK"
23664,10411504382,10411504522,1,"IOTHUB_CLIENT_CONFIRMATION_OK"
23665,10411504582,10411504619,1,"IOTHUB_CLIENT_CONFIRMATION_OK"
23666,10411504782,10411504827,1,"IOTHUB_CLIENT_CONFIRMATION_OK"
23667,10411504982,10411505026,1,"IOTHUB_CLIENT_CONFIRMATION_OK"
23668,10411505183,10411505251,1,"IOTHUB_CLIENT_CONFIRMATION_OK"
23669,10411505383,10411505440,1,"IOTHUB_CLIENT_CONFIRMATION_OK"
23670,10411505583,10411505628,1,"IOTHUB_CLIENT_CONFIRMATION_OK"
23671,10411505783,10411505837,1,"IOTHUB_CLIENT_CONFIRMATION_OK"
23672,10411505983,10411506045,1,"IOTHUB_CLIENT_CONFIRMATION_OK"
23673,10411506183,10411506258,1,"IOTHUB_CLIENT_CONFIRMATION_OK"
23674,10411506384,10411506423,1,"IOTHUB_CLIENT_CONFIRMATION_OK"
23675,10411506584,10411506623,1,"IOTHUB_CLIENT_CONFIRMATION_OK"
23676,10411506784,10411506827,1,"IOTHUB_CLIENT_CONFIRMATION_OK"
23677,10411506984,10411507030,1,"IOTHUB_CLIENT_CONFIRMATION_OK"
23678,10411507184,10411507232,1,"IOTHUB_CLIENT_CONFIRMATION_OK"
23679,10411507384,10411507448,1,"IOTHUB_CLIENT_CONFIRMATION_OK"
23680,10411507585,10411507627,1,"IOTHUB_CLIENT_CONFIRMATION_OK"
23681,10411507785,10411507836,1,"IOTHUB_CLIENT_CONFIRMATION_OK"
23682,10411507985,10411508027,1,"IOTHUB_CLIENT_CONFIRMATION_OK"
23683,10411508185,10411508220,1,"IOTHUB_CLIENT_CONFIRMATION_OK"
23684,10411508385,10411508465,1,"IOTHUB_CLIENT_CONFIRMATION_OK"
23685,10411508585,10411508643,1,"IOTHUB_CLIENT_CONFIRMATION_OK"
23686,10411508786,10411508858,1,"IOTHUB_CLIENT_CONFIRMATION_OK"
23687,10411508986,10411509138,1,"IOTHUB_CLIENT_CONFIRMATION_OK"
23688,10411509186,10411509256,1,"IOTHUB_CLIENT_CONFIRMATION_OK"
23689,10411509386,10411509425,1,"IOTHUB_CLIENT_CONFIRMATION_OK"
23690,10411509586,10411509768,1,"IOTHUB_CLIENT_CONFIRMATION_OK"
23691,10411509786,10411509832,1,"IOTHUB_CLIENT_CONFIRMATION_OK"
23692,10411509987,10411510023,1,"IOTHUB_CLIENT_CONFIRMATION_OK"
23693,10411510187,10411510224,1,"IOTHUB_CLIENT_CONFIRMATION_OK"
23694,10411510387,10411510426,1,"IOTHUB_CLIENT_CONFIRMATION_OK"
23695,10411510587,10411510626,1,"IOTHUB_CLIENT_CONFIRMATION_OK"
23696,10411510787,10411510878,1,"IOTHUB_CLIENT_CONFIRMATION_OK"
23697,10411510987,10411511028,1,"IOTHUB_CLIENT_CONFIRMATION_OK"
23698,10411511187,10411511235,1,"IOTHUB_CLIENT_CONFIRMATION_OK"
23699,10411511388,10411511433,1,"IOTHUB_CLIENT_CONFIRMATION_OK"
23700,10411511588,10411511634,1,"IOTHUB_CLIENT_CONFIRMATION_OK"
23701,10411511788,10411511846,1,"IOTHUB_CLIENT_CONFIRMATION_OK"
23702,10411511988,10411512031,1,"IOTHUB_CLIENT_CONFIRMATION_OK"
23703,10411512188,10411512253,1,"IOTHUB_CLIENT_CONFIRMATION_OK"
23704,10411512388,10411512582,1,"IOTHUB_CLIENT_CONFIRMATION_OK"
23705,10411512589,10411512630,1,"IOTHUB_CLIENT_CONFIRMATION_OK"
23706,10411512789,10411512837,1,"IOTHUB_CLIENT_CONFIRMATION_OK"
23707,10411512989,10411513086,1,"IOTHUB_CLIENT_CONFIRMATION_OK"
23708,10411513189,10411513256,1,"IOTHUB_CLIENT_CONFIRMATION_OK"
23709,10411513389,10411513444,1,"IOTHUB_CLIENT_CONFIRMATION_OK"
23710,10411513589,10411513629,1,"IOTHUB_CLIENT_CONFIRMATION_OK"
23711,10411513790,10411513831,1,"IOTHUB_CLIENT_CONFIRMATION_OK"
23712,10411513990,10411514098,1,"IOTHUB_CLIENT_CONFIRMATION_OK"
23713,10411514190,10411514229,1,"IOTHUB_CLIENT_CONFIRMATION_OK"
23714,10411514390,10411514428,1,"IOTHUB_CLIENT_CONFIRMATION_OK"
23715,10411514590,10411514713,1,"IOTHUB_CLIENT_CONFIRMATION_OK"
23716,10411514790,10411514825,1,"IOTHUB_CLIENT_CONFIRMATION_OK"
23717,10411514990,10411515026,1,"IOTHUB_CLIENT_CONFIRMATION_OK"
23718,10411515191,10411515387,1,"IOTHUB_CLIENT_CONFIRMATION_OK"
23719,10411515391,10411515436,1,"IOTHUB_CLIENT_CONFIRMATION_OK"
23720,10411515591,10411515624,1,"IOTHUB_CLIENT_CONFIRMATION_OK"
23721,10411515791,10411515835,1,"IOTHUB_CLIENT_CONFIRMATION_OK"
23722,10411515991,10411516033,1,"IOTHUB_CLIENT_CONFIRMATION_OK"
23723,10411516191,10411516234,1,"IOTHUB_CLIENT_CONFIRMATION_OK"
23724,10411516391,10411516436,1,"IOTHUB_CLIENT_CONFIRMATION_OK"
23725,10411516592,10411516635,1,"IOTHUB_CLIENT_CONFIRMATION_OK"
23726,10411516792,10411517016,1,"IOTHUB_CLIENT_CONFIRMATION_OK"
23727,10411516992,10411517038,1,"IOTHUB_CLIENT_CONFIRMATION_OK"
23728,10411517192,10411517232,1,"IOTHUB_CLIENT_CONFIRMATION_OK"
23729,10411517392,10411517444,1,"IOTHUB_CLIENT_CONFIRMATION_OK"
23730,10411517592,10411517636,1,"IOTHUB_CLIENT_CONFIRMATION_OK"
23731,10411517793,10411517833,1,"IOTHUB_CLIENT_CONFIRMATION_OK"
23732,10411517993,10411518037,1,"IOTHUB_CLIENT_CONFIRMATION_OK"
23733,10411518193,10411518239,1,"IOTHUB_CLIENT_CONFIRMATION_OK"
23734,10411518393,10411518435,1,"IOTHUB_CLIENT_CONFIRMATION_OK"
23735,10411518593,10411518646,1,"IOTHUB_CLIENT_CONFIRMATION_OK"
23736,10411518793,10411518825,1,"IOTHUB_CLIENT_CONFIRMATION_OK"
23737,10411518994,10411519038,1,"IOTHUB_CLIENT_CONFIRMATION_OK"
23738,10411519194,10411519266,1,"IOTHUB_CLIENT_CONFIRMATION_OK"
23739,10411519394,10411519507,1,"IOTHUB_CLIENT_CONFIRMATION_OK"
23740,10411519594,10411519659,1,"IOTHUB_CLIENT_CONFIRMATION_OK"
23741,10411519794,10411519841,1,"IOTHUB_CLIENT_CONFIRMATION_OK"
23742,10411519994,10411520039,1,"IOTHUB_CLIENT_CONFIRMATION_OK"
23743,10411520195,10411520279,1,"IOTHUB_CLIENT_CONFIRMATION_OK"
23744,10411520395,10411520431,1,"IOTHUB_CLIENT_CONFIRMATION_OK"
23745,10411520595,10411520683,1,"IOTHUB_CLIENT_CONFIRMATION_OK"
23746,10411520795,10411520874,1,"IOTHUB_CLIENT_CONFIRMATION_OK"
23747,10411520995,10411521036,1,"IOTHUB_CLIENT_CONFIRMATION_OK"
23748,10411521195,10411521251,1,"IOTHUB_CLIENT_CONFIRMATION_OK"
23749,10411521395,10411521502,1,"IOTHUB_CLIENT_CONFIRMATION_OK"
23750,10411521596,10411521672,1,"IOTHUB_CLIENT_CONFIRMATION_OK"
23751,10411521796,10411521856,1,"IOTHUB_CLIENT_CONFIRMATION_OK"
23752,10411521996,10411522048,1,"IOTHUB_CLIENT_CONFIRMATION_OK"
23753,10411522196,10411522234,1,"IOTHUB_CLIENT_CONFIRMATION_OK"
23754,10411522396,10411522444,1,"IOTHUB_CLIENT_CONFIRMATION_OK"
23755,10411522596,10411522636,1,"IOTHUB_CLIENT_CONFIRMATION_OK"
23756,10411522796,10411522845,1,"IOTHUB_CLIENT_CONFIRMATION_OK"
23757,10411522997,10411523114,1,"IOTHUB_CLIENT_CONFIRMATION_OK"
23758,10411523197,10411523280,1,"IOTHUB_CLIENT_CONFIRMATION_OK"
23759,10411523397,10411523436,1,"IOTHUB_CLIENT_CONFIRMATION_OK"
23760,10411523597,10411523768,1,"IOTHUB_CLIENT_CONFIRMATION_OK"
23761,10411523797,10411523847,1,"IOTHUB_CLIENT_CONFIRMATION_OK"
23762,10411523997,10411524035,1,"IOTHUB_CLIENT_CONFIRMATION_OK"
23763,10411524198,10411524245,1,"IOTHUB_CLIENT_CONFIRMATION_OK"
23764,10411524398,10411524439,1,"IOTHUB_CLIENT_CONFIRMATION_OK"
23765,10411524598,10411524640,1,"IOTHUB_CLIENT_CONFIRMATION_OK"
23766,10411524798,10411524840,1,"IOTHUB_CLIENT_CONFIRMATION_OK"
23767,10411524998,10411525060,1,"IOTHUB_CLIENT_CONFIRMATION_OK"
23768,10411525198,10411525251,1,"IOTHUB_CLIENT_CONFIRMATION_OK"
23769,10411525399,10411525443,1,"IOTHUB_CLIENT_CONFIRMATION_OK"
23770,10411525599,10411525640,1,"IOTHUB_CLIENT_CONFIRMATION_OK"
23771,10411525799,10411525834,1,"IOTHUB_CLIENT_CONFIRMATION_OK"
23772,10411525999,10411526037,1,"IOTHUB_CLIENT_CONFIRMATION_OK"
23773,10411526199,10411526242,1,"IOTHUB_CLIENT_CONFIRMATION_OK"
23774,10411526399,10411526449,1,"IOTHUB_CLIENT_CONFIRMATION_OK"
23775,10411526600,10411526655,1,"IOTHUB_CLIENT_CONFIRMATION_OK"
23776,10411526800,10411526844,1,"IOTHUB_CLIENT_CONFIRMATION_OK"
23777,10411527000,10411527065,1,"IOTHUB_CLIENT_CONFIRMATION_OK"
23778,10411527200,10411527248,1,"IOTHUB_CLIENT_CONFIRMATION_OK"
23779,10411527400,10411527440,1,"IOTHUB_CLIENT_CONFIRMATION_OK"
23780,10411527600,10411527661,1,"IOTHUB_CLIENT_CONFIRMATION_OK"
23781,10411527800,10411527844,1,"IOTHUB_CLIENT_CONFIRMATION_OK"
23782,10411528001,10411528039,1,"IOTHUB_CLIENT_CONFIRMATION_OK"
23783,10411528201,10411528236,1,"IOTHUB_CLIENT_CONFIRMATION_OK"
23784,10411528401,10411528477,1,"IOTHUB_CLIENT_CONFIRMATION_OK"
23785,10411528601,10411528718,1,"IOTHUB_CLIENT_CONFIRMATION_OK"
23786,10411528801,10411528839,1,"IOTHUB_CLIENT_CONFIRMATION_OK"
23787,10411529001,10411529047,1,"IOTHUB_CLIENT_CONFIRMATION_OK"
23788,10411529202,10411529308,1,"IOTHUB_CLIENT_CONFIRMATION_OK"
23789,10411529402,10411529444,1,"IOTHUB_CLIENT_CONFIRMATION_OK"
23790,10411529602,10411529637,1,"IOTHUB_CLIENT_CONFIRMATION_OK"
23791,10411529802,10411529926,1,"IOTHUB_CLIENT_CONFIRMATION_OK"
23792,10411530002,10411530057,1,"IOTHUB_CLIENT_CONFIRMATION_OK"
23793,10411530202,10411530246,1,"IOTHUB_CLIENT_CONFIRMATION_OK"
23794,10411530403,10411530442,1,"IOTHUB_CLIENT_CONFIRMATION_OK"
23795,10411530603,10411530650,1,"IOTHUB_CLIENT_CONFIRMATION_OK"
23796,10411530803,10411530857,1,"IOTHUB_CLIENT_CONFIRMATION_OK"
23797,10411531003,10411531054,1,"IOTHUB_CLIENT_CONFIRMATION_OK"
23798,10411531203,10411531249,1,"IOTHUB_CLIENT_CONFIRMATION_OK"
23799,10411531403,10411531550,1,"IOTHUB_CLIENT_CONFIRMATION_OK"
23800,10411531604,10411531649,1,"IOTHUB_CLIENT_CONFIRMATION_OK"
23801,10411531804,10411531844,1,"IOTHUB_CLIENT_CONFIRMATION_OK"
23802,10411532004,10411532147,1,"IOTHUB_CLIENT_CONFIRMATION_OK"
23803,10411532204,10411532241,1,"IOTHUB_CLIENT_CONFIRMATION_OK"
23804,10411532404,10411532451,1,"IOTHUB_CLIENT_CONFIRMATION_OK"
23805,10411532604,10411532656,1,"IOTHUB_CLIENT_CONFIRMATION_OK"
23806,10411532804,10411532848,1,"IOTHUB_CLIENT_CONFIRMATION_OK"
23807,10411533005,10411533047,1,"IOTHUB_CLIENT_CONFIRMATION_OK"
23808,10411533205,10411533245,1,"IOTHUB_CLIENT_CONFIRMATION_OK"
23809,10411533405,10411533449,1,"IOTHUB_CLIENT_CONFIRMATION_OK"
23810,10411533605,10411533659,1,"IOTHUB_CLIENT_CONFIRMATION_OK"
23811,10411533805,10411533841,1,"IOTHUB_CLIENT_CONFIRMATION_OK"
23812,10411534005,10411534113,1,"IOTHUB_CLIENT_CONFIRMATION_OK"
23813,10411534205,10411534392,1,"IOTHUB_CLIENT_CONFIRMATION_OK"
23814,10411534406,10411534478,1,"IOTHUB_CLIENT_CONFIRMATION_OK"
23815,10411534606,10411534695,1,"IOTHUB_CLIENT_CONFIRMATION_OK"
23816,10411534806,10411534843,1,"IOTHUB_CLIENT_CONFIRMATION_OK"
23817,10411535006,10411535053,1,"IOTHUB_CLIENT_CONFIRMATION_OK"
23818,10411535206,10411535245,1,"IOTHUB_CLIENT_CONFIRMATION_OK"
23819,10411535406,10411535456,1,"IOTHUB_CLIENT_CONFIRMATION_OK"
23820,10411535607,10411535650,1,"IOTHUB_CLIENT_CONFIRMATION_OK"
23821,10411535807,10411535848,1,"IOTHUB_CLIENT_CONFIRMATION_OK"
23822,10411536007,10411536043,1,"IOTHUB_CLIENT_CONFIRMATION_OK"
23823,10411536207,10411536259,1,"IOTHUB_CLIENT_CONFIRMATION_OK"
23824,10411536407,10411536459,1,"IOTHUB_CLIENT_CONFIRMATION_OK"
23825,10411536607,10411536649,1,"IOTHUB_CLIENT_CONFIRMATION_OK"
23826,10411536808,10411536852,1,"IOTHUB_CLIENT_CONFIRMATION_OK"
23827,10411537008,10411537046,1,"IOTHUB_CLIENT_CONFIRMATION_OK"
23828,10411537208,10411537244,1,"IOTHUB_CLIENT_CONFIRMATION_OK"
23829,10411537408,10411537467,1,"IOTHUB_CLIENT_CONFIRMATION_OK"
23830,10411537608,10411537668,1,"IOTHUB_CLIENT_CONFIRMATION_OK"
23831,10411537808,10411537854,1,"IOTHUB_CLIENT_CONFIRMATION_OK"
23832,10411538009,10411538046,1,"IOTHUB_CLIENT_CONFIRMATION_OK"
23833,10411538209,10411538274,1,"IOTHUB_CLIENT_CONFIRMATION_OK"
23834,10411538409,10411538457,1,"IOTHUB_CLIENT_CONFIRMATION_OK"
23835,10411538609,10411538689,1,"IOTHUB_CLIENT_CONFIRMATION_OK"
23836,10411538809,10411538895,1,"IOTHUB_CLIENT_CONFIRMATION_OK"
23837,10411539009,10411539102,1,"IOTHUB_CLIENT_CONFIRMATION_OK"
23838,10411539210,10411539286,1,"IOTHUB_CLIENT_CONFIRMATION_OK"
23839,10411539410,10411539482,1,"IOTHUB_CLIENT_CONFIRMATION_OK"
23840,10411539610,10411539650,1,"IOTHUB_CLIENT_CONFIRMATION_OK"
23841,10411539810,10411539911,1,"IOTHUB_CLIENT_CONFIRMATION_OK"
23842,10411540010,10411540052,1,"IOTHUB_CLIENT_CONFIRMATION_OK"
23843,10411540210,10411540262,1,"IOTHUB_CLIENT_CONFIRMATION_OK"
23844,10411540411,10411540520,1,"IOTHUB_CLIENT_CONFIRMATION_OK"
23845,10411540611,10411540665,1,"IOTHUB_CLIENT_CONFIRMATION_OK"
23846,10411540811,10411540848,1,"IOTHUB_CLIENT_CONFIRMATION_OK"
23847,10411541011,10411541154,1,"IOTHUB_CLIENT_CONFIRMATION_OK"
23848,10411541211,10411541253,1,"IOTHUB_CLIENT_CONFIRMATION_OK"
23849,10411541411,10411541456,1,"IOTHUB_CLIENT_CONFIRMATION_OK"
23850,10411541612,10411541654,1,"IOTHUB_CLIENT_CONFIRMATION_OK"
23851,10411541812,10411541864,1,"IOTHUB_CLIENT_CONFIRMATION_OK"
23852,10411542012,10411542050,1,"IOTHUB_CLIENT_CONFIRMATION_OK"
23853,10411542212,10411542259,1,"IOTHUB_CLIENT_CONFIRMATION_OK"
23854,10411542412,10411542498,1,"IOTHUB_CLIENT_CONFIRMATION_OK"
23855,10411542612,10411542801,1,"IOTHUB_CLIENT_CONFIRMATION_OK"
23856,10411542812,10411542876,1,"IOTHUB_CLIENT_CONFIRMATION_OK"
23857,10411543013,10411543051,1,"IOTHUB_CLIENT_CONFIRMATION_OK"
23858,10411543213,10411543253,1,"IOTHUB_CLIENT_CONFIRMATION_OK"
23859,10411543413,10411543461,1,"IOTHUB_CLIENT_CONFIRMATION_OK"
23860,10411543613,10411543658,1,"IOTHUB_CLIENT_CONFIRMATION_OK"
23861,10411543813,10411543853,1,"IOTHUB_CLIENT_CONFIRMATION_OK"
23862,10411544013,10411544064,1,"IOTHUB_CLIENT_CONFIRMATION_OK"
23863,10411544214,10411544252,1,"IOTHUB_CLIENT_CONFIRMATION_OK"
23864,10411544414,10411544455,1,"IOTHUB_CLIENT_CONFIRMATION_OK"
23865,10411544614,10411544668,1,"IOTHUB_CLIENT_CONFIRMATION_OK"
23866,10411544814,10411544870,1,"IOTHUB_CLIENT_CONFIRMATION_OK"
23867,10411545014,10411545053,1,"IOTHUB_CLIENT_CONFIRMATION_OK"
23868,10411545214,10411545298,1,"IOTHUB_CLIENT_CONFIRMATION_OK"
23869,10411545415,10411545474,1,"IOTHUB_CLIENT_CONFIRMATION_OK"
23870,10411545615,10411545690,1,"IOTHUB_CLIENT_CONFIRMATION_OK"
23871,10411545815,10411545866,1,"IOTHUB_CLIENT_CONFIRMATION_OK"
23872,10411546015,10411546072,1,"IOTHUB_CLIENT_CONFIRMATION_OK"
23873,10411546215,10411546259,1,"IOTHUB_CLIENT_CONFIRMATION_OK"
23874,10411546415,10411546451,1,"IOTHUB_CLIENT_CONFIRMATION_OK"
23875,10411546615,10411546672,1,"IOTHUB_CLIENT_CONFIRMATION_OK"
23876,10411546816,10411546859,1,"IOTHUB_CLIENT_CONFIRMATION_OK"
23877,10411547016,10411547059,1,"IOTHUB_CLIENT_CONFIRMATION_OK"
23878,10411547216,10411547284,1,"IOTHUB_CLIENT_CONFIRMATION_OK"
23879,10411547416,10411547458,1,"IOTHUB_CLIENT_CONFIRMATION_OK"
23880,10411547616,10411547654,1,"IOTHUB_CLIENT_CONFIRMATION_OK"
23881,10411547816,10411547860,1,"IOTHUB_CLIENT_CONFIRMATION_OK"
23882,10411548017,10411548107,1,"IOTHUB_CLIENT_CONFIRMATION_OK"
23883,10411548217,10411548298,1,"IOTHUB_CLIENT_CONFIRMATION_OK"
23884,10411548417,10411548451,1,"IOTHUB_CLIENT_CONFIRMATION_OK"
23885,10411548617,10411548686,1,"IOTHUB_CLIENT_CONFIRMATION_OK"
23886,10411548817,10411548936,1,"IOTHUB_CLIENT_CONFIRMATION_OK"
23887,10411549017,10411549053,1,"IOTHUB_CLIENT_CONFIRMATION_OK"
23888,10411549218,10411549259,1,"IOTHUB_CLIENT_CONFIRMATION_OK"
23889,10411549418,10411549541,1,"IOTHUB_CLIENT_CONFIRMATION_OK"
23890,10411549618,10411549653,1,"IOTHUB_CLIENT_CONFIRMATION_OK"
23891,10411549818,10411549889,1,"IOTHUB_CLIENT_CONFIRMATION_OK"
23892,10411550018,10411550069,1,"IOTHUB_CLIENT_CONFIRMATION_OK"
23893,10411550218,10411550269,1,"IOTHUB_CLIENT_CONFIRMATION_OK"
23894,10411550419,10411550459,1,"IOTHUB_CLIENT_CONFIRMATION_OK"
23895,10411550619,10411550657,1,"IOTHUB_CLIENT_CONFIRMATION_OK"
23896,10411550819,10411550865,1,"IOTHUB_CLIENT_CONFIRMATION_OK"
23897,10411551019,10411551206,1,"IOTHUB_CLIENT_CONFIRMATION_OK"
23898,10411551219,10411551260,1,"IOTHUB_CLIENT_CONFIRMATION_OK"
23899,10411551419,10411551460,1,"IOTHUB_CLIENT_CONFIRMATION_OK"
23900,10411551619,10411551656,1,"IOTHUB_CLIENT_CONFIRMATION_OK"
23901,10411551820,10411551896,1,"IOTHUB_CLIENT_CONFIRMATION_OK"
23902,10411552020,10411552059,1,"IOTHUB_CLIENT_CONFIRMATION_OK"
23903,10411552220,10411552277,1,"IOTHUB_CLIENT_CONFIRMATION_OK"
23904,10411552420,10411552457,1,"IOTHUB_CLIENT_CONFIRMATION_OK"
23905,10411552620,10411552670,1,"IOTHUB_CLIENT_CONFIRMATION_OK"
23906,10411552820,10411552918,1,"IOTHUB_CLIENT_CONFIRMATION_OK"
23907,10411553021,10411553056,1,"IOTHUB_CLIENT_CONFIRMATION_OK"
23908,10411553221,10411553289,1,"IOTHUB_CLIENT_CONFIRMATION_OK"
23909,10411553421,10411553473,1,"IOTHUB_CLIENT_CONFIRMATION_OK"
23910,10411553621,10411553660,1,"IOTHUB_CLIENT_CONFIRMATION_OK"
23911,10411553821,10411553897,1,"IOTHUB_CLIENT_CONFIRMATION_OK"
23912,10411554021,10411554059,1,"IOTHUB_CLIENT_CONFIRMATION_OK"
23913,10411554222,10411554271,1,"IOTHUB_CLIENT_CONFIRMATION_OK"
23914,10411554422,10411554544,1,"IOTHUB_CLIENT_CONFIRMATION_OK"
23915,10411554622,10411554679,1,"IOTHUB_CLIENT_CONFIRMATION_OK"
23916,10411554822,10411554863,1,"IOTHUB_CLIENT_CONFIRMATION_OK"
23917,10411555022,10411555134,1,"IOTHUB_CLIENT_CONFIRMATION_OK"
23918,10411555222,10411555277,1,"IOTHUB_CLIENT_CONFIRMATION_OK"
23919,10411555423,10411555541,1,"IOTHUB_CLIENT_CONFIRMATION_OK"
23920,10411555623,10411555767,1,"IOTHUB_CLIENT_CONFIRMATION_OK"
23921,10411555823,10411555870,1,"IOTHUB_CLIENT_CONFIRMATION_OK"
23922,10411556023,10411556063,1,"IOTHUB_CLIENT_CONFIRMATION_OK"
23923,10411556223,10411556267,1,"IOTHUB_CLIENT_CONFIRMATION_OK"
23924,10411556423,10411556462,1,"IOTHUB_CLIENT_CONFIRMATION_OK"
23925,10411556623,10411556666,1,"IOTHUB_CLIENT_CONFIRMATION_OK"
23926,10411556824,10411556871,1,"IOTHUB_CLIENT_CONFIRMATION_OK"
23927,10411557024,10411557064,1,"IOTHUB_CLIENT_CONFIRMATION_OK"
23928,10411557224,10411557416,1,"IOTHUB_CLIENT_CONFIRMATION_OK"
23929,10411557424,10411557474,1,"IOTHUB_CLIENT_CONFIRMATION_OK"
23930,10411557624,10411557659,1,"IOTHUB_CLIENT_CONFIRMATION_OK"
23931,10411557824,10411557869,1,"IOTHUB_CLIENT_CONFIRMATION_OK"
23932,10411558025,10411558074,1,"IOTHUB_CLIENT_CONFIRMATION_OK"
23933,10411558225,10411558267,1,"IOTHUB_CLIENT_CONFIRMATION_OK"
23934,10411558425,10411558470,1,"IOTHUB_CLIENT_CONFIRMATION_OK"
23935,10411558625,10411558672,1,"IOTHUB_CLIENT_CONFIRMATION_OK"
23936,10411558825,10411558867,1,"IOTHUB_CLIENT_CONFIRMATION_OK"
23937,10411559025,10411559065,1,"IOTHUB_CLIENT_CONFIRMATION_OK"
23938,10411559226,10411559291,1,"IOTHUB_CLIENT_CONFIRMATION_OK"
23939,10411559426,10411559468,1,"IOTHUB_CLIENT_CONFIRMATION_OK"
23940,10411559626,10411559669,1,"IOTHUB_CLIENT_CONFIRMATION_OK"
23941,10411559826,10411559867,1,"IOTHUB_CLIENT_CONFIRMATION_OK"
23942,10411560026,10411560080,1,"IOTHUB_CLIENT_CONFIRMATION_OK"
23943,10411560226,10411560280,1,"IOTHUB_CLIENT_CONFIRMATION_OK"
23944,10411560427,10411560472,1,"IOTHUB_CLIENT_CONFIRMATION_OK"
23945,10411560627,10411560668,1,"IOTHUB_CLIENT_CONFIRMATION_OK"
23946,10411560827,10411560879,1,"IOTHUB_CLIENT_CONFIRMATION_OK"
23947,10411561027,10411561155,1,"IOTHUB_CLIENT_CONFIRMATION_OK"
23948,10411561227,10411561377,1,"IOTHUB_CLIENT_CONFIRMATION_OK"
23949,10411561427,10411561475,1,"IOTHUB_CLIENT_CONFIRMATION_OK"
23950,10411561627,10411561670,1,"IOTHUB_CLIENT_CONFIRMATION_OK"
23951,10411561828,10411561873,1,"IOTHUB_CLIENT_CONFIRMATION_OK"
23952,10411562028,10411562073,1,"IOTHUB_CLIENT_CONFIRMATION_OK"
23953,10411562228,10411562272,1,"IOTHUB_CLIENT_CONFIRMATION_OK"
23954,10411562428,10411562472,1,"IOTHUB_CLIENT_CONFIRMATION_OK"
23955,10411562628,10411562669,1,"IOTHUB_CLIENT_CONFIRMATION_OK"
23956,10411562828,10411563044,1,"IOTHUB_CLIENT_CONFIRMATION_OK"
23957,10411563029,10411563079,1,"IOTHUB_CLIENT_CONFIRMATION_OK"
23958,10411563229,10411563271,1,"IOTHUB_CLIENT_CONFIRMATION_OK"
23959,10411563429,10411563476,1,"IOTHUB_CLIENT_CONFIRMATION_OK"
23960,10411563629,10411563679,1,"IOTHUB_CLIENT_CONFIRMATION_OK"
23961,10411563829,10411563901,1,"IOTHUB_CLIENT_CONFIRMATION_OK"
23962,10411564029,10411564085,1,"IOTHUB_CLIENT_CONFIRMATION_OK"
23963,10411564229,10411564300,1,"IOTHUB_CLIENT_CONFIRMATION_OK"
23964,10411564430,10411564468,1,"IOTHUB_CLIENT_CONFIRMATION_OK"
23965,10411564630,10411564672,1,"IOTHUB_CLIENT_CONFIRMATION_OK"
23966,10411564830,10411564867,1,"IOTHUB_CLIENT_CONFIRMATION_OK"
23967,10411565030,10411565079,1,"IOTHUB_CLIENT_CONFIRMATION_OK"
23968,10411565230,10411565270,1,"IOTHUB_CLIENT_CONFIRMATION_OK"
23969,10411565430,10411565484,1,"IOTHUB_CLIENT_CONFIRMATION_OK"
23970,10411565631,10411565699,1,"IOTHUB_CLIENT_CONFIRMATION_OK"
23971,10411565831,10411565896,1,"IOTHUB_CLIENT_CONFIRMATION_OK"
23972,10411566031,10411566072,1,"IOTHUB_CLIENT_CONFIRMATION_OK"
23973,10411566231,10411566488,1,"IOTHUB_CLIENT_CONFIRMATION_OK"
23974,10411566431,10411566551,1,"IOTHUB_CLIENT_CONFIRMATION_OK"
23975,10411566631,10411566669,1,"IOTHUB_CLIENT_CONFIRMATION_OK"
23976,10411566832,10411566867,1,"IOTHUB_CLIENT_CONFIRMATION_OK"
23977,10411567032,10411567088,1,"IOTHUB_CLIENT_CONFIRMATION_OK"
23978,10411567232,10411567275,1,"IOTHUB_CLIENT_CONFIRMATION_OK"
23979,10411567432,10411567494,1,"IOTHUB_CLIENT_CONFIRMATION_OK"
23980,10411567632,10411567697,1,"IOTHUB_CLIENT_CONFIRMATION_OK"
23981,10411567832,10411567882,1,"IOTHUB_CLIENT_CONFIRMATION_OK"
23982,10411568032,10411568079,1,"IOTHUB_CLIENT_CONFIRMATION_OK"
23983,10411568233,10411568284,1,"IOTHUB_CLIENT_CONFIRMATION_OK"
23984,10411568433,10411568493,1,"IOTHUB_CLIENT_CONFIRMATION_OK"
23985,10411568633,10411568675,1,"IOTHUB_CLIENT_CONFIRMATION_OK"
23986,10411568833,10411568872,1,"IOTHUB_CLIENT_CONFIRMATION_OK"
23987,10411569033,10411569105,1,"IOTHUB_CLIENT_CONFIRMATION_OK"
23988,10411569233,10411569274,1,"IOTHUB_CLIENT_CONFIRMATION_OK"
23989,10411569434,10411569471,1,"IOTHUB_CLIENT_CONFIRMATION_OK"
23990,10411569634,10411569712,1,"IOTHUB_CLIENT_CONFIRMATION_OK"
23991,10411569834,10411569875,1,"IOTHUB_CLIENT_CONFIRMATION_OK"
23992,10411570034,10411570072,1,"IOTHUB_CLIENT_CONFIRMATION_OK"
23993,10411570234,10411570308,1,"IOTHUB_CLIENT_CONFIRMATION_OK"
23994,10411570434,10411570508,1,"IOTHUB_CLIENT_CONFIRMATION_OK"
23995,10411570634,10411570678,1,"IOTHUB_CLIENT_CONFIRMATION_OK"
23996,10411570835,10411570882,1,"IOTHUB_CLIENT_CONFIRMATION_OK"
23997,10411571035,10411571106,1,"IOTHUB_CLIENT_CONFIRMATION_OK"
23998,10411571235,10411571327,1,"IOTHUB_CLIENT_CONFIRMATION_OK"
23999,10411571435,10411571491,1,"IOTHUB_CLIENT_CONFIRMATION_OK"
24000,10411571635,10411571717,1,"IOTHUB_CLIENT_CONFIRMATION_OK"
24001,10411571835,10411571958,1,"IOTHUB_CLIENT_CONFIRMATION_OK"
24002,10411572036,10411572084,1,"IOTHUB_CLIENT_CONFIRMATION_OK"
24003,10411572236,10411572276,1,"IOTHUB_CLIENT_CONFIRMATION_OK"
24004,10411572436,10411572633,1,"IOTHUB_CLIENT_CONFIRMATION_OK"
24005,10411572636,10411572677,1,"IOTHUB_CLIENT_CONFIRMATION_OK"
24006,10411572836,10411572872,1,"IOTHUB_CLIENT_CONFIRMATION_OK"
24007,10411573036,10411573075,1,"IOTHUB_CLIENT_CONFIRMATION_OK"
24008,10411573237,10411573283,1,"IOTHUB_CLIENT_CONFIRMATION_OK"
24009,10411573437,10411573475,1,"IOTHUB_CLIENT_CONFIRMATION_OK"
24010,10411573637,10411573672,1,"IOTHUB_CLIENT_CONFIRMATION_OK"
24011,10411573837,10411573878,1,"IOTHUB_CLIENT_CONFIRMATION_OK"
24012,10411574037,10411574211,1,"IOTHUB_CLIENT_CONFIRMATION_OK"
24013,10411574237,10411574278,1,"IOTHUB_CLIENT_CONFIRMATION_OK"
24014,10411574438,10411574496,1,"IOTHUB_CLIENT_CONFIRMATION_OK"
24015,10411574638,10411574719,1,"IOTHUB_CLIENT_CONFIRMATION_OK"
24016,10411574838,10411574877,1,"IOTHUB_CLIENT_CONFIRMATION_OK"
24017,10411575038,10411575081,1,"IOTHUB_CLIENT_CONFIRMATION_OK"
24018,10411575238,10411575274,1,"IOTHUB_CLIENT_CONFIRMATION_OK"
24019,10411575438,10411575478,1,"IOTHUB_CLIENT_CONFIRMATION_OK"
24020,10411575638,10411575676,1,"IOTHUB_CLIENT_CONFIRMATION_OK"
24021,10411575839,10411575884,1,"IOTHUB_CLIENT_CONFIRMATION_OK"
24022,10411576039,10411576080,1,"IOTHUB_CLIENT_CONFIRMATION_OK"
24023,10411576239,10411576295,1,"IOTHUB_CLIENT_CONFIRMATION_OK"
24024,10411576439,10411576560,1,"IOTHUB_CLIENT_CONFIRMATION_OK"
24025,10411576639,10411576675,1,"IOTHUB_CLIENT_CONFIRMATION_OK"
24026,10411576839,10411576975,1,"IOTHUB_CLIENT_CONFIRMATION_OK"
24027,10411577040,10411577081,1,"IOTHUB_CLIENT_CONFIRMATION_OK"
24028,10411577240,10411577275,1,"IOTHUB_CLIENT_CONFIRMATION_OK"
24029,10411577440,10411577587,1,"IOTHUB_CLIENT_CONFIRMATION_OK"
24030,10411577640,10411577674,1,"IOTHUB_CLIENT_CONFIRMATION_OK"
24031,10411577840,10411577881,1,"IOTHUB_CLIENT_CONFIRMATION_OK"
24032,10411578040,10411578079,1,"IOTHUB_CLIENT_CONFIRMATION_OK"
24033,10411578241,10411578292,1,"IOTHUB_CLIENT_CONFIRMATION_OK"
24034,10411578441,10411578485,1,"IOTHUB_CLIENT_CONFIRMATION_OK"
24035,10411578641,10411578679,1,"IOTHUB_CLIENT_CONFIRMATION_OK"
24036,10411578841,10411578884,1,"IOTHUB_CLIENT_CONFIRMATION_OK"
24037,10411579041,10411579091,1,"IOTHUB_CLIENT_CONFIRMATION_OK"
24038,10411579241,10411579307,1,"IOTHUB_CLIENT_CONFIRMATION_OK"
24039,10411579442,10411579477,1,"IOTHUB_CLIENT_CONFIRMATION_OK"
24040,10411579642,10411579705,1,"IOTHUB_CLIENT_CONFIRMATION_OK"
24041,10411579842,10411579876,1,"IOTHUB_CLIENT_CONFIRMATION_OK"
24042,10411580042,10411580112,1,"IOTHUB_CLIENT_CONFIRMATION_OK"
24043,10411580242,10411580377,1,"IOTHUB_CLIENT_CONFIRMATION_OK"
24044,10411580442,10411580478,1,"IOTHUB_CLIENT_CONFIRMATION_OK"
24045,10411580642,10411580684,1,"IOTHUB_CLIENT_CONFIRMATION_OK"
24046,10411580843,10411580930,1,"IOTHUB_CLIENT_CONFIRMATION_OK"
24047,10411581043,10411581085,1,"IOTHUB_CLIENT_CONFIRMATION_OK"
24048,10411581243,10411581288,1,"IOTHUB_CLIENT_CONFIRMATION_OK"
24049,10411581443,10411581668,1,"IOTHUB_CLIENT_CONFIRMATION_OK"
24050,10411581643,10411581704,1,"IOTHUB_CLIENT_CONFIRMATION_OK"
24051,10411581843,10411581892,1,"IOTHUB_CLIENT_CONFIRMATION_OK"
24052,10411582044,10411582094,1,"IOTHUB_CLIENT_CONFIRMATION_OK"
24053,10411582244,10411582288,1,"IOTHUB_CLIENT_CONFIRMATION_OK"
24054,10411582444,10411582513,1,"IOTHUB_CLIENT_CONFIRMATION_OK"
24055,10411582644,10411582685,1,"IOTHUB_CLIENT_CONFIRMATION_OK"
24056,10411582844,10411582888,1,"IOTHUB_CLIENT_CONFIRMATION_OK"
24057,10411583044,10411583191,1,"IOTHUB_CLIENT_CONFIRMATION_OK"
24058,10411583245,10411583287,1,"IOTHUB_CLIENT_CONFIRMATION_OK"
24059,10411583445,10411583481,1,"IOTHUB_CLIENT_CONFIRMATION_OK"
24060,10411583645,10411583787,1,"IOTHUB_CLIENT_CONFIRMATION_OK"
24061,10411583845,10411583897,1,"IOTHUB_CLIENT_CONFIRMATION_OK"
24062,10411584045,10411584093,1,"IOTHUB_CLIENT_CONFIRMATION_OK"
24063,10411584245,10411584290,1,"IOTHUB_CLIENT_CONFIRMATION_OK"
24064,10411584445,10411584481,1,"IOTHUB_CLIENT_CONFIRMATION_OK"
24065,10411584646,10411584705,1,"IOTHUB_CLIENT_CONFIRMATION_OK"
24066,10411584846,10411584891,1,"IOTHUB_CLIENT_CONFIRMATION_OK"
24067,10411585046,10411585253,1,"IOTHUB_CLIENT_CONFIRMATION_OK"
24068,10411585246,10411585283,1,"IOTHUB_CLIENT_CONFIRMATION_OK"
24069,10411585446,10411585482,1,"IOTHUB_CLIENT_CONFIRMATION_OK"
24070,10411585646,10411585704,1,"IOTHUB_CLIENT_CONFIRMATION_OK"
24071,10411585847,10411586051,1,"IOTHUB_CLIENT_CONFIRMATION_OK"
24072,10411586047,10411586096,1,"IOTHUB_CLIENT_CONFIRMATION_OK"
24073,10411586247,10411586293,1,"IOTHUB_CLIENT_CONFIRMATION_OK"
24074,10411586447,10411586500,1,"IOTHUB_CLIENT_CONFIRMATION_OK"
24075,10411586647,10411586696,1,"IOTHUB_CLIENT_CONFIRMATION_OK"
24076,10411586847,10411586885,1,"IOTHUB_CLIENT_CONFIRMATION_OK"
24077,10411587048,10411587099,1,"IOTHUB_CLIENT_CONFIRMATION_OK"
24078,10411587248,10411587308,1,"IOTHUB_CLIENT_CONFIRMATION_OK"
24079,10411587448,10411587491,1,"IOTHUB_CLIENT_CONFIRMATION_OK"
24080,10411587648,10411587730,1,"IOTHUB_CLIENT_CONFIRMATION_OK"
24081,10411587848,10411587900,1,"IOTHUB_CLIENT_CONFIRMATION_OK"
24082,10411588048,10411588085,1,"IOTHUB_CLIENT_CONFIRMATION_OK"
24083,10411588248,10411588297,1,"IOTHUB_CLIENT_CONFIRMATION_OK"
24084,10411588449,10411588487,1,"IOTHUB_CLIENT_CONFIRMATION_OK"
24085,10411588649,10411588728,1,"IOTHUB_CLIENT_CONFIRMATION_OK"
24086,10411588849,10411588917,1,"IOTHUB_CLIENT_CONFIRMATION_OK"
24087,10411589049,10411589093,1,"IOTHUB_CLIENT_CONFIRMATION_OK"
24088,10411589249,10411589395,1,"IOTHUB_CLIENT_CONFIRMATION_OK"
24089,10411589449,10411589511,1,"IOTHUB_CLIENT_CONFIRMATION_OK"
24090,10411589650,10411589688,1,"IOTHUB_CLIENT_CONFIRMATION_OK"
24091,10411589850,10411589896,1,"IOTHUB_CLIENT_CONFIRMATION_OK"
24092,10411590050,10411590114,1,"IOTHUB_CLIENT_CONFIRMATION_OK"
24093,10411590250,10411590362,1,"IOTHUB_CLIENT_CONFIRMATION_OK"
24094,10411590450,10411590498,1,"IOTHUB_CLIENT_CONFIRMATION_OK"
24095,10411590650,10411590690,1,"IOTHUB_CLIENT_CONFIRMATION_OK"
24096,10411590850,10411590922,1,"IOTHUB_CLIENT_CONFIRMATION_OK"
24097,10411591051,10411591104,1,"IOTHUB_CLIENT_CONFIRMATION_OK"
24098,10411591251,10411591373,1,"IOTHUB_CLIENT_CONFIRMATION_OK"
24099,10411591451,10411591689,1,"IOTHUB_CLIENT_CONFIRMATION_OK"
24100,10411591651,10411591718,1,"IOTHUB_CLIENT_CONFIRMATION_OK"
24101,10411591851,10411591893,1,"IOTHUB_CLIENT_CONFIRMATION_OK"
24102,10411592051,10411592099,1,"IOTHUB_CLIENT_CONFIRMATION_OK"
24103,10411592252,10411592299,1,"IOTHUB_CLIENT_CONFIRMATION_OK"
24104,10411592452,10411592502,1,"IOTHUB_CLIENT_CONFIRMATION_OK"
24105,10411592652,10411592687,1,"IOTHUB_CLIENT_CONFIRMATION_OK"
24106,10411592852,10411592895,1,"IOTHUB_CLIENT_CONFIRMATION_OK"
24107,10411593052,10411593093,1,"IOTHUB_CLIENT_CONFIRMATION_OK"
24108,10411593252,10411593291,1,"IOTHUB_CLIENT_CONFIRMATION_OK"
24109,10411593452,10411593497,1,"IOTHUB_CLIENT_CONFIRMATION_OK"
24110,10411593653,10411593704,1,"IOTHUB_CLIENT_CONFIRMATION_OK"
24111,10411593853,10411593911,1,"IOTHUB_CLIENT_CONFIRMATION_OK"
24112,10411594053,10411594109,1,"IOTHUB_CLIENT_CONFIRMATION_OK"
24113,10411594253,10411594302,1,"IOTHUB_CLIENT_CONFIRMATION_OK"
24114,10411594453,10411594489,1,"IOTHUB_CLIENT_CONFIRMATION_OK"
24115,10411594653,10411594701,1,"IOTHUB_CLIENT_CONFIRMATION_OK"
24116,10411594854,10411594904,1,"IOTHUB_CLIENT_CONFIRMATION_OK"
24117,10411595054,10411595105,1,"IOTHUB_CLIENT_CONFIRMATION_OK"
24118,10411595254,10411595292,1,"IOTHUB_CLIENT_CONFIRMATION_OK"
24119,10411595454,10411595526,1,"IOTHUB_CLIENT_CONFIRMATION_OK"
24120,10411595654,10411595737,1,"IOTHUB_CLIENT_CONFIRMATION_OK"
24121,10411595854,10411595895,1,"IOTHUB_CLIENT_CONFIRMATION_OK"
24122,10411596055,10411596158,1,"IOTHUB_CLIENT_CONFIRMATION_OK"
24123,10411596255,10411596290,1,"IOTHUB_CLIENT_CONFIRMATION_OK"
24124,10411596455,10411596504,1,"IOTHUB_CLIENT_CONFIRMATION_OK"
24125,10411596655,10411596711,1,"IOTHUB_CLIENT_CONFIRMATION_OK"
24126,10411596855,10411596891,1,"IOTHUB_CLIENT_CONFIRMATION_OK"
24127,10411597055,10411597161,1,"IOTHUB_CLIENT_CONFIRMATION_OK"
24128,10411597255,10411597298,1,"IOTHUB_CLIENT_CONFIRMATION_OK"
24129,10411597456,10411597502,1,"IOTHUB_CLIENT_CONFIRMATION_OK"
24130,10411597656,10411597776,1,"IOTHUB_CLIENT_CONFIRMATION_OK"
24131,10411597856,10411597903,1,"IOTHUB_CLIENT_CONFIRMATION_OK"
24132,10411598056,10411598117,1,"IOTHUB_CLIENT_CONFIRMATION_OK"
24133,10411598256,10411598403,1,"IOTHUB_CLIENT_CONFIRMATION_OK"
24134,10411598456,10411598492,1,"IOTHUB_CLIENT_CONFIRMATION_OK"
24135,10411598657,10411598716,1,"IOTHUB_CLIENT_CONFIRMATION_OK"
24136,10411598857,10411598903,1,"IOTHUB_CLIENT_CONFIRMATION_OK"
24137,10411599057,10411599089,1,"IOTHUB_CLIENT_CONFIRMATION_OK"
24138,10411599257,10411599299,1,"IOTHUB_CLIENT_CONFIRMATION_OK"
24139,10411599457,10411599520,1,"IOTHUB_CLIENT_CONFIRMATION_OK"
24140,10411599657,10411599792,1,"IOTHUB_CLIENT_CONFIRMATION_OK"
24141,10411599857,10411600061,1,"IOTHUB_CLIENT_CONFIRMATION_OK"
24142,10411600058,10411600118,1,"IOTHUB_CLIENT_CONFIRMATION_OK"
24143,10411600258,10411600301,1,"IOTHUB_CLIENT_CONFIRMATION_OK"
24144,10411600458,10411600503,1,"IOTHUB_CLIENT_CONFIRMATION_OK"
24145,10411600658,10411600732,1,"IOTHUB_CLIENT_CONFIRMATION_OK"
24146,10411600858,10411600903,1,"IOTHUB_CLIENT_CONFIRMATION_OK"
24147,10411601058,10411601100,1,"IOTHUB_CLIENT_CONFIRMATION_OK"
24148,10411601259,10411601305,1,"IOTHUB_CLIENT_CONFIRMATION_OK"
24149,10411601459,10411601519,1,"IOTHUB_CLIENT_CONFIRMATION_OK"
24150,10411601659,10411601717,1,"IOTHUB_CLIENT_CONFIRMATION_OK"
24151,10411601859,10411601897,1,"IOTHUB_CLIENT_CONFIRMATION_OK"
24152,10411602059,10411602092,1,"IOTHUB_CLIENT_CONFIRMATION_OK"
24153,10411602259,10411602350,1,"IOTHUB_CLIENT_CONFIRMATION_OK"
24154,10411602459,10411602498,1,"IOTHUB_CLIENT_CONFIRMATION_OK"
24155,10411602660,10411602726,1,"IOTHUB_CLIENT_CONFIRMATION_OK"
24156,10411602860,10411602915,1,"IOTHUB_CLIENT_CONFIRMATION_OK"
24157,10411603060,10411603095,1,"IOTHUB_CLIENT_CONFIRMATION_OK"
24158,10411603260,10411603307,1,"IOTHUB_CLIENT_CONFIRMATION_OK"
24159,10411603460,10411603526,1,"IOTHUB_CLIENT_CONFIRMATION_OK"
24160,10411603660,10411603722,1,"IOTHUB_CLIENT_CONFIRMATION_OK"
24161,10411603861,10411603916,1,"IOTHUB_CLIENT_CONFIRMATION_OK"
24162,10411604061,10411604102,1,"IOTHUB_CLIENT_CONFIRMATION_OK"
24163,10411604261,10411604313,1,"IOTHUB_CLIENT_CONFIRMATION_OK"
24164,10411604461,10411604517,1,"IOTHUB_CLIENT_CONFIRMATION_OK"
24165,10411604661,10411604754,1,"IOTHUB_CLIENT_CONFIRMATION_OK"
24166,10411604861,10411604903,1,"IOTHUB_CLIENT_CONFIRMATION_OK"
24167,10411605062,10411605137,1,"IOTHUB_CLIENT_CONFIRMATION_OK"
24168,10411605262,10411605312,1,"IOTHUB_CLIENT_CONFIRMATION_OK"
24169,10411605462,10411605536,1,"IOTHUB_CLIENT_CONFIRMATION_OK"
24170,10411605662,10411605704,1,"IOTHUB_CLIENT_CONFIRMATION_OK"
24171,10411605862,10411605911,1,"IOTHUB_CLIENT_CONFIRMATION_OK"
24172,10411606062,10411606206,1,"IOTHUB_CLIENT_CONFIRMATION_OK"
24173,10411606262,10411606299,1,"IOTHUB_CLIENT_CONFIRMATION_OK"
24174,10411606463,10411606499,1,"IOTHUB_CLIENT_CONFIRMATION_OK"
24175,10411606663,10411606828,1,"IOTHUB_CLIENT_CONFIRMATION_OK"
24176,10411606863,10411606936,1,"IOTHUB_CLIENT_CONFIRMATION_OK"
24177,10411607063,10411607105,1,"IOTHUB_CLIENT_CONFIRMATION_OK"
24178,10411607263,10411607304,1,"IOTHUB_CLIENT_CONFIRMATION_OK"
24179,10411607463,10411607496,1,"IOTHUB_CLIENT_CONFIRMATION_OK"
24180,10411607663,10411607710,1,"IOTHUB_CLIENT_CONFIRMATION_OK"
24181,10411607864,10411607919,1,"IOTHUB_CLIENT_CONFIRMATION_OK"
24182,10411608064,10411608114,1,"IOTHUB_CLIENT_CONFIRMATION_OK"
24183,10411608264,10411608444,1,"IOTHUB_CLIENT_CONFIRMATION_OK"
24184,10411608464,10411608508,1,"IOTHUB_CLIENT_CONFIRMATION_OK"
24185,10411608664,10411608705,1,"IOTHUB_CLIENT_CONFIRMATION_OK"
24186,10411608864,10411608902,1,"IOTHUB_CLIENT_CONFIRMATION_OK"
24187,10411609064,10411609100,1,"IOTHUB_CLIENT_CONFIRMATION_OK"
24188,10411609265,10411609312,1,"IOTHUB_CLIENT_CONFIRMATION_OK"
24189,10411609465,10411609507,1,"IOTHUB_CLIENT_CONFIRMATION_OK"
24190,10411609665,10411609722,1,"IOTHUB_CLIENT_CONFIRMATION_OK"
24191,10411609865,10411609910,1,"IOTHUB_CLIENT_CONFIRMATION_OK"
24192,10411610065,10411610180,1,"IOTHUB_CLIENT_CONFIRMATION_OK"
24193,10411610265,10411610319,1,"IOTHUB_CLIENT_CONFIRMATION_OK"
24194,10411610466,10411610512,1,"IOTHUB_CLIENT_CONFIRMATION_OK"
24195,10411610666,10411610705,1,"IOTHUB_CLIENT_CONFIRMATION_OK"
24196,10411610866,10411610928,1,"IOTHUB_CLIENT_CONFIRMATION_OK"
24197,10411611066,10411611283,1,"IOTHUB_CLIENT_CONFIRMATION_OK"
24198,10411611266,10411611304,1,"IOTHUB_CLIENT_CONFIRMATION_OK"
24199,10411611466,10411611504,1,"IOTHUB_CLIENT_CONFIRMATION_OK"
24200,10411611667,10411611716,1,"IOTHUB_CLIENT_CONFIRMATION_OK"
24201,10411611867,10411611908,1,"IOTHUB_CLIENT_CONFIRMATION_OK"
24202,10411612067,10411612104,1,"IOTHUB_CLIENT_CONFIRMATION_OK"
24203,10411612267,10411612311,1,"IOTHUB_CLIENT_CONFIRMATION_OK"
24204,10411612467,10411612528,1,"IOTHUB_CLIENT_CONFIRMATION_OK"
24205,10411612667,10411612709,1,"IOTHUB_CLIENT_CONFIRMATION_OK"
24206,10411612867,10411612921,1,"IOTHUB_CLIENT_CONFIRMATION_OK"
24207,10411613068,10411613137,1,"IOTHUB_CLIENT_CONFIRMATION_OK"
24208,10411613268,10411613317,1,"IOTHUB_CLIENT_CONFIRMATION_OK"
24209,10411613468,10411613541,1,"IOTHUB_CLIENT_CONFIRMATION_OK"
24210,10411613668,10411613729,1,"IOTHUB_CLIENT_CONFIRMATION_OK"
24211,10411613868,10411613910,1,"IOTHUB_CLIENT_CONFIRMATION_OK"
24212,10411614068,10411614109,1,"IOTHUB_CLIENT_CONFIRMATION_OK"
24213,10411614269,10411614325,1,"IOTHUB_CLIENT_CONFIRMATION_OK"
24214,10411614469,10411614542,1,"IOTHUB_CLIENT_CONFIRMATION_OK"
24215,10411614669,10411614706,1,"IOTHUB_CLIENT_CONFIRMATION_OK"
24216,10411614869,10411614909,1,"IOTHUB_CLIENT_CONFIRMATION_OK"
24217,10411615069,10411615156,1,"IOTHUB_CLIENT_CONFIRMATION_OK"
24218,10411615269,10411615316,1,"IOTHUB_CLIENT_CONFIRMATION_OK"
24219,10411615470,10411615582,1,"IOTHUB_CLIENT_CONFIRMATION_OK"
24220,10411615670,10411615841,1,"IOTHUB_CLIENT_CONFIRMATION_OK"
24221,10411615870,10411615909,1,"IOTHUB_CLIENT_CONFIRMATION_OK"
24222,10411616070,10411616112,1,"IOTHUB_CLIENT_CONFIRMATION_OK"
24223,10411616270,10411616308,1,"IOTHUB_CLIENT_CONFIRMATION_OK"
24224,10411616470,10411616558,1,"IOTHUB_CLIENT_CONFIRMATION_OK"
24225,10411616671,10411616707,1,"IOTHUB_CLIENT_CONFIRMATION_OK"
24226,10411616871,10411616916,1,"IOTHUB_CLIENT_CONFIRMATION_OK"
24227,10411617071,10411617105,1,"IOTHUB_CLIENT_CONFIRMATION_OK"
24228,10411617271,10411617323,1,"IOTHUB_CLIENT_CONFIRMATION_OK"
24229,10411617471,10411617511,1,"IOTHUB_CLIENT_CONFIRMATION_OK"
24230,10411617671,10411617734,1,"IOTHUB_CLIENT_CONFIRMATION_OK"
24231,10411617872,10411617914,1,"IOTHUB_CLIENT_CONFIRMATION_OK"
24232,10411618072,10411618112,1,"IOTHUB_CLIENT_CONFIRMATION_OK"
24233,10411618272,10411618321,1,"IOTHUB_CLIENT_CONFIRMATION_OK"
24234,10411618472,10411618521,1,"IOTHUB_CLIENT_CONFIRMATION_OK"
24235,10411618672,10411618714,1,"IOTHUB_CLIENT_CONFIRMATION_OK"
24236,10411618872,10411618931,1,"IOTHUB_CLIENT_CONFIRMATION_OK"
24237,10411619073,10411619128,1,"IOTHUB_CLIENT_CONFIRMATION_OK"
24238,10411619273,10411619316,1,"IOTHUB_CLIENT_CONFIRMATION_OK"
24239,10411619473,10411619511,1,"IOTHUB_CLIENT_CONFIRMATION_OK"
24240,10411619673,10411619728,1,"IOTHUB_CLIENT_CONFIRMATION_OK"
24241,10411619873,10411619918,1,"IOTHUB_CLIENT_CONFIRMATION_OK"
24242,10411620073,10411620144,1,"IOTHUB_CLIENT_CONFIRMATION_OK"
24243,10411620274,10411620309,1,"IOTHUB_CLIENT_CONFIRMATION_OK"
24244,10411620474,10411620532,1,"IOTHUB_CLIENT_CONFIRMATION_OK"
24245,10411620674,10411620777,1,"IOTHUB_CLIENT_CONFIRMATION_OK"
24246,10411620874,10411620918,1,"IOTHUB_CLIENT_CONFIRMATION_OK"
24247,10411621074,10411621111,1,"IOTHUB_CLIENT_CONFIRMATION_OK"
24248,10411621274,10411621466,1,"IOTHUB_CLIENT_CONFIRMATION_OK"
24249,10411621474,10411621518,1,"IOTHUB_CLIENT_CONFIRMATION_OK"
24250,10411621675,10411621733,1,"IOTHUB_CLIENT_CONFIRMATION_OK"
24251,10411621875,10411621911,1,"IOTHUB_CLIENT_CONFIRMATION_OK"
24252,10411622075,10411622120,1,"IOTHUB_CLIENT_CONFIRMATION_OK"
24253,10411622275,10411622319,1,"IOTHUB_CLIENT_CONFIRMATION_OK"
24254,10411622475,10411622521,1,"IOTHUB_CLIENT_CONFIRMATION_OK"
24255,10411622675,10411622714,1,"IOTHUB_CLIENT_CONFIRMATION_OK"
24256,10411622876,10411623035,1,"IOTHUB_CLIENT_CONFIRMATION_OK"
24257,10411623076,10411623139,1,"IOTHUB_CLIENT_CONFIRMATION_OK"
24258,10411623276,10411623339,1,"IOTHUB_CLIENT_CONFIRMATION_OK"
24259,10411623476,10411623619,1,"IOTHUB_CLIENT_CONFIRMATION_OK"
24260,10411623676,10411623718,1,"IOTHUB_CLIENT_CONFIRMATION_OK"
24261,10411623876,10411623920,1,"IOTHUB_CLIENT_CONFIRMATION_OK"
24262,10411624077,10411624111,1,"IOTHUB_CLIENT_CONFIRMATION_OK"
24263,10411624277,10411624337,1,"IOTHUB_CLIENT_CONFIRMATION_OK"
24264,10411624477,10411624522,1,"IOTHUB_CLIENT_CONFIRMATION_OK"
24265,10411624677,10411624715,1,"IOTHUB_CLIENT_CONFIRMATION_OK"
24266,10411624877,10411624917,1,"IOTHUB_CLIENT_CONFIRMATION_OK"
24267,10411625077,10411625119,1,"IOTHUB_CLIENT_CONFIRMATION_OK"
24268,10411625278,10411625322,1,"IOTHUB_CLIENT_CONFIRMATION_OK"
24269,10411625478,10411625517,1,"IOTHUB_CLIENT_CONFIRMATION_OK"
24270,10411625678,10411625877,1,"IOTHUB_CLIENT_CONFIRMATION_OK"
24271,10411625878,10411625937,1,"IOTHUB_CLIENT_CONFIRMATION_OK"
24272,10411626078,10411626121,1,"IOTHUB_CLIENT_CONFIRMATION_OK"
24273,10411626278,10411626331,1,"IOTHUB_CLIENT_CONFIRMATION_OK"
24274,10411626479,10411626524,1,"IOTHUB_CLIENT_CONFIRMATION_OK"
24275,10411626679,10411626713,1,"IOTHUB_CLIENT_CONFIRMATION_OK"
24276,10411626879,10411626926,1,"IOTHUB_CLIENT_CONFIRMATION_OK"
24277,10411627079,10411627120,1,"IOTHUB_CLIENT_CONFIRMATION_OK"
24278,10411627279,10411627333,1,"IOTHUB_CLIENT_CONFIRMATION_OK"
24279,10411627479,10411627534,1,"IOTHUB_CLIENT_CONFIRMATION_OK"
24280,10411627680,10411627717,1,"IOTHUB_CLIENT_CONFIRMATION_OK"
24281,10411627880,10411627984,1,"IOTHUB_CLIENT_CONFIRMATION_OK"
24282,10411628080,10411628194,1,"IOTHUB_CLIENT_CONFIRMATION_OK"
24283,10411628280,10411628340,1,"IOTHUB_CLIENT_CONFIRMATION_OK"
24284,10411628480,10411628596,1,"IOTHUB_CLIENT_CONFIRMATION_OK"
24285,10411628680,10411628722,1,"IOTHUB_CLIENT_CONFIRMATION_OK"
24286,10411628881,10411628917,1,"IOTHUB_CLIENT_CONFIRMATION_OK"
24287,10411629081,10411629220,1,"IOTHUB_CLIENT_CONFIRMATION_OK"
24288,10411629281,10411629327,1,"IOTHUB_CLIENT_CONFIRMATION_OK"
24289,10411629481,10411629524,1,"IOTHUB_CLIENT_CONFIRMATION_OK"
24290,10411629681,10411629725,1,"IOTHUB_CLIENT_CONFIRMATION_OK"
24291,10411629881,10411629938,1,"IOTHUB_CLIENT_CONFIRMATION_OK"
24292,10411630081,10411630118,1,"IOTHUB_CLIENT_CONFIRMATION_OK"
24293,10411630282,10411630320,1,"IOTHUB_CLIENT_CONFIRMATION_OK"
24294,10411630482,10411630525,1,"IOTHUB_CLIENT_CONFIRMATION_OK"
24295,10411630682,10411630723,1,"IOTHUB_CLIENT_CONFIRMATION_OK"
24296,10411630882,10411630920,1,"IOTHUB_CLIENT_CONFIRMATION_OK"
24297,10411631082,10411631124,1,"IOTHUB_CLIENT_CONFIRMATION_OK"
24298,10411631282,10411631468,1,"IOTHUB_CLIENT_CONFIRMATION_OK"
24299,10411631483,10411631520,1,"IOTHUB_CLIENT_CONFIRMATION_OK"
24300,10411631683,10411631723,1,"IOTHUB_CLIENT_CONFIRMATION_OK"
24301,10411631883,10411631926,1,"IOTHUB_CLIENT_CONFIRMATION_OK"
24302,10411632083,10411632119,1,"IOTHUB_CLIENT_CONFIRMATION_OK"
24303,10411632283,10411632333,1,"IOTHUB_CLIENT_CONFIRMATION_OK"
24304,10411632483,10411632527,1,"IOTHUB_CLIENT_CONFIRMATION_OK"
24305,10411632683,10411632725,1,"IOTHUB_CLIENT_CONFIRMATION_OK"
24306,10411632884,10411632935,1,"IOTHUB_CLIENT_CONFIRMATION_OK"
24307,10411633084,10411633122,1,"IOTHUB_CLIENT_CONFIRMATION_OK"
24308,10411633284,10411633334,1,"IOTHUB_CLIENT_CONFIRMATION_OK"
24309,10411633484,10411633525,1,"IOTHUB_CLIENT_CONFIRMATION_OK"
24310,10411633684,10411633732,1,"IOTHUB_CLIENT_CONFIRMATION_OK"
24311,10411633884,10411633932,1,"IOTHUB_CLIENT_CONFIRMATION_OK"
24312,10411634085,10411634125,1,"IOTHUB_CLIENT_CONFIRMATION_OK"
24313,10411634285,10411634329,1,"IOTHUB_CLIENT_CONFIRMATION_OK"
24314,10411634485,10411634525,1,"IOTHUB_CLIENT_CONFIRMATION_OK"
24315,10411634685,10411634737,1,"IOTHUB_CLIENT_CONFIRMATION_OK"
24316,10411634885,10411634932,1,"IOTHUB_CLIENT_CONFIRMATION_OK"
24317,10411635085,10411635123,1,"IOTHUB_CLIENT_CONFIRMATION_OK"
24318,10411635286,10411635362,1,"IOTHUB_CLIENT_CONFIRMATION_OK"
24319,10411635486,10411635528,1,"IOTHUB_CLIENT_CONFIRMATION_OK"
24320,10411635686,10411635730,1,"IOTHUB_CLIENT_CONFIRMATION_OK"
24321,10411635886,10411635985,1,"IOTHUB_CLIENT_CONFIRMATION_OK"
24322,10411636086,10411636123,1,"IOTHUB_CLIENT_CONFIRMATION_OK"
24323,10411636286,10411636352,1,"IOTHUB_CLIENT_CONFIRMATION_OK"
24324,10411636487,10411636525,1,"IOTHUB_CLIENT_CONFIRMATION_OK"
24325,10411636687,10411636741,1,"IOTHUB_CLIENT_CONFIRMATION_OK"
24326,10411636887,10411636983,1,"IOTHUB_CLIENT_CONFIRMATION_OK"
24327,10411637087,10411637155,1,"IOTHUB_CLIENT_CONFIRMATION_OK"
24328,10411637287,10411637324,1,"IOTHUB_CLIENT_CONFIRMATION_OK"
24329,10411637487,10411637636,1,"IOTHUB_CLIENT_CONFIRMATION_OK"
24330,10411637688,10411637730,1,"IOTHUB_CLIENT_CONFIRMATION_OK"
24331,10411637888,10411637930,1,"IOTHUB_CLIENT_CONFIRMATION_OK"
24332,10411638088,10411638203,1,"IOTHUB_CLIENT_CONFIRMATION_OK"
24333,10411638288,10411638329,1,"IOTHUB_CLIENT_CONFIRMATION_OK"
24334,10411638488,10411638549,1,"IOTHUB_CLIENT_CONFIRMATION_OK"
24335,10411638688,10411638733,1,"IOTHUB_CLIENT_CONFIRMATION_OK"
24336,10411638888,10411638930,1,"IOTHUB_CLIENT_CONFIRMATION_OK"
24337,10411639089,10411639132,1,"IOTHUB_CLIENT_CONFIRMATION_OK"
24338,10411639289,10411639333,1,"IOTHUB_CLIENT_CONFIRMATION_OK"
24339,10411639489,10411639535,1,"IOTHUB_CLIENT_CONFIRMATION_OK"
24340,10411639689,10411639920,1,"IOTHUB_CLIENT_CONFIRMATION_OK"
24341,10411639889,10411639947,1,"IOTHUB_CLIENT_CONFIRMATION_OK"
24342,10411640089,10411640182,1,"IOTHUB_CLIENT_CONFIRMATION_OK"
24343,10411640290,10411640330,1,"IOTHUB_CLIENT_CONFIRMATION_OK"
24344,10411640490,10411640526,1,"IOTHUB_CLIENT_CONFIRMATION_OK"
24345,10411640690,10411640732,1,"IOTHUB_CLIENT_CONFIRMATION_OK"
24346,10411640890,10411640930,1,"IOTHUB_CLIENT_CONFIRMATION_OK"
24347,10411641090,10411641152,1,"IOTHUB_CLIENT_CONFIRMATION_OK"
24348,10411641290,10411641335,1,"IOTHUB_CLIENT_CONFIRMATION_OK"
24349,10411641491,10411641529,1,"IOTHUB_CLIENT_CONFIRMATION_OK"
24350,10411641691,10411641737,1,"IOTHUB_CLIENT_CONFIRMATION_OK"
24351,10411641891,10411641932,1,"IOTHUB_CLIENT_CONFIRMATION_OK"
24352,10411642091,10411642127,1,"IOTHUB_CLIENT_CONFIRMATION_OK"
24353,10411642291,10411642337,1,"IOTHUB_CLIENT_CONFIRMATION_OK"
24354,10411642491,10411642707,1,"IOTHUB_CLIENT_CONFIRMATION_OK"
24355,10411642692,10411642739,1,"IOTHUB_CLIENT_CONFIRMATION_OK"
24356,10411642892,10411642937,1,"IOTHUB_CLIENT_CONFIRMATION_OK"
24357,10411643092,10411643132,1,"IOTHUB_CLIENT_CONFIRMATION_OK"
24358,10411643292,10411643346,1,"IOTHUB_CLIENT_CONFIRMATION_OK"
24359,10411643492,10411643535,1,"IOTHUB_CLIENT_CONFIRMATION_OK"
24360,10411643692,10411643780,1,"IOTHUB_CLIENT_CONFIRMATION_OK"
24361,10411643893,10411643937,1,"IOTHUB_CLIENT_CONFIRMATION_OK"
24362,10411644093,10411644141,1,"IOTHUB_CLIENT_CONFIRMATION_OK"
24363,10411644293,10411644409,1,"IOTHUB_CLIENT_CONFIRMATION_OK"
24364,10411644493,10411644532,1,"IOTHUB_CLIENT_CONFIRMATION_OK"
24365,10411644693,10411644732,1,"IOTHUB_CLIENT_CONFIRMATION_OK"
24366,10411644893,10411644936,1,"IOTHUB_CLIENT_CONFIRMATION_OK"
24367,10411645093,10411645133,1,"IOTHUB_CLIENT_CONFIRMATION_OK"
24368,10411645294,10411645345,1,"IOTHUB_CLIENT_CONFIRMATION_OK"
24369,10411645494,10411645530,1,"IOTHUB_CLIENT_CONFIRMATION_OK"
24370,10411645694,10411645744,1,"IOTHUB_CLIENT_CONFIRMATION_OK"
24371,10411645894,10411646058,1,"IOTHUB_CLIENT_CONFIRMATION_OK"
24372,10411646094,10411646141,1,"IOTHUB_CLIENT_CONFIRMATION_OK"
24373,10411646294,10411646333,1,"IOTHUB_CLIENT_CONFIRMATION_OK"
24374,10411646495,10411646549,1,"IOTHUB_CLIENT_CONFIRMATION_OK"
24375,10411646695,10411646736,1,"IOTHUB_CLIENT_CONFIRMATION_OK"
24376,10411646895,10411646949,1,"IOTHUB_CLIENT_CONFIRMATION_OK"
24377,10411647095,10411647141,1,"IOTHUB_CLIENT_CONFIRMATION_OK"
24378,10411647295,10411647329,1,"IOTHUB_CLIENT_CONFIRMATION_OK"
24379,10411647495,10411647537,1,"IOTHUB_CLIENT_CONFIRMATION_OK"
24380,10411647696,10411647746,1,"IOTHUB_CLIENT_CONFIRMATION_OK"
24381,10411647896,10411647936,1,"IOTHUB_CLIENT_CONFIRMATION_OK"
24382,10411648096,10411648135,1,"IOTHUB_CLIENT_CONFIRMATION_OK"
24383,10411648296,10411648335,1,"IOTHUB_CLIENT_CONFIRMATION_OK"
24384,10411648496,10411648532,1,"IOTHUB_CLIENT_CONFIRMATION_OK"
24385,10411648696,10411648763,1,"IOTHUB_CLIENT_CONFIRMATION_OK"
24386,10411648896,10411648937,1,"IOTHUB_CLIENT_CONFIRMATION_OK"
24387,10411649097,10411649140,1,"IOTHUB_CLIENT_CONFIRMATION_OK"
24388,10411649297,10411649379,1,"IOTHUB_CLIENT_CONFIRMATION_OK"
24389,10411649497,10411649539,1,"IOTHUB_CLIENT_CONFIRMATION_OK"
24390,10411649697,10411649767,1,"IOTHUB_CLIENT_CONFIRMATION_OK"
24391,10411649897,10411650022,1,"IOTHUB_CLIENT_CONFIRMATION_OK"
24392,10411650097,10411650136,1,"IOTHUB_CLIENT_CONFIRMATION_OK"
24393,10411650298,10411650400,1,"IOTHUB_CLIENT_CONFIRMATION_OK"
24394,10411650498,10411650542,1,"IOTHUB_CLIENT_CONFIRMATION_OK"
24395,10411650698,10411650738,1,"IOTHUB_CLIENT_CONFIRMATION_OK"
24396,10411650898,10411650935,1,"IOTHUB_CLIENT_CONFIRMATION_OK"
24397,10411651098,10411651150,1,"IOTHUB_CLIENT_CONFIRMATION_OK"
24398,10411651298,10411651345,1,"IOTHUB_CLIENT_CONFIRMATION_OK"
24399,10411651499,10411651609,1,"IOTHUB_CLIENT_CONFIRMATION_OK"
24400,10411651699,10411651762,1,"IOTHUB_CLIENT_CONFIRMATION_OK"
24401,10411651899,10411651938,1,"IOTHUB_CLIENT_CONFIRMATION_OK"
24402,10411652099,10411652309,1,"IOTHUB_CLIENT_CONFIRMATION_OK"
24403,10411652299,10411652358,1,"IOTHUB_CLIENT_CONFIRMATION_OK"
24404,10411652499,10411652544,1,"IOTHUB_CLIENT_CONFIRMATION_OK"
24405,10411652699,10411652737,1,"IOTHUB_CLIENT_CONFIRMATION_OK"
24406,10411652900,10411652952,1,"IOTHUB_CLIENT_CONFIRMATION_OK"
24407,10411653100,10411653139,1,"IOTHUB_CLIENT_CONFIRMATION_OK"
24408,10411653300,10411653354,1,"IOTHUB_CLIENT_CONFIRMATION_OK"
24409,10411653500,10411653536,1,"IOTHUB_CLIENT_CONFIRMATION_OK"
24410,10411653700,10411653737,1,"IOTHUB_CLIENT_CONFIRMATION_OK"
24411,10411653900,10411653948,1,"IOTHUB_CLIENT_CONFIRMATION_OK"
24412,10411654101,10411654145,1,"IOTHUB_CLIENT_CONFIRMATION_OK"
24413,10411654301,10411654341,1,"IOTHUB_CLIENT_CONFIRMATION_OK"
24414,10411654501,10411654547,1,"IOTHUB_CLIENT_CONFIRMATION_OK"
24415,10411654701,10411654761,1,"IOTHUB_CLIENT_CONFIRMATION_OK"
24416,10411654901,10411654947,1,"IOTHUB_CLIENT_CONFIRMATION_OK"
24417,10411655101,10411655144,1,"IOTHUB_CLIENT_CONFIRMATION_OK"
24418,10411655302,10411655355,1,"IOTHUB_CLIENT_CONFIRMATION_OK"
24419,10411655502,10411655561,1,"IOTHUB_CLIENT_CONFIRMATION_OK"
24420,10411655702,10411655763,1,"IOTHUB_CLIENT_CONFIRMATION_OK"
24421,10411655902,10411655971,1,"IOTHUB_CLIENT_CONFIRMATION_OK"
24422,10411656102,10411656216,1,"IOTHUB_CLIENT_CONFIRMATION_OK"
24423,10411656302,10411656346,1,"IOTHUB_CLIENT_CONFIRMATION_OK"
24424,10411656503,10411656551,1,"IOTHUB_CLIENT_CONFIRMATION_OK"
24425,10411656703,10411656749,1,"IOTHUB_CLIENT_CONFIRMATION_OK"
24426,10411656903,10411656951,1,"IOTHUB_CLIENT_CONFIRMATION_OK"
24427,10411657103,10411657292,1,"IOTHUB_CLIENT_CONFIRMATION_OK"
24428,10411657303,10411657384,1,"IOTHUB_CLIENT_CONFIRMATION_OK"
24429,10411657503,10411657539,1,"IOTHUB_CLIENT_CONFIRMATION_OK"
24430,10411657704,10411657742,1,"IOTHUB_CLIENT_CONFIRMATION_OK"
24431,10411657904,10411657963,1,"IOTHUB_CLIENT_CONFIRMATION_OK"
24432,10411658104,10411658212,1,"IOTHUB_CLIENT_CONFIRMATION_OK"
24433,10411658304,10411658354,1,"IOTHUB_CLIENT_CONFIRMATION_OK"
24434,10411658504,10411658549,1,"IOTHUB_CLIENT_CONFIRMATION_OK"
24435,10411658704,10411658741,1,"IOTHUB_CLIENT_CONFIRMATION_OK"
24436,10411658904,10411658943,1,"IOTHUB_CLIENT_CONFIRMATION_OK"
24437,10411659105,10411659140,1,"IOTHUB_CLIENT_CONFIRMATION_OK"
24438,10411659305,10411659340,1,"IOTHUB_CLIENT_CONFIRMATION_OK"
24439,10411659505,10411659539,1,"IOTHUB_CLIENT_CONFIRMATION_OK"
24440,10411659705,10411659743,1,"IOTHUB_CLIENT_CONFIRMATION_OK"
24441,10411659905,10411659950,1,"IOTHUB_CLIENT_CONFIRMATION_OK"
24442,10411660105,10411660169,1,"IOTHUB_CLIENT_CONFIRMATION_OK"
24443,10411660306,10411660360,1,"IOTHUB_CLIENT_CONFIRMATION_OK"
24444,10411660506,10411660553,1,"IOTHUB_CLIENT_CONFIRMATION_OK"
24445,10411660706,10411660768,1,"IOTHUB_CLIENT_CONFIRMATION_OK"
24446,10411660906,10411660943,1,"IOTHUB_CLIENT_CONFIRMATION_OK"
24447,10411661106,10411661160,1,"IOTHUB_CLIENT_CONFIRMATION_OK"
24448,10411661306,10411661341,1,"IOTHUB_CLIENT_CONFIRMATION_OK"
24449,10411661506,10411661555,1,"IOTHUB_CLIENT_CONFIRMATION_OK"
24450,10411661707,10411661766,1,"IOTHUB_CLIENT_CONFIRMATION_OK"
24451,10411661907,10411661952,1,"IOTHUB_CLIENT_CONFIRMATION_OK"
24452,10411662107,10411662157,1,"IOTHUB_CLIENT_CONFIRMATION_OK"
24453,10411662307,10411662376,1,"IOTHUB_CLIENT_CONFIRMATION_OK"
24454,10411662507,10411662668,1,"IOTHUB_CLIENT_CONFIRMATION_OK"
24455,10411662707,10411662764,1,"IOTHUB_CLIENT_CONFIRMATION_OK"
24456,10411662908,10411662944,1,"IOTHUB_CLIENT_CONFIRMATION_OK"
24457,10411663108,10411663155,1,"IOTHUB_CLIENT_CONFIRMATION_OK"
24458,10411663308,10411663382,1,"IOTHUB_CLIENT_CONFIRMATION_OK"
24459,10411663508,10411663621,1,"IOTHUB_CLIENT_CONFIRMATION_OK"
24460,10411663708,10411663748,1,"IOTHUB_CLIENT_CONFIRMATION_OK"
24461,10411663908,10411663990,1,"IOTHUB_CLIENT_CONFIRMATION_OK"
24462,10411664108,10411664142,1,"IOTHUB_CLIENT_CONFIRMATION_OK"
24463,10411664309,10411664356,1,"IOTHUB_CLIENT_CONFIRMATION_OK"
24464,10411664509,10411664619,1,"IOTHUB_CLIENT_CONFIRMATION_OK"
24465,10411664709,10411664795,1,"IOTHUB_CLIENT_CONFIRMATION_OK"
24466,10411664909,10411664958,1,"IOTHUB_CLIENT_CONFIRMATION_OK"
24467,10411665109,10411665141,1,"IOTHUB_CLIENT_CONFIRMATION_OK"
24468,10411665309,10411665347,1,"IOTHUB_CLIENT_CONFIRMATION_OK"
24469,10411665509,10411665623,1,"IOTHUB_CLIENT_CONFIRMATION_OK"
24470,10411665710,10411665745,1,"IOTHUB_CLIENT_CONFIRMATION_OK"
24471,10411665910,10411665958,1,"IOTHUB_CLIENT_CONFIRMATION_OK"
24472,10411666110,10411666247,1,"IOTHUB_CLIENT_CONFIRMATION_OK"
24473,10411666310,10411666348,1,"IOTHUB_CLIENT_CONFIRMATION_OK"
24474,10411666510,10411666565,1,"IOTHUB_CLIENT_CONFIRMATION_OK"
24475,10411666710,10411666834,1,"IOTHUB_CLIENT_CONFIRMATION_OK"
24476,10411666911,10411666947,1,"IOTHUB_CLIENT_CONFIRMATION_OK"
24477,10411667111,10411667151,1,"IOTHUB_CLIENT_CONFIRMATION_OK"
24478,10411667311,10411667400,1,"IOTHUB_CLIENT_CONFIRMATION_OK"
24479,10411667511,10411667558,1,"IOTHUB_CLIENT_CONFIRMATION_OK"
24480,10411667711,10411667756,1,"IOTHUB_CLIENT_CONFIRMATION_OK"
24481,10411667911,10411667955,1,"IOTHUB_CLIENT_CONFIRMATION_OK"
24482,10411668112,10411668152,1,"IOTHUB_CLIENT_CONFIRMATION_OK"
24483,10411668312,10411668478,1,"IOTHUB_CLIENT_CONFIRMATION_OK"
24484,10411668512,10411668552,1,"IOTHUB_CLIENT_CONFIRMATION_OK"
24485,10411668712,10411668752,1,"IOTHUB_CLIENT_CONFIRMATION_OK"
24486,10411668912,10411669093,1,"IOTHUB_CLIENT_CONFIRMATION_OK"
24487,10411669112,10411669153,1,"IOTHUB_CLIENT_CONFIRMATION_OK"
24488,10411669313,10411669355,1,"IOTHUB_CLIENT_CONFIRMATION_OK"
24489,10411669513,10411669562,1,"IOTHUB_CLIENT_CONFIRMATION_OK"
24490,10411669713,10411669751,1,"IOTHUB_CLIENT_CONFIRMATION_OK"
24491,10411669913,10411669966,1,"IOTHUB_CLIENT_CONFIRMATION_OK"
24492,10411670113,10411670158,1,"IOTHUB_CLIENT_CONFIRMATION_OK"
24493,10411670313,10411670352,1,"IOTHUB_CLIENT_CONFIRMATION_OK"
24494,10411670514,10411670561,1,"IOTHUB_CLIENT_CONFIRMATION_OK"
24495,10411670714,10411670753,1,"IOTHUB_CLIENT_CONFIRMATION_OK"
24496,10411670914,10411670974,1,"IOTHUB_CLIENT_CONFIRMATION_OK"
24497,10411671114,10411671354,1,"IOTHUB_CLIENT_CONFIRMATION_OK"
24498,10411671314,10411671379,1,"IOTHUB_CLIENT_CONFIRMATION_OK"
24499,10411671514,10411671556,1,"IOTHUB_CLIENT_CONFIRMATION_OK"
24500,10411671714,10411671772,1,"IOTHUB_CLIENT_CONFIRMATION_OK"
24501,10411671915,10411671994,1,"IOTHUB_CLIENT_CONFIRMATION_OK"
24502,10411672115,10411672156,1,"IOTHUB_CLIENT_CONFIRMATION_OK"
24503,10411672315,10411672370,1,"IOTHUB_CLIENT_CONFIRMATION_OK"
24504,10411672515,10411672555,1,"IOTHUB_CLIENT_CONFIRMATION_OK"
24505,10411672715,10411672757,1,"IOTHUB_CLIENT_CONFIRMATION_OK"
24506,10411672915,10411672967,1,"IOTHUB_CLIENT_CONFIRMATION_OK"
24507,10411673116,10411673151,1,"IOTHUB_CLIENT_CONFIRMATION_OK"
24508,10411673316,10411673363,1,"IOTHUB_CLIENT_CONFIRMATION_OK"
24509,10411673516,10411673617,1,"IOTHUB_CLIENT_CONFIRMATION_OK"
24510,10411673716,10411673753,1,"IOTHUB_CLIENT_CONFIRMATION_OK"
24511,10411673916,10411673962,1,"IOTHUB_CLIENT_CONFIRMATION_OK"
24512,10411674116,10411674172,1,"IOTHUB_CLIENT_CONFIRMATION_OK"
24513,10411674317,10411674365,1,"IOTHUB_CLIENT_CONFIRMATION_OK"
24514,10411674517,10411674608,1,"IOTHUB_CLIENT_CONFIRMATION_OK"
24515,10411674717,10411674756,1,"IOTHUB_CLIENT_CONFIRMATION_OK"
24516,10411674917,10411675082,1,"IOTHUB_CLIENT_CONFIRMATION_OK"
24517,10411675117,10411675242,1,"IOTHUB_CLIENT_CONFIRMATION_OK"
24518,10411675317,10411675377,1,"IOTHUB_CLIENT_CONFIRMATION_OK"
24519,10411675517,10411675561,1,"IOTHUB_CLIENT_CONFIRMATION_OK"
24520,10411675718,10411675756,1,"IOTHUB_CLIENT_CONFIRMATION_OK"
24521,10411675918,10411675967,1,"IOTHUB_CLIENT_CONFIRMATION_OK"
24522,10411676118,10411676157,1,"IOTHUB_CLIENT_CONFIRMATION_OK"
24523,10411676318,10411676378,1,"IOTHUB_CLIENT_CONFIRMATION_OK"
24524,10411676518,10411676602,1,"IOTHUB_CLIENT_CONFIRMATION_OK"
24525,10411676718,10411676759,1,"IOTHUB_CLIENT_CONFIRMATION_OK"
24526,10411676919,10411676959,1,"IOTHUB_CLIENT_CONFIRMATION_OK"
24527,10411677119,10411677199,1,"IOTHUB_CLIENT_CONFIRMATION_OK"
24528,10411677319,10411677515,1,"IOTHUB_CLIENT_CONFIRMATION_OK"
24529,10411677519,10411677558,1,"IOTHUB_CLIENT_CONFIRMATION_OK"
24530,10411677719,10411677759,1,"IOTHUB_CLIENT_CONFIRMATION_OK"
24531,10411677919,10411677955,1,"IOTHUB_CLIENT_CONFIRMATION_OK"
24532,10411678119,10411678155,1,"IOTHUB_CLIENT_CONFIRMATION_OK"
24533,10411678320,10411678365,1,"IOTHUB_CLIENT_CONFIRMATION_OK"
24534,10411678520,10411678562,1,"IOTHUB_CLIENT_CONFIRMATION_OK"
24535,10411678720,10411678761,1,"IOTHUB_CLIENT_CONFIRMATION_OK"
24536,10411678920,10411678959,1,"IOTHUB_CLIENT_CONFIRMATION_OK"
24537,10411679120,10411679174,1,"IOTHUB_CLIENT_CONFIRMATION_OK"
24538,10411679320,10411679359,1,"IOTHUB_CLIENT_CONFIRMATION_OK"
24539,10411679521,10411679566,1,"IOTHUB_CLIENT_CONFIRMATION_OK"
24540,10411679721,10411679779,1,"IOTHUB_CLIENT_CONFIRMATION_OK"
24541,10411679921,10411679971,1,"IOTHUB_CLIENT_CONFIRMATION_OK"
24542,10411680121,10411680219,1,"IOTHUB_CLIENT_CONFIRMATION_OK"
24543,10411680321,10411680372,1,"IOTHUB_CLIENT_CONFIRMATION_OK"
24544,10411680521,10411680566,1,"IOTHUB_CLIENT_CONFIRMATION_OK"
24545,10411680722,10411680777,1,"IOTHUB_CLIENT_CONFIRMATION_OK"
24546,10411680922,10411680969,1,"IOTHUB_CLIENT_CONFIRMATION_OK"
24547,10411681122,10411681160,1,"IOTHUB_CLIENT_CONFIRMATION_OK"
24548,10411681322,10411681366,1,"IOTHUB_CLIENT_CONFIRMATION_OK"
24549,10411681522,10411681566,1,"IOTHUB_CLIENT_CONFIRMATION_OK"
24550,10411681722,10411681771,1,"IOTHUB_CLIENT_CONFIRMATION_OK"
24551,10411681922,10411681961,1,"IOTHUB_CLIENT_CONFIRMATION_OK"
24552,10411682123,10411682167,1,"IOTHUB_CLIENT_CONFIRMATION_OK"
24553,10411682323,10411682361,1,"IOTHUB_CLIENT_CONFIRMATION_OK"
24554,10411682523,10411682576,1,"IOTHUB_CLIENT_CONFIRMATION_OK"
24555,10411682723,10411682760,1,"IOTHUB_CLIENT_CONFIRMATION_OK"
24556,10411682923,10411682976,1,"IOTHUB_CLIENT_CONFIRMATION_OK"
24557,10411683123,10411683159,1,"IOTHUB_CLIENT_CONFIRMATION_OK"
24558,10411683324,10411683365,1,"IOTHUB_CLIENT_CONFIRMATION_OK"
24559,10411683524,10411683603,1,"IOTHUB_CLIENT_CONFIRMATION_OK"
24560,10411683724,10411683766,1,"IOTHUB_CLIENT_CONFIRMATION_OK"
24561,10411683924,10411683962,1,"IOTHUB_CLIENT_CONFIRMATION_OK"
24562,10411684124,10411684191,1,"IOTHUB_CLIENT_CONFIRMATION_OK"
24563,10411684324,10411684365,1,"IOTHUB_CLIENT_CONFIRMATION_OK"
24564,10411684524,10411684559,1,"IOTHUB_CLIENT_CONFIRMATION_OK"
24565,10411684725,10411684849,1,"IOTHUB_CLIENT_CONFIRMATION_OK"
24566,10411684925,10411684977,1,"IOTHUB_CLIENT_CONFIRMATION_OK"
24567,10411685125,10411685199,1,"IOTHUB_CLIENT_CONFIRMATION_OK"
24568,10411685325,10411685368,1,"IOTHUB_CLIENT_CONFIRMATION_OK"
24569,10411685525,10411685571,1,"IOTHUB_CLIENT_CONFIRMATION_OK"
24570,10411685725,10411685826,1,"IOTHUB_CLIENT_CONFIRMATION_OK"
24571,10411685926,10411685967,1,"IOTHUB_CLIENT_CONFIRMATION_OK"
24572,10411686126,10411686205,1,"IOTHUB_CLIENT_CONFIRMATION_OK"
24573,10411686326,10411686432,1,"IOTHUB_CLIENT_CONFIRMATION_OK"
24574,10411686526,10411686590,1,"IOTHUB_CLIENT_CONFIRMATION_OK"
24575,10411686726,10411686767,1,"IOTHUB_CLIENT_CONFIRMATION_OK"
24576,10411686926,10411687057,1,"IOTHUB_CLIENT_CONFIRMATION_OK"
24577,10411687127,10411687169,1,"IOTHUB_CLIENT_CONFIRMATION_OK"
24578,10411687327,10411687372,1,"IOTHUB_CLIENT_CONFIRMATION_OK"
24579,10411687527,10411687570,1,"IOTHUB_CLIENT_CONFIRMATION_OK"
24580,10411687727,10411687767,1,"IOTHUB_CLIENT_CONFIRMATION_OK"
24581,10411687927,10411687963,1,"IOTHUB_CLIENT_CONFIRMATION_OK"
24582,10411688127,10411688164,1,"IOTHUB_CLIENT_CONFIRMATION_OK"
24583,10411688328,10411688366,1,"IOTHUB_CLIENT_CONFIRMATION_OK"
24584,10411688528,10411688685,1,"IOTHUB_CLIENT_CONFIRMATION_OK"
24585,10411688728,10411688773,1,"IOTHUB_CLIENT_CONFIRMATION_OK"
24586,10411688928,10411688968,1,"IOTHUB_CLIENT_CONFIRMATION_OK"
24587,10411689128,10411689294,1,"IOTHUB_CLIENT_CONFIRMATION_OK"
24588,10411689328,10411689370,1,"IOTHUB_CLIENT_CONFIRMATION_OK"
24589,10411689528,10411689593,1,"IOTHUB_CLIENT_CONFIRMATION_OK"
24590,10411689729,10411689802,1,"IOTHUB_CLIENT_CONFIRMATION_OK"
24591,10411689929,10411689971,1,"IOTHUB_CLIENT_CONFIRMATION_OK"
24592,10411690129,10411690168,1,"IOTHUB_CLIENT_CONFIRMATION_OK"
24593,10411690329,10411690369,1,"IOTHUB_CLIENT_CONFIRMATION_OK"
24594,10411690529,10411690681,1,"IOTHUB_CLIENT_CONFIRMATION_OK"
24595,10411690729,10411690781,1,"IOTHUB_CLIENT_CONFIRMATION_OK"
24596,10411690930,10411690966,1,"IOTHUB_CLIENT_CONFIRMATION_OK"
24597,10411691130,10411691175,1,"IOTHUB_CLIENT_CONFIRMATION_OK"
24598,10411691330,10411691532,1,"IOTHUB_CLIENT_CONFIRMATION_OK"
24599,10411691530,10411691562,1,"IOTHUB_CLIENT_CONFIRMATION_OK"
24600,10411691730,10411691769,1,"IOTHUB_CLIENT_CONFIRMATION_OK"
24601,10411691930,10411691968,1,"IOTHUB_CLIENT_CONFIRMATION_OK"
24602,10411692130,10411692174,1,"IOTHUB_CLIENT_CONFIRMATION_OK"
24603,10411692331,10411692375,1,"IOTHUB_CLIENT_CONFIRMATION_OK"
24604,10411692531,10411692569,1,"IOTHUB_CLIENT_CONFIRMATION_OK"
24605,10411692731,10411692775,1,"IOTHUB_CLIENT_CONFIRMATION_OK"
24606,10411692931,10411692981,1,"IOTHUB_CLIENT_CONFIRMATION_OK"
24607,10411693131,10411693168,1,"IOTHUB_CLIENT_CONFIRMATION_OK"
24608,10411693331,10411693374,1,"IOTHUB_CLIENT_CONFIRMATION_OK"
24609,10411693531,10411693598,1,"IOTHUB_CLIENT_CONFIRMATION_OK"
24610,10411693732,10411693775,1,"IOTHUB_CLIENT_CONFIRMATION_OK"
24611,10411693932,10411693971,1,"IOTHUB_CLIENT_CONFIRMATION_OK"
24612,10411694132,10411694171,1,"IOTHUB_CLIENT_CONFIRMATION_OK"
24613,10411694332,10411694368,1,"IOTHUB_CLIENT_CONFIRMATION_OK"
24614,10411694532,10411694582,1,"IOTHUB_CLIENT_CONFIRMATION_OK"
24615,10411694732,10411694820,1,"IOTHUB_CLIENT_CONFIRMATION_OK"
24616,10411694933,10411694975,1,"IOTHUB_CLIENT_CONFIRMATION_OK"
24617,10411695133,10411695169,1,"IOTHUB_CLIENT_CONFIRMATION_OK"
24618,10411695333,10411695384,1,"IOTHUB_CLIENT_CONFIRMATION_OK"
24619,10411695533,10411695581,1,"IOTHUB_CLIENT_CONFIRMATION_OK"
24620,10411695733,10411695841,1,"IOTHUB_CLIENT_CONFIRMATION_OK"
24621,10411695933,10411696029,1,"IOTHUB_CLIENT_CONFIRMATION_OK"
24622,10411696134,10411696180,1,"IOTHUB_CLIENT_CONFIRMATION_OK"
24623,10411696334,10411696370,1,"IOTHUB_CLIENT_CONFIRMATION_OK"
24624,10411696534,10411696570,1,"IOTHUB_CLIENT_CONFIRMATION_OK"
24625,10411696734,10411696801,1,"IOTHUB_CLIENT_CONFIRMATION_OK"
24626,10411696934,10411697011,1,"IOTHUB_CLIENT_CONFIRMATION_OK"
24627,10411697134,10411697201,1,"IOTHUB_CLIENT_CONFIRMATION_OK"
24628,10411697335,10411697372,1,"IOTHUB_CLIENT_CONFIRMATION_OK"
24629,10411697535,10411697672,1,"IOTHUB_CLIENT_CONFIRMATION_OK"
24630,10411697735,10411697783,1,"IOTHUB_CLIENT_CONFIRMATION_OK"
24631,10411697935,10411697978,1,"IOTHUB_CLIENT_CONFIRMATION_OK"
24632,10411698135,10411698263,1,"IOTHUB_CLIENT_CONFIRMATION_OK"
24633,10411698335,10411698386,1,"IOTHUB_CLIENT_CONFIRMATION_OK"
24634,10411698535,10411698571,1,"IOTHUB_CLIENT_CONFIRMATION_OK"
24635,10411698736,10411698893,1,"IOTHUB_CLIENT_CONFIRMATION_OK"
24636,10411698936,10411699007,1,"IOTHUB_CLIENT_CONFIRMATION_OK"
24637,10411699136,10411699190,1,"IOTHUB_CLIENT_CONFIRMATION_OK"
24638,10411699336,10411699372,1,"IOTHUB_CLIENT_CONFIRMATION_OK"
24639,10411699536,10411699597,1,"IOTHUB_CLIENT_CONFIRMATION_OK"
24640,10411699736,10411699872,1,"IOTHUB_CLIENT_CONFIRMATION_OK"
24641,10411699937,10411699972,1,"IOTHUB_CLIENT_CONFIRMATION_OK"
24642,10411700137,10411700181,1,"IOTHUB_CLIENT_CONFIRMATION_OK"
24643,10411700337,10411700479,1,"IOTHUB_CLIENT_CONFIRMATION_OK"
24644,10411700537,10411700575,1,"IOTHUB_CLIENT_CONFIRMATION_OK"
24645,10411700737,10411700793,1,"IOTHUB_CLIENT_CONFIRMATION_OK"
24646,10411700937,10411701088,1,"IOTHUB_CLIENT_CONFIRMATION_OK"
24647,10411701137,10411701177,1,"IOTHUB_CLIENT_CONFIRMATION_OK"
24648,10411701338,10411701383,1,"IOTHUB_CLIENT_CONFIRMATION_OK"
24649,10411701538,10411701592,1,"IOTHUB_CLIENT_CONFIRMATION_OK"
24650,10411701738,10411701853,1,"IOTHUB_CLIENT_CONFIRMATION_OK"
24651,10411701938,10411701987,1,"IOTHUB_CLIENT_CONFIRMATION_OK"
24652,10411702138,10411702180,1,"IOTHUB_CLIENT_CONFIRMATION_OK"
24653,10411702338,10411702382,1,"IOTHUB_CLIENT_CONFIRMATION_OK"
24654,10411702539,10411702728,1,"IOTHUB_CLIENT_CONFIRMATION_OK"
24655,10411702739,10411702804,1,"IOTHUB_CLIENT_CONFIRMATION_OK"
24656,10411702939,10411702974,1,"IOTHUB_CLIENT_CONFIRMATION_OK"
24657,10411703139,10411703181,1,"IOTHUB_CLIENT_CONFIRMATION_OK"
24658,10411703339,10411703375,1,"IOTHUB_CLIENT_CONFIRMATION_OK"
24659,10411703539,10411703653,1,"IOTHUB_CLIENT_CONFIRMATION_OK"
24660,10411703739,10411703790,1,"IOTHUB_CLIENT_CONFIRMATION_OK"
24661,10411703940,10411703975,1,"IOTHUB_CLIENT_CONFIRMATION_OK"
24662,10411704140,10411704186,1,"IOTHUB_CLIENT_CONFIRMATION_OK"
24663,10411704340,10411704384,1,"IOTHUB_CLIENT_CONFIRMATION_OK"
24664,10411704540,10411704590,1,"IOTHUB_CLIENT_CONFIRMATION_OK"
24665,10411704740,10411704803,1,"IOTHUB_CLIENT_CONFIRMATION_OK"
24666,10411704940,10411704977,1,"IOTHUB_CLIENT_CONFIRMATION_OK"
24667,10411705141,10411705176,1,"IOTHUB_CLIENT_CONFIRMATION_OK"
24668,10411705341,10411705386,1,"IOTHUB_CLIENT_CONFIRMATION_OK"
24669,10411705541,10411705585,1,"IOTHUB_CLIENT_CONFIRMATION_OK"
24670,10411705741,10411705776,1,"IOTHUB_CLIENT_CONFIRMATION_OK"
24671,10411705941,10411705979,1,"IOTHUB_CLIENT_CONFIRMATION_OK"
24672,10411706141,10411706187,1,"IOTHUB_CLIENT_CONFIRMATION_OK"
24673,10411706342,10411706386,1,"IOTHUB_CLIENT_CONFIRMATION_OK"
24674,10411706542,10411706590,1,"IOTHUB_CLIENT_CONFIRMATION_OK"
24675,10411706742,10411706779,1,"IOTHUB_CLIENT_CONFIRMATION_OK"
24676,10411706942,10411706987,1,"IOTHUB_CLIENT_CONFIRMATION_OK"
24677,10411707142,10411707197,1,"IOTHUB_CLIENT_CONFIRMATION_OK"
24678,10411707342,10411707408,1,"IOTHUB_CLIENT_CONFIRMATION_OK"
24679,10411707543,10411707589,1,"IOTHUB_CLIENT_CONFIRMATION_OK"
24680,10411707743,10411707808,1,"IOTHUB_CLIENT_CONFIRMATION_OK"
24681,10411707943,10411707979,1,"IOTHUB_CLIENT_CONFIRMATION_OK"
24682,10411708143,10411708200,1,"IOTHUB_CLIENT_CONFIRMATION_OK"
24683,10411708343,10411708381,1,"IOTHUB_CLIENT_CONFIRMATION_OK"
24684,10411708543,10411708584,1,"IOTHUB_CLIENT_CONFIRMATION_OK"
24685,10411708743,10411708819,1,"IOTHUB_CLIENT_CONFIRMATION_OK"
24686,10411708944,10411709002,1,"IOTHUB_CLIENT_CONFIRMATION_OK"
24687,10411709144,10411709209,1,"IOTHUB_CLIENT_CONFIRMATION_OK"
24688,10411709344,10411709477,1,"IOTHUB_CLIENT_CONFIRMATION_OK"
24689,10411709544,10411709589,1,"IOTHUB_CLIENT_CONFIRMATION_OK"
24690,10411709744,10411709779,1,"IOTHUB_CLIENT_CONFIRMATION_OK"
24691,10411709944,10411710040,1,"IOTHUB_CLIENT_CONFIRMATION_OK"
24692,10411710145,10411710242,1,"IOTHUB_CLIENT_CONFIRMATION_OK"
24693,10411710345,10411710391,1,"IOTHUB_CLIENT_CONFIRMATION_OK"
24694,10411710545,10411710583,1,"IOTHUB_CLIENT_CONFIRMATION_OK"
24695,10411710745,10411710787,1,"IOTHUB_CLIENT_CONFIRMATION_OK"
24696,10411710945,10411710982,1,"IOTHUB_CLIENT_CONFIRMATION_OK"
24697,10411711145,10411711182,1,"IOTHUB_CLIENT_CONFIRMATION_OK"
24698,10411711346,10411711381,1,"IOTHUB_CLIENT_CONFIRMATION_OK"
24699,10411711546,10411711717,1,"IOTHUB_CLIENT_CONFIRMATION_OK"
24700,10411711746,10411711785,1,"IOTHUB_CLIENT_CONFIRMATION_OK"
24701,10411711946,10411711985,1,"IOTHUB_CLIENT_CONFIRMATION_OK"
24702,10411712146,10411712275,1,"IOTHUB_CLIENT_CONFIRMATION_OK"
24703,10411712346,10411712382,1,"IOTHUB_CLIENT_CONFIRMATION_OK"
24704,10411712546,10411712595,1,"IOTHUB_CLIENT_CONFIRMATION_OK"
24705,10411712747,10411712784,1,"IOTHUB_CLIENT_CONFIRMATION_OK"
24706,10411712947,10411712982,1,"IOTHUB_CLIENT_CONFIRMATION_OK"
24707,10411713147,10411713186,1,"IOTHUB_CLIENT_CONFIRMATION_OK"
24708,10411713347,10411713402,1,"IOTHUB_CLIENT_CONFIRMATION_OK"
24709,10411713547,10411713598,1,"IOTHUB_CLIENT_CONFIRMATION_OK"
24710,10411713747,10411713786,1,"IOTHUB_CLIENT_CONFIRMATION_OK"
24711,10411713948,10411713985,1,"IOTHUB_CLIENT_CONFIRMATION_OK"
24712,10411714148,10411714190,1,"IOTHUB_CLIENT_CONFIRMATION_OK"
24713,10411714348,10411714515,1,"IOTHUB_CLIENT_CONFIRMATION_OK"
24714,10411714548,10411714656,1,"IOTHUB_CLIENT_CONFIRMATION_OK"
24715,10411714748,10411714788,1,"IOTHUB_CLIENT_CONFIRMATION_OK"
24716,10411714948,10411715116,1,"IOTHUB_CLIENT_CONFIRMATION_OK"
24717,10411715148,10411715189,1,"IOTHUB_CLIENT_CONFIRMATION_OK"
24718,10411715349,10411715397,1,"IOTHUB_CLIENT_CONFIRMATION_OK"
24719,10411715549,10411715588,1,"IOTHUB_CLIENT_CONFIRMATION_OK"
24720,10411715749,10411715789,1,"IOTHUB_CLIENT_CONFIRMATION_OK"
24721,10411715949,10411715987,1,"IOTHUB_CLIENT_CONFIRMATION_OK"
24722,10411716149,10411716192,1,"IOTHUB_CLIENT_CONFIRMATION_OK"
24723,10411716349,10411716395,1,"IOTHUB_CLIENT_CONFIRMATION_OK"
24724,10411716550,10411716592,1,"IOTHUB_CLIENT_CONFIRMATION_OK"
24725,10411716750,10411716793,1,"IOTHUB_CLIENT_CONFIRMATION_OK"
24726,10411716950,10411716990,1,"IOTHUB_CLIENT_CONFIRMATION_OK"
24727,10411717150,10411717369,1,"IOTHUB_CLIENT_CONFIRMATION_OK"
24728,10411717350,10411717387,1,"IOTHUB_CLIENT_CONFIRMATION_OK"
24729,10411717550,10411717593,1,"IOTHUB_CLIENT_CONFIRMATION_OK"
24730,10411717751,10411717785,1,"IOTHUB_CLIENT_CONFIRMATION_OK"
24731,10411717951,10411717990,1,"IOTHUB_CLIENT_CONFIRMATION_OK"
24732,10411718151,10411718189,1,"IOTHUB_CLIENT_CONFIRMATION_OK"
24733,10411718351,10411718408,1,"IOTHUB_CLIENT_CONFIRMATION_OK"
24734,10411718551,10411718598,1,"IOTHUB_CLIENT_CONFIRMATION_OK"
24735,10411718751,10411718803,1,"IOTHUB_CLIENT_CONFIRMATION_OK"
24736,10411718951,10411719030,1,"IOTHUB_CLIENT_CONFIRMATION_OK"
24737,10411719152,10411719186,1,"IOTHUB_CLIENT_CONFIRMATION_OK"
24738,10411719352,10411719399,1,"IOTHUB_CLIENT_CONFIRMATION_OK"
24739,10411719552,10411719588,1,"IOTHUB_CLIENT_CONFIRMATION_OK"
24740,10411719752,10411719794,1,"IOTHUB_CLIENT_CONFIRMATION_OK"
24741,10411719952,10411720294,1,"IOTHUB_CLIENT_CONFIRMATION_OK"
24742,10411720152,10411720311,1,"IOTHUB_CLIENT_CONFIRMATION_OK"
24743,10411720353,10411720403,1,"IOTHUB_CLIENT_CONFIRMATION_OK"
24744,10411720553,10411720849,1,"IOTHUB_CLIENT_CONFIRMATION_OK"
24745,10411720753,10411720905,1,"IOTHUB_CLIENT_CONFIRMATION_OK"
24746,10411720953,10411720998,1,"IOTHUB_CLIENT_CONFIRMATION_OK"
24747,10411721153,10411721253,1,"IOTHUB_CLIENT_CONFIRMATION_OK"
24748,10411721353,10411721393,1,"IOTHUB_CLIENT_CONFIRMATION_OK"
24749,10411721554,10411721611,1,"IOTHUB_CLIENT_CONFIRMATION_OK"
24750,10411721754,10411721875,1,"IOTHUB_CLIENT_CONFIRMATION_OK"
24751,10411721954,10411721992,1,"IOTHUB_CLIENT_CONFIRMATION_OK"
24752,10411722154,10411722203,1,"IOTHUB_CLIENT_CONFIRMATION_OK"
24753,10411722354,10411722401,1,"IOTHUB_CLIENT_CONFIRMATION_OK"
24754,10411722554,10411722593,1,"IOTHUB_CLIENT_CONFIRMATION_OK"
24755,10411722754,10411722926,1,"IOTHUB_CLIENT_CONFIRMATION_OK"
24756,10411722955,10411722999,1,"IOTHUB_CLIENT_CONFIRMATION_OK"
24757,10411723155,10411723206,1,"IOTHUB_CLIENT_CONFIRMATION_OK"
24758,10411723355,10411723492,1,"IOTHUB_CLIENT_CONFIRMATION_OK"
24759,10411723555,10411723590,1,"IOTHUB_CLIENT_CONFIRMATION_OK"
24760,10411723755,10411723793,1,"IOTHUB_CLIENT_CONFIRMATION_OK"
24761,10411723955,10411723998,1,"IOTHUB_CLIENT_CONFIRMATION_OK"
24762,10411724156,10411724201,1,"IOTHUB_CLIENT_CONFIRMATION_OK"
24763,10411724356,10411724393,1,"IOTHUB_CLIENT_CONFIRMATION_OK"
24764,10411724556,10411724599,1,"IOTHUB_CLIENT_CONFIRMATION_OK"
24765,10411724756,10411724799,1,"IOTHUB_CLIENT_CONFIRMATION_OK"
24766,10411724956,10411725001,1,"IOTHUB_CLIENT_CONFIRMATION_OK"
24767,10411725156,10411725331,1,"IOTHUB_CLIENT_CONFIRMATION_OK"
24768,10411725357,10411725394,1,"IOTHUB_CLIENT_CONFIRMATION_OK"
24769,10411725557,10411725741,1,"IOTHUB_CLIENT_CONFIRMATION_OK"
24770,10411725757,10411725802,1,"IOTHUB_CLIENT_CONFIRMATION_OK"
24771,10411725957,10411726018,1,"IOTHUB_CLIENT_CONFIRMATION_OK"
24772,10411726157,10411726200,1,"IOTHUB_CLIENT_CONFIRMATION_OK"
24773,10411726357,10411726404,1,"IOTHUB_CLIENT_CONFIRMATION_OK"
24774,10411726557,10411726605,1,"IOTHUB_CLIENT_CONFIRMATION_OK"
24775,10411726758,10411726795,1,"IOTHUB_CLIENT_CONFIRMATION_OK"
24776,10411726958,10411727001,1,"IOTHUB_CLIENT_CONFIRMATION_OK"
24777,10411727158,10411727195,1,"IOTHUB_CLIENT_CONFIRMATION_OK"
24778,10411727358,10411727393,1,"IOTHUB_CLIENT_CONFIRMATION_OK"
24779,10411727558,10411727601,1,"IOTHUB_CLIENT_CONFIRMATION_OK"
24780,10411727759,10411727795,1,"IOTHUB_CLIENT_CONFIRMATION_OK"
24781,10411727959,10411728001,1,"IOTHUB_CLIENT_CONFIRMATION_OK"
24782,10411728159,10411728213,1,"IOTHUB_CLIENT_CONFIRMATION_OK"
24783,10411728359,10411728438,1,"IOTHUB_CLIENT_CONFIRMATION_OK"
24784,10411728559,10411728602,1,"IOTHUB_CLIENT_CONFIRMATION_OK"
24785,10411728759,10411728797,1,"IOTHUB_CLIENT_CONFIRMATION_OK"
24786,10411728959,10411728997,1,"IOTHUB_CLIENT_CONFIRMATION_OK"
24787,10411729160,10411729193,1,"IOTHUB_CLIENT_CONFIRMATION_OK"
24788,10411729360,10411729400,1,"IOTHUB_CLIENT_CONFIRMATION_OK"
24789,10411729560,10411729601,1,"IOTHUB_CLIENT_CONFIRMATION_OK"
24790,10411729760,10411729822,1,"IOTHUB_CLIENT_CONFIRMATION_OK"
24791,10411729960,10411729999,1,"IOTHUB_CLIENT_CONFIRMATION_OK"
24792,10411730160,10411730213,1,"IOTHUB_CLIENT_CONFIRMATION_OK"
24793,10411730361,10411730410,1,"IOTHUB_CLIENT_CONFIRMATION_OK"
24794,10411730561,10411730602,1,"IOTHUB_CLIENT_CONFIRMATION_OK"
24795,10411730761,10411730883,1,"IOTHUB_CLIENT_CONFIRMATION_OK"
24796,10411730961,10411731013,1,"IOTHUB_CLIENT_CONFIRMATION_OK"
24797,10411731161,10411731293,1,"IOTHUB_CLIENT_CONFIRMATION_OK"
24798,10411731361,10411731403,1,"IOTHUB_CLIENT_CONFIRMATION_OK"
24799,10411731561,10411731605,1,"IOTHUB_CLIENT_CONFIRMATION_OK"
24800,10411731762,10411731900,1,"IOTHUB_CLIENT_CONFIRMATION_OK"
24801,10411731962,10411732001,1,"IOTHUB_CLIENT_CONFIRMATION_OK"
24802,10411732162,10411732198,1,"IOTHUB_CLIENT_CONFIRMATION_OK"
24803,10411732362,10411732521,1,"IOTHUB_CLIENT_CONFIRMATION_OK"
24804,10411732562,10411732601,1,"IOTHUB_CLIENT_CONFIRMATION_OK"
24805,10411732762,10411732801,1,"IOTHUB_CLIENT_CONFIRMATION_OK"
24806,10411732963,10411733000,1,"IOTHUB_CLIENT_CONFIRMATION_OK"
24807,10411733163,10411733203,1,"IOTHUB_CLIENT_CONFIRMATION_OK"
24808,10411733363,10411733419,1,"IOTHUB_CLIENT_CONFIRMATION_OK"
24809,10411733563,10411733632,1,"IOTHUB_CLIENT_CONFIRMATION_OK"
24810,10411733763,10411733834,1,"IOTHUB_CLIENT_CONFIRMATION_OK"
24811,10411733963,10411734004,1,"IOTHUB_CLIENT_CONFIRMATION_OK"
24812,10411734163,10411734202,1,"IOTHUB_CLIENT_CONFIRMATION_OK"
24813,10411734364,10411734409,1,"IOTHUB_CLIENT_CONFIRMATION_OK"
24814,10411734564,10411734618,1,"IOTHUB_CLIENT_CONFIRMATION_OK"
24815,10411734764,10411734806,1,"IOTHUB_CLIENT_CONFIRMATION_OK"
24816,10411734964,10411735007,1,"IOTHUB_CLIENT_CONFIRMATION_OK"
24817,10411735164,10411735251,1,"IOTHUB_CLIENT_CONFIRMATION_OK"
24818,10411735364,10411735403,1,"IOTHUB_CLIENT_CONFIRMATION_OK"
24819,10411735565,10411735610,1,"IOTHUB_CLIENT_CONFIRMATION_OK"
24820,10411735765,10411735804,1,"IOTHUB_CLIENT_CONFIRMATION_OK"
24821,10411735965,10411736005,1,"IOTHUB_CLIENT_CONFIRMATION_OK"
24822,10411736165,10411736203,1,"IOTHUB_CLIENT_CONFIRMATION_OK"
24823,10411736365,10411736437,1,"IOTHUB_CLIENT_CONFIRMATION_OK"
24824,10411736565,10411736605,1,"IOTHUB_CLIENT_CONFIRMATION_OK"
24825,10411736765,10411736856,1,"IOTHUB_CLIENT_CONFIRMATION_OK"
24826,10411736966,10411737061,1,"IOTHUB_CLIENT_CONFIRMATION_OK"
24827,10411737166,10411737199,1,"IOTHUB_CLIENT_CONFIRMATION_OK"
24828,10411737366,10411737553,1,"IOTHUB_CLIENT_CONFIRMATION_OK"
24829,10411737566,10411737610,1,"IOTHUB_CLIENT_CONFIRMATION_OK"
24830,10411737766,10411737808,1,"IOTHUB_CLIENT_CONFIRMATION_OK"
24831,10411737966,10411738136,1,"IOTHUB_CLIENT_CONFIRMATION_OK"
24832,10411738167,10411738220,1,"IOTHUB_CLIENT_CONFIRMATION_OK"
24833,10411738367,10411738411,1,"IOTHUB_CLIENT_CONFIRMATION_OK"
24834,10411738567,10411738622,1,"IOTHUB_CLIENT_CONFIRMATION_OK"
24835,10411738767,10411738815,1,"IOTHUB_CLIENT_CONFIRMATION_OK"
24836,10411738967,10411739004,1,"IOTHUB_CLIENT_CONFIRMATION_OK"
24837,10411739167,10411739216,1,"IOTHUB_CLIENT_CONFIRMATION_OK"
24838,10411739368,10411739410,1,"IOTHUB_CLIENT_CONFIRMATION_OK"
24839,10411739568,10411739616,1,"IOTHUB_CLIENT_CONFIRMATION_OK"
24840,10411739768,10411739816,1,"IOTHUB_CLIENT_CONFIRMATION_OK"
24841,10411739968,10411740008,1,"IOTHUB_CLIENT_CONFIRMATION_OK"
24842,10411740168,10411740376,1,"IOTHUB_CLIENT_CONFIRMATION_OK"
24843,10411740368,10411740416,1,"IOTHUB_CLIENT_CONFIRMATION_OK"
24844,10411740569,10411740662,1,"IOTHUB_CLIENT_CONFIRMATION_OK"
24845,10411740769,10411740804,1,"IOTHUB_CLIENT_CONFIRMATION_OK"
24846,10411740969,10411741033,1,"IOTHUB_CLIENT_CONFIRMATION_OK"
24847,10411741169,10411741207,1,"IOTHUB_CLIENT_CONFIRMATION_OK"
24848,10411741369,10411741440,1,"IOTHUB_CLIENT_CONFIRMATION_OK"
24849,10411741569,10411741620,1,"IOTHUB_CLIENT_CONFIRMATION_OK"
24850,10411741769,10411741804,1,"IOTHUB_CLIENT_CONFIRMATION_OK"
24851,10411741970,10411742006,1,"IOTHUB_CLIENT_CONFIRMATION_OK"
24852,10411742170,10411742233,1,"IOTHUB_CLIENT_CONFIRMATION_OK"
24853,10411742370,10411742409,1,"IOTHUB_CLIENT_CONFIRMATION_OK"
24854,10411742570,10411742613,1,"IOTHUB_CLIENT_CONFIRMATION_OK"
24855,10411742770,10411742824,1,"IOTHUB_CLIENT_CONFIRMATION_OK"
24856,10411742970,10411743016,1,"IOTHUB_CLIENT_CONFIRMATION_OK"
24857,10411743171,10411743226,1,"IOTHUB_CLIENT_CONFIRMATION_OK"
24858,10411743371,10411743431,1,"IOTHUB_CLIENT_CONFIRMATION_OK"
24859,10411743571,10411743617,1,"IOTHUB_CLIENT_CONFIRMATION_OK"
24860,10411743771,10411743824,1,"IOTHUB_CLIENT_CONFIRMATION_OK"
24861,10411743971,10411744015,1,"IOTHUB_CLIENT_CONFIRMATION_OK"
24862,10411744171,10411744216,1,"IOTHUB_CLIENT_CONFIRMATION_OK"
24863,10411744372,10411744414,1,"IOTHUB_CLIENT_CONFIRMATION_OK"
24864,10411744572,10411744646,1,"IOTHUB_CLIENT_CONFIRMATION_OK"
24865,10411744772,10411744830,1,"IOTHUB_CLIENT_CONFIRMATION_OK"
24866,10411744972,10411745017,1,"IOTHUB_CLIENT_CONFIRMATION_OK"
24867,10411745172,10411745230,1,"IOTHUB_CLIENT_CONFIRMATION_OK"
24868,10411745372,10411745416,1,"IOTHUB_CLIENT_CONFIRMATION_OK"
24869,10411745572,10411745614,1,"IOTHUB_CLIENT_CONFIRMATION_OK"
24870,10411745773,10411745853,1,"IOTHUB_CLIENT_CONFIRMATION_OK"
24871,10411745973,10411746019,1,"IOTHUB_CLIENT_CONFIRMATION_OK"
24872,10411746173,10411746218,1,"IOTHUB_CLIENT_CONFIRMATION_OK"
24873,10411746373,10411746466,1,"IOTHUB_CLIENT_CONFIRMATION_OK"
24874,10411746573,10411746614,1,"IOTHUB_CLIENT_CONFIRMATION_OK"
24875,10411746773,10411746809,1,"IOTHUB_CLIENT_CONFIRMATION_OK"
24876,10411746974,10411747077,1,"IOTHUB_CLIENT_CONFIRMATION_OK"
24877,10411747174,10411747210,1,"IOTHUB_CLIENT_CONFIRMATION_OK"
24878,10411747374,10411747417,1,"IOTHUB_CLIENT_CONFIRMATION_OK"
24879,10411747574,10411747633,1,"IOTHUB_CLIENT_CONFIRMATION_OK"
24880,10411747774,10411747816,1,"IOTHUB_CLIENT_CONFIRMATION_OK"
24881,10411747974,10411748018,1,"IOTHUB_CLIENT_CONFIRMATION_OK"
24882,10411748175,10411748241,1,"IOTHUB_CLIENT_CONFIRMATION_OK"
24883,10411748375,10411748435,1,"IOTHUB_CLIENT_CONFIRMATION_OK"
24884,10411748575,10411748633,1,"IOTHUB_CLIENT_CONFIRMATION_OK"
24885,10411748775,10411748814,1,"IOTHUB_CLIENT_CONFIRMATION_OK"
24886,10411748975,10411749014,1,"IOTHUB_CLIENT_CONFIRMATION_OK"
24887,10411749175,10411749264,1,"IOTHUB_CLIENT_CONFIRMATION_OK"
24888,10411749375,10411749417,1,"IOTHUB_CLIENT_CONFIRMATION_OK"
24889,10411749576,10411749624,1,"IOTHUB_CLIENT_CONFIRMATION_OK"
24890,10411749776,10411749868,1,"IOTHUB_CLIENT_CONFIRMATION_OK"
24891,10411749976,10411750031,1,"IOTHUB_CLIENT_CONFIRMATION_OK"
24892,10411750176,10411750239,1,"IOTHUB_CLIENT_CONFIRMATION_OK"
24893,10411750376,10411750415,1,"IOTHUB_CLIENT_CONFIRMATION_OK"
24894,10411750576,10411750637,1,"IOTHUB_CLIENT_CONFIRMATION_OK"
24895,10411750777,10411750815,1,"IOTHUB_CLIENT_CONFIRMATION_OK"
24896,10411750977,10411751053,1,"IOTHUB_CLIENT_CONFIRMATION_OK"
24897,10411751177,10411751220,1,"IOTHUB_CLIENT_CONFIRMATION_OK"
24898,10411751377,10411751494,1,"IOTHUB_CLIENT_CONFIRMATION_OK"
24899,10411751577,10411751621,1,"IOTHUB_CLIENT_CONFIRMATION_OK"
24900,10411751777,10411751833,1,"IOTHUB_CLIENT_CONFIRMATION_OK"
24901,10411751978,10411752118,1,"IOTHUB_CLIENT_CONFIRMATION_OK"
24902,10411752178,10411752246,1,"IOTHUB_CLIENT_CONFIRMATION_OK"
24903,10411752378,10411752413,1,"IOTHUB_CLIENT_CONFIRMATION_OK"
24904,10411752578,10411752726,1,"IOTHUB_CLIENT_CONFIRMATION_OK"
24905,10411752778,10411752892,1,"IOTHUB_CLIENT_CONFIRMATION_OK"
24906,10411752978,10411753102,1,"IOTHUB_CLIENT_CONFIRMATION_OK"
24907,10411753179,10411753242,1,"IOTHUB_CLIENT_CONFIRMATION_OK"
24908,10411753379,10411753421,1,"IOTHUB_CLIENT_CONFIRMATION_OK"
24909,10411753579,10411753625,1,"IOTHUB_CLIENT_CONFIRMATION_OK"
24910,10411753779,10411753839,1,"IOTHUB_CLIENT_CONFIRMATION_OK"
24911,10411753979,10411754021,1,"IOTHUB_CLIENT_CONFIRMATION_OK"
24912,10411754179,10411754325,1,"IOTHUB_CLIENT_CONFIRMATION_OK"
24913,10411754380,10411754415,1,"IOTHUB_CLIENT_CONFIRMATION_OK"
24914,10411754580,10411754633,1,"IOTHUB_CLIENT_CONFIRMATION_OK"
24915,10411754780,10411754960,1,"IOTHUB_CLIENT_CONFIRMATION_OK"
24916,10411754980,10411755031,1,"IOTHUB_CLIENT_CONFIRMATION_OK"
24917,10411755180,10411755223,1,"IOTHUB_CLIENT_CONFIRMATION_OK"
24918,10411755380,10411755420,1,"IOTHUB_CLIENT_CONFIRMATION_OK"
24919,10411755581,10411755631,1,"IOTHUB_CLIENT_CONFIRMATION_OK"
24920,10411755781,10411755842,1,"IOTHUB_CLIENT_CONFIRMATION_OK"
24921,10411755981,10411756018,1,"IOTHUB_CLIENT_CONFIRMATION_OK"
24922,10411756181,10411756215,1,"IOTHUB_CLIENT_CONFIRMATION_OK"
24923,10411756381,10411756425,1,"IOTHUB_CLIENT_CONFIRMATION_OK"
24924,10411756581,10411756658,1,"IOTHUB_CLIENT_CONFIRMATION_OK"
24925,10411756781,10411756817,1,"IOTHUB_CLIENT_CONFIRMATION_OK"
24926,10411756982,10411757024,1,"IOTHUB_CLIENT_CONFIRMATION_OK"
24927,10411757182,10411757225,1,"IOTHUB_CLIENT_CONFIRMATION_OK"
24928,10411757382,10411757436,1,"IOTHUB_CLIENT_CONFIRMATION_OK"
24929,10411757582,10411757693,1,"IOTHUB_CLIENT_CONFIRMATION_OK"
24930,10411757782,10411757847,1,"IOTHUB_CLIENT_CONFIRMATION_OK"
24931,10411757982,10411758028,1,"IOTHUB_CLIENT_CONFIRMATION_OK"
24932,10411758183,10411758275,1,"IOTHUB_CLIENT_CONFIRMATION_OK"
24933,10411758383,10411758423,1,"IOTHUB_CLIENT_CONFIRMATION_OK"
24934,10411758583,10411758637,1,"IOTHUB_CLIENT_CONFIRMATION_OK"
24935,10411758783,10411758888,1,"IOTHUB_CLIENT_CONFIRMATION_OK"
24936,10411758983,10411759032,1,"IOTHUB_CLIENT_CONFIRMATION_OK"
24937,10411759183,10411759229,1,"IOTHUB_CLIENT_CONFIRMATION_OK"
24938,10411759384,10411759424,1,"IOTHUB_CLIENT_CONFIRMATION_OK"
24939,10411759584,10411759631,1,"IOTHUB_CLIENT_CONFIRMATION_OK"
24940,10411759784,10411759890,1,"IOTHUB_CLIENT_CONFIRMATION_OK"
24941,10411759984,10411760021,1,"IOTHUB_CLIENT_CONFIRMATION_OK"
24942,10411760184,10411760228,1,"IOTHUB_CLIENT_CONFIRMATION_OK"
24943,10411760384,10411760498,1,"IOTHUB_CLIENT_CONFIRMATION_OK"
24944,10411760585,10411760642,1,"IOTHUB_CLIENT_CONFIRMATION_OK"
24945,10411760785,10411760840,1,"IOTHUB_CLIENT_CONFIRMATION_OK"
24946,10411760985,10411761158,1,"IOTHUB_CLIENT_CONFIRMATION_OK"
24947,10411761185,10411761227,1,"IOTHUB_CLIENT_CONFIRMATION_OK"
24948,10411761385,10411761422,1,"IOTHUB_CLIENT_CONFIRMATION_OK"
24949,10411761585,10411761660,1,"IOTHUB_CLIENT_CONFIRMATION_OK"
24950,10411761786,10411761823,1,"IOTHUB_CLIENT_CONFIRMATION_OK"
24951,10411761986,10411762029,1,"IOTHUB_CLIENT_CONFIRMATION_OK"
24952,10411762186,10411762226,1,"IOTHUB_CLIENT_CONFIRMATION_OK"
24953,10411762386,10411762419,1,"IOTHUB_CLIENT_CONFIRMATION_OK"
24954,10411762586,10411762840,1,"IOTHUB_CLIENT_CONFIRMATION_OK"
24955,10411762786,10411762905,1,"IOTHUB_CLIENT_CONFIRMATION_OK"
24956,10411762986,10411763022,1,"IOTHUB_CLIENT_CONFIRMATION_OK"
24957,10411763187,10411763246,1,"IOTHUB_CLIENT_CONFIRMATION_OK"
24958,10411763387,10411763430,1,"IOTHUB_CLIENT_CONFIRMATION_OK"
24959,10411763587,10411763662,1,"IOTHUB_CLIENT_CONFIRMATION_OK"
24960,10411763787,10411763919,1,"IOTHUB_CLIENT_CONFIRMATION_OK"
24961,10411763987,10411764025,1,"IOTHUB_CLIENT_CONFIRMATION_OK"
24962,10411764187,10411764232,1,"IOTHUB_CLIENT_CONFIRMATION_OK"
24963,10411764388,10411764478,1,"IOTHUB_CLIENT_CONFIRMATION_OK"
24964,10411764588,10411764654,1,"IOTHUB_CLIENT_CONFIRMATION_OK"
24965,10411764788,10411764835,1,"IOTHUB_CLIENT_CONFIRMATION_OK"
24966,10411764988,10411765031,1,"IOTHUB_CLIENT_CONFIRMATION_OK"
24967,10411765188,10411765238,1,"IOTHUB_CLIENT_CONFIRMATION_OK"
24968,10411765388,10411765447,1,"IOTHUB_CLIENT_CONFIRMATION_OK"
24969,10411765588,10411765632,1,"IOTHUB_CLIENT_CONFIRMATION_OK"
24970,10411765789,10411765827,1,"IOTHUB_CLIENT_CONFIRMATION_OK"
24971,10411765989,10411766147,1,"IOTHUB_CLIENT_CONFIRMATION_OK"
24972,10411766189,10411766233,1,"IOTHUB_CLIENT_CONFIRMATION_OK"
24973,10411766389,10411766429,1,"IOTHUB_CLIENT_CONFIRMATION_OK"
24974,10411766589,10411766730,1,"IOTHUB_CLIENT_CONFIRMATION_OK"
24975,10411766789,10411766826,1,"IOTHUB_CLIENT_CONFIRMATION_OK"
24976,10411766990,10411767030,1,"IOTHUB_CLIENT_CONFIRMATION_OK"
24977,10411767190,10411767237,1,"IOTHUB_CLIENT_CONFIRMATION_OK"
24978,10411767390,10411767442,1,"IOTHUB_CLIENT_CONFIRMATION_OK"
24979,10411767590,10411767640,1,"IOTHUB_CLIENT_CONFIRMATION_OK"
24980,10411767790,10411767834,1,"IOTHUB_CLIENT_CONFIRMATION_OK"
24981,10411767990,10411768027,1,"IOTHUB_CLIENT_CONFIRMATION_OK"
24982,10411768191,10411768258,1,"IOTHUB_CLIENT_CONFIRMATION_OK"
24983,10411768391,10411768436,1,"IOTHUB_CLIENT_CONFIRMATION_OK"
24984,10411768591,10411768653,1,"IOTHUB_CLIENT_CONFIRMATION_OK"
24985,10411768791,10411768976,1,"IOTHUB_CLIENT_CONFIRMATION_OK"
24986,10411768991,10411769046,1,"IOTHUB_CLIENT_CONFIRMATION_OK"
24987,10411769191,10411769236,1,"IOTHUB_CLIENT_CONFIRMATION_OK"
24988,10411769392,10411769464,1,"IOTHUB_CLIENT_CONFIRMATION_OK"
24989,10411769592,10411769632,1,"IOTHUB_CLIENT_CONFIRMATION_OK"
24990,10411769792,10411769843,1,"IOTHUB_CLIENT_CONFIRMATION_OK"
24991,10411769992,10411770037,1,"IOTHUB_CLIENT_CONFIRMATION_OK"
24992,10411770192,10411770229,1,"IOTHUB_CLIENT_CONFIRMATION_OK"
24993,10411770392,10411770454,1,"IOTHUB_CLIENT_CONFIRMATION_OK"
24994,10411770592,10411770653,1,"IOTHUB_CLIENT_CONFIRMATION_OK"
24995,10411770793,10411770833,1,"IOTHUB_CLIENT_CONFIRMATION_OK"
24996,10411770993,10411771047,1,"IOTHUB_CLIENT_CONFIRMATION_OK"
24997,10411771193,10411771240,1,"IOTHUB_CLIENT_CONFIRMATION_OK"
24998,10411771393,10411771434,1,"IOTHUB_CLIENT_CONFIRMATION_OK"
24999,10411771593,10411771686,1,"IOTHUB_CLIENT_CONFIRMATION_OK"
25000,10411771793,10411771846,1,"IOTHUB_CLIENT_CONFIRMATION_OK"
25001,10411771994,10411772039,1,"IOTHUB_CLIENT_CONFIRMATION_OK"
25002,10411772194,10411775156,1,"IOTHUB_CLIENT_CONFIRMATION_OK"
25003,10411772394,10411775247,1,"IOTHUB_CLIENT_CONFIRMATION_OK"
25004,10411772594,10411775290,1,"IOTHUB_CLIENT_CONFIRMATION_OK"
25005,10411772794,10411775399,1,"IOTHUB_CLIENT_CONFIRMATION_OK"
25006,10411772994,10411775468,1,"IOTHUB_CLIENT_CONFIRMATION_OK"
25007,10411773194,10411775574,1,"IOTHUB_CLIENT_CONFIRMATION_OK"
25008,10411773395,10411775632,1,"IOTHUB_CLIENT_CONFIRMATION_OK"
25009,10411773595,10411775687,1,"IOTHUB_CLIENT_CONFIRMATION_OK"
25010,10411773795,10411775892,1,"IOTHUB_CLIENT_CONFIRMATION_OK"
25011,10411773995,10411775962,1,"IOTHUB_CLIENT_CONFIRMATION_OK"
25012,10411774195,10411776047,1,"IOTHUB_CLIENT_CONFIRMATION_OK"
25013,10411774395,10411776109,1,"IOTHUB_CLIENT_CONFIRMATION_OK"
25014,10411774596,10411776237,1,"IOTHUB_CLIENT_CONFIRMATION_OK"
25015,10411774796,10411776322,1,"IOTHUB_CLIENT_CONFIRMATION_OK"
25016,10411774996,10411776388,1,"IOTHUB_CLIENT_CONFIRMATION_OK"
25017,10411775196,10411776460,1,"IOTHUB_CLIENT_CONFIRMATION_OK"
25018,10411775396,10411776528,1,"IOTHUB_CLIENT_CONFIRMATION_OK"
25019,10411775596,10411776638,1,"IOTHUB_CLIENT_CONFIRMATION_OK"
25020,10411775796,10411776712,1,"IOTHUB_CLIENT_CONFIRMATION_OK"
25021,10411775997,10411776774,1,"IOTHUB_CLIENT_CONFIRMATION_OK"
25022,10411776197,10411776829,1,"IOTHUB_CLIENT_CONFIRMATION_OK"
25023,10411776397,10411776983,1,"IOTHUB_CLIENT_CONFIRMATION_OK"
25024,10411776597,10411777107,1,"IOTHUB_CLIENT_CONFIRMATION_OK"
25025,10411776797,10411777182,1,"IOTHUB_CLIENT_CONFIRMATION_OK"
25026,10411776997,10411777281,1,"IOTHUB_CLIENT_CONFIRMATION_OK"
25027,10411777197,10411777348,1,"IOTHUB_CLIENT_CONFIRMATION_OK"
25028,10411777398,10411777472,1,"IOTHUB_CLIENT_CONFIRMATION_OK"
25029,10411777598,10411777644,1,"IOTHUB_CLIENT_CONFIRMATION_OK"
25030,10411777798,10411777844,1,"IOTHUB_CLIENT_CONFIRMATION_OK"
25031,10411777998,10411778037,1,"IOTHUB_CLIENT_CONFIRMATION_OK"
25032,10411778198,10411778247,1,"IOTHUB_CLIENT_CONFIRMATION_OK"
25033,10411778398,10411778445,1,"IOTHUB_CLIENT_CONFIRMATION_OK"
25034,10411778599,10411778648,1,"IOTHUB_CLIENT_CONFIRMATION_OK"
25035,10411778799,10411778899,1,"IOTHUB_CLIENT_CONFIRMATION_OK"
25036,10411778999,10411779064,1,"IOTHUB_CLIENT_CONFIRMATION_OK"
25037,10411779199,10411779281,1,"IOTHUB_CLIENT_CONFIRMATION_OK"
25038,10411779399,10411779454,1,"IOTHUB_CLIENT_CONFIRMATION_OK"
25039,10411779599,10411779730,1,"IOTHUB_CLIENT_CONFIRMATION_OK"
25040,10411779800,10411779857,1,"IOTHUB_CLIENT_CONFIRMATION_OK"
25041,10411780000,10411780070,1,"IOTHUB_CLIENT_CONFIRMATION_OK"
25042,10411780200,10411780261,1,"IOTHUB_CLIENT_CONFIRMATION_OK"
25043,10411780400,10411780470,1,"IOTHUB_CLIENT_CONFIRMATION_OK"
25044,10411780600,10411780734,1,"IOTHUB_CLIENT_CONFIRMATION_OK"
25045,10411780800,10411780846,1,"IOTHUB_CLIENT_CONFIRMATION_OK"
25046,10411781001,10411781044,1,"IOTHUB_CLIENT_CONFIRMATION_OK"
25047,10411781201,10411781400,1,"IOTHUB_CLIENT_CONFIRMATION_OK"
25048,10411781401,10411781444,1,"IOTHUB_CLIENT_CONFIRMATION_OK"
25049,10411781601,10411781658,1,"IOTHUB_CLIENT_CONFIRMATION_OK"
25050,10411781801,10411781852,1,"IOTHUB_CLIENT_CONFIRMATION_OK"
25051,10411782001,10411782047,1,"IOTHUB_CLIENT_CONFIRMATION_OK"
25052,10411782201,10411782317,1,"IOTHUB_CLIENT_CONFIRMATION_OK"
25053,10411782402,10411782448,1,"IOTHUB_CLIENT_CONFIRMATION_OK"
25054,10411782602,10411782641,1,"IOTHUB_CLIENT_CONFIRMATION_OK"
25055,10411782802,10411782921,1,"IOTHUB_CLIENT_CONFIRMATION_OK"
25056,10411783002,10411783044,1,"IOTHUB_CLIENT_CONFIRMATION_OK"
25057,10411783202,10411783248,1,"IOTHUB_CLIENT_CONFIRMATION_OK"
25058,10411783402,10411783538,1,"IOTHUB_CLIENT_CONFIRMATION_OK"
25059,10411783603,10411783643,1,"IOTHUB_CLIENT_CONFIRMATION_OK"
25060,10411783803,10411783853,1,"IOTHUB_CLIENT_CONFIRMATION_OK"
25061,10411784003,10411784155,1,"IOTHUB_CLIENT_CONFIRMATION_OK"
25062,10411784203,10411784257,1,"IOTHUB_CLIENT_CONFIRMATION_OK"
25063,10411784403,10411784451,1,"IOTHUB_CLIENT_CONFIRMATION_OK"
25064,10411784603,10411784652,1,"IOTHUB_CLIENT_CONFIRMATION_OK"
25065,10411784804,10411784854,1,"IOTHUB_CLIENT_CONFIRMATION_OK"
25066,10411785004,10411785040,1,"IOTHUB_CLIENT_CONFIRMATION_OK"
25067,10411785204,10411785275,1,"IOTHUB_CLIENT_CONFIRMATION_OK"
25068,10411785404,10411785455,1,"IOTHUB_CLIENT_CONFIRMATION_OK"
25069,10411785604,10411785774,1,"IOTHUB_CLIENT_CONFIRMATION_OK"
25070,10411785804,10411785857,1,"IOTHUB_CLIENT_CONFIRMATION_OK"
25071,10411786004,10411786056,1,"IOTHUB_CLIENT_CONFIRMATION_OK"
25072,10411786205,10411786259,1,"IOTHUB_CLIENT_CONFIRMATION_OK"
25073,10411786405,10411786571,1,"IOTHUB_CLIENT_CONFIRMATION_OK"
25074,10411786605,10411786658,1,"IOTHUB_CLIENT_CONFIRMATION_OK"
25075,10411786805,10411786847,1,"IOTHUB_CLIENT_CONFIRMATION_OK"
25076,10411787005,10411787053,1,"IOTHUB_CLIENT_CONFIRMATION_OK"
25077,10411787205,10411787254,1,"IOTHUB_CLIENT_CONFIRMATION_OK"
25078,10411787405,10411787449,1,"IOTHUB_CLIENT_CONFIRMATION_OK"
25079,10411787606,10411787690,1,"IOTHUB_CLIENT_CONFIRMATION_OK"
25080,10411787806,10411787851,1,"IOTHUB_CLIENT_CONFIRMATION_OK"
25081,10411788006,10411788047,1,"IOTHUB_CLIENT_CONFIRMATION_OK"
25082,10411788206,10411788243,1,"IOTHUB_CLIENT_CONFIRMATION_OK"
25083,10411788406,10411788449,1,"IOTHUB_CLIENT_CONFIRMATION_OK"
25084,10411788606,10411788685,1,"IOTHUB_CLIENT_CONFIRMATION_OK"
25085,10411788807,10411788861,1,"IOTHUB_CLIENT_CONFIRMATION_OK"
25086,10411789007,10411789069,1,"IOTHUB_CLIENT_CONFIRMATION_OK"
25087,10411789207,10411789250,1,"IOTHUB_CLIENT_CONFIRMATION_OK"
25088,10411789407,10411789448,1,"IOTHUB_CLIENT_CONFIRMATION_OK"
25089,10411789607,10411789684,1,"IOTHUB_CLIENT_CONFIRMATION_OK"
25090,10411789807,10411789876,1,"IOTHUB_CLIENT_CONFIRMATION_OK"
25091,10411790008,10411790049,1,"IOTHUB_CLIENT_CONFIRMATION_OK"
25092,10411790208,10411790295,1,"IOTHUB_CLIENT_CONFIRMATION_OK"
25093,10411790408,10411790468,1,"IOTHUB_CLIENT_CONFIRMATION_OK"
25094,10411790608,10411790649,1,"IOTHUB_CLIENT_CONFIRMATION_OK"
25095,10411790808,10411790847,1,"IOTHUB_CLIENT_CONFIRMATION_OK"
25096,10411791008,10411791053,1,"IOTHUB_CLIENT_CONFIRMATION_OK"
25097,10411791208,10411791285,1,"IOTHUB_CLIENT_CONFIRMATION_OK"
25098,10411791409,10411791467,1,"IOTHUB_CLIENT_CONFIRMATION_OK"
25099,10411791609,10411791648,1,"IOTHUB_CLIENT_CONFIRMATION_OK"
25100,10411791809,10411791992,1,"IOTHUB_CLIENT_CONFIRMATION_OK"
25101,10411792009,10411792048,1,"IOTHUB_CLIENT_CONFIRMATION_OK"
25102,10411792209,10411792264,1,"IOTHUB_CLIENT_CONFIRMATION_OK"
25103,10411792409,10411792463,1,"IOTHUB_CLIENT_CONFIRMATION_OK"
25104,10411792609,10411792659,1,"IOTHUB_CLIENT_CONFIRMATION_OK"
25105,10411792810,10411792860,1,"IOTHUB_CLIENT_CONFIRMATION_OK"
25106,10411793010,10411793088,1,"IOTHUB_CLIENT_CONFIRMATION_OK"
25107,10411793210,10411793256,1,"IOTHUB_CLIENT_CONFIRMATION_OK"
25108,10411793410,10411793462,1,"IOTHUB_CLIENT_CONFIRMATION_OK"
25109,10411793610,10411793657,1,"IOTHUB_CLIENT_CONFIRMATION_OK"
25110,10411793811,10411793850,1,"IOTHUB_CLIENT_CONFIRMATION_OK"
25111,10411794011,10411794058,1,"IOTHUB_CLIENT_CONFIRMATION_OK"
25112,10411794211,10411794252,1,"IOTHUB_CLIENT_CONFIRMATION_OK"
25113,10411794411,10411794461,1,"IOTHUB_CLIENT_CONFIRMATION_OK"
25114,10411794611,10411794663,1,"IOTHUB_CLIENT_CONFIRMATION_OK"
25115,10411794811,10411794873,1,"IOTHUB_CLIENT_CONFIRMATION_OK"
25116,10411795011,10411795060,1,"IOTHUB_CLIENT_CONFIRMATION_OK"
25117,10411795212,10411795279,1,"IOTHUB_CLIENT_CONFIRMATION_OK"
25118,10411795412,10411795455,1,"IOTHUB_CLIENT_CONFIRMATION_OK"
25119,10411795612,10411795655,1,"IOTHUB_CLIENT_CONFIRMATION_OK"
25120,10411795812,10411795876,1,"IOTHUB_CLIENT_CONFIRMATION_OK"
25121,10411796012,10411796054,1,"IOTHUB_CLIENT_CONFIRMATION_OK"
25122,10411796212,10411796316,1,"IOTHUB_CLIENT_CONFIRMATION_OK"
25123,10411796413,10411796514,1,"IOTHUB_CLIENT_CONFIRMATION_OK"
25124,10411796613,10411796673,1,"IOTHUB_CLIENT_CONFIRMATION_OK"
25125,10411796813,10411796869,1,"IOTHUB_CLIENT_CONFIRMATION_OK"
25126,10411797013,10411797060,1,"IOTHUB_CLIENT_CONFIRMATION_OK"
25127,10411797213,10411797267,1,"IOTHUB_CLIENT_CONFIRMATION_OK"
25128,10411797413,10411797593,1,"IOTHUB_CLIENT_CONFIRMATION_OK"
25129,10411797614,10411797652,1,"IOTHUB_CLIENT_CONFIRMATION_OK"
25130,10411797814,10411797917,1,"IOTHUB_CLIENT_CONFIRMATION_OK"
25131,10411798014,10411798197,1,"IOTHUB_CLIENT_CONFIRMATION_OK"
25132,10411798214,10411798254,1,"IOTHUB_CLIENT_CONFIRMATION_OK"
25133,10411798414,10411798518,1,"IOTHUB_CLIENT_CONFIRMATION_OK"
25134,10411798614,10411798671,1,"IOTHUB_CLIENT_CONFIRMATION_OK"
25135,10411798815,10411798856,1,"IOTHUB_CLIENT_CONFIRMATION_OK"
25136,10411799015,10411799059,1,"IOTHUB_CLIENT_CONFIRMATION_OK"
25137,10411799215,10411799255,1,"IOTHUB_CLIENT_CONFIRMATION_OK"
25138,10411799415,10411799453,1,"IOTHUB_CLIENT_CONFIRMATION_OK"
25139,10411799615,10411799654,1,"IOTHUB_CLIENT_CONFIRMATION_OK"
25140,10411799815,10411799879,1,"IOTHUB_CLIENT_CONFIRMATION_OK"
25141,10411800016,10411800062,1,"IOTHUB_CLIENT_CONFIRMATION_OK"
25142,10411800216,10411800256,1,"IOTHUB_CLIENT_CONFIRMATION_OK"
25143,10411800416,10411800460,1,"IOTHUB_CLIENT_CONFIRMATION_OK"
25144,10411800616,10411800667,1,"IOTHUB_CLIENT_CONFIRMATION_OK"
25145,10411800816,10411800873,1,"IOTHUB_CLIENT_CONFIRMATION_OK"
25146,10411801016,10411801075,1,"IOTHUB_CLIENT_CONFIRMATION_OK"
25147,10411801217,10411801271,1,"IOTHUB_CLIENT_CONFIRMATION_OK"
25148,10411801417,10411801464,1,"IOTHUB_CLIENT_CONFIRMATION_OK"
25149,10411801617,10411801666,1,"IOTHUB_CLIENT_CONFIRMATION_OK"
25150,10411801817,10411801868,1,"IOTHUB_CLIENT_CONFIRMATION_OK"
25151,10411802017,10411802101,1,"IOTHUB_CLIENT_CONFIRMATION_OK"
25152,10411802217,10411802261,1,"IOTHUB_CLIENT_CONFIRMATION_OK"
25153,10411802418,10411802464,1,"IOTHUB_CLIENT_CONFIRMATION_OK"
25154,10411802618,10411802662,1,"IOTHUB_CLIENT_CONFIRMATION_OK"
25155,10411802818,10411802873,1,"IOTHUB_CLIENT_CONFIRMATION_OK"
25156,10411803018,10411803201,1,"IOTHUB_CLIENT_CONFIRMATION_OK"
25157,10411803218,10411803267,1,"IOTHUB_CLIENT_CONFIRMATION_OK"
25158,10411803418,10411803475,1,"IOTHUB_CLIENT_CONFIRMATION_OK"
25159,10411803618,10411803785,1,"IOTHUB_CLIENT_CONFIRMATION_OK"
25160,10411803819,10411803907,1,"IOTHUB_CLIENT_CONFIRMATION_OK"
25161,10411804019,10411804120,1,"IOTHUB_CLIENT_CONFIRMATION_OK"
25162,10411804219,10411804257,1,"IOTHUB_CLIENT_CONFIRMATION_OK"
25163,10411804419,10411804466,1,"IOTHUB_CLIENT_CONFIRMATION_OK"
25164,10411804619,10411804655,1,"IOTHUB_CLIENT_CONFIRMATION_OK"
25165,10411804819,10411804870,1,"IOTHUB_CLIENT_CONFIRMATION_OK"
25166,10411805020,10411805085,1,"IOTHUB_CLIENT_CONFIRMATION_OK"
25167,10411805220,10411805291,1,"IOTHUB_CLIENT_CONFIRMATION_OK"
25168,10411805420,10411805468,1,"IOTHUB_CLIENT_CONFIRMATION_OK"
25169,10411805620,10411805663,1,"IOTHUB_CLIENT_CONFIRMATION_OK"
25170,10411805820,10411806028,1,"IOTHUB_CLIENT_CONFIRMATION_OK"
25171,10411806020,10411806069,1,"IOTHUB_CLIENT_CONFIRMATION_OK"
25172,10411806221,10411806279,1,"IOTHUB_CLIENT_CONFIRMATION_OK"
25173,10411806421,10411806471,1,"IOTHUB_CLIENT_CONFIRMATION_OK"
25174,10411806621,10411806662,1,"IOTHUB_CLIENT_CONFIRMATION_OK"
25175,10411806821,10411806861,1,"IOTHUB_CLIENT_CONFIRMATION_OK"
25176,10411807021,10411807071,1,"IOTHUB_CLIENT_CONFIRMATION_OK"
25177,10411807221,10411807263,1,"IOTHUB_CLIENT_CONFIRMATION_OK"
25178,10411807422,10411807489,1,"IOTHUB_CLIENT_CONFIRMATION_OK"
25179,10411807622,10411807664,1,"IOTHUB_CLIENT_CONFIRMATION_OK"
25180,10411807822,10411807860,1,"IOTHUB_CLIENT_CONFIRMATION_OK"
25181,10411808022,10411808072,1,"IOTHUB_CLIENT_CONFIRMATION_OK"
25182,10411808222,10411808317,1,"IOTHUB_CLIENT_CONFIRMATION_OK"
25183,10411808422,10411808484,1,"IOTHUB_CLIENT_CONFIRMATION_OK"
25184,10411808622,10411808788,1,"IOTHUB_CLIENT_CONFIRMATION_OK"
25185,10411808823,10411808871,1,"IOTHUB_CLIENT_CONFIRMATION_OK"
25186,10411809023,10411809075,1,"IOTHUB_CLIENT_CONFIRMATION_OK"
25187,10411809223,10411809417,1,"IOTHUB_CLIENT_CONFIRMATION_OK"
25188,10411809423,10411809478,1,"IOTHUB_CLIENT_CONFIRMATION_OK"
25189,10411809623,10411809660,1,"IOTHUB_CLIENT_CONFIRMATION_OK"
25190,10411809823,10411809869,1,"IOTHUB_CLIENT_CONFIRMATION_OK"
25191,10411810023,10411810069,1,"IOTHUB_CLIENT_CONFIRMATION_OK"
25192,10411810224,10411810266,1,"IOTHUB_CLIENT_CONFIRMATION_OK"
25193,10411810424,10411810528,1,"IOTHUB_CLIENT_CONFIRMATION_OK"
25194,10411810624,10411810664,1,"IOTHUB_CLIENT_CONFIRMATION_OK"
25195,10411810824,10411810867,1,"IOTHUB_CLIENT_CONFIRMATION_OK"
25196,10411811024,10411811078,1,"IOTHUB_CLIENT_CONFIRMATION_OK"
25197,10411811224,10411811279,1,"IOTHUB_CLIENT_CONFIRMATION_OK"
25198,10411811425,10411811580,1,"IOTHUB_CLIENT_CONFIRMATION_OK"
25199,10411811625,10411811672,1,"IOTHUB_CLIENT_CONFIRMATION_OK"
25200,10411811825,10411811869,1,"IOTHUB_CLIENT_CONFIRMATION_OK"
25201,10411812025,10411812146,1,"IOTHUB_CLIENT_CONFIRMATION_OK"
25202,10411812225,10411812263,1,"IOTHUB_CLIENT_CONFIRMATION_OK"
25203,10411812425,10411812486,1,"IOTHUB_CLIENT_CONFIRMATION_OK"
25204,10411812626,10411812795,1,"IOTHUB_CLIENT_CONFIRMATION_OK"
25205,10411812826,10411812862,1,"IOTHUB_CLIENT_CONFIRMATION_OK"
25206,10411813026,10411813066,1,"IOTHUB_CLIENT_CONFIRMATION_OK"
25207,10411813226,10411813267,1,"IOTHUB_CLIENT_CONFIRMATION_OK"
25208,10411813426,10411813469,1,"IOTHUB_CLIENT_CONFIRMATION_OK"
25209,10411813626,10411813670,1,"IOTHUB_CLIENT_CONFIRMATION_OK"
25210,10411813827,10411813867,1,"IOTHUB_CLIENT_CONFIRMATION_OK"
25211,10411814027,10411814072,1,"IOTHUB_CLIENT_CONFIRMATION_OK"
25212,10411814227,10411814373,1,"IOTHUB_CLIENT_CONFIRMATION_OK"
25213,10411814427,10411814466,1,"IOTHUB_CLIENT_CONFIRMATION_OK"
25214,10411814627,10411814669,1,"IOTHUB_CLIENT_CONFIRMATION_OK"
25215,10411814827,10411814986,1,"IOTHUB_CLIENT_CONFIRMATION_OK"
25216,10411815027,10411815066,1,"IOTHUB_CLIENT_CONFIRMATION_OK"
25217,10411815228,10411815271,1,"IOTHUB_CLIENT_CONFIRMATION_OK"
25218,10411815428,10411815467,1,"IOTHUB_CLIENT_CONFIRMATION_OK"
25219,10411815628,10411815676,1,"IOTHUB_CLIENT_CONFIRMATION_OK"
25220,10411815828,10411815870,1,"IOTHUB_CLIENT_CONFIRMATION_OK"
25221,10411816028,10411816078,1,"IOTHUB_CLIENT_CONFIRMATION_OK"
25222,10411816228,10411816293,1,"IOTHUB_CLIENT_CONFIRMATION_OK"
25223,10411816429,10411816468,1,"IOTHUB_CLIENT_CONFIRMATION_OK"
25224,10411816629,10411816679,1,"IOTHUB_CLIENT_CONFIRMATION_OK"
25225,10411816829,10411816877,1,"IOTHUB_CLIENT_CONFIRMATION_OK"
25226,10411817029,10411817068,1,"IOTHUB_CLIENT_CONFIRMATION_OK"
25227,10411817229,10411817271,1,"IOTHUB_CLIENT_CONFIRMATION_OK"
25228,10411817429,10411817508,1,"IOTHUB_CLIENT_CONFIRMATION_OK"
25229,10411817630,10411817731,1,"IOTHUB_CLIENT_CONFIRMATION_OK"
25230,10411817830,10411817877,1,"IOTHUB_CLIENT_CONFIRMATION_OK"
25231,10411818030,10411818070,1,"IOTHUB_CLIENT_CONFIRMATION_OK"
25232,10411818230,10411818331,1,"IOTHUB_CLIENT_CONFIRMATION_OK"
25233,10411818430,10411818475,1,"IOTHUB_CLIENT_CONFIRMATION_OK"
25234,10411818630,10411818683,1,"IOTHUB_CLIENT_CONFIRMATION_OK"
25235,10411818830,10411818903,1,"IOTHUB_CLIENT_CONFIRMATION_OK"
25236,10411819031,10411819076,1,"IOTHUB_CLIENT_CONFIRMATION_OK"
25237,10411819231,10411819268,1,"IOTHUB_CLIENT_CONFIRMATION_OK"
25238,10411819431,10411819481,1,"IOTHUB_CLIENT_CONFIRMATION_OK"
25239,10411819631,10411819670,1,"IOTHUB_CLIENT_CONFIRMATION_OK"
25240,10411819831,10411819972,1,"IOTHUB_CLIENT_CONFIRMATION_OK"
25241,10411820031,10411820075,1,"IOTHUB_CLIENT_CONFIRMATION_OK"
25242,10411820231,10411820276,1,"IOTHUB_CLIENT_CONFIRMATION_OK"
25243,10411820432,10411820588,1,"IOTHUB_CLIENT_CONFIRMATION_OK"
25244,10411820632,10411820668,1,"IOTHUB_CLIENT_CONFIRMATION_OK"
25245,10411820832,10411820968,1,"IOTHUB_CLIENT_CONFIRMATION_OK"
25246,10411821032,10411821067,1,"IOTHUB_CLIENT_CONFIRMATION_OK"
25247,10411821232,10411821269,1,"IOTHUB_CLIENT_CONFIRMATION_OK"
25248,10411821432,10411821476,1,"IOTHUB_CLIENT_CONFIRMATION_OK"
25249,10411821633,10411821677,1,"IOTHUB_CLIENT_CONFIRMATION_OK"
25250,10411821833,10411821879,1,"IOTHUB_CLIENT_CONFIRMATION_OK"
25251,10411822033,10411822083,1,"IOTHUB_CLIENT_CONFIRMATION_OK"
25252,10411822233,10411822268,1,"IOTHUB_CLIENT_CONFIRMATION_OK"
25253,10411822433,10411822474,1,"IOTHUB_CLIENT_CONFIRMATION_OK"
25254,10411822633,10411822674,1,"IOTHUB_CLIENT_CONFIRMATION_OK"
25255,10411822834,10411822874,1,"IOTHUB_CLIENT_CONFIRMATION_OK"
25256,10411823034,10411823071,1,"IOTHUB_CLIENT_CONFIRMATION_OK"
25257,10411823234,10411823298,1,"IOTHUB_CLIENT_CONFIRMATION_OK"
25258,10411823434,10411823475,1,"IOTHUB_CLIENT_CONFIRMATION_OK"
25259,10411823634,10411823680,1,"IOTHUB_CLIENT_CONFIRMATION_OK"
25260,10411823834,10411823874,1,"IOTHUB_CLIENT_CONFIRMATION_OK"
25261,10411824034,10411824084,1,"IOTHUB_CLIENT_CONFIRMATION_OK"
25262,10411824235,10411824292,1,"IOTHUB_CLIENT_CONFIRMATION_OK"
25263,10411824435,10411824480,1,"IOTHUB_CLIENT_CONFIRMATION_OK"
25264,10411824635,10411824675,1,"IOTHUB_CLIENT_CONFIRMATION_OK"
25265,10411824835,10411824879,1,"IOTHUB_CLIENT_CONFIRMATION_OK"
25266,10411825035,10411825157,1,"IOTHUB_CLIENT_CONFIRMATION_OK"
25267,10411825235,10411825286,1,"IOTHUB_CLIENT_CONFIRMATION_OK"
25268,10411825436,10411825483,1,"IOTHUB_CLIENT_CONFIRMATION_OK"
25269,10411825636,10411825678,1,"IOTHUB_CLIENT_CONFIRMATION_OK"
25270,10411825836,10411825902,1,"IOTHUB_CLIENT_CONFIRMATION_OK"
25271,10411826036,10411826113,1,"IOTHUB_CLIENT_CONFIRMATION_OK"
25272,10411826236,10411826278,1,"IOTHUB_CLIENT_CONFIRMATION_OK"
25273,10411826436,10411826498,1,"IOTHUB_CLIENT_CONFIRMATION_OK"
25274,10411826637,10411826729,1,"IOTHUB_CLIENT_CONFIRMATION_OK"
25275,10411826837,10411826943,1,"IOTHUB_CLIENT_CONFIRMATION_OK"
25276,10411827037,10411827071,1,"IOTHUB_CLIENT_CONFIRMATION_OK"
25277,10411827237,10411827350,1,"IOTHUB_CLIENT_CONFIRMATION_OK"
25278,10411827437,10411827477,1,"IOTHUB_CLIENT_CONFIRMATION_OK"
25279,10411827637,10411827678,1,"IOTHUB_CLIENT_CONFIRMATION_OK"
25280,10411827837,10411827877,1,"IOTHUB_CLIENT_CONFIRMATION_OK"
25281,10411828038,10411828080,1,"IOTHUB_CLIENT_CONFIRMATION_OK"
25282,10411828238,10411828275,1,"IOTHUB_CLIENT_CONFIRMATION_OK"
25283,10411828438,10411828491,1,"IOTHUB_CLIENT_CONFIRMATION_OK"
25284,10411828638,10411828751,1,"IOTHUB_CLIENT_CONFIRMATION_OK"
25285,10411828838,10411829001,1,"IOTHUB_CLIENT_CONFIRMATION_OK"
25286,10411829038,10411829080,1,"IOTHUB_CLIENT_CONFIRMATION_OK"
25287,10411829239,10411829280,1,"IOTHUB_CLIENT_CONFIRMATION_OK"
25288,10411829439,10411829626,1,"IOTHUB_CLIENT_CONFIRMATION_OK"
25289,10411829639,10411829678,1,"IOTHUB_CLIENT_CONFIRMATION_OK"
25290,10411829839,10411829882,1,"IOTHUB_CLIENT_CONFIRMATION_OK"
25291,10411830039,10411830081,1,"IOTHUB_CLIENT_CONFIRMATION_OK"
25292,10411830239,10411830283,1,"IOTHUB_CLIENT_CONFIRMATION_OK"
25293,10411830440,10411830484,1,"IOTHUB_CLIENT_CONFIRMATION_OK"
25294,10411830640,10411830681,1,"IOTHUB_CLIENT_CONFIRMATION_OK"
25295,10411830840,10411830887,1,"IOTHUB_CLIENT_CONFIRMATION_OK"
25296,10411831040,10411831082,1,"IOTHUB_CLIENT_CONFIRMATION_OK"
25297,10411831240,10411831276,1,"IOTHUB_CLIENT_CONFIRMATION_OK"
25298,10411831440,10411831478,1,"IOTHUB_CLIENT_CONFIRMATION_OK"
25299,10411831640,10411831855,1,"IOTHUB_CLIENT_CONFIRMATION_OK"
25300,10411831841,10411831897,1,"IOTHUB_CLIENT_CONFIRMATION_OK"
25301,10411832041,10411832083,1,"IOTHUB_CLIENT_CONFIRMATION_OK"
25302,10411832241,10411832282,1,"IOTHUB_CLIENT_CONFIRMATION_OK"
25303,10411832441,10411832479,1,"IOTHUB_CLIENT_CONFIRMATION_OK"
25304,10411832641,10411832692,1,"IOTHUB_CLIENT_CONFIRMATION_OK"
25305,10411832841,10411832887,1,"IOTHUB_CLIENT_CONFIRMATION_OK"
25306,10411833041,10411833083,1,"IOTHUB_CLIENT_CONFIRMATION_OK"
25307,10411833242,10411833276,1,"IOTHUB_CLIENT_CONFIRMATION_OK"
25308,10411833442,10411833476,1,"IOTHUB_CLIENT_CONFIRMATION_OK"
25309,10411833642,10411833709,1,"IOTHUB_CLIENT_CONFIRMATION_OK"
25310,10411833842,10411833897,1,"IOTHUB_CLIENT_CONFIRMATION_OK"
25311,10411834042,10411834099,1,"IOTHUB_CLIENT_CONFIRMATION_OK"
25312,10411834242,10411834321,1,"IOTHUB_CLIENT_CONFIRMATION_OK"
25313,10411834443,10411834537,1,"IOTHUB_CLIENT_CONFIRMATION_OK"
25314,10411834643,10411834680,1,"IOTHUB_CLIENT_CONFIRMATION_OK"
25315,10411834843,10411834897,1,"IOTHUB_CLIENT_CONFIRMATION_OK"
25316,10411835043,10411835146,1,"IOTHUB_CLIENT_CONFIRMATION_OK"
25317,10411835243,10411835286,1,"IOTHUB_CLIENT_CONFIRMATION_OK"
25318,10411835443,10411835485,1,"IOTHUB_CLIENT_CONFIRMATION_OK"
25319,10411835643,10411835783,1,"IOTHUB_CLIENT_CONFIRMATION_OK"
25320,10411835844,10411835887,1,"IOTHUB_CLIENT_CONFIRMATION_OK"
25321,10411836044,10411836079,1,"IOTHUB_CLIENT_CONFIRMATION_OK"
25322,10411836244,10411836296,1,"IOTHUB_CLIENT_CONFIRMATION_OK"
25323,10411836444,10411836486,1,"IOTHUB_CLIENT_CONFIRMATION_OK"
25324,10411836644,10411836688,1,"IOTHUB_CLIENT_CONFIRMATION_OK"
25325,10411836844,10411836911,1,"IOTHUB_CLIENT_CONFIRMATION_OK"
25326,10411837045,10411837099,1,"IOTHUB_CLIENT_CONFIRMATION_OK"
25327,10411837245,10411837392,1,"IOTHUB_CLIENT_CONFIRMATION_OK"
25328,10411837445,10411837483,1,"IOTHUB_CLIENT_CONFIRMATION_OK"
25329,10411837645,10411837685,1,"IOTHUB_CLIENT_CONFIRMATION_OK"
25330,10411837845,10411838011,1,"IOTHUB_CLIENT_CONFIRMATION_OK"
25331,10411838045,10411838093,1,"IOTHUB_CLIENT_CONFIRMATION_OK"
25332,10411838246,10411838284,1,"IOTHUB_CLIENT_CONFIRMATION_OK"
25333,10411838446,10411838490,1,"IOTHUB_CLIENT_CONFIRMATION_OK"
25334,10411838646,10411838736,1,"IOTHUB_CLIENT_CONFIRMATION_OK"
25335,10411838846,10411838898,1,"IOTHUB_CLIENT_CONFIRMATION_OK"
25336,10411839046,10411839089,1,"IOTHUB_CLIENT_CONFIRMATION_OK"
25337,10411839246,10411839291,1,"IOTHUB_CLIENT_CONFIRMATION_OK"
25338,10411839446,10411839642,1,"IOTHUB_CLIENT_CONFIRMATION_OK"
25339,10411839647,10411839686,1,"IOTHUB_CLIENT_CONFIRMATION_OK"
25340,10411839847,10411839887,1,"IOTHUB_CLIENT_CONFIRMATION_OK"
25341,10411840047,10411840262,1,"IOTHUB_CLIENT_CONFIRMATION_OK"
25342,10411840247,10411840286,1,"IOTHUB_CLIENT_CONFIRMATION_OK"
25343,10411840447,10411840492,1,"IOTHUB_CLIENT_CONFIRMATION_OK"
25344,10411840647,10411840701,1,"IOTHUB_CLIENT_CONFIRMATION_OK"
25345,10411840848,10411840898,1,"IOTHUB_CLIENT_CONFIRMATION_OK"
25346,10411841048,10411841090,1,"IOTHUB_CLIENT_CONFIRMATION_OK"
25347,10411841248,10411841296,1,"IOTHUB_CLIENT_CONFIRMATION_OK"
25348,10411841448,10411841508,1,"IOTHUB_CLIENT_CONFIRMATION_OK"
25349,10411841648,10411841707,1,"IOTHUB_CLIENT_CONFIRMATION_OK"
25350,10411841848,10411841887,1,"IOTHUB_CLIENT_CONFIRMATION_OK"
25351,10411842049,10411842090,1,"IOTHUB_CLIENT_CONFIRMATION_OK"
25352,10411842249,10411842291,1,"IOTHUB_CLIENT_CONFIRMATION_OK"
25353,10411842449,10411842490,1,"IOTHUB_CLIENT_CONFIRMATION_OK"
25354,10411842649,10411842699,1,"IOTHUB_CLIENT_CONFIRMATION_OK"
25355,10411842849,10411842892,1,"IOTHUB_CLIENT_CONFIRMATION_OK"
25356,10411843049,10411843112,1,"IOTHUB_CLIENT_CONFIRMATION_OK"
25357,10411843249,10411843371,1,"IOTHUB_CLIENT_CONFIRMATION_OK"
25358,10411843450,10411843507,1,"IOTHUB_CLIENT_CONFIRMATION_OK"
25359,10411843650,10411843688,1,"IOTHUB_CLIENT_CONFIRMATION_OK"
25360,10411843850,10411843892,1,"IOTHUB_CLIENT_CONFIRMATION_OK"
25361,10411844050,10411844111,1,"IOTHUB_CLIENT_CONFIRMATION_OK"
25362,10411844250,10411844299,1,"IOTHUB_CLIENT_CONFIRMATION_OK"
25363,10411844450,10411844489,1,"IOTHUB_CLIENT_CONFIRMATION_OK"
25364,10411844650,10411844741,1,"IOTHUB_CLIENT_CONFIRMATION_OK"
25365,10411844851,10411844896,1,"IOTHUB_CLIENT_CONFIRMATION_OK"
25366,10411845051,10411845092,1,"IOTHUB_CLIENT_CONFIRMATION_OK"
25367,10411845251,10411845302,1,"IOTHUB_CLIENT_CONFIRMATION_OK"
25368,10411845451,10411845490,1,"IOTHUB_CLIENT_CONFIRMATION_OK"
25369,10411845651,10411845846,1,"IOTHUB_CLIENT_CONFIRMATION_OK"
25370,10411845851,10411845893,1,"IOTHUB_CLIENT_CONFIRMATION_OK"
25371,10411846052,10411846101,1,"IOTHUB_CLIENT_CONFIRMATION_OK"
25372,10411846252,10411846301,1,"IOTHUB_CLIENT_CONFIRMATION_OK"
25373,10411846452,10411846520,1,"IOTHUB_CLIENT_CONFIRMATION_OK"
25374,10411846652,10411846689,1,"IOTHUB_CLIENT_CONFIRMATION_OK"
25375,10411846852,10411846888,1,"IOTHUB_CLIENT_CONFIRMATION_OK"
25376,10411847052,10411847093,1,"IOTHUB_CLIENT_CONFIRMATION_OK"
25377,10411847252,10411847325,1,"IOTHUB_CLIENT_CONFIRMATION_OK"
25378,10411847453,10411847501,1,"IOTHUB_CLIENT_CONFIRMATION_OK"
25379,10411847653,10411847691,1,"IOTHUB_CLIENT_CONFIRMATION_OK"
25380,10411847853,10411847912,1,"IOTHUB_CLIENT_CONFIRMATION_OK"
25381,10411848053,10411848099,1,"IOTHUB_CLIENT_CONFIRMATION_OK"
25382,10411848253,10411848291,1,"IOTHUB_CLIENT_CONFIRMATION_OK"
25383,10411848453,10411848494,1,"IOTHUB_CLIENT_CONFIRMATION_OK"
25384,10411848654,10411848719,1,"IOTHUB_CLIENT_CONFIRMATION_OK"
25385,10411848854,10411848909,1,"IOTHUB_CLIENT_CONFIRMATION_OK"
25386,10411849054,10411849109,1,"IOTHUB_CLIENT_CONFIRMATION_OK"
25387,10411849254,10411849297,1,"IOTHUB_CLIENT_CONFIRMATION_OK"
25388,10411849454,10411849499,1,"IOTHUB_CLIENT_CONFIRMATION_OK"
25389,10411849654,10411849724,1,"IOTHUB_CLIENT_CONFIRMATION_OK"
25390,10411849855,10411849898,1,"IOTHUB_CLIENT_CONFIRMATION_OK"
25391,10411850055,10411850094,1,"IOTHUB_CLIENT_CONFIRMATION_OK"
25392,10411850255,10411850334,1,"IOTHUB_CLIENT_CONFIRMATION_OK"
25393,10411850455,10411850502,1,"IOTHUB_CLIENT_CONFIRMATION_OK"
25394,10411850655,10411850695,1,"IOTHUB_CLIENT_CONFIRMATION_OK"
25395,10411850855,10411850909,1,"IOTHUB_CLIENT_CONFIRMATION_OK"
25396,10411851056,10411851096,1,"IOTHUB_CLIENT_CONFIRMATION_OK"
25397,10411851256,10411851381,1,"IOTHUB_CLIENT_CONFIRMATION_OK"
25398,10411851456,10411851493,1,"IOTHUB_CLIENT_CONFIRMATION_OK"
25399,10411851656,10411851706,1,"IOTHUB_CLIENT_CONFIRMATION_OK"
25400,10411851856,10411851984,1,"IOTHUB_CLIENT_CONFIRMATION_OK"
25401,10411852056,10411852103,1,"IOTHUB_CLIENT_CONFIRMATION_OK"
25402,10411852257,10411852303,1,"IOTHUB_CLIENT_CONFIRMATION_OK"
25403,10411852457,10411852580,1,"IOTHUB_CLIENT_CONFIRMATION_OK"
25404,10411852657,10411852695,1,"IOTHUB_CLIENT_CONFIRMATION_OK"
25405,10411852857,10411852901,1,"IOTHUB_CLIENT_CONFIRMATION_OK"
25406,10411853057,10411853112,1,"IOTHUB_CLIENT_CONFIRMATION_OK"
25407,10411853257,10411853294,1,"IOTHUB_CLIENT_CONFIRMATION_OK"
25408,10411853458,10411853512,1,"IOTHUB_CLIENT_CONFIRMATION_OK"
25409,10411853658,10411853694,1,"IOTHUB_CLIENT_CONFIRMATION_OK"
25410,10411853858,10411853900,1,"IOTHUB_CLIENT_CONFIRMATION_OK"
25411,10411854058,10411854097,1,"IOTHUB_CLIENT_CONFIRMATION_OK"
25412,10411854258,10411854316,1,"IOTHUB_CLIENT_CONFIRMATION_OK"
25413,10411854458,10411854516,1,"IOTHUB_CLIENT_CONFIRMATION_OK"
25414,10411854659,10411854818,1,"IOTHUB_CLIENT_CONFIRMATION_OK"
25415,10411854859,10411854899,1,"IOTHUB_CLIENT_CONFIRMATION_OK"
25416,10411855059,10411855111,1,"IOTHUB_CLIENT_CONFIRMATION_OK"
25417,10411855259,10411855299,1,"IOTHUB_CLIENT_CONFIRMATION_OK"
25418,10411855459,10411855533,1,"IOTHUB_CLIENT_CONFIRMATION_OK"
25419,10411855659,10411855697,1,"IOTHUB_CLIENT_CONFIRMATION_OK"
25420,10411855860,10411855913,1,"IOTHUB_CLIENT_CONFIRMATION_OK"
25421,10411856060,10411856114,1,"IOTHUB_CLIENT_CONFIRMATION_OK"
25422,10411856260,10411856302,1,"IOTHUB_CLIENT_CONFIRMATION_OK"
25423,10411856460,10411856500,1,"IOTHUB_CLIENT_CONFIRMATION_OK"
25424,10411856660,10411856726,1,"IOTHUB_CLIENT_CONFIRMATION_OK"
25425,10411856860,10411856907,1,"IOTHUB_CLIENT_CONFIRMATION_OK"
25426,10411857060,10411857213,1,"IOTHUB_CLIENT_CONFIRMATION_OK"
25427,10411857261,10411857301,1,"IOTHUB_CLIENT_CONFIRMATION_OK"
25428,10411857461,10411857670,1,"IOTHUB_CLIENT_CONFIRMATION_OK"
25429,10411857661,10411857703,1,"IOTHUB_CLIENT_CONFIRMATION_OK"
25430,10411857861,10411857950,1,"IOTHUB_CLIENT_CONFIRMATION_OK"
25431,10411858061,10411858100,1,"IOTHUB_CLIENT_CONFIRMATION_OK"
25432,10411858261,10411858306,1,"IOTHUB_CLIENT_CONFIRMATION_OK"
25433,10411858462,10411858499,1,"IOTHUB_CLIENT_CONFIRMATION_OK"
25434,10411858662,10411858700,1,"IOTHUB_CLIENT_CONFIRMATION_OK"
25435,10411858862,10411858908,1,"IOTHUB_CLIENT_CONFIRMATION_OK"
25436,10411859062,10411859100,1,"IOTHUB_CLIENT_CONFIRMATION_OK"
25437,10411859262,10411859297,1,"IOTHUB_CLIENT_CONFIRMATION_OK"
25438,10411859462,10411859521,1,"IOTHUB_CLIENT_CONFIRMATION_OK"
25439,10411859663,10411859709,1,"IOTHUB_CLIENT_CONFIRMATION_OK"
25440,10411859863,10411859908,1,"IOTHUB_CLIENT_CONFIRMATION_OK"
25441,10411860063,10411860119,1,"IOTHUB_CLIENT_CONFIRMATION_OK"
25442,10411860263,10411860306,1,"IOTHUB_CLIENT_CONFIRMATION_OK"
25443,10411860463,10411860506,1,"IOTHUB_CLIENT_CONFIRMATION_OK"
25444,10411860663,10411860707,1,"IOTHUB_CLIENT_CONFIRMATION_OK"
25445,10411860864,10411860919,1,"IOTHUB_CLIENT_CONFIRMATION_OK"
25446,10411861064,10411861100,1,"IOTHUB_CLIENT_CONFIRMATION_OK"
25447,10411861264,10411861299,1,"IOTHUB_CLIENT_CONFIRMATION_OK"
25448,10411861464,10411861575,1,"IOTHUB_CLIENT_CONFIRMATION_OK"
25449,10411861664,10411861728,1,"IOTHUB_CLIENT_CONFIRMATION_OK"
25450,10411861864,10411861904,1,"IOTHUB_CLIENT_CONFIRMATION_OK"
25451,10411862065,10411862145,1,"IOTHUB_CLIENT_CONFIRMATION_OK"
25452,10411862265,10411862362,1,"IOTHUB_CLIENT_CONFIRMATION_OK"
25453,10411862465,10411862507,1,"IOTHUB_CLIENT_CONFIRMATION_OK"
25454,10411862665,10411862703,1,"IOTHUB_CLIENT_CONFIRMATION_OK"
25455,10411862865,10411862905,1,"IOTHUB_CLIENT_CONFIRMATION_OK"
25456,10411863065,10411863211,1,"IOTHUB_CLIENT_CONFIRMATION_OK"
25457,10411863265,10411863305,1,"IOTHUB_CLIENT_CONFIRMATION_OK"
25458,10411863466,10411863516,1,"IOTHUB_CLIENT_CONFIRMATION_OK"
25459,10411863666,10411863795,1,"IOTHUB_CLIENT_CONFIRMATION_OK"
25460,10411863866,10411863906,1,"IOTHUB_CLIENT_CONFIRMATION_OK"
25461,10411864066,10411864104,1,"IOTHUB_CLIENT_CONFIRMATION_OK"
25462,10411864266,10411864327,1,"IOTHUB_CLIENT_CONFIRMATION_OK"
25463,10411864466,10411864510,1,"IOTHUB_CLIENT_CONFIRMATION_OK"
25464,10411864667,10411864717,1,"IOTHUB_CLIENT_CONFIRMATION_OK"
25465,10411864867,10411864918,1,"IOTHUB_CLIENT_CONFIRMATION_OK"
25466,10411865067,10411865105,1,"IOTHUB_CLIENT_CONFIRMATION_OK"
25467,10411865267,10411865308,1,"IOTHUB_CLIENT_CONFIRMATION_OK"
25468,10411865467,10411865504,1,"IOTHUB_CLIENT_CONFIRMATION_OK"
25469,10411865667,10411865715,1,"IOTHUB_CLIENT_CONFIRMATION_OK"
25470,10411865868,10411866050,1,"IOTHUB_CLIENT_CONFIRMATION_OK"
25471,10411866068,10411866118,1,"IOTHUB_CLIENT_CONFIRMATION_OK"
25472,10411866268,10411866322,1,"IOTHUB_CLIENT_CONFIRMATION_OK"
25473,10411866468,10411866532,1,"IOTHUB_CLIENT_CONFIRMATION_OK"
25474,10411866668,10411866735,1,"IOTHUB_CLIENT_CONFIRMATION_OK"
25475,10411866868,10411866916,1,"IOTHUB_CLIENT_CONFIRMATION_OK"
25476,10411867069,10411867106,1,"IOTHUB_CLIENT_CONFIRMATION_OK"
25477,10411867269,10411867328,1,"IOTHUB_CLIENT_CONFIRMATION_OK"
25478,10411867469,10411867557,1,"IOTHUB_CLIENT_CONFIRMATION_OK"
25479,10411867669,10411867714,1,"IOTHUB_CLIENT_CONFIRMATION_OK"
25480,10411867869,10411867910,1,"IOTHUB_CLIENT_CONFIRMATION_OK"
25481,10411868069,10411868118,1,"IOTHUB_CLIENT_CONFIRMATION_OK"
25482,10411868269,10411868343,1,"IOTHUB_CLIENT_CONFIRMATION_OK"
25483,10411868470,10411868515,1,"IOTHUB_CLIENT_CONFIRMATION_OK"
25484,10411868670,10411868719,1,"IOTHUB_CLIENT_CONFIRMATION_OK"
25485,10411868870,10411868926,1,"IOTHUB_CLIENT_CONFIRMATION_OK"
25486,10411869070,10411869115,1,"IOTHUB_CLIENT_CONFIRMATION_OK"
25487,10411869270,10411869328,1,"IOTHUB_CLIENT_CONFIRMATION_OK"
25488,10411869470,10411869508,1,"IOTHUB_CLIENT_CONFIRMATION_OK"
25489,10411869671,10411869714,1,"IOTHUB_CLIENT_CONFIRMATION_OK"
25490,10411869871,10411869944,1,"IOTHUB_CLIENT_CONFIRMATION_OK"
25491,10411870071,10411870114,1,"IOTHUB_CLIENT_CONFIRMATION_OK"
25492,10411870271,10411870324,1,"IOTHUB_CLIENT_CONFIRMATION_OK"
25493,10411870471,10411870543,1,"IOTHUB_CLIENT_CONFIRMATION_OK"
25494,10411870671,10411870742,1,"IOTHUB_CLIENT_CONFIRMATION_OK"
25495,10411870872,10411870911,1,"IOTHUB_CLIENT_CONFIRMATION_OK"
25496,10411871072,10411871115,1,"IOTHUB_CLIENT_CONFIRMATION_OK"
25497,10411871272,10411871308,1,"IOTHUB_CLIENT_CONFIRMATION_OK"
25498,10411871472,10411871551,1,"IOTHUB_CLIENT_CONFIRMATION_OK"
25499,10411871672,10411871712,1,"IOTHUB_CLIENT_CONFIRMATION_OK"
25500,10411871872,10411871910,1,"IOTHUB_CLIENT_CONFIRMATION_OK"
25501,10411872073,10411872198,1,"IOTHUB_CLIENT_CONFIRMATION_OK"
25502,10411872273,10411872323,1,"IOTHUB_CLIENT_CONFIRMATION_OK"
25503,10411872473,10411872512,1,"IOTHUB_CLIENT_CONFIRMATION_OK"
25504,10411872673,10411872778,1,"IOTHUB_CLIENT_CONFIRMATION_OK"
25505,10411872873,10411872924,1,"IOTHUB_CLIENT_CONFIRMATION_OK"
25506,10411873073,10411873112,1,"IOTHUB_CLIENT_CONFIRMATION_OK"
25507,10411873274,10411873314,1,"IOTHUB_CLIENT_CONFIRMATION_OK"
25508,10411873474,10411873509,1,"IOTHUB_CLIENT_CONFIRMATION_OK"
25509,10411873674,10411873732,1,"IOTHUB_CLIENT_CONFIRMATION_OK"
25510,10411873874,10411873919,1,"IOTHUB_CLIENT_CONFIRMATION_OK"
25511,10411874074,10411874121,1,"IOTHUB_CLIENT_CONFIRMATION_OK"
25512,10411874274,10411874316,1,"IOTHUB_CLIENT_CONFIRMATION_OK"
25513,10411874475,10411874517,1,"IOTHUB_CLIENT_CONFIRMATION_OK"
25514,10411874675,10411874720,1,"IOTHUB_CLIENT_CONFIRMATION_OK"
25515,10411874875,10411874935,1,"IOTHUB_CLIENT_CONFIRMATION_OK"
25516,10411875075,10411875120,1,"IOTHUB_CLIENT_CONFIRMATION_OK"
25517,10411875275,10411875328,1,"IOTHUB_CLIENT_CONFIRMATION_OK"
25518,10411875475,10411875544,1,"IOTHUB_CLIENT_CONFIRMATION_OK"
25519,10411875676,10411875715,1,"IOTHUB_CLIENT_CONFIRMATION_OK"
25520,10411875876,10411875915,1,"IOTHUB_CLIENT_CONFIRMATION_OK"
25521,10411876076,10411876162,1,"IOTHUB_CLIENT_CONFIRMATION_OK"
25522,10411876276,10411876378,1,"IOTHUB_CLIENT_CONFIRMATION_OK"
25523,10411876476,10411876514,1,"IOTHUB_CLIENT_CONFIRMATION_OK"
25524,10411876676,10411876722,1,"IOTHUB_CLIENT_CONFIRMATION_OK"
25525,10411876876,10411876913,1,"IOTHUB_CLIENT_CONFIRMATION_OK"
25526,10411877077,10411877213,1,"IOTHUB_CLIENT_CONFIRMATION_OK"
25527,10411877277,10411877314,1,"IOTHUB_CLIENT_CONFIRMATION_OK"
25528,10411877477,10411877522,1,"IOTHUB_CLIENT_CONFIRMATION_OK"
25529,10411877677,10411877858,1,"IOTHUB_CLIENT_CONFIRMATION_OK"
25530,10411877877,10411877918,1,"IOTHUB_CLIENT_CONFIRMATION_OK"
25531,10411878077,10411878119,1,"IOTHUB_CLIENT_CONFIRMATION_OK"
25532,10411878278,10411878351,1,"IOTHUB_CLIENT_CONFIRMATION_OK"
25533,10411878478,10411878542,1,"IOTHUB_CLIENT_CONFIRMATION_OK"
25534,10411878678,10411878721,1,"IOTHUB_CLIENT_CONFIRMATION_OK"
25535,10411878878,10411878933,1,"IOTHUB_CLIENT_CONFIRMATION_OK"
25536,10411879078,10411879115,1,"IOTHUB_CLIENT_CONFIRMATION_OK"
25537,10411879278,10411879349,1,"IOTHUB_CLIENT_CONFIRMATION_OK"
25538,10411879479,10411879527,1,"IOTHUB_CLIENT_CONFIRMATION_OK"
25539,10411879679,10411879718,1,"IOTHUB_CLIENT_CONFIRMATION_OK"
25540,10411879879,10411880086,1,"IOTHUB_CLIENT_CONFIRMATION_OK"
25541,10411880079,10411880120,1,"IOTHUB_CLIENT_CONFIRMATION_OK"
25542,10411880279,10411880321,1,"IOTHUB_CLIENT_CONFIRMATION_OK"
25543,10411880479,10411880523,1,"IOTHUB_CLIENT_CONFIRMATION_OK"
25544,10411880680,10411880715,1,"IOTHUB_CLIENT_CONFIRMATION_OK"
25545,10411880880,10411880922,1,"IOTHUB_CLIENT_CONFIRMATION_OK"
25546,10411881080,10411881128,1,"IOTHUB_CLIENT_CONFIRMATION_OK"
25547,10411881280,10411881345,1,"IOTHUB_CLIENT_CONFIRMATION_OK"
25548,10411881480,10411881533,1,"IOTHUB_CLIENT_CONFIRMATION_OK"
25549,10411881680,10411881722,1,"IOTHUB_CLIENT_CONFIRMATION_OK"
25550,10411881881,10411881917,1,"IOTHUB_CLIENT_CONFIRMATION_OK"
25551,10411882081,10411882123,1,"IOTHUB_CLIENT_CONFIRMATION_OK"
25552,10411882281,10411882342,1,"IOTHUB_CLIENT_CONFIRMATION_OK"
25553,10411882481,10411882517,1,"IOTHUB_CLIENT_CONFIRMATION_OK"
25554,10411882681,10411882717,1,"IOTHUB_CLIENT_CONFIRMATION_OK"
25555,10411882881,10411883040,1,"IOTHUB_CLIENT_CONFIRMATION_OK"
25556,10411883082,10411883131,1,"IOTHUB_CLIENT_CONFIRMATION_OK"
25557,10411883282,10411883459,1,"IOTHUB_CLIENT_CONFIRMATION_OK"
25558,10411883482,10411883525,1,"IOTHUB_CLIENT_CONFIRMATION_OK"
25559,10411883682,10411883718,1,"IOTHUB_CLIENT_CONFIRMATION_OK"
25560,10411883882,10411883922,1,"IOTHUB_CLIENT_CONFIRMATION_OK"
25561,10411884082,10411884122,1,"IOTHUB_CLIENT_CONFIRMATION_OK"
25562,10411884283,10411884338,1,"IOTHUB_CLIENT_CONFIRMATION_OK"
25563,10411884483,10411884518,1,"IOTHUB_CLIENT_CONFIRMATION_OK"
25564,10411884683,10411884726,1,"IOTHUB_CLIENT_CONFIRMATION_OK"
25565,10411884883,10411884928,1,"IOTHUB_CLIENT_CONFIRMATION_OK"
25566,10411885083,10411885132,1,"IOTHUB_CLIENT_CONFIRMATION_OK"
25567,10411885283,10411885319,1,"IOTHUB_CLIENT_CONFIRMATION_OK"
25568,10411885484,10411885520,1,"IOTHUB_CLIENT_CONFIRMATION_OK"
25569,10411885684,10411885727,1,"IOTHUB_CLIENT_CONFIRMATION_OK"
25570,10411885884,10411885919,1,"IOTHUB_CLIENT_CONFIRMATION_OK"
25571,10411886084,10411886134,1,"IOTHUB_CLIENT_CONFIRMATION_OK"
25572,10411886284,10411886378,1,"IOTHUB_CLIENT_CONFIRMATION_OK"
25573,10411886484,10411886528,1,"IOTHUB_CLIENT_CONFIRMATION_OK"
25574,10411886685,10411886747,1,"IOTHUB_CLIENT_CONFIRMATION_OK"
25575,10411886885,10411886934,1,"IOTHUB_CLIENT_CONFIRMATION_OK"
25576,10411887085,10411887133,1,"IOTHUB_CLIENT_CONFIRMATION_OK"
25577,10411887285,10411887369,1,"IOTHUB_CLIENT_CONFIRMATION_OK"
25578,10411887485,10411887529,1,"IOTHUB_CLIENT_CONFIRMATION_OK"
25579,10411887685,10411887735,1,"IOTHUB_CLIENT_CONFIRMATION_OK"
25580,10411887886,10411887980,1,"IOTHUB_CLIENT_CONFIRMATION_OK"
25581,10411888086,10411888134,1,"IOTHUB_CLIENT_CONFIRMATION_OK"
25582,10411888286,10411888339,1,"IOTHUB_CLIENT_CONFIRMATION_OK"
25583,10411888486,10411888527,1,"IOTHUB_CLIENT_CONFIRMATION_OK"
25584,10411888686,10411888726,1,"IOTHUB_CLIENT_CONFIRMATION_OK"
25585,10411888886,10411888996,1,"IOTHUB_CLIENT_CONFIRMATION_OK"
25586,10411889086,10411889124,1,"IOTHUB_CLIENT_CONFIRMATION_OK"
25587,10411889287,10411889326,1,"IOTHUB_CLIENT_CONFIRMATION_OK"
25588,10411889487,10411889623,1,"IOTHUB_CLIENT_CONFIRMATION_OK"
25589,10411889687,10411889726,1,"IOTHUB_CLIENT_CONFIRMATION_OK"
25590,10411889887,10411890014,1,"IOTHUB_CLIENT_CONFIRMATION_OK"
25591,10411890087,10411890241,1,"IOTHUB_CLIENT_CONFIRMATION_OK"
25592,10411890288,10411890338,1,"IOTHUB_CLIENT_CONFIRMATION_OK"
25593,10411890488,10411890523,1,"IOTHUB_CLIENT_CONFIRMATION_OK"
25594,10411890688,10411890729,1,"IOTHUB_CLIENT_CONFIRMATION_OK"
25595,10411890888,10411890933,1,"IOTHUB_CLIENT_CONFIRMATION_OK"
25596,10411891088,10411891132,1,"IOTHUB_CLIENT_CONFIRMATION_OK"
25597,10411891288,10411891340,1,"IOTHUB_CLIENT_CONFIRMATION_OK"
25598,10411891489,10411891532,1,"IOTHUB_CLIENT_CONFIRMATION_OK"
25599,10411891689,10411891887,1,"IOTHUB_CLIENT_CONFIRMATION_OK"
25600,10411891889,10411891939,1,"IOTHUB_CLIENT_CONFIRMATION_OK"
25601,10411892089,10411892183,1,"IOTHUB_CLIENT_CONFIRMATION_OK"
25602,10411892289,10411892500,1,"IOTHUB_CLIENT_CONFIRMATION_OK"
25603,10411892489,10411892544,1,"IOTHUB_CLIENT_CONFIRMATION_OK"
25604,10411892690,10411892740,1,"IOTHUB_CLIENT_CONFIRMATION_OK"
25605,10411892890,10411892931,1,"IOTHUB_CLIENT_CONFIRMATION_OK"
25606,10411893090,10411893132,1,"IOTHUB_CLIENT_CONFIRMATION_OK"
25607,10411893290,10411893329,1,"IOTHUB_CLIENT_CONFIRMATION_OK"
25608,10411893490,10411893535,1,"IOTHUB_CLIENT_CONFIRMATION_OK"
25609,10411893690,10411893734,1,"IOTHUB_CLIENT_CONFIRMATION_OK"
25610,10411893890,10411893929,1,"IOTHUB_CLIENT_CONFIRMATION_OK"
25611,10411894091,10411894125,1,"IOTHUB_CLIENT_CONFIRMATION_OK"
25612,10411894291,10411894337,1,"IOTHUB_CLIENT_CONFIRMATION_OK"
25613,10411894491,10411894540,1,"IOTHUB_CLIENT_CONFIRMATION_OK"
25614,10411894691,10411894739,1,"IOTHUB_CLIENT_CONFIRMATION_OK"
25615,10411894891,10411894951,1,"IOTHUB_CLIENT_CONFIRMATION_OK"
25616,10411895091,10411895189,1,"IOTHUB_CLIENT_CONFIRMATION_OK"
25617,10411895292,10411895331,1,"IOTHUB_CLIENT_CONFIRMATION_OK"
25618,10411895492,10411895534,1,"IOTHUB_CLIENT_CONFIRMATION_OK"
25619,10411895692,10411895781,1,"IOTHUB_CLIENT_CONFIRMATION_OK"
25620,10411895892,10411895936,1,"IOTHUB_CLIENT_CONFIRMATION_OK"
25621,10411896092,10411896141,1,"IOTHUB_CLIENT_CONFIRMATION_OK"
25622,10411896292,10411896332,1,"IOTHUB_CLIENT_CONFIRMATION_OK"
25623,10411896492,10411896657,1,"IOTHUB_CLIENT_CONFIRMATION_OK"
25624,10411896693,10411896732,1,"IOTHUB_CLIENT_CONFIRMATION_OK"
25625,10411896893,10411896935,1,"IOTHUB_CLIENT_CONFIRMATION_OK"
25626,10411897093,10411897144,1,"IOTHUB_CLIENT_CONFIRMATION_OK"
25627,10411897293,10411897489,1,"IOTHUB_CLIENT_CONFIRMATION_OK"
25628,10411897493,10411897531,1,"IOTHUB_CLIENT_CONFIRMATION_OK"
25629,10411897693,10411897737,1,"IOTHUB_CLIENT_CONFIRMATION_OK"
25630,10411897894,10411897946,1,"IOTHUB_CLIENT_CONFIRMATION_OK"
25631,10411898094,10411898143,1,"IOTHUB_CLIENT_CONFIRMATION_OK"
25632,10411898294,10411898327,1,"IOTHUB_CLIENT_CONFIRMATION_OK"
25633,10411898494,10411898558,1,"IOTHUB_CLIENT_CONFIRMATION_OK"
25634,10411898694,10411898740,1,"IOTHUB_CLIENT_CONFIRMATION_OK"
25635,10411898894,10411898930,1,"IOTHUB_CLIENT_CONFIRMATION_OK"
25636,10411899095,10411899141,1,"IOTHUB_CLIENT_CONFIRMATION_OK"
25637,10411899295,10411899374,1,"IOTHUB_CLIENT_CONFIRMATION_OK"
25638,10411899495,10411899527,1,"IOTHUB_CLIENT_CONFIRMATION_OK"
25639,10411899695,10411899776,1,"IOTHUB_CLIENT_CONFIRMATION_OK"
25640,10411899895,10411899933,1,"IOTHUB_CLIENT_CONFIRMATION_OK"
25641,10411900095,10411900200,1,"IOTHUB_CLIENT_CONFIRMATION_OK"
25642,10411900296,10411900336,1,"IOTHUB_CLIENT_CONFIRMATION_OK"
25643,10411900496,10411900536,1,"IOTHUB_CLIENT_CONFIRMATION_OK"
25644,10411900696,10411900820,1,"IOTHUB_CLIENT_CONFIRMATION_OK"
25645,10411900896,10411900935,1,"IOTHUB_CLIENT_CONFIRMATION_OK"
25646,10411901096,10411901161,1,"IOTHUB_CLIENT_CONFIRMATION_OK"
25647,10411901296,10411901428,1,"IOTHUB_CLIENT_CONFIRMATION_OK"
25648,10411901497,10411901534,1,"IOTHUB_CLIENT_CONFIRMATION_OK"
25649,10411901697,10411901758,1,"IOTHUB_CLIENT_CONFIRMATION_OK"
25650,10411901897,10411901957,1,"IOTHUB_CLIENT_CONFIRMATION_OK"
25651,10411902097,10411902153,1,"IOTHUB_CLIENT_CONFIRMATION_OK"
25652,10411902297,10411902335,1,"IOTHUB_CLIENT_CONFIRMATION_OK"
25653,10411902497,10411902531,1,"IOTHUB_CLIENT_CONFIRMATION_OK"
25654,10411902698,10411902770,1,"IOTHUB_CLIENT_CONFIRMATION_OK"
25655,10411902898,10411903043,1,"IOTHUB_CLIENT_CONFIRMATION_OK"
25656,10411903098,10411903146,1,"IOTHUB_CLIENT_CONFIRMATION_OK"
25657,10411903298,10411903334,1,"IOTHUB_CLIENT_CONFIRMATION_OK"
25658,10411903498,10411903675,1,"IOTHUB_CLIENT_CONFIRMATION_OK"
25659,10411903698,10411903736,1,"IOTHUB_CLIENT_CONFIRMATION_OK"
25660,10411903899,10411903942,1,"IOTHUB_CLIENT_CONFIRMATION_OK"
25661,10411904099,10411904150,1,"IOTHUB_CLIENT_CONFIRMATION_OK"
25662,10411904299,10411904341,1,"IOTHUB_CLIENT_CONFIRMATION_OK"
25663,10411904499,10411904544,1,"IOTHUB_CLIENT_CONFIRMATION_OK"
25664,10411904699,10411904741,1,"IOTHUB_CLIENT_CONFIRMATION_OK"
25665,10411904899,10411904936,1,"IOTHUB_CLIENT_CONFIRMATION_OK"
25666,10411905100,10411905145,1,"IOTHUB_CLIENT_CONFIRMATION_OK"
25667,10411905300,10411905357,1,"IOTHUB_CLIENT_CONFIRMATION_OK"
25668,10411905500,10411905540,1,"IOTHUB_CLIENT_CONFIRMATION_OK"
25669,10411905700,10411905752,1,"IOTHUB_CLIENT_CONFIRMATION_OK"
25670,10411905900,10411905937,1,"IOTHUB_CLIENT_CONFIRMATION_OK"
25671,10411906100,10411906149,1,"IOTHUB_CLIENT_CONFIRMATION_OK"
25672,10411906300,10411906378,1,"IOTHUB_CLIENT_CONFIRMATION_OK"
25673,10411906501,10411906547,1,"IOTHUB_CLIENT_CONFIRMATION_OK"
25674,10411906701,10411906741,1,"IOTHUB_CLIENT_CONFIRMATION_OK"
25675,10411906901,10411906950,1,"IOTHUB_CLIENT_CONFIRMATION_OK"
25676,10411907101,10411907142,1,"IOTHUB_CLIENT_CONFIRMATION_OK"
25677,10411907301,10411907368,1,"IOTHUB_CLIENT_CONFIRMATION_OK"
25678,10411907501,10411907566,1,"IOTHUB_CLIENT_CONFIRMATION_OK"
25679,10411907702,10411907743,1,"IOTHUB_CLIENT_CONFIRMATION_OK"
25680,10411907902,10411907959,1,"IOTHUB_CLIENT_CONFIRMATION_OK"
25681,10411908102,10411908150,1,"IOTHUB_CLIENT_CONFIRMATION_OK"
25682,10411908302,10411908360,1,"IOTHUB_CLIENT_CONFIRMATION_OK"
25683,10411908502,10411908575,1,"IOTHUB_CLIENT_CONFIRMATION_OK"
25684,10411908702,10411908756,1,"IOTHUB_CLIENT_CONFIRMATION_OK"
25685,10411908903,10411908937,1,"IOTHUB_CLIENT_CONFIRMATION_OK"
25686,10411909103,10411909188,1,"IOTHUB_CLIENT_CONFIRMATION_OK"
25687,10411909303,10411909353,1,"IOTHUB_CLIENT_CONFIRMATION_OK"
25688,10411909503,10411909544,1,"IOTHUB_CLIENT_CONFIRMATION_OK"
25689,10411909703,10411909813,1,"IOTHUB_CLIENT_CONFIRMATION_OK"
25690,10411909903,10411909956,1,"IOTHUB_CLIENT_CONFIRMATION_OK"
25691,10411910104,10411910155,1,"IOTHUB_CLIENT_CONFIRMATION_OK"
25692,10411910304,10411910348,1,"IOTHUB_CLIENT_CONFIRMATION_OK"
25693,10411910504,10411910553,1,"IOTHUB_CLIENT_CONFIRMATION_OK"
25694,10411910704,10411910747,1,"IOTHUB_CLIENT_CONFIRMATION_OK"
25695,10411910904,10411910945,1,"IOTHUB_CLIENT_CONFIRMATION_OK"
25696,10411911104,10411911147,1,"IOTHUB_CLIENT_CONFIRMATION_OK"
25697,10411911305,10411911434,1,"IOTHUB_CLIENT_CONFIRMATION_OK"
25698,10411911505,10411911544,1,"IOTHUB_CLIENT_CONFIRMATION_OK"
25699,10411911705,10411911790,1,"IOTHUB_CLIENT_CONFIRMATION_OK"
25700,10411911905,10411912068,1,"IOTHUB_CLIENT_CONFIRMATION_OK"
25701,10411912105,10411912159,1,"IOTHUB_CLIENT_CONFIRMATION_OK"
25702,10411912305,10411912352,1,"IOTHUB_CLIENT_CONFIRMATION_OK"
25703,10411912506,10411912658,1,"IOTHUB_CLIENT_CONFIRMATION_OK"
25704,10411912706,10411912748,1,"IOTHUB_CLIENT_CONFIRMATION_OK"
25705,10411912906,10411912954,1,"IOTHUB_CLIENT_CONFIRMATION_OK"
25706,10411913106,10411913158,1,"IOTHUB_CLIENT_CONFIRMATION_OK"
25707,10411913306,10411913344,1,"IOTHUB_CLIENT_CONFIRMATION_OK"
25708,10411913506,10411913542,1,"IOTHUB_CLIENT_CONFIRMATION_OK"
25709,10411913707,10411913750,1,"IOTHUB_CLIENT_CONFIRMATION_OK"
25710,10411913907,10411913952,1,"IOTHUB_CLIENT_CONFIRMATION_OK"
25711,10411914107,10411914147,1,"IOTHUB_CLIENT_CONFIRMATION_OK"
25712,10411914307,10411914342,1,"IOTHUB_CLIENT_CONFIRMATION_OK"
25713,10411914507,10411914544,1,"IOTHUB_CLIENT_CONFIRMATION_OK"
25714,10411914707,10411914890,1,"IOTHUB_CLIENT_CONFIRMATION_OK"
25715,10411914907,10411914951,1,"IOTHUB_CLIENT_CONFIRMATION_OK"
25716,10411915108,10411915147,1,"IOTHUB_CLIENT_CONFIRMATION_OK"
25717,10411915308,10411915343,1,"IOTHUB_CLIENT_CONFIRMATION_OK"
25718,10411915508,10411915564,1,"IOTHUB_CLIENT_CONFIRMATION_OK"
25719,10411915708,10411915777,1,"IOTHUB_CLIENT_CONFIRMATION_OK"
25720,10411915908,10411915969,1,"IOTHUB_CLIENT_CONFIRMATION_OK"
25721,10411916108,10411916193,1,"IOTHUB_CLIENT_CONFIRMATION_OK"
25722,10411916309,10411916344,1,"IOTHUB_CLIENT_CONFIRMATION_OK"
25723,10411916509,10411916547,1,"IOTHUB_CLIENT_CONFIRMATION_OK"
25724,10411916709,10411916755,1,"IOTHUB_CLIENT_CONFIRMATION_OK"
25725,10411916909,10411916944,1,"IOTHUB_CLIENT_CONFIRMATION_OK"
25726,10411917109,10411917188,1,"IOTHUB_CLIENT_CONFIRMATION_OK"
25727,10411917309,10411917346,1,"IOTHUB_CLIENT_CONFIRMATION_OK"
25728,10411917510,10411917614,1,"IOTHUB_CLIENT_CONFIRMATION_OK"
25729,10411917710,10411917765,1,"IOTHUB_CLIENT_CONFIRMATION_OK"
25730,10411917910,10411917949,1,"IOTHUB_CLIENT_CONFIRMATION_OK"
25731,10411918110,10411918268,1,"IOTHUB_CLIENT_CONFIRMATION_OK"
25732,10411918310,10411918350,1,"IOTHUB_CLIENT_CONFIRMATION_OK"
25733,10411918510,10411918559,1,"IOTHUB_CLIENT_CONFIRMATION_OK"
25734,10411918711,10411918773,1,"IOTHUB_CLIENT_CONFIRMATION_OK"
25735,10411918911,10411918987,1,"IOTHUB_CLIENT_CONFIRMATION_OK"
25736,10411919111,10411919162,1,"IOTHUB_CLIENT_CONFIRMATION_OK"
25737,10411919311,10411919352,1,"IOTHUB_CLIENT_CONFIRMATION_OK"
25738,10411919511,10411919548,1,"IOTHUB_CLIENT_CONFIRMATION_OK"
25739,10411919711,10411919756,1,"IOTHUB_CLIENT_CONFIRMATION_OK"
25740,10411919912,10411919953,1,"IOTHUB_CLIENT_CONFIRMATION_OK"
25741,10411920112,10411920147,1,"IOTHUB_CLIENT_CONFIRMATION_OK"
25742,10411920312,10411920482,1,"IOTHUB_CLIENT_CONFIRMATION_OK"
25743,10411920512,10411920547,1,"IOTHUB_CLIENT_CONFIRMATION_OK"
25744,10411920712,10411920761,1,"IOTHUB_CLIENT_CONFIRMATION_OK"
25745,10411920912,10411921097,1,"IOTHUB_CLIENT_CONFIRMATION_OK"
25746,10411921112,10411921147,1,"IOTHUB_CLIENT_CONFIRMATION_OK"
25747,10411921313,10411921348,1,"IOTHUB_CLIENT_CONFIRMATION_OK"
25748,10411921513,10411921720,1,"IOTHUB_CLIENT_CONFIRMATION_OK"
25749,10411921713,10411921762,1,"IOTHUB_CLIENT_CONFIRMATION_OK"
25750,10411921913,10411921957,1,"IOTHUB_CLIENT_CONFIRMATION_OK"
25751,10411922113,10411922162,1,"IOTHUB_CLIENT_CONFIRMATION_OK"
25752,10411922313,10411922359,1,"IOTHUB_CLIENT_CONFIRMATION_OK"
25753,10411922514,10411922590,1,"IOTHUB_CLIENT_CONFIRMATION_OK"
25754,10411922714,10411922751,1,"IOTHUB_CLIENT_CONFIRMATION_OK"
25755,10411922914,10411922980,1,"IOTHUB_CLIENT_CONFIRMATION_OK"
25756,10411923114,10411923187,1,"IOTHUB_CLIENT_CONFIRMATION_OK"
25757,10411923314,10411923370,1,"IOTHUB_CLIENT_CONFIRMATION_OK"
25758,10411923514,10411923552,1,"IOTHUB_CLIENT_CONFIRMATION_OK"
25759,10411923715,10411923749,1,"IOTHUB_CLIENT_CONFIRMATION_OK"
25760,10411923915,10411923958,1,"IOTHUB_CLIENT_CONFIRMATION_OK"
25761,10411924115,10411924155,1,"IOTHUB_CLIENT_CONFIRMATION_OK"
25762,10411924315,10411924384,1,"IOTHUB_CLIENT_CONFIRMATION_OK"
25763,10411924515,10411924584,1,"IOTHUB_CLIENT_CONFIRMATION_OK"
25764,10411924715,10411924759,1,"IOTHUB_CLIENT_CONFIRMATION_OK"
25765,10411924916,10411924975,1,"IOTHUB_CLIENT_CONFIRMATION_OK"
25766,10411925116,10411925173,1,"IOTHUB_CLIENT_CONFIRMATION_OK"
25767,10411925316,10411925383,1,"IOTHUB_CLIENT_CONFIRMATION_OK"
25768,10411925516,10411925562,1,"IOTHUB_CLIENT_CONFIRMATION_OK"
25769,10411925716,10411925753,1,"IOTHUB_CLIENT_CONFIRMATION_OK"
25770,10411925916,10411925985,1,"IOTHUB_CLIENT_CONFIRMATION_OK"
25771,10411926117,10411926154,1,"IOTHUB_CLIENT_CONFIRMATION_OK"
25772,10411926317,10411926364,1,"IOTHUB_CLIENT_CONFIRMATION_OK"
25773,10411926517,10411926620,1,"IOTHUB_CLIENT_CONFIRMATION_OK"
25774,10411926717,10411926760,1,"IOTHUB_CLIENT_CONFIRMATION_OK"
25775,10411926917,10411926965,1,"IOTHUB_CLIENT_CONFIRMATION_OK"
25776,10411927117,10411927222,1,"IOTHUB_CLIENT_CONFIRMATION_OK"
25777,10411927318,10411927352,1,"IOTHUB_CLIENT_CONFIRMATION_OK"
25778,10411927518,10411927585,1,"IOTHUB_CLIENT_CONFIRMATION_OK"
25779,10411927718,10411927843,1,"IOTHUB_CLIENT_CONFIRMATION_OK"
25780,10411927918,10411927989,1,"IOTHUB_CLIENT_CONFIRMATION_OK"
25781,10411928118,10411928160,1,"IOTHUB_CLIENT_CONFIRMATION_OK"
25782,10411928318,10411928394,1,"IOTHUB_CLIENT_CONFIRMATION_OK"
25783,10411928519,10411928559,1,"IOTHUB_CLIENT_CONFIRMATION_OK"
25784,10411928719,10411928853,1,"IOTHUB_CLIENT_CONFIRMATION_OK"
25785,10411928919,10411928979,1,"IOTHUB_CLIENT_CONFIRMATION_OK"
25786,10411929119,10411929157,1,"IOTHUB_CLIENT_CONFIRMATION_OK"
25787,10411929319,10411929456,1,"IOTHUB_CLIENT_CONFIRMATION_OK"
25788,10411929519,10411929559,1,"IOTHUB_CLIENT_CONFIRMATION_OK"
25789,10411929720,10411929756,1,"IOTHUB_CLIENT_CONFIRMATION_OK"
25790,10411929920,10411929960,1,"IOTHUB_CLIENT_CONFIRMATION_OK"
25791,10411930120,10411930155,1,"IOTHUB_CLIENT_CONFIRMATION_OK"
25792,10411930320,10411930364,1,"IOTHUB_CLIENT_CONFIRMATION_OK"
25793,10411930520,10411930563,1,"IOTHUB_CLIENT_CONFIRMATION_OK"
25794,10411930720,10411930762,1,"IOTHUB_CLIENT_CONFIRMATION_OK"
25795,10411930921,10411930959,1,"IOTHUB_CLIENT_CONFIRMATION_OK"
25796,10411931121,10411931163,1,"IOTHUB_CLIENT_CONFIRMATION_OK"
25797,10411931321,10411931364,1,"IOTHUB_CLIENT_CONFIRMATION_OK"
25798,10411931521,10411931689,1,"IOTHUB_CLIENT_CONFIRMATION_OK"
25799,10411931721,10411931762,1,"IOTHUB_CLIENT_CONFIRMATION_OK"
25800,10411931921,10411931961,1,"IOTHUB_CLIENT_CONFIRMATION_OK"
25801,10411932122,10411932158,1,"IOTHUB_CLIENT_CONFIRMATION_OK"
25802,10411932322,10411932367,1,"IOTHUB_CLIENT_CONFIRMATION_OK"
25803,10411932522,10411932565,1,"IOTHUB_CLIENT_CONFIRMATION_OK"
25804,10411932722,10411932778,1,"IOTHUB_CLIENT_CONFIRMATION_OK"
25805,10411932922,10411933046,1,"IOTHUB_CLIENT_CONFIRMATION_OK"
25806,10411933122,10411933163,1,"IOTHUB_CLIENT_CONFIRMATION_OK"
25807,10411933322,10411933383,1,"IOTHUB_CLIENT_CONFIRMATION_OK"
25808,10411933523,10411933576,1,"IOTHUB_CLIENT_CONFIRMATION_OK"
25809,10411933723,10411933764,1,"IOTHUB_CLIENT_CONFIRMATION_OK"
25810,10411933923,10411933969,1,"IOTHUB_CLIENT_CONFIRMATION_OK"
25811,10411934123,10411934156,1,"IOTHUB_CLIENT_CONFIRMATION_OK"
25812,10411934323,10411934535,1,"IOTHUB_CLIENT_CONFIRMATION_OK"
25813,10411934523,10411934569,1,"IOTHUB_CLIENT_CONFIRMATION_OK"
25814,10411934724,10411934788,1,"IOTHUB_CLIENT_CONFIRMATION_OK"
25815,10411934924,10411934969,1,"IOTHUB_CLIENT_CONFIRMATION_OK"
25816,10411935124,10411935163,1,"IOTHUB_CLIENT_CONFIRMATION_OK"
25817,10411935324,10411935363,1,"IOTHUB_CLIENT_CONFIRMATION_OK"
25818,10411935524,10411935564,1,"IOTHUB_CLIENT_CONFIRMATION_OK"
25819,10411935724,10411935764,1,"IOTHUB_CLIENT_CONFIRMATION_OK"
25820,10411935925,10411935983,1,"IOTHUB_CLIENT_CONFIRMATION_OK"
25821,10411936125,10411936201,1,"IOTHUB_CLIENT_CONFIRMATION_OK"
25822,10411936325,10411936363,1,"IOTHUB_CLIENT_CONFIRMATION_OK"
25823,10411936525,10411936563,1,"IOTHUB_CLIENT_CONFIRMATION_OK"
25824,10411936725,10411936766,1,"IOTHUB_CLIENT_CONFIRMATION_OK"
25825,10411936925,10411936969,1,"IOTHUB_CLIENT_CONFIRMATION_OK"
25826,10411937125,10411937193,1,"IOTHUB_CLIENT_CONFIRMATION_OK"
25827,10411937326,10411937367,1,"IOTHUB_CLIENT_CONFIRMATION_OK"
25828,10411937526,10411937577,1,"IOTHUB_CLIENT_CONFIRMATION_OK"
25829,10411937726,10411937827,1,"IOTHUB_CLIENT_CONFIRMATION_OK"
25830,10411937926,10411937974,1,"IOTHUB_CLIENT_CONFIRMATION_OK"
25831,10411938126,10411938161,1,"IOTHUB_CLIENT_CONFIRMATION_OK"
25832,10411938327,10411938465,1,"IOTHUB_CLIENT_CONFIRMATION_OK"
25833,10411938527,10411938562,1,"IOTHUB_CLIENT_CONFIRMATION_OK"
25834,10411938727,10411938781,1,"IOTHUB_CLIENT_CONFIRMATION_OK"
25835,10411938927,10411938971,1,"IOTHUB_CLIENT_CONFIRMATION_OK"
25836,10411939127,10411939166,1,"IOTHUB_CLIENT_CONFIRMATION_OK"
25837,10411939327,10411939376,1,"IOTHUB_CLIENT_CONFIRMATION_OK"
25838,10411939528,10411939575,1,"IOTHUB_CLIENT_CONFIRMATION_OK"
25839,10411939728,10411939792,1,"IOTHUB_CLIENT_CONFIRMATION_OK"
25840,10411939928,10411940084,1,"IOTHUB_CLIENT_CONFIRMATION_OK"
25841,10411940128,10411940162,1,"IOTHUB_CLIENT_CONFIRMATION_OK"
25842,10411940328,10411940360,1,"IOTHUB_CLIENT_CONFIRMATION_OK"
25843,10411940528,10411940692,1,"IOTHUB_CLIENT_CONFIRMATION_OK"
25844,10411940729,10411940767,1,"IOTHUB_CLIENT_CONFIRMATION_OK"
25845,10411940929,10411940964,1,"IOTHUB_CLIENT_CONFIRMATION_OK"
25846,10411941129,10411941170,1,"IOTHUB_CLIENT_CONFIRMATION_OK"
25847,10411941329,10411941363,1,"IOTHUB_CLIENT_CONFIRMATION_OK"
25848,10411941529,10411941571,1,"IOTHUB_CLIENT_CONFIRMATION_OK"
25849,10411941729,10411941774,1,"IOTHUB_CLIENT_CONFIRMATION_OK"
25850,10411941930,10411942006,1,"IOTHUB_CLIENT_CONFIRMATION_OK"
25851,10411942130,10411942169,1,"IOTHUB_CLIENT_CONFIRMATION_OK"
25852,10411942330,10411942484,1,"IOTHUB_CLIENT_CONFIRMATION_OK"
25853,10411942530,10411942568,1,"IOTHUB_CLIENT_CONFIRMATION_OK"
25854,10411942730,10411942775,1,"IOTHUB_CLIENT_CONFIRMATION_OK"
25855,10411942930,10411942979,1,"IOTHUB_CLIENT_CONFIRMATION_OK"
25856,10411943131,10411943175,1,"IOTHUB_CLIENT_CONFIRMATION_OK"
25857,10411943331,10411943550,1,"IOTHUB_CLIENT_CONFIRMATION_OK"
25858,10411943531,10411943575,1,"IOTHUB_CLIENT_CONFIRMATION_OK"
25859,10411943731,10411943811,1,"IOTHUB_CLIENT_CONFIRMATION_OK"
25860,10411943931,10411943974,1,"IOTHUB_CLIENT_CONFIRMATION_OK"
25861,10411944131,10411944174,1,"IOTHUB_CLIENT_CONFIRMATION_OK"
25862,10411944332,10411944374,1,"IOTHUB_CLIENT_CONFIRMATION_OK"
25863,10411944532,10411944570,1,"IOTHUB_CLIENT_CONFIRMATION_OK"
25864,10411944732,10411944776,1,"IOTHUB_CLIENT_CONFIRMATION_OK"
25865,10411944932,10411944969,1,"IOTHUB_CLIENT_CONFIRMATION_OK"
25866,10411945132,10411945181,1,"IOTHUB_CLIENT_CONFIRMATION_OK"
25867,10411945332,10411945370,1,"IOTHUB_CLIENT_CONFIRMATION_OK"
25868,10411945532,10411945573,1,"IOTHUB_CLIENT_CONFIRMATION_OK"
25869,10411945733,10411945796,1,"IOTHUB_CLIENT_CONFIRMATION_OK"
25870,10411945933,10411945970,1,"IOTHUB_CLIENT_CONFIRMATION_OK"
25871,10411946133,10411946178,1,"IOTHUB_CLIENT_CONFIRMATION_OK"
25872,10411946333,10411946374,1,"IOTHUB_CLIENT_CONFIRMATION_OK"
25873,10411946533,10411946569,1,"IOTHUB_CLIENT_CONFIRMATION_OK"
25874,10411946733,10411946818,1,"IOTHUB_CLIENT_CONFIRMATION_OK"
25875,10411946934,10411946971,1,"IOTHUB_CLIENT_CONFIRMATION_OK"
25876,10411947134,10411947178,1,"IOTHUB_CLIENT_CONFIRMATION_OK"
25877,10411947334,10411947407,1,"IOTHUB_CLIENT_CONFIRMATION_OK"
25878,10411947534,10411947622,1,"IOTHUB_CLIENT_CONFIRMATION_OK"
25879,10411947734,10411947807,1,"IOTHUB_CLIENT_CONFIRMATION_OK"
25880,10411947934,10411948011,1,"IOTHUB_CLIENT_CONFIRMATION_OK"
25881,10411948135,10411948179,1,"IOTHUB_CLIENT_CONFIRMATION_OK"
25882,10411948335,10411948370,1,"IOTHUB_CLIENT_CONFIRMATION_OK"
25883,10411948535,10411948576,1,"IOTHUB_CLIENT_CONFIRMATION_OK"
25884,10411948735,10411948778,1,"IOTHUB_CLIENT_CONFIRMATION_OK"
25885,10411948935,10411949032,1,"IOTHUB_CLIENT_CONFIRMATION_OK"
25886,10411949135,10411949180,1,"IOTHUB_CLIENT_CONFIRMATION_OK"
25887,10411949336,10411949372,1,"IOTHUB_CLIENT_CONFIRMATION_OK"
25888,10411949536,10411949665,1,"IOTHUB_CLIENT_CONFIRMATION_OK"
25889,10411949736,10411949780,1,"IOTHUB_CLIENT_CONFIRMATION_OK"
25890,10411949936,10411950057,1,"IOTHUB_CLIENT_CONFIRMATION_OK"
25891,10411950136,10411950177,1,"IOTHUB_CLIENT_CONFIRMATION_OK"
25892,10411950336,10411950377,1,"IOTHUB_CLIENT_CONFIRMATION_OK"
25893,10411950537,10411950590,1,"IOTHUB_CLIENT_CONFIRMATION_OK"
25894,10411950737,10411950780,1,"IOTHUB_CLIENT_CONFIRMATION_OK"
25895,10411950937,10411950972,1,"IOTHUB_CLIENT_CONFIRMATION_OK"
25896,10411951137,10411951176,1,"IOTHUB_CLIENT_CONFIRMATION_OK"
25897,10411951337,10411951483,1,"IOTHUB_CLIENT_CONFIRMATION_OK"
25898,10411951537,10411951595,1,"IOTHUB_CLIENT_CONFIRMATION_OK"
25899,10411951738,10411951852,1,"IOTHUB_CLIENT_CONFIRMATION_OK"
25900,10411951938,10411951972,1,"IOTHUB_CLIENT_CONFIRMATION_OK"
25901,10411952138,10411952181,1,"IOTHUB_CLIENT_CONFIRMATION_OK"
25902,10411952338,10411952457,1,"IOTHUB_CLIENT_CONFIRMATION_OK"
25903,10411952538,10411952583,1,"IOTHUB_CLIENT_CONFIRMATION_OK"
25904,10411952738,10411952791,1,"IOTHUB_CLIENT_CONFIRMATION_OK"
25905,10411952938,10411952981,1,"IOTHUB_CLIENT_CONFIRMATION_OK"
25906,10411953139,10411953176,1,"IOTHUB_CLIENT_CONFIRMATION_OK"
25907,10411953339,10411953377,1,"IOTHUB_CLIENT_CONFIRMATION_OK"
25908,10411953539,10411953578,1,"IOTHUB_CLIENT_CONFIRMATION_OK"
25909,10411953739,10411953797,1,"IOTHUB_CLIENT_CONFIRMATION_OK"
25910,10411953939,10411953984,1,"IOTHUB_CLIENT_CONFIRMATION_OK"
25911,10411954139,10411954174,1,"IOTHUB_CLIENT_CONFIRMATION_OK"
25912,10411954340,10411954383,1,"IOTHUB_CLIENT_CONFIRMATION_OK"
25913,10411954540,10411954715,1,"IOTHUB_CLIENT_CONFIRMATION_OK"
25914,10411954740,10411954782,1,"IOTHUB_CLIENT_CONFIRMATION_OK"
25915,10411954940,10411954988,1,"IOTHUB_CLIENT_CONFIRMATION_OK"
25916,10411955140,10411955177,1,"IOTHUB_CLIENT_CONFIRMATION_OK"
25917,10411955340,10411955385,1,"IOTHUB_CLIENT_CONFIRMATION_OK"
25918,10411955541,10411955607,1,"IOTHUB_CLIENT_CONFIRMATION_OK"
25919,10411955741,10411955782,1,"IOTHUB_CLIENT_CONFIRMATION_OK"
25920,10411955941,10411955995,1,"IOTHUB_CLIENT_CONFIRMATION_OK"
25921,10411956141,10411956178,1,"IOTHUB_CLIENT_CONFIRMATION_OK"
25922,10411956341,10411956380,1,"IOTHUB_CLIENT_CONFIRMATION_OK"
25923,10411956541,10411956596,1,"IOTHUB_CLIENT_CONFIRMATION_OK"
25924,10411956742,10411956795,1,"IOTHUB_CLIENT_CONFIRMATION_OK"
25925,10411956942,10411956990,1,"IOTHUB_CLIENT_CONFIRMATION_OK"
25926,10411957142,10411957198,1,"IOTHUB_CLIENT_CONFIRMATION_OK"
25927,10411957342,10411957567,1,"IOTHUB_CLIENT_CONFIRMATION_OK"
25928,10411957542,10411957583,1,"IOTHUB_CLIENT_CONFIRMATION_OK"
25929,10411957742,10411957794,1,"IOTHUB_CLIENT_CONFIRMATION_OK"
25930,10411957943,10411957983,1,"IOTHUB_CLIENT_CONFIRMATION_OK"
25931,10411958143,10411958199,1,"IOTHUB_CLIENT_CONFIRMATION_OK"
25932,10411958343,10411958382,1,"IOTHUB_CLIENT_CONFIRMATION_OK"
25933,10411958543,10411958595,1,"IOTHUB_CLIENT_CONFIRMATION_OK"
25934,10411958743,10411958794,1,"IOTHUB_CLIENT_CONFIRMATION_OK"
25935,10411958944,10411958991,1,"IOTHUB_CLIENT_CONFIRMATION_OK"
25936,10411959144,10411959183,1,"IOTHUB_CLIENT_CONFIRMATION_OK"
25937,10411959344,10411959519,1,"IOTHUB_CLIENT_CONFIRMATION_OK"
25938,10411959544,10411959617,1,"IOTHUB_CLIENT_CONFIRMATION_OK"
25939,10411959744,10411959793,1,"IOTHUB_CLIENT_CONFIRMATION_OK"
25940,10411959944,10411959989,1,"IOTHUB_CLIENT_CONFIRMATION_OK"
25941,10411960145,10411960213,1,"IOTHUB_CLIENT_CONFIRMATION_OK"
25942,10411960345,10411960428,1,"IOTHUB_CLIENT_CONFIRMATION_OK"
25943,10411960545,10411960583,1,"IOTHUB_CLIENT_CONFIRMATION_OK"
25944,10411960745,10411960808,1,"IOTHUB_CLIENT_CONFIRMATION_OK"
25945,10411960945,10411960991,1,"IOTHUB_CLIENT_CONFIRMATION_OK"
25946,10411961145,10411961186,1,"IOTHUB_CLIENT_CONFIRMATION_OK"
25947,10411961346,10411961428,1,"IOTHUB_CLIENT_CONFIRMATION_OK"
25948,10411961546,10411961644,1,"IOTHUB_CLIENT_CONFIRMATION_OK"
25949,10411961746,10411961787,1,"IOTHUB_CLIENT_CONFIRMATION_OK"
25950,10411961946,10411962027,1,"IOTHUB_CLIENT_CONFIRMATION_OK"
25951,10411962146,10411962190,1,"IOTHUB_CLIENT_CONFIRMATION_OK"
25952,10411962346,10411962390,1,"IOTHUB_CLIENT_CONFIRMATION_OK"
25953,10411962546,10411962581,1,"IOTHUB_CLIENT_CONFIRMATION_OK"
25954,10411962747,10411962789,1,"IOTHUB_CLIENT_CONFIRMATION_OK"
25955,10411962947,10411963043,1,"IOTHUB_CLIENT_CONFIRMATION_OK"
25956,10411963147,10411963186,1,"IOTHUB_CLIENT_CONFIRMATION_OK"
25957,10411963347,10411963404,1,"IOTHUB_CLIENT_CONFIRMATION_OK"
25958,10411963547,10411963643,1,"IOTHUB_CLIENT_CONFIRMATION_OK"
25959,10411963747,10411963804,1,"IOTHUB_CLIENT_CONFIRMATION_OK"
25960,10411963948,10411963983,1,"IOTHUB_CLIENT_CONFIRMATION_OK"
25961,10411964148,10411964336,1,"IOTHUB_CLIENT_CONFIRMATION_OK"
25962,10411964348,10411964393,1,"IOTHUB_CLIENT_CONFIRMATION_OK"
25963,10411964548,10411964597,1,"IOTHUB_CLIENT_CONFIRMATION_OK"
25964,10411964748,10411964783,1,"IOTHUB_CLIENT_CONFIRMATION_OK"
25965,10411964948,10411964992,1,"IOTHUB_CLIENT_CONFIRMATION_OK"
25966,10411965149,10411965183,1,"IOTHUB_CLIENT_CONFIRMATION_OK"
25967,10411965349,10411965392,1,"IOTHUB_CLIENT_CONFIRMATION_OK"
25968,10411965549,10411965587,1,"IOTHUB_CLIENT_CONFIRMATION_OK"
25969,10411965749,10411965958,1,"IOTHUB_CLIENT_CONFIRMATION_OK"
25970,10411965949,10411965987,1,"IOTHUB_CLIENT_CONFIRMATION_OK"
25971,10411966149,10411966193,1,"IOTHUB_CLIENT_CONFIRMATION_OK"
25972,10411966350,10411966388,1,"IOTHUB_CLIENT_CONFIRMATION_OK"
25973,10411966550,10411966587,1,"IOTHUB_CLIENT_CONFIRMATION_OK"
25974,10411966750,10411966795,1,"IOTHUB_CLIENT_CONFIRMATION_OK"
25975,10411966950,10411966993,1,"IOTHUB_CLIENT_CONFIRMATION_OK"
25976,10411967150,10411967192,1,"IOTHUB_CLIENT_CONFIRMATION_OK"
25977,10411967350,10411967395,1,"IOTHUB_CLIENT_CONFIRMATION_OK"
25978,10411967551,10411967598,1,"IOTHUB_CLIENT_CONFIRMATION_OK"
25979,10411967751,10411967795,1,"IOTHUB_CLIENT_CONFIRMATION_OK"
25980,10411967951,10411967991,1,"IOTHUB_CLIENT_CONFIRMATION_OK"
25981,10411968151,10411968203,1,"IOTHUB_CLIENT_CONFIRMATION_OK"
25982,10411968351,10411968400,1,"IOTHUB_CLIENT_CONFIRMATION_OK"
25983,10411968551,10411968603,1,"IOTHUB_CLIENT_CONFIRMATION_OK"
25984,10411968752,10411968790,1,"IOTHUB_CLIENT_CONFIRMATION_OK"
25985,10411968952,10411968996,1,"IOTHUB_CLIENT_CONFIRMATION_OK"
25986,10411969152,10411969205,1,"IOTHUB_CLIENT_CONFIRMATION_OK"
25987,10411969352,10411969413,1,"IOTHUB_CLIENT_CONFIRMATION_OK"
25988,10411969552,10411969598,1,"IOTHUB_CLIENT_CONFIRMATION_OK"
25989,10411969752,10411969818,1,"IOTHUB_CLIENT_CONFIRMATION_OK"
25990,10411969953,10411970085,1,"IOTHUB_CLIENT_CONFIRMATION_OK"
25991,10411970153,10411970199,1,"IOTHUB_CLIENT_CONFIRMATION_OK"
25992,10411970353,10411970395,1,"IOTHUB_CLIENT_CONFIRMATION_OK"
25993,10411970553,10411970612,1,"IOTHUB_CLIENT_CONFIRMATION_OK"
25994,10411970753,10411970789,1,"IOTHUB_CLIENT_CONFIRMATION_OK"
25995,10411970953,10411970994,1,"IOTHUB_CLIENT_CONFIRMATION_OK"
25996,10411971154,10411971201,1,"IOTHUB_CLIENT_CONFIRMATION_OK"
25997,10411971354,10411971393,1,"IOTHUB_CLIENT_CONFIRMATION_OK"
25998,10411971554,10411971593,1,"IOTHUB_CLIENT_CONFIRMATION_OK"
25999,10411971754,10411971797,1,"IOTHUB_CLIENT_CONFIRMATION_OK"
26000,10411971954,10411972139,1,"IOTHUB_CLIENT_CONFIRMATION_OK"
26001,10411972154,10411972202,1,"IOTHUB_CLIENT_CONFIRMATION_OK"
26002,10411972355,10411972422,1,"IOTHUB_CLIENT_CONFIRMATION_OK"
26003,10411972555,10411972619,1,"IOTHUB_CLIENT_CONFIRMATION_OK"
26004,10411972755,10411972805,1,"IOTHUB_CLIENT_CONFIRMATION_OK"
26005,10411972955,10411972997,1,"IOTHUB_CLIENT_CONFIRMATION_OK"
26006,10411973161,10411973235,1,"IOTHUB_CLIENT_CONFIRMATION_OK"
26007,10411973361,10411973397,1,"IOTHUB_CLIENT_CONFIRMATION_OK"
26008,10411973561,10411973603,1,"IOTHUB_CLIENT_CONFIRMATION_OK"
26009,10411973761,10411973803,1,"IOTHUB_CLIENT_CONFIRMATION_OK"
26010,10411973961,10411974029,1,"IOTHUB_CLIENT_CONFIRMATION_OK"
26011,10411974161,10411974364,1,"IOTHUB_CLIENT_CONFIRMATION_OK"
26012,10411974362,10411974403,1,"IOTHUB_CLIENT_CONFIRMATION_OK"
26013,10411974562,10411974613,1,"IOTHUB_CLIENT_CONFIRMATION_OK"
26014,10411974762,10411974826,1,"IOTHUB_CLIENT_CONFIRMATION_OK"
26015,10411974962,10411975014,1,"IOTHUB_CLIENT_CONFIRMATION_OK"
26016,10411975162,10411975201,1,"IOTHUB_CLIENT_CONFIRMATION_OK"
26017,10411975362,10411975403,1,"IOTHUB_CLIENT_CONFIRMATION_OK"
26018,10411975563,10411975613,1,"IOTHUB_CLIENT_CONFIRMATION_OK"
26019,10411975763,10411975867,1,"IOTHUB_CLIENT_CONFIRMATION_OK"
26020,10411975963,10411976006,1,"IOTHUB_CLIENT_CONFIRMATION_OK"
26021,10411976163,10411976204,1,"IOTHUB_CLIENT_CONFIRMATION_OK"
26022,10411976363,10411976405,1,"IOTHUB_CLIENT_CONFIRMATION_OK"
26023,10411976563,10411976608,1,"IOTHUB_CLIENT_CONFIRMATION_OK"
26024,10411976763,10411976809,1,"IOTHUB_CLIENT_CONFIRMATION_OK"
26025,10411976964,10411977028,1,"IOTHUB_CLIENT_CONFIRMATION_OK"
26026,10411977164,10411977202,1,"IOTHUB_CLIENT_CONFIRMATION_OK"
26027,10411977364,10411977436,1,"IOTHUB_CLIENT_CONFIRMATION_OK"
26028,10411977564,10411977619,1,"IOTHUB_CLIENT_CONFIRMATION_OK"
26029,10411977764,10411977808,1,"IOTHUB_CLIENT_CONFIRMATION_OK"
26030,10411977964,10411978006,1,"IOTHUB_CLIENT_CONFIRMATION_OK"
26031,10411978165,10411978236,1,"IOTHUB_CLIENT_CONFIRMATION_OK"
26032,10411978365,10411978406,1,"IOTHUB_CLIENT_CONFIRMATION_OK"
26033,10411978565,10411978610,1,"IOTHUB_CLIENT_CONFIRMATION_OK"
26034,10411978765,10411978830,1,"IOTHUB_CLIENT_CONFIRMATION_OK"
26035,10411978965,10411979007,1,"IOTHUB_CLIENT_CONFIRMATION_OK"
26036,10411979165,10411979206,1,"IOTHUB_CLIENT_CONFIRMATION_OK"
26037,10411979366,10411979422,1,"IOTHUB_CLIENT_CONFIRMATION_OK"
26038,10411979566,10411979637,1,"IOTHUB_CLIENT_CONFIRMATION_OK"
26039,10411979766,10411979838,1,"IOTHUB_CLIENT_CONFIRMATION_OK"
26040,10411979966,10411980013,1,"IOTHUB_CLIENT_CONFIRMATION_OK"
26041,10411980166,10411980208,1,"IOTHUB_CLIENT_CONFIRMATION_OK"
26042,10411980366,10411980466,1,"IOTHUB_CLIENT_CONFIRMATION_OK"
26043,10411980567,10411980609,1,"IOTHUB_CLIENT_CONFIRMATION_OK"
26044,10411980767,10411980807,1,"IOTHUB_CLIENT_CONFIRMATION_OK"
26045,10411980967,10411981068,1,"IOTHUB_CLIENT_CONFIRMATION_OK"
26046,10411981167,10411981203,1,"IOTHUB_CLIENT_CONFIRMATION_OK"
26047,10411981367,10411981403,1,"IOTHUB_CLIENT_CONFIRMATION_OK"
26048,10411981567,10411981704,1,"IOTHUB_CLIENT_CONFIRMATION_OK"
26049,10411981768,10411981947,1,"IOTHUB_CLIENT_CONFIRMATION_OK"
26050,10411981968,10411982010,1,"IOTHUB_CLIENT_CONFIRMATION_OK"
26051,10411982168,10411982205,1,"IOTHUB_CLIENT_CONFIRMATION_OK"
26052,10411982368,10411982402,1,"IOTHUB_CLIENT_CONFIRMATION_OK"
26053,10411982568,10411982724,1,"IOTHUB_CLIENT_CONFIRMATION_OK"
26054,10411982768,10411982811,1,"IOTHUB_CLIENT_CONFIRMATION_OK"
26055,10411982969,10411983005,1,"IOTHUB_CLIENT_CONFIRMATION_OK"
26056,10411983169,10411983332,1,"IOTHUB_CLIENT_CONFIRMATION_OK"
26057,10411983369,10411983410,1,"IOTHUB_CLIENT_CONFIRMATION_OK"
26058,10411983569,10411983605,1,"IOTHUB_CLIENT_CONFIRMATION_OK"
26059,10411983769,10411983815,1,"IOTHUB_CLIENT_CONFIRMATION_OK"
26060,10411983969,10411984009,1,"IOTHUB_CLIENT_CONFIRMATION_OK"
26061,10411984170,10411984219,1,"IOTHUB_CLIENT_CONFIRMATION_OK"
26062,10411984370,10411984421,1,"IOTHUB_CLIENT_CONFIRMATION_OK"
26063,10411984570,10411984613,1,"IOTHUB_CLIENT_CONFIRMATION_OK"
26064,10411984770,10411984817,1,"IOTHUB_CLIENT_CONFIRMATION_OK"
26065,10411984970,10411985011,1,"IOTHUB_CLIENT_CONFIRMATION_OK"
26066,10411985170,10411985221,1,"IOTHUB_CLIENT_CONFIRMATION_OK"
26067,10411985371,10411985409,1,"IOTHUB_CLIENT_CONFIRMATION_OK"
26068,10411985571,10411985617,1,"IOTHUB_CLIENT_CONFIRMATION_OK"
26069,10411985771,10411985815,1,"IOTHUB_CLIENT_CONFIRMATION_OK"
26070,10411985971,10411986197,1,"IOTHUB_CLIENT_CONFIRMATION_OK"
26071,10411986171,10411986214,1,"IOTHUB_CLIENT_CONFIRMATION_OK"
26072,10411986371,10411986411,1,"IOTHUB_CLIENT_CONFIRMATION_OK"
26073,10411986572,10411986613,1,"IOTHUB_CLIENT_CONFIRMATION_OK"
26074,10411986772,10411986821,1,"IOTHUB_CLIENT_CONFIRMATION_OK"
26075,10411986972,10411987036,1,"IOTHUB_CLIENT_CONFIRMATION_OK"
26076,10411987172,10411987213,1,"IOTHUB_CLIENT_CONFIRMATION_OK"
26077,10411987372,10411987414,1,"IOTHUB_CLIENT_CONFIRMATION_OK"
26078,10411987572,10411987611,1,"IOTHUB_CLIENT_CONFIRMATION_OK"
26079,10411987772,10411987818,1,"IOTHUB_CLIENT_CONFIRMATION_OK"
26080,10411987973,10411988009,1,"IOTHUB_CLIENT_CONFIRMATION_OK"
26081,10411988173,10411988502,1,"IOTHUB_CLIENT_CONFIRMATION_OK"
26082,10411988373,10411988522,1,"IOTHUB_CLIENT_CONFIRMATION_OK"
26083,10411988573,10411988613,1,"IOTHUB_CLIENT_CONFIRMATION_OK"
26084,10411988773,10411988919,1,"IOTHUB_CLIENT_CONFIRMATION_OK"
26085,10411988973,10411989013,1,"IOTHUB_CLIENT_CONFIRMATION_OK"
26086,10411989174,10411989213,1,"IOTHUB_CLIENT_CONFIRMATION_OK"
26087,10411989374,10411989508,1,"IOTHUB_CLIENT_CONFIRMATION_OK"
26088,10411989574,10411989613,1,"IOTHUB_CLIENT_CONFIRMATION_OK"
26089,10411989774,10411989813,1,"IOTHUB_CLIENT_CONFIRMATION_OK"
26090,10411989974,10411990036,1,"IOTHUB_CLIENT_CONFIRMATION_OK"
26091,10411990174,10411990216,1,"IOTHUB_CLIENT_CONFIRMATION_OK"
26092,10411990375,10411990412,1,"IOTHUB_CLIENT_CONFIRMATION_OK"
26093,10411990575,10411990624,1,"IOTHUB_CLIENT_CONFIRMATION_OK"
26094,10411990775,10411990814,1,"IOTHUB_CLIENT_CONFIRMATION_OK"
26095,10411990975,10411991019,1,"IOTHUB_CLIENT_CONFIRMATION_OK"
26096,10411991175,10411991222,1,"IOTHUB_CLIENT_CONFIRMATION_OK"
26097,10411991375,10411991422,1,"IOTHUB_CLIENT_CONFIRMATION_OK"
26098,10411991576,10411991745,1,"IOTHUB_CLIENT_CONFIRMATION_OK"
26099,10411991776,10411991813,1,"IOTHUB_CLIENT_CONFIRMATION_OK"
26100,10411991976,10411992014,1,"IOTHUB_CLIENT_CONFIRMATION_OK"
26101,10411992176,10411992223,1,"IOTHUB_CLIENT_CONFIRMATION_OK"
26102,10411992376,10411992419,1,"IOTHUB_CLIENT_CONFIRMATION_OK"
26103,10411992576,10411992612,1,"IOTHUB_CLIENT_CONFIRMATION_OK"
26104,10411992777,10411992819,1,"IOTHUB_CLIENT_CONFIRMATION_OK"
26105,10411992977,10411993020,1,"IOTHUB_CLIENT_CONFIRMATION_OK"
26106,10411993177,10411993221,1,"IOTHUB_CLIENT_CONFIRMATION_OK"
26107,10411993377,10411993427,1,"IOTHUB_CLIENT_CONFIRMATION_OK"
26108,10411993577,10411993617,1,"IOTHUB_CLIENT_CONFIRMATION_OK"
26109,10411993777,10411993818,1,"IOTHUB_CLIENT_CONFIRMATION_OK"
26110,10411993977,10411994026,1,"IOTHUB_CLIENT_CONFIRMATION_OK"
26111,10411994178,10411994212,1,"IOTHUB_CLIENT_CONFIRMATION_OK"
26112,10411994378,10411994429,1,"IOTHUB_CLIENT_CONFIRMATION_OK"
26113,10411994578,10411994622,1,"IOTHUB_CLIENT_CONFIRMATION_OK"
26114,10411994778,10411994821,1,"IOTHUB_CLIENT_CONFIRMATION_OK"
26115,10411994978,10411995054,1,"IOTHUB_CLIENT_CONFIRMATION_OK"
26116,10411995178,10411995234,1,"IOTHUB_CLIENT_CONFIRMATION_OK"
26117,10411995379,10411995422,1,"IOTHUB_CLIENT_CONFIRMATION_OK"
26118,10411995579,10411995647,1,"IOTHUB_CLIENT_CONFIRMATION_OK"
26119,10411995779,10411995821,1,"IOTHUB_CLIENT_CONFIRMATION_OK"
26120,10411995979,10411996019,1,"IOTHUB_CLIENT_CONFIRMATION_OK"
26121,10411996179,10411996264,1,"IOTHUB_CLIENT_CONFIRMATION_OK"
26122,10411996379,10411996416,1,"IOTHUB_CLIENT_CONFIRMATION_OK"
26123,10411996580,10411996619,1,"IOTHUB_CLIENT_CONFIRMATION_OK"
26124,10411996780,10411996822,1,"IOTHUB_CLIENT_CONFIRMATION_OK"
26125,10411996980,10411997016,1,"IOTHUB_CLIENT_CONFIRMATION_OK"
26126,10411997180,10411997271,1,"IOTHUB_CLIENT_CONFIRMATION_OK"
26127,10411997380,10411997451,1,"IOTHUB_CLIENT_CONFIRMATION_OK"
26128,10411997580,10411997625,1,"IOTHUB_CLIENT_CONFIRMATION_OK"
26129,10411997780,10411997888,1,"IOTHUB_CLIENT_CONFIRMATION_OK"
26130,10411997981,10411998034,1,"IOTHUB_CLIENT_CONFIRMATION_OK"
26131,10411998181,10411998223,1,"IOTHUB_CLIENT_CONFIRMATION_OK"
26132,10411998381,10411998498,1,"IOTHUB_CLIENT_CONFIRMATION_OK"
26133,10411998581,10411998624,1,"IOTHUB_CLIENT_CONFIRMATION_OK"
26134,10411998781,10411998815,1,"IOTHUB_CLIENT_CONFIRMATION_OK"
26135,10411998981,10411999032,1,"IOTHUB_CLIENT_CONFIRMATION_OK"
26136,10411999182,10411999223,1,"IOTHUB_CLIENT_CONFIRMATION_OK"
26137,10411999382,10411999422,1,"IOTHUB_CLIENT_CONFIRMATION_OK"
26138,10411999582,10411999626,1,"IOTHUB_CLIENT_CONFIRMATION_OK"
26139,10411999782,10411999819,1,"IOTHUB_CLIENT_CONFIRMATION_OK"
26140,10411999982,10412000141,1,"IOTHUB_CLIENT_CONFIRMATION_OK"
26141,10412000182,10412000222,1,"IOTHUB_CLIENT_CONFIRMATION_OK"
26142,10412000383,10412000434,1,"IOTHUB_CLIENT_CONFIRMATION_OK"
26143,10412000583,10412000747,1,"IOTHUB_CLIENT_CONFIRMATION_OK"
26144,10412000783,10412000851,1,"IOTHUB_CLIENT_CONFIRMATION_OK"
26145,10412000983,10412001024,1,"IOTHUB_CLIENT_CONFIRMATION_OK"
26146,10412001183,10412001222,1,"IOTHUB_CLIENT_CONFIRMATION_OK"
26147,10412001383,10412001429,1,"IOTHUB_CLIENT_CONFIRMATION_OK"
26148,10412001584,10412001627,1,"IOTHUB_CLIENT_CONFIRMATION_OK"
26149,10412001784,10412001820,1,"IOTHUB_CLIENT_CONFIRMATION_OK"
26150,10412001984,10412002022,1,"IOTHUB_CLIENT_CONFIRMATION_OK"
26151,10412002184,10412002220,1,"IOTHUB_CLIENT_CONFIRMATION_OK"
26152,10412002384,10412002424,1,"IOTHUB_CLIENT_CONFIRMATION_OK"
26153,10412002584,10412002627,1,"IOTHUB_CLIENT_CONFIRMATION_OK"
26154,10412002785,10412002986,1,"IOTHUB_CLIENT_CONFIRMATION_OK"
26155,10412002985,10412003030,1,"IOTHUB_CLIENT_CONFIRMATION_OK"
26156,10412003185,10412003224,1,"IOTHUB_CLIENT_CONFIRMATION_OK"
26157,10412003385,10412003427,1,"IOTHUB_CLIENT_CONFIRMATION_OK"
26158,10412003585,10412003627,1,"IOTHUB_CLIENT_CONFIRMATION_OK"
26159,10412003785,10412003866,1,"IOTHUB_CLIENT_CONFIRMATION_OK"
26160,10412003986,10412004059,1,"IOTHUB_CLIENT_CONFIRMATION_OK"
26161,10412004186,10412004233,1,"IOTHUB_CLIENT_CONFIRMATION_OK"
26162,10412004386,10412004444,1,"IOTHUB_CLIENT_CONFIRMATION_OK"
26163,10412004586,10412004673,1,"IOTHUB_CLIENT_CONFIRMATION_OK"
26164,10412004786,10412004829,1,"IOTHUB_CLIENT_CONFIRMATION_OK"
26165,10412004986,10412005036,1,"IOTHUB_CLIENT_CONFIRMATION_OK"
26166,10412005187,10412005259,1,"IOTHUB_CLIENT_CONFIRMATION_OK"
26167,10412005387,10412005428,1,"IOTHUB_CLIENT_CONFIRMATION_OK"
26168,10412005587,10412005683,1,"IOTHUB_CLIENT_CONFIRMATION_OK"
26169,10412005787,10412005823,1,"IOTHUB_CLIENT_CONFIRMATION_OK"
26170,10412005987,10412006031,1,"IOTHUB_CLIENT_CONFIRMATION_OK"
26171,10412006187,10412006394,1,"IOTHUB_CLIENT_CONFIRMATION_OK"
26172,10412006388,10412006505,1,"IOTHUB_CLIENT_CONFIRMATION_OK"
26173,10412006588,10412006625,1,"IOTHUB_CLIENT_CONFIRMATION_OK"
26174,10412006788,10412006836,1,"IOTHUB_CLIENT_CONFIRMATION_OK"
26175,10412006988,10412007029,1,"IOTHUB_CLIENT_CONFIRMATION_OK"
26176,10412007188,10412007226,1,"IOTHUB_CLIENT_CONFIRMATION_OK"
26177,10412007388,10412007432,1,"IOTHUB_CLIENT_CONFIRMATION_OK"
26178,10412007588,10412007638,1,"IOTHUB_CLIENT_CONFIRMATION_OK"
26179,10412007789,10412007826,1,"IOTHUB_CLIENT_CONFIRMATION_OK"
26180,10412007989,10412008042,1,"IOTHUB_CLIENT_CONFIRMATION_OK"
26181,10412008189,10412008225,1,"IOTHUB_CLIENT_CONFIRMATION_OK"
26182,10412008389,10412008455,1,"IOTHUB_CLIENT_CONFIRMATION_OK"
26183,10412008589,10412008624,1,"IOTHUB_CLIENT_CONFIRMATION_OK"
26184,10412008789,10412008840,1,"IOTHUB_CLIENT_CONFIRMATION_OK"
26185,10412008990,10412009040,1,"IOTHUB_CLIENT_CONFIRMATION_OK"
26186,10412009190,10412009237,1,"IOTHUB_CLIENT_CONFIRMATION_OK"
26187,10412009390,10412009434,1,"IOTHUB_CLIENT_CONFIRMATION_OK"
26188,10412009590,10412009651,1,"IOTHUB_CLIENT_CONFIRMATION_OK"
26189,10412009790,10412009831,1,"IOTHUB_CLIENT_CONFIRMATION_OK"
26190,10412009990,10412010033,1,"IOTHUB_CLIENT_CONFIRMATION_OK"
26191,10412010191,10412010270,1,"IOTHUB_CLIENT_CONFIRMATION_OK"
26192,10412010391,10412010440,1,"IOTHUB_CLIENT_CONFIRMATION_OK"
26193,10412010591,10412010629,1,"IOTHUB_CLIENT_CONFIRMATION_OK"
26194,10412010791,10412010841,1,"IOTHUB_CLIENT_CONFIRMATION_OK"
26195,10412010991,10412011041,1,"IOTHUB_CLIENT_CONFIRMATION_OK"
26196,10412011191,10412011274,1,"IOTHUB_CLIENT_CONFIRMATION_OK"
26197,10412011392,10412011495,1,"IOTHUB_CLIENT_CONFIRMATION_OK"
26198,10412011592,10412011631,1,"IOTHUB_CLIENT_CONFIRMATION_OK"
26199,10412011792,10412011931,1,"IOTHUB_CLIENT_CONFIRMATION_OK"
26200,10412011992,10412012032,1,"IOTHUB_CLIENT_CONFIRMATION_OK"
26201,10412012192,10412012230,1,"IOTHUB_CLIENT_CONFIRMATION_OK"
26202,10412012392,10412012511,1,"IOTHUB_CLIENT_CONFIRMATION_OK"
26203,10412012593,10412012633,1,"IOTHUB_CLIENT_CONFIRMATION_OK"
26204,10412012793,10412012829,1,"IOTHUB_CLIENT_CONFIRMATION_OK"
26205,10412012993,10412013032,1,"IOTHUB_CLIENT_CONFIRMATION_OK"
26206,10412013193,10412013234,1,"IOTHUB_CLIENT_CONFIRMATION_OK"
26207,10412013393,10412013446,1,"IOTHUB_CLIENT_CONFIRMATION_OK"
26208,10412013593,10412013634,1,"IOTHUB_CLIENT_CONFIRMATION_OK"
26209,10412013794,10412013843,1,"IOTHUB_CLIENT_CONFIRMATION_OK"
26210,10412013994,10412014131,1,"IOTHUB_CLIENT_CONFIRMATION_OK"
26211,10412014194,10412014233,1,"IOTHUB_CLIENT_CONFIRMATION_OK"
26212,10412014394,10412014460,1,"IOTHUB_CLIENT_CONFIRMATION_OK"
26213,10412014594,10412014747,1,"IOTHUB_CLIENT_CONFIRMATION_OK"
26214,10412014794,10412014838,1,"IOTHUB_CLIENT_CONFIRMATION_OK"
26215,10412014995,10412015034,1,"IOTHUB_CLIENT_CONFIRMATION_OK"
26216,10412015195,10412015354,1,"IOTHUB_CLIENT_CONFIRMATION_OK"
26217,10412015395,10412015495,1,"IOTHUB_CLIENT_CONFIRMATION_OK"
26218,10412015595,10412015627,1,"IOTHUB_CLIENT_CONFIRMATION_OK"
26219,10412015795,10412015839,1,"IOTHUB_CLIENT_CONFIRMATION_OK"
26220,10412015995,10412016041,1,"IOTHUB_CLIENT_CONFIRMATION_OK"
26221,10412016195,10412016237,1,"IOTHUB_CLIENT_CONFIRMATION_OK"
26222,10412016396,10412016456,1,"IOTHUB_CLIENT_CONFIRMATION_OK"
26223,10412016596,10412016677,1,"IOTHUB_CLIENT_CONFIRMATION_OK"
26224,10412016796,10412016847,1,"IOTHUB_CLIENT_CONFIRMATION_OK"
26225,10412016996,10412017035,1,"IOTHUB_CLIENT_CONFIRMATION_OK"
26226,10412017196,10412017236,1,"IOTHUB_CLIENT_CONFIRMATION_OK"
26227,10412017396,10412017475,1,"IOTHUB_CLIENT_CONFIRMATION_OK"
26228,10412017597,10412017640,1,"IOTHUB_CLIENT_CONFIRMATION_OK"
26229,10412017797,10412017838,1,"IOTHUB_CLIENT_CONFIRMATION_OK"
26230,10412017997,10412018082,1,"IOTHUB_CLIENT_CONFIRMATION_OK"
26231,10412018197,10412018243,1,"IOTHUB_CLIENT_CONFIRMATION_OK"
26232,10412018397,10412018433,1,"IOTHUB_CLIENT_CONFIRMATION_OK"
26233,10412018597,10412018697,1,"IOTHUB_CLIENT_CONFIRMATION_OK"
26234,10412018798,10412018837,1,"IOTHUB_CLIENT_CONFIRMATION_OK"
26235,10412018998,10412019040,1,"IOTHUB_CLIENT_CONFIRMATION_OK"
26236,10412019198,10412019299,1,"IOTHUB_CLIENT_CONFIRMATION_OK"
26237,10412019398,10412019436,1,"IOTHUB_CLIENT_CONFIRMATION_OK"
26238,10412019598,10412019637,1,"IOTHUB_CLIENT_CONFIRMATION_OK"
26239,10412019798,10412019862,1,"IOTHUB_CLIENT_CONFIRMATION_OK"
26240,10412019999,10412020041,1,"IOTHUB_CLIENT_CONFIRMATION_OK"
26241,10412020199,10412020318,1,"IOTHUB_CLIENT_CONFIRMATION_OK"
26242,10412020399,10412020441,1,"IOTHUB_CLIENT_CONFIRMATION_OK"
26243,10412020599,10412020646,1,"IOTHUB_CLIENT_CONFIRMATION_OK"
26244,10412020799,10412020919,1,"IOTHUB_CLIENT_CONFIRMATION_OK"
26245,10412020999,10412021055,1,"IOTHUB_CLIENT_CONFIRMATION_OK"
26246,10412021200,10412021234,1,"IOTHUB_CLIENT_CONFIRMATION_OK"
26247,10412021400,10412021574,1,"IOTHUB_CLIENT_CONFIRMATION_OK"
26248,10412021600,10412021643,1,"IOTHUB_CLIENT_CONFIRMATION_OK"
26249,10412021800,10412021930,1,"IOTHUB_CLIENT_CONFIRMATION_OK"
26250,10412022000,10412022146,1,"IOTHUB_CLIENT_CONFIRMATION_OK"
26251,10412022200,10412022242,1,"IOTHUB_CLIENT_CONFIRMATION_OK"
26252,10412022401,10412022446,1,"IOTHUB_CLIENT_CONFIRMATION_OK"
26253,10412022601,10412022644,1,"IOTHUB_CLIENT_CONFIRMATION_OK"
26254,10412022801,10412022841,1,"IOTHUB_CLIENT_CONFIRMATION_OK"
26255,10412023001,10412023166,1,"IOTHUB_CLIENT_CONFIRMATION_OK"
26256,10412023201,10412023258,1,"IOTHUB_CLIENT_CONFIRMATION_OK"
26257,10412023401,10412023443,1,"IOTHUB_CLIENT_CONFIRMATION_OK"
26258,10412023602,10412023646,1,"IOTHUB_CLIENT_CONFIRMATION_OK"
26259,10412023802,10412023841,1,"IOTHUB_CLIENT_CONFIRMATION_OK"
26260,10412024002,10412024045,1,"IOTHUB_CLIENT_CONFIRMATION_OK"
26261,10412024202,10412024246,1,"IOTHUB_CLIENT_CONFIRMATION_OK"
26262,10412024402,10412024440,1,"IOTHUB_CLIENT_CONFIRMATION_OK"
26263,10412024602,10412024647,1,"IOTHUB_CLIENT_CONFIRMATION_OK"
26264,10412024803,10412024848,1,"IOTHUB_CLIENT_CONFIRMATION_OK"
26265,10412025003,10412025047,1,"IOTHUB_CLIENT_CONFIRMATION_OK"
26266,10412025203,10412025249,1,"IOTHUB_CLIENT_CONFIRMATION_OK"
26267,10412025403,10412025444,1,"IOTHUB_CLIENT_CONFIRMATION_OK"
26268,10412025603,10412025641,1,"IOTHUB_CLIENT_CONFIRMATION_OK"
26269,10412025803,10412025882,1,"IOTHUB_CLIENT_CONFIRMATION_OK"
26270,10412026004,10412026040,1,"IOTHUB_CLIENT_CONFIRMATION_OK"
26271,10412026204,10412026239,1,"IOTHUB_CLIENT_CONFIRMATION_OK"
26272,10412026404,10412026443,1,"IOTHUB_CLIENT_CONFIRMATION_OK"
26273,10412026604,10412026643,1,"IOTHUB_CLIENT_CONFIRMATION_OK"
26274,10412026804,10412026904,1,"IOTHUB_CLIENT_CONFIRMATION_OK"
26275,10412027004,10412027105,1,"IOTHUB_CLIENT_CONFIRMATION_OK"
26276,10412027205,10412027248,1,"IOTHUB_CLIENT_CONFIRMATION_OK"
26277,10412027405,10412027469,1,"IOTHUB_CLIENT_CONFIRMATION_OK"
26278,10412027605,10412027645,1,"IOTHUB_CLIENT_CONFIRMATION_OK"
26279,10412027805,10412027844,1,"IOTHUB_CLIENT_CONFIRMATION_OK"
26280,10412028005,10412028042,1,"IOTHUB_CLIENT_CONFIRMATION_OK"
26281,10412028205,10412028252,1,"IOTHUB_CLIENT_CONFIRMATION_OK"
26282,10412028406,10412028443,1,"IOTHUB_CLIENT_CONFIRMATION_OK"
26283,10412028606,10412028732,1,"IOTHUB_CLIENT_CONFIRMATION_OK"
26284,10412028806,10412028846,1,"IOTHUB_CLIENT_CONFIRMATION_OK"
26285,10412029006,10412029051,1,"IOTHUB_CLIENT_CONFIRMATION_OK"
26286,10412029206,10412029342,1,"IOTHUB_CLIENT_CONFIRMATION_OK"
26287,10412029406,10412029465,1,"IOTHUB_CLIENT_CONFIRMATION_OK"
26288,10412029607,10412029650,1,"IOTHUB_CLIENT_CONFIRMATION_OK"
26289,10412029807,10412029848,1,"IOTHUB_CLIENT_CONFIRMATION_OK"
26290,10412030007,10412030047,1,"IOTHUB_CLIENT_CONFIRMATION_OK"
26291,10412030207,10412030248,1,"IOTHUB_CLIENT_CONFIRMATION_OK"
26292,10412030407,10412030487,1,"IOTHUB_CLIENT_CONFIRMATION_OK"
26293,10412030607,10412030689,1,"IOTHUB_CLIENT_CONFIRMATION_OK"
26294,10412030807,10412030848,1,"IOTHUB_CLIENT_CONFIRMATION_OK"
26295,10412031008,10412031052,1,"IOTHUB_CLIENT_CONFIRMATION_OK"
26296,10412031208,10412031255,1,"IOTHUB_CLIENT_CONFIRMATION_OK"
26297,10412031408,10412031593,1,"IOTHUB_CLIENT_CONFIRMATION_OK"
26298,10412031608,10412031666,1,"IOTHUB_CLIENT_CONFIRMATION_OK"
26299,10412031808,10412031871,1,"IOTHUB_CLIENT_CONFIRMATION_OK"
26300,10412032008,10412032050,1,"IOTHUB_CLIENT_CONFIRMATION_OK"
26301,10412032209,10412032259,1,"IOTHUB_CLIENT_CONFIRMATION_OK"
26302,10412032409,10412032443,1,"IOTHUB_CLIENT_CONFIRMATION_OK"
26303,10412032609,10412032651,1,"IOTHUB_CLIENT_CONFIRMATION_OK"
26304,10412032809,10412032909,1,"IOTHUB_CLIENT_CONFIRMATION_OK"
26305,10412033009,10412033051,1,"IOTHUB_CLIENT_CONFIRMATION_OK"
26306,10412033209,10412033249,1,"IOTHUB_CLIENT_CONFIRMATION_OK"
26307,10412033410,10412033447,1,"IOTHUB_CLIENT_CONFIRMATION_OK"
26308,10412033610,10412033650,1,"IOTHUB_CLIENT_CONFIRMATION_OK"
26309,10412033810,10412033854,1,"IOTHUB_CLIENT_CONFIRMATION_OK"
26310,10412034010,10412034068,1,"IOTHUB_CLIENT_CONFIRMATION_OK"
26311,10412034210,10412034331,1,"IOTHUB_CLIENT_CONFIRMATION_OK"
26312,10412034410,10412034450,1,"IOTHUB_CLIENT_CONFIRMATION_OK"
26313,10412034611,10412034653,1,"IOTHUB_CLIENT_CONFIRMATION_OK"
26314,10412034811,10412034941,1,"IOTHUB_CLIENT_CONFIRMATION_OK"
26315,10412035011,10412035055,1,"IOTHUB_CLIENT_CONFIRMATION_OK"
26316,10412035211,10412035246,1,"IOTHUB_CLIENT_CONFIRMATION_OK"
26317,10412035411,10412035554,1,"IOTHUB_CLIENT_CONFIRMATION_OK"
26318,10412035611,10412035650,1,"IOTHUB_CLIENT_CONFIRMATION_OK"
26319,10412035812,10412035895,1,"IOTHUB_CLIENT_CONFIRMATION_OK"
26320,10412036012,10412036049,1,"IOTHUB_CLIENT_CONFIRMATION_OK"
26321,10412036212,10412036247,1,"IOTHUB_CLIENT_CONFIRMATION_OK"
26322,10412036412,10412036455,1,"IOTHUB_CLIENT_CONFIRMATION_OK"
26323,10412036612,10412036649,1,"IOTHUB_CLIENT_CONFIRMATION_OK"
26324,10412036812,10412036859,1,"IOTHUB_CLIENT_CONFIRMATION_OK"
26325,10412037013,10412037154,1,"IOTHUB_CLIENT_CONFIRMATION_OK"
26326,10412037213,10412037264,1,"IOTHUB_CLIENT_CONFIRMATION_OK"
26327,10412037413,10412037461,1,"IOTHUB_CLIENT_CONFIRMATION_OK"
26328,10412037613,10412037670,1,"IOTHUB_CLIENT_CONFIRMATION_OK"
26329,10412037813,10412037858,1,"IOTHUB_CLIENT_CONFIRMATION_OK"
26330,10412038013,10412038052,1,"IOTHUB_CLIENT_CONFIRMATION_OK"
26331,10412038214,10412038255,1,"IOTHUB_CLIENT_CONFIRMATION_OK"
26332,10412038414,10412038462,1,"IOTHUB_CLIENT_CONFIRMATION_OK"
26333,10412038614,10412038652,1,"IOTHUB_CLIENT_CONFIRMATION_OK"
26334,10412038814,10412038859,1,"IOTHUB_CLIENT_CONFIRMATION_OK"
26335,10412039014,10412039059,1,"IOTHUB_CLIENT_CONFIRMATION_OK"
26336,10412039214,10412039256,1,"IOTHUB_CLIENT_CONFIRMATION_OK"
26337,10412039415,10412039473,1,"IOTHUB_CLIENT_CONFIRMATION_OK"
26338,10412039615,10412039651,1,"IOTHUB_CLIENT_CONFIRMATION_OK"
26339,10412039815,10412039863,1,"IOTHUB_CLIENT_CONFIRMATION_OK"
26340,10412040015,10412040061,1,"IOTHUB_CLIENT_CONFIRMATION_OK"
26341,10412040215,10412040255,1,"IOTHUB_CLIENT_CONFIRMATION_OK"
26342,10412040415,10412040498,1,"IOTHUB_CLIENT_CONFIRMATION_OK"
26343,10412040615,10412040660,1,"IOTHUB_CLIENT_CONFIRMATION_OK"
26344,10412040816,10412040887,1,"IOTHUB_CLIENT_CONFIRMATION_OK"
26345,10412041016,10412041097,1,"IOTHUB_CLIENT_CONFIRMATION_OK"
26346,10412041216,10412041326,1,"IOTHUB_CLIENT_CONFIRMATION_OK"
26347,10412041416,10412041476,1,"IOTHUB_CLIENT_CONFIRMATION_OK"
26348,10412041616,10412041785,1,"IOTHUB_CLIENT_CONFIRMATION_OK"
26349,10412041816,10412041852,1,"IOTHUB_CLIENT_CONFIRMATION_OK"
26350,10412042017,10412042050,1,"IOTHUB_CLIENT_CONFIRMATION_OK"
26351,10412042217,10412042254,1,"IOTHUB_CLIENT_CONFIRMATION_OK"
26352,10412042417,10412042458,1,"IOTHUB_CLIENT_CONFIRMATION_OK"
26353,10412042617,10412042719,1,"IOTHUB_CLIENT_CONFIRMATION_OK"
26354,10412042817,10412042860,1,"IOTHUB_CLIENT_CONFIRMATION_OK"
26355,10412043017,10412043058,1,"IOTHUB_CLIENT_CONFIRMATION_OK"
26356,10412043218,10412043346,1,"IOTHUB_CLIENT_CONFIRMATION_OK"
26357,10412043418,10412043464,1,"IOTHUB_CLIENT_CONFIRMATION_OK"
26358,10412043618,10412043662,1,"IOTHUB_CLIENT_CONFIRMATION_OK"
26359,10412043818,10412043972,1,"IOTHUB_CLIENT_CONFIRMATION_OK"
26360,10412044018,10412044084,1,"IOTHUB_CLIENT_CONFIRMATION_OK"
26361,10412044218,10412044538,1,"IOTHUB_CLIENT_CONFIRMATION_OK"
26362,10412044419,10412044558,1,"IOTHUB_CLIENT_CONFIRMATION_OK"
26363,10412044619,10412044661,1,"IOTHUB_CLIENT_CONFIRMATION_OK"
26364,10412044819,10412044863,1,"IOTHUB_CLIENT_CONFIRMATION_OK"
26365,10412045019,10412045056,1,"IOTHUB_CLIENT_CONFIRMATION_OK"
26366,10412045219,10412045255,1,"IOTHUB_CLIENT_CONFIRMATION_OK"
26367,10412045419,10412045534,1,"IOTHUB_CLIENT_CONFIRMATION_OK"
26368,10412045620,10412045666,1,"IOTHUB_CLIENT_CONFIRMATION_OK"
26369,10412045820,10412045897,1,"IOTHUB_CLIENT_CONFIRMATION_OK"
26370,10412046020,10412046158,1,"IOTHUB_CLIENT_CONFIRMATION_OK"
26371,10412046220,10412046281,1,"IOTHUB_CLIENT_CONFIRMATION_OK"
26372,10412046420,10412046457,1,"IOTHUB_CLIENT_CONFIRMATION_OK"
26373,10412046620,10412046776,1,"IOTHUB_CLIENT_CONFIRMATION_OK"
26374,10412046821,10412046858,1,"IOTHUB_CLIENT_CONFIRMATION_OK"
26375,10412047021,10412047059,1,"IOTHUB_CLIENT_CONFIRMATION_OK"
26376,10412047221,10412047265,1,"IOTHUB_CLIENT_CONFIRMATION_OK"
26377,10412047421,10412047456,1,"IOTHUB_CLIENT_CONFIRMATION_OK"
26378,10412047621,10412047695,1,"IOTHUB_CLIENT_CONFIRMATION_OK"
26379,10412047821,10412047879,1,"IOTHUB_CLIENT_CONFIRMATION_OK"
26380,10412048022,10412048062,1,"IOTHUB_CLIENT_CONFIRMATION_OK"
26381,10412048222,10412048287,1,"IOTHUB_CLIENT_CONFIRMATION_OK"
26382,10412048422,10412048471,1,"IOTHUB_CLIENT_CONFIRMATION_OK"
26383,10412048622,10412048659,1,"IOTHUB_CLIENT_CONFIRMATION_OK"
26384,10412048822,10412048865,1,"IOTHUB_CLIENT_CONFIRMATION_OK"
26385,10412049022,10412049059,1,"IOTHUB_CLIENT_CONFIRMATION_OK"
26386,10412049223,10412049264,1,"IOTHUB_CLIENT_CONFIRMATION_OK"
26387,10412049423,10412049467,1,"IOTHUB_CLIENT_CONFIRMATION_OK"
26388,10412049623,10412049763,1,"IOTHUB_CLIENT_CONFIRMATION_OK"
26389,10412049823,10412049860,1,"IOTHUB_CLIENT_CONFIRMATION_OK"
26390,10412050023,10412050066,1,"IOTHUB_CLIENT_CONFIRMATION_OK"
26391,10412050223,10412050271,1,"IOTHUB_CLIENT_CONFIRMATION_OK"
26392,10412050424,10412050466,1,"IOTHUB_CLIENT_CONFIRMATION_OK"
26393,10412050624,10412050664,1,"IOTHUB_CLIENT_CONFIRMATION_OK"
26394,10412050824,10412050866,1,"IOTHUB_CLIENT_CONFIRMATION_OK"
26395,10412051024,10412051060,1,"IOTHUB_CLIENT_CONFIRMATION_OK"
26396,10412051224,10412051264,1,"IOTHUB_CLIENT_CONFIRMATION_OK"
26397,10412051424,10412051462,1,"IOTHUB_CLIENT_CONFIRMATION_OK"
26398,10412051625,10412051809,1,"IOTHUB_CLIENT_CONFIRMATION_OK"
26399,10412051825,10412051882,1,"IOTHUB_CLIENT_CONFIRMATION_OK"
26400,10412052025,10412052095,1,"IOTHUB_CLIENT_CONFIRMATION_OK"
26401,10412052225,10412052271,1,"IOTHUB_CLIENT_CONFIRMATION_OK"
26402,10412052425,10412052492,1,"IOTHUB_CLIENT_CONFIRMATION_OK"
26403,10412052625,10412052670,1,"IOTHUB_CLIENT_CONFIRMATION_OK"
26404,10412052826,10412052861,1,"IOTHUB_CLIENT_CONFIRMATION_OK"
26405,10412053026,10412053066,1,"IOTHUB_CLIENT_CONFIRMATION_OK"
26406,10412053226,10412053279,1,"IOTHUB_CLIENT_CONFIRMATION_OK"
26407,10412053426,10412053471,1,"IOTHUB_CLIENT_CONFIRMATION_OK"
26408,10412053626,10412053668,1,"IOTHUB_CLIENT_CONFIRMATION_OK"
26409,10412053826,10412053907,1,"IOTHUB_CLIENT_CONFIRMATION_OK"
26410,10412054027,10412054064,1,"IOTHUB_CLIENT_CONFIRMATION_OK"
26411,10412054227,10412054333,1,"IOTHUB_CLIENT_CONFIRMATION_OK"
26412,10412054427,10412054485,1,"IOTHUB_CLIENT_CONFIRMATION_OK"
26413,10412054627,10412054663,1,"IOTHUB_CLIENT_CONFIRMATION_OK"
26414,10412054827,10412054869,1,"IOTHUB_CLIENT_CONFIRMATION_OK"
26415,10412055027,10412055090,1,"IOTHUB_CLIENT_CONFIRMATION_OK"
26416,10412055228,10412055267,1,"IOTHUB_CLIENT_CONFIRMATION_OK"
26417,10412055428,10412055465,1,"IOTHUB_CLIENT_CONFIRMATION_OK"
26418,10412055628,10412055715,1,"IOTHUB_CLIENT_CONFIRMATION_OK"
26419,10412055828,10412055869,1,"IOTHUB_CLIENT_CONFIRMATION_OK"
26420,10412056028,10412056065,1,"IOTHUB_CLIENT_CONFIRMATION_OK"
26421,10412056228,10412056325,1,"IOTHUB_CLIENT_CONFIRMATION_OK"
26422,10412056428,10412056467,1,"IOTHUB_CLIENT_CONFIRMATION_OK"
26423,10412056629,10412056677,1,"IOTHUB_CLIENT_CONFIRMATION_OK"
26424,10412056829,10412056869,1,"IOTHUB_CLIENT_CONFIRMATION_OK"
26425,10412057029,10412057071,1,"IOTHUB_CLIENT_CONFIRMATION_OK"
26426,10412057229,10412057348,1,"IOTHUB_CLIENT_CONFIRMATION_OK"
26427,10412057429,10412057483,1,"IOTHUB_CLIENT_CONFIRMATION_OK"
26428,10412057629,10412057671,1,"IOTHUB_CLIENT_CONFIRMATION_OK"
26429,10412057830,10412057981,1,"IOTHUB_CLIENT_CONFIRMATION_OK"
26430,10412058030,10412058073,1,"IOTHUB_CLIENT_CONFIRMATION_OK"
26431,10412058230,10412058276,1,"IOTHUB_CLIENT_CONFIRMATION_OK"
26432,10412058430,10412058622,1,"IOTHUB_CLIENT_CONFIRMATION_OK"
26433,10412058630,10412058687,1,"IOTHUB_CLIENT_CONFIRMATION_OK"
26434,10412058830,10412058909,1,"IOTHUB_CLIENT_CONFIRMATION_OK"
26435,10412059031,10412059083,1,"IOTHUB_CLIENT_CONFIRMATION_OK"
26436,10412059231,10412059275,1,"IOTHUB_CLIENT_CONFIRMATION_OK"
26437,10412059431,10412059474,1,"IOTHUB_CLIENT_CONFIRMATION_OK"
26438,10412059631,10412059673,1,"IOTHUB_CLIENT_CONFIRMATION_OK"
26439,10412059831,10412059907,1,"IOTHUB_CLIENT_CONFIRMATION_OK"
26440,10412060031,10412060204,1,"IOTHUB_CLIENT_CONFIRMATION_OK"
26441,10412060232,10412060272,1,"IOTHUB_CLIENT_CONFIRMATION_OK"
26442,10412060432,10412060471,1,"IOTHUB_CLIENT_CONFIRMATION_OK"
26443,10412060632,10412060666,1,"IOTHUB_CLIENT_CONFIRMATION_OK"
26444,10412060832,10412060881,1,"IOTHUB_CLIENT_CONFIRMATION_OK"
26445,10412061032,10412061070,1,"IOTHUB_CLIENT_CONFIRMATION_OK"
26446,10412061232,10412061277,1,"IOTHUB_CLIENT_CONFIRMATION_OK"
26447,10412061433,10412061482,1,"IOTHUB_CLIENT_CONFIRMATION_OK"
26448,10412061633,10412061672,1,"IOTHUB_CLIENT_CONFIRMATION_OK"
26449,10412061833,10412061873,1,"IOTHUB_CLIENT_CONFIRMATION_OK"
26450,10412062033,10412062076,1,"IOTHUB_CLIENT_CONFIRMATION_OK"
26451,10412062233,10412062276,1,"IOTHUB_CLIENT_CONFIRMATION_OK"
26452,10412062433,10412062484,1,"IOTHUB_CLIENT_CONFIRMATION_OK"
26453,10412062634,10412062716,1,"IOTHUB_CLIENT_CONFIRMATION_OK"
26454,10412062834,10412062874,1,"IOTHUB_CLIENT_CONFIRMATION_OK"
26455,10412063034,10412063077,1,"IOTHUB_CLIENT_CONFIRMATION_OK"
26456,10412063234,10412063281,1,"IOTHUB_CLIENT_CONFIRMATION_OK"
26457,10412063434,10412063502,1,"IOTHUB_CLIENT_CONFIRMATION_OK"
26458,10412063634,10412063696,1,"IOTHUB_CLIENT_CONFIRMATION_OK"
26459,10412063835,10412063878,1,"IOTHUB_CLIENT_CONFIRMATION_OK"
26460,10412064035,10412064123,1,"IOTHUB_CLIENT_CONFIRMATION_OK"
26461,10412064235,10412064277,1,"IOTHUB_CLIENT_CONFIRMATION_OK"
26462,10412064435,10412064485,1,"IOTHUB_CLIENT_CONFIRMATION_OK"
26463,10412064635,10412064720,1,"IOTHUB_CLIENT_CONFIRMATION_OK"
26464,10412064835,10412064878,1,"IOTHUB_CLIENT_CONFIRMATION_OK"
26465,10412065036,10412065082,1,"IOTHUB_CLIENT_CONFIRMATION_OK"
26466,10412065236,10412065278,1,"IOTHUB_CLIENT_CONFIRMATION_OK"
26467,10412065436,10412065480,1,"IOTHUB_CLIENT_CONFIRMATION_OK"
26468,10412065636,10412065916,1,"IOTHUB_CLIENT_CONFIRMATION_OK"
26469,10412065836,10412065939,1,"IOTHUB_CLIENT_CONFIRMATION_OK"
26470,10412066036,10412066071,1,"IOTHUB_CLIENT_CONFIRMATION_OK"
26471,10412066237,10412066362,1,"IOTHUB_CLIENT_CONFIRMATION_OK"
26472,10412066437,10412066497,1,"IOTHUB_CLIENT_CONFIRMATION_OK"
26473,10412066637,10412066678,1,"IOTHUB_CLIENT_CONFIRMATION_OK"
26474,10412066837,10412066973,1,"IOTHUB_CLIENT_CONFIRMATION_OK"
26475,10412067037,10412067090,1,"IOTHUB_CLIENT_CONFIRMATION_OK"
26476,10412067237,10412067276,1,"IOTHUB_CLIENT_CONFIRMATION_OK"
26477,10412067438,10412067479,1,"IOTHUB_CLIENT_CONFIRMATION_OK"
26478,10412067638,10412067678,1,"IOTHUB_CLIENT_CONFIRMATION_OK"
26479,10412067838,10412067883,1,"IOTHUB_CLIENT_CONFIRMATION_OK"
26480,10412068038,10412068096,1,"IOTHUB_CLIENT_CONFIRMATION_OK"
26481,10412068238,10412068284,1,"IOTHUB_CLIENT_CONFIRMATION_OK"
26482,10412068439,10412068592,1,"IOTHUB_CLIENT_CONFIRMATION_OK"
26483,10412068639,10412068684,1,"IOTHUB_CLIENT_CONFIRMATION_OK"
26484,10412068839,10412068917,1,"IOTHUB_CLIENT_CONFIRMATION_OK"
26485,10412069039,10412069224,1,"IOTHUB_CLIENT_CONFIRMATION_OK"
26486,10412069239,10412069287,1,"IOTHUB_CLIENT_CONFIRMATION_OK"
26487,10412069439,10412069479,1,"IOTHUB_CLIENT_CONFIRMATION_OK"
26488,10412069639,10412069679,1,"IOTHUB_CLIENT_CONFIRMATION_OK"
26489,10412069840,10412069901,1,"IOTHUB_CLIENT_CONFIRMATION_OK"
26490,10412070040,10412070098,1,"IOTHUB_CLIENT_CONFIRMATION_OK"
26491,10412070240,10412070289,1,"IOTHUB_CLIENT_CONFIRMATION_OK"
26492,10412070440,10412070486,1,"IOTHUB_CLIENT_CONFIRMATION_OK"
26493,10412070640,10412070687,1,"IOTHUB_CLIENT_CONFIRMATION_OK"
26494,10412070840,10412070920,1,"IOTHUB_CLIENT_CONFIRMATION_OK"
26495,10412071041,10412071082,1,"IOTHUB_CLIENT_CONFIRMATION_OK"
26496,10412071241,10412071302,1,"IOTHUB_CLIENT_CONFIRMATION_OK"
26497,10412071441,10412071476,1,"IOTHUB_CLIENT_CONFIRMATION_OK"
26498,10412071641,10412071700,1,"IOTHUB_CLIENT_CONFIRMATION_OK"
26499,10412071841,10412071921,1,"IOTHUB_CLIENT_CONFIRMATION_OK"
26500,10412072041,10412072095,1,"IOTHUB_CLIENT_CONFIRMATION_OK"
26501,10412072241,10412072293,1,"IOTHUB_CLIENT_CONFIRMATION_OK"
26502,10412072442,10412072521,1,"IOTHUB_CLIENT_CONFIRMATION_OK"
26503,10412072642,10412072688,1,"IOTHUB_CLIENT_CONFIRMATION_OK"
26504,10412072842,10412072913,1,"IOTHUB_CLIENT_CONFIRMATION_OK"
26505,10412073042,10412073142,1,"IOTHUB_CLIENT_CONFIRMATION_OK"
26506,10412073242,10412073311,1,"IOTHUB_CLIENT_CONFIRMATION_OK"
26507,10412073442,10412073484,1,"IOTHUB_CLIENT_CONFIRMATION_OK"
26508,10412073643,10412073742,1,"IOTHUB_CLIENT_CONFIRMATION_OK"
26509,10412073843,10412073897,1,"IOTHUB_CLIENT_CONFIRMATION_OK"
26510,10412074043,10412074142,1,"IOTHUB_CLIENT_CONFIRMATION_OK"
26511,10412074243,10412074279,1,"IOTHUB_CLIENT_CONFIRMATION_OK"
26512,10412074443,10412074511,1,"IOTHUB_CLIENT_CONFIRMATION_OK"
26513,10412074643,10412074829,1,"IOTHUB_CLIENT_CONFIRMATION_OK"
26514,10412074844,10412074918,1,"IOTHUB_CLIENT_CONFIRMATION_OK"
26515,10412075044,10412075090,1,"IOTHUB_CLIENT_CONFIRMATION_OK"
26516,10412075244,10412075279,1,"IOTHUB_CLIENT_CONFIRMATION_OK"
26517,10412075444,10412075501,1,"IOTHUB_CLIENT_CONFIRMATION_OK"
26518,10412075644,10412075698,1,"IOTHUB_CLIENT_CONFIRMATION_OK"
26519,10412075844,10412075889,1,"IOTHUB_CLIENT_CONFIRMATION_OK"
26520,10412076045,10412076090,1,"IOTHUB_CLIENT_CONFIRMATION_OK"
26521,10412076245,10412076377,1,"IOTHUB_CLIENT_CONFIRMATION_OK"
26522,10412076445,10412076491,1,"IOTHUB_CLIENT_CONFIRMATION_OK"
26523,10412076645,10412076699,1,"IOTHUB_CLIENT_CONFIRMATION_OK"
26524,10412076845,10412076889,1,"IOTHUB_CLIENT_CONFIRMATION_OK"
26525,10412077045,10412077087,1,"IOTHUB_CLIENT_CONFIRMATION_OK"
26526,10412077246,10412077300,1,"IOTHUB_CLIENT_CONFIRMATION_OK"
26527,10412077446,10412077514,1,"IOTHUB_CLIENT_CONFIRMATION_OK"
26528,10412077646,10412077698,1,"IOTHUB_CLIENT_CONFIRMATION_OK"
26529,10412077846,10412077895,1,"IOTHUB_CLIENT_CONFIRMATION_OK"
26530,10412078046,10412078082,1,"IOTHUB_CLIENT_CONFIRMATION_OK"
26531,10412078246,10412078292,1,"IOTHUB_CLIENT_CONFIRMATION_OK"
26532,10412078446,10412078497,1,"IOTHUB_CLIENT_CONFIRMATION_OK"
26533,10412078647,10412078703,1,"IOTHUB_CLIENT_CONFIRMATION_OK"
26534,10412078847,10412078894,1,"IOTHUB_CLIENT_CONFIRMATION_OK"
26535,10412079047,10412079096,1,"IOTHUB_CLIENT_CONFIRMATION_OK"
26536,10412079247,10412079301,1,"IOTHUB_CLIENT_CONFIRMATION_OK"
26537,10412079447,10412079496,1,"IOTHUB_CLIENT_CONFIRMATION_OK"
26538,10412079647,10412079712,1,"IOTHUB_CLIENT_CONFIRMATION_OK"
26539,10412079848,10412079896,1,"IOTHUB_CLIENT_CONFIRMATION_OK"
26540,10412080048,10412080085,1,"IOTHUB_CLIENT_CONFIRMATION_OK"
26541,10412080248,10412080341,1,"IOTHUB_CLIENT_CONFIRMATION_OK"
26542,10412080448,10412080485,1,"IOTHUB_CLIENT_CONFIRMATION_OK"
26543,10412080648,10412080693,1,"IOTHUB_CLIENT_CONFIRMATION_OK"
26544,10412080848,10412080941,1,"IOTHUB_CLIENT_CONFIRMATION_OK"
26545,10412081049,10412081091,1,"IOTHUB_CLIENT_CONFIRMATION_OK"
26546,10412081249,10412081289,1,"IOTHUB_CLIENT_CONFIRMATION_OK"
26547,10412081449,10412081554,1,"IOTHUB_CLIENT_CONFIRMATION_OK"
26548,10412081649,10412081701,1,"IOTHUB_CLIENT_CONFIRMATION_OK"
26549,10412081849,10412081896,1,"IOTHUB_CLIENT_CONFIRMATION_OK"
26550,10412082049,10412082087,1,"IOTHUB_CLIENT_CONFIRMATION_OK"
26551,10412082249,10412082298,1,"IOTHUB_CLIENT_CONFIRMATION_OK"
26552,10412082450,10412082525,1,"IOTHUB_CLIENT_CONFIRMATION_OK"
26553,10412082650,10412082692,1,"IOTHUB_CLIENT_CONFIRMATION_OK"
26554,10412082850,10412082896,1,"IOTHUB_CLIENT_CONFIRMATION_OK"
26555,10412083050,10412083195,1,"IOTHUB_CLIENT_CONFIRMATION_OK"
26556,10412083250,10412083295,1,"IOTHUB_CLIENT_CONFIRMATION_OK"
26557,10412083450,10412083488,1,"IOTHUB_CLIENT_CONFIRMATION_OK"
26558,10412083651,10412083812,1,"IOTHUB_CLIENT_CONFIRMATION_OK"
26559,10412083851,10412083886,1,"IOTHUB_CLIENT_CONFIRMATION_OK"
26560,10412084051,10412084096,1,"IOTHUB_CLIENT_CONFIRMATION_OK"
26561,10412084251,10412084296,1,"IOTHUB_CLIENT_CONFIRMATION_OK"
26562,10412084451,10412084512,1,"IOTHUB_CLIENT_CONFIRMATION_OK"
26563,10412084651,10412084686,1,"IOTHUB_CLIENT_CONFIRMATION_OK"
26564,10412084852,10412084901,1,"IOTHUB_CLIENT_CONFIRMATION_OK"
26565,10412085052,10412085092,1,"IOTHUB_CLIENT_CONFIRMATION_OK"
26566,10412085252,10412085358,1,"IOTHUB_CLIENT_CONFIRMATION_OK"
26567,10412085452,10412085695,1,"IOTHUB_CLIENT_CONFIRMATION_OK"
26568,10412085652,10412085731,1,"IOTHUB_CLIENT_CONFIRMATION_OK"
26569,10412085852,10412085935,1,"IOTHUB_CLIENT_CONFIRMATION_OK"
26570,10412086053,10412086087,1,"IOTHUB_CLIENT_CONFIRMATION_OK"
26571,10412086253,10412086300,1,"IOTHUB_CLIENT_CONFIRMATION_OK"
26572,10412086453,10412086523,1,"IOTHUB_CLIENT_CONFIRMATION_OK"
26573,10412086653,10412086707,1,"IOTHUB_CLIENT_CONFIRMATION_OK"
26574,10412086853,10412086894,1,"IOTHUB_CLIENT_CONFIRMATION_OK"
26575,10412087053,10412087147,1,"IOTHUB_CLIENT_CONFIRMATION_OK"
26576,10412087253,10412087293,1,"IOTHUB_CLIENT_CONFIRMATION_OK"
26577,10412087454,10412087517,1,"IOTHUB_CLIENT_CONFIRMATION_OK"
26578,10412087654,10412087715,1,"IOTHUB_CLIENT_CONFIRMATION_OK"
26579,10412087854,10412087897,1,"IOTHUB_CLIENT_CONFIRMATION_OK"
26580,10412088054,10412088092,1,"IOTHUB_CLIENT_CONFIRMATION_OK"
26581,10412088254,10412088294,1,"IOTHUB_CLIENT_CONFIRMATION_OK"
26582,10412088454,10412088507,1,"IOTHUB_CLIENT_CONFIRMATION_OK"
26583,10412088655,10412088773,1,"IOTHUB_CLIENT_CONFIRMATION_OK"
26584,10412088855,10412088902,1,"IOTHUB_CLIENT_CONFIRMATION_OK"
26585,10412089055,10412089094,1,"IOTHUB_CLIENT_CONFIRMATION_OK"
26586,10412089255,10412089401,1,"IOTHUB_CLIENT_CONFIRMATION_OK"
26587,10412089455,10412089497,1,"IOTHUB_CLIENT_CONFIRMATION_OK"
26588,10412089655,10412089709,1,"IOTHUB_CLIENT_CONFIRMATION_OK"
26589,10412089856,10412089907,1,"IOTHUB_CLIENT_CONFIRMATION_OK"
26590,10412090056,10412090093,1,"IOTHUB_CLIENT_CONFIRMATION_OK"
26591,10412090256,10412090302,1,"IOTHUB_CLIENT_CONFIRMATION_OK"
26592,10412090456,10412090494,1,"IOTHUB_CLIENT_CONFIRMATION_OK"
26593,10412090656,10412090716,1,"IOTHUB_CLIENT_CONFIRMATION_OK"
26594,10412090856,10412090902,1,"IOTHUB_CLIENT_CONFIRMATION_OK"
26595,10412091056,10412091091,1,"IOTHUB_CLIENT_CONFIRMATION_OK"
26596,10412091257,10412091296,1,"IOTHUB_CLIENT_CONFIRMATION_OK"
26597,10412091457,10412091565,1,"IOTHUB_CLIENT_CONFIRMATION_OK"
26598,10412091657,10412091695,1,"IOTHUB_CLIENT_CONFIRMATION_OK"
26599,10412091857,10412091903,1,"IOTHUB_CLIENT_CONFIRMATION_OK"
26600,10412092057,10412092114,1,"IOTHUB_CLIENT_CONFIRMATION_OK"
26601,10412092257,10412092297,1,"IOTHUB_CLIENT_CONFIRMATION_OK"
26602,10412092458,10412092504,1,"IOTHUB_CLIENT_CONFIRMATION_OK"
26603,10412092658,10412092805,1,"IOTHUB_CLIENT_CONFIRMATION_OK"
26604,10412092858,10412092902,1,"IOTHUB_CLIENT_CONFIRMATION_OK"
26605,10412093058,10412093108,1,"IOTHUB_CLIENT_CONFIRMATION_OK"
26606,10412093258,10412093362,1,"IOTHUB_CLIENT_CONFIRMATION_OK"
26607,10412093458,10412093504,1,"IOTHUB_CLIENT_CONFIRMATION_OK"
26608,10412093659,10412093703,1,"IOTHUB_CLIENT_CONFIRMATION_OK"
26609,10412093859,10412093910,1,"IOTHUB_CLIENT_CONFIRMATION_OK"
26610,10412094059,10412094103,1,"IOTHUB_CLIENT_CONFIRMATION_OK"
26611,10412094259,10412094361,1,"IOTHUB_CLIENT_CONFIRMATION_OK"
26612,10412094459,10412094504,1,"IOTHUB_CLIENT_CONFIRMATION_OK"
26613,10412094659,10412094705,1,"IOTHUB_CLIENT_CONFIRMATION_OK"
26614,10412094860,10412094994,1,"IOTHUB_CLIENT_CONFIRMATION_OK"
26615,10412095060,10412095104,1,"IOTHUB_CLIENT_CONFIRMATION_OK"
26616,10412095260,10412095319,1,"IOTHUB_CLIENT_CONFIRMATION_OK"
26617,10412095460,10412095604,1,"IOTHUB_CLIENT_CONFIRMATION_OK"
26618,10412095660,10412095704,1,"IOTHUB_CLIENT_CONFIRMATION_OK"
26619,10412095860,10412095916,1,"IOTHUB_CLIENT_CONFIRMATION_OK"
26620,10412096060,10412096099,1,"IOTHUB_CLIENT_CONFIRMATION_OK"
26621,10412096261,10412096334,1,"IOTHUB_CLIENT_CONFIRMATION_OK"
26622,10412096461,10412096495,1,"IOTHUB_CLIENT_CONFIRMATION_OK"
26623,10412096661,10412096718,1,"IOTHUB_CLIENT_CONFIRMATION_OK"
26624,10412096861,10412096902,1,"IOTHUB_CLIENT_CONFIRMATION_OK"
26625,10412097061,10412097271,1,"IOTHUB_CLIENT_CONFIRMATION_OK"
26626,10412097261,10412097322,1,"IOTHUB_CLIENT_CONFIRMATION_OK"
26627,10412097462,10412097586,1,"IOTHUB_CLIENT_CONFIRMATION_OK"
26628,10412097662,10412097862,1,"IOTHUB_CLIENT_CONFIRMATION_OK"
26629,10412097862,10412097936,1,"IOTHUB_CLIENT_CONFIRMATION_OK"
26630,10412098062,10412098108,1,"IOTHUB_CLIENT_CONFIRMATION_OK"
26631,10412098262,10412098298,1,"IOTHUB_CLIENT_CONFIRMATION_OK"
26632,10412098462,10412098540,1,"IOTHUB_CLIENT_CONFIRMATION_OK"
26633,10412098662,10412098702,1,"IOTHUB_CLIENT_CONFIRMATION_OK"
26634,10412098863,10412098911,1,"IOTHUB_CLIENT_CONFIRMATION_OK"
26635,10412099063,10412099106,1,"IOTHUB_CLIENT_CONFIRMATION_OK"
26636,10412099263,10412099304,1,"IOTHUB_CLIENT_CONFIRMATION_OK"
26637,10412099463,10412099510,1,"IOTHUB_CLIENT_CONFIRMATION_OK"
26638,10412099663,10412099729,1,"IOTHUB_CLIENT_CONFIRMATION_OK"
26639,10412099863,10412099899,1,"IOTHUB_CLIENT_CONFIRMATION_OK"
26640,10412100064,10412100106,1,"IOTHUB_CLIENT_CONFIRMATION_OK"
26641,10412100264,10412100308,1,"IOTHUB_CLIENT_CONFIRMATION_OK"
26642,10412100464,10412100504,1,"IOTHUB_CLIENT_CONFIRMATION_OK"
26643,10412100664,10412100705,1,"IOTHUB_CLIENT_CONFIRMATION_OK"
26644,10412100864,10412100923,1,"IOTHUB_CLIENT_CONFIRMATION_OK"
26645,10412101064,10412101111,1,"IOTHUB_CLIENT_CONFIRMATION_OK"
26646,10412101264,10412101303,1,"IOTHUB_CLIENT_CONFIRMATION_OK"
26647,10412101465,10412101506,1,"IOTHUB_CLIENT_CONFIRMATION_OK"
26648,10412101665,10412101740,1,"IOTHUB_CLIENT_CONFIRMATION_OK"
26649,10412101865,10412101906,1,"IOTHUB_CLIENT_CONFIRMATION_OK"
26650,10412102065,10412102128,1,"IOTHUB_CLIENT_CONFIRMATION_OK"
26651,10412102265,10412102306,1,"IOTHUB_CLIENT_CONFIRMATION_OK"
26652,10412102465,10412102510,1,"IOTHUB_CLIENT_CONFIRMATION_OK"
26653,10412102666,10412102773,1,"IOTHUB_CLIENT_CONFIRMATION_OK"
26654,10412102866,10412102916,1,"IOTHUB_CLIENT_CONFIRMATION_OK"
26655,10412103066,10412103121,1,"IOTHUB_CLIENT_CONFIRMATION_OK"
26656,10412103266,10412103391,1,"IOTHUB_CLIENT_CONFIRMATION_OK"
26657,10412103466,10412103508,1,"IOTHUB_CLIENT_CONFIRMATION_OK"
26658,10412103666,10412103711,1,"IOTHUB_CLIENT_CONFIRMATION_OK"
26659,10412103866,10412104004,1,"IOTHUB_CLIENT_CONFIRMATION_OK"
26660,10412104067,10412104112,1,"IOTHUB_CLIENT_CONFIRMATION_OK"
26661,10412104267,10412104314,1,"IOTHUB_CLIENT_CONFIRMATION_OK"
26662,10412104467,10412104505,1,"IOTHUB_CLIENT_CONFIRMATION_OK"
26663,10412104667,10412104712,1,"IOTHUB_CLIENT_CONFIRMATION_OK"
26664,10412104867,10412104951,1,"IOTHUB_CLIENT_CONFIRMATION_OK"
26665,10412105067,10412105116,1,"IOTHUB_CLIENT_CONFIRMATION_OK"
26666,10412105268,10412105308,1,"IOTHUB_CLIENT_CONFIRMATION_OK"
26667,10412105468,10412105630,1,"IOTHUB_CLIENT_CONFIRMATION_OK"
26668,10412105668,10412105710,1,"IOTHUB_CLIENT_CONFIRMATION_OK"
26669,10412105868,10412105932,1,"IOTHUB_CLIENT_CONFIRMATION_OK"
26670,10412106068,10412106237,1,"IOTHUB_CLIENT_CONFIRMATION_OK"
26671,10412106268,10412106310,1,"IOTHUB_CLIENT_CONFIRMATION_OK"
26672,10412106469,10412106510,1,"IOTHUB_CLIENT_CONFIRMATION_OK"
26673,10412106669,10412106714,1,"IOTHUB_CLIENT_CONFIRMATION_OK"
26674,10412106869,10412106914,1,"IOTHUB_CLIENT_CONFIRMATION_OK"
26675,10412107069,10412107105,1,"IOTHUB_CLIENT_CONFIRMATION_OK"
26676,10412107269,10412107312,1,"IOTHUB_CLIENT_CONFIRMATION_OK"
26677,10412107469,10412107511,1,"IOTHUB_CLIENT_CONFIRMATION_OK"
26678,10412107670,10412107730,1,"IOTHUB_CLIENT_CONFIRMATION_OK"
26679,10412107870,10412107918,1,"IOTHUB_CLIENT_CONFIRMATION_OK"
26680,10412108070,10412108115,1,"IOTHUB_CLIENT_CONFIRMATION_OK"
26681,10412108270,10412108383,1,"IOTHUB_CLIENT_CONFIRMATION_OK"
26682,10412108470,10412108513,1,"IOTHUB_CLIENT_CONFIRMATION_OK"
26683,10412108670,10412108717,1,"IOTHUB_CLIENT_CONFIRMATION_OK"
26684,10412108870,10412108911,1,"IOTHUB_CLIENT_CONFIRMATION_OK"
26685,10412109071,10412109119,1,"IOTHUB_CLIENT_CONFIRMATION_OK"
26686,10412109271,10412109304,1,"IOTHUB_CLIENT_CONFIRMATION_OK"
26687,10412109471,10412109539,1,"IOTHUB_CLIENT_CONFIRMATION_OK"
26688,10412109671,10412109716,1,"IOTHUB_CLIENT_CONFIRMATION_OK"
26689,10412109871,10412109913,1,"IOTHUB_CLIENT_CONFIRMATION_OK"
26690,10412110071,10412110176,1,"IOTHUB_CLIENT_CONFIRMATION_OK"
26691,10412110272,10412110388,1,"IOTHUB_CLIENT_CONFIRMATION_OK"
26692,10412110472,10412110524,1,"IOTHUB_CLIENT_CONFIRMATION_OK"
26693,10412110672,10412110752,1,"IOTHUB_CLIENT_CONFIRMATION_OK"
26694,10412110872,10412110925,1,"IOTHUB_CLIENT_CONFIRMATION_OK"
26695,10412111072,10412111138,1,"IOTHUB_CLIENT_CONFIRMATION_OK"
26696,10412111272,10412111337,1,"IOTHUB_CLIENT_CONFIRMATION_OK"
26697,10412111473,10412111515,1,"IOTHUB_CLIENT_CONFIRMATION_OK"
26698,10412111673,10412111815,1,"IOTHUB_CLIENT_CONFIRMATION_OK"
26699,10412111873,10412111946,1,"IOTHUB_CLIENT_CONFIRMATION_OK"
26700,10412112073,10412112141,1,"IOTHUB_CLIENT_CONFIRMATION_OK"
26701,10412112273,10412112419,1,"IOTHUB_CLIENT_CONFIRMATION_OK"
26702,10412112473,10412112510,1,"IOTHUB_CLIENT_CONFIRMATION_OK"
26703,10412112673,10412112712,1,"IOTHUB_CLIENT_CONFIRMATION_OK"
26704,10412112874,10412112906,1,"IOTHUB_CLIENT_CONFIRMATION_OK"
26705,10412113074,10412113238,1,"IOTHUB_CLIENT_CONFIRMATION_OK"
26706,10412113274,10412113312,1,"IOTHUB_CLIENT_CONFIRMATION_OK"
26707,10412113474,10412113530,1,"IOTHUB_CLIENT_CONFIRMATION_OK"
26708,10412113674,10412113718,1,"IOTHUB_CLIENT_CONFIRMATION_OK"
26709,10412113874,10412113936,1,"IOTHUB_CLIENT_CONFIRMATION_OK"
26710,10412114075,10412114118,1,"IOTHUB_CLIENT_CONFIRMATION_OK"
26711,10412114275,10412114321,1,"IOTHUB_CLIENT_CONFIRMATION_OK"
26712,10412114475,10412114679,1,"IOTHUB_CLIENT_CONFIRMATION_OK"
26713,10412114675,10412114709,1,"IOTHUB_CLIENT_CONFIRMATION_OK"
26714,10412114875,10412114912,1,"IOTHUB_CLIENT_CONFIRMATION_OK"
26715,10412115075,10412115110,1,"IOTHUB_CLIENT_CONFIRMATION_OK"
26716,10412115275,10412115321,1,"IOTHUB_CLIENT_CONFIRMATION_OK"
26717,10412115476,10412115510,1,"IOTHUB_CLIENT_CONFIRMATION_OK"
26718,10412115676,10412115716,1,"IOTHUB_CLIENT_CONFIRMATION_OK"
26719,10412115876,10412115927,1,"IOTHUB_CLIENT_CONFIRMATION_OK"
26720,10412116076,10412116112,1,"IOTHUB_CLIENT_CONFIRMATION_OK"
26721,10412116276,10412116333,1,"IOTHUB_CLIENT_CONFIRMATION_OK"
26722,10412116476,10412116517,1,"IOTHUB_CLIENT_CONFIRMATION_OK"
26723,10412116677,10412116741,1,"IOTHUB_CLIENT_CONFIRMATION_OK"
26724,10412116877,10412116937,1,"IOTHUB_CLIENT_CONFIRMATION_OK"
26725,10412117077,10412117116,1,"IOTHUB_CLIENT_CONFIRMATION_OK"
26726,10412117277,10412117375,1,"IOTHUB_CLIENT_CONFIRMATION_OK"
26727,10412117477,10412117525,1,"IOTHUB_CLIENT_CONFIRMATION_OK"
26728,10412117677,10412117716,1,"IOTHUB_CLIENT_CONFIRMATION_OK"
26729,10412117878,10412117991,1,"IOTHUB_CLIENT_CONFIRMATION_OK"
26730,10412118078,10412118117,1,"IOTHUB_CLIENT_CONFIRMATION_OK"
26731,10412118278,10412118315,1,"IOTHUB_CLIENT_CONFIRMATION_OK"
26732,10412118478,10412118610,1,"IOTHUB_CLIENT_CONFIRMATION_OK"
26733,10412118678,10412118718,1,"IOTHUB_CLIENT_CONFIRMATION_OK"
26734,10412118878,10412118932,1,"IOTHUB_CLIENT_CONFIRMATION_OK"
26735,10412119078,10412119119,1,"IOTHUB_CLIENT_CONFIRMATION_OK"
26736,10412119279,10412119329,1,"IOTHUB_CLIENT_CONFIRMATION_OK"
26737,10412119479,10412119534,1,"IOTHUB_CLIENT_CONFIRMATION_OK"
26738,10412119679,10412119737,1,"IOTHUB_CLIENT_CONFIRMATION_OK"
26739,10412119879,10412119930,1,"IOTHUB_CLIENT_CONFIRMATION_OK"
26740,10412120079,10412120155,1,"IOTHUB_CLIENT_CONFIRMATION_OK"
26741,10412120279,10412120478,1,"IOTHUB_CLIENT_CONFIRMATION_OK"
26742,10412120480,10412120521,1,"IOTHUB_CLIENT_CONFIRMATION_OK"
26743,10412120680,10412120741,1,"IOTHUB_CLIENT_CONFIRMATION_OK"
26744,10412120880,10412120924,1,"IOTHUB_CLIENT_CONFIRMATION_OK"
26745,10412121080,10412121121,1,"IOTHUB_CLIENT_CONFIRMATION_OK"
26746,10412121280,10412121468,1,"IOTHUB_CLIENT_CONFIRMATION_OK"
26747,10412121480,10412121526,1,"IOTHUB_CLIENT_CONFIRMATION_OK"
26748,10412121680,10412121716,1,"IOTHUB_CLIENT_CONFIRMATION_OK"
26749,10412121881,10412121915,1,"IOTHUB_CLIENT_CONFIRMATION_OK"
26750,10412122081,10412122115,1,"IOTHUB_CLIENT_CONFIRMATION_OK"
26751,10412122281,10412122328,1,"IOTHUB_CLIENT_CONFIRMATION_OK"
26752,10412122481,10412122522,1,"IOTHUB_CLIENT_CONFIRMATION_OK"
26753,10412122681,10412122719,1,"IOTHUB_CLIENT_CONFIRMATION_OK"
26754,10412122881,10412123088,1,"IOTHUB_CLIENT_CONFIRMATION_OK"
26755,10412123082,10412123119,1,"IOTHUB_CLIENT_CONFIRMATION_OK"
26756,10412123282,10412123318,1,"IOTHUB_CLIENT_CONFIRMATION_OK"
26757,10412123482,10412123604,1,"IOTHUB_CLIENT_CONFIRMATION_OK"
26758,10412123682,10412123723,1,"IOTHUB_CLIENT_CONFIRMATION_OK"
26759,10412123882,10412123936,1,"IOTHUB_CLIENT_CONFIRMATION_OK"
26760,10412124082,10412124119,1,"IOTHUB_CLIENT_CONFIRMATION_OK"
26761,10412124282,10412124324,1,"IOTHUB_CLIENT_CONFIRMATION_OK"
26762,10412124483,10412124529,1,"IOTHUB_CLIENT_CONFIRMATION_OK"
26763,10412124683,10412124720,1,"IOTHUB_CLIENT_CONFIRMATION_OK"
26764,10412124883,10412124956,1,"IOTHUB_CLIENT_CONFIRMATION_OK"
26765,10412125083,10412125125,1,"IOTHUB_CLIENT_CONFIRMATION_OK"
26766,10412125283,10412125327,1,"IOTHUB_CLIENT_CONFIRMATION_OK"
26767,10412125483,10412125522,1,"IOTHUB_CLIENT_CONFIRMATION_OK"
26768,10412125684,10412125729,1,"IOTHUB_CLIENT_CONFIRMATION_OK"
26769,10412125884,10412125928,1,"IOTHUB_CLIENT_CONFIRMATION_OK"
26770,10412126084,10412126115,1,"IOTHUB_CLIENT_CONFIRMATION_OK"
26771,10412126284,10412126334,1,"IOTHUB_CLIENT_CONFIRMATION_OK"
26772,10412126484,10412126537,1,"IOTHUB_CLIENT_CONFIRMATION_OK"
26773,10412126684,10412126821,1,"IOTHUB_CLIENT_CONFIRMATION_OK"
26774,10412126885,10412127038,1,"IOTHUB_CLIENT_CONFIRMATION_OK"
26775,10412127085,10412127119,1,"IOTHUB_CLIENT_CONFIRMATION_OK"
26776,10412127285,10412127329,1,"IOTHUB_CLIENT_CONFIRMATION_OK"
26777,10412127485,10412127551,1,"IOTHUB_CLIENT_CONFIRMATION_OK"
26778,10412127685,10412127760,1,"IOTHUB_CLIENT_CONFIRMATION_OK"
26779,10412127885,10412127924,1,"IOTHUB_CLIENT_CONFIRMATION_OK"
26780,10412128086,10412128129,1,"IOTHUB_CLIENT_CONFIRMATION_OK"
26781,10412128286,10412128331,1,"IOTHUB_CLIENT_CONFIRMATION_OK"
26782,10412128486,10412128650,1,"IOTHUB_CLIENT_CONFIRMATION_OK"
26783,10412128686,10412128760,1,"IOTHUB_CLIENT_CONFIRMATION_OK"
26784,10412128886,10412128923,1,"IOTHUB_CLIENT_CONFIRMATION_OK"
26785,10412129086,10412129270,1,"IOTHUB_CLIENT_CONFIRMATION_OK"
26786,10412129287,10412129323,1,"IOTHUB_CLIENT_CONFIRMATION_OK"
26787,10412129487,10412129527,1,"IOTHUB_CLIENT_CONFIRMATION_OK"
26788,10412129687,10412129724,1,"IOTHUB_CLIENT_CONFIRMATION_OK"
26789,10412129887,10412129923,1,"IOTHUB_CLIENT_CONFIRMATION_OK"
26790,10412130087,10412130128,1,"IOTHUB_CLIENT_CONFIRMATION_OK"
26791,10412130287,10412130347,1,"IOTHUB_CLIENT_CONFIRMATION_OK"
26792,10412130487,10412130525,1,"IOTHUB_CLIENT_CONFIRMATION_OK"
26793,10412130688,10412130741,1,"IOTHUB_CLIENT_CONFIRMATION_OK"
26794,10412130888,10412130926,1,"IOTHUB_CLIENT_CONFIRMATION_OK"
26795,10412131088,10412131130,1,"IOTHUB_CLIENT_CONFIRMATION_OK"
26796,10412131288,10412131329,1,"IOTHUB_CLIENT_CONFIRMATION_OK"
26797,10412131488,10412131526,1,"IOTHUB_CLIENT_CONFIRMATION_OK"
26798,10412131688,10412131733,1,"IOTHUB_CLIENT_CONFIRMATION_OK"
26799,10412131889,10412132168,1,"IOTHUB_CLIENT_CONFIRMATION_OK"
26800,10412132089,10412132193,1,"IOTHUB_CLIENT_CONFIRMATION_OK"
26801,10412132289,10412132356,1,"IOTHUB_CLIENT_CONFIRMATION_OK"
26802,10412132489,10412132616,1,"IOTHUB_CLIENT_CONFIRMATION_OK"
26803,10412132689,10412132730,1,"IOTHUB_CLIENT_CONFIRMATION_OK"
26804,10412132889,10412132934,1,"IOTHUB_CLIENT_CONFIRMATION_OK"
26805,10412133089,10412133132,1,"IOTHUB_CLIENT_CONFIRMATION_OK"
26806,10412133290,10412133326,1,"IOTHUB_CLIENT_CONFIRMATION_OK"
26807,10412133490,10412133531,1,"IOTHUB_CLIENT_CONFIRMATION_OK"
26808,10412133690,10412133730,1,"IOTHUB_CLIENT_CONFIRMATION_OK"
26809,10412133890,10412133933,1,"IOTHUB_CLIENT_CONFIRMATION_OK"
26810,10412134090,10412134245,1,"IOTHUB_CLIENT_CONFIRMATION_OK"
26811,10412134290,10412134336,1,"IOTHUB_CLIENT_CONFIRMATION_OK"
26812,10412134491,10412134534,1,"IOTHUB_CLIENT_CONFIRMATION_OK"
26813,10412134691,10412134876,1,"IOTHUB_CLIENT_CONFIRMATION_OK"
26814,10412134891,10412134935,1,"IOTHUB_CLIENT_CONFIRMATION_OK"
26815,10412135091,10412135131,1,"IOTHUB_CLIENT_CONFIRMATION_OK"
26816,10412135291,10412135333,1,"IOTHUB_CLIENT_CONFIRMATION_OK"
26817,10412135491,10412135543,1,"IOTHUB_CLIENT_CONFIRMATION_OK"
26818,10412135691,10412135733,1,"IOTHUB_CLIENT_CONFIRMATION_OK"
26819,10412135892,10412135939,1,"IOTHUB_CLIENT_CONFIRMATION_OK"
26820,10412136092,10412136130,1,"IOTHUB_CLIENT_CONFIRMATION_OK"
26821,10412136292,10412136336,1,"IOTHUB_CLIENT_CONFIRMATION_OK"
26822,10412136492,10412136527,1,"IOTHUB_CLIENT_CONFIRMATION_OK"
26823,10412136692,10412136733,1,"IOTHUB_CLIENT_CONFIRMATION_OK"
26824,10412136892,10412137108,1,"IOTHUB_CLIENT_CONFIRMATION_OK"
26825,10412137093,10412137129,1,"IOTHUB_CLIENT_CONFIRMATION_OK"
26826,10412137293,10412137365,1,"IOTHUB_CLIENT_CONFIRMATION_OK"
26827,10412137493,10412137533,1,"IOTHUB_CLIENT_CONFIRMATION_OK"
26828,10412137693,10412137747,1,"IOTHUB_CLIENT_CONFIRMATION_OK"
26829,10412137893,10412137942,1,"IOTHUB_CLIENT_CONFIRMATION_OK"
26830,10412138093,10412138134,1,"IOTHUB_CLIENT_CONFIRMATION_OK"
26831,10412138293,10412138435,1,"IOTHUB_CLIENT_CONFIRMATION_OK"
26832,10412138494,10412138530,1,"IOTHUB_CLIENT_CONFIRMATION_OK"
26833,10412138694,10412138745,1,"IOTHUB_CLIENT_CONFIRMATION_OK"
26834,10412138894,10412138934,1,"IOTHUB_CLIENT_CONFIRMATION_OK"
26835,10412139094,10412139131,1,"IOTHUB_CLIENT_CONFIRMATION_OK"
26836,10412139294,10412139340,1,"IOTHUB_CLIENT_CONFIRMATION_OK"
26837,10412139494,10412139541,1,"IOTHUB_CLIENT_CONFIRMATION_OK"
26838,10412139695,10412139761,1,"IOTHUB_CLIENT_CONFIRMATION_OK"
26839,10412139895,10412139938,1,"IOTHUB_CLIENT_CONFIRMATION_OK"
26840,10412140095,10412140136,1,"IOTHUB_CLIENT_CONFIRMATION_OK"
26841,10412140295,10412140356,1,"IOTHUB_CLIENT_CONFIRMATION_OK"
26842,10412140495,10412140535,1,"IOTHUB_CLIENT_CONFIRMATION_OK"
26843,10412140695,10412140740,1,"IOTHUB_CLIENT_CONFIRMATION_OK"
26844,10412140895,10412140966,1,"IOTHUB_CLIENT_CONFIRMATION_OK"
26845,10412141096,10412141133,1,"IOTHUB_CLIENT_CONFIRMATION_OK"
26846,10412141296,10412141330,1,"IOTHUB_CLIENT_CONFIRMATION_OK"
26847,10412141496,10412141572,1,"IOTHUB_CLIENT_CONFIRMATION_OK"
26848,10412141696,10412141745,1,"IOTHUB_CLIENT_CONFIRMATION_OK"
26849,10412141896,10412141943,1,"IOTHUB_CLIENT_CONFIRMATION_OK"
26850,10412142096,10412142185,1,"IOTHUB_CLIENT_CONFIRMATION_OK"
26851,10412142297,10412142343,1,"IOTHUB_CLIENT_CONFIRMATION_OK"
26852,10412142497,10412142536,1,"IOTHUB_CLIENT_CONFIRMATION_OK"
26853,10412142697,10412142741,1,"IOTHUB_CLIENT_CONFIRMATION_OK"
26854,10412142897,10412142939,1,"IOTHUB_CLIENT_CONFIRMATION_OK"
26855,10412143097,10412143207,1,"IOTHUB_CLIENT_CONFIRMATION_OK"
26856,10412143297,10412143342,1,"IOTHUB_CLIENT_CONFIRMATION_OK"
26857,10412143498,10412143534,1,"IOTHUB_CLIENT_CONFIRMATION_OK"
26858,10412143698,10412143822,1,"IOTHUB_CLIENT_CONFIRMATION_OK"
26859,10412143898,10412143955,1,"IOTHUB_CLIENT_CONFIRMATION_OK"
26860,10412144098,10412144133,1,"IOTHUB_CLIENT_CONFIRMATION_OK"
26861,10412144298,10412144429,1,"IOTHUB_CLIENT_CONFIRMATION_OK"
26862,10412144498,10412144546,1,"IOTHUB_CLIENT_CONFIRMATION_OK"
26863,10412144698,10412144753,1,"IOTHUB_CLIENT_CONFIRMATION_OK"
26864,10412144899,10412144941,1,"IOTHUB_CLIENT_CONFIRMATION_OK"
26865,10412145099,10412145140,1,"IOTHUB_CLIENT_CONFIRMATION_OK"
26866,10412145299,10412145363,1,"IOTHUB_CLIENT_CONFIRMATION_OK"
26867,10412145499,10412145553,1,"IOTHUB_CLIENT_CONFIRMATION_OK"
26868,10412145699,10412145748,1,"IOTHUB_CLIENT_CONFIRMATION_OK"
26869,10412145899,10412146042,1,"IOTHUB_CLIENT_CONFIRMATION_OK"
26870,10412146099,10412146142,1,"IOTHUB_CLIENT_CONFIRMATION_OK"
26871,10412146300,10412146335,1,"IOTHUB_CLIENT_CONFIRMATION_OK"
26872,10412146500,10412146652,1,"IOTHUB_CLIENT_CONFIRMATION_OK"
26873,10412146700,10412146736,1,"IOTHUB_CLIENT_CONFIRMATION_OK"
26874,10412146900,10412146940,1,"IOTHUB_CLIENT_CONFIRMATION_OK"
26875,10412147100,10412147145,1,"IOTHUB_CLIENT_CONFIRMATION_OK"
26876,10412147300,10412147336,1,"IOTHUB_CLIENT_CONFIRMATION_OK"
26877,10412147501,10412147551,1,"IOTHUB_CLIENT_CONFIRMATION_OK"
26878,10412147701,10412147830,1,"IOTHUB_CLIENT_CONFIRMATION_OK"
26879,10412147901,10412147943,1,"IOTHUB_CLIENT_CONFIRMATION_OK"
26880,10412148101,10412148146,1,"IOTHUB_CLIENT_CONFIRMATION_OK"
26881,10412148301,10412148340,1,"IOTHUB_CLIENT_CONFIRMATION_OK"
26882,10412148501,10412148539,1,"IOTHUB_CLIENT_CONFIRMATION_OK"
26883,10412148702,10412148901,1,"IOTHUB_CLIENT_CONFIRMATION_OK"
26884,10412148902,10412148942,1,"IOTHUB_CLIENT_CONFIRMATION_OK"
26885,10412149102,10412149180,1,"IOTHUB_CLIENT_CONFIRMATION_OK"
26886,10412149302,10412149347,1,"IOTHUB_CLIENT_CONFIRMATION_OK"
26887,10412149502,10412149584,1,"IOTHUB_CLIENT_CONFIRMATION_OK"
26888,10412149702,10412149737,1,"IOTHUB_CLIENT_CONFIRMATION_OK"
26889,10412149902,10412149955,1,"IOTHUB_CLIENT_CONFIRMATION_OK"
26890,10412150103,10412150139,1,"IOTHUB_CLIENT_CONFIRMATION_OK"
26891,10412150303,10412150337,1,"IOTHUB_CLIENT_CONFIRMATION_OK"
26892,10412150503,10412150541,1,"IOTHUB_CLIENT_CONFIRMATION_OK"
26893,10412150703,10412150746,1,"IOTHUB_CLIENT_CONFIRMATION_OK"
26894,10412150903,10412150947,1,"IOTHUB_CLIENT_CONFIRMATION_OK"
26895,10412151103,10412151145,1,"IOTHUB_CLIENT_CONFIRMATION_OK"
26896,10412151304,10412151339,1,"IOTHUB_CLIENT_CONFIRMATION_OK"
26897,10412151504,10412151568,1,"IOTHUB_CLIENT_CONFIRMATION_OK"
26898,10412151704,10412151752,1,"IOTHUB_CLIENT_CONFIRMATION_OK"
26899,10412151904,10412151942,1,"IOTHUB_CLIENT_CONFIRMATION_OK"
26900,10412152104,10412152166,1,"IOTHUB_CLIENT_CONFIRMATION_OK"
26901,10412152304,10412152343,1,"IOTHUB_CLIENT_CONFIRMATION_OK"
26902,10412152504,10412152551,1,"IOTHUB_CLIENT_CONFIRMATION_OK"
26903,10412152705,10412152791,1,"IOTHUB_CLIENT_CONFIRMATION_OK"
26904,10412152905,10412152983,1,"IOTHUB_CLIENT_CONFIRMATION_OK"
26905,10412153105,10412153168,1,"IOTHUB_CLIENT_CONFIRMATION_OK"
26906,10412153305,10412153352,1,"IOTHUB_CLIENT_CONFIRMATION_OK"
26907,10412153505,10412153558,1,"IOTHUB_CLIENT_CONFIRMATION_OK"
26908,10412153705,10412153769,1,"IOTHUB_CLIENT_CONFIRMATION_OK"
26909,10412153906,10412153943,1,"IOTHUB_CLIENT_CONFIRMATION_OK"
26910,10412154106,10412154211,1,"IOTHUB_CLIENT_CONFIRMATION_OK"
26911,10412154306,10412154484,1,"IOTHUB_CLIENT_CONFIRMATION_OK"
26912,10412154506,10412154545,1,"IOTHUB_CLIENT_CONFIRMATION_OK"
26913,10412154706,10412154768,1,"IOTHUB_CLIENT_CONFIRMATION_OK"
26914,10412154906,10412155088,1,"IOTHUB_CLIENT_CONFIRMATION_OK"
26915,10412155107,10412155148,1,"IOTHUB_CLIENT_CONFIRMATION_OK"
26916,10412155307,10412155342,1,"IOTHUB_CLIENT_CONFIRMATION_OK"
26917,10412155507,10412155571,1,"IOTHUB_CLIENT_CONFIRMATION_OK"
26918,10412155707,10412155770,1,"IOTHUB_CLIENT_CONFIRMATION_OK"
26919,10412155907,10412155965,1,"IOTHUB_CLIENT_CONFIRMATION_OK"
26920,10412156107,10412156150,1,"IOTHUB_CLIENT_CONFIRMATION_OK"
26921,10412156307,10412156349,1,"IOTHUB_CLIENT_CONFIRMATION_OK"
26922,10412156508,10412156561,1,"IOTHUB_CLIENT_CONFIRMATION_OK"
26923,10412156708,10412156749,1,"IOTHUB_CLIENT_CONFIRMATION_OK"
26924,10412156908,10412156983,1,"IOTHUB_CLIENT_CONFIRMATION_OK"
26925,10412157108,10412157142,1,"IOTHUB_CLIENT_CONFIRMATION_OK"
26926,10412157308,10412157351,1,"IOTHUB_CLIENT_CONFIRMATION_OK"
26927,10412157508,10412157549,1,"IOTHUB_CLIENT_CONFIRMATION_OK"
26928,10412157709,10412157772,1,"IOTHUB_CLIENT_CONFIRMATION_OK"
26929,10412157909,10412157952,1,"IOTHUB_CLIENT_CONFIRMATION_OK"
26930,10412158109,10412158153,1,"IOTHUB_CLIENT_CONFIRMATION_OK"
26931,10412158309,10412158353,1,"IOTHUB_CLIENT_CONFIRMATION_OK"
26932,10412158509,10412158591,1,"IOTHUB_CLIENT_CONFIRMATION_OK"
26933,10412158709,10412158746,1,"IOTHUB_CLIENT_CONFIRMATION_OK"
26934,10412158909,10412158956,1,"IOTHUB_CLIENT_CONFIRMATION_OK"
26935,10412159110,10412159183,1,"IOTHUB_CLIENT_CONFIRMATION_OK"
26936,10412159310,10412159358,1,"IOTHUB_CLIENT_CONFIRMATION_OK"
26937,10412159510,10412159553,1,"IOTHUB_CLIENT_CONFIRMATION_OK"
26938,10412159710,10412159750,1,"IOTHUB_CLIENT_CONFIRMATION_OK"
26939,10412159910,10412160027,1,"IOTHUB_CLIENT_CONFIRMATION_OK"
26940,10412160110,10412160250,1,"IOTHUB_CLIENT_CONFIRMATION_OK"
26941,10412160311,10412160350,1,"IOTHUB_CLIENT_CONFIRMATION_OK"
26942,10412160511,10412160547,1,"IOTHUB_CLIENT_CONFIRMATION_OK"
26943,10412160711,10412160794,1,"IOTHUB_CLIENT_CONFIRMATION_OK"
26944,10412160911,10412160958,1,"IOTHUB_CLIENT_CONFIRMATION_OK"
26945,10412161111,10412161159,1,"IOTHUB_CLIENT_CONFIRMATION_OK"
26946,10412161311,10412161354,1,"IOTHUB_CLIENT_CONFIRMATION_OK"
26947,10412161511,10412161685,1,"IOTHUB_CLIENT_CONFIRMATION_OK"
26948,10412161712,10412161760,1,"IOTHUB_CLIENT_CONFIRMATION_OK"
26949,10412161912,10412162096,1,"IOTHUB_CLIENT_CONFIRMATION_OK"
26950,10412162112,10412162152,1,"IOTHUB_CLIENT_CONFIRMATION_OK"
26951,10412162312,10412162530,1,"IOTHUB_CLIENT_CONFIRMATION_OK"
26952,10412162512,10412162553,1,"IOTHUB_CLIENT_CONFIRMATION_OK"
26953,10412162712,10412162919,1,"IOTHUB_CLIENT_CONFIRMATION_OK"
26954,10412162913,10412162960,1,"IOTHUB_CLIENT_CONFIRMATION_OK"
26955,10412163113,10412163151,1,"IOTHUB_CLIENT_CONFIRMATION_OK"
26956,10412163313,10412163356,1,"IOTHUB_CLIENT_CONFIRMATION_OK"
26957,10412163513,10412163558,1,"IOTHUB_CLIENT_CONFIRMATION_OK"
26958,10412163713,10412163757,1,"IOTHUB_CLIENT_CONFIRMATION_OK"
26959,10412163913,10412163953,1,"IOTHUB_CLIENT_CONFIRMATION_OK"
26960,10412164114,10412164159,1,"IOTHUB_CLIENT_CONFIRMATION_OK"
26961,10412164314,10412164349,1,"IOTHUB_CLIENT_CONFIRMATION_OK"
26962,10412164514,10412164559,1,"IOTHUB_CLIENT_CONFIRMATION_OK"
26963,10412164714,10412164756,1,"IOTHUB_CLIENT_CONFIRMATION_OK"
26964,10412164914,10412164965,1,"IOTHUB_CLIENT_CONFIRMATION_OK"
26965,10412165114,10412165218,1,"IOTHUB_CLIENT_CONFIRMATION_OK"
26966,10412165314,10412165386,1,"IOTHUB_CLIENT_CONFIRMATION_OK"
26967,10412165515,10412165591,1,"IOTHUB_CLIENT_CONFIRMATION_OK"
26968,10412165715,10412165763,1,"IOTHUB_CLIENT_CONFIRMATION_OK"
26969,10412165915,10412165970,1,"IOTHUB_CLIENT_CONFIRMATION_OK"
26970,10412166115,10412166222,1,"IOTHUB_CLIENT_CONFIRMATION_OK"
26971,10412166315,10412166359,1,"IOTHUB_CLIENT_CONFIRMATION_OK"
26972,10412166515,10412166565,1,"IOTHUB_CLIENT_CONFIRMATION_OK"
26973,10412166716,10412166809,1,"IOTHUB_CLIENT_CONFIRMATION_OK"
26974,10412166916,10412166956,1,"IOTHUB_CLIENT_CONFIRMATION_OK"
26975,10412167116,10412167162,1,"IOTHUB_CLIENT_CONFIRMATION_OK"
26976,10412167316,10412167446,1,"IOTHUB_CLIENT_CONFIRMATION_OK"
26977,10412167516,10412167561,1,"IOTHUB_CLIENT_CONFIRMATION_OK"
26978,10412167716,10412167765,1,"IOTHUB_CLIENT_CONFIRMATION_OK"
26979,10412167916,10412167955,1,"IOTHUB_CLIENT_CONFIRMATION_OK"
26980,10412168117,10412168180,1,"IOTHUB_CLIENT_CONFIRMATION_OK"
26981,10412168317,10412168395,1,"IOTHUB_CLIENT_CONFIRMATION_OK"
26982,10412168517,10412168558,1,"IOTHUB_CLIENT_CONFIRMATION_OK"
26983,10412168717,10412168786,1,"IOTHUB_CLIENT_CONFIRMATION_OK"
26984,10412168917,10412169045,1,"IOTHUB_CLIENT_CONFIRMATION_OK"
26985,10412169117,10412169159,1,"IOTHUB_CLIENT_CONFIRMATION_OK"
26986,10412169318,10412169360,1,"IOTHUB_CLIENT_CONFIRMATION_OK"
26987,10412169518,10412169656,1,"IOTHUB_CLIENT_CONFIRMATION_OK"
26988,10412169718,10412169763,1,"IOTHUB_CLIENT_CONFIRMATION_OK"
26989,10412169918,10412169958,1,"IOTHUB_CLIENT_CONFIRMATION_OK"
26990,10412170118,10412170154,1,"IOTHUB_CLIENT_CONFIRMATION_OK"
26991,10412170318,10412170356,1,"IOTHUB_CLIENT_CONFIRMATION_OK"
26992,10412170519,10412170564,1,"IOTHUB_CLIENT_CONFIRMATION_OK"
26993,10412170719,10412170759,1,"IOTHUB_CLIENT_CONFIRMATION_OK"
26994,10412170919,10412170960,1,"IOTHUB_CLIENT_CONFIRMATION_OK"
26995,10412171119,10412171162,1,"IOTHUB_CLIENT_CONFIRMATION_OK"
26996,10412171319,10412171355,1,"IOTHUB_CLIENT_CONFIRMATION_OK"
26997,10412171519,10412171615,1,"IOTHUB_CLIENT_CONFIRMATION_OK"
26998,10412171720,10412171748,1,"IOTHUB_CLIENT_CONFIRMATION_OK"
26999,10412171920,10412171948,1,"IOTHUB_CLIENT_CONFIRMATION_OK"
