Message ID,Send Time,Receive Time,Status,Error
0,10406765072,10406770247,1,"IOTHUB_CLIENT_CONFIRMATION_OK"
1,10406765272,10406770293,1,"IOTHUB_CLIENT_CONFIRMATION_OK"
2,10406770306,10406770358,1,"IOTHUB_CLIENT_CONFIRMATION_OK"
3,10406770506,10406770595,1,"IOTHUB_CLIENT_CONFIRMATION_OK"
4,10406770706,10406770762,1,"IOTHUB_CLIENT_CONFIRMATION_OK"
5,10406770906,10406770986,1,"IOTHUB_CLIENT_CONFIRMATION_OK"
6,10406771107,10406771217,1,"IOTHUB_CLIENT_CONFIRMATION_OK"
7,10406771307,10406771384,1,"IOTHUB_CLIENT_CONFIRMATION_OK"
8,10406771507,10406771555,1,"IOTHUB_CLIENT_CONFIRMATION_OK"
9,10406771707,10406771762,1,"IOTHUB_CLIENT_CONFIRMATION_OK"
10,10406771907,10406771950,1,"IOTHUB_CLIENT_CONFIRMATION_OK"
11,10406772107,10406772161,1,"IOTHUB_CLIENT_CONFIRMATION_OK"
12,10406772308,10406772347,1,"IOTHUB_CLIENT_CONFIRMATION_OK"
13,10406772508,10406772572,1,"IOTHUB_CLIENT_CONFIRMATION_OK"
14,10406772708,10406772800,1,"IOTHUB_CLIENT_CONFIRMATION_OK"
15,10406772908,10406772949,1,"IOTHUB_CLIENT_CONFIRMATION_OK"
16,10406773108,10406773258,1,"IOTHUB_CLIENT_CONFIRMATION_OK"
17,10406773308,10406773369,1,"IOTHUB_CLIENT_CONFIRMATION_OK"
18,10406773508,10406773544,1,"IOTHUB_CLIENT_CONFIRMATION_OK"
19,10406773709,10406773766,1,"IOTHUB_CLIENT_CONFIRMATION_OK"
20,10406773909,10406773968,1,"IOTHUB_CLIENT_CONFIRMATION_OK"
21,10406774109,10406774146,1,"IOTHUB_CLIENT_CONFIRMATION_OK"
22,10406774309,10406774355,1,"IOTHUB_CLIENT_CONFIRMATION_OK"
23,10406774509,10406774637,1,"IOTHUB_CLIENT_CONFIRMATION_OK"
24,10406774709,10406774767,1,"IOTHUB_CLIENT_CONFIRMATION_OK"
25,10406774910,10406774947,1,"IOTHUB_CLIENT_CONFIRMATION_OK"
26,10406775110,10406775154,1,"IOTHUB_CLIENT_CONFIRMATION_OK"
27,10406775310,10406775357,1,"IOTHUB_CLIENT_CONFIRMATION_OK"
28,10406775510,10406775552,1,"IOTHUB_CLIENT_CONFIRMATION_OK"
29,10406775710,10406775786,1,"IOTHUB_CLIENT_CONFIRMATION_OK"
30,10406775910,10406775959,1,"IOTHUB_CLIENT_CONFIRMATION_OK"
31,10406776111,10406776176,1,"IOTHUB_CLIENT_CONFIRMATION_OK"
32,10406776311,10406776357,1,"IOTHUB_CLIENT_CONFIRMATION_OK"
33,10406776511,10406776578,1,"IOTHUB_CLIENT_CONFIRMATION_OK"
34,10406776711,10406776755,1,"IOTHUB_CLIENT_CONFIRMATION_OK"
35,10406776911,10406776949,1,"IOTHUB_CLIENT_CONFIRMATION_OK"
36,10406777111,10406777159,1,"IOTHUB_CLIENT_CONFIRMATION_OK"
37,10406777311,10406777348,1,"IOTHUB_CLIENT_CONFIRMATION_OK"
38,10406777512,10406777560,1,"IOTHUB_CLIENT_CONFIRMATION_OK"
39,10406777712,10406777770,1,"IOTHUB_CLIENT_CONFIRMATION_OK"
40,10406777912,10406777976,1,"IOTHUB_CLIENT_CONFIRMATION_OK"
41,10406778112,10406778150,1,"IOTHUB_CLIENT_CONFIRMATION_OK"
42,10406778312,10406778454,1,"IOTHUB_CLIENT_CONFIRMATION_OK"
43,10406778512,10406778574,1,"IOTHUB_CLIENT_CONFIRMATION_OK"
44,10406778713,10406778766,1,"IOTHUB_CLIENT_CONFIRMATION_OK"
45,10406778913,10406778983,1,"IOTHUB_CLIENT_CONFIRMATION_OK"
46,10406779113,10406779167,1,"IOTHUB_CLIENT_CONFIRMATION_OK"
47,10406779313,10406779359,1,"IOTHUB_CLIENT_CONFIRMATION_OK"
48,10406779513,10406779553,1,"IOTHUB_CLIENT_CONFIRMATION_OK"
49,10406779713,10406779761,1,"IOTHUB_CLIENT_CONFIRMATION_OK"
50,10406779913,10406779974,1,"IOTHUB_CLIENT_CONFIRMATION_OK"
51,10406780114,10406780155,1,"IOTHUB_CLIENT_CONFIRMATION_OK"
52,10406780314,10406780367,1,"IOTHUB_CLIENT_CONFIRMATION_OK"
53,10406780514,10406780585,1,"IOTHUB_CLIENT_CONFIRMATION_OK"
54,10406780714,10406780771,1,"IOTHUB_CLIENT_CONFIRMATION_OK"
55,10406780914,10406780988,1,"IOTHUB_CLIENT_CONFIRMATION_OK"
56,10406781114,10406781198,1,"IOTHUB_CLIENT_CONFIRMATION_OK"
57,10406781315,10406781384,1,"IOTHUB_CLIENT_CONFIRMATION_OK"
58,10406781515,10406781566,1,"IOTHUB_CLIENT_CONFIRMATION_OK"
59,10406781715,10406781761,1,"IOTHUB_CLIENT_CONFIRMATION_OK"
60,10406781915,10406781960,1,"IOTHUB_CLIENT_CONFIRMATION_OK"
61,10406782115,10406782158,1,"IOTHUB_CLIENT_CONFIRMATION_OK"
62,10406782315,10406782364,1,"IOTHUB_CLIENT_CONFIRMATION_OK"
63,10406782516,10406782614,1,"IOTHUB_CLIENT_CONFIRMATION_OK"
64,10406782716,10406782777,1,"IOTHUB_CLIENT_CONFIRMATION_OK"
65,10406782916,10406782955,1,"IOTHUB_CLIENT_CONFIRMATION_OK"
66,10406783116,10406783215,1,"IOTHUB_CLIENT_CONFIRMATION_OK"
67,10406783316,10406783366,1,"IOTHUB_CLIENT_CONFIRMATION_OK"
68,10406783516,10406783573,1,"IOTHUB_CLIENT_CONFIRMATION_OK"
69,10406783717,10406783807,1,"IOTHUB_CLIENT_CONFIRMATION_OK"
70,10406783917,10406783982,1,"IOTHUB_CLIENT_CONFIRMATION_OK"
71,10406784117,10406784161,1,"IOTHUB_CLIENT_CONFIRMATION_OK"
72,10406784317,10406784367,1,"IOTHUB_CLIENT_CONFIRMATION_OK"
73,10406784517,10406784722,1,"IOTHUB_CLIENT_CONFIRMATION_OK"
74,10406784717,10406784760,1,"IOTHUB_CLIENT_CONFIRMATION_OK"
75,10406784918,10406785011,1,"IOTHUB_CLIENT_CONFIRMATION_OK"
76,10406785118,10406785188,1,"IOTHUB_CLIENT_CONFIRMATION_OK"
77,10406785318,10406785381,1,"IOTHUB_CLIENT_CONFIRMATION_OK"
78,10406785518,10406785564,1,"IOTHUB_CLIENT_CONFIRMATION_OK"
79,10406785718,10406785760,1,"IOTHUB_CLIENT_CONFIRMATION_OK"
80,10406785918,10406785980,1,"IOTHUB_CLIENT_CONFIRMATION_OK"
81,10406786119,10406786198,1,"IOTHUB_CLIENT_CONFIRMATION_OK"
82,10406786319,10406786372,1,"IOTHUB_CLIENT_CONFIRMATION_OK"
83,10406786519,10406786573,1,"IOTHUB_CLIENT_CONFIRMATION_OK"
84,10406786719,10406786757,1,"IOTHUB_CLIENT_CONFIRMATION_OK"
85,10406786919,10406786969,1,"IOTHUB_CLIENT_CONFIRMATION_OK"
86,10406787119,10406787169,1,"IOTHUB_CLIENT_CONFIRMATION_OK"
87,10406787320,10406787359,1,"IOTHUB_CLIENT_CONFIRMATION_OK"
88,10406787520,10406787566,1,"IOTHUB_CLIENT_CONFIRMATION_OK"
89,10406787720,10406787760,1,"IOTHUB_CLIENT_CONFIRMATION_OK"
90,10406787920,10406788020,1,"IOTHUB_CLIENT_CONFIRMATION_OK"
91,10406788120,10406788175,1,"IOTHUB_CLIENT_CONFIRMATION_OK"
92,10406788320,10406788360,1,"IOTHUB_CLIENT_CONFIRMATION_OK"
93,10406788521,10406788612,1,"IOTHUB_CLIENT_CONFIRMATION_OK"
94,10406788721,10406788775,1,"IOTHUB_CLIENT_CONFIRMATION_OK"
95,10406788921,10406788968,1,"IOTHUB_CLIENT_CONFIRMATION_OK"
96,10406789121,10406789230,1,"IOTHUB_CLIENT_CONFIRMATION_OK"
97,10406789321,10406789410,1,"IOTHUB_CLIENT_CONFIRMATION_OK"
98,10406789521,10406789564,1,"IOTHUB_CLIENT_CONFIRMATION_OK"
99,10406789721,10406789762,1,"IOTHUB_CLIENT_CONFIRMATION_OK"
100,10406789922,10406789967,1,"IOTHUB_CLIENT_CONFIRMATION_OK"
101,10406790122,10406790176,1,"IOTHUB_CLIENT_CONFIRMATION_OK"
102,10406790322,10406790359,1,"IOTHUB_CLIENT_CONFIRMATION_OK"
103,10406790522,10406790594,1,"IOTHUB_CLIENT_CONFIRMATION_OK"
104,10406790722,10406790774,1,"IOTHUB_CLIENT_CONFIRMATION_OK"
105,10406790922,10406790985,1,"IOTHUB_CLIENT_CONFIRMATION_OK"
106,10406791123,10406791286,1,"IOTHUB_CLIENT_CONFIRMATION_OK"
107,10406791323,10406791382,1,"IOTHUB_CLIENT_CONFIRMATION_OK"
108,10406791523,10406791584,1,"IOTHUB_CLIENT_CONFIRMATION_OK"
109,10406791723,10406791760,1,"IOTHUB_CLIENT_CONFIRMATION_OK"
110,10406791923,10406791962,1,"IOTHUB_CLIENT_CONFIRMATION_OK"
111,10406792123,10406792165,1,"IOTHUB_CLIENT_CONFIRMATION_OK"
112,10406792324,10406792366,1,"IOTHUB_CLIENT_CONFIRMATION_OK"
113,10406792524,10406792567,1,"IOTHUB_CLIENT_CONFIRMATION_OK"
114,10406792724,10406792794,1,"IOTHUB_CLIENT_CONFIRMATION_OK"
115,10406792924,10406792975,1,"IOTHUB_CLIENT_CONFIRMATION_OK"
116,10406793124,10406793323,1,"IOTHUB_CLIENT_CONFIRMATION_OK"
117,10406793324,10406793371,1,"IOTHUB_CLIENT_CONFIRMATION_OK"
118,10406793524,10406793605,1,"IOTHUB_CLIENT_CONFIRMATION_OK"
119,10406793725,10406793774,1,"IOTHUB_CLIENT_CONFIRMATION_OK"
120,10406793925,10406793973,1,"IOTHUB_CLIENT_CONFIRMATION_OK"
121,10406794125,10406794165,1,"IOTHUB_CLIENT_CONFIRMATION_OK"
122,10406794325,10406794369,1,"IOTHUB_CLIENT_CONFIRMATION_OK"
123,10406794525,10406794560,1,"IOTHUB_CLIENT_CONFIRMATION_OK"
124,10406794725,10406794775,1,"IOTHUB_CLIENT_CONFIRMATION_OK"
125,10406794926,10406794979,1,"IOTHUB_CLIENT_CONFIRMATION_OK"
126,10406795126,10406795186,1,"IOTHUB_CLIENT_CONFIRMATION_OK"
127,10406795326,10406795373,1,"IOTHUB_CLIENT_CONFIRMATION_OK"
128,10406795526,10406795577,1,"IOTHUB_CLIENT_CONFIRMATION_OK"
129,10406795726,10406795766,1,"IOTHUB_CLIENT_CONFIRMATION_OK"
130,10406795926,10406795980,1,"IOTHUB_CLIENT_CONFIRMATION_OK"
131,10406796127,10406796179,1,"IOTHUB_CLIENT_CONFIRMATION_OK"
132,10406796327,10406796401,1,"IOTHUB_CLIENT_CONFIRMATION_OK"
133,10406796527,10406796610,1,"IOTHUB_CLIENT_CONFIRMATION_OK"
134,10406796727,10406796781,1,"IOTHUB_CLIENT_CONFIRMATION_OK"
135,10406796927,10406796972,1,"IOTHUB_CLIENT_CONFIRMATION_OK"
136,10406797127,10406797217,1,"IOTHUB_CLIENT_CONFIRMATION_OK"
137,10406797327,10406797374,1,"IOTHUB_CLIENT_CONFIRMATION_OK"
138,10406797528,10406797567,1,"IOTHUB_CLIENT_CONFIRMATION_OK"
139,10406797728,10406797789,1,"IOTHUB_CLIENT_CONFIRMATION_OK"
140,10406797928,10406797979,1,"IOTHUB_CLIENT_CONFIRMATION_OK"
141,10406798128,10406798167,1,"IOTHUB_CLIENT_CONFIRMATION_OK"
142,10406798328,10406798372,1,"IOTHUB_CLIENT_CONFIRMATION_OK"
143,10406798528,10406798649,1,"IOTHUB_CLIENT_CONFIRMATION_OK"
144,10406798729,10406798843,1,"IOTHUB_CLIENT_CONFIRMATION_OK"
145,10406798929,10406798979,1,"IOTHUB_CLIENT_CONFIRMATION_OK"
146,10406799129,10406799293,1,"IOTHUB_CLIENT_CONFIRMATION_OK"
147,10406799329,10406799375,1,"IOTHUB_CLIENT_CONFIRMATION_OK"
148,10406799529,10406799575,1,"IOTHUB_CLIENT_CONFIRMATION_OK"
149,10406799729,10406799809,1,"IOTHUB_CLIENT_CONFIRMATION_OK"
150,10406799930,10406799990,1,"IOTHUB_CLIENT_CONFIRMATION_OK"
151,10406800130,10406800175,1,"IOTHUB_CLIENT_CONFIRMATION_OK"
152,10406800330,10406800403,1,"IOTHUB_CLIENT_CONFIRMATION_OK"
153,10406800530,10406800577,1,"IOTHUB_CLIENT_CONFIRMATION_OK"
154,10406800730,10406800775,1,"IOTHUB_CLIENT_CONFIRMATION_OK"
155,10406800930,10406800972,1,"IOTHUB_CLIENT_CONFIRMATION_OK"
156,10406801131,10406801182,1,"IOTHUB_CLIENT_CONFIRMATION_OK"
157,10406801331,10406801382,1,"IOTHUB_CLIENT_CONFIRMATION_OK"
158,10406801531,10406801573,1,"IOTHUB_CLIENT_CONFIRMATION_OK"
159,10406801731,10406801805,1,"IOTHUB_CLIENT_CONFIRMATION_OK"
160,10406801931,10406801986,1,"IOTHUB_CLIENT_CONFIRMATION_OK"
161,10406802131,10406802172,1,"IOTHUB_CLIENT_CONFIRMATION_OK"
162,10406802332,10406802382,1,"IOTHUB_CLIENT_CONFIRMATION_OK"
163,10406802532,10406802602,1,"IOTHUB_CLIENT_CONFIRMATION_OK"
164,10406802732,10406802773,1,"IOTHUB_CLIENT_CONFIRMATION_OK"
165,10406802932,10406802977,1,"IOTHUB_CLIENT_CONFIRMATION_OK"
166,10406803132,10406803177,1,"IOTHUB_CLIENT_CONFIRMATION_OK"
167,10406803332,10406803453,1,"IOTHUB_CLIENT_CONFIRMATION_OK"
168,10406803533,10406803598,1,"IOTHUB_CLIENT_CONFIRMATION_OK"
169,10406803733,10406803774,1,"IOTHUB_CLIENT_CONFIRMATION_OK"
170,10406803933,10406803995,1,"IOTHUB_CLIENT_CONFIRMATION_OK"
171,10406804133,10406804172,1,"IOTHUB_CLIENT_CONFIRMATION_OK"
172,10406804333,10406804385,1,"IOTHUB_CLIENT_CONFIRMATION_OK"
173,10406804533,10406804592,1,"IOTHUB_CLIENT_CONFIRMATION_OK"
174,10406804734,10406804777,1,"IOTHUB_CLIENT_CONFIRMATION_OK"
175,10406804934,10406804986,1,"IOTHUB_CLIENT_CONFIRMATION_OK"
176,10406805134,10406805198,1,"IOTHUB_CLIENT_CONFIRMATION_OK"
177,10406805334,10406805390,1,"IOTHUB_CLIENT_CONFIRMATION_OK"
178,10406805534,10406805599,1,"IOTHUB_CLIENT_CONFIRMATION_OK"
179,10406805734,10406805772,1,"IOTHUB_CLIENT_CONFIRMATION_OK"
180,10406805934,10406805987,1,"IOTHUB_CLIENT_CONFIRMATION_OK"
181,10406806135,10406806221,1,"IOTHUB_CLIENT_CONFIRMATION_OK"
182,10406806335,10406806375,1,"IOTHUB_CLIENT_CONFIRMATION_OK"
183,10406806535,10406806585,1,"IOTHUB_CLIENT_CONFIRMATION_OK"
184,10406806735,10406806811,1,"IOTHUB_CLIENT_CONFIRMATION_OK"
185,10406806935,10406806981,1,"IOTHUB_CLIENT_CONFIRMATION_OK"
186,10406807135,10406807336,1,"IOTHUB_CLIENT_CONFIRMATION_OK"
187,10406807336,10406807380,1,"IOTHUB_CLIENT_CONFIRMATION_OK"
188,10406807536,10406807589,1,"IOTHUB_CLIENT_CONFIRMATION_OK"
189,10406807736,10406807819,1,"IOTHUB_CLIENT_CONFIRMATION_OK"
190,10406807936,10406807995,1,"IOTHUB_CLIENT_CONFIRMATION_OK"
191,10406808136,10406808193,1,"IOTHUB_CLIENT_CONFIRMATION_OK"
192,10406808336,10406808409,1,"IOTHUB_CLIENT_CONFIRMATION_OK"
193,10406808537,10406808599,1,"IOTHUB_CLIENT_CONFIRMATION_OK"
194,10406808737,10406808779,1,"IOTHUB_CLIENT_CONFIRMATION_OK"
195,10406808937,10406808982,1,"IOTHUB_CLIENT_CONFIRMATION_OK"
196,10406809137,10406809204,1,"IOTHUB_CLIENT_CONFIRMATION_OK"
197,10406809337,10406809386,1,"IOTHUB_CLIENT_CONFIRMATION_OK"
198,10406809537,10406809580,1,"IOTHUB_CLIENT_CONFIRMATION_OK"
199,10406809738,10406809775,1,"IOTHUB_CLIENT_CONFIRMATION_OK"
200,10406809938,10406809990,1,"IOTHUB_CLIENT_CONFIRMATION_OK"
201,10406810138,10406810186,1,"IOTHUB_CLIENT_CONFIRMATION_OK"
202,10406810338,10406810380,1,"IOTHUB_CLIENT_CONFIRMATION_OK"
203,10406810538,10406810601,1,"IOTHUB_CLIENT_CONFIRMATION_OK"
204,10406810738,10406810787,1,"IOTHUB_CLIENT_CONFIRMATION_OK"
205,10406810938,10406811101,1,"IOTHUB_CLIENT_CONFIRMATION_OK"
206,10406811139,10406811201,1,"IOTHUB_CLIENT_CONFIRMATION_OK"
207,10406811339,10406811454,1,"IOTHUB_CLIENT_CONFIRMATION_OK"
208,10406811539,10406811586,1,"IOTHUB_CLIENT_CONFIRMATION_OK"
209,10406811739,10406811869,1,"IOTHUB_CLIENT_CONFIRMATION_OK"
210,10406811939,10406811991,1,"IOTHUB_CLIENT_CONFIRMATION_OK"
211,10406812139,10406812189,1,"IOTHUB_CLIENT_CONFIRMATION_OK"
212,10406812340,10406812381,1,"IOTHUB_CLIENT_CONFIRMATION_OK"
213,10406812540,10406812596,1,"IOTHUB_CLIENT_CONFIRMATION_OK"
214,10406812740,10406812799,1,"IOTHUB_CLIENT_CONFIRMATION_OK"
215,10406812940,10406812991,1,"IOTHUB_CLIENT_CONFIRMATION_OK"
216,10406813140,10406813333,1,"IOTHUB_CLIENT_CONFIRMATION_OK"
217,10406813340,10406813392,1,"IOTHUB_CLIENT_CONFIRMATION_OK"
218,10406813540,10406813583,1,"IOTHUB_CLIENT_CONFIRMATION_OK"
219,10406813741,10406813789,1,"IOTHUB_CLIENT_CONFIRMATION_OK"
220,10406813941,10406813978,1,"IOTHUB_CLIENT_CONFIRMATION_OK"
221,10406814141,10406814182,1,"IOTHUB_CLIENT_CONFIRMATION_OK"
222,10406814341,10406814386,1,"IOTHUB_CLIENT_CONFIRMATION_OK"
223,10406814541,10406814590,1,"IOTHUB_CLIENT_CONFIRMATION_OK"
224,10406814741,10406814809,1,"IOTHUB_CLIENT_CONFIRMATION_OK"
225,10406814942,10406815016,1,"IOTHUB_CLIENT_CONFIRMATION_OK"
226,10406815142,10406815189,1,"IOTHUB_CLIENT_CONFIRMATION_OK"
227,10406815342,10406815442,1,"IOTHUB_CLIENT_CONFIRMATION_OK"
228,10406815542,10406815585,1,"IOTHUB_CLIENT_CONFIRMATION_OK"
229,10406815742,10406815780,1,"IOTHUB_CLIENT_CONFIRMATION_OK"
230,10406815942,10406815988,1,"IOTHUB_CLIENT_CONFIRMATION_OK"
231,10406816143,10406816188,1,"IOTHUB_CLIENT_CONFIRMATION_OK"
232,10406816343,10406816391,1,"IOTHUB_CLIENT_CONFIRMATION_OK"
233,10406816543,10406816629,1,"IOTHUB_CLIENT_CONFIRMATION_OK"
234,10406816743,10406816792,1,"IOTHUB_CLIENT_CONFIRMATION_OK"
235,10406816943,10406816989,1,"IOTHUB_CLIENT_CONFIRMATION_OK"
236,10406817143,10406817202,1,"IOTHUB_CLIENT_CONFIRMATION_OK"
237,10406817343,10406817423,1,"IOTHUB_CLIENT_CONFIRMATION_OK"
238,10406817544,10406817605,1,"IOTHUB_CLIENT_CONFIRMATION_OK"
239,10406817744,10406817797,1,"IOTHUB_CLIENT_CONFIRMATION_OK"
240,10406817944,10406817996,1,"IOTHUB_CLIENT_CONFIRMATION_OK"
241,10406818144,10406818192,1,"IOTHUB_CLIENT_CONFIRMATION_OK"
242,10406818344,10406818377,1,"IOTHUB_CLIENT_CONFIRMATION_OK"
243,10406818544,10406818637,1,"IOTHUB_CLIENT_CONFIRMATION_OK"
244,10406818745,10406818812,1,"IOTHUB_CLIENT_CONFIRMATION_OK"
245,10406818945,10406819002,1,"IOTHUB_CLIENT_CONFIRMATION_OK"
246,10406819145,10406819262,1,"IOTHUB_CLIENT_CONFIRMATION_OK"
247,10406819345,10406819383,1,"IOTHUB_CLIENT_CONFIRMATION_OK"
248,10406819545,10406819602,1,"IOTHUB_CLIENT_CONFIRMATION_OK"
249,10406819745,10406819785,1,"IOTHUB_CLIENT_CONFIRMATION_OK"
250,10406819945,10406820004,1,"IOTHUB_CLIENT_CONFIRMATION_OK"
251,10406820146,10406820188,1,"IOTHUB_CLIENT_CONFIRMATION_OK"
252,10406820346,10406820394,1,"IOTHUB_CLIENT_CONFIRMATION_OK"
253,10406820546,10406820591,1,"IOTHUB_CLIENT_CONFIRMATION_OK"
254,10406820746,10406820784,1,"IOTHUB_CLIENT_CONFIRMATION_OK"
255,10406820946,10406820996,1,"IOTHUB_CLIENT_CONFIRMATION_OK"
256,10406821146,10406821295,1,"IOTHUB_CLIENT_CONFIRMATION_OK"
257,10406821347,10406821424,1,"IOTHUB_CLIENT_CONFIRMATION_OK"
258,10406821547,10406821585,1,"IOTHUB_CLIENT_CONFIRMATION_OK"
259,10406821747,10406821785,1,"IOTHUB_CLIENT_CONFIRMATION_OK"
260,10406821947,10406822049,1,"IOTHUB_CLIENT_CONFIRMATION_OK"
261,10406822147,10406822199,1,"IOTHUB_CLIENT_CONFIRMATION_OK"
262,10406822347,10406822398,1,"IOTHUB_CLIENT_CONFIRMATION_OK"
263,10406822548,10406822606,1,"IOTHUB_CLIENT_CONFIRMATION_OK"
264,10406822748,10406822789,1,"IOTHUB_CLIENT_CONFIRMATION_OK"
265,10406822948,10406823001,1,"IOTHUB_CLIENT_CONFIRMATION_OK"
266,10406823148,10406823345,1,"IOTHUB_CLIENT_CONFIRMATION_OK"
267,10406823348,10406823410,1,"IOTHUB_CLIENT_CONFIRMATION_OK"
268,10406823548,10406823610,1,"IOTHUB_CLIENT_CONFIRMATION_OK"
269,10406823748,10406823789,1,"IOTHUB_CLIENT_CONFIRMATION_OK"
270,10406823949,10406823992,1,"IOTHUB_CLIENT_CONFIRMATION_OK"
271,10406824149,10406824216,1,"IOTHUB_CLIENT_CONFIRMATION_OK"
272,10406824349,10406824414,1,"IOTHUB_CLIENT_CONFIRMATION_OK"
273,10406824549,10406824593,1,"IOTHUB_CLIENT_CONFIRMATION_OK"
274,10406824749,10406824790,1,"IOTHUB_CLIENT_CONFIRMATION_OK"
275,10406824949,10406824996,1,"IOTHUB_CLIENT_CONFIRMATION_OK"
276,10406825150,10406825206,1,"IOTHUB_CLIENT_CONFIRMATION_OK"
277,10406825350,10406825387,1,"IOTHUB_CLIENT_CONFIRMATION_OK"
278,10406825550,10406825611,1,"IOTHUB_CLIENT_CONFIRMATION_OK"
279,10406825750,10406825807,1,"IOTHUB_CLIENT_CONFIRMATION_OK"
280,10406825950,10406825999,1,"IOTHUB_CLIENT_CONFIRMATION_OK"
281,10406826150,10406826216,1,"IOTHUB_CLIENT_CONFIRMATION_OK"
282,10406826350,10406826393,1,"IOTHUB_CLIENT_CONFIRMATION_OK"
283,10406826551,10406826646,1,"IOTHUB_CLIENT_CONFIRMATION_OK"
284,10406826751,10406826831,1,"IOTHUB_CLIENT_CONFIRMATION_OK"
285,10406826951,10406826987,1,"IOTHUB_CLIENT_CONFIRMATION_OK"
286,10406827151,10406827252,1,"IOTHUB_CLIENT_CONFIRMATION_OK"
287,10406827351,10406827418,1,"IOTHUB_CLIENT_CONFIRMATION_OK"
288,10406827551,10406827595,1,"IOTHUB_CLIENT_CONFIRMATION_OK"
289,10406827752,10406827804,1,"IOTHUB_CLIENT_CONFIRMATION_OK"
290,10406827952,10406827993,1,"IOTHUB_CLIENT_CONFIRMATION_OK"
291,10406828152,10406828189,1,"IOTHUB_CLIENT_CONFIRMATION_OK"
292,10406828352,10406828399,1,"IOTHUB_CLIENT_CONFIRMATION_OK"
293,10406828552,10406828612,1,"IOTHUB_CLIENT_CONFIRMATION_OK"
294,10406828752,10406828787,1,"IOTHUB_CLIENT_CONFIRMATION_OK"
295,10406828953,10406828997,1,"IOTHUB_CLIENT_CONFIRMATION_OK"
296,10406829153,10406829332,1,"IOTHUB_CLIENT_CONFIRMATION_OK"
297,10406829353,10406829389,1,"IOTHUB_CLIENT_CONFIRMATION_OK"
298,10406829553,10406829608,1,"IOTHUB_CLIENT_CONFIRMATION_OK"
299,10406829753,10406829806,1,"IOTHUB_CLIENT_CONFIRMATION_OK"
300,10406829953,10406830006,1,"IOTHUB_CLIENT_CONFIRMATION_OK"
301,10406830154,10406830249,1,"IOTHUB_CLIENT_CONFIRMATION_OK"
302,10406830354,10406830424,1,"IOTHUB_CLIENT_CONFIRMATION_OK"
303,10406830554,10406830619,1,"IOTHUB_CLIENT_CONFIRMATION_OK"
304,10406830754,10406830796,1,"IOTHUB_CLIENT_CONFIRMATION_OK"
305,10406830954,10406831004,1,"IOTHUB_CLIENT_CONFIRMATION_OK"
306,10406831154,10406831212,1,"IOTHUB_CLIENT_CONFIRMATION_OK"
307,10406831354,10406831403,1,"IOTHUB_CLIENT_CONFIRMATION_OK"
308,10406831555,10406831606,1,"IOTHUB_CLIENT_CONFIRMATION_OK"
309,10406831755,10406831803,1,"IOTHUB_CLIENT_CONFIRMATION_OK"
310,10406831955,10406832009,1,"IOTHUB_CLIENT_CONFIRMATION_OK"
311,10406832155,10406832207,1,"IOTHUB_CLIENT_CONFIRMATION_OK"
312,10406832355,10406832410,1,"IOTHUB_CLIENT_CONFIRMATION_OK"
313,10406832555,10406832656,1,"IOTHUB_CLIENT_CONFIRMATION_OK"
314,10406832756,10406832837,1,"IOTHUB_CLIENT_CONFIRMATION_OK"
315,10406832956,10406833006,1,"IOTHUB_CLIENT_CONFIRMATION_OK"
316,10406833156,10406833249,1,"IOTHUB_CLIENT_CONFIRMATION_OK"
317,10406833356,10406833403,1,"IOTHUB_CLIENT_CONFIRMATION_OK"
318,10406833556,10406833621,1,"IOTHUB_CLIENT_CONFIRMATION_OK"
319,10406833756,10406833809,1,"IOTHUB_CLIENT_CONFIRMATION_OK"
320,10406833956,10406833991,1,"IOTHUB_CLIENT_CONFIRMATION_OK"
321,10406834157,10406834202,1,"IOTHUB_CLIENT_CONFIRMATION_OK"
322,10406834357,10406834397,1,"IOTHUB_CLIENT_CONFIRMATION_OK"
323,10406834557,10406834660,1,"IOTHUB_CLIENT_CONFIRMATION_OK"
324,10406834757,10406834803,1,"IOTHUB_CLIENT_CONFIRMATION_OK"
325,10406834957,10406834994,1,"IOTHUB_CLIENT_CONFIRMATION_OK"
326,10406835157,10406835278,1,"IOTHUB_CLIENT_CONFIRMATION_OK"
327,10406835358,10406835397,1,"IOTHUB_CLIENT_CONFIRMATION_OK"
328,10406835558,10406835599,1,"IOTHUB_CLIENT_CONFIRMATION_OK"
329,10406835758,10406835803,1,"IOTHUB_CLIENT_CONFIRMATION_OK"
330,10406835958,10406835997,1,"IOTHUB_CLIENT_CONFIRMATION_OK"
331,10406836158,10406836201,1,"IOTHUB_CLIENT_CONFIRMATION_OK"
332,10406836358,10406836404,1,"IOTHUB_CLIENT_CONFIRMATION_OK"
333,10406836559,10406836610,1,"IOTHUB_CLIENT_CONFIRMATION_OK"
334,10406836759,10406836816,1,"IOTHUB_CLIENT_CONFIRMATION_OK"
335,10406836959,10406837011,1,"IOTHUB_CLIENT_CONFIRMATION_OK"
336,10406837159,10406837317,1,"IOTHUB_CLIENT_CONFIRMATION_OK"
337,10406837359,10406837418,1,"IOTHUB_CLIENT_CONFIRMATION_OK"
338,10406837559,10406837693,1,"IOTHUB_CLIENT_CONFIRMATION_OK"
339,10406837759,10406837816,1,"IOTHUB_CLIENT_CONFIRMATION_OK"
340,10406837960,10406837997,1,"IOTHUB_CLIENT_CONFIRMATION_OK"
341,10406838160,10406838195,1,"IOTHUB_CLIENT_CONFIRMATION_OK"
342,10406838360,10406838400,1,"IOTHUB_CLIENT_CONFIRMATION_OK"
343,10406838560,10406838605,1,"IOTHUB_CLIENT_CONFIRMATION_OK"
344,10406838760,10406838799,1,"IOTHUB_CLIENT_CONFIRMATION_OK"
345,10406838960,10406839019,1,"IOTHUB_CLIENT_CONFIRMATION_OK"
346,10406839161,10406839211,1,"IOTHUB_CLIENT_CONFIRMATION_OK"
347,10406839361,10406839416,1,"IOTHUB_CLIENT_CONFIRMATION_OK"
348,10406839561,10406839607,1,"IOTHUB_CLIENT_CONFIRMATION_OK"
349,10406839761,10406839791,1,"IOTHUB_CLIENT_CONFIRMATION_OK"
350,10406839961,10406840003,1,"IOTHUB_CLIENT_CONFIRMATION_OK"
351,10406840161,10406840332,1,"IOTHUB_CLIENT_CONFIRMATION_OK"
352,10406840361,10406840427,1,"IOTHUB_CLIENT_CONFIRMATION_OK"
353,10406840562,10406840618,1,"IOTHUB_CLIENT_CONFIRMATION_OK"
354,10406840762,10406840806,1,"IOTHUB_CLIENT_CONFIRMATION_OK"
355,10406840962,10406841027,1,"IOTHUB_CLIENT_CONFIRMATION_OK"
356,10406841162,10406841240,1,"IOTHUB_CLIENT_CONFIRMATION_OK"
357,10406841362,10406841405,1,"IOTHUB_CLIENT_CONFIRMATION_OK"
358,10406841562,10406841621,1,"IOTHUB_CLIENT_CONFIRMATION_OK"
359,10406841763,10406841827,1,"IOTHUB_CLIENT_CONFIRMATION_OK"
360,10406841963,10406842006,1,"IOTHUB_CLIENT_CONFIRMATION_OK"
361,10406842163,10406842213,1,"IOTHUB_CLIENT_CONFIRMATION_OK"
362,10406842363,10406842501,1,"IOTHUB_CLIENT_CONFIRMATION_OK"
363,10406842563,10406842672,1,"IOTHUB_CLIENT_CONFIRMATION_OK"
364,10406842763,10406842816,1,"IOTHUB_CLIENT_CONFIRMATION_OK"
365,10406842963,10406843005,1,"IOTHUB_CLIENT_CONFIRMATION_OK"
366,10406843164,10406843277,1,"IOTHUB_CLIENT_CONFIRMATION_OK"
367,10406843364,10406843491,1,"IOTHUB_CLIENT_CONFIRMATION_OK"
368,10406843564,10406843610,1,"IOTHUB_CLIENT_CONFIRMATION_OK"
369,10406843764,10406843810,1,"IOTHUB_CLIENT_CONFIRMATION_OK"
370,10406843964,10406844009,1,"IOTHUB_CLIENT_CONFIRMATION_OK"
371,10406844164,10406844249,1,"IOTHUB_CLIENT_CONFIRMATION_OK"
372,10406844365,10406844410,1,"IOTHUB_CLIENT_CONFIRMATION_OK"
373,10406844565,10406844629,1,"IOTHUB_CLIENT_CONFIRMATION_OK"
374,10406844765,10406844851,1,"IOTHUB_CLIENT_CONFIRMATION_OK"
375,10406844965,10406845011,1,"IOTHUB_CLIENT_CONFIRMATION_OK"
376,10406845165,10406845202,1,"IOTHUB_CLIENT_CONFIRMATION_OK"
377,10406845365,10406845427,1,"IOTHUB_CLIENT_CONFIRMATION_OK"
378,10406845566,10406845618,1,"IOTHUB_CLIENT_CONFIRMATION_OK"
379,10406845766,10406845823,1,"IOTHUB_CLIENT_CONFIRMATION_OK"
380,10406845966,10406846020,1,"IOTHUB_CLIENT_CONFIRMATION_OK"
381,10406846166,10406846219,1,"IOTHUB_CLIENT_CONFIRMATION_OK"
382,10406846366,10406846424,1,"IOTHUB_CLIENT_CONFIRMATION_OK"
383,10406846566,10406846630,1,"IOTHUB_CLIENT_CONFIRMATION_OK"
384,10406846766,10406846820,1,"IOTHUB_CLIENT_CONFIRMATION_OK"
385,10406846967,10406847012,1,"IOTHUB_CLIENT_CONFIRMATION_OK"
386,10406847167,10406847232,1,"IOTHUB_CLIENT_CONFIRMATION_OK"
387,10406847367,10406847406,1,"IOTHUB_CLIENT_CONFIRMATION_OK"
388,10406847567,10406847605,1,"IOTHUB_CLIENT_CONFIRMATION_OK"
389,10406847767,10406847806,1,"IOTHUB_CLIENT_CONFIRMATION_OK"
390,10406847967,10406848013,1,"IOTHUB_CLIENT_CONFIRMATION_OK"
391,10406848168,10406848210,1,"IOTHUB_CLIENT_CONFIRMATION_OK"
392,10406848368,10406848422,1,"IOTHUB_CLIENT_CONFIRMATION_OK"
393,10406848568,10406848632,1,"IOTHUB_CLIENT_CONFIRMATION_OK"
394,10406848768,10406848812,1,"IOTHUB_CLIENT_CONFIRMATION_OK"
395,10406848968,10406849026,1,"IOTHUB_CLIENT_CONFIRMATION_OK"
396,10406849168,10406849218,1,"IOTHUB_CLIENT_CONFIRMATION_OK"
397,10406849368,10406849495,1,"IOTHUB_CLIENT_CONFIRMATION_OK"
398,10406849569,10406849613,1,"IOTHUB_CLIENT_CONFIRMATION_OK"
399,10406849769,10406849821,1,"IOTHUB_CLIENT_CONFIRMATION_OK"
400,10406849969,10406850017,1,"IOTHUB_CLIENT_CONFIRMATION_OK"
401,10406850169,10406850225,1,"IOTHUB_CLIENT_CONFIRMATION_OK"
402,10406850369,10406850421,1,"IOTHUB_CLIENT_CONFIRMATION_OK"
403,10406850569,10406850611,1,"IOTHUB_CLIENT_CONFIRMATION_OK"
404,10406850770,10406850815,1,"IOTHUB_CLIENT_CONFIRMATION_OK"
405,10406850970,10406851029,1,"IOTHUB_CLIENT_CONFIRMATION_OK"
406,10406851170,10406851342,1,"IOTHUB_CLIENT_CONFIRMATION_OK"
407,10406851370,10406851419,1,"IOTHUB_CLIENT_CONFIRMATION_OK"
408,10406851570,10406851636,1,"IOTHUB_CLIENT_CONFIRMATION_OK"
409,10406851770,10406851818,1,"IOTHUB_CLIENT_CONFIRMATION_OK"
410,10406851971,10406852028,1,"IOTHUB_CLIENT_CONFIRMATION_OK"
411,10406852171,10406852211,1,"IOTHUB_CLIENT_CONFIRMATION_OK"
412,10406852371,10406852435,1,"IOTHUB_CLIENT_CONFIRMATION_OK"
413,10406852571,10406852617,1,"IOTHUB_CLIENT_CONFIRMATION_OK"
414,10406852771,10406852817,1,"IOTHUB_CLIENT_CONFIRMATION_OK"
415,10406852971,10406853014,1,"IOTHUB_CLIENT_CONFIRMATION_OK"
416,10406853172,10406853213,1,"IOTHUB_CLIENT_CONFIRMATION_OK"
417,10406853372,10406853463,1,"IOTHUB_CLIENT_CONFIRMATION_OK"
418,10406853572,10406853620,1,"IOTHUB_CLIENT_CONFIRMATION_OK"
419,10406853772,10406853829,1,"IOTHUB_CLIENT_CONFIRMATION_OK"
420,10406853972,10406854021,1,"IOTHUB_CLIENT_CONFIRMATION_OK"
421,10406854172,10406854227,1,"IOTHUB_CLIENT_CONFIRMATION_OK"
422,10406854372,10406854421,1,"IOTHUB_CLIENT_CONFIRMATION_OK"
423,10406854573,10406854652,1,"IOTHUB_CLIENT_CONFIRMATION_OK"
424,10406854773,10406854821,1,"IOTHUB_CLIENT_CONFIRMATION_OK"
425,10406854973,10406855026,1,"IOTHUB_CLIENT_CONFIRMATION_OK"
426,10406855173,10406855261,1,"IOTHUB_CLIENT_CONFIRMATION_OK"
427,10406855373,10406855418,1,"IOTHUB_CLIENT_CONFIRMATION_OK"
428,10406855573,10406855606,1,"IOTHUB_CLIENT_CONFIRMATION_OK"
429,10406855774,10406855827,1,"IOTHUB_CLIENT_CONFIRMATION_OK"
430,10406855974,10406856030,1,"IOTHUB_CLIENT_CONFIRMATION_OK"
431,10406856174,10406856223,1,"IOTHUB_CLIENT_CONFIRMATION_OK"
432,10406856374,10406856477,1,"IOTHUB_CLIENT_CONFIRMATION_OK"
433,10406856574,10406856631,1,"IOTHUB_CLIENT_CONFIRMATION_OK"
434,10406856774,10406856822,1,"IOTHUB_CLIENT_CONFIRMATION_OK"
435,10406856975,10406857025,1,"IOTHUB_CLIENT_CONFIRMATION_OK"
436,10406857175,10406857307,1,"IOTHUB_CLIENT_CONFIRMATION_OK"
437,10406857375,10406857429,1,"IOTHUB_CLIENT_CONFIRMATION_OK"
438,10406857575,10406857635,1,"IOTHUB_CLIENT_CONFIRMATION_OK"
439,10406857775,10406857810,1,"IOTHUB_CLIENT_CONFIRMATION_OK"
440,10406857975,10406858012,1,"IOTHUB_CLIENT_CONFIRMATION_OK"
441,10406858175,10406858267,1,"IOTHUB_CLIENT_CONFIRMATION_OK"
442,10406858376,10406858431,1,"IOTHUB_CLIENT_CONFIRMATION_OK"
443,10406858576,10406858623,1,"IOTHUB_CLIENT_CONFIRMATION_OK"
444,10406858776,10406858839,1,"IOTHUB_CLIENT_CONFIRMATION_OK"
445,10406858976,10406859033,1,"IOTHUB_CLIENT_CONFIRMATION_OK"
446,10406859176,10406859223,1,"IOTHUB_CLIENT_CONFIRMATION_OK"
447,10406859376,10406859416,1,"IOTHUB_CLIENT_CONFIRMATION_OK"
448,10406859577,10406859609,1,"IOTHUB_CLIENT_CONFIRMATION_OK"
449,10406859777,10406859817,1,"IOTHUB_CLIENT_CONFIRMATION_OK"
450,10406859977,10406860048,1,"IOTHUB_CLIENT_CONFIRMATION_OK"
451,10406860177,10406860216,1,"IOTHUB_CLIENT_CONFIRMATION_OK"
452,10406860377,10406860424,1,"IOTHUB_CLIENT_CONFIRMATION_OK"
453,10406860577,10406860626,1,"IOTHUB_CLIENT_CONFIRMATION_OK"
454,10406860778,10406860822,1,"IOTHUB_CLIENT_CONFIRMATION_OK"
455,10406860978,10406861029,1,"IOTHUB_CLIENT_CONFIRMATION_OK"
456,10406861178,10406861273,1,"IOTHUB_CLIENT_CONFIRMATION_OK"
457,10406861378,10406861423,1,"IOTHUB_CLIENT_CONFIRMATION_OK"
458,10406861578,10406861622,1,"IOTHUB_CLIENT_CONFIRMATION_OK"
459,10406861778,10406861846,1,"IOTHUB_CLIENT_CONFIRMATION_OK"
460,10406861978,10406862058,1,"IOTHUB_CLIENT_CONFIRMATION_OK"
461,10406862179,10406862217,1,"IOTHUB_CLIENT_CONFIRMATION_OK"
462,10406862379,10406862460,1,"IOTHUB_CLIENT_CONFIRMATION_OK"
463,10406862579,10406862714,1,"IOTHUB_CLIENT_CONFIRMATION_OK"
464,10406862779,10406862826,1,"IOTHUB_CLIENT_CONFIRMATION_OK"
465,10406862979,10406863022,1,"IOTHUB_CLIENT_CONFIRMATION_OK"
466,10406863179,10406863378,1,"IOTHUB_CLIENT_CONFIRMATION_OK"
467,10406863380,10406863417,1,"IOTHUB_CLIENT_CONFIRMATION_OK"
468,10406863580,10406863620,1,"IOTHUB_CLIENT_CONFIRMATION_OK"
469,10406863780,10406863839,1,"IOTHUB_CLIENT_CONFIRMATION_OK"
470,10406863980,10406864038,1,"IOTHUB_CLIENT_CONFIRMATION_OK"
471,10406864180,10406864227,1,"IOTHUB_CLIENT_CONFIRMATION_OK"
472,10406864380,10406864456,1,"IOTHUB_CLIENT_CONFIRMATION_OK"
473,10406864581,10406864628,1,"IOTHUB_CLIENT_CONFIRMATION_OK"
474,10406864781,10406864853,1,"IOTHUB_CLIENT_CONFIRMATION_OK"
475,10406864981,10406865029,1,"IOTHUB_CLIENT_CONFIRMATION_OK"
476,10406865181,10406865237,1,"IOTHUB_CLIENT_CONFIRMATION_OK"
477,10406865381,10406865438,1,"IOTHUB_CLIENT_CONFIRMATION_OK"
478,10406865581,10406865626,1,"IOTHUB_CLIENT_CONFIRMATION_OK"
479,10406865782,10406865820,1,"IOTHUB_CLIENT_CONFIRMATION_OK"
480,10406865982,10406866034,1,"IOTHUB_CLIENT_CONFIRMATION_OK"
481,10406866182,10406866240,1,"IOTHUB_CLIENT_CONFIRMATION_OK"
482,10406866382,10406866428,1,"IOTHUB_CLIENT_CONFIRMATION_OK"
483,10406866582,10406866799,1,"IOTHUB_CLIENT_CONFIRMATION_OK"
484,10406866782,10406866862,1,"IOTHUB_CLIENT_CONFIRMATION_OK"
485,10406866982,10406867050,1,"IOTHUB_CLIENT_CONFIRMATION_OK"
486,10406867183,10406867239,1,"IOTHUB_CLIENT_CONFIRMATION_OK"
487,10406867383,10406867433,1,"IOTHUB_CLIENT_CONFIRMATION_OK"
488,10406867583,10406867650,1,"IOTHUB_CLIENT_CONFIRMATION_OK"
489,10406867783,10406867837,1,"IOTHUB_CLIENT_CONFIRMATION_OK"
490,10406867983,10406868030,1,"IOTHUB_CLIENT_CONFIRMATION_OK"
491,10406868183,10406868238,1,"IOTHUB_CLIENT_CONFIRMATION_OK"
492,10406868384,10406868428,1,"IOTHUB_CLIENT_CONFIRMATION_OK"
493,10406868584,10406868649,1,"IOTHUB_CLIENT_CONFIRMATION_OK"
494,10406868784,10406868830,1,"IOTHUB_CLIENT_CONFIRMATION_OK"
495,10406868984,10406869034,1,"IOTHUB_CLIENT_CONFIRMATION_OK"
496,10406869184,10406869285,1,"IOTHUB_CLIENT_CONFIRMATION_OK"
497,10406869384,10406869413,1,"IOTHUB_CLIENT_CONFIRMATION_OK"
498,10406869585,10406869675,1,"IOTHUB_CLIENT_CONFIRMATION_OK"
499,10406869785,10406869843,1,"IOTHUB_CLIENT_CONFIRMATION_OK"
500,10406869985,10406870050,1,"IOTHUB_CLIENT_CONFIRMATION_OK"
501,10406870185,10406870228,1,"IOTHUB_CLIENT_CONFIRMATION_OK"
502,10406870385,10406870431,1,"IOTHUB_CLIENT_CONFIRMATION_OK"
503,10406870585,10406870635,1,"IOTHUB_CLIENT_CONFIRMATION_OK"
504,10406870785,10406870831,1,"IOTHUB_CLIENT_CONFIRMATION_OK"
505,10406870986,10406871056,1,"IOTHUB_CLIENT_CONFIRMATION_OK"
506,10406871186,10406871379,1,"IOTHUB_CLIENT_CONFIRMATION_OK"
507,10406871386,10406871431,1,"IOTHUB_CLIENT_CONFIRMATION_OK"
508,10406871586,10406871644,1,"IOTHUB_CLIENT_CONFIRMATION_OK"
509,10406871786,10406871827,1,"IOTHUB_CLIENT_CONFIRMATION_OK"
510,10406871986,10406872037,1,"IOTHUB_CLIENT_CONFIRMATION_OK"
511,10406872187,10406872221,1,"IOTHUB_CLIENT_CONFIRMATION_OK"
512,10406872387,10406872433,1,"IOTHUB_CLIENT_CONFIRMATION_OK"
513,10406872587,10406872635,1,"IOTHUB_CLIENT_CONFIRMATION_OK"
514,10406872787,10406872922,1,"IOTHUB_CLIENT_CONFIRMATION_OK"
515,10406872987,10406873035,1,"IOTHUB_CLIENT_CONFIRMATION_OK"
516,10406873187,10406873263,1,"IOTHUB_CLIENT_CONFIRMATION_OK"
517,10406873388,10406873438,1,"IOTHUB_CLIENT_CONFIRMATION_OK"
518,10406873588,10406873631,1,"IOTHUB_CLIENT_CONFIRMATION_OK"
519,10406873788,10406873832,1,"IOTHUB_CLIENT_CONFIRMATION_OK"
520,10406873988,10406874034,1,"IOTHUB_CLIENT_CONFIRMATION_OK"
521,10406874188,10406874246,1,"IOTHUB_CLIENT_CONFIRMATION_OK"
522,10406874388,10406874488,1,"IOTHUB_CLIENT_CONFIRMATION_OK"
523,10406874589,10406874652,1,"IOTHUB_CLIENT_CONFIRMATION_OK"
524,10406874789,10406874833,1,"IOTHUB_CLIENT_CONFIRMATION_OK"
525,10406874989,10406875083,1,"IOTHUB_CLIENT_CONFIRMATION_OK"
526,10406875189,10406875252,1,"IOTHUB_CLIENT_CONFIRMATION_OK"
527,10406875389,10406875463,1,"IOTHUB_CLIENT_CONFIRMATION_OK"
528,10406875589,10406875646,1,"IOTHUB_CLIENT_CONFIRMATION_OK"
529,10406875789,10406875838,1,"IOTHUB_CLIENT_CONFIRMATION_OK"
530,10406875990,10406876034,1,"IOTHUB_CLIENT_CONFIRMATION_OK"
531,10406876190,10406876250,1,"IOTHUB_CLIENT_CONFIRMATION_OK"
532,10406876390,10406876435,1,"IOTHUB_CLIENT_CONFIRMATION_OK"
533,10406876590,10406876698,1,"IOTHUB_CLIENT_CONFIRMATION_OK"
534,10406876790,10406876878,1,"IOTHUB_CLIENT_CONFIRMATION_OK"
535,10406876990,10406877035,1,"IOTHUB_CLIENT_CONFIRMATION_OK"
536,10406877191,10406877284,1,"IOTHUB_CLIENT_CONFIRMATION_OK"
537,10406877391,10406877434,1,"IOTHUB_CLIENT_CONFIRMATION_OK"
538,10406877591,10406877669,1,"IOTHUB_CLIENT_CONFIRMATION_OK"
539,10406877791,10406877832,1,"IOTHUB_CLIENT_CONFIRMATION_OK"
540,10406877991,10406878051,1,"IOTHUB_CLIENT_CONFIRMATION_OK"
541,10406878191,10406878250,1,"IOTHUB_CLIENT_CONFIRMATION_OK"
542,10406878391,10406878443,1,"IOTHUB_CLIENT_CONFIRMATION_OK"
543,10406878592,10406878634,1,"IOTHUB_CLIENT_CONFIRMATION_OK"
544,10406878792,10406878845,1,"IOTHUB_CLIENT_CONFIRMATION_OK"
545,10406878992,10406879175,1,"IOTHUB_CLIENT_CONFIRMATION_OK"
546,10406879192,10406879405,1,"IOTHUB_CLIENT_CONFIRMATION_OK"
547,10406879392,10406879450,1,"IOTHUB_CLIENT_CONFIRMATION_OK"
548,10406879592,10406879759,1,"IOTHUB_CLIENT_CONFIRMATION_OK"
549,10406879792,10406879852,1,"IOTHUB_CLIENT_CONFIRMATION_OK"
550,10406879993,10406880081,1,"IOTHUB_CLIENT_CONFIRMATION_OK"
551,10406880193,10406880251,1,"IOTHUB_CLIENT_CONFIRMATION_OK"
552,10406880393,10406880454,1,"IOTHUB_CLIENT_CONFIRMATION_OK"
553,10406880593,10406880671,1,"IOTHUB_CLIENT_CONFIRMATION_OK"
554,10406880793,10406880838,1,"IOTHUB_CLIENT_CONFIRMATION_OK"
555,10406880993,10406881035,1,"IOTHUB_CLIENT_CONFIRMATION_OK"
556,10406881194,10406881346,1,"IOTHUB_CLIENT_CONFIRMATION_OK"
557,10406881394,10406881434,1,"IOTHUB_CLIENT_CONFIRMATION_OK"
558,10406881594,10406881649,1,"IOTHUB_CLIENT_CONFIRMATION_OK"
559,10406881794,10406881831,1,"IOTHUB_CLIENT_CONFIRMATION_OK"
560,10406881994,10406882031,1,"IOTHUB_CLIENT_CONFIRMATION_OK"
561,10406882194,10406882249,1,"IOTHUB_CLIENT_CONFIRMATION_OK"
562,10406882395,10406882444,1,"IOTHUB_CLIENT_CONFIRMATION_OK"
563,10406882595,10406882642,1,"IOTHUB_CLIENT_CONFIRMATION_OK"
564,10406882795,10406882833,1,"IOTHUB_CLIENT_CONFIRMATION_OK"
565,10406882995,10406883065,1,"IOTHUB_CLIENT_CONFIRMATION_OK"
566,10406883195,10406883249,1,"IOTHUB_CLIENT_CONFIRMATION_OK"
567,10406883395,10406883448,1,"IOTHUB_CLIENT_CONFIRMATION_OK"
568,10406883595,10406883658,1,"IOTHUB_CLIENT_CONFIRMATION_OK"
569,10406883796,10406884055,1,"IOTHUB_CLIENT_CONFIRMATION_OK"
570,10406883996,10406884141,1,"IOTHUB_CLIENT_CONFIRMATION_OK"
571,10406884196,10406884251,1,"IOTHUB_CLIENT_CONFIRMATION_OK"
572,10406884396,10406884431,1,"IOTHUB_CLIENT_CONFIRMATION_OK"
573,10406884596,10406884718,1,"IOTHUB_CLIENT_CONFIRMATION_OK"
574,10406884796,10406884860,1,"IOTHUB_CLIENT_CONFIRMATION_OK"
575,10406884996,10406885040,1,"IOTHUB_CLIENT_CONFIRMATION_OK"
576,10406885197,10406885320,1,"IOTHUB_CLIENT_CONFIRMATION_OK"
577,10406885397,10406885443,1,"IOTHUB_CLIENT_CONFIRMATION_OK"
578,10406885597,10406885645,1,"IOTHUB_CLIENT_CONFIRMATION_OK"
579,10406885797,10406885842,1,"IOTHUB_CLIENT_CONFIRMATION_OK"
580,10406885997,10406886047,1,"IOTHUB_CLIENT_CONFIRMATION_OK"
581,10406886197,10406886245,1,"IOTHUB_CLIENT_CONFIRMATION_OK"
582,10406886398,10406886444,1,"IOTHUB_CLIENT_CONFIRMATION_OK"
583,10406886598,10406886650,1,"IOTHUB_CLIENT_CONFIRMATION_OK"
584,10406886798,10406886862,1,"IOTHUB_CLIENT_CONFIRMATION_OK"
585,10406886998,10406887049,1,"IOTHUB_CLIENT_CONFIRMATION_OK"
586,10406887198,10406887376,1,"IOTHUB_CLIENT_CONFIRMATION_OK"
587,10406887398,10406887445,1,"IOTHUB_CLIENT_CONFIRMATION_OK"
588,10406887599,10406887649,1,"IOTHUB_CLIENT_CONFIRMATION_OK"
589,10406887799,10406887846,1,"IOTHUB_CLIENT_CONFIRMATION_OK"
590,10406887999,10406888041,1,"IOTHUB_CLIENT_CONFIRMATION_OK"
591,10406888199,10406888245,1,"IOTHUB_CLIENT_CONFIRMATION_OK"
592,10406888399,10406888449,1,"IOTHUB_CLIENT_CONFIRMATION_OK"
593,10406888599,10406888651,1,"IOTHUB_CLIENT_CONFIRMATION_OK"
594,10406888800,10406888847,1,"IOTHUB_CLIENT_CONFIRMATION_OK"
595,10406889000,10406889048,1,"IOTHUB_CLIENT_CONFIRMATION_OK"
596,10406889200,10406889247,1,"IOTHUB_CLIENT_CONFIRMATION_OK"
597,10406889400,10406889457,1,"IOTHUB_CLIENT_CONFIRMATION_OK"
598,10406889600,10406889731,1,"IOTHUB_CLIENT_CONFIRMATION_OK"
599,10406889800,10406889856,1,"IOTHUB_CLIENT_CONFIRMATION_OK"
600,10406890000,10406890048,1,"IOTHUB_CLIENT_CONFIRMATION_OK"
601,10406890201,10406890270,1,"IOTHUB_CLIENT_CONFIRMATION_OK"
602,10406890401,10406890463,1,"IOTHUB_CLIENT_CONFIRMATION_OK"
603,10406890601,10406890666,1,"IOTHUB_CLIENT_CONFIRMATION_OK"
604,10406890801,10406890861,1,"IOTHUB_CLIENT_CONFIRMATION_OK"
605,10406891001,10406891057,1,"IOTHUB_CLIENT_CONFIRMATION_OK"
606,10406891201,10406891260,1,"IOTHUB_CLIENT_CONFIRMATION_OK"
607,10406891402,10406891445,1,"IOTHUB_CLIENT_CONFIRMATION_OK"
608,10406891602,10406891646,1,"IOTHUB_CLIENT_CONFIRMATION_OK"
609,10406891802,10406891856,1,"IOTHUB_CLIENT_CONFIRMATION_OK"
610,10406892002,10406892053,1,"IOTHUB_CLIENT_CONFIRMATION_OK"
611,10406892202,10406892251,1,"IOTHUB_CLIENT_CONFIRMATION_OK"
612,10406892402,10406892466,1,"IOTHUB_CLIENT_CONFIRMATION_OK"
613,10406892602,10406892705,1,"IOTHUB_CLIENT_CONFIRMATION_OK"
614,10406892803,10406892849,1,"IOTHUB_CLIENT_CONFIRMATION_OK"
615,10406893003,10406893068,1,"IOTHUB_CLIENT_CONFIRMATION_OK"
616,10406893203,10406893358,1,"IOTHUB_CLIENT_CONFIRMATION_OK"
617,10406893403,10406893457,1,"IOTHUB_CLIENT_CONFIRMATION_OK"
618,10406893603,10406893682,1,"IOTHUB_CLIENT_CONFIRMATION_OK"
619,10406893803,10406893857,1,"IOTHUB_CLIENT_CONFIRMATION_OK"
620,10406894004,10406894081,1,"IOTHUB_CLIENT_CONFIRMATION_OK"
621,10406894204,10406894276,1,"IOTHUB_CLIENT_CONFIRMATION_OK"
622,10406894404,10406894456,1,"IOTHUB_CLIENT_CONFIRMATION_OK"
623,10406894604,10406894655,1,"IOTHUB_CLIENT_CONFIRMATION_OK"
624,10406894804,10406894911,1,"IOTHUB_CLIENT_CONFIRMATION_OK"
625,10406895004,10406895054,1,"IOTHUB_CLIENT_CONFIRMATION_OK"
626,10406895204,10406895420,1,"IOTHUB_CLIENT_CONFIRMATION_OK"
627,10406895405,10406895463,1,"IOTHUB_CLIENT_CONFIRMATION_OK"
628,10406895605,10406895668,1,"IOTHUB_CLIENT_CONFIRMATION_OK"
629,10406895805,10406895854,1,"IOTHUB_CLIENT_CONFIRMATION_OK"
630,10406896005,10406896052,1,"IOTHUB_CLIENT_CONFIRMATION_OK"
631,10406896205,10406896250,1,"IOTHUB_CLIENT_CONFIRMATION_OK"
632,10406896405,10406896441,1,"IOTHUB_CLIENT_CONFIRMATION_OK"
633,10406896606,10406896654,1,"IOTHUB_CLIENT_CONFIRMATION_OK"
634,10406896806,10406896863,1,"IOTHUB_CLIENT_CONFIRMATION_OK"
635,10406897006,10406897040,1,"IOTHUB_CLIENT_CONFIRMATION_OK"
636,10406897206,10406897260,1,"IOTHUB_CLIENT_CONFIRMATION_OK"
637,10406897406,10406897450,1,"IOTHUB_CLIENT_CONFIRMATION_OK"
638,10406897606,10406897653,1,"IOTHUB_CLIENT_CONFIRMATION_OK"
639,10406897806,10406897880,1,"IOTHUB_CLIENT_CONFIRMATION_OK"
640,10406898007,10406898078,1,"IOTHUB_CLIENT_CONFIRMATION_OK"
641,10406898207,10406898280,1,"IOTHUB_CLIENT_CONFIRMATION_OK"
642,10406898407,10406898474,1,"IOTHUB_CLIENT_CONFIRMATION_OK"
643,10406898607,10406898707,1,"IOTHUB_CLIENT_CONFIRMATION_OK"
644,10406898807,10406898865,1,"IOTHUB_CLIENT_CONFIRMATION_OK"
645,10406899007,10406899060,1,"IOTHUB_CLIENT_CONFIRMATION_OK"
646,10406899208,10406899275,1,"IOTHUB_CLIENT_CONFIRMATION_OK"
647,10406899408,10406899493,1,"IOTHUB_CLIENT_CONFIRMATION_OK"
648,10406899608,10406899680,1,"IOTHUB_CLIENT_CONFIRMATION_OK"
649,10406899808,10406899857,1,"IOTHUB_CLIENT_CONFIRMATION_OK"
650,10406900008,10406900081,1,"IOTHUB_CLIENT_CONFIRMATION_OK"
651,10406900208,10406900256,1,"IOTHUB_CLIENT_CONFIRMATION_OK"
652,10406900409,10406900460,1,"IOTHUB_CLIENT_CONFIRMATION_OK"
653,10406900609,10406900729,1,"IOTHUB_CLIENT_CONFIRMATION_OK"
654,10406900809,10406900862,1,"IOTHUB_CLIENT_CONFIRMATION_OK"
655,10406901009,10406901045,1,"IOTHUB_CLIENT_CONFIRMATION_OK"
656,10406901209,10406901384,1,"IOTHUB_CLIENT_CONFIRMATION_OK"
657,10406901409,10406901451,1,"IOTHUB_CLIENT_CONFIRMATION_OK"
658,10406901609,10406901653,1,"IOTHUB_CLIENT_CONFIRMATION_OK"
659,10406901810,10406901852,1,"IOTHUB_CLIENT_CONFIRMATION_OK"
660,10406902010,10406902052,1,"IOTHUB_CLIENT_CONFIRMATION_OK"
661,10406902210,10406902280,1,"IOTHUB_CLIENT_CONFIRMATION_OK"
662,10406902410,10406902488,1,"IOTHUB_CLIENT_CONFIRMATION_OK"
663,10406902610,10406902656,1,"IOTHUB_CLIENT_CONFIRMATION_OK"
664,10406902810,10406902874,1,"IOTHUB_CLIENT_CONFIRMATION_OK"
665,10406903010,10406903055,1,"IOTHUB_CLIENT_CONFIRMATION_OK"
666,10406903211,10406903258,1,"IOTHUB_CLIENT_CONFIRMATION_OK"
667,10406903411,10406903458,1,"IOTHUB_CLIENT_CONFIRMATION_OK"
668,10406903611,10406903675,1,"IOTHUB_CLIENT_CONFIRMATION_OK"
669,10406903811,10406903855,1,"IOTHUB_CLIENT_CONFIRMATION_OK"
670,10406904011,10406904062,1,"IOTHUB_CLIENT_CONFIRMATION_OK"
671,10406904211,10406904258,1,"IOTHUB_CLIENT_CONFIRMATION_OK"
672,10406904412,10406904470,1,"IOTHUB_CLIENT_CONFIRMATION_OK"
673,10406904612,10406904656,1,"IOTHUB_CLIENT_CONFIRMATION_OK"
674,10406904812,10406904869,1,"IOTHUB_CLIENT_CONFIRMATION_OK"
675,10406905012,10406905057,1,"IOTHUB_CLIENT_CONFIRMATION_OK"
676,10406905212,10406905292,1,"IOTHUB_CLIENT_CONFIRMATION_OK"
677,10406905412,10406905467,1,"IOTHUB_CLIENT_CONFIRMATION_OK"
678,10406905612,10406905671,1,"IOTHUB_CLIENT_CONFIRMATION_OK"
679,10406905813,10406905855,1,"IOTHUB_CLIENT_CONFIRMATION_OK"
680,10406906013,10406906221,1,"IOTHUB_CLIENT_CONFIRMATION_OK"
681,10406906213,10406906255,1,"IOTHUB_CLIENT_CONFIRMATION_OK"
682,10406906413,10406906459,1,"IOTHUB_CLIENT_CONFIRMATION_OK"
683,10406906613,10406906819,1,"IOTHUB_CLIENT_CONFIRMATION_OK"
684,10406906813,10406906937,1,"IOTHUB_CLIENT_CONFIRMATION_OK"
685,10406907014,10406907066,1,"IOTHUB_CLIENT_CONFIRMATION_OK"
686,10406907214,10406907329,1,"IOTHUB_CLIENT_CONFIRMATION_OK"
687,10406907414,10406907460,1,"IOTHUB_CLIENT_CONFIRMATION_OK"
688,10406907614,10406907661,1,"IOTHUB_CLIENT_CONFIRMATION_OK"
689,10406907814,10406907867,1,"IOTHUB_CLIENT_CONFIRMATION_OK"
690,10406908014,10406908120,1,"IOTHUB_CLIENT_CONFIRMATION_OK"
691,10406908215,10406908259,1,"IOTHUB_CLIENT_CONFIRMATION_OK"
692,10406908415,10406908480,1,"IOTHUB_CLIENT_CONFIRMATION_OK"
693,10406908615,10406908685,1,"IOTHUB_CLIENT_CONFIRMATION_OK"
694,10406908815,10406908885,1,"IOTHUB_CLIENT_CONFIRMATION_OK"
695,10406909015,10406909072,1,"IOTHUB_CLIENT_CONFIRMATION_OK"
696,10406909215,10406909386,1,"IOTHUB_CLIENT_CONFIRMATION_OK"
697,10406909415,10406909473,1,"IOTHUB_CLIENT_CONFIRMATION_OK"
698,10406909616,10406909660,1,"IOTHUB_CLIENT_CONFIRMATION_OK"
699,10406909816,10406909862,1,"IOTHUB_CLIENT_CONFIRMATION_OK"
700,10406910016,10406910385,1,"IOTHUB_CLIENT_CONFIRMATION_OK"
701,10406910216,10406910450,1,"IOTHUB_CLIENT_CONFIRMATION_OK"
702,10406910416,10406910509,1,"IOTHUB_CLIENT_CONFIRMATION_OK"
703,10406910616,10406910666,1,"IOTHUB_CLIENT_CONFIRMATION_OK"
704,10406910817,10406910951,1,"IOTHUB_CLIENT_CONFIRMATION_OK"
705,10406911017,10406911060,1,"IOTHUB_CLIENT_CONFIRMATION_OK"
706,10406911217,10406911257,1,"IOTHUB_CLIENT_CONFIRMATION_OK"
707,10406911417,10406911462,1,"IOTHUB_CLIENT_CONFIRMATION_OK"
708,10406911617,10406911665,1,"IOTHUB_CLIENT_CONFIRMATION_OK"
709,10406911817,10406911871,1,"IOTHUB_CLIENT_CONFIRMATION_OK"
710,10406912018,10406912062,1,"IOTHUB_CLIENT_CONFIRMATION_OK"
711,10406912218,10406912346,1,"IOTHUB_CLIENT_CONFIRMATION_OK"
712,10406912418,10406912472,1,"IOTHUB_CLIENT_CONFIRMATION_OK"
713,10406912618,10406912673,1,"IOTHUB_CLIENT_CONFIRMATION_OK"
714,10406912818,10406912875,1,"IOTHUB_CLIENT_CONFIRMATION_OK"
715,10406913018,10406913067,1,"IOTHUB_CLIENT_CONFIRMATION_OK"
716,10406913218,10406913262,1,"IOTHUB_CLIENT_CONFIRMATION_OK"
717,10406913419,10406913463,1,"IOTHUB_CLIENT_CONFIRMATION_OK"
718,10406913619,10406913664,1,"IOTHUB_CLIENT_CONFIRMATION_OK"
719,10406913819,10406913882,1,"IOTHUB_CLIENT_CONFIRMATION_OK"
720,10406914019,10406914067,1,"IOTHUB_CLIENT_CONFIRMATION_OK"
721,10406914219,10406914265,1,"IOTHUB_CLIENT_CONFIRMATION_OK"
722,10406914419,10406914471,1,"IOTHUB_CLIENT_CONFIRMATION_OK"
723,10406914620,10406914699,1,"IOTHUB_CLIENT_CONFIRMATION_OK"
724,10406914820,10406914862,1,"IOTHUB_CLIENT_CONFIRMATION_OK"
725,10406915020,10406915070,1,"IOTHUB_CLIENT_CONFIRMATION_OK"
726,10406915220,10406915283,1,"IOTHUB_CLIENT_CONFIRMATION_OK"
727,10406915420,10406915489,1,"IOTHUB_CLIENT_CONFIRMATION_OK"
728,10406915620,10406915674,1,"IOTHUB_CLIENT_CONFIRMATION_OK"
729,10406915820,10406915875,1,"IOTHUB_CLIENT_CONFIRMATION_OK"
730,10406916021,10406916069,1,"IOTHUB_CLIENT_CONFIRMATION_OK"
731,10406916221,10406916270,1,"IOTHUB_CLIENT_CONFIRMATION_OK"
732,10406916421,10406916479,1,"IOTHUB_CLIENT_CONFIRMATION_OK"
733,10406916621,10406916736,1,"IOTHUB_CLIENT_CONFIRMATION_OK"
734,10406916821,10406916869,1,"IOTHUB_CLIENT_CONFIRMATION_OK"
735,10406917021,10406917071,1,"IOTHUB_CLIENT_CONFIRMATION_OK"
736,10406917222,10406917319,1,"IOTHUB_CLIENT_CONFIRMATION_OK"
737,10406917422,10406917462,1,"IOTHUB_CLIENT_CONFIRMATION_OK"
738,10406917622,10406917668,1,"IOTHUB_CLIENT_CONFIRMATION_OK"
739,10406917822,10406917921,1,"IOTHUB_CLIENT_CONFIRMATION_OK"
740,10406918022,10406918084,1,"IOTHUB_CLIENT_CONFIRMATION_OK"
741,10406918222,10406918280,1,"IOTHUB_CLIENT_CONFIRMATION_OK"
742,10406918422,10406918471,1,"IOTHUB_CLIENT_CONFIRMATION_OK"
743,10406918623,10406918783,1,"IOTHUB_CLIENT_CONFIRMATION_OK"
744,10406918823,10406918873,1,"IOTHUB_CLIENT_CONFIRMATION_OK"
745,10406919023,10406919070,1,"IOTHUB_CLIENT_CONFIRMATION_OK"
746,10406919223,10406919388,1,"IOTHUB_CLIENT_CONFIRMATION_OK"
747,10406919423,10406919472,1,"IOTHUB_CLIENT_CONFIRMATION_OK"
748,10406919623,10406919676,1,"IOTHUB_CLIENT_CONFIRMATION_OK"
749,10406919824,10406919868,1,"IOTHUB_CLIENT_CONFIRMATION_OK"
750,10406920024,10406920070,1,"IOTHUB_CLIENT_CONFIRMATION_OK"
751,10406920224,10406920264,1,"IOTHUB_CLIENT_CONFIRMATION_OK"
752,10406920424,10406920505,1,"IOTHUB_CLIENT_CONFIRMATION_OK"
753,10406920624,10406920670,1,"IOTHUB_CLIENT_CONFIRMATION_OK"
754,10406920824,10406920879,1,"IOTHUB_CLIENT_CONFIRMATION_OK"
755,10406921024,10406921071,1,"IOTHUB_CLIENT_CONFIRMATION_OK"
756,10406921225,10406921279,1,"IOTHUB_CLIENT_CONFIRMATION_OK"
757,10406921425,10406921499,1,"IOTHUB_CLIENT_CONFIRMATION_OK"
758,10406921625,10406921687,1,"IOTHUB_CLIENT_CONFIRMATION_OK"
759,10406921825,10406921868,1,"IOTHUB_CLIENT_CONFIRMATION_OK"
760,10406922025,10406922168,1,"IOTHUB_CLIENT_CONFIRMATION_OK"
761,10406922225,10406922281,1,"IOTHUB_CLIENT_CONFIRMATION_OK"
762,10406922426,10406922472,1,"IOTHUB_CLIENT_CONFIRMATION_OK"
763,10406922626,10406922684,1,"IOTHUB_CLIENT_CONFIRMATION_OK"
764,10406922826,10406922875,1,"IOTHUB_CLIENT_CONFIRMATION_OK"
765,10406923026,10406923066,1,"IOTHUB_CLIENT_CONFIRMATION_OK"
766,10406923226,10406923295,1,"IOTHUB_CLIENT_CONFIRMATION_OK"
767,10406923426,10406923470,1,"IOTHUB_CLIENT_CONFIRMATION_OK"
768,10406923627,10406923667,1,"IOTHUB_CLIENT_CONFIRMATION_OK"
769,10406923827,10406923879,1,"IOTHUB_CLIENT_CONFIRMATION_OK"
770,10406924027,10406924087,1,"IOTHUB_CLIENT_CONFIRMATION_OK"
771,10406924227,10406924270,1,"IOTHUB_CLIENT_CONFIRMATION_OK"
772,10406924427,10406924477,1,"IOTHUB_CLIENT_CONFIRMATION_OK"
773,10406924627,10406924731,1,"IOTHUB_CLIENT_CONFIRMATION_OK"
774,10406924827,10406924874,1,"IOTHUB_CLIENT_CONFIRMATION_OK"
775,10406925028,10406925078,1,"IOTHUB_CLIENT_CONFIRMATION_OK"
776,10406925228,10406925356,1,"IOTHUB_CLIENT_CONFIRMATION_OK"
777,10406925428,10406925482,1,"IOTHUB_CLIENT_CONFIRMATION_OK"
778,10406925628,10406925676,1,"IOTHUB_CLIENT_CONFIRMATION_OK"
779,10406925828,10406925869,1,"IOTHUB_CLIENT_CONFIRMATION_OK"
780,10406926028,10406926083,1,"IOTHUB_CLIENT_CONFIRMATION_OK"
781,10406926229,10406926279,1,"IOTHUB_CLIENT_CONFIRMATION_OK"
782,10406926429,10406926470,1,"IOTHUB_CLIENT_CONFIRMATION_OK"
783,10406926629,10406926748,1,"IOTHUB_CLIENT_CONFIRMATION_OK"
784,10406926829,10406926881,1,"IOTHUB_CLIENT_CONFIRMATION_OK"
785,10406927029,10406927113,1,"IOTHUB_CLIENT_CONFIRMATION_OK"
786,10406927229,10406927404,1,"IOTHUB_CLIENT_CONFIRMATION_OK"
787,10406927430,10406927483,1,"IOTHUB_CLIENT_CONFIRMATION_OK"
788,10406927630,10406927731,1,"IOTHUB_CLIENT_CONFIRMATION_OK"
789,10406927830,10406927896,1,"IOTHUB_CLIENT_CONFIRMATION_OK"
790,10406928030,10406928098,1,"IOTHUB_CLIENT_CONFIRMATION_OK"
791,10406928230,10406928294,1,"IOTHUB_CLIENT_CONFIRMATION_OK"
792,10406928430,10406928485,1,"IOTHUB_CLIENT_CONFIRMATION_OK"
793,10406928630,10406928674,1,"IOTHUB_CLIENT_CONFIRMATION_OK"
794,10406928831,10406928878,1,"IOTHUB_CLIENT_CONFIRMATION_OK"
795,10406929031,10406929106,1,"IOTHUB_CLIENT_CONFIRMATION_OK"
796,10406929231,10406929382,1,"IOTHUB_CLIENT_CONFIRMATION_OK"
797,10406929431,10406929474,1,"IOTHUB_CLIENT_CONFIRMATION_OK"
798,10406929631,10406929717,1,"IOTHUB_CLIENT_CONFIRMATION_OK"
799,10406929831,10406929875,1,"IOTHUB_CLIENT_CONFIRMATION_OK"
800,10406930032,10406930072,1,"IOTHUB_CLIENT_CONFIRMATION_OK"
801,10406930232,10406930278,1,"IOTHUB_CLIENT_CONFIRMATION_OK"
802,10406930432,10406930473,1,"IOTHUB_CLIENT_CONFIRMATION_OK"
803,10406930632,10406930678,1,"IOTHUB_CLIENT_CONFIRMATION_OK"
804,10406930832,10406930883,1,"IOTHUB_CLIENT_CONFIRMATION_OK"
805,10406931032,10406931097,1,"IOTHUB_CLIENT_CONFIRMATION_OK"
806,10406931233,10406931309,1,"IOTHUB_CLIENT_CONFIRMATION_OK"
807,10406931433,10406931483,1,"IOTHUB_CLIENT_CONFIRMATION_OK"
808,10406931633,10406931678,1,"IOTHUB_CLIENT_CONFIRMATION_OK"
809,10406931833,10406931893,1,"IOTHUB_CLIENT_CONFIRMATION_OK"
810,10406932033,10406932103,1,"IOTHUB_CLIENT_CONFIRMATION_OK"
811,10406932233,10406932285,1,"IOTHUB_CLIENT_CONFIRMATION_OK"
812,10406932434,10406932482,1,"IOTHUB_CLIENT_CONFIRMATION_OK"
813,10406932634,10406932681,1,"IOTHUB_CLIENT_CONFIRMATION_OK"
814,10406932834,10406932880,1,"IOTHUB_CLIENT_CONFIRMATION_OK"
815,10406933034,10406933113,1,"IOTHUB_CLIENT_CONFIRMATION_OK"
816,10406933234,10406933354,1,"IOTHUB_CLIENT_CONFIRMATION_OK"
817,10406933434,10406933482,1,"IOTHUB_CLIENT_CONFIRMATION_OK"
818,10406933634,10406933702,1,"IOTHUB_CLIENT_CONFIRMATION_OK"
819,10406933835,10406933908,1,"IOTHUB_CLIENT_CONFIRMATION_OK"
820,10406934035,10406934082,1,"IOTHUB_CLIENT_CONFIRMATION_OK"
821,10406934235,10406934316,1,"IOTHUB_CLIENT_CONFIRMATION_OK"
822,10406934435,10406934485,1,"IOTHUB_CLIENT_CONFIRMATION_OK"
823,10406934635,10406934754,1,"IOTHUB_CLIENT_CONFIRMATION_OK"
824,10406934835,10406934877,1,"IOTHUB_CLIENT_CONFIRMATION_OK"
825,10406935036,10406935078,1,"IOTHUB_CLIENT_CONFIRMATION_OK"
826,10406935236,10406935352,1,"IOTHUB_CLIENT_CONFIRMATION_OK"
827,10406935436,10406935472,1,"IOTHUB_CLIENT_CONFIRMATION_OK"
828,10406935636,10406935695,1,"IOTHUB_CLIENT_CONFIRMATION_OK"
829,10406935836,10406935880,1,"IOTHUB_CLIENT_CONFIRMATION_OK"
830,10406936036,10406936075,1,"IOTHUB_CLIENT_CONFIRMATION_OK"
831,10406936237,10406936293,1,"IOTHUB_CLIENT_CONFIRMATION_OK"
832,10406936437,10406936478,1,"IOTHUB_CLIENT_CONFIRMATION_OK"
833,10406936637,10406936682,1,"IOTHUB_CLIENT_CONFIRMATION_OK"
834,10406936837,10406936891,1,"IOTHUB_CLIENT_CONFIRMATION_OK"
835,10406937037,10406937104,1,"IOTHUB_CLIENT_CONFIRMATION_OK"
836,10406937237,10406937387,1,"IOTHUB_CLIENT_CONFIRMATION_OK"
837,10406937438,10406937486,1,"IOTHUB_CLIENT_CONFIRMATION_OK"
838,10406937638,10406937678,1,"IOTHUB_CLIENT_CONFIRMATION_OK"
839,10406937838,10406937883,1,"IOTHUB_CLIENT_CONFIRMATION_OK"
840,10406938038,10406938076,1,"IOTHUB_CLIENT_CONFIRMATION_OK"
841,10406938238,10406938284,1,"IOTHUB_CLIENT_CONFIRMATION_OK"
842,10406938438,10406938478,1,"IOTHUB_CLIENT_CONFIRMATION_OK"
843,10406938639,10406938694,1,"IOTHUB_CLIENT_CONFIRMATION_OK"
844,10406938839,10406938970,1,"IOTHUB_CLIENT_CONFIRMATION_OK"
845,10406939039,10406939109,1,"IOTHUB_CLIENT_CONFIRMATION_OK"
846,10406939239,10406939297,1,"IOTHUB_CLIENT_CONFIRMATION_OK"
847,10406939439,10406939486,1,"IOTHUB_CLIENT_CONFIRMATION_OK"
848,10406939639,10406939679,1,"IOTHUB_CLIENT_CONFIRMATION_OK"
849,10406939839,10406939883,1,"IOTHUB_CLIENT_CONFIRMATION_OK"
850,10406940040,10406940106,1,"IOTHUB_CLIENT_CONFIRMATION_OK"
851,10406940240,10406940292,1,"IOTHUB_CLIENT_CONFIRMATION_OK"
852,10406940440,10406940486,1,"IOTHUB_CLIENT_CONFIRMATION_OK"
853,10406940640,10406940725,1,"IOTHUB_CLIENT_CONFIRMATION_OK"
854,10406940840,10406940894,1,"IOTHUB_CLIENT_CONFIRMATION_OK"
855,10406941040,10406941075,1,"IOTHUB_CLIENT_CONFIRMATION_OK"
856,10406941241,10406941306,1,"IOTHUB_CLIENT_CONFIRMATION_OK"
857,10406941441,10406941478,1,"IOTHUB_CLIENT_CONFIRMATION_OK"
858,10406941641,10406941685,1,"IOTHUB_CLIENT_CONFIRMATION_OK"
859,10406941841,10406941898,1,"IOTHUB_CLIENT_CONFIRMATION_OK"
860,10406942041,10406942080,1,"IOTHUB_CLIENT_CONFIRMATION_OK"
861,10406942241,10406942313,1,"IOTHUB_CLIENT_CONFIRMATION_OK"
862,10406942442,10406942501,1,"IOTHUB_CLIENT_CONFIRMATION_OK"
863,10406942642,10406942738,1,"IOTHUB_CLIENT_CONFIRMATION_OK"
864,10406942842,10406942902,1,"IOTHUB_CLIENT_CONFIRMATION_OK"
865,10406943042,10406943104,1,"IOTHUB_CLIENT_CONFIRMATION_OK"
866,10406943242,10406943349,1,"IOTHUB_CLIENT_CONFIRMATION_OK"
867,10406943442,10406943493,1,"IOTHUB_CLIENT_CONFIRMATION_OK"
868,10406943643,10406943686,1,"IOTHUB_CLIENT_CONFIRMATION_OK"
869,10406943843,10406943938,1,"IOTHUB_CLIENT_CONFIRMATION_OK"
870,10406944043,10406944111,1,"IOTHUB_CLIENT_CONFIRMATION_OK"
871,10406944243,10406944306,1,"IOTHUB_CLIENT_CONFIRMATION_OK"
872,10406944443,10406944486,1,"IOTHUB_CLIENT_CONFIRMATION_OK"
873,10406944643,10406944694,1,"IOTHUB_CLIENT_CONFIRMATION_OK"
874,10406944844,10406944885,1,"IOTHUB_CLIENT_CONFIRMATION_OK"
875,10406945044,10406945099,1,"IOTHUB_CLIENT_CONFIRMATION_OK"
876,10406945244,10406945378,1,"IOTHUB_CLIENT_CONFIRMATION_OK"
877,10406945444,10406945476,1,"IOTHUB_CLIENT_CONFIRMATION_OK"
878,10406945644,10406945688,1,"IOTHUB_CLIENT_CONFIRMATION_OK"
879,10406945844,10406945928,1,"IOTHUB_CLIENT_CONFIRMATION_OK"
880,10406946044,10406946096,1,"IOTHUB_CLIENT_CONFIRMATION_OK"
881,10406946245,10406946304,1,"IOTHUB_CLIENT_CONFIRMATION_OK"
882,10406946445,10406946521,1,"IOTHUB_CLIENT_CONFIRMATION_OK"
883,10406946645,10406946827,1,"IOTHUB_CLIENT_CONFIRMATION_OK"
884,10406946845,10406946899,1,"IOTHUB_CLIENT_CONFIRMATION_OK"
885,10406947045,10406947099,1,"IOTHUB_CLIENT_CONFIRMATION_OK"
886,10406947245,10406947437,1,"IOTHUB_CLIENT_CONFIRMATION_OK"
887,10406947446,10406947493,1,"IOTHUB_CLIENT_CONFIRMATION_OK"
888,10406947646,10406947716,1,"IOTHUB_CLIENT_CONFIRMATION_OK"
889,10406947846,10406947898,1,"IOTHUB_CLIENT_CONFIRMATION_OK"
890,10406948046,10406948093,1,"IOTHUB_CLIENT_CONFIRMATION_OK"
891,10406948246,10406948287,1,"IOTHUB_CLIENT_CONFIRMATION_OK"
892,10406948446,10406948517,1,"IOTHUB_CLIENT_CONFIRMATION_OK"
893,10406948646,10406948690,1,"IOTHUB_CLIENT_CONFIRMATION_OK"
894,10406948847,10406948890,1,"IOTHUB_CLIENT_CONFIRMATION_OK"
895,10406949047,10406949093,1,"IOTHUB_CLIENT_CONFIRMATION_OK"
896,10406949247,10406949295,1,"IOTHUB_CLIENT_CONFIRMATION_OK"
897,10406949447,10406949514,1,"IOTHUB_CLIENT_CONFIRMATION_OK"
898,10406949647,10406949804,1,"IOTHUB_CLIENT_CONFIRMATION_OK"
899,10406949847,10406949920,1,"IOTHUB_CLIENT_CONFIRMATION_OK"
900,10406950048,10406950146,1,"IOTHUB_CLIENT_CONFIRMATION_OK"
901,10406950248,10406950297,1,"IOTHUB_CLIENT_CONFIRMATION_OK"
902,10406950448,10406950500,1,"IOTHUB_CLIENT_CONFIRMATION_OK"
903,10406950648,10406950702,1,"IOTHUB_CLIENT_CONFIRMATION_OK"
904,10406950848,10406950901,1,"IOTHUB_CLIENT_CONFIRMATION_OK"
905,10406951048,10406951106,1,"IOTHUB_CLIENT_CONFIRMATION_OK"
906,10406951249,10406951292,1,"IOTHUB_CLIENT_CONFIRMATION_OK"
907,10406951449,10406951491,1,"IOTHUB_CLIENT_CONFIRMATION_OK"
908,10406951649,10406951698,1,"IOTHUB_CLIENT_CONFIRMATION_OK"
909,10406951849,10406951886,1,"IOTHUB_CLIENT_CONFIRMATION_OK"
910,10406952049,10406952093,1,"IOTHUB_CLIENT_CONFIRMATION_OK"
911,10406952249,10406952305,1,"IOTHUB_CLIENT_CONFIRMATION_OK"
912,10406952449,10406952493,1,"IOTHUB_CLIENT_CONFIRMATION_OK"
913,10406952650,10406952718,1,"IOTHUB_CLIENT_CONFIRMATION_OK"
914,10406952850,10406952907,1,"IOTHUB_CLIENT_CONFIRMATION_OK"
915,10406953050,10406953098,1,"IOTHUB_CLIENT_CONFIRMATION_OK"
916,10406953250,10406953329,1,"IOTHUB_CLIENT_CONFIRMATION_OK"
917,10406953450,10406953496,1,"IOTHUB_CLIENT_CONFIRMATION_OK"
918,10406953650,10406953712,1,"IOTHUB_CLIENT_CONFIRMATION_OK"
919,10406953851,10406953917,1,"IOTHUB_CLIENT_CONFIRMATION_OK"
920,10406954051,10406954113,1,"IOTHUB_CLIENT_CONFIRMATION_OK"
921,10406954251,10406954306,1,"IOTHUB_CLIENT_CONFIRMATION_OK"
922,10406954451,10406954499,1,"IOTHUB_CLIENT_CONFIRMATION_OK"
923,10406954651,10406954782,1,"IOTHUB_CLIENT_CONFIRMATION_OK"
924,10406954851,10406954895,1,"IOTHUB_CLIENT_CONFIRMATION_OK"
925,10406955051,10406955095,1,"IOTHUB_CLIENT_CONFIRMATION_OK"
926,10406955252,10406955349,1,"IOTHUB_CLIENT_CONFIRMATION_OK"
927,10406955452,10406955497,1,"IOTHUB_CLIENT_CONFIRMATION_OK"
928,10406955652,10406955724,1,"IOTHUB_CLIENT_CONFIRMATION_OK"
929,10406955852,10406955922,1,"IOTHUB_CLIENT_CONFIRMATION_OK"
930,10406956052,10406956099,1,"IOTHUB_CLIENT_CONFIRMATION_OK"
931,10406956252,10406956292,1,"IOTHUB_CLIENT_CONFIRMATION_OK"
932,10406956453,10406956503,1,"IOTHUB_CLIENT_CONFIRMATION_OK"
933,10406956653,10406956688,1,"IOTHUB_CLIENT_CONFIRMATION_OK"
934,10406956853,10406957011,1,"IOTHUB_CLIENT_CONFIRMATION_OK"
935,10406957053,10406957109,1,"IOTHUB_CLIENT_CONFIRMATION_OK"
936,10406957253,10406957397,1,"IOTHUB_CLIENT_CONFIRMATION_OK"
937,10406957453,10406957499,1,"IOTHUB_CLIENT_CONFIRMATION_OK"
938,10406957653,10406957703,1,"IOTHUB_CLIENT_CONFIRMATION_OK"
939,10406957854,10406957903,1,"IOTHUB_CLIENT_CONFIRMATION_OK"
940,10406958054,10406958091,1,"IOTHUB_CLIENT_CONFIRMATION_OK"
941,10406958254,10406958312,1,"IOTHUB_CLIENT_CONFIRMATION_OK"
942,10406958454,10406958513,1,"IOTHUB_CLIENT_CONFIRMATION_OK"
943,10406958654,10406958711,1,"IOTHUB_CLIENT_CONFIRMATION_OK"
944,10406958854,10406958920,1,"IOTHUB_CLIENT_CONFIRMATION_OK"
945,10406959055,10406959088,1,"IOTHUB_CLIENT_CONFIRMATION_OK"
946,10406959255,10406959411,1,"IOTHUB_CLIENT_CONFIRMATION_OK"
947,10406959455,10406959503,1,"IOTHUB_CLIENT_CONFIRMATION_OK"
948,10406959655,10406959703,1,"IOTHUB_CLIENT_CONFIRMATION_OK"
949,10406959855,10406959995,1,"IOTHUB_CLIENT_CONFIRMATION_OK"
950,10406960055,10406960106,1,"IOTHUB_CLIENT_CONFIRMATION_OK"
951,10406960256,10406960315,1,"IOTHUB_CLIENT_CONFIRMATION_OK"
952,10406960456,10406960509,1,"IOTHUB_CLIENT_CONFIRMATION_OK"
953,10406960656,10406960739,1,"IOTHUB_CLIENT_CONFIRMATION_OK"
954,10406960856,10406960895,1,"IOTHUB_CLIENT_CONFIRMATION_OK"
955,10406961056,10406961113,1,"IOTHUB_CLIENT_CONFIRMATION_OK"
956,10406961256,10406961310,1,"IOTHUB_CLIENT_CONFIRMATION_OK"
957,10406961456,10406961503,1,"IOTHUB_CLIENT_CONFIRMATION_OK"
958,10406961657,10406961714,1,"IOTHUB_CLIENT_CONFIRMATION_OK"
959,10406961857,10406961950,1,"IOTHUB_CLIENT_CONFIRMATION_OK"
960,10406962057,10406962125,1,"IOTHUB_CLIENT_CONFIRMATION_OK"
961,10406962257,10406962315,1,"IOTHUB_CLIENT_CONFIRMATION_OK"
962,10406962457,10406962543,1,"IOTHUB_CLIENT_CONFIRMATION_OK"
963,10406962657,10406962702,1,"IOTHUB_CLIENT_CONFIRMATION_OK"
964,10406962858,10406962903,1,"IOTHUB_CLIENT_CONFIRMATION_OK"
965,10406963058,10406963112,1,"IOTHUB_CLIENT_CONFIRMATION_OK"
966,10406963258,10406963315,1,"IOTHUB_CLIENT_CONFIRMATION_OK"
967,10406963458,10406963520,1,"IOTHUB_CLIENT_CONFIRMATION_OK"
968,10406963658,10406963704,1,"IOTHUB_CLIENT_CONFIRMATION_OK"
969,10406963858,10406963899,1,"IOTHUB_CLIENT_CONFIRMATION_OK"
970,10406964058,10406964115,1,"IOTHUB_CLIENT_CONFIRMATION_OK"
971,10406964259,10406964306,1,"IOTHUB_CLIENT_CONFIRMATION_OK"
972,10406964459,10406964513,1,"IOTHUB_CLIENT_CONFIRMATION_OK"
973,10406964659,10406964793,1,"IOTHUB_CLIENT_CONFIRMATION_OK"
974,10406964859,10406964907,1,"IOTHUB_CLIENT_CONFIRMATION_OK"
975,10406965059,10406965105,1,"IOTHUB_CLIENT_CONFIRMATION_OK"
976,10406965259,10406965308,1,"IOTHUB_CLIENT_CONFIRMATION_OK"
977,10406965460,10406965507,1,"IOTHUB_CLIENT_CONFIRMATION_OK"
978,10406965660,10406965702,1,"IOTHUB_CLIENT_CONFIRMATION_OK"
979,10406965860,10406965908,1,"IOTHUB_CLIENT_CONFIRMATION_OK"
980,10406966060,10406966129,1,"IOTHUB_CLIENT_CONFIRMATION_OK"
981,10406966260,10406966300,1,"IOTHUB_CLIENT_CONFIRMATION_OK"
982,10406966460,10406966507,1,"IOTHUB_CLIENT_CONFIRMATION_OK"
983,10406966660,10406966738,1,"IOTHUB_CLIENT_CONFIRMATION_OK"
984,10406966861,10406966910,1,"IOTHUB_CLIENT_CONFIRMATION_OK"
985,10406967061,10406967113,1,"IOTHUB_CLIENT_CONFIRMATION_OK"
986,10406967261,10406967334,1,"IOTHUB_CLIENT_CONFIRMATION_OK"
987,10406967461,10406967505,1,"IOTHUB_CLIENT_CONFIRMATION_OK"
988,10406967661,10406967709,1,"IOTHUB_CLIENT_CONFIRMATION_OK"
989,10406967861,10406967908,1,"IOTHUB_CLIENT_CONFIRMATION_OK"
990,10406968062,10406968124,1,"IOTHUB_CLIENT_CONFIRMATION_OK"
991,10406968262,10406968315,1,"IOTHUB_CLIENT_CONFIRMATION_OK"
992,10406968462,10406968533,1,"IOTHUB_CLIENT_CONFIRMATION_OK"
993,10406968662,10406968747,1,"IOTHUB_CLIENT_CONFIRMATION_OK"
994,10406968862,10406968932,1,"IOTHUB_CLIENT_CONFIRMATION_OK"
995,10406969062,10406969128,1,"IOTHUB_CLIENT_CONFIRMATION_OK"
996,10406969263,10406969353,1,"IOTHUB_CLIENT_CONFIRMATION_OK"
997,10406969463,10406969504,1,"IOTHUB_CLIENT_CONFIRMATION_OK"
998,10406969663,10406970048,1,"IOTHUB_CLIENT_CONFIRMATION_OK"
999,10406969863,10406970136,1,"IOTHUB_CLIENT_CONFIRMATION_OK"
1000,10406970063,10406970175,1,"IOTHUB_CLIENT_CONFIRMATION_OK"
1001,10406970263,10406970318,1,"IOTHUB_CLIENT_CONFIRMATION_OK"
1002,10406970463,10406970510,1,"IOTHUB_CLIENT_CONFIRMATION_OK"
1003,10406970664,10406970792,1,"IOTHUB_CLIENT_CONFIRMATION_OK"
1004,10406970864,10406970912,1,"IOTHUB_CLIENT_CONFIRMATION_OK"
1005,10406971064,10406971116,1,"IOTHUB_CLIENT_CONFIRMATION_OK"
1006,10406971264,10406971406,1,"IOTHUB_CLIENT_CONFIRMATION_OK"
1007,10406971464,10406971513,1,"IOTHUB_CLIENT_CONFIRMATION_OK"
1008,10406971664,10406971717,1,"IOTHUB_CLIENT_CONFIRMATION_OK"
1009,10406971865,10406971937,1,"IOTHUB_CLIENT_CONFIRMATION_OK"
1010,10406972065,10406972123,1,"IOTHUB_CLIENT_CONFIRMATION_OK"
1011,10406972265,10406972311,1,"IOTHUB_CLIENT_CONFIRMATION_OK"
1012,10406972465,10406972515,1,"IOTHUB_CLIENT_CONFIRMATION_OK"
1013,10406972665,10406972712,1,"IOTHUB_CLIENT_CONFIRMATION_OK"
1014,10406972865,10406972937,1,"IOTHUB_CLIENT_CONFIRMATION_OK"
1015,10406973065,10406973130,1,"IOTHUB_CLIENT_CONFIRMATION_OK"
1016,10406973266,10406973312,1,"IOTHUB_CLIENT_CONFIRMATION_OK"
1017,10406973466,10406973527,1,"IOTHUB_CLIENT_CONFIRMATION_OK"
1018,10406973666,10406973735,1,"IOTHUB_CLIENT_CONFIRMATION_OK"
1019,10406973866,10406974204,1,"IOTHUB_CLIENT_CONFIRMATION_OK"
1020,10406974066,10406974244,1,"IOTHUB_CLIENT_CONFIRMATION_OK"
1021,10406974266,10406974318,1,"IOTHUB_CLIENT_CONFIRMATION_OK"
1022,10406974467,10406974551,1,"IOTHUB_CLIENT_CONFIRMATION_OK"
1023,10406974667,10406974745,1,"IOTHUB_CLIENT_CONFIRMATION_OK"
1024,10406974867,10406974915,1,"IOTHUB_CLIENT_CONFIRMATION_OK"
1025,10406975067,10406975126,1,"IOTHUB_CLIENT_CONFIRMATION_OK"
1026,10406975267,10406975430,1,"IOTHUB_CLIENT_CONFIRMATION_OK"
1027,10406975467,10406975524,1,"IOTHUB_CLIENT_CONFIRMATION_OK"
1028,10406975668,10406975707,1,"IOTHUB_CLIENT_CONFIRMATION_OK"
1029,10406975868,10406975933,1,"IOTHUB_CLIENT_CONFIRMATION_OK"
1030,10406976068,10406976119,1,"IOTHUB_CLIENT_CONFIRMATION_OK"
1031,10406976268,10406976312,1,"IOTHUB_CLIENT_CONFIRMATION_OK"
1032,10406976468,10406976529,1,"IOTHUB_CLIENT_CONFIRMATION_OK"
1033,10406976668,10406976717,1,"IOTHUB_CLIENT_CONFIRMATION_OK"
1034,10406976869,10406976915,1,"IOTHUB_CLIENT_CONFIRMATION_OK"
1035,10406977069,10406977113,1,"IOTHUB_CLIENT_CONFIRMATION_OK"
1036,10406977269,10406977320,1,"IOTHUB_CLIENT_CONFIRMATION_OK"
1037,10406977469,10406977520,1,"IOTHUB_CLIENT_CONFIRMATION_OK"
1038,10406977669,10406977733,1,"IOTHUB_CLIENT_CONFIRMATION_OK"
1039,10406977869,10406977928,1,"IOTHUB_CLIENT_CONFIRMATION_OK"
1040,10406978069,10406978118,1,"IOTHUB_CLIENT_CONFIRMATION_OK"
1041,10406978270,10406978326,1,"IOTHUB_CLIENT_CONFIRMATION_OK"
1042,10406978470,10406978508,1,"IOTHUB_CLIENT_CONFIRMATION_OK"
1043,10406978670,10406978729,1,"IOTHUB_CLIENT_CONFIRMATION_OK"
1044,10406978870,10406978918,1,"IOTHUB_CLIENT_CONFIRMATION_OK"
1045,10406979070,10406979133,1,"IOTHUB_CLIENT_CONFIRMATION_OK"
1046,10406979270,10406979331,1,"IOTHUB_CLIENT_CONFIRMATION_OK"
1047,10406979471,10406979519,1,"IOTHUB_CLIENT_CONFIRMATION_OK"
1048,10406979671,10406979721,1,"IOTHUB_CLIENT_CONFIRMATION_OK"
1049,10406979871,10406979919,1,"IOTHUB_CLIENT_CONFIRMATION_OK"
1050,10406980071,10406980129,1,"IOTHUB_CLIENT_CONFIRMATION_OK"
1051,10406980271,10406980329,1,"IOTHUB_CLIENT_CONFIRMATION_OK"
1052,10406980471,10406980533,1,"IOTHUB_CLIENT_CONFIRMATION_OK"
1053,10406980672,10406980725,1,"IOTHUB_CLIENT_CONFIRMATION_OK"
1054,10406980872,10406980915,1,"IOTHUB_CLIENT_CONFIRMATION_OK"
1055,10406981072,10406981120,1,"IOTHUB_CLIENT_CONFIRMATION_OK"
1056,10406981272,10406981335,1,"IOTHUB_CLIENT_CONFIRMATION_OK"
1057,10406981472,10406981547,1,"IOTHUB_CLIENT_CONFIRMATION_OK"
1058,10406981672,10406982034,1,"IOTHUB_CLIENT_CONFIRMATION_OK"
1059,10406981873,10406982182,1,"IOTHUB_CLIENT_CONFIRMATION_OK"
1060,10406982073,10406982226,1,"IOTHUB_CLIENT_CONFIRMATION_OK"
1061,10406982273,10406982335,1,"IOTHUB_CLIENT_CONFIRMATION_OK"
1062,10406982473,10406982525,1,"IOTHUB_CLIENT_CONFIRMATION_OK"
1063,10406982673,10406982761,1,"IOTHUB_CLIENT_CONFIRMATION_OK"
1064,10406982873,10406982937,1,"IOTHUB_CLIENT_CONFIRMATION_OK"
1065,10406983073,10406983128,1,"IOTHUB_CLIENT_CONFIRMATION_OK"
1066,10406983274,10406983369,1,"IOTHUB_CLIENT_CONFIRMATION_OK"
1067,10406983474,10406983561,1,"IOTHUB_CLIENT_CONFIRMATION_OK"
1068,10406983674,10406983874,1,"IOTHUB_CLIENT_CONFIRMATION_OK"
1069,10406983874,10406983924,1,"IOTHUB_CLIENT_CONFIRMATION_OK"
1070,10406984074,10406984120,1,"IOTHUB_CLIENT_CONFIRMATION_OK"
1071,10406984274,10406984341,1,"IOTHUB_CLIENT_CONFIRMATION_OK"
1072,10406984475,10406984523,1,"IOTHUB_CLIENT_CONFIRMATION_OK"
1073,10406984675,10406984716,1,"IOTHUB_CLIENT_CONFIRMATION_OK"
1074,10406984875,10406984919,1,"IOTHUB_CLIENT_CONFIRMATION_OK"
1075,10406985075,10406985178,1,"IOTHUB_CLIENT_CONFIRMATION_OK"
1076,10406985275,10406985396,1,"IOTHUB_CLIENT_CONFIRMATION_OK"
1077,10406985475,10406985535,1,"IOTHUB_CLIENT_CONFIRMATION_OK"
1078,10406985676,10406985716,1,"IOTHUB_CLIENT_CONFIRMATION_OK"
1079,10406985876,10406985929,1,"IOTHUB_CLIENT_CONFIRMATION_OK"
1080,10406986076,10406986111,1,"IOTHUB_CLIENT_CONFIRMATION_OK"
1081,10406986276,10406986312,1,"IOTHUB_CLIENT_CONFIRMATION_OK"
1082,10406986476,10406986549,1,"IOTHUB_CLIENT_CONFIRMATION_OK"
1083,10406986676,10406986764,1,"IOTHUB_CLIENT_CONFIRMATION_OK"
1084,10406986877,10406986925,1,"IOTHUB_CLIENT_CONFIRMATION_OK"
1085,10406987077,10406987134,1,"IOTHUB_CLIENT_CONFIRMATION_OK"
1086,10406987277,10406987448,1,"IOTHUB_CLIENT_CONFIRMATION_OK"
1087,10406987477,10406987520,1,"IOTHUB_CLIENT_CONFIRMATION_OK"
1088,10406987677,10406987726,1,"IOTHUB_CLIENT_CONFIRMATION_OK"
1089,10406987877,10406987946,1,"IOTHUB_CLIENT_CONFIRMATION_OK"
1090,10406988077,10406988116,1,"IOTHUB_CLIENT_CONFIRMATION_OK"
1091,10406988278,10406988355,1,"IOTHUB_CLIENT_CONFIRMATION_OK"
1092,10406988478,10406988535,1,"IOTHUB_CLIENT_CONFIRMATION_OK"
1093,10406988678,10406988729,1,"IOTHUB_CLIENT_CONFIRMATION_OK"
1094,10406988878,10406988939,1,"IOTHUB_CLIENT_CONFIRMATION_OK"
1095,10406989078,10406989177,1,"IOTHUB_CLIENT_CONFIRMATION_OK"
1096,10406989278,10406989375,1,"IOTHUB_CLIENT_CONFIRMATION_OK"
1097,10406989479,10406989529,1,"IOTHUB_CLIENT_CONFIRMATION_OK"
1098,10406989679,10406989739,1,"IOTHUB_CLIENT_CONFIRMATION_OK"
1099,10406989879,10406990025,1,"IOTHUB_CLIENT_CONFIRMATION_OK"
1100,10406990079,10406990127,1,"IOTHUB_CLIENT_CONFIRMATION_OK"
1101,10406990279,10406990327,1,"IOTHUB_CLIENT_CONFIRMATION_OK"
1102,10406990479,10406990579,1,"IOTHUB_CLIENT_CONFIRMATION_OK"
1103,10406990679,10406990794,1,"IOTHUB_CLIENT_CONFIRMATION_OK"
1104,10406990880,10406990944,1,"IOTHUB_CLIENT_CONFIRMATION_OK"
1105,10406991080,10406991120,1,"IOTHUB_CLIENT_CONFIRMATION_OK"
1106,10406991280,10406991409,1,"IOTHUB_CLIENT_CONFIRMATION_OK"
1107,10406991480,10406991532,1,"IOTHUB_CLIENT_CONFIRMATION_OK"
1108,10406991680,10406991721,1,"IOTHUB_CLIENT_CONFIRMATION_OK"
1109,10406991880,10406991949,1,"IOTHUB_CLIENT_CONFIRMATION_OK"
1110,10406992081,10406992145,1,"IOTHUB_CLIENT_CONFIRMATION_OK"
1111,10406992281,10406992326,1,"IOTHUB_CLIENT_CONFIRMATION_OK"
1112,10406992481,10406992538,1,"IOTHUB_CLIENT_CONFIRMATION_OK"
1113,10406992681,10406992736,1,"IOTHUB_CLIENT_CONFIRMATION_OK"
1114,10406992881,10406992925,1,"IOTHUB_CLIENT_CONFIRMATION_OK"
1115,10406993081,10406993124,1,"IOTHUB_CLIENT_CONFIRMATION_OK"
1116,10406993282,10406993442,1,"IOTHUB_CLIENT_CONFIRMATION_OK"
1117,10406993482,10406993524,1,"IOTHUB_CLIENT_CONFIRMATION_OK"
1118,10406993682,10406993728,1,"IOTHUB_CLIENT_CONFIRMATION_OK"
1119,10406993882,10406993932,1,"IOTHUB_CLIENT_CONFIRMATION_OK"
1120,10406994082,10406994130,1,"IOTHUB_CLIENT_CONFIRMATION_OK"
1121,10406994282,10406994320,1,"IOTHUB_CLIENT_CONFIRMATION_OK"
1122,10406994482,10406994522,1,"IOTHUB_CLIENT_CONFIRMATION_OK"
1123,10406994683,10406994736,1,"IOTHUB_CLIENT_CONFIRMATION_OK"
1124,10406994883,10406994942,1,"IOTHUB_CLIENT_CONFIRMATION_OK"
1125,10406995083,10406995305,1,"IOTHUB_CLIENT_CONFIRMATION_OK"
1126,10406995283,10406995326,1,"IOTHUB_CLIENT_CONFIRMATION_OK"
1127,10406995483,10406995525,1,"IOTHUB_CLIENT_CONFIRMATION_OK"
1128,10406995683,10406995748,1,"IOTHUB_CLIENT_CONFIRMATION_OK"
1129,10406995884,10406995942,1,"IOTHUB_CLIENT_CONFIRMATION_OK"
1130,10406996084,10406996151,1,"IOTHUB_CLIENT_CONFIRMATION_OK"
1131,10406996284,10406996357,1,"IOTHUB_CLIENT_CONFIRMATION_OK"
1132,10406996484,10406996524,1,"IOTHUB_CLIENT_CONFIRMATION_OK"
1133,10406996684,10406996796,1,"IOTHUB_CLIENT_CONFIRMATION_OK"
1134,10406996884,10406996922,1,"IOTHUB_CLIENT_CONFIRMATION_OK"
1135,10406997085,10406997126,1,"IOTHUB_CLIENT_CONFIRMATION_OK"
1136,10406997285,10406997394,1,"IOTHUB_CLIENT_CONFIRMATION_OK"
1137,10406997485,10406997533,1,"IOTHUB_CLIENT_CONFIRMATION_OK"
1138,10406997685,10406997729,1,"IOTHUB_CLIENT_CONFIRMATION_OK"
1139,10406997885,10406997936,1,"IOTHUB_CLIENT_CONFIRMATION_OK"
1140,10406998085,10406998140,1,"IOTHUB_CLIENT_CONFIRMATION_OK"
1141,10406998285,10406998325,1,"IOTHUB_CLIENT_CONFIRMATION_OK"
1142,10406998486,10406998578,1,"IOTHUB_CLIENT_CONFIRMATION_OK"
1143,10406998686,10406998731,1,"IOTHUB_CLIENT_CONFIRMATION_OK"
1144,10406998886,10406998939,1,"IOTHUB_CLIENT_CONFIRMATION_OK"
1145,10406999086,10406999127,1,"IOTHUB_CLIENT_CONFIRMATION_OK"
1146,10406999286,10406999420,1,"IOTHUB_CLIENT_CONFIRMATION_OK"
1147,10406999486,10406999533,1,"IOTHUB_CLIENT_CONFIRMATION_OK"
1148,10406999687,10406999740,1,"IOTHUB_CLIENT_CONFIRMATION_OK"
1149,10406999887,10406999925,1,"IOTHUB_CLIENT_CONFIRMATION_OK"
1150,10407000087,10407000133,1,"IOTHUB_CLIENT_CONFIRMATION_OK"
1151,10407000287,10407000344,1,"IOTHUB_CLIENT_CONFIRMATION_OK"
1152,10407000487,10407000533,1,"IOTHUB_CLIENT_CONFIRMATION_OK"
1153,10407000687,10407000748,1,"IOTHUB_CLIENT_CONFIRMATION_OK"
1154,10407000888,10407000953,1,"IOTHUB_CLIENT_CONFIRMATION_OK"
1155,10407001088,10407001125,1,"IOTHUB_CLIENT_CONFIRMATION_OK"
1156,10407001288,10407001368,1,"IOTHUB_CLIENT_CONFIRMATION_OK"
1157,10407001488,10407001536,1,"IOTHUB_CLIENT_CONFIRMATION_OK"
1158,10407001688,10407001756,1,"IOTHUB_CLIENT_CONFIRMATION_OK"
1159,10407001888,10407001956,1,"IOTHUB_CLIENT_CONFIRMATION_OK"
1160,10407002089,10407002137,1,"IOTHUB_CLIENT_CONFIRMATION_OK"
1161,10407002289,10407002334,1,"IOTHUB_CLIENT_CONFIRMATION_OK"
1162,10407002489,10407002528,1,"IOTHUB_CLIENT_CONFIRMATION_OK"
1163,10407002689,10407002774,1,"IOTHUB_CLIENT_CONFIRMATION_OK"
1164,10407002889,10407002943,1,"IOTHUB_CLIENT_CONFIRMATION_OK"
1165,10407003089,10407003152,1,"IOTHUB_CLIENT_CONFIRMATION_OK"
1166,10407003290,10407003352,1,"IOTHUB_CLIENT_CONFIRMATION_OK"
1167,10407003490,10407003542,1,"IOTHUB_CLIENT_CONFIRMATION_OK"
1168,10407003690,10407003732,1,"IOTHUB_CLIENT_CONFIRMATION_OK"
1169,10407003890,10407003945,1,"IOTHUB_CLIENT_CONFIRMATION_OK"
1170,10407004090,10407004136,1,"IOTHUB_CLIENT_CONFIRMATION_OK"
1171,10407004290,10407004339,1,"IOTHUB_CLIENT_CONFIRMATION_OK"
1172,10407004490,10407004528,1,"IOTHUB_CLIENT_CONFIRMATION_OK"
1173,10407004691,10407004779,1,"IOTHUB_CLIENT_CONFIRMATION_OK"
1174,10407004891,10407004928,1,"IOTHUB_CLIENT_CONFIRMATION_OK"
1175,10407005091,10407005142,1,"IOTHUB_CLIENT_CONFIRMATION_OK"
1176,10407005291,10407005399,1,"IOTHUB_CLIENT_CONFIRMATION_OK"
1177,10407005491,10407005530,1,"IOTHUB_CLIENT_CONFIRMATION_OK"
1178,10407005691,10407005737,1,"IOTHUB_CLIENT_CONFIRMATION_OK"
1179,10407005892,10407005938,1,"IOTHUB_CLIENT_CONFIRMATION_OK"
1180,10407006092,10407006131,1,"IOTHUB_CLIENT_CONFIRMATION_OK"
1181,10407006292,10407006334,1,"IOTHUB_CLIENT_CONFIRMATION_OK"
1182,10407006492,10407006530,1,"IOTHUB_CLIENT_CONFIRMATION_OK"
1183,10407006692,10407006743,1,"IOTHUB_CLIENT_CONFIRMATION_OK"
1184,10407006892,10407006937,1,"IOTHUB_CLIENT_CONFIRMATION_OK"
1185,10407007092,10407007195,1,"IOTHUB_CLIENT_CONFIRMATION_OK"
1186,10407007293,10407007427,1,"IOTHUB_CLIENT_CONFIRMATION_OK"
1187,10407007493,10407007536,1,"IOTHUB_CLIENT_CONFIRMATION_OK"
1188,10407007693,10407007764,1,"IOTHUB_CLIENT_CONFIRMATION_OK"
1189,10407007893,10407007964,1,"IOTHUB_CLIENT_CONFIRMATION_OK"
1190,10407008093,10407008150,1,"IOTHUB_CLIENT_CONFIRMATION_OK"
1191,10407008293,10407008339,1,"IOTHUB_CLIENT_CONFIRMATION_OK"
1192,10407008494,10407008552,1,"IOTHUB_CLIENT_CONFIRMATION_OK"
1193,10407008694,10407008782,1,"IOTHUB_CLIENT_CONFIRMATION_OK"
1194,10407008894,10407008957,1,"IOTHUB_CLIENT_CONFIRMATION_OK"
1195,10407009094,10407009133,1,"IOTHUB_CLIENT_CONFIRMATION_OK"
1196,10407009294,10407009471,1,"IOTHUB_CLIENT_CONFIRMATION_OK"
1197,10407009494,10407009535,1,"IOTHUB_CLIENT_CONFIRMATION_OK"
1198,10407009694,10407009758,1,"IOTHUB_CLIENT_CONFIRMATION_OK"
1199,10407009895,10407009946,1,"IOTHUB_CLIENT_CONFIRMATION_OK"
1200,10407010095,10407010135,1,"IOTHUB_CLIENT_CONFIRMATION_OK"
1201,10407010295,10407010350,1,"IOTHUB_CLIENT_CONFIRMATION_OK"
1202,10407010495,10407010547,1,"IOTHUB_CLIENT_CONFIRMATION_OK"
1203,10407010695,10407010754,1,"IOTHUB_CLIENT_CONFIRMATION_OK"
1204,10407010895,10407010938,1,"IOTHUB_CLIENT_CONFIRMATION_OK"
1205,10407011096,10407011143,1,"IOTHUB_CLIENT_CONFIRMATION_OK"
1206,10407011296,10407011341,1,"IOTHUB_CLIENT_CONFIRMATION_OK"
1207,10407011496,10407011545,1,"IOTHUB_CLIENT_CONFIRMATION_OK"
1208,10407011696,10407011742,1,"IOTHUB_CLIENT_CONFIRMATION_OK"
1209,10407011896,10407012082,1,"IOTHUB_CLIENT_CONFIRMATION_OK"
1210,10407012096,10407012188,1,"IOTHUB_CLIENT_CONFIRMATION_OK"
1211,10407012296,10407012367,1,"IOTHUB_CLIENT_CONFIRMATION_OK"
1212,10407012497,10407012559,1,"IOTHUB_CLIENT_CONFIRMATION_OK"
1213,10407012697,10407012858,1,"IOTHUB_CLIENT_CONFIRMATION_OK"
1214,10407012897,10407012950,1,"IOTHUB_CLIENT_CONFIRMATION_OK"
1215,10407013097,10407013171,1,"IOTHUB_CLIENT_CONFIRMATION_OK"
1216,10407013297,10407013356,1,"IOTHUB_CLIENT_CONFIRMATION_OK"
1217,10407013497,10407013540,1,"IOTHUB_CLIENT_CONFIRMATION_OK"
1218,10407013698,10407013743,1,"IOTHUB_CLIENT_CONFIRMATION_OK"
1219,10407013898,10407013975,1,"IOTHUB_CLIENT_CONFIRMATION_OK"
1220,10407014098,10407014287,1,"IOTHUB_CLIENT_CONFIRMATION_OK"
1221,10407014298,10407014336,1,"IOTHUB_CLIENT_CONFIRMATION_OK"
1222,10407014498,10407014533,1,"IOTHUB_CLIENT_CONFIRMATION_OK"
1223,10407014698,10407014745,1,"IOTHUB_CLIENT_CONFIRMATION_OK"
1224,10407014899,10407014951,1,"IOTHUB_CLIENT_CONFIRMATION_OK"
1225,10407015099,10407015146,1,"IOTHUB_CLIENT_CONFIRMATION_OK"
1226,10407015299,10407015346,1,"IOTHUB_CLIENT_CONFIRMATION_OK"
1227,10407015499,10407015540,1,"IOTHUB_CLIENT_CONFIRMATION_OK"
1228,10407015699,10407015745,1,"IOTHUB_CLIENT_CONFIRMATION_OK"
1229,10407015899,10407015963,1,"IOTHUB_CLIENT_CONFIRMATION_OK"
1230,10407016099,10407016168,1,"IOTHUB_CLIENT_CONFIRMATION_OK"
1231,10407016300,10407016367,1,"IOTHUB_CLIENT_CONFIRMATION_OK"
1232,10407016500,10407016540,1,"IOTHUB_CLIENT_CONFIRMATION_OK"
1233,10407016700,10407016774,1,"IOTHUB_CLIENT_CONFIRMATION_OK"
1234,10407016900,10407016944,1,"IOTHUB_CLIENT_CONFIRMATION_OK"
1235,10407017100,10407017144,1,"IOTHUB_CLIENT_CONFIRMATION_OK"
1236,10407017300,10407017385,1,"IOTHUB_CLIENT_CONFIRMATION_OK"
1237,10407017501,10407017582,1,"IOTHUB_CLIENT_CONFIRMATION_OK"
1238,10407017701,10407017765,1,"IOTHUB_CLIENT_CONFIRMATION_OK"
1239,10407017901,10407017954,1,"IOTHUB_CLIENT_CONFIRMATION_OK"
1240,10407018101,10407018141,1,"IOTHUB_CLIENT_CONFIRMATION_OK"
1241,10407018301,10407018361,1,"IOTHUB_CLIENT_CONFIRMATION_OK"
1242,10407018501,10407018543,1,"IOTHUB_CLIENT_CONFIRMATION_OK"
1243,10407018701,10407018799,1,"IOTHUB_CLIENT_CONFIRMATION_OK"
1244,10407018902,10407018950,1,"IOTHUB_CLIENT_CONFIRMATION_OK"
1245,10407019102,10407019152,1,"IOTHUB_CLIENT_CONFIRMATION_OK"
1246,10407019302,10407019410,1,"IOTHUB_CLIENT_CONFIRMATION_OK"
1247,10407019502,10407019621,1,"IOTHUB_CLIENT_CONFIRMATION_OK"
1248,10407019702,10407019756,1,"IOTHUB_CLIENT_CONFIRMATION_OK"
1249,10407019902,10407019950,1,"IOTHUB_CLIENT_CONFIRMATION_OK"
1250,10407020103,10407020170,1,"IOTHUB_CLIENT_CONFIRMATION_OK"
1251,10407020303,10407020395,1,"IOTHUB_CLIENT_CONFIRMATION_OK"
1252,10407020503,10407020543,1,"IOTHUB_CLIENT_CONFIRMATION_OK"
1253,10407020703,10407020739,1,"IOTHUB_CLIENT_CONFIRMATION_OK"
1254,10407020903,10407020946,1,"IOTHUB_CLIENT_CONFIRMATION_OK"
1255,10407021103,10407021149,1,"IOTHUB_CLIENT_CONFIRMATION_OK"
1256,10407021304,10407021468,1,"IOTHUB_CLIENT_CONFIRMATION_OK"
1257,10407021504,10407021539,1,"IOTHUB_CLIENT_CONFIRMATION_OK"
1258,10407021704,10407021747,1,"IOTHUB_CLIENT_CONFIRMATION_OK"
1259,10407021904,10407021952,1,"IOTHUB_CLIENT_CONFIRMATION_OK"
1260,10407022104,10407022162,1,"IOTHUB_CLIENT_CONFIRMATION_OK"
1261,10407022304,10407022347,1,"IOTHUB_CLIENT_CONFIRMATION_OK"
1262,10407022504,10407022550,1,"IOTHUB_CLIENT_CONFIRMATION_OK"
1263,10407022705,10407022771,1,"IOTHUB_CLIENT_CONFIRMATION_OK"
1264,10407022905,10407022972,1,"IOTHUB_CLIENT_CONFIRMATION_OK"
1265,10407023105,10407023145,1,"IOTHUB_CLIENT_CONFIRMATION_OK"
1266,10407023305,10407023530,1,"IOTHUB_CLIENT_CONFIRMATION_OK"
1267,10407023505,10407023564,1,"IOTHUB_CLIENT_CONFIRMATION_OK"
1268,10407023705,10407023751,1,"IOTHUB_CLIENT_CONFIRMATION_OK"
1269,10407023905,10407023983,1,"IOTHUB_CLIENT_CONFIRMATION_OK"
1270,10407024106,10407024155,1,"IOTHUB_CLIENT_CONFIRMATION_OK"
1271,10407024306,10407024364,1,"IOTHUB_CLIENT_CONFIRMATION_OK"
1272,10407024506,10407024538,1,"IOTHUB_CLIENT_CONFIRMATION_OK"
1273,10407024706,10407024759,1,"IOTHUB_CLIENT_CONFIRMATION_OK"
1274,10407024906,10407024983,1,"IOTHUB_CLIENT_CONFIRMATION_OK"
1275,10407025106,10407025162,1,"IOTHUB_CLIENT_CONFIRMATION_OK"
1276,10407025307,10407025361,1,"IOTHUB_CLIENT_CONFIRMATION_OK"
1277,10407025507,10407025559,1,"IOTHUB_CLIENT_CONFIRMATION_OK"
1278,10407025707,10407025752,1,"IOTHUB_CLIENT_CONFIRMATION_OK"
1279,10407025907,10407025968,1,"IOTHUB_CLIENT_CONFIRMATION_OK"
1280,10407026107,10407026187,1,"IOTHUB_CLIENT_CONFIRMATION_OK"
1281,10407026307,10407026341,1,"IOTHUB_CLIENT_CONFIRMATION_OK"
1282,10407026508,10407026543,1,"IOTHUB_CLIENT_CONFIRMATION_OK"
1283,10407026708,10407026752,1,"IOTHUB_CLIENT_CONFIRMATION_OK"
1284,10407026908,10407026950,1,"IOTHUB_CLIENT_CONFIRMATION_OK"
1285,10407027108,10407027165,1,"IOTHUB_CLIENT_CONFIRMATION_OK"
1286,10407027308,10407027485,1,"IOTHUB_CLIENT_CONFIRMATION_OK"
1287,10407027508,10407027555,1,"IOTHUB_CLIENT_CONFIRMATION_OK"
1288,10407027708,10407027753,1,"IOTHUB_CLIENT_CONFIRMATION_OK"
1289,10407027909,10407027954,1,"IOTHUB_CLIENT_CONFIRMATION_OK"
1290,10407028109,10407028163,1,"IOTHUB_CLIENT_CONFIRMATION_OK"
1291,10407028309,10407028356,1,"IOTHUB_CLIENT_CONFIRMATION_OK"
1292,10407028509,10407028552,1,"IOTHUB_CLIENT_CONFIRMATION_OK"
1293,10407028709,10407028756,1,"IOTHUB_CLIENT_CONFIRMATION_OK"
1294,10407028909,10407028942,1,"IOTHUB_CLIENT_CONFIRMATION_OK"
1295,10407029110,10407029156,1,"IOTHUB_CLIENT_CONFIRMATION_OK"
1296,10407029310,10407029368,1,"IOTHUB_CLIENT_CONFIRMATION_OK"
1297,10407029510,10407029555,1,"IOTHUB_CLIENT_CONFIRMATION_OK"
1298,10407029710,10407029767,1,"IOTHUB_CLIENT_CONFIRMATION_OK"
1299,10407029910,10407029948,1,"IOTHUB_CLIENT_CONFIRMATION_OK"
1300,10407030110,10407030176,1,"IOTHUB_CLIENT_CONFIRMATION_OK"
1301,10407030311,10407030371,1,"IOTHUB_CLIENT_CONFIRMATION_OK"
1302,10407030511,10407030576,1,"IOTHUB_CLIENT_CONFIRMATION_OK"
1303,10407030711,10407030775,1,"IOTHUB_CLIENT_CONFIRMATION_OK"
1304,10407030911,10407030984,1,"IOTHUB_CLIENT_CONFIRMATION_OK"
1305,10407031111,10407031171,1,"IOTHUB_CLIENT_CONFIRMATION_OK"
1306,10407031311,10407031366,1,"IOTHUB_CLIENT_CONFIRMATION_OK"
1307,10407031511,10407031584,1,"IOTHUB_CLIENT_CONFIRMATION_OK"
1308,10407031712,10407031755,1,"IOTHUB_CLIENT_CONFIRMATION_OK"
1309,10407031912,10407031994,1,"IOTHUB_CLIENT_CONFIRMATION_OK"
1310,10407032112,10407032163,1,"IOTHUB_CLIENT_CONFIRMATION_OK"
1311,10407032312,10407032354,1,"IOTHUB_CLIENT_CONFIRMATION_OK"
1312,10407032512,10407032563,1,"IOTHUB_CLIENT_CONFIRMATION_OK"
1313,10407032712,10407032815,1,"IOTHUB_CLIENT_CONFIRMATION_OK"
1314,10407032913,10407032968,1,"IOTHUB_CLIENT_CONFIRMATION_OK"
1315,10407033113,10407033149,1,"IOTHUB_CLIENT_CONFIRMATION_OK"
1316,10407033313,10407033432,1,"IOTHUB_CLIENT_CONFIRMATION_OK"
1317,10407033513,10407033559,1,"IOTHUB_CLIENT_CONFIRMATION_OK"
1318,10407033713,10407033757,1,"IOTHUB_CLIENT_CONFIRMATION_OK"
1319,10407033913,10407033973,1,"IOTHUB_CLIENT_CONFIRMATION_OK"
1320,10407034114,10407034164,1,"IOTHUB_CLIENT_CONFIRMATION_OK"
1321,10407034314,10407034354,1,"IOTHUB_CLIENT_CONFIRMATION_OK"
1322,10407034514,10407034573,1,"IOTHUB_CLIENT_CONFIRMATION_OK"
1323,10407034714,10407034761,1,"IOTHUB_CLIENT_CONFIRMATION_OK"
1324,10407034914,10407034967,1,"IOTHUB_CLIENT_CONFIRMATION_OK"
1325,10407035114,10407035168,1,"IOTHUB_CLIENT_CONFIRMATION_OK"
1326,10407035314,10407035469,1,"IOTHUB_CLIENT_CONFIRMATION_OK"
1327,10407035515,10407035591,1,"IOTHUB_CLIENT_CONFIRMATION_OK"
1328,10407035715,10407035763,1,"IOTHUB_CLIENT_CONFIRMATION_OK"
1329,10407035915,10407035963,1,"IOTHUB_CLIENT_CONFIRMATION_OK"
1330,10407036115,10407036161,1,"IOTHUB_CLIENT_CONFIRMATION_OK"
1331,10407036315,10407036380,1,"IOTHUB_CLIENT_CONFIRMATION_OK"
1332,10407036515,10407036564,1,"IOTHUB_CLIENT_CONFIRMATION_OK"
1333,10407036716,10407036766,1,"IOTHUB_CLIENT_CONFIRMATION_OK"
1334,10407036916,10407036956,1,"IOTHUB_CLIENT_CONFIRMATION_OK"
1335,10407037116,10407037153,1,"IOTHUB_CLIENT_CONFIRMATION_OK"
1336,10407037316,10407037369,1,"IOTHUB_CLIENT_CONFIRMATION_OK"
1337,10407037516,10407037601,1,"IOTHUB_CLIENT_CONFIRMATION_OK"
1338,10407037716,10407037755,1,"IOTHUB_CLIENT_CONFIRMATION_OK"
1339,10407037917,10407037971,1,"IOTHUB_CLIENT_CONFIRMATION_OK"
1340,10407038117,10407038186,1,"IOTHUB_CLIENT_CONFIRMATION_OK"
1341,10407038317,10407038360,1,"IOTHUB_CLIENT_CONFIRMATION_OK"
1342,10407038517,10407038571,1,"IOTHUB_CLIENT_CONFIRMATION_OK"
1343,10407038717,10407038817,1,"IOTHUB_CLIENT_CONFIRMATION_OK"
1344,10407038917,10407038985,1,"IOTHUB_CLIENT_CONFIRMATION_OK"
1345,10407039118,10407039173,1,"IOTHUB_CLIENT_CONFIRMATION_OK"
1346,10407039318,10407039503,1,"IOTHUB_CLIENT_CONFIRMATION_OK"
1347,10407039518,10407039559,1,"IOTHUB_CLIENT_CONFIRMATION_OK"
1348,10407039718,10407039781,1,"IOTHUB_CLIENT_CONFIRMATION_OK"
1349,10407039918,10407039983,1,"IOTHUB_CLIENT_CONFIRMATION_OK"
1350,10407040118,10407040185,1,"IOTHUB_CLIENT_CONFIRMATION_OK"
1351,10407040318,10407040364,1,"IOTHUB_CLIENT_CONFIRMATION_OK"
1352,10407040519,10407040571,1,"IOTHUB_CLIENT_CONFIRMATION_OK"
1353,10407040719,10407040761,1,"IOTHUB_CLIENT_CONFIRMATION_OK"
1354,10407040919,10407040968,1,"IOTHUB_CLIENT_CONFIRMATION_OK"
1355,10407041119,10407041166,1,"IOTHUB_CLIENT_CONFIRMATION_OK"
1356,10407041319,10407041373,1,"IOTHUB_CLIENT_CONFIRMATION_OK"
1357,10407041519,10407041575,1,"IOTHUB_CLIENT_CONFIRMATION_OK"
1358,10407041720,10407041778,1,"IOTHUB_CLIENT_CONFIRMATION_OK"
1359,10407041920,10407041960,1,"IOTHUB_CLIENT_CONFIRMATION_OK"
1360,10407042120,10407042266,1,"IOTHUB_CLIENT_CONFIRMATION_OK"
1361,10407042320,10407042378,1,"IOTHUB_CLIENT_CONFIRMATION_OK"
1362,10407042520,10407042562,1,"IOTHUB_CLIENT_CONFIRMATION_OK"
1363,10407042720,10407042764,1,"IOTHUB_CLIENT_CONFIRMATION_OK"
1364,10407042921,10407042969,1,"IOTHUB_CLIENT_CONFIRMATION_OK"
1365,10407043121,10407043187,1,"IOTHUB_CLIENT_CONFIRMATION_OK"
1366,10407043321,10407043402,1,"IOTHUB_CLIENT_CONFIRMATION_OK"
1367,10407043521,10407043582,1,"IOTHUB_CLIENT_CONFIRMATION_OK"
1368,10407043721,10407043760,1,"IOTHUB_CLIENT_CONFIRMATION_OK"
1369,10407043921,10407043971,1,"IOTHUB_CLIENT_CONFIRMATION_OK"
1370,10407044121,10407044178,1,"IOTHUB_CLIENT_CONFIRMATION_OK"
1371,10407044322,10407044373,1,"IOTHUB_CLIENT_CONFIRMATION_OK"
1372,10407044522,10407044580,1,"IOTHUB_CLIENT_CONFIRMATION_OK"
1373,10407044722,10407044818,1,"IOTHUB_CLIENT_CONFIRMATION_OK"
1374,10407044922,10407044961,1,"IOTHUB_CLIENT_CONFIRMATION_OK"
1375,10407045122,10407045176,1,"IOTHUB_CLIENT_CONFIRMATION_OK"
1376,10407045322,10407045469,1,"IOTHUB_CLIENT_CONFIRMATION_OK"
1377,10407045523,10407045560,1,"IOTHUB_CLIENT_CONFIRMATION_OK"
1378,10407045723,10407045762,1,"IOTHUB_CLIENT_CONFIRMATION_OK"
1379,10407045923,10407045970,1,"IOTHUB_CLIENT_CONFIRMATION_OK"
1380,10407046123,10407046165,1,"IOTHUB_CLIENT_CONFIRMATION_OK"
1381,10407046323,10407046393,1,"IOTHUB_CLIENT_CONFIRMATION_OK"
1382,10407046523,10407046564,1,"IOTHUB_CLIENT_CONFIRMATION_OK"
1383,10407046724,10407046868,1,"IOTHUB_CLIENT_CONFIRMATION_OK"
1384,10407046924,10407046966,1,"IOTHUB_CLIENT_CONFIRMATION_OK"
1385,10407047124,10407047184,1,"IOTHUB_CLIENT_CONFIRMATION_OK"
1386,10407047324,10407047372,1,"IOTHUB_CLIENT_CONFIRMATION_OK"
1387,10407047524,10407047568,1,"IOTHUB_CLIENT_CONFIRMATION_OK"
1388,10407047724,10407047796,1,"IOTHUB_CLIENT_CONFIRMATION_OK"
1389,10407047924,10407047962,1,"IOTHUB_CLIENT_CONFIRMATION_OK"
1390,10407048125,10407048169,1,"IOTHUB_CLIENT_CONFIRMATION_OK"
1391,10407048325,10407048366,1,"IOTHUB_CLIENT_CONFIRMATION_OK"
1392,10407048525,10407048588,1,"IOTHUB_CLIENT_CONFIRMATION_OK"
1393,10407048725,10407048771,1,"IOTHUB_CLIENT_CONFIRMATION_OK"
1394,10407048925,10407049010,1,"IOTHUB_CLIENT_CONFIRMATION_OK"
1395,10407049125,10407049212,1,"IOTHUB_CLIENT_CONFIRMATION_OK"
1396,10407049326,10407049373,1,"IOTHUB_CLIENT_CONFIRMATION_OK"
1397,10407049526,10407049575,1,"IOTHUB_CLIENT_CONFIRMATION_OK"
1398,10407049726,10407049769,1,"IOTHUB_CLIENT_CONFIRMATION_OK"
1399,10407049926,10407049988,1,"IOTHUB_CLIENT_CONFIRMATION_OK"
1400,10407050126,10407050166,1,"IOTHUB_CLIENT_CONFIRMATION_OK"
1401,10407050326,10407050378,1,"IOTHUB_CLIENT_CONFIRMATION_OK"
1402,10407050527,10407050573,1,"IOTHUB_CLIENT_CONFIRMATION_OK"
1403,10407050727,10407050769,1,"IOTHUB_CLIENT_CONFIRMATION_OK"
1404,10407050927,10407050984,1,"IOTHUB_CLIENT_CONFIRMATION_OK"
1405,10407051127,10407051168,1,"IOTHUB_CLIENT_CONFIRMATION_OK"
1406,10407051327,10407051512,1,"IOTHUB_CLIENT_CONFIRMATION_OK"
1407,10407051527,10407051569,1,"IOTHUB_CLIENT_CONFIRMATION_OK"
1408,10407051727,10407051819,1,"IOTHUB_CLIENT_CONFIRMATION_OK"
1409,10407051928,10407051964,1,"IOTHUB_CLIENT_CONFIRMATION_OK"
1410,10407052128,10407052167,1,"IOTHUB_CLIENT_CONFIRMATION_OK"
1411,10407052328,10407052401,1,"IOTHUB_CLIENT_CONFIRMATION_OK"
1412,10407052528,10407052589,1,"IOTHUB_CLIENT_CONFIRMATION_OK"
1413,10407052728,10407052767,1,"IOTHUB_CLIENT_CONFIRMATION_OK"
1414,10407052928,10407053021,1,"IOTHUB_CLIENT_CONFIRMATION_OK"
1415,10407053129,10407053176,1,"IOTHUB_CLIENT_CONFIRMATION_OK"
1416,10407053329,10407053435,1,"IOTHUB_CLIENT_CONFIRMATION_OK"
1417,10407053529,10407053571,1,"IOTHUB_CLIENT_CONFIRMATION_OK"
1418,10407053729,10407053771,1,"IOTHUB_CLIENT_CONFIRMATION_OK"
1419,10407053929,10407053973,1,"IOTHUB_CLIENT_CONFIRMATION_OK"
1420,10407054129,10407054178,1,"IOTHUB_CLIENT_CONFIRMATION_OK"
1421,10407054330,10407054368,1,"IOTHUB_CLIENT_CONFIRMATION_OK"
1422,10407054530,10407054590,1,"IOTHUB_CLIENT_CONFIRMATION_OK"
1423,10407054730,10407054793,1,"IOTHUB_CLIENT_CONFIRMATION_OK"
1424,10407054930,10407054985,1,"IOTHUB_CLIENT_CONFIRMATION_OK"
1425,10407055130,10407055177,1,"IOTHUB_CLIENT_CONFIRMATION_OK"
1426,10407055330,10407055468,1,"IOTHUB_CLIENT_CONFIRMATION_OK"
1427,10407055531,10407055594,1,"IOTHUB_CLIENT_CONFIRMATION_OK"
1428,10407055731,10407055771,1,"IOTHUB_CLIENT_CONFIRMATION_OK"
1429,10407055931,10407055975,1,"IOTHUB_CLIENT_CONFIRMATION_OK"
1430,10407056131,10407056184,1,"IOTHUB_CLIENT_CONFIRMATION_OK"
1431,10407056331,10407056385,1,"IOTHUB_CLIENT_CONFIRMATION_OK"
1432,10407056531,10407056581,1,"IOTHUB_CLIENT_CONFIRMATION_OK"
1433,10407056732,10407056784,1,"IOTHUB_CLIENT_CONFIRMATION_OK"
1434,10407056932,10407057004,1,"IOTHUB_CLIENT_CONFIRMATION_OK"
1435,10407057132,10407057185,1,"IOTHUB_CLIENT_CONFIRMATION_OK"
1436,10407057332,10407057406,1,"IOTHUB_CLIENT_CONFIRMATION_OK"
1437,10407057532,10407057571,1,"IOTHUB_CLIENT_CONFIRMATION_OK"
1438,10407057732,10407057789,1,"IOTHUB_CLIENT_CONFIRMATION_OK"
1439,10407057933,10407057983,1,"IOTHUB_CLIENT_CONFIRMATION_OK"
1440,10407058133,10407058201,1,"IOTHUB_CLIENT_CONFIRMATION_OK"
1441,10407058333,10407058394,1,"IOTHUB_CLIENT_CONFIRMATION_OK"
1442,10407058533,10407058579,1,"IOTHUB_CLIENT_CONFIRMATION_OK"
1443,10407058733,10407058789,1,"IOTHUB_CLIENT_CONFIRMATION_OK"
1444,10407058933,10407058987,1,"IOTHUB_CLIENT_CONFIRMATION_OK"
1445,10407059134,10407059188,1,"IOTHUB_CLIENT_CONFIRMATION_OK"
1446,10407059334,10407059390,1,"IOTHUB_CLIENT_CONFIRMATION_OK"
1447,10407059534,10407059580,1,"IOTHUB_CLIENT_CONFIRMATION_OK"
1448,10407059734,10407059813,1,"IOTHUB_CLIENT_CONFIRMATION_OK"
1449,10407059934,10407059970,1,"IOTHUB_CLIENT_CONFIRMATION_OK"
1450,10407060134,10407060191,1,"IOTHUB_CLIENT_CONFIRMATION_OK"
1451,10407060335,10407060373,1,"IOTHUB_CLIENT_CONFIRMATION_OK"
1452,10407060535,10407060589,1,"IOTHUB_CLIENT_CONFIRMATION_OK"
1453,10407060735,10407060834,1,"IOTHUB_CLIENT_CONFIRMATION_OK"
1454,10407060935,10407060974,1,"IOTHUB_CLIENT_CONFIRMATION_OK"
1455,10407061135,10407061193,1,"IOTHUB_CLIENT_CONFIRMATION_OK"
1456,10407061335,10407061473,1,"IOTHUB_CLIENT_CONFIRMATION_OK"
1457,10407061535,10407061566,1,"IOTHUB_CLIENT_CONFIRMATION_OK"
1458,10407061736,10407061811,1,"IOTHUB_CLIENT_CONFIRMATION_OK"
1459,10407061936,10407061990,1,"IOTHUB_CLIENT_CONFIRMATION_OK"
1460,10407062136,10407062179,1,"IOTHUB_CLIENT_CONFIRMATION_OK"
1461,10407062336,10407062386,1,"IOTHUB_CLIENT_CONFIRMATION_OK"
1462,10407062536,10407062578,1,"IOTHUB_CLIENT_CONFIRMATION_OK"
1463,10407062736,10407062780,1,"IOTHUB_CLIENT_CONFIRMATION_OK"
1464,10407062937,10407063034,1,"IOTHUB_CLIENT_CONFIRMATION_OK"
1465,10407063137,10407063188,1,"IOTHUB_CLIENT_CONFIRMATION_OK"
1466,10407063337,10407063480,1,"IOTHUB_CLIENT_CONFIRMATION_OK"
1467,10407063537,10407063576,1,"IOTHUB_CLIENT_CONFIRMATION_OK"
1468,10407063737,10407063787,1,"IOTHUB_CLIENT_CONFIRMATION_OK"
1469,10407063937,10407063982,1,"IOTHUB_CLIENT_CONFIRMATION_OK"
1470,10407064137,10407064175,1,"IOTHUB_CLIENT_CONFIRMATION_OK"
1471,10407064338,10407064396,1,"IOTHUB_CLIENT_CONFIRMATION_OK"
1472,10407064538,10407064582,1,"IOTHUB_CLIENT_CONFIRMATION_OK"
1473,10407064738,10407064787,1,"IOTHUB_CLIENT_CONFIRMATION_OK"
1474,10407064938,10407064998,1,"IOTHUB_CLIENT_CONFIRMATION_OK"
1475,10407065138,10407065198,1,"IOTHUB_CLIENT_CONFIRMATION_OK"
1476,10407065338,10407065383,1,"IOTHUB_CLIENT_CONFIRMATION_OK"
1477,10407065539,10407065582,1,"IOTHUB_CLIENT_CONFIRMATION_OK"
1478,10407065739,10407065804,1,"IOTHUB_CLIENT_CONFIRMATION_OK"
1479,10407065939,10407066020,1,"IOTHUB_CLIENT_CONFIRMATION_OK"
1480,10407066139,10407066181,1,"IOTHUB_CLIENT_CONFIRMATION_OK"
1481,10407066339,10407066399,1,"IOTHUB_CLIENT_CONFIRMATION_OK"
1482,10407066539,10407066589,1,"IOTHUB_CLIENT_CONFIRMATION_OK"
1483,10407066739,10407066789,1,"IOTHUB_CLIENT_CONFIRMATION_OK"
1484,10407066940,10407066990,1,"IOTHUB_CLIENT_CONFIRMATION_OK"
1485,10407067140,10407067180,1,"IOTHUB_CLIENT_CONFIRMATION_OK"
1486,10407067340,10407067400,1,"IOTHUB_CLIENT_CONFIRMATION_OK"
1487,10407067540,10407067578,1,"IOTHUB_CLIENT_CONFIRMATION_OK"
1488,10407067740,10407067781,1,"IOTHUB_CLIENT_CONFIRMATION_OK"
1489,10407067940,10407067984,1,"IOTHUB_CLIENT_CONFIRMATION_OK"
1490,10407068140,10407068182,1,"IOTHUB_CLIENT_CONFIRMATION_OK"
1491,10407068341,10407068395,1,"IOTHUB_CLIENT_CONFIRMATION_OK"
1492,10407068541,10407068642,1,"IOTHUB_CLIENT_CONFIRMATION_OK"
1493,10407068741,10407068805,1,"IOTHUB_CLIENT_CONFIRMATION_OK"
1494,10407068941,10407068986,1,"IOTHUB_CLIENT_CONFIRMATION_OK"
1495,10407069141,10407069200,1,"IOTHUB_CLIENT_CONFIRMATION_OK"
1496,10407069341,10407069445,1,"IOTHUB_CLIENT_CONFIRMATION_OK"
1497,10407069542,10407069584,1,"IOTHUB_CLIENT_CONFIRMATION_OK"
1498,10407069742,10407069788,1,"IOTHUB_CLIENT_CONFIRMATION_OK"
1499,10407069942,10407069982,1,"IOTHUB_CLIENT_CONFIRMATION_OK"
1500,10407070142,10407070204,1,"IOTHUB_CLIENT_CONFIRMATION_OK"
1501,10407070342,10407070401,1,"IOTHUB_CLIENT_CONFIRMATION_OK"
1502,10407070542,10407070654,1,"IOTHUB_CLIENT_CONFIRMATION_OK"
1503,10407070743,10407070782,1,"IOTHUB_CLIENT_CONFIRMATION_OK"
1504,10407070943,10407070996,1,"IOTHUB_CLIENT_CONFIRMATION_OK"
1505,10407071143,10407071191,1,"IOTHUB_CLIENT_CONFIRMATION_OK"
1506,10407071343,10407071442,1,"IOTHUB_CLIENT_CONFIRMATION_OK"
1507,10407071543,10407071587,1,"IOTHUB_CLIENT_CONFIRMATION_OK"
1508,10407071743,10407071784,1,"IOTHUB_CLIENT_CONFIRMATION_OK"
1509,10407071943,10407071991,1,"IOTHUB_CLIENT_CONFIRMATION_OK"
1510,10407072144,10407072189,1,"IOTHUB_CLIENT_CONFIRMATION_OK"
1511,10407072344,10407072391,1,"IOTHUB_CLIENT_CONFIRMATION_OK"
1512,10407072544,10407072600,1,"IOTHUB_CLIENT_CONFIRMATION_OK"
1513,10407072744,10407072795,1,"IOTHUB_CLIENT_CONFIRMATION_OK"
1514,10407072944,10407072992,1,"IOTHUB_CLIENT_CONFIRMATION_OK"
1515,10407073144,10407073211,1,"IOTHUB_CLIENT_CONFIRMATION_OK"
1516,10407073345,10407073492,1,"IOTHUB_CLIENT_CONFIRMATION_OK"
1517,10407073545,10407073608,1,"IOTHUB_CLIENT_CONFIRMATION_OK"
1518,10407073745,10407073786,1,"IOTHUB_CLIENT_CONFIRMATION_OK"
1519,10407073945,10407074019,1,"IOTHUB_CLIENT_CONFIRMATION_OK"
1520,10407074145,10407074222,1,"IOTHUB_CLIENT_CONFIRMATION_OK"
1521,10407074345,10407074401,1,"IOTHUB_CLIENT_CONFIRMATION_OK"
1522,10407074545,10407074588,1,"IOTHUB_CLIENT_CONFIRMATION_OK"
1523,10407074746,10407074783,1,"IOTHUB_CLIENT_CONFIRMATION_OK"
1524,10407074946,10407075040,1,"IOTHUB_CLIENT_CONFIRMATION_OK"
1525,10407075146,10407075181,1,"IOTHUB_CLIENT_CONFIRMATION_OK"
1526,10407075346,10407075573,1,"IOTHUB_CLIENT_CONFIRMATION_OK"
1527,10407075546,10407075601,1,"IOTHUB_CLIENT_CONFIRMATION_OK"
1528,10407075746,10407075784,1,"IOTHUB_CLIENT_CONFIRMATION_OK"
1529,10407075947,10407075998,1,"IOTHUB_CLIENT_CONFIRMATION_OK"
1530,10407076147,10407076188,1,"IOTHUB_CLIENT_CONFIRMATION_OK"
1531,10407076347,10407076396,1,"IOTHUB_CLIENT_CONFIRMATION_OK"
1532,10407076547,10407076586,1,"IOTHUB_CLIENT_CONFIRMATION_OK"
1533,10407076747,10407076875,1,"IOTHUB_CLIENT_CONFIRMATION_OK"
1534,10407076947,10407076980,1,"IOTHUB_CLIENT_CONFIRMATION_OK"
1535,10407077147,10407077190,1,"IOTHUB_CLIENT_CONFIRMATION_OK"
1536,10407077348,10407077430,1,"IOTHUB_CLIENT_CONFIRMATION_OK"
1537,10407077548,10407077643,1,"IOTHUB_CLIENT_CONFIRMATION_OK"
1538,10407077748,10407077816,1,"IOTHUB_CLIENT_CONFIRMATION_OK"
1539,10407077948,10407078022,1,"IOTHUB_CLIENT_CONFIRMATION_OK"
1540,10407078148,10407078218,1,"IOTHUB_CLIENT_CONFIRMATION_OK"
1541,10407078348,10407078390,1,"IOTHUB_CLIENT_CONFIRMATION_OK"
1542,10407078549,10407078592,1,"IOTHUB_CLIENT_CONFIRMATION_OK"
1543,10407078749,10407078858,1,"IOTHUB_CLIENT_CONFIRMATION_OK"
1544,10407078949,10407079007,1,"IOTHUB_CLIENT_CONFIRMATION_OK"
1545,10407079149,10407079198,1,"IOTHUB_CLIENT_CONFIRMATION_OK"
1546,10407079349,10407079459,1,"IOTHUB_CLIENT_CONFIRMATION_OK"
1547,10407079549,10407079595,1,"IOTHUB_CLIENT_CONFIRMATION_OK"
1548,10407079749,10407079800,1,"IOTHUB_CLIENT_CONFIRMATION_OK"
1549,10407079950,10407079995,1,"IOTHUB_CLIENT_CONFIRMATION_OK"
1550,10407080150,10407080203,1,"IOTHUB_CLIENT_CONFIRMATION_OK"
1551,10407080350,10407080395,1,"IOTHUB_CLIENT_CONFIRMATION_OK"
1552,10407080550,10407080610,1,"IOTHUB_CLIENT_CONFIRMATION_OK"
1553,10407080750,10407080844,1,"IOTHUB_CLIENT_CONFIRMATION_OK"
1554,10407080950,10407081008,1,"IOTHUB_CLIENT_CONFIRMATION_OK"
1555,10407081151,10407081229,1,"IOTHUB_CLIENT_CONFIRMATION_OK"
1556,10407081351,10407081493,1,"IOTHUB_CLIENT_CONFIRMATION_OK"
1557,10407081551,10407081599,1,"IOTHUB_CLIENT_CONFIRMATION_OK"
1558,10407081751,10407081792,1,"IOTHUB_CLIENT_CONFIRMATION_OK"
1559,10407081951,10407081995,1,"IOTHUB_CLIENT_CONFIRMATION_OK"
1560,10407082151,10407082192,1,"IOTHUB_CLIENT_CONFIRMATION_OK"
1561,10407082351,10407082390,1,"IOTHUB_CLIENT_CONFIRMATION_OK"
1562,10407082552,10407082596,1,"IOTHUB_CLIENT_CONFIRMATION_OK"
1563,10407082752,10407082791,1,"IOTHUB_CLIENT_CONFIRMATION_OK"
1564,10407082952,10407082990,1,"IOTHUB_CLIENT_CONFIRMATION_OK"
1565,10407083152,10407083219,1,"IOTHUB_CLIENT_CONFIRMATION_OK"
1566,10407083352,10407083557,1,"IOTHUB_CLIENT_CONFIRMATION_OK"
1567,10407083552,10407083605,1,"IOTHUB_CLIENT_CONFIRMATION_OK"
1568,10407083753,10407083828,1,"IOTHUB_CLIENT_CONFIRMATION_OK"
1569,10407083953,10407083990,1,"IOTHUB_CLIENT_CONFIRMATION_OK"
1570,10407084153,10407084204,1,"IOTHUB_CLIENT_CONFIRMATION_OK"
1571,10407084353,10407084398,1,"IOTHUB_CLIENT_CONFIRMATION_OK"
1572,10407084553,10407084595,1,"IOTHUB_CLIENT_CONFIRMATION_OK"
1573,10407084753,10407084816,1,"IOTHUB_CLIENT_CONFIRMATION_OK"
1574,10407084954,10407084990,1,"IOTHUB_CLIENT_CONFIRMATION_OK"
1575,10407085154,10407085206,1,"IOTHUB_CLIENT_CONFIRMATION_OK"
1576,10407085354,10407085392,1,"IOTHUB_CLIENT_CONFIRMATION_OK"
1577,10407085554,10407085637,1,"IOTHUB_CLIENT_CONFIRMATION_OK"
1578,10407085754,10407085790,1,"IOTHUB_CLIENT_CONFIRMATION_OK"
1579,10407085954,10407085992,1,"IOTHUB_CLIENT_CONFIRMATION_OK"
1580,10407086155,10407086190,1,"IOTHUB_CLIENT_CONFIRMATION_OK"
1581,10407086355,10407086415,1,"IOTHUB_CLIENT_CONFIRMATION_OK"
1582,10407086555,10407086636,1,"IOTHUB_CLIENT_CONFIRMATION_OK"
1583,10407086755,10407086979,1,"IOTHUB_CLIENT_CONFIRMATION_OK"
1584,10407086955,10407087033,1,"IOTHUB_CLIENT_CONFIRMATION_OK"
1585,10407087155,10407087234,1,"IOTHUB_CLIENT_CONFIRMATION_OK"
1586,10407087356,10407087418,1,"IOTHUB_CLIENT_CONFIRMATION_OK"
1587,10407087556,10407087608,1,"IOTHUB_CLIENT_CONFIRMATION_OK"
1588,10407087756,10407087802,1,"IOTHUB_CLIENT_CONFIRMATION_OK"
1589,10407087956,10407088034,1,"IOTHUB_CLIENT_CONFIRMATION_OK"
1590,10407088156,10407088236,1,"IOTHUB_CLIENT_CONFIRMATION_OK"
1591,10407088356,10407088406,1,"IOTHUB_CLIENT_CONFIRMATION_OK"
1592,10407088557,10407088604,1,"IOTHUB_CLIENT_CONFIRMATION_OK"
1593,10407088757,10407088893,1,"IOTHUB_CLIENT_CONFIRMATION_OK"
1594,10407088957,10407089000,1,"IOTHUB_CLIENT_CONFIRMATION_OK"
1595,10407089157,10407089208,1,"IOTHUB_CLIENT_CONFIRMATION_OK"
1596,10407089357,10407089530,1,"IOTHUB_CLIENT_CONFIRMATION_OK"
1597,10407089557,10407089597,1,"IOTHUB_CLIENT_CONFIRMATION_OK"
1598,10407089757,10407089801,1,"IOTHUB_CLIENT_CONFIRMATION_OK"
1599,10407089958,10407090016,1,"IOTHUB_CLIENT_CONFIRMATION_OK"
1600,10407090158,10407090200,1,"IOTHUB_CLIENT_CONFIRMATION_OK"
1601,10407090358,10407090414,1,"IOTHUB_CLIENT_CONFIRMATION_OK"
1602,10407090558,10407090615,1,"IOTHUB_CLIENT_CONFIRMATION_OK"
1603,10407090758,10407090799,1,"IOTHUB_CLIENT_CONFIRMATION_OK"
1604,10407090958,10407091004,1,"IOTHUB_CLIENT_CONFIRMATION_OK"
1605,10407091159,10407091197,1,"IOTHUB_CLIENT_CONFIRMATION_OK"
1606,10407091359,10407091402,1,"IOTHUB_CLIENT_CONFIRMATION_OK"
1607,10407091559,10407091636,1,"IOTHUB_CLIENT_CONFIRMATION_OK"
1608,10407091759,10407091817,1,"IOTHUB_CLIENT_CONFIRMATION_OK"
1609,10407091959,10407092004,1,"IOTHUB_CLIENT_CONFIRMATION_OK"
1610,10407092159,10407092209,1,"IOTHUB_CLIENT_CONFIRMATION_OK"
1611,10407092360,10407092511,1,"IOTHUB_CLIENT_CONFIRMATION_OK"
1612,10407092560,10407092618,1,"IOTHUB_CLIENT_CONFIRMATION_OK"
1613,10407092760,10407092810,1,"IOTHUB_CLIENT_CONFIRMATION_OK"
1614,10407092960,10407093013,1,"IOTHUB_CLIENT_CONFIRMATION_OK"
1615,10407093160,10407093200,1,"IOTHUB_CLIENT_CONFIRMATION_OK"
1616,10407093360,10407093461,1,"IOTHUB_CLIENT_CONFIRMATION_OK"
1617,10407093560,10407093612,1,"IOTHUB_CLIENT_CONFIRMATION_OK"
1618,10407093761,10407093801,1,"IOTHUB_CLIENT_CONFIRMATION_OK"
1619,10407093961,10407094011,1,"IOTHUB_CLIENT_CONFIRMATION_OK"
1620,10407094161,10407094203,1,"IOTHUB_CLIENT_CONFIRMATION_OK"
1621,10407094361,10407094406,1,"IOTHUB_CLIENT_CONFIRMATION_OK"
1622,10407094561,10407094617,1,"IOTHUB_CLIENT_CONFIRMATION_OK"
1623,10407094761,10407094810,1,"IOTHUB_CLIENT_CONFIRMATION_OK"
1624,10407094962,10407095006,1,"IOTHUB_CLIENT_CONFIRMATION_OK"
1625,10407095162,10407095213,1,"IOTHUB_CLIENT_CONFIRMATION_OK"
1626,10407095362,10407095444,1,"IOTHUB_CLIENT_CONFIRMATION_OK"
1627,10407095562,10407095605,1,"IOTHUB_CLIENT_CONFIRMATION_OK"
1628,10407095762,10407095813,1,"IOTHUB_CLIENT_CONFIRMATION_OK"
1629,10407095962,10407096002,1,"IOTHUB_CLIENT_CONFIRMATION_OK"
1630,10407096163,10407096221,1,"IOTHUB_CLIENT_CONFIRMATION_OK"
1631,10407096363,10407096416,1,"IOTHUB_CLIENT_CONFIRMATION_OK"
1632,10407096563,10407096619,1,"IOTHUB_CLIENT_CONFIRMATION_OK"
1633,10407096763,10407096816,1,"IOTHUB_CLIENT_CONFIRMATION_OK"
1634,10407096963,10407097036,1,"IOTHUB_CLIENT_CONFIRMATION_OK"
1635,10407097163,10407097209,1,"IOTHUB_CLIENT_CONFIRMATION_OK"
1636,10407097364,10407097523,1,"IOTHUB_CLIENT_CONFIRMATION_OK"
1637,10407097564,10407097606,1,"IOTHUB_CLIENT_CONFIRMATION_OK"
1638,10407097764,10407097821,1,"IOTHUB_CLIENT_CONFIRMATION_OK"
1639,10407097964,10407098001,1,"IOTHUB_CLIENT_CONFIRMATION_OK"
1640,10407098164,10407098233,1,"IOTHUB_CLIENT_CONFIRMATION_OK"
1641,10407098364,10407098407,1,"IOTHUB_CLIENT_CONFIRMATION_OK"
1642,10407098564,10407098678,1,"IOTHUB_CLIENT_CONFIRMATION_OK"
1643,10407098765,10407098805,1,"IOTHUB_CLIENT_CONFIRMATION_OK"
1644,10407098965,10407099002,1,"IOTHUB_CLIENT_CONFIRMATION_OK"
1645,10407099165,10407099229,1,"IOTHUB_CLIENT_CONFIRMATION_OK"
1646,10407099365,10407099418,1,"IOTHUB_CLIENT_CONFIRMATION_OK"
1647,10407099565,10407099610,1,"IOTHUB_CLIENT_CONFIRMATION_OK"
1648,10407099765,10407099813,1,"IOTHUB_CLIENT_CONFIRMATION_OK"
1649,10407099966,10407100018,1,"IOTHUB_CLIENT_CONFIRMATION_OK"
1650,10407100166,10407100210,1,"IOTHUB_CLIENT_CONFIRMATION_OK"
1651,10407100366,10407100397,1,"IOTHUB_CLIENT_CONFIRMATION_OK"
1652,10407100566,10407100642,1,"IOTHUB_CLIENT_CONFIRMATION_OK"
1653,10407100766,10407100874,1,"IOTHUB_CLIENT_CONFIRMATION_OK"
1654,10407100966,10407101028,1,"IOTHUB_CLIENT_CONFIRMATION_OK"
1655,10407101166,10407101221,1,"IOTHUB_CLIENT_CONFIRMATION_OK"
1656,10407101367,10407101476,1,"IOTHUB_CLIENT_CONFIRMATION_OK"
1657,10407101567,10407101606,1,"IOTHUB_CLIENT_CONFIRMATION_OK"
1658,10407101767,10407101813,1,"IOTHUB_CLIENT_CONFIRMATION_OK"
1659,10407101967,10407102016,1,"IOTHUB_CLIENT_CONFIRMATION_OK"
1660,10407102167,10407102296,1,"IOTHUB_CLIENT_CONFIRMATION_OK"
1661,10407102367,10407102469,1,"IOTHUB_CLIENT_CONFIRMATION_OK"
1662,10407102567,10407102614,1,"IOTHUB_CLIENT_CONFIRMATION_OK"
1663,10407102768,10407102821,1,"IOTHUB_CLIENT_CONFIRMATION_OK"
1664,10407102968,10407103007,1,"IOTHUB_CLIENT_CONFIRMATION_OK"
1665,10407103168,10407103217,1,"IOTHUB_CLIENT_CONFIRMATION_OK"
1666,10407103368,10407103560,1,"IOTHUB_CLIENT_CONFIRMATION_OK"
1667,10407103568,10407103624,1,"IOTHUB_CLIENT_CONFIRMATION_OK"
1668,10407103768,10407103804,1,"IOTHUB_CLIENT_CONFIRMATION_OK"
1669,10407103969,10407104015,1,"IOTHUB_CLIENT_CONFIRMATION_OK"
1670,10407104169,10407104223,1,"IOTHUB_CLIENT_CONFIRMATION_OK"
1671,10407104369,10407104549,1,"IOTHUB_CLIENT_CONFIRMATION_OK"
1672,10407104569,10407104620,1,"IOTHUB_CLIENT_CONFIRMATION_OK"
1673,10407104769,10407104823,1,"IOTHUB_CLIENT_CONFIRMATION_OK"
1674,10407104969,10407105039,1,"IOTHUB_CLIENT_CONFIRMATION_OK"
1675,10407105170,10407105227,1,"IOTHUB_CLIENT_CONFIRMATION_OK"
1676,10407105370,10407105487,1,"IOTHUB_CLIENT_CONFIRMATION_OK"
1677,10407105570,10407105628,1,"IOTHUB_CLIENT_CONFIRMATION_OK"
1678,10407105770,10407105817,1,"IOTHUB_CLIENT_CONFIRMATION_OK"
1679,10407105970,10407106017,1,"IOTHUB_CLIENT_CONFIRMATION_OK"
1680,10407106170,10407106221,1,"IOTHUB_CLIENT_CONFIRMATION_OK"
1681,10407106370,10407106434,1,"IOTHUB_CLIENT_CONFIRMATION_OK"
1682,10407106571,10407106602,1,"IOTHUB_CLIENT_CONFIRMATION_OK"
1683,10407106771,10407106888,1,"IOTHUB_CLIENT_CONFIRMATION_OK"
1684,10407106971,10407107025,1,"IOTHUB_CLIENT_CONFIRMATION_OK"
1685,10407107171,10407107214,1,"IOTHUB_CLIENT_CONFIRMATION_OK"
1686,10407107371,10407107481,1,"IOTHUB_CLIENT_CONFIRMATION_OK"
1687,10407107571,10407107756,1,"IOTHUB_CLIENT_CONFIRMATION_OK"
1688,10407107772,10407107815,1,"IOTHUB_CLIENT_CONFIRMATION_OK"
1689,10407107972,10407108007,1,"IOTHUB_CLIENT_CONFIRMATION_OK"
1690,10407108172,10407108236,1,"IOTHUB_CLIENT_CONFIRMATION_OK"
1691,10407108372,10407108412,1,"IOTHUB_CLIENT_CONFIRMATION_OK"
1692,10407108572,10407108684,1,"IOTHUB_CLIENT_CONFIRMATION_OK"
1693,10407108772,10407108813,1,"IOTHUB_CLIENT_CONFIRMATION_OK"
1694,10407108973,10407109022,1,"IOTHUB_CLIENT_CONFIRMATION_OK"
1695,10407109173,10407109223,1,"IOTHUB_CLIENT_CONFIRMATION_OK"
1696,10407109373,10407109423,1,"IOTHUB_CLIENT_CONFIRMATION_OK"
1697,10407109573,10407109630,1,"IOTHUB_CLIENT_CONFIRMATION_OK"
1698,10407109773,10407109821,1,"IOTHUB_CLIENT_CONFIRMATION_OK"
1699,10407109973,10407110015,1,"IOTHUB_CLIENT_CONFIRMATION_OK"
1700,10407110174,10407110214,1,"IOTHUB_CLIENT_CONFIRMATION_OK"
1701,10407110374,10407110420,1,"IOTHUB_CLIENT_CONFIRMATION_OK"
1702,10407110574,10407110632,1,"IOTHUB_CLIENT_CONFIRMATION_OK"
1703,10407110774,10407110831,1,"IOTHUB_CLIENT_CONFIRMATION_OK"
1704,10407110974,10407111023,1,"IOTHUB_CLIENT_CONFIRMATION_OK"
1705,10407111174,10407111232,1,"IOTHUB_CLIENT_CONFIRMATION_OK"
1706,10407111374,10407111412,1,"IOTHUB_CLIENT_CONFIRMATION_OK"
1707,10407111575,10407111631,1,"IOTHUB_CLIENT_CONFIRMATION_OK"
1708,10407111775,10407111821,1,"IOTHUB_CLIENT_CONFIRMATION_OK"
1709,10407111975,10407112020,1,"IOTHUB_CLIENT_CONFIRMATION_OK"
1710,10407112175,10407112211,1,"IOTHUB_CLIENT_CONFIRMATION_OK"
1711,10407112375,10407112441,1,"IOTHUB_CLIENT_CONFIRMATION_OK"
1712,10407112575,10407112607,1,"IOTHUB_CLIENT_CONFIRMATION_OK"
1713,10407112775,10407112914,1,"IOTHUB_CLIENT_CONFIRMATION_OK"
1714,10407112976,10407113016,1,"IOTHUB_CLIENT_CONFIRMATION_OK"
1715,10407113176,10407113256,1,"IOTHUB_CLIENT_CONFIRMATION_OK"
1716,10407113376,10407113535,1,"IOTHUB_CLIENT_CONFIRMATION_OK"
1717,10407113576,10407113624,1,"IOTHUB_CLIENT_CONFIRMATION_OK"
1718,10407113776,10407113841,1,"IOTHUB_CLIENT_CONFIRMATION_OK"
1719,10407113976,10407114022,1,"IOTHUB_CLIENT_CONFIRMATION_OK"
1720,10407114177,10407114239,1,"IOTHUB_CLIENT_CONFIRMATION_OK"
1721,10407114377,10407114442,1,"IOTHUB_CLIENT_CONFIRMATION_OK"
1722,10407114577,10407114664,1,"IOTHUB_CLIENT_CONFIRMATION_OK"
1723,10407114777,10407114850,1,"IOTHUB_CLIENT_CONFIRMATION_OK"
1724,10407114977,10407115023,1,"IOTHUB_CLIENT_CONFIRMATION_OK"
1725,10407115177,10407115247,1,"IOTHUB_CLIENT_CONFIRMATION_OK"
1726,10407115378,10407115546,1,"IOTHUB_CLIENT_CONFIRMATION_OK"
1727,10407115578,10407115619,1,"IOTHUB_CLIENT_CONFIRMATION_OK"
1728,10407115778,10407115817,1,"IOTHUB_CLIENT_CONFIRMATION_OK"
1729,10407115978,10407116020,1,"IOTHUB_CLIENT_CONFIRMATION_OK"
1730,10407116178,10407116255,1,"IOTHUB_CLIENT_CONFIRMATION_OK"
1731,10407116378,10407116448,1,"IOTHUB_CLIENT_CONFIRMATION_OK"
1732,10407116578,10407116645,1,"IOTHUB_CLIENT_CONFIRMATION_OK"
1733,10407116778,10407116820,1,"IOTHUB_CLIENT_CONFIRMATION_OK"
1734,10407116979,10407117026,1,"IOTHUB_CLIENT_CONFIRMATION_OK"
1735,10407117179,10407117217,1,"IOTHUB_CLIENT_CONFIRMATION_OK"
1736,10407117379,10407117416,1,"IOTHUB_CLIENT_CONFIRMATION_OK"
1737,10407117579,10407117617,1,"IOTHUB_CLIENT_CONFIRMATION_OK"
1738,10407117779,10407117873,1,"IOTHUB_CLIENT_CONFIRMATION_OK"
1739,10407117979,10407118029,1,"IOTHUB_CLIENT_CONFIRMATION_OK"
1740,10407118180,10407118227,1,"IOTHUB_CLIENT_CONFIRMATION_OK"
1741,10407118380,10407118433,1,"IOTHUB_CLIENT_CONFIRMATION_OK"
1742,10407118580,10407118644,1,"IOTHUB_CLIENT_CONFIRMATION_OK"
1743,10407118780,10407118837,1,"IOTHUB_CLIENT_CONFIRMATION_OK"
1744,10407118980,10407119035,1,"IOTHUB_CLIENT_CONFIRMATION_OK"
1745,10407119180,10407119223,1,"IOTHUB_CLIENT_CONFIRMATION_OK"
1746,10407119381,10407119421,1,"IOTHUB_CLIENT_CONFIRMATION_OK"
1747,10407119581,10407119627,1,"IOTHUB_CLIENT_CONFIRMATION_OK"
1748,10407119781,10407119963,1,"IOTHUB_CLIENT_CONFIRMATION_OK"
1749,10407119981,10407120053,1,"IOTHUB_CLIENT_CONFIRMATION_OK"
1750,10407120181,10407120223,1,"IOTHUB_CLIENT_CONFIRMATION_OK"
1751,10407120381,10407120427,1,"IOTHUB_CLIENT_CONFIRMATION_OK"
1752,10407120582,10407120629,1,"IOTHUB_CLIENT_CONFIRMATION_OK"
1753,10407120782,10407120875,1,"IOTHUB_CLIENT_CONFIRMATION_OK"
1754,10407120982,10407121044,1,"IOTHUB_CLIENT_CONFIRMATION_OK"
1755,10407121182,10407121233,1,"IOTHUB_CLIENT_CONFIRMATION_OK"
1756,10407121382,10407121482,1,"IOTHUB_CLIENT_CONFIRMATION_OK"
1757,10407121582,10407121641,1,"IOTHUB_CLIENT_CONFIRMATION_OK"
1758,10407121782,10407121838,1,"IOTHUB_CLIENT_CONFIRMATION_OK"
1759,10407121983,10407122030,1,"IOTHUB_CLIENT_CONFIRMATION_OK"
1760,10407122183,10407122221,1,"IOTHUB_CLIENT_CONFIRMATION_OK"
1761,10407122383,10407122440,1,"IOTHUB_CLIENT_CONFIRMATION_OK"
1762,10407122583,10407122630,1,"IOTHUB_CLIENT_CONFIRMATION_OK"
1763,10407122783,10407122831,1,"IOTHUB_CLIENT_CONFIRMATION_OK"
1764,10407122983,10407123040,1,"IOTHUB_CLIENT_CONFIRMATION_OK"
1765,10407123184,10407123231,1,"IOTHUB_CLIENT_CONFIRMATION_OK"
1766,10407123384,10407123551,1,"IOTHUB_CLIENT_CONFIRMATION_OK"
1767,10407123584,10407123638,1,"IOTHUB_CLIENT_CONFIRMATION_OK"
1768,10407123784,10407123842,1,"IOTHUB_CLIENT_CONFIRMATION_OK"
1769,10407123984,10407124046,1,"IOTHUB_CLIENT_CONFIRMATION_OK"
1770,10407124184,10407124233,1,"IOTHUB_CLIENT_CONFIRMATION_OK"
1771,10407124385,10407124444,1,"IOTHUB_CLIENT_CONFIRMATION_OK"
1772,10407124585,10407124626,1,"IOTHUB_CLIENT_CONFIRMATION_OK"
1773,10407124785,10407124864,1,"IOTHUB_CLIENT_CONFIRMATION_OK"
1774,10407124985,10407125039,1,"IOTHUB_CLIENT_CONFIRMATION_OK"
1775,10407125185,10407125325,1,"IOTHUB_CLIENT_CONFIRMATION_OK"
1776,10407125385,10407125446,1,"IOTHUB_CLIENT_CONFIRMATION_OK"
1777,10407125585,10407125627,1,"IOTHUB_CLIENT_CONFIRMATION_OK"
1778,10407125786,10407125831,1,"IOTHUB_CLIENT_CONFIRMATION_OK"
1779,10407125986,10407126023,1,"IOTHUB_CLIENT_CONFIRMATION_OK"
1780,10407126186,10407126225,1,"IOTHUB_CLIENT_CONFIRMATION_OK"
1781,10407126386,10407126423,1,"IOTHUB_CLIENT_CONFIRMATION_OK"
1782,10407126586,10407126632,1,"IOTHUB_CLIENT_CONFIRMATION_OK"
1783,10407126786,10407126829,1,"IOTHUB_CLIENT_CONFIRMATION_OK"
1784,10407126987,10407127026,1,"IOTHUB_CLIENT_CONFIRMATION_OK"
1785,10407127187,10407127248,1,"IOTHUB_CLIENT_CONFIRMATION_OK"
1786,10407127387,10407127455,1,"IOTHUB_CLIENT_CONFIRMATION_OK"
1787,10407127587,10407127664,1,"IOTHUB_CLIENT_CONFIRMATION_OK"
1788,10407127787,10407127829,1,"IOTHUB_CLIENT_CONFIRMATION_OK"
1789,10407127987,10407128033,1,"IOTHUB_CLIENT_CONFIRMATION_OK"
1790,10407128187,10407128234,1,"IOTHUB_CLIENT_CONFIRMATION_OK"
1791,10407128388,10407128439,1,"IOTHUB_CLIENT_CONFIRMATION_OK"
1792,10407128588,10407128641,1,"IOTHUB_CLIENT_CONFIRMATION_OK"
1793,10407128788,10407128915,1,"IOTHUB_CLIENT_CONFIRMATION_OK"
1794,10407128988,10407129028,1,"IOTHUB_CLIENT_CONFIRMATION_OK"
1795,10407129188,10407129234,1,"IOTHUB_CLIENT_CONFIRMATION_OK"
1796,10407129388,10407129437,1,"IOTHUB_CLIENT_CONFIRMATION_OK"
1797,10407129589,10407129670,1,"IOTHUB_CLIENT_CONFIRMATION_OK"
1798,10407129789,10407129846,1,"IOTHUB_CLIENT_CONFIRMATION_OK"
1799,10407129989,10407130057,1,"IOTHUB_CLIENT_CONFIRMATION_OK"
1800,10407130189,10407130241,1,"IOTHUB_CLIENT_CONFIRMATION_OK"
1801,10407130389,10407130460,1,"IOTHUB_CLIENT_CONFIRMATION_OK"
1802,10407130589,10407130640,1,"IOTHUB_CLIENT_CONFIRMATION_OK"
1803,10407130790,10407130830,1,"IOTHUB_CLIENT_CONFIRMATION_OK"
1804,10407130990,10407131095,1,"IOTHUB_CLIENT_CONFIRMATION_OK"
1805,10407131190,10407131283,1,"IOTHUB_CLIENT_CONFIRMATION_OK"
1806,10407131390,10407131443,1,"IOTHUB_CLIENT_CONFIRMATION_OK"
1807,10407131590,10407131633,1,"IOTHUB_CLIENT_CONFIRMATION_OK"
1808,10407131790,10407131856,1,"IOTHUB_CLIENT_CONFIRMATION_OK"
1809,10407131990,10407132054,1,"IOTHUB_CLIENT_CONFIRMATION_OK"
1810,10407132191,10407132276,1,"IOTHUB_CLIENT_CONFIRMATION_OK"
1811,10407132391,10407132434,1,"IOTHUB_CLIENT_CONFIRMATION_OK"
1812,10407132591,10407132632,1,"IOTHUB_CLIENT_CONFIRMATION_OK"
1813,10407132791,10407132861,1,"IOTHUB_CLIENT_CONFIRMATION_OK"
1814,10407132991,10407133031,1,"IOTHUB_CLIENT_CONFIRMATION_OK"
1815,10407133191,10407133252,1,"IOTHUB_CLIENT_CONFIRMATION_OK"
1816,10407133392,10407133480,1,"IOTHUB_CLIENT_CONFIRMATION_OK"
1817,10407133592,10407133656,1,"IOTHUB_CLIENT_CONFIRMATION_OK"
1818,10407133792,10407133844,1,"IOTHUB_CLIENT_CONFIRMATION_OK"
1819,10407133992,10407134037,1,"IOTHUB_CLIENT_CONFIRMATION_OK"
1820,10407134192,10407134251,1,"IOTHUB_CLIENT_CONFIRMATION_OK"
1821,10407134392,10407134466,1,"IOTHUB_CLIENT_CONFIRMATION_OK"
1822,10407134592,10407134638,1,"IOTHUB_CLIENT_CONFIRMATION_OK"
1823,10407134793,10407134918,1,"IOTHUB_CLIENT_CONFIRMATION_OK"
1824,10407134993,10407135048,1,"IOTHUB_CLIENT_CONFIRMATION_OK"
1825,10407135193,10407135265,1,"IOTHUB_CLIENT_CONFIRMATION_OK"
1826,10407135393,10407135560,1,"IOTHUB_CLIENT_CONFIRMATION_OK"
1827,10407135593,10407135653,1,"IOTHUB_CLIENT_CONFIRMATION_OK"
1828,10407135793,10407135885,1,"IOTHUB_CLIENT_CONFIRMATION_OK"
1829,10407135994,10407136055,1,"IOTHUB_CLIENT_CONFIRMATION_OK"
1830,10407136194,10407136253,1,"IOTHUB_CLIENT_CONFIRMATION_OK"
1831,10407136394,10407136434,1,"IOTHUB_CLIENT_CONFIRMATION_OK"
1832,10407136594,10407136635,1,"IOTHUB_CLIENT_CONFIRMATION_OK"
1833,10407136794,10407136848,1,"IOTHUB_CLIENT_CONFIRMATION_OK"
1834,10407136994,10407137038,1,"IOTHUB_CLIENT_CONFIRMATION_OK"
1835,10407137195,10407137242,1,"IOTHUB_CLIENT_CONFIRMATION_OK"
1836,10407137395,10407137441,1,"IOTHUB_CLIENT_CONFIRMATION_OK"
1837,10407137595,10407137689,1,"IOTHUB_CLIENT_CONFIRMATION_OK"
1838,10407137795,10407137845,1,"IOTHUB_CLIENT_CONFIRMATION_OK"
1839,10407137995,10407138037,1,"IOTHUB_CLIENT_CONFIRMATION_OK"
1840,10407138195,10407138228,1,"IOTHUB_CLIENT_CONFIRMATION_OK"
1841,10407138395,10407138439,1,"IOTHUB_CLIENT_CONFIRMATION_OK"
1842,10407138596,10407138651,1,"IOTHUB_CLIENT_CONFIRMATION_OK"
1843,10407138796,10407138940,1,"IOTHUB_CLIENT_CONFIRMATION_OK"
1844,10407138996,10407139036,1,"IOTHUB_CLIENT_CONFIRMATION_OK"
1845,10407139196,10407139233,1,"IOTHUB_CLIENT_CONFIRMATION_OK"
1846,10407139396,10407139517,1,"IOTHUB_CLIENT_CONFIRMATION_OK"
1847,10407139596,10407139643,1,"IOTHUB_CLIENT_CONFIRMATION_OK"
1848,10407139797,10407139832,1,"IOTHUB_CLIENT_CONFIRMATION_OK"
1849,10407139997,10407140072,1,"IOTHUB_CLIENT_CONFIRMATION_OK"
1850,10407140197,10407140236,1,"IOTHUB_CLIENT_CONFIRMATION_OK"
1851,10407140397,10407140435,1,"IOTHUB_CLIENT_CONFIRMATION_OK"
1852,10407140597,10407140630,1,"IOTHUB_CLIENT_CONFIRMATION_OK"
1853,10407140797,10407140843,1,"IOTHUB_CLIENT_CONFIRMATION_OK"
1854,10407140997,10407141129,1,"IOTHUB_CLIENT_CONFIRMATION_OK"
1855,10407141198,10407141663,1,"IOTHUB_CLIENT_CONFIRMATION_OK"
1856,10407141398,10407141747,1,"IOTHUB_CLIENT_CONFIRMATION_OK"
1857,10407141598,10407141812,1,"IOTHUB_CLIENT_CONFIRMATION_OK"
1858,10407141798,10407141875,1,"IOTHUB_CLIENT_CONFIRMATION_OK"
1859,10407141998,10407142051,1,"IOTHUB_CLIENT_CONFIRMATION_OK"
1860,10407142198,10407142249,1,"IOTHUB_CLIENT_CONFIRMATION_OK"
1861,10407142399,10407142529,1,"IOTHUB_CLIENT_CONFIRMATION_OK"
1862,10407142599,10407142648,1,"IOTHUB_CLIENT_CONFIRMATION_OK"
1863,10407142799,10407142845,1,"IOTHUB_CLIENT_CONFIRMATION_OK"
1864,10407142999,10407143045,1,"IOTHUB_CLIENT_CONFIRMATION_OK"
1865,10407143199,10407143240,1,"IOTHUB_CLIENT_CONFIRMATION_OK"
1866,10407143399,10407143448,1,"IOTHUB_CLIENT_CONFIRMATION_OK"
1867,10407143599,10407143657,1,"IOTHUB_CLIENT_CONFIRMATION_OK"
1868,10407143800,10407143901,1,"IOTHUB_CLIENT_CONFIRMATION_OK"
1869,10407144000,10407144063,1,"IOTHUB_CLIENT_CONFIRMATION_OK"
1870,10407144200,10407144253,1,"IOTHUB_CLIENT_CONFIRMATION_OK"
1871,10407144400,10407144481,1,"IOTHUB_CLIENT_CONFIRMATION_OK"
1872,10407144600,10407144637,1,"IOTHUB_CLIENT_CONFIRMATION_OK"
1873,10407144800,10407144848,1,"IOTHUB_CLIENT_CONFIRMATION_OK"
1874,10407145001,10407145062,1,"IOTHUB_CLIENT_CONFIRMATION_OK"
1875,10407145201,10407145265,1,"IOTHUB_CLIENT_CONFIRMATION_OK"
1876,10407145401,10407145469,1,"IOTHUB_CLIENT_CONFIRMATION_OK"
1877,10407145601,10407145655,1,"IOTHUB_CLIENT_CONFIRMATION_OK"
1878,10407145801,10407145850,1,"IOTHUB_CLIENT_CONFIRMATION_OK"
1879,10407146001,10407146054,1,"IOTHUB_CLIENT_CONFIRMATION_OK"
1880,10407146201,10407146275,1,"IOTHUB_CLIENT_CONFIRMATION_OK"
1881,10407146402,10407146474,1,"IOTHUB_CLIENT_CONFIRMATION_OK"
1882,10407146602,10407146655,1,"IOTHUB_CLIENT_CONFIRMATION_OK"
1883,10407146802,10407146898,1,"IOTHUB_CLIENT_CONFIRMATION_OK"
1884,10407147002,10407147064,1,"IOTHUB_CLIENT_CONFIRMATION_OK"
1885,10407147202,10407147241,1,"IOTHUB_CLIENT_CONFIRMATION_OK"
1886,10407147402,10407147486,1,"IOTHUB_CLIENT_CONFIRMATION_OK"
1887,10407147603,10407147655,1,"IOTHUB_CLIENT_CONFIRMATION_OK"
1888,10407147803,10407147861,1,"IOTHUB_CLIENT_CONFIRMATION_OK"
1889,10407148003,10407148081,1,"IOTHUB_CLIENT_CONFIRMATION_OK"
1890,10407148203,10407148253,1,"IOTHUB_CLIENT_CONFIRMATION_OK"
1891,10407148403,10407148446,1,"IOTHUB_CLIENT_CONFIRMATION_OK"
1892,10407148603,10407148662,1,"IOTHUB_CLIENT_CONFIRMATION_OK"
1893,10407148803,10407148900,1,"IOTHUB_CLIENT_CONFIRMATION_OK"
1894,10407149004,10407149041,1,"IOTHUB_CLIENT_CONFIRMATION_OK"
1895,10407149204,10407149258,1,"IOTHUB_CLIENT_CONFIRMATION_OK"
1896,10407149404,10407149549,1,"IOTHUB_CLIENT_CONFIRMATION_OK"
1897,10407149604,10407149661,1,"IOTHUB_CLIENT_CONFIRMATION_OK"
1898,10407149804,10407149897,1,"IOTHUB_CLIENT_CONFIRMATION_OK"
1899,10407150004,10407150062,1,"IOTHUB_CLIENT_CONFIRMATION_OK"
1900,10407150205,10407150250,1,"IOTHUB_CLIENT_CONFIRMATION_OK"
1901,10407150405,10407150447,1,"IOTHUB_CLIENT_CONFIRMATION_OK"
1902,10407150605,10407150656,1,"IOTHUB_CLIENT_CONFIRMATION_OK"
1903,10407150805,10407150852,1,"IOTHUB_CLIENT_CONFIRMATION_OK"
1904,10407151005,10407151052,1,"IOTHUB_CLIENT_CONFIRMATION_OK"
1905,10407151205,10407151253,1,"IOTHUB_CLIENT_CONFIRMATION_OK"
1906,10407151406,10407151596,1,"IOTHUB_CLIENT_CONFIRMATION_OK"
1907,10407151606,10407151669,1,"IOTHUB_CLIENT_CONFIRMATION_OK"
1908,10407151806,10407151876,1,"IOTHUB_CLIENT_CONFIRMATION_OK"
1909,10407152006,10407152122,1,"IOTHUB_CLIENT_CONFIRMATION_OK"
1910,10407152206,10407152291,1,"IOTHUB_CLIENT_CONFIRMATION_OK"
1911,10407152406,10407152453,1,"IOTHUB_CLIENT_CONFIRMATION_OK"
1912,10407152606,10407152650,1,"IOTHUB_CLIENT_CONFIRMATION_OK"
1913,10407152807,10407152853,1,"IOTHUB_CLIENT_CONFIRMATION_OK"
1914,10407153007,10407153098,1,"IOTHUB_CLIENT_CONFIRMATION_OK"
1915,10407153207,10407153257,1,"IOTHUB_CLIENT_CONFIRMATION_OK"
1916,10407153407,10407153446,1,"IOTHUB_CLIENT_CONFIRMATION_OK"
1917,10407153607,10407153645,1,"IOTHUB_CLIENT_CONFIRMATION_OK"
1918,10407153807,10407153868,1,"IOTHUB_CLIENT_CONFIRMATION_OK"
1919,10407154007,10407154066,1,"IOTHUB_CLIENT_CONFIRMATION_OK"
1920,10407154208,10407154270,1,"IOTHUB_CLIENT_CONFIRMATION_OK"
1921,10407154408,10407154448,1,"IOTHUB_CLIENT_CONFIRMATION_OK"
1922,10407154608,10407154685,1,"IOTHUB_CLIENT_CONFIRMATION_OK"
1923,10407154808,10407154864,1,"IOTHUB_CLIENT_CONFIRMATION_OK"
1924,10407155008,10407155054,1,"IOTHUB_CLIENT_CONFIRMATION_OK"
1925,10407155208,10407155276,1,"IOTHUB_CLIENT_CONFIRMATION_OK"
1926,10407155408,10407155491,1,"IOTHUB_CLIENT_CONFIRMATION_OK"
1927,10407155609,10407155661,1,"IOTHUB_CLIENT_CONFIRMATION_OK"
1928,10407155809,10407155861,1,"IOTHUB_CLIENT_CONFIRMATION_OK"
1929,10407156009,10407156055,1,"IOTHUB_CLIENT_CONFIRMATION_OK"
1930,10407156209,10407156270,1,"IOTHUB_CLIENT_CONFIRMATION_OK"
1931,10407156409,10407156452,1,"IOTHUB_CLIENT_CONFIRMATION_OK"
1932,10407156609,10407156659,1,"IOTHUB_CLIENT_CONFIRMATION_OK"
1933,10407156810,10407156886,1,"IOTHUB_CLIENT_CONFIRMATION_OK"
1934,10407157010,10407157049,1,"IOTHUB_CLIENT_CONFIRMATION_OK"
1935,10407157210,10407157255,1,"IOTHUB_CLIENT_CONFIRMATION_OK"
1936,10407157410,10407157535,1,"IOTHUB_CLIENT_CONFIRMATION_OK"
1937,10407157610,10407157761,1,"IOTHUB_CLIENT_CONFIRMATION_OK"
1938,10407157810,10407157892,1,"IOTHUB_CLIENT_CONFIRMATION_OK"
1939,10407158010,10407158067,1,"IOTHUB_CLIENT_CONFIRMATION_OK"
1940,10407158211,10407158292,1,"IOTHUB_CLIENT_CONFIRMATION_OK"
1941,10407158411,10407158487,1,"IOTHUB_CLIENT_CONFIRMATION_OK"
1942,10407158611,10407158660,1,"IOTHUB_CLIENT_CONFIRMATION_OK"
1943,10407158811,10407158880,1,"IOTHUB_CLIENT_CONFIRMATION_OK"
1944,10407159011,10407159068,1,"IOTHUB_CLIENT_CONFIRMATION_OK"
1945,10407159211,10407159250,1,"IOTHUB_CLIENT_CONFIRMATION_OK"
1946,10407159412,10407159463,1,"IOTHUB_CLIENT_CONFIRMATION_OK"
1947,10407159612,10407159660,1,"IOTHUB_CLIENT_CONFIRMATION_OK"
1948,10407159812,10407159853,1,"IOTHUB_CLIENT_CONFIRMATION_OK"
1949,10407160012,10407160082,1,"IOTHUB_CLIENT_CONFIRMATION_OK"
1950,10407160212,10407160265,1,"IOTHUB_CLIENT_CONFIRMATION_OK"
1951,10407160412,10407160458,1,"IOTHUB_CLIENT_CONFIRMATION_OK"
1952,10407160613,10407160656,1,"IOTHUB_CLIENT_CONFIRMATION_OK"
1953,10407160813,10407160934,1,"IOTHUB_CLIENT_CONFIRMATION_OK"
1954,10407161013,10407161079,1,"IOTHUB_CLIENT_CONFIRMATION_OK"
1955,10407161213,10407161264,1,"IOTHUB_CLIENT_CONFIRMATION_OK"
1956,10407161413,10407161479,1,"IOTHUB_CLIENT_CONFIRMATION_OK"
1957,10407161613,10407161668,1,"IOTHUB_CLIENT_CONFIRMATION_OK"
1958,10407161813,10407161858,1,"IOTHUB_CLIENT_CONFIRMATION_OK"
1959,10407162014,10407162051,1,"IOTHUB_CLIENT_CONFIRMATION_OK"
1960,10407162214,10407162301,1,"IOTHUB_CLIENT_CONFIRMATION_OK"
1961,10407162414,10407162505,1,"IOTHUB_CLIENT_CONFIRMATION_OK"
1962,10407162614,10407162663,1,"IOTHUB_CLIENT_CONFIRMATION_OK"
1963,10407162814,10407162920,1,"IOTHUB_CLIENT_CONFIRMATION_OK"
1964,10407163014,10407163089,1,"IOTHUB_CLIENT_CONFIRMATION_OK"
1965,10407163215,10407163269,1,"IOTHUB_CLIENT_CONFIRMATION_OK"
1966,10407163415,10407163625,1,"IOTHUB_CLIENT_CONFIRMATION_OK"
1967,10407163615,10407163658,1,"IOTHUB_CLIENT_CONFIRMATION_OK"
1968,10407163815,10407163873,1,"IOTHUB_CLIENT_CONFIRMATION_OK"
1969,10407164015,10407164069,1,"IOTHUB_CLIENT_CONFIRMATION_OK"
1970,10407164215,10407164286,1,"IOTHUB_CLIENT_CONFIRMATION_OK"
1971,10407164415,10407164472,1,"IOTHUB_CLIENT_CONFIRMATION_OK"
1972,10407164616,10407164677,1,"IOTHUB_CLIENT_CONFIRMATION_OK"
1973,10407164816,10407164855,1,"IOTHUB_CLIENT_CONFIRMATION_OK"
1974,10407165016,10407165067,1,"IOTHUB_CLIENT_CONFIRMATION_OK"
1975,10407165216,10407165259,1,"IOTHUB_CLIENT_CONFIRMATION_OK"
1976,10407165416,10407165481,1,"IOTHUB_CLIENT_CONFIRMATION_OK"
1977,10407165616,10407165679,1,"IOTHUB_CLIENT_CONFIRMATION_OK"
1978,10407165817,10407165862,1,"IOTHUB_CLIENT_CONFIRMATION_OK"
1979,10407166017,10407166058,1,"IOTHUB_CLIENT_CONFIRMATION_OK"
1980,10407166217,10407166284,1,"IOTHUB_CLIENT_CONFIRMATION_OK"
1981,10407166417,10407166494,1,"IOTHUB_CLIENT_CONFIRMATION_OK"
1982,10407166617,10407166666,1,"IOTHUB_CLIENT_CONFIRMATION_OK"
1983,10407166817,10407166893,1,"IOTHUB_CLIENT_CONFIRMATION_OK"
1984,10407167018,10407167056,1,"IOTHUB_CLIENT_CONFIRMATION_OK"
1985,10407167218,10407167281,1,"IOTHUB_CLIENT_CONFIRMATION_OK"
1986,10407167418,10407167474,1,"IOTHUB_CLIENT_CONFIRMATION_OK"
1987,10407167618,10407167700,1,"IOTHUB_CLIENT_CONFIRMATION_OK"
1988,10407167818,10407167870,1,"IOTHUB_CLIENT_CONFIRMATION_OK"
1989,10407168018,10407168066,1,"IOTHUB_CLIENT_CONFIRMATION_OK"
1990,10407168218,10407168271,1,"IOTHUB_CLIENT_CONFIRMATION_OK"
1991,10407168419,10407168494,1,"IOTHUB_CLIENT_CONFIRMATION_OK"
1992,10407168619,10407168666,1,"IOTHUB_CLIENT_CONFIRMATION_OK"
1993,10407168819,10407168971,1,"IOTHUB_CLIENT_CONFIRMATION_OK"
1994,10407169019,10407169179,1,"IOTHUB_CLIENT_CONFIRMATION_OK"
1995,10407169219,10407169261,1,"IOTHUB_CLIENT_CONFIRMATION_OK"
1996,10407169419,10407169566,1,"IOTHUB_CLIENT_CONFIRMATION_OK"
1997,10407169620,10407169656,1,"IOTHUB_CLIENT_CONFIRMATION_OK"
1998,10407169820,10407169866,1,"IOTHUB_CLIENT_CONFIRMATION_OK"
1999,10407170020,10407170061,1,"IOTHUB_CLIENT_CONFIRMATION_OK"
2000,10407170220,10407170286,1,"IOTHUB_CLIENT_CONFIRMATION_OK"
2001,10407170420,10407170476,1,"IOTHUB_CLIENT_CONFIRMATION_OK"
2002,10407170620,10407170681,1,"IOTHUB_CLIENT_CONFIRMATION_OK"
2003,10407170821,10407170871,1,"IOTHUB_CLIENT_CONFIRMATION_OK"
2004,10407171021,10407171065,1,"IOTHUB_CLIENT_CONFIRMATION_OK"
2005,10407171221,10407171266,1,"IOTHUB_CLIENT_CONFIRMATION_OK"
2006,10407171421,10407171482,1,"IOTHUB_CLIENT_CONFIRMATION_OK"
2007,10407171621,10407171767,1,"IOTHUB_CLIENT_CONFIRMATION_OK"
2008,10407171821,10407171870,1,"IOTHUB_CLIENT_CONFIRMATION_OK"
2009,10407172021,10407172057,1,"IOTHUB_CLIENT_CONFIRMATION_OK"
2010,10407172222,10407172262,1,"IOTHUB_CLIENT_CONFIRMATION_OK"
2011,10407172422,10407172464,1,"IOTHUB_CLIENT_CONFIRMATION_OK"
2012,10407172622,10407172656,1,"IOTHUB_CLIENT_CONFIRMATION_OK"
2013,10407172822,10407172879,1,"IOTHUB_CLIENT_CONFIRMATION_OK"
2014,10407173022,10407173070,1,"IOTHUB_CLIENT_CONFIRMATION_OK"
2015,10407173222,10407173277,1,"IOTHUB_CLIENT_CONFIRMATION_OK"
2016,10407173422,10407173490,1,"IOTHUB_CLIENT_CONFIRMATION_OK"
2017,10407173623,10407173671,1,"IOTHUB_CLIENT_CONFIRMATION_OK"
2018,10407173823,10407173885,1,"IOTHUB_CLIENT_CONFIRMATION_OK"
2019,10407174023,10407174062,1,"IOTHUB_CLIENT_CONFIRMATION_OK"
2020,10407174223,10407174303,1,"IOTHUB_CLIENT_CONFIRMATION_OK"
2021,10407174423,10407174461,1,"IOTHUB_CLIENT_CONFIRMATION_OK"
2022,10407174623,10407174681,1,"IOTHUB_CLIENT_CONFIRMATION_OK"
2023,10407174824,10407174943,1,"IOTHUB_CLIENT_CONFIRMATION_OK"
2024,10407175024,10407175067,1,"IOTHUB_CLIENT_CONFIRMATION_OK"
2025,10407175224,10407175270,1,"IOTHUB_CLIENT_CONFIRMATION_OK"
2026,10407175424,10407175549,1,"IOTHUB_CLIENT_CONFIRMATION_OK"
2027,10407175624,10407175679,1,"IOTHUB_CLIENT_CONFIRMATION_OK"
2028,10407175824,10407175910,1,"IOTHUB_CLIENT_CONFIRMATION_OK"
2029,10407176025,10407176074,1,"IOTHUB_CLIENT_CONFIRMATION_OK"
2030,10407176225,10407176268,1,"IOTHUB_CLIENT_CONFIRMATION_OK"
2031,10407176425,10407176470,1,"IOTHUB_CLIENT_CONFIRMATION_OK"
2032,10407176625,10407176676,1,"IOTHUB_CLIENT_CONFIRMATION_OK"
2033,10407176825,10407176893,1,"IOTHUB_CLIENT_CONFIRMATION_OK"
2034,10407177025,10407177069,1,"IOTHUB_CLIENT_CONFIRMATION_OK"
2035,10407177226,10407177272,1,"IOTHUB_CLIENT_CONFIRMATION_OK"
2036,10407177426,10407177472,1,"IOTHUB_CLIENT_CONFIRMATION_OK"
2037,10407177626,10407177693,1,"IOTHUB_CLIENT_CONFIRMATION_OK"
2038,10407177826,10407177885,1,"IOTHUB_CLIENT_CONFIRMATION_OK"
2039,10407178026,10407178062,1,"IOTHUB_CLIENT_CONFIRMATION_OK"
2040,10407178226,10407178365,1,"IOTHUB_CLIENT_CONFIRMATION_OK"
2041,10407178426,10407178480,1,"IOTHUB_CLIENT_CONFIRMATION_OK"
2042,10407178627,10407178666,1,"IOTHUB_CLIENT_CONFIRMATION_OK"
2043,10407178827,10407178874,1,"IOTHUB_CLIENT_CONFIRMATION_OK"
2044,10407179027,10407179074,1,"IOTHUB_CLIENT_CONFIRMATION_OK"
2045,10407179227,10407179293,1,"IOTHUB_CLIENT_CONFIRMATION_OK"
2046,10407179427,10407179565,1,"IOTHUB_CLIENT_CONFIRMATION_OK"
2047,10407179627,10407179679,1,"IOTHUB_CLIENT_CONFIRMATION_OK"
2048,10407179828,10407179896,1,"IOTHUB_CLIENT_CONFIRMATION_OK"
2049,10407180028,10407180065,1,"IOTHUB_CLIENT_CONFIRMATION_OK"
2050,10407180228,10407180277,1,"IOTHUB_CLIENT_CONFIRMATION_OK"
2051,10407180428,10407180470,1,"IOTHUB_CLIENT_CONFIRMATION_OK"
2052,10407180628,10407180693,1,"IOTHUB_CLIENT_CONFIRMATION_OK"
2053,10407180828,10407180873,1,"IOTHUB_CLIENT_CONFIRMATION_OK"
2054,10407181029,10407181116,1,"IOTHUB_CLIENT_CONFIRMATION_OK"
2055,10407181229,10407181274,1,"IOTHUB_CLIENT_CONFIRMATION_OK"
2056,10407181429,10407181504,1,"IOTHUB_CLIENT_CONFIRMATION_OK"
2057,10407181629,10407181674,1,"IOTHUB_CLIENT_CONFIRMATION_OK"
2058,10407181829,10407181892,1,"IOTHUB_CLIENT_CONFIRMATION_OK"
2059,10407182029,10407182071,1,"IOTHUB_CLIENT_CONFIRMATION_OK"
2060,10407182229,10407182287,1,"IOTHUB_CLIENT_CONFIRMATION_OK"
2061,10407182430,10407182477,1,"IOTHUB_CLIENT_CONFIRMATION_OK"
2062,10407182630,10407182679,1,"IOTHUB_CLIENT_CONFIRMATION_OK"
2063,10407182830,10407182883,1,"IOTHUB_CLIENT_CONFIRMATION_OK"
2064,10407183030,10407183068,1,"IOTHUB_CLIENT_CONFIRMATION_OK"
2065,10407183230,10407183278,1,"IOTHUB_CLIENT_CONFIRMATION_OK"
2066,10407183430,10407183524,1,"IOTHUB_CLIENT_CONFIRMATION_OK"
2067,10407183630,10407183679,1,"IOTHUB_CLIENT_CONFIRMATION_OK"
2068,10407183831,10407183881,1,"IOTHUB_CLIENT_CONFIRMATION_OK"
2069,10407184031,10407184066,1,"IOTHUB_CLIENT_CONFIRMATION_OK"
2070,10407184231,10407184286,1,"IOTHUB_CLIENT_CONFIRMATION_OK"
2071,10407184431,10407184485,1,"IOTHUB_CLIENT_CONFIRMATION_OK"
2072,10407184631,10407184676,1,"IOTHUB_CLIENT_CONFIRMATION_OK"
2073,10407184831,10407184926,1,"IOTHUB_CLIENT_CONFIRMATION_OK"
2074,10407185032,10407185099,1,"IOTHUB_CLIENT_CONFIRMATION_OK"
2075,10407185232,10407185273,1,"IOTHUB_CLIENT_CONFIRMATION_OK"
2076,10407185432,10407185532,1,"IOTHUB_CLIENT_CONFIRMATION_OK"
2077,10407185632,10407185693,1,"IOTHUB_CLIENT_CONFIRMATION_OK"
2078,10407185832,10407186126,1,"IOTHUB_CLIENT_CONFIRMATION_OK"
2079,10407186032,10407186250,1,"IOTHUB_CLIENT_CONFIRMATION_OK"
2080,10407186233,10407186313,1,"IOTHUB_CLIENT_CONFIRMATION_OK"
2081,10407186433,10407186499,1,"IOTHUB_CLIENT_CONFIRMATION_OK"
2082,10407186633,10407186702,1,"IOTHUB_CLIENT_CONFIRMATION_OK"
2083,10407186833,10407186879,1,"IOTHUB_CLIENT_CONFIRMATION_OK"
2084,10407187033,10407187071,1,"IOTHUB_CLIENT_CONFIRMATION_OK"
2085,10407187233,10407187282,1,"IOTHUB_CLIENT_CONFIRMATION_OK"
2086,10407187433,10407187605,1,"IOTHUB_CLIENT_CONFIRMATION_OK"
2087,10407187634,10407187674,1,"IOTHUB_CLIENT_CONFIRMATION_OK"
2088,10407187834,10407187875,1,"IOTHUB_CLIENT_CONFIRMATION_OK"
2089,10407188034,10407188078,1,"IOTHUB_CLIENT_CONFIRMATION_OK"
2090,10407188234,10407188281,1,"IOTHUB_CLIENT_CONFIRMATION_OK"
2091,10407188434,10407188513,1,"IOTHUB_CLIENT_CONFIRMATION_OK"
2092,10407188634,10407188766,1,"IOTHUB_CLIENT_CONFIRMATION_OK"
2093,10407188835,10407188889,1,"IOTHUB_CLIENT_CONFIRMATION_OK"
2094,10407189035,10407189080,1,"IOTHUB_CLIENT_CONFIRMATION_OK"
2095,10407189235,10407189291,1,"IOTHUB_CLIENT_CONFIRMATION_OK"
2096,10407189435,10407189487,1,"IOTHUB_CLIENT_CONFIRMATION_OK"
2097,10407189635,10407189674,1,"IOTHUB_CLIENT_CONFIRMATION_OK"
2098,10407189835,10407189892,1,"IOTHUB_CLIENT_CONFIRMATION_OK"
2099,10407190036,10407190087,1,"IOTHUB_CLIENT_CONFIRMATION_OK"
2100,10407190236,10407190293,1,"IOTHUB_CLIENT_CONFIRMATION_OK"
2101,10407190436,10407190473,1,"IOTHUB_CLIENT_CONFIRMATION_OK"
2102,10407190636,10407190710,1,"IOTHUB_CLIENT_CONFIRMATION_OK"
2103,10407190836,10407190896,1,"IOTHUB_CLIENT_CONFIRMATION_OK"
2104,10407191036,10407191074,1,"IOTHUB_CLIENT_CONFIRMATION_OK"
2105,10407191236,10407191294,1,"IOTHUB_CLIENT_CONFIRMATION_OK"
2106,10407191437,10407191512,1,"IOTHUB_CLIENT_CONFIRMATION_OK"
2107,10407191637,10407191684,1,"IOTHUB_CLIENT_CONFIRMATION_OK"
2108,10407191837,10407191883,1,"IOTHUB_CLIENT_CONFIRMATION_OK"
2109,10407192037,10407192084,1,"IOTHUB_CLIENT_CONFIRMATION_OK"
2110,10407192237,10407192276,1,"IOTHUB_CLIENT_CONFIRMATION_OK"
2111,10407192437,10407192490,1,"IOTHUB_CLIENT_CONFIRMATION_OK"
2112,10407192638,10407192684,1,"IOTHUB_CLIENT_CONFIRMATION_OK"
2113,10407192838,10407192962,1,"IOTHUB_CLIENT_CONFIRMATION_OK"
2114,10407193038,10407193086,1,"IOTHUB_CLIENT_CONFIRMATION_OK"
2115,10407193238,10407193342,1,"IOTHUB_CLIENT_CONFIRMATION_OK"
2116,10407193438,10407193629,1,"IOTHUB_CLIENT_CONFIRMATION_OK"
2117,10407193638,10407193691,1,"IOTHUB_CLIENT_CONFIRMATION_OK"
2118,10407193838,10407193895,1,"IOTHUB_CLIENT_CONFIRMATION_OK"
2119,10407194039,10407194076,1,"IOTHUB_CLIENT_CONFIRMATION_OK"
2120,10407194239,10407194286,1,"IOTHUB_CLIENT_CONFIRMATION_OK"
2121,10407194439,10407194511,1,"IOTHUB_CLIENT_CONFIRMATION_OK"
2122,10407194639,10407194699,1,"IOTHUB_CLIENT_CONFIRMATION_OK"
2123,10407194839,10407194959,1,"IOTHUB_CLIENT_CONFIRMATION_OK"
2124,10407195039,10407195084,1,"IOTHUB_CLIENT_CONFIRMATION_OK"
2125,10407195240,10407195286,1,"IOTHUB_CLIENT_CONFIRMATION_OK"
2126,10407195440,10407195519,1,"IOTHUB_CLIENT_CONFIRMATION_OK"
2127,10407195640,10407195681,1,"IOTHUB_CLIENT_CONFIRMATION_OK"
2128,10407195840,10407195886,1,"IOTHUB_CLIENT_CONFIRMATION_OK"
2129,10407196040,10407196091,1,"IOTHUB_CLIENT_CONFIRMATION_OK"
2130,10407196240,10407196295,1,"IOTHUB_CLIENT_CONFIRMATION_OK"
2131,10407196441,10407196487,1,"IOTHUB_CLIENT_CONFIRMATION_OK"
2132,10407196641,10407196692,1,"IOTHUB_CLIENT_CONFIRMATION_OK"
2133,10407196841,10407197002,1,"IOTHUB_CLIENT_CONFIRMATION_OK"
2134,10407197041,10407197095,1,"IOTHUB_CLIENT_CONFIRMATION_OK"
2135,10407197241,10407197287,1,"IOTHUB_CLIENT_CONFIRMATION_OK"
2136,10407197441,10407197555,1,"IOTHUB_CLIENT_CONFIRMATION_OK"
2137,10407197642,10407197680,1,"IOTHUB_CLIENT_CONFIRMATION_OK"
2138,10407197842,10407197932,1,"IOTHUB_CLIENT_CONFIRMATION_OK"
2139,10407198042,10407198091,1,"IOTHUB_CLIENT_CONFIRMATION_OK"
2140,10407198242,10407198326,1,"IOTHUB_CLIENT_CONFIRMATION_OK"
2141,10407198442,10407198519,1,"IOTHUB_CLIENT_CONFIRMATION_OK"
2142,10407198642,10407198703,1,"IOTHUB_CLIENT_CONFIRMATION_OK"
2143,10407198842,10407198895,1,"IOTHUB_CLIENT_CONFIRMATION_OK"
2144,10407199043,10407199101,1,"IOTHUB_CLIENT_CONFIRMATION_OK"
2145,10407199243,10407199292,1,"IOTHUB_CLIENT_CONFIRMATION_OK"
2146,10407199443,10407199528,1,"IOTHUB_CLIENT_CONFIRMATION_OK"
2147,10407199643,10407199727,1,"IOTHUB_CLIENT_CONFIRMATION_OK"
2148,10407199843,10407199896,1,"IOTHUB_CLIENT_CONFIRMATION_OK"
2149,10407200043,10407200094,1,"IOTHUB_CLIENT_CONFIRMATION_OK"
2150,10407200244,10407200295,1,"IOTHUB_CLIENT_CONFIRMATION_OK"
2151,10407200444,10407200510,1,"IOTHUB_CLIENT_CONFIRMATION_OK"
2152,10407200644,10407200698,1,"IOTHUB_CLIENT_CONFIRMATION_OK"
2153,10407200844,10407200893,1,"IOTHUB_CLIENT_CONFIRMATION_OK"
2154,10407201044,10407201088,1,"IOTHUB_CLIENT_CONFIRMATION_OK"
2155,10407201244,10407201285,1,"IOTHUB_CLIENT_CONFIRMATION_OK"
2156,10407201445,10407201501,1,"IOTHUB_CLIENT_CONFIRMATION_OK"
2157,10407201645,10407201701,1,"IOTHUB_CLIENT_CONFIRMATION_OK"
2158,10407201845,10407201892,1,"IOTHUB_CLIENT_CONFIRMATION_OK"
2159,10407202045,10407202108,1,"IOTHUB_CLIENT_CONFIRMATION_OK"
2160,10407202245,10407202291,1,"IOTHUB_CLIENT_CONFIRMATION_OK"
2161,10407202445,10407202528,1,"IOTHUB_CLIENT_CONFIRMATION_OK"
2162,10407202645,10407202684,1,"IOTHUB_CLIENT_CONFIRMATION_OK"
2163,10407202846,10407202902,1,"IOTHUB_CLIENT_CONFIRMATION_OK"
2164,10407203046,10407203082,1,"IOTHUB_CLIENT_CONFIRMATION_OK"
2165,10407203246,10407203297,1,"IOTHUB_CLIENT_CONFIRMATION_OK"
2166,10407203446,10407203511,1,"IOTHUB_CLIENT_CONFIRMATION_OK"
2167,10407203646,10407203704,1,"IOTHUB_CLIENT_CONFIRMATION_OK"
2168,10407203846,10407203911,1,"IOTHUB_CLIENT_CONFIRMATION_OK"
2169,10407204047,10407204107,1,"IOTHUB_CLIENT_CONFIRMATION_OK"
2170,10407204247,10407204292,1,"IOTHUB_CLIENT_CONFIRMATION_OK"
2171,10407204447,10407204488,1,"IOTHUB_CLIENT_CONFIRMATION_OK"
2172,10407204647,10407204858,1,"IOTHUB_CLIENT_CONFIRMATION_OK"
2173,10407204847,10407205098,1,"IOTHUB_CLIENT_CONFIRMATION_OK"
2174,10407205047,10407205155,1,"IOTHUB_CLIENT_CONFIRMATION_OK"
2175,10407205248,10407205298,1,"IOTHUB_CLIENT_CONFIRMATION_OK"
2176,10407205448,10407205545,1,"IOTHUB_CLIENT_CONFIRMATION_OK"
2177,10407205648,10407205715,1,"IOTHUB_CLIENT_CONFIRMATION_OK"
2178,10407205848,10407205893,1,"IOTHUB_CLIENT_CONFIRMATION_OK"
2179,10407206048,10407206098,1,"IOTHUB_CLIENT_CONFIRMATION_OK"
2180,10407206248,10407206316,1,"IOTHUB_CLIENT_CONFIRMATION_OK"
2181,10407206449,10407206509,1,"IOTHUB_CLIENT_CONFIRMATION_OK"
2182,10407206649,10407206692,1,"IOTHUB_CLIENT_CONFIRMATION_OK"
2183,10407206849,10407206892,1,"IOTHUB_CLIENT_CONFIRMATION_OK"
2184,10407207049,10407207105,1,"IOTHUB_CLIENT_CONFIRMATION_OK"
2185,10407207249,10407207285,1,"IOTHUB_CLIENT_CONFIRMATION_OK"
2186,10407207449,10407207580,1,"IOTHUB_CLIENT_CONFIRMATION_OK"
2187,10407207649,10407207694,1,"IOTHUB_CLIENT_CONFIRMATION_OK"
2188,10407207850,10407207899,1,"IOTHUB_CLIENT_CONFIRMATION_OK"
2189,10407208050,10407208142,1,"IOTHUB_CLIENT_CONFIRMATION_OK"
2190,10407208250,10407208309,1,"IOTHUB_CLIENT_CONFIRMATION_OK"
2191,10407208450,10407208494,1,"IOTHUB_CLIENT_CONFIRMATION_OK"
2192,10407208650,10407208698,1,"IOTHUB_CLIENT_CONFIRMATION_OK"
2193,10407208850,10407208894,1,"IOTHUB_CLIENT_CONFIRMATION_OK"
2194,10407209051,10407209097,1,"IOTHUB_CLIENT_CONFIRMATION_OK"
2195,10407209251,10407209289,1,"IOTHUB_CLIENT_CONFIRMATION_OK"
2196,10407209451,10407209663,1,"IOTHUB_CLIENT_CONFIRMATION_OK"
2197,10407209651,10407209691,1,"IOTHUB_CLIENT_CONFIRMATION_OK"
2198,10407209851,10407209900,1,"IOTHUB_CLIENT_CONFIRMATION_OK"
2199,10407210051,10407210119,1,"IOTHUB_CLIENT_CONFIRMATION_OK"
2200,10407210252,10407210412,1,"IOTHUB_CLIENT_CONFIRMATION_OK"
2201,10407210452,10407210497,1,"IOTHUB_CLIENT_CONFIRMATION_OK"
2202,10407210652,10407210695,1,"IOTHUB_CLIENT_CONFIRMATION_OK"
2203,10407210852,10407210901,1,"IOTHUB_CLIENT_CONFIRMATION_OK"
2204,10407211052,10407211120,1,"IOTHUB_CLIENT_CONFIRMATION_OK"
2205,10407211252,10407211296,1,"IOTHUB_CLIENT_CONFIRMATION_OK"
2206,10407211453,10407211526,1,"IOTHUB_CLIENT_CONFIRMATION_OK"
2207,10407211653,10407211690,1,"IOTHUB_CLIENT_CONFIRMATION_OK"
2208,10407211853,10407211894,1,"IOTHUB_CLIENT_CONFIRMATION_OK"
2209,10407212053,10407212094,1,"IOTHUB_CLIENT_CONFIRMATION_OK"
2210,10407212253,10407212445,1,"IOTHUB_CLIENT_CONFIRMATION_OK"
2211,10407212453,10407212495,1,"IOTHUB_CLIENT_CONFIRMATION_OK"
2212,10407212653,10407212701,1,"IOTHUB_CLIENT_CONFIRMATION_OK"
2213,10407212854,10407212949,1,"IOTHUB_CLIENT_CONFIRMATION_OK"
2214,10407213054,10407213112,1,"IOTHUB_CLIENT_CONFIRMATION_OK"
2215,10407213254,10407213315,1,"IOTHUB_CLIENT_CONFIRMATION_OK"
2216,10407213454,10407213605,1,"IOTHUB_CLIENT_CONFIRMATION_OK"
2217,10407213654,10407213720,1,"IOTHUB_CLIENT_CONFIRMATION_OK"
2218,10407213854,10407213895,1,"IOTHUB_CLIENT_CONFIRMATION_OK"
2219,10407214055,10407214100,1,"IOTHUB_CLIENT_CONFIRMATION_OK"
2220,10407214255,10407214313,1,"IOTHUB_CLIENT_CONFIRMATION_OK"
2221,10407214455,10407214507,1,"IOTHUB_CLIENT_CONFIRMATION_OK"
2222,10407214655,10407214711,1,"IOTHUB_CLIENT_CONFIRMATION_OK"
2223,10407214855,10407214928,1,"IOTHUB_CLIENT_CONFIRMATION_OK"
2224,10407215055,10407215119,1,"IOTHUB_CLIENT_CONFIRMATION_OK"
2225,10407215255,10407215310,1,"IOTHUB_CLIENT_CONFIRMATION_OK"
2226,10407215456,10407215519,1,"IOTHUB_CLIENT_CONFIRMATION_OK"
2227,10407215656,10407215708,1,"IOTHUB_CLIENT_CONFIRMATION_OK"
2228,10407215856,10407216061,1,"IOTHUB_CLIENT_CONFIRMATION_OK"
2229,10407216056,10407216102,1,"IOTHUB_CLIENT_CONFIRMATION_OK"
2230,10407216256,10407216302,1,"IOTHUB_CLIENT_CONFIRMATION_OK"
2231,10407216456,10407216495,1,"IOTHUB_CLIENT_CONFIRMATION_OK"
2232,10407216657,10407216715,1,"IOTHUB_CLIENT_CONFIRMATION_OK"
2233,10407216857,10407216908,1,"IOTHUB_CLIENT_CONFIRMATION_OK"
2234,10407217057,10407217105,1,"IOTHUB_CLIENT_CONFIRMATION_OK"
2235,10407217257,10407217341,1,"IOTHUB_CLIENT_CONFIRMATION_OK"
2236,10407217457,10407217556,1,"IOTHUB_CLIENT_CONFIRMATION_OK"
2237,10407217657,10407217712,1,"IOTHUB_CLIENT_CONFIRMATION_OK"
2238,10407217858,10407217908,1,"IOTHUB_CLIENT_CONFIRMATION_OK"
2239,10407218058,10407218098,1,"IOTHUB_CLIENT_CONFIRMATION_OK"
2240,10407218258,10407218326,1,"IOTHUB_CLIENT_CONFIRMATION_OK"
2241,10407218458,10407218520,1,"IOTHUB_CLIENT_CONFIRMATION_OK"
2242,10407218658,10407218713,1,"IOTHUB_CLIENT_CONFIRMATION_OK"
2243,10407218858,10407218914,1,"IOTHUB_CLIENT_CONFIRMATION_OK"
2244,10407219058,10407219101,1,"IOTHUB_CLIENT_CONFIRMATION_OK"
2245,10407219259,10407219293,1,"IOTHUB_CLIENT_CONFIRMATION_OK"
2246,10407219459,10407219597,1,"IOTHUB_CLIENT_CONFIRMATION_OK"
2247,10407219659,10407219710,1,"IOTHUB_CLIENT_CONFIRMATION_OK"
2248,10407219859,10407219929,1,"IOTHUB_CLIENT_CONFIRMATION_OK"
2249,10407220059,10407220101,1,"IOTHUB_CLIENT_CONFIRMATION_OK"
2250,10407220259,10407220304,1,"IOTHUB_CLIENT_CONFIRMATION_OK"
2251,10407220460,10407220512,1,"IOTHUB_CLIENT_CONFIRMATION_OK"
2252,10407220660,10407220690,1,"IOTHUB_CLIENT_CONFIRMATION_OK"
2253,10407220860,10407220916,1,"IOTHUB_CLIENT_CONFIRMATION_OK"
2254,10407221060,10407221102,1,"IOTHUB_CLIENT_CONFIRMATION_OK"
2255,10407221260,10407221312,1,"IOTHUB_CLIENT_CONFIRMATION_OK"
2256,10407221460,10407221654,1,"IOTHUB_CLIENT_CONFIRMATION_OK"
2257,10407221661,10407221739,1,"IOTHUB_CLIENT_CONFIRMATION_OK"
2258,10407221861,10407221910,1,"IOTHUB_CLIENT_CONFIRMATION_OK"
2259,10407222061,10407222185,1,"IOTHUB_CLIENT_CONFIRMATION_OK"
2260,10407222261,10407222303,1,"IOTHUB_CLIENT_CONFIRMATION_OK"
2261,10407222461,10407222502,1,"IOTHUB_CLIENT_CONFIRMATION_OK"
2262,10407222661,10407222709,1,"IOTHUB_CLIENT_CONFIRMATION_OK"
2263,10407222861,10407222912,1,"IOTHUB_CLIENT_CONFIRMATION_OK"
2264,10407223062,10407223115,1,"IOTHUB_CLIENT_CONFIRMATION_OK"
2265,10407223262,10407223294,1,"IOTHUB_CLIENT_CONFIRMATION_OK"
2266,10407223462,10407223507,1,"IOTHUB_CLIENT_CONFIRMATION_OK"
2267,10407223662,10407223705,1,"IOTHUB_CLIENT_CONFIRMATION_OK"
2268,10407223862,10407223908,1,"IOTHUB_CLIENT_CONFIRMATION_OK"
2269,10407224062,10407224126,1,"IOTHUB_CLIENT_CONFIRMATION_OK"
2270,10407224262,10407224321,1,"IOTHUB_CLIENT_CONFIRMATION_OK"
2271,10407224463,10407224563,1,"IOTHUB_CLIENT_CONFIRMATION_OK"
2272,10407224663,10407224702,1,"IOTHUB_CLIENT_CONFIRMATION_OK"
2273,10407224863,10407224921,1,"IOTHUB_CLIENT_CONFIRMATION_OK"
2274,10407225063,10407225103,1,"IOTHUB_CLIENT_CONFIRMATION_OK"
2275,10407225263,10407225395,1,"IOTHUB_CLIENT_CONFIRMATION_OK"
2276,10407225463,10407225498,1,"IOTHUB_CLIENT_CONFIRMATION_OK"
2277,10407225664,10407225706,1,"IOTHUB_CLIENT_CONFIRMATION_OK"
2278,10407225864,10407225904,1,"IOTHUB_CLIENT_CONFIRMATION_OK"
2279,10407226064,10407226107,1,"IOTHUB_CLIENT_CONFIRMATION_OK"
2280,10407226264,10407226326,1,"IOTHUB_CLIENT_CONFIRMATION_OK"
2281,10407226464,10407226513,1,"IOTHUB_CLIENT_CONFIRMATION_OK"
2282,10407226664,10407226713,1,"IOTHUB_CLIENT_CONFIRMATION_OK"
2283,10407226865,10407226929,1,"IOTHUB_CLIENT_CONFIRMATION_OK"
2284,10407227065,10407227106,1,"IOTHUB_CLIENT_CONFIRMATION_OK"
2285,10407227265,10407227305,1,"IOTHUB_CLIENT_CONFIRMATION_OK"
2286,10407227465,10407227525,1,"IOTHUB_CLIENT_CONFIRMATION_OK"
2287,10407227665,10407227725,1,"IOTHUB_CLIENT_CONFIRMATION_OK"
2288,10407227865,10407227912,1,"IOTHUB_CLIENT_CONFIRMATION_OK"
2289,10407228066,10407228108,1,"IOTHUB_CLIENT_CONFIRMATION_OK"
2290,10407228266,10407228344,1,"IOTHUB_CLIENT_CONFIRMATION_OK"
2291,10407228466,10407228505,1,"IOTHUB_CLIENT_CONFIRMATION_OK"
2292,10407228666,10407228702,1,"IOTHUB_CLIENT_CONFIRMATION_OK"
2293,10407228866,10407228951,1,"IOTHUB_CLIENT_CONFIRMATION_OK"
2294,10407229066,10407229103,1,"IOTHUB_CLIENT_CONFIRMATION_OK"
2295,10407229266,10407229336,1,"IOTHUB_CLIENT_CONFIRMATION_OK"
2296,10407229467,10407229592,1,"IOTHUB_CLIENT_CONFIRMATION_OK"
2297,10407229667,10407229703,1,"IOTHUB_CLIENT_CONFIRMATION_OK"
2298,10407229867,10407229904,1,"IOTHUB_CLIENT_CONFIRMATION_OK"
2299,10407230067,10407230106,1,"IOTHUB_CLIENT_CONFIRMATION_OK"
2300,10407230267,10407230310,1,"IOTHUB_CLIENT_CONFIRMATION_OK"
2301,10407230467,10407230518,1,"IOTHUB_CLIENT_CONFIRMATION_OK"
2302,10407230668,10407230828,1,"IOTHUB_CLIENT_CONFIRMATION_OK"
2303,10407230868,10407230931,1,"IOTHUB_CLIENT_CONFIRMATION_OK"
2304,10407231068,10407231134,1,"IOTHUB_CLIENT_CONFIRMATION_OK"
2305,10407231268,10407231310,1,"IOTHUB_CLIENT_CONFIRMATION_OK"
2306,10407231468,10407231616,1,"IOTHUB_CLIENT_CONFIRMATION_OK"
2307,10407231668,10407231717,1,"IOTHUB_CLIENT_CONFIRMATION_OK"
2308,10407231869,10407231953,1,"IOTHUB_CLIENT_CONFIRMATION_OK"
2309,10407232069,10407232106,1,"IOTHUB_CLIENT_CONFIRMATION_OK"
2310,10407232269,10407232320,1,"IOTHUB_CLIENT_CONFIRMATION_OK"
2311,10407232469,10407232507,1,"IOTHUB_CLIENT_CONFIRMATION_OK"
2312,10407232669,10407232813,1,"IOTHUB_CLIENT_CONFIRMATION_OK"
2313,10407232869,10407232937,1,"IOTHUB_CLIENT_CONFIRMATION_OK"
2314,10407233070,10407233120,1,"IOTHUB_CLIENT_CONFIRMATION_OK"
2315,10407233270,10407233352,1,"IOTHUB_CLIENT_CONFIRMATION_OK"
2316,10407233470,10407233512,1,"IOTHUB_CLIENT_CONFIRMATION_OK"
2317,10407233670,10407233713,1,"IOTHUB_CLIENT_CONFIRMATION_OK"
2318,10407233870,10407233910,1,"IOTHUB_CLIENT_CONFIRMATION_OK"
2319,10407234070,10407234115,1,"IOTHUB_CLIENT_CONFIRMATION_OK"
2320,10407234270,10407234311,1,"IOTHUB_CLIENT_CONFIRMATION_OK"
2321,10407234471,10407234603,1,"IOTHUB_CLIENT_CONFIRMATION_OK"
2322,10407234671,10407234749,1,"IOTHUB_CLIENT_CONFIRMATION_OK"
2323,10407234871,10407234949,1,"IOTHUB_CLIENT_CONFIRMATION_OK"
2324,10407235071,10407235114,1,"IOTHUB_CLIENT_CONFIRMATION_OK"
2325,10407235271,10407235335,1,"IOTHUB_CLIENT_CONFIRMATION_OK"
2326,10407235471,10407235533,1,"IOTHUB_CLIENT_CONFIRMATION_OK"
2327,10407235672,10407235736,1,"IOTHUB_CLIENT_CONFIRMATION_OK"
2328,10407235872,10407235921,1,"IOTHUB_CLIENT_CONFIRMATION_OK"
2329,10407236072,10407236126,1,"IOTHUB_CLIENT_CONFIRMATION_OK"
2330,10407236272,10407236375,1,"IOTHUB_CLIENT_CONFIRMATION_OK"
2331,10407236472,10407236525,1,"IOTHUB_CLIENT_CONFIRMATION_OK"
2332,10407236672,10407236712,1,"IOTHUB_CLIENT_CONFIRMATION_OK"
2333,10407236872,10407236987,1,"IOTHUB_CLIENT_CONFIRMATION_OK"
2334,10407237073,10407237118,1,"IOTHUB_CLIENT_CONFIRMATION_OK"
2335,10407237273,10407237312,1,"IOTHUB_CLIENT_CONFIRMATION_OK"
2336,10407237473,10407237568,1,"IOTHUB_CLIENT_CONFIRMATION_OK"
2337,10407237673,10407237736,1,"IOTHUB_CLIENT_CONFIRMATION_OK"
2338,10407237873,10407237920,1,"IOTHUB_CLIENT_CONFIRMATION_OK"
2339,10407238073,10407238116,1,"IOTHUB_CLIENT_CONFIRMATION_OK"
2340,10407238274,10407238324,1,"IOTHUB_CLIENT_CONFIRMATION_OK"
2341,10407238474,10407238522,1,"IOTHUB_CLIENT_CONFIRMATION_OK"
2342,10407238674,10407238730,1,"IOTHUB_CLIENT_CONFIRMATION_OK"
2343,10407238874,10407239026,1,"IOTHUB_CLIENT_CONFIRMATION_OK"
2344,10407239074,10407239126,1,"IOTHUB_CLIENT_CONFIRMATION_OK"
2345,10407239274,10407239317,1,"IOTHUB_CLIENT_CONFIRMATION_OK"
2346,10407239475,10407239649,1,"IOTHUB_CLIENT_CONFIRMATION_OK"
2347,10407239675,10407239720,1,"IOTHUB_CLIENT_CONFIRMATION_OK"
2348,10407239875,10407239914,1,"IOTHUB_CLIENT_CONFIRMATION_OK"
2349,10407240075,10407240113,1,"IOTHUB_CLIENT_CONFIRMATION_OK"
2350,10407240275,10407240352,1,"IOTHUB_CLIENT_CONFIRMATION_OK"
2351,10407240475,10407240518,1,"IOTHUB_CLIENT_CONFIRMATION_OK"
2352,10407240675,10407240722,1,"IOTHUB_CLIENT_CONFIRMATION_OK"
2353,10407240876,10407240934,1,"IOTHUB_CLIENT_CONFIRMATION_OK"
2354,10407241076,10407241117,1,"IOTHUB_CLIENT_CONFIRMATION_OK"
2355,10407241276,10407241317,1,"IOTHUB_CLIENT_CONFIRMATION_OK"
2356,10407241476,10407241512,1,"IOTHUB_CLIENT_CONFIRMATION_OK"
2357,10407241676,10407241729,1,"IOTHUB_CLIENT_CONFIRMATION_OK"
2358,10407241876,10407241948,1,"IOTHUB_CLIENT_CONFIRMATION_OK"
2359,10407242077,10407242130,1,"IOTHUB_CLIENT_CONFIRMATION_OK"
2360,10407242277,10407242351,1,"IOTHUB_CLIENT_CONFIRMATION_OK"
2361,10407242477,10407242529,1,"IOTHUB_CLIENT_CONFIRMATION_OK"
2362,10407242677,10407242726,1,"IOTHUB_CLIENT_CONFIRMATION_OK"
2363,10407242877,10407242948,1,"IOTHUB_CLIENT_CONFIRMATION_OK"
2364,10407243077,10407243155,1,"IOTHUB_CLIENT_CONFIRMATION_OK"
2365,10407243277,10407243330,1,"IOTHUB_CLIENT_CONFIRMATION_OK"
2366,10407243478,10407243564,1,"IOTHUB_CLIENT_CONFIRMATION_OK"
2367,10407243678,10407243714,1,"IOTHUB_CLIENT_CONFIRMATION_OK"
2368,10407243878,10407243925,1,"IOTHUB_CLIENT_CONFIRMATION_OK"
2369,10407244078,10407244131,1,"IOTHUB_CLIENT_CONFIRMATION_OK"
2370,10407244278,10407244332,1,"IOTHUB_CLIENT_CONFIRMATION_OK"
2371,10407244478,10407244544,1,"IOTHUB_CLIENT_CONFIRMATION_OK"
2372,10407244679,10407244769,1,"IOTHUB_CLIENT_CONFIRMATION_OK"
2373,10407244879,10407244927,1,"IOTHUB_CLIENT_CONFIRMATION_OK"
2374,10407245079,10407245124,1,"IOTHUB_CLIENT_CONFIRMATION_OK"
2375,10407245279,10407245324,1,"IOTHUB_CLIENT_CONFIRMATION_OK"
2376,10407245479,10407245529,1,"IOTHUB_CLIENT_CONFIRMATION_OK"
2377,10407245679,10407245730,1,"IOTHUB_CLIENT_CONFIRMATION_OK"
2378,10407245880,10407245921,1,"IOTHUB_CLIENT_CONFIRMATION_OK"
2379,10407246080,10407246116,1,"IOTHUB_CLIENT_CONFIRMATION_OK"
2380,10407246280,10407246325,1,"IOTHUB_CLIENT_CONFIRMATION_OK"
2381,10407246480,10407246512,1,"IOTHUB_CLIENT_CONFIRMATION_OK"
2382,10407246680,10407246749,1,"IOTHUB_CLIENT_CONFIRMATION_OK"
2383,10407246880,10407246952,1,"IOTHUB_CLIENT_CONFIRMATION_OK"
2384,10407247081,10407247124,1,"IOTHUB_CLIENT_CONFIRMATION_OK"
2385,10407247281,10407247324,1,"IOTHUB_CLIENT_CONFIRMATION_OK"
2386,10407247481,10407247556,1,"IOTHUB_CLIENT_CONFIRMATION_OK"
2387,10407247681,10407247728,1,"IOTHUB_CLIENT_CONFIRMATION_OK"
2388,10407247881,10407247949,1,"IOTHUB_CLIENT_CONFIRMATION_OK"
2389,10407248081,10407248195,1,"IOTHUB_CLIENT_CONFIRMATION_OK"
2390,10407248281,10407248392,1,"IOTHUB_CLIENT_CONFIRMATION_OK"
2391,10407248482,10407248536,1,"IOTHUB_CLIENT_CONFIRMATION_OK"
2392,10407248682,10407248726,1,"IOTHUB_CLIENT_CONFIRMATION_OK"
2393,10407248882,10407249012,1,"IOTHUB_CLIENT_CONFIRMATION_OK"
2394,10407249082,10407249118,1,"IOTHUB_CLIENT_CONFIRMATION_OK"
2395,10407249282,10407249323,1,"IOTHUB_CLIENT_CONFIRMATION_OK"
2396,10407249482,10407249637,1,"IOTHUB_CLIENT_CONFIRMATION_OK"
2397,10407249683,10407249728,1,"IOTHUB_CLIENT_CONFIRMATION_OK"
2398,10407249883,10407249935,1,"IOTHUB_CLIENT_CONFIRMATION_OK"
2399,10407250083,10407250121,1,"IOTHUB_CLIENT_CONFIRMATION_OK"
2400,10407250283,10407250325,1,"IOTHUB_CLIENT_CONFIRMATION_OK"
2401,10407250483,10407250545,1,"IOTHUB_CLIENT_CONFIRMATION_OK"
2402,10407250683,10407250733,1,"IOTHUB_CLIENT_CONFIRMATION_OK"
2403,10407250884,10407250939,1,"IOTHUB_CLIENT_CONFIRMATION_OK"
2404,10407251084,10407251139,1,"IOTHUB_CLIENT_CONFIRMATION_OK"
2405,10407251284,10407251329,1,"IOTHUB_CLIENT_CONFIRMATION_OK"
2406,10407251484,10407251537,1,"IOTHUB_CLIENT_CONFIRMATION_OK"
2407,10407251684,10407251730,1,"IOTHUB_CLIENT_CONFIRMATION_OK"
2408,10407251884,10407251934,1,"IOTHUB_CLIENT_CONFIRMATION_OK"
2409,10407252084,10407252409,1,"IOTHUB_CLIENT_CONFIRMATION_OK"
2410,10407252285,10407252504,1,"IOTHUB_CLIENT_CONFIRMATION_OK"
2411,10407252485,10407252547,1,"IOTHUB_CLIENT_CONFIRMATION_OK"
2412,10407252685,10407252794,1,"IOTHUB_CLIENT_CONFIRMATION_OK"
2413,10407252885,10407253009,1,"IOTHUB_CLIENT_CONFIRMATION_OK"
2414,10407253085,10407253478,1,"IOTHUB_CLIENT_CONFIRMATION_OK"
2415,10407253285,10407253509,1,"IOTHUB_CLIENT_CONFIRMATION_OK"
2416,10407253486,10407253750,1,"IOTHUB_CLIENT_CONFIRMATION_OK"
2417,10407253686,10407253782,1,"IOTHUB_CLIENT_CONFIRMATION_OK"
2418,10407253886,10407253952,1,"IOTHUB_CLIENT_CONFIRMATION_OK"
2419,10407254086,10407254121,1,"IOTHUB_CLIENT_CONFIRMATION_OK"
2420,10407254286,10407254396,1,"IOTHUB_CLIENT_CONFIRMATION_OK"
2421,10407254486,10407254537,1,"IOTHUB_CLIENT_CONFIRMATION_OK"
2422,10407254686,10407254724,1,"IOTHUB_CLIENT_CONFIRMATION_OK"
2423,10407254887,10407255003,1,"IOTHUB_CLIENT_CONFIRMATION_OK"
2424,10407255087,10407255150,1,"IOTHUB_CLIENT_CONFIRMATION_OK"
2425,10407255287,10407255331,1,"IOTHUB_CLIENT_CONFIRMATION_OK"
2426,10407255487,10407255728,1,"IOTHUB_CLIENT_CONFIRMATION_OK"
2427,10407255687,10407255754,1,"IOTHUB_CLIENT_CONFIRMATION_OK"
2428,10407255887,10407255935,1,"IOTHUB_CLIENT_CONFIRMATION_OK"
2429,10407256088,10407256145,1,"IOTHUB_CLIENT_CONFIRMATION_OK"
2430,10407256288,10407256353,1,"IOTHUB_CLIENT_CONFIRMATION_OK"
2431,10407256488,10407256543,1,"IOTHUB_CLIENT_CONFIRMATION_OK"
2432,10407256688,10407256741,1,"IOTHUB_CLIENT_CONFIRMATION_OK"
2433,10407256888,10407256941,1,"IOTHUB_CLIENT_CONFIRMATION_OK"
2434,10407257088,10407257151,1,"IOTHUB_CLIENT_CONFIRMATION_OK"
2435,10407257289,10407257341,1,"IOTHUB_CLIENT_CONFIRMATION_OK"
2436,10407257489,10407257528,1,"IOTHUB_CLIENT_CONFIRMATION_OK"
2437,10407257689,10407257732,1,"IOTHUB_CLIENT_CONFIRMATION_OK"
2438,10407257889,10407257936,1,"IOTHUB_CLIENT_CONFIRMATION_OK"
2439,10407258089,10407258137,1,"IOTHUB_CLIENT_CONFIRMATION_OK"
2440,10407258289,10407258369,1,"IOTHUB_CLIENT_CONFIRMATION_OK"
2441,10407258490,10407258534,1,"IOTHUB_CLIENT_CONFIRMATION_OK"
2442,10407258690,10407258735,1,"IOTHUB_CLIENT_CONFIRMATION_OK"
2443,10407258890,10407258947,1,"IOTHUB_CLIENT_CONFIRMATION_OK"
2444,10407259090,10407259142,1,"IOTHUB_CLIENT_CONFIRMATION_OK"
2445,10407259290,10407259341,1,"IOTHUB_CLIENT_CONFIRMATION_OK"
2446,10407259490,10407259542,1,"IOTHUB_CLIENT_CONFIRMATION_OK"
2447,10407259690,10407259737,1,"IOTHUB_CLIENT_CONFIRMATION_OK"
2448,10407259891,10407259935,1,"IOTHUB_CLIENT_CONFIRMATION_OK"
2449,10407260091,10407260143,1,"IOTHUB_CLIENT_CONFIRMATION_OK"
2450,10407260291,10407260351,1,"IOTHUB_CLIENT_CONFIRMATION_OK"
2451,10407260491,10407260534,1,"IOTHUB_CLIENT_CONFIRMATION_OK"
2452,10407260691,10407260733,1,"IOTHUB_CLIENT_CONFIRMATION_OK"
2453,10407260891,10407261002,1,"IOTHUB_CLIENT_CONFIRMATION_OK"
2454,10407261092,10407261132,1,"IOTHUB_CLIENT_CONFIRMATION_OK"
2455,10407261292,10407261364,1,"IOTHUB_CLIENT_CONFIRMATION_OK"
2456,10407261492,10407261609,1,"IOTHUB_CLIENT_CONFIRMATION_OK"
2457,10407261692,10407261732,1,"IOTHUB_CLIENT_CONFIRMATION_OK"
2458,10407261892,10407261968,1,"IOTHUB_CLIENT_CONFIRMATION_OK"
2459,10407262092,10407262156,1,"IOTHUB_CLIENT_CONFIRMATION_OK"
2460,10407262293,10407262339,1,"IOTHUB_CLIENT_CONFIRMATION_OK"
2461,10407262493,10407262576,1,"IOTHUB_CLIENT_CONFIRMATION_OK"
2462,10407262693,10407262741,1,"IOTHUB_CLIENT_CONFIRMATION_OK"
2463,10407262893,10407262935,1,"IOTHUB_CLIENT_CONFIRMATION_OK"
2464,10407263093,10407263131,1,"IOTHUB_CLIENT_CONFIRMATION_OK"
2465,10407263293,10407263344,1,"IOTHUB_CLIENT_CONFIRMATION_OK"
2466,10407263494,10407263656,1,"IOTHUB_CLIENT_CONFIRMATION_OK"
2467,10407263694,10407263739,1,"IOTHUB_CLIENT_CONFIRMATION_OK"
2468,10407263894,10407264006,1,"IOTHUB_CLIENT_CONFIRMATION_OK"
2469,10407264094,10407264138,1,"IOTHUB_CLIENT_CONFIRMATION_OK"
2470,10407264294,10407264363,1,"IOTHUB_CLIENT_CONFIRMATION_OK"
2471,10407264494,10407264533,1,"IOTHUB_CLIENT_CONFIRMATION_OK"
2472,10407264694,10407264732,1,"IOTHUB_CLIENT_CONFIRMATION_OK"
2473,10407264895,10407264990,1,"IOTHUB_CLIENT_CONFIRMATION_OK"
2474,10407265095,10407265140,1,"IOTHUB_CLIENT_CONFIRMATION_OK"
2475,10407265295,10407265345,1,"IOTHUB_CLIENT_CONFIRMATION_OK"
2476,10407265495,10407265541,1,"IOTHUB_CLIENT_CONFIRMATION_OK"
2477,10407265695,10407265748,1,"IOTHUB_CLIENT_CONFIRMATION_OK"
2478,10407265895,10407266022,1,"IOTHUB_CLIENT_CONFIRMATION_OK"
2479,10407266096,10407266139,1,"IOTHUB_CLIENT_CONFIRMATION_OK"
2480,10407266296,10407266361,1,"IOTHUB_CLIENT_CONFIRMATION_OK"
2481,10407266496,10407266567,1,"IOTHUB_CLIENT_CONFIRMATION_OK"
2482,10407266696,10407266745,1,"IOTHUB_CLIENT_CONFIRMATION_OK"
2483,10407266896,10407266939,1,"IOTHUB_CLIENT_CONFIRMATION_OK"
2484,10407267096,10407267154,1,"IOTHUB_CLIENT_CONFIRMATION_OK"
2485,10407267297,10407267346,1,"IOTHUB_CLIENT_CONFIRMATION_OK"
2486,10407267497,10407267554,1,"IOTHUB_CLIENT_CONFIRMATION_OK"
2487,10407267697,10407267746,1,"IOTHUB_CLIENT_CONFIRMATION_OK"
2488,10407267897,10407267952,1,"IOTHUB_CLIENT_CONFIRMATION_OK"
2489,10407268097,10407268150,1,"IOTHUB_CLIENT_CONFIRMATION_OK"
2490,10407268297,10407268354,1,"IOTHUB_CLIENT_CONFIRMATION_OK"
2491,10407268497,10407268540,1,"IOTHUB_CLIENT_CONFIRMATION_OK"
2492,10407268698,10407268785,1,"IOTHUB_CLIENT_CONFIRMATION_OK"
2493,10407268898,10407268986,1,"IOTHUB_CLIENT_CONFIRMATION_OK"
2494,10407269098,10407269150,1,"IOTHUB_CLIENT_CONFIRMATION_OK"
2495,10407269298,10407269339,1,"IOTHUB_CLIENT_CONFIRMATION_OK"
2496,10407269498,10407269595,1,"IOTHUB_CLIENT_CONFIRMATION_OK"
2497,10407269698,10407269740,1,"IOTHUB_CLIENT_CONFIRMATION_OK"
2498,10407269899,10407269948,1,"IOTHUB_CLIENT_CONFIRMATION_OK"
2499,10407270099,10407270222,1,"IOTHUB_CLIENT_CONFIRMATION_OK"
2500,10407270299,10407270370,1,"IOTHUB_CLIENT_CONFIRMATION_OK"
2501,10407270499,10407270641,1,"IOTHUB_CLIENT_CONFIRMATION_OK"
2502,10407270699,10407270737,1,"IOTHUB_CLIENT_CONFIRMATION_OK"
2503,10407270899,10407270946,1,"IOTHUB_CLIENT_CONFIRMATION_OK"
2504,10407271100,10407271137,1,"IOTHUB_CLIENT_CONFIRMATION_OK"
2505,10407271300,10407271342,1,"IOTHUB_CLIENT_CONFIRMATION_OK"
2506,10407271500,10407271661,1,"IOTHUB_CLIENT_CONFIRMATION_OK"
2507,10407271700,10407271757,1,"IOTHUB_CLIENT_CONFIRMATION_OK"
2508,10407271900,10407271943,1,"IOTHUB_CLIENT_CONFIRMATION_OK"
2509,10407272100,10407272150,1,"IOTHUB_CLIENT_CONFIRMATION_OK"
2510,10407272300,10407272337,1,"IOTHUB_CLIENT_CONFIRMATION_OK"
2511,10407272501,10407272545,1,"IOTHUB_CLIENT_CONFIRMATION_OK"
2512,10407272701,10407272751,1,"IOTHUB_CLIENT_CONFIRMATION_OK"
2513,10407272901,10407272948,1,"IOTHUB_CLIENT_CONFIRMATION_OK"
2514,10407273101,10407273141,1,"IOTHUB_CLIENT_CONFIRMATION_OK"
2515,10407273301,10407273348,1,"IOTHUB_CLIENT_CONFIRMATION_OK"
2516,10407273501,10407273544,1,"IOTHUB_CLIENT_CONFIRMATION_OK"
2517,10407273702,10407273760,1,"IOTHUB_CLIENT_CONFIRMATION_OK"
2518,10407273902,10407273948,1,"IOTHUB_CLIENT_CONFIRMATION_OK"
2519,10407274102,10407274148,1,"IOTHUB_CLIENT_CONFIRMATION_OK"
2520,10407274302,10407274343,1,"IOTHUB_CLIENT_CONFIRMATION_OK"
2521,10407274502,10407274546,1,"IOTHUB_CLIENT_CONFIRMATION_OK"
2522,10407274702,10407274736,1,"IOTHUB_CLIENT_CONFIRMATION_OK"
2523,10407274903,10407274992,1,"IOTHUB_CLIENT_CONFIRMATION_OK"
2524,10407275103,10407275144,1,"IOTHUB_CLIENT_CONFIRMATION_OK"
2525,10407275303,10407275355,1,"IOTHUB_CLIENT_CONFIRMATION_OK"
2526,10407275503,10407275539,1,"IOTHUB_CLIENT_CONFIRMATION_OK"
2527,10407275703,10407275759,1,"IOTHUB_CLIENT_CONFIRMATION_OK"
2528,10407275903,10407275953,1,"IOTHUB_CLIENT_CONFIRMATION_OK"
2529,10407276103,10407276144,1,"IOTHUB_CLIENT_CONFIRMATION_OK"
2530,10407276304,10407276589,1,"IOTHUB_CLIENT_CONFIRMATION_OK"
2531,10407276504,10407276666,1,"IOTHUB_CLIENT_CONFIRMATION_OK"
2532,10407276704,10407276820,1,"IOTHUB_CLIENT_CONFIRMATION_OK"
2533,10407276904,10407277083,1,"IOTHUB_CLIENT_CONFIRMATION_OK"
2534,10407277104,10407277202,1,"IOTHUB_CLIENT_CONFIRMATION_OK"
2535,10407277304,10407277358,1,"IOTHUB_CLIENT_CONFIRMATION_OK"
2536,10407277504,10407277656,1,"IOTHUB_CLIENT_CONFIRMATION_OK"
2537,10407277705,10407277757,1,"IOTHUB_CLIENT_CONFIRMATION_OK"
2538,10407277905,10407277942,1,"IOTHUB_CLIENT_CONFIRMATION_OK"
2539,10407278105,10407278152,1,"IOTHUB_CLIENT_CONFIRMATION_OK"
2540,10407278305,10407278355,1,"IOTHUB_CLIENT_CONFIRMATION_OK"
2541,10407278505,10407278554,1,"IOTHUB_CLIENT_CONFIRMATION_OK"
2542,10407278705,10407278763,1,"IOTHUB_CLIENT_CONFIRMATION_OK"
2543,10407278906,10407278949,1,"IOTHUB_CLIENT_CONFIRMATION_OK"
2544,10407279106,10407279149,1,"IOTHUB_CLIENT_CONFIRMATION_OK"
2545,10407279306,10407279360,1,"IOTHUB_CLIENT_CONFIRMATION_OK"
2546,10407279506,10407279687,1,"IOTHUB_CLIENT_CONFIRMATION_OK"
2547,10407279706,10407279806,1,"IOTHUB_CLIENT_CONFIRMATION_OK"
2548,10407279906,10407279954,1,"IOTHUB_CLIENT_CONFIRMATION_OK"
2549,10407280107,10407280154,1,"IOTHUB_CLIENT_CONFIRMATION_OK"
2550,10407280307,10407280367,1,"IOTHUB_CLIENT_CONFIRMATION_OK"
2551,10407280507,10407280547,1,"IOTHUB_CLIENT_CONFIRMATION_OK"
2552,10407280707,10407280750,1,"IOTHUB_CLIENT_CONFIRMATION_OK"
2553,10407280907,10407280951,1,"IOTHUB_CLIENT_CONFIRMATION_OK"
2554,10407281107,10407281155,1,"IOTHUB_CLIENT_CONFIRMATION_OK"
2555,10407281308,10407281353,1,"IOTHUB_CLIENT_CONFIRMATION_OK"
2556,10407281508,10407281556,1,"IOTHUB_CLIENT_CONFIRMATION_OK"
2557,10407281708,10407281753,1,"IOTHUB_CLIENT_CONFIRMATION_OK"
2558,10407281908,10407281952,1,"IOTHUB_CLIENT_CONFIRMATION_OK"
2559,10407282108,10407282281,1,"IOTHUB_CLIENT_CONFIRMATION_OK"
2560,10407282308,10407282349,1,"IOTHUB_CLIENT_CONFIRMATION_OK"
2561,10407282509,10407282555,1,"IOTHUB_CLIENT_CONFIRMATION_OK"
2562,10407282709,10407282764,1,"IOTHUB_CLIENT_CONFIRMATION_OK"
2563,10407282909,10407282965,1,"IOTHUB_CLIENT_CONFIRMATION_OK"
2564,10407283109,10407283166,1,"IOTHUB_CLIENT_CONFIRMATION_OK"
2565,10407283309,10407283358,1,"IOTHUB_CLIENT_CONFIRMATION_OK"
2566,10407283509,10407283572,1,"IOTHUB_CLIENT_CONFIRMATION_OK"
2567,10407283709,10407283766,1,"IOTHUB_CLIENT_CONFIRMATION_OK"
2568,10407283910,10407283949,1,"IOTHUB_CLIENT_CONFIRMATION_OK"
2569,10407284110,10407284174,1,"IOTHUB_CLIENT_CONFIRMATION_OK"
2570,10407284310,10407284353,1,"IOTHUB_CLIENT_CONFIRMATION_OK"
2571,10407284510,10407284562,1,"IOTHUB_CLIENT_CONFIRMATION_OK"
2572,10407284710,10407284803,1,"IOTHUB_CLIENT_CONFIRMATION_OK"
2573,10407284910,10407284997,1,"IOTHUB_CLIENT_CONFIRMATION_OK"
2574,10407285110,10407285156,1,"IOTHUB_CLIENT_CONFIRMATION_OK"
2575,10407285311,10407285369,1,"IOTHUB_CLIENT_CONFIRMATION_OK"
2576,10407285511,10407285603,1,"IOTHUB_CLIENT_CONFIRMATION_OK"
2577,10407285711,10407285757,1,"IOTHUB_CLIENT_CONFIRMATION_OK"
2578,10407285911,10407285976,1,"IOTHUB_CLIENT_CONFIRMATION_OK"
2579,10407286111,10407286159,1,"IOTHUB_CLIENT_CONFIRMATION_OK"
2580,10407286311,10407286354,1,"IOTHUB_CLIENT_CONFIRMATION_OK"
2581,10407286512,10407286541,1,"IOTHUB_CLIENT_CONFIRMATION_OK"
2582,10407286712,10407286746,1,"IOTHUB_CLIENT_CONFIRMATION_OK"
2583,10407286912,10407287035,1,"IOTHUB_CLIENT_CONFIRMATION_OK"
2584,10407287112,10407287149,1,"IOTHUB_CLIENT_CONFIRMATION_OK"
2585,10407287312,10407287387,1,"IOTHUB_CLIENT_CONFIRMATION_OK"
2586,10407287512,10407287657,1,"IOTHUB_CLIENT_CONFIRMATION_OK"
2587,10407287713,10407287767,1,"IOTHUB_CLIENT_CONFIRMATION_OK"
2588,10407287913,10407287951,1,"IOTHUB_CLIENT_CONFIRMATION_OK"
2589,10407288113,10407288156,1,"IOTHUB_CLIENT_CONFIRMATION_OK"
2590,10407288313,10407288375,1,"IOTHUB_CLIENT_CONFIRMATION_OK"
2591,10407288513,10407288556,1,"IOTHUB_CLIENT_CONFIRMATION_OK"
2592,10407288713,10407288768,1,"IOTHUB_CLIENT_CONFIRMATION_OK"
2593,10407288914,10407288952,1,"IOTHUB_CLIENT_CONFIRMATION_OK"
2594,10407289114,10407289145,1,"IOTHUB_CLIENT_CONFIRMATION_OK"
2595,10407289314,10407289372,1,"IOTHUB_CLIENT_CONFIRMATION_OK"
2596,10407289514,10407289701,1,"IOTHUB_CLIENT_CONFIRMATION_OK"
2597,10407289714,10407289762,1,"IOTHUB_CLIENT_CONFIRMATION_OK"
2598,10407289914,10407289948,1,"IOTHUB_CLIENT_CONFIRMATION_OK"
2599,10407290114,10407290152,1,"IOTHUB_CLIENT_CONFIRMATION_OK"
2600,10407290315,10407290361,1,"IOTHUB_CLIENT_CONFIRMATION_OK"
2601,10407290515,10407290571,1,"IOTHUB_CLIENT_CONFIRMATION_OK"
2602,10407290715,10407290762,1,"IOTHUB_CLIENT_CONFIRMATION_OK"
2603,10407290915,10407290968,1,"IOTHUB_CLIENT_CONFIRMATION_OK"
2604,10407291115,10407291152,1,"IOTHUB_CLIENT_CONFIRMATION_OK"
2605,10407291315,10407291372,1,"IOTHUB_CLIENT_CONFIRMATION_OK"
2606,10407291516,10407291568,1,"IOTHUB_CLIENT_CONFIRMATION_OK"
2607,10407291716,10407291784,1,"IOTHUB_CLIENT_CONFIRMATION_OK"
2608,10407291916,10407291960,1,"IOTHUB_CLIENT_CONFIRMATION_OK"
2609,10407292116,10407292162,1,"IOTHUB_CLIENT_CONFIRMATION_OK"
2610,10407292316,10407292450,1,"IOTHUB_CLIENT_CONFIRMATION_OK"
2611,10407292516,10407292566,1,"IOTHUB_CLIENT_CONFIRMATION_OK"
2612,10407292717,10407292779,1,"IOTHUB_CLIENT_CONFIRMATION_OK"
2613,10407292917,10407293004,1,"IOTHUB_CLIENT_CONFIRMATION_OK"
2614,10407293117,10407293159,1,"IOTHUB_CLIENT_CONFIRMATION_OK"
2615,10407293317,10407293361,1,"IOTHUB_CLIENT_CONFIRMATION_OK"
2616,10407293517,10407293596,1,"IOTHUB_CLIENT_CONFIRMATION_OK"
2617,10407293717,10407293770,1,"IOTHUB_CLIENT_CONFIRMATION_OK"
2618,10407293918,10407293954,1,"IOTHUB_CLIENT_CONFIRMATION_OK"
2619,10407294118,10407294166,1,"IOTHUB_CLIENT_CONFIRMATION_OK"
2620,10407294318,10407294356,1,"IOTHUB_CLIENT_CONFIRMATION_OK"
2621,10407294518,10407294562,1,"IOTHUB_CLIENT_CONFIRMATION_OK"
2622,10407294718,10407294760,1,"IOTHUB_CLIENT_CONFIRMATION_OK"
2623,10407294918,10407294957,1,"IOTHUB_CLIENT_CONFIRMATION_OK"
2624,10407295119,10407295168,1,"IOTHUB_CLIENT_CONFIRMATION_OK"
2625,10407295319,10407295358,1,"IOTHUB_CLIENT_CONFIRMATION_OK"
2626,10407295519,10407295568,1,"IOTHUB_CLIENT_CONFIRMATION_OK"
2627,10407295719,10407295762,1,"IOTHUB_CLIENT_CONFIRMATION_OK"
2628,10407295919,10407295968,1,"IOTHUB_CLIENT_CONFIRMATION_OK"
2629,10407296119,10407296175,1,"IOTHUB_CLIENT_CONFIRMATION_OK"
2630,10407296319,10407296370,1,"IOTHUB_CLIENT_CONFIRMATION_OK"
2631,10407296520,10407296575,1,"IOTHUB_CLIENT_CONFIRMATION_OK"
2632,10407296720,10407296785,1,"IOTHUB_CLIENT_CONFIRMATION_OK"
2633,10407296920,10407297028,1,"IOTHUB_CLIENT_CONFIRMATION_OK"
2634,10407297120,10407297188,1,"IOTHUB_CLIENT_CONFIRMATION_OK"
2635,10407297320,10407297399,1,"IOTHUB_CLIENT_CONFIRMATION_OK"
2636,10407297520,10407297669,1,"IOTHUB_CLIENT_CONFIRMATION_OK"
2637,10407297721,10407297773,1,"IOTHUB_CLIENT_CONFIRMATION_OK"
2638,10407297921,10407297960,1,"IOTHUB_CLIENT_CONFIRMATION_OK"
2639,10407298121,10407298166,1,"IOTHUB_CLIENT_CONFIRMATION_OK"
2640,10407298321,10407298396,1,"IOTHUB_CLIENT_CONFIRMATION_OK"
2641,10407298521,10407298569,1,"IOTHUB_CLIENT_CONFIRMATION_OK"
2642,10407298721,10407298773,1,"IOTHUB_CLIENT_CONFIRMATION_OK"
2643,10407298921,10407298968,1,"IOTHUB_CLIENT_CONFIRMATION_OK"
2644,10407299122,10407299160,1,"IOTHUB_CLIENT_CONFIRMATION_OK"
2645,10407299322,10407299358,1,"IOTHUB_CLIENT_CONFIRMATION_OK"
2646,10407299522,10407299783,1,"IOTHUB_CLIENT_CONFIRMATION_OK"
2647,10407299722,10407299837,1,"IOTHUB_CLIENT_CONFIRMATION_OK"
2648,10407299922,10407299958,1,"IOTHUB_CLIENT_CONFIRMATION_OK"
2649,10407300122,10407300177,1,"IOTHUB_CLIENT_CONFIRMATION_OK"
2650,10407300323,10407300360,1,"IOTHUB_CLIENT_CONFIRMATION_OK"
2651,10407300523,10407300571,1,"IOTHUB_CLIENT_CONFIRMATION_OK"
2652,10407300723,10407300772,1,"IOTHUB_CLIENT_CONFIRMATION_OK"
2653,10407300923,10407300960,1,"IOTHUB_CLIENT_CONFIRMATION_OK"
2654,10407301123,10407301189,1,"IOTHUB_CLIENT_CONFIRMATION_OK"
2655,10407301323,10407301355,1,"IOTHUB_CLIENT_CONFIRMATION_OK"
2656,10407301524,10407301578,1,"IOTHUB_CLIENT_CONFIRMATION_OK"
2657,10407301724,10407301776,1,"IOTHUB_CLIENT_CONFIRMATION_OK"
2658,10407301924,10407301984,1,"IOTHUB_CLIENT_CONFIRMATION_OK"
2659,10407302124,10407302169,1,"IOTHUB_CLIENT_CONFIRMATION_OK"
2660,10407302324,10407302365,1,"IOTHUB_CLIENT_CONFIRMATION_OK"
2661,10407302524,10407302565,1,"IOTHUB_CLIENT_CONFIRMATION_OK"
2662,10407302724,10407302791,1,"IOTHUB_CLIENT_CONFIRMATION_OK"
2663,10407302925,10407303048,1,"IOTHUB_CLIENT_CONFIRMATION_OK"
2664,10407303125,10407303161,1,"IOTHUB_CLIENT_CONFIRMATION_OK"
2665,10407303325,10407303368,1,"IOTHUB_CLIENT_CONFIRMATION_OK"
2666,10407303525,10407303633,1,"IOTHUB_CLIENT_CONFIRMATION_OK"
2667,10407303725,10407303790,1,"IOTHUB_CLIENT_CONFIRMATION_OK"
2668,10407303925,10407303969,1,"IOTHUB_CLIENT_CONFIRMATION_OK"
2669,10407304126,10407304211,1,"IOTHUB_CLIENT_CONFIRMATION_OK"
2670,10407304326,10407304378,1,"IOTHUB_CLIENT_CONFIRMATION_OK"
2671,10407304526,10407304576,1,"IOTHUB_CLIENT_CONFIRMATION_OK"
2672,10407304726,10407304777,1,"IOTHUB_CLIENT_CONFIRMATION_OK"
2673,10407304926,10407304964,1,"IOTHUB_CLIENT_CONFIRMATION_OK"
2674,10407305126,10407305170,1,"IOTHUB_CLIENT_CONFIRMATION_OK"
2675,10407305327,10407305359,1,"IOTHUB_CLIENT_CONFIRMATION_OK"
2676,10407305527,10407305685,1,"IOTHUB_CLIENT_CONFIRMATION_OK"
2677,10407305727,10407305763,1,"IOTHUB_CLIENT_CONFIRMATION_OK"
2678,10407305927,10407305964,1,"IOTHUB_CLIENT_CONFIRMATION_OK"
2679,10407306127,10407306178,1,"IOTHUB_CLIENT_CONFIRMATION_OK"
2680,10407306327,10407306378,1,"IOTHUB_CLIENT_CONFIRMATION_OK"
2681,10407306527,10407306582,1,"IOTHUB_CLIENT_CONFIRMATION_OK"
2682,10407306728,10407306878,1,"IOTHUB_CLIENT_CONFIRMATION_OK"
2683,10407306928,10407306969,1,"IOTHUB_CLIENT_CONFIRMATION_OK"
2684,10407307128,10407307173,1,"IOTHUB_CLIENT_CONFIRMATION_OK"
2685,10407307328,10407307366,1,"IOTHUB_CLIENT_CONFIRMATION_OK"
2686,10407307528,10407307579,1,"IOTHUB_CLIENT_CONFIRMATION_OK"
2687,10407307728,10407307798,1,"IOTHUB_CLIENT_CONFIRMATION_OK"
2688,10407307929,10407307980,1,"IOTHUB_CLIENT_CONFIRMATION_OK"
2689,10407308129,10407308174,1,"IOTHUB_CLIENT_CONFIRMATION_OK"
2690,10407308329,10407308372,1,"IOTHUB_CLIENT_CONFIRMATION_OK"
2691,10407308529,10407308604,1,"IOTHUB_CLIENT_CONFIRMATION_OK"
2692,10407308729,10407308764,1,"IOTHUB_CLIENT_CONFIRMATION_OK"
2693,10407308929,10407308982,1,"IOTHUB_CLIENT_CONFIRMATION_OK"
2694,10407309129,10407309171,1,"IOTHUB_CLIENT_CONFIRMATION_OK"
2695,10407309330,10407309387,1,"IOTHUB_CLIENT_CONFIRMATION_OK"
2696,10407309530,10407309572,1,"IOTHUB_CLIENT_CONFIRMATION_OK"
2697,10407309730,10407309769,1,"IOTHUB_CLIENT_CONFIRMATION_OK"
2698,10407309930,10407309974,1,"IOTHUB_CLIENT_CONFIRMATION_OK"
2699,10407310130,10407310164,1,"IOTHUB_CLIENT_CONFIRMATION_OK"
2700,10407310330,10407310371,1,"IOTHUB_CLIENT_CONFIRMATION_OK"
2701,10407310531,10407310571,1,"IOTHUB_CLIENT_CONFIRMATION_OK"
2702,10407310731,10407310769,1,"IOTHUB_CLIENT_CONFIRMATION_OK"
2703,10407310931,10407311001,1,"IOTHUB_CLIENT_CONFIRMATION_OK"
2704,10407311131,10407311189,1,"IOTHUB_CLIENT_CONFIRMATION_OK"
2705,10407311331,10407311398,1,"IOTHUB_CLIENT_CONFIRMATION_OK"
2706,10407311531,10407311600,1,"IOTHUB_CLIENT_CONFIRMATION_OK"
2707,10407311731,10407311777,1,"IOTHUB_CLIENT_CONFIRMATION_OK"
2708,10407311932,10407311981,1,"IOTHUB_CLIENT_CONFIRMATION_OK"
2709,10407312132,10407312177,1,"IOTHUB_CLIENT_CONFIRMATION_OK"
2710,10407312332,10407312402,1,"IOTHUB_CLIENT_CONFIRMATION_OK"
2711,10407312532,10407312580,1,"IOTHUB_CLIENT_CONFIRMATION_OK"
2712,10407312732,10407312782,1,"IOTHUB_CLIENT_CONFIRMATION_OK"
2713,10407312932,10407313011,1,"IOTHUB_CLIENT_CONFIRMATION_OK"
2714,10407313133,10407313245,1,"IOTHUB_CLIENT_CONFIRMATION_OK"
2715,10407313333,10407313402,1,"IOTHUB_CLIENT_CONFIRMATION_OK"
2716,10407313533,10407313677,1,"IOTHUB_CLIENT_CONFIRMATION_OK"
2717,10407313733,10407313787,1,"IOTHUB_CLIENT_CONFIRMATION_OK"
2718,10407313933,10407313971,1,"IOTHUB_CLIENT_CONFIRMATION_OK"
2719,10407314133,10407314183,1,"IOTHUB_CLIENT_CONFIRMATION_OK"
2720,10407314334,10407314384,1,"IOTHUB_CLIENT_CONFIRMATION_OK"
2721,10407314534,10407314569,1,"IOTHUB_CLIENT_CONFIRMATION_OK"
2722,10407314734,10407314799,1,"IOTHUB_CLIENT_CONFIRMATION_OK"
2723,10407314934,10407315051,1,"IOTHUB_CLIENT_CONFIRMATION_OK"
2724,10407315134,10407315180,1,"IOTHUB_CLIENT_CONFIRMATION_OK"
2725,10407315334,10407315377,1,"IOTHUB_CLIENT_CONFIRMATION_OK"
2726,10407315534,10407315644,1,"IOTHUB_CLIENT_CONFIRMATION_OK"
2727,10407315735,10407315783,1,"IOTHUB_CLIENT_CONFIRMATION_OK"
2728,10407315935,10407315972,1,"IOTHUB_CLIENT_CONFIRMATION_OK"
2729,10407316135,10407316178,1,"IOTHUB_CLIENT_CONFIRMATION_OK"
2730,10407316335,10407316372,1,"IOTHUB_CLIENT_CONFIRMATION_OK"
2731,10407316535,10407316572,1,"IOTHUB_CLIENT_CONFIRMATION_OK"
2732,10407316735,10407316778,1,"IOTHUB_CLIENT_CONFIRMATION_OK"
2733,10407316935,10407316975,1,"IOTHUB_CLIENT_CONFIRMATION_OK"
2734,10407317136,10407317181,1,"IOTHUB_CLIENT_CONFIRMATION_OK"
2735,10407317336,10407317403,1,"IOTHUB_CLIENT_CONFIRMATION_OK"
2736,10407317536,10407317684,1,"IOTHUB_CLIENT_CONFIRMATION_OK"
2737,10407317736,10407317829,1,"IOTHUB_CLIENT_CONFIRMATION_OK"
2738,10407317936,10407317984,1,"IOTHUB_CLIENT_CONFIRMATION_OK"
2739,10407318136,10407318203,1,"IOTHUB_CLIENT_CONFIRMATION_OK"
2740,10407318336,10407318411,1,"IOTHUB_CLIENT_CONFIRMATION_OK"
2741,10407318537,10407318580,1,"IOTHUB_CLIENT_CONFIRMATION_OK"
2742,10407318737,10407318793,1,"IOTHUB_CLIENT_CONFIRMATION_OK"
2743,10407318937,10407318987,1,"IOTHUB_CLIENT_CONFIRMATION_OK"
2744,10407319137,10407319180,1,"IOTHUB_CLIENT_CONFIRMATION_OK"
2745,10407319337,10407319382,1,"IOTHUB_CLIENT_CONFIRMATION_OK"
2746,10407319537,10407319755,1,"IOTHUB_CLIENT_CONFIRMATION_OK"
2747,10407319738,10407319806,1,"IOTHUB_CLIENT_CONFIRMATION_OK"
2748,10407319938,10407319981,1,"IOTHUB_CLIENT_CONFIRMATION_OK"
2749,10407320138,10407320174,1,"IOTHUB_CLIENT_CONFIRMATION_OK"
2750,10407320338,10407320386,1,"IOTHUB_CLIENT_CONFIRMATION_OK"
2751,10407320538,10407320627,1,"IOTHUB_CLIENT_CONFIRMATION_OK"
2752,10407320738,10407320774,1,"IOTHUB_CLIENT_CONFIRMATION_OK"
2753,10407320939,10407320996,1,"IOTHUB_CLIENT_CONFIRMATION_OK"
2754,10407321139,10407321180,1,"IOTHUB_CLIENT_CONFIRMATION_OK"
2755,10407321339,10407321384,1,"IOTHUB_CLIENT_CONFIRMATION_OK"
2756,10407321539,10407321597,1,"IOTHUB_CLIENT_CONFIRMATION_OK"
2757,10407321739,10407321780,1,"IOTHUB_CLIENT_CONFIRMATION_OK"
2758,10407321939,10407321978,1,"IOTHUB_CLIENT_CONFIRMATION_OK"
2759,10407322139,10407322177,1,"IOTHUB_CLIENT_CONFIRMATION_OK"
2760,10407322340,10407322624,1,"IOTHUB_CLIENT_CONFIRMATION_OK"
2761,10407322540,10407322681,1,"IOTHUB_CLIENT_CONFIRMATION_OK"
2762,10407322740,10407322797,1,"IOTHUB_CLIENT_CONFIRMATION_OK"
2763,10407322940,10407323002,1,"IOTHUB_CLIENT_CONFIRMATION_OK"
2764,10407323140,10407323175,1,"IOTHUB_CLIENT_CONFIRMATION_OK"
2765,10407323340,10407323386,1,"IOTHUB_CLIENT_CONFIRMATION_OK"
2766,10407323541,10407323674,1,"IOTHUB_CLIENT_CONFIRMATION_OK"
2767,10407323741,10407323780,1,"IOTHUB_CLIENT_CONFIRMATION_OK"
2768,10407323941,10407323987,1,"IOTHUB_CLIENT_CONFIRMATION_OK"
2769,10407324141,10407324178,1,"IOTHUB_CLIENT_CONFIRMATION_OK"
2770,10407324341,10407324398,1,"IOTHUB_CLIENT_CONFIRMATION_OK"
2771,10407324541,10407324593,1,"IOTHUB_CLIENT_CONFIRMATION_OK"
2772,10407324742,10407324795,1,"IOTHUB_CLIENT_CONFIRMATION_OK"
2773,10407324942,10407325003,1,"IOTHUB_CLIENT_CONFIRMATION_OK"
2774,10407325142,10407325188,1,"IOTHUB_CLIENT_CONFIRMATION_OK"
2775,10407325342,10407325384,1,"IOTHUB_CLIENT_CONFIRMATION_OK"
2776,10407325542,10407325700,1,"IOTHUB_CLIENT_CONFIRMATION_OK"
2777,10407325742,10407325787,1,"IOTHUB_CLIENT_CONFIRMATION_OK"
2778,10407325942,10407326026,1,"IOTHUB_CLIENT_CONFIRMATION_OK"
2779,10407326143,10407326183,1,"IOTHUB_CLIENT_CONFIRMATION_OK"
2780,10407326343,10407326379,1,"IOTHUB_CLIENT_CONFIRMATION_OK"
2781,10407326543,10407326589,1,"IOTHUB_CLIENT_CONFIRMATION_OK"
2782,10407326743,10407326786,1,"IOTHUB_CLIENT_CONFIRMATION_OK"
2783,10407326943,10407326999,1,"IOTHUB_CLIENT_CONFIRMATION_OK"
2784,10407327143,10407327184,1,"IOTHUB_CLIENT_CONFIRMATION_OK"
2785,10407327344,10407327393,1,"IOTHUB_CLIENT_CONFIRMATION_OK"
2786,10407327544,10407327653,1,"IOTHUB_CLIENT_CONFIRMATION_OK"
2787,10407327744,10407327790,1,"IOTHUB_CLIENT_CONFIRMATION_OK"
2788,10407327944,10407328006,1,"IOTHUB_CLIENT_CONFIRMATION_OK"
2789,10407328144,10407328185,1,"IOTHUB_CLIENT_CONFIRMATION_OK"
2790,10407328344,10407328391,1,"IOTHUB_CLIENT_CONFIRMATION_OK"
2791,10407328545,10407328674,1,"IOTHUB_CLIENT_CONFIRMATION_OK"
2792,10407328745,10407328791,1,"IOTHUB_CLIENT_CONFIRMATION_OK"
2793,10407328945,10407329035,1,"IOTHUB_CLIENT_CONFIRMATION_OK"
2794,10407329145,10407329198,1,"IOTHUB_CLIENT_CONFIRMATION_OK"
2795,10407329345,10407329397,1,"IOTHUB_CLIENT_CONFIRMATION_OK"
2796,10407329545,10407329607,1,"IOTHUB_CLIENT_CONFIRMATION_OK"
2797,10407329745,10407329789,1,"IOTHUB_CLIENT_CONFIRMATION_OK"
2798,10407329946,10407330013,1,"IOTHUB_CLIENT_CONFIRMATION_OK"
2799,10407330146,10407330191,1,"IOTHUB_CLIENT_CONFIRMATION_OK"
2800,10407330346,10407330380,1,"IOTHUB_CLIENT_CONFIRMATION_OK"
2801,10407330546,10407330589,1,"IOTHUB_CLIENT_CONFIRMATION_OK"
2802,10407330746,10407330785,1,"IOTHUB_CLIENT_CONFIRMATION_OK"
2803,10407330946,10407331025,1,"IOTHUB_CLIENT_CONFIRMATION_OK"
2804,10407331147,10407331176,1,"IOTHUB_CLIENT_CONFIRMATION_OK"
2805,10407331347,10407331391,1,"IOTHUB_CLIENT_CONFIRMATION_OK"
2806,10407331547,10407331631,1,"IOTHUB_CLIENT_CONFIRMATION_OK"
2807,10407331747,10407331811,1,"IOTHUB_CLIENT_CONFIRMATION_OK"
2808,10407331947,10407331989,1,"IOTHUB_CLIENT_CONFIRMATION_OK"
2809,10407332147,10407332207,1,"IOTHUB_CLIENT_CONFIRMATION_OK"
2810,10407332348,10407332415,1,"IOTHUB_CLIENT_CONFIRMATION_OK"
2811,10407332548,10407332604,1,"IOTHUB_CLIENT_CONFIRMATION_OK"
2812,10407332748,10407332787,1,"IOTHUB_CLIENT_CONFIRMATION_OK"
2813,10407332948,10407332991,1,"IOTHUB_CLIENT_CONFIRMATION_OK"
2814,10407333148,10407333196,1,"IOTHUB_CLIENT_CONFIRMATION_OK"
2815,10407333348,10407333402,1,"IOTHUB_CLIENT_CONFIRMATION_OK"
2816,10407333548,10407333680,1,"IOTHUB_CLIENT_CONFIRMATION_OK"
2817,10407333749,10407333785,1,"IOTHUB_CLIENT_CONFIRMATION_OK"
2818,10407333949,10407334039,1,"IOTHUB_CLIENT_CONFIRMATION_OK"
2819,10407334149,10407334193,1,"IOTHUB_CLIENT_CONFIRMATION_OK"
2820,10407334349,10407334401,1,"IOTHUB_CLIENT_CONFIRMATION_OK"
2821,10407334549,10407334587,1,"IOTHUB_CLIENT_CONFIRMATION_OK"
2822,10407334749,10407334801,1,"IOTHUB_CLIENT_CONFIRMATION_OK"
2823,10407334950,10407335002,1,"IOTHUB_CLIENT_CONFIRMATION_OK"
2824,10407335150,10407335197,1,"IOTHUB_CLIENT_CONFIRMATION_OK"
2825,10407335350,10407335392,1,"IOTHUB_CLIENT_CONFIRMATION_OK"
2826,10407335550,10407335791,1,"IOTHUB_CLIENT_CONFIRMATION_OK"
2827,10407335750,10407335818,1,"IOTHUB_CLIENT_CONFIRMATION_OK"
2828,10407335950,10407336023,1,"IOTHUB_CLIENT_CONFIRMATION_OK"
2829,10407336151,10407336217,1,"IOTHUB_CLIENT_CONFIRMATION_OK"
2830,10407336351,10407336394,1,"IOTHUB_CLIENT_CONFIRMATION_OK"
2831,10407336551,10407336603,1,"IOTHUB_CLIENT_CONFIRMATION_OK"
2832,10407336751,10407336793,1,"IOTHUB_CLIENT_CONFIRMATION_OK"
2833,10407336951,10407336990,1,"IOTHUB_CLIENT_CONFIRMATION_OK"
2834,10407337151,10407337196,1,"IOTHUB_CLIENT_CONFIRMATION_OK"
2835,10407337351,10407337401,1,"IOTHUB_CLIENT_CONFIRMATION_OK"
2836,10407337552,10407337588,1,"IOTHUB_CLIENT_CONFIRMATION_OK"
2837,10407337752,10407337789,1,"IOTHUB_CLIENT_CONFIRMATION_OK"
2838,10407337952,10407337994,1,"IOTHUB_CLIENT_CONFIRMATION_OK"
2839,10407338152,10407338428,1,"IOTHUB_CLIENT_CONFIRMATION_OK"
2840,10407338352,10407338467,1,"IOTHUB_CLIENT_CONFIRMATION_OK"
2841,10407338552,10407338611,1,"IOTHUB_CLIENT_CONFIRMATION_OK"
2842,10407338753,10407338794,1,"IOTHUB_CLIENT_CONFIRMATION_OK"
2843,10407338953,10407339021,1,"IOTHUB_CLIENT_CONFIRMATION_OK"
2844,10407339153,10407339214,1,"IOTHUB_CLIENT_CONFIRMATION_OK"
2845,10407339353,10407339451,1,"IOTHUB_CLIENT_CONFIRMATION_OK"
2846,10407339553,10407339592,1,"IOTHUB_CLIENT_CONFIRMATION_OK"
2847,10407339753,10407339800,1,"IOTHUB_CLIENT_CONFIRMATION_OK"
2848,10407339954,10407339990,1,"IOTHUB_CLIENT_CONFIRMATION_OK"
2849,10407340154,10407340202,1,"IOTHUB_CLIENT_CONFIRMATION_OK"
2850,10407340354,10407340399,1,"IOTHUB_CLIENT_CONFIRMATION_OK"
2851,10407340554,10407340601,1,"IOTHUB_CLIENT_CONFIRMATION_OK"
2852,10407340754,10407340871,1,"IOTHUB_CLIENT_CONFIRMATION_OK"
2853,10407340954,10407341018,1,"IOTHUB_CLIENT_CONFIRMATION_OK"
2854,10407341154,10407341397,1,"IOTHUB_CLIENT_CONFIRMATION_OK"
2855,10407341355,10407341456,1,"IOTHUB_CLIENT_CONFIRMATION_OK"
2856,10407341555,10407341644,1,"IOTHUB_CLIENT_CONFIRMATION_OK"
2857,10407341755,10407341790,1,"IOTHUB_CLIENT_CONFIRMATION_OK"
2858,10407341955,10407342008,1,"IOTHUB_CLIENT_CONFIRMATION_OK"
2859,10407342155,10407342207,1,"IOTHUB_CLIENT_CONFIRMATION_OK"
2860,10407342355,10407342403,1,"IOTHUB_CLIENT_CONFIRMATION_OK"
2861,10407342556,10407342605,1,"IOTHUB_CLIENT_CONFIRMATION_OK"
2862,10407342756,10407342797,1,"IOTHUB_CLIENT_CONFIRMATION_OK"
2863,10407342956,10407343039,1,"IOTHUB_CLIENT_CONFIRMATION_OK"
2864,10407343156,10407343196,1,"IOTHUB_CLIENT_CONFIRMATION_OK"
2865,10407343356,10407343406,1,"IOTHUB_CLIENT_CONFIRMATION_OK"
2866,10407343556,10407343691,1,"IOTHUB_CLIENT_CONFIRMATION_OK"
2867,10407343757,10407343802,1,"IOTHUB_CLIENT_CONFIRMATION_OK"
2868,10407343957,10407344028,1,"IOTHUB_CLIENT_CONFIRMATION_OK"
2869,10407344157,10407344197,1,"IOTHUB_CLIENT_CONFIRMATION_OK"
2870,10407344357,10407344438,1,"IOTHUB_CLIENT_CONFIRMATION_OK"
2871,10407344557,10407344604,1,"IOTHUB_CLIENT_CONFIRMATION_OK"
2872,10407344757,10407344799,1,"IOTHUB_CLIENT_CONFIRMATION_OK"
2873,10407344958,10407345004,1,"IOTHUB_CLIENT_CONFIRMATION_OK"
2874,10407345158,10407345202,1,"IOTHUB_CLIENT_CONFIRMATION_OK"
2875,10407345358,10407345396,1,"IOTHUB_CLIENT_CONFIRMATION_OK"
2876,10407345558,10407345715,1,"IOTHUB_CLIENT_CONFIRMATION_OK"
2877,10407345758,10407345832,1,"IOTHUB_CLIENT_CONFIRMATION_OK"
2878,10407345958,10407346029,1,"IOTHUB_CLIENT_CONFIRMATION_OK"
2879,10407346159,10407346199,1,"IOTHUB_CLIENT_CONFIRMATION_OK"
2880,10407346359,10407346403,1,"IOTHUB_CLIENT_CONFIRMATION_OK"
2881,10407346559,10407346603,1,"IOTHUB_CLIENT_CONFIRMATION_OK"
2882,10407346759,10407346803,1,"IOTHUB_CLIENT_CONFIRMATION_OK"
2883,10407346959,10407347016,1,"IOTHUB_CLIENT_CONFIRMATION_OK"
2884,10407347159,10407347211,1,"IOTHUB_CLIENT_CONFIRMATION_OK"
2885,10407347359,10407347439,1,"IOTHUB_CLIENT_CONFIRMATION_OK"
2886,10407347560,10407347597,1,"IOTHUB_CLIENT_CONFIRMATION_OK"
2887,10407347760,10407347801,1,"IOTHUB_CLIENT_CONFIRMATION_OK"
2888,10407347960,10407348006,1,"IOTHUB_CLIENT_CONFIRMATION_OK"
2889,10407348160,10407348211,1,"IOTHUB_CLIENT_CONFIRMATION_OK"
2890,10407348360,10407348418,1,"IOTHUB_CLIENT_CONFIRMATION_OK"
2891,10407348560,10407348611,1,"IOTHUB_CLIENT_CONFIRMATION_OK"
2892,10407348761,10407348814,1,"IOTHUB_CLIENT_CONFIRMATION_OK"
2893,10407348961,10407349009,1,"IOTHUB_CLIENT_CONFIRMATION_OK"
2894,10407349161,10407349212,1,"IOTHUB_CLIENT_CONFIRMATION_OK"
2895,10407349361,10407349417,1,"IOTHUB_CLIENT_CONFIRMATION_OK"
2896,10407349561,10407349602,1,"IOTHUB_CLIENT_CONFIRMATION_OK"
2897,10407349761,10407349800,1,"IOTHUB_CLIENT_CONFIRMATION_OK"
2898,10407349962,10407350005,1,"IOTHUB_CLIENT_CONFIRMATION_OK"
2899,10407350162,10407350235,1,"IOTHUB_CLIENT_CONFIRMATION_OK"
2900,10407350362,10407350411,1,"IOTHUB_CLIENT_CONFIRMATION_OK"
2901,10407350562,10407350609,1,"IOTHUB_CLIENT_CONFIRMATION_OK"
2902,10407350762,10407350802,1,"IOTHUB_CLIENT_CONFIRMATION_OK"
2903,10407350962,10407351013,1,"IOTHUB_CLIENT_CONFIRMATION_OK"
2904,10407351163,10407351214,1,"IOTHUB_CLIENT_CONFIRMATION_OK"
2905,10407351363,10407351402,1,"IOTHUB_CLIENT_CONFIRMATION_OK"
2906,10407351563,10407351668,1,"IOTHUB_CLIENT_CONFIRMATION_OK"
2907,10407351763,10407351817,1,"IOTHUB_CLIENT_CONFIRMATION_OK"
2908,10407351963,10407351999,1,"IOTHUB_CLIENT_CONFIRMATION_OK"
2909,10407352163,10407352220,1,"IOTHUB_CLIENT_CONFIRMATION_OK"
2910,10407352364,10407352399,1,"IOTHUB_CLIENT_CONFIRMATION_OK"
2911,10407352564,10407352615,1,"IOTHUB_CLIENT_CONFIRMATION_OK"
2912,10407352764,10407352821,1,"IOTHUB_CLIENT_CONFIRMATION_OK"
2913,10407352964,10407353011,1,"IOTHUB_CLIENT_CONFIRMATION_OK"
2914,10407353164,10407353263,1,"IOTHUB_CLIENT_CONFIRMATION_OK"
2915,10407353364,10407353413,1,"IOTHUB_CLIENT_CONFIRMATION_OK"
2916,10407353565,10407353712,1,"IOTHUB_CLIENT_CONFIRMATION_OK"
2917,10407353765,10407353817,1,"IOTHUB_CLIENT_CONFIRMATION_OK"
2918,10407353965,10407354027,1,"IOTHUB_CLIENT_CONFIRMATION_OK"
2919,10407354165,10407354208,1,"IOTHUB_CLIENT_CONFIRMATION_OK"
2920,10407354365,10407354430,1,"IOTHUB_CLIENT_CONFIRMATION_OK"
2921,10407354565,10407354609,1,"IOTHUB_CLIENT_CONFIRMATION_OK"
2922,10407354765,10407354803,1,"IOTHUB_CLIENT_CONFIRMATION_OK"
2923,10407354966,10407355004,1,"IOTHUB_CLIENT_CONFIRMATION_OK"
2924,10407355166,10407355254,1,"IOTHUB_CLIENT_CONFIRMATION_OK"
2925,10407355366,10407355409,1,"IOTHUB_CLIENT_CONFIRMATION_OK"
2926,10407355566,10407355615,1,"IOTHUB_CLIENT_CONFIRMATION_OK"
2927,10407355766,10407355835,1,"IOTHUB_CLIENT_CONFIRMATION_OK"
2928,10407355966,10407356015,1,"IOTHUB_CLIENT_CONFIRMATION_OK"
2929,10407356167,10407356250,1,"IOTHUB_CLIENT_CONFIRMATION_OK"
2930,10407356367,10407356411,1,"IOTHUB_CLIENT_CONFIRMATION_OK"
2931,10407356567,10407356612,1,"IOTHUB_CLIENT_CONFIRMATION_OK"
2932,10407356767,10407356809,1,"IOTHUB_CLIENT_CONFIRMATION_OK"
2933,10407356967,10407357025,1,"IOTHUB_CLIENT_CONFIRMATION_OK"
2934,10407357167,10407357223,1,"IOTHUB_CLIENT_CONFIRMATION_OK"
2935,10407357368,10407357409,1,"IOTHUB_CLIENT_CONFIRMATION_OK"
2936,10407357568,10407357628,1,"IOTHUB_CLIENT_CONFIRMATION_OK"
2937,10407357768,10407357812,1,"IOTHUB_CLIENT_CONFIRMATION_OK"
2938,10407357968,10407358019,1,"IOTHUB_CLIENT_CONFIRMATION_OK"
2939,10407358168,10407358219,1,"IOTHUB_CLIENT_CONFIRMATION_OK"
2940,10407358368,10407358423,1,"IOTHUB_CLIENT_CONFIRMATION_OK"
2941,10407358569,10407358606,1,"IOTHUB_CLIENT_CONFIRMATION_OK"
2942,10407358769,10407358872,1,"IOTHUB_CLIENT_CONFIRMATION_OK"
2943,10407358969,10407359018,1,"IOTHUB_CLIENT_CONFIRMATION_OK"
2944,10407359169,10407359252,1,"IOTHUB_CLIENT_CONFIRMATION_OK"
2945,10407359369,10407359417,1,"IOTHUB_CLIENT_CONFIRMATION_OK"
2946,10407359569,10407359688,1,"IOTHUB_CLIENT_CONFIRMATION_OK"
2947,10407359770,10407359839,1,"IOTHUB_CLIENT_CONFIRMATION_OK"
2948,10407359970,10407360010,1,"IOTHUB_CLIENT_CONFIRMATION_OK"
2949,10407360170,10407360218,1,"IOTHUB_CLIENT_CONFIRMATION_OK"
2950,10407360370,10407360411,1,"IOTHUB_CLIENT_CONFIRMATION_OK"
2951,10407360570,10407360632,1,"IOTHUB_CLIENT_CONFIRMATION_OK"
2952,10407360770,10407360814,1,"IOTHUB_CLIENT_CONFIRMATION_OK"
2953,10407360971,10407361108,1,"IOTHUB_CLIENT_CONFIRMATION_OK"
2954,10407361171,10407361260,1,"IOTHUB_CLIENT_CONFIRMATION_OK"
2955,10407361371,10407361418,1,"IOTHUB_CLIENT_CONFIRMATION_OK"
2956,10407361571,10407361731,1,"IOTHUB_CLIENT_CONFIRMATION_OK"
2957,10407361771,10407361821,1,"IOTHUB_CLIENT_CONFIRMATION_OK"
2958,10407361971,10407362010,1,"IOTHUB_CLIENT_CONFIRMATION_OK"
2959,10407362172,10407362240,1,"IOTHUB_CLIENT_CONFIRMATION_OK"
2960,10407362372,10407362459,1,"IOTHUB_CLIENT_CONFIRMATION_OK"
2961,10407362572,10407362634,1,"IOTHUB_CLIENT_CONFIRMATION_OK"
2962,10407362772,10407362847,1,"IOTHUB_CLIENT_CONFIRMATION_OK"
2963,10407362972,10407363073,1,"IOTHUB_CLIENT_CONFIRMATION_OK"
2964,10407363172,10407363231,1,"IOTHUB_CLIENT_CONFIRMATION_OK"
2965,10407363373,10407363412,1,"IOTHUB_CLIENT_CONFIRMATION_OK"
2966,10407363573,10407363658,1,"IOTHUB_CLIENT_CONFIRMATION_OK"
2967,10407363773,10407363826,1,"IOTHUB_CLIENT_CONFIRMATION_OK"
2968,10407363973,10407364052,1,"IOTHUB_CLIENT_CONFIRMATION_OK"
2969,10407364173,10407364216,1,"IOTHUB_CLIENT_CONFIRMATION_OK"
2970,10407364373,10407364434,1,"IOTHUB_CLIENT_CONFIRMATION_OK"
2971,10407364574,10407364614,1,"IOTHUB_CLIENT_CONFIRMATION_OK"
2972,10407364774,10407364833,1,"IOTHUB_CLIENT_CONFIRMATION_OK"
2973,10407364974,10407365068,1,"IOTHUB_CLIENT_CONFIRMATION_OK"
2974,10407365174,10407365218,1,"IOTHUB_CLIENT_CONFIRMATION_OK"
2975,10407365374,10407365426,1,"IOTHUB_CLIENT_CONFIRMATION_OK"
2976,10407365574,10407365681,1,"IOTHUB_CLIENT_CONFIRMATION_OK"
2977,10407365775,10407365821,1,"IOTHUB_CLIENT_CONFIRMATION_OK"
2978,10407365975,10407366015,1,"IOTHUB_CLIENT_CONFIRMATION_OK"
2979,10407366175,10407366218,1,"IOTHUB_CLIENT_CONFIRMATION_OK"
2980,10407366375,10407366415,1,"IOTHUB_CLIENT_CONFIRMATION_OK"
2981,10407366575,10407366619,1,"IOTHUB_CLIENT_CONFIRMATION_OK"
2982,10407366775,10407366830,1,"IOTHUB_CLIENT_CONFIRMATION_OK"
2983,10407366975,10407367011,1,"IOTHUB_CLIENT_CONFIRMATION_OK"
2984,10407367176,10407367216,1,"IOTHUB_CLIENT_CONFIRMATION_OK"
2985,10407367376,10407367430,1,"IOTHUB_CLIENT_CONFIRMATION_OK"
2986,10407367576,10407367719,1,"IOTHUB_CLIENT_CONFIRMATION_OK"
2987,10407367776,10407367831,1,"IOTHUB_CLIENT_CONFIRMATION_OK"
2988,10407367976,10407368024,1,"IOTHUB_CLIENT_CONFIRMATION_OK"
2989,10407368176,10407368212,1,"IOTHUB_CLIENT_CONFIRMATION_OK"
2990,10407368377,10407368437,1,"IOTHUB_CLIENT_CONFIRMATION_OK"
2991,10407368577,10407368818,1,"IOTHUB_CLIENT_CONFIRMATION_OK"
2992,10407368777,10407368861,1,"IOTHUB_CLIENT_CONFIRMATION_OK"
2993,10407368977,10407369009,1,"IOTHUB_CLIENT_CONFIRMATION_OK"
2994,10407369177,10407369226,1,"IOTHUB_CLIENT_CONFIRMATION_OK"
2995,10407369377,10407369421,1,"IOTHUB_CLIENT_CONFIRMATION_OK"
2996,10407369578,10407369630,1,"IOTHUB_CLIENT_CONFIRMATION_OK"
2997,10407369778,10407369824,1,"IOTHUB_CLIENT_CONFIRMATION_OK"
2998,10407369978,10407370049,1,"IOTHUB_CLIENT_CONFIRMATION_OK"
2999,10407370178,10407370343,1,"IOTHUB_CLIENT_CONFIRMATION_OK"
3000,10407370378,10407370423,1,"IOTHUB_CLIENT_CONFIRMATION_OK"
3001,10407370578,10407370667,1,"IOTHUB_CLIENT_CONFIRMATION_OK"
3002,10407370779,10407370830,1,"IOTHUB_CLIENT_CONFIRMATION_OK"
3003,10407370979,10407371023,1,"IOTHUB_CLIENT_CONFIRMATION_OK"
3004,10407371179,10407371237,1,"IOTHUB_CLIENT_CONFIRMATION_OK"
3005,10407371379,10407371433,1,"IOTHUB_CLIENT_CONFIRMATION_OK"
3006,10407371579,10407371649,1,"IOTHUB_CLIENT_CONFIRMATION_OK"
3007,10407371779,10407371827,1,"IOTHUB_CLIENT_CONFIRMATION_OK"
3008,10407371980,10407372028,1,"IOTHUB_CLIENT_CONFIRMATION_OK"
3009,10407372180,10407372219,1,"IOTHUB_CLIENT_CONFIRMATION_OK"
3010,10407372380,10407372433,1,"IOTHUB_CLIENT_CONFIRMATION_OK"
3011,10407372580,10407372629,1,"IOTHUB_CLIENT_CONFIRMATION_OK"
3012,10407372780,10407372839,1,"IOTHUB_CLIENT_CONFIRMATION_OK"
3013,10407372980,10407373047,1,"IOTHUB_CLIENT_CONFIRMATION_OK"
3014,10407373181,10407373218,1,"IOTHUB_CLIENT_CONFIRMATION_OK"
3015,10407373381,10407373429,1,"IOTHUB_CLIENT_CONFIRMATION_OK"
3016,10407373581,10407373671,1,"IOTHUB_CLIENT_CONFIRMATION_OK"
3017,10407373781,10407373849,1,"IOTHUB_CLIENT_CONFIRMATION_OK"
3018,10407373981,10407374033,1,"IOTHUB_CLIENT_CONFIRMATION_OK"
3019,10407374181,10407374228,1,"IOTHUB_CLIENT_CONFIRMATION_OK"
3020,10407374382,10407374454,1,"IOTHUB_CLIENT_CONFIRMATION_OK"
3021,10407374582,10407374639,1,"IOTHUB_CLIENT_CONFIRMATION_OK"
3022,10407374782,10407374826,1,"IOTHUB_CLIENT_CONFIRMATION_OK"
3023,10407374982,10407375219,1,"IOTHUB_CLIENT_CONFIRMATION_OK"
3024,10407375182,10407375243,1,"IOTHUB_CLIENT_CONFIRMATION_OK"
3025,10407375382,10407375435,1,"IOTHUB_CLIENT_CONFIRMATION_OK"
3026,10407375582,10407375720,1,"IOTHUB_CLIENT_CONFIRMATION_OK"
3027,10407375783,10407375865,1,"IOTHUB_CLIENT_CONFIRMATION_OK"
3028,10407375983,10407376048,1,"IOTHUB_CLIENT_CONFIRMATION_OK"
3029,10407376183,10407376234,1,"IOTHUB_CLIENT_CONFIRMATION_OK"
3030,10407376383,10407376428,1,"IOTHUB_CLIENT_CONFIRMATION_OK"
3031,10407376583,10407376619,1,"IOTHUB_CLIENT_CONFIRMATION_OK"
3032,10407376783,10407376820,1,"IOTHUB_CLIENT_CONFIRMATION_OK"
3033,10407376984,10407377036,1,"IOTHUB_CLIENT_CONFIRMATION_OK"
3034,10407377184,10407377266,1,"IOTHUB_CLIENT_CONFIRMATION_OK"
3035,10407377384,10407377431,1,"IOTHUB_CLIENT_CONFIRMATION_OK"
3036,10407377584,10407377753,1,"IOTHUB_CLIENT_CONFIRMATION_OK"
3037,10407377784,10407377825,1,"IOTHUB_CLIENT_CONFIRMATION_OK"
3038,10407377984,10407378029,1,"IOTHUB_CLIENT_CONFIRMATION_OK"
3039,10407378185,10407378240,1,"IOTHUB_CLIENT_CONFIRMATION_OK"
3040,10407378385,10407378434,1,"IOTHUB_CLIENT_CONFIRMATION_OK"
3041,10407378585,10407378630,1,"IOTHUB_CLIENT_CONFIRMATION_OK"
3042,10407378785,10407378825,1,"IOTHUB_CLIENT_CONFIRMATION_OK"
3043,10407378985,10407379029,1,"IOTHUB_CLIENT_CONFIRMATION_OK"
3044,10407379185,10407379243,1,"IOTHUB_CLIENT_CONFIRMATION_OK"
3045,10407379385,10407379430,1,"IOTHUB_CLIENT_CONFIRMATION_OK"
3046,10407379586,10407379661,1,"IOTHUB_CLIENT_CONFIRMATION_OK"
3047,10407379786,10407379841,1,"IOTHUB_CLIENT_CONFIRMATION_OK"
3048,10407379986,10407380035,1,"IOTHUB_CLIENT_CONFIRMATION_OK"
3049,10407380186,10407380232,1,"IOTHUB_CLIENT_CONFIRMATION_OK"
3050,10407380386,10407380444,1,"IOTHUB_CLIENT_CONFIRMATION_OK"
3051,10407380587,10407380638,1,"IOTHUB_CLIENT_CONFIRMATION_OK"
3052,10407380787,10407380841,1,"IOTHUB_CLIENT_CONFIRMATION_OK"
3053,10407380987,10407381044,1,"IOTHUB_CLIENT_CONFIRMATION_OK"
3054,10407381187,10407381230,1,"IOTHUB_CLIENT_CONFIRMATION_OK"
3055,10407381387,10407381449,1,"IOTHUB_CLIENT_CONFIRMATION_OK"
3056,10407381587,10407381650,1,"IOTHUB_CLIENT_CONFIRMATION_OK"
3057,10407381788,10407381828,1,"IOTHUB_CLIENT_CONFIRMATION_OK"
3058,10407381988,10407382035,1,"IOTHUB_CLIENT_CONFIRMATION_OK"
3059,10407382188,10407382239,1,"IOTHUB_CLIENT_CONFIRMATION_OK"
3060,10407382388,10407382436,1,"IOTHUB_CLIENT_CONFIRMATION_OK"
3061,10407382588,10407382627,1,"IOTHUB_CLIENT_CONFIRMATION_OK"
3062,10407382788,10407382842,1,"IOTHUB_CLIENT_CONFIRMATION_OK"
3063,10407382989,10407383308,1,"IOTHUB_CLIENT_CONFIRMATION_OK"
3064,10407383189,10407383365,1,"IOTHUB_CLIENT_CONFIRMATION_OK"
3065,10407383389,10407383445,1,"IOTHUB_CLIENT_CONFIRMATION_OK"
3066,10407383589,10407383784,1,"IOTHUB_CLIENT_CONFIRMATION_OK"
3067,10407383789,10407383846,1,"IOTHUB_CLIENT_CONFIRMATION_OK"
3068,10407383989,10407384040,1,"IOTHUB_CLIENT_CONFIRMATION_OK"
3069,10407384190,10407384233,1,"IOTHUB_CLIENT_CONFIRMATION_OK"
3070,10407384390,10407384461,1,"IOTHUB_CLIENT_CONFIRMATION_OK"
3071,10407384590,10407384632,1,"IOTHUB_CLIENT_CONFIRMATION_OK"
3072,10407384790,10407384864,1,"IOTHUB_CLIENT_CONFIRMATION_OK"
3073,10407384990,10407385031,1,"IOTHUB_CLIENT_CONFIRMATION_OK"
3074,10407385190,10407385239,1,"IOTHUB_CLIENT_CONFIRMATION_OK"
3075,10407385391,10407385461,1,"IOTHUB_CLIENT_CONFIRMATION_OK"
3076,10407385591,10407385631,1,"IOTHUB_CLIENT_CONFIRMATION_OK"
3077,10407385791,10407385903,1,"IOTHUB_CLIENT_CONFIRMATION_OK"
3078,10407385991,10407386038,1,"IOTHUB_CLIENT_CONFIRMATION_OK"
3079,10407386191,10407386230,1,"IOTHUB_CLIENT_CONFIRMATION_OK"
3080,10407386391,10407386435,1,"IOTHUB_CLIENT_CONFIRMATION_OK"
3081,10407386592,10407386627,1,"IOTHUB_CLIENT_CONFIRMATION_OK"
3082,10407386792,10407386845,1,"IOTHUB_CLIENT_CONFIRMATION_OK"
3083,10407386992,10407387210,1,"IOTHUB_CLIENT_CONFIRMATION_OK"
3084,10407387192,10407387239,1,"IOTHUB_CLIENT_CONFIRMATION_OK"
3085,10407387392,10407387438,1,"IOTHUB_CLIENT_CONFIRMATION_OK"
3086,10407387592,10407387644,1,"IOTHUB_CLIENT_CONFIRMATION_OK"
3087,10407387793,10407387891,1,"IOTHUB_CLIENT_CONFIRMATION_OK"
3088,10407387993,10407388037,1,"IOTHUB_CLIENT_CONFIRMATION_OK"
3089,10407388193,10407388253,1,"IOTHUB_CLIENT_CONFIRMATION_OK"
3090,10407388393,10407388443,1,"IOTHUB_CLIENT_CONFIRMATION_OK"
3091,10407388593,10407388631,1,"IOTHUB_CLIENT_CONFIRMATION_OK"
3092,10407388793,10407388835,1,"IOTHUB_CLIENT_CONFIRMATION_OK"
3093,10407388994,10407389073,1,"IOTHUB_CLIENT_CONFIRMATION_OK"
3094,10407389194,10407389258,1,"IOTHUB_CLIENT_CONFIRMATION_OK"
3095,10407389394,10407389436,1,"IOTHUB_CLIENT_CONFIRMATION_OK"
3096,10407389594,10407389677,1,"IOTHUB_CLIENT_CONFIRMATION_OK"
3097,10407389794,10407389849,1,"IOTHUB_CLIENT_CONFIRMATION_OK"
3098,10407389994,10407390038,1,"IOTHUB_CLIENT_CONFIRMATION_OK"
3099,10407390194,10407390242,1,"IOTHUB_CLIENT_CONFIRMATION_OK"
3100,10407390395,10407390458,1,"IOTHUB_CLIENT_CONFIRMATION_OK"
3101,10407390595,10407390637,1,"IOTHUB_CLIENT_CONFIRMATION_OK"
3102,10407390795,10407390829,1,"IOTHUB_CLIENT_CONFIRMATION_OK"
3103,10407390995,10407391095,1,"IOTHUB_CLIENT_CONFIRMATION_OK"
3104,10407391195,10407391250,1,"IOTHUB_CLIENT_CONFIRMATION_OK"
3105,10407391396,10407391445,1,"IOTHUB_CLIENT_CONFIRMATION_OK"
3106,10407391596,10407391723,1,"IOTHUB_CLIENT_CONFIRMATION_OK"
3107,10407391796,10407391847,1,"IOTHUB_CLIENT_CONFIRMATION_OK"
3108,10407391996,10407392045,1,"IOTHUB_CLIENT_CONFIRMATION_OK"
3109,10407392196,10407392247,1,"IOTHUB_CLIENT_CONFIRMATION_OK"
3110,10407392396,10407392479,1,"IOTHUB_CLIENT_CONFIRMATION_OK"
3111,10407392596,10407392679,1,"IOTHUB_CLIENT_CONFIRMATION_OK"
3112,10407392797,10407392854,1,"IOTHUB_CLIENT_CONFIRMATION_OK"
3113,10407392997,10407393087,1,"IOTHUB_CLIENT_CONFIRMATION_OK"
3114,10407393197,10407393250,1,"IOTHUB_CLIENT_CONFIRMATION_OK"
3115,10407393397,10407393451,1,"IOTHUB_CLIENT_CONFIRMATION_OK"
3116,10407393597,10407393686,1,"IOTHUB_CLIENT_CONFIRMATION_OK"
3117,10407393797,10407393852,1,"IOTHUB_CLIENT_CONFIRMATION_OK"
3118,10407393998,10407394084,1,"IOTHUB_CLIENT_CONFIRMATION_OK"
3119,10407394198,10407394237,1,"IOTHUB_CLIENT_CONFIRMATION_OK"
3120,10407394398,10407394436,1,"IOTHUB_CLIENT_CONFIRMATION_OK"
3121,10407394598,10407394647,1,"IOTHUB_CLIENT_CONFIRMATION_OK"
3122,10407394798,10407394851,1,"IOTHUB_CLIENT_CONFIRMATION_OK"
3123,10407394999,10407395139,1,"IOTHUB_CLIENT_CONFIRMATION_OK"
3124,10407395199,10407395237,1,"IOTHUB_CLIENT_CONFIRMATION_OK"
3125,10407395399,10407395442,1,"IOTHUB_CLIENT_CONFIRMATION_OK"
3126,10407395599,10407395718,1,"IOTHUB_CLIENT_CONFIRMATION_OK"
3127,10407395799,10407395853,1,"IOTHUB_CLIENT_CONFIRMATION_OK"
3128,10407395999,10407396050,1,"IOTHUB_CLIENT_CONFIRMATION_OK"
3129,10407396200,10407396242,1,"IOTHUB_CLIENT_CONFIRMATION_OK"
3130,10407396400,10407396454,1,"IOTHUB_CLIENT_CONFIRMATION_OK"
3131,10407396600,10407396683,1,"IOTHUB_CLIENT_CONFIRMATION_OK"
3132,10407396800,10407396842,1,"IOTHUB_CLIENT_CONFIRMATION_OK"
3133,10407397000,10407397072,1,"IOTHUB_CLIENT_CONFIRMATION_OK"
3134,10407397200,10407397237,1,"IOTHUB_CLIENT_CONFIRMATION_OK"
3135,10407397400,10407397451,1,"IOTHUB_CLIENT_CONFIRMATION_OK"
3136,10407397601,10407397650,1,"IOTHUB_CLIENT_CONFIRMATION_OK"
3137,10407397801,10407397841,1,"IOTHUB_CLIENT_CONFIRMATION_OK"
3138,10407398001,10407398033,1,"IOTHUB_CLIENT_CONFIRMATION_OK"
3139,10407398201,10407398258,1,"IOTHUB_CLIENT_CONFIRMATION_OK"
3140,10407398401,10407398456,1,"IOTHUB_CLIENT_CONFIRMATION_OK"
3141,10407398601,10407398822,1,"IOTHUB_CLIENT_CONFIRMATION_OK"
3142,10407398802,10407398995,1,"IOTHUB_CLIENT_CONFIRMATION_OK"
3143,10407399002,10407399085,1,"IOTHUB_CLIENT_CONFIRMATION_OK"
3144,10407399202,10407399246,1,"IOTHUB_CLIENT_CONFIRMATION_OK"
3145,10407399402,10407399440,1,"IOTHUB_CLIENT_CONFIRMATION_OK"
3146,10407399602,10407399726,1,"IOTHUB_CLIENT_CONFIRMATION_OK"
3147,10407399802,10407399843,1,"IOTHUB_CLIENT_CONFIRMATION_OK"
3148,10407400003,10407400060,1,"IOTHUB_CLIENT_CONFIRMATION_OK"
3149,10407400203,10407400270,1,"IOTHUB_CLIENT_CONFIRMATION_OK"
3150,10407400403,10407400456,1,"IOTHUB_CLIENT_CONFIRMATION_OK"
3151,10407400603,10407400652,1,"IOTHUB_CLIENT_CONFIRMATION_OK"
3152,10407400803,10407400846,1,"IOTHUB_CLIENT_CONFIRMATION_OK"
3153,10407401003,10407401080,1,"IOTHUB_CLIENT_CONFIRMATION_OK"
3154,10407401204,10407401274,1,"IOTHUB_CLIENT_CONFIRMATION_OK"
3155,10407401404,10407401455,1,"IOTHUB_CLIENT_CONFIRMATION_OK"
3156,10407401604,10407401726,1,"IOTHUB_CLIENT_CONFIRMATION_OK"
3157,10407401804,10407401858,1,"IOTHUB_CLIENT_CONFIRMATION_OK"
3158,10407402004,10407402063,1,"IOTHUB_CLIENT_CONFIRMATION_OK"
3159,10407402204,10407402256,1,"IOTHUB_CLIENT_CONFIRMATION_OK"
3160,10407402405,10407402501,1,"IOTHUB_CLIENT_CONFIRMATION_OK"
3161,10407402605,10407402644,1,"IOTHUB_CLIENT_CONFIRMATION_OK"
3162,10407402805,10407402845,1,"IOTHUB_CLIENT_CONFIRMATION_OK"
3163,10407403005,10407403051,1,"IOTHUB_CLIENT_CONFIRMATION_OK"
3164,10407403205,10407403273,1,"IOTHUB_CLIENT_CONFIRMATION_OK"
3165,10407403405,10407403508,1,"IOTHUB_CLIENT_CONFIRMATION_OK"
3166,10407403605,10407403771,1,"IOTHUB_CLIENT_CONFIRMATION_OK"
3167,10407403806,10407403860,1,"IOTHUB_CLIENT_CONFIRMATION_OK"
3168,10407404006,10407404048,1,"IOTHUB_CLIENT_CONFIRMATION_OK"
3169,10407404206,10407404250,1,"IOTHUB_CLIENT_CONFIRMATION_OK"
3170,10407404406,10407404540,1,"IOTHUB_CLIENT_CONFIRMATION_OK"
3171,10407404606,10407404650,1,"IOTHUB_CLIENT_CONFIRMATION_OK"
3172,10407404807,10407404922,1,"IOTHUB_CLIENT_CONFIRMATION_OK"
3173,10407405007,10407405043,1,"IOTHUB_CLIENT_CONFIRMATION_OK"
3174,10407405207,10407405249,1,"IOTHUB_CLIENT_CONFIRMATION_OK"
3175,10407405407,10407405442,1,"IOTHUB_CLIENT_CONFIRMATION_OK"
3176,10407405607,10407405665,1,"IOTHUB_CLIENT_CONFIRMATION_OK"
3177,10407405807,10407405861,1,"IOTHUB_CLIENT_CONFIRMATION_OK"
3178,10407406007,10407406048,1,"IOTHUB_CLIENT_CONFIRMATION_OK"
3179,10407406208,10407406247,1,"IOTHUB_CLIENT_CONFIRMATION_OK"
3180,10407406408,10407406446,1,"IOTHUB_CLIENT_CONFIRMATION_OK"
3181,10407406608,10407406648,1,"IOTHUB_CLIENT_CONFIRMATION_OK"
3182,10407406808,10407406867,1,"IOTHUB_CLIENT_CONFIRMATION_OK"
3183,10407407008,10407407080,1,"IOTHUB_CLIENT_CONFIRMATION_OK"
3184,10407407209,10407407255,1,"IOTHUB_CLIENT_CONFIRMATION_OK"
3185,10407407409,10407407452,1,"IOTHUB_CLIENT_CONFIRMATION_OK"
3186,10407407609,10407407669,1,"IOTHUB_CLIENT_CONFIRMATION_OK"
3187,10407407809,10407407893,1,"IOTHUB_CLIENT_CONFIRMATION_OK"
3188,10407408009,10407408049,1,"IOTHUB_CLIENT_CONFIRMATION_OK"
3189,10407408209,10407408268,1,"IOTHUB_CLIENT_CONFIRMATION_OK"
3190,10407408410,10407408456,1,"IOTHUB_CLIENT_CONFIRMATION_OK"
3191,10407408610,10407408663,1,"IOTHUB_CLIENT_CONFIRMATION_OK"
3192,10407408810,10407408954,1,"IOTHUB_CLIENT_CONFIRMATION_OK"
3193,10407409010,10407409194,1,"IOTHUB_CLIENT_CONFIRMATION_OK"
3194,10407409210,10407409253,1,"IOTHUB_CLIENT_CONFIRMATION_OK"
3195,10407409410,10407409453,1,"IOTHUB_CLIENT_CONFIRMATION_OK"
3196,10407409610,10407409872,1,"IOTHUB_CLIENT_CONFIRMATION_OK"
3197,10407409811,10407409924,1,"IOTHUB_CLIENT_CONFIRMATION_OK"
3198,10407410011,10407410051,1,"IOTHUB_CLIENT_CONFIRMATION_OK"
3199,10407410211,10407410255,1,"IOTHUB_CLIENT_CONFIRMATION_OK"
3200,10407410411,10407410471,1,"IOTHUB_CLIENT_CONFIRMATION_OK"
3201,10407410611,10407410665,1,"IOTHUB_CLIENT_CONFIRMATION_OK"
3202,10407410811,10407410857,1,"IOTHUB_CLIENT_CONFIRMATION_OK"
3203,10407411012,10407411094,1,"IOTHUB_CLIENT_CONFIRMATION_OK"
3204,10407411212,10407411256,1,"IOTHUB_CLIENT_CONFIRMATION_OK"
3205,10407411412,10407411456,1,"IOTHUB_CLIENT_CONFIRMATION_OK"
3206,10407411612,10407411754,1,"IOTHUB_CLIENT_CONFIRMATION_OK"
3207,10407411812,10407411847,1,"IOTHUB_CLIENT_CONFIRMATION_OK"
3208,10407412012,10407412079,1,"IOTHUB_CLIENT_CONFIRMATION_OK"
3209,10407412212,10407412265,1,"IOTHUB_CLIENT_CONFIRMATION_OK"
3210,10407412413,10407412461,1,"IOTHUB_CLIENT_CONFIRMATION_OK"
3211,10407412613,10407412665,1,"IOTHUB_CLIENT_CONFIRMATION_OK"
3212,10407412813,10407412860,1,"IOTHUB_CLIENT_CONFIRMATION_OK"
3213,10407413013,10407413067,1,"IOTHUB_CLIENT_CONFIRMATION_OK"
3214,10407413213,10407413262,1,"IOTHUB_CLIENT_CONFIRMATION_OK"
3215,10407413413,10407413459,1,"IOTHUB_CLIENT_CONFIRMATION_OK"
3216,10407413614,10407413660,1,"IOTHUB_CLIENT_CONFIRMATION_OK"
3217,10407413814,10407413865,1,"IOTHUB_CLIENT_CONFIRMATION_OK"
3218,10407414014,10407414061,1,"IOTHUB_CLIENT_CONFIRMATION_OK"
3219,10407414214,10407414259,1,"IOTHUB_CLIENT_CONFIRMATION_OK"
3220,10407414414,10407414451,1,"IOTHUB_CLIENT_CONFIRMATION_OK"
3221,10407414614,10407414673,1,"IOTHUB_CLIENT_CONFIRMATION_OK"
3222,10407414815,10407414861,1,"IOTHUB_CLIENT_CONFIRMATION_OK"
3223,10407415015,10407415112,1,"IOTHUB_CLIENT_CONFIRMATION_OK"
3224,10407415215,10407415259,1,"IOTHUB_CLIENT_CONFIRMATION_OK"
3225,10407415415,10407415461,1,"IOTHUB_CLIENT_CONFIRMATION_OK"
3226,10407415615,10407415709,1,"IOTHUB_CLIENT_CONFIRMATION_OK"
3227,10407415815,10407415868,1,"IOTHUB_CLIENT_CONFIRMATION_OK"
3228,10407416015,10407416058,1,"IOTHUB_CLIENT_CONFIRMATION_OK"
3229,10407416216,10407416322,1,"IOTHUB_CLIENT_CONFIRMATION_OK"
3230,10407416416,10407416474,1,"IOTHUB_CLIENT_CONFIRMATION_OK"
3231,10407416616,10407416669,1,"IOTHUB_CLIENT_CONFIRMATION_OK"
3232,10407416816,10407416854,1,"IOTHUB_CLIENT_CONFIRMATION_OK"
3233,10407417016,10407417070,1,"IOTHUB_CLIENT_CONFIRMATION_OK"
3234,10407417216,10407417260,1,"IOTHUB_CLIENT_CONFIRMATION_OK"
3235,10407417417,10407417476,1,"IOTHUB_CLIENT_CONFIRMATION_OK"
3236,10407417617,10407417762,1,"IOTHUB_CLIENT_CONFIRMATION_OK"
3237,10407417817,10407417862,1,"IOTHUB_CLIENT_CONFIRMATION_OK"
3238,10407418017,10407418162,1,"IOTHUB_CLIENT_CONFIRMATION_OK"
3239,10407418217,10407418255,1,"IOTHUB_CLIENT_CONFIRMATION_OK"
3240,10407418417,10407418472,1,"IOTHUB_CLIENT_CONFIRMATION_OK"
3241,10407418618,10407418669,1,"IOTHUB_CLIENT_CONFIRMATION_OK"
3242,10407418818,10407418862,1,"IOTHUB_CLIENT_CONFIRMATION_OK"
3243,10407419018,10407419071,1,"IOTHUB_CLIENT_CONFIRMATION_OK"
3244,10407419218,10407419297,1,"IOTHUB_CLIENT_CONFIRMATION_OK"
3245,10407419418,10407419461,1,"IOTHUB_CLIENT_CONFIRMATION_OK"
3246,10407419618,10407419804,1,"IOTHUB_CLIENT_CONFIRMATION_OK"
3247,10407419818,10407419855,1,"IOTHUB_CLIENT_CONFIRMATION_OK"
3248,10407420019,10407420064,1,"IOTHUB_CLIENT_CONFIRMATION_OK"
3249,10407420219,10407420270,1,"IOTHUB_CLIENT_CONFIRMATION_OK"
3250,10407420419,10407420467,1,"IOTHUB_CLIENT_CONFIRMATION_OK"
3251,10407420619,10407420670,1,"IOTHUB_CLIENT_CONFIRMATION_OK"
3252,10407420819,10407420889,1,"IOTHUB_CLIENT_CONFIRMATION_OK"
3253,10407421019,10407421069,1,"IOTHUB_CLIENT_CONFIRMATION_OK"
3254,10407421220,10407421279,1,"IOTHUB_CLIENT_CONFIRMATION_OK"
3255,10407421420,10407421480,1,"IOTHUB_CLIENT_CONFIRMATION_OK"
3256,10407421620,10407421657,1,"IOTHUB_CLIENT_CONFIRMATION_OK"
3257,10407421820,10407421871,1,"IOTHUB_CLIENT_CONFIRMATION_OK"
3258,10407422020,10407422064,1,"IOTHUB_CLIENT_CONFIRMATION_OK"
3259,10407422220,10407422259,1,"IOTHUB_CLIENT_CONFIRMATION_OK"
3260,10407422421,10407422467,1,"IOTHUB_CLIENT_CONFIRMATION_OK"
3261,10407422621,10407422663,1,"IOTHUB_CLIENT_CONFIRMATION_OK"
3262,10407422821,10407422879,1,"IOTHUB_CLIENT_CONFIRMATION_OK"
3263,10407423021,10407423065,1,"IOTHUB_CLIENT_CONFIRMATION_OK"
3264,10407423221,10407423274,1,"IOTHUB_CLIENT_CONFIRMATION_OK"
3265,10407423421,10407423459,1,"IOTHUB_CLIENT_CONFIRMATION_OK"
3266,10407423621,10407423677,1,"IOTHUB_CLIENT_CONFIRMATION_OK"
3267,10407423822,10407423976,1,"IOTHUB_CLIENT_CONFIRMATION_OK"
3268,10407424022,10407424060,1,"IOTHUB_CLIENT_CONFIRMATION_OK"
3269,10407424222,10407424258,1,"IOTHUB_CLIENT_CONFIRMATION_OK"
3270,10407424422,10407424474,1,"IOTHUB_CLIENT_CONFIRMATION_OK"
3271,10407424622,10407424676,1,"IOTHUB_CLIENT_CONFIRMATION_OK"
3272,10407424822,10407424910,1,"IOTHUB_CLIENT_CONFIRMATION_OK"
3273,10407425023,10407425115,1,"IOTHUB_CLIENT_CONFIRMATION_OK"
3274,10407425223,10407425270,1,"IOTHUB_CLIENT_CONFIRMATION_OK"
3275,10407425423,10407425486,1,"IOTHUB_CLIENT_CONFIRMATION_OK"
3276,10407425623,10407425717,1,"IOTHUB_CLIENT_CONFIRMATION_OK"
3277,10407425823,10407425869,1,"IOTHUB_CLIENT_CONFIRMATION_OK"
3278,10407426023,10407426063,1,"IOTHUB_CLIENT_CONFIRMATION_OK"
3279,10407426224,10407426279,1,"IOTHUB_CLIENT_CONFIRMATION_OK"
3280,10407426424,10407426476,1,"IOTHUB_CLIENT_CONFIRMATION_OK"
3281,10407426624,10407426672,1,"IOTHUB_CLIENT_CONFIRMATION_OK"
3282,10407426824,10407426915,1,"IOTHUB_CLIENT_CONFIRMATION_OK"
3283,10407427024,10407427113,1,"IOTHUB_CLIENT_CONFIRMATION_OK"
3284,10407427224,10407427291,1,"IOTHUB_CLIENT_CONFIRMATION_OK"
3285,10407427424,10407427467,1,"IOTHUB_CLIENT_CONFIRMATION_OK"
3286,10407427625,10407427780,1,"IOTHUB_CLIENT_CONFIRMATION_OK"
3287,10407427825,10407427872,1,"IOTHUB_CLIENT_CONFIRMATION_OK"
3288,10407428025,10407428067,1,"IOTHUB_CLIENT_CONFIRMATION_OK"
3289,10407428225,10407428262,1,"IOTHUB_CLIENT_CONFIRMATION_OK"
3290,10407428425,10407428494,1,"IOTHUB_CLIENT_CONFIRMATION_OK"
3291,10407428625,10407428678,1,"IOTHUB_CLIENT_CONFIRMATION_OK"
3292,10407428826,10407428885,1,"IOTHUB_CLIENT_CONFIRMATION_OK"
3293,10407429026,10407429082,1,"IOTHUB_CLIENT_CONFIRMATION_OK"
3294,10407429226,10407429270,1,"IOTHUB_CLIENT_CONFIRMATION_OK"
3295,10407429426,10407429594,1,"IOTHUB_CLIENT_CONFIRMATION_OK"
3296,10407429626,10407429822,1,"IOTHUB_CLIENT_CONFIRMATION_OK"
3297,10407429826,10407429867,1,"IOTHUB_CLIENT_CONFIRMATION_OK"
3298,10407430027,10407430063,1,"IOTHUB_CLIENT_CONFIRMATION_OK"
3299,10407430227,10407430282,1,"IOTHUB_CLIENT_CONFIRMATION_OK"
3300,10407430427,10407430475,1,"IOTHUB_CLIENT_CONFIRMATION_OK"
3301,10407430627,10407430670,1,"IOTHUB_CLIENT_CONFIRMATION_OK"
3302,10407430827,10407430876,1,"IOTHUB_CLIENT_CONFIRMATION_OK"
3303,10407431027,10407431068,1,"IOTHUB_CLIENT_CONFIRMATION_OK"
3304,10407431227,10407431293,1,"IOTHUB_CLIENT_CONFIRMATION_OK"
3305,10407431428,10407431498,1,"IOTHUB_CLIENT_CONFIRMATION_OK"
3306,10407431628,10407431676,1,"IOTHUB_CLIENT_CONFIRMATION_OK"
3307,10407431828,10407431874,1,"IOTHUB_CLIENT_CONFIRMATION_OK"
3308,10407432028,10407432136,1,"IOTHUB_CLIENT_CONFIRMATION_OK"
3309,10407432228,10407432272,1,"IOTHUB_CLIENT_CONFIRMATION_OK"
3310,10407432430,10407432488,1,"IOTHUB_CLIENT_CONFIRMATION_OK"
3311,10407432630,10407432697,1,"IOTHUB_CLIENT_CONFIRMATION_OK"
3312,10407432830,10407432897,1,"IOTHUB_CLIENT_CONFIRMATION_OK"
3313,10407433031,10407433101,1,"IOTHUB_CLIENT_CONFIRMATION_OK"
3314,10407433231,10407433270,1,"IOTHUB_CLIENT_CONFIRMATION_OK"
3315,10407433431,10407433474,1,"IOTHUB_CLIENT_CONFIRMATION_OK"
3316,10407433631,10407433710,1,"IOTHUB_CLIENT_CONFIRMATION_OK"
3317,10407433831,10407433910,1,"IOTHUB_CLIENT_CONFIRMATION_OK"
3318,10407434031,10407434096,1,"IOTHUB_CLIENT_CONFIRMATION_OK"
3319,10407434232,10407434272,1,"IOTHUB_CLIENT_CONFIRMATION_OK"
3320,10407434432,10407434469,1,"IOTHUB_CLIENT_CONFIRMATION_OK"
3321,10407434632,10407434673,1,"IOTHUB_CLIENT_CONFIRMATION_OK"
3322,10407434832,10407434872,1,"IOTHUB_CLIENT_CONFIRMATION_OK"
3323,10407435032,10407435173,1,"IOTHUB_CLIENT_CONFIRMATION_OK"
3324,10407435232,10407435390,1,"IOTHUB_CLIENT_CONFIRMATION_OK"
3325,10407435432,10407435491,1,"IOTHUB_CLIENT_CONFIRMATION_OK"
3326,10407435633,10407435800,1,"IOTHUB_CLIENT_CONFIRMATION_OK"
3327,10407435833,10407435875,1,"IOTHUB_CLIENT_CONFIRMATION_OK"
3328,10407436033,10407436091,1,"IOTHUB_CLIENT_CONFIRMATION_OK"
3329,10407436233,10407436284,1,"IOTHUB_CLIENT_CONFIRMATION_OK"
3330,10407436433,10407436489,1,"IOTHUB_CLIENT_CONFIRMATION_OK"
3331,10407436633,10407436677,1,"IOTHUB_CLIENT_CONFIRMATION_OK"
3332,10407436834,10407436872,1,"IOTHUB_CLIENT_CONFIRMATION_OK"
3333,10407437034,10407437076,1,"IOTHUB_CLIENT_CONFIRMATION_OK"
3334,10407437234,10407437281,1,"IOTHUB_CLIENT_CONFIRMATION_OK"
3335,10407437434,10407437490,1,"IOTHUB_CLIENT_CONFIRMATION_OK"
3336,10407437634,10407437698,1,"IOTHUB_CLIENT_CONFIRMATION_OK"
3337,10407437834,10407437887,1,"IOTHUB_CLIENT_CONFIRMATION_OK"
3338,10407438034,10407438078,1,"IOTHUB_CLIENT_CONFIRMATION_OK"
3339,10407438235,10407438290,1,"IOTHUB_CLIENT_CONFIRMATION_OK"
3340,10407438435,10407438501,1,"IOTHUB_CLIENT_CONFIRMATION_OK"
3341,10407438635,10407438681,1,"IOTHUB_CLIENT_CONFIRMATION_OK"
3342,10407438835,10407438879,1,"IOTHUB_CLIENT_CONFIRMATION_OK"
3343,10407439035,10407439104,1,"IOTHUB_CLIENT_CONFIRMATION_OK"
3344,10407439235,10407439296,1,"IOTHUB_CLIENT_CONFIRMATION_OK"
3345,10407439435,10407439489,1,"IOTHUB_CLIENT_CONFIRMATION_OK"
3346,10407439636,10407439711,1,"IOTHUB_CLIENT_CONFIRMATION_OK"
3347,10407439836,10407439887,1,"IOTHUB_CLIENT_CONFIRMATION_OK"
3348,10407440036,10407440100,1,"IOTHUB_CLIENT_CONFIRMATION_OK"
3349,10407440236,10407440294,1,"IOTHUB_CLIENT_CONFIRMATION_OK"
3350,10407440436,10407440493,1,"IOTHUB_CLIENT_CONFIRMATION_OK"
3351,10407440636,10407440678,1,"IOTHUB_CLIENT_CONFIRMATION_OK"
3352,10407440837,10407440960,1,"IOTHUB_CLIENT_CONFIRMATION_OK"
3353,10407441037,10407441210,1,"IOTHUB_CLIENT_CONFIRMATION_OK"
3354,10407441237,10407441278,1,"IOTHUB_CLIENT_CONFIRMATION_OK"
3355,10407441437,10407441491,1,"IOTHUB_CLIENT_CONFIRMATION_OK"
3356,10407441637,10407441882,1,"IOTHUB_CLIENT_CONFIRMATION_OK"
3357,10407441837,10407441897,1,"IOTHUB_CLIENT_CONFIRMATION_OK"
3358,10407442037,10407442083,1,"IOTHUB_CLIENT_CONFIRMATION_OK"
3359,10407442238,10407442297,1,"IOTHUB_CLIENT_CONFIRMATION_OK"
3360,10407442438,10407442486,1,"IOTHUB_CLIENT_CONFIRMATION_OK"
3361,10407442638,10407442679,1,"IOTHUB_CLIENT_CONFIRMATION_OK"
3362,10407442838,10407442879,1,"IOTHUB_CLIENT_CONFIRMATION_OK"
3363,10407443038,10407443094,1,"IOTHUB_CLIENT_CONFIRMATION_OK"
3364,10407443238,10407443283,1,"IOTHUB_CLIENT_CONFIRMATION_OK"
3365,10407443439,10407443496,1,"IOTHUB_CLIENT_CONFIRMATION_OK"
3366,10407443639,10407443686,1,"IOTHUB_CLIENT_CONFIRMATION_OK"
3367,10407443839,10407443878,1,"IOTHUB_CLIENT_CONFIRMATION_OK"
3368,10407444039,10407444076,1,"IOTHUB_CLIENT_CONFIRMATION_OK"
3369,10407444239,10407444314,1,"IOTHUB_CLIENT_CONFIRMATION_OK"
3370,10407444439,10407444495,1,"IOTHUB_CLIENT_CONFIRMATION_OK"
3371,10407444640,10407444695,1,"IOTHUB_CLIENT_CONFIRMATION_OK"
3372,10407444840,10407444896,1,"IOTHUB_CLIENT_CONFIRMATION_OK"
3373,10407445040,10407445124,1,"IOTHUB_CLIENT_CONFIRMATION_OK"
3374,10407445240,10407445289,1,"IOTHUB_CLIENT_CONFIRMATION_OK"
3375,10407445440,10407445479,1,"IOTHUB_CLIENT_CONFIRMATION_OK"
3376,10407445640,10407445742,1,"IOTHUB_CLIENT_CONFIRMATION_OK"
3377,10407445841,10407445904,1,"IOTHUB_CLIENT_CONFIRMATION_OK"
3378,10407446041,10407446114,1,"IOTHUB_CLIENT_CONFIRMATION_OK"
3379,10407446241,10407446289,1,"IOTHUB_CLIENT_CONFIRMATION_OK"
3380,10407446441,10407446479,1,"IOTHUB_CLIENT_CONFIRMATION_OK"
3381,10407446641,10407446701,1,"IOTHUB_CLIENT_CONFIRMATION_OK"
3382,10407446841,10407446891,1,"IOTHUB_CLIENT_CONFIRMATION_OK"
3383,10407447041,10407447110,1,"IOTHUB_CLIENT_CONFIRMATION_OK"
3384,10407447242,10407447303,1,"IOTHUB_CLIENT_CONFIRMATION_OK"
3385,10407447442,10407447491,1,"IOTHUB_CLIENT_CONFIRMATION_OK"
3386,10407447642,10407447782,1,"IOTHUB_CLIENT_CONFIRMATION_OK"
3387,10407447842,10407447906,1,"IOTHUB_CLIENT_CONFIRMATION_OK"
3388,10407448042,10407448187,1,"IOTHUB_CLIENT_CONFIRMATION_OK"
3389,10407448242,10407448291,1,"IOTHUB_CLIENT_CONFIRMATION_OK"
3390,10407448443,10407448484,1,"IOTHUB_CLIENT_CONFIRMATION_OK"
3391,10407448643,10407448682,1,"IOTHUB_CLIENT_CONFIRMATION_OK"
3392,10407448843,10407448889,1,"IOTHUB_CLIENT_CONFIRMATION_OK"
3393,10407449043,10407449142,1,"IOTHUB_CLIENT_CONFIRMATION_OK"
3394,10407449243,10407449280,1,"IOTHUB_CLIENT_CONFIRMATION_OK"
3395,10407449443,10407449478,1,"IOTHUB_CLIENT_CONFIRMATION_OK"
3396,10407449644,10407449800,1,"IOTHUB_CLIENT_CONFIRMATION_OK"
3397,10407449844,10407449903,1,"IOTHUB_CLIENT_CONFIRMATION_OK"
3398,10407450044,10407450092,1,"IOTHUB_CLIENT_CONFIRMATION_OK"
3399,10407450244,10407450281,1,"IOTHUB_CLIENT_CONFIRMATION_OK"
3400,10407450444,10407450491,1,"IOTHUB_CLIENT_CONFIRMATION_OK"
3401,10407450644,10407450694,1,"IOTHUB_CLIENT_CONFIRMATION_OK"
3402,10407450844,10407450888,1,"IOTHUB_CLIENT_CONFIRMATION_OK"
3403,10407451045,10407451087,1,"IOTHUB_CLIENT_CONFIRMATION_OK"
3404,10407451245,10407451284,1,"IOTHUB_CLIENT_CONFIRMATION_OK"
3405,10407451445,10407451498,1,"IOTHUB_CLIENT_CONFIRMATION_OK"
3406,10407451645,10407451694,1,"IOTHUB_CLIENT_CONFIRMATION_OK"
3407,10407451845,10407451917,1,"IOTHUB_CLIENT_CONFIRMATION_OK"
3408,10407452045,10407452111,1,"IOTHUB_CLIENT_CONFIRMATION_OK"
3409,10407452245,10407452327,1,"IOTHUB_CLIENT_CONFIRMATION_OK"
3410,10407452446,10407452492,1,"IOTHUB_CLIENT_CONFIRMATION_OK"
3411,10407452646,10407452687,1,"IOTHUB_CLIENT_CONFIRMATION_OK"
3412,10407452846,10407452890,1,"IOTHUB_CLIENT_CONFIRMATION_OK"
3413,10407453046,10407453134,1,"IOTHUB_CLIENT_CONFIRMATION_OK"
3414,10407453246,10407453312,1,"IOTHUB_CLIENT_CONFIRMATION_OK"
3415,10407453446,10407453530,1,"IOTHUB_CLIENT_CONFIRMATION_OK"
3416,10407453647,10407453733,1,"IOTHUB_CLIENT_CONFIRMATION_OK"
3417,10407453847,10407453903,1,"IOTHUB_CLIENT_CONFIRMATION_OK"
3418,10407454047,10407454091,1,"IOTHUB_CLIENT_CONFIRMATION_OK"
3419,10407454247,10407454295,1,"IOTHUB_CLIENT_CONFIRMATION_OK"
3420,10407454447,10407454492,1,"IOTHUB_CLIENT_CONFIRMATION_OK"
3421,10407454647,10407454701,1,"IOTHUB_CLIENT_CONFIRMATION_OK"
3422,10407454848,10407454902,1,"IOTHUB_CLIENT_CONFIRMATION_OK"
3423,10407455048,10407455117,1,"IOTHUB_CLIENT_CONFIRMATION_OK"
3424,10407455248,10407455296,1,"IOTHUB_CLIENT_CONFIRMATION_OK"
3425,10407455448,10407455525,1,"IOTHUB_CLIENT_CONFIRMATION_OK"
3426,10407455648,10407455772,1,"IOTHUB_CLIENT_CONFIRMATION_OK"
3427,10407455848,10407455888,1,"IOTHUB_CLIENT_CONFIRMATION_OK"
3428,10407456049,10407456088,1,"IOTHUB_CLIENT_CONFIRMATION_OK"
3429,10407456249,10407456287,1,"IOTHUB_CLIENT_CONFIRMATION_OK"
3430,10407456449,10407456496,1,"IOTHUB_CLIENT_CONFIRMATION_OK"
3431,10407456649,10407456701,1,"IOTHUB_CLIENT_CONFIRMATION_OK"
3432,10407456849,10407456898,1,"IOTHUB_CLIENT_CONFIRMATION_OK"
3433,10407457049,10407457163,1,"IOTHUB_CLIENT_CONFIRMATION_OK"
3434,10407457249,10407457292,1,"IOTHUB_CLIENT_CONFIRMATION_OK"
3435,10407457450,10407457524,1,"IOTHUB_CLIENT_CONFIRMATION_OK"
3436,10407457650,10407457764,1,"IOTHUB_CLIENT_CONFIRMATION_OK"
3437,10407457850,10407457892,1,"IOTHUB_CLIENT_CONFIRMATION_OK"
3438,10407458050,10407458099,1,"IOTHUB_CLIENT_CONFIRMATION_OK"
3439,10407458250,10407458288,1,"IOTHUB_CLIENT_CONFIRMATION_OK"
3440,10407458450,10407458494,1,"IOTHUB_CLIENT_CONFIRMATION_OK"
3441,10407458650,10407458696,1,"IOTHUB_CLIENT_CONFIRMATION_OK"
3442,10407458851,10407458891,1,"IOTHUB_CLIENT_CONFIRMATION_OK"
3443,10407459051,10407459102,1,"IOTHUB_CLIENT_CONFIRMATION_OK"
3444,10407459251,10407459431,1,"IOTHUB_CLIENT_CONFIRMATION_OK"
3445,10407459451,10407459499,1,"IOTHUB_CLIENT_CONFIRMATION_OK"
3446,10407459651,10407459802,1,"IOTHUB_CLIENT_CONFIRMATION_OK"
3447,10407459851,10407459892,1,"IOTHUB_CLIENT_CONFIRMATION_OK"
3448,10407460052,10407460104,1,"IOTHUB_CLIENT_CONFIRMATION_OK"
3449,10407460252,10407460302,1,"IOTHUB_CLIENT_CONFIRMATION_OK"
3450,10407460452,10407460491,1,"IOTHUB_CLIENT_CONFIRMATION_OK"
3451,10407460652,10407460730,1,"IOTHUB_CLIENT_CONFIRMATION_OK"
3452,10407460852,10407460888,1,"IOTHUB_CLIENT_CONFIRMATION_OK"
3453,10407461052,10407461102,1,"IOTHUB_CLIENT_CONFIRMATION_OK"
3454,10407461253,10407461303,1,"IOTHUB_CLIENT_CONFIRMATION_OK"
3455,10407461453,10407461501,1,"IOTHUB_CLIENT_CONFIRMATION_OK"
3456,10407461653,10407461696,1,"IOTHUB_CLIENT_CONFIRMATION_OK"
3457,10407461853,10407461892,1,"IOTHUB_CLIENT_CONFIRMATION_OK"
3458,10407462053,10407462093,1,"IOTHUB_CLIENT_CONFIRMATION_OK"
3459,10407462253,10407462320,1,"IOTHUB_CLIENT_CONFIRMATION_OK"
3460,10407462453,10407462497,1,"IOTHUB_CLIENT_CONFIRMATION_OK"
3461,10407462654,10407462710,1,"IOTHUB_CLIENT_CONFIRMATION_OK"
3462,10407462854,10407462907,1,"IOTHUB_CLIENT_CONFIRMATION_OK"
3463,10407463054,10407463143,1,"IOTHUB_CLIENT_CONFIRMATION_OK"
3464,10407463254,10407463307,1,"IOTHUB_CLIENT_CONFIRMATION_OK"
3465,10407463454,10407463506,1,"IOTHUB_CLIENT_CONFIRMATION_OK"
3466,10407463654,10407463711,1,"IOTHUB_CLIENT_CONFIRMATION_OK"
3467,10407463855,10407463896,1,"IOTHUB_CLIENT_CONFIRMATION_OK"
3468,10407464055,10407464101,1,"IOTHUB_CLIENT_CONFIRMATION_OK"
3469,10407464255,10407464317,1,"IOTHUB_CLIENT_CONFIRMATION_OK"
3470,10407464455,10407464511,1,"IOTHUB_CLIENT_CONFIRMATION_OK"
3471,10407464655,10407464734,1,"IOTHUB_CLIENT_CONFIRMATION_OK"
3472,10407464855,10407464972,1,"IOTHUB_CLIENT_CONFIRMATION_OK"
3473,10407465056,10407465237,1,"IOTHUB_CLIENT_CONFIRMATION_OK"
3474,10407465256,10407465290,1,"IOTHUB_CLIENT_CONFIRMATION_OK"
3475,10407465456,10407465503,1,"IOTHUB_CLIENT_CONFIRMATION_OK"
3476,10407465656,10407465718,1,"IOTHUB_CLIENT_CONFIRMATION_OK"
3477,10407465856,10407465907,1,"IOTHUB_CLIENT_CONFIRMATION_OK"
3478,10407466056,10407466093,1,"IOTHUB_CLIENT_CONFIRMATION_OK"
3479,10407466257,10407466299,1,"IOTHUB_CLIENT_CONFIRMATION_OK"
3480,10407466457,10407466492,1,"IOTHUB_CLIENT_CONFIRMATION_OK"
3481,10407466657,10407466705,1,"IOTHUB_CLIENT_CONFIRMATION_OK"
3482,10407466857,10407466911,1,"IOTHUB_CLIENT_CONFIRMATION_OK"
3483,10407467057,10407467099,1,"IOTHUB_CLIENT_CONFIRMATION_OK"
3484,10407467257,10407467308,1,"IOTHUB_CLIENT_CONFIRMATION_OK"
3485,10407467457,10407467502,1,"IOTHUB_CLIENT_CONFIRMATION_OK"
3486,10407467658,10407467705,1,"IOTHUB_CLIENT_CONFIRMATION_OK"
3487,10407467858,10407467956,1,"IOTHUB_CLIENT_CONFIRMATION_OK"
3488,10407468058,10407468101,1,"IOTHUB_CLIENT_CONFIRMATION_OK"
3489,10407468258,10407468313,1,"IOTHUB_CLIENT_CONFIRMATION_OK"
3490,10407468458,10407468505,1,"IOTHUB_CLIENT_CONFIRMATION_OK"
3491,10407468658,10407468714,1,"IOTHUB_CLIENT_CONFIRMATION_OK"
3492,10407468859,10407468907,1,"IOTHUB_CLIENT_CONFIRMATION_OK"
3493,10407469059,10407469136,1,"IOTHUB_CLIENT_CONFIRMATION_OK"
3494,10407469259,10407469320,1,"IOTHUB_CLIENT_CONFIRMATION_OK"
3495,10407469459,10407469509,1,"IOTHUB_CLIENT_CONFIRMATION_OK"
3496,10407469659,10407469793,1,"IOTHUB_CLIENT_CONFIRMATION_OK"
3497,10407469859,10407469911,1,"IOTHUB_CLIENT_CONFIRMATION_OK"
3498,10407470060,10407470101,1,"IOTHUB_CLIENT_CONFIRMATION_OK"
3499,10407470260,10407470301,1,"IOTHUB_CLIENT_CONFIRMATION_OK"
3500,10407470460,10407470518,1,"IOTHUB_CLIENT_CONFIRMATION_OK"
3501,10407470660,10407470722,1,"IOTHUB_CLIENT_CONFIRMATION_OK"
3502,10407470860,10407470903,1,"IOTHUB_CLIENT_CONFIRMATION_OK"
3503,10407471060,10407471120,1,"IOTHUB_CLIENT_CONFIRMATION_OK"
3504,10407471261,10407471313,1,"IOTHUB_CLIENT_CONFIRMATION_OK"
3505,10407471461,10407471511,1,"IOTHUB_CLIENT_CONFIRMATION_OK"
3506,10407471661,10407471820,1,"IOTHUB_CLIENT_CONFIRMATION_OK"
3507,10407471861,10407471916,1,"IOTHUB_CLIENT_CONFIRMATION_OK"
3508,10407472061,10407472114,1,"IOTHUB_CLIENT_CONFIRMATION_OK"
3509,10407472261,10407472321,1,"IOTHUB_CLIENT_CONFIRMATION_OK"
3510,10407472462,10407472512,1,"IOTHUB_CLIENT_CONFIRMATION_OK"
3511,10407472662,10407472720,1,"IOTHUB_CLIENT_CONFIRMATION_OK"
3512,10407472862,10407472932,1,"IOTHUB_CLIENT_CONFIRMATION_OK"
3513,10407473062,10407473114,1,"IOTHUB_CLIENT_CONFIRMATION_OK"
3514,10407473262,10407473328,1,"IOTHUB_CLIENT_CONFIRMATION_OK"
3515,10407473462,10407473504,1,"IOTHUB_CLIENT_CONFIRMATION_OK"
3516,10407473663,10407473722,1,"IOTHUB_CLIENT_CONFIRMATION_OK"
3517,10407473863,10407473921,1,"IOTHUB_CLIENT_CONFIRMATION_OK"
3518,10407474063,10407474109,1,"IOTHUB_CLIENT_CONFIRMATION_OK"
3519,10407474263,10407474316,1,"IOTHUB_CLIENT_CONFIRMATION_OK"
3520,10407474463,10407474522,1,"IOTHUB_CLIENT_CONFIRMATION_OK"
3521,10407474663,10407474708,1,"IOTHUB_CLIENT_CONFIRMATION_OK"
3522,10407474863,10407474919,1,"IOTHUB_CLIENT_CONFIRMATION_OK"
3523,10407475064,10407475115,1,"IOTHUB_CLIENT_CONFIRMATION_OK"
3524,10407475264,10407475308,1,"IOTHUB_CLIENT_CONFIRMATION_OK"
3525,10407475464,10407475507,1,"IOTHUB_CLIENT_CONFIRMATION_OK"
3526,10407475664,10407475706,1,"IOTHUB_CLIENT_CONFIRMATION_OK"
3527,10407475864,10407475903,1,"IOTHUB_CLIENT_CONFIRMATION_OK"
3528,10407476064,10407476181,1,"IOTHUB_CLIENT_CONFIRMATION_OK"
3529,10407476265,10407476299,1,"IOTHUB_CLIENT_CONFIRMATION_OK"
3530,10407476465,10407476505,1,"IOTHUB_CLIENT_CONFIRMATION_OK"
3531,10407476665,10407476714,1,"IOTHUB_CLIENT_CONFIRMATION_OK"
3532,10407476865,10407476903,1,"IOTHUB_CLIENT_CONFIRMATION_OK"
3533,10407477065,10407477114,1,"IOTHUB_CLIENT_CONFIRMATION_OK"
3534,10407477265,10407477315,1,"IOTHUB_CLIENT_CONFIRMATION_OK"
3535,10407477465,10407477542,1,"IOTHUB_CLIENT_CONFIRMATION_OK"
3536,10407477666,10407477834,1,"IOTHUB_CLIENT_CONFIRMATION_OK"
3537,10407477866,10407477915,1,"IOTHUB_CLIENT_CONFIRMATION_OK"
3538,10407478066,10407478135,1,"IOTHUB_CLIENT_CONFIRMATION_OK"
3539,10407478266,10407478314,1,"IOTHUB_CLIENT_CONFIRMATION_OK"
3540,10407478466,10407478501,1,"IOTHUB_CLIENT_CONFIRMATION_OK"
3541,10407478666,10407478702,1,"IOTHUB_CLIENT_CONFIRMATION_OK"
3542,10407478867,10407478922,1,"IOTHUB_CLIENT_CONFIRMATION_OK"
3543,10407479067,10407479113,1,"IOTHUB_CLIENT_CONFIRMATION_OK"
3544,10407479267,10407479338,1,"IOTHUB_CLIENT_CONFIRMATION_OK"
3545,10407479467,10407479534,1,"IOTHUB_CLIENT_CONFIRMATION_OK"
3546,10407479667,10407479724,1,"IOTHUB_CLIENT_CONFIRMATION_OK"
3547,10407479867,10407479922,1,"IOTHUB_CLIENT_CONFIRMATION_OK"
3548,10407480067,10407480110,1,"IOTHUB_CLIENT_CONFIRMATION_OK"
3549,10407480268,10407480346,1,"IOTHUB_CLIENT_CONFIRMATION_OK"
3550,10407480468,10407480552,1,"IOTHUB_CLIENT_CONFIRMATION_OK"
3551,10407480668,10407480723,1,"IOTHUB_CLIENT_CONFIRMATION_OK"
3552,10407480868,10407480914,1,"IOTHUB_CLIENT_CONFIRMATION_OK"
3553,10407481068,10407481131,1,"IOTHUB_CLIENT_CONFIRMATION_OK"
3554,10407481268,10407481317,1,"IOTHUB_CLIENT_CONFIRMATION_OK"
3555,10407481469,10407481543,1,"IOTHUB_CLIENT_CONFIRMATION_OK"
3556,10407481669,10407481744,1,"IOTHUB_CLIENT_CONFIRMATION_OK"
3557,10407481869,10407481913,1,"IOTHUB_CLIENT_CONFIRMATION_OK"
3558,10407482069,10407482111,1,"IOTHUB_CLIENT_CONFIRMATION_OK"
3559,10407482269,10407482329,1,"IOTHUB_CLIENT_CONFIRMATION_OK"
3560,10407482469,10407482516,1,"IOTHUB_CLIENT_CONFIRMATION_OK"
3561,10407482670,10407482714,1,"IOTHUB_CLIENT_CONFIRMATION_OK"
3562,10407482870,10407482912,1,"IOTHUB_CLIENT_CONFIRMATION_OK"
3563,10407483070,10407483254,1,"IOTHUB_CLIENT_CONFIRMATION_OK"
3564,10407483270,10407483329,1,"IOTHUB_CLIENT_CONFIRMATION_OK"
3565,10407483470,10407483509,1,"IOTHUB_CLIENT_CONFIRMATION_OK"
3566,10407483670,10407483758,1,"IOTHUB_CLIENT_CONFIRMATION_OK"
3567,10407483871,10407483928,1,"IOTHUB_CLIENT_CONFIRMATION_OK"
3568,10407484071,10407484128,1,"IOTHUB_CLIENT_CONFIRMATION_OK"
3569,10407484271,10407484311,1,"IOTHUB_CLIENT_CONFIRMATION_OK"
3570,10407484471,10407484535,1,"IOTHUB_CLIENT_CONFIRMATION_OK"
3571,10407484671,10407484770,1,"IOTHUB_CLIENT_CONFIRMATION_OK"
3572,10407484871,10407484927,1,"IOTHUB_CLIENT_CONFIRMATION_OK"
3573,10407485071,10407485218,1,"IOTHUB_CLIENT_CONFIRMATION_OK"
3574,10407485272,10407485308,1,"IOTHUB_CLIENT_CONFIRMATION_OK"
3575,10407485472,10407485526,1,"IOTHUB_CLIENT_CONFIRMATION_OK"
3576,10407485672,10407485792,1,"IOTHUB_CLIENT_CONFIRMATION_OK"
3577,10407485872,10407485916,1,"IOTHUB_CLIENT_CONFIRMATION_OK"
3578,10407486072,10407486109,1,"IOTHUB_CLIENT_CONFIRMATION_OK"
3579,10407486272,10407486314,1,"IOTHUB_CLIENT_CONFIRMATION_OK"
3580,10407486473,10407486518,1,"IOTHUB_CLIENT_CONFIRMATION_OK"
3581,10407486673,10407486728,1,"IOTHUB_CLIENT_CONFIRMATION_OK"
3582,10407486873,10407486930,1,"IOTHUB_CLIENT_CONFIRMATION_OK"
3583,10407487073,10407487111,1,"IOTHUB_CLIENT_CONFIRMATION_OK"
3584,10407487273,10407487315,1,"IOTHUB_CLIENT_CONFIRMATION_OK"
3585,10407487473,10407487509,1,"IOTHUB_CLIENT_CONFIRMATION_OK"
3586,10407487674,10407487830,1,"IOTHUB_CLIENT_CONFIRMATION_OK"
3587,10407487874,10407487936,1,"IOTHUB_CLIENT_CONFIRMATION_OK"
3588,10407488074,10407488133,1,"IOTHUB_CLIENT_CONFIRMATION_OK"
3589,10407488274,10407488314,1,"IOTHUB_CLIENT_CONFIRMATION_OK"
3590,10407488474,10407488527,1,"IOTHUB_CLIENT_CONFIRMATION_OK"
3591,10407488674,10407488715,1,"IOTHUB_CLIENT_CONFIRMATION_OK"
3592,10407488874,10407488916,1,"IOTHUB_CLIENT_CONFIRMATION_OK"
3593,10407489075,10407489125,1,"IOTHUB_CLIENT_CONFIRMATION_OK"
3594,10407489275,10407489319,1,"IOTHUB_CLIENT_CONFIRMATION_OK"
3595,10407489475,10407489526,1,"IOTHUB_CLIENT_CONFIRMATION_OK"
3596,10407489675,10407489715,1,"IOTHUB_CLIENT_CONFIRMATION_OK"
3597,10407489875,10407489925,1,"IOTHUB_CLIENT_CONFIRMATION_OK"
3598,10407490075,10407490135,1,"IOTHUB_CLIENT_CONFIRMATION_OK"
3599,10407490275,10407490323,1,"IOTHUB_CLIENT_CONFIRMATION_OK"
3600,10407490476,10407490525,1,"IOTHUB_CLIENT_CONFIRMATION_OK"
3601,10407490676,10407490723,1,"IOTHUB_CLIENT_CONFIRMATION_OK"
3602,10407490876,10407490986,1,"IOTHUB_CLIENT_CONFIRMATION_OK"
3603,10407491076,10407491135,1,"IOTHUB_CLIENT_CONFIRMATION_OK"
3604,10407491276,10407491340,1,"IOTHUB_CLIENT_CONFIRMATION_OK"
3605,10407491476,10407491541,1,"IOTHUB_CLIENT_CONFIRMATION_OK"
3606,10407491677,10407491746,1,"IOTHUB_CLIENT_CONFIRMATION_OK"
3607,10407491877,10407491928,1,"IOTHUB_CLIENT_CONFIRMATION_OK"
3608,10407492077,10407492150,1,"IOTHUB_CLIENT_CONFIRMATION_OK"
3609,10407492277,10407492327,1,"IOTHUB_CLIENT_CONFIRMATION_OK"
3610,10407492477,10407492513,1,"IOTHUB_CLIENT_CONFIRMATION_OK"
3611,10407492677,10407492715,1,"IOTHUB_CLIENT_CONFIRMATION_OK"
3612,10407492878,10407492989,1,"IOTHUB_CLIENT_CONFIRMATION_OK"
3613,10407493078,10407493195,1,"IOTHUB_CLIENT_CONFIRMATION_OK"
3614,10407493278,10407493321,1,"IOTHUB_CLIENT_CONFIRMATION_OK"
3615,10407493478,10407493529,1,"IOTHUB_CLIENT_CONFIRMATION_OK"
3616,10407493678,10407493803,1,"IOTHUB_CLIENT_CONFIRMATION_OK"
3617,10407493878,10407493922,1,"IOTHUB_CLIENT_CONFIRMATION_OK"
3618,10407494079,10407494132,1,"IOTHUB_CLIENT_CONFIRMATION_OK"
3619,10407494279,10407494332,1,"IOTHUB_CLIENT_CONFIRMATION_OK"
3620,10407494479,10407494521,1,"IOTHUB_CLIENT_CONFIRMATION_OK"
3621,10407494679,10407494775,1,"IOTHUB_CLIENT_CONFIRMATION_OK"
3622,10407494879,10407494925,1,"IOTHUB_CLIENT_CONFIRMATION_OK"
3623,10407495079,10407495116,1,"IOTHUB_CLIENT_CONFIRMATION_OK"
3624,10407495279,10407495331,1,"IOTHUB_CLIENT_CONFIRMATION_OK"
3625,10407495480,10407495521,1,"IOTHUB_CLIENT_CONFIRMATION_OK"
3626,10407495680,10407495837,1,"IOTHUB_CLIENT_CONFIRMATION_OK"
3627,10407495880,10407495939,1,"IOTHUB_CLIENT_CONFIRMATION_OK"
3628,10407496080,10407496131,1,"IOTHUB_CLIENT_CONFIRMATION_OK"
3629,10407496280,10407496325,1,"IOTHUB_CLIENT_CONFIRMATION_OK"
3630,10407496480,10407496522,1,"IOTHUB_CLIENT_CONFIRMATION_OK"
3631,10407496681,10407496730,1,"IOTHUB_CLIENT_CONFIRMATION_OK"
3632,10407496881,10407496918,1,"IOTHUB_CLIENT_CONFIRMATION_OK"
3633,10407497081,10407497120,1,"IOTHUB_CLIENT_CONFIRMATION_OK"
3634,10407497281,10407497323,1,"IOTHUB_CLIENT_CONFIRMATION_OK"
3635,10407497481,10407497568,1,"IOTHUB_CLIENT_CONFIRMATION_OK"
3636,10407497681,10407497730,1,"IOTHUB_CLIENT_CONFIRMATION_OK"
3637,10407497881,10407497941,1,"IOTHUB_CLIENT_CONFIRMATION_OK"
3638,10407498082,10407498125,1,"IOTHUB_CLIENT_CONFIRMATION_OK"
3639,10407498282,10407498418,1,"IOTHUB_CLIENT_CONFIRMATION_OK"
3640,10407498482,10407498522,1,"IOTHUB_CLIENT_CONFIRMATION_OK"
3641,10407498682,10407498726,1,"IOTHUB_CLIENT_CONFIRMATION_OK"
3642,10407498882,10407498947,1,"IOTHUB_CLIENT_CONFIRMATION_OK"
3643,10407499082,10407499214,1,"IOTHUB_CLIENT_CONFIRMATION_OK"
3644,10407499283,10407499323,1,"IOTHUB_CLIENT_CONFIRMATION_OK"
3645,10407499483,10407499525,1,"IOTHUB_CLIENT_CONFIRMATION_OK"
3646,10407499683,10407499748,1,"IOTHUB_CLIENT_CONFIRMATION_OK"
3647,10407499883,10407499944,1,"IOTHUB_CLIENT_CONFIRMATION_OK"
3648,10407500083,10407500126,1,"IOTHUB_CLIENT_CONFIRMATION_OK"
3649,10407500283,10407500324,1,"IOTHUB_CLIENT_CONFIRMATION_OK"
3650,10407500483,10407500538,1,"IOTHUB_CLIENT_CONFIRMATION_OK"
3651,10407500684,10407500757,1,"IOTHUB_CLIENT_CONFIRMATION_OK"
3652,10407500884,10407500944,1,"IOTHUB_CLIENT_CONFIRMATION_OK"
3653,10407501084,10407501128,1,"IOTHUB_CLIENT_CONFIRMATION_OK"
3654,10407501284,10407501361,1,"IOTHUB_CLIENT_CONFIRMATION_OK"
3655,10407501484,10407501561,1,"IOTHUB_CLIENT_CONFIRMATION_OK"
3656,10407501684,10407501753,1,"IOTHUB_CLIENT_CONFIRMATION_OK"
3657,10407501885,10407501926,1,"IOTHUB_CLIENT_CONFIRMATION_OK"
3658,10407502085,10407502165,1,"IOTHUB_CLIENT_CONFIRMATION_OK"
3659,10407502285,10407502338,1,"IOTHUB_CLIENT_CONFIRMATION_OK"
3660,10407502485,10407502523,1,"IOTHUB_CLIENT_CONFIRMATION_OK"
3661,10407502685,10407502738,1,"IOTHUB_CLIENT_CONFIRMATION_OK"
3662,10407502885,10407502930,1,"IOTHUB_CLIENT_CONFIRMATION_OK"
3663,10407503086,10407503204,1,"IOTHUB_CLIENT_CONFIRMATION_OK"
3664,10407503286,10407503337,1,"IOTHUB_CLIENT_CONFIRMATION_OK"
3665,10407503486,10407503577,1,"IOTHUB_CLIENT_CONFIRMATION_OK"
3666,10407503686,10407503830,1,"IOTHUB_CLIENT_CONFIRMATION_OK"
3667,10407503886,10407503994,1,"IOTHUB_CLIENT_CONFIRMATION_OK"
3668,10407504086,10407504137,1,"IOTHUB_CLIENT_CONFIRMATION_OK"
3669,10407504286,10407504329,1,"IOTHUB_CLIENT_CONFIRMATION_OK"
3670,10407504487,10407504537,1,"IOTHUB_CLIENT_CONFIRMATION_OK"
3671,10407504687,10407504762,1,"IOTHUB_CLIENT_CONFIRMATION_OK"
3672,10407504887,10407505054,1,"IOTHUB_CLIENT_CONFIRMATION_OK"
3673,10407505087,10407505123,1,"IOTHUB_CLIENT_CONFIRMATION_OK"
3674,10407505287,10407505344,1,"IOTHUB_CLIENT_CONFIRMATION_OK"
3675,10407505487,10407505534,1,"IOTHUB_CLIENT_CONFIRMATION_OK"
3676,10407505688,10407505734,1,"IOTHUB_CLIENT_CONFIRMATION_OK"
3677,10407505888,10407505936,1,"IOTHUB_CLIENT_CONFIRMATION_OK"
3678,10407506088,10407506145,1,"IOTHUB_CLIENT_CONFIRMATION_OK"
3679,10407506288,10407506329,1,"IOTHUB_CLIENT_CONFIRMATION_OK"
3680,10407506488,10407506536,1,"IOTHUB_CLIENT_CONFIRMATION_OK"
3681,10407506688,10407506726,1,"IOTHUB_CLIENT_CONFIRMATION_OK"
3682,10407506889,10407506926,1,"IOTHUB_CLIENT_CONFIRMATION_OK"
3683,10407507089,10407507133,1,"IOTHUB_CLIENT_CONFIRMATION_OK"
3684,10407507289,10407507354,1,"IOTHUB_CLIENT_CONFIRMATION_OK"
3685,10407507489,10407507557,1,"IOTHUB_CLIENT_CONFIRMATION_OK"
3686,10407507689,10407507734,1,"IOTHUB_CLIENT_CONFIRMATION_OK"
3687,10407507889,10407507935,1,"IOTHUB_CLIENT_CONFIRMATION_OK"
3688,10407508090,10407508146,1,"IOTHUB_CLIENT_CONFIRMATION_OK"
3689,10407508290,10407508339,1,"IOTHUB_CLIENT_CONFIRMATION_OK"
3690,10407508490,10407508541,1,"IOTHUB_CLIENT_CONFIRMATION_OK"
3691,10407508690,10407508738,1,"IOTHUB_CLIENT_CONFIRMATION_OK"
3692,10407508890,10407508942,1,"IOTHUB_CLIENT_CONFIRMATION_OK"
3693,10407509090,10407509152,1,"IOTHUB_CLIENT_CONFIRMATION_OK"
3694,10407509290,10407509338,1,"IOTHUB_CLIENT_CONFIRMATION_OK"
3695,10407509491,10407509579,1,"IOTHUB_CLIENT_CONFIRMATION_OK"
3696,10407509691,10407509760,1,"IOTHUB_CLIENT_CONFIRMATION_OK"
3697,10407509891,10407509940,1,"IOTHUB_CLIENT_CONFIRMATION_OK"
3698,10407510091,10407510139,1,"IOTHUB_CLIENT_CONFIRMATION_OK"
3699,10407510291,10407510335,1,"IOTHUB_CLIENT_CONFIRMATION_OK"
3700,10407510491,10407510674,1,"IOTHUB_CLIENT_CONFIRMATION_OK"
3701,10407510692,10407510737,1,"IOTHUB_CLIENT_CONFIRMATION_OK"
3702,10407510892,10407510935,1,"IOTHUB_CLIENT_CONFIRMATION_OK"
3703,10407511092,10407511135,1,"IOTHUB_CLIENT_CONFIRMATION_OK"
3704,10407511292,10407511338,1,"IOTHUB_CLIENT_CONFIRMATION_OK"
3705,10407511492,10407511537,1,"IOTHUB_CLIENT_CONFIRMATION_OK"
3706,10407511692,10407511740,1,"IOTHUB_CLIENT_CONFIRMATION_OK"
3707,10407511893,10407511929,1,"IOTHUB_CLIENT_CONFIRMATION_OK"
3708,10407512093,10407512159,1,"IOTHUB_CLIENT_CONFIRMATION_OK"
3709,10407512293,10407512364,1,"IOTHUB_CLIENT_CONFIRMATION_OK"
3710,10407512493,10407512542,1,"IOTHUB_CLIENT_CONFIRMATION_OK"
3711,10407512693,10407512757,1,"IOTHUB_CLIENT_CONFIRMATION_OK"
3712,10407512893,10407512940,1,"IOTHUB_CLIENT_CONFIRMATION_OK"
3713,10407513094,10407513163,1,"IOTHUB_CLIENT_CONFIRMATION_OK"
3714,10407513294,10407513335,1,"IOTHUB_CLIENT_CONFIRMATION_OK"
3715,10407513494,10407513540,1,"IOTHUB_CLIENT_CONFIRMATION_OK"
3716,10407513694,10407513744,1,"IOTHUB_CLIENT_CONFIRMATION_OK"
3717,10407513894,10407513935,1,"IOTHUB_CLIENT_CONFIRMATION_OK"
3718,10407514094,10407514148,1,"IOTHUB_CLIENT_CONFIRMATION_OK"
3719,10407514295,10407514350,1,"IOTHUB_CLIENT_CONFIRMATION_OK"
3720,10407514495,10407514543,1,"IOTHUB_CLIENT_CONFIRMATION_OK"
3721,10407514695,10407514771,1,"IOTHUB_CLIENT_CONFIRMATION_OK"
3722,10407514895,10407514936,1,"IOTHUB_CLIENT_CONFIRMATION_OK"
3723,10407515095,10407515177,1,"IOTHUB_CLIENT_CONFIRMATION_OK"
3724,10407515295,10407515372,1,"IOTHUB_CLIENT_CONFIRMATION_OK"
3725,10407515495,10407515533,1,"IOTHUB_CLIENT_CONFIRMATION_OK"
3726,10407515696,10407515799,1,"IOTHUB_CLIENT_CONFIRMATION_OK"
3727,10407515896,10407515943,1,"IOTHUB_CLIENT_CONFIRMATION_OK"
3728,10407516096,10407516162,1,"IOTHUB_CLIENT_CONFIRMATION_OK"
3729,10407516296,10407516342,1,"IOTHUB_CLIENT_CONFIRMATION_OK"
3730,10407516496,10407516579,1,"IOTHUB_CLIENT_CONFIRMATION_OK"
3731,10407516696,10407516752,1,"IOTHUB_CLIENT_CONFIRMATION_OK"
3732,10407516897,10407516951,1,"IOTHUB_CLIENT_CONFIRMATION_OK"
3733,10407517097,10407517167,1,"IOTHUB_CLIENT_CONFIRMATION_OK"
3734,10407517297,10407517344,1,"IOTHUB_CLIENT_CONFIRMATION_OK"
3735,10407517497,10407517538,1,"IOTHUB_CLIENT_CONFIRMATION_OK"
3736,10407517697,10407517827,1,"IOTHUB_CLIENT_CONFIRMATION_OK"
3737,10407517897,10407517964,1,"IOTHUB_CLIENT_CONFIRMATION_OK"
3738,10407518098,10407518134,1,"IOTHUB_CLIENT_CONFIRMATION_OK"
3739,10407518298,10407518338,1,"IOTHUB_CLIENT_CONFIRMATION_OK"
3740,10407518498,10407518539,1,"IOTHUB_CLIENT_CONFIRMATION_OK"
3741,10407518698,10407518761,1,"IOTHUB_CLIENT_CONFIRMATION_OK"
3742,10407518898,10407518949,1,"IOTHUB_CLIENT_CONFIRMATION_OK"
3743,10407519098,10407519148,1,"IOTHUB_CLIENT_CONFIRMATION_OK"
3744,10407519299,10407519390,1,"IOTHUB_CLIENT_CONFIRMATION_OK"
3745,10407519499,10407519550,1,"IOTHUB_CLIENT_CONFIRMATION_OK"
3746,10407519699,10407519855,1,"IOTHUB_CLIENT_CONFIRMATION_OK"
3747,10407519899,10407519961,1,"IOTHUB_CLIENT_CONFIRMATION_OK"
3748,10407520099,10407520139,1,"IOTHUB_CLIENT_CONFIRMATION_OK"
3749,10407520299,10407520351,1,"IOTHUB_CLIENT_CONFIRMATION_OK"
3750,10407520499,10407520567,1,"IOTHUB_CLIENT_CONFIRMATION_OK"
3751,10407520700,10407520790,1,"IOTHUB_CLIENT_CONFIRMATION_OK"
3752,10407520900,10407520946,1,"IOTHUB_CLIENT_CONFIRMATION_OK"
3753,10407521100,10407521152,1,"IOTHUB_CLIENT_CONFIRMATION_OK"
3754,10407521300,10407521354,1,"IOTHUB_CLIENT_CONFIRMATION_OK"
3755,10407521500,10407521550,1,"IOTHUB_CLIENT_CONFIRMATION_OK"
3756,10407521700,10407521745,1,"IOTHUB_CLIENT_CONFIRMATION_OK"
3757,10407521901,10407521947,1,"IOTHUB_CLIENT_CONFIRMATION_OK"
3758,10407522101,10407522155,1,"IOTHUB_CLIENT_CONFIRMATION_OK"
3759,10407522301,10407522374,1,"IOTHUB_CLIENT_CONFIRMATION_OK"
3760,10407522501,10407522556,1,"IOTHUB_CLIENT_CONFIRMATION_OK"
3761,10407522701,10407522779,1,"IOTHUB_CLIENT_CONFIRMATION_OK"
3762,10407522901,10407522956,1,"IOTHUB_CLIENT_CONFIRMATION_OK"
3763,10407523102,10407523333,1,"IOTHUB_CLIENT_CONFIRMATION_OK"
3764,10407523302,10407523419,1,"IOTHUB_CLIENT_CONFIRMATION_OK"
3765,10407523502,10407523555,1,"IOTHUB_CLIENT_CONFIRMATION_OK"
3766,10407523702,10407523809,1,"IOTHUB_CLIENT_CONFIRMATION_OK"
3767,10407523902,10407523949,1,"IOTHUB_CLIENT_CONFIRMATION_OK"
3768,10407524102,10407524142,1,"IOTHUB_CLIENT_CONFIRMATION_OK"
3769,10407524303,10407524346,1,"IOTHUB_CLIENT_CONFIRMATION_OK"
3770,10407524503,10407524561,1,"IOTHUB_CLIENT_CONFIRMATION_OK"
3771,10407524703,10407524741,1,"IOTHUB_CLIENT_CONFIRMATION_OK"
3772,10407524903,10407524962,1,"IOTHUB_CLIENT_CONFIRMATION_OK"
3773,10407525103,10407525155,1,"IOTHUB_CLIENT_CONFIRMATION_OK"
3774,10407525303,10407525355,1,"IOTHUB_CLIENT_CONFIRMATION_OK"
3775,10407525504,10407525585,1,"IOTHUB_CLIENT_CONFIRMATION_OK"
3776,10407525704,10407525863,1,"IOTHUB_CLIENT_CONFIRMATION_OK"
3777,10407525904,10407525946,1,"IOTHUB_CLIENT_CONFIRMATION_OK"
3778,10407526104,10407526147,1,"IOTHUB_CLIENT_CONFIRMATION_OK"
3779,10407526304,10407526371,1,"IOTHUB_CLIENT_CONFIRMATION_OK"
3780,10407526504,10407526555,1,"IOTHUB_CLIENT_CONFIRMATION_OK"
3781,10407526705,10407526756,1,"IOTHUB_CLIENT_CONFIRMATION_OK"
3782,10407526905,10407527047,1,"IOTHUB_CLIENT_CONFIRMATION_OK"
3783,10407527105,10407527180,1,"IOTHUB_CLIENT_CONFIRMATION_OK"
3784,10407527305,10407527341,1,"IOTHUB_CLIENT_CONFIRMATION_OK"
3785,10407527505,10407527548,1,"IOTHUB_CLIENT_CONFIRMATION_OK"
3786,10407527705,10407527757,1,"IOTHUB_CLIENT_CONFIRMATION_OK"
3787,10407527905,10407527957,1,"IOTHUB_CLIENT_CONFIRMATION_OK"
3788,10407528106,10407528152,1,"IOTHUB_CLIENT_CONFIRMATION_OK"
3789,10407528306,10407528360,1,"IOTHUB_CLIENT_CONFIRMATION_OK"
3790,10407528506,10407528556,1,"IOTHUB_CLIENT_CONFIRMATION_OK"
3791,10407528706,10407528750,1,"IOTHUB_CLIENT_CONFIRMATION_OK"
3792,10407528906,10407528955,1,"IOTHUB_CLIENT_CONFIRMATION_OK"
3793,10407529106,10407529153,1,"IOTHUB_CLIENT_CONFIRMATION_OK"
3794,10407529307,10407529375,1,"IOTHUB_CLIENT_CONFIRMATION_OK"
3795,10407529507,10407529545,1,"IOTHUB_CLIENT_CONFIRMATION_OK"
3796,10407529707,10407529754,1,"IOTHUB_CLIENT_CONFIRMATION_OK"
3797,10407529907,10407529951,1,"IOTHUB_CLIENT_CONFIRMATION_OK"
3798,10407530107,10407530164,1,"IOTHUB_CLIENT_CONFIRMATION_OK"
3799,10407530307,10407530368,1,"IOTHUB_CLIENT_CONFIRMATION_OK"
3800,10407530507,10407530554,1,"IOTHUB_CLIENT_CONFIRMATION_OK"
3801,10407530708,10407530767,1,"IOTHUB_CLIENT_CONFIRMATION_OK"
3802,10407530908,10407530950,1,"IOTHUB_CLIENT_CONFIRMATION_OK"
3803,10407531108,10407531187,1,"IOTHUB_CLIENT_CONFIRMATION_OK"
3804,10407531308,10407531360,1,"IOTHUB_CLIENT_CONFIRMATION_OK"
3805,10407531508,10407531549,1,"IOTHUB_CLIENT_CONFIRMATION_OK"
3806,10407531708,10407531888,1,"IOTHUB_CLIENT_CONFIRMATION_OK"
3807,10407531908,10407531972,1,"IOTHUB_CLIENT_CONFIRMATION_OK"
3808,10407532109,10407532156,1,"IOTHUB_CLIENT_CONFIRMATION_OK"
3809,10407532309,10407532350,1,"IOTHUB_CLIENT_CONFIRMATION_OK"
3810,10407532509,10407532573,1,"IOTHUB_CLIENT_CONFIRMATION_OK"
3811,10407532709,10407532759,1,"IOTHUB_CLIENT_CONFIRMATION_OK"
3812,10407532909,10407532961,1,"IOTHUB_CLIENT_CONFIRMATION_OK"
3813,10407533109,10407533152,1,"IOTHUB_CLIENT_CONFIRMATION_OK"
3814,10407533310,10407533349,1,"IOTHUB_CLIENT_CONFIRMATION_OK"
3815,10407533510,10407533563,1,"IOTHUB_CLIENT_CONFIRMATION_OK"
3816,10407533710,10407533880,1,"IOTHUB_CLIENT_CONFIRMATION_OK"
3817,10407533910,10407533960,1,"IOTHUB_CLIENT_CONFIRMATION_OK"
3818,10407534110,10407534160,1,"IOTHUB_CLIENT_CONFIRMATION_OK"
3819,10407534310,10407534373,1,"IOTHUB_CLIENT_CONFIRMATION_OK"
3820,10407534511,10407534552,1,"IOTHUB_CLIENT_CONFIRMATION_OK"
3821,10407534711,10407534765,1,"IOTHUB_CLIENT_CONFIRMATION_OK"
3822,10407534911,10407534960,1,"IOTHUB_CLIENT_CONFIRMATION_OK"
3823,10407535111,10407535171,1,"IOTHUB_CLIENT_CONFIRMATION_OK"
3824,10407535311,10407535364,1,"IOTHUB_CLIENT_CONFIRMATION_OK"
3825,10407535511,10407535555,1,"IOTHUB_CLIENT_CONFIRMATION_OK"
3826,10407535711,10407535755,1,"IOTHUB_CLIENT_CONFIRMATION_OK"
3827,10407535912,10407535951,1,"IOTHUB_CLIENT_CONFIRMATION_OK"
3828,10407536112,10407536153,1,"IOTHUB_CLIENT_CONFIRMATION_OK"
3829,10407536312,10407536349,1,"IOTHUB_CLIENT_CONFIRMATION_OK"
3830,10407536512,10407536556,1,"IOTHUB_CLIENT_CONFIRMATION_OK"
3831,10407536712,10407536793,1,"IOTHUB_CLIENT_CONFIRMATION_OK"
3832,10407536912,10407536962,1,"IOTHUB_CLIENT_CONFIRMATION_OK"
3833,10407537113,10407537175,1,"IOTHUB_CLIENT_CONFIRMATION_OK"
3834,10407537313,10407537366,1,"IOTHUB_CLIENT_CONFIRMATION_OK"
3835,10407537513,10407537573,1,"IOTHUB_CLIENT_CONFIRMATION_OK"
3836,10407537713,10407537796,1,"IOTHUB_CLIENT_CONFIRMATION_OK"
3837,10407537913,10407537961,1,"IOTHUB_CLIENT_CONFIRMATION_OK"
3838,10407538113,10407538162,1,"IOTHUB_CLIENT_CONFIRMATION_OK"
3839,10407538313,10407538366,1,"IOTHUB_CLIENT_CONFIRMATION_OK"
3840,10407538514,10407538627,1,"IOTHUB_CLIENT_CONFIRMATION_OK"
3841,10407538714,10407538749,1,"IOTHUB_CLIENT_CONFIRMATION_OK"
3842,10407538914,10407538958,1,"IOTHUB_CLIENT_CONFIRMATION_OK"
3843,10407539114,10407539240,1,"IOTHUB_CLIENT_CONFIRMATION_OK"
3844,10407539314,10407539361,1,"IOTHUB_CLIENT_CONFIRMATION_OK"
3845,10407539514,10407539559,1,"IOTHUB_CLIENT_CONFIRMATION_OK"
3846,10407539715,10407539863,1,"IOTHUB_CLIENT_CONFIRMATION_OK"
3847,10407539915,10407539981,1,"IOTHUB_CLIENT_CONFIRMATION_OK"
3848,10407540115,10407540158,1,"IOTHUB_CLIENT_CONFIRMATION_OK"
3849,10407540315,10407540364,1,"IOTHUB_CLIENT_CONFIRMATION_OK"
3850,10407540515,10407540560,1,"IOTHUB_CLIENT_CONFIRMATION_OK"
3851,10407540715,10407540781,1,"IOTHUB_CLIENT_CONFIRMATION_OK"
3852,10407540916,10407540959,1,"IOTHUB_CLIENT_CONFIRMATION_OK"
3853,10407541116,10407541188,1,"IOTHUB_CLIENT_CONFIRMATION_OK"
3854,10407541316,10407541358,1,"IOTHUB_CLIENT_CONFIRMATION_OK"
3855,10407541516,10407541572,1,"IOTHUB_CLIENT_CONFIRMATION_OK"
3856,10407541716,10407541882,1,"IOTHUB_CLIENT_CONFIRMATION_OK"
3857,10407541916,10407541961,1,"IOTHUB_CLIENT_CONFIRMATION_OK"
3858,10407542116,10407542215,1,"IOTHUB_CLIENT_CONFIRMATION_OK"
3859,10407542317,10407542376,1,"IOTHUB_CLIENT_CONFIRMATION_OK"
3860,10407542517,10407542573,1,"IOTHUB_CLIENT_CONFIRMATION_OK"
3861,10407542717,10407542757,1,"IOTHUB_CLIENT_CONFIRMATION_OK"
3862,10407542917,10407542975,1,"IOTHUB_CLIENT_CONFIRMATION_OK"
3863,10407543117,10407543152,1,"IOTHUB_CLIENT_CONFIRMATION_OK"
3864,10407543317,10407543369,1,"IOTHUB_CLIENT_CONFIRMATION_OK"
3865,10407543518,10407543559,1,"IOTHUB_CLIENT_CONFIRMATION_OK"
3866,10407543718,10407543761,1,"IOTHUB_CLIENT_CONFIRMATION_OK"
3867,10407543918,10407543988,1,"IOTHUB_CLIENT_CONFIRMATION_OK"
3868,10407544118,10407544166,1,"IOTHUB_CLIENT_CONFIRMATION_OK"
3869,10407544318,10407544373,1,"IOTHUB_CLIENT_CONFIRMATION_OK"
3870,10407544518,10407544563,1,"IOTHUB_CLIENT_CONFIRMATION_OK"
3871,10407544719,10407544762,1,"IOTHUB_CLIENT_CONFIRMATION_OK"
3872,10407544919,10407545055,1,"IOTHUB_CLIENT_CONFIRMATION_OK"
3873,10407545119,10407545164,1,"IOTHUB_CLIENT_CONFIRMATION_OK"
3874,10407545319,10407545363,1,"IOTHUB_CLIENT_CONFIRMATION_OK"
3875,10407545519,10407545566,1,"IOTHUB_CLIENT_CONFIRMATION_OK"
3876,10407545719,10407545767,1,"IOTHUB_CLIENT_CONFIRMATION_OK"
3877,10407545919,10407545968,1,"IOTHUB_CLIENT_CONFIRMATION_OK"
3878,10407546120,10407546179,1,"IOTHUB_CLIENT_CONFIRMATION_OK"
3879,10407546320,10407546380,1,"IOTHUB_CLIENT_CONFIRMATION_OK"
3880,10407546520,10407546591,1,"IOTHUB_CLIENT_CONFIRMATION_OK"
3881,10407546720,10407546764,1,"IOTHUB_CLIENT_CONFIRMATION_OK"
3882,10407546920,10407546975,1,"IOTHUB_CLIENT_CONFIRMATION_OK"
3883,10407547120,10407547254,1,"IOTHUB_CLIENT_CONFIRMATION_OK"
3884,10407547321,10407547366,1,"IOTHUB_CLIENT_CONFIRMATION_OK"
3885,10407547521,10407547561,1,"IOTHUB_CLIENT_CONFIRMATION_OK"
3886,10407547721,10407547823,1,"IOTHUB_CLIENT_CONFIRMATION_OK"
3887,10407547921,10407547960,1,"IOTHUB_CLIENT_CONFIRMATION_OK"
3888,10407548121,10407548203,1,"IOTHUB_CLIENT_CONFIRMATION_OK"
3889,10407548321,10407548380,1,"IOTHUB_CLIENT_CONFIRMATION_OK"
3890,10407548521,10407548616,1,"IOTHUB_CLIENT_CONFIRMATION_OK"
3891,10407548722,10407548768,1,"IOTHUB_CLIENT_CONFIRMATION_OK"
3892,10407548922,10407548962,1,"IOTHUB_CLIENT_CONFIRMATION_OK"
3893,10407549122,10407549180,1,"IOTHUB_CLIENT_CONFIRMATION_OK"
3894,10407549322,10407549368,1,"IOTHUB_CLIENT_CONFIRMATION_OK"
3895,10407549522,10407549586,1,"IOTHUB_CLIENT_CONFIRMATION_OK"
3896,10407549722,10407549851,1,"IOTHUB_CLIENT_CONFIRMATION_OK"
3897,10407549923,10407549970,1,"IOTHUB_CLIENT_CONFIRMATION_OK"
3898,10407550123,10407550178,1,"IOTHUB_CLIENT_CONFIRMATION_OK"
3899,10407550323,10407550382,1,"IOTHUB_CLIENT_CONFIRMATION_OK"
3900,10407550523,10407550594,1,"IOTHUB_CLIENT_CONFIRMATION_OK"
3901,10407550723,10407550759,1,"IOTHUB_CLIENT_CONFIRMATION_OK"
3902,10407550923,10407550975,1,"IOTHUB_CLIENT_CONFIRMATION_OK"
3903,10407551124,10407551178,1,"IOTHUB_CLIENT_CONFIRMATION_OK"
3904,10407551324,10407551422,1,"IOTHUB_CLIENT_CONFIRMATION_OK"
3905,10407551524,10407551568,1,"IOTHUB_CLIENT_CONFIRMATION_OK"
3906,10407551724,10407551841,1,"IOTHUB_CLIENT_CONFIRMATION_OK"
3907,10407551924,10407551971,1,"IOTHUB_CLIENT_CONFIRMATION_OK"
3908,10407552124,10407552175,1,"IOTHUB_CLIENT_CONFIRMATION_OK"
3909,10407552325,10407552364,1,"IOTHUB_CLIENT_CONFIRMATION_OK"
3910,10407552525,10407552572,1,"IOTHUB_CLIENT_CONFIRMATION_OK"
3911,10407552725,10407552762,1,"IOTHUB_CLIENT_CONFIRMATION_OK"
3912,10407552925,10407552968,1,"IOTHUB_CLIENT_CONFIRMATION_OK"
3913,10407553125,10407553164,1,"IOTHUB_CLIENT_CONFIRMATION_OK"
3914,10407553325,10407553368,1,"IOTHUB_CLIENT_CONFIRMATION_OK"
3915,10407553525,10407553577,1,"IOTHUB_CLIENT_CONFIRMATION_OK"
3916,10407553726,10407553879,1,"IOTHUB_CLIENT_CONFIRMATION_OK"
3917,10407553926,10407553974,1,"IOTHUB_CLIENT_CONFIRMATION_OK"
3918,10407554126,10407554228,1,"IOTHUB_CLIENT_CONFIRMATION_OK"
3919,10407554326,10407554378,1,"IOTHUB_CLIENT_CONFIRMATION_OK"
3920,10407554526,10407554567,1,"IOTHUB_CLIENT_CONFIRMATION_OK"
3921,10407554726,10407554763,1,"IOTHUB_CLIENT_CONFIRMATION_OK"
3922,10407554927,10407554957,1,"IOTHUB_CLIENT_CONFIRMATION_OK"
3923,10407555127,10407555173,1,"IOTHUB_CLIENT_CONFIRMATION_OK"
3924,10407555327,10407555363,1,"IOTHUB_CLIENT_CONFIRMATION_OK"
3925,10407555527,10407555582,1,"IOTHUB_CLIENT_CONFIRMATION_OK"
3926,10407555727,10407555906,1,"IOTHUB_CLIENT_CONFIRMATION_OK"
3927,10407555927,10407555982,1,"IOTHUB_CLIENT_CONFIRMATION_OK"
3928,10407556128,10407556172,1,"IOTHUB_CLIENT_CONFIRMATION_OK"
3929,10407556328,10407556374,1,"IOTHUB_CLIENT_CONFIRMATION_OK"
3930,10407556528,10407556575,1,"IOTHUB_CLIENT_CONFIRMATION_OK"
3931,10407556728,10407556769,1,"IOTHUB_CLIENT_CONFIRMATION_OK"
3932,10407556928,10407556970,1,"IOTHUB_CLIENT_CONFIRMATION_OK"
3933,10407557128,10407557179,1,"IOTHUB_CLIENT_CONFIRMATION_OK"
3934,10407557329,10407557378,1,"IOTHUB_CLIENT_CONFIRMATION_OK"
3935,10407557529,10407557572,1,"IOTHUB_CLIENT_CONFIRMATION_OK"
3936,10407557729,10407557814,1,"IOTHUB_CLIENT_CONFIRMATION_OK"
3937,10407557929,10407558007,1,"IOTHUB_CLIENT_CONFIRMATION_OK"
3938,10407558129,10407558169,1,"IOTHUB_CLIENT_CONFIRMATION_OK"
3939,10407558329,10407558374,1,"IOTHUB_CLIENT_CONFIRMATION_OK"
3940,10407558529,10407558587,1,"IOTHUB_CLIENT_CONFIRMATION_OK"
3941,10407558730,10407558771,1,"IOTHUB_CLIENT_CONFIRMATION_OK"
3942,10407558930,10407558976,1,"IOTHUB_CLIENT_CONFIRMATION_OK"
3943,10407559130,10407559176,1,"IOTHUB_CLIENT_CONFIRMATION_OK"
3944,10407559330,10407559365,1,"IOTHUB_CLIENT_CONFIRMATION_OK"
3945,10407559530,10407559570,1,"IOTHUB_CLIENT_CONFIRMATION_OK"
3946,10407559730,10407559871,1,"IOTHUB_CLIENT_CONFIRMATION_OK"
3947,10407559931,10407559982,1,"IOTHUB_CLIENT_CONFIRMATION_OK"
3948,10407560131,10407560180,1,"IOTHUB_CLIENT_CONFIRMATION_OK"
3949,10407560331,10407560382,1,"IOTHUB_CLIENT_CONFIRMATION_OK"
3950,10407560531,10407560572,1,"IOTHUB_CLIENT_CONFIRMATION_OK"
3951,10407560731,10407560785,1,"IOTHUB_CLIENT_CONFIRMATION_OK"
3952,10407560931,10407560993,1,"IOTHUB_CLIENT_CONFIRMATION_OK"
3953,10407561132,10407561193,1,"IOTHUB_CLIENT_CONFIRMATION_OK"
3954,10407561332,10407561428,1,"IOTHUB_CLIENT_CONFIRMATION_OK"
3955,10407561532,10407561600,1,"IOTHUB_CLIENT_CONFIRMATION_OK"
3956,10407561732,10407561920,1,"IOTHUB_CLIENT_CONFIRMATION_OK"
3957,10407561932,10407562117,1,"IOTHUB_CLIENT_CONFIRMATION_OK"
3958,10407562132,10407562170,1,"IOTHUB_CLIENT_CONFIRMATION_OK"
3959,10407562332,10407562382,1,"IOTHUB_CLIENT_CONFIRMATION_OK"
3960,10407562533,10407562571,1,"IOTHUB_CLIENT_CONFIRMATION_OK"
3961,10407562733,10407562790,1,"IOTHUB_CLIENT_CONFIRMATION_OK"
3962,10407562933,10407562983,1,"IOTHUB_CLIENT_CONFIRMATION_OK"
3963,10407563133,10407563186,1,"IOTHUB_CLIENT_CONFIRMATION_OK"
3964,10407563333,10407563385,1,"IOTHUB_CLIENT_CONFIRMATION_OK"
3965,10407563533,10407563586,1,"IOTHUB_CLIENT_CONFIRMATION_OK"
3966,10407563734,10407563788,1,"IOTHUB_CLIENT_CONFIRMATION_OK"
3967,10407563934,10407563982,1,"IOTHUB_CLIENT_CONFIRMATION_OK"
3968,10407564134,10407564192,1,"IOTHUB_CLIENT_CONFIRMATION_OK"
3969,10407564334,10407564382,1,"IOTHUB_CLIENT_CONFIRMATION_OK"
3970,10407564534,10407564584,1,"IOTHUB_CLIENT_CONFIRMATION_OK"
3971,10407564734,10407564792,1,"IOTHUB_CLIENT_CONFIRMATION_OK"
3972,10407564935,10407564976,1,"IOTHUB_CLIENT_CONFIRMATION_OK"
3973,10407565135,10407565236,1,"IOTHUB_CLIENT_CONFIRMATION_OK"
3974,10407565335,10407565419,1,"IOTHUB_CLIENT_CONFIRMATION_OK"
3975,10407565535,10407565580,1,"IOTHUB_CLIENT_CONFIRMATION_OK"
3976,10407565735,10407565844,1,"IOTHUB_CLIENT_CONFIRMATION_OK"
3977,10407565935,10407566011,1,"IOTHUB_CLIENT_CONFIRMATION_OK"
3978,10407566136,10407566181,1,"IOTHUB_CLIENT_CONFIRMATION_OK"
3979,10407566336,10407566382,1,"IOTHUB_CLIENT_CONFIRMATION_OK"
3980,10407566536,10407566597,1,"IOTHUB_CLIENT_CONFIRMATION_OK"
3981,10407566736,10407566805,1,"IOTHUB_CLIENT_CONFIRMATION_OK"
3982,10407566936,10407566979,1,"IOTHUB_CLIENT_CONFIRMATION_OK"
3983,10407567136,10407567188,1,"IOTHUB_CLIENT_CONFIRMATION_OK"
3984,10407567336,10407567379,1,"IOTHUB_CLIENT_CONFIRMATION_OK"
3985,10407567537,10407567574,1,"IOTHUB_CLIENT_CONFIRMATION_OK"
3986,10407567737,10407567868,1,"IOTHUB_CLIENT_CONFIRMATION_OK"
3987,10407567937,10407568062,1,"IOTHUB_CLIENT_CONFIRMATION_OK"
3988,10407568137,10407568181,1,"IOTHUB_CLIENT_CONFIRMATION_OK"
3989,10407568337,10407568394,1,"IOTHUB_CLIENT_CONFIRMATION_OK"
3990,10407568537,10407568575,1,"IOTHUB_CLIENT_CONFIRMATION_OK"
3991,10407568738,10407568776,1,"IOTHUB_CLIENT_CONFIRMATION_OK"
3992,10407568938,10407568981,1,"IOTHUB_CLIENT_CONFIRMATION_OK"
3993,10407569138,10407569217,1,"IOTHUB_CLIENT_CONFIRMATION_OK"
3994,10407569338,10407569384,1,"IOTHUB_CLIENT_CONFIRMATION_OK"
3995,10407569538,10407569631,1,"IOTHUB_CLIENT_CONFIRMATION_OK"
3996,10407569738,10407569769,1,"IOTHUB_CLIENT_CONFIRMATION_OK"
3997,10407569939,10407570000,1,"IOTHUB_CLIENT_CONFIRMATION_OK"
3998,10407570139,10407570187,1,"IOTHUB_CLIENT_CONFIRMATION_OK"
3999,10407570339,10407570391,1,"IOTHUB_CLIENT_CONFIRMATION_OK"
4000,10407570539,10407570599,1,"IOTHUB_CLIENT_CONFIRMATION_OK"
4001,10407570739,10407570804,1,"IOTHUB_CLIENT_CONFIRMATION_OK"
4002,10407570939,10407571003,1,"IOTHUB_CLIENT_CONFIRMATION_OK"
4003,10407571140,10407571200,1,"IOTHUB_CLIENT_CONFIRMATION_OK"
4004,10407571340,10407571374,1,"IOTHUB_CLIENT_CONFIRMATION_OK"
4005,10407571540,10407571644,1,"IOTHUB_CLIENT_CONFIRMATION_OK"
4006,10407571740,10407571842,1,"IOTHUB_CLIENT_CONFIRMATION_OK"
4007,10407571940,10407571977,1,"IOTHUB_CLIENT_CONFIRMATION_OK"
4008,10407572140,10407572179,1,"IOTHUB_CLIENT_CONFIRMATION_OK"
4009,10407572341,10407572409,1,"IOTHUB_CLIENT_CONFIRMATION_OK"
4010,10407572541,10407572587,1,"IOTHUB_CLIENT_CONFIRMATION_OK"
4011,10407572741,10407572784,1,"IOTHUB_CLIENT_CONFIRMATION_OK"
4012,10407572941,10407572999,1,"IOTHUB_CLIENT_CONFIRMATION_OK"
4013,10407573141,10407573185,1,"IOTHUB_CLIENT_CONFIRMATION_OK"
4014,10407573341,10407573390,1,"IOTHUB_CLIENT_CONFIRMATION_OK"
4015,10407573541,10407573593,1,"IOTHUB_CLIENT_CONFIRMATION_OK"
4016,10407573742,10407573919,1,"IOTHUB_CLIENT_CONFIRMATION_OK"
4017,10407573942,10407573989,1,"IOTHUB_CLIENT_CONFIRMATION_OK"
4018,10407574142,10407574200,1,"IOTHUB_CLIENT_CONFIRMATION_OK"
4019,10407574342,10407574388,1,"IOTHUB_CLIENT_CONFIRMATION_OK"
4020,10407574542,10407574592,1,"IOTHUB_CLIENT_CONFIRMATION_OK"
4021,10407574742,10407574801,1,"IOTHUB_CLIENT_CONFIRMATION_OK"
4022,10407574943,10407574991,1,"IOTHUB_CLIENT_CONFIRMATION_OK"
4023,10407575143,10407575194,1,"IOTHUB_CLIENT_CONFIRMATION_OK"
4024,10407575343,10407575391,1,"IOTHUB_CLIENT_CONFIRMATION_OK"
4025,10407575543,10407575607,1,"IOTHUB_CLIENT_CONFIRMATION_OK"
4026,10407575743,10407575795,1,"IOTHUB_CLIENT_CONFIRMATION_OK"
4027,10407575943,10407576001,1,"IOTHUB_CLIENT_CONFIRMATION_OK"
4028,10407576144,10407576178,1,"IOTHUB_CLIENT_CONFIRMATION_OK"
4029,10407576344,10407576385,1,"IOTHUB_CLIENT_CONFIRMATION_OK"
4030,10407576544,10407576589,1,"IOTHUB_CLIENT_CONFIRMATION_OK"
4031,10407576744,10407576834,1,"IOTHUB_CLIENT_CONFIRMATION_OK"
4032,10407576944,10407576998,1,"IOTHUB_CLIENT_CONFIRMATION_OK"
4033,10407577144,10407577204,1,"IOTHUB_CLIENT_CONFIRMATION_OK"
4034,10407577345,10407577388,1,"IOTHUB_CLIENT_CONFIRMATION_OK"
4035,10407577545,10407577605,1,"IOTHUB_CLIENT_CONFIRMATION_OK"
4036,10407577745,10407577793,1,"IOTHUB_CLIENT_CONFIRMATION_OK"
4037,10407577945,10407577989,1,"IOTHUB_CLIENT_CONFIRMATION_OK"
4038,10407578145,10407578201,1,"IOTHUB_CLIENT_CONFIRMATION_OK"
4039,10407578345,10407578384,1,"IOTHUB_CLIENT_CONFIRMATION_OK"
4040,10407578545,10407578592,1,"IOTHUB_CLIENT_CONFIRMATION_OK"
4041,10407578746,10407578792,1,"IOTHUB_CLIENT_CONFIRMATION_OK"
4042,10407578946,10407578985,1,"IOTHUB_CLIENT_CONFIRMATION_OK"
4043,10407579146,10407579189,1,"IOTHUB_CLIENT_CONFIRMATION_OK"
4044,10407579346,10407579413,1,"IOTHUB_CLIENT_CONFIRMATION_OK"
4045,10407579546,10407579602,1,"IOTHUB_CLIENT_CONFIRMATION_OK"
4046,10407579746,10407579798,1,"IOTHUB_CLIENT_CONFIRMATION_OK"
4047,10407579947,10407580019,1,"IOTHUB_CLIENT_CONFIRMATION_OK"
4048,10407580147,10407580190,1,"IOTHUB_CLIENT_CONFIRMATION_OK"
4049,10407580347,10407580384,1,"IOTHUB_CLIENT_CONFIRMATION_OK"
4050,10407580547,10407580588,1,"IOTHUB_CLIENT_CONFIRMATION_OK"
4051,10407580747,10407580806,1,"IOTHUB_CLIENT_CONFIRMATION_OK"
4052,10407580947,10407580992,1,"IOTHUB_CLIENT_CONFIRMATION_OK"
4053,10407581147,10407581216,1,"IOTHUB_CLIENT_CONFIRMATION_OK"
4054,10407581348,10407581401,1,"IOTHUB_CLIENT_CONFIRMATION_OK"
4055,10407581548,10407581629,1,"IOTHUB_CLIENT_CONFIRMATION_OK"
4056,10407581748,10407581833,1,"IOTHUB_CLIENT_CONFIRMATION_OK"
4057,10407581948,10407581989,1,"IOTHUB_CLIENT_CONFIRMATION_OK"
4058,10407582148,10407582189,1,"IOTHUB_CLIENT_CONFIRMATION_OK"
4059,10407582348,10407582393,1,"IOTHUB_CLIENT_CONFIRMATION_OK"
4060,10407582549,10407582615,1,"IOTHUB_CLIENT_CONFIRMATION_OK"
4061,10407582749,10407582790,1,"IOTHUB_CLIENT_CONFIRMATION_OK"
4062,10407582949,10407582992,1,"IOTHUB_CLIENT_CONFIRMATION_OK"
4063,10407583149,10407583225,1,"IOTHUB_CLIENT_CONFIRMATION_OK"
4064,10407583349,10407583418,1,"IOTHUB_CLIENT_CONFIRMATION_OK"
4065,10407583549,10407583594,1,"IOTHUB_CLIENT_CONFIRMATION_OK"
4066,10407583750,10407583871,1,"IOTHUB_CLIENT_CONFIRMATION_OK"
4067,10407583950,10407583994,1,"IOTHUB_CLIENT_CONFIRMATION_OK"
4068,10407584150,10407584193,1,"IOTHUB_CLIENT_CONFIRMATION_OK"
4069,10407584350,10407584431,1,"IOTHUB_CLIENT_CONFIRMATION_OK"
4070,10407584550,10407584599,1,"IOTHUB_CLIENT_CONFIRMATION_OK"
4071,10407584750,10407584809,1,"IOTHUB_CLIENT_CONFIRMATION_OK"
4072,10407584951,10407584996,1,"IOTHUB_CLIENT_CONFIRMATION_OK"
4073,10407585151,10407585192,1,"IOTHUB_CLIENT_CONFIRMATION_OK"
4074,10407585351,10407585394,1,"IOTHUB_CLIENT_CONFIRMATION_OK"
4075,10407585551,10407585600,1,"IOTHUB_CLIENT_CONFIRMATION_OK"
4076,10407585751,10407585939,1,"IOTHUB_CLIENT_CONFIRMATION_OK"
4077,10407585951,10407585994,1,"IOTHUB_CLIENT_CONFIRMATION_OK"
4078,10407586151,10407586193,1,"IOTHUB_CLIENT_CONFIRMATION_OK"
4079,10407586352,10407586399,1,"IOTHUB_CLIENT_CONFIRMATION_OK"
4080,10407586552,10407586595,1,"IOTHUB_CLIENT_CONFIRMATION_OK"
4081,10407586752,10407586791,1,"IOTHUB_CLIENT_CONFIRMATION_OK"
4082,10407586952,10407586994,1,"IOTHUB_CLIENT_CONFIRMATION_OK"
4083,10407587152,10407587211,1,"IOTHUB_CLIENT_CONFIRMATION_OK"
4084,10407587353,10407587398,1,"IOTHUB_CLIENT_CONFIRMATION_OK"
4085,10407587553,10407587591,1,"IOTHUB_CLIENT_CONFIRMATION_OK"
4086,10407587753,10407587797,1,"IOTHUB_CLIENT_CONFIRMATION_OK"
4087,10407587953,10407587995,1,"IOTHUB_CLIENT_CONFIRMATION_OK"
4088,10407588153,10407588189,1,"IOTHUB_CLIENT_CONFIRMATION_OK"
4089,10407588353,10407588406,1,"IOTHUB_CLIENT_CONFIRMATION_OK"
4090,10407588553,10407588619,1,"IOTHUB_CLIENT_CONFIRMATION_OK"
4091,10407588754,10407588797,1,"IOTHUB_CLIENT_CONFIRMATION_OK"
4092,10407588954,10407589007,1,"IOTHUB_CLIENT_CONFIRMATION_OK"
4093,10407589154,10407589204,1,"IOTHUB_CLIENT_CONFIRMATION_OK"
4094,10407589354,10407589400,1,"IOTHUB_CLIENT_CONFIRMATION_OK"
4095,10407589554,10407589598,1,"IOTHUB_CLIENT_CONFIRMATION_OK"
4096,10407589754,10407589817,1,"IOTHUB_CLIENT_CONFIRMATION_OK"
4097,10407589955,10407590015,1,"IOTHUB_CLIENT_CONFIRMATION_OK"
4098,10407590155,10407590219,1,"IOTHUB_CLIENT_CONFIRMATION_OK"
4099,10407590355,10407590421,1,"IOTHUB_CLIENT_CONFIRMATION_OK"
4100,10407590555,10407590609,1,"IOTHUB_CLIENT_CONFIRMATION_OK"
4101,10407590755,10407590795,1,"IOTHUB_CLIENT_CONFIRMATION_OK"
4102,10407590956,10407590999,1,"IOTHUB_CLIENT_CONFIRMATION_OK"
4103,10407591156,10407591226,1,"IOTHUB_CLIENT_CONFIRMATION_OK"
4104,10407591356,10407591399,1,"IOTHUB_CLIENT_CONFIRMATION_OK"
4105,10407591556,10407591609,1,"IOTHUB_CLIENT_CONFIRMATION_OK"
4106,10407591756,10407591829,1,"IOTHUB_CLIENT_CONFIRMATION_OK"
4107,10407591956,10407591999,1,"IOTHUB_CLIENT_CONFIRMATION_OK"
4108,10407592157,10407592194,1,"IOTHUB_CLIENT_CONFIRMATION_OK"
4109,10407592357,10407592412,1,"IOTHUB_CLIENT_CONFIRMATION_OK"
4110,10407592557,10407592596,1,"IOTHUB_CLIENT_CONFIRMATION_OK"
4111,10407592757,10407592796,1,"IOTHUB_CLIENT_CONFIRMATION_OK"
4112,10407592957,10407593016,1,"IOTHUB_CLIENT_CONFIRMATION_OK"
4113,10407593157,10407593292,1,"IOTHUB_CLIENT_CONFIRMATION_OK"
4114,10407593357,10407593391,1,"IOTHUB_CLIENT_CONFIRMATION_OK"
4115,10407593558,10407593598,1,"IOTHUB_CLIENT_CONFIRMATION_OK"
4116,10407593758,10407593861,1,"IOTHUB_CLIENT_CONFIRMATION_OK"
4117,10407593958,10407594000,1,"IOTHUB_CLIENT_CONFIRMATION_OK"
4118,10407594158,10407594199,1,"IOTHUB_CLIENT_CONFIRMATION_OK"
4119,10407594358,10407594408,1,"IOTHUB_CLIENT_CONFIRMATION_OK"
4120,10407594558,10407594650,1,"IOTHUB_CLIENT_CONFIRMATION_OK"
4121,10407594759,10407594801,1,"IOTHUB_CLIENT_CONFIRMATION_OK"
4122,10407594959,10407595067,1,"IOTHUB_CLIENT_CONFIRMATION_OK"
4123,10407595159,10407595206,1,"IOTHUB_CLIENT_CONFIRMATION_OK"
4124,10407595359,10407595407,1,"IOTHUB_CLIENT_CONFIRMATION_OK"
4125,10407595559,10407595633,1,"IOTHUB_CLIENT_CONFIRMATION_OK"
4126,10407595759,10407595928,1,"IOTHUB_CLIENT_CONFIRMATION_OK"
4127,10407595960,10407596017,1,"IOTHUB_CLIENT_CONFIRMATION_OK"
4128,10407596160,10407596205,1,"IOTHUB_CLIENT_CONFIRMATION_OK"
4129,10407596360,10407596416,1,"IOTHUB_CLIENT_CONFIRMATION_OK"
4130,10407596560,10407596601,1,"IOTHUB_CLIENT_CONFIRMATION_OK"
4131,10407596760,10407596796,1,"IOTHUB_CLIENT_CONFIRMATION_OK"
4132,10407596960,10407597006,1,"IOTHUB_CLIENT_CONFIRMATION_OK"
4133,10407597161,10407597228,1,"IOTHUB_CLIENT_CONFIRMATION_OK"
4134,10407597361,10407597410,1,"IOTHUB_CLIENT_CONFIRMATION_OK"
4135,10407597561,10407597616,1,"IOTHUB_CLIENT_CONFIRMATION_OK"
4136,10407597761,10407597804,1,"IOTHUB_CLIENT_CONFIRMATION_OK"
4137,10407597961,10407598008,1,"IOTHUB_CLIENT_CONFIRMATION_OK"
4138,10407598161,10407598208,1,"IOTHUB_CLIENT_CONFIRMATION_OK"
4139,10407598361,10407598416,1,"IOTHUB_CLIENT_CONFIRMATION_OK"
4140,10407598562,10407598622,1,"IOTHUB_CLIENT_CONFIRMATION_OK"
4141,10407598762,10407598856,1,"IOTHUB_CLIENT_CONFIRMATION_OK"
4142,10407598962,10407599007,1,"IOTHUB_CLIENT_CONFIRMATION_OK"
4143,10407599162,10407599230,1,"IOTHUB_CLIENT_CONFIRMATION_OK"
4144,10407599362,10407599415,1,"IOTHUB_CLIENT_CONFIRMATION_OK"
4145,10407599562,10407599607,1,"IOTHUB_CLIENT_CONFIRMATION_OK"
4146,10407599762,10407599832,1,"IOTHUB_CLIENT_CONFIRMATION_OK"
4147,10407599963,10407600016,1,"IOTHUB_CLIENT_CONFIRMATION_OK"
4148,10407600163,10407600204,1,"IOTHUB_CLIENT_CONFIRMATION_OK"
4149,10407600363,10407600487,1,"IOTHUB_CLIENT_CONFIRMATION_OK"
4150,10407600563,10407600605,1,"IOTHUB_CLIENT_CONFIRMATION_OK"
4151,10407600763,10407600834,1,"IOTHUB_CLIENT_CONFIRMATION_OK"
4152,10407600963,10407601018,1,"IOTHUB_CLIENT_CONFIRMATION_OK"
4153,10407601164,10407601287,1,"IOTHUB_CLIENT_CONFIRMATION_OK"
4154,10407601364,10407601418,1,"IOTHUB_CLIENT_CONFIRMATION_OK"
4155,10407601564,10407601613,1,"IOTHUB_CLIENT_CONFIRMATION_OK"
4156,10407601764,10407601897,1,"IOTHUB_CLIENT_CONFIRMATION_OK"
4157,10407601964,10407602015,1,"IOTHUB_CLIENT_CONFIRMATION_OK"
4158,10407602164,10407602233,1,"IOTHUB_CLIENT_CONFIRMATION_OK"
4159,10407602364,10407602408,1,"IOTHUB_CLIENT_CONFIRMATION_OK"
4160,10407602565,10407602605,1,"IOTHUB_CLIENT_CONFIRMATION_OK"
4161,10407602765,10407602806,1,"IOTHUB_CLIENT_CONFIRMATION_OK"
4162,10407602965,10407603007,1,"IOTHUB_CLIENT_CONFIRMATION_OK"
4163,10407603165,10407603209,1,"IOTHUB_CLIENT_CONFIRMATION_OK"
4164,10407603365,10407603408,1,"IOTHUB_CLIENT_CONFIRMATION_OK"
4165,10407603565,10407603635,1,"IOTHUB_CLIENT_CONFIRMATION_OK"
4166,10407603766,10407603812,1,"IOTHUB_CLIENT_CONFIRMATION_OK"
4167,10407603966,10407604015,1,"IOTHUB_CLIENT_CONFIRMATION_OK"
4168,10407604166,10407604235,1,"IOTHUB_CLIENT_CONFIRMATION_OK"
4169,10407604366,10407604457,1,"IOTHUB_CLIENT_CONFIRMATION_OK"
4170,10407604566,10407604602,1,"IOTHUB_CLIENT_CONFIRMATION_OK"
4171,10407604766,10407604862,1,"IOTHUB_CLIENT_CONFIRMATION_OK"
4172,10407604966,10407605010,1,"IOTHUB_CLIENT_CONFIRMATION_OK"
4173,10407605167,10407605214,1,"IOTHUB_CLIENT_CONFIRMATION_OK"
4174,10407605367,10407605417,1,"IOTHUB_CLIENT_CONFIRMATION_OK"
4175,10407605567,10407605622,1,"IOTHUB_CLIENT_CONFIRMATION_OK"
4176,10407605767,10407605821,1,"IOTHUB_CLIENT_CONFIRMATION_OK"
4177,10407605967,10407606013,1,"IOTHUB_CLIENT_CONFIRMATION_OK"
4178,10407606167,10407606230,1,"IOTHUB_CLIENT_CONFIRMATION_OK"
4179,10407606368,10407606421,1,"IOTHUB_CLIENT_CONFIRMATION_OK"
4180,10407606568,10407606603,1,"IOTHUB_CLIENT_CONFIRMATION_OK"
4181,10407606768,10407606804,1,"IOTHUB_CLIENT_CONFIRMATION_OK"
4182,10407606968,10407607105,1,"IOTHUB_CLIENT_CONFIRMATION_OK"
4183,10407607168,10407607343,1,"IOTHUB_CLIENT_CONFIRMATION_OK"
4184,10407607368,10407607406,1,"IOTHUB_CLIENT_CONFIRMATION_OK"
4185,10407607568,10407607616,1,"IOTHUB_CLIENT_CONFIRMATION_OK"
4186,10407607769,10407607863,1,"IOTHUB_CLIENT_CONFIRMATION_OK"
4187,10407607969,10407608007,1,"IOTHUB_CLIENT_CONFIRMATION_OK"
4188,10407608169,10407608234,1,"IOTHUB_CLIENT_CONFIRMATION_OK"
4189,10407608369,10407608418,1,"IOTHUB_CLIENT_CONFIRMATION_OK"
4190,10407608569,10407608605,1,"IOTHUB_CLIENT_CONFIRMATION_OK"
4191,10407608769,10407608825,1,"IOTHUB_CLIENT_CONFIRMATION_OK"
4192,10407608970,10407609034,1,"IOTHUB_CLIENT_CONFIRMATION_OK"
4193,10407609170,10407609217,1,"IOTHUB_CLIENT_CONFIRMATION_OK"
4194,10407609370,10407609445,1,"IOTHUB_CLIENT_CONFIRMATION_OK"
4195,10407609570,10407609613,1,"IOTHUB_CLIENT_CONFIRMATION_OK"
4196,10407609770,10407609920,1,"IOTHUB_CLIENT_CONFIRMATION_OK"
4197,10407609970,10407610059,1,"IOTHUB_CLIENT_CONFIRMATION_OK"
4198,10407610171,10407610244,1,"IOTHUB_CLIENT_CONFIRMATION_OK"
4199,10407610371,10407610421,1,"IOTHUB_CLIENT_CONFIRMATION_OK"
4200,10407610571,10407610624,1,"IOTHUB_CLIENT_CONFIRMATION_OK"
4201,10407610771,10407610828,1,"IOTHUB_CLIENT_CONFIRMATION_OK"
4202,10407610971,10407611025,1,"IOTHUB_CLIENT_CONFIRMATION_OK"
4203,10407611171,10407611258,1,"IOTHUB_CLIENT_CONFIRMATION_OK"
4204,10407611371,10407611407,1,"IOTHUB_CLIENT_CONFIRMATION_OK"
4205,10407611572,10407611627,1,"IOTHUB_CLIENT_CONFIRMATION_OK"
4206,10407611772,10407611811,1,"IOTHUB_CLIENT_CONFIRMATION_OK"
4207,10407611972,10407612028,1,"IOTHUB_CLIENT_CONFIRMATION_OK"
4208,10407612172,10407612217,1,"IOTHUB_CLIENT_CONFIRMATION_OK"
4209,10407612372,10407612417,1,"IOTHUB_CLIENT_CONFIRMATION_OK"
4210,10407612572,10407612626,1,"IOTHUB_CLIENT_CONFIRMATION_OK"
4211,10407612773,10407612817,1,"IOTHUB_CLIENT_CONFIRMATION_OK"
4212,10407612973,10407613023,1,"IOTHUB_CLIENT_CONFIRMATION_OK"
4213,10407613173,10407613234,1,"IOTHUB_CLIENT_CONFIRMATION_OK"
4214,10407613373,10407613433,1,"IOTHUB_CLIENT_CONFIRMATION_OK"
4215,10407613573,10407613632,1,"IOTHUB_CLIENT_CONFIRMATION_OK"
4216,10407613773,10407613883,1,"IOTHUB_CLIENT_CONFIRMATION_OK"
4217,10407613973,10407614040,1,"IOTHUB_CLIENT_CONFIRMATION_OK"
4218,10407614174,10407614246,1,"IOTHUB_CLIENT_CONFIRMATION_OK"
4219,10407614374,10407614428,1,"IOTHUB_CLIENT_CONFIRMATION_OK"
4220,10407614574,10407614616,1,"IOTHUB_CLIENT_CONFIRMATION_OK"
4221,10407614774,10407614831,1,"IOTHUB_CLIENT_CONFIRMATION_OK"
4222,10407614974,10407615071,1,"IOTHUB_CLIENT_CONFIRMATION_OK"
4223,10407615174,10407615288,1,"IOTHUB_CLIENT_CONFIRMATION_OK"
4224,10407615375,10407615422,1,"IOTHUB_CLIENT_CONFIRMATION_OK"
4225,10407615575,10407615626,1,"IOTHUB_CLIENT_CONFIRMATION_OK"
4226,10407615775,10407615895,1,"IOTHUB_CLIENT_CONFIRMATION_OK"
4227,10407615975,10407616030,1,"IOTHUB_CLIENT_CONFIRMATION_OK"
4228,10407616175,10407616226,1,"IOTHUB_CLIENT_CONFIRMATION_OK"
4229,10407616375,10407616412,1,"IOTHUB_CLIENT_CONFIRMATION_OK"
4230,10407616576,10407616626,1,"IOTHUB_CLIENT_CONFIRMATION_OK"
4231,10407616776,10407616824,1,"IOTHUB_CLIENT_CONFIRMATION_OK"
4232,10407616976,10407617023,1,"IOTHUB_CLIENT_CONFIRMATION_OK"
4233,10407617176,10407617238,1,"IOTHUB_CLIENT_CONFIRMATION_OK"
4234,10407617376,10407617430,1,"IOTHUB_CLIENT_CONFIRMATION_OK"
4235,10407617576,10407617660,1,"IOTHUB_CLIENT_CONFIRMATION_OK"
4236,10407617776,10407617939,1,"IOTHUB_CLIENT_CONFIRMATION_OK"
4237,10407617977,10407618020,1,"IOTHUB_CLIENT_CONFIRMATION_OK"
4238,10407618177,10407618219,1,"IOTHUB_CLIENT_CONFIRMATION_OK"
4239,10407618377,10407618542,1,"IOTHUB_CLIENT_CONFIRMATION_OK"
4240,10407618577,10407618625,1,"IOTHUB_CLIENT_CONFIRMATION_OK"
4241,10407618777,10407618840,1,"IOTHUB_CLIENT_CONFIRMATION_OK"
4242,10407618977,10407619029,1,"IOTHUB_CLIENT_CONFIRMATION_OK"
4243,10407619178,10407619225,1,"IOTHUB_CLIENT_CONFIRMATION_OK"
4244,10407619378,10407619424,1,"IOTHUB_CLIENT_CONFIRMATION_OK"
4245,10407619578,10407619623,1,"IOTHUB_CLIENT_CONFIRMATION_OK"
4246,10407619778,10407619835,1,"IOTHUB_CLIENT_CONFIRMATION_OK"
4247,10407619978,10407620044,1,"IOTHUB_CLIENT_CONFIRMATION_OK"
4248,10407620178,10407620226,1,"IOTHUB_CLIENT_CONFIRMATION_OK"
4249,10407620379,10407620431,1,"IOTHUB_CLIENT_CONFIRMATION_OK"
4250,10407620579,10407620628,1,"IOTHUB_CLIENT_CONFIRMATION_OK"
4251,10407620779,10407620822,1,"IOTHUB_CLIENT_CONFIRMATION_OK"
4252,10407620979,10407621033,1,"IOTHUB_CLIENT_CONFIRMATION_OK"
4253,10407621179,10407621259,1,"IOTHUB_CLIENT_CONFIRMATION_OK"
4254,10407621379,10407621427,1,"IOTHUB_CLIENT_CONFIRMATION_OK"
4255,10407621579,10407621626,1,"IOTHUB_CLIENT_CONFIRMATION_OK"
4256,10407621780,10407621856,1,"IOTHUB_CLIENT_CONFIRMATION_OK"
4257,10407621980,10407622029,1,"IOTHUB_CLIENT_CONFIRMATION_OK"
4258,10407622180,10407622220,1,"IOTHUB_CLIENT_CONFIRMATION_OK"
4259,10407622380,10407622422,1,"IOTHUB_CLIENT_CONFIRMATION_OK"
4260,10407622580,10407622653,1,"IOTHUB_CLIENT_CONFIRMATION_OK"
4261,10407622780,10407622852,1,"IOTHUB_CLIENT_CONFIRMATION_OK"
4262,10407622980,10407623029,1,"IOTHUB_CLIENT_CONFIRMATION_OK"
4263,10407623181,10407623230,1,"IOTHUB_CLIENT_CONFIRMATION_OK"
4264,10407623381,10407623443,1,"IOTHUB_CLIENT_CONFIRMATION_OK"
4265,10407623581,10407623640,1,"IOTHUB_CLIENT_CONFIRMATION_OK"
4266,10407623781,10407623848,1,"IOTHUB_CLIENT_CONFIRMATION_OK"
4267,10407623981,10407624024,1,"IOTHUB_CLIENT_CONFIRMATION_OK"
4268,10407624181,10407624232,1,"IOTHUB_CLIENT_CONFIRMATION_OK"
4269,10407624382,10407624425,1,"IOTHUB_CLIENT_CONFIRMATION_OK"
4270,10407624582,10407624618,1,"IOTHUB_CLIENT_CONFIRMATION_OK"
4271,10407624782,10407624823,1,"IOTHUB_CLIENT_CONFIRMATION_OK"
4272,10407624982,10407625019,1,"IOTHUB_CLIENT_CONFIRMATION_OK"
4273,10407625182,10407625225,1,"IOTHUB_CLIENT_CONFIRMATION_OK"
4274,10407625382,10407625461,1,"IOTHUB_CLIENT_CONFIRMATION_OK"
4275,10407625582,10407625651,1,"IOTHUB_CLIENT_CONFIRMATION_OK"
4276,10407625783,10407625818,1,"IOTHUB_CLIENT_CONFIRMATION_OK"
4277,10407625983,10407626024,1,"IOTHUB_CLIENT_CONFIRMATION_OK"
4278,10407626183,10407626224,1,"IOTHUB_CLIENT_CONFIRMATION_OK"
4279,10407626383,10407626421,1,"IOTHUB_CLIENT_CONFIRMATION_OK"
4280,10407626583,10407626628,1,"IOTHUB_CLIENT_CONFIRMATION_OK"
4281,10407626783,10407626819,1,"IOTHUB_CLIENT_CONFIRMATION_OK"
4282,10407626984,10407627040,1,"IOTHUB_CLIENT_CONFIRMATION_OK"
4283,10407627184,10407627248,1,"IOTHUB_CLIENT_CONFIRMATION_OK"
4284,10407627384,10407627446,1,"IOTHUB_CLIENT_CONFIRMATION_OK"
4285,10407627584,10407627650,1,"IOTHUB_CLIENT_CONFIRMATION_OK"
4286,10407627784,10407627884,1,"IOTHUB_CLIENT_CONFIRMATION_OK"
4287,10407627984,10407628050,1,"IOTHUB_CLIENT_CONFIRMATION_OK"
4288,10407628185,10407628231,1,"IOTHUB_CLIENT_CONFIRMATION_OK"
4289,10407628385,10407628459,1,"IOTHUB_CLIENT_CONFIRMATION_OK"
4290,10407628585,10407628630,1,"IOTHUB_CLIENT_CONFIRMATION_OK"
4291,10407628785,10407628828,1,"IOTHUB_CLIENT_CONFIRMATION_OK"
4292,10407628985,10407629040,1,"IOTHUB_CLIENT_CONFIRMATION_OK"
4293,10407629185,10407629242,1,"IOTHUB_CLIENT_CONFIRMATION_OK"
4294,10407629386,10407629444,1,"IOTHUB_CLIENT_CONFIRMATION_OK"
4295,10407629586,10407629628,1,"IOTHUB_CLIENT_CONFIRMATION_OK"
4296,10407629786,10407629946,1,"IOTHUB_CLIENT_CONFIRMATION_OK"
4297,10407629986,10407630027,1,"IOTHUB_CLIENT_CONFIRMATION_OK"
4298,10407630186,10407630252,1,"IOTHUB_CLIENT_CONFIRMATION_OK"
4299,10407630386,10407630426,1,"IOTHUB_CLIENT_CONFIRMATION_OK"
4300,10407630587,10407630632,1,"IOTHUB_CLIENT_CONFIRMATION_OK"
4301,10407630787,10407630864,1,"IOTHUB_CLIENT_CONFIRMATION_OK"
4302,10407630987,10407631041,1,"IOTHUB_CLIENT_CONFIRMATION_OK"
4303,10407631187,10407631290,1,"IOTHUB_CLIENT_CONFIRMATION_OK"
4304,10407631387,10407631436,1,"IOTHUB_CLIENT_CONFIRMATION_OK"
4305,10407631587,10407631635,1,"IOTHUB_CLIENT_CONFIRMATION_OK"
4306,10407631787,10407631897,1,"IOTHUB_CLIENT_CONFIRMATION_OK"
4307,10407631988,10407632034,1,"IOTHUB_CLIENT_CONFIRMATION_OK"
4308,10407632188,10407632243,1,"IOTHUB_CLIENT_CONFIRMATION_OK"
4309,10407632388,10407632442,1,"IOTHUB_CLIENT_CONFIRMATION_OK"
4310,10407632588,10407632660,1,"IOTHUB_CLIENT_CONFIRMATION_OK"
4311,10407632788,10407633652,1,"IOTHUB_CLIENT_CONFIRMATION_OK"
4312,10407632988,10407633728,1,"IOTHUB_CLIENT_CONFIRMATION_OK"
4313,10407633188,10407633807,1,"IOTHUB_CLIENT_CONFIRMATION_OK"
4314,10407633389,10407633861,1,"IOTHUB_CLIENT_CONFIRMATION_OK"
4315,10407633589,10407633981,1,"IOTHUB_CLIENT_CONFIRMATION_OK"
4316,10407633789,10407634074,1,"IOTHUB_CLIENT_CONFIRMATION_OK"
4317,10407633989,10407634165,1,"IOTHUB_CLIENT_CONFIRMATION_OK"
4318,10407634189,10407634253,1,"IOTHUB_CLIENT_CONFIRMATION_OK"
4319,10407634389,10407634440,1,"IOTHUB_CLIENT_CONFIRMATION_OK"
4320,10407634590,10407634627,1,"IOTHUB_CLIENT_CONFIRMATION_OK"
4321,10407634790,10407634828,1,"IOTHUB_CLIENT_CONFIRMATION_OK"
4322,10407634990,10407635035,1,"IOTHUB_CLIENT_CONFIRMATION_OK"
4323,10407635190,10407635254,1,"IOTHUB_CLIENT_CONFIRMATION_OK"
4324,10407635390,10407635456,1,"IOTHUB_CLIENT_CONFIRMATION_OK"
4325,10407635590,10407635634,1,"IOTHUB_CLIENT_CONFIRMATION_OK"
4326,10407635791,10407635979,1,"IOTHUB_CLIENT_CONFIRMATION_OK"
4327,10407635991,10407636066,1,"IOTHUB_CLIENT_CONFIRMATION_OK"
4328,10407636191,10407636236,1,"IOTHUB_CLIENT_CONFIRMATION_OK"
4329,10407636391,10407636470,1,"IOTHUB_CLIENT_CONFIRMATION_OK"
4330,10407636591,10407636640,1,"IOTHUB_CLIENT_CONFIRMATION_OK"
4331,10407636791,10407636826,1,"IOTHUB_CLIENT_CONFIRMATION_OK"
4332,10407636991,10407637042,1,"IOTHUB_CLIENT_CONFIRMATION_OK"
4333,10407637192,10407637253,1,"IOTHUB_CLIENT_CONFIRMATION_OK"
4334,10407637392,10407637437,1,"IOTHUB_CLIENT_CONFIRMATION_OK"
4335,10407637592,10407637643,1,"IOTHUB_CLIENT_CONFIRMATION_OK"
4336,10407637792,10407637852,1,"IOTHUB_CLIENT_CONFIRMATION_OK"
4337,10407637992,10407638033,1,"IOTHUB_CLIENT_CONFIRMATION_OK"
4338,10407638192,10407638267,1,"IOTHUB_CLIENT_CONFIRMATION_OK"
4339,10407638393,10407638435,1,"IOTHUB_CLIENT_CONFIRMATION_OK"
4340,10407638593,10407638647,1,"IOTHUB_CLIENT_CONFIRMATION_OK"
4341,10407638793,10407638832,1,"IOTHUB_CLIENT_CONFIRMATION_OK"
4342,10407638993,10407639051,1,"IOTHUB_CLIENT_CONFIRMATION_OK"
4343,10407639193,10407639255,1,"IOTHUB_CLIENT_CONFIRMATION_OK"
4344,10407639393,10407639446,1,"IOTHUB_CLIENT_CONFIRMATION_OK"
4345,10407639593,10407639654,1,"IOTHUB_CLIENT_CONFIRMATION_OK"
4346,10407639794,10407639840,1,"IOTHUB_CLIENT_CONFIRMATION_OK"
4347,10407639994,10407640054,1,"IOTHUB_CLIENT_CONFIRMATION_OK"
4348,10407640194,10407640254,1,"IOTHUB_CLIENT_CONFIRMATION_OK"
4349,10407640394,10407640457,1,"IOTHUB_CLIENT_CONFIRMATION_OK"
4350,10407640594,10407640651,1,"IOTHUB_CLIENT_CONFIRMATION_OK"
4351,10407640794,10407640850,1,"IOTHUB_CLIENT_CONFIRMATION_OK"
4352,10407640995,10407641047,1,"IOTHUB_CLIENT_CONFIRMATION_OK"
4353,10407641195,10407641258,1,"IOTHUB_CLIENT_CONFIRMATION_OK"
4354,10407641395,10407641446,1,"IOTHUB_CLIENT_CONFIRMATION_OK"
4355,10407641595,10407641653,1,"IOTHUB_CLIENT_CONFIRMATION_OK"
4356,10407641795,10407641928,1,"IOTHUB_CLIENT_CONFIRMATION_OK"
4357,10407641995,10407642047,1,"IOTHUB_CLIENT_CONFIRMATION_OK"
4358,10407642195,10407642244,1,"IOTHUB_CLIENT_CONFIRMATION_OK"
4359,10407642396,10407642449,1,"IOTHUB_CLIENT_CONFIRMATION_OK"
4360,10407642596,10407642662,1,"IOTHUB_CLIENT_CONFIRMATION_OK"
4361,10407642796,10407642861,1,"IOTHUB_CLIENT_CONFIRMATION_OK"
4362,10407642996,10407643061,1,"IOTHUB_CLIENT_CONFIRMATION_OK"
4363,10407643196,10407643376,1,"IOTHUB_CLIENT_CONFIRMATION_OK"
4364,10407643396,10407643437,1,"IOTHUB_CLIENT_CONFIRMATION_OK"
4365,10407643597,10407643652,1,"IOTHUB_CLIENT_CONFIRMATION_OK"
4366,10407643797,10407643836,1,"IOTHUB_CLIENT_CONFIRMATION_OK"
4367,10407643997,10407644051,1,"IOTHUB_CLIENT_CONFIRMATION_OK"
4368,10407644197,10407644243,1,"IOTHUB_CLIENT_CONFIRMATION_OK"
4369,10407644397,10407644458,1,"IOTHUB_CLIENT_CONFIRMATION_OK"
4370,10407644597,10407644646,1,"IOTHUB_CLIENT_CONFIRMATION_OK"
4371,10407644797,10407644867,1,"IOTHUB_CLIENT_CONFIRMATION_OK"
4372,10407644998,10407645051,1,"IOTHUB_CLIENT_CONFIRMATION_OK"
4373,10407645198,10407645252,1,"IOTHUB_CLIENT_CONFIRMATION_OK"
4374,10407645398,10407645441,1,"IOTHUB_CLIENT_CONFIRMATION_OK"
4375,10407645598,10407645641,1,"IOTHUB_CLIENT_CONFIRMATION_OK"
4376,10407645798,10407645873,1,"IOTHUB_CLIENT_CONFIRMATION_OK"
4377,10407645999,10407646050,1,"IOTHUB_CLIENT_CONFIRMATION_OK"
4378,10407646199,10407646356,1,"IOTHUB_CLIENT_CONFIRMATION_OK"
4379,10407646399,10407646445,1,"IOTHUB_CLIENT_CONFIRMATION_OK"
4380,10407646599,10407646649,1,"IOTHUB_CLIENT_CONFIRMATION_OK"
4381,10407646799,10407646853,1,"IOTHUB_CLIENT_CONFIRMATION_OK"
4382,10407646999,10407647047,1,"IOTHUB_CLIENT_CONFIRMATION_OK"
4383,10407647199,10407647256,1,"IOTHUB_CLIENT_CONFIRMATION_OK"
4384,10407647400,10407647480,1,"IOTHUB_CLIENT_CONFIRMATION_OK"
4385,10407647600,10407647648,1,"IOTHUB_CLIENT_CONFIRMATION_OK"
4386,10407647800,10407647872,1,"IOTHUB_CLIENT_CONFIRMATION_OK"
4387,10407648000,10407648043,1,"IOTHUB_CLIENT_CONFIRMATION_OK"
4388,10407648200,10407648248,1,"IOTHUB_CLIENT_CONFIRMATION_OK"
4389,10407648400,10407648438,1,"IOTHUB_CLIENT_CONFIRMATION_OK"
4390,10407648601,10407648653,1,"IOTHUB_CLIENT_CONFIRMATION_OK"
4391,10407648801,10407648856,1,"IOTHUB_CLIENT_CONFIRMATION_OK"
4392,10407649001,10407649114,1,"IOTHUB_CLIENT_CONFIRMATION_OK"
4393,10407649201,10407649276,1,"IOTHUB_CLIENT_CONFIRMATION_OK"
4394,10407649401,10407649442,1,"IOTHUB_CLIENT_CONFIRMATION_OK"
4395,10407649601,10407649643,1,"IOTHUB_CLIENT_CONFIRMATION_OK"
4396,10407649801,10407649892,1,"IOTHUB_CLIENT_CONFIRMATION_OK"
4397,10407650002,10407650040,1,"IOTHUB_CLIENT_CONFIRMATION_OK"
4398,10407650202,10407650244,1,"IOTHUB_CLIENT_CONFIRMATION_OK"
4399,10407650402,10407650445,1,"IOTHUB_CLIENT_CONFIRMATION_OK"
4400,10407650602,10407650658,1,"IOTHUB_CLIENT_CONFIRMATION_OK"
4401,10407650802,10407650862,1,"IOTHUB_CLIENT_CONFIRMATION_OK"
4402,10407651002,10407651041,1,"IOTHUB_CLIENT_CONFIRMATION_OK"
4403,10407651203,10407651249,1,"IOTHUB_CLIENT_CONFIRMATION_OK"
4404,10407651403,10407651441,1,"IOTHUB_CLIENT_CONFIRMATION_OK"
4405,10407651603,10407651639,1,"IOTHUB_CLIENT_CONFIRMATION_OK"
4406,10407651803,10407651949,1,"IOTHUB_CLIENT_CONFIRMATION_OK"
4407,10407652003,10407652051,1,"IOTHUB_CLIENT_CONFIRMATION_OK"
4408,10407652203,10407652251,1,"IOTHUB_CLIENT_CONFIRMATION_OK"
4409,10407652404,10407652488,1,"IOTHUB_CLIENT_CONFIRMATION_OK"
4410,10407652604,10407652649,1,"IOTHUB_CLIENT_CONFIRMATION_OK"
4411,10407652804,10407652868,1,"IOTHUB_CLIENT_CONFIRMATION_OK"
4412,10407653004,10407653119,1,"IOTHUB_CLIENT_CONFIRMATION_OK"
4413,10407653204,10407653263,1,"IOTHUB_CLIENT_CONFIRMATION_OK"
4414,10407653404,10407653446,1,"IOTHUB_CLIENT_CONFIRMATION_OK"
4415,10407653605,10407653659,1,"IOTHUB_CLIENT_CONFIRMATION_OK"
4416,10407653805,10407653913,1,"IOTHUB_CLIENT_CONFIRMATION_OK"
4417,10407654005,10407654043,1,"IOTHUB_CLIENT_CONFIRMATION_OK"
4418,10407654205,10407654293,1,"IOTHUB_CLIENT_CONFIRMATION_OK"
4419,10407654405,10407654502,1,"IOTHUB_CLIENT_CONFIRMATION_OK"
4420,10407654605,10407654712,1,"IOTHUB_CLIENT_CONFIRMATION_OK"
4421,10407654806,10407654863,1,"IOTHUB_CLIENT_CONFIRMATION_OK"
4422,10407655006,10407655056,1,"IOTHUB_CLIENT_CONFIRMATION_OK"
4423,10407655206,10407655320,1,"IOTHUB_CLIENT_CONFIRMATION_OK"
4424,10407655406,10407655465,1,"IOTHUB_CLIENT_CONFIRMATION_OK"
4425,10407655606,10407655658,1,"IOTHUB_CLIENT_CONFIRMATION_OK"
4426,10407655806,10407655933,1,"IOTHUB_CLIENT_CONFIRMATION_OK"
4427,10407656006,10407656056,1,"IOTHUB_CLIENT_CONFIRMATION_OK"
4428,10407656207,10407656269,1,"IOTHUB_CLIENT_CONFIRMATION_OK"
4429,10407656407,10407656444,1,"IOTHUB_CLIENT_CONFIRMATION_OK"
4430,10407656607,10407656649,1,"IOTHUB_CLIENT_CONFIRMATION_OK"
4431,10407656807,10407656855,1,"IOTHUB_CLIENT_CONFIRMATION_OK"
4432,10407657007,10407657053,1,"IOTHUB_CLIENT_CONFIRMATION_OK"
4433,10407657207,10407657262,1,"IOTHUB_CLIENT_CONFIRMATION_OK"
4434,10407657408,10407657452,1,"IOTHUB_CLIENT_CONFIRMATION_OK"
4435,10407657608,10407657655,1,"IOTHUB_CLIENT_CONFIRMATION_OK"
4436,10407657808,10407657846,1,"IOTHUB_CLIENT_CONFIRMATION_OK"
4437,10407658008,10407658056,1,"IOTHUB_CLIENT_CONFIRMATION_OK"
4438,10407658208,10407658262,1,"IOTHUB_CLIENT_CONFIRMATION_OK"
4439,10407658408,10407658439,1,"IOTHUB_CLIENT_CONFIRMATION_OK"
4440,10407658608,10407658652,1,"IOTHUB_CLIENT_CONFIRMATION_OK"
4441,10407658809,10407658972,1,"IOTHUB_CLIENT_CONFIRMATION_OK"
4442,10407659009,10407659050,1,"IOTHUB_CLIENT_CONFIRMATION_OK"
4443,10407659209,10407659244,1,"IOTHUB_CLIENT_CONFIRMATION_OK"
4444,10407659409,10407659470,1,"IOTHUB_CLIENT_CONFIRMATION_OK"
4445,10407659609,10407659655,1,"IOTHUB_CLIENT_CONFIRMATION_OK"
4446,10407659809,10407659854,1,"IOTHUB_CLIENT_CONFIRMATION_OK"
4447,10407660009,10407660069,1,"IOTHUB_CLIENT_CONFIRMATION_OK"
4448,10407660210,10407660260,1,"IOTHUB_CLIENT_CONFIRMATION_OK"
4449,10407660410,10407660451,1,"IOTHUB_CLIENT_CONFIRMATION_OK"
4450,10407660610,10407660655,1,"IOTHUB_CLIENT_CONFIRMATION_OK"
4451,10407660810,10407660854,1,"IOTHUB_CLIENT_CONFIRMATION_OK"
4452,10407661010,10407661062,1,"IOTHUB_CLIENT_CONFIRMATION_OK"
4453,10407661210,10407661295,1,"IOTHUB_CLIENT_CONFIRMATION_OK"
4454,10407661411,10407661443,1,"IOTHUB_CLIENT_CONFIRMATION_OK"
4455,10407661611,10407661649,1,"IOTHUB_CLIENT_CONFIRMATION_OK"
4456,10407661811,10407661901,1,"IOTHUB_CLIENT_CONFIRMATION_OK"
4457,10407662011,10407662068,1,"IOTHUB_CLIENT_CONFIRMATION_OK"
4458,10407662211,10407662259,1,"IOTHUB_CLIENT_CONFIRMATION_OK"
4459,10407662411,10407662487,1,"IOTHUB_CLIENT_CONFIRMATION_OK"
4460,10407662612,10407662694,1,"IOTHUB_CLIENT_CONFIRMATION_OK"
4461,10407662812,10407662862,1,"IOTHUB_CLIENT_CONFIRMATION_OK"
4462,10407663012,10407663066,1,"IOTHUB_CLIENT_CONFIRMATION_OK"
4463,10407663212,10407663274,1,"IOTHUB_CLIENT_CONFIRMATION_OK"
4464,10407663412,10407663476,1,"IOTHUB_CLIENT_CONFIRMATION_OK"
4465,10407663612,10407663653,1,"IOTHUB_CLIENT_CONFIRMATION_OK"
4466,10407663812,10407663891,1,"IOTHUB_CLIENT_CONFIRMATION_OK"
4467,10407664013,10407664045,1,"IOTHUB_CLIENT_CONFIRMATION_OK"
4468,10407664213,10407664258,1,"IOTHUB_CLIENT_CONFIRMATION_OK"
4469,10407664413,10407664450,1,"IOTHUB_CLIENT_CONFIRMATION_OK"
4470,10407664613,10407664655,1,"IOTHUB_CLIENT_CONFIRMATION_OK"
4471,10407664813,10407664859,1,"IOTHUB_CLIENT_CONFIRMATION_OK"
4472,10407665013,10407665060,1,"IOTHUB_CLIENT_CONFIRMATION_OK"
4473,10407665214,10407665303,1,"IOTHUB_CLIENT_CONFIRMATION_OK"
4474,10407665414,10407665456,1,"IOTHUB_CLIENT_CONFIRMATION_OK"
4475,10407665614,10407665660,1,"IOTHUB_CLIENT_CONFIRMATION_OK"
4476,10407665814,10407665943,1,"IOTHUB_CLIENT_CONFIRMATION_OK"
4477,10407666014,10407666069,1,"IOTHUB_CLIENT_CONFIRMATION_OK"
4478,10407666214,10407666262,1,"IOTHUB_CLIENT_CONFIRMATION_OK"
4479,10407666414,10407666455,1,"IOTHUB_CLIENT_CONFIRMATION_OK"
4480,10407666615,10407666665,1,"IOTHUB_CLIENT_CONFIRMATION_OK"
4481,10407666815,10407666866,1,"IOTHUB_CLIENT_CONFIRMATION_OK"
4482,10407667015,10407667075,1,"IOTHUB_CLIENT_CONFIRMATION_OK"
4483,10407667215,10407667276,1,"IOTHUB_CLIENT_CONFIRMATION_OK"
4484,10407667415,10407667466,1,"IOTHUB_CLIENT_CONFIRMATION_OK"
4485,10407667615,10407667656,1,"IOTHUB_CLIENT_CONFIRMATION_OK"
4486,10407667816,10407667857,1,"IOTHUB_CLIENT_CONFIRMATION_OK"
4487,10407668016,10407668065,1,"IOTHUB_CLIENT_CONFIRMATION_OK"
4488,10407668216,10407668255,1,"IOTHUB_CLIENT_CONFIRMATION_OK"
4489,10407668416,10407668466,1,"IOTHUB_CLIENT_CONFIRMATION_OK"
4490,10407668616,10407668670,1,"IOTHUB_CLIENT_CONFIRMATION_OK"
4491,10407668816,10407668856,1,"IOTHUB_CLIENT_CONFIRMATION_OK"
4492,10407669017,10407669061,1,"IOTHUB_CLIENT_CONFIRMATION_OK"
4493,10407669217,10407669270,1,"IOTHUB_CLIENT_CONFIRMATION_OK"
4494,10407669417,10407669474,1,"IOTHUB_CLIENT_CONFIRMATION_OK"
4495,10407669617,10407669673,1,"IOTHUB_CLIENT_CONFIRMATION_OK"
4496,10407669817,10407669904,1,"IOTHUB_CLIENT_CONFIRMATION_OK"
4497,10407670017,10407670064,1,"IOTHUB_CLIENT_CONFIRMATION_OK"
4498,10407670218,10407670364,1,"IOTHUB_CLIENT_CONFIRMATION_OK"
4499,10407670418,10407670482,1,"IOTHUB_CLIENT_CONFIRMATION_OK"
4500,10407670618,10407670682,1,"IOTHUB_CLIENT_CONFIRMATION_OK"
4501,10407670818,10407670867,1,"IOTHUB_CLIENT_CONFIRMATION_OK"
4502,10407671018,10407671078,1,"IOTHUB_CLIENT_CONFIRMATION_OK"
4503,10407671218,10407671274,1,"IOTHUB_CLIENT_CONFIRMATION_OK"
4504,10407671418,10407671472,1,"IOTHUB_CLIENT_CONFIRMATION_OK"
4505,10407671619,10407671657,1,"IOTHUB_CLIENT_CONFIRMATION_OK"
4506,10407671819,10407671937,1,"IOTHUB_CLIENT_CONFIRMATION_OK"
4507,10407672019,10407672088,1,"IOTHUB_CLIENT_CONFIRMATION_OK"
4508,10407672219,10407672258,1,"IOTHUB_CLIENT_CONFIRMATION_OK"
4509,10407672419,10407672463,1,"IOTHUB_CLIENT_CONFIRMATION_OK"
4510,10407672619,10407672659,1,"IOTHUB_CLIENT_CONFIRMATION_OK"
4511,10407672819,10407672861,1,"IOTHUB_CLIENT_CONFIRMATION_OK"
4512,10407673020,10407673067,1,"IOTHUB_CLIENT_CONFIRMATION_OK"
4513,10407673220,10407673277,1,"IOTHUB_CLIENT_CONFIRMATION_OK"
4514,10407673420,10407673460,1,"IOTHUB_CLIENT_CONFIRMATION_OK"
4515,10407673620,10407673664,1,"IOTHUB_CLIENT_CONFIRMATION_OK"
4516,10407673820,10407674055,1,"IOTHUB_CLIENT_CONFIRMATION_OK"
4517,10407674020,10407674096,1,"IOTHUB_CLIENT_CONFIRMATION_OK"
4518,10407674221,10407674293,1,"IOTHUB_CLIENT_CONFIRMATION_OK"
4519,10407674421,10407674474,1,"IOTHUB_CLIENT_CONFIRMATION_OK"
4520,10407674621,10407674674,1,"IOTHUB_CLIENT_CONFIRMATION_OK"
4521,10407674821,10407674869,1,"IOTHUB_CLIENT_CONFIRMATION_OK"
4522,10407675021,10407675062,1,"IOTHUB_CLIENT_CONFIRMATION_OK"
4523,10407675221,10407675261,1,"IOTHUB_CLIENT_CONFIRMATION_OK"
4524,10407675422,10407675466,1,"IOTHUB_CLIENT_CONFIRMATION_OK"
4525,10407675622,10407675779,1,"IOTHUB_CLIENT_CONFIRMATION_OK"
4526,10407675822,10407675863,1,"IOTHUB_CLIENT_CONFIRMATION_OK"
4527,10407676022,10407676060,1,"IOTHUB_CLIENT_CONFIRMATION_OK"
4528,10407676222,10407676310,1,"IOTHUB_CLIENT_CONFIRMATION_OK"
4529,10407676422,10407676490,1,"IOTHUB_CLIENT_CONFIRMATION_OK"
4530,10407676623,10407676681,1,"IOTHUB_CLIENT_CONFIRMATION_OK"
4531,10407676823,10407676869,1,"IOTHUB_CLIENT_CONFIRMATION_OK"
4532,10407677023,10407677070,1,"IOTHUB_CLIENT_CONFIRMATION_OK"
4533,10407677223,10407677273,1,"IOTHUB_CLIENT_CONFIRMATION_OK"
4534,10407677423,10407677462,1,"IOTHUB_CLIENT_CONFIRMATION_OK"
4535,10407677623,10407677677,1,"IOTHUB_CLIENT_CONFIRMATION_OK"
4536,10407677824,10407677874,1,"IOTHUB_CLIENT_CONFIRMATION_OK"
4537,10407678024,10407678070,1,"IOTHUB_CLIENT_CONFIRMATION_OK"
4538,10407678224,10407678272,1,"IOTHUB_CLIENT_CONFIRMATION_OK"
4539,10407678424,10407678472,1,"IOTHUB_CLIENT_CONFIRMATION_OK"
4540,10407678624,10407678686,1,"IOTHUB_CLIENT_CONFIRMATION_OK"
4541,10407678824,10407678883,1,"IOTHUB_CLIENT_CONFIRMATION_OK"
4542,10407679024,10407679075,1,"IOTHUB_CLIENT_CONFIRMATION_OK"
4543,10407679225,10407679271,1,"IOTHUB_CLIENT_CONFIRMATION_OK"
4544,10407679425,10407679480,1,"IOTHUB_CLIENT_CONFIRMATION_OK"
4545,10407679625,10407679674,1,"IOTHUB_CLIENT_CONFIRMATION_OK"
4546,10407679825,10407679871,1,"IOTHUB_CLIENT_CONFIRMATION_OK"
4547,10407680025,10407680085,1,"IOTHUB_CLIENT_CONFIRMATION_OK"
4548,10407680225,10407680272,1,"IOTHUB_CLIENT_CONFIRMATION_OK"
4549,10407680426,10407680488,1,"IOTHUB_CLIENT_CONFIRMATION_OK"
4550,10407680626,10407680730,1,"IOTHUB_CLIENT_CONFIRMATION_OK"
4551,10407680826,10407680874,1,"IOTHUB_CLIENT_CONFIRMATION_OK"
4552,10407681026,10407681080,1,"IOTHUB_CLIENT_CONFIRMATION_OK"
4553,10407681226,10407681302,1,"IOTHUB_CLIENT_CONFIRMATION_OK"
4554,10407681426,10407681485,1,"IOTHUB_CLIENT_CONFIRMATION_OK"
4555,10407681626,10407681674,1,"IOTHUB_CLIENT_CONFIRMATION_OK"
4556,10407681827,10407681919,1,"IOTHUB_CLIENT_CONFIRMATION_OK"
4557,10407682027,10407682080,1,"IOTHUB_CLIENT_CONFIRMATION_OK"
4558,10407682227,10407682266,1,"IOTHUB_CLIENT_CONFIRMATION_OK"
4559,10407682427,10407682465,1,"IOTHUB_CLIENT_CONFIRMATION_OK"
4560,10407682627,10407682671,1,"IOTHUB_CLIENT_CONFIRMATION_OK"
4561,10407682827,10407682880,1,"IOTHUB_CLIENT_CONFIRMATION_OK"
4562,10407683028,10407683067,1,"IOTHUB_CLIENT_CONFIRMATION_OK"
4563,10407683228,10407683327,1,"IOTHUB_CLIENT_CONFIRMATION_OK"
4564,10407683428,10407683507,1,"IOTHUB_CLIENT_CONFIRMATION_OK"
4565,10407683628,10407683676,1,"IOTHUB_CLIENT_CONFIRMATION_OK"
4566,10407683828,10407683976,1,"IOTHUB_CLIENT_CONFIRMATION_OK"
4567,10407684028,10407684077,1,"IOTHUB_CLIENT_CONFIRMATION_OK"
4568,10407684229,10407684278,1,"IOTHUB_CLIENT_CONFIRMATION_OK"
4569,10407684429,10407684468,1,"IOTHUB_CLIENT_CONFIRMATION_OK"
4570,10407684629,10407684723,1,"IOTHUB_CLIENT_CONFIRMATION_OK"
4571,10407684829,10407684876,1,"IOTHUB_CLIENT_CONFIRMATION_OK"
4572,10407685029,10407685097,1,"IOTHUB_CLIENT_CONFIRMATION_OK"
4573,10407685229,10407685274,1,"IOTHUB_CLIENT_CONFIRMATION_OK"
4574,10407685430,10407685534,1,"IOTHUB_CLIENT_CONFIRMATION_OK"
4575,10407685630,10407685676,1,"IOTHUB_CLIENT_CONFIRMATION_OK"
4576,10407685830,10407686009,1,"IOTHUB_CLIENT_CONFIRMATION_OK"
4577,10407686030,10407686086,1,"IOTHUB_CLIENT_CONFIRMATION_OK"
4578,10407686230,10407686287,1,"IOTHUB_CLIENT_CONFIRMATION_OK"
4579,10407686430,10407686472,1,"IOTHUB_CLIENT_CONFIRMATION_OK"
4580,10407686630,10407686685,1,"IOTHUB_CLIENT_CONFIRMATION_OK"
4581,10407686831,10407686896,1,"IOTHUB_CLIENT_CONFIRMATION_OK"
4582,10407687031,10407687074,1,"IOTHUB_CLIENT_CONFIRMATION_OK"
4583,10407687231,10407687313,1,"IOTHUB_CLIENT_CONFIRMATION_OK"
4584,10407687431,10407687489,1,"IOTHUB_CLIENT_CONFIRMATION_OK"
4585,10407687631,10407687671,1,"IOTHUB_CLIENT_CONFIRMATION_OK"
4586,10407687831,10407687887,1,"IOTHUB_CLIENT_CONFIRMATION_OK"
4587,10407688032,10407688087,1,"IOTHUB_CLIENT_CONFIRMATION_OK"
4588,10407688232,10407688341,1,"IOTHUB_CLIENT_CONFIRMATION_OK"
4589,10407688432,10407688474,1,"IOTHUB_CLIENT_CONFIRMATION_OK"
4590,10407688632,10407688691,1,"IOTHUB_CLIENT_CONFIRMATION_OK"
4591,10407688832,10407688873,1,"IOTHUB_CLIENT_CONFIRMATION_OK"
4592,10407689032,10407689088,1,"IOTHUB_CLIENT_CONFIRMATION_OK"
4593,10407689233,10407689294,1,"IOTHUB_CLIENT_CONFIRMATION_OK"
4594,10407689433,10407689474,1,"IOTHUB_CLIENT_CONFIRMATION_OK"
4595,10407689633,10407689704,1,"IOTHUB_CLIENT_CONFIRMATION_OK"
4596,10407689833,10407689903,1,"IOTHUB_CLIENT_CONFIRMATION_OK"
4597,10407690033,10407690077,1,"IOTHUB_CLIENT_CONFIRMATION_OK"
4598,10407690233,10407690301,1,"IOTHUB_CLIENT_CONFIRMATION_OK"
4599,10407690434,10407690476,1,"IOTHUB_CLIENT_CONFIRMATION_OK"
4600,10407690634,10407690677,1,"IOTHUB_CLIENT_CONFIRMATION_OK"
4601,10407690834,10407690896,1,"IOTHUB_CLIENT_CONFIRMATION_OK"
4602,10407691034,10407691087,1,"IOTHUB_CLIENT_CONFIRMATION_OK"
4603,10407691234,10407691300,1,"IOTHUB_CLIENT_CONFIRMATION_OK"
4604,10407691434,10407691507,1,"IOTHUB_CLIENT_CONFIRMATION_OK"
4605,10407691634,10407691677,1,"IOTHUB_CLIENT_CONFIRMATION_OK"
4606,10407691835,10407691894,1,"IOTHUB_CLIENT_CONFIRMATION_OK"
4607,10407692035,10407692079,1,"IOTHUB_CLIENT_CONFIRMATION_OK"
4608,10407692235,10407692283,1,"IOTHUB_CLIENT_CONFIRMATION_OK"
4609,10407692435,10407692511,1,"IOTHUB_CLIENT_CONFIRMATION_OK"
4610,10407692635,10407692690,1,"IOTHUB_CLIENT_CONFIRMATION_OK"
4611,10407692835,10407692889,1,"IOTHUB_CLIENT_CONFIRMATION_OK"
4612,10407693036,10407693083,1,"IOTHUB_CLIENT_CONFIRMATION_OK"
4613,10407693236,10407693349,1,"IOTHUB_CLIENT_CONFIRMATION_OK"
4614,10407693436,10407693500,1,"IOTHUB_CLIENT_CONFIRMATION_OK"
4615,10407693636,10407693706,1,"IOTHUB_CLIENT_CONFIRMATION_OK"
4616,10407693836,10407693978,1,"IOTHUB_CLIENT_CONFIRMATION_OK"
4617,10407694036,10407694089,1,"IOTHUB_CLIENT_CONFIRMATION_OK"
4618,10407694236,10407694271,1,"IOTHUB_CLIENT_CONFIRMATION_OK"
4619,10407694437,10407694535,1,"IOTHUB_CLIENT_CONFIRMATION_OK"
4620,10407694637,10407694684,1,"IOTHUB_CLIENT_CONFIRMATION_OK"
4621,10407694837,10407694889,1,"IOTHUB_CLIENT_CONFIRMATION_OK"
4622,10407695037,10407695076,1,"IOTHUB_CLIENT_CONFIRMATION_OK"
4623,10407695237,10407695296,1,"IOTHUB_CLIENT_CONFIRMATION_OK"
4624,10407695437,10407695486,1,"IOTHUB_CLIENT_CONFIRMATION_OK"
4625,10407695638,10407695675,1,"IOTHUB_CLIENT_CONFIRMATION_OK"
4626,10407695838,10407695887,1,"IOTHUB_CLIENT_CONFIRMATION_OK"
4627,10407696038,10407696087,1,"IOTHUB_CLIENT_CONFIRMATION_OK"
4628,10407696238,10407696278,1,"IOTHUB_CLIENT_CONFIRMATION_OK"
4629,10407696438,10407696477,1,"IOTHUB_CLIENT_CONFIRMATION_OK"
4630,10407696638,10407696694,1,"IOTHUB_CLIENT_CONFIRMATION_OK"
4631,10407696839,10407696897,1,"IOTHUB_CLIENT_CONFIRMATION_OK"
4632,10407697039,10407697087,1,"IOTHUB_CLIENT_CONFIRMATION_OK"
4633,10407697239,10407697280,1,"IOTHUB_CLIENT_CONFIRMATION_OK"
4634,10407697439,10407697497,1,"IOTHUB_CLIENT_CONFIRMATION_OK"
4635,10407697639,10407697697,1,"IOTHUB_CLIENT_CONFIRMATION_OK"
4636,10407697839,10407697906,1,"IOTHUB_CLIENT_CONFIRMATION_OK"
4637,10407698039,10407698101,1,"IOTHUB_CLIENT_CONFIRMATION_OK"
4638,10407698240,10407698284,1,"IOTHUB_CLIENT_CONFIRMATION_OK"
4639,10407698440,10407698497,1,"IOTHUB_CLIENT_CONFIRMATION_OK"
4640,10407698640,10407698705,1,"IOTHUB_CLIENT_CONFIRMATION_OK"
4641,10407698840,10407698899,1,"IOTHUB_CLIENT_CONFIRMATION_OK"
4642,10407699040,10407699100,1,"IOTHUB_CLIENT_CONFIRMATION_OK"
4643,10407699240,10407699351,1,"IOTHUB_CLIENT_CONFIRMATION_OK"
4644,10407699441,10407699490,1,"IOTHUB_CLIENT_CONFIRMATION_OK"
4645,10407699641,10407699680,1,"IOTHUB_CLIENT_CONFIRMATION_OK"
4646,10407699841,10407699881,1,"IOTHUB_CLIENT_CONFIRMATION_OK"
4647,10407700041,10407700083,1,"IOTHUB_CLIENT_CONFIRMATION_OK"
4648,10407700241,10407700413,1,"IOTHUB_CLIENT_CONFIRMATION_OK"
4649,10407700441,10407700491,1,"IOTHUB_CLIENT_CONFIRMATION_OK"
4650,10407700642,10407700692,1,"IOTHUB_CLIENT_CONFIRMATION_OK"
4651,10407700842,10407700882,1,"IOTHUB_CLIENT_CONFIRMATION_OK"
4652,10407701042,10407701099,1,"IOTHUB_CLIENT_CONFIRMATION_OK"
4653,10407701242,10407701279,1,"IOTHUB_CLIENT_CONFIRMATION_OK"
4654,10407701442,10407701487,1,"IOTHUB_CLIENT_CONFIRMATION_OK"
4655,10407701642,10407701706,1,"IOTHUB_CLIENT_CONFIRMATION_OK"
4656,10407701843,10407701914,1,"IOTHUB_CLIENT_CONFIRMATION_OK"
4657,10407702043,10407702086,1,"IOTHUB_CLIENT_CONFIRMATION_OK"
4658,10407702243,10407702284,1,"IOTHUB_CLIENT_CONFIRMATION_OK"
4659,10407702443,10407702478,1,"IOTHUB_CLIENT_CONFIRMATION_OK"
4660,10407702643,10407702679,1,"IOTHUB_CLIENT_CONFIRMATION_OK"
4661,10407702843,10407702882,1,"IOTHUB_CLIENT_CONFIRMATION_OK"
4662,10407703043,10407703087,1,"IOTHUB_CLIENT_CONFIRMATION_OK"
4663,10407703244,10407703345,1,"IOTHUB_CLIENT_CONFIRMATION_OK"
4664,10407703444,10407703483,1,"IOTHUB_CLIENT_CONFIRMATION_OK"
4665,10407703644,10407703687,1,"IOTHUB_CLIENT_CONFIRMATION_OK"
4666,10407703844,10407703982,1,"IOTHUB_CLIENT_CONFIRMATION_OK"
4667,10407704044,10407704102,1,"IOTHUB_CLIENT_CONFIRMATION_OK"
4668,10407704244,10407704287,1,"IOTHUB_CLIENT_CONFIRMATION_OK"
4669,10407704445,10407704495,1,"IOTHUB_CLIENT_CONFIRMATION_OK"
4670,10407704645,10407704689,1,"IOTHUB_CLIENT_CONFIRMATION_OK"
4671,10407704845,10407704956,1,"IOTHUB_CLIENT_CONFIRMATION_OK"
4672,10407705045,10407705094,1,"IOTHUB_CLIENT_CONFIRMATION_OK"
4673,10407705245,10407705296,1,"IOTHUB_CLIENT_CONFIRMATION_OK"
4674,10407705445,10407705485,1,"IOTHUB_CLIENT_CONFIRMATION_OK"
4675,10407705646,10407705683,1,"IOTHUB_CLIENT_CONFIRMATION_OK"
4676,10407705846,10407705999,1,"IOTHUB_CLIENT_CONFIRMATION_OK"
4677,10407706046,10407706090,1,"IOTHUB_CLIENT_CONFIRMATION_OK"
4678,10407706246,10407706280,1,"IOTHUB_CLIENT_CONFIRMATION_OK"
4679,10407706446,10407706499,1,"IOTHUB_CLIENT_CONFIRMATION_OK"
4680,10407706646,10407706701,1,"IOTHUB_CLIENT_CONFIRMATION_OK"
4681,10407706847,10407706904,1,"IOTHUB_CLIENT_CONFIRMATION_OK"
4682,10407707047,10407707092,1,"IOTHUB_CLIENT_CONFIRMATION_OK"
4683,10407707247,10407707305,1,"IOTHUB_CLIENT_CONFIRMATION_OK"
4684,10407707447,10407707498,1,"IOTHUB_CLIENT_CONFIRMATION_OK"
4685,10407707647,10407707703,1,"IOTHUB_CLIENT_CONFIRMATION_OK"
4686,10407707847,10407708037,1,"IOTHUB_CLIENT_CONFIRMATION_OK"
4687,10407708048,10407708093,1,"IOTHUB_CLIENT_CONFIRMATION_OK"
4688,10407708248,10407708295,1,"IOTHUB_CLIENT_CONFIRMATION_OK"
4689,10407708448,10407708490,1,"IOTHUB_CLIENT_CONFIRMATION_OK"
4690,10407708648,10407708699,1,"IOTHUB_CLIENT_CONFIRMATION_OK"
4691,10407708848,10407708904,1,"IOTHUB_CLIENT_CONFIRMATION_OK"
4692,10407709048,10407709099,1,"IOTHUB_CLIENT_CONFIRMATION_OK"
4693,10407709249,10407709341,1,"IOTHUB_CLIENT_CONFIRMATION_OK"
4694,10407709449,10407709491,1,"IOTHUB_CLIENT_CONFIRMATION_OK"
4695,10407709649,10407709704,1,"IOTHUB_CLIENT_CONFIRMATION_OK"
4696,10407709849,10407709891,1,"IOTHUB_CLIENT_CONFIRMATION_OK"
4697,10407710049,10407710191,1,"IOTHUB_CLIENT_CONFIRMATION_OK"
4698,10407710249,10407710315,1,"IOTHUB_CLIENT_CONFIRMATION_OK"
4699,10407710450,10407710520,1,"IOTHUB_CLIENT_CONFIRMATION_OK"
4700,10407710650,10407710708,1,"IOTHUB_CLIENT_CONFIRMATION_OK"
4701,10407710850,10407710939,1,"IOTHUB_CLIENT_CONFIRMATION_OK"
4702,10407711050,10407711088,1,"IOTHUB_CLIENT_CONFIRMATION_OK"
4703,10407711250,10407711301,1,"IOTHUB_CLIENT_CONFIRMATION_OK"
4704,10407711450,10407711497,1,"IOTHUB_CLIENT_CONFIRMATION_OK"
4705,10407711650,10407711689,1,"IOTHUB_CLIENT_CONFIRMATION_OK"
4706,10407711851,10407711900,1,"IOTHUB_CLIENT_CONFIRMATION_OK"
4707,10407712051,10407712121,1,"IOTHUB_CLIENT_CONFIRMATION_OK"
4708,10407712251,10407712293,1,"IOTHUB_CLIENT_CONFIRMATION_OK"
4709,10407712451,10407712490,1,"IOTHUB_CLIENT_CONFIRMATION_OK"
4710,10407712651,10407712717,1,"IOTHUB_CLIENT_CONFIRMATION_OK"
4711,10407712851,10407712998,1,"IOTHUB_CLIENT_CONFIRMATION_OK"
4712,10407713052,10407713123,1,"IOTHUB_CLIENT_CONFIRMATION_OK"
4713,10407713252,10407713329,1,"IOTHUB_CLIENT_CONFIRMATION_OK"
4714,10407713452,10407713507,1,"IOTHUB_CLIENT_CONFIRMATION_OK"
4715,10407713652,10407713697,1,"IOTHUB_CLIENT_CONFIRMATION_OK"
4716,10407713852,10407714020,1,"IOTHUB_CLIENT_CONFIRMATION_OK"
4717,10407714052,10407714100,1,"IOTHUB_CLIENT_CONFIRMATION_OK"
4718,10407714252,10407714293,1,"IOTHUB_CLIENT_CONFIRMATION_OK"
4719,10407714453,10407714514,1,"IOTHUB_CLIENT_CONFIRMATION_OK"
4720,10407714653,10407714716,1,"IOTHUB_CLIENT_CONFIRMATION_OK"
4721,10407714853,10407714897,1,"IOTHUB_CLIENT_CONFIRMATION_OK"
4722,10407715053,10407715090,1,"IOTHUB_CLIENT_CONFIRMATION_OK"
4723,10407715253,10407715296,1,"IOTHUB_CLIENT_CONFIRMATION_OK"
4724,10407715453,10407715488,1,"IOTHUB_CLIENT_CONFIRMATION_OK"
4725,10407715654,10407715709,1,"IOTHUB_CLIENT_CONFIRMATION_OK"
4726,10407715854,10407715915,1,"IOTHUB_CLIENT_CONFIRMATION_OK"
4727,10407716054,10407716128,1,"IOTHUB_CLIENT_CONFIRMATION_OK"
4728,10407716254,10407716293,1,"IOTHUB_CLIENT_CONFIRMATION_OK"
4729,10407716454,10407716524,1,"IOTHUB_CLIENT_CONFIRMATION_OK"
4730,10407716654,10407716696,1,"IOTHUB_CLIENT_CONFIRMATION_OK"
4731,10407716855,10407716900,1,"IOTHUB_CLIENT_CONFIRMATION_OK"
4732,10407717055,10407717102,1,"IOTHUB_CLIENT_CONFIRMATION_OK"
4733,10407717255,10407717294,1,"IOTHUB_CLIENT_CONFIRMATION_OK"
4734,10407717455,10407717497,1,"IOTHUB_CLIENT_CONFIRMATION_OK"
4735,10407717655,10407717706,1,"IOTHUB_CLIENT_CONFIRMATION_OK"
4736,10407717855,10407717904,1,"IOTHUB_CLIENT_CONFIRMATION_OK"
4737,10407718055,10407718098,1,"IOTHUB_CLIENT_CONFIRMATION_OK"
4738,10407718256,10407718325,1,"IOTHUB_CLIENT_CONFIRMATION_OK"
4739,10407718456,10407718505,1,"IOTHUB_CLIENT_CONFIRMATION_OK"
4740,10407718656,10407718703,1,"IOTHUB_CLIENT_CONFIRMATION_OK"
4741,10407718856,10407718907,1,"IOTHUB_CLIENT_CONFIRMATION_OK"
4742,10407719056,10407719101,1,"IOTHUB_CLIENT_CONFIRMATION_OK"
4743,10407719256,10407719329,1,"IOTHUB_CLIENT_CONFIRMATION_OK"
4744,10407719457,10407719506,1,"IOTHUB_CLIENT_CONFIRMATION_OK"
4745,10407719657,10407719702,1,"IOTHUB_CLIENT_CONFIRMATION_OK"
4746,10407719857,10407719914,1,"IOTHUB_CLIENT_CONFIRMATION_OK"
4747,10407720057,10407720106,1,"IOTHUB_CLIENT_CONFIRMATION_OK"
4748,10407720257,10407720293,1,"IOTHUB_CLIENT_CONFIRMATION_OK"
4749,10407720457,10407720499,1,"IOTHUB_CLIENT_CONFIRMATION_OK"
4750,10407720658,10407720710,1,"IOTHUB_CLIENT_CONFIRMATION_OK"
4751,10407720858,10407720926,1,"IOTHUB_CLIENT_CONFIRMATION_OK"
4752,10407721058,10407721124,1,"IOTHUB_CLIENT_CONFIRMATION_OK"
4753,10407721258,10407721357,1,"IOTHUB_CLIENT_CONFIRMATION_OK"
4754,10407721458,10407721510,1,"IOTHUB_CLIENT_CONFIRMATION_OK"
4755,10407721658,10407721702,1,"IOTHUB_CLIENT_CONFIRMATION_OK"
4756,10407721858,10407721957,1,"IOTHUB_CLIENT_CONFIRMATION_OK"
4757,10407722059,10407722105,1,"IOTHUB_CLIENT_CONFIRMATION_OK"
4758,10407722259,10407722328,1,"IOTHUB_CLIENT_CONFIRMATION_OK"
4759,10407722459,10407722525,1,"IOTHUB_CLIENT_CONFIRMATION_OK"
4760,10407722659,10407722697,1,"IOTHUB_CLIENT_CONFIRMATION_OK"
4761,10407722859,10407722914,1,"IOTHUB_CLIENT_CONFIRMATION_OK"
4762,10407723059,10407723095,1,"IOTHUB_CLIENT_CONFIRMATION_OK"
4763,10407723260,10407723300,1,"IOTHUB_CLIENT_CONFIRMATION_OK"
4764,10407723460,10407723502,1,"IOTHUB_CLIENT_CONFIRMATION_OK"
4765,10407723660,10407723780,1,"IOTHUB_CLIENT_CONFIRMATION_OK"
4766,10407723860,10407724014,1,"IOTHUB_CLIENT_CONFIRMATION_OK"
4767,10407724060,10407724114,1,"IOTHUB_CLIENT_CONFIRMATION_OK"
4768,10407724260,10407724311,1,"IOTHUB_CLIENT_CONFIRMATION_OK"
4769,10407724461,10407724509,1,"IOTHUB_CLIENT_CONFIRMATION_OK"
4770,10407724661,10407724705,1,"IOTHUB_CLIENT_CONFIRMATION_OK"
4771,10407724861,10407724924,1,"IOTHUB_CLIENT_CONFIRMATION_OK"
4772,10407725061,10407725114,1,"IOTHUB_CLIENT_CONFIRMATION_OK"
4773,10407725261,10407725312,1,"IOTHUB_CLIENT_CONFIRMATION_OK"
4774,10407725461,10407725498,1,"IOTHUB_CLIENT_CONFIRMATION_OK"
4775,10407725661,10407725720,1,"IOTHUB_CLIENT_CONFIRMATION_OK"
4776,10407725862,10407725918,1,"IOTHUB_CLIENT_CONFIRMATION_OK"
4777,10407726062,10407726114,1,"IOTHUB_CLIENT_CONFIRMATION_OK"
4778,10407726262,10407726317,1,"IOTHUB_CLIENT_CONFIRMATION_OK"
4779,10407726462,10407726503,1,"IOTHUB_CLIENT_CONFIRMATION_OK"
4780,10407726662,10407726717,1,"IOTHUB_CLIENT_CONFIRMATION_OK"
4781,10407726862,10407726908,1,"IOTHUB_CLIENT_CONFIRMATION_OK"
4782,10407727063,10407727113,1,"IOTHUB_CLIENT_CONFIRMATION_OK"
4783,10407727263,10407727326,1,"IOTHUB_CLIENT_CONFIRMATION_OK"
4784,10407727463,10407727508,1,"IOTHUB_CLIENT_CONFIRMATION_OK"
4785,10407727663,10407727742,1,"IOTHUB_CLIENT_CONFIRMATION_OK"
4786,10407727863,10407727949,1,"IOTHUB_CLIENT_CONFIRMATION_OK"
4787,10407728063,10407728105,1,"IOTHUB_CLIENT_CONFIRMATION_OK"
4788,10407728263,10407728313,1,"IOTHUB_CLIENT_CONFIRMATION_OK"
4789,10407728464,10407728508,1,"IOTHUB_CLIENT_CONFIRMATION_OK"
4790,10407728664,10407728710,1,"IOTHUB_CLIENT_CONFIRMATION_OK"
4791,10407728864,10407728917,1,"IOTHUB_CLIENT_CONFIRMATION_OK"
4792,10407729064,10407729113,1,"IOTHUB_CLIENT_CONFIRMATION_OK"
4793,10407729264,10407729369,1,"IOTHUB_CLIENT_CONFIRMATION_OK"
4794,10407729464,10407729518,1,"IOTHUB_CLIENT_CONFIRMATION_OK"
4795,10407729665,10407729752,1,"IOTHUB_CLIENT_CONFIRMATION_OK"
4796,10407729865,10407730030,1,"IOTHUB_CLIENT_CONFIRMATION_OK"
4797,10407730065,10407730106,1,"IOTHUB_CLIENT_CONFIRMATION_OK"
4798,10407730265,10407730333,1,"IOTHUB_CLIENT_CONFIRMATION_OK"
4799,10407730465,10407730523,1,"IOTHUB_CLIENT_CONFIRMATION_OK"
4800,10407730665,10407730730,1,"IOTHUB_CLIENT_CONFIRMATION_OK"
4801,10407730866,10407730904,1,"IOTHUB_CLIENT_CONFIRMATION_OK"
4802,10407731066,10407731121,1,"IOTHUB_CLIENT_CONFIRMATION_OK"
4803,10407731266,10407731332,1,"IOTHUB_CLIENT_CONFIRMATION_OK"
4804,10407731466,10407731522,1,"IOTHUB_CLIENT_CONFIRMATION_OK"
4805,10407731666,10407731739,1,"IOTHUB_CLIENT_CONFIRMATION_OK"
4806,10407731866,10407732027,1,"IOTHUB_CLIENT_CONFIRMATION_OK"
4807,10407732067,10407732104,1,"IOTHUB_CLIENT_CONFIRMATION_OK"
4808,10407732267,10407732305,1,"IOTHUB_CLIENT_CONFIRMATION_OK"
4809,10407732467,10407732516,1,"IOTHUB_CLIENT_CONFIRMATION_OK"
4810,10407732667,10407732728,1,"IOTHUB_CLIENT_CONFIRMATION_OK"
4811,10407732867,10407732947,1,"IOTHUB_CLIENT_CONFIRMATION_OK"
4812,10407733067,10407733129,1,"IOTHUB_CLIENT_CONFIRMATION_OK"
4813,10407733267,10407733329,1,"IOTHUB_CLIENT_CONFIRMATION_OK"
4814,10407733468,10407733512,1,"IOTHUB_CLIENT_CONFIRMATION_OK"
4815,10407733668,10407733737,1,"IOTHUB_CLIENT_CONFIRMATION_OK"
4816,10407733868,10407733910,1,"IOTHUB_CLIENT_CONFIRMATION_OK"
4817,10407734068,10407734109,1,"IOTHUB_CLIENT_CONFIRMATION_OK"
4818,10407734268,10407734326,1,"IOTHUB_CLIENT_CONFIRMATION_OK"
4819,10407734468,10407734515,1,"IOTHUB_CLIENT_CONFIRMATION_OK"
4820,10407734669,10407734714,1,"IOTHUB_CLIENT_CONFIRMATION_OK"
4821,10407734869,10407734927,1,"IOTHUB_CLIENT_CONFIRMATION_OK"
4822,10407735069,10407735117,1,"IOTHUB_CLIENT_CONFIRMATION_OK"
4823,10407735269,10407735425,1,"IOTHUB_CLIENT_CONFIRMATION_OK"
4824,10407735469,10407735548,1,"IOTHUB_CLIENT_CONFIRMATION_OK"
4825,10407735669,10407735727,1,"IOTHUB_CLIENT_CONFIRMATION_OK"
4826,10407735870,10407736026,1,"IOTHUB_CLIENT_CONFIRMATION_OK"
4827,10407736070,10407736120,1,"IOTHUB_CLIENT_CONFIRMATION_OK"
4828,10407736270,10407736315,1,"IOTHUB_CLIENT_CONFIRMATION_OK"
4829,10407736470,10407736505,1,"IOTHUB_CLIENT_CONFIRMATION_OK"
4830,10407736670,10407736726,1,"IOTHUB_CLIENT_CONFIRMATION_OK"
4831,10407736870,10407736916,1,"IOTHUB_CLIENT_CONFIRMATION_OK"
4832,10407737070,10407737119,1,"IOTHUB_CLIENT_CONFIRMATION_OK"
4833,10407737271,10407737317,1,"IOTHUB_CLIENT_CONFIRMATION_OK"
4834,10407737471,10407737540,1,"IOTHUB_CLIENT_CONFIRMATION_OK"
4835,10407737671,10407737752,1,"IOTHUB_CLIENT_CONFIRMATION_OK"
4836,10407737871,10407737928,1,"IOTHUB_CLIENT_CONFIRMATION_OK"
4837,10407738071,10407738137,1,"IOTHUB_CLIENT_CONFIRMATION_OK"
4838,10407738272,10407738315,1,"IOTHUB_CLIENT_CONFIRMATION_OK"
4839,10407738472,10407738522,1,"IOTHUB_CLIENT_CONFIRMATION_OK"
4840,10407738672,10407738719,1,"IOTHUB_CLIENT_CONFIRMATION_OK"
4841,10407738872,10407738926,1,"IOTHUB_CLIENT_CONFIRMATION_OK"
4842,10407739072,10407739142,1,"IOTHUB_CLIENT_CONFIRMATION_OK"
4843,10407739272,10407739313,1,"IOTHUB_CLIENT_CONFIRMATION_OK"
4844,10407739472,10407739537,1,"IOTHUB_CLIENT_CONFIRMATION_OK"
4845,10407739673,10407739758,1,"IOTHUB_CLIENT_CONFIRMATION_OK"
4846,10407739873,10407739917,1,"IOTHUB_CLIENT_CONFIRMATION_OK"
4847,10407740073,10407740119,1,"IOTHUB_CLIENT_CONFIRMATION_OK"
4848,10407740273,10407740322,1,"IOTHUB_CLIENT_CONFIRMATION_OK"
4849,10407740473,10407740520,1,"IOTHUB_CLIENT_CONFIRMATION_OK"
4850,10407740673,10407740754,1,"IOTHUB_CLIENT_CONFIRMATION_OK"
4851,10407740874,10407740998,1,"IOTHUB_CLIENT_CONFIRMATION_OK"
4852,10407741074,10407741107,1,"IOTHUB_CLIENT_CONFIRMATION_OK"
4853,10407741274,10407741393,1,"IOTHUB_CLIENT_CONFIRMATION_OK"
4854,10407741474,10407741545,1,"IOTHUB_CLIENT_CONFIRMATION_OK"
4855,10407741674,10407741725,1,"IOTHUB_CLIENT_CONFIRMATION_OK"
4856,10407741874,10407741975,1,"IOTHUB_CLIENT_CONFIRMATION_OK"
4857,10407742074,10407742123,1,"IOTHUB_CLIENT_CONFIRMATION_OK"
4858,10407742275,10407742322,1,"IOTHUB_CLIENT_CONFIRMATION_OK"
4859,10407742475,10407742519,1,"IOTHUB_CLIENT_CONFIRMATION_OK"
4860,10407742675,10407742721,1,"IOTHUB_CLIENT_CONFIRMATION_OK"
4861,10407742875,10407742908,1,"IOTHUB_CLIENT_CONFIRMATION_OK"
4862,10407743075,10407743142,1,"IOTHUB_CLIENT_CONFIRMATION_OK"
4863,10407743275,10407743334,1,"IOTHUB_CLIENT_CONFIRMATION_OK"
4864,10407743476,10407743518,1,"IOTHUB_CLIENT_CONFIRMATION_OK"
4865,10407743676,10407743719,1,"IOTHUB_CLIENT_CONFIRMATION_OK"
4866,10407743876,10407744027,1,"IOTHUB_CLIENT_CONFIRMATION_OK"
4867,10407744076,10407744143,1,"IOTHUB_CLIENT_CONFIRMATION_OK"
4868,10407744276,10407744322,1,"IOTHUB_CLIENT_CONFIRMATION_OK"
4869,10407744476,10407744517,1,"IOTHUB_CLIENT_CONFIRMATION_OK"
4870,10407744676,10407744726,1,"IOTHUB_CLIENT_CONFIRMATION_OK"
4871,10407744877,10407744933,1,"IOTHUB_CLIENT_CONFIRMATION_OK"
4872,10407745077,10407745157,1,"IOTHUB_CLIENT_CONFIRMATION_OK"
4873,10407745277,10407745331,1,"IOTHUB_CLIENT_CONFIRMATION_OK"
4874,10407745477,10407745528,1,"IOTHUB_CLIENT_CONFIRMATION_OK"
4875,10407745677,10407745722,1,"IOTHUB_CLIENT_CONFIRMATION_OK"
4876,10407745877,10407746036,1,"IOTHUB_CLIENT_CONFIRMATION_OK"
4877,10407746078,10407746122,1,"IOTHUB_CLIENT_CONFIRMATION_OK"
4878,10407746278,10407746325,1,"IOTHUB_CLIENT_CONFIRMATION_OK"
4879,10407746478,10407746513,1,"IOTHUB_CLIENT_CONFIRMATION_OK"
4880,10407746678,10407746737,1,"IOTHUB_CLIENT_CONFIRMATION_OK"
4881,10407746878,10407746915,1,"IOTHUB_CLIENT_CONFIRMATION_OK"
4882,10407747078,10407747134,1,"IOTHUB_CLIENT_CONFIRMATION_OK"
4883,10407747279,10407747346,1,"IOTHUB_CLIENT_CONFIRMATION_OK"
4884,10407747479,10407747519,1,"IOTHUB_CLIENT_CONFIRMATION_OK"
4885,10407747679,10407747726,1,"IOTHUB_CLIENT_CONFIRMATION_OK"
4886,10407747879,10407747928,1,"IOTHUB_CLIENT_CONFIRMATION_OK"
4887,10407748079,10407748198,1,"IOTHUB_CLIENT_CONFIRMATION_OK"
4888,10407748279,10407748337,1,"IOTHUB_CLIENT_CONFIRMATION_OK"
4889,10407748479,10407748529,1,"IOTHUB_CLIENT_CONFIRMATION_OK"
4890,10407748680,10407748733,1,"IOTHUB_CLIENT_CONFIRMATION_OK"
4891,10407748880,10407748925,1,"IOTHUB_CLIENT_CONFIRMATION_OK"
4892,10407749080,10407749142,1,"IOTHUB_CLIENT_CONFIRMATION_OK"
4893,10407749280,10407749325,1,"IOTHUB_CLIENT_CONFIRMATION_OK"
4894,10407749480,10407749572,1,"IOTHUB_CLIENT_CONFIRMATION_OK"
4895,10407749680,10407749730,1,"IOTHUB_CLIENT_CONFIRMATION_OK"
4896,10407749881,10407749944,1,"IOTHUB_CLIENT_CONFIRMATION_OK"
4897,10407750081,10407750119,1,"IOTHUB_CLIENT_CONFIRMATION_OK"
4898,10407750281,10407750327,1,"IOTHUB_CLIENT_CONFIRMATION_OK"
4899,10407750481,10407750529,1,"IOTHUB_CLIENT_CONFIRMATION_OK"
4900,10407750681,10407750732,1,"IOTHUB_CLIENT_CONFIRMATION_OK"
4901,10407750881,10407750948,1,"IOTHUB_CLIENT_CONFIRMATION_OK"
4902,10407751081,10407751141,1,"IOTHUB_CLIENT_CONFIRMATION_OK"
4903,10407751282,10407751327,1,"IOTHUB_CLIENT_CONFIRMATION_OK"
4904,10407751482,10407751528,1,"IOTHUB_CLIENT_CONFIRMATION_OK"
4905,10407751682,10407751725,1,"IOTHUB_CLIENT_CONFIRMATION_OK"
4906,10407751882,10407752259,1,"IOTHUB_CLIENT_CONFIRMATION_OK"
4907,10407752082,10407752336,1,"IOTHUB_CLIENT_CONFIRMATION_OK"
4908,10407752282,10407752390,1,"IOTHUB_CLIENT_CONFIRMATION_OK"
4909,10407752483,10407752528,1,"IOTHUB_CLIENT_CONFIRMATION_OK"
4910,10407752683,10407752724,1,"IOTHUB_CLIENT_CONFIRMATION_OK"
4911,10407752883,10407752932,1,"IOTHUB_CLIENT_CONFIRMATION_OK"
4912,10407753083,10407753126,1,"IOTHUB_CLIENT_CONFIRMATION_OK"
4913,10407753283,10407753330,1,"IOTHUB_CLIENT_CONFIRMATION_OK"
4914,10407753483,10407753546,1,"IOTHUB_CLIENT_CONFIRMATION_OK"
4915,10407753683,10407753741,1,"IOTHUB_CLIENT_CONFIRMATION_OK"
4916,10407753884,10407754028,1,"IOTHUB_CLIENT_CONFIRMATION_OK"
4917,10407754084,10407754141,1,"IOTHUB_CLIENT_CONFIRMATION_OK"
4918,10407754284,10407754340,1,"IOTHUB_CLIENT_CONFIRMATION_OK"
4919,10407754484,10407754546,1,"IOTHUB_CLIENT_CONFIRMATION_OK"
4920,10407754684,10407754763,1,"IOTHUB_CLIENT_CONFIRMATION_OK"
4921,10407754884,10407754933,1,"IOTHUB_CLIENT_CONFIRMATION_OK"
4922,10407755085,10407755187,1,"IOTHUB_CLIENT_CONFIRMATION_OK"
4923,10407755285,10407755330,1,"IOTHUB_CLIENT_CONFIRMATION_OK"
4924,10407755485,10407755526,1,"IOTHUB_CLIENT_CONFIRMATION_OK"
4925,10407755685,10407755736,1,"IOTHUB_CLIENT_CONFIRMATION_OK"
4926,10407755885,10407755948,1,"IOTHUB_CLIENT_CONFIRMATION_OK"
4927,10407756085,10407756136,1,"IOTHUB_CLIENT_CONFIRMATION_OK"
4928,10407756286,10407756324,1,"IOTHUB_CLIENT_CONFIRMATION_OK"
4929,10407756486,10407756545,1,"IOTHUB_CLIENT_CONFIRMATION_OK"
4930,10407756686,10407756748,1,"IOTHUB_CLIENT_CONFIRMATION_OK"
4931,10407756886,10407756962,1,"IOTHUB_CLIENT_CONFIRMATION_OK"
4932,10407757086,10407757141,1,"IOTHUB_CLIENT_CONFIRMATION_OK"
4933,10407757286,10407757379,1,"IOTHUB_CLIENT_CONFIRMATION_OK"
4934,10407757486,10407757522,1,"IOTHUB_CLIENT_CONFIRMATION_OK"
4935,10407757687,10407757808,1,"IOTHUB_CLIENT_CONFIRMATION_OK"
4936,10407757887,10407758094,1,"IOTHUB_CLIENT_CONFIRMATION_OK"
4937,10407758087,10407758134,1,"IOTHUB_CLIENT_CONFIRMATION_OK"
4938,10407758287,10407758340,1,"IOTHUB_CLIENT_CONFIRMATION_OK"
4939,10407758487,10407758541,1,"IOTHUB_CLIENT_CONFIRMATION_OK"
4940,10407758687,10407758744,1,"IOTHUB_CLIENT_CONFIRMATION_OK"
4941,10407758888,10407758937,1,"IOTHUB_CLIENT_CONFIRMATION_OK"
4942,10407759088,10407759127,1,"IOTHUB_CLIENT_CONFIRMATION_OK"
4943,10407759288,10407759332,1,"IOTHUB_CLIENT_CONFIRMATION_OK"
4944,10407759488,10407759521,1,"IOTHUB_CLIENT_CONFIRMATION_OK"
4945,10407759688,10407759733,1,"IOTHUB_CLIENT_CONFIRMATION_OK"
4946,10407759888,10407760088,1,"IOTHUB_CLIENT_CONFIRMATION_OK"
4947,10407760089,10407760130,1,"IOTHUB_CLIENT_CONFIRMATION_OK"
4948,10407760289,10407760336,1,"IOTHUB_CLIENT_CONFIRMATION_OK"
4949,10407760489,10407760543,1,"IOTHUB_CLIENT_CONFIRMATION_OK"
4950,10407760689,10407760781,1,"IOTHUB_CLIENT_CONFIRMATION_OK"
4951,10407760889,10407760953,1,"IOTHUB_CLIENT_CONFIRMATION_OK"
4952,10407761089,10407761151,1,"IOTHUB_CLIENT_CONFIRMATION_OK"
4953,10407761290,10407761355,1,"IOTHUB_CLIENT_CONFIRMATION_OK"
4954,10407761490,10407761543,1,"IOTHUB_CLIENT_CONFIRMATION_OK"
4955,10407761690,10407761762,1,"IOTHUB_CLIENT_CONFIRMATION_OK"
4956,10407761890,10407761942,1,"IOTHUB_CLIENT_CONFIRMATION_OK"
4957,10407762090,10407762141,1,"IOTHUB_CLIENT_CONFIRMATION_OK"
4958,10407762290,10407762342,1,"IOTHUB_CLIENT_CONFIRMATION_OK"
4959,10407762490,10407762560,1,"IOTHUB_CLIENT_CONFIRMATION_OK"
4960,10407762691,10407762739,1,"IOTHUB_CLIENT_CONFIRMATION_OK"
4961,10407762891,10407762939,1,"IOTHUB_CLIENT_CONFIRMATION_OK"
4962,10407763091,10407763217,1,"IOTHUB_CLIENT_CONFIRMATION_OK"
4963,10407763291,10407763463,1,"IOTHUB_CLIENT_CONFIRMATION_OK"
4964,10407763491,10407763566,1,"IOTHUB_CLIENT_CONFIRMATION_OK"
4965,10407763691,10407763748,1,"IOTHUB_CLIENT_CONFIRMATION_OK"
4966,10407763892,10407764063,1,"IOTHUB_CLIENT_CONFIRMATION_OK"
4967,10407764092,10407764142,1,"IOTHUB_CLIENT_CONFIRMATION_OK"
4968,10407764292,10407764340,1,"IOTHUB_CLIENT_CONFIRMATION_OK"
4969,10407764492,10407764534,1,"IOTHUB_CLIENT_CONFIRMATION_OK"
4970,10407764692,10407764770,1,"IOTHUB_CLIENT_CONFIRMATION_OK"
4971,10407764892,10407764947,1,"IOTHUB_CLIENT_CONFIRMATION_OK"
4972,10407765093,10407765130,1,"IOTHUB_CLIENT_CONFIRMATION_OK"
4973,10407765293,10407765402,1,"IOTHUB_CLIENT_CONFIRMATION_OK"
4974,10407765493,10407765547,1,"IOTHUB_CLIENT_CONFIRMATION_OK"
4975,10407765693,10407766050,1,"IOTHUB_CLIENT_CONFIRMATION_OK"
4976,10407765893,10407766098,1,"IOTHUB_CLIENT_CONFIRMATION_OK"
4977,10407766093,10407766155,1,"IOTHUB_CLIENT_CONFIRMATION_OK"
4978,10407766293,10407766358,1,"IOTHUB_CLIENT_CONFIRMATION_OK"
4979,10407766494,10407766544,1,"IOTHUB_CLIENT_CONFIRMATION_OK"
4980,10407766694,10407766758,1,"IOTHUB_CLIENT_CONFIRMATION_OK"
4981,10407766894,10407766934,1,"IOTHUB_CLIENT_CONFIRMATION_OK"
4982,10407767094,10407767163,1,"IOTHUB_CLIENT_CONFIRMATION_OK"
4983,10407767294,10407767339,1,"IOTHUB_CLIENT_CONFIRMATION_OK"
4984,10407767494,10407767544,1,"IOTHUB_CLIENT_CONFIRMATION_OK"
4985,10407767694,10407767757,1,"IOTHUB_CLIENT_CONFIRMATION_OK"
4986,10407767895,10407767978,1,"IOTHUB_CLIENT_CONFIRMATION_OK"
4987,10407768095,10407768166,1,"IOTHUB_CLIENT_CONFIRMATION_OK"
4988,10407768295,10407768336,1,"IOTHUB_CLIENT_CONFIRMATION_OK"
4989,10407768495,10407768544,1,"IOTHUB_CLIENT_CONFIRMATION_OK"
4990,10407768695,10407768756,1,"IOTHUB_CLIENT_CONFIRMATION_OK"
4991,10407768895,10407768966,1,"IOTHUB_CLIENT_CONFIRMATION_OK"
4992,10407769096,10407769139,1,"IOTHUB_CLIENT_CONFIRMATION_OK"
4993,10407769296,10407769421,1,"IOTHUB_CLIENT_CONFIRMATION_OK"
4994,10407769496,10407769542,1,"IOTHUB_CLIENT_CONFIRMATION_OK"
4995,10407769696,10407769735,1,"IOTHUB_CLIENT_CONFIRMATION_OK"
4996,10407769896,10407770027,1,"IOTHUB_CLIENT_CONFIRMATION_OK"
4997,10407770096,10407770148,1,"IOTHUB_CLIENT_CONFIRMATION_OK"
4998,10407770296,10407770341,1,"IOTHUB_CLIENT_CONFIRMATION_OK"
4999,10407770497,10407770536,1,"IOTHUB_CLIENT_CONFIRMATION_OK"
5000,10407770697,10407770742,1,"IOTHUB_CLIENT_CONFIRMATION_OK"
5001,10407770897,10407770977,1,"IOTHUB_CLIENT_CONFIRMATION_OK"
5002,10407771097,10407771144,1,"IOTHUB_CLIENT_CONFIRMATION_OK"
5003,10407771297,10407771346,1,"IOTHUB_CLIENT_CONFIRMATION_OK"
5004,10407771497,10407771541,1,"IOTHUB_CLIENT_CONFIRMATION_OK"
5005,10407771698,10407771745,1,"IOTHUB_CLIENT_CONFIRMATION_OK"
5006,10407771898,10407772088,1,"IOTHUB_CLIENT_CONFIRMATION_OK"
5007,10407772098,10407772139,1,"IOTHUB_CLIENT_CONFIRMATION_OK"
5008,10407772298,10407772336,1,"IOTHUB_CLIENT_CONFIRMATION_OK"
5009,10407772498,10407772560,1,"IOTHUB_CLIENT_CONFIRMATION_OK"
5010,10407772698,10407772791,1,"IOTHUB_CLIENT_CONFIRMATION_OK"
5011,10407772899,10407772960,1,"IOTHUB_CLIENT_CONFIRMATION_OK"
5012,10407773099,10407773158,1,"IOTHUB_CLIENT_CONFIRMATION_OK"
5013,10407773299,10407773348,1,"IOTHUB_CLIENT_CONFIRMATION_OK"
5014,10407773499,10407773542,1,"IOTHUB_CLIENT_CONFIRMATION_OK"
5015,10407773699,10407773866,1,"IOTHUB_CLIENT_CONFIRMATION_OK"
5016,10407773899,10407773952,1,"IOTHUB_CLIENT_CONFIRMATION_OK"
5017,10407774099,10407774147,1,"IOTHUB_CLIENT_CONFIRMATION_OK"
5018,10407774300,10407774333,1,"IOTHUB_CLIENT_CONFIRMATION_OK"
5019,10407774500,10407774537,1,"IOTHUB_CLIENT_CONFIRMATION_OK"
5020,10407774700,10407774734,1,"IOTHUB_CLIENT_CONFIRMATION_OK"
5021,10407774900,10407774959,1,"IOTHUB_CLIENT_CONFIRMATION_OK"
5022,10407775100,10407775147,1,"IOTHUB_CLIENT_CONFIRMATION_OK"
5023,10407775300,10407775371,1,"IOTHUB_CLIENT_CONFIRMATION_OK"
5024,10407775501,10407775556,1,"IOTHUB_CLIENT_CONFIRMATION_OK"
5025,10407775701,10407775751,1,"IOTHUB_CLIENT_CONFIRMATION_OK"
5026,10407775901,10407775973,1,"IOTHUB_CLIENT_CONFIRMATION_OK"
5027,10407776101,10407776146,1,"IOTHUB_CLIENT_CONFIRMATION_OK"
5028,10407776301,10407776347,1,"IOTHUB_CLIENT_CONFIRMATION_OK"
5029,10407776501,10407776547,1,"IOTHUB_CLIENT_CONFIRMATION_OK"
5030,10407776702,10407776739,1,"IOTHUB_CLIENT_CONFIRMATION_OK"
5031,10407776902,10407776957,1,"IOTHUB_CLIENT_CONFIRMATION_OK"
5032,10407777102,10407777144,1,"IOTHUB_CLIENT_CONFIRMATION_OK"
5033,10407777302,10407777401,1,"IOTHUB_CLIENT_CONFIRMATION_OK"
5034,10407777502,10407777573,1,"IOTHUB_CLIENT_CONFIRMATION_OK"
5035,10407777702,10407777747,1,"IOTHUB_CLIENT_CONFIRMATION_OK"
5036,10407777902,10407778043,1,"IOTHUB_CLIENT_CONFIRMATION_OK"
5037,10407778103,10407778148,1,"IOTHUB_CLIENT_CONFIRMATION_OK"
5038,10407778303,10407778381,1,"IOTHUB_CLIENT_CONFIRMATION_OK"
5039,10407778503,10407778563,1,"IOTHUB_CLIENT_CONFIRMATION_OK"
5040,10407778703,10407778760,1,"IOTHUB_CLIENT_CONFIRMATION_OK"
5041,10407778903,10407778973,1,"IOTHUB_CLIENT_CONFIRMATION_OK"
5042,10407779103,10407779214,1,"IOTHUB_CLIENT_CONFIRMATION_OK"
5043,10407779304,10407779351,1,"IOTHUB_CLIENT_CONFIRMATION_OK"
5044,10407779504,10407779546,1,"IOTHUB_CLIENT_CONFIRMATION_OK"
5045,10407779704,10407779742,1,"IOTHUB_CLIENT_CONFIRMATION_OK"
5046,10407779904,10407780072,1,"IOTHUB_CLIENT_CONFIRMATION_OK"
5047,10407780104,10407780145,1,"IOTHUB_CLIENT_CONFIRMATION_OK"
5048,10407780304,10407780339,1,"IOTHUB_CLIENT_CONFIRMATION_OK"
5049,10407780504,10407780551,1,"IOTHUB_CLIENT_CONFIRMATION_OK"
5050,10407780705,10407780752,1,"IOTHUB_CLIENT_CONFIRMATION_OK"
5051,10407780905,10407780948,1,"IOTHUB_CLIENT_CONFIRMATION_OK"
5052,10407781105,10407781148,1,"IOTHUB_CLIENT_CONFIRMATION_OK"
5053,10407781305,10407781349,1,"IOTHUB_CLIENT_CONFIRMATION_OK"
5054,10407781505,10407781567,1,"IOTHUB_CLIENT_CONFIRMATION_OK"
5055,10407781705,10407781746,1,"IOTHUB_CLIENT_CONFIRMATION_OK"
5056,10407781906,10407781952,1,"IOTHUB_CLIENT_CONFIRMATION_OK"
5057,10407782106,10407782145,1,"IOTHUB_CLIENT_CONFIRMATION_OK"
5058,10407782306,10407782358,1,"IOTHUB_CLIENT_CONFIRMATION_OK"
5059,10407782506,10407782554,1,"IOTHUB_CLIENT_CONFIRMATION_OK"
5060,10407782706,10407782769,1,"IOTHUB_CLIENT_CONFIRMATION_OK"
5061,10407782906,10407782953,1,"IOTHUB_CLIENT_CONFIRMATION_OK"
5062,10407783107,10407783158,1,"IOTHUB_CLIENT_CONFIRMATION_OK"
5063,10407783307,10407783386,1,"IOTHUB_CLIENT_CONFIRMATION_OK"
5064,10407783507,10407783550,1,"IOTHUB_CLIENT_CONFIRMATION_OK"
5065,10407783707,10407783769,1,"IOTHUB_CLIENT_CONFIRMATION_OK"
5066,10407783907,10407783950,1,"IOTHUB_CLIENT_CONFIRMATION_OK"
5067,10407784107,10407784175,1,"IOTHUB_CLIENT_CONFIRMATION_OK"
5068,10407784308,10407784349,1,"IOTHUB_CLIENT_CONFIRMATION_OK"
5069,10407784508,10407784540,1,"IOTHUB_CLIENT_CONFIRMATION_OK"
5070,10407784708,10407784758,1,"IOTHUB_CLIENT_CONFIRMATION_OK"
5071,10407784908,10407784978,1,"IOTHUB_CLIENT_CONFIRMATION_OK"
5072,10407785108,10407785161,1,"IOTHUB_CLIENT_CONFIRMATION_OK"
5073,10407785308,10407785394,1,"IOTHUB_CLIENT_CONFIRMATION_OK"
5074,10407785508,10407785548,1,"IOTHUB_CLIENT_CONFIRMATION_OK"
5075,10407785709,10407785769,1,"IOTHUB_CLIENT_CONFIRMATION_OK"
5076,10407785909,10407786011,1,"IOTHUB_CLIENT_CONFIRMATION_OK"
5077,10407786109,10407786161,1,"IOTHUB_CLIENT_CONFIRMATION_OK"
5078,10407786309,10407786347,1,"IOTHUB_CLIENT_CONFIRMATION_OK"
5079,10407786509,10407786546,1,"IOTHUB_CLIENT_CONFIRMATION_OK"
5080,10407786709,10407786869,1,"IOTHUB_CLIENT_CONFIRMATION_OK"
5081,10407786910,10407786960,1,"IOTHUB_CLIENT_CONFIRMATION_OK"
5082,10407787110,10407787173,1,"IOTHUB_CLIENT_CONFIRMATION_OK"
5083,10407787310,10407787458,1,"IOTHUB_CLIENT_CONFIRMATION_OK"
5084,10407787510,10407787548,1,"IOTHUB_CLIENT_CONFIRMATION_OK"
5085,10407787710,10407787761,1,"IOTHUB_CLIENT_CONFIRMATION_OK"
5086,10407787910,10407788043,1,"IOTHUB_CLIENT_CONFIRMATION_OK"
5087,10407788111,10407788148,1,"IOTHUB_CLIENT_CONFIRMATION_OK"
5088,10407788311,10407788358,1,"IOTHUB_CLIENT_CONFIRMATION_OK"
5089,10407788511,10407788552,1,"IOTHUB_CLIENT_CONFIRMATION_OK"
5090,10407788711,10407788801,1,"IOTHUB_CLIENT_CONFIRMATION_OK"
5091,10407788911,10407788979,1,"IOTHUB_CLIENT_CONFIRMATION_OK"
5092,10407789111,10407789275,1,"IOTHUB_CLIENT_CONFIRMATION_OK"
5093,10407789311,10407789350,1,"IOTHUB_CLIENT_CONFIRMATION_OK"
5094,10407789512,10407789546,1,"IOTHUB_CLIENT_CONFIRMATION_OK"
5095,10407789712,10407789759,1,"IOTHUB_CLIENT_CONFIRMATION_OK"
5096,10407789912,10407789958,1,"IOTHUB_CLIENT_CONFIRMATION_OK"
5097,10407790112,10407790161,1,"IOTHUB_CLIENT_CONFIRMATION_OK"
5098,10407790312,10407790377,1,"IOTHUB_CLIENT_CONFIRMATION_OK"
5099,10407790512,10407790573,1,"IOTHUB_CLIENT_CONFIRMATION_OK"
5100,10407790713,10407790792,1,"IOTHUB_CLIENT_CONFIRMATION_OK"
5101,10407790913,10407791095,1,"IOTHUB_CLIENT_CONFIRMATION_OK"
5102,10407791113,10407791197,1,"IOTHUB_CLIENT_CONFIRMATION_OK"
5103,10407791313,10407791388,1,"IOTHUB_CLIENT_CONFIRMATION_OK"
5104,10407791513,10407791552,1,"IOTHUB_CLIENT_CONFIRMATION_OK"
5105,10407791713,10407791768,1,"IOTHUB_CLIENT_CONFIRMATION_OK"
5106,10407791914,10407791960,1,"IOTHUB_CLIENT_CONFIRMATION_OK"
5107,10407792114,10407792146,1,"IOTHUB_CLIENT_CONFIRMATION_OK"
5108,10407792314,10407792355,1,"IOTHUB_CLIENT_CONFIRMATION_OK"
5109,10407792514,10407792554,1,"IOTHUB_CLIENT_CONFIRMATION_OK"
5110,10407792714,10407792781,1,"IOTHUB_CLIENT_CONFIRMATION_OK"
5111,10407792914,10407792978,1,"IOTHUB_CLIENT_CONFIRMATION_OK"
5112,10407793114,10407793167,1,"IOTHUB_CLIENT_CONFIRMATION_OK"
5113,10407793315,10407793403,1,"IOTHUB_CLIENT_CONFIRMATION_OK"
5114,10407793515,10407793558,1,"IOTHUB_CLIENT_CONFIRMATION_OK"
5115,10407793715,10407793756,1,"IOTHUB_CLIENT_CONFIRMATION_OK"
5116,10407793915,10407794013,1,"IOTHUB_CLIENT_CONFIRMATION_OK"
5117,10407794115,10407794157,1,"IOTHUB_CLIENT_CONFIRMATION_OK"
5118,10407794315,10407794357,1,"IOTHUB_CLIENT_CONFIRMATION_OK"
5119,10407794516,10407794554,1,"IOTHUB_CLIENT_CONFIRMATION_OK"
5120,10407794716,10407794753,1,"IOTHUB_CLIENT_CONFIRMATION_OK"
5121,10407794916,10407794978,1,"IOTHUB_CLIENT_CONFIRMATION_OK"
5122,10407795116,10407795174,1,"IOTHUB_CLIENT_CONFIRMATION_OK"
5123,10407795316,10407795414,1,"IOTHUB_CLIENT_CONFIRMATION_OK"
5124,10407795516,10407795575,1,"IOTHUB_CLIENT_CONFIRMATION_OK"
5125,10407795717,10407795762,1,"IOTHUB_CLIENT_CONFIRMATION_OK"
5126,10407795917,10407795995,1,"IOTHUB_CLIENT_CONFIRMATION_OK"
5127,10407796117,10407796191,1,"IOTHUB_CLIENT_CONFIRMATION_OK"
5128,10407796317,10407796371,1,"IOTHUB_CLIENT_CONFIRMATION_OK"
5129,10407796517,10407796555,1,"IOTHUB_CLIENT_CONFIRMATION_OK"
5130,10407796717,10407796764,1,"IOTHUB_CLIENT_CONFIRMATION_OK"
5131,10407796918,10407796970,1,"IOTHUB_CLIENT_CONFIRMATION_OK"
5132,10407797118,10407797204,1,"IOTHUB_CLIENT_CONFIRMATION_OK"
5133,10407797318,10407797441,1,"IOTHUB_CLIENT_CONFIRMATION_OK"
5134,10407797518,10407797572,1,"IOTHUB_CLIENT_CONFIRMATION_OK"
5135,10407797718,10407797779,1,"IOTHUB_CLIENT_CONFIRMATION_OK"
5136,10407797918,10407798048,1,"IOTHUB_CLIENT_CONFIRMATION_OK"
5137,10407798118,10407798164,1,"IOTHUB_CLIENT_CONFIRMATION_OK"
5138,10407798319,10407798381,1,"IOTHUB_CLIENT_CONFIRMATION_OK"
5139,10407798519,10407798566,1,"IOTHUB_CLIENT_CONFIRMATION_OK"
5140,10407798719,10407798857,1,"IOTHUB_CLIENT_CONFIRMATION_OK"
5141,10407798919,10407798959,1,"IOTHUB_CLIENT_CONFIRMATION_OK"
5142,10407799119,10407799421,1,"IOTHUB_CLIENT_CONFIRMATION_OK"
5143,10407799319,10407799478,1,"IOTHUB_CLIENT_CONFIRMATION_OK"
5144,10407799520,10407799576,1,"IOTHUB_CLIENT_CONFIRMATION_OK"
5145,10407799720,10407799828,1,"IOTHUB_CLIENT_CONFIRMATION_OK"
5146,10407799920,10407800077,1,"IOTHUB_CLIENT_CONFIRMATION_OK"
5147,10407800120,10407800181,1,"IOTHUB_CLIENT_CONFIRMATION_OK"
5148,10407800320,10407800369,1,"IOTHUB_CLIENT_CONFIRMATION_OK"
5149,10407800520,10407800577,1,"IOTHUB_CLIENT_CONFIRMATION_OK"
5150,10407800720,10407800764,1,"IOTHUB_CLIENT_CONFIRMATION_OK"
5151,10407800921,10407800964,1,"IOTHUB_CLIENT_CONFIRMATION_OK"
5152,10407801121,10407801160,1,"IOTHUB_CLIENT_CONFIRMATION_OK"
5153,10407801321,10407801375,1,"IOTHUB_CLIENT_CONFIRMATION_OK"
5154,10407801521,10407801577,1,"IOTHUB_CLIENT_CONFIRMATION_OK"
5155,10407801721,10407801763,1,"IOTHUB_CLIENT_CONFIRMATION_OK"
5156,10407801921,10407802085,1,"IOTHUB_CLIENT_CONFIRMATION_OK"
5157,10407802122,10407802169,1,"IOTHUB_CLIENT_CONFIRMATION_OK"
5158,10407802322,10407802360,1,"IOTHUB_CLIENT_CONFIRMATION_OK"
5159,10407802522,10407802581,1,"IOTHUB_CLIENT_CONFIRMATION_OK"
5160,10407802722,10407802763,1,"IOTHUB_CLIENT_CONFIRMATION_OK"
5161,10407802922,10407802981,1,"IOTHUB_CLIENT_CONFIRMATION_OK"
5162,10407803122,10407803172,1,"IOTHUB_CLIENT_CONFIRMATION_OK"
5163,10407803322,10407803386,1,"IOTHUB_CLIENT_CONFIRMATION_OK"
5164,10407803523,10407803590,1,"IOTHUB_CLIENT_CONFIRMATION_OK"
5165,10407803723,10407803779,1,"IOTHUB_CLIENT_CONFIRMATION_OK"
5166,10407803923,10407803983,1,"IOTHUB_CLIENT_CONFIRMATION_OK"
5167,10407804123,10407804189,1,"IOTHUB_CLIENT_CONFIRMATION_OK"
5168,10407804323,10407804384,1,"IOTHUB_CLIENT_CONFIRMATION_OK"
5169,10407804523,10407804572,1,"IOTHUB_CLIENT_CONFIRMATION_OK"
5170,10407804724,10407804798,1,"IOTHUB_CLIENT_CONFIRMATION_OK"
5171,10407804924,10407805034,1,"IOTHUB_CLIENT_CONFIRMATION_OK"
5172,10407805124,10407805177,1,"IOTHUB_CLIENT_CONFIRMATION_OK"
5173,10407805324,10407805455,1,"IOTHUB_CLIENT_CONFIRMATION_OK"
5174,10407805524,10407805580,1,"IOTHUB_CLIENT_CONFIRMATION_OK"
5175,10407805724,10407805803,1,"IOTHUB_CLIENT_CONFIRMATION_OK"
5176,10407805925,10407806038,1,"IOTHUB_CLIENT_CONFIRMATION_OK"
5177,10407806125,10407806176,1,"IOTHUB_CLIENT_CONFIRMATION_OK"
5178,10407806325,10407806401,1,"IOTHUB_CLIENT_CONFIRMATION_OK"
5179,10407806525,10407806601,1,"IOTHUB_CLIENT_CONFIRMATION_OK"
5180,10407806725,10407806794,1,"IOTHUB_CLIENT_CONFIRMATION_OK"
5181,10407806925,10407806979,1,"IOTHUB_CLIENT_CONFIRMATION_OK"
5182,10407807126,10407807185,1,"IOTHUB_CLIENT_CONFIRMATION_OK"
5183,10407807326,10407807407,1,"IOTHUB_CLIENT_CONFIRMATION_OK"
5184,10407807526,10407807582,1,"IOTHUB_CLIENT_CONFIRMATION_OK"
5185,10407807726,10407807777,1,"IOTHUB_CLIENT_CONFIRMATION_OK"
5186,10407807926,10407808090,1,"IOTHUB_CLIENT_CONFIRMATION_OK"
5187,10407808126,10407808205,1,"IOTHUB_CLIENT_CONFIRMATION_OK"
5188,10407808326,10407808369,1,"IOTHUB_CLIENT_CONFIRMATION_OK"
5189,10407808527,10407808565,1,"IOTHUB_CLIENT_CONFIRMATION_OK"
5190,10407808727,10407808773,1,"IOTHUB_CLIENT_CONFIRMATION_OK"
5191,10407808927,10407808970,1,"IOTHUB_CLIENT_CONFIRMATION_OK"
5192,10407809127,10407809176,1,"IOTHUB_CLIENT_CONFIRMATION_OK"
5193,10407809327,10407809364,1,"IOTHUB_CLIENT_CONFIRMATION_OK"
5194,10407809527,10407809576,1,"IOTHUB_CLIENT_CONFIRMATION_OK"
5195,10407809727,10407809796,1,"IOTHUB_CLIENT_CONFIRMATION_OK"
5196,10407809928,10407809984,1,"IOTHUB_CLIENT_CONFIRMATION_OK"
5197,10407810128,10407810192,1,"IOTHUB_CLIENT_CONFIRMATION_OK"
5198,10407810328,10407810386,1,"IOTHUB_CLIENT_CONFIRMATION_OK"
5199,10407810528,10407810598,1,"IOTHUB_CLIENT_CONFIRMATION_OK"
5200,10407810728,10407810871,1,"IOTHUB_CLIENT_CONFIRMATION_OK"
5201,10407810928,10407810992,1,"IOTHUB_CLIENT_CONFIRMATION_OK"
5202,10407811129,10407811195,1,"IOTHUB_CLIENT_CONFIRMATION_OK"
5203,10407811329,10407811409,1,"IOTHUB_CLIENT_CONFIRMATION_OK"
5204,10407811529,10407811582,1,"IOTHUB_CLIENT_CONFIRMATION_OK"
5205,10407811729,10407811778,1,"IOTHUB_CLIENT_CONFIRMATION_OK"
5206,10407811929,10407811996,1,"IOTHUB_CLIENT_CONFIRMATION_OK"
5207,10407812129,10407812175,1,"IOTHUB_CLIENT_CONFIRMATION_OK"
5208,10407812330,10407812383,1,"IOTHUB_CLIENT_CONFIRMATION_OK"
5209,10407812530,10407812582,1,"IOTHUB_CLIENT_CONFIRMATION_OK"
5210,10407812730,10407812787,1,"IOTHUB_CLIENT_CONFIRMATION_OK"
5211,10407812930,10407812975,1,"IOTHUB_CLIENT_CONFIRMATION_OK"
5212,10407813130,10407813178,1,"IOTHUB_CLIENT_CONFIRMATION_OK"
5213,10407813330,10407813464,1,"IOTHUB_CLIENT_CONFIRMATION_OK"
5214,10407813530,10407813562,1,"IOTHUB_CLIENT_CONFIRMATION_OK"
5215,10407813731,10407813771,1,"IOTHUB_CLIENT_CONFIRMATION_OK"
5216,10407813931,10407814060,1,"IOTHUB_CLIENT_CONFIRMATION_OK"
5217,10407814131,10407814168,1,"IOTHUB_CLIENT_CONFIRMATION_OK"
5218,10407814331,10407814375,1,"IOTHUB_CLIENT_CONFIRMATION_OK"
5219,10407814531,10407814604,1,"IOTHUB_CLIENT_CONFIRMATION_OK"
5220,10407814731,10407814798,1,"IOTHUB_CLIENT_CONFIRMATION_OK"
5221,10407814932,10407814970,1,"IOTHUB_CLIENT_CONFIRMATION_OK"
5222,10407815132,10407815185,1,"IOTHUB_CLIENT_CONFIRMATION_OK"
5223,10407815332,10407815365,1,"IOTHUB_CLIENT_CONFIRMATION_OK"
5224,10407815532,10407815575,1,"IOTHUB_CLIENT_CONFIRMATION_OK"
5225,10407815732,10407815770,1,"IOTHUB_CLIENT_CONFIRMATION_OK"
5226,10407815932,10407816098,1,"IOTHUB_CLIENT_CONFIRMATION_OK"
5227,10407816132,10407816175,1,"IOTHUB_CLIENT_CONFIRMATION_OK"
5228,10407816333,10407816399,1,"IOTHUB_CLIENT_CONFIRMATION_OK"
5229,10407816533,10407816601,1,"IOTHUB_CLIENT_CONFIRMATION_OK"
5230,10407816733,10407816772,1,"IOTHUB_CLIENT_CONFIRMATION_OK"
5231,10407816933,10407816981,1,"IOTHUB_CLIENT_CONFIRMATION_OK"
5232,10407817133,10407817421,1,"IOTHUB_CLIENT_CONFIRMATION_OK"
5233,10407817333,10407817491,1,"IOTHUB_CLIENT_CONFIRMATION_OK"
5234,10407817534,10407817658,1,"IOTHUB_CLIENT_CONFIRMATION_OK"
5235,10407817734,10407817789,1,"IOTHUB_CLIENT_CONFIRMATION_OK"
5236,10407817934,10407818045,1,"IOTHUB_CLIENT_CONFIRMATION_OK"
5237,10407818134,10407818181,1,"IOTHUB_CLIENT_CONFIRMATION_OK"
5238,10407818334,10407818367,1,"IOTHUB_CLIENT_CONFIRMATION_OK"
5239,10407818534,10407818583,1,"IOTHUB_CLIENT_CONFIRMATION_OK"
5240,10407818735,10407818794,1,"IOTHUB_CLIENT_CONFIRMATION_OK"
5241,10407818935,10407818984,1,"IOTHUB_CLIENT_CONFIRMATION_OK"
5242,10407819135,10407819194,1,"IOTHUB_CLIENT_CONFIRMATION_OK"
5243,10407819335,10407819377,1,"IOTHUB_CLIENT_CONFIRMATION_OK"
5244,10407819535,10407819570,1,"IOTHUB_CLIENT_CONFIRMATION_OK"
5245,10407819735,10407819808,1,"IOTHUB_CLIENT_CONFIRMATION_OK"
5246,10407819936,10407820076,1,"IOTHUB_CLIENT_CONFIRMATION_OK"
5247,10407820136,10407820184,1,"IOTHUB_CLIENT_CONFIRMATION_OK"
5248,10407820336,10407820389,1,"IOTHUB_CLIENT_CONFIRMATION_OK"
5249,10407820536,10407820574,1,"IOTHUB_CLIENT_CONFIRMATION_OK"
5250,10407820736,10407820814,1,"IOTHUB_CLIENT_CONFIRMATION_OK"
5251,10407820936,10407820977,1,"IOTHUB_CLIENT_CONFIRMATION_OK"
5252,10407821136,10407821179,1,"IOTHUB_CLIENT_CONFIRMATION_OK"
5253,10407821337,10407821409,1,"IOTHUB_CLIENT_CONFIRMATION_OK"
5254,10407821537,10407821593,1,"IOTHUB_CLIENT_CONFIRMATION_OK"
5255,10407821737,10407821791,1,"IOTHUB_CLIENT_CONFIRMATION_OK"
5256,10407821937,10407822178,1,"IOTHUB_CLIENT_CONFIRMATION_OK"
5257,10407822137,10407822226,1,"IOTHUB_CLIENT_CONFIRMATION_OK"
5258,10407822337,10407822532,1,"IOTHUB_CLIENT_CONFIRMATION_OK"
5259,10407822538,10407822605,1,"IOTHUB_CLIENT_CONFIRMATION_OK"
5260,10407822738,10407822775,1,"IOTHUB_CLIENT_CONFIRMATION_OK"
5261,10407822938,10407822975,1,"IOTHUB_CLIENT_CONFIRMATION_OK"
5262,10407823138,10407823179,1,"IOTHUB_CLIENT_CONFIRMATION_OK"
5263,10407823338,10407823409,1,"IOTHUB_CLIENT_CONFIRMATION_OK"
5264,10407823538,10407823569,1,"IOTHUB_CLIENT_CONFIRMATION_OK"
5265,10407823738,10407823812,1,"IOTHUB_CLIENT_CONFIRMATION_OK"
5266,10407823939,10407823992,1,"IOTHUB_CLIENT_CONFIRMATION_OK"
5267,10407824139,10407824184,1,"IOTHUB_CLIENT_CONFIRMATION_OK"
5268,10407824339,10407824377,1,"IOTHUB_CLIENT_CONFIRMATION_OK"
5269,10407824539,10407824592,1,"IOTHUB_CLIENT_CONFIRMATION_OK"
5270,10407824739,10407824795,1,"IOTHUB_CLIENT_CONFIRMATION_OK"
5271,10407824939,10407825009,1,"IOTHUB_CLIENT_CONFIRMATION_OK"
5272,10407825140,10407825200,1,"IOTHUB_CLIENT_CONFIRMATION_OK"
5273,10407825340,10407825411,1,"IOTHUB_CLIENT_CONFIRMATION_OK"
5274,10407825540,10407825571,1,"IOTHUB_CLIENT_CONFIRMATION_OK"
5275,10407825740,10407825810,1,"IOTHUB_CLIENT_CONFIRMATION_OK"
5276,10407825940,10407825997,1,"IOTHUB_CLIENT_CONFIRMATION_OK"
5277,10407826140,10407826189,1,"IOTHUB_CLIENT_CONFIRMATION_OK"
5278,10407826340,10407826401,1,"IOTHUB_CLIENT_CONFIRMATION_OK"
5279,10407826541,10407826580,1,"IOTHUB_CLIENT_CONFIRMATION_OK"
5280,10407826741,10407826798,1,"IOTHUB_CLIENT_CONFIRMATION_OK"
5281,10407826941,10407826985,1,"IOTHUB_CLIENT_CONFIRMATION_OK"
5282,10407827141,10407827183,1,"IOTHUB_CLIENT_CONFIRMATION_OK"
5283,10407827341,10407827513,1,"IOTHUB_CLIENT_CONFIRMATION_OK"
5284,10407827541,10407827592,1,"IOTHUB_CLIENT_CONFIRMATION_OK"
5285,10407827742,10407827790,1,"IOTHUB_CLIENT_CONFIRMATION_OK"
5286,10407827942,10407828031,1,"IOTHUB_CLIENT_CONFIRMATION_OK"
5287,10407828142,10407828192,1,"IOTHUB_CLIENT_CONFIRMATION_OK"
5288,10407828342,10407828413,1,"IOTHUB_CLIENT_CONFIRMATION_OK"
5289,10407828542,10407828574,1,"IOTHUB_CLIENT_CONFIRMATION_OK"
5290,10407828742,10407828787,1,"IOTHUB_CLIENT_CONFIRMATION_OK"
5291,10407828942,10407828973,1,"IOTHUB_CLIENT_CONFIRMATION_OK"
5292,10407829143,10407829180,1,"IOTHUB_CLIENT_CONFIRMATION_OK"
5293,10407829343,10407829388,1,"IOTHUB_CLIENT_CONFIRMATION_OK"
5294,10407829543,10407829608,1,"IOTHUB_CLIENT_CONFIRMATION_OK"
5295,10407829743,10407829778,1,"IOTHUB_CLIENT_CONFIRMATION_OK"
5296,10407829943,10407829992,1,"IOTHUB_CLIENT_CONFIRMATION_OK"
5297,10407830143,10407830193,1,"IOTHUB_CLIENT_CONFIRMATION_OK"
5298,10407830344,10407830403,1,"IOTHUB_CLIENT_CONFIRMATION_OK"
5299,10407830544,10407830593,1,"IOTHUB_CLIENT_CONFIRMATION_OK"
5300,10407830744,10407830809,1,"IOTHUB_CLIENT_CONFIRMATION_OK"
5301,10407830944,10407830996,1,"IOTHUB_CLIENT_CONFIRMATION_OK"
5302,10407831144,10407831192,1,"IOTHUB_CLIENT_CONFIRMATION_OK"
5303,10407831344,10407831424,1,"IOTHUB_CLIENT_CONFIRMATION_OK"
5304,10407831544,10407831578,1,"IOTHUB_CLIENT_CONFIRMATION_OK"
5305,10407831745,10407831787,1,"IOTHUB_CLIENT_CONFIRMATION_OK"
5306,10407831945,10407832023,1,"IOTHUB_CLIENT_CONFIRMATION_OK"
5307,10407832145,10407832182,1,"IOTHUB_CLIENT_CONFIRMATION_OK"
5308,10407832345,10407832385,1,"IOTHUB_CLIENT_CONFIRMATION_OK"
5309,10407832545,10407832587,1,"IOTHUB_CLIENT_CONFIRMATION_OK"
5310,10407832745,10407832793,1,"IOTHUB_CLIENT_CONFIRMATION_OK"
5311,10407832946,10407832990,1,"IOTHUB_CLIENT_CONFIRMATION_OK"
5312,10407833146,10407833180,1,"IOTHUB_CLIENT_CONFIRMATION_OK"
5313,10407833346,10407833383,1,"IOTHUB_CLIENT_CONFIRMATION_OK"
5314,10407833546,10407833606,1,"IOTHUB_CLIENT_CONFIRMATION_OK"
5315,10407833746,10407833815,1,"IOTHUB_CLIENT_CONFIRMATION_OK"
5316,10407833946,10407834004,1,"IOTHUB_CLIENT_CONFIRMATION_OK"
5317,10407834147,10407834192,1,"IOTHUB_CLIENT_CONFIRMATION_OK"
5318,10407834347,10407834398,1,"IOTHUB_CLIENT_CONFIRMATION_OK"
5319,10407834547,10407834582,1,"IOTHUB_CLIENT_CONFIRMATION_OK"
5320,10407834747,10407834784,1,"IOTHUB_CLIENT_CONFIRMATION_OK"
5321,10407834947,10407834977,1,"IOTHUB_CLIENT_CONFIRMATION_OK"
5322,10407835147,10407835185,1,"IOTHUB_CLIENT_CONFIRMATION_OK"
5323,10407835347,10407835418,1,"IOTHUB_CLIENT_CONFIRMATION_OK"
5324,10407835548,10407835611,1,"IOTHUB_CLIENT_CONFIRMATION_OK"
5325,10407835748,10407835785,1,"IOTHUB_CLIENT_CONFIRMATION_OK"
5326,10407835948,10407836023,1,"IOTHUB_CLIENT_CONFIRMATION_OK"
5327,10407836148,10407836190,1,"IOTHUB_CLIENT_CONFIRMATION_OK"
5328,10407836348,10407836447,1,"IOTHUB_CLIENT_CONFIRMATION_OK"
5329,10407836548,10407836583,1,"IOTHUB_CLIENT_CONFIRMATION_OK"
5330,10407836749,10407836816,1,"IOTHUB_CLIENT_CONFIRMATION_OK"
5331,10407836949,10407836981,1,"IOTHUB_CLIENT_CONFIRMATION_OK"
5332,10407837149,10407837199,1,"IOTHUB_CLIENT_CONFIRMATION_OK"
5333,10407837349,10407837398,1,"IOTHUB_CLIENT_CONFIRMATION_OK"
5334,10407837549,10407837579,1,"IOTHUB_CLIENT_CONFIRMATION_OK"
5335,10407837749,10407837794,1,"IOTHUB_CLIENT_CONFIRMATION_OK"
5336,10407837950,10407838106,1,"IOTHUB_CLIENT_CONFIRMATION_OK"
5337,10407838150,10407838188,1,"IOTHUB_CLIENT_CONFIRMATION_OK"
5338,10407838350,10407838393,1,"IOTHUB_CLIENT_CONFIRMATION_OK"
5339,10407838550,10407838618,1,"IOTHUB_CLIENT_CONFIRMATION_OK"
5340,10407838750,10407838808,1,"IOTHUB_CLIENT_CONFIRMATION_OK"
5341,10407838950,10407838991,1,"IOTHUB_CLIENT_CONFIRMATION_OK"
5342,10407839150,10407839193,1,"IOTHUB_CLIENT_CONFIRMATION_OK"
5343,10407839351,10407839548,1,"IOTHUB_CLIENT_CONFIRMATION_OK"
5344,10407839551,10407839590,1,"IOTHUB_CLIENT_CONFIRMATION_OK"
5345,10407839751,10407839795,1,"IOTHUB_CLIENT_CONFIRMATION_OK"
5346,10407839951,10407839995,1,"IOTHUB_CLIENT_CONFIRMATION_OK"
5347,10407840151,10407840183,1,"IOTHUB_CLIENT_CONFIRMATION_OK"
5348,10407840351,10407840396,1,"IOTHUB_CLIENT_CONFIRMATION_OK"
5349,10407840552,10407840597,1,"IOTHUB_CLIENT_CONFIRMATION_OK"
5350,10407840752,10407840805,1,"IOTHUB_CLIENT_CONFIRMATION_OK"
5351,10407840952,10407841006,1,"IOTHUB_CLIENT_CONFIRMATION_OK"
5352,10407841152,10407841200,1,"IOTHUB_CLIENT_CONFIRMATION_OK"
5353,10407841352,10407841438,1,"IOTHUB_CLIENT_CONFIRMATION_OK"
5354,10407841552,10407841604,1,"IOTHUB_CLIENT_CONFIRMATION_OK"
5355,10407841753,10407841791,1,"IOTHUB_CLIENT_CONFIRMATION_OK"
5356,10407841953,10407842039,1,"IOTHUB_CLIENT_CONFIRMATION_OK"
5357,10407842153,10407842188,1,"IOTHUB_CLIENT_CONFIRMATION_OK"
5358,10407842353,10407842396,1,"IOTHUB_CLIENT_CONFIRMATION_OK"
5359,10407842553,10407842621,1,"IOTHUB_CLIENT_CONFIRMATION_OK"
5360,10407842753,10407842788,1,"IOTHUB_CLIENT_CONFIRMATION_OK"
5361,10407842953,10407842988,1,"IOTHUB_CLIENT_CONFIRMATION_OK"
5362,10407843154,10407843212,1,"IOTHUB_CLIENT_CONFIRMATION_OK"
5363,10407843354,10407843459,1,"IOTHUB_CLIENT_CONFIRMATION_OK"
5364,10407843554,10407843596,1,"IOTHUB_CLIENT_CONFIRMATION_OK"
5365,10407843754,10407843811,1,"IOTHUB_CLIENT_CONFIRMATION_OK"
5366,10407843954,10407844070,1,"IOTHUB_CLIENT_CONFIRMATION_OK"
5367,10407844154,10407844196,1,"IOTHUB_CLIENT_CONFIRMATION_OK"
5368,10407844355,10407844391,1,"IOTHUB_CLIENT_CONFIRMATION_OK"
5369,10407844555,10407844617,1,"IOTHUB_CLIENT_CONFIRMATION_OK"
5370,10407844755,10407844791,1,"IOTHUB_CLIENT_CONFIRMATION_OK"
5371,10407844955,10407845007,1,"IOTHUB_CLIENT_CONFIRMATION_OK"
5372,10407845155,10407845223,1,"IOTHUB_CLIENT_CONFIRMATION_OK"
5373,10407845355,10407845490,1,"IOTHUB_CLIENT_CONFIRMATION_OK"
5374,10407845556,10407845616,1,"IOTHUB_CLIENT_CONFIRMATION_OK"
5375,10407845756,10407845797,1,"IOTHUB_CLIENT_CONFIRMATION_OK"
5376,10407845956,10407846088,1,"IOTHUB_CLIENT_CONFIRMATION_OK"
5377,10407846156,10407846234,1,"IOTHUB_CLIENT_CONFIRMATION_OK"
5378,10407846356,10407846428,1,"IOTHUB_CLIENT_CONFIRMATION_OK"
5379,10407846556,10407846593,1,"IOTHUB_CLIENT_CONFIRMATION_OK"
5380,10407846757,10407846809,1,"IOTHUB_CLIENT_CONFIRMATION_OK"
5381,10407846957,10407847002,1,"IOTHUB_CLIENT_CONFIRMATION_OK"
5382,10407847157,10407847212,1,"IOTHUB_CLIENT_CONFIRMATION_OK"
5383,10407847357,10407847404,1,"IOTHUB_CLIENT_CONFIRMATION_OK"
5384,10407847557,10407847604,1,"IOTHUB_CLIENT_CONFIRMATION_OK"
5385,10407847757,10407847796,1,"IOTHUB_CLIENT_CONFIRMATION_OK"
5386,10407847957,10407848145,1,"IOTHUB_CLIENT_CONFIRMATION_OK"
5387,10407848158,10407848196,1,"IOTHUB_CLIENT_CONFIRMATION_OK"
5388,10407848358,10407848409,1,"IOTHUB_CLIENT_CONFIRMATION_OK"
5389,10407848558,10407848599,1,"IOTHUB_CLIENT_CONFIRMATION_OK"
5390,10407848758,10407848817,1,"IOTHUB_CLIENT_CONFIRMATION_OK"
5391,10407848958,10407849016,1,"IOTHUB_CLIENT_CONFIRMATION_OK"
5392,10407849158,10407849209,1,"IOTHUB_CLIENT_CONFIRMATION_OK"
5393,10407849359,10407849427,1,"IOTHUB_CLIENT_CONFIRMATION_OK"
5394,10407849559,10407849646,1,"IOTHUB_CLIENT_CONFIRMATION_OK"
5395,10407849759,10407849809,1,"IOTHUB_CLIENT_CONFIRMATION_OK"
5396,10407849959,10407850056,1,"IOTHUB_CLIENT_CONFIRMATION_OK"
5397,10407850159,10407850221,1,"IOTHUB_CLIENT_CONFIRMATION_OK"
5398,10407850359,10407850412,1,"IOTHUB_CLIENT_CONFIRMATION_OK"
5399,10407850559,10407850603,1,"IOTHUB_CLIENT_CONFIRMATION_OK"
5400,10407850760,10407850820,1,"IOTHUB_CLIENT_CONFIRMATION_OK"
5401,10407850960,10407851038,1,"IOTHUB_CLIENT_CONFIRMATION_OK"
5402,10407851160,10407851205,1,"IOTHUB_CLIENT_CONFIRMATION_OK"
5403,10407851360,10407851414,1,"IOTHUB_CLIENT_CONFIRMATION_OK"
5404,10407851560,10407851607,1,"IOTHUB_CLIENT_CONFIRMATION_OK"
5405,10407851760,10407851823,1,"IOTHUB_CLIENT_CONFIRMATION_OK"
5406,10407851961,10407852015,1,"IOTHUB_CLIENT_CONFIRMATION_OK"
5407,10407852161,10407852205,1,"IOTHUB_CLIENT_CONFIRMATION_OK"
5408,10407852361,10407852396,1,"IOTHUB_CLIENT_CONFIRMATION_OK"
5409,10407852561,10407852607,1,"IOTHUB_CLIENT_CONFIRMATION_OK"
5410,10407852761,10407852809,1,"IOTHUB_CLIENT_CONFIRMATION_OK"
5411,10407852961,10407852999,1,"IOTHUB_CLIENT_CONFIRMATION_OK"
5412,10407853162,10407853201,1,"IOTHUB_CLIENT_CONFIRMATION_OK"
5413,10407853362,10407853469,1,"IOTHUB_CLIENT_CONFIRMATION_OK"
5414,10407853562,10407853602,1,"IOTHUB_CLIENT_CONFIRMATION_OK"
5415,10407853762,10407853807,1,"IOTHUB_CLIENT_CONFIRMATION_OK"
5416,10407853962,10407854048,1,"IOTHUB_CLIENT_CONFIRMATION_OK"
5417,10407854162,10407854214,1,"IOTHUB_CLIENT_CONFIRMATION_OK"
5418,10407854362,10407854427,1,"IOTHUB_CLIENT_CONFIRMATION_OK"
5419,10407854563,10407854670,1,"IOTHUB_CLIENT_CONFIRMATION_OK"
5420,10407854763,10407854805,1,"IOTHUB_CLIENT_CONFIRMATION_OK"
5421,10407854963,10407855012,1,"IOTHUB_CLIENT_CONFIRMATION_OK"
5422,10407855163,10407855229,1,"IOTHUB_CLIENT_CONFIRMATION_OK"
5423,10407855363,10407855470,1,"IOTHUB_CLIENT_CONFIRMATION_OK"
5424,10407855563,10407855669,1,"IOTHUB_CLIENT_CONFIRMATION_OK"
5425,10407855764,10407855809,1,"IOTHUB_CLIENT_CONFIRMATION_OK"
5426,10407855964,10407856131,1,"IOTHUB_CLIENT_CONFIRMATION_OK"
5427,10407856164,10407856218,1,"IOTHUB_CLIENT_CONFIRMATION_OK"
5428,10407856364,10407856444,1,"IOTHUB_CLIENT_CONFIRMATION_OK"
5429,10407856564,10407856618,1,"IOTHUB_CLIENT_CONFIRMATION_OK"
5430,10407856764,10407856912,1,"IOTHUB_CLIENT_CONFIRMATION_OK"
5431,10407856965,10407857015,1,"IOTHUB_CLIENT_CONFIRMATION_OK"
5432,10407857165,10407857261,1,"IOTHUB_CLIENT_CONFIRMATION_OK"
5433,10407857365,10407857450,1,"IOTHUB_CLIENT_CONFIRMATION_OK"
5434,10407857565,10407857629,1,"IOTHUB_CLIENT_CONFIRMATION_OK"
5435,10407857765,10407857813,1,"IOTHUB_CLIENT_CONFIRMATION_OK"
5436,10407857965,10407858022,1,"IOTHUB_CLIENT_CONFIRMATION_OK"
5437,10407858165,10407858204,1,"IOTHUB_CLIENT_CONFIRMATION_OK"
5438,10407858366,10407858407,1,"IOTHUB_CLIENT_CONFIRMATION_OK"
5439,10407858566,10407858623,1,"IOTHUB_CLIENT_CONFIRMATION_OK"
5440,10407858766,10407858824,1,"IOTHUB_CLIENT_CONFIRMATION_OK"
5441,10407858966,10407858998,1,"IOTHUB_CLIENT_CONFIRMATION_OK"
5442,10407859166,10407859255,1,"IOTHUB_CLIENT_CONFIRMATION_OK"
5443,10407859366,10407859436,1,"IOTHUB_CLIENT_CONFIRMATION_OK"
5444,10407859567,10407859607,1,"IOTHUB_CLIENT_CONFIRMATION_OK"
5445,10407859767,10407859814,1,"IOTHUB_CLIENT_CONFIRMATION_OK"
5446,10407859967,10407860047,1,"IOTHUB_CLIENT_CONFIRMATION_OK"
5447,10407860167,10407860233,1,"IOTHUB_CLIENT_CONFIRMATION_OK"
5448,10407860367,10407860426,1,"IOTHUB_CLIENT_CONFIRMATION_OK"
5449,10407860567,10407860610,1,"IOTHUB_CLIENT_CONFIRMATION_OK"
5450,10407860768,10407860851,1,"IOTHUB_CLIENT_CONFIRMATION_OK"
5451,10407860968,10407861009,1,"IOTHUB_CLIENT_CONFIRMATION_OK"
5452,10407861168,10407861222,1,"IOTHUB_CLIENT_CONFIRMATION_OK"
5453,10407861368,10407861524,1,"IOTHUB_CLIENT_CONFIRMATION_OK"
5454,10407861568,10407861615,1,"IOTHUB_CLIENT_CONFIRMATION_OK"
5455,10407861768,10407861837,1,"IOTHUB_CLIENT_CONFIRMATION_OK"
5456,10407861969,10407862235,1,"IOTHUB_CLIENT_CONFIRMATION_OK"
5457,10407862169,10407862258,1,"IOTHUB_CLIENT_CONFIRMATION_OK"
5458,10407862369,10407862411,1,"IOTHUB_CLIENT_CONFIRMATION_OK"
5459,10407862569,10407862633,1,"IOTHUB_CLIENT_CONFIRMATION_OK"
5460,10407862769,10407862831,1,"IOTHUB_CLIENT_CONFIRMATION_OK"
5461,10407862969,10407863010,1,"IOTHUB_CLIENT_CONFIRMATION_OK"
5462,10407863169,10407863213,1,"IOTHUB_CLIENT_CONFIRMATION_OK"
5463,10407863370,10407863464,1,"IOTHUB_CLIENT_CONFIRMATION_OK"
5464,10407863570,10407863614,1,"IOTHUB_CLIENT_CONFIRMATION_OK"
5465,10407863770,10407863805,1,"IOTHUB_CLIENT_CONFIRMATION_OK"
5466,10407863970,10407864073,1,"IOTHUB_CLIENT_CONFIRMATION_OK"
5467,10407864170,10407864215,1,"IOTHUB_CLIENT_CONFIRMATION_OK"
5468,10407864370,10407864411,1,"IOTHUB_CLIENT_CONFIRMATION_OK"
5469,10407864571,10407864612,1,"IOTHUB_CLIENT_CONFIRMATION_OK"
5470,10407864771,10407864900,1,"IOTHUB_CLIENT_CONFIRMATION_OK"
5471,10407864971,10407865014,1,"IOTHUB_CLIENT_CONFIRMATION_OK"
5472,10407865171,10407865228,1,"IOTHUB_CLIENT_CONFIRMATION_OK"
5473,10407865371,10407865426,1,"IOTHUB_CLIENT_CONFIRMATION_OK"
5474,10407865571,10407865652,1,"IOTHUB_CLIENT_CONFIRMATION_OK"
5475,10407865772,10407865816,1,"IOTHUB_CLIENT_CONFIRMATION_OK"
5476,10407865972,10407866127,1,"IOTHUB_CLIENT_CONFIRMATION_OK"
5477,10407866172,10407866210,1,"IOTHUB_CLIENT_CONFIRMATION_OK"
5478,10407866372,10407866414,1,"IOTHUB_CLIENT_CONFIRMATION_OK"
5479,10407866572,10407866627,1,"IOTHUB_CLIENT_CONFIRMATION_OK"
5480,10407866772,10407866909,1,"IOTHUB_CLIENT_CONFIRMATION_OK"
5481,10407866972,10407867043,1,"IOTHUB_CLIENT_CONFIRMATION_OK"
5482,10407867173,10407867213,1,"IOTHUB_CLIENT_CONFIRMATION_OK"
5483,10407867373,10407867423,1,"IOTHUB_CLIENT_CONFIRMATION_OK"
5484,10407867573,10407867626,1,"IOTHUB_CLIENT_CONFIRMATION_OK"
5485,10407867773,10407867823,1,"IOTHUB_CLIENT_CONFIRMATION_OK"
5486,10407867973,10407868035,1,"IOTHUB_CLIENT_CONFIRMATION_OK"
5487,10407868173,10407868246,1,"IOTHUB_CLIENT_CONFIRMATION_OK"
5488,10407868374,10407868441,1,"IOTHUB_CLIENT_CONFIRMATION_OK"
5489,10407868574,10407868683,1,"IOTHUB_CLIENT_CONFIRMATION_OK"
5490,10407868774,10407868825,1,"IOTHUB_CLIENT_CONFIRMATION_OK"
5491,10407868974,10407869028,1,"IOTHUB_CLIENT_CONFIRMATION_OK"
5492,10407869174,10407869213,1,"IOTHUB_CLIENT_CONFIRMATION_OK"
5493,10407869374,10407869415,1,"IOTHUB_CLIENT_CONFIRMATION_OK"
5494,10407869575,10407869641,1,"IOTHUB_CLIENT_CONFIRMATION_OK"
5495,10407869775,10407869846,1,"IOTHUB_CLIENT_CONFIRMATION_OK"
5496,10407869975,10407870026,1,"IOTHUB_CLIENT_CONFIRMATION_OK"
5497,10407870175,10407870226,1,"IOTHUB_CLIENT_CONFIRMATION_OK"
5498,10407870375,10407870461,1,"IOTHUB_CLIENT_CONFIRMATION_OK"
5499,10407870575,10407870621,1,"IOTHUB_CLIENT_CONFIRMATION_OK"
5500,10407870775,10407870850,1,"IOTHUB_CLIENT_CONFIRMATION_OK"
5501,10407870976,10407871031,1,"IOTHUB_CLIENT_CONFIRMATION_OK"
5502,10407871176,10407871247,1,"IOTHUB_CLIENT_CONFIRMATION_OK"
5503,10407871376,10407871464,1,"IOTHUB_CLIENT_CONFIRMATION_OK"
5504,10407871576,10407871610,1,"IOTHUB_CLIENT_CONFIRMATION_OK"
5505,10407871776,10407871818,1,"IOTHUB_CLIENT_CONFIRMATION_OK"
5506,10407871976,10407872158,1,"IOTHUB_CLIENT_CONFIRMATION_OK"
5507,10407872177,10407872224,1,"IOTHUB_CLIENT_CONFIRMATION_OK"
5508,10407872377,10407872561,1,"IOTHUB_CLIENT_CONFIRMATION_OK"
5509,10407872577,10407872652,1,"IOTHUB_CLIENT_CONFIRMATION_OK"
5510,10407872777,10407872860,1,"IOTHUB_CLIENT_CONFIRMATION_OK"
5511,10407872977,10407873015,1,"IOTHUB_CLIENT_CONFIRMATION_OK"
5512,10407873177,10407873228,1,"IOTHUB_CLIENT_CONFIRMATION_OK"
5513,10407873378,10407873435,1,"IOTHUB_CLIENT_CONFIRMATION_OK"
5514,10407873578,10407873625,1,"IOTHUB_CLIENT_CONFIRMATION_OK"
5515,10407873778,10407873858,1,"IOTHUB_CLIENT_CONFIRMATION_OK"
5516,10407873978,10407874018,1,"IOTHUB_CLIENT_CONFIRMATION_OK"
5517,10407874178,10407874230,1,"IOTHUB_CLIENT_CONFIRMATION_OK"
5518,10407874378,10407874472,1,"IOTHUB_CLIENT_CONFIRMATION_OK"
5519,10407874579,10407874617,1,"IOTHUB_CLIENT_CONFIRMATION_OK"
5520,10407874779,10407874839,1,"IOTHUB_CLIENT_CONFIRMATION_OK"
5521,10407874979,10407875027,1,"IOTHUB_CLIENT_CONFIRMATION_OK"
5522,10407875179,10407875225,1,"IOTHUB_CLIENT_CONFIRMATION_OK"
5523,10407875379,10407875418,1,"IOTHUB_CLIENT_CONFIRMATION_OK"
5524,10407875579,10407875623,1,"IOTHUB_CLIENT_CONFIRMATION_OK"
5525,10407875780,10407875844,1,"IOTHUB_CLIENT_CONFIRMATION_OK"
5526,10407875980,10407876060,1,"IOTHUB_CLIENT_CONFIRMATION_OK"
5527,10407876180,10407876219,1,"IOTHUB_CLIENT_CONFIRMATION_OK"
5528,10407876380,10407876418,1,"IOTHUB_CLIENT_CONFIRMATION_OK"
5529,10407876580,10407876632,1,"IOTHUB_CLIENT_CONFIRMATION_OK"
5530,10407876780,10407876854,1,"IOTHUB_CLIENT_CONFIRMATION_OK"
5531,10407876980,10407877020,1,"IOTHUB_CLIENT_CONFIRMATION_OK"
5532,10407877181,10407877217,1,"IOTHUB_CLIENT_CONFIRMATION_OK"
5533,10407877381,10407877492,1,"IOTHUB_CLIENT_CONFIRMATION_OK"
5534,10407877581,10407877639,1,"IOTHUB_CLIENT_CONFIRMATION_OK"
5535,10407877781,10407877831,1,"IOTHUB_CLIENT_CONFIRMATION_OK"
5536,10407877981,10407878133,1,"IOTHUB_CLIENT_CONFIRMATION_OK"
5537,10407878181,10407878232,1,"IOTHUB_CLIENT_CONFIRMATION_OK"
5538,10407878382,10407878453,1,"IOTHUB_CLIENT_CONFIRMATION_OK"
5539,10407878582,10407878621,1,"IOTHUB_CLIENT_CONFIRMATION_OK"
5540,10407878782,10407878820,1,"IOTHUB_CLIENT_CONFIRMATION_OK"
5541,10407878982,10407879021,1,"IOTHUB_CLIENT_CONFIRMATION_OK"
5542,10407879182,10407879231,1,"IOTHUB_CLIENT_CONFIRMATION_OK"
5543,10407879382,10407879430,1,"IOTHUB_CLIENT_CONFIRMATION_OK"
5544,10407879583,10407879626,1,"IOTHUB_CLIENT_CONFIRMATION_OK"
5545,10407879783,10407879826,1,"IOTHUB_CLIENT_CONFIRMATION_OK"
5546,10407879983,10407880129,1,"IOTHUB_CLIENT_CONFIRMATION_OK"
5547,10407880183,10407880264,1,"IOTHUB_CLIENT_CONFIRMATION_OK"
5548,10407880383,10407880433,1,"IOTHUB_CLIENT_CONFIRMATION_OK"
5549,10407880583,10407880632,1,"IOTHUB_CLIENT_CONFIRMATION_OK"
5550,10407880784,10407880853,1,"IOTHUB_CLIENT_CONFIRMATION_OK"
5551,10407880984,10407881031,1,"IOTHUB_CLIENT_CONFIRMATION_OK"
5552,10407881184,10407881228,1,"IOTHUB_CLIENT_CONFIRMATION_OK"
5553,10407881384,10407881424,1,"IOTHUB_CLIENT_CONFIRMATION_OK"
5554,10407881584,10407881708,1,"IOTHUB_CLIENT_CONFIRMATION_OK"
5555,10407881784,10407881836,1,"IOTHUB_CLIENT_CONFIRMATION_OK"
5556,10407881985,10407882024,1,"IOTHUB_CLIENT_CONFIRMATION_OK"
5557,10407882185,10407882240,1,"IOTHUB_CLIENT_CONFIRMATION_OK"
5558,10407882385,10407882432,1,"IOTHUB_CLIENT_CONFIRMATION_OK"
5559,10407882585,10407882627,1,"IOTHUB_CLIENT_CONFIRMATION_OK"
5560,10407882785,10407882823,1,"IOTHUB_CLIENT_CONFIRMATION_OK"
5561,10407882985,10407883029,1,"IOTHUB_CLIENT_CONFIRMATION_OK"
5562,10407883185,10407883232,1,"IOTHUB_CLIENT_CONFIRMATION_OK"
5563,10407883386,10407883434,1,"IOTHUB_CLIENT_CONFIRMATION_OK"
5564,10407883586,10407883625,1,"IOTHUB_CLIENT_CONFIRMATION_OK"
5565,10407883786,10407883828,1,"IOTHUB_CLIENT_CONFIRMATION_OK"
5566,10407883986,10407884025,1,"IOTHUB_CLIENT_CONFIRMATION_OK"
5567,10407884186,10407884230,1,"IOTHUB_CLIENT_CONFIRMATION_OK"
5568,10407884386,10407884443,1,"IOTHUB_CLIENT_CONFIRMATION_OK"
5569,10407884587,10407884654,1,"IOTHUB_CLIENT_CONFIRMATION_OK"
5570,10407884787,10407884829,1,"IOTHUB_CLIENT_CONFIRMATION_OK"
5571,10407884987,10407885053,1,"IOTHUB_CLIENT_CONFIRMATION_OK"
5572,10407885187,10407885225,1,"IOTHUB_CLIENT_CONFIRMATION_OK"
5573,10407885387,10407885481,1,"IOTHUB_CLIENT_CONFIRMATION_OK"
5574,10407885587,10407885627,1,"IOTHUB_CLIENT_CONFIRMATION_OK"
5575,10407885787,10407885832,1,"IOTHUB_CLIENT_CONFIRMATION_OK"
5576,10407885988,10407886227,1,"IOTHUB_CLIENT_CONFIRMATION_OK"
5577,10407886188,10407886419,1,"IOTHUB_CLIENT_CONFIRMATION_OK"
5578,10407886388,10407886489,1,"IOTHUB_CLIENT_CONFIRMATION_OK"
5579,10407886588,10407886684,1,"IOTHUB_CLIENT_CONFIRMATION_OK"
5580,10407886788,10407886893,1,"IOTHUB_CLIENT_CONFIRMATION_OK"
5581,10407886988,10407887033,1,"IOTHUB_CLIENT_CONFIRMATION_OK"
5582,10407887189,10407887235,1,"IOTHUB_CLIENT_CONFIRMATION_OK"
5583,10407887389,10407887492,1,"IOTHUB_CLIENT_CONFIRMATION_OK"
5584,10407887589,10407887628,1,"IOTHUB_CLIENT_CONFIRMATION_OK"
5585,10407887789,10407887857,1,"IOTHUB_CLIENT_CONFIRMATION_OK"
5586,10407887989,10407888115,1,"IOTHUB_CLIENT_CONFIRMATION_OK"
5587,10407888189,10407888239,1,"IOTHUB_CLIENT_CONFIRMATION_OK"
5588,10407888390,10407888464,1,"IOTHUB_CLIENT_CONFIRMATION_OK"
5589,10407888590,10407888632,1,"IOTHUB_CLIENT_CONFIRMATION_OK"
5590,10407888790,10407888845,1,"IOTHUB_CLIENT_CONFIRMATION_OK"
5591,10407888990,10407889044,1,"IOTHUB_CLIENT_CONFIRMATION_OK"
5592,10407889190,10407889238,1,"IOTHUB_CLIENT_CONFIRMATION_OK"
5593,10407889390,10407889449,1,"IOTHUB_CLIENT_CONFIRMATION_OK"
5594,10407889590,10407889661,1,"IOTHUB_CLIENT_CONFIRMATION_OK"
5595,10407889791,10407889846,1,"IOTHUB_CLIENT_CONFIRMATION_OK"
5596,10407889991,10407890212,1,"IOTHUB_CLIENT_CONFIRMATION_OK"
5597,10407890191,10407890241,1,"IOTHUB_CLIENT_CONFIRMATION_OK"
5598,10407890391,10407890462,1,"IOTHUB_CLIENT_CONFIRMATION_OK"
5599,10407890591,10407890634,1,"IOTHUB_CLIENT_CONFIRMATION_OK"
5600,10407890791,10407890862,1,"IOTHUB_CLIENT_CONFIRMATION_OK"
5601,10407890992,10407891047,1,"IOTHUB_CLIENT_CONFIRMATION_OK"
5602,10407891192,10407891248,1,"IOTHUB_CLIENT_CONFIRMATION_OK"
5603,10407891392,10407891440,1,"IOTHUB_CLIENT_CONFIRMATION_OK"
5604,10407891592,10407891632,1,"IOTHUB_CLIENT_CONFIRMATION_OK"
5605,10407891792,10407891831,1,"IOTHUB_CLIENT_CONFIRMATION_OK"
5606,10407891992,10407892054,1,"IOTHUB_CLIENT_CONFIRMATION_OK"
5607,10407892192,10407892247,1,"IOTHUB_CLIENT_CONFIRMATION_OK"
5608,10407892393,10407892437,1,"IOTHUB_CLIENT_CONFIRMATION_OK"
5609,10407892593,10407892656,1,"IOTHUB_CLIENT_CONFIRMATION_OK"
5610,10407892793,10407892864,1,"IOTHUB_CLIENT_CONFIRMATION_OK"
5611,10407892993,10407893052,1,"IOTHUB_CLIENT_CONFIRMATION_OK"
5612,10407893193,10407893273,1,"IOTHUB_CLIENT_CONFIRMATION_OK"
5613,10407893393,10407893490,1,"IOTHUB_CLIENT_CONFIRMATION_OK"
5614,10407893594,10407893650,1,"IOTHUB_CLIENT_CONFIRMATION_OK"
5615,10407893794,10407893845,1,"IOTHUB_CLIENT_CONFIRMATION_OK"
5616,10407893994,10407894090,1,"IOTHUB_CLIENT_CONFIRMATION_OK"
5617,10407894194,10407894372,1,"IOTHUB_CLIENT_CONFIRMATION_OK"
5618,10407894394,10407894444,1,"IOTHUB_CLIENT_CONFIRMATION_OK"
5619,10407894594,10407894696,1,"IOTHUB_CLIENT_CONFIRMATION_OK"
5620,10407894794,10407894839,1,"IOTHUB_CLIENT_CONFIRMATION_OK"
5621,10407894995,10407895034,1,"IOTHUB_CLIENT_CONFIRMATION_OK"
5622,10407895195,10407895277,1,"IOTHUB_CLIENT_CONFIRMATION_OK"
5623,10407895395,10407895438,1,"IOTHUB_CLIENT_CONFIRMATION_OK"
5624,10407895595,10407895646,1,"IOTHUB_CLIENT_CONFIRMATION_OK"
5625,10407895795,10407895846,1,"IOTHUB_CLIENT_CONFIRMATION_OK"
5626,10407895995,10407896039,1,"IOTHUB_CLIENT_CONFIRMATION_OK"
5627,10407896196,10407896241,1,"IOTHUB_CLIENT_CONFIRMATION_OK"
5628,10407896396,10407896455,1,"IOTHUB_CLIENT_CONFIRMATION_OK"
5629,10407896596,10407896644,1,"IOTHUB_CLIENT_CONFIRMATION_OK"
5630,10407896796,10407896861,1,"IOTHUB_CLIENT_CONFIRMATION_OK"
5631,10407896996,10407897045,1,"IOTHUB_CLIENT_CONFIRMATION_OK"
5632,10407897196,10407897246,1,"IOTHUB_CLIENT_CONFIRMATION_OK"
5633,10407897397,10407897458,1,"IOTHUB_CLIENT_CONFIRMATION_OK"
5634,10407897597,10407897636,1,"IOTHUB_CLIENT_CONFIRMATION_OK"
5635,10407897797,10407897841,1,"IOTHUB_CLIENT_CONFIRMATION_OK"
5636,10407897997,10407898054,1,"IOTHUB_CLIENT_CONFIRMATION_OK"
5637,10407898197,10407898244,1,"IOTHUB_CLIENT_CONFIRMATION_OK"
5638,10407898397,10407898437,1,"IOTHUB_CLIENT_CONFIRMATION_OK"
5639,10407898598,10407898663,1,"IOTHUB_CLIENT_CONFIRMATION_OK"
5640,10407898798,10407898841,1,"IOTHUB_CLIENT_CONFIRMATION_OK"
5641,10407898998,10407899055,1,"IOTHUB_CLIENT_CONFIRMATION_OK"
5642,10407899198,10407899254,1,"IOTHUB_CLIENT_CONFIRMATION_OK"
5643,10407899398,10407899538,1,"IOTHUB_CLIENT_CONFIRMATION_OK"
5644,10407899598,10407899638,1,"IOTHUB_CLIENT_CONFIRMATION_OK"
5645,10407899798,10407899907,1,"IOTHUB_CLIENT_CONFIRMATION_OK"
5646,10407899999,10407900137,1,"IOTHUB_CLIENT_CONFIRMATION_OK"
5647,10407900199,10407900302,1,"IOTHUB_CLIENT_CONFIRMATION_OK"
5648,10407900399,10407900448,1,"IOTHUB_CLIENT_CONFIRMATION_OK"
5649,10407900599,10407900645,1,"IOTHUB_CLIENT_CONFIRMATION_OK"
5650,10407900799,10407900849,1,"IOTHUB_CLIENT_CONFIRMATION_OK"
5651,10407900999,10407901053,1,"IOTHUB_CLIENT_CONFIRMATION_OK"
5652,10407901200,10407901239,1,"IOTHUB_CLIENT_CONFIRMATION_OK"
5653,10407901400,10407901460,1,"IOTHUB_CLIENT_CONFIRMATION_OK"
5654,10407901600,10407901643,1,"IOTHUB_CLIENT_CONFIRMATION_OK"
5655,10407901800,10407901870,1,"IOTHUB_CLIENT_CONFIRMATION_OK"
5656,10407902000,10407902149,1,"IOTHUB_CLIENT_CONFIRMATION_OK"
5657,10407902200,10407902247,1,"IOTHUB_CLIENT_CONFIRMATION_OK"
5658,10407902400,10407902449,1,"IOTHUB_CLIENT_CONFIRMATION_OK"
5659,10407902601,10407902661,1,"IOTHUB_CLIENT_CONFIRMATION_OK"
5660,10407902801,10407902842,1,"IOTHUB_CLIENT_CONFIRMATION_OK"
5661,10407903001,10407903047,1,"IOTHUB_CLIENT_CONFIRMATION_OK"
5662,10407903201,10407903251,1,"IOTHUB_CLIENT_CONFIRMATION_OK"
5663,10407903401,10407903443,1,"IOTHUB_CLIENT_CONFIRMATION_OK"
5664,10407903601,10407903647,1,"IOTHUB_CLIENT_CONFIRMATION_OK"
5665,10407903802,10407903850,1,"IOTHUB_CLIENT_CONFIRMATION_OK"
5666,10407904002,10407904043,1,"IOTHUB_CLIENT_CONFIRMATION_OK"
5667,10407904202,10407904243,1,"IOTHUB_CLIENT_CONFIRMATION_OK"
5668,10407904402,10407904499,1,"IOTHUB_CLIENT_CONFIRMATION_OK"
5669,10407904602,10407904639,1,"IOTHUB_CLIENT_CONFIRMATION_OK"
5670,10407904802,10407904843,1,"IOTHUB_CLIENT_CONFIRMATION_OK"
5671,10407905002,10407905070,1,"IOTHUB_CLIENT_CONFIRMATION_OK"
5672,10407905203,10407905257,1,"IOTHUB_CLIENT_CONFIRMATION_OK"
5673,10407905403,10407905455,1,"IOTHUB_CLIENT_CONFIRMATION_OK"
5674,10407905603,10407905649,1,"IOTHUB_CLIENT_CONFIRMATION_OK"
5675,10407905803,10407905933,1,"IOTHUB_CLIENT_CONFIRMATION_OK"
5676,10407906003,10407906042,1,"IOTHUB_CLIENT_CONFIRMATION_OK"
5677,10407906203,10407906262,1,"IOTHUB_CLIENT_CONFIRMATION_OK"
5678,10407906404,10407906453,1,"IOTHUB_CLIENT_CONFIRMATION_OK"
5679,10407906604,10407906642,1,"IOTHUB_CLIENT_CONFIRMATION_OK"
5680,10407906804,10407906852,1,"IOTHUB_CLIENT_CONFIRMATION_OK"
5681,10407907004,10407907049,1,"IOTHUB_CLIENT_CONFIRMATION_OK"
5682,10407907204,10407907263,1,"IOTHUB_CLIENT_CONFIRMATION_OK"
5683,10407907404,10407907466,1,"IOTHUB_CLIENT_CONFIRMATION_OK"
5684,10407907604,10407907653,1,"IOTHUB_CLIENT_CONFIRMATION_OK"
5685,10407907805,10407907856,1,"IOTHUB_CLIENT_CONFIRMATION_OK"
5686,10407908005,10407908114,1,"IOTHUB_CLIENT_CONFIRMATION_OK"
5687,10407908205,10407908247,1,"IOTHUB_CLIENT_CONFIRMATION_OK"
5688,10407908405,10407908483,1,"IOTHUB_CLIENT_CONFIRMATION_OK"
5689,10407908605,10407908705,1,"IOTHUB_CLIENT_CONFIRMATION_OK"
5690,10407908805,10407908892,1,"IOTHUB_CLIENT_CONFIRMATION_OK"
5691,10407909006,10407909047,1,"IOTHUB_CLIENT_CONFIRMATION_OK"
5692,10407909206,10407909272,1,"IOTHUB_CLIENT_CONFIRMATION_OK"
5693,10407909406,10407909513,1,"IOTHUB_CLIENT_CONFIRMATION_OK"
5694,10407909606,10407909646,1,"IOTHUB_CLIENT_CONFIRMATION_OK"
5695,10407909806,10407909843,1,"IOTHUB_CLIENT_CONFIRMATION_OK"
5696,10407910006,10407910133,1,"IOTHUB_CLIENT_CONFIRMATION_OK"
5697,10407910207,10407910244,1,"IOTHUB_CLIENT_CONFIRMATION_OK"
5698,10407910407,10407910454,1,"IOTHUB_CLIENT_CONFIRMATION_OK"
5699,10407910607,10407910668,1,"IOTHUB_CLIENT_CONFIRMATION_OK"
5700,10407910807,10407910846,1,"IOTHUB_CLIENT_CONFIRMATION_OK"
5701,10407911007,10407911043,1,"IOTHUB_CLIENT_CONFIRMATION_OK"
5702,10407911207,10407911268,1,"IOTHUB_CLIENT_CONFIRMATION_OK"
5703,10407911407,10407911464,1,"IOTHUB_CLIENT_CONFIRMATION_OK"
5704,10407911608,10407911651,1,"IOTHUB_CLIENT_CONFIRMATION_OK"
5705,10407911808,10407911849,1,"IOTHUB_CLIENT_CONFIRMATION_OK"
5706,10407912008,10407912046,1,"IOTHUB_CLIENT_CONFIRMATION_OK"
5707,10407912208,10407912244,1,"IOTHUB_CLIENT_CONFIRMATION_OK"
5708,10407912408,10407912446,1,"IOTHUB_CLIENT_CONFIRMATION_OK"
5709,10407912608,10407912665,1,"IOTHUB_CLIENT_CONFIRMATION_OK"
5710,10407912809,10407912855,1,"IOTHUB_CLIENT_CONFIRMATION_OK"
5711,10407913009,10407913083,1,"IOTHUB_CLIENT_CONFIRMATION_OK"
5712,10407913209,10407913263,1,"IOTHUB_CLIENT_CONFIRMATION_OK"
5713,10407913409,10407913468,1,"IOTHUB_CLIENT_CONFIRMATION_OK"
5714,10407913609,10407913660,1,"IOTHUB_CLIENT_CONFIRMATION_OK"
5715,10407913809,10407913852,1,"IOTHUB_CLIENT_CONFIRMATION_OK"
5716,10407914010,10407914083,1,"IOTHUB_CLIENT_CONFIRMATION_OK"
5717,10407914210,10407914264,1,"IOTHUB_CLIENT_CONFIRMATION_OK"
5718,10407914410,10407914464,1,"IOTHUB_CLIENT_CONFIRMATION_OK"
5719,10407914610,10407914668,1,"IOTHUB_CLIENT_CONFIRMATION_OK"
5720,10407914810,10407914856,1,"IOTHUB_CLIENT_CONFIRMATION_OK"
5721,10407915010,10407915059,1,"IOTHUB_CLIENT_CONFIRMATION_OK"
5722,10407915210,10407915273,1,"IOTHUB_CLIENT_CONFIRMATION_OK"
5723,10407915411,10407915522,1,"IOTHUB_CLIENT_CONFIRMATION_OK"
5724,10407915611,10407915661,1,"IOTHUB_CLIENT_CONFIRMATION_OK"
5725,10407915811,10407915871,1,"IOTHUB_CLIENT_CONFIRMATION_OK"
5726,10407916011,10407916114,1,"IOTHUB_CLIENT_CONFIRMATION_OK"
5727,10407916211,10407916259,1,"IOTHUB_CLIENT_CONFIRMATION_OK"
5728,10407916411,10407916470,1,"IOTHUB_CLIENT_CONFIRMATION_OK"
5729,10407916612,10407916667,1,"IOTHUB_CLIENT_CONFIRMATION_OK"
5730,10407916812,10407916857,1,"IOTHUB_CLIENT_CONFIRMATION_OK"
5731,10407917012,10407917054,1,"IOTHUB_CLIENT_CONFIRMATION_OK"
5732,10407917212,10407917258,1,"IOTHUB_CLIENT_CONFIRMATION_OK"
5733,10407917412,10407917460,1,"IOTHUB_CLIENT_CONFIRMATION_OK"
5734,10407917612,10407917699,1,"IOTHUB_CLIENT_CONFIRMATION_OK"
5735,10407917813,10407917861,1,"IOTHUB_CLIENT_CONFIRMATION_OK"
5736,10407918013,10407918239,1,"IOTHUB_CLIENT_CONFIRMATION_OK"
5737,10407918213,10407918274,1,"IOTHUB_CLIENT_CONFIRMATION_OK"
5738,10407918413,10407918463,1,"IOTHUB_CLIENT_CONFIRMATION_OK"
5739,10407918613,10407918668,1,"IOTHUB_CLIENT_CONFIRMATION_OK"
5740,10407918813,10407919827,1,"IOTHUB_CLIENT_CONFIRMATION_OK"
5741,10407919013,10407919914,1,"IOTHUB_CLIENT_CONFIRMATION_OK"
5742,10407919214,10407919986,1,"IOTHUB_CLIENT_CONFIRMATION_OK"
5743,10407919414,10407920049,1,"IOTHUB_CLIENT_CONFIRMATION_OK"
5744,10407919614,10407920117,1,"IOTHUB_CLIENT_CONFIRMATION_OK"
5745,10407919814,10407920335,1,"IOTHUB_CLIENT_CONFIRMATION_OK"
5746,10407920014,10407920420,1,"IOTHUB_CLIENT_CONFIRMATION_OK"
5747,10407920214,10407920482,1,"IOTHUB_CLIENT_CONFIRMATION_OK"
5748,10407920415,10407920528,1,"IOTHUB_CLIENT_CONFIRMATION_OK"
5749,10407920615,10407920670,1,"IOTHUB_CLIENT_CONFIRMATION_OK"
5750,10407920815,10407920892,1,"IOTHUB_CLIENT_CONFIRMATION_OK"
5751,10407921015,10407921055,1,"IOTHUB_CLIENT_CONFIRMATION_OK"
5752,10407921215,10407921264,1,"IOTHUB_CLIENT_CONFIRMATION_OK"
5753,10407921415,10407921503,1,"IOTHUB_CLIENT_CONFIRMATION_OK"
5754,10407921615,10407921670,1,"IOTHUB_CLIENT_CONFIRMATION_OK"
5755,10407921816,10407921859,1,"IOTHUB_CLIENT_CONFIRMATION_OK"
5756,10407922016,10407922117,1,"IOTHUB_CLIENT_CONFIRMATION_OK"
5757,10407922216,10407922258,1,"IOTHUB_CLIENT_CONFIRMATION_OK"
5758,10407922416,10407922454,1,"IOTHUB_CLIENT_CONFIRMATION_OK"
5759,10407922616,10407922664,1,"IOTHUB_CLIENT_CONFIRMATION_OK"
5760,10407922816,10407922876,1,"IOTHUB_CLIENT_CONFIRMATION_OK"
5761,10407923017,10407923069,1,"IOTHUB_CLIENT_CONFIRMATION_OK"
5762,10407923217,10407923287,1,"IOTHUB_CLIENT_CONFIRMATION_OK"
5763,10407923417,10407923490,1,"IOTHUB_CLIENT_CONFIRMATION_OK"
5764,10407923617,10407923666,1,"IOTHUB_CLIENT_CONFIRMATION_OK"
5765,10407923817,10407923864,1,"IOTHUB_CLIENT_CONFIRMATION_OK"
5766,10407924017,10407924062,1,"IOTHUB_CLIENT_CONFIRMATION_OK"
5767,10407924218,10407924249,1,"IOTHUB_CLIENT_CONFIRMATION_OK"
5768,10407924418,10407924567,1,"IOTHUB_CLIENT_CONFIRMATION_OK"
5769,10407924618,10407924662,1,"IOTHUB_CLIENT_CONFIRMATION_OK"
5770,10407924818,10407924877,1,"IOTHUB_CLIENT_CONFIRMATION_OK"
5771,10407925018,10407925088,1,"IOTHUB_CLIENT_CONFIRMATION_OK"
5772,10407925218,10407925261,1,"IOTHUB_CLIENT_CONFIRMATION_OK"
5773,10407925418,10407925493,1,"IOTHUB_CLIENT_CONFIRMATION_OK"
5774,10407925619,10407925677,1,"IOTHUB_CLIENT_CONFIRMATION_OK"
5775,10407925819,10407925867,1,"IOTHUB_CLIENT_CONFIRMATION_OK"
5776,10407926019,10407926070,1,"IOTHUB_CLIENT_CONFIRMATION_OK"
5777,10407926219,10407926268,1,"IOTHUB_CLIENT_CONFIRMATION_OK"
5778,10407926419,10407926475,1,"IOTHUB_CLIENT_CONFIRMATION_OK"
5779,10407926619,10407926663,1,"IOTHUB_CLIENT_CONFIRMATION_OK"
5780,10407926820,10407926864,1,"IOTHUB_CLIENT_CONFIRMATION_OK"
5781,10407927020,10407927065,1,"IOTHUB_CLIENT_CONFIRMATION_OK"
5782,10407927220,10407927264,1,"IOTHUB_CLIENT_CONFIRMATION_OK"
5783,10407927420,10407927490,1,"IOTHUB_CLIENT_CONFIRMATION_OK"
5784,10407927620,10407927682,1,"IOTHUB_CLIENT_CONFIRMATION_OK"
5785,10407927820,10407927862,1,"IOTHUB_CLIENT_CONFIRMATION_OK"
5786,10407928020,10407928089,1,"IOTHUB_CLIENT_CONFIRMATION_OK"
5787,10407928221,10407928291,1,"IOTHUB_CLIENT_CONFIRMATION_OK"
5788,10407928421,10407928462,1,"IOTHUB_CLIENT_CONFIRMATION_OK"
5789,10407928621,10407928674,1,"IOTHUB_CLIENT_CONFIRMATION_OK"
5790,10407928821,10407928894,1,"IOTHUB_CLIENT_CONFIRMATION_OK"
5791,10407929021,10407929070,1,"IOTHUB_CLIENT_CONFIRMATION_OK"
5792,10407929221,10407929261,1,"IOTHUB_CLIENT_CONFIRMATION_OK"
5793,10407929422,10407929541,1,"IOTHUB_CLIENT_CONFIRMATION_OK"
5794,10407929622,10407929674,1,"IOTHUB_CLIENT_CONFIRMATION_OK"
5795,10407929822,10407929864,1,"IOTHUB_CLIENT_CONFIRMATION_OK"
5796,10407930022,10407930153,1,"IOTHUB_CLIENT_CONFIRMATION_OK"
5797,10407930222,10407930272,1,"IOTHUB_CLIENT_CONFIRMATION_OK"
5798,10407930422,10407930639,1,"IOTHUB_CLIENT_CONFIRMATION_OK"
5799,10407930623,10407930672,1,"IOTHUB_CLIENT_CONFIRMATION_OK"
5800,10407930823,10407930880,1,"IOTHUB_CLIENT_CONFIRMATION_OK"
5801,10407931023,10407931080,1,"IOTHUB_CLIENT_CONFIRMATION_OK"
5802,10407931223,10407931271,1,"IOTHUB_CLIENT_CONFIRMATION_OK"
5803,10407931423,10407931541,1,"IOTHUB_CLIENT_CONFIRMATION_OK"
5804,10407931623,10407931670,1,"IOTHUB_CLIENT_CONFIRMATION_OK"
5805,10407931824,10407931869,1,"IOTHUB_CLIENT_CONFIRMATION_OK"
5806,10407932024,10407932161,1,"IOTHUB_CLIENT_CONFIRMATION_OK"
5807,10407932224,10407932281,1,"IOTHUB_CLIENT_CONFIRMATION_OK"
5808,10407932424,10407932493,1,"IOTHUB_CLIENT_CONFIRMATION_OK"
5809,10407932624,10407932666,1,"IOTHUB_CLIENT_CONFIRMATION_OK"
5810,10407932824,10407932873,1,"IOTHUB_CLIENT_CONFIRMATION_OK"
5811,10407933024,10407933069,1,"IOTHUB_CLIENT_CONFIRMATION_OK"
5812,10407933225,10407933274,1,"IOTHUB_CLIENT_CONFIRMATION_OK"
5813,10407933425,10407933473,1,"IOTHUB_CLIENT_CONFIRMATION_OK"
5814,10407933625,10407933668,1,"IOTHUB_CLIENT_CONFIRMATION_OK"
5815,10407933825,10407933909,1,"IOTHUB_CLIENT_CONFIRMATION_OK"
5816,10407934025,10407934207,1,"IOTHUB_CLIENT_CONFIRMATION_OK"
5817,10407934225,10407934264,1,"IOTHUB_CLIENT_CONFIRMATION_OK"
5818,10407934426,10407934474,1,"IOTHUB_CLIENT_CONFIRMATION_OK"
5819,10407934626,10407934671,1,"IOTHUB_CLIENT_CONFIRMATION_OK"
5820,10407934826,10407934874,1,"IOTHUB_CLIENT_CONFIRMATION_OK"
5821,10407935026,10407935075,1,"IOTHUB_CLIENT_CONFIRMATION_OK"
5822,10407935226,10407935289,1,"IOTHUB_CLIENT_CONFIRMATION_OK"
5823,10407935426,10407935468,1,"IOTHUB_CLIENT_CONFIRMATION_OK"
5824,10407935627,10407935769,1,"IOTHUB_CLIENT_CONFIRMATION_OK"
5825,10407935827,10407935903,1,"IOTHUB_CLIENT_CONFIRMATION_OK"
5826,10407936027,10407936067,1,"IOTHUB_CLIENT_CONFIRMATION_OK"
5827,10407936227,10407936274,1,"IOTHUB_CLIENT_CONFIRMATION_OK"
5828,10407936427,10407936476,1,"IOTHUB_CLIENT_CONFIRMATION_OK"
5829,10407936627,10407936676,1,"IOTHUB_CLIENT_CONFIRMATION_OK"
5830,10407936828,10407936877,1,"IOTHUB_CLIENT_CONFIRMATION_OK"
5831,10407937028,10407937058,1,"IOTHUB_CLIENT_CONFIRMATION_OK"
5832,10407937228,10407937273,1,"IOTHUB_CLIENT_CONFIRMATION_OK"
5833,10407937428,10407937499,1,"IOTHUB_CLIENT_CONFIRMATION_OK"
5834,10407937628,10407937676,1,"IOTHUB_CLIENT_CONFIRMATION_OK"
5835,10407937828,10407937880,1,"IOTHUB_CLIENT_CONFIRMATION_OK"
5836,10407938028,10407938093,1,"IOTHUB_CLIENT_CONFIRMATION_OK"
5837,10407938229,10407938282,1,"IOTHUB_CLIENT_CONFIRMATION_OK"
5838,10407938429,10407938502,1,"IOTHUB_CLIENT_CONFIRMATION_OK"
5839,10407938629,10407938679,1,"IOTHUB_CLIENT_CONFIRMATION_OK"
5840,10407938829,10407938902,1,"IOTHUB_CLIENT_CONFIRMATION_OK"
5841,10407939029,10407939075,1,"IOTHUB_CLIENT_CONFIRMATION_OK"
5842,10407939229,10407939299,1,"IOTHUB_CLIENT_CONFIRMATION_OK"
5843,10407939430,10407939509,1,"IOTHUB_CLIENT_CONFIRMATION_OK"
5844,10407939630,10407939704,1,"IOTHUB_CLIENT_CONFIRMATION_OK"
5845,10407939830,10407939888,1,"IOTHUB_CLIENT_CONFIRMATION_OK"
5846,10407940030,10407940193,1,"IOTHUB_CLIENT_CONFIRMATION_OK"
5847,10407940230,10407940285,1,"IOTHUB_CLIENT_CONFIRMATION_OK"
5848,10407940430,10407940482,1,"IOTHUB_CLIENT_CONFIRMATION_OK"
5849,10407940631,10407940681,1,"IOTHUB_CLIENT_CONFIRMATION_OK"
5850,10407940831,10407940952,1,"IOTHUB_CLIENT_CONFIRMATION_OK"
5851,10407941031,10407941076,1,"IOTHUB_CLIENT_CONFIRMATION_OK"
5852,10407941231,10407941283,1,"IOTHUB_CLIENT_CONFIRMATION_OK"
5853,10407941431,10407941473,1,"IOTHUB_CLIENT_CONFIRMATION_OK"
5854,10407941631,10407941687,1,"IOTHUB_CLIENT_CONFIRMATION_OK"
5855,10407941832,10407941871,1,"IOTHUB_CLIENT_CONFIRMATION_OK"
5856,10407942032,10407942198,1,"IOTHUB_CLIENT_CONFIRMATION_OK"
5857,10407942232,10407942270,1,"IOTHUB_CLIENT_CONFIRMATION_OK"
5858,10407942432,10407942469,1,"IOTHUB_CLIENT_CONFIRMATION_OK"
5859,10407942632,10407942681,1,"IOTHUB_CLIENT_CONFIRMATION_OK"
5860,10407942832,10407942871,1,"IOTHUB_CLIENT_CONFIRMATION_OK"
5861,10407943032,10407943086,1,"IOTHUB_CLIENT_CONFIRMATION_OK"
5862,10407943233,10407943268,1,"IOTHUB_CLIENT_CONFIRMATION_OK"
5863,10407943433,10407943485,1,"IOTHUB_CLIENT_CONFIRMATION_OK"
5864,10407943633,10407943685,1,"IOTHUB_CLIENT_CONFIRMATION_OK"
5865,10407943833,10407943869,1,"IOTHUB_CLIENT_CONFIRMATION_OK"
5866,10407944033,10407944079,1,"IOTHUB_CLIENT_CONFIRMATION_OK"
5867,10407944233,10407944298,1,"IOTHUB_CLIENT_CONFIRMATION_OK"
5868,10407944433,10407944480,1,"IOTHUB_CLIENT_CONFIRMATION_OK"
5869,10407944634,10407944687,1,"IOTHUB_CLIENT_CONFIRMATION_OK"
5870,10407944834,10407944936,1,"IOTHUB_CLIENT_CONFIRMATION_OK"
5871,10407945034,10407945077,1,"IOTHUB_CLIENT_CONFIRMATION_OK"
5872,10407945234,10407945285,1,"IOTHUB_CLIENT_CONFIRMATION_OK"
5873,10407945434,10407945521,1,"IOTHUB_CLIENT_CONFIRMATION_OK"
5874,10407945634,10407945677,1,"IOTHUB_CLIENT_CONFIRMATION_OK"
5875,10407945835,10407945879,1,"IOTHUB_CLIENT_CONFIRMATION_OK"
5876,10407946035,10407946082,1,"IOTHUB_CLIENT_CONFIRMATION_OK"
5877,10407946235,10407946411,1,"IOTHUB_CLIENT_CONFIRMATION_OK"
5878,10407946435,10407946473,1,"IOTHUB_CLIENT_CONFIRMATION_OK"
5879,10407946635,10407946686,1,"IOTHUB_CLIENT_CONFIRMATION_OK"
5880,10407946835,10407946882,1,"IOTHUB_CLIENT_CONFIRMATION_OK"
5881,10407947036,10407947089,1,"IOTHUB_CLIENT_CONFIRMATION_OK"
5882,10407947236,10407947300,1,"IOTHUB_CLIENT_CONFIRMATION_OK"
5883,10407947436,10407947500,1,"IOTHUB_CLIENT_CONFIRMATION_OK"
5884,10407947636,10407947690,1,"IOTHUB_CLIENT_CONFIRMATION_OK"
5885,10407947836,10407947906,1,"IOTHUB_CLIENT_CONFIRMATION_OK"
5886,10407948036,10407948083,1,"IOTHUB_CLIENT_CONFIRMATION_OK"
5887,10407948236,10407948407,1,"IOTHUB_CLIENT_CONFIRMATION_OK"
5888,10407948437,10407948493,1,"IOTHUB_CLIENT_CONFIRMATION_OK"
5889,10407948637,10407948699,1,"IOTHUB_CLIENT_CONFIRMATION_OK"
5890,10407948837,10407948890,1,"IOTHUB_CLIENT_CONFIRMATION_OK"
5891,10407949037,10407949136,1,"IOTHUB_CLIENT_CONFIRMATION_OK"
5892,10407949237,10407949314,1,"IOTHUB_CLIENT_CONFIRMATION_OK"
5893,10407949438,10407949504,1,"IOTHUB_CLIENT_CONFIRMATION_OK"
5894,10407949638,10407949688,1,"IOTHUB_CLIENT_CONFIRMATION_OK"
5895,10407949838,10407949887,1,"IOTHUB_CLIENT_CONFIRMATION_OK"
5896,10407950038,10407950120,1,"IOTHUB_CLIENT_CONFIRMATION_OK"
5897,10407950238,10407950298,1,"IOTHUB_CLIENT_CONFIRMATION_OK"
5898,10407950438,10407950540,1,"IOTHUB_CLIENT_CONFIRMATION_OK"
5899,10407950639,10407950695,1,"IOTHUB_CLIENT_CONFIRMATION_OK"
5900,10407950839,10407950890,1,"IOTHUB_CLIENT_CONFIRMATION_OK"
5901,10407951039,10407951077,1,"IOTHUB_CLIENT_CONFIRMATION_OK"
5902,10407951239,10407951279,1,"IOTHUB_CLIENT_CONFIRMATION_OK"
5903,10407951439,10407951553,1,"IOTHUB_CLIENT_CONFIRMATION_OK"
5904,10407951639,10407951685,1,"IOTHUB_CLIENT_CONFIRMATION_OK"
5905,10407951839,10407951882,1,"IOTHUB_CLIENT_CONFIRMATION_OK"
5906,10407952040,10407952151,1,"IOTHUB_CLIENT_CONFIRMATION_OK"
5907,10407952240,10407952279,1,"IOTHUB_CLIENT_CONFIRMATION_OK"
5908,10407952440,10407952552,1,"IOTHUB_CLIENT_CONFIRMATION_OK"
5909,10407952640,10407952678,1,"IOTHUB_CLIENT_CONFIRMATION_OK"
5910,10407952840,10407952946,1,"IOTHUB_CLIENT_CONFIRMATION_OK"
5911,10407953040,10407953086,1,"IOTHUB_CLIENT_CONFIRMATION_OK"
5912,10407953241,10407953286,1,"IOTHUB_CLIENT_CONFIRMATION_OK"
5913,10407953441,10407953497,1,"IOTHUB_CLIENT_CONFIRMATION_OK"
5914,10407953641,10407953683,1,"IOTHUB_CLIENT_CONFIRMATION_OK"
5915,10407953841,10407953883,1,"IOTHUB_CLIENT_CONFIRMATION_OK"
5916,10407954041,10407954177,1,"IOTHUB_CLIENT_CONFIRMATION_OK"
5917,10407954241,10407954298,1,"IOTHUB_CLIENT_CONFIRMATION_OK"
5918,10407954442,10407954503,1,"IOTHUB_CLIENT_CONFIRMATION_OK"
5919,10407954642,10407954701,1,"IOTHUB_CLIENT_CONFIRMATION_OK"
5920,10407954842,10407954899,1,"IOTHUB_CLIENT_CONFIRMATION_OK"
5921,10407955042,10407955083,1,"IOTHUB_CLIENT_CONFIRMATION_OK"
5922,10407955242,10407955336,1,"IOTHUB_CLIENT_CONFIRMATION_OK"
5923,10407955442,10407955502,1,"IOTHUB_CLIENT_CONFIRMATION_OK"
5924,10407955642,10407955714,1,"IOTHUB_CLIENT_CONFIRMATION_OK"
5925,10407955843,10407955885,1,"IOTHUB_CLIENT_CONFIRMATION_OK"
5926,10407956043,10407956209,1,"IOTHUB_CLIENT_CONFIRMATION_OK"
5927,10407956243,10407956300,1,"IOTHUB_CLIENT_CONFIRMATION_OK"
5928,10407956443,10407956493,1,"IOTHUB_CLIENT_CONFIRMATION_OK"
5929,10407956643,10407956692,1,"IOTHUB_CLIENT_CONFIRMATION_OK"
5930,10407956843,10407956905,1,"IOTHUB_CLIENT_CONFIRMATION_OK"
5931,10407957044,10407957123,1,"IOTHUB_CLIENT_CONFIRMATION_OK"
5932,10407957244,10407957286,1,"IOTHUB_CLIENT_CONFIRMATION_OK"
5933,10407957444,10407957548,1,"IOTHUB_CLIENT_CONFIRMATION_OK"
5934,10407957644,10407957710,1,"IOTHUB_CLIENT_CONFIRMATION_OK"
5935,10407957844,10407957884,1,"IOTHUB_CLIENT_CONFIRMATION_OK"
5936,10407958044,10407958216,1,"IOTHUB_CLIENT_CONFIRMATION_OK"
5937,10407958245,10407958306,1,"IOTHUB_CLIENT_CONFIRMATION_OK"
5938,10407958445,10407958489,1,"IOTHUB_CLIENT_CONFIRMATION_OK"
5939,10407958645,10407958684,1,"IOTHUB_CLIENT_CONFIRMATION_OK"
5940,10407958845,10407959416,1,"IOTHUB_CLIENT_CONFIRMATION_OK"
5941,10407959045,10407959458,1,"IOTHUB_CLIENT_CONFIRMATION_OK"
5942,10407959245,10407959564,1,"IOTHUB_CLIENT_CONFIRMATION_OK"
5943,10407959446,10407959620,1,"IOTHUB_CLIENT_CONFIRMATION_OK"
5944,10407959646,10407959710,1,"IOTHUB_CLIENT_CONFIRMATION_OK"
5945,10407959846,10407959907,1,"IOTHUB_CLIENT_CONFIRMATION_OK"
5946,10407960046,10407960112,1,"IOTHUB_CLIENT_CONFIRMATION_OK"
5947,10407960246,10407960285,1,"IOTHUB_CLIENT_CONFIRMATION_OK"
5948,10407960446,10407960497,1,"IOTHUB_CLIENT_CONFIRMATION_OK"
5949,10407960646,10407960693,1,"IOTHUB_CLIENT_CONFIRMATION_OK"
5950,10407960847,10407960894,1,"IOTHUB_CLIENT_CONFIRMATION_OK"
5951,10407961047,10407961096,1,"IOTHUB_CLIENT_CONFIRMATION_OK"
5952,10407961247,10407961302,1,"IOTHUB_CLIENT_CONFIRMATION_OK"
5953,10407961447,10407961506,1,"IOTHUB_CLIENT_CONFIRMATION_OK"
5954,10407961647,10407961771,1,"IOTHUB_CLIENT_CONFIRMATION_OK"
5955,10407961847,10407961910,1,"IOTHUB_CLIENT_CONFIRMATION_OK"
5956,10407962048,10407962105,1,"IOTHUB_CLIENT_CONFIRMATION_OK"
5957,10407962248,10407962292,1,"IOTHUB_CLIENT_CONFIRMATION_OK"
5958,10407962448,10407962491,1,"IOTHUB_CLIENT_CONFIRMATION_OK"
5959,10407962648,10407962697,1,"IOTHUB_CLIENT_CONFIRMATION_OK"
5960,10407962848,10407962916,1,"IOTHUB_CLIENT_CONFIRMATION_OK"
5961,10407963048,10407963098,1,"IOTHUB_CLIENT_CONFIRMATION_OK"
5962,10407963248,10407963289,1,"IOTHUB_CLIENT_CONFIRMATION_OK"
5963,10407963449,10407963531,1,"IOTHUB_CLIENT_CONFIRMATION_OK"
5964,10407963649,10407963700,1,"IOTHUB_CLIENT_CONFIRMATION_OK"
5965,10407963849,10407963897,1,"IOTHUB_CLIENT_CONFIRMATION_OK"
5966,10407964049,10407964150,1,"IOTHUB_CLIENT_CONFIRMATION_OK"
5967,10407964249,10407964302,1,"IOTHUB_CLIENT_CONFIRMATION_OK"
5968,10407964449,10407964489,1,"IOTHUB_CLIENT_CONFIRMATION_OK"
5969,10407964650,10407964736,1,"IOTHUB_CLIENT_CONFIRMATION_OK"
5970,10407964850,10407964913,1,"IOTHUB_CLIENT_CONFIRMATION_OK"
5971,10407965050,10407965104,1,"IOTHUB_CLIENT_CONFIRMATION_OK"
5972,10407965250,10407965295,1,"IOTHUB_CLIENT_CONFIRMATION_OK"
5973,10407965450,10407965559,1,"IOTHUB_CLIENT_CONFIRMATION_OK"
5974,10407965650,10407965683,1,"IOTHUB_CLIENT_CONFIRMATION_OK"
5975,10407965851,10407965889,1,"IOTHUB_CLIENT_CONFIRMATION_OK"
5976,10407966051,10407966196,1,"IOTHUB_CLIENT_CONFIRMATION_OK"
5977,10407966251,10407966306,1,"IOTHUB_CLIENT_CONFIRMATION_OK"
5978,10407966451,10407966504,1,"IOTHUB_CLIENT_CONFIRMATION_OK"
5979,10407966651,10407966721,1,"IOTHUB_CLIENT_CONFIRMATION_OK"
5980,10407966851,10407966905,1,"IOTHUB_CLIENT_CONFIRMATION_OK"
5981,10407967052,10407967120,1,"IOTHUB_CLIENT_CONFIRMATION_OK"
5982,10407967252,10407967348,1,"IOTHUB_CLIENT_CONFIRMATION_OK"
5983,10407967452,10407967503,1,"IOTHUB_CLIENT_CONFIRMATION_OK"
5984,10407967652,10407967734,1,"IOTHUB_CLIENT_CONFIRMATION_OK"
5985,10407967852,10407967894,1,"IOTHUB_CLIENT_CONFIRMATION_OK"
5986,10407968052,10407968221,1,"IOTHUB_CLIENT_CONFIRMATION_OK"
5987,10407968252,10407968294,1,"IOTHUB_CLIENT_CONFIRMATION_OK"
5988,10407968453,10407968516,1,"IOTHUB_CLIENT_CONFIRMATION_OK"
5989,10407968653,10407968697,1,"IOTHUB_CLIENT_CONFIRMATION_OK"
5990,10407968853,10407968893,1,"IOTHUB_CLIENT_CONFIRMATION_OK"
5991,10407969053,10407969116,1,"IOTHUB_CLIENT_CONFIRMATION_OK"
5992,10407969253,10407969299,1,"IOTHUB_CLIENT_CONFIRMATION_OK"
5993,10407969453,10407969505,1,"IOTHUB_CLIENT_CONFIRMATION_OK"
5994,10407969654,10407969703,1,"IOTHUB_CLIENT_CONFIRMATION_OK"
5995,10407969854,10407969921,1,"IOTHUB_CLIENT_CONFIRMATION_OK"
5996,10407970054,10407970095,1,"IOTHUB_CLIENT_CONFIRMATION_OK"
5997,10407970254,10407970317,1,"IOTHUB_CLIENT_CONFIRMATION_OK"
5998,10407970454,10407970504,1,"IOTHUB_CLIENT_CONFIRMATION_OK"
5999,10407970654,10407970691,1,"IOTHUB_CLIENT_CONFIRMATION_OK"
6000,10407970854,10407970927,1,"IOTHUB_CLIENT_CONFIRMATION_OK"
6001,10407971055,10407971132,1,"IOTHUB_CLIENT_CONFIRMATION_OK"
6002,10407971255,10407971301,1,"IOTHUB_CLIENT_CONFIRMATION_OK"
6003,10407971455,10407971532,1,"IOTHUB_CLIENT_CONFIRMATION_OK"
6004,10407971655,10407971697,1,"IOTHUB_CLIENT_CONFIRMATION_OK"
6005,10407971855,10407971911,1,"IOTHUB_CLIENT_CONFIRMATION_OK"
6006,10407972055,10407972148,1,"IOTHUB_CLIENT_CONFIRMATION_OK"
6007,10407972256,10407972297,1,"IOTHUB_CLIENT_CONFIRMATION_OK"
6008,10407972456,10407972508,1,"IOTHUB_CLIENT_CONFIRMATION_OK"
6009,10407972656,10407972706,1,"IOTHUB_CLIENT_CONFIRMATION_OK"
6010,10407972856,10407972900,1,"IOTHUB_CLIENT_CONFIRMATION_OK"
6011,10407973056,10407973094,1,"IOTHUB_CLIENT_CONFIRMATION_OK"
6012,10407973256,10407973300,1,"IOTHUB_CLIENT_CONFIRMATION_OK"
6013,10407973457,10407973506,1,"IOTHUB_CLIENT_CONFIRMATION_OK"
6014,10407973657,10407973703,1,"IOTHUB_CLIENT_CONFIRMATION_OK"
6015,10407973857,10407973915,1,"IOTHUB_CLIENT_CONFIRMATION_OK"
6016,10407974057,10407974198,1,"IOTHUB_CLIENT_CONFIRMATION_OK"
6017,10407974257,10407974308,1,"IOTHUB_CLIENT_CONFIRMATION_OK"
6018,10407974457,10407974506,1,"IOTHUB_CLIENT_CONFIRMATION_OK"
6019,10407974657,10407974752,1,"IOTHUB_CLIENT_CONFIRMATION_OK"
6020,10407974858,10407974916,1,"IOTHUB_CLIENT_CONFIRMATION_OK"
6021,10407975058,10407975123,1,"IOTHUB_CLIENT_CONFIRMATION_OK"
6022,10407975258,10407975304,1,"IOTHUB_CLIENT_CONFIRMATION_OK"
6023,10407975458,10407975508,1,"IOTHUB_CLIENT_CONFIRMATION_OK"
6024,10407975658,10407975709,1,"IOTHUB_CLIENT_CONFIRMATION_OK"
6025,10407975858,10407975982,1,"IOTHUB_CLIENT_CONFIRMATION_OK"
6026,10407976058,10407976239,1,"IOTHUB_CLIENT_CONFIRMATION_OK"
6027,10407976259,10407976326,1,"IOTHUB_CLIENT_CONFIRMATION_OK"
6028,10407976459,10407976542,1,"IOTHUB_CLIENT_CONFIRMATION_OK"
6029,10407976659,10407976701,1,"IOTHUB_CLIENT_CONFIRMATION_OK"
6030,10407976859,10407976910,1,"IOTHUB_CLIENT_CONFIRMATION_OK"
6031,10407977059,10407977117,1,"IOTHUB_CLIENT_CONFIRMATION_OK"
6032,10407977259,10407977302,1,"IOTHUB_CLIENT_CONFIRMATION_OK"
6033,10407977460,10407977510,1,"IOTHUB_CLIENT_CONFIRMATION_OK"
6034,10407977660,10407977703,1,"IOTHUB_CLIENT_CONFIRMATION_OK"
6035,10407977860,10407977906,1,"IOTHUB_CLIENT_CONFIRMATION_OK"
6036,10407978060,10407978119,1,"IOTHUB_CLIENT_CONFIRMATION_OK"
6037,10407978260,10407978312,1,"IOTHUB_CLIENT_CONFIRMATION_OK"
6038,10407978460,10407978520,1,"IOTHUB_CLIENT_CONFIRMATION_OK"
6039,10407978661,10407978735,1,"IOTHUB_CLIENT_CONFIRMATION_OK"
6040,10407978861,10407978908,1,"IOTHUB_CLIENT_CONFIRMATION_OK"
6041,10407979061,10407979108,1,"IOTHUB_CLIENT_CONFIRMATION_OK"
6042,10407979261,10407979302,1,"IOTHUB_CLIENT_CONFIRMATION_OK"
6043,10407979461,10407979536,1,"IOTHUB_CLIENT_CONFIRMATION_OK"
6044,10407979661,10407979709,1,"IOTHUB_CLIENT_CONFIRMATION_OK"
6045,10407979861,10407979910,1,"IOTHUB_CLIENT_CONFIRMATION_OK"
6046,10407980062,10407980114,1,"IOTHUB_CLIENT_CONFIRMATION_OK"
6047,10407980262,10407980301,1,"IOTHUB_CLIENT_CONFIRMATION_OK"
6048,10407980462,10407980526,1,"IOTHUB_CLIENT_CONFIRMATION_OK"
6049,10407980662,10407980713,1,"IOTHUB_CLIENT_CONFIRMATION_OK"
6050,10407980862,10407980907,1,"IOTHUB_CLIENT_CONFIRMATION_OK"
6051,10407981062,10407981101,1,"IOTHUB_CLIENT_CONFIRMATION_OK"
6052,10407981262,10407981312,1,"IOTHUB_CLIENT_CONFIRMATION_OK"
6053,10407981463,10407981564,1,"IOTHUB_CLIENT_CONFIRMATION_OK"
6054,10407981663,10407981711,1,"IOTHUB_CLIENT_CONFIRMATION_OK"
6055,10407981863,10407981931,1,"IOTHUB_CLIENT_CONFIRMATION_OK"
6056,10407982063,10407982210,1,"IOTHUB_CLIENT_CONFIRMATION_OK"
6057,10407982263,10407982312,1,"IOTHUB_CLIENT_CONFIRMATION_OK"
6058,10407982463,10407982530,1,"IOTHUB_CLIENT_CONFIRMATION_OK"
6059,10407982664,10407982711,1,"IOTHUB_CLIENT_CONFIRMATION_OK"
6060,10407982864,10407982943,1,"IOTHUB_CLIENT_CONFIRMATION_OK"
6061,10407983064,10407983105,1,"IOTHUB_CLIENT_CONFIRMATION_OK"
6062,10407983264,10407983316,1,"IOTHUB_CLIENT_CONFIRMATION_OK"
6063,10407983464,10407983519,1,"IOTHUB_CLIENT_CONFIRMATION_OK"
6064,10407983664,10407983711,1,"IOTHUB_CLIENT_CONFIRMATION_OK"
6065,10407983865,10407983908,1,"IOTHUB_CLIENT_CONFIRMATION_OK"
6066,10407984065,10407984218,1,"IOTHUB_CLIENT_CONFIRMATION_OK"
6067,10407984265,10407984302,1,"IOTHUB_CLIENT_CONFIRMATION_OK"
6068,10407984465,10407984521,1,"IOTHUB_CLIENT_CONFIRMATION_OK"
6069,10407984665,10407984695,1,"IOTHUB_CLIENT_CONFIRMATION_OK"
6070,10407984865,10407984901,1,"IOTHUB_CLIENT_CONFIRMATION_OK"
6071,10407985065,10407985113,1,"IOTHUB_CLIENT_CONFIRMATION_OK"
6072,10407985266,10407985321,1,"IOTHUB_CLIENT_CONFIRMATION_OK"
6073,10407985466,10407985518,1,"IOTHUB_CLIENT_CONFIRMATION_OK"
6074,10407985666,10407985716,1,"IOTHUB_CLIENT_CONFIRMATION_OK"
6075,10407985866,10407985918,1,"IOTHUB_CLIENT_CONFIRMATION_OK"
6076,10407986066,10407986124,1,"IOTHUB_CLIENT_CONFIRMATION_OK"
6077,10407986266,10407986324,1,"IOTHUB_CLIENT_CONFIRMATION_OK"
6078,10407986466,10407986519,1,"IOTHUB_CLIENT_CONFIRMATION_OK"
6079,10407986667,10407986712,1,"IOTHUB_CLIENT_CONFIRMATION_OK"
6080,10407986867,10407986915,1,"IOTHUB_CLIENT_CONFIRMATION_OK"
6081,10407987067,10407987113,1,"IOTHUB_CLIENT_CONFIRMATION_OK"
6082,10407987267,10407987408,1,"IOTHUB_CLIENT_CONFIRMATION_OK"
6083,10407987467,10407987623,1,"IOTHUB_CLIENT_CONFIRMATION_OK"
6084,10407987667,10407987709,1,"IOTHUB_CLIENT_CONFIRMATION_OK"
6085,10407987868,10407987917,1,"IOTHUB_CLIENT_CONFIRMATION_OK"
6086,10407988068,10407988244,1,"IOTHUB_CLIENT_CONFIRMATION_OK"
6087,10407988268,10407988314,1,"IOTHUB_CLIENT_CONFIRMATION_OK"
6088,10407988468,10407988525,1,"IOTHUB_CLIENT_CONFIRMATION_OK"
6089,10407988668,10407988727,1,"IOTHUB_CLIENT_CONFIRMATION_OK"
6090,10407988868,10407988913,1,"IOTHUB_CLIENT_CONFIRMATION_OK"
6091,10407989069,10407989136,1,"IOTHUB_CLIENT_CONFIRMATION_OK"
6092,10407989269,10407989316,1,"IOTHUB_CLIENT_CONFIRMATION_OK"
6093,10407989469,10407989521,1,"IOTHUB_CLIENT_CONFIRMATION_OK"
6094,10407989669,10407989736,1,"IOTHUB_CLIENT_CONFIRMATION_OK"
6095,10407989869,10407989912,1,"IOTHUB_CLIENT_CONFIRMATION_OK"
6096,10407990069,10407990253,1,"IOTHUB_CLIENT_CONFIRMATION_OK"
6097,10407990270,10407990327,1,"IOTHUB_CLIENT_CONFIRMATION_OK"
6098,10407990470,10407990518,1,"IOTHUB_CLIENT_CONFIRMATION_OK"
6099,10407990670,10407990734,1,"IOTHUB_CLIENT_CONFIRMATION_OK"
6100,10407990870,10407990920,1,"IOTHUB_CLIENT_CONFIRMATION_OK"
6101,10407991070,10407991110,1,"IOTHUB_CLIENT_CONFIRMATION_OK"
6102,10407991270,10407991311,1,"IOTHUB_CLIENT_CONFIRMATION_OK"
6103,10407991470,10407991516,1,"IOTHUB_CLIENT_CONFIRMATION_OK"
6104,10407991671,10407991721,1,"IOTHUB_CLIENT_CONFIRMATION_OK"
6105,10407991871,10407991916,1,"IOTHUB_CLIENT_CONFIRMATION_OK"
6106,10407992071,10407992119,1,"IOTHUB_CLIENT_CONFIRMATION_OK"
6107,10407992271,10407992321,1,"IOTHUB_CLIENT_CONFIRMATION_OK"
6108,10407992471,10407992513,1,"IOTHUB_CLIENT_CONFIRMATION_OK"
6109,10407992671,10407992713,1,"IOTHUB_CLIENT_CONFIRMATION_OK"
6110,10407992872,10407992929,1,"IOTHUB_CLIENT_CONFIRMATION_OK"
6111,10407993072,10407993128,1,"IOTHUB_CLIENT_CONFIRMATION_OK"
6112,10407993272,10407993320,1,"IOTHUB_CLIENT_CONFIRMATION_OK"
6113,10407993472,10407993535,1,"IOTHUB_CLIENT_CONFIRMATION_OK"
6114,10407993672,10407993737,1,"IOTHUB_CLIENT_CONFIRMATION_OK"
6115,10407993872,10407993914,1,"IOTHUB_CLIENT_CONFIRMATION_OK"
6116,10407994072,10407994139,1,"IOTHUB_CLIENT_CONFIRMATION_OK"
6117,10407994273,10407994308,1,"IOTHUB_CLIENT_CONFIRMATION_OK"
6118,10407994473,10407994515,1,"IOTHUB_CLIENT_CONFIRMATION_OK"
6119,10407994673,10407994716,1,"IOTHUB_CLIENT_CONFIRMATION_OK"
6120,10407994873,10407994942,1,"IOTHUB_CLIENT_CONFIRMATION_OK"
6121,10407995073,10407995136,1,"IOTHUB_CLIENT_CONFIRMATION_OK"
6122,10407995273,10407995321,1,"IOTHUB_CLIENT_CONFIRMATION_OK"
6123,10407995474,10407995566,1,"IOTHUB_CLIENT_CONFIRMATION_OK"
6124,10407995674,10407995733,1,"IOTHUB_CLIENT_CONFIRMATION_OK"
6125,10407995874,10407995921,1,"IOTHUB_CLIENT_CONFIRMATION_OK"
6126,10407996074,10407996172,1,"IOTHUB_CLIENT_CONFIRMATION_OK"
6127,10407996274,10407996341,1,"IOTHUB_CLIENT_CONFIRMATION_OK"
6128,10407996474,10407996516,1,"IOTHUB_CLIENT_CONFIRMATION_OK"
6129,10407996675,10407996715,1,"IOTHUB_CLIENT_CONFIRMATION_OK"
6130,10407996875,10407996941,1,"IOTHUB_CLIENT_CONFIRMATION_OK"
6131,10407997075,10407997113,1,"IOTHUB_CLIENT_CONFIRMATION_OK"
6132,10407997275,10407997336,1,"IOTHUB_CLIENT_CONFIRMATION_OK"
6133,10407997475,10407997521,1,"IOTHUB_CLIENT_CONFIRMATION_OK"
6134,10407997675,10407997725,1,"IOTHUB_CLIENT_CONFIRMATION_OK"
6135,10407997875,10407997920,1,"IOTHUB_CLIENT_CONFIRMATION_OK"
6136,10407998076,10407998210,1,"IOTHUB_CLIENT_CONFIRMATION_OK"
6137,10407998276,10407998337,1,"IOTHUB_CLIENT_CONFIRMATION_OK"
6138,10407998476,10407998543,1,"IOTHUB_CLIENT_CONFIRMATION_OK"
6139,10407998676,10407998716,1,"IOTHUB_CLIENT_CONFIRMATION_OK"
6140,10407998876,10407998921,1,"IOTHUB_CLIENT_CONFIRMATION_OK"
6141,10407999077,10407999120,1,"IOTHUB_CLIENT_CONFIRMATION_OK"
6142,10407999277,10407999325,1,"IOTHUB_CLIENT_CONFIRMATION_OK"
6143,10407999477,10407999525,1,"IOTHUB_CLIENT_CONFIRMATION_OK"
6144,10407999677,10407999768,1,"IOTHUB_CLIENT_CONFIRMATION_OK"
6145,10407999877,10407999943,1,"IOTHUB_CLIENT_CONFIRMATION_OK"
6146,10408000077,10408000249,1,"IOTHUB_CLIENT_CONFIRMATION_OK"
6147,10408000277,10408000328,1,"IOTHUB_CLIENT_CONFIRMATION_OK"
6148,10408000478,10408000577,1,"IOTHUB_CLIENT_CONFIRMATION_OK"
6149,10408000678,10408000758,1,"IOTHUB_CLIENT_CONFIRMATION_OK"
6150,10408000878,10408000954,1,"IOTHUB_CLIENT_CONFIRMATION_OK"
6151,10408001078,10408001117,1,"IOTHUB_CLIENT_CONFIRMATION_OK"
6152,10408001278,10408001322,1,"IOTHUB_CLIENT_CONFIRMATION_OK"
6153,10408001478,10408001529,1,"IOTHUB_CLIENT_CONFIRMATION_OK"
6154,10408001679,10408001728,1,"IOTHUB_CLIENT_CONFIRMATION_OK"
6155,10408001879,10408001923,1,"IOTHUB_CLIENT_CONFIRMATION_OK"
6156,10408002079,10408002134,1,"IOTHUB_CLIENT_CONFIRMATION_OK"
6157,10408002279,10408002346,1,"IOTHUB_CLIENT_CONFIRMATION_OK"
6158,10408002479,10408002531,1,"IOTHUB_CLIENT_CONFIRMATION_OK"
6159,10408002679,10408002736,1,"IOTHUB_CLIENT_CONFIRMATION_OK"
6160,10408002879,10408002920,1,"IOTHUB_CLIENT_CONFIRMATION_OK"
6161,10408003080,10408003134,1,"IOTHUB_CLIENT_CONFIRMATION_OK"
6162,10408003280,10408003315,1,"IOTHUB_CLIENT_CONFIRMATION_OK"
6163,10408003480,10408003525,1,"IOTHUB_CLIENT_CONFIRMATION_OK"
6164,10408003680,10408003724,1,"IOTHUB_CLIENT_CONFIRMATION_OK"
6165,10408003880,10408003918,1,"IOTHUB_CLIENT_CONFIRMATION_OK"
6166,10408004080,10408004205,1,"IOTHUB_CLIENT_CONFIRMATION_OK"
6167,10408004280,10408004328,1,"IOTHUB_CLIENT_CONFIRMATION_OK"
6168,10408004481,10408004522,1,"IOTHUB_CLIENT_CONFIRMATION_OK"
6169,10408004681,10408004727,1,"IOTHUB_CLIENT_CONFIRMATION_OK"
6170,10408004881,10408004940,1,"IOTHUB_CLIENT_CONFIRMATION_OK"
6171,10408005081,10408005146,1,"IOTHUB_CLIENT_CONFIRMATION_OK"
6172,10408005281,10408005313,1,"IOTHUB_CLIENT_CONFIRMATION_OK"
6173,10408005481,10408005529,1,"IOTHUB_CLIENT_CONFIRMATION_OK"
6174,10408005682,10408005728,1,"IOTHUB_CLIENT_CONFIRMATION_OK"
6175,10408005882,10408005921,1,"IOTHUB_CLIENT_CONFIRMATION_OK"
6176,10408006082,10408006124,1,"IOTHUB_CLIENT_CONFIRMATION_OK"
6177,10408006282,10408006362,1,"IOTHUB_CLIENT_CONFIRMATION_OK"
6178,10408006482,10408006540,1,"IOTHUB_CLIENT_CONFIRMATION_OK"
6179,10408006682,10408006750,1,"IOTHUB_CLIENT_CONFIRMATION_OK"
6180,10408006883,10408006945,1,"IOTHUB_CLIENT_CONFIRMATION_OK"
6181,10408007083,10408007124,1,"IOTHUB_CLIENT_CONFIRMATION_OK"
6182,10408007283,10408007328,1,"IOTHUB_CLIENT_CONFIRMATION_OK"
6183,10408007483,10408007545,1,"IOTHUB_CLIENT_CONFIRMATION_OK"
6184,10408007683,10408007723,1,"IOTHUB_CLIENT_CONFIRMATION_OK"
6185,10408007883,10408007938,1,"IOTHUB_CLIENT_CONFIRMATION_OK"
6186,10408008083,10408008123,1,"IOTHUB_CLIENT_CONFIRMATION_OK"
6187,10408008284,10408008408,1,"IOTHUB_CLIENT_CONFIRMATION_OK"
6188,10408008484,10408008527,1,"IOTHUB_CLIENT_CONFIRMATION_OK"
6189,10408008684,10408008730,1,"IOTHUB_CLIENT_CONFIRMATION_OK"
6190,10408008884,10408008935,1,"IOTHUB_CLIENT_CONFIRMATION_OK"
6191,10408009084,10408009121,1,"IOTHUB_CLIENT_CONFIRMATION_OK"
6192,10408009284,10408009334,1,"IOTHUB_CLIENT_CONFIRMATION_OK"
6193,10408009485,10408009554,1,"IOTHUB_CLIENT_CONFIRMATION_OK"
6194,10408009685,10408009739,1,"IOTHUB_CLIENT_CONFIRMATION_OK"
6195,10408009885,10408010043,1,"IOTHUB_CLIENT_CONFIRMATION_OK"
6196,10408010085,10408010144,1,"IOTHUB_CLIENT_CONFIRMATION_OK"
6197,10408010285,10408010330,1,"IOTHUB_CLIENT_CONFIRMATION_OK"
6198,10408010485,10408010532,1,"IOTHUB_CLIENT_CONFIRMATION_OK"
6199,10408010686,10408010741,1,"IOTHUB_CLIENT_CONFIRMATION_OK"
6200,10408010886,10408010931,1,"IOTHUB_CLIENT_CONFIRMATION_OK"
6201,10408011086,10408011131,1,"IOTHUB_CLIENT_CONFIRMATION_OK"
6202,10408011286,10408011327,1,"IOTHUB_CLIENT_CONFIRMATION_OK"
6203,10408011486,10408011558,1,"IOTHUB_CLIENT_CONFIRMATION_OK"
6204,10408011686,10408011731,1,"IOTHUB_CLIENT_CONFIRMATION_OK"
6205,10408011886,10408011976,1,"IOTHUB_CLIENT_CONFIRMATION_OK"
6206,10408012087,10408012186,1,"IOTHUB_CLIENT_CONFIRMATION_OK"
6207,10408012287,10408012328,1,"IOTHUB_CLIENT_CONFIRMATION_OK"
6208,10408012487,10408012531,1,"IOTHUB_CLIENT_CONFIRMATION_OK"
6209,10408012687,10408012757,1,"IOTHUB_CLIENT_CONFIRMATION_OK"
6210,10408012887,10408012923,1,"IOTHUB_CLIENT_CONFIRMATION_OK"
6211,10408013087,10408013143,1,"IOTHUB_CLIENT_CONFIRMATION_OK"
6212,10408013287,10408013421,1,"IOTHUB_CLIENT_CONFIRMATION_OK"
6213,10408013488,10408013617,1,"IOTHUB_CLIENT_CONFIRMATION_OK"
6214,10408013688,10408013737,1,"IOTHUB_CLIENT_CONFIRMATION_OK"
6215,10408013888,10408013943,1,"IOTHUB_CLIENT_CONFIRMATION_OK"
6216,10408014088,10408014232,1,"IOTHUB_CLIENT_CONFIRMATION_OK"
6217,10408014288,10408014337,1,"IOTHUB_CLIENT_CONFIRMATION_OK"
6218,10408014488,10408014569,1,"IOTHUB_CLIENT_CONFIRMATION_OK"
6219,10408014688,10408014733,1,"IOTHUB_CLIENT_CONFIRMATION_OK"
6220,10408014889,10408014939,1,"IOTHUB_CLIENT_CONFIRMATION_OK"
6221,10408015089,10408015165,1,"IOTHUB_CLIENT_CONFIRMATION_OK"
6222,10408015289,10408015339,1,"IOTHUB_CLIENT_CONFIRMATION_OK"
6223,10408015489,10408015554,1,"IOTHUB_CLIENT_CONFIRMATION_OK"
6224,10408015689,10408015767,1,"IOTHUB_CLIENT_CONFIRMATION_OK"
6225,10408015889,10408015941,1,"IOTHUB_CLIENT_CONFIRMATION_OK"
6226,10408016090,10408016137,1,"IOTHUB_CLIENT_CONFIRMATION_OK"
6227,10408016290,10408016338,1,"IOTHUB_CLIENT_CONFIRMATION_OK"
6228,10408016490,10408016543,1,"IOTHUB_CLIENT_CONFIRMATION_OK"
6229,10408016690,10408016734,1,"IOTHUB_CLIENT_CONFIRMATION_OK"
6230,10408016890,10408016937,1,"IOTHUB_CLIENT_CONFIRMATION_OK"
6231,10408017090,10408017163,1,"IOTHUB_CLIENT_CONFIRMATION_OK"
6232,10408017290,10408017333,1,"IOTHUB_CLIENT_CONFIRMATION_OK"
6233,10408017491,10408017561,1,"IOTHUB_CLIENT_CONFIRMATION_OK"
6234,10408017691,10408017738,1,"IOTHUB_CLIENT_CONFIRMATION_OK"
6235,10408017891,10408017958,1,"IOTHUB_CLIENT_CONFIRMATION_OK"
6236,10408018091,10408018133,1,"IOTHUB_CLIENT_CONFIRMATION_OK"
6237,10408018291,10408018406,1,"IOTHUB_CLIENT_CONFIRMATION_OK"
6238,10408018491,10408018566,1,"IOTHUB_CLIENT_CONFIRMATION_OK"
6239,10408018692,10408018737,1,"IOTHUB_CLIENT_CONFIRMATION_OK"
6240,10408018892,10408018927,1,"IOTHUB_CLIENT_CONFIRMATION_OK"
6241,10408019092,10408019157,1,"IOTHUB_CLIENT_CONFIRMATION_OK"
6242,10408019292,10408019338,1,"IOTHUB_CLIENT_CONFIRMATION_OK"
6243,10408019492,10408019534,1,"IOTHUB_CLIENT_CONFIRMATION_OK"
6244,10408019692,10408019760,1,"IOTHUB_CLIENT_CONFIRMATION_OK"
6245,10408019893,10408019961,1,"IOTHUB_CLIENT_CONFIRMATION_OK"
6246,10408020093,10408020254,1,"IOTHUB_CLIENT_CONFIRMATION_OK"
6247,10408020293,10408020333,1,"IOTHUB_CLIENT_CONFIRMATION_OK"
6248,10408020493,10408020544,1,"IOTHUB_CLIENT_CONFIRMATION_OK"
6249,10408020693,10408020776,1,"IOTHUB_CLIENT_CONFIRMATION_OK"
6250,10408020893,10408020939,1,"IOTHUB_CLIENT_CONFIRMATION_OK"
6251,10408021094,10408021148,1,"IOTHUB_CLIENT_CONFIRMATION_OK"
6252,10408021294,10408021345,1,"IOTHUB_CLIENT_CONFIRMATION_OK"
6253,10408021494,10408021540,1,"IOTHUB_CLIENT_CONFIRMATION_OK"
6254,10408021694,10408021732,1,"IOTHUB_CLIENT_CONFIRMATION_OK"
6255,10408021894,10408021960,1,"IOTHUB_CLIENT_CONFIRMATION_OK"
6256,10408022094,10408022134,1,"IOTHUB_CLIENT_CONFIRMATION_OK"
6257,10408022295,10408022359,1,"IOTHUB_CLIENT_CONFIRMATION_OK"
6258,10408022495,10408022563,1,"IOTHUB_CLIENT_CONFIRMATION_OK"
6259,10408022695,10408022882,1,"IOTHUB_CLIENT_CONFIRMATION_OK"
6260,10408022895,10408022945,1,"IOTHUB_CLIENT_CONFIRMATION_OK"
6261,10408023095,10408023186,1,"IOTHUB_CLIENT_CONFIRMATION_OK"
6262,10408023295,10408023346,1,"IOTHUB_CLIENT_CONFIRMATION_OK"
6263,10408023496,10408023561,1,"IOTHUB_CLIENT_CONFIRMATION_OK"
6264,10408023696,10408023782,1,"IOTHUB_CLIENT_CONFIRMATION_OK"
6265,10408023896,10408023935,1,"IOTHUB_CLIENT_CONFIRMATION_OK"
6266,10408024096,10408024153,1,"IOTHUB_CLIENT_CONFIRMATION_OK"
6267,10408024296,10408024338,1,"IOTHUB_CLIENT_CONFIRMATION_OK"
6268,10408024496,10408024645,1,"IOTHUB_CLIENT_CONFIRMATION_OK"
6269,10408024696,10408024747,1,"IOTHUB_CLIENT_CONFIRMATION_OK"
6270,10408024897,10408024944,1,"IOTHUB_CLIENT_CONFIRMATION_OK"
6271,10408025097,10408025224,1,"IOTHUB_CLIENT_CONFIRMATION_OK"
6272,10408025297,10408025351,1,"IOTHUB_CLIENT_CONFIRMATION_OK"
6273,10408025497,10408025586,1,"IOTHUB_CLIENT_CONFIRMATION_OK"
6274,10408025697,10408025764,1,"IOTHUB_CLIENT_CONFIRMATION_OK"
6275,10408025897,10408025941,1,"IOTHUB_CLIENT_CONFIRMATION_OK"
6276,10408026098,10408026193,1,"IOTHUB_CLIENT_CONFIRMATION_OK"
6277,10408026298,10408026340,1,"IOTHUB_CLIENT_CONFIRMATION_OK"
6278,10408026498,10408026546,1,"IOTHUB_CLIENT_CONFIRMATION_OK"
6279,10408026698,10408026743,1,"IOTHUB_CLIENT_CONFIRMATION_OK"
6280,10408026898,10408026941,1,"IOTHUB_CLIENT_CONFIRMATION_OK"
6281,10408027098,10408027149,1,"IOTHUB_CLIENT_CONFIRMATION_OK"
6282,10408027298,10408027365,1,"IOTHUB_CLIENT_CONFIRMATION_OK"
6283,10408027499,10408027564,1,"IOTHUB_CLIENT_CONFIRMATION_OK"
6284,10408027699,10408027789,1,"IOTHUB_CLIENT_CONFIRMATION_OK"
6285,10408027899,10408027948,1,"IOTHUB_CLIENT_CONFIRMATION_OK"
6286,10408028099,10408028265,1,"IOTHUB_CLIENT_CONFIRMATION_OK"
6287,10408028299,10408028388,1,"IOTHUB_CLIENT_CONFIRMATION_OK"
6288,10408028499,10408028558,1,"IOTHUB_CLIENT_CONFIRMATION_OK"
6289,10408028700,10408028757,1,"IOTHUB_CLIENT_CONFIRMATION_OK"
6290,10408028900,10408028944,1,"IOTHUB_CLIENT_CONFIRMATION_OK"
6291,10408029100,10408029149,1,"IOTHUB_CLIENT_CONFIRMATION_OK"
6292,10408029300,10408029351,1,"IOTHUB_CLIENT_CONFIRMATION_OK"
6293,10408029500,10408029554,1,"IOTHUB_CLIENT_CONFIRMATION_OK"
6294,10408029700,10408029751,1,"IOTHUB_CLIENT_CONFIRMATION_OK"
6295,10408029900,10408029939,1,"IOTHUB_CLIENT_CONFIRMATION_OK"
6296,10408030101,10408030153,1,"IOTHUB_CLIENT_CONFIRMATION_OK"
6297,10408030301,10408030365,1,"IOTHUB_CLIENT_CONFIRMATION_OK"
6298,10408030501,10408030555,1,"IOTHUB_CLIENT_CONFIRMATION_OK"
6299,10408030701,10408030749,1,"IOTHUB_CLIENT_CONFIRMATION_OK"
6300,10408030901,10408030946,1,"IOTHUB_CLIENT_CONFIRMATION_OK"
6301,10408031101,10408031158,1,"IOTHUB_CLIENT_CONFIRMATION_OK"
6302,10408031301,10408031347,1,"IOTHUB_CLIENT_CONFIRMATION_OK"
6303,10408031502,10408031542,1,"IOTHUB_CLIENT_CONFIRMATION_OK"
6304,10408031702,10408031749,1,"IOTHUB_CLIENT_CONFIRMATION_OK"
6305,10408031902,10408031940,1,"IOTHUB_CLIENT_CONFIRMATION_OK"
6306,10408032102,10408032181,1,"IOTHUB_CLIENT_CONFIRMATION_OK"
6307,10408032302,10408032351,1,"IOTHUB_CLIENT_CONFIRMATION_OK"
6308,10408032503,10408032564,1,"IOTHUB_CLIENT_CONFIRMATION_OK"
6309,10408032703,10408032751,1,"IOTHUB_CLIENT_CONFIRMATION_OK"
6310,10408032903,10408032951,1,"IOTHUB_CLIENT_CONFIRMATION_OK"
6311,10408033103,10408033184,1,"IOTHUB_CLIENT_CONFIRMATION_OK"
6312,10408033303,10408033371,1,"IOTHUB_CLIENT_CONFIRMATION_OK"
6313,10408033503,10408033627,1,"IOTHUB_CLIENT_CONFIRMATION_OK"
6314,10408033703,10408033743,1,"IOTHUB_CLIENT_CONFIRMATION_OK"
6315,10408033904,10408033943,1,"IOTHUB_CLIENT_CONFIRMATION_OK"
6316,10408034104,10408034259,1,"IOTHUB_CLIENT_CONFIRMATION_OK"
6317,10408034304,10408034370,1,"IOTHUB_CLIENT_CONFIRMATION_OK"
6318,10408034504,10408034543,1,"IOTHUB_CLIENT_CONFIRMATION_OK"
6319,10408034704,10408034826,1,"IOTHUB_CLIENT_CONFIRMATION_OK"
6320,10408034904,10408034948,1,"IOTHUB_CLIENT_CONFIRMATION_OK"
6321,10408035105,10408035153,1,"IOTHUB_CLIENT_CONFIRMATION_OK"
6322,10408035305,10408035369,1,"IOTHUB_CLIENT_CONFIRMATION_OK"
6323,10408035505,10408035547,1,"IOTHUB_CLIENT_CONFIRMATION_OK"
6324,10408035705,10408035760,1,"IOTHUB_CLIENT_CONFIRMATION_OK"
6325,10408035905,10408036008,1,"IOTHUB_CLIENT_CONFIRMATION_OK"
6326,10408036105,10408036262,1,"IOTHUB_CLIENT_CONFIRMATION_OK"
6327,10408036305,10408036351,1,"IOTHUB_CLIENT_CONFIRMATION_OK"
6328,10408036506,10408036564,1,"IOTHUB_CLIENT_CONFIRMATION_OK"
6329,10408036706,10408036750,1,"IOTHUB_CLIENT_CONFIRMATION_OK"
6330,10408036906,10408036962,1,"IOTHUB_CLIENT_CONFIRMATION_OK"
6331,10408037106,10408037177,1,"IOTHUB_CLIENT_CONFIRMATION_OK"
6332,10408037306,10408037357,1,"IOTHUB_CLIENT_CONFIRMATION_OK"
6333,10408037506,10408037542,1,"IOTHUB_CLIENT_CONFIRMATION_OK"
6334,10408037707,10408037743,1,"IOTHUB_CLIENT_CONFIRMATION_OK"
6335,10408037907,10408037947,1,"IOTHUB_CLIENT_CONFIRMATION_OK"
6336,10408038107,10408038181,1,"IOTHUB_CLIENT_CONFIRMATION_OK"
6337,10408038307,10408038367,1,"IOTHUB_CLIENT_CONFIRMATION_OK"
6338,10408038507,10408038551,1,"IOTHUB_CLIENT_CONFIRMATION_OK"
6339,10408038707,10408038750,1,"IOTHUB_CLIENT_CONFIRMATION_OK"
6340,10408038908,10408038952,1,"IOTHUB_CLIENT_CONFIRMATION_OK"
6341,10408039108,10408039160,1,"IOTHUB_CLIENT_CONFIRMATION_OK"
6342,10408039308,10408039364,1,"IOTHUB_CLIENT_CONFIRMATION_OK"
6343,10408039508,10408039557,1,"IOTHUB_CLIENT_CONFIRMATION_OK"
6344,10408039708,10408039790,1,"IOTHUB_CLIENT_CONFIRMATION_OK"
6345,10408039908,10408039946,1,"IOTHUB_CLIENT_CONFIRMATION_OK"
6346,10408040108,10408040182,1,"IOTHUB_CLIENT_CONFIRMATION_OK"
6347,10408040309,10408040363,1,"IOTHUB_CLIENT_CONFIRMATION_OK"
6348,10408040509,10408040555,1,"IOTHUB_CLIENT_CONFIRMATION_OK"
6349,10408040709,10408040857,1,"IOTHUB_CLIENT_CONFIRMATION_OK"
6350,10408040909,10408041037,1,"IOTHUB_CLIENT_CONFIRMATION_OK"
6351,10408041109,10408041183,1,"IOTHUB_CLIENT_CONFIRMATION_OK"
6352,10408041309,10408041359,1,"IOTHUB_CLIENT_CONFIRMATION_OK"
6353,10408041510,10408041745,1,"IOTHUB_CLIENT_CONFIRMATION_OK"
6354,10408041710,10408041791,1,"IOTHUB_CLIENT_CONFIRMATION_OK"
6355,10408041910,10408041953,1,"IOTHUB_CLIENT_CONFIRMATION_OK"
6356,10408042110,10408042172,1,"IOTHUB_CLIENT_CONFIRMATION_OK"
6357,10408042310,10408042369,1,"IOTHUB_CLIENT_CONFIRMATION_OK"
6358,10408042510,10408042549,1,"IOTHUB_CLIENT_CONFIRMATION_OK"
6359,10408042711,10408042750,1,"IOTHUB_CLIENT_CONFIRMATION_OK"
6360,10408042911,10408042952,1,"IOTHUB_CLIENT_CONFIRMATION_OK"
6361,10408043111,10408043154,1,"IOTHUB_CLIENT_CONFIRMATION_OK"
6362,10408043311,10408043346,1,"IOTHUB_CLIENT_CONFIRMATION_OK"
6363,10408043511,10408043624,1,"IOTHUB_CLIENT_CONFIRMATION_OK"
6364,10408043711,10408043765,1,"IOTHUB_CLIENT_CONFIRMATION_OK"
6365,10408043911,10408044041,1,"IOTHUB_CLIENT_CONFIRMATION_OK"
6366,10408044112,10408044158,1,"IOTHUB_CLIENT_CONFIRMATION_OK"
6367,10408044312,10408044357,1,"IOTHUB_CLIENT_CONFIRMATION_OK"
6368,10408044512,10408044563,1,"IOTHUB_CLIENT_CONFIRMATION_OK"
6369,10408044712,10408046252,1,"IOTHUB_CLIENT_CONFIRMATION_OK"
6370,10408044912,10408046317,1,"IOTHUB_CLIENT_CONFIRMATION_OK"
6371,10408045112,10408046419,1,"IOTHUB_CLIENT_CONFIRMATION_OK"
6372,10408045313,10408046475,1,"IOTHUB_CLIENT_CONFIRMATION_OK"
6373,10408045513,10408046628,1,"IOTHUB_CLIENT_CONFIRMATION_OK"
6374,10408045713,10408046717,1,"IOTHUB_CLIENT_CONFIRMATION_OK"
6375,10408045913,10408046799,1,"IOTHUB_CLIENT_CONFIRMATION_OK"
6376,10408046113,10408046889,1,"IOTHUB_CLIENT_CONFIRMATION_OK"
6377,10408046313,10408046958,1,"IOTHUB_CLIENT_CONFIRMATION_OK"
6378,10408046514,10408047014,1,"IOTHUB_CLIENT_CONFIRMATION_OK"
6379,10408046714,10408047134,1,"IOTHUB_CLIENT_CONFIRMATION_OK"
6380,10408046914,10408047213,1,"IOTHUB_CLIENT_CONFIRMATION_OK"
6381,10408047114,10408047270,1,"IOTHUB_CLIENT_CONFIRMATION_OK"
6382,10408047314,10408047370,1,"IOTHUB_CLIENT_CONFIRMATION_OK"
6383,10408047514,10408047898,1,"IOTHUB_CLIENT_CONFIRMATION_OK"
6384,10408047715,10408047933,1,"IOTHUB_CLIENT_CONFIRMATION_OK"
6385,10408047915,10408047983,1,"IOTHUB_CLIENT_CONFIRMATION_OK"
6386,10408048115,10408048153,1,"IOTHUB_CLIENT_CONFIRMATION_OK"
6387,10408048315,10408048374,1,"IOTHUB_CLIENT_CONFIRMATION_OK"
6388,10408048515,10408048561,1,"IOTHUB_CLIENT_CONFIRMATION_OK"
6389,10408048715,10408048759,1,"IOTHUB_CLIENT_CONFIRMATION_OK"
6390,10408048915,10408048964,1,"IOTHUB_CLIENT_CONFIRMATION_OK"
6391,10408049116,10408049166,1,"IOTHUB_CLIENT_CONFIRMATION_OK"
6392,10408049316,10408049352,1,"IOTHUB_CLIENT_CONFIRMATION_OK"
6393,10408049516,10408049646,1,"IOTHUB_CLIENT_CONFIRMATION_OK"
6394,10408049716,10408049755,1,"IOTHUB_CLIENT_CONFIRMATION_OK"
6395,10408049916,10408049973,1,"IOTHUB_CLIENT_CONFIRMATION_OK"
6396,10408050116,10408050180,1,"IOTHUB_CLIENT_CONFIRMATION_OK"
6397,10408050317,10408050361,1,"IOTHUB_CLIENT_CONFIRMATION_OK"
6398,10408050517,10408050572,1,"IOTHUB_CLIENT_CONFIRMATION_OK"
6399,10408050717,10408050787,1,"IOTHUB_CLIENT_CONFIRMATION_OK"
6400,10408050917,10408051012,1,"IOTHUB_CLIENT_CONFIRMATION_OK"
6401,10408051117,10408051169,1,"IOTHUB_CLIENT_CONFIRMATION_OK"
6402,10408051317,10408051368,1,"IOTHUB_CLIENT_CONFIRMATION_OK"
6403,10408051518,10408051576,1,"IOTHUB_CLIENT_CONFIRMATION_OK"
6404,10408051718,10408051766,1,"IOTHUB_CLIENT_CONFIRMATION_OK"
6405,10408051918,10408051969,1,"IOTHUB_CLIENT_CONFIRMATION_OK"
6406,10408052118,10408052189,1,"IOTHUB_CLIENT_CONFIRMATION_OK"
6407,10408052318,10408052369,1,"IOTHUB_CLIENT_CONFIRMATION_OK"
6408,10408052518,10408052568,1,"IOTHUB_CLIENT_CONFIRMATION_OK"
6409,10408052718,10408052772,1,"IOTHUB_CLIENT_CONFIRMATION_OK"
6410,10408052919,10408052968,1,"IOTHUB_CLIENT_CONFIRMATION_OK"
6411,10408053119,10408053186,1,"IOTHUB_CLIENT_CONFIRMATION_OK"
6412,10408053319,10408053371,1,"IOTHUB_CLIENT_CONFIRMATION_OK"
6413,10408053519,10408053605,1,"IOTHUB_CLIENT_CONFIRMATION_OK"
6414,10408053719,10408053765,1,"IOTHUB_CLIENT_CONFIRMATION_OK"
6415,10408053919,10408053965,1,"IOTHUB_CLIENT_CONFIRMATION_OK"
6416,10408054120,10408054228,1,"IOTHUB_CLIENT_CONFIRMATION_OK"
6417,10408054320,10408054394,1,"IOTHUB_CLIENT_CONFIRMATION_OK"
6418,10408054520,10408054569,1,"IOTHUB_CLIENT_CONFIRMATION_OK"
6419,10408054720,10408054844,1,"IOTHUB_CLIENT_CONFIRMATION_OK"
6420,10408054920,10408055001,1,"IOTHUB_CLIENT_CONFIRMATION_OK"
6421,10408055120,10408055171,1,"IOTHUB_CLIENT_CONFIRMATION_OK"
6422,10408055320,10408055363,1,"IOTHUB_CLIENT_CONFIRMATION_OK"
6423,10408055521,10408055584,1,"IOTHUB_CLIENT_CONFIRMATION_OK"
6424,10408055721,10408055762,1,"IOTHUB_CLIENT_CONFIRMATION_OK"
6425,10408055921,10408055960,1,"IOTHUB_CLIENT_CONFIRMATION_OK"
6426,10408056121,10408056288,1,"IOTHUB_CLIENT_CONFIRMATION_OK"
6427,10408056321,10408056364,1,"IOTHUB_CLIENT_CONFIRMATION_OK"
6428,10408056521,10408056613,1,"IOTHUB_CLIENT_CONFIRMATION_OK"
6429,10408056722,10408056784,1,"IOTHUB_CLIENT_CONFIRMATION_OK"
6430,10408056922,10408056962,1,"IOTHUB_CLIENT_CONFIRMATION_OK"
6431,10408057122,10408057180,1,"IOTHUB_CLIENT_CONFIRMATION_OK"
6432,10408057322,10408057372,1,"IOTHUB_CLIENT_CONFIRMATION_OK"
6433,10408057522,10408057568,1,"IOTHUB_CLIENT_CONFIRMATION_OK"
6434,10408057722,10408057758,1,"IOTHUB_CLIENT_CONFIRMATION_OK"
6435,10408057923,10408057983,1,"IOTHUB_CLIENT_CONFIRMATION_OK"
6436,10408058123,10408058313,1,"IOTHUB_CLIENT_CONFIRMATION_OK"
6437,10408058323,10408058397,1,"IOTHUB_CLIENT_CONFIRMATION_OK"
6438,10408058523,10408058562,1,"IOTHUB_CLIENT_CONFIRMATION_OK"
6439,10408058723,10408058772,1,"IOTHUB_CLIENT_CONFIRMATION_OK"
6440,10408058923,10408058973,1,"IOTHUB_CLIENT_CONFIRMATION_OK"
6441,10408059123,10408059166,1,"IOTHUB_CLIENT_CONFIRMATION_OK"
6442,10408059324,10408059384,1,"IOTHUB_CLIENT_CONFIRMATION_OK"
6443,10408059524,10408059656,1,"IOTHUB_CLIENT_CONFIRMATION_OK"
6444,10408059724,10408059790,1,"IOTHUB_CLIENT_CONFIRMATION_OK"
6445,10408059924,10408060005,1,"IOTHUB_CLIENT_CONFIRMATION_OK"
6446,10408060124,10408060170,1,"IOTHUB_CLIENT_CONFIRMATION_OK"
6447,10408060324,10408060378,1,"IOTHUB_CLIENT_CONFIRMATION_OK"
6448,10408060525,10408060565,1,"IOTHUB_CLIENT_CONFIRMATION_OK"
6449,10408060725,10408060776,1,"IOTHUB_CLIENT_CONFIRMATION_OK"
6450,10408060925,10408060981,1,"IOTHUB_CLIENT_CONFIRMATION_OK"
6451,10408061125,10408061214,1,"IOTHUB_CLIENT_CONFIRMATION_OK"
6452,10408061325,10408061376,1,"IOTHUB_CLIENT_CONFIRMATION_OK"
6453,10408061525,10408061570,1,"IOTHUB_CLIENT_CONFIRMATION_OK"
6454,10408061726,10408061777,1,"IOTHUB_CLIENT_CONFIRMATION_OK"
6455,10408061926,10408062024,1,"IOTHUB_CLIENT_CONFIRMATION_OK"
6456,10408062126,10408062209,1,"IOTHUB_CLIENT_CONFIRMATION_OK"
6457,10408062326,10408062589,1,"IOTHUB_CLIENT_CONFIRMATION_OK"
6458,10408062526,10408062662,1,"IOTHUB_CLIENT_CONFIRMATION_OK"
6459,10408062726,10408062777,1,"IOTHUB_CLIENT_CONFIRMATION_OK"
6460,10408062927,10408062990,1,"IOTHUB_CLIENT_CONFIRMATION_OK"
6461,10408063127,10408063166,1,"IOTHUB_CLIENT_CONFIRMATION_OK"
6462,10408063327,10408063367,1,"IOTHUB_CLIENT_CONFIRMATION_OK"
6463,10408063527,10408063618,1,"IOTHUB_CLIENT_CONFIRMATION_OK"
6464,10408063727,10408063873,1,"IOTHUB_CLIENT_CONFIRMATION_OK"
6465,10408063927,10408063985,1,"IOTHUB_CLIENT_CONFIRMATION_OK"
6466,10408064128,10408064308,1,"IOTHUB_CLIENT_CONFIRMATION_OK"
6467,10408064328,10408064371,1,"IOTHUB_CLIENT_CONFIRMATION_OK"
6468,10408064528,10408064578,1,"IOTHUB_CLIENT_CONFIRMATION_OK"
6469,10408064728,10408064780,1,"IOTHUB_CLIENT_CONFIRMATION_OK"
6470,10408064928,10408065006,1,"IOTHUB_CLIENT_CONFIRMATION_OK"
6471,10408065128,10408065197,1,"IOTHUB_CLIENT_CONFIRMATION_OK"
6472,10408065329,10408065385,1,"IOTHUB_CLIENT_CONFIRMATION_OK"
6473,10408065529,10408065577,1,"IOTHUB_CLIENT_CONFIRMATION_OK"
6474,10408065729,10408065767,1,"IOTHUB_CLIENT_CONFIRMATION_OK"
6475,10408065929,10408065980,1,"IOTHUB_CLIENT_CONFIRMATION_OK"
6476,10408066129,10408066175,1,"IOTHUB_CLIENT_CONFIRMATION_OK"
6477,10408066329,10408066397,1,"IOTHUB_CLIENT_CONFIRMATION_OK"
6478,10408066529,10408066576,1,"IOTHUB_CLIENT_CONFIRMATION_OK"
6479,10408066730,10408066773,1,"IOTHUB_CLIENT_CONFIRMATION_OK"
6480,10408066930,10408066999,1,"IOTHUB_CLIENT_CONFIRMATION_OK"
6481,10408067130,10408067195,1,"IOTHUB_CLIENT_CONFIRMATION_OK"
6482,10408067330,10408067386,1,"IOTHUB_CLIENT_CONFIRMATION_OK"
6483,10408067530,10408067606,1,"IOTHUB_CLIENT_CONFIRMATION_OK"
6484,10408067730,10408067865,1,"IOTHUB_CLIENT_CONFIRMATION_OK"
6485,10408067931,10408067979,1,"IOTHUB_CLIENT_CONFIRMATION_OK"
6486,10408068131,10408068299,1,"IOTHUB_CLIENT_CONFIRMATION_OK"
6487,10408068331,10408068376,1,"IOTHUB_CLIENT_CONFIRMATION_OK"
6488,10408068531,10408068582,1,"IOTHUB_CLIENT_CONFIRMATION_OK"
6489,10408068731,10408068775,1,"IOTHUB_CLIENT_CONFIRMATION_OK"
6490,10408068931,10408068987,1,"IOTHUB_CLIENT_CONFIRMATION_OK"
6491,10408069131,10408069189,1,"IOTHUB_CLIENT_CONFIRMATION_OK"
6492,10408069332,10408069388,1,"IOTHUB_CLIENT_CONFIRMATION_OK"
6493,10408069532,10408069590,1,"IOTHUB_CLIENT_CONFIRMATION_OK"
6494,10408069732,10408069783,1,"IOTHUB_CLIENT_CONFIRMATION_OK"
6495,10408069932,10408069976,1,"IOTHUB_CLIENT_CONFIRMATION_OK"
6496,10408070132,10408070176,1,"IOTHUB_CLIENT_CONFIRMATION_OK"
6497,10408070332,10408070372,1,"IOTHUB_CLIENT_CONFIRMATION_OK"
6498,10408070533,10408070589,1,"IOTHUB_CLIENT_CONFIRMATION_OK"
6499,10408070733,10408070782,1,"IOTHUB_CLIENT_CONFIRMATION_OK"
6500,10408070933,10408071003,1,"IOTHUB_CLIENT_CONFIRMATION_OK"
6501,10408071133,10408071181,1,"IOTHUB_CLIENT_CONFIRMATION_OK"
6502,10408071333,10408071396,1,"IOTHUB_CLIENT_CONFIRMATION_OK"
6503,10408071533,10408071639,1,"IOTHUB_CLIENT_CONFIRMATION_OK"
6504,10408071733,10408071802,1,"IOTHUB_CLIENT_CONFIRMATION_OK"
6505,10408071934,10408071987,1,"IOTHUB_CLIENT_CONFIRMATION_OK"
6506,10408072134,10408072254,1,"IOTHUB_CLIENT_CONFIRMATION_OK"
6507,10408072334,10408072380,1,"IOTHUB_CLIENT_CONFIRMATION_OK"
6508,10408072534,10408072584,1,"IOTHUB_CLIENT_CONFIRMATION_OK"
6509,10408072734,10408072823,1,"IOTHUB_CLIENT_CONFIRMATION_OK"
6510,10408072934,10408072983,1,"IOTHUB_CLIENT_CONFIRMATION_OK"
6511,10408073135,10408073175,1,"IOTHUB_CLIENT_CONFIRMATION_OK"
6512,10408073335,10408073398,1,"IOTHUB_CLIENT_CONFIRMATION_OK"
6513,10408073535,10408073581,1,"IOTHUB_CLIENT_CONFIRMATION_OK"
6514,10408073735,10408073782,1,"IOTHUB_CLIENT_CONFIRMATION_OK"
6515,10408073935,10408073985,1,"IOTHUB_CLIENT_CONFIRMATION_OK"
6516,10408074135,10408074203,1,"IOTHUB_CLIENT_CONFIRMATION_OK"
6517,10408074336,10408074373,1,"IOTHUB_CLIENT_CONFIRMATION_OK"
6518,10408074536,10408074597,1,"IOTHUB_CLIENT_CONFIRMATION_OK"
6519,10408074736,10408074779,1,"IOTHUB_CLIENT_CONFIRMATION_OK"
6520,10408074936,10408074977,1,"IOTHUB_CLIENT_CONFIRMATION_OK"
6521,10408075136,10408075197,1,"IOTHUB_CLIENT_CONFIRMATION_OK"
6522,10408075336,10408075373,1,"IOTHUB_CLIENT_CONFIRMATION_OK"
6523,10408075536,10408075620,1,"IOTHUB_CLIENT_CONFIRMATION_OK"
6524,10408075737,10408075787,1,"IOTHUB_CLIENT_CONFIRMATION_OK"
6525,10408075937,10408075988,1,"IOTHUB_CLIENT_CONFIRMATION_OK"
6526,10408076137,10408076203,1,"IOTHUB_CLIENT_CONFIRMATION_OK"
6527,10408076337,10408076383,1,"IOTHUB_CLIENT_CONFIRMATION_OK"
6528,10408076537,10408076582,1,"IOTHUB_CLIENT_CONFIRMATION_OK"
6529,10408076737,10408076785,1,"IOTHUB_CLIENT_CONFIRMATION_OK"
6530,10408076938,10408077006,1,"IOTHUB_CLIENT_CONFIRMATION_OK"
6531,10408077138,10408077187,1,"IOTHUB_CLIENT_CONFIRMATION_OK"
6532,10408077338,10408077372,1,"IOTHUB_CLIENT_CONFIRMATION_OK"
6533,10408077538,10408077611,1,"IOTHUB_CLIENT_CONFIRMATION_OK"
6534,10408077738,10408077790,1,"IOTHUB_CLIENT_CONFIRMATION_OK"
6535,10408077938,10408077977,1,"IOTHUB_CLIENT_CONFIRMATION_OK"
6536,10408078138,10408078220,1,"IOTHUB_CLIENT_CONFIRMATION_OK"
6537,10408078339,10408078379,1,"IOTHUB_CLIENT_CONFIRMATION_OK"
6538,10408078539,10408078609,1,"IOTHUB_CLIENT_CONFIRMATION_OK"
6539,10408078739,10408078786,1,"IOTHUB_CLIENT_CONFIRMATION_OK"
6540,10408078939,10408078986,1,"IOTHUB_CLIENT_CONFIRMATION_OK"
6541,10408079139,10408079213,1,"IOTHUB_CLIENT_CONFIRMATION_OK"
6542,10408079339,10408079377,1,"IOTHUB_CLIENT_CONFIRMATION_OK"
6543,10408079540,10408079598,1,"IOTHUB_CLIENT_CONFIRMATION_OK"
6544,10408079740,10408079783,1,"IOTHUB_CLIENT_CONFIRMATION_OK"
6545,10408079940,10408079979,1,"IOTHUB_CLIENT_CONFIRMATION_OK"
6546,10408080140,10408080312,1,"IOTHUB_CLIENT_CONFIRMATION_OK"
6547,10408080340,10408080381,1,"IOTHUB_CLIENT_CONFIRMATION_OK"
6548,10408080540,10408080625,1,"IOTHUB_CLIENT_CONFIRMATION_OK"
6549,10408080741,10408080783,1,"IOTHUB_CLIENT_CONFIRMATION_OK"
6550,10408080941,10408081028,1,"IOTHUB_CLIENT_CONFIRMATION_OK"
6551,10408081141,10408081183,1,"IOTHUB_CLIENT_CONFIRMATION_OK"
6552,10408081341,10408081386,1,"IOTHUB_CLIENT_CONFIRMATION_OK"
6553,10408081541,10408081584,1,"IOTHUB_CLIENT_CONFIRMATION_OK"
6554,10408081741,10408081793,1,"IOTHUB_CLIENT_CONFIRMATION_OK"
6555,10408081941,10408081991,1,"IOTHUB_CLIENT_CONFIRMATION_OK"
6556,10408082142,10408082195,1,"IOTHUB_CLIENT_CONFIRMATION_OK"
6557,10408082342,10408082397,1,"IOTHUB_CLIENT_CONFIRMATION_OK"
6558,10408082542,10408082591,1,"IOTHUB_CLIENT_CONFIRMATION_OK"
6559,10408082742,10408082788,1,"IOTHUB_CLIENT_CONFIRMATION_OK"
6560,10408082942,10408082999,1,"IOTHUB_CLIENT_CONFIRMATION_OK"
6561,10408083142,10408083229,1,"IOTHUB_CLIENT_CONFIRMATION_OK"
6562,10408083343,10408083404,1,"IOTHUB_CLIENT_CONFIRMATION_OK"
6563,10408083543,10408083588,1,"IOTHUB_CLIENT_CONFIRMATION_OK"
6564,10408083743,10408083790,1,"IOTHUB_CLIENT_CONFIRMATION_OK"
6565,10408083943,10408084092,1,"IOTHUB_CLIENT_CONFIRMATION_OK"
6566,10408084143,10408084320,1,"IOTHUB_CLIENT_CONFIRMATION_OK"
6567,10408084343,10408084416,1,"IOTHUB_CLIENT_CONFIRMATION_OK"
6568,10408084544,10408084599,1,"IOTHUB_CLIENT_CONFIRMATION_OK"
6569,10408084744,10408084791,1,"IOTHUB_CLIENT_CONFIRMATION_OK"
6570,10408084944,10408084984,1,"IOTHUB_CLIENT_CONFIRMATION_OK"
6571,10408085144,10408085195,1,"IOTHUB_CLIENT_CONFIRMATION_OK"
6572,10408085344,10408085389,1,"IOTHUB_CLIENT_CONFIRMATION_OK"
6573,10408085544,10408085585,1,"IOTHUB_CLIENT_CONFIRMATION_OK"
6574,10408085744,10408085795,1,"IOTHUB_CLIENT_CONFIRMATION_OK"
6575,10408085945,10408086006,1,"IOTHUB_CLIENT_CONFIRMATION_OK"
6576,10408086145,10408086184,1,"IOTHUB_CLIENT_CONFIRMATION_OK"
6577,10408086345,10408086402,1,"IOTHUB_CLIENT_CONFIRMATION_OK"
6578,10408086545,10408086603,1,"IOTHUB_CLIENT_CONFIRMATION_OK"
6579,10408086745,10408086795,1,"IOTHUB_CLIENT_CONFIRMATION_OK"
6580,10408086945,10408087036,1,"IOTHUB_CLIENT_CONFIRMATION_OK"
6581,10408087146,10408087183,1,"IOTHUB_CLIENT_CONFIRMATION_OK"
6582,10408087346,10408087388,1,"IOTHUB_CLIENT_CONFIRMATION_OK"
6583,10408087546,10408087613,1,"IOTHUB_CLIENT_CONFIRMATION_OK"
6584,10408087746,10408087803,1,"IOTHUB_CLIENT_CONFIRMATION_OK"
6585,10408087946,10408088003,1,"IOTHUB_CLIENT_CONFIRMATION_OK"
6586,10408088146,10408088199,1,"IOTHUB_CLIENT_CONFIRMATION_OK"
6587,10408088347,10408088389,1,"IOTHUB_CLIENT_CONFIRMATION_OK"
6588,10408088547,10408088594,1,"IOTHUB_CLIENT_CONFIRMATION_OK"
6589,10408088747,10408088798,1,"IOTHUB_CLIENT_CONFIRMATION_OK"
6590,10408088947,10408088991,1,"IOTHUB_CLIENT_CONFIRMATION_OK"
6591,10408089147,10408089201,1,"IOTHUB_CLIENT_CONFIRMATION_OK"
6592,10408089347,10408089398,1,"IOTHUB_CLIENT_CONFIRMATION_OK"
6593,10408089547,10408089618,1,"IOTHUB_CLIENT_CONFIRMATION_OK"
6594,10408089748,10408089824,1,"IOTHUB_CLIENT_CONFIRMATION_OK"
6595,10408089948,10408090035,1,"IOTHUB_CLIENT_CONFIRMATION_OK"
6596,10408090148,10408090199,1,"IOTHUB_CLIENT_CONFIRMATION_OK"
6597,10408090348,10408090399,1,"IOTHUB_CLIENT_CONFIRMATION_OK"
6598,10408090548,10408090601,1,"IOTHUB_CLIENT_CONFIRMATION_OK"
6599,10408090748,10408090796,1,"IOTHUB_CLIENT_CONFIRMATION_OK"
6600,10408090949,10408091014,1,"IOTHUB_CLIENT_CONFIRMATION_OK"
6601,10408091149,10408091188,1,"IOTHUB_CLIENT_CONFIRMATION_OK"
6602,10408091349,10408091392,1,"IOTHUB_CLIENT_CONFIRMATION_OK"
6603,10408091549,10408091621,1,"IOTHUB_CLIENT_CONFIRMATION_OK"
6604,10408091749,10408091796,1,"IOTHUB_CLIENT_CONFIRMATION_OK"
6605,10408091949,10408091994,1,"IOTHUB_CLIENT_CONFIRMATION_OK"
6606,10408092149,10408092257,1,"IOTHUB_CLIENT_CONFIRMATION_OK"
6607,10408092350,10408092392,1,"IOTHUB_CLIENT_CONFIRMATION_OK"
6608,10408092550,10408092596,1,"IOTHUB_CLIENT_CONFIRMATION_OK"
6609,10408092750,10408092792,1,"IOTHUB_CLIENT_CONFIRMATION_OK"
6610,10408092950,10408093009,1,"IOTHUB_CLIENT_CONFIRMATION_OK"
6611,10408093150,10408093188,1,"IOTHUB_CLIENT_CONFIRMATION_OK"
6612,10408093350,10408093390,1,"IOTHUB_CLIENT_CONFIRMATION_OK"
6613,10408093551,10408093598,1,"IOTHUB_CLIENT_CONFIRMATION_OK"
6614,10408093751,10408093826,1,"IOTHUB_CLIENT_CONFIRMATION_OK"
6615,10408093951,10408094019,1,"IOTHUB_CLIENT_CONFIRMATION_OK"
6616,10408094151,10408094292,1,"IOTHUB_CLIENT_CONFIRMATION_OK"
6617,10408094351,10408094483,1,"IOTHUB_CLIENT_CONFIRMATION_OK"
6618,10408094551,10408094590,1,"IOTHUB_CLIENT_CONFIRMATION_OK"
6619,10408094751,10408094808,1,"IOTHUB_CLIENT_CONFIRMATION_OK"
6620,10408094952,10408095004,1,"IOTHUB_CLIENT_CONFIRMATION_OK"
6621,10408095152,10408095218,1,"IOTHUB_CLIENT_CONFIRMATION_OK"
6622,10408095352,10408095503,1,"IOTHUB_CLIENT_CONFIRMATION_OK"
6623,10408095552,10408095648,1,"IOTHUB_CLIENT_CONFIRMATION_OK"
6624,10408095752,10408095797,1,"IOTHUB_CLIENT_CONFIRMATION_OK"
6625,10408095952,10408096003,1,"IOTHUB_CLIENT_CONFIRMATION_OK"
6626,10408096153,10408096199,1,"IOTHUB_CLIENT_CONFIRMATION_OK"
6627,10408096353,10408096401,1,"IOTHUB_CLIENT_CONFIRMATION_OK"
6628,10408096553,10408096584,1,"IOTHUB_CLIENT_CONFIRMATION_OK"
6629,10408096753,10408096830,1,"IOTHUB_CLIENT_CONFIRMATION_OK"
6630,10408096953,10408096996,1,"IOTHUB_CLIENT_CONFIRMATION_OK"
6631,10408097153,10408097205,1,"IOTHUB_CLIENT_CONFIRMATION_OK"
6632,10408097354,10408097395,1,"IOTHUB_CLIENT_CONFIRMATION_OK"
6633,10408097554,10408097602,1,"IOTHUB_CLIENT_CONFIRMATION_OK"
6634,10408097754,10408097796,1,"IOTHUB_CLIENT_CONFIRMATION_OK"
6635,10408097954,10408097995,1,"IOTHUB_CLIENT_CONFIRMATION_OK"
6636,10408098154,10408098219,1,"IOTHUB_CLIENT_CONFIRMATION_OK"
6637,10408098354,10408098407,1,"IOTHUB_CLIENT_CONFIRMATION_OK"
6638,10408098555,10408098605,1,"IOTHUB_CLIENT_CONFIRMATION_OK"
6639,10408098755,10408098804,1,"IOTHUB_CLIENT_CONFIRMATION_OK"
6640,10408098955,10408099223,1,"IOTHUB_CLIENT_CONFIRMATION_OK"
6641,10408099155,10408099255,1,"IOTHUB_CLIENT_CONFIRMATION_OK"
6642,10408099355,10408099878,1,"IOTHUB_CLIENT_CONFIRMATION_OK"
6643,10408099555,10408099921,1,"IOTHUB_CLIENT_CONFIRMATION_OK"
6644,10408099756,10408099932,1,"IOTHUB_CLIENT_CONFIRMATION_OK"
6645,10408099956,10408099997,1,"IOTHUB_CLIENT_CONFIRMATION_OK"
6646,10408100156,10408100233,1,"IOTHUB_CLIENT_CONFIRMATION_OK"
6647,10408100356,10408100398,1,"IOTHUB_CLIENT_CONFIRMATION_OK"
6648,10408100556,10408100606,1,"IOTHUB_CLIENT_CONFIRMATION_OK"
6649,10408100756,10408100807,1,"IOTHUB_CLIENT_CONFIRMATION_OK"
6650,10408100956,10408101024,1,"IOTHUB_CLIENT_CONFIRMATION_OK"
6651,10408101157,10408101246,1,"IOTHUB_CLIENT_CONFIRMATION_OK"
6652,10408101357,10408101397,1,"IOTHUB_CLIENT_CONFIRMATION_OK"
6653,10408101557,10408101652,1,"IOTHUB_CLIENT_CONFIRMATION_OK"
6654,10408101757,10408101818,1,"IOTHUB_CLIENT_CONFIRMATION_OK"
6655,10408101957,10408102034,1,"IOTHUB_CLIENT_CONFIRMATION_OK"
6656,10408102157,10408102286,1,"IOTHUB_CLIENT_CONFIRMATION_OK"
6657,10408102358,10408102400,1,"IOTHUB_CLIENT_CONFIRMATION_OK"
6658,10408102558,10408102606,1,"IOTHUB_CLIENT_CONFIRMATION_OK"
6659,10408102758,10408102801,1,"IOTHUB_CLIENT_CONFIRMATION_OK"
6660,10408102958,10408103005,1,"IOTHUB_CLIENT_CONFIRMATION_OK"
6661,10408103158,10408103204,1,"IOTHUB_CLIENT_CONFIRMATION_OK"
6662,10408103358,10408103404,1,"IOTHUB_CLIENT_CONFIRMATION_OK"
6663,10408103558,10408103620,1,"IOTHUB_CLIENT_CONFIRMATION_OK"
6664,10408103759,10408103810,1,"IOTHUB_CLIENT_CONFIRMATION_OK"
6665,10408103959,10408104010,1,"IOTHUB_CLIENT_CONFIRMATION_OK"
6666,10408104159,10408104349,1,"IOTHUB_CLIENT_CONFIRMATION_OK"
6667,10408104359,10408104408,1,"IOTHUB_CLIENT_CONFIRMATION_OK"
6668,10408104559,10408104598,1,"IOTHUB_CLIENT_CONFIRMATION_OK"
6669,10408104759,10408104791,1,"IOTHUB_CLIENT_CONFIRMATION_OK"
6670,10408104960,10408105012,1,"IOTHUB_CLIENT_CONFIRMATION_OK"
6671,10408105160,10408105200,1,"IOTHUB_CLIENT_CONFIRMATION_OK"
6672,10408105360,10408105415,1,"IOTHUB_CLIENT_CONFIRMATION_OK"
6673,10408105560,10408105642,1,"IOTHUB_CLIENT_CONFIRMATION_OK"
6674,10408105760,10408105808,1,"IOTHUB_CLIENT_CONFIRMATION_OK"
6675,10408105960,10408106004,1,"IOTHUB_CLIENT_CONFIRMATION_OK"
6676,10408106160,10408106266,1,"IOTHUB_CLIENT_CONFIRMATION_OK"
6677,10408106361,10408106401,1,"IOTHUB_CLIENT_CONFIRMATION_OK"
6678,10408106561,10408106613,1,"IOTHUB_CLIENT_CONFIRMATION_OK"
6679,10408106761,10408106830,1,"IOTHUB_CLIENT_CONFIRMATION_OK"
6680,10408106961,10408106999,1,"IOTHUB_CLIENT_CONFIRMATION_OK"
6681,10408107161,10408107210,1,"IOTHUB_CLIENT_CONFIRMATION_OK"
6682,10408107362,10408107421,1,"IOTHUB_CLIENT_CONFIRMATION_OK"
6683,10408107562,10408107661,1,"IOTHUB_CLIENT_CONFIRMATION_OK"
6684,10408107762,10408107805,1,"IOTHUB_CLIENT_CONFIRMATION_OK"
6685,10408107962,10408108016,1,"IOTHUB_CLIENT_CONFIRMATION_OK"
6686,10408108162,10408108285,1,"IOTHUB_CLIENT_CONFIRMATION_OK"
6687,10408108362,10408108419,1,"IOTHUB_CLIENT_CONFIRMATION_OK"
6688,10408108562,10408108599,1,"IOTHUB_CLIENT_CONFIRMATION_OK"
6689,10408108763,10408108810,1,"IOTHUB_CLIENT_CONFIRMATION_OK"
6690,10408108963,10408109012,1,"IOTHUB_CLIENT_CONFIRMATION_OK"
6691,10408109163,10408109220,1,"IOTHUB_CLIENT_CONFIRMATION_OK"
6692,10408109363,10408109425,1,"IOTHUB_CLIENT_CONFIRMATION_OK"
6693,10408109563,10408109624,1,"IOTHUB_CLIENT_CONFIRMATION_OK"
6694,10408109763,10408109813,1,"IOTHUB_CLIENT_CONFIRMATION_OK"
6695,10408109964,10408110008,1,"IOTHUB_CLIENT_CONFIRMATION_OK"
6696,10408110164,10408110361,1,"IOTHUB_CLIENT_CONFIRMATION_OK"
6697,10408110364,10408110416,1,"IOTHUB_CLIENT_CONFIRMATION_OK"
6698,10408110564,10408110605,1,"IOTHUB_CLIENT_CONFIRMATION_OK"
6699,10408110764,10408110829,1,"IOTHUB_CLIENT_CONFIRMATION_OK"
6700,10408110964,10408111095,1,"IOTHUB_CLIENT_CONFIRMATION_OK"
6701,10408111165,10408111222,1,"IOTHUB_CLIENT_CONFIRMATION_OK"
6702,10408111365,10408111413,1,"IOTHUB_CLIENT_CONFIRMATION_OK"
6703,10408111565,10408111605,1,"IOTHUB_CLIENT_CONFIRMATION_OK"
6704,10408111765,10408111833,1,"IOTHUB_CLIENT_CONFIRMATION_OK"
6705,10408111965,10408112016,1,"IOTHUB_CLIENT_CONFIRMATION_OK"
6706,10408112165,10408112207,1,"IOTHUB_CLIENT_CONFIRMATION_OK"
6707,10408112365,10408112436,1,"IOTHUB_CLIENT_CONFIRMATION_OK"
6708,10408112566,10408112607,1,"IOTHUB_CLIENT_CONFIRMATION_OK"
6709,10408112766,10408112823,1,"IOTHUB_CLIENT_CONFIRMATION_OK"
6710,10408112966,10408113029,1,"IOTHUB_CLIENT_CONFIRMATION_OK"
6711,10408113166,10408113212,1,"IOTHUB_CLIENT_CONFIRMATION_OK"
6712,10408113366,10408113413,1,"IOTHUB_CLIENT_CONFIRMATION_OK"
6713,10408113566,10408113620,1,"IOTHUB_CLIENT_CONFIRMATION_OK"
6714,10408113767,10408113816,1,"IOTHUB_CLIENT_CONFIRMATION_OK"
6715,10408113967,10408114015,1,"IOTHUB_CLIENT_CONFIRMATION_OK"
6716,10408114167,10408114211,1,"IOTHUB_CLIENT_CONFIRMATION_OK"
6717,10408114367,10408114417,1,"IOTHUB_CLIENT_CONFIRMATION_OK"
6718,10408114567,10408114654,1,"IOTHUB_CLIENT_CONFIRMATION_OK"
6719,10408114767,10408114807,1,"IOTHUB_CLIENT_CONFIRMATION_OK"
6720,10408114967,10408115020,1,"IOTHUB_CLIENT_CONFIRMATION_OK"
6721,10408115168,10408115208,1,"IOTHUB_CLIENT_CONFIRMATION_OK"
6722,10408115368,10408115409,1,"IOTHUB_CLIENT_CONFIRMATION_OK"
6723,10408115568,10408115630,1,"IOTHUB_CLIENT_CONFIRMATION_OK"
6724,10408115768,10408115819,1,"IOTHUB_CLIENT_CONFIRMATION_OK"
6725,10408115968,10408116021,1,"IOTHUB_CLIENT_CONFIRMATION_OK"
6726,10408116168,10408116240,1,"IOTHUB_CLIENT_CONFIRMATION_OK"
6727,10408116369,10408116435,1,"IOTHUB_CLIENT_CONFIRMATION_OK"
6728,10408116569,10408116615,1,"IOTHUB_CLIENT_CONFIRMATION_OK"
6729,10408116769,10408116859,1,"IOTHUB_CLIENT_CONFIRMATION_OK"
6730,10408116969,10408117025,1,"IOTHUB_CLIENT_CONFIRMATION_OK"
6731,10408117169,10408117211,1,"IOTHUB_CLIENT_CONFIRMATION_OK"
6732,10408117369,10408117462,1,"IOTHUB_CLIENT_CONFIRMATION_OK"
6733,10408117570,10408117678,1,"IOTHUB_CLIENT_CONFIRMATION_OK"
6734,10408117770,10408117828,1,"IOTHUB_CLIENT_CONFIRMATION_OK"
6735,10408117970,10408118061,1,"IOTHUB_CLIENT_CONFIRMATION_OK"
6736,10408118170,10408118294,1,"IOTHUB_CLIENT_CONFIRMATION_OK"
6737,10408118370,10408118410,1,"IOTHUB_CLIENT_CONFIRMATION_OK"
6738,10408118570,10408118616,1,"IOTHUB_CLIENT_CONFIRMATION_OK"
6739,10408118770,10408118810,1,"IOTHUB_CLIENT_CONFIRMATION_OK"
6740,10408118971,10408119024,1,"IOTHUB_CLIENT_CONFIRMATION_OK"
6741,10408119171,10408119212,1,"IOTHUB_CLIENT_CONFIRMATION_OK"
6742,10408119371,10408119443,1,"IOTHUB_CLIENT_CONFIRMATION_OK"
6743,10408119571,10408119646,1,"IOTHUB_CLIENT_CONFIRMATION_OK"
6744,10408119771,10408119812,1,"IOTHUB_CLIENT_CONFIRMATION_OK"
6745,10408119971,10408120046,1,"IOTHUB_CLIENT_CONFIRMATION_OK"
6746,10408120172,10408120348,1,"IOTHUB_CLIENT_CONFIRMATION_OK"
6747,10408120372,10408120414,1,"IOTHUB_CLIENT_CONFIRMATION_OK"
6748,10408120572,10408120618,1,"IOTHUB_CLIENT_CONFIRMATION_OK"
6749,10408120772,10408120812,1,"IOTHUB_CLIENT_CONFIRMATION_OK"
6750,10408120972,10408121007,1,"IOTHUB_CLIENT_CONFIRMATION_OK"
6751,10408121172,10408121214,1,"IOTHUB_CLIENT_CONFIRMATION_OK"
6752,10408121372,10408121413,1,"IOTHUB_CLIENT_CONFIRMATION_OK"
6753,10408121573,10408121667,1,"IOTHUB_CLIENT_CONFIRMATION_OK"
6754,10408121773,10408121815,1,"IOTHUB_CLIENT_CONFIRMATION_OK"
6755,10408121973,10408122023,1,"IOTHUB_CLIENT_CONFIRMATION_OK"
6756,10408122173,10408122247,1,"IOTHUB_CLIENT_CONFIRMATION_OK"
6757,10408122373,10408122425,1,"IOTHUB_CLIENT_CONFIRMATION_OK"
6758,10408122573,10408122635,1,"IOTHUB_CLIENT_CONFIRMATION_OK"
6759,10408122773,10408122821,1,"IOTHUB_CLIENT_CONFIRMATION_OK"
6760,10408122974,10408123034,1,"IOTHUB_CLIENT_CONFIRMATION_OK"
6761,10408123174,10408123213,1,"IOTHUB_CLIENT_CONFIRMATION_OK"
6762,10408123374,10408123431,1,"IOTHUB_CLIENT_CONFIRMATION_OK"
6763,10408123574,10408123677,1,"IOTHUB_CLIENT_CONFIRMATION_OK"
6764,10408123774,10408123820,1,"IOTHUB_CLIENT_CONFIRMATION_OK"
6765,10408123974,10408124019,1,"IOTHUB_CLIENT_CONFIRMATION_OK"
6766,10408124175,10408124303,1,"IOTHUB_CLIENT_CONFIRMATION_OK"
6767,10408124375,10408124413,1,"IOTHUB_CLIENT_CONFIRMATION_OK"
6768,10408124575,10408124632,1,"IOTHUB_CLIENT_CONFIRMATION_OK"
6769,10408124775,10408124818,1,"IOTHUB_CLIENT_CONFIRMATION_OK"
6770,10408124975,10408125022,1,"IOTHUB_CLIENT_CONFIRMATION_OK"
6771,10408125175,10408125218,1,"IOTHUB_CLIENT_CONFIRMATION_OK"
6772,10408125375,10408125418,1,"IOTHUB_CLIENT_CONFIRMATION_OK"
6773,10408125576,10408125623,1,"IOTHUB_CLIENT_CONFIRMATION_OK"
6774,10408125776,10408125819,1,"IOTHUB_CLIENT_CONFIRMATION_OK"
6775,10408125976,10408126194,1,"IOTHUB_CLIENT_CONFIRMATION_OK"
6776,10408126176,10408126432,1,"IOTHUB_CLIENT_CONFIRMATION_OK"
6777,10408126376,10408126462,1,"IOTHUB_CLIENT_CONFIRMATION_OK"
6778,10408126576,10408126658,1,"IOTHUB_CLIENT_CONFIRMATION_OK"
6779,10408126777,10408126821,1,"IOTHUB_CLIENT_CONFIRMATION_OK"
6780,10408126977,10408127048,1,"IOTHUB_CLIENT_CONFIRMATION_OK"
6781,10408127177,10408127237,1,"IOTHUB_CLIENT_CONFIRMATION_OK"
6782,10408127377,10408127431,1,"IOTHUB_CLIENT_CONFIRMATION_OK"
6783,10408127577,10408127682,1,"IOTHUB_CLIENT_CONFIRMATION_OK"
6784,10408127777,10408127836,1,"IOTHUB_CLIENT_CONFIRMATION_OK"
6785,10408127978,10408128023,1,"IOTHUB_CLIENT_CONFIRMATION_OK"
6786,10408128178,10408128267,1,"IOTHUB_CLIENT_CONFIRMATION_OK"
6787,10408128378,10408128429,1,"IOTHUB_CLIENT_CONFIRMATION_OK"
6788,10408128578,10408128623,1,"IOTHUB_CLIENT_CONFIRMATION_OK"
6789,10408128778,10408128822,1,"IOTHUB_CLIENT_CONFIRMATION_OK"
6790,10408128978,10408129032,1,"IOTHUB_CLIENT_CONFIRMATION_OK"
6791,10408129179,10408129216,1,"IOTHUB_CLIENT_CONFIRMATION_OK"
6792,10408129379,10408129422,1,"IOTHUB_CLIENT_CONFIRMATION_OK"
6793,10408129579,10408129630,1,"IOTHUB_CLIENT_CONFIRMATION_OK"
6794,10408129779,10408129841,1,"IOTHUB_CLIENT_CONFIRMATION_OK"
6795,10408129979,10408130018,1,"IOTHUB_CLIENT_CONFIRMATION_OK"
6796,10408130179,10408130300,1,"IOTHUB_CLIENT_CONFIRMATION_OK"
6797,10408130380,10408130438,1,"IOTHUB_CLIENT_CONFIRMATION_OK"
6798,10408130580,10408130628,1,"IOTHUB_CLIENT_CONFIRMATION_OK"
6799,10408130780,10408130816,1,"IOTHUB_CLIENT_CONFIRMATION_OK"
6800,10408130980,10408131050,1,"IOTHUB_CLIENT_CONFIRMATION_OK"
6801,10408131180,10408131275,1,"IOTHUB_CLIENT_CONFIRMATION_OK"
6802,10408131380,10408131420,1,"IOTHUB_CLIENT_CONFIRMATION_OK"
6803,10408131580,10408131633,1,"IOTHUB_CLIENT_CONFIRMATION_OK"
6804,10408131781,10408131838,1,"IOTHUB_CLIENT_CONFIRMATION_OK"
6805,10408131981,10408132033,1,"IOTHUB_CLIENT_CONFIRMATION_OK"
6806,10408132181,10408132364,1,"IOTHUB_CLIENT_CONFIRMATION_OK"
6807,10408132381,10408132427,1,"IOTHUB_CLIENT_CONFIRMATION_OK"
6808,10408132581,10408132632,1,"IOTHUB_CLIENT_CONFIRMATION_OK"
6809,10408132781,10408132825,1,"IOTHUB_CLIENT_CONFIRMATION_OK"
6810,10408132982,10408133067,1,"IOTHUB_CLIENT_CONFIRMATION_OK"
6811,10408133182,10408133227,1,"IOTHUB_CLIENT_CONFIRMATION_OK"
6812,10408133382,10408133435,1,"IOTHUB_CLIENT_CONFIRMATION_OK"
6813,10408133582,10408133685,1,"IOTHUB_CLIENT_CONFIRMATION_OK"
6814,10408133782,10408133904,1,"IOTHUB_CLIENT_CONFIRMATION_OK"
6815,10408133982,10408134058,1,"IOTHUB_CLIENT_CONFIRMATION_OK"
6816,10408134183,10408134286,1,"IOTHUB_CLIENT_CONFIRMATION_OK"
6817,10408134383,10408134431,1,"IOTHUB_CLIENT_CONFIRMATION_OK"
6818,10408134583,10408134635,1,"IOTHUB_CLIENT_CONFIRMATION_OK"
6819,10408134783,10408134893,1,"IOTHUB_CLIENT_CONFIRMATION_OK"
6820,10408134983,10408135048,1,"IOTHUB_CLIENT_CONFIRMATION_OK"
6821,10408135183,10408135231,1,"IOTHUB_CLIENT_CONFIRMATION_OK"
6822,10408135383,10408135424,1,"IOTHUB_CLIENT_CONFIRMATION_OK"
6823,10408135584,10408135617,1,"IOTHUB_CLIENT_CONFIRMATION_OK"
6824,10408135784,10408135831,1,"IOTHUB_CLIENT_CONFIRMATION_OK"
6825,10408135984,10408136028,1,"IOTHUB_CLIENT_CONFIRMATION_OK"
6826,10408136184,10408136353,1,"IOTHUB_CLIENT_CONFIRMATION_OK"
6827,10408136384,10408136427,1,"IOTHUB_CLIENT_CONFIRMATION_OK"
6828,10408136584,10408136634,1,"IOTHUB_CLIENT_CONFIRMATION_OK"
6829,10408136785,10408136823,1,"IOTHUB_CLIENT_CONFIRMATION_OK"
6830,10408136985,10408137266,1,"IOTHUB_CLIENT_CONFIRMATION_OK"
6831,10408137185,10408137368,1,"IOTHUB_CLIENT_CONFIRMATION_OK"
6832,10408137385,10408137427,1,"IOTHUB_CLIENT_CONFIRMATION_OK"
6833,10408137585,10408137633,1,"IOTHUB_CLIENT_CONFIRMATION_OK"
6834,10408137785,10408137848,1,"IOTHUB_CLIENT_CONFIRMATION_OK"
6835,10408137985,10408138053,1,"IOTHUB_CLIENT_CONFIRMATION_OK"
6836,10408138186,10408138236,1,"IOTHUB_CLIENT_CONFIRMATION_OK"
6837,10408138386,10408138451,1,"IOTHUB_CLIENT_CONFIRMATION_OK"
6838,10408138586,10408138639,1,"IOTHUB_CLIENT_CONFIRMATION_OK"
6839,10408138786,10408138833,1,"IOTHUB_CLIENT_CONFIRMATION_OK"
6840,10408138986,10408139059,1,"IOTHUB_CLIENT_CONFIRMATION_OK"
6841,10408139186,10408139226,1,"IOTHUB_CLIENT_CONFIRMATION_OK"
6842,10408139386,10408139425,1,"IOTHUB_CLIENT_CONFIRMATION_OK"
6843,10408139587,10408139646,1,"IOTHUB_CLIENT_CONFIRMATION_OK"
6844,10408139787,10408139834,1,"IOTHUB_CLIENT_CONFIRMATION_OK"
6845,10408139987,10408140060,1,"IOTHUB_CLIENT_CONFIRMATION_OK"
6846,10408140187,10408140262,1,"IOTHUB_CLIENT_CONFIRMATION_OK"
6847,10408140387,10408140457,1,"IOTHUB_CLIENT_CONFIRMATION_OK"
6848,10408140587,10408140645,1,"IOTHUB_CLIENT_CONFIRMATION_OK"
6849,10408140788,10408140824,1,"IOTHUB_CLIENT_CONFIRMATION_OK"
6850,10408140988,10408141037,1,"IOTHUB_CLIENT_CONFIRMATION_OK"
6851,10408141188,10408141251,1,"IOTHUB_CLIENT_CONFIRMATION_OK"
6852,10408141388,10408141472,1,"IOTHUB_CLIENT_CONFIRMATION_OK"
6853,10408141588,10408141655,1,"IOTHUB_CLIENT_CONFIRMATION_OK"
6854,10408141788,10408141836,1,"IOTHUB_CLIENT_CONFIRMATION_OK"
6855,10408141989,10408142048,1,"IOTHUB_CLIENT_CONFIRMATION_OK"
6856,10408142189,10408142392,1,"IOTHUB_CLIENT_CONFIRMATION_OK"
6857,10408142389,10408142439,1,"IOTHUB_CLIENT_CONFIRMATION_OK"
6858,10408142589,10408142627,1,"IOTHUB_CLIENT_CONFIRMATION_OK"
6859,10408142789,10408142828,1,"IOTHUB_CLIENT_CONFIRMATION_OK"
6860,10408142989,10408143035,1,"IOTHUB_CLIENT_CONFIRMATION_OK"
6861,10408143189,10408143236,1,"IOTHUB_CLIENT_CONFIRMATION_OK"
6862,10408143390,10408143475,1,"IOTHUB_CLIENT_CONFIRMATION_OK"
6863,10408143590,10408143670,1,"IOTHUB_CLIENT_CONFIRMATION_OK"
6864,10408143790,10408143825,1,"IOTHUB_CLIENT_CONFIRMATION_OK"
6865,10408143990,10408144029,1,"IOTHUB_CLIENT_CONFIRMATION_OK"
6866,10408144190,10408144277,1,"IOTHUB_CLIENT_CONFIRMATION_OK"
6867,10408144390,10408144446,1,"IOTHUB_CLIENT_CONFIRMATION_OK"
6868,10408144590,10408144633,1,"IOTHUB_CLIENT_CONFIRMATION_OK"
6869,10408144791,10408144854,1,"IOTHUB_CLIENT_CONFIRMATION_OK"
6870,10408144991,10408145042,1,"IOTHUB_CLIENT_CONFIRMATION_OK"
6871,10408145191,10408145241,1,"IOTHUB_CLIENT_CONFIRMATION_OK"
6872,10408145391,10408145426,1,"IOTHUB_CLIENT_CONFIRMATION_OK"
6873,10408145591,10408145641,1,"IOTHUB_CLIENT_CONFIRMATION_OK"
6874,10408145791,10408145986,1,"IOTHUB_CLIENT_CONFIRMATION_OK"
6875,10408145992,10408146070,1,"IOTHUB_CLIENT_CONFIRMATION_OK"
6876,10408146192,10408146240,1,"IOTHUB_CLIENT_CONFIRMATION_OK"
6877,10408146392,10408146428,1,"IOTHUB_CLIENT_CONFIRMATION_OK"
6878,10408146592,10408146659,1,"IOTHUB_CLIENT_CONFIRMATION_OK"
6879,10408146792,10408146835,1,"IOTHUB_CLIENT_CONFIRMATION_OK"
6880,10408146992,10408147049,1,"IOTHUB_CLIENT_CONFIRMATION_OK"
6881,10408147193,10408147251,1,"IOTHUB_CLIENT_CONFIRMATION_OK"
6882,10408147393,10408147437,1,"IOTHUB_CLIENT_CONFIRMATION_OK"
6883,10408147593,10408147634,1,"IOTHUB_CLIENT_CONFIRMATION_OK"
6884,10408147793,10408147868,1,"IOTHUB_CLIENT_CONFIRMATION_OK"
6885,10408147993,10408148041,1,"IOTHUB_CLIENT_CONFIRMATION_OK"
6886,10408148193,10408148229,1,"IOTHUB_CLIENT_CONFIRMATION_OK"
6887,10408148394,10408148452,1,"IOTHUB_CLIENT_CONFIRMATION_OK"
6888,10408148594,10408148680,1,"IOTHUB_CLIENT_CONFIRMATION_OK"
6889,10408148794,10408148831,1,"IOTHUB_CLIENT_CONFIRMATION_OK"
6890,10408148994,10408149039,1,"IOTHUB_CLIENT_CONFIRMATION_OK"
6891,10408149194,10408149239,1,"IOTHUB_CLIENT_CONFIRMATION_OK"
6892,10408149394,10408149443,1,"IOTHUB_CLIENT_CONFIRMATION_OK"
6893,10408149595,10408149650,1,"IOTHUB_CLIENT_CONFIRMATION_OK"
6894,10408149795,10408149841,1,"IOTHUB_CLIENT_CONFIRMATION_OK"
6895,10408149995,10408150034,1,"IOTHUB_CLIENT_CONFIRMATION_OK"
6896,10408150195,10408150245,1,"IOTHUB_CLIENT_CONFIRMATION_OK"
6897,10408150395,10408150443,1,"IOTHUB_CLIENT_CONFIRMATION_OK"
6898,10408150595,10408150663,1,"IOTHUB_CLIENT_CONFIRMATION_OK"
6899,10408150795,10408150847,1,"IOTHUB_CLIENT_CONFIRMATION_OK"
6900,10408150996,10408151050,1,"IOTHUB_CLIENT_CONFIRMATION_OK"
6901,10408151196,10408151253,1,"IOTHUB_CLIENT_CONFIRMATION_OK"
6902,10408151396,10408151467,1,"IOTHUB_CLIENT_CONFIRMATION_OK"
6903,10408151596,10408151782,1,"IOTHUB_CLIENT_CONFIRMATION_OK"
6904,10408151796,10408151836,1,"IOTHUB_CLIENT_CONFIRMATION_OK"
6905,10408151996,10408152045,1,"IOTHUB_CLIENT_CONFIRMATION_OK"
6906,10408152197,10408152241,1,"IOTHUB_CLIENT_CONFIRMATION_OK"
6907,10408152397,10408152434,1,"IOTHUB_CLIENT_CONFIRMATION_OK"
6908,10408152597,10408152668,1,"IOTHUB_CLIENT_CONFIRMATION_OK"
6909,10408152797,10408152851,1,"IOTHUB_CLIENT_CONFIRMATION_OK"
6910,10408152997,10408153064,1,"IOTHUB_CLIENT_CONFIRMATION_OK"
6911,10408153197,10408153279,1,"IOTHUB_CLIENT_CONFIRMATION_OK"
6912,10408153397,10408153441,1,"IOTHUB_CLIENT_CONFIRMATION_OK"
6913,10408153598,10408153660,1,"IOTHUB_CLIENT_CONFIRMATION_OK"
6914,10408153798,10408153936,1,"IOTHUB_CLIENT_CONFIRMATION_OK"
6915,10408153998,10408154046,1,"IOTHUB_CLIENT_CONFIRMATION_OK"
6916,10408154198,10408154239,1,"IOTHUB_CLIENT_CONFIRMATION_OK"
6917,10408154398,10408154445,1,"IOTHUB_CLIENT_CONFIRMATION_OK"
6918,10408154599,10408154673,1,"IOTHUB_CLIENT_CONFIRMATION_OK"
6919,10408154799,10408154861,1,"IOTHUB_CLIENT_CONFIRMATION_OK"
6920,10408154999,10408155068,1,"IOTHUB_CLIENT_CONFIRMATION_OK"
6921,10408155199,10408155247,1,"IOTHUB_CLIENT_CONFIRMATION_OK"
6922,10408155399,10408155524,1,"IOTHUB_CLIENT_CONFIRMATION_OK"
6923,10408155599,10408155777,1,"IOTHUB_CLIENT_CONFIRMATION_OK"
6924,10408155799,10408155847,1,"IOTHUB_CLIENT_CONFIRMATION_OK"
6925,10408156000,10408156049,1,"IOTHUB_CLIENT_CONFIRMATION_OK"
6926,10408156200,10408156380,1,"IOTHUB_CLIENT_CONFIRMATION_OK"
6927,10408156400,10408156436,1,"IOTHUB_CLIENT_CONFIRMATION_OK"
6928,10408156600,10408156769,1,"IOTHUB_CLIENT_CONFIRMATION_OK"
6929,10408156800,10408156883,1,"IOTHUB_CLIENT_CONFIRMATION_OK"
6930,10408157000,10408157176,1,"IOTHUB_CLIENT_CONFIRMATION_OK"
6931,10408157201,10408157262,1,"IOTHUB_CLIENT_CONFIRMATION_OK"
6932,10408157401,10408157446,1,"IOTHUB_CLIENT_CONFIRMATION_OK"
6933,10408157601,10408157662,1,"IOTHUB_CLIENT_CONFIRMATION_OK"
6934,10408157801,10408157856,1,"IOTHUB_CLIENT_CONFIRMATION_OK"
6935,10408158001,10408158039,1,"IOTHUB_CLIENT_CONFIRMATION_OK"
6936,10408158201,10408158249,1,"IOTHUB_CLIENT_CONFIRMATION_OK"
6937,10408158402,10408158457,1,"IOTHUB_CLIENT_CONFIRMATION_OK"
6938,10408158602,10408158649,1,"IOTHUB_CLIENT_CONFIRMATION_OK"
6939,10408158802,10408158856,1,"IOTHUB_CLIENT_CONFIRMATION_OK"
6940,10408159002,10408159052,1,"IOTHUB_CLIENT_CONFIRMATION_OK"
6941,10408159202,10408159246,1,"IOTHUB_CLIENT_CONFIRMATION_OK"
6942,10408159402,10408159462,1,"IOTHUB_CLIENT_CONFIRMATION_OK"
6943,10408159603,10408159711,1,"IOTHUB_CLIENT_CONFIRMATION_OK"
6944,10408159803,10408159886,1,"IOTHUB_CLIENT_CONFIRMATION_OK"
6945,10408160003,10408160071,1,"IOTHUB_CLIENT_CONFIRMATION_OK"
6946,10408160203,10408160293,1,"IOTHUB_CLIENT_CONFIRMATION_OK"
6947,10408160403,10408160502,1,"IOTHUB_CLIENT_CONFIRMATION_OK"
6948,10408160603,10408160647,1,"IOTHUB_CLIENT_CONFIRMATION_OK"
6949,10408160803,10408160849,1,"IOTHUB_CLIENT_CONFIRMATION_OK"
6950,10408161004,10408161044,1,"IOTHUB_CLIENT_CONFIRMATION_OK"
6951,10408161204,10408161256,1,"IOTHUB_CLIENT_CONFIRMATION_OK"
6952,10408161404,10408161466,1,"IOTHUB_CLIENT_CONFIRMATION_OK"
6953,10408161604,10408161648,1,"IOTHUB_CLIENT_CONFIRMATION_OK"
6954,10408161804,10408161850,1,"IOTHUB_CLIENT_CONFIRMATION_OK"
6955,10408162004,10408162043,1,"IOTHUB_CLIENT_CONFIRMATION_OK"
6956,10408162205,10408162238,1,"IOTHUB_CLIENT_CONFIRMATION_OK"
6957,10408162405,10408162448,1,"IOTHUB_CLIENT_CONFIRMATION_OK"
6958,10408162605,10408162662,1,"IOTHUB_CLIENT_CONFIRMATION_OK"
6959,10408162805,10408162853,1,"IOTHUB_CLIENT_CONFIRMATION_OK"
6960,10408163005,10408163100,1,"IOTHUB_CLIENT_CONFIRMATION_OK"
6961,10408163205,10408163244,1,"IOTHUB_CLIENT_CONFIRMATION_OK"
6962,10408163405,10408163454,1,"IOTHUB_CLIENT_CONFIRMATION_OK"
6963,10408163606,10408163647,1,"IOTHUB_CLIENT_CONFIRMATION_OK"
6964,10408163806,10408163853,1,"IOTHUB_CLIENT_CONFIRMATION_OK"
6965,10408164006,10408164058,1,"IOTHUB_CLIENT_CONFIRMATION_OK"
6966,10408164206,10408164269,1,"IOTHUB_CLIENT_CONFIRMATION_OK"
6967,10408164406,10408164450,1,"IOTHUB_CLIENT_CONFIRMATION_OK"
6968,10408164607,10408164783,1,"IOTHUB_CLIENT_CONFIRMATION_OK"
6969,10408164807,10408164860,1,"IOTHUB_CLIENT_CONFIRMATION_OK"
6970,10408165007,10408165061,1,"IOTHUB_CLIENT_CONFIRMATION_OK"
6971,10408165207,10408165274,1,"IOTHUB_CLIENT_CONFIRMATION_OK"
6972,10408165407,10408165455,1,"IOTHUB_CLIENT_CONFIRMATION_OK"
6973,10408165607,10408165680,1,"IOTHUB_CLIENT_CONFIRMATION_OK"
6974,10408165807,10408165858,1,"IOTHUB_CLIENT_CONFIRMATION_OK"
6975,10408166008,10408166067,1,"IOTHUB_CLIENT_CONFIRMATION_OK"
6976,10408166208,10408166266,1,"IOTHUB_CLIENT_CONFIRMATION_OK"
6977,10408166408,10408166471,1,"IOTHUB_CLIENT_CONFIRMATION_OK"
6978,10408166608,10408166652,1,"IOTHUB_CLIENT_CONFIRMATION_OK"
6979,10408166808,10408166895,1,"IOTHUB_CLIENT_CONFIRMATION_OK"
6980,10408167008,10408167044,1,"IOTHUB_CLIENT_CONFIRMATION_OK"
6981,10408167209,10408167255,1,"IOTHUB_CLIENT_CONFIRMATION_OK"
6982,10408167409,10408167448,1,"IOTHUB_CLIENT_CONFIRMATION_OK"
6983,10408167609,10408167687,1,"IOTHUB_CLIENT_CONFIRMATION_OK"
6984,10408167809,10408167860,1,"IOTHUB_CLIENT_CONFIRMATION_OK"
6985,10408168009,10408168054,1,"IOTHUB_CLIENT_CONFIRMATION_OK"
6986,10408168209,10408168303,1,"IOTHUB_CLIENT_CONFIRMATION_OK"
6987,10408168409,10408168449,1,"IOTHUB_CLIENT_CONFIRMATION_OK"
6988,10408168610,10408168654,1,"IOTHUB_CLIENT_CONFIRMATION_OK"
6989,10408168810,10408168860,1,"IOTHUB_CLIENT_CONFIRMATION_OK"
6990,10408169010,10408169059,1,"IOTHUB_CLIENT_CONFIRMATION_OK"
6991,10408169210,10408169263,1,"IOTHUB_CLIENT_CONFIRMATION_OK"
6992,10408169410,10408169464,1,"IOTHUB_CLIENT_CONFIRMATION_OK"
6993,10408169610,10408169656,1,"IOTHUB_CLIENT_CONFIRMATION_OK"
6994,10408169811,10408169973,1,"IOTHUB_CLIENT_CONFIRMATION_OK"
6995,10408170011,10408170051,1,"IOTHUB_CLIENT_CONFIRMATION_OK"
6996,10408170211,10408170378,1,"IOTHUB_CLIENT_CONFIRMATION_OK"
6997,10408170411,10408170461,1,"IOTHUB_CLIENT_CONFIRMATION_OK"
6998,10408170611,10408170646,1,"IOTHUB_CLIENT_CONFIRMATION_OK"
6999,10408170811,10408170891,1,"IOTHUB_CLIENT_CONFIRMATION_OK"
7000,10408171012,10408171073,1,"IOTHUB_CLIENT_CONFIRMATION_OK"
7001,10408171212,10408171281,1,"IOTHUB_CLIENT_CONFIRMATION_OK"
7002,10408171412,10408171453,1,"IOTHUB_CLIENT_CONFIRMATION_OK"
7003,10408171612,10408171651,1,"IOTHUB_CLIENT_CONFIRMATION_OK"
7004,10408171812,10408171859,1,"IOTHUB_CLIENT_CONFIRMATION_OK"
7005,10408172012,10408172120,1,"IOTHUB_CLIENT_CONFIRMATION_OK"
7006,10408172212,10408172263,1,"IOTHUB_CLIENT_CONFIRMATION_OK"
7007,10408172413,10408172448,1,"IOTHUB_CLIENT_CONFIRMATION_OK"
7008,10408172613,10408172672,1,"IOTHUB_CLIENT_CONFIRMATION_OK"
7009,10408172813,10408172852,1,"IOTHUB_CLIENT_CONFIRMATION_OK"
7010,10408173013,10408173064,1,"IOTHUB_CLIENT_CONFIRMATION_OK"
7011,10408173213,10408173251,1,"IOTHUB_CLIENT_CONFIRMATION_OK"
7012,10408173413,10408173461,1,"IOTHUB_CLIENT_CONFIRMATION_OK"
7013,10408173613,10408173669,1,"IOTHUB_CLIENT_CONFIRMATION_OK"
7014,10408173814,10408173963,1,"IOTHUB_CLIENT_CONFIRMATION_OK"
7015,10408174014,10408174068,1,"IOTHUB_CLIENT_CONFIRMATION_OK"
7016,10408174214,10408174277,1,"IOTHUB_CLIENT_CONFIRMATION_OK"
7017,10408174414,10408174461,1,"IOTHUB_CLIENT_CONFIRMATION_OK"
7018,10408174614,10408174684,1,"IOTHUB_CLIENT_CONFIRMATION_OK"
7019,10408174814,10408174857,1,"IOTHUB_CLIENT_CONFIRMATION_OK"
7020,10408175015,10408175095,1,"IOTHUB_CLIENT_CONFIRMATION_OK"
7021,10408175215,10408175262,1,"IOTHUB_CLIENT_CONFIRMATION_OK"
7022,10408175415,10408175468,1,"IOTHUB_CLIENT_CONFIRMATION_OK"
7023,10408175615,10408175709,1,"IOTHUB_CLIENT_CONFIRMATION_OK"
7024,10408175815,10408175865,1,"IOTHUB_CLIENT_CONFIRMATION_OK"
7025,10408176015,10408176067,1,"IOTHUB_CLIENT_CONFIRMATION_OK"
7026,10408176216,10408176290,1,"IOTHUB_CLIENT_CONFIRMATION_OK"
7027,10408176416,10408176473,1,"IOTHUB_CLIENT_CONFIRMATION_OK"
7028,10408176616,10408176663,1,"IOTHUB_CLIENT_CONFIRMATION_OK"
7029,10408176816,10408176856,1,"IOTHUB_CLIENT_CONFIRMATION_OK"
7030,10408177016,10408177060,1,"IOTHUB_CLIENT_CONFIRMATION_OK"
7031,10408177216,10408177284,1,"IOTHUB_CLIENT_CONFIRMATION_OK"
7032,10408177416,10408177465,1,"IOTHUB_CLIENT_CONFIRMATION_OK"
7033,10408177617,10408177717,1,"IOTHUB_CLIENT_CONFIRMATION_OK"
7034,10408177817,10408177874,1,"IOTHUB_CLIENT_CONFIRMATION_OK"
7035,10408178017,10408178062,1,"IOTHUB_CLIENT_CONFIRMATION_OK"
7036,10408178217,10408178333,1,"IOTHUB_CLIENT_CONFIRMATION_OK"
7037,10408178417,10408178471,1,"IOTHUB_CLIENT_CONFIRMATION_OK"
7038,10408178617,10408178667,1,"IOTHUB_CLIENT_CONFIRMATION_OK"
7039,10408178818,10408178865,1,"IOTHUB_CLIENT_CONFIRMATION_OK"
7040,10408179018,10408179096,1,"IOTHUB_CLIENT_CONFIRMATION_OK"
7041,10408179218,10408179261,1,"IOTHUB_CLIENT_CONFIRMATION_OK"
7042,10408179418,10408179455,1,"IOTHUB_CLIENT_CONFIRMATION_OK"
7043,10408179618,10408179684,1,"IOTHUB_CLIENT_CONFIRMATION_OK"
7044,10408179818,10408179856,1,"IOTHUB_CLIENT_CONFIRMATION_OK"
7045,10408180019,10408180068,1,"IOTHUB_CLIENT_CONFIRMATION_OK"
7046,10408180219,10408180360,1,"IOTHUB_CLIENT_CONFIRMATION_OK"
7047,10408180419,10408180484,1,"IOTHUB_CLIENT_CONFIRMATION_OK"
7048,10408180619,10408180661,1,"IOTHUB_CLIENT_CONFIRMATION_OK"
7049,10408180819,10408180854,1,"IOTHUB_CLIENT_CONFIRMATION_OK"
7050,10408181019,10408181081,1,"IOTHUB_CLIENT_CONFIRMATION_OK"
7051,10408181219,10408181257,1,"IOTHUB_CLIENT_CONFIRMATION_OK"
7052,10408181420,10408181463,1,"IOTHUB_CLIENT_CONFIRMATION_OK"
7053,10408181620,10408181662,1,"IOTHUB_CLIENT_CONFIRMATION_OK"
7054,10408181820,10408181873,1,"IOTHUB_CLIENT_CONFIRMATION_OK"
7055,10408182020,10408182060,1,"IOTHUB_CLIENT_CONFIRMATION_OK"
7056,10408182220,10408182266,1,"IOTHUB_CLIENT_CONFIRMATION_OK"
7057,10408182420,10408182473,1,"IOTHUB_CLIENT_CONFIRMATION_OK"
7058,10408182621,10408182679,1,"IOTHUB_CLIENT_CONFIRMATION_OK"
7059,10408182821,10408182865,1,"IOTHUB_CLIENT_CONFIRMATION_OK"
7060,10408183021,10408183094,1,"IOTHUB_CLIENT_CONFIRMATION_OK"
7061,10408183221,10408183286,1,"IOTHUB_CLIENT_CONFIRMATION_OK"
7062,10408183421,10408183454,1,"IOTHUB_CLIENT_CONFIRMATION_OK"
7063,10408183621,10408183677,1,"IOTHUB_CLIENT_CONFIRMATION_OK"
7064,10408183821,10408183882,1,"IOTHUB_CLIENT_CONFIRMATION_OK"
7065,10408184022,10408184171,1,"IOTHUB_CLIENT_CONFIRMATION_OK"
7066,10408184222,10408184261,1,"IOTHUB_CLIENT_CONFIRMATION_OK"
7067,10408184422,10408184496,1,"IOTHUB_CLIENT_CONFIRMATION_OK"
7068,10408184622,10408184678,1,"IOTHUB_CLIENT_CONFIRMATION_OK"
7069,10408184822,10408184884,1,"IOTHUB_CLIENT_CONFIRMATION_OK"
7070,10408185022,10408185143,1,"IOTHUB_CLIENT_CONFIRMATION_OK"
7071,10408185223,10408185277,1,"IOTHUB_CLIENT_CONFIRMATION_OK"
7072,10408185423,10408185487,1,"IOTHUB_CLIENT_CONFIRMATION_OK"
7073,10408185623,10408185771,1,"IOTHUB_CLIENT_CONFIRMATION_OK"
7074,10408185823,10408185862,1,"IOTHUB_CLIENT_CONFIRMATION_OK"
7075,10408186023,10408186070,1,"IOTHUB_CLIENT_CONFIRMATION_OK"
7076,10408186223,10408186297,1,"IOTHUB_CLIENT_CONFIRMATION_OK"
7077,10408186424,10408186466,1,"IOTHUB_CLIENT_CONFIRMATION_OK"
7078,10408186624,10408186665,1,"IOTHUB_CLIENT_CONFIRMATION_OK"
7079,10408186824,10408186866,1,"IOTHUB_CLIENT_CONFIRMATION_OK"
7080,10408187024,10408187070,1,"IOTHUB_CLIENT_CONFIRMATION_OK"
7081,10408187224,10408187261,1,"IOTHUB_CLIENT_CONFIRMATION_OK"
7082,10408187424,10408187482,1,"IOTHUB_CLIENT_CONFIRMATION_OK"
7083,10408187624,10408187732,1,"IOTHUB_CLIENT_CONFIRMATION_OK"
7084,10408187825,10408187878,1,"IOTHUB_CLIENT_CONFIRMATION_OK"
7085,10408188025,10408188078,1,"IOTHUB_CLIENT_CONFIRMATION_OK"
7086,10408188225,10408188340,1,"IOTHUB_CLIENT_CONFIRMATION_OK"
7087,10408188425,10408188476,1,"IOTHUB_CLIENT_CONFIRMATION_OK"
7088,10408188625,10408188703,1,"IOTHUB_CLIENT_CONFIRMATION_OK"
7089,10408188825,10408188889,1,"IOTHUB_CLIENT_CONFIRMATION_OK"
7090,10408189026,10408189087,1,"IOTHUB_CLIENT_CONFIRMATION_OK"
7091,10408189226,10408189269,1,"IOTHUB_CLIENT_CONFIRMATION_OK"
7092,10408189426,10408189476,1,"IOTHUB_CLIENT_CONFIRMATION_OK"
7093,10408189626,10408189670,1,"IOTHUB_CLIENT_CONFIRMATION_OK"
7094,10408189826,10408189887,1,"IOTHUB_CLIENT_CONFIRMATION_OK"
7095,10408190026,10408190071,1,"IOTHUB_CLIENT_CONFIRMATION_OK"
7096,10408190227,10408190285,1,"IOTHUB_CLIENT_CONFIRMATION_OK"
7097,10408190427,10408190479,1,"IOTHUB_CLIENT_CONFIRMATION_OK"
7098,10408190627,10408190685,1,"IOTHUB_CLIENT_CONFIRMATION_OK"
7099,10408190827,10408190881,1,"IOTHUB_CLIENT_CONFIRMATION_OK"
7100,10408191027,10408191068,1,"IOTHUB_CLIENT_CONFIRMATION_OK"
7101,10408191227,10408191265,1,"IOTHUB_CLIENT_CONFIRMATION_OK"
7102,10408191427,10408191488,1,"IOTHUB_CLIENT_CONFIRMATION_OK"
7103,10408191628,10408191778,1,"IOTHUB_CLIENT_CONFIRMATION_OK"
7104,10408191828,10408191869,1,"IOTHUB_CLIENT_CONFIRMATION_OK"
7105,10408192028,10408192076,1,"IOTHUB_CLIENT_CONFIRMATION_OK"
7106,10408192228,10408192385,1,"IOTHUB_CLIENT_CONFIRMATION_OK"
7107,10408192428,10408192477,1,"IOTHUB_CLIENT_CONFIRMATION_OK"
7108,10408192628,10408192687,1,"IOTHUB_CLIENT_CONFIRMATION_OK"
7109,10408192829,10408192912,1,"IOTHUB_CLIENT_CONFIRMATION_OK"
7110,10408193029,10408193072,1,"IOTHUB_CLIENT_CONFIRMATION_OK"
7111,10408193229,10408193279,1,"IOTHUB_CLIENT_CONFIRMATION_OK"
7112,10408193429,10408193478,1,"IOTHUB_CLIENT_CONFIRMATION_OK"
7113,10408193629,10408193676,1,"IOTHUB_CLIENT_CONFIRMATION_OK"
7114,10408193829,10408193921,1,"IOTHUB_CLIENT_CONFIRMATION_OK"
7115,10408194030,10408194091,1,"IOTHUB_CLIENT_CONFIRMATION_OK"
7116,10408194230,10408194306,1,"IOTHUB_CLIENT_CONFIRMATION_OK"
7117,10408194430,10408194478,1,"IOTHUB_CLIENT_CONFIRMATION_OK"
7118,10408194630,10408194690,1,"IOTHUB_CLIENT_CONFIRMATION_OK"
7119,10408194830,10408194877,1,"IOTHUB_CLIENT_CONFIRMATION_OK"
7120,10408195030,10408195070,1,"IOTHUB_CLIENT_CONFIRMATION_OK"
7121,10408195230,10408195309,1,"IOTHUB_CLIENT_CONFIRMATION_OK"
7122,10408195431,10408195492,1,"IOTHUB_CLIENT_CONFIRMATION_OK"
7123,10408195631,10408195677,1,"IOTHUB_CLIENT_CONFIRMATION_OK"
7124,10408195831,10408195872,1,"IOTHUB_CLIENT_CONFIRMATION_OK"
7125,10408196031,10408196123,1,"IOTHUB_CLIENT_CONFIRMATION_OK"
7126,10408196231,10408196298,1,"IOTHUB_CLIENT_CONFIRMATION_OK"
7127,10408196431,10408196495,1,"IOTHUB_CLIENT_CONFIRMATION_OK"
7128,10408196632,10408196681,1,"IOTHUB_CLIENT_CONFIRMATION_OK"
7129,10408196832,10408196870,1,"IOTHUB_CLIENT_CONFIRMATION_OK"
7130,10408197032,10408197117,1,"IOTHUB_CLIENT_CONFIRMATION_OK"
7131,10408197232,10408197358,1,"IOTHUB_CLIENT_CONFIRMATION_OK"
7132,10408197432,10408197473,1,"IOTHUB_CLIENT_CONFIRMATION_OK"
7133,10408197632,10408197691,1,"IOTHUB_CLIENT_CONFIRMATION_OK"
7134,10408197832,10408197897,1,"IOTHUB_CLIENT_CONFIRMATION_OK"
7135,10408198033,10408198075,1,"IOTHUB_CLIENT_CONFIRMATION_OK"
7136,10408198233,10408198299,1,"IOTHUB_CLIENT_CONFIRMATION_OK"
7137,10408198433,10408198479,1,"IOTHUB_CLIENT_CONFIRMATION_OK"
7138,10408198633,10408198676,1,"IOTHUB_CLIENT_CONFIRMATION_OK"
7139,10408198833,10408198881,1,"IOTHUB_CLIENT_CONFIRMATION_OK"
7140,10408199033,10408199080,1,"IOTHUB_CLIENT_CONFIRMATION_OK"
7141,10408199234,10408199274,1,"IOTHUB_CLIENT_CONFIRMATION_OK"
7142,10408199434,10408199476,1,"IOTHUB_CLIENT_CONFIRMATION_OK"
7143,10408199634,10408199754,1,"IOTHUB_CLIENT_CONFIRMATION_OK"
7144,10408199834,10408199873,1,"IOTHUB_CLIENT_CONFIRMATION_OK"
7145,10408200034,10408200076,1,"IOTHUB_CLIENT_CONFIRMATION_OK"
7146,10408200234,10408200347,1,"IOTHUB_CLIENT_CONFIRMATION_OK"
7147,10408200435,10408200492,1,"IOTHUB_CLIENT_CONFIRMATION_OK"
7148,10408200635,10408200675,1,"IOTHUB_CLIENT_CONFIRMATION_OK"
7149,10408200835,10408200890,1,"IOTHUB_CLIENT_CONFIRMATION_OK"
7150,10408201035,10408201092,1,"IOTHUB_CLIENT_CONFIRMATION_OK"
7151,10408201235,10408201294,1,"IOTHUB_CLIENT_CONFIRMATION_OK"
7152,10408201435,10408201482,1,"IOTHUB_CLIENT_CONFIRMATION_OK"
7153,10408201635,10408201731,1,"IOTHUB_CLIENT_CONFIRMATION_OK"
7154,10408201836,10408201893,1,"IOTHUB_CLIENT_CONFIRMATION_OK"
7155,10408202036,10408202078,1,"IOTHUB_CLIENT_CONFIRMATION_OK"
7156,10408202236,10408202305,1,"IOTHUB_CLIENT_CONFIRMATION_OK"
7157,10408202436,10408202479,1,"IOTHUB_CLIENT_CONFIRMATION_OK"
7158,10408202636,10408202713,1,"IOTHUB_CLIENT_CONFIRMATION_OK"
7159,10408202836,10408202899,1,"IOTHUB_CLIENT_CONFIRMATION_OK"
7160,10408203037,10408203080,1,"IOTHUB_CLIENT_CONFIRMATION_OK"
7161,10408203237,10408203286,1,"IOTHUB_CLIENT_CONFIRMATION_OK"
7162,10408203437,10408203513,1,"IOTHUB_CLIENT_CONFIRMATION_OK"
7163,10408203637,10408203713,1,"IOTHUB_CLIENT_CONFIRMATION_OK"
7164,10408203837,10408203930,1,"IOTHUB_CLIENT_CONFIRMATION_OK"
7165,10408204037,10408204103,1,"IOTHUB_CLIENT_CONFIRMATION_OK"
7166,10408204238,10408204319,1,"IOTHUB_CLIENT_CONFIRMATION_OK"
7167,10408204438,10408204482,1,"IOTHUB_CLIENT_CONFIRMATION_OK"
7168,10408204638,10408204688,1,"IOTHUB_CLIENT_CONFIRMATION_OK"
7169,10408204838,10408204885,1,"IOTHUB_CLIENT_CONFIRMATION_OK"
7170,10408205038,10408205077,1,"IOTHUB_CLIENT_CONFIRMATION_OK"
7171,10408205238,10408205303,1,"IOTHUB_CLIENT_CONFIRMATION_OK"
7172,10408205439,10408205494,1,"IOTHUB_CLIENT_CONFIRMATION_OK"
7173,10408205639,10408205738,1,"IOTHUB_CLIENT_CONFIRMATION_OK"
7174,10408205839,10408205905,1,"IOTHUB_CLIENT_CONFIRMATION_OK"
7175,10408206039,10408206091,1,"IOTHUB_CLIENT_CONFIRMATION_OK"
7176,10408206239,10408206275,1,"IOTHUB_CLIENT_CONFIRMATION_OK"
7177,10408206439,10408206482,1,"IOTHUB_CLIENT_CONFIRMATION_OK"
7178,10408206639,10408206700,1,"IOTHUB_CLIENT_CONFIRMATION_OK"
7179,10408206840,10408206895,1,"IOTHUB_CLIENT_CONFIRMATION_OK"
7180,10408207040,10408207077,1,"IOTHUB_CLIENT_CONFIRMATION_OK"
7181,10408207240,10408207309,1,"IOTHUB_CLIENT_CONFIRMATION_OK"
7182,10408207440,10408207495,1,"IOTHUB_CLIENT_CONFIRMATION_OK"
7183,10408207640,10408207685,1,"IOTHUB_CLIENT_CONFIRMATION_OK"
7184,10408207840,10408207883,1,"IOTHUB_CLIENT_CONFIRMATION_OK"
7185,10408208041,10408208085,1,"IOTHUB_CLIENT_CONFIRMATION_OK"
7186,10408208241,10408208402,1,"IOTHUB_CLIENT_CONFIRMATION_OK"
7187,10408208441,10408208479,1,"IOTHUB_CLIENT_CONFIRMATION_OK"
7188,10408208641,10408208697,1,"IOTHUB_CLIENT_CONFIRMATION_OK"
7189,10408208841,10408208892,1,"IOTHUB_CLIENT_CONFIRMATION_OK"
7190,10408209041,10408209102,1,"IOTHUB_CLIENT_CONFIRMATION_OK"
7191,10408209241,10408209285,1,"IOTHUB_CLIENT_CONFIRMATION_OK"
7192,10408209442,10408209501,1,"IOTHUB_CLIENT_CONFIRMATION_OK"
7193,10408209642,10408209699,1,"IOTHUB_CLIENT_CONFIRMATION_OK"
7194,10408209842,10408209891,1,"IOTHUB_CLIENT_CONFIRMATION_OK"
7195,10408210042,10408210094,1,"IOTHUB_CLIENT_CONFIRMATION_OK"
7196,10408210242,10408210325,1,"IOTHUB_CLIENT_CONFIRMATION_OK"
7197,10408210442,10408210512,1,"IOTHUB_CLIENT_CONFIRMATION_OK"
7198,10408210642,10408210685,1,"IOTHUB_CLIENT_CONFIRMATION_OK"
7199,10408210843,10408210890,1,"IOTHUB_CLIENT_CONFIRMATION_OK"
7200,10408211043,10408211090,1,"IOTHUB_CLIENT_CONFIRMATION_OK"
7201,10408211243,10408211278,1,"IOTHUB_CLIENT_CONFIRMATION_OK"
7202,10408211443,10408211497,1,"IOTHUB_CLIENT_CONFIRMATION_OK"
7203,10408211643,10408211697,1,"IOTHUB_CLIENT_CONFIRMATION_OK"
7204,10408211843,10408211899,1,"IOTHUB_CLIENT_CONFIRMATION_OK"
7205,10408212044,10408212088,1,"IOTHUB_CLIENT_CONFIRMATION_OK"
7206,10408212244,10408212327,1,"IOTHUB_CLIENT_CONFIRMATION_OK"
7207,10408212444,10408212491,1,"IOTHUB_CLIENT_CONFIRMATION_OK"
7208,10408212644,10408212681,1,"IOTHUB_CLIENT_CONFIRMATION_OK"
7209,10408212844,10408212898,1,"IOTHUB_CLIENT_CONFIRMATION_OK"
7210,10408213044,10408213094,1,"IOTHUB_CLIENT_CONFIRMATION_OK"
7211,10408213245,10408213292,1,"IOTHUB_CLIENT_CONFIRMATION_OK"
7212,10408213445,10408213482,1,"IOTHUB_CLIENT_CONFIRMATION_OK"
7213,10408213645,10408213754,1,"IOTHUB_CLIENT_CONFIRMATION_OK"
7214,10408213845,10408213909,1,"IOTHUB_CLIENT_CONFIRMATION_OK"
7215,10408214045,10408214082,1,"IOTHUB_CLIENT_CONFIRMATION_OK"
7216,10408214245,10408214367,1,"IOTHUB_CLIENT_CONFIRMATION_OK"
7217,10408214446,10408214495,1,"IOTHUB_CLIENT_CONFIRMATION_OK"
7218,10408214646,10408214882,1,"IOTHUB_CLIENT_CONFIRMATION_OK"
7219,10408214846,10408214946,1,"IOTHUB_CLIENT_CONFIRMATION_OK"
7220,10408215046,10408215096,1,"IOTHUB_CLIENT_CONFIRMATION_OK"
7221,10408215246,10408215289,1,"IOTHUB_CLIENT_CONFIRMATION_OK"
7222,10408215446,10408215494,1,"IOTHUB_CLIENT_CONFIRMATION_OK"
7223,10408215646,10408215725,1,"IOTHUB_CLIENT_CONFIRMATION_OK"
7224,10408215847,10408215885,1,"IOTHUB_CLIENT_CONFIRMATION_OK"
7225,10408216047,10408216088,1,"IOTHUB_CLIENT_CONFIRMATION_OK"
7226,10408216247,10408216309,1,"IOTHUB_CLIENT_CONFIRMATION_OK"
7227,10408216447,10408216499,1,"IOTHUB_CLIENT_CONFIRMATION_OK"
7228,10408216647,10408216700,1,"IOTHUB_CLIENT_CONFIRMATION_OK"
7229,10408216847,10408216893,1,"IOTHUB_CLIENT_CONFIRMATION_OK"
7230,10408217048,10408217127,1,"IOTHUB_CLIENT_CONFIRMATION_OK"
7231,10408217248,10408217304,1,"IOTHUB_CLIENT_CONFIRMATION_OK"
7232,10408217448,10408217509,1,"IOTHUB_CLIENT_CONFIRMATION_OK"
7233,10408217648,10408217768,1,"IOTHUB_CLIENT_CONFIRMATION_OK"
7234,10408217848,10408217902,1,"IOTHUB_CLIENT_CONFIRMATION_OK"
7235,10408218048,10408218091,1,"IOTHUB_CLIENT_CONFIRMATION_OK"
7236,10408218249,10408218347,1,"IOTHUB_CLIENT_CONFIRMATION_OK"
7237,10408218449,10408218492,1,"IOTHUB_CLIENT_CONFIRMATION_OK"
7238,10408218649,10408218691,1,"IOTHUB_CLIENT_CONFIRMATION_OK"
7239,10408218849,10408218892,1,"IOTHUB_CLIENT_CONFIRMATION_OK"
7240,10408219049,10408219098,1,"IOTHUB_CLIENT_CONFIRMATION_OK"
7241,10408219249,10408219453,1,"IOTHUB_CLIENT_CONFIRMATION_OK"
7242,10408219449,10408219510,1,"IOTHUB_CLIENT_CONFIRMATION_OK"
7243,10408219650,10408219728,1,"IOTHUB_CLIENT_CONFIRMATION_OK"
7244,10408219850,10408219901,1,"IOTHUB_CLIENT_CONFIRMATION_OK"
7245,10408220050,10408220104,1,"IOTHUB_CLIENT_CONFIRMATION_OK"
7246,10408220250,10408220391,1,"IOTHUB_CLIENT_CONFIRMATION_OK"
7247,10408220450,10408220585,1,"IOTHUB_CLIENT_CONFIRMATION_OK"
7248,10408220650,10408220698,1,"IOTHUB_CLIENT_CONFIRMATION_OK"
7249,10408220851,10408220889,1,"IOTHUB_CLIENT_CONFIRMATION_OK"
7250,10408221051,10408221106,1,"IOTHUB_CLIENT_CONFIRMATION_OK"
7251,10408221251,10408221306,1,"IOTHUB_CLIENT_CONFIRMATION_OK"
7252,10408221451,10408221496,1,"IOTHUB_CLIENT_CONFIRMATION_OK"
7253,10408221651,10408221731,1,"IOTHUB_CLIENT_CONFIRMATION_OK"
7254,10408221851,10408221890,1,"IOTHUB_CLIENT_CONFIRMATION_OK"
7255,10408222052,10408222101,1,"IOTHUB_CLIENT_CONFIRMATION_OK"
7256,10408222252,10408222310,1,"IOTHUB_CLIENT_CONFIRMATION_OK"
7257,10408222452,10408222517,1,"IOTHUB_CLIENT_CONFIRMATION_OK"
7258,10408222652,10408222694,1,"IOTHUB_CLIENT_CONFIRMATION_OK"
7259,10408222852,10408222899,1,"IOTHUB_CLIENT_CONFIRMATION_OK"
7260,10408223052,10408223101,1,"IOTHUB_CLIENT_CONFIRMATION_OK"
7261,10408223252,10408223291,1,"IOTHUB_CLIENT_CONFIRMATION_OK"
7262,10408223453,10408223495,1,"IOTHUB_CLIENT_CONFIRMATION_OK"
7263,10408223653,10408223692,1,"IOTHUB_CLIENT_CONFIRMATION_OK"
7264,10408223853,10408223902,1,"IOTHUB_CLIENT_CONFIRMATION_OK"
7265,10408224053,10408224096,1,"IOTHUB_CLIENT_CONFIRMATION_OK"
7266,10408224253,10408224311,1,"IOTHUB_CLIENT_CONFIRMATION_OK"
7267,10408224453,10408224493,1,"IOTHUB_CLIENT_CONFIRMATION_OK"
7268,10408224654,10408224691,1,"IOTHUB_CLIENT_CONFIRMATION_OK"
7269,10408224854,10408224917,1,"IOTHUB_CLIENT_CONFIRMATION_OK"
7270,10408225054,10408225098,1,"IOTHUB_CLIENT_CONFIRMATION_OK"
7271,10408225254,10408225320,1,"IOTHUB_CLIENT_CONFIRMATION_OK"
7272,10408225454,10408225498,1,"IOTHUB_CLIENT_CONFIRMATION_OK"
7273,10408225654,10408225762,1,"IOTHUB_CLIENT_CONFIRMATION_OK"
7274,10408225854,10408225889,1,"IOTHUB_CLIENT_CONFIRMATION_OK"
7275,10408226055,10408226095,1,"IOTHUB_CLIENT_CONFIRMATION_OK"
7276,10408226255,10408226453,1,"IOTHUB_CLIENT_CONFIRMATION_OK"
7277,10408226455,10408226516,1,"IOTHUB_CLIENT_CONFIRMATION_OK"
7278,10408226655,10408226699,1,"IOTHUB_CLIENT_CONFIRMATION_OK"
7279,10408226855,10408226894,1,"IOTHUB_CLIENT_CONFIRMATION_OK"
7280,10408227055,10408227101,1,"IOTHUB_CLIENT_CONFIRMATION_OK"
7281,10408227256,10408227293,1,"IOTHUB_CLIENT_CONFIRMATION_OK"
7282,10408227456,10408227538,1,"IOTHUB_CLIENT_CONFIRMATION_OK"
7283,10408227656,10408227723,1,"IOTHUB_CLIENT_CONFIRMATION_OK"
7284,10408227856,10408227913,1,"IOTHUB_CLIENT_CONFIRMATION_OK"
7285,10408228056,10408228131,1,"IOTHUB_CLIENT_CONFIRMATION_OK"
7286,10408228256,10408228405,1,"IOTHUB_CLIENT_CONFIRMATION_OK"
7287,10408228456,10408228517,1,"IOTHUB_CLIENT_CONFIRMATION_OK"
7288,10408228657,10408228718,1,"IOTHUB_CLIENT_CONFIRMATION_OK"
7289,10408228857,10408228906,1,"IOTHUB_CLIENT_CONFIRMATION_OK"
7290,10408229057,10408229095,1,"IOTHUB_CLIENT_CONFIRMATION_OK"
7291,10408229257,10408229314,1,"IOTHUB_CLIENT_CONFIRMATION_OK"
7292,10408229457,10408229504,1,"IOTHUB_CLIENT_CONFIRMATION_OK"
7293,10408229657,10408229722,1,"IOTHUB_CLIENT_CONFIRMATION_OK"
7294,10408229858,10408229906,1,"IOTHUB_CLIENT_CONFIRMATION_OK"
7295,10408230058,10408230106,1,"IOTHUB_CLIENT_CONFIRMATION_OK"
7296,10408230258,10408230334,1,"IOTHUB_CLIENT_CONFIRMATION_OK"
7297,10408230458,10408230528,1,"IOTHUB_CLIENT_CONFIRMATION_OK"
7298,10408230658,10408230710,1,"IOTHUB_CLIENT_CONFIRMATION_OK"
7299,10408230858,10408230901,1,"IOTHUB_CLIENT_CONFIRMATION_OK"
7300,10408231059,10408231103,1,"IOTHUB_CLIENT_CONFIRMATION_OK"
7301,10408231259,10408231312,1,"IOTHUB_CLIENT_CONFIRMATION_OK"
7302,10408231459,10408231550,1,"IOTHUB_CLIENT_CONFIRMATION_OK"
7303,10408231659,10408231713,1,"IOTHUB_CLIENT_CONFIRMATION_OK"
7304,10408231859,10408231914,1,"IOTHUB_CLIENT_CONFIRMATION_OK"
7305,10408232059,10408232105,1,"IOTHUB_CLIENT_CONFIRMATION_OK"
7306,10408232260,10408232300,1,"IOTHUB_CLIENT_CONFIRMATION_OK"
7307,10408232460,10408232519,1,"IOTHUB_CLIENT_CONFIRMATION_OK"
7308,10408232660,10408232721,1,"IOTHUB_CLIENT_CONFIRMATION_OK"
7309,10408232860,10408232907,1,"IOTHUB_CLIENT_CONFIRMATION_OK"
7310,10408233060,10408233140,1,"IOTHUB_CLIENT_CONFIRMATION_OK"
7311,10408233260,10408233317,1,"IOTHUB_CLIENT_CONFIRMATION_OK"
7312,10408233460,10408233506,1,"IOTHUB_CLIENT_CONFIRMATION_OK"
7313,10408233661,10408233714,1,"IOTHUB_CLIENT_CONFIRMATION_OK"
7314,10408233861,10408233906,1,"IOTHUB_CLIENT_CONFIRMATION_OK"
7315,10408234061,10408234126,1,"IOTHUB_CLIENT_CONFIRMATION_OK"
7316,10408234261,10408234333,1,"IOTHUB_CLIENT_CONFIRMATION_OK"
7317,10408234461,10408234497,1,"IOTHUB_CLIENT_CONFIRMATION_OK"
7318,10408234661,10408234712,1,"IOTHUB_CLIENT_CONFIRMATION_OK"
7319,10408234862,10408234927,1,"IOTHUB_CLIENT_CONFIRMATION_OK"
7320,10408235062,10408235118,1,"IOTHUB_CLIENT_CONFIRMATION_OK"
7321,10408235262,10408235313,1,"IOTHUB_CLIENT_CONFIRMATION_OK"
7322,10408235462,10408235512,1,"IOTHUB_CLIENT_CONFIRMATION_OK"
7323,10408235662,10408235779,1,"IOTHUB_CLIENT_CONFIRMATION_OK"
7324,10408235862,10408235904,1,"IOTHUB_CLIENT_CONFIRMATION_OK"
7325,10408236063,10408236119,1,"IOTHUB_CLIENT_CONFIRMATION_OK"
7326,10408236263,10408236379,1,"IOTHUB_CLIENT_CONFIRMATION_OK"
7327,10408236463,10408236530,1,"IOTHUB_CLIENT_CONFIRMATION_OK"
7328,10408236663,10408236718,1,"IOTHUB_CLIENT_CONFIRMATION_OK"
7329,10408236863,10408236917,1,"IOTHUB_CLIENT_CONFIRMATION_OK"
7330,10408237063,10408237109,1,"IOTHUB_CLIENT_CONFIRMATION_OK"
7331,10408237263,10408237450,1,"IOTHUB_CLIENT_CONFIRMATION_OK"
7332,10408237464,10408237505,1,"IOTHUB_CLIENT_CONFIRMATION_OK"
7333,10408237664,10408237723,1,"IOTHUB_CLIENT_CONFIRMATION_OK"
7334,10408237864,10408237911,1,"IOTHUB_CLIENT_CONFIRMATION_OK"
7335,10408238064,10408238106,1,"IOTHUB_CLIENT_CONFIRMATION_OK"
7336,10408238264,10408238339,1,"IOTHUB_CLIENT_CONFIRMATION_OK"
7337,10408238464,10408238502,1,"IOTHUB_CLIENT_CONFIRMATION_OK"
7338,10408238665,10408238711,1,"IOTHUB_CLIENT_CONFIRMATION_OK"
7339,10408238865,10408238915,1,"IOTHUB_CLIENT_CONFIRMATION_OK"
7340,10408239065,10408239111,1,"IOTHUB_CLIENT_CONFIRMATION_OK"
7341,10408239265,10408239313,1,"IOTHUB_CLIENT_CONFIRMATION_OK"
7342,10408239465,10408239511,1,"IOTHUB_CLIENT_CONFIRMATION_OK"
7343,10408239665,10408239720,1,"IOTHUB_CLIENT_CONFIRMATION_OK"
7344,10408239865,10408239919,1,"IOTHUB_CLIENT_CONFIRMATION_OK"
7345,10408240066,10408240118,1,"IOTHUB_CLIENT_CONFIRMATION_OK"
7346,10408240266,10408240324,1,"IOTHUB_CLIENT_CONFIRMATION_OK"
7347,10408240466,10408240519,1,"IOTHUB_CLIENT_CONFIRMATION_OK"
7348,10408240666,10408240709,1,"IOTHUB_CLIENT_CONFIRMATION_OK"
7349,10408240866,10408240918,1,"IOTHUB_CLIENT_CONFIRMATION_OK"
7350,10408241066,10408241113,1,"IOTHUB_CLIENT_CONFIRMATION_OK"
7351,10408241267,10408241308,1,"IOTHUB_CLIENT_CONFIRMATION_OK"
7352,10408241467,10408241533,1,"IOTHUB_CLIENT_CONFIRMATION_OK"
7353,10408241667,10408241776,1,"IOTHUB_CLIENT_CONFIRMATION_OK"
7354,10408241867,10408241905,1,"IOTHUB_CLIENT_CONFIRMATION_OK"
7355,10408242067,10408242105,1,"IOTHUB_CLIENT_CONFIRMATION_OK"
7356,10408242267,10408242382,1,"IOTHUB_CLIENT_CONFIRMATION_OK"
7357,10408242468,10408242562,1,"IOTHUB_CLIENT_CONFIRMATION_OK"
7358,10408242668,10408242741,1,"IOTHUB_CLIENT_CONFIRMATION_OK"
7359,10408242868,10408242904,1,"IOTHUB_CLIENT_CONFIRMATION_OK"
7360,10408243068,10408243118,1,"IOTHUB_CLIENT_CONFIRMATION_OK"
7361,10408243268,10408243313,1,"IOTHUB_CLIENT_CONFIRMATION_OK"
7362,10408243468,10408243588,1,"IOTHUB_CLIENT_CONFIRMATION_OK"
7363,10408243668,10408243823,1,"IOTHUB_CLIENT_CONFIRMATION_OK"
7364,10408243869,10408243908,1,"IOTHUB_CLIENT_CONFIRMATION_OK"
7365,10408244069,10408244122,1,"IOTHUB_CLIENT_CONFIRMATION_OK"
7366,10408244269,10408244438,1,"IOTHUB_CLIENT_CONFIRMATION_OK"
7367,10408244469,10408244519,1,"IOTHUB_CLIENT_CONFIRMATION_OK"
7368,10408244669,10408244721,1,"IOTHUB_CLIENT_CONFIRMATION_OK"
7369,10408244869,10408244905,1,"IOTHUB_CLIENT_CONFIRMATION_OK"
7370,10408245070,10408245113,1,"IOTHUB_CLIENT_CONFIRMATION_OK"
7371,10408245270,10408245324,1,"IOTHUB_CLIENT_CONFIRMATION_OK"
7372,10408245470,10408245518,1,"IOTHUB_CLIENT_CONFIRMATION_OK"
7373,10408245670,10408245723,1,"IOTHUB_CLIENT_CONFIRMATION_OK"
7374,10408245870,10408245915,1,"IOTHUB_CLIENT_CONFIRMATION_OK"
7375,10408246070,10408246162,1,"IOTHUB_CLIENT_CONFIRMATION_OK"
7376,10408246270,10408246377,1,"IOTHUB_CLIENT_CONFIRMATION_OK"
7377,10408246471,10408246529,1,"IOTHUB_CLIENT_CONFIRMATION_OK"
7378,10408246671,10408246713,1,"IOTHUB_CLIENT_CONFIRMATION_OK"
7379,10408246871,10408246927,1,"IOTHUB_CLIENT_CONFIRMATION_OK"
7380,10408247071,10408247115,1,"IOTHUB_CLIENT_CONFIRMATION_OK"
7381,10408247271,10408247355,1,"IOTHUB_CLIENT_CONFIRMATION_OK"
7382,10408247471,10408247526,1,"IOTHUB_CLIENT_CONFIRMATION_OK"
7383,10408247672,10408247726,1,"IOTHUB_CLIENT_CONFIRMATION_OK"
7384,10408247872,10408247928,1,"IOTHUB_CLIENT_CONFIRMATION_OK"
7385,10408248072,10408248116,1,"IOTHUB_CLIENT_CONFIRMATION_OK"
7386,10408248272,10408248310,1,"IOTHUB_CLIENT_CONFIRMATION_OK"
7387,10408248472,10408248515,1,"IOTHUB_CLIENT_CONFIRMATION_OK"
7388,10408248672,10408248769,1,"IOTHUB_CLIENT_CONFIRMATION_OK"
7389,10408248873,10408248927,1,"IOTHUB_CLIENT_CONFIRMATION_OK"
7390,10408249073,10408249112,1,"IOTHUB_CLIENT_CONFIRMATION_OK"
7391,10408249273,10408249317,1,"IOTHUB_CLIENT_CONFIRMATION_OK"
7392,10408249473,10408249527,1,"IOTHUB_CLIENT_CONFIRMATION_OK"
7393,10408249673,10408249711,1,"IOTHUB_CLIENT_CONFIRMATION_OK"
7394,10408249873,10408249934,1,"IOTHUB_CLIENT_CONFIRMATION_OK"
7395,10408250074,10408250112,1,"IOTHUB_CLIENT_CONFIRMATION_OK"
7396,10408250274,10408250446,1,"IOTHUB_CLIENT_CONFIRMATION_OK"
7397,10408250474,10408250532,1,"IOTHUB_CLIENT_CONFIRMATION_OK"
7398,10408250674,10408250732,1,"IOTHUB_CLIENT_CONFIRMATION_OK"
7399,10408250874,10408250928,1,"IOTHUB_CLIENT_CONFIRMATION_OK"
7400,10408251074,10408251117,1,"IOTHUB_CLIENT_CONFIRMATION_OK"
7401,10408251274,10408251321,1,"IOTHUB_CLIENT_CONFIRMATION_OK"
7402,10408251475,10408251525,1,"IOTHUB_CLIENT_CONFIRMATION_OK"
7403,10408251675,10408251717,1,"IOTHUB_CLIENT_CONFIRMATION_OK"
7404,10408251875,10408251996,1,"IOTHUB_CLIENT_CONFIRMATION_OK"
7405,10408252075,10408252136,1,"IOTHUB_CLIENT_CONFIRMATION_OK"
7406,10408252275,10408252337,1,"IOTHUB_CLIENT_CONFIRMATION_OK"
7407,10408252476,10408252515,1,"IOTHUB_CLIENT_CONFIRMATION_OK"
7408,10408252676,10408252721,1,"IOTHUB_CLIENT_CONFIRMATION_OK"
7409,10408252876,10408252919,1,"IOTHUB_CLIENT_CONFIRMATION_OK"
7410,10408253076,10408253116,1,"IOTHUB_CLIENT_CONFIRMATION_OK"
7411,10408253276,10408253318,1,"IOTHUB_CLIENT_CONFIRMATION_OK"
7412,10408253476,10408253535,1,"IOTHUB_CLIENT_CONFIRMATION_OK"
7413,10408253676,10408253732,1,"IOTHUB_CLIENT_CONFIRMATION_OK"
7414,10408253877,10408253917,1,"IOTHUB_CLIENT_CONFIRMATION_OK"
7415,10408254077,10408254116,1,"IOTHUB_CLIENT_CONFIRMATION_OK"
7416,10408254277,10408254338,1,"IOTHUB_CLIENT_CONFIRMATION_OK"
7417,10408254477,10408254522,1,"IOTHUB_CLIENT_CONFIRMATION_OK"
7418,10408254677,10408254734,1,"IOTHUB_CLIENT_CONFIRMATION_OK"
7419,10408254877,10408254923,1,"IOTHUB_CLIENT_CONFIRMATION_OK"
7420,10408255078,10408255153,1,"IOTHUB_CLIENT_CONFIRMATION_OK"
7421,10408255278,10408255327,1,"IOTHUB_CLIENT_CONFIRMATION_OK"
7422,10408255478,10408255521,1,"IOTHUB_CLIENT_CONFIRMATION_OK"
7423,10408255678,10408255724,1,"IOTHUB_CLIENT_CONFIRMATION_OK"
7424,10408255878,10408255945,1,"IOTHUB_CLIENT_CONFIRMATION_OK"
7425,10408256078,10408256128,1,"IOTHUB_CLIENT_CONFIRMATION_OK"
7426,10408256279,10408256346,1,"IOTHUB_CLIENT_CONFIRMATION_OK"
7427,10408256479,10408256525,1,"IOTHUB_CLIENT_CONFIRMATION_OK"
7428,10408256679,10408256753,1,"IOTHUB_CLIENT_CONFIRMATION_OK"
7429,10408256879,10408256915,1,"IOTHUB_CLIENT_CONFIRMATION_OK"
7430,10408257079,10408257118,1,"IOTHUB_CLIENT_CONFIRMATION_OK"
7431,10408257279,10408257331,1,"IOTHUB_CLIENT_CONFIRMATION_OK"
7432,10408257480,10408257533,1,"IOTHUB_CLIENT_CONFIRMATION_OK"
7433,10408257680,10408257740,1,"IOTHUB_CLIENT_CONFIRMATION_OK"
7434,10408257880,10408257964,1,"IOTHUB_CLIENT_CONFIRMATION_OK"
7435,10408258080,10408258137,1,"IOTHUB_CLIENT_CONFIRMATION_OK"
7436,10408258280,10408258346,1,"IOTHUB_CLIENT_CONFIRMATION_OK"
7437,10408258480,10408258532,1,"IOTHUB_CLIENT_CONFIRMATION_OK"
7438,10408258680,10408258724,1,"IOTHUB_CLIENT_CONFIRMATION_OK"
7439,10408258881,10408258919,1,"IOTHUB_CLIENT_CONFIRMATION_OK"
7440,10408259081,10408259118,1,"IOTHUB_CLIENT_CONFIRMATION_OK"
7441,10408259281,10408259325,1,"IOTHUB_CLIENT_CONFIRMATION_OK"
7442,10408259481,10408259525,1,"IOTHUB_CLIENT_CONFIRMATION_OK"
7443,10408259681,10408259766,1,"IOTHUB_CLIENT_CONFIRMATION_OK"
7444,10408259881,10408259942,1,"IOTHUB_CLIENT_CONFIRMATION_OK"
7445,10408260082,10408260122,1,"IOTHUB_CLIENT_CONFIRMATION_OK"
7446,10408260282,10408260381,1,"IOTHUB_CLIENT_CONFIRMATION_OK"
7447,10408260482,10408260525,1,"IOTHUB_CLIENT_CONFIRMATION_OK"
7448,10408260682,10408260729,1,"IOTHUB_CLIENT_CONFIRMATION_OK"
7449,10408260882,10408260968,1,"IOTHUB_CLIENT_CONFIRMATION_OK"
7450,10408261082,10408261279,1,"IOTHUB_CLIENT_CONFIRMATION_OK"
7451,10408261282,10408261327,1,"IOTHUB_CLIENT_CONFIRMATION_OK"
7452,10408261483,10408261534,1,"IOTHUB_CLIENT_CONFIRMATION_OK"
7453,10408261683,10408261734,1,"IOTHUB_CLIENT_CONFIRMATION_OK"
7454,10408261883,10408261932,1,"IOTHUB_CLIENT_CONFIRMATION_OK"
7455,10408262083,10408262133,1,"IOTHUB_CLIENT_CONFIRMATION_OK"
7456,10408262283,10408262348,1,"IOTHUB_CLIENT_CONFIRMATION_OK"
7457,10408262483,10408262535,1,"IOTHUB_CLIENT_CONFIRMATION_OK"
7458,10408262684,10408262740,1,"IOTHUB_CLIENT_CONFIRMATION_OK"
7459,10408262884,10408262929,1,"IOTHUB_CLIENT_CONFIRMATION_OK"
7460,10408263084,10408263135,1,"IOTHUB_CLIENT_CONFIRMATION_OK"
7461,10408263284,10408263323,1,"IOTHUB_CLIENT_CONFIRMATION_OK"
7462,10408263484,10408263531,1,"IOTHUB_CLIENT_CONFIRMATION_OK"
7463,10408263684,10408263757,1,"IOTHUB_CLIENT_CONFIRMATION_OK"
7464,10408263885,10408263932,1,"IOTHUB_CLIENT_CONFIRMATION_OK"
7465,10408264085,10408264131,1,"IOTHUB_CLIENT_CONFIRMATION_OK"
7466,10408264285,10408264334,1,"IOTHUB_CLIENT_CONFIRMATION_OK"
7467,10408264485,10408264546,1,"IOTHUB_CLIENT_CONFIRMATION_OK"
7468,10408264685,10408264727,1,"IOTHUB_CLIENT_CONFIRMATION_OK"
7469,10408264885,10408264932,1,"IOTHUB_CLIENT_CONFIRMATION_OK"
7470,10408265085,10408265156,1,"IOTHUB_CLIENT_CONFIRMATION_OK"
7471,10408265286,10408265349,1,"IOTHUB_CLIENT_CONFIRMATION_OK"
7472,10408265486,10408265532,1,"IOTHUB_CLIENT_CONFIRMATION_OK"
7473,10408265686,10408265776,1,"IOTHUB_CLIENT_CONFIRMATION_OK"
7474,10408265886,10408265931,1,"IOTHUB_CLIENT_CONFIRMATION_OK"
7475,10408266086,10408266174,1,"IOTHUB_CLIENT_CONFIRMATION_OK"
7476,10408266286,10408266440,1,"IOTHUB_CLIENT_CONFIRMATION_OK"
7477,10408266487,10408266529,1,"IOTHUB_CLIENT_CONFIRMATION_OK"
7478,10408266687,10408266745,1,"IOTHUB_CLIENT_CONFIRMATION_OK"
7479,10408266887,10408266923,1,"IOTHUB_CLIENT_CONFIRMATION_OK"
7480,10408267087,10408267128,1,"IOTHUB_CLIENT_CONFIRMATION_OK"
7481,10408267287,10408267425,1,"IOTHUB_CLIENT_CONFIRMATION_OK"
7482,10408267487,10408267526,1,"IOTHUB_CLIENT_CONFIRMATION_OK"
7483,10408267687,10408267738,1,"IOTHUB_CLIENT_CONFIRMATION_OK"
7484,10408267888,10408267937,1,"IOTHUB_CLIENT_CONFIRMATION_OK"
7485,10408268088,10408268139,1,"IOTHUB_CLIENT_CONFIRMATION_OK"
7486,10408268288,10408268450,1,"IOTHUB_CLIENT_CONFIRMATION_OK"
7487,10408268488,10408268542,1,"IOTHUB_CLIENT_CONFIRMATION_OK"
7488,10408268688,10408268763,1,"IOTHUB_CLIENT_CONFIRMATION_OK"
7489,10408268888,10408269004,1,"IOTHUB_CLIENT_CONFIRMATION_OK"
7490,10408269089,10408269132,1,"IOTHUB_CLIENT_CONFIRMATION_OK"
7491,10408269289,10408269333,1,"IOTHUB_CLIENT_CONFIRMATION_OK"
7492,10408269489,10408269535,1,"IOTHUB_CLIENT_CONFIRMATION_OK"
7493,10408269689,10408269730,1,"IOTHUB_CLIENT_CONFIRMATION_OK"
7494,10408269889,10408269945,1,"IOTHUB_CLIENT_CONFIRMATION_OK"
7495,10408270089,10408270148,1,"IOTHUB_CLIENT_CONFIRMATION_OK"
7496,10408270289,10408270396,1,"IOTHUB_CLIENT_CONFIRMATION_OK"
7497,10408270490,10408270538,1,"IOTHUB_CLIENT_CONFIRMATION_OK"
7498,10408270690,10408270775,1,"IOTHUB_CLIENT_CONFIRMATION_OK"
7499,10408270890,10408270942,1,"IOTHUB_CLIENT_CONFIRMATION_OK"
7500,10408271090,10408271141,1,"IOTHUB_CLIENT_CONFIRMATION_OK"
7501,10408271290,10408271332,1,"IOTHUB_CLIENT_CONFIRMATION_OK"
7502,10408271490,10408271533,1,"IOTHUB_CLIENT_CONFIRMATION_OK"
7503,10408271691,10408271771,1,"IOTHUB_CLIENT_CONFIRMATION_OK"
7504,10408271891,10408271946,1,"IOTHUB_CLIENT_CONFIRMATION_OK"
7505,10408272091,10408272132,1,"IOTHUB_CLIENT_CONFIRMATION_OK"
7506,10408272291,10408272338,1,"IOTHUB_CLIENT_CONFIRMATION_OK"
7507,10408272491,10408272527,1,"IOTHUB_CLIENT_CONFIRMATION_OK"
7508,10408272691,10408272730,1,"IOTHUB_CLIENT_CONFIRMATION_OK"
7509,10408272891,10408272937,1,"IOTHUB_CLIENT_CONFIRMATION_OK"
7510,10408273092,10408273138,1,"IOTHUB_CLIENT_CONFIRMATION_OK"
7511,10408273292,10408273342,1,"IOTHUB_CLIENT_CONFIRMATION_OK"
7512,10408273492,10408273622,1,"IOTHUB_CLIENT_CONFIRMATION_OK"
7513,10408273692,10408273728,1,"IOTHUB_CLIENT_CONFIRMATION_OK"
7514,10408273892,10408273953,1,"IOTHUB_CLIENT_CONFIRMATION_OK"
7515,10408274092,10408274155,1,"IOTHUB_CLIENT_CONFIRMATION_OK"
7516,10408274293,10408274371,1,"IOTHUB_CLIENT_CONFIRMATION_OK"
7517,10408274493,10408274533,1,"IOTHUB_CLIENT_CONFIRMATION_OK"
7518,10408274693,10408274748,1,"IOTHUB_CLIENT_CONFIRMATION_OK"
7519,10408274893,10408274931,1,"IOTHUB_CLIENT_CONFIRMATION_OK"
7520,10408275093,10408275149,1,"IOTHUB_CLIENT_CONFIRMATION_OK"
7521,10408275293,10408275334,1,"IOTHUB_CLIENT_CONFIRMATION_OK"
7522,10408275494,10408275535,1,"IOTHUB_CLIENT_CONFIRMATION_OK"
7523,10408275694,10408275790,1,"IOTHUB_CLIENT_CONFIRMATION_OK"
7524,10408275894,10408275938,1,"IOTHUB_CLIENT_CONFIRMATION_OK"
7525,10408276094,10408276142,1,"IOTHUB_CLIENT_CONFIRMATION_OK"
7526,10408276294,10408276382,1,"IOTHUB_CLIENT_CONFIRMATION_OK"
7527,10408276494,10408276552,1,"IOTHUB_CLIENT_CONFIRMATION_OK"
7528,10408276695,10408276769,1,"IOTHUB_CLIENT_CONFIRMATION_OK"
7529,10408276895,10408276953,1,"IOTHUB_CLIENT_CONFIRMATION_OK"
7530,10408277095,10408277136,1,"IOTHUB_CLIENT_CONFIRMATION_OK"
7531,10408277295,10408277361,1,"IOTHUB_CLIENT_CONFIRMATION_OK"
7532,10408277495,10408277540,1,"IOTHUB_CLIENT_CONFIRMATION_OK"
7533,10408277695,10408277745,1,"IOTHUB_CLIENT_CONFIRMATION_OK"
7534,10408277895,10408277937,1,"IOTHUB_CLIENT_CONFIRMATION_OK"
7535,10408278096,10408278135,1,"IOTHUB_CLIENT_CONFIRMATION_OK"
7536,10408278296,10408278437,1,"IOTHUB_CLIENT_CONFIRMATION_OK"
7537,10408278496,10408278616,1,"IOTHUB_CLIENT_CONFIRMATION_OK"
7538,10408278696,10408278751,1,"IOTHUB_CLIENT_CONFIRMATION_OK"
7539,10408278896,10408278957,1,"IOTHUB_CLIENT_CONFIRMATION_OK"
7540,10408279096,10408279143,1,"IOTHUB_CLIENT_CONFIRMATION_OK"
7541,10408279297,10408279348,1,"IOTHUB_CLIENT_CONFIRMATION_OK"
7542,10408279497,10408279554,1,"IOTHUB_CLIENT_CONFIRMATION_OK"
7543,10408279697,10408279752,1,"IOTHUB_CLIENT_CONFIRMATION_OK"
7544,10408279897,10408279968,1,"IOTHUB_CLIENT_CONFIRMATION_OK"
7545,10408280097,10408280158,1,"IOTHUB_CLIENT_CONFIRMATION_OK"
7546,10408280298,10408280483,1,"IOTHUB_CLIENT_CONFIRMATION_OK"
7547,10408280498,10408280546,1,"IOTHUB_CLIENT_CONFIRMATION_OK"
7548,10408280698,10408280793,1,"IOTHUB_CLIENT_CONFIRMATION_OK"
7549,10408280898,10408280959,1,"IOTHUB_CLIENT_CONFIRMATION_OK"
7550,10408281098,10408281164,1,"IOTHUB_CLIENT_CONFIRMATION_OK"
7551,10408281298,10408281340,1,"IOTHUB_CLIENT_CONFIRMATION_OK"
7552,10408281498,10408281552,1,"IOTHUB_CLIENT_CONFIRMATION_OK"
7553,10408281699,10408281764,1,"IOTHUB_CLIENT_CONFIRMATION_OK"
7554,10408281899,10408281941,1,"IOTHUB_CLIENT_CONFIRMATION_OK"
7555,10408282099,10408282141,1,"IOTHUB_CLIENT_CONFIRMATION_OK"
7556,10408282299,10408282371,1,"IOTHUB_CLIENT_CONFIRMATION_OK"
7557,10408282499,10408282555,1,"IOTHUB_CLIENT_CONFIRMATION_OK"
7558,10408282699,10408282751,1,"IOTHUB_CLIENT_CONFIRMATION_OK"
7559,10408282900,10408282957,1,"IOTHUB_CLIENT_CONFIRMATION_OK"
7560,10408283100,10408283148,1,"IOTHUB_CLIENT_CONFIRMATION_OK"
7561,10408283300,10408283388,1,"IOTHUB_CLIENT_CONFIRMATION_OK"
7562,10408283500,10408283534,1,"IOTHUB_CLIENT_CONFIRMATION_OK"
7563,10408283700,10408283740,1,"IOTHUB_CLIENT_CONFIRMATION_OK"
7564,10408283900,10408283946,1,"IOTHUB_CLIENT_CONFIRMATION_OK"
7565,10408284100,10408284145,1,"IOTHUB_CLIENT_CONFIRMATION_OK"
7566,10408284301,10408284346,1,"IOTHUB_CLIENT_CONFIRMATION_OK"
7567,10408284501,10408284540,1,"IOTHUB_CLIENT_CONFIRMATION_OK"
7568,10408284701,10408284755,1,"IOTHUB_CLIENT_CONFIRMATION_OK"
7569,10408284901,10408284946,1,"IOTHUB_CLIENT_CONFIRMATION_OK"
7570,10408285101,10408285159,1,"IOTHUB_CLIENT_CONFIRMATION_OK"
7571,10408285301,10408285360,1,"IOTHUB_CLIENT_CONFIRMATION_OK"
7572,10408285502,10408285543,1,"IOTHUB_CLIENT_CONFIRMATION_OK"
7573,10408285702,10408285753,1,"IOTHUB_CLIENT_CONFIRMATION_OK"
7574,10408285902,10408285950,1,"IOTHUB_CLIENT_CONFIRMATION_OK"
7575,10408286102,10408286139,1,"IOTHUB_CLIENT_CONFIRMATION_OK"
7576,10408286302,10408286340,1,"IOTHUB_CLIENT_CONFIRMATION_OK"
7577,10408286502,10408286553,1,"IOTHUB_CLIENT_CONFIRMATION_OK"
7578,10408286702,10408286753,1,"IOTHUB_CLIENT_CONFIRMATION_OK"
7579,10408286903,10408286946,1,"IOTHUB_CLIENT_CONFIRMATION_OK"
7580,10408287103,10408287155,1,"IOTHUB_CLIENT_CONFIRMATION_OK"
7581,10408287303,10408287377,1,"IOTHUB_CLIENT_CONFIRMATION_OK"
7582,10408287503,10408287542,1,"IOTHUB_CLIENT_CONFIRMATION_OK"
7583,10408287703,10408287776,1,"IOTHUB_CLIENT_CONFIRMATION_OK"
7584,10408287903,10408287954,1,"IOTHUB_CLIENT_CONFIRMATION_OK"
7585,10408288104,10408288153,1,"IOTHUB_CLIENT_CONFIRMATION_OK"
7586,10408288304,10408288385,1,"IOTHUB_CLIENT_CONFIRMATION_OK"
7587,10408288504,10408288547,1,"IOTHUB_CLIENT_CONFIRMATION_OK"
7588,10408288704,10408288784,1,"IOTHUB_CLIENT_CONFIRMATION_OK"
7589,10408288904,10408288961,1,"IOTHUB_CLIENT_CONFIRMATION_OK"
7590,10408289104,10408289141,1,"IOTHUB_CLIENT_CONFIRMATION_OK"
7591,10408289304,10408289374,1,"IOTHUB_CLIENT_CONFIRMATION_OK"
7592,10408289505,10408289573,1,"IOTHUB_CLIENT_CONFIRMATION_OK"
7593,10408289705,10408289812,1,"IOTHUB_CLIENT_CONFIRMATION_OK"
7594,10408289905,10408289947,1,"IOTHUB_CLIENT_CONFIRMATION_OK"
7595,10408290105,10408290154,1,"IOTHUB_CLIENT_CONFIRMATION_OK"
7596,10408290305,10408290440,1,"IOTHUB_CLIENT_CONFIRMATION_OK"
7597,10408290505,10408290609,1,"IOTHUB_CLIENT_CONFIRMATION_OK"
7598,10408290705,10408290759,1,"IOTHUB_CLIENT_CONFIRMATION_OK"
7599,10408290906,10408291036,1,"IOTHUB_CLIENT_CONFIRMATION_OK"
7600,10408291106,10408291177,1,"IOTHUB_CLIENT_CONFIRMATION_OK"
7601,10408291306,10408291358,1,"IOTHUB_CLIENT_CONFIRMATION_OK"
7602,10408291506,10408291557,1,"IOTHUB_CLIENT_CONFIRMATION_OK"
7603,10408291706,10408291749,1,"IOTHUB_CLIENT_CONFIRMATION_OK"
7604,10408291906,10408291951,1,"IOTHUB_CLIENT_CONFIRMATION_OK"
7605,10408292107,10408292155,1,"IOTHUB_CLIENT_CONFIRMATION_OK"
7606,10408292307,10408292475,1,"IOTHUB_CLIENT_CONFIRMATION_OK"
7607,10408292507,10408292556,1,"IOTHUB_CLIENT_CONFIRMATION_OK"
7608,10408292707,10408292777,1,"IOTHUB_CLIENT_CONFIRMATION_OK"
7609,10408292907,10408292955,1,"IOTHUB_CLIENT_CONFIRMATION_OK"
7610,10408293107,10408293144,1,"IOTHUB_CLIENT_CONFIRMATION_OK"
7611,10408293307,10408293401,1,"IOTHUB_CLIENT_CONFIRMATION_OK"
7612,10408293508,10408293594,1,"IOTHUB_CLIENT_CONFIRMATION_OK"
7613,10408293708,10408293783,1,"IOTHUB_CLIENT_CONFIRMATION_OK"
7614,10408293908,10408293970,1,"IOTHUB_CLIENT_CONFIRMATION_OK"
7615,10408294108,10408294144,1,"IOTHUB_CLIENT_CONFIRMATION_OK"
7616,10408294308,10408294357,1,"IOTHUB_CLIENT_CONFIRMATION_OK"
7617,10408294508,10408294557,1,"IOTHUB_CLIENT_CONFIRMATION_OK"
7618,10408294709,10408294760,1,"IOTHUB_CLIENT_CONFIRMATION_OK"
7619,10408294909,10408294957,1,"IOTHUB_CLIENT_CONFIRMATION_OK"
7620,10408295109,10408295171,1,"IOTHUB_CLIENT_CONFIRMATION_OK"
7621,10408295309,10408295365,1,"IOTHUB_CLIENT_CONFIRMATION_OK"
7622,10408295509,10408295545,1,"IOTHUB_CLIENT_CONFIRMATION_OK"
7623,10408295709,10408295748,1,"IOTHUB_CLIENT_CONFIRMATION_OK"
7624,10408295910,10408295978,1,"IOTHUB_CLIENT_CONFIRMATION_OK"
7625,10408296110,10408296167,1,"IOTHUB_CLIENT_CONFIRMATION_OK"
7626,10408296310,10408296387,1,"IOTHUB_CLIENT_CONFIRMATION_OK"
7627,10408296510,10408296580,1,"IOTHUB_CLIENT_CONFIRMATION_OK"
7628,10408296710,10408296771,1,"IOTHUB_CLIENT_CONFIRMATION_OK"
7629,10408296910,10408296962,1,"IOTHUB_CLIENT_CONFIRMATION_OK"
7630,10408297110,10408297172,1,"IOTHUB_CLIENT_CONFIRMATION_OK"
7631,10408297311,10408297351,1,"IOTHUB_CLIENT_CONFIRMATION_OK"
7632,10408297511,10408297561,1,"IOTHUB_CLIENT_CONFIRMATION_OK"
7633,10408297711,10408297767,1,"IOTHUB_CLIENT_CONFIRMATION_OK"
7634,10408297911,10408297970,1,"IOTHUB_CLIENT_CONFIRMATION_OK"
7635,10408298111,10408298171,1,"IOTHUB_CLIENT_CONFIRMATION_OK"
7636,10408298311,10408298391,1,"IOTHUB_CLIENT_CONFIRMATION_OK"
7637,10408298511,10408298569,1,"IOTHUB_CLIENT_CONFIRMATION_OK"
7638,10408298712,10408298797,1,"IOTHUB_CLIENT_CONFIRMATION_OK"
7639,10408298912,10408298953,1,"IOTHUB_CLIENT_CONFIRMATION_OK"
7640,10408299112,10408299155,1,"IOTHUB_CLIENT_CONFIRMATION_OK"
7641,10408299312,10408299359,1,"IOTHUB_CLIENT_CONFIRMATION_OK"
7642,10408299512,10408299560,1,"IOTHUB_CLIENT_CONFIRMATION_OK"
7643,10408299712,10408299833,1,"IOTHUB_CLIENT_CONFIRMATION_OK"
7644,10408299913,10408299985,1,"IOTHUB_CLIENT_CONFIRMATION_OK"
7645,10408300113,10408300160,1,"IOTHUB_CLIENT_CONFIRMATION_OK"
7646,10408300313,10408300431,1,"IOTHUB_CLIENT_CONFIRMATION_OK"
7647,10408300513,10408300589,1,"IOTHUB_CLIENT_CONFIRMATION_OK"
7648,10408300713,10408300760,1,"IOTHUB_CLIENT_CONFIRMATION_OK"
7649,10408300913,10408300961,1,"IOTHUB_CLIENT_CONFIRMATION_OK"
7650,10408301114,10408301156,1,"IOTHUB_CLIENT_CONFIRMATION_OK"
7651,10408301314,10408301357,1,"IOTHUB_CLIENT_CONFIRMATION_OK"
7652,10408301514,10408301555,1,"IOTHUB_CLIENT_CONFIRMATION_OK"
7653,10408301714,10408301761,1,"IOTHUB_CLIENT_CONFIRMATION_OK"
7654,10408301914,10408302355,1,"IOTHUB_CLIENT_CONFIRMATION_OK"
7655,10408302114,10408302495,1,"IOTHUB_CLIENT_CONFIRMATION_OK"
7656,10408302315,10408302576,1,"IOTHUB_CLIENT_CONFIRMATION_OK"
7657,10408302515,10408302672,1,"IOTHUB_CLIENT_CONFIRMATION_OK"
7658,10408302715,10408302752,1,"IOTHUB_CLIENT_CONFIRMATION_OK"
7659,10408302915,10408302955,1,"IOTHUB_CLIENT_CONFIRMATION_OK"
7660,10408303115,10408303160,1,"IOTHUB_CLIENT_CONFIRMATION_OK"
7661,10408303315,10408303371,1,"IOTHUB_CLIENT_CONFIRMATION_OK"
7662,10408303515,10408303595,1,"IOTHUB_CLIENT_CONFIRMATION_OK"
7663,10408303716,10408303789,1,"IOTHUB_CLIENT_CONFIRMATION_OK"
7664,10408303916,10408303977,1,"IOTHUB_CLIENT_CONFIRMATION_OK"
7665,10408304116,10408304158,1,"IOTHUB_CLIENT_CONFIRMATION_OK"
7666,10408304316,10408304384,1,"IOTHUB_CLIENT_CONFIRMATION_OK"
7667,10408304516,10408304583,1,"IOTHUB_CLIENT_CONFIRMATION_OK"
7668,10408304716,10408304785,1,"IOTHUB_CLIENT_CONFIRMATION_OK"
7669,10408304917,10408304958,1,"IOTHUB_CLIENT_CONFIRMATION_OK"
7670,10408305117,10408305180,1,"IOTHUB_CLIENT_CONFIRMATION_OK"
7671,10408305317,10408305360,1,"IOTHUB_CLIENT_CONFIRMATION_OK"
7672,10408305517,10408305574,1,"IOTHUB_CLIENT_CONFIRMATION_OK"
7673,10408305717,10408305765,1,"IOTHUB_CLIENT_CONFIRMATION_OK"
7674,10408305917,10408305970,1,"IOTHUB_CLIENT_CONFIRMATION_OK"
7675,10408306118,10408306258,1,"IOTHUB_CLIENT_CONFIRMATION_OK"
7676,10408306318,10408306481,1,"IOTHUB_CLIENT_CONFIRMATION_OK"
7677,10408306518,10408306581,1,"IOTHUB_CLIENT_CONFIRMATION_OK"
7678,10408306718,10408306759,1,"IOTHUB_CLIENT_CONFIRMATION_OK"
7679,10408306918,10408306965,1,"IOTHUB_CLIENT_CONFIRMATION_OK"
7680,10408307118,10408307160,1,"IOTHUB_CLIENT_CONFIRMATION_OK"
7681,10408307319,10408307366,1,"IOTHUB_CLIENT_CONFIRMATION_OK"
7682,10408307519,10408307559,1,"IOTHUB_CLIENT_CONFIRMATION_OK"
7683,10408307719,10408307802,1,"IOTHUB_CLIENT_CONFIRMATION_OK"
7684,10408307919,10408307987,1,"IOTHUB_CLIENT_CONFIRMATION_OK"
7685,10408308119,10408308166,1,"IOTHUB_CLIENT_CONFIRMATION_OK"
7686,10408308319,10408308513,1,"IOTHUB_CLIENT_CONFIRMATION_OK"
7687,10408308519,10408308588,1,"IOTHUB_CLIENT_CONFIRMATION_OK"
7688,10408308720,10408308772,1,"IOTHUB_CLIENT_CONFIRMATION_OK"
7689,10408308920,10408308959,1,"IOTHUB_CLIENT_CONFIRMATION_OK"
7690,10408309120,10408309156,1,"IOTHUB_CLIENT_CONFIRMATION_OK"
7691,10408309320,10408309361,1,"IOTHUB_CLIENT_CONFIRMATION_OK"
7692,10408309520,10408309588,1,"IOTHUB_CLIENT_CONFIRMATION_OK"
7693,10408309720,10408309770,1,"IOTHUB_CLIENT_CONFIRMATION_OK"
7694,10408309921,10408309967,1,"IOTHUB_CLIENT_CONFIRMATION_OK"
7695,10408310121,10408310168,1,"IOTHUB_CLIENT_CONFIRMATION_OK"
7696,10408310321,10408310432,1,"IOTHUB_CLIENT_CONFIRMATION_OK"
7697,10408310521,10408310582,1,"IOTHUB_CLIENT_CONFIRMATION_OK"
7698,10408310721,10408310759,1,"IOTHUB_CLIENT_CONFIRMATION_OK"
7699,10408310921,10408310966,1,"IOTHUB_CLIENT_CONFIRMATION_OK"
7700,10408311121,10408311172,1,"IOTHUB_CLIENT_CONFIRMATION_OK"
7701,10408311322,10408311363,1,"IOTHUB_CLIENT_CONFIRMATION_OK"
7702,10408311522,10408311558,1,"IOTHUB_CLIENT_CONFIRMATION_OK"
7703,10408311722,10408311775,1,"IOTHUB_CLIENT_CONFIRMATION_OK"
7704,10408311922,10408311978,1,"IOTHUB_CLIENT_CONFIRMATION_OK"
7705,10408312122,10408312187,1,"IOTHUB_CLIENT_CONFIRMATION_OK"
7706,10408312322,10408312489,1,"IOTHUB_CLIENT_CONFIRMATION_OK"
7707,10408312522,10408312575,1,"IOTHUB_CLIENT_CONFIRMATION_OK"
7708,10408312723,10408312764,1,"IOTHUB_CLIENT_CONFIRMATION_OK"
7709,10408312923,10408312966,1,"IOTHUB_CLIENT_CONFIRMATION_OK"
7710,10408313123,10408313243,1,"IOTHUB_CLIENT_CONFIRMATION_OK"
7711,10408313323,10408313367,1,"IOTHUB_CLIENT_CONFIRMATION_OK"
7712,10408313523,10408313576,1,"IOTHUB_CLIENT_CONFIRMATION_OK"
7713,10408313723,10408313770,1,"IOTHUB_CLIENT_CONFIRMATION_OK"
7714,10408313924,10408313961,1,"IOTHUB_CLIENT_CONFIRMATION_OK"
7715,10408314124,10408314235,1,"IOTHUB_CLIENT_CONFIRMATION_OK"
7716,10408314324,10408314490,1,"IOTHUB_CLIENT_CONFIRMATION_OK"
7717,10408314524,10408314595,1,"IOTHUB_CLIENT_CONFIRMATION_OK"
7718,10408314724,10408314768,1,"IOTHUB_CLIENT_CONFIRMATION_OK"
7719,10408314924,10408314995,1,"IOTHUB_CLIENT_CONFIRMATION_OK"
7720,10408315125,10408315190,1,"IOTHUB_CLIENT_CONFIRMATION_OK"
7721,10408315325,10408315368,1,"IOTHUB_CLIENT_CONFIRMATION_OK"
7722,10408315525,10408315581,1,"IOTHUB_CLIENT_CONFIRMATION_OK"
7723,10408315725,10408315768,1,"IOTHUB_CLIENT_CONFIRMATION_OK"
7724,10408315925,10408315985,1,"IOTHUB_CLIENT_CONFIRMATION_OK"
7725,10408316125,10408316179,1,"IOTHUB_CLIENT_CONFIRMATION_OK"
7726,10408316325,10408316371,1,"IOTHUB_CLIENT_CONFIRMATION_OK"
7727,10408316526,10408316563,1,"IOTHUB_CLIENT_CONFIRMATION_OK"
7728,10408316726,10408316766,1,"IOTHUB_CLIENT_CONFIRMATION_OK"
7729,10408316926,10408316985,1,"IOTHUB_CLIENT_CONFIRMATION_OK"
7730,10408317126,10408317240,1,"IOTHUB_CLIENT_CONFIRMATION_OK"
7731,10408317326,10408317393,1,"IOTHUB_CLIENT_CONFIRMATION_OK"
7732,10408317526,10408317575,1,"IOTHUB_CLIENT_CONFIRMATION_OK"
7733,10408317727,10408317963,1,"IOTHUB_CLIENT_CONFIRMATION_OK"
7734,10408317927,10408318032,1,"IOTHUB_CLIENT_CONFIRMATION_OK"
7735,10408318127,10408318183,1,"IOTHUB_CLIENT_CONFIRMATION_OK"
7736,10408318327,10408318363,1,"IOTHUB_CLIENT_CONFIRMATION_OK"
7737,10408318527,10408318566,1,"IOTHUB_CLIENT_CONFIRMATION_OK"
7738,10408318727,10408318778,1,"IOTHUB_CLIENT_CONFIRMATION_OK"
7739,10408318928,10408318973,1,"IOTHUB_CLIENT_CONFIRMATION_OK"
7740,10408319128,10408319179,1,"IOTHUB_CLIENT_CONFIRMATION_OK"
7741,10408319328,10408319379,1,"IOTHUB_CLIENT_CONFIRMATION_OK"
7742,10408319528,10408319579,1,"IOTHUB_CLIENT_CONFIRMATION_OK"
7743,10408319728,10408319785,1,"IOTHUB_CLIENT_CONFIRMATION_OK"
7744,10408319928,10408319966,1,"IOTHUB_CLIENT_CONFIRMATION_OK"
7745,10408320129,10408320167,1,"IOTHUB_CLIENT_CONFIRMATION_OK"
7746,10408320329,10408320390,1,"IOTHUB_CLIENT_CONFIRMATION_OK"
7747,10408320529,10408320580,1,"IOTHUB_CLIENT_CONFIRMATION_OK"
7748,10408320729,10408320768,1,"IOTHUB_CLIENT_CONFIRMATION_OK"
7749,10408320929,10408320973,1,"IOTHUB_CLIENT_CONFIRMATION_OK"
7750,10408321129,10408321210,1,"IOTHUB_CLIENT_CONFIRMATION_OK"
7751,10408321330,10408321374,1,"IOTHUB_CLIENT_CONFIRMATION_OK"
7752,10408321530,10408321566,1,"IOTHUB_CLIENT_CONFIRMATION_OK"
7753,10408321730,10408321813,1,"IOTHUB_CLIENT_CONFIRMATION_OK"
7754,10408321930,10408321997,1,"IOTHUB_CLIENT_CONFIRMATION_OK"
7755,10408322130,10408322171,1,"IOTHUB_CLIENT_CONFIRMATION_OK"
7756,10408322330,10408322446,1,"IOTHUB_CLIENT_CONFIRMATION_OK"
7757,10408322530,10408322624,1,"IOTHUB_CLIENT_CONFIRMATION_OK"
7758,10408322731,10408322843,1,"IOTHUB_CLIENT_CONFIRMATION_OK"
7759,10408322931,10408322984,1,"IOTHUB_CLIENT_CONFIRMATION_OK"
7760,10408323131,10408323189,1,"IOTHUB_CLIENT_CONFIRMATION_OK"
7761,10408323331,10408323370,1,"IOTHUB_CLIENT_CONFIRMATION_OK"
7762,10408323531,10408323568,1,"IOTHUB_CLIENT_CONFIRMATION_OK"
7763,10408323731,10408323795,1,"IOTHUB_CLIENT_CONFIRMATION_OK"
7764,10408323931,10408323980,1,"IOTHUB_CLIENT_CONFIRMATION_OK"
7765,10408324132,10408324180,1,"IOTHUB_CLIENT_CONFIRMATION_OK"
7766,10408324332,10408324523,1,"IOTHUB_CLIENT_CONFIRMATION_OK"
7767,10408324532,10408324585,1,"IOTHUB_CLIENT_CONFIRMATION_OK"
7768,10408324732,10408324786,1,"IOTHUB_CLIENT_CONFIRMATION_OK"
7769,10408324932,10408324979,1,"IOTHUB_CLIENT_CONFIRMATION_OK"
7770,10408325132,10408325189,1,"IOTHUB_CLIENT_CONFIRMATION_OK"
7771,10408325333,10408325379,1,"IOTHUB_CLIENT_CONFIRMATION_OK"
7772,10408325533,10408325572,1,"IOTHUB_CLIENT_CONFIRMATION_OK"
7773,10408325733,10408325775,1,"IOTHUB_CLIENT_CONFIRMATION_OK"
7774,10408325933,10408326005,1,"IOTHUB_CLIENT_CONFIRMATION_OK"
7775,10408326133,10408326191,1,"IOTHUB_CLIENT_CONFIRMATION_OK"
7776,10408326333,10408326635,1,"IOTHUB_CLIENT_CONFIRMATION_OK"
7777,10408326533,10408326657,1,"IOTHUB_CLIENT_CONFIRMATION_OK"
7778,10408326734,10408326783,1,"IOTHUB_CLIENT_CONFIRMATION_OK"
7779,10408326934,10408326983,1,"IOTHUB_CLIENT_CONFIRMATION_OK"
7780,10408327134,10408327203,1,"IOTHUB_CLIENT_CONFIRMATION_OK"
7781,10408327334,10408327388,1,"IOTHUB_CLIENT_CONFIRMATION_OK"
7782,10408327534,10408327588,1,"IOTHUB_CLIENT_CONFIRMATION_OK"
7783,10408327734,10408327773,1,"IOTHUB_CLIENT_CONFIRMATION_OK"
7784,10408327935,10408328013,1,"IOTHUB_CLIENT_CONFIRMATION_OK"
7785,10408328135,10408328207,1,"IOTHUB_CLIENT_CONFIRMATION_OK"
7786,10408328335,10408328392,1,"IOTHUB_CLIENT_CONFIRMATION_OK"
7787,10408328535,10408328585,1,"IOTHUB_CLIENT_CONFIRMATION_OK"
7788,10408328735,10408328779,1,"IOTHUB_CLIENT_CONFIRMATION_OK"
7789,10408328935,10408328984,1,"IOTHUB_CLIENT_CONFIRMATION_OK"
7790,10408329136,10408329188,1,"IOTHUB_CLIENT_CONFIRMATION_OK"
7791,10408329336,10408329394,1,"IOTHUB_CLIENT_CONFIRMATION_OK"
7792,10408329536,10408329587,1,"IOTHUB_CLIENT_CONFIRMATION_OK"
7793,10408329736,10408329821,1,"IOTHUB_CLIENT_CONFIRMATION_OK"
7794,10408329936,10408330009,1,"IOTHUB_CLIENT_CONFIRMATION_OK"
7795,10408330136,10408330183,1,"IOTHUB_CLIENT_CONFIRMATION_OK"
7796,10408330336,10408330417,1,"IOTHUB_CLIENT_CONFIRMATION_OK"
7797,10408330537,10408330576,1,"IOTHUB_CLIENT_CONFIRMATION_OK"
7798,10408330737,10408330778,1,"IOTHUB_CLIENT_CONFIRMATION_OK"
7799,10408330937,10408331007,1,"IOTHUB_CLIENT_CONFIRMATION_OK"
7800,10408331137,10408331207,1,"IOTHUB_CLIENT_CONFIRMATION_OK"
7801,10408331337,10408331381,1,"IOTHUB_CLIENT_CONFIRMATION_OK"
7802,10408331537,10408331577,1,"IOTHUB_CLIENT_CONFIRMATION_OK"
7803,10408331738,10408331810,1,"IOTHUB_CLIENT_CONFIRMATION_OK"
7804,10408331938,10408331984,1,"IOTHUB_CLIENT_CONFIRMATION_OK"
7805,10408332138,10408332292,1,"IOTHUB_CLIENT_CONFIRMATION_OK"
7806,10408332338,10408332542,1,"IOTHUB_CLIENT_CONFIRMATION_OK"
7807,10408332538,10408332638,1,"IOTHUB_CLIENT_CONFIRMATION_OK"
7808,10408332738,10408332779,1,"IOTHUB_CLIENT_CONFIRMATION_OK"
7809,10408332939,10408332988,1,"IOTHUB_CLIENT_CONFIRMATION_OK"
7810,10408333139,10408333190,1,"IOTHUB_CLIENT_CONFIRMATION_OK"
7811,10408333339,10408333378,1,"IOTHUB_CLIENT_CONFIRMATION_OK"
7812,10408333539,10408333634,1,"IOTHUB_CLIENT_CONFIRMATION_OK"
7813,10408333739,10408333800,1,"IOTHUB_CLIENT_CONFIRMATION_OK"
7814,10408333939,10408333998,1,"IOTHUB_CLIENT_CONFIRMATION_OK"
7815,10408334140,10408334198,1,"IOTHUB_CLIENT_CONFIRMATION_OK"
7816,10408334340,10408334388,1,"IOTHUB_CLIENT_CONFIRMATION_OK"
7817,10408334540,10408334581,1,"IOTHUB_CLIENT_CONFIRMATION_OK"
7818,10408334740,10408334791,1,"IOTHUB_CLIENT_CONFIRMATION_OK"
7819,10408334940,10408334993,1,"IOTHUB_CLIENT_CONFIRMATION_OK"
7820,10408335140,10408335227,1,"IOTHUB_CLIENT_CONFIRMATION_OK"
7821,10408335340,10408335386,1,"IOTHUB_CLIENT_CONFIRMATION_OK"
7822,10408335541,10408335592,1,"IOTHUB_CLIENT_CONFIRMATION_OK"
7823,10408335741,10408335848,1,"IOTHUB_CLIENT_CONFIRMATION_OK"
7824,10408335941,10408335997,1,"IOTHUB_CLIENT_CONFIRMATION_OK"
7825,10408336141,10408336180,1,"IOTHUB_CLIENT_CONFIRMATION_OK"
7826,10408336341,10408336417,1,"IOTHUB_CLIENT_CONFIRMATION_OK"
7827,10408336541,10408336594,1,"IOTHUB_CLIENT_CONFIRMATION_OK"
7828,10408336742,10408336786,1,"IOTHUB_CLIENT_CONFIRMATION_OK"
7829,10408336942,10408336982,1,"IOTHUB_CLIENT_CONFIRMATION_OK"
7830,10408337142,10408337188,1,"IOTHUB_CLIENT_CONFIRMATION_OK"
7831,10408337342,10408337420,1,"IOTHUB_CLIENT_CONFIRMATION_OK"
7832,10408337542,10408337604,1,"IOTHUB_CLIENT_CONFIRMATION_OK"
7833,10408337742,10408337825,1,"IOTHUB_CLIENT_CONFIRMATION_OK"
7834,10408337942,10408337998,1,"IOTHUB_CLIENT_CONFIRMATION_OK"
7835,10408338143,10408338188,1,"IOTHUB_CLIENT_CONFIRMATION_OK"
7836,10408338343,10408338467,1,"IOTHUB_CLIENT_CONFIRMATION_OK"
7837,10408338543,10408338580,1,"IOTHUB_CLIENT_CONFIRMATION_OK"
7838,10408338743,10408338828,1,"IOTHUB_CLIENT_CONFIRMATION_OK"
7839,10408338943,10408338993,1,"IOTHUB_CLIENT_CONFIRMATION_OK"
7840,10408339143,10408339218,1,"IOTHUB_CLIENT_CONFIRMATION_OK"
7841,10408339344,10408339386,1,"IOTHUB_CLIENT_CONFIRMATION_OK"
7842,10408339544,10408339593,1,"IOTHUB_CLIENT_CONFIRMATION_OK"
7843,10408339744,10408339807,1,"IOTHUB_CLIENT_CONFIRMATION_OK"
7844,10408339944,10408339996,1,"IOTHUB_CLIENT_CONFIRMATION_OK"
7845,10408340144,10408340196,1,"IOTHUB_CLIENT_CONFIRMATION_OK"
7846,10408340344,10408340395,1,"IOTHUB_CLIENT_CONFIRMATION_OK"
7847,10408340544,10408340590,1,"IOTHUB_CLIENT_CONFIRMATION_OK"
7848,10408340745,10408340784,1,"IOTHUB_CLIENT_CONFIRMATION_OK"
7849,10408340945,10408340983,1,"IOTHUB_CLIENT_CONFIRMATION_OK"
7850,10408341145,10408341207,1,"IOTHUB_CLIENT_CONFIRMATION_OK"
7851,10408341345,10408341390,1,"IOTHUB_CLIENT_CONFIRMATION_OK"
7852,10408341545,10408341596,1,"IOTHUB_CLIENT_CONFIRMATION_OK"
7853,10408341745,10408341830,1,"IOTHUB_CLIENT_CONFIRMATION_OK"
7854,10408341946,10408341989,1,"IOTHUB_CLIENT_CONFIRMATION_OK"
7855,10408342146,10408342194,1,"IOTHUB_CLIENT_CONFIRMATION_OK"
7856,10408342346,10408342394,1,"IOTHUB_CLIENT_CONFIRMATION_OK"
7857,10408342546,10408342591,1,"IOTHUB_CLIENT_CONFIRMATION_OK"
7858,10408342746,10408342794,1,"IOTHUB_CLIENT_CONFIRMATION_OK"
7859,10408342946,10408343078,1,"IOTHUB_CLIENT_CONFIRMATION_OK"
7860,10408343147,10408343201,1,"IOTHUB_CLIENT_CONFIRMATION_OK"
7861,10408343347,10408343385,1,"IOTHUB_CLIENT_CONFIRMATION_OK"
7862,10408343547,10408343612,1,"IOTHUB_CLIENT_CONFIRMATION_OK"
7863,10408343747,10408343814,1,"IOTHUB_CLIENT_CONFIRMATION_OK"
7864,10408343947,10408344008,1,"IOTHUB_CLIENT_CONFIRMATION_OK"
7865,10408344147,10408344192,1,"IOTHUB_CLIENT_CONFIRMATION_OK"
7866,10408344348,10408344394,1,"IOTHUB_CLIENT_CONFIRMATION_OK"
7867,10408344548,10408344583,1,"IOTHUB_CLIENT_CONFIRMATION_OK"
7868,10408344748,10408344800,1,"IOTHUB_CLIENT_CONFIRMATION_OK"
7869,10408344948,10408345013,1,"IOTHUB_CLIENT_CONFIRMATION_OK"
7870,10408345148,10408345237,1,"IOTHUB_CLIENT_CONFIRMATION_OK"
7871,10408345348,10408345414,1,"IOTHUB_CLIENT_CONFIRMATION_OK"
7872,10408345548,10408345614,1,"IOTHUB_CLIENT_CONFIRMATION_OK"
7873,10408345749,10408345864,1,"IOTHUB_CLIENT_CONFIRMATION_OK"
7874,10408345949,10408346005,1,"IOTHUB_CLIENT_CONFIRMATION_OK"
7875,10408346149,10408346201,1,"IOTHUB_CLIENT_CONFIRMATION_OK"
7876,10408346349,10408346474,1,"IOTHUB_CLIENT_CONFIRMATION_OK"
7877,10408346549,10408346614,1,"IOTHUB_CLIENT_CONFIRMATION_OK"
7878,10408346749,10408346845,1,"IOTHUB_CLIENT_CONFIRMATION_OK"
7879,10408346950,10408346992,1,"IOTHUB_CLIENT_CONFIRMATION_OK"
7880,10408347150,10408347195,1,"IOTHUB_CLIENT_CONFIRMATION_OK"
7881,10408347350,10408347396,1,"IOTHUB_CLIENT_CONFIRMATION_OK"
7882,10408347550,10408347587,1,"IOTHUB_CLIENT_CONFIRMATION_OK"
7883,10408347750,10408347789,1,"IOTHUB_CLIENT_CONFIRMATION_OK"
7884,10408347950,10408348001,1,"IOTHUB_CLIENT_CONFIRMATION_OK"
7885,10408348151,10408348193,1,"IOTHUB_CLIENT_CONFIRMATION_OK"
7886,10408348351,10408348504,1,"IOTHUB_CLIENT_CONFIRMATION_OK"
7887,10408348551,10408348595,1,"IOTHUB_CLIENT_CONFIRMATION_OK"
7888,10408348751,10408348916,1,"IOTHUB_CLIENT_CONFIRMATION_OK"
7889,10408348951,10408349001,1,"IOTHUB_CLIENT_CONFIRMATION_OK"
7890,10408349151,10408349200,1,"IOTHUB_CLIENT_CONFIRMATION_OK"
7891,10408349352,10408349396,1,"IOTHUB_CLIENT_CONFIRMATION_OK"
7892,10408349552,10408349605,1,"IOTHUB_CLIENT_CONFIRMATION_OK"
7893,10408349752,10408349814,1,"IOTHUB_CLIENT_CONFIRMATION_OK"
7894,10408349952,10408350022,1,"IOTHUB_CLIENT_CONFIRMATION_OK"
7895,10408350152,10408350190,1,"IOTHUB_CLIENT_CONFIRMATION_OK"
7896,10408350352,10408350396,1,"IOTHUB_CLIENT_CONFIRMATION_OK"
7897,10408350552,10408350596,1,"IOTHUB_CLIENT_CONFIRMATION_OK"
7898,10408350753,10408350792,1,"IOTHUB_CLIENT_CONFIRMATION_OK"
7899,10408350953,10408351015,1,"IOTHUB_CLIENT_CONFIRMATION_OK"
7900,10408351153,10408351190,1,"IOTHUB_CLIENT_CONFIRMATION_OK"
7901,10408351353,10408351397,1,"IOTHUB_CLIENT_CONFIRMATION_OK"
7902,10408351553,10408351597,1,"IOTHUB_CLIENT_CONFIRMATION_OK"
7903,10408351753,10408351792,1,"IOTHUB_CLIENT_CONFIRMATION_OK"
7904,10408351954,10408351994,1,"IOTHUB_CLIENT_CONFIRMATION_OK"
7905,10408352154,10408352197,1,"IOTHUB_CLIENT_CONFIRMATION_OK"
7906,10408352354,10408352424,1,"IOTHUB_CLIENT_CONFIRMATION_OK"
7907,10408352554,10408352598,1,"IOTHUB_CLIENT_CONFIRMATION_OK"
7908,10408352754,10408352795,1,"IOTHUB_CLIENT_CONFIRMATION_OK"
7909,10408352954,10408353004,1,"IOTHUB_CLIENT_CONFIRMATION_OK"
7910,10408353154,10408353237,1,"IOTHUB_CLIENT_CONFIRMATION_OK"
7911,10408353355,10408353408,1,"IOTHUB_CLIENT_CONFIRMATION_OK"
7912,10408353555,10408353632,1,"IOTHUB_CLIENT_CONFIRMATION_OK"
7913,10408353755,10408353833,1,"IOTHUB_CLIENT_CONFIRMATION_OK"
7914,10408353955,10408353997,1,"IOTHUB_CLIENT_CONFIRMATION_OK"
7915,10408354155,10408354205,1,"IOTHUB_CLIENT_CONFIRMATION_OK"
7916,10408354355,10408354435,1,"IOTHUB_CLIENT_CONFIRMATION_OK"
7917,10408354556,10408354615,1,"IOTHUB_CLIENT_CONFIRMATION_OK"
7918,10408354756,10408354803,1,"IOTHUB_CLIENT_CONFIRMATION_OK"
7919,10408354956,10408355273,1,"IOTHUB_CLIENT_CONFIRMATION_OK"
7920,10408355156,10408355309,1,"IOTHUB_CLIENT_CONFIRMATION_OK"
7921,10408355356,10408355398,1,"IOTHUB_CLIENT_CONFIRMATION_OK"
7922,10408355556,10408355614,1,"IOTHUB_CLIENT_CONFIRMATION_OK"
7923,10408355756,10408355823,1,"IOTHUB_CLIENT_CONFIRMATION_OK"
7924,10408355957,10408356004,1,"IOTHUB_CLIENT_CONFIRMATION_OK"
7925,10408356157,10408356200,1,"IOTHUB_CLIENT_CONFIRMATION_OK"
7926,10408356357,10408356507,1,"IOTHUB_CLIENT_CONFIRMATION_OK"
7927,10408356557,10408356611,1,"IOTHUB_CLIENT_CONFIRMATION_OK"
7928,10408356757,10408356803,1,"IOTHUB_CLIENT_CONFIRMATION_OK"
7929,10408356957,10408357031,1,"IOTHUB_CLIENT_CONFIRMATION_OK"
7930,10408357158,10408357199,1,"IOTHUB_CLIENT_CONFIRMATION_OK"
7931,10408357358,10408357408,1,"IOTHUB_CLIENT_CONFIRMATION_OK"
7932,10408357558,10408357614,1,"IOTHUB_CLIENT_CONFIRMATION_OK"
7933,10408357758,10408357799,1,"IOTHUB_CLIENT_CONFIRMATION_OK"
7934,10408357958,10408358023,1,"IOTHUB_CLIENT_CONFIRMATION_OK"
7935,10408358158,10408358202,1,"IOTHUB_CLIENT_CONFIRMATION_OK"
7936,10408358359,10408358414,1,"IOTHUB_CLIENT_CONFIRMATION_OK"
7937,10408358559,10408358599,1,"IOTHUB_CLIENT_CONFIRMATION_OK"
7938,10408358759,10408358804,1,"IOTHUB_CLIENT_CONFIRMATION_OK"
7939,10408358959,10408359012,1,"IOTHUB_CLIENT_CONFIRMATION_OK"
7940,10408359159,10408359211,1,"IOTHUB_CLIENT_CONFIRMATION_OK"
7941,10408359359,10408359395,1,"IOTHUB_CLIENT_CONFIRMATION_OK"
7942,10408359560,10408359657,1,"IOTHUB_CLIENT_CONFIRMATION_OK"
7943,10408359760,10408359820,1,"IOTHUB_CLIENT_CONFIRMATION_OK"
7944,10408359960,10408359993,1,"IOTHUB_CLIENT_CONFIRMATION_OK"
7945,10408360160,10408360245,1,"IOTHUB_CLIENT_CONFIRMATION_OK"
7946,10408360360,10408360496,1,"IOTHUB_CLIENT_CONFIRMATION_OK"
7947,10408360560,10408360601,1,"IOTHUB_CLIENT_CONFIRMATION_OK"
7948,10408360760,10408360822,1,"IOTHUB_CLIENT_CONFIRMATION_OK"
7949,10408360961,10408361005,1,"IOTHUB_CLIENT_CONFIRMATION_OK"
7950,10408361161,10408361203,1,"IOTHUB_CLIENT_CONFIRMATION_OK"
7951,10408361361,10408361409,1,"IOTHUB_CLIENT_CONFIRMATION_OK"
7952,10408361561,10408361634,1,"IOTHUB_CLIENT_CONFIRMATION_OK"
7953,10408361761,10408361801,1,"IOTHUB_CLIENT_CONFIRMATION_OK"
7954,10408361961,10408362003,1,"IOTHUB_CLIENT_CONFIRMATION_OK"
7955,10408362162,10408362213,1,"IOTHUB_CLIENT_CONFIRMATION_OK"
7956,10408362362,10408362600,1,"IOTHUB_CLIENT_CONFIRMATION_OK"
7957,10408362562,10408362625,1,"IOTHUB_CLIENT_CONFIRMATION_OK"
7958,10408362762,10408362820,1,"IOTHUB_CLIENT_CONFIRMATION_OK"
7959,10408362962,10408363005,1,"IOTHUB_CLIENT_CONFIRMATION_OK"
7960,10408363162,10408363197,1,"IOTHUB_CLIENT_CONFIRMATION_OK"
7961,10408363362,10408363406,1,"IOTHUB_CLIENT_CONFIRMATION_OK"
7962,10408363563,10408363625,1,"IOTHUB_CLIENT_CONFIRMATION_OK"
7963,10408363763,10408363811,1,"IOTHUB_CLIENT_CONFIRMATION_OK"
7964,10408363963,10408364016,1,"IOTHUB_CLIENT_CONFIRMATION_OK"
7965,10408364163,10408364209,1,"IOTHUB_CLIENT_CONFIRMATION_OK"
7966,10408364363,10408364413,1,"IOTHUB_CLIENT_CONFIRMATION_OK"
7967,10408364563,10408364617,1,"IOTHUB_CLIENT_CONFIRMATION_OK"
7968,10408364764,10408364817,1,"IOTHUB_CLIENT_CONFIRMATION_OK"
7969,10408364964,10408365014,1,"IOTHUB_CLIENT_CONFIRMATION_OK"
7970,10408365164,10408365202,1,"IOTHUB_CLIENT_CONFIRMATION_OK"
7971,10408365364,10408365413,1,"IOTHUB_CLIENT_CONFIRMATION_OK"
7972,10408365564,10408365620,1,"IOTHUB_CLIENT_CONFIRMATION_OK"
7973,10408365764,10408365844,1,"IOTHUB_CLIENT_CONFIRMATION_OK"
7974,10408365965,10408366026,1,"IOTHUB_CLIENT_CONFIRMATION_OK"
7975,10408366165,10408366215,1,"IOTHUB_CLIENT_CONFIRMATION_OK"
7976,10408366365,10408366421,1,"IOTHUB_CLIENT_CONFIRMATION_OK"
7977,10408366565,10408366602,1,"IOTHUB_CLIENT_CONFIRMATION_OK"
7978,10408366765,10408366825,1,"IOTHUB_CLIENT_CONFIRMATION_OK"
7979,10408366965,10408367015,1,"IOTHUB_CLIENT_CONFIRMATION_OK"
7980,10408367165,10408367240,1,"IOTHUB_CLIENT_CONFIRMATION_OK"
7981,10408367366,10408367426,1,"IOTHUB_CLIENT_CONFIRMATION_OK"
7982,10408367566,10408367609,1,"IOTHUB_CLIENT_CONFIRMATION_OK"
7983,10408367766,10408367829,1,"IOTHUB_CLIENT_CONFIRMATION_OK"
7984,10408367966,10408368012,1,"IOTHUB_CLIENT_CONFIRMATION_OK"
7985,10408368166,10408368208,1,"IOTHUB_CLIENT_CONFIRMATION_OK"
7986,10408368366,10408368521,1,"IOTHUB_CLIENT_CONFIRMATION_OK"
7987,10408368567,10408368610,1,"IOTHUB_CLIENT_CONFIRMATION_OK"
7988,10408368767,10408368813,1,"IOTHUB_CLIENT_CONFIRMATION_OK"
7989,10408368967,10408369009,1,"IOTHUB_CLIENT_CONFIRMATION_OK"
7990,10408369167,10408369220,1,"IOTHUB_CLIENT_CONFIRMATION_OK"
7991,10408369367,10408369430,1,"IOTHUB_CLIENT_CONFIRMATION_OK"
7992,10408369567,10408369606,1,"IOTHUB_CLIENT_CONFIRMATION_OK"
7993,10408369768,10408369816,1,"IOTHUB_CLIENT_CONFIRMATION_OK"
7994,10408369968,10408370000,1,"IOTHUB_CLIENT_CONFIRMATION_OK"
7995,10408370168,10408370210,1,"IOTHUB_CLIENT_CONFIRMATION_OK"
7996,10408370368,10408370410,1,"IOTHUB_CLIENT_CONFIRMATION_OK"
7997,10408370568,10408370603,1,"IOTHUB_CLIENT_CONFIRMATION_OK"
7998,10408370768,10408370815,1,"IOTHUB_CLIENT_CONFIRMATION_OK"
7999,10408370968,10408371038,1,"IOTHUB_CLIENT_CONFIRMATION_OK"
8000,10408371169,10408371280,1,"IOTHUB_CLIENT_CONFIRMATION_OK"
8001,10408371369,10408371409,1,"IOTHUB_CLIENT_CONFIRMATION_OK"
8002,10408371569,10408371622,1,"IOTHUB_CLIENT_CONFIRMATION_OK"
8003,10408371769,10408371849,1,"IOTHUB_CLIENT_CONFIRMATION_OK"
8004,10408371969,10408372015,1,"IOTHUB_CLIENT_CONFIRMATION_OK"
8005,10408372169,10408372238,1,"IOTHUB_CLIENT_CONFIRMATION_OK"
8006,10408372370,10408372421,1,"IOTHUB_CLIENT_CONFIRMATION_OK"
8007,10408372570,10408372633,1,"IOTHUB_CLIENT_CONFIRMATION_OK"
8008,10408372770,10408372811,1,"IOTHUB_CLIENT_CONFIRMATION_OK"
8009,10408372970,10408373005,1,"IOTHUB_CLIENT_CONFIRMATION_OK"
8010,10408373170,10408373231,1,"IOTHUB_CLIENT_CONFIRMATION_OK"
8011,10408373370,10408373405,1,"IOTHUB_CLIENT_CONFIRMATION_OK"
8012,10408373571,10408373622,1,"IOTHUB_CLIENT_CONFIRMATION_OK"
8013,10408373771,10408373850,1,"IOTHUB_CLIENT_CONFIRMATION_OK"
8014,10408373971,10408374019,1,"IOTHUB_CLIENT_CONFIRMATION_OK"
8015,10408374171,10408374235,1,"IOTHUB_CLIENT_CONFIRMATION_OK"
8016,10408374371,10408374438,1,"IOTHUB_CLIENT_CONFIRMATION_OK"
8017,10408374571,10408374623,1,"IOTHUB_CLIENT_CONFIRMATION_OK"
8018,10408374771,10408374821,1,"IOTHUB_CLIENT_CONFIRMATION_OK"
8019,10408374972,10408375011,1,"IOTHUB_CLIENT_CONFIRMATION_OK"
8020,10408375172,10408375235,1,"IOTHUB_CLIENT_CONFIRMATION_OK"
8021,10408375372,10408375417,1,"IOTHUB_CLIENT_CONFIRMATION_OK"
8022,10408375572,10408375620,1,"IOTHUB_CLIENT_CONFIRMATION_OK"
8023,10408375772,10408375945,1,"IOTHUB_CLIENT_CONFIRMATION_OK"
8024,10408375973,10408376016,1,"IOTHUB_CLIENT_CONFIRMATION_OK"
8025,10408376173,10408376219,1,"IOTHUB_CLIENT_CONFIRMATION_OK"
8026,10408376373,10408376490,1,"IOTHUB_CLIENT_CONFIRMATION_OK"
8027,10408376573,10408376679,1,"IOTHUB_CLIENT_CONFIRMATION_OK"
8028,10408376773,10408376812,1,"IOTHUB_CLIENT_CONFIRMATION_OK"
8029,10408376973,10408377061,1,"IOTHUB_CLIENT_CONFIRMATION_OK"
8030,10408377174,10408377229,1,"IOTHUB_CLIENT_CONFIRMATION_OK"
8031,10408377374,10408377417,1,"IOTHUB_CLIENT_CONFIRMATION_OK"
8032,10408377574,10408377625,1,"IOTHUB_CLIENT_CONFIRMATION_OK"
8033,10408377774,10408377832,1,"IOTHUB_CLIENT_CONFIRMATION_OK"
8034,10408377974,10408378088,1,"IOTHUB_CLIENT_CONFIRMATION_OK"
8035,10408378174,10408378239,1,"IOTHUB_CLIENT_CONFIRMATION_OK"
8036,10408378374,10408378528,1,"IOTHUB_CLIENT_CONFIRMATION_OK"
8037,10408378575,10408378614,1,"IOTHUB_CLIENT_CONFIRMATION_OK"
8038,10408378775,10408378821,1,"IOTHUB_CLIENT_CONFIRMATION_OK"
8039,10408378975,10408379013,1,"IOTHUB_CLIENT_CONFIRMATION_OK"
8040,10408379175,10408379266,1,"IOTHUB_CLIENT_CONFIRMATION_OK"
8041,10408379375,10408379421,1,"IOTHUB_CLIENT_CONFIRMATION_OK"
8042,10408379575,10408379619,1,"IOTHUB_CLIENT_CONFIRMATION_OK"
8043,10408379776,10408379820,1,"IOTHUB_CLIENT_CONFIRMATION_OK"
8044,10408379976,10408380048,1,"IOTHUB_CLIENT_CONFIRMATION_OK"
8045,10408380176,10408380216,1,"IOTHUB_CLIENT_CONFIRMATION_OK"
8046,10408380376,10408380443,1,"IOTHUB_CLIENT_CONFIRMATION_OK"
8047,10408380576,10408380627,1,"IOTHUB_CLIENT_CONFIRMATION_OK"
8048,10408380776,10408380809,1,"IOTHUB_CLIENT_CONFIRMATION_OK"
8049,10408380976,10408381041,1,"IOTHUB_CLIENT_CONFIRMATION_OK"
8050,10408381177,10408381257,1,"IOTHUB_CLIENT_CONFIRMATION_OK"
8051,10408381377,10408381433,1,"IOTHUB_CLIENT_CONFIRMATION_OK"
8052,10408381577,10408381614,1,"IOTHUB_CLIENT_CONFIRMATION_OK"
8053,10408381777,10408381827,1,"IOTHUB_CLIENT_CONFIRMATION_OK"
8054,10408381977,10408382017,1,"IOTHUB_CLIENT_CONFIRMATION_OK"
8055,10408382177,10408382265,1,"IOTHUB_CLIENT_CONFIRMATION_OK"
8056,10408382377,10408382420,1,"IOTHUB_CLIENT_CONFIRMATION_OK"
8057,10408382578,10408382622,1,"IOTHUB_CLIENT_CONFIRMATION_OK"
8058,10408382778,10408382843,1,"IOTHUB_CLIENT_CONFIRMATION_OK"
8059,10408382978,10408383028,1,"IOTHUB_CLIENT_CONFIRMATION_OK"
8060,10408383178,10408383228,1,"IOTHUB_CLIENT_CONFIRMATION_OK"
8061,10408383378,10408383424,1,"IOTHUB_CLIENT_CONFIRMATION_OK"
8062,10408383578,10408383627,1,"IOTHUB_CLIENT_CONFIRMATION_OK"
8063,10408383779,10408383857,1,"IOTHUB_CLIENT_CONFIRMATION_OK"
8064,10408383979,10408384075,1,"IOTHUB_CLIENT_CONFIRMATION_OK"
8065,10408384179,10408384219,1,"IOTHUB_CLIENT_CONFIRMATION_OK"
8066,10408384379,10408384471,1,"IOTHUB_CLIENT_CONFIRMATION_OK"
8067,10408384579,10408384627,1,"IOTHUB_CLIENT_CONFIRMATION_OK"
8068,10408384779,10408384824,1,"IOTHUB_CLIENT_CONFIRMATION_OK"
8069,10408384980,10408385033,1,"IOTHUB_CLIENT_CONFIRMATION_OK"
8070,10408385180,10408385253,1,"IOTHUB_CLIENT_CONFIRMATION_OK"
8071,10408385380,10408385420,1,"IOTHUB_CLIENT_CONFIRMATION_OK"
8072,10408385580,10408385634,1,"IOTHUB_CLIENT_CONFIRMATION_OK"
8073,10408385780,10408385840,1,"IOTHUB_CLIENT_CONFIRMATION_OK"
8074,10408385980,10408386035,1,"IOTHUB_CLIENT_CONFIRMATION_OK"
8075,10408386180,10408386220,1,"IOTHUB_CLIENT_CONFIRMATION_OK"
8076,10408386381,10408386531,1,"IOTHUB_CLIENT_CONFIRMATION_OK"
8077,10408386581,10408386627,1,"IOTHUB_CLIENT_CONFIRMATION_OK"
8078,10408386781,10408386829,1,"IOTHUB_CLIENT_CONFIRMATION_OK"
8079,10408386981,10408387017,1,"IOTHUB_CLIENT_CONFIRMATION_OK"
8080,10408387181,10408387237,1,"IOTHUB_CLIENT_CONFIRMATION_OK"
8081,10408387381,10408387438,1,"IOTHUB_CLIENT_CONFIRMATION_OK"
8082,10408387581,10408387658,1,"IOTHUB_CLIENT_CONFIRMATION_OK"
8083,10408387782,10408387840,1,"IOTHUB_CLIENT_CONFIRMATION_OK"
8084,10408387982,10408388041,1,"IOTHUB_CLIENT_CONFIRMATION_OK"
8085,10408388182,10408388219,1,"IOTHUB_CLIENT_CONFIRMATION_OK"
8086,10408388382,10408388552,1,"IOTHUB_CLIENT_CONFIRMATION_OK"
8087,10408388582,10408388678,1,"IOTHUB_CLIENT_CONFIRMATION_OK"
8088,10408388782,10408388830,1,"IOTHUB_CLIENT_CONFIRMATION_OK"
8089,10408388983,10408389038,1,"IOTHUB_CLIENT_CONFIRMATION_OK"
8090,10408389183,10408389286,1,"IOTHUB_CLIENT_CONFIRMATION_OK"
8091,10408389383,10408389434,1,"IOTHUB_CLIENT_CONFIRMATION_OK"
8092,10408389583,10408389631,1,"IOTHUB_CLIENT_CONFIRMATION_OK"
8093,10408389783,10408389829,1,"IOTHUB_CLIENT_CONFIRMATION_OK"
8094,10408389983,10408390054,1,"IOTHUB_CLIENT_CONFIRMATION_OK"
8095,10408390184,10408390234,1,"IOTHUB_CLIENT_CONFIRMATION_OK"
8096,10408390384,10408390440,1,"IOTHUB_CLIENT_CONFIRMATION_OK"
8097,10408390584,10408390660,1,"IOTHUB_CLIENT_CONFIRMATION_OK"
8098,10408390784,10408390832,1,"IOTHUB_CLIENT_CONFIRMATION_OK"
8099,10408390984,10408391025,1,"IOTHUB_CLIENT_CONFIRMATION_OK"
8100,10408391184,10408391255,1,"IOTHUB_CLIENT_CONFIRMATION_OK"
8101,10408391384,10408391425,1,"IOTHUB_CLIENT_CONFIRMATION_OK"
8102,10408391585,10408391635,1,"IOTHUB_CLIENT_CONFIRMATION_OK"
8103,10408391785,10408391856,1,"IOTHUB_CLIENT_CONFIRMATION_OK"
8104,10408391985,10408392024,1,"IOTHUB_CLIENT_CONFIRMATION_OK"
8105,10408392185,10408392270,1,"IOTHUB_CLIENT_CONFIRMATION_OK"
8106,10408392385,10408392545,1,"IOTHUB_CLIENT_CONFIRMATION_OK"
8107,10408392585,10408392635,1,"IOTHUB_CLIENT_CONFIRMATION_OK"
8108,10408392786,10408392851,1,"IOTHUB_CLIENT_CONFIRMATION_OK"
8109,10408392986,10408393019,1,"IOTHUB_CLIENT_CONFIRMATION_OK"
8110,10408393186,10408393233,1,"IOTHUB_CLIENT_CONFIRMATION_OK"
8111,10408393386,10408393425,1,"IOTHUB_CLIENT_CONFIRMATION_OK"
8112,10408393586,10408393649,1,"IOTHUB_CLIENT_CONFIRMATION_OK"
8113,10408393786,10408393839,1,"IOTHUB_CLIENT_CONFIRMATION_OK"
8114,10408393986,10408394045,1,"IOTHUB_CLIENT_CONFIRMATION_OK"
8115,10408394187,10408394313,1,"IOTHUB_CLIENT_CONFIRMATION_OK"
8116,10408394387,10408394433,1,"IOTHUB_CLIENT_CONFIRMATION_OK"
8117,10408394587,10408394708,1,"IOTHUB_CLIENT_CONFIRMATION_OK"
8118,10408394787,10408394842,1,"IOTHUB_CLIENT_CONFIRMATION_OK"
8119,10408394987,10408395032,1,"IOTHUB_CLIENT_CONFIRMATION_OK"
8120,10408395187,10408395241,1,"IOTHUB_CLIENT_CONFIRMATION_OK"
8121,10408395388,10408395439,1,"IOTHUB_CLIENT_CONFIRMATION_OK"
8122,10408395588,10408395650,1,"IOTHUB_CLIENT_CONFIRMATION_OK"
8123,10408395788,10408395864,1,"IOTHUB_CLIENT_CONFIRMATION_OK"
8124,10408395988,10408396024,1,"IOTHUB_CLIENT_CONFIRMATION_OK"
8125,10408396188,10408396238,1,"IOTHUB_CLIENT_CONFIRMATION_OK"
8126,10408396388,10408396464,1,"IOTHUB_CLIENT_CONFIRMATION_OK"
8127,10408396589,10408396661,1,"IOTHUB_CLIENT_CONFIRMATION_OK"
8128,10408396789,10408396827,1,"IOTHUB_CLIENT_CONFIRMATION_OK"
8129,10408396989,10408397072,1,"IOTHUB_CLIENT_CONFIRMATION_OK"
8130,10408397189,10408397233,1,"IOTHUB_CLIENT_CONFIRMATION_OK"
8131,10408397389,10408397451,1,"IOTHUB_CLIENT_CONFIRMATION_OK"
8132,10408397589,10408397664,1,"IOTHUB_CLIENT_CONFIRMATION_OK"
8133,10408397790,10408397864,1,"IOTHUB_CLIENT_CONFIRMATION_OK"
8134,10408397990,10408398034,1,"IOTHUB_CLIENT_CONFIRMATION_OK"
8135,10408398190,10408398236,1,"IOTHUB_CLIENT_CONFIRMATION_OK"
8136,10408398390,10408398661,1,"IOTHUB_CLIENT_CONFIRMATION_OK"
8137,10408398590,10408398715,1,"IOTHUB_CLIENT_CONFIRMATION_OK"
8138,10408398790,10408398845,1,"IOTHUB_CLIENT_CONFIRMATION_OK"
8139,10408398990,10408399041,1,"IOTHUB_CLIENT_CONFIRMATION_OK"
8140,10408399191,10408399228,1,"IOTHUB_CLIENT_CONFIRMATION_OK"
8141,10408399391,10408399444,1,"IOTHUB_CLIENT_CONFIRMATION_OK"
8142,10408399591,10408399648,1,"IOTHUB_CLIENT_CONFIRMATION_OK"
8143,10408399791,10408399880,1,"IOTHUB_CLIENT_CONFIRMATION_OK"
8144,10408399991,10408400061,1,"IOTHUB_CLIENT_CONFIRMATION_OK"
8145,10408400191,10408400265,1,"IOTHUB_CLIENT_CONFIRMATION_OK"
8146,10408400392,10408400500,1,"IOTHUB_CLIENT_CONFIRMATION_OK"
8147,10408400592,10408400628,1,"IOTHUB_CLIENT_CONFIRMATION_OK"
8148,10408400792,10408400850,1,"IOTHUB_CLIENT_CONFIRMATION_OK"
8149,10408400992,10408401033,1,"IOTHUB_CLIENT_CONFIRMATION_OK"
8150,10408401192,10408401257,1,"IOTHUB_CLIENT_CONFIRMATION_OK"
8151,10408401392,10408401434,1,"IOTHUB_CLIENT_CONFIRMATION_OK"
8152,10408401593,10408401644,1,"IOTHUB_CLIENT_CONFIRMATION_OK"
8153,10408401793,10408401893,1,"IOTHUB_CLIENT_CONFIRMATION_OK"
8154,10408401993,10408402036,1,"IOTHUB_CLIENT_CONFIRMATION_OK"
8155,10408402193,10408402238,1,"IOTHUB_CLIENT_CONFIRMATION_OK"
8156,10408402393,10408402555,1,"IOTHUB_CLIENT_CONFIRMATION_OK"
8157,10408402593,10408402651,1,"IOTHUB_CLIENT_CONFIRMATION_OK"
8158,10408402794,10408402832,1,"IOTHUB_CLIENT_CONFIRMATION_OK"
8159,10408402994,10408403037,1,"IOTHUB_CLIENT_CONFIRMATION_OK"
8160,10408403194,10408403240,1,"IOTHUB_CLIENT_CONFIRMATION_OK"
8161,10408403394,10408403438,1,"IOTHUB_CLIENT_CONFIRMATION_OK"
8162,10408403594,10408403635,1,"IOTHUB_CLIENT_CONFIRMATION_OK"
8163,10408403794,10408403838,1,"IOTHUB_CLIENT_CONFIRMATION_OK"
8164,10408403995,10408404036,1,"IOTHUB_CLIENT_CONFIRMATION_OK"
8165,10408404195,10408404245,1,"IOTHUB_CLIENT_CONFIRMATION_OK"
8166,10408404395,10408404447,1,"IOTHUB_CLIENT_CONFIRMATION_OK"
8167,10408404595,10408404652,1,"IOTHUB_CLIENT_CONFIRMATION_OK"
8168,10408404795,10408404848,1,"IOTHUB_CLIENT_CONFIRMATION_OK"
8169,10408404995,10408405048,1,"IOTHUB_CLIENT_CONFIRMATION_OK"
8170,10408405196,10408405239,1,"IOTHUB_CLIENT_CONFIRMATION_OK"
8171,10408405396,10408405435,1,"IOTHUB_CLIENT_CONFIRMATION_OK"
8172,10408405596,10408405641,1,"IOTHUB_CLIENT_CONFIRMATION_OK"
8173,10408405796,10408405835,1,"IOTHUB_CLIENT_CONFIRMATION_OK"
8174,10408405996,10408406046,1,"IOTHUB_CLIENT_CONFIRMATION_OK"
8175,10408406196,10408406239,1,"IOTHUB_CLIENT_CONFIRMATION_OK"
8176,10408406397,10408406458,1,"IOTHUB_CLIENT_CONFIRMATION_OK"
8177,10408406597,10408406646,1,"IOTHUB_CLIENT_CONFIRMATION_OK"
8178,10408406797,10408406844,1,"IOTHUB_CLIENT_CONFIRMATION_OK"
8179,10408406997,10408407175,1,"IOTHUB_CLIENT_CONFIRMATION_OK"
8180,10408407197,10408407255,1,"IOTHUB_CLIENT_CONFIRMATION_OK"
8181,10408407397,10408407434,1,"IOTHUB_CLIENT_CONFIRMATION_OK"
8182,10408407597,10408407662,1,"IOTHUB_CLIENT_CONFIRMATION_OK"
8183,10408407798,10408407890,1,"IOTHUB_CLIENT_CONFIRMATION_OK"
8184,10408407998,10408408055,1,"IOTHUB_CLIENT_CONFIRMATION_OK"
8185,10408408198,10408408277,1,"IOTHUB_CLIENT_CONFIRMATION_OK"
8186,10408408398,10408408488,1,"IOTHUB_CLIENT_CONFIRMATION_OK"
8187,10408408598,10408408648,1,"IOTHUB_CLIENT_CONFIRMATION_OK"
8188,10408408798,10408408851,1,"IOTHUB_CLIENT_CONFIRMATION_OK"
8189,10408408999,10408409044,1,"IOTHUB_CLIENT_CONFIRMATION_OK"
8190,10408409199,10408409242,1,"IOTHUB_CLIENT_CONFIRMATION_OK"
8191,10408409399,10408409451,1,"IOTHUB_CLIENT_CONFIRMATION_OK"
8192,10408409599,10408409682,1,"IOTHUB_CLIENT_CONFIRMATION_OK"
8193,10408409800,10408409870,1,"IOTHUB_CLIENT_CONFIRMATION_OK"
8194,10408410000,10408410041,1,"IOTHUB_CLIENT_CONFIRMATION_OK"
8195,10408410200,10408410251,1,"IOTHUB_CLIENT_CONFIRMATION_OK"
8196,10408410400,10408410517,1,"IOTHUB_CLIENT_CONFIRMATION_OK"
8197,10408410600,10408410640,1,"IOTHUB_CLIENT_CONFIRMATION_OK"
8198,10408410800,10408410857,1,"IOTHUB_CLIENT_CONFIRMATION_OK"
8199,10408411000,10408411115,1,"IOTHUB_CLIENT_CONFIRMATION_OK"
8200,10408411200,10408411243,1,"IOTHUB_CLIENT_CONFIRMATION_OK"
8201,10408411401,10408411447,1,"IOTHUB_CLIENT_CONFIRMATION_OK"
8202,10408411601,10408411664,1,"IOTHUB_CLIENT_CONFIRMATION_OK"
8203,10408411801,10408411844,1,"IOTHUB_CLIENT_CONFIRMATION_OK"
8204,10408412001,10408412057,1,"IOTHUB_CLIENT_CONFIRMATION_OK"
8205,10408412201,10408412245,1,"IOTHUB_CLIENT_CONFIRMATION_OK"
8206,10408412401,10408412447,1,"IOTHUB_CLIENT_CONFIRMATION_OK"
8207,10408412602,10408412647,1,"IOTHUB_CLIENT_CONFIRMATION_OK"
8208,10408412802,10408412864,1,"IOTHUB_CLIENT_CONFIRMATION_OK"
8209,10408413002,10408413083,1,"IOTHUB_CLIENT_CONFIRMATION_OK"
8210,10408413202,10408413249,1,"IOTHUB_CLIENT_CONFIRMATION_OK"
8211,10408413402,10408413440,1,"IOTHUB_CLIENT_CONFIRMATION_OK"
8212,10408413602,10408413650,1,"IOTHUB_CLIENT_CONFIRMATION_OK"
8213,10408413802,10408413863,1,"IOTHUB_CLIENT_CONFIRMATION_OK"
8214,10408414003,10408414062,1,"IOTHUB_CLIENT_CONFIRMATION_OK"
8215,10408414203,10408414265,1,"IOTHUB_CLIENT_CONFIRMATION_OK"
8216,10408414403,10408414439,1,"IOTHUB_CLIENT_CONFIRMATION_OK"
8217,10408414603,10408414660,1,"IOTHUB_CLIENT_CONFIRMATION_OK"
8218,10408414803,10408414859,1,"IOTHUB_CLIENT_CONFIRMATION_OK"
8219,10408415003,10408415041,1,"IOTHUB_CLIENT_CONFIRMATION_OK"
8220,10408415204,10408415239,1,"IOTHUB_CLIENT_CONFIRMATION_OK"
8221,10408415404,10408415461,1,"IOTHUB_CLIENT_CONFIRMATION_OK"
8222,10408415604,10408415649,1,"IOTHUB_CLIENT_CONFIRMATION_OK"
8223,10408415804,10408415914,1,"IOTHUB_CLIENT_CONFIRMATION_OK"
8224,10408416004,10408416049,1,"IOTHUB_CLIENT_CONFIRMATION_OK"
8225,10408416204,10408416245,1,"IOTHUB_CLIENT_CONFIRMATION_OK"
8226,10408416404,10408416546,1,"IOTHUB_CLIENT_CONFIRMATION_OK"
8227,10408416605,10408416651,1,"IOTHUB_CLIENT_CONFIRMATION_OK"
8228,10408416805,10408416873,1,"IOTHUB_CLIENT_CONFIRMATION_OK"
8229,10408417005,10408417078,1,"IOTHUB_CLIENT_CONFIRMATION_OK"
8230,10408417205,10408417245,1,"IOTHUB_CLIENT_CONFIRMATION_OK"
8231,10408417405,10408417446,1,"IOTHUB_CLIENT_CONFIRMATION_OK"
8232,10408417605,10408417657,1,"IOTHUB_CLIENT_CONFIRMATION_OK"
8233,10408417805,10408417854,1,"IOTHUB_CLIENT_CONFIRMATION_OK"
8234,10408418006,10408418052,1,"IOTHUB_CLIENT_CONFIRMATION_OK"
8235,10408418206,10408418247,1,"IOTHUB_CLIENT_CONFIRMATION_OK"
8236,10408418406,10408418471,1,"IOTHUB_CLIENT_CONFIRMATION_OK"
8237,10408418606,10408418644,1,"IOTHUB_CLIENT_CONFIRMATION_OK"
8238,10408418806,10408418856,1,"IOTHUB_CLIENT_CONFIRMATION_OK"
8239,10408419006,10408419052,1,"IOTHUB_CLIENT_CONFIRMATION_OK"
8240,10408419207,10408419323,1,"IOTHUB_CLIENT_CONFIRMATION_OK"
8241,10408419407,10408419459,1,"IOTHUB_CLIENT_CONFIRMATION_OK"
8242,10408419607,10408419676,1,"IOTHUB_CLIENT_CONFIRMATION_OK"
8243,10408419807,10408419888,1,"IOTHUB_CLIENT_CONFIRMATION_OK"
8244,10408420007,10408420074,1,"IOTHUB_CLIENT_CONFIRMATION_OK"
8245,10408420207,10408420253,1,"IOTHUB_CLIENT_CONFIRMATION_OK"
8246,10408420408,10408420508,1,"IOTHUB_CLIENT_CONFIRMATION_OK"
8247,10408420608,10408420652,1,"IOTHUB_CLIENT_CONFIRMATION_OK"
8248,10408420808,10408420852,1,"IOTHUB_CLIENT_CONFIRMATION_OK"
8249,10408421008,10408421064,1,"IOTHUB_CLIENT_CONFIRMATION_OK"
8250,10408421208,10408421252,1,"IOTHUB_CLIENT_CONFIRMATION_OK"
8251,10408421408,10408421445,1,"IOTHUB_CLIENT_CONFIRMATION_OK"
8252,10408421608,10408421654,1,"IOTHUB_CLIENT_CONFIRMATION_OK"
8253,10408421809,10408421913,1,"IOTHUB_CLIENT_CONFIRMATION_OK"
8254,10408422009,10408422061,1,"IOTHUB_CLIENT_CONFIRMATION_OK"
8255,10408422209,10408422260,1,"IOTHUB_CLIENT_CONFIRMATION_OK"
8256,10408422409,10408422551,1,"IOTHUB_CLIENT_CONFIRMATION_OK"
8257,10408422609,10408422691,1,"IOTHUB_CLIENT_CONFIRMATION_OK"
8258,10408422809,10408422861,1,"IOTHUB_CLIENT_CONFIRMATION_OK"
8259,10408423010,10408423069,1,"IOTHUB_CLIENT_CONFIRMATION_OK"
8260,10408423210,10408423268,1,"IOTHUB_CLIENT_CONFIRMATION_OK"
8261,10408423410,10408423455,1,"IOTHUB_CLIENT_CONFIRMATION_OK"
8262,10408423610,10408423649,1,"IOTHUB_CLIENT_CONFIRMATION_OK"
8263,10408423810,10408423877,1,"IOTHUB_CLIENT_CONFIRMATION_OK"
8264,10408424010,10408424076,1,"IOTHUB_CLIENT_CONFIRMATION_OK"
8265,10408424211,10408424274,1,"IOTHUB_CLIENT_CONFIRMATION_OK"
8266,10408424411,10408424500,1,"IOTHUB_CLIENT_CONFIRMATION_OK"
8267,10408424611,10408424670,1,"IOTHUB_CLIENT_CONFIRMATION_OK"
8268,10408424811,10408424866,1,"IOTHUB_CLIENT_CONFIRMATION_OK"
8269,10408425011,10408425097,1,"IOTHUB_CLIENT_CONFIRMATION_OK"
8270,10408425211,10408425280,1,"IOTHUB_CLIENT_CONFIRMATION_OK"
8271,10408425411,10408425480,1,"IOTHUB_CLIENT_CONFIRMATION_OK"
8272,10408425612,10408425663,1,"IOTHUB_CLIENT_CONFIRMATION_OK"
8273,10408425812,10408425926,1,"IOTHUB_CLIENT_CONFIRMATION_OK"
8274,10408426012,10408426053,1,"IOTHUB_CLIENT_CONFIRMATION_OK"
8275,10408426212,10408426246,1,"IOTHUB_CLIENT_CONFIRMATION_OK"
8276,10408426412,10408426557,1,"IOTHUB_CLIENT_CONFIRMATION_OK"
8277,10408426612,10408426661,1,"IOTHUB_CLIENT_CONFIRMATION_OK"
8278,10408426813,10408426854,1,"IOTHUB_CLIENT_CONFIRMATION_OK"
8279,10408427013,10408427060,1,"IOTHUB_CLIENT_CONFIRMATION_OK"
8280,10408427213,10408427266,1,"IOTHUB_CLIENT_CONFIRMATION_OK"
8281,10408427413,10408427461,1,"IOTHUB_CLIENT_CONFIRMATION_OK"
8282,10408427613,10408427660,1,"IOTHUB_CLIENT_CONFIRMATION_OK"
8283,10408427813,10408427879,1,"IOTHUB_CLIENT_CONFIRMATION_OK"
8284,10408428014,10408428090,1,"IOTHUB_CLIENT_CONFIRMATION_OK"
8285,10408428214,10408428261,1,"IOTHUB_CLIENT_CONFIRMATION_OK"
8286,10408428414,10408428460,1,"IOTHUB_CLIENT_CONFIRMATION_OK"
8287,10408428614,10408428670,1,"IOTHUB_CLIENT_CONFIRMATION_OK"
8288,10408428814,10408428874,1,"IOTHUB_CLIENT_CONFIRMATION_OK"
8289,10408429014,10408429071,1,"IOTHUB_CLIENT_CONFIRMATION_OK"
8290,10408429214,10408429266,1,"IOTHUB_CLIENT_CONFIRMATION_OK"
8291,10408429415,10408429477,1,"IOTHUB_CLIENT_CONFIRMATION_OK"
8292,10408429615,10408429658,1,"IOTHUB_CLIENT_CONFIRMATION_OK"
8293,10408429815,10408429864,1,"IOTHUB_CLIENT_CONFIRMATION_OK"
8294,10408430015,10408430073,1,"IOTHUB_CLIENT_CONFIRMATION_OK"
8295,10408430215,10408430254,1,"IOTHUB_CLIENT_CONFIRMATION_OK"
8296,10408430415,10408430476,1,"IOTHUB_CLIENT_CONFIRMATION_OK"
8297,10408430616,10408430663,1,"IOTHUB_CLIENT_CONFIRMATION_OK"
8298,10408430816,10408430864,1,"IOTHUB_CLIENT_CONFIRMATION_OK"
8299,10408431016,10408431056,1,"IOTHUB_CLIENT_CONFIRMATION_OK"
8300,10408431216,10408431277,1,"IOTHUB_CLIENT_CONFIRMATION_OK"
8301,10408431416,10408431471,1,"IOTHUB_CLIENT_CONFIRMATION_OK"
8302,10408431616,10408431678,1,"IOTHUB_CLIENT_CONFIRMATION_OK"
8303,10408431816,10408431888,1,"IOTHUB_CLIENT_CONFIRMATION_OK"
8304,10408432017,10408432067,1,"IOTHUB_CLIENT_CONFIRMATION_OK"
8305,10408432217,10408432248,1,"IOTHUB_CLIENT_CONFIRMATION_OK"
8306,10408432417,10408432467,1,"IOTHUB_CLIENT_CONFIRMATION_OK"
8307,10408432617,10408432663,1,"IOTHUB_CLIENT_CONFIRMATION_OK"
8308,10408432817,10408432890,1,"IOTHUB_CLIENT_CONFIRMATION_OK"
8309,10408433017,10408433064,1,"IOTHUB_CLIENT_CONFIRMATION_OK"
8310,10408433218,10408433286,1,"IOTHUB_CLIENT_CONFIRMATION_OK"
8311,10408433418,10408433480,1,"IOTHUB_CLIENT_CONFIRMATION_OK"
8312,10408433618,10408433694,1,"IOTHUB_CLIENT_CONFIRMATION_OK"
8313,10408433818,10408433907,1,"IOTHUB_CLIENT_CONFIRMATION_OK"
8314,10408434018,10408434059,1,"IOTHUB_CLIENT_CONFIRMATION_OK"
8315,10408434218,10408434258,1,"IOTHUB_CLIENT_CONFIRMATION_OK"
8316,10408434419,10408434588,1,"IOTHUB_CLIENT_CONFIRMATION_OK"
8317,10408434619,10408434670,1,"IOTHUB_CLIENT_CONFIRMATION_OK"
8318,10408434819,10408434872,1,"IOTHUB_CLIENT_CONFIRMATION_OK"
8319,10408435019,10408435074,1,"IOTHUB_CLIENT_CONFIRMATION_OK"
8320,10408435219,10408435288,1,"IOTHUB_CLIENT_CONFIRMATION_OK"
8321,10408435419,10408435458,1,"IOTHUB_CLIENT_CONFIRMATION_OK"
8322,10408435620,10408435667,1,"IOTHUB_CLIENT_CONFIRMATION_OK"
8323,10408435820,10408435907,1,"IOTHUB_CLIENT_CONFIRMATION_OK"
8324,10408436020,10408436093,1,"IOTHUB_CLIENT_CONFIRMATION_OK"
8325,10408436220,10408436267,1,"IOTHUB_CLIENT_CONFIRMATION_OK"
8326,10408436420,10408436510,1,"IOTHUB_CLIENT_CONFIRMATION_OK"
8327,10408436620,10408436663,1,"IOTHUB_CLIENT_CONFIRMATION_OK"
8328,10408436821,10408436886,1,"IOTHUB_CLIENT_CONFIRMATION_OK"
8329,10408437021,10408437062,1,"IOTHUB_CLIENT_CONFIRMATION_OK"
8330,10408437221,10408437260,1,"IOTHUB_CLIENT_CONFIRMATION_OK"
8331,10408437421,10408437481,1,"IOTHUB_CLIENT_CONFIRMATION_OK"
8332,10408437621,10408437669,1,"IOTHUB_CLIENT_CONFIRMATION_OK"
8333,10408437821,10408437925,1,"IOTHUB_CLIENT_CONFIRMATION_OK"
8334,10408438022,10408438064,1,"IOTHUB_CLIENT_CONFIRMATION_OK"
8335,10408438222,10408438286,1,"IOTHUB_CLIENT_CONFIRMATION_OK"
8336,10408438422,10408438558,1,"IOTHUB_CLIENT_CONFIRMATION_OK"
8337,10408438622,10408438676,1,"IOTHUB_CLIENT_CONFIRMATION_OK"
8338,10408438822,10408438889,1,"IOTHUB_CLIENT_CONFIRMATION_OK"
8339,10408439022,10408439073,1,"IOTHUB_CLIENT_CONFIRMATION_OK"
8340,10408439222,10408439264,1,"IOTHUB_CLIENT_CONFIRMATION_OK"
8341,10408439423,10408439475,1,"IOTHUB_CLIENT_CONFIRMATION_OK"
8342,10408439623,10408439661,1,"IOTHUB_CLIENT_CONFIRMATION_OK"
8343,10408439823,10408439882,1,"IOTHUB_CLIENT_CONFIRMATION_OK"
8344,10408440023,10408440064,1,"IOTHUB_CLIENT_CONFIRMATION_OK"
8345,10408440223,10408440263,1,"IOTHUB_CLIENT_CONFIRMATION_OK"
8346,10408440423,10408440494,1,"IOTHUB_CLIENT_CONFIRMATION_OK"
8347,10408440624,10408440692,1,"IOTHUB_CLIENT_CONFIRMATION_OK"
8348,10408440824,10408440882,1,"IOTHUB_CLIENT_CONFIRMATION_OK"
8349,10408441024,10408441062,1,"IOTHUB_CLIENT_CONFIRMATION_OK"
8350,10408441224,10408441274,1,"IOTHUB_CLIENT_CONFIRMATION_OK"
8351,10408441424,10408441474,1,"IOTHUB_CLIENT_CONFIRMATION_OK"
8352,10408441624,10408441680,1,"IOTHUB_CLIENT_CONFIRMATION_OK"
8353,10408441825,10408441920,1,"IOTHUB_CLIENT_CONFIRMATION_OK"
8354,10408442025,10408442078,1,"IOTHUB_CLIENT_CONFIRMATION_OK"
8355,10408442225,10408442275,1,"IOTHUB_CLIENT_CONFIRMATION_OK"
8356,10408442425,10408442538,1,"IOTHUB_CLIENT_CONFIRMATION_OK"
8357,10408442625,10408442672,1,"IOTHUB_CLIENT_CONFIRMATION_OK"
8358,10408442825,10408442878,1,"IOTHUB_CLIENT_CONFIRMATION_OK"
8359,10408443025,10408443077,1,"IOTHUB_CLIENT_CONFIRMATION_OK"
8360,10408443226,10408443261,1,"IOTHUB_CLIENT_CONFIRMATION_OK"
8361,10408443426,10408443475,1,"IOTHUB_CLIENT_CONFIRMATION_OK"
8362,10408443626,10408443693,1,"IOTHUB_CLIENT_CONFIRMATION_OK"
8363,10408443826,10408443876,1,"IOTHUB_CLIENT_CONFIRMATION_OK"
8364,10408444026,10408444065,1,"IOTHUB_CLIENT_CONFIRMATION_OK"
8365,10408444226,10408444266,1,"IOTHUB_CLIENT_CONFIRMATION_OK"
8366,10408444427,10408444604,1,"IOTHUB_CLIENT_CONFIRMATION_OK"
8367,10408444627,10408444683,1,"IOTHUB_CLIENT_CONFIRMATION_OK"
8368,10408444827,10408444900,1,"IOTHUB_CLIENT_CONFIRMATION_OK"
8369,10408445027,10408445083,1,"IOTHUB_CLIENT_CONFIRMATION_OK"
8370,10408445227,10408445278,1,"IOTHUB_CLIENT_CONFIRMATION_OK"
8371,10408445427,10408445462,1,"IOTHUB_CLIENT_CONFIRMATION_OK"
8372,10408445627,10408445727,1,"IOTHUB_CLIENT_CONFIRMATION_OK"
8373,10408445828,10408445959,1,"IOTHUB_CLIENT_CONFIRMATION_OK"
8374,10408446028,10408446067,1,"IOTHUB_CLIENT_CONFIRMATION_OK"
8375,10408446228,10408446279,1,"IOTHUB_CLIENT_CONFIRMATION_OK"
8376,10408446428,10408446541,1,"IOTHUB_CLIENT_CONFIRMATION_OK"
8377,10408446628,10408446674,1,"IOTHUB_CLIENT_CONFIRMATION_OK"
8378,10408446828,10408446887,1,"IOTHUB_CLIENT_CONFIRMATION_OK"
8379,10408447029,10408447065,1,"IOTHUB_CLIENT_CONFIRMATION_OK"
8380,10408447229,10408447312,1,"IOTHUB_CLIENT_CONFIRMATION_OK"
8381,10408447429,10408447467,1,"IOTHUB_CLIENT_CONFIRMATION_OK"
8382,10408447629,10408447707,1,"IOTHUB_CLIENT_CONFIRMATION_OK"
8383,10408447829,10408447890,1,"IOTHUB_CLIENT_CONFIRMATION_OK"
8384,10408448029,10408448079,1,"IOTHUB_CLIENT_CONFIRMATION_OK"
8385,10408448229,10408448278,1,"IOTHUB_CLIENT_CONFIRMATION_OK"
8386,10408448430,10408448577,1,"IOTHUB_CLIENT_CONFIRMATION_OK"
8387,10408448630,10408448683,1,"IOTHUB_CLIENT_CONFIRMATION_OK"
8388,10408448830,10408448890,1,"IOTHUB_CLIENT_CONFIRMATION_OK"
8389,10408449030,10408449061,1,"IOTHUB_CLIENT_CONFIRMATION_OK"
8390,10408449230,10408449268,1,"IOTHUB_CLIENT_CONFIRMATION_OK"
8391,10408449430,10408449469,1,"IOTHUB_CLIENT_CONFIRMATION_OK"
8392,10408449631,10408449682,1,"IOTHUB_CLIENT_CONFIRMATION_OK"
8393,10408449831,10408449907,1,"IOTHUB_CLIENT_CONFIRMATION_OK"
8394,10408450031,10408450069,1,"IOTHUB_CLIENT_CONFIRMATION_OK"
8395,10408450231,10408450294,1,"IOTHUB_CLIENT_CONFIRMATION_OK"
8396,10408450431,10408450491,1,"IOTHUB_CLIENT_CONFIRMATION_OK"
8397,10408450631,10408450683,1,"IOTHUB_CLIENT_CONFIRMATION_OK"
8398,10408450832,10408450883,1,"IOTHUB_CLIENT_CONFIRMATION_OK"
8399,10408451032,10408451114,1,"IOTHUB_CLIENT_CONFIRMATION_OK"
8400,10408451232,10408451270,1,"IOTHUB_CLIENT_CONFIRMATION_OK"
8401,10408451432,10408451469,1,"IOTHUB_CLIENT_CONFIRMATION_OK"
8402,10408451632,10408451670,1,"IOTHUB_CLIENT_CONFIRMATION_OK"
8403,10408451832,10408451975,1,"IOTHUB_CLIENT_CONFIRMATION_OK"
8404,10408452032,10408452080,1,"IOTHUB_CLIENT_CONFIRMATION_OK"
8405,10408452233,10408452286,1,"IOTHUB_CLIENT_CONFIRMATION_OK"
8406,10408452433,10408452550,1,"IOTHUB_CLIENT_CONFIRMATION_OK"
8407,10408452633,10408452692,1,"IOTHUB_CLIENT_CONFIRMATION_OK"
8408,10408452833,10408452938,1,"IOTHUB_CLIENT_CONFIRMATION_OK"
8409,10408453033,10408453075,1,"IOTHUB_CLIENT_CONFIRMATION_OK"
8410,10408453233,10408453277,1,"IOTHUB_CLIENT_CONFIRMATION_OK"
8411,10408453434,10408453514,1,"IOTHUB_CLIENT_CONFIRMATION_OK"
8412,10408453634,10408453690,1,"IOTHUB_CLIENT_CONFIRMATION_OK"
8413,10408453834,10408453876,1,"IOTHUB_CLIENT_CONFIRMATION_OK"
8414,10408454034,10408454069,1,"IOTHUB_CLIENT_CONFIRMATION_OK"
8415,10408454234,10408454288,1,"IOTHUB_CLIENT_CONFIRMATION_OK"
8416,10408454434,10408454621,1,"IOTHUB_CLIENT_CONFIRMATION_OK"
8417,10408454634,10408454684,1,"IOTHUB_CLIENT_CONFIRMATION_OK"
8418,10408454835,10408454886,1,"IOTHUB_CLIENT_CONFIRMATION_OK"
8419,10408455035,10408455178,1,"IOTHUB_CLIENT_CONFIRMATION_OK"
8420,10408455235,10408455292,1,"IOTHUB_CLIENT_CONFIRMATION_OK"
8421,10408455435,10408455487,1,"IOTHUB_CLIENT_CONFIRMATION_OK"
8422,10408455635,10408455673,1,"IOTHUB_CLIENT_CONFIRMATION_OK"
8423,10408455835,10408455891,1,"IOTHUB_CLIENT_CONFIRMATION_OK"
8424,10408456035,10408456092,1,"IOTHUB_CLIENT_CONFIRMATION_OK"
8425,10408456236,10408456271,1,"IOTHUB_CLIENT_CONFIRMATION_OK"
8426,10408456436,10408456484,1,"IOTHUB_CLIENT_CONFIRMATION_OK"
8427,10408456636,10408456695,1,"IOTHUB_CLIENT_CONFIRMATION_OK"
8428,10408456836,10408456884,1,"IOTHUB_CLIENT_CONFIRMATION_OK"
8429,10408457036,10408457068,1,"IOTHUB_CLIENT_CONFIRMATION_OK"
8430,10408457236,10408457293,1,"IOTHUB_CLIENT_CONFIRMATION_OK"
8431,10408457437,10408457485,1,"IOTHUB_CLIENT_CONFIRMATION_OK"
8432,10408457637,10408457689,1,"IOTHUB_CLIENT_CONFIRMATION_OK"
8433,10408457837,10408457898,1,"IOTHUB_CLIENT_CONFIRMATION_OK"
8434,10408458037,10408458099,1,"IOTHUB_CLIENT_CONFIRMATION_OK"
8435,10408458237,10408458270,1,"IOTHUB_CLIENT_CONFIRMATION_OK"
8436,10408458437,10408458512,1,"IOTHUB_CLIENT_CONFIRMATION_OK"
8437,10408458638,10408458681,1,"IOTHUB_CLIENT_CONFIRMATION_OK"
8438,10408458838,10408458956,1,"IOTHUB_CLIENT_CONFIRMATION_OK"
8439,10408459038,10408459077,1,"IOTHUB_CLIENT_CONFIRMATION_OK"
8440,10408459238,10408459275,1,"IOTHUB_CLIENT_CONFIRMATION_OK"
8441,10408459438,10408459485,1,"IOTHUB_CLIENT_CONFIRMATION_OK"
8442,10408459638,10408459706,1,"IOTHUB_CLIENT_CONFIRMATION_OK"
8443,10408459839,10408459896,1,"IOTHUB_CLIENT_CONFIRMATION_OK"
8444,10408460039,10408460094,1,"IOTHUB_CLIENT_CONFIRMATION_OK"
8445,10408460239,10408460313,1,"IOTHUB_CLIENT_CONFIRMATION_OK"
8446,10408460439,10408460620,1,"IOTHUB_CLIENT_CONFIRMATION_OK"
8447,10408460639,10408460689,1,"IOTHUB_CLIENT_CONFIRMATION_OK"
8448,10408460839,10408460883,1,"IOTHUB_CLIENT_CONFIRMATION_OK"
8449,10408461039,10408461105,1,"IOTHUB_CLIENT_CONFIRMATION_OK"
8450,10408461240,10408461292,1,"IOTHUB_CLIENT_CONFIRMATION_OK"
8451,10408461440,10408461476,1,"IOTHUB_CLIENT_CONFIRMATION_OK"
8452,10408461640,10408461687,1,"IOTHUB_CLIENT_CONFIRMATION_OK"
8453,10408461840,10408461889,1,"IOTHUB_CLIENT_CONFIRMATION_OK"
8454,10408462040,10408462073,1,"IOTHUB_CLIENT_CONFIRMATION_OK"
8455,10408462240,10408462287,1,"IOTHUB_CLIENT_CONFIRMATION_OK"
8456,10408462441,10408462499,1,"IOTHUB_CLIENT_CONFIRMATION_OK"
8457,10408462641,10408462679,1,"IOTHUB_CLIENT_CONFIRMATION_OK"
8458,10408462841,10408462881,1,"IOTHUB_CLIENT_CONFIRMATION_OK"
8459,10408463041,10408463091,1,"IOTHUB_CLIENT_CONFIRMATION_OK"
8460,10408463241,10408463292,1,"IOTHUB_CLIENT_CONFIRMATION_OK"
8461,10408463441,10408463556,1,"IOTHUB_CLIENT_CONFIRMATION_OK"
8462,10408463641,10408463682,1,"IOTHUB_CLIENT_CONFIRMATION_OK"
8463,10408463842,10408463945,1,"IOTHUB_CLIENT_CONFIRMATION_OK"
8464,10408464042,10408464131,1,"IOTHUB_CLIENT_CONFIRMATION_OK"
8465,10408464242,10408464289,1,"IOTHUB_CLIENT_CONFIRMATION_OK"
8466,10408464442,10408464574,1,"IOTHUB_CLIENT_CONFIRMATION_OK"
8467,10408464642,10408464696,1,"IOTHUB_CLIENT_CONFIRMATION_OK"
8468,10408464842,10408464874,1,"IOTHUB_CLIENT_CONFIRMATION_OK"
8469,10408465043,10408465097,1,"IOTHUB_CLIENT_CONFIRMATION_OK"
8470,10408465243,10408465303,1,"IOTHUB_CLIENT_CONFIRMATION_OK"
8471,10408465443,10408465504,1,"IOTHUB_CLIENT_CONFIRMATION_OK"
8472,10408465643,10408465681,1,"IOTHUB_CLIENT_CONFIRMATION_OK"
8473,10408465843,10408465891,1,"IOTHUB_CLIENT_CONFIRMATION_OK"
8474,10408466043,10408466097,1,"IOTHUB_CLIENT_CONFIRMATION_OK"
8475,10408466244,10408466281,1,"IOTHUB_CLIENT_CONFIRMATION_OK"
8476,10408466444,10408466644,1,"IOTHUB_CLIENT_CONFIRMATION_OK"
8477,10408466644,10408466689,1,"IOTHUB_CLIENT_CONFIRMATION_OK"
8478,10408466844,10408466891,1,"IOTHUB_CLIENT_CONFIRMATION_OK"
8479,10408467044,10408467089,1,"IOTHUB_CLIENT_CONFIRMATION_OK"
8480,10408467244,10408467360,1,"IOTHUB_CLIENT_CONFIRMATION_OK"
8481,10408467445,10408467487,1,"IOTHUB_CLIENT_CONFIRMATION_OK"
8482,10408467645,10408467690,1,"IOTHUB_CLIENT_CONFIRMATION_OK"
8483,10408467845,10408467896,1,"IOTHUB_CLIENT_CONFIRMATION_OK"
8484,10408468045,10408468083,1,"IOTHUB_CLIENT_CONFIRMATION_OK"
8485,10408468245,10408468279,1,"IOTHUB_CLIENT_CONFIRMATION_OK"
8486,10408468445,10408468491,1,"IOTHUB_CLIENT_CONFIRMATION_OK"
8487,10408468645,10408468704,1,"IOTHUB_CLIENT_CONFIRMATION_OK"
8488,10408468846,10408468885,1,"IOTHUB_CLIENT_CONFIRMATION_OK"
8489,10408469046,10408469112,1,"IOTHUB_CLIENT_CONFIRMATION_OK"
8490,10408469246,10408469283,1,"IOTHUB_CLIENT_CONFIRMATION_OK"
8491,10408469446,10408469511,1,"IOTHUB_CLIENT_CONFIRMATION_OK"
8492,10408469646,10408469700,1,"IOTHUB_CLIENT_CONFIRMATION_OK"
8493,10408469846,10408469901,1,"IOTHUB_CLIENT_CONFIRMATION_OK"
8494,10408470047,10408470096,1,"IOTHUB_CLIENT_CONFIRMATION_OK"
8495,10408470247,10408470308,1,"IOTHUB_CLIENT_CONFIRMATION_OK"
8496,10408470447,10408470524,1,"IOTHUB_CLIENT_CONFIRMATION_OK"
8497,10408470647,10408470696,1,"IOTHUB_CLIENT_CONFIRMATION_OK"
8498,10408470847,10408470904,1,"IOTHUB_CLIENT_CONFIRMATION_OK"
8499,10408471047,10408471091,1,"IOTHUB_CLIENT_CONFIRMATION_OK"
8500,10408471247,10408471295,1,"IOTHUB_CLIENT_CONFIRMATION_OK"
8501,10408471448,10408471523,1,"IOTHUB_CLIENT_CONFIRMATION_OK"
8502,10408471648,10408471688,1,"IOTHUB_CLIENT_CONFIRMATION_OK"
8503,10408471848,10408471914,1,"IOTHUB_CLIENT_CONFIRMATION_OK"
8504,10408472048,10408472103,1,"IOTHUB_CLIENT_CONFIRMATION_OK"
8505,10408472248,10408472280,1,"IOTHUB_CLIENT_CONFIRMATION_OK"
8506,10408472448,10408472548,1,"IOTHUB_CLIENT_CONFIRMATION_OK"
8507,10408472649,10408472702,1,"IOTHUB_CLIENT_CONFIRMATION_OK"
8508,10408472849,10408472900,1,"IOTHUB_CLIENT_CONFIRMATION_OK"
8509,10408473049,10408473096,1,"IOTHUB_CLIENT_CONFIRMATION_OK"
8510,10408473249,10408473291,1,"IOTHUB_CLIENT_CONFIRMATION_OK"
8511,10408473449,10408473499,1,"IOTHUB_CLIENT_CONFIRMATION_OK"
8512,10408473649,10408473717,1,"IOTHUB_CLIENT_CONFIRMATION_OK"
8513,10408473850,10408473898,1,"IOTHUB_CLIENT_CONFIRMATION_OK"
8514,10408474050,10408474090,1,"IOTHUB_CLIENT_CONFIRMATION_OK"
8515,10408474250,10408474284,1,"IOTHUB_CLIENT_CONFIRMATION_OK"
8516,10408474450,10408474610,1,"IOTHUB_CLIENT_CONFIRMATION_OK"
8517,10408474650,10408474697,1,"IOTHUB_CLIENT_CONFIRMATION_OK"
8518,10408474850,10408474935,1,"IOTHUB_CLIENT_CONFIRMATION_OK"
8519,10408475050,10408475086,1,"IOTHUB_CLIENT_CONFIRMATION_OK"
8520,10408475251,10408475308,1,"IOTHUB_CLIENT_CONFIRMATION_OK"
8521,10408475451,10408475488,1,"IOTHUB_CLIENT_CONFIRMATION_OK"
8522,10408475651,10408475712,1,"IOTHUB_CLIENT_CONFIRMATION_OK"
8523,10408475851,10408475889,1,"IOTHUB_CLIENT_CONFIRMATION_OK"
8524,10408476051,10408476101,1,"IOTHUB_CLIENT_CONFIRMATION_OK"
8525,10408476251,10408476293,1,"IOTHUB_CLIENT_CONFIRMATION_OK"
8526,10408476452,10408476500,1,"IOTHUB_CLIENT_CONFIRMATION_OK"
8527,10408476652,10408476703,1,"IOTHUB_CLIENT_CONFIRMATION_OK"
8528,10408476852,10408476966,1,"IOTHUB_CLIENT_CONFIRMATION_OK"
8529,10408477052,10408477090,1,"IOTHUB_CLIENT_CONFIRMATION_OK"
8530,10408477252,10408477310,1,"IOTHUB_CLIENT_CONFIRMATION_OK"
8531,10408477452,10408477502,1,"IOTHUB_CLIENT_CONFIRMATION_OK"
8532,10408477653,10408477702,1,"IOTHUB_CLIENT_CONFIRMATION_OK"
8533,10408477853,10408477970,1,"IOTHUB_CLIENT_CONFIRMATION_OK"
8534,10408478053,10408478098,1,"IOTHUB_CLIENT_CONFIRMATION_OK"
8535,10408478253,10408478296,1,"IOTHUB_CLIENT_CONFIRMATION_OK"
8536,10408478453,10408478496,1,"IOTHUB_CLIENT_CONFIRMATION_OK"
8537,10408478653,10408478777,1,"IOTHUB_CLIENT_CONFIRMATION_OK"
8538,10408478853,10408478898,1,"IOTHUB_CLIENT_CONFIRMATION_OK"
8539,10408479054,10408479097,1,"IOTHUB_CLIENT_CONFIRMATION_OK"
8540,10408479254,10408479324,1,"IOTHUB_CLIENT_CONFIRMATION_OK"
8541,10408479454,10408479512,1,"IOTHUB_CLIENT_CONFIRMATION_OK"
8542,10408479654,10408479710,1,"IOTHUB_CLIENT_CONFIRMATION_OK"
8543,10408479854,10408479897,1,"IOTHUB_CLIENT_CONFIRMATION_OK"
8544,10408480054,10408480117,1,"IOTHUB_CLIENT_CONFIRMATION_OK"
8545,10408480255,10408480297,1,"IOTHUB_CLIENT_CONFIRMATION_OK"
8546,10408480455,10408480506,1,"IOTHUB_CLIENT_CONFIRMATION_OK"
8547,10408480655,10408480709,1,"IOTHUB_CLIENT_CONFIRMATION_OK"
8548,10408480855,10408480905,1,"IOTHUB_CLIENT_CONFIRMATION_OK"
8549,10408481055,10408481096,1,"IOTHUB_CLIENT_CONFIRMATION_OK"
8550,10408481255,10408481336,1,"IOTHUB_CLIENT_CONFIRMATION_OK"
8551,10408481456,10408481488,1,"IOTHUB_CLIENT_CONFIRMATION_OK"
8552,10408481656,10408481702,1,"IOTHUB_CLIENT_CONFIRMATION_OK"
8553,10408481856,10408481961,1,"IOTHUB_CLIENT_CONFIRMATION_OK"
8554,10408482056,10408482109,1,"IOTHUB_CLIENT_CONFIRMATION_OK"
8555,10408482256,10408482307,1,"IOTHUB_CLIENT_CONFIRMATION_OK"
8556,10408482456,10408482565,1,"IOTHUB_CLIENT_CONFIRMATION_OK"
8557,10408482656,10408482691,1,"IOTHUB_CLIENT_CONFIRMATION_OK"
8558,10408482857,10408482924,1,"IOTHUB_CLIENT_CONFIRMATION_OK"
8559,10408483057,10408483097,1,"IOTHUB_CLIENT_CONFIRMATION_OK"
8560,10408483257,10408483291,1,"IOTHUB_CLIENT_CONFIRMATION_OK"
8561,10408483457,10408483492,1,"IOTHUB_CLIENT_CONFIRMATION_OK"
8562,10408483657,10408483699,1,"IOTHUB_CLIENT_CONFIRMATION_OK"
8563,10408483857,10408483910,1,"IOTHUB_CLIENT_CONFIRMATION_OK"
8564,10408484058,10408484108,1,"IOTHUB_CLIENT_CONFIRMATION_OK"
8565,10408484258,10408484295,1,"IOTHUB_CLIENT_CONFIRMATION_OK"
8566,10408484458,10408484626,1,"IOTHUB_CLIENT_CONFIRMATION_OK"
8567,10408484658,10408484726,1,"IOTHUB_CLIENT_CONFIRMATION_OK"
8568,10408484858,10408484903,1,"IOTHUB_CLIENT_CONFIRMATION_OK"
8569,10408485058,10408485098,1,"IOTHUB_CLIENT_CONFIRMATION_OK"
8570,10408485258,10408485298,1,"IOTHUB_CLIENT_CONFIRMATION_OK"
8571,10408485459,10408485492,1,"IOTHUB_CLIENT_CONFIRMATION_OK"
8572,10408485659,10408485700,1,"IOTHUB_CLIENT_CONFIRMATION_OK"
8573,10408485859,10408486007,1,"IOTHUB_CLIENT_CONFIRMATION_OK"
8574,10408486059,10408486103,1,"IOTHUB_CLIENT_CONFIRMATION_OK"
8575,10408486259,10408486373,1,"IOTHUB_CLIENT_CONFIRMATION_OK"
8576,10408486459,10408486598,1,"IOTHUB_CLIENT_CONFIRMATION_OK"
8577,10408486660,10408486719,1,"IOTHUB_CLIENT_CONFIRMATION_OK"
8578,10408486860,10408486913,1,"IOTHUB_CLIENT_CONFIRMATION_OK"
8579,10408487060,10408487105,1,"IOTHUB_CLIENT_CONFIRMATION_OK"
8580,10408487260,10408487305,1,"IOTHUB_CLIENT_CONFIRMATION_OK"
8581,10408487460,10408487513,1,"IOTHUB_CLIENT_CONFIRMATION_OK"
8582,10408487660,10408487709,1,"IOTHUB_CLIENT_CONFIRMATION_OK"
8583,10408487861,10408487922,1,"IOTHUB_CLIENT_CONFIRMATION_OK"
8584,10408488061,10408488100,1,"IOTHUB_CLIENT_CONFIRMATION_OK"
8585,10408488261,10408488311,1,"IOTHUB_CLIENT_CONFIRMATION_OK"
8586,10408488461,10408488623,1,"IOTHUB_CLIENT_CONFIRMATION_OK"
8587,10408488661,10408488706,1,"IOTHUB_CLIENT_CONFIRMATION_OK"
8588,10408488861,10408488911,1,"IOTHUB_CLIENT_CONFIRMATION_OK"
8589,10408489061,10408489124,1,"IOTHUB_CLIENT_CONFIRMATION_OK"
8590,10408489262,10408489325,1,"IOTHUB_CLIENT_CONFIRMATION_OK"
8591,10408489462,10408489498,1,"IOTHUB_CLIENT_CONFIRMATION_OK"
8592,10408489662,10408489705,1,"IOTHUB_CLIENT_CONFIRMATION_OK"
8593,10408489862,10408489917,1,"IOTHUB_CLIENT_CONFIRMATION_OK"
8594,10408490062,10408490196,1,"IOTHUB_CLIENT_CONFIRMATION_OK"
8595,10408490262,10408490308,1,"IOTHUB_CLIENT_CONFIRMATION_OK"
8596,10408490463,10408490674,1,"IOTHUB_CLIENT_CONFIRMATION_OK"
8597,10408490663,10408490723,1,"IOTHUB_CLIENT_CONFIRMATION_OK"
8598,10408490863,10408490902,1,"IOTHUB_CLIENT_CONFIRMATION_OK"
8599,10408491063,10408491096,1,"IOTHUB_CLIENT_CONFIRMATION_OK"
8600,10408491263,10408491355,1,"IOTHUB_CLIENT_CONFIRMATION_OK"
8601,10408491463,10408491531,1,"IOTHUB_CLIENT_CONFIRMATION_OK"
8602,10408491664,10408491712,1,"IOTHUB_CLIENT_CONFIRMATION_OK"
8603,10408491864,10408492005,1,"IOTHUB_CLIENT_CONFIRMATION_OK"
8604,10408492064,10408492098,1,"IOTHUB_CLIENT_CONFIRMATION_OK"
8605,10408492264,10408492303,1,"IOTHUB_CLIENT_CONFIRMATION_OK"
8606,10408492464,10408492508,1,"IOTHUB_CLIENT_CONFIRMATION_OK"
8607,10408492664,10408492707,1,"IOTHUB_CLIENT_CONFIRMATION_OK"
8608,10408492865,10408492900,1,"IOTHUB_CLIENT_CONFIRMATION_OK"
8609,10408493065,10408493113,1,"IOTHUB_CLIENT_CONFIRMATION_OK"
8610,10408493265,10408493336,1,"IOTHUB_CLIENT_CONFIRMATION_OK"
8611,10408493465,10408493503,1,"IOTHUB_CLIENT_CONFIRMATION_OK"
8612,10408493665,10408493710,1,"IOTHUB_CLIENT_CONFIRMATION_OK"
8613,10408493865,10408493935,1,"IOTHUB_CLIENT_CONFIRMATION_OK"
8614,10408494066,10408494131,1,"IOTHUB_CLIENT_CONFIRMATION_OK"
8615,10408494266,10408494318,1,"IOTHUB_CLIENT_CONFIRMATION_OK"
8616,10408494466,10408494539,1,"IOTHUB_CLIENT_CONFIRMATION_OK"
8617,10408494666,10408494725,1,"IOTHUB_CLIENT_CONFIRMATION_OK"
8618,10408494866,10408494911,1,"IOTHUB_CLIENT_CONFIRMATION_OK"
8619,10408495066,10408495118,1,"IOTHUB_CLIENT_CONFIRMATION_OK"
8620,10408495267,10408495325,1,"IOTHUB_CLIENT_CONFIRMATION_OK"
8621,10408495467,10408495522,1,"IOTHUB_CLIENT_CONFIRMATION_OK"
8622,10408495667,10408495713,1,"IOTHUB_CLIENT_CONFIRMATION_OK"
8623,10408495867,10408496070,1,"IOTHUB_CLIENT_CONFIRMATION_OK"
8624,10408496067,10408496105,1,"IOTHUB_CLIENT_CONFIRMATION_OK"
8625,10408496267,10408496325,1,"IOTHUB_CLIENT_CONFIRMATION_OK"
8626,10408496468,10408496586,1,"IOTHUB_CLIENT_CONFIRMATION_OK"
8627,10408496668,10408496723,1,"IOTHUB_CLIENT_CONFIRMATION_OK"
8628,10408496868,10408496912,1,"IOTHUB_CLIENT_CONFIRMATION_OK"
8629,10408497068,10408497123,1,"IOTHUB_CLIENT_CONFIRMATION_OK"
8630,10408497268,10408497306,1,"IOTHUB_CLIENT_CONFIRMATION_OK"
8631,10408497468,10408497581,1,"IOTHUB_CLIENT_CONFIRMATION_OK"
8632,10408497668,10408497704,1,"IOTHUB_CLIENT_CONFIRMATION_OK"
8633,10408497869,10408497920,1,"IOTHUB_CLIENT_CONFIRMATION_OK"
8634,10408498069,10408498108,1,"IOTHUB_CLIENT_CONFIRMATION_OK"
8635,10408498269,10408498315,1,"IOTHUB_CLIENT_CONFIRMATION_OK"
8636,10408498469,10408498662,1,"IOTHUB_CLIENT_CONFIRMATION_OK"
8637,10408498669,10408498735,1,"IOTHUB_CLIENT_CONFIRMATION_OK"
8638,10408498869,10408498917,1,"IOTHUB_CLIENT_CONFIRMATION_OK"
8639,10408499070,10408499100,1,"IOTHUB_CLIENT_CONFIRMATION_OK"
8640,10408499270,10408499315,1,"IOTHUB_CLIENT_CONFIRMATION_OK"
8641,10408499470,10408499508,1,"IOTHUB_CLIENT_CONFIRMATION_OK"
8642,10408499670,10408499708,1,"IOTHUB_CLIENT_CONFIRMATION_OK"
8643,10408499870,10408499976,1,"IOTHUB_CLIENT_CONFIRMATION_OK"
8644,10408500070,10408500107,1,"IOTHUB_CLIENT_CONFIRMATION_OK"
8645,10408500270,10408500302,1,"IOTHUB_CLIENT_CONFIRMATION_OK"
8646,10408500471,10408500533,1,"IOTHUB_CLIENT_CONFIRMATION_OK"
8647,10408500671,10408500720,1,"IOTHUB_CLIENT_CONFIRMATION_OK"
8648,10408500871,10408500911,1,"IOTHUB_CLIENT_CONFIRMATION_OK"
8649,10408501071,10408501109,1,"IOTHUB_CLIENT_CONFIRMATION_OK"
8650,10408501271,10408501317,1,"IOTHUB_CLIENT_CONFIRMATION_OK"
8651,10408501471,10408501516,1,"IOTHUB_CLIENT_CONFIRMATION_OK"
8652,10408501672,10408501728,1,"IOTHUB_CLIENT_CONFIRMATION_OK"
8653,10408501872,10408501920,1,"IOTHUB_CLIENT_CONFIRMATION_OK"
8654,10408502072,10408502136,1,"IOTHUB_CLIENT_CONFIRMATION_OK"
8655,10408502272,10408502311,1,"IOTHUB_CLIENT_CONFIRMATION_OK"
8656,10408502472,10408502598,1,"IOTHUB_CLIENT_CONFIRMATION_OK"
8657,10408502672,10408502725,1,"IOTHUB_CLIENT_CONFIRMATION_OK"
8658,10408502873,10408502905,1,"IOTHUB_CLIENT_CONFIRMATION_OK"
8659,10408503073,10408503174,1,"IOTHUB_CLIENT_CONFIRMATION_OK"
8660,10408503273,10408503318,1,"IOTHUB_CLIENT_CONFIRMATION_OK"
8661,10408503473,10408503524,1,"IOTHUB_CLIENT_CONFIRMATION_OK"
8662,10408503673,10408503714,1,"IOTHUB_CLIENT_CONFIRMATION_OK"
8663,10408503873,10408503924,1,"IOTHUB_CLIENT_CONFIRMATION_OK"
8664,10408504074,10408504139,1,"IOTHUB_CLIENT_CONFIRMATION_OK"
8665,10408504274,10408504315,1,"IOTHUB_CLIENT_CONFIRMATION_OK"
8666,10408504474,10408504654,1,"IOTHUB_CLIENT_CONFIRMATION_OK"
8667,10408504674,10408504728,1,"IOTHUB_CLIENT_CONFIRMATION_OK"
8668,10408504874,10408504927,1,"IOTHUB_CLIENT_CONFIRMATION_OK"
8669,10408505074,10408505123,1,"IOTHUB_CLIENT_CONFIRMATION_OK"
8670,10408505275,10408505317,1,"IOTHUB_CLIENT_CONFIRMATION_OK"
8671,10408505475,10408505535,1,"IOTHUB_CLIENT_CONFIRMATION_OK"
8672,10408505675,10408505712,1,"IOTHUB_CLIENT_CONFIRMATION_OK"
8673,10408505875,10408505916,1,"IOTHUB_CLIENT_CONFIRMATION_OK"
8674,10408506075,10408506109,1,"IOTHUB_CLIENT_CONFIRMATION_OK"
8675,10408506275,10408506312,1,"IOTHUB_CLIENT_CONFIRMATION_OK"
8676,10408506475,10408506509,1,"IOTHUB_CLIENT_CONFIRMATION_OK"
8677,10408506676,10408506738,1,"IOTHUB_CLIENT_CONFIRMATION_OK"
8678,10408506876,10408506934,1,"IOTHUB_CLIENT_CONFIRMATION_OK"
8679,10408507076,10408507241,1,"IOTHUB_CLIENT_CONFIRMATION_OK"
8680,10408507276,10408507325,1,"IOTHUB_CLIENT_CONFIRMATION_OK"
8681,10408507476,10408507551,1,"IOTHUB_CLIENT_CONFIRMATION_OK"
8682,10408507676,10408507750,1,"IOTHUB_CLIENT_CONFIRMATION_OK"
8683,10408507877,10408507925,1,"IOTHUB_CLIENT_CONFIRMATION_OK"
8684,10408508077,10408508156,1,"IOTHUB_CLIENT_CONFIRMATION_OK"
8685,10408508277,10408508314,1,"IOTHUB_CLIENT_CONFIRMATION_OK"
8686,10408508477,10408508528,1,"IOTHUB_CLIENT_CONFIRMATION_OK"
8687,10408508677,10408508765,1,"IOTHUB_CLIENT_CONFIRMATION_OK"
8688,10408508877,10408508929,1,"IOTHUB_CLIENT_CONFIRMATION_OK"
8689,10408509078,10408509121,1,"IOTHUB_CLIENT_CONFIRMATION_OK"
8690,10408509278,10408509388,1,"IOTHUB_CLIENT_CONFIRMATION_OK"
8691,10408509478,10408509522,1,"IOTHUB_CLIENT_CONFIRMATION_OK"
8692,10408509678,10408509741,1,"IOTHUB_CLIENT_CONFIRMATION_OK"
8693,10408509878,10408509930,1,"IOTHUB_CLIENT_CONFIRMATION_OK"
8694,10408510078,10408510115,1,"IOTHUB_CLIENT_CONFIRMATION_OK"
8695,10408510278,10408510332,1,"IOTHUB_CLIENT_CONFIRMATION_OK"
8696,10408510479,10408510644,1,"IOTHUB_CLIENT_CONFIRMATION_OK"
8697,10408510679,10408510741,1,"IOTHUB_CLIENT_CONFIRMATION_OK"
8698,10408510879,10408510911,1,"IOTHUB_CLIENT_CONFIRMATION_OK"
8699,10408511079,10408511118,1,"IOTHUB_CLIENT_CONFIRMATION_OK"
8700,10408511279,10408511335,1,"IOTHUB_CLIENT_CONFIRMATION_OK"
8701,10408511479,10408511533,1,"IOTHUB_CLIENT_CONFIRMATION_OK"
8702,10408511680,10408511738,1,"IOTHUB_CLIENT_CONFIRMATION_OK"
8703,10408511880,10408511936,1,"IOTHUB_CLIENT_CONFIRMATION_OK"
8704,10408512080,10408512124,1,"IOTHUB_CLIENT_CONFIRMATION_OK"
8705,10408512280,10408512337,1,"IOTHUB_CLIENT_CONFIRMATION_OK"
8706,10408512480,10408512700,1,"IOTHUB_CLIENT_CONFIRMATION_OK"
8707,10408512680,10408512785,1,"IOTHUB_CLIENT_CONFIRMATION_OK"
8708,10408512880,10408512918,1,"IOTHUB_CLIENT_CONFIRMATION_OK"
8709,10408513081,10408513122,1,"IOTHUB_CLIENT_CONFIRMATION_OK"
8710,10408513281,10408513352,1,"IOTHUB_CLIENT_CONFIRMATION_OK"
8711,10408513481,10408513545,1,"IOTHUB_CLIENT_CONFIRMATION_OK"
8712,10408513681,10408513753,1,"IOTHUB_CLIENT_CONFIRMATION_OK"
8713,10408513881,10408513947,1,"IOTHUB_CLIENT_CONFIRMATION_OK"
8714,10408514081,10408514125,1,"IOTHUB_CLIENT_CONFIRMATION_OK"
8715,10408514282,10408514337,1,"IOTHUB_CLIENT_CONFIRMATION_OK"
8716,10408514482,10408514530,1,"IOTHUB_CLIENT_CONFIRMATION_OK"
8717,10408514682,10408514715,1,"IOTHUB_CLIENT_CONFIRMATION_OK"
8718,10408514882,10408514922,1,"IOTHUB_CLIENT_CONFIRMATION_OK"
8719,10408515082,10408515134,1,"IOTHUB_CLIENT_CONFIRMATION_OK"
8720,10408515282,10408515321,1,"IOTHUB_CLIENT_CONFIRMATION_OK"
8721,10408515483,10408515524,1,"IOTHUB_CLIENT_CONFIRMATION_OK"
8722,10408515683,10408515736,1,"IOTHUB_CLIENT_CONFIRMATION_OK"
8723,10408515883,10408515926,1,"IOTHUB_CLIENT_CONFIRMATION_OK"
8724,10408516083,10408516131,1,"IOTHUB_CLIENT_CONFIRMATION_OK"
8725,10408516283,10408516328,1,"IOTHUB_CLIENT_CONFIRMATION_OK"
8726,10408516483,10408516520,1,"IOTHUB_CLIENT_CONFIRMATION_OK"
8727,10408516683,10408516755,1,"IOTHUB_CLIENT_CONFIRMATION_OK"
8728,10408516884,10408516924,1,"IOTHUB_CLIENT_CONFIRMATION_OK"
8729,10408517084,10408517114,1,"IOTHUB_CLIENT_CONFIRMATION_OK"
8730,10408517284,10408517330,1,"IOTHUB_CLIENT_CONFIRMATION_OK"
8731,10408517484,10408517563,1,"IOTHUB_CLIENT_CONFIRMATION_OK"
8732,10408517684,10408517742,1,"IOTHUB_CLIENT_CONFIRMATION_OK"
8733,10408517884,10408517960,1,"IOTHUB_CLIENT_CONFIRMATION_OK"
8734,10408518085,10408518116,1,"IOTHUB_CLIENT_CONFIRMATION_OK"
8735,10408518285,10408518325,1,"IOTHUB_CLIENT_CONFIRMATION_OK"
8736,10408518494,10408518585,1,"IOTHUB_CLIENT_CONFIRMATION_OK"
8737,10408518694,10408518739,1,"IOTHUB_CLIENT_CONFIRMATION_OK"
8738,10408518894,10408518950,1,"IOTHUB_CLIENT_CONFIRMATION_OK"
8739,10408519094,10408519135,1,"IOTHUB_CLIENT_CONFIRMATION_OK"
8740,10408519294,10408519347,1,"IOTHUB_CLIENT_CONFIRMATION_OK"
8741,10408519494,10408519538,1,"IOTHUB_CLIENT_CONFIRMATION_OK"
8742,10408519695,10408519738,1,"IOTHUB_CLIENT_CONFIRMATION_OK"
8743,10408519895,10408519948,1,"IOTHUB_CLIENT_CONFIRMATION_OK"
8744,10408520095,10408520298,1,"IOTHUB_CLIENT_CONFIRMATION_OK"
8745,10408520295,10408520342,1,"IOTHUB_CLIENT_CONFIRMATION_OK"
8746,10408520495,10408520775,1,"IOTHUB_CLIENT_CONFIRMATION_OK"
8747,10408520695,10408520814,1,"IOTHUB_CLIENT_CONFIRMATION_OK"
8748,10408520896,10408520950,1,"IOTHUB_CLIENT_CONFIRMATION_OK"
8749,10408521096,10408521142,1,"IOTHUB_CLIENT_CONFIRMATION_OK"
8750,10408521296,10408521339,1,"IOTHUB_CLIENT_CONFIRMATION_OK"
8751,10408521496,10408521544,1,"IOTHUB_CLIENT_CONFIRMATION_OK"
8752,10408521696,10408521735,1,"IOTHUB_CLIENT_CONFIRMATION_OK"
8753,10408521896,10408522001,1,"IOTHUB_CLIENT_CONFIRMATION_OK"
8754,10408522097,10408522144,1,"IOTHUB_CLIENT_CONFIRMATION_OK"
8755,10408522297,10408522343,1,"IOTHUB_CLIENT_CONFIRMATION_OK"
8756,10408522497,10408522621,1,"IOTHUB_CLIENT_CONFIRMATION_OK"
8757,10408522697,10408522744,1,"IOTHUB_CLIENT_CONFIRMATION_OK"
8758,10408522897,10408522941,1,"IOTHUB_CLIENT_CONFIRMATION_OK"
8759,10408523097,10408523145,1,"IOTHUB_CLIENT_CONFIRMATION_OK"
8760,10408523297,10408523345,1,"IOTHUB_CLIENT_CONFIRMATION_OK"
8761,10408523498,10408523550,1,"IOTHUB_CLIENT_CONFIRMATION_OK"
8762,10408523698,10408523741,1,"IOTHUB_CLIENT_CONFIRMATION_OK"
8763,10408523898,10408523946,1,"IOTHUB_CLIENT_CONFIRMATION_OK"
8764,10408524098,10408524140,1,"IOTHUB_CLIENT_CONFIRMATION_OK"
8765,10408524298,10408524382,1,"IOTHUB_CLIENT_CONFIRMATION_OK"
8766,10408524498,10408524653,1,"IOTHUB_CLIENT_CONFIRMATION_OK"
8767,10408524699,10408524747,1,"IOTHUB_CLIENT_CONFIRMATION_OK"
8768,10408524899,10408524949,1,"IOTHUB_CLIENT_CONFIRMATION_OK"
8769,10408525099,10408525153,1,"IOTHUB_CLIENT_CONFIRMATION_OK"
8770,10408525299,10408525353,1,"IOTHUB_CLIENT_CONFIRMATION_OK"
8771,10408525499,10408525572,1,"IOTHUB_CLIENT_CONFIRMATION_OK"
8772,10408525699,10408525762,1,"IOTHUB_CLIENT_CONFIRMATION_OK"
8773,10408525900,10408525958,1,"IOTHUB_CLIENT_CONFIRMATION_OK"
8774,10408526100,10408526166,1,"IOTHUB_CLIENT_CONFIRMATION_OK"
8775,10408526300,10408526363,1,"IOTHUB_CLIENT_CONFIRMATION_OK"
8776,10408526500,10408526547,1,"IOTHUB_CLIENT_CONFIRMATION_OK"
8777,10408526700,10408526746,1,"IOTHUB_CLIENT_CONFIRMATION_OK"
8778,10408526900,10408526955,1,"IOTHUB_CLIENT_CONFIRMATION_OK"
8779,10408527100,10408527150,1,"IOTHUB_CLIENT_CONFIRMATION_OK"
8780,10408527301,10408527345,1,"IOTHUB_CLIENT_CONFIRMATION_OK"
8781,10408527501,10408527543,1,"IOTHUB_CLIENT_CONFIRMATION_OK"
8782,10408527701,10408527774,1,"IOTHUB_CLIENT_CONFIRMATION_OK"
8783,10408527901,10408528010,1,"IOTHUB_CLIENT_CONFIRMATION_OK"
8784,10408528101,10408528149,1,"IOTHUB_CLIENT_CONFIRMATION_OK"
8785,10408528301,10408528370,1,"IOTHUB_CLIENT_CONFIRMATION_OK"
8786,10408528502,10408528596,1,"IOTHUB_CLIENT_CONFIRMATION_OK"
8787,10408528702,10408528758,1,"IOTHUB_CLIENT_CONFIRMATION_OK"
8788,10408528902,10408528940,1,"IOTHUB_CLIENT_CONFIRMATION_OK"
8789,10408529102,10408529161,1,"IOTHUB_CLIENT_CONFIRMATION_OK"
8790,10408529302,10408529400,1,"IOTHUB_CLIENT_CONFIRMATION_OK"
8791,10408529502,10408529579,1,"IOTHUB_CLIENT_CONFIRMATION_OK"
8792,10408529703,10408529752,1,"IOTHUB_CLIENT_CONFIRMATION_OK"
8793,10408529903,10408529946,1,"IOTHUB_CLIENT_CONFIRMATION_OK"
8794,10408530103,10408530149,1,"IOTHUB_CLIENT_CONFIRMATION_OK"
8795,10408530303,10408530352,1,"IOTHUB_CLIENT_CONFIRMATION_OK"
8796,10408530503,10408530656,1,"IOTHUB_CLIENT_CONFIRMATION_OK"
8797,10408530703,10408530746,1,"IOTHUB_CLIENT_CONFIRMATION_OK"
8798,10408530903,10408530983,1,"IOTHUB_CLIENT_CONFIRMATION_OK"
8799,10408531104,10408531153,1,"IOTHUB_CLIENT_CONFIRMATION_OK"
8800,10408531304,10408531354,1,"IOTHUB_CLIENT_CONFIRMATION_OK"
8801,10408531504,10408531549,1,"IOTHUB_CLIENT_CONFIRMATION_OK"
8802,10408531704,10408531844,1,"IOTHUB_CLIENT_CONFIRMATION_OK"
8803,10408531904,10408531947,1,"IOTHUB_CLIENT_CONFIRMATION_OK"
8804,10408532104,10408532139,1,"IOTHUB_CLIENT_CONFIRMATION_OK"
8805,10408532305,10408532338,1,"IOTHUB_CLIENT_CONFIRMATION_OK"
8806,10408532505,10408532551,1,"IOTHUB_CLIENT_CONFIRMATION_OK"
8807,10408532705,10408532754,1,"IOTHUB_CLIENT_CONFIRMATION_OK"
8808,10408532905,10408532993,1,"IOTHUB_CLIENT_CONFIRMATION_OK"
8809,10408533105,10408533173,1,"IOTHUB_CLIENT_CONFIRMATION_OK"
8810,10408533305,10408533359,1,"IOTHUB_CLIENT_CONFIRMATION_OK"
8811,10408533506,10408533568,1,"IOTHUB_CLIENT_CONFIRMATION_OK"
8812,10408533706,10408533755,1,"IOTHUB_CLIENT_CONFIRMATION_OK"
8813,10408533906,10408533972,1,"IOTHUB_CLIENT_CONFIRMATION_OK"
8814,10408534106,10408534156,1,"IOTHUB_CLIENT_CONFIRMATION_OK"
8815,10408534306,10408534342,1,"IOTHUB_CLIENT_CONFIRMATION_OK"
8816,10408534506,10408534556,1,"IOTHUB_CLIENT_CONFIRMATION_OK"
8817,10408534706,10408534757,1,"IOTHUB_CLIENT_CONFIRMATION_OK"
8818,10408534907,10408534977,1,"IOTHUB_CLIENT_CONFIRMATION_OK"
8819,10408535107,10408535153,1,"IOTHUB_CLIENT_CONFIRMATION_OK"
8820,10408535307,10408535370,1,"IOTHUB_CLIENT_CONFIRMATION_OK"
8821,10408535507,10408535548,1,"IOTHUB_CLIENT_CONFIRMATION_OK"
8822,10408535707,10408535768,1,"IOTHUB_CLIENT_CONFIRMATION_OK"
8823,10408535907,10408535962,1,"IOTHUB_CLIENT_CONFIRMATION_OK"
8824,10408536107,10408536145,1,"IOTHUB_CLIENT_CONFIRMATION_OK"
8825,10408536308,10408536350,1,"IOTHUB_CLIENT_CONFIRMATION_OK"
8826,10408536508,10408536665,1,"IOTHUB_CLIENT_CONFIRMATION_OK"
8827,10408536708,10408536758,1,"IOTHUB_CLIENT_CONFIRMATION_OK"
8828,10408536908,10408536979,1,"IOTHUB_CLIENT_CONFIRMATION_OK"
8829,10408537108,10408537165,1,"IOTHUB_CLIENT_CONFIRMATION_OK"
8830,10408537308,10408537351,1,"IOTHUB_CLIENT_CONFIRMATION_OK"
8831,10408537509,10408537552,1,"IOTHUB_CLIENT_CONFIRMATION_OK"
8832,10408537709,10408537767,1,"IOTHUB_CLIENT_CONFIRMATION_OK"
8833,10408537909,10408538004,1,"IOTHUB_CLIENT_CONFIRMATION_OK"
8834,10408538109,10408538157,1,"IOTHUB_CLIENT_CONFIRMATION_OK"
8835,10408538309,10408538355,1,"IOTHUB_CLIENT_CONFIRMATION_OK"
8836,10408538509,10408538602,1,"IOTHUB_CLIENT_CONFIRMATION_OK"
8837,10408538710,10408538751,1,"IOTHUB_CLIENT_CONFIRMATION_OK"
8838,10408538910,10408538960,1,"IOTHUB_CLIENT_CONFIRMATION_OK"
8839,10408539110,10408539180,1,"IOTHUB_CLIENT_CONFIRMATION_OK"
8840,10408539310,10408539358,1,"IOTHUB_CLIENT_CONFIRMATION_OK"
8841,10408539510,10408539557,1,"IOTHUB_CLIENT_CONFIRMATION_OK"
8842,10408539710,10408539747,1,"IOTHUB_CLIENT_CONFIRMATION_OK"
8843,10408539910,10408539973,1,"IOTHUB_CLIENT_CONFIRMATION_OK"
8844,10408540111,10408540183,1,"IOTHUB_CLIENT_CONFIRMATION_OK"
8845,10408540311,10408540350,1,"IOTHUB_CLIENT_CONFIRMATION_OK"
8846,10408540511,10408540671,1,"IOTHUB_CLIENT_CONFIRMATION_OK"
8847,10408540711,10408540784,1,"IOTHUB_CLIENT_CONFIRMATION_OK"
8848,10408540911,10408540971,1,"IOTHUB_CLIENT_CONFIRMATION_OK"
8849,10408541111,10408541195,1,"IOTHUB_CLIENT_CONFIRMATION_OK"
8850,10408541312,10408541355,1,"IOTHUB_CLIENT_CONFIRMATION_OK"
8851,10408541512,10408541566,1,"IOTHUB_CLIENT_CONFIRMATION_OK"
8852,10408541712,10408541762,1,"IOTHUB_CLIENT_CONFIRMATION_OK"
8853,10408541912,10408541954,1,"IOTHUB_CLIENT_CONFIRMATION_OK"
8854,10408542112,10408542217,1,"IOTHUB_CLIENT_CONFIRMATION_OK"
8855,10408542312,10408542365,1,"IOTHUB_CLIENT_CONFIRMATION_OK"
8856,10408542513,10408542722,1,"IOTHUB_CLIENT_CONFIRMATION_OK"
8857,10408542713,10408542778,1,"IOTHUB_CLIENT_CONFIRMATION_OK"
8858,10408542913,10408542949,1,"IOTHUB_CLIENT_CONFIRMATION_OK"
8859,10408543113,10408543151,1,"IOTHUB_CLIENT_CONFIRMATION_OK"
8860,10408543313,10408543354,1,"IOTHUB_CLIENT_CONFIRMATION_OK"
8861,10408543513,10408543551,1,"IOTHUB_CLIENT_CONFIRMATION_OK"
8862,10408543714,10408543769,1,"IOTHUB_CLIENT_CONFIRMATION_OK"
8863,10408543914,10408543962,1,"IOTHUB_CLIENT_CONFIRMATION_OK"
8864,10408544114,10408544164,1,"IOTHUB_CLIENT_CONFIRMATION_OK"
8865,10408544314,10408544370,1,"IOTHUB_CLIENT_CONFIRMATION_OK"
8866,10408544514,10408545433,1,"IOTHUB_CLIENT_CONFIRMATION_OK"
8867,10408544714,10408545530,1,"IOTHUB_CLIENT_CONFIRMATION_OK"
8868,10408544914,10408545614,1,"IOTHUB_CLIENT_CONFIRMATION_OK"
8869,10408545115,10408545691,1,"IOTHUB_CLIENT_CONFIRMATION_OK"
8870,10408545315,10408545771,1,"IOTHUB_CLIENT_CONFIRMATION_OK"
8871,10408545515,10408545891,1,"IOTHUB_CLIENT_CONFIRMATION_OK"
8872,10408545715,10408545994,1,"IOTHUB_CLIENT_CONFIRMATION_OK"
8873,10408545915,10408546093,1,"IOTHUB_CLIENT_CONFIRMATION_OK"
8874,10408546115,10408546182,1,"IOTHUB_CLIENT_CONFIRMATION_OK"
8875,10408546316,10408546358,1,"IOTHUB_CLIENT_CONFIRMATION_OK"
8876,10408546516,10408546560,1,"IOTHUB_CLIENT_CONFIRMATION_OK"
8877,10408546716,10408546766,1,"IOTHUB_CLIENT_CONFIRMATION_OK"
8878,10408546916,10408546965,1,"IOTHUB_CLIENT_CONFIRMATION_OK"
8879,10408547116,10408547158,1,"IOTHUB_CLIENT_CONFIRMATION_OK"
8880,10408547316,10408547365,1,"IOTHUB_CLIENT_CONFIRMATION_OK"
8881,10408547517,10408547598,1,"IOTHUB_CLIENT_CONFIRMATION_OK"
8882,10408547717,10408547778,1,"IOTHUB_CLIENT_CONFIRMATION_OK"
8883,10408547917,10408548017,1,"IOTHUB_CLIENT_CONFIRMATION_OK"
8884,10408548117,10408548170,1,"IOTHUB_CLIENT_CONFIRMATION_OK"
8885,10408548317,10408548362,1,"IOTHUB_CLIENT_CONFIRMATION_OK"
8886,10408548517,10408548636,1,"IOTHUB_CLIENT_CONFIRMATION_OK"
8887,10408548717,10408548773,1,"IOTHUB_CLIENT_CONFIRMATION_OK"
8888,10408548918,10408548962,1,"IOTHUB_CLIENT_CONFIRMATION_OK"
8889,10408549118,10408549160,1,"IOTHUB_CLIENT_CONFIRMATION_OK"
8890,10408549318,10408549372,1,"IOTHUB_CLIENT_CONFIRMATION_OK"
8891,10408549518,10408549572,1,"IOTHUB_CLIENT_CONFIRMATION_OK"
8892,10408549718,10408549757,1,"IOTHUB_CLIENT_CONFIRMATION_OK"
8893,10408549918,10408549959,1,"IOTHUB_CLIENT_CONFIRMATION_OK"
8894,10408550119,10408550161,1,"IOTHUB_CLIENT_CONFIRMATION_OK"
8895,10408550319,10408550365,1,"IOTHUB_CLIENT_CONFIRMATION_OK"
8896,10408550519,10408550573,1,"IOTHUB_CLIENT_CONFIRMATION_OK"
8897,10408550719,10408550778,1,"IOTHUB_CLIENT_CONFIRMATION_OK"
8898,10408550919,10408551004,1,"IOTHUB_CLIENT_CONFIRMATION_OK"
8899,10408551119,10408551156,1,"IOTHUB_CLIENT_CONFIRMATION_OK"
8900,10408551320,10408551359,1,"IOTHUB_CLIENT_CONFIRMATION_OK"
8901,10408551520,10408551564,1,"IOTHUB_CLIENT_CONFIRMATION_OK"
8902,10408551720,10408551757,1,"IOTHUB_CLIENT_CONFIRMATION_OK"
8903,10408551920,10408551965,1,"IOTHUB_CLIENT_CONFIRMATION_OK"
8904,10408552120,10408552207,1,"IOTHUB_CLIENT_CONFIRMATION_OK"
8905,10408552320,10408552376,1,"IOTHUB_CLIENT_CONFIRMATION_OK"
8906,10408552521,10408552626,1,"IOTHUB_CLIENT_CONFIRMATION_OK"
8907,10408552721,10408552771,1,"IOTHUB_CLIENT_CONFIRMATION_OK"
8908,10408552921,10408552970,1,"IOTHUB_CLIENT_CONFIRMATION_OK"
8909,10408553121,10408553168,1,"IOTHUB_CLIENT_CONFIRMATION_OK"
8910,10408553321,10408553405,1,"IOTHUB_CLIENT_CONFIRMATION_OK"
8911,10408553521,10408553555,1,"IOTHUB_CLIENT_CONFIRMATION_OK"
8912,10408553722,10408553765,1,"IOTHUB_CLIENT_CONFIRMATION_OK"
8913,10408553922,10408554012,1,"IOTHUB_CLIENT_CONFIRMATION_OK"
8914,10408554122,10408554201,1,"IOTHUB_CLIENT_CONFIRMATION_OK"
8915,10408554322,10408554364,1,"IOTHUB_CLIENT_CONFIRMATION_OK"
8916,10408554522,10408554569,1,"IOTHUB_CLIENT_CONFIRMATION_OK"
8917,10408554722,10408554761,1,"IOTHUB_CLIENT_CONFIRMATION_OK"
8918,10408554922,10408554970,1,"IOTHUB_CLIENT_CONFIRMATION_OK"
8919,10408555123,10408555163,1,"IOTHUB_CLIENT_CONFIRMATION_OK"
8920,10408555323,10408555475,1,"IOTHUB_CLIENT_CONFIRMATION_OK"
8921,10408555523,10408555594,1,"IOTHUB_CLIENT_CONFIRMATION_OK"
8922,10408555723,10408555780,1,"IOTHUB_CLIENT_CONFIRMATION_OK"
8923,10408555923,10408555984,1,"IOTHUB_CLIENT_CONFIRMATION_OK"
8924,10408556123,10408556174,1,"IOTHUB_CLIENT_CONFIRMATION_OK"
8925,10408556324,10408556366,1,"IOTHUB_CLIENT_CONFIRMATION_OK"
8926,10408556524,10408556588,1,"IOTHUB_CLIENT_CONFIRMATION_OK"
8927,10408556724,10408556775,1,"IOTHUB_CLIENT_CONFIRMATION_OK"
8928,10408556924,10408556965,1,"IOTHUB_CLIENT_CONFIRMATION_OK"
8929,10408557124,10408557166,1,"IOTHUB_CLIENT_CONFIRMATION_OK"
8930,10408557324,10408557367,1,"IOTHUB_CLIENT_CONFIRMATION_OK"
8931,10408557525,10408557564,1,"IOTHUB_CLIENT_CONFIRMATION_OK"
8932,10408557725,10408557763,1,"IOTHUB_CLIENT_CONFIRMATION_OK"
8933,10408557925,10408558025,1,"IOTHUB_CLIENT_CONFIRMATION_OK"
8934,10408558125,10408558175,1,"IOTHUB_CLIENT_CONFIRMATION_OK"
8935,10408558325,10408558365,1,"IOTHUB_CLIENT_CONFIRMATION_OK"
8936,10408558525,10408558624,1,"IOTHUB_CLIENT_CONFIRMATION_OK"
8937,10408558726,10408558782,1,"IOTHUB_CLIENT_CONFIRMATION_OK"
8938,10408558926,10408558996,1,"IOTHUB_CLIENT_CONFIRMATION_OK"
8939,10408559126,10408559172,1,"IOTHUB_CLIENT_CONFIRMATION_OK"
8940,10408559326,10408559381,1,"IOTHUB_CLIENT_CONFIRMATION_OK"
8941,10408559526,10408559574,1,"IOTHUB_CLIENT_CONFIRMATION_OK"
8942,10408559726,10408559792,1,"IOTHUB_CLIENT_CONFIRMATION_OK"
8943,10408559927,10408559982,1,"IOTHUB_CLIENT_CONFIRMATION_OK"
8944,10408560127,10408560180,1,"IOTHUB_CLIENT_CONFIRMATION_OK"
8945,10408560327,10408560398,1,"IOTHUB_CLIENT_CONFIRMATION_OK"
8946,10408560527,10408560686,1,"IOTHUB_CLIENT_CONFIRMATION_OK"
8947,10408560727,10408560777,1,"IOTHUB_CLIENT_CONFIRMATION_OK"
8948,10408560927,10408560996,1,"IOTHUB_CLIENT_CONFIRMATION_OK"
8949,10408561128,10408561189,1,"IOTHUB_CLIENT_CONFIRMATION_OK"
8950,10408561328,10408561374,1,"IOTHUB_CLIENT_CONFIRMATION_OK"
8951,10408561528,10408561575,1,"IOTHUB_CLIENT_CONFIRMATION_OK"
8952,10408561728,10408561797,1,"IOTHUB_CLIENT_CONFIRMATION_OK"
8953,10408561928,10408561984,1,"IOTHUB_CLIENT_CONFIRMATION_OK"
8954,10408562128,10408562178,1,"IOTHUB_CLIENT_CONFIRMATION_OK"
8955,10408562329,10408562370,1,"IOTHUB_CLIENT_CONFIRMATION_OK"
8956,10408562529,10408562600,1,"IOTHUB_CLIENT_CONFIRMATION_OK"
8957,10408562729,10408562783,1,"IOTHUB_CLIENT_CONFIRMATION_OK"
8958,10408562929,10408562978,1,"IOTHUB_CLIENT_CONFIRMATION_OK"
8959,10408563129,10408563200,1,"IOTHUB_CLIENT_CONFIRMATION_OK"
8960,10408563329,10408563402,1,"IOTHUB_CLIENT_CONFIRMATION_OK"
8961,10408563530,10408563577,1,"IOTHUB_CLIENT_CONFIRMATION_OK"
8962,10408563730,10408563787,1,"IOTHUB_CLIENT_CONFIRMATION_OK"
8963,10408563930,10408564027,1,"IOTHUB_CLIENT_CONFIRMATION_OK"
8964,10408564130,10408564206,1,"IOTHUB_CLIENT_CONFIRMATION_OK"
8965,10408564330,10408564385,1,"IOTHUB_CLIENT_CONFIRMATION_OK"
8966,10408564530,10408564629,1,"IOTHUB_CLIENT_CONFIRMATION_OK"
8967,10408564731,10408564771,1,"IOTHUB_CLIENT_CONFIRMATION_OK"
8968,10408564931,10408564987,1,"IOTHUB_CLIENT_CONFIRMATION_OK"
8969,10408565131,10408565177,1,"IOTHUB_CLIENT_CONFIRMATION_OK"
8970,10408565331,10408565403,1,"IOTHUB_CLIENT_CONFIRMATION_OK"
8971,10408565531,10408565607,1,"IOTHUB_CLIENT_CONFIRMATION_OK"
8972,10408565731,10408565801,1,"IOTHUB_CLIENT_CONFIRMATION_OK"
8973,10408565932,10408565989,1,"IOTHUB_CLIENT_CONFIRMATION_OK"
8974,10408566132,10408566255,1,"IOTHUB_CLIENT_CONFIRMATION_OK"
8975,10408566332,10408566385,1,"IOTHUB_CLIENT_CONFIRMATION_OK"
8976,10408566532,10408566676,1,"IOTHUB_CLIENT_CONFIRMATION_OK"
8977,10408566732,10408566800,1,"IOTHUB_CLIENT_CONFIRMATION_OK"
8978,10408566932,10408566976,1,"IOTHUB_CLIENT_CONFIRMATION_OK"
8979,10408567132,10408567187,1,"IOTHUB_CLIENT_CONFIRMATION_OK"
8980,10408567333,10408567369,1,"IOTHUB_CLIENT_CONFIRMATION_OK"
8981,10408567533,10408567575,1,"IOTHUB_CLIENT_CONFIRMATION_OK"
8982,10408567733,10408567787,1,"IOTHUB_CLIENT_CONFIRMATION_OK"
8983,10408567933,10408568016,1,"IOTHUB_CLIENT_CONFIRMATION_OK"
8984,10408568133,10408568223,1,"IOTHUB_CLIENT_CONFIRMATION_OK"
8985,10408568333,10408568419,1,"IOTHUB_CLIENT_CONFIRMATION_OK"
8986,10408568534,10408568636,1,"IOTHUB_CLIENT_CONFIRMATION_OK"
8987,10408568734,10408568780,1,"IOTHUB_CLIENT_CONFIRMATION_OK"
8988,10408568934,10408568990,1,"IOTHUB_CLIENT_CONFIRMATION_OK"
8989,10408569134,10408569193,1,"IOTHUB_CLIENT_CONFIRMATION_OK"
8990,10408569334,10408569371,1,"IOTHUB_CLIENT_CONFIRMATION_OK"
8991,10408569534,10408569590,1,"IOTHUB_CLIENT_CONFIRMATION_OK"
8992,10408569734,10408569825,1,"IOTHUB_CLIENT_CONFIRMATION_OK"
8993,10408569935,10408569984,1,"IOTHUB_CLIENT_CONFIRMATION_OK"
8994,10408570135,10408570171,1,"IOTHUB_CLIENT_CONFIRMATION_OK"
8995,10408570335,10408570383,1,"IOTHUB_CLIENT_CONFIRMATION_OK"
8996,10408570535,10408570673,1,"IOTHUB_CLIENT_CONFIRMATION_OK"
8997,10408570735,10408570826,1,"IOTHUB_CLIENT_CONFIRMATION_OK"
8998,10408570935,10408570986,1,"IOTHUB_CLIENT_CONFIRMATION_OK"
8999,10408571136,10408571194,1,"IOTHUB_CLIENT_CONFIRMATION_OK"
9000,10408571336,10408571399,1,"IOTHUB_CLIENT_CONFIRMATION_OK"
9001,10408571536,10408571579,1,"IOTHUB_CLIENT_CONFIRMATION_OK"
9002,10408571736,10408571806,1,"IOTHUB_CLIENT_CONFIRMATION_OK"
9003,10408571936,10408571970,1,"IOTHUB_CLIENT_CONFIRMATION_OK"
9004,10408572136,10408572174,1,"IOTHUB_CLIENT_CONFIRMATION_OK"
9005,10408572337,10408572411,1,"IOTHUB_CLIENT_CONFIRMATION_OK"
9006,10408572537,10408572575,1,"IOTHUB_CLIENT_CONFIRMATION_OK"
9007,10408572737,10408572789,1,"IOTHUB_CLIENT_CONFIRMATION_OK"
9008,10408572937,10408572985,1,"IOTHUB_CLIENT_CONFIRMATION_OK"
9009,10408573137,10408573209,1,"IOTHUB_CLIENT_CONFIRMATION_OK"
9010,10408573337,10408573381,1,"IOTHUB_CLIENT_CONFIRMATION_OK"
9011,10408573537,10408573589,1,"IOTHUB_CLIENT_CONFIRMATION_OK"
9012,10408573738,10408573786,1,"IOTHUB_CLIENT_CONFIRMATION_OK"
9013,10408573938,10408573983,1,"IOTHUB_CLIENT_CONFIRMATION_OK"
9014,10408574138,10408574230,1,"IOTHUB_CLIENT_CONFIRMATION_OK"
9015,10408574338,10408574375,1,"IOTHUB_CLIENT_CONFIRMATION_OK"
9016,10408574538,10408574582,1,"IOTHUB_CLIENT_CONFIRMATION_OK"
9017,10408574738,10408575376,1,"IOTHUB_CLIENT_CONFIRMATION_OK"
9018,10408574938,10408575489,1,"IOTHUB_CLIENT_CONFIRMATION_OK"
9019,10408575139,10408575594,1,"IOTHUB_CLIENT_CONFIRMATION_OK"
9020,10408575339,10408575699,1,"IOTHUB_CLIENT_CONFIRMATION_OK"
9021,10408575539,10408575792,1,"IOTHUB_CLIENT_CONFIRMATION_OK"
9022,10408575739,10408575926,1,"IOTHUB_CLIENT_CONFIRMATION_OK"
9023,10408575939,10408576000,1,"IOTHUB_CLIENT_CONFIRMATION_OK"
9024,10408576139,10408576197,1,"IOTHUB_CLIENT_CONFIRMATION_OK"
9025,10408576340,10408576377,1,"IOTHUB_CLIENT_CONFIRMATION_OK"
9026,10408576540,10408576597,1,"IOTHUB_CLIENT_CONFIRMATION_OK"
9027,10408576740,10408576798,1,"IOTHUB_CLIENT_CONFIRMATION_OK"
9028,10408576940,10408576981,1,"IOTHUB_CLIENT_CONFIRMATION_OK"
9029,10408577140,10408577179,1,"IOTHUB_CLIENT_CONFIRMATION_OK"
9030,10408577340,10408577391,1,"IOTHUB_CLIENT_CONFIRMATION_OK"
9031,10408577541,10408577620,1,"IOTHUB_CLIENT_CONFIRMATION_OK"
9032,10408577741,10408577784,1,"IOTHUB_CLIENT_CONFIRMATION_OK"
9033,10408577941,10408578038,1,"IOTHUB_CLIENT_CONFIRMATION_OK"
9034,10408578141,10408578193,1,"IOTHUB_CLIENT_CONFIRMATION_OK"
9035,10408578341,10408578407,1,"IOTHUB_CLIENT_CONFIRMATION_OK"
9036,10408578541,10408578645,1,"IOTHUB_CLIENT_CONFIRMATION_OK"
9037,10408578742,10408578789,1,"IOTHUB_CLIENT_CONFIRMATION_OK"
9038,10408578942,10408579068,1,"IOTHUB_CLIENT_CONFIRMATION_OK"
9039,10408579142,10408579185,1,"IOTHUB_CLIENT_CONFIRMATION_OK"
9040,10408579342,10408579385,1,"IOTHUB_CLIENT_CONFIRMATION_OK"
9041,10408579542,10408579597,1,"IOTHUB_CLIENT_CONFIRMATION_OK"
9042,10408579742,10408579792,1,"IOTHUB_CLIENT_CONFIRMATION_OK"
9043,10408579943,10408580044,1,"IOTHUB_CLIENT_CONFIRMATION_OK"
9044,10408580143,10408580192,1,"IOTHUB_CLIENT_CONFIRMATION_OK"
9045,10408580343,10408580384,1,"IOTHUB_CLIENT_CONFIRMATION_OK"
9046,10408580543,10408580583,1,"IOTHUB_CLIENT_CONFIRMATION_OK"
9047,10408580743,10408580787,1,"IOTHUB_CLIENT_CONFIRMATION_OK"
9048,10408580943,10408580988,1,"IOTHUB_CLIENT_CONFIRMATION_OK"
9049,10408581144,10408581192,1,"IOTHUB_CLIENT_CONFIRMATION_OK"
9050,10408581344,10408581390,1,"IOTHUB_CLIENT_CONFIRMATION_OK"
9051,10408581544,10408581595,1,"IOTHUB_CLIENT_CONFIRMATION_OK"
9052,10408581744,10408581786,1,"IOTHUB_CLIENT_CONFIRMATION_OK"
9053,10408581944,10408581999,1,"IOTHUB_CLIENT_CONFIRMATION_OK"
9054,10408582144,10408582195,1,"IOTHUB_CLIENT_CONFIRMATION_OK"
9055,10408582344,10408582386,1,"IOTHUB_CLIENT_CONFIRMATION_OK"
9056,10408582545,10408582589,1,"IOTHUB_CLIENT_CONFIRMATION_OK"
9057,10408582745,10408582781,1,"IOTHUB_CLIENT_CONFIRMATION_OK"
9058,10408582945,10408582992,1,"IOTHUB_CLIENT_CONFIRMATION_OK"
9059,10408583145,10408583194,1,"IOTHUB_CLIENT_CONFIRMATION_OK"
9060,10408583345,10408583401,1,"IOTHUB_CLIENT_CONFIRMATION_OK"
9061,10408583546,10408583605,1,"IOTHUB_CLIENT_CONFIRMATION_OK"
9062,10408583746,10408583794,1,"IOTHUB_CLIENT_CONFIRMATION_OK"
9063,10408583946,10408583993,1,"IOTHUB_CLIENT_CONFIRMATION_OK"
9064,10408584146,10408584193,1,"IOTHUB_CLIENT_CONFIRMATION_OK"
9065,10408584346,10408584419,1,"IOTHUB_CLIENT_CONFIRMATION_OK"
9066,10408584546,10408584589,1,"IOTHUB_CLIENT_CONFIRMATION_OK"
9067,10408584746,10408584802,1,"IOTHUB_CLIENT_CONFIRMATION_OK"
9068,10408584947,10408585014,1,"IOTHUB_CLIENT_CONFIRMATION_OK"
9069,10408585147,10408585185,1,"IOTHUB_CLIENT_CONFIRMATION_OK"
9070,10408585347,10408585413,1,"IOTHUB_CLIENT_CONFIRMATION_OK"
9071,10408585547,10408585585,1,"IOTHUB_CLIENT_CONFIRMATION_OK"
9072,10408585747,10408585888,1,"IOTHUB_CLIENT_CONFIRMATION_OK"
9073,10408585947,10408585983,1,"IOTHUB_CLIENT_CONFIRMATION_OK"
9074,10408586148,10408586193,1,"IOTHUB_CLIENT_CONFIRMATION_OK"
9075,10408586348,10408586387,1,"IOTHUB_CLIENT_CONFIRMATION_OK"
9076,10408586548,10408586696,1,"IOTHUB_CLIENT_CONFIRMATION_OK"
9077,10408586748,10408586856,1,"IOTHUB_CLIENT_CONFIRMATION_OK"
9078,10408586948,10408586996,1,"IOTHUB_CLIENT_CONFIRMATION_OK"
9079,10408587148,10408587196,1,"IOTHUB_CLIENT_CONFIRMATION_OK"
9080,10408587349,10408587400,1,"IOTHUB_CLIENT_CONFIRMATION_OK"
9081,10408587549,10408587600,1,"IOTHUB_CLIENT_CONFIRMATION_OK"
9082,10408587749,10408587799,1,"IOTHUB_CLIENT_CONFIRMATION_OK"
9083,10408587949,10408588010,1,"IOTHUB_CLIENT_CONFIRMATION_OK"
9084,10408588149,10408588209,1,"IOTHUB_CLIENT_CONFIRMATION_OK"
9085,10408588349,10408588401,1,"IOTHUB_CLIENT_CONFIRMATION_OK"
9086,10408588549,10408588591,1,"IOTHUB_CLIENT_CONFIRMATION_OK"
9087,10408588750,10408588793,1,"IOTHUB_CLIENT_CONFIRMATION_OK"
9088,10408588950,10408588998,1,"IOTHUB_CLIENT_CONFIRMATION_OK"
9089,10408589150,10408589189,1,"IOTHUB_CLIENT_CONFIRMATION_OK"
9090,10408589350,10408589389,1,"IOTHUB_CLIENT_CONFIRMATION_OK"
9091,10408589550,10408589601,1,"IOTHUB_CLIENT_CONFIRMATION_OK"
9092,10408589750,10408589805,1,"IOTHUB_CLIENT_CONFIRMATION_OK"
9093,10408589951,10408589998,1,"IOTHUB_CLIENT_CONFIRMATION_OK"
9094,10408590151,10408590190,1,"IOTHUB_CLIENT_CONFIRMATION_OK"
9095,10408590351,10408590421,1,"IOTHUB_CLIENT_CONFIRMATION_OK"
9096,10408590551,10408590614,1,"IOTHUB_CLIENT_CONFIRMATION_OK"
9097,10408590751,10408590816,1,"IOTHUB_CLIENT_CONFIRMATION_OK"
9098,10408590951,10408591015,1,"IOTHUB_CLIENT_CONFIRMATION_OK"
9099,10408591152,10408591214,1,"IOTHUB_CLIENT_CONFIRMATION_OK"
9100,10408591352,10408591404,1,"IOTHUB_CLIENT_CONFIRMATION_OK"
9101,10408591552,10408591589,1,"IOTHUB_CLIENT_CONFIRMATION_OK"
9102,10408591752,10408591847,1,"IOTHUB_CLIENT_CONFIRMATION_OK"
9103,10408591952,10408592036,1,"IOTHUB_CLIENT_CONFIRMATION_OK"
9104,10408592152,10408592198,1,"IOTHUB_CLIENT_CONFIRMATION_OK"
9105,10408592353,10408592495,1,"IOTHUB_CLIENT_CONFIRMATION_OK"
9106,10408592553,10408592618,1,"IOTHUB_CLIENT_CONFIRMATION_OK"
9107,10408592753,10408592825,1,"IOTHUB_CLIENT_CONFIRMATION_OK"
9108,10408592953,10408593013,1,"IOTHUB_CLIENT_CONFIRMATION_OK"
9109,10408593153,10408593194,1,"IOTHUB_CLIENT_CONFIRMATION_OK"
9110,10408593353,10408593389,1,"IOTHUB_CLIENT_CONFIRMATION_OK"
9111,10408593553,10408593626,1,"IOTHUB_CLIENT_CONFIRMATION_OK"
9112,10408593754,10408593799,1,"IOTHUB_CLIENT_CONFIRMATION_OK"
9113,10408593954,10408594063,1,"IOTHUB_CLIENT_CONFIRMATION_OK"
9114,10408594154,10408594232,1,"IOTHUB_CLIENT_CONFIRMATION_OK"
9115,10408594354,10408594404,1,"IOTHUB_CLIENT_CONFIRMATION_OK"
9116,10408594554,10408594658,1,"IOTHUB_CLIENT_CONFIRMATION_OK"
9117,10408594754,10408594813,1,"IOTHUB_CLIENT_CONFIRMATION_OK"
9118,10408594954,10408595007,1,"IOTHUB_CLIENT_CONFIRMATION_OK"
9119,10408595155,10408595194,1,"IOTHUB_CLIENT_CONFIRMATION_OK"
9120,10408595355,10408595404,1,"IOTHUB_CLIENT_CONFIRMATION_OK"
9121,10408595555,10408595597,1,"IOTHUB_CLIENT_CONFIRMATION_OK"
9122,10408595755,10408595822,1,"IOTHUB_CLIENT_CONFIRMATION_OK"
9123,10408595955,10408596062,1,"IOTHUB_CLIENT_CONFIRMATION_OK"
9124,10408596155,10408596216,1,"IOTHUB_CLIENT_CONFIRMATION_OK"
9125,10408596356,10408596396,1,"IOTHUB_CLIENT_CONFIRMATION_OK"
9126,10408596556,10408596684,1,"IOTHUB_CLIENT_CONFIRMATION_OK"
9127,10408596756,10408596794,1,"IOTHUB_CLIENT_CONFIRMATION_OK"
9128,10408596956,10408597006,1,"IOTHUB_CLIENT_CONFIRMATION_OK"
9129,10408597156,10408597225,1,"IOTHUB_CLIENT_CONFIRMATION_OK"
9130,10408597356,10408597394,1,"IOTHUB_CLIENT_CONFIRMATION_OK"
9131,10408597557,10408597609,1,"IOTHUB_CLIENT_CONFIRMATION_OK"
9132,10408597757,10408597800,1,"IOTHUB_CLIENT_CONFIRMATION_OK"
9133,10408597957,10408598095,1,"IOTHUB_CLIENT_CONFIRMATION_OK"
9134,10408598157,10408598212,1,"IOTHUB_CLIENT_CONFIRMATION_OK"
9135,10408598357,10408598410,1,"IOTHUB_CLIENT_CONFIRMATION_OK"
9136,10408598557,10408598601,1,"IOTHUB_CLIENT_CONFIRMATION_OK"
9137,10408598758,10408598797,1,"IOTHUB_CLIENT_CONFIRMATION_OK"
9138,10408598958,10408598997,1,"IOTHUB_CLIENT_CONFIRMATION_OK"
9139,10408599158,10408599231,1,"IOTHUB_CLIENT_CONFIRMATION_OK"
9140,10408599358,10408599412,1,"IOTHUB_CLIENT_CONFIRMATION_OK"
9141,10408599558,10408599646,1,"IOTHUB_CLIENT_CONFIRMATION_OK"
9142,10408599758,10408599802,1,"IOTHUB_CLIENT_CONFIRMATION_OK"
9143,10408599958,10408600000,1,"IOTHUB_CLIENT_CONFIRMATION_OK"
9144,10408600159,10408600212,1,"IOTHUB_CLIENT_CONFIRMATION_OK"
9145,10408600359,10408600403,1,"IOTHUB_CLIENT_CONFIRMATION_OK"
9146,10408600559,10408600607,1,"IOTHUB_CLIENT_CONFIRMATION_OK"
9147,10408600759,10408600815,1,"IOTHUB_CLIENT_CONFIRMATION_OK"
9148,10408600959,10408601014,1,"IOTHUB_CLIENT_CONFIRMATION_OK"
9149,10408601159,10408601204,1,"IOTHUB_CLIENT_CONFIRMATION_OK"
9150,10408601360,10408601401,1,"IOTHUB_CLIENT_CONFIRMATION_OK"
9151,10408601560,10408601595,1,"IOTHUB_CLIENT_CONFIRMATION_OK"
9152,10408601760,10408601818,1,"IOTHUB_CLIENT_CONFIRMATION_OK"
9153,10408601960,10408602022,1,"IOTHUB_CLIENT_CONFIRMATION_OK"
9154,10408602160,10408602213,1,"IOTHUB_CLIENT_CONFIRMATION_OK"
9155,10408602360,10408602418,1,"IOTHUB_CLIENT_CONFIRMATION_OK"
9156,10408602561,10408602616,1,"IOTHUB_CLIENT_CONFIRMATION_OK"
9157,10408602761,10408602816,1,"IOTHUB_CLIENT_CONFIRMATION_OK"
9158,10408602961,10408603007,1,"IOTHUB_CLIENT_CONFIRMATION_OK"
9159,10408603161,10408603212,1,"IOTHUB_CLIENT_CONFIRMATION_OK"
9160,10408603361,10408603409,1,"IOTHUB_CLIENT_CONFIRMATION_OK"
9161,10408603561,10408603627,1,"IOTHUB_CLIENT_CONFIRMATION_OK"
9162,10408603761,10408603817,1,"IOTHUB_CLIENT_CONFIRMATION_OK"
9163,10408603962,10408604113,1,"IOTHUB_CLIENT_CONFIRMATION_OK"
9164,10408604162,10408604221,1,"IOTHUB_CLIENT_CONFIRMATION_OK"
9165,10408604362,10408604408,1,"IOTHUB_CLIENT_CONFIRMATION_OK"
9166,10408604562,10408604709,1,"IOTHUB_CLIENT_CONFIRMATION_OK"
9167,10408604762,10408604801,1,"IOTHUB_CLIENT_CONFIRMATION_OK"
9168,10408604962,10408605021,1,"IOTHUB_CLIENT_CONFIRMATION_OK"
9169,10408605163,10408605260,1,"IOTHUB_CLIENT_CONFIRMATION_OK"
9170,10408605363,10408605405,1,"IOTHUB_CLIENT_CONFIRMATION_OK"
9171,10408605563,10408605614,1,"IOTHUB_CLIENT_CONFIRMATION_OK"
9172,10408605763,10408605823,1,"IOTHUB_CLIENT_CONFIRMATION_OK"
9173,10408605963,10408606012,1,"IOTHUB_CLIENT_CONFIRMATION_OK"
9174,10408606163,10408606268,1,"IOTHUB_CLIENT_CONFIRMATION_OK"
9175,10408606364,10408606419,1,"IOTHUB_CLIENT_CONFIRMATION_OK"
9176,10408606564,10408606675,1,"IOTHUB_CLIENT_CONFIRMATION_OK"
9177,10408606764,10408606848,1,"IOTHUB_CLIENT_CONFIRMATION_OK"
9178,10408606964,10408607013,1,"IOTHUB_CLIENT_CONFIRMATION_OK"
9179,10408607164,10408607221,1,"IOTHUB_CLIENT_CONFIRMATION_OK"
9180,10408607364,10408607420,1,"IOTHUB_CLIENT_CONFIRMATION_OK"
9181,10408607564,10408607612,1,"IOTHUB_CLIENT_CONFIRMATION_OK"
9182,10408607765,10408607825,1,"IOTHUB_CLIENT_CONFIRMATION_OK"
9183,10408607965,10408608009,1,"IOTHUB_CLIENT_CONFIRMATION_OK"
9184,10408608165,10408608246,1,"IOTHUB_CLIENT_CONFIRMATION_OK"
9185,10408608365,10408608423,1,"IOTHUB_CLIENT_CONFIRMATION_OK"
9186,10408608565,10408608642,1,"IOTHUB_CLIENT_CONFIRMATION_OK"
9187,10408608765,10408608820,1,"IOTHUB_CLIENT_CONFIRMATION_OK"
9188,10408608966,10408609022,1,"IOTHUB_CLIENT_CONFIRMATION_OK"
9189,10408609166,10408609242,1,"IOTHUB_CLIENT_CONFIRMATION_OK"
9190,10408609366,10408609420,1,"IOTHUB_CLIENT_CONFIRMATION_OK"
9191,10408609566,10408609644,1,"IOTHUB_CLIENT_CONFIRMATION_OK"
9192,10408609766,10408609813,1,"IOTHUB_CLIENT_CONFIRMATION_OK"
9193,10408609966,10408610032,1,"IOTHUB_CLIENT_CONFIRMATION_OK"
9194,10408610166,10408610209,1,"IOTHUB_CLIENT_CONFIRMATION_OK"
9195,10408610367,10408610435,1,"IOTHUB_CLIENT_CONFIRMATION_OK"
9196,10408610567,10408610631,1,"IOTHUB_CLIENT_CONFIRMATION_OK"
9197,10408610767,10408610853,1,"IOTHUB_CLIENT_CONFIRMATION_OK"
9198,10408610967,10408611012,1,"IOTHUB_CLIENT_CONFIRMATION_OK"
9199,10408611167,10408611233,1,"IOTHUB_CLIENT_CONFIRMATION_OK"
9200,10408611367,10408611411,1,"IOTHUB_CLIENT_CONFIRMATION_OK"
9201,10408611568,10408611663,1,"IOTHUB_CLIENT_CONFIRMATION_OK"
9202,10408611768,10408611809,1,"IOTHUB_CLIENT_CONFIRMATION_OK"
9203,10408611968,10408612074,1,"IOTHUB_CLIENT_CONFIRMATION_OK"
9204,10408612168,10408612219,1,"IOTHUB_CLIENT_CONFIRMATION_OK"
9205,10408612368,10408612416,1,"IOTHUB_CLIENT_CONFIRMATION_OK"
9206,10408612568,10408612676,1,"IOTHUB_CLIENT_CONFIRMATION_OK"
9207,10408612769,10408612807,1,"IOTHUB_CLIENT_CONFIRMATION_OK"
9208,10408612969,10408613009,1,"IOTHUB_CLIENT_CONFIRMATION_OK"
9209,10408613169,10408613218,1,"IOTHUB_CLIENT_CONFIRMATION_OK"
9210,10408613369,10408613417,1,"IOTHUB_CLIENT_CONFIRMATION_OK"
9211,10408613569,10408613605,1,"IOTHUB_CLIENT_CONFIRMATION_OK"
9212,10408613769,10408613807,1,"IOTHUB_CLIENT_CONFIRMATION_OK"
9213,10408613970,10408614017,1,"IOTHUB_CLIENT_CONFIRMATION_OK"
9214,10408614170,10408614212,1,"IOTHUB_CLIENT_CONFIRMATION_OK"
9215,10408614370,10408614427,1,"IOTHUB_CLIENT_CONFIRMATION_OK"
9216,10408614570,10408614780,1,"IOTHUB_CLIENT_CONFIRMATION_OK"
9217,10408614770,10408614823,1,"IOTHUB_CLIENT_CONFIRMATION_OK"
9218,10408614970,10408615014,1,"IOTHUB_CLIENT_CONFIRMATION_OK"
9219,10408615170,10408615223,1,"IOTHUB_CLIENT_CONFIRMATION_OK"
9220,10408615371,10408615415,1,"IOTHUB_CLIENT_CONFIRMATION_OK"
9221,10408615571,10408615628,1,"IOTHUB_CLIENT_CONFIRMATION_OK"
9222,10408615771,10408615808,1,"IOTHUB_CLIENT_CONFIRMATION_OK"
9223,10408615971,10408616010,1,"IOTHUB_CLIENT_CONFIRMATION_OK"
9224,10408616171,10408616226,1,"IOTHUB_CLIENT_CONFIRMATION_OK"
9225,10408616371,10408616410,1,"IOTHUB_CLIENT_CONFIRMATION_OK"
9226,10408616572,10408616618,1,"IOTHUB_CLIENT_CONFIRMATION_OK"
9227,10408616772,10408616840,1,"IOTHUB_CLIENT_CONFIRMATION_OK"
9228,10408616972,10408617011,1,"IOTHUB_CLIENT_CONFIRMATION_OK"
9229,10408617172,10408617222,1,"IOTHUB_CLIENT_CONFIRMATION_OK"
9230,10408617372,10408617448,1,"IOTHUB_CLIENT_CONFIRMATION_OK"
9231,10408617572,10408617622,1,"IOTHUB_CLIENT_CONFIRMATION_OK"
9232,10408617773,10408617821,1,"IOTHUB_CLIENT_CONFIRMATION_OK"
9233,10408617973,10408618014,1,"IOTHUB_CLIENT_CONFIRMATION_OK"
9234,10408618173,10408618224,1,"IOTHUB_CLIENT_CONFIRMATION_OK"
9235,10408618373,10408618432,1,"IOTHUB_CLIENT_CONFIRMATION_OK"
9236,10408618573,10408618610,1,"IOTHUB_CLIENT_CONFIRMATION_OK"
9237,10408618773,10408618814,1,"IOTHUB_CLIENT_CONFIRMATION_OK"
9238,10408618974,10408619024,1,"IOTHUB_CLIENT_CONFIRMATION_OK"
9239,10408619174,10408619259,1,"IOTHUB_CLIENT_CONFIRMATION_OK"
9240,10408619374,10408619425,1,"IOTHUB_CLIENT_CONFIRMATION_OK"
9241,10408619574,10408619626,1,"IOTHUB_CLIENT_CONFIRMATION_OK"
9242,10408619774,10408619888,1,"IOTHUB_CLIENT_CONFIRMATION_OK"
9243,10408619974,10408620046,1,"IOTHUB_CLIENT_CONFIRMATION_OK"
9244,10408620174,10408620233,1,"IOTHUB_CLIENT_CONFIRMATION_OK"
9245,10408620375,10408620420,1,"IOTHUB_CLIENT_CONFIRMATION_OK"
9246,10408620575,10408620669,1,"IOTHUB_CLIENT_CONFIRMATION_OK"
9247,10408620775,10408620823,1,"IOTHUB_CLIENT_CONFIRMATION_OK"
9248,10408620975,10408621025,1,"IOTHUB_CLIENT_CONFIRMATION_OK"
9249,10408621175,10408621240,1,"IOTHUB_CLIENT_CONFIRMATION_OK"
9250,10408621375,10408621420,1,"IOTHUB_CLIENT_CONFIRMATION_OK"
9251,10408621576,10408621643,1,"IOTHUB_CLIENT_CONFIRMATION_OK"
9252,10408621776,10408621831,1,"IOTHUB_CLIENT_CONFIRMATION_OK"
9253,10408621976,10408622284,1,"IOTHUB_CLIENT_CONFIRMATION_OK"
9254,10408622176,10408622324,1,"IOTHUB_CLIENT_CONFIRMATION_OK"
9255,10408622376,10408622436,1,"IOTHUB_CLIENT_CONFIRMATION_OK"
9256,10408622576,10408622709,1,"IOTHUB_CLIENT_CONFIRMATION_OK"
9257,10408622776,10408622823,1,"IOTHUB_CLIENT_CONFIRMATION_OK"
9258,10408622977,10408623065,1,"IOTHUB_CLIENT_CONFIRMATION_OK"
9259,10408623177,10408623229,1,"IOTHUB_CLIENT_CONFIRMATION_OK"
9260,10408623377,10408623424,1,"IOTHUB_CLIENT_CONFIRMATION_OK"
9261,10408623577,10408623622,1,"IOTHUB_CLIENT_CONFIRMATION_OK"
9262,10408623777,10408623841,1,"IOTHUB_CLIENT_CONFIRMATION_OK"
9263,10408623977,10408624052,1,"IOTHUB_CLIENT_CONFIRMATION_OK"
9264,10408624177,10408624227,1,"IOTHUB_CLIENT_CONFIRMATION_OK"
9265,10408624378,10408624424,1,"IOTHUB_CLIENT_CONFIRMATION_OK"
9266,10408624578,10408624739,1,"IOTHUB_CLIENT_CONFIRMATION_OK"
9267,10408624778,10408624824,1,"IOTHUB_CLIENT_CONFIRMATION_OK"
9268,10408624978,10408625046,1,"IOTHUB_CLIENT_CONFIRMATION_OK"
9269,10408625178,10408625235,1,"IOTHUB_CLIENT_CONFIRMATION_OK"
9270,10408625378,10408625465,1,"IOTHUB_CLIENT_CONFIRMATION_OK"
9271,10408625579,10408625651,1,"IOTHUB_CLIENT_CONFIRMATION_OK"
9272,10408625779,10408625823,1,"IOTHUB_CLIENT_CONFIRMATION_OK"
9273,10408625979,10408626028,1,"IOTHUB_CLIENT_CONFIRMATION_OK"
9274,10408626179,10408626239,1,"IOTHUB_CLIENT_CONFIRMATION_OK"
9275,10408626379,10408626444,1,"IOTHUB_CLIENT_CONFIRMATION_OK"
9276,10408626579,10408626621,1,"IOTHUB_CLIENT_CONFIRMATION_OK"
9277,10408626780,10408626829,1,"IOTHUB_CLIENT_CONFIRMATION_OK"
9278,10408626980,10408627015,1,"IOTHUB_CLIENT_CONFIRMATION_OK"
9279,10408627180,10408627235,1,"IOTHUB_CLIENT_CONFIRMATION_OK"
9280,10408627380,10408627445,1,"IOTHUB_CLIENT_CONFIRMATION_OK"
9281,10408627580,10408627618,1,"IOTHUB_CLIENT_CONFIRMATION_OK"
9282,10408627780,10408627833,1,"IOTHUB_CLIENT_CONFIRMATION_OK"
9283,10408627980,10408628054,1,"IOTHUB_CLIENT_CONFIRMATION_OK"
9284,10408628181,10408628236,1,"IOTHUB_CLIENT_CONFIRMATION_OK"
9285,10408628381,10408628453,1,"IOTHUB_CLIENT_CONFIRMATION_OK"
9286,10408628581,10408628646,1,"IOTHUB_CLIENT_CONFIRMATION_OK"
9287,10408628781,10408628814,1,"IOTHUB_CLIENT_CONFIRMATION_OK"
9288,10408628981,10408629018,1,"IOTHUB_CLIENT_CONFIRMATION_OK"
9289,10408629182,10408629226,1,"IOTHUB_CLIENT_CONFIRMATION_OK"
9290,10408629382,10408629417,1,"IOTHUB_CLIENT_CONFIRMATION_OK"
9291,10408629582,10408629638,1,"IOTHUB_CLIENT_CONFIRMATION_OK"
9292,10408629782,10408629850,1,"IOTHUB_CLIENT_CONFIRMATION_OK"
9293,10408629982,10408630076,1,"IOTHUB_CLIENT_CONFIRMATION_OK"
9294,10408630182,10408630289,1,"IOTHUB_CLIENT_CONFIRMATION_OK"
9295,10408630382,10408630439,1,"IOTHUB_CLIENT_CONFIRMATION_OK"
9296,10408630583,10408630702,1,"IOTHUB_CLIENT_CONFIRMATION_OK"
9297,10408630783,10408630828,1,"IOTHUB_CLIENT_CONFIRMATION_OK"
9298,10408630983,10408631058,1,"IOTHUB_CLIENT_CONFIRMATION_OK"
9299,10408631183,10408631233,1,"IOTHUB_CLIENT_CONFIRMATION_OK"
9300,10408631383,10408631422,1,"IOTHUB_CLIENT_CONFIRMATION_OK"
9301,10408631583,10408631633,1,"IOTHUB_CLIENT_CONFIRMATION_OK"
9302,10408631783,10408631819,1,"IOTHUB_CLIENT_CONFIRMATION_OK"
9303,10408631984,10408632048,1,"IOTHUB_CLIENT_CONFIRMATION_OK"
9304,10408632184,10408632229,1,"IOTHUB_CLIENT_CONFIRMATION_OK"
9305,10408632384,10408632434,1,"IOTHUB_CLIENT_CONFIRMATION_OK"
9306,10408632584,10408632756,1,"IOTHUB_CLIENT_CONFIRMATION_OK"
9307,10408632784,10408632832,1,"IOTHUB_CLIENT_CONFIRMATION_OK"
9308,10408632984,10408633052,1,"IOTHUB_CLIENT_CONFIRMATION_OK"
9309,10408633185,10408633229,1,"IOTHUB_CLIENT_CONFIRMATION_OK"
9310,10408633385,10408633451,1,"IOTHUB_CLIENT_CONFIRMATION_OK"
9311,10408633585,10408633633,1,"IOTHUB_CLIENT_CONFIRMATION_OK"
9312,10408633785,10408633823,1,"IOTHUB_CLIENT_CONFIRMATION_OK"
9313,10408633985,10408634045,1,"IOTHUB_CLIENT_CONFIRMATION_OK"
9314,10408634185,10408634227,1,"IOTHUB_CLIENT_CONFIRMATION_OK"
9315,10408634385,10408634428,1,"IOTHUB_CLIENT_CONFIRMATION_OK"
9316,10408634586,10408634783,1,"IOTHUB_CLIENT_CONFIRMATION_OK"
9317,10408634786,10408634830,1,"IOTHUB_CLIENT_CONFIRMATION_OK"
9318,10408634986,10408635026,1,"IOTHUB_CLIENT_CONFIRMATION_OK"
9319,10408635186,10408635243,1,"IOTHUB_CLIENT_CONFIRMATION_OK"
9320,10408635386,10408635433,1,"IOTHUB_CLIENT_CONFIRMATION_OK"
9321,10408635586,10408635636,1,"IOTHUB_CLIENT_CONFIRMATION_OK"
9322,10408635787,10408635829,1,"IOTHUB_CLIENT_CONFIRMATION_OK"
9323,10408635987,10408636039,1,"IOTHUB_CLIENT_CONFIRMATION_OK"
9324,10408636187,10408636238,1,"IOTHUB_CLIENT_CONFIRMATION_OK"
9325,10408636387,10408636432,1,"IOTHUB_CLIENT_CONFIRMATION_OK"
9326,10408636587,10408636638,1,"IOTHUB_CLIENT_CONFIRMATION_OK"
9327,10408636787,10408636884,1,"IOTHUB_CLIENT_CONFIRMATION_OK"
9328,10408636988,10408637093,1,"IOTHUB_CLIENT_CONFIRMATION_OK"
9329,10408637188,10408637262,1,"IOTHUB_CLIENT_CONFIRMATION_OK"
9330,10408637388,10408637470,1,"IOTHUB_CLIENT_CONFIRMATION_OK"
9331,10408637588,10408637645,1,"IOTHUB_CLIENT_CONFIRMATION_OK"
9332,10408637788,10408637835,1,"IOTHUB_CLIENT_CONFIRMATION_OK"
9333,10408637988,10408638034,1,"IOTHUB_CLIENT_CONFIRMATION_OK"
9334,10408638188,10408638244,1,"IOTHUB_CLIENT_CONFIRMATION_OK"
9335,10408638389,10408638432,1,"IOTHUB_CLIENT_CONFIRMATION_OK"
9336,10408638589,10408638632,1,"IOTHUB_CLIENT_CONFIRMATION_OK"
9337,10408638789,10408638826,1,"IOTHUB_CLIENT_CONFIRMATION_OK"
9338,10408638989,10408639064,1,"IOTHUB_CLIENT_CONFIRMATION_OK"
9339,10408639189,10408639243,1,"IOTHUB_CLIENT_CONFIRMATION_OK"
9340,10408639389,10408639444,1,"IOTHUB_CLIENT_CONFIRMATION_OK"
9341,10408639590,10408639641,1,"IOTHUB_CLIENT_CONFIRMATION_OK"
9342,10408639790,10408639833,1,"IOTHUB_CLIENT_CONFIRMATION_OK"
9343,10408639990,10408640035,1,"IOTHUB_CLIENT_CONFIRMATION_OK"
9344,10408640190,10408640291,1,"IOTHUB_CLIENT_CONFIRMATION_OK"
9345,10408640390,10408640441,1,"IOTHUB_CLIENT_CONFIRMATION_OK"
9346,10408640590,10408640648,1,"IOTHUB_CLIENT_CONFIRMATION_OK"
9347,10408640791,10408640834,1,"IOTHUB_CLIENT_CONFIRMATION_OK"
9348,10408640991,10408641039,1,"IOTHUB_CLIENT_CONFIRMATION_OK"
9349,10408641191,10408641227,1,"IOTHUB_CLIENT_CONFIRMATION_OK"
9350,10408641391,10408641448,1,"IOTHUB_CLIENT_CONFIRMATION_OK"
9351,10408641591,10408641642,1,"IOTHUB_CLIENT_CONFIRMATION_OK"
9352,10408641791,10408641856,1,"IOTHUB_CLIENT_CONFIRMATION_OK"
9353,10408641991,10408642059,1,"IOTHUB_CLIENT_CONFIRMATION_OK"
9354,10408642192,10408642234,1,"IOTHUB_CLIENT_CONFIRMATION_OK"
9355,10408642392,10408642433,1,"IOTHUB_CLIENT_CONFIRMATION_OK"
9356,10408642592,10408642780,1,"IOTHUB_CLIENT_CONFIRMATION_OK"
9357,10408642792,10408642839,1,"IOTHUB_CLIENT_CONFIRMATION_OK"
9358,10408642992,10408643048,1,"IOTHUB_CLIENT_CONFIRMATION_OK"
9359,10408643192,10408643254,1,"IOTHUB_CLIENT_CONFIRMATION_OK"
9360,10408643392,10408643442,1,"IOTHUB_CLIENT_CONFIRMATION_OK"
9361,10408643593,10408643674,1,"IOTHUB_CLIENT_CONFIRMATION_OK"
9362,10408643793,10408643830,1,"IOTHUB_CLIENT_CONFIRMATION_OK"
9363,10408643993,10408644059,1,"IOTHUB_CLIENT_CONFIRMATION_OK"
9364,10408644193,10408644232,1,"IOTHUB_CLIENT_CONFIRMATION_OK"
9365,10408644393,10408644440,1,"IOTHUB_CLIENT_CONFIRMATION_OK"
9366,10408644593,10408644704,1,"IOTHUB_CLIENT_CONFIRMATION_OK"
9367,10408644794,10408644849,1,"IOTHUB_CLIENT_CONFIRMATION_OK"
9368,10408644994,10408645041,1,"IOTHUB_CLIENT_CONFIRMATION_OK"
9369,10408645194,10408645241,1,"IOTHUB_CLIENT_CONFIRMATION_OK"
9370,10408645394,10408645457,1,"IOTHUB_CLIENT_CONFIRMATION_OK"
9371,10408645594,10408645642,1,"IOTHUB_CLIENT_CONFIRMATION_OK"
9372,10408645794,10408645840,1,"IOTHUB_CLIENT_CONFIRMATION_OK"
9373,10408645995,10408646032,1,"IOTHUB_CLIENT_CONFIRMATION_OK"
9374,10408646195,10408646248,1,"IOTHUB_CLIENT_CONFIRMATION_OK"
9375,10408646395,10408646442,1,"IOTHUB_CLIENT_CONFIRMATION_OK"
9376,10408646595,10408646729,1,"IOTHUB_CLIENT_CONFIRMATION_OK"
9377,10408646795,10408646840,1,"IOTHUB_CLIENT_CONFIRMATION_OK"
9378,10408646995,10408647035,1,"IOTHUB_CLIENT_CONFIRMATION_OK"
9379,10408647196,10408647234,1,"IOTHUB_CLIENT_CONFIRMATION_OK"
9380,10408647396,10408647439,1,"IOTHUB_CLIENT_CONFIRMATION_OK"
9381,10408647596,10408647650,1,"IOTHUB_CLIENT_CONFIRMATION_OK"
9382,10408647796,10408647832,1,"IOTHUB_CLIENT_CONFIRMATION_OK"
9383,10408647996,10408648047,1,"IOTHUB_CLIENT_CONFIRMATION_OK"
9384,10408648196,10408648337,1,"IOTHUB_CLIENT_CONFIRMATION_OK"
9385,10408648396,10408648432,1,"IOTHUB_CLIENT_CONFIRMATION_OK"
9386,10408648597,10408648635,1,"IOTHUB_CLIENT_CONFIRMATION_OK"
9387,10408648797,10408648970,1,"IOTHUB_CLIENT_CONFIRMATION_OK"
9388,10408648997,10408649042,1,"IOTHUB_CLIENT_CONFIRMATION_OK"
9389,10408649197,10408649285,1,"IOTHUB_CLIENT_CONFIRMATION_OK"
9390,10408649397,10408649453,1,"IOTHUB_CLIENT_CONFIRMATION_OK"
9391,10408649597,10408649638,1,"IOTHUB_CLIENT_CONFIRMATION_OK"
9392,10408649798,10408649864,1,"IOTHUB_CLIENT_CONFIRMATION_OK"
9393,10408649998,10408650053,1,"IOTHUB_CLIENT_CONFIRMATION_OK"
9394,10408650198,10408650248,1,"IOTHUB_CLIENT_CONFIRMATION_OK"
9395,10408650398,10408650435,1,"IOTHUB_CLIENT_CONFIRMATION_OK"
9396,10408650598,10408650689,1,"IOTHUB_CLIENT_CONFIRMATION_OK"
9397,10408650798,10408650867,1,"IOTHUB_CLIENT_CONFIRMATION_OK"
9398,10408650999,10408651046,1,"IOTHUB_CLIENT_CONFIRMATION_OK"
9399,10408651199,10408651272,1,"IOTHUB_CLIENT_CONFIRMATION_OK"
9400,10408651399,10408651453,1,"IOTHUB_CLIENT_CONFIRMATION_OK"
9401,10408651599,10408651654,1,"IOTHUB_CLIENT_CONFIRMATION_OK"
9402,10408651799,10408651848,1,"IOTHUB_CLIENT_CONFIRMATION_OK"
9403,10408651999,10408652070,1,"IOTHUB_CLIENT_CONFIRMATION_OK"
9404,10408652200,10408652254,1,"IOTHUB_CLIENT_CONFIRMATION_OK"
9405,10408652400,10408652448,1,"IOTHUB_CLIENT_CONFIRMATION_OK"
9406,10408652600,10408652648,1,"IOTHUB_CLIENT_CONFIRMATION_OK"
9407,10408652800,10408652840,1,"IOTHUB_CLIENT_CONFIRMATION_OK"
9408,10408653000,10408653049,1,"IOTHUB_CLIENT_CONFIRMATION_OK"
9409,10408653200,10408653255,1,"IOTHUB_CLIENT_CONFIRMATION_OK"
9410,10408653400,10408653452,1,"IOTHUB_CLIENT_CONFIRMATION_OK"
9411,10408653601,10408653646,1,"IOTHUB_CLIENT_CONFIRMATION_OK"
9412,10408653801,10408653893,1,"IOTHUB_CLIENT_CONFIRMATION_OK"
9413,10408654001,10408654049,1,"IOTHUB_CLIENT_CONFIRMATION_OK"
9414,10408654201,10408654242,1,"IOTHUB_CLIENT_CONFIRMATION_OK"
9415,10408654401,10408654475,1,"IOTHUB_CLIENT_CONFIRMATION_OK"
9416,10408654601,10408654659,1,"IOTHUB_CLIENT_CONFIRMATION_OK"
9417,10408654801,10408654846,1,"IOTHUB_CLIENT_CONFIRMATION_OK"
9418,10408655002,10408655093,1,"IOTHUB_CLIENT_CONFIRMATION_OK"
9419,10408655202,10408655334,1,"IOTHUB_CLIENT_CONFIRMATION_OK"
9420,10408655402,10408655448,1,"IOTHUB_CLIENT_CONFIRMATION_OK"
9421,10408655602,10408655658,1,"IOTHUB_CLIENT_CONFIRMATION_OK"
9422,10408655802,10408655848,1,"IOTHUB_CLIENT_CONFIRMATION_OK"
9423,10408656002,10408656077,1,"IOTHUB_CLIENT_CONFIRMATION_OK"
9424,10408656203,10408656264,1,"IOTHUB_CLIENT_CONFIRMATION_OK"
9425,10408656403,10408656451,1,"IOTHUB_CLIENT_CONFIRMATION_OK"
9426,10408656603,10408656677,1,"IOTHUB_CLIENT_CONFIRMATION_OK"
9427,10408656803,10408656843,1,"IOTHUB_CLIENT_CONFIRMATION_OK"
9428,10408657003,10408657062,1,"IOTHUB_CLIENT_CONFIRMATION_OK"
9429,10408657203,10408657258,1,"IOTHUB_CLIENT_CONFIRMATION_OK"
9430,10408657404,10408657454,1,"IOTHUB_CLIENT_CONFIRMATION_OK"
9431,10408657604,10408657643,1,"IOTHUB_CLIENT_CONFIRMATION_OK"
9432,10408657804,10408657848,1,"IOTHUB_CLIENT_CONFIRMATION_OK"
9433,10408658004,10408658046,1,"IOTHUB_CLIENT_CONFIRMATION_OK"
9434,10408658204,10408658253,1,"IOTHUB_CLIENT_CONFIRMATION_OK"
9435,10408658404,10408658476,1,"IOTHUB_CLIENT_CONFIRMATION_OK"
9436,10408658605,10408658714,1,"IOTHUB_CLIENT_CONFIRMATION_OK"
9437,10408658805,10408658866,1,"IOTHUB_CLIENT_CONFIRMATION_OK"
9438,10408659005,10408659046,1,"IOTHUB_CLIENT_CONFIRMATION_OK"
9439,10408659205,10408659257,1,"IOTHUB_CLIENT_CONFIRMATION_OK"
9440,10408659405,10408659506,1,"IOTHUB_CLIENT_CONFIRMATION_OK"
9441,10408659605,10408659657,1,"IOTHUB_CLIENT_CONFIRMATION_OK"
9442,10408659805,10408659844,1,"IOTHUB_CLIENT_CONFIRMATION_OK"
9443,10408660006,10408660069,1,"IOTHUB_CLIENT_CONFIRMATION_OK"
9444,10408660206,10408660265,1,"IOTHUB_CLIENT_CONFIRMATION_OK"
9445,10408660406,10408660469,1,"IOTHUB_CLIENT_CONFIRMATION_OK"
9446,10408660606,10408660742,1,"IOTHUB_CLIENT_CONFIRMATION_OK"
9447,10408660806,10408660879,1,"IOTHUB_CLIENT_CONFIRMATION_OK"
9448,10408661006,10408661046,1,"IOTHUB_CLIENT_CONFIRMATION_OK"
9449,10408661207,10408661252,1,"IOTHUB_CLIENT_CONFIRMATION_OK"
9450,10408661407,10408661441,1,"IOTHUB_CLIENT_CONFIRMATION_OK"
9451,10408661607,10408661645,1,"IOTHUB_CLIENT_CONFIRMATION_OK"
9452,10408661807,10408661853,1,"IOTHUB_CLIENT_CONFIRMATION_OK"
9453,10408662007,10408662061,1,"IOTHUB_CLIENT_CONFIRMATION_OK"
9454,10408662207,10408662255,1,"IOTHUB_CLIENT_CONFIRMATION_OK"
9455,10408662408,10408662449,1,"IOTHUB_CLIENT_CONFIRMATION_OK"
9456,10408662608,10408662686,1,"IOTHUB_CLIENT_CONFIRMATION_OK"
9457,10408662808,10408662875,1,"IOTHUB_CLIENT_CONFIRMATION_OK"
9458,10408663008,10408663062,1,"IOTHUB_CLIENT_CONFIRMATION_OK"
9459,10408663208,10408663257,1,"IOTHUB_CLIENT_CONFIRMATION_OK"
9460,10408663408,10408663475,1,"IOTHUB_CLIENT_CONFIRMATION_OK"
9461,10408663608,10408663646,1,"IOTHUB_CLIENT_CONFIRMATION_OK"
9462,10408663809,10408663869,1,"IOTHUB_CLIENT_CONFIRMATION_OK"
9463,10408664009,10408664078,1,"IOTHUB_CLIENT_CONFIRMATION_OK"
9464,10408664209,10408664259,1,"IOTHUB_CLIENT_CONFIRMATION_OK"
9465,10408664409,10408664458,1,"IOTHUB_CLIENT_CONFIRMATION_OK"
9466,10408664609,10408664674,1,"IOTHUB_CLIENT_CONFIRMATION_OK"
9467,10408664809,10408664868,1,"IOTHUB_CLIENT_CONFIRMATION_OK"
9468,10408665010,10408665064,1,"IOTHUB_CLIENT_CONFIRMATION_OK"
9469,10408665210,10408665254,1,"IOTHUB_CLIENT_CONFIRMATION_OK"
9470,10408665410,10408665447,1,"IOTHUB_CLIENT_CONFIRMATION_OK"
9471,10408665610,10408665650,1,"IOTHUB_CLIENT_CONFIRMATION_OK"
9472,10408665810,10408666000,1,"IOTHUB_CLIENT_CONFIRMATION_OK"
9473,10408666010,10408666058,1,"IOTHUB_CLIENT_CONFIRMATION_OK"
9474,10408666210,10408666281,1,"IOTHUB_CLIENT_CONFIRMATION_OK"
9475,10408666411,10408666456,1,"IOTHUB_CLIENT_CONFIRMATION_OK"
9476,10408666611,10408666654,1,"IOTHUB_CLIENT_CONFIRMATION_OK"
9477,10408666811,10408666852,1,"IOTHUB_CLIENT_CONFIRMATION_OK"
9478,10408667011,10408667055,1,"IOTHUB_CLIENT_CONFIRMATION_OK"
9479,10408667211,10408667259,1,"IOTHUB_CLIENT_CONFIRMATION_OK"
9480,10408667411,10408667461,1,"IOTHUB_CLIENT_CONFIRMATION_OK"
9481,10408667612,10408667655,1,"IOTHUB_CLIENT_CONFIRMATION_OK"
9482,10408667812,10408667854,1,"IOTHUB_CLIENT_CONFIRMATION_OK"
9483,10408668012,10408668085,1,"IOTHUB_CLIENT_CONFIRMATION_OK"
9484,10408668212,10408668253,1,"IOTHUB_CLIENT_CONFIRMATION_OK"
9485,10408668412,10408668474,1,"IOTHUB_CLIENT_CONFIRMATION_OK"
9486,10408668612,10408668698,1,"IOTHUB_CLIENT_CONFIRMATION_OK"
9487,10408668813,10408668850,1,"IOTHUB_CLIENT_CONFIRMATION_OK"
9488,10408669013,10408669056,1,"IOTHUB_CLIENT_CONFIRMATION_OK"
9489,10408669213,10408669258,1,"IOTHUB_CLIENT_CONFIRMATION_OK"
9490,10408669413,10408669504,1,"IOTHUB_CLIENT_CONFIRMATION_OK"
9491,10408669613,10408669666,1,"IOTHUB_CLIENT_CONFIRMATION_OK"
9492,10408669813,10408669854,1,"IOTHUB_CLIENT_CONFIRMATION_OK"
9493,10408670014,10408670057,1,"IOTHUB_CLIENT_CONFIRMATION_OK"
9494,10408670214,10408670253,1,"IOTHUB_CLIENT_CONFIRMATION_OK"
9495,10408670414,10408670455,1,"IOTHUB_CLIENT_CONFIRMATION_OK"
9496,10408670614,10408670720,1,"IOTHUB_CLIENT_CONFIRMATION_OK"
9497,10408670814,10408670857,1,"IOTHUB_CLIENT_CONFIRMATION_OK"
9498,10408671014,10408671064,1,"IOTHUB_CLIENT_CONFIRMATION_OK"
9499,10408671215,10408671255,1,"IOTHUB_CLIENT_CONFIRMATION_OK"
9500,10408671415,10408671479,1,"IOTHUB_CLIENT_CONFIRMATION_OK"
9501,10408671615,10408671657,1,"IOTHUB_CLIENT_CONFIRMATION_OK"
9502,10408671815,10408671924,1,"IOTHUB_CLIENT_CONFIRMATION_OK"
9503,10408672015,10408672080,1,"IOTHUB_CLIENT_CONFIRMATION_OK"
9504,10408672215,10408672270,1,"IOTHUB_CLIENT_CONFIRMATION_OK"
9505,10408672416,10408672482,1,"IOTHUB_CLIENT_CONFIRMATION_OK"
9506,10408672616,10408672762,1,"IOTHUB_CLIENT_CONFIRMATION_OK"
9507,10408672816,10408672867,1,"IOTHUB_CLIENT_CONFIRMATION_OK"
9508,10408673016,10408673058,1,"IOTHUB_CLIENT_CONFIRMATION_OK"
9509,10408673216,10408673261,1,"IOTHUB_CLIENT_CONFIRMATION_OK"
9510,10408673416,10408673474,1,"IOTHUB_CLIENT_CONFIRMATION_OK"
9511,10408673616,10408673681,1,"IOTHUB_CLIENT_CONFIRMATION_OK"
9512,10408673817,10408673862,1,"IOTHUB_CLIENT_CONFIRMATION_OK"
9513,10408674017,10408674064,1,"IOTHUB_CLIENT_CONFIRMATION_OK"
9514,10408674217,10408674298,1,"IOTHUB_CLIENT_CONFIRMATION_OK"
9515,10408674417,10408674485,1,"IOTHUB_CLIENT_CONFIRMATION_OK"
9516,10408674617,10408674804,1,"IOTHUB_CLIENT_CONFIRMATION_OK"
9517,10408674817,10408674857,1,"IOTHUB_CLIENT_CONFIRMATION_OK"
9518,10408675018,10408675058,1,"IOTHUB_CLIENT_CONFIRMATION_OK"
9519,10408675218,10408675272,1,"IOTHUB_CLIENT_CONFIRMATION_OK"
9520,10408675418,10408675463,1,"IOTHUB_CLIENT_CONFIRMATION_OK"
9521,10408675618,10408675682,1,"IOTHUB_CLIENT_CONFIRMATION_OK"
9522,10408675818,10408675869,1,"IOTHUB_CLIENT_CONFIRMATION_OK"
9523,10408676018,10408676061,1,"IOTHUB_CLIENT_CONFIRMATION_OK"
9524,10408676219,10408676283,1,"IOTHUB_CLIENT_CONFIRMATION_OK"
9525,10408676419,10408676468,1,"IOTHUB_CLIENT_CONFIRMATION_OK"
9526,10408676619,10408676665,1,"IOTHUB_CLIENT_CONFIRMATION_OK"
9527,10408676819,10408676926,1,"IOTHUB_CLIENT_CONFIRMATION_OK"
9528,10408677019,10408677054,1,"IOTHUB_CLIENT_CONFIRMATION_OK"
9529,10408677219,10408677254,1,"IOTHUB_CLIENT_CONFIRMATION_OK"
9530,10408677419,10408677480,1,"IOTHUB_CLIENT_CONFIRMATION_OK"
9531,10408677620,10408677656,1,"IOTHUB_CLIENT_CONFIRMATION_OK"
9532,10408677820,10408677892,1,"IOTHUB_CLIENT_CONFIRMATION_OK"
9533,10408678020,10408678077,1,"IOTHUB_CLIENT_CONFIRMATION_OK"
9534,10408678220,10408678284,1,"IOTHUB_CLIENT_CONFIRMATION_OK"
9535,10408678420,10408678485,1,"IOTHUB_CLIENT_CONFIRMATION_OK"
9536,10408678620,10408678682,1,"IOTHUB_CLIENT_CONFIRMATION_OK"
9537,10408678821,10408678866,1,"IOTHUB_CLIENT_CONFIRMATION_OK"
9538,10408679021,10408679072,1,"IOTHUB_CLIENT_CONFIRMATION_OK"
9539,10408679221,10408679322,1,"IOTHUB_CLIENT_CONFIRMATION_OK"
9540,10408679421,10408679459,1,"IOTHUB_CLIENT_CONFIRMATION_OK"
9541,10408679621,10408679667,1,"IOTHUB_CLIENT_CONFIRMATION_OK"
9542,10408679821,10408679896,1,"IOTHUB_CLIENT_CONFIRMATION_OK"
9543,10408680021,10408680144,1,"IOTHUB_CLIENT_CONFIRMATION_OK"
9544,10408680222,10408680259,1,"IOTHUB_CLIENT_CONFIRMATION_OK"
9545,10408680422,10408680476,1,"IOTHUB_CLIENT_CONFIRMATION_OK"
9546,10408680622,10408680748,1,"IOTHUB_CLIENT_CONFIRMATION_OK"
9547,10408680822,10408680871,1,"IOTHUB_CLIENT_CONFIRMATION_OK"
9548,10408681022,10408681073,1,"IOTHUB_CLIENT_CONFIRMATION_OK"
9549,10408681222,10408681283,1,"IOTHUB_CLIENT_CONFIRMATION_OK"
9550,10408681423,10408681472,1,"IOTHUB_CLIENT_CONFIRMATION_OK"
9551,10408681623,10408681672,1,"IOTHUB_CLIENT_CONFIRMATION_OK"
9552,10408681823,10408681863,1,"IOTHUB_CLIENT_CONFIRMATION_OK"
9553,10408682023,10408682094,1,"IOTHUB_CLIENT_CONFIRMATION_OK"
9554,10408682223,10408682260,1,"IOTHUB_CLIENT_CONFIRMATION_OK"
9555,10408682423,10408682474,1,"IOTHUB_CLIENT_CONFIRMATION_OK"
9556,10408682624,10408682762,1,"IOTHUB_CLIENT_CONFIRMATION_OK"
9557,10408682824,10408682869,1,"IOTHUB_CLIENT_CONFIRMATION_OK"
9558,10408683024,10408683086,1,"IOTHUB_CLIENT_CONFIRMATION_OK"
9559,10408683224,10408683264,1,"IOTHUB_CLIENT_CONFIRMATION_OK"
9560,10408683424,10408683466,1,"IOTHUB_CLIENT_CONFIRMATION_OK"
9561,10408683624,10408683675,1,"IOTHUB_CLIENT_CONFIRMATION_OK"
9562,10408683824,10408683898,1,"IOTHUB_CLIENT_CONFIRMATION_OK"
9563,10408684025,10408684123,1,"IOTHUB_CLIENT_CONFIRMATION_OK"
9564,10408684225,10408684273,1,"IOTHUB_CLIENT_CONFIRMATION_OK"
9565,10408684425,10408684468,1,"IOTHUB_CLIENT_CONFIRMATION_OK"
9566,10408684625,10408684673,1,"IOTHUB_CLIENT_CONFIRMATION_OK"
9567,10408684825,10408684876,1,"IOTHUB_CLIENT_CONFIRMATION_OK"
9568,10408685025,10408685065,1,"IOTHUB_CLIENT_CONFIRMATION_OK"
9569,10408685226,10408685284,1,"IOTHUB_CLIENT_CONFIRMATION_OK"
9570,10408685426,10408685472,1,"IOTHUB_CLIENT_CONFIRMATION_OK"
9571,10408685626,10408685660,1,"IOTHUB_CLIENT_CONFIRMATION_OK"
9572,10408685826,10408685870,1,"IOTHUB_CLIENT_CONFIRMATION_OK"
9573,10408686026,10408686086,1,"IOTHUB_CLIENT_CONFIRMATION_OK"
9574,10408686226,10408686276,1,"IOTHUB_CLIENT_CONFIRMATION_OK"
9575,10408686427,10408686489,1,"IOTHUB_CLIENT_CONFIRMATION_OK"
9576,10408686627,10408686664,1,"IOTHUB_CLIENT_CONFIRMATION_OK"
9577,10408686827,10408686889,1,"IOTHUB_CLIENT_CONFIRMATION_OK"
9578,10408687027,10408687081,1,"IOTHUB_CLIENT_CONFIRMATION_OK"
9579,10408687227,10408687335,1,"IOTHUB_CLIENT_CONFIRMATION_OK"
9580,10408687427,10408687491,1,"IOTHUB_CLIENT_CONFIRMATION_OK"
9581,10408687627,10408687674,1,"IOTHUB_CLIENT_CONFIRMATION_OK"
9582,10408687828,10408687883,1,"IOTHUB_CLIENT_CONFIRMATION_OK"
9583,10408688028,10408688070,1,"IOTHUB_CLIENT_CONFIRMATION_OK"
9584,10408688228,10408688286,1,"IOTHUB_CLIENT_CONFIRMATION_OK"
9585,10408688428,10408688487,1,"IOTHUB_CLIENT_CONFIRMATION_OK"
9586,10408688628,10408688828,1,"IOTHUB_CLIENT_CONFIRMATION_OK"
9587,10408688828,10408688882,1,"IOTHUB_CLIENT_CONFIRMATION_OK"
9588,10408689029,10408689069,1,"IOTHUB_CLIENT_CONFIRMATION_OK"
9589,10408689229,10408689383,1,"IOTHUB_CLIENT_CONFIRMATION_OK"
9590,10408689429,10408689481,1,"IOTHUB_CLIENT_CONFIRMATION_OK"
9591,10408689629,10408689688,1,"IOTHUB_CLIENT_CONFIRMATION_OK"
9592,10408689829,10408689885,1,"IOTHUB_CLIENT_CONFIRMATION_OK"
9593,10408690029,10408690088,1,"IOTHUB_CLIENT_CONFIRMATION_OK"
9594,10408690229,10408690272,1,"IOTHUB_CLIENT_CONFIRMATION_OK"
9595,10408690430,10408690483,1,"IOTHUB_CLIENT_CONFIRMATION_OK"
9596,10408690630,10408690717,1,"IOTHUB_CLIENT_CONFIRMATION_OK"
9597,10408690830,10408690876,1,"IOTHUB_CLIENT_CONFIRMATION_OK"
9598,10408691030,10408691078,1,"IOTHUB_CLIENT_CONFIRMATION_OK"
9599,10408691230,10408691284,1,"IOTHUB_CLIENT_CONFIRMATION_OK"
9600,10408691431,10408691492,1,"IOTHUB_CLIENT_CONFIRMATION_OK"
9601,10408691631,10408691680,1,"IOTHUB_CLIENT_CONFIRMATION_OK"
9602,10408691831,10408691878,1,"IOTHUB_CLIENT_CONFIRMATION_OK"
9603,10408692031,10408692087,1,"IOTHUB_CLIENT_CONFIRMATION_OK"
9604,10408692231,10408692277,1,"IOTHUB_CLIENT_CONFIRMATION_OK"
9605,10408692431,10408692495,1,"IOTHUB_CLIENT_CONFIRMATION_OK"
9606,10408692631,10408692735,1,"IOTHUB_CLIENT_CONFIRMATION_OK"
9607,10408692832,10408692934,1,"IOTHUB_CLIENT_CONFIRMATION_OK"
9608,10408693032,10408693078,1,"IOTHUB_CLIENT_CONFIRMATION_OK"
9609,10408693232,10408693286,1,"IOTHUB_CLIENT_CONFIRMATION_OK"
9610,10408693432,10408693481,1,"IOTHUB_CLIENT_CONFIRMATION_OK"
9611,10408693632,10408693682,1,"IOTHUB_CLIENT_CONFIRMATION_OK"
9612,10408693832,10408693889,1,"IOTHUB_CLIENT_CONFIRMATION_OK"
9613,10408694033,10408694079,1,"IOTHUB_CLIENT_CONFIRMATION_OK"
9614,10408694233,10408694284,1,"IOTHUB_CLIENT_CONFIRMATION_OK"
9615,10408694433,10408694480,1,"IOTHUB_CLIENT_CONFIRMATION_OK"
9616,10408694633,10408694683,1,"IOTHUB_CLIENT_CONFIRMATION_OK"
9617,10408694833,10408694898,1,"IOTHUB_CLIENT_CONFIRMATION_OK"
9618,10408695033,10408695079,1,"IOTHUB_CLIENT_CONFIRMATION_OK"
9619,10408695233,10408695277,1,"IOTHUB_CLIENT_CONFIRMATION_OK"
9620,10408695434,10408695490,1,"IOTHUB_CLIENT_CONFIRMATION_OK"
9621,10408695634,10408695698,1,"IOTHUB_CLIENT_CONFIRMATION_OK"
9622,10408695834,10408695872,1,"IOTHUB_CLIENT_CONFIRMATION_OK"
9623,10408696034,10408696079,1,"IOTHUB_CLIENT_CONFIRMATION_OK"
9624,10408696234,10408696299,1,"IOTHUB_CLIENT_CONFIRMATION_OK"
9625,10408696434,10408696561,1,"IOTHUB_CLIENT_CONFIRMATION_OK"
9626,10408696635,10408696682,1,"IOTHUB_CLIENT_CONFIRMATION_OK"
9627,10408696835,10408696873,1,"IOTHUB_CLIENT_CONFIRMATION_OK"
9628,10408697035,10408697083,1,"IOTHUB_CLIENT_CONFIRMATION_OK"
9629,10408697235,10408697290,1,"IOTHUB_CLIENT_CONFIRMATION_OK"
9630,10408697435,10408697483,1,"IOTHUB_CLIENT_CONFIRMATION_OK"
9631,10408697635,10408697695,1,"IOTHUB_CLIENT_CONFIRMATION_OK"
9632,10408697836,10408697898,1,"IOTHUB_CLIENT_CONFIRMATION_OK"
9633,10408698036,10408698109,1,"IOTHUB_CLIENT_CONFIRMATION_OK"
9634,10408698236,10408698278,1,"IOTHUB_CLIENT_CONFIRMATION_OK"
9635,10408698436,10408698513,1,"IOTHUB_CLIENT_CONFIRMATION_OK"
9636,10408698636,10408698812,1,"IOTHUB_CLIENT_CONFIRMATION_OK"
9637,10408698836,10408698878,1,"IOTHUB_CLIENT_CONFIRMATION_OK"
9638,10408699037,10408699076,1,"IOTHUB_CLIENT_CONFIRMATION_OK"
9639,10408699237,10408699306,1,"IOTHUB_CLIENT_CONFIRMATION_OK"
9640,10408699437,10408699477,1,"IOTHUB_CLIENT_CONFIRMATION_OK"
9641,10408699637,10408699692,1,"IOTHUB_CLIENT_CONFIRMATION_OK"
9642,10408699837,10408699876,1,"IOTHUB_CLIENT_CONFIRMATION_OK"
9643,10408700037,10408700102,1,"IOTHUB_CLIENT_CONFIRMATION_OK"
9644,10408700238,10408700280,1,"IOTHUB_CLIENT_CONFIRMATION_OK"
9645,10408700438,10408700490,1,"IOTHUB_CLIENT_CONFIRMATION_OK"
9646,10408700638,10408700705,1,"IOTHUB_CLIENT_CONFIRMATION_OK"
9647,10408700838,10408700911,1,"IOTHUB_CLIENT_CONFIRMATION_OK"
9648,10408701038,10408701082,1,"IOTHUB_CLIENT_CONFIRMATION_OK"
9649,10408701238,10408701286,1,"IOTHUB_CLIENT_CONFIRMATION_OK"
9650,10408701438,10408701504,1,"IOTHUB_CLIENT_CONFIRMATION_OK"
9651,10408701639,10408701756,1,"IOTHUB_CLIENT_CONFIRMATION_OK"
9652,10408701839,10408701903,1,"IOTHUB_CLIENT_CONFIRMATION_OK"
9653,10408702039,10408702081,1,"IOTHUB_CLIENT_CONFIRMATION_OK"
9654,10408702239,10408702295,1,"IOTHUB_CLIENT_CONFIRMATION_OK"
9655,10408702439,10408702508,1,"IOTHUB_CLIENT_CONFIRMATION_OK"
9656,10408702639,10408702693,1,"IOTHUB_CLIENT_CONFIRMATION_OK"
9657,10408702840,10408702897,1,"IOTHUB_CLIENT_CONFIRMATION_OK"
9658,10408703040,10408703076,1,"IOTHUB_CLIENT_CONFIRMATION_OK"
9659,10408703240,10408703299,1,"IOTHUB_CLIENT_CONFIRMATION_OK"
9660,10408703440,10408703491,1,"IOTHUB_CLIENT_CONFIRMATION_OK"
9661,10408703640,10408703713,1,"IOTHUB_CLIENT_CONFIRMATION_OK"
9662,10408703840,10408703901,1,"IOTHUB_CLIENT_CONFIRMATION_OK"
9663,10408704041,10408704129,1,"IOTHUB_CLIENT_CONFIRMATION_OK"
9664,10408704241,10408704303,1,"IOTHUB_CLIENT_CONFIRMATION_OK"
9665,10408704441,10408704482,1,"IOTHUB_CLIENT_CONFIRMATION_OK"
9666,10408704641,10408704689,1,"IOTHUB_CLIENT_CONFIRMATION_OK"
9667,10408704841,10408704935,1,"IOTHUB_CLIENT_CONFIRMATION_OK"
9668,10408705041,10408705091,1,"IOTHUB_CLIENT_CONFIRMATION_OK"
9669,10408705242,10408705283,1,"IOTHUB_CLIENT_CONFIRMATION_OK"
9670,10408705442,10408705491,1,"IOTHUB_CLIENT_CONFIRMATION_OK"
9671,10408705642,10408705711,1,"IOTHUB_CLIENT_CONFIRMATION_OK"
9672,10408705842,10408705944,1,"IOTHUB_CLIENT_CONFIRMATION_OK"
9673,10408706042,10408706130,1,"IOTHUB_CLIENT_CONFIRMATION_OK"
9674,10408706242,10408706299,1,"IOTHUB_CLIENT_CONFIRMATION_OK"
9675,10408706442,10408706509,1,"IOTHUB_CLIENT_CONFIRMATION_OK"
9676,10408706643,10408706782,1,"IOTHUB_CLIENT_CONFIRMATION_OK"
9677,10408706843,10408706880,1,"IOTHUB_CLIENT_CONFIRMATION_OK"
9678,10408707043,10408707083,1,"IOTHUB_CLIENT_CONFIRMATION_OK"
9679,10408707243,10408707295,1,"IOTHUB_CLIENT_CONFIRMATION_OK"
9680,10408707443,10408707488,1,"IOTHUB_CLIENT_CONFIRMATION_OK"
9681,10408707643,10408707692,1,"IOTHUB_CLIENT_CONFIRMATION_OK"
9682,10408707844,10408707886,1,"IOTHUB_CLIENT_CONFIRMATION_OK"
9683,10408708044,10408708086,1,"IOTHUB_CLIENT_CONFIRMATION_OK"
9684,10408708244,10408708287,1,"IOTHUB_CLIENT_CONFIRMATION_OK"
9685,10408708444,10408708503,1,"IOTHUB_CLIENT_CONFIRMATION_OK"
9686,10408708644,10408708780,1,"IOTHUB_CLIENT_CONFIRMATION_OK"
9687,10408708844,10408708894,1,"IOTHUB_CLIENT_CONFIRMATION_OK"
9688,10408709044,10408709091,1,"IOTHUB_CLIENT_CONFIRMATION_OK"
9689,10408709245,10408709287,1,"IOTHUB_CLIENT_CONFIRMATION_OK"
9690,10408709445,10408709497,1,"IOTHUB_CLIENT_CONFIRMATION_OK"
9691,10408709645,10408709702,1,"IOTHUB_CLIENT_CONFIRMATION_OK"
9692,10408709845,10408709883,1,"IOTHUB_CLIENT_CONFIRMATION_OK"
9693,10408710045,10408710108,1,"IOTHUB_CLIENT_CONFIRMATION_OK"
9694,10408710245,10408710284,1,"IOTHUB_CLIENT_CONFIRMATION_OK"
9695,10408710445,10408710497,1,"IOTHUB_CLIENT_CONFIRMATION_OK"
9696,10408710646,10408710803,1,"IOTHUB_CLIENT_CONFIRMATION_OK"
9697,10408710846,10408711049,1,"IOTHUB_CLIENT_CONFIRMATION_OK"
9698,10408711046,10408711086,1,"IOTHUB_CLIENT_CONFIRMATION_OK"
9699,10408711246,10408711356,1,"IOTHUB_CLIENT_CONFIRMATION_OK"
9700,10408711446,10408711489,1,"IOTHUB_CLIENT_CONFIRMATION_OK"
9701,10408711646,10408711693,1,"IOTHUB_CLIENT_CONFIRMATION_OK"
9702,10408711847,10408711904,1,"IOTHUB_CLIENT_CONFIRMATION_OK"
9703,10408712047,10408712105,1,"IOTHUB_CLIENT_CONFIRMATION_OK"
9704,10408712247,10408712295,1,"IOTHUB_CLIENT_CONFIRMATION_OK"
9705,10408712447,10408712510,1,"IOTHUB_CLIENT_CONFIRMATION_OK"
9706,10408712647,10408712706,1,"IOTHUB_CLIENT_CONFIRMATION_OK"
9707,10408712847,10408712914,1,"IOTHUB_CLIENT_CONFIRMATION_OK"
9708,10408713047,10408713088,1,"IOTHUB_CLIENT_CONFIRMATION_OK"
9709,10408713248,10408713306,1,"IOTHUB_CLIENT_CONFIRMATION_OK"
9710,10408713448,10408713490,1,"IOTHUB_CLIENT_CONFIRMATION_OK"
9711,10408713648,10408713697,1,"IOTHUB_CLIENT_CONFIRMATION_OK"
9712,10408713848,10408713910,1,"IOTHUB_CLIENT_CONFIRMATION_OK"
9713,10408714048,10408714126,1,"IOTHUB_CLIENT_CONFIRMATION_OK"
9714,10408714248,10408714287,1,"IOTHUB_CLIENT_CONFIRMATION_OK"
9715,10408714449,10408714540,1,"IOTHUB_CLIENT_CONFIRMATION_OK"
9716,10408714649,10408714730,1,"IOTHUB_CLIENT_CONFIRMATION_OK"
9717,10408714849,10408714931,1,"IOTHUB_CLIENT_CONFIRMATION_OK"
9718,10408715049,10408715129,1,"IOTHUB_CLIENT_CONFIRMATION_OK"
9719,10408715249,10408715288,1,"IOTHUB_CLIENT_CONFIRMATION_OK"
9720,10408715449,10408715529,1,"IOTHUB_CLIENT_CONFIRMATION_OK"
9721,10408715650,10408715700,1,"IOTHUB_CLIENT_CONFIRMATION_OK"
9722,10408715850,10408715889,1,"IOTHUB_CLIENT_CONFIRMATION_OK"
9723,10408716050,10408716208,1,"IOTHUB_CLIENT_CONFIRMATION_OK"
9724,10408716250,10408716299,1,"IOTHUB_CLIENT_CONFIRMATION_OK"
9725,10408716450,10408716512,1,"IOTHUB_CLIENT_CONFIRMATION_OK"
9726,10408716650,10408716860,1,"IOTHUB_CLIENT_CONFIRMATION_OK"
9727,10408716851,10408716924,1,"IOTHUB_CLIENT_CONFIRMATION_OK"
9728,10408717051,10408717111,1,"IOTHUB_CLIENT_CONFIRMATION_OK"
9729,10408717251,10408717299,1,"IOTHUB_CLIENT_CONFIRMATION_OK"
9730,10408717451,10408717489,1,"IOTHUB_CLIENT_CONFIRMATION_OK"
9731,10408717651,10408717690,1,"IOTHUB_CLIENT_CONFIRMATION_OK"
9732,10408717851,10408717902,1,"IOTHUB_CLIENT_CONFIRMATION_OK"
9733,10408718051,10408718111,1,"IOTHUB_CLIENT_CONFIRMATION_OK"
9734,10408718252,10408718353,1,"IOTHUB_CLIENT_CONFIRMATION_OK"
9735,10408718452,10408718484,1,"IOTHUB_CLIENT_CONFIRMATION_OK"
9736,10408718652,10408718822,1,"IOTHUB_CLIENT_CONFIRMATION_OK"
9737,10408718852,10408718902,1,"IOTHUB_CLIENT_CONFIRMATION_OK"
9738,10408719052,10408719104,1,"IOTHUB_CLIENT_CONFIRMATION_OK"
9739,10408719252,10408719326,1,"IOTHUB_CLIENT_CONFIRMATION_OK"
9740,10408719453,10408719504,1,"IOTHUB_CLIENT_CONFIRMATION_OK"
9741,10408719653,10408719727,1,"IOTHUB_CLIENT_CONFIRMATION_OK"
9742,10408719853,10408719921,1,"IOTHUB_CLIENT_CONFIRMATION_OK"
9743,10408720053,10408720105,1,"IOTHUB_CLIENT_CONFIRMATION_OK"
9744,10408720253,10408720301,1,"IOTHUB_CLIENT_CONFIRMATION_OK"
9745,10408720453,10408720507,1,"IOTHUB_CLIENT_CONFIRMATION_OK"
9746,10408720653,10408720878,1,"IOTHUB_CLIENT_CONFIRMATION_OK"
9747,10408720854,10408720908,1,"IOTHUB_CLIENT_CONFIRMATION_OK"
9748,10408721054,10408721097,1,"IOTHUB_CLIENT_CONFIRMATION_OK"
9749,10408721254,10408721301,1,"IOTHUB_CLIENT_CONFIRMATION_OK"
9750,10408721454,10408721503,1,"IOTHUB_CLIENT_CONFIRMATION_OK"
9751,10408721654,10408721692,1,"IOTHUB_CLIENT_CONFIRMATION_OK"
9752,10408721854,10408721916,1,"IOTHUB_CLIENT_CONFIRMATION_OK"
9753,10408722055,10408722101,1,"IOTHUB_CLIENT_CONFIRMATION_OK"
9754,10408722255,10408722335,1,"IOTHUB_CLIENT_CONFIRMATION_OK"
9755,10408722455,10408722509,1,"IOTHUB_CLIENT_CONFIRMATION_OK"
9756,10408722655,10408722854,1,"IOTHUB_CLIENT_CONFIRMATION_OK"
9757,10408722855,10408722897,1,"IOTHUB_CLIENT_CONFIRMATION_OK"
9758,10408723055,10408723124,1,"IOTHUB_CLIENT_CONFIRMATION_OK"
9759,10408723255,10408723290,1,"IOTHUB_CLIENT_CONFIRMATION_OK"
9760,10408723456,10408723491,1,"IOTHUB_CLIENT_CONFIRMATION_OK"
9761,10408723656,10408723715,1,"IOTHUB_CLIENT_CONFIRMATION_OK"
9762,10408723856,10408723894,1,"IOTHUB_CLIENT_CONFIRMATION_OK"
9763,10408724056,10408724096,1,"IOTHUB_CLIENT_CONFIRMATION_OK"
9764,10408724256,10408724310,1,"IOTHUB_CLIENT_CONFIRMATION_OK"
9765,10408724456,10408724525,1,"IOTHUB_CLIENT_CONFIRMATION_OK"
9766,10408724657,10408724697,1,"IOTHUB_CLIENT_CONFIRMATION_OK"
9767,10408724857,10408724914,1,"IOTHUB_CLIENT_CONFIRMATION_OK"
9768,10408725057,10408725112,1,"IOTHUB_CLIENT_CONFIRMATION_OK"
9769,10408725257,10408725291,1,"IOTHUB_CLIENT_CONFIRMATION_OK"
9770,10408725457,10408725509,1,"IOTHUB_CLIENT_CONFIRMATION_OK"
9771,10408725657,10408725702,1,"IOTHUB_CLIENT_CONFIRMATION_OK"
9772,10408725857,10408725913,1,"IOTHUB_CLIENT_CONFIRMATION_OK"
9773,10408726058,10408726116,1,"IOTHUB_CLIENT_CONFIRMATION_OK"
9774,10408726258,10408726299,1,"IOTHUB_CLIENT_CONFIRMATION_OK"
9775,10408726458,10408726500,1,"IOTHUB_CLIENT_CONFIRMATION_OK"
9776,10408726658,10408726740,1,"IOTHUB_CLIENT_CONFIRMATION_OK"
9777,10408726858,10408726901,1,"IOTHUB_CLIENT_CONFIRMATION_OK"
9778,10408727058,10408727168,1,"IOTHUB_CLIENT_CONFIRMATION_OK"
9779,10408727259,10408727303,1,"IOTHUB_CLIENT_CONFIRMATION_OK"
9780,10408727459,10408727499,1,"IOTHUB_CLIENT_CONFIRMATION_OK"
9781,10408727659,10408727709,1,"IOTHUB_CLIENT_CONFIRMATION_OK"
9782,10408727859,10408727910,1,"IOTHUB_CLIENT_CONFIRMATION_OK"
9783,10408728059,10408728101,1,"IOTHUB_CLIENT_CONFIRMATION_OK"
9784,10408728259,10408728312,1,"IOTHUB_CLIENT_CONFIRMATION_OK"
9785,10408728460,10408728505,1,"IOTHUB_CLIENT_CONFIRMATION_OK"
9786,10408728660,10408728722,1,"IOTHUB_CLIENT_CONFIRMATION_OK"
9787,10408728860,10408728903,1,"IOTHUB_CLIENT_CONFIRMATION_OK"
9788,10408729060,10408729110,1,"IOTHUB_CLIENT_CONFIRMATION_OK"
9789,10408729260,10408729305,1,"IOTHUB_CLIENT_CONFIRMATION_OK"
9790,10408729460,10408729556,1,"IOTHUB_CLIENT_CONFIRMATION_OK"
9791,10408729661,10408729696,1,"IOTHUB_CLIENT_CONFIRMATION_OK"
9792,10408729861,10408729903,1,"IOTHUB_CLIENT_CONFIRMATION_OK"
9793,10408730061,10408730121,1,"IOTHUB_CLIENT_CONFIRMATION_OK"
9794,10408730261,10408730322,1,"IOTHUB_CLIENT_CONFIRMATION_OK"
9795,10408730461,10408730512,1,"IOTHUB_CLIENT_CONFIRMATION_OK"
9796,10408730661,10408730721,1,"IOTHUB_CLIENT_CONFIRMATION_OK"
9797,10408730862,10408730934,1,"IOTHUB_CLIENT_CONFIRMATION_OK"
9798,10408731062,10408731131,1,"IOTHUB_CLIENT_CONFIRMATION_OK"
9799,10408731262,10408731308,1,"IOTHUB_CLIENT_CONFIRMATION_OK"
9800,10408731462,10408731503,1,"IOTHUB_CLIENT_CONFIRMATION_OK"
9801,10408731662,10408731706,1,"IOTHUB_CLIENT_CONFIRMATION_OK"
9802,10408731862,10408731905,1,"IOTHUB_CLIENT_CONFIRMATION_OK"
9803,10408732063,10408732108,1,"IOTHUB_CLIENT_CONFIRMATION_OK"
9804,10408732263,10408732309,1,"IOTHUB_CLIENT_CONFIRMATION_OK"
9805,10408732463,10408732506,1,"IOTHUB_CLIENT_CONFIRMATION_OK"
9806,10408732663,10408732699,1,"IOTHUB_CLIENT_CONFIRMATION_OK"
9807,10408732863,10408733117,1,"IOTHUB_CLIENT_CONFIRMATION_OK"
9808,10408733063,10408733192,1,"IOTHUB_CLIENT_CONFIRMATION_OK"
9809,10408733264,10408733305,1,"IOTHUB_CLIENT_CONFIRMATION_OK"
9810,10408733464,10408733524,1,"IOTHUB_CLIENT_CONFIRMATION_OK"
9811,10408733664,10408733710,1,"IOTHUB_CLIENT_CONFIRMATION_OK"
9812,10408733864,10408733907,1,"IOTHUB_CLIENT_CONFIRMATION_OK"
9813,10408734064,10408734199,1,"IOTHUB_CLIENT_CONFIRMATION_OK"
9814,10408734264,10408734313,1,"IOTHUB_CLIENT_CONFIRMATION_OK"
9815,10408734465,10408734513,1,"IOTHUB_CLIENT_CONFIRMATION_OK"
9816,10408734665,10408734779,1,"IOTHUB_CLIENT_CONFIRMATION_OK"
9817,10408734865,10408734921,1,"IOTHUB_CLIENT_CONFIRMATION_OK"
9818,10408735065,10408735110,1,"IOTHUB_CLIENT_CONFIRMATION_OK"
9819,10408735265,10408735315,1,"IOTHUB_CLIENT_CONFIRMATION_OK"
9820,10408735465,10408735519,1,"IOTHUB_CLIENT_CONFIRMATION_OK"
9821,10408735665,10408735714,1,"IOTHUB_CLIENT_CONFIRMATION_OK"
9822,10408735866,10408735923,1,"IOTHUB_CLIENT_CONFIRMATION_OK"
9823,10408736066,10408736109,1,"IOTHUB_CLIENT_CONFIRMATION_OK"
9824,10408736266,10408736316,1,"IOTHUB_CLIENT_CONFIRMATION_OK"
9825,10408736466,10408736532,1,"IOTHUB_CLIENT_CONFIRMATION_OK"
9826,10408736666,10408736804,1,"IOTHUB_CLIENT_CONFIRMATION_OK"
9827,10408736866,10408736926,1,"IOTHUB_CLIENT_CONFIRMATION_OK"
9828,10408737067,10408737120,1,"IOTHUB_CLIENT_CONFIRMATION_OK"
9829,10408737267,10408737309,1,"IOTHUB_CLIENT_CONFIRMATION_OK"
9830,10408737467,10408737529,1,"IOTHUB_CLIENT_CONFIRMATION_OK"
9831,10408737667,10408737716,1,"IOTHUB_CLIENT_CONFIRMATION_OK"
9832,10408737867,10408737906,1,"IOTHUB_CLIENT_CONFIRMATION_OK"
9833,10408738067,10408738105,1,"IOTHUB_CLIENT_CONFIRMATION_OK"
9834,10408738267,10408738317,1,"IOTHUB_CLIENT_CONFIRMATION_OK"
9835,10408738468,10408738518,1,"IOTHUB_CLIENT_CONFIRMATION_OK"
9836,10408738668,10408738826,1,"IOTHUB_CLIENT_CONFIRMATION_OK"
9837,10408738868,10408738916,1,"IOTHUB_CLIENT_CONFIRMATION_OK"
9838,10408739068,10408739104,1,"IOTHUB_CLIENT_CONFIRMATION_OK"
9839,10408739268,10408739412,1,"IOTHUB_CLIENT_CONFIRMATION_OK"
9840,10408739469,10408739515,1,"IOTHUB_CLIENT_CONFIRMATION_OK"
9841,10408739669,10408739716,1,"IOTHUB_CLIENT_CONFIRMATION_OK"
9842,10408739869,10408739923,1,"IOTHUB_CLIENT_CONFIRMATION_OK"
9843,10408740069,10408740109,1,"IOTHUB_CLIENT_CONFIRMATION_OK"
9844,10408740269,10408740355,1,"IOTHUB_CLIENT_CONFIRMATION_OK"
9845,10408740469,10408740519,1,"IOTHUB_CLIENT_CONFIRMATION_OK"
9846,10408740669,10408740718,1,"IOTHUB_CLIENT_CONFIRMATION_OK"
9847,10408740870,10408740921,1,"IOTHUB_CLIENT_CONFIRMATION_OK"
9848,10408741070,10408741129,1,"IOTHUB_CLIENT_CONFIRMATION_OK"
9849,10408741270,10408741312,1,"IOTHUB_CLIENT_CONFIRMATION_OK"
9850,10408741470,10408741534,1,"IOTHUB_CLIENT_CONFIRMATION_OK"
9851,10408741670,10408741722,1,"IOTHUB_CLIENT_CONFIRMATION_OK"
9852,10408741870,10408741925,1,"IOTHUB_CLIENT_CONFIRMATION_OK"
9853,10408742071,10408742113,1,"IOTHUB_CLIENT_CONFIRMATION_OK"
9854,10408742271,10408742328,1,"IOTHUB_CLIENT_CONFIRMATION_OK"
9855,10408742471,10408742519,1,"IOTHUB_CLIENT_CONFIRMATION_OK"
9856,10408742671,10408742715,1,"IOTHUB_CLIENT_CONFIRMATION_OK"
9857,10408742871,10408742922,1,"IOTHUB_CLIENT_CONFIRMATION_OK"
9858,10408743071,10408743179,1,"IOTHUB_CLIENT_CONFIRMATION_OK"
9859,10408743271,10408743352,1,"IOTHUB_CLIENT_CONFIRMATION_OK"
9860,10408743472,10408743557,1,"IOTHUB_CLIENT_CONFIRMATION_OK"
9861,10408743672,10408743724,1,"IOTHUB_CLIENT_CONFIRMATION_OK"
9862,10408743872,10408743918,1,"IOTHUB_CLIENT_CONFIRMATION_OK"
9863,10408744072,10408744128,1,"IOTHUB_CLIENT_CONFIRMATION_OK"
9864,10408744272,10408744327,1,"IOTHUB_CLIENT_CONFIRMATION_OK"
9865,10408744472,10408744525,1,"IOTHUB_CLIENT_CONFIRMATION_OK"
9866,10408744673,10408744748,1,"IOTHUB_CLIENT_CONFIRMATION_OK"
9867,10408744873,10408744967,1,"IOTHUB_CLIENT_CONFIRMATION_OK"
9868,10408745073,10408745118,1,"IOTHUB_CLIENT_CONFIRMATION_OK"
9869,10408745273,10408745331,1,"IOTHUB_CLIENT_CONFIRMATION_OK"
9870,10408745473,10408745524,1,"IOTHUB_CLIENT_CONFIRMATION_OK"
9871,10408745673,10408745717,1,"IOTHUB_CLIENT_CONFIRMATION_OK"
9872,10408745873,10408745928,1,"IOTHUB_CLIENT_CONFIRMATION_OK"
9873,10408746074,10408746124,1,"IOTHUB_CLIENT_CONFIRMATION_OK"
9874,10408746274,10408746322,1,"IOTHUB_CLIENT_CONFIRMATION_OK"
9875,10408746474,10408746532,1,"IOTHUB_CLIENT_CONFIRMATION_OK"
9876,10408746674,10408746803,1,"IOTHUB_CLIENT_CONFIRMATION_OK"
9877,10408746874,10408746927,1,"IOTHUB_CLIENT_CONFIRMATION_OK"
9878,10408747074,10408747157,1,"IOTHUB_CLIENT_CONFIRMATION_OK"
9879,10408747274,10408747326,1,"IOTHUB_CLIENT_CONFIRMATION_OK"
9880,10408747475,10408747511,1,"IOTHUB_CLIENT_CONFIRMATION_OK"
9881,10408747675,10408747725,1,"IOTHUB_CLIENT_CONFIRMATION_OK"
9882,10408747875,10408747915,1,"IOTHUB_CLIENT_CONFIRMATION_OK"
9883,10408748075,10408748125,1,"IOTHUB_CLIENT_CONFIRMATION_OK"
9884,10408748275,10408748330,1,"IOTHUB_CLIENT_CONFIRMATION_OK"
9885,10408748475,10408748543,1,"IOTHUB_CLIENT_CONFIRMATION_OK"
9886,10408748676,10408748782,1,"IOTHUB_CLIENT_CONFIRMATION_OK"
9887,10408748876,10408748929,1,"IOTHUB_CLIENT_CONFIRMATION_OK"
9888,10408749076,10408749110,1,"IOTHUB_CLIENT_CONFIRMATION_OK"
9889,10408749276,10408749315,1,"IOTHUB_CLIENT_CONFIRMATION_OK"
9890,10408749476,10408749525,1,"IOTHUB_CLIENT_CONFIRMATION_OK"
9891,10408749676,10408749716,1,"IOTHUB_CLIENT_CONFIRMATION_OK"
9892,10408749877,10408749932,1,"IOTHUB_CLIENT_CONFIRMATION_OK"
9893,10408750077,10408750141,1,"IOTHUB_CLIENT_CONFIRMATION_OK"
9894,10408750277,10408750328,1,"IOTHUB_CLIENT_CONFIRMATION_OK"
9895,10408750477,10408750542,1,"IOTHUB_CLIENT_CONFIRMATION_OK"
9896,10408750677,10408750730,1,"IOTHUB_CLIENT_CONFIRMATION_OK"
9897,10408750877,10408751033,1,"IOTHUB_CLIENT_CONFIRMATION_OK"
9898,10408751077,10408751133,1,"IOTHUB_CLIENT_CONFIRMATION_OK"
9899,10408751278,10408751341,1,"IOTHUB_CLIENT_CONFIRMATION_OK"
9900,10408751478,10408751639,1,"IOTHUB_CLIENT_CONFIRMATION_OK"
9901,10408751678,10408751716,1,"IOTHUB_CLIENT_CONFIRMATION_OK"
9902,10408751878,10408751914,1,"IOTHUB_CLIENT_CONFIRMATION_OK"
9903,10408752078,10408752145,1,"IOTHUB_CLIENT_CONFIRMATION_OK"
9904,10408752278,10408752322,1,"IOTHUB_CLIENT_CONFIRMATION_OK"
9905,10408752479,10408752568,1,"IOTHUB_CLIENT_CONFIRMATION_OK"
9906,10408752679,10408752760,1,"IOTHUB_CLIENT_CONFIRMATION_OK"
9907,10408752879,10408752929,1,"IOTHUB_CLIENT_CONFIRMATION_OK"
9908,10408753079,10408753161,1,"IOTHUB_CLIENT_CONFIRMATION_OK"
9909,10408753279,10408753320,1,"IOTHUB_CLIENT_CONFIRMATION_OK"
9910,10408753479,10408753528,1,"IOTHUB_CLIENT_CONFIRMATION_OK"
9911,10408753680,10408753921,1,"IOTHUB_CLIENT_CONFIRMATION_OK"
9912,10408753880,10408753998,1,"IOTHUB_CLIENT_CONFIRMATION_OK"
9913,10408754080,10408754145,1,"IOTHUB_CLIENT_CONFIRMATION_OK"
9914,10408754280,10408754339,1,"IOTHUB_CLIENT_CONFIRMATION_OK"
9915,10408754480,10408754538,1,"IOTHUB_CLIENT_CONFIRMATION_OK"
9916,10408754680,10408754835,1,"IOTHUB_CLIENT_CONFIRMATION_OK"
9917,10408754880,10408754963,1,"IOTHUB_CLIENT_CONFIRMATION_OK"
9918,10408755081,10408755241,1,"IOTHUB_CLIENT_CONFIRMATION_OK"
9919,10408755281,10408755322,1,"IOTHUB_CLIENT_CONFIRMATION_OK"
9920,10408755481,10408755519,1,"IOTHUB_CLIENT_CONFIRMATION_OK"
9921,10408755681,10408755741,1,"IOTHUB_CLIENT_CONFIRMATION_OK"
9922,10408755881,10408755933,1,"IOTHUB_CLIENT_CONFIRMATION_OK"
9923,10408756081,10408756125,1,"IOTHUB_CLIENT_CONFIRMATION_OK"
9924,10408756282,10408756348,1,"IOTHUB_CLIENT_CONFIRMATION_OK"
9925,10408756482,10408756529,1,"IOTHUB_CLIENT_CONFIRMATION_OK"
9926,10408756682,10408756872,1,"IOTHUB_CLIENT_CONFIRMATION_OK"
9927,10408756882,10408756979,1,"IOTHUB_CLIENT_CONFIRMATION_OK"
9928,10408757082,10408757130,1,"IOTHUB_CLIENT_CONFIRMATION_OK"
9929,10408757282,10408757357,1,"IOTHUB_CLIENT_CONFIRMATION_OK"
9930,10408757482,10408757533,1,"IOTHUB_CLIENT_CONFIRMATION_OK"
9931,10408757683,10408757755,1,"IOTHUB_CLIENT_CONFIRMATION_OK"
9932,10408757883,10408757932,1,"IOTHUB_CLIENT_CONFIRMATION_OK"
9933,10408758083,10408758126,1,"IOTHUB_CLIENT_CONFIRMATION_OK"
9934,10408758283,10408758321,1,"IOTHUB_CLIENT_CONFIRMATION_OK"
9935,10408758483,10408758552,1,"IOTHUB_CLIENT_CONFIRMATION_OK"
9936,10408758683,10408758716,1,"IOTHUB_CLIENT_CONFIRMATION_OK"
9937,10408758884,10408758946,1,"IOTHUB_CLIENT_CONFIRMATION_OK"
9938,10408759084,10408759134,1,"IOTHUB_CLIENT_CONFIRMATION_OK"
9939,10408759284,10408759338,1,"IOTHUB_CLIENT_CONFIRMATION_OK"
9940,10408759484,10408759539,1,"IOTHUB_CLIENT_CONFIRMATION_OK"
9941,10408759684,10408759721,1,"IOTHUB_CLIENT_CONFIRMATION_OK"
9942,10408759884,10408759964,1,"IOTHUB_CLIENT_CONFIRMATION_OK"
9943,10408760084,10408760129,1,"IOTHUB_CLIENT_CONFIRMATION_OK"
9944,10408760285,10408760341,1,"IOTHUB_CLIENT_CONFIRMATION_OK"
9945,10408760485,10408760529,1,"IOTHUB_CLIENT_CONFIRMATION_OK"
9946,10408760685,10408760756,1,"IOTHUB_CLIENT_CONFIRMATION_OK"
9947,10408760885,10408760937,1,"IOTHUB_CLIENT_CONFIRMATION_OK"
9948,10408761085,10408761138,1,"IOTHUB_CLIENT_CONFIRMATION_OK"
9949,10408761285,10408761332,1,"IOTHUB_CLIENT_CONFIRMATION_OK"
9950,10408761486,10408761546,1,"IOTHUB_CLIENT_CONFIRMATION_OK"
9951,10408761686,10408761740,1,"IOTHUB_CLIENT_CONFIRMATION_OK"
9952,10408761886,10408761935,1,"IOTHUB_CLIENT_CONFIRMATION_OK"
9953,10408762086,10408762276,1,"IOTHUB_CLIENT_CONFIRMATION_OK"
9954,10408762286,10408762344,1,"IOTHUB_CLIENT_CONFIRMATION_OK"
9955,10408762486,10408762552,1,"IOTHUB_CLIENT_CONFIRMATION_OK"
9956,10408762686,10408762845,1,"IOTHUB_CLIENT_CONFIRMATION_OK"
9957,10408762887,10408762929,1,"IOTHUB_CLIENT_CONFIRMATION_OK"
9958,10408763087,10408763140,1,"IOTHUB_CLIENT_CONFIRMATION_OK"
9959,10408763287,10408763328,1,"IOTHUB_CLIENT_CONFIRMATION_OK"
9960,10408763487,10408763542,1,"IOTHUB_CLIENT_CONFIRMATION_OK"
9961,10408763687,10408763760,1,"IOTHUB_CLIENT_CONFIRMATION_OK"
9962,10408763887,10408763927,1,"IOTHUB_CLIENT_CONFIRMATION_OK"
9963,10408764088,10408764140,1,"IOTHUB_CLIENT_CONFIRMATION_OK"
9964,10408764288,10408764336,1,"IOTHUB_CLIENT_CONFIRMATION_OK"
9965,10408764488,10408764527,1,"IOTHUB_CLIENT_CONFIRMATION_OK"
9966,10408764688,10408764849,1,"IOTHUB_CLIENT_CONFIRMATION_OK"
9967,10408764888,10408764943,1,"IOTHUB_CLIENT_CONFIRMATION_OK"
9968,10408765089,10408765126,1,"IOTHUB_CLIENT_CONFIRMATION_OK"
9969,10408765289,10408765337,1,"IOTHUB_CLIENT_CONFIRMATION_OK"
9970,10408765489,10408765553,1,"IOTHUB_CLIENT_CONFIRMATION_OK"
9971,10408765689,10408765732,1,"IOTHUB_CLIENT_CONFIRMATION_OK"
9972,10408765889,10408765969,1,"IOTHUB_CLIENT_CONFIRMATION_OK"
9973,10408766089,10408766148,1,"IOTHUB_CLIENT_CONFIRMATION_OK"
9974,10408766289,10408766394,1,"IOTHUB_CLIENT_CONFIRMATION_OK"
9975,10408766490,10408766618,1,"IOTHUB_CLIENT_CONFIRMATION_OK"
9976,10408766690,10408766738,1,"IOTHUB_CLIENT_CONFIRMATION_OK"
9977,10408766890,10408766938,1,"IOTHUB_CLIENT_CONFIRMATION_OK"
9978,10408767090,10408767139,1,"IOTHUB_CLIENT_CONFIRMATION_OK"
9979,10408767290,10408767331,1,"IOTHUB_CLIENT_CONFIRMATION_OK"
9980,10408767490,10408767548,1,"IOTHUB_CLIENT_CONFIRMATION_OK"
9981,10408767691,10408767735,1,"IOTHUB_CLIENT_CONFIRMATION_OK"
9982,10408767891,10408767932,1,"IOTHUB_CLIENT_CONFIRMATION_OK"
9983,10408768091,10408768138,1,"IOTHUB_CLIENT_CONFIRMATION_OK"
9984,10408768291,10408768327,1,"IOTHUB_CLIENT_CONFIRMATION_OK"
9985,10408768491,10408768540,1,"IOTHUB_CLIENT_CONFIRMATION_OK"
9986,10408768691,10408768755,1,"IOTHUB_CLIENT_CONFIRMATION_OK"
9987,10408768892,10408768936,1,"IOTHUB_CLIENT_CONFIRMATION_OK"
9988,10408769092,10408769130,1,"IOTHUB_CLIENT_CONFIRMATION_OK"
9989,10408769292,10408769372,1,"IOTHUB_CLIENT_CONFIRMATION_OK"
9990,10408769492,10408769533,1,"IOTHUB_CLIENT_CONFIRMATION_OK"
9991,10408769692,10408769743,1,"IOTHUB_CLIENT_CONFIRMATION_OK"
9992,10408769892,10408769936,1,"IOTHUB_CLIENT_CONFIRMATION_OK"
9993,10408770092,10408770171,1,"IOTHUB_CLIENT_CONFIRMATION_OK"
9994,10408770293,10408770337,1,"IOTHUB_CLIENT_CONFIRMATION_OK"
9995,10408770493,10408770575,1,"IOTHUB_CLIENT_CONFIRMATION_OK"
9996,10408770693,10408770805,1,"IOTHUB_CLIENT_CONFIRMATION_OK"
9997,10408770893,10408770936,1,"IOTHUB_CLIENT_CONFIRMATION_OK"
9998,10408771093,10408771137,1,"IOTHUB_CLIENT_CONFIRMATION_OK"
9999,10408771293,10408771344,1,"IOTHUB_CLIENT_CONFIRMATION_OK"
10000,10408771493,10408771548,1,"IOTHUB_CLIENT_CONFIRMATION_OK"
10001,10408771694,10408771906,1,"IOTHUB_CLIENT_CONFIRMATION_OK"
10002,10408771894,10408771936,1,"IOTHUB_CLIENT_CONFIRMATION_OK"
10003,10408772094,10408772136,1,"IOTHUB_CLIENT_CONFIRMATION_OK"
10004,10408772294,10408772343,1,"IOTHUB_CLIENT_CONFIRMATION_OK"
10005,10408772494,10408772537,1,"IOTHUB_CLIENT_CONFIRMATION_OK"
10006,10408772694,10408772761,1,"IOTHUB_CLIENT_CONFIRMATION_OK"
10007,10408772895,10408772941,1,"IOTHUB_CLIENT_CONFIRMATION_OK"
10008,10408773095,10408773137,1,"IOTHUB_CLIENT_CONFIRMATION_OK"
10009,10408773295,10408773341,1,"IOTHUB_CLIENT_CONFIRMATION_OK"
10010,10408773495,10408773546,1,"IOTHUB_CLIENT_CONFIRMATION_OK"
10011,10408773695,10408773736,1,"IOTHUB_CLIENT_CONFIRMATION_OK"
10012,10408773895,10408773930,1,"IOTHUB_CLIENT_CONFIRMATION_OK"
10013,10408774095,10408774179,1,"IOTHUB_CLIENT_CONFIRMATION_OK"
10014,10408774296,10408774335,1,"IOTHUB_CLIENT_CONFIRMATION_OK"
10015,10408774496,10408774542,1,"IOTHUB_CLIENT_CONFIRMATION_OK"
10016,10408774696,10408774819,1,"IOTHUB_CLIENT_CONFIRMATION_OK"
10017,10408774896,10408774947,1,"IOTHUB_CLIENT_CONFIRMATION_OK"
10018,10408775096,10408775140,1,"IOTHUB_CLIENT_CONFIRMATION_OK"
10019,10408775296,10408775356,1,"IOTHUB_CLIENT_CONFIRMATION_OK"
10020,10408775497,10408775549,1,"IOTHUB_CLIENT_CONFIRMATION_OK"
10021,10408775697,10408775744,1,"IOTHUB_CLIENT_CONFIRMATION_OK"
10022,10408775897,10408775953,1,"IOTHUB_CLIENT_CONFIRMATION_OK"
10023,10408776097,10408776187,1,"IOTHUB_CLIENT_CONFIRMATION_OK"
10024,10408776297,10408776356,1,"IOTHUB_CLIENT_CONFIRMATION_OK"
10025,10408776497,10408776541,1,"IOTHUB_CLIENT_CONFIRMATION_OK"
10026,10408776698,10408776862,1,"IOTHUB_CLIENT_CONFIRMATION_OK"
10027,10408776898,10408776944,1,"IOTHUB_CLIENT_CONFIRMATION_OK"
10028,10408777098,10408777143,1,"IOTHUB_CLIENT_CONFIRMATION_OK"
10029,10408777298,10408777344,1,"IOTHUB_CLIENT_CONFIRMATION_OK"
10030,10408777498,10408777537,1,"IOTHUB_CLIENT_CONFIRMATION_OK"
10031,10408777698,10408777778,1,"IOTHUB_CLIENT_CONFIRMATION_OK"
10032,10408777899,10408777947,1,"IOTHUB_CLIENT_CONFIRMATION_OK"
10033,10408778099,10408778171,1,"IOTHUB_CLIENT_CONFIRMATION_OK"
10034,10408778299,10408778354,1,"IOTHUB_CLIENT_CONFIRMATION_OK"
10035,10408778499,10408778542,1,"IOTHUB_CLIENT_CONFIRMATION_OK"
10036,10408778699,10408778769,1,"IOTHUB_CLIENT_CONFIRMATION_OK"
10037,10408778899,10408778951,1,"IOTHUB_CLIENT_CONFIRMATION_OK"
10038,10408779099,10408779133,1,"IOTHUB_CLIENT_CONFIRMATION_OK"
10039,10408779300,10408779349,1,"IOTHUB_CLIENT_CONFIRMATION_OK"
10040,10408779500,10408779562,1,"IOTHUB_CLIENT_CONFIRMATION_OK"
10041,10408779700,10408779766,1,"IOTHUB_CLIENT_CONFIRMATION_OK"
10042,10408779900,10408779967,1,"IOTHUB_CLIENT_CONFIRMATION_OK"
10043,10408780100,10408780144,1,"IOTHUB_CLIENT_CONFIRMATION_OK"
10044,10408780300,10408780341,1,"IOTHUB_CLIENT_CONFIRMATION_OK"
10045,10408780500,10408780563,1,"IOTHUB_CLIENT_CONFIRMATION_OK"
10046,10408780701,10408780835,1,"IOTHUB_CLIENT_CONFIRMATION_OK"
10047,10408780901,10408780951,1,"IOTHUB_CLIENT_CONFIRMATION_OK"
10048,10408781101,10408781154,1,"IOTHUB_CLIENT_CONFIRMATION_OK"
10049,10408781301,10408781345,1,"IOTHUB_CLIENT_CONFIRMATION_OK"
10050,10408781501,10408781566,1,"IOTHUB_CLIENT_CONFIRMATION_OK"
10051,10408781701,10408781740,1,"IOTHUB_CLIENT_CONFIRMATION_OK"
10052,10408781902,10408781947,1,"IOTHUB_CLIENT_CONFIRMATION_OK"
10053,10408782102,10408782146,1,"IOTHUB_CLIENT_CONFIRMATION_OK"
10054,10408782302,10408782352,1,"IOTHUB_CLIENT_CONFIRMATION_OK"
10055,10408782502,10408782542,1,"IOTHUB_CLIENT_CONFIRMATION_OK"
10056,10408782702,10408782862,1,"IOTHUB_CLIENT_CONFIRMATION_OK"
10057,10408782902,10408782947,1,"IOTHUB_CLIENT_CONFIRMATION_OK"
10058,10408783103,10408783213,1,"IOTHUB_CLIENT_CONFIRMATION_OK"
10059,10408783303,10408783361,1,"IOTHUB_CLIENT_CONFIRMATION_OK"
10060,10408783503,10408783575,1,"IOTHUB_CLIENT_CONFIRMATION_OK"
10061,10408783703,10408783748,1,"IOTHUB_CLIENT_CONFIRMATION_OK"
10062,10408783903,10408783959,1,"IOTHUB_CLIENT_CONFIRMATION_OK"
10063,10408784103,10408784163,1,"IOTHUB_CLIENT_CONFIRMATION_OK"
10064,10408784303,10408784387,1,"IOTHUB_CLIENT_CONFIRMATION_OK"
10065,10408784504,10408784566,1,"IOTHUB_CLIENT_CONFIRMATION_OK"
10066,10408784704,10408784773,1,"IOTHUB_CLIENT_CONFIRMATION_OK"
10067,10408784904,10408784950,1,"IOTHUB_CLIENT_CONFIRMATION_OK"
10068,10408785104,10408785171,1,"IOTHUB_CLIENT_CONFIRMATION_OK"
10069,10408785304,10408785362,1,"IOTHUB_CLIENT_CONFIRMATION_OK"
10070,10408785504,10408785562,1,"IOTHUB_CLIENT_CONFIRMATION_OK"
10071,10408785705,10408785746,1,"IOTHUB_CLIENT_CONFIRMATION_OK"
10072,10408785905,10408785958,1,"IOTHUB_CLIENT_CONFIRMATION_OK"
10073,10408786105,10408786178,1,"IOTHUB_CLIENT_CONFIRMATION_OK"
10074,10408786305,10408786358,1,"IOTHUB_CLIENT_CONFIRMATION_OK"
10075,10408786505,10408786607,1,"IOTHUB_CLIENT_CONFIRMATION_OK"
10076,10408786705,10408786759,1,"IOTHUB_CLIENT_CONFIRMATION_OK"
10077,10408786906,10408786951,1,"IOTHUB_CLIENT_CONFIRMATION_OK"
10078,10408787106,10408787146,1,"IOTHUB_CLIENT_CONFIRMATION_OK"
10079,10408787306,10408787361,1,"IOTHUB_CLIENT_CONFIRMATION_OK"
10080,10408787506,10408787547,1,"IOTHUB_CLIENT_CONFIRMATION_OK"
10081,10408787706,10408787754,1,"IOTHUB_CLIENT_CONFIRMATION_OK"
10082,10408787906,10408788043,1,"IOTHUB_CLIENT_CONFIRMATION_OK"
10083,10408788106,10408788161,1,"IOTHUB_CLIENT_CONFIRMATION_OK"
10084,10408788307,10408788379,1,"IOTHUB_CLIENT_CONFIRMATION_OK"
10085,10408788507,10408788558,1,"IOTHUB_CLIENT_CONFIRMATION_OK"
10086,10408788707,10408788757,1,"IOTHUB_CLIENT_CONFIRMATION_OK"
10087,10408788907,10408788963,1,"IOTHUB_CLIENT_CONFIRMATION_OK"
10088,10408789107,10408789147,1,"IOTHUB_CLIENT_CONFIRMATION_OK"
10089,10408789307,10408789366,1,"IOTHUB_CLIENT_CONFIRMATION_OK"
10090,10408789508,10408789560,1,"IOTHUB_CLIENT_CONFIRMATION_OK"
10091,10408789708,10408789749,1,"IOTHUB_CLIENT_CONFIRMATION_OK"
10092,10408789908,10408789949,1,"IOTHUB_CLIENT_CONFIRMATION_OK"
10093,10408790108,10408790147,1,"IOTHUB_CLIENT_CONFIRMATION_OK"
10094,10408790308,10408790360,1,"IOTHUB_CLIENT_CONFIRMATION_OK"
10095,10408790508,10408790557,1,"IOTHUB_CLIENT_CONFIRMATION_OK"
10096,10408790708,10408790754,1,"IOTHUB_CLIENT_CONFIRMATION_OK"
10097,10408790909,10408790949,1,"IOTHUB_CLIENT_CONFIRMATION_OK"
10098,10408791109,10408791149,1,"IOTHUB_CLIENT_CONFIRMATION_OK"
10099,10408791309,10408791363,1,"IOTHUB_CLIENT_CONFIRMATION_OK"
10100,10408791509,10408791548,1,"IOTHUB_CLIENT_CONFIRMATION_OK"
10101,10408791709,10408791780,1,"IOTHUB_CLIENT_CONFIRMATION_OK"
10102,10408791909,10408791962,1,"IOTHUB_CLIENT_CONFIRMATION_OK"
10103,10408792110,10408792158,1,"IOTHUB_CLIENT_CONFIRMATION_OK"
10104,10408792310,10408792370,1,"IOTHUB_CLIENT_CONFIRMATION_OK"
10105,10408792510,10408792545,1,"IOTHUB_CLIENT_CONFIRMATION_OK"
10106,10408792710,10408792782,1,"IOTHUB_CLIENT_CONFIRMATION_OK"
10107,10408792910,10408792976,1,"IOTHUB_CLIENT_CONFIRMATION_OK"
10108,10408793110,10408793150,1,"IOTHUB_CLIENT_CONFIRMATION_OK"
10109,10408793311,10408793418,1,"IOTHUB_CLIENT_CONFIRMATION_OK"
10110,10408793511,10408793582,1,"IOTHUB_CLIENT_CONFIRMATION_OK"
10111,10408793711,10408793770,1,"IOTHUB_CLIENT_CONFIRMATION_OK"
10112,10408793911,10408793976,1,"IOTHUB_CLIENT_CONFIRMATION_OK"
10113,10408794111,10408794276,1,"IOTHUB_CLIENT_CONFIRMATION_OK"
10114,10408794312,10408794359,1,"IOTHUB_CLIENT_CONFIRMATION_OK"
10115,10408794512,10408794559,1,"IOTHUB_CLIENT_CONFIRMATION_OK"
10116,10408794712,10408794755,1,"IOTHUB_CLIENT_CONFIRMATION_OK"
10117,10408794912,10408794958,1,"IOTHUB_CLIENT_CONFIRMATION_OK"
10118,10408795112,10408795163,1,"IOTHUB_CLIENT_CONFIRMATION_OK"
10119,10408795312,10408795367,1,"IOTHUB_CLIENT_CONFIRMATION_OK"
10120,10408795512,10408795615,1,"IOTHUB_CLIENT_CONFIRMATION_OK"
10121,10408795713,10408795784,1,"IOTHUB_CLIENT_CONFIRMATION_OK"
10122,10408795913,10408795958,1,"IOTHUB_CLIENT_CONFIRMATION_OK"
10123,10408796113,10408796211,1,"IOTHUB_CLIENT_CONFIRMATION_OK"
10124,10408796313,10408796358,1,"IOTHUB_CLIENT_CONFIRMATION_OK"
10125,10408796513,10408796562,1,"IOTHUB_CLIENT_CONFIRMATION_OK"
10126,10408796713,10408796796,1,"IOTHUB_CLIENT_CONFIRMATION_OK"
10127,10408796914,10408796960,1,"IOTHUB_CLIENT_CONFIRMATION_OK"
10128,10408797114,10408797149,1,"IOTHUB_CLIENT_CONFIRMATION_OK"
10129,10408797314,10408797377,1,"IOTHUB_CLIENT_CONFIRMATION_OK"
10130,10408797514,10408797557,1,"IOTHUB_CLIENT_CONFIRMATION_OK"
10131,10408797714,10408797752,1,"IOTHUB_CLIENT_CONFIRMATION_OK"
10132,10408797914,10408797955,1,"IOTHUB_CLIENT_CONFIRMATION_OK"
10133,10408798114,10408798178,1,"IOTHUB_CLIENT_CONFIRMATION_OK"
10134,10408798315,10408798364,1,"IOTHUB_CLIENT_CONFIRMATION_OK"
10135,10408798515,10408798576,1,"IOTHUB_CLIENT_CONFIRMATION_OK"
10136,10408798715,10408798808,1,"IOTHUB_CLIENT_CONFIRMATION_OK"
10137,10408798915,10408798955,1,"IOTHUB_CLIENT_CONFIRMATION_OK"
10138,10408799115,10408799157,1,"IOTHUB_CLIENT_CONFIRMATION_OK"
10139,10408799315,10408799366,1,"IOTHUB_CLIENT_CONFIRMATION_OK"
10140,10408799516,10408799567,1,"IOTHUB_CLIENT_CONFIRMATION_OK"
10141,10408799716,10408799765,1,"IOTHUB_CLIENT_CONFIRMATION_OK"
10142,10408799916,10408799955,1,"IOTHUB_CLIENT_CONFIRMATION_OK"
10143,10408800116,10408800330,1,"IOTHUB_CLIENT_CONFIRMATION_OK"
10144,10408800316,10408800388,1,"IOTHUB_CLIENT_CONFIRMATION_OK"
10145,10408800516,10408800565,1,"IOTHUB_CLIENT_CONFIRMATION_OK"
10146,10408800716,10408800821,1,"IOTHUB_CLIENT_CONFIRMATION_OK"
10147,10408800917,10408800953,1,"IOTHUB_CLIENT_CONFIRMATION_OK"
10148,10408801117,10408801216,1,"IOTHUB_CLIENT_CONFIRMATION_OK"
10149,10408801317,10408801360,1,"IOTHUB_CLIENT_CONFIRMATION_OK"
10150,10408801517,10408801554,1,"IOTHUB_CLIENT_CONFIRMATION_OK"
10151,10408801717,10408801770,1,"IOTHUB_CLIENT_CONFIRMATION_OK"
10152,10408801917,10408801974,1,"IOTHUB_CLIENT_CONFIRMATION_OK"
10153,10408802118,10408802167,1,"IOTHUB_CLIENT_CONFIRMATION_OK"
10154,10408802318,10408802383,1,"IOTHUB_CLIENT_CONFIRMATION_OK"
10155,10408802518,10408802596,1,"IOTHUB_CLIENT_CONFIRMATION_OK"
10156,10408802718,10408802769,1,"IOTHUB_CLIENT_CONFIRMATION_OK"
10157,10408802918,10408802958,1,"IOTHUB_CLIENT_CONFIRMATION_OK"
10158,10408803118,10408803159,1,"IOTHUB_CLIENT_CONFIRMATION_OK"
10159,10408803318,10408803370,1,"IOTHUB_CLIENT_CONFIRMATION_OK"
10160,10408803519,10408803561,1,"IOTHUB_CLIENT_CONFIRMATION_OK"
10161,10408803719,10408803778,1,"IOTHUB_CLIENT_CONFIRMATION_OK"
10162,10408803919,10408803960,1,"IOTHUB_CLIENT_CONFIRMATION_OK"
10163,10408804119,10408804179,1,"IOTHUB_CLIENT_CONFIRMATION_OK"
10164,10408804319,10408804364,1,"IOTHUB_CLIENT_CONFIRMATION_OK"
10165,10408804519,10408804607,1,"IOTHUB_CLIENT_CONFIRMATION_OK"
10166,10408804720,10408804778,1,"IOTHUB_CLIENT_CONFIRMATION_OK"
10167,10408804920,10408804963,1,"IOTHUB_CLIENT_CONFIRMATION_OK"
10168,10408805120,10408805176,1,"IOTHUB_CLIENT_CONFIRMATION_OK"
10169,10408805320,10408805371,1,"IOTHUB_CLIENT_CONFIRMATION_OK"
10170,10408805520,10408805578,1,"IOTHUB_CLIENT_CONFIRMATION_OK"
10171,10408805720,10408805766,1,"IOTHUB_CLIENT_CONFIRMATION_OK"
10172,10408805920,10408805976,1,"IOTHUB_CLIENT_CONFIRMATION_OK"
10173,10408806121,10408806171,1,"IOTHUB_CLIENT_CONFIRMATION_OK"
10174,10408806321,10408806505,1,"IOTHUB_CLIENT_CONFIRMATION_OK"
10175,10408806521,10408806605,1,"IOTHUB_CLIENT_CONFIRMATION_OK"
10176,10408806721,10408806861,1,"IOTHUB_CLIENT_CONFIRMATION_OK"
10177,10408806921,10408807002,1,"IOTHUB_CLIENT_CONFIRMATION_OK"
10178,10408807121,10408807174,1,"IOTHUB_CLIENT_CONFIRMATION_OK"
10179,10408807322,10408807364,1,"IOTHUB_CLIENT_CONFIRMATION_OK"
10180,10408807522,10408807570,1,"IOTHUB_CLIENT_CONFIRMATION_OK"
10181,10408807722,10408807771,1,"IOTHUB_CLIENT_CONFIRMATION_OK"
10182,10408807922,10408807967,1,"IOTHUB_CLIENT_CONFIRMATION_OK"
10183,10408808122,10408808181,1,"IOTHUB_CLIENT_CONFIRMATION_OK"
10184,10408808322,10408808364,1,"IOTHUB_CLIENT_CONFIRMATION_OK"
10185,10408808523,10408808567,1,"IOTHUB_CLIENT_CONFIRMATION_OK"
10186,10408808723,10408808895,1,"IOTHUB_CLIENT_CONFIRMATION_OK"
10187,10408808923,10408808982,1,"IOTHUB_CLIENT_CONFIRMATION_OK"
10188,10408809123,10408809165,1,"IOTHUB_CLIENT_CONFIRMATION_OK"
10189,10408809323,10408809367,1,"IOTHUB_CLIENT_CONFIRMATION_OK"
10190,10408809523,10408809578,1,"IOTHUB_CLIENT_CONFIRMATION_OK"
10191,10408809723,10408809763,1,"IOTHUB_CLIENT_CONFIRMATION_OK"
10192,10408809924,10408809968,1,"IOTHUB_CLIENT_CONFIRMATION_OK"
10193,10408810124,10408810231,1,"IOTHUB_CLIENT_CONFIRMATION_OK"
10194,10408810324,10408810370,1,"IOTHUB_CLIENT_CONFIRMATION_OK"
10195,10408810524,10408810578,1,"IOTHUB_CLIENT_CONFIRMATION_OK"
10196,10408810724,10408810766,1,"IOTHUB_CLIENT_CONFIRMATION_OK"
10197,10408810924,10408810981,1,"IOTHUB_CLIENT_CONFIRMATION_OK"
10198,10408811124,10408811170,1,"IOTHUB_CLIENT_CONFIRMATION_OK"
10199,10408811325,10408811380,1,"IOTHUB_CLIENT_CONFIRMATION_OK"
10200,10408811525,10408811573,1,"IOTHUB_CLIENT_CONFIRMATION_OK"
10201,10408811725,10408811776,1,"IOTHUB_CLIENT_CONFIRMATION_OK"
10202,10408811925,10408811968,1,"IOTHUB_CLIENT_CONFIRMATION_OK"
10203,10408812125,10408812167,1,"IOTHUB_CLIENT_CONFIRMATION_OK"
10204,10408812325,10408812395,1,"IOTHUB_CLIENT_CONFIRMATION_OK"
10205,10408812526,10408812568,1,"IOTHUB_CLIENT_CONFIRMATION_OK"
10206,10408812726,10408812802,1,"IOTHUB_CLIENT_CONFIRMATION_OK"
10207,10408812926,10408812970,1,"IOTHUB_CLIENT_CONFIRMATION_OK"
10208,10408813126,10408813166,1,"IOTHUB_CLIENT_CONFIRMATION_OK"
10209,10408813326,10408813377,1,"IOTHUB_CLIENT_CONFIRMATION_OK"
10210,10408813526,10408813565,1,"IOTHUB_CLIENT_CONFIRMATION_OK"
10211,10408813727,10408813783,1,"IOTHUB_CLIENT_CONFIRMATION_OK"
10212,10408813927,10408813982,1,"IOTHUB_CLIENT_CONFIRMATION_OK"
10213,10408814127,10408814182,1,"IOTHUB_CLIENT_CONFIRMATION_OK"
10214,10408814327,10408814390,1,"IOTHUB_CLIENT_CONFIRMATION_OK"
10215,10408814527,10408814606,1,"IOTHUB_CLIENT_CONFIRMATION_OK"
10216,10408814727,10408814847,1,"IOTHUB_CLIENT_CONFIRMATION_OK"
10217,10408814928,10408814962,1,"IOTHUB_CLIENT_CONFIRMATION_OK"
10218,10408815128,10408815199,1,"IOTHUB_CLIENT_CONFIRMATION_OK"
10219,10408815328,10408815372,1,"IOTHUB_CLIENT_CONFIRMATION_OK"
10220,10408815528,10408815573,1,"IOTHUB_CLIENT_CONFIRMATION_OK"
10221,10408815728,10408815776,1,"IOTHUB_CLIENT_CONFIRMATION_OK"
10222,10408815928,10408815976,1,"IOTHUB_CLIENT_CONFIRMATION_OK"
10223,10408816128,10408816170,1,"IOTHUB_CLIENT_CONFIRMATION_OK"
10224,10408816329,10408816370,1,"IOTHUB_CLIENT_CONFIRMATION_OK"
10225,10408816529,10408816594,1,"IOTHUB_CLIENT_CONFIRMATION_OK"
10226,10408816729,10408816895,1,"IOTHUB_CLIENT_CONFIRMATION_OK"
10227,10408816929,10408816997,1,"IOTHUB_CLIENT_CONFIRMATION_OK"
10228,10408817129,10408817178,1,"IOTHUB_CLIENT_CONFIRMATION_OK"
10229,10408817329,10408817407,1,"IOTHUB_CLIENT_CONFIRMATION_OK"
10230,10408817530,10408817584,1,"IOTHUB_CLIENT_CONFIRMATION_OK"
10231,10408817730,10408817873,1,"IOTHUB_CLIENT_CONFIRMATION_OK"
10232,10408817930,10408817981,1,"IOTHUB_CLIENT_CONFIRMATION_OK"
10233,10408818130,10408818182,1,"IOTHUB_CLIENT_CONFIRMATION_OK"
10234,10408818330,10408818375,1,"IOTHUB_CLIENT_CONFIRMATION_OK"
10235,10408818530,10408818587,1,"IOTHUB_CLIENT_CONFIRMATION_OK"
10236,10408818731,10408818776,1,"IOTHUB_CLIENT_CONFIRMATION_OK"
10237,10408818931,10408819010,1,"IOTHUB_CLIENT_CONFIRMATION_OK"
10238,10408819131,10408819224,1,"IOTHUB_CLIENT_CONFIRMATION_OK"
10239,10408819331,10408819383,1,"IOTHUB_CLIENT_CONFIRMATION_OK"
10240,10408819531,10408819574,1,"IOTHUB_CLIENT_CONFIRMATION_OK"
10241,10408819731,10408819769,1,"IOTHUB_CLIENT_CONFIRMATION_OK"
10242,10408819931,10408819973,1,"IOTHUB_CLIENT_CONFIRMATION_OK"
10243,10408820132,10408820189,1,"IOTHUB_CLIENT_CONFIRMATION_OK"
10244,10408820332,10408820368,1,"IOTHUB_CLIENT_CONFIRMATION_OK"
10245,10408820532,10408820590,1,"IOTHUB_CLIENT_CONFIRMATION_OK"
10246,10408820732,10408820844,1,"IOTHUB_CLIENT_CONFIRMATION_OK"
10247,10408820932,10408821048,1,"IOTHUB_CLIENT_CONFIRMATION_OK"
10248,10408821132,10408821183,1,"IOTHUB_CLIENT_CONFIRMATION_OK"
10249,10408821333,10408821392,1,"IOTHUB_CLIENT_CONFIRMATION_OK"
10250,10408821533,10408821576,1,"IOTHUB_CLIENT_CONFIRMATION_OK"
10251,10408821733,10408821802,1,"IOTHUB_CLIENT_CONFIRMATION_OK"
10252,10408821933,10408822504,1,"IOTHUB_CLIENT_CONFIRMATION_OK"
10253,10408822133,10408822544,1,"IOTHUB_CLIENT_CONFIRMATION_OK"
10254,10408822333,10408822589,1,"IOTHUB_CLIENT_CONFIRMATION_OK"
10255,10408822534,10408822612,1,"IOTHUB_CLIENT_CONFIRMATION_OK"
10256,10408822734,10408822796,1,"IOTHUB_CLIENT_CONFIRMATION_OK"
10257,10408822934,10408822997,1,"IOTHUB_CLIENT_CONFIRMATION_OK"
10258,10408823134,10408823175,1,"IOTHUB_CLIENT_CONFIRMATION_OK"
10259,10408823334,10408823389,1,"IOTHUB_CLIENT_CONFIRMATION_OK"
10260,10408823534,10408823605,1,"IOTHUB_CLIENT_CONFIRMATION_OK"
10261,10408823734,10408823796,1,"IOTHUB_CLIENT_CONFIRMATION_OK"
10262,10408823935,10408823980,1,"IOTHUB_CLIENT_CONFIRMATION_OK"
10263,10408824135,10408824220,1,"IOTHUB_CLIENT_CONFIRMATION_OK"
10264,10408824335,10408824374,1,"IOTHUB_CLIENT_CONFIRMATION_OK"
10265,10408824535,10408824614,1,"IOTHUB_CLIENT_CONFIRMATION_OK"
10266,10408824735,10408824783,1,"IOTHUB_CLIENT_CONFIRMATION_OK"
10267,10408824935,10408824981,1,"IOTHUB_CLIENT_CONFIRMATION_OK"
10268,10408825136,10408825177,1,"IOTHUB_CLIENT_CONFIRMATION_OK"
10269,10408825336,10408825390,1,"IOTHUB_CLIENT_CONFIRMATION_OK"
10270,10408825536,10408825584,1,"IOTHUB_CLIENT_CONFIRMATION_OK"
10271,10408825736,10408825801,1,"IOTHUB_CLIENT_CONFIRMATION_OK"
10272,10408825936,10408825999,1,"IOTHUB_CLIENT_CONFIRMATION_OK"
10273,10408826136,10408826251,1,"IOTHUB_CLIENT_CONFIRMATION_OK"
10274,10408826336,10408826377,1,"IOTHUB_CLIENT_CONFIRMATION_OK"
10275,10408826537,10408826581,1,"IOTHUB_CLIENT_CONFIRMATION_OK"
10276,10408826737,10408826889,1,"IOTHUB_CLIENT_CONFIRMATION_OK"
10277,10408826937,10408826986,1,"IOTHUB_CLIENT_CONFIRMATION_OK"
10278,10408827137,10408827184,1,"IOTHUB_CLIENT_CONFIRMATION_OK"
10279,10408827337,10408827382,1,"IOTHUB_CLIENT_CONFIRMATION_OK"
10280,10408827537,10408827589,1,"IOTHUB_CLIENT_CONFIRMATION_OK"
10281,10408827738,10408827803,1,"IOTHUB_CLIENT_CONFIRMATION_OK"
10282,10408827938,10408827985,1,"IOTHUB_CLIENT_CONFIRMATION_OK"
10283,10408828138,10408828185,1,"IOTHUB_CLIENT_CONFIRMATION_OK"
10284,10408828338,10408828392,1,"IOTHUB_CLIENT_CONFIRMATION_OK"
10285,10408828538,10408828579,1,"IOTHUB_CLIENT_CONFIRMATION_OK"
10286,10408828738,10408828892,1,"IOTHUB_CLIENT_CONFIRMATION_OK"
10287,10408828939,10408828981,1,"IOTHUB_CLIENT_CONFIRMATION_OK"
10288,10408829139,10408829211,1,"IOTHUB_CLIENT_CONFIRMATION_OK"
10289,10408829339,10408829390,1,"IOTHUB_CLIENT_CONFIRMATION_OK"
10290,10408829539,10408829594,1,"IOTHUB_CLIENT_CONFIRMATION_OK"
10291,10408829739,10408829793,1,"IOTHUB_CLIENT_CONFIRMATION_OK"
10292,10408829939,10408829987,1,"IOTHUB_CLIENT_CONFIRMATION_OK"
10293,10408830140,10408830254,1,"IOTHUB_CLIENT_CONFIRMATION_OK"
10294,10408830340,10408830385,1,"IOTHUB_CLIENT_CONFIRMATION_OK"
10295,10408830540,10408830596,1,"IOTHUB_CLIENT_CONFIRMATION_OK"
10296,10408830740,10408830847,1,"IOTHUB_CLIENT_CONFIRMATION_OK"
10297,10408830940,10408830986,1,"IOTHUB_CLIENT_CONFIRMATION_OK"
10298,10408831140,10408831187,1,"IOTHUB_CLIENT_CONFIRMATION_OK"
10299,10408831340,10408831388,1,"IOTHUB_CLIENT_CONFIRMATION_OK"
10300,10408831541,10408831597,1,"IOTHUB_CLIENT_CONFIRMATION_OK"
10301,10408831741,10408831792,1,"IOTHUB_CLIENT_CONFIRMATION_OK"
10302,10408831941,10408832007,1,"IOTHUB_CLIENT_CONFIRMATION_OK"
10303,10408832141,10408832218,1,"IOTHUB_CLIENT_CONFIRMATION_OK"
10304,10408832341,10408832377,1,"IOTHUB_CLIENT_CONFIRMATION_OK"
10305,10408832541,10408832616,1,"IOTHUB_CLIENT_CONFIRMATION_OK"
10306,10408832742,10408832902,1,"IOTHUB_CLIENT_CONFIRMATION_OK"
10307,10408832942,10408832996,1,"IOTHUB_CLIENT_CONFIRMATION_OK"
10308,10408833142,10408833190,1,"IOTHUB_CLIENT_CONFIRMATION_OK"
10309,10408833342,10408833388,1,"IOTHUB_CLIENT_CONFIRMATION_OK"
10310,10408833542,10408833600,1,"IOTHUB_CLIENT_CONFIRMATION_OK"
10311,10408833742,10408833795,1,"IOTHUB_CLIENT_CONFIRMATION_OK"
10312,10408833942,10408833987,1,"IOTHUB_CLIENT_CONFIRMATION_OK"
10313,10408834143,10408834181,1,"IOTHUB_CLIENT_CONFIRMATION_OK"
10314,10408834343,10408834392,1,"IOTHUB_CLIENT_CONFIRMATION_OK"
10315,10408834543,10408834582,1,"IOTHUB_CLIENT_CONFIRMATION_OK"
10316,10408834743,10408834907,1,"IOTHUB_CLIENT_CONFIRMATION_OK"
10317,10408834943,10408834998,1,"IOTHUB_CLIENT_CONFIRMATION_OK"
10318,10408835143,10408835188,1,"IOTHUB_CLIENT_CONFIRMATION_OK"
10319,10408835344,10408835385,1,"IOTHUB_CLIENT_CONFIRMATION_OK"
10320,10408835544,10408835584,1,"IOTHUB_CLIENT_CONFIRMATION_OK"
10321,10408835744,10408835793,1,"IOTHUB_CLIENT_CONFIRMATION_OK"
10322,10408835944,10408835989,1,"IOTHUB_CLIENT_CONFIRMATION_OK"
10323,10408836144,10408836219,1,"IOTHUB_CLIENT_CONFIRMATION_OK"
10324,10408836344,10408836395,1,"IOTHUB_CLIENT_CONFIRMATION_OK"
10325,10408836545,10408836606,1,"IOTHUB_CLIENT_CONFIRMATION_OK"
10326,10408836745,10408836803,1,"IOTHUB_CLIENT_CONFIRMATION_OK"
10327,10408836945,10408836994,1,"IOTHUB_CLIENT_CONFIRMATION_OK"
10328,10408837145,10408837232,1,"IOTHUB_CLIENT_CONFIRMATION_OK"
10329,10408837345,10408837389,1,"IOTHUB_CLIENT_CONFIRMATION_OK"
10330,10408837545,10408837613,1,"IOTHUB_CLIENT_CONFIRMATION_OK"
10331,10408837745,10408837793,1,"IOTHUB_CLIENT_CONFIRMATION_OK"
10332,10408837946,10408838072,1,"IOTHUB_CLIENT_CONFIRMATION_OK"
10333,10408838146,10408838188,1,"IOTHUB_CLIENT_CONFIRMATION_OK"
10334,10408838346,10408838396,1,"IOTHUB_CLIENT_CONFIRMATION_OK"
10335,10408838546,10408838603,1,"IOTHUB_CLIENT_CONFIRMATION_OK"
10336,10408838746,10408838807,1,"IOTHUB_CLIENT_CONFIRMATION_OK"
10337,10408838946,10408838986,1,"IOTHUB_CLIENT_CONFIRMATION_OK"
10338,10408839147,10408839205,1,"IOTHUB_CLIENT_CONFIRMATION_OK"
10339,10408839347,10408839394,1,"IOTHUB_CLIENT_CONFIRMATION_OK"
10340,10408839547,10408839588,1,"IOTHUB_CLIENT_CONFIRMATION_OK"
10341,10408839747,10408839791,1,"IOTHUB_CLIENT_CONFIRMATION_OK"
10342,10408839947,10408839990,1,"IOTHUB_CLIENT_CONFIRMATION_OK"
10343,10408840147,10408840285,1,"IOTHUB_CLIENT_CONFIRMATION_OK"
10344,10408840348,10408840396,1,"IOTHUB_CLIENT_CONFIRMATION_OK"
10345,10408840548,10408840592,1,"IOTHUB_CLIENT_CONFIRMATION_OK"
10346,10408840748,10408840850,1,"IOTHUB_CLIENT_CONFIRMATION_OK"
10347,10408840948,10408840995,1,"IOTHUB_CLIENT_CONFIRMATION_OK"
10348,10408841148,10408841197,1,"IOTHUB_CLIENT_CONFIRMATION_OK"
10349,10408841348,10408841394,1,"IOTHUB_CLIENT_CONFIRMATION_OK"
10350,10408841548,10408841589,1,"IOTHUB_CLIENT_CONFIRMATION_OK"
10351,10408841749,10408841811,1,"IOTHUB_CLIENT_CONFIRMATION_OK"
10352,10408841949,10408842001,1,"IOTHUB_CLIENT_CONFIRMATION_OK"
10353,10408842149,10408842186,1,"IOTHUB_CLIENT_CONFIRMATION_OK"
10354,10408842349,10408842392,1,"IOTHUB_CLIENT_CONFIRMATION_OK"
10355,10408842549,10408842616,1,"IOTHUB_CLIENT_CONFIRMATION_OK"
10356,10408842749,10408842877,1,"IOTHUB_CLIENT_CONFIRMATION_OK"
10357,10408842950,10408843003,1,"IOTHUB_CLIENT_CONFIRMATION_OK"
10358,10408843150,10408843234,1,"IOTHUB_CLIENT_CONFIRMATION_OK"
10359,10408843350,10408843386,1,"IOTHUB_CLIENT_CONFIRMATION_OK"
10360,10408843550,10408843684,1,"IOTHUB_CLIENT_CONFIRMATION_OK"
10361,10408843750,10408843831,1,"IOTHUB_CLIENT_CONFIRMATION_OK"
10362,10408843950,10408843994,1,"IOTHUB_CLIENT_CONFIRMATION_OK"
10363,10408844151,10408844191,1,"IOTHUB_CLIENT_CONFIRMATION_OK"
10364,10408844351,10408844418,1,"IOTHUB_CLIENT_CONFIRMATION_OK"
10365,10408844551,10408844610,1,"IOTHUB_CLIENT_CONFIRMATION_OK"
10366,10408844751,10408844797,1,"IOTHUB_CLIENT_CONFIRMATION_OK"
10367,10408844951,10408845018,1,"IOTHUB_CLIENT_CONFIRMATION_OK"
10368,10408845151,10408845189,1,"IOTHUB_CLIENT_CONFIRMATION_OK"
10369,10408845352,10408845401,1,"IOTHUB_CLIENT_CONFIRMATION_OK"
10370,10408845552,10408845594,1,"IOTHUB_CLIENT_CONFIRMATION_OK"
10371,10408845752,10408845807,1,"IOTHUB_CLIENT_CONFIRMATION_OK"
10372,10408845952,10408846001,1,"IOTHUB_CLIENT_CONFIRMATION_OK"
10373,10408846152,10408846275,1,"IOTHUB_CLIENT_CONFIRMATION_OK"
10374,10408846352,10408846395,1,"IOTHUB_CLIENT_CONFIRMATION_OK"
10375,10408846552,10408846596,1,"IOTHUB_CLIENT_CONFIRMATION_OK"
10376,10408846753,10408846887,1,"IOTHUB_CLIENT_CONFIRMATION_OK"
10377,10408846953,10408846998,1,"IOTHUB_CLIENT_CONFIRMATION_OK"
10378,10408847153,10408847197,1,"IOTHUB_CLIENT_CONFIRMATION_OK"
10379,10408847353,10408847391,1,"IOTHUB_CLIENT_CONFIRMATION_OK"
10380,10408847553,10408847604,1,"IOTHUB_CLIENT_CONFIRMATION_OK"
10381,10408847753,10408847826,1,"IOTHUB_CLIENT_CONFIRMATION_OK"
10382,10408847954,10408847994,1,"IOTHUB_CLIENT_CONFIRMATION_OK"
10383,10408848154,10408848244,1,"IOTHUB_CLIENT_CONFIRMATION_OK"
10384,10408848354,10408848395,1,"IOTHUB_CLIENT_CONFIRMATION_OK"
10385,10408848554,10408848605,1,"IOTHUB_CLIENT_CONFIRMATION_OK"
10386,10408848754,10408848893,1,"IOTHUB_CLIENT_CONFIRMATION_OK"
10387,10408848954,10408849000,1,"IOTHUB_CLIENT_CONFIRMATION_OK"
10388,10408849155,10408849256,1,"IOTHUB_CLIENT_CONFIRMATION_OK"
10389,10408849355,10408849396,1,"IOTHUB_CLIENT_CONFIRMATION_OK"
10390,10408849555,10408849599,1,"IOTHUB_CLIENT_CONFIRMATION_OK"
10391,10408849755,10408849806,1,"IOTHUB_CLIENT_CONFIRMATION_OK"
10392,10408849955,10408850022,1,"IOTHUB_CLIENT_CONFIRMATION_OK"
10393,10408850155,10408850217,1,"IOTHUB_CLIENT_CONFIRMATION_OK"
10394,10408850355,10408850395,1,"IOTHUB_CLIENT_CONFIRMATION_OK"
10395,10408850556,10408850592,1,"IOTHUB_CLIENT_CONFIRMATION_OK"
10396,10408850756,10408850799,1,"IOTHUB_CLIENT_CONFIRMATION_OK"
10397,10408850956,10408850998,1,"IOTHUB_CLIENT_CONFIRMATION_OK"
10398,10408851156,10408851191,1,"IOTHUB_CLIENT_CONFIRMATION_OK"
10399,10408851356,10408851422,1,"IOTHUB_CLIENT_CONFIRMATION_OK"
10400,10408851556,10408851678,1,"IOTHUB_CLIENT_CONFIRMATION_OK"
10401,10408851756,10408851820,1,"IOTHUB_CLIENT_CONFIRMATION_OK"
10402,10408851957,10408851995,1,"IOTHUB_CLIENT_CONFIRMATION_OK"
10403,10408852157,10408852222,1,"IOTHUB_CLIENT_CONFIRMATION_OK"
10404,10408852357,10408852408,1,"IOTHUB_CLIENT_CONFIRMATION_OK"
10405,10408852557,10408852597,1,"IOTHUB_CLIENT_CONFIRMATION_OK"
10406,10408852757,10408852908,1,"IOTHUB_CLIENT_CONFIRMATION_OK"
10407,10408852957,10408852995,1,"IOTHUB_CLIENT_CONFIRMATION_OK"
10408,10408853158,10408853202,1,"IOTHUB_CLIENT_CONFIRMATION_OK"
10409,10408853358,10408853410,1,"IOTHUB_CLIENT_CONFIRMATION_OK"
10410,10408853558,10408853595,1,"IOTHUB_CLIENT_CONFIRMATION_OK"
10411,10408853758,10408853807,1,"IOTHUB_CLIENT_CONFIRMATION_OK"
10412,10408853958,10408854003,1,"IOTHUB_CLIENT_CONFIRMATION_OK"
10413,10408854158,10408854234,1,"IOTHUB_CLIENT_CONFIRMATION_OK"
10414,10408854359,10408854401,1,"IOTHUB_CLIENT_CONFIRMATION_OK"
10415,10408854559,10408854619,1,"IOTHUB_CLIENT_CONFIRMATION_OK"
10416,10408854759,10408854902,1,"IOTHUB_CLIENT_CONFIRMATION_OK"
10417,10408854959,10408855003,1,"IOTHUB_CLIENT_CONFIRMATION_OK"
10418,10408855159,10408855258,1,"IOTHUB_CLIENT_CONFIRMATION_OK"
10419,10408855359,10408855398,1,"IOTHUB_CLIENT_CONFIRMATION_OK"
10420,10408855560,10408855628,1,"IOTHUB_CLIENT_CONFIRMATION_OK"
10421,10408855760,10408855803,1,"IOTHUB_CLIENT_CONFIRMATION_OK"
10422,10408855960,10408856004,1,"IOTHUB_CLIENT_CONFIRMATION_OK"
10423,10408856160,10408856198,1,"IOTHUB_CLIENT_CONFIRMATION_OK"
10424,10408856360,10408856441,1,"IOTHUB_CLIENT_CONFIRMATION_OK"
10425,10408856560,10408856599,1,"IOTHUB_CLIENT_CONFIRMATION_OK"
10426,10408856760,10408856885,1,"IOTHUB_CLIENT_CONFIRMATION_OK"
10427,10408856961,10408857014,1,"IOTHUB_CLIENT_CONFIRMATION_OK"
10428,10408857161,10408857206,1,"IOTHUB_CLIENT_CONFIRMATION_OK"
10429,10408857361,10408857402,1,"IOTHUB_CLIENT_CONFIRMATION_OK"
10430,10408857561,10408857614,1,"IOTHUB_CLIENT_CONFIRMATION_OK"
10431,10408857761,10408857810,1,"IOTHUB_CLIENT_CONFIRMATION_OK"
10432,10408857961,10408857996,1,"IOTHUB_CLIENT_CONFIRMATION_OK"
10433,10408858162,10408858214,1,"IOTHUB_CLIENT_CONFIRMATION_OK"
10434,10408858362,10408858433,1,"IOTHUB_CLIENT_CONFIRMATION_OK"
10435,10408858562,10408858617,1,"IOTHUB_CLIENT_CONFIRMATION_OK"
10436,10408858762,10408858908,1,"IOTHUB_CLIENT_CONFIRMATION_OK"
10437,10408858962,10408859006,1,"IOTHUB_CLIENT_CONFIRMATION_OK"
10438,10408859162,10408859209,1,"IOTHUB_CLIENT_CONFIRMATION_OK"
10439,10408859362,10408859413,1,"IOTHUB_CLIENT_CONFIRMATION_OK"
10440,10408859563,10408859613,1,"IOTHUB_CLIENT_CONFIRMATION_OK"
10441,10408859763,10408859810,1,"IOTHUB_CLIENT_CONFIRMATION_OK"
10442,10408859963,10408860009,1,"IOTHUB_CLIENT_CONFIRMATION_OK"
10443,10408860163,10408860277,1,"IOTHUB_CLIENT_CONFIRMATION_OK"
10444,10408860363,10408860503,1,"IOTHUB_CLIENT_CONFIRMATION_OK"
10445,10408860563,10408860639,1,"IOTHUB_CLIENT_CONFIRMATION_OK"
10446,10408860764,10408860825,1,"IOTHUB_CLIENT_CONFIRMATION_OK"
10447,10408860964,10408861019,1,"IOTHUB_CLIENT_CONFIRMATION_OK"
10448,10408861164,10408861244,1,"IOTHUB_CLIENT_CONFIRMATION_OK"
10449,10408861364,10408861405,1,"IOTHUB_CLIENT_CONFIRMATION_OK"
10450,10408861564,10408861700,1,"IOTHUB_CLIENT_CONFIRMATION_OK"
10451,10408861764,10408861851,1,"IOTHUB_CLIENT_CONFIRMATION_OK"
10452,10408861965,10408862028,1,"IOTHUB_CLIENT_CONFIRMATION_OK"
10453,10408862165,10408862214,1,"IOTHUB_CLIENT_CONFIRMATION_OK"
10454,10408862365,10408862583,1,"IOTHUB_CLIENT_CONFIRMATION_OK"
10455,10408862565,10408862617,1,"IOTHUB_CLIENT_CONFIRMATION_OK"
10456,10408862765,10408862815,1,"IOTHUB_CLIENT_CONFIRMATION_OK"
10457,10408862965,10408863029,1,"IOTHUB_CLIENT_CONFIRMATION_OK"
10458,10408863166,10408863233,1,"IOTHUB_CLIENT_CONFIRMATION_OK"
10459,10408863366,10408863444,1,"IOTHUB_CLIENT_CONFIRMATION_OK"
10460,10408863566,10408863621,1,"IOTHUB_CLIENT_CONFIRMATION_OK"
10461,10408863766,10408863817,1,"IOTHUB_CLIENT_CONFIRMATION_OK"
10462,10408863966,10408864015,1,"IOTHUB_CLIENT_CONFIRMATION_OK"
10463,10408864166,10408864280,1,"IOTHUB_CLIENT_CONFIRMATION_OK"
10464,10408864367,10408864412,1,"IOTHUB_CLIENT_CONFIRMATION_OK"
10465,10408864567,10408864655,1,"IOTHUB_CLIENT_CONFIRMATION_OK"
10466,10408864767,10408864862,1,"IOTHUB_CLIENT_CONFIRMATION_OK"
10467,10408864967,10408865004,1,"IOTHUB_CLIENT_CONFIRMATION_OK"
10468,10408865167,10408865214,1,"IOTHUB_CLIENT_CONFIRMATION_OK"
10469,10408865367,10408865410,1,"IOTHUB_CLIENT_CONFIRMATION_OK"
10470,10408865567,10408865616,1,"IOTHUB_CLIENT_CONFIRMATION_OK"
10471,10408865768,10408865824,1,"IOTHUB_CLIENT_CONFIRMATION_OK"
10472,10408865968,10408866146,1,"IOTHUB_CLIENT_CONFIRMATION_OK"
10473,10408866168,10408866237,1,"IOTHUB_CLIENT_CONFIRMATION_OK"
10474,10408866368,10408866409,1,"IOTHUB_CLIENT_CONFIRMATION_OK"
10475,10408866568,10408866614,1,"IOTHUB_CLIENT_CONFIRMATION_OK"
10476,10408866768,10408866905,1,"IOTHUB_CLIENT_CONFIRMATION_OK"
10477,10408866969,10408867010,1,"IOTHUB_CLIENT_CONFIRMATION_OK"
10478,10408867169,10408867233,1,"IOTHUB_CLIENT_CONFIRMATION_OK"
10479,10408867369,10408867422,1,"IOTHUB_CLIENT_CONFIRMATION_OK"
10480,10408867569,10408867620,1,"IOTHUB_CLIENT_CONFIRMATION_OK"
10481,10408867769,10408867820,1,"IOTHUB_CLIENT_CONFIRMATION_OK"
10482,10408867969,10408868111,1,"IOTHUB_CLIENT_CONFIRMATION_OK"
10483,10408868170,10408868249,1,"IOTHUB_CLIENT_CONFIRMATION_OK"
10484,10408868370,10408868414,1,"IOTHUB_CLIENT_CONFIRMATION_OK"
10485,10408868570,10408868610,1,"IOTHUB_CLIENT_CONFIRMATION_OK"
10486,10408868770,10408868998,1,"IOTHUB_CLIENT_CONFIRMATION_OK"
10487,10408868970,10408869020,1,"IOTHUB_CLIENT_CONFIRMATION_OK"
10488,10408869170,10408869211,1,"IOTHUB_CLIENT_CONFIRMATION_OK"
10489,10408869371,10408869413,1,"IOTHUB_CLIENT_CONFIRMATION_OK"
10490,10408869571,10408869628,1,"IOTHUB_CLIENT_CONFIRMATION_OK"
10491,10408869771,10408869821,1,"IOTHUB_CLIENT_CONFIRMATION_OK"
10492,10408869971,10408870031,1,"IOTHUB_CLIENT_CONFIRMATION_OK"
10493,10408870171,10408870250,1,"IOTHUB_CLIENT_CONFIRMATION_OK"
10494,10408870371,10408870409,1,"IOTHUB_CLIENT_CONFIRMATION_OK"
10495,10408870571,10408870637,1,"IOTHUB_CLIENT_CONFIRMATION_OK"
10496,10408870772,10408870829,1,"IOTHUB_CLIENT_CONFIRMATION_OK"
10497,10408870972,10408871025,1,"IOTHUB_CLIENT_CONFIRMATION_OK"
10498,10408871172,10408871222,1,"IOTHUB_CLIENT_CONFIRMATION_OK"
10499,10408871372,10408871475,1,"IOTHUB_CLIENT_CONFIRMATION_OK"
10500,10408871572,10408871639,1,"IOTHUB_CLIENT_CONFIRMATION_OK"
10501,10408871772,10408871824,1,"IOTHUB_CLIENT_CONFIRMATION_OK"
10502,10408871972,10408872036,1,"IOTHUB_CLIENT_CONFIRMATION_OK"
10503,10408872173,10408872223,1,"IOTHUB_CLIENT_CONFIRMATION_OK"
10504,10408872373,10408872427,1,"IOTHUB_CLIENT_CONFIRMATION_OK"
10505,10408872573,10408872644,1,"IOTHUB_CLIENT_CONFIRMATION_OK"
10506,10408872773,10408872907,1,"IOTHUB_CLIENT_CONFIRMATION_OK"
10507,10408872973,10408873062,1,"IOTHUB_CLIENT_CONFIRMATION_OK"
10508,10408873173,10408873232,1,"IOTHUB_CLIENT_CONFIRMATION_OK"
10509,10408873373,10408873420,1,"IOTHUB_CLIENT_CONFIRMATION_OK"
10510,10408873574,10408873644,1,"IOTHUB_CLIENT_CONFIRMATION_OK"
10511,10408873774,10408873812,1,"IOTHUB_CLIENT_CONFIRMATION_OK"
10512,10408873974,10408874033,1,"IOTHUB_CLIENT_CONFIRMATION_OK"
10513,10408874174,10408874214,1,"IOTHUB_CLIENT_CONFIRMATION_OK"
10514,10408874374,10408874414,1,"IOTHUB_CLIENT_CONFIRMATION_OK"
10515,10408874574,10408874659,1,"IOTHUB_CLIENT_CONFIRMATION_OK"
10516,10408874775,10408874847,1,"IOTHUB_CLIENT_CONFIRMATION_OK"
10517,10408874975,10408875037,1,"IOTHUB_CLIENT_CONFIRMATION_OK"
10518,10408875175,10408875214,1,"IOTHUB_CLIENT_CONFIRMATION_OK"
10519,10408875375,10408875429,1,"IOTHUB_CLIENT_CONFIRMATION_OK"
10520,10408875575,10408875645,1,"IOTHUB_CLIENT_CONFIRMATION_OK"
10521,10408875775,10408875837,1,"IOTHUB_CLIENT_CONFIRMATION_OK"
10522,10408875976,10408876018,1,"IOTHUB_CLIENT_CONFIRMATION_OK"
10523,10408876176,10408876276,1,"IOTHUB_CLIENT_CONFIRMATION_OK"
10524,10408876376,10408876439,1,"IOTHUB_CLIENT_CONFIRMATION_OK"
10525,10408876576,10408876635,1,"IOTHUB_CLIENT_CONFIRMATION_OK"
10526,10408876776,10408876884,1,"IOTHUB_CLIENT_CONFIRMATION_OK"
10527,10408876976,10408877029,1,"IOTHUB_CLIENT_CONFIRMATION_OK"
10528,10408877176,10408877223,1,"IOTHUB_CLIENT_CONFIRMATION_OK"
10529,10408877377,10408877424,1,"IOTHUB_CLIENT_CONFIRMATION_OK"
10530,10408877577,10408877633,1,"IOTHUB_CLIENT_CONFIRMATION_OK"
10531,10408877777,10408878012,1,"IOTHUB_CLIENT_CONFIRMATION_OK"
10532,10408877977,10408878065,1,"IOTHUB_CLIENT_CONFIRMATION_OK"
10533,10408878177,10408878228,1,"IOTHUB_CLIENT_CONFIRMATION_OK"
10534,10408878377,10408878448,1,"IOTHUB_CLIENT_CONFIRMATION_OK"
10535,10408878578,10408878650,1,"IOTHUB_CLIENT_CONFIRMATION_OK"
10536,10408878778,10408878919,1,"IOTHUB_CLIENT_CONFIRMATION_OK"
10537,10408878978,10408879020,1,"IOTHUB_CLIENT_CONFIRMATION_OK"
10538,10408879178,10408879232,1,"IOTHUB_CLIENT_CONFIRMATION_OK"
10539,10408879378,10408879448,1,"IOTHUB_CLIENT_CONFIRMATION_OK"
10540,10408879579,10408879629,1,"IOTHUB_CLIENT_CONFIRMATION_OK"
10541,10408879779,10408879853,1,"IOTHUB_CLIENT_CONFIRMATION_OK"
10542,10408879979,10408880032,1,"IOTHUB_CLIENT_CONFIRMATION_OK"
10543,10408880179,10408880222,1,"IOTHUB_CLIENT_CONFIRMATION_OK"
10544,10408880379,10408880433,1,"IOTHUB_CLIENT_CONFIRMATION_OK"
10545,10408880579,10408880671,1,"IOTHUB_CLIENT_CONFIRMATION_OK"
10546,10408880779,10408880825,1,"IOTHUB_CLIENT_CONFIRMATION_OK"
10547,10408880980,10408881037,1,"IOTHUB_CLIENT_CONFIRMATION_OK"
10548,10408881180,10408881216,1,"IOTHUB_CLIENT_CONFIRMATION_OK"
10549,10408881380,10408881457,1,"IOTHUB_CLIENT_CONFIRMATION_OK"
10550,10408881580,10408881624,1,"IOTHUB_CLIENT_CONFIRMATION_OK"
10551,10408881780,10408881817,1,"IOTHUB_CLIENT_CONFIRMATION_OK"
10552,10408881980,10408882024,1,"IOTHUB_CLIENT_CONFIRMATION_OK"
10553,10408882181,10408882228,1,"IOTHUB_CLIENT_CONFIRMATION_OK"
10554,10408882381,10408882454,1,"IOTHUB_CLIENT_CONFIRMATION_OK"
10555,10408882581,10408882631,1,"IOTHUB_CLIENT_CONFIRMATION_OK"
10556,10408882781,10408882863,1,"IOTHUB_CLIENT_CONFIRMATION_OK"
10557,10408882981,10408883039,1,"IOTHUB_CLIENT_CONFIRMATION_OK"
10558,10408883181,10408883239,1,"IOTHUB_CLIENT_CONFIRMATION_OK"
10559,10408883382,10408883450,1,"IOTHUB_CLIENT_CONFIRMATION_OK"
10560,10408883582,10408883621,1,"IOTHUB_CLIENT_CONFIRMATION_OK"
10561,10408883782,10408883826,1,"IOTHUB_CLIENT_CONFIRMATION_OK"
10562,10408883982,10408884028,1,"IOTHUB_CLIENT_CONFIRMATION_OK"
10563,10408884182,10408884245,1,"IOTHUB_CLIENT_CONFIRMATION_OK"
10564,10408884382,10408884424,1,"IOTHUB_CLIENT_CONFIRMATION_OK"
10565,10408884582,10408884626,1,"IOTHUB_CLIENT_CONFIRMATION_OK"
10566,10408884783,10408884877,1,"IOTHUB_CLIENT_CONFIRMATION_OK"
10567,10408884983,10408885023,1,"IOTHUB_CLIENT_CONFIRMATION_OK"
10568,10408885183,10408885250,1,"IOTHUB_CLIENT_CONFIRMATION_OK"
10569,10408885383,10408885429,1,"IOTHUB_CLIENT_CONFIRMATION_OK"
10570,10408885583,10408885778,1,"IOTHUB_CLIENT_CONFIRMATION_OK"
10571,10408885783,10408885852,1,"IOTHUB_CLIENT_CONFIRMATION_OK"
10572,10408885983,10408886147,1,"IOTHUB_CLIENT_CONFIRMATION_OK"
10573,10408886184,10408886298,1,"IOTHUB_CLIENT_CONFIRMATION_OK"
10574,10408886384,10408886427,1,"IOTHUB_CLIENT_CONFIRMATION_OK"
10575,10408886584,10408886636,1,"IOTHUB_CLIENT_CONFIRMATION_OK"
10576,10408886784,10408886892,1,"IOTHUB_CLIENT_CONFIRMATION_OK"
10577,10408886984,10408887029,1,"IOTHUB_CLIENT_CONFIRMATION_OK"
10578,10408887184,10408887223,1,"IOTHUB_CLIENT_CONFIRMATION_OK"
10579,10408887384,10408887428,1,"IOTHUB_CLIENT_CONFIRMATION_OK"
10580,10408887585,10408887646,1,"IOTHUB_CLIENT_CONFIRMATION_OK"
10581,10408887785,10408887840,1,"IOTHUB_CLIENT_CONFIRMATION_OK"
10582,10408887985,10408888027,1,"IOTHUB_CLIENT_CONFIRMATION_OK"
10583,10408888185,10408888248,1,"IOTHUB_CLIENT_CONFIRMATION_OK"
10584,10408888385,10408888423,1,"IOTHUB_CLIENT_CONFIRMATION_OK"
10585,10408888585,10408888631,1,"IOTHUB_CLIENT_CONFIRMATION_OK"
10586,10408888786,10408888961,1,"IOTHUB_CLIENT_CONFIRMATION_OK"
10587,10408888986,10408889044,1,"IOTHUB_CLIENT_CONFIRMATION_OK"
10588,10408889186,10408889226,1,"IOTHUB_CLIENT_CONFIRMATION_OK"
10589,10408889386,10408889439,1,"IOTHUB_CLIENT_CONFIRMATION_OK"
10590,10408889586,10408889632,1,"IOTHUB_CLIENT_CONFIRMATION_OK"
10591,10408889786,10408889838,1,"IOTHUB_CLIENT_CONFIRMATION_OK"
10592,10408889987,10408890030,1,"IOTHUB_CLIENT_CONFIRMATION_OK"
10593,10408890187,10408890222,1,"IOTHUB_CLIENT_CONFIRMATION_OK"
10594,10408890387,10408890438,1,"IOTHUB_CLIENT_CONFIRMATION_OK"
10595,10408890587,10408890660,1,"IOTHUB_CLIENT_CONFIRMATION_OK"
10596,10408890787,10408890837,1,"IOTHUB_CLIENT_CONFIRMATION_OK"
10597,10408890987,10408891060,1,"IOTHUB_CLIENT_CONFIRMATION_OK"
10598,10408891187,10408891231,1,"IOTHUB_CLIENT_CONFIRMATION_OK"
10599,10408891388,10408891440,1,"IOTHUB_CLIENT_CONFIRMATION_OK"
10600,10408891588,10408891630,1,"IOTHUB_CLIENT_CONFIRMATION_OK"
10601,10408891788,10408891841,1,"IOTHUB_CLIENT_CONFIRMATION_OK"
10602,10408891988,10408892036,1,"IOTHUB_CLIENT_CONFIRMATION_OK"
10603,10408892188,10408892272,1,"IOTHUB_CLIENT_CONFIRMATION_OK"
10604,10408892388,10408892428,1,"IOTHUB_CLIENT_CONFIRMATION_OK"
10605,10408892589,10408892645,1,"IOTHUB_CLIENT_CONFIRMATION_OK"
10606,10408892789,10408892900,1,"IOTHUB_CLIENT_CONFIRMATION_OK"
10607,10408892989,10408893031,1,"IOTHUB_CLIENT_CONFIRMATION_OK"
10608,10408893189,10408893239,1,"IOTHUB_CLIENT_CONFIRMATION_OK"
10609,10408893389,10408893434,1,"IOTHUB_CLIENT_CONFIRMATION_OK"
10610,10408893589,10408893670,1,"IOTHUB_CLIENT_CONFIRMATION_OK"
10611,10408893789,10408893876,1,"IOTHUB_CLIENT_CONFIRMATION_OK"
10612,10408893990,10408894038,1,"IOTHUB_CLIENT_CONFIRMATION_OK"
10613,10408894190,10408894230,1,"IOTHUB_CLIENT_CONFIRMATION_OK"
10614,10408894390,10408894438,1,"IOTHUB_CLIENT_CONFIRMATION_OK"
10615,10408894590,10408894651,1,"IOTHUB_CLIENT_CONFIRMATION_OK"
10616,10408894790,10408894946,1,"IOTHUB_CLIENT_CONFIRMATION_OK"
10617,10408894990,10408895041,1,"IOTHUB_CLIENT_CONFIRMATION_OK"
10618,10408895191,10408895239,1,"IOTHUB_CLIENT_CONFIRMATION_OK"
10619,10408895391,10408895444,1,"IOTHUB_CLIENT_CONFIRMATION_OK"
10620,10408895591,10408895655,1,"IOTHUB_CLIENT_CONFIRMATION_OK"
10621,10408895791,10408895882,1,"IOTHUB_CLIENT_CONFIRMATION_OK"
10622,10408895991,10408896052,1,"IOTHUB_CLIENT_CONFIRMATION_OK"
10623,10408896191,10408896243,1,"IOTHUB_CLIENT_CONFIRMATION_OK"
10624,10408896392,10408896459,1,"IOTHUB_CLIENT_CONFIRMATION_OK"
10625,10408896592,10408896642,1,"IOTHUB_CLIENT_CONFIRMATION_OK"
10626,10408896792,10408896842,1,"IOTHUB_CLIENT_CONFIRMATION_OK"
10627,10408896992,10408897061,1,"IOTHUB_CLIENT_CONFIRMATION_OK"
10628,10408897192,10408897247,1,"IOTHUB_CLIENT_CONFIRMATION_OK"
10629,10408897392,10408897447,1,"IOTHUB_CLIENT_CONFIRMATION_OK"
10630,10408897593,10408897674,1,"IOTHUB_CLIENT_CONFIRMATION_OK"
10631,10408897793,10408897864,1,"IOTHUB_CLIENT_CONFIRMATION_OK"
10632,10408897993,10408898047,1,"IOTHUB_CLIENT_CONFIRMATION_OK"
10633,10408898193,10408898246,1,"IOTHUB_CLIENT_CONFIRMATION_OK"
10634,10408898393,10408898446,1,"IOTHUB_CLIENT_CONFIRMATION_OK"
10635,10408898593,10408898643,1,"IOTHUB_CLIENT_CONFIRMATION_OK"
10636,10408898794,10408898843,1,"IOTHUB_CLIENT_CONFIRMATION_OK"
10637,10408898994,10408899047,1,"IOTHUB_CLIENT_CONFIRMATION_OK"
10638,10408899194,10408899252,1,"IOTHUB_CLIENT_CONFIRMATION_OK"
10639,10408899394,10408899526,1,"IOTHUB_CLIENT_CONFIRMATION_OK"
10640,10408899594,10408899681,1,"IOTHUB_CLIENT_CONFIRMATION_OK"
10641,10408899794,10408899856,1,"IOTHUB_CLIENT_CONFIRMATION_OK"
10642,10408899995,10408900057,1,"IOTHUB_CLIENT_CONFIRMATION_OK"
10643,10408900195,10408900294,1,"IOTHUB_CLIENT_CONFIRMATION_OK"
10644,10408900395,10408900445,1,"IOTHUB_CLIENT_CONFIRMATION_OK"
10645,10408900595,10408900665,1,"IOTHUB_CLIENT_CONFIRMATION_OK"
10646,10408900795,10408900890,1,"IOTHUB_CLIENT_CONFIRMATION_OK"
10647,10408900995,10408901070,1,"IOTHUB_CLIENT_CONFIRMATION_OK"
10648,10408901195,10408901255,1,"IOTHUB_CLIENT_CONFIRMATION_OK"
10649,10408901396,10408901449,1,"IOTHUB_CLIENT_CONFIRMATION_OK"
10650,10408901596,10408901650,1,"IOTHUB_CLIENT_CONFIRMATION_OK"
10651,10408901796,10408901885,1,"IOTHUB_CLIENT_CONFIRMATION_OK"
10652,10408901996,10408902148,1,"IOTHUB_CLIENT_CONFIRMATION_OK"
10653,10408902196,10408902367,1,"IOTHUB_CLIENT_CONFIRMATION_OK"
10654,10408902396,10408902494,1,"IOTHUB_CLIENT_CONFIRMATION_OK"
10655,10408902597,10408902651,1,"IOTHUB_CLIENT_CONFIRMATION_OK"
10656,10408902797,10408902835,1,"IOTHUB_CLIENT_CONFIRMATION_OK"
10657,10408902997,10408903050,1,"IOTHUB_CLIENT_CONFIRMATION_OK"
10658,10408903197,10408903253,1,"IOTHUB_CLIENT_CONFIRMATION_OK"
10659,10408903397,10408903456,1,"IOTHUB_CLIENT_CONFIRMATION_OK"
10660,10408903597,10408903680,1,"IOTHUB_CLIENT_CONFIRMATION_OK"
10661,10408903797,10408903861,1,"IOTHUB_CLIENT_CONFIRMATION_OK"
10662,10408903998,10408904054,1,"IOTHUB_CLIENT_CONFIRMATION_OK"
10663,10408904198,10408904250,1,"IOTHUB_CLIENT_CONFIRMATION_OK"
10664,10408904398,10408904452,1,"IOTHUB_CLIENT_CONFIRMATION_OK"
10665,10408904598,10408904651,1,"IOTHUB_CLIENT_CONFIRMATION_OK"
10666,10408904798,10408904853,1,"IOTHUB_CLIENT_CONFIRMATION_OK"
10667,10408904998,10408905081,1,"IOTHUB_CLIENT_CONFIRMATION_OK"
10668,10408905199,10408905248,1,"IOTHUB_CLIENT_CONFIRMATION_OK"
10669,10408905399,10408905458,1,"IOTHUB_CLIENT_CONFIRMATION_OK"
10670,10408905599,10408905662,1,"IOTHUB_CLIENT_CONFIRMATION_OK"
10671,10408905799,10408905860,1,"IOTHUB_CLIENT_CONFIRMATION_OK"
10672,10408905999,10408906043,1,"IOTHUB_CLIENT_CONFIRMATION_OK"
10673,10408906199,10408906392,1,"IOTHUB_CLIENT_CONFIRMATION_OK"
10674,10408906400,10408906458,1,"IOTHUB_CLIENT_CONFIRMATION_OK"
10675,10408906600,10408906664,1,"IOTHUB_CLIENT_CONFIRMATION_OK"
10676,10408906800,10408906883,1,"IOTHUB_CLIENT_CONFIRMATION_OK"
10677,10408907000,10408907058,1,"IOTHUB_CLIENT_CONFIRMATION_OK"
10678,10408907200,10408907259,1,"IOTHUB_CLIENT_CONFIRMATION_OK"
10679,10408907400,10408907454,1,"IOTHUB_CLIENT_CONFIRMATION_OK"
10680,10408907601,10408907665,1,"IOTHUB_CLIENT_CONFIRMATION_OK"
10681,10408907801,10408907851,1,"IOTHUB_CLIENT_CONFIRMATION_OK"
10682,10408908001,10408908057,1,"IOTHUB_CLIENT_CONFIRMATION_OK"
10683,10408908201,10408908322,1,"IOTHUB_CLIENT_CONFIRMATION_OK"
10684,10408908401,10408908456,1,"IOTHUB_CLIENT_CONFIRMATION_OK"
10685,10408908601,10408908672,1,"IOTHUB_CLIENT_CONFIRMATION_OK"
10686,10408908802,10408908925,1,"IOTHUB_CLIENT_CONFIRMATION_OK"
10687,10408909002,10408909066,1,"IOTHUB_CLIENT_CONFIRMATION_OK"
10688,10408909202,10408909267,1,"IOTHUB_CLIENT_CONFIRMATION_OK"
10689,10408909402,10408909462,1,"IOTHUB_CLIENT_CONFIRMATION_OK"
10690,10408909602,10408909653,1,"IOTHUB_CLIENT_CONFIRMATION_OK"
10691,10408909802,10408909879,1,"IOTHUB_CLIENT_CONFIRMATION_OK"
10692,10408910002,10408910065,1,"IOTHUB_CLIENT_CONFIRMATION_OK"
10693,10408910203,10408910272,1,"IOTHUB_CLIENT_CONFIRMATION_OK"
10694,10408910403,10408910475,1,"IOTHUB_CLIENT_CONFIRMATION_OK"
10695,10408910603,10408910807,1,"IOTHUB_CLIENT_CONFIRMATION_OK"
10696,10408910803,10408910970,1,"IOTHUB_CLIENT_CONFIRMATION_OK"
10697,10408911003,10408911143,1,"IOTHUB_CLIENT_CONFIRMATION_OK"
10698,10408911203,10408911274,1,"IOTHUB_CLIENT_CONFIRMATION_OK"
10699,10408911403,10408911462,1,"IOTHUB_CLIENT_CONFIRMATION_OK"
10700,10408911604,10408911666,1,"IOTHUB_CLIENT_CONFIRMATION_OK"
10701,10408911804,10408911873,1,"IOTHUB_CLIENT_CONFIRMATION_OK"
10702,10408912004,10408912057,1,"IOTHUB_CLIENT_CONFIRMATION_OK"
10703,10408912204,10408912295,1,"IOTHUB_CLIENT_CONFIRMATION_OK"
10704,10408912404,10408912461,1,"IOTHUB_CLIENT_CONFIRMATION_OK"
10705,10408912604,10408912661,1,"IOTHUB_CLIENT_CONFIRMATION_OK"
10706,10408912805,10408912868,1,"IOTHUB_CLIENT_CONFIRMATION_OK"
10707,10408913005,10408913070,1,"IOTHUB_CLIENT_CONFIRMATION_OK"
10708,10408913205,10408913263,1,"IOTHUB_CLIENT_CONFIRMATION_OK"
10709,10408913405,10408913489,1,"IOTHUB_CLIENT_CONFIRMATION_OK"
10710,10408913605,10408913667,1,"IOTHUB_CLIENT_CONFIRMATION_OK"
10711,10408913805,10408913863,1,"IOTHUB_CLIENT_CONFIRMATION_OK"
10712,10408914005,10408914062,1,"IOTHUB_CLIENT_CONFIRMATION_OK"
10713,10408914206,10408914306,1,"IOTHUB_CLIENT_CONFIRMATION_OK"
10714,10408914406,10408914470,1,"IOTHUB_CLIENT_CONFIRMATION_OK"
10715,10408914606,10408914681,1,"IOTHUB_CLIENT_CONFIRMATION_OK"
10716,10408914806,10408914870,1,"IOTHUB_CLIENT_CONFIRMATION_OK"
10717,10408915006,10408915085,1,"IOTHUB_CLIENT_CONFIRMATION_OK"
10718,10408915206,10408915258,1,"IOTHUB_CLIENT_CONFIRMATION_OK"
10719,10408915407,10408915465,1,"IOTHUB_CLIENT_CONFIRMATION_OK"
10720,10408915607,10408915661,1,"IOTHUB_CLIENT_CONFIRMATION_OK"
10721,10408915807,10408915886,1,"IOTHUB_CLIENT_CONFIRMATION_OK"
10722,10408916007,10408916046,1,"IOTHUB_CLIENT_CONFIRMATION_OK"
10723,10408916207,10408916310,1,"IOTHUB_CLIENT_CONFIRMATION_OK"
10724,10408916407,10408916442,1,"IOTHUB_CLIENT_CONFIRMATION_OK"
10725,10408916608,10408916650,1,"IOTHUB_CLIENT_CONFIRMATION_OK"
10726,10408916808,10408916895,1,"IOTHUB_CLIENT_CONFIRMATION_OK"
10727,10408917008,10408917054,1,"IOTHUB_CLIENT_CONFIRMATION_OK"
10728,10408917208,10408917280,1,"IOTHUB_CLIENT_CONFIRMATION_OK"
10729,10408917408,10408917453,1,"IOTHUB_CLIENT_CONFIRMATION_OK"
10730,10408917608,10408917675,1,"IOTHUB_CLIENT_CONFIRMATION_OK"
10731,10408917809,10408917852,1,"IOTHUB_CLIENT_CONFIRMATION_OK"
10732,10408918009,10408918045,1,"IOTHUB_CLIENT_CONFIRMATION_OK"
10733,10408918209,10408918287,1,"IOTHUB_CLIENT_CONFIRMATION_OK"
10734,10408918409,10408918464,1,"IOTHUB_CLIENT_CONFIRMATION_OK"
10735,10408918609,10408918656,1,"IOTHUB_CLIENT_CONFIRMATION_OK"
10736,10408918809,10408918922,1,"IOTHUB_CLIENT_CONFIRMATION_OK"
10737,10408919010,10408919068,1,"IOTHUB_CLIENT_CONFIRMATION_OK"
10738,10408919210,10408919265,1,"IOTHUB_CLIENT_CONFIRMATION_OK"
10739,10408919410,10408919584,1,"IOTHUB_CLIENT_CONFIRMATION_OK"
10740,10408919610,10408919701,1,"IOTHUB_CLIENT_CONFIRMATION_OK"
10741,10408919810,10408919857,1,"IOTHUB_CLIENT_CONFIRMATION_OK"
10742,10408920010,10408920054,1,"IOTHUB_CLIENT_CONFIRMATION_OK"
10743,10408920210,10408920263,1,"IOTHUB_CLIENT_CONFIRMATION_OK"
10744,10408920411,10408920465,1,"IOTHUB_CLIENT_CONFIRMATION_OK"
10745,10408920611,10408920662,1,"IOTHUB_CLIENT_CONFIRMATION_OK"
10746,10408920811,10408920986,1,"IOTHUB_CLIENT_CONFIRMATION_OK"
10747,10408921011,10408921071,1,"IOTHUB_CLIENT_CONFIRMATION_OK"
10748,10408921211,10408921265,1,"IOTHUB_CLIENT_CONFIRMATION_OK"
10749,10408921411,10408921459,1,"IOTHUB_CLIENT_CONFIRMATION_OK"
10750,10408921612,10408921652,1,"IOTHUB_CLIENT_CONFIRMATION_OK"
10751,10408921812,10408921876,1,"IOTHUB_CLIENT_CONFIRMATION_OK"
10752,10408922012,10408922059,1,"IOTHUB_CLIENT_CONFIRMATION_OK"
10753,10408922212,10408922259,1,"IOTHUB_CLIENT_CONFIRMATION_OK"
10754,10408922412,10408922454,1,"IOTHUB_CLIENT_CONFIRMATION_OK"
10755,10408922612,10408922654,1,"IOTHUB_CLIENT_CONFIRMATION_OK"
10756,10408922812,10408922868,1,"IOTHUB_CLIENT_CONFIRMATION_OK"
10757,10408923013,10408923052,1,"IOTHUB_CLIENT_CONFIRMATION_OK"
10758,10408923213,10408923255,1,"IOTHUB_CLIENT_CONFIRMATION_OK"
10759,10408923413,10408923461,1,"IOTHUB_CLIENT_CONFIRMATION_OK"
10760,10408923613,10408923670,1,"IOTHUB_CLIENT_CONFIRMATION_OK"
10761,10408923813,10408923904,1,"IOTHUB_CLIENT_CONFIRMATION_OK"
10762,10408924013,10408924078,1,"IOTHUB_CLIENT_CONFIRMATION_OK"
10763,10408924214,10408924255,1,"IOTHUB_CLIENT_CONFIRMATION_OK"
10764,10408924414,10408924449,1,"IOTHUB_CLIENT_CONFIRMATION_OK"
10765,10408924614,10408924665,1,"IOTHUB_CLIENT_CONFIRMATION_OK"
10766,10408924814,10408924865,1,"IOTHUB_CLIENT_CONFIRMATION_OK"
10767,10408925014,10408925060,1,"IOTHUB_CLIENT_CONFIRMATION_OK"
10768,10408925214,10408925255,1,"IOTHUB_CLIENT_CONFIRMATION_OK"
10769,10408925415,10408925464,1,"IOTHUB_CLIENT_CONFIRMATION_OK"
10770,10408925615,10408925767,1,"IOTHUB_CLIENT_CONFIRMATION_OK"
10771,10408925815,10408925878,1,"IOTHUB_CLIENT_CONFIRMATION_OK"
10772,10408926015,10408926097,1,"IOTHUB_CLIENT_CONFIRMATION_OK"
10773,10408926215,10408926268,1,"IOTHUB_CLIENT_CONFIRMATION_OK"
10774,10408926415,10408926456,1,"IOTHUB_CLIENT_CONFIRMATION_OK"
10775,10408926616,10408926675,1,"IOTHUB_CLIENT_CONFIRMATION_OK"
10776,10408926816,10408926897,1,"IOTHUB_CLIENT_CONFIRMATION_OK"
10777,10408927016,10408927056,1,"IOTHUB_CLIENT_CONFIRMATION_OK"
10778,10408927216,10408927276,1,"IOTHUB_CLIENT_CONFIRMATION_OK"
10779,10408927416,10408927479,1,"IOTHUB_CLIENT_CONFIRMATION_OK"
10780,10408927616,10408927714,1,"IOTHUB_CLIENT_CONFIRMATION_OK"
10781,10408927816,10408927869,1,"IOTHUB_CLIENT_CONFIRMATION_OK"
10782,10408928017,10408928093,1,"IOTHUB_CLIENT_CONFIRMATION_OK"
10783,10408928217,10408928262,1,"IOTHUB_CLIENT_CONFIRMATION_OK"
10784,10408928417,10408928459,1,"IOTHUB_CLIENT_CONFIRMATION_OK"
10785,10408928617,10408928665,1,"IOTHUB_CLIENT_CONFIRMATION_OK"
10786,10408928817,10408928878,1,"IOTHUB_CLIENT_CONFIRMATION_OK"
10787,10408929017,10408929103,1,"IOTHUB_CLIENT_CONFIRMATION_OK"
10788,10408929218,10408929261,1,"IOTHUB_CLIENT_CONFIRMATION_OK"
10789,10408929418,10408929479,1,"IOTHUB_CLIENT_CONFIRMATION_OK"
10790,10408929618,10408929692,1,"IOTHUB_CLIENT_CONFIRMATION_OK"
10791,10408929818,10408929876,1,"IOTHUB_CLIENT_CONFIRMATION_OK"
10792,10408930018,10408930076,1,"IOTHUB_CLIENT_CONFIRMATION_OK"
10793,10408930218,10408930272,1,"IOTHUB_CLIENT_CONFIRMATION_OK"
10794,10408930418,10408930525,1,"IOTHUB_CLIENT_CONFIRMATION_OK"
10795,10408930619,10408930687,1,"IOTHUB_CLIENT_CONFIRMATION_OK"
10796,10408930819,10408930980,1,"IOTHUB_CLIENT_CONFIRMATION_OK"
10797,10408931019,10408931055,1,"IOTHUB_CLIENT_CONFIRMATION_OK"
10798,10408931219,10408931259,1,"IOTHUB_CLIENT_CONFIRMATION_OK"
10799,10408931419,10408931520,1,"IOTHUB_CLIENT_CONFIRMATION_OK"
10800,10408931619,10408931670,1,"IOTHUB_CLIENT_CONFIRMATION_OK"
10801,10408931820,10408931868,1,"IOTHUB_CLIENT_CONFIRMATION_OK"
10802,10408932020,10408932064,1,"IOTHUB_CLIENT_CONFIRMATION_OK"
10803,10408932220,10408932262,1,"IOTHUB_CLIENT_CONFIRMATION_OK"
10804,10408932420,10408932461,1,"IOTHUB_CLIENT_CONFIRMATION_OK"
10805,10408932620,10408932704,1,"IOTHUB_CLIENT_CONFIRMATION_OK"
10806,10408932820,10408932860,1,"IOTHUB_CLIENT_CONFIRMATION_OK"
10807,10408933021,10408933129,1,"IOTHUB_CLIENT_CONFIRMATION_OK"
10808,10408933221,10408933255,1,"IOTHUB_CLIENT_CONFIRMATION_OK"
10809,10408933421,10408933469,1,"IOTHUB_CLIENT_CONFIRMATION_OK"
10810,10408933621,10408933681,1,"IOTHUB_CLIENT_CONFIRMATION_OK"
10811,10408933821,10408933865,1,"IOTHUB_CLIENT_CONFIRMATION_OK"
10812,10408934021,10408934092,1,"IOTHUB_CLIENT_CONFIRMATION_OK"
10813,10408934222,10408934264,1,"IOTHUB_CLIENT_CONFIRMATION_OK"
10814,10408934422,10408934462,1,"IOTHUB_CLIENT_CONFIRMATION_OK"
10815,10408934622,10408934681,1,"IOTHUB_CLIENT_CONFIRMATION_OK"
10816,10408934822,10408934870,1,"IOTHUB_CLIENT_CONFIRMATION_OK"
10817,10408935022,10408935070,1,"IOTHUB_CLIENT_CONFIRMATION_OK"
10818,10408935222,10408935299,1,"IOTHUB_CLIENT_CONFIRMATION_OK"
10819,10408935423,10408935492,1,"IOTHUB_CLIENT_CONFIRMATION_OK"
10820,10408935623,10408935671,1,"IOTHUB_CLIENT_CONFIRMATION_OK"
10821,10408935823,10408935883,1,"IOTHUB_CLIENT_CONFIRMATION_OK"
10822,10408936023,10408936154,1,"IOTHUB_CLIENT_CONFIRMATION_OK"
10823,10408936223,10408936372,1,"IOTHUB_CLIENT_CONFIRMATION_OK"
10824,10408936423,10408936481,1,"IOTHUB_CLIENT_CONFIRMATION_OK"
10825,10408936623,10408936672,1,"IOTHUB_CLIENT_CONFIRMATION_OK"
10826,10408936824,10408937009,1,"IOTHUB_CLIENT_CONFIRMATION_OK"
10827,10408937024,10408937084,1,"IOTHUB_CLIENT_CONFIRMATION_OK"
10828,10408937224,10408937352,1,"IOTHUB_CLIENT_CONFIRMATION_OK"
10829,10408937424,10408937464,1,"IOTHUB_CLIENT_CONFIRMATION_OK"
10830,10408937624,10408937695,1,"IOTHUB_CLIENT_CONFIRMATION_OK"
10831,10408937824,10408937885,1,"IOTHUB_CLIENT_CONFIRMATION_OK"
10832,10408938025,10408938080,1,"IOTHUB_CLIENT_CONFIRMATION_OK"
10833,10408938225,10408938267,1,"IOTHUB_CLIENT_CONFIRMATION_OK"
10834,10408938425,10408938555,1,"IOTHUB_CLIENT_CONFIRMATION_OK"
10835,10408938625,10408938679,1,"IOTHUB_CLIENT_CONFIRMATION_OK"
10836,10408938825,10408938867,1,"IOTHUB_CLIENT_CONFIRMATION_OK"
10837,10408939025,10408939071,1,"IOTHUB_CLIENT_CONFIRMATION_OK"
10838,10408939226,10408939281,1,"IOTHUB_CLIENT_CONFIRMATION_OK"
10839,10408939426,10408939469,1,"IOTHUB_CLIENT_CONFIRMATION_OK"
10840,10408939626,10408939675,1,"IOTHUB_CLIENT_CONFIRMATION_OK"
10841,10408939826,10408939883,1,"IOTHUB_CLIENT_CONFIRMATION_OK"
10842,10408940026,10408940076,1,"IOTHUB_CLIENT_CONFIRMATION_OK"
10843,10408940226,10408940284,1,"IOTHUB_CLIENT_CONFIRMATION_OK"
10844,10408940426,10408940471,1,"IOTHUB_CLIENT_CONFIRMATION_OK"
10845,10408940627,10408940673,1,"IOTHUB_CLIENT_CONFIRMATION_OK"
10846,10408940827,10408940941,1,"IOTHUB_CLIENT_CONFIRMATION_OK"
10847,10408941027,10408941094,1,"IOTHUB_CLIENT_CONFIRMATION_OK"
10848,10408941227,10408941282,1,"IOTHUB_CLIENT_CONFIRMATION_OK"
10849,10408941427,10408941470,1,"IOTHUB_CLIENT_CONFIRMATION_OK"
10850,10408941627,10408941675,1,"IOTHUB_CLIENT_CONFIRMATION_OK"
10851,10408941827,10408941866,1,"IOTHUB_CLIENT_CONFIRMATION_OK"
10852,10408942028,10408942087,1,"IOTHUB_CLIENT_CONFIRMATION_OK"
10853,10408942228,10408942283,1,"IOTHUB_CLIENT_CONFIRMATION_OK"
10854,10408942428,10408942473,1,"IOTHUB_CLIENT_CONFIRMATION_OK"
10855,10408942628,10408942674,1,"IOTHUB_CLIENT_CONFIRMATION_OK"
10856,10408942828,10408943005,1,"IOTHUB_CLIENT_CONFIRMATION_OK"
10857,10408943028,10408943078,1,"IOTHUB_CLIENT_CONFIRMATION_OK"
10858,10408943229,10408943271,1,"IOTHUB_CLIENT_CONFIRMATION_OK"
10859,10408943429,10408943466,1,"IOTHUB_CLIENT_CONFIRMATION_OK"
10860,10408943629,10408943691,1,"IOTHUB_CLIENT_CONFIRMATION_OK"
10861,10408943829,10408943890,1,"IOTHUB_CLIENT_CONFIRMATION_OK"
10862,10408944029,10408944142,1,"IOTHUB_CLIENT_CONFIRMATION_OK"
10863,10408944229,10408944283,1,"IOTHUB_CLIENT_CONFIRMATION_OK"
10864,10408944429,10408944475,1,"IOTHUB_CLIENT_CONFIRMATION_OK"
10865,10408944630,10408944681,1,"IOTHUB_CLIENT_CONFIRMATION_OK"
10866,10408944830,10408944875,1,"IOTHUB_CLIENT_CONFIRMATION_OK"
10867,10408945030,10408945071,1,"IOTHUB_CLIENT_CONFIRMATION_OK"
10868,10408945230,10408945321,1,"IOTHUB_CLIENT_CONFIRMATION_OK"
10869,10408945430,10408945482,1,"IOTHUB_CLIENT_CONFIRMATION_OK"
10870,10408945630,10408945691,1,"IOTHUB_CLIENT_CONFIRMATION_OK"
10871,10408945831,10408945889,1,"IOTHUB_CLIENT_CONFIRMATION_OK"
10872,10408946031,10408946080,1,"IOTHUB_CLIENT_CONFIRMATION_OK"
10873,10408946231,10408946307,1,"IOTHUB_CLIENT_CONFIRMATION_OK"
10874,10408946431,10408946486,1,"IOTHUB_CLIENT_CONFIRMATION_OK"
10875,10408946631,10408946691,1,"IOTHUB_CLIENT_CONFIRMATION_OK"
10876,10408946831,10408946928,1,"IOTHUB_CLIENT_CONFIRMATION_OK"
10877,10408947031,10408947072,1,"IOTHUB_CLIENT_CONFIRMATION_OK"
10878,10408947232,10408947480,1,"IOTHUB_CLIENT_CONFIRMATION_OK"
10879,10408947432,10408947522,1,"IOTHUB_CLIENT_CONFIRMATION_OK"
10880,10408947632,10408947778,1,"IOTHUB_CLIENT_CONFIRMATION_OK"
10881,10408947832,10408948082,1,"IOTHUB_CLIENT_CONFIRMATION_OK"
10882,10408948032,10408948109,1,"IOTHUB_CLIENT_CONFIRMATION_OK"
10883,10408948232,10408948278,1,"IOTHUB_CLIENT_CONFIRMATION_OK"
10884,10408948432,10408948488,1,"IOTHUB_CLIENT_CONFIRMATION_OK"
10885,10408948633,10408948677,1,"IOTHUB_CLIENT_CONFIRMATION_OK"
10886,10408948833,10408948908,1,"IOTHUB_CLIENT_CONFIRMATION_OK"
10887,10408949033,10408949071,1,"IOTHUB_CLIENT_CONFIRMATION_OK"
10888,10408949233,10408949280,1,"IOTHUB_CLIENT_CONFIRMATION_OK"
10889,10408949433,10408949495,1,"IOTHUB_CLIENT_CONFIRMATION_OK"
10890,10408949633,10408949702,1,"IOTHUB_CLIENT_CONFIRMATION_OK"
10891,10408949834,10408949903,1,"IOTHUB_CLIENT_CONFIRMATION_OK"
10892,10408950034,10408950095,1,"IOTHUB_CLIENT_CONFIRMATION_OK"
10893,10408950234,10408950323,1,"IOTHUB_CLIENT_CONFIRMATION_OK"
10894,10408950434,10408950475,1,"IOTHUB_CLIENT_CONFIRMATION_OK"
10895,10408950634,10408950678,1,"IOTHUB_CLIENT_CONFIRMATION_OK"
10896,10408950834,10408950941,1,"IOTHUB_CLIENT_CONFIRMATION_OK"
10897,10408951035,10408951077,1,"IOTHUB_CLIENT_CONFIRMATION_OK"
10898,10408951235,10408951291,1,"IOTHUB_CLIENT_CONFIRMATION_OK"
10899,10408951435,10408951466,1,"IOTHUB_CLIENT_CONFIRMATION_OK"
10900,10408951635,10408951701,1,"IOTHUB_CLIENT_CONFIRMATION_OK"
10901,10408951835,10408951876,1,"IOTHUB_CLIENT_CONFIRMATION_OK"
10902,10408952035,10408952091,1,"IOTHUB_CLIENT_CONFIRMATION_OK"
10903,10408952236,10408952413,1,"IOTHUB_CLIENT_CONFIRMATION_OK"
10904,10408952436,10408952515,1,"IOTHUB_CLIENT_CONFIRMATION_OK"
10905,10408952636,10408952699,1,"IOTHUB_CLIENT_CONFIRMATION_OK"
10906,10408952836,10408952980,1,"IOTHUB_CLIENT_CONFIRMATION_OK"
10907,10408953036,10408953238,1,"IOTHUB_CLIENT_CONFIRMATION_OK"
10908,10408953236,10408953299,1,"IOTHUB_CLIENT_CONFIRMATION_OK"
10909,10408953437,10408953490,1,"IOTHUB_CLIENT_CONFIRMATION_OK"
10910,10408953637,10408953684,1,"IOTHUB_CLIENT_CONFIRMATION_OK"
10911,10408953837,10408953881,1,"IOTHUB_CLIENT_CONFIRMATION_OK"
10912,10408954037,10408954089,1,"IOTHUB_CLIENT_CONFIRMATION_OK"
10913,10408954237,10408954293,1,"IOTHUB_CLIENT_CONFIRMATION_OK"
10914,10408954437,10408954479,1,"IOTHUB_CLIENT_CONFIRMATION_OK"
10915,10408954638,10408954714,1,"IOTHUB_CLIENT_CONFIRMATION_OK"
10916,10408954838,10408954887,1,"IOTHUB_CLIENT_CONFIRMATION_OK"
10917,10408955038,10408955082,1,"IOTHUB_CLIENT_CONFIRMATION_OK"
10918,10408955238,10408955325,1,"IOTHUB_CLIENT_CONFIRMATION_OK"
10919,10408955438,10408955487,1,"IOTHUB_CLIENT_CONFIRMATION_OK"
10920,10408955638,10408955688,1,"IOTHUB_CLIENT_CONFIRMATION_OK"
10921,10408955838,10408955879,1,"IOTHUB_CLIENT_CONFIRMATION_OK"
10922,10408956039,10408956087,1,"IOTHUB_CLIENT_CONFIRMATION_OK"
10923,10408956239,10408956377,1,"IOTHUB_CLIENT_CONFIRMATION_OK"
10924,10408956439,10408956502,1,"IOTHUB_CLIENT_CONFIRMATION_OK"
10925,10408956639,10408956694,1,"IOTHUB_CLIENT_CONFIRMATION_OK"
10926,10408956839,10408956954,1,"IOTHUB_CLIENT_CONFIRMATION_OK"
10927,10408957039,10408957085,1,"IOTHUB_CLIENT_CONFIRMATION_OK"
10928,10408957240,10408957293,1,"IOTHUB_CLIENT_CONFIRMATION_OK"
10929,10408957440,10408957483,1,"IOTHUB_CLIENT_CONFIRMATION_OK"
10930,10408957640,10408957682,1,"IOTHUB_CLIENT_CONFIRMATION_OK"
10931,10408957840,10408957886,1,"IOTHUB_CLIENT_CONFIRMATION_OK"
10932,10408958040,10408958092,1,"IOTHUB_CLIENT_CONFIRMATION_OK"
10933,10408958240,10408958286,1,"IOTHUB_CLIENT_CONFIRMATION_OK"
10934,10408958441,10408958479,1,"IOTHUB_CLIENT_CONFIRMATION_OK"
10935,10408958641,10408958690,1,"IOTHUB_CLIENT_CONFIRMATION_OK"
10936,10408958841,10408958977,1,"IOTHUB_CLIENT_CONFIRMATION_OK"
10937,10408959041,10408959093,1,"IOTHUB_CLIENT_CONFIRMATION_OK"
10938,10408959241,10408959350,1,"IOTHUB_CLIENT_CONFIRMATION_OK"
10939,10408959441,10408959477,1,"IOTHUB_CLIENT_CONFIRMATION_OK"
10940,10408959642,10408959696,1,"IOTHUB_CLIENT_CONFIRMATION_OK"
10941,10408959842,10408959916,1,"IOTHUB_CLIENT_CONFIRMATION_OK"
10942,10408960042,10408960099,1,"IOTHUB_CLIENT_CONFIRMATION_OK"
10943,10408960242,10408960302,1,"IOTHUB_CLIENT_CONFIRMATION_OK"
10944,10408960442,10408960497,1,"IOTHUB_CLIENT_CONFIRMATION_OK"
10945,10408960642,10408960723,1,"IOTHUB_CLIENT_CONFIRMATION_OK"
10946,10408960842,10408961020,1,"IOTHUB_CLIENT_CONFIRMATION_OK"
10947,10408961043,10408961079,1,"IOTHUB_CLIENT_CONFIRMATION_OK"
10948,10408961243,10408961316,1,"IOTHUB_CLIENT_CONFIRMATION_OK"
10949,10408961443,10408961489,1,"IOTHUB_CLIENT_CONFIRMATION_OK"
10950,10408961643,10408961702,1,"IOTHUB_CLIENT_CONFIRMATION_OK"
10951,10408961843,10408961895,1,"IOTHUB_CLIENT_CONFIRMATION_OK"
10952,10408962043,10408962103,1,"IOTHUB_CLIENT_CONFIRMATION_OK"
10953,10408962244,10408962308,1,"IOTHUB_CLIENT_CONFIRMATION_OK"
10954,10408962444,10408962494,1,"IOTHUB_CLIENT_CONFIRMATION_OK"
10955,10408962644,10408962706,1,"IOTHUB_CLIENT_CONFIRMATION_OK"
10956,10408962844,10408962900,1,"IOTHUB_CLIENT_CONFIRMATION_OK"
10957,10408963044,10408963093,1,"IOTHUB_CLIENT_CONFIRMATION_OK"
10958,10408963244,10408963309,1,"IOTHUB_CLIENT_CONFIRMATION_OK"
10959,10408963445,10408963482,1,"IOTHUB_CLIENT_CONFIRMATION_OK"
10960,10408963645,10408963691,1,"IOTHUB_CLIENT_CONFIRMATION_OK"
10961,10408963845,10408963899,1,"IOTHUB_CLIENT_CONFIRMATION_OK"
10962,10408964045,10408964084,1,"IOTHUB_CLIENT_CONFIRMATION_OK"
10963,10408964245,10408964306,1,"IOTHUB_CLIENT_CONFIRMATION_OK"
10964,10408964445,10408964497,1,"IOTHUB_CLIENT_CONFIRMATION_OK"
10965,10408964645,10408964694,1,"IOTHUB_CLIENT_CONFIRMATION_OK"
10966,10408964846,10408964909,1,"IOTHUB_CLIENT_CONFIRMATION_OK"
10967,10408965046,10408965093,1,"IOTHUB_CLIENT_CONFIRMATION_OK"
10968,10408965246,10408965298,1,"IOTHUB_CLIENT_CONFIRMATION_OK"
10969,10408965446,10408965493,1,"IOTHUB_CLIENT_CONFIRMATION_OK"
10970,10408965646,10408965719,1,"IOTHUB_CLIENT_CONFIRMATION_OK"
10971,10408965846,10408965910,1,"IOTHUB_CLIENT_CONFIRMATION_OK"
10972,10408966047,10408966106,1,"IOTHUB_CLIENT_CONFIRMATION_OK"
10973,10408966247,10408966311,1,"IOTHUB_CLIENT_CONFIRMATION_OK"
10974,10408966447,10408966501,1,"IOTHUB_CLIENT_CONFIRMATION_OK"
10975,10408966647,10408966687,1,"IOTHUB_CLIENT_CONFIRMATION_OK"
10976,10408966847,10408967000,1,"IOTHUB_CLIENT_CONFIRMATION_OK"
10977,10408967047,10408967130,1,"IOTHUB_CLIENT_CONFIRMATION_OK"
10978,10408967247,10408967290,1,"IOTHUB_CLIENT_CONFIRMATION_OK"
10979,10408967448,10408967495,1,"IOTHUB_CLIENT_CONFIRMATION_OK"
10980,10408967648,10408967706,1,"IOTHUB_CLIENT_CONFIRMATION_OK"
10981,10408967848,10408967897,1,"IOTHUB_CLIENT_CONFIRMATION_OK"
10982,10408968048,10408968111,1,"IOTHUB_CLIENT_CONFIRMATION_OK"
10983,10408968248,10408968298,1,"IOTHUB_CLIENT_CONFIRMATION_OK"
10984,10408968448,10408968490,1,"IOTHUB_CLIENT_CONFIRMATION_OK"
10985,10408968649,10408968690,1,"IOTHUB_CLIENT_CONFIRMATION_OK"
10986,10408968849,10408968895,1,"IOTHUB_CLIENT_CONFIRMATION_OK"
10987,10408969049,10408969090,1,"IOTHUB_CLIENT_CONFIRMATION_OK"
10988,10408969249,10408969337,1,"IOTHUB_CLIENT_CONFIRMATION_OK"
10989,10408969449,10408969495,1,"IOTHUB_CLIENT_CONFIRMATION_OK"
10990,10408969649,10408969713,1,"IOTHUB_CLIENT_CONFIRMATION_OK"
10991,10408969849,10408969897,1,"IOTHUB_CLIENT_CONFIRMATION_OK"
10992,10408970050,10408970106,1,"IOTHUB_CLIENT_CONFIRMATION_OK"
10993,10408970250,10408970292,1,"IOTHUB_CLIENT_CONFIRMATION_OK"
10994,10408970450,10408970518,1,"IOTHUB_CLIENT_CONFIRMATION_OK"
10995,10408970650,10408970708,1,"IOTHUB_CLIENT_CONFIRMATION_OK"
10996,10408970850,10408970908,1,"IOTHUB_CLIENT_CONFIRMATION_OK"
10997,10408971050,10408971098,1,"IOTHUB_CLIENT_CONFIRMATION_OK"
10998,10408971250,10408971295,1,"IOTHUB_CLIENT_CONFIRMATION_OK"
10999,10408971451,10408971488,1,"IOTHUB_CLIENT_CONFIRMATION_OK"
11000,10408971651,10408971719,1,"IOTHUB_CLIENT_CONFIRMATION_OK"
11001,10408971851,10408971900,1,"IOTHUB_CLIENT_CONFIRMATION_OK"
11002,10408972051,10408972129,1,"IOTHUB_CLIENT_CONFIRMATION_OK"
11003,10408972251,10408972311,1,"IOTHUB_CLIENT_CONFIRMATION_OK"
11004,10408972451,10408972484,1,"IOTHUB_CLIENT_CONFIRMATION_OK"
11005,10408972652,10408972699,1,"IOTHUB_CLIENT_CONFIRMATION_OK"
11006,10408972852,10408972927,1,"IOTHUB_CLIENT_CONFIRMATION_OK"
11007,10408973052,10408973102,1,"IOTHUB_CLIENT_CONFIRMATION_OK"
11008,10408973252,10408973318,1,"IOTHUB_CLIENT_CONFIRMATION_OK"
11009,10408973452,10408973498,1,"IOTHUB_CLIENT_CONFIRMATION_OK"
11010,10408973652,10408973703,1,"IOTHUB_CLIENT_CONFIRMATION_OK"
11011,10408973853,10408973901,1,"IOTHUB_CLIENT_CONFIRMATION_OK"
11012,10408974053,10408974105,1,"IOTHUB_CLIENT_CONFIRMATION_OK"
11013,10408974253,10408974318,1,"IOTHUB_CLIENT_CONFIRMATION_OK"
11014,10408974453,10408974493,1,"IOTHUB_CLIENT_CONFIRMATION_OK"
11015,10408974653,10408974694,1,"IOTHUB_CLIENT_CONFIRMATION_OK"
11016,10408974853,10408975005,1,"IOTHUB_CLIENT_CONFIRMATION_OK"
11017,10408975054,10408975121,1,"IOTHUB_CLIENT_CONFIRMATION_OK"
11018,10408975254,10408975301,1,"IOTHUB_CLIENT_CONFIRMATION_OK"
11019,10408975454,10408975521,1,"IOTHUB_CLIENT_CONFIRMATION_OK"
11020,10408975654,10408975704,1,"IOTHUB_CLIENT_CONFIRMATION_OK"
11021,10408975854,10408975900,1,"IOTHUB_CLIENT_CONFIRMATION_OK"
11022,10408976054,10408976091,1,"IOTHUB_CLIENT_CONFIRMATION_OK"
11023,10408976255,10408976302,1,"IOTHUB_CLIENT_CONFIRMATION_OK"
11024,10408976455,10408976509,1,"IOTHUB_CLIENT_CONFIRMATION_OK"
11025,10408976655,10408976697,1,"IOTHUB_CLIENT_CONFIRMATION_OK"
11026,10408976855,10408976899,1,"IOTHUB_CLIENT_CONFIRMATION_OK"
11027,10408977055,10408977131,1,"IOTHUB_CLIENT_CONFIRMATION_OK"
11028,10408977255,10408977316,1,"IOTHUB_CLIENT_CONFIRMATION_OK"
11029,10408977455,10408977521,1,"IOTHUB_CLIENT_CONFIRMATION_OK"
11030,10408977656,10408977706,1,"IOTHUB_CLIENT_CONFIRMATION_OK"
11031,10408977856,10408977926,1,"IOTHUB_CLIENT_CONFIRMATION_OK"
11032,10408978056,10408978106,1,"IOTHUB_CLIENT_CONFIRMATION_OK"
11033,10408978256,10408978301,1,"IOTHUB_CLIENT_CONFIRMATION_OK"
11034,10408978456,10408978494,1,"IOTHUB_CLIENT_CONFIRMATION_OK"
11035,10408978656,10408978711,1,"IOTHUB_CLIENT_CONFIRMATION_OK"
11036,10408978857,10408978902,1,"IOTHUB_CLIENT_CONFIRMATION_OK"
11037,10408979057,10408979125,1,"IOTHUB_CLIENT_CONFIRMATION_OK"
11038,10408979257,10408979314,1,"IOTHUB_CLIENT_CONFIRMATION_OK"
11039,10408979457,10408979491,1,"IOTHUB_CLIENT_CONFIRMATION_OK"
11040,10408979657,10408979718,1,"IOTHUB_CLIENT_CONFIRMATION_OK"
11041,10408979857,10408979900,1,"IOTHUB_CLIENT_CONFIRMATION_OK"
11042,10408980057,10408980097,1,"IOTHUB_CLIENT_CONFIRMATION_OK"
11043,10408980258,10408980316,1,"IOTHUB_CLIENT_CONFIRMATION_OK"
11044,10408980458,10408980497,1,"IOTHUB_CLIENT_CONFIRMATION_OK"
11045,10408980658,10408980707,1,"IOTHUB_CLIENT_CONFIRMATION_OK"
11046,10408980858,10408981024,1,"IOTHUB_CLIENT_CONFIRMATION_OK"
11047,10408981058,10408981106,1,"IOTHUB_CLIENT_CONFIRMATION_OK"
11048,10408981258,10408981301,1,"IOTHUB_CLIENT_CONFIRMATION_OK"
11049,10408981458,10408981510,1,"IOTHUB_CLIENT_CONFIRMATION_OK"
11050,10408981659,10408981695,1,"IOTHUB_CLIENT_CONFIRMATION_OK"
11051,10408981859,10408981907,1,"IOTHUB_CLIENT_CONFIRMATION_OK"
11052,10408982059,10408982122,1,"IOTHUB_CLIENT_CONFIRMATION_OK"
11053,10408982259,10408982370,1,"IOTHUB_CLIENT_CONFIRMATION_OK"
11054,10408982459,10408982492,1,"IOTHUB_CLIENT_CONFIRMATION_OK"
11055,10408982659,10408982718,1,"IOTHUB_CLIENT_CONFIRMATION_OK"
11056,10408982860,10408982995,1,"IOTHUB_CLIENT_CONFIRMATION_OK"
11057,10408983060,10408983109,1,"IOTHUB_CLIENT_CONFIRMATION_OK"
11058,10408983260,10408983304,1,"IOTHUB_CLIENT_CONFIRMATION_OK"
11059,10408983460,10408983509,1,"IOTHUB_CLIENT_CONFIRMATION_OK"
11060,10408983660,10408983704,1,"IOTHUB_CLIENT_CONFIRMATION_OK"
11061,10408983860,10408983941,1,"IOTHUB_CLIENT_CONFIRMATION_OK"
11062,10408984061,10408984102,1,"IOTHUB_CLIENT_CONFIRMATION_OK"
11063,10408984261,10408984299,1,"IOTHUB_CLIENT_CONFIRMATION_OK"
11064,10408984461,10408984531,1,"IOTHUB_CLIENT_CONFIRMATION_OK"
11065,10408984661,10408984703,1,"IOTHUB_CLIENT_CONFIRMATION_OK"
11066,10408984861,10408985031,1,"IOTHUB_CLIENT_CONFIRMATION_OK"
11067,10408985061,10408985148,1,"IOTHUB_CLIENT_CONFIRMATION_OK"
11068,10408985261,10408985303,1,"IOTHUB_CLIENT_CONFIRMATION_OK"
11069,10408985462,10408985491,1,"IOTHUB_CLIENT_CONFIRMATION_OK"
11070,10408985662,10408985704,1,"IOTHUB_CLIENT_CONFIRMATION_OK"
11071,10408985862,10408985907,1,"IOTHUB_CLIENT_CONFIRMATION_OK"
11072,10408986062,10408986107,1,"IOTHUB_CLIENT_CONFIRMATION_OK"
11073,10408986262,10408986308,1,"IOTHUB_CLIENT_CONFIRMATION_OK"
11074,10408986462,10408986499,1,"IOTHUB_CLIENT_CONFIRMATION_OK"
11075,10408986663,10408986704,1,"IOTHUB_CLIENT_CONFIRMATION_OK"
11076,10408986863,10408986912,1,"IOTHUB_CLIENT_CONFIRMATION_OK"
11077,10408987063,10408987102,1,"IOTHUB_CLIENT_CONFIRMATION_OK"
11078,10408987263,10408987324,1,"IOTHUB_CLIENT_CONFIRMATION_OK"
11079,10408987463,10408987506,1,"IOTHUB_CLIENT_CONFIRMATION_OK"
11080,10408987663,10408987699,1,"IOTHUB_CLIENT_CONFIRMATION_OK"
11081,10408987864,10408987907,1,"IOTHUB_CLIENT_CONFIRMATION_OK"
11082,10408988064,10408988136,1,"IOTHUB_CLIENT_CONFIRMATION_OK"
11083,10408988264,10408988318,1,"IOTHUB_CLIENT_CONFIRMATION_OK"
11084,10408988464,10408988509,1,"IOTHUB_CLIENT_CONFIRMATION_OK"
11085,10408988664,10408988764,1,"IOTHUB_CLIENT_CONFIRMATION_OK"
11086,10408988864,10408988927,1,"IOTHUB_CLIENT_CONFIRMATION_OK"
11087,10408989065,10408989127,1,"IOTHUB_CLIENT_CONFIRMATION_OK"
11088,10408989265,10408989309,1,"IOTHUB_CLIENT_CONFIRMATION_OK"
11089,10408989465,10408989535,1,"IOTHUB_CLIENT_CONFIRMATION_OK"
11090,10408989665,10408989725,1,"IOTHUB_CLIENT_CONFIRMATION_OK"
11091,10408989865,10408989922,1,"IOTHUB_CLIENT_CONFIRMATION_OK"
11092,10408990065,10408990103,1,"IOTHUB_CLIENT_CONFIRMATION_OK"
11093,10408990265,10408990320,1,"IOTHUB_CLIENT_CONFIRMATION_OK"
11094,10408990466,10408990521,1,"IOTHUB_CLIENT_CONFIRMATION_OK"
11095,10408990666,10408990732,1,"IOTHUB_CLIENT_CONFIRMATION_OK"
11096,10408990866,10408990927,1,"IOTHUB_CLIENT_CONFIRMATION_OK"
11097,10408991066,10408991125,1,"IOTHUB_CLIENT_CONFIRMATION_OK"
11098,10408991266,10408991326,1,"IOTHUB_CLIENT_CONFIRMATION_OK"
11099,10408991466,10408991514,1,"IOTHUB_CLIENT_CONFIRMATION_OK"
11100,10408991667,10408991710,1,"IOTHUB_CLIENT_CONFIRMATION_OK"
11101,10408991867,10408991927,1,"IOTHUB_CLIENT_CONFIRMATION_OK"
11102,10408992067,10408992110,1,"IOTHUB_CLIENT_CONFIRMATION_OK"
11103,10408992267,10408992309,1,"IOTHUB_CLIENT_CONFIRMATION_OK"
11104,10408992467,10408992512,1,"IOTHUB_CLIENT_CONFIRMATION_OK"
11105,10408992667,10408992714,1,"IOTHUB_CLIENT_CONFIRMATION_OK"
11106,10408992867,10408992907,1,"IOTHUB_CLIENT_CONFIRMATION_OK"
11107,10408993068,10408993100,1,"IOTHUB_CLIENT_CONFIRMATION_OK"
11108,10408993268,10408993316,1,"IOTHUB_CLIENT_CONFIRMATION_OK"
11109,10408993468,10408993516,1,"IOTHUB_CLIENT_CONFIRMATION_OK"
11110,10408993668,10408993710,1,"IOTHUB_CLIENT_CONFIRMATION_OK"
11111,10408993868,10408993930,1,"IOTHUB_CLIENT_CONFIRMATION_OK"
11112,10408994068,10408994131,1,"IOTHUB_CLIENT_CONFIRMATION_OK"
11113,10408994269,10408994363,1,"IOTHUB_CLIENT_CONFIRMATION_OK"
11114,10408994469,10408994510,1,"IOTHUB_CLIENT_CONFIRMATION_OK"
11115,10408994669,10408994711,1,"IOTHUB_CLIENT_CONFIRMATION_OK"
11116,10408994869,10408994914,1,"IOTHUB_CLIENT_CONFIRMATION_OK"
11117,10408995069,10408995159,1,"IOTHUB_CLIENT_CONFIRMATION_OK"
11118,10408995269,10408995321,1,"IOTHUB_CLIENT_CONFIRMATION_OK"
11119,10408995469,10408995507,1,"IOTHUB_CLIENT_CONFIRMATION_OK"
11120,10408995670,10408995718,1,"IOTHUB_CLIENT_CONFIRMATION_OK"
11121,10408995870,10408995915,1,"IOTHUB_CLIENT_CONFIRMATION_OK"
11122,10408996070,10408996113,1,"IOTHUB_CLIENT_CONFIRMATION_OK"
11123,10408996270,10408996337,1,"IOTHUB_CLIENT_CONFIRMATION_OK"
11124,10408996470,10408996512,1,"IOTHUB_CLIENT_CONFIRMATION_OK"
11125,10408996670,10408996738,1,"IOTHUB_CLIENT_CONFIRMATION_OK"
11126,10408996871,10408996971,1,"IOTHUB_CLIENT_CONFIRMATION_OK"
11127,10408997071,10408997113,1,"IOTHUB_CLIENT_CONFIRMATION_OK"
11128,10408997271,10408997342,1,"IOTHUB_CLIENT_CONFIRMATION_OK"
11129,10408997471,10408997529,1,"IOTHUB_CLIENT_CONFIRMATION_OK"
11130,10408997671,10408997798,1,"IOTHUB_CLIENT_CONFIRMATION_OK"
11131,10408997871,10408997907,1,"IOTHUB_CLIENT_CONFIRMATION_OK"
11132,10408998071,10408998115,1,"IOTHUB_CLIENT_CONFIRMATION_OK"
11133,10408998272,10408998323,1,"IOTHUB_CLIENT_CONFIRMATION_OK"
11134,10408998472,10408998509,1,"IOTHUB_CLIENT_CONFIRMATION_OK"
11135,10408998672,10408998759,1,"IOTHUB_CLIENT_CONFIRMATION_OK"
11136,10408998872,10408999028,1,"IOTHUB_CLIENT_CONFIRMATION_OK"
11137,10408999072,10408999121,1,"IOTHUB_CLIENT_CONFIRMATION_OK"
11138,10408999272,10408999304,1,"IOTHUB_CLIENT_CONFIRMATION_OK"
11139,10408999473,10408999511,1,"IOTHUB_CLIENT_CONFIRMATION_OK"
11140,10408999673,10408999718,1,"IOTHUB_CLIENT_CONFIRMATION_OK"
11141,10408999873,10408999965,1,"IOTHUB_CLIENT_CONFIRMATION_OK"
11142,10409000073,10409000119,1,"IOTHUB_CLIENT_CONFIRMATION_OK"
11143,10409000273,10409000323,1,"IOTHUB_CLIENT_CONFIRMATION_OK"
11144,10409000473,10409000550,1,"IOTHUB_CLIENT_CONFIRMATION_OK"
11145,10409000674,10409000721,1,"IOTHUB_CLIENT_CONFIRMATION_OK"
11146,10409000874,10409000939,1,"IOTHUB_CLIENT_CONFIRMATION_OK"
11147,10409001074,10409001121,1,"IOTHUB_CLIENT_CONFIRMATION_OK"
11148,10409001274,10409001389,1,"IOTHUB_CLIENT_CONFIRMATION_OK"
11149,10409001474,10409001521,1,"IOTHUB_CLIENT_CONFIRMATION_OK"
11150,10409001674,10409001708,1,"IOTHUB_CLIENT_CONFIRMATION_OK"
11151,10409001875,10409001927,1,"IOTHUB_CLIENT_CONFIRMATION_OK"
11152,10409002075,10409002109,1,"IOTHUB_CLIENT_CONFIRMATION_OK"
11153,10409002275,10409002339,1,"IOTHUB_CLIENT_CONFIRMATION_OK"
11154,10409002475,10409002532,1,"IOTHUB_CLIENT_CONFIRMATION_OK"
11155,10409002675,10409002728,1,"IOTHUB_CLIENT_CONFIRMATION_OK"
11156,10409002875,10409002926,1,"IOTHUB_CLIENT_CONFIRMATION_OK"
11157,10409003076,10409003124,1,"IOTHUB_CLIENT_CONFIRMATION_OK"
11158,10409003276,10409003311,1,"IOTHUB_CLIENT_CONFIRMATION_OK"
11159,10409003476,10409003521,1,"IOTHUB_CLIENT_CONFIRMATION_OK"
11160,10409003676,10409003722,1,"IOTHUB_CLIENT_CONFIRMATION_OK"
11161,10409003876,10409003942,1,"IOTHUB_CLIENT_CONFIRMATION_OK"
11162,10409004076,10409004114,1,"IOTHUB_CLIENT_CONFIRMATION_OK"
11163,10409004276,10409004401,1,"IOTHUB_CLIENT_CONFIRMATION_OK"
11164,10409004477,10409004530,1,"IOTHUB_CLIENT_CONFIRMATION_OK"
11165,10409004677,10409004751,1,"IOTHUB_CLIENT_CONFIRMATION_OK"
11166,10409004877,10409005000,1,"IOTHUB_CLIENT_CONFIRMATION_OK"
11167,10409005077,10409005118,1,"IOTHUB_CLIENT_CONFIRMATION_OK"
11168,10409005277,10409005310,1,"IOTHUB_CLIENT_CONFIRMATION_OK"
11169,10409005477,10409005545,1,"IOTHUB_CLIENT_CONFIRMATION_OK"
11170,10409005678,10409005719,1,"IOTHUB_CLIENT_CONFIRMATION_OK"
11171,10409005878,10409005945,1,"IOTHUB_CLIENT_CONFIRMATION_OK"
11172,10409006078,10409006127,1,"IOTHUB_CLIENT_CONFIRMATION_OK"
11173,10409006278,10409006347,1,"IOTHUB_CLIENT_CONFIRMATION_OK"
11174,10409006478,10409006523,1,"IOTHUB_CLIENT_CONFIRMATION_OK"
11175,10409006678,10409006793,1,"IOTHUB_CLIENT_CONFIRMATION_OK"
11176,10409006878,10409007025,1,"IOTHUB_CLIENT_CONFIRMATION_OK"
11177,10409007079,10409007119,1,"IOTHUB_CLIENT_CONFIRMATION_OK"
11178,10409007279,10409007322,1,"IOTHUB_CLIENT_CONFIRMATION_OK"
11179,10409007479,10409007515,1,"IOTHUB_CLIENT_CONFIRMATION_OK"
11180,10409007679,10409007721,1,"IOTHUB_CLIENT_CONFIRMATION_OK"
11181,10409007879,10409007909,1,"IOTHUB_CLIENT_CONFIRMATION_OK"
11182,10409008079,10409008120,1,"IOTHUB_CLIENT_CONFIRMATION_OK"
11183,10409008280,10409008335,1,"IOTHUB_CLIENT_CONFIRMATION_OK"
11184,10409008480,10409008514,1,"IOTHUB_CLIENT_CONFIRMATION_OK"
11185,10409008680,10409008715,1,"IOTHUB_CLIENT_CONFIRMATION_OK"
11186,10409008880,10409008935,1,"IOTHUB_CLIENT_CONFIRMATION_OK"
11187,10409009080,10409009120,1,"IOTHUB_CLIENT_CONFIRMATION_OK"
11188,10409009280,10409009323,1,"IOTHUB_CLIENT_CONFIRMATION_OK"
11189,10409009481,10409009513,1,"IOTHUB_CLIENT_CONFIRMATION_OK"
11190,10409009681,10409009737,1,"IOTHUB_CLIENT_CONFIRMATION_OK"
11191,10409009881,10409009948,1,"IOTHUB_CLIENT_CONFIRMATION_OK"
11192,10409010081,10409010127,1,"IOTHUB_CLIENT_CONFIRMATION_OK"
11193,10409010281,10409010328,1,"IOTHUB_CLIENT_CONFIRMATION_OK"
11194,10409010481,10409010538,1,"IOTHUB_CLIENT_CONFIRMATION_OK"
11195,10409010681,10409010720,1,"IOTHUB_CLIENT_CONFIRMATION_OK"
11196,10409010882,10409010948,1,"IOTHUB_CLIENT_CONFIRMATION_OK"
11197,10409011082,10409011116,1,"IOTHUB_CLIENT_CONFIRMATION_OK"
11198,10409011282,10409011336,1,"IOTHUB_CLIENT_CONFIRMATION_OK"
11199,10409011482,10409011523,1,"IOTHUB_CLIENT_CONFIRMATION_OK"
11200,10409011682,10409011736,1,"IOTHUB_CLIENT_CONFIRMATION_OK"
11201,10409011882,10409011933,1,"IOTHUB_CLIENT_CONFIRMATION_OK"
11202,10409012082,10409012132,1,"IOTHUB_CLIENT_CONFIRMATION_OK"
11203,10409012283,10409012375,1,"IOTHUB_CLIENT_CONFIRMATION_OK"
11204,10409012483,10409012540,1,"IOTHUB_CLIENT_CONFIRMATION_OK"
11205,10409012683,10409012729,1,"IOTHUB_CLIENT_CONFIRMATION_OK"
11206,10409012883,10409012983,1,"IOTHUB_CLIENT_CONFIRMATION_OK"
11207,10409013083,10409013118,1,"IOTHUB_CLIENT_CONFIRMATION_OK"
11208,10409013283,10409013319,1,"IOTHUB_CLIENT_CONFIRMATION_OK"
11209,10409013484,10409013514,1,"IOTHUB_CLIENT_CONFIRMATION_OK"
11210,10409013684,10409013725,1,"IOTHUB_CLIENT_CONFIRMATION_OK"
11211,10409013884,10409013921,1,"IOTHUB_CLIENT_CONFIRMATION_OK"
11212,10409014084,10409014128,1,"IOTHUB_CLIENT_CONFIRMATION_OK"
11213,10409014284,10409014324,1,"IOTHUB_CLIENT_CONFIRMATION_OK"
11214,10409014484,10409014528,1,"IOTHUB_CLIENT_CONFIRMATION_OK"
11215,10409014685,10409014747,1,"IOTHUB_CLIENT_CONFIRMATION_OK"
11216,10409014885,10409014960,1,"IOTHUB_CLIENT_CONFIRMATION_OK"
11217,10409015085,10409015131,1,"IOTHUB_CLIENT_CONFIRMATION_OK"
11218,10409015285,10409015319,1,"IOTHUB_CLIENT_CONFIRMATION_OK"
11219,10409015485,10409015522,1,"IOTHUB_CLIENT_CONFIRMATION_OK"
11220,10409015685,10409015736,1,"IOTHUB_CLIENT_CONFIRMATION_OK"
11221,10409015885,10409015935,1,"IOTHUB_CLIENT_CONFIRMATION_OK"
11222,10409016086,10409016137,1,"IOTHUB_CLIENT_CONFIRMATION_OK"
11223,10409016286,10409016324,1,"IOTHUB_CLIENT_CONFIRMATION_OK"
11224,10409016486,10409016526,1,"IOTHUB_CLIENT_CONFIRMATION_OK"
11225,10409016686,10409016732,1,"IOTHUB_CLIENT_CONFIRMATION_OK"
11226,10409016886,10409016938,1,"IOTHUB_CLIENT_CONFIRMATION_OK"
11227,10409017086,10409017132,1,"IOTHUB_CLIENT_CONFIRMATION_OK"
11228,10409017287,10409017322,1,"IOTHUB_CLIENT_CONFIRMATION_OK"
11229,10409017487,10409017538,1,"IOTHUB_CLIENT_CONFIRMATION_OK"
11230,10409017687,10409017746,1,"IOTHUB_CLIENT_CONFIRMATION_OK"
11231,10409017887,10409018006,1,"IOTHUB_CLIENT_CONFIRMATION_OK"
11232,10409018087,10409018145,1,"IOTHUB_CLIENT_CONFIRMATION_OK"
11233,10409018287,10409018330,1,"IOTHUB_CLIENT_CONFIRMATION_OK"
11234,10409018487,10409018518,1,"IOTHUB_CLIENT_CONFIRMATION_OK"
11235,10409018688,10409018761,1,"IOTHUB_CLIENT_CONFIRMATION_OK"
11236,10409018888,10409018930,1,"IOTHUB_CLIENT_CONFIRMATION_OK"
11237,10409019088,10409019147,1,"IOTHUB_CLIENT_CONFIRMATION_OK"
11238,10409019288,10409019330,1,"IOTHUB_CLIENT_CONFIRMATION_OK"
11239,10409019488,10409019525,1,"IOTHUB_CLIENT_CONFIRMATION_OK"
11240,10409019688,10409019765,1,"IOTHUB_CLIENT_CONFIRMATION_OK"
11241,10409019889,10409019935,1,"IOTHUB_CLIENT_CONFIRMATION_OK"
11242,10409020089,10409020134,1,"IOTHUB_CLIENT_CONFIRMATION_OK"
11243,10409020289,10409020370,1,"IOTHUB_CLIENT_CONFIRMATION_OK"
11244,10409020489,10409020532,1,"IOTHUB_CLIENT_CONFIRMATION_OK"
11245,10409020689,10409020746,1,"IOTHUB_CLIENT_CONFIRMATION_OK"
11246,10409020889,10409020989,1,"IOTHUB_CLIENT_CONFIRMATION_OK"
11247,10409021089,10409021133,1,"IOTHUB_CLIENT_CONFIRMATION_OK"
11248,10409021290,10409021352,1,"IOTHUB_CLIENT_CONFIRMATION_OK"
11249,10409021490,10409021541,1,"IOTHUB_CLIENT_CONFIRMATION_OK"
11250,10409021690,10409021746,1,"IOTHUB_CLIENT_CONFIRMATION_OK"
11251,10409021890,10409021930,1,"IOTHUB_CLIENT_CONFIRMATION_OK"
11252,10409022090,10409022148,1,"IOTHUB_CLIENT_CONFIRMATION_OK"
11253,10409022290,10409022370,1,"IOTHUB_CLIENT_CONFIRMATION_OK"
11254,10409022491,10409022585,1,"IOTHUB_CLIENT_CONFIRMATION_OK"
11255,10409022691,10409022735,1,"IOTHUB_CLIENT_CONFIRMATION_OK"
11256,10409022891,10409023032,1,"IOTHUB_CLIENT_CONFIRMATION_OK"
11257,10409023091,10409023132,1,"IOTHUB_CLIENT_CONFIRMATION_OK"
11258,10409023291,10409023344,1,"IOTHUB_CLIENT_CONFIRMATION_OK"
11259,10409023491,10409023530,1,"IOTHUB_CLIENT_CONFIRMATION_OK"
11260,10409023692,10409023754,1,"IOTHUB_CLIENT_CONFIRMATION_OK"
11261,10409023892,10409023930,1,"IOTHUB_CLIENT_CONFIRMATION_OK"
11262,10409024092,10409024155,1,"IOTHUB_CLIENT_CONFIRMATION_OK"
11263,10409024292,10409024420,1,"IOTHUB_CLIENT_CONFIRMATION_OK"
11264,10409024492,10409024541,1,"IOTHUB_CLIENT_CONFIRMATION_OK"
11265,10409024692,10409024746,1,"IOTHUB_CLIENT_CONFIRMATION_OK"
11266,10409024893,10409025060,1,"IOTHUB_CLIENT_CONFIRMATION_OK"
11267,10409025093,10409025137,1,"IOTHUB_CLIENT_CONFIRMATION_OK"
11268,10409025293,10409025338,1,"IOTHUB_CLIENT_CONFIRMATION_OK"
11269,10409025493,10409025556,1,"IOTHUB_CLIENT_CONFIRMATION_OK"
11270,10409025693,10409025741,1,"IOTHUB_CLIENT_CONFIRMATION_OK"
11271,10409025893,10409025945,1,"IOTHUB_CLIENT_CONFIRMATION_OK"
11272,10409026094,10409026153,1,"IOTHUB_CLIENT_CONFIRMATION_OK"
11273,10409026294,10409026347,1,"IOTHUB_CLIENT_CONFIRMATION_OK"
11274,10409026494,10409026553,1,"IOTHUB_CLIENT_CONFIRMATION_OK"
11275,10409026694,10409026739,1,"IOTHUB_CLIENT_CONFIRMATION_OK"
11276,10409026894,10409026946,1,"IOTHUB_CLIENT_CONFIRMATION_OK"
11277,10409027094,10409027146,1,"IOTHUB_CLIENT_CONFIRMATION_OK"
11278,10409027295,10409027394,1,"IOTHUB_CLIENT_CONFIRMATION_OK"
11279,10409027495,10409027563,1,"IOTHUB_CLIENT_CONFIRMATION_OK"
11280,10409027695,10409027773,1,"IOTHUB_CLIENT_CONFIRMATION_OK"
11281,10409027895,10409027953,1,"IOTHUB_CLIENT_CONFIRMATION_OK"
11282,10409028095,10409028145,1,"IOTHUB_CLIENT_CONFIRMATION_OK"
11283,10409028295,10409028342,1,"IOTHUB_CLIENT_CONFIRMATION_OK"
11284,10409028495,10409028652,1,"IOTHUB_CLIENT_CONFIRMATION_OK"
11285,10409028696,10409028744,1,"IOTHUB_CLIENT_CONFIRMATION_OK"
11286,10409028896,10409028979,1,"IOTHUB_CLIENT_CONFIRMATION_OK"
11287,10409029096,10409029171,1,"IOTHUB_CLIENT_CONFIRMATION_OK"
11288,10409029296,10409029354,1,"IOTHUB_CLIENT_CONFIRMATION_OK"
11289,10409029496,10409029543,1,"IOTHUB_CLIENT_CONFIRMATION_OK"
11290,10409029696,10409029746,1,"IOTHUB_CLIENT_CONFIRMATION_OK"
11291,10409029897,10409029942,1,"IOTHUB_CLIENT_CONFIRMATION_OK"
11292,10409030097,10409030143,1,"IOTHUB_CLIENT_CONFIRMATION_OK"
11293,10409030297,10409030385,1,"IOTHUB_CLIENT_CONFIRMATION_OK"
11294,10409030497,10409030544,1,"IOTHUB_CLIENT_CONFIRMATION_OK"
11295,10409030697,10409030736,1,"IOTHUB_CLIENT_CONFIRMATION_OK"
11296,10409030897,10409030981,1,"IOTHUB_CLIENT_CONFIRMATION_OK"
11297,10409031098,10409031151,1,"IOTHUB_CLIENT_CONFIRMATION_OK"
11298,10409031298,10409031336,1,"IOTHUB_CLIENT_CONFIRMATION_OK"
11299,10409031498,10409031561,1,"IOTHUB_CLIENT_CONFIRMATION_OK"
11300,10409031698,10409031739,1,"IOTHUB_CLIENT_CONFIRMATION_OK"
11301,10409031898,10409031976,1,"IOTHUB_CLIENT_CONFIRMATION_OK"
11302,10409032098,10409032136,1,"IOTHUB_CLIENT_CONFIRMATION_OK"
11303,10409032299,10409032347,1,"IOTHUB_CLIENT_CONFIRMATION_OK"
11304,10409032499,10409032538,1,"IOTHUB_CLIENT_CONFIRMATION_OK"
11305,10409032699,10409032737,1,"IOTHUB_CLIENT_CONFIRMATION_OK"
11306,10409032899,10409033021,1,"IOTHUB_CLIENT_CONFIRMATION_OK"
11307,10409033099,10409033148,1,"IOTHUB_CLIENT_CONFIRMATION_OK"
11308,10409033299,10409033335,1,"IOTHUB_CLIENT_CONFIRMATION_OK"
11309,10409033500,10409033553,1,"IOTHUB_CLIENT_CONFIRMATION_OK"
11310,10409033700,10409033751,1,"IOTHUB_CLIENT_CONFIRMATION_OK"
11311,10409033900,10409033955,1,"IOTHUB_CLIENT_CONFIRMATION_OK"
11312,10409034100,10409034163,1,"IOTHUB_CLIENT_CONFIRMATION_OK"
11313,10409034300,10409034358,1,"IOTHUB_CLIENT_CONFIRMATION_OK"
11314,10409034500,10409034584,1,"IOTHUB_CLIENT_CONFIRMATION_OK"
11315,10409034700,10409034744,1,"IOTHUB_CLIENT_CONFIRMATION_OK"
11316,10409034901,10409035074,1,"IOTHUB_CLIENT_CONFIRMATION_OK"
11317,10409035101,10409035161,1,"IOTHUB_CLIENT_CONFIRMATION_OK"
11318,10409035301,10409035350,1,"IOTHUB_CLIENT_CONFIRMATION_OK"
11319,10409035501,10409035621,1,"IOTHUB_CLIENT_CONFIRMATION_OK"
11320,10409035701,10409035755,1,"IOTHUB_CLIENT_CONFIRMATION_OK"
11321,10409035901,10409035947,1,"IOTHUB_CLIENT_CONFIRMATION_OK"
11322,10409036101,10409036165,1,"IOTHUB_CLIENT_CONFIRMATION_OK"
11323,10409036302,10409036351,1,"IOTHUB_CLIENT_CONFIRMATION_OK"
11324,10409036502,10409036561,1,"IOTHUB_CLIENT_CONFIRMATION_OK"
11325,10409036702,10409036763,1,"IOTHUB_CLIENT_CONFIRMATION_OK"
11326,10409036902,10409036966,1,"IOTHUB_CLIENT_CONFIRMATION_OK"
11327,10409037102,10409037156,1,"IOTHUB_CLIENT_CONFIRMATION_OK"
11328,10409037302,10409037348,1,"IOTHUB_CLIENT_CONFIRMATION_OK"
11329,10409037502,10409037540,1,"IOTHUB_CLIENT_CONFIRMATION_OK"
11330,10409037703,10409037746,1,"IOTHUB_CLIENT_CONFIRMATION_OK"
11331,10409037903,10409037945,1,"IOTHUB_CLIENT_CONFIRMATION_OK"
11332,10409038103,10409038150,1,"IOTHUB_CLIENT_CONFIRMATION_OK"
11333,10409038303,10409038393,1,"IOTHUB_CLIENT_CONFIRMATION_OK"
11334,10409038503,10409038554,1,"IOTHUB_CLIENT_CONFIRMATION_OK"
11335,10409038703,10409038755,1,"IOTHUB_CLIENT_CONFIRMATION_OK"
11336,10409038904,10409039103,1,"IOTHUB_CLIENT_CONFIRMATION_OK"
11337,10409039104,10409039149,1,"IOTHUB_CLIENT_CONFIRMATION_OK"
11338,10409039304,10409039355,1,"IOTHUB_CLIENT_CONFIRMATION_OK"
11339,10409039504,10409039545,1,"IOTHUB_CLIENT_CONFIRMATION_OK"
11340,10409039704,10409039759,1,"IOTHUB_CLIENT_CONFIRMATION_OK"
11341,10409039904,10409039956,1,"IOTHUB_CLIENT_CONFIRMATION_OK"
11342,10409040104,10409040153,1,"IOTHUB_CLIENT_CONFIRMATION_OK"
11343,10409040305,10409040363,1,"IOTHUB_CLIENT_CONFIRMATION_OK"
11344,10409040505,10409040540,1,"IOTHUB_CLIENT_CONFIRMATION_OK"
11345,10409040705,10409040762,1,"IOTHUB_CLIENT_CONFIRMATION_OK"
11346,10409040905,10409040977,1,"IOTHUB_CLIENT_CONFIRMATION_OK"
11347,10409041105,10409041160,1,"IOTHUB_CLIENT_CONFIRMATION_OK"
11348,10409041305,10409041365,1,"IOTHUB_CLIENT_CONFIRMATION_OK"
11349,10409041506,10409041602,1,"IOTHUB_CLIENT_CONFIRMATION_OK"
11350,10409041706,10409041830,1,"IOTHUB_CLIENT_CONFIRMATION_OK"
11351,10409041906,10409041972,1,"IOTHUB_CLIENT_CONFIRMATION_OK"
11352,10409042106,10409042144,1,"IOTHUB_CLIENT_CONFIRMATION_OK"
11353,10409042306,10409042364,1,"IOTHUB_CLIENT_CONFIRMATION_OK"
11354,10409042506,10409042548,1,"IOTHUB_CLIENT_CONFIRMATION_OK"
11355,10409042706,10409042751,1,"IOTHUB_CLIENT_CONFIRMATION_OK"
11356,10409042907,10409042954,1,"IOTHUB_CLIENT_CONFIRMATION_OK"
11357,10409043107,10409043137,1,"IOTHUB_CLIENT_CONFIRMATION_OK"
11358,10409043307,10409043381,1,"IOTHUB_CLIENT_CONFIRMATION_OK"
11359,10409043507,10409043571,1,"IOTHUB_CLIENT_CONFIRMATION_OK"
11360,10409043707,10409043751,1,"IOTHUB_CLIENT_CONFIRMATION_OK"
11361,10409043907,10409043966,1,"IOTHUB_CLIENT_CONFIRMATION_OK"
11362,10409044108,10409044150,1,"IOTHUB_CLIENT_CONFIRMATION_OK"
11363,10409044308,10409044371,1,"IOTHUB_CLIENT_CONFIRMATION_OK"
11364,10409044508,10409044607,1,"IOTHUB_CLIENT_CONFIRMATION_OK"
11365,10409044708,10409044766,1,"IOTHUB_CLIENT_CONFIRMATION_OK"
11366,10409044908,10409044990,1,"IOTHUB_CLIENT_CONFIRMATION_OK"
11367,10409045108,10409045165,1,"IOTHUB_CLIENT_CONFIRMATION_OK"
11368,10409045309,10409045348,1,"IOTHUB_CLIENT_CONFIRMATION_OK"
11369,10409045509,10409045577,1,"IOTHUB_CLIENT_CONFIRMATION_OK"
11370,10409045709,10409045751,1,"IOTHUB_CLIENT_CONFIRMATION_OK"
11371,10409045909,10409045953,1,"IOTHUB_CLIENT_CONFIRMATION_OK"
11372,10409046109,10409046169,1,"IOTHUB_CLIENT_CONFIRMATION_OK"
11373,10409046309,10409046483,1,"IOTHUB_CLIENT_CONFIRMATION_OK"
11374,10409046510,10409046558,1,"IOTHUB_CLIENT_CONFIRMATION_OK"
11375,10409046710,10409046755,1,"IOTHUB_CLIENT_CONFIRMATION_OK"
11376,10409046910,10409047042,1,"IOTHUB_CLIENT_CONFIRMATION_OK"
11377,10409047115,10409047164,1,"IOTHUB_CLIENT_CONFIRMATION_OK"
11378,10409047315,10409047360,1,"IOTHUB_CLIENT_CONFIRMATION_OK"
11379,10409047515,10409047562,1,"IOTHUB_CLIENT_CONFIRMATION_OK"
11380,10409047715,10409047764,1,"IOTHUB_CLIENT_CONFIRMATION_OK"
11381,10409047915,10409048035,1,"IOTHUB_CLIENT_CONFIRMATION_OK"
11382,10409048115,10409048161,1,"IOTHUB_CLIENT_CONFIRMATION_OK"
11383,10409048316,10409048364,1,"IOTHUB_CLIENT_CONFIRMATION_OK"
11384,10409048516,10409048570,1,"IOTHUB_CLIENT_CONFIRMATION_OK"
11385,10409048716,10409048750,1,"IOTHUB_CLIENT_CONFIRMATION_OK"
11386,10409048916,10409049073,1,"IOTHUB_CLIENT_CONFIRMATION_OK"
11387,10409049116,10409049172,1,"IOTHUB_CLIENT_CONFIRMATION_OK"
11388,10409049316,10409049355,1,"IOTHUB_CLIENT_CONFIRMATION_OK"
11389,10409049517,10409049666,1,"IOTHUB_CLIENT_CONFIRMATION_OK"
11390,10409049717,10409049762,1,"IOTHUB_CLIENT_CONFIRMATION_OK"
11391,10409049917,10409049957,1,"IOTHUB_CLIENT_CONFIRMATION_OK"
11392,10409050117,10409050196,1,"IOTHUB_CLIENT_CONFIRMATION_OK"
11393,10409050317,10409050385,1,"IOTHUB_CLIENT_CONFIRMATION_OK"
11394,10409050517,10409050566,1,"IOTHUB_CLIENT_CONFIRMATION_OK"
11395,10409050718,10409050760,1,"IOTHUB_CLIENT_CONFIRMATION_OK"
11396,10409050918,10409050961,1,"IOTHUB_CLIENT_CONFIRMATION_OK"
11397,10409051118,10409051186,1,"IOTHUB_CLIENT_CONFIRMATION_OK"
11398,10409051318,10409051380,1,"IOTHUB_CLIENT_CONFIRMATION_OK"
11399,10409051518,10409051677,1,"IOTHUB_CLIENT_CONFIRMATION_OK"
11400,10409051718,10409051764,1,"IOTHUB_CLIENT_CONFIRMATION_OK"
11401,10409051919,10409051956,1,"IOTHUB_CLIENT_CONFIRMATION_OK"
11402,10409052119,10409052155,1,"IOTHUB_CLIENT_CONFIRMATION_OK"
11403,10409052319,10409052376,1,"IOTHUB_CLIENT_CONFIRMATION_OK"
11404,10409052519,10409052562,1,"IOTHUB_CLIENT_CONFIRMATION_OK"
11405,10409052719,10409052757,1,"IOTHUB_CLIENT_CONFIRMATION_OK"
11406,10409052919,10409052961,1,"IOTHUB_CLIENT_CONFIRMATION_OK"
11407,10409053119,10409053174,1,"IOTHUB_CLIENT_CONFIRMATION_OK"
11408,10409053320,10409053370,1,"IOTHUB_CLIENT_CONFIRMATION_OK"
11409,10409053520,10409053741,1,"IOTHUB_CLIENT_CONFIRMATION_OK"
11410,10409053720,10409053781,1,"IOTHUB_CLIENT_CONFIRMATION_OK"
11411,10409053920,10409054125,1,"IOTHUB_CLIENT_CONFIRMATION_OK"
11412,10409054120,10409054168,1,"IOTHUB_CLIENT_CONFIRMATION_OK"
11413,10409054320,10409054364,1,"IOTHUB_CLIENT_CONFIRMATION_OK"
11414,10409054520,10409054571,1,"IOTHUB_CLIENT_CONFIRMATION_OK"
11415,10409054721,10409054760,1,"IOTHUB_CLIENT_CONFIRMATION_OK"
11416,10409054921,10409054999,1,"IOTHUB_CLIENT_CONFIRMATION_OK"
11417,10409055121,10409055163,1,"IOTHUB_CLIENT_CONFIRMATION_OK"
11418,10409055321,10409055379,1,"IOTHUB_CLIENT_CONFIRMATION_OK"
11419,10409055521,10409055595,1,"IOTHUB_CLIENT_CONFIRMATION_OK"
11420,10409055721,10409055795,1,"IOTHUB_CLIENT_CONFIRMATION_OK"
11421,10409055922,10409055980,1,"IOTHUB_CLIENT_CONFIRMATION_OK"
11422,10409056122,10409056174,1,"IOTHUB_CLIENT_CONFIRMATION_OK"
11423,10409056322,10409056398,1,"IOTHUB_CLIENT_CONFIRMATION_OK"
11424,10409056522,10409056567,1,"IOTHUB_CLIENT_CONFIRMATION_OK"
11425,10409056722,10409056775,1,"IOTHUB_CLIENT_CONFIRMATION_OK"
11426,10409056922,10409057027,1,"IOTHUB_CLIENT_CONFIRMATION_OK"
11427,10409057122,10409057173,1,"IOTHUB_CLIENT_CONFIRMATION_OK"
11428,10409057323,10409057369,1,"IOTHUB_CLIENT_CONFIRMATION_OK"
11429,10409057523,10409057616,1,"IOTHUB_CLIENT_CONFIRMATION_OK"
11430,10409057723,10409057802,1,"IOTHUB_CLIENT_CONFIRMATION_OK"
11431,10409057923,10409058069,1,"IOTHUB_CLIENT_CONFIRMATION_OK"
11432,10409058123,10409058198,1,"IOTHUB_CLIENT_CONFIRMATION_OK"
11433,10409058323,10409058376,1,"IOTHUB_CLIENT_CONFIRMATION_OK"
11434,10409058524,10409058580,1,"IOTHUB_CLIENT_CONFIRMATION_OK"
11435,10409058724,10409058769,1,"IOTHUB_CLIENT_CONFIRMATION_OK"
11436,10409058924,10409058970,1,"IOTHUB_CLIENT_CONFIRMATION_OK"
11437,10409059124,10409059165,1,"IOTHUB_CLIENT_CONFIRMATION_OK"
11438,10409059324,10409059371,1,"IOTHUB_CLIENT_CONFIRMATION_OK"
11439,10409059524,10409059757,1,"IOTHUB_CLIENT_CONFIRMATION_OK"
11440,10409059724,10409059785,1,"IOTHUB_CLIENT_CONFIRMATION_OK"
11441,10409059925,10409059968,1,"IOTHUB_CLIENT_CONFIRMATION_OK"
11442,10409060125,10409060200,1,"IOTHUB_CLIENT_CONFIRMATION_OK"
11443,10409060325,10409060376,1,"IOTHUB_CLIENT_CONFIRMATION_OK"
11444,10409060525,10409060572,1,"IOTHUB_CLIENT_CONFIRMATION_OK"
11445,10409060725,10409060778,1,"IOTHUB_CLIENT_CONFIRMATION_OK"
11446,10409060925,10409061022,1,"IOTHUB_CLIENT_CONFIRMATION_OK"
11447,10409061126,10409061164,1,"IOTHUB_CLIENT_CONFIRMATION_OK"
11448,10409061326,10409061380,1,"IOTHUB_CLIENT_CONFIRMATION_OK"
11449,10409061526,10409061581,1,"IOTHUB_CLIENT_CONFIRMATION_OK"
11450,10409061726,10409061793,1,"IOTHUB_CLIENT_CONFIRMATION_OK"
11451,10409061926,10409061968,1,"IOTHUB_CLIENT_CONFIRMATION_OK"
11452,10409062126,10409062167,1,"IOTHUB_CLIENT_CONFIRMATION_OK"
11453,10409062326,10409062445,1,"IOTHUB_CLIENT_CONFIRMATION_OK"
11454,10409062527,10409062571,1,"IOTHUB_CLIENT_CONFIRMATION_OK"
11455,10409062727,10409062769,1,"IOTHUB_CLIENT_CONFIRMATION_OK"
11456,10409062927,10409063089,1,"IOTHUB_CLIENT_CONFIRMATION_OK"
11457,10409063127,10409063173,1,"IOTHUB_CLIENT_CONFIRMATION_OK"
11458,10409063327,10409063380,1,"IOTHUB_CLIENT_CONFIRMATION_OK"
11459,10409063527,10409063703,1,"IOTHUB_CLIENT_CONFIRMATION_OK"
11460,10409063728,10409063782,1,"IOTHUB_CLIENT_CONFIRMATION_OK"
11461,10409063928,10409063961,1,"IOTHUB_CLIENT_CONFIRMATION_OK"
11462,10409064128,10409064175,1,"IOTHUB_CLIENT_CONFIRMATION_OK"
11463,10409064328,10409064395,1,"IOTHUB_CLIENT_CONFIRMATION_OK"
11464,10409064528,10409064623,1,"IOTHUB_CLIENT_CONFIRMATION_OK"
11465,10409064728,10409064767,1,"IOTHUB_CLIENT_CONFIRMATION_OK"
11466,10409064928,10409065060,1,"IOTHUB_CLIENT_CONFIRMATION_OK"
11467,10409065129,10409065171,1,"IOTHUB_CLIENT_CONFIRMATION_OK"
11468,10409065329,10409065375,1,"IOTHUB_CLIENT_CONFIRMATION_OK"
11469,10409065529,10409065577,1,"IOTHUB_CLIENT_CONFIRMATION_OK"
11470,10409065729,10409065773,1,"IOTHUB_CLIENT_CONFIRMATION_OK"
11471,10409065929,10409065986,1,"IOTHUB_CLIENT_CONFIRMATION_OK"
11472,10409066129,10409066206,1,"IOTHUB_CLIENT_CONFIRMATION_OK"
11473,10409066330,10409066379,1,"IOTHUB_CLIENT_CONFIRMATION_OK"
11474,10409066530,10409066598,1,"IOTHUB_CLIENT_CONFIRMATION_OK"
11475,10409066730,10409066806,1,"IOTHUB_CLIENT_CONFIRMATION_OK"
11476,10409066930,10409067104,1,"IOTHUB_CLIENT_CONFIRMATION_OK"
11477,10409067130,10409067185,1,"IOTHUB_CLIENT_CONFIRMATION_OK"
11478,10409067330,10409067381,1,"IOTHUB_CLIENT_CONFIRMATION_OK"
11479,10409067530,10409067737,1,"IOTHUB_CLIENT_CONFIRMATION_OK"
11480,10409067731,10409067782,1,"IOTHUB_CLIENT_CONFIRMATION_OK"
11481,10409067931,10409067975,1,"IOTHUB_CLIENT_CONFIRMATION_OK"
11482,10409068131,10409068190,1,"IOTHUB_CLIENT_CONFIRMATION_OK"
11483,10409068331,10409068402,1,"IOTHUB_CLIENT_CONFIRMATION_OK"
11484,10409068531,10409068577,1,"IOTHUB_CLIENT_CONFIRMATION_OK"
11485,10409068731,10409068765,1,"IOTHUB_CLIENT_CONFIRMATION_OK"
11486,10409068932,10409068976,1,"IOTHUB_CLIENT_CONFIRMATION_OK"
11487,10409069132,10409069182,1,"IOTHUB_CLIENT_CONFIRMATION_OK"
11488,10409069332,10409069375,1,"IOTHUB_CLIENT_CONFIRMATION_OK"
11489,10409069532,10409069581,1,"IOTHUB_CLIENT_CONFIRMATION_OK"
11490,10409069732,10409069781,1,"IOTHUB_CLIENT_CONFIRMATION_OK"
11491,10409069932,10409069974,1,"IOTHUB_CLIENT_CONFIRMATION_OK"
11492,10409070132,10409070197,1,"IOTHUB_CLIENT_CONFIRMATION_OK"
11493,10409070333,10409070482,1,"IOTHUB_CLIENT_CONFIRMATION_OK"
11494,10409070533,10409070574,1,"IOTHUB_CLIENT_CONFIRMATION_OK"
11495,10409070733,10409070775,1,"IOTHUB_CLIENT_CONFIRMATION_OK"
11496,10409070933,10409071049,1,"IOTHUB_CLIENT_CONFIRMATION_OK"
11497,10409071133,10409071189,1,"IOTHUB_CLIENT_CONFIRMATION_OK"
11498,10409071333,10409071411,1,"IOTHUB_CLIENT_CONFIRMATION_OK"
11499,10409071534,10409071638,1,"IOTHUB_CLIENT_CONFIRMATION_OK"
11500,10409071734,10409071803,1,"IOTHUB_CLIENT_CONFIRMATION_OK"
11501,10409071934,10409071991,1,"IOTHUB_CLIENT_CONFIRMATION_OK"
11502,10409072134,10409072176,1,"IOTHUB_CLIENT_CONFIRMATION_OK"
11503,10409072334,10409072374,1,"IOTHUB_CLIENT_CONFIRMATION_OK"
11504,10409072534,10409072586,1,"IOTHUB_CLIENT_CONFIRMATION_OK"
11505,10409072735,10409072777,1,"IOTHUB_CLIENT_CONFIRMATION_OK"
11506,10409072935,10409073058,1,"IOTHUB_CLIENT_CONFIRMATION_OK"
11507,10409073135,10409073184,1,"IOTHUB_CLIENT_CONFIRMATION_OK"
11508,10409073335,10409073451,1,"IOTHUB_CLIENT_CONFIRMATION_OK"
11509,10409073535,10409073697,1,"IOTHUB_CLIENT_CONFIRMATION_OK"
11510,10409073735,10409073788,1,"IOTHUB_CLIENT_CONFIRMATION_OK"
11511,10409073935,10409073990,1,"IOTHUB_CLIENT_CONFIRMATION_OK"
11512,10409074136,10409074183,1,"IOTHUB_CLIENT_CONFIRMATION_OK"
11513,10409074336,10409074378,1,"IOTHUB_CLIENT_CONFIRMATION_OK"
11514,10409074536,10409074581,1,"IOTHUB_CLIENT_CONFIRMATION_OK"
11515,10409074736,10409074793,1,"IOTHUB_CLIENT_CONFIRMATION_OK"
11516,10409074936,10409074987,1,"IOTHUB_CLIENT_CONFIRMATION_OK"
11517,10409075136,10409075180,1,"IOTHUB_CLIENT_CONFIRMATION_OK"
11518,10409075337,10409075384,1,"IOTHUB_CLIENT_CONFIRMATION_OK"
11519,10409075537,10409075728,1,"IOTHUB_CLIENT_CONFIRMATION_OK"
11520,10409075737,10409075797,1,"IOTHUB_CLIENT_CONFIRMATION_OK"
11521,10409075937,10409075981,1,"IOTHUB_CLIENT_CONFIRMATION_OK"
11522,10409076137,10409076246,1,"IOTHUB_CLIENT_CONFIRMATION_OK"
11523,10409076337,10409076419,1,"IOTHUB_CLIENT_CONFIRMATION_OK"
11524,10409076538,10409076605,1,"IOTHUB_CLIENT_CONFIRMATION_OK"
11525,10409076738,10409076795,1,"IOTHUB_CLIENT_CONFIRMATION_OK"
11526,10409076938,10409076984,1,"IOTHUB_CLIENT_CONFIRMATION_OK"
11527,10409077138,10409077182,1,"IOTHUB_CLIENT_CONFIRMATION_OK"
11528,10409077338,10409077396,1,"IOTHUB_CLIENT_CONFIRMATION_OK"
11529,10409077538,10409077599,1,"IOTHUB_CLIENT_CONFIRMATION_OK"
11530,10409077738,10409077783,1,"IOTHUB_CLIENT_CONFIRMATION_OK"
11531,10409077939,10409077984,1,"IOTHUB_CLIENT_CONFIRMATION_OK"
11532,10409078139,10409078185,1,"IOTHUB_CLIENT_CONFIRMATION_OK"
11533,10409078339,10409078429,1,"IOTHUB_CLIENT_CONFIRMATION_OK"
11534,10409078539,10409078600,1,"IOTHUB_CLIENT_CONFIRMATION_OK"
11535,10409078739,10409078788,1,"IOTHUB_CLIENT_CONFIRMATION_OK"
11536,10409078939,10409079032,1,"IOTHUB_CLIENT_CONFIRMATION_OK"
11537,10409079140,10409079201,1,"IOTHUB_CLIENT_CONFIRMATION_OK"
11538,10409079340,10409079386,1,"IOTHUB_CLIENT_CONFIRMATION_OK"
11539,10409079540,10409079809,1,"IOTHUB_CLIENT_CONFIRMATION_OK"
11540,10409079740,10409079867,1,"IOTHUB_CLIENT_CONFIRMATION_OK"
11541,10409079940,10409080036,1,"IOTHUB_CLIENT_CONFIRMATION_OK"
11542,10409080140,10409080192,1,"IOTHUB_CLIENT_CONFIRMATION_OK"
11543,10409080340,10409080395,1,"IOTHUB_CLIENT_CONFIRMATION_OK"
11544,10409080541,10409080593,1,"IOTHUB_CLIENT_CONFIRMATION_OK"
11545,10409080741,10409080781,1,"IOTHUB_CLIENT_CONFIRMATION_OK"
11546,10409080941,10409081083,1,"IOTHUB_CLIENT_CONFIRMATION_OK"
11547,10409081141,10409081190,1,"IOTHUB_CLIENT_CONFIRMATION_OK"
11548,10409081341,10409081388,1,"IOTHUB_CLIENT_CONFIRMATION_OK"
11549,10409081541,10409081693,1,"IOTHUB_CLIENT_CONFIRMATION_OK"
11550,10409081742,10409081787,1,"IOTHUB_CLIENT_CONFIRMATION_OK"
11551,10409081942,10409081981,1,"IOTHUB_CLIENT_CONFIRMATION_OK"
11552,10409082142,10409082188,1,"IOTHUB_CLIENT_CONFIRMATION_OK"
11553,10409082342,10409082397,1,"IOTHUB_CLIENT_CONFIRMATION_OK"
11554,10409082542,10409082582,1,"IOTHUB_CLIENT_CONFIRMATION_OK"
11555,10409082742,10409082794,1,"IOTHUB_CLIENT_CONFIRMATION_OK"
11556,10409082943,10409082992,1,"IOTHUB_CLIENT_CONFIRMATION_OK"
11557,10409083143,10409083219,1,"IOTHUB_CLIENT_CONFIRMATION_OK"
11558,10409083343,10409083406,1,"IOTHUB_CLIENT_CONFIRMATION_OK"
11559,10409083543,10409083889,1,"IOTHUB_CLIENT_CONFIRMATION_OK"
11560,10409083743,10409083916,1,"IOTHUB_CLIENT_CONFIRMATION_OK"
11561,10409083943,10409083995,1,"IOTHUB_CLIENT_CONFIRMATION_OK"
11562,10409084144,10409084197,1,"IOTHUB_CLIENT_CONFIRMATION_OK"
11563,10409084344,10409084429,1,"IOTHUB_CLIENT_CONFIRMATION_OK"
11564,10409084544,10409084582,1,"IOTHUB_CLIENT_CONFIRMATION_OK"
11565,10409084744,10409084781,1,"IOTHUB_CLIENT_CONFIRMATION_OK"
11566,10409084944,10409085095,1,"IOTHUB_CLIENT_CONFIRMATION_OK"
11567,10409085144,10409085187,1,"IOTHUB_CLIENT_CONFIRMATION_OK"
11568,10409085344,10409085390,1,"IOTHUB_CLIENT_CONFIRMATION_OK"
11569,10409085545,10409085793,1,"IOTHUB_CLIENT_CONFIRMATION_OK"
11570,10409085745,10409085836,1,"IOTHUB_CLIENT_CONFIRMATION_OK"
11571,10409085945,10409085984,1,"IOTHUB_CLIENT_CONFIRMATION_OK"
11572,10409086145,10409086224,1,"IOTHUB_CLIENT_CONFIRMATION_OK"
11573,10409086345,10409086434,1,"IOTHUB_CLIENT_CONFIRMATION_OK"
11574,10409086545,10409086604,1,"IOTHUB_CLIENT_CONFIRMATION_OK"
11575,10409086746,10409086785,1,"IOTHUB_CLIENT_CONFIRMATION_OK"
11576,10409086946,10409087040,1,"IOTHUB_CLIENT_CONFIRMATION_OK"
11577,10409087146,10409087207,1,"IOTHUB_CLIENT_CONFIRMATION_OK"
11578,10409087346,10409087395,1,"IOTHUB_CLIENT_CONFIRMATION_OK"
11579,10409087546,10409087633,1,"IOTHUB_CLIENT_CONFIRMATION_OK"
11580,10409087746,10409087799,1,"IOTHUB_CLIENT_CONFIRMATION_OK"
11581,10409087946,10409087998,1,"IOTHUB_CLIENT_CONFIRMATION_OK"
11582,10409088147,10409088202,1,"IOTHUB_CLIENT_CONFIRMATION_OK"
11583,10409088347,10409088396,1,"IOTHUB_CLIENT_CONFIRMATION_OK"
11584,10409088547,10409088588,1,"IOTHUB_CLIENT_CONFIRMATION_OK"
11585,10409088747,10409088808,1,"IOTHUB_CLIENT_CONFIRMATION_OK"
11586,10409088947,10409089086,1,"IOTHUB_CLIENT_CONFIRMATION_OK"
11587,10409089147,10409089249,1,"IOTHUB_CLIENT_CONFIRMATION_OK"
11588,10409089348,10409089390,1,"IOTHUB_CLIENT_CONFIRMATION_OK"
11589,10409089548,10409089682,1,"IOTHUB_CLIENT_CONFIRMATION_OK"
11590,10409089748,10409089798,1,"IOTHUB_CLIENT_CONFIRMATION_OK"
11591,10409089948,10409090001,1,"IOTHUB_CLIENT_CONFIRMATION_OK"
11592,10409090148,10409090189,1,"IOTHUB_CLIENT_CONFIRMATION_OK"
11593,10409090348,10409090397,1,"IOTHUB_CLIENT_CONFIRMATION_OK"
11594,10409090548,10409090596,1,"IOTHUB_CLIENT_CONFIRMATION_OK"
11595,10409090749,10409090791,1,"IOTHUB_CLIENT_CONFIRMATION_OK"
11596,10409090949,10409091007,1,"IOTHUB_CLIENT_CONFIRMATION_OK"
11597,10409091149,10409091245,1,"IOTHUB_CLIENT_CONFIRMATION_OK"
11598,10409091349,10409091394,1,"IOTHUB_CLIENT_CONFIRMATION_OK"
11599,10409091549,10409091592,1,"IOTHUB_CLIENT_CONFIRMATION_OK"
11600,10409091749,10409091795,1,"IOTHUB_CLIENT_CONFIRMATION_OK"
11601,10409091950,10409092001,1,"IOTHUB_CLIENT_CONFIRMATION_OK"
11602,10409092150,10409092204,1,"IOTHUB_CLIENT_CONFIRMATION_OK"
11603,10409092350,10409092408,1,"IOTHUB_CLIENT_CONFIRMATION_OK"
11604,10409092550,10409092586,1,"IOTHUB_CLIENT_CONFIRMATION_OK"
11605,10409092750,10409092794,1,"IOTHUB_CLIENT_CONFIRMATION_OK"
11606,10409092950,10409093018,1,"IOTHUB_CLIENT_CONFIRMATION_OK"
11607,10409093150,10409093207,1,"IOTHUB_CLIENT_CONFIRMATION_OK"
11608,10409093351,10409093395,1,"IOTHUB_CLIENT_CONFIRMATION_OK"
11609,10409093551,10409093726,1,"IOTHUB_CLIENT_CONFIRMATION_OK"
11610,10409093751,10409093793,1,"IOTHUB_CLIENT_CONFIRMATION_OK"
11611,10409093951,10409094015,1,"IOTHUB_CLIENT_CONFIRMATION_OK"
11612,10409094151,10409094193,1,"IOTHUB_CLIENT_CONFIRMATION_OK"
11613,10409094351,10409094408,1,"IOTHUB_CLIENT_CONFIRMATION_OK"
11614,10409094552,10409094602,1,"IOTHUB_CLIENT_CONFIRMATION_OK"
11615,10409094752,10409094859,1,"IOTHUB_CLIENT_CONFIRMATION_OK"
11616,10409094952,10409095000,1,"IOTHUB_CLIENT_CONFIRMATION_OK"
11617,10409095152,10409095199,1,"IOTHUB_CLIENT_CONFIRMATION_OK"
11618,10409095352,10409095402,1,"IOTHUB_CLIENT_CONFIRMATION_OK"
11619,10409095552,10409095834,1,"IOTHUB_CLIENT_CONFIRMATION_OK"
11620,10409095753,10409095896,1,"IOTHUB_CLIENT_CONFIRMATION_OK"
11621,10409095953,10409095991,1,"IOTHUB_CLIENT_CONFIRMATION_OK"
11622,10409096153,10409096184,1,"IOTHUB_CLIENT_CONFIRMATION_OK"
11623,10409096353,10409096394,1,"IOTHUB_CLIENT_CONFIRMATION_OK"
11624,10409096553,10409096647,1,"IOTHUB_CLIENT_CONFIRMATION_OK"
11625,10409096753,10409096791,1,"IOTHUB_CLIENT_CONFIRMATION_OK"
11626,10409096953,10409097028,1,"IOTHUB_CLIENT_CONFIRMATION_OK"
11627,10409097154,10409097200,1,"IOTHUB_CLIENT_CONFIRMATION_OK"
11628,10409097354,10409097397,1,"IOTHUB_CLIENT_CONFIRMATION_OK"
11629,10409097554,10409097611,1,"IOTHUB_CLIENT_CONFIRMATION_OK"
11630,10409097754,10409097797,1,"IOTHUB_CLIENT_CONFIRMATION_OK"
11631,10409097954,10409097995,1,"IOTHUB_CLIENT_CONFIRMATION_OK"
11632,10409098154,10409098190,1,"IOTHUB_CLIENT_CONFIRMATION_OK"
11633,10409098355,10409098430,1,"IOTHUB_CLIENT_CONFIRMATION_OK"
11634,10409098555,10409098594,1,"IOTHUB_CLIENT_CONFIRMATION_OK"
11635,10409098755,10409098806,1,"IOTHUB_CLIENT_CONFIRMATION_OK"
11636,10409098955,10409099045,1,"IOTHUB_CLIENT_CONFIRMATION_OK"
11637,10409099155,10409099201,1,"IOTHUB_CLIENT_CONFIRMATION_OK"
11638,10409099355,10409099427,1,"IOTHUB_CLIENT_CONFIRMATION_OK"
11639,10409099556,10409099660,1,"IOTHUB_CLIENT_CONFIRMATION_OK"
11640,10409099756,10409099804,1,"IOTHUB_CLIENT_CONFIRMATION_OK"
11641,10409099956,10409099999,1,"IOTHUB_CLIENT_CONFIRMATION_OK"
11642,10409100156,10409100202,1,"IOTHUB_CLIENT_CONFIRMATION_OK"
11643,10409100356,10409100451,1,"IOTHUB_CLIENT_CONFIRMATION_OK"
11644,10409100556,10409100612,1,"IOTHUB_CLIENT_CONFIRMATION_OK"
11645,10409100756,10409100828,1,"IOTHUB_CLIENT_CONFIRMATION_OK"
11646,10409100957,10409101106,1,"IOTHUB_CLIENT_CONFIRMATION_OK"
11647,10409101157,10409101200,1,"IOTHUB_CLIENT_CONFIRMATION_OK"
11648,10409101357,10409101409,1,"IOTHUB_CLIENT_CONFIRMATION_OK"
11649,10409101557,10409101700,1,"IOTHUB_CLIENT_CONFIRMATION_OK"
11650,10409101757,10409101810,1,"IOTHUB_CLIENT_CONFIRMATION_OK"
11651,10409101957,10409102024,1,"IOTHUB_CLIENT_CONFIRMATION_OK"
11652,10409102158,10409102211,1,"IOTHUB_CLIENT_CONFIRMATION_OK"
11653,10409102358,10409102417,1,"IOTHUB_CLIENT_CONFIRMATION_OK"
11654,10409102558,10409102625,1,"IOTHUB_CLIENT_CONFIRMATION_OK"
11655,10409102758,10409102806,1,"IOTHUB_CLIENT_CONFIRMATION_OK"
11656,10409102958,10409103005,1,"IOTHUB_CLIENT_CONFIRMATION_OK"
11657,10409103158,10409103203,1,"IOTHUB_CLIENT_CONFIRMATION_OK"
11658,10409103358,10409103428,1,"IOTHUB_CLIENT_CONFIRMATION_OK"
11659,10409103559,10409103770,1,"IOTHUB_CLIENT_CONFIRMATION_OK"
11660,10409103759,10409103810,1,"IOTHUB_CLIENT_CONFIRMATION_OK"
11661,10409103959,10409104107,1,"IOTHUB_CLIENT_CONFIRMATION_OK"
11662,10409104159,10409104207,1,"IOTHUB_CLIENT_CONFIRMATION_OK"
11663,10409104359,10409104423,1,"IOTHUB_CLIENT_CONFIRMATION_OK"
11664,10409104559,10409104601,1,"IOTHUB_CLIENT_CONFIRMATION_OK"
11665,10409104759,10409104806,1,"IOTHUB_CLIENT_CONFIRMATION_OK"
11666,10409104960,10409105131,1,"IOTHUB_CLIENT_CONFIRMATION_OK"
11667,10409105160,10409105222,1,"IOTHUB_CLIENT_CONFIRMATION_OK"
11668,10409105360,10409105401,1,"IOTHUB_CLIENT_CONFIRMATION_OK"
11669,10409105560,10409105776,1,"IOTHUB_CLIENT_CONFIRMATION_OK"
11670,10409105760,10409105807,1,"IOTHUB_CLIENT_CONFIRMATION_OK"
11671,10409105960,10409106032,1,"IOTHUB_CLIENT_CONFIRMATION_OK"
11672,10409106161,10409106215,1,"IOTHUB_CLIENT_CONFIRMATION_OK"
11673,10409106361,10409106400,1,"IOTHUB_CLIENT_CONFIRMATION_OK"
11674,10409106561,10409106609,1,"IOTHUB_CLIENT_CONFIRMATION_OK"
11675,10409106761,10409106806,1,"IOTHUB_CLIENT_CONFIRMATION_OK"
11676,10409106961,10409107008,1,"IOTHUB_CLIENT_CONFIRMATION_OK"
11677,10409107161,10409107203,1,"IOTHUB_CLIENT_CONFIRMATION_OK"
11678,10409107361,10409107404,1,"IOTHUB_CLIENT_CONFIRMATION_OK"
11679,10409107562,10409107791,1,"IOTHUB_CLIENT_CONFIRMATION_OK"
11680,10409107762,10409107824,1,"IOTHUB_CLIENT_CONFIRMATION_OK"
11681,10409107962,10409107999,1,"IOTHUB_CLIENT_CONFIRMATION_OK"
11682,10409108162,10409108267,1,"IOTHUB_CLIENT_CONFIRMATION_OK"
11683,10409108362,10409108416,1,"IOTHUB_CLIENT_CONFIRMATION_OK"
11684,10409108562,10409108603,1,"IOTHUB_CLIENT_CONFIRMATION_OK"
11685,10409108762,10409108852,1,"IOTHUB_CLIENT_CONFIRMATION_OK"
11686,10409108963,10409109029,1,"IOTHUB_CLIENT_CONFIRMATION_OK"
11687,10409109163,10409109230,1,"IOTHUB_CLIENT_CONFIRMATION_OK"
11688,10409109363,10409109407,1,"IOTHUB_CLIENT_CONFIRMATION_OK"
11689,10409109563,10409109716,1,"IOTHUB_CLIENT_CONFIRMATION_OK"
11690,10409109763,10409109810,1,"IOTHUB_CLIENT_CONFIRMATION_OK"
11691,10409109963,10409110006,1,"IOTHUB_CLIENT_CONFIRMATION_OK"
11692,10409110164,10409110247,1,"IOTHUB_CLIENT_CONFIRMATION_OK"
11693,10409110364,10409110426,1,"IOTHUB_CLIENT_CONFIRMATION_OK"
11694,10409110564,10409110601,1,"IOTHUB_CLIENT_CONFIRMATION_OK"
11695,10409110764,10409110817,1,"IOTHUB_CLIENT_CONFIRMATION_OK"
11696,10409110964,10409111104,1,"IOTHUB_CLIENT_CONFIRMATION_OK"
11697,10409111164,10409111285,1,"IOTHUB_CLIENT_CONFIRMATION_OK"
11698,10409111364,10409111407,1,"IOTHUB_CLIENT_CONFIRMATION_OK"
11699,10409111565,10409111717,1,"IOTHUB_CLIENT_CONFIRMATION_OK"
11700,10409111765,10409111822,1,"IOTHUB_CLIENT_CONFIRMATION_OK"
11701,10409111965,10409112040,1,"IOTHUB_CLIENT_CONFIRMATION_OK"
11702,10409112165,10409112212,1,"IOTHUB_CLIENT_CONFIRMATION_OK"
11703,10409112365,10409112419,1,"IOTHUB_CLIENT_CONFIRMATION_OK"
11704,10409112565,10409112612,1,"IOTHUB_CLIENT_CONFIRMATION_OK"
11705,10409112766,10409112814,1,"IOTHUB_CLIENT_CONFIRMATION_OK"
11706,10409112966,10409113153,1,"IOTHUB_CLIENT_CONFIRMATION_OK"
11707,10409113166,10409113223,1,"IOTHUB_CLIENT_CONFIRMATION_OK"
11708,10409113366,10409113429,1,"IOTHUB_CLIENT_CONFIRMATION_OK"
11709,10409113566,10409113763,1,"IOTHUB_CLIENT_CONFIRMATION_OK"
11710,10409113766,10409113809,1,"IOTHUB_CLIENT_CONFIRMATION_OK"
11711,10409113967,10409114021,1,"IOTHUB_CLIENT_CONFIRMATION_OK"
11712,10409114167,10409114223,1,"IOTHUB_CLIENT_CONFIRMATION_OK"
11713,10409114367,10409114410,1,"IOTHUB_CLIENT_CONFIRMATION_OK"
11714,10409114567,10409114886,1,"IOTHUB_CLIENT_CONFIRMATION_OK"
11715,10409114767,10409114966,1,"IOTHUB_CLIENT_CONFIRMATION_OK"
11716,10409114967,10409115092,1,"IOTHUB_CLIENT_CONFIRMATION_OK"
11717,10409115168,10409115225,1,"IOTHUB_CLIENT_CONFIRMATION_OK"
11718,10409115368,10409115407,1,"IOTHUB_CLIENT_CONFIRMATION_OK"
11719,10409115568,10409115688,1,"IOTHUB_CLIENT_CONFIRMATION_OK"
11720,10409115768,10409115815,1,"IOTHUB_CLIENT_CONFIRMATION_OK"
11721,10409115968,10409116017,1,"IOTHUB_CLIENT_CONFIRMATION_OK"
11722,10409116168,10409116218,1,"IOTHUB_CLIENT_CONFIRMATION_OK"
11723,10409116369,10409116415,1,"IOTHUB_CLIENT_CONFIRMATION_OK"
11724,10409116569,10409116617,1,"IOTHUB_CLIENT_CONFIRMATION_OK"
11725,10409116769,10409116811,1,"IOTHUB_CLIENT_CONFIRMATION_OK"
11726,10409116969,10409117196,1,"IOTHUB_CLIENT_CONFIRMATION_OK"
11727,10409117169,10409117272,1,"IOTHUB_CLIENT_CONFIRMATION_OK"
11728,10409117369,10409117422,1,"IOTHUB_CLIENT_CONFIRMATION_OK"
11729,10409117570,10409117703,1,"IOTHUB_CLIENT_CONFIRMATION_OK"
11730,10409117770,10409117862,1,"IOTHUB_CLIENT_CONFIRMATION_OK"
11731,10409117970,10409118029,1,"IOTHUB_CLIENT_CONFIRMATION_OK"
11732,10409118170,10409118217,1,"IOTHUB_CLIENT_CONFIRMATION_OK"
11733,10409118370,10409118418,1,"IOTHUB_CLIENT_CONFIRMATION_OK"
11734,10409118570,10409118641,1,"IOTHUB_CLIENT_CONFIRMATION_OK"
11735,10409118771,10409118814,1,"IOTHUB_CLIENT_CONFIRMATION_OK"
11736,10409118971,10409119009,1,"IOTHUB_CLIENT_CONFIRMATION_OK"
11737,10409119171,10409119226,1,"IOTHUB_CLIENT_CONFIRMATION_OK"
11738,10409119371,10409119411,1,"IOTHUB_CLIENT_CONFIRMATION_OK"
11739,10409119571,10409119771,1,"IOTHUB_CLIENT_CONFIRMATION_OK"
11740,10409119771,10409119813,1,"IOTHUB_CLIENT_CONFIRMATION_OK"
11741,10409119971,10409120010,1,"IOTHUB_CLIENT_CONFIRMATION_OK"
11742,10409120172,10409120251,1,"IOTHUB_CLIENT_CONFIRMATION_OK"
11743,10409120372,10409120417,1,"IOTHUB_CLIENT_CONFIRMATION_OK"
11744,10409120572,10409120664,1,"IOTHUB_CLIENT_CONFIRMATION_OK"
11745,10409120772,10409120823,1,"IOTHUB_CLIENT_CONFIRMATION_OK"
11746,10409120972,10409121094,1,"IOTHUB_CLIENT_CONFIRMATION_OK"
11747,10409121172,10409121218,1,"IOTHUB_CLIENT_CONFIRMATION_OK"
11748,10409121373,10409121408,1,"IOTHUB_CLIENT_CONFIRMATION_OK"
11749,10409121573,10409121698,1,"IOTHUB_CLIENT_CONFIRMATION_OK"
11750,10409121773,10409121814,1,"IOTHUB_CLIENT_CONFIRMATION_OK"
11751,10409121973,10409122048,1,"IOTHUB_CLIENT_CONFIRMATION_OK"
11752,10409122173,10409122224,1,"IOTHUB_CLIENT_CONFIRMATION_OK"
11753,10409122373,10409122420,1,"IOTHUB_CLIENT_CONFIRMATION_OK"
11754,10409122573,10409122650,1,"IOTHUB_CLIENT_CONFIRMATION_OK"
11755,10409122774,10409122837,1,"IOTHUB_CLIENT_CONFIRMATION_OK"
11756,10409122974,10409123029,1,"IOTHUB_CLIENT_CONFIRMATION_OK"
11757,10409123174,10409123216,1,"IOTHUB_CLIENT_CONFIRMATION_OK"
11758,10409123374,10409123446,1,"IOTHUB_CLIENT_CONFIRMATION_OK"
11759,10409123574,10409123787,1,"IOTHUB_CLIENT_CONFIRMATION_OK"
11760,10409123774,10409123821,1,"IOTHUB_CLIENT_CONFIRMATION_OK"
11761,10409123975,10409124024,1,"IOTHUB_CLIENT_CONFIRMATION_OK"
11762,10409124175,10409124211,1,"IOTHUB_CLIENT_CONFIRMATION_OK"
11763,10409124375,10409124425,1,"IOTHUB_CLIENT_CONFIRMATION_OK"
11764,10409124575,10409124616,1,"IOTHUB_CLIENT_CONFIRMATION_OK"
11765,10409124775,10409124841,1,"IOTHUB_CLIENT_CONFIRMATION_OK"
11766,10409124975,10409125031,1,"IOTHUB_CLIENT_CONFIRMATION_OK"
11767,10409125176,10409125219,1,"IOTHUB_CLIENT_CONFIRMATION_OK"
11768,10409125376,10409125416,1,"IOTHUB_CLIENT_CONFIRMATION_OK"
11769,10409125576,10409125805,1,"IOTHUB_CLIENT_CONFIRMATION_OK"
11770,10409125776,10409125838,1,"IOTHUB_CLIENT_CONFIRMATION_OK"
11771,10409125976,10409126018,1,"IOTHUB_CLIENT_CONFIRMATION_OK"
11772,10409126176,10409126212,1,"IOTHUB_CLIENT_CONFIRMATION_OK"
11773,10409126376,10409126427,1,"IOTHUB_CLIENT_CONFIRMATION_OK"
11774,10409126577,10409126614,1,"IOTHUB_CLIENT_CONFIRMATION_OK"
11775,10409126777,10409126823,1,"IOTHUB_CLIENT_CONFIRMATION_OK"
11776,10409126977,10409127078,1,"IOTHUB_CLIENT_CONFIRMATION_OK"
11777,10409127177,10409127230,1,"IOTHUB_CLIENT_CONFIRMATION_OK"
11778,10409127377,10409127421,1,"IOTHUB_CLIENT_CONFIRMATION_OK"
11779,10409127577,10409127736,1,"IOTHUB_CLIENT_CONFIRMATION_OK"
11780,10409127777,10409127848,1,"IOTHUB_CLIENT_CONFIRMATION_OK"
11781,10409127978,10409128027,1,"IOTHUB_CLIENT_CONFIRMATION_OK"
11782,10409128178,10409128230,1,"IOTHUB_CLIENT_CONFIRMATION_OK"
11783,10409128378,10409128430,1,"IOTHUB_CLIENT_CONFIRMATION_OK"
11784,10409128578,10409128635,1,"IOTHUB_CLIENT_CONFIRMATION_OK"
11785,10409128778,10409128823,1,"IOTHUB_CLIENT_CONFIRMATION_OK"
11786,10409128978,10409129020,1,"IOTHUB_CLIENT_CONFIRMATION_OK"
11787,10409129179,10409129219,1,"IOTHUB_CLIENT_CONFIRMATION_OK"
11788,10409129379,10409129433,1,"IOTHUB_CLIENT_CONFIRMATION_OK"
11789,10409129579,10409129803,1,"IOTHUB_CLIENT_CONFIRMATION_OK"
11790,10409129779,10409129831,1,"IOTHUB_CLIENT_CONFIRMATION_OK"
11791,10409129979,10409130046,1,"IOTHUB_CLIENT_CONFIRMATION_OK"
11792,10409130179,10409130219,1,"IOTHUB_CLIENT_CONFIRMATION_OK"
11793,10409130379,10409130431,1,"IOTHUB_CLIENT_CONFIRMATION_OK"
11794,10409130580,10409130623,1,"IOTHUB_CLIENT_CONFIRMATION_OK"
11795,10409130780,10409130822,1,"IOTHUB_CLIENT_CONFIRMATION_OK"
11796,10409130980,10409131027,1,"IOTHUB_CLIENT_CONFIRMATION_OK"
11797,10409131180,10409131218,1,"IOTHUB_CLIENT_CONFIRMATION_OK"
11798,10409131380,10409131423,1,"IOTHUB_CLIENT_CONFIRMATION_OK"
11799,10409131580,10409131632,1,"IOTHUB_CLIENT_CONFIRMATION_OK"
11800,10409131781,10409131827,1,"IOTHUB_CLIENT_CONFIRMATION_OK"
11801,10409131981,10409132030,1,"IOTHUB_CLIENT_CONFIRMATION_OK"
11802,10409132181,10409132220,1,"IOTHUB_CLIENT_CONFIRMATION_OK"
11803,10409132381,10409132484,1,"IOTHUB_CLIENT_CONFIRMATION_OK"
11804,10409132581,10409132624,1,"IOTHUB_CLIENT_CONFIRMATION_OK"
11805,10409132781,10409132833,1,"IOTHUB_CLIENT_CONFIRMATION_OK"
11806,10409132982,10409133081,1,"IOTHUB_CLIENT_CONFIRMATION_OK"
11807,10409133182,10409133222,1,"IOTHUB_CLIENT_CONFIRMATION_OK"
11808,10409133382,10409133424,1,"IOTHUB_CLIENT_CONFIRMATION_OK"
11809,10409133582,10409133709,1,"IOTHUB_CLIENT_CONFIRMATION_OK"
11810,10409133782,10409133825,1,"IOTHUB_CLIENT_CONFIRMATION_OK"
11811,10409133982,10409134039,1,"IOTHUB_CLIENT_CONFIRMATION_OK"
11812,10409134183,10409134230,1,"IOTHUB_CLIENT_CONFIRMATION_OK"
11813,10409134383,10409134430,1,"IOTHUB_CLIENT_CONFIRMATION_OK"
11814,10409134583,10409134626,1,"IOTHUB_CLIENT_CONFIRMATION_OK"
11815,10409134783,10409134828,1,"IOTHUB_CLIENT_CONFIRMATION_OK"
11816,10409134983,10409135026,1,"IOTHUB_CLIENT_CONFIRMATION_OK"
11817,10409135183,10409135245,1,"IOTHUB_CLIENT_CONFIRMATION_OK"
11818,10409135384,10409135428,1,"IOTHUB_CLIENT_CONFIRMATION_OK"
11819,10409135584,10409135766,1,"IOTHUB_CLIENT_CONFIRMATION_OK"
11820,10409135784,10409135822,1,"IOTHUB_CLIENT_CONFIRMATION_OK"
11821,10409135984,10409136046,1,"IOTHUB_CLIENT_CONFIRMATION_OK"
11822,10409136184,10409136234,1,"IOTHUB_CLIENT_CONFIRMATION_OK"
11823,10409136384,10409136429,1,"IOTHUB_CLIENT_CONFIRMATION_OK"
11824,10409136584,10409136631,1,"IOTHUB_CLIENT_CONFIRMATION_OK"
11825,10409136785,10409136844,1,"IOTHUB_CLIENT_CONFIRMATION_OK"
11826,10409136985,10409137027,1,"IOTHUB_CLIENT_CONFIRMATION_OK"
11827,10409137185,10409137248,1,"IOTHUB_CLIENT_CONFIRMATION_OK"
11828,10409137385,10409137432,1,"IOTHUB_CLIENT_CONFIRMATION_OK"
11829,10409137585,10409137639,1,"IOTHUB_CLIENT_CONFIRMATION_OK"
11830,10409137785,10409137833,1,"IOTHUB_CLIENT_CONFIRMATION_OK"
11831,10409137986,10409138052,1,"IOTHUB_CLIENT_CONFIRMATION_OK"
11832,10409138186,10409138246,1,"IOTHUB_CLIENT_CONFIRMATION_OK"
11833,10409138386,10409138457,1,"IOTHUB_CLIENT_CONFIRMATION_OK"
11834,10409138586,10409138627,1,"IOTHUB_CLIENT_CONFIRMATION_OK"
11835,10409138786,10409138849,1,"IOTHUB_CLIENT_CONFIRMATION_OK"
11836,10409138986,10409139106,1,"IOTHUB_CLIENT_CONFIRMATION_OK"
11837,10409139187,10409139241,1,"IOTHUB_CLIENT_CONFIRMATION_OK"
11838,10409139387,10409139493,1,"IOTHUB_CLIENT_CONFIRMATION_OK"
11839,10409139587,10409139678,1,"IOTHUB_CLIENT_CONFIRMATION_OK"
11840,10409139787,10409139828,1,"IOTHUB_CLIENT_CONFIRMATION_OK"
11841,10409139987,10409140027,1,"IOTHUB_CLIENT_CONFIRMATION_OK"
11842,10409140187,10409140224,1,"IOTHUB_CLIENT_CONFIRMATION_OK"
11843,10409140387,10409140426,1,"IOTHUB_CLIENT_CONFIRMATION_OK"
11844,10409140588,10409140636,1,"IOTHUB_CLIENT_CONFIRMATION_OK"
11845,10409140788,10409140833,1,"IOTHUB_CLIENT_CONFIRMATION_OK"
11846,10409140988,10409141128,1,"IOTHUB_CLIENT_CONFIRMATION_OK"
11847,10409141188,10409141241,1,"IOTHUB_CLIENT_CONFIRMATION_OK"
11848,10409141388,10409141440,1,"IOTHUB_CLIENT_CONFIRMATION_OK"
11849,10409141588,10409141645,1,"IOTHUB_CLIENT_CONFIRMATION_OK"
11850,10409141788,10409141833,1,"IOTHUB_CLIENT_CONFIRMATION_OK"
11851,10409141989,10409142045,1,"IOTHUB_CLIENT_CONFIRMATION_OK"
11852,10409142189,10409142232,1,"IOTHUB_CLIENT_CONFIRMATION_OK"
11853,10409142389,10409142487,1,"IOTHUB_CLIENT_CONFIRMATION_OK"
11854,10409142589,10409142664,1,"IOTHUB_CLIENT_CONFIRMATION_OK"
11855,10409142789,10409142844,1,"IOTHUB_CLIENT_CONFIRMATION_OK"
11856,10409142989,10409143065,1,"IOTHUB_CLIENT_CONFIRMATION_OK"
11857,10409143190,10409143236,1,"IOTHUB_CLIENT_CONFIRMATION_OK"
11858,10409143390,10409143441,1,"IOTHUB_CLIENT_CONFIRMATION_OK"
11859,10409143590,10409143637,1,"IOTHUB_CLIENT_CONFIRMATION_OK"
11860,10409143790,10409143841,1,"IOTHUB_CLIENT_CONFIRMATION_OK"
11861,10409143990,10409144027,1,"IOTHUB_CLIENT_CONFIRMATION_OK"
11862,10409144190,10409144238,1,"IOTHUB_CLIENT_CONFIRMATION_OK"
11863,10409144391,10409144432,1,"IOTHUB_CLIENT_CONFIRMATION_OK"
11864,10409144591,10409144639,1,"IOTHUB_CLIENT_CONFIRMATION_OK"
11865,10409144791,10409144837,1,"IOTHUB_CLIENT_CONFIRMATION_OK"
11866,10409144991,10409145052,1,"IOTHUB_CLIENT_CONFIRMATION_OK"
11867,10409145191,10409145245,1,"IOTHUB_CLIENT_CONFIRMATION_OK"
11868,10409145391,10409145446,1,"IOTHUB_CLIENT_CONFIRMATION_OK"
11869,10409145591,10409145637,1,"IOTHUB_CLIENT_CONFIRMATION_OK"
11870,10409145792,10409145858,1,"IOTHUB_CLIENT_CONFIRMATION_OK"
11871,10409145992,10409146049,1,"IOTHUB_CLIENT_CONFIRMATION_OK"
11872,10409146192,10409146231,1,"IOTHUB_CLIENT_CONFIRMATION_OK"
11873,10409146392,10409146467,1,"IOTHUB_CLIENT_CONFIRMATION_OK"
11874,10409146592,10409146638,1,"IOTHUB_CLIENT_CONFIRMATION_OK"
11875,10409146792,10409146841,1,"IOTHUB_CLIENT_CONFIRMATION_OK"
11876,10409146993,10409147039,1,"IOTHUB_CLIENT_CONFIRMATION_OK"
11877,10409147193,10409147354,1,"IOTHUB_CLIENT_CONFIRMATION_OK"
11878,10409147393,10409147505,1,"IOTHUB_CLIENT_CONFIRMATION_OK"
11879,10409147593,10409147649,1,"IOTHUB_CLIENT_CONFIRMATION_OK"
11880,10409147793,10409147971,1,"IOTHUB_CLIENT_CONFIRMATION_OK"
11881,10409147993,10409148042,1,"IOTHUB_CLIENT_CONFIRMATION_OK"
11882,10409148193,10409148235,1,"IOTHUB_CLIENT_CONFIRMATION_OK"
11883,10409148394,10409148440,1,"IOTHUB_CLIENT_CONFIRMATION_OK"
11884,10409148594,10409148644,1,"IOTHUB_CLIENT_CONFIRMATION_OK"
11885,10409148794,10409148849,1,"IOTHUB_CLIENT_CONFIRMATION_OK"
11886,10409148994,10409149070,1,"IOTHUB_CLIENT_CONFIRMATION_OK"
11887,10409149194,10409149264,1,"IOTHUB_CLIENT_CONFIRMATION_OK"
11888,10409149394,10409149459,1,"IOTHUB_CLIENT_CONFIRMATION_OK"
11889,10409149595,10409149808,1,"IOTHUB_CLIENT_CONFIRMATION_OK"
11890,10409149795,10409149870,1,"IOTHUB_CLIENT_CONFIRMATION_OK"
11891,10409149995,10409150034,1,"IOTHUB_CLIENT_CONFIRMATION_OK"
11892,10409150195,10409150261,1,"IOTHUB_CLIENT_CONFIRMATION_OK"
11893,10409150395,10409150449,1,"IOTHUB_CLIENT_CONFIRMATION_OK"
11894,10409150595,10409150688,1,"IOTHUB_CLIENT_CONFIRMATION_OK"
11895,10409150795,10409150850,1,"IOTHUB_CLIENT_CONFIRMATION_OK"
11896,10409150996,10409151056,1,"IOTHUB_CLIENT_CONFIRMATION_OK"
11897,10409151196,10409151260,1,"IOTHUB_CLIENT_CONFIRMATION_OK"
11898,10409151396,10409151446,1,"IOTHUB_CLIENT_CONFIRMATION_OK"
11899,10409151596,10409151653,1,"IOTHUB_CLIENT_CONFIRMATION_OK"
11900,10409151796,10409151835,1,"IOTHUB_CLIENT_CONFIRMATION_OK"
11901,10409151996,10409152048,1,"IOTHUB_CLIENT_CONFIRMATION_OK"
11902,10409152197,10409152236,1,"IOTHUB_CLIENT_CONFIRMATION_OK"
11903,10409152397,10409152451,1,"IOTHUB_CLIENT_CONFIRMATION_OK"
11904,10409152597,10409152635,1,"IOTHUB_CLIENT_CONFIRMATION_OK"
11905,10409152797,10409152855,1,"IOTHUB_CLIENT_CONFIRMATION_OK"
11906,10409152997,10409153124,1,"IOTHUB_CLIENT_CONFIRMATION_OK"
11907,10409153197,10409153243,1,"IOTHUB_CLIENT_CONFIRMATION_OK"
11908,10409153397,10409153461,1,"IOTHUB_CLIENT_CONFIRMATION_OK"
11909,10409153598,10409153803,1,"IOTHUB_CLIENT_CONFIRMATION_OK"
11910,10409153798,10409153844,1,"IOTHUB_CLIENT_CONFIRMATION_OK"
11911,10409153998,10409154177,1,"IOTHUB_CLIENT_CONFIRMATION_OK"
11912,10409154198,10409154248,1,"IOTHUB_CLIENT_CONFIRMATION_OK"
11913,10409154398,10409154453,1,"IOTHUB_CLIENT_CONFIRMATION_OK"
11914,10409154599,10409154671,1,"IOTHUB_CLIENT_CONFIRMATION_OK"
11915,10409154799,10409154855,1,"IOTHUB_CLIENT_CONFIRMATION_OK"
11916,10409154999,10409155043,1,"IOTHUB_CLIENT_CONFIRMATION_OK"
11917,10409155199,10409155247,1,"IOTHUB_CLIENT_CONFIRMATION_OK"
11918,10409155399,10409155439,1,"IOTHUB_CLIENT_CONFIRMATION_OK"
11919,10409155599,10409155650,1,"IOTHUB_CLIENT_CONFIRMATION_OK"
11920,10409155799,10409155851,1,"IOTHUB_CLIENT_CONFIRMATION_OK"
11921,10409156000,10409156051,1,"IOTHUB_CLIENT_CONFIRMATION_OK"
11922,10409156200,10409156269,1,"IOTHUB_CLIENT_CONFIRMATION_OK"
11923,10409156400,10409156491,1,"IOTHUB_CLIENT_CONFIRMATION_OK"
11924,10409156600,10409156637,1,"IOTHUB_CLIENT_CONFIRMATION_OK"
11925,10409156800,10409156841,1,"IOTHUB_CLIENT_CONFIRMATION_OK"
11926,10409157000,10409157107,1,"IOTHUB_CLIENT_CONFIRMATION_OK"
11927,10409157201,10409157249,1,"IOTHUB_CLIENT_CONFIRMATION_OK"
11928,10409157401,10409157445,1,"IOTHUB_CLIENT_CONFIRMATION_OK"
11929,10409157601,10409157703,1,"IOTHUB_CLIENT_CONFIRMATION_OK"
11930,10409157801,10409157849,1,"IOTHUB_CLIENT_CONFIRMATION_OK"
11931,10409158001,10409158041,1,"IOTHUB_CLIENT_CONFIRMATION_OK"
11932,10409158201,10409158260,1,"IOTHUB_CLIENT_CONFIRMATION_OK"
11933,10409158401,10409158449,1,"IOTHUB_CLIENT_CONFIRMATION_OK"
11934,10409158602,10409158676,1,"IOTHUB_CLIENT_CONFIRMATION_OK"
11935,10409158802,10409158844,1,"IOTHUB_CLIENT_CONFIRMATION_OK"
11936,10409159002,10409159145,1,"IOTHUB_CLIENT_CONFIRMATION_OK"
11937,10409159202,10409159267,1,"IOTHUB_CLIENT_CONFIRMATION_OK"
11938,10409159402,10409159447,1,"IOTHUB_CLIENT_CONFIRMATION_OK"
11939,10409159602,10409159744,1,"IOTHUB_CLIENT_CONFIRMATION_OK"
11940,10409159803,10409159844,1,"IOTHUB_CLIENT_CONFIRMATION_OK"
11941,10409160003,10409160066,1,"IOTHUB_CLIENT_CONFIRMATION_OK"
11942,10409160203,10409160319,1,"IOTHUB_CLIENT_CONFIRMATION_OK"
11943,10409160403,10409160521,1,"IOTHUB_CLIENT_CONFIRMATION_OK"
11944,10409160603,10409160656,1,"IOTHUB_CLIENT_CONFIRMATION_OK"
11945,10409160803,10409160848,1,"IOTHUB_CLIENT_CONFIRMATION_OK"
11946,10409161003,10409161135,1,"IOTHUB_CLIENT_CONFIRMATION_OK"
11947,10409161204,10409161245,1,"IOTHUB_CLIENT_CONFIRMATION_OK"
11948,10409161404,10409161456,1,"IOTHUB_CLIENT_CONFIRMATION_OK"
11949,10409161604,10409161737,1,"IOTHUB_CLIENT_CONFIRMATION_OK"
11950,10409161804,10409161863,1,"IOTHUB_CLIENT_CONFIRMATION_OK"
11951,10409162004,10409162058,1,"IOTHUB_CLIENT_CONFIRMATION_OK"
11952,10409162204,10409162266,1,"IOTHUB_CLIENT_CONFIRMATION_OK"
11953,10409162404,10409162450,1,"IOTHUB_CLIENT_CONFIRMATION_OK"
11954,10409162605,10409162639,1,"IOTHUB_CLIENT_CONFIRMATION_OK"
11955,10409162805,10409162877,1,"IOTHUB_CLIENT_CONFIRMATION_OK"
11956,10409163005,10409163057,1,"IOTHUB_CLIENT_CONFIRMATION_OK"
11957,10409163205,10409163251,1,"IOTHUB_CLIENT_CONFIRMATION_OK"
11958,10409163405,10409163451,1,"IOTHUB_CLIENT_CONFIRMATION_OK"
11959,10409163605,10409163824,1,"IOTHUB_CLIENT_CONFIRMATION_OK"
11960,10409163805,10409163846,1,"IOTHUB_CLIENT_CONFIRMATION_OK"
11961,10409164006,10409164043,1,"IOTHUB_CLIENT_CONFIRMATION_OK"
11962,10409164206,10409164270,1,"IOTHUB_CLIENT_CONFIRMATION_OK"
11963,10409164406,10409164452,1,"IOTHUB_CLIENT_CONFIRMATION_OK"
11964,10409164606,10409164674,1,"IOTHUB_CLIENT_CONFIRMATION_OK"
11965,10409164806,10409164855,1,"IOTHUB_CLIENT_CONFIRMATION_OK"
11966,10409165006,10409165076,1,"IOTHUB_CLIENT_CONFIRMATION_OK"
11967,10409165207,10409165308,1,"IOTHUB_CLIENT_CONFIRMATION_OK"
11968,10409165407,10409165449,1,"IOTHUB_CLIENT_CONFIRMATION_OK"
11969,10409165607,10409165658,1,"IOTHUB_CLIENT_CONFIRMATION_OK"
11970,10409165807,10409165849,1,"IOTHUB_CLIENT_CONFIRMATION_OK"
11971,10409166007,10409166060,1,"IOTHUB_CLIENT_CONFIRMATION_OK"
11972,10409166207,10409166272,1,"IOTHUB_CLIENT_CONFIRMATION_OK"
11973,10409166408,10409166473,1,"IOTHUB_CLIENT_CONFIRMATION_OK"
11974,10409166608,10409166654,1,"IOTHUB_CLIENT_CONFIRMATION_OK"
11975,10409166808,10409166858,1,"IOTHUB_CLIENT_CONFIRMATION_OK"
11976,10409167008,10409167158,1,"IOTHUB_CLIENT_CONFIRMATION_OK"
11977,10409167208,10409167248,1,"IOTHUB_CLIENT_CONFIRMATION_OK"
11978,10409167408,10409167448,1,"IOTHUB_CLIENT_CONFIRMATION_OK"
11979,10409167609,10409167660,1,"IOTHUB_CLIENT_CONFIRMATION_OK"
11980,10409167809,10409167855,1,"IOTHUB_CLIENT_CONFIRMATION_OK"
11981,10409168009,10409168119,1,"IOTHUB_CLIENT_CONFIRMATION_OK"
11982,10409168209,10409168291,1,"IOTHUB_CLIENT_CONFIRMATION_OK"
11983,10409168409,10409168471,1,"IOTHUB_CLIENT_CONFIRMATION_OK"
11984,10409168609,10409168685,1,"IOTHUB_CLIENT_CONFIRMATION_OK"
11985,10409168809,10409168860,1,"IOTHUB_CLIENT_CONFIRMATION_OK"
11986,10409169010,10409169061,1,"IOTHUB_CLIENT_CONFIRMATION_OK"
11987,10409169210,10409169296,1,"IOTHUB_CLIENT_CONFIRMATION_OK"
11988,10409169410,10409169463,1,"IOTHUB_CLIENT_CONFIRMATION_OK"
11989,10409169610,10409169666,1,"IOTHUB_CLIENT_CONFIRMATION_OK"
11990,10409169810,10409169860,1,"IOTHUB_CLIENT_CONFIRMATION_OK"
11991,10409170010,10409170047,1,"IOTHUB_CLIENT_CONFIRMATION_OK"
11992,10409170211,10409170579,1,"IOTHUB_CLIENT_CONFIRMATION_OK"
11993,10409170411,10409170669,1,"IOTHUB_CLIENT_CONFIRMATION_OK"
11994,10409170611,10409170746,1,"IOTHUB_CLIENT_CONFIRMATION_OK"
11995,10409170811,10409170861,1,"IOTHUB_CLIENT_CONFIRMATION_OK"
11996,10409171011,10409171061,1,"IOTHUB_CLIENT_CONFIRMATION_OK"
11997,10409171211,10409171278,1,"IOTHUB_CLIENT_CONFIRMATION_OK"
11998,10409171411,10409171462,1,"IOTHUB_CLIENT_CONFIRMATION_OK"
11999,10409171612,10409171767,1,"IOTHUB_CLIENT_CONFIRMATION_OK"
12000,10409171812,10409171851,1,"IOTHUB_CLIENT_CONFIRMATION_OK"
12001,10409172012,10409172064,1,"IOTHUB_CLIENT_CONFIRMATION_OK"
12002,10409172212,10409172256,1,"IOTHUB_CLIENT_CONFIRMATION_OK"
12003,10409172412,10409172483,1,"IOTHUB_CLIENT_CONFIRMATION_OK"
12004,10409172612,10409172667,1,"IOTHUB_CLIENT_CONFIRMATION_OK"
12005,10409172813,10409172905,1,"IOTHUB_CLIENT_CONFIRMATION_OK"
12006,10409173013,10409173192,1,"IOTHUB_CLIENT_CONFIRMATION_OK"
12007,10409173213,10409173265,1,"IOTHUB_CLIENT_CONFIRMATION_OK"
12008,10409173413,10409173463,1,"IOTHUB_CLIENT_CONFIRMATION_OK"
12009,10409173613,10409173730,1,"IOTHUB_CLIENT_CONFIRMATION_OK"
12010,10409173813,10409173855,1,"IOTHUB_CLIENT_CONFIRMATION_OK"
12011,10409174013,10409174062,1,"IOTHUB_CLIENT_CONFIRMATION_OK"
12012,10409174214,10409174317,1,"IOTHUB_CLIENT_CONFIRMATION_OK"
12013,10409174414,10409174460,1,"IOTHUB_CLIENT_CONFIRMATION_OK"
12014,10409174614,10409174661,1,"IOTHUB_CLIENT_CONFIRMATION_OK"
12015,10409174814,10409174855,1,"IOTHUB_CLIENT_CONFIRMATION_OK"
12016,10409175014,10409175073,1,"IOTHUB_CLIENT_CONFIRMATION_OK"
12017,10409175214,10409175276,1,"IOTHUB_CLIENT_CONFIRMATION_OK"
12018,10409175415,10409175457,1,"IOTHUB_CLIENT_CONFIRMATION_OK"
12019,10409175615,10409175681,1,"IOTHUB_CLIENT_CONFIRMATION_OK"
12020,10409175815,10409175861,1,"IOTHUB_CLIENT_CONFIRMATION_OK"
12021,10409176015,10409176065,1,"IOTHUB_CLIENT_CONFIRMATION_OK"
12022,10409176215,10409176281,1,"IOTHUB_CLIENT_CONFIRMATION_OK"
12023,10409176415,10409176511,1,"IOTHUB_CLIENT_CONFIRMATION_OK"
12024,10409176616,10409176657,1,"IOTHUB_CLIENT_CONFIRMATION_OK"
12025,10409176816,10409176858,1,"IOTHUB_CLIENT_CONFIRMATION_OK"
12026,10409177016,10409177065,1,"IOTHUB_CLIENT_CONFIRMATION_OK"
12027,10409177216,10409177382,1,"IOTHUB_CLIENT_CONFIRMATION_OK"
12028,10409177416,10409177470,1,"IOTHUB_CLIENT_CONFIRMATION_OK"
12029,10409177616,10409177667,1,"IOTHUB_CLIENT_CONFIRMATION_OK"
12030,10409177816,10409177913,1,"IOTHUB_CLIENT_CONFIRMATION_OK"
12031,10409178017,10409178067,1,"IOTHUB_CLIENT_CONFIRMATION_OK"
12032,10409178217,10409178282,1,"IOTHUB_CLIENT_CONFIRMATION_OK"
12033,10409178417,10409178477,1,"IOTHUB_CLIENT_CONFIRMATION_OK"
12034,10409178617,10409178676,1,"IOTHUB_CLIENT_CONFIRMATION_OK"
12035,10409178817,10409178861,1,"IOTHUB_CLIENT_CONFIRMATION_OK"
12036,10409179017,10409179076,1,"IOTHUB_CLIENT_CONFIRMATION_OK"
12037,10409179218,10409179284,1,"IOTHUB_CLIENT_CONFIRMATION_OK"
12038,10409179418,10409179476,1,"IOTHUB_CLIENT_CONFIRMATION_OK"
12039,10409179618,10409179692,1,"IOTHUB_CLIENT_CONFIRMATION_OK"
12040,10409179818,10409179859,1,"IOTHUB_CLIENT_CONFIRMATION_OK"
12041,10409180018,10409180078,1,"IOTHUB_CLIENT_CONFIRMATION_OK"
12042,10409180218,10409180265,1,"IOTHUB_CLIENT_CONFIRMATION_OK"
12043,10409180419,10409180579,1,"IOTHUB_CLIENT_CONFIRMATION_OK"
12044,10409180619,10409180657,1,"IOTHUB_CLIENT_CONFIRMATION_OK"
12045,10409180819,10409180854,1,"IOTHUB_CLIENT_CONFIRMATION_OK"
12046,10409181019,10409181201,1,"IOTHUB_CLIENT_CONFIRMATION_OK"
12047,10409181219,10409181269,1,"IOTHUB_CLIENT_CONFIRMATION_OK"
12048,10409181419,10409181486,1,"IOTHUB_CLIENT_CONFIRMATION_OK"
12049,10409181620,10409181662,1,"IOTHUB_CLIENT_CONFIRMATION_OK"
12050,10409181820,10409181876,1,"IOTHUB_CLIENT_CONFIRMATION_OK"
12051,10409182020,10409182067,1,"IOTHUB_CLIENT_CONFIRMATION_OK"
12052,10409182220,10409182266,1,"IOTHUB_CLIENT_CONFIRMATION_OK"
12053,10409182420,10409182467,1,"IOTHUB_CLIENT_CONFIRMATION_OK"
12054,10409182620,10409182669,1,"IOTHUB_CLIENT_CONFIRMATION_OK"
12055,10409182821,10409182860,1,"IOTHUB_CLIENT_CONFIRMATION_OK"
12056,10409183021,10409183304,1,"IOTHUB_CLIENT_CONFIRMATION_OK"
12057,10409183221,10409183366,1,"IOTHUB_CLIENT_CONFIRMATION_OK"
12058,10409183421,10409183472,1,"IOTHUB_CLIENT_CONFIRMATION_OK"
12059,10409183621,10409183661,1,"IOTHUB_CLIENT_CONFIRMATION_OK"
12060,10409183821,10409183882,1,"IOTHUB_CLIENT_CONFIRMATION_OK"
12061,10409184021,10409184100,1,"IOTHUB_CLIENT_CONFIRMATION_OK"
12062,10409184221,10409184304,1,"IOTHUB_CLIENT_CONFIRMATION_OK"
12063,10409184422,10409184500,1,"IOTHUB_CLIENT_CONFIRMATION_OK"
12064,10409184622,10409184738,1,"IOTHUB_CLIENT_CONFIRMATION_OK"
12065,10409184822,10409184899,1,"IOTHUB_CLIENT_CONFIRMATION_OK"
12066,10409185022,10409185114,1,"IOTHUB_CLIENT_CONFIRMATION_OK"
12067,10409185222,10409185257,1,"IOTHUB_CLIENT_CONFIRMATION_OK"
12068,10409185422,10409185472,1,"IOTHUB_CLIENT_CONFIRMATION_OK"
12069,10409185623,10409185660,1,"IOTHUB_CLIENT_CONFIRMATION_OK"
12070,10409185823,10409185913,1,"IOTHUB_CLIENT_CONFIRMATION_OK"
12071,10409186023,10409186069,1,"IOTHUB_CLIENT_CONFIRMATION_OK"
12072,10409186223,10409186276,1,"IOTHUB_CLIENT_CONFIRMATION_OK"
12073,10409186423,10409186501,1,"IOTHUB_CLIENT_CONFIRMATION_OK"
12074,10409186623,10409186669,1,"IOTHUB_CLIENT_CONFIRMATION_OK"
12075,10409186824,10409186877,1,"IOTHUB_CLIENT_CONFIRMATION_OK"
12076,10409187024,10409187163,1,"IOTHUB_CLIENT_CONFIRMATION_OK"
12077,10409187224,10409187273,1,"IOTHUB_CLIENT_CONFIRMATION_OK"
12078,10409187424,10409187467,1,"IOTHUB_CLIENT_CONFIRMATION_OK"
12079,10409187624,10409187672,1,"IOTHUB_CLIENT_CONFIRMATION_OK"
12080,10409187824,10409187899,1,"IOTHUB_CLIENT_CONFIRMATION_OK"
12081,10409188024,10409188068,1,"IOTHUB_CLIENT_CONFIRMATION_OK"
12082,10409188225,10409188270,1,"IOTHUB_CLIENT_CONFIRMATION_OK"
12083,10409188425,10409188504,1,"IOTHUB_CLIENT_CONFIRMATION_OK"
12084,10409188625,10409188661,1,"IOTHUB_CLIENT_CONFIRMATION_OK"
12085,10409188825,10409188874,1,"IOTHUB_CLIENT_CONFIRMATION_OK"
12086,10409189025,10409189188,1,"IOTHUB_CLIENT_CONFIRMATION_OK"
12087,10409189225,10409189280,1,"IOTHUB_CLIENT_CONFIRMATION_OK"
12088,10409189426,10409189489,1,"IOTHUB_CLIENT_CONFIRMATION_OK"
12089,10409189626,10409189665,1,"IOTHUB_CLIENT_CONFIRMATION_OK"
12090,10409189826,10409189864,1,"IOTHUB_CLIENT_CONFIRMATION_OK"
12091,10409190026,10409190086,1,"IOTHUB_CLIENT_CONFIRMATION_OK"
12092,10409190226,10409190279,1,"IOTHUB_CLIENT_CONFIRMATION_OK"
12093,10409190426,10409190484,1,"IOTHUB_CLIENT_CONFIRMATION_OK"
12094,10409190626,10409190700,1,"IOTHUB_CLIENT_CONFIRMATION_OK"
12095,10409190827,10409190865,1,"IOTHUB_CLIENT_CONFIRMATION_OK"
12096,10409191027,10409191090,1,"IOTHUB_CLIENT_CONFIRMATION_OK"
12097,10409191227,10409191279,1,"IOTHUB_CLIENT_CONFIRMATION_OK"
12098,10409191427,10409191468,1,"IOTHUB_CLIENT_CONFIRMATION_OK"
12099,10409191627,10409191691,1,"IOTHUB_CLIENT_CONFIRMATION_OK"
12100,10409191827,10409191900,1,"IOTHUB_CLIENT_CONFIRMATION_OK"
12101,10409192028,10409192134,1,"IOTHUB_CLIENT_CONFIRMATION_OK"
12102,10409192228,10409192277,1,"IOTHUB_CLIENT_CONFIRMATION_OK"
12103,10409192428,10409192553,1,"IOTHUB_CLIENT_CONFIRMATION_OK"
12104,10409192628,10409192676,1,"IOTHUB_CLIENT_CONFIRMATION_OK"
12105,10409192828,10409192877,1,"IOTHUB_CLIENT_CONFIRMATION_OK"
12106,10409193028,10409193126,1,"IOTHUB_CLIENT_CONFIRMATION_OK"
12107,10409193229,10409193267,1,"IOTHUB_CLIENT_CONFIRMATION_OK"
12108,10409193429,10409193497,1,"IOTHUB_CLIENT_CONFIRMATION_OK"
12109,10409193629,10409193670,1,"IOTHUB_CLIENT_CONFIRMATION_OK"
12110,10409193829,10409193880,1,"IOTHUB_CLIENT_CONFIRMATION_OK"
12111,10409194029,10409194083,1,"IOTHUB_CLIENT_CONFIRMATION_OK"
12112,10409194229,10409194285,1,"IOTHUB_CLIENT_CONFIRMATION_OK"
12113,10409194430,10409194474,1,"IOTHUB_CLIENT_CONFIRMATION_OK"
12114,10409194630,10409194675,1,"IOTHUB_CLIENT_CONFIRMATION_OK"
12115,10409194830,10409194883,1,"IOTHUB_CLIENT_CONFIRMATION_OK"
12116,10409195030,10409195083,1,"IOTHUB_CLIENT_CONFIRMATION_OK"
12117,10409195230,10409195318,1,"IOTHUB_CLIENT_CONFIRMATION_OK"
12118,10409195430,10409195497,1,"IOTHUB_CLIENT_CONFIRMATION_OK"
12119,10409195631,10409195670,1,"IOTHUB_CLIENT_CONFIRMATION_OK"
12120,10409195831,10409195876,1,"IOTHUB_CLIENT_CONFIRMATION_OK"
12121,10409196031,10409196095,1,"IOTHUB_CLIENT_CONFIRMATION_OK"
12122,10409196231,10409196296,1,"IOTHUB_CLIENT_CONFIRMATION_OK"
12123,10409196431,10409196489,1,"IOTHUB_CLIENT_CONFIRMATION_OK"
12124,10409196631,10409196692,1,"IOTHUB_CLIENT_CONFIRMATION_OK"
12125,10409196831,10409196881,1,"IOTHUB_CLIENT_CONFIRMATION_OK"
12126,10409197032,10409197108,1,"IOTHUB_CLIENT_CONFIRMATION_OK"
12127,10409197232,10409197273,1,"IOTHUB_CLIENT_CONFIRMATION_OK"
12128,10409197432,10409197470,1,"IOTHUB_CLIENT_CONFIRMATION_OK"
12129,10409197632,10409197667,1,"IOTHUB_CLIENT_CONFIRMATION_OK"
12130,10409197832,10409197886,1,"IOTHUB_CLIENT_CONFIRMATION_OK"
12131,10409198032,10409198078,1,"IOTHUB_CLIENT_CONFIRMATION_OK"
12132,10409198233,10409198281,1,"IOTHUB_CLIENT_CONFIRMATION_OK"
12133,10409198433,10409198540,1,"IOTHUB_CLIENT_CONFIRMATION_OK"
12134,10409198633,10409198669,1,"IOTHUB_CLIENT_CONFIRMATION_OK"
12135,10409198833,10409198866,1,"IOTHUB_CLIENT_CONFIRMATION_OK"
12136,10409199033,10409199129,1,"IOTHUB_CLIENT_CONFIRMATION_OK"
12137,10409199233,10409199290,1,"IOTHUB_CLIENT_CONFIRMATION_OK"
12138,10409199433,10409199483,1,"IOTHUB_CLIENT_CONFIRMATION_OK"
12139,10409199634,10409199681,1,"IOTHUB_CLIENT_CONFIRMATION_OK"
12140,10409199834,10409199906,1,"IOTHUB_CLIENT_CONFIRMATION_OK"
12141,10409200034,10409200093,1,"IOTHUB_CLIENT_CONFIRMATION_OK"
12142,10409200234,10409200344,1,"IOTHUB_CLIENT_CONFIRMATION_OK"
12143,10409200434,10409200498,1,"IOTHUB_CLIENT_CONFIRMATION_OK"
12144,10409200634,10409200681,1,"IOTHUB_CLIENT_CONFIRMATION_OK"
12145,10409200835,10409200910,1,"IOTHUB_CLIENT_CONFIRMATION_OK"
12146,10409201035,10409201196,1,"IOTHUB_CLIENT_CONFIRMATION_OK"
12147,10409201235,10409201290,1,"IOTHUB_CLIENT_CONFIRMATION_OK"
12148,10409201435,10409201485,1,"IOTHUB_CLIENT_CONFIRMATION_OK"
12149,10409201635,10409201678,1,"IOTHUB_CLIENT_CONFIRMATION_OK"
12150,10409201835,10409201902,1,"IOTHUB_CLIENT_CONFIRMATION_OK"
12151,10409202036,10409202086,1,"IOTHUB_CLIENT_CONFIRMATION_OK"
12152,10409202236,10409202309,1,"IOTHUB_CLIENT_CONFIRMATION_OK"
12153,10409202436,10409202482,1,"IOTHUB_CLIENT_CONFIRMATION_OK"
12154,10409202636,10409202685,1,"IOTHUB_CLIENT_CONFIRMATION_OK"
12155,10409202836,10409202902,1,"IOTHUB_CLIENT_CONFIRMATION_OK"
12156,10409203036,10409203127,1,"IOTHUB_CLIENT_CONFIRMATION_OK"
12157,10409203236,10409203289,1,"IOTHUB_CLIENT_CONFIRMATION_OK"
12158,10409203437,10409203497,1,"IOTHUB_CLIENT_CONFIRMATION_OK"
12159,10409203637,10409203682,1,"IOTHUB_CLIENT_CONFIRMATION_OK"
12160,10409203837,10409203892,1,"IOTHUB_CLIENT_CONFIRMATION_OK"
12161,10409204037,10409204089,1,"IOTHUB_CLIENT_CONFIRMATION_OK"
12162,10409204237,10409204289,1,"IOTHUB_CLIENT_CONFIRMATION_OK"
12163,10409204437,10409204484,1,"IOTHUB_CLIENT_CONFIRMATION_OK"
12164,10409204638,10409204683,1,"IOTHUB_CLIENT_CONFIRMATION_OK"
12165,10409204838,10409204889,1,"IOTHUB_CLIENT_CONFIRMATION_OK"
12166,10409205038,10409205077,1,"IOTHUB_CLIENT_CONFIRMATION_OK"
12167,10409205238,10409205283,1,"IOTHUB_CLIENT_CONFIRMATION_OK"
12168,10409205438,10409205553,1,"IOTHUB_CLIENT_CONFIRMATION_OK"
12169,10409205638,10409205695,1,"IOTHUB_CLIENT_CONFIRMATION_OK"
12170,10409205839,10409205878,1,"IOTHUB_CLIENT_CONFIRMATION_OK"
12171,10409206039,10409206087,1,"IOTHUB_CLIENT_CONFIRMATION_OK"
12172,10409206239,10409206277,1,"IOTHUB_CLIENT_CONFIRMATION_OK"
12173,10409206439,10409206499,1,"IOTHUB_CLIENT_CONFIRMATION_OK"
12174,10409206639,10409206703,1,"IOTHUB_CLIENT_CONFIRMATION_OK"
12175,10409206839,10409206879,1,"IOTHUB_CLIENT_CONFIRMATION_OK"
12176,10409207040,10409207094,1,"IOTHUB_CLIENT_CONFIRMATION_OK"
12177,10409207240,10409207325,1,"IOTHUB_CLIENT_CONFIRMATION_OK"
12178,10409207440,10409207485,1,"IOTHUB_CLIENT_CONFIRMATION_OK"
12179,10409207640,10409207678,1,"IOTHUB_CLIENT_CONFIRMATION_OK"
12180,10409207840,10409207888,1,"IOTHUB_CLIENT_CONFIRMATION_OK"
12181,10409208040,10409208094,1,"IOTHUB_CLIENT_CONFIRMATION_OK"
12182,10409208240,10409208284,1,"IOTHUB_CLIENT_CONFIRMATION_OK"
12183,10409208441,10409208485,1,"IOTHUB_CLIENT_CONFIRMATION_OK"
12184,10409208641,10409208731,1,"IOTHUB_CLIENT_CONFIRMATION_OK"
12185,10409208841,10409208892,1,"IOTHUB_CLIENT_CONFIRMATION_OK"
12186,10409209041,10409209181,1,"IOTHUB_CLIENT_CONFIRMATION_OK"
12187,10409209241,10409209280,1,"IOTHUB_CLIENT_CONFIRMATION_OK"
12188,10409209441,10409209489,1,"IOTHUB_CLIENT_CONFIRMATION_OK"
12189,10409209641,10409209680,1,"IOTHUB_CLIENT_CONFIRMATION_OK"
12190,10409209842,10409209904,1,"IOTHUB_CLIENT_CONFIRMATION_OK"
12191,10409210042,10409210087,1,"IOTHUB_CLIENT_CONFIRMATION_OK"
12192,10409210242,10409210292,1,"IOTHUB_CLIENT_CONFIRMATION_OK"
12193,10409210442,10409210498,1,"IOTHUB_CLIENT_CONFIRMATION_OK"
12194,10409210642,10409210702,1,"IOTHUB_CLIENT_CONFIRMATION_OK"
12195,10409210842,10409210913,1,"IOTHUB_CLIENT_CONFIRMATION_OK"
12196,10409211043,10409211091,1,"IOTHUB_CLIENT_CONFIRMATION_OK"
12197,10409211243,10409211288,1,"IOTHUB_CLIENT_CONFIRMATION_OK"
12198,10409211443,10409211491,1,"IOTHUB_CLIENT_CONFIRMATION_OK"
12199,10409211643,10409211686,1,"IOTHUB_CLIENT_CONFIRMATION_OK"
12200,10409211843,10409211908,1,"IOTHUB_CLIENT_CONFIRMATION_OK"
12201,10409212043,10409212100,1,"IOTHUB_CLIENT_CONFIRMATION_OK"
12202,10409212243,10409212284,1,"IOTHUB_CLIENT_CONFIRMATION_OK"
12203,10409212444,10409212514,1,"IOTHUB_CLIENT_CONFIRMATION_OK"
12204,10409212644,10409212690,1,"IOTHUB_CLIENT_CONFIRMATION_OK"
12205,10409212844,10409212895,1,"IOTHUB_CLIENT_CONFIRMATION_OK"
12206,10409213044,10409213084,1,"IOTHUB_CLIENT_CONFIRMATION_OK"
12207,10409213244,10409213284,1,"IOTHUB_CLIENT_CONFIRMATION_OK"
12208,10409213444,10409213487,1,"IOTHUB_CLIENT_CONFIRMATION_OK"
12209,10409213645,10409213693,1,"IOTHUB_CLIENT_CONFIRMATION_OK"
12210,10409213845,10409213916,1,"IOTHUB_CLIENT_CONFIRMATION_OK"
12211,10409214045,10409214102,1,"IOTHUB_CLIENT_CONFIRMATION_OK"
12212,10409214245,10409214286,1,"IOTHUB_CLIENT_CONFIRMATION_OK"
12213,10409214445,10409214484,1,"IOTHUB_CLIENT_CONFIRMATION_OK"
12214,10409214645,10409214701,1,"IOTHUB_CLIENT_CONFIRMATION_OK"
12215,10409214846,10409214895,1,"IOTHUB_CLIENT_CONFIRMATION_OK"
12216,10409215046,10409215099,1,"IOTHUB_CLIENT_CONFIRMATION_OK"
12217,10409215246,10409215287,1,"IOTHUB_CLIENT_CONFIRMATION_OK"
12218,10409215446,10409215479,1,"IOTHUB_CLIENT_CONFIRMATION_OK"
12219,10409215646,10409215715,1,"IOTHUB_CLIENT_CONFIRMATION_OK"
12220,10409215846,10409215894,1,"IOTHUB_CLIENT_CONFIRMATION_OK"
12221,10409216047,10409216097,1,"IOTHUB_CLIENT_CONFIRMATION_OK"
12222,10409216247,10409216296,1,"IOTHUB_CLIENT_CONFIRMATION_OK"
12223,10409216447,10409216646,1,"IOTHUB_CLIENT_CONFIRMATION_OK"
12224,10409216647,10409216692,1,"IOTHUB_CLIENT_CONFIRMATION_OK"
12225,10409216847,10409216899,1,"IOTHUB_CLIENT_CONFIRMATION_OK"
12226,10409217047,10409217101,1,"IOTHUB_CLIENT_CONFIRMATION_OK"
12227,10409217247,10409217286,1,"IOTHUB_CLIENT_CONFIRMATION_OK"
12228,10409217448,10409217491,1,"IOTHUB_CLIENT_CONFIRMATION_OK"
12229,10409217648,10409217704,1,"IOTHUB_CLIENT_CONFIRMATION_OK"
12230,10409217848,10409217887,1,"IOTHUB_CLIENT_CONFIRMATION_OK"
12231,10409218048,10409218086,1,"IOTHUB_CLIENT_CONFIRMATION_OK"
12232,10409218248,10409218316,1,"IOTHUB_CLIENT_CONFIRMATION_OK"
12233,10409218448,10409218505,1,"IOTHUB_CLIENT_CONFIRMATION_OK"
12234,10409218649,10409218729,1,"IOTHUB_CLIENT_CONFIRMATION_OK"
12235,10409218849,10409218897,1,"IOTHUB_CLIENT_CONFIRMATION_OK"
12236,10409219049,10409219109,1,"IOTHUB_CLIENT_CONFIRMATION_OK"
12237,10409219249,10409219287,1,"IOTHUB_CLIENT_CONFIRMATION_OK"
12238,10409219449,10409219547,1,"IOTHUB_CLIENT_CONFIRMATION_OK"
12239,10409219649,10409219693,1,"IOTHUB_CLIENT_CONFIRMATION_OK"
12240,10409219850,10409219906,1,"IOTHUB_CLIENT_CONFIRMATION_OK"
12241,10409220050,10409220098,1,"IOTHUB_CLIENT_CONFIRMATION_OK"
12242,10409220250,10409220297,1,"IOTHUB_CLIENT_CONFIRMATION_OK"
12243,10409220450,10409220499,1,"IOTHUB_CLIENT_CONFIRMATION_OK"
12244,10409220650,10409220701,1,"IOTHUB_CLIENT_CONFIRMATION_OK"
12245,10409220850,10409220888,1,"IOTHUB_CLIENT_CONFIRMATION_OK"
12246,10409221050,10409221168,1,"IOTHUB_CLIENT_CONFIRMATION_OK"
12247,10409221251,10409221290,1,"IOTHUB_CLIENT_CONFIRMATION_OK"
12248,10409221451,10409221498,1,"IOTHUB_CLIENT_CONFIRMATION_OK"
12249,10409221651,10409221698,1,"IOTHUB_CLIENT_CONFIRMATION_OK"
12250,10409221851,10409222026,1,"IOTHUB_CLIENT_CONFIRMATION_OK"
12251,10409222051,10409222096,1,"IOTHUB_CLIENT_CONFIRMATION_OK"
12252,10409222251,10409222304,1,"IOTHUB_CLIENT_CONFIRMATION_OK"
12253,10409222452,10409222510,1,"IOTHUB_CLIENT_CONFIRMATION_OK"
12254,10409222652,10409222712,1,"IOTHUB_CLIENT_CONFIRMATION_OK"
12255,10409222852,10409222920,1,"IOTHUB_CLIENT_CONFIRMATION_OK"
12256,10409223052,10409223106,1,"IOTHUB_CLIENT_CONFIRMATION_OK"
12257,10409223252,10409223324,1,"IOTHUB_CLIENT_CONFIRMATION_OK"
12258,10409223452,10409223507,1,"IOTHUB_CLIENT_CONFIRMATION_OK"
12259,10409223652,10409223717,1,"IOTHUB_CLIENT_CONFIRMATION_OK"
12260,10409223853,10409223920,1,"IOTHUB_CLIENT_CONFIRMATION_OK"
12261,10409224053,10409224093,1,"IOTHUB_CLIENT_CONFIRMATION_OK"
12262,10409224253,10409224311,1,"IOTHUB_CLIENT_CONFIRMATION_OK"
12263,10409224453,10409224498,1,"IOTHUB_CLIENT_CONFIRMATION_OK"
12264,10409224653,10409224742,1,"IOTHUB_CLIENT_CONFIRMATION_OK"
12265,10409224853,10409224903,1,"IOTHUB_CLIENT_CONFIRMATION_OK"
12266,10409225054,10409225107,1,"IOTHUB_CLIENT_CONFIRMATION_OK"
12267,10409225254,10409225301,1,"IOTHUB_CLIENT_CONFIRMATION_OK"
12268,10409225454,10409225500,1,"IOTHUB_CLIENT_CONFIRMATION_OK"
12269,10409225654,10409225705,1,"IOTHUB_CLIENT_CONFIRMATION_OK"
12270,10409225854,10409225893,1,"IOTHUB_CLIENT_CONFIRMATION_OK"
12271,10409226054,10409226136,1,"IOTHUB_CLIENT_CONFIRMATION_OK"
12272,10409226254,10409226302,1,"IOTHUB_CLIENT_CONFIRMATION_OK"
12273,10409226455,10409226519,1,"IOTHUB_CLIENT_CONFIRMATION_OK"
12274,10409226655,10409226712,1,"IOTHUB_CLIENT_CONFIRMATION_OK"
12275,10409226855,10409226906,1,"IOTHUB_CLIENT_CONFIRMATION_OK"
12276,10409227055,10409227174,1,"IOTHUB_CLIENT_CONFIRMATION_OK"
12277,10409227255,10409227302,1,"IOTHUB_CLIENT_CONFIRMATION_OK"
12278,10409227455,10409227515,1,"IOTHUB_CLIENT_CONFIRMATION_OK"
12279,10409227656,10409227693,1,"IOTHUB_CLIENT_CONFIRMATION_OK"
12280,10409227856,10409227893,1,"IOTHUB_CLIENT_CONFIRMATION_OK"
12281,10409228056,10409228102,1,"IOTHUB_CLIENT_CONFIRMATION_OK"
12282,10409228256,10409228300,1,"IOTHUB_CLIENT_CONFIRMATION_OK"
12283,10409228456,10409228515,1,"IOTHUB_CLIENT_CONFIRMATION_OK"
12284,10409228656,10409228739,1,"IOTHUB_CLIENT_CONFIRMATION_OK"
12285,10409228857,10409228941,1,"IOTHUB_CLIENT_CONFIRMATION_OK"
12286,10409229057,10409229110,1,"IOTHUB_CLIENT_CONFIRMATION_OK"
12287,10409229257,10409229318,1,"IOTHUB_CLIENT_CONFIRMATION_OK"
12288,10409229457,10409229510,1,"IOTHUB_CLIENT_CONFIRMATION_OK"
12289,10409229657,10409229709,1,"IOTHUB_CLIENT_CONFIRMATION_OK"
12290,10409229857,10409229925,1,"IOTHUB_CLIENT_CONFIRMATION_OK"
12291,10409230058,10409230105,1,"IOTHUB_CLIENT_CONFIRMATION_OK"
12292,10409230258,10409230309,1,"IOTHUB_CLIENT_CONFIRMATION_OK"
12293,10409230458,10409230510,1,"IOTHUB_CLIENT_CONFIRMATION_OK"
12294,10409230658,10409230710,1,"IOTHUB_CLIENT_CONFIRMATION_OK"
12295,10409230858,10409230915,1,"IOTHUB_CLIENT_CONFIRMATION_OK"
12296,10409231058,10409231114,1,"IOTHUB_CLIENT_CONFIRMATION_OK"
12297,10409231258,10409231311,1,"IOTHUB_CLIENT_CONFIRMATION_OK"
12298,10409231459,10409231515,1,"IOTHUB_CLIENT_CONFIRMATION_OK"
12299,10409231659,10409231703,1,"IOTHUB_CLIENT_CONFIRMATION_OK"
12300,10409231859,10409231900,1,"IOTHUB_CLIENT_CONFIRMATION_OK"
12301,10409232059,10409232104,1,"IOTHUB_CLIENT_CONFIRMATION_OK"
12302,10409232259,10409232349,1,"IOTHUB_CLIENT_CONFIRMATION_OK"
12303,10409232459,10409232521,1,"IOTHUB_CLIENT_CONFIRMATION_OK"
12304,10409232660,10409232709,1,"IOTHUB_CLIENT_CONFIRMATION_OK"
12305,10409232860,10409232938,1,"IOTHUB_CLIENT_CONFIRMATION_OK"
12306,10409233060,10409233134,1,"IOTHUB_CLIENT_CONFIRMATION_OK"
12307,10409233260,10409233295,1,"IOTHUB_CLIENT_CONFIRMATION_OK"
12308,10409233460,10409233526,1,"IOTHUB_CLIENT_CONFIRMATION_OK"
12309,10409233660,10409233723,1,"IOTHUB_CLIENT_CONFIRMATION_OK"
12310,10409233861,10409233907,1,"IOTHUB_CLIENT_CONFIRMATION_OK"
12311,10409234061,10409234182,1,"IOTHUB_CLIENT_CONFIRMATION_OK"
12312,10409234261,10409234335,1,"IOTHUB_CLIENT_CONFIRMATION_OK"
12313,10409234461,10409234539,1,"IOTHUB_CLIENT_CONFIRMATION_OK"
12314,10409234661,10409234709,1,"IOTHUB_CLIENT_CONFIRMATION_OK"
12315,10409234861,10409234903,1,"IOTHUB_CLIENT_CONFIRMATION_OK"
12316,10409235061,10409235195,1,"IOTHUB_CLIENT_CONFIRMATION_OK"
12317,10409235262,10409235332,1,"IOTHUB_CLIENT_CONFIRMATION_OK"
12318,10409235462,10409235501,1,"IOTHUB_CLIENT_CONFIRMATION_OK"
12319,10409235662,10409235708,1,"IOTHUB_CLIENT_CONFIRMATION_OK"
12320,10409235862,10409235917,1,"IOTHUB_CLIENT_CONFIRMATION_OK"
12321,10409236062,10409236111,1,"IOTHUB_CLIENT_CONFIRMATION_OK"
12322,10409236263,10409236310,1,"IOTHUB_CLIENT_CONFIRMATION_OK"
12323,10409236463,10409236504,1,"IOTHUB_CLIENT_CONFIRMATION_OK"
12324,10409236663,10409236707,1,"IOTHUB_CLIENT_CONFIRMATION_OK"
12325,10409236863,10409236928,1,"IOTHUB_CLIENT_CONFIRMATION_OK"
12326,10409237063,10409237231,1,"IOTHUB_CLIENT_CONFIRMATION_OK"
12327,10409237263,10409237311,1,"IOTHUB_CLIENT_CONFIRMATION_OK"
12328,10409237464,10409237521,1,"IOTHUB_CLIENT_CONFIRMATION_OK"
12329,10409237664,10409237704,1,"IOTHUB_CLIENT_CONFIRMATION_OK"
12330,10409237864,10409237929,1,"IOTHUB_CLIENT_CONFIRMATION_OK"
12331,10409238064,10409238124,1,"IOTHUB_CLIENT_CONFIRMATION_OK"
12332,10409238264,10409238306,1,"IOTHUB_CLIENT_CONFIRMATION_OK"
12333,10409238464,10409238567,1,"IOTHUB_CLIENT_CONFIRMATION_OK"
12334,10409238664,10409238734,1,"IOTHUB_CLIENT_CONFIRMATION_OK"
12335,10409238865,10409238924,1,"IOTHUB_CLIENT_CONFIRMATION_OK"
12336,10409239065,10409239146,1,"IOTHUB_CLIENT_CONFIRMATION_OK"
12337,10409239265,10409239310,1,"IOTHUB_CLIENT_CONFIRMATION_OK"
12338,10409239465,10409239502,1,"IOTHUB_CLIENT_CONFIRMATION_OK"
12339,10409239665,10409239718,1,"IOTHUB_CLIENT_CONFIRMATION_OK"
12340,10409239865,10409239953,1,"IOTHUB_CLIENT_CONFIRMATION_OK"
12341,10409240066,10409240103,1,"IOTHUB_CLIENT_CONFIRMATION_OK"
12342,10409240266,10409240305,1,"IOTHUB_CLIENT_CONFIRMATION_OK"
12343,10409240466,10409240523,1,"IOTHUB_CLIENT_CONFIRMATION_OK"
12344,10409240666,10409240703,1,"IOTHUB_CLIENT_CONFIRMATION_OK"
12345,10409240866,10409240915,1,"IOTHUB_CLIENT_CONFIRMATION_OK"
12346,10409241066,10409241136,1,"IOTHUB_CLIENT_CONFIRMATION_OK"
12347,10409241267,10409241312,1,"IOTHUB_CLIENT_CONFIRMATION_OK"
12348,10409241467,10409241525,1,"IOTHUB_CLIENT_CONFIRMATION_OK"
12349,10409241667,10409241712,1,"IOTHUB_CLIENT_CONFIRMATION_OK"
12350,10409241867,10409241913,1,"IOTHUB_CLIENT_CONFIRMATION_OK"
12351,10409242067,10409242109,1,"IOTHUB_CLIENT_CONFIRMATION_OK"
12352,10409242267,10409242315,1,"IOTHUB_CLIENT_CONFIRMATION_OK"
12353,10409242468,10409242514,1,"IOTHUB_CLIENT_CONFIRMATION_OK"
12354,10409242668,10409242710,1,"IOTHUB_CLIENT_CONFIRMATION_OK"
12355,10409242868,10409242930,1,"IOTHUB_CLIENT_CONFIRMATION_OK"
12356,10409243068,10409243099,1,"IOTHUB_CLIENT_CONFIRMATION_OK"
12357,10409243268,10409243314,1,"IOTHUB_CLIENT_CONFIRMATION_OK"
12358,10409243468,10409243578,1,"IOTHUB_CLIENT_CONFIRMATION_OK"
12359,10409243668,10409243720,1,"IOTHUB_CLIENT_CONFIRMATION_OK"
12360,10409243869,10409243974,1,"IOTHUB_CLIENT_CONFIRMATION_OK"
12361,10409244069,10409244136,1,"IOTHUB_CLIENT_CONFIRMATION_OK"
12362,10409244269,10409244306,1,"IOTHUB_CLIENT_CONFIRMATION_OK"
12363,10409244469,10409244626,1,"IOTHUB_CLIENT_CONFIRMATION_OK"
12364,10409244669,10409244714,1,"IOTHUB_CLIENT_CONFIRMATION_OK"
12365,10409244869,10409244954,1,"IOTHUB_CLIENT_CONFIRMATION_OK"
12366,10409245070,10409245220,1,"IOTHUB_CLIENT_CONFIRMATION_OK"
12367,10409245270,10409245320,1,"IOTHUB_CLIENT_CONFIRMATION_OK"
12368,10409245470,10409245578,1,"IOTHUB_CLIENT_CONFIRMATION_OK"
12369,10409245670,10409245712,1,"IOTHUB_CLIENT_CONFIRMATION_OK"
12370,10409245870,10409245912,1,"IOTHUB_CLIENT_CONFIRMATION_OK"
12371,10409246070,10409246128,1,"IOTHUB_CLIENT_CONFIRMATION_OK"
12372,10409246270,10409246337,1,"IOTHUB_CLIENT_CONFIRMATION_OK"
12373,10409246471,10409246524,1,"IOTHUB_CLIENT_CONFIRMATION_OK"
12374,10409246671,10409246720,1,"IOTHUB_CLIENT_CONFIRMATION_OK"
12375,10409246871,10409246919,1,"IOTHUB_CLIENT_CONFIRMATION_OK"
12376,10409247071,10409247127,1,"IOTHUB_CLIENT_CONFIRMATION_OK"
12377,10409247271,10409247312,1,"IOTHUB_CLIENT_CONFIRMATION_OK"
12378,10409247471,10409247523,1,"IOTHUB_CLIENT_CONFIRMATION_OK"
12379,10409247671,10409247725,1,"IOTHUB_CLIENT_CONFIRMATION_OK"
12380,10409247872,10409247912,1,"IOTHUB_CLIENT_CONFIRMATION_OK"
12381,10409248072,10409248144,1,"IOTHUB_CLIENT_CONFIRMATION_OK"
12382,10409248272,10409248338,1,"IOTHUB_CLIENT_CONFIRMATION_OK"
12383,10409248472,10409248538,1,"IOTHUB_CLIENT_CONFIRMATION_OK"
12384,10409248672,10409248733,1,"IOTHUB_CLIENT_CONFIRMATION_OK"
12385,10409248873,10409248919,1,"IOTHUB_CLIENT_CONFIRMATION_OK"
12386,10409249073,10409249125,1,"IOTHUB_CLIENT_CONFIRMATION_OK"
12387,10409249273,10409249329,1,"IOTHUB_CLIENT_CONFIRMATION_OK"
12388,10409249473,10409249521,1,"IOTHUB_CLIENT_CONFIRMATION_OK"
12389,10409249673,10409249724,1,"IOTHUB_CLIENT_CONFIRMATION_OK"
12390,10409249873,10409249910,1,"IOTHUB_CLIENT_CONFIRMATION_OK"
12391,10409250073,10409250124,1,"IOTHUB_CLIENT_CONFIRMATION_OK"
12392,10409250274,10409250360,1,"IOTHUB_CLIENT_CONFIRMATION_OK"
12393,10409250474,10409250552,1,"IOTHUB_CLIENT_CONFIRMATION_OK"
12394,10409250674,10409250719,1,"IOTHUB_CLIENT_CONFIRMATION_OK"
12395,10409250874,10409250923,1,"IOTHUB_CLIENT_CONFIRMATION_OK"
12396,10409251074,10409251162,1,"IOTHUB_CLIENT_CONFIRMATION_OK"
12397,10409251274,10409251326,1,"IOTHUB_CLIENT_CONFIRMATION_OK"
12398,10409251475,10409251530,1,"IOTHUB_CLIENT_CONFIRMATION_OK"
12399,10409251675,10409251745,1,"IOTHUB_CLIENT_CONFIRMATION_OK"
12400,10409251875,10409251915,1,"IOTHUB_CLIENT_CONFIRMATION_OK"
12401,10409252075,10409252117,1,"IOTHUB_CLIENT_CONFIRMATION_OK"
12402,10409252275,10409252324,1,"IOTHUB_CLIENT_CONFIRMATION_OK"
12403,10409252475,10409252511,1,"IOTHUB_CLIENT_CONFIRMATION_OK"
12404,10409252675,10409252720,1,"IOTHUB_CLIENT_CONFIRMATION_OK"
12405,10409252876,10409253056,1,"IOTHUB_CLIENT_CONFIRMATION_OK"
12406,10409253076,10409253228,1,"IOTHUB_CLIENT_CONFIRMATION_OK"
12407,10409253276,10409253313,1,"IOTHUB_CLIENT_CONFIRMATION_OK"
12408,10409253476,10409253525,1,"IOTHUB_CLIENT_CONFIRMATION_OK"
12409,10409253676,10409253738,1,"IOTHUB_CLIENT_CONFIRMATION_OK"
12410,10409253876,10409253946,1,"IOTHUB_CLIENT_CONFIRMATION_OK"
12411,10409254076,10409254128,1,"IOTHUB_CLIENT_CONFIRMATION_OK"
12412,10409254277,10409254370,1,"IOTHUB_CLIENT_CONFIRMATION_OK"
12413,10409254477,10409254522,1,"IOTHUB_CLIENT_CONFIRMATION_OK"
12414,10409254677,10409254729,1,"IOTHUB_CLIENT_CONFIRMATION_OK"
12415,10409254877,10409254924,1,"IOTHUB_CLIENT_CONFIRMATION_OK"
12416,10409255077,10409255113,1,"IOTHUB_CLIENT_CONFIRMATION_OK"
12417,10409255277,10409255331,1,"IOTHUB_CLIENT_CONFIRMATION_OK"
12418,10409255478,10409255531,1,"IOTHUB_CLIENT_CONFIRMATION_OK"
12419,10409255678,10409255719,1,"IOTHUB_CLIENT_CONFIRMATION_OK"
12420,10409255878,10409255928,1,"IOTHUB_CLIENT_CONFIRMATION_OK"
12421,10409256078,10409256151,1,"IOTHUB_CLIENT_CONFIRMATION_OK"
12422,10409256278,10409256335,1,"IOTHUB_CLIENT_CONFIRMATION_OK"
12423,10409256478,10409256549,1,"IOTHUB_CLIENT_CONFIRMATION_OK"
12424,10409256679,10409256738,1,"IOTHUB_CLIENT_CONFIRMATION_OK"
12425,10409256879,10409256928,1,"IOTHUB_CLIENT_CONFIRMATION_OK"
12426,10409257079,10409257137,1,"IOTHUB_CLIENT_CONFIRMATION_OK"
12427,10409257279,10409257323,1,"IOTHUB_CLIENT_CONFIRMATION_OK"
12428,10409257479,10409257524,1,"IOTHUB_CLIENT_CONFIRMATION_OK"
12429,10409257679,10409257752,1,"IOTHUB_CLIENT_CONFIRMATION_OK"
12430,10409257879,10409257925,1,"IOTHUB_CLIENT_CONFIRMATION_OK"
12431,10409258080,10409258125,1,"IOTHUB_CLIENT_CONFIRMATION_OK"
12432,10409258280,10409258345,1,"IOTHUB_CLIENT_CONFIRMATION_OK"
12433,10409258480,10409258553,1,"IOTHUB_CLIENT_CONFIRMATION_OK"
12434,10409258680,10409258718,1,"IOTHUB_CLIENT_CONFIRMATION_OK"
12435,10409258880,10409258912,1,"IOTHUB_CLIENT_CONFIRMATION_OK"
12436,10409259080,10409259155,1,"IOTHUB_CLIENT_CONFIRMATION_OK"
12437,10409259281,10409259332,1,"IOTHUB_CLIENT_CONFIRMATION_OK"
12438,10409259481,10409259528,1,"IOTHUB_CLIENT_CONFIRMATION_OK"
12439,10409259681,10409259721,1,"IOTHUB_CLIENT_CONFIRMATION_OK"
12440,10409259881,10409259930,1,"IOTHUB_CLIENT_CONFIRMATION_OK"
12441,10409260081,10409260120,1,"IOTHUB_CLIENT_CONFIRMATION_OK"
12442,10409260281,10409260319,1,"IOTHUB_CLIENT_CONFIRMATION_OK"
12443,10409260482,10409260597,1,"IOTHUB_CLIENT_CONFIRMATION_OK"
12444,10409260682,10409260721,1,"IOTHUB_CLIENT_CONFIRMATION_OK"
12445,10409260882,10409261040,1,"IOTHUB_CLIENT_CONFIRMATION_OK"
12446,10409261082,10409261273,1,"IOTHUB_CLIENT_CONFIRMATION_OK"
12447,10409261282,10409261329,1,"IOTHUB_CLIENT_CONFIRMATION_OK"
12448,10409261482,10409261549,1,"IOTHUB_CLIENT_CONFIRMATION_OK"
12449,10409261682,10409261718,1,"IOTHUB_CLIENT_CONFIRMATION_OK"
12450,10409261883,10409261944,1,"IOTHUB_CLIENT_CONFIRMATION_OK"
12451,10409262083,10409262119,1,"IOTHUB_CLIENT_CONFIRMATION_OK"
12452,10409262283,10409262361,1,"IOTHUB_CLIENT_CONFIRMATION_OK"
12453,10409262483,10409262535,1,"IOTHUB_CLIENT_CONFIRMATION_OK"
12454,10409262683,10409262735,1,"IOTHUB_CLIENT_CONFIRMATION_OK"
12455,10409262883,10409262933,1,"IOTHUB_CLIENT_CONFIRMATION_OK"
12456,10409263084,10409263115,1,"IOTHUB_CLIENT_CONFIRMATION_OK"
12457,10409263284,10409263326,1,"IOTHUB_CLIENT_CONFIRMATION_OK"
12458,10409263484,10409263556,1,"IOTHUB_CLIENT_CONFIRMATION_OK"
12459,10409263684,10409263735,1,"IOTHUB_CLIENT_CONFIRMATION_OK"
12460,10409263884,10409263926,1,"IOTHUB_CLIENT_CONFIRMATION_OK"
12461,10409264084,10409264136,1,"IOTHUB_CLIENT_CONFIRMATION_OK"
12462,10409264285,10409264344,1,"IOTHUB_CLIENT_CONFIRMATION_OK"
12463,10409264485,10409264541,1,"IOTHUB_CLIENT_CONFIRMATION_OK"
12464,10409264685,10409264760,1,"IOTHUB_CLIENT_CONFIRMATION_OK"
12465,10409264885,10409264939,1,"IOTHUB_CLIENT_CONFIRMATION_OK"
12466,10409265085,10409265254,1,"IOTHUB_CLIENT_CONFIRMATION_OK"
12467,10409265285,10409265342,1,"IOTHUB_CLIENT_CONFIRMATION_OK"
12468,10409265485,10409265543,1,"IOTHUB_CLIENT_CONFIRMATION_OK"
12469,10409265686,10409265853,1,"IOTHUB_CLIENT_CONFIRMATION_OK"
12470,10409265886,10409265929,1,"IOTHUB_CLIENT_CONFIRMATION_OK"
12471,10409266086,10409266184,1,"IOTHUB_CLIENT_CONFIRMATION_OK"
12472,10409266286,10409266346,1,"IOTHUB_CLIENT_CONFIRMATION_OK"
12473,10409266486,10409266527,1,"IOTHUB_CLIENT_CONFIRMATION_OK"
12474,10409266686,10409266730,1,"IOTHUB_CLIENT_CONFIRMATION_OK"
12475,10409266887,10409266929,1,"IOTHUB_CLIENT_CONFIRMATION_OK"
12476,10409267087,10409267132,1,"IOTHUB_CLIENT_CONFIRMATION_OK"
12477,10409267287,10409267345,1,"IOTHUB_CLIENT_CONFIRMATION_OK"
12478,10409267487,10409267525,1,"IOTHUB_CLIENT_CONFIRMATION_OK"
12479,10409267687,10409267730,1,"IOTHUB_CLIENT_CONFIRMATION_OK"
12480,10409267887,10409267944,1,"IOTHUB_CLIENT_CONFIRMATION_OK"
12481,10409268088,10409268161,1,"IOTHUB_CLIENT_CONFIRMATION_OK"
12482,10409268288,10409268346,1,"IOTHUB_CLIENT_CONFIRMATION_OK"
12483,10409268488,10409268522,1,"IOTHUB_CLIENT_CONFIRMATION_OK"
12484,10409268688,10409268753,1,"IOTHUB_CLIENT_CONFIRMATION_OK"
12485,10409268888,10409268929,1,"IOTHUB_CLIENT_CONFIRMATION_OK"
12486,10409269088,10409269156,1,"IOTHUB_CLIENT_CONFIRMATION_OK"
12487,10409269289,10409269349,1,"IOTHUB_CLIENT_CONFIRMATION_OK"
12488,10409269489,10409269530,1,"IOTHUB_CLIENT_CONFIRMATION_OK"
12489,10409269689,10409269736,1,"IOTHUB_CLIENT_CONFIRMATION_OK"
12490,10409269889,10409269941,1,"IOTHUB_CLIENT_CONFIRMATION_OK"
12491,10409270089,10409270139,1,"IOTHUB_CLIENT_CONFIRMATION_OK"
12492,10409270289,10409270335,1,"IOTHUB_CLIENT_CONFIRMATION_OK"
12493,10409270489,10409270567,1,"IOTHUB_CLIENT_CONFIRMATION_OK"
12494,10409270690,10409270735,1,"IOTHUB_CLIENT_CONFIRMATION_OK"
12495,10409270890,10409270939,1,"IOTHUB_CLIENT_CONFIRMATION_OK"
12496,10409271090,10409271182,1,"IOTHUB_CLIENT_CONFIRMATION_OK"
12497,10409271290,10409271350,1,"IOTHUB_CLIENT_CONFIRMATION_OK"
12498,10409271490,10409271554,1,"IOTHUB_CLIENT_CONFIRMATION_OK"
12499,10409271690,10409271750,1,"IOTHUB_CLIENT_CONFIRMATION_OK"
12500,10409271891,10409271943,1,"IOTHUB_CLIENT_CONFIRMATION_OK"
12501,10409272091,10409272134,1,"IOTHUB_CLIENT_CONFIRMATION_OK"
12502,10409272291,10409272333,1,"IOTHUB_CLIENT_CONFIRMATION_OK"
12503,10409272491,10409272536,1,"IOTHUB_CLIENT_CONFIRMATION_OK"
12504,10409272691,10409272739,1,"IOTHUB_CLIENT_CONFIRMATION_OK"
12505,10409272891,10409272948,1,"IOTHUB_CLIENT_CONFIRMATION_OK"
12506,10409273092,10409273261,1,"IOTHUB_CLIENT_CONFIRMATION_OK"
12507,10409273292,10409273328,1,"IOTHUB_CLIENT_CONFIRMATION_OK"
12508,10409273492,10409273536,1,"IOTHUB_CLIENT_CONFIRMATION_OK"
12509,10409273692,10409273741,1,"IOTHUB_CLIENT_CONFIRMATION_OK"
12510,10409273892,10409273961,1,"IOTHUB_CLIENT_CONFIRMATION_OK"
12511,10409274092,10409274144,1,"IOTHUB_CLIENT_CONFIRMATION_OK"
12512,10409274292,10409274337,1,"IOTHUB_CLIENT_CONFIRMATION_OK"
12513,10409274493,10409274543,1,"IOTHUB_CLIENT_CONFIRMATION_OK"
12514,10409274693,10409274751,1,"IOTHUB_CLIENT_CONFIRMATION_OK"
12515,10409274893,10409274947,1,"IOTHUB_CLIENT_CONFIRMATION_OK"
12516,10409275093,10409275138,1,"IOTHUB_CLIENT_CONFIRMATION_OK"
12517,10409275293,10409275354,1,"IOTHUB_CLIENT_CONFIRMATION_OK"
12518,10409275493,10409275532,1,"IOTHUB_CLIENT_CONFIRMATION_OK"
12519,10409275694,10409275750,1,"IOTHUB_CLIENT_CONFIRMATION_OK"
12520,10409275894,10409275944,1,"IOTHUB_CLIENT_CONFIRMATION_OK"
12521,10409276094,10409276139,1,"IOTHUB_CLIENT_CONFIRMATION_OK"
12522,10409276294,10409276351,1,"IOTHUB_CLIENT_CONFIRMATION_OK"
12523,10409276494,10409276546,1,"IOTHUB_CLIENT_CONFIRMATION_OK"
12524,10409276694,10409276735,1,"IOTHUB_CLIENT_CONFIRMATION_OK"
12525,10409276895,10409276958,1,"IOTHUB_CLIENT_CONFIRMATION_OK"
12526,10409277095,10409277224,1,"IOTHUB_CLIENT_CONFIRMATION_OK"
12527,10409277295,10409277347,1,"IOTHUB_CLIENT_CONFIRMATION_OK"
12528,10409277495,10409277552,1,"IOTHUB_CLIENT_CONFIRMATION_OK"
12529,10409277695,10409277732,1,"IOTHUB_CLIENT_CONFIRMATION_OK"
12530,10409277895,10409277973,1,"IOTHUB_CLIENT_CONFIRMATION_OK"
12531,10409278096,10409278138,1,"IOTHUB_CLIENT_CONFIRMATION_OK"
12532,10409278296,10409278344,1,"IOTHUB_CLIENT_CONFIRMATION_OK"
12533,10409278496,10409278539,1,"IOTHUB_CLIENT_CONFIRMATION_OK"
12534,10409278696,10409278739,1,"IOTHUB_CLIENT_CONFIRMATION_OK"
12535,10409278896,10409278933,1,"IOTHUB_CLIENT_CONFIRMATION_OK"
12536,10409279096,10409279146,1,"IOTHUB_CLIENT_CONFIRMATION_OK"
12537,10409279296,10409279338,1,"IOTHUB_CLIENT_CONFIRMATION_OK"
12538,10409279497,10409279568,1,"IOTHUB_CLIENT_CONFIRMATION_OK"
12539,10409279697,10409279745,1,"IOTHUB_CLIENT_CONFIRMATION_OK"
12540,10409279897,10409279953,1,"IOTHUB_CLIENT_CONFIRMATION_OK"
12541,10409280097,10409280136,1,"IOTHUB_CLIENT_CONFIRMATION_OK"
12542,10409280297,10409280347,1,"IOTHUB_CLIENT_CONFIRMATION_OK"
12543,10409280497,10409280538,1,"IOTHUB_CLIENT_CONFIRMATION_OK"
12544,10409280698,10409280773,1,"IOTHUB_CLIENT_CONFIRMATION_OK"
12545,10409280898,10409280975,1,"IOTHUB_CLIENT_CONFIRMATION_OK"
12546,10409281098,10409281145,1,"IOTHUB_CLIENT_CONFIRMATION_OK"
12547,10409281298,10409281344,1,"IOTHUB_CLIENT_CONFIRMATION_OK"
12548,10409281498,10409281553,1,"IOTHUB_CLIENT_CONFIRMATION_OK"
12549,10409281698,10409281742,1,"IOTHUB_CLIENT_CONFIRMATION_OK"
12550,10409281898,10409281945,1,"IOTHUB_CLIENT_CONFIRMATION_OK"
12551,10409282099,10409282138,1,"IOTHUB_CLIENT_CONFIRMATION_OK"
12552,10409282299,10409282349,1,"IOTHUB_CLIENT_CONFIRMATION_OK"
12553,10409282499,10409282552,1,"IOTHUB_CLIENT_CONFIRMATION_OK"
12554,10409282699,10409282736,1,"IOTHUB_CLIENT_CONFIRMATION_OK"
12555,10409282899,10409282960,1,"IOTHUB_CLIENT_CONFIRMATION_OK"
12556,10409283099,10409283132,1,"IOTHUB_CLIENT_CONFIRMATION_OK"
12557,10409283300,10409283355,1,"IOTHUB_CLIENT_CONFIRMATION_OK"
12558,10409283500,10409283552,1,"IOTHUB_CLIENT_CONFIRMATION_OK"
12559,10409283700,10409283741,1,"IOTHUB_CLIENT_CONFIRMATION_OK"
12560,10409283900,10409283955,1,"IOTHUB_CLIENT_CONFIRMATION_OK"
12561,10409284100,10409284144,1,"IOTHUB_CLIENT_CONFIRMATION_OK"
12562,10409284300,10409284345,1,"IOTHUB_CLIENT_CONFIRMATION_OK"
12563,10409284501,10409284685,1,"IOTHUB_CLIENT_CONFIRMATION_OK"
12564,10409284701,10409284754,1,"IOTHUB_CLIENT_CONFIRMATION_OK"
12565,10409284901,10409284960,1,"IOTHUB_CLIENT_CONFIRMATION_OK"
12566,10409285101,10409285151,1,"IOTHUB_CLIENT_CONFIRMATION_OK"
12567,10409285301,10409285361,1,"IOTHUB_CLIENT_CONFIRMATION_OK"
12568,10409285501,10409285546,1,"IOTHUB_CLIENT_CONFIRMATION_OK"
12569,10409285701,10409285760,1,"IOTHUB_CLIENT_CONFIRMATION_OK"
12570,10409285902,10409285954,1,"IOTHUB_CLIENT_CONFIRMATION_OK"
12571,10409286102,10409286168,1,"IOTHUB_CLIENT_CONFIRMATION_OK"
12572,10409286302,10409286355,1,"IOTHUB_CLIENT_CONFIRMATION_OK"
12573,10409286502,10409286550,1,"IOTHUB_CLIENT_CONFIRMATION_OK"
12574,10409286702,10409286773,1,"IOTHUB_CLIENT_CONFIRMATION_OK"
12575,10409286902,10409286949,1,"IOTHUB_CLIENT_CONFIRMATION_OK"
12576,10409287103,10409287147,1,"IOTHUB_CLIENT_CONFIRMATION_OK"
12577,10409287303,10409287419,1,"IOTHUB_CLIENT_CONFIRMATION_OK"
12578,10409287503,10409287564,1,"IOTHUB_CLIENT_CONFIRMATION_OK"
12579,10409287703,10409287759,1,"IOTHUB_CLIENT_CONFIRMATION_OK"
12580,10409287903,10409287985,1,"IOTHUB_CLIENT_CONFIRMATION_OK"
12581,10409288103,10409288145,1,"IOTHUB_CLIENT_CONFIRMATION_OK"
12582,10409288304,10409288350,1,"IOTHUB_CLIENT_CONFIRMATION_OK"
12583,10409288504,10409288559,1,"IOTHUB_CLIENT_CONFIRMATION_OK"
12584,10409288704,10409288753,1,"IOTHUB_CLIENT_CONFIRMATION_OK"
12585,10409288904,10409288967,1,"IOTHUB_CLIENT_CONFIRMATION_OK"
12586,10409289104,10409289168,1,"IOTHUB_CLIENT_CONFIRMATION_OK"
12587,10409289304,10409289366,1,"IOTHUB_CLIENT_CONFIRMATION_OK"
12588,10409289504,10409289551,1,"IOTHUB_CLIENT_CONFIRMATION_OK"
12589,10409289705,10409289772,1,"IOTHUB_CLIENT_CONFIRMATION_OK"
12590,10409289905,10409289945,1,"IOTHUB_CLIENT_CONFIRMATION_OK"
12591,10409290105,10409290249,1,"IOTHUB_CLIENT_CONFIRMATION_OK"
12592,10409290305,10409290344,1,"IOTHUB_CLIENT_CONFIRMATION_OK"
12593,10409290505,10409290592,1,"IOTHUB_CLIENT_CONFIRMATION_OK"
12594,10409290705,10409290774,1,"IOTHUB_CLIENT_CONFIRMATION_OK"
12595,10409290906,10409290956,1,"IOTHUB_CLIENT_CONFIRMATION_OK"
12596,10409291106,10409291195,1,"IOTHUB_CLIENT_CONFIRMATION_OK"
12597,10409291306,10409291352,1,"IOTHUB_CLIENT_CONFIRMATION_OK"
12598,10409291506,10409291548,1,"IOTHUB_CLIENT_CONFIRMATION_OK"
12599,10409291706,10409291756,1,"IOTHUB_CLIENT_CONFIRMATION_OK"
12600,10409291906,10409291959,1,"IOTHUB_CLIENT_CONFIRMATION_OK"
12601,10409292107,10409292176,1,"IOTHUB_CLIENT_CONFIRMATION_OK"
12602,10409292307,10409292362,1,"IOTHUB_CLIENT_CONFIRMATION_OK"
12603,10409292507,10409292559,1,"IOTHUB_CLIENT_CONFIRMATION_OK"
12604,10409292707,10409292761,1,"IOTHUB_CLIENT_CONFIRMATION_OK"
12605,10409292907,10409293031,1,"IOTHUB_CLIENT_CONFIRMATION_OK"
12606,10409293107,10409293151,1,"IOTHUB_CLIENT_CONFIRMATION_OK"
12607,10409293307,10409293399,1,"IOTHUB_CLIENT_CONFIRMATION_OK"
12608,10409293508,10409293571,1,"IOTHUB_CLIENT_CONFIRMATION_OK"
12609,10409293708,10409293794,1,"IOTHUB_CLIENT_CONFIRMATION_OK"
12610,10409293908,10409293953,1,"IOTHUB_CLIENT_CONFIRMATION_OK"
12611,10409294108,10409294165,1,"IOTHUB_CLIENT_CONFIRMATION_OK"
12612,10409294308,10409294357,1,"IOTHUB_CLIENT_CONFIRMATION_OK"
12613,10409294508,10409294552,1,"IOTHUB_CLIENT_CONFIRMATION_OK"
12614,10409294709,10409294779,1,"IOTHUB_CLIENT_CONFIRMATION_OK"
12615,10409294909,10409294946,1,"IOTHUB_CLIENT_CONFIRMATION_OK"
12616,10409295109,10409295158,1,"IOTHUB_CLIENT_CONFIRMATION_OK"
12617,10409295309,10409295354,1,"IOTHUB_CLIENT_CONFIRMATION_OK"
12618,10409295509,10409295554,1,"IOTHUB_CLIENT_CONFIRMATION_OK"
12619,10409295709,10409295785,1,"IOTHUB_CLIENT_CONFIRMATION_OK"
12620,10409295910,10409295955,1,"IOTHUB_CLIENT_CONFIRMATION_OK"
12621,10409296110,10409296151,1,"IOTHUB_CLIENT_CONFIRMATION_OK"
12622,10409296310,10409296461,1,"IOTHUB_CLIENT_CONFIRMATION_OK"
12623,10409296510,10409296625,1,"IOTHUB_CLIENT_CONFIRMATION_OK"
12624,10409296710,10409296751,1,"IOTHUB_CLIENT_CONFIRMATION_OK"
12625,10409296910,10409296973,1,"IOTHUB_CLIENT_CONFIRMATION_OK"
12626,10409297111,10409297252,1,"IOTHUB_CLIENT_CONFIRMATION_OK"
12627,10409297311,10409297362,1,"IOTHUB_CLIENT_CONFIRMATION_OK"
12628,10409297511,10409297554,1,"IOTHUB_CLIENT_CONFIRMATION_OK"
12629,10409297711,10409297758,1,"IOTHUB_CLIENT_CONFIRMATION_OK"
12630,10409297911,10409297955,1,"IOTHUB_CLIENT_CONFIRMATION_OK"
12631,10409298111,10409298168,1,"IOTHUB_CLIENT_CONFIRMATION_OK"
12632,10409298311,10409298347,1,"IOTHUB_CLIENT_CONFIRMATION_OK"
12633,10409298512,10409298564,1,"IOTHUB_CLIENT_CONFIRMATION_OK"
12634,10409298712,10409298761,1,"IOTHUB_CLIENT_CONFIRMATION_OK"
12635,10409298912,10409298961,1,"IOTHUB_CLIENT_CONFIRMATION_OK"
12636,10409299112,10409299165,1,"IOTHUB_CLIENT_CONFIRMATION_OK"
12637,10409299312,10409299356,1,"IOTHUB_CLIENT_CONFIRMATION_OK"
12638,10409299512,10409299630,1,"IOTHUB_CLIENT_CONFIRMATION_OK"
12639,10409299713,10409299759,1,"IOTHUB_CLIENT_CONFIRMATION_OK"
12640,10409299913,10409299960,1,"IOTHUB_CLIENT_CONFIRMATION_OK"
12641,10409300113,10409300177,1,"IOTHUB_CLIENT_CONFIRMATION_OK"
12642,10409300313,10409300361,1,"IOTHUB_CLIENT_CONFIRMATION_OK"
12643,10409300513,10409300556,1,"IOTHUB_CLIENT_CONFIRMATION_OK"
12644,10409300713,10409300779,1,"IOTHUB_CLIENT_CONFIRMATION_OK"
12645,10409300914,10409301020,1,"IOTHUB_CLIENT_CONFIRMATION_OK"
12646,10409301114,10409301159,1,"IOTHUB_CLIENT_CONFIRMATION_OK"
12647,10409301314,10409301407,1,"IOTHUB_CLIENT_CONFIRMATION_OK"
12648,10409301514,10409301570,1,"IOTHUB_CLIENT_CONFIRMATION_OK"
12649,10409301714,10409301755,1,"IOTHUB_CLIENT_CONFIRMATION_OK"
12650,10409301914,10409302104,1,"IOTHUB_CLIENT_CONFIRMATION_OK"
12651,10409302114,10409302175,1,"IOTHUB_CLIENT_CONFIRMATION_OK"
12652,10409302315,10409302356,1,"IOTHUB_CLIENT_CONFIRMATION_OK"
12653,10409302515,10409302563,1,"IOTHUB_CLIENT_CONFIRMATION_OK"
12654,10409302715,10409302775,1,"IOTHUB_CLIENT_CONFIRMATION_OK"
12655,10409302915,10409302998,1,"IOTHUB_CLIENT_CONFIRMATION_OK"
12656,10409303115,10409303212,1,"IOTHUB_CLIENT_CONFIRMATION_OK"
12657,10409303315,10409303351,1,"IOTHUB_CLIENT_CONFIRMATION_OK"
12658,10409303516,10409303570,1,"IOTHUB_CLIENT_CONFIRMATION_OK"
12659,10409303716,10409303760,1,"IOTHUB_CLIENT_CONFIRMATION_OK"
12660,10409303916,10409303960,1,"IOTHUB_CLIENT_CONFIRMATION_OK"
12661,10409304116,10409304168,1,"IOTHUB_CLIENT_CONFIRMATION_OK"
12662,10409304316,10409304364,1,"IOTHUB_CLIENT_CONFIRMATION_OK"
12663,10409304516,10409304560,1,"IOTHUB_CLIENT_CONFIRMATION_OK"
12664,10409304717,10409304754,1,"IOTHUB_CLIENT_CONFIRMATION_OK"
12665,10409304917,10409304997,1,"IOTHUB_CLIENT_CONFIRMATION_OK"
12666,10409305117,10409305162,1,"IOTHUB_CLIENT_CONFIRMATION_OK"
12667,10409305317,10409305361,1,"IOTHUB_CLIENT_CONFIRMATION_OK"
12668,10409305517,10409305591,1,"IOTHUB_CLIENT_CONFIRMATION_OK"
12669,10409305717,10409305763,1,"IOTHUB_CLIENT_CONFIRMATION_OK"
12670,10409305918,10409305954,1,"IOTHUB_CLIENT_CONFIRMATION_OK"
12671,10409306118,10409306284,1,"IOTHUB_CLIENT_CONFIRMATION_OK"
12672,10409306318,10409306381,1,"IOTHUB_CLIENT_CONFIRMATION_OK"
12673,10409306518,10409306575,1,"IOTHUB_CLIENT_CONFIRMATION_OK"
12674,10409306718,10409306768,1,"IOTHUB_CLIENT_CONFIRMATION_OK"
12675,10409306918,10409306995,1,"IOTHUB_CLIENT_CONFIRMATION_OK"
12676,10409307118,10409307182,1,"IOTHUB_CLIENT_CONFIRMATION_OK"
12677,10409307319,10409307372,1,"IOTHUB_CLIENT_CONFIRMATION_OK"
12678,10409307519,10409307558,1,"IOTHUB_CLIENT_CONFIRMATION_OK"
12679,10409307719,10409307865,1,"IOTHUB_CLIENT_CONFIRMATION_OK"
12680,10409307919,10409308080,1,"IOTHUB_CLIENT_CONFIRMATION_OK"
12681,10409308119,10409308179,1,"IOTHUB_CLIENT_CONFIRMATION_OK"
12682,10409308319,10409308363,1,"IOTHUB_CLIENT_CONFIRMATION_OK"
12683,10409308520,10409308575,1,"IOTHUB_CLIENT_CONFIRMATION_OK"
12684,10409308720,10409308770,1,"IOTHUB_CLIENT_CONFIRMATION_OK"
12685,10409308920,10409308988,1,"IOTHUB_CLIENT_CONFIRMATION_OK"
12686,10409309120,10409309206,1,"IOTHUB_CLIENT_CONFIRMATION_OK"
12687,10409309320,10409309365,1,"IOTHUB_CLIENT_CONFIRMATION_OK"
12688,10409309520,10409309554,1,"IOTHUB_CLIENT_CONFIRMATION_OK"
12689,10409309720,10409309816,1,"IOTHUB_CLIENT_CONFIRMATION_OK"
12690,10409309921,10409309967,1,"IOTHUB_CLIENT_CONFIRMATION_OK"
12691,10409310121,10409310176,1,"IOTHUB_CLIENT_CONFIRMATION_OK"
12692,10409310321,10409310366,1,"IOTHUB_CLIENT_CONFIRMATION_OK"
12693,10409310521,10409310575,1,"IOTHUB_CLIENT_CONFIRMATION_OK"
12694,10409310721,10409310766,1,"IOTHUB_CLIENT_CONFIRMATION_OK"
12695,10409310921,10409310989,1,"IOTHUB_CLIENT_CONFIRMATION_OK"
12696,10409311122,10409311205,1,"IOTHUB_CLIENT_CONFIRMATION_OK"
12697,10409311322,10409311404,1,"IOTHUB_CLIENT_CONFIRMATION_OK"
12698,10409311522,10409311584,1,"IOTHUB_CLIENT_CONFIRMATION_OK"
12699,10409311722,10409311791,1,"IOTHUB_CLIENT_CONFIRMATION_OK"
12700,10409311922,10409311975,1,"IOTHUB_CLIENT_CONFIRMATION_OK"
12701,10409312122,10409312187,1,"IOTHUB_CLIENT_CONFIRMATION_OK"
12702,10409312322,10409312372,1,"IOTHUB_CLIENT_CONFIRMATION_OK"
12703,10409312523,10409312607,1,"IOTHUB_CLIENT_CONFIRMATION_OK"
12704,10409312723,10409312790,1,"IOTHUB_CLIENT_CONFIRMATION_OK"
12705,10409312923,10409312995,1,"IOTHUB_CLIENT_CONFIRMATION_OK"
12706,10409313123,10409313196,1,"IOTHUB_CLIENT_CONFIRMATION_OK"
12707,10409313323,10409313368,1,"IOTHUB_CLIENT_CONFIRMATION_OK"
12708,10409313523,10409313573,1,"IOTHUB_CLIENT_CONFIRMATION_OK"
12709,10409313724,10409313801,1,"IOTHUB_CLIENT_CONFIRMATION_OK"
12710,10409313924,10409313962,1,"IOTHUB_CLIENT_CONFIRMATION_OK"
12711,10409314124,10409314165,1,"IOTHUB_CLIENT_CONFIRMATION_OK"
12712,10409314324,10409314370,1,"IOTHUB_CLIENT_CONFIRMATION_OK"
12713,10409314524,10409314562,1,"IOTHUB_CLIENT_CONFIRMATION_OK"
12714,10409314724,10409314779,1,"IOTHUB_CLIENT_CONFIRMATION_OK"
12715,10409314924,10409314981,1,"IOTHUB_CLIENT_CONFIRMATION_OK"
12716,10409315125,10409315233,1,"IOTHUB_CLIENT_CONFIRMATION_OK"
12717,10409315325,10409315372,1,"IOTHUB_CLIENT_CONFIRMATION_OK"
12718,10409315525,10409315558,1,"IOTHUB_CLIENT_CONFIRMATION_OK"
12719,10409315725,10409315782,1,"IOTHUB_CLIENT_CONFIRMATION_OK"
12720,10409315925,10409315967,1,"IOTHUB_CLIENT_CONFIRMATION_OK"
12721,10409316125,10409316186,1,"IOTHUB_CLIENT_CONFIRMATION_OK"
12722,10409316325,10409316385,1,"IOTHUB_CLIENT_CONFIRMATION_OK"
12723,10409316526,10409316602,1,"IOTHUB_CLIENT_CONFIRMATION_OK"
12724,10409316726,10409316773,1,"IOTHUB_CLIENT_CONFIRMATION_OK"
12725,10409316926,10409316964,1,"IOTHUB_CLIENT_CONFIRMATION_OK"
12726,10409317126,10409317282,1,"IOTHUB_CLIENT_CONFIRMATION_OK"
12727,10409317326,10409317380,1,"IOTHUB_CLIENT_CONFIRMATION_OK"
12728,10409317526,10409317582,1,"IOTHUB_CLIENT_CONFIRMATION_OK"
12729,10409317727,10409317764,1,"IOTHUB_CLIENT_CONFIRMATION_OK"
12730,10409317927,10409317980,1,"IOTHUB_CLIENT_CONFIRMATION_OK"
12731,10409318127,10409318192,1,"IOTHUB_CLIENT_CONFIRMATION_OK"
12732,10409318327,10409318377,1,"IOTHUB_CLIENT_CONFIRMATION_OK"
12733,10409318527,10409318591,1,"IOTHUB_CLIENT_CONFIRMATION_OK"
12734,10409318727,10409318809,1,"IOTHUB_CLIENT_CONFIRMATION_OK"
12735,10409318928,10409318963,1,"IOTHUB_CLIENT_CONFIRMATION_OK"
12736,10409319128,10409319171,1,"IOTHUB_CLIENT_CONFIRMATION_OK"
12737,10409319328,10409319378,1,"IOTHUB_CLIENT_CONFIRMATION_OK"
12738,10409319528,10409319579,1,"IOTHUB_CLIENT_CONFIRMATION_OK"
12739,10409319728,10409319779,1,"IOTHUB_CLIENT_CONFIRMATION_OK"
12740,10409319928,10409319988,1,"IOTHUB_CLIENT_CONFIRMATION_OK"
12741,10409320128,10409320199,1,"IOTHUB_CLIENT_CONFIRMATION_OK"
12742,10409320329,10409320378,1,"IOTHUB_CLIENT_CONFIRMATION_OK"
12743,10409320529,10409320574,1,"IOTHUB_CLIENT_CONFIRMATION_OK"
12744,10409320729,10409320780,1,"IOTHUB_CLIENT_CONFIRMATION_OK"
12745,10409320929,10409320978,1,"IOTHUB_CLIENT_CONFIRMATION_OK"
12746,10409321129,10409321213,1,"IOTHUB_CLIENT_CONFIRMATION_OK"
12747,10409321329,10409321369,1,"IOTHUB_CLIENT_CONFIRMATION_OK"
12748,10409321530,10409321594,1,"IOTHUB_CLIENT_CONFIRMATION_OK"
12749,10409321730,10409321818,1,"IOTHUB_CLIENT_CONFIRMATION_OK"
12750,10409321930,10409321980,1,"IOTHUB_CLIENT_CONFIRMATION_OK"
12751,10409322130,10409322171,1,"IOTHUB_CLIENT_CONFIRMATION_OK"
12752,10409322330,10409322395,1,"IOTHUB_CLIENT_CONFIRMATION_OK"
12753,10409322530,10409322661,1,"IOTHUB_CLIENT_CONFIRMATION_OK"
12754,10409322730,10409322769,1,"IOTHUB_CLIENT_CONFIRMATION_OK"
12755,10409322931,10409322967,1,"IOTHUB_CLIENT_CONFIRMATION_OK"
12756,10409323131,10409323242,1,"IOTHUB_CLIENT_CONFIRMATION_OK"
12757,10409323331,10409323373,1,"IOTHUB_CLIENT_CONFIRMATION_OK"
12758,10409323531,10409323587,1,"IOTHUB_CLIENT_CONFIRMATION_OK"
12759,10409323731,10409323775,1,"IOTHUB_CLIENT_CONFIRMATION_OK"
12760,10409323931,10409323988,1,"IOTHUB_CLIENT_CONFIRMATION_OK"
12761,10409324132,10409324174,1,"IOTHUB_CLIENT_CONFIRMATION_OK"
12762,10409324332,10409324377,1,"IOTHUB_CLIENT_CONFIRMATION_OK"
12763,10409324532,10409324574,1,"IOTHUB_CLIENT_CONFIRMATION_OK"
12764,10409324732,10409324787,1,"IOTHUB_CLIENT_CONFIRMATION_OK"
12765,10409324932,10409324997,1,"IOTHUB_CLIENT_CONFIRMATION_OK"
12766,10409325132,10409325278,1,"IOTHUB_CLIENT_CONFIRMATION_OK"
12767,10409325333,10409325371,1,"IOTHUB_CLIENT_CONFIRMATION_OK"
12768,10409325533,10409325574,1,"IOTHUB_CLIENT_CONFIRMATION_OK"
12769,10409325733,10409325891,1,"IOTHUB_CLIENT_CONFIRMATION_OK"
12770,10409325933,10409325977,1,"IOTHUB_CLIENT_CONFIRMATION_OK"
12771,10409326133,10409326186,1,"IOTHUB_CLIENT_CONFIRMATION_OK"
12772,10409326333,10409326376,1,"IOTHUB_CLIENT_CONFIRMATION_OK"
12773,10409326534,10409326576,1,"IOTHUB_CLIENT_CONFIRMATION_OK"
12774,10409326734,10409326801,1,"IOTHUB_CLIENT_CONFIRMATION_OK"
12775,10409326934,10409326975,1,"IOTHUB_CLIENT_CONFIRMATION_OK"
12776,10409327134,10409327186,1,"IOTHUB_CLIENT_CONFIRMATION_OK"
12777,10409327334,10409327374,1,"IOTHUB_CLIENT_CONFIRMATION_OK"
12778,10409327534,10409327582,1,"IOTHUB_CLIENT_CONFIRMATION_OK"
12779,10409327734,10409327803,1,"IOTHUB_CLIENT_CONFIRMATION_OK"
12780,10409327935,10409327983,1,"IOTHUB_CLIENT_CONFIRMATION_OK"
12781,10409328135,10409328183,1,"IOTHUB_CLIENT_CONFIRMATION_OK"
12782,10409328335,10409328414,1,"IOTHUB_CLIENT_CONFIRMATION_OK"
12783,10409328535,10409328612,1,"IOTHUB_CLIENT_CONFIRMATION_OK"
12784,10409328735,10409328786,1,"IOTHUB_CLIENT_CONFIRMATION_OK"
12785,10409328935,10409328982,1,"IOTHUB_CLIENT_CONFIRMATION_OK"
12786,10409329136,10409329312,1,"IOTHUB_CLIENT_CONFIRMATION_OK"
12787,10409329336,10409329382,1,"IOTHUB_CLIENT_CONFIRMATION_OK"
12788,10409329536,10409329581,1,"IOTHUB_CLIENT_CONFIRMATION_OK"
12789,10409329736,10409329789,1,"IOTHUB_CLIENT_CONFIRMATION_OK"
12790,10409329936,10409329974,1,"IOTHUB_CLIENT_CONFIRMATION_OK"
12791,10409330136,10409330186,1,"IOTHUB_CLIENT_CONFIRMATION_OK"
12792,10409330337,10409330381,1,"IOTHUB_CLIENT_CONFIRMATION_OK"
12793,10409330537,10409330592,1,"IOTHUB_CLIENT_CONFIRMATION_OK"
12794,10409330737,10409330784,1,"IOTHUB_CLIENT_CONFIRMATION_OK"
12795,10409330937,10409331095,1,"IOTHUB_CLIENT_CONFIRMATION_OK"
12796,10409331137,10409331328,1,"IOTHUB_CLIENT_CONFIRMATION_OK"
12797,10409331337,10409331389,1,"IOTHUB_CLIENT_CONFIRMATION_OK"
12798,10409331537,10409331597,1,"IOTHUB_CLIENT_CONFIRMATION_OK"
12799,10409331738,10409331781,1,"IOTHUB_CLIENT_CONFIRMATION_OK"
12800,10409331938,10409332005,1,"IOTHUB_CLIENT_CONFIRMATION_OK"
12801,10409332138,10409332176,1,"IOTHUB_CLIENT_CONFIRMATION_OK"
12802,10409332338,10409332384,1,"IOTHUB_CLIENT_CONFIRMATION_OK"
12803,10409332538,10409332589,1,"IOTHUB_CLIENT_CONFIRMATION_OK"
12804,10409332738,10409332781,1,"IOTHUB_CLIENT_CONFIRMATION_OK"
12805,10409332939,10409332994,1,"IOTHUB_CLIENT_CONFIRMATION_OK"
12806,10409333139,10409333198,1,"IOTHUB_CLIENT_CONFIRMATION_OK"
12807,10409333339,10409333408,1,"IOTHUB_CLIENT_CONFIRMATION_OK"
12808,10409333539,10409333610,1,"IOTHUB_CLIENT_CONFIRMATION_OK"
12809,10409333739,10409333789,1,"IOTHUB_CLIENT_CONFIRMATION_OK"
12810,10409333939,10409333997,1,"IOTHUB_CLIENT_CONFIRMATION_OK"
12811,10409334140,10409334178,1,"IOTHUB_CLIENT_CONFIRMATION_OK"
12812,10409334340,10409334401,1,"IOTHUB_CLIENT_CONFIRMATION_OK"
12813,10409334540,10409334586,1,"IOTHUB_CLIENT_CONFIRMATION_OK"
12814,10409334740,10409334782,1,"IOTHUB_CLIENT_CONFIRMATION_OK"
12815,10409334940,10409334975,1,"IOTHUB_CLIENT_CONFIRMATION_OK"
12816,10409335140,10409335190,1,"IOTHUB_CLIENT_CONFIRMATION_OK"
12817,10409335341,10409335390,1,"IOTHUB_CLIENT_CONFIRMATION_OK"
12818,10409335541,10409335618,1,"IOTHUB_CLIENT_CONFIRMATION_OK"
12819,10409335741,10409335782,1,"IOTHUB_CLIENT_CONFIRMATION_OK"
12820,10409335941,10409335983,1,"IOTHUB_CLIENT_CONFIRMATION_OK"
12821,10409336141,10409336182,1,"IOTHUB_CLIENT_CONFIRMATION_OK"
12822,10409336341,10409336399,1,"IOTHUB_CLIENT_CONFIRMATION_OK"
12823,10409336542,10409336632,1,"IOTHUB_CLIENT_CONFIRMATION_OK"
12824,10409336742,10409336812,1,"IOTHUB_CLIENT_CONFIRMATION_OK"
12825,10409336942,10409337011,1,"IOTHUB_CLIENT_CONFIRMATION_OK"
12826,10409337142,10409337294,1,"IOTHUB_CLIENT_CONFIRMATION_OK"
12827,10409337342,10409337385,1,"IOTHUB_CLIENT_CONFIRMATION_OK"
12828,10409337542,10409337699,1,"IOTHUB_CLIENT_CONFIRMATION_OK"
12829,10409337743,10409337783,1,"IOTHUB_CLIENT_CONFIRMATION_OK"
12830,10409337943,10409337980,1,"IOTHUB_CLIENT_CONFIRMATION_OK"
12831,10409338143,10409338203,1,"IOTHUB_CLIENT_CONFIRMATION_OK"
12832,10409338343,10409338457,1,"IOTHUB_CLIENT_CONFIRMATION_OK"
12833,10409338543,10409338592,1,"IOTHUB_CLIENT_CONFIRMATION_OK"
12834,10409338743,10409338805,1,"IOTHUB_CLIENT_CONFIRMATION_OK"
12835,10409338943,10409339006,1,"IOTHUB_CLIENT_CONFIRMATION_OK"
12836,10409339144,10409339189,1,"IOTHUB_CLIENT_CONFIRMATION_OK"
12837,10409339344,10409339433,1,"IOTHUB_CLIENT_CONFIRMATION_OK"
12838,10409339544,10409339620,1,"IOTHUB_CLIENT_CONFIRMATION_OK"
12839,10409339744,10409339788,1,"IOTHUB_CLIENT_CONFIRMATION_OK"
12840,10409339944,10409340019,1,"IOTHUB_CLIENT_CONFIRMATION_OK"
12841,10409340144,10409340224,1,"IOTHUB_CLIENT_CONFIRMATION_OK"
12842,10409340345,10409340422,1,"IOTHUB_CLIENT_CONFIRMATION_OK"
12843,10409340545,10409340589,1,"IOTHUB_CLIENT_CONFIRMATION_OK"
12844,10409340745,10409340785,1,"IOTHUB_CLIENT_CONFIRMATION_OK"
12845,10409340945,10409340991,1,"IOTHUB_CLIENT_CONFIRMATION_OK"
12846,10409341145,10409341196,1,"IOTHUB_CLIENT_CONFIRMATION_OK"
12847,10409341345,10409341408,1,"IOTHUB_CLIENT_CONFIRMATION_OK"
12848,10409341545,10409341600,1,"IOTHUB_CLIENT_CONFIRMATION_OK"
12849,10409341746,10409341801,1,"IOTHUB_CLIENT_CONFIRMATION_OK"
12850,10409341946,10409341986,1,"IOTHUB_CLIENT_CONFIRMATION_OK"
12851,10409342146,10409342204,1,"IOTHUB_CLIENT_CONFIRMATION_OK"
12852,10409342346,10409342389,1,"IOTHUB_CLIENT_CONFIRMATION_OK"
12853,10409342546,10409342637,1,"IOTHUB_CLIENT_CONFIRMATION_OK"
12854,10409342746,10409342796,1,"IOTHUB_CLIENT_CONFIRMATION_OK"
12855,10409342947,10409342988,1,"IOTHUB_CLIENT_CONFIRMATION_OK"
12856,10409343147,10409343230,1,"IOTHUB_CLIENT_CONFIRMATION_OK"
12857,10409343347,10409343480,1,"IOTHUB_CLIENT_CONFIRMATION_OK"
12858,10409343547,10409343591,1,"IOTHUB_CLIENT_CONFIRMATION_OK"
12859,10409343747,10409343804,1,"IOTHUB_CLIENT_CONFIRMATION_OK"
12860,10409343947,10409343997,1,"IOTHUB_CLIENT_CONFIRMATION_OK"
12861,10409344148,10409344187,1,"IOTHUB_CLIENT_CONFIRMATION_OK"
12862,10409344348,10409344411,1,"IOTHUB_CLIENT_CONFIRMATION_OK"
12863,10409344548,10409344605,1,"IOTHUB_CLIENT_CONFIRMATION_OK"
12864,10409344748,10409344784,1,"IOTHUB_CLIENT_CONFIRMATION_OK"
12865,10409344948,10409345020,1,"IOTHUB_CLIENT_CONFIRMATION_OK"
12866,10409345148,10409345191,1,"IOTHUB_CLIENT_CONFIRMATION_OK"
12867,10409345348,10409345394,1,"IOTHUB_CLIENT_CONFIRMATION_OK"
12868,10409345549,10409345601,1,"IOTHUB_CLIENT_CONFIRMATION_OK"
12869,10409345749,10409345796,1,"IOTHUB_CLIENT_CONFIRMATION_OK"
12870,10409345949,10409346032,1,"IOTHUB_CLIENT_CONFIRMATION_OK"
12871,10409346149,10409346221,1,"IOTHUB_CLIENT_CONFIRMATION_OK"
12872,10409346349,10409346395,1,"IOTHUB_CLIENT_CONFIRMATION_OK"
12873,10409346549,10409346594,1,"IOTHUB_CLIENT_CONFIRMATION_OK"
12874,10409346750,10409346802,1,"IOTHUB_CLIENT_CONFIRMATION_OK"
12875,10409346950,10409347011,1,"IOTHUB_CLIENT_CONFIRMATION_OK"
12876,10409347150,10409347197,1,"IOTHUB_CLIENT_CONFIRMATION_OK"
12877,10409347350,10409347399,1,"IOTHUB_CLIENT_CONFIRMATION_OK"
12878,10409347550,10409347604,1,"IOTHUB_CLIENT_CONFIRMATION_OK"
12879,10409347750,10409347899,1,"IOTHUB_CLIENT_CONFIRMATION_OK"
12880,10409347951,10409347990,1,"IOTHUB_CLIENT_CONFIRMATION_OK"
12881,10409348151,10409348206,1,"IOTHUB_CLIENT_CONFIRMATION_OK"
12882,10409348351,10409348438,1,"IOTHUB_CLIENT_CONFIRMATION_OK"
12883,10409348551,10409348596,1,"IOTHUB_CLIENT_CONFIRMATION_OK"
12884,10409348751,10409348823,1,"IOTHUB_CLIENT_CONFIRMATION_OK"
12885,10409348951,10409349053,1,"IOTHUB_CLIENT_CONFIRMATION_OK"
12886,10409349151,10409349257,1,"IOTHUB_CLIENT_CONFIRMATION_OK"
12887,10409349352,10409349398,1,"IOTHUB_CLIENT_CONFIRMATION_OK"
12888,10409349552,10409349633,1,"IOTHUB_CLIENT_CONFIRMATION_OK"
12889,10409349752,10409349810,1,"IOTHUB_CLIENT_CONFIRMATION_OK"
12890,10409349952,10409350002,1,"IOTHUB_CLIENT_CONFIRMATION_OK"
12891,10409350152,10409350202,1,"IOTHUB_CLIENT_CONFIRMATION_OK"
12892,10409350352,10409350401,1,"IOTHUB_CLIENT_CONFIRMATION_OK"
12893,10409350553,10409350595,1,"IOTHUB_CLIENT_CONFIRMATION_OK"
12894,10409350753,10409350810,1,"IOTHUB_CLIENT_CONFIRMATION_OK"
12895,10409350953,10409351014,1,"IOTHUB_CLIENT_CONFIRMATION_OK"
12896,10409351153,10409351283,1,"IOTHUB_CLIENT_CONFIRMATION_OK"
12897,10409351353,10409351403,1,"IOTHUB_CLIENT_CONFIRMATION_OK"
12898,10409351553,10409351615,1,"IOTHUB_CLIENT_CONFIRMATION_OK"
12899,10409351753,10409351791,1,"IOTHUB_CLIENT_CONFIRMATION_OK"
12900,10409351954,10409352039,1,"IOTHUB_CLIENT_CONFIRMATION_OK"
12901,10409352154,10409352221,1,"IOTHUB_CLIENT_CONFIRMATION_OK"
12902,10409352354,10409352411,1,"IOTHUB_CLIENT_CONFIRMATION_OK"
12903,10409352554,10409352599,1,"IOTHUB_CLIENT_CONFIRMATION_OK"
12904,10409352754,10409352804,1,"IOTHUB_CLIENT_CONFIRMATION_OK"
12905,10409352954,10409352993,1,"IOTHUB_CLIENT_CONFIRMATION_OK"
12906,10409353155,10409353356,1,"IOTHUB_CLIENT_CONFIRMATION_OK"
12907,10409353355,10409353445,1,"IOTHUB_CLIENT_CONFIRMATION_OK"
12908,10409353555,10409353605,1,"IOTHUB_CLIENT_CONFIRMATION_OK"
12909,10409353755,10409353819,1,"IOTHUB_CLIENT_CONFIRMATION_OK"
12910,10409353955,10409354008,1,"IOTHUB_CLIENT_CONFIRMATION_OK"
12911,10409354155,10409354200,1,"IOTHUB_CLIENT_CONFIRMATION_OK"
12912,10409354356,10409354516,1,"IOTHUB_CLIENT_CONFIRMATION_OK"
12913,10409354556,10409354603,1,"IOTHUB_CLIENT_CONFIRMATION_OK"
12914,10409354756,10409354830,1,"IOTHUB_CLIENT_CONFIRMATION_OK"
12915,10409354956,10409355135,1,"IOTHUB_CLIENT_CONFIRMATION_OK"
12916,10409355156,10409355243,1,"IOTHUB_CLIENT_CONFIRMATION_OK"
12917,10409355356,10409355394,1,"IOTHUB_CLIENT_CONFIRMATION_OK"
12918,10409355557,10409355602,1,"IOTHUB_CLIENT_CONFIRMATION_OK"
12919,10409355757,10409355793,1,"IOTHUB_CLIENT_CONFIRMATION_OK"
12920,10409355957,10409356003,1,"IOTHUB_CLIENT_CONFIRMATION_OK"
12921,10409356157,10409356197,1,"IOTHUB_CLIENT_CONFIRMATION_OK"
12922,10409356357,10409356394,1,"IOTHUB_CLIENT_CONFIRMATION_OK"
12923,10409356557,10409356623,1,"IOTHUB_CLIENT_CONFIRMATION_OK"
12924,10409356758,10409356840,1,"IOTHUB_CLIENT_CONFIRMATION_OK"
12925,10409356958,10409357006,1,"IOTHUB_CLIENT_CONFIRMATION_OK"
12926,10409357158,10409357223,1,"IOTHUB_CLIENT_CONFIRMATION_OK"
12927,10409357358,10409357401,1,"IOTHUB_CLIENT_CONFIRMATION_OK"
12928,10409357558,10409357617,1,"IOTHUB_CLIENT_CONFIRMATION_OK"
12929,10409357758,10409357812,1,"IOTHUB_CLIENT_CONFIRMATION_OK"
12930,10409357958,10409358008,1,"IOTHUB_CLIENT_CONFIRMATION_OK"
12931,10409358159,10409358217,1,"IOTHUB_CLIENT_CONFIRMATION_OK"
12932,10409358359,10409358402,1,"IOTHUB_CLIENT_CONFIRMATION_OK"
12933,10409358559,10409358606,1,"IOTHUB_CLIENT_CONFIRMATION_OK"
12934,10409358759,10409358820,1,"IOTHUB_CLIENT_CONFIRMATION_OK"
12935,10409358959,10409359036,1,"IOTHUB_CLIENT_CONFIRMATION_OK"
12936,10409359159,10409359399,1,"IOTHUB_CLIENT_CONFIRMATION_OK"
12937,10409359360,10409359458,1,"IOTHUB_CLIENT_CONFIRMATION_OK"
12938,10409359560,10409359602,1,"IOTHUB_CLIENT_CONFIRMATION_OK"
12939,10409359760,10409359808,1,"IOTHUB_CLIENT_CONFIRMATION_OK"
12940,10409359960,10409360004,1,"IOTHUB_CLIENT_CONFIRMATION_OK"
12941,10409360160,10409360214,1,"IOTHUB_CLIENT_CONFIRMATION_OK"
12942,10409360360,10409360422,1,"IOTHUB_CLIENT_CONFIRMATION_OK"
12943,10409360561,10409360615,1,"IOTHUB_CLIENT_CONFIRMATION_OK"
12944,10409360761,10409360820,1,"IOTHUB_CLIENT_CONFIRMATION_OK"
12945,10409360961,10409361047,1,"IOTHUB_CLIENT_CONFIRMATION_OK"
12946,10409361161,10409361229,1,"IOTHUB_CLIENT_CONFIRMATION_OK"
12947,10409361361,10409361428,1,"IOTHUB_CLIENT_CONFIRMATION_OK"
12948,10409361561,10409361608,1,"IOTHUB_CLIENT_CONFIRMATION_OK"
12949,10409361762,10409361801,1,"IOTHUB_CLIENT_CONFIRMATION_OK"
12950,10409361962,10409362013,1,"IOTHUB_CLIENT_CONFIRMATION_OK"
12951,10409362162,10409362204,1,"IOTHUB_CLIENT_CONFIRMATION_OK"
12952,10409362362,10409362433,1,"IOTHUB_CLIENT_CONFIRMATION_OK"
12953,10409362562,10409362615,1,"IOTHUB_CLIENT_CONFIRMATION_OK"
12954,10409362762,10409362813,1,"IOTHUB_CLIENT_CONFIRMATION_OK"
12955,10409362962,10409363008,1,"IOTHUB_CLIENT_CONFIRMATION_OK"
12956,10409363163,10409363293,1,"IOTHUB_CLIENT_CONFIRMATION_OK"
12957,10409363363,10409363412,1,"IOTHUB_CLIENT_CONFIRMATION_OK"
12958,10409363563,10409363615,1,"IOTHUB_CLIENT_CONFIRMATION_OK"
12959,10409363763,10409363816,1,"IOTHUB_CLIENT_CONFIRMATION_OK"
12960,10409363963,10409364011,1,"IOTHUB_CLIENT_CONFIRMATION_OK"
12961,10409364163,10409364225,1,"IOTHUB_CLIENT_CONFIRMATION_OK"
12962,10409364364,10409364408,1,"IOTHUB_CLIENT_CONFIRMATION_OK"
12963,10409364564,10409364622,1,"IOTHUB_CLIENT_CONFIRMATION_OK"
12964,10409364764,10409364825,1,"IOTHUB_CLIENT_CONFIRMATION_OK"
12965,10409364964,10409365060,1,"IOTHUB_CLIENT_CONFIRMATION_OK"
12966,10409365164,10409365311,1,"IOTHUB_CLIENT_CONFIRMATION_OK"
12967,10409365364,10409365406,1,"IOTHUB_CLIENT_CONFIRMATION_OK"
12968,10409365564,10409365605,1,"IOTHUB_CLIENT_CONFIRMATION_OK"
12969,10409365765,10409365840,1,"IOTHUB_CLIENT_CONFIRMATION_OK"
12970,10409365965,10409366012,1,"IOTHUB_CLIENT_CONFIRMATION_OK"
12971,10409366165,10409366232,1,"IOTHUB_CLIENT_CONFIRMATION_OK"
12972,10409366365,10409366442,1,"IOTHUB_CLIENT_CONFIRMATION_OK"
12973,10409366565,10409366644,1,"IOTHUB_CLIENT_CONFIRMATION_OK"
12974,10409366765,10409366818,1,"IOTHUB_CLIENT_CONFIRMATION_OK"
12975,10409366966,10409367047,1,"IOTHUB_CLIENT_CONFIRMATION_OK"
12976,10409367166,10409367240,1,"IOTHUB_CLIENT_CONFIRMATION_OK"
12977,10409367366,10409367407,1,"IOTHUB_CLIENT_CONFIRMATION_OK"
12978,10409367566,10409367605,1,"IOTHUB_CLIENT_CONFIRMATION_OK"
12979,10409367766,10409367833,1,"IOTHUB_CLIENT_CONFIRMATION_OK"
12980,10409367966,10409368009,1,"IOTHUB_CLIENT_CONFIRMATION_OK"
12981,10409368166,10409368225,1,"IOTHUB_CLIENT_CONFIRMATION_OK"
12982,10409368367,10409368478,1,"IOTHUB_CLIENT_CONFIRMATION_OK"
12983,10409368567,10409368645,1,"IOTHUB_CLIENT_CONFIRMATION_OK"
12984,10409368767,10409368816,1,"IOTHUB_CLIENT_CONFIRMATION_OK"
12985,10409368967,10409369012,1,"IOTHUB_CLIENT_CONFIRMATION_OK"
12986,10409369167,10409369222,1,"IOTHUB_CLIENT_CONFIRMATION_OK"
12987,10409369367,10409369407,1,"IOTHUB_CLIENT_CONFIRMATION_OK"
12988,10409369568,10409369616,1,"IOTHUB_CLIENT_CONFIRMATION_OK"
12989,10409369768,10409369806,1,"IOTHUB_CLIENT_CONFIRMATION_OK"
12990,10409369968,10409370020,1,"IOTHUB_CLIENT_CONFIRMATION_OK"
12991,10409370168,10409370213,1,"IOTHUB_CLIENT_CONFIRMATION_OK"
12992,10409370368,10409370412,1,"IOTHUB_CLIENT_CONFIRMATION_OK"
12993,10409370568,10409370731,1,"IOTHUB_CLIENT_CONFIRMATION_OK"
12994,10409370769,10409370811,1,"IOTHUB_CLIENT_CONFIRMATION_OK"
12995,10409370969,10409371023,1,"IOTHUB_CLIENT_CONFIRMATION_OK"
12996,10409371169,10409371228,1,"IOTHUB_CLIENT_CONFIRMATION_OK"
12997,10409371369,10409371441,1,"IOTHUB_CLIENT_CONFIRMATION_OK"
12998,10409371569,10409371633,1,"IOTHUB_CLIENT_CONFIRMATION_OK"
12999,10409371769,10409371828,1,"IOTHUB_CLIENT_CONFIRMATION_OK"
13000,10409371969,10409372020,1,"IOTHUB_CLIENT_CONFIRMATION_OK"
13001,10409372170,10409372224,1,"IOTHUB_CLIENT_CONFIRMATION_OK"
13002,10409372370,10409372416,1,"IOTHUB_CLIENT_CONFIRMATION_OK"
13003,10409372570,10409372629,1,"IOTHUB_CLIENT_CONFIRMATION_OK"
13004,10409372770,10409372814,1,"IOTHUB_CLIENT_CONFIRMATION_OK"
13005,10409372970,10409373028,1,"IOTHUB_CLIENT_CONFIRMATION_OK"
13006,10409373170,10409373221,1,"IOTHUB_CLIENT_CONFIRMATION_OK"
13007,10409373370,10409373415,1,"IOTHUB_CLIENT_CONFIRMATION_OK"
13008,10409373571,10409373619,1,"IOTHUB_CLIENT_CONFIRMATION_OK"
13009,10409373771,10409373814,1,"IOTHUB_CLIENT_CONFIRMATION_OK"
13010,10409373971,10409374007,1,"IOTHUB_CLIENT_CONFIRMATION_OK"
13011,10409374171,10409374216,1,"IOTHUB_CLIENT_CONFIRMATION_OK"
13012,10409374371,10409374416,1,"IOTHUB_CLIENT_CONFIRMATION_OK"
13013,10409374571,10409374647,1,"IOTHUB_CLIENT_CONFIRMATION_OK"
13014,10409374772,10409374818,1,"IOTHUB_CLIENT_CONFIRMATION_OK"
13015,10409374972,10409375028,1,"IOTHUB_CLIENT_CONFIRMATION_OK"
13016,10409375172,10409375261,1,"IOTHUB_CLIENT_CONFIRMATION_OK"
13017,10409375372,10409375422,1,"IOTHUB_CLIENT_CONFIRMATION_OK"
13018,10409375572,10409375625,1,"IOTHUB_CLIENT_CONFIRMATION_OK"
13019,10409375772,10409375812,1,"IOTHUB_CLIENT_CONFIRMATION_OK"
13020,10409375973,10409376014,1,"IOTHUB_CLIENT_CONFIRMATION_OK"
13021,10409376173,10409376222,1,"IOTHUB_CLIENT_CONFIRMATION_OK"
13022,10409376373,10409376447,1,"IOTHUB_CLIENT_CONFIRMATION_OK"
13023,10409376573,10409376693,1,"IOTHUB_CLIENT_CONFIRMATION_OK"
13024,10409376773,10409376822,1,"IOTHUB_CLIENT_CONFIRMATION_OK"
13025,10409376973,10409377020,1,"IOTHUB_CLIENT_CONFIRMATION_OK"
13026,10409377174,10409377284,1,"IOTHUB_CLIENT_CONFIRMATION_OK"
13027,10409377374,10409377422,1,"IOTHUB_CLIENT_CONFIRMATION_OK"
13028,10409377574,10409377621,1,"IOTHUB_CLIENT_CONFIRMATION_OK"
13029,10409377774,10409377830,1,"IOTHUB_CLIENT_CONFIRMATION_OK"
13030,10409377974,10409378017,1,"IOTHUB_CLIENT_CONFIRMATION_OK"
13031,10409378174,10409378218,1,"IOTHUB_CLIENT_CONFIRMATION_OK"
13032,10409378375,10409378417,1,"IOTHUB_CLIENT_CONFIRMATION_OK"
13033,10409378575,10409378710,1,"IOTHUB_CLIENT_CONFIRMATION_OK"
13034,10409378775,10409378829,1,"IOTHUB_CLIENT_CONFIRMATION_OK"
13035,10409378975,10409379034,1,"IOTHUB_CLIENT_CONFIRMATION_OK"
13036,10409379175,10409379333,1,"IOTHUB_CLIENT_CONFIRMATION_OK"
13037,10409379375,10409379422,1,"IOTHUB_CLIENT_CONFIRMATION_OK"
13038,10409379576,10409379626,1,"IOTHUB_CLIENT_CONFIRMATION_OK"
13039,10409379776,10409379846,1,"IOTHUB_CLIENT_CONFIRMATION_OK"
13040,10409379976,10409380023,1,"IOTHUB_CLIENT_CONFIRMATION_OK"
13041,10409380176,10409380240,1,"IOTHUB_CLIENT_CONFIRMATION_OK"
13042,10409380376,10409380421,1,"IOTHUB_CLIENT_CONFIRMATION_OK"
13043,10409380576,10409380612,1,"IOTHUB_CLIENT_CONFIRMATION_OK"
13044,10409380776,10409380819,1,"IOTHUB_CLIENT_CONFIRMATION_OK"
13045,10409380977,10409381032,1,"IOTHUB_CLIENT_CONFIRMATION_OK"
13046,10409381177,10409381355,1,"IOTHUB_CLIENT_CONFIRMATION_OK"
13047,10409381377,10409381452,1,"IOTHUB_CLIENT_CONFIRMATION_OK"
13048,10409381577,10409381641,1,"IOTHUB_CLIENT_CONFIRMATION_OK"
13049,10409381777,10409381829,1,"IOTHUB_CLIENT_CONFIRMATION_OK"
13050,10409381977,10409382035,1,"IOTHUB_CLIENT_CONFIRMATION_OK"
13051,10409382178,10409382217,1,"IOTHUB_CLIENT_CONFIRMATION_OK"
13052,10409382378,10409382446,1,"IOTHUB_CLIENT_CONFIRMATION_OK"
13053,10409382578,10409382619,1,"IOTHUB_CLIENT_CONFIRMATION_OK"
13054,10409382778,10409382826,1,"IOTHUB_CLIENT_CONFIRMATION_OK"
13055,10409382978,10409383023,1,"IOTHUB_CLIENT_CONFIRMATION_OK"
13056,10409383178,10409383229,1,"IOTHUB_CLIENT_CONFIRMATION_OK"
13057,10409383378,10409383440,1,"IOTHUB_CLIENT_CONFIRMATION_OK"
13058,10409383579,10409383626,1,"IOTHUB_CLIENT_CONFIRMATION_OK"
13059,10409383779,10409383831,1,"IOTHUB_CLIENT_CONFIRMATION_OK"
13060,10409383979,10409384110,1,"IOTHUB_CLIENT_CONFIRMATION_OK"
13061,10409384179,10409384252,1,"IOTHUB_CLIENT_CONFIRMATION_OK"
13062,10409384379,10409384438,1,"IOTHUB_CLIENT_CONFIRMATION_OK"
13063,10409384579,10409384679,1,"IOTHUB_CLIENT_CONFIRMATION_OK"
13064,10409384780,10409384883,1,"IOTHUB_CLIENT_CONFIRMATION_OK"
13065,10409384980,10409385019,1,"IOTHUB_CLIENT_CONFIRMATION_OK"
13066,10409385180,10409385272,1,"IOTHUB_CLIENT_CONFIRMATION_OK"
13067,10409385380,10409385427,1,"IOTHUB_CLIENT_CONFIRMATION_OK"
13068,10409385580,10409385632,1,"IOTHUB_CLIENT_CONFIRMATION_OK"
13069,10409385780,10409385833,1,"IOTHUB_CLIENT_CONFIRMATION_OK"
13070,10409385980,10409386055,1,"IOTHUB_CLIENT_CONFIRMATION_OK"
13071,10409386181,10409386239,1,"IOTHUB_CLIENT_CONFIRMATION_OK"
13072,10409386381,10409386507,1,"IOTHUB_CLIENT_CONFIRMATION_OK"
13073,10409386581,10409386730,1,"IOTHUB_CLIENT_CONFIRMATION_OK"
13074,10409386781,10409386834,1,"IOTHUB_CLIENT_CONFIRMATION_OK"
13075,10409386981,10409387027,1,"IOTHUB_CLIENT_CONFIRMATION_OK"
13076,10409387181,10409387338,1,"IOTHUB_CLIENT_CONFIRMATION_OK"
13077,10409387382,10409387460,1,"IOTHUB_CLIENT_CONFIRMATION_OK"
13078,10409387582,10409387624,1,"IOTHUB_CLIENT_CONFIRMATION_OK"
13079,10409387782,10409387826,1,"IOTHUB_CLIENT_CONFIRMATION_OK"
13080,10409387982,10409388039,1,"IOTHUB_CLIENT_CONFIRMATION_OK"
13081,10409388182,10409388243,1,"IOTHUB_CLIENT_CONFIRMATION_OK"
13082,10409388382,10409388439,1,"IOTHUB_CLIENT_CONFIRMATION_OK"
13083,10409388583,10409388627,1,"IOTHUB_CLIENT_CONFIRMATION_OK"
13084,10409388783,10409388879,1,"IOTHUB_CLIENT_CONFIRMATION_OK"
13085,10409388983,10409389026,1,"IOTHUB_CLIENT_CONFIRMATION_OK"
13086,10409389183,10409389241,1,"IOTHUB_CLIENT_CONFIRMATION_OK"
13087,10409389383,10409389421,1,"IOTHUB_CLIENT_CONFIRMATION_OK"
13088,10409389583,10409389636,1,"IOTHUB_CLIENT_CONFIRMATION_OK"
13089,10409389784,10409389835,1,"IOTHUB_CLIENT_CONFIRMATION_OK"
13090,10409389984,10409390271,1,"IOTHUB_CLIENT_CONFIRMATION_OK"
13091,10409390184,10409390323,1,"IOTHUB_CLIENT_CONFIRMATION_OK"
13092,10409390384,10409390442,1,"IOTHUB_CLIENT_CONFIRMATION_OK"
13093,10409390584,10409390680,1,"IOTHUB_CLIENT_CONFIRMATION_OK"
13094,10409390784,10409390886,1,"IOTHUB_CLIENT_CONFIRMATION_OK"
13095,10409390984,10409391023,1,"IOTHUB_CLIENT_CONFIRMATION_OK"
13096,10409391185,10409391245,1,"IOTHUB_CLIENT_CONFIRMATION_OK"
13097,10409391385,10409391497,1,"IOTHUB_CLIENT_CONFIRMATION_OK"
13098,10409391585,10409391630,1,"IOTHUB_CLIENT_CONFIRMATION_OK"
13099,10409391785,10409391832,1,"IOTHUB_CLIENT_CONFIRMATION_OK"
13100,10409391985,10409392041,1,"IOTHUB_CLIENT_CONFIRMATION_OK"
13101,10409392185,10409392246,1,"IOTHUB_CLIENT_CONFIRMATION_OK"
13102,10409392386,10409392507,1,"IOTHUB_CLIENT_CONFIRMATION_OK"
13103,10409392586,10409392678,1,"IOTHUB_CLIENT_CONFIRMATION_OK"
13104,10409392786,10409392828,1,"IOTHUB_CLIENT_CONFIRMATION_OK"
13105,10409392986,10409393032,1,"IOTHUB_CLIENT_CONFIRMATION_OK"
13106,10409393186,10409393285,1,"IOTHUB_CLIENT_CONFIRMATION_OK"
13107,10409393386,10409393457,1,"IOTHUB_CLIENT_CONFIRMATION_OK"
13108,10409393587,10409393632,1,"IOTHUB_CLIENT_CONFIRMATION_OK"
13109,10409393787,10409393833,1,"IOTHUB_CLIENT_CONFIRMATION_OK"
13110,10409393987,10409394036,1,"IOTHUB_CLIENT_CONFIRMATION_OK"
13111,10409394187,10409394237,1,"IOTHUB_CLIENT_CONFIRMATION_OK"
13112,10409394387,10409394439,1,"IOTHUB_CLIENT_CONFIRMATION_OK"
13113,10409394587,10409394625,1,"IOTHUB_CLIENT_CONFIRMATION_OK"
13114,10409394787,10409394862,1,"IOTHUB_CLIENT_CONFIRMATION_OK"
13115,10409394988,10409395037,1,"IOTHUB_CLIENT_CONFIRMATION_OK"
13116,10409395188,10409395333,1,"IOTHUB_CLIENT_CONFIRMATION_OK"
13117,10409395388,10409395460,1,"IOTHUB_CLIENT_CONFIRMATION_OK"
13118,10409395588,10409395628,1,"IOTHUB_CLIENT_CONFIRMATION_OK"
13119,10409395788,10409395843,1,"IOTHUB_CLIENT_CONFIRMATION_OK"
13120,10409395988,10409396023,1,"IOTHUB_CLIENT_CONFIRMATION_OK"
13121,10409396189,10409396310,1,"IOTHUB_CLIENT_CONFIRMATION_OK"
13122,10409396389,10409396441,1,"IOTHUB_CLIENT_CONFIRMATION_OK"
13123,10409396589,10409396625,1,"IOTHUB_CLIENT_CONFIRMATION_OK"
13124,10409396789,10409396831,1,"IOTHUB_CLIENT_CONFIRMATION_OK"
13125,10409396989,10409397043,1,"IOTHUB_CLIENT_CONFIRMATION_OK"
13126,10409397189,10409397239,1,"IOTHUB_CLIENT_CONFIRMATION_OK"
13127,10409397389,10409397460,1,"IOTHUB_CLIENT_CONFIRMATION_OK"
13128,10409397590,10409397656,1,"IOTHUB_CLIENT_CONFIRMATION_OK"
13129,10409397790,10409397835,1,"IOTHUB_CLIENT_CONFIRMATION_OK"
13130,10409397990,10409398037,1,"IOTHUB_CLIENT_CONFIRMATION_OK"
13131,10409398190,10409398248,1,"IOTHUB_CLIENT_CONFIRMATION_OK"
13132,10409398390,10409398446,1,"IOTHUB_CLIENT_CONFIRMATION_OK"
13133,10409398590,10409398659,1,"IOTHUB_CLIENT_CONFIRMATION_OK"
13134,10409398791,10409398842,1,"IOTHUB_CLIENT_CONFIRMATION_OK"
13135,10409398991,10409399029,1,"IOTHUB_CLIENT_CONFIRMATION_OK"
13136,10409399191,10409399264,1,"IOTHUB_CLIENT_CONFIRMATION_OK"
13137,10409399391,10409399439,1,"IOTHUB_CLIENT_CONFIRMATION_OK"
13138,10409399591,10409399644,1,"IOTHUB_CLIENT_CONFIRMATION_OK"
13139,10409399791,10409399845,1,"IOTHUB_CLIENT_CONFIRMATION_OK"
13140,10409399992,10409400044,1,"IOTHUB_CLIENT_CONFIRMATION_OK"
13141,10409400192,10409400254,1,"IOTHUB_CLIENT_CONFIRMATION_OK"
13142,10409400392,10409400431,1,"IOTHUB_CLIENT_CONFIRMATION_OK"
13143,10409400592,10409400667,1,"IOTHUB_CLIENT_CONFIRMATION_OK"
13144,10409400792,10409400853,1,"IOTHUB_CLIENT_CONFIRMATION_OK"
13145,10409400992,10409401027,1,"IOTHUB_CLIENT_CONFIRMATION_OK"
13146,10409401193,10409401348,1,"IOTHUB_CLIENT_CONFIRMATION_OK"
13147,10409401393,10409401426,1,"IOTHUB_CLIENT_CONFIRMATION_OK"
13148,10409401593,10409401648,1,"IOTHUB_CLIENT_CONFIRMATION_OK"
13149,10409401793,10409401888,1,"IOTHUB_CLIENT_CONFIRMATION_OK"
13150,10409401993,10409402031,1,"IOTHUB_CLIENT_CONFIRMATION_OK"
13151,10409402193,10409402259,1,"IOTHUB_CLIENT_CONFIRMATION_OK"
13152,10409402394,10409402436,1,"IOTHUB_CLIENT_CONFIRMATION_OK"
13153,10409402594,10409402638,1,"IOTHUB_CLIENT_CONFIRMATION_OK"
13154,10409402794,10409402875,1,"IOTHUB_CLIENT_CONFIRMATION_OK"
13155,10409402994,10409403053,1,"IOTHUB_CLIENT_CONFIRMATION_OK"
13156,10409403194,10409403254,1,"IOTHUB_CLIENT_CONFIRMATION_OK"
13157,10409403394,10409403471,1,"IOTHUB_CLIENT_CONFIRMATION_OK"
13158,10409403594,10409403641,1,"IOTHUB_CLIENT_CONFIRMATION_OK"
13159,10409403795,10409403838,1,"IOTHUB_CLIENT_CONFIRMATION_OK"
13160,10409403995,10409404081,1,"IOTHUB_CLIENT_CONFIRMATION_OK"
13161,10409404195,10409404321,1,"IOTHUB_CLIENT_CONFIRMATION_OK"
13162,10409404395,10409404450,1,"IOTHUB_CLIENT_CONFIRMATION_OK"
13163,10409404595,10409404632,1,"IOTHUB_CLIENT_CONFIRMATION_OK"
13164,10409404795,10409404856,1,"IOTHUB_CLIENT_CONFIRMATION_OK"
13165,10409404996,10409405046,1,"IOTHUB_CLIENT_CONFIRMATION_OK"
13166,10409405196,10409405391,1,"IOTHUB_CLIENT_CONFIRMATION_OK"
13167,10409405396,10409405440,1,"IOTHUB_CLIENT_CONFIRMATION_OK"
13168,10409405596,10409405642,1,"IOTHUB_CLIENT_CONFIRMATION_OK"
13169,10409405796,10409405851,1,"IOTHUB_CLIENT_CONFIRMATION_OK"
13170,10409405996,10409406044,1,"IOTHUB_CLIENT_CONFIRMATION_OK"
13171,10409406196,10409406237,1,"IOTHUB_CLIENT_CONFIRMATION_OK"
13172,10409406397,10409406433,1,"IOTHUB_CLIENT_CONFIRMATION_OK"
13173,10409406597,10409406653,1,"IOTHUB_CLIENT_CONFIRMATION_OK"
13174,10409406797,10409406845,1,"IOTHUB_CLIENT_CONFIRMATION_OK"
13175,10409406997,10409407047,1,"IOTHUB_CLIENT_CONFIRMATION_OK"
13176,10409407197,10409407419,1,"IOTHUB_CLIENT_CONFIRMATION_OK"
13177,10409407397,10409407504,1,"IOTHUB_CLIENT_CONFIRMATION_OK"
13178,10409407598,10409407667,1,"IOTHUB_CLIENT_CONFIRMATION_OK"
13179,10409407798,10409407839,1,"IOTHUB_CLIENT_CONFIRMATION_OK"
13180,10409407998,10409408062,1,"IOTHUB_CLIENT_CONFIRMATION_OK"
13181,10409408198,10409408242,1,"IOTHUB_CLIENT_CONFIRMATION_OK"
13182,10409408398,10409408464,1,"IOTHUB_CLIENT_CONFIRMATION_OK"
13183,10409408598,10409408653,1,"IOTHUB_CLIENT_CONFIRMATION_OK"
13184,10409408798,10409408874,1,"IOTHUB_CLIENT_CONFIRMATION_OK"
13185,10409408999,10409409043,1,"IOTHUB_CLIENT_CONFIRMATION_OK"
13186,10409409199,10409409253,1,"IOTHUB_CLIENT_CONFIRMATION_OK"
13187,10409409399,10409409451,1,"IOTHUB_CLIENT_CONFIRMATION_OK"
13188,10409409599,10409409643,1,"IOTHUB_CLIENT_CONFIRMATION_OK"
13189,10409409799,10409409864,1,"IOTHUB_CLIENT_CONFIRMATION_OK"
13190,10409409999,10409410048,1,"IOTHUB_CLIENT_CONFIRMATION_OK"
13191,10409410200,10409410259,1,"IOTHUB_CLIENT_CONFIRMATION_OK"
13192,10409410400,10409410450,1,"IOTHUB_CLIENT_CONFIRMATION_OK"
13193,10409410600,10409410756,1,"IOTHUB_CLIENT_CONFIRMATION_OK"
13194,10409410800,10409410843,1,"IOTHUB_CLIENT_CONFIRMATION_OK"
13195,10409411000,10409411044,1,"IOTHUB_CLIENT_CONFIRMATION_OK"
13196,10409411200,10409411252,1,"IOTHUB_CLIENT_CONFIRMATION_OK"
13197,10409411401,10409411450,1,"IOTHUB_CLIENT_CONFIRMATION_OK"
13198,10409411601,10409411648,1,"IOTHUB_CLIENT_CONFIRMATION_OK"
13199,10409411801,10409411860,1,"IOTHUB_CLIENT_CONFIRMATION_OK"
13200,10409412001,10409412051,1,"IOTHUB_CLIENT_CONFIRMATION_OK"
13201,10409412201,10409412259,1,"IOTHUB_CLIENT_CONFIRMATION_OK"
13202,10409412401,10409412456,1,"IOTHUB_CLIENT_CONFIRMATION_OK"
13203,10409412602,10409412647,1,"IOTHUB_CLIENT_CONFIRMATION_OK"
13204,10409412802,10409412863,1,"IOTHUB_CLIENT_CONFIRMATION_OK"
13205,10409413002,10409413051,1,"IOTHUB_CLIENT_CONFIRMATION_OK"
13206,10409413202,10409413259,1,"IOTHUB_CLIENT_CONFIRMATION_OK"
13207,10409413402,10409413443,1,"IOTHUB_CLIENT_CONFIRMATION_OK"
13208,10409413602,10409413678,1,"IOTHUB_CLIENT_CONFIRMATION_OK"
13209,10409413803,10409413851,1,"IOTHUB_CLIENT_CONFIRMATION_OK"
13210,10409414003,10409414092,1,"IOTHUB_CLIENT_CONFIRMATION_OK"
13211,10409414203,10409414246,1,"IOTHUB_CLIENT_CONFIRMATION_OK"
13212,10409414403,10409414448,1,"IOTHUB_CLIENT_CONFIRMATION_OK"
13213,10409414603,10409414705,1,"IOTHUB_CLIENT_CONFIRMATION_OK"
13214,10409414803,10409414840,1,"IOTHUB_CLIENT_CONFIRMATION_OK"
13215,10409415003,10409415054,1,"IOTHUB_CLIENT_CONFIRMATION_OK"
13216,10409415204,10409415314,1,"IOTHUB_CLIENT_CONFIRMATION_OK"
13217,10409415404,10409415448,1,"IOTHUB_CLIENT_CONFIRMATION_OK"
13218,10409415604,10409415669,1,"IOTHUB_CLIENT_CONFIRMATION_OK"
13219,10409415804,10409415854,1,"IOTHUB_CLIENT_CONFIRMATION_OK"
13220,10409416004,10409416043,1,"IOTHUB_CLIENT_CONFIRMATION_OK"
13221,10409416204,10409416383,1,"IOTHUB_CLIENT_CONFIRMATION_OK"
13222,10409416404,10409416446,1,"IOTHUB_CLIENT_CONFIRMATION_OK"
13223,10409416605,10409416669,1,"IOTHUB_CLIENT_CONFIRMATION_OK"
13224,10409416805,10409416851,1,"IOTHUB_CLIENT_CONFIRMATION_OK"
13225,10409417005,10409417058,1,"IOTHUB_CLIENT_CONFIRMATION_OK"
13226,10409417205,10409417252,1,"IOTHUB_CLIENT_CONFIRMATION_OK"
13227,10409417405,10409417446,1,"IOTHUB_CLIENT_CONFIRMATION_OK"
13228,10409417605,10409417666,1,"IOTHUB_CLIENT_CONFIRMATION_OK"
13229,10409417806,10409417869,1,"IOTHUB_CLIENT_CONFIRMATION_OK"
13230,10409418006,10409418071,1,"IOTHUB_CLIENT_CONFIRMATION_OK"
13231,10409418206,10409418260,1,"IOTHUB_CLIENT_CONFIRMATION_OK"
13232,10409418406,10409418511,1,"IOTHUB_CLIENT_CONFIRMATION_OK"
13233,10409418606,10409418691,1,"IOTHUB_CLIENT_CONFIRMATION_OK"
13234,10409418806,10409418849,1,"IOTHUB_CLIENT_CONFIRMATION_OK"
13235,10409419006,10409419051,1,"IOTHUB_CLIENT_CONFIRMATION_OK"
13236,10409419207,10409419277,1,"IOTHUB_CLIENT_CONFIRMATION_OK"
13237,10409419407,10409419448,1,"IOTHUB_CLIENT_CONFIRMATION_OK"
13238,10409419607,10409419649,1,"IOTHUB_CLIENT_CONFIRMATION_OK"
13239,10409419807,10409419849,1,"IOTHUB_CLIENT_CONFIRMATION_OK"
13240,10409420007,10409420059,1,"IOTHUB_CLIENT_CONFIRMATION_OK"
13241,10409420207,10409420246,1,"IOTHUB_CLIENT_CONFIRMATION_OK"
13242,10409420408,10409420456,1,"IOTHUB_CLIENT_CONFIRMATION_OK"
13243,10409420608,10409420696,1,"IOTHUB_CLIENT_CONFIRMATION_OK"
13244,10409420808,10409420878,1,"IOTHUB_CLIENT_CONFIRMATION_OK"
13245,10409421008,10409421049,1,"IOTHUB_CLIENT_CONFIRMATION_OK"
13246,10409421208,10409421329,1,"IOTHUB_CLIENT_CONFIRMATION_OK"
13247,10409421408,10409421473,1,"IOTHUB_CLIENT_CONFIRMATION_OK"
13248,10409421609,10409421654,1,"IOTHUB_CLIENT_CONFIRMATION_OK"
13249,10409421809,10409421860,1,"IOTHUB_CLIENT_CONFIRMATION_OK"
13250,10409422009,10409422060,1,"IOTHUB_CLIENT_CONFIRMATION_OK"
13251,10409422209,10409422267,1,"IOTHUB_CLIENT_CONFIRMATION_OK"
13252,10409422409,10409422455,1,"IOTHUB_CLIENT_CONFIRMATION_OK"
13253,10409422609,10409422657,1,"IOTHUB_CLIENT_CONFIRMATION_OK"
13254,10409422809,10409422884,1,"IOTHUB_CLIENT_CONFIRMATION_OK"
13255,10409423010,10409423054,1,"IOTHUB_CLIENT_CONFIRMATION_OK"
13256,10409423210,10409423345,1,"IOTHUB_CLIENT_CONFIRMATION_OK"
13257,10409423410,10409423446,1,"IOTHUB_CLIENT_CONFIRMATION_OK"
13258,10409423610,10409423689,1,"IOTHUB_CLIENT_CONFIRMATION_OK"
13259,10409423810,10409423869,1,"IOTHUB_CLIENT_CONFIRMATION_OK"
13260,10409424010,10409424081,1,"IOTHUB_CLIENT_CONFIRMATION_OK"
13261,10409424211,10409424259,1,"IOTHUB_CLIENT_CONFIRMATION_OK"
13262,10409424411,10409424446,1,"IOTHUB_CLIENT_CONFIRMATION_OK"
13263,10409424611,10409424650,1,"IOTHUB_CLIENT_CONFIRMATION_OK"
13264,10409424811,10409424875,1,"IOTHUB_CLIENT_CONFIRMATION_OK"
13265,10409425011,10409425055,1,"IOTHUB_CLIENT_CONFIRMATION_OK"
13266,10409425211,10409425293,1,"IOTHUB_CLIENT_CONFIRMATION_OK"
13267,10409425411,10409425455,1,"IOTHUB_CLIENT_CONFIRMATION_OK"
13268,10409425612,10409425681,1,"IOTHUB_CLIENT_CONFIRMATION_OK"
13269,10409425812,10409425894,1,"IOTHUB_CLIENT_CONFIRMATION_OK"
13270,10409426012,10409426072,1,"IOTHUB_CLIENT_CONFIRMATION_OK"
13271,10409426212,10409426263,1,"IOTHUB_CLIENT_CONFIRMATION_OK"
13272,10409426412,10409426473,1,"IOTHUB_CLIENT_CONFIRMATION_OK"
13273,10409426612,10409426731,1,"IOTHUB_CLIENT_CONFIRMATION_OK"
13274,10409426813,10409426863,1,"IOTHUB_CLIENT_CONFIRMATION_OK"
13275,10409427013,10409427083,1,"IOTHUB_CLIENT_CONFIRMATION_OK"
13276,10409427213,10409427281,1,"IOTHUB_CLIENT_CONFIRMATION_OK"
13277,10409427413,10409427473,1,"IOTHUB_CLIENT_CONFIRMATION_OK"
13278,10409427613,10409427680,1,"IOTHUB_CLIENT_CONFIRMATION_OK"
13279,10409427813,10409427880,1,"IOTHUB_CLIENT_CONFIRMATION_OK"
13280,10409428013,10409428071,1,"IOTHUB_CLIENT_CONFIRMATION_OK"
13281,10409428214,10409428267,1,"IOTHUB_CLIENT_CONFIRMATION_OK"
13282,10409428414,10409428450,1,"IOTHUB_CLIENT_CONFIRMATION_OK"
13283,10409428614,10409428660,1,"IOTHUB_CLIENT_CONFIRMATION_OK"
13284,10409428814,10409428862,1,"IOTHUB_CLIENT_CONFIRMATION_OK"
13285,10409429014,10409429054,1,"IOTHUB_CLIENT_CONFIRMATION_OK"
13286,10409429214,10409429263,1,"IOTHUB_CLIENT_CONFIRMATION_OK"
13287,10409429415,10409429478,1,"IOTHUB_CLIENT_CONFIRMATION_OK"
13288,10409429615,10409429646,1,"IOTHUB_CLIENT_CONFIRMATION_OK"
13289,10409429815,10409429903,1,"IOTHUB_CLIENT_CONFIRMATION_OK"
13290,10409430015,10409430082,1,"IOTHUB_CLIENT_CONFIRMATION_OK"
13291,10409430215,10409430299,1,"IOTHUB_CLIENT_CONFIRMATION_OK"
13292,10409430415,10409430470,1,"IOTHUB_CLIENT_CONFIRMATION_OK"
13293,10409430616,10409430677,1,"IOTHUB_CLIENT_CONFIRMATION_OK"
13294,10409430816,10409430859,1,"IOTHUB_CLIENT_CONFIRMATION_OK"
13295,10409431016,10409431063,1,"IOTHUB_CLIENT_CONFIRMATION_OK"
13296,10409431216,10409431339,1,"IOTHUB_CLIENT_CONFIRMATION_OK"
13297,10409431416,10409431522,1,"IOTHUB_CLIENT_CONFIRMATION_OK"
13298,10409431616,10409431737,1,"IOTHUB_CLIENT_CONFIRMATION_OK"
13299,10409431817,10409431877,1,"IOTHUB_CLIENT_CONFIRMATION_OK"
13300,10409432017,10409432056,1,"IOTHUB_CLIENT_CONFIRMATION_OK"
13301,10409432217,10409432261,1,"IOTHUB_CLIENT_CONFIRMATION_OK"
13302,10409432417,10409432458,1,"IOTHUB_CLIENT_CONFIRMATION_OK"
13303,10409432617,10409432658,1,"IOTHUB_CLIENT_CONFIRMATION_OK"
13304,10409432817,10409432862,1,"IOTHUB_CLIENT_CONFIRMATION_OK"
13305,10409433017,10409433057,1,"IOTHUB_CLIENT_CONFIRMATION_OK"
13306,10409433218,10409433378,1,"IOTHUB_CLIENT_CONFIRMATION_OK"
13307,10409433418,10409433458,1,"IOTHUB_CLIENT_CONFIRMATION_OK"
13308,10409433618,10409433678,1,"IOTHUB_CLIENT_CONFIRMATION_OK"
13309,10409433818,10409433879,1,"IOTHUB_CLIENT_CONFIRMATION_OK"
13310,10409434018,10409434067,1,"IOTHUB_CLIENT_CONFIRMATION_OK"
13311,10409434218,10409434262,1,"IOTHUB_CLIENT_CONFIRMATION_OK"
13312,10409434418,10409434471,1,"IOTHUB_CLIENT_CONFIRMATION_OK"
13313,10409434619,10409434669,1,"IOTHUB_CLIENT_CONFIRMATION_OK"
13314,10409434819,10409434874,1,"IOTHUB_CLIENT_CONFIRMATION_OK"
13315,10409435019,10409435088,1,"IOTHUB_CLIENT_CONFIRMATION_OK"
13316,10409435219,10409435260,1,"IOTHUB_CLIENT_CONFIRMATION_OK"
13317,10409435419,10409435465,1,"IOTHUB_CLIENT_CONFIRMATION_OK"
13318,10409435619,10409435673,1,"IOTHUB_CLIENT_CONFIRMATION_OK"
13319,10409435820,10409435905,1,"IOTHUB_CLIENT_CONFIRMATION_OK"
13320,10409436020,10409436074,1,"IOTHUB_CLIENT_CONFIRMATION_OK"
13321,10409436220,10409436279,1,"IOTHUB_CLIENT_CONFIRMATION_OK"
13322,10409436420,10409436464,1,"IOTHUB_CLIENT_CONFIRMATION_OK"
13323,10409436620,10409436683,1,"IOTHUB_CLIENT_CONFIRMATION_OK"
13324,10409436820,10409436864,1,"IOTHUB_CLIENT_CONFIRMATION_OK"
13325,10409437021,10409437088,1,"IOTHUB_CLIENT_CONFIRMATION_OK"
13326,10409437221,10409437333,1,"IOTHUB_CLIENT_CONFIRMATION_OK"
13327,10409437421,10409437480,1,"IOTHUB_CLIENT_CONFIRMATION_OK"
13328,10409437621,10409437667,1,"IOTHUB_CLIENT_CONFIRMATION_OK"
13329,10409437821,10409437878,1,"IOTHUB_CLIENT_CONFIRMATION_OK"
13330,10409438021,10409438060,1,"IOTHUB_CLIENT_CONFIRMATION_OK"
13331,10409438222,10409438272,1,"IOTHUB_CLIENT_CONFIRMATION_OK"
13332,10409438422,10409438481,1,"IOTHUB_CLIENT_CONFIRMATION_OK"
13333,10409438622,10409438678,1,"IOTHUB_CLIENT_CONFIRMATION_OK"
13334,10409438822,10409438873,1,"IOTHUB_CLIENT_CONFIRMATION_OK"
13335,10409439022,10409439071,1,"IOTHUB_CLIENT_CONFIRMATION_OK"
13336,10409439222,10409439373,1,"IOTHUB_CLIENT_CONFIRMATION_OK"
13337,10409439423,10409439463,1,"IOTHUB_CLIENT_CONFIRMATION_OK"
13338,10409439623,10409439670,1,"IOTHUB_CLIENT_CONFIRMATION_OK"
13339,10409439823,10409439861,1,"IOTHUB_CLIENT_CONFIRMATION_OK"
13340,10409440023,10409440091,1,"IOTHUB_CLIENT_CONFIRMATION_OK"
13341,10409440223,10409440279,1,"IOTHUB_CLIENT_CONFIRMATION_OK"
13342,10409440423,10409440492,1,"IOTHUB_CLIENT_CONFIRMATION_OK"
13343,10409440623,10409440669,1,"IOTHUB_CLIENT_CONFIRMATION_OK"
13344,10409440824,10409441007,1,"IOTHUB_CLIENT_CONFIRMATION_OK"
13345,10409441024,10409441101,1,"IOTHUB_CLIENT_CONFIRMATION_OK"
13346,10409441224,10409441268,1,"IOTHUB_CLIENT_CONFIRMATION_OK"
13347,10409441424,10409441481,1,"IOTHUB_CLIENT_CONFIRMATION_OK"
13348,10409441624,10409441667,1,"IOTHUB_CLIENT_CONFIRMATION_OK"
13349,10409441824,10409441870,1,"IOTHUB_CLIENT_CONFIRMATION_OK"
13350,10409442025,10409442067,1,"IOTHUB_CLIENT_CONFIRMATION_OK"
13351,10409442225,10409442290,1,"IOTHUB_CLIENT_CONFIRMATION_OK"
13352,10409442425,10409442473,1,"IOTHUB_CLIENT_CONFIRMATION_OK"
13353,10409442625,10409442679,1,"IOTHUB_CLIENT_CONFIRMATION_OK"
13354,10409442825,10409442881,1,"IOTHUB_CLIENT_CONFIRMATION_OK"
13355,10409443025,10409443064,1,"IOTHUB_CLIENT_CONFIRMATION_OK"
13356,10409443225,10409443360,1,"IOTHUB_CLIENT_CONFIRMATION_OK"
13357,10409443426,10409443476,1,"IOTHUB_CLIENT_CONFIRMATION_OK"
13358,10409443626,10409443715,1,"IOTHUB_CLIENT_CONFIRMATION_OK"
13359,10409443826,10409443863,1,"IOTHUB_CLIENT_CONFIRMATION_OK"
13360,10409444026,10409444066,1,"IOTHUB_CLIENT_CONFIRMATION_OK"
13361,10409444226,10409444265,1,"IOTHUB_CLIENT_CONFIRMATION_OK"
13362,10409444426,10409444497,1,"IOTHUB_CLIENT_CONFIRMATION_OK"
13363,10409444627,10409444692,1,"IOTHUB_CLIENT_CONFIRMATION_OK"
13364,10409444827,10409444888,1,"IOTHUB_CLIENT_CONFIRMATION_OK"
13365,10409445027,10409445073,1,"IOTHUB_CLIENT_CONFIRMATION_OK"
13366,10409445227,10409445292,1,"IOTHUB_CLIENT_CONFIRMATION_OK"
13367,10409445427,10409445498,1,"IOTHUB_CLIENT_CONFIRMATION_OK"
13368,10409445627,10409445675,1,"IOTHUB_CLIENT_CONFIRMATION_OK"
13369,10409445827,10409445886,1,"IOTHUB_CLIENT_CONFIRMATION_OK"
13370,10409446028,10409446086,1,"IOTHUB_CLIENT_CONFIRMATION_OK"
13371,10409446228,10409446268,1,"IOTHUB_CLIENT_CONFIRMATION_OK"
13372,10409446428,10409446505,1,"IOTHUB_CLIENT_CONFIRMATION_OK"
13373,10409446628,10409446678,1,"IOTHUB_CLIENT_CONFIRMATION_OK"
13374,10409446828,10409446872,1,"IOTHUB_CLIENT_CONFIRMATION_OK"
13375,10409447028,10409447077,1,"IOTHUB_CLIENT_CONFIRMATION_OK"
13376,10409447228,10409447319,1,"IOTHUB_CLIENT_CONFIRMATION_OK"
13377,10409447429,10409447476,1,"IOTHUB_CLIENT_CONFIRMATION_OK"
13378,10409447629,10409447674,1,"IOTHUB_CLIENT_CONFIRMATION_OK"
13379,10409447829,10409447874,1,"IOTHUB_CLIENT_CONFIRMATION_OK"
13380,10409448029,10409448094,1,"IOTHUB_CLIENT_CONFIRMATION_OK"
13381,10409448229,10409448289,1,"IOTHUB_CLIENT_CONFIRMATION_OK"
13382,10409448429,10409448478,1,"IOTHUB_CLIENT_CONFIRMATION_OK"
13383,10409448630,10409448693,1,"IOTHUB_CLIENT_CONFIRMATION_OK"
13384,10409448830,10409448875,1,"IOTHUB_CLIENT_CONFIRMATION_OK"
13385,10409449030,10409449081,1,"IOTHUB_CLIENT_CONFIRMATION_OK"
13386,10409449230,10409449349,1,"IOTHUB_CLIENT_CONFIRMATION_OK"
13387,10409449430,10409449471,1,"IOTHUB_CLIENT_CONFIRMATION_OK"
13388,10409449630,10409449739,1,"IOTHUB_CLIENT_CONFIRMATION_OK"
13389,10409449830,10409450031,1,"IOTHUB_CLIENT_CONFIRMATION_OK"
13390,10409450031,10409450078,1,"IOTHUB_CLIENT_CONFIRMATION_OK"
13391,10409450231,10409450291,1,"IOTHUB_CLIENT_CONFIRMATION_OK"
13392,10409450431,10409450478,1,"IOTHUB_CLIENT_CONFIRMATION_OK"
13393,10409450631,10409450683,1,"IOTHUB_CLIENT_CONFIRMATION_OK"
13394,10409450831,10409450878,1,"IOTHUB_CLIENT_CONFIRMATION_OK"
13395,10409451031,10409451096,1,"IOTHUB_CLIENT_CONFIRMATION_OK"
13396,10409451231,10409451392,1,"IOTHUB_CLIENT_CONFIRMATION_OK"
13397,10409451432,10409451482,1,"IOTHUB_CLIENT_CONFIRMATION_OK"
13398,10409451632,10409451707,1,"IOTHUB_CLIENT_CONFIRMATION_OK"
13399,10409451832,10409451888,1,"IOTHUB_CLIENT_CONFIRMATION_OK"
13400,10409452032,10409452122,1,"IOTHUB_CLIENT_CONFIRMATION_OK"
13401,10409452232,10409452284,1,"IOTHUB_CLIENT_CONFIRMATION_OK"
13402,10409452432,10409452467,1,"IOTHUB_CLIENT_CONFIRMATION_OK"
13403,10409452633,10409452671,1,"IOTHUB_CLIENT_CONFIRMATION_OK"
13404,10409452833,10409452916,1,"IOTHUB_CLIENT_CONFIRMATION_OK"
13405,10409453033,10409453084,1,"IOTHUB_CLIENT_CONFIRMATION_OK"
13406,10409453233,10409453270,1,"IOTHUB_CLIENT_CONFIRMATION_OK"
13407,10409453433,10409453493,1,"IOTHUB_CLIENT_CONFIRMATION_OK"
13408,10409453633,10409453689,1,"IOTHUB_CLIENT_CONFIRMATION_OK"
13409,10409453834,10409453885,1,"IOTHUB_CLIENT_CONFIRMATION_OK"
13410,10409454034,10409454087,1,"IOTHUB_CLIENT_CONFIRMATION_OK"
13411,10409454234,10409454319,1,"IOTHUB_CLIENT_CONFIRMATION_OK"
13412,10409454434,10409454487,1,"IOTHUB_CLIENT_CONFIRMATION_OK"
13413,10409454634,10409454703,1,"IOTHUB_CLIENT_CONFIRMATION_OK"
13414,10409454834,10409454879,1,"IOTHUB_CLIENT_CONFIRMATION_OK"
13415,10409455034,10409455216,1,"IOTHUB_CLIENT_CONFIRMATION_OK"
13416,10409455235,10409455353,1,"IOTHUB_CLIENT_CONFIRMATION_OK"
13417,10409455435,10409455476,1,"IOTHUB_CLIENT_CONFIRMATION_OK"
13418,10409455635,10409455683,1,"IOTHUB_CLIENT_CONFIRMATION_OK"
13419,10409455835,10409455889,1,"IOTHUB_CLIENT_CONFIRMATION_OK"
13420,10409456035,10409456081,1,"IOTHUB_CLIENT_CONFIRMATION_OK"
13421,10409456235,10409456290,1,"IOTHUB_CLIENT_CONFIRMATION_OK"
13422,10409456436,10409456511,1,"IOTHUB_CLIENT_CONFIRMATION_OK"
13423,10409456636,10409456713,1,"IOTHUB_CLIENT_CONFIRMATION_OK"
13424,10409456836,10409456880,1,"IOTHUB_CLIENT_CONFIRMATION_OK"
13425,10409457036,10409457091,1,"IOTHUB_CLIENT_CONFIRMATION_OK"
13426,10409457236,10409457338,1,"IOTHUB_CLIENT_CONFIRMATION_OK"
13427,10409457436,10409457499,1,"IOTHUB_CLIENT_CONFIRMATION_OK"
13428,10409457637,10409457680,1,"IOTHUB_CLIENT_CONFIRMATION_OK"
13429,10409457837,10409457891,1,"IOTHUB_CLIENT_CONFIRMATION_OK"
13430,10409458037,10409458096,1,"IOTHUB_CLIENT_CONFIRMATION_OK"
13431,10409458237,10409458281,1,"IOTHUB_CLIENT_CONFIRMATION_OK"
13432,10409458437,10409458475,1,"IOTHUB_CLIENT_CONFIRMATION_OK"
13433,10409458637,10409458682,1,"IOTHUB_CLIENT_CONFIRMATION_OK"
13434,10409458838,10409458883,1,"IOTHUB_CLIENT_CONFIRMATION_OK"
13435,10409459038,10409459080,1,"IOTHUB_CLIENT_CONFIRMATION_OK"
13436,10409459238,10409459387,1,"IOTHUB_CLIENT_CONFIRMATION_OK"
13437,10409459438,10409459507,1,"IOTHUB_CLIENT_CONFIRMATION_OK"
13438,10409459638,10409459699,1,"IOTHUB_CLIENT_CONFIRMATION_OK"
13439,10409459838,10409459883,1,"IOTHUB_CLIENT_CONFIRMATION_OK"
13440,10409460039,10409460102,1,"IOTHUB_CLIENT_CONFIRMATION_OK"
13441,10409460239,10409460306,1,"IOTHUB_CLIENT_CONFIRMATION_OK"
13442,10409460439,10409460521,1,"IOTHUB_CLIENT_CONFIRMATION_OK"
13443,10409460639,10409460790,1,"IOTHUB_CLIENT_CONFIRMATION_OK"
13444,10409460839,10409460890,1,"IOTHUB_CLIENT_CONFIRMATION_OK"
13445,10409461039,10409461082,1,"IOTHUB_CLIENT_CONFIRMATION_OK"
13446,10409461240,10409461290,1,"IOTHUB_CLIENT_CONFIRMATION_OK"
13447,10409461440,10409461487,1,"IOTHUB_CLIENT_CONFIRMATION_OK"
13448,10409461640,10409461688,1,"IOTHUB_CLIENT_CONFIRMATION_OK"
13449,10409461840,10409461888,1,"IOTHUB_CLIENT_CONFIRMATION_OK"
13450,10409462040,10409462090,1,"IOTHUB_CLIENT_CONFIRMATION_OK"
13451,10409462240,10409462288,1,"IOTHUB_CLIENT_CONFIRMATION_OK"
13452,10409462440,10409462490,1,"IOTHUB_CLIENT_CONFIRMATION_OK"
13453,10409462641,10409462687,1,"IOTHUB_CLIENT_CONFIRMATION_OK"
13454,10409462841,10409462888,1,"IOTHUB_CLIENT_CONFIRMATION_OK"
13455,10409463041,10409463161,1,"IOTHUB_CLIENT_CONFIRMATION_OK"
13456,10409463241,10409463293,1,"IOTHUB_CLIENT_CONFIRMATION_OK"
13457,10409463441,10409463482,1,"IOTHUB_CLIENT_CONFIRMATION_OK"
13458,10409463641,10409463694,1,"IOTHUB_CLIENT_CONFIRMATION_OK"
13459,10409463842,10409463912,1,"IOTHUB_CLIENT_CONFIRMATION_OK"
13460,10409464042,10409464081,1,"IOTHUB_CLIENT_CONFIRMATION_OK"
13461,10409464242,10409464307,1,"IOTHUB_CLIENT_CONFIRMATION_OK"
13462,10409464442,10409464510,1,"IOTHUB_CLIENT_CONFIRMATION_OK"
13463,10409464642,10409464720,1,"IOTHUB_CLIENT_CONFIRMATION_OK"
13464,10409464842,10409464894,1,"IOTHUB_CLIENT_CONFIRMATION_OK"
13465,10409465043,10409465084,1,"IOTHUB_CLIENT_CONFIRMATION_OK"
13466,10409465243,10409465405,1,"IOTHUB_CLIENT_CONFIRMATION_OK"
13467,10409465443,10409465487,1,"IOTHUB_CLIENT_CONFIRMATION_OK"
13468,10409465643,10409465695,1,"IOTHUB_CLIENT_CONFIRMATION_OK"
13469,10409465843,10409465900,1,"IOTHUB_CLIENT_CONFIRMATION_OK"
13470,10409466043,10409466116,1,"IOTHUB_CLIENT_CONFIRMATION_OK"
13471,10409466243,10409466290,1,"IOTHUB_CLIENT_CONFIRMATION_OK"
13472,10409466444,10409466522,1,"IOTHUB_CLIENT_CONFIRMATION_OK"
13473,10409466644,10409466685,1,"IOTHUB_CLIENT_CONFIRMATION_OK"
13474,10409466844,10409466908,1,"IOTHUB_CLIENT_CONFIRMATION_OK"
13475,10409467044,10409467093,1,"IOTHUB_CLIENT_CONFIRMATION_OK"
13476,10409467244,10409467290,1,"IOTHUB_CLIENT_CONFIRMATION_OK"
13477,10409467445,10409467493,1,"IOTHUB_CLIENT_CONFIRMATION_OK"
13478,10409467645,10409467703,1,"IOTHUB_CLIENT_CONFIRMATION_OK"
13479,10409467845,10409467886,1,"IOTHUB_CLIENT_CONFIRMATION_OK"
13480,10409468045,10409468090,1,"IOTHUB_CLIENT_CONFIRMATION_OK"
13481,10409468245,10409468291,1,"IOTHUB_CLIENT_CONFIRMATION_OK"
13482,10409468445,10409468495,1,"IOTHUB_CLIENT_CONFIRMATION_OK"
13483,10409468645,10409468698,1,"IOTHUB_CLIENT_CONFIRMATION_OK"
13484,10409468846,10409468949,1,"IOTHUB_CLIENT_CONFIRMATION_OK"
13485,10409469046,10409469122,1,"IOTHUB_CLIENT_CONFIRMATION_OK"
13486,10409469246,10409469316,1,"IOTHUB_CLIENT_CONFIRMATION_OK"
13487,10409469446,10409469559,1,"IOTHUB_CLIENT_CONFIRMATION_OK"
13488,10409469646,10409469698,1,"IOTHUB_CLIENT_CONFIRMATION_OK"
13489,10409469846,10409469916,1,"IOTHUB_CLIENT_CONFIRMATION_OK"
13490,10409470047,10409470093,1,"IOTHUB_CLIENT_CONFIRMATION_OK"
13491,10409470247,10409470286,1,"IOTHUB_CLIENT_CONFIRMATION_OK"
13492,10409470447,10409470485,1,"IOTHUB_CLIENT_CONFIRMATION_OK"
13493,10409470647,10409470724,1,"IOTHUB_CLIENT_CONFIRMATION_OK"
13494,10409470847,10409470892,1,"IOTHUB_CLIENT_CONFIRMATION_OK"
13495,10409471047,10409471107,1,"IOTHUB_CLIENT_CONFIRMATION_OK"
13496,10409471247,10409471336,1,"IOTHUB_CLIENT_CONFIRMATION_OK"
13497,10409471448,10409471495,1,"IOTHUB_CLIENT_CONFIRMATION_OK"
13498,10409471648,10409471826,1,"IOTHUB_CLIENT_CONFIRMATION_OK"
13499,10409471848,10409471895,1,"IOTHUB_CLIENT_CONFIRMATION_OK"
13500,10409472048,10409472121,1,"IOTHUB_CLIENT_CONFIRMATION_OK"
13501,10409472248,10409472299,1,"IOTHUB_CLIENT_CONFIRMATION_OK"
13502,10409472448,10409472529,1,"IOTHUB_CLIENT_CONFIRMATION_OK"
13503,10409472648,10409472793,1,"IOTHUB_CLIENT_CONFIRMATION_OK"
13504,10409472849,10409472897,1,"IOTHUB_CLIENT_CONFIRMATION_OK"
13505,10409473049,10409473092,1,"IOTHUB_CLIENT_CONFIRMATION_OK"
13506,10409473249,10409473307,1,"IOTHUB_CLIENT_CONFIRMATION_OK"
13507,10409473449,10409473502,1,"IOTHUB_CLIENT_CONFIRMATION_OK"
13508,10409473649,10409473693,1,"IOTHUB_CLIENT_CONFIRMATION_OK"
13509,10409473849,10409473911,1,"IOTHUB_CLIENT_CONFIRMATION_OK"
13510,10409474050,10409474091,1,"IOTHUB_CLIENT_CONFIRMATION_OK"
13511,10409474250,10409474300,1,"IOTHUB_CLIENT_CONFIRMATION_OK"
13512,10409474450,10409474489,1,"IOTHUB_CLIENT_CONFIRMATION_OK"
13513,10409474650,10409474737,1,"IOTHUB_CLIENT_CONFIRMATION_OK"
13514,10409474850,10409474914,1,"IOTHUB_CLIENT_CONFIRMATION_OK"
13515,10409475050,10409475095,1,"IOTHUB_CLIENT_CONFIRMATION_OK"
13516,10409475250,10409475345,1,"IOTHUB_CLIENT_CONFIRMATION_OK"
13517,10409475451,10409475497,1,"IOTHUB_CLIENT_CONFIRMATION_OK"
13518,10409475651,10409475748,1,"IOTHUB_CLIENT_CONFIRMATION_OK"
13519,10409475851,10409475901,1,"IOTHUB_CLIENT_CONFIRMATION_OK"
13520,10409476051,10409476122,1,"IOTHUB_CLIENT_CONFIRMATION_OK"
13521,10409476251,10409476303,1,"IOTHUB_CLIENT_CONFIRMATION_OK"
13522,10409476451,10409476519,1,"IOTHUB_CLIENT_CONFIRMATION_OK"
13523,10409476652,10409476729,1,"IOTHUB_CLIENT_CONFIRMATION_OK"
13524,10409476852,10409476938,1,"IOTHUB_CLIENT_CONFIRMATION_OK"
13525,10409477052,10409477124,1,"IOTHUB_CLIENT_CONFIRMATION_OK"
13526,10409477252,10409477392,1,"IOTHUB_CLIENT_CONFIRMATION_OK"
13527,10409477452,10409477497,1,"IOTHUB_CLIENT_CONFIRMATION_OK"
13528,10409477652,10409477699,1,"IOTHUB_CLIENT_CONFIRMATION_OK"
13529,10409477852,10409477919,1,"IOTHUB_CLIENT_CONFIRMATION_OK"
13530,10409478053,10409478115,1,"IOTHUB_CLIENT_CONFIRMATION_OK"
13531,10409478253,10409478295,1,"IOTHUB_CLIENT_CONFIRMATION_OK"
13532,10409478453,10409478493,1,"IOTHUB_CLIENT_CONFIRMATION_OK"
13533,10409478653,10409478694,1,"IOTHUB_CLIENT_CONFIRMATION_OK"
13534,10409478853,10409478892,1,"IOTHUB_CLIENT_CONFIRMATION_OK"
13535,10409479053,10409479097,1,"IOTHUB_CLIENT_CONFIRMATION_OK"
13536,10409479254,10409479306,1,"IOTHUB_CLIENT_CONFIRMATION_OK"
13537,10409479454,10409479500,1,"IOTHUB_CLIENT_CONFIRMATION_OK"
13538,10409479654,10409479704,1,"IOTHUB_CLIENT_CONFIRMATION_OK"
13539,10409479854,10409479908,1,"IOTHUB_CLIENT_CONFIRMATION_OK"
13540,10409480054,10409480971,1,"IOTHUB_CLIENT_CONFIRMATION_OK"
13541,10409480254,10409481069,1,"IOTHUB_CLIENT_CONFIRMATION_OK"
13542,10409480454,10409481143,1,"IOTHUB_CLIENT_CONFIRMATION_OK"
13543,10409480655,10409481204,1,"IOTHUB_CLIENT_CONFIRMATION_OK"
13544,10409480855,10409481354,1,"IOTHUB_CLIENT_CONFIRMATION_OK"
13545,10409481055,10409481514,1,"IOTHUB_CLIENT_CONFIRMATION_OK"
13546,10409481255,10409481580,1,"IOTHUB_CLIENT_CONFIRMATION_OK"
13547,10409481455,10409481635,1,"IOTHUB_CLIENT_CONFIRMATION_OK"
13548,10409481655,10409481722,1,"IOTHUB_CLIENT_CONFIRMATION_OK"
13549,10409481856,10409481913,1,"IOTHUB_CLIENT_CONFIRMATION_OK"
13550,10409482056,10409482134,1,"IOTHUB_CLIENT_CONFIRMATION_OK"
13551,10409482256,10409482336,1,"IOTHUB_CLIENT_CONFIRMATION_OK"
13552,10409482456,10409482499,1,"IOTHUB_CLIENT_CONFIRMATION_OK"
13553,10409482656,10409482712,1,"IOTHUB_CLIENT_CONFIRMATION_OK"
13554,10409482856,10409482971,1,"IOTHUB_CLIENT_CONFIRMATION_OK"
13555,10409483057,10409483104,1,"IOTHUB_CLIENT_CONFIRMATION_OK"
13556,10409483257,10409483387,1,"IOTHUB_CLIENT_CONFIRMATION_OK"
13557,10409483457,10409483489,1,"IOTHUB_CLIENT_CONFIRMATION_OK"
13558,10409483657,10409483712,1,"IOTHUB_CLIENT_CONFIRMATION_OK"
13559,10409483857,10409483909,1,"IOTHUB_CLIENT_CONFIRMATION_OK"
13560,10409484057,10409484124,1,"IOTHUB_CLIENT_CONFIRMATION_OK"
13561,10409484258,10409484309,1,"IOTHUB_CLIENT_CONFIRMATION_OK"
13562,10409484458,10409484498,1,"IOTHUB_CLIENT_CONFIRMATION_OK"
13563,10409484658,10409484710,1,"IOTHUB_CLIENT_CONFIRMATION_OK"
13564,10409484858,10409484901,1,"IOTHUB_CLIENT_CONFIRMATION_OK"
13565,10409485058,10409485122,1,"IOTHUB_CLIENT_CONFIRMATION_OK"
13566,10409485258,10409485430,1,"IOTHUB_CLIENT_CONFIRMATION_OK"
13567,10409485458,10409485506,1,"IOTHUB_CLIENT_CONFIRMATION_OK"
13568,10409485659,10409485729,1,"IOTHUB_CLIENT_CONFIRMATION_OK"
13569,10409485859,10409485990,1,"IOTHUB_CLIENT_CONFIRMATION_OK"
13570,10409486059,10409486112,1,"IOTHUB_CLIENT_CONFIRMATION_OK"
13571,10409486259,10409486349,1,"IOTHUB_CLIENT_CONFIRMATION_OK"
13572,10409486459,10409486504,1,"IOTHUB_CLIENT_CONFIRMATION_OK"
13573,10409486659,10409486755,1,"IOTHUB_CLIENT_CONFIRMATION_OK"
13574,10409486860,10409486902,1,"IOTHUB_CLIENT_CONFIRMATION_OK"
13575,10409487060,10409487134,1,"IOTHUB_CLIENT_CONFIRMATION_OK"
13576,10409487260,10409487297,1,"IOTHUB_CLIENT_CONFIRMATION_OK"
13577,10409487460,10409487501,1,"IOTHUB_CLIENT_CONFIRMATION_OK"
13578,10409487660,10409487722,1,"IOTHUB_CLIENT_CONFIRMATION_OK"
13579,10409487860,10409487913,1,"IOTHUB_CLIENT_CONFIRMATION_OK"
13580,10409488061,10409488201,1,"IOTHUB_CLIENT_CONFIRMATION_OK"
13581,10409488261,10409488300,1,"IOTHUB_CLIENT_CONFIRMATION_OK"
13582,10409488461,10409488512,1,"IOTHUB_CLIENT_CONFIRMATION_OK"
13583,10409488661,10409488704,1,"IOTHUB_CLIENT_CONFIRMATION_OK"
13584,10409488861,10409488930,1,"IOTHUB_CLIENT_CONFIRMATION_OK"
13585,10409489061,10409489124,1,"IOTHUB_CLIENT_CONFIRMATION_OK"
13586,10409489261,10409489379,1,"IOTHUB_CLIENT_CONFIRMATION_OK"
13587,10409489462,10409489498,1,"IOTHUB_CLIENT_CONFIRMATION_OK"
13588,10409489662,10409489702,1,"IOTHUB_CLIENT_CONFIRMATION_OK"
13589,10409489862,10409489906,1,"IOTHUB_CLIENT_CONFIRMATION_OK"
13590,10409490062,10409490108,1,"IOTHUB_CLIENT_CONFIRMATION_OK"
13591,10409490262,10409490317,1,"IOTHUB_CLIENT_CONFIRMATION_OK"
13592,10409490463,10409490527,1,"IOTHUB_CLIENT_CONFIRMATION_OK"
13593,10409490663,10409490712,1,"IOTHUB_CLIENT_CONFIRMATION_OK"
13594,10409490863,10409490912,1,"IOTHUB_CLIENT_CONFIRMATION_OK"
13595,10409491063,10409491175,1,"IOTHUB_CLIENT_CONFIRMATION_OK"
13596,10409491263,10409491334,1,"IOTHUB_CLIENT_CONFIRMATION_OK"
13597,10409491463,10409491531,1,"IOTHUB_CLIENT_CONFIRMATION_OK"
13598,10409491664,10409491717,1,"IOTHUB_CLIENT_CONFIRMATION_OK"
13599,10409491864,10409491913,1,"IOTHUB_CLIENT_CONFIRMATION_OK"
13600,10409492064,10409492110,1,"IOTHUB_CLIENT_CONFIRMATION_OK"
13601,10409492264,10409492324,1,"IOTHUB_CLIENT_CONFIRMATION_OK"
13602,10409492464,10409492529,1,"IOTHUB_CLIENT_CONFIRMATION_OK"
13603,10409492664,10409492718,1,"IOTHUB_CLIENT_CONFIRMATION_OK"
13604,10409492864,10409492922,1,"IOTHUB_CLIENT_CONFIRMATION_OK"
13605,10409493065,10409493144,1,"IOTHUB_CLIENT_CONFIRMATION_OK"
13606,10409493265,10409493393,1,"IOTHUB_CLIENT_CONFIRMATION_OK"
13607,10409493465,10409493555,1,"IOTHUB_CLIENT_CONFIRMATION_OK"
13608,10409493665,10409493762,1,"IOTHUB_CLIENT_CONFIRMATION_OK"
13609,10409493865,10409493974,1,"IOTHUB_CLIENT_CONFIRMATION_OK"
13610,10409494065,10409494205,1,"IOTHUB_CLIENT_CONFIRMATION_OK"
13611,10409494266,10409494345,1,"IOTHUB_CLIENT_CONFIRMATION_OK"
13612,10409494466,10409494512,1,"IOTHUB_CLIENT_CONFIRMATION_OK"
13613,10409494666,10409494708,1,"IOTHUB_CLIENT_CONFIRMATION_OK"
13614,10409494866,10409494911,1,"IOTHUB_CLIENT_CONFIRMATION_OK"
13615,10409495066,10409495112,1,"IOTHUB_CLIENT_CONFIRMATION_OK"
13616,10409495266,10409495314,1,"IOTHUB_CLIENT_CONFIRMATION_OK"
13617,10409495467,10409495519,1,"IOTHUB_CLIENT_CONFIRMATION_OK"
13618,10409495667,10409495720,1,"IOTHUB_CLIENT_CONFIRMATION_OK"
13619,10409495867,10409495914,1,"IOTHUB_CLIENT_CONFIRMATION_OK"
13620,10409496067,10409496111,1,"IOTHUB_CLIENT_CONFIRMATION_OK"
13621,10409496267,10409496317,1,"IOTHUB_CLIENT_CONFIRMATION_OK"
13622,10409496467,10409496580,1,"IOTHUB_CLIENT_CONFIRMATION_OK"
13623,10409496667,10409496762,1,"IOTHUB_CLIENT_CONFIRMATION_OK"
13624,10409496868,10409496922,1,"IOTHUB_CLIENT_CONFIRMATION_OK"
13625,10409497068,10409497110,1,"IOTHUB_CLIENT_CONFIRMATION_OK"
13626,10409497268,10409497331,1,"IOTHUB_CLIENT_CONFIRMATION_OK"
13627,10409497468,10409497511,1,"IOTHUB_CLIENT_CONFIRMATION_OK"
13628,10409497668,10409497771,1,"IOTHUB_CLIENT_CONFIRMATION_OK"
13629,10409497868,10409497919,1,"IOTHUB_CLIENT_CONFIRMATION_OK"
13630,10409498069,10409498114,1,"IOTHUB_CLIENT_CONFIRMATION_OK"
13631,10409498269,10409498326,1,"IOTHUB_CLIENT_CONFIRMATION_OK"
13632,10409498469,10409498512,1,"IOTHUB_CLIENT_CONFIRMATION_OK"
13633,10409498669,10409498738,1,"IOTHUB_CLIENT_CONFIRMATION_OK"
13634,10409498869,10409498966,1,"IOTHUB_CLIENT_CONFIRMATION_OK"
13635,10409499069,10409499141,1,"IOTHUB_CLIENT_CONFIRMATION_OK"
13636,10409499270,10409499373,1,"IOTHUB_CLIENT_CONFIRMATION_OK"
13637,10409499470,10409499556,1,"IOTHUB_CLIENT_CONFIRMATION_OK"
13638,10409499670,10409499728,1,"IOTHUB_CLIENT_CONFIRMATION_OK"
13639,10409499870,10409499931,1,"IOTHUB_CLIENT_CONFIRMATION_OK"
13640,10409500070,10409500122,1,"IOTHUB_CLIENT_CONFIRMATION_OK"
13641,10409500270,10409500327,1,"IOTHUB_CLIENT_CONFIRMATION_OK"
13642,10409500471,10409500514,1,"IOTHUB_CLIENT_CONFIRMATION_OK"
13643,10409500671,10409500724,1,"IOTHUB_CLIENT_CONFIRMATION_OK"
13644,10409500871,10409500949,1,"IOTHUB_CLIENT_CONFIRMATION_OK"
13645,10409501071,10409501125,1,"IOTHUB_CLIENT_CONFIRMATION_OK"
13646,10409501271,10409501424,1,"IOTHUB_CLIENT_CONFIRMATION_OK"
13647,10409501471,10409501545,1,"IOTHUB_CLIENT_CONFIRMATION_OK"
13648,10409501671,10409501719,1,"IOTHUB_CLIENT_CONFIRMATION_OK"
13649,10409501872,10409501942,1,"IOTHUB_CLIENT_CONFIRMATION_OK"
13650,10409502072,10409502123,1,"IOTHUB_CLIENT_CONFIRMATION_OK"
13651,10409502272,10409502323,1,"IOTHUB_CLIENT_CONFIRMATION_OK"
13652,10409502472,10409502530,1,"IOTHUB_CLIENT_CONFIRMATION_OK"
13653,10409502672,10409502719,1,"IOTHUB_CLIENT_CONFIRMATION_OK"
13654,10409502872,10409502925,1,"IOTHUB_CLIENT_CONFIRMATION_OK"
13655,10409503073,10409503121,1,"IOTHUB_CLIENT_CONFIRMATION_OK"
13656,10409503273,10409503319,1,"IOTHUB_CLIENT_CONFIRMATION_OK"
13657,10409503473,10409503519,1,"IOTHUB_CLIENT_CONFIRMATION_OK"
13658,10409503673,10409503755,1,"IOTHUB_CLIENT_CONFIRMATION_OK"
13659,10409503873,10409503919,1,"IOTHUB_CLIENT_CONFIRMATION_OK"
13660,10409504073,10409504132,1,"IOTHUB_CLIENT_CONFIRMATION_OK"
13661,10409504273,10409504320,1,"IOTHUB_CLIENT_CONFIRMATION_OK"
13662,10409504474,10409504527,1,"IOTHUB_CLIENT_CONFIRMATION_OK"
13663,10409504674,10409504729,1,"IOTHUB_CLIENT_CONFIRMATION_OK"
13664,10409504874,10409504928,1,"IOTHUB_CLIENT_CONFIRMATION_OK"
13665,10409505074,10409505123,1,"IOTHUB_CLIENT_CONFIRMATION_OK"
13666,10409505274,10409505334,1,"IOTHUB_CLIENT_CONFIRMATION_OK"
13667,10409505474,10409505518,1,"IOTHUB_CLIENT_CONFIRMATION_OK"
13668,10409505675,10409505731,1,"IOTHUB_CLIENT_CONFIRMATION_OK"
13669,10409505875,10409505935,1,"IOTHUB_CLIENT_CONFIRMATION_OK"
13670,10409506075,10409506126,1,"IOTHUB_CLIENT_CONFIRMATION_OK"
13671,10409506275,10409506357,1,"IOTHUB_CLIENT_CONFIRMATION_OK"
13672,10409506475,10409506523,1,"IOTHUB_CLIENT_CONFIRMATION_OK"
13673,10409506675,10409506751,1,"IOTHUB_CLIENT_CONFIRMATION_OK"
13674,10409506876,10409506915,1,"IOTHUB_CLIENT_CONFIRMATION_OK"
13675,10409507076,10409507136,1,"IOTHUB_CLIENT_CONFIRMATION_OK"
13676,10409507276,10409507372,1,"IOTHUB_CLIENT_CONFIRMATION_OK"
13677,10409507476,10409507524,1,"IOTHUB_CLIENT_CONFIRMATION_OK"
13678,10409507676,10409507725,1,"IOTHUB_CLIENT_CONFIRMATION_OK"
13679,10409507876,10409507947,1,"IOTHUB_CLIENT_CONFIRMATION_OK"
13680,10409508076,10409508116,1,"IOTHUB_CLIENT_CONFIRMATION_OK"
13681,10409508277,10409508314,1,"IOTHUB_CLIENT_CONFIRMATION_OK"
13682,10409508477,10409508519,1,"IOTHUB_CLIENT_CONFIRMATION_OK"
13683,10409508677,10409508726,1,"IOTHUB_CLIENT_CONFIRMATION_OK"
13684,10409508877,10409508934,1,"IOTHUB_CLIENT_CONFIRMATION_OK"
13685,10409509077,10409509119,1,"IOTHUB_CLIENT_CONFIRMATION_OK"
13686,10409509277,10409509437,1,"IOTHUB_CLIENT_CONFIRMATION_OK"
13687,10409509478,10409509516,1,"IOTHUB_CLIENT_CONFIRMATION_OK"
13688,10409509678,10409509725,1,"IOTHUB_CLIENT_CONFIRMATION_OK"
13689,10409509878,10409509941,1,"IOTHUB_CLIENT_CONFIRMATION_OK"
13690,10409510078,10409510115,1,"IOTHUB_CLIENT_CONFIRMATION_OK"
13691,10409510278,10409510335,1,"IOTHUB_CLIENT_CONFIRMATION_OK"
13692,10409510478,10409510517,1,"IOTHUB_CLIENT_CONFIRMATION_OK"
13693,10409510679,10409510775,1,"IOTHUB_CLIENT_CONFIRMATION_OK"
13694,10409510879,10409510932,1,"IOTHUB_CLIENT_CONFIRMATION_OK"
13695,10409511079,10409511127,1,"IOTHUB_CLIENT_CONFIRMATION_OK"
13696,10409511279,10409511392,1,"IOTHUB_CLIENT_CONFIRMATION_OK"
13697,10409511479,10409511545,1,"IOTHUB_CLIENT_CONFIRMATION_OK"
13698,10409511679,10409511747,1,"IOTHUB_CLIENT_CONFIRMATION_OK"
13699,10409511879,10409511928,1,"IOTHUB_CLIENT_CONFIRMATION_OK"
13700,10409512080,10409512119,1,"IOTHUB_CLIENT_CONFIRMATION_OK"
13701,10409512280,10409512328,1,"IOTHUB_CLIENT_CONFIRMATION_OK"
13702,10409512480,10409512538,1,"IOTHUB_CLIENT_CONFIRMATION_OK"
13703,10409512680,10409512717,1,"IOTHUB_CLIENT_CONFIRMATION_OK"
13704,10409512880,10409512918,1,"IOTHUB_CLIENT_CONFIRMATION_OK"
13705,10409513080,10409513128,1,"IOTHUB_CLIENT_CONFIRMATION_OK"
13706,10409513281,10409513462,1,"IOTHUB_CLIENT_CONFIRMATION_OK"
13707,10409513481,10409513592,1,"IOTHUB_CLIENT_CONFIRMATION_OK"
13708,10409513681,10409513737,1,"IOTHUB_CLIENT_CONFIRMATION_OK"
13709,10409513881,10409513944,1,"IOTHUB_CLIENT_CONFIRMATION_OK"
13710,10409514081,10409514144,1,"IOTHUB_CLIENT_CONFIRMATION_OK"
13711,10409514281,10409514330,1,"IOTHUB_CLIENT_CONFIRMATION_OK"
13712,10409514482,10409514524,1,"IOTHUB_CLIENT_CONFIRMATION_OK"
13713,10409514682,10409514741,1,"IOTHUB_CLIENT_CONFIRMATION_OK"
13714,10409514882,10409514962,1,"IOTHUB_CLIENT_CONFIRMATION_OK"
13715,10409515082,10409515134,1,"IOTHUB_CLIENT_CONFIRMATION_OK"
13716,10409515282,10409515350,1,"IOTHUB_CLIENT_CONFIRMATION_OK"
13717,10409515482,10409515516,1,"IOTHUB_CLIENT_CONFIRMATION_OK"
13718,10409515682,10409515733,1,"IOTHUB_CLIENT_CONFIRMATION_OK"
13719,10409515883,10409515929,1,"IOTHUB_CLIENT_CONFIRMATION_OK"
13720,10409516083,10409516143,1,"IOTHUB_CLIENT_CONFIRMATION_OK"
13721,10409516283,10409516326,1,"IOTHUB_CLIENT_CONFIRMATION_OK"
13722,10409516483,10409516535,1,"IOTHUB_CLIENT_CONFIRMATION_OK"
13723,10409516683,10409516756,1,"IOTHUB_CLIENT_CONFIRMATION_OK"
13724,10409516883,10409516931,1,"IOTHUB_CLIENT_CONFIRMATION_OK"
13725,10409517084,10409517129,1,"IOTHUB_CLIENT_CONFIRMATION_OK"
13726,10409517284,10409517339,1,"IOTHUB_CLIENT_CONFIRMATION_OK"
13727,10409517484,10409517533,1,"IOTHUB_CLIENT_CONFIRMATION_OK"
13728,10409517684,10409517734,1,"IOTHUB_CLIENT_CONFIRMATION_OK"
13729,10409517884,10409517927,1,"IOTHUB_CLIENT_CONFIRMATION_OK"
13730,10409518084,10409518132,1,"IOTHUB_CLIENT_CONFIRMATION_OK"
13731,10409518284,10409518336,1,"IOTHUB_CLIENT_CONFIRMATION_OK"
13732,10409518485,10409518534,1,"IOTHUB_CLIENT_CONFIRMATION_OK"
13733,10409518685,10409518764,1,"IOTHUB_CLIENT_CONFIRMATION_OK"
13734,10409518885,10409518936,1,"IOTHUB_CLIENT_CONFIRMATION_OK"
13735,10409519085,10409519140,1,"IOTHUB_CLIENT_CONFIRMATION_OK"
13736,10409519285,10409519358,1,"IOTHUB_CLIENT_CONFIRMATION_OK"
13737,10409519485,10409519531,1,"IOTHUB_CLIENT_CONFIRMATION_OK"
13738,10409519686,10409519720,1,"IOTHUB_CLIENT_CONFIRMATION_OK"
13739,10409519886,10409519946,1,"IOTHUB_CLIENT_CONFIRMATION_OK"
13740,10409520086,10409520143,1,"IOTHUB_CLIENT_CONFIRMATION_OK"
13741,10409520286,10409520328,1,"IOTHUB_CLIENT_CONFIRMATION_OK"
13742,10409520486,10409520577,1,"IOTHUB_CLIENT_CONFIRMATION_OK"
13743,10409520686,10409520826,1,"IOTHUB_CLIENT_CONFIRMATION_OK"
13744,10409520887,10409520941,1,"IOTHUB_CLIENT_CONFIRMATION_OK"
13745,10409521087,10409521163,1,"IOTHUB_CLIENT_CONFIRMATION_OK"
13746,10409521287,10409521414,1,"IOTHUB_CLIENT_CONFIRMATION_OK"
13747,10409521487,10409521542,1,"IOTHUB_CLIENT_CONFIRMATION_OK"
13748,10409521687,10409521760,1,"IOTHUB_CLIENT_CONFIRMATION_OK"
13749,10409521887,10409521929,1,"IOTHUB_CLIENT_CONFIRMATION_OK"
13750,10409522088,10409522141,1,"IOTHUB_CLIENT_CONFIRMATION_OK"
13751,10409522288,10409522333,1,"IOTHUB_CLIENT_CONFIRMATION_OK"
13752,10409522488,10409522541,1,"IOTHUB_CLIENT_CONFIRMATION_OK"
13753,10409522688,10409522759,1,"IOTHUB_CLIENT_CONFIRMATION_OK"
13754,10409522888,10409522958,1,"IOTHUB_CLIENT_CONFIRMATION_OK"
13755,10409523088,10409523131,1,"IOTHUB_CLIENT_CONFIRMATION_OK"
13756,10409523289,10409523355,1,"IOTHUB_CLIENT_CONFIRMATION_OK"
13757,10409523489,10409523542,1,"IOTHUB_CLIENT_CONFIRMATION_OK"
13758,10409523689,10409523727,1,"IOTHUB_CLIENT_CONFIRMATION_OK"
13759,10409523889,10409523945,1,"IOTHUB_CLIENT_CONFIRMATION_OK"
13760,10409524089,10409524130,1,"IOTHUB_CLIENT_CONFIRMATION_OK"
13761,10409524289,10409524336,1,"IOTHUB_CLIENT_CONFIRMATION_OK"
13762,10409524489,10409524540,1,"IOTHUB_CLIENT_CONFIRMATION_OK"
13763,10409524690,10409524832,1,"IOTHUB_CLIENT_CONFIRMATION_OK"
13764,10409524890,10409524946,1,"IOTHUB_CLIENT_CONFIRMATION_OK"
13765,10409525090,10409525135,1,"IOTHUB_CLIENT_CONFIRMATION_OK"
13766,10409525290,10409525367,1,"IOTHUB_CLIENT_CONFIRMATION_OK"
13767,10409525490,10409525547,1,"IOTHUB_CLIENT_CONFIRMATION_OK"
13768,10409525690,10409525750,1,"IOTHUB_CLIENT_CONFIRMATION_OK"
13769,10409525891,10409525934,1,"IOTHUB_CLIENT_CONFIRMATION_OK"
13770,10409526091,10409526158,1,"IOTHUB_CLIENT_CONFIRMATION_OK"
13771,10409526291,10409526335,1,"IOTHUB_CLIENT_CONFIRMATION_OK"
13772,10409526491,10409526536,1,"IOTHUB_CLIENT_CONFIRMATION_OK"
13773,10409526691,10409526773,1,"IOTHUB_CLIENT_CONFIRMATION_OK"
13774,10409526891,10409526947,1,"IOTHUB_CLIENT_CONFIRMATION_OK"
13775,10409527092,10409527148,1,"IOTHUB_CLIENT_CONFIRMATION_OK"
13776,10409527292,10409527347,1,"IOTHUB_CLIENT_CONFIRMATION_OK"
13777,10409527492,10409527548,1,"IOTHUB_CLIENT_CONFIRMATION_OK"
13778,10409527692,10409527736,1,"IOTHUB_CLIENT_CONFIRMATION_OK"
13779,10409527892,10409527928,1,"IOTHUB_CLIENT_CONFIRMATION_OK"
13780,10409528092,10409528135,1,"IOTHUB_CLIENT_CONFIRMATION_OK"
13781,10409528292,10409528337,1,"IOTHUB_CLIENT_CONFIRMATION_OK"
13782,10409528493,10409528570,1,"IOTHUB_CLIENT_CONFIRMATION_OK"
13783,10409528693,10409528768,1,"IOTHUB_CLIENT_CONFIRMATION_OK"
13784,10409528893,10409528941,1,"IOTHUB_CLIENT_CONFIRMATION_OK"
13785,10409529093,10409529164,1,"IOTHUB_CLIENT_CONFIRMATION_OK"
13786,10409529293,10409529397,1,"IOTHUB_CLIENT_CONFIRMATION_OK"
13787,10409529493,10409529539,1,"IOTHUB_CLIENT_CONFIRMATION_OK"
13788,10409529694,10409529738,1,"IOTHUB_CLIENT_CONFIRMATION_OK"
13789,10409529894,10409529951,1,"IOTHUB_CLIENT_CONFIRMATION_OK"
13790,10409530094,10409530144,1,"IOTHUB_CLIENT_CONFIRMATION_OK"
13791,10409530294,10409530361,1,"IOTHUB_CLIENT_CONFIRMATION_OK"
13792,10409530494,10409530540,1,"IOTHUB_CLIENT_CONFIRMATION_OK"
13793,10409530694,10409530733,1,"IOTHUB_CLIENT_CONFIRMATION_OK"
13794,10409530894,10409531058,1,"IOTHUB_CLIENT_CONFIRMATION_OK"
13795,10409531095,10409531163,1,"IOTHUB_CLIENT_CONFIRMATION_OK"
13796,10409531295,10409531373,1,"IOTHUB_CLIENT_CONFIRMATION_OK"
13797,10409531495,10409531549,1,"IOTHUB_CLIENT_CONFIRMATION_OK"
13798,10409531695,10409531738,1,"IOTHUB_CLIENT_CONFIRMATION_OK"
13799,10409531895,10409531969,1,"IOTHUB_CLIENT_CONFIRMATION_OK"
13800,10409532095,10409532144,1,"IOTHUB_CLIENT_CONFIRMATION_OK"
13801,10409532296,10409532341,1,"IOTHUB_CLIENT_CONFIRMATION_OK"
13802,10409532496,10409532532,1,"IOTHUB_CLIENT_CONFIRMATION_OK"
13803,10409532696,10409532734,1,"IOTHUB_CLIENT_CONFIRMATION_OK"
13804,10409532896,10409532937,1,"IOTHUB_CLIENT_CONFIRMATION_OK"
13805,10409533096,10409533159,1,"IOTHUB_CLIENT_CONFIRMATION_OK"
13806,10409533296,10409533339,1,"IOTHUB_CLIENT_CONFIRMATION_OK"
13807,10409533496,10409533536,1,"IOTHUB_CLIENT_CONFIRMATION_OK"
13808,10409533697,10409533734,1,"IOTHUB_CLIENT_CONFIRMATION_OK"
13809,10409533897,10409533944,1,"IOTHUB_CLIENT_CONFIRMATION_OK"
13810,10409534097,10409534144,1,"IOTHUB_CLIENT_CONFIRMATION_OK"
13811,10409534297,10409534345,1,"IOTHUB_CLIENT_CONFIRMATION_OK"
13812,10409534497,10409534553,1,"IOTHUB_CLIENT_CONFIRMATION_OK"
13813,10409534697,10409534785,1,"IOTHUB_CLIENT_CONFIRMATION_OK"
13814,10409534898,10409534940,1,"IOTHUB_CLIENT_CONFIRMATION_OK"
13815,10409535098,10409535144,1,"IOTHUB_CLIENT_CONFIRMATION_OK"
13816,10409535298,10409535402,1,"IOTHUB_CLIENT_CONFIRMATION_OK"
13817,10409535498,10409535543,1,"IOTHUB_CLIENT_CONFIRMATION_OK"
13818,10409535698,10409535741,1,"IOTHUB_CLIENT_CONFIRMATION_OK"
13819,10409535898,10409535938,1,"IOTHUB_CLIENT_CONFIRMATION_OK"
13820,10409536098,10409536150,1,"IOTHUB_CLIENT_CONFIRMATION_OK"
13821,10409536299,10409536356,1,"IOTHUB_CLIENT_CONFIRMATION_OK"
13822,10409536499,10409536676,1,"IOTHUB_CLIENT_CONFIRMATION_OK"
13823,10409536699,10409536756,1,"IOTHUB_CLIENT_CONFIRMATION_OK"
13824,10409536899,10409536976,1,"IOTHUB_CLIENT_CONFIRMATION_OK"
13825,10409537099,10409537141,1,"IOTHUB_CLIENT_CONFIRMATION_OK"
13826,10409537299,10409537345,1,"IOTHUB_CLIENT_CONFIRMATION_OK"
13827,10409537500,10409537546,1,"IOTHUB_CLIENT_CONFIRMATION_OK"
13828,10409537700,10409537743,1,"IOTHUB_CLIENT_CONFIRMATION_OK"
13829,10409537900,10409537978,1,"IOTHUB_CLIENT_CONFIRMATION_OK"
13830,10409538100,10409538159,1,"IOTHUB_CLIENT_CONFIRMATION_OK"
13831,10409538300,10409538337,1,"IOTHUB_CLIENT_CONFIRMATION_OK"
13832,10409538501,10409538543,1,"IOTHUB_CLIENT_CONFIRMATION_OK"
13833,10409538701,10409538759,1,"IOTHUB_CLIENT_CONFIRMATION_OK"
13834,10409538901,10409538939,1,"IOTHUB_CLIENT_CONFIRMATION_OK"
13835,10409539101,10409539142,1,"IOTHUB_CLIENT_CONFIRMATION_OK"
13836,10409539301,10409539375,1,"IOTHUB_CLIENT_CONFIRMATION_OK"
13837,10409539501,10409539548,1,"IOTHUB_CLIENT_CONFIRMATION_OK"
13838,10409539701,10409539758,1,"IOTHUB_CLIENT_CONFIRMATION_OK"
13839,10409539902,10409539947,1,"IOTHUB_CLIENT_CONFIRMATION_OK"
13840,10409540102,10409540162,1,"IOTHUB_CLIENT_CONFIRMATION_OK"
13841,10409540302,10409540347,1,"IOTHUB_CLIENT_CONFIRMATION_OK"
13842,10409540502,10409540542,1,"IOTHUB_CLIENT_CONFIRMATION_OK"
13843,10409540702,10409540807,1,"IOTHUB_CLIENT_CONFIRMATION_OK"
13844,10409540902,10409540965,1,"IOTHUB_CLIENT_CONFIRMATION_OK"
13845,10409541102,10409541155,1,"IOTHUB_CLIENT_CONFIRMATION_OK"
13846,10409541303,10409541423,1,"IOTHUB_CLIENT_CONFIRMATION_OK"
13847,10409541503,10409541547,1,"IOTHUB_CLIENT_CONFIRMATION_OK"
13848,10409541703,10409541846,1,"IOTHUB_CLIENT_CONFIRMATION_OK"
13849,10409541903,10409541958,1,"IOTHUB_CLIENT_CONFIRMATION_OK"
13850,10409542103,10409542152,1,"IOTHUB_CLIENT_CONFIRMATION_OK"
13851,10409542303,10409542340,1,"IOTHUB_CLIENT_CONFIRMATION_OK"
13852,10409542504,10409542554,1,"IOTHUB_CLIENT_CONFIRMATION_OK"
13853,10409542704,10409542891,1,"IOTHUB_CLIENT_CONFIRMATION_OK"
13854,10409542904,10409542986,1,"IOTHUB_CLIENT_CONFIRMATION_OK"
13855,10409543104,10409543152,1,"IOTHUB_CLIENT_CONFIRMATION_OK"
13856,10409543304,10409543348,1,"IOTHUB_CLIENT_CONFIRMATION_OK"
13857,10409543504,10409543545,1,"IOTHUB_CLIENT_CONFIRMATION_OK"
13858,10409543704,10409543745,1,"IOTHUB_CLIENT_CONFIRMATION_OK"
13859,10409543905,10409543950,1,"IOTHUB_CLIENT_CONFIRMATION_OK"
13860,10409544105,10409544165,1,"IOTHUB_CLIENT_CONFIRMATION_OK"
13861,10409544305,10409544381,1,"IOTHUB_CLIENT_CONFIRMATION_OK"
13862,10409544505,10409544549,1,"IOTHUB_CLIENT_CONFIRMATION_OK"
13863,10409544705,10409544744,1,"IOTHUB_CLIENT_CONFIRMATION_OK"
13864,10409544905,10409544973,1,"IOTHUB_CLIENT_CONFIRMATION_OK"
13865,10409545106,10409545162,1,"IOTHUB_CLIENT_CONFIRMATION_OK"
13866,10409545306,10409545345,1,"IOTHUB_CLIENT_CONFIRMATION_OK"
13867,10409545506,10409545556,1,"IOTHUB_CLIENT_CONFIRMATION_OK"
13868,10409545706,10409545755,1,"IOTHUB_CLIENT_CONFIRMATION_OK"
13869,10409545906,10409545961,1,"IOTHUB_CLIENT_CONFIRMATION_OK"
13870,10409546106,10409546142,1,"IOTHUB_CLIENT_CONFIRMATION_OK"
13871,10409546306,10409546353,1,"IOTHUB_CLIENT_CONFIRMATION_OK"
13872,10409546507,10409546565,1,"IOTHUB_CLIENT_CONFIRMATION_OK"
13873,10409546707,10409546771,1,"IOTHUB_CLIENT_CONFIRMATION_OK"
13874,10409546907,10409546963,1,"IOTHUB_CLIENT_CONFIRMATION_OK"
13875,10409547107,10409547159,1,"IOTHUB_CLIENT_CONFIRMATION_OK"
13876,10409547307,10409547387,1,"IOTHUB_CLIENT_CONFIRMATION_OK"
13877,10409547507,10409547563,1,"IOTHUB_CLIENT_CONFIRMATION_OK"
13878,10409547707,10409547767,1,"IOTHUB_CLIENT_CONFIRMATION_OK"
13879,10409547908,10409547961,1,"IOTHUB_CLIENT_CONFIRMATION_OK"
13880,10409548108,10409548168,1,"IOTHUB_CLIENT_CONFIRMATION_OK"
13881,10409548308,10409548369,1,"IOTHUB_CLIENT_CONFIRMATION_OK"
13882,10409548508,10409548555,1,"IOTHUB_CLIENT_CONFIRMATION_OK"
13883,10409548708,10409548764,1,"IOTHUB_CLIENT_CONFIRMATION_OK"
13884,10409548908,10409549039,1,"IOTHUB_CLIENT_CONFIRMATION_OK"
13885,10409549109,10409549177,1,"IOTHUB_CLIENT_CONFIRMATION_OK"
13886,10409549309,10409549482,1,"IOTHUB_CLIENT_CONFIRMATION_OK"
13887,10409549509,10409549557,1,"IOTHUB_CLIENT_CONFIRMATION_OK"
13888,10409549709,10409549750,1,"IOTHUB_CLIENT_CONFIRMATION_OK"
13889,10409549909,10409549971,1,"IOTHUB_CLIENT_CONFIRMATION_OK"
13890,10409550109,10409550176,1,"IOTHUB_CLIENT_CONFIRMATION_OK"
13891,10409550310,10409550383,1,"IOTHUB_CLIENT_CONFIRMATION_OK"
13892,10409550510,10409550559,1,"IOTHUB_CLIENT_CONFIRMATION_OK"
13893,10409550710,10409550762,1,"IOTHUB_CLIENT_CONFIRMATION_OK"
13894,10409550910,10409550963,1,"IOTHUB_CLIENT_CONFIRMATION_OK"
13895,10409551110,10409551166,1,"IOTHUB_CLIENT_CONFIRMATION_OK"
13896,10409551310,10409551361,1,"IOTHUB_CLIENT_CONFIRMATION_OK"
13897,10409551511,10409551554,1,"IOTHUB_CLIENT_CONFIRMATION_OK"
13898,10409551711,10409551765,1,"IOTHUB_CLIENT_CONFIRMATION_OK"
13899,10409551911,10409551977,1,"IOTHUB_CLIENT_CONFIRMATION_OK"
13900,10409552111,10409552169,1,"IOTHUB_CLIENT_CONFIRMATION_OK"
13901,10409552311,10409552350,1,"IOTHUB_CLIENT_CONFIRMATION_OK"
13902,10409552511,10409552612,1,"IOTHUB_CLIENT_CONFIRMATION_OK"
13903,10409552712,10409552756,1,"IOTHUB_CLIENT_CONFIRMATION_OK"
13904,10409552912,10409552976,1,"IOTHUB_CLIENT_CONFIRMATION_OK"
13905,10409553112,10409553173,1,"IOTHUB_CLIENT_CONFIRMATION_OK"
13906,10409553312,10409553359,1,"IOTHUB_CLIENT_CONFIRMATION_OK"
13907,10409553512,10409553570,1,"IOTHUB_CLIENT_CONFIRMATION_OK"
13908,10409553712,10409553765,1,"IOTHUB_CLIENT_CONFIRMATION_OK"
13909,10409553913,10409554197,1,"IOTHUB_CLIENT_CONFIRMATION_OK"
13910,10409554113,10409554228,1,"IOTHUB_CLIENT_CONFIRMATION_OK"
13911,10409554313,10409554378,1,"IOTHUB_CLIENT_CONFIRMATION_OK"
13912,10409554513,10409554704,1,"IOTHUB_CLIENT_CONFIRMATION_OK"
13913,10409554713,10409554776,1,"IOTHUB_CLIENT_CONFIRMATION_OK"
13914,10409554913,10409554973,1,"IOTHUB_CLIENT_CONFIRMATION_OK"
13915,10409555113,10409555160,1,"IOTHUB_CLIENT_CONFIRMATION_OK"
13916,10409555314,10409555385,1,"IOTHUB_CLIENT_CONFIRMATION_OK"
13917,10409555514,10409555557,1,"IOTHUB_CLIENT_CONFIRMATION_OK"
13918,10409555714,10409555759,1,"IOTHUB_CLIENT_CONFIRMATION_OK"
13919,10409555914,10409556004,1,"IOTHUB_CLIENT_CONFIRMATION_OK"
13920,10409556114,10409556176,1,"IOTHUB_CLIENT_CONFIRMATION_OK"
13921,10409556314,10409556378,1,"IOTHUB_CLIENT_CONFIRMATION_OK"
13922,10409556515,10409556560,1,"IOTHUB_CLIENT_CONFIRMATION_OK"
13923,10409556715,10409556828,1,"IOTHUB_CLIENT_CONFIRMATION_OK"
13924,10409556915,10409556978,1,"IOTHUB_CLIENT_CONFIRMATION_OK"
13925,10409557115,10409557161,1,"IOTHUB_CLIENT_CONFIRMATION_OK"
13926,10409557315,10409557413,1,"IOTHUB_CLIENT_CONFIRMATION_OK"
13927,10409557515,10409557559,1,"IOTHUB_CLIENT_CONFIRMATION_OK"
13928,10409557716,10409557758,1,"IOTHUB_CLIENT_CONFIRMATION_OK"
13929,10409557916,10409557985,1,"IOTHUB_CLIENT_CONFIRMATION_OK"
13930,10409558116,10409558178,1,"IOTHUB_CLIENT_CONFIRMATION_OK"
13931,10409558316,10409558363,1,"IOTHUB_CLIENT_CONFIRMATION_OK"
13932,10409558516,10409558575,1,"IOTHUB_CLIENT_CONFIRMATION_OK"
13933,10409558716,10409558793,1,"IOTHUB_CLIENT_CONFIRMATION_OK"
13934,10409558916,10409558991,1,"IOTHUB_CLIENT_CONFIRMATION_OK"
13935,10409559117,10409559213,1,"IOTHUB_CLIENT_CONFIRMATION_OK"
13936,10409559317,10409559440,1,"IOTHUB_CLIENT_CONFIRMATION_OK"
13937,10409559517,10409559557,1,"IOTHUB_CLIENT_CONFIRMATION_OK"
13938,10409559717,10409559758,1,"IOTHUB_CLIENT_CONFIRMATION_OK"
13939,10409559917,10409559970,1,"IOTHUB_CLIENT_CONFIRMATION_OK"
13940,10409560117,10409560166,1,"IOTHUB_CLIENT_CONFIRMATION_OK"
13941,10409560318,10409560382,1,"IOTHUB_CLIENT_CONFIRMATION_OK"
13942,10409560518,10409560569,1,"IOTHUB_CLIENT_CONFIRMATION_OK"
13943,10409560718,10409560771,1,"IOTHUB_CLIENT_CONFIRMATION_OK"
13944,10409560918,10409561005,1,"IOTHUB_CLIENT_CONFIRMATION_OK"
13945,10409561118,10409561158,1,"IOTHUB_CLIENT_CONFIRMATION_OK"
13946,10409561318,10409561388,1,"IOTHUB_CLIENT_CONFIRMATION_OK"
13947,10409561518,10409561570,1,"IOTHUB_CLIENT_CONFIRMATION_OK"
13948,10409561719,10409561758,1,"IOTHUB_CLIENT_CONFIRMATION_OK"
13949,10409561919,10409562149,1,"IOTHUB_CLIENT_CONFIRMATION_OK"
13950,10409562119,10409562198,1,"IOTHUB_CLIENT_CONFIRMATION_OK"
13951,10409562319,10409562367,1,"IOTHUB_CLIENT_CONFIRMATION_OK"
13952,10409562519,10409562584,1,"IOTHUB_CLIENT_CONFIRMATION_OK"
13953,10409562719,10409562769,1,"IOTHUB_CLIENT_CONFIRMATION_OK"
13954,10409562920,10409562951,1,"IOTHUB_CLIENT_CONFIRMATION_OK"
13955,10409563120,10409563167,1,"IOTHUB_CLIENT_CONFIRMATION_OK"
13956,10409563320,10409563414,1,"IOTHUB_CLIENT_CONFIRMATION_OK"
13957,10409563520,10409563560,1,"IOTHUB_CLIENT_CONFIRMATION_OK"
13958,10409563720,10409563772,1,"IOTHUB_CLIENT_CONFIRMATION_OK"
13959,10409563920,10409563961,1,"IOTHUB_CLIENT_CONFIRMATION_OK"
13960,10409564121,10409564167,1,"IOTHUB_CLIENT_CONFIRMATION_OK"
13961,10409564321,10409564367,1,"IOTHUB_CLIENT_CONFIRMATION_OK"
13962,10409564521,10409564575,1,"IOTHUB_CLIENT_CONFIRMATION_OK"
13963,10409564721,10409564781,1,"IOTHUB_CLIENT_CONFIRMATION_OK"
13964,10409564921,10409564986,1,"IOTHUB_CLIENT_CONFIRMATION_OK"
13965,10409565121,10409565172,1,"IOTHUB_CLIENT_CONFIRMATION_OK"
13966,10409565321,10409565463,1,"IOTHUB_CLIENT_CONFIRMATION_OK"
13967,10409565522,10409565581,1,"IOTHUB_CLIENT_CONFIRMATION_OK"
13968,10409565722,10409565812,1,"IOTHUB_CLIENT_CONFIRMATION_OK"
13969,10409565922,10409565987,1,"IOTHUB_CLIENT_CONFIRMATION_OK"
13970,10409566122,10409566211,1,"IOTHUB_CLIENT_CONFIRMATION_OK"
13971,10409566322,10409566377,1,"IOTHUB_CLIENT_CONFIRMATION_OK"
13972,10409566522,10409566567,1,"IOTHUB_CLIENT_CONFIRMATION_OK"
13973,10409566723,10409566770,1,"IOTHUB_CLIENT_CONFIRMATION_OK"
13974,10409566923,10409566963,1,"IOTHUB_CLIENT_CONFIRMATION_OK"
13975,10409567123,10409567172,1,"IOTHUB_CLIENT_CONFIRMATION_OK"
13976,10409567323,10409567383,1,"IOTHUB_CLIENT_CONFIRMATION_OK"
13977,10409567523,10409567576,1,"IOTHUB_CLIENT_CONFIRMATION_OK"
13978,10409567723,10409567771,1,"IOTHUB_CLIENT_CONFIRMATION_OK"
13979,10409567924,10409567970,1,"IOTHUB_CLIENT_CONFIRMATION_OK"
13980,10409568124,10409568163,1,"IOTHUB_CLIENT_CONFIRMATION_OK"
13981,10409568324,10409568367,1,"IOTHUB_CLIENT_CONFIRMATION_OK"
13982,10409568524,10409568575,1,"IOTHUB_CLIENT_CONFIRMATION_OK"
13983,10409568724,10409568820,1,"IOTHUB_CLIENT_CONFIRMATION_OK"
13984,10409568924,10409568964,1,"IOTHUB_CLIENT_CONFIRMATION_OK"
13985,10409569124,10409569168,1,"IOTHUB_CLIENT_CONFIRMATION_OK"
13986,10409569325,10409569426,1,"IOTHUB_CLIENT_CONFIRMATION_OK"
13987,10409569525,10409569580,1,"IOTHUB_CLIENT_CONFIRMATION_OK"
13988,10409569725,10409569777,1,"IOTHUB_CLIENT_CONFIRMATION_OK"
13989,10409569925,10409569981,1,"IOTHUB_CLIENT_CONFIRMATION_OK"
13990,10409570125,10409570167,1,"IOTHUB_CLIENT_CONFIRMATION_OK"
13991,10409570325,10409570448,1,"IOTHUB_CLIENT_CONFIRMATION_OK"
13992,10409570526,10409570571,1,"IOTHUB_CLIENT_CONFIRMATION_OK"
13993,10409570726,10409570760,1,"IOTHUB_CLIENT_CONFIRMATION_OK"
13994,10409570926,10409571040,1,"IOTHUB_CLIENT_CONFIRMATION_OK"
13995,10409571126,10409571169,1,"IOTHUB_CLIENT_CONFIRMATION_OK"
13996,10409571326,10409571513,1,"IOTHUB_CLIENT_CONFIRMATION_OK"
13997,10409571526,10409571592,1,"IOTHUB_CLIENT_CONFIRMATION_OK"
13998,10409571726,10409571772,1,"IOTHUB_CLIENT_CONFIRMATION_OK"
13999,10409571927,10409571983,1,"IOTHUB_CLIENT_CONFIRMATION_OK"
14000,10409572127,10409572181,1,"IOTHUB_CLIENT_CONFIRMATION_OK"
14001,10409572327,10409572370,1,"IOTHUB_CLIENT_CONFIRMATION_OK"
14002,10409572527,10409572576,1,"IOTHUB_CLIENT_CONFIRMATION_OK"
14003,10409572727,10409572778,1,"IOTHUB_CLIENT_CONFIRMATION_OK"
14004,10409572927,10409572981,1,"IOTHUB_CLIENT_CONFIRMATION_OK"
14005,10409573128,10409573169,1,"IOTHUB_CLIENT_CONFIRMATION_OK"
14006,10409573328,10409573366,1,"IOTHUB_CLIENT_CONFIRMATION_OK"
14007,10409573528,10409573578,1,"IOTHUB_CLIENT_CONFIRMATION_OK"
14008,10409573728,10409573813,1,"IOTHUB_CLIENT_CONFIRMATION_OK"
14009,10409573928,10409573986,1,"IOTHUB_CLIENT_CONFIRMATION_OK"
14010,10409574128,10409574172,1,"IOTHUB_CLIENT_CONFIRMATION_OK"
14011,10409574329,10409574365,1,"IOTHUB_CLIENT_CONFIRMATION_OK"
14012,10409574529,10409574570,1,"IOTHUB_CLIENT_CONFIRMATION_OK"
14013,10409574729,10409574804,1,"IOTHUB_CLIENT_CONFIRMATION_OK"
14014,10409574929,10409574993,1,"IOTHUB_CLIENT_CONFIRMATION_OK"
14015,10409575129,10409575184,1,"IOTHUB_CLIENT_CONFIRMATION_OK"
14016,10409575329,10409575418,1,"IOTHUB_CLIENT_CONFIRMATION_OK"
14017,10409575529,10409575576,1,"IOTHUB_CLIENT_CONFIRMATION_OK"
14018,10409575730,10409575797,1,"IOTHUB_CLIENT_CONFIRMATION_OK"
14019,10409575930,10409575972,1,"IOTHUB_CLIENT_CONFIRMATION_OK"
14020,10409576130,10409576180,1,"IOTHUB_CLIENT_CONFIRMATION_OK"
14021,10409576330,10409576409,1,"IOTHUB_CLIENT_CONFIRMATION_OK"
14022,10409576530,10409576567,1,"IOTHUB_CLIENT_CONFIRMATION_OK"
14023,10409576731,10409576824,1,"IOTHUB_CLIENT_CONFIRMATION_OK"
14024,10409576931,10409576974,1,"IOTHUB_CLIENT_CONFIRMATION_OK"
14025,10409577131,10409577179,1,"IOTHUB_CLIENT_CONFIRMATION_OK"
14026,10409577331,10409577477,1,"IOTHUB_CLIENT_CONFIRMATION_OK"
14027,10409577531,10409577582,1,"IOTHUB_CLIENT_CONFIRMATION_OK"
14028,10409577731,10409577776,1,"IOTHUB_CLIENT_CONFIRMATION_OK"
14029,10409577931,10409577974,1,"IOTHUB_CLIENT_CONFIRMATION_OK"
14030,10409578132,10409578177,1,"IOTHUB_CLIENT_CONFIRMATION_OK"
14031,10409578332,10409578382,1,"IOTHUB_CLIENT_CONFIRMATION_OK"
14032,10409578532,10409578584,1,"IOTHUB_CLIENT_CONFIRMATION_OK"
14033,10409578732,10409578802,1,"IOTHUB_CLIENT_CONFIRMATION_OK"
14034,10409578932,10409578997,1,"IOTHUB_CLIENT_CONFIRMATION_OK"
14035,10409579132,10409579182,1,"IOTHUB_CLIENT_CONFIRMATION_OK"
14036,10409579333,10409579376,1,"IOTHUB_CLIENT_CONFIRMATION_OK"
14037,10409579533,10409579576,1,"IOTHUB_CLIENT_CONFIRMATION_OK"
14038,10409579733,10409579783,1,"IOTHUB_CLIENT_CONFIRMATION_OK"
14039,10409579933,10409580004,1,"IOTHUB_CLIENT_CONFIRMATION_OK"
14040,10409580133,10409580176,1,"IOTHUB_CLIENT_CONFIRMATION_OK"
14041,10409580333,10409580386,1,"IOTHUB_CLIENT_CONFIRMATION_OK"
14042,10409580533,10409580587,1,"IOTHUB_CLIENT_CONFIRMATION_OK"
14043,10409580734,10409580795,1,"IOTHUB_CLIENT_CONFIRMATION_OK"
14044,10409580934,10409580975,1,"IOTHUB_CLIENT_CONFIRMATION_OK"
14045,10409581134,10409581181,1,"IOTHUB_CLIENT_CONFIRMATION_OK"
14046,10409581334,10409581383,1,"IOTHUB_CLIENT_CONFIRMATION_OK"
14047,10409581534,10409581573,1,"IOTHUB_CLIENT_CONFIRMATION_OK"
14048,10409581734,10409581786,1,"IOTHUB_CLIENT_CONFIRMATION_OK"
14049,10409581935,10409582019,1,"IOTHUB_CLIENT_CONFIRMATION_OK"
14050,10409582135,10409582205,1,"IOTHUB_CLIENT_CONFIRMATION_OK"
14051,10409582335,10409582415,1,"IOTHUB_CLIENT_CONFIRMATION_OK"
14052,10409582535,10409582583,1,"IOTHUB_CLIENT_CONFIRMATION_OK"
14053,10409582735,10409582774,1,"IOTHUB_CLIENT_CONFIRMATION_OK"
14054,10409582935,10409582991,1,"IOTHUB_CLIENT_CONFIRMATION_OK"
14055,10409583136,10409583204,1,"IOTHUB_CLIENT_CONFIRMATION_OK"
14056,10409583336,10409583490,1,"IOTHUB_CLIENT_CONFIRMATION_OK"
14057,10409583536,10409583589,1,"IOTHUB_CLIENT_CONFIRMATION_OK"
14058,10409583736,10409583805,1,"IOTHUB_CLIENT_CONFIRMATION_OK"
14059,10409583936,10409583991,1,"IOTHUB_CLIENT_CONFIRMATION_OK"
14060,10409584136,10409584170,1,"IOTHUB_CLIENT_CONFIRMATION_OK"
14061,10409584336,10409584399,1,"IOTHUB_CLIENT_CONFIRMATION_OK"
14062,10409584537,10409584603,1,"IOTHUB_CLIENT_CONFIRMATION_OK"
14063,10409584737,10409584788,1,"IOTHUB_CLIENT_CONFIRMATION_OK"
14064,10409584937,10409584982,1,"IOTHUB_CLIENT_CONFIRMATION_OK"
14065,10409585137,10409585197,1,"IOTHUB_CLIENT_CONFIRMATION_OK"
14066,10409585337,10409585381,1,"IOTHUB_CLIENT_CONFIRMATION_OK"
14067,10409585537,10409585611,1,"IOTHUB_CLIENT_CONFIRMATION_OK"
14068,10409585738,10409585780,1,"IOTHUB_CLIENT_CONFIRMATION_OK"
14069,10409585938,10409586021,1,"IOTHUB_CLIENT_CONFIRMATION_OK"
14070,10409586138,10409586188,1,"IOTHUB_CLIENT_CONFIRMATION_OK"
14071,10409586338,10409586378,1,"IOTHUB_CLIENT_CONFIRMATION_OK"
14072,10409586538,10409586582,1,"IOTHUB_CLIENT_CONFIRMATION_OK"
14073,10409586738,10409586785,1,"IOTHUB_CLIENT_CONFIRMATION_OK"
14074,10409586938,10409586983,1,"IOTHUB_CLIENT_CONFIRMATION_OK"
14075,10409587139,10409587198,1,"IOTHUB_CLIENT_CONFIRMATION_OK"
14076,10409587339,10409587411,1,"IOTHUB_CLIENT_CONFIRMATION_OK"
14077,10409587539,10409587601,1,"IOTHUB_CLIENT_CONFIRMATION_OK"
14078,10409587739,10409587787,1,"IOTHUB_CLIENT_CONFIRMATION_OK"
14079,10409587939,10409587978,1,"IOTHUB_CLIENT_CONFIRMATION_OK"
14080,10409588139,10409588181,1,"IOTHUB_CLIENT_CONFIRMATION_OK"
14081,10409588340,10409588411,1,"IOTHUB_CLIENT_CONFIRMATION_OK"
14082,10409588540,10409588652,1,"IOTHUB_CLIENT_CONFIRMATION_OK"
14083,10409588740,10409588859,1,"IOTHUB_CLIENT_CONFIRMATION_OK"
14084,10409588940,10409588990,1,"IOTHUB_CLIENT_CONFIRMATION_OK"
14085,10409589140,10409589183,1,"IOTHUB_CLIENT_CONFIRMATION_OK"
14086,10409589340,10409589475,1,"IOTHUB_CLIENT_CONFIRMATION_OK"
14087,10409589540,10409589585,1,"IOTHUB_CLIENT_CONFIRMATION_OK"
14088,10409589741,10409589780,1,"IOTHUB_CLIENT_CONFIRMATION_OK"
14089,10409589941,10409590069,1,"IOTHUB_CLIENT_CONFIRMATION_OK"
14090,10409590141,10409590192,1,"IOTHUB_CLIENT_CONFIRMATION_OK"
14091,10409590341,10409590384,1,"IOTHUB_CLIENT_CONFIRMATION_OK"
14092,10409590541,10409590584,1,"IOTHUB_CLIENT_CONFIRMATION_OK"
14093,10409590741,10409590779,1,"IOTHUB_CLIENT_CONFIRMATION_OK"
14094,10409590942,10409590991,1,"IOTHUB_CLIENT_CONFIRMATION_OK"
14095,10409591142,10409591192,1,"IOTHUB_CLIENT_CONFIRMATION_OK"
14096,10409591342,10409591383,1,"IOTHUB_CLIENT_CONFIRMATION_OK"
14097,10409591542,10409591694,1,"IOTHUB_CLIENT_CONFIRMATION_OK"
14098,10409591742,10409591787,1,"IOTHUB_CLIENT_CONFIRMATION_OK"
14099,10409591942,10409592008,1,"IOTHUB_CLIENT_CONFIRMATION_OK"
14100,10409592143,10409592218,1,"IOTHUB_CLIENT_CONFIRMATION_OK"
14101,10409592343,10409592382,1,"IOTHUB_CLIENT_CONFIRMATION_OK"
14102,10409592543,10409592582,1,"IOTHUB_CLIENT_CONFIRMATION_OK"
14103,10409592743,10409592792,1,"IOTHUB_CLIENT_CONFIRMATION_OK"
14104,10409592943,10409592980,1,"IOTHUB_CLIENT_CONFIRMATION_OK"
14105,10409593143,10409593186,1,"IOTHUB_CLIENT_CONFIRMATION_OK"
14106,10409593344,10409593396,1,"IOTHUB_CLIENT_CONFIRMATION_OK"
14107,10409593544,10409593617,1,"IOTHUB_CLIENT_CONFIRMATION_OK"
14108,10409593744,10409593854,1,"IOTHUB_CLIENT_CONFIRMATION_OK"
14109,10409593944,10409593985,1,"IOTHUB_CLIENT_CONFIRMATION_OK"
14110,10409594144,10409594185,1,"IOTHUB_CLIENT_CONFIRMATION_OK"
14111,10409594344,10409594503,1,"IOTHUB_CLIENT_CONFIRMATION_OK"
14112,10409594544,10409594646,1,"IOTHUB_CLIENT_CONFIRMATION_OK"
14113,10409594745,10409594778,1,"IOTHUB_CLIENT_CONFIRMATION_OK"
14114,10409594945,10409595053,1,"IOTHUB_CLIENT_CONFIRMATION_OK"
14115,10409595145,10409595204,1,"IOTHUB_CLIENT_CONFIRMATION_OK"
14116,10409595345,10409595470,1,"IOTHUB_CLIENT_CONFIRMATION_OK"
14117,10409595545,10409595583,1,"IOTHUB_CLIENT_CONFIRMATION_OK"
14118,10409595745,10409595800,1,"IOTHUB_CLIENT_CONFIRMATION_OK"
14119,10409595946,10409595986,1,"IOTHUB_CLIENT_CONFIRMATION_OK"
14120,10409596146,10409596200,1,"IOTHUB_CLIENT_CONFIRMATION_OK"
14121,10409596346,10409596389,1,"IOTHUB_CLIENT_CONFIRMATION_OK"
14122,10409596546,10409596586,1,"IOTHUB_CLIENT_CONFIRMATION_OK"
14123,10409596746,10409596787,1,"IOTHUB_CLIENT_CONFIRMATION_OK"
14124,10409596946,10409596998,1,"IOTHUB_CLIENT_CONFIRMATION_OK"
14125,10409597147,10409597224,1,"IOTHUB_CLIENT_CONFIRMATION_OK"
14126,10409597347,10409597501,1,"IOTHUB_CLIENT_CONFIRMATION_OK"
14127,10409597547,10409597598,1,"IOTHUB_CLIENT_CONFIRMATION_OK"
14128,10409597747,10409597803,1,"IOTHUB_CLIENT_CONFIRMATION_OK"
14129,10409597947,10409597991,1,"IOTHUB_CLIENT_CONFIRMATION_OK"
14130,10409598147,10409598185,1,"IOTHUB_CLIENT_CONFIRMATION_OK"
14131,10409598347,10409598412,1,"IOTHUB_CLIENT_CONFIRMATION_OK"
14132,10409598548,10409598628,1,"IOTHUB_CLIENT_CONFIRMATION_OK"
14133,10409598748,10409598794,1,"IOTHUB_CLIENT_CONFIRMATION_OK"
14134,10409598948,10409598991,1,"IOTHUB_CLIENT_CONFIRMATION_OK"
14135,10409599148,10409599373,1,"IOTHUB_CLIENT_CONFIRMATION_OK"
14136,10409599348,10409599543,1,"IOTHUB_CLIENT_CONFIRMATION_OK"
14137,10409599549,10409599628,1,"IOTHUB_CLIENT_CONFIRMATION_OK"
14138,10409599749,10409599788,1,"IOTHUB_CLIENT_CONFIRMATION_OK"
14139,10409599949,10409599996,1,"IOTHUB_CLIENT_CONFIRMATION_OK"
14140,10409600149,10409600329,1,"IOTHUB_CLIENT_CONFIRMATION_OK"
14141,10409600349,10409600405,1,"IOTHUB_CLIENT_CONFIRMATION_OK"
14142,10409600549,10409600588,1,"IOTHUB_CLIENT_CONFIRMATION_OK"
14143,10409600749,10409600792,1,"IOTHUB_CLIENT_CONFIRMATION_OK"
14144,10409600950,10409600999,1,"IOTHUB_CLIENT_CONFIRMATION_OK"
14145,10409601150,10409601189,1,"IOTHUB_CLIENT_CONFIRMATION_OK"
14146,10409601350,10409601388,1,"IOTHUB_CLIENT_CONFIRMATION_OK"
14147,10409601550,10409601611,1,"IOTHUB_CLIENT_CONFIRMATION_OK"
14148,10409601750,10409601824,1,"IOTHUB_CLIENT_CONFIRMATION_OK"
14149,10409601950,10409602079,1,"IOTHUB_CLIENT_CONFIRMATION_OK"
14150,10409602150,10409602200,1,"IOTHUB_CLIENT_CONFIRMATION_OK"
14151,10409602351,10409602412,1,"IOTHUB_CLIENT_CONFIRMATION_OK"
14152,10409602551,10409602612,1,"IOTHUB_CLIENT_CONFIRMATION_OK"
14153,10409602751,10409602833,1,"IOTHUB_CLIENT_CONFIRMATION_OK"
14154,10409602951,10409603007,1,"IOTHUB_CLIENT_CONFIRMATION_OK"
14155,10409603151,10409603217,1,"IOTHUB_CLIENT_CONFIRMATION_OK"
14156,10409603351,10409603415,1,"IOTHUB_CLIENT_CONFIRMATION_OK"
14157,10409603551,10409603602,1,"IOTHUB_CLIENT_CONFIRMATION_OK"
14158,10409603752,10409603799,1,"IOTHUB_CLIENT_CONFIRMATION_OK"
14159,10409603952,10409604004,1,"IOTHUB_CLIENT_CONFIRMATION_OK"
14160,10409604152,10409604208,1,"IOTHUB_CLIENT_CONFIRMATION_OK"
14161,10409604352,10409604390,1,"IOTHUB_CLIENT_CONFIRMATION_OK"
14162,10409604552,10409604609,1,"IOTHUB_CLIENT_CONFIRMATION_OK"
14163,10409604752,10409604838,1,"IOTHUB_CLIENT_CONFIRMATION_OK"
14164,10409604953,10409604994,1,"IOTHUB_CLIENT_CONFIRMATION_OK"
14165,10409605153,10409605197,1,"IOTHUB_CLIENT_CONFIRMATION_OK"
14166,10409605353,10409605482,1,"IOTHUB_CLIENT_CONFIRMATION_OK"
14167,10409605553,10409605598,1,"IOTHUB_CLIENT_CONFIRMATION_OK"
14168,10409605753,10409605803,1,"IOTHUB_CLIENT_CONFIRMATION_OK"
14169,10409605953,10409606012,1,"IOTHUB_CLIENT_CONFIRMATION_OK"
14170,10409606154,10409606234,1,"IOTHUB_CLIENT_CONFIRMATION_OK"
14171,10409606354,10409606404,1,"IOTHUB_CLIENT_CONFIRMATION_OK"
14172,10409606554,10409606597,1,"IOTHUB_CLIENT_CONFIRMATION_OK"
14173,10409606754,10409606792,1,"IOTHUB_CLIENT_CONFIRMATION_OK"
14174,10409606954,10409607007,1,"IOTHUB_CLIENT_CONFIRMATION_OK"
14175,10409607154,10409607195,1,"IOTHUB_CLIENT_CONFIRMATION_OK"
14176,10409607355,10409607531,1,"IOTHUB_CLIENT_CONFIRMATION_OK"
14177,10409607555,10409607608,1,"IOTHUB_CLIENT_CONFIRMATION_OK"
14178,10409607755,10409607802,1,"IOTHUB_CLIENT_CONFIRMATION_OK"
14179,10409607955,10409608020,1,"IOTHUB_CLIENT_CONFIRMATION_OK"
14180,10409608155,10409608213,1,"IOTHUB_CLIENT_CONFIRMATION_OK"
14181,10409608355,10409608397,1,"IOTHUB_CLIENT_CONFIRMATION_OK"
14182,10409608555,10409608606,1,"IOTHUB_CLIENT_CONFIRMATION_OK"
14183,10409608756,10409608794,1,"IOTHUB_CLIENT_CONFIRMATION_OK"
14184,10409608956,10409608997,1,"IOTHUB_CLIENT_CONFIRMATION_OK"
14185,10409609156,10409609195,1,"IOTHUB_CLIENT_CONFIRMATION_OK"
14186,10409609356,10409609421,1,"IOTHUB_CLIENT_CONFIRMATION_OK"
14187,10409609556,10409609609,1,"IOTHUB_CLIENT_CONFIRMATION_OK"
14188,10409609756,10409609821,1,"IOTHUB_CLIENT_CONFIRMATION_OK"
14189,10409609957,10409610009,1,"IOTHUB_CLIENT_CONFIRMATION_OK"
14190,10409610157,10409610210,1,"IOTHUB_CLIENT_CONFIRMATION_OK"
14191,10409610357,10409610400,1,"IOTHUB_CLIENT_CONFIRMATION_OK"
14192,10409610557,10409610608,1,"IOTHUB_CLIENT_CONFIRMATION_OK"
14193,10409610757,10409610819,1,"IOTHUB_CLIENT_CONFIRMATION_OK"
14194,10409610957,10409611023,1,"IOTHUB_CLIENT_CONFIRMATION_OK"
14195,10409611158,10409611211,1,"IOTHUB_CLIENT_CONFIRMATION_OK"
14196,10409611358,10409611441,1,"IOTHUB_CLIENT_CONFIRMATION_OK"
14197,10409611558,10409611616,1,"IOTHUB_CLIENT_CONFIRMATION_OK"
14198,10409611758,10409611810,1,"IOTHUB_CLIENT_CONFIRMATION_OK"
14199,10409611958,10409612017,1,"IOTHUB_CLIENT_CONFIRMATION_OK"
14200,10409612158,10409612262,1,"IOTHUB_CLIENT_CONFIRMATION_OK"
14201,10409612359,10409612401,1,"IOTHUB_CLIENT_CONFIRMATION_OK"
14202,10409612559,10409612622,1,"IOTHUB_CLIENT_CONFIRMATION_OK"
14203,10409612759,10409612798,1,"IOTHUB_CLIENT_CONFIRMATION_OK"
14204,10409612959,10409613002,1,"IOTHUB_CLIENT_CONFIRMATION_OK"
14205,10409613159,10409613239,1,"IOTHUB_CLIENT_CONFIRMATION_OK"
14206,10409613359,10409613473,1,"IOTHUB_CLIENT_CONFIRMATION_OK"
14207,10409613559,10409613612,1,"IOTHUB_CLIENT_CONFIRMATION_OK"
14208,10409613760,10409613809,1,"IOTHUB_CLIENT_CONFIRMATION_OK"
14209,10409613960,10409614008,1,"IOTHUB_CLIENT_CONFIRMATION_OK"
14210,10409614160,10409614205,1,"IOTHUB_CLIENT_CONFIRMATION_OK"
14211,10409614360,10409614436,1,"IOTHUB_CLIENT_CONFIRMATION_OK"
14212,10409614560,10409614601,1,"IOTHUB_CLIENT_CONFIRMATION_OK"
14213,10409614760,10409614851,1,"IOTHUB_CLIENT_CONFIRMATION_OK"
14214,10409614961,10409615012,1,"IOTHUB_CLIENT_CONFIRMATION_OK"
14215,10409615161,10409615216,1,"IOTHUB_CLIENT_CONFIRMATION_OK"
14216,10409615361,10409615504,1,"IOTHUB_CLIENT_CONFIRMATION_OK"
14217,10409615561,10409615605,1,"IOTHUB_CLIENT_CONFIRMATION_OK"
14218,10409615761,10409615838,1,"IOTHUB_CLIENT_CONFIRMATION_OK"
14219,10409615961,10409616156,1,"IOTHUB_CLIENT_CONFIRMATION_OK"
14220,10409616162,10409616222,1,"IOTHUB_CLIENT_CONFIRMATION_OK"
14221,10409616362,10409616445,1,"IOTHUB_CLIENT_CONFIRMATION_OK"
14222,10409616562,10409616667,1,"IOTHUB_CLIENT_CONFIRMATION_OK"
14223,10409616762,10409616819,1,"IOTHUB_CLIENT_CONFIRMATION_OK"
14224,10409616962,10409617026,1,"IOTHUB_CLIENT_CONFIRMATION_OK"
14225,10409617162,10409617221,1,"IOTHUB_CLIENT_CONFIRMATION_OK"
14226,10409617362,10409617438,1,"IOTHUB_CLIENT_CONFIRMATION_OK"
14227,10409617563,10409617608,1,"IOTHUB_CLIENT_CONFIRMATION_OK"
14228,10409617763,10409617835,1,"IOTHUB_CLIENT_CONFIRMATION_OK"
14229,10409617963,10409618177,1,"IOTHUB_CLIENT_CONFIRMATION_OK"
14230,10409618163,10409618289,1,"IOTHUB_CLIENT_CONFIRMATION_OK"
14231,10409618363,10409618420,1,"IOTHUB_CLIENT_CONFIRMATION_OK"
14232,10409618563,10409618615,1,"IOTHUB_CLIENT_CONFIRMATION_OK"
14233,10409618764,10409618809,1,"IOTHUB_CLIENT_CONFIRMATION_OK"
14234,10409618964,10409619019,1,"IOTHUB_CLIENT_CONFIRMATION_OK"
14235,10409619164,10409619228,1,"IOTHUB_CLIENT_CONFIRMATION_OK"
14236,10409619364,10409619409,1,"IOTHUB_CLIENT_CONFIRMATION_OK"
14237,10409619564,10409619622,1,"IOTHUB_CLIENT_CONFIRMATION_OK"
14238,10409619764,10409619805,1,"IOTHUB_CLIENT_CONFIRMATION_OK"
14239,10409619964,10409619999,1,"IOTHUB_CLIENT_CONFIRMATION_OK"
14240,10409620165,10409620207,1,"IOTHUB_CLIENT_CONFIRMATION_OK"
14241,10409620365,10409620402,1,"IOTHUB_CLIENT_CONFIRMATION_OK"
14242,10409620565,10409620617,1,"IOTHUB_CLIENT_CONFIRMATION_OK"
14243,10409620765,10409620843,1,"IOTHUB_CLIENT_CONFIRMATION_OK"
14244,10409620965,10409621025,1,"IOTHUB_CLIENT_CONFIRMATION_OK"
14245,10409621165,10409621215,1,"IOTHUB_CLIENT_CONFIRMATION_OK"
14246,10409621366,10409621440,1,"IOTHUB_CLIENT_CONFIRMATION_OK"
14247,10409621566,10409621631,1,"IOTHUB_CLIENT_CONFIRMATION_OK"
14248,10409621766,10409621809,1,"IOTHUB_CLIENT_CONFIRMATION_OK"
14249,10409621966,10409622005,1,"IOTHUB_CLIENT_CONFIRMATION_OK"
14250,10409622166,10409622214,1,"IOTHUB_CLIENT_CONFIRMATION_OK"
14251,10409622366,10409622472,1,"IOTHUB_CLIENT_CONFIRMATION_OK"
14252,10409622567,10409622622,1,"IOTHUB_CLIENT_CONFIRMATION_OK"
14253,10409622767,10409622829,1,"IOTHUB_CLIENT_CONFIRMATION_OK"
14254,10409622967,10409623016,1,"IOTHUB_CLIENT_CONFIRMATION_OK"
14255,10409623167,10409623217,1,"IOTHUB_CLIENT_CONFIRMATION_OK"
14256,10409623367,10409623494,1,"IOTHUB_CLIENT_CONFIRMATION_OK"
14257,10409623567,10409623608,1,"IOTHUB_CLIENT_CONFIRMATION_OK"
14258,10409623768,10409623821,1,"IOTHUB_CLIENT_CONFIRMATION_OK"
14259,10409623968,10409624023,1,"IOTHUB_CLIENT_CONFIRMATION_OK"
14260,10409624168,10409624213,1,"IOTHUB_CLIENT_CONFIRMATION_OK"
14261,10409624368,10409624414,1,"IOTHUB_CLIENT_CONFIRMATION_OK"
14262,10409624568,10409624654,1,"IOTHUB_CLIENT_CONFIRMATION_OK"
14263,10409624768,10409624810,1,"IOTHUB_CLIENT_CONFIRMATION_OK"
14264,10409624969,10409625014,1,"IOTHUB_CLIENT_CONFIRMATION_OK"
14265,10409625169,10409625240,1,"IOTHUB_CLIENT_CONFIRMATION_OK"
14266,10409625369,10409625536,1,"IOTHUB_CLIENT_CONFIRMATION_OK"
14267,10409625569,10409625618,1,"IOTHUB_CLIENT_CONFIRMATION_OK"
14268,10409625769,10409625836,1,"IOTHUB_CLIENT_CONFIRMATION_OK"
14269,10409625969,10409626018,1,"IOTHUB_CLIENT_CONFIRMATION_OK"
14270,10409626170,10409626225,1,"IOTHUB_CLIENT_CONFIRMATION_OK"
14271,10409626370,10409626412,1,"IOTHUB_CLIENT_CONFIRMATION_OK"
14272,10409626570,10409626623,1,"IOTHUB_CLIENT_CONFIRMATION_OK"
14273,10409626770,10409626813,1,"IOTHUB_CLIENT_CONFIRMATION_OK"
14274,10409626970,10409627021,1,"IOTHUB_CLIENT_CONFIRMATION_OK"
14275,10409627170,10409627224,1,"IOTHUB_CLIENT_CONFIRMATION_OK"
14276,10409627371,10409627446,1,"IOTHUB_CLIENT_CONFIRMATION_OK"
14277,10409627571,10409627616,1,"IOTHUB_CLIENT_CONFIRMATION_OK"
14278,10409627771,10409627868,1,"IOTHUB_CLIENT_CONFIRMATION_OK"
14279,10409627971,10409628030,1,"IOTHUB_CLIENT_CONFIRMATION_OK"
14280,10409628171,10409628281,1,"IOTHUB_CLIENT_CONFIRMATION_OK"
14281,10409628371,10409628428,1,"IOTHUB_CLIENT_CONFIRMATION_OK"
14282,10409628571,10409628617,1,"IOTHUB_CLIENT_CONFIRMATION_OK"
14283,10409628772,10409628867,1,"IOTHUB_CLIENT_CONFIRMATION_OK"
14284,10409628972,10409629013,1,"IOTHUB_CLIENT_CONFIRMATION_OK"
14285,10409629172,10409629217,1,"IOTHUB_CLIENT_CONFIRMATION_OK"
14286,10409629372,10409629493,1,"IOTHUB_CLIENT_CONFIRMATION_OK"
14287,10409629572,10409629618,1,"IOTHUB_CLIENT_CONFIRMATION_OK"
14288,10409629772,10409629833,1,"IOTHUB_CLIENT_CONFIRMATION_OK"
14289,10409629973,10409630010,1,"IOTHUB_CLIENT_CONFIRMATION_OK"
14290,10409630173,10409630214,1,"IOTHUB_CLIENT_CONFIRMATION_OK"
14291,10409630373,10409630430,1,"IOTHUB_CLIENT_CONFIRMATION_OK"
14292,10409630573,10409630623,1,"IOTHUB_CLIENT_CONFIRMATION_OK"
14293,10409630773,10409630878,1,"IOTHUB_CLIENT_CONFIRMATION_OK"
14294,10409630973,10409631029,1,"IOTHUB_CLIENT_CONFIRMATION_OK"
14295,10409631173,10409631219,1,"IOTHUB_CLIENT_CONFIRMATION_OK"
14296,10409631374,10409631519,1,"IOTHUB_CLIENT_CONFIRMATION_OK"
14297,10409631574,10409631625,1,"IOTHUB_CLIENT_CONFIRMATION_OK"
14298,10409631774,10409631820,1,"IOTHUB_CLIENT_CONFIRMATION_OK"
14299,10409631974,10409632032,1,"IOTHUB_CLIENT_CONFIRMATION_OK"
14300,10409632174,10409632227,1,"IOTHUB_CLIENT_CONFIRMATION_OK"
14301,10409632374,10409632441,1,"IOTHUB_CLIENT_CONFIRMATION_OK"
14302,10409632575,10409632633,1,"IOTHUB_CLIENT_CONFIRMATION_OK"
14303,10409632775,10409632813,1,"IOTHUB_CLIENT_CONFIRMATION_OK"
14304,10409632975,10409633019,1,"IOTHUB_CLIENT_CONFIRMATION_OK"
14305,10409633175,10409633249,1,"IOTHUB_CLIENT_CONFIRMATION_OK"
14306,10409633375,10409633428,1,"IOTHUB_CLIENT_CONFIRMATION_OK"
14307,10409633575,10409633644,1,"IOTHUB_CLIENT_CONFIRMATION_OK"
14308,10409633775,10409633828,1,"IOTHUB_CLIENT_CONFIRMATION_OK"
14309,10409633976,10409634041,1,"IOTHUB_CLIENT_CONFIRMATION_OK"
14310,10409634176,10409634220,1,"IOTHUB_CLIENT_CONFIRMATION_OK"
14311,10409634376,10409634430,1,"IOTHUB_CLIENT_CONFIRMATION_OK"
14312,10409634576,10409634637,1,"IOTHUB_CLIENT_CONFIRMATION_OK"
14313,10409634776,10409634839,1,"IOTHUB_CLIENT_CONFIRMATION_OK"
14314,10409634976,10409635018,1,"IOTHUB_CLIENT_CONFIRMATION_OK"
14315,10409635177,10409635228,1,"IOTHUB_CLIENT_CONFIRMATION_OK"
14316,10409635377,10409635485,1,"IOTHUB_CLIENT_CONFIRMATION_OK"
14317,10409635577,10409635643,1,"IOTHUB_CLIENT_CONFIRMATION_OK"
14318,10409635777,10409635825,1,"IOTHUB_CLIENT_CONFIRMATION_OK"
14319,10409635977,10409636051,1,"IOTHUB_CLIENT_CONFIRMATION_OK"
14320,10409636177,10409636273,1,"IOTHUB_CLIENT_CONFIRMATION_OK"
14321,10409636377,10409636421,1,"IOTHUB_CLIENT_CONFIRMATION_OK"
14322,10409636578,10409636622,1,"IOTHUB_CLIENT_CONFIRMATION_OK"
14323,10409636778,10409636874,1,"IOTHUB_CLIENT_CONFIRMATION_OK"
14324,10409636978,10409637030,1,"IOTHUB_CLIENT_CONFIRMATION_OK"
14325,10409637178,10409637220,1,"IOTHUB_CLIENT_CONFIRMATION_OK"
14326,10409637378,10409637480,1,"IOTHUB_CLIENT_CONFIRMATION_OK"
14327,10409637578,10409637633,1,"IOTHUB_CLIENT_CONFIRMATION_OK"
14328,10409637778,10409637823,1,"IOTHUB_CLIENT_CONFIRMATION_OK"
14329,10409637979,10409638021,1,"IOTHUB_CLIENT_CONFIRMATION_OK"
14330,10409638179,10409638222,1,"IOTHUB_CLIENT_CONFIRMATION_OK"
14331,10409638379,10409638421,1,"IOTHUB_CLIENT_CONFIRMATION_OK"
14332,10409638579,10409638675,1,"IOTHUB_CLIENT_CONFIRMATION_OK"
14333,10409638779,10409638828,1,"IOTHUB_CLIENT_CONFIRMATION_OK"
14334,10409638979,10409639034,1,"IOTHUB_CLIENT_CONFIRMATION_OK"
14335,10409639180,10409639237,1,"IOTHUB_CLIENT_CONFIRMATION_OK"
14336,10409639380,10409639529,1,"IOTHUB_CLIENT_CONFIRMATION_OK"
14337,10409639580,10409639635,1,"IOTHUB_CLIENT_CONFIRMATION_OK"
14338,10409639780,10409639847,1,"IOTHUB_CLIENT_CONFIRMATION_OK"
14339,10409639980,10409640015,1,"IOTHUB_CLIENT_CONFIRMATION_OK"
14340,10409640180,10409640227,1,"IOTHUB_CLIENT_CONFIRMATION_OK"
14341,10409640381,10409640470,1,"IOTHUB_CLIENT_CONFIRMATION_OK"
14342,10409640581,10409640654,1,"IOTHUB_CLIENT_CONFIRMATION_OK"
14343,10409640781,10409640843,1,"IOTHUB_CLIENT_CONFIRMATION_OK"
14344,10409640981,10409641028,1,"IOTHUB_CLIENT_CONFIRMATION_OK"
14345,10409641181,10409641228,1,"IOTHUB_CLIENT_CONFIRMATION_OK"
14346,10409641381,10409641448,1,"IOTHUB_CLIENT_CONFIRMATION_OK"
14347,10409641582,10409641634,1,"IOTHUB_CLIENT_CONFIRMATION_OK"
14348,10409641782,10409641928,1,"IOTHUB_CLIENT_CONFIRMATION_OK"
14349,10409641982,10409642031,1,"IOTHUB_CLIENT_CONFIRMATION_OK"
14350,10409642182,10409642228,1,"IOTHUB_CLIENT_CONFIRMATION_OK"
14351,10409642382,10409642430,1,"IOTHUB_CLIENT_CONFIRMATION_OK"
14352,10409642582,10409642629,1,"IOTHUB_CLIENT_CONFIRMATION_OK"
14353,10409642782,10409642852,1,"IOTHUB_CLIENT_CONFIRMATION_OK"
14354,10409642983,10409643027,1,"IOTHUB_CLIENT_CONFIRMATION_OK"
14355,10409643183,10409643235,1,"IOTHUB_CLIENT_CONFIRMATION_OK"
14356,10409643383,10409643432,1,"IOTHUB_CLIENT_CONFIRMATION_OK"
14357,10409643583,10409643677,1,"IOTHUB_CLIENT_CONFIRMATION_OK"
14358,10409643783,10409643938,1,"IOTHUB_CLIENT_CONFIRMATION_OK"
14359,10409643983,10409644064,1,"IOTHUB_CLIENT_CONFIRMATION_OK"
14360,10409644184,10409644250,1,"IOTHUB_CLIENT_CONFIRMATION_OK"
14361,10409644384,10409644419,1,"IOTHUB_CLIENT_CONFIRMATION_OK"
14362,10409644584,10409644624,1,"IOTHUB_CLIENT_CONFIRMATION_OK"
14363,10409644784,10409644839,1,"IOTHUB_CLIENT_CONFIRMATION_OK"
14364,10409644984,10409645028,1,"IOTHUB_CLIENT_CONFIRMATION_OK"
14365,10409645184,10409645240,1,"IOTHUB_CLIENT_CONFIRMATION_OK"
14366,10409645384,10409645470,1,"IOTHUB_CLIENT_CONFIRMATION_OK"
14367,10409645585,10409645635,1,"IOTHUB_CLIENT_CONFIRMATION_OK"
14368,10409645785,10409645825,1,"IOTHUB_CLIENT_CONFIRMATION_OK"
14369,10409645985,10409646043,1,"IOTHUB_CLIENT_CONFIRMATION_OK"
14370,10409646185,10409646245,1,"IOTHUB_CLIENT_CONFIRMATION_OK"
14371,10409646385,10409646464,1,"IOTHUB_CLIENT_CONFIRMATION_OK"
14372,10409646585,10409646643,1,"IOTHUB_CLIENT_CONFIRMATION_OK"
14373,10409646785,10409646830,1,"IOTHUB_CLIENT_CONFIRMATION_OK"
14374,10409646986,10409647027,1,"IOTHUB_CLIENT_CONFIRMATION_OK"
14375,10409647186,10409647222,1,"IOTHUB_CLIENT_CONFIRMATION_OK"
14376,10409647386,10409647489,1,"IOTHUB_CLIENT_CONFIRMATION_OK"
14377,10409647586,10409647625,1,"IOTHUB_CLIENT_CONFIRMATION_OK"
14378,10409647786,10409647817,1,"IOTHUB_CLIENT_CONFIRMATION_OK"
14379,10409647986,10409648110,1,"IOTHUB_CLIENT_CONFIRMATION_OK"
14380,10409648187,10409648235,1,"IOTHUB_CLIENT_CONFIRMATION_OK"
14381,10409648387,10409648426,1,"IOTHUB_CLIENT_CONFIRMATION_OK"
14382,10409648587,10409648627,1,"IOTHUB_CLIENT_CONFIRMATION_OK"
14383,10409648787,10409648843,1,"IOTHUB_CLIENT_CONFIRMATION_OK"
14384,10409648987,10409649100,1,"IOTHUB_CLIENT_CONFIRMATION_OK"
14385,10409649187,10409649238,1,"IOTHUB_CLIENT_CONFIRMATION_OK"
14386,10409649388,10409649422,1,"IOTHUB_CLIENT_CONFIRMATION_OK"
14387,10409649588,10409649673,1,"IOTHUB_CLIENT_CONFIRMATION_OK"
14388,10409649788,10409649833,1,"IOTHUB_CLIENT_CONFIRMATION_OK"
14389,10409649988,10409650018,1,"IOTHUB_CLIENT_CONFIRMATION_OK"
14390,10409650188,10409650289,1,"IOTHUB_CLIENT_CONFIRMATION_OK"
14391,10409650388,10409650427,1,"IOTHUB_CLIENT_CONFIRMATION_OK"
14392,10409650588,10409650630,1,"IOTHUB_CLIENT_CONFIRMATION_OK"
14393,10409650789,10409650840,1,"IOTHUB_CLIENT_CONFIRMATION_OK"
14394,10409650989,10409651086,1,"IOTHUB_CLIENT_CONFIRMATION_OK"
14395,10409651189,10409651351,1,"IOTHUB_CLIENT_CONFIRMATION_OK"
14396,10409651389,10409651439,1,"IOTHUB_CLIENT_CONFIRMATION_OK"
14397,10409651589,10409651631,1,"IOTHUB_CLIENT_CONFIRMATION_OK"
14398,10409651789,10409652036,1,"IOTHUB_CLIENT_CONFIRMATION_OK"
14399,10409651990,10409652061,1,"IOTHUB_CLIENT_CONFIRMATION_OK"
14400,10409652190,10409652235,1,"IOTHUB_CLIENT_CONFIRMATION_OK"
14401,10409652390,10409652468,1,"IOTHUB_CLIENT_CONFIRMATION_OK"
14402,10409652590,10409652701,1,"IOTHUB_CLIENT_CONFIRMATION_OK"
14403,10409652790,10409652833,1,"IOTHUB_CLIENT_CONFIRMATION_OK"
14404,10409652990,10409653056,1,"IOTHUB_CLIENT_CONFIRMATION_OK"
14405,10409653190,10409653278,1,"IOTHUB_CLIENT_CONFIRMATION_OK"
14406,10409653391,10409653437,1,"IOTHUB_CLIENT_CONFIRMATION_OK"
14407,10409653591,10409653708,1,"IOTHUB_CLIENT_CONFIRMATION_OK"
14408,10409653791,10409653829,1,"IOTHUB_CLIENT_CONFIRMATION_OK"
14409,10409653991,10409654028,1,"IOTHUB_CLIENT_CONFIRMATION_OK"
14410,10409654191,10409654349,1,"IOTHUB_CLIENT_CONFIRMATION_OK"
14411,10409654391,10409654429,1,"IOTHUB_CLIENT_CONFIRMATION_OK"
14412,10409654591,10409654700,1,"IOTHUB_CLIENT_CONFIRMATION_OK"
14413,10409654792,10409654968,1,"IOTHUB_CLIENT_CONFIRMATION_OK"
14414,10409654992,10409655085,1,"IOTHUB_CLIENT_CONFIRMATION_OK"
14415,10409655192,10409655271,1,"IOTHUB_CLIENT_CONFIRMATION_OK"
14416,10409655392,10409655588,1,"IOTHUB_CLIENT_CONFIRMATION_OK"
14417,10409655592,10409655638,1,"IOTHUB_CLIENT_CONFIRMATION_OK"
14418,10409655792,10409655837,1,"IOTHUB_CLIENT_CONFIRMATION_OK"
14419,10409655993,10409656034,1,"IOTHUB_CLIENT_CONFIRMATION_OK"
14420,10409656193,10409656238,1,"IOTHUB_CLIENT_CONFIRMATION_OK"
14421,10409656393,10409656441,1,"IOTHUB_CLIENT_CONFIRMATION_OK"
14422,10409656593,10409656629,1,"IOTHUB_CLIENT_CONFIRMATION_OK"
14423,10409656793,10409656834,1,"IOTHUB_CLIENT_CONFIRMATION_OK"
14424,10409656993,10409657061,1,"IOTHUB_CLIENT_CONFIRMATION_OK"
14425,10409657194,10409657238,1,"IOTHUB_CLIENT_CONFIRMATION_OK"
14426,10409657394,10409657453,1,"IOTHUB_CLIENT_CONFIRMATION_OK"
14427,10409657594,10409657627,1,"IOTHUB_CLIENT_CONFIRMATION_OK"
14428,10409657794,10409657843,1,"IOTHUB_CLIENT_CONFIRMATION_OK"
14429,10409657994,10409658054,1,"IOTHUB_CLIENT_CONFIRMATION_OK"
14430,10409658194,10409658233,1,"IOTHUB_CLIENT_CONFIRMATION_OK"
14431,10409658395,10409658452,1,"IOTHUB_CLIENT_CONFIRMATION_OK"
14432,10409658595,10409658657,1,"IOTHUB_CLIENT_CONFIRMATION_OK"
14433,10409658795,10409658832,1,"IOTHUB_CLIENT_CONFIRMATION_OK"
14434,10409658995,10409659051,1,"IOTHUB_CLIENT_CONFIRMATION_OK"
14435,10409659195,10409659236,1,"IOTHUB_CLIENT_CONFIRMATION_OK"
14436,10409659395,10409659441,1,"IOTHUB_CLIENT_CONFIRMATION_OK"
14437,10409659595,10409659687,1,"IOTHUB_CLIENT_CONFIRMATION_OK"
14438,10409659796,10409659845,1,"IOTHUB_CLIENT_CONFIRMATION_OK"
14439,10409659996,10409660045,1,"IOTHUB_CLIENT_CONFIRMATION_OK"
14440,10409660196,10409660289,1,"IOTHUB_CLIENT_CONFIRMATION_OK"
14441,10409660396,10409660446,1,"IOTHUB_CLIENT_CONFIRMATION_OK"
14442,10409660596,10409660643,1,"IOTHUB_CLIENT_CONFIRMATION_OK"
14443,10409660796,10409660902,1,"IOTHUB_CLIENT_CONFIRMATION_OK"
14444,10409660997,10409661046,1,"IOTHUB_CLIENT_CONFIRMATION_OK"
14445,10409661197,10409661237,1,"IOTHUB_CLIENT_CONFIRMATION_OK"
14446,10409661397,10409661517,1,"IOTHUB_CLIENT_CONFIRMATION_OK"
14447,10409661597,10409661632,1,"IOTHUB_CLIENT_CONFIRMATION_OK"
14448,10409661797,10409661842,1,"IOTHUB_CLIENT_CONFIRMATION_OK"
14449,10409661997,10409662124,1,"IOTHUB_CLIENT_CONFIRMATION_OK"
14450,10409662197,10409662269,1,"IOTHUB_CLIENT_CONFIRMATION_OK"
14451,10409662398,10409662476,1,"IOTHUB_CLIENT_CONFIRMATION_OK"
14452,10409662598,10409662762,1,"IOTHUB_CLIENT_CONFIRMATION_OK"
14453,10409662798,10409662837,1,"IOTHUB_CLIENT_CONFIRMATION_OK"
14454,10409662998,10409663048,1,"IOTHUB_CLIENT_CONFIRMATION_OK"
14455,10409663198,10409663413,1,"IOTHUB_CLIENT_CONFIRMATION_OK"
14456,10409663398,10409663442,1,"IOTHUB_CLIENT_CONFIRMATION_OK"
14457,10409663599,10409663648,1,"IOTHUB_CLIENT_CONFIRMATION_OK"
14458,10409663799,10409663843,1,"IOTHUB_CLIENT_CONFIRMATION_OK"
14459,10409663999,10409664044,1,"IOTHUB_CLIENT_CONFIRMATION_OK"
14460,10409664199,10409664246,1,"IOTHUB_CLIENT_CONFIRMATION_OK"
14461,10409664399,10409664458,1,"IOTHUB_CLIENT_CONFIRMATION_OK"
14462,10409664599,10409664654,1,"IOTHUB_CLIENT_CONFIRMATION_OK"
14463,10409664800,10409664842,1,"IOTHUB_CLIENT_CONFIRMATION_OK"
14464,10409665000,10409665058,1,"IOTHUB_CLIENT_CONFIRMATION_OK"
14465,10409665200,10409665254,1,"IOTHUB_CLIENT_CONFIRMATION_OK"
14466,10409665400,10409665454,1,"IOTHUB_CLIENT_CONFIRMATION_OK"
14467,10409665600,10409665660,1,"IOTHUB_CLIENT_CONFIRMATION_OK"
14468,10409665800,10409665853,1,"IOTHUB_CLIENT_CONFIRMATION_OK"
14469,10409666001,10409666045,1,"IOTHUB_CLIENT_CONFIRMATION_OK"
14470,10409666201,10409666250,1,"IOTHUB_CLIENT_CONFIRMATION_OK"
14471,10409666401,10409666442,1,"IOTHUB_CLIENT_CONFIRMATION_OK"
14472,10409666601,10409666667,1,"IOTHUB_CLIENT_CONFIRMATION_OK"
14473,10409666801,10409666860,1,"IOTHUB_CLIENT_CONFIRMATION_OK"
14474,10409667001,10409667043,1,"IOTHUB_CLIENT_CONFIRMATION_OK"
14475,10409667202,10409667250,1,"IOTHUB_CLIENT_CONFIRMATION_OK"
14476,10409667402,10409667491,1,"IOTHUB_CLIENT_CONFIRMATION_OK"
14477,10409667602,10409667643,1,"IOTHUB_CLIENT_CONFIRMATION_OK"
14478,10409667802,10409667852,1,"IOTHUB_CLIENT_CONFIRMATION_OK"
14479,10409668002,10409668079,1,"IOTHUB_CLIENT_CONFIRMATION_OK"
14480,10409668202,10409668250,1,"IOTHUB_CLIENT_CONFIRMATION_OK"
14481,10409668402,10409668445,1,"IOTHUB_CLIENT_CONFIRMATION_OK"
14482,10409668603,10409668801,1,"IOTHUB_CLIENT_CONFIRMATION_OK"
14483,10409668803,10409668862,1,"IOTHUB_CLIENT_CONFIRMATION_OK"
14484,10409669003,10409669074,1,"IOTHUB_CLIENT_CONFIRMATION_OK"
14485,10409669203,10409669340,1,"IOTHUB_CLIENT_CONFIRMATION_OK"
14486,10409669403,10409669460,1,"IOTHUB_CLIENT_CONFIRMATION_OK"
14487,10409669603,10409669661,1,"IOTHUB_CLIENT_CONFIRMATION_OK"
14488,10409669803,10409669964,1,"IOTHUB_CLIENT_CONFIRMATION_OK"
14489,10409670004,10409670074,1,"IOTHUB_CLIENT_CONFIRMATION_OK"
14490,10409670204,10409670236,1,"IOTHUB_CLIENT_CONFIRMATION_OK"
14491,10409670404,10409670608,1,"IOTHUB_CLIENT_CONFIRMATION_OK"
14492,10409670604,10409670671,1,"IOTHUB_CLIENT_CONFIRMATION_OK"
14493,10409670804,10409670844,1,"IOTHUB_CLIENT_CONFIRMATION_OK"
14494,10409671004,10409671207,1,"IOTHUB_CLIENT_CONFIRMATION_OK"
14495,10409671205,10409671271,1,"IOTHUB_CLIENT_CONFIRMATION_OK"
14496,10409671405,10409671443,1,"IOTHUB_CLIENT_CONFIRMATION_OK"
14497,10409671605,10409671650,1,"IOTHUB_CLIENT_CONFIRMATION_OK"
14498,10409671805,10409671844,1,"IOTHUB_CLIENT_CONFIRMATION_OK"
14499,10409672005,10409672048,1,"IOTHUB_CLIENT_CONFIRMATION_OK"
14500,10409672205,10409672246,1,"IOTHUB_CLIENT_CONFIRMATION_OK"
14501,10409672406,10409672448,1,"IOTHUB_CLIENT_CONFIRMATION_OK"
14502,10409672606,10409672643,1,"IOTHUB_CLIENT_CONFIRMATION_OK"
14503,10409672806,10409672838,1,"IOTHUB_CLIENT_CONFIRMATION_OK"
14504,10409673006,10409673064,1,"IOTHUB_CLIENT_CONFIRMATION_OK"
14505,10409673206,10409673264,1,"IOTHUB_CLIENT_CONFIRMATION_OK"
14506,10409673406,10409673476,1,"IOTHUB_CLIENT_CONFIRMATION_OK"
14507,10409673607,10409673652,1,"IOTHUB_CLIENT_CONFIRMATION_OK"
14508,10409673807,10409673860,1,"IOTHUB_CLIENT_CONFIRMATION_OK"
14509,10409674007,10409674057,1,"IOTHUB_CLIENT_CONFIRMATION_OK"
14510,10409674207,10409674264,1,"IOTHUB_CLIENT_CONFIRMATION_OK"
14511,10409674407,10409674465,1,"IOTHUB_CLIENT_CONFIRMATION_OK"
14512,10409674607,10409674650,1,"IOTHUB_CLIENT_CONFIRMATION_OK"
14513,10409674807,10409674844,1,"IOTHUB_CLIENT_CONFIRMATION_OK"
14514,10409675008,10409675055,1,"IOTHUB_CLIENT_CONFIRMATION_OK"
14515,10409675208,10409675278,1,"IOTHUB_CLIENT_CONFIRMATION_OK"
14516,10409675408,10409675499,1,"IOTHUB_CLIENT_CONFIRMATION_OK"
14517,10409675608,10409675650,1,"IOTHUB_CLIENT_CONFIRMATION_OK"
14518,10409675808,10409675888,1,"IOTHUB_CLIENT_CONFIRMATION_OK"
14519,10409676008,10409676056,1,"IOTHUB_CLIENT_CONFIRMATION_OK"
14520,10409676209,10409676277,1,"IOTHUB_CLIENT_CONFIRMATION_OK"
14521,10409676409,10409676489,1,"IOTHUB_CLIENT_CONFIRMATION_OK"
14522,10409676609,10409676657,1,"IOTHUB_CLIENT_CONFIRMATION_OK"
14523,10409676809,10409676883,1,"IOTHUB_CLIENT_CONFIRMATION_OK"
14524,10409677009,10409677086,1,"IOTHUB_CLIENT_CONFIRMATION_OK"
14525,10409677209,10409677251,1,"IOTHUB_CLIENT_CONFIRMATION_OK"
14526,10409677409,10409677453,1,"IOTHUB_CLIENT_CONFIRMATION_OK"
14527,10409677610,10409677695,1,"IOTHUB_CLIENT_CONFIRMATION_OK"
14528,10409677810,10409677852,1,"IOTHUB_CLIENT_CONFIRMATION_OK"
14529,10409678010,10409678077,1,"IOTHUB_CLIENT_CONFIRMATION_OK"
14530,10409678210,10409678310,1,"IOTHUB_CLIENT_CONFIRMATION_OK"
14531,10409678410,10409678454,1,"IOTHUB_CLIENT_CONFIRMATION_OK"
14532,10409678610,10409678658,1,"IOTHUB_CLIENT_CONFIRMATION_OK"
14533,10409678811,10409678954,1,"IOTHUB_CLIENT_CONFIRMATION_OK"
14534,10409679011,10409679049,1,"IOTHUB_CLIENT_CONFIRMATION_OK"
14535,10409679211,10409679248,1,"IOTHUB_CLIENT_CONFIRMATION_OK"
14536,10409679411,10409679533,1,"IOTHUB_CLIENT_CONFIRMATION_OK"
14537,10409679611,10409679661,1,"IOTHUB_CLIENT_CONFIRMATION_OK"
14538,10409679811,10409679861,1,"IOTHUB_CLIENT_CONFIRMATION_OK"
14539,10409680011,10409680140,1,"IOTHUB_CLIENT_CONFIRMATION_OK"
14540,10409680212,10409680261,1,"IOTHUB_CLIENT_CONFIRMATION_OK"
14541,10409680412,10409680461,1,"IOTHUB_CLIENT_CONFIRMATION_OK"
14542,10409680612,10409680753,1,"IOTHUB_CLIENT_CONFIRMATION_OK"
14543,10409680812,10409680879,1,"IOTHUB_CLIENT_CONFIRMATION_OK"
14544,10409681012,10409681062,1,"IOTHUB_CLIENT_CONFIRMATION_OK"
14545,10409681212,10409681374,1,"IOTHUB_CLIENT_CONFIRMATION_OK"
14546,10409681413,10409681507,1,"IOTHUB_CLIENT_CONFIRMATION_OK"
14547,10409681613,10409681650,1,"IOTHUB_CLIENT_CONFIRMATION_OK"
14548,10409681813,10409681864,1,"IOTHUB_CLIENT_CONFIRMATION_OK"
14549,10409682013,10409682067,1,"IOTHUB_CLIENT_CONFIRMATION_OK"
14550,10409682213,10409682274,1,"IOTHUB_CLIENT_CONFIRMATION_OK"
14551,10409682413,10409682460,1,"IOTHUB_CLIENT_CONFIRMATION_OK"
14552,10409682613,10409682668,1,"IOTHUB_CLIENT_CONFIRMATION_OK"
14553,10409682814,10409682856,1,"IOTHUB_CLIENT_CONFIRMATION_OK"
14554,10409683014,10409683067,1,"IOTHUB_CLIENT_CONFIRMATION_OK"
14555,10409683214,10409683288,1,"IOTHUB_CLIENT_CONFIRMATION_OK"
14556,10409683414,10409683451,1,"IOTHUB_CLIENT_CONFIRMATION_OK"
14557,10409683614,10409683663,1,"IOTHUB_CLIENT_CONFIRMATION_OK"
14558,10409683814,10409683862,1,"IOTHUB_CLIENT_CONFIRMATION_OK"
14559,10409684015,10409684184,1,"IOTHUB_CLIENT_CONFIRMATION_OK"
14560,10409684215,10409684296,1,"IOTHUB_CLIENT_CONFIRMATION_OK"
14561,10409684415,10409684479,1,"IOTHUB_CLIENT_CONFIRMATION_OK"
14562,10409684615,10409684654,1,"IOTHUB_CLIENT_CONFIRMATION_OK"
14563,10409684815,10409684902,1,"IOTHUB_CLIENT_CONFIRMATION_OK"
14564,10409685015,10409685067,1,"IOTHUB_CLIENT_CONFIRMATION_OK"
14565,10409685216,10409685250,1,"IOTHUB_CLIENT_CONFIRMATION_OK"
14566,10409685416,10409685533,1,"IOTHUB_CLIENT_CONFIRMATION_OK"
14567,10409685616,10409685669,1,"IOTHUB_CLIENT_CONFIRMATION_OK"
14568,10409685816,10409685886,1,"IOTHUB_CLIENT_CONFIRMATION_OK"
14569,10409686016,10409686129,1,"IOTHUB_CLIENT_CONFIRMATION_OK"
14570,10409686216,10409686258,1,"IOTHUB_CLIENT_CONFIRMATION_OK"
14571,10409686417,10409686463,1,"IOTHUB_CLIENT_CONFIRMATION_OK"
14572,10409686617,10409686731,1,"IOTHUB_CLIENT_CONFIRMATION_OK"
14573,10409686817,10409686866,1,"IOTHUB_CLIENT_CONFIRMATION_OK"
14574,10409687017,10409687084,1,"IOTHUB_CLIENT_CONFIRMATION_OK"
14575,10409687217,10409687323,1,"IOTHUB_CLIENT_CONFIRMATION_OK"
14576,10409687417,10409687462,1,"IOTHUB_CLIENT_CONFIRMATION_OK"
14577,10409687618,10409687673,1,"IOTHUB_CLIENT_CONFIRMATION_OK"
14578,10409687818,10409687944,1,"IOTHUB_CLIENT_CONFIRMATION_OK"
14579,10409688018,10409688070,1,"IOTHUB_CLIENT_CONFIRMATION_OK"
14580,10409688218,10409688250,1,"IOTHUB_CLIENT_CONFIRMATION_OK"
14581,10409688418,10409688544,1,"IOTHUB_CLIENT_CONFIRMATION_OK"
14582,10409688618,10409688669,1,"IOTHUB_CLIENT_CONFIRMATION_OK"
14583,10409688818,10409688861,1,"IOTHUB_CLIENT_CONFIRMATION_OK"
14584,10409689019,10409689178,1,"IOTHUB_CLIENT_CONFIRMATION_OK"
14585,10409689219,10409689266,1,"IOTHUB_CLIENT_CONFIRMATION_OK"
14586,10409689419,10409689464,1,"IOTHUB_CLIENT_CONFIRMATION_OK"
14587,10409689619,10409689763,1,"IOTHUB_CLIENT_CONFIRMATION_OK"
14588,10409689819,10409689859,1,"IOTHUB_CLIENT_CONFIRMATION_OK"
14589,10409690019,10409690055,1,"IOTHUB_CLIENT_CONFIRMATION_OK"
14590,10409690219,10409690392,1,"IOTHUB_CLIENT_CONFIRMATION_OK"
14591,10409690420,10409690467,1,"IOTHUB_CLIENT_CONFIRMATION_OK"
14592,10409690620,10409690668,1,"IOTHUB_CLIENT_CONFIRMATION_OK"
14593,10409690820,10409691015,1,"IOTHUB_CLIENT_CONFIRMATION_OK"
14594,10409691020,10409691052,1,"IOTHUB_CLIENT_CONFIRMATION_OK"
14595,10409691220,10409691269,1,"IOTHUB_CLIENT_CONFIRMATION_OK"
14596,10409691420,10409691458,1,"IOTHUB_CLIENT_CONFIRMATION_OK"
14597,10409691621,10409691689,1,"IOTHUB_CLIENT_CONFIRMATION_OK"
14598,10409691821,10409691858,1,"IOTHUB_CLIENT_CONFIRMATION_OK"
14599,10409692021,10409692071,1,"IOTHUB_CLIENT_CONFIRMATION_OK"
14600,10409692221,10409692333,1,"IOTHUB_CLIENT_CONFIRMATION_OK"
14601,10409692421,10409692474,1,"IOTHUB_CLIENT_CONFIRMATION_OK"
14602,10409692621,10409692658,1,"IOTHUB_CLIENT_CONFIRMATION_OK"
14603,10409692821,10409692886,1,"IOTHUB_CLIENT_CONFIRMATION_OK"
14604,10409693022,10409693076,1,"IOTHUB_CLIENT_CONFIRMATION_OK"
14605,10409693222,10409693281,1,"IOTHUB_CLIENT_CONFIRMATION_OK"
14606,10409693422,10409693462,1,"IOTHUB_CLIENT_CONFIRMATION_OK"
14607,10409693622,10409693670,1,"IOTHUB_CLIENT_CONFIRMATION_OK"
14608,10409693822,10409693871,1,"IOTHUB_CLIENT_CONFIRMATION_OK"
14609,10409694022,10409694103,1,"IOTHUB_CLIENT_CONFIRMATION_OK"
14610,10409694223,10409694269,1,"IOTHUB_CLIENT_CONFIRMATION_OK"
14611,10409694423,10409694493,1,"IOTHUB_CLIENT_CONFIRMATION_OK"
14612,10409694623,10409694668,1,"IOTHUB_CLIENT_CONFIRMATION_OK"
14613,10409694823,10409694860,1,"IOTHUB_CLIENT_CONFIRMATION_OK"
14614,10409695023,10409695074,1,"IOTHUB_CLIENT_CONFIRMATION_OK"
14615,10409695223,10409695278,1,"IOTHUB_CLIENT_CONFIRMATION_OK"
14616,10409695423,10409695467,1,"IOTHUB_CLIENT_CONFIRMATION_OK"
14617,10409695624,10409695732,1,"IOTHUB_CLIENT_CONFIRMATION_OK"
14618,10409695824,10409695904,1,"IOTHUB_CLIENT_CONFIRMATION_OK"
14619,10409696024,10409696082,1,"IOTHUB_CLIENT_CONFIRMATION_OK"
14620,10409696224,10409696323,1,"IOTHUB_CLIENT_CONFIRMATION_OK"
14621,10409696424,10409696481,1,"IOTHUB_CLIENT_CONFIRMATION_OK"
14622,10409696624,10409696685,1,"IOTHUB_CLIENT_CONFIRMATION_OK"
14623,10409696825,10409696941,1,"IOTHUB_CLIENT_CONFIRMATION_OK"
14624,10409697025,10409697097,1,"IOTHUB_CLIENT_CONFIRMATION_OK"
14625,10409697225,10409697266,1,"IOTHUB_CLIENT_CONFIRMATION_OK"
14626,10409697425,10409697548,1,"IOTHUB_CLIENT_CONFIRMATION_OK"
14627,10409697625,10409697731,1,"IOTHUB_CLIENT_CONFIRMATION_OK"
14628,10409697825,10409697883,1,"IOTHUB_CLIENT_CONFIRMATION_OK"
14629,10409698026,10409698183,1,"IOTHUB_CLIENT_CONFIRMATION_OK"
14630,10409698226,10409698265,1,"IOTHUB_CLIENT_CONFIRMATION_OK"
14631,10409698426,10409698479,1,"IOTHUB_CLIENT_CONFIRMATION_OK"
14632,10409698626,10409698794,1,"IOTHUB_CLIENT_CONFIRMATION_OK"
14633,10409698826,10409698874,1,"IOTHUB_CLIENT_CONFIRMATION_OK"
14634,10409699026,10409699088,1,"IOTHUB_CLIENT_CONFIRMATION_OK"
14635,10409699226,10409699394,1,"IOTHUB_CLIENT_CONFIRMATION_OK"
14636,10409699427,10409699476,1,"IOTHUB_CLIENT_CONFIRMATION_OK"
14637,10409699627,10409699684,1,"IOTHUB_CLIENT_CONFIRMATION_OK"
14638,10409699827,10409699874,1,"IOTHUB_CLIENT_CONFIRMATION_OK"
14639,10409700027,10409700084,1,"IOTHUB_CLIENT_CONFIRMATION_OK"
14640,10409700227,10409700270,1,"IOTHUB_CLIENT_CONFIRMATION_OK"
14641,10409700427,10409700487,1,"IOTHUB_CLIENT_CONFIRMATION_OK"
14642,10409700628,10409700662,1,"IOTHUB_CLIENT_CONFIRMATION_OK"
14643,10409700828,10409700873,1,"IOTHUB_CLIENT_CONFIRMATION_OK"
14644,10409701028,10409701076,1,"IOTHUB_CLIENT_CONFIRMATION_OK"
14645,10409701228,10409701270,1,"IOTHUB_CLIENT_CONFIRMATION_OK"
14646,10409701428,10409701480,1,"IOTHUB_CLIENT_CONFIRMATION_OK"
14647,10409701628,10409701673,1,"IOTHUB_CLIENT_CONFIRMATION_OK"
14648,10409701828,10409701870,1,"IOTHUB_CLIENT_CONFIRMATION_OK"
14649,10409702029,10409702093,1,"IOTHUB_CLIENT_CONFIRMATION_OK"
14650,10409702229,10409702284,1,"IOTHUB_CLIENT_CONFIRMATION_OK"
14651,10409702429,10409702493,1,"IOTHUB_CLIENT_CONFIRMATION_OK"
14652,10409702629,10409702689,1,"IOTHUB_CLIENT_CONFIRMATION_OK"
14653,10409702829,10409702921,1,"IOTHUB_CLIENT_CONFIRMATION_OK"
14654,10409703029,10409703090,1,"IOTHUB_CLIENT_CONFIRMATION_OK"
14655,10409703230,10409703271,1,"IOTHUB_CLIENT_CONFIRMATION_OK"
14656,10409703430,10409703521,1,"IOTHUB_CLIENT_CONFIRMATION_OK"
14657,10409703630,10409703666,1,"IOTHUB_CLIENT_CONFIRMATION_OK"
14658,10409703830,10409703882,1,"IOTHUB_CLIENT_CONFIRMATION_OK"
14659,10409704030,10409704223,1,"IOTHUB_CLIENT_CONFIRMATION_OK"
14660,10409704230,10409704267,1,"IOTHUB_CLIENT_CONFIRMATION_OK"
14661,10409704431,10409704471,1,"IOTHUB_CLIENT_CONFIRMATION_OK"
14662,10409704631,10409704735,1,"IOTHUB_CLIENT_CONFIRMATION_OK"
14663,10409704831,10409704881,1,"IOTHUB_CLIENT_CONFIRMATION_OK"
14664,10409705031,10409705079,1,"IOTHUB_CLIENT_CONFIRMATION_OK"
14665,10409705231,10409705343,1,"IOTHUB_CLIENT_CONFIRMATION_OK"
14666,10409705431,10409705468,1,"IOTHUB_CLIENT_CONFIRMATION_OK"
14667,10409705632,10409705691,1,"IOTHUB_CLIENT_CONFIRMATION_OK"
14668,10409705832,10409705962,1,"IOTHUB_CLIENT_CONFIRMATION_OK"
14669,10409706032,10409706108,1,"IOTHUB_CLIENT_CONFIRMATION_OK"
14670,10409706232,10409706293,1,"IOTHUB_CLIENT_CONFIRMATION_OK"
14671,10409706432,10409706560,1,"IOTHUB_CLIENT_CONFIRMATION_OK"
14672,10409706632,10409706676,1,"IOTHUB_CLIENT_CONFIRMATION_OK"
14673,10409706832,10409706873,1,"IOTHUB_CLIENT_CONFIRMATION_OK"
14674,10409707033,10409707182,1,"IOTHUB_CLIENT_CONFIRMATION_OK"
14675,10409707233,10409707272,1,"IOTHUB_CLIENT_CONFIRMATION_OK"
14676,10409707433,10409707500,1,"IOTHUB_CLIENT_CONFIRMATION_OK"
14677,10409707633,10409707779,1,"IOTHUB_CLIENT_CONFIRMATION_OK"
14678,10409707833,10409707886,1,"IOTHUB_CLIENT_CONFIRMATION_OK"
14679,10409708033,10409708106,1,"IOTHUB_CLIENT_CONFIRMATION_OK"
14680,10409708234,10409708288,1,"IOTHUB_CLIENT_CONFIRMATION_OK"
14681,10409708434,10409708500,1,"IOTHUB_CLIENT_CONFIRMATION_OK"
14682,10409708634,10409708684,1,"IOTHUB_CLIENT_CONFIRMATION_OK"
14683,10409708834,10409708958,1,"IOTHUB_CLIENT_CONFIRMATION_OK"
14684,10409709034,10409709092,1,"IOTHUB_CLIENT_CONFIRMATION_OK"
14685,10409709234,10409709282,1,"IOTHUB_CLIENT_CONFIRMATION_OK"
14686,10409709434,10409709519,1,"IOTHUB_CLIENT_CONFIRMATION_OK"
14687,10409709635,10409709689,1,"IOTHUB_CLIENT_CONFIRMATION_OK"
14688,10409709835,10409709878,1,"IOTHUB_CLIENT_CONFIRMATION_OK"
14689,10409710035,10409710104,1,"IOTHUB_CLIENT_CONFIRMATION_OK"
14690,10409710235,10409710406,1,"IOTHUB_CLIENT_CONFIRMATION_OK"
14691,10409710435,10409710528,1,"IOTHUB_CLIENT_CONFIRMATION_OK"
14692,10409710635,10409710684,1,"IOTHUB_CLIENT_CONFIRMATION_OK"
14693,10409710836,10409710945,1,"IOTHUB_CLIENT_CONFIRMATION_OK"
14694,10409711036,10409711089,1,"IOTHUB_CLIENT_CONFIRMATION_OK"
14695,10409711236,10409711295,1,"IOTHUB_CLIENT_CONFIRMATION_OK"
14696,10409711436,10409711484,1,"IOTHUB_CLIENT_CONFIRMATION_OK"
14697,10409711636,10409711685,1,"IOTHUB_CLIENT_CONFIRMATION_OK"
14698,10409711836,10409711878,1,"IOTHUB_CLIENT_CONFIRMATION_OK"
14699,10409712036,10409712094,1,"IOTHUB_CLIENT_CONFIRMATION_OK"
14700,10409712237,10409712292,1,"IOTHUB_CLIENT_CONFIRMATION_OK"
14701,10409712437,10409712509,1,"IOTHUB_CLIENT_CONFIRMATION_OK"
14702,10409712637,10409712696,1,"IOTHUB_CLIENT_CONFIRMATION_OK"
14703,10409712837,10409712881,1,"IOTHUB_CLIENT_CONFIRMATION_OK"
14704,10409713037,10409713093,1,"IOTHUB_CLIENT_CONFIRMATION_OK"
14705,10409713237,10409713274,1,"IOTHUB_CLIENT_CONFIRMATION_OK"
14706,10409713438,10409713488,1,"IOTHUB_CLIENT_CONFIRMATION_OK"
14707,10409713638,10409713704,1,"IOTHUB_CLIENT_CONFIRMATION_OK"
14708,10409713838,10409713948,1,"IOTHUB_CLIENT_CONFIRMATION_OK"
14709,10409714038,10409714084,1,"IOTHUB_CLIENT_CONFIRMATION_OK"
14710,10409714238,10409714299,1,"IOTHUB_CLIENT_CONFIRMATION_OK"
14711,10409714438,10409714529,1,"IOTHUB_CLIENT_CONFIRMATION_OK"
14712,10409714638,10409714698,1,"IOTHUB_CLIENT_CONFIRMATION_OK"
14713,10409714839,10409714886,1,"IOTHUB_CLIENT_CONFIRMATION_OK"
14714,10409715039,10409715087,1,"IOTHUB_CLIENT_CONFIRMATION_OK"
14715,10409715239,10409715289,1,"IOTHUB_CLIENT_CONFIRMATION_OK"
14716,10409715439,10409715498,1,"IOTHUB_CLIENT_CONFIRMATION_OK"
14717,10409715639,10409715700,1,"IOTHUB_CLIENT_CONFIRMATION_OK"
14718,10409715839,10409715902,1,"IOTHUB_CLIENT_CONFIRMATION_OK"
14719,10409716040,10409716116,1,"IOTHUB_CLIENT_CONFIRMATION_OK"
14720,10409716240,10409716298,1,"IOTHUB_CLIENT_CONFIRMATION_OK"
14721,10409716440,10409716570,1,"IOTHUB_CLIENT_CONFIRMATION_OK"
14722,10409716640,10409716682,1,"IOTHUB_CLIENT_CONFIRMATION_OK"
14723,10409716840,10409716912,1,"IOTHUB_CLIENT_CONFIRMATION_OK"
14724,10409717040,10409717091,1,"IOTHUB_CLIENT_CONFIRMATION_OK"
14725,10409717241,10409717280,1,"IOTHUB_CLIENT_CONFIRMATION_OK"
14726,10409717441,10409717498,1,"IOTHUB_CLIENT_CONFIRMATION_OK"
14727,10409717641,10409717698,1,"IOTHUB_CLIENT_CONFIRMATION_OK"
14728,10409717841,10409717887,1,"IOTHUB_CLIENT_CONFIRMATION_OK"
14729,10409718041,10409718081,1,"IOTHUB_CLIENT_CONFIRMATION_OK"
14730,10409718241,10409718282,1,"IOTHUB_CLIENT_CONFIRMATION_OK"
14731,10409718441,10409718491,1,"IOTHUB_CLIENT_CONFIRMATION_OK"
14732,10409718642,10409718710,1,"IOTHUB_CLIENT_CONFIRMATION_OK"
14733,10409718842,10409718887,1,"IOTHUB_CLIENT_CONFIRMATION_OK"
14734,10409719042,10409719110,1,"IOTHUB_CLIENT_CONFIRMATION_OK"
14735,10409719242,10409719285,1,"IOTHUB_CLIENT_CONFIRMATION_OK"
14736,10409719442,10409719489,1,"IOTHUB_CLIENT_CONFIRMATION_OK"
14737,10409719642,10409719702,1,"IOTHUB_CLIENT_CONFIRMATION_OK"
14738,10409719843,10409719893,1,"IOTHUB_CLIENT_CONFIRMATION_OK"
14739,10409720043,10409720173,1,"IOTHUB_CLIENT_CONFIRMATION_OK"
14740,10409720243,10409720280,1,"IOTHUB_CLIENT_CONFIRMATION_OK"
14741,10409720443,10409720509,1,"IOTHUB_CLIENT_CONFIRMATION_OK"
14742,10409720643,10409720684,1,"IOTHUB_CLIENT_CONFIRMATION_OK"
14743,10409720843,10409720892,1,"IOTHUB_CLIENT_CONFIRMATION_OK"
14744,10409721044,10409721090,1,"IOTHUB_CLIENT_CONFIRMATION_OK"
14745,10409721244,10409721292,1,"IOTHUB_CLIENT_CONFIRMATION_OK"
14746,10409721444,10409721497,1,"IOTHUB_CLIENT_CONFIRMATION_OK"
14747,10409721644,10409721687,1,"IOTHUB_CLIENT_CONFIRMATION_OK"
14748,10409721844,10409721878,1,"IOTHUB_CLIENT_CONFIRMATION_OK"
14749,10409722044,10409722104,1,"IOTHUB_CLIENT_CONFIRMATION_OK"
14750,10409722244,10409722317,1,"IOTHUB_CLIENT_CONFIRMATION_OK"
14751,10409722445,10409722533,1,"IOTHUB_CLIENT_CONFIRMATION_OK"
14752,10409722645,10409722726,1,"IOTHUB_CLIENT_CONFIRMATION_OK"
14753,10409722845,10409722894,1,"IOTHUB_CLIENT_CONFIRMATION_OK"
14754,10409723045,10409723089,1,"IOTHUB_CLIENT_CONFIRMATION_OK"
14755,10409723245,10409723338,1,"IOTHUB_CLIENT_CONFIRMATION_OK"
14756,10409723445,10409723499,1,"IOTHUB_CLIENT_CONFIRMATION_OK"
14757,10409723646,10409723689,1,"IOTHUB_CLIENT_CONFIRMATION_OK"
14758,10409723846,10409723949,1,"IOTHUB_CLIENT_CONFIRMATION_OK"
14759,10409724046,10409724091,1,"IOTHUB_CLIENT_CONFIRMATION_OK"
14760,10409724246,10409724297,1,"IOTHUB_CLIENT_CONFIRMATION_OK"
14761,10409724446,10409724485,1,"IOTHUB_CLIENT_CONFIRMATION_OK"
14762,10409724646,10409724690,1,"IOTHUB_CLIENT_CONFIRMATION_OK"
14763,10409724846,10409724890,1,"IOTHUB_CLIENT_CONFIRMATION_OK"
14764,10409725047,10409725100,1,"IOTHUB_CLIENT_CONFIRMATION_OK"
14765,10409725247,10409725324,1,"IOTHUB_CLIENT_CONFIRMATION_OK"
14766,10409725447,10409725506,1,"IOTHUB_CLIENT_CONFIRMATION_OK"
14767,10409725647,10409725705,1,"IOTHUB_CLIENT_CONFIRMATION_OK"
14768,10409725847,10409725900,1,"IOTHUB_CLIENT_CONFIRMATION_OK"
14769,10409726047,10409726085,1,"IOTHUB_CLIENT_CONFIRMATION_OK"
14770,10409726248,10409726287,1,"IOTHUB_CLIENT_CONFIRMATION_OK"
14771,10409726448,10409726499,1,"IOTHUB_CLIENT_CONFIRMATION_OK"
14772,10409726648,10409726707,1,"IOTHUB_CLIENT_CONFIRMATION_OK"
14773,10409726848,10409726895,1,"IOTHUB_CLIENT_CONFIRMATION_OK"
14774,10409727048,10409727103,1,"IOTHUB_CLIENT_CONFIRMATION_OK"
14775,10409727248,10409727296,1,"IOTHUB_CLIENT_CONFIRMATION_OK"
14776,10409727449,10409727504,1,"IOTHUB_CLIENT_CONFIRMATION_OK"
14777,10409727649,10409727700,1,"IOTHUB_CLIENT_CONFIRMATION_OK"
14778,10409727849,10409727901,1,"IOTHUB_CLIENT_CONFIRMATION_OK"
14779,10409728049,10409728092,1,"IOTHUB_CLIENT_CONFIRMATION_OK"
14780,10409728249,10409728290,1,"IOTHUB_CLIENT_CONFIRMATION_OK"
14781,10409728449,10409728496,1,"IOTHUB_CLIENT_CONFIRMATION_OK"
14782,10409728649,10409728720,1,"IOTHUB_CLIENT_CONFIRMATION_OK"
14783,10409728850,10409728985,1,"IOTHUB_CLIENT_CONFIRMATION_OK"
14784,10409729050,10409729097,1,"IOTHUB_CLIENT_CONFIRMATION_OK"
14785,10409729250,10409729306,1,"IOTHUB_CLIENT_CONFIRMATION_OK"
14786,10409729450,10409729490,1,"IOTHUB_CLIENT_CONFIRMATION_OK"
14787,10409729650,10409729687,1,"IOTHUB_CLIENT_CONFIRMATION_OK"
14788,10409729850,10409729911,1,"IOTHUB_CLIENT_CONFIRMATION_OK"
14789,10409730051,10409730212,1,"IOTHUB_CLIENT_CONFIRMATION_OK"
14790,10409730251,10409730341,1,"IOTHUB_CLIENT_CONFIRMATION_OK"
14791,10409730451,10409730510,1,"IOTHUB_CLIENT_CONFIRMATION_OK"
14792,10409730651,10409730722,1,"IOTHUB_CLIENT_CONFIRMATION_OK"
14793,10409730851,10409730906,1,"IOTHUB_CLIENT_CONFIRMATION_OK"
14794,10409731051,10409731130,1,"IOTHUB_CLIENT_CONFIRMATION_OK"
14795,10409731251,10409731322,1,"IOTHUB_CLIENT_CONFIRMATION_OK"
14796,10409731452,10409731488,1,"IOTHUB_CLIENT_CONFIRMATION_OK"
14797,10409731652,10409731733,1,"IOTHUB_CLIENT_CONFIRMATION_OK"
14798,10409731852,10409731890,1,"IOTHUB_CLIENT_CONFIRMATION_OK"
14799,10409732052,10409732103,1,"IOTHUB_CLIENT_CONFIRMATION_OK"
14800,10409732252,10409732315,1,"IOTHUB_CLIENT_CONFIRMATION_OK"
14801,10409732452,10409732503,1,"IOTHUB_CLIENT_CONFIRMATION_OK"
14802,10409732653,10409732689,1,"IOTHUB_CLIENT_CONFIRMATION_OK"
14803,10409732853,10409732936,1,"IOTHUB_CLIENT_CONFIRMATION_OK"
14804,10409733053,10409733107,1,"IOTHUB_CLIENT_CONFIRMATION_OK"
14805,10409733253,10409733297,1,"IOTHUB_CLIENT_CONFIRMATION_OK"
14806,10409733453,10409733667,1,"IOTHUB_CLIENT_CONFIRMATION_OK"
14807,10409733653,10409733713,1,"IOTHUB_CLIENT_CONFIRMATION_OK"
14808,10409733853,10409733913,1,"IOTHUB_CLIENT_CONFIRMATION_OK"
14809,10409734054,10409734152,1,"IOTHUB_CLIENT_CONFIRMATION_OK"
14810,10409734254,10409734291,1,"IOTHUB_CLIENT_CONFIRMATION_OK"
14811,10409734454,10409734495,1,"IOTHUB_CLIENT_CONFIRMATION_OK"
14812,10409734654,10409734706,1,"IOTHUB_CLIENT_CONFIRMATION_OK"
14813,10409734854,10409734914,1,"IOTHUB_CLIENT_CONFIRMATION_OK"
14814,10409735054,10409735139,1,"IOTHUB_CLIENT_CONFIRMATION_OK"
14815,10409735255,10409735296,1,"IOTHUB_CLIENT_CONFIRMATION_OK"
14816,10409735455,10409735499,1,"IOTHUB_CLIENT_CONFIRMATION_OK"
14817,10409735655,10409735712,1,"IOTHUB_CLIENT_CONFIRMATION_OK"
14818,10409735855,10409735901,1,"IOTHUB_CLIENT_CONFIRMATION_OK"
14819,10409736055,10409736132,1,"IOTHUB_CLIENT_CONFIRMATION_OK"
14820,10409736255,10409736296,1,"IOTHUB_CLIENT_CONFIRMATION_OK"
14821,10409736456,10409736503,1,"IOTHUB_CLIENT_CONFIRMATION_OK"
14822,10409736656,10409736717,1,"IOTHUB_CLIENT_CONFIRMATION_OK"
14823,10409736856,10409737056,1,"IOTHUB_CLIENT_CONFIRMATION_OK"
14824,10409737056,10409737123,1,"IOTHUB_CLIENT_CONFIRMATION_OK"
14825,10409737256,10409737324,1,"IOTHUB_CLIENT_CONFIRMATION_OK"
14826,10409737456,10409737507,1,"IOTHUB_CLIENT_CONFIRMATION_OK"
14827,10409737657,10409737697,1,"IOTHUB_CLIENT_CONFIRMATION_OK"
14828,10409737857,10409737912,1,"IOTHUB_CLIENT_CONFIRMATION_OK"
14829,10409738057,10409738098,1,"IOTHUB_CLIENT_CONFIRMATION_OK"
14830,10409738257,10409738320,1,"IOTHUB_CLIENT_CONFIRMATION_OK"
14831,10409738457,10409738516,1,"IOTHUB_CLIENT_CONFIRMATION_OK"
14832,10409738657,10409738690,1,"IOTHUB_CLIENT_CONFIRMATION_OK"
14833,10409738857,10409738904,1,"IOTHUB_CLIENT_CONFIRMATION_OK"
14834,10409739058,10409739135,1,"IOTHUB_CLIENT_CONFIRMATION_OK"
14835,10409739258,10409739307,1,"IOTHUB_CLIENT_CONFIRMATION_OK"
14836,10409739458,10409739614,1,"IOTHUB_CLIENT_CONFIRMATION_OK"
14837,10409739658,10409739703,1,"IOTHUB_CLIENT_CONFIRMATION_OK"
14838,10409739858,10409739936,1,"IOTHUB_CLIENT_CONFIRMATION_OK"
14839,10409740058,10409740116,1,"IOTHUB_CLIENT_CONFIRMATION_OK"
14840,10409740258,10409740301,1,"IOTHUB_CLIENT_CONFIRMATION_OK"
14841,10409740459,10409740726,1,"IOTHUB_CLIENT_CONFIRMATION_OK"
14842,10409740659,10409740771,1,"IOTHUB_CLIENT_CONFIRMATION_OK"
14843,10409740859,10409741122,1,"IOTHUB_CLIENT_CONFIRMATION_OK"
14844,10409741059,10409741163,1,"IOTHUB_CLIENT_CONFIRMATION_OK"
14845,10409741259,10409741334,1,"IOTHUB_CLIENT_CONFIRMATION_OK"
14846,10409741459,10409741628,1,"IOTHUB_CLIENT_CONFIRMATION_OK"
14847,10409741660,10409741723,1,"IOTHUB_CLIENT_CONFIRMATION_OK"
14848,10409741860,10409741937,1,"IOTHUB_CLIENT_CONFIRMATION_OK"
14849,10409742060,10409742112,1,"IOTHUB_CLIENT_CONFIRMATION_OK"
14850,10409742260,10409742320,1,"IOTHUB_CLIENT_CONFIRMATION_OK"
14851,10409742460,10409742549,1,"IOTHUB_CLIENT_CONFIRMATION_OK"
14852,10409742660,10409742708,1,"IOTHUB_CLIENT_CONFIRMATION_OK"
14853,10409742861,10409742904,1,"IOTHUB_CLIENT_CONFIRMATION_OK"
14854,10409743061,10409743153,1,"IOTHUB_CLIENT_CONFIRMATION_OK"
14855,10409743261,10409743305,1,"IOTHUB_CLIENT_CONFIRMATION_OK"
14856,10409743461,10409743496,1,"IOTHUB_CLIENT_CONFIRMATION_OK"
14857,10409743661,10409743762,1,"IOTHUB_CLIENT_CONFIRMATION_OK"
14858,10409743861,10409743898,1,"IOTHUB_CLIENT_CONFIRMATION_OK"
14859,10409744062,10409744098,1,"IOTHUB_CLIENT_CONFIRMATION_OK"
14860,10409744262,10409744362,1,"IOTHUB_CLIENT_CONFIRMATION_OK"
14861,10409744462,10409744590,1,"IOTHUB_CLIENT_CONFIRMATION_OK"
14862,10409744662,10409744699,1,"IOTHUB_CLIENT_CONFIRMATION_OK"
14863,10409744862,10409744944,1,"IOTHUB_CLIENT_CONFIRMATION_OK"
14864,10409745062,10409745101,1,"IOTHUB_CLIENT_CONFIRMATION_OK"
14865,10409745263,10409745302,1,"IOTHUB_CLIENT_CONFIRMATION_OK"
14866,10409745463,10409745530,1,"IOTHUB_CLIENT_CONFIRMATION_OK"
14867,10409745663,10409745774,1,"IOTHUB_CLIENT_CONFIRMATION_OK"
14868,10409745863,10409745908,1,"IOTHUB_CLIENT_CONFIRMATION_OK"
14869,10409746063,10409746120,1,"IOTHUB_CLIENT_CONFIRMATION_OK"
14870,10409746263,10409746577,1,"IOTHUB_CLIENT_CONFIRMATION_OK"
14871,10409746463,10409746648,1,"IOTHUB_CLIENT_CONFIRMATION_OK"
14872,10409746664,10409746743,1,"IOTHUB_CLIENT_CONFIRMATION_OK"
14873,10409746864,10409746925,1,"IOTHUB_CLIENT_CONFIRMATION_OK"
14874,10409747064,10409747104,1,"IOTHUB_CLIENT_CONFIRMATION_OK"
14875,10409747264,10409747307,1,"IOTHUB_CLIENT_CONFIRMATION_OK"
14876,10409747464,10409747505,1,"IOTHUB_CLIENT_CONFIRMATION_OK"
14877,10409747664,10409747718,1,"IOTHUB_CLIENT_CONFIRMATION_OK"
14878,10409747865,10409747913,1,"IOTHUB_CLIENT_CONFIRMATION_OK"
14879,10409748065,10409748165,1,"IOTHUB_CLIENT_CONFIRMATION_OK"
14880,10409748265,10409748311,1,"IOTHUB_CLIENT_CONFIRMATION_OK"
14881,10409748465,10409748533,1,"IOTHUB_CLIENT_CONFIRMATION_OK"
14882,10409748665,10409748706,1,"IOTHUB_CLIENT_CONFIRMATION_OK"
14883,10409748865,10409748908,1,"IOTHUB_CLIENT_CONFIRMATION_OK"
14884,10409749066,10409749112,1,"IOTHUB_CLIENT_CONFIRMATION_OK"
14885,10409749266,10409749325,1,"IOTHUB_CLIENT_CONFIRMATION_OK"
14886,10409749466,10409749506,1,"IOTHUB_CLIENT_CONFIRMATION_OK"
14887,10409749666,10409749747,1,"IOTHUB_CLIENT_CONFIRMATION_OK"
14888,10409749866,10409749913,1,"IOTHUB_CLIENT_CONFIRMATION_OK"
14889,10409750066,10409750125,1,"IOTHUB_CLIENT_CONFIRMATION_OK"
14890,10409750266,10409750340,1,"IOTHUB_CLIENT_CONFIRMATION_OK"
14891,10409750467,10409750563,1,"IOTHUB_CLIENT_CONFIRMATION_OK"
14892,10409750667,10409750745,1,"IOTHUB_CLIENT_CONFIRMATION_OK"
14893,10409750867,10409750920,1,"IOTHUB_CLIENT_CONFIRMATION_OK"
14894,10409751067,10409751132,1,"IOTHUB_CLIENT_CONFIRMATION_OK"
14895,10409751267,10409751315,1,"IOTHUB_CLIENT_CONFIRMATION_OK"
14896,10409751467,10409751510,1,"IOTHUB_CLIENT_CONFIRMATION_OK"
14897,10409751668,10409751702,1,"IOTHUB_CLIENT_CONFIRMATION_OK"
14898,10409751868,10409751908,1,"IOTHUB_CLIENT_CONFIRMATION_OK"
14899,10409752068,10409752133,1,"IOTHUB_CLIENT_CONFIRMATION_OK"
14900,10409752268,10409752327,1,"IOTHUB_CLIENT_CONFIRMATION_OK"
14901,10409752468,10409752520,1,"IOTHUB_CLIENT_CONFIRMATION_OK"
14902,10409752668,10409752726,1,"IOTHUB_CLIENT_CONFIRMATION_OK"
14903,10409752869,10409752907,1,"IOTHUB_CLIENT_CONFIRMATION_OK"
14904,10409753069,10409753122,1,"IOTHUB_CLIENT_CONFIRMATION_OK"
14905,10409753269,10409753338,1,"IOTHUB_CLIENT_CONFIRMATION_OK"
14906,10409753469,10409753523,1,"IOTHUB_CLIENT_CONFIRMATION_OK"
14907,10409753669,10409753744,1,"IOTHUB_CLIENT_CONFIRMATION_OK"
14908,10409753869,10409753913,1,"IOTHUB_CLIENT_CONFIRMATION_OK"
14909,10409754069,10409754130,1,"IOTHUB_CLIENT_CONFIRMATION_OK"
14910,10409754270,10409754310,1,"IOTHUB_CLIENT_CONFIRMATION_OK"
14911,10409754470,10409754513,1,"IOTHUB_CLIENT_CONFIRMATION_OK"
14912,10409754670,10409754714,1,"IOTHUB_CLIENT_CONFIRMATION_OK"
14913,10409754870,10409754908,1,"IOTHUB_CLIENT_CONFIRMATION_OK"
14914,10409755070,10409755151,1,"IOTHUB_CLIENT_CONFIRMATION_OK"
14915,10409755270,10409755327,1,"IOTHUB_CLIENT_CONFIRMATION_OK"
14916,10409755471,10409755527,1,"IOTHUB_CLIENT_CONFIRMATION_OK"
14917,10409755671,10409755715,1,"IOTHUB_CLIENT_CONFIRMATION_OK"
14918,10409755871,10409755930,1,"IOTHUB_CLIENT_CONFIRMATION_OK"
14919,10409756071,10409756110,1,"IOTHUB_CLIENT_CONFIRMATION_OK"
14920,10409756271,10409756333,1,"IOTHUB_CLIENT_CONFIRMATION_OK"
14921,10409756471,10409756515,1,"IOTHUB_CLIENT_CONFIRMATION_OK"
14922,10409756672,10409756714,1,"IOTHUB_CLIENT_CONFIRMATION_OK"
14923,10409756872,10409756930,1,"IOTHUB_CLIENT_CONFIRMATION_OK"
14924,10409757072,10409757113,1,"IOTHUB_CLIENT_CONFIRMATION_OK"
14925,10409757272,10409757374,1,"IOTHUB_CLIENT_CONFIRMATION_OK"
14926,10409757472,10409757525,1,"IOTHUB_CLIENT_CONFIRMATION_OK"
14927,10409757672,10409757728,1,"IOTHUB_CLIENT_CONFIRMATION_OK"
14928,10409757872,10409757911,1,"IOTHUB_CLIENT_CONFIRMATION_OK"
14929,10409758073,10409758134,1,"IOTHUB_CLIENT_CONFIRMATION_OK"
14930,10409758273,10409758321,1,"IOTHUB_CLIENT_CONFIRMATION_OK"
14931,10409758473,10409758531,1,"IOTHUB_CLIENT_CONFIRMATION_OK"
14932,10409758673,10409758768,1,"IOTHUB_CLIENT_CONFIRMATION_OK"
14933,10409758873,10409759014,1,"IOTHUB_CLIENT_CONFIRMATION_OK"
14934,10409759073,10409759143,1,"IOTHUB_CLIENT_CONFIRMATION_OK"
14935,10409759274,10409759348,1,"IOTHUB_CLIENT_CONFIRMATION_OK"
14936,10409759474,10409759519,1,"IOTHUB_CLIENT_CONFIRMATION_OK"
14937,10409759674,10409759716,1,"IOTHUB_CLIENT_CONFIRMATION_OK"
14938,10409759874,10409759993,1,"IOTHUB_CLIENT_CONFIRMATION_OK"
14939,10409760074,10409760110,1,"IOTHUB_CLIENT_CONFIRMATION_OK"
14940,10409760274,10409760317,1,"IOTHUB_CLIENT_CONFIRMATION_OK"
14941,10409760475,10409760593,1,"IOTHUB_CLIENT_CONFIRMATION_OK"
14942,10409760675,10409760728,1,"IOTHUB_CLIENT_CONFIRMATION_OK"
14943,10409760875,10409760951,1,"IOTHUB_CLIENT_CONFIRMATION_OK"
14944,10409761075,10409761152,1,"IOTHUB_CLIENT_CONFIRMATION_OK"
14945,10409761275,10409761322,1,"IOTHUB_CLIENT_CONFIRMATION_OK"
14946,10409761475,10409761582,1,"IOTHUB_CLIENT_CONFIRMATION_OK"
14947,10409761675,10409761739,1,"IOTHUB_CLIENT_CONFIRMATION_OK"
14948,10409761876,10409761925,1,"IOTHUB_CLIENT_CONFIRMATION_OK"
14949,10409762076,10409762126,1,"IOTHUB_CLIENT_CONFIRMATION_OK"
14950,10409762276,10409762333,1,"IOTHUB_CLIENT_CONFIRMATION_OK"
14951,10409762476,10409762533,1,"IOTHUB_CLIENT_CONFIRMATION_OK"
14952,10409762676,10409762766,1,"IOTHUB_CLIENT_CONFIRMATION_OK"
14953,10409762876,10409762919,1,"IOTHUB_CLIENT_CONFIRMATION_OK"
14954,10409763077,10409763231,1,"IOTHUB_CLIENT_CONFIRMATION_OK"
14955,10409763277,10409763332,1,"IOTHUB_CLIENT_CONFIRMATION_OK"
14956,10409763477,10409763518,1,"IOTHUB_CLIENT_CONFIRMATION_OK"
14957,10409763677,10409763718,1,"IOTHUB_CLIENT_CONFIRMATION_OK"
14958,10409763877,10409763920,1,"IOTHUB_CLIENT_CONFIRMATION_OK"
14959,10409764077,10409764122,1,"IOTHUB_CLIENT_CONFIRMATION_OK"
14960,10409764277,10409764319,1,"IOTHUB_CLIENT_CONFIRMATION_OK"
14961,10409764478,10409764546,1,"IOTHUB_CLIENT_CONFIRMATION_OK"
14962,10409764678,10409764789,1,"IOTHUB_CLIENT_CONFIRMATION_OK"
14963,10409764878,10409764921,1,"IOTHUB_CLIENT_CONFIRMATION_OK"
14964,10409765078,10409765124,1,"IOTHUB_CLIENT_CONFIRMATION_OK"
14965,10409765278,10409765334,1,"IOTHUB_CLIENT_CONFIRMATION_OK"
14966,10409765478,10409765525,1,"IOTHUB_CLIENT_CONFIRMATION_OK"
14967,10409765679,10409765780,1,"IOTHUB_CLIENT_CONFIRMATION_OK"
14968,10409765879,10409765973,1,"IOTHUB_CLIENT_CONFIRMATION_OK"
14969,10409766079,10409766130,1,"IOTHUB_CLIENT_CONFIRMATION_OK"
14970,10409766279,10409766331,1,"IOTHUB_CLIENT_CONFIRMATION_OK"
14971,10409766479,10409766593,1,"IOTHUB_CLIENT_CONFIRMATION_OK"
14972,10409766679,10409766724,1,"IOTHUB_CLIENT_CONFIRMATION_OK"
14973,10409766879,10409766933,1,"IOTHUB_CLIENT_CONFIRMATION_OK"
14974,10409767080,10409767196,1,"IOTHUB_CLIENT_CONFIRMATION_OK"
14975,10409767280,10409767328,1,"IOTHUB_CLIENT_CONFIRMATION_OK"
14976,10409767480,10409767526,1,"IOTHUB_CLIENT_CONFIRMATION_OK"
14977,10409767680,10409767826,1,"IOTHUB_CLIENT_CONFIRMATION_OK"
14978,10409767880,10409767936,1,"IOTHUB_CLIENT_CONFIRMATION_OK"
14979,10409768080,10409768132,1,"IOTHUB_CLIENT_CONFIRMATION_OK"
14980,10409768281,10409768329,1,"IOTHUB_CLIENT_CONFIRMATION_OK"
14981,10409768481,10409768530,1,"IOTHUB_CLIENT_CONFIRMATION_OK"
14982,10409768681,10409768750,1,"IOTHUB_CLIENT_CONFIRMATION_OK"
14983,10409768881,10409768935,1,"IOTHUB_CLIENT_CONFIRMATION_OK"
14984,10409769081,10409769114,1,"IOTHUB_CLIENT_CONFIRMATION_OK"
14985,10409769281,10409769318,1,"IOTHUB_CLIENT_CONFIRMATION_OK"
14986,10409769482,10409769566,1,"IOTHUB_CLIENT_CONFIRMATION_OK"
14987,10409769682,10409769746,1,"IOTHUB_CLIENT_CONFIRMATION_OK"
14988,10409769882,10409769928,1,"IOTHUB_CLIENT_CONFIRMATION_OK"
14989,10409770082,10409770125,1,"IOTHUB_CLIENT_CONFIRMATION_OK"
14990,10409770282,10409770402,1,"IOTHUB_CLIENT_CONFIRMATION_OK"
14991,10409770482,10409770520,1,"IOTHUB_CLIENT_CONFIRMATION_OK"
14992,10409770682,10409770775,1,"IOTHUB_CLIENT_CONFIRMATION_OK"
14993,10409770883,10409770926,1,"IOTHUB_CLIENT_CONFIRMATION_OK"
14994,10409771083,10409771132,1,"IOTHUB_CLIENT_CONFIRMATION_OK"
14995,10409771283,10409771337,1,"IOTHUB_CLIENT_CONFIRMATION_OK"
14996,10409771483,10409771549,1,"IOTHUB_CLIENT_CONFIRMATION_OK"
14997,10409771683,10409771727,1,"IOTHUB_CLIENT_CONFIRMATION_OK"
14998,10409771883,10409771940,1,"IOTHUB_CLIENT_CONFIRMATION_OK"
14999,10409772084,10409772141,1,"IOTHUB_CLIENT_CONFIRMATION_OK"
15000,10409772284,10409772332,1,"IOTHUB_CLIENT_CONFIRMATION_OK"
15001,10409772484,10409772533,1,"IOTHUB_CLIENT_CONFIRMATION_OK"
15002,10409772684,10409772725,1,"IOTHUB_CLIENT_CONFIRMATION_OK"
15003,10409772884,10409772925,1,"IOTHUB_CLIENT_CONFIRMATION_OK"
15004,10409773084,10409773131,1,"IOTHUB_CLIENT_CONFIRMATION_OK"
15005,10409773284,10409773329,1,"IOTHUB_CLIENT_CONFIRMATION_OK"
15006,10409773485,10409773529,1,"IOTHUB_CLIENT_CONFIRMATION_OK"
15007,10409773685,10409773749,1,"IOTHUB_CLIENT_CONFIRMATION_OK"
15008,10409773885,10409773927,1,"IOTHUB_CLIENT_CONFIRMATION_OK"
15009,10409774085,10409774145,1,"IOTHUB_CLIENT_CONFIRMATION_OK"
15010,10409774285,10409774327,1,"IOTHUB_CLIENT_CONFIRMATION_OK"
15011,10409774485,10409774538,1,"IOTHUB_CLIENT_CONFIRMATION_OK"
15012,10409774686,10409774734,1,"IOTHUB_CLIENT_CONFIRMATION_OK"
15013,10409774886,10409774943,1,"IOTHUB_CLIENT_CONFIRMATION_OK"
15014,10409775086,10409775125,1,"IOTHUB_CLIENT_CONFIRMATION_OK"
15015,10409775286,10409775328,1,"IOTHUB_CLIENT_CONFIRMATION_OK"
15016,10409775486,10409775523,1,"IOTHUB_CLIENT_CONFIRMATION_OK"
15017,10409775686,10409775757,1,"IOTHUB_CLIENT_CONFIRMATION_OK"
15018,10409775887,10409776025,1,"IOTHUB_CLIENT_CONFIRMATION_OK"
15019,10409776087,10409776141,1,"IOTHUB_CLIENT_CONFIRMATION_OK"
15020,10409776287,10409776330,1,"IOTHUB_CLIENT_CONFIRMATION_OK"
15021,10409776487,10409776532,1,"IOTHUB_CLIENT_CONFIRMATION_OK"
15022,10409776687,10409776730,1,"IOTHUB_CLIENT_CONFIRMATION_OK"
15023,10409776887,10409776937,1,"IOTHUB_CLIENT_CONFIRMATION_OK"
15024,10409777088,10409777154,1,"IOTHUB_CLIENT_CONFIRMATION_OK"
15025,10409777288,10409777350,1,"IOTHUB_CLIENT_CONFIRMATION_OK"
15026,10409777488,10409777548,1,"IOTHUB_CLIENT_CONFIRMATION_OK"
15027,10409777688,10409777740,1,"IOTHUB_CLIENT_CONFIRMATION_OK"
15028,10409777888,10409777950,1,"IOTHUB_CLIENT_CONFIRMATION_OK"
15029,10409778088,10409778135,1,"IOTHUB_CLIENT_CONFIRMATION_OK"
15030,10409778288,10409778355,1,"IOTHUB_CLIENT_CONFIRMATION_OK"
15031,10409778488,10409778555,1,"IOTHUB_CLIENT_CONFIRMATION_OK"
15032,10409778689,10409778734,1,"IOTHUB_CLIENT_CONFIRMATION_OK"
15033,10409778889,10409778932,1,"IOTHUB_CLIENT_CONFIRMATION_OK"
15034,10409779089,10409779166,1,"IOTHUB_CLIENT_CONFIRMATION_OK"
15035,10409779289,10409779349,1,"IOTHUB_CLIENT_CONFIRMATION_OK"
15036,10409779489,10409779537,1,"IOTHUB_CLIENT_CONFIRMATION_OK"
15037,10409779689,10409779794,1,"IOTHUB_CLIENT_CONFIRMATION_OK"
15038,10409779890,10409779967,1,"IOTHUB_CLIENT_CONFIRMATION_OK"
15039,10409780090,10409780139,1,"IOTHUB_CLIENT_CONFIRMATION_OK"
15040,10409780290,10409780744,1,"IOTHUB_CLIENT_CONFIRMATION_OK"
15041,10409780490,10409781157,1,"IOTHUB_CLIENT_CONFIRMATION_OK"
15042,10409780690,10409781252,1,"IOTHUB_CLIENT_CONFIRMATION_OK"
15043,10409780890,10409781319,1,"IOTHUB_CLIENT_CONFIRMATION_OK"
15044,10409781091,10409781397,1,"IOTHUB_CLIENT_CONFIRMATION_OK"
15045,10409781291,10409781487,1,"IOTHUB_CLIENT_CONFIRMATION_OK"
15046,10409781491,10409781693,1,"IOTHUB_CLIENT_CONFIRMATION_OK"
15047,10409781691,10409781755,1,"IOTHUB_CLIENT_CONFIRMATION_OK"
15048,10409781891,10409781943,1,"IOTHUB_CLIENT_CONFIRMATION_OK"
15049,10409782091,10409782138,1,"IOTHUB_CLIENT_CONFIRMATION_OK"
15050,10409782292,10409782343,1,"IOTHUB_CLIENT_CONFIRMATION_OK"
15051,10409782492,10409782541,1,"IOTHUB_CLIENT_CONFIRMATION_OK"
15052,10409782692,10409782735,1,"IOTHUB_CLIENT_CONFIRMATION_OK"
15053,10409782892,10409782932,1,"IOTHUB_CLIENT_CONFIRMATION_OK"
15054,10409783092,10409783165,1,"IOTHUB_CLIENT_CONFIRMATION_OK"
15055,10409783292,10409783343,1,"IOTHUB_CLIENT_CONFIRMATION_OK"
15056,10409783492,10409783538,1,"IOTHUB_CLIENT_CONFIRMATION_OK"
15057,10409783693,10409783744,1,"IOTHUB_CLIENT_CONFIRMATION_OK"
15058,10409783893,10409783942,1,"IOTHUB_CLIENT_CONFIRMATION_OK"
15059,10409784093,10409784133,1,"IOTHUB_CLIENT_CONFIRMATION_OK"
15060,10409784293,10409784340,1,"IOTHUB_CLIENT_CONFIRMATION_OK"
15061,10409784493,10409784555,1,"IOTHUB_CLIENT_CONFIRMATION_OK"
15062,10409784693,10409784753,1,"IOTHUB_CLIENT_CONFIRMATION_OK"
15063,10409784894,10409784928,1,"IOTHUB_CLIENT_CONFIRMATION_OK"
15064,10409785094,10409785163,1,"IOTHUB_CLIENT_CONFIRMATION_OK"
15065,10409785294,10409785361,1,"IOTHUB_CLIENT_CONFIRMATION_OK"
15066,10409785494,10409785543,1,"IOTHUB_CLIENT_CONFIRMATION_OK"
15067,10409785694,10409785752,1,"IOTHUB_CLIENT_CONFIRMATION_OK"
15068,10409785894,10409785941,1,"IOTHUB_CLIENT_CONFIRMATION_OK"
15069,10409786094,10409786145,1,"IOTHUB_CLIENT_CONFIRMATION_OK"
15070,10409786295,10409786372,1,"IOTHUB_CLIENT_CONFIRMATION_OK"
15071,10409786495,10409786560,1,"IOTHUB_CLIENT_CONFIRMATION_OK"
15072,10409786695,10409786737,1,"IOTHUB_CLIENT_CONFIRMATION_OK"
15073,10409786895,10409787097,1,"IOTHUB_CLIENT_CONFIRMATION_OK"
15074,10409787095,10409787149,1,"IOTHUB_CLIENT_CONFIRMATION_OK"
15075,10409787295,10409787384,1,"IOTHUB_CLIENT_CONFIRMATION_OK"
15076,10409787496,10409787541,1,"IOTHUB_CLIENT_CONFIRMATION_OK"
15077,10409787696,10409787742,1,"IOTHUB_CLIENT_CONFIRMATION_OK"
15078,10409787896,10409787937,1,"IOTHUB_CLIENT_CONFIRMATION_OK"
15079,10409788096,10409788161,1,"IOTHUB_CLIENT_CONFIRMATION_OK"
15080,10409788296,10409788341,1,"IOTHUB_CLIENT_CONFIRMATION_OK"
15081,10409788496,10409788544,1,"IOTHUB_CLIENT_CONFIRMATION_OK"
15082,10409788697,10409788756,1,"IOTHUB_CLIENT_CONFIRMATION_OK"
15083,10409788897,10409788944,1,"IOTHUB_CLIENT_CONFIRMATION_OK"
15084,10409789097,10409789142,1,"IOTHUB_CLIENT_CONFIRMATION_OK"
15085,10409789297,10409789353,1,"IOTHUB_CLIENT_CONFIRMATION_OK"
15086,10409789497,10409789533,1,"IOTHUB_CLIENT_CONFIRMATION_OK"
15087,10409789697,10409789741,1,"IOTHUB_CLIENT_CONFIRMATION_OK"
15088,10409789897,10409789961,1,"IOTHUB_CLIENT_CONFIRMATION_OK"
15089,10409790098,10409790156,1,"IOTHUB_CLIENT_CONFIRMATION_OK"
15090,10409790298,10409790348,1,"IOTHUB_CLIENT_CONFIRMATION_OK"
15091,10409790498,10409790595,1,"IOTHUB_CLIENT_CONFIRMATION_OK"
15092,10409790698,10409790742,1,"IOTHUB_CLIENT_CONFIRMATION_OK"
15093,10409790898,10409790957,1,"IOTHUB_CLIENT_CONFIRMATION_OK"
15094,10409791098,10409791266,1,"IOTHUB_CLIENT_CONFIRMATION_OK"
15095,10409791299,10409791350,1,"IOTHUB_CLIENT_CONFIRMATION_OK"
15096,10409791499,10409791547,1,"IOTHUB_CLIENT_CONFIRMATION_OK"
15097,10409791699,10409791811,1,"IOTHUB_CLIENT_CONFIRMATION_OK"
15098,10409791899,10409791958,1,"IOTHUB_CLIENT_CONFIRMATION_OK"
15099,10409792099,10409792170,1,"IOTHUB_CLIENT_CONFIRMATION_OK"
15100,10409792299,10409792358,1,"IOTHUB_CLIENT_CONFIRMATION_OK"
15101,10409792499,10409792539,1,"IOTHUB_CLIENT_CONFIRMATION_OK"
15102,10409792700,10409792764,1,"IOTHUB_CLIENT_CONFIRMATION_OK"
15103,10409792900,10409792953,1,"IOTHUB_CLIENT_CONFIRMATION_OK"
15104,10409793100,10409793142,1,"IOTHUB_CLIENT_CONFIRMATION_OK"
15105,10409793300,10409793356,1,"IOTHUB_CLIENT_CONFIRMATION_OK"
15106,10409793500,10409793552,1,"IOTHUB_CLIENT_CONFIRMATION_OK"
15107,10409793700,10409793761,1,"IOTHUB_CLIENT_CONFIRMATION_OK"
15108,10409793901,10409793948,1,"IOTHUB_CLIENT_CONFIRMATION_OK"
15109,10409794101,10409794154,1,"IOTHUB_CLIENT_CONFIRMATION_OK"
15110,10409794301,10409794351,1,"IOTHUB_CLIENT_CONFIRMATION_OK"
15111,10409794501,10409794575,1,"IOTHUB_CLIENT_CONFIRMATION_OK"
15112,10409794701,10409794745,1,"IOTHUB_CLIENT_CONFIRMATION_OK"
15113,10409794901,10409794967,1,"IOTHUB_CLIENT_CONFIRMATION_OK"
15114,10409795101,10409795141,1,"IOTHUB_CLIENT_CONFIRMATION_OK"
15115,10409795302,10409795355,1,"IOTHUB_CLIENT_CONFIRMATION_OK"
15116,10409795502,10409795554,1,"IOTHUB_CLIENT_CONFIRMATION_OK"
15117,10409795702,10409795773,1,"IOTHUB_CLIENT_CONFIRMATION_OK"
15118,10409795902,10409795949,1,"IOTHUB_CLIENT_CONFIRMATION_OK"
15119,10409796102,10409796241,1,"IOTHUB_CLIENT_CONFIRMATION_OK"
15120,10409796302,10409796366,1,"IOTHUB_CLIENT_CONFIRMATION_OK"
15121,10409796503,10409796568,1,"IOTHUB_CLIENT_CONFIRMATION_OK"
15122,10409796703,10409796776,1,"IOTHUB_CLIENT_CONFIRMATION_OK"
15123,10409796903,10409796950,1,"IOTHUB_CLIENT_CONFIRMATION_OK"
15124,10409797103,10409797145,1,"IOTHUB_CLIENT_CONFIRMATION_OK"
15125,10409797303,10409797360,1,"IOTHUB_CLIENT_CONFIRMATION_OK"
15126,10409797503,10409797559,1,"IOTHUB_CLIENT_CONFIRMATION_OK"
15127,10409797703,10409797755,1,"IOTHUB_CLIENT_CONFIRMATION_OK"
15128,10409797904,10409797952,1,"IOTHUB_CLIENT_CONFIRMATION_OK"
15129,10409798104,10409798159,1,"IOTHUB_CLIENT_CONFIRMATION_OK"
15130,10409798304,10409798352,1,"IOTHUB_CLIENT_CONFIRMATION_OK"
15131,10409798504,10409798543,1,"IOTHUB_CLIENT_CONFIRMATION_OK"
15132,10409798704,10409798762,1,"IOTHUB_CLIENT_CONFIRMATION_OK"
15133,10409798904,10409798974,1,"IOTHUB_CLIENT_CONFIRMATION_OK"
15134,10409799105,10409799168,1,"IOTHUB_CLIENT_CONFIRMATION_OK"
15135,10409799305,10409799365,1,"IOTHUB_CLIENT_CONFIRMATION_OK"
15136,10409799505,10409799552,1,"IOTHUB_CLIENT_CONFIRMATION_OK"
15137,10409799705,10409799749,1,"IOTHUB_CLIENT_CONFIRMATION_OK"
15138,10409799905,10409799953,1,"IOTHUB_CLIENT_CONFIRMATION_OK"
15139,10409800105,10409800157,1,"IOTHUB_CLIENT_CONFIRMATION_OK"
15140,10409800306,10409800349,1,"IOTHUB_CLIENT_CONFIRMATION_OK"
15141,10409800506,10409800556,1,"IOTHUB_CLIENT_CONFIRMATION_OK"
15142,10409800706,10409800766,1,"IOTHUB_CLIENT_CONFIRMATION_OK"
15143,10409800906,10409800960,1,"IOTHUB_CLIENT_CONFIRMATION_OK"
15144,10409801106,10409801161,1,"IOTHUB_CLIENT_CONFIRMATION_OK"
15145,10409801306,10409801367,1,"IOTHUB_CLIENT_CONFIRMATION_OK"
15146,10409801507,10409801555,1,"IOTHUB_CLIENT_CONFIRMATION_OK"
15147,10409801707,10409801771,1,"IOTHUB_CLIENT_CONFIRMATION_OK"
15148,10409801907,10409802033,1,"IOTHUB_CLIENT_CONFIRMATION_OK"
15149,10409802107,10409802171,1,"IOTHUB_CLIENT_CONFIRMATION_OK"
15150,10409802307,10409802337,1,"IOTHUB_CLIENT_CONFIRMATION_OK"
15151,10409802507,10409802596,1,"IOTHUB_CLIENT_CONFIRMATION_OK"
15152,10409802708,10409802922,1,"IOTHUB_CLIENT_CONFIRMATION_OK"
15153,10409802908,10409802949,1,"IOTHUB_CLIENT_CONFIRMATION_OK"
15154,10409803108,10409803184,1,"IOTHUB_CLIENT_CONFIRMATION_OK"
15155,10409803308,10409803356,1,"IOTHUB_CLIENT_CONFIRMATION_OK"
15156,10409803508,10409803551,1,"IOTHUB_CLIENT_CONFIRMATION_OK"
15157,10409803708,10409803845,1,"IOTHUB_CLIENT_CONFIRMATION_OK"
15158,10409803908,10409803954,1,"IOTHUB_CLIENT_CONFIRMATION_OK"
15159,10409804109,10409804149,1,"IOTHUB_CLIENT_CONFIRMATION_OK"
15160,10409804309,10409804404,1,"IOTHUB_CLIENT_CONFIRMATION_OK"
15161,10409804509,10409804593,1,"IOTHUB_CLIENT_CONFIRMATION_OK"
15162,10409804709,10409804795,1,"IOTHUB_CLIENT_CONFIRMATION_OK"
15163,10409804909,10409804970,1,"IOTHUB_CLIENT_CONFIRMATION_OK"
15164,10409805109,10409805153,1,"IOTHUB_CLIENT_CONFIRMATION_OK"
15165,10409805310,10409805367,1,"IOTHUB_CLIENT_CONFIRMATION_OK"
15166,10409805510,10409805542,1,"IOTHUB_CLIENT_CONFIRMATION_OK"
15167,10409805710,10409805768,1,"IOTHUB_CLIENT_CONFIRMATION_OK"
15168,10409805910,10409805968,1,"IOTHUB_CLIENT_CONFIRMATION_OK"
15169,10409806110,10409806157,1,"IOTHUB_CLIENT_CONFIRMATION_OK"
15170,10409806310,10409806359,1,"IOTHUB_CLIENT_CONFIRMATION_OK"
15171,10409806510,10409806551,1,"IOTHUB_CLIENT_CONFIRMATION_OK"
15172,10409806711,10409806759,1,"IOTHUB_CLIENT_CONFIRMATION_OK"
15173,10409806911,10409806968,1,"IOTHUB_CLIENT_CONFIRMATION_OK"
15174,10409807111,10409807158,1,"IOTHUB_CLIENT_CONFIRMATION_OK"
15175,10409807311,10409807363,1,"IOTHUB_CLIENT_CONFIRMATION_OK"
15176,10409807511,10409807578,1,"IOTHUB_CLIENT_CONFIRMATION_OK"
15177,10409807711,10409807764,1,"IOTHUB_CLIENT_CONFIRMATION_OK"
15178,10409807912,10409807972,1,"IOTHUB_CLIENT_CONFIRMATION_OK"
15179,10409808112,10409808156,1,"IOTHUB_CLIENT_CONFIRMATION_OK"
15180,10409808312,10409808342,1,"IOTHUB_CLIENT_CONFIRMATION_OK"
15181,10409808512,10409808548,1,"IOTHUB_CLIENT_CONFIRMATION_OK"
15182,10409808712,10409808762,1,"IOTHUB_CLIENT_CONFIRMATION_OK"
15183,10409808912,10409808967,1,"IOTHUB_CLIENT_CONFIRMATION_OK"
15184,10409809113,10409809162,1,"IOTHUB_CLIENT_CONFIRMATION_OK"
15185,10409809313,10409809457,1,"IOTHUB_CLIENT_CONFIRMATION_OK"
15186,10409809513,10409809590,1,"IOTHUB_CLIENT_CONFIRMATION_OK"
15187,10409809713,10409809762,1,"IOTHUB_CLIENT_CONFIRMATION_OK"
15188,10409809913,10409809964,1,"IOTHUB_CLIENT_CONFIRMATION_OK"
15189,10409810113,10409810154,1,"IOTHUB_CLIENT_CONFIRMATION_OK"
15190,10409810313,10409810361,1,"IOTHUB_CLIENT_CONFIRMATION_OK"
15191,10409810514,10409810580,1,"IOTHUB_CLIENT_CONFIRMATION_OK"
15192,10409810714,10409810774,1,"IOTHUB_CLIENT_CONFIRMATION_OK"
15193,10409810914,10409811017,1,"IOTHUB_CLIENT_CONFIRMATION_OK"
15194,10409811114,10409811154,1,"IOTHUB_CLIENT_CONFIRMATION_OK"
15195,10409811314,10409811365,1,"IOTHUB_CLIENT_CONFIRMATION_OK"
15196,10409811514,10409811626,1,"IOTHUB_CLIENT_CONFIRMATION_OK"
15197,10409811714,10409811779,1,"IOTHUB_CLIENT_CONFIRMATION_OK"
15198,10409811915,10409811995,1,"IOTHUB_CLIENT_CONFIRMATION_OK"
15199,10409812115,10409812172,1,"IOTHUB_CLIENT_CONFIRMATION_OK"
15200,10409812315,10409812353,1,"IOTHUB_CLIENT_CONFIRMATION_OK"
15201,10409812515,10409812589,1,"IOTHUB_CLIENT_CONFIRMATION_OK"
15202,10409812715,10409812763,1,"IOTHUB_CLIENT_CONFIRMATION_OK"
15203,10409812915,10409812961,1,"IOTHUB_CLIENT_CONFIRMATION_OK"
15204,10409813116,10409813159,1,"IOTHUB_CLIENT_CONFIRMATION_OK"
15205,10409813316,10409813367,1,"IOTHUB_CLIENT_CONFIRMATION_OK"
15206,10409813516,10409813562,1,"IOTHUB_CLIENT_CONFIRMATION_OK"
15207,10409813716,10409813752,1,"IOTHUB_CLIENT_CONFIRMATION_OK"
15208,10409813916,10409813966,1,"IOTHUB_CLIENT_CONFIRMATION_OK"
15209,10409814116,10409814162,1,"IOTHUB_CLIENT_CONFIRMATION_OK"
15210,10409814316,10409814359,1,"IOTHUB_CLIENT_CONFIRMATION_OK"
15211,10409814517,10409814585,1,"IOTHUB_CLIENT_CONFIRMATION_OK"
15212,10409814717,10409814766,1,"IOTHUB_CLIENT_CONFIRMATION_OK"
15213,10409814917,10409815003,1,"IOTHUB_CLIENT_CONFIRMATION_OK"
15214,10409815117,10409815170,1,"IOTHUB_CLIENT_CONFIRMATION_OK"
15215,10409815317,10409815366,1,"IOTHUB_CLIENT_CONFIRMATION_OK"
15216,10409815517,10409815610,1,"IOTHUB_CLIENT_CONFIRMATION_OK"
15217,10409815718,10409815772,1,"IOTHUB_CLIENT_CONFIRMATION_OK"
15218,10409815918,10409815968,1,"IOTHUB_CLIENT_CONFIRMATION_OK"
15219,10409816118,10409816154,1,"IOTHUB_CLIENT_CONFIRMATION_OK"
15220,10409816318,10409816387,1,"IOTHUB_CLIENT_CONFIRMATION_OK"
15221,10409816518,10409816554,1,"IOTHUB_CLIENT_CONFIRMATION_OK"
15222,10409816718,10409816776,1,"IOTHUB_CLIENT_CONFIRMATION_OK"
15223,10409816919,10409816980,1,"IOTHUB_CLIENT_CONFIRMATION_OK"
15224,10409817119,10409817171,1,"IOTHUB_CLIENT_CONFIRMATION_OK"
15225,10409817319,10409817358,1,"IOTHUB_CLIENT_CONFIRMATION_OK"
15226,10409817519,10409817580,1,"IOTHUB_CLIENT_CONFIRMATION_OK"
15227,10409817719,10409817766,1,"IOTHUB_CLIENT_CONFIRMATION_OK"
15228,10409817919,10409817982,1,"IOTHUB_CLIENT_CONFIRMATION_OK"
15229,10409818119,10409818196,1,"IOTHUB_CLIENT_CONFIRMATION_OK"
15230,10409818320,10409818361,1,"IOTHUB_CLIENT_CONFIRMATION_OK"
15231,10409818520,10409818564,1,"IOTHUB_CLIENT_CONFIRMATION_OK"
15232,10409818720,10409818811,1,"IOTHUB_CLIENT_CONFIRMATION_OK"
15233,10409818920,10409818967,1,"IOTHUB_CLIENT_CONFIRMATION_OK"
15234,10409819120,10409819159,1,"IOTHUB_CLIENT_CONFIRMATION_OK"
15235,10409819320,10409819413,1,"IOTHUB_CLIENT_CONFIRMATION_OK"
15236,10409819521,10409819562,1,"IOTHUB_CLIENT_CONFIRMATION_OK"
15237,10409819721,10409819769,1,"IOTHUB_CLIENT_CONFIRMATION_OK"
15238,10409819921,10409819974,1,"IOTHUB_CLIENT_CONFIRMATION_OK"
15239,10409820121,10409820263,1,"IOTHUB_CLIENT_CONFIRMATION_OK"
15240,10409820321,10409820368,1,"IOTHUB_CLIENT_CONFIRMATION_OK"
15241,10409820521,10409820757,1,"IOTHUB_CLIENT_CONFIRMATION_OK"
15242,10409820721,10409820791,1,"IOTHUB_CLIENT_CONFIRMATION_OK"
15243,10409820922,10409820966,1,"IOTHUB_CLIENT_CONFIRMATION_OK"
15244,10409821122,10409821166,1,"IOTHUB_CLIENT_CONFIRMATION_OK"
15245,10409821322,10409821381,1,"IOTHUB_CLIENT_CONFIRMATION_OK"
15246,10409821522,10409821580,1,"IOTHUB_CLIENT_CONFIRMATION_OK"
15247,10409821722,10409821766,1,"IOTHUB_CLIENT_CONFIRMATION_OK"
15248,10409821922,10409821985,1,"IOTHUB_CLIENT_CONFIRMATION_OK"
15249,10409822123,10409822163,1,"IOTHUB_CLIENT_CONFIRMATION_OK"
15250,10409822323,10409822379,1,"IOTHUB_CLIENT_CONFIRMATION_OK"
15251,10409822523,10409822559,1,"IOTHUB_CLIENT_CONFIRMATION_OK"
15252,10409822723,10409822758,1,"IOTHUB_CLIENT_CONFIRMATION_OK"
15253,10409822923,10409822970,1,"IOTHUB_CLIENT_CONFIRMATION_OK"
15254,10409823123,10409823168,1,"IOTHUB_CLIENT_CONFIRMATION_OK"
15255,10409823323,10409823387,1,"IOTHUB_CLIENT_CONFIRMATION_OK"
15256,10409823524,10409823696,1,"IOTHUB_CLIENT_CONFIRMATION_OK"
15257,10409823724,10409823794,1,"IOTHUB_CLIENT_CONFIRMATION_OK"
15258,10409823924,10409823988,1,"IOTHUB_CLIENT_CONFIRMATION_OK"
15259,10409824124,10409824169,1,"IOTHUB_CLIENT_CONFIRMATION_OK"
15260,10409824324,10409824359,1,"IOTHUB_CLIENT_CONFIRMATION_OK"
15261,10409824524,10409824559,1,"IOTHUB_CLIENT_CONFIRMATION_OK"
15262,10409824725,10409824768,1,"IOTHUB_CLIENT_CONFIRMATION_OK"
15263,10409824925,10409824973,1,"IOTHUB_CLIENT_CONFIRMATION_OK"
15264,10409825125,10409825179,1,"IOTHUB_CLIENT_CONFIRMATION_OK"
15265,10409825325,10409825379,1,"IOTHUB_CLIENT_CONFIRMATION_OK"
15266,10409825525,10409825576,1,"IOTHUB_CLIENT_CONFIRMATION_OK"
15267,10409825725,10409825785,1,"IOTHUB_CLIENT_CONFIRMATION_OK"
15268,10409825925,10409825964,1,"IOTHUB_CLIENT_CONFIRMATION_OK"
15269,10409826126,10409826176,1,"IOTHUB_CLIENT_CONFIRMATION_OK"
15270,10409826326,10409826367,1,"IOTHUB_CLIENT_CONFIRMATION_OK"
15271,10409826526,10409826568,1,"IOTHUB_CLIENT_CONFIRMATION_OK"
15272,10409826726,10409826782,1,"IOTHUB_CLIENT_CONFIRMATION_OK"
15273,10409826926,10409827018,1,"IOTHUB_CLIENT_CONFIRMATION_OK"
15274,10409827126,10409827196,1,"IOTHUB_CLIENT_CONFIRMATION_OK"
15275,10409827327,10409827373,1,"IOTHUB_CLIENT_CONFIRMATION_OK"
15276,10409827527,10409827584,1,"IOTHUB_CLIENT_CONFIRMATION_OK"
15277,10409827727,10409827782,1,"IOTHUB_CLIENT_CONFIRMATION_OK"
15278,10409827927,10409827986,1,"IOTHUB_CLIENT_CONFIRMATION_OK"
15279,10409828127,10409828200,1,"IOTHUB_CLIENT_CONFIRMATION_OK"
15280,10409828327,10409828380,1,"IOTHUB_CLIENT_CONFIRMATION_OK"
15281,10409828527,10409828587,1,"IOTHUB_CLIENT_CONFIRMATION_OK"
15282,10409828728,10409828783,1,"IOTHUB_CLIENT_CONFIRMATION_OK"
15283,10409828928,10409828983,1,"IOTHUB_CLIENT_CONFIRMATION_OK"
15284,10409829128,10409829172,1,"IOTHUB_CLIENT_CONFIRMATION_OK"
15285,10409829328,10409829370,1,"IOTHUB_CLIENT_CONFIRMATION_OK"
15286,10409829528,10409829565,1,"IOTHUB_CLIENT_CONFIRMATION_OK"
15287,10409829728,10409829773,1,"IOTHUB_CLIENT_CONFIRMATION_OK"
15288,10409829928,10409829977,1,"IOTHUB_CLIENT_CONFIRMATION_OK"
15289,10409830129,10409830169,1,"IOTHUB_CLIENT_CONFIRMATION_OK"
15290,10409830329,10409830440,1,"IOTHUB_CLIENT_CONFIRMATION_OK"
15291,10409830529,10409830578,1,"IOTHUB_CLIENT_CONFIRMATION_OK"
15292,10409830729,10409830773,1,"IOTHUB_CLIENT_CONFIRMATION_OK"
15293,10409830929,10409830979,1,"IOTHUB_CLIENT_CONFIRMATION_OK"
15294,10409831129,10409831170,1,"IOTHUB_CLIENT_CONFIRMATION_OK"
15295,10409831330,10409831377,1,"IOTHUB_CLIENT_CONFIRMATION_OK"
15296,10409831530,10409831578,1,"IOTHUB_CLIENT_CONFIRMATION_OK"
15297,10409831730,10409831783,1,"IOTHUB_CLIENT_CONFIRMATION_OK"
15298,10409831930,10409831981,1,"IOTHUB_CLIENT_CONFIRMATION_OK"
15299,10409832130,10409832187,1,"IOTHUB_CLIENT_CONFIRMATION_OK"
15300,10409832330,10409832374,1,"IOTHUB_CLIENT_CONFIRMATION_OK"
15301,10409832530,10409832574,1,"IOTHUB_CLIENT_CONFIRMATION_OK"
15302,10409832731,10409832788,1,"IOTHUB_CLIENT_CONFIRMATION_OK"
15303,10409832931,10409832988,1,"IOTHUB_CLIENT_CONFIRMATION_OK"
15304,10409833131,10409833180,1,"IOTHUB_CLIENT_CONFIRMATION_OK"
15305,10409833331,10409833392,1,"IOTHUB_CLIENT_CONFIRMATION_OK"
15306,10409833531,10409833582,1,"IOTHUB_CLIENT_CONFIRMATION_OK"
15307,10409833731,10409833780,1,"IOTHUB_CLIENT_CONFIRMATION_OK"
15308,10409833932,10409833983,1,"IOTHUB_CLIENT_CONFIRMATION_OK"
15309,10409834132,10409834202,1,"IOTHUB_CLIENT_CONFIRMATION_OK"
15310,10409834332,10409834374,1,"IOTHUB_CLIENT_CONFIRMATION_OK"
15311,10409834532,10409834575,1,"IOTHUB_CLIENT_CONFIRMATION_OK"
15312,10409834732,10409834802,1,"IOTHUB_CLIENT_CONFIRMATION_OK"
15313,10409834932,10409834985,1,"IOTHUB_CLIENT_CONFIRMATION_OK"
15314,10409835133,10409835169,1,"IOTHUB_CLIENT_CONFIRMATION_OK"
15315,10409835333,10409835384,1,"IOTHUB_CLIENT_CONFIRMATION_OK"
15316,10409835533,10409835580,1,"IOTHUB_CLIENT_CONFIRMATION_OK"
15317,10409835733,10409835800,1,"IOTHUB_CLIENT_CONFIRMATION_OK"
15318,10409835933,10409835983,1,"IOTHUB_CLIENT_CONFIRMATION_OK"
15319,10409836133,10409836278,1,"IOTHUB_CLIENT_CONFIRMATION_OK"
15320,10409836333,10409836389,1,"IOTHUB_CLIENT_CONFIRMATION_OK"
15321,10409836534,10409836576,1,"IOTHUB_CLIENT_CONFIRMATION_OK"
15322,10409836734,10409836795,1,"IOTHUB_CLIENT_CONFIRMATION_OK"
15323,10409836934,10409836972,1,"IOTHUB_CLIENT_CONFIRMATION_OK"
15324,10409837134,10409837190,1,"IOTHUB_CLIENT_CONFIRMATION_OK"
15325,10409837334,10409837404,1,"IOTHUB_CLIENT_CONFIRMATION_OK"
15326,10409837534,10409837572,1,"IOTHUB_CLIENT_CONFIRMATION_OK"
15327,10409837735,10409837784,1,"IOTHUB_CLIENT_CONFIRMATION_OK"
15328,10409837935,10409837984,1,"IOTHUB_CLIENT_CONFIRMATION_OK"
15329,10409838135,10409838223,1,"IOTHUB_CLIENT_CONFIRMATION_OK"
15330,10409838335,10409838373,1,"IOTHUB_CLIENT_CONFIRMATION_OK"
15331,10409838535,10409838584,1,"IOTHUB_CLIENT_CONFIRMATION_OK"
15332,10409838735,10409838805,1,"IOTHUB_CLIENT_CONFIRMATION_OK"
15333,10409838935,10409839034,1,"IOTHUB_CLIENT_CONFIRMATION_OK"
15334,10409839136,10409839195,1,"IOTHUB_CLIENT_CONFIRMATION_OK"
15335,10409839336,10409839380,1,"IOTHUB_CLIENT_CONFIRMATION_OK"
15336,10409839536,10409839586,1,"IOTHUB_CLIENT_CONFIRMATION_OK"
15337,10409839736,10409839779,1,"IOTHUB_CLIENT_CONFIRMATION_OK"
15338,10409839936,10409839985,1,"IOTHUB_CLIENT_CONFIRMATION_OK"
15339,10409840136,10409840185,1,"IOTHUB_CLIENT_CONFIRMATION_OK"
15340,10409840337,10409840377,1,"IOTHUB_CLIENT_CONFIRMATION_OK"
15341,10409840537,10409840585,1,"IOTHUB_CLIENT_CONFIRMATION_OK"
15342,10409840737,10409840801,1,"IOTHUB_CLIENT_CONFIRMATION_OK"
15343,10409840937,10409841020,1,"IOTHUB_CLIENT_CONFIRMATION_OK"
15344,10409841137,10409841180,1,"IOTHUB_CLIENT_CONFIRMATION_OK"
15345,10409841337,10409841391,1,"IOTHUB_CLIENT_CONFIRMATION_OK"
15346,10409841537,10409841686,1,"IOTHUB_CLIENT_CONFIRMATION_OK"
15347,10409841738,10409841782,1,"IOTHUB_CLIENT_CONFIRMATION_OK"
15348,10409841938,10409842001,1,"IOTHUB_CLIENT_CONFIRMATION_OK"
15349,10409842138,10409842214,1,"IOTHUB_CLIENT_CONFIRMATION_OK"
15350,10409842338,10409842416,1,"IOTHUB_CLIENT_CONFIRMATION_OK"
15351,10409842538,10409842586,1,"IOTHUB_CLIENT_CONFIRMATION_OK"
15352,10409842738,10409842809,1,"IOTHUB_CLIENT_CONFIRMATION_OK"
15353,10409842939,10409842991,1,"IOTHUB_CLIENT_CONFIRMATION_OK"
15354,10409843139,10409843180,1,"IOTHUB_CLIENT_CONFIRMATION_OK"
15355,10409843339,10409843389,1,"IOTHUB_CLIENT_CONFIRMATION_OK"
15356,10409843539,10409843594,1,"IOTHUB_CLIENT_CONFIRMATION_OK"
15357,10409843739,10409843799,1,"IOTHUB_CLIENT_CONFIRMATION_OK"
15358,10409843939,10409843997,1,"IOTHUB_CLIENT_CONFIRMATION_OK"
15359,10409844139,10409844186,1,"IOTHUB_CLIENT_CONFIRMATION_OK"
15360,10409844340,10409844391,1,"IOTHUB_CLIENT_CONFIRMATION_OK"
15361,10409844540,10409844585,1,"IOTHUB_CLIENT_CONFIRMATION_OK"
15362,10409844740,10409844800,1,"IOTHUB_CLIENT_CONFIRMATION_OK"
15363,10409844940,10409844998,1,"IOTHUB_CLIENT_CONFIRMATION_OK"
15364,10409845140,10409845188,1,"IOTHUB_CLIENT_CONFIRMATION_OK"
15365,10409845340,10409845399,1,"IOTHUB_CLIENT_CONFIRMATION_OK"
15366,10409845541,10409845589,1,"IOTHUB_CLIENT_CONFIRMATION_OK"
15367,10409845741,10409845808,1,"IOTHUB_CLIENT_CONFIRMATION_OK"
15368,10409845941,10409845990,1,"IOTHUB_CLIENT_CONFIRMATION_OK"
15369,10409846141,10409846205,1,"IOTHUB_CLIENT_CONFIRMATION_OK"
15370,10409846341,10409846403,1,"IOTHUB_CLIENT_CONFIRMATION_OK"
15371,10409846541,10409846592,1,"IOTHUB_CLIENT_CONFIRMATION_OK"
15372,10409846742,10409846784,1,"IOTHUB_CLIENT_CONFIRMATION_OK"
15373,10409846942,10409846984,1,"IOTHUB_CLIENT_CONFIRMATION_OK"
15374,10409847142,10409847183,1,"IOTHUB_CLIENT_CONFIRMATION_OK"
15375,10409847342,10409847379,1,"IOTHUB_CLIENT_CONFIRMATION_OK"
15376,10409847542,10409847580,1,"IOTHUB_CLIENT_CONFIRMATION_OK"
15377,10409847742,10409847811,1,"IOTHUB_CLIENT_CONFIRMATION_OK"
15378,10409847942,10409848010,1,"IOTHUB_CLIENT_CONFIRMATION_OK"
15379,10409848143,10409848197,1,"IOTHUB_CLIENT_CONFIRMATION_OK"
15380,10409848343,10409848490,1,"IOTHUB_CLIENT_CONFIRMATION_OK"
15381,10409848543,10409848584,1,"IOTHUB_CLIENT_CONFIRMATION_OK"
15382,10409848743,10409848785,1,"IOTHUB_CLIENT_CONFIRMATION_OK"
15383,10409848943,10409848984,1,"IOTHUB_CLIENT_CONFIRMATION_OK"
15384,10409849143,10409849208,1,"IOTHUB_CLIENT_CONFIRMATION_OK"
15385,10409849343,10409849385,1,"IOTHUB_CLIENT_CONFIRMATION_OK"
15386,10409849544,10409849594,1,"IOTHUB_CLIENT_CONFIRMATION_OK"
15387,10409849744,10409849790,1,"IOTHUB_CLIENT_CONFIRMATION_OK"
15388,10409849944,10409849979,1,"IOTHUB_CLIENT_CONFIRMATION_OK"
15389,10409850144,10409850193,1,"IOTHUB_CLIENT_CONFIRMATION_OK"
15390,10409850344,10409850380,1,"IOTHUB_CLIENT_CONFIRMATION_OK"
15391,10409850544,10409850589,1,"IOTHUB_CLIENT_CONFIRMATION_OK"
15392,10409850745,10409850782,1,"IOTHUB_CLIENT_CONFIRMATION_OK"
15393,10409850945,10409850990,1,"IOTHUB_CLIENT_CONFIRMATION_OK"
15394,10409851145,10409851187,1,"IOTHUB_CLIENT_CONFIRMATION_OK"
15395,10409851345,10409851431,1,"IOTHUB_CLIENT_CONFIRMATION_OK"
15396,10409851545,10409851618,1,"IOTHUB_CLIENT_CONFIRMATION_OK"
15397,10409851745,10409851794,1,"IOTHUB_CLIENT_CONFIRMATION_OK"
15398,10409851945,10409852037,1,"IOTHUB_CLIENT_CONFIRMATION_OK"
15399,10409852146,10409852198,1,"IOTHUB_CLIENT_CONFIRMATION_OK"
15400,10409852346,10409852400,1,"IOTHUB_CLIENT_CONFIRMATION_OK"
15401,10409852546,10409852616,1,"IOTHUB_CLIENT_CONFIRMATION_OK"
15402,10409852746,10409852796,1,"IOTHUB_CLIENT_CONFIRMATION_OK"
15403,10409852946,10409853019,1,"IOTHUB_CLIENT_CONFIRMATION_OK"
15404,10409853146,10409853202,1,"IOTHUB_CLIENT_CONFIRMATION_OK"
15405,10409853347,10409853437,1,"IOTHUB_CLIENT_CONFIRMATION_OK"
15406,10409853547,10409853582,1,"IOTHUB_CLIENT_CONFIRMATION_OK"
15407,10409853747,10409853791,1,"IOTHUB_CLIENT_CONFIRMATION_OK"
15408,10409853947,10409854007,1,"IOTHUB_CLIENT_CONFIRMATION_OK"
15409,10409854147,10409854193,1,"IOTHUB_CLIENT_CONFIRMATION_OK"
15410,10409854347,10409854395,1,"IOTHUB_CLIENT_CONFIRMATION_OK"
15411,10409854547,10409854602,1,"IOTHUB_CLIENT_CONFIRMATION_OK"
15412,10409854748,10409854791,1,"IOTHUB_CLIENT_CONFIRMATION_OK"
15413,10409854948,10409855000,1,"IOTHUB_CLIENT_CONFIRMATION_OK"
15414,10409855148,10409855181,1,"IOTHUB_CLIENT_CONFIRMATION_OK"
15415,10409855348,10409855391,1,"IOTHUB_CLIENT_CONFIRMATION_OK"
15416,10409855548,10409855604,1,"IOTHUB_CLIENT_CONFIRMATION_OK"
15417,10409855748,10409855795,1,"IOTHUB_CLIENT_CONFIRMATION_OK"
15418,10409855949,10409855991,1,"IOTHUB_CLIENT_CONFIRMATION_OK"
15419,10409856149,10409856190,1,"IOTHUB_CLIENT_CONFIRMATION_OK"
15420,10409856349,10409856396,1,"IOTHUB_CLIENT_CONFIRMATION_OK"
15421,10409856549,10409856636,1,"IOTHUB_CLIENT_CONFIRMATION_OK"
15422,10409856749,10409856802,1,"IOTHUB_CLIENT_CONFIRMATION_OK"
15423,10409856949,10409857000,1,"IOTHUB_CLIENT_CONFIRMATION_OK"
15424,10409857149,10409857236,1,"IOTHUB_CLIENT_CONFIRMATION_OK"
15425,10409857350,10409857387,1,"IOTHUB_CLIENT_CONFIRMATION_OK"
15426,10409857550,10409857583,1,"IOTHUB_CLIENT_CONFIRMATION_OK"
15427,10409857750,10409857821,1,"IOTHUB_CLIENT_CONFIRMATION_OK"
15428,10409857950,10409857993,1,"IOTHUB_CLIENT_CONFIRMATION_OK"
15429,10409858150,10409858192,1,"IOTHUB_CLIENT_CONFIRMATION_OK"
15430,10409858350,10409858399,1,"IOTHUB_CLIENT_CONFIRMATION_OK"
15431,10409858550,10409858607,1,"IOTHUB_CLIENT_CONFIRMATION_OK"
15432,10409858751,10409858814,1,"IOTHUB_CLIENT_CONFIRMATION_OK"
15433,10409858951,10409858990,1,"IOTHUB_CLIENT_CONFIRMATION_OK"
15434,10409859151,10409859204,1,"IOTHUB_CLIENT_CONFIRMATION_OK"
15435,10409859351,10409859444,1,"IOTHUB_CLIENT_CONFIRMATION_OK"
15436,10409859551,10409859668,1,"IOTHUB_CLIENT_CONFIRMATION_OK"
15437,10409859751,10409859798,1,"IOTHUB_CLIENT_CONFIRMATION_OK"
15438,10409859952,10409859999,1,"IOTHUB_CLIENT_CONFIRMATION_OK"
15439,10409860152,10409860210,1,"IOTHUB_CLIENT_CONFIRMATION_OK"
15440,10409860352,10409860403,1,"IOTHUB_CLIENT_CONFIRMATION_OK"
15441,10409860552,10409860617,1,"IOTHUB_CLIENT_CONFIRMATION_OK"
15442,10409860752,10409860804,1,"IOTHUB_CLIENT_CONFIRMATION_OK"
15443,10409860952,10409860988,1,"IOTHUB_CLIENT_CONFIRMATION_OK"
15444,10409861153,10409861204,1,"IOTHUB_CLIENT_CONFIRMATION_OK"
15445,10409861353,10409861428,1,"IOTHUB_CLIENT_CONFIRMATION_OK"
15446,10409861553,10409861593,1,"IOTHUB_CLIENT_CONFIRMATION_OK"
15447,10409861753,10409861798,1,"IOTHUB_CLIENT_CONFIRMATION_OK"
15448,10409861953,10409861994,1,"IOTHUB_CLIENT_CONFIRMATION_OK"
15449,10409862153,10409862210,1,"IOTHUB_CLIENT_CONFIRMATION_OK"
15450,10409862353,10409862437,1,"IOTHUB_CLIENT_CONFIRMATION_OK"
15451,10409862554,10409862613,1,"IOTHUB_CLIENT_CONFIRMATION_OK"
15452,10409862754,10409862799,1,"IOTHUB_CLIENT_CONFIRMATION_OK"
15453,10409862954,10409863048,1,"IOTHUB_CLIENT_CONFIRMATION_OK"
15454,10409863154,10409863203,1,"IOTHUB_CLIENT_CONFIRMATION_OK"
15455,10409863354,10409863486,1,"IOTHUB_CLIENT_CONFIRMATION_OK"
15456,10409863554,10409863679,1,"IOTHUB_CLIENT_CONFIRMATION_OK"
15457,10409863755,10409863805,1,"IOTHUB_CLIENT_CONFIRMATION_OK"
15458,10409863955,10409863987,1,"IOTHUB_CLIENT_CONFIRMATION_OK"
15459,10409864155,10409864197,1,"IOTHUB_CLIENT_CONFIRMATION_OK"
15460,10409864355,10409864406,1,"IOTHUB_CLIENT_CONFIRMATION_OK"
15461,10409864555,10409864605,1,"IOTHUB_CLIENT_CONFIRMATION_OK"
15462,10409864755,10409864807,1,"IOTHUB_CLIENT_CONFIRMATION_OK"
15463,10409864955,10409865002,1,"IOTHUB_CLIENT_CONFIRMATION_OK"
15464,10409865156,10409865255,1,"IOTHUB_CLIENT_CONFIRMATION_OK"
15465,10409865356,10409865507,1,"IOTHUB_CLIENT_CONFIRMATION_OK"
15466,10409865556,10409865617,1,"IOTHUB_CLIENT_CONFIRMATION_OK"
15467,10409865756,10409865823,1,"IOTHUB_CLIENT_CONFIRMATION_OK"
15468,10409865956,10409866110,1,"IOTHUB_CLIENT_CONFIRMATION_OK"
15469,10409866156,10409866255,1,"IOTHUB_CLIENT_CONFIRMATION_OK"
15470,10409866357,10409866399,1,"IOTHUB_CLIENT_CONFIRMATION_OK"
15471,10409866557,10409866717,1,"IOTHUB_CLIENT_CONFIRMATION_OK"
15472,10409866757,10409866810,1,"IOTHUB_CLIENT_CONFIRMATION_OK"
15473,10409866957,10409866996,1,"IOTHUB_CLIENT_CONFIRMATION_OK"
15474,10409867157,10409867323,1,"IOTHUB_CLIENT_CONFIRMATION_OK"
15475,10409867357,10409867414,1,"IOTHUB_CLIENT_CONFIRMATION_OK"
15476,10409867558,10409867596,1,"IOTHUB_CLIENT_CONFIRMATION_OK"
15477,10409867758,10409867939,1,"IOTHUB_CLIENT_CONFIRMATION_OK"
15478,10409867958,10409868015,1,"IOTHUB_CLIENT_CONFIRMATION_OK"
15479,10409868158,10409868205,1,"IOTHUB_CLIENT_CONFIRMATION_OK"
15480,10409868358,10409868649,1,"IOTHUB_CLIENT_CONFIRMATION_OK"
15481,10409868558,10409868764,1,"IOTHUB_CLIENT_CONFIRMATION_OK"
15482,10409868759,10409868970,1,"IOTHUB_CLIENT_CONFIRMATION_OK"
15483,10409868959,10409869172,1,"IOTHUB_CLIENT_CONFIRMATION_OK"
15484,10409869159,10409869217,1,"IOTHUB_CLIENT_CONFIRMATION_OK"
15485,10409869359,10409869418,1,"IOTHUB_CLIENT_CONFIRMATION_OK"
15486,10409869559,10409869774,1,"IOTHUB_CLIENT_CONFIRMATION_OK"
15487,10409869759,10409869808,1,"IOTHUB_CLIENT_CONFIRMATION_OK"
15488,10409869959,10409870006,1,"IOTHUB_CLIENT_CONFIRMATION_OK"
15489,10409870160,10409870202,1,"IOTHUB_CLIENT_CONFIRMATION_OK"
15490,10409870360,10409870405,1,"IOTHUB_CLIENT_CONFIRMATION_OK"
15491,10409870560,10409870607,1,"IOTHUB_CLIENT_CONFIRMATION_OK"
15492,10409870760,10409870838,1,"IOTHUB_CLIENT_CONFIRMATION_OK"
15493,10409870960,10409871002,1,"IOTHUB_CLIENT_CONFIRMATION_OK"
15494,10409871160,10409871214,1,"IOTHUB_CLIENT_CONFIRMATION_OK"
15495,10409871360,10409871413,1,"IOTHUB_CLIENT_CONFIRMATION_OK"
15496,10409871561,10409871617,1,"IOTHUB_CLIENT_CONFIRMATION_OK"
15497,10409871761,10409871800,1,"IOTHUB_CLIENT_CONFIRMATION_OK"
15498,10409871961,10409872027,1,"IOTHUB_CLIENT_CONFIRMATION_OK"
15499,10409872161,10409872200,1,"IOTHUB_CLIENT_CONFIRMATION_OK"
15500,10409872361,10409872414,1,"IOTHUB_CLIENT_CONFIRMATION_OK"
15501,10409872561,10409872684,1,"IOTHUB_CLIENT_CONFIRMATION_OK"
15502,10409872761,10409872799,1,"IOTHUB_CLIENT_CONFIRMATION_OK"
15503,10409872962,10409873010,1,"IOTHUB_CLIENT_CONFIRMATION_OK"
15504,10409873162,10409873260,1,"IOTHUB_CLIENT_CONFIRMATION_OK"
15505,10409873362,10409873404,1,"IOTHUB_CLIENT_CONFIRMATION_OK"
15506,10409873562,10409873610,1,"IOTHUB_CLIENT_CONFIRMATION_OK"
15507,10409873762,10409873869,1,"IOTHUB_CLIENT_CONFIRMATION_OK"
15508,10409873962,10409874004,1,"IOTHUB_CLIENT_CONFIRMATION_OK"
15509,10409874163,10409874202,1,"IOTHUB_CLIENT_CONFIRMATION_OK"
15510,10409874363,10409874526,1,"IOTHUB_CLIENT_CONFIRMATION_OK"
15511,10409874563,10409874619,1,"IOTHUB_CLIENT_CONFIRMATION_OK"
15512,10409874763,10409874823,1,"IOTHUB_CLIENT_CONFIRMATION_OK"
15513,10409874963,10409875124,1,"IOTHUB_CLIENT_CONFIRMATION_OK"
15514,10409875163,10409875196,1,"IOTHUB_CLIENT_CONFIRMATION_OK"
15515,10409875364,10409875449,1,"IOTHUB_CLIENT_CONFIRMATION_OK"
15516,10409875564,10409875737,1,"IOTHUB_CLIENT_CONFIRMATION_OK"
15517,10409875764,10409875809,1,"IOTHUB_CLIENT_CONFIRMATION_OK"
15518,10409875964,10409876158,1,"IOTHUB_CLIENT_CONFIRMATION_OK"
15519,10409876164,10409876398,1,"IOTHUB_CLIENT_CONFIRMATION_OK"
15520,10409876364,10409876425,1,"IOTHUB_CLIENT_CONFIRMATION_OK"
15521,10409876564,10409876611,1,"IOTHUB_CLIENT_CONFIRMATION_OK"
15522,10409876765,10409876936,1,"IOTHUB_CLIENT_CONFIRMATION_OK"
15523,10409876965,10409877010,1,"IOTHUB_CLIENT_CONFIRMATION_OK"
15524,10409877165,10409877213,1,"IOTHUB_CLIENT_CONFIRMATION_OK"
15525,10409877365,10409877618,1,"IOTHUB_CLIENT_CONFIRMATION_OK"
15526,10409877565,10409877653,1,"IOTHUB_CLIENT_CONFIRMATION_OK"
15527,10409877765,10409877851,1,"IOTHUB_CLIENT_CONFIRMATION_OK"
15528,10409877966,10409878181,1,"IOTHUB_CLIENT_CONFIRMATION_OK"
15529,10409878166,10409878210,1,"IOTHUB_CLIENT_CONFIRMATION_OK"
15530,10409878366,10409878420,1,"IOTHUB_CLIENT_CONFIRMATION_OK"
15531,10409878566,10409878627,1,"IOTHUB_CLIENT_CONFIRMATION_OK"
15532,10409878766,10409878802,1,"IOTHUB_CLIENT_CONFIRMATION_OK"
15533,10409878966,10409879020,1,"IOTHUB_CLIENT_CONFIRMATION_OK"
15534,10409879166,10409879236,1,"IOTHUB_CLIENT_CONFIRMATION_OK"
15535,10409879367,10409879419,1,"IOTHUB_CLIENT_CONFIRMATION_OK"
15536,10409879567,10409879637,1,"IOTHUB_CLIENT_CONFIRMATION_OK"
15537,10409879767,10409879831,1,"IOTHUB_CLIENT_CONFIRMATION_OK"
15538,10409879967,10409880016,1,"IOTHUB_CLIENT_CONFIRMATION_OK"
15539,10409880167,10409880219,1,"IOTHUB_CLIENT_CONFIRMATION_OK"
15540,10409880367,10409880439,1,"IOTHUB_CLIENT_CONFIRMATION_OK"
15541,10409880568,10409880615,1,"IOTHUB_CLIENT_CONFIRMATION_OK"
15542,10409880768,10409880814,1,"IOTHUB_CLIENT_CONFIRMATION_OK"
15543,10409880968,10409881063,1,"IOTHUB_CLIENT_CONFIRMATION_OK"
15544,10409881168,10409881217,1,"IOTHUB_CLIENT_CONFIRMATION_OK"
15545,10409881368,10409881415,1,"IOTHUB_CLIENT_CONFIRMATION_OK"
15546,10409881568,10409881692,1,"IOTHUB_CLIENT_CONFIRMATION_OK"
15547,10409881768,10409881822,1,"IOTHUB_CLIENT_CONFIRMATION_OK"
15548,10409881969,10409882028,1,"IOTHUB_CLIENT_CONFIRMATION_OK"
15549,10409882169,10409882278,1,"IOTHUB_CLIENT_CONFIRMATION_OK"
15550,10409882369,10409882409,1,"IOTHUB_CLIENT_CONFIRMATION_OK"
15551,10409882569,10409882621,1,"IOTHUB_CLIENT_CONFIRMATION_OK"
15552,10409882769,10409882898,1,"IOTHUB_CLIENT_CONFIRMATION_OK"
15553,10409882969,10409883044,1,"IOTHUB_CLIENT_CONFIRMATION_OK"
15554,10409883170,10409883230,1,"IOTHUB_CLIENT_CONFIRMATION_OK"
15555,10409883370,10409883515,1,"IOTHUB_CLIENT_CONFIRMATION_OK"
15556,10409883570,10409883633,1,"IOTHUB_CLIENT_CONFIRMATION_OK"
15557,10409883770,10409883856,1,"IOTHUB_CLIENT_CONFIRMATION_OK"
15558,10409883970,10409884100,1,"IOTHUB_CLIENT_CONFIRMATION_OK"
15559,10409884170,10409884225,1,"IOTHUB_CLIENT_CONFIRMATION_OK"
15560,10409884370,10409884417,1,"IOTHUB_CLIENT_CONFIRMATION_OK"
15561,10409884571,10409884708,1,"IOTHUB_CLIENT_CONFIRMATION_OK"
15562,10409884771,10409884813,1,"IOTHUB_CLIENT_CONFIRMATION_OK"
15563,10409884971,10409885014,1,"IOTHUB_CLIENT_CONFIRMATION_OK"
15564,10409885171,10409885347,1,"IOTHUB_CLIENT_CONFIRMATION_OK"
15565,10409885371,10409885422,1,"IOTHUB_CLIENT_CONFIRMATION_OK"
15566,10409885571,10409885621,1,"IOTHUB_CLIENT_CONFIRMATION_OK"
15567,10409885772,10409885950,1,"IOTHUB_CLIENT_CONFIRMATION_OK"
15568,10409885972,10409886034,1,"IOTHUB_CLIENT_CONFIRMATION_OK"
15569,10409886172,10409886231,1,"IOTHUB_CLIENT_CONFIRMATION_OK"
15570,10409886372,10409886547,1,"IOTHUB_CLIENT_CONFIRMATION_OK"
15571,10409886572,10409886609,1,"IOTHUB_CLIENT_CONFIRMATION_OK"
15572,10409886772,10409886820,1,"IOTHUB_CLIENT_CONFIRMATION_OK"
15573,10409886973,10409887164,1,"IOTHUB_CLIENT_CONFIRMATION_OK"
15574,10409887173,10409887219,1,"IOTHUB_CLIENT_CONFIRMATION_OK"
15575,10409887373,10409887416,1,"IOTHUB_CLIENT_CONFIRMATION_OK"
15576,10409887573,10409887802,1,"IOTHUB_CLIENT_CONFIRMATION_OK"
15577,10409887773,10409887894,1,"IOTHUB_CLIENT_CONFIRMATION_OK"
15578,10409887973,10409888014,1,"IOTHUB_CLIENT_CONFIRMATION_OK"
15579,10409888173,10409888393,1,"IOTHUB_CLIENT_CONFIRMATION_OK"
15580,10409888374,10409888411,1,"IOTHUB_CLIENT_CONFIRMATION_OK"
15581,10409888574,10409888721,1,"IOTHUB_CLIENT_CONFIRMATION_OK"
15582,10409888774,10409889011,1,"IOTHUB_CLIENT_CONFIRMATION_OK"
15583,10409888974,10409889053,1,"IOTHUB_CLIENT_CONFIRMATION_OK"
15584,10409889174,10409889250,1,"IOTHUB_CLIENT_CONFIRMATION_OK"
15585,10409889374,10409889410,1,"IOTHUB_CLIENT_CONFIRMATION_OK"
15586,10409889575,10409889614,1,"IOTHUB_CLIENT_CONFIRMATION_OK"
15587,10409889775,10409889823,1,"IOTHUB_CLIENT_CONFIRMATION_OK"
15588,10409889975,10409890023,1,"IOTHUB_CLIENT_CONFIRMATION_OK"
15589,10409890175,10409890244,1,"IOTHUB_CLIENT_CONFIRMATION_OK"
15590,10409890375,10409890429,1,"IOTHUB_CLIENT_CONFIRMATION_OK"
15591,10409890575,10409890634,1,"IOTHUB_CLIENT_CONFIRMATION_OK"
15592,10409890776,10409890815,1,"IOTHUB_CLIENT_CONFIRMATION_OK"
15593,10409890976,10409891021,1,"IOTHUB_CLIENT_CONFIRMATION_OK"
15594,10409891176,10409891237,1,"IOTHUB_CLIENT_CONFIRMATION_OK"
15595,10409891376,10409891454,1,"IOTHUB_CLIENT_CONFIRMATION_OK"
15596,10409891576,10409891633,1,"IOTHUB_CLIENT_CONFIRMATION_OK"
15597,10409891776,10409891847,1,"IOTHUB_CLIENT_CONFIRMATION_OK"
15598,10409891976,10409892083,1,"IOTHUB_CLIENT_CONFIRMATION_OK"
15599,10409892177,10409892257,1,"IOTHUB_CLIENT_CONFIRMATION_OK"
15600,10409892377,10409892532,1,"IOTHUB_CLIENT_CONFIRMATION_OK"
15601,10409892577,10409892634,1,"IOTHUB_CLIENT_CONFIRMATION_OK"
15602,10409892777,10409892946,1,"IOTHUB_CLIENT_CONFIRMATION_OK"
15603,10409892977,10409893200,1,"IOTHUB_CLIENT_CONFIRMATION_OK"
15604,10409893177,10409893246,1,"IOTHUB_CLIENT_CONFIRMATION_OK"
15605,10409893378,10409893426,1,"IOTHUB_CLIENT_CONFIRMATION_OK"
15606,10409893578,10409893757,1,"IOTHUB_CLIENT_CONFIRMATION_OK"
15607,10409893778,10409893827,1,"IOTHUB_CLIENT_CONFIRMATION_OK"
15608,10409893978,10409894072,1,"IOTHUB_CLIENT_CONFIRMATION_OK"
15609,10409894178,10409894357,1,"IOTHUB_CLIENT_CONFIRMATION_OK"
15610,10409894378,10409894430,1,"IOTHUB_CLIENT_CONFIRMATION_OK"
15611,10409894579,10409894629,1,"IOTHUB_CLIENT_CONFIRMATION_OK"
15612,10409894779,10409894969,1,"IOTHUB_CLIENT_CONFIRMATION_OK"
15613,10409894979,10409895020,1,"IOTHUB_CLIENT_CONFIRMATION_OK"
15614,10409895179,10409895217,1,"IOTHUB_CLIENT_CONFIRMATION_OK"
15615,10409895379,10409895570,1,"IOTHUB_CLIENT_CONFIRMATION_OK"
15616,10409895579,10409895635,1,"IOTHUB_CLIENT_CONFIRMATION_OK"
15617,10409895779,10409895821,1,"IOTHUB_CLIENT_CONFIRMATION_OK"
15618,10409895980,10409896163,1,"IOTHUB_CLIENT_CONFIRMATION_OK"
15619,10409896180,10409896241,1,"IOTHUB_CLIENT_CONFIRMATION_OK"
15620,10409896380,10409896423,1,"IOTHUB_CLIENT_CONFIRMATION_OK"
15621,10409896580,10409896787,1,"IOTHUB_CLIENT_CONFIRMATION_OK"
15622,10409896780,10409896835,1,"IOTHUB_CLIENT_CONFIRMATION_OK"
15623,10409896980,10409897057,1,"IOTHUB_CLIENT_CONFIRMATION_OK"
15624,10409897180,10409897381,1,"IOTHUB_CLIENT_CONFIRMATION_OK"
15625,10409897381,10409897428,1,"IOTHUB_CLIENT_CONFIRMATION_OK"
15626,10409897581,10409897641,1,"IOTHUB_CLIENT_CONFIRMATION_OK"
15627,10409897781,10409897891,1,"IOTHUB_CLIENT_CONFIRMATION_OK"
15628,10409897981,10409898025,1,"IOTHUB_CLIENT_CONFIRMATION_OK"
15629,10409898181,10409898224,1,"IOTHUB_CLIENT_CONFIRMATION_OK"
15630,10409898381,10409898444,1,"IOTHUB_CLIENT_CONFIRMATION_OK"
15631,10409898582,10409898618,1,"IOTHUB_CLIENT_CONFIRMATION_OK"
15632,10409898782,10409898835,1,"IOTHUB_CLIENT_CONFIRMATION_OK"
15633,10409898982,10409899072,1,"IOTHUB_CLIENT_CONFIRMATION_OK"
15634,10409899182,10409899240,1,"IOTHUB_CLIENT_CONFIRMATION_OK"
15635,10409899382,10409899435,1,"IOTHUB_CLIENT_CONFIRMATION_OK"
15636,10409899582,10409899705,1,"IOTHUB_CLIENT_CONFIRMATION_OK"
15637,10409899783,10409899848,1,"IOTHUB_CLIENT_CONFIRMATION_OK"
15638,10409899983,10409900054,1,"IOTHUB_CLIENT_CONFIRMATION_OK"
15639,10409900183,10409900306,1,"IOTHUB_CLIENT_CONFIRMATION_OK"
15640,10409900383,10409900432,1,"IOTHUB_CLIENT_CONFIRMATION_OK"
15641,10409900583,10409900640,1,"IOTHUB_CLIENT_CONFIRMATION_OK"
15642,10409900783,10409900903,1,"IOTHUB_CLIENT_CONFIRMATION_OK"
15643,10409900984,10409901022,1,"IOTHUB_CLIENT_CONFIRMATION_OK"
15644,10409901184,10409901232,1,"IOTHUB_CLIENT_CONFIRMATION_OK"
15645,10409901384,10409901504,1,"IOTHUB_CLIENT_CONFIRMATION_OK"
15646,10409901584,10409901628,1,"IOTHUB_CLIENT_CONFIRMATION_OK"
15647,10409901784,10409901837,1,"IOTHUB_CLIENT_CONFIRMATION_OK"
15648,10409901984,10409902115,1,"IOTHUB_CLIENT_CONFIRMATION_OK"
15649,10409902184,10409902224,1,"IOTHUB_CLIENT_CONFIRMATION_OK"
15650,10409902385,10409902423,1,"IOTHUB_CLIENT_CONFIRMATION_OK"
15651,10409902585,10409902715,1,"IOTHUB_CLIENT_CONFIRMATION_OK"
15652,10409902785,10409902839,1,"IOTHUB_CLIENT_CONFIRMATION_OK"
15653,10409902985,10409903049,1,"IOTHUB_CLIENT_CONFIRMATION_OK"
15654,10409903185,10409903320,1,"IOTHUB_CLIENT_CONFIRMATION_OK"
15655,10409903385,10409903440,1,"IOTHUB_CLIENT_CONFIRMATION_OK"
15656,10409903586,10409903730,1,"IOTHUB_CLIENT_CONFIRMATION_OK"
15657,10409903786,10409903936,1,"IOTHUB_CLIENT_CONFIRMATION_OK"
15658,10409903986,10409904033,1,"IOTHUB_CLIENT_CONFIRMATION_OK"
15659,10409904186,10409904225,1,"IOTHUB_CLIENT_CONFIRMATION_OK"
15660,10409904386,10409904590,1,"IOTHUB_CLIENT_CONFIRMATION_OK"
15661,10409904586,10409904653,1,"IOTHUB_CLIENT_CONFIRMATION_OK"
15662,10409904787,10409904822,1,"IOTHUB_CLIENT_CONFIRMATION_OK"
15663,10409904987,10409905174,1,"IOTHUB_CLIENT_CONFIRMATION_OK"
15664,10409905187,10409905236,1,"IOTHUB_CLIENT_CONFIRMATION_OK"
15665,10409905387,10409905432,1,"IOTHUB_CLIENT_CONFIRMATION_OK"
15666,10409905587,10409905792,1,"IOTHUB_CLIENT_CONFIRMATION_OK"
15667,10409905787,10409905845,1,"IOTHUB_CLIENT_CONFIRMATION_OK"
15668,10409905987,10409906034,1,"IOTHUB_CLIENT_CONFIRMATION_OK"
15669,10409906188,10409906368,1,"IOTHUB_CLIENT_CONFIRMATION_OK"
15670,10409906388,10409906433,1,"IOTHUB_CLIENT_CONFIRMATION_OK"
15671,10409906588,10409906629,1,"IOTHUB_CLIENT_CONFIRMATION_OK"
15672,10409906788,10409906990,1,"IOTHUB_CLIENT_CONFIRMATION_OK"
15673,10409906988,10409907023,1,"IOTHUB_CLIENT_CONFIRMATION_OK"
15674,10409907188,10409907249,1,"IOTHUB_CLIENT_CONFIRMATION_OK"
15675,10409907389,10409907611,1,"IOTHUB_CLIENT_CONFIRMATION_OK"
15676,10409907589,10409907648,1,"IOTHUB_CLIENT_CONFIRMATION_OK"
15677,10409907789,10409907849,1,"IOTHUB_CLIENT_CONFIRMATION_OK"
15678,10409907989,10409908227,1,"IOTHUB_CLIENT_CONFIRMATION_OK"
15679,10409908189,10409908248,1,"IOTHUB_CLIENT_CONFIRMATION_OK"
15680,10409908389,10409908429,1,"IOTHUB_CLIENT_CONFIRMATION_OK"
15681,10409908589,10409908636,1,"IOTHUB_CLIENT_CONFIRMATION_OK"
15682,10409908790,10409908832,1,"IOTHUB_CLIENT_CONFIRMATION_OK"
15683,10409908990,10409909043,1,"IOTHUB_CLIENT_CONFIRMATION_OK"
15684,10409909190,10409909230,1,"IOTHUB_CLIENT_CONFIRMATION_OK"
15685,10409909390,10409909443,1,"IOTHUB_CLIENT_CONFIRMATION_OK"
15686,10409909590,10409909712,1,"IOTHUB_CLIENT_CONFIRMATION_OK"
15687,10409909790,10409909955,1,"IOTHUB_CLIENT_CONFIRMATION_OK"
15688,10409909991,10409910054,1,"IOTHUB_CLIENT_CONFIRMATION_OK"
15689,10409910191,10409910240,1,"IOTHUB_CLIENT_CONFIRMATION_OK"
15690,10409910391,10409910555,1,"IOTHUB_CLIENT_CONFIRMATION_OK"
15691,10409910591,10409910658,1,"IOTHUB_CLIENT_CONFIRMATION_OK"
15692,10409910791,10409910836,1,"IOTHUB_CLIENT_CONFIRMATION_OK"
15693,10409910991,10409911162,1,"IOTHUB_CLIENT_CONFIRMATION_OK"
15694,10409911192,10409911228,1,"IOTHUB_CLIENT_CONFIRMATION_OK"
15695,10409911392,10409911441,1,"IOTHUB_CLIENT_CONFIRMATION_OK"
15696,10409911592,10409911798,1,"IOTHUB_CLIENT_CONFIRMATION_OK"
15697,10409911792,10409911852,1,"IOTHUB_CLIENT_CONFIRMATION_OK"
15698,10409911992,10409912033,1,"IOTHUB_CLIENT_CONFIRMATION_OK"
15699,10409912192,10409912381,1,"IOTHUB_CLIENT_CONFIRMATION_OK"
15700,10409912392,10409912476,1,"IOTHUB_CLIENT_CONFIRMATION_OK"
15701,10409912593,10409912660,1,"IOTHUB_CLIENT_CONFIRMATION_OK"
15702,10409912793,10409912982,1,"IOTHUB_CLIENT_CONFIRMATION_OK"
15703,10409912993,10409913058,1,"IOTHUB_CLIENT_CONFIRMATION_OK"
15704,10409913193,10409913243,1,"IOTHUB_CLIENT_CONFIRMATION_OK"
15705,10409913393,10409913602,1,"IOTHUB_CLIENT_CONFIRMATION_OK"
15706,10409913593,10409913657,1,"IOTHUB_CLIENT_CONFIRMATION_OK"
15707,10409913794,10409913837,1,"IOTHUB_CLIENT_CONFIRMATION_OK"
15708,10409913994,10409914214,1,"IOTHUB_CLIENT_CONFIRMATION_OK"
15709,10409914194,10409914247,1,"IOTHUB_CLIENT_CONFIRMATION_OK"
15710,10409914394,10409914436,1,"IOTHUB_CLIENT_CONFIRMATION_OK"
15711,10409914594,10409914912,1,"IOTHUB_CLIENT_CONFIRMATION_OK"
15712,10409914794,10409914955,1,"IOTHUB_CLIENT_CONFIRMATION_OK"
15713,10409914995,10409915032,1,"IOTHUB_CLIENT_CONFIRMATION_OK"
15714,10409915195,10409915294,1,"IOTHUB_CLIENT_CONFIRMATION_OK"
15715,10409915395,10409915475,1,"IOTHUB_CLIENT_CONFIRMATION_OK"
15716,10409915595,10409915655,1,"IOTHUB_CLIENT_CONFIRMATION_OK"
15717,10409915795,10409915912,1,"IOTHUB_CLIENT_CONFIRMATION_OK"
15718,10409915995,10409916053,1,"IOTHUB_CLIENT_CONFIRMATION_OK"
15719,10409916195,10409916245,1,"IOTHUB_CLIENT_CONFIRMATION_OK"
15720,10409916396,10409916525,1,"IOTHUB_CLIENT_CONFIRMATION_OK"
15721,10409916596,10409916652,1,"IOTHUB_CLIENT_CONFIRMATION_OK"
15722,10409916796,10409916864,1,"IOTHUB_CLIENT_CONFIRMATION_OK"
15723,10409916996,10409917106,1,"IOTHUB_CLIENT_CONFIRMATION_OK"
15724,10409917196,10409917254,1,"IOTHUB_CLIENT_CONFIRMATION_OK"
15725,10409917396,10409917443,1,"IOTHUB_CLIENT_CONFIRMATION_OK"
15726,10409917597,10409917753,1,"IOTHUB_CLIENT_CONFIRMATION_OK"
15727,10409917797,10409917840,1,"IOTHUB_CLIENT_CONFIRMATION_OK"
15728,10409917997,10409918041,1,"IOTHUB_CLIENT_CONFIRMATION_OK"
15729,10409918197,10409918351,1,"IOTHUB_CLIENT_CONFIRMATION_OK"
15730,10409918397,10409918463,1,"IOTHUB_CLIENT_CONFIRMATION_OK"
15731,10409918597,10409918638,1,"IOTHUB_CLIENT_CONFIRMATION_OK"
15732,10409918798,10409918963,1,"IOTHUB_CLIENT_CONFIRMATION_OK"
15733,10409918998,10409919053,1,"IOTHUB_CLIENT_CONFIRMATION_OK"
15734,10409919198,10409919236,1,"IOTHUB_CLIENT_CONFIRMATION_OK"
15735,10409919398,10409919560,1,"IOTHUB_CLIENT_CONFIRMATION_OK"
15736,10409919598,10409919662,1,"IOTHUB_CLIENT_CONFIRMATION_OK"
15737,10409919798,10409919842,1,"IOTHUB_CLIENT_CONFIRMATION_OK"
15738,10409919998,10409920166,1,"IOTHUB_CLIENT_CONFIRMATION_OK"
15739,10409920199,10409920310,1,"IOTHUB_CLIENT_CONFIRMATION_OK"
15740,10409920399,10409920458,1,"IOTHUB_CLIENT_CONFIRMATION_OK"
15741,10409920599,10409920785,1,"IOTHUB_CLIENT_CONFIRMATION_OK"
15742,10409920799,10409920845,1,"IOTHUB_CLIENT_CONFIRMATION_OK"
15743,10409920999,10409921059,1,"IOTHUB_CLIENT_CONFIRMATION_OK"
15744,10409921199,10409921396,1,"IOTHUB_CLIENT_CONFIRMATION_OK"
15745,10409921400,10409921460,1,"IOTHUB_CLIENT_CONFIRMATION_OK"
15746,10409921600,10409921646,1,"IOTHUB_CLIENT_CONFIRMATION_OK"
15747,10409921800,10409921999,1,"IOTHUB_CLIENT_CONFIRMATION_OK"
15748,10409922000,10409922030,1,"IOTHUB_CLIENT_CONFIRMATION_OK"
15749,10409922200,10409922249,1,"IOTHUB_CLIENT_CONFIRMATION_OK"
15750,10409922400,10409922622,1,"IOTHUB_CLIENT_CONFIRMATION_OK"
15751,10409922600,10409922648,1,"IOTHUB_CLIENT_CONFIRMATION_OK"
15752,10409922801,10409922844,1,"IOTHUB_CLIENT_CONFIRMATION_OK"
15753,10409923001,10409923239,1,"IOTHUB_CLIENT_CONFIRMATION_OK"
15754,10409923201,10409923260,1,"IOTHUB_CLIENT_CONFIRMATION_OK"
15755,10409923401,10409923442,1,"IOTHUB_CLIENT_CONFIRMATION_OK"
15756,10409923601,10409923648,1,"IOTHUB_CLIENT_CONFIRMATION_OK"
15757,10409923801,10409923840,1,"IOTHUB_CLIENT_CONFIRMATION_OK"
15758,10409924002,10409924049,1,"IOTHUB_CLIENT_CONFIRMATION_OK"
15759,10409924202,10409924262,1,"IOTHUB_CLIENT_CONFIRMATION_OK"
15760,10409924402,10409924451,1,"IOTHUB_CLIENT_CONFIRMATION_OK"
15761,10409924602,10409924663,1,"IOTHUB_CLIENT_CONFIRMATION_OK"
15762,10409924802,10409924868,1,"IOTHUB_CLIENT_CONFIRMATION_OK"
15763,10409925002,10409925042,1,"IOTHUB_CLIENT_CONFIRMATION_OK"
15764,10409925203,10409925247,1,"IOTHUB_CLIENT_CONFIRMATION_OK"
15765,10409925403,10409925484,1,"IOTHUB_CLIENT_CONFIRMATION_OK"
15766,10409925603,10409925683,1,"IOTHUB_CLIENT_CONFIRMATION_OK"
15767,10409925803,10409925858,1,"IOTHUB_CLIENT_CONFIRMATION_OK"
15768,10409926003,10409926095,1,"IOTHUB_CLIENT_CONFIRMATION_OK"
15769,10409926203,10409926254,1,"IOTHUB_CLIENT_CONFIRMATION_OK"
15770,10409926403,10409926448,1,"IOTHUB_CLIENT_CONFIRMATION_OK"
15771,10409926604,10409926713,1,"IOTHUB_CLIENT_CONFIRMATION_OK"
15772,10409926804,10409926873,1,"IOTHUB_CLIENT_CONFIRMATION_OK"
15773,10409927004,10409927069,1,"IOTHUB_CLIENT_CONFIRMATION_OK"
15774,10409927204,10409927338,1,"IOTHUB_CLIENT_CONFIRMATION_OK"
15775,10409927404,10409927456,1,"IOTHUB_CLIENT_CONFIRMATION_OK"
15776,10409927604,10409927642,1,"IOTHUB_CLIENT_CONFIRMATION_OK"
15777,10409927805,10409928023,1,"IOTHUB_CLIENT_CONFIRMATION_OK"
15778,10409928005,10409928049,1,"IOTHUB_CLIENT_CONFIRMATION_OK"
15779,10409928205,10409928243,1,"IOTHUB_CLIENT_CONFIRMATION_OK"
15780,10409928405,10409928446,1,"IOTHUB_CLIENT_CONFIRMATION_OK"
15781,10409928605,10409928659,1,"IOTHUB_CLIENT_CONFIRMATION_OK"
15782,10409928805,10409928879,1,"IOTHUB_CLIENT_CONFIRMATION_OK"
15783,10409929005,10409929056,1,"IOTHUB_CLIENT_CONFIRMATION_OK"
15784,10409929206,10409929243,1,"IOTHUB_CLIENT_CONFIRMATION_OK"
15785,10409929406,10409929450,1,"IOTHUB_CLIENT_CONFIRMATION_OK"
15786,10409929606,10409929657,1,"IOTHUB_CLIENT_CONFIRMATION_OK"
15787,10409929806,10409929862,1,"IOTHUB_CLIENT_CONFIRMATION_OK"
15788,10409930006,10409930042,1,"IOTHUB_CLIENT_CONFIRMATION_OK"
15789,10409930206,10409930271,1,"IOTHUB_CLIENT_CONFIRMATION_OK"
15790,10409930407,10409930456,1,"IOTHUB_CLIENT_CONFIRMATION_OK"
15791,10409930607,10409930690,1,"IOTHUB_CLIENT_CONFIRMATION_OK"
15792,10409930807,10409930876,1,"IOTHUB_CLIENT_CONFIRMATION_OK"
15793,10409931007,10409931048,1,"IOTHUB_CLIENT_CONFIRMATION_OK"
15794,10409931207,10409931252,1,"IOTHUB_CLIENT_CONFIRMATION_OK"
15795,10409931407,10409931474,1,"IOTHUB_CLIENT_CONFIRMATION_OK"
15796,10409931608,10409931664,1,"IOTHUB_CLIENT_CONFIRMATION_OK"
15797,10409931808,10409931888,1,"IOTHUB_CLIENT_CONFIRMATION_OK"
15798,10409932008,10409932092,1,"IOTHUB_CLIENT_CONFIRMATION_OK"
15799,10409932208,10409932362,1,"IOTHUB_CLIENT_CONFIRMATION_OK"
15800,10409932408,10409932498,1,"IOTHUB_CLIENT_CONFIRMATION_OK"
15801,10409932608,10409932717,1,"IOTHUB_CLIENT_CONFIRMATION_OK"
15802,10409932809,10409932887,1,"IOTHUB_CLIENT_CONFIRMATION_OK"
15803,10409933009,10409933051,1,"IOTHUB_CLIENT_CONFIRMATION_OK"
15804,10409933209,10409933319,1,"IOTHUB_CLIENT_CONFIRMATION_OK"
15805,10409933409,10409933459,1,"IOTHUB_CLIENT_CONFIRMATION_OK"
15806,10409933609,10409933652,1,"IOTHUB_CLIENT_CONFIRMATION_OK"
15807,10409933809,10409933917,1,"IOTHUB_CLIENT_CONFIRMATION_OK"
15808,10409934009,10409934061,1,"IOTHUB_CLIENT_CONFIRMATION_OK"
15809,10409934210,10409934317,1,"IOTHUB_CLIENT_CONFIRMATION_OK"
15810,10409934410,10409934548,1,"IOTHUB_CLIENT_CONFIRMATION_OK"
15811,10409934610,10409934654,1,"IOTHUB_CLIENT_CONFIRMATION_OK"
15812,10409934810,10409934856,1,"IOTHUB_CLIENT_CONFIRMATION_OK"
15813,10409935010,10409935163,1,"IOTHUB_CLIENT_CONFIRMATION_OK"
15814,10409935210,10409935270,1,"IOTHUB_CLIENT_CONFIRMATION_OK"
15815,10409935411,10409935461,1,"IOTHUB_CLIENT_CONFIRMATION_OK"
15816,10409935611,10409935768,1,"IOTHUB_CLIENT_CONFIRMATION_OK"
15817,10409935811,10409935862,1,"IOTHUB_CLIENT_CONFIRMATION_OK"
15818,10409936011,10409936074,1,"IOTHUB_CLIENT_CONFIRMATION_OK"
15819,10409936211,10409936386,1,"IOTHUB_CLIENT_CONFIRMATION_OK"
15820,10409936411,10409936480,1,"IOTHUB_CLIENT_CONFIRMATION_OK"
15821,10409936612,10409936675,1,"IOTHUB_CLIENT_CONFIRMATION_OK"
15822,10409936812,10409937002,1,"IOTHUB_CLIENT_CONFIRMATION_OK"
15823,10409937012,10409937065,1,"IOTHUB_CLIENT_CONFIRMATION_OK"
15824,10409937212,10409937277,1,"IOTHUB_CLIENT_CONFIRMATION_OK"
15825,10409937412,10409937615,1,"IOTHUB_CLIENT_CONFIRMATION_OK"
15826,10409937612,10409937656,1,"IOTHUB_CLIENT_CONFIRMATION_OK"
15827,10409937812,10409937855,1,"IOTHUB_CLIENT_CONFIRMATION_OK"
15828,10409938013,10409938219,1,"IOTHUB_CLIENT_CONFIRMATION_OK"
15829,10409938213,10409938298,1,"IOTHUB_CLIENT_CONFIRMATION_OK"
15830,10409938413,10409938463,1,"IOTHUB_CLIENT_CONFIRMATION_OK"
15831,10409938613,10409938677,1,"IOTHUB_CLIENT_CONFIRMATION_OK"
15832,10409938813,10409938854,1,"IOTHUB_CLIENT_CONFIRMATION_OK"
15833,10409939013,10409939083,1,"IOTHUB_CLIENT_CONFIRMATION_OK"
15834,10409939214,10409939255,1,"IOTHUB_CLIENT_CONFIRMATION_OK"
15835,10409939414,10409939467,1,"IOTHUB_CLIENT_CONFIRMATION_OK"
15836,10409939614,10409939674,1,"IOTHUB_CLIENT_CONFIRMATION_OK"
15837,10409939814,10409939886,1,"IOTHUB_CLIENT_CONFIRMATION_OK"
15838,10409940014,10409940057,1,"IOTHUB_CLIENT_CONFIRMATION_OK"
15839,10409940214,10409940345,1,"IOTHUB_CLIENT_CONFIRMATION_OK"
15840,10409940414,10409940561,1,"IOTHUB_CLIENT_CONFIRMATION_OK"
15841,10409940615,10409940663,1,"IOTHUB_CLIENT_CONFIRMATION_OK"
15842,10409940815,10409940862,1,"IOTHUB_CLIENT_CONFIRMATION_OK"
15843,10409941015,10409941179,1,"IOTHUB_CLIENT_CONFIRMATION_OK"
15844,10409941215,10409941260,1,"IOTHUB_CLIENT_CONFIRMATION_OK"
15845,10409941415,10409941478,1,"IOTHUB_CLIENT_CONFIRMATION_OK"
15846,10409941615,10409941781,1,"IOTHUB_CLIENT_CONFIRMATION_OK"
15847,10409941816,10409941906,1,"IOTHUB_CLIENT_CONFIRMATION_OK"
15848,10409942016,10409942062,1,"IOTHUB_CLIENT_CONFIRMATION_OK"
15849,10409942216,10409942394,1,"IOTHUB_CLIENT_CONFIRMATION_OK"
15850,10409942416,10409942468,1,"IOTHUB_CLIENT_CONFIRMATION_OK"
15851,10409942616,10409942693,1,"IOTHUB_CLIENT_CONFIRMATION_OK"
15852,10409942816,10409943007,1,"IOTHUB_CLIENT_CONFIRMATION_OK"
15853,10409943016,10409943066,1,"IOTHUB_CLIENT_CONFIRMATION_OK"
15854,10409943217,10409943255,1,"IOTHUB_CLIENT_CONFIRMATION_OK"
15855,10409943417,10409943604,1,"IOTHUB_CLIENT_CONFIRMATION_OK"
15856,10409943617,10409943688,1,"IOTHUB_CLIENT_CONFIRMATION_OK"
15857,10409943817,10409943871,1,"IOTHUB_CLIENT_CONFIRMATION_OK"
15858,10409944017,10409944228,1,"IOTHUB_CLIENT_CONFIRMATION_OK"
15859,10409944217,10409944273,1,"IOTHUB_CLIENT_CONFIRMATION_OK"
15860,10409944418,10409944475,1,"IOTHUB_CLIENT_CONFIRMATION_OK"
15861,10409944618,10409944678,1,"IOTHUB_CLIENT_CONFIRMATION_OK"
15862,10409944818,10409944867,1,"IOTHUB_CLIENT_CONFIRMATION_OK"
15863,10409945018,10409945075,1,"IOTHUB_CLIENT_CONFIRMATION_OK"
15864,10409945218,10409945256,1,"IOTHUB_CLIENT_CONFIRMATION_OK"
15865,10409945418,10409945458,1,"IOTHUB_CLIENT_CONFIRMATION_OK"
15866,10409945619,10409945668,1,"IOTHUB_CLIENT_CONFIRMATION_OK"
15867,10409945819,10409945867,1,"IOTHUB_CLIENT_CONFIRMATION_OK"
15868,10409946019,10409946072,1,"IOTHUB_CLIENT_CONFIRMATION_OK"
15869,10409946219,10409946276,1,"IOTHUB_CLIENT_CONFIRMATION_OK"
15870,10409946419,10409946466,1,"IOTHUB_CLIENT_CONFIRMATION_OK"
15871,10409946619,10409946665,1,"IOTHUB_CLIENT_CONFIRMATION_OK"
15872,10409946819,10409946954,1,"IOTHUB_CLIENT_CONFIRMATION_OK"
15873,10409947020,10409947076,1,"IOTHUB_CLIENT_CONFIRMATION_OK"
15874,10409947220,10409947269,1,"IOTHUB_CLIENT_CONFIRMATION_OK"
15875,10409947420,10409947472,1,"IOTHUB_CLIENT_CONFIRMATION_OK"
15876,10409947620,10409947693,1,"IOTHUB_CLIENT_CONFIRMATION_OK"
15877,10409947820,10409947871,1,"IOTHUB_CLIENT_CONFIRMATION_OK"
15878,10409948020,10409948067,1,"IOTHUB_CLIENT_CONFIRMATION_OK"
15879,10409948221,10409948292,1,"IOTHUB_CLIENT_CONFIRMATION_OK"
15880,10409948421,10409948469,1,"IOTHUB_CLIENT_CONFIRMATION_OK"
15881,10409948621,10409948675,1,"IOTHUB_CLIENT_CONFIRMATION_OK"
15882,10409948821,10409949009,1,"IOTHUB_CLIENT_CONFIRMATION_OK"
15883,10409949021,10409949067,1,"IOTHUB_CLIENT_CONFIRMATION_OK"
15884,10409949221,10409949278,1,"IOTHUB_CLIENT_CONFIRMATION_OK"
15885,10409949421,10409949556,1,"IOTHUB_CLIENT_CONFIRMATION_OK"
15886,10409949622,10409949693,1,"IOTHUB_CLIENT_CONFIRMATION_OK"
15887,10409949822,10409949877,1,"IOTHUB_CLIENT_CONFIRMATION_OK"
15888,10409950022,10409950167,1,"IOTHUB_CLIENT_CONFIRMATION_OK"
15889,10409950222,10409950271,1,"IOTHUB_CLIENT_CONFIRMATION_OK"
15890,10409950422,10409950494,1,"IOTHUB_CLIENT_CONFIRMATION_OK"
15891,10409950622,10409950786,1,"IOTHUB_CLIENT_CONFIRMATION_OK"
15892,10409950823,10409950873,1,"IOTHUB_CLIENT_CONFIRMATION_OK"
15893,10409951023,10409951063,1,"IOTHUB_CLIENT_CONFIRMATION_OK"
15894,10409951223,10409951412,1,"IOTHUB_CLIENT_CONFIRMATION_OK"
15895,10409951423,10409951473,1,"IOTHUB_CLIENT_CONFIRMATION_OK"
15896,10409951623,10409951664,1,"IOTHUB_CLIENT_CONFIRMATION_OK"
15897,10409951823,10409952025,1,"IOTHUB_CLIENT_CONFIRMATION_OK"
15898,10409952023,10409952073,1,"IOTHUB_CLIENT_CONFIRMATION_OK"
15899,10409952224,10409952273,1,"IOTHUB_CLIENT_CONFIRMATION_OK"
15900,10409952424,10409952640,1,"IOTHUB_CLIENT_CONFIRMATION_OK"
15901,10409952624,10409952696,1,"IOTHUB_CLIENT_CONFIRMATION_OK"
15902,10409952824,10409952887,1,"IOTHUB_CLIENT_CONFIRMATION_OK"
15903,10409953024,10409953245,1,"IOTHUB_CLIENT_CONFIRMATION_OK"
15904,10409953224,10409953302,1,"IOTHUB_CLIENT_CONFIRMATION_OK"
15905,10409953425,10409953458,1,"IOTHUB_CLIENT_CONFIRMATION_OK"
15906,10409953625,10409953757,1,"IOTHUB_CLIENT_CONFIRMATION_OK"
15907,10409953825,10409953872,1,"IOTHUB_CLIENT_CONFIRMATION_OK"
15908,10409954025,10409954105,1,"IOTHUB_CLIENT_CONFIRMATION_OK"
15909,10409954225,10409954273,1,"IOTHUB_CLIENT_CONFIRMATION_OK"
15910,10409954425,10409954465,1,"IOTHUB_CLIENT_CONFIRMATION_OK"
15911,10409954626,10409954691,1,"IOTHUB_CLIENT_CONFIRMATION_OK"
15912,10409954826,10409954886,1,"IOTHUB_CLIENT_CONFIRMATION_OK"
15913,10409955026,10409955082,1,"IOTHUB_CLIENT_CONFIRMATION_OK"
15914,10409955226,10409955282,1,"IOTHUB_CLIENT_CONFIRMATION_OK"
15915,10409955426,10409955478,1,"IOTHUB_CLIENT_CONFIRMATION_OK"
15916,10409955626,10409955678,1,"IOTHUB_CLIENT_CONFIRMATION_OK"
15917,10409955827,10409955878,1,"IOTHUB_CLIENT_CONFIRMATION_OK"
15918,10409956027,10409956104,1,"IOTHUB_CLIENT_CONFIRMATION_OK"
15919,10409956227,10409956270,1,"IOTHUB_CLIENT_CONFIRMATION_OK"
15920,10409956427,10409956486,1,"IOTHUB_CLIENT_CONFIRMATION_OK"
15921,10409956627,10409956691,1,"IOTHUB_CLIENT_CONFIRMATION_OK"
15922,10409956827,10409956906,1,"IOTHUB_CLIENT_CONFIRMATION_OK"
15923,10409957027,10409957090,1,"IOTHUB_CLIENT_CONFIRMATION_OK"
15924,10409957228,10409957296,1,"IOTHUB_CLIENT_CONFIRMATION_OK"
15925,10409957428,10409957474,1,"IOTHUB_CLIENT_CONFIRMATION_OK"
15926,10409957628,10409957673,1,"IOTHUB_CLIENT_CONFIRMATION_OK"
15927,10409957828,10409957930,1,"IOTHUB_CLIENT_CONFIRMATION_OK"
15928,10409958028,10409958074,1,"IOTHUB_CLIENT_CONFIRMATION_OK"
15929,10409958228,10409958289,1,"IOTHUB_CLIENT_CONFIRMATION_OK"
15930,10409958428,10409958547,1,"IOTHUB_CLIENT_CONFIRMATION_OK"
15931,10409958629,10409958717,1,"IOTHUB_CLIENT_CONFIRMATION_OK"
15932,10409958829,10409958897,1,"IOTHUB_CLIENT_CONFIRMATION_OK"
15933,10409959029,10409959161,1,"IOTHUB_CLIENT_CONFIRMATION_OK"
15934,10409959229,10409959287,1,"IOTHUB_CLIENT_CONFIRMATION_OK"
15935,10409959429,10409959491,1,"IOTHUB_CLIENT_CONFIRMATION_OK"
15936,10409959629,10409959766,1,"IOTHUB_CLIENT_CONFIRMATION_OK"
15937,10409959830,10409959898,1,"IOTHUB_CLIENT_CONFIRMATION_OK"
15938,10409960030,10409960121,1,"IOTHUB_CLIENT_CONFIRMATION_OK"
15939,10409960230,10409960366,1,"IOTHUB_CLIENT_CONFIRMATION_OK"
15940,10409960430,10409960478,1,"IOTHUB_CLIENT_CONFIRMATION_OK"
15941,10409960630,10409960703,1,"IOTHUB_CLIENT_CONFIRMATION_OK"
15942,10409960830,10409961055,1,"IOTHUB_CLIENT_CONFIRMATION_OK"
15943,10409961030,10409961117,1,"IOTHUB_CLIENT_CONFIRMATION_OK"
15944,10409961231,10409961278,1,"IOTHUB_CLIENT_CONFIRMATION_OK"
15945,10409961431,10409961599,1,"IOTHUB_CLIENT_CONFIRMATION_OK"
15946,10409961631,10409961684,1,"IOTHUB_CLIENT_CONFIRMATION_OK"
15947,10409961831,10409961892,1,"IOTHUB_CLIENT_CONFIRMATION_OK"
15948,10409962031,10409962198,1,"IOTHUB_CLIENT_CONFIRMATION_OK"
15949,10409962231,10409962292,1,"IOTHUB_CLIENT_CONFIRMATION_OK"
15950,10409962432,10409962475,1,"IOTHUB_CLIENT_CONFIRMATION_OK"
15951,10409962632,10409962841,1,"IOTHUB_CLIENT_CONFIRMATION_OK"
15952,10409962832,10409962901,1,"IOTHUB_CLIENT_CONFIRMATION_OK"
15953,10409963032,10409963080,1,"IOTHUB_CLIENT_CONFIRMATION_OK"
15954,10409963232,10409963293,1,"IOTHUB_CLIENT_CONFIRMATION_OK"
15955,10409963432,10409963498,1,"IOTHUB_CLIENT_CONFIRMATION_OK"
15956,10409963633,10409963669,1,"IOTHUB_CLIENT_CONFIRMATION_OK"
15957,10409963833,10409963887,1,"IOTHUB_CLIENT_CONFIRMATION_OK"
15958,10409964033,10409964083,1,"IOTHUB_CLIENT_CONFIRMATION_OK"
15959,10409964233,10409964299,1,"IOTHUB_CLIENT_CONFIRMATION_OK"
15960,10409964433,10409964482,1,"IOTHUB_CLIENT_CONFIRMATION_OK"
15961,10409964633,10409964686,1,"IOTHUB_CLIENT_CONFIRMATION_OK"
15962,10409964833,10409964894,1,"IOTHUB_CLIENT_CONFIRMATION_OK"
15963,10409965034,10409965086,1,"IOTHUB_CLIENT_CONFIRMATION_OK"
15964,10409965234,10409965274,1,"IOTHUB_CLIENT_CONFIRMATION_OK"
15965,10409965434,10409965488,1,"IOTHUB_CLIENT_CONFIRMATION_OK"
15966,10409965634,10409965751,1,"IOTHUB_CLIENT_CONFIRMATION_OK"
15967,10409965834,10409965912,1,"IOTHUB_CLIENT_CONFIRMATION_OK"
15968,10409966034,10409966097,1,"IOTHUB_CLIENT_CONFIRMATION_OK"
15969,10409966235,10409966316,1,"IOTHUB_CLIENT_CONFIRMATION_OK"
15970,10409966435,10409966470,1,"IOTHUB_CLIENT_CONFIRMATION_OK"
15971,10409966635,10409966689,1,"IOTHUB_CLIENT_CONFIRMATION_OK"
15972,10409966835,10409966937,1,"IOTHUB_CLIENT_CONFIRMATION_OK"
15973,10409967035,10409967076,1,"IOTHUB_CLIENT_CONFIRMATION_OK"
15974,10409967235,10409967298,1,"IOTHUB_CLIENT_CONFIRMATION_OK"
15975,10409967436,10409967569,1,"IOTHUB_CLIENT_CONFIRMATION_OK"
15976,10409967636,10409967676,1,"IOTHUB_CLIENT_CONFIRMATION_OK"
15977,10409967836,10409967897,1,"IOTHUB_CLIENT_CONFIRMATION_OK"
15978,10409968036,10409968178,1,"IOTHUB_CLIENT_CONFIRMATION_OK"
15979,10409968236,10409968286,1,"IOTHUB_CLIENT_CONFIRMATION_OK"
15980,10409968436,10409968519,1,"IOTHUB_CLIENT_CONFIRMATION_OK"
15981,10409968636,10409968805,1,"IOTHUB_CLIENT_CONFIRMATION_OK"
15982,10409968837,10409968885,1,"IOTHUB_CLIENT_CONFIRMATION_OK"
15983,10409969037,10409969087,1,"IOTHUB_CLIENT_CONFIRMATION_OK"
15984,10409969237,10409969412,1,"IOTHUB_CLIENT_CONFIRMATION_OK"
15985,10409969437,10409969476,1,"IOTHUB_CLIENT_CONFIRMATION_OK"
15986,10409969637,10409969714,1,"IOTHUB_CLIENT_CONFIRMATION_OK"
15987,10409969837,10409969896,1,"IOTHUB_CLIENT_CONFIRMATION_OK"
15988,10409970038,10409970100,1,"IOTHUB_CLIENT_CONFIRMATION_OK"
15989,10409970238,10409970331,1,"IOTHUB_CLIENT_CONFIRMATION_OK"
15990,10409970438,10409970489,1,"IOTHUB_CLIENT_CONFIRMATION_OK"
15991,10409970638,10409970729,1,"IOTHUB_CLIENT_CONFIRMATION_OK"
15992,10409970838,10409970881,1,"IOTHUB_CLIENT_CONFIRMATION_OK"
15993,10409971038,10409971080,1,"IOTHUB_CLIENT_CONFIRMATION_OK"
15994,10409971238,10409971343,1,"IOTHUB_CLIENT_CONFIRMATION_OK"
15995,10409971439,10409971491,1,"IOTHUB_CLIENT_CONFIRMATION_OK"
15996,10409971639,10409971708,1,"IOTHUB_CLIENT_CONFIRMATION_OK"
15997,10409971839,10409971893,1,"IOTHUB_CLIENT_CONFIRMATION_OK"
15998,10409972039,10409972103,1,"IOTHUB_CLIENT_CONFIRMATION_OK"
15999,10409972239,10409972373,1,"IOTHUB_CLIENT_CONFIRMATION_OK"
16000,10409972439,10409972483,1,"IOTHUB_CLIENT_CONFIRMATION_OK"
16001,10409972640,10409972703,1,"IOTHUB_CLIENT_CONFIRMATION_OK"
16002,10409972840,10409972960,1,"IOTHUB_CLIENT_CONFIRMATION_OK"
16003,10409973040,10409973096,1,"IOTHUB_CLIENT_CONFIRMATION_OK"
16004,10409973240,10409973292,1,"IOTHUB_CLIENT_CONFIRMATION_OK"
16005,10409973440,10409973557,1,"IOTHUB_CLIENT_CONFIRMATION_OK"
16006,10409973640,10409973684,1,"IOTHUB_CLIENT_CONFIRMATION_OK"
16007,10409973841,10409973896,1,"IOTHUB_CLIENT_CONFIRMATION_OK"
16008,10409974041,10409974156,1,"IOTHUB_CLIENT_CONFIRMATION_OK"
16009,10409974241,10409974282,1,"IOTHUB_CLIENT_CONFIRMATION_OK"
16010,10409974441,10409974560,1,"IOTHUB_CLIENT_CONFIRMATION_OK"
16011,10409974641,10409974786,1,"IOTHUB_CLIENT_CONFIRMATION_OK"
16012,10409974841,10409974892,1,"IOTHUB_CLIENT_CONFIRMATION_OK"
16013,10409975041,10409975119,1,"IOTHUB_CLIENT_CONFIRMATION_OK"
16014,10409975242,10409975379,1,"IOTHUB_CLIENT_CONFIRMATION_OK"
16015,10409975442,10409975480,1,"IOTHUB_CLIENT_CONFIRMATION_OK"
16016,10409975642,10409975675,1,"IOTHUB_CLIENT_CONFIRMATION_OK"
16017,10409975842,10409975980,1,"IOTHUB_CLIENT_CONFIRMATION_OK"
16018,10409976042,10409976081,1,"IOTHUB_CLIENT_CONFIRMATION_OK"
16019,10409976242,10409976313,1,"IOTHUB_CLIENT_CONFIRMATION_OK"
16020,10409976443,10409976626,1,"IOTHUB_CLIENT_CONFIRMATION_OK"
16021,10409976643,10409976697,1,"IOTHUB_CLIENT_CONFIRMATION_OK"
16022,10409976843,10409976910,1,"IOTHUB_CLIENT_CONFIRMATION_OK"
16023,10409977043,10409977202,1,"IOTHUB_CLIENT_CONFIRMATION_OK"
16024,10409977243,10409977294,1,"IOTHUB_CLIENT_CONFIRMATION_OK"
16025,10409977443,10409977504,1,"IOTHUB_CLIENT_CONFIRMATION_OK"
16026,10409977644,10409977833,1,"IOTHUB_CLIENT_CONFIRMATION_OK"
16027,10409977844,10409977907,1,"IOTHUB_CLIENT_CONFIRMATION_OK"
16028,10409978044,10409978114,1,"IOTHUB_CLIENT_CONFIRMATION_OK"
16029,10409978244,10409978420,1,"IOTHUB_CLIENT_CONFIRMATION_OK"
16030,10409978444,10409978493,1,"IOTHUB_CLIENT_CONFIRMATION_OK"
16031,10409978644,10409978703,1,"IOTHUB_CLIENT_CONFIRMATION_OK"
16032,10409978844,10409978911,1,"IOTHUB_CLIENT_CONFIRMATION_OK"
16033,10409979045,10409979173,1,"IOTHUB_CLIENT_CONFIRMATION_OK"
16034,10409979245,10409979319,1,"IOTHUB_CLIENT_CONFIRMATION_OK"
16035,10409979445,10409979492,1,"IOTHUB_CLIENT_CONFIRMATION_OK"
16036,10409979645,10409979703,1,"IOTHUB_CLIENT_CONFIRMATION_OK"
16037,10409979845,10409979906,1,"IOTHUB_CLIENT_CONFIRMATION_OK"
16038,10409980045,10409980100,1,"IOTHUB_CLIENT_CONFIRMATION_OK"
16039,10409980246,10409980291,1,"IOTHUB_CLIENT_CONFIRMATION_OK"
16040,10409980446,10409980506,1,"IOTHUB_CLIENT_CONFIRMATION_OK"
16041,10409980646,10409980693,1,"IOTHUB_CLIENT_CONFIRMATION_OK"
16042,10409980846,10409980891,1,"IOTHUB_CLIENT_CONFIRMATION_OK"
16043,10409981046,10409981101,1,"IOTHUB_CLIENT_CONFIRMATION_OK"
16044,10409981246,10409981292,1,"IOTHUB_CLIENT_CONFIRMATION_OK"
16045,10409981447,10409981513,1,"IOTHUB_CLIENT_CONFIRMATION_OK"
16046,10409981647,10409981697,1,"IOTHUB_CLIENT_CONFIRMATION_OK"
16047,10409981847,10409981888,1,"IOTHUB_CLIENT_CONFIRMATION_OK"
16048,10409982047,10409982106,1,"IOTHUB_CLIENT_CONFIRMATION_OK"
16049,10409982247,10409982290,1,"IOTHUB_CLIENT_CONFIRMATION_OK"
16050,10409982447,10409982516,1,"IOTHUB_CLIENT_CONFIRMATION_OK"
16051,10409982647,10409982685,1,"IOTHUB_CLIENT_CONFIRMATION_OK"
16052,10409982848,10409982903,1,"IOTHUB_CLIENT_CONFIRMATION_OK"
16053,10409983048,10409983138,1,"IOTHUB_CLIENT_CONFIRMATION_OK"
16054,10409983248,10409983309,1,"IOTHUB_CLIENT_CONFIRMATION_OK"
16055,10409983448,10409983489,1,"IOTHUB_CLIENT_CONFIRMATION_OK"
16056,10409983648,10409983749,1,"IOTHUB_CLIENT_CONFIRMATION_OK"
16057,10409983848,10409983900,1,"IOTHUB_CLIENT_CONFIRMATION_OK"
16058,10409984049,10409984089,1,"IOTHUB_CLIENT_CONFIRMATION_OK"
16059,10409984249,10409984353,1,"IOTHUB_CLIENT_CONFIRMATION_OK"
16060,10409984449,10409984505,1,"IOTHUB_CLIENT_CONFIRMATION_OK"
16061,10409984649,10409984704,1,"IOTHUB_CLIENT_CONFIRMATION_OK"
16062,10409984849,10409984975,1,"IOTHUB_CLIENT_CONFIRMATION_OK"
16063,10409985049,10409985124,1,"IOTHUB_CLIENT_CONFIRMATION_OK"
16064,10409985250,10409985297,1,"IOTHUB_CLIENT_CONFIRMATION_OK"
16065,10409985450,10409985581,1,"IOTHUB_CLIENT_CONFIRMATION_OK"
16066,10409985650,10409985699,1,"IOTHUB_CLIENT_CONFIRMATION_OK"
16067,10409985850,10409985943,1,"IOTHUB_CLIENT_CONFIRMATION_OK"
16068,10409986050,10409986226,1,"IOTHUB_CLIENT_CONFIRMATION_OK"
16069,10409986250,10409986296,1,"IOTHUB_CLIENT_CONFIRMATION_OK"
16070,10409986451,10409986522,1,"IOTHUB_CLIENT_CONFIRMATION_OK"
16071,10409986651,10409986790,1,"IOTHUB_CLIENT_CONFIRMATION_OK"
16072,10409986851,10409986940,1,"IOTHUB_CLIENT_CONFIRMATION_OK"
16073,10409987051,10409987114,1,"IOTHUB_CLIENT_CONFIRMATION_OK"
16074,10409987251,10409987421,1,"IOTHUB_CLIENT_CONFIRMATION_OK"
16075,10409987451,10409987496,1,"IOTHUB_CLIENT_CONFIRMATION_OK"
16076,10409987652,10409987694,1,"IOTHUB_CLIENT_CONFIRMATION_OK"
16077,10409987852,10409988069,1,"IOTHUB_CLIENT_CONFIRMATION_OK"
16078,10409988052,10409988100,1,"IOTHUB_CLIENT_CONFIRMATION_OK"
16079,10409988252,10409988297,1,"IOTHUB_CLIENT_CONFIRMATION_OK"
16080,10409988452,10409988495,1,"IOTHUB_CLIENT_CONFIRMATION_OK"
16081,10409988652,10409988707,1,"IOTHUB_CLIENT_CONFIRMATION_OK"
16082,10409988852,10409988939,1,"IOTHUB_CLIENT_CONFIRMATION_OK"
16083,10409989053,10409989103,1,"IOTHUB_CLIENT_CONFIRMATION_OK"
16084,10409989253,10409989310,1,"IOTHUB_CLIENT_CONFIRMATION_OK"
16085,10409989453,10409989491,1,"IOTHUB_CLIENT_CONFIRMATION_OK"
16086,10409989653,10409989693,1,"IOTHUB_CLIENT_CONFIRMATION_OK"
16087,10409989853,10409989908,1,"IOTHUB_CLIENT_CONFIRMATION_OK"
16088,10409990053,10409990104,1,"IOTHUB_CLIENT_CONFIRMATION_OK"
16089,10409990254,10409990339,1,"IOTHUB_CLIENT_CONFIRMATION_OK"
16090,10409990454,10409990504,1,"IOTHUB_CLIENT_CONFIRMATION_OK"
16091,10409990654,10409990718,1,"IOTHUB_CLIENT_CONFIRMATION_OK"
16092,10409990854,10409990999,1,"IOTHUB_CLIENT_CONFIRMATION_OK"
16093,10409991054,10409991126,1,"IOTHUB_CLIENT_CONFIRMATION_OK"
16094,10409991254,10409991307,1,"IOTHUB_CLIENT_CONFIRMATION_OK"
16095,10409991454,10409991613,1,"IOTHUB_CLIENT_CONFIRMATION_OK"
16096,10409991655,10409991695,1,"IOTHUB_CLIENT_CONFIRMATION_OK"
16097,10409991855,10409991933,1,"IOTHUB_CLIENT_CONFIRMATION_OK"
16098,10409992055,10409992132,1,"IOTHUB_CLIENT_CONFIRMATION_OK"
16099,10409992255,10409992301,1,"IOTHUB_CLIENT_CONFIRMATION_OK"
16100,10409992455,10409992497,1,"IOTHUB_CLIENT_CONFIRMATION_OK"
16101,10409992655,10409992703,1,"IOTHUB_CLIENT_CONFIRMATION_OK"
16102,10409992855,10409992910,1,"IOTHUB_CLIENT_CONFIRMATION_OK"
16103,10409993056,10409993107,1,"IOTHUB_CLIENT_CONFIRMATION_OK"
16104,10409993256,10409993295,1,"IOTHUB_CLIENT_CONFIRMATION_OK"
16105,10409993456,10409993504,1,"IOTHUB_CLIENT_CONFIRMATION_OK"
16106,10409993656,10409993695,1,"IOTHUB_CLIENT_CONFIRMATION_OK"
16107,10409993856,10409993912,1,"IOTHUB_CLIENT_CONFIRMATION_OK"
16108,10409994056,10409994095,1,"IOTHUB_CLIENT_CONFIRMATION_OK"
16109,10409994257,10409994311,1,"IOTHUB_CLIENT_CONFIRMATION_OK"
16110,10409994457,10409994508,1,"IOTHUB_CLIENT_CONFIRMATION_OK"
16111,10409994657,10409994705,1,"IOTHUB_CLIENT_CONFIRMATION_OK"
16112,10409994857,10409994904,1,"IOTHUB_CLIENT_CONFIRMATION_OK"
16113,10409995057,10409995127,1,"IOTHUB_CLIENT_CONFIRMATION_OK"
16114,10409995257,10409995339,1,"IOTHUB_CLIENT_CONFIRMATION_OK"
16115,10409995457,10409995505,1,"IOTHUB_CLIENT_CONFIRMATION_OK"
16116,10409995658,10409995734,1,"IOTHUB_CLIENT_CONFIRMATION_OK"
16117,10409995858,10409995912,1,"IOTHUB_CLIENT_CONFIRMATION_OK"
16118,10409996058,10409996134,1,"IOTHUB_CLIENT_CONFIRMATION_OK"
16119,10409996258,10409996346,1,"IOTHUB_CLIENT_CONFIRMATION_OK"
16120,10409996458,10409996510,1,"IOTHUB_CLIENT_CONFIRMATION_OK"
16121,10409996658,10409996710,1,"IOTHUB_CLIENT_CONFIRMATION_OK"
16122,10409996858,10409996946,1,"IOTHUB_CLIENT_CONFIRMATION_OK"
16123,10409997059,10409997116,1,"IOTHUB_CLIENT_CONFIRMATION_OK"
16124,10409997259,10409997324,1,"IOTHUB_CLIENT_CONFIRMATION_OK"
16125,10409997459,10409997553,1,"IOTHUB_CLIENT_CONFIRMATION_OK"
16126,10409997659,10409997698,1,"IOTHUB_CLIENT_CONFIRMATION_OK"
16127,10409997859,10409997910,1,"IOTHUB_CLIENT_CONFIRMATION_OK"
16128,10409998059,10409998173,1,"IOTHUB_CLIENT_CONFIRMATION_OK"
16129,10409998260,10409998301,1,"IOTHUB_CLIENT_CONFIRMATION_OK"
16130,10409998460,10409998500,1,"IOTHUB_CLIENT_CONFIRMATION_OK"
16131,10409998660,10409998779,1,"IOTHUB_CLIENT_CONFIRMATION_OK"
16132,10409998860,10409998916,1,"IOTHUB_CLIENT_CONFIRMATION_OK"
16133,10409999060,10409999104,1,"IOTHUB_CLIENT_CONFIRMATION_OK"
16134,10409999260,10409999313,1,"IOTHUB_CLIENT_CONFIRMATION_OK"
16135,10409999461,10409999496,1,"IOTHUB_CLIENT_CONFIRMATION_OK"
16136,10409999661,10409999701,1,"IOTHUB_CLIENT_CONFIRMATION_OK"
16137,10409999861,10409999941,1,"IOTHUB_CLIENT_CONFIRMATION_OK"
16138,10410000061,10410000098,1,"IOTHUB_CLIENT_CONFIRMATION_OK"
16139,10410000261,10410000300,1,"IOTHUB_CLIENT_CONFIRMATION_OK"
16140,10410000461,10410000522,1,"IOTHUB_CLIENT_CONFIRMATION_OK"
16141,10410000661,10410000706,1,"IOTHUB_CLIENT_CONFIRMATION_OK"
16142,10410000862,10410000911,1,"IOTHUB_CLIENT_CONFIRMATION_OK"
16143,10410001062,10410001109,1,"IOTHUB_CLIENT_CONFIRMATION_OK"
16144,10410001262,10410001353,1,"IOTHUB_CLIENT_CONFIRMATION_OK"
16145,10410001462,10410001499,1,"IOTHUB_CLIENT_CONFIRMATION_OK"
16146,10410001662,10410001710,1,"IOTHUB_CLIENT_CONFIRMATION_OK"
16147,10410001862,10410001908,1,"IOTHUB_CLIENT_CONFIRMATION_OK"
16148,10410002063,10410002106,1,"IOTHUB_CLIENT_CONFIRMATION_OK"
16149,10410002263,10410002325,1,"IOTHUB_CLIENT_CONFIRMATION_OK"
16150,10410002463,10410002530,1,"IOTHUB_CLIENT_CONFIRMATION_OK"
16151,10410002663,10410002722,1,"IOTHUB_CLIENT_CONFIRMATION_OK"
16152,10410002863,10410002946,1,"IOTHUB_CLIENT_CONFIRMATION_OK"
16153,10410003063,10410003129,1,"IOTHUB_CLIENT_CONFIRMATION_OK"
16154,10410003264,10410003316,1,"IOTHUB_CLIENT_CONFIRMATION_OK"
16155,10410003464,10410003521,1,"IOTHUB_CLIENT_CONFIRMATION_OK"
16156,10410003664,10410003711,1,"IOTHUB_CLIENT_CONFIRMATION_OK"
16157,10410003864,10410003921,1,"IOTHUB_CLIENT_CONFIRMATION_OK"
16158,10410004064,10410004134,1,"IOTHUB_CLIENT_CONFIRMATION_OK"
16159,10410004264,10410004328,1,"IOTHUB_CLIENT_CONFIRMATION_OK"
16160,10410004465,10410004545,1,"IOTHUB_CLIENT_CONFIRMATION_OK"
16161,10410004665,10410004771,1,"IOTHUB_CLIENT_CONFIRMATION_OK"
16162,10410004865,10410004913,1,"IOTHUB_CLIENT_CONFIRMATION_OK"
16163,10410005065,10410005133,1,"IOTHUB_CLIENT_CONFIRMATION_OK"
16164,10410005265,10410005317,1,"IOTHUB_CLIENT_CONFIRMATION_OK"
16165,10410005465,10410005521,1,"IOTHUB_CLIENT_CONFIRMATION_OK"
16166,10410005665,10410005738,1,"IOTHUB_CLIENT_CONFIRMATION_OK"
16167,10410005866,10410005899,1,"IOTHUB_CLIENT_CONFIRMATION_OK"
16168,10410006066,10410006114,1,"IOTHUB_CLIENT_CONFIRMATION_OK"
16169,10410006266,10410006337,1,"IOTHUB_CLIENT_CONFIRMATION_OK"
16170,10410006466,10410006517,1,"IOTHUB_CLIENT_CONFIRMATION_OK"
16171,10410006666,10410006729,1,"IOTHUB_CLIENT_CONFIRMATION_OK"
16172,10410006866,10410006899,1,"IOTHUB_CLIENT_CONFIRMATION_OK"
16173,10410007067,10410007121,1,"IOTHUB_CLIENT_CONFIRMATION_OK"
16174,10410007267,10410007323,1,"IOTHUB_CLIENT_CONFIRMATION_OK"
16175,10410007467,10410007509,1,"IOTHUB_CLIENT_CONFIRMATION_OK"
16176,10410007667,10410007726,1,"IOTHUB_CLIENT_CONFIRMATION_OK"
16177,10410007867,10410007922,1,"IOTHUB_CLIENT_CONFIRMATION_OK"
16178,10410008067,10410008135,1,"IOTHUB_CLIENT_CONFIRMATION_OK"
16179,10410008268,10410008322,1,"IOTHUB_CLIENT_CONFIRMATION_OK"
16180,10410008468,10410008512,1,"IOTHUB_CLIENT_CONFIRMATION_OK"
16181,10410008668,10410008758,1,"IOTHUB_CLIENT_CONFIRMATION_OK"
16182,10410008868,10410008976,1,"IOTHUB_CLIENT_CONFIRMATION_OK"
16183,10410009068,10410009121,1,"IOTHUB_CLIENT_CONFIRMATION_OK"
16184,10410009268,10410009324,1,"IOTHUB_CLIENT_CONFIRMATION_OK"
16185,10410009468,10410009558,1,"IOTHUB_CLIENT_CONFIRMATION_OK"
16186,10410009669,10410009716,1,"IOTHUB_CLIENT_CONFIRMATION_OK"
16187,10410009869,10410009929,1,"IOTHUB_CLIENT_CONFIRMATION_OK"
16188,10410010069,10410010170,1,"IOTHUB_CLIENT_CONFIRMATION_OK"
16189,10410010269,10410010350,1,"IOTHUB_CLIENT_CONFIRMATION_OK"
16190,10410010469,10410010514,1,"IOTHUB_CLIENT_CONFIRMATION_OK"
16191,10410010669,10410010716,1,"IOTHUB_CLIENT_CONFIRMATION_OK"
16192,10410010870,10410010919,1,"IOTHUB_CLIENT_CONFIRMATION_OK"
16193,10410011070,10410011108,1,"IOTHUB_CLIENT_CONFIRMATION_OK"
16194,10410011270,10410011321,1,"IOTHUB_CLIENT_CONFIRMATION_OK"
16195,10410011470,10410011518,1,"IOTHUB_CLIENT_CONFIRMATION_OK"
16196,10410011670,10410011715,1,"IOTHUB_CLIENT_CONFIRMATION_OK"
16197,10410011870,10410011908,1,"IOTHUB_CLIENT_CONFIRMATION_OK"
16198,10410012071,10410012123,1,"IOTHUB_CLIENT_CONFIRMATION_OK"
16199,10410012271,10410012318,1,"IOTHUB_CLIENT_CONFIRMATION_OK"
16200,10410012471,10410012515,1,"IOTHUB_CLIENT_CONFIRMATION_OK"
16201,10410012671,10410012715,1,"IOTHUB_CLIENT_CONFIRMATION_OK"
16202,10410012871,10410012914,1,"IOTHUB_CLIENT_CONFIRMATION_OK"
16203,10410013071,10410013127,1,"IOTHUB_CLIENT_CONFIRMATION_OK"
16204,10410013271,10410013315,1,"IOTHUB_CLIENT_CONFIRMATION_OK"
16205,10410013472,10410013508,1,"IOTHUB_CLIENT_CONFIRMATION_OK"
16206,10410013672,10410013759,1,"IOTHUB_CLIENT_CONFIRMATION_OK"
16207,10410013872,10410013923,1,"IOTHUB_CLIENT_CONFIRMATION_OK"
16208,10410014072,10410014122,1,"IOTHUB_CLIENT_CONFIRMATION_OK"
16209,10410014272,10410014357,1,"IOTHUB_CLIENT_CONFIRMATION_OK"
16210,10410014472,10410014513,1,"IOTHUB_CLIENT_CONFIRMATION_OK"
16211,10410014673,10410014759,1,"IOTHUB_CLIENT_CONFIRMATION_OK"
16212,10410014873,10410014968,1,"IOTHUB_CLIENT_CONFIRMATION_OK"
16213,10410015073,10410015142,1,"IOTHUB_CLIENT_CONFIRMATION_OK"
16214,10410015273,10410015312,1,"IOTHUB_CLIENT_CONFIRMATION_OK"
16215,10410015473,10410015524,1,"IOTHUB_CLIENT_CONFIRMATION_OK"
16216,10410015673,10410015721,1,"IOTHUB_CLIENT_CONFIRMATION_OK"
16217,10410015874,10410015956,1,"IOTHUB_CLIENT_CONFIRMATION_OK"
16218,10410016074,10410016218,1,"IOTHUB_CLIENT_CONFIRMATION_OK"
16219,10410016274,10410016341,1,"IOTHUB_CLIENT_CONFIRMATION_OK"
16220,10410016474,10410016514,1,"IOTHUB_CLIENT_CONFIRMATION_OK"
16221,10410016674,10410016715,1,"IOTHUB_CLIENT_CONFIRMATION_OK"
16222,10410016874,10410016919,1,"IOTHUB_CLIENT_CONFIRMATION_OK"
16223,10410017074,10410017122,1,"IOTHUB_CLIENT_CONFIRMATION_OK"
16224,10410017275,10410017324,1,"IOTHUB_CLIENT_CONFIRMATION_OK"
16225,10410017475,10410017532,1,"IOTHUB_CLIENT_CONFIRMATION_OK"
16226,10410017675,10410017728,1,"IOTHUB_CLIENT_CONFIRMATION_OK"
16227,10410017875,10410017954,1,"IOTHUB_CLIENT_CONFIRMATION_OK"
16228,10410018075,10410018115,1,"IOTHUB_CLIENT_CONFIRMATION_OK"
16229,10410018275,10410018334,1,"IOTHUB_CLIENT_CONFIRMATION_OK"
16230,10410018476,10410018513,1,"IOTHUB_CLIENT_CONFIRMATION_OK"
16231,10410018676,10410018719,1,"IOTHUB_CLIENT_CONFIRMATION_OK"
16232,10410018876,10410018928,1,"IOTHUB_CLIENT_CONFIRMATION_OK"
16233,10410019076,10410019123,1,"IOTHUB_CLIENT_CONFIRMATION_OK"
16234,10410019276,10410019327,1,"IOTHUB_CLIENT_CONFIRMATION_OK"
16235,10410019476,10410019531,1,"IOTHUB_CLIENT_CONFIRMATION_OK"
16236,10410019676,10410019726,1,"IOTHUB_CLIENT_CONFIRMATION_OK"
16237,10410019877,10410020046,1,"IOTHUB_CLIENT_CONFIRMATION_OK"
16238,10410020077,10410020162,1,"IOTHUB_CLIENT_CONFIRMATION_OK"
16239,10410020277,10410020331,1,"IOTHUB_CLIENT_CONFIRMATION_OK"
16240,10410020477,10410020529,1,"IOTHUB_CLIENT_CONFIRMATION_OK"
16241,10410020677,10410020744,1,"IOTHUB_CLIENT_CONFIRMATION_OK"
16242,10410020877,10410020943,1,"IOTHUB_CLIENT_CONFIRMATION_OK"
16243,10410021077,10410021120,1,"IOTHUB_CLIENT_CONFIRMATION_OK"
16244,10410021278,10410021327,1,"IOTHUB_CLIENT_CONFIRMATION_OK"
16245,10410021478,10410021814,1,"IOTHUB_CLIENT_CONFIRMATION_OK"
16246,10410021678,10410021893,1,"IOTHUB_CLIENT_CONFIRMATION_OK"
16247,10410021878,10410021962,1,"IOTHUB_CLIENT_CONFIRMATION_OK"
16248,10410022078,10410022149,1,"IOTHUB_CLIENT_CONFIRMATION_OK"
16249,10410022278,10410022324,1,"IOTHUB_CLIENT_CONFIRMATION_OK"
16250,10410022479,10410022529,1,"IOTHUB_CLIENT_CONFIRMATION_OK"
16251,10410022679,10410022755,1,"IOTHUB_CLIENT_CONFIRMATION_OK"
16252,10410022879,10410022930,1,"IOTHUB_CLIENT_CONFIRMATION_OK"
16253,10410023079,10410023126,1,"IOTHUB_CLIENT_CONFIRMATION_OK"
16254,10410023279,10410023344,1,"IOTHUB_CLIENT_CONFIRMATION_OK"
16255,10410023479,10410023534,1,"IOTHUB_CLIENT_CONFIRMATION_OK"
16256,10410023680,10410023741,1,"IOTHUB_CLIENT_CONFIRMATION_OK"
16257,10410023880,10410023937,1,"IOTHUB_CLIENT_CONFIRMATION_OK"
16258,10410024080,10410024143,1,"IOTHUB_CLIENT_CONFIRMATION_OK"
16259,10410024280,10410024330,1,"IOTHUB_CLIENT_CONFIRMATION_OK"
16260,10410024480,10410024547,1,"IOTHUB_CLIENT_CONFIRMATION_OK"
16261,10410024680,10410024719,1,"IOTHUB_CLIENT_CONFIRMATION_OK"
16262,10410024880,10410024963,1,"IOTHUB_CLIENT_CONFIRMATION_OK"
16263,10410025081,10410025145,1,"IOTHUB_CLIENT_CONFIRMATION_OK"
16264,10410025281,10410025371,1,"IOTHUB_CLIENT_CONFIRMATION_OK"
16265,10410025481,10410025532,1,"IOTHUB_CLIENT_CONFIRMATION_OK"
16266,10410025681,10410025747,1,"IOTHUB_CLIENT_CONFIRMATION_OK"
16267,10410025881,10410025929,1,"IOTHUB_CLIENT_CONFIRMATION_OK"
16268,10410026081,10410026130,1,"IOTHUB_CLIENT_CONFIRMATION_OK"
16269,10410026282,10410026442,1,"IOTHUB_CLIENT_CONFIRMATION_OK"
16270,10410026482,10410026530,1,"IOTHUB_CLIENT_CONFIRMATION_OK"
16271,10410026682,10410026720,1,"IOTHUB_CLIENT_CONFIRMATION_OK"
16272,10410026882,10410026980,1,"IOTHUB_CLIENT_CONFIRMATION_OK"
16273,10410027082,10410027241,1,"IOTHUB_CLIENT_CONFIRMATION_OK"
16274,10410027282,10410027332,1,"IOTHUB_CLIENT_CONFIRMATION_OK"
16275,10410027482,10410027575,1,"IOTHUB_CLIENT_CONFIRMATION_OK"
16276,10410027683,10410027729,1,"IOTHUB_CLIENT_CONFIRMATION_OK"
16277,10410027883,10410027944,1,"IOTHUB_CLIENT_CONFIRMATION_OK"
16278,10410028083,10410028156,1,"IOTHUB_CLIENT_CONFIRMATION_OK"
16279,10410028283,10410028399,1,"IOTHUB_CLIENT_CONFIRMATION_OK"
16280,10410028483,10410028537,1,"IOTHUB_CLIENT_CONFIRMATION_OK"
16281,10410028683,10410028728,1,"IOTHUB_CLIENT_CONFIRMATION_OK"
16282,10410028884,10410028935,1,"IOTHUB_CLIENT_CONFIRMATION_OK"
16283,10410029084,10410029123,1,"IOTHUB_CLIENT_CONFIRMATION_OK"
16284,10410029284,10410029335,1,"IOTHUB_CLIENT_CONFIRMATION_OK"
16285,10410029484,10410029552,1,"IOTHUB_CLIENT_CONFIRMATION_OK"
16286,10410029684,10410029725,1,"IOTHUB_CLIENT_CONFIRMATION_OK"
16287,10410029884,10410029948,1,"IOTHUB_CLIENT_CONFIRMATION_OK"
16288,10410030084,10410030130,1,"IOTHUB_CLIENT_CONFIRMATION_OK"
16289,10410030285,10410030335,1,"IOTHUB_CLIENT_CONFIRMATION_OK"
16290,10410030485,10410030535,1,"IOTHUB_CLIENT_CONFIRMATION_OK"
16291,10410030685,10410030729,1,"IOTHUB_CLIENT_CONFIRMATION_OK"
16292,10410030885,10410030944,1,"IOTHUB_CLIENT_CONFIRMATION_OK"
16293,10410031085,10410031130,1,"IOTHUB_CLIENT_CONFIRMATION_OK"
16294,10410031285,10410031358,1,"IOTHUB_CLIENT_CONFIRMATION_OK"
16295,10410031486,10410031528,1,"IOTHUB_CLIENT_CONFIRMATION_OK"
16296,10410031686,10410031729,1,"IOTHUB_CLIENT_CONFIRMATION_OK"
16297,10410031886,10410031925,1,"IOTHUB_CLIENT_CONFIRMATION_OK"
16298,10410032086,10410032134,1,"IOTHUB_CLIENT_CONFIRMATION_OK"
16299,10410032286,10410032336,1,"IOTHUB_CLIENT_CONFIRMATION_OK"
16300,10410032486,10410032556,1,"IOTHUB_CLIENT_CONFIRMATION_OK"
16301,10410032687,10410032743,1,"IOTHUB_CLIENT_CONFIRMATION_OK"
16302,10410032887,10410032930,1,"IOTHUB_CLIENT_CONFIRMATION_OK"
16303,10410033087,10410033124,1,"IOTHUB_CLIENT_CONFIRMATION_OK"
16304,10410033287,10410033335,1,"IOTHUB_CLIENT_CONFIRMATION_OK"
16305,10410033487,10410033542,1,"IOTHUB_CLIENT_CONFIRMATION_OK"
16306,10410033687,10410033755,1,"IOTHUB_CLIENT_CONFIRMATION_OK"
16307,10410033887,10410033940,1,"IOTHUB_CLIENT_CONFIRMATION_OK"
16308,10410034088,10410034135,1,"IOTHUB_CLIENT_CONFIRMATION_OK"
16309,10410034288,10410034332,1,"IOTHUB_CLIENT_CONFIRMATION_OK"
16310,10410034488,10410034529,1,"IOTHUB_CLIENT_CONFIRMATION_OK"
16311,10410034688,10410034740,1,"IOTHUB_CLIENT_CONFIRMATION_OK"
16312,10410034888,10410034938,1,"IOTHUB_CLIENT_CONFIRMATION_OK"
16313,10410035088,10410035142,1,"IOTHUB_CLIENT_CONFIRMATION_OK"
16314,10410035289,10410035356,1,"IOTHUB_CLIENT_CONFIRMATION_OK"
16315,10410035489,10410035526,1,"IOTHUB_CLIENT_CONFIRMATION_OK"
16316,10410035689,10410035737,1,"IOTHUB_CLIENT_CONFIRMATION_OK"
16317,10410035889,10410035965,1,"IOTHUB_CLIENT_CONFIRMATION_OK"
16318,10410036089,10410036131,1,"IOTHUB_CLIENT_CONFIRMATION_OK"
16319,10410036289,10410036409,1,"IOTHUB_CLIENT_CONFIRMATION_OK"
16320,10410036490,10410036654,1,"IOTHUB_CLIENT_CONFIRMATION_OK"
16321,10410036690,10410036762,1,"IOTHUB_CLIENT_CONFIRMATION_OK"
16322,10410036890,10410036937,1,"IOTHUB_CLIENT_CONFIRMATION_OK"
16323,10410037090,10410037132,1,"IOTHUB_CLIENT_CONFIRMATION_OK"
16324,10410037290,10410037343,1,"IOTHUB_CLIENT_CONFIRMATION_OK"
16325,10410037490,10410037535,1,"IOTHUB_CLIENT_CONFIRMATION_OK"
16326,10410037691,10410037727,1,"IOTHUB_CLIENT_CONFIRMATION_OK"
16327,10410037891,10410037930,1,"IOTHUB_CLIENT_CONFIRMATION_OK"
16328,10410038091,10410038140,1,"IOTHUB_CLIENT_CONFIRMATION_OK"
16329,10410038291,10410038345,1,"IOTHUB_CLIENT_CONFIRMATION_OK"
16330,10410038491,10410038529,1,"IOTHUB_CLIENT_CONFIRMATION_OK"
16331,10410038691,10410038740,1,"IOTHUB_CLIENT_CONFIRMATION_OK"
16332,10410038892,10410038947,1,"IOTHUB_CLIENT_CONFIRMATION_OK"
16333,10410039092,10410039137,1,"IOTHUB_CLIENT_CONFIRMATION_OK"
16334,10410039292,10410039337,1,"IOTHUB_CLIENT_CONFIRMATION_OK"
16335,10410039492,10410039556,1,"IOTHUB_CLIENT_CONFIRMATION_OK"
16336,10410039692,10410039730,1,"IOTHUB_CLIENT_CONFIRMATION_OK"
16337,10410039892,10410039935,1,"IOTHUB_CLIENT_CONFIRMATION_OK"
16338,10410040092,10410040150,1,"IOTHUB_CLIENT_CONFIRMATION_OK"
16339,10410040293,10410040346,1,"IOTHUB_CLIENT_CONFIRMATION_OK"
16340,10410040493,10410040546,1,"IOTHUB_CLIENT_CONFIRMATION_OK"
16341,10410040693,10410040736,1,"IOTHUB_CLIENT_CONFIRMATION_OK"
16342,10410040893,10410040932,1,"IOTHUB_CLIENT_CONFIRMATION_OK"
16343,10410041093,10410041140,1,"IOTHUB_CLIENT_CONFIRMATION_OK"
16344,10410041293,10410041350,1,"IOTHUB_CLIENT_CONFIRMATION_OK"
16345,10410041494,10410041546,1,"IOTHUB_CLIENT_CONFIRMATION_OK"
16346,10410041694,10410041735,1,"IOTHUB_CLIENT_CONFIRMATION_OK"
16347,10410041894,10410042010,1,"IOTHUB_CLIENT_CONFIRMATION_OK"
16348,10410042094,10410042133,1,"IOTHUB_CLIENT_CONFIRMATION_OK"
16349,10410042294,10410042357,1,"IOTHUB_CLIENT_CONFIRMATION_OK"
16350,10410042494,10410042542,1,"IOTHUB_CLIENT_CONFIRMATION_OK"
16351,10410042694,10410042743,1,"IOTHUB_CLIENT_CONFIRMATION_OK"
16352,10410042895,10410042935,1,"IOTHUB_CLIENT_CONFIRMATION_OK"
16353,10410043095,10410043138,1,"IOTHUB_CLIENT_CONFIRMATION_OK"
16354,10410043295,10410043360,1,"IOTHUB_CLIENT_CONFIRMATION_OK"
16355,10410043495,10410043557,1,"IOTHUB_CLIENT_CONFIRMATION_OK"
16356,10410043695,10410043749,1,"IOTHUB_CLIENT_CONFIRMATION_OK"
16357,10410043895,10410043933,1,"IOTHUB_CLIENT_CONFIRMATION_OK"
16358,10410044096,10410044166,1,"IOTHUB_CLIENT_CONFIRMATION_OK"
16359,10410044296,10410044364,1,"IOTHUB_CLIENT_CONFIRMATION_OK"
16360,10410044496,10410044552,1,"IOTHUB_CLIENT_CONFIRMATION_OK"
16361,10410044696,10410044741,1,"IOTHUB_CLIENT_CONFIRMATION_OK"
16362,10410044896,10410044961,1,"IOTHUB_CLIENT_CONFIRMATION_OK"
16363,10410045096,10410045151,1,"IOTHUB_CLIENT_CONFIRMATION_OK"
16364,10410045297,10410045346,1,"IOTHUB_CLIENT_CONFIRMATION_OK"
16365,10410045497,10410045570,1,"IOTHUB_CLIENT_CONFIRMATION_OK"
16366,10410045697,10410045734,1,"IOTHUB_CLIENT_CONFIRMATION_OK"
16367,10410045897,10410045964,1,"IOTHUB_CLIENT_CONFIRMATION_OK"
16368,10410046097,10410046229,1,"IOTHUB_CLIENT_CONFIRMATION_OK"
16369,10410046297,10410046340,1,"IOTHUB_CLIENT_CONFIRMATION_OK"
16370,10410046497,10410046544,1,"IOTHUB_CLIENT_CONFIRMATION_OK"
16371,10410046698,10410046742,1,"IOTHUB_CLIENT_CONFIRMATION_OK"
16372,10410046898,10410046943,1,"IOTHUB_CLIENT_CONFIRMATION_OK"
16373,10410047098,10410047135,1,"IOTHUB_CLIENT_CONFIRMATION_OK"
16374,10410047298,10410047353,1,"IOTHUB_CLIENT_CONFIRMATION_OK"
16375,10410047498,10410047544,1,"IOTHUB_CLIENT_CONFIRMATION_OK"
16376,10410047698,10410047750,1,"IOTHUB_CLIENT_CONFIRMATION_OK"
16377,10410047899,10410047942,1,"IOTHUB_CLIENT_CONFIRMATION_OK"
16378,10410048099,10410048162,1,"IOTHUB_CLIENT_CONFIRMATION_OK"
16379,10410048299,10410048361,1,"IOTHUB_CLIENT_CONFIRMATION_OK"
16380,10410048499,10410048608,1,"IOTHUB_CLIENT_CONFIRMATION_OK"
16381,10410048699,10410048749,1,"IOTHUB_CLIENT_CONFIRMATION_OK"
16382,10410048899,10410048947,1,"IOTHUB_CLIENT_CONFIRMATION_OK"
16383,10410049099,10410049163,1,"IOTHUB_CLIENT_CONFIRMATION_OK"
16384,10410049300,10410049352,1,"IOTHUB_CLIENT_CONFIRMATION_OK"
16385,10410049500,10410049546,1,"IOTHUB_CLIENT_CONFIRMATION_OK"
16386,10410049701,10410049747,1,"IOTHUB_CLIENT_CONFIRMATION_OK"
16387,10410049901,10410049953,1,"IOTHUB_CLIENT_CONFIRMATION_OK"
16388,10410050101,10410050150,1,"IOTHUB_CLIENT_CONFIRMATION_OK"
16389,10410050301,10410050446,1,"IOTHUB_CLIENT_CONFIRMATION_OK"
16390,10410050501,10410050556,1,"IOTHUB_CLIENT_CONFIRMATION_OK"
16391,10410050701,10410050759,1,"IOTHUB_CLIENT_CONFIRMATION_OK"
16392,10410050901,10410050941,1,"IOTHUB_CLIENT_CONFIRMATION_OK"
16393,10410051102,10410051153,1,"IOTHUB_CLIENT_CONFIRMATION_OK"
16394,10410051302,10410051337,1,"IOTHUB_CLIENT_CONFIRMATION_OK"
16395,10410051502,10410051593,1,"IOTHUB_CLIENT_CONFIRMATION_OK"
16396,10410051702,10410051746,1,"IOTHUB_CLIENT_CONFIRMATION_OK"
16397,10410051902,10410051959,1,"IOTHUB_CLIENT_CONFIRMATION_OK"
16398,10410052102,10410052143,1,"IOTHUB_CLIENT_CONFIRMATION_OK"
16399,10410052303,10410052359,1,"IOTHUB_CLIENT_CONFIRMATION_OK"
16400,10410052503,10410052544,1,"IOTHUB_CLIENT_CONFIRMATION_OK"
16401,10410052703,10410052771,1,"IOTHUB_CLIENT_CONFIRMATION_OK"
16402,10410052903,10410052958,1,"IOTHUB_CLIENT_CONFIRMATION_OK"
16403,10410053103,10410053137,1,"IOTHUB_CLIENT_CONFIRMATION_OK"
16404,10410053303,10410053351,1,"IOTHUB_CLIENT_CONFIRMATION_OK"
16405,10410053503,10410053558,1,"IOTHUB_CLIENT_CONFIRMATION_OK"
16406,10410053704,10410053753,1,"IOTHUB_CLIENT_CONFIRMATION_OK"
16407,10410053904,10410053963,1,"IOTHUB_CLIENT_CONFIRMATION_OK"
16408,10410054104,10410054143,1,"IOTHUB_CLIENT_CONFIRMATION_OK"
16409,10410054304,10410054355,1,"IOTHUB_CLIENT_CONFIRMATION_OK"
16410,10410054504,10410054586,1,"IOTHUB_CLIENT_CONFIRMATION_OK"
16411,10410054704,10410054751,1,"IOTHUB_CLIENT_CONFIRMATION_OK"
16412,10410054905,10410054964,1,"IOTHUB_CLIENT_CONFIRMATION_OK"
16413,10410055105,10410055201,1,"IOTHUB_CLIENT_CONFIRMATION_OK"
16414,10410055305,10410055345,1,"IOTHUB_CLIENT_CONFIRMATION_OK"
16415,10410055505,10410055565,1,"IOTHUB_CLIENT_CONFIRMATION_OK"
16416,10410055705,10410055823,1,"IOTHUB_CLIENT_CONFIRMATION_OK"
16417,10410055905,10410055945,1,"IOTHUB_CLIENT_CONFIRMATION_OK"
16418,10410056106,10410056143,1,"IOTHUB_CLIENT_CONFIRMATION_OK"
16419,10410056306,10410056352,1,"IOTHUB_CLIENT_CONFIRMATION_OK"
16420,10410056506,10410056556,1,"IOTHUB_CLIENT_CONFIRMATION_OK"
16421,10410056706,10410056760,1,"IOTHUB_CLIENT_CONFIRMATION_OK"
16422,10410056906,10410056956,1,"IOTHUB_CLIENT_CONFIRMATION_OK"
16423,10410057106,10410057147,1,"IOTHUB_CLIENT_CONFIRMATION_OK"
16424,10410057307,10410057429,1,"IOTHUB_CLIENT_CONFIRMATION_OK"
16425,10410057507,10410057545,1,"IOTHUB_CLIENT_CONFIRMATION_OK"
16426,10410057707,10410057747,1,"IOTHUB_CLIENT_CONFIRMATION_OK"
16427,10410057907,10410057983,1,"IOTHUB_CLIENT_CONFIRMATION_OK"
16428,10410058107,10410058164,1,"IOTHUB_CLIENT_CONFIRMATION_OK"
16429,10410058307,10410058351,1,"IOTHUB_CLIENT_CONFIRMATION_OK"
16430,10410058508,10410058553,1,"IOTHUB_CLIENT_CONFIRMATION_OK"
16431,10410058708,10410058761,1,"IOTHUB_CLIENT_CONFIRMATION_OK"
16432,10410058908,10410058959,1,"IOTHUB_CLIENT_CONFIRMATION_OK"
16433,10410059108,10410059168,1,"IOTHUB_CLIENT_CONFIRMATION_OK"
16434,10410059308,10410059353,1,"IOTHUB_CLIENT_CONFIRMATION_OK"
16435,10410059508,10410059560,1,"IOTHUB_CLIENT_CONFIRMATION_OK"
16436,10410059708,10410059786,1,"IOTHUB_CLIENT_CONFIRMATION_OK"
16437,10410059909,10410059955,1,"IOTHUB_CLIENT_CONFIRMATION_OK"
16438,10410060109,10410060171,1,"IOTHUB_CLIENT_CONFIRMATION_OK"
16439,10410060309,10410060360,1,"IOTHUB_CLIENT_CONFIRMATION_OK"
16440,10410060509,10410060636,1,"IOTHUB_CLIENT_CONFIRMATION_OK"
16441,10410060709,10410060746,1,"IOTHUB_CLIENT_CONFIRMATION_OK"
16442,10410060909,10410060951,1,"IOTHUB_CLIENT_CONFIRMATION_OK"
16443,10410061110,10410061195,1,"IOTHUB_CLIENT_CONFIRMATION_OK"
16444,10410061310,10410061376,1,"IOTHUB_CLIENT_CONFIRMATION_OK"
16445,10410061510,10410061562,1,"IOTHUB_CLIENT_CONFIRMATION_OK"
16446,10410061710,10410061823,1,"IOTHUB_CLIENT_CONFIRMATION_OK"
16447,10410061910,10410061985,1,"IOTHUB_CLIENT_CONFIRMATION_OK"
16448,10410062110,10410062169,1,"IOTHUB_CLIENT_CONFIRMATION_OK"
16449,10410062311,10410062427,1,"IOTHUB_CLIENT_CONFIRMATION_OK"
16450,10410062511,10410062553,1,"IOTHUB_CLIENT_CONFIRMATION_OK"
16451,10410062711,10410062757,1,"IOTHUB_CLIENT_CONFIRMATION_OK"
16452,10410062911,10410062969,1,"IOTHUB_CLIENT_CONFIRMATION_OK"
16453,10410063111,10410063169,1,"IOTHUB_CLIENT_CONFIRMATION_OK"
16454,10410063311,10410063369,1,"IOTHUB_CLIENT_CONFIRMATION_OK"
16455,10410063511,10410063582,1,"IOTHUB_CLIENT_CONFIRMATION_OK"
16456,10410063712,10410063827,1,"IOTHUB_CLIENT_CONFIRMATION_OK"
16457,10410063912,10410063987,1,"IOTHUB_CLIENT_CONFIRMATION_OK"
16458,10410064112,10410064155,1,"IOTHUB_CLIENT_CONFIRMATION_OK"
16459,10410064312,10410064359,1,"IOTHUB_CLIENT_CONFIRMATION_OK"
16460,10410064512,10410064573,1,"IOTHUB_CLIENT_CONFIRMATION_OK"
16461,10410064712,10410064766,1,"IOTHUB_CLIENT_CONFIRMATION_OK"
16462,10410064913,10410064978,1,"IOTHUB_CLIENT_CONFIRMATION_OK"
16463,10410065113,10410065154,1,"IOTHUB_CLIENT_CONFIRMATION_OK"
16464,10410065313,10410065359,1,"IOTHUB_CLIENT_CONFIRMATION_OK"
16465,10410065513,10410065579,1,"IOTHUB_CLIENT_CONFIRMATION_OK"
16466,10410065713,10410065760,1,"IOTHUB_CLIENT_CONFIRMATION_OK"
16467,10410065913,10410065954,1,"IOTHUB_CLIENT_CONFIRMATION_OK"
16468,10410066114,10410066209,1,"IOTHUB_CLIENT_CONFIRMATION_OK"
16469,10410066314,10410066387,1,"IOTHUB_CLIENT_CONFIRMATION_OK"
16470,10410066514,10410066559,1,"IOTHUB_CLIENT_CONFIRMATION_OK"
16471,10410066714,10410066773,1,"IOTHUB_CLIENT_CONFIRMATION_OK"
16472,10410066914,10410066978,1,"IOTHUB_CLIENT_CONFIRMATION_OK"
16473,10410067114,10410067166,1,"IOTHUB_CLIENT_CONFIRMATION_OK"
16474,10410067315,10410067351,1,"IOTHUB_CLIENT_CONFIRMATION_OK"
16475,10410067515,10410067553,1,"IOTHUB_CLIENT_CONFIRMATION_OK"
16476,10410067715,10410067785,1,"IOTHUB_CLIENT_CONFIRMATION_OK"
16477,10410067915,10410067958,1,"IOTHUB_CLIENT_CONFIRMATION_OK"
16478,10410068115,10410068180,1,"IOTHUB_CLIENT_CONFIRMATION_OK"
16479,10410068315,10410068399,1,"IOTHUB_CLIENT_CONFIRMATION_OK"
16480,10410068515,10410068556,1,"IOTHUB_CLIENT_CONFIRMATION_OK"
16481,10410068716,10410068774,1,"IOTHUB_CLIENT_CONFIRMATION_OK"
16482,10410068916,10410068993,1,"IOTHUB_CLIENT_CONFIRMATION_OK"
16483,10410069116,10410069157,1,"IOTHUB_CLIENT_CONFIRMATION_OK"
16484,10410069316,10410069373,1,"IOTHUB_CLIENT_CONFIRMATION_OK"
16485,10410069516,10410069683,1,"IOTHUB_CLIENT_CONFIRMATION_OK"
16486,10410069716,10410069769,1,"IOTHUB_CLIENT_CONFIRMATION_OK"
16487,10410069917,10410069990,1,"IOTHUB_CLIENT_CONFIRMATION_OK"
16488,10410070117,10410070660,1,"IOTHUB_CLIENT_CONFIRMATION_OK"
16489,10410070317,10410070765,1,"IOTHUB_CLIENT_CONFIRMATION_OK"
16490,10410070517,10410070891,1,"IOTHUB_CLIENT_CONFIRMATION_OK"
16491,10410070717,10410070989,1,"IOTHUB_CLIENT_CONFIRMATION_OK"
16492,10410070917,10410071058,1,"IOTHUB_CLIENT_CONFIRMATION_OK"
16493,10410071117,10410071177,1,"IOTHUB_CLIENT_CONFIRMATION_OK"
16494,10410071318,10410071358,1,"IOTHUB_CLIENT_CONFIRMATION_OK"
16495,10410071518,10410071595,1,"IOTHUB_CLIENT_CONFIRMATION_OK"
16496,10410071718,10410071761,1,"IOTHUB_CLIENT_CONFIRMATION_OK"
16497,10410071918,10410071978,1,"IOTHUB_CLIENT_CONFIRMATION_OK"
16498,10410072118,10410072155,1,"IOTHUB_CLIENT_CONFIRMATION_OK"
16499,10410072318,10410072380,1,"IOTHUB_CLIENT_CONFIRMATION_OK"
16500,10410072519,10410072574,1,"IOTHUB_CLIENT_CONFIRMATION_OK"
16501,10410072719,10410072764,1,"IOTHUB_CLIENT_CONFIRMATION_OK"
16502,10410072919,10410072967,1,"IOTHUB_CLIENT_CONFIRMATION_OK"
16503,10410073119,10410073165,1,"IOTHUB_CLIENT_CONFIRMATION_OK"
16504,10410073319,10410073393,1,"IOTHUB_CLIENT_CONFIRMATION_OK"
16505,10410073519,10410073574,1,"IOTHUB_CLIENT_CONFIRMATION_OK"
16506,10410073720,10410073773,1,"IOTHUB_CLIENT_CONFIRMATION_OK"
16507,10410073920,10410073975,1,"IOTHUB_CLIENT_CONFIRMATION_OK"
16508,10410074120,10410074181,1,"IOTHUB_CLIENT_CONFIRMATION_OK"
16509,10410074320,10410074379,1,"IOTHUB_CLIENT_CONFIRMATION_OK"
16510,10410074520,10410074585,1,"IOTHUB_CLIENT_CONFIRMATION_OK"
16511,10410074720,10410074778,1,"IOTHUB_CLIENT_CONFIRMATION_OK"
16512,10410074921,10410074991,1,"IOTHUB_CLIENT_CONFIRMATION_OK"
16513,10410075121,10410075174,1,"IOTHUB_CLIENT_CONFIRMATION_OK"
16514,10410075321,10410075400,1,"IOTHUB_CLIENT_CONFIRMATION_OK"
16515,10410075521,10410075581,1,"IOTHUB_CLIENT_CONFIRMATION_OK"
16516,10410075721,10410075827,1,"IOTHUB_CLIENT_CONFIRMATION_OK"
16517,10410075921,10410076039,1,"IOTHUB_CLIENT_CONFIRMATION_OK"
16518,10410076122,10410076194,1,"IOTHUB_CLIENT_CONFIRMATION_OK"
16519,10410076322,10410076377,1,"IOTHUB_CLIENT_CONFIRMATION_OK"
16520,10410076522,10410076566,1,"IOTHUB_CLIENT_CONFIRMATION_OK"
16521,10410076722,10410076796,1,"IOTHUB_CLIENT_CONFIRMATION_OK"
16522,10410076922,10410076968,1,"IOTHUB_CLIENT_CONFIRMATION_OK"
16523,10410077122,10410077171,1,"IOTHUB_CLIENT_CONFIRMATION_OK"
16524,10410077322,10410077415,1,"IOTHUB_CLIENT_CONFIRMATION_OK"
16525,10410077523,10410077564,1,"IOTHUB_CLIENT_CONFIRMATION_OK"
16526,10410077723,10410077782,1,"IOTHUB_CLIENT_CONFIRMATION_OK"
16527,10410077923,10410078012,1,"IOTHUB_CLIENT_CONFIRMATION_OK"
16528,10410078123,10410078164,1,"IOTHUB_CLIENT_CONFIRMATION_OK"
16529,10410078323,10410078366,1,"IOTHUB_CLIENT_CONFIRMATION_OK"
16530,10410078523,10410078600,1,"IOTHUB_CLIENT_CONFIRMATION_OK"
16531,10410078724,10410078776,1,"IOTHUB_CLIENT_CONFIRMATION_OK"
16532,10410078924,10410079008,1,"IOTHUB_CLIENT_CONFIRMATION_OK"
16533,10410079124,10410079213,1,"IOTHUB_CLIENT_CONFIRMATION_OK"
16534,10410079324,10410079381,1,"IOTHUB_CLIENT_CONFIRMATION_OK"
16535,10410079524,10410079564,1,"IOTHUB_CLIENT_CONFIRMATION_OK"
16536,10410079724,10410079778,1,"IOTHUB_CLIENT_CONFIRMATION_OK"
16537,10410079925,10410079974,1,"IOTHUB_CLIENT_CONFIRMATION_OK"
16538,10410080125,10410080177,1,"IOTHUB_CLIENT_CONFIRMATION_OK"
16539,10410080325,10410080386,1,"IOTHUB_CLIENT_CONFIRMATION_OK"
16540,10410080525,10410080586,1,"IOTHUB_CLIENT_CONFIRMATION_OK"
16541,10410080725,10410080769,1,"IOTHUB_CLIENT_CONFIRMATION_OK"
16542,10410080925,10410080982,1,"IOTHUB_CLIENT_CONFIRMATION_OK"
16543,10410081126,10410081209,1,"IOTHUB_CLIENT_CONFIRMATION_OK"
16544,10410081326,10410081391,1,"IOTHUB_CLIENT_CONFIRMATION_OK"
16545,10410081526,10410081571,1,"IOTHUB_CLIENT_CONFIRMATION_OK"
16546,10410081726,10410081779,1,"IOTHUB_CLIENT_CONFIRMATION_OK"
16547,10410081926,10410082026,1,"IOTHUB_CLIENT_CONFIRMATION_OK"
16548,10410082126,10410082174,1,"IOTHUB_CLIENT_CONFIRMATION_OK"
16549,10410082326,10410082382,1,"IOTHUB_CLIENT_CONFIRMATION_OK"
16550,10410082527,10410082583,1,"IOTHUB_CLIENT_CONFIRMATION_OK"
16551,10410082727,10410082782,1,"IOTHUB_CLIENT_CONFIRMATION_OK"
16552,10410082927,10410082978,1,"IOTHUB_CLIENT_CONFIRMATION_OK"
16553,10410083127,10410083174,1,"IOTHUB_CLIENT_CONFIRMATION_OK"
16554,10410083327,10410083379,1,"IOTHUB_CLIENT_CONFIRMATION_OK"
16555,10410083527,10410083667,1,"IOTHUB_CLIENT_CONFIRMATION_OK"
16556,10410083728,10410083770,1,"IOTHUB_CLIENT_CONFIRMATION_OK"
16557,10410083928,10410083997,1,"IOTHUB_CLIENT_CONFIRMATION_OK"
16558,10410084128,10410084171,1,"IOTHUB_CLIENT_CONFIRMATION_OK"
16559,10410084328,10410084373,1,"IOTHUB_CLIENT_CONFIRMATION_OK"
16560,10410084528,10410084576,1,"IOTHUB_CLIENT_CONFIRMATION_OK"
16561,10410084728,10410084780,1,"IOTHUB_CLIENT_CONFIRMATION_OK"
16562,10410084929,10410085008,1,"IOTHUB_CLIENT_CONFIRMATION_OK"
16563,10410085129,10410085214,1,"IOTHUB_CLIENT_CONFIRMATION_OK"
16564,10410085329,10410085373,1,"IOTHUB_CLIENT_CONFIRMATION_OK"
16565,10410085529,10410085586,1,"IOTHUB_CLIENT_CONFIRMATION_OK"
16566,10410085729,10410085788,1,"IOTHUB_CLIENT_CONFIRMATION_OK"
16567,10410085929,10410086012,1,"IOTHUB_CLIENT_CONFIRMATION_OK"
16568,10410086130,10410086165,1,"IOTHUB_CLIENT_CONFIRMATION_OK"
16569,10410086330,10410086402,1,"IOTHUB_CLIENT_CONFIRMATION_OK"
16570,10410086530,10410086575,1,"IOTHUB_CLIENT_CONFIRMATION_OK"
16571,10410086730,10410086765,1,"IOTHUB_CLIENT_CONFIRMATION_OK"
16572,10410086930,10410086996,1,"IOTHUB_CLIENT_CONFIRMATION_OK"
16573,10410087130,10410087178,1,"IOTHUB_CLIENT_CONFIRMATION_OK"
16574,10410087331,10410087416,1,"IOTHUB_CLIENT_CONFIRMATION_OK"
16575,10410087531,10410087572,1,"IOTHUB_CLIENT_CONFIRMATION_OK"
16576,10410087731,10410087778,1,"IOTHUB_CLIENT_CONFIRMATION_OK"
16577,10410087931,10410087980,1,"IOTHUB_CLIENT_CONFIRMATION_OK"
16578,10410088131,10410088178,1,"IOTHUB_CLIENT_CONFIRMATION_OK"
16579,10410088331,10410088481,1,"IOTHUB_CLIENT_CONFIRMATION_OK"
16580,10410088532,10410088589,1,"IOTHUB_CLIENT_CONFIRMATION_OK"
16581,10410088732,10410088775,1,"IOTHUB_CLIENT_CONFIRMATION_OK"
16582,10410088932,10410088977,1,"IOTHUB_CLIENT_CONFIRMATION_OK"
16583,10410089132,10410089172,1,"IOTHUB_CLIENT_CONFIRMATION_OK"
16584,10410089332,10410089383,1,"IOTHUB_CLIENT_CONFIRMATION_OK"
16585,10410089532,10410089589,1,"IOTHUB_CLIENT_CONFIRMATION_OK"
16586,10410089732,10410089776,1,"IOTHUB_CLIENT_CONFIRMATION_OK"
16587,10410089933,10410089984,1,"IOTHUB_CLIENT_CONFIRMATION_OK"
16588,10410090133,10410090218,1,"IOTHUB_CLIENT_CONFIRMATION_OK"
16589,10410090333,10410090410,1,"IOTHUB_CLIENT_CONFIRMATION_OK"
16590,10410090533,10410090580,1,"IOTHUB_CLIENT_CONFIRMATION_OK"
16591,10410090733,10410090807,1,"IOTHUB_CLIENT_CONFIRMATION_OK"
16592,10410090933,10410090985,1,"IOTHUB_CLIENT_CONFIRMATION_OK"
16593,10410091134,10410091195,1,"IOTHUB_CLIENT_CONFIRMATION_OK"
16594,10410091334,10410091385,1,"IOTHUB_CLIENT_CONFIRMATION_OK"
16595,10410091534,10410091574,1,"IOTHUB_CLIENT_CONFIRMATION_OK"
16596,10410091734,10410091789,1,"IOTHUB_CLIENT_CONFIRMATION_OK"
16597,10410091934,10410091980,1,"IOTHUB_CLIENT_CONFIRMATION_OK"
16598,10410092134,10410092183,1,"IOTHUB_CLIENT_CONFIRMATION_OK"
16599,10410092335,10410092415,1,"IOTHUB_CLIENT_CONFIRMATION_OK"
16600,10410092535,10410092588,1,"IOTHUB_CLIENT_CONFIRMATION_OK"
16601,10410092735,10410092778,1,"IOTHUB_CLIENT_CONFIRMATION_OK"
16602,10410092935,10410093117,1,"IOTHUB_CLIENT_CONFIRMATION_OK"
16603,10410093135,10410093173,1,"IOTHUB_CLIENT_CONFIRMATION_OK"
16604,10410093335,10410093381,1,"IOTHUB_CLIENT_CONFIRMATION_OK"
16605,10410093536,10410093580,1,"IOTHUB_CLIENT_CONFIRMATION_OK"
16606,10410093736,10410093808,1,"IOTHUB_CLIENT_CONFIRMATION_OK"
16607,10410093936,10410093989,1,"IOTHUB_CLIENT_CONFIRMATION_OK"
16608,10410094136,10410094206,1,"IOTHUB_CLIENT_CONFIRMATION_OK"
16609,10410094336,10410094381,1,"IOTHUB_CLIENT_CONFIRMATION_OK"
16610,10410094536,10410094604,1,"IOTHUB_CLIENT_CONFIRMATION_OK"
16611,10410094736,10410094836,1,"IOTHUB_CLIENT_CONFIRMATION_OK"
16612,10410094937,10410095001,1,"IOTHUB_CLIENT_CONFIRMATION_OK"
16613,10410095137,10410095177,1,"IOTHUB_CLIENT_CONFIRMATION_OK"
16614,10410095337,10410095449,1,"IOTHUB_CLIENT_CONFIRMATION_OK"
16615,10410095537,10410095582,1,"IOTHUB_CLIENT_CONFIRMATION_OK"
16616,10410095737,10410095778,1,"IOTHUB_CLIENT_CONFIRMATION_OK"
16617,10410095937,10410095999,1,"IOTHUB_CLIENT_CONFIRMATION_OK"
16618,10410096138,10410096206,1,"IOTHUB_CLIENT_CONFIRMATION_OK"
16619,10410096338,10410096392,1,"IOTHUB_CLIENT_CONFIRMATION_OK"
16620,10410096538,10410096585,1,"IOTHUB_CLIENT_CONFIRMATION_OK"
16621,10410096738,10410096781,1,"IOTHUB_CLIENT_CONFIRMATION_OK"
16622,10410096938,10410096987,1,"IOTHUB_CLIENT_CONFIRMATION_OK"
16623,10410097138,10410097182,1,"IOTHUB_CLIENT_CONFIRMATION_OK"
16624,10410097339,10410097378,1,"IOTHUB_CLIENT_CONFIRMATION_OK"
16625,10410097539,10410097608,1,"IOTHUB_CLIENT_CONFIRMATION_OK"
16626,10410097739,10410097779,1,"IOTHUB_CLIENT_CONFIRMATION_OK"
16627,10410097939,10410097995,1,"IOTHUB_CLIENT_CONFIRMATION_OK"
16628,10410098139,10410098269,1,"IOTHUB_CLIENT_CONFIRMATION_OK"
16629,10410098339,10410098391,1,"IOTHUB_CLIENT_CONFIRMATION_OK"
16630,10410098539,10410098611,1,"IOTHUB_CLIENT_CONFIRMATION_OK"
16631,10410098740,10410098793,1,"IOTHUB_CLIENT_CONFIRMATION_OK"
16632,10410098940,10410098992,1,"IOTHUB_CLIENT_CONFIRMATION_OK"
16633,10410099140,10410099229,1,"IOTHUB_CLIENT_CONFIRMATION_OK"
16634,10410099340,10410099398,1,"IOTHUB_CLIENT_CONFIRMATION_OK"
16635,10410099540,10410099610,1,"IOTHUB_CLIENT_CONFIRMATION_OK"
16636,10410099740,10410099797,1,"IOTHUB_CLIENT_CONFIRMATION_OK"
16637,10410099941,10410099987,1,"IOTHUB_CLIENT_CONFIRMATION_OK"
16638,10410100141,10410100210,1,"IOTHUB_CLIENT_CONFIRMATION_OK"
16639,10410100341,10410100376,1,"IOTHUB_CLIENT_CONFIRMATION_OK"
16640,10410100541,10410100601,1,"IOTHUB_CLIENT_CONFIRMATION_OK"
16641,10410100741,10410100779,1,"IOTHUB_CLIENT_CONFIRMATION_OK"
16642,10410100941,10410101014,1,"IOTHUB_CLIENT_CONFIRMATION_OK"
16643,10410101142,10410101196,1,"IOTHUB_CLIENT_CONFIRMATION_OK"
16644,10410101342,10410101407,1,"IOTHUB_CLIENT_CONFIRMATION_OK"
16645,10410101542,10410101590,1,"IOTHUB_CLIENT_CONFIRMATION_OK"
16646,10410101742,10410101790,1,"IOTHUB_CLIENT_CONFIRMATION_OK"
16647,10410101942,10410101987,1,"IOTHUB_CLIENT_CONFIRMATION_OK"
16648,10410102142,10410102189,1,"IOTHUB_CLIENT_CONFIRMATION_OK"
16649,10410102343,10410102389,1,"IOTHUB_CLIENT_CONFIRMATION_OK"
16650,10410102543,10410102604,1,"IOTHUB_CLIENT_CONFIRMATION_OK"
16651,10410102743,10410102806,1,"IOTHUB_CLIENT_CONFIRMATION_OK"
16652,10410102943,10410102992,1,"IOTHUB_CLIENT_CONFIRMATION_OK"
16653,10410103143,10410103215,1,"IOTHUB_CLIENT_CONFIRMATION_OK"
16654,10410103343,10410103423,1,"IOTHUB_CLIENT_CONFIRMATION_OK"
16655,10410103543,10410103585,1,"IOTHUB_CLIENT_CONFIRMATION_OK"
16656,10410103744,10410103796,1,"IOTHUB_CLIENT_CONFIRMATION_OK"
16657,10410103944,10410103983,1,"IOTHUB_CLIENT_CONFIRMATION_OK"
16658,10410104144,10410104202,1,"IOTHUB_CLIENT_CONFIRMATION_OK"
16659,10410104344,10410104383,1,"IOTHUB_CLIENT_CONFIRMATION_OK"
16660,10410104544,10410104593,1,"IOTHUB_CLIENT_CONFIRMATION_OK"
16661,10410104744,10410104799,1,"IOTHUB_CLIENT_CONFIRMATION_OK"
16662,10410104945,10410104984,1,"IOTHUB_CLIENT_CONFIRMATION_OK"
16663,10410105145,10410105262,1,"IOTHUB_CLIENT_CONFIRMATION_OK"
16664,10410105345,10410105410,1,"IOTHUB_CLIENT_CONFIRMATION_OK"
16665,10410105545,10410105603,1,"IOTHUB_CLIENT_CONFIRMATION_OK"
16666,10410105745,10410105792,1,"IOTHUB_CLIENT_CONFIRMATION_OK"
16667,10410105945,10410105985,1,"IOTHUB_CLIENT_CONFIRMATION_OK"
16668,10410106145,10410106195,1,"IOTHUB_CLIENT_CONFIRMATION_OK"
16669,10410106346,10410106389,1,"IOTHUB_CLIENT_CONFIRMATION_OK"
16670,10410106546,10410106609,1,"IOTHUB_CLIENT_CONFIRMATION_OK"
16671,10410106746,10410106798,1,"IOTHUB_CLIENT_CONFIRMATION_OK"
16672,10410106946,10410106985,1,"IOTHUB_CLIENT_CONFIRMATION_OK"
16673,10410107146,10410107198,1,"IOTHUB_CLIENT_CONFIRMATION_OK"
16674,10410107346,10410107411,1,"IOTHUB_CLIENT_CONFIRMATION_OK"
16675,10410107547,10410107595,1,"IOTHUB_CLIENT_CONFIRMATION_OK"
16676,10410107747,10410107804,1,"IOTHUB_CLIENT_CONFIRMATION_OK"
16677,10410107947,10410107986,1,"IOTHUB_CLIENT_CONFIRMATION_OK"
16678,10410108147,10410108181,1,"IOTHUB_CLIENT_CONFIRMATION_OK"
16679,10410108347,10410108395,1,"IOTHUB_CLIENT_CONFIRMATION_OK"
16680,10410108547,10410108612,1,"IOTHUB_CLIENT_CONFIRMATION_OK"
16681,10410108747,10410108817,1,"IOTHUB_CLIENT_CONFIRMATION_OK"
16682,10410108948,10410108997,1,"IOTHUB_CLIENT_CONFIRMATION_OK"
16683,10410109148,10410109212,1,"IOTHUB_CLIENT_CONFIRMATION_OK"
16684,10410109348,10410109410,1,"IOTHUB_CLIENT_CONFIRMATION_OK"
16685,10410109548,10410109611,1,"IOTHUB_CLIENT_CONFIRMATION_OK"
16686,10410109748,10410109805,1,"IOTHUB_CLIENT_CONFIRMATION_OK"
16687,10410109948,10410109999,1,"IOTHUB_CLIENT_CONFIRMATION_OK"
16688,10410110149,10410110245,1,"IOTHUB_CLIENT_CONFIRMATION_OK"
16689,10410110349,10410110391,1,"IOTHUB_CLIENT_CONFIRMATION_OK"
16690,10410110549,10410110613,1,"IOTHUB_CLIENT_CONFIRMATION_OK"
16691,10410110749,10410110904,1,"IOTHUB_CLIENT_CONFIRMATION_OK"
16692,10410110949,10410110998,1,"IOTHUB_CLIENT_CONFIRMATION_OK"
16693,10410111149,10410111227,1,"IOTHUB_CLIENT_CONFIRMATION_OK"
16694,10410111349,10410111525,1,"IOTHUB_CLIENT_CONFIRMATION_OK"
16695,10410111550,10410111601,1,"IOTHUB_CLIENT_CONFIRMATION_OK"
16696,10410111750,10410111789,1,"IOTHUB_CLIENT_CONFIRMATION_OK"
16697,10410111950,10410112152,1,"IOTHUB_CLIENT_CONFIRMATION_OK"
16698,10410112150,10410112189,1,"IOTHUB_CLIENT_CONFIRMATION_OK"
16699,10410112350,10410112396,1,"IOTHUB_CLIENT_CONFIRMATION_OK"
16700,10410112550,10410112742,1,"IOTHUB_CLIENT_CONFIRMATION_OK"
16701,10410112751,10410112799,1,"IOTHUB_CLIENT_CONFIRMATION_OK"
16702,10410112951,10410113000,1,"IOTHUB_CLIENT_CONFIRMATION_OK"
16703,10410113151,10410113387,1,"IOTHUB_CLIENT_CONFIRMATION_OK"
16704,10410113351,10410113427,1,"IOTHUB_CLIENT_CONFIRMATION_OK"
16705,10410113551,10410113641,1,"IOTHUB_CLIENT_CONFIRMATION_OK"
16706,10410113751,10410113817,1,"IOTHUB_CLIENT_CONFIRMATION_OK"
16707,10410113952,10410113991,1,"IOTHUB_CLIENT_CONFIRMATION_OK"
16708,10410114152,10410114200,1,"IOTHUB_CLIENT_CONFIRMATION_OK"
16709,10410114352,10410114420,1,"IOTHUB_CLIENT_CONFIRMATION_OK"
16710,10410114552,10410114589,1,"IOTHUB_CLIENT_CONFIRMATION_OK"
16711,10410114752,10410114802,1,"IOTHUB_CLIENT_CONFIRMATION_OK"
16712,10410114952,10410115026,1,"IOTHUB_CLIENT_CONFIRMATION_OK"
16713,10410115153,10410115207,1,"IOTHUB_CLIENT_CONFIRMATION_OK"
16714,10410115353,10410115407,1,"IOTHUB_CLIENT_CONFIRMATION_OK"
16715,10410115553,10410115664,1,"IOTHUB_CLIENT_CONFIRMATION_OK"
16716,10410115753,10410115806,1,"IOTHUB_CLIENT_CONFIRMATION_OK"
16717,10410115953,10410115997,1,"IOTHUB_CLIENT_CONFIRMATION_OK"
16718,10410116153,10410116296,1,"IOTHUB_CLIENT_CONFIRMATION_OK"
16719,10410116354,10410116454,1,"IOTHUB_CLIENT_CONFIRMATION_OK"
16720,10410116554,10410116589,1,"IOTHUB_CLIENT_CONFIRMATION_OK"
16721,10410116754,10410116884,1,"IOTHUB_CLIENT_CONFIRMATION_OK"
16722,10410116954,10410116994,1,"IOTHUB_CLIENT_CONFIRMATION_OK"
16723,10410117154,10410117198,1,"IOTHUB_CLIENT_CONFIRMATION_OK"
16724,10410117354,10410117494,1,"IOTHUB_CLIENT_CONFIRMATION_OK"
16725,10410117555,10410117598,1,"IOTHUB_CLIENT_CONFIRMATION_OK"
16726,10410117755,10410117800,1,"IOTHUB_CLIENT_CONFIRMATION_OK"
16727,10410117955,10410118104,1,"IOTHUB_CLIENT_CONFIRMATION_OK"
16728,10410118155,10410118229,1,"IOTHUB_CLIENT_CONFIRMATION_OK"
16729,10410118355,10410118418,1,"IOTHUB_CLIENT_CONFIRMATION_OK"
16730,10410118555,10410118713,1,"IOTHUB_CLIENT_CONFIRMATION_OK"
16731,10410118756,10410118805,1,"IOTHUB_CLIENT_CONFIRMATION_OK"
16732,10410118956,10410118998,1,"IOTHUB_CLIENT_CONFIRMATION_OK"
16733,10410119156,10410119333,1,"IOTHUB_CLIENT_CONFIRMATION_OK"
16734,10410119356,10410119402,1,"IOTHUB_CLIENT_CONFIRMATION_OK"
16735,10410119556,10410119606,1,"IOTHUB_CLIENT_CONFIRMATION_OK"
16736,10410119756,10410119973,1,"IOTHUB_CLIENT_CONFIRMATION_OK"
16737,10410119957,10410120008,1,"IOTHUB_CLIENT_CONFIRMATION_OK"
16738,10410120157,10410120196,1,"IOTHUB_CLIENT_CONFIRMATION_OK"
16739,10410120357,10410120568,1,"IOTHUB_CLIENT_CONFIRMATION_OK"
16740,10410120557,10410120602,1,"IOTHUB_CLIENT_CONFIRMATION_OK"
16741,10410120757,10410120800,1,"IOTHUB_CLIENT_CONFIRMATION_OK"
16742,10410120957,10410121003,1,"IOTHUB_CLIENT_CONFIRMATION_OK"
16743,10410121158,10410121212,1,"IOTHUB_CLIENT_CONFIRMATION_OK"
16744,10410121358,10410121405,1,"IOTHUB_CLIENT_CONFIRMATION_OK"
16745,10410121558,10410121670,1,"IOTHUB_CLIENT_CONFIRMATION_OK"
16746,10410121758,10410121807,1,"IOTHUB_CLIENT_CONFIRMATION_OK"
16747,10410121958,10410122051,1,"IOTHUB_CLIENT_CONFIRMATION_OK"
16748,10410122158,10410122330,1,"IOTHUB_CLIENT_CONFIRMATION_OK"
16749,10410122358,10410122408,1,"IOTHUB_CLIENT_CONFIRMATION_OK"
16750,10410122559,10410122631,1,"IOTHUB_CLIENT_CONFIRMATION_OK"
16751,10410122759,10410122938,1,"IOTHUB_CLIENT_CONFIRMATION_OK"
16752,10410122959,10410123039,1,"IOTHUB_CLIENT_CONFIRMATION_OK"
16753,10410123159,10410123206,1,"IOTHUB_CLIENT_CONFIRMATION_OK"
16754,10410123359,10410123541,1,"IOTHUB_CLIENT_CONFIRMATION_OK"
16755,10410123559,10410123616,1,"IOTHUB_CLIENT_CONFIRMATION_OK"
16756,10410123759,10410123809,1,"IOTHUB_CLIENT_CONFIRMATION_OK"
16757,10410123960,10410124147,1,"IOTHUB_CLIENT_CONFIRMATION_OK"
16758,10410124160,10410124209,1,"IOTHUB_CLIENT_CONFIRMATION_OK"
16759,10410124360,10410124406,1,"IOTHUB_CLIENT_CONFIRMATION_OK"
16760,10410124560,10410124773,1,"IOTHUB_CLIENT_CONFIRMATION_OK"
16761,10410124760,10410124843,1,"IOTHUB_CLIENT_CONFIRMATION_OK"
16762,10410124960,10410125015,1,"IOTHUB_CLIENT_CONFIRMATION_OK"
16763,10410125161,10410125406,1,"IOTHUB_CLIENT_CONFIRMATION_OK"
16764,10410125361,10410125441,1,"IOTHUB_CLIENT_CONFIRMATION_OK"
16765,10410125561,10410125610,1,"IOTHUB_CLIENT_CONFIRMATION_OK"
16766,10410125761,10410125995,1,"IOTHUB_CLIENT_CONFIRMATION_OK"
16767,10410125961,10410126044,1,"IOTHUB_CLIENT_CONFIRMATION_OK"
16768,10410126161,10410126201,1,"IOTHUB_CLIENT_CONFIRMATION_OK"
16769,10410126362,10410126402,1,"IOTHUB_CLIENT_CONFIRMATION_OK"
16770,10410126562,10410126601,1,"IOTHUB_CLIENT_CONFIRMATION_OK"
16771,10410126762,10410126841,1,"IOTHUB_CLIENT_CONFIRMATION_OK"
16772,10410126962,10410127483,1,"IOTHUB_CLIENT_CONFIRMATION_OK"
16773,10410127162,10410127547,1,"IOTHUB_CLIENT_CONFIRMATION_OK"
16774,10410127362,10410127615,1,"IOTHUB_CLIENT_CONFIRMATION_OK"
16775,10410127562,10410127654,1,"IOTHUB_CLIENT_CONFIRMATION_OK"
16776,10410127763,10410127814,1,"IOTHUB_CLIENT_CONFIRMATION_OK"
16777,10410127963,10410128003,1,"IOTHUB_CLIENT_CONFIRMATION_OK"
16778,10410128163,10410128248,1,"IOTHUB_CLIENT_CONFIRMATION_OK"
16779,10410128363,10410128421,1,"IOTHUB_CLIENT_CONFIRMATION_OK"
16780,10410128563,10410128626,1,"IOTHUB_CLIENT_CONFIRMATION_OK"
16781,10410128763,10410128894,1,"IOTHUB_CLIENT_CONFIRMATION_OK"
16782,10410128964,10410129028,1,"IOTHUB_CLIENT_CONFIRMATION_OK"
16783,10410129164,10410129211,1,"IOTHUB_CLIENT_CONFIRMATION_OK"
16784,10410129364,10410129509,1,"IOTHUB_CLIENT_CONFIRMATION_OK"
16785,10410129564,10410129623,1,"IOTHUB_CLIENT_CONFIRMATION_OK"
16786,10410129764,10410129830,1,"IOTHUB_CLIENT_CONFIRMATION_OK"
16787,10410129964,10410130093,1,"IOTHUB_CLIENT_CONFIRMATION_OK"
16788,10410130165,10410130232,1,"IOTHUB_CLIENT_CONFIRMATION_OK"
16789,10410130365,10410130423,1,"IOTHUB_CLIENT_CONFIRMATION_OK"
16790,10410130565,10410130691,1,"IOTHUB_CLIENT_CONFIRMATION_OK"
16791,10410130765,10410130808,1,"IOTHUB_CLIENT_CONFIRMATION_OK"
16792,10410130965,10410131009,1,"IOTHUB_CLIENT_CONFIRMATION_OK"
16793,10410131165,10410131341,1,"IOTHUB_CLIENT_CONFIRMATION_OK"
16794,10410131366,10410131413,1,"IOTHUB_CLIENT_CONFIRMATION_OK"
16795,10410131566,10410131625,1,"IOTHUB_CLIENT_CONFIRMATION_OK"
16796,10410131766,10410131932,1,"IOTHUB_CLIENT_CONFIRMATION_OK"
16797,10410131966,10410132009,1,"IOTHUB_CLIENT_CONFIRMATION_OK"
16798,10410132166,10410132239,1,"IOTHUB_CLIENT_CONFIRMATION_OK"
16799,10410132366,10410132567,1,"IOTHUB_CLIENT_CONFIRMATION_OK"
16800,10410132566,10410132611,1,"IOTHUB_CLIENT_CONFIRMATION_OK"
16801,10410132767,10410132824,1,"IOTHUB_CLIENT_CONFIRMATION_OK"
16802,10410132967,10410133168,1,"IOTHUB_CLIENT_CONFIRMATION_OK"
16803,10410133167,10410133218,1,"IOTHUB_CLIENT_CONFIRMATION_OK"
16804,10410133367,10410133407,1,"IOTHUB_CLIENT_CONFIRMATION_OK"
16805,10410133567,10410133773,1,"IOTHUB_CLIENT_CONFIRMATION_OK"
16806,10410133767,10410133807,1,"IOTHUB_CLIENT_CONFIRMATION_OK"
16807,10410133968,10410134011,1,"IOTHUB_CLIENT_CONFIRMATION_OK"
16808,10410134168,10410134361,1,"IOTHUB_CLIENT_CONFIRMATION_OK"
16809,10410134368,10410134425,1,"IOTHUB_CLIENT_CONFIRMATION_OK"
16810,10410134568,10410134652,1,"IOTHUB_CLIENT_CONFIRMATION_OK"
16811,10410134768,10410135458,1,"IOTHUB_CLIENT_CONFIRMATION_OK"
16812,10410134968,10410135558,1,"IOTHUB_CLIENT_CONFIRMATION_OK"
16813,10410135168,10410135692,1,"IOTHUB_CLIENT_CONFIRMATION_OK"
16814,10410135369,10410135760,1,"IOTHUB_CLIENT_CONFIRMATION_OK"
16815,10410135569,10410135799,1,"IOTHUB_CLIENT_CONFIRMATION_OK"
16816,10410135769,10410135833,1,"IOTHUB_CLIENT_CONFIRMATION_OK"
16817,10410135969,10410136047,1,"IOTHUB_CLIENT_CONFIRMATION_OK"
16818,10410136169,10410136226,1,"IOTHUB_CLIENT_CONFIRMATION_OK"
16819,10410136369,10410136424,1,"IOTHUB_CLIENT_CONFIRMATION_OK"
16820,10410136570,10410136661,1,"IOTHUB_CLIENT_CONFIRMATION_OK"
16821,10410136770,10410136808,1,"IOTHUB_CLIENT_CONFIRMATION_OK"
16822,10410136970,10410137017,1,"IOTHUB_CLIENT_CONFIRMATION_OK"
16823,10410137170,10410137255,1,"IOTHUB_CLIENT_CONFIRMATION_OK"
16824,10410137370,10410137420,1,"IOTHUB_CLIENT_CONFIRMATION_OK"
16825,10410137570,10410137613,1,"IOTHUB_CLIENT_CONFIRMATION_OK"
16826,10410137771,10410137856,1,"IOTHUB_CLIENT_CONFIRMATION_OK"
16827,10410137971,10410138013,1,"IOTHUB_CLIENT_CONFIRMATION_OK"
16828,10410138171,10410138242,1,"IOTHUB_CLIENT_CONFIRMATION_OK"
16829,10410138371,10410138482,1,"IOTHUB_CLIENT_CONFIRMATION_OK"
16830,10410138571,10410138616,1,"IOTHUB_CLIENT_CONFIRMATION_OK"
16831,10410138771,10410138819,1,"IOTHUB_CLIENT_CONFIRMATION_OK"
16832,10410138972,10410139108,1,"IOTHUB_CLIENT_CONFIRMATION_OK"
16833,10410139172,10410139219,1,"IOTHUB_CLIENT_CONFIRMATION_OK"
16834,10410139372,10410139432,1,"IOTHUB_CLIENT_CONFIRMATION_OK"
16835,10410139572,10410139783,1,"IOTHUB_CLIENT_CONFIRMATION_OK"
16836,10410139772,10410139814,1,"IOTHUB_CLIENT_CONFIRMATION_OK"
16837,10410139972,10410140018,1,"IOTHUB_CLIENT_CONFIRMATION_OK"
16838,10410140172,10410140365,1,"IOTHUB_CLIENT_CONFIRMATION_OK"
16839,10410140373,10410140427,1,"IOTHUB_CLIENT_CONFIRMATION_OK"
16840,10410140573,10410140621,1,"IOTHUB_CLIENT_CONFIRMATION_OK"
16841,10410140773,10410140924,1,"IOTHUB_CLIENT_CONFIRMATION_OK"
16842,10410140973,10410141029,1,"IOTHUB_CLIENT_CONFIRMATION_OK"
16843,10410141173,10410141235,1,"IOTHUB_CLIENT_CONFIRMATION_OK"
16844,10410141373,10410141689,1,"IOTHUB_CLIENT_CONFIRMATION_OK"
16845,10410141574,10410141760,1,"IOTHUB_CLIENT_CONFIRMATION_OK"
16846,10410141774,10410141817,1,"IOTHUB_CLIENT_CONFIRMATION_OK"
16847,10410141974,10410142164,1,"IOTHUB_CLIENT_CONFIRMATION_OK"
16848,10410142174,10410142255,1,"IOTHUB_CLIENT_CONFIRMATION_OK"
16849,10410142374,10410142426,1,"IOTHUB_CLIENT_CONFIRMATION_OK"
16850,10410142574,10410142765,1,"IOTHUB_CLIENT_CONFIRMATION_OK"
16851,10410142775,10410142813,1,"IOTHUB_CLIENT_CONFIRMATION_OK"
16852,10410142975,10410143018,1,"IOTHUB_CLIENT_CONFIRMATION_OK"
16853,10410143175,10410143383,1,"IOTHUB_CLIENT_CONFIRMATION_OK"
16854,10410143375,10410143420,1,"IOTHUB_CLIENT_CONFIRMATION_OK"
16855,10410143575,10410143632,1,"IOTHUB_CLIENT_CONFIRMATION_OK"
16856,10410143775,10410143978,1,"IOTHUB_CLIENT_CONFIRMATION_OK"
16857,10410143976,10410144015,1,"IOTHUB_CLIENT_CONFIRMATION_OK"
16858,10410144176,10410144223,1,"IOTHUB_CLIENT_CONFIRMATION_OK"
16859,10410144376,10410144581,1,"IOTHUB_CLIENT_CONFIRMATION_OK"
16860,10410144576,10410144614,1,"IOTHUB_CLIENT_CONFIRMATION_OK"
16861,10410144776,10410144818,1,"IOTHUB_CLIENT_CONFIRMATION_OK"
16862,10410144976,10410145018,1,"IOTHUB_CLIENT_CONFIRMATION_OK"
16863,10410145176,10410145237,1,"IOTHUB_CLIENT_CONFIRMATION_OK"
16864,10410145377,10410145421,1,"IOTHUB_CLIENT_CONFIRMATION_OK"
16865,10410145577,10410145626,1,"IOTHUB_CLIENT_CONFIRMATION_OK"
16866,10410145777,10410145820,1,"IOTHUB_CLIENT_CONFIRMATION_OK"
16867,10410145977,10410146015,1,"IOTHUB_CLIENT_CONFIRMATION_OK"
16868,10410146177,10410146245,1,"IOTHUB_CLIENT_CONFIRMATION_OK"
16869,10410146377,10410146503,1,"IOTHUB_CLIENT_CONFIRMATION_OK"
16870,10410146577,10410146621,1,"IOTHUB_CLIENT_CONFIRMATION_OK"
16871,10410146778,10410146940,1,"IOTHUB_CLIENT_CONFIRMATION_OK"
16872,10410146978,10410147037,1,"IOTHUB_CLIENT_CONFIRMATION_OK"
16873,10410147178,10410147223,1,"IOTHUB_CLIENT_CONFIRMATION_OK"
16874,10410147378,10410147552,1,"IOTHUB_CLIENT_CONFIRMATION_OK"
16875,10410147578,10410147620,1,"IOTHUB_CLIENT_CONFIRMATION_OK"
16876,10410147778,10410147832,1,"IOTHUB_CLIENT_CONFIRMATION_OK"
16877,10410147979,10410148139,1,"IOTHUB_CLIENT_CONFIRMATION_OK"
16878,10410148179,10410148221,1,"IOTHUB_CLIENT_CONFIRMATION_OK"
16879,10410148379,10410148424,1,"IOTHUB_CLIENT_CONFIRMATION_OK"
16880,10410148579,10410148763,1,"IOTHUB_CLIENT_CONFIRMATION_OK"
16881,10410148779,10410148818,1,"IOTHUB_CLIENT_CONFIRMATION_OK"
16882,10410148979,10410149048,1,"IOTHUB_CLIENT_CONFIRMATION_OK"
16883,10410149180,10410149363,1,"IOTHUB_CLIENT_CONFIRMATION_OK"
16884,10410149380,10410149427,1,"IOTHUB_CLIENT_CONFIRMATION_OK"
16885,10410149580,10410149641,1,"IOTHUB_CLIENT_CONFIRMATION_OK"
16886,10410149780,10410150003,1,"IOTHUB_CLIENT_CONFIRMATION_OK"
16887,10410149980,10410150069,1,"IOTHUB_CLIENT_CONFIRMATION_OK"
16888,10410150180,10410150237,1,"IOTHUB_CLIENT_CONFIRMATION_OK"
16889,10410150381,10410150602,1,"IOTHUB_CLIENT_CONFIRMATION_OK"
16890,10410150581,10410150631,1,"IOTHUB_CLIENT_CONFIRMATION_OK"
16891,10410150781,10410150823,1,"IOTHUB_CLIENT_CONFIRMATION_OK"
16892,10410150981,10410151030,1,"IOTHUB_CLIENT_CONFIRMATION_OK"
16893,10410151181,10410151237,1,"IOTHUB_CLIENT_CONFIRMATION_OK"
16894,10410151381,10410151422,1,"IOTHUB_CLIENT_CONFIRMATION_OK"
16895,10410151582,10410151628,1,"IOTHUB_CLIENT_CONFIRMATION_OK"
16896,10410151782,10410151840,1,"IOTHUB_CLIENT_CONFIRMATION_OK"
16897,10410151982,10410152025,1,"IOTHUB_CLIENT_CONFIRMATION_OK"
16898,10410152182,10410152233,1,"IOTHUB_CLIENT_CONFIRMATION_OK"
16899,10410152382,10410152473,1,"IOTHUB_CLIENT_CONFIRMATION_OK"
16900,10410152582,10410152633,1,"IOTHUB_CLIENT_CONFIRMATION_OK"
16901,10410152783,10410152886,1,"IOTHUB_CLIENT_CONFIRMATION_OK"
16902,10410152983,10410153028,1,"IOTHUB_CLIENT_CONFIRMATION_OK"
16903,10410153183,10410153234,1,"IOTHUB_CLIENT_CONFIRMATION_OK"
16904,10410153383,10410153438,1,"IOTHUB_CLIENT_CONFIRMATION_OK"
16905,10410153583,10410153630,1,"IOTHUB_CLIENT_CONFIRMATION_OK"
16906,10410153783,10410153827,1,"IOTHUB_CLIENT_CONFIRMATION_OK"
16907,10410153983,10410154044,1,"IOTHUB_CLIENT_CONFIRMATION_OK"
16908,10410154184,10410154257,1,"IOTHUB_CLIENT_CONFIRMATION_OK"
16909,10410154384,10410154461,1,"IOTHUB_CLIENT_CONFIRMATION_OK"
16910,10410154584,10410154708,1,"IOTHUB_CLIENT_CONFIRMATION_OK"
16911,10410154784,10410154879,1,"IOTHUB_CLIENT_CONFIRMATION_OK"
16912,10410154984,10410155028,1,"IOTHUB_CLIENT_CONFIRMATION_OK"
16913,10410155184,10410155276,1,"IOTHUB_CLIENT_CONFIRMATION_OK"
16914,10410155384,10410155432,1,"IOTHUB_CLIENT_CONFIRMATION_OK"
16915,10410155585,10410155641,1,"IOTHUB_CLIENT_CONFIRMATION_OK"
16916,10410155785,10410155900,1,"IOTHUB_CLIENT_CONFIRMATION_OK"
16917,10410155985,10410156040,1,"IOTHUB_CLIENT_CONFIRMATION_OK"
16918,10410156185,10410156289,1,"IOTHUB_CLIENT_CONFIRMATION_OK"
16919,10410156385,10410156518,1,"IOTHUB_CLIENT_CONFIRMATION_OK"
16920,10410156585,10410156625,1,"IOTHUB_CLIENT_CONFIRMATION_OK"
16921,10410156786,10410156837,1,"IOTHUB_CLIENT_CONFIRMATION_OK"
16922,10410156986,10410157127,1,"IOTHUB_CLIENT_CONFIRMATION_OK"
16923,10410157186,10410157233,1,"IOTHUB_CLIENT_CONFIRMATION_OK"
16924,10410157386,10410157456,1,"IOTHUB_CLIENT_CONFIRMATION_OK"
16925,10410157586,10410157776,1,"IOTHUB_CLIENT_CONFIRMATION_OK"
16926,10410157786,10410157840,1,"IOTHUB_CLIENT_CONFIRMATION_OK"
16927,10410157987,10410158046,1,"IOTHUB_CLIENT_CONFIRMATION_OK"
16928,10410158187,10410158348,1,"IOTHUB_CLIENT_CONFIRMATION_OK"
16929,10410158387,10410158451,1,"IOTHUB_CLIENT_CONFIRMATION_OK"
16930,10410158587,10410158632,1,"IOTHUB_CLIENT_CONFIRMATION_OK"
16931,10410158787,10410158983,1,"IOTHUB_CLIENT_CONFIRMATION_OK"
16932,10410158987,10410159026,1,"IOTHUB_CLIENT_CONFIRMATION_OK"
16933,10410159187,10410159226,1,"IOTHUB_CLIENT_CONFIRMATION_OK"
16934,10410159388,10410159569,1,"IOTHUB_CLIENT_CONFIRMATION_OK"
16935,10410159588,10410159660,1,"IOTHUB_CLIENT_CONFIRMATION_OK"
16936,10410159788,10410159840,1,"IOTHUB_CLIENT_CONFIRMATION_OK"
16937,10410159988,10410160204,1,"IOTHUB_CLIENT_CONFIRMATION_OK"
16938,10410160188,10410160285,1,"IOTHUB_CLIENT_CONFIRMATION_OK"
16939,10410160388,10410160447,1,"IOTHUB_CLIENT_CONFIRMATION_OK"
16940,10410160589,10410160641,1,"IOTHUB_CLIENT_CONFIRMATION_OK"
16941,10410160789,10410160858,1,"IOTHUB_CLIENT_CONFIRMATION_OK"
16942,10410160989,10410161110,1,"IOTHUB_CLIENT_CONFIRMATION_OK"
16943,10410161189,10410161243,1,"IOTHUB_CLIENT_CONFIRMATION_OK"
16944,10410161389,10410161448,1,"IOTHUB_CLIENT_CONFIRMATION_OK"
16945,10410161589,10410161631,1,"IOTHUB_CLIENT_CONFIRMATION_OK"
16946,10410161790,10410161867,1,"IOTHUB_CLIENT_CONFIRMATION_OK"
16947,10410161990,10410162106,1,"IOTHUB_CLIENT_CONFIRMATION_OK"
16948,10410162190,10410162225,1,"IOTHUB_CLIENT_CONFIRMATION_OK"
16949,10410162390,10410162467,1,"IOTHUB_CLIENT_CONFIRMATION_OK"
16950,10410162590,10410162639,1,"IOTHUB_CLIENT_CONFIRMATION_OK"
16951,10410162790,10410162852,1,"IOTHUB_CLIENT_CONFIRMATION_OK"
16952,10410162991,10410163082,1,"IOTHUB_CLIENT_CONFIRMATION_OK"
16953,10410163191,10410163238,1,"IOTHUB_CLIENT_CONFIRMATION_OK"
16954,10410163391,10410163436,1,"IOTHUB_CLIENT_CONFIRMATION_OK"
16955,10410163591,10410163679,1,"IOTHUB_CLIENT_CONFIRMATION_OK"
16956,10410163791,10410163890,1,"IOTHUB_CLIENT_CONFIRMATION_OK"
16957,10410163991,10410164032,1,"IOTHUB_CLIENT_CONFIRMATION_OK"
16958,10410164191,10410164286,1,"IOTHUB_CLIENT_CONFIRMATION_OK"
16959,10410164392,10410164466,1,"IOTHUB_CLIENT_CONFIRMATION_OK"
16960,10410164592,10410164634,1,"IOTHUB_CLIENT_CONFIRMATION_OK"
16961,10410164792,10410164899,1,"IOTHUB_CLIENT_CONFIRMATION_OK"
16962,10410164992,10410165050,1,"IOTHUB_CLIENT_CONFIRMATION_OK"
16963,10410165192,10410165245,1,"IOTHUB_CLIENT_CONFIRMATION_OK"
16964,10410165392,10410165512,1,"IOTHUB_CLIENT_CONFIRMATION_OK"
16965,10410165593,10410165653,1,"IOTHUB_CLIENT_CONFIRMATION_OK"
16966,10410165793,10410165848,1,"IOTHUB_CLIENT_CONFIRMATION_OK"
16967,10410165993,10410166146,1,"IOTHUB_CLIENT_CONFIRMATION_OK"
16968,10410166193,10410166233,1,"IOTHUB_CLIENT_CONFIRMATION_OK"
16969,10410166393,10410166469,1,"IOTHUB_CLIENT_CONFIRMATION_OK"
16970,10410166593,10410166736,1,"IOTHUB_CLIENT_CONFIRMATION_OK"
16971,10410166793,10410167169,1,"IOTHUB_CLIENT_CONFIRMATION_OK"
16972,10410166994,10410167211,1,"IOTHUB_CLIENT_CONFIRMATION_OK"
16973,10410167194,10410167396,1,"IOTHUB_CLIENT_CONFIRMATION_OK"
16974,10410167394,10410167436,1,"IOTHUB_CLIENT_CONFIRMATION_OK"
16975,10410167594,10410167638,1,"IOTHUB_CLIENT_CONFIRMATION_OK"
16976,10410167794,10410168039,1,"IOTHUB_CLIENT_CONFIRMATION_OK"
16977,10410167994,10410168079,1,"IOTHUB_CLIENT_CONFIRMATION_OK"
16978,10410168195,10410168242,1,"IOTHUB_CLIENT_CONFIRMATION_OK"
16979,10410168395,10410168451,1,"IOTHUB_CLIENT_CONFIRMATION_OK"
16980,10410168595,10410168651,1,"IOTHUB_CLIENT_CONFIRMATION_OK"
16981,10410168795,10410168840,1,"IOTHUB_CLIENT_CONFIRMATION_OK"
16982,10410168995,10410169039,1,"IOTHUB_CLIENT_CONFIRMATION_OK"
16983,10410169195,10410169245,1,"IOTHUB_CLIENT_CONFIRMATION_OK"
16984,10410169396,10410169444,1,"IOTHUB_CLIENT_CONFIRMATION_OK"
16985,10410169596,10410169653,1,"IOTHUB_CLIENT_CONFIRMATION_OK"
16986,10410169796,10410169838,1,"IOTHUB_CLIENT_CONFIRMATION_OK"
16987,10410169996,10410170048,1,"IOTHUB_CLIENT_CONFIRMATION_OK"
16988,10410170196,10410170397,1,"IOTHUB_CLIENT_CONFIRMATION_OK"
16989,10410170396,10410170452,1,"IOTHUB_CLIENT_CONFIRMATION_OK"
16990,10410170596,10410170640,1,"IOTHUB_CLIENT_CONFIRMATION_OK"
16991,10410170797,10410170982,1,"IOTHUB_CLIENT_CONFIRMATION_OK"
16992,10410170997,10410171047,1,"IOTHUB_CLIENT_CONFIRMATION_OK"
16993,10410171197,10410171240,1,"IOTHUB_CLIENT_CONFIRMATION_OK"
16994,10410171397,10410171597,1,"IOTHUB_CLIENT_CONFIRMATION_OK"
16995,10410171597,10410171634,1,"IOTHUB_CLIENT_CONFIRMATION_OK"
16996,10410171797,10410171867,1,"IOTHUB_CLIENT_CONFIRMATION_OK"
16997,10410171997,10410172327,1,"IOTHUB_CLIENT_CONFIRMATION_OK"
16998,10410172198,10410172410,1,"IOTHUB_CLIENT_CONFIRMATION_OK"
16999,10410172398,10410172460,1,"IOTHUB_CLIENT_CONFIRMATION_OK"
17000,10410172598,10410172810,1,"IOTHUB_CLIENT_CONFIRMATION_OK"
17001,10410172798,10410172872,1,"IOTHUB_CLIENT_CONFIRMATION_OK"
17002,10410172998,10410173038,1,"IOTHUB_CLIENT_CONFIRMATION_OK"
17003,10410173198,10410173302,1,"IOTHUB_CLIENT_CONFIRMATION_OK"
17004,10410173399,10410173438,1,"IOTHUB_CLIENT_CONFIRMATION_OK"
17005,10410173599,10410173652,1,"IOTHUB_CLIENT_CONFIRMATION_OK"
17006,10410173799,10410173837,1,"IOTHUB_CLIENT_CONFIRMATION_OK"
17007,10410173999,10410174049,1,"IOTHUB_CLIENT_CONFIRMATION_OK"
17008,10410174199,10410174247,1,"IOTHUB_CLIENT_CONFIRMATION_OK"
17009,10410174399,10410174449,1,"IOTHUB_CLIENT_CONFIRMATION_OK"
17010,10410174600,10410174653,1,"IOTHUB_CLIENT_CONFIRMATION_OK"
17011,10410174800,10410174843,1,"IOTHUB_CLIENT_CONFIRMATION_OK"
17012,10410175000,10410175052,1,"IOTHUB_CLIENT_CONFIRMATION_OK"
17013,10410175200,10410175247,1,"IOTHUB_CLIENT_CONFIRMATION_OK"
17014,10410175400,10410175435,1,"IOTHUB_CLIENT_CONFIRMATION_OK"
17015,10410175600,10410175643,1,"IOTHUB_CLIENT_CONFIRMATION_OK"
17016,10410175800,10410175851,1,"IOTHUB_CLIENT_CONFIRMATION_OK"
17017,10410176001,10410176053,1,"IOTHUB_CLIENT_CONFIRMATION_OK"
17018,10410176201,10410176263,1,"IOTHUB_CLIENT_CONFIRMATION_OK"
17019,10410176401,10410176474,1,"IOTHUB_CLIENT_CONFIRMATION_OK"
17020,10410176601,10410176663,1,"IOTHUB_CLIENT_CONFIRMATION_OK"
17021,10410176801,10410176882,1,"IOTHUB_CLIENT_CONFIRMATION_OK"
17022,10410177001,10410177060,1,"IOTHUB_CLIENT_CONFIRMATION_OK"
17023,10410177202,10410177250,1,"IOTHUB_CLIENT_CONFIRMATION_OK"
17024,10410177402,10410177487,1,"IOTHUB_CLIENT_CONFIRMATION_OK"
17025,10410177602,10410177651,1,"IOTHUB_CLIENT_CONFIRMATION_OK"
17026,10410177802,10410177854,1,"IOTHUB_CLIENT_CONFIRMATION_OK"
17027,10410178002,10410178089,1,"IOTHUB_CLIENT_CONFIRMATION_OK"
17028,10410178202,10410178257,1,"IOTHUB_CLIENT_CONFIRMATION_OK"
17029,10410178402,10410178447,1,"IOTHUB_CLIENT_CONFIRMATION_OK"
17030,10410178603,10410178707,1,"IOTHUB_CLIENT_CONFIRMATION_OK"
17031,10410178803,10410178845,1,"IOTHUB_CLIENT_CONFIRMATION_OK"
17032,10410179003,10410179066,1,"IOTHUB_CLIENT_CONFIRMATION_OK"
17033,10410179203,10410179312,1,"IOTHUB_CLIENT_CONFIRMATION_OK"
17034,10410179403,10410179476,1,"IOTHUB_CLIENT_CONFIRMATION_OK"
17035,10410179603,10410179654,1,"IOTHUB_CLIENT_CONFIRMATION_OK"
17036,10410179803,10410179915,1,"IOTHUB_CLIENT_CONFIRMATION_OK"
17037,10410180004,10410180053,1,"IOTHUB_CLIENT_CONFIRMATION_OK"
17038,10410180204,10410180263,1,"IOTHUB_CLIENT_CONFIRMATION_OK"
17039,10410180404,10410180529,1,"IOTHUB_CLIENT_CONFIRMATION_OK"
17040,10410180604,10410180643,1,"IOTHUB_CLIENT_CONFIRMATION_OK"
17041,10410180804,10410180846,1,"IOTHUB_CLIENT_CONFIRMATION_OK"
17042,10410181004,10410181140,1,"IOTHUB_CLIENT_CONFIRMATION_OK"
17043,10410181205,10410181258,1,"IOTHUB_CLIENT_CONFIRMATION_OK"
17044,10410181405,10410181457,1,"IOTHUB_CLIENT_CONFIRMATION_OK"
17045,10410181605,10410181788,1,"IOTHUB_CLIENT_CONFIRMATION_OK"
17046,10410181805,10410181843,1,"IOTHUB_CLIENT_CONFIRMATION_OK"
17047,10410182005,10410182087,1,"IOTHUB_CLIENT_CONFIRMATION_OK"
17048,10410182205,10410182351,1,"IOTHUB_CLIENT_CONFIRMATION_OK"
17049,10410182406,10410182448,1,"IOTHUB_CLIENT_CONFIRMATION_OK"
17050,10410182606,10410182646,1,"IOTHUB_CLIENT_CONFIRMATION_OK"
17051,10410182806,10410182977,1,"IOTHUB_CLIENT_CONFIRMATION_OK"
17052,10410183006,10410183056,1,"IOTHUB_CLIENT_CONFIRMATION_OK"
17053,10410183206,10410183259,1,"IOTHUB_CLIENT_CONFIRMATION_OK"
17054,10410183406,10410183636,1,"IOTHUB_CLIENT_CONFIRMATION_OK"
17055,10410183606,10410183690,1,"IOTHUB_CLIENT_CONFIRMATION_OK"
17056,10410183807,10410183908,1,"IOTHUB_CLIENT_CONFIRMATION_OK"
17057,10410184007,10410184183,1,"IOTHUB_CLIENT_CONFIRMATION_OK"
17058,10410184207,10410184327,1,"IOTHUB_CLIENT_CONFIRMATION_OK"
17059,10410184407,10410184472,1,"IOTHUB_CLIENT_CONFIRMATION_OK"
17060,10410184607,10410184780,1,"IOTHUB_CLIENT_CONFIRMATION_OK"
17061,10410184807,10410184884,1,"IOTHUB_CLIENT_CONFIRMATION_OK"
17062,10410185007,10410185072,1,"IOTHUB_CLIENT_CONFIRMATION_OK"
17063,10410185208,10410185405,1,"IOTHUB_CLIENT_CONFIRMATION_OK"
17064,10410185408,10410185467,1,"IOTHUB_CLIENT_CONFIRMATION_OK"
17065,10410185608,10410185669,1,"IOTHUB_CLIENT_CONFIRMATION_OK"
17066,10410185808,10410185848,1,"IOTHUB_CLIENT_CONFIRMATION_OK"
17067,10410186008,10410186053,1,"IOTHUB_CLIENT_CONFIRMATION_OK"
17068,10410186208,10410186271,1,"IOTHUB_CLIENT_CONFIRMATION_OK"
17069,10410186409,10410186487,1,"IOTHUB_CLIENT_CONFIRMATION_OK"
17070,10410186609,10410186661,1,"IOTHUB_CLIENT_CONFIRMATION_OK"
17071,10410186809,10410186848,1,"IOTHUB_CLIENT_CONFIRMATION_OK"
17072,10410187009,10410187061,1,"IOTHUB_CLIENT_CONFIRMATION_OK"
17073,10410187209,10410187291,1,"IOTHUB_CLIENT_CONFIRMATION_OK"
17074,10410187409,10410187451,1,"IOTHUB_CLIENT_CONFIRMATION_OK"
17075,10410187610,10410187657,1,"IOTHUB_CLIENT_CONFIRMATION_OK"
17076,10410187810,10410187867,1,"IOTHUB_CLIENT_CONFIRMATION_OK"
17077,10410188010,10410188052,1,"IOTHUB_CLIENT_CONFIRMATION_OK"
17078,10410188210,10410188328,1,"IOTHUB_CLIENT_CONFIRMATION_OK"
17079,10410188410,10410188468,1,"IOTHUB_CLIENT_CONFIRMATION_OK"
17080,10410188610,10410188650,1,"IOTHUB_CLIENT_CONFIRMATION_OK"
17081,10410188810,10410188990,1,"IOTHUB_CLIENT_CONFIRMATION_OK"
17082,10410189011,10410189084,1,"IOTHUB_CLIENT_CONFIRMATION_OK"
17083,10410189211,10410189284,1,"IOTHUB_CLIENT_CONFIRMATION_OK"
17084,10410189411,10410189561,1,"IOTHUB_CLIENT_CONFIRMATION_OK"
17085,10410189611,10410189666,1,"IOTHUB_CLIENT_CONFIRMATION_OK"
17086,10410189811,10410189856,1,"IOTHUB_CLIENT_CONFIRMATION_OK"
17087,10410190011,10410190179,1,"IOTHUB_CLIENT_CONFIRMATION_OK"
17088,10410190212,10410190247,1,"IOTHUB_CLIENT_CONFIRMATION_OK"
17089,10410190412,10410190473,1,"IOTHUB_CLIENT_CONFIRMATION_OK"
17090,10410190612,10410190777,1,"IOTHUB_CLIENT_CONFIRMATION_OK"
17091,10410190812,10410190857,1,"IOTHUB_CLIENT_CONFIRMATION_OK"
17092,10410191012,10410191063,1,"IOTHUB_CLIENT_CONFIRMATION_OK"
17093,10410191212,10410191437,1,"IOTHUB_CLIENT_CONFIRMATION_OK"
17094,10410191412,10410191485,1,"IOTHUB_CLIENT_CONFIRMATION_OK"
17095,10410191613,10410191674,1,"IOTHUB_CLIENT_CONFIRMATION_OK"
17096,10410191813,10410192022,1,"IOTHUB_CLIENT_CONFIRMATION_OK"
17097,10410192013,10410192086,1,"IOTHUB_CLIENT_CONFIRMATION_OK"
17098,10410192213,10410192272,1,"IOTHUB_CLIENT_CONFIRMATION_OK"
17099,10410192413,10410192458,1,"IOTHUB_CLIENT_CONFIRMATION_OK"
17100,10410192613,10410192681,1,"IOTHUB_CLIENT_CONFIRMATION_OK"
17101,10410192814,10410192868,1,"IOTHUB_CLIENT_CONFIRMATION_OK"
17102,10410193014,10410193064,1,"IOTHUB_CLIENT_CONFIRMATION_OK"
17103,10410193214,10410193255,1,"IOTHUB_CLIENT_CONFIRMATION_OK"
17104,10410193414,10410193473,1,"IOTHUB_CLIENT_CONFIRMATION_OK"
17105,10410193614,10410193657,1,"IOTHUB_CLIENT_CONFIRMATION_OK"
17106,10410193814,10410193872,1,"IOTHUB_CLIENT_CONFIRMATION_OK"
17107,10410194014,10410194063,1,"IOTHUB_CLIENT_CONFIRMATION_OK"
17108,10410194215,10410194252,1,"IOTHUB_CLIENT_CONFIRMATION_OK"
17109,10410194415,10410194472,1,"IOTHUB_CLIENT_CONFIRMATION_OK"
17110,10410194615,10410194717,1,"IOTHUB_CLIENT_CONFIRMATION_OK"
17111,10410194815,10410194859,1,"IOTHUB_CLIENT_CONFIRMATION_OK"
17112,10410195015,10410195064,1,"IOTHUB_CLIENT_CONFIRMATION_OK"
17113,10410195215,10410195274,1,"IOTHUB_CLIENT_CONFIRMATION_OK"
17114,10410195416,10410195461,1,"IOTHUB_CLIENT_CONFIRMATION_OK"
17115,10410195616,10410195656,1,"IOTHUB_CLIENT_CONFIRMATION_OK"
17116,10410195816,10410195857,1,"IOTHUB_CLIENT_CONFIRMATION_OK"
17117,10410196016,10410196067,1,"IOTHUB_CLIENT_CONFIRMATION_OK"
17118,10410196216,10410196256,1,"IOTHUB_CLIENT_CONFIRMATION_OK"
17119,10410196416,10410196539,1,"IOTHUB_CLIENT_CONFIRMATION_OK"
17120,10410196616,10410196676,1,"IOTHUB_CLIENT_CONFIRMATION_OK"
17121,10410196817,10410196908,1,"IOTHUB_CLIENT_CONFIRMATION_OK"
17122,10410197017,10410197065,1,"IOTHUB_CLIENT_CONFIRMATION_OK"
17123,10410197217,10410197316,1,"IOTHUB_CLIENT_CONFIRMATION_OK"
17124,10410197417,10410197476,1,"IOTHUB_CLIENT_CONFIRMATION_OK"
17125,10410197617,10410197669,1,"IOTHUB_CLIENT_CONFIRMATION_OK"
17126,10410197817,10410197926,1,"IOTHUB_CLIENT_CONFIRMATION_OK"
17127,10410198018,10410198055,1,"IOTHUB_CLIENT_CONFIRMATION_OK"
17128,10410198218,10410198358,1,"IOTHUB_CLIENT_CONFIRMATION_OK"
17129,10410198418,10410198545,1,"IOTHUB_CLIENT_CONFIRMATION_OK"
17130,10410198618,10410198676,1,"IOTHUB_CLIENT_CONFIRMATION_OK"
17131,10410198818,10410198913,1,"IOTHUB_CLIENT_CONFIRMATION_OK"
17132,10410199018,10410199144,1,"IOTHUB_CLIENT_CONFIRMATION_OK"
17133,10410199219,10410199259,1,"IOTHUB_CLIENT_CONFIRMATION_OK"
17134,10410199419,10410199462,1,"IOTHUB_CLIENT_CONFIRMATION_OK"
17135,10410199619,10410199771,1,"IOTHUB_CLIENT_CONFIRMATION_OK"
17136,10410199819,10410199861,1,"IOTHUB_CLIENT_CONFIRMATION_OK"
17137,10410200019,10410200062,1,"IOTHUB_CLIENT_CONFIRMATION_OK"
17138,10410200219,10410200386,1,"IOTHUB_CLIENT_CONFIRMATION_OK"
17139,10410200419,10410200467,1,"IOTHUB_CLIENT_CONFIRMATION_OK"
17140,10410200620,10410200685,1,"IOTHUB_CLIENT_CONFIRMATION_OK"
17141,10410200820,10410200969,1,"IOTHUB_CLIENT_CONFIRMATION_OK"
17142,10410201020,10410201059,1,"IOTHUB_CLIENT_CONFIRMATION_OK"
17143,10410201220,10410201270,1,"IOTHUB_CLIENT_CONFIRMATION_OK"
17144,10410201420,10410201589,1,"IOTHUB_CLIENT_CONFIRMATION_OK"
17145,10410201620,10410201702,1,"IOTHUB_CLIENT_CONFIRMATION_OK"
17146,10410201821,10410201865,1,"IOTHUB_CLIENT_CONFIRMATION_OK"
17147,10410202021,10410202185,1,"IOTHUB_CLIENT_CONFIRMATION_OK"
17148,10410202221,10410202302,1,"IOTHUB_CLIENT_CONFIRMATION_OK"
17149,10410202421,10410202480,1,"IOTHUB_CLIENT_CONFIRMATION_OK"
17150,10410202621,10410202770,1,"IOTHUB_CLIENT_CONFIRMATION_OK"
17151,10410202821,10410202873,1,"IOTHUB_CLIENT_CONFIRMATION_OK"
17152,10410203021,10410203082,1,"IOTHUB_CLIENT_CONFIRMATION_OK"
17153,10410203222,10410203268,1,"IOTHUB_CLIENT_CONFIRMATION_OK"
17154,10410203422,10410203482,1,"IOTHUB_CLIENT_CONFIRMATION_OK"
17155,10410203622,10410203669,1,"IOTHUB_CLIENT_CONFIRMATION_OK"
17156,10410203822,10410203891,1,"IOTHUB_CLIENT_CONFIRMATION_OK"
17157,10410204022,10410204093,1,"IOTHUB_CLIENT_CONFIRMATION_OK"
17158,10410204222,10410204272,1,"IOTHUB_CLIENT_CONFIRMATION_OK"
17159,10410204423,10410204481,1,"IOTHUB_CLIENT_CONFIRMATION_OK"
17160,10410204623,10410204678,1,"IOTHUB_CLIENT_CONFIRMATION_OK"
17161,10410204823,10410204887,1,"IOTHUB_CLIENT_CONFIRMATION_OK"
17162,10410205023,10410205074,1,"IOTHUB_CLIENT_CONFIRMATION_OK"
17163,10410205223,10410205279,1,"IOTHUB_CLIENT_CONFIRMATION_OK"
17164,10410205423,10410205523,1,"IOTHUB_CLIENT_CONFIRMATION_OK"
17165,10410205624,10410205717,1,"IOTHUB_CLIENT_CONFIRMATION_OK"
17166,10410205824,10410205882,1,"IOTHUB_CLIENT_CONFIRMATION_OK"
17167,10410206024,10410206065,1,"IOTHUB_CLIENT_CONFIRMATION_OK"
17168,10410206224,10410206282,1,"IOTHUB_CLIENT_CONFIRMATION_OK"
17169,10410206424,10410206469,1,"IOTHUB_CLIENT_CONFIRMATION_OK"
17170,10410206624,10410206665,1,"IOTHUB_CLIENT_CONFIRMATION_OK"
17171,10410206824,10410206887,1,"IOTHUB_CLIENT_CONFIRMATION_OK"
17172,10410207025,10410207084,1,"IOTHUB_CLIENT_CONFIRMATION_OK"
17173,10410207225,10410207265,1,"IOTHUB_CLIENT_CONFIRMATION_OK"
17174,10410207425,10410207492,1,"IOTHUB_CLIENT_CONFIRMATION_OK"
17175,10410207625,10410207832,1,"IOTHUB_CLIENT_CONFIRMATION_OK"
17176,10410207825,10410207923,1,"IOTHUB_CLIENT_CONFIRMATION_OK"
17177,10410208025,10410208109,1,"IOTHUB_CLIENT_CONFIRMATION_OK"
17178,10410208226,10410208274,1,"IOTHUB_CLIENT_CONFIRMATION_OK"
17179,10410208426,10410208482,1,"IOTHUB_CLIENT_CONFIRMATION_OK"
17180,10410208626,10410208719,1,"IOTHUB_CLIENT_CONFIRMATION_OK"
17181,10410208826,10410208879,1,"IOTHUB_CLIENT_CONFIRMATION_OK"
17182,10410209026,10410209061,1,"IOTHUB_CLIENT_CONFIRMATION_OK"
17183,10410209226,10410209417,1,"IOTHUB_CLIENT_CONFIRMATION_OK"
17184,10410209427,10410209479,1,"IOTHUB_CLIENT_CONFIRMATION_OK"
17185,10410209627,10410209674,1,"IOTHUB_CLIENT_CONFIRMATION_OK"
17186,10410209827,10410209945,1,"IOTHUB_CLIENT_CONFIRMATION_OK"
17187,10410210027,10410210069,1,"IOTHUB_CLIENT_CONFIRMATION_OK"
17188,10410210227,10410210283,1,"IOTHUB_CLIENT_CONFIRMATION_OK"
17189,10410210427,10410210583,1,"IOTHUB_CLIENT_CONFIRMATION_OK"
17190,10410210627,10410210672,1,"IOTHUB_CLIENT_CONFIRMATION_OK"
17191,10410210828,10410210884,1,"IOTHUB_CLIENT_CONFIRMATION_OK"
17192,10410211028,10410211179,1,"IOTHUB_CLIENT_CONFIRMATION_OK"
17193,10410211228,10410211421,1,"IOTHUB_CLIENT_CONFIRMATION_OK"
17194,10410211428,10410211491,1,"IOTHUB_CLIENT_CONFIRMATION_OK"
17195,10410211628,10410211827,1,"IOTHUB_CLIENT_CONFIRMATION_OK"
17196,10410211828,10410211897,1,"IOTHUB_CLIENT_CONFIRMATION_OK"
17197,10410212029,10410212093,1,"IOTHUB_CLIENT_CONFIRMATION_OK"
17198,10410212229,10410212268,1,"IOTHUB_CLIENT_CONFIRMATION_OK"
17199,10410212429,10410212487,1,"IOTHUB_CLIENT_CONFIRMATION_OK"
17200,10410212629,10410212694,1,"IOTHUB_CLIENT_CONFIRMATION_OK"
17201,10410212829,10410212873,1,"IOTHUB_CLIENT_CONFIRMATION_OK"
17202,10410213029,10410213071,1,"IOTHUB_CLIENT_CONFIRMATION_OK"
17203,10410213229,10410213274,1,"IOTHUB_CLIENT_CONFIRMATION_OK"
17204,10410213430,10410213497,1,"IOTHUB_CLIENT_CONFIRMATION_OK"
17205,10410213630,10410213690,1,"IOTHUB_CLIENT_CONFIRMATION_OK"
17206,10410213830,10410213885,1,"IOTHUB_CLIENT_CONFIRMATION_OK"
17207,10410214030,10410214118,1,"IOTHUB_CLIENT_CONFIRMATION_OK"
17208,10410214230,10410214269,1,"IOTHUB_CLIENT_CONFIRMATION_OK"
17209,10410214430,10410214479,1,"IOTHUB_CLIENT_CONFIRMATION_OK"
17210,10410214631,10410214684,1,"IOTHUB_CLIENT_CONFIRMATION_OK"
17211,10410214831,10410214876,1,"IOTHUB_CLIENT_CONFIRMATION_OK"
17212,10410215031,10410215073,1,"IOTHUB_CLIENT_CONFIRMATION_OK"
17213,10410215231,10410215287,1,"IOTHUB_CLIENT_CONFIRMATION_OK"
17214,10410215431,10410215476,1,"IOTHUB_CLIENT_CONFIRMATION_OK"
17215,10410215631,10410215682,1,"IOTHUB_CLIENT_CONFIRMATION_OK"
17216,10410215832,10410215893,1,"IOTHUB_CLIENT_CONFIRMATION_OK"
17217,10410216032,10410216084,1,"IOTHUB_CLIENT_CONFIRMATION_OK"
17218,10410216232,10410216277,1,"IOTHUB_CLIENT_CONFIRMATION_OK"
17219,10410216432,10410216532,1,"IOTHUB_CLIENT_CONFIRMATION_OK"
17220,10410216632,10410216691,1,"IOTHUB_CLIENT_CONFIRMATION_OK"
17221,10410216832,10410216921,1,"IOTHUB_CLIENT_CONFIRMATION_OK"
17222,10410217032,10410217172,1,"IOTHUB_CLIENT_CONFIRMATION_OK"
17223,10410217233,10410217273,1,"IOTHUB_CLIENT_CONFIRMATION_OK"
17224,10410217433,10410217474,1,"IOTHUB_CLIENT_CONFIRMATION_OK"
17225,10410217633,10410217769,1,"IOTHUB_CLIENT_CONFIRMATION_OK"
17226,10410217833,10410217875,1,"IOTHUB_CLIENT_CONFIRMATION_OK"
17227,10410218033,10410218080,1,"IOTHUB_CLIENT_CONFIRMATION_OK"
17228,10410218233,10410218363,1,"IOTHUB_CLIENT_CONFIRMATION_OK"
17229,10410218434,10410218484,1,"IOTHUB_CLIENT_CONFIRMATION_OK"
17230,10410218634,10410218750,1,"IOTHUB_CLIENT_CONFIRMATION_OK"
17231,10410218834,10410218999,1,"IOTHUB_CLIENT_CONFIRMATION_OK"
17232,10410219034,10410219075,1,"IOTHUB_CLIENT_CONFIRMATION_OK"
17233,10410219234,10410219272,1,"IOTHUB_CLIENT_CONFIRMATION_OK"
17234,10410219434,10410219582,1,"IOTHUB_CLIENT_CONFIRMATION_OK"
17235,10410219634,10410219671,1,"IOTHUB_CLIENT_CONFIRMATION_OK"
17236,10410219835,10410219876,1,"IOTHUB_CLIENT_CONFIRMATION_OK"
17237,10410220035,10410220228,1,"IOTHUB_CLIENT_CONFIRMATION_OK"
17238,10410220235,10410220300,1,"IOTHUB_CLIENT_CONFIRMATION_OK"
17239,10410220435,10410220490,1,"IOTHUB_CLIENT_CONFIRMATION_OK"
17240,10410220635,10410220673,1,"IOTHUB_CLIENT_CONFIRMATION_OK"
17241,10410220835,10410220885,1,"IOTHUB_CLIENT_CONFIRMATION_OK"
17242,10410221036,10410221141,1,"IOTHUB_CLIENT_CONFIRMATION_OK"
17243,10410221236,10410221289,1,"IOTHUB_CLIENT_CONFIRMATION_OK"
17244,10410221436,10410221503,1,"IOTHUB_CLIENT_CONFIRMATION_OK"
17245,10410221636,10410221689,1,"IOTHUB_CLIENT_CONFIRMATION_OK"
17246,10410221836,10410221896,1,"IOTHUB_CLIENT_CONFIRMATION_OK"
17247,10410222036,10410222085,1,"IOTHUB_CLIENT_CONFIRMATION_OK"
17248,10410222237,10410222288,1,"IOTHUB_CLIENT_CONFIRMATION_OK"
17249,10410222437,10410222533,1,"IOTHUB_CLIENT_CONFIRMATION_OK"
17250,10410222637,10410222687,1,"IOTHUB_CLIENT_CONFIRMATION_OK"
17251,10410222837,10410222884,1,"IOTHUB_CLIENT_CONFIRMATION_OK"
17252,10410223037,10410223087,1,"IOTHUB_CLIENT_CONFIRMATION_OK"
17253,10410223237,10410223280,1,"IOTHUB_CLIENT_CONFIRMATION_OK"
17254,10410223438,10410223483,1,"IOTHUB_CLIENT_CONFIRMATION_OK"
17255,10410223638,10410223685,1,"IOTHUB_CLIENT_CONFIRMATION_OK"
17256,10410223838,10410223912,1,"IOTHUB_CLIENT_CONFIRMATION_OK"
17257,10410224038,10410224093,1,"IOTHUB_CLIENT_CONFIRMATION_OK"
17258,10410224238,10410224360,1,"IOTHUB_CLIENT_CONFIRMATION_OK"
17259,10410224438,10410224488,1,"IOTHUB_CLIENT_CONFIRMATION_OK"
17260,10410224638,10410224681,1,"IOTHUB_CLIENT_CONFIRMATION_OK"
17261,10410224839,10410224982,1,"IOTHUB_CLIENT_CONFIRMATION_OK"
17262,10410225039,10410225377,1,"IOTHUB_CLIENT_CONFIRMATION_OK"
17263,10410225239,10410225464,1,"IOTHUB_CLIENT_CONFIRMATION_OK"
17264,10410225439,10410225557,1,"IOTHUB_CLIENT_CONFIRMATION_OK"
17265,10410225639,10410225697,1,"IOTHUB_CLIENT_CONFIRMATION_OK"
17266,10410225839,10410225891,1,"IOTHUB_CLIENT_CONFIRMATION_OK"
17267,10410226040,10410226151,1,"IOTHUB_CLIENT_CONFIRMATION_OK"
17268,10410226240,10410226311,1,"IOTHUB_CLIENT_CONFIRMATION_OK"
17269,10410226440,10410226513,1,"IOTHUB_CLIENT_CONFIRMATION_OK"
17270,10410226640,10410226755,1,"IOTHUB_CLIENT_CONFIRMATION_OK"
17271,10410226840,10410226900,1,"IOTHUB_CLIENT_CONFIRMATION_OK"
17272,10410227040,10410227100,1,"IOTHUB_CLIENT_CONFIRMATION_OK"
17273,10410227241,10410227361,1,"IOTHUB_CLIENT_CONFIRMATION_OK"
17274,10410227441,10410227551,1,"IOTHUB_CLIENT_CONFIRMATION_OK"
17275,10410227641,10410227687,1,"IOTHUB_CLIENT_CONFIRMATION_OK"
17276,10410227841,10410227976,1,"IOTHUB_CLIENT_CONFIRMATION_OK"
17277,10410228041,10410228086,1,"IOTHUB_CLIENT_CONFIRMATION_OK"
17278,10410228241,10410228312,1,"IOTHUB_CLIENT_CONFIRMATION_OK"
17279,10410228442,10410228598,1,"IOTHUB_CLIENT_CONFIRMATION_OK"
17280,10410228642,10410228683,1,"IOTHUB_CLIENT_CONFIRMATION_OK"
17281,10410228842,10410228893,1,"IOTHUB_CLIENT_CONFIRMATION_OK"
17282,10410229042,10410229332,1,"IOTHUB_CLIENT_CONFIRMATION_OK"
17283,10410229242,10410229417,1,"IOTHUB_CLIENT_CONFIRMATION_OK"
17284,10410229442,10410229525,1,"IOTHUB_CLIENT_CONFIRMATION_OK"
17285,10410229643,10410229705,1,"IOTHUB_CLIENT_CONFIRMATION_OK"
17286,10410229843,10410229892,1,"IOTHUB_CLIENT_CONFIRMATION_OK"
17287,10410230043,10410230084,1,"IOTHUB_CLIENT_CONFIRMATION_OK"
17288,10410230243,10410230282,1,"IOTHUB_CLIENT_CONFIRMATION_OK"
17289,10410230443,10410230483,1,"IOTHUB_CLIENT_CONFIRMATION_OK"
17290,10410230643,10410230688,1,"IOTHUB_CLIENT_CONFIRMATION_OK"
17291,10410230843,10410230909,1,"IOTHUB_CLIENT_CONFIRMATION_OK"
17292,10410231044,10410231079,1,"IOTHUB_CLIENT_CONFIRMATION_OK"
17293,10410231244,10410231286,1,"IOTHUB_CLIENT_CONFIRMATION_OK"
17294,10410231444,10410231494,1,"IOTHUB_CLIENT_CONFIRMATION_OK"
17295,10410231644,10410231701,1,"IOTHUB_CLIENT_CONFIRMATION_OK"
17296,10410231844,10410231884,1,"IOTHUB_CLIENT_CONFIRMATION_OK"
17297,10410232044,10410232099,1,"IOTHUB_CLIENT_CONFIRMATION_OK"
17298,10410232245,10410232292,1,"IOTHUB_CLIENT_CONFIRMATION_OK"
17299,10410232445,10410232493,1,"IOTHUB_CLIENT_CONFIRMATION_OK"
17300,10410232645,10410232692,1,"IOTHUB_CLIENT_CONFIRMATION_OK"
17301,10410232845,10410232941,1,"IOTHUB_CLIENT_CONFIRMATION_OK"
17302,10410233045,10410233086,1,"IOTHUB_CLIENT_CONFIRMATION_OK"
17303,10410233245,10410233312,1,"IOTHUB_CLIENT_CONFIRMATION_OK"
17304,10410233446,10410233531,1,"IOTHUB_CLIENT_CONFIRMATION_OK"
17305,10410233646,10410233725,1,"IOTHUB_CLIENT_CONFIRMATION_OK"
17306,10410233846,10410234002,1,"IOTHUB_CLIENT_CONFIRMATION_OK"
17307,10410234046,10410234085,1,"IOTHUB_CLIENT_CONFIRMATION_OK"
17308,10410234246,10410234299,1,"IOTHUB_CLIENT_CONFIRMATION_OK"
17309,10410234446,10410234509,1,"IOTHUB_CLIENT_CONFIRMATION_OK"
17310,10410234646,10410234690,1,"IOTHUB_CLIENT_CONFIRMATION_OK"
17311,10410234847,10410234891,1,"IOTHUB_CLIENT_CONFIRMATION_OK"
17312,10410235047,10410235108,1,"IOTHUB_CLIENT_CONFIRMATION_OK"
17313,10410235247,10410235306,1,"IOTHUB_CLIENT_CONFIRMATION_OK"
17314,10410235447,10410235522,1,"IOTHUB_CLIENT_CONFIRMATION_OK"
17315,10410235647,10410235701,1,"IOTHUB_CLIENT_CONFIRMATION_OK"
17316,10410235847,10410235897,1,"IOTHUB_CLIENT_CONFIRMATION_OK"
17317,10410236047,10410236120,1,"IOTHUB_CLIENT_CONFIRMATION_OK"
17318,10410236248,10410236286,1,"IOTHUB_CLIENT_CONFIRMATION_OK"
17319,10410236448,10410236490,1,"IOTHUB_CLIENT_CONFIRMATION_OK"
17320,10410236648,10410236814,1,"IOTHUB_CLIENT_CONFIRMATION_OK"
17321,10410236848,10410236899,1,"IOTHUB_CLIENT_CONFIRMATION_OK"
17322,10410237048,10410237107,1,"IOTHUB_CLIENT_CONFIRMATION_OK"
17323,10410237248,10410237298,1,"IOTHUB_CLIENT_CONFIRMATION_OK"
17324,10410237449,10410237530,1,"IOTHUB_CLIENT_CONFIRMATION_OK"
17325,10410237649,10410237701,1,"IOTHUB_CLIENT_CONFIRMATION_OK"
17326,10410237849,10410237893,1,"IOTHUB_CLIENT_CONFIRMATION_OK"
17327,10410238049,10410238086,1,"IOTHUB_CLIENT_CONFIRMATION_OK"
17328,10410238249,10410238311,1,"IOTHUB_CLIENT_CONFIRMATION_OK"
17329,10410238449,10410238514,1,"IOTHUB_CLIENT_CONFIRMATION_OK"
17330,10410238650,10410238700,1,"IOTHUB_CLIENT_CONFIRMATION_OK"
17331,10410238850,10410238919,1,"IOTHUB_CLIENT_CONFIRMATION_OK"
17332,10410239050,10410239134,1,"IOTHUB_CLIENT_CONFIRMATION_OK"
17333,10410239250,10410239319,1,"IOTHUB_CLIENT_CONFIRMATION_OK"
17334,10410239450,10410239510,1,"IOTHUB_CLIENT_CONFIRMATION_OK"
17335,10410239650,10410239692,1,"IOTHUB_CLIENT_CONFIRMATION_OK"
17336,10410239850,10410239910,1,"IOTHUB_CLIENT_CONFIRMATION_OK"
17337,10410240051,10410240102,1,"IOTHUB_CLIENT_CONFIRMATION_OK"
17338,10410240251,10410240294,1,"IOTHUB_CLIENT_CONFIRMATION_OK"
17339,10410240451,10410240534,1,"IOTHUB_CLIENT_CONFIRMATION_OK"
17340,10410240651,10410240722,1,"IOTHUB_CLIENT_CONFIRMATION_OK"
17341,10410240851,10410240930,1,"IOTHUB_CLIENT_CONFIRMATION_OK"
17342,10410241051,10410241200,1,"IOTHUB_CLIENT_CONFIRMATION_OK"
17343,10410241252,10410241309,1,"IOTHUB_CLIENT_CONFIRMATION_OK"
17344,10410241452,10410241585,1,"IOTHUB_CLIENT_CONFIRMATION_OK"
17345,10410241652,10410241766,1,"IOTHUB_CLIENT_CONFIRMATION_OK"
17346,10410241852,10410241909,1,"IOTHUB_CLIENT_CONFIRMATION_OK"
17347,10410242052,10410242133,1,"IOTHUB_CLIENT_CONFIRMATION_OK"
17348,10410242252,10410242389,1,"IOTHUB_CLIENT_CONFIRMATION_OK"
17349,10410242452,10410242510,1,"IOTHUB_CLIENT_CONFIRMATION_OK"
17350,10410242653,10410242702,1,"IOTHUB_CLIENT_CONFIRMATION_OK"
17351,10410242853,10410242987,1,"IOTHUB_CLIENT_CONFIRMATION_OK"
17352,10410243053,10410243086,1,"IOTHUB_CLIENT_CONFIRMATION_OK"
17353,10410243253,10410243300,1,"IOTHUB_CLIENT_CONFIRMATION_OK"
17354,10410243453,10410243598,1,"IOTHUB_CLIENT_CONFIRMATION_OK"
17355,10410243653,10410243715,1,"IOTHUB_CLIENT_CONFIRMATION_OK"
17356,10410243854,10410243913,1,"IOTHUB_CLIENT_CONFIRMATION_OK"
17357,10410244054,10410244112,1,"IOTHUB_CLIENT_CONFIRMATION_OK"
17358,10410244254,10410244312,1,"IOTHUB_CLIENT_CONFIRMATION_OK"
17359,10410244454,10410244499,1,"IOTHUB_CLIENT_CONFIRMATION_OK"
17360,10410244654,10410244702,1,"IOTHUB_CLIENT_CONFIRMATION_OK"
17361,10410244854,10410244911,1,"IOTHUB_CLIENT_CONFIRMATION_OK"
17362,10410245055,10410245102,1,"IOTHUB_CLIENT_CONFIRMATION_OK"
17363,10410245255,10410245454,1,"IOTHUB_CLIENT_CONFIRMATION_OK"
17364,10410245455,10410245508,1,"IOTHUB_CLIENT_CONFIRMATION_OK"
17365,10410245655,10410245701,1,"IOTHUB_CLIENT_CONFIRMATION_OK"
17366,10410245855,10410245915,1,"IOTHUB_CLIENT_CONFIRMATION_OK"
17367,10410246055,10410246112,1,"IOTHUB_CLIENT_CONFIRMATION_OK"
17368,10410246256,10410246291,1,"IOTHUB_CLIENT_CONFIRMATION_OK"
17369,10410246456,10410246521,1,"IOTHUB_CLIENT_CONFIRMATION_OK"
17370,10410246656,10410246694,1,"IOTHUB_CLIENT_CONFIRMATION_OK"
17371,10410246856,10410246898,1,"IOTHUB_CLIENT_CONFIRMATION_OK"
17372,10410247056,10410247132,1,"IOTHUB_CLIENT_CONFIRMATION_OK"
17373,10410247256,10410247299,1,"IOTHUB_CLIENT_CONFIRMATION_OK"
17374,10410247456,10410247534,1,"IOTHUB_CLIENT_CONFIRMATION_OK"
17375,10410247657,10410247737,1,"IOTHUB_CLIENT_CONFIRMATION_OK"
17376,10410247857,10410247914,1,"IOTHUB_CLIENT_CONFIRMATION_OK"
17377,10410248057,10410248103,1,"IOTHUB_CLIENT_CONFIRMATION_OK"
17378,10410248257,10410248412,1,"IOTHUB_CLIENT_CONFIRMATION_OK"
17379,10410248457,10410248495,1,"IOTHUB_CLIENT_CONFIRMATION_OK"
17380,10410248657,10410248733,1,"IOTHUB_CLIENT_CONFIRMATION_OK"
17381,10410248858,10410248995,1,"IOTHUB_CLIENT_CONFIRMATION_OK"
17382,10410249058,10410249097,1,"IOTHUB_CLIENT_CONFIRMATION_OK"
17383,10410249258,10410249323,1,"IOTHUB_CLIENT_CONFIRMATION_OK"
17384,10410249458,10410249612,1,"IOTHUB_CLIENT_CONFIRMATION_OK"
17385,10410249658,10410249709,1,"IOTHUB_CLIENT_CONFIRMATION_OK"
17386,10410249858,10410249899,1,"IOTHUB_CLIENT_CONFIRMATION_OK"
17387,10410250059,10410250110,1,"IOTHUB_CLIENT_CONFIRMATION_OK"
17388,10410250259,10410250297,1,"IOTHUB_CLIENT_CONFIRMATION_OK"
17389,10410250459,10410250546,1,"IOTHUB_CLIENT_CONFIRMATION_OK"
17390,10410250659,10410250698,1,"IOTHUB_CLIENT_CONFIRMATION_OK"
17391,10410250859,10410250905,1,"IOTHUB_CLIENT_CONFIRMATION_OK"
17392,10410251059,10410251119,1,"IOTHUB_CLIENT_CONFIRMATION_OK"
17393,10410251259,10410251323,1,"IOTHUB_CLIENT_CONFIRMATION_OK"
17394,10410251460,10410251501,1,"IOTHUB_CLIENT_CONFIRMATION_OK"
17395,10410251660,10410251757,1,"IOTHUB_CLIENT_CONFIRMATION_OK"
17396,10410251860,10410251900,1,"IOTHUB_CLIENT_CONFIRMATION_OK"
17397,10410252060,10410252103,1,"IOTHUB_CLIENT_CONFIRMATION_OK"
17398,10410252260,10410252300,1,"IOTHUB_CLIENT_CONFIRMATION_OK"
17399,10410252460,10410252503,1,"IOTHUB_CLIENT_CONFIRMATION_OK"
17400,10410252661,10410252725,1,"IOTHUB_CLIENT_CONFIRMATION_OK"
17401,10410252861,10410252956,1,"IOTHUB_CLIENT_CONFIRMATION_OK"
17402,10410253061,10410253120,1,"IOTHUB_CLIENT_CONFIRMATION_OK"
17403,10410253261,10410253315,1,"IOTHUB_CLIENT_CONFIRMATION_OK"
17404,10410253461,10410253508,1,"IOTHUB_CLIENT_CONFIRMATION_OK"
17405,10410253661,10410253700,1,"IOTHUB_CLIENT_CONFIRMATION_OK"
17406,10410253861,10410253899,1,"IOTHUB_CLIENT_CONFIRMATION_OK"
17407,10410254062,10410254097,1,"IOTHUB_CLIENT_CONFIRMATION_OK"
17408,10410254262,10410254307,1,"IOTHUB_CLIENT_CONFIRMATION_OK"
17409,10410254462,10410254518,1,"IOTHUB_CLIENT_CONFIRMATION_OK"
17410,10410254662,10410254711,1,"IOTHUB_CLIENT_CONFIRMATION_OK"
17411,10410254862,10410254947,1,"IOTHUB_CLIENT_CONFIRMATION_OK"
17412,10410255062,10410255143,1,"IOTHUB_CLIENT_CONFIRMATION_OK"
17413,10410255263,10410255318,1,"IOTHUB_CLIENT_CONFIRMATION_OK"
17414,10410255463,10410255513,1,"IOTHUB_CLIENT_CONFIRMATION_OK"
17415,10410255663,10410255704,1,"IOTHUB_CLIENT_CONFIRMATION_OK"
17416,10410255863,10410255896,1,"IOTHUB_CLIENT_CONFIRMATION_OK"
17417,10410256063,10410256114,1,"IOTHUB_CLIENT_CONFIRMATION_OK"
17418,10410256263,10410256307,1,"IOTHUB_CLIENT_CONFIRMATION_OK"
17419,10410256464,10410256521,1,"IOTHUB_CLIENT_CONFIRMATION_OK"
17420,10410256664,10410256732,1,"IOTHUB_CLIENT_CONFIRMATION_OK"
17421,10410256864,10410256905,1,"IOTHUB_CLIENT_CONFIRMATION_OK"
17422,10410257064,10410257108,1,"IOTHUB_CLIENT_CONFIRMATION_OK"
17423,10410257264,10410257402,1,"IOTHUB_CLIENT_CONFIRMATION_OK"
17424,10410257464,10410257528,1,"IOTHUB_CLIENT_CONFIRMATION_OK"
17425,10410257664,10410257733,1,"IOTHUB_CLIENT_CONFIRMATION_OK"
17426,10410257865,10410257944,1,"IOTHUB_CLIENT_CONFIRMATION_OK"
17427,10410258065,10410258109,1,"IOTHUB_CLIENT_CONFIRMATION_OK"
17428,10410258265,10410258433,1,"IOTHUB_CLIENT_CONFIRMATION_OK"
17429,10410258465,10410258632,1,"IOTHUB_CLIENT_CONFIRMATION_OK"
17430,10410258665,10410258722,1,"IOTHUB_CLIENT_CONFIRMATION_OK"
17431,10410258865,10410258908,1,"IOTHUB_CLIENT_CONFIRMATION_OK"
17432,10410259066,10410259124,1,"IOTHUB_CLIENT_CONFIRMATION_OK"
17433,10410259266,10410259302,1,"IOTHUB_CLIENT_CONFIRMATION_OK"
17434,10410259466,10410259537,1,"IOTHUB_CLIENT_CONFIRMATION_OK"
17435,10410259666,10410259715,1,"IOTHUB_CLIENT_CONFIRMATION_OK"
17436,10410259866,10410259908,1,"IOTHUB_CLIENT_CONFIRMATION_OK"
17437,10410260066,10410260119,1,"IOTHUB_CLIENT_CONFIRMATION_OK"
17438,10410260266,10410260320,1,"IOTHUB_CLIENT_CONFIRMATION_OK"
17439,10410260467,10410260539,1,"IOTHUB_CLIENT_CONFIRMATION_OK"
17440,10410260667,10410260741,1,"IOTHUB_CLIENT_CONFIRMATION_OK"
17441,10410260867,10410260921,1,"IOTHUB_CLIENT_CONFIRMATION_OK"
17442,10410261067,10410261110,1,"IOTHUB_CLIENT_CONFIRMATION_OK"
17443,10410261267,10410261369,1,"IOTHUB_CLIENT_CONFIRMATION_OK"
17444,10410261467,10410261556,1,"IOTHUB_CLIENT_CONFIRMATION_OK"
17445,10410261668,10410261731,1,"IOTHUB_CLIENT_CONFIRMATION_OK"
17446,10410261868,10410261921,1,"IOTHUB_CLIENT_CONFIRMATION_OK"
17447,10410262068,10410262110,1,"IOTHUB_CLIENT_CONFIRMATION_OK"
17448,10410262268,10410262322,1,"IOTHUB_CLIENT_CONFIRMATION_OK"
17449,10410262468,10410262518,1,"IOTHUB_CLIENT_CONFIRMATION_OK"
17450,10410262668,10410262738,1,"IOTHUB_CLIENT_CONFIRMATION_OK"
17451,10410262869,10410262928,1,"IOTHUB_CLIENT_CONFIRMATION_OK"
17452,10410263069,10410263104,1,"IOTHUB_CLIENT_CONFIRMATION_OK"
17453,10410263269,10410263335,1,"IOTHUB_CLIENT_CONFIRMATION_OK"
17454,10410263469,10410263516,1,"IOTHUB_CLIENT_CONFIRMATION_OK"
17455,10410263669,10410263719,1,"IOTHUB_CLIENT_CONFIRMATION_OK"
17456,10410263869,10410264075,1,"IOTHUB_CLIENT_CONFIRMATION_OK"
17457,10410264069,10410264124,1,"IOTHUB_CLIENT_CONFIRMATION_OK"
17458,10410264270,10410264314,1,"IOTHUB_CLIENT_CONFIRMATION_OK"
17459,10410264470,10410264509,1,"IOTHUB_CLIENT_CONFIRMATION_OK"
17460,10410264670,10410264742,1,"IOTHUB_CLIENT_CONFIRMATION_OK"
17461,10410264870,10410264913,1,"IOTHUB_CLIENT_CONFIRMATION_OK"
17462,10410265070,10410265115,1,"IOTHUB_CLIENT_CONFIRMATION_OK"
17463,10410265270,10410265326,1,"IOTHUB_CLIENT_CONFIRMATION_OK"
17464,10410265471,10410265520,1,"IOTHUB_CLIENT_CONFIRMATION_OK"
17465,10410265671,10410265731,1,"IOTHUB_CLIENT_CONFIRMATION_OK"
17466,10410265871,10410265917,1,"IOTHUB_CLIENT_CONFIRMATION_OK"
17467,10410266071,10410266131,1,"IOTHUB_CLIENT_CONFIRMATION_OK"
17468,10410266271,10410266313,1,"IOTHUB_CLIENT_CONFIRMATION_OK"
17469,10410266471,10410266520,1,"IOTHUB_CLIENT_CONFIRMATION_OK"
17470,10410266672,10410266724,1,"IOTHUB_CLIENT_CONFIRMATION_OK"
17471,10410266872,10410266937,1,"IOTHUB_CLIENT_CONFIRMATION_OK"
17472,10410267072,10410267158,1,"IOTHUB_CLIENT_CONFIRMATION_OK"
17473,10410267272,10410267325,1,"IOTHUB_CLIENT_CONFIRMATION_OK"
17474,10410267472,10410267523,1,"IOTHUB_CLIENT_CONFIRMATION_OK"
17475,10410267672,10410267713,1,"IOTHUB_CLIENT_CONFIRMATION_OK"
17476,10410267873,10410267915,1,"IOTHUB_CLIENT_CONFIRMATION_OK"
17477,10410268073,10410268147,1,"IOTHUB_CLIENT_CONFIRMATION_OK"
17478,10410268273,10410268342,1,"IOTHUB_CLIENT_CONFIRMATION_OK"
17479,10410268473,10410268515,1,"IOTHUB_CLIENT_CONFIRMATION_OK"
17480,10410268673,10410268722,1,"IOTHUB_CLIENT_CONFIRMATION_OK"
17481,10410268873,10410268938,1,"IOTHUB_CLIENT_CONFIRMATION_OK"
17482,10410269074,10410269128,1,"IOTHUB_CLIENT_CONFIRMATION_OK"
17483,10410269274,10410269386,1,"IOTHUB_CLIENT_CONFIRMATION_OK"
17484,10410269474,10410269584,1,"IOTHUB_CLIENT_CONFIRMATION_OK"
17485,10410269674,10410269732,1,"IOTHUB_CLIENT_CONFIRMATION_OK"
17486,10410269874,10410269921,1,"IOTHUB_CLIENT_CONFIRMATION_OK"
17487,10410270074,10410270121,1,"IOTHUB_CLIENT_CONFIRMATION_OK"
17488,10410270275,10410270326,1,"IOTHUB_CLIENT_CONFIRMATION_OK"
17489,10410270475,10410270520,1,"IOTHUB_CLIENT_CONFIRMATION_OK"
17490,10410270675,10410270719,1,"IOTHUB_CLIENT_CONFIRMATION_OK"
17491,10410270875,10410270947,1,"IOTHUB_CLIENT_CONFIRMATION_OK"
17492,10410271075,10410271130,1,"IOTHUB_CLIENT_CONFIRMATION_OK"
17493,10410271275,10410271332,1,"IOTHUB_CLIENT_CONFIRMATION_OK"
17494,10410271476,10410271519,1,"IOTHUB_CLIENT_CONFIRMATION_OK"
17495,10410271676,10410271734,1,"IOTHUB_CLIENT_CONFIRMATION_OK"
17496,10410271876,10410271936,1,"IOTHUB_CLIENT_CONFIRMATION_OK"
17497,10410272076,10410272129,1,"IOTHUB_CLIENT_CONFIRMATION_OK"
17498,10410272276,10410272330,1,"IOTHUB_CLIENT_CONFIRMATION_OK"
17499,10410272476,10410272536,1,"IOTHUB_CLIENT_CONFIRMATION_OK"
17500,10410272676,10410272755,1,"IOTHUB_CLIENT_CONFIRMATION_OK"
17501,10410272877,10410272930,1,"IOTHUB_CLIENT_CONFIRMATION_OK"
17502,10410273077,10410273121,1,"IOTHUB_CLIENT_CONFIRMATION_OK"
17503,10410273277,10410273324,1,"IOTHUB_CLIENT_CONFIRMATION_OK"
17504,10410273477,10410273525,1,"IOTHUB_CLIENT_CONFIRMATION_OK"
17505,10410273677,10410273732,1,"IOTHUB_CLIENT_CONFIRMATION_OK"
17506,10410273877,10410273981,1,"IOTHUB_CLIENT_CONFIRMATION_OK"
17507,10410274078,10410274127,1,"IOTHUB_CLIENT_CONFIRMATION_OK"
17508,10410274278,10410274345,1,"IOTHUB_CLIENT_CONFIRMATION_OK"
17509,10410274478,10410274514,1,"IOTHUB_CLIENT_CONFIRMATION_OK"
17510,10410274678,10410274715,1,"IOTHUB_CLIENT_CONFIRMATION_OK"
17511,10410274878,10410274935,1,"IOTHUB_CLIENT_CONFIRMATION_OK"
17512,10410275078,10410275301,1,"IOTHUB_CLIENT_CONFIRMATION_OK"
17513,10410275278,10410275334,1,"IOTHUB_CLIENT_CONFIRMATION_OK"
17514,10410275479,10410275520,1,"IOTHUB_CLIENT_CONFIRMATION_OK"
17515,10410275679,10410275763,1,"IOTHUB_CLIENT_CONFIRMATION_OK"
17516,10410275879,10410275948,1,"IOTHUB_CLIENT_CONFIRMATION_OK"
17517,10410276079,10410276121,1,"IOTHUB_CLIENT_CONFIRMATION_OK"
17518,10410276279,10410276327,1,"IOTHUB_CLIENT_CONFIRMATION_OK"
17519,10410276479,10410276518,1,"IOTHUB_CLIENT_CONFIRMATION_OK"
17520,10410276680,10410276721,1,"IOTHUB_CLIENT_CONFIRMATION_OK"
17521,10410276880,10410276920,1,"IOTHUB_CLIENT_CONFIRMATION_OK"
17522,10410277080,10410277154,1,"IOTHUB_CLIENT_CONFIRMATION_OK"
17523,10410277280,10410277329,1,"IOTHUB_CLIENT_CONFIRMATION_OK"
17524,10410277480,10410277574,1,"IOTHUB_CLIENT_CONFIRMATION_OK"
17525,10410277680,10410277727,1,"IOTHUB_CLIENT_CONFIRMATION_OK"
17526,10410277880,10410277933,1,"IOTHUB_CLIENT_CONFIRMATION_OK"
17527,10410278081,10410278124,1,"IOTHUB_CLIENT_CONFIRMATION_OK"
17528,10410278281,10410278365,1,"IOTHUB_CLIENT_CONFIRMATION_OK"
17529,10410278481,10410278530,1,"IOTHUB_CLIENT_CONFIRMATION_OK"
17530,10410278681,10410278748,1,"IOTHUB_CLIENT_CONFIRMATION_OK"
17531,10410278881,10410278926,1,"IOTHUB_CLIENT_CONFIRMATION_OK"
17532,10410279081,10410279178,1,"IOTHUB_CLIENT_CONFIRMATION_OK"
17533,10410279282,10410279368,1,"IOTHUB_CLIENT_CONFIRMATION_OK"
17534,10410279482,10410279546,1,"IOTHUB_CLIENT_CONFIRMATION_OK"
17535,10410279682,10410279736,1,"IOTHUB_CLIENT_CONFIRMATION_OK"
17536,10410279882,10410279929,1,"IOTHUB_CLIENT_CONFIRMATION_OK"
17537,10410280082,10410280151,1,"IOTHUB_CLIENT_CONFIRMATION_OK"
17538,10410280282,10410280334,1,"IOTHUB_CLIENT_CONFIRMATION_OK"
17539,10410280483,10410280540,1,"IOTHUB_CLIENT_CONFIRMATION_OK"
17540,10410280683,10410280733,1,"IOTHUB_CLIENT_CONFIRMATION_OK"
17541,10410280883,10410280970,1,"IOTHUB_CLIENT_CONFIRMATION_OK"
17542,10410281083,10410281127,1,"IOTHUB_CLIENT_CONFIRMATION_OK"
17543,10410281283,10410281451,1,"IOTHUB_CLIENT_CONFIRMATION_OK"
17544,10410281483,10410281535,1,"IOTHUB_CLIENT_CONFIRMATION_OK"
17545,10410281683,10410281734,1,"IOTHUB_CLIENT_CONFIRMATION_OK"
17546,10410281884,10410281959,1,"IOTHUB_CLIENT_CONFIRMATION_OK"
17547,10410282084,10410282130,1,"IOTHUB_CLIENT_CONFIRMATION_OK"
17548,10410282284,10410282323,1,"IOTHUB_CLIENT_CONFIRMATION_OK"
17549,10410282484,10410282574,1,"IOTHUB_CLIENT_CONFIRMATION_OK"
17550,10410282684,10410282744,1,"IOTHUB_CLIENT_CONFIRMATION_OK"
17551,10410282884,10410282933,1,"IOTHUB_CLIENT_CONFIRMATION_OK"
17552,10410283085,10410283165,1,"IOTHUB_CLIENT_CONFIRMATION_OK"
17553,10410283285,10410283338,1,"IOTHUB_CLIENT_CONFIRMATION_OK"
17554,10410283485,10410283543,1,"IOTHUB_CLIENT_CONFIRMATION_OK"
17555,10410283685,10410283783,1,"IOTHUB_CLIENT_CONFIRMATION_OK"
17556,10410283885,10410283944,1,"IOTHUB_CLIENT_CONFIRMATION_OK"
17557,10410284085,10410284136,1,"IOTHUB_CLIENT_CONFIRMATION_OK"
17558,10410284286,10410284393,1,"IOTHUB_CLIENT_CONFIRMATION_OK"
17559,10410284486,10410284526,1,"IOTHUB_CLIENT_CONFIRMATION_OK"
17560,10410284686,10410284768,1,"IOTHUB_CLIENT_CONFIRMATION_OK"
17561,10410284886,10410284937,1,"IOTHUB_CLIENT_CONFIRMATION_OK"
17562,10410285086,10410285145,1,"IOTHUB_CLIENT_CONFIRMATION_OK"
17563,10410285286,10410285368,1,"IOTHUB_CLIENT_CONFIRMATION_OK"
17564,10410285487,10410285553,1,"IOTHUB_CLIENT_CONFIRMATION_OK"
17565,10410285687,10410285734,1,"IOTHUB_CLIENT_CONFIRMATION_OK"
17566,10410285887,10410285939,1,"IOTHUB_CLIENT_CONFIRMATION_OK"
17567,10410286087,10410286128,1,"IOTHUB_CLIENT_CONFIRMATION_OK"
17568,10410286287,10410286342,1,"IOTHUB_CLIENT_CONFIRMATION_OK"
17569,10410286487,10410286535,1,"IOTHUB_CLIENT_CONFIRMATION_OK"
17570,10410286687,10410286726,1,"IOTHUB_CLIENT_CONFIRMATION_OK"
17571,10410286888,10410286952,1,"IOTHUB_CLIENT_CONFIRMATION_OK"
17572,10410287088,10410287143,1,"IOTHUB_CLIENT_CONFIRMATION_OK"
17573,10410287288,10410287330,1,"IOTHUB_CLIENT_CONFIRMATION_OK"
17574,10410287488,10410287539,1,"IOTHUB_CLIENT_CONFIRMATION_OK"
17575,10410287688,10410287735,1,"IOTHUB_CLIENT_CONFIRMATION_OK"
17576,10410287888,10410287951,1,"IOTHUB_CLIENT_CONFIRMATION_OK"
17577,10410288089,10410288151,1,"IOTHUB_CLIENT_CONFIRMATION_OK"
17578,10410288289,10410288341,1,"IOTHUB_CLIENT_CONFIRMATION_OK"
17579,10410288489,10410288571,1,"IOTHUB_CLIENT_CONFIRMATION_OK"
17580,10410288689,10410288767,1,"IOTHUB_CLIENT_CONFIRMATION_OK"
17581,10410288889,10410288964,1,"IOTHUB_CLIENT_CONFIRMATION_OK"
17582,10410289089,10410289179,1,"IOTHUB_CLIENT_CONFIRMATION_OK"
17583,10410289290,10410289355,1,"IOTHUB_CLIENT_CONFIRMATION_OK"
17584,10410289490,10410289560,1,"IOTHUB_CLIENT_CONFIRMATION_OK"
17585,10410289690,10410289780,1,"IOTHUB_CLIENT_CONFIRMATION_OK"
17586,10410289890,10410289937,1,"IOTHUB_CLIENT_CONFIRMATION_OK"
17587,10410290090,10410290139,1,"IOTHUB_CLIENT_CONFIRMATION_OK"
17588,10410290290,10410290361,1,"IOTHUB_CLIENT_CONFIRMATION_OK"
17589,10410290491,10410290529,1,"IOTHUB_CLIENT_CONFIRMATION_OK"
17590,10410290691,10410290739,1,"IOTHUB_CLIENT_CONFIRMATION_OK"
17591,10410290891,10410290946,1,"IOTHUB_CLIENT_CONFIRMATION_OK"
17592,10410291091,10410291132,1,"IOTHUB_CLIENT_CONFIRMATION_OK"
17593,10410291291,10410291336,1,"IOTHUB_CLIENT_CONFIRMATION_OK"
17594,10410291491,10410291581,1,"IOTHUB_CLIENT_CONFIRMATION_OK"
17595,10410291691,10410291731,1,"IOTHUB_CLIENT_CONFIRMATION_OK"
17596,10410291892,10410291976,1,"IOTHUB_CLIENT_CONFIRMATION_OK"
17597,10410292092,10410292138,1,"IOTHUB_CLIENT_CONFIRMATION_OK"
17598,10410292292,10410292387,1,"IOTHUB_CLIENT_CONFIRMATION_OK"
17599,10410292492,10410292584,1,"IOTHUB_CLIENT_CONFIRMATION_OK"
17600,10410292692,10410292751,1,"IOTHUB_CLIENT_CONFIRMATION_OK"
17601,10410292892,10410293008,1,"IOTHUB_CLIENT_CONFIRMATION_OK"
17602,10410293093,10410293133,1,"IOTHUB_CLIENT_CONFIRMATION_OK"
17603,10410293293,10410293374,1,"IOTHUB_CLIENT_CONFIRMATION_OK"
17604,10410293493,10410293539,1,"IOTHUB_CLIENT_CONFIRMATION_OK"
17605,10410293693,10410293760,1,"IOTHUB_CLIENT_CONFIRMATION_OK"
17606,10410293893,10410293939,1,"IOTHUB_CLIENT_CONFIRMATION_OK"
17607,10410294093,10410294138,1,"IOTHUB_CLIENT_CONFIRMATION_OK"
17608,10410294293,10410294331,1,"IOTHUB_CLIENT_CONFIRMATION_OK"
17609,10410294494,10410294536,1,"IOTHUB_CLIENT_CONFIRMATION_OK"
17610,10410294694,10410294770,1,"IOTHUB_CLIENT_CONFIRMATION_OK"
17611,10410294894,10410294936,1,"IOTHUB_CLIENT_CONFIRMATION_OK"
17612,10410295094,10410295175,1,"IOTHUB_CLIENT_CONFIRMATION_OK"
17613,10410295294,10410295333,1,"IOTHUB_CLIENT_CONFIRMATION_OK"
17614,10410295494,10410295575,1,"IOTHUB_CLIENT_CONFIRMATION_OK"
17615,10410295695,10410295729,1,"IOTHUB_CLIENT_CONFIRMATION_OK"
17616,10410295895,10410295954,1,"IOTHUB_CLIENT_CONFIRMATION_OK"
17617,10410296095,10410296162,1,"IOTHUB_CLIENT_CONFIRMATION_OK"
17618,10410296295,10410296333,1,"IOTHUB_CLIENT_CONFIRMATION_OK"
17619,10410296495,10410296539,1,"IOTHUB_CLIENT_CONFIRMATION_OK"
17620,10410296695,10410296733,1,"IOTHUB_CLIENT_CONFIRMATION_OK"
17621,10410296896,10410296955,1,"IOTHUB_CLIENT_CONFIRMATION_OK"
17622,10410297096,10410297165,1,"IOTHUB_CLIENT_CONFIRMATION_OK"
17623,10410297296,10410297356,1,"IOTHUB_CLIENT_CONFIRMATION_OK"
17624,10410297496,10410297559,1,"IOTHUB_CLIENT_CONFIRMATION_OK"
17625,10410297696,10410297749,1,"IOTHUB_CLIENT_CONFIRMATION_OK"
17626,10410297896,10410297942,1,"IOTHUB_CLIENT_CONFIRMATION_OK"
17627,10410298097,10410298145,1,"IOTHUB_CLIENT_CONFIRMATION_OK"
17628,10410298297,10410298350,1,"IOTHUB_CLIENT_CONFIRMATION_OK"
17629,10410298497,10410298543,1,"IOTHUB_CLIENT_CONFIRMATION_OK"
17630,10410298697,10410298748,1,"IOTHUB_CLIENT_CONFIRMATION_OK"
17631,10410298897,10410298936,1,"IOTHUB_CLIENT_CONFIRMATION_OK"
17632,10410299097,10410299236,1,"IOTHUB_CLIENT_CONFIRMATION_OK"
17633,10410299298,10410299348,1,"IOTHUB_CLIENT_CONFIRMATION_OK"
17634,10410299498,10410299554,1,"IOTHUB_CLIENT_CONFIRMATION_OK"
17635,10410299698,10410299738,1,"IOTHUB_CLIENT_CONFIRMATION_OK"
17636,10410299898,10410299963,1,"IOTHUB_CLIENT_CONFIRMATION_OK"
17637,10410300098,10410300152,1,"IOTHUB_CLIENT_CONFIRMATION_OK"
17638,10410300298,10410300334,1,"IOTHUB_CLIENT_CONFIRMATION_OK"
17639,10410300499,10410300610,1,"IOTHUB_CLIENT_CONFIRMATION_OK"
17640,10410300699,10410300750,1,"IOTHUB_CLIENT_CONFIRMATION_OK"
17641,10410300899,10410300946,1,"IOTHUB_CLIENT_CONFIRMATION_OK"
17642,10410301099,10410301169,1,"IOTHUB_CLIENT_CONFIRMATION_OK"
17643,10410301299,10410301571,1,"IOTHUB_CLIENT_CONFIRMATION_OK"
17644,10410301499,10410301638,1,"IOTHUB_CLIENT_CONFIRMATION_OK"
17645,10410301699,10410301786,1,"IOTHUB_CLIENT_CONFIRMATION_OK"
17646,10410301900,10410301938,1,"IOTHUB_CLIENT_CONFIRMATION_OK"
17647,10410302100,10410302167,1,"IOTHUB_CLIENT_CONFIRMATION_OK"
17648,10410302300,10410302346,1,"IOTHUB_CLIENT_CONFIRMATION_OK"
17649,10410302500,10410302554,1,"IOTHUB_CLIENT_CONFIRMATION_OK"
17650,10410302700,10410302751,1,"IOTHUB_CLIENT_CONFIRMATION_OK"
17651,10410302900,10410302947,1,"IOTHUB_CLIENT_CONFIRMATION_OK"
17652,10410303101,10410303145,1,"IOTHUB_CLIENT_CONFIRMATION_OK"
17653,10410303301,10410303355,1,"IOTHUB_CLIENT_CONFIRMATION_OK"
17654,10410303501,10410303542,1,"IOTHUB_CLIENT_CONFIRMATION_OK"
17655,10410303701,10410303744,1,"IOTHUB_CLIENT_CONFIRMATION_OK"
17656,10410303901,10410303959,1,"IOTHUB_CLIENT_CONFIRMATION_OK"
17657,10410304101,10410304152,1,"IOTHUB_CLIENT_CONFIRMATION_OK"
17658,10410304301,10410304344,1,"IOTHUB_CLIENT_CONFIRMATION_OK"
17659,10410304502,10410304548,1,"IOTHUB_CLIENT_CONFIRMATION_OK"
17660,10410304702,10410304737,1,"IOTHUB_CLIENT_CONFIRMATION_OK"
17661,10410304902,10410304952,1,"IOTHUB_CLIENT_CONFIRMATION_OK"
17662,10410305102,10410305164,1,"IOTHUB_CLIENT_CONFIRMATION_OK"
17663,10410305302,10410305365,1,"IOTHUB_CLIENT_CONFIRMATION_OK"
17664,10410305502,10410305583,1,"IOTHUB_CLIENT_CONFIRMATION_OK"
17665,10410305703,10410305754,1,"IOTHUB_CLIENT_CONFIRMATION_OK"
17666,10410305903,10410305960,1,"IOTHUB_CLIENT_CONFIRMATION_OK"
17667,10410306103,10410306210,1,"IOTHUB_CLIENT_CONFIRMATION_OK"
17668,10410306303,10410306349,1,"IOTHUB_CLIENT_CONFIRMATION_OK"
17669,10410306503,10410306557,1,"IOTHUB_CLIENT_CONFIRMATION_OK"
17670,10410306703,10410306755,1,"IOTHUB_CLIENT_CONFIRMATION_OK"
17671,10410306904,10410306970,1,"IOTHUB_CLIENT_CONFIRMATION_OK"
17672,10410307104,10410307178,1,"IOTHUB_CLIENT_CONFIRMATION_OK"
17673,10410307304,10410307368,1,"IOTHUB_CLIENT_CONFIRMATION_OK"
17674,10410307504,10410307563,1,"IOTHUB_CLIENT_CONFIRMATION_OK"
17675,10410307704,10410307752,1,"IOTHUB_CLIENT_CONFIRMATION_OK"
17676,10410307904,10410307946,1,"IOTHUB_CLIENT_CONFIRMATION_OK"
17677,10410308105,10410308160,1,"IOTHUB_CLIENT_CONFIRMATION_OK"
17678,10410308305,10410308353,1,"IOTHUB_CLIENT_CONFIRMATION_OK"
17679,10410308505,10410308567,1,"IOTHUB_CLIENT_CONFIRMATION_OK"
17680,10410308705,10410308760,1,"IOTHUB_CLIENT_CONFIRMATION_OK"
17681,10410308905,10410308952,1,"IOTHUB_CLIENT_CONFIRMATION_OK"
17682,10410309105,10410309142,1,"IOTHUB_CLIENT_CONFIRMATION_OK"
17683,10410309305,10410309348,1,"IOTHUB_CLIENT_CONFIRMATION_OK"
17684,10410309506,10410309567,1,"IOTHUB_CLIENT_CONFIRMATION_OK"
17685,10410309706,10410309752,1,"IOTHUB_CLIENT_CONFIRMATION_OK"
17686,10410309906,10410309960,1,"IOTHUB_CLIENT_CONFIRMATION_OK"
17687,10410310106,10410310154,1,"IOTHUB_CLIENT_CONFIRMATION_OK"
17688,10410310306,10410310351,1,"IOTHUB_CLIENT_CONFIRMATION_OK"
17689,10410310506,10410310548,1,"IOTHUB_CLIENT_CONFIRMATION_OK"
17690,10410310707,10410310754,1,"IOTHUB_CLIENT_CONFIRMATION_OK"
17691,10410310907,10410310971,1,"IOTHUB_CLIENT_CONFIRMATION_OK"
17692,10410311107,10410311149,1,"IOTHUB_CLIENT_CONFIRMATION_OK"
17693,10410311307,10410311388,1,"IOTHUB_CLIENT_CONFIRMATION_OK"
17694,10410311507,10410311570,1,"IOTHUB_CLIENT_CONFIRMATION_OK"
17695,10410311707,10410311790,1,"IOTHUB_CLIENT_CONFIRMATION_OK"
17696,10410311908,10410311990,1,"IOTHUB_CLIENT_CONFIRMATION_OK"
17697,10410312108,10410312149,1,"IOTHUB_CLIENT_CONFIRMATION_OK"
17698,10410312308,10410312343,1,"IOTHUB_CLIENT_CONFIRMATION_OK"
17699,10410312508,10410312573,1,"IOTHUB_CLIENT_CONFIRMATION_OK"
17700,10410312708,10410312752,1,"IOTHUB_CLIENT_CONFIRMATION_OK"
17701,10410312908,10410312966,1,"IOTHUB_CLIENT_CONFIRMATION_OK"
17702,10410313109,10410313183,1,"IOTHUB_CLIENT_CONFIRMATION_OK"
17703,10410313309,10410313358,1,"IOTHUB_CLIENT_CONFIRMATION_OK"
17704,10410313509,10410313564,1,"IOTHUB_CLIENT_CONFIRMATION_OK"
17705,10410313709,10410313801,1,"IOTHUB_CLIENT_CONFIRMATION_OK"
17706,10410313909,10410313958,1,"IOTHUB_CLIENT_CONFIRMATION_OK"
17707,10410314109,10410314151,1,"IOTHUB_CLIENT_CONFIRMATION_OK"
17708,10410314309,10410314690,1,"IOTHUB_CLIENT_CONFIRMATION_OK"
17709,10410314510,10410314764,1,"IOTHUB_CLIENT_CONFIRMATION_OK"
17710,10410314710,10410314816,1,"IOTHUB_CLIENT_CONFIRMATION_OK"
17711,10410314910,10410314961,1,"IOTHUB_CLIENT_CONFIRMATION_OK"
17712,10410315110,10410315162,1,"IOTHUB_CLIENT_CONFIRMATION_OK"
17713,10410315310,10410315352,1,"IOTHUB_CLIENT_CONFIRMATION_OK"
17714,10410315510,10410315565,1,"IOTHUB_CLIENT_CONFIRMATION_OK"
17715,10410315711,10410315765,1,"IOTHUB_CLIENT_CONFIRMATION_OK"
17716,10410315911,10410315957,1,"IOTHUB_CLIENT_CONFIRMATION_OK"
17717,10410316111,10410316305,1,"IOTHUB_CLIENT_CONFIRMATION_OK"
17718,10410316311,10410316440,1,"IOTHUB_CLIENT_CONFIRMATION_OK"
17719,10410316511,10410316553,1,"IOTHUB_CLIENT_CONFIRMATION_OK"
17720,10410316711,10410316780,1,"IOTHUB_CLIENT_CONFIRMATION_OK"
17721,10410316911,10410316949,1,"IOTHUB_CLIENT_CONFIRMATION_OK"
17722,10410317112,10410317150,1,"IOTHUB_CLIENT_CONFIRMATION_OK"
17723,10410317312,10410317397,1,"IOTHUB_CLIENT_CONFIRMATION_OK"
17724,10410317512,10410317593,1,"IOTHUB_CLIENT_CONFIRMATION_OK"
17725,10410317712,10410317754,1,"IOTHUB_CLIENT_CONFIRMATION_OK"
17726,10410317912,10410317963,1,"IOTHUB_CLIENT_CONFIRMATION_OK"
17727,10410318112,10410318154,1,"IOTHUB_CLIENT_CONFIRMATION_OK"
17728,10410318313,10410318354,1,"IOTHUB_CLIENT_CONFIRMATION_OK"
17729,10410318513,10410318561,1,"IOTHUB_CLIENT_CONFIRMATION_OK"
17730,10410318713,10410318790,1,"IOTHUB_CLIENT_CONFIRMATION_OK"
17731,10410318913,10410318956,1,"IOTHUB_CLIENT_CONFIRMATION_OK"
17732,10410319113,10410319169,1,"IOTHUB_CLIENT_CONFIRMATION_OK"
17733,10410319313,10410319359,1,"IOTHUB_CLIENT_CONFIRMATION_OK"
17734,10410319514,10410319569,1,"IOTHUB_CLIENT_CONFIRMATION_OK"
17735,10410319714,10410319763,1,"IOTHUB_CLIENT_CONFIRMATION_OK"
17736,10410319914,10410319962,1,"IOTHUB_CLIENT_CONFIRMATION_OK"
17737,10410320114,10410320168,1,"IOTHUB_CLIENT_CONFIRMATION_OK"
17738,10410320314,10410320370,1,"IOTHUB_CLIENT_CONFIRMATION_OK"
17739,10410320514,10410320574,1,"IOTHUB_CLIENT_CONFIRMATION_OK"
17740,10410320714,10410320756,1,"IOTHUB_CLIENT_CONFIRMATION_OK"
17741,10410320915,10410320995,1,"IOTHUB_CLIENT_CONFIRMATION_OK"
17742,10410321115,10410321171,1,"IOTHUB_CLIENT_CONFIRMATION_OK"
17743,10410321315,10410321363,1,"IOTHUB_CLIENT_CONFIRMATION_OK"
17744,10410321515,10410321563,1,"IOTHUB_CLIENT_CONFIRMATION_OK"
17745,10410321715,10410321781,1,"IOTHUB_CLIENT_CONFIRMATION_OK"
17746,10410321915,10410321973,1,"IOTHUB_CLIENT_CONFIRMATION_OK"
17747,10410322116,10410322197,1,"IOTHUB_CLIENT_CONFIRMATION_OK"
17748,10410322316,10410322437,1,"IOTHUB_CLIENT_CONFIRMATION_OK"
17749,10410322516,10410322587,1,"IOTHUB_CLIENT_CONFIRMATION_OK"
17750,10410322716,10410322777,1,"IOTHUB_CLIENT_CONFIRMATION_OK"
17751,10410322916,10410322990,1,"IOTHUB_CLIENT_CONFIRMATION_OK"
17752,10410323116,10410323176,1,"IOTHUB_CLIENT_CONFIRMATION_OK"
17753,10410323316,10410323378,1,"IOTHUB_CLIENT_CONFIRMATION_OK"
17754,10410323517,10410323572,1,"IOTHUB_CLIENT_CONFIRMATION_OK"
17755,10410323717,10410323762,1,"IOTHUB_CLIENT_CONFIRMATION_OK"
17756,10410323917,10410323988,1,"IOTHUB_CLIENT_CONFIRMATION_OK"
17757,10410324117,10410324234,1,"IOTHUB_CLIENT_CONFIRMATION_OK"
17758,10410324317,10410324360,1,"IOTHUB_CLIENT_CONFIRMATION_OK"
17759,10410324517,10410324560,1,"IOTHUB_CLIENT_CONFIRMATION_OK"
17760,10410324718,10410324772,1,"IOTHUB_CLIENT_CONFIRMATION_OK"
17761,10410324918,10410324979,1,"IOTHUB_CLIENT_CONFIRMATION_OK"
17762,10410325118,10410325159,1,"IOTHUB_CLIENT_CONFIRMATION_OK"
17763,10410325318,10410325363,1,"IOTHUB_CLIENT_CONFIRMATION_OK"
17764,10410325518,10410325571,1,"IOTHUB_CLIENT_CONFIRMATION_OK"
17765,10410325718,10410325779,1,"IOTHUB_CLIENT_CONFIRMATION_OK"
17766,10410325919,10410325980,1,"IOTHUB_CLIENT_CONFIRMATION_OK"
17767,10410326119,10410326156,1,"IOTHUB_CLIENT_CONFIRMATION_OK"
17768,10410326319,10410326367,1,"IOTHUB_CLIENT_CONFIRMATION_OK"
17769,10410326519,10410326572,1,"IOTHUB_CLIENT_CONFIRMATION_OK"
17770,10410326719,10410326758,1,"IOTHUB_CLIENT_CONFIRMATION_OK"
17771,10410326919,10410326982,1,"IOTHUB_CLIENT_CONFIRMATION_OK"
17772,10410327120,10410327171,1,"IOTHUB_CLIENT_CONFIRMATION_OK"
17773,10410327320,10410327361,1,"IOTHUB_CLIENT_CONFIRMATION_OK"
17774,10410327520,10410327565,1,"IOTHUB_CLIENT_CONFIRMATION_OK"
17775,10410327720,10410327781,1,"IOTHUB_CLIENT_CONFIRMATION_OK"
17776,10410327920,10410327963,1,"IOTHUB_CLIENT_CONFIRMATION_OK"
17777,10410328120,10410328164,1,"IOTHUB_CLIENT_CONFIRMATION_OK"
17778,10410328321,10410328368,1,"IOTHUB_CLIENT_CONFIRMATION_OK"
17779,10410328521,10410328591,1,"IOTHUB_CLIENT_CONFIRMATION_OK"
17780,10410328721,10410328773,1,"IOTHUB_CLIENT_CONFIRMATION_OK"
17781,10410328921,10410328989,1,"IOTHUB_CLIENT_CONFIRMATION_OK"
17782,10410329121,10410329172,1,"IOTHUB_CLIENT_CONFIRMATION_OK"
17783,10410329321,10410329378,1,"IOTHUB_CLIENT_CONFIRMATION_OK"
17784,10410329521,10410329595,1,"IOTHUB_CLIENT_CONFIRMATION_OK"
17785,10410329722,10410329783,1,"IOTHUB_CLIENT_CONFIRMATION_OK"
17786,10410329922,10410329973,1,"IOTHUB_CLIENT_CONFIRMATION_OK"
17787,10410330122,10410330172,1,"IOTHUB_CLIENT_CONFIRMATION_OK"
17788,10410330322,10410330372,1,"IOTHUB_CLIENT_CONFIRMATION_OK"
17789,10410330522,10410330596,1,"IOTHUB_CLIENT_CONFIRMATION_OK"
17790,10410330722,10410330787,1,"IOTHUB_CLIENT_CONFIRMATION_OK"
17791,10410330922,10410330995,1,"IOTHUB_CLIENT_CONFIRMATION_OK"
17792,10410331123,10410331172,1,"IOTHUB_CLIENT_CONFIRMATION_OK"
17793,10410331323,10410331378,1,"IOTHUB_CLIENT_CONFIRMATION_OK"
17794,10410331523,10410331568,1,"IOTHUB_CLIENT_CONFIRMATION_OK"
17795,10410331723,10410331769,1,"IOTHUB_CLIENT_CONFIRMATION_OK"
17796,10410331923,10410331985,1,"IOTHUB_CLIENT_CONFIRMATION_OK"
17797,10410332123,10410332168,1,"IOTHUB_CLIENT_CONFIRMATION_OK"
17798,10410332324,10410332377,1,"IOTHUB_CLIENT_CONFIRMATION_OK"
17799,10410332524,10410332613,1,"IOTHUB_CLIENT_CONFIRMATION_OK"
17800,10410332724,10410332794,1,"IOTHUB_CLIENT_CONFIRMATION_OK"
17801,10410332924,10410332967,1,"IOTHUB_CLIENT_CONFIRMATION_OK"
17802,10410333124,10410333172,1,"IOTHUB_CLIENT_CONFIRMATION_OK"
17803,10410333324,10410333374,1,"IOTHUB_CLIENT_CONFIRMATION_OK"
17804,10410333524,10410333602,1,"IOTHUB_CLIENT_CONFIRMATION_OK"
17805,10410333725,10410333769,1,"IOTHUB_CLIENT_CONFIRMATION_OK"
17806,10410333925,10410333967,1,"IOTHUB_CLIENT_CONFIRMATION_OK"
17807,10410334125,10410334165,1,"IOTHUB_CLIENT_CONFIRMATION_OK"
17808,10410334325,10410334372,1,"IOTHUB_CLIENT_CONFIRMATION_OK"
17809,10410334525,10410334577,1,"IOTHUB_CLIENT_CONFIRMATION_OK"
17810,10410334725,10410334771,1,"IOTHUB_CLIENT_CONFIRMATION_OK"
17811,10410334926,10410334972,1,"IOTHUB_CLIENT_CONFIRMATION_OK"
17812,10410335126,10410335346,1,"IOTHUB_CLIENT_CONFIRMATION_OK"
17813,10410335326,10410335597,1,"IOTHUB_CLIENT_CONFIRMATION_OK"
17814,10410335526,10410335634,1,"IOTHUB_CLIENT_CONFIRMATION_OK"
17815,10410335726,10410335801,1,"IOTHUB_CLIENT_CONFIRMATION_OK"
17816,10410335926,10410335981,1,"IOTHUB_CLIENT_CONFIRMATION_OK"
17817,10410336126,10410336184,1,"IOTHUB_CLIENT_CONFIRMATION_OK"
17818,10410336327,10410336477,1,"IOTHUB_CLIENT_CONFIRMATION_OK"
17819,10410336527,10410336590,1,"IOTHUB_CLIENT_CONFIRMATION_OK"
17820,10410336727,10410336775,1,"IOTHUB_CLIENT_CONFIRMATION_OK"
17821,10410336927,10410336968,1,"IOTHUB_CLIENT_CONFIRMATION_OK"
17822,10410337127,10410337271,1,"IOTHUB_CLIENT_CONFIRMATION_OK"
17823,10410337327,10410337370,1,"IOTHUB_CLIENT_CONFIRMATION_OK"
17824,10410337528,10410337606,1,"IOTHUB_CLIENT_CONFIRMATION_OK"
17825,10410337728,10410337797,1,"IOTHUB_CLIENT_CONFIRMATION_OK"
17826,10410337928,10410337974,1,"IOTHUB_CLIENT_CONFIRMATION_OK"
17827,10410338128,10410338188,1,"IOTHUB_CLIENT_CONFIRMATION_OK"
17828,10410338328,10410338376,1,"IOTHUB_CLIENT_CONFIRMATION_OK"
17829,10410338528,10410338594,1,"IOTHUB_CLIENT_CONFIRMATION_OK"
17830,10410338729,10410338836,1,"IOTHUB_CLIENT_CONFIRMATION_OK"
17831,10410338929,10410338971,1,"IOTHUB_CLIENT_CONFIRMATION_OK"
17832,10410339129,10410339187,1,"IOTHUB_CLIENT_CONFIRMATION_OK"
17833,10410339329,10410339458,1,"IOTHUB_CLIENT_CONFIRMATION_OK"
17834,10410339529,10410339576,1,"IOTHUB_CLIENT_CONFIRMATION_OK"
17835,10410339729,10410339784,1,"IOTHUB_CLIENT_CONFIRMATION_OK"
17836,10410339930,10410340075,1,"IOTHUB_CLIENT_CONFIRMATION_OK"
17837,10410340130,10410340191,1,"IOTHUB_CLIENT_CONFIRMATION_OK"
17838,10410340330,10410340378,1,"IOTHUB_CLIENT_CONFIRMATION_OK"
17839,10410340530,10410340682,1,"IOTHUB_CLIENT_CONFIRMATION_OK"
17840,10410340730,10410340779,1,"IOTHUB_CLIENT_CONFIRMATION_OK"
17841,10410340930,10410340981,1,"IOTHUB_CLIENT_CONFIRMATION_OK"
17842,10410341130,10410341301,1,"IOTHUB_CLIENT_CONFIRMATION_OK"
17843,10410341331,10410341392,1,"IOTHUB_CLIENT_CONFIRMATION_OK"
17844,10410341531,10410341583,1,"IOTHUB_CLIENT_CONFIRMATION_OK"
17845,10410341731,10410341943,1,"IOTHUB_CLIENT_CONFIRMATION_OK"
17846,10410341931,10410341994,1,"IOTHUB_CLIENT_CONFIRMATION_OK"
17847,10410342131,10410342191,1,"IOTHUB_CLIENT_CONFIRMATION_OK"
17848,10410342331,10410342543,1,"IOTHUB_CLIENT_CONFIRMATION_OK"
17849,10410342532,10410342568,1,"IOTHUB_CLIENT_CONFIRMATION_OK"
17850,10410342732,10410342783,1,"IOTHUB_CLIENT_CONFIRMATION_OK"
17851,10410342932,10410343182,1,"IOTHUB_CLIENT_CONFIRMATION_OK"
17852,10410343132,10410343211,1,"IOTHUB_CLIENT_CONFIRMATION_OK"
17853,10410343332,10410343392,1,"IOTHUB_CLIENT_CONFIRMATION_OK"
17854,10410343532,10410343571,1,"IOTHUB_CLIENT_CONFIRMATION_OK"
17855,10410343732,10410343777,1,"IOTHUB_CLIENT_CONFIRMATION_OK"
17856,10410343933,10410343984,1,"IOTHUB_CLIENT_CONFIRMATION_OK"
17857,10410344133,10410344180,1,"IOTHUB_CLIENT_CONFIRMATION_OK"
17858,10410344333,10410344399,1,"IOTHUB_CLIENT_CONFIRMATION_OK"
17859,10410344533,10410344589,1,"IOTHUB_CLIENT_CONFIRMATION_OK"
17860,10410344733,10410344799,1,"IOTHUB_CLIENT_CONFIRMATION_OK"
17861,10410344933,10410344999,1,"IOTHUB_CLIENT_CONFIRMATION_OK"
17862,10410345133,10410345282,1,"IOTHUB_CLIENT_CONFIRMATION_OK"
17863,10410345334,10410345491,1,"IOTHUB_CLIENT_CONFIRMATION_OK"
17864,10410345534,10410345622,1,"IOTHUB_CLIENT_CONFIRMATION_OK"
17865,10410345734,10410345808,1,"IOTHUB_CLIENT_CONFIRMATION_OK"
17866,10410345934,10410346122,1,"IOTHUB_CLIENT_CONFIRMATION_OK"
17867,10410346134,10410346186,1,"IOTHUB_CLIENT_CONFIRMATION_OK"
17868,10410346334,10410346385,1,"IOTHUB_CLIENT_CONFIRMATION_OK"
17869,10410346535,10410346582,1,"IOTHUB_CLIENT_CONFIRMATION_OK"
17870,10410346735,10410346776,1,"IOTHUB_CLIENT_CONFIRMATION_OK"
17871,10410346935,10410346986,1,"IOTHUB_CLIENT_CONFIRMATION_OK"
17872,10410347135,10410347175,1,"IOTHUB_CLIENT_CONFIRMATION_OK"
17873,10410347335,10410347385,1,"IOTHUB_CLIENT_CONFIRMATION_OK"
17874,10410347535,10410347600,1,"IOTHUB_CLIENT_CONFIRMATION_OK"
17875,10410347735,10410347775,1,"IOTHUB_CLIENT_CONFIRMATION_OK"
17876,10410347936,10410347972,1,"IOTHUB_CLIENT_CONFIRMATION_OK"
17877,10410348136,10410348188,1,"IOTHUB_CLIENT_CONFIRMATION_OK"
17878,10410348336,10410348415,1,"IOTHUB_CLIENT_CONFIRMATION_OK"
17879,10410348536,10410348583,1,"IOTHUB_CLIENT_CONFIRMATION_OK"
17880,10410348736,10410348778,1,"IOTHUB_CLIENT_CONFIRMATION_OK"
17881,10410348936,10410349090,1,"IOTHUB_CLIENT_CONFIRMATION_OK"
17882,10410349136,10410349182,1,"IOTHUB_CLIENT_CONFIRMATION_OK"
17883,10410349337,10410349402,1,"IOTHUB_CLIENT_CONFIRMATION_OK"
17884,10410349537,10410349707,1,"IOTHUB_CLIENT_CONFIRMATION_OK"
17885,10410349737,10410349782,1,"IOTHUB_CLIENT_CONFIRMATION_OK"
17886,10410349937,10410349982,1,"IOTHUB_CLIENT_CONFIRMATION_OK"
17887,10410350137,10410350291,1,"IOTHUB_CLIENT_CONFIRMATION_OK"
17888,10410350337,10410350394,1,"IOTHUB_CLIENT_CONFIRMATION_OK"
17889,10410350537,10410350590,1,"IOTHUB_CLIENT_CONFIRMATION_OK"
17890,10410350738,10410350950,1,"IOTHUB_CLIENT_CONFIRMATION_OK"
17891,10410350938,10410351012,1,"IOTHUB_CLIENT_CONFIRMATION_OK"
17892,10410351138,10410351195,1,"IOTHUB_CLIENT_CONFIRMATION_OK"
17893,10410351338,10410351389,1,"IOTHUB_CLIENT_CONFIRMATION_OK"
17894,10410351538,10410351579,1,"IOTHUB_CLIENT_CONFIRMATION_OK"
17895,10410351738,10410351800,1,"IOTHUB_CLIENT_CONFIRMATION_OK"
17896,10410351939,10410352002,1,"IOTHUB_CLIENT_CONFIRMATION_OK"
17897,10410352139,10410352254,1,"IOTHUB_CLIENT_CONFIRMATION_OK"
17898,10410352339,10410352388,1,"IOTHUB_CLIENT_CONFIRMATION_OK"
17899,10410352539,10410352602,1,"IOTHUB_CLIENT_CONFIRMATION_OK"
17900,10410352739,10410352783,1,"IOTHUB_CLIENT_CONFIRMATION_OK"
17901,10410352939,10410352986,1,"IOTHUB_CLIENT_CONFIRMATION_OK"
17902,10410353140,10410353194,1,"IOTHUB_CLIENT_CONFIRMATION_OK"
17903,10410353340,10410353390,1,"IOTHUB_CLIENT_CONFIRMATION_OK"
17904,10410353540,10410353637,1,"IOTHUB_CLIENT_CONFIRMATION_OK"
17905,10410353740,10410353872,1,"IOTHUB_CLIENT_CONFIRMATION_OK"
17906,10410353940,10410353989,1,"IOTHUB_CLIENT_CONFIRMATION_OK"
17907,10410354140,10410354191,1,"IOTHUB_CLIENT_CONFIRMATION_OK"
17908,10410354340,10410354461,1,"IOTHUB_CLIENT_CONFIRMATION_OK"
17909,10410354541,10410354595,1,"IOTHUB_CLIENT_CONFIRMATION_OK"
17910,10410354741,10410354786,1,"IOTHUB_CLIENT_CONFIRMATION_OK"
17911,10410354941,10410355080,1,"IOTHUB_CLIENT_CONFIRMATION_OK"
17912,10410355141,10410355184,1,"IOTHUB_CLIENT_CONFIRMATION_OK"
17913,10410355341,10410355389,1,"IOTHUB_CLIENT_CONFIRMATION_OK"
17914,10410355541,10410355728,1,"IOTHUB_CLIENT_CONFIRMATION_OK"
17915,10410355742,10410355789,1,"IOTHUB_CLIENT_CONFIRMATION_OK"
17916,10410355942,10410355992,1,"IOTHUB_CLIENT_CONFIRMATION_OK"
17917,10410356142,10410356312,1,"IOTHUB_CLIENT_CONFIRMATION_OK"
17918,10410356342,10410356513,1,"IOTHUB_CLIENT_CONFIRMATION_OK"
17919,10410356542,10410356591,1,"IOTHUB_CLIENT_CONFIRMATION_OK"
17920,10410356742,10410356937,1,"IOTHUB_CLIENT_CONFIRMATION_OK"
17921,10410356943,10410357029,1,"IOTHUB_CLIENT_CONFIRMATION_OK"
17922,10410357143,10410357209,1,"IOTHUB_CLIENT_CONFIRMATION_OK"
17923,10410357343,10410357544,1,"IOTHUB_CLIENT_CONFIRMATION_OK"
17924,10410357543,10410357580,1,"IOTHUB_CLIENT_CONFIRMATION_OK"
17925,10410357743,10410357828,1,"IOTHUB_CLIENT_CONFIRMATION_OK"
17926,10410357943,10410358150,1,"IOTHUB_CLIENT_CONFIRMATION_OK"
17927,10410358144,10410358186,1,"IOTHUB_CLIENT_CONFIRMATION_OK"
17928,10410358344,10410358393,1,"IOTHUB_CLIENT_CONFIRMATION_OK"
17929,10410358544,10410358594,1,"IOTHUB_CLIENT_CONFIRMATION_OK"
17930,10410358744,10410358812,1,"IOTHUB_CLIENT_CONFIRMATION_OK"
17931,10410358944,10410359012,1,"IOTHUB_CLIENT_CONFIRMATION_OK"
17932,10410359144,10410359192,1,"IOTHUB_CLIENT_CONFIRMATION_OK"
17933,10410359344,10410359394,1,"IOTHUB_CLIENT_CONFIRMATION_OK"
17934,10410359545,10410359599,1,"IOTHUB_CLIENT_CONFIRMATION_OK"
17935,10410359745,10410359787,1,"IOTHUB_CLIENT_CONFIRMATION_OK"
17936,10410359945,10410359997,1,"IOTHUB_CLIENT_CONFIRMATION_OK"
17937,10410360145,10410360190,1,"IOTHUB_CLIENT_CONFIRMATION_OK"
17938,10410360345,10410360435,1,"IOTHUB_CLIENT_CONFIRMATION_OK"
17939,10410360545,10410360585,1,"IOTHUB_CLIENT_CONFIRMATION_OK"
17940,10410360746,10410360793,1,"IOTHUB_CLIENT_CONFIRMATION_OK"
17941,10410360946,10410361056,1,"IOTHUB_CLIENT_CONFIRMATION_OK"
17942,10410361146,10410361178,1,"IOTHUB_CLIENT_CONFIRMATION_OK"
17943,10410361346,10410361398,1,"IOTHUB_CLIENT_CONFIRMATION_OK"
17944,10410361546,10410361662,1,"IOTHUB_CLIENT_CONFIRMATION_OK"
17945,10410361746,10410361800,1,"IOTHUB_CLIENT_CONFIRMATION_OK"
17946,10410361946,10410362121,1,"IOTHUB_CLIENT_CONFIRMATION_OK"
17947,10410362147,10410362287,1,"IOTHUB_CLIENT_CONFIRMATION_OK"
17948,10410362347,10410362435,1,"IOTHUB_CLIENT_CONFIRMATION_OK"
17949,10410362547,10410362583,1,"IOTHUB_CLIENT_CONFIRMATION_OK"
17950,10410362747,10410362912,1,"IOTHUB_CLIENT_CONFIRMATION_OK"
17951,10410362947,10410362991,1,"IOTHUB_CLIENT_CONFIRMATION_OK"
17952,10410363147,10410363285,1,"IOTHUB_CLIENT_CONFIRMATION_OK"
17953,10410363347,10410363523,1,"IOTHUB_CLIENT_CONFIRMATION_OK"
17954,10410363548,10410363605,1,"IOTHUB_CLIENT_CONFIRMATION_OK"
17955,10410363748,10410363796,1,"IOTHUB_CLIENT_CONFIRMATION_OK"
17956,10410363948,10410364134,1,"IOTHUB_CLIENT_CONFIRMATION_OK"
17957,10410364148,10410364191,1,"IOTHUB_CLIENT_CONFIRMATION_OK"
17958,10410364348,10410364389,1,"IOTHUB_CLIENT_CONFIRMATION_OK"
17959,10410364549,10410364783,1,"IOTHUB_CLIENT_CONFIRMATION_OK"
17960,10410364749,10410364824,1,"IOTHUB_CLIENT_CONFIRMATION_OK"
17961,10410364949,10410364999,1,"IOTHUB_CLIENT_CONFIRMATION_OK"
17962,10410365149,10410365356,1,"IOTHUB_CLIENT_CONFIRMATION_OK"
17963,10410365349,10410365391,1,"IOTHUB_CLIENT_CONFIRMATION_OK"
17964,10410365549,10410365585,1,"IOTHUB_CLIENT_CONFIRMATION_OK"
17965,10410365749,10410365853,1,"IOTHUB_CLIENT_CONFIRMATION_OK"
17966,10410365950,10410366013,1,"IOTHUB_CLIENT_CONFIRMATION_OK"
17967,10410366150,10410366214,1,"IOTHUB_CLIENT_CONFIRMATION_OK"
17968,10410366350,10410366401,1,"IOTHUB_CLIENT_CONFIRMATION_OK"
17969,10410366550,10410366604,1,"IOTHUB_CLIENT_CONFIRMATION_OK"
17970,10410366750,10410366792,1,"IOTHUB_CLIENT_CONFIRMATION_OK"
17971,10410366950,10410367025,1,"IOTHUB_CLIENT_CONFIRMATION_OK"
17972,10410367151,10410367205,1,"IOTHUB_CLIENT_CONFIRMATION_OK"
17973,10410367351,10410367396,1,"IOTHUB_CLIENT_CONFIRMATION_OK"
17974,10410367551,10410367620,1,"IOTHUB_CLIENT_CONFIRMATION_OK"
17975,10410367751,10410367803,1,"IOTHUB_CLIENT_CONFIRMATION_OK"
17976,10410367951,10410367998,1,"IOTHUB_CLIENT_CONFIRMATION_OK"
17977,10410368151,10410368244,1,"IOTHUB_CLIENT_CONFIRMATION_OK"
17978,10410368351,10410368411,1,"IOTHUB_CLIENT_CONFIRMATION_OK"
17979,10410368552,10410368618,1,"IOTHUB_CLIENT_CONFIRMATION_OK"
17980,10410368752,10410368827,1,"IOTHUB_CLIENT_CONFIRMATION_OK"
17981,10410368952,10410369012,1,"IOTHUB_CLIENT_CONFIRMATION_OK"
17982,10410369152,10410369202,1,"IOTHUB_CLIENT_CONFIRMATION_OK"
17983,10410369352,10410369429,1,"IOTHUB_CLIENT_CONFIRMATION_OK"
17984,10410369552,10410369597,1,"IOTHUB_CLIENT_CONFIRMATION_OK"
17985,10410369753,10410369801,1,"IOTHUB_CLIENT_CONFIRMATION_OK"
17986,10410369953,10410370051,1,"IOTHUB_CLIENT_CONFIRMATION_OK"
17987,10410370153,10410370193,1,"IOTHUB_CLIENT_CONFIRMATION_OK"
17988,10410370353,10410370401,1,"IOTHUB_CLIENT_CONFIRMATION_OK"
17989,10410370553,10410370649,1,"IOTHUB_CLIENT_CONFIRMATION_OK"
17990,10410370753,10410370800,1,"IOTHUB_CLIENT_CONFIRMATION_OK"
17991,10410370954,10410371013,1,"IOTHUB_CLIENT_CONFIRMATION_OK"
17992,10410371154,10410371251,1,"IOTHUB_CLIENT_CONFIRMATION_OK"
17993,10410371354,10410371417,1,"IOTHUB_CLIENT_CONFIRMATION_OK"
17994,10410371554,10410371601,1,"IOTHUB_CLIENT_CONFIRMATION_OK"
17995,10410371754,10410371934,1,"IOTHUB_CLIENT_CONFIRMATION_OK"
17996,10410371954,10410372011,1,"IOTHUB_CLIENT_CONFIRMATION_OK"
17997,10410372154,10410372208,1,"IOTHUB_CLIENT_CONFIRMATION_OK"
17998,10410372355,10410372495,1,"IOTHUB_CLIENT_CONFIRMATION_OK"
17999,10410372555,10410372604,1,"IOTHUB_CLIENT_CONFIRMATION_OK"
18000,10410372755,10410372810,1,"IOTHUB_CLIENT_CONFIRMATION_OK"
18001,10410372955,10410373240,1,"IOTHUB_CLIENT_CONFIRMATION_OK"
18002,10410373155,10410373347,1,"IOTHUB_CLIENT_CONFIRMATION_OK"
18003,10410373355,10410373407,1,"IOTHUB_CLIENT_CONFIRMATION_OK"
18004,10410373556,10410373738,1,"IOTHUB_CLIENT_CONFIRMATION_OK"
18005,10410373756,10410373818,1,"IOTHUB_CLIENT_CONFIRMATION_OK"
18006,10410373956,10410374009,1,"IOTHUB_CLIENT_CONFIRMATION_OK"
18007,10410374156,10410374311,1,"IOTHUB_CLIENT_CONFIRMATION_OK"
18008,10410374356,10410374416,1,"IOTHUB_CLIENT_CONFIRMATION_OK"
18009,10410374556,10410374938,1,"IOTHUB_CLIENT_CONFIRMATION_OK"
18010,10410374756,10410375060,1,"IOTHUB_CLIENT_CONFIRMATION_OK"
18011,10410374957,10410375135,1,"IOTHUB_CLIENT_CONFIRMATION_OK"
18012,10410375157,10410375218,1,"IOTHUB_CLIENT_CONFIRMATION_OK"
18013,10410375357,10410375569,1,"IOTHUB_CLIENT_CONFIRMATION_OK"
18014,10410375557,10410375609,1,"IOTHUB_CLIENT_CONFIRMATION_OK"
18015,10410375757,10410375820,1,"IOTHUB_CLIENT_CONFIRMATION_OK"
18016,10410375957,10410376027,1,"IOTHUB_CLIENT_CONFIRMATION_OK"
18017,10410376158,10410376207,1,"IOTHUB_CLIENT_CONFIRMATION_OK"
18018,10410376358,10410376402,1,"IOTHUB_CLIENT_CONFIRMATION_OK"
18019,10410376558,10410376622,1,"IOTHUB_CLIENT_CONFIRMATION_OK"
18020,10410376758,10410376839,1,"IOTHUB_CLIENT_CONFIRMATION_OK"
18021,10410376958,10410377021,1,"IOTHUB_CLIENT_CONFIRMATION_OK"
18022,10410377158,10410377292,1,"IOTHUB_CLIENT_CONFIRMATION_OK"
18023,10410377359,10410377431,1,"IOTHUB_CLIENT_CONFIRMATION_OK"
18024,10410377559,10410377616,1,"IOTHUB_CLIENT_CONFIRMATION_OK"
18025,10410377759,10410377807,1,"IOTHUB_CLIENT_CONFIRMATION_OK"
18026,10410377959,10410378005,1,"IOTHUB_CLIENT_CONFIRMATION_OK"
18027,10410378159,10410378219,1,"IOTHUB_CLIENT_CONFIRMATION_OK"
18028,10410378359,10410378408,1,"IOTHUB_CLIENT_CONFIRMATION_OK"
18029,10410378559,10410378624,1,"IOTHUB_CLIENT_CONFIRMATION_OK"
18030,10410378760,10410378793,1,"IOTHUB_CLIENT_CONFIRMATION_OK"
18031,10410378960,10410379021,1,"IOTHUB_CLIENT_CONFIRMATION_OK"
18032,10410379160,10410379210,1,"IOTHUB_CLIENT_CONFIRMATION_OK"
18033,10410379360,10410379421,1,"IOTHUB_CLIENT_CONFIRMATION_OK"
18034,10410379560,10410379643,1,"IOTHUB_CLIENT_CONFIRMATION_OK"
18035,10410379760,10410379821,1,"IOTHUB_CLIENT_CONFIRMATION_OK"
18036,10410379960,10410380021,1,"IOTHUB_CLIENT_CONFIRMATION_OK"
18037,10410380161,10410380245,1,"IOTHUB_CLIENT_CONFIRMATION_OK"
18038,10410380361,10410380409,1,"IOTHUB_CLIENT_CONFIRMATION_OK"
18039,10410380561,10410380639,1,"IOTHUB_CLIENT_CONFIRMATION_OK"
18040,10410380761,10410380865,1,"IOTHUB_CLIENT_CONFIRMATION_OK"
18041,10410380961,10410381018,1,"IOTHUB_CLIENT_CONFIRMATION_OK"
18042,10410381161,10410381205,1,"IOTHUB_CLIENT_CONFIRMATION_OK"
18043,10410381361,10410381459,1,"IOTHUB_CLIENT_CONFIRMATION_OK"
18044,10410381562,10410381600,1,"IOTHUB_CLIENT_CONFIRMATION_OK"
18045,10410381762,10410381813,1,"IOTHUB_CLIENT_CONFIRMATION_OK"
18046,10410381962,10410382078,1,"IOTHUB_CLIENT_CONFIRMATION_OK"
18047,10410382162,10410382225,1,"IOTHUB_CLIENT_CONFIRMATION_OK"
18048,10410382362,10410382412,1,"IOTHUB_CLIENT_CONFIRMATION_OK"
18049,10410382562,10410382716,1,"IOTHUB_CLIENT_CONFIRMATION_OK"
18050,10410382763,10410382807,1,"IOTHUB_CLIENT_CONFIRMATION_OK"
18051,10410382963,10410383004,1,"IOTHUB_CLIENT_CONFIRMATION_OK"
18052,10410383163,10410383331,1,"IOTHUB_CLIENT_CONFIRMATION_OK"
18053,10410383363,10410383408,1,"IOTHUB_CLIENT_CONFIRMATION_OK"
18054,10410383563,10410383608,1,"IOTHUB_CLIENT_CONFIRMATION_OK"
18055,10410383763,10410384031,1,"IOTHUB_CLIENT_CONFIRMATION_OK"
18056,10410383963,10410384076,1,"IOTHUB_CLIENT_CONFIRMATION_OK"
18057,10410384164,10410384203,1,"IOTHUB_CLIENT_CONFIRMATION_OK"
18058,10410384364,10410384453,1,"IOTHUB_CLIENT_CONFIRMATION_OK"
18059,10410384564,10410384619,1,"IOTHUB_CLIENT_CONFIRMATION_OK"
18060,10410384764,10410384815,1,"IOTHUB_CLIENT_CONFIRMATION_OK"
18061,10410384964,10410385020,1,"IOTHUB_CLIENT_CONFIRMATION_OK"
18062,10410385164,10410385202,1,"IOTHUB_CLIENT_CONFIRMATION_OK"
18063,10410385365,10410385403,1,"IOTHUB_CLIENT_CONFIRMATION_OK"
18064,10410385565,10410385622,1,"IOTHUB_CLIENT_CONFIRMATION_OK"
18065,10410385765,10410385823,1,"IOTHUB_CLIENT_CONFIRMATION_OK"
18066,10410385965,10410386031,1,"IOTHUB_CLIENT_CONFIRMATION_OK"
18067,10410386165,10410386230,1,"IOTHUB_CLIENT_CONFIRMATION_OK"
18068,10410386365,10410386419,1,"IOTHUB_CLIENT_CONFIRMATION_OK"
18069,10410386565,10410386652,1,"IOTHUB_CLIENT_CONFIRMATION_OK"
18070,10410386766,10410386807,1,"IOTHUB_CLIENT_CONFIRMATION_OK"
18071,10410386966,10410387024,1,"IOTHUB_CLIENT_CONFIRMATION_OK"
18072,10410387166,10410387209,1,"IOTHUB_CLIENT_CONFIRMATION_OK"
18073,10410387366,10410387443,1,"IOTHUB_CLIENT_CONFIRMATION_OK"
18074,10410387566,10410387609,1,"IOTHUB_CLIENT_CONFIRMATION_OK"
18075,10410387766,10410387812,1,"IOTHUB_CLIENT_CONFIRMATION_OK"
18076,10410387967,10410388041,1,"IOTHUB_CLIENT_CONFIRMATION_OK"
18077,10410388167,10410388253,1,"IOTHUB_CLIENT_CONFIRMATION_OK"
18078,10410388367,10410388433,1,"IOTHUB_CLIENT_CONFIRMATION_OK"
18079,10410388567,10410388646,1,"IOTHUB_CLIENT_CONFIRMATION_OK"
18080,10410388767,10410388826,1,"IOTHUB_CLIENT_CONFIRMATION_OK"
18081,10410388967,10410389026,1,"IOTHUB_CLIENT_CONFIRMATION_OK"
18082,10410389168,10410389258,1,"IOTHUB_CLIENT_CONFIRMATION_OK"
18083,10410389368,10410389402,1,"IOTHUB_CLIENT_CONFIRMATION_OK"
18084,10410389568,10410389623,1,"IOTHUB_CLIENT_CONFIRMATION_OK"
18085,10410389768,10410390005,1,"IOTHUB_CLIENT_CONFIRMATION_OK"
18086,10410389968,10410390070,1,"IOTHUB_CLIENT_CONFIRMATION_OK"
18087,10410390168,10410390255,1,"IOTHUB_CLIENT_CONFIRMATION_OK"
18088,10410390368,10410390552,1,"IOTHUB_CLIENT_CONFIRMATION_OK"
18089,10410390569,10410390615,1,"IOTHUB_CLIENT_CONFIRMATION_OK"
18090,10410390769,10410390819,1,"IOTHUB_CLIENT_CONFIRMATION_OK"
18091,10410390969,10410391032,1,"IOTHUB_CLIENT_CONFIRMATION_OK"
18092,10410391169,10410391214,1,"IOTHUB_CLIENT_CONFIRMATION_OK"
18093,10410391369,10410391412,1,"IOTHUB_CLIENT_CONFIRMATION_OK"
18094,10410391569,10410391618,1,"IOTHUB_CLIENT_CONFIRMATION_OK"
18095,10410391770,10410391824,1,"IOTHUB_CLIENT_CONFIRMATION_OK"
18096,10410391970,10410392025,1,"IOTHUB_CLIENT_CONFIRMATION_OK"
18097,10410392170,10410392248,1,"IOTHUB_CLIENT_CONFIRMATION_OK"
18098,10410392370,10410392423,1,"IOTHUB_CLIENT_CONFIRMATION_OK"
18099,10410392570,10410392617,1,"IOTHUB_CLIENT_CONFIRMATION_OK"
18100,10410392770,10410392831,1,"IOTHUB_CLIENT_CONFIRMATION_OK"
18101,10410392970,10410393008,1,"IOTHUB_CLIENT_CONFIRMATION_OK"
18102,10410393171,10410393236,1,"IOTHUB_CLIENT_CONFIRMATION_OK"
18103,10410393371,10410393414,1,"IOTHUB_CLIENT_CONFIRMATION_OK"
18104,10410393571,10410393618,1,"IOTHUB_CLIENT_CONFIRMATION_OK"
18105,10410393771,10410393818,1,"IOTHUB_CLIENT_CONFIRMATION_OK"
18106,10410393971,10410394033,1,"IOTHUB_CLIENT_CONFIRMATION_OK"
18107,10410394171,10410394221,1,"IOTHUB_CLIENT_CONFIRMATION_OK"
18108,10410394372,10410394426,1,"IOTHUB_CLIENT_CONFIRMATION_OK"
18109,10410394572,10410394639,1,"IOTHUB_CLIENT_CONFIRMATION_OK"
18110,10410394772,10410394827,1,"IOTHUB_CLIENT_CONFIRMATION_OK"
18111,10410394972,10410395108,1,"IOTHUB_CLIENT_CONFIRMATION_OK"
18112,10410395172,10410395328,1,"IOTHUB_CLIENT_CONFIRMATION_OK"
18113,10410395372,10410395422,1,"IOTHUB_CLIENT_CONFIRMATION_OK"
18114,10410395572,10410395624,1,"IOTHUB_CLIENT_CONFIRMATION_OK"
18115,10410395773,10410395850,1,"IOTHUB_CLIENT_CONFIRMATION_OK"
18116,10410395973,10410396057,1,"IOTHUB_CLIENT_CONFIRMATION_OK"
18117,10410396173,10410396225,1,"IOTHUB_CLIENT_CONFIRMATION_OK"
18118,10410396373,10410396422,1,"IOTHUB_CLIENT_CONFIRMATION_OK"
18119,10410396573,10410396624,1,"IOTHUB_CLIENT_CONFIRMATION_OK"
18120,10410396773,10410396825,1,"IOTHUB_CLIENT_CONFIRMATION_OK"
18121,10410396974,10410397033,1,"IOTHUB_CLIENT_CONFIRMATION_OK"
18122,10410397174,10410397225,1,"IOTHUB_CLIENT_CONFIRMATION_OK"
18123,10410397374,10410397413,1,"IOTHUB_CLIENT_CONFIRMATION_OK"
18124,10410397574,10410397631,1,"IOTHUB_CLIENT_CONFIRMATION_OK"
18125,10410397774,10410397816,1,"IOTHUB_CLIENT_CONFIRMATION_OK"
18126,10410397974,10410398031,1,"IOTHUB_CLIENT_CONFIRMATION_OK"
18127,10410398175,10410398229,1,"IOTHUB_CLIENT_CONFIRMATION_OK"
18128,10410398375,10410398421,1,"IOTHUB_CLIENT_CONFIRMATION_OK"
18129,10410398575,10410398624,1,"IOTHUB_CLIENT_CONFIRMATION_OK"
18130,10410398775,10410398819,1,"IOTHUB_CLIENT_CONFIRMATION_OK"
18131,10410398975,10410399063,1,"IOTHUB_CLIENT_CONFIRMATION_OK"
18132,10410399175,10410399254,1,"IOTHUB_CLIENT_CONFIRMATION_OK"
18133,10410399375,10410399465,1,"IOTHUB_CLIENT_CONFIRMATION_OK"
18134,10410399576,10410399627,1,"IOTHUB_CLIENT_CONFIRMATION_OK"
18135,10410399776,10410399834,1,"IOTHUB_CLIENT_CONFIRMATION_OK"
18136,10410399976,10410400014,1,"IOTHUB_CLIENT_CONFIRMATION_OK"
18137,10410400176,10410400215,1,"IOTHUB_CLIENT_CONFIRMATION_OK"
18138,10410400376,10410400446,1,"IOTHUB_CLIENT_CONFIRMATION_OK"
18139,10410400576,10410400694,1,"IOTHUB_CLIENT_CONFIRMATION_OK"
18140,10410400777,10410400843,1,"IOTHUB_CLIENT_CONFIRMATION_OK"
18141,10410400977,10410401106,1,"IOTHUB_CLIENT_CONFIRMATION_OK"
18142,10410401177,10410401290,1,"IOTHUB_CLIENT_CONFIRMATION_OK"
18143,10410401377,10410401424,1,"IOTHUB_CLIENT_CONFIRMATION_OK"
18144,10410401577,10410401640,1,"IOTHUB_CLIENT_CONFIRMATION_OK"
18145,10410401777,10410401900,1,"IOTHUB_CLIENT_CONFIRMATION_OK"
18146,10410401978,10410402031,1,"IOTHUB_CLIENT_CONFIRMATION_OK"
18147,10410402178,10410402224,1,"IOTHUB_CLIENT_CONFIRMATION_OK"
18148,10410402378,10410402516,1,"IOTHUB_CLIENT_CONFIRMATION_OK"
18149,10410402578,10410402653,1,"IOTHUB_CLIENT_CONFIRMATION_OK"
18150,10410402778,10410402819,1,"IOTHUB_CLIENT_CONFIRMATION_OK"
18151,10410402978,10410403121,1,"IOTHUB_CLIENT_CONFIRMATION_OK"
18152,10410403178,10410403221,1,"IOTHUB_CLIENT_CONFIRMATION_OK"
18153,10410403379,10410403442,1,"IOTHUB_CLIENT_CONFIRMATION_OK"
18154,10410403579,10410403643,1,"IOTHUB_CLIENT_CONFIRMATION_OK"
18155,10410403779,10410403843,1,"IOTHUB_CLIENT_CONFIRMATION_OK"
18156,10410403979,10410404035,1,"IOTHUB_CLIENT_CONFIRMATION_OK"
18157,10410404179,10410404232,1,"IOTHUB_CLIENT_CONFIRMATION_OK"
18158,10410404379,10410404459,1,"IOTHUB_CLIENT_CONFIRMATION_OK"
18159,10410404579,10410404628,1,"IOTHUB_CLIENT_CONFIRMATION_OK"
18160,10410404780,10410404820,1,"IOTHUB_CLIENT_CONFIRMATION_OK"
18161,10410404980,10410405018,1,"IOTHUB_CLIENT_CONFIRMATION_OK"
18162,10410405180,10410405249,1,"IOTHUB_CLIENT_CONFIRMATION_OK"
18163,10410405380,10410405430,1,"IOTHUB_CLIENT_CONFIRMATION_OK"
18164,10410405580,10410405640,1,"IOTHUB_CLIENT_CONFIRMATION_OK"
18165,10410405780,10410405819,1,"IOTHUB_CLIENT_CONFIRMATION_OK"
18166,10410405980,10410406027,1,"IOTHUB_CLIENT_CONFIRMATION_OK"
18167,10410406181,10410406367,1,"IOTHUB_CLIENT_CONFIRMATION_OK"
18168,10410406381,10410406441,1,"IOTHUB_CLIENT_CONFIRMATION_OK"
18169,10410406581,10410406696,1,"IOTHUB_CLIENT_CONFIRMATION_OK"
18170,10410406781,10410406836,1,"IOTHUB_CLIENT_CONFIRMATION_OK"
18171,10410406981,10410407023,1,"IOTHUB_CLIENT_CONFIRMATION_OK"
18172,10410407181,10410407220,1,"IOTHUB_CLIENT_CONFIRMATION_OK"
18173,10410407382,10410407431,1,"IOTHUB_CLIENT_CONFIRMATION_OK"
18174,10410407582,10410407628,1,"IOTHUB_CLIENT_CONFIRMATION_OK"
18175,10410407782,10410407828,1,"IOTHUB_CLIENT_CONFIRMATION_OK"
18176,10410407982,10410408028,1,"IOTHUB_CLIENT_CONFIRMATION_OK"
18177,10410408182,10410408258,1,"IOTHUB_CLIENT_CONFIRMATION_OK"
18178,10410408382,10410408488,1,"IOTHUB_CLIENT_CONFIRMATION_OK"
18179,10410408582,10410408725,1,"IOTHUB_CLIENT_CONFIRMATION_OK"
18180,10410408783,10410408825,1,"IOTHUB_CLIENT_CONFIRMATION_OK"
18181,10410408983,10410409039,1,"IOTHUB_CLIENT_CONFIRMATION_OK"
18182,10410409183,10410409227,1,"IOTHUB_CLIENT_CONFIRMATION_OK"
18183,10410409383,10410409431,1,"IOTHUB_CLIENT_CONFIRMATION_OK"
18184,10410409583,10410409637,1,"IOTHUB_CLIENT_CONFIRMATION_OK"
18185,10410409783,10410410232,1,"IOTHUB_CLIENT_CONFIRMATION_OK"
18186,10410409984,10410410691,1,"IOTHUB_CLIENT_CONFIRMATION_OK"
18187,10410410184,10410410822,1,"IOTHUB_CLIENT_CONFIRMATION_OK"
18188,10410410384,10410411031,1,"IOTHUB_CLIENT_CONFIRMATION_OK"
18189,10410410584,10410411101,1,"IOTHUB_CLIENT_CONFIRMATION_OK"
18190,10410410784,10410411245,1,"IOTHUB_CLIENT_CONFIRMATION_OK"
18191,10410410984,10410411329,1,"IOTHUB_CLIENT_CONFIRMATION_OK"
18192,10410411185,10410411385,1,"IOTHUB_CLIENT_CONFIRMATION_OK"
18193,10410411385,10410411472,1,"IOTHUB_CLIENT_CONFIRMATION_OK"
18194,10410411585,10410411632,1,"IOTHUB_CLIENT_CONFIRMATION_OK"
18195,10410411785,10410411828,1,"IOTHUB_CLIENT_CONFIRMATION_OK"
18196,10410411985,10410412044,1,"IOTHUB_CLIENT_CONFIRMATION_OK"
18197,10410412185,10410412305,1,"IOTHUB_CLIENT_CONFIRMATION_OK"
18198,10410412385,10410412437,1,"IOTHUB_CLIENT_CONFIRMATION_OK"
18199,10410412586,10410412630,1,"IOTHUB_CLIENT_CONFIRMATION_OK"
18200,10410412786,10410412830,1,"IOTHUB_CLIENT_CONFIRMATION_OK"
18201,10410412986,10410413074,1,"IOTHUB_CLIENT_CONFIRMATION_OK"
18202,10410413186,10410413227,1,"IOTHUB_CLIENT_CONFIRMATION_OK"
18203,10410413386,10410413435,1,"IOTHUB_CLIENT_CONFIRMATION_OK"
18204,10410413586,10410413632,1,"IOTHUB_CLIENT_CONFIRMATION_OK"
18205,10410413787,10410413858,1,"IOTHUB_CLIENT_CONFIRMATION_OK"
18206,10410413987,10410414053,1,"IOTHUB_CLIENT_CONFIRMATION_OK"
18207,10410414187,10410414244,1,"IOTHUB_CLIENT_CONFIRMATION_OK"
18208,10410414387,10410414477,1,"IOTHUB_CLIENT_CONFIRMATION_OK"
18209,10410414587,10410414639,1,"IOTHUB_CLIENT_CONFIRMATION_OK"
18210,10410414787,10410414892,1,"IOTHUB_CLIENT_CONFIRMATION_OK"
18211,10410414987,10410415085,1,"IOTHUB_CLIENT_CONFIRMATION_OK"
18212,10410415188,10410415250,1,"IOTHUB_CLIENT_CONFIRMATION_OK"
18213,10410415388,10410415457,1,"IOTHUB_CLIENT_CONFIRMATION_OK"
18214,10410415588,10410415684,1,"IOTHUB_CLIENT_CONFIRMATION_OK"
18215,10410415788,10410415861,1,"IOTHUB_CLIENT_CONFIRMATION_OK"
18216,10410415988,10410416037,1,"IOTHUB_CLIENT_CONFIRMATION_OK"
18217,10410416188,10410416252,1,"IOTHUB_CLIENT_CONFIRMATION_OK"
18218,10410416389,10410416430,1,"IOTHUB_CLIENT_CONFIRMATION_OK"
18219,10410416589,10410416637,1,"IOTHUB_CLIENT_CONFIRMATION_OK"
18220,10410416789,10410416830,1,"IOTHUB_CLIENT_CONFIRMATION_OK"
18221,10410416989,10410417045,1,"IOTHUB_CLIENT_CONFIRMATION_OK"
18222,10410417189,10410417250,1,"IOTHUB_CLIENT_CONFIRMATION_OK"
18223,10410417389,10410417440,1,"IOTHUB_CLIENT_CONFIRMATION_OK"
18224,10410417590,10410417635,1,"IOTHUB_CLIENT_CONFIRMATION_OK"
18225,10410417790,10410417851,1,"IOTHUB_CLIENT_CONFIRMATION_OK"
18226,10410417990,10410418040,1,"IOTHUB_CLIENT_CONFIRMATION_OK"
18227,10410418190,10410418298,1,"IOTHUB_CLIENT_CONFIRMATION_OK"
18228,10410418390,10410418438,1,"IOTHUB_CLIENT_CONFIRMATION_OK"
18229,10410418590,10410418640,1,"IOTHUB_CLIENT_CONFIRMATION_OK"
18230,10410418791,10410418840,1,"IOTHUB_CLIENT_CONFIRMATION_OK"
18231,10410418991,10410419051,1,"IOTHUB_CLIENT_CONFIRMATION_OK"
18232,10410419191,10410419266,1,"IOTHUB_CLIENT_CONFIRMATION_OK"
18233,10410419391,10410419434,1,"IOTHUB_CLIENT_CONFIRMATION_OK"
18234,10410419591,10410419642,1,"IOTHUB_CLIENT_CONFIRMATION_OK"
18235,10410419791,10410419846,1,"IOTHUB_CLIENT_CONFIRMATION_OK"
18236,10410419992,10410420042,1,"IOTHUB_CLIENT_CONFIRMATION_OK"
18237,10410420192,10410420269,1,"IOTHUB_CLIENT_CONFIRMATION_OK"
18238,10410420392,10410420461,1,"IOTHUB_CLIENT_CONFIRMATION_OK"
18239,10410420592,10410420640,1,"IOTHUB_CLIENT_CONFIRMATION_OK"
18240,10410420792,10410420836,1,"IOTHUB_CLIENT_CONFIRMATION_OK"
18241,10410420992,10410421090,1,"IOTHUB_CLIENT_CONFIRMATION_OK"
18242,10410421193,10410421242,1,"IOTHUB_CLIENT_CONFIRMATION_OK"
18243,10410421393,10410421466,1,"IOTHUB_CLIENT_CONFIRMATION_OK"
18244,10410421593,10410421641,1,"IOTHUB_CLIENT_CONFIRMATION_OK"
18245,10410421793,10410421846,1,"IOTHUB_CLIENT_CONFIRMATION_OK"
18246,10410421993,10410422093,1,"IOTHUB_CLIENT_CONFIRMATION_OK"
18247,10410422193,10410422276,1,"IOTHUB_CLIENT_CONFIRMATION_OK"
18248,10410422393,10410422443,1,"IOTHUB_CLIENT_CONFIRMATION_OK"
18249,10410422594,10410422646,1,"IOTHUB_CLIENT_CONFIRMATION_OK"
18250,10410422794,10410422843,1,"IOTHUB_CLIENT_CONFIRMATION_OK"
18251,10410422994,10410423038,1,"IOTHUB_CLIENT_CONFIRMATION_OK"
18252,10410423194,10410423232,1,"IOTHUB_CLIENT_CONFIRMATION_OK"
18253,10410423394,10410423464,1,"IOTHUB_CLIENT_CONFIRMATION_OK"
18254,10410423594,10410423650,1,"IOTHUB_CLIENT_CONFIRMATION_OK"
18255,10410423795,10410423846,1,"IOTHUB_CLIENT_CONFIRMATION_OK"
18256,10410423995,10410424039,1,"IOTHUB_CLIENT_CONFIRMATION_OK"
18257,10410424195,10410424252,1,"IOTHUB_CLIENT_CONFIRMATION_OK"
18258,10410424395,10410424445,1,"IOTHUB_CLIENT_CONFIRMATION_OK"
18259,10410424595,10410424702,1,"IOTHUB_CLIENT_CONFIRMATION_OK"
18260,10410424795,10410424856,1,"IOTHUB_CLIENT_CONFIRMATION_OK"
18261,10410424996,10410425049,1,"IOTHUB_CLIENT_CONFIRMATION_OK"
18262,10410425196,10410425302,1,"IOTHUB_CLIENT_CONFIRMATION_OK"
18263,10410425396,10410425447,1,"IOTHUB_CLIENT_CONFIRMATION_OK"
18264,10410425596,10410425649,1,"IOTHUB_CLIENT_CONFIRMATION_OK"
18265,10410425796,10410425906,1,"IOTHUB_CLIENT_CONFIRMATION_OK"
18266,10410425996,10410426047,1,"IOTHUB_CLIENT_CONFIRMATION_OK"
18267,10410426197,10410426247,1,"IOTHUB_CLIENT_CONFIRMATION_OK"
18268,10410426397,10410426467,1,"IOTHUB_CLIENT_CONFIRMATION_OK"
18269,10410426597,10410426641,1,"IOTHUB_CLIENT_CONFIRMATION_OK"
18270,10410426797,10410426836,1,"IOTHUB_CLIENT_CONFIRMATION_OK"
18271,10410426997,10410427034,1,"IOTHUB_CLIENT_CONFIRMATION_OK"
18272,10410427197,10410427242,1,"IOTHUB_CLIENT_CONFIRMATION_OK"
18273,10410427398,10410427475,1,"IOTHUB_CLIENT_CONFIRMATION_OK"
18274,10410427598,10410427647,1,"IOTHUB_CLIENT_CONFIRMATION_OK"
18275,10410427798,10410427841,1,"IOTHUB_CLIENT_CONFIRMATION_OK"
18276,10410427998,10410428047,1,"IOTHUB_CLIENT_CONFIRMATION_OK"
18277,10410428198,10410428252,1,"IOTHUB_CLIENT_CONFIRMATION_OK"
18278,10410428398,10410428444,1,"IOTHUB_CLIENT_CONFIRMATION_OK"
18279,10410428598,10410428680,1,"IOTHUB_CLIENT_CONFIRMATION_OK"
18280,10410428799,10410428858,1,"IOTHUB_CLIENT_CONFIRMATION_OK"
18281,10410428999,10410429075,1,"IOTHUB_CLIENT_CONFIRMATION_OK"
18282,10410429199,10410429272,1,"IOTHUB_CLIENT_CONFIRMATION_OK"
18283,10410429399,10410429450,1,"IOTHUB_CLIENT_CONFIRMATION_OK"
18284,10410429599,10410429640,1,"IOTHUB_CLIENT_CONFIRMATION_OK"
18285,10410429799,10410429862,1,"IOTHUB_CLIENT_CONFIRMATION_OK"
18286,10410430000,10410430069,1,"IOTHUB_CLIENT_CONFIRMATION_OK"
18287,10410430200,10410430247,1,"IOTHUB_CLIENT_CONFIRMATION_OK"
18288,10410430400,10410430461,1,"IOTHUB_CLIENT_CONFIRMATION_OK"
18289,10410430600,10410430690,1,"IOTHUB_CLIENT_CONFIRMATION_OK"
18290,10410430800,10410430866,1,"IOTHUB_CLIENT_CONFIRMATION_OK"
18291,10410431000,10410431045,1,"IOTHUB_CLIENT_CONFIRMATION_OK"
18292,10410431201,10410431294,1,"IOTHUB_CLIENT_CONFIRMATION_OK"
18293,10410431401,10410431458,1,"IOTHUB_CLIENT_CONFIRMATION_OK"
18294,10410431601,10410431658,1,"IOTHUB_CLIENT_CONFIRMATION_OK"
18295,10410431801,10410431854,1,"IOTHUB_CLIENT_CONFIRMATION_OK"
18296,10410432001,10410432051,1,"IOTHUB_CLIENT_CONFIRMATION_OK"
18297,10410432201,10410432260,1,"IOTHUB_CLIENT_CONFIRMATION_OK"
18298,10410432401,10410432440,1,"IOTHUB_CLIENT_CONFIRMATION_OK"
18299,10410432602,10410432647,1,"IOTHUB_CLIENT_CONFIRMATION_OK"
18300,10410432802,10410432854,1,"IOTHUB_CLIENT_CONFIRMATION_OK"
18301,10410433002,10410433046,1,"IOTHUB_CLIENT_CONFIRMATION_OK"
18302,10410433202,10410433256,1,"IOTHUB_CLIENT_CONFIRMATION_OK"
18303,10410433402,10410433475,1,"IOTHUB_CLIENT_CONFIRMATION_OK"
18304,10410433602,10410433671,1,"IOTHUB_CLIENT_CONFIRMATION_OK"
18305,10410433802,10410433866,1,"IOTHUB_CLIENT_CONFIRMATION_OK"
18306,10410434003,10410434055,1,"IOTHUB_CLIENT_CONFIRMATION_OK"
18307,10410434203,10410434255,1,"IOTHUB_CLIENT_CONFIRMATION_OK"
18308,10410434403,10410434438,1,"IOTHUB_CLIENT_CONFIRMATION_OK"
18309,10410434603,10410434652,1,"IOTHUB_CLIENT_CONFIRMATION_OK"
18310,10410434803,10410434853,1,"IOTHUB_CLIENT_CONFIRMATION_OK"
18311,10410435003,10410435074,1,"IOTHUB_CLIENT_CONFIRMATION_OK"
18312,10410435204,10410435246,1,"IOTHUB_CLIENT_CONFIRMATION_OK"
18313,10410435404,10410435463,1,"IOTHUB_CLIENT_CONFIRMATION_OK"
18314,10410435604,10410435640,1,"IOTHUB_CLIENT_CONFIRMATION_OK"
18315,10410435804,10410435865,1,"IOTHUB_CLIENT_CONFIRMATION_OK"
18316,10410436004,10410436134,1,"IOTHUB_CLIENT_CONFIRMATION_OK"
18317,10410436204,10410436246,1,"IOTHUB_CLIENT_CONFIRMATION_OK"
18318,10410436405,10410436457,1,"IOTHUB_CLIENT_CONFIRMATION_OK"
18319,10410436605,10410436649,1,"IOTHUB_CLIENT_CONFIRMATION_OK"
18320,10410436805,10410436851,1,"IOTHUB_CLIENT_CONFIRMATION_OK"
18321,10410437005,10410437061,1,"IOTHUB_CLIENT_CONFIRMATION_OK"
18322,10410437205,10410437245,1,"IOTHUB_CLIENT_CONFIRMATION_OK"
18323,10410437405,10410437444,1,"IOTHUB_CLIENT_CONFIRMATION_OK"
18324,10410437605,10410437652,1,"IOTHUB_CLIENT_CONFIRMATION_OK"
18325,10410437806,10410437854,1,"IOTHUB_CLIENT_CONFIRMATION_OK"
18326,10410438006,10410438055,1,"IOTHUB_CLIENT_CONFIRMATION_OK"
18327,10410438206,10410438306,1,"IOTHUB_CLIENT_CONFIRMATION_OK"
18328,10410438406,10410438479,1,"IOTHUB_CLIENT_CONFIRMATION_OK"
18329,10410438606,10410438648,1,"IOTHUB_CLIENT_CONFIRMATION_OK"
18330,10410438806,10410438864,1,"IOTHUB_CLIENT_CONFIRMATION_OK"
18331,10410439007,10410439061,1,"IOTHUB_CLIENT_CONFIRMATION_OK"
18332,10410439207,10410439289,1,"IOTHUB_CLIENT_CONFIRMATION_OK"
18333,10410439407,10410439454,1,"IOTHUB_CLIENT_CONFIRMATION_OK"
18334,10410439607,10410439667,1,"IOTHUB_CLIENT_CONFIRMATION_OK"
18335,10410439807,10410440006,1,"IOTHUB_CLIENT_CONFIRMATION_OK"
18336,10410440007,10410440141,1,"IOTHUB_CLIENT_CONFIRMATION_OK"
18337,10410440208,10410440268,1,"IOTHUB_CLIENT_CONFIRMATION_OK"
18338,10410440408,10410440447,1,"IOTHUB_CLIENT_CONFIRMATION_OK"
18339,10410440608,10410440652,1,"IOTHUB_CLIENT_CONFIRMATION_OK"
18340,10410440808,10410440886,1,"IOTHUB_CLIENT_CONFIRMATION_OK"
18341,10410441008,10410441071,1,"IOTHUB_CLIENT_CONFIRMATION_OK"
18342,10410441209,10410441292,1,"IOTHUB_CLIENT_CONFIRMATION_OK"
18343,10410441409,10410441470,1,"IOTHUB_CLIENT_CONFIRMATION_OK"
18344,10410441609,10410441656,1,"IOTHUB_CLIENT_CONFIRMATION_OK"
18345,10410441809,10410441874,1,"IOTHUB_CLIENT_CONFIRMATION_OK"
18346,10410442009,10410442064,1,"IOTHUB_CLIENT_CONFIRMATION_OK"
18347,10410442209,10410442249,1,"IOTHUB_CLIENT_CONFIRMATION_OK"
18348,10410442409,10410442476,1,"IOTHUB_CLIENT_CONFIRMATION_OK"
18349,10410442610,10410442693,1,"IOTHUB_CLIENT_CONFIRMATION_OK"
18350,10410442810,10410442865,1,"IOTHUB_CLIENT_CONFIRMATION_OK"
18351,10410443010,10410443075,1,"IOTHUB_CLIENT_CONFIRMATION_OK"
18352,10410443210,10410443269,1,"IOTHUB_CLIENT_CONFIRMATION_OK"
18353,10410443410,10410443481,1,"IOTHUB_CLIENT_CONFIRMATION_OK"
18354,10410443610,10410443649,1,"IOTHUB_CLIENT_CONFIRMATION_OK"
18355,10410443810,10410443911,1,"IOTHUB_CLIENT_CONFIRMATION_OK"
18356,10410444011,10410444067,1,"IOTHUB_CLIENT_CONFIRMATION_OK"
18357,10410444211,10410444269,1,"IOTHUB_CLIENT_CONFIRMATION_OK"
18358,10410444411,10410444504,1,"IOTHUB_CLIENT_CONFIRMATION_OK"
18359,10410444611,10410444649,1,"IOTHUB_CLIENT_CONFIRMATION_OK"
18360,10410444811,10410444857,1,"IOTHUB_CLIENT_CONFIRMATION_OK"
18361,10410445011,10410445102,1,"IOTHUB_CLIENT_CONFIRMATION_OK"
18362,10410445212,10410445253,1,"IOTHUB_CLIENT_CONFIRMATION_OK"
18363,10410445412,10410445472,1,"IOTHUB_CLIENT_CONFIRMATION_OK"
18364,10410445612,10410445666,1,"IOTHUB_CLIENT_CONFIRMATION_OK"
18365,10410445812,10410445887,1,"IOTHUB_CLIENT_CONFIRMATION_OK"
18366,10410446012,10410446050,1,"IOTHUB_CLIENT_CONFIRMATION_OK"
18367,10410446212,10410446255,1,"IOTHUB_CLIENT_CONFIRMATION_OK"
18368,10410446413,10410446471,1,"IOTHUB_CLIENT_CONFIRMATION_OK"
18369,10410446613,10410446800,1,"IOTHUB_CLIENT_CONFIRMATION_OK"
18370,10410446813,10410446861,1,"IOTHUB_CLIENT_CONFIRMATION_OK"
18371,10410447013,10410447110,1,"IOTHUB_CLIENT_CONFIRMATION_OK"
18372,10410447213,10410447252,1,"IOTHUB_CLIENT_CONFIRMATION_OK"
18373,10410447413,10410447458,1,"IOTHUB_CLIENT_CONFIRMATION_OK"
18374,10410447613,10410447661,1,"IOTHUB_CLIENT_CONFIRMATION_OK"
18375,10410447814,10410447889,1,"IOTHUB_CLIENT_CONFIRMATION_OK"
18376,10410448014,10410448073,1,"IOTHUB_CLIENT_CONFIRMATION_OK"
18377,10410448214,10410448256,1,"IOTHUB_CLIENT_CONFIRMATION_OK"
18378,10410448414,10410448463,1,"IOTHUB_CLIENT_CONFIRMATION_OK"
18379,10410448614,10410448682,1,"IOTHUB_CLIENT_CONFIRMATION_OK"
18380,10410448814,10410448877,1,"IOTHUB_CLIENT_CONFIRMATION_OK"
18381,10410449014,10410449062,1,"IOTHUB_CLIENT_CONFIRMATION_OK"
18382,10410449215,10410449274,1,"IOTHUB_CLIENT_CONFIRMATION_OK"
18383,10410449415,10410449470,1,"IOTHUB_CLIENT_CONFIRMATION_OK"
18384,10410449615,10410449663,1,"IOTHUB_CLIENT_CONFIRMATION_OK"
18385,10410449815,10410449873,1,"IOTHUB_CLIENT_CONFIRMATION_OK"
18386,10410450015,10410450068,1,"IOTHUB_CLIENT_CONFIRMATION_OK"
18387,10410450215,10410450499,1,"IOTHUB_CLIENT_CONFIRMATION_OK"
18388,10410450416,10410450612,1,"IOTHUB_CLIENT_CONFIRMATION_OK"
18389,10410450616,10410450689,1,"IOTHUB_CLIENT_CONFIRMATION_OK"
18390,10410450816,10410450858,1,"IOTHUB_CLIENT_CONFIRMATION_OK"
18391,10410451016,10410451067,1,"IOTHUB_CLIENT_CONFIRMATION_OK"
18392,10410451216,10410451255,1,"IOTHUB_CLIENT_CONFIRMATION_OK"
18393,10410451416,10410451459,1,"IOTHUB_CLIENT_CONFIRMATION_OK"
18394,10410451616,10410451676,1,"IOTHUB_CLIENT_CONFIRMATION_OK"
18395,10410451817,10410451879,1,"IOTHUB_CLIENT_CONFIRMATION_OK"
18396,10410452017,10410452133,1,"IOTHUB_CLIENT_CONFIRMATION_OK"
18397,10410452217,10410452268,1,"IOTHUB_CLIENT_CONFIRMATION_OK"
18398,10410452417,10410452466,1,"IOTHUB_CLIENT_CONFIRMATION_OK"
18399,10410452617,10410452695,1,"IOTHUB_CLIENT_CONFIRMATION_OK"
18400,10410452817,10410452868,1,"IOTHUB_CLIENT_CONFIRMATION_OK"
18401,10410453018,10410453079,1,"IOTHUB_CLIENT_CONFIRMATION_OK"
18402,10410453218,10410453305,1,"IOTHUB_CLIENT_CONFIRMATION_OK"
18403,10410453418,10410453473,1,"IOTHUB_CLIENT_CONFIRMATION_OK"
18404,10410453618,10410453672,1,"IOTHUB_CLIENT_CONFIRMATION_OK"
18405,10410453818,10410453880,1,"IOTHUB_CLIENT_CONFIRMATION_OK"
18406,10410454018,10410454072,1,"IOTHUB_CLIENT_CONFIRMATION_OK"
18407,10410454218,10410454276,1,"IOTHUB_CLIENT_CONFIRMATION_OK"
18408,10410454419,10410454456,1,"IOTHUB_CLIENT_CONFIRMATION_OK"
18409,10410454619,10410454683,1,"IOTHUB_CLIENT_CONFIRMATION_OK"
18410,10410454819,10410454875,1,"IOTHUB_CLIENT_CONFIRMATION_OK"
18411,10410455019,10410455071,1,"IOTHUB_CLIENT_CONFIRMATION_OK"
18412,10410455219,10410455327,1,"IOTHUB_CLIENT_CONFIRMATION_OK"
18413,10410455419,10410455482,1,"IOTHUB_CLIENT_CONFIRMATION_OK"
18414,10410455620,10410455662,1,"IOTHUB_CLIENT_CONFIRMATION_OK"
18415,10410455820,10410455879,1,"IOTHUB_CLIENT_CONFIRMATION_OK"
18416,10410456020,10410456066,1,"IOTHUB_CLIENT_CONFIRMATION_OK"
18417,10410456220,10410456273,1,"IOTHUB_CLIENT_CONFIRMATION_OK"
18418,10410456420,10410456472,1,"IOTHUB_CLIENT_CONFIRMATION_OK"
18419,10410456620,10410456740,1,"IOTHUB_CLIENT_CONFIRMATION_OK"
18420,10410456821,10410456910,1,"IOTHUB_CLIENT_CONFIRMATION_OK"
18421,10410457021,10410457074,1,"IOTHUB_CLIENT_CONFIRMATION_OK"
18422,10410457221,10410457273,1,"IOTHUB_CLIENT_CONFIRMATION_OK"
18423,10410457421,10410457466,1,"IOTHUB_CLIENT_CONFIRMATION_OK"
18424,10410457621,10410457676,1,"IOTHUB_CLIENT_CONFIRMATION_OK"
18425,10410457821,10410457877,1,"IOTHUB_CLIENT_CONFIRMATION_OK"
18426,10410458022,10410458078,1,"IOTHUB_CLIENT_CONFIRMATION_OK"
18427,10410458222,10410458265,1,"IOTHUB_CLIENT_CONFIRMATION_OK"
18428,10410458422,10410458467,1,"IOTHUB_CLIENT_CONFIRMATION_OK"
18429,10410458622,10410458685,1,"IOTHUB_CLIENT_CONFIRMATION_OK"
18430,10410458822,10410458869,1,"IOTHUB_CLIENT_CONFIRMATION_OK"
18431,10410459022,10410459083,1,"IOTHUB_CLIENT_CONFIRMATION_OK"
18432,10410459222,10410459266,1,"IOTHUB_CLIENT_CONFIRMATION_OK"
18433,10410459423,10410459460,1,"IOTHUB_CLIENT_CONFIRMATION_OK"
18434,10410459623,10410459680,1,"IOTHUB_CLIENT_CONFIRMATION_OK"
18435,10410459823,10410459870,1,"IOTHUB_CLIENT_CONFIRMATION_OK"
18436,10410460023,10410460072,1,"IOTHUB_CLIENT_CONFIRMATION_OK"
18437,10410460223,10410460292,1,"IOTHUB_CLIENT_CONFIRMATION_OK"
18438,10410460423,10410460475,1,"IOTHUB_CLIENT_CONFIRMATION_OK"
18439,10410460624,10410460697,1,"IOTHUB_CLIENT_CONFIRMATION_OK"
18440,10410460824,10410460870,1,"IOTHUB_CLIENT_CONFIRMATION_OK"
18441,10410461024,10410461066,1,"IOTHUB_CLIENT_CONFIRMATION_OK"
18442,10410461224,10410461283,1,"IOTHUB_CLIENT_CONFIRMATION_OK"
18443,10410461424,10410461482,1,"IOTHUB_CLIENT_CONFIRMATION_OK"
18444,10410461624,10410461669,1,"IOTHUB_CLIENT_CONFIRMATION_OK"
18445,10410461824,10410461863,1,"IOTHUB_CLIENT_CONFIRMATION_OK"
18446,10410462025,10410462068,1,"IOTHUB_CLIENT_CONFIRMATION_OK"
18447,10410462225,10410462269,1,"IOTHUB_CLIENT_CONFIRMATION_OK"
18448,10410462425,10410462525,1,"IOTHUB_CLIENT_CONFIRMATION_OK"
18449,10410462625,10410462676,1,"IOTHUB_CLIENT_CONFIRMATION_OK"
18450,10410462825,10410462978,1,"IOTHUB_CLIENT_CONFIRMATION_OK"
18451,10410463025,10410463073,1,"IOTHUB_CLIENT_CONFIRMATION_OK"
18452,10410463225,10410463275,1,"IOTHUB_CLIENT_CONFIRMATION_OK"
18453,10410463426,10410463472,1,"IOTHUB_CLIENT_CONFIRMATION_OK"
18454,10410463626,10410463671,1,"IOTHUB_CLIENT_CONFIRMATION_OK"
18455,10410463826,10410463863,1,"IOTHUB_CLIENT_CONFIRMATION_OK"
18456,10410464026,10410464090,1,"IOTHUB_CLIENT_CONFIRMATION_OK"
18457,10410464226,10410464282,1,"IOTHUB_CLIENT_CONFIRMATION_OK"
18458,10410464426,10410464478,1,"IOTHUB_CLIENT_CONFIRMATION_OK"
18459,10410464627,10410464669,1,"IOTHUB_CLIENT_CONFIRMATION_OK"
18460,10410464827,10410464866,1,"IOTHUB_CLIENT_CONFIRMATION_OK"
18461,10410465027,10410465071,1,"IOTHUB_CLIENT_CONFIRMATION_OK"
18462,10410465227,10410465279,1,"IOTHUB_CLIENT_CONFIRMATION_OK"
18463,10410465427,10410465473,1,"IOTHUB_CLIENT_CONFIRMATION_OK"
18464,10410465627,10410465680,1,"IOTHUB_CLIENT_CONFIRMATION_OK"
18465,10410465827,10410465883,1,"IOTHUB_CLIENT_CONFIRMATION_OK"
18466,10410466028,10410466078,1,"IOTHUB_CLIENT_CONFIRMATION_OK"
18467,10410466228,10410466273,1,"IOTHUB_CLIENT_CONFIRMATION_OK"
18468,10410466428,10410466483,1,"IOTHUB_CLIENT_CONFIRMATION_OK"
18469,10410466628,10410466697,1,"IOTHUB_CLIENT_CONFIRMATION_OK"
18470,10410466828,10410466877,1,"IOTHUB_CLIENT_CONFIRMATION_OK"
18471,10410467028,10410467086,1,"IOTHUB_CLIENT_CONFIRMATION_OK"
18472,10410467229,10410467277,1,"IOTHUB_CLIENT_CONFIRMATION_OK"
18473,10410467429,10410467480,1,"IOTHUB_CLIENT_CONFIRMATION_OK"
18474,10410467629,10410467707,1,"IOTHUB_CLIENT_CONFIRMATION_OK"
18475,10410467829,10410467878,1,"IOTHUB_CLIENT_CONFIRMATION_OK"
18476,10410468029,10410468117,1,"IOTHUB_CLIENT_CONFIRMATION_OK"
18477,10410468229,10410468298,1,"IOTHUB_CLIENT_CONFIRMATION_OK"
18478,10410468430,10410468492,1,"IOTHUB_CLIENT_CONFIRMATION_OK"
18479,10410468630,10410468680,1,"IOTHUB_CLIENT_CONFIRMATION_OK"
18480,10410468830,10410468888,1,"IOTHUB_CLIENT_CONFIRMATION_OK"
18481,10410469030,10410469173,1,"IOTHUB_CLIENT_CONFIRMATION_OK"
18482,10410469230,10410469263,1,"IOTHUB_CLIENT_CONFIRMATION_OK"
18483,10410469430,10410469493,1,"IOTHUB_CLIENT_CONFIRMATION_OK"
18484,10410469630,10410469674,1,"IOTHUB_CLIENT_CONFIRMATION_OK"
18485,10410469831,10410470109,1,"IOTHUB_CLIENT_CONFIRMATION_OK"
18486,10410470031,10410470204,1,"IOTHUB_CLIENT_CONFIRMATION_OK"
18487,10410470231,10410470314,1,"IOTHUB_CLIENT_CONFIRMATION_OK"
18488,10410470431,10410470492,1,"IOTHUB_CLIENT_CONFIRMATION_OK"
18489,10410470631,10410470686,1,"IOTHUB_CLIENT_CONFIRMATION_OK"
18490,10410470831,10410470877,1,"IOTHUB_CLIENT_CONFIRMATION_OK"
18491,10410471032,10410471078,1,"IOTHUB_CLIENT_CONFIRMATION_OK"
18492,10410471232,10410471285,1,"IOTHUB_CLIENT_CONFIRMATION_OK"
18493,10410471432,10410471490,1,"IOTHUB_CLIENT_CONFIRMATION_OK"
18494,10410471632,10410471686,1,"IOTHUB_CLIENT_CONFIRMATION_OK"
18495,10410471832,10410471872,1,"IOTHUB_CLIENT_CONFIRMATION_OK"
18496,10410472032,10410472084,1,"IOTHUB_CLIENT_CONFIRMATION_OK"
18497,10410472233,10410472311,1,"IOTHUB_CLIENT_CONFIRMATION_OK"
18498,10410472433,10410472480,1,"IOTHUB_CLIENT_CONFIRMATION_OK"
18499,10410472633,10410472686,1,"IOTHUB_CLIENT_CONFIRMATION_OK"
18500,10410472833,10410472878,1,"IOTHUB_CLIENT_CONFIRMATION_OK"
18501,10410473033,10410473073,1,"IOTHUB_CLIENT_CONFIRMATION_OK"
18502,10410473233,10410473292,1,"IOTHUB_CLIENT_CONFIRMATION_OK"
18503,10410473433,10410473499,1,"IOTHUB_CLIENT_CONFIRMATION_OK"
18504,10410473634,10410473705,1,"IOTHUB_CLIENT_CONFIRMATION_OK"
18505,10410473834,10410473884,1,"IOTHUB_CLIENT_CONFIRMATION_OK"
18506,10410474034,10410474078,1,"IOTHUB_CLIENT_CONFIRMATION_OK"
18507,10410474234,10410474292,1,"IOTHUB_CLIENT_CONFIRMATION_OK"
18508,10410474434,10410474501,1,"IOTHUB_CLIENT_CONFIRMATION_OK"
18509,10410474634,10410474680,1,"IOTHUB_CLIENT_CONFIRMATION_OK"
18510,10410474835,10410474897,1,"IOTHUB_CLIENT_CONFIRMATION_OK"
18511,10410475035,10410475086,1,"IOTHUB_CLIENT_CONFIRMATION_OK"
18512,10410475235,10410475276,1,"IOTHUB_CLIENT_CONFIRMATION_OK"
18513,10410475435,10410475483,1,"IOTHUB_CLIENT_CONFIRMATION_OK"
18514,10410475635,10410475720,1,"IOTHUB_CLIENT_CONFIRMATION_OK"
18515,10410475835,10410475898,1,"IOTHUB_CLIENT_CONFIRMATION_OK"
18516,10410476035,10410476381,1,"IOTHUB_CLIENT_CONFIRMATION_OK"
18517,10410476236,10410476427,1,"IOTHUB_CLIENT_CONFIRMATION_OK"
18518,10410476436,10410476532,1,"IOTHUB_CLIENT_CONFIRMATION_OK"
18519,10410476636,10410476680,1,"IOTHUB_CLIENT_CONFIRMATION_OK"
18520,10410476836,10410476876,1,"IOTHUB_CLIENT_CONFIRMATION_OK"
18521,10410477036,10410477089,1,"IOTHUB_CLIENT_CONFIRMATION_OK"
18522,10410477236,10410477279,1,"IOTHUB_CLIENT_CONFIRMATION_OK"
18523,10410477437,10410477481,1,"IOTHUB_CLIENT_CONFIRMATION_OK"
18524,10410477637,10410477680,1,"IOTHUB_CLIENT_CONFIRMATION_OK"
18525,10410477837,10410477890,1,"IOTHUB_CLIENT_CONFIRMATION_OK"
18526,10410478037,10410478072,1,"IOTHUB_CLIENT_CONFIRMATION_OK"
18527,10410478237,10410478280,1,"IOTHUB_CLIENT_CONFIRMATION_OK"
18528,10410478437,10410478492,1,"IOTHUB_CLIENT_CONFIRMATION_OK"
18529,10410478638,10410478678,1,"IOTHUB_CLIENT_CONFIRMATION_OK"
18530,10410478838,10410478882,1,"IOTHUB_CLIENT_CONFIRMATION_OK"
18531,10410479038,10410479096,1,"IOTHUB_CLIENT_CONFIRMATION_OK"
18532,10410479238,10410479288,1,"IOTHUB_CLIENT_CONFIRMATION_OK"
18533,10410479438,10410479484,1,"IOTHUB_CLIENT_CONFIRMATION_OK"
18534,10410479638,10410479685,1,"IOTHUB_CLIENT_CONFIRMATION_OK"
18535,10410479838,10410479890,1,"IOTHUB_CLIENT_CONFIRMATION_OK"
18536,10410480039,10410480117,1,"IOTHUB_CLIENT_CONFIRMATION_OK"
18537,10410480239,10410480281,1,"IOTHUB_CLIENT_CONFIRMATION_OK"
18538,10410480439,10410480480,1,"IOTHUB_CLIENT_CONFIRMATION_OK"
18539,10410480639,10410480699,1,"IOTHUB_CLIENT_CONFIRMATION_OK"
18540,10410480839,10410480880,1,"IOTHUB_CLIENT_CONFIRMATION_OK"
18541,10410481039,10410481106,1,"IOTHUB_CLIENT_CONFIRMATION_OK"
18542,10410481240,10410481290,1,"IOTHUB_CLIENT_CONFIRMATION_OK"
18543,10410481440,10410481519,1,"IOTHUB_CLIENT_CONFIRMATION_OK"
18544,10410481640,10410481703,1,"IOTHUB_CLIENT_CONFIRMATION_OK"
18545,10410481840,10410481880,1,"IOTHUB_CLIENT_CONFIRMATION_OK"
18546,10410482040,10410482083,1,"IOTHUB_CLIENT_CONFIRMATION_OK"
18547,10410482240,10410482336,1,"IOTHUB_CLIENT_CONFIRMATION_OK"
18548,10410482441,10410482485,1,"IOTHUB_CLIENT_CONFIRMATION_OK"
18549,10410482641,10410482702,1,"IOTHUB_CLIENT_CONFIRMATION_OK"
18550,10410482841,10410482892,1,"IOTHUB_CLIENT_CONFIRMATION_OK"
18551,10410483041,10410483084,1,"IOTHUB_CLIENT_CONFIRMATION_OK"
18552,10410483241,10410483291,1,"IOTHUB_CLIENT_CONFIRMATION_OK"
18553,10410483441,10410483490,1,"IOTHUB_CLIENT_CONFIRMATION_OK"
18554,10410483641,10410483704,1,"IOTHUB_CLIENT_CONFIRMATION_OK"
18555,10410483842,10410483892,1,"IOTHUB_CLIENT_CONFIRMATION_OK"
18556,10410484042,10410484146,1,"IOTHUB_CLIENT_CONFIRMATION_OK"
18557,10410484242,10410484285,1,"IOTHUB_CLIENT_CONFIRMATION_OK"
18558,10410484442,10410484481,1,"IOTHUB_CLIENT_CONFIRMATION_OK"
18559,10410484642,10410484682,1,"IOTHUB_CLIENT_CONFIRMATION_OK"
18560,10410484842,10410484888,1,"IOTHUB_CLIENT_CONFIRMATION_OK"
18561,10410485043,10410485083,1,"IOTHUB_CLIENT_CONFIRMATION_OK"
18562,10410485243,10410485290,1,"IOTHUB_CLIENT_CONFIRMATION_OK"
18563,10410485443,10410485492,1,"IOTHUB_CLIENT_CONFIRMATION_OK"
18564,10410485643,10410485700,1,"IOTHUB_CLIENT_CONFIRMATION_OK"
18565,10410485843,10410485935,1,"IOTHUB_CLIENT_CONFIRMATION_OK"
18566,10410486043,10410486097,1,"IOTHUB_CLIENT_CONFIRMATION_OK"
18567,10410486244,10410486336,1,"IOTHUB_CLIENT_CONFIRMATION_OK"
18568,10410486444,10410486497,1,"IOTHUB_CLIENT_CONFIRMATION_OK"
18569,10410486644,10410486689,1,"IOTHUB_CLIENT_CONFIRMATION_OK"
18570,10410486844,10410486946,1,"IOTHUB_CLIENT_CONFIRMATION_OK"
18571,10410487044,10410487140,1,"IOTHUB_CLIENT_CONFIRMATION_OK"
18572,10410487244,10410487285,1,"IOTHUB_CLIENT_CONFIRMATION_OK"
18573,10410487444,10410487596,1,"IOTHUB_CLIENT_CONFIRMATION_OK"
18574,10410487645,10410487708,1,"IOTHUB_CLIENT_CONFIRMATION_OK"
18575,10410487845,10410487893,1,"IOTHUB_CLIENT_CONFIRMATION_OK"
18576,10410488045,10410488186,1,"IOTHUB_CLIENT_CONFIRMATION_OK"
18577,10410488245,10410488300,1,"IOTHUB_CLIENT_CONFIRMATION_OK"
18578,10410488445,10410488536,1,"IOTHUB_CLIENT_CONFIRMATION_OK"
18579,10410488645,10410488831,1,"IOTHUB_CLIENT_CONFIRMATION_OK"
18580,10410488846,10410488898,1,"IOTHUB_CLIENT_CONFIRMATION_OK"
18581,10410489046,10410489127,1,"IOTHUB_CLIENT_CONFIRMATION_OK"
18582,10410489246,10410489421,1,"IOTHUB_CLIENT_CONFIRMATION_OK"
18583,10410489446,10410489542,1,"IOTHUB_CLIENT_CONFIRMATION_OK"
18584,10410489646,10410489687,1,"IOTHUB_CLIENT_CONFIRMATION_OK"
18585,10410489846,10410490057,1,"IOTHUB_CLIENT_CONFIRMATION_OK"
18586,10410490047,10410490096,1,"IOTHUB_CLIENT_CONFIRMATION_OK"
18587,10410490247,10410490304,1,"IOTHUB_CLIENT_CONFIRMATION_OK"
18588,10410490447,10410490772,1,"IOTHUB_CLIENT_CONFIRMATION_OK"
18589,10410490647,10410490821,1,"IOTHUB_CLIENT_CONFIRMATION_OK"
18590,10410490847,10410490900,1,"IOTHUB_CLIENT_CONFIRMATION_OK"
18591,10410491047,10410491264,1,"IOTHUB_CLIENT_CONFIRMATION_OK"
18592,10410491247,10410491304,1,"IOTHUB_CLIENT_CONFIRMATION_OK"
18593,10410491448,10410491493,1,"IOTHUB_CLIENT_CONFIRMATION_OK"
18594,10410491648,10410491900,1,"IOTHUB_CLIENT_CONFIRMATION_OK"
18595,10410491848,10410491935,1,"IOTHUB_CLIENT_CONFIRMATION_OK"
18596,10410492048,10410492094,1,"IOTHUB_CLIENT_CONFIRMATION_OK"
18597,10410492248,10410492300,1,"IOTHUB_CLIENT_CONFIRMATION_OK"
18598,10410492448,10410492500,1,"IOTHUB_CLIENT_CONFIRMATION_OK"
18599,10410492649,10410492704,1,"IOTHUB_CLIENT_CONFIRMATION_OK"
18600,10410492849,10410492923,1,"IOTHUB_CLIENT_CONFIRMATION_OK"
18601,10410493049,10410493098,1,"IOTHUB_CLIENT_CONFIRMATION_OK"
18602,10410493249,10410493304,1,"IOTHUB_CLIENT_CONFIRMATION_OK"
18603,10410493449,10410493545,1,"IOTHUB_CLIENT_CONFIRMATION_OK"
18604,10410493649,10410493720,1,"IOTHUB_CLIENT_CONFIRMATION_OK"
18605,10410493849,10410493909,1,"IOTHUB_CLIENT_CONFIRMATION_OK"
18606,10410494050,10410494156,1,"IOTHUB_CLIENT_CONFIRMATION_OK"
18607,10410494250,10410494291,1,"IOTHUB_CLIENT_CONFIRMATION_OK"
18608,10410494450,10410494500,1,"IOTHUB_CLIENT_CONFIRMATION_OK"
18609,10410494650,10410494787,1,"IOTHUB_CLIENT_CONFIRMATION_OK"
18610,10410494850,10410494898,1,"IOTHUB_CLIENT_CONFIRMATION_OK"
18611,10410495050,10410495116,1,"IOTHUB_CLIENT_CONFIRMATION_OK"
18612,10410495251,10410495409,1,"IOTHUB_CLIENT_CONFIRMATION_OK"
18613,10410495451,10410495487,1,"IOTHUB_CLIENT_CONFIRMATION_OK"
18614,10410495651,10410495765,1,"IOTHUB_CLIENT_CONFIRMATION_OK"
18615,10410495851,10410496044,1,"IOTHUB_CLIENT_CONFIRMATION_OK"
18616,10410496051,10410496106,1,"IOTHUB_CLIENT_CONFIRMATION_OK"
18617,10410496251,10410496303,1,"IOTHUB_CLIENT_CONFIRMATION_OK"
18618,10410496451,10410496614,1,"IOTHUB_CLIENT_CONFIRMATION_OK"
18619,10410496652,10410496693,1,"IOTHUB_CLIENT_CONFIRMATION_OK"
18620,10410496852,10410496933,1,"IOTHUB_CLIENT_CONFIRMATION_OK"
18621,10410497052,10410497212,1,"IOTHUB_CLIENT_CONFIRMATION_OK"
18622,10410497252,10410497292,1,"IOTHUB_CLIENT_CONFIRMATION_OK"
18623,10410497452,10410497499,1,"IOTHUB_CLIENT_CONFIRMATION_OK"
18624,10410497652,10410497847,1,"IOTHUB_CLIENT_CONFIRMATION_OK"
18625,10410497853,10410497895,1,"IOTHUB_CLIENT_CONFIRMATION_OK"
18626,10410498053,10410498101,1,"IOTHUB_CLIENT_CONFIRMATION_OK"
18627,10410498253,10410498496,1,"IOTHUB_CLIENT_CONFIRMATION_OK"
18628,10410498453,10410498542,1,"IOTHUB_CLIENT_CONFIRMATION_OK"
18629,10410498653,10410498740,1,"IOTHUB_CLIENT_CONFIRMATION_OK"
18630,10410498853,10410499205,1,"IOTHUB_CLIENT_CONFIRMATION_OK"
18631,10410499053,10410499822,1,"IOTHUB_CLIENT_CONFIRMATION_OK"
18632,10410499254,10410499920,1,"IOTHUB_CLIENT_CONFIRMATION_OK"
18633,10410499454,10410500057,1,"IOTHUB_CLIENT_CONFIRMATION_OK"
18634,10410499654,10410500197,1,"IOTHUB_CLIENT_CONFIRMATION_OK"
18635,10410499854,10410500339,1,"IOTHUB_CLIENT_CONFIRMATION_OK"
18636,10410500054,10410500440,1,"IOTHUB_CLIENT_CONFIRMATION_OK"
18637,10410500254,10410500500,1,"IOTHUB_CLIENT_CONFIRMATION_OK"
18638,10410500455,10410500604,1,"IOTHUB_CLIENT_CONFIRMATION_OK"
18639,10410500655,10410500715,1,"IOTHUB_CLIENT_CONFIRMATION_OK"
18640,10410500855,10410500904,1,"IOTHUB_CLIENT_CONFIRMATION_OK"
18641,10410501055,10410501152,1,"IOTHUB_CLIENT_CONFIRMATION_OK"
18642,10410501255,10410501357,1,"IOTHUB_CLIENT_CONFIRMATION_OK"
18643,10410501455,10410501503,1,"IOTHUB_CLIENT_CONFIRMATION_OK"
18644,10410501655,10410501706,1,"IOTHUB_CLIENT_CONFIRMATION_OK"
18645,10410501856,10410501922,1,"IOTHUB_CLIENT_CONFIRMATION_OK"
18646,10410502056,10410502101,1,"IOTHUB_CLIENT_CONFIRMATION_OK"
18647,10410502256,10410502302,1,"IOTHUB_CLIENT_CONFIRMATION_OK"
18648,10410502456,10410502592,1,"IOTHUB_CLIENT_CONFIRMATION_OK"
18649,10410502656,10410502710,1,"IOTHUB_CLIENT_CONFIRMATION_OK"
18650,10410502856,10410502926,1,"IOTHUB_CLIENT_CONFIRMATION_OK"
18651,10410503057,10410503150,1,"IOTHUB_CLIENT_CONFIRMATION_OK"
18652,10410503257,10410503305,1,"IOTHUB_CLIENT_CONFIRMATION_OK"
18653,10410503457,10410503509,1,"IOTHUB_CLIENT_CONFIRMATION_OK"
18654,10410503657,10410503780,1,"IOTHUB_CLIENT_CONFIRMATION_OK"
18655,10410503857,10410503915,1,"IOTHUB_CLIENT_CONFIRMATION_OK"
18656,10410504057,10410504104,1,"IOTHUB_CLIENT_CONFIRMATION_OK"
18657,10410504258,10410504366,1,"IOTHUB_CLIENT_CONFIRMATION_OK"
18658,10410504458,10410504501,1,"IOTHUB_CLIENT_CONFIRMATION_OK"
18659,10410504658,10410504742,1,"IOTHUB_CLIENT_CONFIRMATION_OK"
18660,10410504858,10410504978,1,"IOTHUB_CLIENT_CONFIRMATION_OK"
18661,10410505058,10410505096,1,"IOTHUB_CLIENT_CONFIRMATION_OK"
18662,10410505258,10410505312,1,"IOTHUB_CLIENT_CONFIRMATION_OK"
18663,10410505459,10410505619,1,"IOTHUB_CLIENT_CONFIRMATION_OK"
18664,10410505659,10410505701,1,"IOTHUB_CLIENT_CONFIRMATION_OK"
18665,10410505859,10410505922,1,"IOTHUB_CLIENT_CONFIRMATION_OK"
18666,10410506059,10410506211,1,"IOTHUB_CLIENT_CONFIRMATION_OK"
18667,10410506259,10410506298,1,"IOTHUB_CLIENT_CONFIRMATION_OK"
18668,10410506459,10410506503,1,"IOTHUB_CLIENT_CONFIRMATION_OK"
18669,10410506659,10410506824,1,"IOTHUB_CLIENT_CONFIRMATION_OK"
18670,10410506860,10410506906,1,"IOTHUB_CLIENT_CONFIRMATION_OK"
18671,10410507060,10410507159,1,"IOTHUB_CLIENT_CONFIRMATION_OK"
18672,10410507260,10410507428,1,"IOTHUB_CLIENT_CONFIRMATION_OK"
18673,10410507460,10410507510,1,"IOTHUB_CLIENT_CONFIRMATION_OK"
18674,10410507660,10410507704,1,"IOTHUB_CLIENT_CONFIRMATION_OK"
18675,10410507860,10410508036,1,"IOTHUB_CLIENT_CONFIRMATION_OK"
18676,10410508061,10410508150,1,"IOTHUB_CLIENT_CONFIRMATION_OK"
18677,10410508261,10410508378,1,"IOTHUB_CLIENT_CONFIRMATION_OK"
18678,10410508461,10410508652,1,"IOTHUB_CLIENT_CONFIRMATION_OK"
18679,10410508661,10410508728,1,"IOTHUB_CLIENT_CONFIRMATION_OK"
18680,10410508861,10410508938,1,"IOTHUB_CLIENT_CONFIRMATION_OK"
18681,10410509061,10410509269,1,"IOTHUB_CLIENT_CONFIRMATION_OK"
18682,10410509261,10410509333,1,"IOTHUB_CLIENT_CONFIRMATION_OK"
18683,10410509462,10410509507,1,"IOTHUB_CLIENT_CONFIRMATION_OK"
18684,10410509662,10410509878,1,"IOTHUB_CLIENT_CONFIRMATION_OK"
18685,10410509862,10410509906,1,"IOTHUB_CLIENT_CONFIRMATION_OK"
18686,10410510062,10410510118,1,"IOTHUB_CLIENT_CONFIRMATION_OK"
18687,10410510262,10410510464,1,"IOTHUB_CLIENT_CONFIRMATION_OK"
18688,10410510462,10410510504,1,"IOTHUB_CLIENT_CONFIRMATION_OK"
18689,10410510663,10410510715,1,"IOTHUB_CLIENT_CONFIRMATION_OK"
18690,10410510863,10410511084,1,"IOTHUB_CLIENT_CONFIRMATION_OK"
18691,10410511063,10410511128,1,"IOTHUB_CLIENT_CONFIRMATION_OK"
18692,10410511263,10410511314,1,"IOTHUB_CLIENT_CONFIRMATION_OK"
18693,10410511463,10410511506,1,"IOTHUB_CLIENT_CONFIRMATION_OK"
18694,10410511663,10410511705,1,"IOTHUB_CLIENT_CONFIRMATION_OK"
18695,10410511864,10410511906,1,"IOTHUB_CLIENT_CONFIRMATION_OK"
18696,10410512064,10410512111,1,"IOTHUB_CLIENT_CONFIRMATION_OK"
18697,10410512264,10410512305,1,"IOTHUB_CLIENT_CONFIRMATION_OK"
18698,10410512464,10410512512,1,"IOTHUB_CLIENT_CONFIRMATION_OK"
18699,10410512664,10410512816,1,"IOTHUB_CLIENT_CONFIRMATION_OK"
18700,10410512864,10410512931,1,"IOTHUB_CLIENT_CONFIRMATION_OK"
18701,10410513064,10410513101,1,"IOTHUB_CLIENT_CONFIRMATION_OK"
18702,10410513265,10410513326,1,"IOTHUB_CLIENT_CONFIRMATION_OK"
18703,10410513465,10410513508,1,"IOTHUB_CLIENT_CONFIRMATION_OK"
18704,10410513665,10410513714,1,"IOTHUB_CLIENT_CONFIRMATION_OK"
18705,10410513865,10410513944,1,"IOTHUB_CLIENT_CONFIRMATION_OK"
18706,10410514065,10410514109,1,"IOTHUB_CLIENT_CONFIRMATION_OK"
18707,10410514265,10410514352,1,"IOTHUB_CLIENT_CONFIRMATION_OK"
18708,10410514465,10410514565,1,"IOTHUB_CLIENT_CONFIRMATION_OK"
18709,10410514666,10410514720,1,"IOTHUB_CLIENT_CONFIRMATION_OK"
18710,10410514866,10410514912,1,"IOTHUB_CLIENT_CONFIRMATION_OK"
18711,10410515066,10410515158,1,"IOTHUB_CLIENT_CONFIRMATION_OK"
18712,10410515266,10410515305,1,"IOTHUB_CLIENT_CONFIRMATION_OK"
18713,10410515466,10410515522,1,"IOTHUB_CLIENT_CONFIRMATION_OK"
18714,10410515666,10410515781,1,"IOTHUB_CLIENT_CONFIRMATION_OK"
18715,10410515867,10410515922,1,"IOTHUB_CLIENT_CONFIRMATION_OK"
18716,10410516067,10410516120,1,"IOTHUB_CLIENT_CONFIRMATION_OK"
18717,10410516267,10410516387,1,"IOTHUB_CLIENT_CONFIRMATION_OK"
18718,10410516467,10410516572,1,"IOTHUB_CLIENT_CONFIRMATION_OK"
18719,10410516667,10410516724,1,"IOTHUB_CLIENT_CONFIRMATION_OK"
18720,10410516867,10410517003,1,"IOTHUB_CLIENT_CONFIRMATION_OK"
18721,10410517067,10410517143,1,"IOTHUB_CLIENT_CONFIRMATION_OK"
18722,10410517268,10410517317,1,"IOTHUB_CLIENT_CONFIRMATION_OK"
18723,10410517468,10410517694,1,"IOTHUB_CLIENT_CONFIRMATION_OK"
18724,10410517668,10410517749,1,"IOTHUB_CLIENT_CONFIRMATION_OK"
18725,10410517868,10410517911,1,"IOTHUB_CLIENT_CONFIRMATION_OK"
18726,10410518068,10410518117,1,"IOTHUB_CLIENT_CONFIRMATION_OK"
18727,10410518268,10410518340,1,"IOTHUB_CLIENT_CONFIRMATION_OK"
18728,10410518468,10410518520,1,"IOTHUB_CLIENT_CONFIRMATION_OK"
18729,10410518669,10410518717,1,"IOTHUB_CLIENT_CONFIRMATION_OK"
18730,10410518869,10410519012,1,"IOTHUB_CLIENT_CONFIRMATION_OK"
18731,10410519069,10410519121,1,"IOTHUB_CLIENT_CONFIRMATION_OK"
18732,10410519269,10410519357,1,"IOTHUB_CLIENT_CONFIRMATION_OK"
18733,10410519469,10410519552,1,"IOTHUB_CLIENT_CONFIRMATION_OK"
18734,10410519669,10410519711,1,"IOTHUB_CLIENT_CONFIRMATION_OK"
18735,10410519870,10410519954,1,"IOTHUB_CLIENT_CONFIRMATION_OK"
18736,10410520070,10410520119,1,"IOTHUB_CLIENT_CONFIRMATION_OK"
18737,10410520270,10410520323,1,"IOTHUB_CLIENT_CONFIRMATION_OK"
18738,10410520470,10410520557,1,"IOTHUB_CLIENT_CONFIRMATION_OK"
18739,10410520670,10410520707,1,"IOTHUB_CLIENT_CONFIRMATION_OK"
18740,10410520870,10410520922,1,"IOTHUB_CLIENT_CONFIRMATION_OK"
18741,10410521070,10410521273,1,"IOTHUB_CLIENT_CONFIRMATION_OK"
18742,10410521271,10410521350,1,"IOTHUB_CLIENT_CONFIRMATION_OK"
18743,10410521471,10410521517,1,"IOTHUB_CLIENT_CONFIRMATION_OK"
18744,10410521671,10410521779,1,"IOTHUB_CLIENT_CONFIRMATION_OK"
18745,10410521871,10410521923,1,"IOTHUB_CLIENT_CONFIRMATION_OK"
18746,10410522071,10410522123,1,"IOTHUB_CLIENT_CONFIRMATION_OK"
18747,10410522271,10410522386,1,"IOTHUB_CLIENT_CONFIRMATION_OK"
18748,10410522472,10410522519,1,"IOTHUB_CLIENT_CONFIRMATION_OK"
18749,10410522672,10410522724,1,"IOTHUB_CLIENT_CONFIRMATION_OK"
18750,10410522872,10410523006,1,"IOTHUB_CLIENT_CONFIRMATION_OK"
18751,10410523072,10410523128,1,"IOTHUB_CLIENT_CONFIRMATION_OK"
18752,10410523272,10410523317,1,"IOTHUB_CLIENT_CONFIRMATION_OK"
18753,10410523472,10410523610,1,"IOTHUB_CLIENT_CONFIRMATION_OK"
18754,10410523673,10410523750,1,"IOTHUB_CLIENT_CONFIRMATION_OK"
18755,10410523873,10410523929,1,"IOTHUB_CLIENT_CONFIRMATION_OK"
18756,10410524073,10410524309,1,"IOTHUB_CLIENT_CONFIRMATION_OK"
18757,10410524273,10410524342,1,"IOTHUB_CLIENT_CONFIRMATION_OK"
18758,10410524473,10410524521,1,"IOTHUB_CLIENT_CONFIRMATION_OK"
18759,10410524673,10410524736,1,"IOTHUB_CLIENT_CONFIRMATION_OK"
18760,10410524874,10410524949,1,"IOTHUB_CLIENT_CONFIRMATION_OK"
18761,10410525074,10410525142,1,"IOTHUB_CLIENT_CONFIRMATION_OK"
18762,10410525274,10410525348,1,"IOTHUB_CLIENT_CONFIRMATION_OK"
18763,10410525474,10410525536,1,"IOTHUB_CLIENT_CONFIRMATION_OK"
18764,10410525674,10410525742,1,"IOTHUB_CLIENT_CONFIRMATION_OK"
18765,10410525874,10410525999,1,"IOTHUB_CLIENT_CONFIRMATION_OK"
18766,10410526075,10410526114,1,"IOTHUB_CLIENT_CONFIRMATION_OK"
18767,10410526275,10410526326,1,"IOTHUB_CLIENT_CONFIRMATION_OK"
18768,10410526475,10410526572,1,"IOTHUB_CLIENT_CONFIRMATION_OK"
18769,10410526675,10410526728,1,"IOTHUB_CLIENT_CONFIRMATION_OK"
18770,10410526875,10410526914,1,"IOTHUB_CLIENT_CONFIRMATION_OK"
18771,10410527075,10410527185,1,"IOTHUB_CLIENT_CONFIRMATION_OK"
18772,10410527276,10410527313,1,"IOTHUB_CLIENT_CONFIRMATION_OK"
18773,10410527476,10410527549,1,"IOTHUB_CLIENT_CONFIRMATION_OK"
18774,10410527676,10410527814,1,"IOTHUB_CLIENT_CONFIRMATION_OK"
18775,10410527876,10410527925,1,"IOTHUB_CLIENT_CONFIRMATION_OK"
18776,10410528076,10410528116,1,"IOTHUB_CLIENT_CONFIRMATION_OK"
18777,10410528276,10410528439,1,"IOTHUB_CLIENT_CONFIRMATION_OK"
18778,10410528476,10410528532,1,"IOTHUB_CLIENT_CONFIRMATION_OK"
18779,10410528677,10410528716,1,"IOTHUB_CLIENT_CONFIRMATION_OK"
18780,10410528877,10410529014,1,"IOTHUB_CLIENT_CONFIRMATION_OK"
18781,10410529077,10410529118,1,"IOTHUB_CLIENT_CONFIRMATION_OK"
18782,10410529277,10410529326,1,"IOTHUB_CLIENT_CONFIRMATION_OK"
18783,10410529477,10410529641,1,"IOTHUB_CLIENT_CONFIRMATION_OK"
18784,10410529677,10410529731,1,"IOTHUB_CLIENT_CONFIRMATION_OK"
18785,10410529878,10410529929,1,"IOTHUB_CLIENT_CONFIRMATION_OK"
18786,10410530078,10410530242,1,"IOTHUB_CLIENT_CONFIRMATION_OK"
18787,10410530278,10410530323,1,"IOTHUB_CLIENT_CONFIRMATION_OK"
18788,10410530478,10410530518,1,"IOTHUB_CLIENT_CONFIRMATION_OK"
18789,10410530678,10410530899,1,"IOTHUB_CLIENT_CONFIRMATION_OK"
18790,10410530878,10410530940,1,"IOTHUB_CLIENT_CONFIRMATION_OK"
18791,10410531078,10410531123,1,"IOTHUB_CLIENT_CONFIRMATION_OK"
18792,10410531279,10410531316,1,"IOTHUB_CLIENT_CONFIRMATION_OK"
18793,10410531479,10410531526,1,"IOTHUB_CLIENT_CONFIRMATION_OK"
18794,10410531679,10410531730,1,"IOTHUB_CLIENT_CONFIRMATION_OK"
18795,10410531879,10410531949,1,"IOTHUB_CLIENT_CONFIRMATION_OK"
18796,10410532079,10410532127,1,"IOTHUB_CLIENT_CONFIRMATION_OK"
18797,10410532279,10410532318,1,"IOTHUB_CLIENT_CONFIRMATION_OK"
18798,10410532480,10410532538,1,"IOTHUB_CLIENT_CONFIRMATION_OK"
18799,10410532680,10410532725,1,"IOTHUB_CLIENT_CONFIRMATION_OK"
18800,10410532880,10410532926,1,"IOTHUB_CLIENT_CONFIRMATION_OK"
18801,10410533080,10410533139,1,"IOTHUB_CLIENT_CONFIRMATION_OK"
18802,10410533280,10410533325,1,"IOTHUB_CLIENT_CONFIRMATION_OK"
18803,10410533480,10410533519,1,"IOTHUB_CLIENT_CONFIRMATION_OK"
18804,10410533680,10410533759,1,"IOTHUB_CLIENT_CONFIRMATION_OK"
18805,10410533881,10410533951,1,"IOTHUB_CLIENT_CONFIRMATION_OK"
18806,10410534081,10410534125,1,"IOTHUB_CLIENT_CONFIRMATION_OK"
18807,10410534281,10410534386,1,"IOTHUB_CLIENT_CONFIRMATION_OK"
18808,10410534481,10410534528,1,"IOTHUB_CLIENT_CONFIRMATION_OK"
18809,10410534681,10410534730,1,"IOTHUB_CLIENT_CONFIRMATION_OK"
18810,10410534881,10410534989,1,"IOTHUB_CLIENT_CONFIRMATION_OK"
18811,10410535082,10410535125,1,"IOTHUB_CLIENT_CONFIRMATION_OK"
18812,10410535282,10410535324,1,"IOTHUB_CLIENT_CONFIRMATION_OK"
18813,10410535482,10410535609,1,"IOTHUB_CLIENT_CONFIRMATION_OK"
18814,10410535682,10410535742,1,"IOTHUB_CLIENT_CONFIRMATION_OK"
18815,10410535882,10410535933,1,"IOTHUB_CLIENT_CONFIRMATION_OK"
18816,10410536082,10410536201,1,"IOTHUB_CLIENT_CONFIRMATION_OK"
18817,10410536282,10410536334,1,"IOTHUB_CLIENT_CONFIRMATION_OK"
18818,10410536483,10410536536,1,"IOTHUB_CLIENT_CONFIRMATION_OK"
18819,10410536683,10410536832,1,"IOTHUB_CLIENT_CONFIRMATION_OK"
18820,10410536883,10410536941,1,"IOTHUB_CLIENT_CONFIRMATION_OK"
18821,10410537083,10410537132,1,"IOTHUB_CLIENT_CONFIRMATION_OK"
18822,10410537283,10410537493,1,"IOTHUB_CLIENT_CONFIRMATION_OK"
18823,10410537483,10410537553,1,"IOTHUB_CLIENT_CONFIRMATION_OK"
18824,10410537684,10410537726,1,"IOTHUB_CLIENT_CONFIRMATION_OK"
18825,10410537884,10410538089,1,"IOTHUB_CLIENT_CONFIRMATION_OK"
18826,10410538084,10410538131,1,"IOTHUB_CLIENT_CONFIRMATION_OK"
18827,10410538284,10410538332,1,"IOTHUB_CLIENT_CONFIRMATION_OK"
18828,10410538484,10410538709,1,"IOTHUB_CLIENT_CONFIRMATION_OK"
18829,10410538684,10410538757,1,"IOTHUB_CLIENT_CONFIRMATION_OK"
18830,10410538884,10410538939,1,"IOTHUB_CLIENT_CONFIRMATION_OK"
18831,10410539085,10410539297,1,"IOTHUB_CLIENT_CONFIRMATION_OK"
18832,10410539285,10410539331,1,"IOTHUB_CLIENT_CONFIRMATION_OK"
18833,10410539485,10410539530,1,"IOTHUB_CLIENT_CONFIRMATION_OK"
18834,10410539685,10410539732,1,"IOTHUB_CLIENT_CONFIRMATION_OK"
18835,10410539885,10410539937,1,"IOTHUB_CLIENT_CONFIRMATION_OK"
18836,10410540085,10410540142,1,"IOTHUB_CLIENT_CONFIRMATION_OK"
18837,10410540286,10410540343,1,"IOTHUB_CLIENT_CONFIRMATION_OK"
18838,10410540486,10410540555,1,"IOTHUB_CLIENT_CONFIRMATION_OK"
18839,10410540686,10410540744,1,"IOTHUB_CLIENT_CONFIRMATION_OK"
18840,10410540886,10410540927,1,"IOTHUB_CLIENT_CONFIRMATION_OK"
18841,10410541086,10410541137,1,"IOTHUB_CLIENT_CONFIRMATION_OK"
18842,10410541286,10410541328,1,"IOTHUB_CLIENT_CONFIRMATION_OK"
18843,10410541487,10410541536,1,"IOTHUB_CLIENT_CONFIRMATION_OK"
18844,10410541687,10410541744,1,"IOTHUB_CLIENT_CONFIRMATION_OK"
18845,10410541887,10410541945,1,"IOTHUB_CLIENT_CONFIRMATION_OK"
18846,10410542087,10410542157,1,"IOTHUB_CLIENT_CONFIRMATION_OK"
18847,10410542287,10410542354,1,"IOTHUB_CLIENT_CONFIRMATION_OK"
18848,10410542487,10410542545,1,"IOTHUB_CLIENT_CONFIRMATION_OK"
18849,10410542687,10410542778,1,"IOTHUB_CLIENT_CONFIRMATION_OK"
18850,10410542888,10410542942,1,"IOTHUB_CLIENT_CONFIRMATION_OK"
18851,10410543088,10410543130,1,"IOTHUB_CLIENT_CONFIRMATION_OK"
18852,10410543288,10410543366,1,"IOTHUB_CLIENT_CONFIRMATION_OK"
18853,10410543488,10410543530,1,"IOTHUB_CLIENT_CONFIRMATION_OK"
18854,10410543688,10410543860,1,"IOTHUB_CLIENT_CONFIRMATION_OK"
18855,10410543888,10410544072,1,"IOTHUB_CLIENT_CONFIRMATION_OK"
18856,10410544089,10410544138,1,"IOTHUB_CLIENT_CONFIRMATION_OK"
18857,10410544289,10410544330,1,"IOTHUB_CLIENT_CONFIRMATION_OK"
18858,10410544489,10410544700,1,"IOTHUB_CLIENT_CONFIRMATION_OK"
18859,10410544689,10410544738,1,"IOTHUB_CLIENT_CONFIRMATION_OK"
18860,10410544889,10410544945,1,"IOTHUB_CLIENT_CONFIRMATION_OK"
18861,10410545089,10410545137,1,"IOTHUB_CLIENT_CONFIRMATION_OK"
18862,10410545289,10410545345,1,"IOTHUB_CLIENT_CONFIRMATION_OK"
18863,10410545490,10410545534,1,"IOTHUB_CLIENT_CONFIRMATION_OK"
18864,10410545690,10410545744,1,"IOTHUB_CLIENT_CONFIRMATION_OK"
18865,10410545890,10410545944,1,"IOTHUB_CLIENT_CONFIRMATION_OK"
18866,10410546090,10410546134,1,"IOTHUB_CLIENT_CONFIRMATION_OK"
18867,10410546290,10410546340,1,"IOTHUB_CLIENT_CONFIRMATION_OK"
18868,10410546490,10410546536,1,"IOTHUB_CLIENT_CONFIRMATION_OK"
18869,10410546691,10410546754,1,"IOTHUB_CLIENT_CONFIRMATION_OK"
18870,10410546891,10410546938,1,"IOTHUB_CLIENT_CONFIRMATION_OK"
18871,10410547091,10410547150,1,"IOTHUB_CLIENT_CONFIRMATION_OK"
18872,10410547291,10410547346,1,"IOTHUB_CLIENT_CONFIRMATION_OK"
18873,10410547491,10410547543,1,"IOTHUB_CLIENT_CONFIRMATION_OK"
18874,10410547691,10410547749,1,"IOTHUB_CLIENT_CONFIRMATION_OK"
18875,10410547891,10410547956,1,"IOTHUB_CLIENT_CONFIRMATION_OK"
18876,10410548092,10410548160,1,"IOTHUB_CLIENT_CONFIRMATION_OK"
18877,10410548292,10410548334,1,"IOTHUB_CLIENT_CONFIRMATION_OK"
18878,10410548492,10410548543,1,"IOTHUB_CLIENT_CONFIRMATION_OK"
18879,10410548692,10410548755,1,"IOTHUB_CLIENT_CONFIRMATION_OK"
18880,10410548892,10410548938,1,"IOTHUB_CLIENT_CONFIRMATION_OK"
18881,10410549092,10410549165,1,"IOTHUB_CLIENT_CONFIRMATION_OK"
18882,10410549293,10410549379,1,"IOTHUB_CLIENT_CONFIRMATION_OK"
18883,10410549493,10410549549,1,"IOTHUB_CLIENT_CONFIRMATION_OK"
18884,10410549693,10410549731,1,"IOTHUB_CLIENT_CONFIRMATION_OK"
18885,10410549893,10410549983,1,"IOTHUB_CLIENT_CONFIRMATION_OK"
18886,10410550093,10410550224,1,"IOTHUB_CLIENT_CONFIRMATION_OK"
18887,10410550293,10410550332,1,"IOTHUB_CLIENT_CONFIRMATION_OK"
18888,10410550494,10410550574,1,"IOTHUB_CLIENT_CONFIRMATION_OK"
18889,10410550694,10410550748,1,"IOTHUB_CLIENT_CONFIRMATION_OK"
18890,10410550894,10410550937,1,"IOTHUB_CLIENT_CONFIRMATION_OK"
18891,10410551094,10410551199,1,"IOTHUB_CLIENT_CONFIRMATION_OK"
18892,10410551294,10410551344,1,"IOTHUB_CLIENT_CONFIRMATION_OK"
18893,10410551494,10410551540,1,"IOTHUB_CLIENT_CONFIRMATION_OK"
18894,10410551695,10410551856,1,"IOTHUB_CLIENT_CONFIRMATION_OK"
18895,10410551895,10410551942,1,"IOTHUB_CLIENT_CONFIRMATION_OK"
18896,10410552095,10410552163,1,"IOTHUB_CLIENT_CONFIRMATION_OK"
18897,10410552295,10410552410,1,"IOTHUB_CLIENT_CONFIRMATION_OK"
18898,10410552495,10410552595,1,"IOTHUB_CLIENT_CONFIRMATION_OK"
18899,10410552695,10410552748,1,"IOTHUB_CLIENT_CONFIRMATION_OK"
18900,10410552895,10410553022,1,"IOTHUB_CLIENT_CONFIRMATION_OK"
18901,10410553096,10410553141,1,"IOTHUB_CLIENT_CONFIRMATION_OK"
18902,10410553296,10410553340,1,"IOTHUB_CLIENT_CONFIRMATION_OK"
18903,10410553496,10410553671,1,"IOTHUB_CLIENT_CONFIRMATION_OK"
18904,10410553696,10410553753,1,"IOTHUB_CLIENT_CONFIRMATION_OK"
18905,10410553896,10410553939,1,"IOTHUB_CLIENT_CONFIRMATION_OK"
18906,10410554096,10410554272,1,"IOTHUB_CLIENT_CONFIRMATION_OK"
18907,10410554297,10410554338,1,"IOTHUB_CLIENT_CONFIRMATION_OK"
18908,10410554497,10410554539,1,"IOTHUB_CLIENT_CONFIRMATION_OK"
18909,10410554697,10410554873,1,"IOTHUB_CLIENT_CONFIRMATION_OK"
18910,10410554897,10410554973,1,"IOTHUB_CLIENT_CONFIRMATION_OK"
18911,10410555097,10410555149,1,"IOTHUB_CLIENT_CONFIRMATION_OK"
18912,10410555297,10410555336,1,"IOTHUB_CLIENT_CONFIRMATION_OK"
18913,10410555497,10410555547,1,"IOTHUB_CLIENT_CONFIRMATION_OK"
18914,10410555698,10410555751,1,"IOTHUB_CLIENT_CONFIRMATION_OK"
18915,10410555898,10410556177,1,"IOTHUB_CLIENT_CONFIRMATION_OK"
18916,10410556098,10410556233,1,"IOTHUB_CLIENT_CONFIRMATION_OK"
18917,10410556298,10410556336,1,"IOTHUB_CLIENT_CONFIRMATION_OK"
18918,10410556498,10410556564,1,"IOTHUB_CLIENT_CONFIRMATION_OK"
18919,10410556698,10410556739,1,"IOTHUB_CLIENT_CONFIRMATION_OK"
18920,10410556899,10410556956,1,"IOTHUB_CLIENT_CONFIRMATION_OK"
18921,10410557099,10410557207,1,"IOTHUB_CLIENT_CONFIRMATION_OK"
18922,10410557299,10410557386,1,"IOTHUB_CLIENT_CONFIRMATION_OK"
18923,10410557499,10410557544,1,"IOTHUB_CLIENT_CONFIRMATION_OK"
18924,10410557699,10410557831,1,"IOTHUB_CLIENT_CONFIRMATION_OK"
18925,10410557899,10410557948,1,"IOTHUB_CLIENT_CONFIRMATION_OK"
18926,10410558099,10410558150,1,"IOTHUB_CLIENT_CONFIRMATION_OK"
18927,10410558300,10410558457,1,"IOTHUB_CLIENT_CONFIRMATION_OK"
18928,10410558500,10410558583,1,"IOTHUB_CLIENT_CONFIRMATION_OK"
18929,10410558700,10410558903,1,"IOTHUB_CLIENT_CONFIRMATION_OK"
18930,10410558900,10410559053,1,"IOTHUB_CLIENT_CONFIRMATION_OK"
18931,10410559100,10410559146,1,"IOTHUB_CLIENT_CONFIRMATION_OK"
18932,10410559300,10410559349,1,"IOTHUB_CLIENT_CONFIRMATION_OK"
18933,10410559500,10410559677,1,"IOTHUB_CLIENT_CONFIRMATION_OK"
18934,10410559701,10410559758,1,"IOTHUB_CLIENT_CONFIRMATION_OK"
18935,10410559901,10410559956,1,"IOTHUB_CLIENT_CONFIRMATION_OK"
18936,10410560101,10410560273,1,"IOTHUB_CLIENT_CONFIRMATION_OK"
18937,10410560301,10410560351,1,"IOTHUB_CLIENT_CONFIRMATION_OK"
18938,10410560501,10410560548,1,"IOTHUB_CLIENT_CONFIRMATION_OK"
18939,10410560701,10410560884,1,"IOTHUB_CLIENT_CONFIRMATION_OK"
18940,10410560902,10410560957,1,"IOTHUB_CLIENT_CONFIRMATION_OK"
18941,10410561102,10410561155,1,"IOTHUB_CLIENT_CONFIRMATION_OK"
18942,10410561302,10410561363,1,"IOTHUB_CLIENT_CONFIRMATION_OK"
18943,10410561502,10410561570,1,"IOTHUB_CLIENT_CONFIRMATION_OK"
18944,10410561702,10410561760,1,"IOTHUB_CLIENT_CONFIRMATION_OK"
18945,10410561902,10410562179,1,"IOTHUB_CLIENT_CONFIRMATION_OK"
18946,10410562103,10410562230,1,"IOTHUB_CLIENT_CONFIRMATION_OK"
18947,10410562303,10410562371,1,"IOTHUB_CLIENT_CONFIRMATION_OK"
18948,10410562503,10410562570,1,"IOTHUB_CLIENT_CONFIRMATION_OK"
18949,10410562703,10410562755,1,"IOTHUB_CLIENT_CONFIRMATION_OK"
18950,10410562903,10410562996,1,"IOTHUB_CLIENT_CONFIRMATION_OK"
18951,10410563103,10410563172,1,"IOTHUB_CLIENT_CONFIRMATION_OK"
18952,10410563303,10410563342,1,"IOTHUB_CLIENT_CONFIRMATION_OK"
18953,10410563504,10410563555,1,"IOTHUB_CLIENT_CONFIRMATION_OK"
18954,10410563704,10410563792,1,"IOTHUB_CLIENT_CONFIRMATION_OK"
18955,10410563904,10410563953,1,"IOTHUB_CLIENT_CONFIRMATION_OK"
18956,10410564104,10410564174,1,"IOTHUB_CLIENT_CONFIRMATION_OK"
18957,10410564304,10410564435,1,"IOTHUB_CLIENT_CONFIRMATION_OK"
18958,10410564504,10410564556,1,"IOTHUB_CLIENT_CONFIRMATION_OK"
18959,10410564705,10410564757,1,"IOTHUB_CLIENT_CONFIRMATION_OK"
18960,10410564905,10410565036,1,"IOTHUB_CLIENT_CONFIRMATION_OK"
18961,10410565105,10410565151,1,"IOTHUB_CLIENT_CONFIRMATION_OK"
18962,10410565305,10410565346,1,"IOTHUB_CLIENT_CONFIRMATION_OK"
18963,10410565505,10410565675,1,"IOTHUB_CLIENT_CONFIRMATION_OK"
18964,10410565705,10410565754,1,"IOTHUB_CLIENT_CONFIRMATION_OK"
18965,10410565906,10410565961,1,"IOTHUB_CLIENT_CONFIRMATION_OK"
18966,10410566106,10410566267,1,"IOTHUB_CLIENT_CONFIRMATION_OK"
18967,10410566306,10410566362,1,"IOTHUB_CLIENT_CONFIRMATION_OK"
18968,10410566506,10410566569,1,"IOTHUB_CLIENT_CONFIRMATION_OK"
18969,10410566706,10410566864,1,"IOTHUB_CLIENT_CONFIRMATION_OK"
18970,10410566906,10410566946,1,"IOTHUB_CLIENT_CONFIRMATION_OK"
18971,10410567106,10410567174,1,"IOTHUB_CLIENT_CONFIRMATION_OK"
18972,10410567307,10410567543,1,"IOTHUB_CLIENT_CONFIRMATION_OK"
18973,10410567507,10410567610,1,"IOTHUB_CLIENT_CONFIRMATION_OK"
18974,10410567707,10410567805,1,"IOTHUB_CLIENT_CONFIRMATION_OK"
18975,10410567907,10410568075,1,"IOTHUB_CLIENT_CONFIRMATION_OK"
18976,10410568107,10410568151,1,"IOTHUB_CLIENT_CONFIRMATION_OK"
18977,10410568307,10410568352,1,"IOTHUB_CLIENT_CONFIRMATION_OK"
18978,10410568508,10410568567,1,"IOTHUB_CLIENT_CONFIRMATION_OK"
18979,10410568708,10410568788,1,"IOTHUB_CLIENT_CONFIRMATION_OK"
18980,10410568908,10410568953,1,"IOTHUB_CLIENT_CONFIRMATION_OK"
18981,10410569108,10410569152,1,"IOTHUB_CLIENT_CONFIRMATION_OK"
18982,10410569308,10410569349,1,"IOTHUB_CLIENT_CONFIRMATION_OK"
18983,10410569508,10410569587,1,"IOTHUB_CLIENT_CONFIRMATION_OK"
18984,10410569709,10410569779,1,"IOTHUB_CLIENT_CONFIRMATION_OK"
18985,10410569909,10410569953,1,"IOTHUB_CLIENT_CONFIRMATION_OK"
18986,10410570109,10410570163,1,"IOTHUB_CLIENT_CONFIRMATION_OK"
18987,10410570309,10410570360,1,"IOTHUB_CLIENT_CONFIRMATION_OK"
18988,10410570509,10410570546,1,"IOTHUB_CLIENT_CONFIRMATION_OK"
18989,10410570709,10410570753,1,"IOTHUB_CLIENT_CONFIRMATION_OK"
18990,10410570910,10410570979,1,"IOTHUB_CLIENT_CONFIRMATION_OK"
18991,10410571110,10410571205,1,"IOTHUB_CLIENT_CONFIRMATION_OK"
18992,10410571310,10410571355,1,"IOTHUB_CLIENT_CONFIRMATION_OK"
18993,10410571510,10410571578,1,"IOTHUB_CLIENT_CONFIRMATION_OK"
18994,10410571710,10410571764,1,"IOTHUB_CLIENT_CONFIRMATION_OK"
18995,10410571910,10410571969,1,"IOTHUB_CLIENT_CONFIRMATION_OK"
18996,10410572111,10410572187,1,"IOTHUB_CLIENT_CONFIRMATION_OK"
18997,10410572311,10410572416,1,"IOTHUB_CLIENT_CONFIRMATION_OK"
18998,10410572511,10410572595,1,"IOTHUB_CLIENT_CONFIRMATION_OK"
18999,10410572711,10410572814,1,"IOTHUB_CLIENT_CONFIRMATION_OK"
19000,10410572911,10410573006,1,"IOTHUB_CLIENT_CONFIRMATION_OK"
19001,10410573111,10410573162,1,"IOTHUB_CLIENT_CONFIRMATION_OK"
19002,10410573311,10410573457,1,"IOTHUB_CLIENT_CONFIRMATION_OK"
19003,10410573512,10410573565,1,"IOTHUB_CLIENT_CONFIRMATION_OK"
19004,10410573712,10410573752,1,"IOTHUB_CLIENT_CONFIRMATION_OK"
19005,10410573912,10410574059,1,"IOTHUB_CLIENT_CONFIRMATION_OK"
19006,10410574112,10410574185,1,"IOTHUB_CLIENT_CONFIRMATION_OK"
19007,10410574312,10410574393,1,"IOTHUB_CLIENT_CONFIRMATION_OK"
19008,10410574512,10410574658,1,"IOTHUB_CLIENT_CONFIRMATION_OK"
19009,10410574713,10410574758,1,"IOTHUB_CLIENT_CONFIRMATION_OK"
19010,10410574913,10410574963,1,"IOTHUB_CLIENT_CONFIRMATION_OK"
19011,10410575113,10410575276,1,"IOTHUB_CLIENT_CONFIRMATION_OK"
19012,10410575313,10410575367,1,"IOTHUB_CLIENT_CONFIRMATION_OK"
19013,10410575513,10410575570,1,"IOTHUB_CLIENT_CONFIRMATION_OK"
19014,10410575713,10410575758,1,"IOTHUB_CLIENT_CONFIRMATION_OK"
19015,10410575914,10410575961,1,"IOTHUB_CLIENT_CONFIRMATION_OK"
19016,10410576114,10410576158,1,"IOTHUB_CLIENT_CONFIRMATION_OK"
19017,10410576314,10410576355,1,"IOTHUB_CLIENT_CONFIRMATION_OK"
19018,10410576514,10410576567,1,"IOTHUB_CLIENT_CONFIRMATION_OK"
19019,10410576714,10410576751,1,"IOTHUB_CLIENT_CONFIRMATION_OK"
19020,10410576914,10410577080,1,"IOTHUB_CLIENT_CONFIRMATION_OK"
19021,10410577115,10410577162,1,"IOTHUB_CLIENT_CONFIRMATION_OK"
19022,10410577315,10410577376,1,"IOTHUB_CLIENT_CONFIRMATION_OK"
19023,10410577515,10410577683,1,"IOTHUB_CLIENT_CONFIRMATION_OK"
19024,10410577715,10410577754,1,"IOTHUB_CLIENT_CONFIRMATION_OK"
19025,10410577915,10410577978,1,"IOTHUB_CLIENT_CONFIRMATION_OK"
19026,10410578115,10410578176,1,"IOTHUB_CLIENT_CONFIRMATION_OK"
19027,10410578316,10410578359,1,"IOTHUB_CLIENT_CONFIRMATION_OK"
19028,10410578516,10410578565,1,"IOTHUB_CLIENT_CONFIRMATION_OK"
19029,10410578716,10410578759,1,"IOTHUB_CLIENT_CONFIRMATION_OK"
19030,10410578916,10410578962,1,"IOTHUB_CLIENT_CONFIRMATION_OK"
19031,10410579116,10410579159,1,"IOTHUB_CLIENT_CONFIRMATION_OK"
19032,10410579316,10410579357,1,"IOTHUB_CLIENT_CONFIRMATION_OK"
19033,10410579517,10410579567,1,"IOTHUB_CLIENT_CONFIRMATION_OK"
19034,10410579717,10410579779,1,"IOTHUB_CLIENT_CONFIRMATION_OK"
19035,10410579917,10410579991,1,"IOTHUB_CLIENT_CONFIRMATION_OK"
19036,10410580117,10410580185,1,"IOTHUB_CLIENT_CONFIRMATION_OK"
19037,10410580317,10410580374,1,"IOTHUB_CLIENT_CONFIRMATION_OK"
19038,10410580517,10410580577,1,"IOTHUB_CLIENT_CONFIRMATION_OK"
19039,10410580717,10410580795,1,"IOTHUB_CLIENT_CONFIRMATION_OK"
19040,10410580918,10410580961,1,"IOTHUB_CLIENT_CONFIRMATION_OK"
19041,10410581118,10410581189,1,"IOTHUB_CLIENT_CONFIRMATION_OK"
19042,10410581318,10410581367,1,"IOTHUB_CLIENT_CONFIRMATION_OK"
19043,10410581518,10410581596,1,"IOTHUB_CLIENT_CONFIRMATION_OK"
19044,10410581718,10410581797,1,"IOTHUB_CLIENT_CONFIRMATION_OK"
19045,10410581919,10410581973,1,"IOTHUB_CLIENT_CONFIRMATION_OK"
19046,10410582119,10410582168,1,"IOTHUB_CLIENT_CONFIRMATION_OK"
19047,10410582319,10410582397,1,"IOTHUB_CLIENT_CONFIRMATION_OK"
19048,10410582519,10410582562,1,"IOTHUB_CLIENT_CONFIRMATION_OK"
19049,10410582719,10410582766,1,"IOTHUB_CLIENT_CONFIRMATION_OK"
19050,10410582919,10410583002,1,"IOTHUB_CLIENT_CONFIRMATION_OK"
19051,10410583119,10410583351,1,"IOTHUB_CLIENT_CONFIRMATION_OK"
19052,10410583320,10410583378,1,"IOTHUB_CLIENT_CONFIRMATION_OK"
19053,10410583520,10410583642,1,"IOTHUB_CLIENT_CONFIRMATION_OK"
19054,10410583720,10410583761,1,"IOTHUB_CLIENT_CONFIRMATION_OK"
19055,10410583920,10410583975,1,"IOTHUB_CLIENT_CONFIRMATION_OK"
19056,10410584120,10410584219,1,"IOTHUB_CLIENT_CONFIRMATION_OK"
19057,10410584320,10410584364,1,"IOTHUB_CLIENT_CONFIRMATION_OK"
19058,10410584521,10410584567,1,"IOTHUB_CLIENT_CONFIRMATION_OK"
19059,10410584721,10410584849,1,"IOTHUB_CLIENT_CONFIRMATION_OK"
19060,10410584921,10410584978,1,"IOTHUB_CLIENT_CONFIRMATION_OK"
19061,10410585121,10410585165,1,"IOTHUB_CLIENT_CONFIRMATION_OK"
19062,10410585321,10410585495,1,"IOTHUB_CLIENT_CONFIRMATION_OK"
19063,10410585521,10410585576,1,"IOTHUB_CLIENT_CONFIRMATION_OK"
19064,10410585722,10410585767,1,"IOTHUB_CLIENT_CONFIRMATION_OK"
19065,10410585922,10410586053,1,"IOTHUB_CLIENT_CONFIRMATION_OK"
19066,10410586122,10410586169,1,"IOTHUB_CLIENT_CONFIRMATION_OK"
19067,10410586322,10410586363,1,"IOTHUB_CLIENT_CONFIRMATION_OK"
19068,10410586522,10410586690,1,"IOTHUB_CLIENT_CONFIRMATION_OK"
19069,10410586722,10410586797,1,"IOTHUB_CLIENT_CONFIRMATION_OK"
19070,10410586923,10410586998,1,"IOTHUB_CLIENT_CONFIRMATION_OK"
19071,10410587123,10410587201,1,"IOTHUB_CLIENT_CONFIRMATION_OK"
19072,10410587323,10410587415,1,"IOTHUB_CLIENT_CONFIRMATION_OK"
19073,10410587523,10410587569,1,"IOTHUB_CLIENT_CONFIRMATION_OK"
19074,10410587723,10410587766,1,"IOTHUB_CLIENT_CONFIRMATION_OK"
19075,10410587923,10410587965,1,"IOTHUB_CLIENT_CONFIRMATION_OK"
19076,10410588123,10410588172,1,"IOTHUB_CLIENT_CONFIRMATION_OK"
19077,10410588324,10410588391,1,"IOTHUB_CLIENT_CONFIRMATION_OK"
19078,10410588524,10410588590,1,"IOTHUB_CLIENT_CONFIRMATION_OK"
19079,10410588724,10410588774,1,"IOTHUB_CLIENT_CONFIRMATION_OK"
19080,10410588924,10410588979,1,"IOTHUB_CLIENT_CONFIRMATION_OK"
19081,10410589124,10410589224,1,"IOTHUB_CLIENT_CONFIRMATION_OK"
19082,10410589324,10410589373,1,"IOTHUB_CLIENT_CONFIRMATION_OK"
19083,10410589525,10410589622,1,"IOTHUB_CLIENT_CONFIRMATION_OK"
19084,10410589725,10410589796,1,"IOTHUB_CLIENT_CONFIRMATION_OK"
19085,10410589925,10410589990,1,"IOTHUB_CLIENT_CONFIRMATION_OK"
19086,10410590125,10410590262,1,"IOTHUB_CLIENT_CONFIRMATION_OK"
19087,10410590325,10410590367,1,"IOTHUB_CLIENT_CONFIRMATION_OK"
19088,10410590525,10410590593,1,"IOTHUB_CLIENT_CONFIRMATION_OK"
19089,10410590726,10410590948,1,"IOTHUB_CLIENT_CONFIRMATION_OK"
19090,10410590926,10410590987,1,"IOTHUB_CLIENT_CONFIRMATION_OK"
19091,10410591126,10410591192,1,"IOTHUB_CLIENT_CONFIRMATION_OK"
19092,10410591326,10410591456,1,"IOTHUB_CLIENT_CONFIRMATION_OK"
19093,10410591526,10410591603,1,"IOTHUB_CLIENT_CONFIRMATION_OK"
19094,10410591726,10410591762,1,"IOTHUB_CLIENT_CONFIRMATION_OK"
19095,10410591927,10410592089,1,"IOTHUB_CLIENT_CONFIRMATION_OK"
19096,10410592127,10410592180,1,"IOTHUB_CLIENT_CONFIRMATION_OK"
19097,10410592327,10410592378,1,"IOTHUB_CLIENT_CONFIRMATION_OK"
19098,10410592527,10410592576,1,"IOTHUB_CLIENT_CONFIRMATION_OK"
19099,10410592727,10410592764,1,"IOTHUB_CLIENT_CONFIRMATION_OK"
19100,10410592927,10410592991,1,"IOTHUB_CLIENT_CONFIRMATION_OK"
19101,10410593128,10410593172,1,"IOTHUB_CLIENT_CONFIRMATION_OK"
19102,10410593328,10410593369,1,"IOTHUB_CLIENT_CONFIRMATION_OK"
19103,10410593528,10410593581,1,"IOTHUB_CLIENT_CONFIRMATION_OK"
19104,10410593728,10410593795,1,"IOTHUB_CLIENT_CONFIRMATION_OK"
19105,10410593928,10410593967,1,"IOTHUB_CLIENT_CONFIRMATION_OK"
19106,10410594128,10410594177,1,"IOTHUB_CLIENT_CONFIRMATION_OK"
19107,10410594329,10410594374,1,"IOTHUB_CLIENT_CONFIRMATION_OK"
19108,10410594529,10410594611,1,"IOTHUB_CLIENT_CONFIRMATION_OK"
19109,10410594729,10410594777,1,"IOTHUB_CLIENT_CONFIRMATION_OK"
19110,10410594929,10410595018,1,"IOTHUB_CLIENT_CONFIRMATION_OK"
19111,10410595129,10410595169,1,"IOTHUB_CLIENT_CONFIRMATION_OK"
19112,10410595329,10410595389,1,"IOTHUB_CLIENT_CONFIRMATION_OK"
19113,10410595529,10410595584,1,"IOTHUB_CLIENT_CONFIRMATION_OK"
19114,10410595730,10410595766,1,"IOTHUB_CLIENT_CONFIRMATION_OK"
19115,10410595930,10410595985,1,"IOTHUB_CLIENT_CONFIRMATION_OK"
19116,10410596130,10410596190,1,"IOTHUB_CLIENT_CONFIRMATION_OK"
19117,10410596330,10410596424,1,"IOTHUB_CLIENT_CONFIRMATION_OK"
19118,10410596530,10410596577,1,"IOTHUB_CLIENT_CONFIRMATION_OK"
19119,10410596730,10410596788,1,"IOTHUB_CLIENT_CONFIRMATION_OK"
19120,10410596931,10410596975,1,"IOTHUB_CLIENT_CONFIRMATION_OK"
19121,10410597131,10410597177,1,"IOTHUB_CLIENT_CONFIRMATION_OK"
19122,10410597331,10410597425,1,"IOTHUB_CLIENT_CONFIRMATION_OK"
19123,10410597531,10410597593,1,"IOTHUB_CLIENT_CONFIRMATION_OK"
19124,10410597731,10410597770,1,"IOTHUB_CLIENT_CONFIRMATION_OK"
19125,10410597931,10410598011,1,"IOTHUB_CLIENT_CONFIRMATION_OK"
19126,10410598132,10410598177,1,"IOTHUB_CLIENT_CONFIRMATION_OK"
19127,10410598332,10410598416,1,"IOTHUB_CLIENT_CONFIRMATION_OK"
19128,10410598532,10410598617,1,"IOTHUB_CLIENT_CONFIRMATION_OK"
19129,10410598732,10410598783,1,"IOTHUB_CLIENT_CONFIRMATION_OK"
19130,10410598932,10410598971,1,"IOTHUB_CLIENT_CONFIRMATION_OK"
19131,10410599132,10410599242,1,"IOTHUB_CLIENT_CONFIRMATION_OK"
19132,10410599332,10410599381,1,"IOTHUB_CLIENT_CONFIRMATION_OK"
19133,10410599533,10410599595,1,"IOTHUB_CLIENT_CONFIRMATION_OK"
19134,10410599733,10410599831,1,"IOTHUB_CLIENT_CONFIRMATION_OK"
19135,10410599933,10410599986,1,"IOTHUB_CLIENT_CONFIRMATION_OK"
19136,10410600133,10410600173,1,"IOTHUB_CLIENT_CONFIRMATION_OK"
19137,10410600333,10410600462,1,"IOTHUB_CLIENT_CONFIRMATION_OK"
19138,10410600533,10410600601,1,"IOTHUB_CLIENT_CONFIRMATION_OK"
19139,10410600734,10410600791,1,"IOTHUB_CLIENT_CONFIRMATION_OK"
19140,10410600934,10410601013,1,"IOTHUB_CLIENT_CONFIRMATION_OK"
19141,10410601134,10410601179,1,"IOTHUB_CLIENT_CONFIRMATION_OK"
19142,10410601334,10410601371,1,"IOTHUB_CLIENT_CONFIRMATION_OK"
19143,10410601534,10410601598,1,"IOTHUB_CLIENT_CONFIRMATION_OK"
19144,10410601734,10410601773,1,"IOTHUB_CLIENT_CONFIRMATION_OK"
19145,10410601935,10410601972,1,"IOTHUB_CLIENT_CONFIRMATION_OK"
19146,10410602135,10410602191,1,"IOTHUB_CLIENT_CONFIRMATION_OK"
19147,10410602335,10410602394,1,"IOTHUB_CLIENT_CONFIRMATION_OK"
19148,10410602535,10410602577,1,"IOTHUB_CLIENT_CONFIRMATION_OK"
19149,10410602735,10410602856,1,"IOTHUB_CLIENT_CONFIRMATION_OK"
19150,10410602935,10410602996,1,"IOTHUB_CLIENT_CONFIRMATION_OK"
19151,10410603135,10410603190,1,"IOTHUB_CLIENT_CONFIRMATION_OK"
19152,10410603336,10410603383,1,"IOTHUB_CLIENT_CONFIRMATION_OK"
19153,10410603536,10410603587,1,"IOTHUB_CLIENT_CONFIRMATION_OK"
19154,10410603736,10410603780,1,"IOTHUB_CLIENT_CONFIRMATION_OK"
19155,10410603936,10410603985,1,"IOTHUB_CLIENT_CONFIRMATION_OK"
19156,10410604136,10410604187,1,"IOTHUB_CLIENT_CONFIRMATION_OK"
19157,10410604336,10410604408,1,"IOTHUB_CLIENT_CONFIRMATION_OK"
19158,10410604537,10410604584,1,"IOTHUB_CLIENT_CONFIRMATION_OK"
19159,10410604737,10410604797,1,"IOTHUB_CLIENT_CONFIRMATION_OK"
19160,10410604937,10410604988,1,"IOTHUB_CLIENT_CONFIRMATION_OK"
19161,10410605137,10410605223,1,"IOTHUB_CLIENT_CONFIRMATION_OK"
19162,10410605337,10410605421,1,"IOTHUB_CLIENT_CONFIRMATION_OK"
19163,10410605537,10410605601,1,"IOTHUB_CLIENT_CONFIRMATION_OK"
19164,10410605738,10410605799,1,"IOTHUB_CLIENT_CONFIRMATION_OK"
19165,10410605938,10410605985,1,"IOTHUB_CLIENT_CONFIRMATION_OK"
19166,10410606138,10410606236,1,"IOTHUB_CLIENT_CONFIRMATION_OK"
19167,10410606338,10410606401,1,"IOTHUB_CLIENT_CONFIRMATION_OK"
19168,10410606538,10410606621,1,"IOTHUB_CLIENT_CONFIRMATION_OK"
19169,10410606738,10410606789,1,"IOTHUB_CLIENT_CONFIRMATION_OK"
19170,10410606938,10410607032,1,"IOTHUB_CLIENT_CONFIRMATION_OK"
19171,10410607139,10410607186,1,"IOTHUB_CLIENT_CONFIRMATION_OK"
19172,10410607339,10410607378,1,"IOTHUB_CLIENT_CONFIRMATION_OK"
19173,10410607539,10410607679,1,"IOTHUB_CLIENT_CONFIRMATION_OK"
19174,10410607739,10410607785,1,"IOTHUB_CLIENT_CONFIRMATION_OK"
19175,10410607939,10410608041,1,"IOTHUB_CLIENT_CONFIRMATION_OK"
19176,10410608139,10410608229,1,"IOTHUB_CLIENT_CONFIRMATION_OK"
19177,10410608340,10410608395,1,"IOTHUB_CLIENT_CONFIRMATION_OK"
19178,10410608540,10410608594,1,"IOTHUB_CLIENT_CONFIRMATION_OK"
19179,10410608740,10410608793,1,"IOTHUB_CLIENT_CONFIRMATION_OK"
19180,10410608940,10410608998,1,"IOTHUB_CLIENT_CONFIRMATION_OK"
19181,10410609140,10410609188,1,"IOTHUB_CLIENT_CONFIRMATION_OK"
19182,10410609340,10410609379,1,"IOTHUB_CLIENT_CONFIRMATION_OK"
19183,10410609541,10410609580,1,"IOTHUB_CLIENT_CONFIRMATION_OK"
19184,10410609741,10410609840,1,"IOTHUB_CLIENT_CONFIRMATION_OK"
19185,10410609941,10410610013,1,"IOTHUB_CLIENT_CONFIRMATION_OK"
19186,10410610141,10410610236,1,"IOTHUB_CLIENT_CONFIRMATION_OK"
19187,10410610341,10410610386,1,"IOTHUB_CLIENT_CONFIRMATION_OK"
19188,10410610541,10410610860,1,"IOTHUB_CLIENT_CONFIRMATION_OK"
19189,10410610742,10410610928,1,"IOTHUB_CLIENT_CONFIRMATION_OK"
19190,10410610942,10410611015,1,"IOTHUB_CLIENT_CONFIRMATION_OK"
19191,10410611142,10410611189,1,"IOTHUB_CLIENT_CONFIRMATION_OK"
19192,10410611342,10410611401,1,"IOTHUB_CLIENT_CONFIRMATION_OK"
19193,10410611542,10410611587,1,"IOTHUB_CLIENT_CONFIRMATION_OK"
19194,10410611742,10410611784,1,"IOTHUB_CLIENT_CONFIRMATION_OK"
19195,10410611942,10410612006,1,"IOTHUB_CLIENT_CONFIRMATION_OK"
19196,10410612143,10410612200,1,"IOTHUB_CLIENT_CONFIRMATION_OK"
19197,10410612343,10410612391,1,"IOTHUB_CLIENT_CONFIRMATION_OK"
19198,10410612543,10410612590,1,"IOTHUB_CLIENT_CONFIRMATION_OK"
19199,10410612743,10410612904,1,"IOTHUB_CLIENT_CONFIRMATION_OK"
19200,10410612943,10410612992,1,"IOTHUB_CLIENT_CONFIRMATION_OK"
19201,10410613143,10410613272,1,"IOTHUB_CLIENT_CONFIRMATION_OK"
19202,10410613344,10410613407,1,"IOTHUB_CLIENT_CONFIRMATION_OK"
19203,10410613544,10410613611,1,"IOTHUB_CLIENT_CONFIRMATION_OK"
19204,10410613744,10410613791,1,"IOTHUB_CLIENT_CONFIRMATION_OK"
19205,10410613944,10410614038,1,"IOTHUB_CLIENT_CONFIRMATION_OK"
19206,10410614144,10410614195,1,"IOTHUB_CLIENT_CONFIRMATION_OK"
19207,10410614344,10410614408,1,"IOTHUB_CLIENT_CONFIRMATION_OK"
19208,10410614545,10410614592,1,"IOTHUB_CLIENT_CONFIRMATION_OK"
19209,10410614745,10410614834,1,"IOTHUB_CLIENT_CONFIRMATION_OK"
19210,10410614945,10410615012,1,"IOTHUB_CLIENT_CONFIRMATION_OK"
19211,10410615145,10410615206,1,"IOTHUB_CLIENT_CONFIRMATION_OK"
19212,10410615345,10410615406,1,"IOTHUB_CLIENT_CONFIRMATION_OK"
19213,10410615545,10410615602,1,"IOTHUB_CLIENT_CONFIRMATION_OK"
19214,10410615746,10410615793,1,"IOTHUB_CLIENT_CONFIRMATION_OK"
19215,10410615946,10410615995,1,"IOTHUB_CLIENT_CONFIRMATION_OK"
19216,10410616146,10410616205,1,"IOTHUB_CLIENT_CONFIRMATION_OK"
19217,10410616346,10410616387,1,"IOTHUB_CLIENT_CONFIRMATION_OK"
19218,10410616546,10410616600,1,"IOTHUB_CLIENT_CONFIRMATION_OK"
19219,10410616746,10410616799,1,"IOTHUB_CLIENT_CONFIRMATION_OK"
19220,10410616946,10410616987,1,"IOTHUB_CLIENT_CONFIRMATION_OK"
19221,10410617147,10410617200,1,"IOTHUB_CLIENT_CONFIRMATION_OK"
19222,10410617347,10410617407,1,"IOTHUB_CLIENT_CONFIRMATION_OK"
19223,10410617547,10410617603,1,"IOTHUB_CLIENT_CONFIRMATION_OK"
19224,10410617747,10410617805,1,"IOTHUB_CLIENT_CONFIRMATION_OK"
19225,10410617947,10410618003,1,"IOTHUB_CLIENT_CONFIRMATION_OK"
19226,10410618147,10410618191,1,"IOTHUB_CLIENT_CONFIRMATION_OK"
19227,10410618348,10410618442,1,"IOTHUB_CLIENT_CONFIRMATION_OK"
19228,10410618548,10410618595,1,"IOTHUB_CLIENT_CONFIRMATION_OK"
19229,10410618748,10410618817,1,"IOTHUB_CLIENT_CONFIRMATION_OK"
19230,10410618948,10410618989,1,"IOTHUB_CLIENT_CONFIRMATION_OK"
19231,10410619148,10410619188,1,"IOTHUB_CLIENT_CONFIRMATION_OK"
19232,10410619348,10410619414,1,"IOTHUB_CLIENT_CONFIRMATION_OK"
19233,10410619548,10410619587,1,"IOTHUB_CLIENT_CONFIRMATION_OK"
19234,10410619749,10410619803,1,"IOTHUB_CLIENT_CONFIRMATION_OK"
19235,10410619949,10410620000,1,"IOTHUB_CLIENT_CONFIRMATION_OK"
19236,10410620149,10410620220,1,"IOTHUB_CLIENT_CONFIRMATION_OK"
19237,10410620349,10410620404,1,"IOTHUB_CLIENT_CONFIRMATION_OK"
19238,10410620549,10410620590,1,"IOTHUB_CLIENT_CONFIRMATION_OK"
19239,10410620749,10410620795,1,"IOTHUB_CLIENT_CONFIRMATION_OK"
19240,10410620950,10410621010,1,"IOTHUB_CLIENT_CONFIRMATION_OK"
19241,10410621150,10410621193,1,"IOTHUB_CLIENT_CONFIRMATION_OK"
19242,10410621350,10410621403,1,"IOTHUB_CLIENT_CONFIRMATION_OK"
19243,10410621550,10410621599,1,"IOTHUB_CLIENT_CONFIRMATION_OK"
19244,10410621750,10410621796,1,"IOTHUB_CLIENT_CONFIRMATION_OK"
19245,10410621950,10410622012,1,"IOTHUB_CLIENT_CONFIRMATION_OK"
19246,10410622150,10410622194,1,"IOTHUB_CLIENT_CONFIRMATION_OK"
19247,10410622351,10410622397,1,"IOTHUB_CLIENT_CONFIRMATION_OK"
19248,10410622551,10410622608,1,"IOTHUB_CLIENT_CONFIRMATION_OK"
19249,10410622751,10410622795,1,"IOTHUB_CLIENT_CONFIRMATION_OK"
19250,10410622951,10410623006,1,"IOTHUB_CLIENT_CONFIRMATION_OK"
19251,10410623151,10410623223,1,"IOTHUB_CLIENT_CONFIRMATION_OK"
19252,10410623351,10410623415,1,"IOTHUB_CLIENT_CONFIRMATION_OK"
19253,10410623551,10410623607,1,"IOTHUB_CLIENT_CONFIRMATION_OK"
19254,10410623752,10410623813,1,"IOTHUB_CLIENT_CONFIRMATION_OK"
19255,10410623952,10410623997,1,"IOTHUB_CLIENT_CONFIRMATION_OK"
19256,10410624152,10410624190,1,"IOTHUB_CLIENT_CONFIRMATION_OK"
19257,10410624352,10410624411,1,"IOTHUB_CLIENT_CONFIRMATION_OK"
19258,10410624552,10410624608,1,"IOTHUB_CLIENT_CONFIRMATION_OK"
19259,10410624752,10410624800,1,"IOTHUB_CLIENT_CONFIRMATION_OK"
19260,10410624953,10410624996,1,"IOTHUB_CLIENT_CONFIRMATION_OK"
19261,10410625153,10410625214,1,"IOTHUB_CLIENT_CONFIRMATION_OK"
19262,10410625353,10410625415,1,"IOTHUB_CLIENT_CONFIRMATION_OK"
19263,10410625553,10410625637,1,"IOTHUB_CLIENT_CONFIRMATION_OK"
19264,10410625753,10410625804,1,"IOTHUB_CLIENT_CONFIRMATION_OK"
19265,10410625953,10410626004,1,"IOTHUB_CLIENT_CONFIRMATION_OK"
19266,10410626153,10410626214,1,"IOTHUB_CLIENT_CONFIRMATION_OK"
19267,10410626354,10410626395,1,"IOTHUB_CLIENT_CONFIRMATION_OK"
19268,10410626554,10410626617,1,"IOTHUB_CLIENT_CONFIRMATION_OK"
19269,10410626754,10410626802,1,"IOTHUB_CLIENT_CONFIRMATION_OK"
19270,10410626954,10410627017,1,"IOTHUB_CLIENT_CONFIRMATION_OK"
19271,10410627154,10410627198,1,"IOTHUB_CLIENT_CONFIRMATION_OK"
19272,10410627354,10410627412,1,"IOTHUB_CLIENT_CONFIRMATION_OK"
19273,10410627555,10410627609,1,"IOTHUB_CLIENT_CONFIRMATION_OK"
19274,10410627755,10410627801,1,"IOTHUB_CLIENT_CONFIRMATION_OK"
19275,10410627955,10410628003,1,"IOTHUB_CLIENT_CONFIRMATION_OK"
19276,10410628155,10410628199,1,"IOTHUB_CLIENT_CONFIRMATION_OK"
19277,10410628355,10410628416,1,"IOTHUB_CLIENT_CONFIRMATION_OK"
19278,10410628555,10410628597,1,"IOTHUB_CLIENT_CONFIRMATION_OK"
19279,10410628755,10410628797,1,"IOTHUB_CLIENT_CONFIRMATION_OK"
19280,10410628956,10410629000,1,"IOTHUB_CLIENT_CONFIRMATION_OK"
19281,10410629156,10410629229,1,"IOTHUB_CLIENT_CONFIRMATION_OK"
19282,10410629356,10410629453,1,"IOTHUB_CLIENT_CONFIRMATION_OK"
19283,10410629556,10410629605,1,"IOTHUB_CLIENT_CONFIRMATION_OK"
19284,10410629756,10410629810,1,"IOTHUB_CLIENT_CONFIRMATION_OK"
19285,10410629956,10410630005,1,"IOTHUB_CLIENT_CONFIRMATION_OK"
19286,10410630157,10410630199,1,"IOTHUB_CLIENT_CONFIRMATION_OK"
19287,10410630357,10410630405,1,"IOTHUB_CLIENT_CONFIRMATION_OK"
19288,10410630557,10410630606,1,"IOTHUB_CLIENT_CONFIRMATION_OK"
19289,10410630757,10410630814,1,"IOTHUB_CLIENT_CONFIRMATION_OK"
19290,10410630957,10410631020,1,"IOTHUB_CLIENT_CONFIRMATION_OK"
19291,10410631157,10410631202,1,"IOTHUB_CLIENT_CONFIRMATION_OK"
19292,10410631357,10410631407,1,"IOTHUB_CLIENT_CONFIRMATION_OK"
19293,10410631558,10410631609,1,"IOTHUB_CLIENT_CONFIRMATION_OK"
19294,10410631758,10410631796,1,"IOTHUB_CLIENT_CONFIRMATION_OK"
19295,10410631958,10410632009,1,"IOTHUB_CLIENT_CONFIRMATION_OK"
19296,10410632158,10410632204,1,"IOTHUB_CLIENT_CONFIRMATION_OK"
19297,10410632358,10410632467,1,"IOTHUB_CLIENT_CONFIRMATION_OK"
19298,10410632558,10410632594,1,"IOTHUB_CLIENT_CONFIRMATION_OK"
19299,10410632759,10410632818,1,"IOTHUB_CLIENT_CONFIRMATION_OK"
19300,10410632959,10410633001,1,"IOTHUB_CLIENT_CONFIRMATION_OK"
19301,10410633159,10410633222,1,"IOTHUB_CLIENT_CONFIRMATION_OK"
19302,10410633359,10410633518,1,"IOTHUB_CLIENT_CONFIRMATION_OK"
19303,10410633559,10410633596,1,"IOTHUB_CLIENT_CONFIRMATION_OK"
19304,10410633759,10410633819,1,"IOTHUB_CLIENT_CONFIRMATION_OK"
19305,10410633959,10410634196,1,"IOTHUB_CLIENT_CONFIRMATION_OK"
19306,10410634160,10410634253,1,"IOTHUB_CLIENT_CONFIRMATION_OK"
19307,10410634360,10410634399,1,"IOTHUB_CLIENT_CONFIRMATION_OK"
19308,10410634560,10410634597,1,"IOTHUB_CLIENT_CONFIRMATION_OK"
19309,10410634760,10410634874,1,"IOTHUB_CLIENT_CONFIRMATION_OK"
19310,10410634960,10410635020,1,"IOTHUB_CLIENT_CONFIRMATION_OK"
19311,10410635160,10410635200,1,"IOTHUB_CLIENT_CONFIRMATION_OK"
19312,10410635361,10410635411,1,"IOTHUB_CLIENT_CONFIRMATION_OK"
19313,10410635561,10410635598,1,"IOTHUB_CLIENT_CONFIRMATION_OK"
19314,10410635761,10410635798,1,"IOTHUB_CLIENT_CONFIRMATION_OK"
19315,10410635961,10410636000,1,"IOTHUB_CLIENT_CONFIRMATION_OK"
19316,10410636161,10410636218,1,"IOTHUB_CLIENT_CONFIRMATION_OK"
19317,10410636361,10410636401,1,"IOTHUB_CLIENT_CONFIRMATION_OK"
19318,10410636561,10410636621,1,"IOTHUB_CLIENT_CONFIRMATION_OK"
19319,10410636762,10410636820,1,"IOTHUB_CLIENT_CONFIRMATION_OK"
19320,10410636962,10410637022,1,"IOTHUB_CLIENT_CONFIRMATION_OK"
19321,10410637162,10410637206,1,"IOTHUB_CLIENT_CONFIRMATION_OK"
19322,10410637362,10410637435,1,"IOTHUB_CLIENT_CONFIRMATION_OK"
19323,10410637562,10410637613,1,"IOTHUB_CLIENT_CONFIRMATION_OK"
19324,10410637762,10410637803,1,"IOTHUB_CLIENT_CONFIRMATION_OK"
19325,10410637963,10410638008,1,"IOTHUB_CLIENT_CONFIRMATION_OK"
19326,10410638163,10410638211,1,"IOTHUB_CLIENT_CONFIRMATION_OK"
19327,10410638363,10410638410,1,"IOTHUB_CLIENT_CONFIRMATION_OK"
19328,10410638563,10410638616,1,"IOTHUB_CLIENT_CONFIRMATION_OK"
19329,10410638763,10410638812,1,"IOTHUB_CLIENT_CONFIRMATION_OK"
19330,10410638963,10410639011,1,"IOTHUB_CLIENT_CONFIRMATION_OK"
19331,10410639163,10410639253,1,"IOTHUB_CLIENT_CONFIRMATION_OK"
19332,10410639364,10410639437,1,"IOTHUB_CLIENT_CONFIRMATION_OK"
19333,10410639564,10410639727,1,"IOTHUB_CLIENT_CONFIRMATION_OK"
19334,10410639764,10410639948,1,"IOTHUB_CLIENT_CONFIRMATION_OK"
19335,10410639964,10410640007,1,"IOTHUB_CLIENT_CONFIRMATION_OK"
19336,10410640164,10410640243,1,"IOTHUB_CLIENT_CONFIRMATION_OK"
19337,10410640364,10410640591,1,"IOTHUB_CLIENT_CONFIRMATION_OK"
19338,10410640565,10410640612,1,"IOTHUB_CLIENT_CONFIRMATION_OK"
19339,10410640765,10410640804,1,"IOTHUB_CLIENT_CONFIRMATION_OK"
19340,10410640965,10410641182,1,"IOTHUB_CLIENT_CONFIRMATION_OK"
19341,10410641165,10410641220,1,"IOTHUB_CLIENT_CONFIRMATION_OK"
19342,10410641365,10410641445,1,"IOTHUB_CLIENT_CONFIRMATION_OK"
19343,10410641565,10410641799,1,"IOTHUB_CLIENT_CONFIRMATION_OK"
19344,10410641765,10410641839,1,"IOTHUB_CLIENT_CONFIRMATION_OK"
19345,10410641966,10410642021,1,"IOTHUB_CLIENT_CONFIRMATION_OK"
19346,10410642166,10410642372,1,"IOTHUB_CLIENT_CONFIRMATION_OK"
19347,10410642366,10410642414,1,"IOTHUB_CLIENT_CONFIRMATION_OK"
19348,10410642566,10410642621,1,"IOTHUB_CLIENT_CONFIRMATION_OK"
19349,10410642766,10410643004,1,"IOTHUB_CLIENT_CONFIRMATION_OK"
19350,10410642966,10410643030,1,"IOTHUB_CLIENT_CONFIRMATION_OK"
19351,10410643166,10410643221,1,"IOTHUB_CLIENT_CONFIRMATION_OK"
19352,10410643367,10410643608,1,"IOTHUB_CLIENT_CONFIRMATION_OK"
19353,10410643567,10410643637,1,"IOTHUB_CLIENT_CONFIRMATION_OK"
19354,10410643767,10410643815,1,"IOTHUB_CLIENT_CONFIRMATION_OK"
19355,10410643967,10410644009,1,"IOTHUB_CLIENT_CONFIRMATION_OK"
19356,10410644167,10410644221,1,"IOTHUB_CLIENT_CONFIRMATION_OK"
19357,10410644367,10410644476,1,"IOTHUB_CLIENT_CONFIRMATION_OK"
19358,10410644567,10410644658,1,"IOTHUB_CLIENT_CONFIRMATION_OK"
19359,10410644768,10410644821,1,"IOTHUB_CLIENT_CONFIRMATION_OK"
19360,10410644968,10410645175,1,"IOTHUB_CLIENT_CONFIRMATION_OK"
19361,10410645168,10410645271,1,"IOTHUB_CLIENT_CONFIRMATION_OK"
19362,10410645368,10410645427,1,"IOTHUB_CLIENT_CONFIRMATION_OK"
19363,10410645568,10410645618,1,"IOTHUB_CLIENT_CONFIRMATION_OK"
19364,10410645768,10410645824,1,"IOTHUB_CLIENT_CONFIRMATION_OK"
19365,10410645969,10410646026,1,"IOTHUB_CLIENT_CONFIRMATION_OK"
19366,10410646169,10410646231,1,"IOTHUB_CLIENT_CONFIRMATION_OK"
19367,10410646369,10410646449,1,"IOTHUB_CLIENT_CONFIRMATION_OK"
19368,10410646569,10410646617,1,"IOTHUB_CLIENT_CONFIRMATION_OK"
19369,10410646769,10410646830,1,"IOTHUB_CLIENT_CONFIRMATION_OK"
19370,10410646969,10410647074,1,"IOTHUB_CLIENT_CONFIRMATION_OK"
19371,10410647170,10410647226,1,"IOTHUB_CLIENT_CONFIRMATION_OK"
19372,10410647370,10410647423,1,"IOTHUB_CLIENT_CONFIRMATION_OK"
19373,10410647570,10410647668,1,"IOTHUB_CLIENT_CONFIRMATION_OK"
19374,10410647770,10410647812,1,"IOTHUB_CLIENT_CONFIRMATION_OK"
19375,10410647970,10410648021,1,"IOTHUB_CLIENT_CONFIRMATION_OK"
19376,10410648170,10410648277,1,"IOTHUB_CLIENT_CONFIRMATION_OK"
19377,10410648371,10410648420,1,"IOTHUB_CLIENT_CONFIRMATION_OK"
19378,10410648571,10410648628,1,"IOTHUB_CLIENT_CONFIRMATION_OK"
19379,10410648771,10410648917,1,"IOTHUB_CLIENT_CONFIRMATION_OK"
19380,10410648971,10410649025,1,"IOTHUB_CLIENT_CONFIRMATION_OK"
19381,10410649171,10410649235,1,"IOTHUB_CLIENT_CONFIRMATION_OK"
19382,10410649371,10410649523,1,"IOTHUB_CLIENT_CONFIRMATION_OK"
19383,10410649572,10410649626,1,"IOTHUB_CLIENT_CONFIRMATION_OK"
19384,10410649772,10410649819,1,"IOTHUB_CLIENT_CONFIRMATION_OK"
19385,10410649972,10410650231,1,"IOTHUB_CLIENT_CONFIRMATION_OK"
19386,10410650172,10410650294,1,"IOTHUB_CLIENT_CONFIRMATION_OK"
19387,10410650372,10410650432,1,"IOTHUB_CLIENT_CONFIRMATION_OK"
19388,10410650572,10410650746,1,"IOTHUB_CLIENT_CONFIRMATION_OK"
19389,10410650772,10410650818,1,"IOTHUB_CLIENT_CONFIRMATION_OK"
19390,10410650973,10410651031,1,"IOTHUB_CLIENT_CONFIRMATION_OK"
19391,10410651173,10410651367,1,"IOTHUB_CLIENT_CONFIRMATION_OK"
19392,10410651373,10410651476,1,"IOTHUB_CLIENT_CONFIRMATION_OK"
19393,10410651573,10410651620,1,"IOTHUB_CLIENT_CONFIRMATION_OK"
19394,10410651773,10410651947,1,"IOTHUB_CLIENT_CONFIRMATION_OK"
19395,10410651973,10410652015,1,"IOTHUB_CLIENT_CONFIRMATION_OK"
19396,10410652174,10410652250,1,"IOTHUB_CLIENT_CONFIRMATION_OK"
19397,10410652374,10410652561,1,"IOTHUB_CLIENT_CONFIRMATION_OK"
19398,10410652574,10410652658,1,"IOTHUB_CLIENT_CONFIRMATION_OK"
19399,10410652774,10410652848,1,"IOTHUB_CLIENT_CONFIRMATION_OK"
19400,10410652974,10410653163,1,"IOTHUB_CLIENT_CONFIRMATION_OK"
19401,10410653174,10410653228,1,"IOTHUB_CLIENT_CONFIRMATION_OK"
19402,10410653375,10410653429,1,"IOTHUB_CLIENT_CONFIRMATION_OK"
19403,10410653575,10410653858,1,"IOTHUB_CLIENT_CONFIRMATION_OK"
19404,10410653775,10410653931,1,"IOTHUB_CLIENT_CONFIRMATION_OK"
19405,10410653975,10410654014,1,"IOTHUB_CLIENT_CONFIRMATION_OK"
19406,10410654175,10410654408,1,"IOTHUB_CLIENT_CONFIRMATION_OK"
19407,10410654375,10410654436,1,"IOTHUB_CLIENT_CONFIRMATION_OK"
19408,10410654575,10410654633,1,"IOTHUB_CLIENT_CONFIRMATION_OK"
19409,10410654776,10410654829,1,"IOTHUB_CLIENT_CONFIRMATION_OK"
19410,10410654976,10410655022,1,"IOTHUB_CLIENT_CONFIRMATION_OK"
19411,10410655176,10410655222,1,"IOTHUB_CLIENT_CONFIRMATION_OK"
19412,10410655376,10410655437,1,"IOTHUB_CLIENT_CONFIRMATION_OK"
19413,10410655576,10410655620,1,"IOTHUB_CLIENT_CONFIRMATION_OK"
19414,10410655776,10410655823,1,"IOTHUB_CLIENT_CONFIRMATION_OK"
19415,10410655977,10410656133,1,"IOTHUB_CLIENT_CONFIRMATION_OK"
19416,10410656177,10410656222,1,"IOTHUB_CLIENT_CONFIRMATION_OK"
19417,10410656377,10410656425,1,"IOTHUB_CLIENT_CONFIRMATION_OK"
19418,10410656577,10410656741,1,"IOTHUB_CLIENT_CONFIRMATION_OK"
19419,10410656777,10410656831,1,"IOTHUB_CLIENT_CONFIRMATION_OK"
19420,10410656977,10410657048,1,"IOTHUB_CLIENT_CONFIRMATION_OK"
19421,10410657178,10410657380,1,"IOTHUB_CLIENT_CONFIRMATION_OK"
19422,10410657378,10410657425,1,"IOTHUB_CLIENT_CONFIRMATION_OK"
19423,10410657578,10410657622,1,"IOTHUB_CLIENT_CONFIRMATION_OK"
19424,10410657778,10410657978,1,"IOTHUB_CLIENT_CONFIRMATION_OK"
19425,10410657978,10410658036,1,"IOTHUB_CLIENT_CONFIRMATION_OK"
19426,10410658178,10410658241,1,"IOTHUB_CLIENT_CONFIRMATION_OK"
19427,10410658379,10410658778,1,"IOTHUB_CLIENT_CONFIRMATION_OK"
19428,10410658579,10410658818,1,"IOTHUB_CLIENT_CONFIRMATION_OK"
19429,10410658779,10410658862,1,"IOTHUB_CLIENT_CONFIRMATION_OK"
19430,10410658979,10410659236,1,"IOTHUB_CLIENT_CONFIRMATION_OK"
19431,10410659179,10410659273,1,"IOTHUB_CLIENT_CONFIRMATION_OK"
19432,10410659379,10410659422,1,"IOTHUB_CLIENT_CONFIRMATION_OK"
19433,10410659580,10410659800,1,"IOTHUB_CLIENT_CONFIRMATION_OK"
19434,10410659780,10410659830,1,"IOTHUB_CLIENT_CONFIRMATION_OK"
19435,10410659980,10410660031,1,"IOTHUB_CLIENT_CONFIRMATION_OK"
19436,10410660180,10410660225,1,"IOTHUB_CLIENT_CONFIRMATION_OK"
19437,10410660380,10410660459,1,"IOTHUB_CLIENT_CONFIRMATION_OK"
19438,10410660580,10410660773,1,"IOTHUB_CLIENT_CONFIRMATION_OK"
19439,10410660780,10410660829,1,"IOTHUB_CLIENT_CONFIRMATION_OK"
19440,10410660981,10410661027,1,"IOTHUB_CLIENT_CONFIRMATION_OK"
19441,10410661181,10410661248,1,"IOTHUB_CLIENT_CONFIRMATION_OK"
19442,10410661381,10410661429,1,"IOTHUB_CLIENT_CONFIRMATION_OK"
19443,10410661581,10410661634,1,"IOTHUB_CLIENT_CONFIRMATION_OK"
19444,10410661781,10410661867,1,"IOTHUB_CLIENT_CONFIRMATION_OK"
19445,10410661981,10410662052,1,"IOTHUB_CLIENT_CONFIRMATION_OK"
19446,10410662182,10410662225,1,"IOTHUB_CLIENT_CONFIRMATION_OK"
19447,10410662382,10410662438,1,"IOTHUB_CLIENT_CONFIRMATION_OK"
19448,10410662582,10410662636,1,"IOTHUB_CLIENT_CONFIRMATION_OK"
19449,10410662782,10410662854,1,"IOTHUB_CLIENT_CONFIRMATION_OK"
19450,10410662982,10410663057,1,"IOTHUB_CLIENT_CONFIRMATION_OK"
19451,10410663182,10410663264,1,"IOTHUB_CLIENT_CONFIRMATION_OK"
19452,10410663383,10410663464,1,"IOTHUB_CLIENT_CONFIRMATION_OK"
19453,10410663583,10410663634,1,"IOTHUB_CLIENT_CONFIRMATION_OK"
19454,10410663783,10410663873,1,"IOTHUB_CLIENT_CONFIRMATION_OK"
19455,10410663983,10410664048,1,"IOTHUB_CLIENT_CONFIRMATION_OK"
19456,10410664183,10410664227,1,"IOTHUB_CLIENT_CONFIRMATION_OK"
19457,10410664383,10410664497,1,"IOTHUB_CLIENT_CONFIRMATION_OK"
19458,10410664584,10410664630,1,"IOTHUB_CLIENT_CONFIRMATION_OK"
19459,10410664784,10410664868,1,"IOTHUB_CLIENT_CONFIRMATION_OK"
19460,10410664984,10410665118,1,"IOTHUB_CLIENT_CONFIRMATION_OK"
19461,10410665184,10410665260,1,"IOTHUB_CLIENT_CONFIRMATION_OK"
19462,10410665384,10410665464,1,"IOTHUB_CLIENT_CONFIRMATION_OK"
19463,10410665584,10410665718,1,"IOTHUB_CLIENT_CONFIRMATION_OK"
19464,10410665785,10410665824,1,"IOTHUB_CLIENT_CONFIRMATION_OK"
19465,10410665985,10410666022,1,"IOTHUB_CLIENT_CONFIRMATION_OK"
19466,10410666185,10410666347,1,"IOTHUB_CLIENT_CONFIRMATION_OK"
19467,10410666385,10410666448,1,"IOTHUB_CLIENT_CONFIRMATION_OK"
19468,10410666585,10410666643,1,"IOTHUB_CLIENT_CONFIRMATION_OK"
19469,10410666785,10410667010,1,"IOTHUB_CLIENT_CONFIRMATION_OK"
19470,10410666986,10410667095,1,"IOTHUB_CLIENT_CONFIRMATION_OK"
19471,10410667186,10410667252,1,"IOTHUB_CLIENT_CONFIRMATION_OK"
19472,10410667386,10410667567,1,"IOTHUB_CLIENT_CONFIRMATION_OK"
19473,10410667586,10410667629,1,"IOTHUB_CLIENT_CONFIRMATION_OK"
19474,10410667786,10410667846,1,"IOTHUB_CLIENT_CONFIRMATION_OK"
19475,10410667986,10410668191,1,"IOTHUB_CLIENT_CONFIRMATION_OK"
19476,10410668187,10410668275,1,"IOTHUB_CLIENT_CONFIRMATION_OK"
19477,10410668387,10410668445,1,"IOTHUB_CLIENT_CONFIRMATION_OK"
19478,10410668587,10410668795,1,"IOTHUB_CLIENT_CONFIRMATION_OK"
19479,10410668787,10410668829,1,"IOTHUB_CLIENT_CONFIRMATION_OK"
19480,10410668987,10410669067,1,"IOTHUB_CLIENT_CONFIRMATION_OK"
19481,10410669187,10410669240,1,"IOTHUB_CLIENT_CONFIRMATION_OK"
19482,10410669388,10410669436,1,"IOTHUB_CLIENT_CONFIRMATION_OK"
19483,10410669588,10410669634,1,"IOTHUB_CLIENT_CONFIRMATION_OK"
19484,10410669788,10410669843,1,"IOTHUB_CLIENT_CONFIRMATION_OK"
19485,10410669988,10410670039,1,"IOTHUB_CLIENT_CONFIRMATION_OK"
19486,10410670188,10410670249,1,"IOTHUB_CLIENT_CONFIRMATION_OK"
19487,10410670388,10410670442,1,"IOTHUB_CLIENT_CONFIRMATION_OK"
19488,10410670589,10410670636,1,"IOTHUB_CLIENT_CONFIRMATION_OK"
19489,10410670789,10410670875,1,"IOTHUB_CLIENT_CONFIRMATION_OK"
19490,10410670989,10410671083,1,"IOTHUB_CLIENT_CONFIRMATION_OK"
19491,10410671189,10410671242,1,"IOTHUB_CLIENT_CONFIRMATION_OK"
19492,10410671389,10410671442,1,"IOTHUB_CLIENT_CONFIRMATION_OK"
19493,10410671589,10410671685,1,"IOTHUB_CLIENT_CONFIRMATION_OK"
19494,10410671790,10410671848,1,"IOTHUB_CLIENT_CONFIRMATION_OK"
19495,10410671990,10410672038,1,"IOTHUB_CLIENT_CONFIRMATION_OK"
19496,10410672190,10410672282,1,"IOTHUB_CLIENT_CONFIRMATION_OK"
19497,10410672390,10410672450,1,"IOTHUB_CLIENT_CONFIRMATION_OK"
19498,10410672590,10410672662,1,"IOTHUB_CLIENT_CONFIRMATION_OK"
19499,10410672790,10410672914,1,"IOTHUB_CLIENT_CONFIRMATION_OK"
19500,10410672991,10410673027,1,"IOTHUB_CLIENT_CONFIRMATION_OK"
19501,10410673191,10410673303,1,"IOTHUB_CLIENT_CONFIRMATION_OK"
19502,10410673391,10410673527,1,"IOTHUB_CLIENT_CONFIRMATION_OK"
19503,10410673591,10410673645,1,"IOTHUB_CLIENT_CONFIRMATION_OK"
19504,10410673791,10410673846,1,"IOTHUB_CLIENT_CONFIRMATION_OK"
19505,10410673991,10410674134,1,"IOTHUB_CLIENT_CONFIRMATION_OK"
19506,10410674191,10410674250,1,"IOTHUB_CLIENT_CONFIRMATION_OK"
19507,10410674392,10410674441,1,"IOTHUB_CLIENT_CONFIRMATION_OK"
19508,10410674592,10410674776,1,"IOTHUB_CLIENT_CONFIRMATION_OK"
19509,10410674792,10410674845,1,"IOTHUB_CLIENT_CONFIRMATION_OK"
19510,10410674992,10410675038,1,"IOTHUB_CLIENT_CONFIRMATION_OK"
19511,10410675192,10410675375,1,"IOTHUB_CLIENT_CONFIRMATION_OK"
19512,10410675392,10410675447,1,"IOTHUB_CLIENT_CONFIRMATION_OK"
19513,10410675593,10410675639,1,"IOTHUB_CLIENT_CONFIRMATION_OK"
19514,10410675793,10410675974,1,"IOTHUB_CLIENT_CONFIRMATION_OK"
19515,10410675993,10410676039,1,"IOTHUB_CLIENT_CONFIRMATION_OK"
19516,10410676193,10410676265,1,"IOTHUB_CLIENT_CONFIRMATION_OK"
19517,10410676393,10410676598,1,"IOTHUB_CLIENT_CONFIRMATION_OK"
19518,10410676593,10410676651,1,"IOTHUB_CLIENT_CONFIRMATION_OK"
19519,10410676794,10410676839,1,"IOTHUB_CLIENT_CONFIRMATION_OK"
19520,10410676994,10410677208,1,"IOTHUB_CLIENT_CONFIRMATION_OK"
19521,10410677194,10410677253,1,"IOTHUB_CLIENT_CONFIRMATION_OK"
19522,10410677394,10410677460,1,"IOTHUB_CLIENT_CONFIRMATION_OK"
19523,10410677594,10410677645,1,"IOTHUB_CLIENT_CONFIRMATION_OK"
19524,10410677794,10410677869,1,"IOTHUB_CLIENT_CONFIRMATION_OK"
19525,10410677995,10410678057,1,"IOTHUB_CLIENT_CONFIRMATION_OK"
19526,10410678195,10410678245,1,"IOTHUB_CLIENT_CONFIRMATION_OK"
19527,10410678395,10410678649,1,"IOTHUB_CLIENT_CONFIRMATION_OK"
19528,10410678595,10410678737,1,"IOTHUB_CLIENT_CONFIRMATION_OK"
19529,10410678795,10410678893,1,"IOTHUB_CLIENT_CONFIRMATION_OK"
19530,10410678995,10410679038,1,"IOTHUB_CLIENT_CONFIRMATION_OK"
19531,10410679196,10410679252,1,"IOTHUB_CLIENT_CONFIRMATION_OK"
19532,10410679396,10410679501,1,"IOTHUB_CLIENT_CONFIRMATION_OK"
19533,10410679596,10410679634,1,"IOTHUB_CLIENT_CONFIRMATION_OK"
19534,10410679796,10410679872,1,"IOTHUB_CLIENT_CONFIRMATION_OK"
19535,10410679996,10410680077,1,"IOTHUB_CLIENT_CONFIRMATION_OK"
19536,10410680196,10410680279,1,"IOTHUB_CLIENT_CONFIRMATION_OK"
19537,10410680396,10410680452,1,"IOTHUB_CLIENT_CONFIRMATION_OK"
19538,10410680597,10410680802,1,"IOTHUB_CLIENT_CONFIRMATION_OK"
19539,10410680797,10410680848,1,"IOTHUB_CLIENT_CONFIRMATION_OK"
19540,10410680997,10410681042,1,"IOTHUB_CLIENT_CONFIRMATION_OK"
19541,10410681197,10410681359,1,"IOTHUB_CLIENT_CONFIRMATION_OK"
19542,10410681397,10410681435,1,"IOTHUB_CLIENT_CONFIRMATION_OK"
19543,10410681597,10410681673,1,"IOTHUB_CLIENT_CONFIRMATION_OK"
19544,10410681798,10410681932,1,"IOTHUB_CLIENT_CONFIRMATION_OK"
19545,10410681998,10410682053,1,"IOTHUB_CLIENT_CONFIRMATION_OK"
19546,10410682198,10410682313,1,"IOTHUB_CLIENT_CONFIRMATION_OK"
19547,10410682398,10410682562,1,"IOTHUB_CLIENT_CONFIRMATION_OK"
19548,10410682598,10410682643,1,"IOTHUB_CLIENT_CONFIRMATION_OK"
19549,10410682798,10410682842,1,"IOTHUB_CLIENT_CONFIRMATION_OK"
19550,10410682999,10410683178,1,"IOTHUB_CLIENT_CONFIRMATION_OK"
19551,10410683199,10410683244,1,"IOTHUB_CLIENT_CONFIRMATION_OK"
19552,10410683399,10410683449,1,"IOTHUB_CLIENT_CONFIRMATION_OK"
19553,10410683599,10410683800,1,"IOTHUB_CLIENT_CONFIRMATION_OK"
19554,10410683799,10410683863,1,"IOTHUB_CLIENT_CONFIRMATION_OK"
19555,10410683999,10410684114,1,"IOTHUB_CLIENT_CONFIRMATION_OK"
19556,10410684200,10410684393,1,"IOTHUB_CLIENT_CONFIRMATION_OK"
19557,10410684400,10410684445,1,"IOTHUB_CLIENT_CONFIRMATION_OK"
19558,10410684600,10410684649,1,"IOTHUB_CLIENT_CONFIRMATION_OK"
19559,10410684800,10410684857,1,"IOTHUB_CLIENT_CONFIRMATION_OK"
19560,10410685000,10410685060,1,"IOTHUB_CLIENT_CONFIRMATION_OK"
19561,10410685200,10410685250,1,"IOTHUB_CLIENT_CONFIRMATION_OK"
19562,10410685401,10410685475,1,"IOTHUB_CLIENT_CONFIRMATION_OK"
19563,10410685601,10410685674,1,"IOTHUB_CLIENT_CONFIRMATION_OK"
19564,10410685801,10410685862,1,"IOTHUB_CLIENT_CONFIRMATION_OK"
19565,10410686001,10410686050,1,"IOTHUB_CLIENT_CONFIRMATION_OK"
19566,10410686201,10410686264,1,"IOTHUB_CLIENT_CONFIRMATION_OK"
19567,10410686401,10410686461,1,"IOTHUB_CLIENT_CONFIRMATION_OK"
19568,10410686602,10410686653,1,"IOTHUB_CLIENT_CONFIRMATION_OK"
19569,10410686802,10410686850,1,"IOTHUB_CLIENT_CONFIRMATION_OK"
19570,10410687002,10410687049,1,"IOTHUB_CLIENT_CONFIRMATION_OK"
19571,10410687202,10410687264,1,"IOTHUB_CLIENT_CONFIRMATION_OK"
19572,10410687402,10410687455,1,"IOTHUB_CLIENT_CONFIRMATION_OK"
19573,10410687602,10410687643,1,"IOTHUB_CLIENT_CONFIRMATION_OK"
19574,10410687803,10410687881,1,"IOTHUB_CLIENT_CONFIRMATION_OK"
19575,10410688003,10410688058,1,"IOTHUB_CLIENT_CONFIRMATION_OK"
19576,10410688203,10410688252,1,"IOTHUB_CLIENT_CONFIRMATION_OK"
19577,10410688403,10410688488,1,"IOTHUB_CLIENT_CONFIRMATION_OK"
19578,10410688603,10410688651,1,"IOTHUB_CLIENT_CONFIRMATION_OK"
19579,10410688803,10410688851,1,"IOTHUB_CLIENT_CONFIRMATION_OK"
19580,10410689004,10410689164,1,"IOTHUB_CLIENT_CONFIRMATION_OK"
19581,10410689204,10410689253,1,"IOTHUB_CLIENT_CONFIRMATION_OK"
19582,10410689404,10410689469,1,"IOTHUB_CLIENT_CONFIRMATION_OK"
19583,10410689604,10410689809,1,"IOTHUB_CLIENT_CONFIRMATION_OK"
19584,10410689804,10410689847,1,"IOTHUB_CLIENT_CONFIRMATION_OK"
19585,10410690004,10410690054,1,"IOTHUB_CLIENT_CONFIRMATION_OK"
19586,10410690204,10410690397,1,"IOTHUB_CLIENT_CONFIRMATION_OK"
19587,10410690405,10410690446,1,"IOTHUB_CLIENT_CONFIRMATION_OK"
19588,10410690605,10410690647,1,"IOTHUB_CLIENT_CONFIRMATION_OK"
19589,10410690805,10410690928,1,"IOTHUB_CLIENT_CONFIRMATION_OK"
19590,10410691005,10410691060,1,"IOTHUB_CLIENT_CONFIRMATION_OK"
19591,10410691205,10410691245,1,"IOTHUB_CLIENT_CONFIRMATION_OK"
19592,10410691406,10410691457,1,"IOTHUB_CLIENT_CONFIRMATION_OK"
19593,10410691606,10410691642,1,"IOTHUB_CLIENT_CONFIRMATION_OK"
19594,10410691806,10410691868,1,"IOTHUB_CLIENT_CONFIRMATION_OK"
19595,10410692006,10410692056,1,"IOTHUB_CLIENT_CONFIRMATION_OK"
19596,10410692206,10410692253,1,"IOTHUB_CLIENT_CONFIRMATION_OK"
19597,10410692406,10410692447,1,"IOTHUB_CLIENT_CONFIRMATION_OK"
19598,10410692607,10410692668,1,"IOTHUB_CLIENT_CONFIRMATION_OK"
19599,10410692807,10410692858,1,"IOTHUB_CLIENT_CONFIRMATION_OK"
19600,10410693007,10410693054,1,"IOTHUB_CLIENT_CONFIRMATION_OK"
19601,10410693207,10410693383,1,"IOTHUB_CLIENT_CONFIRMATION_OK"
19602,10410693407,10410693459,1,"IOTHUB_CLIENT_CONFIRMATION_OK"
19603,10410693607,10410693652,1,"IOTHUB_CLIENT_CONFIRMATION_OK"
19604,10410693808,10410693936,1,"IOTHUB_CLIENT_CONFIRMATION_OK"
19605,10410694008,10410694062,1,"IOTHUB_CLIENT_CONFIRMATION_OK"
19606,10410694208,10410694247,1,"IOTHUB_CLIENT_CONFIRMATION_OK"
19607,10410694408,10410694565,1,"IOTHUB_CLIENT_CONFIRMATION_OK"
19608,10410694608,10410694665,1,"IOTHUB_CLIENT_CONFIRMATION_OK"
19609,10410694808,10410694862,1,"IOTHUB_CLIENT_CONFIRMATION_OK"
19610,10410695009,10410695164,1,"IOTHUB_CLIENT_CONFIRMATION_OK"
19611,10410695209,10410695289,1,"IOTHUB_CLIENT_CONFIRMATION_OK"
19612,10410695409,10410695461,1,"IOTHUB_CLIENT_CONFIRMATION_OK"
19613,10410695609,10410695800,1,"IOTHUB_CLIENT_CONFIRMATION_OK"
19614,10410695821,10410695873,1,"IOTHUB_CLIENT_CONFIRMATION_OK"
19615,10410696021,10410696074,1,"IOTHUB_CLIENT_CONFIRMATION_OK"
19616,10410696221,10410696396,1,"IOTHUB_CLIENT_CONFIRMATION_OK"
19617,10410696421,10410696492,1,"IOTHUB_CLIENT_CONFIRMATION_OK"
19618,10410696621,10410696692,1,"IOTHUB_CLIENT_CONFIRMATION_OK"
19619,10410696821,10410696956,1,"IOTHUB_CLIENT_CONFIRMATION_OK"
19620,10410697022,10410697130,1,"IOTHUB_CLIENT_CONFIRMATION_OK"
19621,10410697222,10410697272,1,"IOTHUB_CLIENT_CONFIRMATION_OK"
19622,10410697422,10410697482,1,"IOTHUB_CLIENT_CONFIRMATION_OK"
19623,10410697622,10410697674,1,"IOTHUB_CLIENT_CONFIRMATION_OK"
19624,10410697822,10410697864,1,"IOTHUB_CLIENT_CONFIRMATION_OK"
19625,10410698022,10410698071,1,"IOTHUB_CLIENT_CONFIRMATION_OK"
19626,10410698223,10410698284,1,"IOTHUB_CLIENT_CONFIRMATION_OK"
19627,10410698423,10410698512,1,"IOTHUB_CLIENT_CONFIRMATION_OK"
19628,10410698623,10410698717,1,"IOTHUB_CLIENT_CONFIRMATION_OK"
19629,10410698823,10410698870,1,"IOTHUB_CLIENT_CONFIRMATION_OK"
19630,10410699023,10410699070,1,"IOTHUB_CLIENT_CONFIRMATION_OK"
19631,10410699223,10410699297,1,"IOTHUB_CLIENT_CONFIRMATION_OK"
19632,10410699424,10410699461,1,"IOTHUB_CLIENT_CONFIRMATION_OK"
19633,10410699624,10410699661,1,"IOTHUB_CLIENT_CONFIRMATION_OK"
19634,10410699824,10410699922,1,"IOTHUB_CLIENT_CONFIRMATION_OK"
19635,10410700024,10410700097,1,"IOTHUB_CLIENT_CONFIRMATION_OK"
19636,10410700224,10410700265,1,"IOTHUB_CLIENT_CONFIRMATION_OK"
19637,10410700424,10410700621,1,"IOTHUB_CLIENT_CONFIRMATION_OK"
19638,10410700625,10410700701,1,"IOTHUB_CLIENT_CONFIRMATION_OK"
19639,10410700825,10410700879,1,"IOTHUB_CLIENT_CONFIRMATION_OK"
19640,10410701025,10410701210,1,"IOTHUB_CLIENT_CONFIRMATION_OK"
19641,10410701225,10410701278,1,"IOTHUB_CLIENT_CONFIRMATION_OK"
19642,10410701425,10410701551,1,"IOTHUB_CLIENT_CONFIRMATION_OK"
19643,10410701625,10410701793,1,"IOTHUB_CLIENT_CONFIRMATION_OK"
19644,10410701826,10410701881,1,"IOTHUB_CLIENT_CONFIRMATION_OK"
19645,10410702026,10410702099,1,"IOTHUB_CLIENT_CONFIRMATION_OK"
19646,10410702226,10410702399,1,"IOTHUB_CLIENT_CONFIRMATION_OK"
19647,10410702426,10410702524,1,"IOTHUB_CLIENT_CONFIRMATION_OK"
19648,10410702626,10410702698,1,"IOTHUB_CLIENT_CONFIRMATION_OK"
19649,10410702826,10410703034,1,"IOTHUB_CLIENT_CONFIRMATION_OK"
19650,10410703027,10410703081,1,"IOTHUB_CLIENT_CONFIRMATION_OK"
19651,10410703227,10410703273,1,"IOTHUB_CLIENT_CONFIRMATION_OK"
19652,10410703427,10410703472,1,"IOTHUB_CLIENT_CONFIRMATION_OK"
19653,10410703627,10410703670,1,"IOTHUB_CLIENT_CONFIRMATION_OK"
19654,10410703827,10410703880,1,"IOTHUB_CLIENT_CONFIRMATION_OK"
19655,10410704027,10410704119,1,"IOTHUB_CLIENT_CONFIRMATION_OK"
19656,10410704228,10410704267,1,"IOTHUB_CLIENT_CONFIRMATION_OK"
19657,10410704428,10410704478,1,"IOTHUB_CLIENT_CONFIRMATION_OK"
19658,10410704628,10410704706,1,"IOTHUB_CLIENT_CONFIRMATION_OK"
19659,10410704828,10410704898,1,"IOTHUB_CLIENT_CONFIRMATION_OK"
19660,10410705028,10410705087,1,"IOTHUB_CLIENT_CONFIRMATION_OK"
19661,10410705228,10410705330,1,"IOTHUB_CLIENT_CONFIRMATION_OK"
19662,10410705428,10410705477,1,"IOTHUB_CLIENT_CONFIRMATION_OK"
19663,10410705629,10410705747,1,"IOTHUB_CLIENT_CONFIRMATION_OK"
19664,10410705829,10410705954,1,"IOTHUB_CLIENT_CONFIRMATION_OK"
19665,10410706029,10410706110,1,"IOTHUB_CLIENT_CONFIRMATION_OK"
19666,10410706229,10410706275,1,"IOTHUB_CLIENT_CONFIRMATION_OK"
19667,10410706429,10410706560,1,"IOTHUB_CLIENT_CONFIRMATION_OK"
19668,10410706630,10410706671,1,"IOTHUB_CLIENT_CONFIRMATION_OK"
19669,10410706830,10410706889,1,"IOTHUB_CLIENT_CONFIRMATION_OK"
19670,10410707030,10410707177,1,"IOTHUB_CLIENT_CONFIRMATION_OK"
19671,10410707230,10410707268,1,"IOTHUB_CLIENT_CONFIRMATION_OK"
19672,10410707430,10410707479,1,"IOTHUB_CLIENT_CONFIRMATION_OK"
19673,10410707630,10410707822,1,"IOTHUB_CLIENT_CONFIRMATION_OK"
19674,10410707831,10410707875,1,"IOTHUB_CLIENT_CONFIRMATION_OK"
19675,10410708031,10410708134,1,"IOTHUB_CLIENT_CONFIRMATION_OK"
19676,10410708231,10410708284,1,"IOTHUB_CLIENT_CONFIRMATION_OK"
19677,10410708431,10410708473,1,"IOTHUB_CLIENT_CONFIRMATION_OK"
19678,10410708631,10410708674,1,"IOTHUB_CLIENT_CONFIRMATION_OK"
19679,10410708831,10410708884,1,"IOTHUB_CLIENT_CONFIRMATION_OK"
19680,10410709031,10410709085,1,"IOTHUB_CLIENT_CONFIRMATION_OK"
19681,10410709232,10410709282,1,"IOTHUB_CLIENT_CONFIRMATION_OK"
19682,10410709432,10410709478,1,"IOTHUB_CLIENT_CONFIRMATION_OK"
19683,10410709632,10410709672,1,"IOTHUB_CLIENT_CONFIRMATION_OK"
19684,10410709832,10410709882,1,"IOTHUB_CLIENT_CONFIRMATION_OK"
19685,10410710032,10410710084,1,"IOTHUB_CLIENT_CONFIRMATION_OK"
19686,10410710232,10410710291,1,"IOTHUB_CLIENT_CONFIRMATION_OK"
19687,10410710433,10410710476,1,"IOTHUB_CLIENT_CONFIRMATION_OK"
19688,10410710633,10410710941,1,"IOTHUB_CLIENT_CONFIRMATION_OK"
19689,10410710833,10410711005,1,"IOTHUB_CLIENT_CONFIRMATION_OK"
19690,10410711033,10410711099,1,"IOTHUB_CLIENT_CONFIRMATION_OK"
19691,10410711233,10410711330,1,"IOTHUB_CLIENT_CONFIRMATION_OK"
19692,10410711433,10410711504,1,"IOTHUB_CLIENT_CONFIRMATION_OK"
19693,10410711634,10410711678,1,"IOTHUB_CLIENT_CONFIRMATION_OK"
19694,10410711834,10410711936,1,"IOTHUB_CLIENT_CONFIRMATION_OK"
19695,10410712034,10410712088,1,"IOTHUB_CLIENT_CONFIRMATION_OK"
19696,10410712234,10410712300,1,"IOTHUB_CLIENT_CONFIRMATION_OK"
19697,10410712434,10410712578,1,"IOTHUB_CLIENT_CONFIRMATION_OK"
19698,10410712634,10410712671,1,"IOTHUB_CLIENT_CONFIRMATION_OK"
19699,10410712835,10410712891,1,"IOTHUB_CLIENT_CONFIRMATION_OK"
19700,10410713035,10410713172,1,"IOTHUB_CLIENT_CONFIRMATION_OK"
19701,10410713235,10410713328,1,"IOTHUB_CLIENT_CONFIRMATION_OK"
19702,10410713435,10410713496,1,"IOTHUB_CLIENT_CONFIRMATION_OK"
19703,10410713635,10410713782,1,"IOTHUB_CLIENT_CONFIRMATION_OK"
19704,10410713835,10410713887,1,"IOTHUB_CLIENT_CONFIRMATION_OK"
19705,10410714036,10410714082,1,"IOTHUB_CLIENT_CONFIRMATION_OK"
19706,10410714236,10410714277,1,"IOTHUB_CLIENT_CONFIRMATION_OK"
19707,10410714436,10410714488,1,"IOTHUB_CLIENT_CONFIRMATION_OK"
19708,10410714636,10410714697,1,"IOTHUB_CLIENT_CONFIRMATION_OK"
19709,10410714836,10410714924,1,"IOTHUB_CLIENT_CONFIRMATION_OK"
19710,10410715036,10410715084,1,"IOTHUB_CLIENT_CONFIRMATION_OK"
19711,10410715237,10410715283,1,"IOTHUB_CLIENT_CONFIRMATION_OK"
19712,10410715437,10410715518,1,"IOTHUB_CLIENT_CONFIRMATION_OK"
19713,10410715637,10410715676,1,"IOTHUB_CLIENT_CONFIRMATION_OK"
19714,10410715837,10410715886,1,"IOTHUB_CLIENT_CONFIRMATION_OK"
19715,10410716037,10410716133,1,"IOTHUB_CLIENT_CONFIRMATION_OK"
19716,10410716237,10410716291,1,"IOTHUB_CLIENT_CONFIRMATION_OK"
19717,10410716438,10410716487,1,"IOTHUB_CLIENT_CONFIRMATION_OK"
19718,10410716638,10410716775,1,"IOTHUB_CLIENT_CONFIRMATION_OK"
19719,10410716838,10410716897,1,"IOTHUB_CLIENT_CONFIRMATION_OK"
19720,10410717038,10410717125,1,"IOTHUB_CLIENT_CONFIRMATION_OK"
19721,10410717238,10410717387,1,"IOTHUB_CLIENT_CONFIRMATION_OK"
19722,10410717438,10410717481,1,"IOTHUB_CLIENT_CONFIRMATION_OK"
19723,10410717638,10410717684,1,"IOTHUB_CLIENT_CONFIRMATION_OK"
19724,10410717839,10410717990,1,"IOTHUB_CLIENT_CONFIRMATION_OK"
19725,10410718039,10410718096,1,"IOTHUB_CLIENT_CONFIRMATION_OK"
19726,10410718239,10410718292,1,"IOTHUB_CLIENT_CONFIRMATION_OK"
19727,10410718439,10410718617,1,"IOTHUB_CLIENT_CONFIRMATION_OK"
19728,10410718639,10410718684,1,"IOTHUB_CLIENT_CONFIRMATION_OK"
19729,10410718839,10410718901,1,"IOTHUB_CLIENT_CONFIRMATION_OK"
19730,10410719040,10410719082,1,"IOTHUB_CLIENT_CONFIRMATION_OK"
19731,10410719240,10410719295,1,"IOTHUB_CLIENT_CONFIRMATION_OK"
19732,10410719440,10410719490,1,"IOTHUB_CLIENT_CONFIRMATION_OK"
19733,10410719640,10410719688,1,"IOTHUB_CLIENT_CONFIRMATION_OK"
19734,10410719840,10410719879,1,"IOTHUB_CLIENT_CONFIRMATION_OK"
19735,10410720040,10410720121,1,"IOTHUB_CLIENT_CONFIRMATION_OK"
19736,10410720241,10410720284,1,"IOTHUB_CLIENT_CONFIRMATION_OK"
19737,10410720441,10410720494,1,"IOTHUB_CLIENT_CONFIRMATION_OK"
19738,10410720641,10410720700,1,"IOTHUB_CLIENT_CONFIRMATION_OK"
19739,10410720841,10410720912,1,"IOTHUB_CLIENT_CONFIRMATION_OK"
19740,10410721041,10410721084,1,"IOTHUB_CLIENT_CONFIRMATION_OK"
19741,10410721241,10410721281,1,"IOTHUB_CLIENT_CONFIRMATION_OK"
19742,10410721441,10410721514,1,"IOTHUB_CLIENT_CONFIRMATION_OK"
19743,10410721642,10410721703,1,"IOTHUB_CLIENT_CONFIRMATION_OK"
19744,10410721842,10410721897,1,"IOTHUB_CLIENT_CONFIRMATION_OK"
19745,10410722042,10410722144,1,"IOTHUB_CLIENT_CONFIRMATION_OK"
19746,10410722242,10410722305,1,"IOTHUB_CLIENT_CONFIRMATION_OK"
19747,10410722442,10410722498,1,"IOTHUB_CLIENT_CONFIRMATION_OK"
19748,10410722642,10410722758,1,"IOTHUB_CLIENT_CONFIRMATION_OK"
19749,10410722843,10410722912,1,"IOTHUB_CLIENT_CONFIRMATION_OK"
19750,10410723043,10410723088,1,"IOTHUB_CLIENT_CONFIRMATION_OK"
19751,10410723243,10410723364,1,"IOTHUB_CLIENT_CONFIRMATION_OK"
19752,10410723443,10410723479,1,"IOTHUB_CLIENT_CONFIRMATION_OK"
19753,10410723643,10410723683,1,"IOTHUB_CLIENT_CONFIRMATION_OK"
19754,10410723843,10410723982,1,"IOTHUB_CLIENT_CONFIRMATION_OK"
19755,10410724044,10410724086,1,"IOTHUB_CLIENT_CONFIRMATION_OK"
19756,10410724244,10410724300,1,"IOTHUB_CLIENT_CONFIRMATION_OK"
19757,10410724444,10410724584,1,"IOTHUB_CLIENT_CONFIRMATION_OK"
19758,10410724644,10410724702,1,"IOTHUB_CLIENT_CONFIRMATION_OK"
19759,10410724844,10410724906,1,"IOTHUB_CLIENT_CONFIRMATION_OK"
19760,10410725044,10410725094,1,"IOTHUB_CLIENT_CONFIRMATION_OK"
19761,10410725245,10410725311,1,"IOTHUB_CLIENT_CONFIRMATION_OK"
19762,10410725445,10410725494,1,"IOTHUB_CLIENT_CONFIRMATION_OK"
19763,10410725645,10410725708,1,"IOTHUB_CLIENT_CONFIRMATION_OK"
19764,10410725845,10410725938,1,"IOTHUB_CLIENT_CONFIRMATION_OK"
19765,10410726045,10410726106,1,"IOTHUB_CLIENT_CONFIRMATION_OK"
19766,10410726245,10410726290,1,"IOTHUB_CLIENT_CONFIRMATION_OK"
19767,10410726445,10410726583,1,"IOTHUB_CLIENT_CONFIRMATION_OK"
19768,10410726646,10410726727,1,"IOTHUB_CLIENT_CONFIRMATION_OK"
19769,10410726846,10410726996,1,"IOTHUB_CLIENT_CONFIRMATION_OK"
19770,10410727046,10410727089,1,"IOTHUB_CLIENT_CONFIRMATION_OK"
19771,10410727246,10410727301,1,"IOTHUB_CLIENT_CONFIRMATION_OK"
19772,10410727446,10410727486,1,"IOTHUB_CLIENT_CONFIRMATION_OK"
19773,10410727646,10410727730,1,"IOTHUB_CLIENT_CONFIRMATION_OK"
19774,10410727846,10410727884,1,"IOTHUB_CLIENT_CONFIRMATION_OK"
19775,10410728047,10410728118,1,"IOTHUB_CLIENT_CONFIRMATION_OK"
19776,10410728247,10410728297,1,"IOTHUB_CLIENT_CONFIRMATION_OK"
19777,10410728447,10410728521,1,"IOTHUB_CLIENT_CONFIRMATION_OK"
19778,10410728647,10410728702,1,"IOTHUB_CLIENT_CONFIRMATION_OK"
19779,10410728847,10410728902,1,"IOTHUB_CLIENT_CONFIRMATION_OK"
19780,10410729047,10410729153,1,"IOTHUB_CLIENT_CONFIRMATION_OK"
19781,10410729248,10410729286,1,"IOTHUB_CLIENT_CONFIRMATION_OK"
19782,10410729448,10410729506,1,"IOTHUB_CLIENT_CONFIRMATION_OK"
19783,10410729648,10410729685,1,"IOTHUB_CLIENT_CONFIRMATION_OK"
19784,10410729848,10410729926,1,"IOTHUB_CLIENT_CONFIRMATION_OK"
19785,10410730048,10410730091,1,"IOTHUB_CLIENT_CONFIRMATION_OK"
19786,10410730248,10410730336,1,"IOTHUB_CLIENT_CONFIRMATION_OK"
19787,10410730448,10410730501,1,"IOTHUB_CLIENT_CONFIRMATION_OK"
19788,10410730649,10410730705,1,"IOTHUB_CLIENT_CONFIRMATION_OK"
19789,10410730849,10410730930,1,"IOTHUB_CLIENT_CONFIRMATION_OK"
19790,10410731049,10410731122,1,"IOTHUB_CLIENT_CONFIRMATION_OK"
19791,10410731249,10410731301,1,"IOTHUB_CLIENT_CONFIRMATION_OK"
19792,10410731449,10410731499,1,"IOTHUB_CLIENT_CONFIRMATION_OK"
19793,10410731649,10410731694,1,"IOTHUB_CLIENT_CONFIRMATION_OK"
19794,10410731850,10410731921,1,"IOTHUB_CLIENT_CONFIRMATION_OK"
19795,10410732050,10410732097,1,"IOTHUB_CLIENT_CONFIRMATION_OK"
19796,10410732250,10410732343,1,"IOTHUB_CLIENT_CONFIRMATION_OK"
19797,10410732450,10410732495,1,"IOTHUB_CLIENT_CONFIRMATION_OK"
19798,10410732650,10410732702,1,"IOTHUB_CLIENT_CONFIRMATION_OK"
19799,10410732850,10410732940,1,"IOTHUB_CLIENT_CONFIRMATION_OK"
19800,10410733051,10410733096,1,"IOTHUB_CLIENT_CONFIRMATION_OK"
19801,10410733251,10410733294,1,"IOTHUB_CLIENT_CONFIRMATION_OK"
19802,10410733451,10410733583,1,"IOTHUB_CLIENT_CONFIRMATION_OK"
19803,10410733651,10410733709,1,"IOTHUB_CLIENT_CONFIRMATION_OK"
19804,10410733851,10410733896,1,"IOTHUB_CLIENT_CONFIRMATION_OK"
19805,10410734051,10410734199,1,"IOTHUB_CLIENT_CONFIRMATION_OK"
19806,10410734252,10410734300,1,"IOTHUB_CLIENT_CONFIRMATION_OK"
19807,10410734452,10410734545,1,"IOTHUB_CLIENT_CONFIRMATION_OK"
19808,10410734652,10410734794,1,"IOTHUB_CLIENT_CONFIRMATION_OK"
19809,10410734852,10410734896,1,"IOTHUB_CLIENT_CONFIRMATION_OK"
19810,10410735052,10410735086,1,"IOTHUB_CLIENT_CONFIRMATION_OK"
19811,10410735252,10410735291,1,"IOTHUB_CLIENT_CONFIRMATION_OK"
19812,10410735452,10410735489,1,"IOTHUB_CLIENT_CONFIRMATION_OK"
19813,10410735653,10410735695,1,"IOTHUB_CLIENT_CONFIRMATION_OK"
19814,10410735853,10410735900,1,"IOTHUB_CLIENT_CONFIRMATION_OK"
19815,10410736053,10410736096,1,"IOTHUB_CLIENT_CONFIRMATION_OK"
19816,10410736253,10410736312,1,"IOTHUB_CLIENT_CONFIRMATION_OK"
19817,10410736453,10410736557,1,"IOTHUB_CLIENT_CONFIRMATION_OK"
19818,10410736653,10410736696,1,"IOTHUB_CLIENT_CONFIRMATION_OK"
19819,10410736854,10410736917,1,"IOTHUB_CLIENT_CONFIRMATION_OK"
19820,10410737054,10410737098,1,"IOTHUB_CLIENT_CONFIRMATION_OK"
19821,10410737254,10410737305,1,"IOTHUB_CLIENT_CONFIRMATION_OK"
19822,10410737454,10410737494,1,"IOTHUB_CLIENT_CONFIRMATION_OK"
19823,10410737654,10410737701,1,"IOTHUB_CLIENT_CONFIRMATION_OK"
19824,10410737854,10410737906,1,"IOTHUB_CLIENT_CONFIRMATION_OK"
19825,10410738055,10410738100,1,"IOTHUB_CLIENT_CONFIRMATION_OK"
19826,10410738255,10410738298,1,"IOTHUB_CLIENT_CONFIRMATION_OK"
19827,10410738455,10410738512,1,"IOTHUB_CLIENT_CONFIRMATION_OK"
19828,10410738655,10410738719,1,"IOTHUB_CLIENT_CONFIRMATION_OK"
19829,10410738855,10410738918,1,"IOTHUB_CLIENT_CONFIRMATION_OK"
19830,10410739055,10410739098,1,"IOTHUB_CLIENT_CONFIRMATION_OK"
19831,10410739255,10410739320,1,"IOTHUB_CLIENT_CONFIRMATION_OK"
19832,10410739456,10410739519,1,"IOTHUB_CLIENT_CONFIRMATION_OK"
19833,10410739656,10410739714,1,"IOTHUB_CLIENT_CONFIRMATION_OK"
19834,10410739856,10410739902,1,"IOTHUB_CLIENT_CONFIRMATION_OK"
19835,10410740056,10410740138,1,"IOTHUB_CLIENT_CONFIRMATION_OK"
19836,10410740256,10410740310,1,"IOTHUB_CLIENT_CONFIRMATION_OK"
19837,10410740456,10410740513,1,"IOTHUB_CLIENT_CONFIRMATION_OK"
19838,10410740657,10410740785,1,"IOTHUB_CLIENT_CONFIRMATION_OK"
19839,10410740857,10410740919,1,"IOTHUB_CLIENT_CONFIRMATION_OK"
19840,10410741057,10410741094,1,"IOTHUB_CLIENT_CONFIRMATION_OK"
19841,10410741257,10410741377,1,"IOTHUB_CLIENT_CONFIRMATION_OK"
19842,10410741457,10410741507,1,"IOTHUB_CLIENT_CONFIRMATION_OK"
19843,10410741657,10410741718,1,"IOTHUB_CLIENT_CONFIRMATION_OK"
19844,10410741857,10410742052,1,"IOTHUB_CLIENT_CONFIRMATION_OK"
19845,10410742058,10410742104,1,"IOTHUB_CLIENT_CONFIRMATION_OK"
19846,10410742258,10410742341,1,"IOTHUB_CLIENT_CONFIRMATION_OK"
19847,10410742458,10410742499,1,"IOTHUB_CLIENT_CONFIRMATION_OK"
19848,10410742658,10410742716,1,"IOTHUB_CLIENT_CONFIRMATION_OK"
19849,10410742858,10410742899,1,"IOTHUB_CLIENT_CONFIRMATION_OK"
19850,10410743058,10410743113,1,"IOTHUB_CLIENT_CONFIRMATION_OK"
19851,10410743258,10410743337,1,"IOTHUB_CLIENT_CONFIRMATION_OK"
19852,10410743459,10410743514,1,"IOTHUB_CLIENT_CONFIRMATION_OK"
19853,10410743659,10410743727,1,"IOTHUB_CLIENT_CONFIRMATION_OK"
19854,10410743859,10410743923,1,"IOTHUB_CLIENT_CONFIRMATION_OK"
19855,10410744059,10410744172,1,"IOTHUB_CLIENT_CONFIRMATION_OK"
19856,10410744259,10410744298,1,"IOTHUB_CLIENT_CONFIRMATION_OK"
19857,10410744459,10410744508,1,"IOTHUB_CLIENT_CONFIRMATION_OK"
19858,10410744660,10410744723,1,"IOTHUB_CLIENT_CONFIRMATION_OK"
19859,10410744860,10410744927,1,"IOTHUB_CLIENT_CONFIRMATION_OK"
19860,10410745060,10410745120,1,"IOTHUB_CLIENT_CONFIRMATION_OK"
19861,10410745260,10410745305,1,"IOTHUB_CLIENT_CONFIRMATION_OK"
19862,10410745460,10410745545,1,"IOTHUB_CLIENT_CONFIRMATION_OK"
19863,10410745660,10410745705,1,"IOTHUB_CLIENT_CONFIRMATION_OK"
19864,10410745861,10410745900,1,"IOTHUB_CLIENT_CONFIRMATION_OK"
19865,10410746061,10410746144,1,"IOTHUB_CLIENT_CONFIRMATION_OK"
19866,10410746261,10410746305,1,"IOTHUB_CLIENT_CONFIRMATION_OK"
19867,10410746461,10410746512,1,"IOTHUB_CLIENT_CONFIRMATION_OK"
19868,10410746661,10410746743,1,"IOTHUB_CLIENT_CONFIRMATION_OK"
19869,10410746861,10410746919,1,"IOTHUB_CLIENT_CONFIRMATION_OK"
19870,10410747061,10410747157,1,"IOTHUB_CLIENT_CONFIRMATION_OK"
19871,10410747262,10410747374,1,"IOTHUB_CLIENT_CONFIRMATION_OK"
19872,10410747462,10410747507,1,"IOTHUB_CLIENT_CONFIRMATION_OK"
19873,10410747662,10410747734,1,"IOTHUB_CLIENT_CONFIRMATION_OK"
19874,10410747862,10410748007,1,"IOTHUB_CLIENT_CONFIRMATION_OK"
19875,10410748062,10410748103,1,"IOTHUB_CLIENT_CONFIRMATION_OK"
19876,10410748262,10410748322,1,"IOTHUB_CLIENT_CONFIRMATION_OK"
19877,10410748463,10410748519,1,"IOTHUB_CLIENT_CONFIRMATION_OK"
19878,10410748663,10410748712,1,"IOTHUB_CLIENT_CONFIRMATION_OK"
19879,10410748863,10410748948,1,"IOTHUB_CLIENT_CONFIRMATION_OK"
19880,10410749063,10410749103,1,"IOTHUB_CLIENT_CONFIRMATION_OK"
19881,10410749263,10410749312,1,"IOTHUB_CLIENT_CONFIRMATION_OK"
19882,10410749463,10410749510,1,"IOTHUB_CLIENT_CONFIRMATION_OK"
19883,10410749663,10410749708,1,"IOTHUB_CLIENT_CONFIRMATION_OK"
19884,10410749864,10410749918,1,"IOTHUB_CLIENT_CONFIRMATION_OK"
19885,10410750064,10410750105,1,"IOTHUB_CLIENT_CONFIRMATION_OK"
19886,10410750264,10410750305,1,"IOTHUB_CLIENT_CONFIRMATION_OK"
19887,10410750464,10410750843,1,"IOTHUB_CLIENT_CONFIRMATION_OK"
19888,10410750664,10410750925,1,"IOTHUB_CLIENT_CONFIRMATION_OK"
19889,10410750864,10410751013,1,"IOTHUB_CLIENT_CONFIRMATION_OK"
19890,10410751065,10410751115,1,"IOTHUB_CLIENT_CONFIRMATION_OK"
19891,10410751265,10410751351,1,"IOTHUB_CLIENT_CONFIRMATION_OK"
19892,10410751465,10410751517,1,"IOTHUB_CLIENT_CONFIRMATION_OK"
19893,10410751665,10410751715,1,"IOTHUB_CLIENT_CONFIRMATION_OK"
19894,10410751865,10410751906,1,"IOTHUB_CLIENT_CONFIRMATION_OK"
19895,10410752065,10410752118,1,"IOTHUB_CLIENT_CONFIRMATION_OK"
19896,10410752265,10410752310,1,"IOTHUB_CLIENT_CONFIRMATION_OK"
19897,10410752466,10410752506,1,"IOTHUB_CLIENT_CONFIRMATION_OK"
19898,10410752666,10410752777,1,"IOTHUB_CLIENT_CONFIRMATION_OK"
19899,10410752866,10410752944,1,"IOTHUB_CLIENT_CONFIRMATION_OK"
19900,10410753066,10410753107,1,"IOTHUB_CLIENT_CONFIRMATION_OK"
19901,10410753266,10410753345,1,"IOTHUB_CLIENT_CONFIRMATION_OK"
19902,10410753466,10410753508,1,"IOTHUB_CLIENT_CONFIRMATION_OK"
19903,10410753667,10410753727,1,"IOTHUB_CLIENT_CONFIRMATION_OK"
19904,10410753867,10410753939,1,"IOTHUB_CLIENT_CONFIRMATION_OK"
19905,10410754067,10410754134,1,"IOTHUB_CLIENT_CONFIRMATION_OK"
19906,10410754267,10410754403,1,"IOTHUB_CLIENT_CONFIRMATION_OK"
19907,10410754467,10410754602,1,"IOTHUB_CLIENT_CONFIRMATION_OK"
19908,10410754667,10410754709,1,"IOTHUB_CLIENT_CONFIRMATION_OK"
19909,10410754867,10410754912,1,"IOTHUB_CLIENT_CONFIRMATION_OK"
19910,10410755068,10410755126,1,"IOTHUB_CLIENT_CONFIRMATION_OK"
19911,10410755268,10410755312,1,"IOTHUB_CLIENT_CONFIRMATION_OK"
19912,10410755468,10410755552,1,"IOTHUB_CLIENT_CONFIRMATION_OK"
19913,10410755668,10410755726,1,"IOTHUB_CLIENT_CONFIRMATION_OK"
19914,10410755868,10410755930,1,"IOTHUB_CLIENT_CONFIRMATION_OK"
19915,10410756068,10410756118,1,"IOTHUB_CLIENT_CONFIRMATION_OK"
19916,10410756269,10410756336,1,"IOTHUB_CLIENT_CONFIRMATION_OK"
19917,10410756469,10410756514,1,"IOTHUB_CLIENT_CONFIRMATION_OK"
19918,10410756669,10410756720,1,"IOTHUB_CLIENT_CONFIRMATION_OK"
19919,10410756869,10410756947,1,"IOTHUB_CLIENT_CONFIRMATION_OK"
19920,10410757069,10410757110,1,"IOTHUB_CLIENT_CONFIRMATION_OK"
19921,10410757269,10410757315,1,"IOTHUB_CLIENT_CONFIRMATION_OK"
19922,10410757470,10410757560,1,"IOTHUB_CLIENT_CONFIRMATION_OK"
19923,10410757670,10410757729,1,"IOTHUB_CLIENT_CONFIRMATION_OK"
19924,10410757870,10410757925,1,"IOTHUB_CLIENT_CONFIRMATION_OK"
19925,10410758070,10410758199,1,"IOTHUB_CLIENT_CONFIRMATION_OK"
19926,10410758270,10410758344,1,"IOTHUB_CLIENT_CONFIRMATION_OK"
19927,10410758470,10410758518,1,"IOTHUB_CLIENT_CONFIRMATION_OK"
19928,10410758670,10410758725,1,"IOTHUB_CLIENT_CONFIRMATION_OK"
19929,10410758871,10410758920,1,"IOTHUB_CLIENT_CONFIRMATION_OK"
19930,10410759071,10410759112,1,"IOTHUB_CLIENT_CONFIRMATION_OK"
19931,10410759271,10410759314,1,"IOTHUB_CLIENT_CONFIRMATION_OK"
19932,10410759471,10410759517,1,"IOTHUB_CLIENT_CONFIRMATION_OK"
19933,10410759671,10410759786,1,"IOTHUB_CLIENT_CONFIRMATION_OK"
19934,10410759871,10410759914,1,"IOTHUB_CLIENT_CONFIRMATION_OK"
19935,10410760072,10410760122,1,"IOTHUB_CLIENT_CONFIRMATION_OK"
19936,10410760272,10410760319,1,"IOTHUB_CLIENT_CONFIRMATION_OK"
19937,10410760472,10410760517,1,"IOTHUB_CLIENT_CONFIRMATION_OK"
19938,10410760672,10410760725,1,"IOTHUB_CLIENT_CONFIRMATION_OK"
19939,10410760872,10410760917,1,"IOTHUB_CLIENT_CONFIRMATION_OK"
19940,10410761072,10410761115,1,"IOTHUB_CLIENT_CONFIRMATION_OK"
19941,10410761273,10410761464,1,"IOTHUB_CLIENT_CONFIRMATION_OK"
19942,10410761473,10410761544,1,"IOTHUB_CLIENT_CONFIRMATION_OK"
19943,10410761673,10410761711,1,"IOTHUB_CLIENT_CONFIRMATION_OK"
19944,10410761873,10410761922,1,"IOTHUB_CLIENT_CONFIRMATION_OK"
19945,10410762073,10410762123,1,"IOTHUB_CLIENT_CONFIRMATION_OK"
19946,10410762273,10410762316,1,"IOTHUB_CLIENT_CONFIRMATION_OK"
19947,10410762473,10410762553,1,"IOTHUB_CLIENT_CONFIRMATION_OK"
19948,10410762674,10410762779,1,"IOTHUB_CLIENT_CONFIRMATION_OK"
19949,10410762874,10410762923,1,"IOTHUB_CLIENT_CONFIRMATION_OK"
19950,10410763074,10410763127,1,"IOTHUB_CLIENT_CONFIRMATION_OK"
19951,10410763274,10410763320,1,"IOTHUB_CLIENT_CONFIRMATION_OK"
19952,10410763474,10410763518,1,"IOTHUB_CLIENT_CONFIRMATION_OK"
19953,10410763674,10410763717,1,"IOTHUB_CLIENT_CONFIRMATION_OK"
19954,10410763875,10410763930,1,"IOTHUB_CLIENT_CONFIRMATION_OK"
19955,10410764075,10410764138,1,"IOTHUB_CLIENT_CONFIRMATION_OK"
19956,10410764275,10410764321,1,"IOTHUB_CLIENT_CONFIRMATION_OK"
19957,10410764475,10410764604,1,"IOTHUB_CLIENT_CONFIRMATION_OK"
19958,10410764675,10410764724,1,"IOTHUB_CLIENT_CONFIRMATION_OK"
19959,10410764875,10410764927,1,"IOTHUB_CLIENT_CONFIRMATION_OK"
19960,10410765076,10410765130,1,"IOTHUB_CLIENT_CONFIRMATION_OK"
19961,10410765276,10410765350,1,"IOTHUB_CLIENT_CONFIRMATION_OK"
19962,10410765476,10410765520,1,"IOTHUB_CLIENT_CONFIRMATION_OK"
19963,10410765676,10410765719,1,"IOTHUB_CLIENT_CONFIRMATION_OK"
19964,10410765876,10410765974,1,"IOTHUB_CLIENT_CONFIRMATION_OK"
19965,10410766076,10410766128,1,"IOTHUB_CLIENT_CONFIRMATION_OK"
19966,10410766277,10410766333,1,"IOTHUB_CLIENT_CONFIRMATION_OK"
19967,10410766477,10410766516,1,"IOTHUB_CLIENT_CONFIRMATION_OK"
19968,10410766677,10410766759,1,"IOTHUB_CLIENT_CONFIRMATION_OK"
19969,10410766877,10410766925,1,"IOTHUB_CLIENT_CONFIRMATION_OK"
19970,10410767077,10410767117,1,"IOTHUB_CLIENT_CONFIRMATION_OK"
19971,10410767277,10410767331,1,"IOTHUB_CLIENT_CONFIRMATION_OK"
19972,10410767478,10410767543,1,"IOTHUB_CLIENT_CONFIRMATION_OK"
19973,10410767678,10410767725,1,"IOTHUB_CLIENT_CONFIRMATION_OK"
19974,10410767878,10410767942,1,"IOTHUB_CLIENT_CONFIRMATION_OK"
19975,10410768078,10410768154,1,"IOTHUB_CLIENT_CONFIRMATION_OK"
19976,10410768278,10410768355,1,"IOTHUB_CLIENT_CONFIRMATION_OK"
19977,10410768478,10410768607,1,"IOTHUB_CLIENT_CONFIRMATION_OK"
19978,10410768679,10410768719,1,"IOTHUB_CLIENT_CONFIRMATION_OK"
19979,10410768879,10410768922,1,"IOTHUB_CLIENT_CONFIRMATION_OK"
19980,10410769079,10410769119,1,"IOTHUB_CLIENT_CONFIRMATION_OK"
19981,10410769279,10410769326,1,"IOTHUB_CLIENT_CONFIRMATION_OK"
19982,10410769479,10410769536,1,"IOTHUB_CLIENT_CONFIRMATION_OK"
19983,10410769679,10410769724,1,"IOTHUB_CLIENT_CONFIRMATION_OK"
19984,10410769879,10410769929,1,"IOTHUB_CLIENT_CONFIRMATION_OK"
19985,10410770080,10410770139,1,"IOTHUB_CLIENT_CONFIRMATION_OK"
19986,10410770280,10410770382,1,"IOTHUB_CLIENT_CONFIRMATION_OK"
19987,10410770480,10410770565,1,"IOTHUB_CLIENT_CONFIRMATION_OK"
19988,10410770680,10410770722,1,"IOTHUB_CLIENT_CONFIRMATION_OK"
19989,10410770880,10410770933,1,"IOTHUB_CLIENT_CONFIRMATION_OK"
19990,10410771080,10410771144,1,"IOTHUB_CLIENT_CONFIRMATION_OK"
19991,10410771281,10410771380,1,"IOTHUB_CLIENT_CONFIRMATION_OK"
19992,10410771481,10410771518,1,"IOTHUB_CLIENT_CONFIRMATION_OK"
19993,10410771681,10410771719,1,"IOTHUB_CLIENT_CONFIRMATION_OK"
19994,10410771881,10410771933,1,"IOTHUB_CLIENT_CONFIRMATION_OK"
19995,10410772081,10410772121,1,"IOTHUB_CLIENT_CONFIRMATION_OK"
19996,10410772281,10410772354,1,"IOTHUB_CLIENT_CONFIRMATION_OK"
19997,10410772482,10410772654,1,"IOTHUB_CLIENT_CONFIRMATION_OK"
19998,10410772682,10410772725,1,"IOTHUB_CLIENT_CONFIRMATION_OK"
19999,10410772882,10410772934,1,"IOTHUB_CLIENT_CONFIRMATION_OK"
20000,10410773082,10410773126,1,"IOTHUB_CLIENT_CONFIRMATION_OK"
20001,10410773282,10410773356,1,"IOTHUB_CLIENT_CONFIRMATION_OK"
20002,10410773482,10410773549,1,"IOTHUB_CLIENT_CONFIRMATION_OK"
20003,10410773683,10410773727,1,"IOTHUB_CLIENT_CONFIRMATION_OK"
20004,10410773883,10410773943,1,"IOTHUB_CLIENT_CONFIRMATION_OK"
20005,10410774083,10410774135,1,"IOTHUB_CLIENT_CONFIRMATION_OK"
20006,10410774283,10410774363,1,"IOTHUB_CLIENT_CONFIRMATION_OK"
20007,10410774483,10410774564,1,"IOTHUB_CLIENT_CONFIRMATION_OK"
20008,10410774683,10410774766,1,"IOTHUB_CLIENT_CONFIRMATION_OK"
20009,10410774884,10410774928,1,"IOTHUB_CLIENT_CONFIRMATION_OK"
20010,10410775084,10410775131,1,"IOTHUB_CLIENT_CONFIRMATION_OK"
20011,10410775284,10410775327,1,"IOTHUB_CLIENT_CONFIRMATION_OK"
20012,10410775484,10410775536,1,"IOTHUB_CLIENT_CONFIRMATION_OK"
20013,10410775684,10410775734,1,"IOTHUB_CLIENT_CONFIRMATION_OK"
20014,10410775884,10410775927,1,"IOTHUB_CLIENT_CONFIRMATION_OK"
20015,10410776084,10410776142,1,"IOTHUB_CLIENT_CONFIRMATION_OK"
20016,10410776285,10410776331,1,"IOTHUB_CLIENT_CONFIRMATION_OK"
20017,10410776485,10410776548,1,"IOTHUB_CLIENT_CONFIRMATION_OK"
20018,10410776685,10410776763,1,"IOTHUB_CLIENT_CONFIRMATION_OK"
20019,10410776885,10410776970,1,"IOTHUB_CLIENT_CONFIRMATION_OK"
20020,10410777085,10410777124,1,"IOTHUB_CLIENT_CONFIRMATION_OK"
20021,10410777285,10410777328,1,"IOTHUB_CLIENT_CONFIRMATION_OK"
20022,10410777485,10410777545,1,"IOTHUB_CLIENT_CONFIRMATION_OK"
20023,10410777686,10410777733,1,"IOTHUB_CLIENT_CONFIRMATION_OK"
20024,10410777886,10410777929,1,"IOTHUB_CLIENT_CONFIRMATION_OK"
20025,10410778086,10410778131,1,"IOTHUB_CLIENT_CONFIRMATION_OK"
20026,10410778286,10410778339,1,"IOTHUB_CLIENT_CONFIRMATION_OK"
20027,10410778486,10410778554,1,"IOTHUB_CLIENT_CONFIRMATION_OK"
20028,10410778686,10410778736,1,"IOTHUB_CLIENT_CONFIRMATION_OK"
20029,10410778887,10410778976,1,"IOTHUB_CLIENT_CONFIRMATION_OK"
20030,10410779087,10410779126,1,"IOTHUB_CLIENT_CONFIRMATION_OK"
20031,10410779287,10410779442,1,"IOTHUB_CLIENT_CONFIRMATION_OK"
20032,10410779487,10410779542,1,"IOTHUB_CLIENT_CONFIRMATION_OK"
20033,10410779687,10410779734,1,"IOTHUB_CLIENT_CONFIRMATION_OK"
20034,10410779887,10410779933,1,"IOTHUB_CLIENT_CONFIRMATION_OK"
20035,10410780088,10410780148,1,"IOTHUB_CLIENT_CONFIRMATION_OK"
20036,10410780288,10410780360,1,"IOTHUB_CLIENT_CONFIRMATION_OK"
20037,10410780488,10410780555,1,"IOTHUB_CLIENT_CONFIRMATION_OK"
20038,10410780688,10410780736,1,"IOTHUB_CLIENT_CONFIRMATION_OK"
20039,10410780888,10410780943,1,"IOTHUB_CLIENT_CONFIRMATION_OK"
20040,10410781088,10410781126,1,"IOTHUB_CLIENT_CONFIRMATION_OK"
20041,10410781289,10410781335,1,"IOTHUB_CLIENT_CONFIRMATION_OK"
20042,10410781489,10410781549,1,"IOTHUB_CLIENT_CONFIRMATION_OK"
20043,10410781689,10410781744,1,"IOTHUB_CLIENT_CONFIRMATION_OK"
20044,10410781889,10410781940,1,"IOTHUB_CLIENT_CONFIRMATION_OK"
20045,10410782089,10410782140,1,"IOTHUB_CLIENT_CONFIRMATION_OK"
20046,10410782289,10410782337,1,"IOTHUB_CLIENT_CONFIRMATION_OK"
20047,10410782490,10410782548,1,"IOTHUB_CLIENT_CONFIRMATION_OK"
20048,10410782690,10410782782,1,"IOTHUB_CLIENT_CONFIRMATION_OK"
20049,10410782890,10410782945,1,"IOTHUB_CLIENT_CONFIRMATION_OK"
20050,10410783090,10410783151,1,"IOTHUB_CLIENT_CONFIRMATION_OK"
20051,10410783290,10410783334,1,"IOTHUB_CLIENT_CONFIRMATION_OK"
20052,10410783490,10410783532,1,"IOTHUB_CLIENT_CONFIRMATION_OK"
20053,10410783691,10410783763,1,"IOTHUB_CLIENT_CONFIRMATION_OK"
20054,10410783891,10410783930,1,"IOTHUB_CLIENT_CONFIRMATION_OK"
20055,10410784091,10410784145,1,"IOTHUB_CLIENT_CONFIRMATION_OK"
20056,10410784291,10410784330,1,"IOTHUB_CLIENT_CONFIRMATION_OK"
20057,10410784491,10410784594,1,"IOTHUB_CLIENT_CONFIRMATION_OK"
20058,10410784691,10410784738,1,"IOTHUB_CLIENT_CONFIRMATION_OK"
20059,10410784892,10410784943,1,"IOTHUB_CLIENT_CONFIRMATION_OK"
20060,10410785092,10410785135,1,"IOTHUB_CLIENT_CONFIRMATION_OK"
20061,10410785292,10410785338,1,"IOTHUB_CLIENT_CONFIRMATION_OK"
20062,10410785492,10410785534,1,"IOTHUB_CLIENT_CONFIRMATION_OK"
20063,10410785692,10410785781,1,"IOTHUB_CLIENT_CONFIRMATION_OK"
20064,10410785892,10410786012,1,"IOTHUB_CLIENT_CONFIRMATION_OK"
20065,10410786093,10410786151,1,"IOTHUB_CLIENT_CONFIRMATION_OK"
20066,10410786293,10410786408,1,"IOTHUB_CLIENT_CONFIRMATION_OK"
20067,10410786493,10410786534,1,"IOTHUB_CLIENT_CONFIRMATION_OK"
20068,10410786693,10410786811,1,"IOTHUB_CLIENT_CONFIRMATION_OK"
20069,10410786893,10410786936,1,"IOTHUB_CLIENT_CONFIRMATION_OK"
20070,10410787093,10410787140,1,"IOTHUB_CLIENT_CONFIRMATION_OK"
20071,10410787293,10410787358,1,"IOTHUB_CLIENT_CONFIRMATION_OK"
20072,10410787494,10410787539,1,"IOTHUB_CLIENT_CONFIRMATION_OK"
20073,10410787694,10410787740,1,"IOTHUB_CLIENT_CONFIRMATION_OK"
20074,10410787894,10410787942,1,"IOTHUB_CLIENT_CONFIRMATION_OK"
20075,10410788094,10410788433,1,"IOTHUB_CLIENT_CONFIRMATION_OK"
20076,10410788294,10410788515,1,"IOTHUB_CLIENT_CONFIRMATION_OK"
20077,10410788494,10410788562,1,"IOTHUB_CLIENT_CONFIRMATION_OK"
20078,10410788695,10410788743,1,"IOTHUB_CLIENT_CONFIRMATION_OK"
20079,10410788895,10410788940,1,"IOTHUB_CLIENT_CONFIRMATION_OK"
20080,10410789095,10410789156,1,"IOTHUB_CLIENT_CONFIRMATION_OK"
20081,10410789295,10410789338,1,"IOTHUB_CLIENT_CONFIRMATION_OK"
20082,10410789495,10410789552,1,"IOTHUB_CLIENT_CONFIRMATION_OK"
20083,10410789695,10410789757,1,"IOTHUB_CLIENT_CONFIRMATION_OK"
20084,10410789895,10410789945,1,"IOTHUB_CLIENT_CONFIRMATION_OK"
20085,10410790096,10410790298,1,"IOTHUB_CLIENT_CONFIRMATION_OK"
20086,10410790296,10410790369,1,"IOTHUB_CLIENT_CONFIRMATION_OK"
20087,10410790496,10410790719,1,"IOTHUB_CLIENT_CONFIRMATION_OK"
20088,10410790696,10410790779,1,"IOTHUB_CLIENT_CONFIRMATION_OK"
20089,10410790896,10410790963,1,"IOTHUB_CLIENT_CONFIRMATION_OK"
20090,10410791096,10410791148,1,"IOTHUB_CLIENT_CONFIRMATION_OK"
20091,10410791297,10410791340,1,"IOTHUB_CLIENT_CONFIRMATION_OK"
20092,10410791497,10410791543,1,"IOTHUB_CLIENT_CONFIRMATION_OK"
20093,10410791697,10410791737,1,"IOTHUB_CLIENT_CONFIRMATION_OK"
20094,10410791897,10410791939,1,"IOTHUB_CLIENT_CONFIRMATION_OK"
20095,10410792097,10410792151,1,"IOTHUB_CLIENT_CONFIRMATION_OK"
20096,10410792297,10410792355,1,"IOTHUB_CLIENT_CONFIRMATION_OK"
20097,10410792498,10410792566,1,"IOTHUB_CLIENT_CONFIRMATION_OK"
20098,10410792698,10410792780,1,"IOTHUB_CLIENT_CONFIRMATION_OK"
20099,10410792898,10410792987,1,"IOTHUB_CLIENT_CONFIRMATION_OK"
20100,10410793098,10410793154,1,"IOTHUB_CLIENT_CONFIRMATION_OK"
20101,10410793298,10410793345,1,"IOTHUB_CLIENT_CONFIRMATION_OK"
20102,10410793498,10410793563,1,"IOTHUB_CLIENT_CONFIRMATION_OK"
20103,10410793698,10410793758,1,"IOTHUB_CLIENT_CONFIRMATION_OK"
20104,10410793899,10410793948,1,"IOTHUB_CLIENT_CONFIRMATION_OK"
20105,10410794099,10410794155,1,"IOTHUB_CLIENT_CONFIRMATION_OK"
20106,10410794299,10410794350,1,"IOTHUB_CLIENT_CONFIRMATION_OK"
20107,10410794499,10410794549,1,"IOTHUB_CLIENT_CONFIRMATION_OK"
20108,10410794699,10410794742,1,"IOTHUB_CLIENT_CONFIRMATION_OK"
20109,10410794899,10410794952,1,"IOTHUB_CLIENT_CONFIRMATION_OK"
20110,10410795099,10410795149,1,"IOTHUB_CLIENT_CONFIRMATION_OK"
20111,10410795300,10410795352,1,"IOTHUB_CLIENT_CONFIRMATION_OK"
20112,10410795500,10410795569,1,"IOTHUB_CLIENT_CONFIRMATION_OK"
20113,10410795700,10410795744,1,"IOTHUB_CLIENT_CONFIRMATION_OK"
20114,10410795900,10410795953,1,"IOTHUB_CLIENT_CONFIRMATION_OK"
20115,10410796100,10410796163,1,"IOTHUB_CLIENT_CONFIRMATION_OK"
20116,10410796300,10410796348,1,"IOTHUB_CLIENT_CONFIRMATION_OK"
20117,10410796501,10410796564,1,"IOTHUB_CLIENT_CONFIRMATION_OK"
20118,10410796701,10410796748,1,"IOTHUB_CLIENT_CONFIRMATION_OK"
20119,10410796901,10410796948,1,"IOTHUB_CLIENT_CONFIRMATION_OK"
20120,10410797101,10410797145,1,"IOTHUB_CLIENT_CONFIRMATION_OK"
20121,10410797301,10410797342,1,"IOTHUB_CLIENT_CONFIRMATION_OK"
20122,10410797501,10410797576,1,"IOTHUB_CLIENT_CONFIRMATION_OK"
20123,10410797702,10410797765,1,"IOTHUB_CLIENT_CONFIRMATION_OK"
20124,10410797902,10410797941,1,"IOTHUB_CLIENT_CONFIRMATION_OK"
20125,10410798102,10410798150,1,"IOTHUB_CLIENT_CONFIRMATION_OK"
20126,10410798302,10410798381,1,"IOTHUB_CLIENT_CONFIRMATION_OK"
20127,10410798502,10410798570,1,"IOTHUB_CLIENT_CONFIRMATION_OK"
20128,10410798702,10410798759,1,"IOTHUB_CLIENT_CONFIRMATION_OK"
20129,10410798902,10410798954,1,"IOTHUB_CLIENT_CONFIRMATION_OK"
20130,10410799103,10410799145,1,"IOTHUB_CLIENT_CONFIRMATION_OK"
20131,10410799303,10410799337,1,"IOTHUB_CLIENT_CONFIRMATION_OK"
20132,10410799503,10410799616,1,"IOTHUB_CLIENT_CONFIRMATION_OK"
20133,10410799703,10410799783,1,"IOTHUB_CLIENT_CONFIRMATION_OK"
20134,10410799903,10410799956,1,"IOTHUB_CLIENT_CONFIRMATION_OK"
20135,10410800103,10410800152,1,"IOTHUB_CLIENT_CONFIRMATION_OK"
20136,10410800303,10410800397,1,"IOTHUB_CLIENT_CONFIRMATION_OK"
20137,10410800504,10410800574,1,"IOTHUB_CLIENT_CONFIRMATION_OK"
20138,10410800704,10410800787,1,"IOTHUB_CLIENT_CONFIRMATION_OK"
20139,10410800904,10410801006,1,"IOTHUB_CLIENT_CONFIRMATION_OK"
20140,10410801104,10410801164,1,"IOTHUB_CLIENT_CONFIRMATION_OK"
20141,10410801304,10410801376,1,"IOTHUB_CLIENT_CONFIRMATION_OK"
20142,10410801504,10410801570,1,"IOTHUB_CLIENT_CONFIRMATION_OK"
20143,10410801705,10410801786,1,"IOTHUB_CLIENT_CONFIRMATION_OK"
20144,10410801905,10410802026,1,"IOTHUB_CLIENT_CONFIRMATION_OK"
20145,10410802105,10410802187,1,"IOTHUB_CLIENT_CONFIRMATION_OK"
20146,10410802305,10410802344,1,"IOTHUB_CLIENT_CONFIRMATION_OK"
20147,10410802505,10410802556,1,"IOTHUB_CLIENT_CONFIRMATION_OK"
20148,10410802705,10410802757,1,"IOTHUB_CLIENT_CONFIRMATION_OK"
20149,10410802906,10410803017,1,"IOTHUB_CLIENT_CONFIRMATION_OK"
20150,10410803106,10410803164,1,"IOTHUB_CLIENT_CONFIRMATION_OK"
20151,10410803306,10410803360,1,"IOTHUB_CLIENT_CONFIRMATION_OK"
20152,10410803506,10410803578,1,"IOTHUB_CLIENT_CONFIRMATION_OK"
20153,10410803706,10410803815,1,"IOTHUB_CLIENT_CONFIRMATION_OK"
20154,10410803906,10410803966,1,"IOTHUB_CLIENT_CONFIRMATION_OK"
20155,10410804107,10410804148,1,"IOTHUB_CLIENT_CONFIRMATION_OK"
20156,10410804307,10410804343,1,"IOTHUB_CLIENT_CONFIRMATION_OK"
20157,10410804507,10410804549,1,"IOTHUB_CLIENT_CONFIRMATION_OK"
20158,10410804707,10410804792,1,"IOTHUB_CLIENT_CONFIRMATION_OK"
20159,10410804907,10410804971,1,"IOTHUB_CLIENT_CONFIRMATION_OK"
20160,10410805107,10410805176,1,"IOTHUB_CLIENT_CONFIRMATION_OK"
20161,10410805307,10410805359,1,"IOTHUB_CLIENT_CONFIRMATION_OK"
20162,10410805508,10410805557,1,"IOTHUB_CLIENT_CONFIRMATION_OK"
20163,10410805708,10410805764,1,"IOTHUB_CLIENT_CONFIRMATION_OK"
20164,10410805908,10410805948,1,"IOTHUB_CLIENT_CONFIRMATION_OK"
20165,10410806108,10410806264,1,"IOTHUB_CLIENT_CONFIRMATION_OK"
20166,10410806308,10410806375,1,"IOTHUB_CLIENT_CONFIRMATION_OK"
20167,10410806508,10410806561,1,"IOTHUB_CLIENT_CONFIRMATION_OK"
20168,10410806709,10410806747,1,"IOTHUB_CLIENT_CONFIRMATION_OK"
20169,10410806909,10410806959,1,"IOTHUB_CLIENT_CONFIRMATION_OK"
20170,10410807109,10410807151,1,"IOTHUB_CLIENT_CONFIRMATION_OK"
20171,10410807309,10410807348,1,"IOTHUB_CLIENT_CONFIRMATION_OK"
20172,10410807509,10410807565,1,"IOTHUB_CLIENT_CONFIRMATION_OK"
20173,10410807709,10410807763,1,"IOTHUB_CLIENT_CONFIRMATION_OK"
20174,10410807910,10410807973,1,"IOTHUB_CLIENT_CONFIRMATION_OK"
20175,10410808110,10410808163,1,"IOTHUB_CLIENT_CONFIRMATION_OK"
20176,10410808310,10410808352,1,"IOTHUB_CLIENT_CONFIRMATION_OK"
20177,10410808510,10410808649,1,"IOTHUB_CLIENT_CONFIRMATION_OK"
20178,10410808710,10410808795,1,"IOTHUB_CLIENT_CONFIRMATION_OK"
20179,10410808910,10410808977,1,"IOTHUB_CLIENT_CONFIRMATION_OK"
20180,10410809110,10410809169,1,"IOTHUB_CLIENT_CONFIRMATION_OK"
20181,10410809311,10410809354,1,"IOTHUB_CLIENT_CONFIRMATION_OK"
20182,10410809511,10410809544,1,"IOTHUB_CLIENT_CONFIRMATION_OK"
20183,10410809711,10410809766,1,"IOTHUB_CLIENT_CONFIRMATION_OK"
20184,10410809911,10410809951,1,"IOTHUB_CLIENT_CONFIRMATION_OK"
20185,10410810111,10410810173,1,"IOTHUB_CLIENT_CONFIRMATION_OK"
20186,10410810311,10410810358,1,"IOTHUB_CLIENT_CONFIRMATION_OK"
20187,10410810512,10410810551,1,"IOTHUB_CLIENT_CONFIRMATION_OK"
20188,10410810712,10410810771,1,"IOTHUB_CLIENT_CONFIRMATION_OK"
20189,10410810912,10410811070,1,"IOTHUB_CLIENT_CONFIRMATION_OK"
20190,10410811112,10410811157,1,"IOTHUB_CLIENT_CONFIRMATION_OK"
20191,10410811312,10410811379,1,"IOTHUB_CLIENT_CONFIRMATION_OK"
20192,10410811512,10410811558,1,"IOTHUB_CLIENT_CONFIRMATION_OK"
20193,10410811713,10410811752,1,"IOTHUB_CLIENT_CONFIRMATION_OK"
20194,10410811913,10410811967,1,"IOTHUB_CLIENT_CONFIRMATION_OK"
20195,10410812113,10410812160,1,"IOTHUB_CLIENT_CONFIRMATION_OK"
20196,10410812313,10410812361,1,"IOTHUB_CLIENT_CONFIRMATION_OK"
20197,10410812513,10410812584,1,"IOTHUB_CLIENT_CONFIRMATION_OK"
20198,10410812713,10410812750,1,"IOTHUB_CLIENT_CONFIRMATION_OK"
20199,10410812914,10410812975,1,"IOTHUB_CLIENT_CONFIRMATION_OK"
20200,10410813114,10410813163,1,"IOTHUB_CLIENT_CONFIRMATION_OK"
20201,10410813314,10410813386,1,"IOTHUB_CLIENT_CONFIRMATION_OK"
20202,10410813514,10410813579,1,"IOTHUB_CLIENT_CONFIRMATION_OK"
20203,10410813714,10410813762,1,"IOTHUB_CLIENT_CONFIRMATION_OK"
20204,10410813914,10410813987,1,"IOTHUB_CLIENT_CONFIRMATION_OK"
20205,10410814115,10410814251,1,"IOTHUB_CLIENT_CONFIRMATION_OK"
20206,10410814315,10410814351,1,"IOTHUB_CLIENT_CONFIRMATION_OK"
20207,10410814515,10410814562,1,"IOTHUB_CLIENT_CONFIRMATION_OK"
20208,10410814715,10410814771,1,"IOTHUB_CLIENT_CONFIRMATION_OK"
20209,10410814915,10410814965,1,"IOTHUB_CLIENT_CONFIRMATION_OK"
20210,10410815115,10410815182,1,"IOTHUB_CLIENT_CONFIRMATION_OK"
20211,10410815315,10410815357,1,"IOTHUB_CLIENT_CONFIRMATION_OK"
20212,10410815516,10410815585,1,"IOTHUB_CLIENT_CONFIRMATION_OK"
20213,10410815716,10410815761,1,"IOTHUB_CLIENT_CONFIRMATION_OK"
20214,10410815916,10410815975,1,"IOTHUB_CLIENT_CONFIRMATION_OK"
20215,10410816116,10410816191,1,"IOTHUB_CLIENT_CONFIRMATION_OK"
20216,10410816316,10410816371,1,"IOTHUB_CLIENT_CONFIRMATION_OK"
20217,10410816516,10410816565,1,"IOTHUB_CLIENT_CONFIRMATION_OK"
20218,10410816717,10410816814,1,"IOTHUB_CLIENT_CONFIRMATION_OK"
20219,10410816917,10410816993,1,"IOTHUB_CLIENT_CONFIRMATION_OK"
20220,10410817117,10410817165,1,"IOTHUB_CLIENT_CONFIRMATION_OK"
20221,10410817317,10410817375,1,"IOTHUB_CLIENT_CONFIRMATION_OK"
20222,10410817517,10410817563,1,"IOTHUB_CLIENT_CONFIRMATION_OK"
20223,10410817717,10410817776,1,"IOTHUB_CLIENT_CONFIRMATION_OK"
20224,10410817918,10410817963,1,"IOTHUB_CLIENT_CONFIRMATION_OK"
20225,10410818118,10410818163,1,"IOTHUB_CLIENT_CONFIRMATION_OK"
20226,10410818318,10410818364,1,"IOTHUB_CLIENT_CONFIRMATION_OK"
20227,10410818518,10410818576,1,"IOTHUB_CLIENT_CONFIRMATION_OK"
20228,10410818718,10410818805,1,"IOTHUB_CLIENT_CONFIRMATION_OK"
20229,10410818918,10410818973,1,"IOTHUB_CLIENT_CONFIRMATION_OK"
20230,10410819118,10410819181,1,"IOTHUB_CLIENT_CONFIRMATION_OK"
20231,10410819319,10410819394,1,"IOTHUB_CLIENT_CONFIRMATION_OK"
20232,10410819519,10410819582,1,"IOTHUB_CLIENT_CONFIRMATION_OK"
20233,10410819719,10410819783,1,"IOTHUB_CLIENT_CONFIRMATION_OK"
20234,10410819919,10410820011,1,"IOTHUB_CLIENT_CONFIRMATION_OK"
20235,10410820119,10410820164,1,"IOTHUB_CLIENT_CONFIRMATION_OK"
20236,10410820319,10410820382,1,"IOTHUB_CLIENT_CONFIRMATION_OK"
20237,10410820520,10410820563,1,"IOTHUB_CLIENT_CONFIRMATION_OK"
20238,10410820720,10410820764,1,"IOTHUB_CLIENT_CONFIRMATION_OK"
20239,10410820920,10410821025,1,"IOTHUB_CLIENT_CONFIRMATION_OK"
20240,10410821120,10410821172,1,"IOTHUB_CLIENT_CONFIRMATION_OK"
20241,10410821320,10410821374,1,"IOTHUB_CLIENT_CONFIRMATION_OK"
20242,10410821520,10410821587,1,"IOTHUB_CLIENT_CONFIRMATION_OK"
20243,10410821720,10410821853,1,"IOTHUB_CLIENT_CONFIRMATION_OK"
20244,10410821921,10410821981,1,"IOTHUB_CLIENT_CONFIRMATION_OK"
20245,10410822121,10410822167,1,"IOTHUB_CLIENT_CONFIRMATION_OK"
20246,10410822321,10410822371,1,"IOTHUB_CLIENT_CONFIRMATION_OK"
20247,10410822521,10410822565,1,"IOTHUB_CLIENT_CONFIRMATION_OK"
20248,10410822721,10410822781,1,"IOTHUB_CLIENT_CONFIRMATION_OK"
20249,10410822921,10410822965,1,"IOTHUB_CLIENT_CONFIRMATION_OK"
20250,10410823122,10410823164,1,"IOTHUB_CLIENT_CONFIRMATION_OK"
20251,10410823322,10410823365,1,"IOTHUB_CLIENT_CONFIRMATION_OK"
20252,10410823522,10410823597,1,"IOTHUB_CLIENT_CONFIRMATION_OK"
20253,10410823722,10410823764,1,"IOTHUB_CLIENT_CONFIRMATION_OK"
20254,10410823922,10410823991,1,"IOTHUB_CLIENT_CONFIRMATION_OK"
20255,10410824122,10410824194,1,"IOTHUB_CLIENT_CONFIRMATION_OK"
20256,10410824323,10410824370,1,"IOTHUB_CLIENT_CONFIRMATION_OK"
20257,10410824523,10410824603,1,"IOTHUB_CLIENT_CONFIRMATION_OK"
20258,10410824723,10410824808,1,"IOTHUB_CLIENT_CONFIRMATION_OK"
20259,10410824923,10410825026,1,"IOTHUB_CLIENT_CONFIRMATION_OK"
20260,10410825123,10410825159,1,"IOTHUB_CLIENT_CONFIRMATION_OK"
20261,10410825323,10410825381,1,"IOTHUB_CLIENT_CONFIRMATION_OK"
20262,10410825524,10410825592,1,"IOTHUB_CLIENT_CONFIRMATION_OK"
20263,10410825724,10410825767,1,"IOTHUB_CLIENT_CONFIRMATION_OK"
20264,10410825924,10410825975,1,"IOTHUB_CLIENT_CONFIRMATION_OK"
20265,10410826124,10410826201,1,"IOTHUB_CLIENT_CONFIRMATION_OK"
20266,10410826324,10410826370,1,"IOTHUB_CLIENT_CONFIRMATION_OK"
20267,10410826524,10410826566,1,"IOTHUB_CLIENT_CONFIRMATION_OK"
20268,10410826724,10410826766,1,"IOTHUB_CLIENT_CONFIRMATION_OK"
20269,10410826925,10410826984,1,"IOTHUB_CLIENT_CONFIRMATION_OK"
20270,10410827125,10410827177,1,"IOTHUB_CLIENT_CONFIRMATION_OK"
20271,10410827325,10410827386,1,"IOTHUB_CLIENT_CONFIRMATION_OK"
20272,10410827525,10410827557,1,"IOTHUB_CLIENT_CONFIRMATION_OK"
20273,10410827725,10410827774,1,"IOTHUB_CLIENT_CONFIRMATION_OK"
20274,10410827925,10410828080,1,"IOTHUB_CLIENT_CONFIRMATION_OK"
20275,10410828125,10410828173,1,"IOTHUB_CLIENT_CONFIRMATION_OK"
20276,10410828326,10410828379,1,"IOTHUB_CLIENT_CONFIRMATION_OK"
20277,10410828526,10410828608,1,"IOTHUB_CLIENT_CONFIRMATION_OK"
20278,10410828726,10410828773,1,"IOTHUB_CLIENT_CONFIRMATION_OK"
20279,10410828926,10410828974,1,"IOTHUB_CLIENT_CONFIRMATION_OK"
20280,10410829126,10410829172,1,"IOTHUB_CLIENT_CONFIRMATION_OK"
20281,10410829326,10410829368,1,"IOTHUB_CLIENT_CONFIRMATION_OK"
20282,10410829527,10410829645,1,"IOTHUB_CLIENT_CONFIRMATION_OK"
20283,10410829727,10410829777,1,"IOTHUB_CLIENT_CONFIRMATION_OK"
20284,10410829927,10410829964,1,"IOTHUB_CLIENT_CONFIRMATION_OK"
20285,10410830127,10410830214,1,"IOTHUB_CLIENT_CONFIRMATION_OK"
20286,10410830327,10410830368,1,"IOTHUB_CLIENT_CONFIRMATION_OK"
20287,10410830527,10410830580,1,"IOTHUB_CLIENT_CONFIRMATION_OK"
20288,10410830727,10410830789,1,"IOTHUB_CLIENT_CONFIRMATION_OK"
20289,10410830928,10410831021,1,"IOTHUB_CLIENT_CONFIRMATION_OK"
20290,10410831128,10410831174,1,"IOTHUB_CLIENT_CONFIRMATION_OK"
20291,10410831328,10410831449,1,"IOTHUB_CLIENT_CONFIRMATION_OK"
20292,10410831528,10410831578,1,"IOTHUB_CLIENT_CONFIRMATION_OK"
20293,10410831728,10410831779,1,"IOTHUB_CLIENT_CONFIRMATION_OK"
20294,10410831928,10410831974,1,"IOTHUB_CLIENT_CONFIRMATION_OK"
20295,10410832129,10410832183,1,"IOTHUB_CLIENT_CONFIRMATION_OK"
20296,10410832329,10410832371,1,"IOTHUB_CLIENT_CONFIRMATION_OK"
20297,10410832529,10410832618,1,"IOTHUB_CLIENT_CONFIRMATION_OK"
20298,10410832729,10410832783,1,"IOTHUB_CLIENT_CONFIRMATION_OK"
20299,10410832929,10410832982,1,"IOTHUB_CLIENT_CONFIRMATION_OK"
20300,10410833129,10410833210,1,"IOTHUB_CLIENT_CONFIRMATION_OK"
20301,10410833329,10410833369,1,"IOTHUB_CLIENT_CONFIRMATION_OK"
20302,10410833530,10410833584,1,"IOTHUB_CLIENT_CONFIRMATION_OK"
20303,10410833730,10410833780,1,"IOTHUB_CLIENT_CONFIRMATION_OK"
20304,10410833930,10410833977,1,"IOTHUB_CLIENT_CONFIRMATION_OK"
20305,10410834130,10410834180,1,"IOTHUB_CLIENT_CONFIRMATION_OK"
20306,10410834330,10410834387,1,"IOTHUB_CLIENT_CONFIRMATION_OK"
20307,10410834530,10410834589,1,"IOTHUB_CLIENT_CONFIRMATION_OK"
20308,10410834731,10410834801,1,"IOTHUB_CLIENT_CONFIRMATION_OK"
20309,10410834931,10410835046,1,"IOTHUB_CLIENT_CONFIRMATION_OK"
20310,10410835131,10410835217,1,"IOTHUB_CLIENT_CONFIRMATION_OK"
20311,10410835331,10410835372,1,"IOTHUB_CLIENT_CONFIRMATION_OK"
20312,10410835531,10410835578,1,"IOTHUB_CLIENT_CONFIRMATION_OK"
20313,10410835731,10410835797,1,"IOTHUB_CLIENT_CONFIRMATION_OK"
20314,10410835931,10410835971,1,"IOTHUB_CLIENT_CONFIRMATION_OK"
20315,10410836132,10410836185,1,"IOTHUB_CLIENT_CONFIRMATION_OK"
20316,10410836332,10410836373,1,"IOTHUB_CLIENT_CONFIRMATION_OK"
20317,10410836532,10410836593,1,"IOTHUB_CLIENT_CONFIRMATION_OK"
20318,10410836732,10410836779,1,"IOTHUB_CLIENT_CONFIRMATION_OK"
20319,10410836932,10410836983,1,"IOTHUB_CLIENT_CONFIRMATION_OK"
20320,10410837132,10410837172,1,"IOTHUB_CLIENT_CONFIRMATION_OK"
20321,10410837333,10410837380,1,"IOTHUB_CLIENT_CONFIRMATION_OK"
20322,10410837533,10410837597,1,"IOTHUB_CLIENT_CONFIRMATION_OK"
20323,10410837733,10410837782,1,"IOTHUB_CLIENT_CONFIRMATION_OK"
20324,10410837933,10410837974,1,"IOTHUB_CLIENT_CONFIRMATION_OK"
20325,10410838133,10410838183,1,"IOTHUB_CLIENT_CONFIRMATION_OK"
20326,10410838333,10410838368,1,"IOTHUB_CLIENT_CONFIRMATION_OK"
20327,10410838533,10410838613,1,"IOTHUB_CLIENT_CONFIRMATION_OK"
20328,10410838734,10410838806,1,"IOTHUB_CLIENT_CONFIRMATION_OK"
20329,10410838934,10410838970,1,"IOTHUB_CLIENT_CONFIRMATION_OK"
20330,10410839134,10410839190,1,"IOTHUB_CLIENT_CONFIRMATION_OK"
20331,10410839334,10410839374,1,"IOTHUB_CLIENT_CONFIRMATION_OK"
20332,10410839534,10410839581,1,"IOTHUB_CLIENT_CONFIRMATION_OK"
20333,10410839734,10410839823,1,"IOTHUB_CLIENT_CONFIRMATION_OK"
20334,10410839935,10410839986,1,"IOTHUB_CLIENT_CONFIRMATION_OK"
20335,10410840135,10410840201,1,"IOTHUB_CLIENT_CONFIRMATION_OK"
20336,10410840335,10410840389,1,"IOTHUB_CLIENT_CONFIRMATION_OK"
20337,10410840535,10410840595,1,"IOTHUB_CLIENT_CONFIRMATION_OK"
20338,10410840735,10410840795,1,"IOTHUB_CLIENT_CONFIRMATION_OK"
20339,10410840935,10410840982,1,"IOTHUB_CLIENT_CONFIRMATION_OK"
20340,10410841135,10410841186,1,"IOTHUB_CLIENT_CONFIRMATION_OK"
20341,10410841336,10410841378,1,"IOTHUB_CLIENT_CONFIRMATION_OK"
20342,10410841536,10410841583,1,"IOTHUB_CLIENT_CONFIRMATION_OK"
20343,10410841736,10410841790,1,"IOTHUB_CLIENT_CONFIRMATION_OK"
20344,10410841936,10410842009,1,"IOTHUB_CLIENT_CONFIRMATION_OK"
20345,10410842136,10410842178,1,"IOTHUB_CLIENT_CONFIRMATION_OK"
20346,10410842336,10410842399,1,"IOTHUB_CLIENT_CONFIRMATION_OK"
20347,10410842537,10410842622,1,"IOTHUB_CLIENT_CONFIRMATION_OK"
20348,10410842737,10410842786,1,"IOTHUB_CLIENT_CONFIRMATION_OK"
20349,10410842937,10410843009,1,"IOTHUB_CLIENT_CONFIRMATION_OK"
20350,10410843137,10410843256,1,"IOTHUB_CLIENT_CONFIRMATION_OK"
20351,10410843337,10410843391,1,"IOTHUB_CLIENT_CONFIRMATION_OK"
20352,10410843537,10410843576,1,"IOTHUB_CLIENT_CONFIRMATION_OK"
20353,10410843737,10410843847,1,"IOTHUB_CLIENT_CONFIRMATION_OK"
20354,10410843938,10410844010,1,"IOTHUB_CLIENT_CONFIRMATION_OK"
20355,10410844138,10410844186,1,"IOTHUB_CLIENT_CONFIRMATION_OK"
20356,10410844338,10410844498,1,"IOTHUB_CLIENT_CONFIRMATION_OK"
20357,10410844538,10410844580,1,"IOTHUB_CLIENT_CONFIRMATION_OK"
20358,10410844738,10410844789,1,"IOTHUB_CLIENT_CONFIRMATION_OK"
20359,10410844938,10410845110,1,"IOTHUB_CLIENT_CONFIRMATION_OK"
20360,10410845139,10410845174,1,"IOTHUB_CLIENT_CONFIRMATION_OK"
20361,10410845339,10410845381,1,"IOTHUB_CLIENT_CONFIRMATION_OK"
20362,10410845539,10410845707,1,"IOTHUB_CLIENT_CONFIRMATION_OK"
20363,10410845739,10410845806,1,"IOTHUB_CLIENT_CONFIRMATION_OK"
20364,10410845939,10410845983,1,"IOTHUB_CLIENT_CONFIRMATION_OK"
20365,10410846139,10410846374,1,"IOTHUB_CLIENT_CONFIRMATION_OK"
20366,10410846339,10410846447,1,"IOTHUB_CLIENT_CONFIRMATION_OK"
20367,10410846540,10410846581,1,"IOTHUB_CLIENT_CONFIRMATION_OK"
20368,10410846740,10410846780,1,"IOTHUB_CLIENT_CONFIRMATION_OK"
20369,10410846940,10410847011,1,"IOTHUB_CLIENT_CONFIRMATION_OK"
20370,10410847140,10410847189,1,"IOTHUB_CLIENT_CONFIRMATION_OK"
20371,10410847340,10410847386,1,"IOTHUB_CLIENT_CONFIRMATION_OK"
20372,10410847540,10410847603,1,"IOTHUB_CLIENT_CONFIRMATION_OK"
20373,10410847741,10410847791,1,"IOTHUB_CLIENT_CONFIRMATION_OK"
20374,10410847941,10410848070,1,"IOTHUB_CLIENT_CONFIRMATION_OK"
20375,10410848141,10410848178,1,"IOTHUB_CLIENT_CONFIRMATION_OK"
20376,10410848341,10410848454,1,"IOTHUB_CLIENT_CONFIRMATION_OK"
20377,10410848541,10410848682,1,"IOTHUB_CLIENT_CONFIRMATION_OK"
20378,10410848741,10410848784,1,"IOTHUB_CLIENT_CONFIRMATION_OK"
20379,10410848941,10410848995,1,"IOTHUB_CLIENT_CONFIRMATION_OK"
20380,10410849142,10410849193,1,"IOTHUB_CLIENT_CONFIRMATION_OK"
20381,10410849342,10410849390,1,"IOTHUB_CLIENT_CONFIRMATION_OK"
20382,10410849542,10410849586,1,"IOTHUB_CLIENT_CONFIRMATION_OK"
20383,10410849742,10410849898,1,"IOTHUB_CLIENT_CONFIRMATION_OK"
20384,10410849942,10410849991,1,"IOTHUB_CLIENT_CONFIRMATION_OK"
20385,10410850142,10410850187,1,"IOTHUB_CLIENT_CONFIRMATION_OK"
20386,10410850343,10410850490,1,"IOTHUB_CLIENT_CONFIRMATION_OK"
20387,10410850543,10410850602,1,"IOTHUB_CLIENT_CONFIRMATION_OK"
20388,10410850743,10410850801,1,"IOTHUB_CLIENT_CONFIRMATION_OK"
20389,10410850943,10410851155,1,"IOTHUB_CLIENT_CONFIRMATION_OK"
20390,10410851143,10410851192,1,"IOTHUB_CLIENT_CONFIRMATION_OK"
20391,10410851343,10410851441,1,"IOTHUB_CLIENT_CONFIRMATION_OK"
20392,10410851544,10410851728,1,"IOTHUB_CLIENT_CONFIRMATION_OK"
20393,10410851744,10410851807,1,"IOTHUB_CLIENT_CONFIRMATION_OK"
20394,10410851944,10410852038,1,"IOTHUB_CLIENT_CONFIRMATION_OK"
20395,10410852144,10410852336,1,"IOTHUB_CLIENT_CONFIRMATION_OK"
20396,10410852344,10410852451,1,"IOTHUB_CLIENT_CONFIRMATION_OK"
20397,10410852544,10410852594,1,"IOTHUB_CLIENT_CONFIRMATION_OK"
20398,10410852744,10410852946,1,"IOTHUB_CLIENT_CONFIRMATION_OK"
20399,10410852945,10410852985,1,"IOTHUB_CLIENT_CONFIRMATION_OK"
20400,10410853145,10410853250,1,"IOTHUB_CLIENT_CONFIRMATION_OK"
20401,10410853345,10410853569,1,"IOTHUB_CLIENT_CONFIRMATION_OK"
20402,10410853545,10410853613,1,"IOTHUB_CLIENT_CONFIRMATION_OK"
20403,10410853745,10410853790,1,"IOTHUB_CLIENT_CONFIRMATION_OK"
20404,10410853945,10410854218,1,"IOTHUB_CLIENT_CONFIRMATION_OK"
20405,10410854146,10410854264,1,"IOTHUB_CLIENT_CONFIRMATION_OK"
20406,10410854346,10410854390,1,"IOTHUB_CLIENT_CONFIRMATION_OK"
20407,10410854546,10410854610,1,"IOTHUB_CLIENT_CONFIRMATION_OK"
20408,10410854746,10410854787,1,"IOTHUB_CLIENT_CONFIRMATION_OK"
20409,10410854946,10410855003,1,"IOTHUB_CLIENT_CONFIRMATION_OK"
20410,10410855146,10410855195,1,"IOTHUB_CLIENT_CONFIRMATION_OK"
20411,10410855347,10410855401,1,"IOTHUB_CLIENT_CONFIRMATION_OK"
20412,10410855547,10410855596,1,"IOTHUB_CLIENT_CONFIRMATION_OK"
20413,10410855747,10410855783,1,"IOTHUB_CLIENT_CONFIRMATION_OK"
20414,10410855947,10410855998,1,"IOTHUB_CLIENT_CONFIRMATION_OK"
20415,10410856147,10410856188,1,"IOTHUB_CLIENT_CONFIRMATION_OK"
20416,10410856347,10410856491,1,"IOTHUB_CLIENT_CONFIRMATION_OK"
20417,10410856547,10410856593,1,"IOTHUB_CLIENT_CONFIRMATION_OK"
20418,10410856748,10410856817,1,"IOTHUB_CLIENT_CONFIRMATION_OK"
20419,10410856948,10410857179,1,"IOTHUB_CLIENT_CONFIRMATION_OK"
20420,10410857148,10410857247,1,"IOTHUB_CLIENT_CONFIRMATION_OK"
20421,10410857348,10410857497,1,"IOTHUB_CLIENT_CONFIRMATION_OK"
20422,10410857548,10410857698,1,"IOTHUB_CLIENT_CONFIRMATION_OK"
20423,10410857748,10410857791,1,"IOTHUB_CLIENT_CONFIRMATION_OK"
20424,10410857949,10410857996,1,"IOTHUB_CLIENT_CONFIRMATION_OK"
20425,10410858149,10410858288,1,"IOTHUB_CLIENT_CONFIRMATION_OK"
20426,10410858349,10410858395,1,"IOTHUB_CLIENT_CONFIRMATION_OK"
20427,10410858549,10410858595,1,"IOTHUB_CLIENT_CONFIRMATION_OK"
20428,10410858749,10410858936,1,"IOTHUB_CLIENT_CONFIRMATION_OK"
20429,10410858949,10410859015,1,"IOTHUB_CLIENT_CONFIRMATION_OK"
20430,10410859150,10410859198,1,"IOTHUB_CLIENT_CONFIRMATION_OK"
20431,10410859350,10410859544,1,"IOTHUB_CLIENT_CONFIRMATION_OK"
20432,10410859550,10410859602,1,"IOTHUB_CLIENT_CONFIRMATION_OK"
20433,10410859750,10410859807,1,"IOTHUB_CLIENT_CONFIRMATION_OK"
20434,10410859950,10410860117,1,"IOTHUB_CLIENT_CONFIRMATION_OK"
20435,10410860150,10410860208,1,"IOTHUB_CLIENT_CONFIRMATION_OK"
20436,10410860350,10410860444,1,"IOTHUB_CLIENT_CONFIRMATION_OK"
20437,10410860551,10410860723,1,"IOTHUB_CLIENT_CONFIRMATION_OK"
20438,10410860751,10410860824,1,"IOTHUB_CLIENT_CONFIRMATION_OK"
20439,10410860951,10410861006,1,"IOTHUB_CLIENT_CONFIRMATION_OK"
20440,10410861151,10410861357,1,"IOTHUB_CLIENT_CONFIRMATION_OK"
20441,10410861351,10410861400,1,"IOTHUB_CLIENT_CONFIRMATION_OK"
20442,10410861551,10410861592,1,"IOTHUB_CLIENT_CONFIRMATION_OK"
20443,10410861752,10410861948,1,"IOTHUB_CLIENT_CONFIRMATION_OK"
20444,10410861952,10410861992,1,"IOTHUB_CLIENT_CONFIRMATION_OK"
20445,10410862152,10410862226,1,"IOTHUB_CLIENT_CONFIRMATION_OK"
20446,10410862352,10410862682,1,"IOTHUB_CLIENT_CONFIRMATION_OK"
20447,10410862552,10410862710,1,"IOTHUB_CLIENT_CONFIRMATION_OK"
20448,10410862752,10410862858,1,"IOTHUB_CLIENT_CONFIRMATION_OK"
20449,10410862952,10410863000,1,"IOTHUB_CLIENT_CONFIRMATION_OK"
20450,10410863153,10410863260,1,"IOTHUB_CLIENT_CONFIRMATION_OK"
20451,10410863353,10410863396,1,"IOTHUB_CLIENT_CONFIRMATION_OK"
20452,10410863553,10410863649,1,"IOTHUB_CLIENT_CONFIRMATION_OK"
20453,10410863753,10410863803,1,"IOTHUB_CLIENT_CONFIRMATION_OK"
20454,10410863953,10410863991,1,"IOTHUB_CLIENT_CONFIRMATION_OK"
20455,10410864153,10410864241,1,"IOTHUB_CLIENT_CONFIRMATION_OK"
20456,10410864354,10410864445,1,"IOTHUB_CLIENT_CONFIRMATION_OK"
20457,10410864554,10410864660,1,"IOTHUB_CLIENT_CONFIRMATION_OK"
20458,10410864754,10410864837,1,"IOTHUB_CLIENT_CONFIRMATION_OK"
20459,10410864954,10410864999,1,"IOTHUB_CLIENT_CONFIRMATION_OK"
20460,10410865154,10410865240,1,"IOTHUB_CLIENT_CONFIRMATION_OK"
20461,10410865354,10410865415,1,"IOTHUB_CLIENT_CONFIRMATION_OK"
20462,10410865554,10410865605,1,"IOTHUB_CLIENT_CONFIRMATION_OK"
20463,10410865755,10410865792,1,"IOTHUB_CLIENT_CONFIRMATION_OK"
20464,10410865955,10410866031,1,"IOTHUB_CLIENT_CONFIRMATION_OK"
20465,10410866155,10410866203,1,"IOTHUB_CLIENT_CONFIRMATION_OK"
20466,10410866355,10410866402,1,"IOTHUB_CLIENT_CONFIRMATION_OK"
20467,10410866555,10410866673,1,"IOTHUB_CLIENT_CONFIRMATION_OK"
20468,10410866755,10410866894,1,"IOTHUB_CLIENT_CONFIRMATION_OK"
20469,10410866956,10410867005,1,"IOTHUB_CLIENT_CONFIRMATION_OK"
20470,10410867156,10410867255,1,"IOTHUB_CLIENT_CONFIRMATION_OK"
20471,10410867356,10410867446,1,"IOTHUB_CLIENT_CONFIRMATION_OK"
20472,10410867556,10410867628,1,"IOTHUB_CLIENT_CONFIRMATION_OK"
20473,10410867756,10410867863,1,"IOTHUB_CLIENT_CONFIRMATION_OK"
20474,10410867956,10410868007,1,"IOTHUB_CLIENT_CONFIRMATION_OK"
20475,10410868157,10410868215,1,"IOTHUB_CLIENT_CONFIRMATION_OK"
20476,10410868357,10410868458,1,"IOTHUB_CLIENT_CONFIRMATION_OK"
20477,10410868557,10410868595,1,"IOTHUB_CLIENT_CONFIRMATION_OK"
20478,10410868757,10410868863,1,"IOTHUB_CLIENT_CONFIRMATION_OK"
20479,10410868957,10410869073,1,"IOTHUB_CLIENT_CONFIRMATION_OK"
20480,10410869157,10410869222,1,"IOTHUB_CLIENT_CONFIRMATION_OK"
20481,10410869357,10410869398,1,"IOTHUB_CLIENT_CONFIRMATION_OK"
20482,10410869558,10410869697,1,"IOTHUB_CLIENT_CONFIRMATION_OK"
20483,10410869758,10410869802,1,"IOTHUB_CLIENT_CONFIRMATION_OK"
20484,10410869958,10410870081,1,"IOTHUB_CLIENT_CONFIRMATION_OK"
20485,10410870158,10410870295,1,"IOTHUB_CLIENT_CONFIRMATION_OK"
20486,10410870358,10410870420,1,"IOTHUB_CLIENT_CONFIRMATION_OK"
20487,10410870558,10410870612,1,"IOTHUB_CLIENT_CONFIRMATION_OK"
20488,10410870759,10410870931,1,"IOTHUB_CLIENT_CONFIRMATION_OK"
20489,10410870959,10410871015,1,"IOTHUB_CLIENT_CONFIRMATION_OK"
20490,10410871159,10410871228,1,"IOTHUB_CLIENT_CONFIRMATION_OK"
20491,10410871359,10410871515,1,"IOTHUB_CLIENT_CONFIRMATION_OK"
20492,10410871559,10410871599,1,"IOTHUB_CLIENT_CONFIRMATION_OK"
20493,10410871759,10410871801,1,"IOTHUB_CLIENT_CONFIRMATION_OK"
20494,10410871960,10410872130,1,"IOTHUB_CLIENT_CONFIRMATION_OK"
20495,10410872160,10410872274,1,"IOTHUB_CLIENT_CONFIRMATION_OK"
20496,10410872360,10410872403,1,"IOTHUB_CLIENT_CONFIRMATION_OK"
20497,10410872560,10410872760,1,"IOTHUB_CLIENT_CONFIRMATION_OK"
20498,10410872760,10410872808,1,"IOTHUB_CLIENT_CONFIRMATION_OK"
20499,10410872960,10410873066,1,"IOTHUB_CLIENT_CONFIRMATION_OK"
20500,10410873160,10410873355,1,"IOTHUB_CLIENT_CONFIRMATION_OK"
20501,10410873361,10410873442,1,"IOTHUB_CLIENT_CONFIRMATION_OK"
20502,10410873561,10410873606,1,"IOTHUB_CLIENT_CONFIRMATION_OK"
20503,10410873761,10410873940,1,"IOTHUB_CLIENT_CONFIRMATION_OK"
20504,10410873961,10410874003,1,"IOTHUB_CLIENT_CONFIRMATION_OK"
20505,10410874161,10410874205,1,"IOTHUB_CLIENT_CONFIRMATION_OK"
20506,10410874361,10410874650,1,"IOTHUB_CLIENT_CONFIRMATION_OK"
20507,10410874562,10410874706,1,"IOTHUB_CLIENT_CONFIRMATION_OK"
20508,10410874762,10410874807,1,"IOTHUB_CLIENT_CONFIRMATION_OK"
20509,10410874962,10410875015,1,"IOTHUB_CLIENT_CONFIRMATION_OK"
20510,10410875162,10410875207,1,"IOTHUB_CLIENT_CONFIRMATION_OK"
20511,10410875362,10410875402,1,"IOTHUB_CLIENT_CONFIRMATION_OK"
20512,10410875562,10410875608,1,"IOTHUB_CLIENT_CONFIRMATION_OK"
20513,10410875762,10410875831,1,"IOTHUB_CLIENT_CONFIRMATION_OK"
20514,10410875963,10410876017,1,"IOTHUB_CLIENT_CONFIRMATION_OK"
20515,10410876163,10410876220,1,"IOTHUB_CLIENT_CONFIRMATION_OK"
20516,10410876363,10410876410,1,"IOTHUB_CLIENT_CONFIRMATION_OK"
20517,10410876563,10410876606,1,"IOTHUB_CLIENT_CONFIRMATION_OK"
20518,10410876763,10410876823,1,"IOTHUB_CLIENT_CONFIRMATION_OK"
20519,10410876963,10410877022,1,"IOTHUB_CLIENT_CONFIRMATION_OK"
20520,10410877164,10410877214,1,"IOTHUB_CLIENT_CONFIRMATION_OK"
20521,10410877364,10410877424,1,"IOTHUB_CLIENT_CONFIRMATION_OK"
20522,10410877564,10410877610,1,"IOTHUB_CLIENT_CONFIRMATION_OK"
20523,10410877764,10410877811,1,"IOTHUB_CLIENT_CONFIRMATION_OK"
20524,10410877964,10410878056,1,"IOTHUB_CLIENT_CONFIRMATION_OK"
20525,10410878164,10410878213,1,"IOTHUB_CLIENT_CONFIRMATION_OK"
20526,10410878364,10410878408,1,"IOTHUB_CLIENT_CONFIRMATION_OK"
20527,10410878565,10410878678,1,"IOTHUB_CLIENT_CONFIRMATION_OK"
20528,10410878765,10410878818,1,"IOTHUB_CLIENT_CONFIRMATION_OK"
20529,10410878965,10410879016,1,"IOTHUB_CLIENT_CONFIRMATION_OK"
20530,10410879165,10410879279,1,"IOTHUB_CLIENT_CONFIRMATION_OK"
20531,10410879365,10410879431,1,"IOTHUB_CLIENT_CONFIRMATION_OK"
20532,10410879565,10410879612,1,"IOTHUB_CLIENT_CONFIRMATION_OK"
20533,10410879766,10410879981,1,"IOTHUB_CLIENT_CONFIRMATION_OK"
20534,10410879966,10410880016,1,"IOTHUB_CLIENT_CONFIRMATION_OK"
20535,10410880166,10410880204,1,"IOTHUB_CLIENT_CONFIRMATION_OK"
20536,10410880366,10410880560,1,"IOTHUB_CLIENT_CONFIRMATION_OK"
20537,10410880566,10410880626,1,"IOTHUB_CLIENT_CONFIRMATION_OK"
20538,10410880766,10410880806,1,"IOTHUB_CLIENT_CONFIRMATION_OK"
20539,10410880966,10410881176,1,"IOTHUB_CLIENT_CONFIRMATION_OK"
20540,10410881167,10410881222,1,"IOTHUB_CLIENT_CONFIRMATION_OK"
20541,10410881367,10410881433,1,"IOTHUB_CLIENT_CONFIRMATION_OK"
20542,10410881567,10410881748,1,"IOTHUB_CLIENT_CONFIRMATION_OK"
20543,10410881767,10410881819,1,"IOTHUB_CLIENT_CONFIRMATION_OK"
20544,10410881967,10410882010,1,"IOTHUB_CLIENT_CONFIRMATION_OK"
20545,10410882167,10410882370,1,"IOTHUB_CLIENT_CONFIRMATION_OK"
20546,10410882368,10410882406,1,"IOTHUB_CLIENT_CONFIRMATION_OK"
20547,10410882568,10410882619,1,"IOTHUB_CLIENT_CONFIRMATION_OK"
20548,10410882768,10410882823,1,"IOTHUB_CLIENT_CONFIRMATION_OK"
20549,10410882968,10410883002,1,"IOTHUB_CLIENT_CONFIRMATION_OK"
20550,10410883168,10410883225,1,"IOTHUB_CLIENT_CONFIRMATION_OK"
20551,10410883368,10410883413,1,"IOTHUB_CLIENT_CONFIRMATION_OK"
20552,10410883569,10410883622,1,"IOTHUB_CLIENT_CONFIRMATION_OK"
20553,10410883769,10410883817,1,"IOTHUB_CLIENT_CONFIRMATION_OK"
20554,10410883969,10410884023,1,"IOTHUB_CLIENT_CONFIRMATION_OK"
20555,10410884169,10410884252,1,"IOTHUB_CLIENT_CONFIRMATION_OK"
20556,10410884369,10410884409,1,"IOTHUB_CLIENT_CONFIRMATION_OK"
20557,10410884569,10410884640,1,"IOTHUB_CLIENT_CONFIRMATION_OK"
20558,10410884769,10410884847,1,"IOTHUB_CLIENT_CONFIRMATION_OK"
20559,10410884970,10410885018,1,"IOTHUB_CLIENT_CONFIRMATION_OK"
20560,10410885170,10410885211,1,"IOTHUB_CLIENT_CONFIRMATION_OK"
20561,10410885370,10410885423,1,"IOTHUB_CLIENT_CONFIRMATION_OK"
20562,10410885570,10410885616,1,"IOTHUB_CLIENT_CONFIRMATION_OK"
20563,10410885770,10410885830,1,"IOTHUB_CLIENT_CONFIRMATION_OK"
20564,10410885970,10410886009,1,"IOTHUB_CLIENT_CONFIRMATION_OK"
20565,10410886171,10410886274,1,"IOTHUB_CLIENT_CONFIRMATION_OK"
20566,10410886371,10410886479,1,"IOTHUB_CLIENT_CONFIRMATION_OK"
20567,10410886571,10410886620,1,"IOTHUB_CLIENT_CONFIRMATION_OK"
20568,10410886771,10410886860,1,"IOTHUB_CLIENT_CONFIRMATION_OK"
20569,10410886971,10410887089,1,"IOTHUB_CLIENT_CONFIRMATION_OK"
20570,10410887171,10410887215,1,"IOTHUB_CLIENT_CONFIRMATION_OK"
20571,10410887372,10410887425,1,"IOTHUB_CLIENT_CONFIRMATION_OK"
20572,10410887572,10410887724,1,"IOTHUB_CLIENT_CONFIRMATION_OK"
20573,10410887772,10410887823,1,"IOTHUB_CLIENT_CONFIRMATION_OK"
20574,10410887972,10410888019,1,"IOTHUB_CLIENT_CONFIRMATION_OK"
20575,10410888172,10410888331,1,"IOTHUB_CLIENT_CONFIRMATION_OK"
20576,10410888372,10410888430,1,"IOTHUB_CLIENT_CONFIRMATION_OK"
20577,10410888572,10410888630,1,"IOTHUB_CLIENT_CONFIRMATION_OK"
20578,10410888773,10410888983,1,"IOTHUB_CLIENT_CONFIRMATION_OK"
20579,10410888973,10410889157,1,"IOTHUB_CLIENT_CONFIRMATION_OK"
20580,10410889173,10410889238,1,"IOTHUB_CLIENT_CONFIRMATION_OK"
20581,10410889373,10410889559,1,"IOTHUB_CLIENT_CONFIRMATION_OK"
20582,10410889573,10410889640,1,"IOTHUB_CLIENT_CONFIRMATION_OK"
20583,10410889773,10410889812,1,"IOTHUB_CLIENT_CONFIRMATION_OK"
20584,10410889974,10410890166,1,"IOTHUB_CLIENT_CONFIRMATION_OK"
20585,10410890174,10410890222,1,"IOTHUB_CLIENT_CONFIRMATION_OK"
20586,10410890374,10410890426,1,"IOTHUB_CLIENT_CONFIRMATION_OK"
20587,10410890574,10410890634,1,"IOTHUB_CLIENT_CONFIRMATION_OK"
20588,10410890774,10410890832,1,"IOTHUB_CLIENT_CONFIRMATION_OK"
20589,10410890974,10410891043,1,"IOTHUB_CLIENT_CONFIRMATION_OK"
20590,10410891174,10410891221,1,"IOTHUB_CLIENT_CONFIRMATION_OK"
20591,10410891375,10410891433,1,"IOTHUB_CLIENT_CONFIRMATION_OK"
20592,10410891575,10410891760,1,"IOTHUB_CLIENT_CONFIRMATION_OK"
20593,10410891775,10410891895,1,"IOTHUB_CLIENT_CONFIRMATION_OK"
20594,10410891975,10410892022,1,"IOTHUB_CLIENT_CONFIRMATION_OK"
20595,10410892175,10410892227,1,"IOTHUB_CLIENT_CONFIRMATION_OK"
20596,10410892375,10410892418,1,"IOTHUB_CLIENT_CONFIRMATION_OK"
20597,10410892576,10410892628,1,"IOTHUB_CLIENT_CONFIRMATION_OK"
20598,10410892776,10410892807,1,"IOTHUB_CLIENT_CONFIRMATION_OK"
20599,10410892976,10410893051,1,"IOTHUB_CLIENT_CONFIRMATION_OK"
20600,10410893176,10410893307,1,"IOTHUB_CLIENT_CONFIRMATION_OK"
20601,10410893376,10410893418,1,"IOTHUB_CLIENT_CONFIRMATION_OK"
20602,10410893576,10410893660,1,"IOTHUB_CLIENT_CONFIRMATION_OK"
20603,10410893777,10410893828,1,"IOTHUB_CLIENT_CONFIRMATION_OK"
20604,10410893977,10410894023,1,"IOTHUB_CLIENT_CONFIRMATION_OK"
20605,10410894177,10410894261,1,"IOTHUB_CLIENT_CONFIRMATION_OK"
20606,10410894377,10410894422,1,"IOTHUB_CLIENT_CONFIRMATION_OK"
20607,10410894577,10410894655,1,"IOTHUB_CLIENT_CONFIRMATION_OK"
20608,10410894777,10410894893,1,"IOTHUB_CLIENT_CONFIRMATION_OK"
20609,10410894977,10410895020,1,"IOTHUB_CLIENT_CONFIRMATION_OK"
20610,10410895178,10410895220,1,"IOTHUB_CLIENT_CONFIRMATION_OK"
20611,10410895378,10410895499,1,"IOTHUB_CLIENT_CONFIRMATION_OK"
20612,10410895578,10410895642,1,"IOTHUB_CLIENT_CONFIRMATION_OK"
20613,10410895778,10410895817,1,"IOTHUB_CLIENT_CONFIRMATION_OK"
20614,10410895978,10410896098,1,"IOTHUB_CLIENT_CONFIRMATION_OK"
20615,10410896178,10410896248,1,"IOTHUB_CLIENT_CONFIRMATION_OK"
20616,10410896379,10410896419,1,"IOTHUB_CLIENT_CONFIRMATION_OK"
20617,10410896579,10410896716,1,"IOTHUB_CLIENT_CONFIRMATION_OK"
20618,10410896779,10410896820,1,"IOTHUB_CLIENT_CONFIRMATION_OK"
20619,10410896979,10410897082,1,"IOTHUB_CLIENT_CONFIRMATION_OK"
20620,10410897179,10410897345,1,"IOTHUB_CLIENT_CONFIRMATION_OK"
20621,10410897379,10410897429,1,"IOTHUB_CLIENT_CONFIRMATION_OK"
20622,10410897579,10410897648,1,"IOTHUB_CLIENT_CONFIRMATION_OK"
20623,10410897780,10410897973,1,"IOTHUB_CLIENT_CONFIRMATION_OK"
20624,10410897980,10410898045,1,"IOTHUB_CLIENT_CONFIRMATION_OK"
20625,10410898180,10410898234,1,"IOTHUB_CLIENT_CONFIRMATION_OK"
20626,10410898380,10410898528,1,"IOTHUB_CLIENT_CONFIRMATION_OK"
20627,10410898580,10410898632,1,"IOTHUB_CLIENT_CONFIRMATION_OK"
20628,10410898780,10410898839,1,"IOTHUB_CLIENT_CONFIRMATION_OK"
20629,10410898981,10410899146,1,"IOTHUB_CLIENT_CONFIRMATION_OK"
20630,10410899181,10410899254,1,"IOTHUB_CLIENT_CONFIRMATION_OK"
20631,10410899381,10410899423,1,"IOTHUB_CLIENT_CONFIRMATION_OK"
20632,10410899581,10410899757,1,"IOTHUB_CLIENT_CONFIRMATION_OK"
20633,10410899781,10410899933,1,"IOTHUB_CLIENT_CONFIRMATION_OK"
20634,10410899981,10410900040,1,"IOTHUB_CLIENT_CONFIRMATION_OK"
20635,10410900181,10410900221,1,"IOTHUB_CLIENT_CONFIRMATION_OK"
20636,10410900382,10410900417,1,"IOTHUB_CLIENT_CONFIRMATION_OK"
20637,10410900582,10410900760,1,"IOTHUB_CLIENT_CONFIRMATION_OK"
20638,10410900782,10410900991,1,"IOTHUB_CLIENT_CONFIRMATION_OK"
20639,10410900982,10410901035,1,"IOTHUB_CLIENT_CONFIRMATION_OK"
20640,10410901182,10410901227,1,"IOTHUB_CLIENT_CONFIRMATION_OK"
20641,10410901382,10410901444,1,"IOTHUB_CLIENT_CONFIRMATION_OK"
20642,10410901583,10410901657,1,"IOTHUB_CLIENT_CONFIRMATION_OK"
20643,10410901783,10410901823,1,"IOTHUB_CLIENT_CONFIRMATION_OK"
20644,10410901983,10410902085,1,"IOTHUB_CLIENT_CONFIRMATION_OK"
20645,10410902183,10410902251,1,"IOTHUB_CLIENT_CONFIRMATION_OK"
20646,10410902383,10410902458,1,"IOTHUB_CLIENT_CONFIRMATION_OK"
20647,10410902583,10410902623,1,"IOTHUB_CLIENT_CONFIRMATION_OK"
20648,10410902784,10410902861,1,"IOTHUB_CLIENT_CONFIRMATION_OK"
20649,10410902984,10410903021,1,"IOTHUB_CLIENT_CONFIRMATION_OK"
20650,10410903184,10410903236,1,"IOTHUB_CLIENT_CONFIRMATION_OK"
20651,10410903384,10410903482,1,"IOTHUB_CLIENT_CONFIRMATION_OK"
20652,10410903584,10410903623,1,"IOTHUB_CLIENT_CONFIRMATION_OK"
20653,10410903784,10410903841,1,"IOTHUB_CLIENT_CONFIRMATION_OK"
20654,10410903985,10410904085,1,"IOTHUB_CLIENT_CONFIRMATION_OK"
20655,10410904185,10410904237,1,"IOTHUB_CLIENT_CONFIRMATION_OK"
20656,10410904385,10410904451,1,"IOTHUB_CLIENT_CONFIRMATION_OK"
20657,10410904585,10410904633,1,"IOTHUB_CLIENT_CONFIRMATION_OK"
20658,10410904785,10410904826,1,"IOTHUB_CLIENT_CONFIRMATION_OK"
20659,10410904985,10410905066,1,"IOTHUB_CLIENT_CONFIRMATION_OK"
20660,10410905186,10410905250,1,"IOTHUB_CLIENT_CONFIRMATION_OK"
20661,10410905386,10410905444,1,"IOTHUB_CLIENT_CONFIRMATION_OK"
20662,10410905586,10410905673,1,"IOTHUB_CLIENT_CONFIRMATION_OK"
20663,10410905786,10410905861,1,"IOTHUB_CLIENT_CONFIRMATION_OK"
20664,10410905986,10410906032,1,"IOTHUB_CLIENT_CONFIRMATION_OK"
20665,10410906186,10410906279,1,"IOTHUB_CLIENT_CONFIRMATION_OK"
20666,10410906387,10410906467,1,"IOTHUB_CLIENT_CONFIRMATION_OK"
20667,10410906587,10410906648,1,"IOTHUB_CLIENT_CONFIRMATION_OK"
20668,10410906787,10410906911,1,"IOTHUB_CLIENT_CONFIRMATION_OK"
20669,10410906987,10410907052,1,"IOTHUB_CLIENT_CONFIRMATION_OK"
20670,10410907187,10410907362,1,"IOTHUB_CLIENT_CONFIRMATION_OK"
20671,10410907387,10410907503,1,"IOTHUB_CLIENT_CONFIRMATION_OK"
20672,10410907587,10410907631,1,"IOTHUB_CLIENT_CONFIRMATION_OK"
20673,10410907788,10410907831,1,"IOTHUB_CLIENT_CONFIRMATION_OK"
20674,10410907988,10410908150,1,"IOTHUB_CLIENT_CONFIRMATION_OK"
20675,10410908188,10410908269,1,"IOTHUB_CLIENT_CONFIRMATION_OK"
20676,10410908388,10410908439,1,"IOTHUB_CLIENT_CONFIRMATION_OK"
20677,10410908588,10410908716,1,"IOTHUB_CLIENT_CONFIRMATION_OK"
20678,10410908788,10410908835,1,"IOTHUB_CLIENT_CONFIRMATION_OK"
20679,10410908989,10410909078,1,"IOTHUB_CLIENT_CONFIRMATION_OK"
20680,10410909189,10410909321,1,"IOTHUB_CLIENT_CONFIRMATION_OK"
20681,10410909389,10410909439,1,"IOTHUB_CLIENT_CONFIRMATION_OK"
20682,10410909589,10410909640,1,"IOTHUB_CLIENT_CONFIRMATION_OK"
20683,10410909789,10410909933,1,"IOTHUB_CLIENT_CONFIRMATION_OK"
20684,10410909989,10410910031,1,"IOTHUB_CLIENT_CONFIRMATION_OK"
20685,10410910190,10410910248,1,"IOTHUB_CLIENT_CONFIRMATION_OK"
20686,10410910390,10410910439,1,"IOTHUB_CLIENT_CONFIRMATION_OK"
20687,10410910590,10410910643,1,"IOTHUB_CLIENT_CONFIRMATION_OK"
20688,10410910790,10410910825,1,"IOTHUB_CLIENT_CONFIRMATION_OK"
20689,10410910990,10410911034,1,"IOTHUB_CLIENT_CONFIRMATION_OK"
20690,10410911190,10410911233,1,"IOTHUB_CLIENT_CONFIRMATION_OK"
20691,10410911390,10410911433,1,"IOTHUB_CLIENT_CONFIRMATION_OK"
20692,10410911591,10410911633,1,"IOTHUB_CLIENT_CONFIRMATION_OK"
20693,10410911791,10410911833,1,"IOTHUB_CLIENT_CONFIRMATION_OK"
20694,10410911991,10410912039,1,"IOTHUB_CLIENT_CONFIRMATION_OK"
20695,10410912191,10410912252,1,"IOTHUB_CLIENT_CONFIRMATION_OK"
20696,10410912391,10410912443,1,"IOTHUB_CLIENT_CONFIRMATION_OK"
20697,10410912591,10410912651,1,"IOTHUB_CLIENT_CONFIRMATION_OK"
20698,10410912792,10410912844,1,"IOTHUB_CLIENT_CONFIRMATION_OK"
20699,10410912992,10410913032,1,"IOTHUB_CLIENT_CONFIRMATION_OK"
20700,10410913192,10410913242,1,"IOTHUB_CLIENT_CONFIRMATION_OK"
20701,10410913392,10410913455,1,"IOTHUB_CLIENT_CONFIRMATION_OK"
20702,10410913592,10410913647,1,"IOTHUB_CLIENT_CONFIRMATION_OK"
20703,10410913792,10410913876,1,"IOTHUB_CLIENT_CONFIRMATION_OK"
20704,10410913993,10410914038,1,"IOTHUB_CLIENT_CONFIRMATION_OK"
20705,10410914193,10410914244,1,"IOTHUB_CLIENT_CONFIRMATION_OK"
20706,10410914393,10410914435,1,"IOTHUB_CLIENT_CONFIRMATION_OK"
20707,10410914593,10410914699,1,"IOTHUB_CLIENT_CONFIRMATION_OK"
20708,10410914793,10410914840,1,"IOTHUB_CLIENT_CONFIRMATION_OK"
20709,10410914993,10410915033,1,"IOTHUB_CLIENT_CONFIRMATION_OK"
20710,10410915193,10410915252,1,"IOTHUB_CLIENT_CONFIRMATION_OK"
20711,10410915394,10410915460,1,"IOTHUB_CLIENT_CONFIRMATION_OK"
20712,10410915594,10410915638,1,"IOTHUB_CLIENT_CONFIRMATION_OK"
20713,10410915794,10410915861,1,"IOTHUB_CLIENT_CONFIRMATION_OK"
20714,10410915994,10410916050,1,"IOTHUB_CLIENT_CONFIRMATION_OK"
20715,10410916194,10410916253,1,"IOTHUB_CLIENT_CONFIRMATION_OK"
20716,10410916394,10410916465,1,"IOTHUB_CLIENT_CONFIRMATION_OK"
20717,10410916595,10410916637,1,"IOTHUB_CLIENT_CONFIRMATION_OK"
20718,10410916795,10410916838,1,"IOTHUB_CLIENT_CONFIRMATION_OK"
20719,10410916995,10410917075,1,"IOTHUB_CLIENT_CONFIRMATION_OK"
20720,10410917195,10410917233,1,"IOTHUB_CLIENT_CONFIRMATION_OK"
20721,10410917395,10410917452,1,"IOTHUB_CLIENT_CONFIRMATION_OK"
20722,10410917595,10410917680,1,"IOTHUB_CLIENT_CONFIRMATION_OK"
20723,10410917796,10410917844,1,"IOTHUB_CLIENT_CONFIRMATION_OK"
20724,10410917996,10410918073,1,"IOTHUB_CLIENT_CONFIRMATION_OK"
20725,10410918196,10410918296,1,"IOTHUB_CLIENT_CONFIRMATION_OK"
20726,10410918396,10410918439,1,"IOTHUB_CLIENT_CONFIRMATION_OK"
20727,10410918596,10410918648,1,"IOTHUB_CLIENT_CONFIRMATION_OK"
20728,10410918796,10410918891,1,"IOTHUB_CLIENT_CONFIRMATION_OK"
20729,10410918996,10410919032,1,"IOTHUB_CLIENT_CONFIRMATION_OK"
20730,10410919197,10410919248,1,"IOTHUB_CLIENT_CONFIRMATION_OK"
20731,10410919397,10410919517,1,"IOTHUB_CLIENT_CONFIRMATION_OK"
20732,10410919597,10410919633,1,"IOTHUB_CLIENT_CONFIRMATION_OK"
20733,10410919797,10410919837,1,"IOTHUB_CLIENT_CONFIRMATION_OK"
20734,10410919997,10410920165,1,"IOTHUB_CLIENT_CONFIRMATION_OK"
20735,10410920197,10410920249,1,"IOTHUB_CLIENT_CONFIRMATION_OK"
20736,10410920398,10410920440,1,"IOTHUB_CLIENT_CONFIRMATION_OK"
20737,10410920598,10410920645,1,"IOTHUB_CLIENT_CONFIRMATION_OK"
20738,10410920798,10410920846,1,"IOTHUB_CLIENT_CONFIRMATION_OK"
20739,10410920998,10410921084,1,"IOTHUB_CLIENT_CONFIRMATION_OK"
20740,10410921198,10410921249,1,"IOTHUB_CLIENT_CONFIRMATION_OK"
20741,10410921398,10410921472,1,"IOTHUB_CLIENT_CONFIRMATION_OK"
20742,10410921599,10410921640,1,"IOTHUB_CLIENT_CONFIRMATION_OK"
20743,10410921799,10410921837,1,"IOTHUB_CLIENT_CONFIRMATION_OK"
20744,10410921999,10410922051,1,"IOTHUB_CLIENT_CONFIRMATION_OK"
20745,10410922199,10410922237,1,"IOTHUB_CLIENT_CONFIRMATION_OK"
20746,10410922399,10410922467,1,"IOTHUB_CLIENT_CONFIRMATION_OK"
20747,10410922599,10410922645,1,"IOTHUB_CLIENT_CONFIRMATION_OK"
20748,10410922799,10410922842,1,"IOTHUB_CLIENT_CONFIRMATION_OK"
20749,10410923000,10410923048,1,"IOTHUB_CLIENT_CONFIRMATION_OK"
20750,10410923200,10410923243,1,"IOTHUB_CLIENT_CONFIRMATION_OK"
20751,10410923400,10410923507,1,"IOTHUB_CLIENT_CONFIRMATION_OK"
20752,10410923600,10410923649,1,"IOTHUB_CLIENT_CONFIRMATION_OK"
20753,10410923800,10410923847,1,"IOTHUB_CLIENT_CONFIRMATION_OK"
20754,10410924000,10410924049,1,"IOTHUB_CLIENT_CONFIRMATION_OK"
20755,10410924201,10410924257,1,"IOTHUB_CLIENT_CONFIRMATION_OK"
20756,10410924401,10410924464,1,"IOTHUB_CLIENT_CONFIRMATION_OK"
20757,10410924601,10410924672,1,"IOTHUB_CLIENT_CONFIRMATION_OK"
20758,10410924801,10410924842,1,"IOTHUB_CLIENT_CONFIRMATION_OK"
20759,10410925001,10410925052,1,"IOTHUB_CLIENT_CONFIRMATION_OK"
20760,10410925201,10410925285,1,"IOTHUB_CLIENT_CONFIRMATION_OK"
20761,10410925401,10410925502,1,"IOTHUB_CLIENT_CONFIRMATION_OK"
20762,10410925602,10410925655,1,"IOTHUB_CLIENT_CONFIRMATION_OK"
20763,10410925802,10410925859,1,"IOTHUB_CLIENT_CONFIRMATION_OK"
20764,10410926002,10410926052,1,"IOTHUB_CLIENT_CONFIRMATION_OK"
20765,10410926202,10410926253,1,"IOTHUB_CLIENT_CONFIRMATION_OK"
20766,10410926402,10410926464,1,"IOTHUB_CLIENT_CONFIRMATION_OK"
20767,10410926602,10410926665,1,"IOTHUB_CLIENT_CONFIRMATION_OK"
20768,10410926802,10410926909,1,"IOTHUB_CLIENT_CONFIRMATION_OK"
20769,10410927003,10410927044,1,"IOTHUB_CLIENT_CONFIRMATION_OK"
20770,10410927203,10410927272,1,"IOTHUB_CLIENT_CONFIRMATION_OK"
20771,10410927403,10410927456,1,"IOTHUB_CLIENT_CONFIRMATION_OK"
20772,10410927603,10410927646,1,"IOTHUB_CLIENT_CONFIRMATION_OK"
20773,10410927803,10410927941,1,"IOTHUB_CLIENT_CONFIRMATION_OK"
20774,10410928003,10410928050,1,"IOTHUB_CLIENT_CONFIRMATION_OK"
20775,10410928204,10410928258,1,"IOTHUB_CLIENT_CONFIRMATION_OK"
20776,10410928404,10410928498,1,"IOTHUB_CLIENT_CONFIRMATION_OK"
20777,10410928604,10410928645,1,"IOTHUB_CLIENT_CONFIRMATION_OK"
20778,10410928804,10410928843,1,"IOTHUB_CLIENT_CONFIRMATION_OK"
20779,10410929004,10410929136,1,"IOTHUB_CLIENT_CONFIRMATION_OK"
20780,10410929204,10410929239,1,"IOTHUB_CLIENT_CONFIRMATION_OK"
20781,10410929405,10410929659,1,"IOTHUB_CLIENT_CONFIRMATION_OK"
20782,10410929605,10410929817,1,"IOTHUB_CLIENT_CONFIRMATION_OK"
20783,10410929805,10410929909,1,"IOTHUB_CLIENT_CONFIRMATION_OK"
20784,10410930005,10410930176,1,"IOTHUB_CLIENT_CONFIRMATION_OK"
20785,10410930205,10410930313,1,"IOTHUB_CLIENT_CONFIRMATION_OK"
20786,10410930406,10410930497,1,"IOTHUB_CLIENT_CONFIRMATION_OK"
20787,10410930606,10410930652,1,"IOTHUB_CLIENT_CONFIRMATION_OK"
20788,10410930806,10410930936,1,"IOTHUB_CLIENT_CONFIRMATION_OK"
20789,10410931006,10410931109,1,"IOTHUB_CLIENT_CONFIRMATION_OK"
20790,10410931206,10410931279,1,"IOTHUB_CLIENT_CONFIRMATION_OK"
20791,10410931406,10410931530,1,"IOTHUB_CLIENT_CONFIRMATION_OK"
20792,10410931607,10410931675,1,"IOTHUB_CLIENT_CONFIRMATION_OK"
20793,10410931807,10410931864,1,"IOTHUB_CLIENT_CONFIRMATION_OK"
20794,10410932007,10410932061,1,"IOTHUB_CLIENT_CONFIRMATION_OK"
20795,10410932207,10410932287,1,"IOTHUB_CLIENT_CONFIRMATION_OK"
20796,10410932407,10410932462,1,"IOTHUB_CLIENT_CONFIRMATION_OK"
20797,10410932607,10410932675,1,"IOTHUB_CLIENT_CONFIRMATION_OK"
20798,10410932808,10410932863,1,"IOTHUB_CLIENT_CONFIRMATION_OK"
20799,10410933008,10410933042,1,"IOTHUB_CLIENT_CONFIRMATION_OK"
20800,10410933208,10410933250,1,"IOTHUB_CLIENT_CONFIRMATION_OK"
20801,10410933408,10410933468,1,"IOTHUB_CLIENT_CONFIRMATION_OK"
20802,10410933608,10410933684,1,"IOTHUB_CLIENT_CONFIRMATION_OK"
20803,10410933808,10410933859,1,"IOTHUB_CLIENT_CONFIRMATION_OK"
20804,10410934009,10410934059,1,"IOTHUB_CLIENT_CONFIRMATION_OK"
20805,10410934209,10410934261,1,"IOTHUB_CLIENT_CONFIRMATION_OK"
20806,10410934409,10410934484,1,"IOTHUB_CLIENT_CONFIRMATION_OK"
20807,10410934609,10410934678,1,"IOTHUB_CLIENT_CONFIRMATION_OK"
20808,10410934809,10410934857,1,"IOTHUB_CLIENT_CONFIRMATION_OK"
20809,10410935009,10410935134,1,"IOTHUB_CLIENT_CONFIRMATION_OK"
20810,10410935210,10410935262,1,"IOTHUB_CLIENT_CONFIRMATION_OK"
20811,10410935410,10410935455,1,"IOTHUB_CLIENT_CONFIRMATION_OK"
20812,10410935610,10410935686,1,"IOTHUB_CLIENT_CONFIRMATION_OK"
20813,10410935810,10410935858,1,"IOTHUB_CLIENT_CONFIRMATION_OK"
20814,10410936010,10410936093,1,"IOTHUB_CLIENT_CONFIRMATION_OK"
20815,10410936210,10410936250,1,"IOTHUB_CLIENT_CONFIRMATION_OK"
20816,10410936411,10410936485,1,"IOTHUB_CLIENT_CONFIRMATION_OK"
20817,10410936611,10410936657,1,"IOTHUB_CLIENT_CONFIRMATION_OK"
20818,10410936811,10410936861,1,"IOTHUB_CLIENT_CONFIRMATION_OK"
20819,10410937011,10410937059,1,"IOTHUB_CLIENT_CONFIRMATION_OK"
20820,10410937211,10410937262,1,"IOTHUB_CLIENT_CONFIRMATION_OK"
20821,10410937411,10410937571,1,"IOTHUB_CLIENT_CONFIRMATION_OK"
20822,10410937612,10410937677,1,"IOTHUB_CLIENT_CONFIRMATION_OK"
20823,10410937812,10410937849,1,"IOTHUB_CLIENT_CONFIRMATION_OK"
20824,10410938012,10410938061,1,"IOTHUB_CLIENT_CONFIRMATION_OK"
20825,10410938212,10410938256,1,"IOTHUB_CLIENT_CONFIRMATION_OK"
20826,10410938412,10410938451,1,"IOTHUB_CLIENT_CONFIRMATION_OK"
20827,10410938612,10410938662,1,"IOTHUB_CLIENT_CONFIRMATION_OK"
20828,10410938813,10410938878,1,"IOTHUB_CLIENT_CONFIRMATION_OK"
20829,10410939013,10410939051,1,"IOTHUB_CLIENT_CONFIRMATION_OK"
20830,10410939213,10410939263,1,"IOTHUB_CLIENT_CONFIRMATION_OK"
20831,10410939413,10410939458,1,"IOTHUB_CLIENT_CONFIRMATION_OK"
20832,10410939613,10410939665,1,"IOTHUB_CLIENT_CONFIRMATION_OK"
20833,10410939813,10410939874,1,"IOTHUB_CLIENT_CONFIRMATION_OK"
20834,10410940014,10410940048,1,"IOTHUB_CLIENT_CONFIRMATION_OK"
20835,10410940214,10410940267,1,"IOTHUB_CLIENT_CONFIRMATION_OK"
20836,10410940414,10410940473,1,"IOTHUB_CLIENT_CONFIRMATION_OK"
20837,10410940614,10410940674,1,"IOTHUB_CLIENT_CONFIRMATION_OK"
20838,10410940814,10410940932,1,"IOTHUB_CLIENT_CONFIRMATION_OK"
20839,10410941014,10410941081,1,"IOTHUB_CLIENT_CONFIRMATION_OK"
20840,10410941214,10410941261,1,"IOTHUB_CLIENT_CONFIRMATION_OK"
20841,10410941415,10410941453,1,"IOTHUB_CLIENT_CONFIRMATION_OK"
20842,10410941615,10410941691,1,"IOTHUB_CLIENT_CONFIRMATION_OK"
20843,10410941815,10410941857,1,"IOTHUB_CLIENT_CONFIRMATION_OK"
20844,10410942015,10410942060,1,"IOTHUB_CLIENT_CONFIRMATION_OK"
20845,10410942215,10410942311,1,"IOTHUB_CLIENT_CONFIRMATION_OK"
20846,10410942415,10410942461,1,"IOTHUB_CLIENT_CONFIRMATION_OK"
20847,10410942616,10410942671,1,"IOTHUB_CLIENT_CONFIRMATION_OK"
20848,10410942816,10410942925,1,"IOTHUB_CLIENT_CONFIRMATION_OK"
20849,10410943016,10410943053,1,"IOTHUB_CLIENT_CONFIRMATION_OK"
20850,10410943216,10410943266,1,"IOTHUB_CLIENT_CONFIRMATION_OK"
20851,10410943416,10410943541,1,"IOTHUB_CLIENT_CONFIRMATION_OK"
20852,10410943616,10410943655,1,"IOTHUB_CLIENT_CONFIRMATION_OK"
20853,10410943817,10410943863,1,"IOTHUB_CLIENT_CONFIRMATION_OK"
20854,10410944017,10410944101,1,"IOTHUB_CLIENT_CONFIRMATION_OK"
20855,10410944217,10410944266,1,"IOTHUB_CLIENT_CONFIRMATION_OK"
20856,10410944417,10410944494,1,"IOTHUB_CLIENT_CONFIRMATION_OK"
20857,10410944617,10410944678,1,"IOTHUB_CLIENT_CONFIRMATION_OK"
20858,10410944817,10410944878,1,"IOTHUB_CLIENT_CONFIRMATION_OK"
20859,10410945018,10410945070,1,"IOTHUB_CLIENT_CONFIRMATION_OK"
20860,10410945218,10410945279,1,"IOTHUB_CLIENT_CONFIRMATION_OK"
20861,10410945418,10410945468,1,"IOTHUB_CLIENT_CONFIRMATION_OK"
20862,10410945618,10410945660,1,"IOTHUB_CLIENT_CONFIRMATION_OK"
20863,10410945818,10410945877,1,"IOTHUB_CLIENT_CONFIRMATION_OK"
20864,10410946018,10410946072,1,"IOTHUB_CLIENT_CONFIRMATION_OK"
20865,10410946219,10410946262,1,"IOTHUB_CLIENT_CONFIRMATION_OK"
20866,10410946419,10410946476,1,"IOTHUB_CLIENT_CONFIRMATION_OK"
20867,10410946619,10410946679,1,"IOTHUB_CLIENT_CONFIRMATION_OK"
20868,10410946819,10410946865,1,"IOTHUB_CLIENT_CONFIRMATION_OK"
20869,10410947019,10410947089,1,"IOTHUB_CLIENT_CONFIRMATION_OK"
20870,10410947219,10410947292,1,"IOTHUB_CLIENT_CONFIRMATION_OK"
20871,10410947420,10410947474,1,"IOTHUB_CLIENT_CONFIRMATION_OK"
20872,10410947620,10410947658,1,"IOTHUB_CLIENT_CONFIRMATION_OK"
20873,10410947820,10410947868,1,"IOTHUB_CLIENT_CONFIRMATION_OK"
20874,10410948020,10410948067,1,"IOTHUB_CLIENT_CONFIRMATION_OK"
20875,10410948220,10410948267,1,"IOTHUB_CLIENT_CONFIRMATION_OK"
20876,10410948420,10410948488,1,"IOTHUB_CLIENT_CONFIRMATION_OK"
20877,10410948621,10410948680,1,"IOTHUB_CLIENT_CONFIRMATION_OK"
20878,10410948821,10410948869,1,"IOTHUB_CLIENT_CONFIRMATION_OK"
20879,10410949021,10410949147,1,"IOTHUB_CLIENT_CONFIRMATION_OK"
20880,10410949221,10410949280,1,"IOTHUB_CLIENT_CONFIRMATION_OK"
20881,10410949421,10410949479,1,"IOTHUB_CLIENT_CONFIRMATION_OK"
20882,10410949621,10410949654,1,"IOTHUB_CLIENT_CONFIRMATION_OK"
20883,10410949822,10410949865,1,"IOTHUB_CLIENT_CONFIRMATION_OK"
20884,10410950022,10410950067,1,"IOTHUB_CLIENT_CONFIRMATION_OK"
20885,10410950222,10410950279,1,"IOTHUB_CLIENT_CONFIRMATION_OK"
20886,10410950422,10410950581,1,"IOTHUB_CLIENT_CONFIRMATION_OK"
20887,10410950622,10410950666,1,"IOTHUB_CLIENT_CONFIRMATION_OK"
20888,10410950822,10410950890,1,"IOTHUB_CLIENT_CONFIRMATION_OK"
20889,10410951023,10410951063,1,"IOTHUB_CLIENT_CONFIRMATION_OK"
20890,10410951223,10410951282,1,"IOTHUB_CLIENT_CONFIRMATION_OK"
20891,10410951423,10410951469,1,"IOTHUB_CLIENT_CONFIRMATION_OK"
20892,10410951623,10410951684,1,"IOTHUB_CLIENT_CONFIRMATION_OK"
20893,10410951823,10410951906,1,"IOTHUB_CLIENT_CONFIRMATION_OK"
20894,10410952023,10410952071,1,"IOTHUB_CLIENT_CONFIRMATION_OK"
20895,10410952224,10410952342,1,"IOTHUB_CLIENT_CONFIRMATION_OK"
20896,10410952424,10410952471,1,"IOTHUB_CLIENT_CONFIRMATION_OK"
20897,10410952624,10410952724,1,"IOTHUB_CLIENT_CONFIRMATION_OK"
20898,10410952824,10410952863,1,"IOTHUB_CLIENT_CONFIRMATION_OK"
20899,10410953024,10410953076,1,"IOTHUB_CLIENT_CONFIRMATION_OK"
20900,10410953224,10410953271,1,"IOTHUB_CLIENT_CONFIRMATION_OK"
20901,10410953425,10410953489,1,"IOTHUB_CLIENT_CONFIRMATION_OK"
20902,10410953625,10410953739,1,"IOTHUB_CLIENT_CONFIRMATION_OK"
20903,10410953825,10410953886,1,"IOTHUB_CLIENT_CONFIRMATION_OK"
20904,10410954025,10410954081,1,"IOTHUB_CLIENT_CONFIRMATION_OK"
20905,10410954225,10410954306,1,"IOTHUB_CLIENT_CONFIRMATION_OK"
20906,10410954425,10410954490,1,"IOTHUB_CLIENT_CONFIRMATION_OK"
20907,10410954626,10410954667,1,"IOTHUB_CLIENT_CONFIRMATION_OK"
20908,10410954826,10410954910,1,"IOTHUB_CLIENT_CONFIRMATION_OK"
20909,10410955026,10410955085,1,"IOTHUB_CLIENT_CONFIRMATION_OK"
20910,10410955226,10410955267,1,"IOTHUB_CLIENT_CONFIRMATION_OK"
20911,10410955426,10410955498,1,"IOTHUB_CLIENT_CONFIRMATION_OK"
20912,10410955626,10410955674,1,"IOTHUB_CLIENT_CONFIRMATION_OK"
20913,10410955827,10410955883,1,"IOTHUB_CLIENT_CONFIRMATION_OK"
20914,10410956027,10410956083,1,"IOTHUB_CLIENT_CONFIRMATION_OK"
20915,10410956227,10410956753,1,"IOTHUB_CLIENT_CONFIRMATION_OK"
20916,10410956427,10410956823,1,"IOTHUB_CLIENT_CONFIRMATION_OK"
20917,10410956627,10410956875,1,"IOTHUB_CLIENT_CONFIRMATION_OK"
20918,10410956827,10410956921,1,"IOTHUB_CLIENT_CONFIRMATION_OK"
20919,10410957028,10410957075,1,"IOTHUB_CLIENT_CONFIRMATION_OK"
20920,10410957228,10410957297,1,"IOTHUB_CLIENT_CONFIRMATION_OK"
20921,10410957428,10410957490,1,"IOTHUB_CLIENT_CONFIRMATION_OK"
20922,10410957628,10410957671,1,"IOTHUB_CLIENT_CONFIRMATION_OK"
20923,10410957828,10410957899,1,"IOTHUB_CLIENT_CONFIRMATION_OK"
20924,10410958028,10410958078,1,"IOTHUB_CLIENT_CONFIRMATION_OK"
20925,10410958229,10410958272,1,"IOTHUB_CLIENT_CONFIRMATION_OK"
20926,10410958429,10410958476,1,"IOTHUB_CLIENT_CONFIRMATION_OK"
20927,10410958629,10410958679,1,"IOTHUB_CLIENT_CONFIRMATION_OK"
20928,10410958829,10410958899,1,"IOTHUB_CLIENT_CONFIRMATION_OK"
20929,10410959029,10410959081,1,"IOTHUB_CLIENT_CONFIRMATION_OK"
20930,10410959229,10410959328,1,"IOTHUB_CLIENT_CONFIRMATION_OK"
20931,10410959430,10410959463,1,"IOTHUB_CLIENT_CONFIRMATION_OK"
20932,10410959630,10410959703,1,"IOTHUB_CLIENT_CONFIRMATION_OK"
20933,10410959830,10410959890,1,"IOTHUB_CLIENT_CONFIRMATION_OK"
20934,10410960030,10410960068,1,"IOTHUB_CLIENT_CONFIRMATION_OK"
20935,10410960230,10410960294,1,"IOTHUB_CLIENT_CONFIRMATION_OK"
20936,10410960430,10410960494,1,"IOTHUB_CLIENT_CONFIRMATION_OK"
20937,10410960631,10410960674,1,"IOTHUB_CLIENT_CONFIRMATION_OK"
20938,10410960831,10410960897,1,"IOTHUB_CLIENT_CONFIRMATION_OK"
20939,10410961031,10410961066,1,"IOTHUB_CLIENT_CONFIRMATION_OK"
20940,10410961231,10410961282,1,"IOTHUB_CLIENT_CONFIRMATION_OK"
20941,10410961431,10410961469,1,"IOTHUB_CLIENT_CONFIRMATION_OK"
20942,10410961631,10410961679,1,"IOTHUB_CLIENT_CONFIRMATION_OK"
20943,10410961832,10410961874,1,"IOTHUB_CLIENT_CONFIRMATION_OK"
20944,10410962032,10410962078,1,"IOTHUB_CLIENT_CONFIRMATION_OK"
20945,10410962232,10410962274,1,"IOTHUB_CLIENT_CONFIRMATION_OK"
20946,10410962432,10410962473,1,"IOTHUB_CLIENT_CONFIRMATION_OK"
20947,10410962632,10410962750,1,"IOTHUB_CLIENT_CONFIRMATION_OK"
20948,10410962832,10410962889,1,"IOTHUB_CLIENT_CONFIRMATION_OK"
20949,10410963032,10410963080,1,"IOTHUB_CLIENT_CONFIRMATION_OK"
20950,10410963233,10410963271,1,"IOTHUB_CLIENT_CONFIRMATION_OK"
20951,10410963433,10410963494,1,"IOTHUB_CLIENT_CONFIRMATION_OK"
20952,10410963633,10410963671,1,"IOTHUB_CLIENT_CONFIRMATION_OK"
20953,10410963833,10410963899,1,"IOTHUB_CLIENT_CONFIRMATION_OK"
20954,10410964033,10410964085,1,"IOTHUB_CLIENT_CONFIRMATION_OK"
20955,10410964233,10410964266,1,"IOTHUB_CLIENT_CONFIRMATION_OK"
20956,10410964434,10410964487,1,"IOTHUB_CLIENT_CONFIRMATION_OK"
20957,10410964634,10410964679,1,"IOTHUB_CLIENT_CONFIRMATION_OK"
20958,10410964834,10410964997,1,"IOTHUB_CLIENT_CONFIRMATION_OK"
20959,10410965034,10410965103,1,"IOTHUB_CLIENT_CONFIRMATION_OK"
20960,10410965234,10410965303,1,"IOTHUB_CLIENT_CONFIRMATION_OK"
20961,10410965434,10410965473,1,"IOTHUB_CLIENT_CONFIRMATION_OK"
20962,10410965635,10410965701,1,"IOTHUB_CLIENT_CONFIRMATION_OK"
20963,10410965835,10410965880,1,"IOTHUB_CLIENT_CONFIRMATION_OK"
20964,10410966035,10410966080,1,"IOTHUB_CLIENT_CONFIRMATION_OK"
20965,10410966235,10410966294,1,"IOTHUB_CLIENT_CONFIRMATION_OK"
20966,10410966435,10410966486,1,"IOTHUB_CLIENT_CONFIRMATION_OK"
20967,10410966635,10410966692,1,"IOTHUB_CLIENT_CONFIRMATION_OK"
20968,10410966836,10410966890,1,"IOTHUB_CLIENT_CONFIRMATION_OK"
20969,10410967036,10410967087,1,"IOTHUB_CLIENT_CONFIRMATION_OK"
20970,10410967236,10410967285,1,"IOTHUB_CLIENT_CONFIRMATION_OK"
20971,10410967436,10410967478,1,"IOTHUB_CLIENT_CONFIRMATION_OK"
20972,10410967636,10410967681,1,"IOTHUB_CLIENT_CONFIRMATION_OK"
20973,10410967836,10410967879,1,"IOTHUB_CLIENT_CONFIRMATION_OK"
20974,10410968037,10410968094,1,"IOTHUB_CLIENT_CONFIRMATION_OK"
20975,10410968237,10410968294,1,"IOTHUB_CLIENT_CONFIRMATION_OK"
20976,10410968437,10410968474,1,"IOTHUB_CLIENT_CONFIRMATION_OK"
20977,10410968637,10410968690,1,"IOTHUB_CLIENT_CONFIRMATION_OK"
20978,10410968837,10410968935,1,"IOTHUB_CLIENT_CONFIRMATION_OK"
20979,10410969037,10410969076,1,"IOTHUB_CLIENT_CONFIRMATION_OK"
20980,10410969238,10410969299,1,"IOTHUB_CLIENT_CONFIRMATION_OK"
20981,10410969438,10410969629,1,"IOTHUB_CLIENT_CONFIRMATION_OK"
20982,10410969638,10410969810,1,"IOTHUB_CLIENT_CONFIRMATION_OK"
20983,10410969838,10410969880,1,"IOTHUB_CLIENT_CONFIRMATION_OK"
20984,10410970038,10410970097,1,"IOTHUB_CLIENT_CONFIRMATION_OK"
20985,10410970238,10410970548,1,"IOTHUB_CLIENT_CONFIRMATION_OK"
20986,10410970439,10410970687,1,"IOTHUB_CLIENT_CONFIRMATION_OK"
20987,10410970639,10410970752,1,"IOTHUB_CLIENT_CONFIRMATION_OK"
20988,10410970839,10410970984,1,"IOTHUB_CLIENT_CONFIRMATION_OK"
20989,10410971039,10410971096,1,"IOTHUB_CLIENT_CONFIRMATION_OK"
20990,10410971239,10410971282,1,"IOTHUB_CLIENT_CONFIRMATION_OK"
20991,10410971439,10410971601,1,"IOTHUB_CLIENT_CONFIRMATION_OK"
20992,10410971640,10410971720,1,"IOTHUB_CLIENT_CONFIRMATION_OK"
20993,10410971840,10410971911,1,"IOTHUB_CLIENT_CONFIRMATION_OK"
20994,10410972040,10410972223,1,"IOTHUB_CLIENT_CONFIRMATION_OK"
20995,10410972240,10410972291,1,"IOTHUB_CLIENT_CONFIRMATION_OK"
20996,10410972440,10410972503,1,"IOTHUB_CLIENT_CONFIRMATION_OK"
20997,10410972640,10410972844,1,"IOTHUB_CLIENT_CONFIRMATION_OK"
20998,10410972841,10410972884,1,"IOTHUB_CLIENT_CONFIRMATION_OK"
20999,10410973041,10410973084,1,"IOTHUB_CLIENT_CONFIRMATION_OK"
21000,10410973241,10410973484,1,"IOTHUB_CLIENT_CONFIRMATION_OK"
21001,10410973441,10410973521,1,"IOTHUB_CLIENT_CONFIRMATION_OK"
21002,10410973641,10410973694,1,"IOTHUB_CLIENT_CONFIRMATION_OK"
21003,10410973841,10410974056,1,"IOTHUB_CLIENT_CONFIRMATION_OK"
21004,10410974042,10410974105,1,"IOTHUB_CLIENT_CONFIRMATION_OK"
21005,10410974242,10410974347,1,"IOTHUB_CLIENT_CONFIRMATION_OK"
21006,10410974442,10410974657,1,"IOTHUB_CLIENT_CONFIRMATION_OK"
21007,10410974642,10410974714,1,"IOTHUB_CLIENT_CONFIRMATION_OK"
21008,10410974842,10410974897,1,"IOTHUB_CLIENT_CONFIRMATION_OK"
21009,10410975042,10410975162,1,"IOTHUB_CLIENT_CONFIRMATION_OK"
21010,10410975243,10410975391,1,"IOTHUB_CLIENT_CONFIRMATION_OK"
21011,10410975443,10410975504,1,"IOTHUB_CLIENT_CONFIRMATION_OK"
21012,10410975643,10410975812,1,"IOTHUB_CLIENT_CONFIRMATION_OK"
21013,10410975843,10410975887,1,"IOTHUB_CLIENT_CONFIRMATION_OK"
21014,10410976043,10410976089,1,"IOTHUB_CLIENT_CONFIRMATION_OK"
21015,10410976243,10410976393,1,"IOTHUB_CLIENT_CONFIRMATION_OK"
21016,10410976444,10410976498,1,"IOTHUB_CLIENT_CONFIRMATION_OK"
21017,10410976644,10410976687,1,"IOTHUB_CLIENT_CONFIRMATION_OK"
21018,10410976844,10410976990,1,"IOTHUB_CLIENT_CONFIRMATION_OK"
21019,10410977044,10410977238,1,"IOTHUB_CLIENT_CONFIRMATION_OK"
21020,10410977244,10410977310,1,"IOTHUB_CLIENT_CONFIRMATION_OK"
21021,10410977444,10410977707,1,"IOTHUB_CLIENT_CONFIRMATION_OK"
21022,10410977645,10410977793,1,"IOTHUB_CLIENT_CONFIRMATION_OK"
21023,10410977845,10410977911,1,"IOTHUB_CLIENT_CONFIRMATION_OK"
21024,10410978045,10410978217,1,"IOTHUB_CLIENT_CONFIRMATION_OK"
21025,10410978245,10410978306,1,"IOTHUB_CLIENT_CONFIRMATION_OK"
21026,10410978445,10410978515,1,"IOTHUB_CLIENT_CONFIRMATION_OK"
21027,10410978645,10410978821,1,"IOTHUB_CLIENT_CONFIRMATION_OK"
21028,10410978846,10410978891,1,"IOTHUB_CLIENT_CONFIRMATION_OK"
21029,10410979046,10410979088,1,"IOTHUB_CLIENT_CONFIRMATION_OK"
21030,10410979246,10410979439,1,"IOTHUB_CLIENT_CONFIRMATION_OK"
21031,10410979446,10410979499,1,"IOTHUB_CLIENT_CONFIRMATION_OK"
21032,10410979646,10410979721,1,"IOTHUB_CLIENT_CONFIRMATION_OK"
21033,10410979846,10410980086,1,"IOTHUB_CLIENT_CONFIRMATION_OK"
21034,10410980047,10410980126,1,"IOTHUB_CLIENT_CONFIRMATION_OK"
21035,10410980247,10410980303,1,"IOTHUB_CLIENT_CONFIRMATION_OK"
21036,10410980447,10410980658,1,"IOTHUB_CLIENT_CONFIRMATION_OK"
21037,10410980647,10410980695,1,"IOTHUB_CLIENT_CONFIRMATION_OK"
21038,10410980847,10410980895,1,"IOTHUB_CLIENT_CONFIRMATION_OK"
21039,10410981047,10410981338,1,"IOTHUB_CLIENT_CONFIRMATION_OK"
21040,10410981248,10410981365,1,"IOTHUB_CLIENT_CONFIRMATION_OK"
21041,10410981448,10410981493,1,"IOTHUB_CLIENT_CONFIRMATION_OK"
21042,10410981648,10410981734,1,"IOTHUB_CLIENT_CONFIRMATION_OK"
21043,10410981848,10410981908,1,"IOTHUB_CLIENT_CONFIRMATION_OK"
21044,10410982048,10410982097,1,"IOTHUB_CLIENT_CONFIRMATION_OK"
21045,10410982248,10410982350,1,"IOTHUB_CLIENT_CONFIRMATION_OK"
21046,10410982449,10410982505,1,"IOTHUB_CLIENT_CONFIRMATION_OK"
21047,10410982649,10410982708,1,"IOTHUB_CLIENT_CONFIRMATION_OK"
21048,10410982849,10410982930,1,"IOTHUB_CLIENT_CONFIRMATION_OK"
21049,10410983049,10410983096,1,"IOTHUB_CLIENT_CONFIRMATION_OK"
21050,10410983249,10410983290,1,"IOTHUB_CLIENT_CONFIRMATION_OK"
21051,10410983449,10410983559,1,"IOTHUB_CLIENT_CONFIRMATION_OK"
21052,10410983649,10410983703,1,"IOTHUB_CLIENT_CONFIRMATION_OK"
21053,10410983850,10410983901,1,"IOTHUB_CLIENT_CONFIRMATION_OK"
21054,10410984050,10410984219,1,"IOTHUB_CLIENT_CONFIRMATION_OK"
21055,10410984250,10410984297,1,"IOTHUB_CLIENT_CONFIRMATION_OK"
21056,10410984450,10410984482,1,"IOTHUB_CLIENT_CONFIRMATION_OK"
21057,10410984650,10410984800,1,"IOTHUB_CLIENT_CONFIRMATION_OK"
21058,10410984850,10410984898,1,"IOTHUB_CLIENT_CONFIRMATION_OK"
21059,10410985051,10410985095,1,"IOTHUB_CLIENT_CONFIRMATION_OK"
21060,10410985251,10410985384,1,"IOTHUB_CLIENT_CONFIRMATION_OK"
21061,10410985451,10410985506,1,"IOTHUB_CLIENT_CONFIRMATION_OK"
21062,10410985651,10410985696,1,"IOTHUB_CLIENT_CONFIRMATION_OK"
21063,10410985851,10410986017,1,"IOTHUB_CLIENT_CONFIRMATION_OK"
21064,10410986051,10410986124,1,"IOTHUB_CLIENT_CONFIRMATION_OK"
21065,10410986251,10410986307,1,"IOTHUB_CLIENT_CONFIRMATION_OK"
21066,10410986452,10410986601,1,"IOTHUB_CLIENT_CONFIRMATION_OK"
21067,10410986652,10410986705,1,"IOTHUB_CLIENT_CONFIRMATION_OK"
21068,10410986852,10410986906,1,"IOTHUB_CLIENT_CONFIRMATION_OK"
21069,10410987052,10410987269,1,"IOTHUB_CLIENT_CONFIRMATION_OK"
21070,10410987252,10410987315,1,"IOTHUB_CLIENT_CONFIRMATION_OK"
21071,10410987452,10410987500,1,"IOTHUB_CLIENT_CONFIRMATION_OK"
21072,10410987653,10410987890,1,"IOTHUB_CLIENT_CONFIRMATION_OK"
21073,10410987853,10410987919,1,"IOTHUB_CLIENT_CONFIRMATION_OK"
21074,10410988053,10410988100,1,"IOTHUB_CLIENT_CONFIRMATION_OK"
21075,10410988253,10410988479,1,"IOTHUB_CLIENT_CONFIRMATION_OK"
21076,10410988453,10410988507,1,"IOTHUB_CLIENT_CONFIRMATION_OK"
21077,10410988653,10410988694,1,"IOTHUB_CLIENT_CONFIRMATION_OK"
21078,10410988854,10410989101,1,"IOTHUB_CLIENT_CONFIRMATION_OK"
21079,10410989054,10410989117,1,"IOTHUB_CLIENT_CONFIRMATION_OK"
21080,10410989254,10410989347,1,"IOTHUB_CLIENT_CONFIRMATION_OK"
21081,10410989454,10410989536,1,"IOTHUB_CLIENT_CONFIRMATION_OK"
21082,10410989654,10410989694,1,"IOTHUB_CLIENT_CONFIRMATION_OK"
21083,10410989854,10410989913,1,"IOTHUB_CLIENT_CONFIRMATION_OK"
21084,10410990055,10410990105,1,"IOTHUB_CLIENT_CONFIRMATION_OK"
21085,10410990255,10410990339,1,"IOTHUB_CLIENT_CONFIRMATION_OK"
21086,10410990455,10410990497,1,"IOTHUB_CLIENT_CONFIRMATION_OK"
21087,10410990655,10410990748,1,"IOTHUB_CLIENT_CONFIRMATION_OK"
21088,10410990855,10410990902,1,"IOTHUB_CLIENT_CONFIRMATION_OK"
21089,10410991055,10410991103,1,"IOTHUB_CLIENT_CONFIRMATION_OK"
21090,10410991256,10410991343,1,"IOTHUB_CLIENT_CONFIRMATION_OK"
21091,10410991456,10410991497,1,"IOTHUB_CLIENT_CONFIRMATION_OK"
21092,10410991656,10410991722,1,"IOTHUB_CLIENT_CONFIRMATION_OK"
21093,10410991856,10410991919,1,"IOTHUB_CLIENT_CONFIRMATION_OK"
21094,10410992056,10410992104,1,"IOTHUB_CLIENT_CONFIRMATION_OK"
21095,10410992256,10410992303,1,"IOTHUB_CLIENT_CONFIRMATION_OK"
21096,10410992457,10410992551,1,"IOTHUB_CLIENT_CONFIRMATION_OK"
21097,10410992657,10410992853,1,"IOTHUB_CLIENT_CONFIRMATION_OK"
21098,10410992857,10410992952,1,"IOTHUB_CLIENT_CONFIRMATION_OK"
21099,10410993057,10410993187,1,"IOTHUB_CLIENT_CONFIRMATION_OK"
21100,10410993257,10410993305,1,"IOTHUB_CLIENT_CONFIRMATION_OK"
21101,10410993457,10410993518,1,"IOTHUB_CLIENT_CONFIRMATION_OK"
21102,10410993657,10410993789,1,"IOTHUB_CLIENT_CONFIRMATION_OK"
21103,10410993858,10410993931,1,"IOTHUB_CLIENT_CONFIRMATION_OK"
21104,10410994058,10410994112,1,"IOTHUB_CLIENT_CONFIRMATION_OK"
21105,10410994258,10410994479,1,"IOTHUB_CLIENT_CONFIRMATION_OK"
21106,10410994458,10410994534,1,"IOTHUB_CLIENT_CONFIRMATION_OK"
21107,10410994658,10410994718,1,"IOTHUB_CLIENT_CONFIRMATION_OK"
21108,10410994858,10410994973,1,"IOTHUB_CLIENT_CONFIRMATION_OK"
21109,10410995058,10410995122,1,"IOTHUB_CLIENT_CONFIRMATION_OK"
21110,10410995259,10410995327,1,"IOTHUB_CLIENT_CONFIRMATION_OK"
21111,10410995459,10410995585,1,"IOTHUB_CLIENT_CONFIRMATION_OK"
21112,10410995659,10410995718,1,"IOTHUB_CLIENT_CONFIRMATION_OK"
21113,10410995859,10410995927,1,"IOTHUB_CLIENT_CONFIRMATION_OK"
21114,10410996059,10410996217,1,"IOTHUB_CLIENT_CONFIRMATION_OK"
21115,10410996259,10410996352,1,"IOTHUB_CLIENT_CONFIRMATION_OK"
21116,10410996460,10410996649,1,"IOTHUB_CLIENT_CONFIRMATION_OK"
21117,10410996660,10410996825,1,"IOTHUB_CLIENT_CONFIRMATION_OK"
21118,10410996860,10410996918,1,"IOTHUB_CLIENT_CONFIRMATION_OK"
21119,10410997060,10410997106,1,"IOTHUB_CLIENT_CONFIRMATION_OK"
21120,10410997260,10410997423,1,"IOTHUB_CLIENT_CONFIRMATION_OK"
21121,10410997460,10410997503,1,"IOTHUB_CLIENT_CONFIRMATION_OK"
21122,10410997661,10410997713,1,"IOTHUB_CLIENT_CONFIRMATION_OK"
21123,10410997865,10410998061,1,"IOTHUB_CLIENT_CONFIRMATION_OK"
21124,10410998065,10410998145,1,"IOTHUB_CLIENT_CONFIRMATION_OK"
21125,10410998265,10410998345,1,"IOTHUB_CLIENT_CONFIRMATION_OK"
21126,10410998465,10410998652,1,"IOTHUB_CLIENT_CONFIRMATION_OK"
21127,10410998665,10410998711,1,"IOTHUB_CLIENT_CONFIRMATION_OK"
21128,10410998866,10410998909,1,"IOTHUB_CLIENT_CONFIRMATION_OK"
21129,10410999066,10410999342,1,"IOTHUB_CLIENT_CONFIRMATION_OK"
21130,10410999266,10410999405,1,"IOTHUB_CLIENT_CONFIRMATION_OK"
21131,10410999466,10410999512,1,"IOTHUB_CLIENT_CONFIRMATION_OK"
21132,10410999666,10410999870,1,"IOTHUB_CLIENT_CONFIRMATION_OK"
21133,10410999866,10410999942,1,"IOTHUB_CLIENT_CONFIRMATION_OK"
21134,10411000066,10411000104,1,"IOTHUB_CLIENT_CONFIRMATION_OK"
21135,10411000267,10411000469,1,"IOTHUB_CLIENT_CONFIRMATION_OK"
21136,10411000467,10411000535,1,"IOTHUB_CLIENT_CONFIRMATION_OK"
21137,10411000667,10411000737,1,"IOTHUB_CLIENT_CONFIRMATION_OK"
21138,10411000867,10411001088,1,"IOTHUB_CLIENT_CONFIRMATION_OK"
21139,10411001067,10411001114,1,"IOTHUB_CLIENT_CONFIRMATION_OK"
21140,10411001267,10411001302,1,"IOTHUB_CLIENT_CONFIRMATION_OK"
21141,10411001468,10411001525,1,"IOTHUB_CLIENT_CONFIRMATION_OK"
21142,10411001668,10411001721,1,"IOTHUB_CLIENT_CONFIRMATION_OK"
21143,10411001868,10411002090,1,"IOTHUB_CLIENT_CONFIRMATION_OK"
21144,10411002068,10411002132,1,"IOTHUB_CLIENT_CONFIRMATION_OK"
21145,10411002268,10411002325,1,"IOTHUB_CLIENT_CONFIRMATION_OK"
21146,10411002468,10411002528,1,"IOTHUB_CLIENT_CONFIRMATION_OK"
21147,10411002668,10411002758,1,"IOTHUB_CLIENT_CONFIRMATION_OK"
21148,10411002869,10411002932,1,"IOTHUB_CLIENT_CONFIRMATION_OK"
21149,10411003069,10411003142,1,"IOTHUB_CLIENT_CONFIRMATION_OK"
21150,10411003269,10411003381,1,"IOTHUB_CLIENT_CONFIRMATION_OK"
21151,10411003469,10411003514,1,"IOTHUB_CLIENT_CONFIRMATION_OK"
21152,10411003669,10411003729,1,"IOTHUB_CLIENT_CONFIRMATION_OK"
21153,10411003869,10411004014,1,"IOTHUB_CLIENT_CONFIRMATION_OK"
21154,10411004069,10411004153,1,"IOTHUB_CLIENT_CONFIRMATION_OK"
21155,10411004270,10411004315,1,"IOTHUB_CLIENT_CONFIRMATION_OK"
21156,10411004470,10411004632,1,"IOTHUB_CLIENT_CONFIRMATION_OK"
21157,10411004670,10411004705,1,"IOTHUB_CLIENT_CONFIRMATION_OK"
21158,10411004870,10411004925,1,"IOTHUB_CLIENT_CONFIRMATION_OK"
21159,10411005070,10411005225,1,"IOTHUB_CLIENT_CONFIRMATION_OK"
21160,10411005270,10411005311,1,"IOTHUB_CLIENT_CONFIRMATION_OK"
21161,10411005471,10411005523,1,"IOTHUB_CLIENT_CONFIRMATION_OK"
21162,10411005671,10411005847,1,"IOTHUB_CLIENT_CONFIRMATION_OK"
21163,10411005871,10411005943,1,"IOTHUB_CLIENT_CONFIRMATION_OK"
21164,10411006071,10411006126,1,"IOTHUB_CLIENT_CONFIRMATION_OK"
21165,10411006271,10411006468,1,"IOTHUB_CLIENT_CONFIRMATION_OK"
21166,10411006471,10411006523,1,"IOTHUB_CLIENT_CONFIRMATION_OK"
21167,10411006671,10411006719,1,"IOTHUB_CLIENT_CONFIRMATION_OK"
21168,10411006872,10411007086,1,"IOTHUB_CLIENT_CONFIRMATION_OK"
21169,10411007072,10411007123,1,"IOTHUB_CLIENT_CONFIRMATION_OK"
21170,10411007272,10411007329,1,"IOTHUB_CLIENT_CONFIRMATION_OK"
21171,10411007472,10411007740,1,"IOTHUB_CLIENT_CONFIRMATION_OK"
21172,10411007672,10411007785,1,"IOTHUB_CLIENT_CONFIRMATION_OK"
21173,10411007872,10411007924,1,"IOTHUB_CLIENT_CONFIRMATION_OK"
21174,10411008073,10411008203,1,"IOTHUB_CLIENT_CONFIRMATION_OK"
21175,10411008273,10411008311,1,"IOTHUB_CLIENT_CONFIRMATION_OK"
21176,10411008473,10411008531,1,"IOTHUB_CLIENT_CONFIRMATION_OK"
21177,10411008673,10411008771,1,"IOTHUB_CLIENT_CONFIRMATION_OK"
21178,10411008873,10411008926,1,"IOTHUB_CLIENT_CONFIRMATION_OK"
21179,10411009073,10411009131,1,"IOTHUB_CLIENT_CONFIRMATION_OK"
21180,10411009273,10411009379,1,"IOTHUB_CLIENT_CONFIRMATION_OK"
21181,10411009474,10411009543,1,"IOTHUB_CLIENT_CONFIRMATION_OK"
21182,10411009674,10411009720,1,"IOTHUB_CLIENT_CONFIRMATION_OK"
21183,10411009874,10411010014,1,"IOTHUB_CLIENT_CONFIRMATION_OK"
21184,10411010074,10411010128,1,"IOTHUB_CLIENT_CONFIRMATION_OK"
21185,10411010274,10411010314,1,"IOTHUB_CLIENT_CONFIRMATION_OK"
21186,10411010474,10411010624,1,"IOTHUB_CLIENT_CONFIRMATION_OK"
21187,10411010675,10411010740,1,"IOTHUB_CLIENT_CONFIRMATION_OK"
21188,10411010875,10411010937,1,"IOTHUB_CLIENT_CONFIRMATION_OK"
21189,10411011075,10411011227,1,"IOTHUB_CLIENT_CONFIRMATION_OK"
21190,10411011275,10411011338,1,"IOTHUB_CLIENT_CONFIRMATION_OK"
21191,10411011475,10411011509,1,"IOTHUB_CLIENT_CONFIRMATION_OK"
21192,10411011675,10411011847,1,"IOTHUB_CLIENT_CONFIRMATION_OK"
21193,10411011875,10411011932,1,"IOTHUB_CLIENT_CONFIRMATION_OK"
21194,10411012076,10411012156,1,"IOTHUB_CLIENT_CONFIRMATION_OK"
21195,10411012276,10411012464,1,"IOTHUB_CLIENT_CONFIRMATION_OK"
21196,10411012476,10411012537,1,"IOTHUB_CLIENT_CONFIRMATION_OK"
21197,10411012676,10411012722,1,"IOTHUB_CLIENT_CONFIRMATION_OK"
21198,10411012876,10411012970,1,"IOTHUB_CLIENT_CONFIRMATION_OK"
21199,10411013076,10411013160,1,"IOTHUB_CLIENT_CONFIRMATION_OK"
21200,10411013277,10411013315,1,"IOTHUB_CLIENT_CONFIRMATION_OK"
21201,10411013477,10411013564,1,"IOTHUB_CLIENT_CONFIRMATION_OK"
21202,10411013677,10411013744,1,"IOTHUB_CLIENT_CONFIRMATION_OK"
21203,10411013877,10411013912,1,"IOTHUB_CLIENT_CONFIRMATION_OK"
21204,10411014077,10411014259,1,"IOTHUB_CLIENT_CONFIRMATION_OK"
21205,10411014277,10411014324,1,"IOTHUB_CLIENT_CONFIRMATION_OK"
21206,10411014477,10411014524,1,"IOTHUB_CLIENT_CONFIRMATION_OK"
21207,10411014678,10411014796,1,"IOTHUB_CLIENT_CONFIRMATION_OK"
21208,10411014878,10411014948,1,"IOTHUB_CLIENT_CONFIRMATION_OK"
21209,10411015078,10411015165,1,"IOTHUB_CLIENT_CONFIRMATION_OK"
21210,10411015278,10411015374,1,"IOTHUB_CLIENT_CONFIRMATION_OK"
21211,10411015478,10411015526,1,"IOTHUB_CLIENT_CONFIRMATION_OK"
21212,10411015678,10411015760,1,"IOTHUB_CLIENT_CONFIRMATION_OK"
21213,10411015879,10411016007,1,"IOTHUB_CLIENT_CONFIRMATION_OK"
21214,10411016079,10411016140,1,"IOTHUB_CLIENT_CONFIRMATION_OK"
21215,10411016279,10411016320,1,"IOTHUB_CLIENT_CONFIRMATION_OK"
21216,10411016479,10411016636,1,"IOTHUB_CLIENT_CONFIRMATION_OK"
21217,10411016679,10411016721,1,"IOTHUB_CLIENT_CONFIRMATION_OK"
21218,10411016879,10411016922,1,"IOTHUB_CLIENT_CONFIRMATION_OK"
21219,10411017080,10411017229,1,"IOTHUB_CLIENT_CONFIRMATION_OK"
21220,10411017280,10411017328,1,"IOTHUB_CLIENT_CONFIRMATION_OK"
21221,10411017480,10411017543,1,"IOTHUB_CLIENT_CONFIRMATION_OK"
21222,10411017680,10411017827,1,"IOTHUB_CLIENT_CONFIRMATION_OK"
21223,10411017880,10411017939,1,"IOTHUB_CLIENT_CONFIRMATION_OK"
21224,10411018080,10411018157,1,"IOTHUB_CLIENT_CONFIRMATION_OK"
21225,10411018280,10411018446,1,"IOTHUB_CLIENT_CONFIRMATION_OK"
21226,10411018481,10411018535,1,"IOTHUB_CLIENT_CONFIRMATION_OK"
21227,10411018681,10411018770,1,"IOTHUB_CLIENT_CONFIRMATION_OK"
21228,10411018881,10411019063,1,"IOTHUB_CLIENT_CONFIRMATION_OK"
21229,10411019081,10411019131,1,"IOTHUB_CLIENT_CONFIRMATION_OK"
21230,10411019281,10411019341,1,"IOTHUB_CLIENT_CONFIRMATION_OK"
21231,10411019481,10411019707,1,"IOTHUB_CLIENT_CONFIRMATION_OK"
21232,10411019682,10411019764,1,"IOTHUB_CLIENT_CONFIRMATION_OK"
21233,10411019882,10411019937,1,"IOTHUB_CLIENT_CONFIRMATION_OK"
21234,10411020082,10411020264,1,"IOTHUB_CLIENT_CONFIRMATION_OK"
21235,10411020282,10411020338,1,"IOTHUB_CLIENT_CONFIRMATION_OK"
21236,10411020482,10411020560,1,"IOTHUB_CLIENT_CONFIRMATION_OK"
21237,10411020682,10411020912,1,"IOTHUB_CLIENT_CONFIRMATION_OK"
21238,10411020883,10411020946,1,"IOTHUB_CLIENT_CONFIRMATION_OK"
21239,10411021083,10411021135,1,"IOTHUB_CLIENT_CONFIRMATION_OK"
21240,10411021283,10411021492,1,"IOTHUB_CLIENT_CONFIRMATION_OK"
21241,10411021483,10411021528,1,"IOTHUB_CLIENT_CONFIRMATION_OK"
21242,10411021683,10411021735,1,"IOTHUB_CLIENT_CONFIRMATION_OK"
21243,10411021883,10411022124,1,"IOTHUB_CLIENT_CONFIRMATION_OK"
21244,10411022083,10411022158,1,"IOTHUB_CLIENT_CONFIRMATION_OK"
21245,10411022284,10411022326,1,"IOTHUB_CLIENT_CONFIRMATION_OK"
21246,10411022484,10411022723,1,"IOTHUB_CLIENT_CONFIRMATION_OK"
21247,10411022684,10411022758,1,"IOTHUB_CLIENT_CONFIRMATION_OK"
21248,10411022884,10411022948,1,"IOTHUB_CLIENT_CONFIRMATION_OK"
21249,10411023084,10411023151,1,"IOTHUB_CLIENT_CONFIRMATION_OK"
21250,10411023284,10411023331,1,"IOTHUB_CLIENT_CONFIRMATION_OK"
21251,10411023485,10411023530,1,"IOTHUB_CLIENT_CONFIRMATION_OK"
21252,10411023685,10411023754,1,"IOTHUB_CLIENT_CONFIRMATION_OK"
21253,10411023885,10411023944,1,"IOTHUB_CLIENT_CONFIRMATION_OK"
21254,10411024085,10411024132,1,"IOTHUB_CLIENT_CONFIRMATION_OK"
21255,10411024285,10411024354,1,"IOTHUB_CLIENT_CONFIRMATION_OK"
21256,10411024485,10411024531,1,"IOTHUB_CLIENT_CONFIRMATION_OK"
21257,10411024686,10411024729,1,"IOTHUB_CLIENT_CONFIRMATION_OK"
21258,10411024886,10411024993,1,"IOTHUB_CLIENT_CONFIRMATION_OK"
21259,10411025086,10411025166,1,"IOTHUB_CLIENT_CONFIRMATION_OK"
21260,10411025286,10411025329,1,"IOTHUB_CLIENT_CONFIRMATION_OK"
21261,10411025486,10411025597,1,"IOTHUB_CLIENT_CONFIRMATION_OK"
21262,10411025686,10411025756,1,"IOTHUB_CLIENT_CONFIRMATION_OK"
21263,10411025886,10411025938,1,"IOTHUB_CLIENT_CONFIRMATION_OK"
21264,10411026087,10411026286,1,"IOTHUB_CLIENT_CONFIRMATION_OK"
21265,10411026287,10411026359,1,"IOTHUB_CLIENT_CONFIRMATION_OK"
21266,10411026487,10411026547,1,"IOTHUB_CLIENT_CONFIRMATION_OK"
21267,10411026687,10411026824,1,"IOTHUB_CLIENT_CONFIRMATION_OK"
21268,10411026887,10411026954,1,"IOTHUB_CLIENT_CONFIRMATION_OK"
21269,10411027087,10411027154,1,"IOTHUB_CLIENT_CONFIRMATION_OK"
21270,10411027288,10411027438,1,"IOTHUB_CLIENT_CONFIRMATION_OK"
21271,10411027488,10411027548,1,"IOTHUB_CLIENT_CONFIRMATION_OK"
21272,10411027688,10411027744,1,"IOTHUB_CLIENT_CONFIRMATION_OK"
21273,10411027888,10411028057,1,"IOTHUB_CLIENT_CONFIRMATION_OK"
21274,10411028088,10411028163,1,"IOTHUB_CLIENT_CONFIRMATION_OK"
21275,10411028288,10411028329,1,"IOTHUB_CLIENT_CONFIRMATION_OK"
21276,10411028489,10411028660,1,"IOTHUB_CLIENT_CONFIRMATION_OK"
21277,10411028689,10411028733,1,"IOTHUB_CLIENT_CONFIRMATION_OK"
21278,10411028889,10411028963,1,"IOTHUB_CLIENT_CONFIRMATION_OK"
21279,10411029089,10411029300,1,"IOTHUB_CLIENT_CONFIRMATION_OK"
21280,10411029289,10411029334,1,"IOTHUB_CLIENT_CONFIRMATION_OK"
21281,10411029489,10411029543,1,"IOTHUB_CLIENT_CONFIRMATION_OK"
21282,10411029689,10411029883,1,"IOTHUB_CLIENT_CONFIRMATION_OK"
21283,10411029890,10411029949,1,"IOTHUB_CLIENT_CONFIRMATION_OK"
21284,10411030090,10411030162,1,"IOTHUB_CLIENT_CONFIRMATION_OK"
21285,10411030290,10411030527,1,"IOTHUB_CLIENT_CONFIRMATION_OK"
21286,10411030490,10411030570,1,"IOTHUB_CLIENT_CONFIRMATION_OK"
21287,10411030690,10411030758,1,"IOTHUB_CLIENT_CONFIRMATION_OK"
21288,10411030890,10411031102,1,"IOTHUB_CLIENT_CONFIRMATION_OK"
21289,10411031090,10411031142,1,"IOTHUB_CLIENT_CONFIRMATION_OK"
21290,10411031291,10411031336,1,"IOTHUB_CLIENT_CONFIRMATION_OK"
21291,10411031491,10411031785,1,"IOTHUB_CLIENT_CONFIRMATION_OK"
21292,10411031691,10411031852,1,"IOTHUB_CLIENT_CONFIRMATION_OK"
21293,10411031891,10411031951,1,"IOTHUB_CLIENT_CONFIRMATION_OK"
21294,10411032091,10411032135,1,"IOTHUB_CLIENT_CONFIRMATION_OK"
21295,10411032291,10411032385,1,"IOTHUB_CLIENT_CONFIRMATION_OK"
21296,10411032492,10411032537,1,"IOTHUB_CLIENT_CONFIRMATION_OK"
21297,10411032692,10411032757,1,"IOTHUB_CLIENT_CONFIRMATION_OK"
21298,10411032892,10411032933,1,"IOTHUB_CLIENT_CONFIRMATION_OK"
21299,10411033092,10411033133,1,"IOTHUB_CLIENT_CONFIRMATION_OK"
21300,10411033292,10411033361,1,"IOTHUB_CLIENT_CONFIRMATION_OK"
21301,10411033492,10411033554,1,"IOTHUB_CLIENT_CONFIRMATION_OK"
21302,10411033693,10411033756,1,"IOTHUB_CLIENT_CONFIRMATION_OK"
21303,10411033893,10411033991,1,"IOTHUB_CLIENT_CONFIRMATION_OK"
21304,10411034093,10411034140,1,"IOTHUB_CLIENT_CONFIRMATION_OK"
21305,10411034293,10411034340,1,"IOTHUB_CLIENT_CONFIRMATION_OK"
21306,10411034493,10411034602,1,"IOTHUB_CLIENT_CONFIRMATION_OK"
21307,10411034693,10411034744,1,"IOTHUB_CLIENT_CONFIRMATION_OK"
21308,10411034893,10411034953,1,"IOTHUB_CLIENT_CONFIRMATION_OK"
21309,10411035094,10411035252,1,"IOTHUB_CLIENT_CONFIRMATION_OK"
21310,10411035294,10411035334,1,"IOTHUB_CLIENT_CONFIRMATION_OK"
21311,10411035494,10411035584,1,"IOTHUB_CLIENT_CONFIRMATION_OK"
21312,10411035694,10411035809,1,"IOTHUB_CLIENT_CONFIRMATION_OK"
21313,10411035894,10411035955,1,"IOTHUB_CLIENT_CONFIRMATION_OK"
21314,10411036094,10411036193,1,"IOTHUB_CLIENT_CONFIRMATION_OK"
21315,10411036295,10411036439,1,"IOTHUB_CLIENT_CONFIRMATION_OK"
21316,10411036495,10411036549,1,"IOTHUB_CLIENT_CONFIRMATION_OK"
21317,10411036695,10411036732,1,"IOTHUB_CLIENT_CONFIRMATION_OK"
21318,10411036895,10411037050,1,"IOTHUB_CLIENT_CONFIRMATION_OK"
21319,10411037095,10411037152,1,"IOTHUB_CLIENT_CONFIRMATION_OK"
21320,10411037295,10411037341,1,"IOTHUB_CLIENT_CONFIRMATION_OK"
21321,10411037495,10411037653,1,"IOTHUB_CLIENT_CONFIRMATION_OK"
21322,10411037696,10411037854,1,"IOTHUB_CLIENT_CONFIRMATION_OK"
21323,10411037896,10411037938,1,"IOTHUB_CLIENT_CONFIRMATION_OK"
21324,10411038096,10411038292,1,"IOTHUB_CLIENT_CONFIRMATION_OK"
21325,10411038296,10411038336,1,"IOTHUB_CLIENT_CONFIRMATION_OK"
21326,10411038496,10411038557,1,"IOTHUB_CLIENT_CONFIRMATION_OK"
21327,10411038696,10411038889,1,"IOTHUB_CLIENT_CONFIRMATION_OK"
21328,10411038897,10411038938,1,"IOTHUB_CLIENT_CONFIRMATION_OK"
21329,10411039097,10411039168,1,"IOTHUB_CLIENT_CONFIRMATION_OK"
21330,10411039297,10411039513,1,"IOTHUB_CLIENT_CONFIRMATION_OK"
21331,10411039497,10411039544,1,"IOTHUB_CLIENT_CONFIRMATION_OK"
21332,10411039697,10411039741,1,"IOTHUB_CLIENT_CONFIRMATION_OK"
21333,10411039897,10411040164,1,"IOTHUB_CLIENT_CONFIRMATION_OK"
21334,10411040097,10411040268,1,"IOTHUB_CLIENT_CONFIRMATION_OK"
21335,10411040298,10411040350,1,"IOTHUB_CLIENT_CONFIRMATION_OK"
21336,10411040498,10411040722,1,"IOTHUB_CLIENT_CONFIRMATION_OK"
21337,10411040698,10411040753,1,"IOTHUB_CLIENT_CONFIRMATION_OK"
21338,10411040898,10411040950,1,"IOTHUB_CLIENT_CONFIRMATION_OK"
21339,10411041098,10411041170,1,"IOTHUB_CLIENT_CONFIRMATION_OK"
21340,10411041298,10411041360,1,"IOTHUB_CLIENT_CONFIRMATION_OK"
21341,10411041499,10411041541,1,"IOTHUB_CLIENT_CONFIRMATION_OK"
21342,10411041699,10411041774,1,"IOTHUB_CLIENT_CONFIRMATION_OK"
21343,10411041899,10411041954,1,"IOTHUB_CLIENT_CONFIRMATION_OK"
21344,10411042099,10411042158,1,"IOTHUB_CLIENT_CONFIRMATION_OK"
21345,10411042299,10411042370,1,"IOTHUB_CLIENT_CONFIRMATION_OK"
21346,10411042499,10411042580,1,"IOTHUB_CLIENT_CONFIRMATION_OK"
21347,10411042700,10411042742,1,"IOTHUB_CLIENT_CONFIRMATION_OK"
21348,10411042900,10411043020,1,"IOTHUB_CLIENT_CONFIRMATION_OK"
21349,10411043100,10411043151,1,"IOTHUB_CLIENT_CONFIRMATION_OK"
21350,10411043300,10411043340,1,"IOTHUB_CLIENT_CONFIRMATION_OK"
21351,10411043500,10411043592,1,"IOTHUB_CLIENT_CONFIRMATION_OK"
21352,10411043700,10411043831,1,"IOTHUB_CLIENT_CONFIRMATION_OK"
21353,10411043900,10411043955,1,"IOTHUB_CLIENT_CONFIRMATION_OK"
21354,10411044101,10411044248,1,"IOTHUB_CLIENT_CONFIRMATION_OK"
21355,10411044301,10411044345,1,"IOTHUB_CLIENT_CONFIRMATION_OK"
21356,10411044501,10411044551,1,"IOTHUB_CLIENT_CONFIRMATION_OK"
21357,10411044701,10411044886,1,"IOTHUB_CLIENT_CONFIRMATION_OK"
21358,10411044901,10411044954,1,"IOTHUB_CLIENT_CONFIRMATION_OK"
21359,10411045101,10411045157,1,"IOTHUB_CLIENT_CONFIRMATION_OK"
21360,10411045301,10411045498,1,"IOTHUB_CLIENT_CONFIRMATION_OK"
21361,10411045502,10411045549,1,"IOTHUB_CLIENT_CONFIRMATION_OK"
21362,10411045702,10411045764,1,"IOTHUB_CLIENT_CONFIRMATION_OK"
21363,10411045902,10411046095,1,"IOTHUB_CLIENT_CONFIRMATION_OK"
21364,10411046102,10411046147,1,"IOTHUB_CLIENT_CONFIRMATION_OK"
21365,10411046302,10411046347,1,"IOTHUB_CLIENT_CONFIRMATION_OK"
21366,10411046502,10411046705,1,"IOTHUB_CLIENT_CONFIRMATION_OK"
21367,10411046703,10411046758,1,"IOTHUB_CLIENT_CONFIRMATION_OK"
21368,10411046903,10411046972,1,"IOTHUB_CLIENT_CONFIRMATION_OK"
21369,10411047103,10411047156,1,"IOTHUB_CLIENT_CONFIRMATION_OK"
21370,10411047303,10411047354,1,"IOTHUB_CLIENT_CONFIRMATION_OK"
21371,10411047503,10411047558,1,"IOTHUB_CLIENT_CONFIRMATION_OK"
21372,10411047703,10411047752,1,"IOTHUB_CLIENT_CONFIRMATION_OK"
21373,10411047904,10411047955,1,"IOTHUB_CLIENT_CONFIRMATION_OK"
21374,10411048104,10411048174,1,"IOTHUB_CLIENT_CONFIRMATION_OK"
21375,10411048304,10411048370,1,"IOTHUB_CLIENT_CONFIRMATION_OK"
21376,10411048504,10411048557,1,"IOTHUB_CLIENT_CONFIRMATION_OK"
21377,10411048704,10411048743,1,"IOTHUB_CLIENT_CONFIRMATION_OK"
21378,10411048904,10411048970,1,"IOTHUB_CLIENT_CONFIRMATION_OK"
21379,10411049104,10411049166,1,"IOTHUB_CLIENT_CONFIRMATION_OK"
21380,10411049305,10411049366,1,"IOTHUB_CLIENT_CONFIRMATION_OK"
21381,10411049505,10411049588,1,"IOTHUB_CLIENT_CONFIRMATION_OK"
21382,10411049705,10411049810,1,"IOTHUB_CLIENT_CONFIRMATION_OK"
21383,10411049905,10411049976,1,"IOTHUB_CLIENT_CONFIRMATION_OK"
21384,10411050105,10411050288,1,"IOTHUB_CLIENT_CONFIRMATION_OK"
21385,10411050305,10411050353,1,"IOTHUB_CLIENT_CONFIRMATION_OK"
21386,10411050505,10411050568,1,"IOTHUB_CLIENT_CONFIRMATION_OK"
21387,10411050706,10411050860,1,"IOTHUB_CLIENT_CONFIRMATION_OK"
21388,10411050906,10411050950,1,"IOTHUB_CLIENT_CONFIRMATION_OK"
21389,10411051106,10411051167,1,"IOTHUB_CLIENT_CONFIRMATION_OK"
21390,10411051306,10411051467,1,"IOTHUB_CLIENT_CONFIRMATION_OK"
21391,10411051506,10411051608,1,"IOTHUB_CLIENT_CONFIRMATION_OK"
21392,10411051706,10411051802,1,"IOTHUB_CLIENT_CONFIRMATION_OK"
21393,10411051907,10411052079,1,"IOTHUB_CLIENT_CONFIRMATION_OK"
21394,10411052107,10411052161,1,"IOTHUB_CLIENT_CONFIRMATION_OK"
21395,10411052307,10411052364,1,"IOTHUB_CLIENT_CONFIRMATION_OK"
21396,10411052507,10411052667,1,"IOTHUB_CLIENT_CONFIRMATION_OK"
21397,10411052707,10411052757,1,"IOTHUB_CLIENT_CONFIRMATION_OK"
21398,10411052907,10411052968,1,"IOTHUB_CLIENT_CONFIRMATION_OK"
21399,10411053108,10411053287,1,"IOTHUB_CLIENT_CONFIRMATION_OK"
21400,10411053308,10411053361,1,"IOTHUB_CLIENT_CONFIRMATION_OK"
21401,10411053508,10411053580,1,"IOTHUB_CLIENT_CONFIRMATION_OK"
21402,10411053708,10411053891,1,"IOTHUB_CLIENT_CONFIRMATION_OK"
21403,10411053908,10411053954,1,"IOTHUB_CLIENT_CONFIRMATION_OK"
21404,10411054108,10411054255,1,"IOTHUB_CLIENT_CONFIRMATION_OK"
21405,10411054308,10411054500,1,"IOTHUB_CLIENT_CONFIRMATION_OK"
21406,10411054509,10411054575,1,"IOTHUB_CLIENT_CONFIRMATION_OK"
21407,10411054709,10411054751,1,"IOTHUB_CLIENT_CONFIRMATION_OK"
21408,10411054909,10411054950,1,"IOTHUB_CLIENT_CONFIRMATION_OK"
21409,10411055109,10411055161,1,"IOTHUB_CLIENT_CONFIRMATION_OK"
21410,10411055309,10411055356,1,"IOTHUB_CLIENT_CONFIRMATION_OK"
21411,10411055509,10411055568,1,"IOTHUB_CLIENT_CONFIRMATION_OK"
21412,10411055710,10411055770,1,"IOTHUB_CLIENT_CONFIRMATION_OK"
21413,10411055910,10411055954,1,"IOTHUB_CLIENT_CONFIRMATION_OK"
21414,10411056110,10411056154,1,"IOTHUB_CLIENT_CONFIRMATION_OK"
21415,10411056310,10411056349,1,"IOTHUB_CLIENT_CONFIRMATION_OK"
21416,10411056510,10411056549,1,"IOTHUB_CLIENT_CONFIRMATION_OK"
21417,10411056710,10411056788,1,"IOTHUB_CLIENT_CONFIRMATION_OK"
21418,10411056911,10411056986,1,"IOTHUB_CLIENT_CONFIRMATION_OK"
21419,10411057111,10411057153,1,"IOTHUB_CLIENT_CONFIRMATION_OK"
21420,10411057311,10411057409,1,"IOTHUB_CLIENT_CONFIRMATION_OK"
21421,10411057511,10411057553,1,"IOTHUB_CLIENT_CONFIRMATION_OK"
21422,10411057711,10411057753,1,"IOTHUB_CLIENT_CONFIRMATION_OK"
21423,10411057911,10411058035,1,"IOTHUB_CLIENT_CONFIRMATION_OK"
21424,10411058112,10411058159,1,"IOTHUB_CLIENT_CONFIRMATION_OK"
21425,10411058312,10411058358,1,"IOTHUB_CLIENT_CONFIRMATION_OK"
21426,10411058512,10411058636,1,"IOTHUB_CLIENT_CONFIRMATION_OK"
21427,10411058712,10411058768,1,"IOTHUB_CLIENT_CONFIRMATION_OK"
21428,10411058912,10411058955,1,"IOTHUB_CLIENT_CONFIRMATION_OK"
21429,10411059112,10411059226,1,"IOTHUB_CLIENT_CONFIRMATION_OK"
21430,10411059312,10411059354,1,"IOTHUB_CLIENT_CONFIRMATION_OK"
21431,10411059513,10411059560,1,"IOTHUB_CLIENT_CONFIRMATION_OK"
21432,10411059713,10411059942,1,"IOTHUB_CLIENT_CONFIRMATION_OK"
21433,10411059913,10411059977,1,"IOTHUB_CLIENT_CONFIRMATION_OK"
21434,10411060113,10411060182,1,"IOTHUB_CLIENT_CONFIRMATION_OK"
21435,10411060313,10411060471,1,"IOTHUB_CLIENT_CONFIRMATION_OK"
21436,10411060513,10411060652,1,"IOTHUB_CLIENT_CONFIRMATION_OK"
21437,10411060714,10411060762,1,"IOTHUB_CLIENT_CONFIRMATION_OK"
21438,10411060914,10411061072,1,"IOTHUB_CLIENT_CONFIRMATION_OK"
21439,10411061114,10411061161,1,"IOTHUB_CLIENT_CONFIRMATION_OK"
21440,10411061314,10411061372,1,"IOTHUB_CLIENT_CONFIRMATION_OK"
21441,10411061514,10411061675,1,"IOTHUB_CLIENT_CONFIRMATION_OK"
21442,10411061714,10411061787,1,"IOTHUB_CLIENT_CONFIRMATION_OK"
21443,10411061915,10411061968,1,"IOTHUB_CLIENT_CONFIRMATION_OK"
21444,10411062115,10411062291,1,"IOTHUB_CLIENT_CONFIRMATION_OK"
21445,10411062315,10411062363,1,"IOTHUB_CLIENT_CONFIRMATION_OK"
21446,10411062515,10411062584,1,"IOTHUB_CLIENT_CONFIRMATION_OK"
21447,10411062715,10411062889,1,"IOTHUB_CLIENT_CONFIRMATION_OK"
21448,10411062915,10411062958,1,"IOTHUB_CLIENT_CONFIRMATION_OK"
21449,10411063116,10411063159,1,"IOTHUB_CLIENT_CONFIRMATION_OK"
21450,10411063316,10411063554,1,"IOTHUB_CLIENT_CONFIRMATION_OK"
21451,10411063516,10411063597,1,"IOTHUB_CLIENT_CONFIRMATION_OK"
21452,10411063716,10411063766,1,"IOTHUB_CLIENT_CONFIRMATION_OK"
21453,10411063916,10411064136,1,"IOTHUB_CLIENT_CONFIRMATION_OK"
21454,10411064116,10411064185,1,"IOTHUB_CLIENT_CONFIRMATION_OK"
21455,10411064317,10411064402,1,"IOTHUB_CLIENT_CONFIRMATION_OK"
21456,10411064517,10411064558,1,"IOTHUB_CLIENT_CONFIRMATION_OK"
21457,10411064717,10411064764,1,"IOTHUB_CLIENT_CONFIRMATION_OK"
21458,10411064917,10411064992,1,"IOTHUB_CLIENT_CONFIRMATION_OK"
21459,10411065117,10411065165,1,"IOTHUB_CLIENT_CONFIRMATION_OK"
21460,10411065317,10411065378,1,"IOTHUB_CLIENT_CONFIRMATION_OK"
21461,10411065517,10411065565,1,"IOTHUB_CLIENT_CONFIRMATION_OK"
21462,10411065718,10411065761,1,"IOTHUB_CLIENT_CONFIRMATION_OK"
21463,10411065918,10411065956,1,"IOTHUB_CLIENT_CONFIRMATION_OK"
21464,10411066118,10411066161,1,"IOTHUB_CLIENT_CONFIRMATION_OK"
21465,10411066318,10411066364,1,"IOTHUB_CLIENT_CONFIRMATION_OK"
21466,10411066518,10411066563,1,"IOTHUB_CLIENT_CONFIRMATION_OK"
21467,10411066718,10411066785,1,"IOTHUB_CLIENT_CONFIRMATION_OK"
21468,10411066919,10411066966,1,"IOTHUB_CLIENT_CONFIRMATION_OK"
21469,10411067119,10411067161,1,"IOTHUB_CLIENT_CONFIRMATION_OK"
21470,10411067319,10411067367,1,"IOTHUB_CLIENT_CONFIRMATION_OK"
21471,10411067519,10411067611,1,"IOTHUB_CLIENT_CONFIRMATION_OK"
21472,10411067719,10411067776,1,"IOTHUB_CLIENT_CONFIRMATION_OK"
21473,10411067919,10411067957,1,"IOTHUB_CLIENT_CONFIRMATION_OK"
21474,10411068119,10411068197,1,"IOTHUB_CLIENT_CONFIRMATION_OK"
21475,10411068320,10411068372,1,"IOTHUB_CLIENT_CONFIRMATION_OK"
21476,10411068520,10411068579,1,"IOTHUB_CLIENT_CONFIRMATION_OK"
21477,10411068720,10411068833,1,"IOTHUB_CLIENT_CONFIRMATION_OK"
21478,10411068920,10411068968,1,"IOTHUB_CLIENT_CONFIRMATION_OK"
21479,10411069120,10411069163,1,"IOTHUB_CLIENT_CONFIRMATION_OK"
21480,10411069320,10411069443,1,"IOTHUB_CLIENT_CONFIRMATION_OK"
21481,10411069521,10411069576,1,"IOTHUB_CLIENT_CONFIRMATION_OK"
21482,10411069721,10411069783,1,"IOTHUB_CLIENT_CONFIRMATION_OK"
21483,10411069921,10411070052,1,"IOTHUB_CLIENT_CONFIRMATION_OK"
21484,10411070121,10411070170,1,"IOTHUB_CLIENT_CONFIRMATION_OK"
21485,10411070321,10411070374,1,"IOTHUB_CLIENT_CONFIRMATION_OK"
21486,10411070521,10411070659,1,"IOTHUB_CLIENT_CONFIRMATION_OK"
21487,10411070722,10411070779,1,"IOTHUB_CLIENT_CONFIRMATION_OK"
21488,10411070922,10411071001,1,"IOTHUB_CLIENT_CONFIRMATION_OK"
21489,10411071122,10411071291,1,"IOTHUB_CLIENT_CONFIRMATION_OK"
21490,10411071322,10411071377,1,"IOTHUB_CLIENT_CONFIRMATION_OK"
21491,10411071522,10411071564,1,"IOTHUB_CLIENT_CONFIRMATION_OK"
21492,10411071722,10411071881,1,"IOTHUB_CLIENT_CONFIRMATION_OK"
21493,10411071922,10411071977,1,"IOTHUB_CLIENT_CONFIRMATION_OK"
21494,10411072123,10411072171,1,"IOTHUB_CLIENT_CONFIRMATION_OK"
21495,10411072323,10411072505,1,"IOTHUB_CLIENT_CONFIRMATION_OK"
21496,10411072523,10411072637,1,"IOTHUB_CLIENT_CONFIRMATION_OK"
21497,10411072723,10411072767,1,"IOTHUB_CLIENT_CONFIRMATION_OK"
21498,10411072923,10411073114,1,"IOTHUB_CLIENT_CONFIRMATION_OK"
21499,10411073123,10411073171,1,"IOTHUB_CLIENT_CONFIRMATION_OK"
21500,10411073323,10411073366,1,"IOTHUB_CLIENT_CONFIRMATION_OK"
21501,10411073524,10411073575,1,"IOTHUB_CLIENT_CONFIRMATION_OK"
21502,10411073724,10411073768,1,"IOTHUB_CLIENT_CONFIRMATION_OK"
21503,10411073924,10411073973,1,"IOTHUB_CLIENT_CONFIRMATION_OK"
21504,10411074124,10411074175,1,"IOTHUB_CLIENT_CONFIRMATION_OK"
21505,10411074324,10411074374,1,"IOTHUB_CLIENT_CONFIRMATION_OK"
21506,10411074524,10411074589,1,"IOTHUB_CLIENT_CONFIRMATION_OK"
21507,10411074725,10411074809,1,"IOTHUB_CLIENT_CONFIRMATION_OK"
21508,10411074925,10411074962,1,"IOTHUB_CLIENT_CONFIRMATION_OK"
21509,10411075125,10411075175,1,"IOTHUB_CLIENT_CONFIRMATION_OK"
21510,10411075325,10411075434,1,"IOTHUB_CLIENT_CONFIRMATION_OK"
21511,10411075525,10411075595,1,"IOTHUB_CLIENT_CONFIRMATION_OK"
21512,10411075725,10411075778,1,"IOTHUB_CLIENT_CONFIRMATION_OK"
21513,10411075926,10411076072,1,"IOTHUB_CLIENT_CONFIRMATION_OK"
21514,10411076126,10411076163,1,"IOTHUB_CLIENT_CONFIRMATION_OK"
21515,10411076326,10411076376,1,"IOTHUB_CLIENT_CONFIRMATION_OK"
21516,10411076526,10411076697,1,"IOTHUB_CLIENT_CONFIRMATION_OK"
21517,10411076726,10411076779,1,"IOTHUB_CLIENT_CONFIRMATION_OK"
21518,10411076926,10411077002,1,"IOTHUB_CLIENT_CONFIRMATION_OK"
21519,10411077127,10411077265,1,"IOTHUB_CLIENT_CONFIRMATION_OK"
21520,10411077327,10411077378,1,"IOTHUB_CLIENT_CONFIRMATION_OK"
21521,10411077527,10411077587,1,"IOTHUB_CLIENT_CONFIRMATION_OK"
21522,10411077727,10411077897,1,"IOTHUB_CLIENT_CONFIRMATION_OK"
21523,10411077927,10411077989,1,"IOTHUB_CLIENT_CONFIRMATION_OK"
21524,10411078127,10411078165,1,"IOTHUB_CLIENT_CONFIRMATION_OK"
21525,10411078328,10411078504,1,"IOTHUB_CLIENT_CONFIRMATION_OK"
21526,10411078528,10411078570,1,"IOTHUB_CLIENT_CONFIRMATION_OK"
21527,10411078728,10411078789,1,"IOTHUB_CLIENT_CONFIRMATION_OK"
21528,10411078928,10411079180,1,"IOTHUB_CLIENT_CONFIRMATION_OK"
21529,10411079128,10411079269,1,"IOTHUB_CLIENT_CONFIRMATION_OK"
21530,10411079328,10411079374,1,"IOTHUB_CLIENT_CONFIRMATION_OK"
21531,10411079528,10411079580,1,"IOTHUB_CLIENT_CONFIRMATION_OK"
21532,10411079729,10411079781,1,"IOTHUB_CLIENT_CONFIRMATION_OK"
21533,10411079929,10411079983,1,"IOTHUB_CLIENT_CONFIRMATION_OK"
21534,10411080129,10411080183,1,"IOTHUB_CLIENT_CONFIRMATION_OK"
21535,10411080329,10411080373,1,"IOTHUB_CLIENT_CONFIRMATION_OK"
21536,10411080529,10411080570,1,"IOTHUB_CLIENT_CONFIRMATION_OK"
21537,10411080729,10411080770,1,"IOTHUB_CLIENT_CONFIRMATION_OK"
21538,10411080929,10411080972,1,"IOTHUB_CLIENT_CONFIRMATION_OK"
21539,10411081130,10411081193,1,"IOTHUB_CLIENT_CONFIRMATION_OK"
21540,10411081330,10411081392,1,"IOTHUB_CLIENT_CONFIRMATION_OK"
21541,10411081530,10411081582,1,"IOTHUB_CLIENT_CONFIRMATION_OK"
21542,10411081730,10411081782,1,"IOTHUB_CLIENT_CONFIRMATION_OK"
21543,10411081930,10411081990,1,"IOTHUB_CLIENT_CONFIRMATION_OK"
21544,10411082130,10411082182,1,"IOTHUB_CLIENT_CONFIRMATION_OK"
21545,10411082331,10411082370,1,"IOTHUB_CLIENT_CONFIRMATION_OK"
21546,10411082531,10411082604,1,"IOTHUB_CLIENT_CONFIRMATION_OK"
21547,10411082731,10411082785,1,"IOTHUB_CLIENT_CONFIRMATION_OK"
21548,10411082931,10411082980,1,"IOTHUB_CLIENT_CONFIRMATION_OK"
21549,10411083131,10411083278,1,"IOTHUB_CLIENT_CONFIRMATION_OK"
21550,10411083331,10411083379,1,"IOTHUB_CLIENT_CONFIRMATION_OK"
21551,10411083531,10411083585,1,"IOTHUB_CLIENT_CONFIRMATION_OK"
21552,10411083732,10411083878,1,"IOTHUB_CLIENT_CONFIRMATION_OK"
21553,10411083932,10411084043,1,"IOTHUB_CLIENT_CONFIRMATION_OK"
21554,10411084132,10411084170,1,"IOTHUB_CLIENT_CONFIRMATION_OK"
21555,10411084332,10411084487,1,"IOTHUB_CLIENT_CONFIRMATION_OK"
21556,10411084532,10411084587,1,"IOTHUB_CLIENT_CONFIRMATION_OK"
21557,10411084732,10411084774,1,"IOTHUB_CLIENT_CONFIRMATION_OK"
21558,10411084932,10411085104,1,"IOTHUB_CLIENT_CONFIRMATION_OK"
21559,10411085133,10411085176,1,"IOTHUB_CLIENT_CONFIRMATION_OK"
21560,10411085333,10411085399,1,"IOTHUB_CLIENT_CONFIRMATION_OK"
21561,10411085533,10411085579,1,"IOTHUB_CLIENT_CONFIRMATION_OK"
21562,10411085733,10411085784,1,"IOTHUB_CLIENT_CONFIRMATION_OK"
21563,10411085933,10411085990,1,"IOTHUB_CLIENT_CONFIRMATION_OK"
21564,10411086133,10411086270,1,"IOTHUB_CLIENT_CONFIRMATION_OK"
21565,10411086334,10411086382,1,"IOTHUB_CLIENT_CONFIRMATION_OK"
21566,10411086534,10411086572,1,"IOTHUB_CLIENT_CONFIRMATION_OK"
21567,10411086734,10411086862,1,"IOTHUB_CLIENT_CONFIRMATION_OK"
21568,10411086934,10411087025,1,"IOTHUB_CLIENT_CONFIRMATION_OK"
21569,10411087134,10411087200,1,"IOTHUB_CLIENT_CONFIRMATION_OK"
21570,10411087334,10411087489,1,"IOTHUB_CLIENT_CONFIRMATION_OK"
21571,10411087534,10411087581,1,"IOTHUB_CLIENT_CONFIRMATION_OK"
21572,10411087735,10411087783,1,"IOTHUB_CLIENT_CONFIRMATION_OK"
21573,10411087935,10411088119,1,"IOTHUB_CLIENT_CONFIRMATION_OK"
21574,10411088135,10411088175,1,"IOTHUB_CLIENT_CONFIRMATION_OK"
21575,10411088335,10411088382,1,"IOTHUB_CLIENT_CONFIRMATION_OK"
21576,10411088535,10411088698,1,"IOTHUB_CLIENT_CONFIRMATION_OK"
21577,10411088735,10411088802,1,"IOTHUB_CLIENT_CONFIRMATION_OK"
21578,10411088935,10411088978,1,"IOTHUB_CLIENT_CONFIRMATION_OK"
21579,10411089136,10411089298,1,"IOTHUB_CLIENT_CONFIRMATION_OK"
21580,10411089336,10411089372,1,"IOTHUB_CLIENT_CONFIRMATION_OK"
21581,10411089536,10411089603,1,"IOTHUB_CLIENT_CONFIRMATION_OK"
21582,10411089736,10411089910,1,"IOTHUB_CLIENT_CONFIRMATION_OK"
21583,10411089936,10411089996,1,"IOTHUB_CLIENT_CONFIRMATION_OK"
21584,10411090136,10411090203,1,"IOTHUB_CLIENT_CONFIRMATION_OK"
21585,10411090337,10411090549,1,"IOTHUB_CLIENT_CONFIRMATION_OK"
21586,10411090537,10411090629,1,"IOTHUB_CLIENT_CONFIRMATION_OK"
21587,10411090737,10411090793,1,"IOTHUB_CLIENT_CONFIRMATION_OK"
21588,10411090937,10411091128,1,"IOTHUB_CLIENT_CONFIRMATION_OK"
21589,10411091137,10411091185,1,"IOTHUB_CLIENT_CONFIRMATION_OK"
21590,10411091337,10411091391,1,"IOTHUB_CLIENT_CONFIRMATION_OK"
21591,10411091537,10411091599,1,"IOTHUB_CLIENT_CONFIRMATION_OK"
21592,10411091738,10411091820,1,"IOTHUB_CLIENT_CONFIRMATION_OK"
21593,10411091938,10411091997,1,"IOTHUB_CLIENT_CONFIRMATION_OK"
21594,10411092138,10411092227,1,"IOTHUB_CLIENT_CONFIRMATION_OK"
21595,10411092338,10411092387,1,"IOTHUB_CLIENT_CONFIRMATION_OK"
21596,10411092538,10411092576,1,"IOTHUB_CLIENT_CONFIRMATION_OK"
21597,10411092738,10411092853,1,"IOTHUB_CLIENT_CONFIRMATION_OK"
21598,10411092939,10411093002,1,"IOTHUB_CLIENT_CONFIRMATION_OK"
21599,10411093139,10411093235,1,"IOTHUB_CLIENT_CONFIRMATION_OK"
21600,10411093339,10411093459,1,"IOTHUB_CLIENT_CONFIRMATION_OK"
21601,10411093539,10411093582,1,"IOTHUB_CLIENT_CONFIRMATION_OK"
21602,10411093739,10411093799,1,"IOTHUB_CLIENT_CONFIRMATION_OK"
21603,10411093939,10411094081,1,"IOTHUB_CLIENT_CONFIRMATION_OK"
21604,10411094140,10411094214,1,"IOTHUB_CLIENT_CONFIRMATION_OK"
21605,10411094340,10411094396,1,"IOTHUB_CLIENT_CONFIRMATION_OK"
21606,10411094540,10411094714,1,"IOTHUB_CLIENT_CONFIRMATION_OK"
21607,10411094740,10411094793,1,"IOTHUB_CLIENT_CONFIRMATION_OK"
21608,10411094940,10411094986,1,"IOTHUB_CLIENT_CONFIRMATION_OK"
21609,10411095140,10411095325,1,"IOTHUB_CLIENT_CONFIRMATION_OK"
21610,10411095340,10411095401,1,"IOTHUB_CLIENT_CONFIRMATION_OK"
21611,10411095541,10411095579,1,"IOTHUB_CLIENT_CONFIRMATION_OK"
21612,10411095741,10411095906,1,"IOTHUB_CLIENT_CONFIRMATION_OK"
21613,10411095941,10411095986,1,"IOTHUB_CLIENT_CONFIRMATION_OK"
21614,10411096141,10411096190,1,"IOTHUB_CLIENT_CONFIRMATION_OK"
21615,10411096341,10411096534,1,"IOTHUB_CLIENT_CONFIRMATION_OK"
21616,10411096541,10411096599,1,"IOTHUB_CLIENT_CONFIRMATION_OK"
21617,10411096742,10411096816,1,"IOTHUB_CLIENT_CONFIRMATION_OK"
21618,10411096942,10411097032,1,"IOTHUB_CLIENT_CONFIRMATION_OK"
21619,10411097142,10411097185,1,"IOTHUB_CLIENT_CONFIRMATION_OK"
21620,10411097342,10411097410,1,"IOTHUB_CLIENT_CONFIRMATION_OK"
21621,10411097542,10411097603,1,"IOTHUB_CLIENT_CONFIRMATION_OK"
21622,10411097742,10411097788,1,"IOTHUB_CLIENT_CONFIRMATION_OK"
21623,10411097942,10411098004,1,"IOTHUB_CLIENT_CONFIRMATION_OK"
21624,10411098143,10411098219,1,"IOTHUB_CLIENT_CONFIRMATION_OK"
21625,10411098343,10411098399,1,"IOTHUB_CLIENT_CONFIRMATION_OK"
21626,10411098543,10411098610,1,"IOTHUB_CLIENT_CONFIRMATION_OK"
21627,10411098743,10411098934,1,"IOTHUB_CLIENT_CONFIRMATION_OK"
21628,10411098943,10411099006,1,"IOTHUB_CLIENT_CONFIRMATION_OK"
21629,10411099143,10411099227,1,"IOTHUB_CLIENT_CONFIRMATION_OK"
21630,10411099344,10411099439,1,"IOTHUB_CLIENT_CONFIRMATION_OK"
21631,10411099544,10411099597,1,"IOTHUB_CLIENT_CONFIRMATION_OK"
21632,10411099744,10411099791,1,"IOTHUB_CLIENT_CONFIRMATION_OK"
21633,10411099944,10411100040,1,"IOTHUB_CLIENT_CONFIRMATION_OK"
21634,10411100144,10411100188,1,"IOTHUB_CLIENT_CONFIRMATION_OK"
21635,10411100344,10411100390,1,"IOTHUB_CLIENT_CONFIRMATION_OK"
21636,10411100544,10411100664,1,"IOTHUB_CLIENT_CONFIRMATION_OK"
21637,10411100745,10411100834,1,"IOTHUB_CLIENT_CONFIRMATION_OK"
21638,10411100945,10411101016,1,"IOTHUB_CLIENT_CONFIRMATION_OK"
21639,10411101145,10411101288,1,"IOTHUB_CLIENT_CONFIRMATION_OK"
21640,10411101345,10411101399,1,"IOTHUB_CLIENT_CONFIRMATION_OK"
21641,10411101545,10411101594,1,"IOTHUB_CLIENT_CONFIRMATION_OK"
21642,10411101745,10411101911,1,"IOTHUB_CLIENT_CONFIRMATION_OK"
21643,10411101946,10411102006,1,"IOTHUB_CLIENT_CONFIRMATION_OK"
21644,10411102146,10411102189,1,"IOTHUB_CLIENT_CONFIRMATION_OK"
21645,10411102346,10411102532,1,"IOTHUB_CLIENT_CONFIRMATION_OK"
21646,10411102546,10411102587,1,"IOTHUB_CLIENT_CONFIRMATION_OK"
21647,10411102746,10411102801,1,"IOTHUB_CLIENT_CONFIRMATION_OK"
21648,10411102946,10411103140,1,"IOTHUB_CLIENT_CONFIRMATION_OK"
21649,10411103146,10411103187,1,"IOTHUB_CLIENT_CONFIRMATION_OK"
21650,10411103347,10411103438,1,"IOTHUB_CLIENT_CONFIRMATION_OK"
21651,10411103547,10411103628,1,"IOTHUB_CLIENT_CONFIRMATION_OK"
21652,10411103747,10411103803,1,"IOTHUB_CLIENT_CONFIRMATION_OK"
21653,10411103947,10411103985,1,"IOTHUB_CLIENT_CONFIRMATION_OK"
21654,10411104147,10411104229,1,"IOTHUB_CLIENT_CONFIRMATION_OK"
21655,10411104347,10411104430,1,"IOTHUB_CLIENT_CONFIRMATION_OK"
21656,10411104548,10411104600,1,"IOTHUB_CLIENT_CONFIRMATION_OK"
21657,10411104748,10411104841,1,"IOTHUB_CLIENT_CONFIRMATION_OK"
21658,10411104948,10411104990,1,"IOTHUB_CLIENT_CONFIRMATION_OK"
21659,10411105148,10411105222,1,"IOTHUB_CLIENT_CONFIRMATION_OK"
21660,10411105348,10411105456,1,"IOTHUB_CLIENT_CONFIRMATION_OK"
21661,10411105548,10411105600,1,"IOTHUB_CLIENT_CONFIRMATION_OK"
21662,10411105748,10411105797,1,"IOTHUB_CLIENT_CONFIRMATION_OK"
21663,10411105949,10411106058,1,"IOTHUB_CLIENT_CONFIRMATION_OK"
21664,10411106149,10411106184,1,"IOTHUB_CLIENT_CONFIRMATION_OK"
21665,10411106349,10411106416,1,"IOTHUB_CLIENT_CONFIRMATION_OK"
21666,10411106549,10411106702,1,"IOTHUB_CLIENT_CONFIRMATION_OK"
21667,10411106749,10411106827,1,"IOTHUB_CLIENT_CONFIRMATION_OK"
21668,10411106949,10411106995,1,"IOTHUB_CLIENT_CONFIRMATION_OK"
21669,10411107150,10411107285,1,"IOTHUB_CLIENT_CONFIRMATION_OK"
21670,10411107350,10411107396,1,"IOTHUB_CLIENT_CONFIRMATION_OK"
21671,10411107550,10411107595,1,"IOTHUB_CLIENT_CONFIRMATION_OK"
21672,10411107750,10411107863,1,"IOTHUB_CLIENT_CONFIRMATION_OK"
21673,10411107950,10411107996,1,"IOTHUB_CLIENT_CONFIRMATION_OK"
21674,10411108150,10411108198,1,"IOTHUB_CLIENT_CONFIRMATION_OK"
21675,10411108350,10411108482,1,"IOTHUB_CLIENT_CONFIRMATION_OK"
21676,10411108551,10411108610,1,"IOTHUB_CLIENT_CONFIRMATION_OK"
21677,10411108751,10411108811,1,"IOTHUB_CLIENT_CONFIRMATION_OK"
21678,10411108951,10411109111,1,"IOTHUB_CLIENT_CONFIRMATION_OK"
21679,10411109151,10411109193,1,"IOTHUB_CLIENT_CONFIRMATION_OK"
21680,10411109351,10411109419,1,"IOTHUB_CLIENT_CONFIRMATION_OK"
21681,10411109551,10411109708,1,"IOTHUB_CLIENT_CONFIRMATION_OK"
21682,10411109751,10411109813,1,"IOTHUB_CLIENT_CONFIRMATION_OK"
21683,10411109952,10411110114,1,"IOTHUB_CLIENT_CONFIRMATION_OK"
21684,10411110152,10411110310,1,"IOTHUB_CLIENT_CONFIRMATION_OK"
21685,10411110352,10411110403,1,"IOTHUB_CLIENT_CONFIRMATION_OK"
21686,10411110552,10411110618,1,"IOTHUB_CLIENT_CONFIRMATION_OK"
21687,10411110752,10411110912,1,"IOTHUB_CLIENT_CONFIRMATION_OK"
21688,10411110952,10411111017,1,"IOTHUB_CLIENT_CONFIRMATION_OK"
21689,10411111152,10411111194,1,"IOTHUB_CLIENT_CONFIRMATION_OK"
21690,10411111353,10411111542,1,"IOTHUB_CLIENT_CONFIRMATION_OK"
21691,10411111553,10411111631,1,"IOTHUB_CLIENT_CONFIRMATION_OK"
21692,10411111753,10411111793,1,"IOTHUB_CLIENT_CONFIRMATION_OK"
21693,10411111953,10411112157,1,"IOTHUB_CLIENT_CONFIRMATION_OK"
21694,10411112153,10411112212,1,"IOTHUB_CLIENT_CONFIRMATION_OK"
21695,10411112353,10411112395,1,"IOTHUB_CLIENT_CONFIRMATION_OK"
21696,10411112554,10411112737,1,"IOTHUB_CLIENT_CONFIRMATION_OK"
21697,10411112754,10411112814,1,"IOTHUB_CLIENT_CONFIRMATION_OK"
21698,10411112954,10411112992,1,"IOTHUB_CLIENT_CONFIRMATION_OK"
21699,10411113154,10411113238,1,"IOTHUB_CLIENT_CONFIRMATION_OK"
21700,10411113354,10411113392,1,"IOTHUB_CLIENT_CONFIRMATION_OK"
21701,10411113554,10411113625,1,"IOTHUB_CLIENT_CONFIRMATION_OK"
21702,10411113754,10411113792,1,"IOTHUB_CLIENT_CONFIRMATION_OK"
21703,10411113955,10411114021,1,"IOTHUB_CLIENT_CONFIRMATION_OK"
21704,10411114155,10411114206,1,"IOTHUB_CLIENT_CONFIRMATION_OK"
21705,10411114355,10411114457,1,"IOTHUB_CLIENT_CONFIRMATION_OK"
21706,10411114555,10411114593,1,"IOTHUB_CLIENT_CONFIRMATION_OK"
21707,10411114755,10411114815,1,"IOTHUB_CLIENT_CONFIRMATION_OK"
21708,10411114955,10411115035,1,"IOTHUB_CLIENT_CONFIRMATION_OK"
21709,10411115156,10411115240,1,"IOTHUB_CLIENT_CONFIRMATION_OK"
21710,10411115356,10411115404,1,"IOTHUB_CLIENT_CONFIRMATION_OK"
21711,10411115556,10411115653,1,"IOTHUB_CLIENT_CONFIRMATION_OK"
21712,10411115756,10411115815,1,"IOTHUB_CLIENT_CONFIRMATION_OK"
21713,10411115956,10411115994,1,"IOTHUB_CLIENT_CONFIRMATION_OK"
21714,10411116156,10411116279,1,"IOTHUB_CLIENT_CONFIRMATION_OK"
21715,10411116357,10411116410,1,"IOTHUB_CLIENT_CONFIRMATION_OK"
21716,10411116557,10411116616,1,"IOTHUB_CLIENT_CONFIRMATION_OK"
21717,10411116757,10411116881,1,"IOTHUB_CLIENT_CONFIRMATION_OK"
21718,10411116957,10411117023,1,"IOTHUB_CLIENT_CONFIRMATION_OK"
21719,10411117157,10411117236,1,"IOTHUB_CLIENT_CONFIRMATION_OK"
21720,10411117357,10411117507,1,"IOTHUB_CLIENT_CONFIRMATION_OK"
21721,10411117557,10411117611,1,"IOTHUB_CLIENT_CONFIRMATION_OK"
21722,10411117758,10411117807,1,"IOTHUB_CLIENT_CONFIRMATION_OK"
21723,10411117958,10411117996,1,"IOTHUB_CLIENT_CONFIRMATION_OK"
21724,10411118158,10411118196,1,"IOTHUB_CLIENT_CONFIRMATION_OK"
21725,10411118358,10411118406,1,"IOTHUB_CLIENT_CONFIRMATION_OK"
21726,10411118558,10411118615,1,"IOTHUB_CLIENT_CONFIRMATION_OK"
21727,10411118758,10411118836,1,"IOTHUB_CLIENT_CONFIRMATION_OK"
21728,10411118959,10411119004,1,"IOTHUB_CLIENT_CONFIRMATION_OK"
21729,10411119159,10411119204,1,"IOTHUB_CLIENT_CONFIRMATION_OK"
21730,10411119359,10411119409,1,"IOTHUB_CLIENT_CONFIRMATION_OK"
21731,10411119559,10411119615,1,"IOTHUB_CLIENT_CONFIRMATION_OK"
21732,10411119759,10411119807,1,"IOTHUB_CLIENT_CONFIRMATION_OK"
21733,10411119959,10411120000,1,"IOTHUB_CLIENT_CONFIRMATION_OK"
21734,10411120159,10411120204,1,"IOTHUB_CLIENT_CONFIRMATION_OK"
21735,10411120360,10411120464,1,"IOTHUB_CLIENT_CONFIRMATION_OK"
21736,10411120560,10411120640,1,"IOTHUB_CLIENT_CONFIRMATION_OK"
21737,10411120760,10411120801,1,"IOTHUB_CLIENT_CONFIRMATION_OK"
21738,10411120960,10411121092,1,"IOTHUB_CLIENT_CONFIRMATION_OK"
21739,10411121160,10411121254,1,"IOTHUB_CLIENT_CONFIRMATION_OK"
21740,10411121360,10411121411,1,"IOTHUB_CLIENT_CONFIRMATION_OK"
21741,10411121561,10411121654,1,"IOTHUB_CLIENT_CONFIRMATION_OK"
21742,10411121761,10411121808,1,"IOTHUB_CLIENT_CONFIRMATION_OK"
21743,10411121961,10411122008,1,"IOTHUB_CLIENT_CONFIRMATION_OK"
21744,10411122161,10411122291,1,"IOTHUB_CLIENT_CONFIRMATION_OK"
21745,10411122361,10411122407,1,"IOTHUB_CLIENT_CONFIRMATION_OK"
21746,10411122561,10411122634,1,"IOTHUB_CLIENT_CONFIRMATION_OK"
21747,10411122761,10411122891,1,"IOTHUB_CLIENT_CONFIRMATION_OK"
21748,10411122962,10411123015,1,"IOTHUB_CLIENT_CONFIRMATION_OK"
21749,10411123162,10411123212,1,"IOTHUB_CLIENT_CONFIRMATION_OK"
21750,10411123362,10411123508,1,"IOTHUB_CLIENT_CONFIRMATION_OK"
21751,10411123562,10411123600,1,"IOTHUB_CLIENT_CONFIRMATION_OK"
21752,10411123762,10411123811,1,"IOTHUB_CLIENT_CONFIRMATION_OK"
21753,10411123962,10411124125,1,"IOTHUB_CLIENT_CONFIRMATION_OK"
21754,10411124163,10411124206,1,"IOTHUB_CLIENT_CONFIRMATION_OK"
21755,10411124363,10411124420,1,"IOTHUB_CLIENT_CONFIRMATION_OK"
21756,10411124563,10411124811,1,"IOTHUB_CLIENT_CONFIRMATION_OK"
21757,10411124763,10411124850,1,"IOTHUB_CLIENT_CONFIRMATION_OK"
21758,10411124963,10411125041,1,"IOTHUB_CLIENT_CONFIRMATION_OK"
21759,10411125163,10411125207,1,"IOTHUB_CLIENT_CONFIRMATION_OK"
21760,10411125364,10411125425,1,"IOTHUB_CLIENT_CONFIRMATION_OK"
21761,10411125564,10411125623,1,"IOTHUB_CLIENT_CONFIRMATION_OK"
21762,10411125764,10411125821,1,"IOTHUB_CLIENT_CONFIRMATION_OK"
21763,10411125964,10411126022,1,"IOTHUB_CLIENT_CONFIRMATION_OK"
21764,10411126164,10411126225,1,"IOTHUB_CLIENT_CONFIRMATION_OK"
21765,10411126364,10411126411,1,"IOTHUB_CLIENT_CONFIRMATION_OK"
21766,10411126564,10411126616,1,"IOTHUB_CLIENT_CONFIRMATION_OK"
21767,10411126765,10411126812,1,"IOTHUB_CLIENT_CONFIRMATION_OK"
21768,10411126965,10411127018,1,"IOTHUB_CLIENT_CONFIRMATION_OK"
21769,10411127165,10411127213,1,"IOTHUB_CLIENT_CONFIRMATION_OK"
21770,10411127365,10411127483,1,"IOTHUB_CLIENT_CONFIRMATION_OK"
21771,10411127565,10411127621,1,"IOTHUB_CLIENT_CONFIRMATION_OK"
21772,10411127765,10411127829,1,"IOTHUB_CLIENT_CONFIRMATION_OK"
21773,10411127966,10411128007,1,"IOTHUB_CLIENT_CONFIRMATION_OK"
21774,10411128166,10411128203,1,"IOTHUB_CLIENT_CONFIRMATION_OK"
21775,10411128366,10411128407,1,"IOTHUB_CLIENT_CONFIRMATION_OK"
21776,10411128566,10411128611,1,"IOTHUB_CLIENT_CONFIRMATION_OK"
21777,10411128766,10411128819,1,"IOTHUB_CLIENT_CONFIRMATION_OK"
21778,10411128966,10411129025,1,"IOTHUB_CLIENT_CONFIRMATION_OK"
21779,10411129167,10411129208,1,"IOTHUB_CLIENT_CONFIRMATION_OK"
21780,10411129367,10411129422,1,"IOTHUB_CLIENT_CONFIRMATION_OK"
21781,10411129567,10411129619,1,"IOTHUB_CLIENT_CONFIRMATION_OK"
21782,10411129767,10411129814,1,"IOTHUB_CLIENT_CONFIRMATION_OK"
21783,10411129967,10411130022,1,"IOTHUB_CLIENT_CONFIRMATION_OK"
21784,10411130167,10411130224,1,"IOTHUB_CLIENT_CONFIRMATION_OK"
21785,10411130368,10411130406,1,"IOTHUB_CLIENT_CONFIRMATION_OK"
21786,10411130568,10411130698,1,"IOTHUB_CLIENT_CONFIRMATION_OK"
21787,10411130768,10411130812,1,"IOTHUB_CLIENT_CONFIRMATION_OK"
21788,10411130968,10411131005,1,"IOTHUB_CLIENT_CONFIRMATION_OK"
21789,10411131168,10411131312,1,"IOTHUB_CLIENT_CONFIRMATION_OK"
21790,10411131368,10411131414,1,"IOTHUB_CLIENT_CONFIRMATION_OK"
21791,10411131569,10411131620,1,"IOTHUB_CLIENT_CONFIRMATION_OK"
21792,10411131769,10411131821,1,"IOTHUB_CLIENT_CONFIRMATION_OK"
21793,10411131969,10411132009,1,"IOTHUB_CLIENT_CONFIRMATION_OK"
21794,10411132169,10411132216,1,"IOTHUB_CLIENT_CONFIRMATION_OK"
21795,10411132369,10411132417,1,"IOTHUB_CLIENT_CONFIRMATION_OK"
21796,10411132569,10411132613,1,"IOTHUB_CLIENT_CONFIRMATION_OK"
21797,10411132769,10411132815,1,"IOTHUB_CLIENT_CONFIRMATION_OK"
21798,10411132970,10411133028,1,"IOTHUB_CLIENT_CONFIRMATION_OK"
21799,10411133170,10411133227,1,"IOTHUB_CLIENT_CONFIRMATION_OK"
21800,10411133370,10411133420,1,"IOTHUB_CLIENT_CONFIRMATION_OK"
21801,10411133570,10411133729,1,"IOTHUB_CLIENT_CONFIRMATION_OK"
21802,10411133770,10411133823,1,"IOTHUB_CLIENT_CONFIRMATION_OK"
21803,10411133970,10411134006,1,"IOTHUB_CLIENT_CONFIRMATION_OK"
21804,10411134170,10411134221,1,"IOTHUB_CLIENT_CONFIRMATION_OK"
21805,10411134371,10411134420,1,"IOTHUB_CLIENT_CONFIRMATION_OK"
21806,10411134571,10411134644,1,"IOTHUB_CLIENT_CONFIRMATION_OK"
21807,10411134771,10411134812,1,"IOTHUB_CLIENT_CONFIRMATION_OK"
21808,10411134971,10411135046,1,"IOTHUB_CLIENT_CONFIRMATION_OK"
21809,10411135171,10411135212,1,"IOTHUB_CLIENT_CONFIRMATION_OK"
21810,10411135371,10411135426,1,"IOTHUB_CLIENT_CONFIRMATION_OK"
21811,10411135572,10411135632,1,"IOTHUB_CLIENT_CONFIRMATION_OK"
21812,10411135772,10411135822,1,"IOTHUB_CLIENT_CONFIRMATION_OK"
21813,10411135972,10411136041,1,"IOTHUB_CLIENT_CONFIRMATION_OK"
21814,10411136172,10411136234,1,"IOTHUB_CLIENT_CONFIRMATION_OK"
21815,10411136372,10411136413,1,"IOTHUB_CLIENT_CONFIRMATION_OK"
21816,10411136572,10411136622,1,"IOTHUB_CLIENT_CONFIRMATION_OK"
21817,10411136772,10411136816,1,"IOTHUB_CLIENT_CONFIRMATION_OK"
21818,10411136973,10411137108,1,"IOTHUB_CLIENT_CONFIRMATION_OK"
21819,10411137173,10411137293,1,"IOTHUB_CLIENT_CONFIRMATION_OK"
21820,10411137373,10411137422,1,"IOTHUB_CLIENT_CONFIRMATION_OK"
21821,10411137573,10411137626,1,"IOTHUB_CLIENT_CONFIRMATION_OK"
21822,10411137773,10411137938,1,"IOTHUB_CLIENT_CONFIRMATION_OK"
21823,10411137973,10411138014,1,"IOTHUB_CLIENT_CONFIRMATION_OK"
21824,10411138174,10411138217,1,"IOTHUB_CLIENT_CONFIRMATION_OK"
21825,10411138374,10411138411,1,"IOTHUB_CLIENT_CONFIRMATION_OK"
21826,10411138574,10411138625,1,"IOTHUB_CLIENT_CONFIRMATION_OK"
21827,10411138774,10411138823,1,"IOTHUB_CLIENT_CONFIRMATION_OK"
21828,10411138974,10411139019,1,"IOTHUB_CLIENT_CONFIRMATION_OK"
21829,10411139174,10411139213,1,"IOTHUB_CLIENT_CONFIRMATION_OK"
21830,10411139375,10411139415,1,"IOTHUB_CLIENT_CONFIRMATION_OK"
21831,10411139575,10411139662,1,"IOTHUB_CLIENT_CONFIRMATION_OK"
21832,10411139775,10411139835,1,"IOTHUB_CLIENT_CONFIRMATION_OK"
21833,10411139975,10411140026,1,"IOTHUB_CLIENT_CONFIRMATION_OK"
21834,10411140175,10411140223,1,"IOTHUB_CLIENT_CONFIRMATION_OK"
21835,10411140375,10411140422,1,"IOTHUB_CLIENT_CONFIRMATION_OK"
21836,10411140576,10411140625,1,"IOTHUB_CLIENT_CONFIRMATION_OK"
21837,10411140776,10411140816,1,"IOTHUB_CLIENT_CONFIRMATION_OK"
21838,10411140976,10411141033,1,"IOTHUB_CLIENT_CONFIRMATION_OK"
21839,10411141176,10411141225,1,"IOTHUB_CLIENT_CONFIRMATION_OK"
21840,10411141376,10411141428,1,"IOTHUB_CLIENT_CONFIRMATION_OK"
21841,10411141576,10411141621,1,"IOTHUB_CLIENT_CONFIRMATION_OK"
21842,10411141777,10411141826,1,"IOTHUB_CLIENT_CONFIRMATION_OK"
21843,10411141977,10411142014,1,"IOTHUB_CLIENT_CONFIRMATION_OK"
21844,10411142177,10411142265,1,"IOTHUB_CLIENT_CONFIRMATION_OK"
21845,10411142377,10411142431,1,"IOTHUB_CLIENT_CONFIRMATION_OK"
21846,10411142577,10411142649,1,"IOTHUB_CLIENT_CONFIRMATION_OK"
21847,10411142777,10411142824,1,"IOTHUB_CLIENT_CONFIRMATION_OK"
21848,10411142978,10411143022,1,"IOTHUB_CLIENT_CONFIRMATION_OK"
21849,10411143178,10411143231,1,"IOTHUB_CLIENT_CONFIRMATION_OK"
21850,10411143378,10411143425,1,"IOTHUB_CLIENT_CONFIRMATION_OK"
21851,10411143578,10411143622,1,"IOTHUB_CLIENT_CONFIRMATION_OK"
21852,10411143778,10411143850,1,"IOTHUB_CLIENT_CONFIRMATION_OK"
21853,10411143978,10411144058,1,"IOTHUB_CLIENT_CONFIRMATION_OK"
21854,10411144178,10411144227,1,"IOTHUB_CLIENT_CONFIRMATION_OK"
21855,10411144379,10411144459,1,"IOTHUB_CLIENT_CONFIRMATION_OK"
21856,10411144579,10411144628,1,"IOTHUB_CLIENT_CONFIRMATION_OK"
21857,10411144779,10411144839,1,"IOTHUB_CLIENT_CONFIRMATION_OK"
21858,10411144979,10411145068,1,"IOTHUB_CLIENT_CONFIRMATION_OK"
21859,10411145179,10411145230,1,"IOTHUB_CLIENT_CONFIRMATION_OK"
21860,10411145379,10411145427,1,"IOTHUB_CLIENT_CONFIRMATION_OK"
21861,10411145580,10411145668,1,"IOTHUB_CLIENT_CONFIRMATION_OK"
21862,10411145780,10411145828,1,"IOTHUB_CLIENT_CONFIRMATION_OK"
21863,10411145980,10411146046,1,"IOTHUB_CLIENT_CONFIRMATION_OK"
21864,10411146180,10411146292,1,"IOTHUB_CLIENT_CONFIRMATION_OK"
21865,10411146380,10411146435,1,"IOTHUB_CLIENT_CONFIRMATION_OK"
21866,10411146580,10411146636,1,"IOTHUB_CLIENT_CONFIRMATION_OK"
21867,10411146781,10411146825,1,"IOTHUB_CLIENT_CONFIRMATION_OK"
21868,10411146981,10411147026,1,"IOTHUB_CLIENT_CONFIRMATION_OK"
21869,10411147181,10411147219,1,"IOTHUB_CLIENT_CONFIRMATION_OK"
21870,10411147381,10411147429,1,"IOTHUB_CLIENT_CONFIRMATION_OK"
21871,10411147581,10411147661,1,"IOTHUB_CLIENT_CONFIRMATION_OK"
21872,10411147781,10411147827,1,"IOTHUB_CLIENT_CONFIRMATION_OK"
21873,10411147982,10411148069,1,"IOTHUB_CLIENT_CONFIRMATION_OK"
21874,10411148182,10411148226,1,"IOTHUB_CLIENT_CONFIRMATION_OK"
21875,10411148382,10411148418,1,"IOTHUB_CLIENT_CONFIRMATION_OK"
21876,10411148582,10411148642,1,"IOTHUB_CLIENT_CONFIRMATION_OK"
21877,10411148782,10411148832,1,"IOTHUB_CLIENT_CONFIRMATION_OK"
21878,10411148982,10411149037,1,"IOTHUB_CLIENT_CONFIRMATION_OK"
21879,10411149183,10411149229,1,"IOTHUB_CLIENT_CONFIRMATION_OK"
21880,10411149383,10411149438,1,"IOTHUB_CLIENT_CONFIRMATION_OK"
21881,10411149583,10411149638,1,"IOTHUB_CLIENT_CONFIRMATION_OK"
21882,10411149783,10411149842,1,"IOTHUB_CLIENT_CONFIRMATION_OK"
21883,10411149983,10411150083,1,"IOTHUB_CLIENT_CONFIRMATION_OK"
21884,10411150183,10411150233,1,"IOTHUB_CLIENT_CONFIRMATION_OK"
21885,10411150383,10411150423,1,"IOTHUB_CLIENT_CONFIRMATION_OK"
21886,10411150584,10411150656,1,"IOTHUB_CLIENT_CONFIRMATION_OK"
21887,10411150784,10411150831,1,"IOTHUB_CLIENT_CONFIRMATION_OK"
21888,10411150984,10411151098,1,"IOTHUB_CLIENT_CONFIRMATION_OK"
21889,10411151184,10411151255,1,"IOTHUB_CLIENT_CONFIRMATION_OK"
21890,10411151384,10411151446,1,"IOTHUB_CLIENT_CONFIRMATION_OK"
21891,10411151584,10411151664,1,"IOTHUB_CLIENT_CONFIRMATION_OK"
21892,10411151784,10411151833,1,"IOTHUB_CLIENT_CONFIRMATION_OK"
21893,10411151985,10411152044,1,"IOTHUB_CLIENT_CONFIRMATION_OK"
21894,10411152185,10411152250,1,"IOTHUB_CLIENT_CONFIRMATION_OK"
21895,10411152385,10411152431,1,"IOTHUB_CLIENT_CONFIRMATION_OK"
21896,10411152585,10411152638,1,"IOTHUB_CLIENT_CONFIRMATION_OK"
21897,10411152785,10411152835,1,"IOTHUB_CLIENT_CONFIRMATION_OK"
21898,10411152985,10411153040,1,"IOTHUB_CLIENT_CONFIRMATION_OK"
21899,10411153186,10411153355,1,"IOTHUB_CLIENT_CONFIRMATION_OK"
21900,10411153386,10411153436,1,"IOTHUB_CLIENT_CONFIRMATION_OK"
21901,10411153586,10411153627,1,"IOTHUB_CLIENT_CONFIRMATION_OK"
21902,10411153786,10411153835,1,"IOTHUB_CLIENT_CONFIRMATION_OK"
21903,10411153986,10411154039,1,"IOTHUB_CLIENT_CONFIRMATION_OK"
21904,10411154186,10411154260,1,"IOTHUB_CLIENT_CONFIRMATION_OK"
21905,10411154387,10411154457,1,"IOTHUB_CLIENT_CONFIRMATION_OK"
21906,10411154587,10411154729,1,"IOTHUB_CLIENT_CONFIRMATION_OK"
21907,10411154787,10411154842,1,"IOTHUB_CLIENT_CONFIRMATION_OK"
21908,10411154987,10411155045,1,"IOTHUB_CLIENT_CONFIRMATION_OK"
21909,10411155187,10411155230,1,"IOTHUB_CLIENT_CONFIRMATION_OK"
21910,10411155387,10411155433,1,"IOTHUB_CLIENT_CONFIRMATION_OK"
21911,10411155587,10411155645,1,"IOTHUB_CLIENT_CONFIRMATION_OK"
21912,10411155788,10411155838,1,"IOTHUB_CLIENT_CONFIRMATION_OK"
21913,10411155988,10411156035,1,"IOTHUB_CLIENT_CONFIRMATION_OK"
21914,10411156188,10411156240,1,"IOTHUB_CLIENT_CONFIRMATION_OK"
21915,10411156388,10411156450,1,"IOTHUB_CLIENT_CONFIRMATION_OK"
21916,10411156588,10411156633,1,"IOTHUB_CLIENT_CONFIRMATION_OK"
21917,10411156788,10411156844,1,"IOTHUB_CLIENT_CONFIRMATION_OK"
21918,10411156989,10411157048,1,"IOTHUB_CLIENT_CONFIRMATION_OK"
21919,10411157189,10411157236,1,"IOTHUB_CLIENT_CONFIRMATION_OK"
21920,10411157389,10411157448,1,"IOTHUB_CLIENT_CONFIRMATION_OK"
21921,10411157589,10411157639,1,"IOTHUB_CLIENT_CONFIRMATION_OK"
21922,10411157789,10411157829,1,"IOTHUB_CLIENT_CONFIRMATION_OK"
21923,10411157989,10411158072,1,"IOTHUB_CLIENT_CONFIRMATION_OK"
21924,10411158189,10411158231,1,"IOTHUB_CLIENT_CONFIRMATION_OK"
21925,10411158390,10411158436,1,"IOTHUB_CLIENT_CONFIRMATION_OK"
21926,10411158590,10411158635,1,"IOTHUB_CLIENT_CONFIRMATION_OK"
21927,10411158790,10411158859,1,"IOTHUB_CLIENT_CONFIRMATION_OK"
21928,10411158990,10411159052,1,"IOTHUB_CLIENT_CONFIRMATION_OK"
21929,10411159190,10411159249,1,"IOTHUB_CLIENT_CONFIRMATION_OK"
21930,10411159390,10411159512,1,"IOTHUB_CLIENT_CONFIRMATION_OK"
21931,10411159591,10411159637,1,"IOTHUB_CLIENT_CONFIRMATION_OK"
21932,10411159791,10411159872,1,"IOTHUB_CLIENT_CONFIRMATION_OK"
21933,10411159991,10411160032,1,"IOTHUB_CLIENT_CONFIRMATION_OK"
21934,10411160191,10411160324,1,"IOTHUB_CLIENT_CONFIRMATION_OK"
21935,10411160391,10411160452,1,"IOTHUB_CLIENT_CONFIRMATION_OK"
21936,10411160591,10411160633,1,"IOTHUB_CLIENT_CONFIRMATION_OK"
21937,10411160792,10411160843,1,"IOTHUB_CLIENT_CONFIRMATION_OK"
21938,10411160992,10411161031,1,"IOTHUB_CLIENT_CONFIRMATION_OK"
21939,10411161192,10411161230,1,"IOTHUB_CLIENT_CONFIRMATION_OK"
21940,10411161392,10411161448,1,"IOTHUB_CLIENT_CONFIRMATION_OK"
21941,10411161592,10411161634,1,"IOTHUB_CLIENT_CONFIRMATION_OK"
21942,10411161792,10411161840,1,"IOTHUB_CLIENT_CONFIRMATION_OK"
21943,10411161992,10411162047,1,"IOTHUB_CLIENT_CONFIRMATION_OK"
21944,10411162193,10411162242,1,"IOTHUB_CLIENT_CONFIRMATION_OK"
21945,10411162393,10411162447,1,"IOTHUB_CLIENT_CONFIRMATION_OK"
21946,10411162593,10411162671,1,"IOTHUB_CLIENT_CONFIRMATION_OK"
21947,10411162793,10411162840,1,"IOTHUB_CLIENT_CONFIRMATION_OK"
21948,10411162993,10411163052,1,"IOTHUB_CLIENT_CONFIRMATION_OK"
21949,10411163193,10411163265,1,"IOTHUB_CLIENT_CONFIRMATION_OK"
21950,10411163394,10411163436,1,"IOTHUB_CLIENT_CONFIRMATION_OK"
21951,10411163594,10411163660,1,"IOTHUB_CLIENT_CONFIRMATION_OK"
21952,10411163794,10411163843,1,"IOTHUB_CLIENT_CONFIRMATION_OK"
21953,10411163994,10411164054,1,"IOTHUB_CLIENT_CONFIRMATION_OK"
21954,10411164194,10411164256,1,"IOTHUB_CLIENT_CONFIRMATION_OK"
21955,10411164394,10411164434,1,"IOTHUB_CLIENT_CONFIRMATION_OK"
21956,10411164594,10411164661,1,"IOTHUB_CLIENT_CONFIRMATION_OK"
21957,10411164795,10411164859,1,"IOTHUB_CLIENT_CONFIRMATION_OK"
21958,10411164995,10411165033,1,"IOTHUB_CLIENT_CONFIRMATION_OK"
21959,10411165195,10411165232,1,"IOTHUB_CLIENT_CONFIRMATION_OK"
21960,10411165395,10411165494,1,"IOTHUB_CLIENT_CONFIRMATION_OK"
21961,10411165595,10411165649,1,"IOTHUB_CLIENT_CONFIRMATION_OK"
21962,10411165795,10411165945,1,"IOTHUB_CLIENT_CONFIRMATION_OK"
21963,10411165995,10411166066,1,"IOTHUB_CLIENT_CONFIRMATION_OK"
21964,10411166196,10411166234,1,"IOTHUB_CLIENT_CONFIRMATION_OK"
21965,10411166396,10411166463,1,"IOTHUB_CLIENT_CONFIRMATION_OK"
21966,10411166596,10411166630,1,"IOTHUB_CLIENT_CONFIRMATION_OK"
21967,10411166796,10411166847,1,"IOTHUB_CLIENT_CONFIRMATION_OK"
21968,10411166996,10411167047,1,"IOTHUB_CLIENT_CONFIRMATION_OK"
21969,10411167196,10411167255,1,"IOTHUB_CLIENT_CONFIRMATION_OK"
21970,10411167397,10411167456,1,"IOTHUB_CLIENT_CONFIRMATION_OK"
21971,10411167597,10411167639,1,"IOTHUB_CLIENT_CONFIRMATION_OK"
21972,10411167797,10411167853,1,"IOTHUB_CLIENT_CONFIRMATION_OK"
21973,10411167997,10411168044,1,"IOTHUB_CLIENT_CONFIRMATION_OK"
21974,10411168197,10411168294,1,"IOTHUB_CLIENT_CONFIRMATION_OK"
21975,10411168397,10411168530,1,"IOTHUB_CLIENT_CONFIRMATION_OK"
21976,10411168598,10411168680,1,"IOTHUB_CLIENT_CONFIRMATION_OK"
21977,10411168798,10411168843,1,"IOTHUB_CLIENT_CONFIRMATION_OK"
21978,10411168998,10411169050,1,"IOTHUB_CLIENT_CONFIRMATION_OK"
21979,10411169198,10411169259,1,"IOTHUB_CLIENT_CONFIRMATION_OK"
21980,10411169398,10411169478,1,"IOTHUB_CLIENT_CONFIRMATION_OK"
21981,10411169598,10411169662,1,"IOTHUB_CLIENT_CONFIRMATION_OK"
21982,10411169798,10411169839,1,"IOTHUB_CLIENT_CONFIRMATION_OK"
21983,10411169999,10411170039,1,"IOTHUB_CLIENT_CONFIRMATION_OK"
21984,10411170199,10411170245,1,"IOTHUB_CLIENT_CONFIRMATION_OK"
21985,10411170399,10411170442,1,"IOTHUB_CLIENT_CONFIRMATION_OK"
21986,10411170599,10411170638,1,"IOTHUB_CLIENT_CONFIRMATION_OK"
21987,10411170799,10411170858,1,"IOTHUB_CLIENT_CONFIRMATION_OK"
21988,10411170999,10411171055,1,"IOTHUB_CLIENT_CONFIRMATION_OK"
21989,10411171200,10411171245,1,"IOTHUB_CLIENT_CONFIRMATION_OK"
21990,10411171400,10411171464,1,"IOTHUB_CLIENT_CONFIRMATION_OK"
21991,10411171600,10411171642,1,"IOTHUB_CLIENT_CONFIRMATION_OK"
21992,10411171800,10411171843,1,"IOTHUB_CLIENT_CONFIRMATION_OK"
21993,10411172000,10411172060,1,"IOTHUB_CLIENT_CONFIRMATION_OK"
21994,10411172200,10411172250,1,"IOTHUB_CLIENT_CONFIRMATION_OK"
21995,10411172400,10411172444,1,"IOTHUB_CLIENT_CONFIRMATION_OK"
21996,10411172601,10411172671,1,"IOTHUB_CLIENT_CONFIRMATION_OK"
21997,10411172801,10411172845,1,"IOTHUB_CLIENT_CONFIRMATION_OK"
21998,10411173001,10411173051,1,"IOTHUB_CLIENT_CONFIRMATION_OK"
21999,10411173201,10411173251,1,"IOTHUB_CLIENT_CONFIRMATION_OK"
22000,10411173401,10411173448,1,"IOTHUB_CLIENT_CONFIRMATION_OK"
22001,10411173601,10411173643,1,"IOTHUB_CLIENT_CONFIRMATION_OK"
22002,10411173802,10411173845,1,"IOTHUB_CLIENT_CONFIRMATION_OK"
22003,10411174002,10411174129,1,"IOTHUB_CLIENT_CONFIRMATION_OK"
22004,10411174202,10411174355,1,"IOTHUB_CLIENT_CONFIRMATION_OK"
22005,10411174402,10411174447,1,"IOTHUB_CLIENT_CONFIRMATION_OK"
22006,10411174602,10411174654,1,"IOTHUB_CLIENT_CONFIRMATION_OK"
22007,10411174802,10411174847,1,"IOTHUB_CLIENT_CONFIRMATION_OK"
22008,10411175003,10411175076,1,"IOTHUB_CLIENT_CONFIRMATION_OK"
22009,10411175203,10411175245,1,"IOTHUB_CLIENT_CONFIRMATION_OK"
22010,10411175403,10411175684,1,"IOTHUB_CLIENT_CONFIRMATION_OK"
22011,10411175603,10411175765,1,"IOTHUB_CLIENT_CONFIRMATION_OK"
22012,10411175803,10411175871,1,"IOTHUB_CLIENT_CONFIRMATION_OK"
22013,10411176003,10411176061,1,"IOTHUB_CLIENT_CONFIRMATION_OK"
22014,10411176203,10411176266,1,"IOTHUB_CLIENT_CONFIRMATION_OK"
22015,10411176404,10411176601,1,"IOTHUB_CLIENT_CONFIRMATION_OK"
22016,10411176604,10411176693,1,"IOTHUB_CLIENT_CONFIRMATION_OK"
22017,10411176804,10411176871,1,"IOTHUB_CLIENT_CONFIRMATION_OK"
22018,10411177004,10411177055,1,"IOTHUB_CLIENT_CONFIRMATION_OK"
22019,10411177204,10411177253,1,"IOTHUB_CLIENT_CONFIRMATION_OK"
22020,10411177404,10411177446,1,"IOTHUB_CLIENT_CONFIRMATION_OK"
22021,10411177605,10411177666,1,"IOTHUB_CLIENT_CONFIRMATION_OK"
22022,10411177805,10411177882,1,"IOTHUB_CLIENT_CONFIRMATION_OK"
22023,10411178005,10411178062,1,"IOTHUB_CLIENT_CONFIRMATION_OK"
22024,10411178205,10411178256,1,"IOTHUB_CLIENT_CONFIRMATION_OK"
22025,10411178405,10411178565,1,"IOTHUB_CLIENT_CONFIRMATION_OK"
22026,10411178605,10411178655,1,"IOTHUB_CLIENT_CONFIRMATION_OK"
22027,10411178805,10411178856,1,"IOTHUB_CLIENT_CONFIRMATION_OK"
22028,10411179006,10411179053,1,"IOTHUB_CLIENT_CONFIRMATION_OK"
22029,10411179206,10411179387,1,"IOTHUB_CLIENT_CONFIRMATION_OK"
22030,10411179406,10411179484,1,"IOTHUB_CLIENT_CONFIRMATION_OK"
22031,10411179606,10411179674,1,"IOTHUB_CLIENT_CONFIRMATION_OK"
22032,10411179806,10411179859,1,"IOTHUB_CLIENT_CONFIRMATION_OK"
22033,10411180006,10411180044,1,"IOTHUB_CLIENT_CONFIRMATION_OK"
22034,10411180207,10411180258,1,"IOTHUB_CLIENT_CONFIRMATION_OK"
22035,10411180407,10411180471,1,"IOTHUB_CLIENT_CONFIRMATION_OK"
22036,10411180607,10411180644,1,"IOTHUB_CLIENT_CONFIRMATION_OK"
22037,10411180807,10411180859,1,"IOTHUB_CLIENT_CONFIRMATION_OK"
22038,10411181007,10411181066,1,"IOTHUB_CLIENT_CONFIRMATION_OK"
22039,10411181207,10411181257,1,"IOTHUB_CLIENT_CONFIRMATION_OK"
22040,10411181407,10411181458,1,"IOTHUB_CLIENT_CONFIRMATION_OK"
22041,10411181608,10411181648,1,"IOTHUB_CLIENT_CONFIRMATION_OK"
22042,10411181808,10411181874,1,"IOTHUB_CLIENT_CONFIRMATION_OK"
22043,10411182008,10411182107,1,"IOTHUB_CLIENT_CONFIRMATION_OK"
22044,10411182208,10411182256,1,"IOTHUB_CLIENT_CONFIRMATION_OK"
22045,10411182408,10411182457,1,"IOTHUB_CLIENT_CONFIRMATION_OK"
22046,10411182608,10411182692,1,"IOTHUB_CLIENT_CONFIRMATION_OK"
22047,10411182809,10411182852,1,"IOTHUB_CLIENT_CONFIRMATION_OK"
22048,10411183009,10411183058,1,"IOTHUB_CLIENT_CONFIRMATION_OK"
22049,10411183209,10411183314,1,"IOTHUB_CLIENT_CONFIRMATION_OK"
22050,10411183409,10411183453,1,"IOTHUB_CLIENT_CONFIRMATION_OK"
22051,10411183609,10411183657,1,"IOTHUB_CLIENT_CONFIRMATION_OK"
22052,10411183809,10411183905,1,"IOTHUB_CLIENT_CONFIRMATION_OK"
22053,10411184009,10411184115,1,"IOTHUB_CLIENT_CONFIRMATION_OK"
22054,10411184210,10411184254,1,"IOTHUB_CLIENT_CONFIRMATION_OK"
22055,10411184410,10411184494,1,"IOTHUB_CLIENT_CONFIRMATION_OK"
22056,10411184610,10411184655,1,"IOTHUB_CLIENT_CONFIRMATION_OK"
22057,10411184810,10411184852,1,"IOTHUB_CLIENT_CONFIRMATION_OK"
22058,10411185010,10411185113,1,"IOTHUB_CLIENT_CONFIRMATION_OK"
22059,10411185210,10411185250,1,"IOTHUB_CLIENT_CONFIRMATION_OK"
22060,10411185411,10411185472,1,"IOTHUB_CLIENT_CONFIRMATION_OK"
22061,10411185611,10411185744,1,"IOTHUB_CLIENT_CONFIRMATION_OK"
22062,10411185811,10411185908,1,"IOTHUB_CLIENT_CONFIRMATION_OK"
22063,10411186011,10411186067,1,"IOTHUB_CLIENT_CONFIRMATION_OK"
22064,10411186211,10411186416,1,"IOTHUB_CLIENT_CONFIRMATION_OK"
22065,10411186411,10411186459,1,"IOTHUB_CLIENT_CONFIRMATION_OK"
22066,10411186611,10411186655,1,"IOTHUB_CLIENT_CONFIRMATION_OK"
22067,10411186812,10411186990,1,"IOTHUB_CLIENT_CONFIRMATION_OK"
22068,10411187012,10411187058,1,"IOTHUB_CLIENT_CONFIRMATION_OK"
22069,10411187212,10411187254,1,"IOTHUB_CLIENT_CONFIRMATION_OK"
22070,10411187412,10411187582,1,"IOTHUB_CLIENT_CONFIRMATION_OK"
22071,10411187612,10411187675,1,"IOTHUB_CLIENT_CONFIRMATION_OK"
22072,10411187812,10411187864,1,"IOTHUB_CLIENT_CONFIRMATION_OK"
22073,10411188013,10411188221,1,"IOTHUB_CLIENT_CONFIRMATION_OK"
22074,10411188213,10411188281,1,"IOTHUB_CLIENT_CONFIRMATION_OK"
22075,10411188413,10411188480,1,"IOTHUB_CLIENT_CONFIRMATION_OK"
22076,10411188613,10411188819,1,"IOTHUB_CLIENT_CONFIRMATION_OK"
22077,10411188813,10411188863,1,"IOTHUB_CLIENT_CONFIRMATION_OK"
22078,10411189013,10411189058,1,"IOTHUB_CLIENT_CONFIRMATION_OK"
22079,10411189213,10411189434,1,"IOTHUB_CLIENT_CONFIRMATION_OK"
22080,10411189414,10411189485,1,"IOTHUB_CLIENT_CONFIRMATION_OK"
22081,10411189614,10411189694,1,"IOTHUB_CLIENT_CONFIRMATION_OK"
22082,10411189814,10411189855,1,"IOTHUB_CLIENT_CONFIRMATION_OK"
22083,10411190014,10411190054,1,"IOTHUB_CLIENT_CONFIRMATION_OK"
22084,10411190214,10411190269,1,"IOTHUB_CLIENT_CONFIRMATION_OK"
22085,10411190414,10411190470,1,"IOTHUB_CLIENT_CONFIRMATION_OK"
22086,10411190615,10411190674,1,"IOTHUB_CLIENT_CONFIRMATION_OK"
22087,10411190815,10411190883,1,"IOTHUB_CLIENT_CONFIRMATION_OK"
22088,10411191015,10411191091,1,"IOTHUB_CLIENT_CONFIRMATION_OK"
22089,10411191215,10411191275,1,"IOTHUB_CLIENT_CONFIRMATION_OK"
22090,10411191415,10411191457,1,"IOTHUB_CLIENT_CONFIRMATION_OK"
22091,10411191615,10411191681,1,"IOTHUB_CLIENT_CONFIRMATION_OK"
22092,10411191816,10411191873,1,"IOTHUB_CLIENT_CONFIRMATION_OK"
22093,10411192016,10411192056,1,"IOTHUB_CLIENT_CONFIRMATION_OK"
22094,10411192216,10411192346,1,"IOTHUB_CLIENT_CONFIRMATION_OK"
22095,10411192416,10411192471,1,"IOTHUB_CLIENT_CONFIRMATION_OK"
22096,10411192616,10411192678,1,"IOTHUB_CLIENT_CONFIRMATION_OK"
22097,10411192816,10411192921,1,"IOTHUB_CLIENT_CONFIRMATION_OK"
22098,10411193016,10411193053,1,"IOTHUB_CLIENT_CONFIRMATION_OK"
22099,10411193217,10411193260,1,"IOTHUB_CLIENT_CONFIRMATION_OK"
22100,10411193417,10411193589,1,"IOTHUB_CLIENT_CONFIRMATION_OK"
22101,10411193617,10411193677,1,"IOTHUB_CLIENT_CONFIRMATION_OK"
22102,10411193817,10411193869,1,"IOTHUB_CLIENT_CONFIRMATION_OK"
22103,10411194017,10411194149,1,"IOTHUB_CLIENT_CONFIRMATION_OK"
22104,10411194217,10411194284,1,"IOTHUB_CLIENT_CONFIRMATION_OK"
22105,10411194418,10411194513,1,"IOTHUB_CLIENT_CONFIRMATION_OK"
22106,10411194618,10411194848,1,"IOTHUB_CLIENT_CONFIRMATION_OK"
22107,10411194818,10411194872,1,"IOTHUB_CLIENT_CONFIRMATION_OK"
22108,10411195018,10411195087,1,"IOTHUB_CLIENT_CONFIRMATION_OK"
22109,10411195218,10411195454,1,"IOTHUB_CLIENT_CONFIRMATION_OK"
22110,10411195418,10411195495,1,"IOTHUB_CLIENT_CONFIRMATION_OK"
22111,10411195619,10411195656,1,"IOTHUB_CLIENT_CONFIRMATION_OK"
22112,10411195819,10411195867,1,"IOTHUB_CLIENT_CONFIRMATION_OK"
22113,10411196019,10411196069,1,"IOTHUB_CLIENT_CONFIRMATION_OK"
22114,10411196219,10411196278,1,"IOTHUB_CLIENT_CONFIRMATION_OK"
22115,10411196419,10411196500,1,"IOTHUB_CLIENT_CONFIRMATION_OK"
22116,10411196619,10411196696,1,"IOTHUB_CLIENT_CONFIRMATION_OK"
22117,10411196820,10411196873,1,"IOTHUB_CLIENT_CONFIRMATION_OK"
22118,10411197020,10411197091,1,"IOTHUB_CLIENT_CONFIRMATION_OK"
22119,10411197220,10411197281,1,"IOTHUB_CLIENT_CONFIRMATION_OK"
22120,10411197420,10411197491,1,"IOTHUB_CLIENT_CONFIRMATION_OK"
22121,10411197620,10411197712,1,"IOTHUB_CLIENT_CONFIRMATION_OK"
22122,10411197820,10411197875,1,"IOTHUB_CLIENT_CONFIRMATION_OK"
22123,10411198021,10411198061,1,"IOTHUB_CLIENT_CONFIRMATION_OK"
22124,10411198221,10411198372,1,"IOTHUB_CLIENT_CONFIRMATION_OK"
22125,10411198421,10411198467,1,"IOTHUB_CLIENT_CONFIRMATION_OK"
22126,10411198621,10411198686,1,"IOTHUB_CLIENT_CONFIRMATION_OK"
22127,10411198821,10411198951,1,"IOTHUB_CLIENT_CONFIRMATION_OK"
22128,10411199021,10411199060,1,"IOTHUB_CLIENT_CONFIRMATION_OK"
22129,10411199221,10411199303,1,"IOTHUB_CLIENT_CONFIRMATION_OK"
22130,10411199422,10411199534,1,"IOTHUB_CLIENT_CONFIRMATION_OK"
22131,10411199622,10411199671,1,"IOTHUB_CLIENT_CONFIRMATION_OK"
22132,10411199822,10411199865,1,"IOTHUB_CLIENT_CONFIRMATION_OK"
22133,10411200022,10411200176,1,"IOTHUB_CLIENT_CONFIRMATION_OK"
22134,10411200222,10411200309,1,"IOTHUB_CLIENT_CONFIRMATION_OK"
22135,10411200422,10411200487,1,"IOTHUB_CLIENT_CONFIRMATION_OK"
22136,10411200623,10411200776,1,"IOTHUB_CLIENT_CONFIRMATION_OK"
22137,10411200823,10411200911,1,"IOTHUB_CLIENT_CONFIRMATION_OK"
22138,10411201023,10411201082,1,"IOTHUB_CLIENT_CONFIRMATION_OK"
22139,10411201223,10411201371,1,"IOTHUB_CLIENT_CONFIRMATION_OK"
22140,10411201423,10411201485,1,"IOTHUB_CLIENT_CONFIRMATION_OK"
22141,10411201623,10411201668,1,"IOTHUB_CLIENT_CONFIRMATION_OK"
22142,10411201824,10411201978,1,"IOTHUB_CLIENT_CONFIRMATION_OK"
22143,10411202024,10411202089,1,"IOTHUB_CLIENT_CONFIRMATION_OK"
22144,10411202224,10411202275,1,"IOTHUB_CLIENT_CONFIRMATION_OK"
22145,10411202424,10411202590,1,"IOTHUB_CLIENT_CONFIRMATION_OK"
22146,10411202624,10411202695,1,"IOTHUB_CLIENT_CONFIRMATION_OK"
22147,10411202824,10411202880,1,"IOTHUB_CLIENT_CONFIRMATION_OK"
22148,10411203024,10411203205,1,"IOTHUB_CLIENT_CONFIRMATION_OK"
22149,10411203225,10411203272,1,"IOTHUB_CLIENT_CONFIRMATION_OK"
22150,10411203425,10411203460,1,"IOTHUB_CLIENT_CONFIRMATION_OK"
22151,10411203625,10411203824,1,"IOTHUB_CLIENT_CONFIRMATION_OK"
22152,10411203825,10411203862,1,"IOTHUB_CLIENT_CONFIRMATION_OK"
22153,10411204025,10411204070,1,"IOTHUB_CLIENT_CONFIRMATION_OK"
22154,10411204225,10411204432,1,"IOTHUB_CLIENT_CONFIRMATION_OK"
22155,10411204426,10411204475,1,"IOTHUB_CLIENT_CONFIRMATION_OK"
22156,10411204626,10411204662,1,"IOTHUB_CLIENT_CONFIRMATION_OK"
22157,10411204826,10411205035,1,"IOTHUB_CLIENT_CONFIRMATION_OK"
22158,10411205026,10411205110,1,"IOTHUB_CLIENT_CONFIRMATION_OK"
22159,10411205226,10411205298,1,"IOTHUB_CLIENT_CONFIRMATION_OK"
22160,10411205426,10411205661,1,"IOTHUB_CLIENT_CONFIRMATION_OK"
22161,10411205626,10411205690,1,"IOTHUB_CLIENT_CONFIRMATION_OK"
22162,10411205827,10411205878,1,"IOTHUB_CLIENT_CONFIRMATION_OK"
22163,10411206027,10411206277,1,"IOTHUB_CLIENT_CONFIRMATION_OK"
22164,10411206227,10411206361,1,"IOTHUB_CLIENT_CONFIRMATION_OK"
22165,10411206427,10411206475,1,"IOTHUB_CLIENT_CONFIRMATION_OK"
22166,10411206627,10411206894,1,"IOTHUB_CLIENT_CONFIRMATION_OK"
22167,10411206827,10411206954,1,"IOTHUB_CLIENT_CONFIRMATION_OK"
22168,10411207028,10411207068,1,"IOTHUB_CLIENT_CONFIRMATION_OK"
22169,10411207228,10411207275,1,"IOTHUB_CLIENT_CONFIRMATION_OK"
22170,10411207428,10411207533,1,"IOTHUB_CLIENT_CONFIRMATION_OK"
22171,10411207628,10411207687,1,"IOTHUB_CLIENT_CONFIRMATION_OK"
22172,10411207828,10411207900,1,"IOTHUB_CLIENT_CONFIRMATION_OK"
22173,10411208028,10411208146,1,"IOTHUB_CLIENT_CONFIRMATION_OK"
22174,10411208229,10411208296,1,"IOTHUB_CLIENT_CONFIRMATION_OK"
22175,10411208429,10411208532,1,"IOTHUB_CLIENT_CONFIRMATION_OK"
22176,10411208629,10411208697,1,"IOTHUB_CLIENT_CONFIRMATION_OK"
22177,10411208829,10411208889,1,"IOTHUB_CLIENT_CONFIRMATION_OK"
22178,10411209029,10411209115,1,"IOTHUB_CLIENT_CONFIRMATION_OK"
22179,10411209229,10411209307,1,"IOTHUB_CLIENT_CONFIRMATION_OK"
22180,10411209429,10411209487,1,"IOTHUB_CLIENT_CONFIRMATION_OK"
22181,10411209630,10411209724,1,"IOTHUB_CLIENT_CONFIRMATION_OK"
22182,10411209830,10411209904,1,"IOTHUB_CLIENT_CONFIRMATION_OK"
22183,10411210030,10411210091,1,"IOTHUB_CLIENT_CONFIRMATION_OK"
22184,10411210230,10411210380,1,"IOTHUB_CLIENT_CONFIRMATION_OK"
22185,10411210430,10411210532,1,"IOTHUB_CLIENT_CONFIRMATION_OK"
22186,10411210630,10411210669,1,"IOTHUB_CLIENT_CONFIRMATION_OK"
22187,10411210831,10411210965,1,"IOTHUB_CLIENT_CONFIRMATION_OK"
22188,10411211031,10411211095,1,"IOTHUB_CLIENT_CONFIRMATION_OK"
22189,10411211231,10411211282,1,"IOTHUB_CLIENT_CONFIRMATION_OK"
22190,10411211431,10411211577,1,"IOTHUB_CLIENT_CONFIRMATION_OK"
22191,10411211631,10411211696,1,"IOTHUB_CLIENT_CONFIRMATION_OK"
22192,10411211831,10411211902,1,"IOTHUB_CLIENT_CONFIRMATION_OK"
22193,10411212031,10411212188,1,"IOTHUB_CLIENT_CONFIRMATION_OK"
22194,10411212232,10411212285,1,"IOTHUB_CLIENT_CONFIRMATION_OK"
22195,10411212432,10411212481,1,"IOTHUB_CLIENT_CONFIRMATION_OK"
22196,10411212632,10411212808,1,"IOTHUB_CLIENT_CONFIRMATION_OK"
22197,10411212832,10411212886,1,"IOTHUB_CLIENT_CONFIRMATION_OK"
22198,10411213032,10411213093,1,"IOTHUB_CLIENT_CONFIRMATION_OK"
22199,10411213232,10411213392,1,"IOTHUB_CLIENT_CONFIRMATION_OK"
22200,10411213433,10411213481,1,"IOTHUB_CLIENT_CONFIRMATION_OK"
22201,10411213633,10411213679,1,"IOTHUB_CLIENT_CONFIRMATION_OK"
22202,10411213833,10411214385,1,"IOTHUB_CLIENT_CONFIRMATION_OK"
22203,10411214033,10411214441,1,"IOTHUB_CLIENT_CONFIRMATION_OK"
22204,10411214233,10411214476,1,"IOTHUB_CLIENT_CONFIRMATION_OK"
22205,10411214433,10411214644,1,"IOTHUB_CLIENT_CONFIRMATION_OK"
22206,10411214634,10411214696,1,"IOTHUB_CLIENT_CONFIRMATION_OK"
22207,10411214834,10411214893,1,"IOTHUB_CLIENT_CONFIRMATION_OK"
22208,10411215034,10411215238,1,"IOTHUB_CLIENT_CONFIRMATION_OK"
22209,10411215234,10411215290,1,"IOTHUB_CLIENT_CONFIRMATION_OK"
22210,10411215434,10411215490,1,"IOTHUB_CLIENT_CONFIRMATION_OK"
22211,10411215634,10411215863,1,"IOTHUB_CLIENT_CONFIRMATION_OK"
22212,10411215834,10411215894,1,"IOTHUB_CLIENT_CONFIRMATION_OK"
22213,10411216035,10411216091,1,"IOTHUB_CLIENT_CONFIRMATION_OK"
22214,10411216235,10411216470,1,"IOTHUB_CLIENT_CONFIRMATION_OK"
22215,10411216435,10411216507,1,"IOTHUB_CLIENT_CONFIRMATION_OK"
22216,10411216635,10411216689,1,"IOTHUB_CLIENT_CONFIRMATION_OK"
22217,10411216835,10411216908,1,"IOTHUB_CLIENT_CONFIRMATION_OK"
22218,10411217036,10411217077,1,"IOTHUB_CLIENT_CONFIRMATION_OK"
22219,10411217236,10411217275,1,"IOTHUB_CLIENT_CONFIRMATION_OK"
22220,10411217436,10411217475,1,"IOTHUB_CLIENT_CONFIRMATION_OK"
22221,10411217636,10411217684,1,"IOTHUB_CLIENT_CONFIRMATION_OK"
22222,10411217836,10411218035,1,"IOTHUB_CLIENT_CONFIRMATION_OK"
22223,10411218036,10411218087,1,"IOTHUB_CLIENT_CONFIRMATION_OK"
22224,10411218237,10411218304,1,"IOTHUB_CLIENT_CONFIRMATION_OK"
22225,10411218437,10411218504,1,"IOTHUB_CLIENT_CONFIRMATION_OK"
22226,10411218637,10411218705,1,"IOTHUB_CLIENT_CONFIRMATION_OK"
22227,10411218837,10411218882,1,"IOTHUB_CLIENT_CONFIRMATION_OK"
22228,10411219037,10411219101,1,"IOTHUB_CLIENT_CONFIRMATION_OK"
22229,10411219237,10411219323,1,"IOTHUB_CLIENT_CONFIRMATION_OK"
22230,10411219437,10411219501,1,"IOTHUB_CLIENT_CONFIRMATION_OK"
22231,10411219638,10411219675,1,"IOTHUB_CLIENT_CONFIRMATION_OK"
22232,10411219838,10411219918,1,"IOTHUB_CLIENT_CONFIRMATION_OK"
22233,10411220038,10411220083,1,"IOTHUB_CLIENT_CONFIRMATION_OK"
22234,10411220238,10411220296,1,"IOTHUB_CLIENT_CONFIRMATION_OK"
22235,10411220438,10411220534,1,"IOTHUB_CLIENT_CONFIRMATION_OK"
22236,10411220638,10411220691,1,"IOTHUB_CLIENT_CONFIRMATION_OK"
22237,10411220838,10411220878,1,"IOTHUB_CLIENT_CONFIRMATION_OK"
22238,10411221039,10411221150,1,"IOTHUB_CLIENT_CONFIRMATION_OK"
22239,10411221239,10411221284,1,"IOTHUB_CLIENT_CONFIRMATION_OK"
22240,10411221439,10411221485,1,"IOTHUB_CLIENT_CONFIRMATION_OK"
22241,10411221639,10411221762,1,"IOTHUB_CLIENT_CONFIRMATION_OK"
22242,10411221839,10411221909,1,"IOTHUB_CLIENT_CONFIRMATION_OK"
22243,10411222039,10411222108,1,"IOTHUB_CLIENT_CONFIRMATION_OK"
22244,10411222240,10411222362,1,"IOTHUB_CLIENT_CONFIRMATION_OK"
22245,10411222440,10411222502,1,"IOTHUB_CLIENT_CONFIRMATION_OK"
22246,10411222640,10411222682,1,"IOTHUB_CLIENT_CONFIRMATION_OK"
22247,10411222840,10411222909,1,"IOTHUB_CLIENT_CONFIRMATION_OK"
22248,10411223040,10411223221,1,"IOTHUB_CLIENT_CONFIRMATION_OK"
22249,10411223240,10411223301,1,"IOTHUB_CLIENT_CONFIRMATION_OK"
22250,10411223441,10411223547,1,"IOTHUB_CLIENT_CONFIRMATION_OK"
22251,10411223641,10411223696,1,"IOTHUB_CLIENT_CONFIRMATION_OK"
22252,10411223841,10411223904,1,"IOTHUB_CLIENT_CONFIRMATION_OK"
22253,10411224041,10411224250,1,"IOTHUB_CLIENT_CONFIRMATION_OK"
22254,10411224241,10411224312,1,"IOTHUB_CLIENT_CONFIRMATION_OK"
22255,10411224441,10411224480,1,"IOTHUB_CLIENT_CONFIRMATION_OK"
22256,10411224642,10411224844,1,"IOTHUB_CLIENT_CONFIRMATION_OK"
22257,10411224842,10411224887,1,"IOTHUB_CLIENT_CONFIRMATION_OK"
22258,10411225042,10411225107,1,"IOTHUB_CLIENT_CONFIRMATION_OK"
22259,10411225242,10411225479,1,"IOTHUB_CLIENT_CONFIRMATION_OK"
22260,10411225442,10411225506,1,"IOTHUB_CLIENT_CONFIRMATION_OK"
22261,10411225642,10411225731,1,"IOTHUB_CLIENT_CONFIRMATION_OK"
22262,10411225842,10411225925,1,"IOTHUB_CLIENT_CONFIRMATION_OK"
22263,10411226043,10411226087,1,"IOTHUB_CLIENT_CONFIRMATION_OK"
22264,10411226243,10411226293,1,"IOTHUB_CLIENT_CONFIRMATION_OK"
22265,10411226443,10411226504,1,"IOTHUB_CLIENT_CONFIRMATION_OK"
22266,10411226643,10411226691,1,"IOTHUB_CLIENT_CONFIRMATION_OK"
22267,10411226843,10411226885,1,"IOTHUB_CLIENT_CONFIRMATION_OK"
22268,10411227043,10411227121,1,"IOTHUB_CLIENT_CONFIRMATION_OK"
22269,10411227244,10411227290,1,"IOTHUB_CLIENT_CONFIRMATION_OK"
22270,10411227444,10411227486,1,"IOTHUB_CLIENT_CONFIRMATION_OK"
22271,10411227644,10411227731,1,"IOTHUB_CLIENT_CONFIRMATION_OK"
22272,10411227844,10411227911,1,"IOTHUB_CLIENT_CONFIRMATION_OK"
22273,10411228044,10411228103,1,"IOTHUB_CLIENT_CONFIRMATION_OK"
22274,10411228244,10411228347,1,"IOTHUB_CLIENT_CONFIRMATION_OK"
22275,10411228445,10411228500,1,"IOTHUB_CLIENT_CONFIRMATION_OK"
22276,10411228645,10411228690,1,"IOTHUB_CLIENT_CONFIRMATION_OK"
22277,10411228845,10411228939,1,"IOTHUB_CLIENT_CONFIRMATION_OK"
22278,10411229045,10411229082,1,"IOTHUB_CLIENT_CONFIRMATION_OK"
22279,10411229245,10411229290,1,"IOTHUB_CLIENT_CONFIRMATION_OK"
22280,10411229445,10411229593,1,"IOTHUB_CLIENT_CONFIRMATION_OK"
22281,10411229645,10411229701,1,"IOTHUB_CLIENT_CONFIRMATION_OK"
22282,10411229846,10411229887,1,"IOTHUB_CLIENT_CONFIRMATION_OK"
22283,10411230046,10411230198,1,"IOTHUB_CLIENT_CONFIRMATION_OK"
22284,10411230246,10411230304,1,"IOTHUB_CLIENT_CONFIRMATION_OK"
22285,10411230446,10411230519,1,"IOTHUB_CLIENT_CONFIRMATION_OK"
22286,10411230646,10411230854,1,"IOTHUB_CLIENT_CONFIRMATION_OK"
22287,10411230846,10411230886,1,"IOTHUB_CLIENT_CONFIRMATION_OK"
22288,10411231047,10411231112,1,"IOTHUB_CLIENT_CONFIRMATION_OK"
22289,10411231247,10411231418,1,"IOTHUB_CLIENT_CONFIRMATION_OK"
22290,10411231447,10411231489,1,"IOTHUB_CLIENT_CONFIRMATION_OK"
22291,10411231647,10411231695,1,"IOTHUB_CLIENT_CONFIRMATION_OK"
22292,10411231847,10411232040,1,"IOTHUB_CLIENT_CONFIRMATION_OK"
22293,10411232047,10411232096,1,"IOTHUB_CLIENT_CONFIRMATION_OK"
22294,10411232247,10411232320,1,"IOTHUB_CLIENT_CONFIRMATION_OK"
22295,10411232448,10411232656,1,"IOTHUB_CLIENT_CONFIRMATION_OK"
22296,10411232648,10411232689,1,"IOTHUB_CLIENT_CONFIRMATION_OK"
22297,10411232848,10411232926,1,"IOTHUB_CLIENT_CONFIRMATION_OK"
22298,10411233048,10411233247,1,"IOTHUB_CLIENT_CONFIRMATION_OK"
22299,10411233248,10411233306,1,"IOTHUB_CLIENT_CONFIRMATION_OK"
22300,10411233448,10411233509,1,"IOTHUB_CLIENT_CONFIRMATION_OK"
22301,10411233649,10411233864,1,"IOTHUB_CLIENT_CONFIRMATION_OK"
22302,10411233849,10411233902,1,"IOTHUB_CLIENT_CONFIRMATION_OK"
22303,10411234049,10411234089,1,"IOTHUB_CLIENT_CONFIRMATION_OK"
22304,10411234249,10411234507,1,"IOTHUB_CLIENT_CONFIRMATION_OK"
22305,10411234449,10411234562,1,"IOTHUB_CLIENT_CONFIRMATION_OK"
22306,10411234649,10411234701,1,"IOTHUB_CLIENT_CONFIRMATION_OK"
22307,10411234850,10411234894,1,"IOTHUB_CLIENT_CONFIRMATION_OK"
22308,10411235050,10411235096,1,"IOTHUB_CLIENT_CONFIRMATION_OK"
22309,10411235250,10411235293,1,"IOTHUB_CLIENT_CONFIRMATION_OK"
22310,10411235450,10411235781,1,"IOTHUB_CLIENT_CONFIRMATION_OK"
22311,10411235650,10411235816,1,"IOTHUB_CLIENT_CONFIRMATION_OK"
22312,10411235850,10411235912,1,"IOTHUB_CLIENT_CONFIRMATION_OK"
22313,10411236050,10411236169,1,"IOTHUB_CLIENT_CONFIRMATION_OK"
22314,10411236251,10411236290,1,"IOTHUB_CLIENT_CONFIRMATION_OK"
22315,10411236451,10411236492,1,"IOTHUB_CLIENT_CONFIRMATION_OK"
22316,10411236651,10411236774,1,"IOTHUB_CLIENT_CONFIRMATION_OK"
22317,10411236851,10411236903,1,"IOTHUB_CLIENT_CONFIRMATION_OK"
22318,10411237051,10411237092,1,"IOTHUB_CLIENT_CONFIRMATION_OK"
22319,10411237251,10411237393,1,"IOTHUB_CLIENT_CONFIRMATION_OK"
22320,10411237452,10411237494,1,"IOTHUB_CLIENT_CONFIRMATION_OK"
22321,10411237652,10411237722,1,"IOTHUB_CLIENT_CONFIRMATION_OK"
22322,10411237852,10411238024,1,"IOTHUB_CLIENT_CONFIRMATION_OK"
22323,10411238052,10411238104,1,"IOTHUB_CLIENT_CONFIRMATION_OK"
22324,10411238252,10411238305,1,"IOTHUB_CLIENT_CONFIRMATION_OK"
22325,10411238452,10411238609,1,"IOTHUB_CLIENT_CONFIRMATION_OK"
22326,10411238653,10411238691,1,"IOTHUB_CLIENT_CONFIRMATION_OK"
22327,10411238853,10411238917,1,"IOTHUB_CLIENT_CONFIRMATION_OK"
22328,10411239053,10411239226,1,"IOTHUB_CLIENT_CONFIRMATION_OK"
22329,10411239253,10411239306,1,"IOTHUB_CLIENT_CONFIRMATION_OK"
22330,10411239453,10411239493,1,"IOTHUB_CLIENT_CONFIRMATION_OK"
22331,10411239653,10411239830,1,"IOTHUB_CLIENT_CONFIRMATION_OK"
22332,10411239853,10411239899,1,"IOTHUB_CLIENT_CONFIRMATION_OK"
22333,10411240054,10411240217,1,"IOTHUB_CLIENT_CONFIRMATION_OK"
22334,10411240254,10411240456,1,"IOTHUB_CLIENT_CONFIRMATION_OK"
22335,10411240454,10411240500,1,"IOTHUB_CLIENT_CONFIRMATION_OK"
22336,10411240654,10411240706,1,"IOTHUB_CLIENT_CONFIRMATION_OK"
22337,10411240854,10411241048,1,"IOTHUB_CLIENT_CONFIRMATION_OK"
22338,10411241054,10411241103,1,"IOTHUB_CLIENT_CONFIRMATION_OK"
22339,10411241254,10411241376,1,"IOTHUB_CLIENT_CONFIRMATION_OK"
22340,10411241455,10411241662,1,"IOTHUB_CLIENT_CONFIRMATION_OK"
22341,10411241655,10411241696,1,"IOTHUB_CLIENT_CONFIRMATION_OK"
22342,10411241855,10411241902,1,"IOTHUB_CLIENT_CONFIRMATION_OK"
22343,10411242055,10411242284,1,"IOTHUB_CLIENT_CONFIRMATION_OK"
22344,10411242255,10411242321,1,"IOTHUB_CLIENT_CONFIRMATION_OK"
22345,10411242455,10411242518,1,"IOTHUB_CLIENT_CONFIRMATION_OK"
22346,10411242656,10411242707,1,"IOTHUB_CLIENT_CONFIRMATION_OK"
22347,10411242856,10411242908,1,"IOTHUB_CLIENT_CONFIRMATION_OK"
22348,10411243056,10411243099,1,"IOTHUB_CLIENT_CONFIRMATION_OK"
22349,10411243256,10411243309,1,"IOTHUB_CLIENT_CONFIRMATION_OK"
22350,10411243456,10411243509,1,"IOTHUB_CLIENT_CONFIRMATION_OK"
22351,10411243656,10411243705,1,"IOTHUB_CLIENT_CONFIRMATION_OK"
22352,10411243856,10411243950,1,"IOTHUB_CLIENT_CONFIRMATION_OK"
22353,10411244057,10411244106,1,"IOTHUB_CLIENT_CONFIRMATION_OK"
22354,10411244257,10411244298,1,"IOTHUB_CLIENT_CONFIRMATION_OK"
22355,10411244457,10411244512,1,"IOTHUB_CLIENT_CONFIRMATION_OK"
22356,10411244657,10411244702,1,"IOTHUB_CLIENT_CONFIRMATION_OK"
22357,10411244857,10411244922,1,"IOTHUB_CLIENT_CONFIRMATION_OK"
22358,10411245057,10411245119,1,"IOTHUB_CLIENT_CONFIRMATION_OK"
22359,10411245257,10411245301,1,"IOTHUB_CLIENT_CONFIRMATION_OK"
22360,10411245458,10411245558,1,"IOTHUB_CLIENT_CONFIRMATION_OK"
22361,10411245658,10411245713,1,"IOTHUB_CLIENT_CONFIRMATION_OK"
22362,10411245858,10411245907,1,"IOTHUB_CLIENT_CONFIRMATION_OK"
22363,10411246058,10411246114,1,"IOTHUB_CLIENT_CONFIRMATION_OK"
22364,10411246258,10411246361,1,"IOTHUB_CLIENT_CONFIRMATION_OK"
22365,10411246458,10411246512,1,"IOTHUB_CLIENT_CONFIRMATION_OK"
22366,10411246659,10411246701,1,"IOTHUB_CLIENT_CONFIRMATION_OK"
22367,10411246859,10411246996,1,"IOTHUB_CLIENT_CONFIRMATION_OK"
22368,10411247059,10411247118,1,"IOTHUB_CLIENT_CONFIRMATION_OK"
22369,10411247259,10411247299,1,"IOTHUB_CLIENT_CONFIRMATION_OK"
22370,10411247459,10411247624,1,"IOTHUB_CLIENT_CONFIRMATION_OK"
22371,10411247659,10411247700,1,"IOTHUB_CLIENT_CONFIRMATION_OK"
22372,10411247859,10411247911,1,"IOTHUB_CLIENT_CONFIRMATION_OK"
22373,10411248060,10411248220,1,"IOTHUB_CLIENT_CONFIRMATION_OK"
22374,10411248260,10411248299,1,"IOTHUB_CLIENT_CONFIRMATION_OK"
22375,10411248460,10411248502,1,"IOTHUB_CLIENT_CONFIRMATION_OK"
22376,10411248660,10411248835,1,"IOTHUB_CLIENT_CONFIRMATION_OK"
22377,10411248860,10411248946,1,"IOTHUB_CLIENT_CONFIRMATION_OK"
22378,10411249060,10411249106,1,"IOTHUB_CLIENT_CONFIRMATION_OK"
22379,10411249261,10411249434,1,"IOTHUB_CLIENT_CONFIRMATION_OK"
22380,10411249461,10411249611,1,"IOTHUB_CLIENT_CONFIRMATION_OK"
22381,10411249661,10411249747,1,"IOTHUB_CLIENT_CONFIRMATION_OK"
22382,10411249861,10411250069,1,"IOTHUB_CLIENT_CONFIRMATION_OK"
22383,10411250061,10411250109,1,"IOTHUB_CLIENT_CONFIRMATION_OK"
22384,10411250261,10411250297,1,"IOTHUB_CLIENT_CONFIRMATION_OK"
22385,10411250461,10411250676,1,"IOTHUB_CLIENT_CONFIRMATION_OK"
22386,10411250662,10411250705,1,"IOTHUB_CLIENT_CONFIRMATION_OK"
22387,10411250862,10411250911,1,"IOTHUB_CLIENT_CONFIRMATION_OK"
22388,10411251062,10411251290,1,"IOTHUB_CLIENT_CONFIRMATION_OK"
22389,10411251262,10411251325,1,"IOTHUB_CLIENT_CONFIRMATION_OK"
22390,10411251462,10411251501,1,"IOTHUB_CLIENT_CONFIRMATION_OK"
22391,10411251662,10411251712,1,"IOTHUB_CLIENT_CONFIRMATION_OK"
22392,10411251863,10411251912,1,"IOTHUB_CLIENT_CONFIRMATION_OK"
22393,10411252063,10411252112,1,"IOTHUB_CLIENT_CONFIRMATION_OK"
22394,10411252263,10411252315,1,"IOTHUB_CLIENT_CONFIRMATION_OK"
22395,10411252463,10411252504,1,"IOTHUB_CLIENT_CONFIRMATION_OK"
22396,10411252663,10411252727,1,"IOTHUB_CLIENT_CONFIRMATION_OK"
22397,10411252863,10411252936,1,"IOTHUB_CLIENT_CONFIRMATION_OK"
22398,10411253063,10411253105,1,"IOTHUB_CLIENT_CONFIRMATION_OK"
22399,10411253264,10411253394,1,"IOTHUB_CLIENT_CONFIRMATION_OK"
22400,10411253464,10411253611,1,"IOTHUB_CLIENT_CONFIRMATION_OK"
22401,10411253664,10411253714,1,"IOTHUB_CLIENT_CONFIRMATION_OK"
22402,10411253864,10411253939,1,"IOTHUB_CLIENT_CONFIRMATION_OK"
22403,10411254064,10411254228,1,"IOTHUB_CLIENT_CONFIRMATION_OK"
22404,10411254264,10411254308,1,"IOTHUB_CLIENT_CONFIRMATION_OK"
22405,10411254465,10411254511,1,"IOTHUB_CLIENT_CONFIRMATION_OK"
22406,10411254665,10411255049,1,"IOTHUB_CLIENT_CONFIRMATION_OK"
22407,10411254865,10411255079,1,"IOTHUB_CLIENT_CONFIRMATION_OK"
22408,10411255065,10411255192,1,"IOTHUB_CLIENT_CONFIRMATION_OK"
22409,10411255265,10411255325,1,"IOTHUB_CLIENT_CONFIRMATION_OK"
22410,10411255465,10411255508,1,"IOTHUB_CLIENT_CONFIRMATION_OK"
22411,10411255666,10411255710,1,"IOTHUB_CLIENT_CONFIRMATION_OK"
22412,10411255866,10411255979,1,"IOTHUB_CLIENT_CONFIRMATION_OK"
22413,10411256066,10411256100,1,"IOTHUB_CLIENT_CONFIRMATION_OK"
22414,10411256266,10411256337,1,"IOTHUB_CLIENT_CONFIRMATION_OK"
22415,10411256466,10411256559,1,"IOTHUB_CLIENT_CONFIRMATION_OK"
22416,10411256666,10411256713,1,"IOTHUB_CLIENT_CONFIRMATION_OK"
22417,10411256866,10411256907,1,"IOTHUB_CLIENT_CONFIRMATION_OK"
22418,10411257067,10411257184,1,"IOTHUB_CLIENT_CONFIRMATION_OK"
22419,10411257267,10411257325,1,"IOTHUB_CLIENT_CONFIRMATION_OK"
22420,10411257467,10411257502,1,"IOTHUB_CLIENT_CONFIRMATION_OK"
22421,10411257667,10411257782,1,"IOTHUB_CLIENT_CONFIRMATION_OK"
22422,10411257867,10411257915,1,"IOTHUB_CLIENT_CONFIRMATION_OK"
22423,10411258067,10411258115,1,"IOTHUB_CLIENT_CONFIRMATION_OK"
22424,10411258268,10411258384,1,"IOTHUB_CLIENT_CONFIRMATION_OK"
22425,10411258468,10411258537,1,"IOTHUB_CLIENT_CONFIRMATION_OK"
22426,10411258668,10411258712,1,"IOTHUB_CLIENT_CONFIRMATION_OK"
22427,10411258868,10411259003,1,"IOTHUB_CLIENT_CONFIRMATION_OK"
22428,10411259068,10411259117,1,"IOTHUB_CLIENT_CONFIRMATION_OK"
22429,10411259268,10411259312,1,"IOTHUB_CLIENT_CONFIRMATION_OK"
22430,10411259469,10411259620,1,"IOTHUB_CLIENT_CONFIRMATION_OK"
22431,10411259669,10411259725,1,"IOTHUB_CLIENT_CONFIRMATION_OK"
22432,10411259869,10411259910,1,"IOTHUB_CLIENT_CONFIRMATION_OK"
22433,10411260069,10411260229,1,"IOTHUB_CLIENT_CONFIRMATION_OK"
22434,10411260269,10411260320,1,"IOTHUB_CLIENT_CONFIRMATION_OK"
22435,10411260469,10411260563,1,"IOTHUB_CLIENT_CONFIRMATION_OK"
22436,10411260669,10411260737,1,"IOTHUB_CLIENT_CONFIRMATION_OK"
22437,10411260870,10411260914,1,"IOTHUB_CLIENT_CONFIRMATION_OK"
22438,10411261070,10411261181,1,"IOTHUB_CLIENT_CONFIRMATION_OK"
22439,10411261270,10411261381,1,"IOTHUB_CLIENT_CONFIRMATION_OK"
22440,10411261470,10411261522,1,"IOTHUB_CLIENT_CONFIRMATION_OK"
22441,10411261670,10411261721,1,"IOTHUB_CLIENT_CONFIRMATION_OK"
22442,10411261870,10411261999,1,"IOTHUB_CLIENT_CONFIRMATION_OK"
22443,10411262070,10411262151,1,"IOTHUB_CLIENT_CONFIRMATION_OK"
22444,10411262271,10411262326,1,"IOTHUB_CLIENT_CONFIRMATION_OK"
22445,10411262471,10411262577,1,"IOTHUB_CLIENT_CONFIRMATION_OK"
22446,10411262671,10411262726,1,"IOTHUB_CLIENT_CONFIRMATION_OK"
22447,10411262871,10411262903,1,"IOTHUB_CLIENT_CONFIRMATION_OK"
22448,10411263071,10411263220,1,"IOTHUB_CLIENT_CONFIRMATION_OK"
22449,10411263271,10411263328,1,"IOTHUB_CLIENT_CONFIRMATION_OK"
22450,10411263472,10411263523,1,"IOTHUB_CLIENT_CONFIRMATION_OK"
22451,10411263672,10411263831,1,"IOTHUB_CLIENT_CONFIRMATION_OK"
22452,10411263872,10411263922,1,"IOTHUB_CLIENT_CONFIRMATION_OK"
22453,10411264072,10411264109,1,"IOTHUB_CLIENT_CONFIRMATION_OK"
22454,10411264272,10411264447,1,"IOTHUB_CLIENT_CONFIRMATION_OK"
22455,10411264472,10411264532,1,"IOTHUB_CLIENT_CONFIRMATION_OK"
22456,10411264672,10411264739,1,"IOTHUB_CLIENT_CONFIRMATION_OK"
22457,10411264873,10411265063,1,"IOTHUB_CLIENT_CONFIRMATION_OK"
22458,10411265073,10411265116,1,"IOTHUB_CLIENT_CONFIRMATION_OK"
22459,10411265273,10411265337,1,"IOTHUB_CLIENT_CONFIRMATION_OK"
22460,10411265473,10411265704,1,"IOTHUB_CLIENT_CONFIRMATION_OK"
22461,10411265673,10411265737,1,"IOTHUB_CLIENT_CONFIRMATION_OK"
22462,10411265873,10411265912,1,"IOTHUB_CLIENT_CONFIRMATION_OK"
22463,10411266074,10411266127,1,"IOTHUB_CLIENT_CONFIRMATION_OK"
22464,10411266274,10411266476,1,"IOTHUB_CLIENT_CONFIRMATION_OK"
22465,10411266474,10411266568,1,"IOTHUB_CLIENT_CONFIRMATION_OK"
22466,10411266674,10411266723,1,"IOTHUB_CLIENT_CONFIRMATION_OK"
22467,10411266874,10411266919,1,"IOTHUB_CLIENT_CONFIRMATION_OK"
22468,10411267074,10411267128,1,"IOTHUB_CLIENT_CONFIRMATION_OK"
22469,10411267275,10411267337,1,"IOTHUB_CLIENT_CONFIRMATION_OK"
22470,10411267475,10411267530,1,"IOTHUB_CLIENT_CONFIRMATION_OK"
22471,10411267675,10411267746,1,"IOTHUB_CLIENT_CONFIRMATION_OK"
22472,10411267875,10411267949,1,"IOTHUB_CLIENT_CONFIRMATION_OK"
22473,10411268075,10411268126,1,"IOTHUB_CLIENT_CONFIRMATION_OK"
22474,10411268275,10411268328,1,"IOTHUB_CLIENT_CONFIRMATION_OK"
22475,10411268475,10411268520,1,"IOTHUB_CLIENT_CONFIRMATION_OK"
22476,10411268676,10411268730,1,"IOTHUB_CLIENT_CONFIRMATION_OK"
22477,10411268876,10411268934,1,"IOTHUB_CLIENT_CONFIRMATION_OK"
22478,10411269076,10411269135,1,"IOTHUB_CLIENT_CONFIRMATION_OK"
22479,10411269276,10411269327,1,"IOTHUB_CLIENT_CONFIRMATION_OK"
22480,10411269476,10411269530,1,"IOTHUB_CLIENT_CONFIRMATION_OK"
22481,10411269676,10411269735,1,"IOTHUB_CLIENT_CONFIRMATION_OK"
22482,10411269876,10411269926,1,"IOTHUB_CLIENT_CONFIRMATION_OK"
22483,10411270077,10411270151,1,"IOTHUB_CLIENT_CONFIRMATION_OK"
22484,10411270277,10411270367,1,"IOTHUB_CLIENT_CONFIRMATION_OK"
22485,10411270477,10411270531,1,"IOTHUB_CLIENT_CONFIRMATION_OK"
22486,10411270677,10411270727,1,"IOTHUB_CLIENT_CONFIRMATION_OK"
22487,10411270877,10411270961,1,"IOTHUB_CLIENT_CONFIRMATION_OK"
22488,10411271077,10411271134,1,"IOTHUB_CLIENT_CONFIRMATION_OK"
22489,10411271278,10411271359,1,"IOTHUB_CLIENT_CONFIRMATION_OK"
22490,10411271478,10411271607,1,"IOTHUB_CLIENT_CONFIRMATION_OK"
22491,10411271678,10411271737,1,"IOTHUB_CLIENT_CONFIRMATION_OK"
22492,10411271878,10411271918,1,"IOTHUB_CLIENT_CONFIRMATION_OK"
22493,10411272078,10411272176,1,"IOTHUB_CLIENT_CONFIRMATION_OK"
22494,10411272278,10411272334,1,"IOTHUB_CLIENT_CONFIRMATION_OK"
22495,10411272478,10411272530,1,"IOTHUB_CLIENT_CONFIRMATION_OK"
22496,10411272679,10411272799,1,"IOTHUB_CLIENT_CONFIRMATION_OK"
22497,10411272879,10411272921,1,"IOTHUB_CLIENT_CONFIRMATION_OK"
22498,10411273079,10411273136,1,"IOTHUB_CLIENT_CONFIRMATION_OK"
22499,10411273279,10411273486,1,"IOTHUB_CLIENT_CONFIRMATION_OK"
22500,10411273479,10411273561,1,"IOTHUB_CLIENT_CONFIRMATION_OK"
22501,10411273679,10411273713,1,"IOTHUB_CLIENT_CONFIRMATION_OK"
22502,10411273880,10411273934,1,"IOTHUB_CLIENT_CONFIRMATION_OK"
22503,10411274080,10411274144,1,"IOTHUB_CLIENT_CONFIRMATION_OK"
22504,10411274280,10411274323,1,"IOTHUB_CLIENT_CONFIRMATION_OK"
22505,10411274480,10411274536,1,"IOTHUB_CLIENT_CONFIRMATION_OK"
22506,10411274680,10411274800,1,"IOTHUB_CLIENT_CONFIRMATION_OK"
22507,10411274880,10411274925,1,"IOTHUB_CLIENT_CONFIRMATION_OK"
22508,10411275080,10411275123,1,"IOTHUB_CLIENT_CONFIRMATION_OK"
22509,10411275281,10411275317,1,"IOTHUB_CLIENT_CONFIRMATION_OK"
22510,10411275481,10411275529,1,"IOTHUB_CLIENT_CONFIRMATION_OK"
22511,10411275681,10411275738,1,"IOTHUB_CLIENT_CONFIRMATION_OK"
22512,10411275881,10411275934,1,"IOTHUB_CLIENT_CONFIRMATION_OK"
22513,10411276081,10411276186,1,"IOTHUB_CLIENT_CONFIRMATION_OK"
22514,10411276281,10411276453,1,"IOTHUB_CLIENT_CONFIRMATION_OK"
22515,10411276482,10411276534,1,"IOTHUB_CLIENT_CONFIRMATION_OK"
22516,10411276682,10411276731,1,"IOTHUB_CLIENT_CONFIRMATION_OK"
22517,10411276882,10411276973,1,"IOTHUB_CLIENT_CONFIRMATION_OK"
22518,10411277082,10411277131,1,"IOTHUB_CLIENT_CONFIRMATION_OK"
22519,10411277282,10411277355,1,"IOTHUB_CLIENT_CONFIRMATION_OK"
22520,10411277482,10411277570,1,"IOTHUB_CLIENT_CONFIRMATION_OK"
22521,10411277683,10411277719,1,"IOTHUB_CLIENT_CONFIRMATION_OK"
22522,10411277883,10411277947,1,"IOTHUB_CLIENT_CONFIRMATION_OK"
22523,10411278083,10411278159,1,"IOTHUB_CLIENT_CONFIRMATION_OK"
22524,10411278283,10411278328,1,"IOTHUB_CLIENT_CONFIRMATION_OK"
22525,10411278483,10411278530,1,"IOTHUB_CLIENT_CONFIRMATION_OK"
22526,10411278683,10411278776,1,"IOTHUB_CLIENT_CONFIRMATION_OK"
22527,10411278884,10411278941,1,"IOTHUB_CLIENT_CONFIRMATION_OK"
22528,10411279084,10411279144,1,"IOTHUB_CLIENT_CONFIRMATION_OK"
22529,10411279284,10411279381,1,"IOTHUB_CLIENT_CONFIRMATION_OK"
22530,10411279484,10411279526,1,"IOTHUB_CLIENT_CONFIRMATION_OK"
22531,10411279684,10411279731,1,"IOTHUB_CLIENT_CONFIRMATION_OK"
22532,10411279884,10411280025,1,"IOTHUB_CLIENT_CONFIRMATION_OK"
22533,10411280084,10411280121,1,"IOTHUB_CLIENT_CONFIRMATION_OK"
22534,10411280285,10411280337,1,"IOTHUB_CLIENT_CONFIRMATION_OK"
22535,10411280485,10411280602,1,"IOTHUB_CLIENT_CONFIRMATION_OK"
22536,10411280685,10411280742,1,"IOTHUB_CLIENT_CONFIRMATION_OK"
22537,10411280885,10411280947,1,"IOTHUB_CLIENT_CONFIRMATION_OK"
22538,10411281085,10411281215,1,"IOTHUB_CLIENT_CONFIRMATION_OK"
22539,10411281285,10411281326,1,"IOTHUB_CLIENT_CONFIRMATION_OK"
22540,10411281486,10411281532,1,"IOTHUB_CLIENT_CONFIRMATION_OK"
22541,10411281686,10411281823,1,"IOTHUB_CLIENT_CONFIRMATION_OK"
22542,10411281886,10411281934,1,"IOTHUB_CLIENT_CONFIRMATION_OK"
22543,10411282086,10411282134,1,"IOTHUB_CLIENT_CONFIRMATION_OK"
22544,10411282286,10411282418,1,"IOTHUB_CLIENT_CONFIRMATION_OK"
22545,10411282486,10411282531,1,"IOTHUB_CLIENT_CONFIRMATION_OK"
22546,10411282687,10411282728,1,"IOTHUB_CLIENT_CONFIRMATION_OK"
22547,10411282887,10411283047,1,"IOTHUB_CLIENT_CONFIRMATION_OK"
22548,10411283087,10411283159,1,"IOTHUB_CLIENT_CONFIRMATION_OK"
22549,10411283287,10411283338,1,"IOTHUB_CLIENT_CONFIRMATION_OK"
22550,10411283487,10411283638,1,"IOTHUB_CLIENT_CONFIRMATION_OK"
22551,10411283687,10411283721,1,"IOTHUB_CLIENT_CONFIRMATION_OK"
22552,10411283887,10411283966,1,"IOTHUB_CLIENT_CONFIRMATION_OK"
22553,10411284088,10411284339,1,"IOTHUB_CLIENT_CONFIRMATION_OK"
22554,10411284288,10411284370,1,"IOTHUB_CLIENT_CONFIRMATION_OK"
22555,10411284488,10411284527,1,"IOTHUB_CLIENT_CONFIRMATION_OK"
22556,10411284688,10411284861,1,"IOTHUB_CLIENT_CONFIRMATION_OK"
22557,10411284888,10411284959,1,"IOTHUB_CLIENT_CONFIRMATION_OK"
22558,10411285088,10411285136,1,"IOTHUB_CLIENT_CONFIRMATION_OK"
22559,10411285288,10411285467,1,"IOTHUB_CLIENT_CONFIRMATION_OK"
22560,10411285489,10411285525,1,"IOTHUB_CLIENT_CONFIRMATION_OK"
22561,10411285689,10411285747,1,"IOTHUB_CLIENT_CONFIRMATION_OK"
22562,10411285889,10411285974,1,"IOTHUB_CLIENT_CONFIRMATION_OK"
22563,10411286089,10411286134,1,"IOTHUB_CLIENT_CONFIRMATION_OK"
22564,10411286289,10411286332,1,"IOTHUB_CLIENT_CONFIRMATION_OK"
22565,10411286489,10411286579,1,"IOTHUB_CLIENT_CONFIRMATION_OK"
22566,10411286690,10411286735,1,"IOTHUB_CLIENT_CONFIRMATION_OK"
22567,10411286890,10411286961,1,"IOTHUB_CLIENT_CONFIRMATION_OK"
22568,10411287090,10411287136,1,"IOTHUB_CLIENT_CONFIRMATION_OK"
22569,10411287290,10411287338,1,"IOTHUB_CLIENT_CONFIRMATION_OK"
22570,10411287490,10411287538,1,"IOTHUB_CLIENT_CONFIRMATION_OK"
22571,10411287690,10411287736,1,"IOTHUB_CLIENT_CONFIRMATION_OK"
22572,10411287891,10411287939,1,"IOTHUB_CLIENT_CONFIRMATION_OK"
22573,10411288091,10411288148,1,"IOTHUB_CLIENT_CONFIRMATION_OK"
22574,10411288291,10411288337,1,"IOTHUB_CLIENT_CONFIRMATION_OK"
22575,10411288491,10411288538,1,"IOTHUB_CLIENT_CONFIRMATION_OK"
22576,10411288691,10411288737,1,"IOTHUB_CLIENT_CONFIRMATION_OK"
22577,10411288891,10411288954,1,"IOTHUB_CLIENT_CONFIRMATION_OK"
22578,10411289092,10411289136,1,"IOTHUB_CLIENT_CONFIRMATION_OK"
22579,10411289292,10411289348,1,"IOTHUB_CLIENT_CONFIRMATION_OK"
22580,10411289492,10411289578,1,"IOTHUB_CLIENT_CONFIRMATION_OK"
22581,10411289692,10411289776,1,"IOTHUB_CLIENT_CONFIRMATION_OK"
22582,10411289892,10411289940,1,"IOTHUB_CLIENT_CONFIRMATION_OK"
22583,10411290092,10411290244,1,"IOTHUB_CLIENT_CONFIRMATION_OK"
22584,10411290292,10411290349,1,"IOTHUB_CLIENT_CONFIRMATION_OK"
22585,10411290493,10411290539,1,"IOTHUB_CLIENT_CONFIRMATION_OK"
22586,10411290693,10411290796,1,"IOTHUB_CLIENT_CONFIRMATION_OK"
22587,10411290893,10411290933,1,"IOTHUB_CLIENT_CONFIRMATION_OK"
22588,10411291093,10411291136,1,"IOTHUB_CLIENT_CONFIRMATION_OK"
22589,10411291293,10411291415,1,"IOTHUB_CLIENT_CONFIRMATION_OK"
22590,10411291493,10411291537,1,"IOTHUB_CLIENT_CONFIRMATION_OK"
22591,10411291694,10411291731,1,"IOTHUB_CLIENT_CONFIRMATION_OK"
22592,10411291894,10411292001,1,"IOTHUB_CLIENT_CONFIRMATION_OK"
22593,10411292094,10411292145,1,"IOTHUB_CLIENT_CONFIRMATION_OK"
22594,10411292294,10411292342,1,"IOTHUB_CLIENT_CONFIRMATION_OK"
22595,10411292494,10411292625,1,"IOTHUB_CLIENT_CONFIRMATION_OK"
22596,10411292694,10411292742,1,"IOTHUB_CLIENT_CONFIRMATION_OK"
22597,10411292894,10411293722,1,"IOTHUB_CLIENT_CONFIRMATION_OK"
22598,10411293095,10411293811,1,"IOTHUB_CLIENT_CONFIRMATION_OK"
22599,10411293295,10411293895,1,"IOTHUB_CLIENT_CONFIRMATION_OK"
22600,10411293495,10411293984,1,"IOTHUB_CLIENT_CONFIRMATION_OK"
22601,10411293695,10411294066,1,"IOTHUB_CLIENT_CONFIRMATION_OK"
22602,10411293895,10411294132,1,"IOTHUB_CLIENT_CONFIRMATION_OK"
22603,10411294095,10411294248,1,"IOTHUB_CLIENT_CONFIRMATION_OK"
22604,10411294296,10411294473,1,"IOTHUB_CLIENT_CONFIRMATION_OK"
22605,10411294496,10411294563,1,"IOTHUB_CLIENT_CONFIRMATION_OK"
22606,10411294696,10411294802,1,"IOTHUB_CLIENT_CONFIRMATION_OK"
22607,10411294896,10411295053,1,"IOTHUB_CLIENT_CONFIRMATION_OK"
22608,10411295096,10411295155,1,"IOTHUB_CLIENT_CONFIRMATION_OK"
22609,10411295296,10411295327,1,"IOTHUB_CLIENT_CONFIRMATION_OK"
22610,10411295497,10411295668,1,"IOTHUB_CLIENT_CONFIRMATION_OK"
22611,10411295697,10411295735,1,"IOTHUB_CLIENT_CONFIRMATION_OK"
22612,10411295897,10411296001,1,"IOTHUB_CLIENT_CONFIRMATION_OK"
22613,10411296097,10411296177,1,"IOTHUB_CLIENT_CONFIRMATION_OK"
22614,10411296297,10411296344,1,"IOTHUB_CLIENT_CONFIRMATION_OK"
22615,10411296497,10411296552,1,"IOTHUB_CLIENT_CONFIRMATION_OK"
22616,10411296697,10411296741,1,"IOTHUB_CLIENT_CONFIRMATION_OK"
22617,10411296898,10411296939,1,"IOTHUB_CLIENT_CONFIRMATION_OK"
22618,10411297098,10411297164,1,"IOTHUB_CLIENT_CONFIRMATION_OK"
22619,10411297298,10411297365,1,"IOTHUB_CLIENT_CONFIRMATION_OK"
22620,10411297498,10411297564,1,"IOTHUB_CLIENT_CONFIRMATION_OK"
22621,10411297698,10411297742,1,"IOTHUB_CLIENT_CONFIRMATION_OK"
22622,10411297898,10411297972,1,"IOTHUB_CLIENT_CONFIRMATION_OK"
22623,10411298099,10411298141,1,"IOTHUB_CLIENT_CONFIRMATION_OK"
22624,10411298299,10411298356,1,"IOTHUB_CLIENT_CONFIRMATION_OK"
22625,10411298499,10411298627,1,"IOTHUB_CLIENT_CONFIRMATION_OK"
22626,10411298699,10411298764,1,"IOTHUB_CLIENT_CONFIRMATION_OK"
22627,10411298899,10411298957,1,"IOTHUB_CLIENT_CONFIRMATION_OK"
22628,10411299099,10411299241,1,"IOTHUB_CLIENT_CONFIRMATION_OK"
22629,10411299299,10411299371,1,"IOTHUB_CLIENT_CONFIRMATION_OK"
22630,10411299500,10411299539,1,"IOTHUB_CLIENT_CONFIRMATION_OK"
22631,10411299700,10411299849,1,"IOTHUB_CLIENT_CONFIRMATION_OK"
22632,10411299900,10411299936,1,"IOTHUB_CLIENT_CONFIRMATION_OK"
22633,10411300100,10411300158,1,"IOTHUB_CLIENT_CONFIRMATION_OK"
22634,10411300300,10411300467,1,"IOTHUB_CLIENT_CONFIRMATION_OK"
22635,10411300500,10411300551,1,"IOTHUB_CLIENT_CONFIRMATION_OK"
22636,10411300701,10411300766,1,"IOTHUB_CLIENT_CONFIRMATION_OK"
22637,10411300901,10411300944,1,"IOTHUB_CLIENT_CONFIRMATION_OK"
22638,10411301101,10411301142,1,"IOTHUB_CLIENT_CONFIRMATION_OK"
22639,10411301301,10411301365,1,"IOTHUB_CLIENT_CONFIRMATION_OK"
22640,10411301501,10411301549,1,"IOTHUB_CLIENT_CONFIRMATION_OK"
22641,10411301701,10411301738,1,"IOTHUB_CLIENT_CONFIRMATION_OK"
22642,10411301901,10411301960,1,"IOTHUB_CLIENT_CONFIRMATION_OK"
22643,10411302102,10411302173,1,"IOTHUB_CLIENT_CONFIRMATION_OK"
22644,10411302302,10411302351,1,"IOTHUB_CLIENT_CONFIRMATION_OK"
22645,10411302502,10411302564,1,"IOTHUB_CLIENT_CONFIRMATION_OK"
22646,10411302702,10411302765,1,"IOTHUB_CLIENT_CONFIRMATION_OK"
22647,10411302902,10411302962,1,"IOTHUB_CLIENT_CONFIRMATION_OK"
22648,10411303102,10411303172,1,"IOTHUB_CLIENT_CONFIRMATION_OK"
22649,10411303302,10411303353,1,"IOTHUB_CLIENT_CONFIRMATION_OK"
22650,10411303503,10411303551,1,"IOTHUB_CLIENT_CONFIRMATION_OK"
22651,10411303703,10411303773,1,"IOTHUB_CLIENT_CONFIRMATION_OK"
22652,10411303903,10411303953,1,"IOTHUB_CLIENT_CONFIRMATION_OK"
22653,10411304103,10411304150,1,"IOTHUB_CLIENT_CONFIRMATION_OK"
22654,10411304303,10411304352,1,"IOTHUB_CLIENT_CONFIRMATION_OK"
22655,10411304503,10411304543,1,"IOTHUB_CLIENT_CONFIRMATION_OK"
22656,10411304704,10411304747,1,"IOTHUB_CLIENT_CONFIRMATION_OK"
22657,10411304904,10411304940,1,"IOTHUB_CLIENT_CONFIRMATION_OK"
22658,10411305104,10411305192,1,"IOTHUB_CLIENT_CONFIRMATION_OK"
22659,10411305304,10411305437,1,"IOTHUB_CLIENT_CONFIRMATION_OK"
22660,10411305504,10411305558,1,"IOTHUB_CLIENT_CONFIRMATION_OK"
22661,10411305704,10411305756,1,"IOTHUB_CLIENT_CONFIRMATION_OK"
22662,10411305904,10411305941,1,"IOTHUB_CLIENT_CONFIRMATION_OK"
22663,10411306105,10411306147,1,"IOTHUB_CLIENT_CONFIRMATION_OK"
22664,10411306305,10411306407,1,"IOTHUB_CLIENT_CONFIRMATION_OK"
22665,10411306505,10411306547,1,"IOTHUB_CLIENT_CONFIRMATION_OK"
22666,10411306705,10411306750,1,"IOTHUB_CLIENT_CONFIRMATION_OK"
22667,10411306905,10411306967,1,"IOTHUB_CLIENT_CONFIRMATION_OK"
22668,10411307105,10411307145,1,"IOTHUB_CLIENT_CONFIRMATION_OK"
22669,10411307305,10411307404,1,"IOTHUB_CLIENT_CONFIRMATION_OK"
22670,10411307506,10411307581,1,"IOTHUB_CLIENT_CONFIRMATION_OK"
22671,10411307706,10411307752,1,"IOTHUB_CLIENT_CONFIRMATION_OK"
22672,10411307906,10411307948,1,"IOTHUB_CLIENT_CONFIRMATION_OK"
22673,10411308106,10411308193,1,"IOTHUB_CLIENT_CONFIRMATION_OK"
22674,10411308306,10411308358,1,"IOTHUB_CLIENT_CONFIRMATION_OK"
22675,10411308506,10411308602,1,"IOTHUB_CLIENT_CONFIRMATION_OK"
22676,10411308706,10411308808,1,"IOTHUB_CLIENT_CONFIRMATION_OK"
22677,10411308907,10411308962,1,"IOTHUB_CLIENT_CONFIRMATION_OK"
22678,10411309107,10411309148,1,"IOTHUB_CLIENT_CONFIRMATION_OK"
22679,10411309307,10411309428,1,"IOTHUB_CLIENT_CONFIRMATION_OK"
22680,10411309507,10411309565,1,"IOTHUB_CLIENT_CONFIRMATION_OK"
22681,10411309707,10411309751,1,"IOTHUB_CLIENT_CONFIRMATION_OK"
22682,10411309907,10411310057,1,"IOTHUB_CLIENT_CONFIRMATION_OK"
22683,10411310108,10411310172,1,"IOTHUB_CLIENT_CONFIRMATION_OK"
22684,10411310308,10411310380,1,"IOTHUB_CLIENT_CONFIRMATION_OK"
22685,10411310508,10411310682,1,"IOTHUB_CLIENT_CONFIRMATION_OK"
22686,10411310708,10411310750,1,"IOTHUB_CLIENT_CONFIRMATION_OK"
22687,10411310908,10411310992,1,"IOTHUB_CLIENT_CONFIRMATION_OK"
22688,10411311108,10411311173,1,"IOTHUB_CLIENT_CONFIRMATION_OK"
22689,10411311309,10411311359,1,"IOTHUB_CLIENT_CONFIRMATION_OK"
22690,10411311509,10411311578,1,"IOTHUB_CLIENT_CONFIRMATION_OK"
22691,10411311709,10411311745,1,"IOTHUB_CLIENT_CONFIRMATION_OK"
22692,10411311909,10411311960,1,"IOTHUB_CLIENT_CONFIRMATION_OK"
22693,10411312109,10411312169,1,"IOTHUB_CLIENT_CONFIRMATION_OK"
22694,10411312309,10411312363,1,"IOTHUB_CLIENT_CONFIRMATION_OK"
22695,10411312510,10411312554,1,"IOTHUB_CLIENT_CONFIRMATION_OK"
22696,10411312710,10411312748,1,"IOTHUB_CLIENT_CONFIRMATION_OK"
22697,10411312910,10411312969,1,"IOTHUB_CLIENT_CONFIRMATION_OK"
22698,10411313110,10411313167,1,"IOTHUB_CLIENT_CONFIRMATION_OK"
22699,10411313310,10411313373,1,"IOTHUB_CLIENT_CONFIRMATION_OK"
22700,10411313510,10411313564,1,"IOTHUB_CLIENT_CONFIRMATION_OK"
22701,10411313710,10411313789,1,"IOTHUB_CLIENT_CONFIRMATION_OK"
22702,10411313911,10411313962,1,"IOTHUB_CLIENT_CONFIRMATION_OK"
22703,10411314111,10411314267,1,"IOTHUB_CLIENT_CONFIRMATION_OK"
22704,10411314311,10411314361,1,"IOTHUB_CLIENT_CONFIRMATION_OK"
22705,10411314511,10411314568,1,"IOTHUB_CLIENT_CONFIRMATION_OK"
22706,10411314711,10411314784,1,"IOTHUB_CLIENT_CONFIRMATION_OK"
22707,10411314911,10411314967,1,"IOTHUB_CLIENT_CONFIRMATION_OK"
22708,10411315112,10411315240,1,"IOTHUB_CLIENT_CONFIRMATION_OK"
22709,10411315312,10411315501,1,"IOTHUB_CLIENT_CONFIRMATION_OK"
22710,10411315512,10411315583,1,"IOTHUB_CLIENT_CONFIRMATION_OK"
22711,10411315712,10411315762,1,"IOTHUB_CLIENT_CONFIRMATION_OK"
22712,10411315912,10411315974,1,"IOTHUB_CLIENT_CONFIRMATION_OK"
22713,10411316112,10411316198,1,"IOTHUB_CLIENT_CONFIRMATION_OK"
22714,10411316313,10411316351,1,"IOTHUB_CLIENT_CONFIRMATION_OK"
22715,10411316513,10411316566,1,"IOTHUB_CLIENT_CONFIRMATION_OK"
22716,10411316713,10411316775,1,"IOTHUB_CLIENT_CONFIRMATION_OK"
22717,10411316913,10411316983,1,"IOTHUB_CLIENT_CONFIRMATION_OK"
22718,10411317113,10411317156,1,"IOTHUB_CLIENT_CONFIRMATION_OK"
22719,10411317313,10411317360,1,"IOTHUB_CLIENT_CONFIRMATION_OK"
22720,10411317513,10411317557,1,"IOTHUB_CLIENT_CONFIRMATION_OK"
22721,10411317714,10411317773,1,"IOTHUB_CLIENT_CONFIRMATION_OK"
22722,10411317914,10411318018,1,"IOTHUB_CLIENT_CONFIRMATION_OK"
22723,10411318114,10411318237,1,"IOTHUB_CLIENT_CONFIRMATION_OK"
22724,10411318314,10411318416,1,"IOTHUB_CLIENT_CONFIRMATION_OK"
22725,10411318514,10411318592,1,"IOTHUB_CLIENT_CONFIRMATION_OK"
22726,10411318714,10411318756,1,"IOTHUB_CLIENT_CONFIRMATION_OK"
22727,10411318915,10411319019,1,"IOTHUB_CLIENT_CONFIRMATION_OK"
22728,10411319115,10411319154,1,"IOTHUB_CLIENT_CONFIRMATION_OK"
22729,10411319315,10411319374,1,"IOTHUB_CLIENT_CONFIRMATION_OK"
22730,10411319515,10411319652,1,"IOTHUB_CLIENT_CONFIRMATION_OK"
22731,10411319715,10411319772,1,"IOTHUB_CLIENT_CONFIRMATION_OK"
22732,10411319915,10411319977,1,"IOTHUB_CLIENT_CONFIRMATION_OK"
22733,10411320115,10411320237,1,"IOTHUB_CLIENT_CONFIRMATION_OK"
22734,10411320316,10411320364,1,"IOTHUB_CLIENT_CONFIRMATION_OK"
22735,10411320516,10411320590,1,"IOTHUB_CLIENT_CONFIRMATION_OK"
22736,10411320716,10411320865,1,"IOTHUB_CLIENT_CONFIRMATION_OK"
22737,10411320916,10411320966,1,"IOTHUB_CLIENT_CONFIRMATION_OK"
22738,10411321116,10411321172,1,"IOTHUB_CLIENT_CONFIRMATION_OK"
22739,10411321316,10411321366,1,"IOTHUB_CLIENT_CONFIRMATION_OK"
22740,10411321517,10411321565,1,"IOTHUB_CLIENT_CONFIRMATION_OK"
22741,10411321717,10411321748,1,"IOTHUB_CLIENT_CONFIRMATION_OK"
22742,10411321917,10411321956,1,"IOTHUB_CLIENT_CONFIRMATION_OK"
22743,10411322117,10411322170,1,"IOTHUB_CLIENT_CONFIRMATION_OK"
22744,10411322317,10411322361,1,"IOTHUB_CLIENT_CONFIRMATION_OK"
22745,10411322517,10411322556,1,"IOTHUB_CLIENT_CONFIRMATION_OK"
22746,10411322718,10411322759,1,"IOTHUB_CLIENT_CONFIRMATION_OK"
22747,10411322918,10411322953,1,"IOTHUB_CLIENT_CONFIRMATION_OK"
22748,10411323118,10411323171,1,"IOTHUB_CLIENT_CONFIRMATION_OK"
22749,10411323318,10411323384,1,"IOTHUB_CLIENT_CONFIRMATION_OK"
22750,10411323518,10411323623,1,"IOTHUB_CLIENT_CONFIRMATION_OK"
22751,10411323718,10411323778,1,"IOTHUB_CLIENT_CONFIRMATION_OK"
22752,10411323919,10411323975,1,"IOTHUB_CLIENT_CONFIRMATION_OK"
22753,10411324119,10411324187,1,"IOTHUB_CLIENT_CONFIRMATION_OK"
22754,10411324319,10411324400,1,"IOTHUB_CLIENT_CONFIRMATION_OK"
22755,10411324519,10411324693,1,"IOTHUB_CLIENT_CONFIRMATION_OK"
22756,10411324719,10411324774,1,"IOTHUB_CLIENT_CONFIRMATION_OK"
22757,10411324919,10411324962,1,"IOTHUB_CLIENT_CONFIRMATION_OK"
22758,10411325119,10411325163,1,"IOTHUB_CLIENT_CONFIRMATION_OK"
22759,10411325320,10411325371,1,"IOTHUB_CLIENT_CONFIRMATION_OK"
22760,10411325520,10411325573,1,"IOTHUB_CLIENT_CONFIRMATION_OK"
22761,10411325720,10411325781,1,"IOTHUB_CLIENT_CONFIRMATION_OK"
22762,10411325920,10411325965,1,"IOTHUB_CLIENT_CONFIRMATION_OK"
22763,10411326120,10411326170,1,"IOTHUB_CLIENT_CONFIRMATION_OK"
22764,10411326320,10411326373,1,"IOTHUB_CLIENT_CONFIRMATION_OK"
22765,10411326521,10411326573,1,"IOTHUB_CLIENT_CONFIRMATION_OK"
22766,10411326721,10411326765,1,"IOTHUB_CLIENT_CONFIRMATION_OK"
22767,10411326921,10411326981,1,"IOTHUB_CLIENT_CONFIRMATION_OK"
22768,10411327121,10411327179,1,"IOTHUB_CLIENT_CONFIRMATION_OK"
22769,10411327321,10411327374,1,"IOTHUB_CLIENT_CONFIRMATION_OK"
22770,10411327521,10411327570,1,"IOTHUB_CLIENT_CONFIRMATION_OK"
22771,10411327721,10411327801,1,"IOTHUB_CLIENT_CONFIRMATION_OK"
22772,10411327922,10411328022,1,"IOTHUB_CLIENT_CONFIRMATION_OK"
22773,10411328122,10411328179,1,"IOTHUB_CLIENT_CONFIRMATION_OK"
22774,10411328322,10411328365,1,"IOTHUB_CLIENT_CONFIRMATION_OK"
22775,10411328522,10411328570,1,"IOTHUB_CLIENT_CONFIRMATION_OK"
22776,10411328722,10411328787,1,"IOTHUB_CLIENT_CONFIRMATION_OK"
22777,10411328922,10411328970,1,"IOTHUB_CLIENT_CONFIRMATION_OK"
22778,10411329123,10411329192,1,"IOTHUB_CLIENT_CONFIRMATION_OK"
22779,10411329323,10411329372,1,"IOTHUB_CLIENT_CONFIRMATION_OK"
22780,10411329523,10411329591,1,"IOTHUB_CLIENT_CONFIRMATION_OK"
22781,10411329723,10411329779,1,"IOTHUB_CLIENT_CONFIRMATION_OK"
22782,10411329923,10411329986,1,"IOTHUB_CLIENT_CONFIRMATION_OK"
22783,10411330123,10411330172,1,"IOTHUB_CLIENT_CONFIRMATION_OK"
22784,10411330324,10411330387,1,"IOTHUB_CLIENT_CONFIRMATION_OK"
22785,10411330524,10411330575,1,"IOTHUB_CLIENT_CONFIRMATION_OK"
22786,10411330724,10411330777,1,"IOTHUB_CLIENT_CONFIRMATION_OK"
22787,10411330924,10411331003,1,"IOTHUB_CLIENT_CONFIRMATION_OK"
22788,10411331124,10411331195,1,"IOTHUB_CLIENT_CONFIRMATION_OK"
22789,10411331324,10411331382,1,"IOTHUB_CLIENT_CONFIRMATION_OK"
22790,10411331525,10411331625,1,"IOTHUB_CLIENT_CONFIRMATION_OK"
22791,10411331725,10411331858,1,"IOTHUB_CLIENT_CONFIRMATION_OK"
22792,10411331925,10411331989,1,"IOTHUB_CLIENT_CONFIRMATION_OK"
22793,10411332125,10411332179,1,"IOTHUB_CLIENT_CONFIRMATION_OK"
22794,10411332325,10411332381,1,"IOTHUB_CLIENT_CONFIRMATION_OK"
22795,10411332525,10411332597,1,"IOTHUB_CLIENT_CONFIRMATION_OK"
22796,10411332726,10411332770,1,"IOTHUB_CLIENT_CONFIRMATION_OK"
22797,10411332926,10411332987,1,"IOTHUB_CLIENT_CONFIRMATION_OK"
22798,10411333126,10411333279,1,"IOTHUB_CLIENT_CONFIRMATION_OK"
22799,10411333326,10411333403,1,"IOTHUB_CLIENT_CONFIRMATION_OK"
22800,10411333526,10411333576,1,"IOTHUB_CLIENT_CONFIRMATION_OK"
22801,10411333726,10411333775,1,"IOTHUB_CLIENT_CONFIRMATION_OK"
22802,10411333926,10411333976,1,"IOTHUB_CLIENT_CONFIRMATION_OK"
22803,10411334127,10411334181,1,"IOTHUB_CLIENT_CONFIRMATION_OK"
22804,10411334327,10411334369,1,"IOTHUB_CLIENT_CONFIRMATION_OK"
22805,10411334527,10411334606,1,"IOTHUB_CLIENT_CONFIRMATION_OK"
22806,10411334727,10411334785,1,"IOTHUB_CLIENT_CONFIRMATION_OK"
22807,10411334927,10411335001,1,"IOTHUB_CLIENT_CONFIRMATION_OK"
22808,10411335127,10411335211,1,"IOTHUB_CLIENT_CONFIRMATION_OK"
22809,10411335328,10411335371,1,"IOTHUB_CLIENT_CONFIRMATION_OK"
22810,10411335528,10411335586,1,"IOTHUB_CLIENT_CONFIRMATION_OK"
22811,10411335728,10411335840,1,"IOTHUB_CLIENT_CONFIRMATION_OK"
22812,10411335928,10411335977,1,"IOTHUB_CLIENT_CONFIRMATION_OK"
22813,10411336128,10411336169,1,"IOTHUB_CLIENT_CONFIRMATION_OK"
22814,10411336328,10411336456,1,"IOTHUB_CLIENT_CONFIRMATION_OK"
22815,10411336529,10411336573,1,"IOTHUB_CLIENT_CONFIRMATION_OK"
22816,10411336729,10411336792,1,"IOTHUB_CLIENT_CONFIRMATION_OK"
22817,10411336929,10411337088,1,"IOTHUB_CLIENT_CONFIRMATION_OK"
22818,10411337129,10411337175,1,"IOTHUB_CLIENT_CONFIRMATION_OK"
22819,10411337329,10411337412,1,"IOTHUB_CLIENT_CONFIRMATION_OK"
22820,10411337529,10411337580,1,"IOTHUB_CLIENT_CONFIRMATION_OK"
22821,10411337729,10411337768,1,"IOTHUB_CLIENT_CONFIRMATION_OK"
22822,10411337930,10411337973,1,"IOTHUB_CLIENT_CONFIRMATION_OK"
22823,10411338130,10411338195,1,"IOTHUB_CLIENT_CONFIRMATION_OK"
22824,10411338330,10411338442,1,"IOTHUB_CLIENT_CONFIRMATION_OK"
22825,10411338530,10411338607,1,"IOTHUB_CLIENT_CONFIRMATION_OK"
22826,10411338730,10411338775,1,"IOTHUB_CLIENT_CONFIRMATION_OK"
22827,10411338930,10411339006,1,"IOTHUB_CLIENT_CONFIRMATION_OK"
22828,10411339131,10411339211,1,"IOTHUB_CLIENT_CONFIRMATION_OK"
22829,10411339331,10411339374,1,"IOTHUB_CLIENT_CONFIRMATION_OK"
22830,10411339531,10411339579,1,"IOTHUB_CLIENT_CONFIRMATION_OK"
22831,10411339731,10411339767,1,"IOTHUB_CLIENT_CONFIRMATION_OK"
22832,10411339931,10411339980,1,"IOTHUB_CLIENT_CONFIRMATION_OK"
22833,10411340131,10411340177,1,"IOTHUB_CLIENT_CONFIRMATION_OK"
22834,10411340332,10411340393,1,"IOTHUB_CLIENT_CONFIRMATION_OK"
22835,10411340532,10411340616,1,"IOTHUB_CLIENT_CONFIRMATION_OK"
22836,10411340732,10411340777,1,"IOTHUB_CLIENT_CONFIRMATION_OK"
22837,10411340932,10411340991,1,"IOTHUB_CLIENT_CONFIRMATION_OK"
22838,10411341132,10411341176,1,"IOTHUB_CLIENT_CONFIRMATION_OK"
22839,10411341332,10411341378,1,"IOTHUB_CLIENT_CONFIRMATION_OK"
22840,10411341532,10411341567,1,"IOTHUB_CLIENT_CONFIRMATION_OK"
22841,10411341733,10411341785,1,"IOTHUB_CLIENT_CONFIRMATION_OK"
22842,10411341933,10411341996,1,"IOTHUB_CLIENT_CONFIRMATION_OK"
22843,10411342133,10411342182,1,"IOTHUB_CLIENT_CONFIRMATION_OK"
22844,10411342333,10411342398,1,"IOTHUB_CLIENT_CONFIRMATION_OK"
22845,10411342533,10411342573,1,"IOTHUB_CLIENT_CONFIRMATION_OK"
22846,10411342733,10411342782,1,"IOTHUB_CLIENT_CONFIRMATION_OK"
22847,10411342934,10411342973,1,"IOTHUB_CLIENT_CONFIRMATION_OK"
22848,10411343134,10411343173,1,"IOTHUB_CLIENT_CONFIRMATION_OK"
22849,10411343334,10411343378,1,"IOTHUB_CLIENT_CONFIRMATION_OK"
22850,10411343534,10411343598,1,"IOTHUB_CLIENT_CONFIRMATION_OK"
22851,10411343734,10411343781,1,"IOTHUB_CLIENT_CONFIRMATION_OK"
22852,10411343934,10411344005,1,"IOTHUB_CLIENT_CONFIRMATION_OK"
22853,10411344134,10411344222,1,"IOTHUB_CLIENT_CONFIRMATION_OK"
22854,10411344335,10411344399,1,"IOTHUB_CLIENT_CONFIRMATION_OK"
22855,10411344535,10411344585,1,"IOTHUB_CLIENT_CONFIRMATION_OK"
22856,10411344735,10411344839,1,"IOTHUB_CLIENT_CONFIRMATION_OK"
22857,10411344935,10411344971,1,"IOTHUB_CLIENT_CONFIRMATION_OK"
22858,10411345135,10411345182,1,"IOTHUB_CLIENT_CONFIRMATION_OK"
22859,10411345335,10411345435,1,"IOTHUB_CLIENT_CONFIRMATION_OK"
22860,10411345536,10411345580,1,"IOTHUB_CLIENT_CONFIRMATION_OK"
22861,10411345736,10411345797,1,"IOTHUB_CLIENT_CONFIRMATION_OK"
22862,10411345936,10411346088,1,"IOTHUB_CLIENT_CONFIRMATION_OK"
22863,10411346136,10411346191,1,"IOTHUB_CLIENT_CONFIRMATION_OK"
22864,10411346336,10411346385,1,"IOTHUB_CLIENT_CONFIRMATION_OK"
22865,10411346536,10411346595,1,"IOTHUB_CLIENT_CONFIRMATION_OK"
22866,10411346736,10411346774,1,"IOTHUB_CLIENT_CONFIRMATION_OK"
22867,10411346937,10411346996,1,"IOTHUB_CLIENT_CONFIRMATION_OK"
22868,10411347137,10411347180,1,"IOTHUB_CLIENT_CONFIRMATION_OK"
22869,10411347337,10411347380,1,"IOTHUB_CLIENT_CONFIRMATION_OK"
22870,10411347537,10411347582,1,"IOTHUB_CLIENT_CONFIRMATION_OK"
22871,10411347737,10411347788,1,"IOTHUB_CLIENT_CONFIRMATION_OK"
22872,10411347937,10411348039,1,"IOTHUB_CLIENT_CONFIRMATION_OK"
22873,10411348138,10411348194,1,"IOTHUB_CLIENT_CONFIRMATION_OK"
22874,10411348338,10411348385,1,"IOTHUB_CLIENT_CONFIRMATION_OK"
22875,10411348538,10411348604,1,"IOTHUB_CLIENT_CONFIRMATION_OK"
22876,10411348738,10411348786,1,"IOTHUB_CLIENT_CONFIRMATION_OK"
22877,10411348938,10411348994,1,"IOTHUB_CLIENT_CONFIRMATION_OK"
22878,10411349138,10411349185,1,"IOTHUB_CLIENT_CONFIRMATION_OK"
22879,10411349339,10411349394,1,"IOTHUB_CLIENT_CONFIRMATION_OK"
22880,10411349539,10411349607,1,"IOTHUB_CLIENT_CONFIRMATION_OK"
22881,10411349739,10411349780,1,"IOTHUB_CLIENT_CONFIRMATION_OK"
22882,10411349939,10411350027,1,"IOTHUB_CLIENT_CONFIRMATION_OK"
22883,10411350139,10411350207,1,"IOTHUB_CLIENT_CONFIRMATION_OK"
22884,10411350339,10411350385,1,"IOTHUB_CLIENT_CONFIRMATION_OK"
22885,10411350540,10411350590,1,"IOTHUB_CLIENT_CONFIRMATION_OK"
22886,10411350740,10411350777,1,"IOTHUB_CLIENT_CONFIRMATION_OK"
22887,10411350940,10411351024,1,"IOTHUB_CLIENT_CONFIRMATION_OK"
22888,10411351140,10411351193,1,"IOTHUB_CLIENT_CONFIRMATION_OK"
22889,10411351340,10411351399,1,"IOTHUB_CLIENT_CONFIRMATION_OK"
22890,10411351540,10411351608,1,"IOTHUB_CLIENT_CONFIRMATION_OK"
22891,10411351740,10411351784,1,"IOTHUB_CLIENT_CONFIRMATION_OK"
22892,10411351941,10411351988,1,"IOTHUB_CLIENT_CONFIRMATION_OK"
22893,10411352141,10411352192,1,"IOTHUB_CLIENT_CONFIRMATION_OK"
22894,10411352341,10411352409,1,"IOTHUB_CLIENT_CONFIRMATION_OK"
22895,10411352541,10411352581,1,"IOTHUB_CLIENT_CONFIRMATION_OK"
22896,10411352741,10411352797,1,"IOTHUB_CLIENT_CONFIRMATION_OK"
22897,10411352941,10411352991,1,"IOTHUB_CLIENT_CONFIRMATION_OK"
22898,10411353142,10411353182,1,"IOTHUB_CLIENT_CONFIRMATION_OK"
22899,10411353342,10411353396,1,"IOTHUB_CLIENT_CONFIRMATION_OK"
22900,10411353542,10411353647,1,"IOTHUB_CLIENT_CONFIRMATION_OK"
22901,10411353742,10411353783,1,"IOTHUB_CLIENT_CONFIRMATION_OK"
22902,10411353942,10411353998,1,"IOTHUB_CLIENT_CONFIRMATION_OK"
22903,10411354142,10411354178,1,"IOTHUB_CLIENT_CONFIRMATION_OK"
22904,10411354343,10411354378,1,"IOTHUB_CLIENT_CONFIRMATION_OK"
22905,10411354543,10411354578,1,"IOTHUB_CLIENT_CONFIRMATION_OK"
22906,10411354743,10411354806,1,"IOTHUB_CLIENT_CONFIRMATION_OK"
22907,10411354943,10411355003,1,"IOTHUB_CLIENT_CONFIRMATION_OK"
22908,10411355143,10411355203,1,"IOTHUB_CLIENT_CONFIRMATION_OK"
22909,10411355343,10411355390,1,"IOTHUB_CLIENT_CONFIRMATION_OK"
22910,10411355544,10411355669,1,"IOTHUB_CLIENT_CONFIRMATION_OK"
22911,10411355744,10411355816,1,"IOTHUB_CLIENT_CONFIRMATION_OK"
22912,10411355944,10411355992,1,"IOTHUB_CLIENT_CONFIRMATION_OK"
22913,10411356144,10411356200,1,"IOTHUB_CLIENT_CONFIRMATION_OK"
22914,10411356344,10411356395,1,"IOTHUB_CLIENT_CONFIRMATION_OK"
22915,10411356544,10411356644,1,"IOTHUB_CLIENT_CONFIRMATION_OK"
22916,10411356744,10411356788,1,"IOTHUB_CLIENT_CONFIRMATION_OK"
22917,10411356945,10411356981,1,"IOTHUB_CLIENT_CONFIRMATION_OK"
22918,10411357145,10411357249,1,"IOTHUB_CLIENT_CONFIRMATION_OK"
22919,10411357345,10411357440,1,"IOTHUB_CLIENT_CONFIRMATION_OK"
22920,10411357545,10411357607,1,"IOTHUB_CLIENT_CONFIRMATION_OK"
22921,10411357745,10411357816,1,"IOTHUB_CLIENT_CONFIRMATION_OK"
22922,10411357945,10411358017,1,"IOTHUB_CLIENT_CONFIRMATION_OK"
22923,10411358145,10411358195,1,"IOTHUB_CLIENT_CONFIRMATION_OK"
22924,10411358346,10411358386,1,"IOTHUB_CLIENT_CONFIRMATION_OK"
22925,10411358546,10411358594,1,"IOTHUB_CLIENT_CONFIRMATION_OK"
22926,10411358746,10411358880,1,"IOTHUB_CLIENT_CONFIRMATION_OK"
22927,10411358946,10411358987,1,"IOTHUB_CLIENT_CONFIRMATION_OK"
22928,10411359146,10411359200,1,"IOTHUB_CLIENT_CONFIRMATION_OK"
22929,10411359346,10411359400,1,"IOTHUB_CLIENT_CONFIRMATION_OK"
22930,10411359547,10411359608,1,"IOTHUB_CLIENT_CONFIRMATION_OK"
22931,10411359747,10411359807,1,"IOTHUB_CLIENT_CONFIRMATION_OK"
22932,10411359947,10411360005,1,"IOTHUB_CLIENT_CONFIRMATION_OK"
22933,10411360147,10411360209,1,"IOTHUB_CLIENT_CONFIRMATION_OK"
22934,10411360347,10411360394,1,"IOTHUB_CLIENT_CONFIRMATION_OK"
22935,10411360547,10411360601,1,"IOTHUB_CLIENT_CONFIRMATION_OK"
22936,10411360747,10411360796,1,"IOTHUB_CLIENT_CONFIRMATION_OK"
22937,10411360948,10411360994,1,"IOTHUB_CLIENT_CONFIRMATION_OK"
22938,10411361148,10411361223,1,"IOTHUB_CLIENT_CONFIRMATION_OK"
22939,10411361348,10411361412,1,"IOTHUB_CLIENT_CONFIRMATION_OK"
22940,10411361548,10411361604,1,"IOTHUB_CLIENT_CONFIRMATION_OK"
22941,10411361748,10411361781,1,"IOTHUB_CLIENT_CONFIRMATION_OK"
22942,10411361948,10411362001,1,"IOTHUB_CLIENT_CONFIRMATION_OK"
22943,10411362149,10411362214,1,"IOTHUB_CLIENT_CONFIRMATION_OK"
22944,10411362349,10411362386,1,"IOTHUB_CLIENT_CONFIRMATION_OK"
22945,10411362549,10411362587,1,"IOTHUB_CLIENT_CONFIRMATION_OK"
22946,10411362749,10411362807,1,"IOTHUB_CLIENT_CONFIRMATION_OK"
22947,10411362949,10411363000,1,"IOTHUB_CLIENT_CONFIRMATION_OK"
22948,10411363149,10411363212,1,"IOTHUB_CLIENT_CONFIRMATION_OK"
22949,10411363350,10411363389,1,"IOTHUB_CLIENT_CONFIRMATION_OK"
22950,10411363550,10411363600,1,"IOTHUB_CLIENT_CONFIRMATION_OK"
22951,10411363750,10411363831,1,"IOTHUB_CLIENT_CONFIRMATION_OK"
22952,10411363950,10411363994,1,"IOTHUB_CLIENT_CONFIRMATION_OK"
22953,10411364150,10411364206,1,"IOTHUB_CLIENT_CONFIRMATION_OK"
22954,10411364350,10411364491,1,"IOTHUB_CLIENT_CONFIRMATION_OK"
22955,10411364550,10411364770,1,"IOTHUB_CLIENT_CONFIRMATION_OK"
22956,10411364751,10411364821,1,"IOTHUB_CLIENT_CONFIRMATION_OK"
22957,10411364951,10411365043,1,"IOTHUB_CLIENT_CONFIRMATION_OK"
22958,10411365151,10411365192,1,"IOTHUB_CLIENT_CONFIRMATION_OK"
22959,10411365351,10411365403,1,"IOTHUB_CLIENT_CONFIRMATION_OK"
22960,10411365551,10411365590,1,"IOTHUB_CLIENT_CONFIRMATION_OK"
22961,10411365751,10411365796,1,"IOTHUB_CLIENT_CONFIRMATION_OK"
22962,10411365952,10411366001,1,"IOTHUB_CLIENT_CONFIRMATION_OK"
22963,10411366152,10411366213,1,"IOTHUB_CLIENT_CONFIRMATION_OK"
22964,10411366352,10411366402,1,"IOTHUB_CLIENT_CONFIRMATION_OK"
22965,10411366552,10411366590,1,"IOTHUB_CLIENT_CONFIRMATION_OK"
22966,10411366752,10411366863,1,"IOTHUB_CLIENT_CONFIRMATION_OK"
22967,10411366952,10411367290,1,"IOTHUB_CLIENT_CONFIRMATION_OK"
22968,10411367152,10411367351,1,"IOTHUB_CLIENT_CONFIRMATION_OK"
22969,10411367353,10411367417,1,"IOTHUB_CLIENT_CONFIRMATION_OK"
22970,10411367553,10411367606,1,"IOTHUB_CLIENT_CONFIRMATION_OK"
22971,10411367753,10411367794,1,"IOTHUB_CLIENT_CONFIRMATION_OK"
22972,10411367953,10411367998,1,"IOTHUB_CLIENT_CONFIRMATION_OK"
22973,10411368153,10411368233,1,"IOTHUB_CLIENT_CONFIRMATION_OK"
22974,10411368353,10411368427,1,"IOTHUB_CLIENT_CONFIRMATION_OK"
22975,10411368554,10411368597,1,"IOTHUB_CLIENT_CONFIRMATION_OK"
22976,10411368754,10411368802,1,"IOTHUB_CLIENT_CONFIRMATION_OK"
22977,10411368954,10411369006,1,"IOTHUB_CLIENT_CONFIRMATION_OK"
22978,10411369154,10411369202,1,"IOTHUB_CLIENT_CONFIRMATION_OK"
22979,10411369354,10411369396,1,"IOTHUB_CLIENT_CONFIRMATION_OK"
22980,10411369554,10411369628,1,"IOTHUB_CLIENT_CONFIRMATION_OK"
22981,10411369754,10411369794,1,"IOTHUB_CLIENT_CONFIRMATION_OK"
22982,10411369955,10411370000,1,"IOTHUB_CLIENT_CONFIRMATION_OK"
22983,10411370155,10411370329,1,"IOTHUB_CLIENT_CONFIRMATION_OK"
22984,10411370355,10411370402,1,"IOTHUB_CLIENT_CONFIRMATION_OK"
22985,10411370555,10411370635,1,"IOTHUB_CLIENT_CONFIRMATION_OK"
22986,10411370755,10411370818,1,"IOTHUB_CLIENT_CONFIRMATION_OK"
22987,10411370955,10411370993,1,"IOTHUB_CLIENT_CONFIRMATION_OK"
22988,10411371156,10411371225,1,"IOTHUB_CLIENT_CONFIRMATION_OK"
22989,10411371356,10411371425,1,"IOTHUB_CLIENT_CONFIRMATION_OK"
22990,10411371556,10411371601,1,"IOTHUB_CLIENT_CONFIRMATION_OK"
22991,10411371756,10411371817,1,"IOTHUB_CLIENT_CONFIRMATION_OK"
22992,10411371956,10411372011,1,"IOTHUB_CLIENT_CONFIRMATION_OK"
22993,10411372156,10411372205,1,"IOTHUB_CLIENT_CONFIRMATION_OK"
22994,10411372357,10411372413,1,"IOTHUB_CLIENT_CONFIRMATION_OK"
22995,10411372557,10411372596,1,"IOTHUB_CLIENT_CONFIRMATION_OK"
22996,10411372757,10411372802,1,"IOTHUB_CLIENT_CONFIRMATION_OK"
22997,10411372957,10411372994,1,"IOTHUB_CLIENT_CONFIRMATION_OK"
22998,10411373157,10411373208,1,"IOTHUB_CLIENT_CONFIRMATION_OK"
22999,10411373357,10411373394,1,"IOTHUB_CLIENT_CONFIRMATION_OK"
23000,10411373558,10411373621,1,"IOTHUB_CLIENT_CONFIRMATION_OK"
23001,10411373758,10411373803,1,"IOTHUB_CLIENT_CONFIRMATION_OK"
23002,10411373958,10411373999,1,"IOTHUB_CLIENT_CONFIRMATION_OK"
23003,10411374158,10411374203,1,"IOTHUB_CLIENT_CONFIRMATION_OK"
23004,10411374358,10411374410,1,"IOTHUB_CLIENT_CONFIRMATION_OK"
23005,10411374558,10411374607,1,"IOTHUB_CLIENT_CONFIRMATION_OK"
23006,10411374758,10411374800,1,"IOTHUB_CLIENT_CONFIRMATION_OK"
23007,10411374959,10411375014,1,"IOTHUB_CLIENT_CONFIRMATION_OK"
23008,10411375159,10411375208,1,"IOTHUB_CLIENT_CONFIRMATION_OK"
23009,10411375359,10411375407,1,"IOTHUB_CLIENT_CONFIRMATION_OK"
23010,10411375559,10411375614,1,"IOTHUB_CLIENT_CONFIRMATION_OK"
23011,10411375759,10411375825,1,"IOTHUB_CLIENT_CONFIRMATION_OK"
23012,10411375959,10411376018,1,"IOTHUB_CLIENT_CONFIRMATION_OK"
23013,10411376160,10411376211,1,"IOTHUB_CLIENT_CONFIRMATION_OK"
23014,10411376360,10411376417,1,"IOTHUB_CLIENT_CONFIRMATION_OK"
23015,10411376560,10411376611,1,"IOTHUB_CLIENT_CONFIRMATION_OK"
23016,10411376760,10411376804,1,"IOTHUB_CLIENT_CONFIRMATION_OK"
23017,10411376960,10411377059,1,"IOTHUB_CLIENT_CONFIRMATION_OK"
23018,10411377160,10411377262,1,"IOTHUB_CLIENT_CONFIRMATION_OK"
23019,10411377361,10411377425,1,"IOTHUB_CLIENT_CONFIRMATION_OK"
23020,10411377561,10411377594,1,"IOTHUB_CLIENT_CONFIRMATION_OK"
23021,10411377761,10411377812,1,"IOTHUB_CLIENT_CONFIRMATION_OK"
23022,10411377961,10411378018,1,"IOTHUB_CLIENT_CONFIRMATION_OK"
23023,10411378161,10411378206,1,"IOTHUB_CLIENT_CONFIRMATION_OK"
23024,10411378361,10411378409,1,"IOTHUB_CLIENT_CONFIRMATION_OK"
23025,10411378561,10411378636,1,"IOTHUB_CLIENT_CONFIRMATION_OK"
23026,10411378762,10411378803,1,"IOTHUB_CLIENT_CONFIRMATION_OK"
23027,10411378962,10411379005,1,"IOTHUB_CLIENT_CONFIRMATION_OK"
23028,10411379162,10411379208,1,"IOTHUB_CLIENT_CONFIRMATION_OK"
23029,10411379362,10411379400,1,"IOTHUB_CLIENT_CONFIRMATION_OK"
23030,10411379562,10411379602,1,"IOTHUB_CLIENT_CONFIRMATION_OK"
23031,10411379762,10411379851,1,"IOTHUB_CLIENT_CONFIRMATION_OK"
23032,10411379963,10411380022,1,"IOTHUB_CLIENT_CONFIRMATION_OK"
23033,10411380163,10411380221,1,"IOTHUB_CLIENT_CONFIRMATION_OK"
23034,10411380363,10411380421,1,"IOTHUB_CLIENT_CONFIRMATION_OK"
23035,10411380563,10411380614,1,"IOTHUB_CLIENT_CONFIRMATION_OK"
23036,10411380763,10411380824,1,"IOTHUB_CLIENT_CONFIRMATION_OK"
23037,10411380963,10411381012,1,"IOTHUB_CLIENT_CONFIRMATION_OK"
23038,10411381164,10411381217,1,"IOTHUB_CLIENT_CONFIRMATION_OK"
23039,10411381364,10411381420,1,"IOTHUB_CLIENT_CONFIRMATION_OK"
23040,10411381564,10411381616,1,"IOTHUB_CLIENT_CONFIRMATION_OK"
23041,10411381764,10411381819,1,"IOTHUB_CLIENT_CONFIRMATION_OK"
23042,10411381964,10411382026,1,"IOTHUB_CLIENT_CONFIRMATION_OK"
23043,10411382164,10411382217,1,"IOTHUB_CLIENT_CONFIRMATION_OK"
23044,10411382365,10411382407,1,"IOTHUB_CLIENT_CONFIRMATION_OK"
23045,10411382565,10411382602,1,"IOTHUB_CLIENT_CONFIRMATION_OK"
23046,10411382765,10411382803,1,"IOTHUB_CLIENT_CONFIRMATION_OK"
23047,10411382965,10411383002,1,"IOTHUB_CLIENT_CONFIRMATION_OK"
23048,10411383165,10411383212,1,"IOTHUB_CLIENT_CONFIRMATION_OK"
23049,10411383365,10411383405,1,"IOTHUB_CLIENT_CONFIRMATION_OK"
23050,10411383566,10411383702,1,"IOTHUB_CLIENT_CONFIRMATION_OK"
23051,10411383766,10411383920,1,"IOTHUB_CLIENT_CONFIRMATION_OK"
23052,10411383966,10411384012,1,"IOTHUB_CLIENT_CONFIRMATION_OK"
23053,10411384166,10411384304,1,"IOTHUB_CLIENT_CONFIRMATION_OK"
23054,10411384366,10411384449,1,"IOTHUB_CLIENT_CONFIRMATION_OK"
23055,10411384566,10411384613,1,"IOTHUB_CLIENT_CONFIRMATION_OK"
23056,10411384767,10411384814,1,"IOTHUB_CLIENT_CONFIRMATION_OK"
23057,10411384967,10411385049,1,"IOTHUB_CLIENT_CONFIRMATION_OK"
23058,10411385167,10411385217,1,"IOTHUB_CLIENT_CONFIRMATION_OK"
23059,10411385367,10411385454,1,"IOTHUB_CLIENT_CONFIRMATION_OK"
23060,10411385567,10411385614,1,"IOTHUB_CLIENT_CONFIRMATION_OK"
23061,10411385767,10411385821,1,"IOTHUB_CLIENT_CONFIRMATION_OK"
23062,10411385967,10411386008,1,"IOTHUB_CLIENT_CONFIRMATION_OK"
23063,10411386168,10411386220,1,"IOTHUB_CLIENT_CONFIRMATION_OK"
23064,10411386368,10411386409,1,"IOTHUB_CLIENT_CONFIRMATION_OK"
23065,10411386568,10411386641,1,"IOTHUB_CLIENT_CONFIRMATION_OK"
23066,10411386768,10411386828,1,"IOTHUB_CLIENT_CONFIRMATION_OK"
23067,10411386968,10411387014,1,"IOTHUB_CLIENT_CONFIRMATION_OK"
23068,10411387168,10411387219,1,"IOTHUB_CLIENT_CONFIRMATION_OK"
23069,10411387369,10411387440,1,"IOTHUB_CLIENT_CONFIRMATION_OK"
23070,10411387569,10411387608,1,"IOTHUB_CLIENT_CONFIRMATION_OK"
23071,10411387769,10411387814,1,"IOTHUB_CLIENT_CONFIRMATION_OK"
23072,10411387969,10411388027,1,"IOTHUB_CLIENT_CONFIRMATION_OK"
23073,10411388169,10411388212,1,"IOTHUB_CLIENT_CONFIRMATION_OK"
23074,10411388369,10411388410,1,"IOTHUB_CLIENT_CONFIRMATION_OK"
23075,10411388570,10411388612,1,"IOTHUB_CLIENT_CONFIRMATION_OK"
23076,10411388770,10411388844,1,"IOTHUB_CLIENT_CONFIRMATION_OK"
23077,10411388970,10411389009,1,"IOTHUB_CLIENT_CONFIRMATION_OK"
23078,10411389170,10411389264,1,"IOTHUB_CLIENT_CONFIRMATION_OK"
23079,10411389370,10411389419,1,"IOTHUB_CLIENT_CONFIRMATION_OK"
23080,10411389570,10411389620,1,"IOTHUB_CLIENT_CONFIRMATION_OK"
23081,10411389771,10411389824,1,"IOTHUB_CLIENT_CONFIRMATION_OK"
23082,10411389971,10411390035,1,"IOTHUB_CLIENT_CONFIRMATION_OK"
23083,10411390171,10411390236,1,"IOTHUB_CLIENT_CONFIRMATION_OK"
23084,10411390371,10411390430,1,"IOTHUB_CLIENT_CONFIRMATION_OK"
23085,10411390571,10411390611,1,"IOTHUB_CLIENT_CONFIRMATION_OK"
23086,10411390771,10411390814,1,"IOTHUB_CLIENT_CONFIRMATION_OK"
23087,10411390972,10411391015,1,"IOTHUB_CLIENT_CONFIRMATION_OK"
23088,10411391172,10411391217,1,"IOTHUB_CLIENT_CONFIRMATION_OK"
23089,10411391372,10411391439,1,"IOTHUB_CLIENT_CONFIRMATION_OK"
23090,10411391572,10411391632,1,"IOTHUB_CLIENT_CONFIRMATION_OK"
23091,10411391772,10411391817,1,"IOTHUB_CLIENT_CONFIRMATION_OK"
23092,10411391972,10411392018,1,"IOTHUB_CLIENT_CONFIRMATION_OK"
23093,10411392172,10411392221,1,"IOTHUB_CLIENT_CONFIRMATION_OK"
23094,10411392373,10411392442,1,"IOTHUB_CLIENT_CONFIRMATION_OK"
23095,10411392573,10411392619,1,"IOTHUB_CLIENT_CONFIRMATION_OK"
23096,10411392773,10411392816,1,"IOTHUB_CLIENT_CONFIRMATION_OK"
23097,10411392973,10411393044,1,"IOTHUB_CLIENT_CONFIRMATION_OK"
23098,10411393173,10411393216,1,"IOTHUB_CLIENT_CONFIRMATION_OK"
23099,10411393374,10411393409,1,"IOTHUB_CLIENT_CONFIRMATION_OK"
23100,10411393574,10411393617,1,"IOTHUB_CLIENT_CONFIRMATION_OK"
23101,10411393774,10411393828,1,"IOTHUB_CLIENT_CONFIRMATION_OK"
23102,10411393974,10411394033,1,"IOTHUB_CLIENT_CONFIRMATION_OK"
23103,10411394174,10411394220,1,"IOTHUB_CLIENT_CONFIRMATION_OK"
23104,10411394374,10411394449,1,"IOTHUB_CLIENT_CONFIRMATION_OK"
23105,10411394574,10411394623,1,"IOTHUB_CLIENT_CONFIRMATION_OK"
23106,10411394775,10411394833,1,"IOTHUB_CLIENT_CONFIRMATION_OK"
23107,10411394975,10411395020,1,"IOTHUB_CLIENT_CONFIRMATION_OK"
23108,10411395175,10411395217,1,"IOTHUB_CLIENT_CONFIRMATION_OK"
23109,10411395375,10411395415,1,"IOTHUB_CLIENT_CONFIRMATION_OK"
23110,10411395575,10411395612,1,"IOTHUB_CLIENT_CONFIRMATION_OK"
23111,10411395775,10411395854,1,"IOTHUB_CLIENT_CONFIRMATION_OK"
23112,10411395975,10411396065,1,"IOTHUB_CLIENT_CONFIRMATION_OK"
23113,10411396176,10411396235,1,"IOTHUB_CLIENT_CONFIRMATION_OK"
23114,10411396376,10411396496,1,"IOTHUB_CLIENT_CONFIRMATION_OK"
23115,10411396576,10411396619,1,"IOTHUB_CLIENT_CONFIRMATION_OK"
23116,10411396776,10411396838,1,"IOTHUB_CLIENT_CONFIRMATION_OK"
23117,10411396976,10411397025,1,"IOTHUB_CLIENT_CONFIRMATION_OK"
23118,10411397176,10411397226,1,"IOTHUB_CLIENT_CONFIRMATION_OK"
23119,10411397377,10411397420,1,"IOTHUB_CLIENT_CONFIRMATION_OK"
23120,10411397577,10411397625,1,"IOTHUB_CLIENT_CONFIRMATION_OK"
23121,10411397777,10411397827,1,"IOTHUB_CLIENT_CONFIRMATION_OK"
23122,10411397977,10411398023,1,"IOTHUB_CLIENT_CONFIRMATION_OK"
23123,10411398177,10411398220,1,"IOTHUB_CLIENT_CONFIRMATION_OK"
23124,10411398377,10411398440,1,"IOTHUB_CLIENT_CONFIRMATION_OK"
23125,10411398577,10411398658,1,"IOTHUB_CLIENT_CONFIRMATION_OK"
23126,10411398778,10411398833,1,"IOTHUB_CLIENT_CONFIRMATION_OK"
23127,10411398978,10411399045,1,"IOTHUB_CLIENT_CONFIRMATION_OK"
23128,10411399178,10411399243,1,"IOTHUB_CLIENT_CONFIRMATION_OK"
23129,10411399378,10411399590,1,"IOTHUB_CLIENT_CONFIRMATION_OK"
23130,10411399578,10411399675,1,"IOTHUB_CLIENT_CONFIRMATION_OK"
23131,10411399778,10411399828,1,"IOTHUB_CLIENT_CONFIRMATION_OK"
23132,10411399979,10411400133,1,"IOTHUB_CLIENT_CONFIRMATION_OK"
23133,10411400179,10411400304,1,"IOTHUB_CLIENT_CONFIRMATION_OK"
23134,10411400379,10411400436,1,"IOTHUB_CLIENT_CONFIRMATION_OK"
23135,10411400579,10411400629,1,"IOTHUB_CLIENT_CONFIRMATION_OK"
23136,10411400779,10411400838,1,"IOTHUB_CLIENT_CONFIRMATION_OK"
23137,10411400979,10411401032,1,"IOTHUB_CLIENT_CONFIRMATION_OK"
23138,10411401180,10411401217,1,"IOTHUB_CLIENT_CONFIRMATION_OK"
23139,10411401380,10411401433,1,"IOTHUB_CLIENT_CONFIRMATION_OK"
23140,10411401580,10411401626,1,"IOTHUB_CLIENT_CONFIRMATION_OK"
23141,10411401780,10411401853,1,"IOTHUB_CLIENT_CONFIRMATION_OK"
23142,10411401980,10411403597,1,"IOTHUB_CLIENT_CONFIRMATION_OK"
23143,10411402180,10411403674,1,"IOTHUB_CLIENT_CONFIRMATION_OK"
23144,10411402380,10411403755,1,"IOTHUB_CLIENT_CONFIRMATION_OK"
23145,10411402581,10411403853,1,"IOTHUB_CLIENT_CONFIRMATION_OK"
23146,10411402781,10411403933,1,"IOTHUB_CLIENT_CONFIRMATION_OK"
23147,10411402981,10411404026,1,"IOTHUB_CLIENT_CONFIRMATION_OK"
23148,10411403181,10411404093,1,"IOTHUB_CLIENT_CONFIRMATION_OK"
23149,10411403381,10411404165,1,"IOTHUB_CLIENT_CONFIRMATION_OK"
23150,10411403581,10411404351,1,"IOTHUB_CLIENT_CONFIRMATION_OK"
23151,10411403782,10411404469,1,"IOTHUB_CLIENT_CONFIRMATION_OK"
23152,10411403982,10411404515,1,"IOTHUB_CLIENT_CONFIRMATION_OK"
23153,10411404182,10411404581,1,"IOTHUB_CLIENT_CONFIRMATION_OK"
23154,10411404382,10411404653,1,"IOTHUB_CLIENT_CONFIRMATION_OK"
23155,10411404582,10411404792,1,"IOTHUB_CLIENT_CONFIRMATION_OK"
23156,10411404782,10411404863,1,"IOTHUB_CLIENT_CONFIRMATION_OK"
23157,10411404982,10411405040,1,"IOTHUB_CLIENT_CONFIRMATION_OK"
23158,10411405183,10411405236,1,"IOTHUB_CLIENT_CONFIRMATION_OK"
23159,10411405383,10411405424,1,"IOTHUB_CLIENT_CONFIRMATION_OK"
23160,10411405583,10411405643,1,"IOTHUB_CLIENT_CONFIRMATION_OK"
23161,10411405783,10411405835,1,"IOTHUB_CLIENT_CONFIRMATION_OK"
23162,10411405983,10411406052,1,"IOTHUB_CLIENT_CONFIRMATION_OK"
23163,10411406183,10411406225,1,"IOTHUB_CLIENT_CONFIRMATION_OK"
23164,10411406384,10411406422,1,"IOTHUB_CLIENT_CONFIRMATION_OK"
23165,10411406584,10411406634,1,"IOTHUB_CLIENT_CONFIRMATION_OK"
23166,10411406784,10411406828,1,"IOTHUB_CLIENT_CONFIRMATION_OK"
23167,10411406984,10411407028,1,"IOTHUB_CLIENT_CONFIRMATION_OK"
23168,10411407184,10411407259,1,"IOTHUB_CLIENT_CONFIRMATION_OK"
23169,10411407384,10411407448,1,"IOTHUB_CLIENT_CONFIRMATION_OK"
23170,10411407584,10411407634,1,"IOTHUB_CLIENT_CONFIRMATION_OK"
23171,10411407785,10411407833,1,"IOTHUB_CLIENT_CONFIRMATION_OK"
23172,10411407985,10411408126,1,"IOTHUB_CLIENT_CONFIRMATION_OK"
23173,10411408185,10411408253,1,"IOTHUB_CLIENT_CONFIRMATION_OK"
23174,10411408385,10411408432,1,"IOTHUB_CLIENT_CONFIRMATION_OK"
23175,10411408585,10411408628,1,"IOTHUB_CLIENT_CONFIRMATION_OK"
23176,10411408785,10411408828,1,"IOTHUB_CLIENT_CONFIRMATION_OK"
23177,10411408986,10411409042,1,"IOTHUB_CLIENT_CONFIRMATION_OK"
23178,10411409186,10411409221,1,"IOTHUB_CLIENT_CONFIRMATION_OK"
23179,10411409386,10411409426,1,"IOTHUB_CLIENT_CONFIRMATION_OK"
23180,10411409586,10411409634,1,"IOTHUB_CLIENT_CONFIRMATION_OK"
23181,10411409786,10411409833,1,"IOTHUB_CLIENT_CONFIRMATION_OK"
23182,10411409986,10411410031,1,"IOTHUB_CLIENT_CONFIRMATION_OK"
23183,10411410186,10411410243,1,"IOTHUB_CLIENT_CONFIRMATION_OK"
23184,10411410387,10411410446,1,"IOTHUB_CLIENT_CONFIRMATION_OK"
23185,10411410587,10411410803,1,"IOTHUB_CLIENT_CONFIRMATION_OK"
23186,10411410787,10411410832,1,"IOTHUB_CLIENT_CONFIRMATION_OK"
23187,10411410987,10411411036,1,"IOTHUB_CLIENT_CONFIRMATION_OK"
23188,10411411187,10411411253,1,"IOTHUB_CLIENT_CONFIRMATION_OK"
23189,10411411387,10411411479,1,"IOTHUB_CLIENT_CONFIRMATION_OK"
23190,10411411588,10411411626,1,"IOTHUB_CLIENT_CONFIRMATION_OK"
23191,10411411788,10411411863,1,"IOTHUB_CLIENT_CONFIRMATION_OK"
23192,10411411988,10411412029,1,"IOTHUB_CLIENT_CONFIRMATION_OK"
23193,10411412188,10411412244,1,"IOTHUB_CLIENT_CONFIRMATION_OK"
23194,10411412388,10411412429,1,"IOTHUB_CLIENT_CONFIRMATION_OK"
23195,10411412588,10411412644,1,"IOTHUB_CLIENT_CONFIRMATION_OK"
23196,10411412788,10411412844,1,"IOTHUB_CLIENT_CONFIRMATION_OK"
23197,10411412989,10411413030,1,"IOTHUB_CLIENT_CONFIRMATION_OK"
23198,10411413189,10411413232,1,"IOTHUB_CLIENT_CONFIRMATION_OK"
23199,10411413389,10411413436,1,"IOTHUB_CLIENT_CONFIRMATION_OK"
23200,10411413589,10411413641,1,"IOTHUB_CLIENT_CONFIRMATION_OK"
23201,10411413789,10411413831,1,"IOTHUB_CLIENT_CONFIRMATION_OK"
23202,10411413989,10411414069,1,"IOTHUB_CLIENT_CONFIRMATION_OK"
23203,10411414190,10411414232,1,"IOTHUB_CLIENT_CONFIRMATION_OK"
23204,10411414390,10411414439,1,"IOTHUB_CLIENT_CONFIRMATION_OK"
23205,10411414590,10411414673,1,"IOTHUB_CLIENT_CONFIRMATION_OK"
23206,10411414790,10411414856,1,"IOTHUB_CLIENT_CONFIRMATION_OK"
23207,10411414990,10411415034,1,"IOTHUB_CLIENT_CONFIRMATION_OK"
23208,10411415190,10411415327,1,"IOTHUB_CLIENT_CONFIRMATION_OK"
23209,10411415390,10411415561,1,"IOTHUB_CLIENT_CONFIRMATION_OK"
23210,10411415591,10411415642,1,"IOTHUB_CLIENT_CONFIRMATION_OK"
23211,10411415791,10411415833,1,"IOTHUB_CLIENT_CONFIRMATION_OK"
23212,10411415991,10411416160,1,"IOTHUB_CLIENT_CONFIRMATION_OK"
23213,10411416191,10411416238,1,"IOTHUB_CLIENT_CONFIRMATION_OK"
23214,10411416391,10411416463,1,"IOTHUB_CLIENT_CONFIRMATION_OK"
23215,10411416591,10411416760,1,"IOTHUB_CLIENT_CONFIRMATION_OK"
23216,10411416792,10411416845,1,"IOTHUB_CLIENT_CONFIRMATION_OK"
23217,10411416992,10411417072,1,"IOTHUB_CLIENT_CONFIRMATION_OK"
23218,10411417192,10411417377,1,"IOTHUB_CLIENT_CONFIRMATION_OK"
23219,10411417392,10411417430,1,"IOTHUB_CLIENT_CONFIRMATION_OK"
23220,10411417592,10411417644,1,"IOTHUB_CLIENT_CONFIRMATION_OK"
23221,10411417792,10411418006,1,"IOTHUB_CLIENT_CONFIRMATION_OK"
23222,10411417993,10411418049,1,"IOTHUB_CLIENT_CONFIRMATION_OK"
23223,10411418193,10411418278,1,"IOTHUB_CLIENT_CONFIRMATION_OK"
23224,10411418393,10411418636,1,"IOTHUB_CLIENT_CONFIRMATION_OK"
23225,10411418593,10411418708,1,"IOTHUB_CLIENT_CONFIRMATION_OK"
23226,10411418793,10411418853,1,"IOTHUB_CLIENT_CONFIRMATION_OK"
23227,10411418993,10411419228,1,"IOTHUB_CLIENT_CONFIRMATION_OK"
23228,10411419194,10411419257,1,"IOTHUB_CLIENT_CONFIRMATION_OK"
23229,10411419394,10411419445,1,"IOTHUB_CLIENT_CONFIRMATION_OK"
23230,10411419594,10411419808,1,"IOTHUB_CLIENT_CONFIRMATION_OK"
23231,10411419794,10411419850,1,"IOTHUB_CLIENT_CONFIRMATION_OK"
23232,10411419994,10411420035,1,"IOTHUB_CLIENT_CONFIRMATION_OK"
23233,10411420194,10411420446,1,"IOTHUB_CLIENT_CONFIRMATION_OK"
23234,10411420394,10411420562,1,"IOTHUB_CLIENT_CONFIRMATION_OK"
23235,10411420595,10411420659,1,"IOTHUB_CLIENT_CONFIRMATION_OK"
23236,10411420795,10411420855,1,"IOTHUB_CLIENT_CONFIRMATION_OK"
23237,10411420995,10411421053,1,"IOTHUB_CLIENT_CONFIRMATION_OK"
23238,10411421195,10411421252,1,"IOTHUB_CLIENT_CONFIRMATION_OK"
23239,10411421395,10411421432,1,"IOTHUB_CLIENT_CONFIRMATION_OK"
23240,10411421595,10411421641,1,"IOTHUB_CLIENT_CONFIRMATION_OK"
23241,10411421796,10411421841,1,"IOTHUB_CLIENT_CONFIRMATION_OK"
23242,10411421996,10411422042,1,"IOTHUB_CLIENT_CONFIRMATION_OK"
23243,10411422196,10411422245,1,"IOTHUB_CLIENT_CONFIRMATION_OK"
23244,10411422396,10411422453,1,"IOTHUB_CLIENT_CONFIRMATION_OK"
23245,10411422596,10411422711,1,"IOTHUB_CLIENT_CONFIRMATION_OK"
23246,10411422796,10411422841,1,"IOTHUB_CLIENT_CONFIRMATION_OK"
23247,10411422997,10411423034,1,"IOTHUB_CLIENT_CONFIRMATION_OK"
23248,10411423197,10411423299,1,"IOTHUB_CLIENT_CONFIRMATION_OK"
23249,10411423397,10411423474,1,"IOTHUB_CLIENT_CONFIRMATION_OK"
23250,10411423597,10411423640,1,"IOTHUB_CLIENT_CONFIRMATION_OK"
23251,10411423797,10411423930,1,"IOTHUB_CLIENT_CONFIRMATION_OK"
23252,10411423997,10411424069,1,"IOTHUB_CLIENT_CONFIRMATION_OK"
23253,10411424197,10411424251,1,"IOTHUB_CLIENT_CONFIRMATION_OK"
23254,10411424398,10411424540,1,"IOTHUB_CLIENT_CONFIRMATION_OK"
23255,10411424598,10411424662,1,"IOTHUB_CLIENT_CONFIRMATION_OK"
23256,10411424798,10411424839,1,"IOTHUB_CLIENT_CONFIRMATION_OK"
23257,10411424998,10411425159,1,"IOTHUB_CLIENT_CONFIRMATION_OK"
23258,10411425198,10411425242,1,"IOTHUB_CLIENT_CONFIRMATION_OK"
23259,10411425398,10411425458,1,"IOTHUB_CLIENT_CONFIRMATION_OK"
23260,10411425598,10411425767,1,"IOTHUB_CLIENT_CONFIRMATION_OK"
23261,10411425799,10411425877,1,"IOTHUB_CLIENT_CONFIRMATION_OK"
23262,10411425999,10411426043,1,"IOTHUB_CLIENT_CONFIRMATION_OK"
23263,10411426199,10411426374,1,"IOTHUB_CLIENT_CONFIRMATION_OK"
23264,10411426399,10411426494,1,"IOTHUB_CLIENT_CONFIRMATION_OK"
23265,10411426599,10411426656,1,"IOTHUB_CLIENT_CONFIRMATION_OK"
23266,10411426799,10411426987,1,"IOTHUB_CLIENT_CONFIRMATION_OK"
23267,10411426999,10411427075,1,"IOTHUB_CLIENT_CONFIRMATION_OK"
23268,10411427200,10411427239,1,"IOTHUB_CLIENT_CONFIRMATION_OK"
23269,10411427400,10411427570,1,"IOTHUB_CLIENT_CONFIRMATION_OK"
23270,10411427600,10411427656,1,"IOTHUB_CLIENT_CONFIRMATION_OK"
23271,10411427800,10411427850,1,"IOTHUB_CLIENT_CONFIRMATION_OK"
23272,10411428000,10411428190,1,"IOTHUB_CLIENT_CONFIRMATION_OK"
23273,10411428200,10411428243,1,"IOTHUB_CLIENT_CONFIRMATION_OK"
23274,10411428401,10411428447,1,"IOTHUB_CLIENT_CONFIRMATION_OK"
23275,10411428601,10411428796,1,"IOTHUB_CLIENT_CONFIRMATION_OK"
23276,10411428801,10411428850,1,"IOTHUB_CLIENT_CONFIRMATION_OK"
23277,10411429001,10411429059,1,"IOTHUB_CLIENT_CONFIRMATION_OK"
23278,10411429201,10411429428,1,"IOTHUB_CLIENT_CONFIRMATION_OK"
23279,10411429401,10411429465,1,"IOTHUB_CLIENT_CONFIRMATION_OK"
23280,10411429602,10411429647,1,"IOTHUB_CLIENT_CONFIRMATION_OK"
23281,10411429802,10411430025,1,"IOTHUB_CLIENT_CONFIRMATION_OK"
23282,10411430002,10411430050,1,"IOTHUB_CLIENT_CONFIRMATION_OK"
23283,10411430202,10411430253,1,"IOTHUB_CLIENT_CONFIRMATION_OK"
23284,10411430402,10411430445,1,"IOTHUB_CLIENT_CONFIRMATION_OK"
23285,10411430602,10411430649,1,"IOTHUB_CLIENT_CONFIRMATION_OK"
23286,10411430802,10411430850,1,"IOTHUB_CLIENT_CONFIRMATION_OK"
23287,10411431003,10411431051,1,"IOTHUB_CLIENT_CONFIRMATION_OK"
23288,10411431203,10411431286,1,"IOTHUB_CLIENT_CONFIRMATION_OK"
23289,10411431403,10411431454,1,"IOTHUB_CLIENT_CONFIRMATION_OK"
23290,10411431603,10411431659,1,"IOTHUB_CLIENT_CONFIRMATION_OK"
23291,10411431803,10411431865,1,"IOTHUB_CLIENT_CONFIRMATION_OK"
23292,10411432003,10411432047,1,"IOTHUB_CLIENT_CONFIRMATION_OK"
23293,10411432203,10411432277,1,"IOTHUB_CLIENT_CONFIRMATION_OK"
23294,10411432404,10411432458,1,"IOTHUB_CLIENT_CONFIRMATION_OK"
23295,10411432604,10411432642,1,"IOTHUB_CLIENT_CONFIRMATION_OK"
23296,10411432804,10411432864,1,"IOTHUB_CLIENT_CONFIRMATION_OK"
23297,10411433004,10411433057,1,"IOTHUB_CLIENT_CONFIRMATION_OK"
23298,10411433204,10411433258,1,"IOTHUB_CLIENT_CONFIRMATION_OK"
23299,10411433404,10411433503,1,"IOTHUB_CLIENT_CONFIRMATION_OK"
23300,10411433605,10411433649,1,"IOTHUB_CLIENT_CONFIRMATION_OK"
23301,10411433805,10411433855,1,"IOTHUB_CLIENT_CONFIRMATION_OK"
23302,10411434005,10411434084,1,"IOTHUB_CLIENT_CONFIRMATION_OK"
23303,10411434205,10411434265,1,"IOTHUB_CLIENT_CONFIRMATION_OK"
23304,10411434405,10411434456,1,"IOTHUB_CLIENT_CONFIRMATION_OK"
23305,10411434605,10411434724,1,"IOTHUB_CLIENT_CONFIRMATION_OK"
23306,10411434806,10411434845,1,"IOTHUB_CLIENT_CONFIRMATION_OK"
23307,10411435006,10411435052,1,"IOTHUB_CLIENT_CONFIRMATION_OK"
23308,10411435206,10411435313,1,"IOTHUB_CLIENT_CONFIRMATION_OK"
23309,10411435406,10411435514,1,"IOTHUB_CLIENT_CONFIRMATION_OK"
23310,10411435606,10411435649,1,"IOTHUB_CLIENT_CONFIRMATION_OK"
23311,10411435806,10411435960,1,"IOTHUB_CLIENT_CONFIRMATION_OK"
23312,10411436006,10411436146,1,"IOTHUB_CLIENT_CONFIRMATION_OK"
23313,10411436207,10411436247,1,"IOTHUB_CLIENT_CONFIRMATION_OK"
23314,10411436407,10411436526,1,"IOTHUB_CLIENT_CONFIRMATION_OK"
23315,10411436607,10411436695,1,"IOTHUB_CLIENT_CONFIRMATION_OK"
23316,10411436807,10411436849,1,"IOTHUB_CLIENT_CONFIRMATION_OK"
23317,10411437007,10411437170,1,"IOTHUB_CLIENT_CONFIRMATION_OK"
23318,10411437207,10411437260,1,"IOTHUB_CLIENT_CONFIRMATION_OK"
23319,10411437408,10411437472,1,"IOTHUB_CLIENT_CONFIRMATION_OK"
23320,10411437608,10411437762,1,"IOTHUB_CLIENT_CONFIRMATION_OK"
23321,10411437808,10411437850,1,"IOTHUB_CLIENT_CONFIRMATION_OK"
23322,10411438008,10411438065,1,"IOTHUB_CLIENT_CONFIRMATION_OK"
23323,10411438208,10411438370,1,"IOTHUB_CLIENT_CONFIRMATION_OK"
23324,10411438408,10411438454,1,"IOTHUB_CLIENT_CONFIRMATION_OK"
23325,10411438609,10411438657,1,"IOTHUB_CLIENT_CONFIRMATION_OK"
23326,10411438809,10411439035,1,"IOTHUB_CLIENT_CONFIRMATION_OK"
23327,10411439009,10411439092,1,"IOTHUB_CLIENT_CONFIRMATION_OK"
23328,10411439209,10411439260,1,"IOTHUB_CLIENT_CONFIRMATION_OK"
23329,10411439409,10411439635,1,"IOTHUB_CLIENT_CONFIRMATION_OK"
23330,10411439609,10411439671,1,"IOTHUB_CLIENT_CONFIRMATION_OK"
23331,10411439809,10411439847,1,"IOTHUB_CLIENT_CONFIRMATION_OK"
23332,10411440010,10411440211,1,"IOTHUB_CLIENT_CONFIRMATION_OK"
23333,10411440210,10411440247,1,"IOTHUB_CLIENT_CONFIRMATION_OK"
23334,10411440410,10411440469,1,"IOTHUB_CLIENT_CONFIRMATION_OK"
23335,10411440610,10411440826,1,"IOTHUB_CLIENT_CONFIRMATION_OK"
23336,10411440810,10411440849,1,"IOTHUB_CLIENT_CONFIRMATION_OK"
23337,10411441010,10411441046,1,"IOTHUB_CLIENT_CONFIRMATION_OK"
23338,10411441211,10411441251,1,"IOTHUB_CLIENT_CONFIRMATION_OK"
23339,10411441411,10411441449,1,"IOTHUB_CLIENT_CONFIRMATION_OK"
23340,10411441611,10411441675,1,"IOTHUB_CLIENT_CONFIRMATION_OK"
23341,10411441811,10411441858,1,"IOTHUB_CLIENT_CONFIRMATION_OK"
23342,10411442011,10411442064,1,"IOTHUB_CLIENT_CONFIRMATION_OK"
23343,10411442211,10411442262,1,"IOTHUB_CLIENT_CONFIRMATION_OK"
23344,10411442412,10411442479,1,"IOTHUB_CLIENT_CONFIRMATION_OK"
23345,10411442612,10411442659,1,"IOTHUB_CLIENT_CONFIRMATION_OK"
23346,10411442812,10411442858,1,"IOTHUB_CLIENT_CONFIRMATION_OK"
23347,10411443012,10411443074,1,"IOTHUB_CLIENT_CONFIRMATION_OK"
23348,10411443212,10411443261,1,"IOTHUB_CLIENT_CONFIRMATION_OK"
23349,10411443412,10411443502,1,"IOTHUB_CLIENT_CONFIRMATION_OK"
23350,10411443612,10411443649,1,"IOTHUB_CLIENT_CONFIRMATION_OK"
23351,10411443813,10411443865,1,"IOTHUB_CLIENT_CONFIRMATION_OK"
23352,10411444013,10411444063,1,"IOTHUB_CLIENT_CONFIRMATION_OK"
23353,10411444213,10411444277,1,"IOTHUB_CLIENT_CONFIRMATION_OK"
23354,10411444413,10411444468,1,"IOTHUB_CLIENT_CONFIRMATION_OK"
23355,10411444613,10411444654,1,"IOTHUB_CLIENT_CONFIRMATION_OK"
23356,10411444813,10411444924,1,"IOTHUB_CLIENT_CONFIRMATION_OK"
23357,10411445014,10411445053,1,"IOTHUB_CLIENT_CONFIRMATION_OK"
23358,10411445214,10411445253,1,"IOTHUB_CLIENT_CONFIRMATION_OK"
23359,10411445414,10411445485,1,"IOTHUB_CLIENT_CONFIRMATION_OK"
23360,10411445614,10411445673,1,"IOTHUB_CLIENT_CONFIRMATION_OK"
23361,10411445814,10411445873,1,"IOTHUB_CLIENT_CONFIRMATION_OK"
23362,10411446014,10411446113,1,"IOTHUB_CLIENT_CONFIRMATION_OK"
23363,10411446214,10411446252,1,"IOTHUB_CLIENT_CONFIRMATION_OK"
23364,10411446415,10411446469,1,"IOTHUB_CLIENT_CONFIRMATION_OK"
23365,10411446615,10411446715,1,"IOTHUB_CLIENT_CONFIRMATION_OK"
23366,10411446815,10411446869,1,"IOTHUB_CLIENT_CONFIRMATION_OK"
23367,10411447015,10411447058,1,"IOTHUB_CLIENT_CONFIRMATION_OK"
23368,10411447215,10411447364,1,"IOTHUB_CLIENT_CONFIRMATION_OK"
23369,10411447415,10411447466,1,"IOTHUB_CLIENT_CONFIRMATION_OK"
23370,10411447616,10411447678,1,"IOTHUB_CLIENT_CONFIRMATION_OK"
23371,10411447816,10411447958,1,"IOTHUB_CLIENT_CONFIRMATION_OK"
23372,10411448016,10411448094,1,"IOTHUB_CLIENT_CONFIRMATION_OK"
23373,10411448216,10411448261,1,"IOTHUB_CLIENT_CONFIRMATION_OK"
23374,10411448416,10411448547,1,"IOTHUB_CLIENT_CONFIRMATION_OK"
23375,10411448616,10411448663,1,"IOTHUB_CLIENT_CONFIRMATION_OK"
23376,10411448817,10411448866,1,"IOTHUB_CLIENT_CONFIRMATION_OK"
23377,10411449017,10411449158,1,"IOTHUB_CLIENT_CONFIRMATION_OK"
23378,10411449217,10411449252,1,"IOTHUB_CLIENT_CONFIRMATION_OK"
23379,10411449417,10411449477,1,"IOTHUB_CLIENT_CONFIRMATION_OK"
23380,10411449617,10411449774,1,"IOTHUB_CLIENT_CONFIRMATION_OK"
23381,10411449817,10411449856,1,"IOTHUB_CLIENT_CONFIRMATION_OK"
23382,10411450017,10411450067,1,"IOTHUB_CLIENT_CONFIRMATION_OK"
23383,10411450218,10411450378,1,"IOTHUB_CLIENT_CONFIRMATION_OK"
23384,10411450418,10411450521,1,"IOTHUB_CLIENT_CONFIRMATION_OK"
23385,10411450618,10411450657,1,"IOTHUB_CLIENT_CONFIRMATION_OK"
23386,10411450818,10411450990,1,"IOTHUB_CLIENT_CONFIRMATION_OK"
23387,10411451018,10411451064,1,"IOTHUB_CLIENT_CONFIRMATION_OK"
23388,10411451218,10411451302,1,"IOTHUB_CLIENT_CONFIRMATION_OK"
23389,10411451419,10411451598,1,"IOTHUB_CLIENT_CONFIRMATION_OK"
23390,10411451619,10411451666,1,"IOTHUB_CLIENT_CONFIRMATION_OK"
23391,10411451819,10411451878,1,"IOTHUB_CLIENT_CONFIRMATION_OK"
23392,10411452019,10411452227,1,"IOTHUB_CLIENT_CONFIRMATION_OK"
23393,10411452219,10411452272,1,"IOTHUB_CLIENT_CONFIRMATION_OK"
23394,10411452419,10411452475,1,"IOTHUB_CLIENT_CONFIRMATION_OK"
23395,10411452619,10411452858,1,"IOTHUB_CLIENT_CONFIRMATION_OK"
23396,10411452820,10411452957,1,"IOTHUB_CLIENT_CONFIRMATION_OK"
23397,10411453020,10411453153,1,"IOTHUB_CLIENT_CONFIRMATION_OK"
23398,10411453220,10411453290,1,"IOTHUB_CLIENT_CONFIRMATION_OK"
23399,10411453420,10411453454,1,"IOTHUB_CLIENT_CONFIRMATION_OK"
23400,10411453620,10411453686,1,"IOTHUB_CLIENT_CONFIRMATION_OK"
23401,10411453820,10411453895,1,"IOTHUB_CLIENT_CONFIRMATION_OK"
23402,10411454021,10411454099,1,"IOTHUB_CLIENT_CONFIRMATION_OK"
23403,10411454221,10411454273,1,"IOTHUB_CLIENT_CONFIRMATION_OK"
23404,10411454421,10411454478,1,"IOTHUB_CLIENT_CONFIRMATION_OK"
23405,10411454621,10411454893,1,"IOTHUB_CLIENT_CONFIRMATION_OK"
23406,10411454821,10411454968,1,"IOTHUB_CLIENT_CONFIRMATION_OK"
23407,10411455021,10411455083,1,"IOTHUB_CLIENT_CONFIRMATION_OK"
23408,10411455222,10411455283,1,"IOTHUB_CLIENT_CONFIRMATION_OK"
23409,10411455422,10411455475,1,"IOTHUB_CLIENT_CONFIRMATION_OK"
23410,10411455622,10411455689,1,"IOTHUB_CLIENT_CONFIRMATION_OK"
23411,10411455822,10411455872,1,"IOTHUB_CLIENT_CONFIRMATION_OK"
23412,10411456022,10411456122,1,"IOTHUB_CLIENT_CONFIRMATION_OK"
23413,10411456222,10411456352,1,"IOTHUB_CLIENT_CONFIRMATION_OK"
23414,10411456423,10411456466,1,"IOTHUB_CLIENT_CONFIRMATION_OK"
23415,10411456623,10411456664,1,"IOTHUB_CLIENT_CONFIRMATION_OK"
23416,10411456823,10411456936,1,"IOTHUB_CLIENT_CONFIRMATION_OK"
23417,10411457023,10411457075,1,"IOTHUB_CLIENT_CONFIRMATION_OK"
23418,10411457223,10411457276,1,"IOTHUB_CLIENT_CONFIRMATION_OK"
23419,10411457423,10411457538,1,"IOTHUB_CLIENT_CONFIRMATION_OK"
23420,10411457624,10411457670,1,"IOTHUB_CLIENT_CONFIRMATION_OK"
23421,10411457824,10411457862,1,"IOTHUB_CLIENT_CONFIRMATION_OK"
23422,10411458024,10411458179,1,"IOTHUB_CLIENT_CONFIRMATION_OK"
23423,10411458224,10411458263,1,"IOTHUB_CLIENT_CONFIRMATION_OK"
23424,10411458424,10411458485,1,"IOTHUB_CLIENT_CONFIRMATION_OK"
23425,10411458624,10411458805,1,"IOTHUB_CLIENT_CONFIRMATION_OK"
23426,10411458824,10411458862,1,"IOTHUB_CLIENT_CONFIRMATION_OK"
23427,10411459025,10411459066,1,"IOTHUB_CLIENT_CONFIRMATION_OK"
23428,10411459225,10411459400,1,"IOTHUB_CLIENT_CONFIRMATION_OK"
23429,10411459425,10411459464,1,"IOTHUB_CLIENT_CONFIRMATION_OK"
23430,10411459625,10411459681,1,"IOTHUB_CLIENT_CONFIRMATION_OK"
23431,10411459825,10411460003,1,"IOTHUB_CLIENT_CONFIRMATION_OK"
23432,10411460025,10411460072,1,"IOTHUB_CLIENT_CONFIRMATION_OK"
23433,10411460226,10411460265,1,"IOTHUB_CLIENT_CONFIRMATION_OK"
23434,10411460426,10411460626,1,"IOTHUB_CLIENT_CONFIRMATION_OK"
23435,10411460626,10411460697,1,"IOTHUB_CLIENT_CONFIRMATION_OK"
23436,10411460826,10411460893,1,"IOTHUB_CLIENT_CONFIRMATION_OK"
23437,10411461026,10411461304,1,"IOTHUB_CLIENT_CONFIRMATION_OK"
23438,10411461226,10411461331,1,"IOTHUB_CLIENT_CONFIRMATION_OK"
23439,10411461427,10411461467,1,"IOTHUB_CLIENT_CONFIRMATION_OK"
23440,10411461627,10411461715,1,"IOTHUB_CLIENT_CONFIRMATION_OK"
23441,10411461827,10411461867,1,"IOTHUB_CLIENT_CONFIRMATION_OK"
23442,10411462027,10411462075,1,"IOTHUB_CLIENT_CONFIRMATION_OK"
23443,10411462227,10411462318,1,"IOTHUB_CLIENT_CONFIRMATION_OK"
23444,10411462427,10411462500,1,"IOTHUB_CLIENT_CONFIRMATION_OK"
23445,10411462627,10411462681,1,"IOTHUB_CLIENT_CONFIRMATION_OK"
23446,10411462828,10411462916,1,"IOTHUB_CLIENT_CONFIRMATION_OK"
23447,10411463028,10411463071,1,"IOTHUB_CLIENT_CONFIRMATION_OK"
23448,10411463228,10411463280,1,"IOTHUB_CLIENT_CONFIRMATION_OK"
23449,10411463428,10411463518,1,"IOTHUB_CLIENT_CONFIRMATION_OK"
23450,10411463628,10411463669,1,"IOTHUB_CLIENT_CONFIRMATION_OK"
23451,10411463828,10411463863,1,"IOTHUB_CLIENT_CONFIRMATION_OK"
23452,10411464029,10411464164,1,"IOTHUB_CLIENT_CONFIRMATION_OK"
23453,10411464229,10411464276,1,"IOTHUB_CLIENT_CONFIRMATION_OK"
23454,10411464429,10411464464,1,"IOTHUB_CLIENT_CONFIRMATION_OK"
23455,10411464629,10411464802,1,"IOTHUB_CLIENT_CONFIRMATION_OK"
23456,10411464829,10411464868,1,"IOTHUB_CLIENT_CONFIRMATION_OK"
23457,10411465029,10411465095,1,"IOTHUB_CLIENT_CONFIRMATION_OK"
23458,10411465229,10411465344,1,"IOTHUB_CLIENT_CONFIRMATION_OK"
23459,10411465430,10411465483,1,"IOTHUB_CLIENT_CONFIRMATION_OK"
23460,10411465630,10411465666,1,"IOTHUB_CLIENT_CONFIRMATION_OK"
23461,10411465830,10411465954,1,"IOTHUB_CLIENT_CONFIRMATION_OK"
23462,10411466030,10411466139,1,"IOTHUB_CLIENT_CONFIRMATION_OK"
23463,10411466230,10411466285,1,"IOTHUB_CLIENT_CONFIRMATION_OK"
23464,10411466430,10411466565,1,"IOTHUB_CLIENT_CONFIRMATION_OK"
23465,10411466630,10411466709,1,"IOTHUB_CLIENT_CONFIRMATION_OK"
23466,10411466831,10411466890,1,"IOTHUB_CLIENT_CONFIRMATION_OK"
23467,10411467031,10411467172,1,"IOTHUB_CLIENT_CONFIRMATION_OK"
23468,10411467231,10411467312,1,"IOTHUB_CLIENT_CONFIRMATION_OK"
23469,10411467431,10411467475,1,"IOTHUB_CLIENT_CONFIRMATION_OK"
23470,10411467631,10411467809,1,"IOTHUB_CLIENT_CONFIRMATION_OK"
23471,10411467831,10411467880,1,"IOTHUB_CLIENT_CONFIRMATION_OK"
23472,10411468032,10411468079,1,"IOTHUB_CLIENT_CONFIRMATION_OK"
23473,10411468232,10411468405,1,"IOTHUB_CLIENT_CONFIRMATION_OK"
23474,10411468432,10411468477,1,"IOTHUB_CLIENT_CONFIRMATION_OK"
23475,10411468632,10411468675,1,"IOTHUB_CLIENT_CONFIRMATION_OK"
23476,10411468832,10411469014,1,"IOTHUB_CLIENT_CONFIRMATION_OK"
23477,10411469032,10411469098,1,"IOTHUB_CLIENT_CONFIRMATION_OK"
23478,10411469232,10411469275,1,"IOTHUB_CLIENT_CONFIRMATION_OK"
23479,10411469433,10411469646,1,"IOTHUB_CLIENT_CONFIRMATION_OK"
23480,10411469633,10411469677,1,"IOTHUB_CLIENT_CONFIRMATION_OK"
23481,10411469833,10411469874,1,"IOTHUB_CLIENT_CONFIRMATION_OK"
23482,10411470033,10411470253,1,"IOTHUB_CLIENT_CONFIRMATION_OK"
23483,10411470233,10411470276,1,"IOTHUB_CLIENT_CONFIRMATION_OK"
23484,10411470433,10411470473,1,"IOTHUB_CLIENT_CONFIRMATION_OK"
23485,10411470634,10411470664,1,"IOTHUB_CLIENT_CONFIRMATION_OK"
23486,10411470834,10411470905,1,"IOTHUB_CLIENT_CONFIRMATION_OK"
23487,10411471034,10411471085,1,"IOTHUB_CLIENT_CONFIRMATION_OK"
23488,10411471234,10411471299,1,"IOTHUB_CLIENT_CONFIRMATION_OK"
23489,10411471434,10411471530,1,"IOTHUB_CLIENT_CONFIRMATION_OK"
23490,10411471634,10411471680,1,"IOTHUB_CLIENT_CONFIRMATION_OK"
23491,10411471835,10411471959,1,"IOTHUB_CLIENT_CONFIRMATION_OK"
23492,10411472035,10411472082,1,"IOTHUB_CLIENT_CONFIRMATION_OK"
23493,10411472235,10411472299,1,"IOTHUB_CLIENT_CONFIRMATION_OK"
23494,10411472435,10411472576,1,"IOTHUB_CLIENT_CONFIRMATION_OK"
23495,10411472635,10411472692,1,"IOTHUB_CLIENT_CONFIRMATION_OK"
23496,10411472835,10411472898,1,"IOTHUB_CLIENT_CONFIRMATION_OK"
23497,10411473035,10411473201,1,"IOTHUB_CLIENT_CONFIRMATION_OK"
23498,10411473236,10411473280,1,"IOTHUB_CLIENT_CONFIRMATION_OK"
23499,10411473436,10411473470,1,"IOTHUB_CLIENT_CONFIRMATION_OK"
23500,10411473636,10411473818,1,"IOTHUB_CLIENT_CONFIRMATION_OK"
23501,10411473836,10411473880,1,"IOTHUB_CLIENT_CONFIRMATION_OK"
23502,10411474036,10411474085,1,"IOTHUB_CLIENT_CONFIRMATION_OK"
23503,10411474236,10411474405,1,"IOTHUB_CLIENT_CONFIRMATION_OK"
23504,10411474436,10411474486,1,"IOTHUB_CLIENT_CONFIRMATION_OK"
23505,10411474637,10411474705,1,"IOTHUB_CLIENT_CONFIRMATION_OK"
23506,10411474837,10411475015,1,"IOTHUB_CLIENT_CONFIRMATION_OK"
23507,10411475037,10411475070,1,"IOTHUB_CLIENT_CONFIRMATION_OK"
23508,10411475237,10411475318,1,"IOTHUB_CLIENT_CONFIRMATION_OK"
23509,10411475437,10411475624,1,"IOTHUB_CLIENT_CONFIRMATION_OK"
23510,10411475637,10411475685,1,"IOTHUB_CLIENT_CONFIRMATION_OK"
23511,10411475838,10411475879,1,"IOTHUB_CLIENT_CONFIRMATION_OK"
23512,10411476038,10411476275,1,"IOTHUB_CLIENT_CONFIRMATION_OK"
23513,10411476238,10411476400,1,"IOTHUB_CLIENT_CONFIRMATION_OK"
23514,10411476438,10411476472,1,"IOTHUB_CLIENT_CONFIRMATION_OK"
23515,10411476638,10411476704,1,"IOTHUB_CLIENT_CONFIRMATION_OK"
23516,10411476838,10411476885,1,"IOTHUB_CLIENT_CONFIRMATION_OK"
23517,10411477039,10411477086,1,"IOTHUB_CLIENT_CONFIRMATION_OK"
23518,10411477239,10411477320,1,"IOTHUB_CLIENT_CONFIRMATION_OK"
23519,10411477439,10411477521,1,"IOTHUB_CLIENT_CONFIRMATION_OK"
23520,10411477639,10411477692,1,"IOTHUB_CLIENT_CONFIRMATION_OK"
23521,10411477839,10411477883,1,"IOTHUB_CLIENT_CONFIRMATION_OK"
23522,10411478039,10411478108,1,"IOTHUB_CLIENT_CONFIRMATION_OK"
23523,10411478239,10411478278,1,"IOTHUB_CLIENT_CONFIRMATION_OK"
23524,10411478440,10411478571,1,"IOTHUB_CLIENT_CONFIRMATION_OK"
23525,10411478640,10411478702,1,"IOTHUB_CLIENT_CONFIRMATION_OK"
23526,10411478840,10411478880,1,"IOTHUB_CLIENT_CONFIRMATION_OK"
23527,10411479040,10411479218,1,"IOTHUB_CLIENT_CONFIRMATION_OK"
23528,10411479240,10411479303,1,"IOTHUB_CLIENT_CONFIRMATION_OK"
23529,10411479440,10411479486,1,"IOTHUB_CLIENT_CONFIRMATION_OK"
23530,10411479641,10411479819,1,"IOTHUB_CLIENT_CONFIRMATION_OK"
23531,10411479841,10411479911,1,"IOTHUB_CLIENT_CONFIRMATION_OK"
23532,10411480041,10411480097,1,"IOTHUB_CLIENT_CONFIRMATION_OK"
23533,10411480241,10411480412,1,"IOTHUB_CLIENT_CONFIRMATION_OK"
23534,10411480441,10411480472,1,"IOTHUB_CLIENT_CONFIRMATION_OK"
23535,10411480641,10411480691,1,"IOTHUB_CLIENT_CONFIRMATION_OK"
23536,10411480842,10411481035,1,"IOTHUB_CLIENT_CONFIRMATION_OK"
23537,10411481042,10411481106,1,"IOTHUB_CLIENT_CONFIRMATION_OK"
23538,10411481242,10411481305,1,"IOTHUB_CLIENT_CONFIRMATION_OK"
23539,10411481442,10411481628,1,"IOTHUB_CLIENT_CONFIRMATION_OK"
23540,10411481642,10411481697,1,"IOTHUB_CLIENT_CONFIRMATION_OK"
23541,10411481842,10411481883,1,"IOTHUB_CLIENT_CONFIRMATION_OK"
23542,10411482043,10411482362,1,"IOTHUB_CLIENT_CONFIRMATION_OK"
23543,10411482243,10411482385,1,"IOTHUB_CLIENT_CONFIRMATION_OK"
23544,10411482443,10411482517,1,"IOTHUB_CLIENT_CONFIRMATION_OK"
23545,10411482643,10411482690,1,"IOTHUB_CLIENT_CONFIRMATION_OK"
23546,10411482843,10411482883,1,"IOTHUB_CLIENT_CONFIRMATION_OK"
23547,10411483043,10411483124,1,"IOTHUB_CLIENT_CONFIRMATION_OK"
23548,10411483243,10411483302,1,"IOTHUB_CLIENT_CONFIRMATION_OK"
23549,10411483444,10411483480,1,"IOTHUB_CLIENT_CONFIRMATION_OK"
23550,10411483644,10411483695,1,"IOTHUB_CLIENT_CONFIRMATION_OK"
23551,10411483844,10411483884,1,"IOTHUB_CLIENT_CONFIRMATION_OK"
23552,10411484044,10411484083,1,"IOTHUB_CLIENT_CONFIRMATION_OK"
23553,10411484244,10411484284,1,"IOTHUB_CLIENT_CONFIRMATION_OK"
23554,10411484444,10411484484,1,"IOTHUB_CLIENT_CONFIRMATION_OK"
23555,10411484645,10411484704,1,"IOTHUB_CLIENT_CONFIRMATION_OK"
23556,10411484845,10411484889,1,"IOTHUB_CLIENT_CONFIRMATION_OK"
23557,10411485045,10411485114,1,"IOTHUB_CLIENT_CONFIRMATION_OK"
23558,10411485245,10411485317,1,"IOTHUB_CLIENT_CONFIRMATION_OK"
23559,10411485445,10411485492,1,"IOTHUB_CLIENT_CONFIRMATION_OK"
23560,10411485645,10411485754,1,"IOTHUB_CLIENT_CONFIRMATION_OK"
23561,10411485846,10411485900,1,"IOTHUB_CLIENT_CONFIRMATION_OK"
23562,10411486046,10411486104,1,"IOTHUB_CLIENT_CONFIRMATION_OK"
23563,10411486246,10411486337,1,"IOTHUB_CLIENT_CONFIRMATION_OK"
23564,10411486446,10411486492,1,"IOTHUB_CLIENT_CONFIRMATION_OK"
23565,10411486646,10411486677,1,"IOTHUB_CLIENT_CONFIRMATION_OK"
23566,10411486846,10411486941,1,"IOTHUB_CLIENT_CONFIRMATION_OK"
23567,10411487046,10411487083,1,"IOTHUB_CLIENT_CONFIRMATION_OK"
23568,10411487247,10411487294,1,"IOTHUB_CLIENT_CONFIRMATION_OK"
23569,10411487447,10411487576,1,"IOTHUB_CLIENT_CONFIRMATION_OK"
23570,10411487647,10411487698,1,"IOTHUB_CLIENT_CONFIRMATION_OK"
23571,10411487847,10411487884,1,"IOTHUB_CLIENT_CONFIRMATION_OK"
23572,10411488047,10411488150,1,"IOTHUB_CLIENT_CONFIRMATION_OK"
23573,10411488247,10411488290,1,"IOTHUB_CLIENT_CONFIRMATION_OK"
23574,10411488448,10411488507,1,"IOTHUB_CLIENT_CONFIRMATION_OK"
23575,10411488648,10411488769,1,"IOTHUB_CLIENT_CONFIRMATION_OK"
23576,10411488848,10411488900,1,"IOTHUB_CLIENT_CONFIRMATION_OK"
23577,10411489048,10411489116,1,"IOTHUB_CLIENT_CONFIRMATION_OK"
23578,10411489248,10411489375,1,"IOTHUB_CLIENT_CONFIRMATION_OK"
23579,10411489448,10411489487,1,"IOTHUB_CLIENT_CONFIRMATION_OK"
23580,10411489648,10411489695,1,"IOTHUB_CLIENT_CONFIRMATION_OK"
23581,10411489849,10411489992,1,"IOTHUB_CLIENT_CONFIRMATION_OK"
23582,10411490049,10411490124,1,"IOTHUB_CLIENT_CONFIRMATION_OK"
23583,10411490249,10411490318,1,"IOTHUB_CLIENT_CONFIRMATION_OK"
23584,10411490449,10411490612,1,"IOTHUB_CLIENT_CONFIRMATION_OK"
23585,10411490649,10411490707,1,"IOTHUB_CLIENT_CONFIRMATION_OK"
23586,10411490849,10411490905,1,"IOTHUB_CLIENT_CONFIRMATION_OK"
23587,10411491050,10411491202,1,"IOTHUB_CLIENT_CONFIRMATION_OK"
23588,10411491250,10411491292,1,"IOTHUB_CLIENT_CONFIRMATION_OK"
23589,10411491450,10411491513,1,"IOTHUB_CLIENT_CONFIRMATION_OK"
23590,10411491650,10411491818,1,"IOTHUB_CLIENT_CONFIRMATION_OK"
23591,10411491850,10411491904,1,"IOTHUB_CLIENT_CONFIRMATION_OK"
23592,10411492050,10411492093,1,"IOTHUB_CLIENT_CONFIRMATION_OK"
23593,10411492251,10411492418,1,"IOTHUB_CLIENT_CONFIRMATION_OK"
23594,10411492451,10411492513,1,"IOTHUB_CLIENT_CONFIRMATION_OK"
23595,10411492651,10411492729,1,"IOTHUB_CLIENT_CONFIRMATION_OK"
23596,10411492851,10411493133,1,"IOTHUB_CLIENT_CONFIRMATION_OK"
23597,10411493051,10411493176,1,"IOTHUB_CLIENT_CONFIRMATION_OK"
23598,10411493251,10411493300,1,"IOTHUB_CLIENT_CONFIRMATION_OK"
23599,10411493451,10411493501,1,"IOTHUB_CLIENT_CONFIRMATION_OK"
23600,10411493652,10411493699,1,"IOTHUB_CLIENT_CONFIRMATION_OK"
23601,10411493852,10411493889,1,"IOTHUB_CLIENT_CONFIRMATION_OK"
23602,10411494052,10411494292,1,"IOTHUB_CLIENT_CONFIRMATION_OK"
23603,10411494252,10411494325,1,"IOTHUB_CLIENT_CONFIRMATION_OK"
23604,10411494452,10411494494,1,"IOTHUB_CLIENT_CONFIRMATION_OK"
23605,10411494652,10411494711,1,"IOTHUB_CLIENT_CONFIRMATION_OK"
23606,10411494853,10411494900,1,"IOTHUB_CLIENT_CONFIRMATION_OK"
23607,10411495053,10411495150,1,"IOTHUB_CLIENT_CONFIRMATION_OK"
23608,10411495253,10411495369,1,"IOTHUB_CLIENT_CONFIRMATION_OK"
23609,10411495453,10411495512,1,"IOTHUB_CLIENT_CONFIRMATION_OK"
23610,10411495653,10411495694,1,"IOTHUB_CLIENT_CONFIRMATION_OK"
23611,10411495853,10411495981,1,"IOTHUB_CLIENT_CONFIRMATION_OK"
23612,10411496054,10411496106,1,"IOTHUB_CLIENT_CONFIRMATION_OK"
23613,10411496254,10411496302,1,"IOTHUB_CLIENT_CONFIRMATION_OK"
23614,10411496454,10411496747,1,"IOTHUB_CLIENT_CONFIRMATION_OK"
23615,10411496654,10411496764,1,"IOTHUB_CLIENT_CONFIRMATION_OK"
23616,10411496854,10411496897,1,"IOTHUB_CLIENT_CONFIRMATION_OK"
23617,10411497054,10411497153,1,"IOTHUB_CLIENT_CONFIRMATION_OK"
23618,10411497254,10411497320,1,"IOTHUB_CLIENT_CONFIRMATION_OK"
23619,10411497455,10411497507,1,"IOTHUB_CLIENT_CONFIRMATION_OK"
23620,10411497655,10411497775,1,"IOTHUB_CLIENT_CONFIRMATION_OK"
23621,10411497855,10411497921,1,"IOTHUB_CLIENT_CONFIRMATION_OK"
23622,10411498055,10411498107,1,"IOTHUB_CLIENT_CONFIRMATION_OK"
23623,10411498255,10411498385,1,"IOTHUB_CLIENT_CONFIRMATION_OK"
23624,10411498455,10411498521,1,"IOTHUB_CLIENT_CONFIRMATION_OK"
23625,10411498656,10411498728,1,"IOTHUB_CLIENT_CONFIRMATION_OK"
23626,10411498856,10411499009,1,"IOTHUB_CLIENT_CONFIRMATION_OK"
23627,10411499056,10411499119,1,"IOTHUB_CLIENT_CONFIRMATION_OK"
23628,10411499256,10411499314,1,"IOTHUB_CLIENT_CONFIRMATION_OK"
23629,10411499456,10411499624,1,"IOTHUB_CLIENT_CONFIRMATION_OK"
23630,10411499656,10411499692,1,"IOTHUB_CLIENT_CONFIRMATION_OK"
23631,10411499856,10411499901,1,"IOTHUB_CLIENT_CONFIRMATION_OK"
23632,10411500057,10411500242,1,"IOTHUB_CLIENT_CONFIRMATION_OK"
23633,10411500257,10411500301,1,"IOTHUB_CLIENT_CONFIRMATION_OK"
23634,10411500457,10411500492,1,"IOTHUB_CLIENT_CONFIRMATION_OK"
23635,10411500657,10411500835,1,"IOTHUB_CLIENT_CONFIRMATION_OK"
23636,10411500857,10411500895,1,"IOTHUB_CLIENT_CONFIRMATION_OK"
23637,10411501057,10411501123,1,"IOTHUB_CLIENT_CONFIRMATION_OK"
23638,10411501258,10411501306,1,"IOTHUB_CLIENT_CONFIRMATION_OK"
23639,10411501458,10411501594,1,"IOTHUB_CLIENT_CONFIRMATION_OK"
23640,10411501658,10411501713,1,"IOTHUB_CLIENT_CONFIRMATION_OK"
23641,10411501858,10411501901,1,"IOTHUB_CLIENT_CONFIRMATION_OK"
23642,10411502058,10411502108,1,"IOTHUB_CLIENT_CONFIRMATION_OK"
23643,10411502258,10411502308,1,"IOTHUB_CLIENT_CONFIRMATION_OK"
23644,10411502459,10411502541,1,"IOTHUB_CLIENT_CONFIRMATION_OK"
23645,10411502659,10411502699,1,"IOTHUB_CLIENT_CONFIRMATION_OK"
23646,10411502859,10411502912,1,"IOTHUB_CLIENT_CONFIRMATION_OK"
23647,10411503059,10411503124,1,"IOTHUB_CLIENT_CONFIRMATION_OK"
23648,10411503259,10411503291,1,"IOTHUB_CLIENT_CONFIRMATION_OK"
23649,10411503459,10411503500,1,"IOTHUB_CLIENT_CONFIRMATION_OK"
23650,10411503660,10411503782,1,"IOTHUB_CLIENT_CONFIRMATION_OK"
23651,10411503860,10411503892,1,"IOTHUB_CLIENT_CONFIRMATION_OK"
23652,10411504060,10411504115,1,"IOTHUB_CLIENT_CONFIRMATION_OK"
23653,10411504260,10411504375,1,"IOTHUB_CLIENT_CONFIRMATION_OK"
23654,10411504460,10411504494,1,"IOTHUB_CLIENT_CONFIRMATION_OK"
23655,10411504660,10411504707,1,"IOTHUB_CLIENT_CONFIRMATION_OK"
23656,10411504860,10411504987,1,"IOTHUB_CLIENT_CONFIRMATION_OK"
23657,10411505061,10411505101,1,"IOTHUB_CLIENT_CONFIRMATION_OK"
23658,10411505261,10411505312,1,"IOTHUB_CLIENT_CONFIRMATION_OK"
23659,10411505461,10411505589,1,"IOTHUB_CLIENT_CONFIRMATION_OK"
23660,10411505661,10411505717,1,"IOTHUB_CLIENT_CONFIRMATION_OK"
23661,10411505861,10411505941,1,"IOTHUB_CLIENT_CONFIRMATION_OK"
23662,10411506061,10411506225,1,"IOTHUB_CLIENT_CONFIRMATION_OK"
23663,10411506262,10411506332,1,"IOTHUB_CLIENT_CONFIRMATION_OK"
23664,10411506462,10411506525,1,"IOTHUB_CLIENT_CONFIRMATION_OK"
23665,10411506662,10411506883,1,"IOTHUB_CLIENT_CONFIRMATION_OK"
23666,10411506862,10411506925,1,"IOTHUB_CLIENT_CONFIRMATION_OK"
23667,10411507062,10411507116,1,"IOTHUB_CLIENT_CONFIRMATION_OK"
23668,10411507262,10411507317,1,"IOTHUB_CLIENT_CONFIRMATION_OK"
23669,10411507463,10411507498,1,"IOTHUB_CLIENT_CONFIRMATION_OK"
23670,10411507663,10411507716,1,"IOTHUB_CLIENT_CONFIRMATION_OK"
23671,10411507863,10411507913,1,"IOTHUB_CLIENT_CONFIRMATION_OK"
23672,10411508063,10411508123,1,"IOTHUB_CLIENT_CONFIRMATION_OK"
23673,10411508263,10411508316,1,"IOTHUB_CLIENT_CONFIRMATION_OK"
23674,10411508463,10411508536,1,"IOTHUB_CLIENT_CONFIRMATION_OK"
23675,10411508663,10411508717,1,"IOTHUB_CLIENT_CONFIRMATION_OK"
23676,10411508864,10411508911,1,"IOTHUB_CLIENT_CONFIRMATION_OK"
23677,10411509064,10411509243,1,"IOTHUB_CLIENT_CONFIRMATION_OK"
23678,10411509264,10411509327,1,"IOTHUB_CLIENT_CONFIRMATION_OK"
23679,10411509464,10411509506,1,"IOTHUB_CLIENT_CONFIRMATION_OK"
23680,10411509664,10411509722,1,"IOTHUB_CLIENT_CONFIRMATION_OK"
23681,10411509864,10411509913,1,"IOTHUB_CLIENT_CONFIRMATION_OK"
23682,10411510065,10411510113,1,"IOTHUB_CLIENT_CONFIRMATION_OK"
23683,10411510265,10411510322,1,"IOTHUB_CLIENT_CONFIRMATION_OK"
23684,10411510465,10411510510,1,"IOTHUB_CLIENT_CONFIRMATION_OK"
23685,10411510665,10411510706,1,"IOTHUB_CLIENT_CONFIRMATION_OK"
23686,10411510865,10411510930,1,"IOTHUB_CLIENT_CONFIRMATION_OK"
23687,10411511065,10411511116,1,"IOTHUB_CLIENT_CONFIRMATION_OK"
23688,10411511265,10411511321,1,"IOTHUB_CLIENT_CONFIRMATION_OK"
23689,10411511466,10411511514,1,"IOTHUB_CLIENT_CONFIRMATION_OK"
23690,10411511666,10411511745,1,"IOTHUB_CLIENT_CONFIRMATION_OK"
23691,10411511866,10411511931,1,"IOTHUB_CLIENT_CONFIRMATION_OK"
23692,10411512066,10411512120,1,"IOTHUB_CLIENT_CONFIRMATION_OK"
23693,10411512266,10411512307,1,"IOTHUB_CLIENT_CONFIRMATION_OK"
23694,10411512466,10411512506,1,"IOTHUB_CLIENT_CONFIRMATION_OK"
23695,10411512667,10411512729,1,"IOTHUB_CLIENT_CONFIRMATION_OK"
23696,10411512867,10411512914,1,"IOTHUB_CLIENT_CONFIRMATION_OK"
23697,10411513067,10411513120,1,"IOTHUB_CLIENT_CONFIRMATION_OK"
23698,10411513267,10411513324,1,"IOTHUB_CLIENT_CONFIRMATION_OK"
23699,10411513467,10411513535,1,"IOTHUB_CLIENT_CONFIRMATION_OK"
23700,10411513667,10411513721,1,"IOTHUB_CLIENT_CONFIRMATION_OK"
23701,10411513867,10411513972,1,"IOTHUB_CLIENT_CONFIRMATION_OK"
23702,10411514068,10411514122,1,"IOTHUB_CLIENT_CONFIRMATION_OK"
23703,10411514268,10411514303,1,"IOTHUB_CLIENT_CONFIRMATION_OK"
23704,10411514468,10411514579,1,"IOTHUB_CLIENT_CONFIRMATION_OK"
23705,10411514668,10411514724,1,"IOTHUB_CLIENT_CONFIRMATION_OK"
23706,10411514868,10411514923,1,"IOTHUB_CLIENT_CONFIRMATION_OK"
23707,10411515068,10411515176,1,"IOTHUB_CLIENT_CONFIRMATION_OK"
23708,10411515269,10411515324,1,"IOTHUB_CLIENT_CONFIRMATION_OK"
23709,10411515469,10411515557,1,"IOTHUB_CLIENT_CONFIRMATION_OK"
23710,10411515669,10411515828,1,"IOTHUB_CLIENT_CONFIRMATION_OK"
23711,10411515869,10411515901,1,"IOTHUB_CLIENT_CONFIRMATION_OK"
23712,10411516069,10411516135,1,"IOTHUB_CLIENT_CONFIRMATION_OK"
23713,10411516269,10411516457,1,"IOTHUB_CLIENT_CONFIRMATION_OK"
23714,10411516470,10411516521,1,"IOTHUB_CLIENT_CONFIRMATION_OK"
23715,10411516670,10411516706,1,"IOTHUB_CLIENT_CONFIRMATION_OK"
23716,10411516870,10411516912,1,"IOTHUB_CLIENT_CONFIRMATION_OK"
23717,10411517070,10411517110,1,"IOTHUB_CLIENT_CONFIRMATION_OK"
23718,10411517270,10411517361,1,"IOTHUB_CLIENT_CONFIRMATION_OK"
23719,10411517470,10411517554,1,"IOTHUB_CLIENT_CONFIRMATION_OK"
23720,10411517670,10411517707,1,"IOTHUB_CLIENT_CONFIRMATION_OK"
23721,10411517871,10411517912,1,"IOTHUB_CLIENT_CONFIRMATION_OK"
23722,10411518071,10411518171,1,"IOTHUB_CLIENT_CONFIRMATION_OK"
23723,10411518271,10411518327,1,"IOTHUB_CLIENT_CONFIRMATION_OK"
23724,10411518471,10411518527,1,"IOTHUB_CLIENT_CONFIRMATION_OK"
23725,10411518671,10411518866,1,"IOTHUB_CLIENT_CONFIRMATION_OK"
23726,10411518871,10411518923,1,"IOTHUB_CLIENT_CONFIRMATION_OK"
23727,10411519072,10411519126,1,"IOTHUB_CLIENT_CONFIRMATION_OK"
23728,10411519272,10411519406,1,"IOTHUB_CLIENT_CONFIRMATION_OK"
23729,10411519472,10411519538,1,"IOTHUB_CLIENT_CONFIRMATION_OK"
23730,10411519672,10411519733,1,"IOTHUB_CLIENT_CONFIRMATION_OK"
23731,10411519872,10411520033,1,"IOTHUB_CLIENT_CONFIRMATION_OK"
23732,10411520072,10411520110,1,"IOTHUB_CLIENT_CONFIRMATION_OK"
23733,10411520273,10411520342,1,"IOTHUB_CLIENT_CONFIRMATION_OK"
23734,10411520473,10411520654,1,"IOTHUB_CLIENT_CONFIRMATION_OK"
23735,10411520673,10411520721,1,"IOTHUB_CLIENT_CONFIRMATION_OK"
23736,10411520873,10411521009,1,"IOTHUB_CLIENT_CONFIRMATION_OK"
23737,10411521073,10411521227,1,"IOTHUB_CLIENT_CONFIRMATION_OK"
23738,10411521273,10411521314,1,"IOTHUB_CLIENT_CONFIRMATION_OK"
23739,10411521473,10411521536,1,"IOTHUB_CLIENT_CONFIRMATION_OK"
23740,10411521674,10411521724,1,"IOTHUB_CLIENT_CONFIRMATION_OK"
23741,10411521874,10411521923,1,"IOTHUB_CLIENT_CONFIRMATION_OK"
23742,10411522074,10411522114,1,"IOTHUB_CLIENT_CONFIRMATION_OK"
23743,10411522274,10411522315,1,"IOTHUB_CLIENT_CONFIRMATION_OK"
23744,10411522474,10411522532,1,"IOTHUB_CLIENT_CONFIRMATION_OK"
23745,10411522674,10411522715,1,"IOTHUB_CLIENT_CONFIRMATION_OK"
23746,10411522875,10411522924,1,"IOTHUB_CLIENT_CONFIRMATION_OK"
23747,10411523075,10411523135,1,"IOTHUB_CLIENT_CONFIRMATION_OK"
23748,10411523275,10411523314,1,"IOTHUB_CLIENT_CONFIRMATION_OK"
23749,10411523475,10411523535,1,"IOTHUB_CLIENT_CONFIRMATION_OK"
23750,10411523675,10411523722,1,"IOTHUB_CLIENT_CONFIRMATION_OK"
23751,10411523875,10411523931,1,"IOTHUB_CLIENT_CONFIRMATION_OK"
23752,10411524076,10411524125,1,"IOTHUB_CLIENT_CONFIRMATION_OK"
23753,10411524276,10411524349,1,"IOTHUB_CLIENT_CONFIRMATION_OK"
23754,10411524476,10411524532,1,"IOTHUB_CLIENT_CONFIRMATION_OK"
23755,10411524676,10411524739,1,"IOTHUB_CLIENT_CONFIRMATION_OK"
23756,10411524876,10411524937,1,"IOTHUB_CLIENT_CONFIRMATION_OK"
23757,10411525076,10411525111,1,"IOTHUB_CLIENT_CONFIRMATION_OK"
23758,10411525276,10411525367,1,"IOTHUB_CLIENT_CONFIRMATION_OK"
23759,10411525477,10411525516,1,"IOTHUB_CLIENT_CONFIRMATION_OK"
23760,10411525677,10411525750,1,"IOTHUB_CLIENT_CONFIRMATION_OK"
23761,10411525877,10411526008,1,"IOTHUB_CLIENT_CONFIRMATION_OK"
23762,10411526077,10411526117,1,"IOTHUB_CLIENT_CONFIRMATION_OK"
23763,10411526277,10411526332,1,"IOTHUB_CLIENT_CONFIRMATION_OK"
23764,10411526477,10411526629,1,"IOTHUB_CLIENT_CONFIRMATION_OK"
23765,10411526678,10411526724,1,"IOTHUB_CLIENT_CONFIRMATION_OK"
23766,10411526878,10411526992,1,"IOTHUB_CLIENT_CONFIRMATION_OK"
23767,10411527078,10411527229,1,"IOTHUB_CLIENT_CONFIRMATION_OK"
23768,10411527278,10411527324,1,"IOTHUB_CLIENT_CONFIRMATION_OK"
23769,10411527478,10411527573,1,"IOTHUB_CLIENT_CONFIRMATION_OK"
23770,10411527678,10411527851,1,"IOTHUB_CLIENT_CONFIRMATION_OK"
23771,10411527878,10411527912,1,"IOTHUB_CLIENT_CONFIRMATION_OK"
23772,10411528079,10411528118,1,"IOTHUB_CLIENT_CONFIRMATION_OK"
23773,10411528279,10411528466,1,"IOTHUB_CLIENT_CONFIRMATION_OK"
23774,10411528479,10411528527,1,"IOTHUB_CLIENT_CONFIRMATION_OK"
23775,10411528679,10411528720,1,"IOTHUB_CLIENT_CONFIRMATION_OK"
23776,10411528879,10411529059,1,"IOTHUB_CLIENT_CONFIRMATION_OK"
23777,10411529079,10411529116,1,"IOTHUB_CLIENT_CONFIRMATION_OK"
23778,10411529280,10411529399,1,"IOTHUB_CLIENT_CONFIRMATION_OK"
23779,10411529480,10411529516,1,"IOTHUB_CLIENT_CONFIRMATION_OK"
23780,10411529680,10411529740,1,"IOTHUB_CLIENT_CONFIRMATION_OK"
23781,10411529880,10411529919,1,"IOTHUB_CLIENT_CONFIRMATION_OK"
23782,10411530080,10411530130,1,"IOTHUB_CLIENT_CONFIRMATION_OK"
23783,10411530280,10411530335,1,"IOTHUB_CLIENT_CONFIRMATION_OK"
23784,10411530481,10411530515,1,"IOTHUB_CLIENT_CONFIRMATION_OK"
23785,10411530681,10411530725,1,"IOTHUB_CLIENT_CONFIRMATION_OK"
23786,10411530881,10411530926,1,"IOTHUB_CLIENT_CONFIRMATION_OK"
23787,10411531081,10411531323,1,"IOTHUB_CLIENT_CONFIRMATION_OK"
23788,10411531281,10411531364,1,"IOTHUB_CLIENT_CONFIRMATION_OK"
23789,10411531481,10411531564,1,"IOTHUB_CLIENT_CONFIRMATION_OK"
23790,10411531681,10411531726,1,"IOTHUB_CLIENT_CONFIRMATION_OK"
23791,10411531882,10411531934,1,"IOTHUB_CLIENT_CONFIRMATION_OK"
23792,10411532082,10411532116,1,"IOTHUB_CLIENT_CONFIRMATION_OK"
23793,10411532282,10411532328,1,"IOTHUB_CLIENT_CONFIRMATION_OK"
23794,10411532482,10411532545,1,"IOTHUB_CLIENT_CONFIRMATION_OK"
23795,10411532682,10411532728,1,"IOTHUB_CLIENT_CONFIRMATION_OK"
23796,10411532882,10411532941,1,"IOTHUB_CLIENT_CONFIRMATION_OK"
23797,10411533083,10411533230,1,"IOTHUB_CLIENT_CONFIRMATION_OK"
23798,10411533283,10411533341,1,"IOTHUB_CLIENT_CONFIRMATION_OK"
23799,10411533483,10411533532,1,"IOTHUB_CLIENT_CONFIRMATION_OK"
23800,10411533683,10411533832,1,"IOTHUB_CLIENT_CONFIRMATION_OK"
23801,10411533883,10411533936,1,"IOTHUB_CLIENT_CONFIRMATION_OK"
23802,10411534083,10411534126,1,"IOTHUB_CLIENT_CONFIRMATION_OK"
23803,10411534283,10411534455,1,"IOTHUB_CLIENT_CONFIRMATION_OK"
23804,10411534484,10411534534,1,"IOTHUB_CLIENT_CONFIRMATION_OK"
23805,10411534684,10411534722,1,"IOTHUB_CLIENT_CONFIRMATION_OK"
23806,10411534884,10411535060,1,"IOTHUB_CLIENT_CONFIRMATION_OK"
23807,10411535084,10411535114,1,"IOTHUB_CLIENT_CONFIRMATION_OK"
23808,10411535284,10411535327,1,"IOTHUB_CLIENT_CONFIRMATION_OK"
23809,10411535484,10411535525,1,"IOTHUB_CLIENT_CONFIRMATION_OK"
23810,10411535685,10411535721,1,"IOTHUB_CLIENT_CONFIRMATION_OK"
23811,10411535885,10411535920,1,"IOTHUB_CLIENT_CONFIRMATION_OK"
23812,10411536085,10411536134,1,"IOTHUB_CLIENT_CONFIRMATION_OK"
23813,10411536285,10411536333,1,"IOTHUB_CLIENT_CONFIRMATION_OK"
23814,10411536485,10411536524,1,"IOTHUB_CLIENT_CONFIRMATION_OK"
23815,10411536685,10411536725,1,"IOTHUB_CLIENT_CONFIRMATION_OK"
23816,10411536885,10411536933,1,"IOTHUB_CLIENT_CONFIRMATION_OK"
23817,10411537086,10411537131,1,"IOTHUB_CLIENT_CONFIRMATION_OK"
23818,10411537286,10411537334,1,"IOTHUB_CLIENT_CONFIRMATION_OK"
23819,10411537486,10411537539,1,"IOTHUB_CLIENT_CONFIRMATION_OK"
23820,10411537686,10411537737,1,"IOTHUB_CLIENT_CONFIRMATION_OK"
23821,10411537886,10411538033,1,"IOTHUB_CLIENT_CONFIRMATION_OK"
23822,10411538086,10411538132,1,"IOTHUB_CLIENT_CONFIRMATION_OK"
23823,10411538287,10411538334,1,"IOTHUB_CLIENT_CONFIRMATION_OK"
23824,10411538487,10411538544,1,"IOTHUB_CLIENT_CONFIRMATION_OK"
23825,10411538687,10411538765,1,"IOTHUB_CLIENT_CONFIRMATION_OK"
23826,10411538887,10411538939,1,"IOTHUB_CLIENT_CONFIRMATION_OK"
23827,10411539087,10411539148,1,"IOTHUB_CLIENT_CONFIRMATION_OK"
23828,10411539287,10411539332,1,"IOTHUB_CLIENT_CONFIRMATION_OK"
23829,10411539487,10411539543,1,"IOTHUB_CLIENT_CONFIRMATION_OK"
23830,10411539688,10411539755,1,"IOTHUB_CLIENT_CONFIRMATION_OK"
23831,10411539888,10411539930,1,"IOTHUB_CLIENT_CONFIRMATION_OK"
23832,10411540088,10411540128,1,"IOTHUB_CLIENT_CONFIRMATION_OK"
23833,10411540288,10411540368,1,"IOTHUB_CLIENT_CONFIRMATION_OK"
23834,10411540488,10411540529,1,"IOTHUB_CLIENT_CONFIRMATION_OK"
23835,10411540688,10411540736,1,"IOTHUB_CLIENT_CONFIRMATION_OK"
23836,10411540889,10411541002,1,"IOTHUB_CLIENT_CONFIRMATION_OK"
23837,10411541089,10411541150,1,"IOTHUB_CLIENT_CONFIRMATION_OK"
23838,10411541289,10411541353,1,"IOTHUB_CLIENT_CONFIRMATION_OK"
23839,10411541489,10411541609,1,"IOTHUB_CLIENT_CONFIRMATION_OK"
23840,10411541689,10411541743,1,"IOTHUB_CLIENT_CONFIRMATION_OK"
23841,10411541889,10411541934,1,"IOTHUB_CLIENT_CONFIRMATION_OK"
23842,10411542089,10411542204,1,"IOTHUB_CLIENT_CONFIRMATION_OK"
23843,10411542290,10411542327,1,"IOTHUB_CLIENT_CONFIRMATION_OK"
23844,10411542490,10411542542,1,"IOTHUB_CLIENT_CONFIRMATION_OK"
23845,10411542690,10411542807,1,"IOTHUB_CLIENT_CONFIRMATION_OK"
23846,10411542890,10411542932,1,"IOTHUB_CLIENT_CONFIRMATION_OK"
23847,10411543090,10411543182,1,"IOTHUB_CLIENT_CONFIRMATION_OK"
23848,10411543290,10411543414,1,"IOTHUB_CLIENT_CONFIRMATION_OK"
23849,10411543490,10411543538,1,"IOTHUB_CLIENT_CONFIRMATION_OK"
23850,10411543691,10411543739,1,"IOTHUB_CLIENT_CONFIRMATION_OK"
23851,10411543891,10411544084,1,"IOTHUB_CLIENT_CONFIRMATION_OK"
23852,10411544091,10411544266,1,"IOTHUB_CLIENT_CONFIRMATION_OK"
23853,10411544291,10411544333,1,"IOTHUB_CLIENT_CONFIRMATION_OK"
23854,10411544491,10411544665,1,"IOTHUB_CLIENT_CONFIRMATION_OK"
23855,10411544691,10411544742,1,"IOTHUB_CLIENT_CONFIRMATION_OK"
23856,10411544892,10411544934,1,"IOTHUB_CLIENT_CONFIRMATION_OK"
23857,10411545092,10411545266,1,"IOTHUB_CLIENT_CONFIRMATION_OK"
23858,10411545292,10411545371,1,"IOTHUB_CLIENT_CONFIRMATION_OK"
23859,10411545492,10411545546,1,"IOTHUB_CLIENT_CONFIRMATION_OK"
23860,10411545692,10411545741,1,"IOTHUB_CLIENT_CONFIRMATION_OK"
23861,10411545892,10411545949,1,"IOTHUB_CLIENT_CONFIRMATION_OK"
23862,10411546092,10411546139,1,"IOTHUB_CLIENT_CONFIRMATION_OK"
23863,10411546293,10411546330,1,"IOTHUB_CLIENT_CONFIRMATION_OK"
23864,10411546493,10411546543,1,"IOTHUB_CLIENT_CONFIRMATION_OK"
23865,10411546693,10411546733,1,"IOTHUB_CLIENT_CONFIRMATION_OK"
23866,10411546893,10411546948,1,"IOTHUB_CLIENT_CONFIRMATION_OK"
23867,10411547093,10411547133,1,"IOTHUB_CLIENT_CONFIRMATION_OK"
23868,10411547293,10411547335,1,"IOTHUB_CLIENT_CONFIRMATION_OK"
23869,10411547493,10411547538,1,"IOTHUB_CLIENT_CONFIRMATION_OK"
23870,10411547694,10411547787,1,"IOTHUB_CLIENT_CONFIRMATION_OK"
23871,10411547894,10411547939,1,"IOTHUB_CLIENT_CONFIRMATION_OK"
23872,10411548094,10411548164,1,"IOTHUB_CLIENT_CONFIRMATION_OK"
23873,10411548294,10411548353,1,"IOTHUB_CLIENT_CONFIRMATION_OK"
23874,10411548494,10411548564,1,"IOTHUB_CLIENT_CONFIRMATION_OK"
23875,10411548694,10411548764,1,"IOTHUB_CLIENT_CONFIRMATION_OK"
23876,10411548895,10411548941,1,"IOTHUB_CLIENT_CONFIRMATION_OK"
23877,10411549095,10411549135,1,"IOTHUB_CLIENT_CONFIRMATION_OK"
23878,10411549295,10411549349,1,"IOTHUB_CLIENT_CONFIRMATION_OK"
23879,10411549495,10411549536,1,"IOTHUB_CLIENT_CONFIRMATION_OK"
23880,10411549695,10411549737,1,"IOTHUB_CLIENT_CONFIRMATION_OK"
23881,10411549896,10411549954,1,"IOTHUB_CLIENT_CONFIRMATION_OK"
23882,10411550096,10411550194,1,"IOTHUB_CLIENT_CONFIRMATION_OK"
23883,10411550296,10411550360,1,"IOTHUB_CLIENT_CONFIRMATION_OK"
23884,10411550496,10411550597,1,"IOTHUB_CLIENT_CONFIRMATION_OK"
23885,10411550696,10411550743,1,"IOTHUB_CLIENT_CONFIRMATION_OK"
23886,10411550896,10411551003,1,"IOTHUB_CLIENT_CONFIRMATION_OK"
23887,10411551097,10411551228,1,"IOTHUB_CLIENT_CONFIRMATION_OK"
23888,10411551297,10411551338,1,"IOTHUB_CLIENT_CONFIRMATION_OK"
23889,10411551497,10411551545,1,"IOTHUB_CLIENT_CONFIRMATION_OK"
23890,10411551697,10411551839,1,"IOTHUB_CLIENT_CONFIRMATION_OK"
23891,10411551897,10411551935,1,"IOTHUB_CLIENT_CONFIRMATION_OK"
23892,10411552097,10411552137,1,"IOTHUB_CLIENT_CONFIRMATION_OK"
23893,10411552298,10411552352,1,"IOTHUB_CLIENT_CONFIRMATION_OK"
23894,10411552498,10411552535,1,"IOTHUB_CLIENT_CONFIRMATION_OK"
23895,10411552698,10411552734,1,"IOTHUB_CLIENT_CONFIRMATION_OK"
23896,10411552898,10411552950,1,"IOTHUB_CLIENT_CONFIRMATION_OK"
23897,10411553098,10411553138,1,"IOTHUB_CLIENT_CONFIRMATION_OK"
23898,10411553298,10411553344,1,"IOTHUB_CLIENT_CONFIRMATION_OK"
23899,10411553498,10411553542,1,"IOTHUB_CLIENT_CONFIRMATION_OK"
23900,10411553699,10411553751,1,"IOTHUB_CLIENT_CONFIRMATION_OK"
23901,10411553899,10411553949,1,"IOTHUB_CLIENT_CONFIRMATION_OK"
23902,10411554099,10411554156,1,"IOTHUB_CLIENT_CONFIRMATION_OK"
23903,10411554299,10411554363,1,"IOTHUB_CLIENT_CONFIRMATION_OK"
23904,10411554499,10411554542,1,"IOTHUB_CLIENT_CONFIRMATION_OK"
23905,10411554699,10411554758,1,"IOTHUB_CLIENT_CONFIRMATION_OK"
23906,10411554900,10411554940,1,"IOTHUB_CLIENT_CONFIRMATION_OK"
23907,10411555100,10411555147,1,"IOTHUB_CLIENT_CONFIRMATION_OK"
23908,10411555300,10411555344,1,"IOTHUB_CLIENT_CONFIRMATION_OK"
23909,10411555500,10411555561,1,"IOTHUB_CLIENT_CONFIRMATION_OK"
23910,10411555700,10411555734,1,"IOTHUB_CLIENT_CONFIRMATION_OK"
23911,10411555900,10411555945,1,"IOTHUB_CLIENT_CONFIRMATION_OK"
23912,10411556100,10411556151,1,"IOTHUB_CLIENT_CONFIRMATION_OK"
23913,10411556301,10411556352,1,"IOTHUB_CLIENT_CONFIRMATION_OK"
23914,10411556501,10411556715,1,"IOTHUB_CLIENT_CONFIRMATION_OK"
23915,10411556701,10411556755,1,"IOTHUB_CLIENT_CONFIRMATION_OK"
23916,10411556901,10411556941,1,"IOTHUB_CLIENT_CONFIRMATION_OK"
23917,10411557101,10411557283,1,"IOTHUB_CLIENT_CONFIRMATION_OK"
23918,10411557301,10411557343,1,"IOTHUB_CLIENT_CONFIRMATION_OK"
23919,10411557502,10411557544,1,"IOTHUB_CLIENT_CONFIRMATION_OK"
23920,10411557702,10411557742,1,"IOTHUB_CLIENT_CONFIRMATION_OK"
23921,10411557902,10411557944,1,"IOTHUB_CLIENT_CONFIRMATION_OK"
23922,10411558102,10411558152,1,"IOTHUB_CLIENT_CONFIRMATION_OK"
23923,10411558302,10411558347,1,"IOTHUB_CLIENT_CONFIRMATION_OK"
23924,10411558502,10411558544,1,"IOTHUB_CLIENT_CONFIRMATION_OK"
23925,10411558703,10411558747,1,"IOTHUB_CLIENT_CONFIRMATION_OK"
23926,10411558903,10411558966,1,"IOTHUB_CLIENT_CONFIRMATION_OK"
23927,10411559103,10411559148,1,"IOTHUB_CLIENT_CONFIRMATION_OK"
23928,10411559303,10411559362,1,"IOTHUB_CLIENT_CONFIRMATION_OK"
23929,10411559503,10411559579,1,"IOTHUB_CLIENT_CONFIRMATION_OK"
23930,10411559703,10411559764,1,"IOTHUB_CLIENT_CONFIRMATION_OK"
23931,10411559903,10411560026,1,"IOTHUB_CLIENT_CONFIRMATION_OK"
23932,10411560104,10411560158,1,"IOTHUB_CLIENT_CONFIRMATION_OK"
23933,10411560304,10411560356,1,"IOTHUB_CLIENT_CONFIRMATION_OK"
23934,10411560504,10411560558,1,"IOTHUB_CLIENT_CONFIRMATION_OK"
23935,10411560704,10411560760,1,"IOTHUB_CLIENT_CONFIRMATION_OK"
23936,10411560904,10411560974,1,"IOTHUB_CLIENT_CONFIRMATION_OK"
23937,10411561104,10411561165,1,"IOTHUB_CLIENT_CONFIRMATION_OK"
23938,10411561305,10411561358,1,"IOTHUB_CLIENT_CONFIRMATION_OK"
23939,10411561505,10411561555,1,"IOTHUB_CLIENT_CONFIRMATION_OK"
23940,10411561705,10411561783,1,"IOTHUB_CLIENT_CONFIRMATION_OK"
23941,10411561905,10411561944,1,"IOTHUB_CLIENT_CONFIRMATION_OK"
23942,10411562105,10411562221,1,"IOTHUB_CLIENT_CONFIRMATION_OK"
23943,10411562305,10411562357,1,"IOTHUB_CLIENT_CONFIRMATION_OK"
23944,10411562505,10411562620,1,"IOTHUB_CLIENT_CONFIRMATION_OK"
23945,10411562706,10411562772,1,"IOTHUB_CLIENT_CONFIRMATION_OK"
23946,10411562906,10411563017,1,"IOTHUB_CLIENT_CONFIRMATION_OK"
23947,10411563106,10411563221,1,"IOTHUB_CLIENT_CONFIRMATION_OK"
23948,10411563306,10411563353,1,"IOTHUB_CLIENT_CONFIRMATION_OK"
23949,10411563506,10411563563,1,"IOTHUB_CLIENT_CONFIRMATION_OK"
23950,10411563706,10411563867,1,"IOTHUB_CLIENT_CONFIRMATION_OK"
23951,10411563906,10411563945,1,"IOTHUB_CLIENT_CONFIRMATION_OK"
23952,10411564107,10411564153,1,"IOTHUB_CLIENT_CONFIRMATION_OK"
23953,10411564307,10411564377,1,"IOTHUB_CLIENT_CONFIRMATION_OK"
23954,10411564507,10411564572,1,"IOTHUB_CLIENT_CONFIRMATION_OK"
23955,10411564707,10411564756,1,"IOTHUB_CLIENT_CONFIRMATION_OK"
23956,10411564907,10411564953,1,"IOTHUB_CLIENT_CONFIRMATION_OK"
23957,10411565107,10411565150,1,"IOTHUB_CLIENT_CONFIRMATION_OK"
23958,10411565308,10411565343,1,"IOTHUB_CLIENT_CONFIRMATION_OK"
23959,10411565508,10411565542,1,"IOTHUB_CLIENT_CONFIRMATION_OK"
23960,10411565708,10411565771,1,"IOTHUB_CLIENT_CONFIRMATION_OK"
23961,10411565908,10411565957,1,"IOTHUB_CLIENT_CONFIRMATION_OK"
23962,10411566108,10411566162,1,"IOTHUB_CLIENT_CONFIRMATION_OK"
23963,10411566308,10411566362,1,"IOTHUB_CLIENT_CONFIRMATION_OK"
23964,10411566508,10411566558,1,"IOTHUB_CLIENT_CONFIRMATION_OK"
23965,10411566709,10411566774,1,"IOTHUB_CLIENT_CONFIRMATION_OK"
23966,10411566909,10411566959,1,"IOTHUB_CLIENT_CONFIRMATION_OK"
23967,10411567109,10411567185,1,"IOTHUB_CLIENT_CONFIRMATION_OK"
23968,10411567309,10411567356,1,"IOTHUB_CLIENT_CONFIRMATION_OK"
23969,10411567509,10411567562,1,"IOTHUB_CLIENT_CONFIRMATION_OK"
23970,10411567709,10411567766,1,"IOTHUB_CLIENT_CONFIRMATION_OK"
23971,10411567909,10411567958,1,"IOTHUB_CLIENT_CONFIRMATION_OK"
23972,10411568110,10411568210,1,"IOTHUB_CLIENT_CONFIRMATION_OK"
23973,10411568310,10411568389,1,"IOTHUB_CLIENT_CONFIRMATION_OK"
23974,10411568510,10411568566,1,"IOTHUB_CLIENT_CONFIRMATION_OK"
23975,10411568710,10411568797,1,"IOTHUB_CLIENT_CONFIRMATION_OK"
23976,10411568910,10411568960,1,"IOTHUB_CLIENT_CONFIRMATION_OK"
23977,10411569110,10411569163,1,"IOTHUB_CLIENT_CONFIRMATION_OK"
23978,10411569311,10411569352,1,"IOTHUB_CLIENT_CONFIRMATION_OK"
23979,10411569511,10411569556,1,"IOTHUB_CLIENT_CONFIRMATION_OK"
23980,10411569711,10411569766,1,"IOTHUB_CLIENT_CONFIRMATION_OK"
23981,10411569911,10411570065,1,"IOTHUB_CLIENT_CONFIRMATION_OK"
23982,10411570111,10411570160,1,"IOTHUB_CLIENT_CONFIRMATION_OK"
23983,10411570311,10411570354,1,"IOTHUB_CLIENT_CONFIRMATION_OK"
23984,10411570512,10411570585,1,"IOTHUB_CLIENT_CONFIRMATION_OK"
23985,10411570712,10411570777,1,"IOTHUB_CLIENT_CONFIRMATION_OK"
23986,10411570912,10411570977,1,"IOTHUB_CLIENT_CONFIRMATION_OK"
23987,10411571112,10411571186,1,"IOTHUB_CLIENT_CONFIRMATION_OK"
23988,10411571312,10411571389,1,"IOTHUB_CLIENT_CONFIRMATION_OK"
23989,10411571512,10411571577,1,"IOTHUB_CLIENT_CONFIRMATION_OK"
23990,10411571712,10411571767,1,"IOTHUB_CLIENT_CONFIRMATION_OK"
23991,10411571913,10411571958,1,"IOTHUB_CLIENT_CONFIRMATION_OK"
23992,10411572113,10411572203,1,"IOTHUB_CLIENT_CONFIRMATION_OK"
23993,10411572313,10411572351,1,"IOTHUB_CLIENT_CONFIRMATION_OK"
23994,10411572513,10411572567,1,"IOTHUB_CLIENT_CONFIRMATION_OK"
23995,10411572713,10411572825,1,"IOTHUB_CLIENT_CONFIRMATION_OK"
23996,10411572913,10411572959,1,"IOTHUB_CLIENT_CONFIRMATION_OK"
23997,10411573114,10411573310,1,"IOTHUB_CLIENT_CONFIRMATION_OK"
23998,10411573314,10411573519,1,"IOTHUB_CLIENT_CONFIRMATION_OK"
23999,10411573514,10411573637,1,"IOTHUB_CLIENT_CONFIRMATION_OK"
24000,10411573714,10411573797,1,"IOTHUB_CLIENT_CONFIRMATION_OK"
24001,10411573914,10411574052,1,"IOTHUB_CLIENT_CONFIRMATION_OK"
24002,10411574114,10411574166,1,"IOTHUB_CLIENT_CONFIRMATION_OK"
24003,10411574315,10411574369,1,"IOTHUB_CLIENT_CONFIRMATION_OK"
24004,10411574515,10411574632,1,"IOTHUB_CLIENT_CONFIRMATION_OK"
24005,10411574715,10411574774,1,"IOTHUB_CLIENT_CONFIRMATION_OK"
24006,10411574915,10411574983,1,"IOTHUB_CLIENT_CONFIRMATION_OK"
24007,10411575115,10411575251,1,"IOTHUB_CLIENT_CONFIRMATION_OK"
24008,10411575315,10411575361,1,"IOTHUB_CLIENT_CONFIRMATION_OK"
24009,10411575515,10411575577,1,"IOTHUB_CLIENT_CONFIRMATION_OK"
24010,10411575716,10411575831,1,"IOTHUB_CLIENT_CONFIRMATION_OK"
24011,10411575916,10411576033,1,"IOTHUB_CLIENT_CONFIRMATION_OK"
24012,10411576116,10411576176,1,"IOTHUB_CLIENT_CONFIRMATION_OK"
24013,10411576316,10411576356,1,"IOTHUB_CLIENT_CONFIRMATION_OK"
24014,10411576516,10411576567,1,"IOTHUB_CLIENT_CONFIRMATION_OK"
24015,10411576716,10411576818,1,"IOTHUB_CLIENT_CONFIRMATION_OK"
24016,10411576916,10411576957,1,"IOTHUB_CLIENT_CONFIRMATION_OK"
24017,10411577117,10411577162,1,"IOTHUB_CLIENT_CONFIRMATION_OK"
24018,10411577317,10411577422,1,"IOTHUB_CLIENT_CONFIRMATION_OK"
24019,10411577517,10411577587,1,"IOTHUB_CLIENT_CONFIRMATION_OK"
24020,10411577717,10411577785,1,"IOTHUB_CLIENT_CONFIRMATION_OK"
24021,10411577917,10411577967,1,"IOTHUB_CLIENT_CONFIRMATION_OK"
24022,10411578117,10411578722,1,"IOTHUB_CLIENT_CONFIRMATION_OK"
24023,10411578318,10411578845,1,"IOTHUB_CLIENT_CONFIRMATION_OK"
24024,10411578518,10411578986,1,"IOTHUB_CLIENT_CONFIRMATION_OK"
24025,10411578718,10411579143,1,"IOTHUB_CLIENT_CONFIRMATION_OK"
24026,10411578918,10411579279,1,"IOTHUB_CLIENT_CONFIRMATION_OK"
24027,10411579118,10411579394,1,"IOTHUB_CLIENT_CONFIRMATION_OK"
24028,10411579318,10411579459,1,"IOTHUB_CLIENT_CONFIRMATION_OK"
24029,10411579519,10411579567,1,"IOTHUB_CLIENT_CONFIRMATION_OK"
24030,10411579719,10411579782,1,"IOTHUB_CLIENT_CONFIRMATION_OK"
24031,10411579919,10411579965,1,"IOTHUB_CLIENT_CONFIRMATION_OK"
24032,10411580119,10411580179,1,"IOTHUB_CLIENT_CONFIRMATION_OK"
24033,10411580319,10411580404,1,"IOTHUB_CLIENT_CONFIRMATION_OK"
24034,10411580519,10411580575,1,"IOTHUB_CLIENT_CONFIRMATION_OK"
24035,10411580719,10411580755,1,"IOTHUB_CLIENT_CONFIRMATION_OK"
24036,10411580920,10411580984,1,"IOTHUB_CLIENT_CONFIRMATION_OK"
24037,10411581120,10411581245,1,"IOTHUB_CLIENT_CONFIRMATION_OK"
24038,10411581320,10411581378,1,"IOTHUB_CLIENT_CONFIRMATION_OK"
24039,10411581520,10411581564,1,"IOTHUB_CLIENT_CONFIRMATION_OK"
24040,10411581720,10411581878,1,"IOTHUB_CLIENT_CONFIRMATION_OK"
24041,10411581920,10411581963,1,"IOTHUB_CLIENT_CONFIRMATION_OK"
24042,10411582121,10411582162,1,"IOTHUB_CLIENT_CONFIRMATION_OK"
24043,10411582321,10411582355,1,"IOTHUB_CLIENT_CONFIRMATION_OK"
24044,10411582521,10411582566,1,"IOTHUB_CLIENT_CONFIRMATION_OK"
24045,10411582721,10411582765,1,"IOTHUB_CLIENT_CONFIRMATION_OK"
24046,10411582921,10411583005,1,"IOTHUB_CLIENT_CONFIRMATION_OK"
24047,10411583121,10411583213,1,"IOTHUB_CLIENT_CONFIRMATION_OK"
24048,10411583321,10411583362,1,"IOTHUB_CLIENT_CONFIRMATION_OK"
24049,10411583522,10411583611,1,"IOTHUB_CLIENT_CONFIRMATION_OK"
24050,10411583722,10411583768,1,"IOTHUB_CLIENT_CONFIRMATION_OK"
24051,10411583922,10411583964,1,"IOTHUB_CLIENT_CONFIRMATION_OK"
24052,10411584122,10411584208,1,"IOTHUB_CLIENT_CONFIRMATION_OK"
24053,10411584322,10411584374,1,"IOTHUB_CLIENT_CONFIRMATION_OK"
24054,10411584522,10411584582,1,"IOTHUB_CLIENT_CONFIRMATION_OK"
24055,10411584723,10411584778,1,"IOTHUB_CLIENT_CONFIRMATION_OK"
24056,10411584923,10411584982,1,"IOTHUB_CLIENT_CONFIRMATION_OK"
24057,10411585123,10411585181,1,"IOTHUB_CLIENT_CONFIRMATION_OK"
24058,10411585323,10411585374,1,"IOTHUB_CLIENT_CONFIRMATION_OK"
24059,10411585523,10411585579,1,"IOTHUB_CLIENT_CONFIRMATION_OK"
24060,10411585723,10411585761,1,"IOTHUB_CLIENT_CONFIRMATION_OK"
24061,10411585924,10411585982,1,"IOTHUB_CLIENT_CONFIRMATION_OK"
24062,10411586124,10411586179,1,"IOTHUB_CLIENT_CONFIRMATION_OK"
24063,10411586324,10411586533,1,"IOTHUB_CLIENT_CONFIRMATION_OK"
24064,10411586524,10411586596,1,"IOTHUB_CLIENT_CONFIRMATION_OK"
24065,10411586724,10411586778,1,"IOTHUB_CLIENT_CONFIRMATION_OK"
24066,10411586924,10411587048,1,"IOTHUB_CLIENT_CONFIRMATION_OK"
24067,10411587125,10411587171,1,"IOTHUB_CLIENT_CONFIRMATION_OK"
24068,10411587325,10411587379,1,"IOTHUB_CLIENT_CONFIRMATION_OK"
24069,10411587525,10411587594,1,"IOTHUB_CLIENT_CONFIRMATION_OK"
24070,10411587725,10411587776,1,"IOTHUB_CLIENT_CONFIRMATION_OK"
24071,10411587925,10411587969,1,"IOTHUB_CLIENT_CONFIRMATION_OK"
24072,10411588125,10411588164,1,"IOTHUB_CLIENT_CONFIRMATION_OK"
24073,10411588325,10411588398,1,"IOTHUB_CLIENT_CONFIRMATION_OK"
24074,10411588526,10411588608,1,"IOTHUB_CLIENT_CONFIRMATION_OK"
24075,10411588726,10411588790,1,"IOTHUB_CLIENT_CONFIRMATION_OK"
24076,10411588926,10411589010,1,"IOTHUB_CLIENT_CONFIRMATION_OK"
24077,10411589126,10411589174,1,"IOTHUB_CLIENT_CONFIRMATION_OK"
24078,10411589326,10411589364,1,"IOTHUB_CLIENT_CONFIRMATION_OK"
24079,10411589526,10411589627,1,"IOTHUB_CLIENT_CONFIRMATION_OK"
24080,10411589727,10411589779,1,"IOTHUB_CLIENT_CONFIRMATION_OK"
24081,10411589927,10411589975,1,"IOTHUB_CLIENT_CONFIRMATION_OK"
24082,10411590127,10411590222,1,"IOTHUB_CLIENT_CONFIRMATION_OK"
24083,10411590327,10411590373,1,"IOTHUB_CLIENT_CONFIRMATION_OK"
24084,10411590527,10411590567,1,"IOTHUB_CLIENT_CONFIRMATION_OK"
24085,10411590727,10411590875,1,"IOTHUB_CLIENT_CONFIRMATION_OK"
24086,10411590928,10411590970,1,"IOTHUB_CLIENT_CONFIRMATION_OK"
24087,10411591128,10411591186,1,"IOTHUB_CLIENT_CONFIRMATION_OK"
24088,10411591328,10411591383,1,"IOTHUB_CLIENT_CONFIRMATION_OK"
24089,10411591528,10411591596,1,"IOTHUB_CLIENT_CONFIRMATION_OK"
24090,10411591728,10411591768,1,"IOTHUB_CLIENT_CONFIRMATION_OK"
24091,10411591928,10411591980,1,"IOTHUB_CLIENT_CONFIRMATION_OK"
24092,10411592128,10411592250,1,"IOTHUB_CLIENT_CONFIRMATION_OK"
24093,10411592329,10411592378,1,"IOTHUB_CLIENT_CONFIRMATION_OK"
24094,10411592529,10411592561,1,"IOTHUB_CLIENT_CONFIRMATION_OK"
24095,10411592729,10411592768,1,"IOTHUB_CLIENT_CONFIRMATION_OK"
24096,10411592929,10411592973,1,"IOTHUB_CLIENT_CONFIRMATION_OK"
24097,10411593129,10411593172,1,"IOTHUB_CLIENT_CONFIRMATION_OK"
24098,10411593329,10411593372,1,"IOTHUB_CLIENT_CONFIRMATION_OK"
24099,10411593529,10411593617,1,"IOTHUB_CLIENT_CONFIRMATION_OK"
24100,10411593730,10411593792,1,"IOTHUB_CLIENT_CONFIRMATION_OK"
24101,10411593930,10411593976,1,"IOTHUB_CLIENT_CONFIRMATION_OK"
24102,10411594130,10411594206,1,"IOTHUB_CLIENT_CONFIRMATION_OK"
24103,10411594330,10411594382,1,"IOTHUB_CLIENT_CONFIRMATION_OK"
24104,10411594530,10411594568,1,"IOTHUB_CLIENT_CONFIRMATION_OK"
24105,10411594730,10411594768,1,"IOTHUB_CLIENT_CONFIRMATION_OK"
24106,10411594931,10411594985,1,"IOTHUB_CLIENT_CONFIRMATION_OK"
24107,10411595131,10411595196,1,"IOTHUB_CLIENT_CONFIRMATION_OK"
24108,10411595331,10411595367,1,"IOTHUB_CLIENT_CONFIRMATION_OK"
24109,10411595531,10411595622,1,"IOTHUB_CLIENT_CONFIRMATION_OK"
24110,10411595731,10411595820,1,"IOTHUB_CLIENT_CONFIRMATION_OK"
24111,10411595931,10411595986,1,"IOTHUB_CLIENT_CONFIRMATION_OK"
24112,10411596132,10411596199,1,"IOTHUB_CLIENT_CONFIRMATION_OK"
24113,10411596332,10411596392,1,"IOTHUB_CLIENT_CONFIRMATION_OK"
24114,10411596532,10411596608,1,"IOTHUB_CLIENT_CONFIRMATION_OK"
24115,10411596732,10411596802,1,"IOTHUB_CLIENT_CONFIRMATION_OK"
24116,10411596932,10411596970,1,"IOTHUB_CLIENT_CONFIRMATION_OK"
24117,10411597132,10411597168,1,"IOTHUB_CLIENT_CONFIRMATION_OK"
24118,10411597332,10411597368,1,"IOTHUB_CLIENT_CONFIRMATION_OK"
24119,10411597533,10411597578,1,"IOTHUB_CLIENT_CONFIRMATION_OK"
24120,10411597733,10411597771,1,"IOTHUB_CLIENT_CONFIRMATION_OK"
24121,10411597933,10411597997,1,"IOTHUB_CLIENT_CONFIRMATION_OK"
24122,10411598133,10411598174,1,"IOTHUB_CLIENT_CONFIRMATION_OK"
24123,10411598333,10411598375,1,"IOTHUB_CLIENT_CONFIRMATION_OK"
24124,10411598533,10411598576,1,"IOTHUB_CLIENT_CONFIRMATION_OK"
24125,10411598734,10411598775,1,"IOTHUB_CLIENT_CONFIRMATION_OK"
24126,10411598934,10411599004,1,"IOTHUB_CLIENT_CONFIRMATION_OK"
24127,10411599134,10411599209,1,"IOTHUB_CLIENT_CONFIRMATION_OK"
24128,10411599334,10411599400,1,"IOTHUB_CLIENT_CONFIRMATION_OK"
24129,10411599534,10411599587,1,"IOTHUB_CLIENT_CONFIRMATION_OK"
24130,10411599734,10411599812,1,"IOTHUB_CLIENT_CONFIRMATION_OK"
24131,10411599934,10411600033,1,"IOTHUB_CLIENT_CONFIRMATION_OK"
24132,10411600135,10411600189,1,"IOTHUB_CLIENT_CONFIRMATION_OK"
24133,10411600335,10411600462,1,"IOTHUB_CLIENT_CONFIRMATION_OK"
24134,10411600535,10411600575,1,"IOTHUB_CLIENT_CONFIRMATION_OK"
24135,10411600735,10411600816,1,"IOTHUB_CLIENT_CONFIRMATION_OK"
24136,10411600935,10411601014,1,"IOTHUB_CLIENT_CONFIRMATION_OK"
24137,10411601135,10411601241,1,"IOTHUB_CLIENT_CONFIRMATION_OK"
24138,10411601336,10411601380,1,"IOTHUB_CLIENT_CONFIRMATION_OK"
24139,10411601536,10411601604,1,"IOTHUB_CLIENT_CONFIRMATION_OK"
24140,10411601736,10411601785,1,"IOTHUB_CLIENT_CONFIRMATION_OK"
24141,10411601936,10411602011,1,"IOTHUB_CLIENT_CONFIRMATION_OK"
24142,10411602136,10411602198,1,"IOTHUB_CLIENT_CONFIRMATION_OK"
24143,10411602336,10411602378,1,"IOTHUB_CLIENT_CONFIRMATION_OK"
24144,10411602536,10411602609,1,"IOTHUB_CLIENT_CONFIRMATION_OK"
24145,10411602737,10411602781,1,"IOTHUB_CLIENT_CONFIRMATION_OK"
24146,10411602937,10411602978,1,"IOTHUB_CLIENT_CONFIRMATION_OK"
24147,10411603137,10411603187,1,"IOTHUB_CLIENT_CONFIRMATION_OK"
24148,10411603337,10411603431,1,"IOTHUB_CLIENT_CONFIRMATION_OK"
24149,10411603537,10411603590,1,"IOTHUB_CLIENT_CONFIRMATION_OK"
24150,10411603737,10411603777,1,"IOTHUB_CLIENT_CONFIRMATION_OK"
24151,10411603937,10411603974,1,"IOTHUB_CLIENT_CONFIRMATION_OK"
24152,10411604138,10411604200,1,"IOTHUB_CLIENT_CONFIRMATION_OK"
24153,10411604338,10411604389,1,"IOTHUB_CLIENT_CONFIRMATION_OK"
24154,10411604538,10411604581,1,"IOTHUB_CLIENT_CONFIRMATION_OK"
24155,10411604738,10411604783,1,"IOTHUB_CLIENT_CONFIRMATION_OK"
24156,10411604938,10411604973,1,"IOTHUB_CLIENT_CONFIRMATION_OK"
24157,10411605138,10411605173,1,"IOTHUB_CLIENT_CONFIRMATION_OK"
24158,10411605339,10411605383,1,"IOTHUB_CLIENT_CONFIRMATION_OK"
24159,10411605539,10411605607,1,"IOTHUB_CLIENT_CONFIRMATION_OK"
24160,10411605739,10411605797,1,"IOTHUB_CLIENT_CONFIRMATION_OK"
24161,10411605939,10411605980,1,"IOTHUB_CLIENT_CONFIRMATION_OK"
24162,10411606139,10411606187,1,"IOTHUB_CLIENT_CONFIRMATION_OK"
24163,10411606339,10411606393,1,"IOTHUB_CLIENT_CONFIRMATION_OK"
24164,10411606539,10411606581,1,"IOTHUB_CLIENT_CONFIRMATION_OK"
24165,10411606740,10411606866,1,"IOTHUB_CLIENT_CONFIRMATION_OK"
24166,10411606940,10411606992,1,"IOTHUB_CLIENT_CONFIRMATION_OK"
24167,10411607140,10411607237,1,"IOTHUB_CLIENT_CONFIRMATION_OK"
24168,10411607340,10411607378,1,"IOTHUB_CLIENT_CONFIRMATION_OK"
24169,10411607540,10411607593,1,"IOTHUB_CLIENT_CONFIRMATION_OK"
24170,10411607740,10411607800,1,"IOTHUB_CLIENT_CONFIRMATION_OK"
24171,10411607943,10411607982,1,"IOTHUB_CLIENT_CONFIRMATION_OK"
24172,10411608143,10411608208,1,"IOTHUB_CLIENT_CONFIRMATION_OK"
24173,10411608343,10411608410,1,"IOTHUB_CLIENT_CONFIRMATION_OK"
24174,10411608543,10411608596,1,"IOTHUB_CLIENT_CONFIRMATION_OK"
24175,10411608743,10411608803,1,"IOTHUB_CLIENT_CONFIRMATION_OK"
24176,10411608943,10411608983,1,"IOTHUB_CLIENT_CONFIRMATION_OK"
24177,10411609144,10411609191,1,"IOTHUB_CLIENT_CONFIRMATION_OK"
24178,10411609344,10411609380,1,"IOTHUB_CLIENT_CONFIRMATION_OK"
24179,10411609544,10411609615,1,"IOTHUB_CLIENT_CONFIRMATION_OK"
24180,10411609744,10411609804,1,"IOTHUB_CLIENT_CONFIRMATION_OK"
24181,10411609944,10411610052,1,"IOTHUB_CLIENT_CONFIRMATION_OK"
24182,10411610144,10411610218,1,"IOTHUB_CLIENT_CONFIRMATION_OK"
24183,10411610344,10411610389,1,"IOTHUB_CLIENT_CONFIRMATION_OK"
24184,10411610545,10411610615,1,"IOTHUB_CLIENT_CONFIRMATION_OK"
24185,10411610745,10411610786,1,"IOTHUB_CLIENT_CONFIRMATION_OK"
24186,10411610945,10411610986,1,"IOTHUB_CLIENT_CONFIRMATION_OK"
24187,10411611145,10411611188,1,"IOTHUB_CLIENT_CONFIRMATION_OK"
24188,10411611345,10411611392,1,"IOTHUB_CLIENT_CONFIRMATION_OK"
24189,10411611545,10411611626,1,"IOTHUB_CLIENT_CONFIRMATION_OK"
24190,10411611746,10411611801,1,"IOTHUB_CLIENT_CONFIRMATION_OK"
24191,10411611946,10411611994,1,"IOTHUB_CLIENT_CONFIRMATION_OK"
24192,10411612146,10411612190,1,"IOTHUB_CLIENT_CONFIRMATION_OK"
24193,10411612346,10411612422,1,"IOTHUB_CLIENT_CONFIRMATION_OK"
24194,10411612546,10411612592,1,"IOTHUB_CLIENT_CONFIRMATION_OK"
24195,10411612746,10411612795,1,"IOTHUB_CLIENT_CONFIRMATION_OK"
24196,10411612947,10411613003,1,"IOTHUB_CLIENT_CONFIRMATION_OK"
24197,10411613147,10411613202,1,"IOTHUB_CLIENT_CONFIRMATION_OK"
24198,10411613347,10411613389,1,"IOTHUB_CLIENT_CONFIRMATION_OK"
24199,10411613547,10411613591,1,"IOTHUB_CLIENT_CONFIRMATION_OK"
24200,10411613747,10411613796,1,"IOTHUB_CLIENT_CONFIRMATION_OK"
24201,10411613947,10411613993,1,"IOTHUB_CLIENT_CONFIRMATION_OK"
24202,10411614147,10411614195,1,"IOTHUB_CLIENT_CONFIRMATION_OK"
24203,10411614348,10411614379,1,"IOTHUB_CLIENT_CONFIRMATION_OK"
24204,10411614548,10411614591,1,"IOTHUB_CLIENT_CONFIRMATION_OK"
24205,10411614748,10411614787,1,"IOTHUB_CLIENT_CONFIRMATION_OK"
24206,10411614948,10411615004,1,"IOTHUB_CLIENT_CONFIRMATION_OK"
24207,10411615148,10411615221,1,"IOTHUB_CLIENT_CONFIRMATION_OK"
24208,10411615348,10411615407,1,"IOTHUB_CLIENT_CONFIRMATION_OK"
24209,10411615549,10411615628,1,"IOTHUB_CLIENT_CONFIRMATION_OK"
24210,10411615749,10411615806,1,"IOTHUB_CLIENT_CONFIRMATION_OK"
24211,10411615949,10411616003,1,"IOTHUB_CLIENT_CONFIRMATION_OK"
24212,10411616149,10411616281,1,"IOTHUB_CLIENT_CONFIRMATION_OK"
24213,10411616349,10411616387,1,"IOTHUB_CLIENT_CONFIRMATION_OK"
24214,10411616549,10411616618,1,"IOTHUB_CLIENT_CONFIRMATION_OK"
24215,10411616750,10411616804,1,"IOTHUB_CLIENT_CONFIRMATION_OK"
24216,10411616950,10411616999,1,"IOTHUB_CLIENT_CONFIRMATION_OK"
24217,10411617150,10411617195,1,"IOTHUB_CLIENT_CONFIRMATION_OK"
24218,10411617350,10411617395,1,"IOTHUB_CLIENT_CONFIRMATION_OK"
24219,10411617550,10411617604,1,"IOTHUB_CLIENT_CONFIRMATION_OK"
24220,10411617750,10411617813,1,"IOTHUB_CLIENT_CONFIRMATION_OK"
24221,10411617950,10411618030,1,"IOTHUB_CLIENT_CONFIRMATION_OK"
24222,10411618151,10411618192,1,"IOTHUB_CLIENT_CONFIRMATION_OK"
24223,10411618351,10411618386,1,"IOTHUB_CLIENT_CONFIRMATION_OK"
24224,10411618551,10411618593,1,"IOTHUB_CLIENT_CONFIRMATION_OK"
24225,10411618751,10411618787,1,"IOTHUB_CLIENT_CONFIRMATION_OK"
24226,10411618951,10411618990,1,"IOTHUB_CLIENT_CONFIRMATION_OK"
24227,10411619151,10411619230,1,"IOTHUB_CLIENT_CONFIRMATION_OK"
24228,10411619352,10411619394,1,"IOTHUB_CLIENT_CONFIRMATION_OK"
24229,10411619552,10411619594,1,"IOTHUB_CLIENT_CONFIRMATION_OK"
24230,10411619752,10411619803,1,"IOTHUB_CLIENT_CONFIRMATION_OK"
24231,10411619952,10411619998,1,"IOTHUB_CLIENT_CONFIRMATION_OK"
24232,10411620152,10411620198,1,"IOTHUB_CLIENT_CONFIRMATION_OK"
24233,10411620352,10411620421,1,"IOTHUB_CLIENT_CONFIRMATION_OK"
24234,10411620553,10411620605,1,"IOTHUB_CLIENT_CONFIRMATION_OK"
24235,10411620753,10411620791,1,"IOTHUB_CLIENT_CONFIRMATION_OK"
24236,10411620953,10411620994,1,"IOTHUB_CLIENT_CONFIRMATION_OK"
24237,10411621153,10411621200,1,"IOTHUB_CLIENT_CONFIRMATION_OK"
24238,10411621353,10411621416,1,"IOTHUB_CLIENT_CONFIRMATION_OK"
24239,10411621553,10411621594,1,"IOTHUB_CLIENT_CONFIRMATION_OK"
24240,10411621753,10411622003,1,"IOTHUB_CLIENT_CONFIRMATION_OK"
24241,10411621954,10411622147,1,"IOTHUB_CLIENT_CONFIRMATION_OK"
24242,10411622154,10411622195,1,"IOTHUB_CLIENT_CONFIRMATION_OK"
24243,10411622354,10411622447,1,"IOTHUB_CLIENT_CONFIRMATION_OK"
24244,10411622554,10411622604,1,"IOTHUB_CLIENT_CONFIRMATION_OK"
24245,10411622754,10411622806,1,"IOTHUB_CLIENT_CONFIRMATION_OK"
24246,10411622954,10411623039,1,"IOTHUB_CLIENT_CONFIRMATION_OK"
24247,10411623154,10411623191,1,"IOTHUB_CLIENT_CONFIRMATION_OK"
24248,10411623355,10411623396,1,"IOTHUB_CLIENT_CONFIRMATION_OK"
24249,10411623555,10411623600,1,"IOTHUB_CLIENT_CONFIRMATION_OK"
24250,10411623755,10411623822,1,"IOTHUB_CLIENT_CONFIRMATION_OK"
24251,10411623955,10411624001,1,"IOTHUB_CLIENT_CONFIRMATION_OK"
24252,10411624155,10411624197,1,"IOTHUB_CLIENT_CONFIRMATION_OK"
24253,10411624355,10411624420,1,"IOTHUB_CLIENT_CONFIRMATION_OK"
24254,10411624555,10411624598,1,"IOTHUB_CLIENT_CONFIRMATION_OK"
24255,10411624756,10411624837,1,"IOTHUB_CLIENT_CONFIRMATION_OK"
24256,10411624956,10411624999,1,"IOTHUB_CLIENT_CONFIRMATION_OK"
24257,10411625156,10411625199,1,"IOTHUB_CLIENT_CONFIRMATION_OK"
24258,10411625356,10411625390,1,"IOTHUB_CLIENT_CONFIRMATION_OK"
24259,10411625556,10411625603,1,"IOTHUB_CLIENT_CONFIRMATION_OK"
24260,10411625756,10411625788,1,"IOTHUB_CLIENT_CONFIRMATION_OK"
24261,10411625957,10411626006,1,"IOTHUB_CLIENT_CONFIRMATION_OK"
24262,10411626157,10411626199,1,"IOTHUB_CLIENT_CONFIRMATION_OK"
24263,10411626357,10411626398,1,"IOTHUB_CLIENT_CONFIRMATION_OK"
24264,10411626557,10411626595,1,"IOTHUB_CLIENT_CONFIRMATION_OK"
24265,10411626757,10411626799,1,"IOTHUB_CLIENT_CONFIRMATION_OK"
24266,10411626957,10411626994,1,"IOTHUB_CLIENT_CONFIRMATION_OK"
24267,10411627157,10411627205,1,"IOTHUB_CLIENT_CONFIRMATION_OK"
24268,10411627358,10411627414,1,"IOTHUB_CLIENT_CONFIRMATION_OK"
24269,10411627558,10411627600,1,"IOTHUB_CLIENT_CONFIRMATION_OK"
24270,10411627758,10411627798,1,"IOTHUB_CLIENT_CONFIRMATION_OK"
24271,10411627958,10411627992,1,"IOTHUB_CLIENT_CONFIRMATION_OK"
24272,10411628158,10411628359,1,"IOTHUB_CLIENT_CONFIRMATION_OK"
24273,10411628358,10411628419,1,"IOTHUB_CLIENT_CONFIRMATION_OK"
24274,10411628559,10411628600,1,"IOTHUB_CLIENT_CONFIRMATION_OK"
24275,10411628759,10411628803,1,"IOTHUB_CLIENT_CONFIRMATION_OK"
24276,10411628959,10411629010,1,"IOTHUB_CLIENT_CONFIRMATION_OK"
24277,10411629159,10411629209,1,"IOTHUB_CLIENT_CONFIRMATION_OK"
24278,10411629359,10411629412,1,"IOTHUB_CLIENT_CONFIRMATION_OK"
24279,10411629559,10411629608,1,"IOTHUB_CLIENT_CONFIRMATION_OK"
24280,10411629759,10411629796,1,"IOTHUB_CLIENT_CONFIRMATION_OK"
24281,10411629960,10411629997,1,"IOTHUB_CLIENT_CONFIRMATION_OK"
24282,10411630160,10411630212,1,"IOTHUB_CLIENT_CONFIRMATION_OK"
24283,10411630360,10411630402,1,"IOTHUB_CLIENT_CONFIRMATION_OK"
24284,10411630560,10411630607,1,"IOTHUB_CLIENT_CONFIRMATION_OK"
24285,10411630760,10411630824,1,"IOTHUB_CLIENT_CONFIRMATION_OK"
24286,10411630960,10411631103,1,"IOTHUB_CLIENT_CONFIRMATION_OK"
24287,10411631161,10411631218,1,"IOTHUB_CLIENT_CONFIRMATION_OK"
24288,10411631361,10411631454,1,"IOTHUB_CLIENT_CONFIRMATION_OK"
24289,10411631561,10411631596,1,"IOTHUB_CLIENT_CONFIRMATION_OK"
24290,10411631761,10411631866,1,"IOTHUB_CLIENT_CONFIRMATION_OK"
24291,10411631961,10411632042,1,"IOTHUB_CLIENT_CONFIRMATION_OK"
24292,10411632161,10411632215,1,"IOTHUB_CLIENT_CONFIRMATION_OK"
24293,10411632362,10411632395,1,"IOTHUB_CLIENT_CONFIRMATION_OK"
24294,10411632562,10411632634,1,"IOTHUB_CLIENT_CONFIRMATION_OK"
24295,10411632762,10411632812,1,"IOTHUB_CLIENT_CONFIRMATION_OK"
24296,10411632962,10411632998,1,"IOTHUB_CLIENT_CONFIRMATION_OK"
24297,10411633162,10411633238,1,"IOTHUB_CLIENT_CONFIRMATION_OK"
24298,10411633362,10411633417,1,"IOTHUB_CLIENT_CONFIRMATION_OK"
24299,10411633562,10411633602,1,"IOTHUB_CLIENT_CONFIRMATION_OK"
24300,10411633763,10411633848,1,"IOTHUB_CLIENT_CONFIRMATION_OK"
24301,10411633963,10411634017,1,"IOTHUB_CLIENT_CONFIRMATION_OK"
24302,10411634163,10411634223,1,"IOTHUB_CLIENT_CONFIRMATION_OK"
24303,10411634363,10411634527,1,"IOTHUB_CLIENT_CONFIRMATION_OK"
24304,10411634563,10411634857,1,"IOTHUB_CLIENT_CONFIRMATION_OK"
24305,10411634763,10411634900,1,"IOTHUB_CLIENT_CONFIRMATION_OK"
24306,10411634964,10411635063,1,"IOTHUB_CLIENT_CONFIRMATION_OK"
24307,10411635164,10411635226,1,"IOTHUB_CLIENT_CONFIRMATION_OK"
24308,10411635364,10411635421,1,"IOTHUB_CLIENT_CONFIRMATION_OK"
24309,10411635564,10411635682,1,"IOTHUB_CLIENT_CONFIRMATION_OK"
24310,10411635764,10411635803,1,"IOTHUB_CLIENT_CONFIRMATION_OK"
24311,10411635964,10411636010,1,"IOTHUB_CLIENT_CONFIRMATION_OK"
24312,10411636165,10411636317,1,"IOTHUB_CLIENT_CONFIRMATION_OK"
24313,10411636365,10411636398,1,"IOTHUB_CLIENT_CONFIRMATION_OK"
24314,10411636565,10411636635,1,"IOTHUB_CLIENT_CONFIRMATION_OK"
24315,10411636765,10411636912,1,"IOTHUB_CLIENT_CONFIRMATION_OK"
24316,10411636965,10411637011,1,"IOTHUB_CLIENT_CONFIRMATION_OK"
24317,10411637165,10411637206,1,"IOTHUB_CLIENT_CONFIRMATION_OK"
24318,10411637366,10411637537,1,"IOTHUB_CLIENT_CONFIRMATION_OK"
24319,10411637566,10411637603,1,"IOTHUB_CLIENT_CONFIRMATION_OK"
24320,10411637766,10411637814,1,"IOTHUB_CLIENT_CONFIRMATION_OK"
24321,10411637966,10411638122,1,"IOTHUB_CLIENT_CONFIRMATION_OK"
24322,10411638166,10411638209,1,"IOTHUB_CLIENT_CONFIRMATION_OK"
24323,10411638366,10411638403,1,"IOTHUB_CLIENT_CONFIRMATION_OK"
24324,10411638567,10411638747,1,"IOTHUB_CLIENT_CONFIRMATION_OK"
24325,10411638767,10411638808,1,"IOTHUB_CLIENT_CONFIRMATION_OK"
24326,10411638967,10411639028,1,"IOTHUB_CLIENT_CONFIRMATION_OK"
24327,10411639167,10411639355,1,"IOTHUB_CLIENT_CONFIRMATION_OK"
24328,10411639367,10411639401,1,"IOTHUB_CLIENT_CONFIRMATION_OK"
24329,10411639567,10411639605,1,"IOTHUB_CLIENT_CONFIRMATION_OK"
24330,10411639767,10411639947,1,"IOTHUB_CLIENT_CONFIRMATION_OK"
24331,10411639968,10411640006,1,"IOTHUB_CLIENT_CONFIRMATION_OK"
24332,10411640168,10411640321,1,"IOTHUB_CLIENT_CONFIRMATION_OK"
24333,10411640368,10411640573,1,"IOTHUB_CLIENT_CONFIRMATION_OK"
24334,10411640568,10411640608,1,"IOTHUB_CLIENT_CONFIRMATION_OK"
24335,10411640768,10411640812,1,"IOTHUB_CLIENT_CONFIRMATION_OK"
24336,10411640968,10411641160,1,"IOTHUB_CLIENT_CONFIRMATION_OK"
24337,10411641169,10411641212,1,"IOTHUB_CLIENT_CONFIRMATION_OK"
24338,10411641369,10411641455,1,"IOTHUB_CLIENT_CONFIRMATION_OK"
24339,10411641569,10411641792,1,"IOTHUB_CLIENT_CONFIRMATION_OK"
24340,10411641769,10411641829,1,"IOTHUB_CLIENT_CONFIRMATION_OK"
24341,10411641969,10411642010,1,"IOTHUB_CLIENT_CONFIRMATION_OK"
24342,10411642169,10411642420,1,"IOTHUB_CLIENT_CONFIRMATION_OK"
24343,10411642370,10411642459,1,"IOTHUB_CLIENT_CONFIRMATION_OK"
24344,10411642570,10411642608,1,"IOTHUB_CLIENT_CONFIRMATION_OK"
24345,10411642770,10411642891,1,"IOTHUB_CLIENT_CONFIRMATION_OK"
24346,10411642970,10411643057,1,"IOTHUB_CLIENT_CONFIRMATION_OK"
24347,10411643170,10411643232,1,"IOTHUB_CLIENT_CONFIRMATION_OK"
24348,10411643370,10411643425,1,"IOTHUB_CLIENT_CONFIRMATION_OK"
24349,10411643571,10411643620,1,"IOTHUB_CLIENT_CONFIRMATION_OK"
24350,10411643771,10411643813,1,"IOTHUB_CLIENT_CONFIRMATION_OK"
24351,10411643971,10411644013,1,"IOTHUB_CLIENT_CONFIRMATION_OK"
24352,10411644171,10411644209,1,"IOTHUB_CLIENT_CONFIRMATION_OK"
24353,10411644371,10411644438,1,"IOTHUB_CLIENT_CONFIRMATION_OK"
24354,10411644571,10411644624,1,"IOTHUB_CLIENT_CONFIRMATION_OK"
24355,10411644771,10411644805,1,"IOTHUB_CLIENT_CONFIRMATION_OK"
24356,10411644972,10411645021,1,"IOTHUB_CLIENT_CONFIRMATION_OK"
24357,10411645172,10411645237,1,"IOTHUB_CLIENT_CONFIRMATION_OK"
24358,10411645372,10411645436,1,"IOTHUB_CLIENT_CONFIRMATION_OK"
24359,10411645572,10411645627,1,"IOTHUB_CLIENT_CONFIRMATION_OK"
24360,10411645772,10411645993,1,"IOTHUB_CLIENT_CONFIRMATION_OK"
24361,10411645972,10411646043,1,"IOTHUB_CLIENT_CONFIRMATION_OK"
24362,10411646173,10411646213,1,"IOTHUB_CLIENT_CONFIRMATION_OK"
24363,10411646373,10411646456,1,"IOTHUB_CLIENT_CONFIRMATION_OK"
24364,10411646573,10411646631,1,"IOTHUB_CLIENT_CONFIRMATION_OK"
24365,10411646773,10411646823,1,"IOTHUB_CLIENT_CONFIRMATION_OK"
24366,10411646973,10411647049,1,"IOTHUB_CLIENT_CONFIRMATION_OK"
24367,10411647173,10411647274,1,"IOTHUB_CLIENT_CONFIRMATION_OK"
24368,10411647374,10411647428,1,"IOTHUB_CLIENT_CONFIRMATION_OK"
24369,10411647574,10411647674,1,"IOTHUB_CLIENT_CONFIRMATION_OK"
24370,10411647774,10411647811,1,"IOTHUB_CLIENT_CONFIRMATION_OK"
24371,10411647974,10411648012,1,"IOTHUB_CLIENT_CONFIRMATION_OK"
24372,10411648174,10411648326,1,"IOTHUB_CLIENT_CONFIRMATION_OK"
24373,10411648374,10411648410,1,"IOTHUB_CLIENT_CONFIRMATION_OK"
24374,10411648574,10411648636,1,"IOTHUB_CLIENT_CONFIRMATION_OK"
24375,10411648775,10411648916,1,"IOTHUB_CLIENT_CONFIRMATION_OK"
24376,10411648975,10411649028,1,"IOTHUB_CLIENT_CONFIRMATION_OK"
24377,10411649175,10411649315,1,"IOTHUB_CLIENT_CONFIRMATION_OK"
24378,10411649375,10411649501,1,"IOTHUB_CLIENT_CONFIRMATION_OK"
24379,10411649575,10411649617,1,"IOTHUB_CLIENT_CONFIRMATION_OK"
24380,10411649775,10411649841,1,"IOTHUB_CLIENT_CONFIRMATION_OK"
24381,10411649976,10411650133,1,"IOTHUB_CLIENT_CONFIRMATION_OK"
24382,10411650176,10411650231,1,"IOTHUB_CLIENT_CONFIRMATION_OK"
24383,10411650376,10411650426,1,"IOTHUB_CLIENT_CONFIRMATION_OK"
24384,10411650576,10411650773,1,"IOTHUB_CLIENT_CONFIRMATION_OK"
24385,10411650776,10411650830,1,"IOTHUB_CLIENT_CONFIRMATION_OK"
24386,10411650976,10411651023,1,"IOTHUB_CLIENT_CONFIRMATION_OK"
24387,10411651176,10411651376,1,"IOTHUB_CLIENT_CONFIRMATION_OK"
24388,10411651377,10411651639,1,"IOTHUB_CLIENT_CONFIRMATION_OK"
24389,10411651577,10411651692,1,"IOTHUB_CLIENT_CONFIRMATION_OK"
24390,10411651777,10411651984,1,"IOTHUB_CLIENT_CONFIRMATION_OK"
24391,10411651977,10411652027,1,"IOTHUB_CLIENT_CONFIRMATION_OK"
24392,10411652177,10411652215,1,"IOTHUB_CLIENT_CONFIRMATION_OK"
24393,10411652377,10411652621,1,"IOTHUB_CLIENT_CONFIRMATION_OK"
24394,10411652578,10411652685,1,"IOTHUB_CLIENT_CONFIRMATION_OK"
24395,10411652778,10411652817,1,"IOTHUB_CLIENT_CONFIRMATION_OK"
24396,10411652978,10411653187,1,"IOTHUB_CLIENT_CONFIRMATION_OK"
24397,10411653178,10411653355,1,"IOTHUB_CLIENT_CONFIRMATION_OK"
24398,10411653378,10411653439,1,"IOTHUB_CLIENT_CONFIRMATION_OK"
24399,10411653578,10411653819,1,"IOTHUB_CLIENT_CONFIRMATION_OK"
24400,10411653779,10411653848,1,"IOTHUB_CLIENT_CONFIRMATION_OK"
24401,10411653979,10411654023,1,"IOTHUB_CLIENT_CONFIRMATION_OK"
24402,10411654179,10411654230,1,"IOTHUB_CLIENT_CONFIRMATION_OK"
24403,10411654379,10411654422,1,"IOTHUB_CLIENT_CONFIRMATION_OK"
24404,10411654579,10411654625,1,"IOTHUB_CLIENT_CONFIRMATION_OK"
24405,10411654779,10411654849,1,"IOTHUB_CLIENT_CONFIRMATION_OK"
24406,10411654980,10411655035,1,"IOTHUB_CLIENT_CONFIRMATION_OK"
24407,10411655180,10411655268,1,"IOTHUB_CLIENT_CONFIRMATION_OK"
24408,10411655380,10411655436,1,"IOTHUB_CLIENT_CONFIRMATION_OK"
24409,10411655580,10411655632,1,"IOTHUB_CLIENT_CONFIRMATION_OK"
24410,10411655780,10411655827,1,"IOTHUB_CLIENT_CONFIRMATION_OK"
24411,10411655981,10411656033,1,"IOTHUB_CLIENT_CONFIRMATION_OK"
24412,10411656181,10411656251,1,"IOTHUB_CLIENT_CONFIRMATION_OK"
24413,10411656381,10411656438,1,"IOTHUB_CLIENT_CONFIRMATION_OK"
24414,10411656581,10411656687,1,"IOTHUB_CLIENT_CONFIRMATION_OK"
24415,10411656781,10411656818,1,"IOTHUB_CLIENT_CONFIRMATION_OK"
24416,10411656981,10411657064,1,"IOTHUB_CLIENT_CONFIRMATION_OK"
24417,10411657182,10411657271,1,"IOTHUB_CLIENT_CONFIRMATION_OK"
24418,10411657382,10411657474,1,"IOTHUB_CLIENT_CONFIRMATION_OK"
24419,10411657582,10411657627,1,"IOTHUB_CLIENT_CONFIRMATION_OK"
24420,10411657782,10411657874,1,"IOTHUB_CLIENT_CONFIRMATION_OK"
24421,10411657982,10411658029,1,"IOTHUB_CLIENT_CONFIRMATION_OK"
24422,10411658182,10411658232,1,"IOTHUB_CLIENT_CONFIRMATION_OK"
24423,10411658383,10411658485,1,"IOTHUB_CLIENT_CONFIRMATION_OK"
24424,10411658583,10411658628,1,"IOTHUB_CLIENT_CONFIRMATION_OK"
24425,10411658783,10411658841,1,"IOTHUB_CLIENT_CONFIRMATION_OK"
24426,10411658983,10411659084,1,"IOTHUB_CLIENT_CONFIRMATION_OK"
24427,10411659183,10411659234,1,"IOTHUB_CLIENT_CONFIRMATION_OK"
24428,10411659383,10411659417,1,"IOTHUB_CLIENT_CONFIRMATION_OK"
24429,10411659583,10411659716,1,"IOTHUB_CLIENT_CONFIRMATION_OK"
24430,10411659784,10411660013,1,"IOTHUB_CLIENT_CONFIRMATION_OK"
24431,10411659984,10411660088,1,"IOTHUB_CLIENT_CONFIRMATION_OK"
24432,10411660184,10411660294,1,"IOTHUB_CLIENT_CONFIRMATION_OK"
24433,10411660384,10411660426,1,"IOTHUB_CLIENT_CONFIRMATION_OK"
24434,10411660584,10411660641,1,"IOTHUB_CLIENT_CONFIRMATION_OK"
24435,10411660784,10411660911,1,"IOTHUB_CLIENT_CONFIRMATION_OK"
24436,10411660984,10411661053,1,"IOTHUB_CLIENT_CONFIRMATION_OK"
24437,10411661185,10411661231,1,"IOTHUB_CLIENT_CONFIRMATION_OK"
24438,10411661385,10411661518,1,"IOTHUB_CLIENT_CONFIRMATION_OK"
24439,10411661585,10411661622,1,"IOTHUB_CLIENT_CONFIRMATION_OK"
24440,10411661785,10411661827,1,"IOTHUB_CLIENT_CONFIRMATION_OK"
24441,10411661985,10411662129,1,"IOTHUB_CLIENT_CONFIRMATION_OK"
24442,10411662186,10411662223,1,"IOTHUB_CLIENT_CONFIRMATION_OK"
24443,10411662386,10411662442,1,"IOTHUB_CLIENT_CONFIRMATION_OK"
24444,10411662586,10411662756,1,"IOTHUB_CLIENT_CONFIRMATION_OK"
24445,10411662786,10411662834,1,"IOTHUB_CLIENT_CONFIRMATION_OK"
24446,10411662986,10411663026,1,"IOTHUB_CLIENT_CONFIRMATION_OK"
24447,10411663186,10411663366,1,"IOTHUB_CLIENT_CONFIRMATION_OK"
24448,10411663386,10411663448,1,"IOTHUB_CLIENT_CONFIRMATION_OK"
24449,10411663587,10411663651,1,"IOTHUB_CLIENT_CONFIRMATION_OK"
24450,10411663787,10411663947,1,"IOTHUB_CLIENT_CONFIRMATION_OK"
24451,10411663987,10411664151,1,"IOTHUB_CLIENT_CONFIRMATION_OK"
24452,10411664187,10411664259,1,"IOTHUB_CLIENT_CONFIRMATION_OK"
24453,10411664387,10411664582,1,"IOTHUB_CLIENT_CONFIRMATION_OK"
24454,10411664587,10411664733,1,"IOTHUB_CLIENT_CONFIRMATION_OK"
24455,10411664788,10411664833,1,"IOTHUB_CLIENT_CONFIRMATION_OK"
24456,10411664988,10411665165,1,"IOTHUB_CLIENT_CONFIRMATION_OK"
24457,10411665188,10411665237,1,"IOTHUB_CLIENT_CONFIRMATION_OK"
24458,10411665388,10411665460,1,"IOTHUB_CLIENT_CONFIRMATION_OK"
24459,10411665588,10411665791,1,"IOTHUB_CLIENT_CONFIRMATION_OK"
24460,10411665788,10411665892,1,"IOTHUB_CLIENT_CONFIRMATION_OK"
24461,10411665988,10411666029,1,"IOTHUB_CLIENT_CONFIRMATION_OK"
24462,10411666189,10411666413,1,"IOTHUB_CLIENT_CONFIRMATION_OK"
24463,10411666389,10411666443,1,"IOTHUB_CLIENT_CONFIRMATION_OK"
24464,10411666589,10411666652,1,"IOTHUB_CLIENT_CONFIRMATION_OK"
24465,10411666789,10411666826,1,"IOTHUB_CLIENT_CONFIRMATION_OK"
24466,10411666989,10411667046,1,"IOTHUB_CLIENT_CONFIRMATION_OK"
24467,10411667189,10411667254,1,"IOTHUB_CLIENT_CONFIRMATION_OK"
24468,10411667390,10411667441,1,"IOTHUB_CLIENT_CONFIRMATION_OK"
24469,10411667590,10411667631,1,"IOTHUB_CLIENT_CONFIRMATION_OK"
24470,10411667790,10411667829,1,"IOTHUB_CLIENT_CONFIRMATION_OK"
24471,10411667990,10411668066,1,"IOTHUB_CLIENT_CONFIRMATION_OK"
24472,10411668190,10411668243,1,"IOTHUB_CLIENT_CONFIRMATION_OK"
24473,10411668390,10411668432,1,"IOTHUB_CLIENT_CONFIRMATION_OK"
24474,10411668590,10411668661,1,"IOTHUB_CLIENT_CONFIRMATION_OK"
24475,10411668791,10411668833,1,"IOTHUB_CLIENT_CONFIRMATION_OK"
24476,10411668991,10411669052,1,"IOTHUB_CLIENT_CONFIRMATION_OK"
24477,10411669191,10411669340,1,"IOTHUB_CLIENT_CONFIRMATION_OK"
24478,10411669391,10411669433,1,"IOTHUB_CLIENT_CONFIRMATION_OK"
24479,10411669591,10411669641,1,"IOTHUB_CLIENT_CONFIRMATION_OK"
24480,10411669791,10411669893,1,"IOTHUB_CLIENT_CONFIRMATION_OK"
24481,10411669992,10411670032,1,"IOTHUB_CLIENT_CONFIRMATION_OK"
24482,10411670192,10411670239,1,"IOTHUB_CLIENT_CONFIRMATION_OK"
24483,10411670392,10411670538,1,"IOTHUB_CLIENT_CONFIRMATION_OK"
24484,10411670592,10411670644,1,"IOTHUB_CLIENT_CONFIRMATION_OK"
24485,10411670792,10411670852,1,"IOTHUB_CLIENT_CONFIRMATION_OK"
24486,10411670992,10411671117,1,"IOTHUB_CLIENT_CONFIRMATION_OK"
24487,10411671192,10411671244,1,"IOTHUB_CLIENT_CONFIRMATION_OK"
24488,10411671393,10411671451,1,"IOTHUB_CLIENT_CONFIRMATION_OK"
24489,10411671593,10411671729,1,"IOTHUB_CLIENT_CONFIRMATION_OK"
24490,10411671793,10411671896,1,"IOTHUB_CLIENT_CONFIRMATION_OK"
24491,10411671993,10411672026,1,"IOTHUB_CLIENT_CONFIRMATION_OK"
24492,10411672193,10411672364,1,"IOTHUB_CLIENT_CONFIRMATION_OK"
24493,10411672393,10411672447,1,"IOTHUB_CLIENT_CONFIRMATION_OK"
24494,10411672594,10411672649,1,"IOTHUB_CLIENT_CONFIRMATION_OK"
24495,10411672794,10411672958,1,"IOTHUB_CLIENT_CONFIRMATION_OK"
24496,10411672994,10411673086,1,"IOTHUB_CLIENT_CONFIRMATION_OK"
24497,10411673194,10411673241,1,"IOTHUB_CLIENT_CONFIRMATION_OK"
24498,10411673394,10411673553,1,"IOTHUB_CLIENT_CONFIRMATION_OK"
24499,10411673594,10411673634,1,"IOTHUB_CLIENT_CONFIRMATION_OK"
24500,10411673795,10411673863,1,"IOTHUB_CLIENT_CONFIRMATION_OK"
24501,10411673995,10411674160,1,"IOTHUB_CLIENT_CONFIRMATION_OK"
24502,10411674195,10411674262,1,"IOTHUB_CLIENT_CONFIRMATION_OK"
24503,10411674395,10411674434,1,"IOTHUB_CLIENT_CONFIRMATION_OK"
24504,10411674595,10411674768,1,"IOTHUB_CLIENT_CONFIRMATION_OK"
24505,10411674795,10411674852,1,"IOTHUB_CLIENT_CONFIRMATION_OK"
24506,10411674995,10411675041,1,"IOTHUB_CLIENT_CONFIRMATION_OK"
24507,10411675196,10411675389,1,"IOTHUB_CLIENT_CONFIRMATION_OK"
24508,10411675396,10411675450,1,"IOTHUB_CLIENT_CONFIRMATION_OK"
24509,10411675596,10411675679,1,"IOTHUB_CLIENT_CONFIRMATION_OK"
24510,10411675796,10411676003,1,"IOTHUB_CLIENT_CONFIRMATION_OK"
24511,10411675996,10411676100,1,"IOTHUB_CLIENT_CONFIRMATION_OK"
24512,10411676196,10411676254,1,"IOTHUB_CLIENT_CONFIRMATION_OK"
24513,10411676397,10411676600,1,"IOTHUB_CLIENT_CONFIRMATION_OK"
24514,10411676597,10411676641,1,"IOTHUB_CLIENT_CONFIRMATION_OK"
24515,10411676797,10411676908,1,"IOTHUB_CLIENT_CONFIRMATION_OK"
24516,10411676997,10411677090,1,"IOTHUB_CLIENT_CONFIRMATION_OK"
24517,10411677197,10411677235,1,"IOTHUB_CLIENT_CONFIRMATION_OK"
24518,10411677397,10411677435,1,"IOTHUB_CLIENT_CONFIRMATION_OK"
24519,10411677597,10411677716,1,"IOTHUB_CLIENT_CONFIRMATION_OK"
24520,10411677798,10411677832,1,"IOTHUB_CLIENT_CONFIRMATION_OK"
24521,10411677998,10411678061,1,"IOTHUB_CLIENT_CONFIRMATION_OK"
24522,10411678198,10411678302,1,"IOTHUB_CLIENT_CONFIRMATION_OK"
24523,10411678398,10411678436,1,"IOTHUB_CLIENT_CONFIRMATION_OK"
24524,10411678598,10411678646,1,"IOTHUB_CLIENT_CONFIRMATION_OK"
24525,10411678798,10411678925,1,"IOTHUB_CLIENT_CONFIRMATION_OK"
24526,10411678999,10411679032,1,"IOTHUB_CLIENT_CONFIRMATION_OK"
24527,10411679199,10411679245,1,"IOTHUB_CLIENT_CONFIRMATION_OK"
24528,10411679399,10411679521,1,"IOTHUB_CLIENT_CONFIRMATION_OK"
24529,10411679599,10411679677,1,"IOTHUB_CLIENT_CONFIRMATION_OK"
24530,10411679799,10411679847,1,"IOTHUB_CLIENT_CONFIRMATION_OK"
24531,10411679999,10411680138,1,"IOTHUB_CLIENT_CONFIRMATION_OK"
24532,10411680200,10411680244,1,"IOTHUB_CLIENT_CONFIRMATION_OK"
24533,10411680400,10411680435,1,"IOTHUB_CLIENT_CONFIRMATION_OK"
24534,10411680600,10411680740,1,"IOTHUB_CLIENT_CONFIRMATION_OK"
24535,10411680800,10411680871,1,"IOTHUB_CLIENT_CONFIRMATION_OK"
24536,10411681000,10411681073,1,"IOTHUB_CLIENT_CONFIRMATION_OK"
24537,10411681200,10411681348,1,"IOTHUB_CLIENT_CONFIRMATION_OK"
24538,10411681401,10411681442,1,"IOTHUB_CLIENT_CONFIRMATION_OK"
24539,10411681601,10411681652,1,"IOTHUB_CLIENT_CONFIRMATION_OK"
24540,10411681801,10411681958,1,"IOTHUB_CLIENT_CONFIRMATION_OK"
24541,10411682001,10411682035,1,"IOTHUB_CLIENT_CONFIRMATION_OK"
24542,10411682201,10411682245,1,"IOTHUB_CLIENT_CONFIRMATION_OK"
24543,10411682401,10411682568,1,"IOTHUB_CLIENT_CONFIRMATION_OK"
24544,10411682602,10411682647,1,"IOTHUB_CLIENT_CONFIRMATION_OK"
24545,10411682802,10411682860,1,"IOTHUB_CLIENT_CONFIRMATION_OK"
24546,10411683002,10411683183,1,"IOTHUB_CLIENT_CONFIRMATION_OK"
24547,10411683202,10411683288,1,"IOTHUB_CLIENT_CONFIRMATION_OK"
24548,10411683402,10411683473,1,"IOTHUB_CLIENT_CONFIRMATION_OK"
24549,10411683602,10411683852,1,"IOTHUB_CLIENT_CONFIRMATION_OK"
24550,10411683803,10411683905,1,"IOTHUB_CLIENT_CONFIRMATION_OK"
24551,10411684003,10411684039,1,"IOTHUB_CLIENT_CONFIRMATION_OK"
24552,10411684203,10411684403,1,"IOTHUB_CLIENT_CONFIRMATION_OK"
24553,10411684403,10411684511,1,"IOTHUB_CLIENT_CONFIRMATION_OK"
24554,10411684603,10411684673,1,"IOTHUB_CLIENT_CONFIRMATION_OK"
24555,10411684803,10411685029,1,"IOTHUB_CLIENT_CONFIRMATION_OK"
24556,10411685004,10411685078,1,"IOTHUB_CLIENT_CONFIRMATION_OK"
24557,10411685204,10411685246,1,"IOTHUB_CLIENT_CONFIRMATION_OK"
24558,10411685404,10411685445,1,"IOTHUB_CLIENT_CONFIRMATION_OK"
24559,10411685604,10411685690,1,"IOTHUB_CLIENT_CONFIRMATION_OK"
24560,10411685804,10411685846,1,"IOTHUB_CLIENT_CONFIRMATION_OK"
24561,10411686004,10411686042,1,"IOTHUB_CLIENT_CONFIRMATION_OK"
24562,10411686204,10411686268,1,"IOTHUB_CLIENT_CONFIRMATION_OK"
24563,10411686405,10411686453,1,"IOTHUB_CLIENT_CONFIRMATION_OK"
24564,10411686605,10411686674,1,"IOTHUB_CLIENT_CONFIRMATION_OK"
24565,10411686805,10411686856,1,"IOTHUB_CLIENT_CONFIRMATION_OK"
24566,10411687005,10411687077,1,"IOTHUB_CLIENT_CONFIRMATION_OK"
24567,10411687205,10411687285,1,"IOTHUB_CLIENT_CONFIRMATION_OK"
24568,10411687405,10411687440,1,"IOTHUB_CLIENT_CONFIRMATION_OK"
24569,10411687606,10411687648,1,"IOTHUB_CLIENT_CONFIRMATION_OK"
24570,10411687806,10411687892,1,"IOTHUB_CLIENT_CONFIRMATION_OK"
24571,10411688006,10411688053,1,"IOTHUB_CLIENT_CONFIRMATION_OK"
24572,10411688206,10411688263,1,"IOTHUB_CLIENT_CONFIRMATION_OK"
24573,10411688406,10411688500,1,"IOTHUB_CLIENT_CONFIRMATION_OK"
24574,10411688606,10411688647,1,"IOTHUB_CLIENT_CONFIRMATION_OK"
24575,10411688806,10411688857,1,"IOTHUB_CLIENT_CONFIRMATION_OK"
24576,10411689007,10411689126,1,"IOTHUB_CLIENT_CONFIRMATION_OK"
24577,10411689207,10411689282,1,"IOTHUB_CLIENT_CONFIRMATION_OK"
24578,10411689407,10411689445,1,"IOTHUB_CLIENT_CONFIRMATION_OK"
24579,10411689607,10411689737,1,"IOTHUB_CLIENT_CONFIRMATION_OK"
24580,10411689807,10411689848,1,"IOTHUB_CLIENT_CONFIRMATION_OK"
24581,10411690007,10411690050,1,"IOTHUB_CLIENT_CONFIRMATION_OK"
24582,10411690208,10411690366,1,"IOTHUB_CLIENT_CONFIRMATION_OK"
24583,10411690408,10411690444,1,"IOTHUB_CLIENT_CONFIRMATION_OK"
24584,10411690608,10411690647,1,"IOTHUB_CLIENT_CONFIRMATION_OK"
24585,10411690808,10411690953,1,"IOTHUB_CLIENT_CONFIRMATION_OK"
24586,10411691008,10411691060,1,"IOTHUB_CLIENT_CONFIRMATION_OK"
24587,10411691208,10411691277,1,"IOTHUB_CLIENT_CONFIRMATION_OK"
24588,10411691408,10411691564,1,"IOTHUB_CLIENT_CONFIRMATION_OK"
24589,10411691609,10411691653,1,"IOTHUB_CLIENT_CONFIRMATION_OK"
24590,10411691809,10411691862,1,"IOTHUB_CLIENT_CONFIRMATION_OK"
24591,10411692009,10411692045,1,"IOTHUB_CLIENT_CONFIRMATION_OK"
24592,10411692209,10411692245,1,"IOTHUB_CLIENT_CONFIRMATION_OK"
24593,10411692409,10411692454,1,"IOTHUB_CLIENT_CONFIRMATION_OK"
24594,10411692609,10411692655,1,"IOTHUB_CLIENT_CONFIRMATION_OK"
24595,10411692810,10411692867,1,"IOTHUB_CLIENT_CONFIRMATION_OK"
24596,10411693010,10411693045,1,"IOTHUB_CLIENT_CONFIRMATION_OK"
24597,10411693210,10411693284,1,"IOTHUB_CLIENT_CONFIRMATION_OK"
24598,10411693410,10411693450,1,"IOTHUB_CLIENT_CONFIRMATION_OK"
24599,10411693611,10411693645,1,"IOTHUB_CLIENT_CONFIRMATION_OK"
24600,10411693811,10411693907,1,"IOTHUB_CLIENT_CONFIRMATION_OK"
24601,10411694011,10411694069,1,"IOTHUB_CLIENT_CONFIRMATION_OK"
24602,10411694211,10411694245,1,"IOTHUB_CLIENT_CONFIRMATION_OK"
24603,10411694411,10411694514,1,"IOTHUB_CLIENT_CONFIRMATION_OK"
24604,10411694611,10411694667,1,"IOTHUB_CLIENT_CONFIRMATION_OK"
24605,10411694811,10411694891,1,"IOTHUB_CLIENT_CONFIRMATION_OK"
24606,10411695012,10411695119,1,"IOTHUB_CLIENT_CONFIRMATION_OK"
24607,10411695212,10411695273,1,"IOTHUB_CLIENT_CONFIRMATION_OK"
24608,10411695412,10411695521,1,"IOTHUB_CLIENT_CONFIRMATION_OK"
24609,10411695612,10411695716,1,"IOTHUB_CLIENT_CONFIRMATION_OK"
24610,10411695812,10411695867,1,"IOTHUB_CLIENT_CONFIRMATION_OK"
24611,10411696012,10411696123,1,"IOTHUB_CLIENT_CONFIRMATION_OK"
24612,10411696213,10411696370,1,"IOTHUB_CLIENT_CONFIRMATION_OK"
24613,10411696413,10411696461,1,"IOTHUB_CLIENT_CONFIRMATION_OK"
24614,10411696613,10411696655,1,"IOTHUB_CLIENT_CONFIRMATION_OK"
24615,10411696813,10411696970,1,"IOTHUB_CLIENT_CONFIRMATION_OK"
24616,10411697013,10411697105,1,"IOTHUB_CLIENT_CONFIRMATION_OK"
24617,10411697213,10411697261,1,"IOTHUB_CLIENT_CONFIRMATION_OK"
24618,10411697414,10411697564,1,"IOTHUB_CLIENT_CONFIRMATION_OK"
24619,10411697614,10411697650,1,"IOTHUB_CLIENT_CONFIRMATION_OK"
24620,10411697814,10411697852,1,"IOTHUB_CLIENT_CONFIRMATION_OK"
24621,10411698014,10411698209,1,"IOTHUB_CLIENT_CONFIRMATION_OK"
24622,10411698214,10411698262,1,"IOTHUB_CLIENT_CONFIRMATION_OK"
24623,10411698414,10411698451,1,"IOTHUB_CLIENT_CONFIRMATION_OK"
24624,10411698614,10411698687,1,"IOTHUB_CLIENT_CONFIRMATION_OK"
24625,10411698815,10411698859,1,"IOTHUB_CLIENT_CONFIRMATION_OK"
24626,10411699015,10411699070,1,"IOTHUB_CLIENT_CONFIRMATION_OK"
24627,10411699215,10411699300,1,"IOTHUB_CLIENT_CONFIRMATION_OK"
24628,10411699415,10411699479,1,"IOTHUB_CLIENT_CONFIRMATION_OK"
24629,10411699615,10411699661,1,"IOTHUB_CLIENT_CONFIRMATION_OK"
24630,10411699815,10411699871,1,"IOTHUB_CLIENT_CONFIRMATION_OK"
24631,10411700016,10411700059,1,"IOTHUB_CLIENT_CONFIRMATION_OK"
24632,10411700216,10411700268,1,"IOTHUB_CLIENT_CONFIRMATION_OK"
24633,10411700416,10411700461,1,"IOTHUB_CLIENT_CONFIRMATION_OK"
24634,10411700616,10411700661,1,"IOTHUB_CLIENT_CONFIRMATION_OK"
24635,10411700816,10411700872,1,"IOTHUB_CLIENT_CONFIRMATION_OK"
24636,10411701016,10411701079,1,"IOTHUB_CLIENT_CONFIRMATION_OK"
24637,10411701216,10411701259,1,"IOTHUB_CLIENT_CONFIRMATION_OK"
24638,10411701417,10411701459,1,"IOTHUB_CLIENT_CONFIRMATION_OK"
24639,10411701617,10411701728,1,"IOTHUB_CLIENT_CONFIRMATION_OK"
24640,10411701817,10411701852,1,"IOTHUB_CLIENT_CONFIRMATION_OK"
24641,10411702017,10411702077,1,"IOTHUB_CLIENT_CONFIRMATION_OK"
24642,10411702217,10411702299,1,"IOTHUB_CLIENT_CONFIRMATION_OK"
24643,10411702417,10411702478,1,"IOTHUB_CLIENT_CONFIRMATION_OK"
24644,10411702617,10411702676,1,"IOTHUB_CLIENT_CONFIRMATION_OK"
24645,10411702818,10411702897,1,"IOTHUB_CLIENT_CONFIRMATION_OK"
24646,10411703018,10411703084,1,"IOTHUB_CLIENT_CONFIRMATION_OK"
24647,10411703218,10411703269,1,"IOTHUB_CLIENT_CONFIRMATION_OK"
24648,10411703418,10411703506,1,"IOTHUB_CLIENT_CONFIRMATION_OK"
24649,10411703618,10411703753,1,"IOTHUB_CLIENT_CONFIRMATION_OK"
24650,10411703818,10411703925,1,"IOTHUB_CLIENT_CONFIRMATION_OK"
24651,10411704019,10411704174,1,"IOTHUB_CLIENT_CONFIRMATION_OK"
24652,10411704219,10411704329,1,"IOTHUB_CLIENT_CONFIRMATION_OK"
24653,10411704419,10411704519,1,"IOTHUB_CLIENT_CONFIRMATION_OK"
24654,10411704619,10411704813,1,"IOTHUB_CLIENT_CONFIRMATION_OK"
24655,10411704819,10411704857,1,"IOTHUB_CLIENT_CONFIRMATION_OK"
24656,10411705019,10411705287,1,"IOTHUB_CLIENT_CONFIRMATION_OK"
24657,10411705220,10411705439,1,"IOTHUB_CLIENT_CONFIRMATION_OK"
24658,10411705420,10411705475,1,"IOTHUB_CLIENT_CONFIRMATION_OK"
24659,10411705620,10411705659,1,"IOTHUB_CLIENT_CONFIRMATION_OK"
24660,10411705820,10411705868,1,"IOTHUB_CLIENT_CONFIRMATION_OK"
24661,10411706020,10411706067,1,"IOTHUB_CLIENT_CONFIRMATION_OK"
24662,10411706220,10411706264,1,"IOTHUB_CLIENT_CONFIRMATION_OK"
24663,10411706421,10411706458,1,"IOTHUB_CLIENT_CONFIRMATION_OK"
24664,10411706621,10411706659,1,"IOTHUB_CLIENT_CONFIRMATION_OK"
24665,10411706821,10411706870,1,"IOTHUB_CLIENT_CONFIRMATION_OK"
24666,10411707021,10411707061,1,"IOTHUB_CLIENT_CONFIRMATION_OK"
24667,10411707221,10411707300,1,"IOTHUB_CLIENT_CONFIRMATION_OK"
24668,10411707421,10411707457,1,"IOTHUB_CLIENT_CONFIRMATION_OK"
24669,10411707621,10411707669,1,"IOTHUB_CLIENT_CONFIRMATION_OK"
24670,10411707822,10411707854,1,"IOTHUB_CLIENT_CONFIRMATION_OK"
24671,10411708022,10411708061,1,"IOTHUB_CLIENT_CONFIRMATION_OK"
24672,10411708222,10411708267,1,"IOTHUB_CLIENT_CONFIRMATION_OK"
24673,10411708422,10411708455,1,"IOTHUB_CLIENT_CONFIRMATION_OK"
24674,10411708622,10411708666,1,"IOTHUB_CLIENT_CONFIRMATION_OK"
24675,10411708822,10411708884,1,"IOTHUB_CLIENT_CONFIRMATION_OK"
24676,10411709023,10411709064,1,"IOTHUB_CLIENT_CONFIRMATION_OK"
24677,10411709223,10411709290,1,"IOTHUB_CLIENT_CONFIRMATION_OK"
24678,10411709423,10411709575,1,"IOTHUB_CLIENT_CONFIRMATION_OK"
24679,10411709623,10411709664,1,"IOTHUB_CLIENT_CONFIRMATION_OK"
24680,10411709823,10411709863,1,"IOTHUB_CLIENT_CONFIRMATION_OK"
24681,10411710023,10411710196,1,"IOTHUB_CLIENT_CONFIRMATION_OK"
24682,10411710224,10411710271,1,"IOTHUB_CLIENT_CONFIRMATION_OK"
24683,10411710424,10411710463,1,"IOTHUB_CLIENT_CONFIRMATION_OK"
24684,10411710624,10411710794,1,"IOTHUB_CLIENT_CONFIRMATION_OK"
24685,10411710824,10411710890,1,"IOTHUB_CLIENT_CONFIRMATION_OK"
24686,10411711024,10411711080,1,"IOTHUB_CLIENT_CONFIRMATION_OK"
24687,10411711224,10411711409,1,"IOTHUB_CLIENT_CONFIRMATION_OK"
24688,10411711425,10411711464,1,"IOTHUB_CLIENT_CONFIRMATION_OK"
24689,10411711625,10411711681,1,"IOTHUB_CLIENT_CONFIRMATION_OK"
24690,10411711825,10411712030,1,"IOTHUB_CLIENT_CONFIRMATION_OK"
24691,10411712025,10411712071,1,"IOTHUB_CLIENT_CONFIRMATION_OK"
24692,10411712225,10411712263,1,"IOTHUB_CLIENT_CONFIRMATION_OK"
24693,10411712425,10411712473,1,"IOTHUB_CLIENT_CONFIRMATION_OK"
24694,10411712625,10411712661,1,"IOTHUB_CLIENT_CONFIRMATION_OK"
24695,10411712826,10411712878,1,"IOTHUB_CLIENT_CONFIRMATION_OK"
24696,10411713026,10411713067,1,"IOTHUB_CLIENT_CONFIRMATION_OK"
24697,10411713226,10411713268,1,"IOTHUB_CLIENT_CONFIRMATION_OK"
24698,10411713426,10411713522,1,"IOTHUB_CLIENT_CONFIRMATION_OK"
24699,10411713626,10411713673,1,"IOTHUB_CLIENT_CONFIRMATION_OK"
24700,10411713826,10411713868,1,"IOTHUB_CLIENT_CONFIRMATION_OK"
24701,10411714027,10411714065,1,"IOTHUB_CLIENT_CONFIRMATION_OK"
24702,10411714227,10411714278,1,"IOTHUB_CLIENT_CONFIRMATION_OK"
24703,10411714427,10411714467,1,"IOTHUB_CLIENT_CONFIRMATION_OK"
24704,10411714627,10411714743,1,"IOTHUB_CLIENT_CONFIRMATION_OK"
24705,10411714827,10411714916,1,"IOTHUB_CLIENT_CONFIRMATION_OK"
24706,10411715027,10411715077,1,"IOTHUB_CLIENT_CONFIRMATION_OK"
24707,10411715228,10411715263,1,"IOTHUB_CLIENT_CONFIRMATION_OK"
24708,10411715428,10411715523,1,"IOTHUB_CLIENT_CONFIRMATION_OK"
24709,10411715628,10411715671,1,"IOTHUB_CLIENT_CONFIRMATION_OK"
24710,10411715828,10411715873,1,"IOTHUB_CLIENT_CONFIRMATION_OK"
24711,10411716028,10411716119,1,"IOTHUB_CLIENT_CONFIRMATION_OK"
24712,10411716228,10411716290,1,"IOTHUB_CLIENT_CONFIRMATION_OK"
24713,10411716428,10411716481,1,"IOTHUB_CLIENT_CONFIRMATION_OK"
24714,10411716629,10411716751,1,"IOTHUB_CLIENT_CONFIRMATION_OK"
24715,10411716829,10411716894,1,"IOTHUB_CLIENT_CONFIRMATION_OK"
24716,10411717029,10411717076,1,"IOTHUB_CLIENT_CONFIRMATION_OK"
24717,10411717229,10411717343,1,"IOTHUB_CLIENT_CONFIRMATION_OK"
24718,10411717429,10411717509,1,"IOTHUB_CLIENT_CONFIRMATION_OK"
24719,10411717629,10411717718,1,"IOTHUB_CLIENT_CONFIRMATION_OK"
24720,10411717830,10411717955,1,"IOTHUB_CLIENT_CONFIRMATION_OK"
24721,10411718030,10411718078,1,"IOTHUB_CLIENT_CONFIRMATION_OK"
24722,10411718230,10411718295,1,"IOTHUB_CLIENT_CONFIRMATION_OK"
24723,10411718430,10411718570,1,"IOTHUB_CLIENT_CONFIRMATION_OK"
24724,10411718630,10411718676,1,"IOTHUB_CLIENT_CONFIRMATION_OK"
24725,10411718830,10411718887,1,"IOTHUB_CLIENT_CONFIRMATION_OK"
24726,10411719030,10411719172,1,"IOTHUB_CLIENT_CONFIRMATION_OK"
24727,10411719231,10411719264,1,"IOTHUB_CLIENT_CONFIRMATION_OK"
24728,10411719431,10411719495,1,"IOTHUB_CLIENT_CONFIRMATION_OK"
24729,10411719631,10411719778,1,"IOTHUB_CLIENT_CONFIRMATION_OK"
24730,10411719831,10411719935,1,"IOTHUB_CLIENT_CONFIRMATION_OK"
24731,10411720031,10411720075,1,"IOTHUB_CLIENT_CONFIRMATION_OK"
24732,10411720231,10411720418,1,"IOTHUB_CLIENT_CONFIRMATION_OK"
24733,10411720432,10411720492,1,"IOTHUB_CLIENT_CONFIRMATION_OK"
24734,10411720632,10411720719,1,"IOTHUB_CLIENT_CONFIRMATION_OK"
24735,10411720832,10411721005,1,"IOTHUB_CLIENT_CONFIRMATION_OK"
24736,10411721032,10411721094,1,"IOTHUB_CLIENT_CONFIRMATION_OK"
24737,10411721232,10411721290,1,"IOTHUB_CLIENT_CONFIRMATION_OK"
24738,10411721432,10411721666,1,"IOTHUB_CLIENT_CONFIRMATION_OK"
24739,10411721632,10411721716,1,"IOTHUB_CLIENT_CONFIRMATION_OK"
24740,10411721833,10411721875,1,"IOTHUB_CLIENT_CONFIRMATION_OK"
24741,10411722033,10411722091,1,"IOTHUB_CLIENT_CONFIRMATION_OK"
24742,10411722233,10411722302,1,"IOTHUB_CLIENT_CONFIRMATION_OK"
24743,10411722433,10411722483,1,"IOTHUB_CLIENT_CONFIRMATION_OK"
24744,10411722633,10411722706,1,"IOTHUB_CLIENT_CONFIRMATION_OK"
24745,10411722833,10411722877,1,"IOTHUB_CLIENT_CONFIRMATION_OK"
24746,10411723034,10411723079,1,"IOTHUB_CLIENT_CONFIRMATION_OK"
24747,10411723234,10411723299,1,"IOTHUB_CLIENT_CONFIRMATION_OK"
24748,10411723434,10411723472,1,"IOTHUB_CLIENT_CONFIRMATION_OK"
24749,10411723634,10411723683,1,"IOTHUB_CLIENT_CONFIRMATION_OK"
24750,10411723834,10411723903,1,"IOTHUB_CLIENT_CONFIRMATION_OK"
24751,10411724034,10411724076,1,"IOTHUB_CLIENT_CONFIRMATION_OK"
24752,10411724235,10411724343,1,"IOTHUB_CLIENT_CONFIRMATION_OK"
24753,10411724435,10411724485,1,"IOTHUB_CLIENT_CONFIRMATION_OK"
24754,10411724635,10411724698,1,"IOTHUB_CLIENT_CONFIRMATION_OK"
24755,10411724835,10411724894,1,"IOTHUB_CLIENT_CONFIRMATION_OK"
24756,10411725035,10411725078,1,"IOTHUB_CLIENT_CONFIRMATION_OK"
24757,10411725235,10411725292,1,"IOTHUB_CLIENT_CONFIRMATION_OK"
24758,10411725435,10411725596,1,"IOTHUB_CLIENT_CONFIRMATION_OK"
24759,10411725636,10411725682,1,"IOTHUB_CLIENT_CONFIRMATION_OK"
24760,10411725836,10411725876,1,"IOTHUB_CLIENT_CONFIRMATION_OK"
24761,10411726036,10411726083,1,"IOTHUB_CLIENT_CONFIRMATION_OK"
24762,10411726236,10411726305,1,"IOTHUB_CLIENT_CONFIRMATION_OK"
24763,10411726436,10411726486,1,"IOTHUB_CLIENT_CONFIRMATION_OK"
24764,10411726636,10411726709,1,"IOTHUB_CLIENT_CONFIRMATION_OK"
24765,10411726837,10411726935,1,"IOTHUB_CLIENT_CONFIRMATION_OK"
24766,10411727037,10411727094,1,"IOTHUB_CLIENT_CONFIRMATION_OK"
24767,10411727237,10411727311,1,"IOTHUB_CLIENT_CONFIRMATION_OK"
24768,10411727437,10411727512,1,"IOTHUB_CLIENT_CONFIRMATION_OK"
24769,10411727637,10411727690,1,"IOTHUB_CLIENT_CONFIRMATION_OK"
24770,10411727837,10411727909,1,"IOTHUB_CLIENT_CONFIRMATION_OK"
24771,10411728037,10411728146,1,"IOTHUB_CLIENT_CONFIRMATION_OK"
24772,10411728238,10411728282,1,"IOTHUB_CLIENT_CONFIRMATION_OK"
24773,10411728438,10411728484,1,"IOTHUB_CLIENT_CONFIRMATION_OK"
24774,10411728638,10411728770,1,"IOTHUB_CLIENT_CONFIRMATION_OK"
24775,10411728838,10411728888,1,"IOTHUB_CLIENT_CONFIRMATION_OK"
24776,10411729038,10411729078,1,"IOTHUB_CLIENT_CONFIRMATION_OK"
24777,10411729238,10411729377,1,"IOTHUB_CLIENT_CONFIRMATION_OK"
24778,10411729438,10411729492,1,"IOTHUB_CLIENT_CONFIRMATION_OK"
24779,10411729639,10411729689,1,"IOTHUB_CLIENT_CONFIRMATION_OK"
24780,10411729839,10411729957,1,"IOTHUB_CLIENT_CONFIRMATION_OK"
24781,10411730039,10411730080,1,"IOTHUB_CLIENT_CONFIRMATION_OK"
24782,10411730239,10411730289,1,"IOTHUB_CLIENT_CONFIRMATION_OK"
24783,10411730439,10411730568,1,"IOTHUB_CLIENT_CONFIRMATION_OK"
24784,10411730639,10411730726,1,"IOTHUB_CLIENT_CONFIRMATION_OK"
24785,10411730840,10411730888,1,"IOTHUB_CLIENT_CONFIRMATION_OK"
24786,10411731040,10411731171,1,"IOTHUB_CLIENT_CONFIRMATION_OK"
24787,10411731240,10411731327,1,"IOTHUB_CLIENT_CONFIRMATION_OK"
24788,10411731440,10411731522,1,"IOTHUB_CLIENT_CONFIRMATION_OK"
24789,10411731640,10411731852,1,"IOTHUB_CLIENT_CONFIRMATION_OK"
24790,10411731840,10411731903,1,"IOTHUB_CLIENT_CONFIRMATION_OK"
24791,10411732041,10411732093,1,"IOTHUB_CLIENT_CONFIRMATION_OK"
24792,10411732241,10411732387,1,"IOTHUB_CLIENT_CONFIRMATION_OK"
24793,10411732441,10411732517,1,"IOTHUB_CLIENT_CONFIRMATION_OK"
24794,10411732641,10411732684,1,"IOTHUB_CLIENT_CONFIRMATION_OK"
24795,10411732841,10411732887,1,"IOTHUB_CLIENT_CONFIRMATION_OK"
24796,10411733041,10411733072,1,"IOTHUB_CLIENT_CONFIRMATION_OK"
24797,10411733241,10411733295,1,"IOTHUB_CLIENT_CONFIRMATION_OK"
24798,10411733442,10411733478,1,"IOTHUB_CLIENT_CONFIRMATION_OK"
24799,10411733642,10411733678,1,"IOTHUB_CLIENT_CONFIRMATION_OK"
24800,10411733842,10411733893,1,"IOTHUB_CLIENT_CONFIRMATION_OK"
24801,10411734042,10411734095,1,"IOTHUB_CLIENT_CONFIRMATION_OK"
24802,10411734242,10411734307,1,"IOTHUB_CLIENT_CONFIRMATION_OK"
24803,10411734442,10411734494,1,"IOTHUB_CLIENT_CONFIRMATION_OK"
24804,10411734643,10411734704,1,"IOTHUB_CLIENT_CONFIRMATION_OK"
24805,10411734843,10411734878,1,"IOTHUB_CLIENT_CONFIRMATION_OK"
24806,10411735043,10411735107,1,"IOTHUB_CLIENT_CONFIRMATION_OK"
24807,10411735243,10411735318,1,"IOTHUB_CLIENT_CONFIRMATION_OK"
24808,10411735443,10411735488,1,"IOTHUB_CLIENT_CONFIRMATION_OK"
24809,10411735643,10411735694,1,"IOTHUB_CLIENT_CONFIRMATION_OK"
24810,10411735844,10411735906,1,"IOTHUB_CLIENT_CONFIRMATION_OK"
24811,10411736044,10411736115,1,"IOTHUB_CLIENT_CONFIRMATION_OK"
24812,10411736244,10411736299,1,"IOTHUB_CLIENT_CONFIRMATION_OK"
24813,10411736444,10411736491,1,"IOTHUB_CLIENT_CONFIRMATION_OK"
24814,10411736644,10411736733,1,"IOTHUB_CLIENT_CONFIRMATION_OK"
24815,10411736844,10411736879,1,"IOTHUB_CLIENT_CONFIRMATION_OK"
24816,10411737044,10411737088,1,"IOTHUB_CLIENT_CONFIRMATION_OK"
24817,10411737245,10411737295,1,"IOTHUB_CLIENT_CONFIRMATION_OK"
24818,10411737445,10411737504,1,"IOTHUB_CLIENT_CONFIRMATION_OK"
24819,10411737645,10411737707,1,"IOTHUB_CLIENT_CONFIRMATION_OK"
24820,10411737845,10411737893,1,"IOTHUB_CLIENT_CONFIRMATION_OK"
24821,10411738045,10411738090,1,"IOTHUB_CLIENT_CONFIRMATION_OK"
24822,10411738245,10411738322,1,"IOTHUB_CLIENT_CONFIRMATION_OK"
24823,10411738446,10411738499,1,"IOTHUB_CLIENT_CONFIRMATION_OK"
24824,10411738646,10411738697,1,"IOTHUB_CLIENT_CONFIRMATION_OK"
24825,10411738846,10411739008,1,"IOTHUB_CLIENT_CONFIRMATION_OK"
24826,10411739046,10411739081,1,"IOTHUB_CLIENT_CONFIRMATION_OK"
24827,10411739246,10411739300,1,"IOTHUB_CLIENT_CONFIRMATION_OK"
24828,10411739446,10411739531,1,"IOTHUB_CLIENT_CONFIRMATION_OK"
24829,10411739646,10411739681,1,"IOTHUB_CLIENT_CONFIRMATION_OK"
24830,10411739847,10411739906,1,"IOTHUB_CLIENT_CONFIRMATION_OK"
24831,10411740047,10411740191,1,"IOTHUB_CLIENT_CONFIRMATION_OK"
24832,10411740247,10411740299,1,"IOTHUB_CLIENT_CONFIRMATION_OK"
24833,10411740447,10411740493,1,"IOTHUB_CLIENT_CONFIRMATION_OK"
24834,10411740647,10411740865,1,"IOTHUB_CLIENT_CONFIRMATION_OK"
24835,10411740847,10411740914,1,"IOTHUB_CLIENT_CONFIRMATION_OK"
24836,10411741048,10411741088,1,"IOTHUB_CLIENT_CONFIRMATION_OK"
24837,10411741248,10411741377,1,"IOTHUB_CLIENT_CONFIRMATION_OK"
24838,10411741448,10411741499,1,"IOTHUB_CLIENT_CONFIRMATION_OK"
24839,10411741648,10411741707,1,"IOTHUB_CLIENT_CONFIRMATION_OK"
24840,10411741848,10411741982,1,"IOTHUB_CLIENT_CONFIRMATION_OK"
24841,10411742048,10411742106,1,"IOTHUB_CLIENT_CONFIRMATION_OK"
24842,10411742249,10411742298,1,"IOTHUB_CLIENT_CONFIRMATION_OK"
24843,10411742449,10411742588,1,"IOTHUB_CLIENT_CONFIRMATION_OK"
24844,10411742649,10411742740,1,"IOTHUB_CLIENT_CONFIRMATION_OK"
24845,10411742849,10411742884,1,"IOTHUB_CLIENT_CONFIRMATION_OK"
24846,10411743049,10411743221,1,"IOTHUB_CLIENT_CONFIRMATION_OK"
24847,10411743249,10411743282,1,"IOTHUB_CLIENT_CONFIRMATION_OK"
24848,10411743450,10411743491,1,"IOTHUB_CLIENT_CONFIRMATION_OK"
24849,10411743650,10411743698,1,"IOTHUB_CLIENT_CONFIRMATION_OK"
24850,10411743850,10411743902,1,"IOTHUB_CLIENT_CONFIRMATION_OK"
24851,10411744050,10411744107,1,"IOTHUB_CLIENT_CONFIRMATION_OK"
24852,10411744250,10411744320,1,"IOTHUB_CLIENT_CONFIRMATION_OK"
24853,10411744450,10411744496,1,"IOTHUB_CLIENT_CONFIRMATION_OK"
24854,10411744651,10411744703,1,"IOTHUB_CLIENT_CONFIRMATION_OK"
24855,10411744851,10411744921,1,"IOTHUB_CLIENT_CONFIRMATION_OK"
24856,10411745051,10411745081,1,"IOTHUB_CLIENT_CONFIRMATION_OK"
24857,10411745251,10411745353,1,"IOTHUB_CLIENT_CONFIRMATION_OK"
24858,10411745451,10411745581,1,"IOTHUB_CLIENT_CONFIRMATION_OK"
24859,10411745651,10411745689,1,"IOTHUB_CLIENT_CONFIRMATION_OK"
24860,10411745851,10411745908,1,"IOTHUB_CLIENT_CONFIRMATION_OK"
24861,10411746052,10411746176,1,"IOTHUB_CLIENT_CONFIRMATION_OK"
24862,10411746252,10411746295,1,"IOTHUB_CLIENT_CONFIRMATION_OK"
24863,10411746452,10411746493,1,"IOTHUB_CLIENT_CONFIRMATION_OK"
24864,10411746652,10411746811,1,"IOTHUB_CLIENT_CONFIRMATION_OK"
24865,10411746852,10411746916,1,"IOTHUB_CLIENT_CONFIRMATION_OK"
24866,10411747052,10411747113,1,"IOTHUB_CLIENT_CONFIRMATION_OK"
24867,10411747253,10411747301,1,"IOTHUB_CLIENT_CONFIRMATION_OK"
24868,10411747453,10411747515,1,"IOTHUB_CLIENT_CONFIRMATION_OK"
24869,10411747653,10411747702,1,"IOTHUB_CLIENT_CONFIRMATION_OK"
24870,10411747853,10411747904,1,"IOTHUB_CLIENT_CONFIRMATION_OK"
24871,10411748053,10411748093,1,"IOTHUB_CLIENT_CONFIRMATION_OK"
24872,10411748253,10411748311,1,"IOTHUB_CLIENT_CONFIRMATION_OK"
24873,10411748454,10411748495,1,"IOTHUB_CLIENT_CONFIRMATION_OK"
24874,10411748654,10411748688,1,"IOTHUB_CLIENT_CONFIRMATION_OK"
24875,10411748854,10411748946,1,"IOTHUB_CLIENT_CONFIRMATION_OK"
24876,10411749054,10411749113,1,"IOTHUB_CLIENT_CONFIRMATION_OK"
24877,10411749254,10411749317,1,"IOTHUB_CLIENT_CONFIRMATION_OK"
24878,10411749454,10411749501,1,"IOTHUB_CLIENT_CONFIRMATION_OK"
24879,10411749654,10411749707,1,"IOTHUB_CLIENT_CONFIRMATION_OK"
24880,10411749855,10411749894,1,"IOTHUB_CLIENT_CONFIRMATION_OK"
24881,10411750055,10411750088,1,"IOTHUB_CLIENT_CONFIRMATION_OK"
24882,10411750255,10411750297,1,"IOTHUB_CLIENT_CONFIRMATION_OK"
24883,10411750455,10411750508,1,"IOTHUB_CLIENT_CONFIRMATION_OK"
24884,10411750655,10411750698,1,"IOTHUB_CLIENT_CONFIRMATION_OK"
24885,10411750855,10411750899,1,"IOTHUB_CLIENT_CONFIRMATION_OK"
24886,10411751056,10411751119,1,"IOTHUB_CLIENT_CONFIRMATION_OK"
24887,10411751256,10411751296,1,"IOTHUB_CLIENT_CONFIRMATION_OK"
24888,10411751456,10411751609,1,"IOTHUB_CLIENT_CONFIRMATION_OK"
24889,10411751656,10411751741,1,"IOTHUB_CLIENT_CONFIRMATION_OK"
24890,10411751856,10411751928,1,"IOTHUB_CLIENT_CONFIRMATION_OK"
24891,10411752056,10411752097,1,"IOTHUB_CLIENT_CONFIRMATION_OK"
24892,10411752257,10411752299,1,"IOTHUB_CLIENT_CONFIRMATION_OK"
24893,10411752457,10411752519,1,"IOTHUB_CLIENT_CONFIRMATION_OK"
24894,10411752657,10411752698,1,"IOTHUB_CLIENT_CONFIRMATION_OK"
24895,10411752857,10411752977,1,"IOTHUB_CLIENT_CONFIRMATION_OK"
24896,10411753057,10411753122,1,"IOTHUB_CLIENT_CONFIRMATION_OK"
24897,10411753257,10411753299,1,"IOTHUB_CLIENT_CONFIRMATION_OK"
24898,10411753457,10411753514,1,"IOTHUB_CLIENT_CONFIRMATION_OK"
24899,10411753658,10411753776,1,"IOTHUB_CLIENT_CONFIRMATION_OK"
24900,10411753858,10411753982,1,"IOTHUB_CLIENT_CONFIRMATION_OK"
24901,10411754058,10411754096,1,"IOTHUB_CLIENT_CONFIRMATION_OK"
24902,10411754258,10411754306,1,"IOTHUB_CLIENT_CONFIRMATION_OK"
24903,10411754458,10411754530,1,"IOTHUB_CLIENT_CONFIRMATION_OK"
24904,10411754658,10411754695,1,"IOTHUB_CLIENT_CONFIRMATION_OK"
24905,10411754859,10411754898,1,"IOTHUB_CLIENT_CONFIRMATION_OK"
24906,10411755059,10411755219,1,"IOTHUB_CLIENT_CONFIRMATION_OK"
24907,10411755259,10411755305,1,"IOTHUB_CLIENT_CONFIRMATION_OK"
24908,10411755459,10411755496,1,"IOTHUB_CLIENT_CONFIRMATION_OK"
24909,10411755659,10411755767,1,"IOTHUB_CLIENT_CONFIRMATION_OK"
24910,10411755859,10411755893,1,"IOTHUB_CLIENT_CONFIRMATION_OK"
24911,10411756059,10411756093,1,"IOTHUB_CLIENT_CONFIRMATION_OK"
24912,10411756260,10411756405,1,"IOTHUB_CLIENT_CONFIRMATION_OK"
24913,10411756460,10411756501,1,"IOTHUB_CLIENT_CONFIRMATION_OK"
24914,10411756660,10411756721,1,"IOTHUB_CLIENT_CONFIRMATION_OK"
24915,10411756860,10411757021,1,"IOTHUB_CLIENT_CONFIRMATION_OK"
24916,10411757060,10411757095,1,"IOTHUB_CLIENT_CONFIRMATION_OK"
24917,10411757260,10411757344,1,"IOTHUB_CLIENT_CONFIRMATION_OK"
24918,10411757461,10411757565,1,"IOTHUB_CLIENT_CONFIRMATION_OK"
24919,10411757661,10411757706,1,"IOTHUB_CLIENT_CONFIRMATION_OK"
24920,10411757861,10411757939,1,"IOTHUB_CLIENT_CONFIRMATION_OK"
24921,10411758061,10411758101,1,"IOTHUB_CLIENT_CONFIRMATION_OK"
24922,10411758261,10411758312,1,"IOTHUB_CLIENT_CONFIRMATION_OK"
24923,10411758461,10411758496,1,"IOTHUB_CLIENT_CONFIRMATION_OK"
24924,10411758661,10411758709,1,"IOTHUB_CLIENT_CONFIRMATION_OK"
24925,10411758862,10411758906,1,"IOTHUB_CLIENT_CONFIRMATION_OK"
24926,10411759062,10411759100,1,"IOTHUB_CLIENT_CONFIRMATION_OK"
24927,10411759262,10411759299,1,"IOTHUB_CLIENT_CONFIRMATION_OK"
24928,10411759462,10411759515,1,"IOTHUB_CLIENT_CONFIRMATION_OK"
24929,10411759662,10411759719,1,"IOTHUB_CLIENT_CONFIRMATION_OK"
24930,10411759862,10411759909,1,"IOTHUB_CLIENT_CONFIRMATION_OK"
24931,10411760063,10411760102,1,"IOTHUB_CLIENT_CONFIRMATION_OK"
24932,10411760263,10411760297,1,"IOTHUB_CLIENT_CONFIRMATION_OK"
24933,10411760463,10411760504,1,"IOTHUB_CLIENT_CONFIRMATION_OK"
24934,10411760663,10411760702,1,"IOTHUB_CLIENT_CONFIRMATION_OK"
24935,10411760863,10411760936,1,"IOTHUB_CLIENT_CONFIRMATION_OK"
24936,10411761063,10411761127,1,"IOTHUB_CLIENT_CONFIRMATION_OK"
24937,10411761264,10411761311,1,"IOTHUB_CLIENT_CONFIRMATION_OK"
24938,10411761464,10411761557,1,"IOTHUB_CLIENT_CONFIRMATION_OK"
24939,10411761664,10411761702,1,"IOTHUB_CLIENT_CONFIRMATION_OK"
24940,10411761864,10411761913,1,"IOTHUB_CLIENT_CONFIRMATION_OK"
24941,10411762064,10411762152,1,"IOTHUB_CLIENT_CONFIRMATION_OK"
24942,10411762264,10411762315,1,"IOTHUB_CLIENT_CONFIRMATION_OK"
24943,10411762464,10411762514,1,"IOTHUB_CLIENT_CONFIRMATION_OK"
24944,10411762665,10411762717,1,"IOTHUB_CLIENT_CONFIRMATION_OK"
24945,10411762865,10411762921,1,"IOTHUB_CLIENT_CONFIRMATION_OK"
24946,10411763065,10411763125,1,"IOTHUB_CLIENT_CONFIRMATION_OK"
24947,10411763265,10411763362,1,"IOTHUB_CLIENT_CONFIRMATION_OK"
24948,10411763465,10411763585,1,"IOTHUB_CLIENT_CONFIRMATION_OK"
24949,10411763665,10411763737,1,"IOTHUB_CLIENT_CONFIRMATION_OK"
24950,10411763865,10411764088,1,"IOTHUB_CLIENT_CONFIRMATION_OK"
24951,10411764066,10411764185,1,"IOTHUB_CLIENT_CONFIRMATION_OK"
24952,10411764266,10411764313,1,"IOTHUB_CLIENT_CONFIRMATION_OK"
24953,10411764466,10411764538,1,"IOTHUB_CLIENT_CONFIRMATION_OK"
24954,10411764666,10411764747,1,"IOTHUB_CLIENT_CONFIRMATION_OK"
24955,10411764866,10411764906,1,"IOTHUB_CLIENT_CONFIRMATION_OK"
24956,10411765066,10411765118,1,"IOTHUB_CLIENT_CONFIRMATION_OK"
24957,10411765267,10411765362,1,"IOTHUB_CLIENT_CONFIRMATION_OK"
24958,10411765467,10411765528,1,"IOTHUB_CLIENT_CONFIRMATION_OK"
24959,10411765667,10411765717,1,"IOTHUB_CLIENT_CONFIRMATION_OK"
24960,10411765867,10411765971,1,"IOTHUB_CLIENT_CONFIRMATION_OK"
24961,10411766067,10411766112,1,"IOTHUB_CLIENT_CONFIRMATION_OK"
24962,10411766267,10411766303,1,"IOTHUB_CLIENT_CONFIRMATION_OK"
24963,10411766468,10411766607,1,"IOTHUB_CLIENT_CONFIRMATION_OK"
24964,10411766668,10411766703,1,"IOTHUB_CLIENT_CONFIRMATION_OK"
24965,10411766868,10411766909,1,"IOTHUB_CLIENT_CONFIRMATION_OK"
24966,10411767068,10411767109,1,"IOTHUB_CLIENT_CONFIRMATION_OK"
24967,10411767268,10411767334,1,"IOTHUB_CLIENT_CONFIRMATION_OK"
24968,10411767468,10411767511,1,"IOTHUB_CLIENT_CONFIRMATION_OK"
24969,10411767668,10411767720,1,"IOTHUB_CLIENT_CONFIRMATION_OK"
24970,10411767869,10411767917,1,"IOTHUB_CLIENT_CONFIRMATION_OK"
24971,10411768069,10411768133,1,"IOTHUB_CLIENT_CONFIRMATION_OK"
24972,10411768269,10411768307,1,"IOTHUB_CLIENT_CONFIRMATION_OK"
24973,10411768469,10411768525,1,"IOTHUB_CLIENT_CONFIRMATION_OK"
24974,10411768669,10411768723,1,"IOTHUB_CLIENT_CONFIRMATION_OK"
24975,10411768869,10411768976,1,"IOTHUB_CLIENT_CONFIRMATION_OK"
24976,10411769069,10411769119,1,"IOTHUB_CLIENT_CONFIRMATION_OK"
24977,10411769270,10411769674,1,"IOTHUB_CLIENT_CONFIRMATION_OK"
24978,10411769470,10411769703,1,"IOTHUB_CLIENT_CONFIRMATION_OK"
24979,10411769670,10411769726,1,"IOTHUB_CLIENT_CONFIRMATION_OK"
24980,10411769870,10411769932,1,"IOTHUB_CLIENT_CONFIRMATION_OK"
24981,10411770070,10411770124,1,"IOTHUB_CLIENT_CONFIRMATION_OK"
24982,10411770270,10411770316,1,"IOTHUB_CLIENT_CONFIRMATION_OK"
24983,10411770471,10411770516,1,"IOTHUB_CLIENT_CONFIRMATION_OK"
24984,10411770671,10411770712,1,"IOTHUB_CLIENT_CONFIRMATION_OK"
24985,10411770871,10411770908,1,"IOTHUB_CLIENT_CONFIRMATION_OK"
24986,10411771071,10411771166,1,"IOTHUB_CLIENT_CONFIRMATION_OK"
24987,10411771271,10411771320,1,"IOTHUB_CLIENT_CONFIRMATION_OK"
24988,10411771471,10411771520,1,"IOTHUB_CLIENT_CONFIRMATION_OK"
24989,10411771672,10411771727,1,"IOTHUB_CLIENT_CONFIRMATION_OK"
24990,10411771872,10411771920,1,"IOTHUB_CLIENT_CONFIRMATION_OK"
24991,10411772072,10411772125,1,"IOTHUB_CLIENT_CONFIRMATION_OK"
24992,10411772272,10411772309,1,"IOTHUB_CLIENT_CONFIRMATION_OK"
24993,10411772472,10411772528,1,"IOTHUB_CLIENT_CONFIRMATION_OK"
24994,10411772672,10411772751,1,"IOTHUB_CLIENT_CONFIRMATION_OK"
24995,10411772873,10411772917,1,"IOTHUB_CLIENT_CONFIRMATION_OK"
24996,10411773073,10411773130,1,"IOTHUB_CLIENT_CONFIRMATION_OK"
24997,10411773273,10411773358,1,"IOTHUB_CLIENT_CONFIRMATION_OK"
24998,10411773473,10411773506,1,"IOTHUB_CLIENT_CONFIRMATION_OK"
24999,10411773673,10411773711,1,"IOTHUB_CLIENT_CONFIRMATION_OK"
25000,10411773873,10411773916,1,"IOTHUB_CLIENT_CONFIRMATION_OK"
25001,10411774073,10411774126,1,"IOTHUB_CLIENT_CONFIRMATION_OK"
25002,10411774274,10411774338,1,"IOTHUB_CLIENT_CONFIRMATION_OK"
25003,10411774474,10411774516,1,"IOTHUB_CLIENT_CONFIRMATION_OK"
25004,10411774674,10411774715,1,"IOTHUB_CLIENT_CONFIRMATION_OK"
25005,10411774874,10411774929,1,"IOTHUB_CLIENT_CONFIRMATION_OK"
25006,10411775074,10411775182,1,"IOTHUB_CLIENT_CONFIRMATION_OK"
25007,10411775274,10411775362,1,"IOTHUB_CLIENT_CONFIRMATION_OK"
25008,10411775475,10411775577,1,"IOTHUB_CLIENT_CONFIRMATION_OK"
25009,10411775675,10411775724,1,"IOTHUB_CLIENT_CONFIRMATION_OK"
25010,10411775875,10411776011,1,"IOTHUB_CLIENT_CONFIRMATION_OK"
25011,10411776075,10411776114,1,"IOTHUB_CLIENT_CONFIRMATION_OK"
25012,10411776275,10411776376,1,"IOTHUB_CLIENT_CONFIRMATION_OK"
25013,10411776475,10411776518,1,"IOTHUB_CLIENT_CONFIRMATION_OK"
25014,10411776676,10411776729,1,"IOTHUB_CLIENT_CONFIRMATION_OK"
25015,10411776876,10411776953,1,"IOTHUB_CLIENT_CONFIRMATION_OK"
25016,10411777076,10411777116,1,"IOTHUB_CLIENT_CONFIRMATION_OK"
25017,10411777276,10411777322,1,"IOTHUB_CLIENT_CONFIRMATION_OK"
25018,10411777476,10411777540,1,"IOTHUB_CLIENT_CONFIRMATION_OK"
25019,10411777676,10411777730,1,"IOTHUB_CLIENT_CONFIRMATION_OK"
25020,10411777876,10411777930,1,"IOTHUB_CLIENT_CONFIRMATION_OK"
25021,10411778077,10411778127,1,"IOTHUB_CLIENT_CONFIRMATION_OK"
25022,10411778277,10411778327,1,"IOTHUB_CLIENT_CONFIRMATION_OK"
25023,10411778477,10411778510,1,"IOTHUB_CLIENT_CONFIRMATION_OK"
25024,10411778677,10411778721,1,"IOTHUB_CLIENT_CONFIRMATION_OK"
25025,10411778877,10411778927,1,"IOTHUB_CLIENT_CONFIRMATION_OK"
25026,10411779077,10411779109,1,"IOTHUB_CLIENT_CONFIRMATION_OK"
25027,10411779278,10411779353,1,"IOTHUB_CLIENT_CONFIRMATION_OK"
25028,10411779478,10411779523,1,"IOTHUB_CLIENT_CONFIRMATION_OK"
25029,10411779678,10411779780,1,"IOTHUB_CLIENT_CONFIRMATION_OK"
25030,10411779878,10411779962,1,"IOTHUB_CLIENT_CONFIRMATION_OK"
25031,10411780078,10411780133,1,"IOTHUB_CLIENT_CONFIRMATION_OK"
25032,10411780278,10411780377,1,"IOTHUB_CLIENT_CONFIRMATION_OK"
25033,10411780478,10411780516,1,"IOTHUB_CLIENT_CONFIRMATION_OK"
25034,10411780679,10411780714,1,"IOTHUB_CLIENT_CONFIRMATION_OK"
25035,10411780879,10411780958,1,"IOTHUB_CLIENT_CONFIRMATION_OK"
25036,10411781079,10411781131,1,"IOTHUB_CLIENT_CONFIRMATION_OK"
25037,10411781279,10411781320,1,"IOTHUB_CLIENT_CONFIRMATION_OK"
25038,10411781479,10411781569,1,"IOTHUB_CLIENT_CONFIRMATION_OK"
25039,10411781679,10411781731,1,"IOTHUB_CLIENT_CONFIRMATION_OK"
25040,10411781880,10411781942,1,"IOTHUB_CLIENT_CONFIRMATION_OK"
25041,10411782080,10411782131,1,"IOTHUB_CLIENT_CONFIRMATION_OK"
25042,10411782280,10411782344,1,"IOTHUB_CLIENT_CONFIRMATION_OK"
25043,10411782480,10411782533,1,"IOTHUB_CLIENT_CONFIRMATION_OK"
25044,10411782680,10411782731,1,"IOTHUB_CLIENT_CONFIRMATION_OK"
25045,10411782880,10411782922,1,"IOTHUB_CLIENT_CONFIRMATION_OK"
25046,10411783080,10411783116,1,"IOTHUB_CLIENT_CONFIRMATION_OK"
25047,10411783281,10411783325,1,"IOTHUB_CLIENT_CONFIRMATION_OK"
25048,10411783481,10411783519,1,"IOTHUB_CLIENT_CONFIRMATION_OK"
25049,10411783681,10411783777,1,"IOTHUB_CLIENT_CONFIRMATION_OK"
25050,10411783881,10411783949,1,"IOTHUB_CLIENT_CONFIRMATION_OK"
25051,10411784081,10411784130,1,"IOTHUB_CLIENT_CONFIRMATION_OK"
25052,10411784281,10411784322,1,"IOTHUB_CLIENT_CONFIRMATION_OK"
25053,10411784482,10411784521,1,"IOTHUB_CLIENT_CONFIRMATION_OK"
25054,10411784682,10411784770,1,"IOTHUB_CLIENT_CONFIRMATION_OK"
25055,10411784882,10411784921,1,"IOTHUB_CLIENT_CONFIRMATION_OK"
25056,10411785082,10411785134,1,"IOTHUB_CLIENT_CONFIRMATION_OK"
25057,10411785282,10411785351,1,"IOTHUB_CLIENT_CONFIRMATION_OK"
25058,10411785482,10411785534,1,"IOTHUB_CLIENT_CONFIRMATION_OK"
25059,10411785682,10411785730,1,"IOTHUB_CLIENT_CONFIRMATION_OK"
25060,10411785883,10411785948,1,"IOTHUB_CLIENT_CONFIRMATION_OK"
25061,10411786083,10411786136,1,"IOTHUB_CLIENT_CONFIRMATION_OK"
25062,10411786283,10411786349,1,"IOTHUB_CLIENT_CONFIRMATION_OK"
25063,10411786483,10411786522,1,"IOTHUB_CLIENT_CONFIRMATION_OK"
25064,10411786683,10411786738,1,"IOTHUB_CLIENT_CONFIRMATION_OK"
25065,10411786883,10411786931,1,"IOTHUB_CLIENT_CONFIRMATION_OK"
25066,10411787084,10411787146,1,"IOTHUB_CLIENT_CONFIRMATION_OK"
25067,10411787284,10411787326,1,"IOTHUB_CLIENT_CONFIRMATION_OK"
25068,10411787484,10411787597,1,"IOTHUB_CLIENT_CONFIRMATION_OK"
25069,10411787684,10411787738,1,"IOTHUB_CLIENT_CONFIRMATION_OK"
25070,10411787884,10411787955,1,"IOTHUB_CLIENT_CONFIRMATION_OK"
25071,10411788084,10411788134,1,"IOTHUB_CLIENT_CONFIRMATION_OK"
25072,10411788284,10411788329,1,"IOTHUB_CLIENT_CONFIRMATION_OK"
25073,10411788485,10411788526,1,"IOTHUB_CLIENT_CONFIRMATION_OK"
25074,10411788685,10411788732,1,"IOTHUB_CLIENT_CONFIRMATION_OK"
25075,10411788885,10411788949,1,"IOTHUB_CLIENT_CONFIRMATION_OK"
25076,10411789085,10411789158,1,"IOTHUB_CLIENT_CONFIRMATION_OK"
25077,10411789285,10411789338,1,"IOTHUB_CLIENT_CONFIRMATION_OK"
25078,10411789485,10411789583,1,"IOTHUB_CLIENT_CONFIRMATION_OK"
25079,10411789686,10411789725,1,"IOTHUB_CLIENT_CONFIRMATION_OK"
25080,10411789886,10411789949,1,"IOTHUB_CLIENT_CONFIRMATION_OK"
25081,10411790086,10411790142,1,"IOTHUB_CLIENT_CONFIRMATION_OK"
25082,10411790286,10411790397,1,"IOTHUB_CLIENT_CONFIRMATION_OK"
25083,10411790486,10411790536,1,"IOTHUB_CLIENT_CONFIRMATION_OK"
25084,10411790686,10411790769,1,"IOTHUB_CLIENT_CONFIRMATION_OK"
25085,10411790886,10411790920,1,"IOTHUB_CLIENT_CONFIRMATION_OK"
25086,10411791087,10411791140,1,"IOTHUB_CLIENT_CONFIRMATION_OK"
25087,10411791287,10411791345,1,"IOTHUB_CLIENT_CONFIRMATION_OK"
25088,10411791487,10411791571,1,"IOTHUB_CLIENT_CONFIRMATION_OK"
25089,10411791687,10411791752,1,"IOTHUB_CLIENT_CONFIRMATION_OK"
25090,10411791887,10411791949,1,"IOTHUB_CLIENT_CONFIRMATION_OK"
25091,10411792087,10411792159,1,"IOTHUB_CLIENT_CONFIRMATION_OK"
25092,10411792287,10411792345,1,"IOTHUB_CLIENT_CONFIRMATION_OK"
25093,10411792488,10411792536,1,"IOTHUB_CLIENT_CONFIRMATION_OK"
25094,10411792688,10411792734,1,"IOTHUB_CLIENT_CONFIRMATION_OK"
25095,10411792888,10411792932,1,"IOTHUB_CLIENT_CONFIRMATION_OK"
25096,10411793088,10411793276,1,"IOTHUB_CLIENT_CONFIRMATION_OK"
25097,10411793288,10411793361,1,"IOTHUB_CLIENT_CONFIRMATION_OK"
25098,10411793488,10411793520,1,"IOTHUB_CLIENT_CONFIRMATION_OK"
25099,10411793689,10411793722,1,"IOTHUB_CLIENT_CONFIRMATION_OK"
25100,10411793889,10411793946,1,"IOTHUB_CLIENT_CONFIRMATION_OK"
25101,10411794089,10411794129,1,"IOTHUB_CLIENT_CONFIRMATION_OK"
25102,10411794289,10411794344,1,"IOTHUB_CLIENT_CONFIRMATION_OK"
25103,10411794489,10411794577,1,"IOTHUB_CLIENT_CONFIRMATION_OK"
25104,10411794689,10411794744,1,"IOTHUB_CLIENT_CONFIRMATION_OK"
25105,10411794889,10411794937,1,"IOTHUB_CLIENT_CONFIRMATION_OK"
25106,10411795090,10411795135,1,"IOTHUB_CLIENT_CONFIRMATION_OK"
25107,10411795290,10411795329,1,"IOTHUB_CLIENT_CONFIRMATION_OK"
25108,10411795490,10411795572,1,"IOTHUB_CLIENT_CONFIRMATION_OK"
25109,10411795690,10411795730,1,"IOTHUB_CLIENT_CONFIRMATION_OK"
25110,10411795890,10411795986,1,"IOTHUB_CLIENT_CONFIRMATION_OK"
25111,10411796090,10411796139,1,"IOTHUB_CLIENT_CONFIRMATION_OK"
25112,10411796291,10411796361,1,"IOTHUB_CLIENT_CONFIRMATION_OK"
25113,10411796491,10411796574,1,"IOTHUB_CLIENT_CONFIRMATION_OK"
25114,10411796691,10411796799,1,"IOTHUB_CLIENT_CONFIRMATION_OK"
25115,10411796891,10411796926,1,"IOTHUB_CLIENT_CONFIRMATION_OK"
25116,10411797091,10411797150,1,"IOTHUB_CLIENT_CONFIRMATION_OK"
25117,10411797291,10411797357,1,"IOTHUB_CLIENT_CONFIRMATION_OK"
25118,10411797492,10411797539,1,"IOTHUB_CLIENT_CONFIRMATION_OK"
25119,10411797692,10411797751,1,"IOTHUB_CLIENT_CONFIRMATION_OK"
25120,10411797892,10411797941,1,"IOTHUB_CLIENT_CONFIRMATION_OK"
25121,10411798092,10411798146,1,"IOTHUB_CLIENT_CONFIRMATION_OK"
25122,10411798292,10411798335,1,"IOTHUB_CLIENT_CONFIRMATION_OK"
25123,10411798492,10411798552,1,"IOTHUB_CLIENT_CONFIRMATION_OK"
25124,10411798692,10411798767,1,"IOTHUB_CLIENT_CONFIRMATION_OK"
25125,10411798893,10411798992,1,"IOTHUB_CLIENT_CONFIRMATION_OK"
25126,10411799093,10411799124,1,"IOTHUB_CLIENT_CONFIRMATION_OK"
25127,10411799293,10411799330,1,"IOTHUB_CLIENT_CONFIRMATION_OK"
25128,10411799493,10411799533,1,"IOTHUB_CLIENT_CONFIRMATION_OK"
25129,10411799693,10411799777,1,"IOTHUB_CLIENT_CONFIRMATION_OK"
25130,10411799893,10411799945,1,"IOTHUB_CLIENT_CONFIRMATION_OK"
25131,10411800094,10411800133,1,"IOTHUB_CLIENT_CONFIRMATION_OK"
25132,10411800294,10411800337,1,"IOTHUB_CLIENT_CONFIRMATION_OK"
25133,10411800494,10411800585,1,"IOTHUB_CLIENT_CONFIRMATION_OK"
25134,10411800694,10411800781,1,"IOTHUB_CLIENT_CONFIRMATION_OK"
25135,10411800894,10411800948,1,"IOTHUB_CLIENT_CONFIRMATION_OK"
25136,10411801094,10411801173,1,"IOTHUB_CLIENT_CONFIRMATION_OK"
25137,10411801294,10411801345,1,"IOTHUB_CLIENT_CONFIRMATION_OK"
25138,10411801495,10411801544,1,"IOTHUB_CLIENT_CONFIRMATION_OK"
25139,10411801695,10411801770,1,"IOTHUB_CLIENT_CONFIRMATION_OK"
25140,10411801895,10411801936,1,"IOTHUB_CLIENT_CONFIRMATION_OK"
25141,10411802095,10411802187,1,"IOTHUB_CLIENT_CONFIRMATION_OK"
25142,10411802295,10411802400,1,"IOTHUB_CLIENT_CONFIRMATION_OK"
25143,10411802495,10411802537,1,"IOTHUB_CLIENT_CONFIRMATION_OK"
25144,10411802696,10411802738,1,"IOTHUB_CLIENT_CONFIRMATION_OK"
25145,10411802896,10411803009,1,"IOTHUB_CLIENT_CONFIRMATION_OK"
25146,10411803096,10411803135,1,"IOTHUB_CLIENT_CONFIRMATION_OK"
25147,10411803296,10411803394,1,"IOTHUB_CLIENT_CONFIRMATION_OK"
25148,10411803496,10411803593,1,"IOTHUB_CLIENT_CONFIRMATION_OK"
25149,10411803696,10411803754,1,"IOTHUB_CLIENT_CONFIRMATION_OK"
25150,10411803896,10411803946,1,"IOTHUB_CLIENT_CONFIRMATION_OK"
25151,10411804097,10411804212,1,"IOTHUB_CLIENT_CONFIRMATION_OK"
25152,10411804297,10411804336,1,"IOTHUB_CLIENT_CONFIRMATION_OK"
25153,10411804497,10411804551,1,"IOTHUB_CLIENT_CONFIRMATION_OK"
25154,10411804697,10411804825,1,"IOTHUB_CLIENT_CONFIRMATION_OK"
25155,10411804897,10411804943,1,"IOTHUB_CLIENT_CONFIRMATION_OK"
25156,10411805097,10411805194,1,"IOTHUB_CLIENT_CONFIRMATION_OK"
25157,10411805298,10411805462,1,"IOTHUB_CLIENT_CONFIRMATION_OK"
25158,10411805498,10411805605,1,"IOTHUB_CLIENT_CONFIRMATION_OK"
25159,10411805698,10411805744,1,"IOTHUB_CLIENT_CONFIRMATION_OK"
25160,10411805898,10411806045,1,"IOTHUB_CLIENT_CONFIRMATION_OK"
25161,10411806098,10411806135,1,"IOTHUB_CLIENT_CONFIRMATION_OK"
25162,10411806298,10411806349,1,"IOTHUB_CLIENT_CONFIRMATION_OK"
25163,10411806499,10411806671,1,"IOTHUB_CLIENT_CONFIRMATION_OK"
25164,10411806699,10411806738,1,"IOTHUB_CLIENT_CONFIRMATION_OK"
25165,10411806899,10411806952,1,"IOTHUB_CLIENT_CONFIRMATION_OK"
25166,10411807099,10411807329,1,"IOTHUB_CLIENT_CONFIRMATION_OK"
25167,10411807299,10411807356,1,"IOTHUB_CLIENT_CONFIRMATION_OK"
25168,10411807499,10411807551,1,"IOTHUB_CLIENT_CONFIRMATION_OK"
25169,10411807699,10411807802,1,"IOTHUB_CLIENT_CONFIRMATION_OK"
25170,10411807900,10411807957,1,"IOTHUB_CLIENT_CONFIRMATION_OK"
25171,10411808100,10411808148,1,"IOTHUB_CLIENT_CONFIRMATION_OK"
25172,10411808300,10411808369,1,"IOTHUB_CLIENT_CONFIRMATION_OK"
25173,10411808500,10411808584,1,"IOTHUB_CLIENT_CONFIRMATION_OK"
25174,10411808700,10411808751,1,"IOTHUB_CLIENT_CONFIRMATION_OK"
25175,10411808900,10411808951,1,"IOTHUB_CLIENT_CONFIRMATION_OK"
25176,10411809101,10411809153,1,"IOTHUB_CLIENT_CONFIRMATION_OK"
25177,10411809301,10411809365,1,"IOTHUB_CLIENT_CONFIRMATION_OK"
25178,10411809501,10411809574,1,"IOTHUB_CLIENT_CONFIRMATION_OK"
25179,10411809701,10411809743,1,"IOTHUB_CLIENT_CONFIRMATION_OK"
25180,10411809901,10411809941,1,"IOTHUB_CLIENT_CONFIRMATION_OK"
25181,10411810101,10411810207,1,"IOTHUB_CLIENT_CONFIRMATION_OK"
25182,10411810302,10411810341,1,"IOTHUB_CLIENT_CONFIRMATION_OK"
25183,10411810502,10411810594,1,"IOTHUB_CLIENT_CONFIRMATION_OK"
25184,10411810702,10411810789,1,"IOTHUB_CLIENT_CONFIRMATION_OK"
25185,10411810902,10411810955,1,"IOTHUB_CLIENT_CONFIRMATION_OK"
25186,10411811102,10411811150,1,"IOTHUB_CLIENT_CONFIRMATION_OK"
25187,10411811302,10411811402,1,"IOTHUB_CLIENT_CONFIRMATION_OK"
25188,10411811503,10411811540,1,"IOTHUB_CLIENT_CONFIRMATION_OK"
25189,10411811703,10411811755,1,"IOTHUB_CLIENT_CONFIRMATION_OK"
25190,10411811903,10411812020,1,"IOTHUB_CLIENT_CONFIRMATION_OK"
25191,10411812103,10411812151,1,"IOTHUB_CLIENT_CONFIRMATION_OK"
25192,10411812303,10411812363,1,"IOTHUB_CLIENT_CONFIRMATION_OK"
25193,10411812503,10411812626,1,"IOTHUB_CLIENT_CONFIRMATION_OK"
25194,10411812703,10411812766,1,"IOTHUB_CLIENT_CONFIRMATION_OK"
25195,10411812904,10411812952,1,"IOTHUB_CLIENT_CONFIRMATION_OK"
25196,10411813104,10411813313,1,"IOTHUB_CLIENT_CONFIRMATION_OK"
25197,10411813304,10411813363,1,"IOTHUB_CLIENT_CONFIRMATION_OK"
25198,10411813504,10411813554,1,"IOTHUB_CLIENT_CONFIRMATION_OK"
25199,10411813704,10411813901,1,"IOTHUB_CLIENT_CONFIRMATION_OK"
25200,10411813904,10411813973,1,"IOTHUB_CLIENT_CONFIRMATION_OK"
25201,10411814104,10411814167,1,"IOTHUB_CLIENT_CONFIRMATION_OK"
25202,10411814305,10411814493,1,"IOTHUB_CLIENT_CONFIRMATION_OK"
25203,10411814505,10411814553,1,"IOTHUB_CLIENT_CONFIRMATION_OK"
25204,10411814705,10411814753,1,"IOTHUB_CLIENT_CONFIRMATION_OK"
25205,10411814905,10411815115,1,"IOTHUB_CLIENT_CONFIRMATION_OK"
25206,10411815105,10411815154,1,"IOTHUB_CLIENT_CONFIRMATION_OK"
25207,10411815305,10411815347,1,"IOTHUB_CLIENT_CONFIRMATION_OK"
25208,10411815506,10411815725,1,"IOTHUB_CLIENT_CONFIRMATION_OK"
25209,10411815706,10411815749,1,"IOTHUB_CLIENT_CONFIRMATION_OK"
25210,10411815906,10411815977,1,"IOTHUB_CLIENT_CONFIRMATION_OK"
25211,10411816106,10411816166,1,"IOTHUB_CLIENT_CONFIRMATION_OK"
25212,10411816306,10411816356,1,"IOTHUB_CLIENT_CONFIRMATION_OK"
25213,10411816506,10411816611,1,"IOTHUB_CLIENT_CONFIRMATION_OK"
25214,10411816707,10411816759,1,"IOTHUB_CLIENT_CONFIRMATION_OK"
25215,10411816907,10411816956,1,"IOTHUB_CLIENT_CONFIRMATION_OK"
25216,10411817107,10411817160,1,"IOTHUB_CLIENT_CONFIRMATION_OK"
25217,10411817307,10411817401,1,"IOTHUB_CLIENT_CONFIRMATION_OK"
25218,10411817507,10411817570,1,"IOTHUB_CLIENT_CONFIRMATION_OK"
25219,10411817707,10411817754,1,"IOTHUB_CLIENT_CONFIRMATION_OK"
25220,10411817907,10411818004,1,"IOTHUB_CLIENT_CONFIRMATION_OK"
25221,10411818108,10411818170,1,"IOTHUB_CLIENT_CONFIRMATION_OK"
25222,10411818308,10411818362,1,"IOTHUB_CLIENT_CONFIRMATION_OK"
25223,10411818508,10411818620,1,"IOTHUB_CLIENT_CONFIRMATION_OK"
25224,10411818708,10411818749,1,"IOTHUB_CLIENT_CONFIRMATION_OK"
25225,10411818908,10411818967,1,"IOTHUB_CLIENT_CONFIRMATION_OK"
25226,10411819108,10411819288,1,"IOTHUB_CLIENT_CONFIRMATION_OK"
25227,10411819309,10411819362,1,"IOTHUB_CLIENT_CONFIRMATION_OK"
25228,10411819509,10411819574,1,"IOTHUB_CLIENT_CONFIRMATION_OK"
25229,10411819709,10411819832,1,"IOTHUB_CLIENT_CONFIRMATION_OK"
25230,10411819909,10411819947,1,"IOTHUB_CLIENT_CONFIRMATION_OK"
25231,10411820109,10411820167,1,"IOTHUB_CLIENT_CONFIRMATION_OK"
25232,10411820309,10411820479,1,"IOTHUB_CLIENT_CONFIRMATION_OK"
25233,10411820509,10411820562,1,"IOTHUB_CLIENT_CONFIRMATION_OK"
25234,10411820710,10411820782,1,"IOTHUB_CLIENT_CONFIRMATION_OK"
25235,10411820910,10411821050,1,"IOTHUB_CLIENT_CONFIRMATION_OK"
25236,10411821110,10411821178,1,"IOTHUB_CLIENT_CONFIRMATION_OK"
25237,10411821310,10411821348,1,"IOTHUB_CLIENT_CONFIRMATION_OK"
25238,10411821510,10411821645,1,"IOTHUB_CLIENT_CONFIRMATION_OK"
25239,10411821710,10411821749,1,"IOTHUB_CLIENT_CONFIRMATION_OK"
25240,10411821911,10411821958,1,"IOTHUB_CLIENT_CONFIRMATION_OK"
25241,10411822111,10411822253,1,"IOTHUB_CLIENT_CONFIRMATION_OK"
25242,10411822311,10411822355,1,"IOTHUB_CLIENT_CONFIRMATION_OK"
25243,10411822511,10411822559,1,"IOTHUB_CLIENT_CONFIRMATION_OK"
25244,10411822711,10411822873,1,"IOTHUB_CLIENT_CONFIRMATION_OK"
25245,10411822911,10411822951,1,"IOTHUB_CLIENT_CONFIRMATION_OK"
25246,10411823112,10411823160,1,"IOTHUB_CLIENT_CONFIRMATION_OK"
25247,10411823312,10411823545,1,"IOTHUB_CLIENT_CONFIRMATION_OK"
25248,10411823512,10411823569,1,"IOTHUB_CLIENT_CONFIRMATION_OK"
25249,10411823712,10411823757,1,"IOTHUB_CLIENT_CONFIRMATION_OK"
25250,10411823912,10411824110,1,"IOTHUB_CLIENT_CONFIRMATION_OK"
25251,10411824112,10411824185,1,"IOTHUB_CLIENT_CONFIRMATION_OK"
25252,10411824313,10411824362,1,"IOTHUB_CLIENT_CONFIRMATION_OK"
25253,10411824513,10411824734,1,"IOTHUB_CLIENT_CONFIRMATION_OK"
25254,10411824713,10411824769,1,"IOTHUB_CLIENT_CONFIRMATION_OK"
25255,10411824913,10411824971,1,"IOTHUB_CLIENT_CONFIRMATION_OK"
25256,10411825113,10411825197,1,"IOTHUB_CLIENT_CONFIRMATION_OK"
25257,10411825313,10411825365,1,"IOTHUB_CLIENT_CONFIRMATION_OK"
25258,10411825514,10411825593,1,"IOTHUB_CLIENT_CONFIRMATION_OK"
25259,10411825714,10411825772,1,"IOTHUB_CLIENT_CONFIRMATION_OK"
25260,10411825914,10411825993,1,"IOTHUB_CLIENT_CONFIRMATION_OK"
25261,10411826114,10411826175,1,"IOTHUB_CLIENT_CONFIRMATION_OK"
25262,10411826314,10411826346,1,"IOTHUB_CLIENT_CONFIRMATION_OK"
25263,10411826514,10411826584,1,"IOTHUB_CLIENT_CONFIRMATION_OK"
25264,10411826714,10411826773,1,"IOTHUB_CLIENT_CONFIRMATION_OK"
25265,10411826915,10411826959,1,"IOTHUB_CLIENT_CONFIRMATION_OK"
25266,10411827115,10411827160,1,"IOTHUB_CLIENT_CONFIRMATION_OK"
25267,10411827315,10411827362,1,"IOTHUB_CLIENT_CONFIRMATION_OK"
25268,10411827515,10411827579,1,"IOTHUB_CLIENT_CONFIRMATION_OK"
25269,10411827715,10411827790,1,"IOTHUB_CLIENT_CONFIRMATION_OK"
25270,10411827915,10411827961,1,"IOTHUB_CLIENT_CONFIRMATION_OK"
25271,10411828116,10411828185,1,"IOTHUB_CLIENT_CONFIRMATION_OK"
25272,10411828316,10411828368,1,"IOTHUB_CLIENT_CONFIRMATION_OK"
25273,10411828516,10411828612,1,"IOTHUB_CLIENT_CONFIRMATION_OK"
25274,10411828716,10411828814,1,"IOTHUB_CLIENT_CONFIRMATION_OK"
25275,10411828916,10411828965,1,"IOTHUB_CLIENT_CONFIRMATION_OK"
25276,10411829116,10411829172,1,"IOTHUB_CLIENT_CONFIRMATION_OK"
25277,10411829317,10411829425,1,"IOTHUB_CLIENT_CONFIRMATION_OK"
25278,10411829517,10411829564,1,"IOTHUB_CLIENT_CONFIRMATION_OK"
25279,10411829717,10411829759,1,"IOTHUB_CLIENT_CONFIRMATION_OK"
25280,10411829917,10411830148,1,"IOTHUB_CLIENT_CONFIRMATION_OK"
25281,10411830117,10411830184,1,"IOTHUB_CLIENT_CONFIRMATION_OK"
25282,10411830317,10411830373,1,"IOTHUB_CLIENT_CONFIRMATION_OK"
25283,10411830517,10411830653,1,"IOTHUB_CLIENT_CONFIRMATION_OK"
25284,10411830718,10411830759,1,"IOTHUB_CLIENT_CONFIRMATION_OK"
25285,10411830918,10411830978,1,"IOTHUB_CLIENT_CONFIRMATION_OK"
25286,10411831118,10411831256,1,"IOTHUB_CLIENT_CONFIRMATION_OK"
25287,10411831318,10411831356,1,"IOTHUB_CLIENT_CONFIRMATION_OK"
25288,10411831518,10411831571,1,"IOTHUB_CLIENT_CONFIRMATION_OK"
25289,10411831718,10411831888,1,"IOTHUB_CLIENT_CONFIRMATION_OK"
25290,10411831919,10411831983,1,"IOTHUB_CLIENT_CONFIRMATION_OK"
25291,10411832119,10411832160,1,"IOTHUB_CLIENT_CONFIRMATION_OK"
25292,10411832319,10411832489,1,"IOTHUB_CLIENT_CONFIRMATION_OK"
25293,10411832519,10411832629,1,"IOTHUB_CLIENT_CONFIRMATION_OK"
25294,10411832719,10411832777,1,"IOTHUB_CLIENT_CONFIRMATION_OK"
25295,10411832919,10411833110,1,"IOTHUB_CLIENT_CONFIRMATION_OK"
25296,10411833119,10411833267,1,"IOTHUB_CLIENT_CONFIRMATION_OK"
25297,10411833320,10411833380,1,"IOTHUB_CLIENT_CONFIRMATION_OK"
25298,10411833520,10411833720,1,"IOTHUB_CLIENT_CONFIRMATION_OK"
25299,10411833720,10411833763,1,"IOTHUB_CLIENT_CONFIRMATION_OK"
25300,10411833920,10411833974,1,"IOTHUB_CLIENT_CONFIRMATION_OK"
25301,10411834120,10411834311,1,"IOTHUB_CLIENT_CONFIRMATION_OK"
25302,10411834320,10411834369,1,"IOTHUB_CLIENT_CONFIRMATION_OK"
25303,10411834520,10411834593,1,"IOTHUB_CLIENT_CONFIRMATION_OK"
25304,10411834721,10411834945,1,"IOTHUB_CLIENT_CONFIRMATION_OK"
25305,10411834921,10411835005,1,"IOTHUB_CLIENT_CONFIRMATION_OK"
25306,10411835121,10411835192,1,"IOTHUB_CLIENT_CONFIRMATION_OK"
25307,10411835321,10411835590,1,"IOTHUB_CLIENT_CONFIRMATION_OK"
25308,10411835521,10411835796,1,"IOTHUB_CLIENT_CONFIRMATION_OK"
25309,10411835721,10411835840,1,"IOTHUB_CLIENT_CONFIRMATION_OK"
25310,10411835921,10411835960,1,"IOTHUB_CLIENT_CONFIRMATION_OK"
25311,10411836122,10411836161,1,"IOTHUB_CLIENT_CONFIRMATION_OK"
25312,10411836322,10411836410,1,"IOTHUB_CLIENT_CONFIRMATION_OK"
25313,10411836522,10411836575,1,"IOTHUB_CLIENT_CONFIRMATION_OK"
25314,10411836722,10411836771,1,"IOTHUB_CLIENT_CONFIRMATION_OK"
25315,10411836922,10411836977,1,"IOTHUB_CLIENT_CONFIRMATION_OK"
25316,10411837122,10411837186,1,"IOTHUB_CLIENT_CONFIRMATION_OK"
25317,10411837323,10411837364,1,"IOTHUB_CLIENT_CONFIRMATION_OK"
25318,10411837523,10411837566,1,"IOTHUB_CLIENT_CONFIRMATION_OK"
25319,10411837723,10411837796,1,"IOTHUB_CLIENT_CONFIRMATION_OK"
25320,10411837923,10411837963,1,"IOTHUB_CLIENT_CONFIRMATION_OK"
25321,10411838123,10411838176,1,"IOTHUB_CLIENT_CONFIRMATION_OK"
25322,10411838323,10411838623,1,"IOTHUB_CLIENT_CONFIRMATION_OK"
25323,10411838523,10411838651,1,"IOTHUB_CLIENT_CONFIRMATION_OK"
25324,10411838724,10411838785,1,"IOTHUB_CLIENT_CONFIRMATION_OK"
25325,10411838924,10411839063,1,"IOTHUB_CLIENT_CONFIRMATION_OK"
25326,10411839124,10411839159,1,"IOTHUB_CLIENT_CONFIRMATION_OK"
25327,10411839324,10411839394,1,"IOTHUB_CLIENT_CONFIRMATION_OK"
25328,10411839524,10411839660,1,"IOTHUB_CLIENT_CONFIRMATION_OK"
25329,10411839724,10411839788,1,"IOTHUB_CLIENT_CONFIRMATION_OK"
25330,10411839925,10411839998,1,"IOTHUB_CLIENT_CONFIRMATION_OK"
25331,10411840125,10411840296,1,"IOTHUB_CLIENT_CONFIRMATION_OK"
25332,10411840325,10411840369,1,"IOTHUB_CLIENT_CONFIRMATION_OK"
25333,10411840525,10411840597,1,"IOTHUB_CLIENT_CONFIRMATION_OK"
25334,10411840725,10411840896,1,"IOTHUB_CLIENT_CONFIRMATION_OK"
25335,10411840925,10411840993,1,"IOTHUB_CLIENT_CONFIRMATION_OK"
25336,10411841126,10411841290,1,"IOTHUB_CLIENT_CONFIRMATION_OK"
25337,10411841326,10411841536,1,"IOTHUB_CLIENT_CONFIRMATION_OK"
25338,10411841526,10411841569,1,"IOTHUB_CLIENT_CONFIRMATION_OK"
25339,10411841726,10411841758,1,"IOTHUB_CLIENT_CONFIRMATION_OK"
25340,10411841926,10411842139,1,"IOTHUB_CLIENT_CONFIRMATION_OK"
25341,10411842126,10411842174,1,"IOTHUB_CLIENT_CONFIRMATION_OK"
25342,10411842326,10411842376,1,"IOTHUB_CLIENT_CONFIRMATION_OK"
25343,10411842527,10411842756,1,"IOTHUB_CLIENT_CONFIRMATION_OK"
25344,10411842727,10411842792,1,"IOTHUB_CLIENT_CONFIRMATION_OK"
25345,10411842927,10411842980,1,"IOTHUB_CLIENT_CONFIRMATION_OK"
25346,10411843127,10411843354,1,"IOTHUB_CLIENT_CONFIRMATION_OK"
25347,10411843327,10411843390,1,"IOTHUB_CLIENT_CONFIRMATION_OK"
25348,10411843527,10411843567,1,"IOTHUB_CLIENT_CONFIRMATION_OK"
25349,10411843728,10411843783,1,"IOTHUB_CLIENT_CONFIRMATION_OK"
25350,10411843928,10411843982,1,"IOTHUB_CLIENT_CONFIRMATION_OK"
25351,10411844128,10411844187,1,"IOTHUB_CLIENT_CONFIRMATION_OK"
25352,10411844328,10411844449,1,"IOTHUB_CLIENT_CONFIRMATION_OK"
25353,10411844528,10411844588,1,"IOTHUB_CLIENT_CONFIRMATION_OK"
25354,10411844728,10411844771,1,"IOTHUB_CLIENT_CONFIRMATION_OK"
25355,10411844928,10411844965,1,"IOTHUB_CLIENT_CONFIRMATION_OK"
25356,10411845129,10411845174,1,"IOTHUB_CLIENT_CONFIRMATION_OK"
25357,10411845329,10411845378,1,"IOTHUB_CLIENT_CONFIRMATION_OK"
25358,10411845529,10411845584,1,"IOTHUB_CLIENT_CONFIRMATION_OK"
25359,10411845729,10411845826,1,"IOTHUB_CLIENT_CONFIRMATION_OK"
25360,10411845929,10411845989,1,"IOTHUB_CLIENT_CONFIRMATION_OK"
25361,10411846129,10411846196,1,"IOTHUB_CLIENT_CONFIRMATION_OK"
25362,10411846330,10411846383,1,"IOTHUB_CLIENT_CONFIRMATION_OK"
25363,10411846530,10411846586,1,"IOTHUB_CLIENT_CONFIRMATION_OK"
25364,10411846730,10411846870,1,"IOTHUB_CLIENT_CONFIRMATION_OK"
25365,10411846930,10411846969,1,"IOTHUB_CLIENT_CONFIRMATION_OK"
25366,10411847130,10411847179,1,"IOTHUB_CLIENT_CONFIRMATION_OK"
25367,10411847330,10411847438,1,"IOTHUB_CLIENT_CONFIRMATION_OK"
25368,10411847530,10411847565,1,"IOTHUB_CLIENT_CONFIRMATION_OK"
25369,10411847731,10411847778,1,"IOTHUB_CLIENT_CONFIRMATION_OK"
25370,10411847931,10411848042,1,"IOTHUB_CLIENT_CONFIRMATION_OK"
25371,10411848131,10411848192,1,"IOTHUB_CLIENT_CONFIRMATION_OK"
25372,10411848331,10411848408,1,"IOTHUB_CLIENT_CONFIRMATION_OK"
25373,10411848531,10411848647,1,"IOTHUB_CLIENT_CONFIRMATION_OK"
25374,10411848731,10411848793,1,"IOTHUB_CLIENT_CONFIRMATION_OK"
25375,10411848932,10411848978,1,"IOTHUB_CLIENT_CONFIRMATION_OK"
25376,10411849132,10411849304,1,"IOTHUB_CLIENT_CONFIRMATION_OK"
25377,10411849332,10411849371,1,"IOTHUB_CLIENT_CONFIRMATION_OK"
25378,10411849532,10411849591,1,"IOTHUB_CLIENT_CONFIRMATION_OK"
25379,10411849732,10411849859,1,"IOTHUB_CLIENT_CONFIRMATION_OK"
25380,10411849932,10411849974,1,"IOTHUB_CLIENT_CONFIRMATION_OK"
25381,10411850133,10411850181,1,"IOTHUB_CLIENT_CONFIRMATION_OK"
25382,10411850333,10411850477,1,"IOTHUB_CLIENT_CONFIRMATION_OK"
25383,10411850533,10411850579,1,"IOTHUB_CLIENT_CONFIRMATION_OK"
25384,10411850733,10411850774,1,"IOTHUB_CLIENT_CONFIRMATION_OK"
25385,10411850933,10411851089,1,"IOTHUB_CLIENT_CONFIRMATION_OK"
25386,10411851133,10411851180,1,"IOTHUB_CLIENT_CONFIRMATION_OK"
25387,10411851333,10411851417,1,"IOTHUB_CLIENT_CONFIRMATION_OK"
25388,10411851534,10411851678,1,"IOTHUB_CLIENT_CONFIRMATION_OK"
25389,10411851734,10411851782,1,"IOTHUB_CLIENT_CONFIRMATION_OK"
25390,10411851934,10411851975,1,"IOTHUB_CLIENT_CONFIRMATION_OK"
25391,10411852134,10411852342,1,"IOTHUB_CLIENT_CONFIRMATION_OK"
25392,10411852334,10411852446,1,"IOTHUB_CLIENT_CONFIRMATION_OK"
25393,10411852534,10411852581,1,"IOTHUB_CLIENT_CONFIRMATION_OK"
25394,10411852735,10411852947,1,"IOTHUB_CLIENT_CONFIRMATION_OK"
25395,10411852935,10411852983,1,"IOTHUB_CLIENT_CONFIRMATION_OK"
25396,10411853135,10411853179,1,"IOTHUB_CLIENT_CONFIRMATION_OK"
25397,10411853335,10411853519,1,"IOTHUB_CLIENT_CONFIRMATION_OK"
25398,10411853535,10411853584,1,"IOTHUB_CLIENT_CONFIRMATION_OK"
25399,10411853735,10411853804,1,"IOTHUB_CLIENT_CONFIRMATION_OK"
25400,10411853936,10411854127,1,"IOTHUB_CLIENT_CONFIRMATION_OK"
25401,10411854136,10411854181,1,"IOTHUB_CLIENT_CONFIRMATION_OK"
25402,10411854336,10411854378,1,"IOTHUB_CLIENT_CONFIRMATION_OK"
25403,10411854536,10411854742,1,"IOTHUB_CLIENT_CONFIRMATION_OK"
25404,10411854736,10411854780,1,"IOTHUB_CLIENT_CONFIRMATION_OK"
25405,10411854936,10411855006,1,"IOTHUB_CLIENT_CONFIRMATION_OK"
25406,10411855136,10411855498,1,"IOTHUB_CLIENT_CONFIRMATION_OK"
25407,10411855337,10411855557,1,"IOTHUB_CLIENT_CONFIRMATION_OK"
25408,10411855537,10411855598,1,"IOTHUB_CLIENT_CONFIRMATION_OK"
25409,10411855737,10411855802,1,"IOTHUB_CLIENT_CONFIRMATION_OK"
25410,10411855937,10411856012,1,"IOTHUB_CLIENT_CONFIRMATION_OK"
25411,10411856137,10411856178,1,"IOTHUB_CLIENT_CONFIRMATION_OK"
25412,10411856337,10411856374,1,"IOTHUB_CLIENT_CONFIRMATION_OK"
25413,10411856537,10411856574,1,"IOTHUB_CLIENT_CONFIRMATION_OK"
25414,10411856738,10411856790,1,"IOTHUB_CLIENT_CONFIRMATION_OK"
25415,10411856938,10411857051,1,"IOTHUB_CLIENT_CONFIRMATION_OK"
25416,10411857138,10411857183,1,"IOTHUB_CLIENT_CONFIRMATION_OK"
25417,10411857338,10411857379,1,"IOTHUB_CLIENT_CONFIRMATION_OK"
25418,10411857538,10411857626,1,"IOTHUB_CLIENT_CONFIRMATION_OK"
25419,10411857738,10411857800,1,"IOTHUB_CLIENT_CONFIRMATION_OK"
25420,10411857939,10411857997,1,"IOTHUB_CLIENT_CONFIRMATION_OK"
25421,10411858139,10411858249,1,"IOTHUB_CLIENT_CONFIRMATION_OK"
25422,10411858339,10411858405,1,"IOTHUB_CLIENT_CONFIRMATION_OK"
25423,10411858539,10411858618,1,"IOTHUB_CLIENT_CONFIRMATION_OK"
25424,10411858739,10411858917,1,"IOTHUB_CLIENT_CONFIRMATION_OK"
25425,10411858939,10411858982,1,"IOTHUB_CLIENT_CONFIRMATION_OK"
25426,10411859140,10411859239,1,"IOTHUB_CLIENT_CONFIRMATION_OK"
25427,10411859340,10411859527,1,"IOTHUB_CLIENT_CONFIRMATION_OK"
25428,10411859540,10411859580,1,"IOTHUB_CLIENT_CONFIRMATION_OK"
25429,10411859740,10411859798,1,"IOTHUB_CLIENT_CONFIRMATION_OK"
25430,10411859940,10411860142,1,"IOTHUB_CLIENT_CONFIRMATION_OK"
25431,10411860140,10411860182,1,"IOTHUB_CLIENT_CONFIRMATION_OK"
25432,10411860341,10411860388,1,"IOTHUB_CLIENT_CONFIRMATION_OK"
25433,10411860541,10411860743,1,"IOTHUB_CLIENT_CONFIRMATION_OK"
25434,10411860741,10411860788,1,"IOTHUB_CLIENT_CONFIRMATION_OK"
25435,10411860941,10411861032,1,"IOTHUB_CLIENT_CONFIRMATION_OK"
25436,10411861141,10411861359,1,"IOTHUB_CLIENT_CONFIRMATION_OK"
25437,10411861341,10411861445,1,"IOTHUB_CLIENT_CONFIRMATION_OK"
25438,10411861541,10411861602,1,"IOTHUB_CLIENT_CONFIRMATION_OK"
25439,10411861742,10411861968,1,"IOTHUB_CLIENT_CONFIRMATION_OK"
25440,10411861942,10411861991,1,"IOTHUB_CLIENT_CONFIRMATION_OK"
25441,10411862142,10411862180,1,"IOTHUB_CLIENT_CONFIRMATION_OK"
25442,10411862342,10411862391,1,"IOTHUB_CLIENT_CONFIRMATION_OK"
25443,10411862542,10411862603,1,"IOTHUB_CLIENT_CONFIRMATION_OK"
25444,10411862742,10411862782,1,"IOTHUB_CLIENT_CONFIRMATION_OK"
25445,10411862942,10411863001,1,"IOTHUB_CLIENT_CONFIRMATION_OK"
25446,10411863143,10411863196,1,"IOTHUB_CLIENT_CONFIRMATION_OK"
25447,10411863343,10411863400,1,"IOTHUB_CLIENT_CONFIRMATION_OK"
25448,10411863543,10411863607,1,"IOTHUB_CLIENT_CONFIRMATION_OK"
25449,10411863743,10411863780,1,"IOTHUB_CLIENT_CONFIRMATION_OK"
25450,10411863943,10411864029,1,"IOTHUB_CLIENT_CONFIRMATION_OK"
25451,10411864143,10411864281,1,"IOTHUB_CLIENT_CONFIRMATION_OK"
25452,10411864344,10411864397,1,"IOTHUB_CLIENT_CONFIRMATION_OK"
25453,10411864544,10411864609,1,"IOTHUB_CLIENT_CONFIRMATION_OK"
25454,10411864744,10411864828,1,"IOTHUB_CLIENT_CONFIRMATION_OK"
25455,10411864944,10411864991,1,"IOTHUB_CLIENT_CONFIRMATION_OK"
25456,10411865145,10411865201,1,"IOTHUB_CLIENT_CONFIRMATION_OK"
25457,10411865345,10411865441,1,"IOTHUB_CLIENT_CONFIRMATION_OK"
25458,10411865545,10411865582,1,"IOTHUB_CLIENT_CONFIRMATION_OK"
25459,10411865745,10411865831,1,"IOTHUB_CLIENT_CONFIRMATION_OK"
25460,10411865945,10411866039,1,"IOTHUB_CLIENT_CONFIRMATION_OK"
25461,10411866145,10411866241,1,"IOTHUB_CLIENT_CONFIRMATION_OK"
25462,10411866345,10411866416,1,"IOTHUB_CLIENT_CONFIRMATION_OK"
25463,10411866546,10411866644,1,"IOTHUB_CLIENT_CONFIRMATION_OK"
25464,10411866746,10411866802,1,"IOTHUB_CLIENT_CONFIRMATION_OK"
25465,10411866946,10411866994,1,"IOTHUB_CLIENT_CONFIRMATION_OK"
25466,10411867146,10411867268,1,"IOTHUB_CLIENT_CONFIRMATION_OK"
25467,10411867346,10411867394,1,"IOTHUB_CLIENT_CONFIRMATION_OK"
25468,10411867546,10411867599,1,"IOTHUB_CLIENT_CONFIRMATION_OK"
25469,10411867747,10411867862,1,"IOTHUB_CLIENT_CONFIRMATION_OK"
25470,10411867947,10411867993,1,"IOTHUB_CLIENT_CONFIRMATION_OK"
25471,10411868147,10411868189,1,"IOTHUB_CLIENT_CONFIRMATION_OK"
25472,10411868347,10411868489,1,"IOTHUB_CLIENT_CONFIRMATION_OK"
25473,10411868547,10411868601,1,"IOTHUB_CLIENT_CONFIRMATION_OK"
25474,10411868747,10411868789,1,"IOTHUB_CLIENT_CONFIRMATION_OK"
25475,10411868948,10411869134,1,"IOTHUB_CLIENT_CONFIRMATION_OK"
25476,10411869148,10411869214,1,"IOTHUB_CLIENT_CONFIRMATION_OK"
25477,10411869348,10411869409,1,"IOTHUB_CLIENT_CONFIRMATION_OK"
25478,10411869548,10411869705,1,"IOTHUB_CLIENT_CONFIRMATION_OK"
25479,10411869748,10411869793,1,"IOTHUB_CLIENT_CONFIRMATION_OK"
25480,10411869948,10411870007,1,"IOTHUB_CLIENT_CONFIRMATION_OK"
25481,10411870148,10411870499,1,"IOTHUB_CLIENT_CONFIRMATION_OK"
25482,10411870349,10411870576,1,"IOTHUB_CLIENT_CONFIRMATION_OK"
25483,10411870549,10411870625,1,"IOTHUB_CLIENT_CONFIRMATION_OK"
25484,10411870749,10411871004,1,"IOTHUB_CLIENT_CONFIRMATION_OK"
25485,10411870949,10411871040,1,"IOTHUB_CLIENT_CONFIRMATION_OK"
25486,10411871149,10411871227,1,"IOTHUB_CLIENT_CONFIRMATION_OK"
25487,10411871349,10411871409,1,"IOTHUB_CLIENT_CONFIRMATION_OK"
25488,10411871550,10411871596,1,"IOTHUB_CLIENT_CONFIRMATION_OK"
25489,10411871750,10411871817,1,"IOTHUB_CLIENT_CONFIRMATION_OK"
25490,10411871950,10411872017,1,"IOTHUB_CLIENT_CONFIRMATION_OK"
25491,10411872150,10411872199,1,"IOTHUB_CLIENT_CONFIRMATION_OK"
25492,10411872350,10411872417,1,"IOTHUB_CLIENT_CONFIRMATION_OK"
25493,10411872550,10411872615,1,"IOTHUB_CLIENT_CONFIRMATION_OK"
25494,10411872751,10411872828,1,"IOTHUB_CLIENT_CONFIRMATION_OK"
25495,10411872951,10411873010,1,"IOTHUB_CLIENT_CONFIRMATION_OK"
25496,10411873151,10411873254,1,"IOTHUB_CLIENT_CONFIRMATION_OK"
25497,10411873351,10411873402,1,"IOTHUB_CLIENT_CONFIRMATION_OK"
25498,10411873551,10411873617,1,"IOTHUB_CLIENT_CONFIRMATION_OK"
25499,10411873751,10411873840,1,"IOTHUB_CLIENT_CONFIRMATION_OK"
25500,10411873951,10411873999,1,"IOTHUB_CLIENT_CONFIRMATION_OK"
25501,10411874152,10411874193,1,"IOTHUB_CLIENT_CONFIRMATION_OK"
25502,10411874352,10411874459,1,"IOTHUB_CLIENT_CONFIRMATION_OK"
25503,10411874552,10411874612,1,"IOTHUB_CLIENT_CONFIRMATION_OK"
25504,10411874752,10411874793,1,"IOTHUB_CLIENT_CONFIRMATION_OK"
25505,10411874952,10411875071,1,"IOTHUB_CLIENT_CONFIRMATION_OK"
25506,10411875152,10411875228,1,"IOTHUB_CLIENT_CONFIRMATION_OK"
25507,10411875352,10411875393,1,"IOTHUB_CLIENT_CONFIRMATION_OK"
25508,10411875553,10411875704,1,"IOTHUB_CLIENT_CONFIRMATION_OK"
25509,10411875753,10411875813,1,"IOTHUB_CLIENT_CONFIRMATION_OK"
25510,10411875953,10411875994,1,"IOTHUB_CLIENT_CONFIRMATION_OK"
25511,10411876153,10411876299,1,"IOTHUB_CLIENT_CONFIRMATION_OK"
25512,10411876353,10411876397,1,"IOTHUB_CLIENT_CONFIRMATION_OK"
25513,10411876553,10411876623,1,"IOTHUB_CLIENT_CONFIRMATION_OK"
25514,10411876754,10411876935,1,"IOTHUB_CLIENT_CONFIRMATION_OK"
25515,10411876954,10411876995,1,"IOTHUB_CLIENT_CONFIRMATION_OK"
25516,10411877154,10411877203,1,"IOTHUB_CLIENT_CONFIRMATION_OK"
25517,10411877354,10411877545,1,"IOTHUB_CLIENT_CONFIRMATION_OK"
25518,10411877554,10411877610,1,"IOTHUB_CLIENT_CONFIRMATION_OK"
25519,10411877754,10411877801,1,"IOTHUB_CLIENT_CONFIRMATION_OK"
25520,10411877955,10411878149,1,"IOTHUB_CLIENT_CONFIRMATION_OK"
25521,10411878155,10411878207,1,"IOTHUB_CLIENT_CONFIRMATION_OK"
25522,10411878355,10411878395,1,"IOTHUB_CLIENT_CONFIRMATION_OK"
25523,10411878555,10411878766,1,"IOTHUB_CLIENT_CONFIRMATION_OK"
25524,10411878755,10411878844,1,"IOTHUB_CLIENT_CONFIRMATION_OK"
25525,10411878955,10411879012,1,"IOTHUB_CLIENT_CONFIRMATION_OK"
25526,10411879155,10411879209,1,"IOTHUB_CLIENT_CONFIRMATION_OK"
25527,10411879356,10411879404,1,"IOTHUB_CLIENT_CONFIRMATION_OK"
25528,10411879556,10411879602,1,"IOTHUB_CLIENT_CONFIRMATION_OK"
25529,10411879756,10411879798,1,"IOTHUB_CLIENT_CONFIRMATION_OK"
25530,10411879956,10411879990,1,"IOTHUB_CLIENT_CONFIRMATION_OK"
25531,10411880156,10411880225,1,"IOTHUB_CLIENT_CONFIRMATION_OK"
25532,10411880356,10411880454,1,"IOTHUB_CLIENT_CONFIRMATION_OK"
25533,10411880557,10411880602,1,"IOTHUB_CLIENT_CONFIRMATION_OK"
25534,10411880757,10411880811,1,"IOTHUB_CLIENT_CONFIRMATION_OK"
25535,10411880957,10411881012,1,"IOTHUB_CLIENT_CONFIRMATION_OK"
25536,10411881157,10411881223,1,"IOTHUB_CLIENT_CONFIRMATION_OK"
25537,10411881357,10411881412,1,"IOTHUB_CLIENT_CONFIRMATION_OK"
25538,10411881557,10411881613,1,"IOTHUB_CLIENT_CONFIRMATION_OK"
25539,10411881757,10411881810,1,"IOTHUB_CLIENT_CONFIRMATION_OK"
25540,10411881958,10411882006,1,"IOTHUB_CLIENT_CONFIRMATION_OK"
25541,10411882158,10411882233,1,"IOTHUB_CLIENT_CONFIRMATION_OK"
25542,10411882358,10411882462,1,"IOTHUB_CLIENT_CONFIRMATION_OK"
25543,10411882558,10411882616,1,"IOTHUB_CLIENT_CONFIRMATION_OK"
25544,10411882758,10411882849,1,"IOTHUB_CLIENT_CONFIRMATION_OK"
25545,10411882958,10411883013,1,"IOTHUB_CLIENT_CONFIRMATION_OK"
25546,10411883159,10411883197,1,"IOTHUB_CLIENT_CONFIRMATION_OK"
25547,10411883359,10411883460,1,"IOTHUB_CLIENT_CONFIRMATION_OK"
25548,10411883559,10411883600,1,"IOTHUB_CLIENT_CONFIRMATION_OK"
25549,10411883759,10411883816,1,"IOTHUB_CLIENT_CONFIRMATION_OK"
25550,10411883959,10411884055,1,"IOTHUB_CLIENT_CONFIRMATION_OK"
25551,10411884159,10411884222,1,"IOTHUB_CLIENT_CONFIRMATION_OK"
25552,10411884359,10411884403,1,"IOTHUB_CLIENT_CONFIRMATION_OK"
25553,10411884560,10411884679,1,"IOTHUB_CLIENT_CONFIRMATION_OK"
25554,10411884760,10411884827,1,"IOTHUB_CLIENT_CONFIRMATION_OK"
25555,10411884960,10411885005,1,"IOTHUB_CLIENT_CONFIRMATION_OK"
25556,10411885160,10411885308,1,"IOTHUB_CLIENT_CONFIRMATION_OK"
25557,10411885360,10411885412,1,"IOTHUB_CLIENT_CONFIRMATION_OK"
25558,10411885560,10411885617,1,"IOTHUB_CLIENT_CONFIRMATION_OK"
25559,10411885761,10411885933,1,"IOTHUB_CLIENT_CONFIRMATION_OK"
25560,10411885961,10411886018,1,"IOTHUB_CLIENT_CONFIRMATION_OK"
25561,10411886161,10411886201,1,"IOTHUB_CLIENT_CONFIRMATION_OK"
25562,10411886361,10411886521,1,"IOTHUB_CLIENT_CONFIRMATION_OK"
25563,10411886561,10411886622,1,"IOTHUB_CLIENT_CONFIRMATION_OK"
25564,10411886761,10411886809,1,"IOTHUB_CLIENT_CONFIRMATION_OK"
25565,10411886961,10411887142,1,"IOTHUB_CLIENT_CONFIRMATION_OK"
25566,10411887162,10411887221,1,"IOTHUB_CLIENT_CONFIRMATION_OK"
25567,10411887362,10411887400,1,"IOTHUB_CLIENT_CONFIRMATION_OK"
25568,10411887562,10411887727,1,"IOTHUB_CLIENT_CONFIRMATION_OK"
25569,10411887762,10411887810,1,"IOTHUB_CLIENT_CONFIRMATION_OK"
25570,10411887962,10411888008,1,"IOTHUB_CLIENT_CONFIRMATION_OK"
25571,10411888162,10411888335,1,"IOTHUB_CLIENT_CONFIRMATION_OK"
25572,10411888363,10411888405,1,"IOTHUB_CLIENT_CONFIRMATION_OK"
25573,10411888563,10411888606,1,"IOTHUB_CLIENT_CONFIRMATION_OK"
25574,10411888763,10411889142,1,"IOTHUB_CLIENT_CONFIRMATION_OK"
25575,10411888963,10411889171,1,"IOTHUB_CLIENT_CONFIRMATION_OK"
25576,10411889163,10411889327,1,"IOTHUB_CLIENT_CONFIRMATION_OK"
25577,10411889363,10411889592,1,"IOTHUB_CLIENT_CONFIRMATION_OK"
25578,10411889563,10411889634,1,"IOTHUB_CLIENT_CONFIRMATION_OK"
25579,10411889764,10411889809,1,"IOTHUB_CLIENT_CONFIRMATION_OK"
25580,10411889964,10411890016,1,"IOTHUB_CLIENT_CONFIRMATION_OK"
25581,10411890164,10411890234,1,"IOTHUB_CLIENT_CONFIRMATION_OK"
25582,10411890364,10411890410,1,"IOTHUB_CLIENT_CONFIRMATION_OK"
25583,10411890564,10411890607,1,"IOTHUB_CLIENT_CONFIRMATION_OK"
25584,10411890764,10411890856,1,"IOTHUB_CLIENT_CONFIRMATION_OK"
25585,10411890964,10411891057,1,"IOTHUB_CLIENT_CONFIRMATION_OK"
25586,10411891165,10411891216,1,"IOTHUB_CLIENT_CONFIRMATION_OK"
25587,10411891365,10411891475,1,"IOTHUB_CLIENT_CONFIRMATION_OK"
25588,10411891565,10411891663,1,"IOTHUB_CLIENT_CONFIRMATION_OK"
25589,10411891765,10411891823,1,"IOTHUB_CLIENT_CONFIRMATION_OK"
25590,10411891965,10411892022,1,"IOTHUB_CLIENT_CONFIRMATION_OK"
25591,10411892165,10411892207,1,"IOTHUB_CLIENT_CONFIRMATION_OK"
25592,10411892366,10411892420,1,"IOTHUB_CLIENT_CONFIRMATION_OK"
25593,10411892566,10411892609,1,"IOTHUB_CLIENT_CONFIRMATION_OK"
25594,10411892766,10411892858,1,"IOTHUB_CLIENT_CONFIRMATION_OK"
25595,10411892966,10411893036,1,"IOTHUB_CLIENT_CONFIRMATION_OK"
25596,10411893166,10411893206,1,"IOTHUB_CLIENT_CONFIRMATION_OK"
25597,10411893366,10411893410,1,"IOTHUB_CLIENT_CONFIRMATION_OK"
25598,10411893567,10411893677,1,"IOTHUB_CLIENT_CONFIRMATION_OK"
25599,10411893767,10411893833,1,"IOTHUB_CLIENT_CONFIRMATION_OK"
25600,10411893967,10411894016,1,"IOTHUB_CLIENT_CONFIRMATION_OK"
25601,10411894167,10411894282,1,"IOTHUB_CLIENT_CONFIRMATION_OK"
25602,10411894367,10411894412,1,"IOTHUB_CLIENT_CONFIRMATION_OK"
25603,10411894567,10411894639,1,"IOTHUB_CLIENT_CONFIRMATION_OK"
25604,10411894767,10411894821,1,"IOTHUB_CLIENT_CONFIRMATION_OK"
25605,10411894968,10411895020,1,"IOTHUB_CLIENT_CONFIRMATION_OK"
25606,10411895168,10411895209,1,"IOTHUB_CLIENT_CONFIRMATION_OK"
25607,10411895368,10411895413,1,"IOTHUB_CLIENT_CONFIRMATION_OK"
25608,10411895568,10411895640,1,"IOTHUB_CLIENT_CONFIRMATION_OK"
25609,10411895768,10411895815,1,"IOTHUB_CLIENT_CONFIRMATION_OK"
25610,10411895968,10411896023,1,"IOTHUB_CLIENT_CONFIRMATION_OK"
25611,10411896169,10411896218,1,"IOTHUB_CLIENT_CONFIRMATION_OK"
25612,10411896369,10411896422,1,"IOTHUB_CLIENT_CONFIRMATION_OK"
25613,10411896569,10411896625,1,"IOTHUB_CLIENT_CONFIRMATION_OK"
25614,10411896769,10411896805,1,"IOTHUB_CLIENT_CONFIRMATION_OK"
25615,10411896969,10411897107,1,"IOTHUB_CLIENT_CONFIRMATION_OK"
25616,10411897169,10411897275,1,"IOTHUB_CLIENT_CONFIRMATION_OK"
25617,10411897369,10411897537,1,"IOTHUB_CLIENT_CONFIRMATION_OK"
25618,10411897570,10411897623,1,"IOTHUB_CLIENT_CONFIRMATION_OK"
25619,10411897770,10411897902,1,"IOTHUB_CLIENT_CONFIRMATION_OK"
25620,10411897970,10411898011,1,"IOTHUB_CLIENT_CONFIRMATION_OK"
25621,10411898170,10411898214,1,"IOTHUB_CLIENT_CONFIRMATION_OK"
25622,10411898370,10411898494,1,"IOTHUB_CLIENT_CONFIRMATION_OK"
25623,10411898570,10411898609,1,"IOTHUB_CLIENT_CONFIRMATION_OK"
25624,10411898771,10411898809,1,"IOTHUB_CLIENT_CONFIRMATION_OK"
25625,10411898971,10411899118,1,"IOTHUB_CLIENT_CONFIRMATION_OK"
25626,10411899171,10411899260,1,"IOTHUB_CLIENT_CONFIRMATION_OK"
25627,10411899371,10411899490,1,"IOTHUB_CLIENT_CONFIRMATION_OK"
25628,10411899571,10411899759,1,"IOTHUB_CLIENT_CONFIRMATION_OK"
25629,10411899772,10411899824,1,"IOTHUB_CLIENT_CONFIRMATION_OK"
25630,10411899972,10411900004,1,"IOTHUB_CLIENT_CONFIRMATION_OK"
25631,10411900172,10411900225,1,"IOTHUB_CLIENT_CONFIRMATION_OK"
25632,10411900372,10411900419,1,"IOTHUB_CLIENT_CONFIRMATION_OK"
25633,10411900572,10411900609,1,"IOTHUB_CLIENT_CONFIRMATION_OK"
25634,10411900772,10411900822,1,"IOTHUB_CLIENT_CONFIRMATION_OK"
25635,10411900972,10411901029,1,"IOTHUB_CLIENT_CONFIRMATION_OK"
25636,10411901173,10411901217,1,"IOTHUB_CLIENT_CONFIRMATION_OK"
25637,10411901373,10411901422,1,"IOTHUB_CLIENT_CONFIRMATION_OK"
25638,10411901573,10411901629,1,"IOTHUB_CLIENT_CONFIRMATION_OK"
25639,10411901773,10411901824,1,"IOTHUB_CLIENT_CONFIRMATION_OK"
25640,10411901973,10411902019,1,"IOTHUB_CLIENT_CONFIRMATION_OK"
25641,10411902173,10411902213,1,"IOTHUB_CLIENT_CONFIRMATION_OK"
25642,10411902374,10411902411,1,"IOTHUB_CLIENT_CONFIRMATION_OK"
25643,10411902574,10411902696,1,"IOTHUB_CLIENT_CONFIRMATION_OK"
25644,10411902774,10411902828,1,"IOTHUB_CLIENT_CONFIRMATION_OK"
25645,10411902974,10411903012,1,"IOTHUB_CLIENT_CONFIRMATION_OK"
25646,10411903174,10411903307,1,"IOTHUB_CLIENT_CONFIRMATION_OK"
25647,10411903374,10411903415,1,"IOTHUB_CLIENT_CONFIRMATION_OK"
25648,10411903575,10411903607,1,"IOTHUB_CLIENT_CONFIRMATION_OK"
25649,10411903775,10411903946,1,"IOTHUB_CLIENT_CONFIRMATION_OK"
25650,10411903975,10411904035,1,"IOTHUB_CLIENT_CONFIRMATION_OK"
25651,10411904175,10411904226,1,"IOTHUB_CLIENT_CONFIRMATION_OK"
25652,10411904375,10411904429,1,"IOTHUB_CLIENT_CONFIRMATION_OK"
25653,10411904575,10411904626,1,"IOTHUB_CLIENT_CONFIRMATION_OK"
25654,10411904775,10411904835,1,"IOTHUB_CLIENT_CONFIRMATION_OK"
25655,10411904976,10411905044,1,"IOTHUB_CLIENT_CONFIRMATION_OK"
25656,10411905176,10411905278,1,"IOTHUB_CLIENT_CONFIRMATION_OK"
25657,10411905376,10411905421,1,"IOTHUB_CLIENT_CONFIRMATION_OK"
25658,10411905576,10411905695,1,"IOTHUB_CLIENT_CONFIRMATION_OK"
25659,10411905776,10411905821,1,"IOTHUB_CLIENT_CONFIRMATION_OK"
25660,10411905976,10411906018,1,"IOTHUB_CLIENT_CONFIRMATION_OK"
25661,10411906177,10411906303,1,"IOTHUB_CLIENT_CONFIRMATION_OK"
25662,10411906377,10411906416,1,"IOTHUB_CLIENT_CONFIRMATION_OK"
25663,10411906577,10411906634,1,"IOTHUB_CLIENT_CONFIRMATION_OK"
25664,10411906777,10411906925,1,"IOTHUB_CLIENT_CONFIRMATION_OK"
25665,10411906977,10411907037,1,"IOTHUB_CLIENT_CONFIRMATION_OK"
25666,10411907177,10411907230,1,"IOTHUB_CLIENT_CONFIRMATION_OK"
25667,10411907378,10411907523,1,"IOTHUB_CLIENT_CONFIRMATION_OK"
25668,10411907578,10411907627,1,"IOTHUB_CLIENT_CONFIRMATION_OK"
25669,10411907778,10411907841,1,"IOTHUB_CLIENT_CONFIRMATION_OK"
25670,10411907978,10411908140,1,"IOTHUB_CLIENT_CONFIRMATION_OK"
25671,10411908178,10411908239,1,"IOTHUB_CLIENT_CONFIRMATION_OK"
25672,10411908378,10411908418,1,"IOTHUB_CLIENT_CONFIRMATION_OK"
25673,10411908578,10411908739,1,"IOTHUB_CLIENT_CONFIRMATION_OK"
25674,10411908779,10411908824,1,"IOTHUB_CLIENT_CONFIRMATION_OK"
25675,10411908979,10411909029,1,"IOTHUB_CLIENT_CONFIRMATION_OK"
25676,10411909179,10411909359,1,"IOTHUB_CLIENT_CONFIRMATION_OK"
25677,10411909379,10411909425,1,"IOTHUB_CLIENT_CONFIRMATION_OK"
25678,10411909579,10411909620,1,"IOTHUB_CLIENT_CONFIRMATION_OK"
25679,10411909779,10411909982,1,"IOTHUB_CLIENT_CONFIRMATION_OK"
25680,10411909980,10411910041,1,"IOTHUB_CLIENT_CONFIRMATION_OK"
25681,10411910180,10411910230,1,"IOTHUB_CLIENT_CONFIRMATION_OK"
25682,10411910380,10411910583,1,"IOTHUB_CLIENT_CONFIRMATION_OK"
25683,10411910580,10411910627,1,"IOTHUB_CLIENT_CONFIRMATION_OK"
25684,10411910780,10411910834,1,"IOTHUB_CLIENT_CONFIRMATION_OK"
25685,10411910980,10411911189,1,"IOTHUB_CLIENT_CONFIRMATION_OK"
25686,10411911181,10411911231,1,"IOTHUB_CLIENT_CONFIRMATION_OK"
25687,10411911381,10411911423,1,"IOTHUB_CLIENT_CONFIRMATION_OK"
25688,10411911581,10411911621,1,"IOTHUB_CLIENT_CONFIRMATION_OK"
25689,10411911781,10411911841,1,"IOTHUB_CLIENT_CONFIRMATION_OK"
25690,10411911981,10411912028,1,"IOTHUB_CLIENT_CONFIRMATION_OK"
25691,10411912181,10411912234,1,"IOTHUB_CLIENT_CONFIRMATION_OK"
25692,10411912381,10411912432,1,"IOTHUB_CLIENT_CONFIRMATION_OK"
25693,10411912582,10411912635,1,"IOTHUB_CLIENT_CONFIRMATION_OK"
25694,10411912782,10411912831,1,"IOTHUB_CLIENT_CONFIRMATION_OK"
25695,10411912982,10411913043,1,"IOTHUB_CLIENT_CONFIRMATION_OK"
25696,10411913182,10411913224,1,"IOTHUB_CLIENT_CONFIRMATION_OK"
25697,10411913382,10411913474,1,"IOTHUB_CLIENT_CONFIRMATION_OK"
25698,10411913582,10411913629,1,"IOTHUB_CLIENT_CONFIRMATION_OK"
25699,10411913783,10411913814,1,"IOTHUB_CLIENT_CONFIRMATION_OK"
25700,10411913983,10411914052,1,"IOTHUB_CLIENT_CONFIRMATION_OK"
25701,10411914183,10411914225,1,"IOTHUB_CLIENT_CONFIRMATION_OK"
25702,10411914383,10411914506,1,"IOTHUB_CLIENT_CONFIRMATION_OK"
25703,10411914583,10411914680,1,"IOTHUB_CLIENT_CONFIRMATION_OK"
25704,10411914783,10411914835,1,"IOTHUB_CLIENT_CONFIRMATION_OK"
25705,10411914983,10411915185,1,"IOTHUB_CLIENT_CONFIRMATION_OK"
25706,10411915184,10411915282,1,"IOTHUB_CLIENT_CONFIRMATION_OK"
25707,10411915384,10411915432,1,"IOTHUB_CLIENT_CONFIRMATION_OK"
25708,10411915584,10411915634,1,"IOTHUB_CLIENT_CONFIRMATION_OK"
25709,10411915784,10411915891,1,"IOTHUB_CLIENT_CONFIRMATION_OK"
25710,10411915984,10411916055,1,"IOTHUB_CLIENT_CONFIRMATION_OK"
25711,10411916184,10411916227,1,"IOTHUB_CLIENT_CONFIRMATION_OK"
25712,10411916385,10411916540,1,"IOTHUB_CLIENT_CONFIRMATION_OK"
25713,10411916585,10411916629,1,"IOTHUB_CLIENT_CONFIRMATION_OK"
25714,10411916785,10411916829,1,"IOTHUB_CLIENT_CONFIRMATION_OK"
25715,10411916985,10411917291,1,"IOTHUB_CLIENT_CONFIRMATION_OK"
25716,10411917185,10411917311,1,"IOTHUB_CLIENT_CONFIRMATION_OK"
25717,10411917385,10411917441,1,"IOTHUB_CLIENT_CONFIRMATION_OK"
25718,10411917586,10411917635,1,"IOTHUB_CLIENT_CONFIRMATION_OK"
25719,10411917786,10411917875,1,"IOTHUB_CLIENT_CONFIRMATION_OK"
25720,10411917986,10411918041,1,"IOTHUB_CLIENT_CONFIRMATION_OK"
25721,10411918186,10411918239,1,"IOTHUB_CLIENT_CONFIRMATION_OK"
25722,10411918386,10411918440,1,"IOTHUB_CLIENT_CONFIRMATION_OK"
25723,10411918586,10411918628,1,"IOTHUB_CLIENT_CONFIRMATION_OK"
25724,10411918787,10411918846,1,"IOTHUB_CLIENT_CONFIRMATION_OK"
25725,10411918987,10411919040,1,"IOTHUB_CLIENT_CONFIRMATION_OK"
25726,10411919187,10411919225,1,"IOTHUB_CLIENT_CONFIRMATION_OK"
25727,10411919387,10411919429,1,"IOTHUB_CLIENT_CONFIRMATION_OK"
25728,10411919587,10411919630,1,"IOTHUB_CLIENT_CONFIRMATION_OK"
25729,10411919787,10411919828,1,"IOTHUB_CLIENT_CONFIRMATION_OK"
25730,10411919987,10411920073,1,"IOTHUB_CLIENT_CONFIRMATION_OK"
25731,10411920188,10411920239,1,"IOTHUB_CLIENT_CONFIRMATION_OK"
25732,10411920388,10411920432,1,"IOTHUB_CLIENT_CONFIRMATION_OK"
25733,10411920588,10411920677,1,"IOTHUB_CLIENT_CONFIRMATION_OK"
25734,10411920788,10411920828,1,"IOTHUB_CLIENT_CONFIRMATION_OK"
25735,10411920988,10411921038,1,"IOTHUB_CLIENT_CONFIRMATION_OK"
25736,10411921188,10411921304,1,"IOTHUB_CLIENT_CONFIRMATION_OK"
25737,10411921389,10411921435,1,"IOTHUB_CLIENT_CONFIRMATION_OK"
25738,10411921589,10411921635,1,"IOTHUB_CLIENT_CONFIRMATION_OK"
25739,10411921789,10411921891,1,"IOTHUB_CLIENT_CONFIRMATION_OK"
25740,10411921989,10411922038,1,"IOTHUB_CLIENT_CONFIRMATION_OK"
25741,10411922189,10411922237,1,"IOTHUB_CLIENT_CONFIRMATION_OK"
25742,10411922389,10411922521,1,"IOTHUB_CLIENT_CONFIRMATION_OK"
25743,10411922590,10411922649,1,"IOTHUB_CLIENT_CONFIRMATION_OK"
25744,10411922790,10411922846,1,"IOTHUB_CLIENT_CONFIRMATION_OK"
25745,10411922990,10411923134,1,"IOTHUB_CLIENT_CONFIRMATION_OK"
25746,10411923190,10411923232,1,"IOTHUB_CLIENT_CONFIRMATION_OK"
25747,10411923390,10411923438,1,"IOTHUB_CLIENT_CONFIRMATION_OK"
25748,10411923590,10411923732,1,"IOTHUB_CLIENT_CONFIRMATION_OK"
25749,10411923790,10411923833,1,"IOTHUB_CLIENT_CONFIRMATION_OK"
25750,10411923991,10411924059,1,"IOTHUB_CLIENT_CONFIRMATION_OK"
25751,10411924191,10411924358,1,"IOTHUB_CLIENT_CONFIRMATION_OK"
25752,10411924391,10411924450,1,"IOTHUB_CLIENT_CONFIRMATION_OK"
25753,10411924591,10411924630,1,"IOTHUB_CLIENT_CONFIRMATION_OK"
25754,10411924791,10411925019,1,"IOTHUB_CLIENT_CONFIRMATION_OK"
25755,10411924991,10411925060,1,"IOTHUB_CLIENT_CONFIRMATION_OK"
25756,10411925192,10411925243,1,"IOTHUB_CLIENT_CONFIRMATION_OK"
25757,10411925392,10411925605,1,"IOTHUB_CLIENT_CONFIRMATION_OK"
25758,10411925592,10411925646,1,"IOTHUB_CLIENT_CONFIRMATION_OK"
25759,10411925792,10411925838,1,"IOTHUB_CLIENT_CONFIRMATION_OK"
25760,10411925992,10411926062,1,"IOTHUB_CLIENT_CONFIRMATION_OK"
25761,10411926192,10411926258,1,"IOTHUB_CLIENT_CONFIRMATION_OK"
25762,10411926393,10411926436,1,"IOTHUB_CLIENT_CONFIRMATION_OK"
25763,10411926593,10411926671,1,"IOTHUB_CLIENT_CONFIRMATION_OK"
25764,10411926793,10411926840,1,"IOTHUB_CLIENT_CONFIRMATION_OK"
25765,10411926993,10411927044,1,"IOTHUB_CLIENT_CONFIRMATION_OK"
25766,10411927193,10411927242,1,"IOTHUB_CLIENT_CONFIRMATION_OK"
25767,10411927393,10411927439,1,"IOTHUB_CLIENT_CONFIRMATION_OK"
25768,10411927593,10411927643,1,"IOTHUB_CLIENT_CONFIRMATION_OK"
25769,10411927794,10411927838,1,"IOTHUB_CLIENT_CONFIRMATION_OK"
25770,10411927994,10411928069,1,"IOTHUB_CLIENT_CONFIRMATION_OK"
25771,10411928194,10411928234,1,"IOTHUB_CLIENT_CONFIRMATION_OK"
25772,10411928394,10411928460,1,"IOTHUB_CLIENT_CONFIRMATION_OK"
25773,10411928594,10411928631,1,"IOTHUB_CLIENT_CONFIRMATION_OK"
25774,10411928794,10411928839,1,"IOTHUB_CLIENT_CONFIRMATION_OK"
25775,10411928995,10411929066,1,"IOTHUB_CLIENT_CONFIRMATION_OK"
25776,10411929195,10411929236,1,"IOTHUB_CLIENT_CONFIRMATION_OK"
25777,10411929395,10411929440,1,"IOTHUB_CLIENT_CONFIRMATION_OK"
25778,10411929595,10411929672,1,"IOTHUB_CLIENT_CONFIRMATION_OK"
25779,10411929795,10411929834,1,"IOTHUB_CLIENT_CONFIRMATION_OK"
25780,10411929995,10411930048,1,"IOTHUB_CLIENT_CONFIRMATION_OK"
25781,10411930196,10411930298,1,"IOTHUB_CLIENT_CONFIRMATION_OK"
25782,10411930396,10411930487,1,"IOTHUB_CLIENT_CONFIRMATION_OK"
25783,10411930596,10411930636,1,"IOTHUB_CLIENT_CONFIRMATION_OK"
25784,10411930796,10411930911,1,"IOTHUB_CLIENT_CONFIRMATION_OK"
25785,10411930996,10411931048,1,"IOTHUB_CLIENT_CONFIRMATION_OK"
25786,10411931196,10411931241,1,"IOTHUB_CLIENT_CONFIRMATION_OK"
25787,10411931397,10411931501,1,"IOTHUB_CLIENT_CONFIRMATION_OK"
25788,10411931597,10411931734,1,"IOTHUB_CLIENT_CONFIRMATION_OK"
25789,10411931797,10411931837,1,"IOTHUB_CLIENT_CONFIRMATION_OK"
25790,10411931997,10411932157,1,"IOTHUB_CLIENT_CONFIRMATION_OK"
25791,10411932197,10411932240,1,"IOTHUB_CLIENT_CONFIRMATION_OK"
25792,10411932397,10411932459,1,"IOTHUB_CLIENT_CONFIRMATION_OK"
25793,10411932597,10411932773,1,"IOTHUB_CLIENT_CONFIRMATION_OK"
25794,10411932798,10411932860,1,"IOTHUB_CLIENT_CONFIRMATION_OK"
25795,10411932998,10411933055,1,"IOTHUB_CLIENT_CONFIRMATION_OK"
25796,10411933198,10411933378,1,"IOTHUB_CLIENT_CONFIRMATION_OK"
25797,10411933398,10411933453,1,"IOTHUB_CLIENT_CONFIRMATION_OK"
25798,10411933598,10411933649,1,"IOTHUB_CLIENT_CONFIRMATION_OK"
25799,10411933798,10411933969,1,"IOTHUB_CLIENT_CONFIRMATION_OK"
25800,10411933999,10411934058,1,"IOTHUB_CLIENT_CONFIRMATION_OK"
25801,10411934199,10411934242,1,"IOTHUB_CLIENT_CONFIRMATION_OK"
25802,10411934399,10411934578,1,"IOTHUB_CLIENT_CONFIRMATION_OK"
25803,10411934599,10411934635,1,"IOTHUB_CLIENT_CONFIRMATION_OK"
25804,10411934799,10411934858,1,"IOTHUB_CLIENT_CONFIRMATION_OK"
25805,10411934999,10411935240,1,"IOTHUB_CLIENT_CONFIRMATION_OK"
25806,10411935200,10411935319,1,"IOTHUB_CLIENT_CONFIRMATION_OK"
25807,10411935400,10411935446,1,"IOTHUB_CLIENT_CONFIRMATION_OK"
25808,10411935600,10411935798,1,"IOTHUB_CLIENT_CONFIRMATION_OK"
25809,10411935800,10411935876,1,"IOTHUB_CLIENT_CONFIRMATION_OK"
25810,10411936000,10411936035,1,"IOTHUB_CLIENT_CONFIRMATION_OK"
25811,10411936200,10411936237,1,"IOTHUB_CLIENT_CONFIRMATION_OK"
25812,10411936400,10411936459,1,"IOTHUB_CLIENT_CONFIRMATION_OK"
25813,10411936601,10411936647,1,"IOTHUB_CLIENT_CONFIRMATION_OK"
25814,10411936801,10411936857,1,"IOTHUB_CLIENT_CONFIRMATION_OK"
25815,10411937001,10411937061,1,"IOTHUB_CLIENT_CONFIRMATION_OK"
25816,10411937201,10411937261,1,"IOTHUB_CLIENT_CONFIRMATION_OK"
25817,10411937401,10411937461,1,"IOTHUB_CLIENT_CONFIRMATION_OK"
25818,10411937601,10411937650,1,"IOTHUB_CLIENT_CONFIRMATION_OK"
25819,10411937802,10411937853,1,"IOTHUB_CLIENT_CONFIRMATION_OK"
25820,10411938002,10411938063,1,"IOTHUB_CLIENT_CONFIRMATION_OK"
25821,10411938202,10411938277,1,"IOTHUB_CLIENT_CONFIRMATION_OK"
25822,10411938402,10411938460,1,"IOTHUB_CLIENT_CONFIRMATION_OK"
25823,10411938602,10411938673,1,"IOTHUB_CLIENT_CONFIRMATION_OK"
25824,10411938802,10411938837,1,"IOTHUB_CLIENT_CONFIRMATION_OK"
25825,10411939002,10411939041,1,"IOTHUB_CLIENT_CONFIRMATION_OK"
25826,10411939203,10411939318,1,"IOTHUB_CLIENT_CONFIRMATION_OK"
25827,10411939403,10411939461,1,"IOTHUB_CLIENT_CONFIRMATION_OK"
25828,10411939603,10411939669,1,"IOTHUB_CLIENT_CONFIRMATION_OK"
25829,10411939803,10411939925,1,"IOTHUB_CLIENT_CONFIRMATION_OK"
25830,10411940003,10411940066,1,"IOTHUB_CLIENT_CONFIRMATION_OK"
25831,10411940203,10411940243,1,"IOTHUB_CLIENT_CONFIRMATION_OK"
25832,10411940404,10411940540,1,"IOTHUB_CLIENT_CONFIRMATION_OK"
25833,10411940604,10411940666,1,"IOTHUB_CLIENT_CONFIRMATION_OK"
25834,10411940804,10411940847,1,"IOTHUB_CLIENT_CONFIRMATION_OK"
25835,10411941004,10411941136,1,"IOTHUB_CLIENT_CONFIRMATION_OK"
25836,10411941204,10411941269,1,"IOTHUB_CLIENT_CONFIRMATION_OK"
25837,10411941404,10411941467,1,"IOTHUB_CLIENT_CONFIRMATION_OK"
25838,10411941604,10411941785,1,"IOTHUB_CLIENT_CONFIRMATION_OK"
25839,10411941805,10411941853,1,"IOTHUB_CLIENT_CONFIRMATION_OK"
25840,10411942005,10411942057,1,"IOTHUB_CLIENT_CONFIRMATION_OK"
25841,10411942205,10411942384,1,"IOTHUB_CLIENT_CONFIRMATION_OK"
25842,10411942405,10411942443,1,"IOTHUB_CLIENT_CONFIRMATION_OK"
25843,10411942605,10411942652,1,"IOTHUB_CLIENT_CONFIRMATION_OK"
25844,10411942805,10411943000,1,"IOTHUB_CLIENT_CONFIRMATION_OK"
25845,10411943005,10411943061,1,"IOTHUB_CLIENT_CONFIRMATION_OK"
25846,10411943206,10411943273,1,"IOTHUB_CLIENT_CONFIRMATION_OK"
25847,10411943406,10411943594,1,"IOTHUB_CLIENT_CONFIRMATION_OK"
25848,10411943606,10411943674,1,"IOTHUB_CLIENT_CONFIRMATION_OK"
25849,10411943806,10411943860,1,"IOTHUB_CLIENT_CONFIRMATION_OK"
25850,10411944006,10411944058,1,"IOTHUB_CLIENT_CONFIRMATION_OK"
25851,10411944206,10411944260,1,"IOTHUB_CLIENT_CONFIRMATION_OK"
25852,10411944407,10411944454,1,"IOTHUB_CLIENT_CONFIRMATION_OK"
25853,10411944607,10411944643,1,"IOTHUB_CLIENT_CONFIRMATION_OK"
25854,10411944807,10411944848,1,"IOTHUB_CLIENT_CONFIRMATION_OK"
25855,10411945007,10411945121,1,"IOTHUB_CLIENT_CONFIRMATION_OK"
25856,10411945207,10411945325,1,"IOTHUB_CLIENT_CONFIRMATION_OK"
25857,10411945407,10411945451,1,"IOTHUB_CLIENT_CONFIRMATION_OK"
25858,10411945608,10411945696,1,"IOTHUB_CLIENT_CONFIRMATION_OK"
25859,10411945808,10411945920,1,"IOTHUB_CLIENT_CONFIRMATION_OK"
25860,10411946008,10411946067,1,"IOTHUB_CLIENT_CONFIRMATION_OK"
25861,10411946208,10411946274,1,"IOTHUB_CLIENT_CONFIRMATION_OK"
25862,10411946408,10411946560,1,"IOTHUB_CLIENT_CONFIRMATION_OK"
25863,10411946608,10411946655,1,"IOTHUB_CLIENT_CONFIRMATION_OK"
25864,10411946809,10411946866,1,"IOTHUB_CLIENT_CONFIRMATION_OK"
25865,10411947009,10411947218,1,"IOTHUB_CLIENT_CONFIRMATION_OK"
25866,10411947209,10411947388,1,"IOTHUB_CLIENT_CONFIRMATION_OK"
25867,10411947409,10411947467,1,"IOTHUB_CLIENT_CONFIRMATION_OK"
25868,10411947609,10411947764,1,"IOTHUB_CLIENT_CONFIRMATION_OK"
25869,10411947809,10411947865,1,"IOTHUB_CLIENT_CONFIRMATION_OK"
25870,10411948009,10411948050,1,"IOTHUB_CLIENT_CONFIRMATION_OK"
25871,10411948210,10411948368,1,"IOTHUB_CLIENT_CONFIRMATION_OK"
25872,10411948410,10411948466,1,"IOTHUB_CLIENT_CONFIRMATION_OK"
25873,10411948610,10411948673,1,"IOTHUB_CLIENT_CONFIRMATION_OK"
25874,10411948810,10411949006,1,"IOTHUB_CLIENT_CONFIRMATION_OK"
25875,10411949010,10411949083,1,"IOTHUB_CLIENT_CONFIRMATION_OK"
25876,10411949210,10411949253,1,"IOTHUB_CLIENT_CONFIRMATION_OK"
25877,10411949411,10411949486,1,"IOTHUB_CLIENT_CONFIRMATION_OK"
25878,10411949611,10411949753,1,"IOTHUB_CLIENT_CONFIRMATION_OK"
25879,10411949811,10411949929,1,"IOTHUB_CLIENT_CONFIRMATION_OK"
25880,10411950011,10411950064,1,"IOTHUB_CLIENT_CONFIRMATION_OK"
25881,10411950211,10411950265,1,"IOTHUB_CLIENT_CONFIRMATION_OK"
25882,10411950411,10411950477,1,"IOTHUB_CLIENT_CONFIRMATION_OK"
25883,10411950611,10411950664,1,"IOTHUB_CLIENT_CONFIRMATION_OK"
25884,10411950812,10411950878,1,"IOTHUB_CLIENT_CONFIRMATION_OK"
25885,10411951012,10411951051,1,"IOTHUB_CLIENT_CONFIRMATION_OK"
25886,10411951212,10411951333,1,"IOTHUB_CLIENT_CONFIRMATION_OK"
25887,10411951412,10411951462,1,"IOTHUB_CLIENT_CONFIRMATION_OK"
25888,10411951612,10411951657,1,"IOTHUB_CLIENT_CONFIRMATION_OK"
25889,10411951812,10411951897,1,"IOTHUB_CLIENT_CONFIRMATION_OK"
25890,10411952012,10411952055,1,"IOTHUB_CLIENT_CONFIRMATION_OK"
25891,10411952213,10411952259,1,"IOTHUB_CLIENT_CONFIRMATION_OK"
25892,10411952413,10411952509,1,"IOTHUB_CLIENT_CONFIRMATION_OK"
25893,10411952613,10411952663,1,"IOTHUB_CLIENT_CONFIRMATION_OK"
25894,10411952813,10411952880,1,"IOTHUB_CLIENT_CONFIRMATION_OK"
25895,10411953013,10411953143,1,"IOTHUB_CLIENT_CONFIRMATION_OK"
25896,10411953213,10411953267,1,"IOTHUB_CLIENT_CONFIRMATION_OK"
25897,10411953413,10411953470,1,"IOTHUB_CLIENT_CONFIRMATION_OK"
25898,10411953614,10411953747,1,"IOTHUB_CLIENT_CONFIRMATION_OK"
25899,10411953814,10411953862,1,"IOTHUB_CLIENT_CONFIRMATION_OK"
25900,10411954014,10411954144,1,"IOTHUB_CLIENT_CONFIRMATION_OK"
25901,10411954214,10411954360,1,"IOTHUB_CLIENT_CONFIRMATION_OK"
25902,10411954414,10411954467,1,"IOTHUB_CLIENT_CONFIRMATION_OK"
25903,10411954614,10411954671,1,"IOTHUB_CLIENT_CONFIRMATION_OK"
25904,10411954815,10411954965,1,"IOTHUB_CLIENT_CONFIRMATION_OK"
25905,10411955015,10411955067,1,"IOTHUB_CLIENT_CONFIRMATION_OK"
25906,10411955215,10411955251,1,"IOTHUB_CLIENT_CONFIRMATION_OK"
25907,10411955415,10411955568,1,"IOTHUB_CLIENT_CONFIRMATION_OK"
25908,10411955615,10411955652,1,"IOTHUB_CLIENT_CONFIRMATION_OK"
25909,10411955815,10411955864,1,"IOTHUB_CLIENT_CONFIRMATION_OK"
25910,10411956015,10411956191,1,"IOTHUB_CLIENT_CONFIRMATION_OK"
25911,10411956216,10411956266,1,"IOTHUB_CLIENT_CONFIRMATION_OK"
25912,10411956416,10411956466,1,"IOTHUB_CLIENT_CONFIRMATION_OK"
25913,10411956616,10411956672,1,"IOTHUB_CLIENT_CONFIRMATION_OK"
25914,10411956816,10411956861,1,"IOTHUB_CLIENT_CONFIRMATION_OK"
25915,10411957016,10411957067,1,"IOTHUB_CLIENT_CONFIRMATION_OK"
25916,10411957216,10411957256,1,"IOTHUB_CLIENT_CONFIRMATION_OK"
25917,10411957417,10411957453,1,"IOTHUB_CLIENT_CONFIRMATION_OK"
25918,10411957617,10411957658,1,"IOTHUB_CLIENT_CONFIRMATION_OK"
25919,10411957817,10411957873,1,"IOTHUB_CLIENT_CONFIRMATION_OK"
25920,10411958017,10411958056,1,"IOTHUB_CLIENT_CONFIRMATION_OK"
25921,10411958217,10411958277,1,"IOTHUB_CLIENT_CONFIRMATION_OK"
25922,10411958417,10411958514,1,"IOTHUB_CLIENT_CONFIRMATION_OK"
25923,10411958618,10411958735,1,"IOTHUB_CLIENT_CONFIRMATION_OK"
25924,10411958818,10411958901,1,"IOTHUB_CLIENT_CONFIRMATION_OK"
25925,10411959018,10411959066,1,"IOTHUB_CLIENT_CONFIRMATION_OK"
25926,10411959218,10411959259,1,"IOTHUB_CLIENT_CONFIRMATION_OK"
25927,10411959418,10411959455,1,"IOTHUB_CLIENT_CONFIRMATION_OK"
25928,10411959618,10411959673,1,"IOTHUB_CLIENT_CONFIRMATION_OK"
25929,10411959819,10411959930,1,"IOTHUB_CLIENT_CONFIRMATION_OK"
25930,10411960019,10411960066,1,"IOTHUB_CLIENT_CONFIRMATION_OK"
25931,10411960219,10411960391,1,"IOTHUB_CLIENT_CONFIRMATION_OK"
25932,10411960419,10411960467,1,"IOTHUB_CLIENT_CONFIRMATION_OK"
25933,10411960619,10411960674,1,"IOTHUB_CLIENT_CONFIRMATION_OK"
25934,10411960819,10411960878,1,"IOTHUB_CLIENT_CONFIRMATION_OK"
25935,10411961019,10411961064,1,"IOTHUB_CLIENT_CONFIRMATION_OK"
25936,10411961220,10411961269,1,"IOTHUB_CLIENT_CONFIRMATION_OK"
25937,10411961420,10411961498,1,"IOTHUB_CLIENT_CONFIRMATION_OK"
25938,10411961620,10411961675,1,"IOTHUB_CLIENT_CONFIRMATION_OK"
25939,10411961820,10411961866,1,"IOTHUB_CLIENT_CONFIRMATION_OK"
25940,10411962020,10411962082,1,"IOTHUB_CLIENT_CONFIRMATION_OK"
25941,10411962220,10411962256,1,"IOTHUB_CLIENT_CONFIRMATION_OK"
25942,10411962420,10411962481,1,"IOTHUB_CLIENT_CONFIRMATION_OK"
25943,10411962621,10411962672,1,"IOTHUB_CLIENT_CONFIRMATION_OK"
25944,10411962821,10411962861,1,"IOTHUB_CLIENT_CONFIRMATION_OK"
25945,10411963021,10411963084,1,"IOTHUB_CLIENT_CONFIRMATION_OK"
25946,10411963221,10411963268,1,"IOTHUB_CLIENT_CONFIRMATION_OK"
25947,10411963421,10411963466,1,"IOTHUB_CLIENT_CONFIRMATION_OK"
25948,10411963621,10411963673,1,"IOTHUB_CLIENT_CONFIRMATION_OK"
25949,10411963821,10411963861,1,"IOTHUB_CLIENT_CONFIRMATION_OK"
25950,10411964022,10411964090,1,"IOTHUB_CLIENT_CONFIRMATION_OK"
25951,10411964222,10411964281,1,"IOTHUB_CLIENT_CONFIRMATION_OK"
25952,10411964422,10411964466,1,"IOTHUB_CLIENT_CONFIRMATION_OK"
25953,10411964622,10411964664,1,"IOTHUB_CLIENT_CONFIRMATION_OK"
25954,10411964822,10411964865,1,"IOTHUB_CLIENT_CONFIRMATION_OK"
25955,10411965022,10411965087,1,"IOTHUB_CLIENT_CONFIRMATION_OK"
25956,10411965223,10411965261,1,"IOTHUB_CLIENT_CONFIRMATION_OK"
25957,10411965423,10411965479,1,"IOTHUB_CLIENT_CONFIRMATION_OK"
25958,10411965623,10411965673,1,"IOTHUB_CLIENT_CONFIRMATION_OK"
25959,10411965823,10411965886,1,"IOTHUB_CLIENT_CONFIRMATION_OK"
25960,10411966023,10411966066,1,"IOTHUB_CLIENT_CONFIRMATION_OK"
25961,10411966223,10411966278,1,"IOTHUB_CLIENT_CONFIRMATION_OK"
25962,10411966423,10411966466,1,"IOTHUB_CLIENT_CONFIRMATION_OK"
25963,10411966624,10411966672,1,"IOTHUB_CLIENT_CONFIRMATION_OK"
25964,10411966824,10411966885,1,"IOTHUB_CLIENT_CONFIRMATION_OK"
25965,10411967024,10411967081,1,"IOTHUB_CLIENT_CONFIRMATION_OK"
25966,10411967224,10411967267,1,"IOTHUB_CLIENT_CONFIRMATION_OK"
25967,10411967424,10411967513,1,"IOTHUB_CLIENT_CONFIRMATION_OK"
25968,10411967624,10411967670,1,"IOTHUB_CLIENT_CONFIRMATION_OK"
25969,10411967825,10411967862,1,"IOTHUB_CLIENT_CONFIRMATION_OK"
25970,10411968025,10411968127,1,"IOTHUB_CLIENT_CONFIRMATION_OK"
25971,10411968225,10411968279,1,"IOTHUB_CLIENT_CONFIRMATION_OK"
25972,10411968425,10411968465,1,"IOTHUB_CLIENT_CONFIRMATION_OK"
25973,10411968625,10411968704,1,"IOTHUB_CLIENT_CONFIRMATION_OK"
25974,10411968825,10411968879,1,"IOTHUB_CLIENT_CONFIRMATION_OK"
25975,10411969025,10411969065,1,"IOTHUB_CLIENT_CONFIRMATION_OK"
25976,10411969226,10411969332,1,"IOTHUB_CLIENT_CONFIRMATION_OK"
25977,10411969426,10411969472,1,"IOTHUB_CLIENT_CONFIRMATION_OK"
25978,10411969626,10411969683,1,"IOTHUB_CLIENT_CONFIRMATION_OK"
25979,10411969826,10411969952,1,"IOTHUB_CLIENT_CONFIRMATION_OK"
25980,10411970026,10411970122,1,"IOTHUB_CLIENT_CONFIRMATION_OK"
25981,10411970226,10411970273,1,"IOTHUB_CLIENT_CONFIRMATION_OK"
25982,10411970427,10411970566,1,"IOTHUB_CLIENT_CONFIRMATION_OK"
25983,10411970627,10411970671,1,"IOTHUB_CLIENT_CONFIRMATION_OK"
25984,10411970827,10411970870,1,"IOTHUB_CLIENT_CONFIRMATION_OK"
25985,10411971027,10411971138,1,"IOTHUB_CLIENT_CONFIRMATION_OK"
25986,10411971227,10411971273,1,"IOTHUB_CLIENT_CONFIRMATION_OK"
25987,10411971427,10411971479,1,"IOTHUB_CLIENT_CONFIRMATION_OK"
25988,10411971627,10411971749,1,"IOTHUB_CLIENT_CONFIRMATION_OK"
25989,10411971828,10411971870,1,"IOTHUB_CLIENT_CONFIRMATION_OK"
25990,10411972028,10411972081,1,"IOTHUB_CLIENT_CONFIRMATION_OK"
25991,10411972228,10411972355,1,"IOTHUB_CLIENT_CONFIRMATION_OK"
25992,10411972428,10411972487,1,"IOTHUB_CLIENT_CONFIRMATION_OK"
25993,10411972628,10411972674,1,"IOTHUB_CLIENT_CONFIRMATION_OK"
25994,10411972828,10411972883,1,"IOTHUB_CLIENT_CONFIRMATION_OK"
25995,10411973029,10411973080,1,"IOTHUB_CLIENT_CONFIRMATION_OK"
25996,10411973229,10411973300,1,"IOTHUB_CLIENT_CONFIRMATION_OK"
25997,10411973429,10411973460,1,"IOTHUB_CLIENT_CONFIRMATION_OK"
25998,10411973629,10411973677,1,"IOTHUB_CLIENT_CONFIRMATION_OK"
25999,10411973829,10411973887,1,"IOTHUB_CLIENT_CONFIRMATION_OK"
26000,10411974029,10411974098,1,"IOTHUB_CLIENT_CONFIRMATION_OK"
26001,10411974229,10411974288,1,"IOTHUB_CLIENT_CONFIRMATION_OK"
26002,10411974430,10411974476,1,"IOTHUB_CLIENT_CONFIRMATION_OK"
26003,10411974630,10411974687,1,"IOTHUB_CLIENT_CONFIRMATION_OK"
26004,10411974830,10411974880,1,"IOTHUB_CLIENT_CONFIRMATION_OK"
26005,10411975030,10411975086,1,"IOTHUB_CLIENT_CONFIRMATION_OK"
26006,10411975230,10411975283,1,"IOTHUB_CLIENT_CONFIRMATION_OK"
26007,10411975430,10411975473,1,"IOTHUB_CLIENT_CONFIRMATION_OK"
26008,10411975631,10411975674,1,"IOTHUB_CLIENT_CONFIRMATION_OK"
26009,10411975831,10411975907,1,"IOTHUB_CLIENT_CONFIRMATION_OK"
26010,10411976031,10411976077,1,"IOTHUB_CLIENT_CONFIRMATION_OK"
26011,10411976231,10411976290,1,"IOTHUB_CLIENT_CONFIRMATION_OK"
26012,10411976431,10411976479,1,"IOTHUB_CLIENT_CONFIRMATION_OK"
26013,10411976631,10411976671,1,"IOTHUB_CLIENT_CONFIRMATION_OK"
26014,10411976832,10411976887,1,"IOTHUB_CLIENT_CONFIRMATION_OK"
26015,10411977032,10411977169,1,"IOTHUB_CLIENT_CONFIRMATION_OK"
26016,10411977232,10411977290,1,"IOTHUB_CLIENT_CONFIRMATION_OK"
26017,10411977432,10411977481,1,"IOTHUB_CLIENT_CONFIRMATION_OK"
26018,10411977632,10411977670,1,"IOTHUB_CLIENT_CONFIRMATION_OK"
26019,10411977832,10411977882,1,"IOTHUB_CLIENT_CONFIRMATION_OK"
26020,10411978032,10411978094,1,"IOTHUB_CLIENT_CONFIRMATION_OK"
26021,10411978233,10411978276,1,"IOTHUB_CLIENT_CONFIRMATION_OK"
26022,10411978433,10411978486,1,"IOTHUB_CLIENT_CONFIRMATION_OK"
26023,10411978633,10411978691,1,"IOTHUB_CLIENT_CONFIRMATION_OK"
26024,10411978833,10411978879,1,"IOTHUB_CLIENT_CONFIRMATION_OK"
26025,10411979033,10411979075,1,"IOTHUB_CLIENT_CONFIRMATION_OK"
26026,10411979233,10411979296,1,"IOTHUB_CLIENT_CONFIRMATION_OK"
26027,10411979433,10411979488,1,"IOTHUB_CLIENT_CONFIRMATION_OK"
26028,10411979634,10411979697,1,"IOTHUB_CLIENT_CONFIRMATION_OK"
26029,10411979834,10411979963,1,"IOTHUB_CLIENT_CONFIRMATION_OK"
26030,10411980034,10411980081,1,"IOTHUB_CLIENT_CONFIRMATION_OK"
26031,10411980234,10411980272,1,"IOTHUB_CLIENT_CONFIRMATION_OK"
26032,10411980434,10411980475,1,"IOTHUB_CLIENT_CONFIRMATION_OK"
26033,10411980634,10411980715,1,"IOTHUB_CLIENT_CONFIRMATION_OK"
26034,10411980835,10411980895,1,"IOTHUB_CLIENT_CONFIRMATION_OK"
26035,10411981035,10411981093,1,"IOTHUB_CLIENT_CONFIRMATION_OK"
26036,10411981235,10411981316,1,"IOTHUB_CLIENT_CONFIRMATION_OK"
26037,10411981435,10411981508,1,"IOTHUB_CLIENT_CONFIRMATION_OK"
26038,10411981635,10411981682,1,"IOTHUB_CLIENT_CONFIRMATION_OK"
26039,10411981835,10411981917,1,"IOTHUB_CLIENT_CONFIRMATION_OK"
26040,10411982036,10411982085,1,"IOTHUB_CLIENT_CONFIRMATION_OK"
26041,10411982236,10411982290,1,"IOTHUB_CLIENT_CONFIRMATION_OK"
26042,10411982436,10411982525,1,"IOTHUB_CLIENT_CONFIRMATION_OK"
26043,10411982636,10411982681,1,"IOTHUB_CLIENT_CONFIRMATION_OK"
26044,10411982836,10411982883,1,"IOTHUB_CLIENT_CONFIRMATION_OK"
26045,10411983036,10411983153,1,"IOTHUB_CLIENT_CONFIRMATION_OK"
26046,10411983236,10411983292,1,"IOTHUB_CLIENT_CONFIRMATION_OK"
26047,10411983437,10411983503,1,"IOTHUB_CLIENT_CONFIRMATION_OK"
26048,10411983637,10411983740,1,"IOTHUB_CLIENT_CONFIRMATION_OK"
26049,10411983837,10411983888,1,"IOTHUB_CLIENT_CONFIRMATION_OK"
26050,10411984037,10411984089,1,"IOTHUB_CLIENT_CONFIRMATION_OK"
26051,10411984237,10411984373,1,"IOTHUB_CLIENT_CONFIRMATION_OK"
26052,10411984437,10411984483,1,"IOTHUB_CLIENT_CONFIRMATION_OK"
26053,10411984638,10411984690,1,"IOTHUB_CLIENT_CONFIRMATION_OK"
26054,10411984838,10411984879,1,"IOTHUB_CLIENT_CONFIRMATION_OK"
26055,10411985038,10411985095,1,"IOTHUB_CLIENT_CONFIRMATION_OK"
26056,10411985238,10411985278,1,"IOTHUB_CLIENT_CONFIRMATION_OK"
26057,10411985438,10411985511,1,"IOTHUB_CLIENT_CONFIRMATION_OK"
26058,10411985638,10411985685,1,"IOTHUB_CLIENT_CONFIRMATION_OK"
26059,10411985839,10411985903,1,"IOTHUB_CLIENT_CONFIRMATION_OK"
26060,10411986039,10411986082,1,"IOTHUB_CLIENT_CONFIRMATION_OK"
26061,10411986239,10411986289,1,"IOTHUB_CLIENT_CONFIRMATION_OK"
26062,10411986439,10411986496,1,"IOTHUB_CLIENT_CONFIRMATION_OK"
26063,10411986639,10411986708,1,"IOTHUB_CLIENT_CONFIRMATION_OK"
26064,10411986839,10411986877,1,"IOTHUB_CLIENT_CONFIRMATION_OK"
26065,10411987039,10411987092,1,"IOTHUB_CLIENT_CONFIRMATION_OK"
26066,10411987240,10411987279,1,"IOTHUB_CLIENT_CONFIRMATION_OK"
26067,10411987440,10411987493,1,"IOTHUB_CLIENT_CONFIRMATION_OK"
26068,10411987640,10411987701,1,"IOTHUB_CLIENT_CONFIRMATION_OK"
26069,10411987840,10411987896,1,"IOTHUB_CLIENT_CONFIRMATION_OK"
26070,10411988040,10411988109,1,"IOTHUB_CLIENT_CONFIRMATION_OK"
26071,10411988240,10411988302,1,"IOTHUB_CLIENT_CONFIRMATION_OK"
26072,10411988441,10411988516,1,"IOTHUB_CLIENT_CONFIRMATION_OK"
26073,10411988641,10411988699,1,"IOTHUB_CLIENT_CONFIRMATION_OK"
26074,10411988841,10411988887,1,"IOTHUB_CLIENT_CONFIRMATION_OK"
26075,10411989041,10411989098,1,"IOTHUB_CLIENT_CONFIRMATION_OK"
26076,10411989241,10411989287,1,"IOTHUB_CLIENT_CONFIRMATION_OK"
26077,10411989441,10411989501,1,"IOTHUB_CLIENT_CONFIRMATION_OK"
26078,10411989641,10411989683,1,"IOTHUB_CLIENT_CONFIRMATION_OK"
26079,10411989842,10411989890,1,"IOTHUB_CLIENT_CONFIRMATION_OK"
26080,10411990042,10411990093,1,"IOTHUB_CLIENT_CONFIRMATION_OK"
26081,10411990242,10411990324,1,"IOTHUB_CLIENT_CONFIRMATION_OK"
26082,10411990442,10411990488,1,"IOTHUB_CLIENT_CONFIRMATION_OK"
26083,10411990642,10411990682,1,"IOTHUB_CLIENT_CONFIRMATION_OK"
26084,10411990842,10411990906,1,"IOTHUB_CLIENT_CONFIRMATION_OK"
26085,10411991043,10411991095,1,"IOTHUB_CLIENT_CONFIRMATION_OK"
26086,10411991243,10411991352,1,"IOTHUB_CLIENT_CONFIRMATION_OK"
26087,10411991443,10411991618,1,"IOTHUB_CLIENT_CONFIRMATION_OK"
26088,10411991643,10411991693,1,"IOTHUB_CLIENT_CONFIRMATION_OK"
26089,10411991843,10411991944,1,"IOTHUB_CLIENT_CONFIRMATION_OK"
26090,10411992043,10411992098,1,"IOTHUB_CLIENT_CONFIRMATION_OK"
26091,10411992243,10411992297,1,"IOTHUB_CLIENT_CONFIRMATION_OK"
26092,10411992443,10411992487,1,"IOTHUB_CLIENT_CONFIRMATION_OK"
26093,10411992644,10411992694,1,"IOTHUB_CLIENT_CONFIRMATION_OK"
26094,10411992844,10411992891,1,"IOTHUB_CLIENT_CONFIRMATION_OK"
26095,10411993044,10411993121,1,"IOTHUB_CLIENT_CONFIRMATION_OK"
26096,10411993244,10411993323,1,"IOTHUB_CLIENT_CONFIRMATION_OK"
26097,10411993444,10411993488,1,"IOTHUB_CLIENT_CONFIRMATION_OK"
26098,10411993644,10411993718,1,"IOTHUB_CLIENT_CONFIRMATION_OK"
26099,10411993845,10411993985,1,"IOTHUB_CLIENT_CONFIRMATION_OK"
26100,10411994045,10411994089,1,"IOTHUB_CLIENT_CONFIRMATION_OK"
26101,10411994245,10411994282,1,"IOTHUB_CLIENT_CONFIRMATION_OK"
26102,10411994445,10411994544,1,"IOTHUB_CLIENT_CONFIRMATION_OK"
26103,10411994645,10411994715,1,"IOTHUB_CLIENT_CONFIRMATION_OK"
26104,10411994845,10411994901,1,"IOTHUB_CLIENT_CONFIRMATION_OK"
26105,10411995046,10411995189,1,"IOTHUB_CLIENT_CONFIRMATION_OK"
26106,10411995246,10411995286,1,"IOTHUB_CLIENT_CONFIRMATION_OK"
26107,10411995446,10411995504,1,"IOTHUB_CLIENT_CONFIRMATION_OK"
26108,10411995646,10411995762,1,"IOTHUB_CLIENT_CONFIRMATION_OK"
26109,10411995846,10411995892,1,"IOTHUB_CLIENT_CONFIRMATION_OK"
26110,10411996046,10411996092,1,"IOTHUB_CLIENT_CONFIRMATION_OK"
26111,10411996247,10411996392,1,"IOTHUB_CLIENT_CONFIRMATION_OK"
26112,10411996447,10411996504,1,"IOTHUB_CLIENT_CONFIRMATION_OK"
26113,10411996647,10411996723,1,"IOTHUB_CLIENT_CONFIRMATION_OK"
26114,10411996847,10411996916,1,"IOTHUB_CLIENT_CONFIRMATION_OK"
26115,10411997047,10411997109,1,"IOTHUB_CLIENT_CONFIRMATION_OK"
26116,10411997247,10411997292,1,"IOTHUB_CLIENT_CONFIRMATION_OK"
26117,10411997447,10411997543,1,"IOTHUB_CLIENT_CONFIRMATION_OK"
26118,10411997648,10411997694,1,"IOTHUB_CLIENT_CONFIRMATION_OK"
26119,10411997848,10411997913,1,"IOTHUB_CLIENT_CONFIRMATION_OK"
26120,10411998048,10411998105,1,"IOTHUB_CLIENT_CONFIRMATION_OK"
26121,10411998248,10411998300,1,"IOTHUB_CLIENT_CONFIRMATION_OK"
26122,10411998448,10411998492,1,"IOTHUB_CLIENT_CONFIRMATION_OK"
26123,10411998648,10411998777,1,"IOTHUB_CLIENT_CONFIRMATION_OK"
26124,10411998849,10411998887,1,"IOTHUB_CLIENT_CONFIRMATION_OK"
26125,10411999049,10411999095,1,"IOTHUB_CLIENT_CONFIRMATION_OK"
26126,10411999249,10411999307,1,"IOTHUB_CLIENT_CONFIRMATION_OK"
26127,10411999449,10411999489,1,"IOTHUB_CLIENT_CONFIRMATION_OK"
26128,10411999649,10411999696,1,"IOTHUB_CLIENT_CONFIRMATION_OK"
26129,10411999849,10411999925,1,"IOTHUB_CLIENT_CONFIRMATION_OK"
26130,10412000049,10412000097,1,"IOTHUB_CLIENT_CONFIRMATION_OK"
26131,10412000250,10412000306,1,"IOTHUB_CLIENT_CONFIRMATION_OK"
26132,10412000450,10412000535,1,"IOTHUB_CLIENT_CONFIRMATION_OK"
26133,10412000650,10412000704,1,"IOTHUB_CLIENT_CONFIRMATION_OK"
26134,10412000850,10412000895,1,"IOTHUB_CLIENT_CONFIRMATION_OK"
26135,10412001050,10412001138,1,"IOTHUB_CLIENT_CONFIRMATION_OK"
26136,10412001250,10412001299,1,"IOTHUB_CLIENT_CONFIRMATION_OK"
26137,10412001451,10412001501,1,"IOTHUB_CLIENT_CONFIRMATION_OK"
26138,10412001651,10412001751,1,"IOTHUB_CLIENT_CONFIRMATION_OK"
26139,10412001851,10412001892,1,"IOTHUB_CLIENT_CONFIRMATION_OK"
26140,10412002051,10412002102,1,"IOTHUB_CLIENT_CONFIRMATION_OK"
26141,10412002251,10412002286,1,"IOTHUB_CLIENT_CONFIRMATION_OK"
26142,10412002451,10412002511,1,"IOTHUB_CLIENT_CONFIRMATION_OK"
26143,10412002652,10412002753,1,"IOTHUB_CLIENT_CONFIRMATION_OK"
26144,10412002852,10412002923,1,"IOTHUB_CLIENT_CONFIRMATION_OK"
26145,10412003052,10412003138,1,"IOTHUB_CLIENT_CONFIRMATION_OK"
26146,10412003252,10412003326,1,"IOTHUB_CLIENT_CONFIRMATION_OK"
26147,10412003452,10412003504,1,"IOTHUB_CLIENT_CONFIRMATION_OK"
26148,10412003652,10412003706,1,"IOTHUB_CLIENT_CONFIRMATION_OK"
26149,10412003852,10412003958,1,"IOTHUB_CLIENT_CONFIRMATION_OK"
26150,10412004053,10412004132,1,"IOTHUB_CLIENT_CONFIRMATION_OK"
26151,10412004253,10412004307,1,"IOTHUB_CLIENT_CONFIRMATION_OK"
26152,10412004453,10412004508,1,"IOTHUB_CLIENT_CONFIRMATION_OK"
26153,10412004653,10412004711,1,"IOTHUB_CLIENT_CONFIRMATION_OK"
26154,10412004853,10412004917,1,"IOTHUB_CLIENT_CONFIRMATION_OK"
26155,10412005053,10412005123,1,"IOTHUB_CLIENT_CONFIRMATION_OK"
26156,10412005254,10412005357,1,"IOTHUB_CLIENT_CONFIRMATION_OK"
26157,10412005454,10412005498,1,"IOTHUB_CLIENT_CONFIRMATION_OK"
26158,10412005654,10412005700,1,"IOTHUB_CLIENT_CONFIRMATION_OK"
26159,10412005854,10412005901,1,"IOTHUB_CLIENT_CONFIRMATION_OK"
26160,10412006054,10412006095,1,"IOTHUB_CLIENT_CONFIRMATION_OK"
26161,10412006254,10412006310,1,"IOTHUB_CLIENT_CONFIRMATION_OK"
26162,10412006455,10412006517,1,"IOTHUB_CLIENT_CONFIRMATION_OK"
26163,10412006655,10412006809,1,"IOTHUB_CLIENT_CONFIRMATION_OK"
26164,10412006855,10412006932,1,"IOTHUB_CLIENT_CONFIRMATION_OK"
26165,10412007055,10412007125,1,"IOTHUB_CLIENT_CONFIRMATION_OK"
26166,10412007255,10412007301,1,"IOTHUB_CLIENT_CONFIRMATION_OK"
26167,10412007455,10412007494,1,"IOTHUB_CLIENT_CONFIRMATION_OK"
26168,10412007655,10412007703,1,"IOTHUB_CLIENT_CONFIRMATION_OK"
26169,10412007856,10412007911,1,"IOTHUB_CLIENT_CONFIRMATION_OK"
26170,10412008056,10412008172,1,"IOTHUB_CLIENT_CONFIRMATION_OK"
26171,10412008256,10412008309,1,"IOTHUB_CLIENT_CONFIRMATION_OK"
26172,10412008456,10412008515,1,"IOTHUB_CLIENT_CONFIRMATION_OK"
26173,10412008656,10412008768,1,"IOTHUB_CLIENT_CONFIRMATION_OK"
26174,10412008856,10412008912,1,"IOTHUB_CLIENT_CONFIRMATION_OK"
26175,10412009057,10412009110,1,"IOTHUB_CLIENT_CONFIRMATION_OK"
26176,10412009257,10412009309,1,"IOTHUB_CLIENT_CONFIRMATION_OK"
26177,10412009457,10412009502,1,"IOTHUB_CLIENT_CONFIRMATION_OK"
26178,10412009657,10412009707,1,"IOTHUB_CLIENT_CONFIRMATION_OK"
26179,10412009857,10412009898,1,"IOTHUB_CLIENT_CONFIRMATION_OK"
26180,10412010057,10412010160,1,"IOTHUB_CLIENT_CONFIRMATION_OK"
26181,10412010257,10412010315,1,"IOTHUB_CLIENT_CONFIRMATION_OK"
26182,10412010458,10412010501,1,"IOTHUB_CLIENT_CONFIRMATION_OK"
26183,10412010658,10412010707,1,"IOTHUB_CLIENT_CONFIRMATION_OK"
26184,10412010858,10412010917,1,"IOTHUB_CLIENT_CONFIRMATION_OK"
26185,10412011058,10412011125,1,"IOTHUB_CLIENT_CONFIRMATION_OK"
26186,10412011258,10412011327,1,"IOTHUB_CLIENT_CONFIRMATION_OK"
26187,10412011458,10412011522,1,"IOTHUB_CLIENT_CONFIRMATION_OK"
26188,10412011659,10412011705,1,"IOTHUB_CLIENT_CONFIRMATION_OK"
26189,10412011859,10412011904,1,"IOTHUB_CLIENT_CONFIRMATION_OK"
26190,10412012059,10412012108,1,"IOTHUB_CLIENT_CONFIRMATION_OK"
26191,10412012259,10412012304,1,"IOTHUB_CLIENT_CONFIRMATION_OK"
26192,10412012459,10412012497,1,"IOTHUB_CLIENT_CONFIRMATION_OK"
26193,10412012659,10412012697,1,"IOTHUB_CLIENT_CONFIRMATION_OK"
26194,10412012859,10412012924,1,"IOTHUB_CLIENT_CONFIRMATION_OK"
26195,10412013060,10412013119,1,"IOTHUB_CLIENT_CONFIRMATION_OK"
26196,10412013260,10412013331,1,"IOTHUB_CLIENT_CONFIRMATION_OK"
26197,10412013460,10412013511,1,"IOTHUB_CLIENT_CONFIRMATION_OK"
26198,10412013660,10412013738,1,"IOTHUB_CLIENT_CONFIRMATION_OK"
26199,10412013860,10412013916,1,"IOTHUB_CLIENT_CONFIRMATION_OK"
26200,10412014060,10412014103,1,"IOTHUB_CLIENT_CONFIRMATION_OK"
26201,10412014261,10412014306,1,"IOTHUB_CLIENT_CONFIRMATION_OK"
26202,10412014461,10412014498,1,"IOTHUB_CLIENT_CONFIRMATION_OK"
26203,10412014661,10412014713,1,"IOTHUB_CLIENT_CONFIRMATION_OK"
26204,10412014861,10412014908,1,"IOTHUB_CLIENT_CONFIRMATION_OK"
26205,10412015061,10412015125,1,"IOTHUB_CLIENT_CONFIRMATION_OK"
26206,10412015261,10412015356,1,"IOTHUB_CLIENT_CONFIRMATION_OK"
26207,10412015462,10412015509,1,"IOTHUB_CLIENT_CONFIRMATION_OK"
26208,10412015662,10412015726,1,"IOTHUB_CLIENT_CONFIRMATION_OK"
26209,10412015862,10412015906,1,"IOTHUB_CLIENT_CONFIRMATION_OK"
26210,10412016062,10412016124,1,"IOTHUB_CLIENT_CONFIRMATION_OK"
26211,10412016262,10412016303,1,"IOTHUB_CLIENT_CONFIRMATION_OK"
26212,10412016462,10412016522,1,"IOTHUB_CLIENT_CONFIRMATION_OK"
26213,10412016663,10412016725,1,"IOTHUB_CLIENT_CONFIRMATION_OK"
26214,10412016863,10412016906,1,"IOTHUB_CLIENT_CONFIRMATION_OK"
26215,10412017063,10412017117,1,"IOTHUB_CLIENT_CONFIRMATION_OK"
26216,10412017263,10412017330,1,"IOTHUB_CLIENT_CONFIRMATION_OK"
26217,10412017463,10412017535,1,"IOTHUB_CLIENT_CONFIRMATION_OK"
26218,10412017663,10412017705,1,"IOTHUB_CLIENT_CONFIRMATION_OK"
26219,10412017863,10412017913,1,"IOTHUB_CLIENT_CONFIRMATION_OK"
26220,10412018064,10412018099,1,"IOTHUB_CLIENT_CONFIRMATION_OK"
26221,10412018264,10412018327,1,"IOTHUB_CLIENT_CONFIRMATION_OK"
26222,10412018464,10412018514,1,"IOTHUB_CLIENT_CONFIRMATION_OK"
26223,10412018664,10412018710,1,"IOTHUB_CLIENT_CONFIRMATION_OK"
26224,10412018864,10412018928,1,"IOTHUB_CLIENT_CONFIRMATION_OK"
26225,10412019064,10412019131,1,"IOTHUB_CLIENT_CONFIRMATION_OK"
26226,10412019265,10412019335,1,"IOTHUB_CLIENT_CONFIRMATION_OK"
26227,10412019465,10412019512,1,"IOTHUB_CLIENT_CONFIRMATION_OK"
26228,10412019665,10412019749,1,"IOTHUB_CLIENT_CONFIRMATION_OK"
26229,10412019865,10412019915,1,"IOTHUB_CLIENT_CONFIRMATION_OK"
26230,10412020065,10412020140,1,"IOTHUB_CLIENT_CONFIRMATION_OK"
26231,10412020265,10412020307,1,"IOTHUB_CLIENT_CONFIRMATION_OK"
26232,10412020465,10412020509,1,"IOTHUB_CLIENT_CONFIRMATION_OK"
26233,10412020666,10412020720,1,"IOTHUB_CLIENT_CONFIRMATION_OK"
26234,10412020866,10412020938,1,"IOTHUB_CLIENT_CONFIRMATION_OK"
26235,10412021066,10412021299,1,"IOTHUB_CLIENT_CONFIRMATION_OK"
26236,10412021266,10412021427,1,"IOTHUB_CLIENT_CONFIRMATION_OK"
26237,10412021466,10412021515,1,"IOTHUB_CLIENT_CONFIRMATION_OK"
26238,10412021666,10412021798,1,"IOTHUB_CLIENT_CONFIRMATION_OK"
26239,10412021867,10412021948,1,"IOTHUB_CLIENT_CONFIRMATION_OK"
26240,10412022067,10412022118,1,"IOTHUB_CLIENT_CONFIRMATION_OK"
26241,10412022267,10412022313,1,"IOTHUB_CLIENT_CONFIRMATION_OK"
26242,10412022467,10412022505,1,"IOTHUB_CLIENT_CONFIRMATION_OK"
26243,10412022667,10412022721,1,"IOTHUB_CLIENT_CONFIRMATION_OK"
26244,10412022867,10412022923,1,"IOTHUB_CLIENT_CONFIRMATION_OK"
26245,10412023068,10412023127,1,"IOTHUB_CLIENT_CONFIRMATION_OK"
26246,10412023268,10412023314,1,"IOTHUB_CLIENT_CONFIRMATION_OK"
26247,10412023468,10412023530,1,"IOTHUB_CLIENT_CONFIRMATION_OK"
26248,10412023668,10412023715,1,"IOTHUB_CLIENT_CONFIRMATION_OK"
26249,10412023868,10412023976,1,"IOTHUB_CLIENT_CONFIRMATION_OK"
26250,10412024068,10412024102,1,"IOTHUB_CLIENT_CONFIRMATION_OK"
26251,10412024269,10412024311,1,"IOTHUB_CLIENT_CONFIRMATION_OK"
26252,10412024469,10412024575,1,"IOTHUB_CLIENT_CONFIRMATION_OK"
26253,10412024669,10412024723,1,"IOTHUB_CLIENT_CONFIRMATION_OK"
26254,10412024869,10412024916,1,"IOTHUB_CLIENT_CONFIRMATION_OK"
26255,10412025069,10412025168,1,"IOTHUB_CLIENT_CONFIRMATION_OK"
26256,10412025269,10412025329,1,"IOTHUB_CLIENT_CONFIRMATION_OK"
26257,10412025469,10412025505,1,"IOTHUB_CLIENT_CONFIRMATION_OK"
26258,10412025670,10412025718,1,"IOTHUB_CLIENT_CONFIRMATION_OK"
26259,10412025870,10412025918,1,"IOTHUB_CLIENT_CONFIRMATION_OK"
26260,10412026070,10412026126,1,"IOTHUB_CLIENT_CONFIRMATION_OK"
26261,10412026270,10412026341,1,"IOTHUB_CLIENT_CONFIRMATION_OK"
26262,10412026470,10412026544,1,"IOTHUB_CLIENT_CONFIRMATION_OK"
26263,10412026670,10412026741,1,"IOTHUB_CLIENT_CONFIRMATION_OK"
26264,10412026871,10412026916,1,"IOTHUB_CLIENT_CONFIRMATION_OK"
26265,10412027071,10412027126,1,"IOTHUB_CLIENT_CONFIRMATION_OK"
26266,10412027271,10412027306,1,"IOTHUB_CLIENT_CONFIRMATION_OK"
26267,10412027471,10412027536,1,"IOTHUB_CLIENT_CONFIRMATION_OK"
26268,10412027671,10412027723,1,"IOTHUB_CLIENT_CONFIRMATION_OK"
26269,10412027871,10412027922,1,"IOTHUB_CLIENT_CONFIRMATION_OK"
26270,10412028071,10412028116,1,"IOTHUB_CLIENT_CONFIRMATION_OK"
26271,10412028272,10412028315,1,"IOTHUB_CLIENT_CONFIRMATION_OK"
26272,10412028472,10412028520,1,"IOTHUB_CLIENT_CONFIRMATION_OK"
26273,10412028672,10412028751,1,"IOTHUB_CLIENT_CONFIRMATION_OK"
26274,10412028872,10412028922,1,"IOTHUB_CLIENT_CONFIRMATION_OK"
26275,10412029072,10412029120,1,"IOTHUB_CLIENT_CONFIRMATION_OK"
26276,10412029272,10412029316,1,"IOTHUB_CLIENT_CONFIRMATION_OK"
26277,10412029473,10412029550,1,"IOTHUB_CLIENT_CONFIRMATION_OK"
26278,10412029673,10412029720,1,"IOTHUB_CLIENT_CONFIRMATION_OK"
26279,10412029873,10412029920,1,"IOTHUB_CLIENT_CONFIRMATION_OK"
26280,10412030073,10412030130,1,"IOTHUB_CLIENT_CONFIRMATION_OK"
26281,10412030273,10412030318,1,"IOTHUB_CLIENT_CONFIRMATION_OK"
26282,10412030473,10412030511,1,"IOTHUB_CLIENT_CONFIRMATION_OK"
26283,10412030674,10412030733,1,"IOTHUB_CLIENT_CONFIRMATION_OK"
26284,10412030874,10412030923,1,"IOTHUB_CLIENT_CONFIRMATION_OK"
26285,10412031074,10412031172,1,"IOTHUB_CLIENT_CONFIRMATION_OK"
26286,10412031274,10412031348,1,"IOTHUB_CLIENT_CONFIRMATION_OK"
26287,10412031474,10412031572,1,"IOTHUB_CLIENT_CONFIRMATION_OK"
26288,10412031674,10412031744,1,"IOTHUB_CLIENT_CONFIRMATION_OK"
26289,10412031875,10412031924,1,"IOTHUB_CLIENT_CONFIRMATION_OK"
26290,10412032075,10412032147,1,"IOTHUB_CLIENT_CONFIRMATION_OK"
26291,10412032275,10412032318,1,"IOTHUB_CLIENT_CONFIRMATION_OK"
26292,10412032475,10412032510,1,"IOTHUB_CLIENT_CONFIRMATION_OK"
26293,10412032675,10412032726,1,"IOTHUB_CLIENT_CONFIRMATION_OK"
26294,10412032875,10412032949,1,"IOTHUB_CLIENT_CONFIRMATION_OK"
26295,10412033075,10412033139,1,"IOTHUB_CLIENT_CONFIRMATION_OK"
26296,10412033276,10412033316,1,"IOTHUB_CLIENT_CONFIRMATION_OK"
26297,10412033476,10412033515,1,"IOTHUB_CLIENT_CONFIRMATION_OK"
26298,10412033676,10412033722,1,"IOTHUB_CLIENT_CONFIRMATION_OK"
26299,10412033876,10412033920,1,"IOTHUB_CLIENT_CONFIRMATION_OK"
26300,10412034076,10412034146,1,"IOTHUB_CLIENT_CONFIRMATION_OK"
26301,10412034276,10412034329,1,"IOTHUB_CLIENT_CONFIRMATION_OK"
26302,10412034476,10412034538,1,"IOTHUB_CLIENT_CONFIRMATION_OK"
26303,10412034677,10412034773,1,"IOTHUB_CLIENT_CONFIRMATION_OK"
26304,10412034877,10412034956,1,"IOTHUB_CLIENT_CONFIRMATION_OK"
26305,10412035077,10412035138,1,"IOTHUB_CLIENT_CONFIRMATION_OK"
26306,10412035277,10412035337,1,"IOTHUB_CLIENT_CONFIRMATION_OK"
26307,10412035477,10412035521,1,"IOTHUB_CLIENT_CONFIRMATION_OK"
26308,10412035677,10412035743,1,"IOTHUB_CLIENT_CONFIRMATION_OK"
26309,10412035878,10412035919,1,"IOTHUB_CLIENT_CONFIRMATION_OK"
26310,10412036078,10412036122,1,"IOTHUB_CLIENT_CONFIRMATION_OK"
26311,10412036278,10412036356,1,"IOTHUB_CLIENT_CONFIRMATION_OK"
26312,10412036478,10412036577,1,"IOTHUB_CLIENT_CONFIRMATION_OK"
26313,10412036678,10412036741,1,"IOTHUB_CLIENT_CONFIRMATION_OK"
26314,10412036878,10412036959,1,"IOTHUB_CLIENT_CONFIRMATION_OK"
26315,10412037079,10412037136,1,"IOTHUB_CLIENT_CONFIRMATION_OK"
26316,10412037279,10412037332,1,"IOTHUB_CLIENT_CONFIRMATION_OK"
26317,10412037479,10412037668,1,"IOTHUB_CLIENT_CONFIRMATION_OK"
26318,10412037679,10412037728,1,"IOTHUB_CLIENT_CONFIRMATION_OK"
26319,10412037879,10412037953,1,"IOTHUB_CLIENT_CONFIRMATION_OK"
26320,10412038079,10412038312,1,"IOTHUB_CLIENT_CONFIRMATION_OK"
26321,10412038280,10412038339,1,"IOTHUB_CLIENT_CONFIRMATION_OK"
26322,10412038480,10412038522,1,"IOTHUB_CLIENT_CONFIRMATION_OK"
26323,10412038680,10412038725,1,"IOTHUB_CLIENT_CONFIRMATION_OK"
26324,10412038880,10412038930,1,"IOTHUB_CLIENT_CONFIRMATION_OK"
26325,10412039080,10412039141,1,"IOTHUB_CLIENT_CONFIRMATION_OK"
26326,10412039280,10412039326,1,"IOTHUB_CLIENT_CONFIRMATION_OK"
26327,10412039480,10412039534,1,"IOTHUB_CLIENT_CONFIRMATION_OK"
26328,10412039681,10412039730,1,"IOTHUB_CLIENT_CONFIRMATION_OK"
26329,10412039881,10412039964,1,"IOTHUB_CLIENT_CONFIRMATION_OK"
26330,10412040081,10412040127,1,"IOTHUB_CLIENT_CONFIRMATION_OK"
26331,10412040281,10412040337,1,"IOTHUB_CLIENT_CONFIRMATION_OK"
26332,10412040481,10412040553,1,"IOTHUB_CLIENT_CONFIRMATION_OK"
26333,10412040681,10412040735,1,"IOTHUB_CLIENT_CONFIRMATION_OK"
26334,10412040882,10412040933,1,"IOTHUB_CLIENT_CONFIRMATION_OK"
26335,10412041082,10412041182,1,"IOTHUB_CLIENT_CONFIRMATION_OK"
26336,10412041282,10412041331,1,"IOTHUB_CLIENT_CONFIRMATION_OK"
26337,10412041482,10412041536,1,"IOTHUB_CLIENT_CONFIRMATION_OK"
26338,10412041682,10412041757,1,"IOTHUB_CLIENT_CONFIRMATION_OK"
26339,10412041882,10412041920,1,"IOTHUB_CLIENT_CONFIRMATION_OK"
26340,10412042082,10412042220,1,"IOTHUB_CLIENT_CONFIRMATION_OK"
26341,10412042283,10412042406,1,"IOTHUB_CLIENT_CONFIRMATION_OK"
26342,10412042483,10412042514,1,"IOTHUB_CLIENT_CONFIRMATION_OK"
26343,10412042683,10412042727,1,"IOTHUB_CLIENT_CONFIRMATION_OK"
26344,10412042883,10412042978,1,"IOTHUB_CLIENT_CONFIRMATION_OK"
26345,10412043083,10412043129,1,"IOTHUB_CLIENT_CONFIRMATION_OK"
26346,10412043283,10412043335,1,"IOTHUB_CLIENT_CONFIRMATION_OK"
26347,10412043484,10412043582,1,"IOTHUB_CLIENT_CONFIRMATION_OK"
26348,10412043684,10412043745,1,"IOTHUB_CLIENT_CONFIRMATION_OK"
26349,10412043884,10412043947,1,"IOTHUB_CLIENT_CONFIRMATION_OK"
26350,10412044084,10412044216,1,"IOTHUB_CLIENT_CONFIRMATION_OK"
26351,10412044284,10412044347,1,"IOTHUB_CLIENT_CONFIRMATION_OK"
26352,10412044484,10412044536,1,"IOTHUB_CLIENT_CONFIRMATION_OK"
26353,10412044685,10412044809,1,"IOTHUB_CLIENT_CONFIRMATION_OK"
26354,10412044885,10412045063,1,"IOTHUB_CLIENT_CONFIRMATION_OK"
26355,10412045085,10412045146,1,"IOTHUB_CLIENT_CONFIRMATION_OK"
26356,10412045285,10412045476,1,"IOTHUB_CLIENT_CONFIRMATION_OK"
26357,10412045485,10412045606,1,"IOTHUB_CLIENT_CONFIRMATION_OK"
26358,10412045685,10412045744,1,"IOTHUB_CLIENT_CONFIRMATION_OK"
26359,10412045885,10412046103,1,"IOTHUB_CLIENT_CONFIRMATION_OK"
26360,10412046086,10412046161,1,"IOTHUB_CLIENT_CONFIRMATION_OK"
26361,10412046286,10412046341,1,"IOTHUB_CLIENT_CONFIRMATION_OK"
26362,10412046486,10412046717,1,"IOTHUB_CLIENT_CONFIRMATION_OK"
26363,10412046686,10412046766,1,"IOTHUB_CLIENT_CONFIRMATION_OK"
26364,10412046886,10412046928,1,"IOTHUB_CLIENT_CONFIRMATION_OK"
26365,10412047086,10412047126,1,"IOTHUB_CLIENT_CONFIRMATION_OK"
26366,10412047287,10412047343,1,"IOTHUB_CLIENT_CONFIRMATION_OK"
26367,10412047487,10412047538,1,"IOTHUB_CLIENT_CONFIRMATION_OK"
26368,10412047687,10412047820,1,"IOTHUB_CLIENT_CONFIRMATION_OK"
26369,10412047887,10412047949,1,"IOTHUB_CLIENT_CONFIRMATION_OK"
26370,10412048087,10412048138,1,"IOTHUB_CLIENT_CONFIRMATION_OK"
26371,10412048287,10412048337,1,"IOTHUB_CLIENT_CONFIRMATION_OK"
26372,10412048487,10412048550,1,"IOTHUB_CLIENT_CONFIRMATION_OK"
26373,10412048688,10412048755,1,"IOTHUB_CLIENT_CONFIRMATION_OK"
26374,10412048888,10412048971,1,"IOTHUB_CLIENT_CONFIRMATION_OK"
26375,10412049088,10412049140,1,"IOTHUB_CLIENT_CONFIRMATION_OK"
26376,10412049288,10412049343,1,"IOTHUB_CLIENT_CONFIRMATION_OK"
26377,10412049488,10412049574,1,"IOTHUB_CLIENT_CONFIRMATION_OK"
26378,10412049688,10412049737,1,"IOTHUB_CLIENT_CONFIRMATION_OK"
26379,10412049889,10412049943,1,"IOTHUB_CLIENT_CONFIRMATION_OK"
26380,10412050089,10412050222,1,"IOTHUB_CLIENT_CONFIRMATION_OK"
26381,10412050289,10412050367,1,"IOTHUB_CLIENT_CONFIRMATION_OK"
26382,10412050489,10412050537,1,"IOTHUB_CLIENT_CONFIRMATION_OK"
26383,10412050689,10412050795,1,"IOTHUB_CLIENT_CONFIRMATION_OK"
26384,10412050890,10412050942,1,"IOTHUB_CLIENT_CONFIRMATION_OK"
26385,10412051090,10412051175,1,"IOTHUB_CLIENT_CONFIRMATION_OK"
26386,10412051290,10412051473,1,"IOTHUB_CLIENT_CONFIRMATION_OK"
26387,10412051490,10412051549,1,"IOTHUB_CLIENT_CONFIRMATION_OK"
26388,10412051690,10412051752,1,"IOTHUB_CLIENT_CONFIRMATION_OK"
26389,10412051890,10412052033,1,"IOTHUB_CLIENT_CONFIRMATION_OK"
26390,10412052091,10412052158,1,"IOTHUB_CLIENT_CONFIRMATION_OK"
26391,10412052291,10412052351,1,"IOTHUB_CLIENT_CONFIRMATION_OK"
26392,10412052491,10412052647,1,"IOTHUB_CLIENT_CONFIRMATION_OK"
26393,10412052691,10412052735,1,"IOTHUB_CLIENT_CONFIRMATION_OK"
26394,10412052891,10412052930,1,"IOTHUB_CLIENT_CONFIRMATION_OK"
26395,10412053091,10412053246,1,"IOTHUB_CLIENT_CONFIRMATION_OK"
26396,10412053292,10412053352,1,"IOTHUB_CLIENT_CONFIRMATION_OK"
26397,10412053492,10412053539,1,"IOTHUB_CLIENT_CONFIRMATION_OK"
26398,10412053692,10412053870,1,"IOTHUB_CLIENT_CONFIRMATION_OK"
26399,10412053892,10412053939,1,"IOTHUB_CLIENT_CONFIRMATION_OK"
26400,10412054092,10412054137,1,"IOTHUB_CLIENT_CONFIRMATION_OK"
26401,10412054292,10412054532,1,"IOTHUB_CLIENT_CONFIRMATION_OK"
26402,10412054492,10412054585,1,"IOTHUB_CLIENT_CONFIRMATION_OK"
26403,10412054693,10412054746,1,"IOTHUB_CLIENT_CONFIRMATION_OK"
26404,10412054893,10412054930,1,"IOTHUB_CLIENT_CONFIRMATION_OK"
26405,10412055093,10412055150,1,"IOTHUB_CLIENT_CONFIRMATION_OK"
26406,10412055293,10412055343,1,"IOTHUB_CLIENT_CONFIRMATION_OK"
26407,10412055493,10412055539,1,"IOTHUB_CLIENT_CONFIRMATION_OK"
26408,10412055693,10412055763,1,"IOTHUB_CLIENT_CONFIRMATION_OK"
26409,10412055894,10412055952,1,"IOTHUB_CLIENT_CONFIRMATION_OK"
26410,10412056094,10412056147,1,"IOTHUB_CLIENT_CONFIRMATION_OK"
26411,10412056294,10412056349,1,"IOTHUB_CLIENT_CONFIRMATION_OK"
26412,10412056494,10412056560,1,"IOTHUB_CLIENT_CONFIRMATION_OK"
26413,10412056694,10412056774,1,"IOTHUB_CLIENT_CONFIRMATION_OK"
26414,10412056894,10412056940,1,"IOTHUB_CLIENT_CONFIRMATION_OK"
26415,10412057095,10412057143,1,"IOTHUB_CLIENT_CONFIRMATION_OK"
26416,10412057295,10412057430,1,"IOTHUB_CLIENT_CONFIRMATION_OK"
26417,10412057495,10412057547,1,"IOTHUB_CLIENT_CONFIRMATION_OK"
26418,10412057695,10412057770,1,"IOTHUB_CLIENT_CONFIRMATION_OK"
26419,10412057895,10412058056,1,"IOTHUB_CLIENT_CONFIRMATION_OK"
26420,10412058095,10412058145,1,"IOTHUB_CLIENT_CONFIRMATION_OK"
26421,10412058295,10412058526,1,"IOTHUB_CLIENT_CONFIRMATION_OK"
26422,10412058496,10412058651,1,"IOTHUB_CLIENT_CONFIRMATION_OK"
26423,10412058696,10412058741,1,"IOTHUB_CLIENT_CONFIRMATION_OK"
26424,10412058896,10412058949,1,"IOTHUB_CLIENT_CONFIRMATION_OK"
26425,10412059096,10412059299,1,"IOTHUB_CLIENT_CONFIRMATION_OK"
26426,10412059296,10412059340,1,"IOTHUB_CLIENT_CONFIRMATION_OK"
26427,10412059496,10412059539,1,"IOTHUB_CLIENT_CONFIRMATION_OK"
26428,10412059697,10412059914,1,"IOTHUB_CLIENT_CONFIRMATION_OK"
26429,10412059897,10412059955,1,"IOTHUB_CLIENT_CONFIRMATION_OK"
26430,10412060097,10412060140,1,"IOTHUB_CLIENT_CONFIRMATION_OK"
26431,10412060297,10412060501,1,"IOTHUB_CLIENT_CONFIRMATION_OK"
26432,10412060497,10412060550,1,"IOTHUB_CLIENT_CONFIRMATION_OK"
26433,10412060697,10412060749,1,"IOTHUB_CLIENT_CONFIRMATION_OK"
26434,10412060897,10412061125,1,"IOTHUB_CLIENT_CONFIRMATION_OK"
26435,10412061098,10412061151,1,"IOTHUB_CLIENT_CONFIRMATION_OK"
26436,10412061298,10412061341,1,"IOTHUB_CLIENT_CONFIRMATION_OK"
26437,10412061498,10412061552,1,"IOTHUB_CLIENT_CONFIRMATION_OK"
26438,10412061698,10412061745,1,"IOTHUB_CLIENT_CONFIRMATION_OK"
26439,10412061898,10412061940,1,"IOTHUB_CLIENT_CONFIRMATION_OK"
26440,10412062098,10412062169,1,"IOTHUB_CLIENT_CONFIRMATION_OK"
26441,10412062299,10412062364,1,"IOTHUB_CLIENT_CONFIRMATION_OK"
26442,10412062499,10412062555,1,"IOTHUB_CLIENT_CONFIRMATION_OK"
26443,10412062699,10412062743,1,"IOTHUB_CLIENT_CONFIRMATION_OK"
26444,10412062899,10412062943,1,"IOTHUB_CLIENT_CONFIRMATION_OK"
26445,10412063099,10412063144,1,"IOTHUB_CLIENT_CONFIRMATION_OK"
26446,10412063299,10412063361,1,"IOTHUB_CLIENT_CONFIRMATION_OK"
26447,10412063500,10412063561,1,"IOTHUB_CLIENT_CONFIRMATION_OK"
26448,10412063700,10412063742,1,"IOTHUB_CLIENT_CONFIRMATION_OK"
26449,10412063900,10412063956,1,"IOTHUB_CLIENT_CONFIRMATION_OK"
26450,10412064100,10412064139,1,"IOTHUB_CLIENT_CONFIRMATION_OK"
26451,10412064300,10412064339,1,"IOTHUB_CLIENT_CONFIRMATION_OK"
26452,10412064500,10412064565,1,"IOTHUB_CLIENT_CONFIRMATION_OK"
26453,10412064700,10412064747,1,"IOTHUB_CLIENT_CONFIRMATION_OK"
26454,10412064901,10412064943,1,"IOTHUB_CLIENT_CONFIRMATION_OK"
26455,10412065101,10412065184,1,"IOTHUB_CLIENT_CONFIRMATION_OK"
26456,10412065301,10412065349,1,"IOTHUB_CLIENT_CONFIRMATION_OK"
26457,10412065501,10412065546,1,"IOTHUB_CLIENT_CONFIRMATION_OK"
26458,10412065701,10412065830,1,"IOTHUB_CLIENT_CONFIRMATION_OK"
26459,10412065901,10412065970,1,"IOTHUB_CLIENT_CONFIRMATION_OK"
26460,10412066102,10412066140,1,"IOTHUB_CLIENT_CONFIRMATION_OK"
26461,10412066302,10412066433,1,"IOTHUB_CLIENT_CONFIRMATION_OK"
26462,10412066502,10412066566,1,"IOTHUB_CLIENT_CONFIRMATION_OK"
26463,10412066702,10412066757,1,"IOTHUB_CLIENT_CONFIRMATION_OK"
26464,10412066902,10412067046,1,"IOTHUB_CLIENT_CONFIRMATION_OK"
26465,10412067102,10412067141,1,"IOTHUB_CLIENT_CONFIRMATION_OK"
26466,10412067302,10412067350,1,"IOTHUB_CLIENT_CONFIRMATION_OK"
26467,10412067503,10412067669,1,"IOTHUB_CLIENT_CONFIRMATION_OK"
26468,10412067703,10412067740,1,"IOTHUB_CLIENT_CONFIRMATION_OK"
26469,10412067903,10412067945,1,"IOTHUB_CLIENT_CONFIRMATION_OK"
26470,10412068103,10412068260,1,"IOTHUB_CLIENT_CONFIRMATION_OK"
26471,10412068303,10412068366,1,"IOTHUB_CLIENT_CONFIRMATION_OK"
26472,10412068503,10412068550,1,"IOTHUB_CLIENT_CONFIRMATION_OK"
26473,10412068704,10412068876,1,"IOTHUB_CLIENT_CONFIRMATION_OK"
26474,10412068904,10412068970,1,"IOTHUB_CLIENT_CONFIRMATION_OK"
26475,10412069104,10412069174,1,"IOTHUB_CLIENT_CONFIRMATION_OK"
26476,10412069304,10412069486,1,"IOTHUB_CLIENT_CONFIRMATION_OK"
26477,10412069504,10412069551,1,"IOTHUB_CLIENT_CONFIRMATION_OK"
26478,10412069704,10412069783,1,"IOTHUB_CLIENT_CONFIRMATION_OK"
26479,10412069905,10412069952,1,"IOTHUB_CLIENT_CONFIRMATION_OK"
26480,10412070105,10412070179,1,"IOTHUB_CLIENT_CONFIRMATION_OK"
26481,10412070305,10412070352,1,"IOTHUB_CLIENT_CONFIRMATION_OK"
26482,10412070505,10412070560,1,"IOTHUB_CLIENT_CONFIRMATION_OK"
26483,10412070705,10412070766,1,"IOTHUB_CLIENT_CONFIRMATION_OK"
26484,10412070905,10412070953,1,"IOTHUB_CLIENT_CONFIRMATION_OK"
26485,10412071106,10412071179,1,"IOTHUB_CLIENT_CONFIRMATION_OK"
26486,10412071306,10412071381,1,"IOTHUB_CLIENT_CONFIRMATION_OK"
26487,10412071506,10412071558,1,"IOTHUB_CLIENT_CONFIRMATION_OK"
26488,10412071706,10412071790,1,"IOTHUB_CLIENT_CONFIRMATION_OK"
26489,10412071906,10412071953,1,"IOTHUB_CLIENT_CONFIRMATION_OK"
26490,10412072106,10412072157,1,"IOTHUB_CLIENT_CONFIRMATION_OK"
26491,10412072306,10412072394,1,"IOTHUB_CLIENT_CONFIRMATION_OK"
26492,10412072507,10412072550,1,"IOTHUB_CLIENT_CONFIRMATION_OK"
26493,10412072707,10412072759,1,"IOTHUB_CLIENT_CONFIRMATION_OK"
26494,10412072907,10412073013,1,"IOTHUB_CLIENT_CONFIRMATION_OK"
26495,10412073107,10412073154,1,"IOTHUB_CLIENT_CONFIRMATION_OK"
26496,10412073307,10412073364,1,"IOTHUB_CLIENT_CONFIRMATION_OK"
26497,10412073507,10412073633,1,"IOTHUB_CLIENT_CONFIRMATION_OK"
26498,10412073708,10412073748,1,"IOTHUB_CLIENT_CONFIRMATION_OK"
26499,10412073908,10412073973,1,"IOTHUB_CLIENT_CONFIRMATION_OK"
26500,10412074108,10412074219,1,"IOTHUB_CLIENT_CONFIRMATION_OK"
26501,10412074308,10412074386,1,"IOTHUB_CLIENT_CONFIRMATION_OK"
26502,10412074508,10412074554,1,"IOTHUB_CLIENT_CONFIRMATION_OK"
26503,10412074708,10412074859,1,"IOTHUB_CLIENT_CONFIRMATION_OK"
26504,10412074908,10412074959,1,"IOTHUB_CLIENT_CONFIRMATION_OK"
26505,10412075109,10412075161,1,"IOTHUB_CLIENT_CONFIRMATION_OK"
26506,10412075309,10412075438,1,"IOTHUB_CLIENT_CONFIRMATION_OK"
26507,10412075509,10412075553,1,"IOTHUB_CLIENT_CONFIRMATION_OK"
26508,10412075709,10412075747,1,"IOTHUB_CLIENT_CONFIRMATION_OK"
26509,10412075909,10412076073,1,"IOTHUB_CLIENT_CONFIRMATION_OK"
26510,10412076109,10412076157,1,"IOTHUB_CLIENT_CONFIRMATION_OK"
26511,10412076310,10412076384,1,"IOTHUB_CLIENT_CONFIRMATION_OK"
26512,10412076510,10412076680,1,"IOTHUB_CLIENT_CONFIRMATION_OK"
26513,10412076710,10412076756,1,"IOTHUB_CLIENT_CONFIRMATION_OK"
26514,10412076910,10412076958,1,"IOTHUB_CLIENT_CONFIRMATION_OK"
26515,10412077110,10412077274,1,"IOTHUB_CLIENT_CONFIRMATION_OK"
26516,10412077310,10412077362,1,"IOTHUB_CLIENT_CONFIRMATION_OK"
26517,10412077510,10412077598,1,"IOTHUB_CLIENT_CONFIRMATION_OK"
26518,10412077711,10412077891,1,"IOTHUB_CLIENT_CONFIRMATION_OK"
26519,10412077911,10412077973,1,"IOTHUB_CLIENT_CONFIRMATION_OK"
26520,10412078111,10412078155,1,"IOTHUB_CLIENT_CONFIRMATION_OK"
26521,10412078311,10412078520,1,"IOTHUB_CLIENT_CONFIRMATION_OK"
26522,10412078511,10412078562,1,"IOTHUB_CLIENT_CONFIRMATION_OK"
26523,10412078711,10412078756,1,"IOTHUB_CLIENT_CONFIRMATION_OK"
26524,10412078912,10412079175,1,"IOTHUB_CLIENT_CONFIRMATION_OK"
26525,10412079112,10412079223,1,"IOTHUB_CLIENT_CONFIRMATION_OK"
26526,10412079312,10412079375,1,"IOTHUB_CLIENT_CONFIRMATION_OK"
26527,10412079512,10412079569,1,"IOTHUB_CLIENT_CONFIRMATION_OK"
26528,10412079712,10412079763,1,"IOTHUB_CLIENT_CONFIRMATION_OK"
26529,10412079912,10412079967,1,"IOTHUB_CLIENT_CONFIRMATION_OK"
26530,10412080112,10412080158,1,"IOTHUB_CLIENT_CONFIRMATION_OK"
26531,10412080313,10412080362,1,"IOTHUB_CLIENT_CONFIRMATION_OK"
26532,10412080513,10412080560,1,"IOTHUB_CLIENT_CONFIRMATION_OK"
26533,10412080713,10412080762,1,"IOTHUB_CLIENT_CONFIRMATION_OK"
26534,10412080913,10412080973,1,"IOTHUB_CLIENT_CONFIRMATION_OK"
26535,10412081113,10412081173,1,"IOTHUB_CLIENT_CONFIRMATION_OK"
26536,10412081313,10412081368,1,"IOTHUB_CLIENT_CONFIRMATION_OK"
26537,10412081514,10412081563,1,"IOTHUB_CLIENT_CONFIRMATION_OK"
26538,10412081714,10412081784,1,"IOTHUB_CLIENT_CONFIRMATION_OK"
26539,10412081914,10412082024,1,"IOTHUB_CLIENT_CONFIRMATION_OK"
26540,10412082114,10412082176,1,"IOTHUB_CLIENT_CONFIRMATION_OK"
26541,10412082314,10412082360,1,"IOTHUB_CLIENT_CONFIRMATION_OK"
26542,10412082514,10412082605,1,"IOTHUB_CLIENT_CONFIRMATION_OK"
26543,10412082715,10412082773,1,"IOTHUB_CLIENT_CONFIRMATION_OK"
26544,10412082915,10412082970,1,"IOTHUB_CLIENT_CONFIRMATION_OK"
26545,10412083115,10412083237,1,"IOTHUB_CLIENT_CONFIRMATION_OK"
26546,10412083315,10412083374,1,"IOTHUB_CLIENT_CONFIRMATION_OK"
26547,10412083515,10412083564,1,"IOTHUB_CLIENT_CONFIRMATION_OK"
26548,10412083715,10412083879,1,"IOTHUB_CLIENT_CONFIRMATION_OK"
26549,10412083915,10412083961,1,"IOTHUB_CLIENT_CONFIRMATION_OK"
26550,10412084116,10412084167,1,"IOTHUB_CLIENT_CONFIRMATION_OK"
26551,10412084316,10412084493,1,"IOTHUB_CLIENT_CONFIRMATION_OK"
26552,10412084516,10412084591,1,"IOTHUB_CLIENT_CONFIRMATION_OK"
26553,10412084716,10412084764,1,"IOTHUB_CLIENT_CONFIRMATION_OK"
26554,10412084916,10412085105,1,"IOTHUB_CLIENT_CONFIRMATION_OK"
26555,10412085116,10412085165,1,"IOTHUB_CLIENT_CONFIRMATION_OK"
26556,10412085317,10412085387,1,"IOTHUB_CLIENT_CONFIRMATION_OK"
26557,10412085517,10412085716,1,"IOTHUB_CLIENT_CONFIRMATION_OK"
26558,10412085717,10412085765,1,"IOTHUB_CLIENT_CONFIRMATION_OK"
26559,10412085917,10412085970,1,"IOTHUB_CLIENT_CONFIRMATION_OK"
26560,10412086117,10412086152,1,"IOTHUB_CLIENT_CONFIRMATION_OK"
26561,10412086317,10412086364,1,"IOTHUB_CLIENT_CONFIRMATION_OK"
26562,10412086518,10412086632,1,"IOTHUB_CLIENT_CONFIRMATION_OK"
26563,10412086718,10412086847,1,"IOTHUB_CLIENT_CONFIRMATION_OK"
26564,10412086918,10412086967,1,"IOTHUB_CLIENT_CONFIRMATION_OK"
26565,10412087118,10412087167,1,"IOTHUB_CLIENT_CONFIRMATION_OK"
26566,10412087318,10412087429,1,"IOTHUB_CLIENT_CONFIRMATION_OK"
26567,10412087518,10412087591,1,"IOTHUB_CLIENT_CONFIRMATION_OK"
26568,10412087718,10412087777,1,"IOTHUB_CLIENT_CONFIRMATION_OK"
26569,10412087919,10412088001,1,"IOTHUB_CLIENT_CONFIRMATION_OK"
26570,10412088119,10412088173,1,"IOTHUB_CLIENT_CONFIRMATION_OK"
26571,10412088319,10412088441,1,"IOTHUB_CLIENT_CONFIRMATION_OK"
26572,10412088519,10412088635,1,"IOTHUB_CLIENT_CONFIRMATION_OK"
26573,10412088719,10412088769,1,"IOTHUB_CLIENT_CONFIRMATION_OK"
26574,10412088919,10412088988,1,"IOTHUB_CLIENT_CONFIRMATION_OK"
26575,10412089120,10412089241,1,"IOTHUB_CLIENT_CONFIRMATION_OK"
26576,10412089320,10412089368,1,"IOTHUB_CLIENT_CONFIRMATION_OK"
26577,10412089520,10412089593,1,"IOTHUB_CLIENT_CONFIRMATION_OK"
26578,10412089720,10412089860,1,"IOTHUB_CLIENT_CONFIRMATION_OK"
26579,10412089920,10412089971,1,"IOTHUB_CLIENT_CONFIRMATION_OK"
26580,10412090120,10412090195,1,"IOTHUB_CLIENT_CONFIRMATION_OK"
26581,10412090321,10412090461,1,"IOTHUB_CLIENT_CONFIRMATION_OK"
26582,10412090521,10412090599,1,"IOTHUB_CLIENT_CONFIRMATION_OK"
26583,10412090721,10412090804,1,"IOTHUB_CLIENT_CONFIRMATION_OK"
26584,10412090921,10412091067,1,"IOTHUB_CLIENT_CONFIRMATION_OK"
26585,10412091121,10412091164,1,"IOTHUB_CLIENT_CONFIRMATION_OK"
26586,10412091321,10412091399,1,"IOTHUB_CLIENT_CONFIRMATION_OK"
26587,10412091521,10412091676,1,"IOTHUB_CLIENT_CONFIRMATION_OK"
26588,10412091722,10412091778,1,"IOTHUB_CLIENT_CONFIRMATION_OK"
26589,10412091922,10412091972,1,"IOTHUB_CLIENT_CONFIRMATION_OK"
26590,10412092122,10412092305,1,"IOTHUB_CLIENT_CONFIRMATION_OK"
26591,10412092322,10412092406,1,"IOTHUB_CLIENT_CONFIRMATION_OK"
26592,10412092522,10412092573,1,"IOTHUB_CLIENT_CONFIRMATION_OK"
26593,10412092722,10412092914,1,"IOTHUB_CLIENT_CONFIRMATION_OK"
26594,10412092923,10412093008,1,"IOTHUB_CLIENT_CONFIRMATION_OK"
26595,10412093123,10412093165,1,"IOTHUB_CLIENT_CONFIRMATION_OK"
26596,10412093323,10412093548,1,"IOTHUB_CLIENT_CONFIRMATION_OK"
26597,10412093523,10412093583,1,"IOTHUB_CLIENT_CONFIRMATION_OK"
26598,10412093723,10412093788,1,"IOTHUB_CLIENT_CONFIRMATION_OK"
26599,10412093923,10412093974,1,"IOTHUB_CLIENT_CONFIRMATION_OK"
26600,10412094123,10412094176,1,"IOTHUB_CLIENT_CONFIRMATION_OK"
26601,10412094324,10412094383,1,"IOTHUB_CLIENT_CONFIRMATION_OK"
26602,10412094524,10412094570,1,"IOTHUB_CLIENT_CONFIRMATION_OK"
26603,10412094724,10412094764,1,"IOTHUB_CLIENT_CONFIRMATION_OK"
26604,10412094924,10412094960,1,"IOTHUB_CLIENT_CONFIRMATION_OK"
26605,10412095124,10412095173,1,"IOTHUB_CLIENT_CONFIRMATION_OK"
26606,10412095324,10412095381,1,"IOTHUB_CLIENT_CONFIRMATION_OK"
26607,10412095525,10412095580,1,"IOTHUB_CLIENT_CONFIRMATION_OK"
26608,10412095725,10412095797,1,"IOTHUB_CLIENT_CONFIRMATION_OK"
26609,10412095925,10412095987,1,"IOTHUB_CLIENT_CONFIRMATION_OK"
26610,10412096125,10412096173,1,"IOTHUB_CLIENT_CONFIRMATION_OK"
26611,10412096325,10412096411,1,"IOTHUB_CLIENT_CONFIRMATION_OK"
26612,10412096525,10412096573,1,"IOTHUB_CLIENT_CONFIRMATION_OK"
26613,10412096725,10412096775,1,"IOTHUB_CLIENT_CONFIRMATION_OK"
26614,10412096926,10412097020,1,"IOTHUB_CLIENT_CONFIRMATION_OK"
26615,10412097126,10412097163,1,"IOTHUB_CLIENT_CONFIRMATION_OK"
26616,10412097326,10412097371,1,"IOTHUB_CLIENT_CONFIRMATION_OK"
26617,10412097526,10412097638,1,"IOTHUB_CLIENT_CONFIRMATION_OK"
26618,10412097726,10412097771,1,"IOTHUB_CLIENT_CONFIRMATION_OK"
26619,10412097926,10412098059,1,"IOTHUB_CLIENT_CONFIRMATION_OK"
26620,10412098127,10412098231,1,"IOTHUB_CLIENT_CONFIRMATION_OK"
26621,10412098327,10412098378,1,"IOTHUB_CLIENT_CONFIRMATION_OK"
26622,10412098527,10412098568,1,"IOTHUB_CLIENT_CONFIRMATION_OK"
26623,10412098727,10412098854,1,"IOTHUB_CLIENT_CONFIRMATION_OK"
26624,10412098927,10412099005,1,"IOTHUB_CLIENT_CONFIRMATION_OK"
26625,10412099127,10412099158,1,"IOTHUB_CLIENT_CONFIRMATION_OK"
26626,10412099328,10412099477,1,"IOTHUB_CLIENT_CONFIRMATION_OK"
26627,10412099528,10412099567,1,"IOTHUB_CLIENT_CONFIRMATION_OK"
26628,10412099728,10412099799,1,"IOTHUB_CLIENT_CONFIRMATION_OK"
26629,10412099928,10412100080,1,"IOTHUB_CLIENT_CONFIRMATION_OK"
26630,10412100128,10412100165,1,"IOTHUB_CLIENT_CONFIRMATION_OK"
26631,10412100328,10412100400,1,"IOTHUB_CLIENT_CONFIRMATION_OK"
26632,10412100528,10412100718,1,"IOTHUB_CLIENT_CONFIRMATION_OK"
26633,10412100729,10412100789,1,"IOTHUB_CLIENT_CONFIRMATION_OK"
26634,10412100929,10412100966,1,"IOTHUB_CLIENT_CONFIRMATION_OK"
26635,10412101129,10412101347,1,"IOTHUB_CLIENT_CONFIRMATION_OK"
26636,10412101329,10412101395,1,"IOTHUB_CLIENT_CONFIRMATION_OK"
26637,10412101529,10412101631,1,"IOTHUB_CLIENT_CONFIRMATION_OK"
26638,10412101729,10412101922,1,"IOTHUB_CLIENT_CONFIRMATION_OK"
26639,10412101930,10412101974,1,"IOTHUB_CLIENT_CONFIRMATION_OK"
26640,10412102130,10412102190,1,"IOTHUB_CLIENT_CONFIRMATION_OK"
26641,10412102330,10412102547,1,"IOTHUB_CLIENT_CONFIRMATION_OK"
26642,10412102530,10412102590,1,"IOTHUB_CLIENT_CONFIRMATION_OK"
26643,10412102730,10412102767,1,"IOTHUB_CLIENT_CONFIRMATION_OK"
26644,10412102930,10412103151,1,"IOTHUB_CLIENT_CONFIRMATION_OK"
26645,10412103130,10412103176,1,"IOTHUB_CLIENT_CONFIRMATION_OK"
26646,10412103331,10412103368,1,"IOTHUB_CLIENT_CONFIRMATION_OK"
26647,10412103531,10412103602,1,"IOTHUB_CLIENT_CONFIRMATION_OK"
26648,10412103731,10412103789,1,"IOTHUB_CLIENT_CONFIRMATION_OK"
26649,10412103931,10412103993,1,"IOTHUB_CLIENT_CONFIRMATION_OK"
26650,10412104131,10412104187,1,"IOTHUB_CLIENT_CONFIRMATION_OK"
26651,10412104331,10412104379,1,"IOTHUB_CLIENT_CONFIRMATION_OK"
26652,10412104532,10412104585,1,"IOTHUB_CLIENT_CONFIRMATION_OK"
26653,10412104732,10412104792,1,"IOTHUB_CLIENT_CONFIRMATION_OK"
26654,10412104932,10412104986,1,"IOTHUB_CLIENT_CONFIRMATION_OK"
26655,10412105132,10412105179,1,"IOTHUB_CLIENT_CONFIRMATION_OK"
26656,10412105332,10412105400,1,"IOTHUB_CLIENT_CONFIRMATION_OK"
26657,10412105532,10412105574,1,"IOTHUB_CLIENT_CONFIRMATION_OK"
26658,10412105733,10412105768,1,"IOTHUB_CLIENT_CONFIRMATION_OK"
26659,10412105933,10412106068,1,"IOTHUB_CLIENT_CONFIRMATION_OK"
26660,10412106133,10412106176,1,"IOTHUB_CLIENT_CONFIRMATION_OK"
26661,10412106333,10412106448,1,"IOTHUB_CLIENT_CONFIRMATION_OK"
26662,10412106533,10412106618,1,"IOTHUB_CLIENT_CONFIRMATION_OK"
26663,10412106733,10412106788,1,"IOTHUB_CLIENT_CONFIRMATION_OK"
26664,10412106933,10412107133,1,"IOTHUB_CLIENT_CONFIRMATION_OK"
26665,10412107134,10412107302,1,"IOTHUB_CLIENT_CONFIRMATION_OK"
26666,10412107334,10412107403,1,"IOTHUB_CLIENT_CONFIRMATION_OK"
26667,10412107534,10412107609,1,"IOTHUB_CLIENT_CONFIRMATION_OK"
26668,10412107734,10412107892,1,"IOTHUB_CLIENT_CONFIRMATION_OK"
26669,10412107934,10412108001,1,"IOTHUB_CLIENT_CONFIRMATION_OK"
26670,10412108134,10412108183,1,"IOTHUB_CLIENT_CONFIRMATION_OK"
26671,10412108335,10412108500,1,"IOTHUB_CLIENT_CONFIRMATION_OK"
26672,10412108535,10412108603,1,"IOTHUB_CLIENT_CONFIRMATION_OK"
26673,10412108735,10412108840,1,"IOTHUB_CLIENT_CONFIRMATION_OK"
26674,10412108935,10412109158,1,"IOTHUB_CLIENT_CONFIRMATION_OK"
26675,10412109135,10412109221,1,"IOTHUB_CLIENT_CONFIRMATION_OK"
26676,10412109336,10412109384,1,"IOTHUB_CLIENT_CONFIRMATION_OK"
26677,10412109536,10412109715,1,"IOTHUB_CLIENT_CONFIRMATION_OK"
26678,10412109736,10412109780,1,"IOTHUB_CLIENT_CONFIRMATION_OK"
26679,10412109936,10412110007,1,"IOTHUB_CLIENT_CONFIRMATION_OK"
26680,10412110136,10412110337,1,"IOTHUB_CLIENT_CONFIRMATION_OK"
26681,10412110336,10412110390,1,"IOTHUB_CLIENT_CONFIRMATION_OK"
26682,10412110536,10412110579,1,"IOTHUB_CLIENT_CONFIRMATION_OK"
26683,10412110737,10412110940,1,"IOTHUB_CLIENT_CONFIRMATION_OK"
26684,10412110937,10412110984,1,"IOTHUB_CLIENT_CONFIRMATION_OK"
26685,10412111137,10412111182,1,"IOTHUB_CLIENT_CONFIRMATION_OK"
26686,10412111337,10412111558,1,"IOTHUB_CLIENT_CONFIRMATION_OK"
26687,10412111537,10412111596,1,"IOTHUB_CLIENT_CONFIRMATION_OK"
26688,10412111737,10412111788,1,"IOTHUB_CLIENT_CONFIRMATION_OK"
26689,10412111938,10412111996,1,"IOTHUB_CLIENT_CONFIRMATION_OK"
26690,10412112138,10412112190,1,"IOTHUB_CLIENT_CONFIRMATION_OK"
26691,10412112338,10412112378,1,"IOTHUB_CLIENT_CONFIRMATION_OK"
26692,10412112538,10412112576,1,"IOTHUB_CLIENT_CONFIRMATION_OK"
26693,10412112738,10412112818,1,"IOTHUB_CLIENT_CONFIRMATION_OK"
26694,10412112938,10412113015,1,"IOTHUB_CLIENT_CONFIRMATION_OK"
26695,10412113139,10412113204,1,"IOTHUB_CLIENT_CONFIRMATION_OK"
26696,10412113339,10412113392,1,"IOTHUB_CLIENT_CONFIRMATION_OK"
26697,10412113539,10412113583,1,"IOTHUB_CLIENT_CONFIRMATION_OK"
26698,10412113739,10412113821,1,"IOTHUB_CLIENT_CONFIRMATION_OK"
26699,10412113939,10412113992,1,"IOTHUB_CLIENT_CONFIRMATION_OK"
26700,10412114139,10412114180,1,"IOTHUB_CLIENT_CONFIRMATION_OK"
26701,10412114339,10412114398,1,"IOTHUB_CLIENT_CONFIRMATION_OK"
26702,10412114540,10412114591,1,"IOTHUB_CLIENT_CONFIRMATION_OK"
26703,10412114740,10412114800,1,"IOTHUB_CLIENT_CONFIRMATION_OK"
26704,10412114940,10412115003,1,"IOTHUB_CLIENT_CONFIRMATION_OK"
26705,10412115140,10412115197,1,"IOTHUB_CLIENT_CONFIRMATION_OK"
26706,10412115340,10412115418,1,"IOTHUB_CLIENT_CONFIRMATION_OK"
26707,10412115540,10412115643,1,"IOTHUB_CLIENT_CONFIRMATION_OK"
26708,10412115741,10412115781,1,"IOTHUB_CLIENT_CONFIRMATION_OK"
26709,10412115941,10412115980,1,"IOTHUB_CLIENT_CONFIRMATION_OK"
26710,10412116141,10412116281,1,"IOTHUB_CLIENT_CONFIRMATION_OK"
26711,10412116341,10412116379,1,"IOTHUB_CLIENT_CONFIRMATION_OK"
26712,10412116541,10412116593,1,"IOTHUB_CLIENT_CONFIRMATION_OK"
26713,10412116741,10412116884,1,"IOTHUB_CLIENT_CONFIRMATION_OK"
26714,10412116942,10412117012,1,"IOTHUB_CLIENT_CONFIRMATION_OK"
26715,10412117142,10412117207,1,"IOTHUB_CLIENT_CONFIRMATION_OK"
26716,10412117342,10412117516,1,"IOTHUB_CLIENT_CONFIRMATION_OK"
26717,10412117542,10412117585,1,"IOTHUB_CLIENT_CONFIRMATION_OK"
26718,10412117742,10412117813,1,"IOTHUB_CLIENT_CONFIRMATION_OK"
26719,10412117942,10412118003,1,"IOTHUB_CLIENT_CONFIRMATION_OK"
26720,10412118142,10412118185,1,"IOTHUB_CLIENT_CONFIRMATION_OK"
26721,10412118343,10412118399,1,"IOTHUB_CLIENT_CONFIRMATION_OK"
26722,10412118543,10412118627,1,"IOTHUB_CLIENT_CONFIRMATION_OK"
26723,10412118743,10412118789,1,"IOTHUB_CLIENT_CONFIRMATION_OK"
26724,10412118943,10412119010,1,"IOTHUB_CLIENT_CONFIRMATION_OK"
26725,10412119143,10412119247,1,"IOTHUB_CLIENT_CONFIRMATION_OK"
26726,10412119344,10412119388,1,"IOTHUB_CLIENT_CONFIRMATION_OK"
26727,10412119544,10412119596,1,"IOTHUB_CLIENT_CONFIRMATION_OK"
26728,10412119744,10412119787,1,"IOTHUB_CLIENT_CONFIRMATION_OK"
26729,10412119944,10412120003,1,"IOTHUB_CLIENT_CONFIRMATION_OK"
26730,10412120144,10412120190,1,"IOTHUB_CLIENT_CONFIRMATION_OK"
26731,10412120345,10412120487,1,"IOTHUB_CLIENT_CONFIRMATION_OK"
26732,10412120545,10412120725,1,"IOTHUB_CLIENT_CONFIRMATION_OK"
26733,10412120745,10412120800,1,"IOTHUB_CLIENT_CONFIRMATION_OK"
26734,10412120945,10412121209,1,"IOTHUB_CLIENT_CONFIRMATION_OK"
26735,10412121145,10412121358,1,"IOTHUB_CLIENT_CONFIRMATION_OK"
26736,10412121345,10412121390,1,"IOTHUB_CLIENT_CONFIRMATION_OK"
26737,10412121545,10412121594,1,"IOTHUB_CLIENT_CONFIRMATION_OK"
26738,10412121746,10412121819,1,"IOTHUB_CLIENT_CONFIRMATION_OK"
26739,10412121946,10412122000,1,"IOTHUB_CLIENT_CONFIRMATION_OK"
26740,10412122146,10412122201,1,"IOTHUB_CLIENT_CONFIRMATION_OK"
26741,10412122346,10412122385,1,"IOTHUB_CLIENT_CONFIRMATION_OK"
26742,10412122546,10412122608,1,"IOTHUB_CLIENT_CONFIRMATION_OK"
26743,10412122746,10412122815,1,"IOTHUB_CLIENT_CONFIRMATION_OK"
26744,10412122947,10412123076,1,"IOTHUB_CLIENT_CONFIRMATION_OK"
26745,10412123147,10412123197,1,"IOTHUB_CLIENT_CONFIRMATION_OK"
26746,10412123347,10412123416,1,"IOTHUB_CLIENT_CONFIRMATION_OK"
26747,10412123547,10412123584,1,"IOTHUB_CLIENT_CONFIRMATION_OK"
26748,10412123747,10412123810,1,"IOTHUB_CLIENT_CONFIRMATION_OK"
26749,10412123947,10412124050,1,"IOTHUB_CLIENT_CONFIRMATION_OK"
26750,10412124147,10412124202,1,"IOTHUB_CLIENT_CONFIRMATION_OK"
26751,10412124348,10412124429,1,"IOTHUB_CLIENT_CONFIRMATION_OK"
26752,10412124548,10412124658,1,"IOTHUB_CLIENT_CONFIRMATION_OK"
26753,10412124748,10412124792,1,"IOTHUB_CLIENT_CONFIRMATION_OK"
26754,10412124948,10412124996,1,"IOTHUB_CLIENT_CONFIRMATION_OK"
26755,10412125148,10412125250,1,"IOTHUB_CLIENT_CONFIRMATION_OK"
26756,10412125348,10412125396,1,"IOTHUB_CLIENT_CONFIRMATION_OK"
26757,10412125549,10412125606,1,"IOTHUB_CLIENT_CONFIRMATION_OK"
26758,10412125749,10412125909,1,"IOTHUB_CLIENT_CONFIRMATION_OK"
26759,10412125949,10412125993,1,"IOTHUB_CLIENT_CONFIRMATION_OK"
26760,10412126149,10412126185,1,"IOTHUB_CLIENT_CONFIRMATION_OK"
26761,10412126349,10412126467,1,"IOTHUB_CLIENT_CONFIRMATION_OK"
26762,10412126549,10412126609,1,"IOTHUB_CLIENT_CONFIRMATION_OK"
26763,10412126749,10412126803,1,"IOTHUB_CLIENT_CONFIRMATION_OK"
26764,10412126950,10412127107,1,"IOTHUB_CLIENT_CONFIRMATION_OK"
26765,10412127150,10412127203,1,"IOTHUB_CLIENT_CONFIRMATION_OK"
26766,10412127350,10412127421,1,"IOTHUB_CLIENT_CONFIRMATION_OK"
26767,10412127550,10412127702,1,"IOTHUB_CLIENT_CONFIRMATION_OK"
26768,10412127750,10412127951,1,"IOTHUB_CLIENT_CONFIRMATION_OK"
26769,10412127950,10412128086,1,"IOTHUB_CLIENT_CONFIRMATION_OK"
26770,10412128151,10412128202,1,"IOTHUB_CLIENT_CONFIRMATION_OK"
26771,10412128351,10412128394,1,"IOTHUB_CLIENT_CONFIRMATION_OK"
26772,10412128551,10412128612,1,"IOTHUB_CLIENT_CONFIRMATION_OK"
26773,10412128751,10412128820,1,"IOTHUB_CLIENT_CONFIRMATION_OK"
26774,10412128951,10412128990,1,"IOTHUB_CLIENT_CONFIRMATION_OK"
26775,10412129151,10412129202,1,"IOTHUB_CLIENT_CONFIRMATION_OK"
26776,10412129351,10412129431,1,"IOTHUB_CLIENT_CONFIRMATION_OK"
26777,10412129552,10412129598,1,"IOTHUB_CLIENT_CONFIRMATION_OK"
26778,10412129752,10412129812,1,"IOTHUB_CLIENT_CONFIRMATION_OK"
26779,10412129952,10412130039,1,"IOTHUB_CLIENT_CONFIRMATION_OK"
26780,10412130152,10412130188,1,"IOTHUB_CLIENT_CONFIRMATION_OK"
26781,10412130352,10412130394,1,"IOTHUB_CLIENT_CONFIRMATION_OK"
26782,10412130552,10412130651,1,"IOTHUB_CLIENT_CONFIRMATION_OK"
26783,10412130753,10412130794,1,"IOTHUB_CLIENT_CONFIRMATION_OK"
26784,10412130953,10412130992,1,"IOTHUB_CLIENT_CONFIRMATION_OK"
26785,10412131153,10412131277,1,"IOTHUB_CLIENT_CONFIRMATION_OK"
26786,10412131353,10412131394,1,"IOTHUB_CLIENT_CONFIRMATION_OK"
26787,10412131553,10412131658,1,"IOTHUB_CLIENT_CONFIRMATION_OK"
26788,10412131753,10412131858,1,"IOTHUB_CLIENT_CONFIRMATION_OK"
26789,10412131954,10412132032,1,"IOTHUB_CLIENT_CONFIRMATION_OK"
26790,10412132154,10412132200,1,"IOTHUB_CLIENT_CONFIRMATION_OK"
26791,10412132354,10412132476,1,"IOTHUB_CLIENT_CONFIRMATION_OK"
26792,10412132554,10412132600,1,"IOTHUB_CLIENT_CONFIRMATION_OK"
26793,10412132754,10412132808,1,"IOTHUB_CLIENT_CONFIRMATION_OK"
26794,10412132954,10412133111,1,"IOTHUB_CLIENT_CONFIRMATION_OK"
26795,10412133154,10412133195,1,"IOTHUB_CLIENT_CONFIRMATION_OK"
26796,10412133355,10412133421,1,"IOTHUB_CLIENT_CONFIRMATION_OK"
26797,10412133555,10412133745,1,"IOTHUB_CLIENT_CONFIRMATION_OK"
26798,10412133755,10412133812,1,"IOTHUB_CLIENT_CONFIRMATION_OK"
26799,10412133955,10412134002,1,"IOTHUB_CLIENT_CONFIRMATION_OK"
26800,10412134155,10412134347,1,"IOTHUB_CLIENT_CONFIRMATION_OK"
26801,10412134355,10412134400,1,"IOTHUB_CLIENT_CONFIRMATION_OK"
26802,10412134555,10412134605,1,"IOTHUB_CLIENT_CONFIRMATION_OK"
26803,10412134756,10412134928,1,"IOTHUB_CLIENT_CONFIRMATION_OK"
26804,10412134956,10412135000,1,"IOTHUB_CLIENT_CONFIRMATION_OK"
26805,10412135156,10412135203,1,"IOTHUB_CLIENT_CONFIRMATION_OK"
26806,10412135356,10412135558,1,"IOTHUB_CLIENT_CONFIRMATION_OK"
26807,10412135556,10412135600,1,"IOTHUB_CLIENT_CONFIRMATION_OK"
26808,10412135756,10412135818,1,"IOTHUB_CLIENT_CONFIRMATION_OK"
26809,10412135957,10412136183,1,"IOTHUB_CLIENT_CONFIRMATION_OK"
26810,10412136157,10412136217,1,"IOTHUB_CLIENT_CONFIRMATION_OK"
26811,10412136357,10412136432,1,"IOTHUB_CLIENT_CONFIRMATION_OK"
26812,10412136557,10412136611,1,"IOTHUB_CLIENT_CONFIRMATION_OK"
26813,10412136757,10412136805,1,"IOTHUB_CLIENT_CONFIRMATION_OK"
26814,10412136957,10412137045,1,"IOTHUB_CLIENT_CONFIRMATION_OK"
26815,10412137158,10412137204,1,"IOTHUB_CLIENT_CONFIRMATION_OK"
26816,10412137358,10412137404,1,"IOTHUB_CLIENT_CONFIRMATION_OK"
26817,10412137558,10412137618,1,"IOTHUB_CLIENT_CONFIRMATION_OK"
26818,10412137758,10412137832,1,"IOTHUB_CLIENT_CONFIRMATION_OK"
26819,10412137958,10412138009,1,"IOTHUB_CLIENT_CONFIRMATION_OK"
26820,10412138158,10412138198,1,"IOTHUB_CLIENT_CONFIRMATION_OK"
26821,10412138359,10412138514,1,"IOTHUB_CLIENT_CONFIRMATION_OK"
26822,10412138559,10412138628,1,"IOTHUB_CLIENT_CONFIRMATION_OK"
26823,10412138759,10412138803,1,"IOTHUB_CLIENT_CONFIRMATION_OK"
26824,10412138959,10412139142,1,"IOTHUB_CLIENT_CONFIRMATION_OK"
26825,10412139159,10412139238,1,"IOTHUB_CLIENT_CONFIRMATION_OK"
26826,10412139359,10412139400,1,"IOTHUB_CLIENT_CONFIRMATION_OK"
26827,10412139559,10412139735,1,"IOTHUB_CLIENT_CONFIRMATION_OK"
26828,10412139760,10412139818,1,"IOTHUB_CLIENT_CONFIRMATION_OK"
26829,10412139960,10412139999,1,"IOTHUB_CLIENT_CONFIRMATION_OK"
26830,10412140160,10412140366,1,"IOTHUB_CLIENT_CONFIRMATION_OK"
26831,10412140360,10412140401,1,"IOTHUB_CLIENT_CONFIRMATION_OK"
26832,10412140560,10412140598,1,"IOTHUB_CLIENT_CONFIRMATION_OK"
26833,10412140760,10412140959,1,"IOTHUB_CLIENT_CONFIRMATION_OK"
26834,10412140961,10412141014,1,"IOTHUB_CLIENT_CONFIRMATION_OK"
26835,10412141161,10412141208,1,"IOTHUB_CLIENT_CONFIRMATION_OK"
26836,10412141361,10412141601,1,"IOTHUB_CLIENT_CONFIRMATION_OK"
26837,10412141561,10412141627,1,"IOTHUB_CLIENT_CONFIRMATION_OK"
26838,10412141761,10412141819,1,"IOTHUB_CLIENT_CONFIRMATION_OK"
26839,10412141961,10412142014,1,"IOTHUB_CLIENT_CONFIRMATION_OK"
26840,10412142162,10412142208,1,"IOTHUB_CLIENT_CONFIRMATION_OK"
26841,10412142362,10412142463,1,"IOTHUB_CLIENT_CONFIRMATION_OK"
26842,10412142562,10412142658,1,"IOTHUB_CLIENT_CONFIRMATION_OK"
26843,10412142762,10412142809,1,"IOTHUB_CLIENT_CONFIRMATION_OK"
26844,10412142962,10412143023,1,"IOTHUB_CLIENT_CONFIRMATION_OK"
26845,10412143162,10412143208,1,"IOTHUB_CLIENT_CONFIRMATION_OK"
26846,10412143362,10412143417,1,"IOTHUB_CLIENT_CONFIRMATION_OK"
26847,10412143563,10412143618,1,"IOTHUB_CLIENT_CONFIRMATION_OK"
26848,10412143763,10412143836,1,"IOTHUB_CLIENT_CONFIRMATION_OK"
26849,10412143963,10412144042,1,"IOTHUB_CLIENT_CONFIRMATION_OK"
26850,10412144163,10412144206,1,"IOTHUB_CLIENT_CONFIRMATION_OK"
26851,10412144363,10412144444,1,"IOTHUB_CLIENT_CONFIRMATION_OK"
26852,10412144563,10412144628,1,"IOTHUB_CLIENT_CONFIRMATION_OK"
26853,10412144764,10412144800,1,"IOTHUB_CLIENT_CONFIRMATION_OK"
26854,10412144964,10412145034,1,"IOTHUB_CLIENT_CONFIRMATION_OK"
26855,10412145164,10412145203,1,"IOTHUB_CLIENT_CONFIRMATION_OK"
26856,10412145364,10412145399,1,"IOTHUB_CLIENT_CONFIRMATION_OK"
26857,10412145564,10412145637,1,"IOTHUB_CLIENT_CONFIRMATION_OK"
26858,10412145764,10412145833,1,"IOTHUB_CLIENT_CONFIRMATION_OK"
26859,10412145964,10412146007,1,"IOTHUB_CLIENT_CONFIRMATION_OK"
26860,10412146165,10412146241,1,"IOTHUB_CLIENT_CONFIRMATION_OK"
26861,10412146365,10412146424,1,"IOTHUB_CLIENT_CONFIRMATION_OK"
26862,10412146565,10412146618,1,"IOTHUB_CLIENT_CONFIRMATION_OK"
26863,10412146765,10412146863,1,"IOTHUB_CLIENT_CONFIRMATION_OK"
26864,10412146965,10412147008,1,"IOTHUB_CLIENT_CONFIRMATION_OK"
26865,10412147165,10412147219,1,"IOTHUB_CLIENT_CONFIRMATION_OK"
26866,10412147365,10412147471,1,"IOTHUB_CLIENT_CONFIRMATION_OK"
26867,10412147566,10412147631,1,"IOTHUB_CLIENT_CONFIRMATION_OK"
26868,10412147766,10412147819,1,"IOTHUB_CLIENT_CONFIRMATION_OK"
26869,10412147966,10412148066,1,"IOTHUB_CLIENT_CONFIRMATION_OK"
26870,10412148166,10412148246,1,"IOTHUB_CLIENT_CONFIRMATION_OK"
26871,10412148366,10412148431,1,"IOTHUB_CLIENT_CONFIRMATION_OK"
26872,10412148566,10412148691,1,"IOTHUB_CLIENT_CONFIRMATION_OK"
26873,10412148767,10412148804,1,"IOTHUB_CLIENT_CONFIRMATION_OK"
26874,10412148967,10412149043,1,"IOTHUB_CLIENT_CONFIRMATION_OK"
26875,10412149167,10412149284,1,"IOTHUB_CLIENT_CONFIRMATION_OK"
26876,10412149367,10412149407,1,"IOTHUB_CLIENT_CONFIRMATION_OK"
26877,10412149567,10412149649,1,"IOTHUB_CLIENT_CONFIRMATION_OK"
26878,10412149767,10412149929,1,"IOTHUB_CLIENT_CONFIRMATION_OK"
26879,10412149967,10412150005,1,"IOTHUB_CLIENT_CONFIRMATION_OK"
26880,10412150168,10412150214,1,"IOTHUB_CLIENT_CONFIRMATION_OK"
26881,10412150368,10412150517,1,"IOTHUB_CLIENT_CONFIRMATION_OK"
26882,10412150568,10412150623,1,"IOTHUB_CLIENT_CONFIRMATION_OK"
26883,10412150768,10412150833,1,"IOTHUB_CLIENT_CONFIRMATION_OK"
26884,10412150968,10412151131,1,"IOTHUB_CLIENT_CONFIRMATION_OK"
26885,10412151168,10412151219,1,"IOTHUB_CLIENT_CONFIRMATION_OK"
26886,10412151368,10412151417,1,"IOTHUB_CLIENT_CONFIRMATION_OK"
26887,10412151569,10412151742,1,"IOTHUB_CLIENT_CONFIRMATION_OK"
26888,10412151769,10412151816,1,"IOTHUB_CLIENT_CONFIRMATION_OK"
26889,10412151969,10412152025,1,"IOTHUB_CLIENT_CONFIRMATION_OK"
26890,10412152169,10412152377,1,"IOTHUB_CLIENT_CONFIRMATION_OK"
26891,10412152369,10412152438,1,"IOTHUB_CLIENT_CONFIRMATION_OK"
26892,10412152569,10412152704,1,"IOTHUB_CLIENT_CONFIRMATION_OK"
26893,10412152770,10412152976,1,"IOTHUB_CLIENT_CONFIRMATION_OK"
26894,10412152970,10412153023,1,"IOTHUB_CLIENT_CONFIRMATION_OK"
26895,10412153170,10412153212,1,"IOTHUB_CLIENT_CONFIRMATION_OK"
26896,10412153370,10412153590,1,"IOTHUB_CLIENT_CONFIRMATION_OK"
26897,10412153570,10412153611,1,"IOTHUB_CLIENT_CONFIRMATION_OK"
26898,10412153770,10412153885,1,"IOTHUB_CLIENT_CONFIRMATION_OK"
26899,10412153971,10412154185,1,"IOTHUB_CLIENT_CONFIRMATION_OK"
26900,10412154171,10412154231,1,"IOTHUB_CLIENT_CONFIRMATION_OK"
26901,10412154371,10412154437,1,"IOTHUB_CLIENT_CONFIRMATION_OK"
26902,10412154571,10412154617,1,"IOTHUB_CLIENT_CONFIRMATION_OK"
26903,10412154771,10412154822,1,"IOTHUB_CLIENT_CONFIRMATION_OK"
26904,10412154971,10412155029,1,"IOTHUB_CLIENT_CONFIRMATION_OK"
26905,10412155171,10412155258,1,"IOTHUB_CLIENT_CONFIRMATION_OK"
26906,10412155372,10412155411,1,"IOTHUB_CLIENT_CONFIRMATION_OK"
26907,10412155572,10412155620,1,"IOTHUB_CLIENT_CONFIRMATION_OK"
26908,10412155772,10412155870,1,"IOTHUB_CLIENT_CONFIRMATION_OK"
26909,10412155972,10412156017,1,"IOTHUB_CLIENT_CONFIRMATION_OK"
26910,10412156172,10412156216,1,"IOTHUB_CLIENT_CONFIRMATION_OK"
26911,10412156372,10412156452,1,"IOTHUB_CLIENT_CONFIRMATION_OK"
26912,10412156572,10412156626,1,"IOTHUB_CLIENT_CONFIRMATION_OK"
26913,10412156773,10412156818,1,"IOTHUB_CLIENT_CONFIRMATION_OK"
26914,10412156973,10412157119,1,"IOTHUB_CLIENT_CONFIRMATION_OK"
26915,10412157173,10412157211,1,"IOTHUB_CLIENT_CONFIRMATION_OK"
26916,10412157373,10412157422,1,"IOTHUB_CLIENT_CONFIRMATION_OK"
26917,10412157573,10412157753,1,"IOTHUB_CLIENT_CONFIRMATION_OK"
26918,10412157773,10412157821,1,"IOTHUB_CLIENT_CONFIRMATION_OK"
26919,10412157974,10412158054,1,"IOTHUB_CLIENT_CONFIRMATION_OK"
26920,10412158174,10412158316,1,"IOTHUB_CLIENT_CONFIRMATION_OK"
26921,10412158374,10412158424,1,"IOTHUB_CLIENT_CONFIRMATION_OK"
26922,10412158574,10412158625,1,"IOTHUB_CLIENT_CONFIRMATION_OK"
26923,10412158774,10412158873,1,"IOTHUB_CLIENT_CONFIRMATION_OK"
26924,10412158974,10412159036,1,"IOTHUB_CLIENT_CONFIRMATION_OK"
26925,10412159174,10412159219,1,"IOTHUB_CLIENT_CONFIRMATION_OK"
26926,10412159375,10412160882,1,"IOTHUB_CLIENT_CONFIRMATION_OK"
26927,10412159575,10412160954,1,"IOTHUB_CLIENT_CONFIRMATION_OK"
26928,10412159775,10412161068,1,"IOTHUB_CLIENT_CONFIRMATION_OK"
26929,10412159975,10412161185,1,"IOTHUB_CLIENT_CONFIRMATION_OK"
26930,10412160175,10412161265,1,"IOTHUB_CLIENT_CONFIRMATION_OK"
26931,10412160375,10412161341,1,"IOTHUB_CLIENT_CONFIRMATION_OK"
26932,10412160576,10412161578,1,"IOTHUB_CLIENT_CONFIRMATION_OK"
26933,10412160776,10412161651,1,"IOTHUB_CLIENT_CONFIRMATION_OK"
26934,10412160976,10412161708,1,"IOTHUB_CLIENT_CONFIRMATION_OK"
26935,10412161176,10412161784,1,"IOTHUB_CLIENT_CONFIRMATION_OK"
26936,10412161376,10412161967,1,"IOTHUB_CLIENT_CONFIRMATION_OK"
26937,10412161576,10412162028,1,"IOTHUB_CLIENT_CONFIRMATION_OK"
26938,10412161776,10412162069,1,"IOTHUB_CLIENT_CONFIRMATION_OK"
26939,10412161977,10412162121,1,"IOTHUB_CLIENT_CONFIRMATION_OK"
26940,10412162177,10412162348,1,"IOTHUB_CLIENT_CONFIRMATION_OK"
26941,10412162377,10412162435,1,"IOTHUB_CLIENT_CONFIRMATION_OK"
26942,10412162577,10412162753,1,"IOTHUB_CLIENT_CONFIRMATION_OK"
26943,10412162777,10412162879,1,"IOTHUB_CLIENT_CONFIRMATION_OK"
26944,10412162977,10412163039,1,"IOTHUB_CLIENT_CONFIRMATION_OK"
26945,10412163178,10412163236,1,"IOTHUB_CLIENT_CONFIRMATION_OK"
26946,10412163378,10412163433,1,"IOTHUB_CLIENT_CONFIRMATION_OK"
26947,10412163578,10412163757,1,"IOTHUB_CLIENT_CONFIRMATION_OK"
26948,10412163778,10412163823,1,"IOTHUB_CLIENT_CONFIRMATION_OK"
26949,10412163978,10412164021,1,"IOTHUB_CLIENT_CONFIRMATION_OK"
26950,10412164178,10412164414,1,"IOTHUB_CLIENT_CONFIRMATION_OK"
26951,10412164379,10412164455,1,"IOTHUB_CLIENT_CONFIRMATION_OK"
26952,10412164579,10412164647,1,"IOTHUB_CLIENT_CONFIRMATION_OK"
26953,10412164779,10412165009,1,"IOTHUB_CLIENT_CONFIRMATION_OK"
26954,10412164979,10412165070,1,"IOTHUB_CLIENT_CONFIRMATION_OK"
26955,10412165179,10412165216,1,"IOTHUB_CLIENT_CONFIRMATION_OK"
26956,10412165379,10412165573,1,"IOTHUB_CLIENT_CONFIRMATION_OK"
26957,10412165580,10412165620,1,"IOTHUB_CLIENT_CONFIRMATION_OK"
26958,10412165780,10412165824,1,"IOTHUB_CLIENT_CONFIRMATION_OK"
26959,10412165980,10412166203,1,"IOTHUB_CLIENT_CONFIRMATION_OK"
26960,10412166180,10412166256,1,"IOTHUB_CLIENT_CONFIRMATION_OK"
26961,10412166380,10412166435,1,"IOTHUB_CLIENT_CONFIRMATION_OK"
26962,10412166580,10412166632,1,"IOTHUB_CLIENT_CONFIRMATION_OK"
26963,10412166781,10412166824,1,"IOTHUB_CLIENT_CONFIRMATION_OK"
26964,10412166981,10412167027,1,"IOTHUB_CLIENT_CONFIRMATION_OK"
26965,10412167181,10412167231,1,"IOTHUB_CLIENT_CONFIRMATION_OK"
26966,10412167381,10412167523,1,"IOTHUB_CLIENT_CONFIRMATION_OK"
26967,10412167581,10412167657,1,"IOTHUB_CLIENT_CONFIRMATION_OK"
26968,10412167781,10412167900,1,"IOTHUB_CLIENT_CONFIRMATION_OK"
26969,10412167981,10412168022,1,"IOTHUB_CLIENT_CONFIRMATION_OK"
26970,10412168182,10412168228,1,"IOTHUB_CLIENT_CONFIRMATION_OK"
26971,10412168382,10412168521,1,"IOTHUB_CLIENT_CONFIRMATION_OK"
26972,10412168582,10412168635,1,"IOTHUB_CLIENT_CONFIRMATION_OK"
26973,10412168782,10412168852,1,"IOTHUB_CLIENT_CONFIRMATION_OK"
26974,10412168982,10412169106,1,"IOTHUB_CLIENT_CONFIRMATION_OK"
26975,10412169182,10412169229,1,"IOTHUB_CLIENT_CONFIRMATION_OK"
26976,10412169383,10412169450,1,"IOTHUB_CLIENT_CONFIRMATION_OK"
26977,10412169583,10412169727,1,"IOTHUB_CLIENT_CONFIRMATION_OK"
26978,10412169783,10412169815,1,"IOTHUB_CLIENT_CONFIRMATION_OK"
26979,10412169983,10412170044,1,"IOTHUB_CLIENT_CONFIRMATION_OK"
26980,10412170183,10412170231,1,"IOTHUB_CLIENT_CONFIRMATION_OK"
26981,10412170383,10412170550,1,"IOTHUB_CLIENT_CONFIRMATION_OK"
26982,10412170584,10412170619,1,"IOTHUB_CLIENT_CONFIRMATION_OK"
26983,10412170784,10412170825,1,"IOTHUB_CLIENT_CONFIRMATION_OK"
26984,10412170984,10412174239,0,"IOTHUB_CLIENT_CONFIRMATION_BECAUSE_DESTROY"
26985,10412171184,10412174239,0,"IOTHUB_CLIENT_CONFIRMATION_BECAUSE_DESTROY"
26986,10412171384,10412174239,0,"IOTHUB_CLIENT_CONFIRMATION_BECAUSE_DESTROY"
26987,10412171584,10412174239,0,"IOTHUB_CLIENT_CONFIRMATION_BECAUSE_DESTROY"
26988,10412171784,10412174239,0,"IOTHUB_CLIENT_CONFIRMATION_BECAUSE_DESTROY"
26989,10412171985,10412174239,0,"IOTHUB_CLIENT_CONFIRMATION_BECAUSE_DESTROY"
26990,10412172185,10412174239,0,"IOTHUB_CLIENT_CONFIRMATION_BECAUSE_DESTROY"
26991,10412172385,10412174239,0,"IOTHUB_CLIENT_CONFIRMATION_BECAUSE_DESTROY"
26992,10412172585,10412174239,0,"IOTHUB_CLIENT_CONFIRMATION_BECAUSE_DESTROY"
26993,10412172786,10412174239,0,"IOTHUB_CLIENT_CONFIRMATION_BECAUSE_DESTROY"
26994,10412172986,10412174239,0,"IOTHUB_CLIENT_CONFIRMATION_BECAUSE_DESTROY"
26995,10412173186,10412174239,0,"IOTHUB_CLIENT_CONFIRMATION_BECAUSE_DESTROY"
26996,10412173386,10412174239,0,"IOTHUB_CLIENT_CONFIRMATION_BECAUSE_DESTROY"
26997,10412173586,10412174239,0,"IOTHUB_CLIENT_CONFIRMATION_BECAUSE_DESTROY"
26998,10412173787,10412174239,0,"IOTHUB_CLIENT_CONFIRMATION_BECAUSE_DESTROY"
26999,10412173987,10412174239,0,"IOTHUB_CLIENT_CONFIRMATION_BECAUSE_DESTROY"
