Message ID,Send Time,Receive Time,Status,Error
0,10406765505,10406765721,1,"IOTHUB_CLIENT_CONFIRMATION_OK"
1,10406765705,10406765755,1,"IOTHUB_CLIENT_CONFIRMATION_OK"
2,10406765905,10406765938,1,"IOTHUB_CLIENT_CONFIRMATION_OK"
3,10406766105,10406766147,1,"IOTHUB_CLIENT_CONFIRMATION_OK"
4,10406766306,10406766369,1,"IOTHUB_CLIENT_CONFIRMATION_OK"
5,10406766506,10406766543,1,"IOTHUB_CLIENT_CONFIRMATION_OK"
6,10406766706,10406766738,1,"IOTHUB_CLIENT_CONFIRMATION_OK"
7,10406766906,10406766984,1,"IOTHUB_CLIENT_CONFIRMATION_OK"
8,10406767106,10406767152,1,"IOTHUB_CLIENT_CONFIRMATION_OK"
9,10406767306,10406767338,1,"IOTHUB_CLIENT_CONFIRMATION_OK"
10,10406767506,10406767551,1,"IOTHUB_CLIENT_CONFIRMATION_OK"
11,10406767707,10406767742,1,"IOTHUB_CLIENT_CONFIRMATION_OK"
12,10406767907,10406767971,1,"IOTHUB_CLIENT_CONFIRMATION_OK"
13,10406768107,10406768142,1,"IOTHUB_CLIENT_CONFIRMATION_OK"
14,10406768307,10406768368,1,"IOTHUB_CLIENT_CONFIRMATION_OK"
15,10406768507,10406768807,1,"IOTHUB_CLIENT_CONFIRMATION_OK"
16,10406768707,10406768822,1,"IOTHUB_CLIENT_CONFIRMATION_OK"
17,10406768907,10406768939,1,"IOTHUB_CLIENT_CONFIRMATION_OK"
18,10406769108,10406769138,1,"IOTHUB_CLIENT_CONFIRMATION_OK"
19,10406769308,10406769403,1,"IOTHUB_CLIENT_CONFIRMATION_OK"
20,10406769508,10406769560,1,"IOTHUB_CLIENT_CONFIRMATION_OK"
21,10406769708,10406769742,1,"IOTHUB_CLIENT_CONFIRMATION_OK"
22,10406769908,10406769953,1,"IOTHUB_CLIENT_CONFIRMATION_OK"
23,10406770108,10406770221,1,"IOTHUB_CLIENT_CONFIRMATION_OK"
24,10406770309,10406770360,1,"IOTHUB_CLIENT_CONFIRMATION_OK"
25,10406770509,10406770548,1,"IOTHUB_CLIENT_CONFIRMATION_OK"
26,10406770709,10406770742,1,"IOTHUB_CLIENT_CONFIRMATION_OK"
27,10406770909,10406770986,1,"IOTHUB_CLIENT_CONFIRMATION_OK"
28,10406771109,10406771144,1,"IOTHUB_CLIENT_CONFIRMATION_OK"
29,10406771309,10406771393,1,"IOTHUB_CLIENT_CONFIRMATION_OK"
30,10406771509,10406771665,1,"IOTHUB_CLIENT_CONFIRMATION_OK"
31,10406771710,10406771762,1,"IOTHUB_CLIENT_CONFIRMATION_OK"
32,10406771910,10406771950,1,"IOTHUB_CLIENT_CONFIRMATION_OK"
33,10406772110,10406772161,1,"IOTHUB_CLIENT_CONFIRMATION_OK"
34,10406772310,10406772355,1,"IOTHUB_CLIENT_CONFIRMATION_OK"
35,10406772510,10406772565,1,"IOTHUB_CLIENT_CONFIRMATION_OK"
36,10406772710,10406772778,1,"IOTHUB_CLIENT_CONFIRMATION_OK"
37,10406772911,10406773096,1,"IOTHUB_CLIENT_CONFIRMATION_OK"
38,10406773111,10406773162,1,"IOTHUB_CLIENT_CONFIRMATION_OK"
39,10406773311,10406773375,1,"IOTHUB_CLIENT_CONFIRMATION_OK"
40,10406773511,10406773545,1,"IOTHUB_CLIENT_CONFIRMATION_OK"
41,10406773711,10406773766,1,"IOTHUB_CLIENT_CONFIRMATION_OK"
42,10406773911,10406773968,1,"IOTHUB_CLIENT_CONFIRMATION_OK"
43,10406774111,10406774141,1,"IOTHUB_CLIENT_CONFIRMATION_OK"
44,10406774312,10406774372,1,"IOTHUB_CLIENT_CONFIRMATION_OK"
45,10406774512,10406774550,1,"IOTHUB_CLIENT_CONFIRMATION_OK"
46,10406774712,10406774766,1,"IOTHUB_CLIENT_CONFIRMATION_OK"
47,10406774912,10406774947,1,"IOTHUB_CLIENT_CONFIRMATION_OK"
48,10406775112,10406775153,1,"IOTHUB_CLIENT_CONFIRMATION_OK"
49,10406775312,10406775342,1,"IOTHUB_CLIENT_CONFIRMATION_OK"
50,10406775513,10406775552,1,"IOTHUB_CLIENT_CONFIRMATION_OK"
51,10406775713,10406775791,1,"IOTHUB_CLIENT_CONFIRMATION_OK"
52,10406775913,10406776003,1,"IOTHUB_CLIENT_CONFIRMATION_OK"
53,10406776113,10406776176,1,"IOTHUB_CLIENT_CONFIRMATION_OK"
54,10406776313,10406776355,1,"IOTHUB_CLIENT_CONFIRMATION_OK"
55,10406776513,10406776594,1,"IOTHUB_CLIENT_CONFIRMATION_OK"
56,10406776714,10406776768,1,"IOTHUB_CLIENT_CONFIRMATION_OK"
57,10406776914,10406776955,1,"IOTHUB_CLIENT_CONFIRMATION_OK"
58,10406777114,10406777150,1,"IOTHUB_CLIENT_CONFIRMATION_OK"
59,10406777314,10406777347,1,"IOTHUB_CLIENT_CONFIRMATION_OK"
60,10406777514,10406777560,1,"IOTHUB_CLIENT_CONFIRMATION_OK"
61,10406777714,10406777763,1,"IOTHUB_CLIENT_CONFIRMATION_OK"
62,10406777914,10406778032,1,"IOTHUB_CLIENT_CONFIRMATION_OK"
63,10406778115,10406778152,1,"IOTHUB_CLIENT_CONFIRMATION_OK"
64,10406778315,10406778485,1,"IOTHUB_CLIENT_CONFIRMATION_OK"
65,10406778515,10406778566,1,"IOTHUB_CLIENT_CONFIRMATION_OK"
66,10406778715,10406778867,1,"IOTHUB_CLIENT_CONFIRMATION_OK"
67,10406778915,10406778959,1,"IOTHUB_CLIENT_CONFIRMATION_OK"
68,10406779115,10406779167,1,"IOTHUB_CLIENT_CONFIRMATION_OK"
69,10406779315,10406779357,1,"IOTHUB_CLIENT_CONFIRMATION_OK"
70,10406779516,10406779556,1,"IOTHUB_CLIENT_CONFIRMATION_OK"
71,10406779716,10406779761,1,"IOTHUB_CLIENT_CONFIRMATION_OK"
72,10406779916,10406779960,1,"IOTHUB_CLIENT_CONFIRMATION_OK"
73,10406780116,10406780155,1,"IOTHUB_CLIENT_CONFIRMATION_OK"
74,10406780316,10406780365,1,"IOTHUB_CLIENT_CONFIRMATION_OK"
75,10406780516,10406780556,1,"IOTHUB_CLIENT_CONFIRMATION_OK"
76,10406780717,10406780768,1,"IOTHUB_CLIENT_CONFIRMATION_OK"
77,10406780917,10406780989,1,"IOTHUB_CLIENT_CONFIRMATION_OK"
78,10406781117,10406781155,1,"IOTHUB_CLIENT_CONFIRMATION_OK"
79,10406781317,10406781361,1,"IOTHUB_CLIENT_CONFIRMATION_OK"
80,10406781517,10406781560,1,"IOTHUB_CLIENT_CONFIRMATION_OK"
81,10406781717,10406781753,1,"IOTHUB_CLIENT_CONFIRMATION_OK"
82,10406781917,10406781960,1,"IOTHUB_CLIENT_CONFIRMATION_OK"
83,10406782118,10406782153,1,"IOTHUB_CLIENT_CONFIRMATION_OK"
84,10406782318,10406782374,1,"IOTHUB_CLIENT_CONFIRMATION_OK"
85,10406782518,10406782548,1,"IOTHUB_CLIENT_CONFIRMATION_OK"
86,10406782718,10406782777,1,"IOTHUB_CLIENT_CONFIRMATION_OK"
87,10406782918,10406782969,1,"IOTHUB_CLIENT_CONFIRMATION_OK"
88,10406783118,10406783156,1,"IOTHUB_CLIENT_CONFIRMATION_OK"
89,10406783319,10406783368,1,"IOTHUB_CLIENT_CONFIRMATION_OK"
90,10406783519,10406783566,1,"IOTHUB_CLIENT_CONFIRMATION_OK"
91,10406783719,10406783838,1,"IOTHUB_CLIENT_CONFIRMATION_OK"
92,10406783919,10406784009,1,"IOTHUB_CLIENT_CONFIRMATION_OK"
93,10406784119,10406784161,1,"IOTHUB_CLIENT_CONFIRMATION_OK"
94,10406784319,10406784355,1,"IOTHUB_CLIENT_CONFIRMATION_OK"
95,10406784519,10406784557,1,"IOTHUB_CLIENT_CONFIRMATION_OK"
96,10406784720,10406784759,1,"IOTHUB_CLIENT_CONFIRMATION_OK"
97,10406784920,10406785010,1,"IOTHUB_CLIENT_CONFIRMATION_OK"
98,10406785120,10406785225,1,"IOTHUB_CLIENT_CONFIRMATION_OK"
99,10406785320,10406785380,1,"IOTHUB_CLIENT_CONFIRMATION_OK"
100,10406785520,10406785564,1,"IOTHUB_CLIENT_CONFIRMATION_OK"
101,10406785720,10406785761,1,"IOTHUB_CLIENT_CONFIRMATION_OK"
102,10406785920,10406785993,1,"IOTHUB_CLIENT_CONFIRMATION_OK"
103,10406786121,10406786162,1,"IOTHUB_CLIENT_CONFIRMATION_OK"
104,10406786321,10406786372,1,"IOTHUB_CLIENT_CONFIRMATION_OK"
105,10406786521,10406786640,1,"IOTHUB_CLIENT_CONFIRMATION_OK"
106,10406786721,10406786775,1,"IOTHUB_CLIENT_CONFIRMATION_OK"
107,10406786921,10406786969,1,"IOTHUB_CLIENT_CONFIRMATION_OK"
108,10406787121,10406787161,1,"IOTHUB_CLIENT_CONFIRMATION_OK"
109,10406787322,10406787357,1,"IOTHUB_CLIENT_CONFIRMATION_OK"
110,10406787522,10406787579,1,"IOTHUB_CLIENT_CONFIRMATION_OK"
111,10406787722,10406787753,1,"IOTHUB_CLIENT_CONFIRMATION_OK"
112,10406787922,10406787999,1,"IOTHUB_CLIENT_CONFIRMATION_OK"
113,10406788122,10406788163,1,"IOTHUB_CLIENT_CONFIRMATION_OK"
114,10406788322,10406788352,1,"IOTHUB_CLIENT_CONFIRMATION_OK"
115,10406788522,10406788577,1,"IOTHUB_CLIENT_CONFIRMATION_OK"
116,10406788723,10406788768,1,"IOTHUB_CLIENT_CONFIRMATION_OK"
117,10406788923,10406788970,1,"IOTHUB_CLIENT_CONFIRMATION_OK"
118,10406789123,10406789163,1,"IOTHUB_CLIENT_CONFIRMATION_OK"
119,10406789323,10406789356,1,"IOTHUB_CLIENT_CONFIRMATION_OK"
120,10406789523,10406789555,1,"IOTHUB_CLIENT_CONFIRMATION_OK"
121,10406789723,10406789761,1,"IOTHUB_CLIENT_CONFIRMATION_OK"
122,10406789923,10406789972,1,"IOTHUB_CLIENT_CONFIRMATION_OK"
123,10406790124,10406790176,1,"IOTHUB_CLIENT_CONFIRMATION_OK"
124,10406790324,10406790358,1,"IOTHUB_CLIENT_CONFIRMATION_OK"
125,10406790524,10406790586,1,"IOTHUB_CLIENT_CONFIRMATION_OK"
126,10406790724,10406790762,1,"IOTHUB_CLIENT_CONFIRMATION_OK"
127,10406790924,10406790980,1,"IOTHUB_CLIENT_CONFIRMATION_OK"
128,10406791124,10406791168,1,"IOTHUB_CLIENT_CONFIRMATION_OK"
129,10406791325,10406791378,1,"IOTHUB_CLIENT_CONFIRMATION_OK"
130,10406791525,10406791581,1,"IOTHUB_CLIENT_CONFIRMATION_OK"
131,10406791725,10406791761,1,"IOTHUB_CLIENT_CONFIRMATION_OK"
132,10406791925,10406791962,1,"IOTHUB_CLIENT_CONFIRMATION_OK"
133,10406792125,10406792262,1,"IOTHUB_CLIENT_CONFIRMATION_OK"
134,10406792325,10406792366,1,"IOTHUB_CLIENT_CONFIRMATION_OK"
135,10406792525,10406792561,1,"IOTHUB_CLIENT_CONFIRMATION_OK"
136,10406792726,10406792778,1,"IOTHUB_CLIENT_CONFIRMATION_OK"
137,10406792926,10406792961,1,"IOTHUB_CLIENT_CONFIRMATION_OK"
138,10406793126,10406793189,1,"IOTHUB_CLIENT_CONFIRMATION_OK"
139,10406793326,10406793361,1,"IOTHUB_CLIENT_CONFIRMATION_OK"
140,10406793526,10406793594,1,"IOTHUB_CLIENT_CONFIRMATION_OK"
141,10406793726,10406793783,1,"IOTHUB_CLIENT_CONFIRMATION_OK"
142,10406793926,10406793961,1,"IOTHUB_CLIENT_CONFIRMATION_OK"
143,10406794127,10406794157,1,"IOTHUB_CLIENT_CONFIRMATION_OK"
144,10406794327,10406794368,1,"IOTHUB_CLIENT_CONFIRMATION_OK"
145,10406794527,10406794580,1,"IOTHUB_CLIENT_CONFIRMATION_OK"
146,10406794727,10406794768,1,"IOTHUB_CLIENT_CONFIRMATION_OK"
147,10406794927,10406794973,1,"IOTHUB_CLIENT_CONFIRMATION_OK"
148,10406795127,10406795197,1,"IOTHUB_CLIENT_CONFIRMATION_OK"
149,10406795328,10406795382,1,"IOTHUB_CLIENT_CONFIRMATION_OK"
150,10406795528,10406795561,1,"IOTHUB_CLIENT_CONFIRMATION_OK"
151,10406795728,10406795770,1,"IOTHUB_CLIENT_CONFIRMATION_OK"
152,10406795928,10406795979,1,"IOTHUB_CLIENT_CONFIRMATION_OK"
153,10406796128,10406796169,1,"IOTHUB_CLIENT_CONFIRMATION_OK"
154,10406796328,10406796392,1,"IOTHUB_CLIENT_CONFIRMATION_OK"
155,10406796528,10406796626,1,"IOTHUB_CLIENT_CONFIRMATION_OK"
156,10406796729,10406796781,1,"IOTHUB_CLIENT_CONFIRMATION_OK"
157,10406796929,10406796974,1,"IOTHUB_CLIENT_CONFIRMATION_OK"
158,10406797129,10406797176,1,"IOTHUB_CLIENT_CONFIRMATION_OK"
159,10406797329,10406797359,1,"IOTHUB_CLIENT_CONFIRMATION_OK"
160,10406797529,10406797567,1,"IOTHUB_CLIENT_CONFIRMATION_OK"
161,10406797729,10406797778,1,"IOTHUB_CLIENT_CONFIRMATION_OK"
162,10406797930,10406798041,1,"IOTHUB_CLIENT_CONFIRMATION_OK"
163,10406798130,10406798174,1,"IOTHUB_CLIENT_CONFIRMATION_OK"
164,10406798330,10406798360,1,"IOTHUB_CLIENT_CONFIRMATION_OK"
165,10406798530,10406798585,1,"IOTHUB_CLIENT_CONFIRMATION_OK"
166,10406798730,10406798787,1,"IOTHUB_CLIENT_CONFIRMATION_OK"
167,10406798930,10406798980,1,"IOTHUB_CLIENT_CONFIRMATION_OK"
168,10406799130,10406799177,1,"IOTHUB_CLIENT_CONFIRMATION_OK"
169,10406799331,10406799371,1,"IOTHUB_CLIENT_CONFIRMATION_OK"
170,10406799531,10406799575,1,"IOTHUB_CLIENT_CONFIRMATION_OK"
171,10406799731,10406799794,1,"IOTHUB_CLIENT_CONFIRMATION_OK"
172,10406799931,10406799973,1,"IOTHUB_CLIENT_CONFIRMATION_OK"
173,10406800131,10406800320,1,"IOTHUB_CLIENT_CONFIRMATION_OK"
174,10406800331,10406800385,1,"IOTHUB_CLIENT_CONFIRMATION_OK"
175,10406800532,10406800576,1,"IOTHUB_CLIENT_CONFIRMATION_OK"
176,10406800732,10406800769,1,"IOTHUB_CLIENT_CONFIRMATION_OK"
177,10406800932,10406800988,1,"IOTHUB_CLIENT_CONFIRMATION_OK"
178,10406801132,10406801168,1,"IOTHUB_CLIENT_CONFIRMATION_OK"
179,10406801332,10406801368,1,"IOTHUB_CLIENT_CONFIRMATION_OK"
180,10406801532,10406801590,1,"IOTHUB_CLIENT_CONFIRMATION_OK"
181,10406801732,10406801789,1,"IOTHUB_CLIENT_CONFIRMATION_OK"
182,10406801933,10406801981,1,"IOTHUB_CLIENT_CONFIRMATION_OK"
183,10406802133,10406802167,1,"IOTHUB_CLIENT_CONFIRMATION_OK"
184,10406802333,10406802412,1,"IOTHUB_CLIENT_CONFIRMATION_OK"
185,10406802533,10406802597,1,"IOTHUB_CLIENT_CONFIRMATION_OK"
186,10406802733,10406802767,1,"IOTHUB_CLIENT_CONFIRMATION_OK"
187,10406802933,10406803031,1,"IOTHUB_CLIENT_CONFIRMATION_OK"
188,10406803134,10406803170,1,"IOTHUB_CLIENT_CONFIRMATION_OK"
189,10406803334,10406803400,1,"IOTHUB_CLIENT_CONFIRMATION_OK"
190,10406803534,10406803577,1,"IOTHUB_CLIENT_CONFIRMATION_OK"
191,10406803734,10406803855,1,"IOTHUB_CLIENT_CONFIRMATION_OK"
192,10406803934,10406803974,1,"IOTHUB_CLIENT_CONFIRMATION_OK"
193,10406804134,10406804171,1,"IOTHUB_CLIENT_CONFIRMATION_OK"
194,10406804334,10406804377,1,"IOTHUB_CLIENT_CONFIRMATION_OK"
195,10406804535,10406804568,1,"IOTHUB_CLIENT_CONFIRMATION_OK"
196,10406804735,10406804773,1,"IOTHUB_CLIENT_CONFIRMATION_OK"
197,10406804935,10406804979,1,"IOTHUB_CLIENT_CONFIRMATION_OK"
198,10406805135,10406805287,1,"IOTHUB_CLIENT_CONFIRMATION_OK"
199,10406805335,10406805375,1,"IOTHUB_CLIENT_CONFIRMATION_OK"
200,10406805535,10406805576,1,"IOTHUB_CLIENT_CONFIRMATION_OK"
201,10406805735,10406805779,1,"IOTHUB_CLIENT_CONFIRMATION_OK"
202,10406805936,10406805974,1,"IOTHUB_CLIENT_CONFIRMATION_OK"
203,10406806136,10406806173,1,"IOTHUB_CLIENT_CONFIRMATION_OK"
204,10406806336,10406806370,1,"IOTHUB_CLIENT_CONFIRMATION_OK"
205,10406806536,10406806702,1,"IOTHUB_CLIENT_CONFIRMATION_OK"
206,10406806736,10406806803,1,"IOTHUB_CLIENT_CONFIRMATION_OK"
207,10406806936,10406806974,1,"IOTHUB_CLIENT_CONFIRMATION_OK"
208,10406807136,10406807174,1,"IOTHUB_CLIENT_CONFIRMATION_OK"
209,10406807337,10406807374,1,"IOTHUB_CLIENT_CONFIRMATION_OK"
210,10406807537,10406807578,1,"IOTHUB_CLIENT_CONFIRMATION_OK"
211,10406807737,10406807792,1,"IOTHUB_CLIENT_CONFIRMATION_OK"
212,10406807937,10406808132,1,"IOTHUB_CLIENT_CONFIRMATION_OK"
213,10406808137,10406808186,1,"IOTHUB_CLIENT_CONFIRMATION_OK"
214,10406808337,10406808392,1,"IOTHUB_CLIENT_CONFIRMATION_OK"
215,10406808538,10406808598,1,"IOTHUB_CLIENT_CONFIRMATION_OK"
216,10406808738,10406808783,1,"IOTHUB_CLIENT_CONFIRMATION_OK"
217,10406808938,10406808974,1,"IOTHUB_CLIENT_CONFIRMATION_OK"
218,10406809138,10406809193,1,"IOTHUB_CLIENT_CONFIRMATION_OK"
219,10406809338,10406809393,1,"IOTHUB_CLIENT_CONFIRMATION_OK"
220,10406809538,10406809580,1,"IOTHUB_CLIENT_CONFIRMATION_OK"
221,10406809738,10406809769,1,"IOTHUB_CLIENT_CONFIRMATION_OK"
222,10406809939,10406810059,1,"IOTHUB_CLIENT_CONFIRMATION_OK"
223,10406810139,10406810186,1,"IOTHUB_CLIENT_CONFIRMATION_OK"
224,10406810339,10406810385,1,"IOTHUB_CLIENT_CONFIRMATION_OK"
225,10406810539,10406810584,1,"IOTHUB_CLIENT_CONFIRMATION_OK"
226,10406810739,10406810779,1,"IOTHUB_CLIENT_CONFIRMATION_OK"
227,10406810939,10406811103,1,"IOTHUB_CLIENT_CONFIRMATION_OK"
228,10406811139,10406811184,1,"IOTHUB_CLIENT_CONFIRMATION_OK"
229,10406811340,10406811405,1,"IOTHUB_CLIENT_CONFIRMATION_OK"
230,10406811540,10406811579,1,"IOTHUB_CLIENT_CONFIRMATION_OK"
231,10406811740,10406811823,1,"IOTHUB_CLIENT_CONFIRMATION_OK"
232,10406811940,10406811991,1,"IOTHUB_CLIENT_CONFIRMATION_OK"
233,10406812140,10406812175,1,"IOTHUB_CLIENT_CONFIRMATION_OK"
234,10406812340,10406812400,1,"IOTHUB_CLIENT_CONFIRMATION_OK"
235,10406812540,10406812587,1,"IOTHUB_CLIENT_CONFIRMATION_OK"
236,10406812741,10406812791,1,"IOTHUB_CLIENT_CONFIRMATION_OK"
237,10406812941,10406812998,1,"IOTHUB_CLIENT_CONFIRMATION_OK"
238,10406813141,10406813174,1,"IOTHUB_CLIENT_CONFIRMATION_OK"
239,10406813341,10406813392,1,"IOTHUB_CLIENT_CONFIRMATION_OK"
240,10406813541,10406813576,1,"IOTHUB_CLIENT_CONFIRMATION_OK"
241,10406813741,10406813830,1,"IOTHUB_CLIENT_CONFIRMATION_OK"
242,10406813942,10406813973,1,"IOTHUB_CLIENT_CONFIRMATION_OK"
243,10406814142,10406814181,1,"IOTHUB_CLIENT_CONFIRMATION_OK"
244,10406814342,10406814379,1,"IOTHUB_CLIENT_CONFIRMATION_OK"
245,10406814542,10406814591,1,"IOTHUB_CLIENT_CONFIRMATION_OK"
246,10406814742,10406814819,1,"IOTHUB_CLIENT_CONFIRMATION_OK"
247,10406814942,10406814977,1,"IOTHUB_CLIENT_CONFIRMATION_OK"
248,10406815142,10406815258,1,"IOTHUB_CLIENT_CONFIRMATION_OK"
249,10406815343,10406815428,1,"IOTHUB_CLIENT_CONFIRMATION_OK"
250,10406815543,10406815579,1,"IOTHUB_CLIENT_CONFIRMATION_OK"
251,10406815743,10406815772,1,"IOTHUB_CLIENT_CONFIRMATION_OK"
252,10406815943,10406815982,1,"IOTHUB_CLIENT_CONFIRMATION_OK"
253,10406816143,10406816177,1,"IOTHUB_CLIENT_CONFIRMATION_OK"
254,10406816343,10406816391,1,"IOTHUB_CLIENT_CONFIRMATION_OK"
255,10406816544,10406816684,1,"IOTHUB_CLIENT_CONFIRMATION_OK"
256,10406816744,10406816797,1,"IOTHUB_CLIENT_CONFIRMATION_OK"
257,10406816944,10406816983,1,"IOTHUB_CLIENT_CONFIRMATION_OK"
258,10406817144,10406817181,1,"IOTHUB_CLIENT_CONFIRMATION_OK"
259,10406817344,10406817426,1,"IOTHUB_CLIENT_CONFIRMATION_OK"
260,10406817544,10406817591,1,"IOTHUB_CLIENT_CONFIRMATION_OK"
261,10406817745,10406817791,1,"IOTHUB_CLIENT_CONFIRMATION_OK"
262,10406817945,10406818146,1,"IOTHUB_CLIENT_CONFIRMATION_OK"
263,10406818145,10406818192,1,"IOTHUB_CLIENT_CONFIRMATION_OK"
264,10406818345,10406818377,1,"IOTHUB_CLIENT_CONFIRMATION_OK"
265,10406818545,10406818576,1,"IOTHUB_CLIENT_CONFIRMATION_OK"
266,10406818745,10406818801,1,"IOTHUB_CLIENT_CONFIRMATION_OK"
267,10406818945,10406818995,1,"IOTHUB_CLIENT_CONFIRMATION_OK"
268,10406819146,10406819217,1,"IOTHUB_CLIENT_CONFIRMATION_OK"
269,10406819346,10406819389,1,"IOTHUB_CLIENT_CONFIRMATION_OK"
270,10406819546,10406819620,1,"IOTHUB_CLIENT_CONFIRMATION_OK"
271,10406819746,10406819785,1,"IOTHUB_CLIENT_CONFIRMATION_OK"
272,10406819946,10406819990,1,"IOTHUB_CLIENT_CONFIRMATION_OK"
273,10406820146,10406820192,1,"IOTHUB_CLIENT_CONFIRMATION_OK"
274,10406820347,10406820379,1,"IOTHUB_CLIENT_CONFIRMATION_OK"
275,10406820547,10406820580,1,"IOTHUB_CLIENT_CONFIRMATION_OK"
276,10406820747,10406820789,1,"IOTHUB_CLIENT_CONFIRMATION_OK"
277,10406820947,10406821025,1,"IOTHUB_CLIENT_CONFIRMATION_OK"
278,10406821147,10406821183,1,"IOTHUB_CLIENT_CONFIRMATION_OK"
279,10406821347,10406821418,1,"IOTHUB_CLIENT_CONFIRMATION_OK"
280,10406821547,10406821647,1,"IOTHUB_CLIENT_CONFIRMATION_OK"
281,10406821748,10406821778,1,"IOTHUB_CLIENT_CONFIRMATION_OK"
282,10406821948,10406821988,1,"IOTHUB_CLIENT_CONFIRMATION_OK"
283,10406822148,10406822265,1,"IOTHUB_CLIENT_CONFIRMATION_OK"
284,10406822348,10406822464,1,"IOTHUB_CLIENT_CONFIRMATION_OK"
285,10406822548,10406822577,1,"IOTHUB_CLIENT_CONFIRMATION_OK"
286,10406822748,10406822794,1,"IOTHUB_CLIENT_CONFIRMATION_OK"
287,10406822949,10406823066,1,"IOTHUB_CLIENT_CONFIRMATION_OK"
288,10406823149,10406823179,1,"IOTHUB_CLIENT_CONFIRMATION_OK"
289,10406823349,10406823385,1,"IOTHUB_CLIENT_CONFIRMATION_OK"
290,10406823549,10406823586,1,"IOTHUB_CLIENT_CONFIRMATION_OK"
291,10406823749,10406823891,1,"IOTHUB_CLIENT_CONFIRMATION_OK"
292,10406823949,10406823985,1,"IOTHUB_CLIENT_CONFIRMATION_OK"
293,10406824150,10406824209,1,"IOTHUB_CLIENT_CONFIRMATION_OK"
294,10406824350,10406824444,1,"IOTHUB_CLIENT_CONFIRMATION_OK"
295,10406824550,10406824591,1,"IOTHUB_CLIENT_CONFIRMATION_OK"
296,10406824750,10406824788,1,"IOTHUB_CLIENT_CONFIRMATION_OK"
297,10406824950,10406824995,1,"IOTHUB_CLIENT_CONFIRMATION_OK"
298,10406825150,10406825304,1,"IOTHUB_CLIENT_CONFIRMATION_OK"
299,10406825350,10406825380,1,"IOTHUB_CLIENT_CONFIRMATION_OK"
300,10406825551,10406825581,1,"IOTHUB_CLIENT_CONFIRMATION_OK"
301,10406825751,10406825784,1,"IOTHUB_CLIENT_CONFIRMATION_OK"
302,10406825951,10406825992,1,"IOTHUB_CLIENT_CONFIRMATION_OK"
303,10406826151,10406826201,1,"IOTHUB_CLIENT_CONFIRMATION_OK"
304,10406826351,10406826392,1,"IOTHUB_CLIENT_CONFIRMATION_OK"
305,10406826551,10406826748,1,"IOTHUB_CLIENT_CONFIRMATION_OK"
306,10406826752,10406826829,1,"IOTHUB_CLIENT_CONFIRMATION_OK"
307,10406826952,10406826987,1,"IOTHUB_CLIENT_CONFIRMATION_OK"
308,10406827152,10406827291,1,"IOTHUB_CLIENT_CONFIRMATION_OK"
309,10406827352,10406827386,1,"IOTHUB_CLIENT_CONFIRMATION_OK"
310,10406827552,10406827584,1,"IOTHUB_CLIENT_CONFIRMATION_OK"
311,10406827752,10406827795,1,"IOTHUB_CLIENT_CONFIRMATION_OK"
312,10406827952,10406828135,1,"IOTHUB_CLIENT_CONFIRMATION_OK"
313,10406828153,10406828184,1,"IOTHUB_CLIENT_CONFIRMATION_OK"
314,10406828353,10406828483,1,"IOTHUB_CLIENT_CONFIRMATION_OK"
315,10406828553,10406828618,1,"IOTHUB_CLIENT_CONFIRMATION_OK"
316,10406828753,10406828787,1,"IOTHUB_CLIENT_CONFIRMATION_OK"
317,10406828953,10406828996,1,"IOTHUB_CLIENT_CONFIRMATION_OK"
318,10406829153,10406829217,1,"IOTHUB_CLIENT_CONFIRMATION_OK"
319,10406829353,10406829389,1,"IOTHUB_CLIENT_CONFIRMATION_OK"
320,10406829554,10406829598,1,"IOTHUB_CLIENT_CONFIRMATION_OK"
321,10406829754,10406829805,1,"IOTHUB_CLIENT_CONFIRMATION_OK"
322,10406829954,10406830007,1,"IOTHUB_CLIENT_CONFIRMATION_OK"
323,10406830154,10406830189,1,"IOTHUB_CLIENT_CONFIRMATION_OK"
324,10406830354,10406830415,1,"IOTHUB_CLIENT_CONFIRMATION_OK"
325,10406830554,10406830619,1,"IOTHUB_CLIENT_CONFIRMATION_OK"
326,10406830754,10406830963,1,"IOTHUB_CLIENT_CONFIRMATION_OK"
327,10406830955,10406831010,1,"IOTHUB_CLIENT_CONFIRMATION_OK"
328,10406831155,10406831211,1,"IOTHUB_CLIENT_CONFIRMATION_OK"
329,10406831355,10406831409,1,"IOTHUB_CLIENT_CONFIRMATION_OK"
330,10406831555,10406831590,1,"IOTHUB_CLIENT_CONFIRMATION_OK"
331,10406831755,10406831801,1,"IOTHUB_CLIENT_CONFIRMATION_OK"
332,10406831955,10406832062,1,"IOTHUB_CLIENT_CONFIRMATION_OK"
333,10406832155,10406832216,1,"IOTHUB_CLIENT_CONFIRMATION_OK"
334,10406832356,10406832416,1,"IOTHUB_CLIENT_CONFIRMATION_OK"
335,10406832556,10406832618,1,"IOTHUB_CLIENT_CONFIRMATION_OK"
336,10406832756,10406832811,1,"IOTHUB_CLIENT_CONFIRMATION_OK"
337,10406832956,10406833025,1,"IOTHUB_CLIENT_CONFIRMATION_OK"
338,10406833156,10406833211,1,"IOTHUB_CLIENT_CONFIRMATION_OK"
339,10406833356,10406833394,1,"IOTHUB_CLIENT_CONFIRMATION_OK"
340,10406833557,10406833630,1,"IOTHUB_CLIENT_CONFIRMATION_OK"
341,10406833757,10406833817,1,"IOTHUB_CLIENT_CONFIRMATION_OK"
342,10406833957,10406833990,1,"IOTHUB_CLIENT_CONFIRMATION_OK"
343,10406834157,10406834201,1,"IOTHUB_CLIENT_CONFIRMATION_OK"
344,10406834357,10406834392,1,"IOTHUB_CLIENT_CONFIRMATION_OK"
345,10406834557,10406834594,1,"IOTHUB_CLIENT_CONFIRMATION_OK"
346,10406834757,10406834803,1,"IOTHUB_CLIENT_CONFIRMATION_OK"
347,10406834958,10406835131,1,"IOTHUB_CLIENT_CONFIRMATION_OK"
348,10406835158,10406835328,1,"IOTHUB_CLIENT_CONFIRMATION_OK"
349,10406835358,10406835397,1,"IOTHUB_CLIENT_CONFIRMATION_OK"
350,10406835558,10406835593,1,"IOTHUB_CLIENT_CONFIRMATION_OK"
351,10406835758,10406835794,1,"IOTHUB_CLIENT_CONFIRMATION_OK"
352,10406835958,10406835989,1,"IOTHUB_CLIENT_CONFIRMATION_OK"
353,10406836159,10406836193,1,"IOTHUB_CLIENT_CONFIRMATION_OK"
354,10406836359,10406836397,1,"IOTHUB_CLIENT_CONFIRMATION_OK"
355,10406836559,10406836605,1,"IOTHUB_CLIENT_CONFIRMATION_OK"
356,10406836759,10406836795,1,"IOTHUB_CLIENT_CONFIRMATION_OK"
357,10406836959,10406836995,1,"IOTHUB_CLIENT_CONFIRMATION_OK"
358,10406837159,10406837206,1,"IOTHUB_CLIENT_CONFIRMATION_OK"
359,10406837360,10406837441,1,"IOTHUB_CLIENT_CONFIRMATION_OK"
360,10406837560,10406837597,1,"IOTHUB_CLIENT_CONFIRMATION_OK"
361,10406837760,10406837817,1,"IOTHUB_CLIENT_CONFIRMATION_OK"
362,10406837960,10406838023,1,"IOTHUB_CLIENT_CONFIRMATION_OK"
363,10406838160,10406838194,1,"IOTHUB_CLIENT_CONFIRMATION_OK"
364,10406838360,10406838394,1,"IOTHUB_CLIENT_CONFIRMATION_OK"
365,10406838560,10406838598,1,"IOTHUB_CLIENT_CONFIRMATION_OK"
366,10406838761,10406838844,1,"IOTHUB_CLIENT_CONFIRMATION_OK"
367,10406838961,10406839007,1,"IOTHUB_CLIENT_CONFIRMATION_OK"
368,10406839161,10406839196,1,"IOTHUB_CLIENT_CONFIRMATION_OK"
369,10406839361,10406839411,1,"IOTHUB_CLIENT_CONFIRMATION_OK"
370,10406839561,10406839614,1,"IOTHUB_CLIENT_CONFIRMATION_OK"
371,10406839761,10406839798,1,"IOTHUB_CLIENT_CONFIRMATION_OK"
372,10406839961,10406839995,1,"IOTHUB_CLIENT_CONFIRMATION_OK"
373,10406840162,10406840386,1,"IOTHUB_CLIENT_CONFIRMATION_OK"
374,10406840362,10406840437,1,"IOTHUB_CLIENT_CONFIRMATION_OK"
375,10406840562,10406840615,1,"IOTHUB_CLIENT_CONFIRMATION_OK"
376,10406840762,10406840807,1,"IOTHUB_CLIENT_CONFIRMATION_OK"
377,10406840962,10406841009,1,"IOTHUB_CLIENT_CONFIRMATION_OK"
378,10406841162,10406841201,1,"IOTHUB_CLIENT_CONFIRMATION_OK"
379,10406841363,10406841410,1,"IOTHUB_CLIENT_CONFIRMATION_OK"
380,10406841563,10406841755,1,"IOTHUB_CLIENT_CONFIRMATION_OK"
381,10406841763,10406841826,1,"IOTHUB_CLIENT_CONFIRMATION_OK"
382,10406841963,10406842006,1,"IOTHUB_CLIENT_CONFIRMATION_OK"
383,10406842163,10406842203,1,"IOTHUB_CLIENT_CONFIRMATION_OK"
384,10406842363,10406842508,1,"IOTHUB_CLIENT_CONFIRMATION_OK"
385,10406842563,10406842600,1,"IOTHUB_CLIENT_CONFIRMATION_OK"
386,10406842764,10406842806,1,"IOTHUB_CLIENT_CONFIRMATION_OK"
387,10406842964,10406842998,1,"IOTHUB_CLIENT_CONFIRMATION_OK"
388,10406843164,10406843209,1,"IOTHUB_CLIENT_CONFIRMATION_OK"
389,10406843364,10406843425,1,"IOTHUB_CLIENT_CONFIRMATION_OK"
390,10406843564,10406843614,1,"IOTHUB_CLIENT_CONFIRMATION_OK"
391,10406843764,10406843803,1,"IOTHUB_CLIENT_CONFIRMATION_OK"
392,10406843965,10406843996,1,"IOTHUB_CLIENT_CONFIRMATION_OK"
393,10406844165,10406844233,1,"IOTHUB_CLIENT_CONFIRMATION_OK"
394,10406844365,10406844403,1,"IOTHUB_CLIENT_CONFIRMATION_OK"
395,10406844565,10406844611,1,"IOTHUB_CLIENT_CONFIRMATION_OK"
396,10406844765,10406844844,1,"IOTHUB_CLIENT_CONFIRMATION_OK"
397,10406844965,10406845081,1,"IOTHUB_CLIENT_CONFIRMATION_OK"
398,10406845166,10406845319,1,"IOTHUB_CLIENT_CONFIRMATION_OK"
399,10406845366,10406845427,1,"IOTHUB_CLIENT_CONFIRMATION_OK"
400,10406845566,10406845599,1,"IOTHUB_CLIENT_CONFIRMATION_OK"
401,10406845766,10406845807,1,"IOTHUB_CLIENT_CONFIRMATION_OK"
402,10406845966,10406846007,1,"IOTHUB_CLIENT_CONFIRMATION_OK"
403,10406846166,10406846212,1,"IOTHUB_CLIENT_CONFIRMATION_OK"
404,10406846366,10406846415,1,"IOTHUB_CLIENT_CONFIRMATION_OK"
405,10406846567,10406846714,1,"IOTHUB_CLIENT_CONFIRMATION_OK"
406,10406846767,10406846821,1,"IOTHUB_CLIENT_CONFIRMATION_OK"
407,10406846967,10406847002,1,"IOTHUB_CLIENT_CONFIRMATION_OK"
408,10406847167,10406847205,1,"IOTHUB_CLIENT_CONFIRMATION_OK"
409,10406847367,10406847417,1,"IOTHUB_CLIENT_CONFIRMATION_OK"
410,10406847567,10406847604,1,"IOTHUB_CLIENT_CONFIRMATION_OK"
411,10406847767,10406847801,1,"IOTHUB_CLIENT_CONFIRMATION_OK"
412,10406847968,10406848159,1,"IOTHUB_CLIENT_CONFIRMATION_OK"
413,10406848168,10406848203,1,"IOTHUB_CLIENT_CONFIRMATION_OK"
414,10406848368,10406848413,1,"IOTHUB_CLIENT_CONFIRMATION_OK"
415,10406848568,10406848603,1,"IOTHUB_CLIENT_CONFIRMATION_OK"
416,10406848768,10406848814,1,"IOTHUB_CLIENT_CONFIRMATION_OK"
417,10406848968,10406849012,1,"IOTHUB_CLIENT_CONFIRMATION_OK"
418,10406849169,10406849207,1,"IOTHUB_CLIENT_CONFIRMATION_OK"
419,10406849369,10406849412,1,"IOTHUB_CLIENT_CONFIRMATION_OK"
420,10406849569,10406849613,1,"IOTHUB_CLIENT_CONFIRMATION_OK"
421,10406849769,10406849838,1,"IOTHUB_CLIENT_CONFIRMATION_OK"
422,10406849969,10406850038,1,"IOTHUB_CLIENT_CONFIRMATION_OK"
423,10406850169,10406850226,1,"IOTHUB_CLIENT_CONFIRMATION_OK"
424,10406850369,10406850406,1,"IOTHUB_CLIENT_CONFIRMATION_OK"
425,10406850570,10406850606,1,"IOTHUB_CLIENT_CONFIRMATION_OK"
426,10406850770,10406850815,1,"IOTHUB_CLIENT_CONFIRMATION_OK"
427,10406850970,10406851068,1,"IOTHUB_CLIENT_CONFIRMATION_OK"
428,10406851170,10406851204,1,"IOTHUB_CLIENT_CONFIRMATION_OK"
429,10406851370,10406851419,1,"IOTHUB_CLIENT_CONFIRMATION_OK"
430,10406851570,10406851657,1,"IOTHUB_CLIENT_CONFIRMATION_OK"
431,10406851770,10406851823,1,"IOTHUB_CLIENT_CONFIRMATION_OK"
432,10406851971,10406852015,1,"IOTHUB_CLIENT_CONFIRMATION_OK"
433,10406852171,10406852218,1,"IOTHUB_CLIENT_CONFIRMATION_OK"
434,10406852371,10406852486,1,"IOTHUB_CLIENT_CONFIRMATION_OK"
435,10406852571,10406852611,1,"IOTHUB_CLIENT_CONFIRMATION_OK"
436,10406852771,10406852816,1,"IOTHUB_CLIENT_CONFIRMATION_OK"
437,10406852971,10406853054,1,"IOTHUB_CLIENT_CONFIRMATION_OK"
438,10406853172,10406853212,1,"IOTHUB_CLIENT_CONFIRMATION_OK"
439,10406853372,10406853463,1,"IOTHUB_CLIENT_CONFIRMATION_OK"
440,10406853572,10406853621,1,"IOTHUB_CLIENT_CONFIRMATION_OK"
441,10406853772,10406853952,1,"IOTHUB_CLIENT_CONFIRMATION_OK"
442,10406853972,10406854022,1,"IOTHUB_CLIENT_CONFIRMATION_OK"
443,10406854172,10406854206,1,"IOTHUB_CLIENT_CONFIRMATION_OK"
444,10406854372,10406854414,1,"IOTHUB_CLIENT_CONFIRMATION_OK"
445,10406854573,10406854609,1,"IOTHUB_CLIENT_CONFIRMATION_OK"
446,10406854773,10406854821,1,"IOTHUB_CLIENT_CONFIRMATION_OK"
447,10406854973,10406855004,1,"IOTHUB_CLIENT_CONFIRMATION_OK"
448,10406855173,10406855307,1,"IOTHUB_CLIENT_CONFIRMATION_OK"
449,10406855373,10406855410,1,"IOTHUB_CLIENT_CONFIRMATION_OK"
450,10406855573,10406855623,1,"IOTHUB_CLIENT_CONFIRMATION_OK"
451,10406855773,10406855812,1,"IOTHUB_CLIENT_CONFIRMATION_OK"
452,10406855974,10406856009,1,"IOTHUB_CLIENT_CONFIRMATION_OK"
453,10406856174,10406856208,1,"IOTHUB_CLIENT_CONFIRMATION_OK"
454,10406856374,10406856524,1,"IOTHUB_CLIENT_CONFIRMATION_OK"
455,10406856574,10406856740,1,"IOTHUB_CLIENT_CONFIRMATION_OK"
456,10406856774,10406856809,1,"IOTHUB_CLIENT_CONFIRMATION_OK"
457,10406856974,10406857025,1,"IOTHUB_CLIENT_CONFIRMATION_OK"
458,10406857175,10406857205,1,"IOTHUB_CLIENT_CONFIRMATION_OK"
459,10406857375,10406857412,1,"IOTHUB_CLIENT_CONFIRMATION_OK"
460,10406857575,10406857633,1,"IOTHUB_CLIENT_CONFIRMATION_OK"
461,10406857775,10406857810,1,"IOTHUB_CLIENT_CONFIRMATION_OK"
462,10406857975,10406858173,1,"IOTHUB_CLIENT_CONFIRMATION_OK"
463,10406858175,10406858268,1,"IOTHUB_CLIENT_CONFIRMATION_OK"
464,10406858375,10406858419,1,"IOTHUB_CLIENT_CONFIRMATION_OK"
465,10406858576,10406858616,1,"IOTHUB_CLIENT_CONFIRMATION_OK"
466,10406858776,10406858840,1,"IOTHUB_CLIENT_CONFIRMATION_OK"
467,10406858976,10406859033,1,"IOTHUB_CLIENT_CONFIRMATION_OK"
468,10406859176,10406859222,1,"IOTHUB_CLIENT_CONFIRMATION_OK"
469,10406859376,10406859415,1,"IOTHUB_CLIENT_CONFIRMATION_OK"
470,10406859576,10406859615,1,"IOTHUB_CLIENT_CONFIRMATION_OK"
471,10406859776,10406859823,1,"IOTHUB_CLIENT_CONFIRMATION_OK"
472,10406859977,10406860037,1,"IOTHUB_CLIENT_CONFIRMATION_OK"
473,10406860177,10406860217,1,"IOTHUB_CLIENT_CONFIRMATION_OK"
474,10406860377,10406860418,1,"IOTHUB_CLIENT_CONFIRMATION_OK"
475,10406860577,10406860632,1,"IOTHUB_CLIENT_CONFIRMATION_OK"
476,10406860777,10406860810,1,"IOTHUB_CLIENT_CONFIRMATION_OK"
477,10406860977,10406861044,1,"IOTHUB_CLIENT_CONFIRMATION_OK"
478,10406861178,10406861228,1,"IOTHUB_CLIENT_CONFIRMATION_OK"
479,10406861378,10406861539,1,"IOTHUB_CLIENT_CONFIRMATION_OK"
480,10406861578,10406861762,1,"IOTHUB_CLIENT_CONFIRMATION_OK"
481,10406861778,10406861811,1,"IOTHUB_CLIENT_CONFIRMATION_OK"
482,10406861978,10406862072,1,"IOTHUB_CLIENT_CONFIRMATION_OK"
483,10406862178,10406862211,1,"IOTHUB_CLIENT_CONFIRMATION_OK"
484,10406862379,10406862439,1,"IOTHUB_CLIENT_CONFIRMATION_OK"
485,10406862579,10406862628,1,"IOTHUB_CLIENT_CONFIRMATION_OK"
486,10406862779,10406862819,1,"IOTHUB_CLIENT_CONFIRMATION_OK"
487,10406862979,10406863195,1,"IOTHUB_CLIENT_CONFIRMATION_OK"
488,10406863179,10406863213,1,"IOTHUB_CLIENT_CONFIRMATION_OK"
489,10406863379,10406863430,1,"IOTHUB_CLIENT_CONFIRMATION_OK"
490,10406863580,10406863621,1,"IOTHUB_CLIENT_CONFIRMATION_OK"
491,10406863780,10406863840,1,"IOTHUB_CLIENT_CONFIRMATION_OK"
492,10406863980,10406864047,1,"IOTHUB_CLIENT_CONFIRMATION_OK"
493,10406864180,10406864232,1,"IOTHUB_CLIENT_CONFIRMATION_OK"
494,10406864380,10406864456,1,"IOTHUB_CLIENT_CONFIRMATION_OK"
495,10406864580,10406864688,1,"IOTHUB_CLIENT_CONFIRMATION_OK"
496,10406864781,10406864841,1,"IOTHUB_CLIENT_CONFIRMATION_OK"
497,10406864981,10406865016,1,"IOTHUB_CLIENT_CONFIRMATION_OK"
498,10406865181,10406865247,1,"IOTHUB_CLIENT_CONFIRMATION_OK"
499,10406865381,10406865438,1,"IOTHUB_CLIENT_CONFIRMATION_OK"
500,10406865581,10406865621,1,"IOTHUB_CLIENT_CONFIRMATION_OK"
501,10406865781,10406865833,1,"IOTHUB_CLIENT_CONFIRMATION_OK"
502,10406865981,10406866027,1,"IOTHUB_CLIENT_CONFIRMATION_OK"
503,10406866182,10406866225,1,"IOTHUB_CLIENT_CONFIRMATION_OK"
504,10406866382,10406866428,1,"IOTHUB_CLIENT_CONFIRMATION_OK"
505,10406866582,10406866748,1,"IOTHUB_CLIENT_CONFIRMATION_OK"
506,10406866782,10406866847,1,"IOTHUB_CLIENT_CONFIRMATION_OK"
507,10406866982,10406867056,1,"IOTHUB_CLIENT_CONFIRMATION_OK"
508,10406867182,10406867239,1,"IOTHUB_CLIENT_CONFIRMATION_OK"
509,10406867382,10406867434,1,"IOTHUB_CLIENT_CONFIRMATION_OK"
510,10406867583,10406867661,1,"IOTHUB_CLIENT_CONFIRMATION_OK"
511,10406867783,10406867838,1,"IOTHUB_CLIENT_CONFIRMATION_OK"
512,10406867983,10406868223,1,"IOTHUB_CLIENT_CONFIRMATION_OK"
513,10406868183,10406868238,1,"IOTHUB_CLIENT_CONFIRMATION_OK"
514,10406868383,10406868436,1,"IOTHUB_CLIENT_CONFIRMATION_OK"
515,10406868583,10406868637,1,"IOTHUB_CLIENT_CONFIRMATION_OK"
516,10406868784,10406868831,1,"IOTHUB_CLIENT_CONFIRMATION_OK"
517,10406868984,10406869035,1,"IOTHUB_CLIENT_CONFIRMATION_OK"
518,10406869184,10406869229,1,"IOTHUB_CLIENT_CONFIRMATION_OK"
519,10406869384,10406869420,1,"IOTHUB_CLIENT_CONFIRMATION_OK"
520,10406869584,10406869688,1,"IOTHUB_CLIENT_CONFIRMATION_OK"
521,10406869784,10406869829,1,"IOTHUB_CLIENT_CONFIRMATION_OK"
522,10406869984,10406870050,1,"IOTHUB_CLIENT_CONFIRMATION_OK"
523,10406870185,10406870234,1,"IOTHUB_CLIENT_CONFIRMATION_OK"
524,10406870385,10406870425,1,"IOTHUB_CLIENT_CONFIRMATION_OK"
525,10406870585,10406870629,1,"IOTHUB_CLIENT_CONFIRMATION_OK"
526,10406870785,10406870824,1,"IOTHUB_CLIENT_CONFIRMATION_OK"
527,10406870985,10406871037,1,"IOTHUB_CLIENT_CONFIRMATION_OK"
528,10406871185,10406871274,1,"IOTHUB_CLIENT_CONFIRMATION_OK"
529,10406871386,10406871424,1,"IOTHUB_CLIENT_CONFIRMATION_OK"
530,10406871586,10406871802,1,"IOTHUB_CLIENT_CONFIRMATION_OK"
531,10406871786,10406871848,1,"IOTHUB_CLIENT_CONFIRMATION_OK"
532,10406871986,10406872017,1,"IOTHUB_CLIENT_CONFIRMATION_OK"
533,10406872186,10406872230,1,"IOTHUB_CLIENT_CONFIRMATION_OK"
534,10406872386,10406872420,1,"IOTHUB_CLIENT_CONFIRMATION_OK"
535,10406872586,10406872630,1,"IOTHUB_CLIENT_CONFIRMATION_OK"
536,10406872787,10406872828,1,"IOTHUB_CLIENT_CONFIRMATION_OK"
537,10406872987,10406873210,1,"IOTHUB_CLIENT_CONFIRMATION_OK"
538,10406873187,10406873263,1,"IOTHUB_CLIENT_CONFIRMATION_OK"
539,10406873387,10406873431,1,"IOTHUB_CLIENT_CONFIRMATION_OK"
540,10406873587,10406873636,1,"IOTHUB_CLIENT_CONFIRMATION_OK"
541,10406873787,10406873935,1,"IOTHUB_CLIENT_CONFIRMATION_OK"
542,10406873988,10406874027,1,"IOTHUB_CLIENT_CONFIRMATION_OK"
543,10406874188,10406874246,1,"IOTHUB_CLIENT_CONFIRMATION_OK"
544,10406874388,10406874476,1,"IOTHUB_CLIENT_CONFIRMATION_OK"
545,10406874588,10406874637,1,"IOTHUB_CLIENT_CONFIRMATION_OK"
546,10406874788,10406874826,1,"IOTHUB_CLIENT_CONFIRMATION_OK"
547,10406874988,10406875065,1,"IOTHUB_CLIENT_CONFIRMATION_OK"
548,10406875188,10406875239,1,"IOTHUB_CLIENT_CONFIRMATION_OK"
549,10406875389,10406875454,1,"IOTHUB_CLIENT_CONFIRMATION_OK"
550,10406875589,10406875639,1,"IOTHUB_CLIENT_CONFIRMATION_OK"
551,10406875789,10406875832,1,"IOTHUB_CLIENT_CONFIRMATION_OK"
552,10406875989,10406876037,1,"IOTHUB_CLIENT_CONFIRMATION_OK"
553,10406876189,10406876234,1,"IOTHUB_CLIENT_CONFIRMATION_OK"
554,10406876389,10406876428,1,"IOTHUB_CLIENT_CONFIRMATION_OK"
555,10406876590,10406876663,1,"IOTHUB_CLIENT_CONFIRMATION_OK"
556,10406876790,10406876863,1,"IOTHUB_CLIENT_CONFIRMATION_OK"
557,10406876990,10406877029,1,"IOTHUB_CLIENT_CONFIRMATION_OK"
558,10406877190,10406877240,1,"IOTHUB_CLIENT_CONFIRMATION_OK"
559,10406877390,10406877474,1,"IOTHUB_CLIENT_CONFIRMATION_OK"
560,10406877590,10406877655,1,"IOTHUB_CLIENT_CONFIRMATION_OK"
561,10406877790,10406877827,1,"IOTHUB_CLIENT_CONFIRMATION_OK"
562,10406877991,10406878072,1,"IOTHUB_CLIENT_CONFIRMATION_OK"
563,10406878191,10406878250,1,"IOTHUB_CLIENT_CONFIRMATION_OK"
564,10406878391,10406878437,1,"IOTHUB_CLIENT_CONFIRMATION_OK"
565,10406878591,10406878626,1,"IOTHUB_CLIENT_CONFIRMATION_OK"
566,10406878791,10406878912,1,"IOTHUB_CLIENT_CONFIRMATION_OK"
567,10406878991,10406879038,1,"IOTHUB_CLIENT_CONFIRMATION_OK"
568,10406879192,10406879240,1,"IOTHUB_CLIENT_CONFIRMATION_OK"
569,10406879392,10406879430,1,"IOTHUB_CLIENT_CONFIRMATION_OK"
570,10406879592,10406879653,1,"IOTHUB_CLIENT_CONFIRMATION_OK"
571,10406879792,10406879836,1,"IOTHUB_CLIENT_CONFIRMATION_OK"
572,10406879992,10406880134,1,"IOTHUB_CLIENT_CONFIRMATION_OK"
573,10406880192,10406880357,1,"IOTHUB_CLIENT_CONFIRMATION_OK"
574,10406880392,10406880437,1,"IOTHUB_CLIENT_CONFIRMATION_OK"
575,10406880593,10406880657,1,"IOTHUB_CLIENT_CONFIRMATION_OK"
576,10406880793,10406880831,1,"IOTHUB_CLIENT_CONFIRMATION_OK"
577,10406880993,10406881043,1,"IOTHUB_CLIENT_CONFIRMATION_OK"
578,10406881193,10406881236,1,"IOTHUB_CLIENT_CONFIRMATION_OK"
579,10406881393,10406881429,1,"IOTHUB_CLIENT_CONFIRMATION_OK"
580,10406881593,10406881788,1,"IOTHUB_CLIENT_CONFIRMATION_OK"
581,10406881794,10406881836,1,"IOTHUB_CLIENT_CONFIRMATION_OK"
582,10406881994,10406882025,1,"IOTHUB_CLIENT_CONFIRMATION_OK"
583,10406882194,10406882240,1,"IOTHUB_CLIENT_CONFIRMATION_OK"
584,10406882394,10406882444,1,"IOTHUB_CLIENT_CONFIRMATION_OK"
585,10406882594,10406882636,1,"IOTHUB_CLIENT_CONFIRMATION_OK"
586,10406882794,10406882835,1,"IOTHUB_CLIENT_CONFIRMATION_OK"
587,10406882994,10406883223,1,"IOTHUB_CLIENT_CONFIRMATION_OK"
588,10406883195,10406883254,1,"IOTHUB_CLIENT_CONFIRMATION_OK"
589,10406883395,10406883437,1,"IOTHUB_CLIENT_CONFIRMATION_OK"
590,10406883595,10406883654,1,"IOTHUB_CLIENT_CONFIRMATION_OK"
591,10406883795,10406884103,1,"IOTHUB_CLIENT_CONFIRMATION_OK"
592,10406883995,10406884181,1,"IOTHUB_CLIENT_CONFIRMATION_OK"
593,10406884195,10406884251,1,"IOTHUB_CLIENT_CONFIRMATION_OK"
594,10406884396,10406884444,1,"IOTHUB_CLIENT_CONFIRMATION_OK"
595,10406884596,10406884644,1,"IOTHUB_CLIENT_CONFIRMATION_OK"
596,10406884796,10406884853,1,"IOTHUB_CLIENT_CONFIRMATION_OK"
597,10406884996,10406885039,1,"IOTHUB_CLIENT_CONFIRMATION_OK"
598,10406885196,10406885268,1,"IOTHUB_CLIENT_CONFIRMATION_OK"
599,10406885396,10406885435,1,"IOTHUB_CLIENT_CONFIRMATION_OK"
600,10406885597,10406885632,1,"IOTHUB_CLIENT_CONFIRMATION_OK"
601,10406885797,10406885841,1,"IOTHUB_CLIENT_CONFIRMATION_OK"
602,10406885997,10406886042,1,"IOTHUB_CLIENT_CONFIRMATION_OK"
603,10406886197,10406886341,1,"IOTHUB_CLIENT_CONFIRMATION_OK"
604,10406886397,10406886439,1,"IOTHUB_CLIENT_CONFIRMATION_OK"
605,10406886597,10406886780,1,"IOTHUB_CLIENT_CONFIRMATION_OK"
606,10406886797,10406886848,1,"IOTHUB_CLIENT_CONFIRMATION_OK"
607,10406886998,10406887032,1,"IOTHUB_CLIENT_CONFIRMATION_OK"
608,10406887198,10406887244,1,"IOTHUB_CLIENT_CONFIRMATION_OK"
609,10406887398,10406887432,1,"IOTHUB_CLIENT_CONFIRMATION_OK"
610,10406887598,10406887649,1,"IOTHUB_CLIENT_CONFIRMATION_OK"
611,10406887798,10406887834,1,"IOTHUB_CLIENT_CONFIRMATION_OK"
612,10406887998,10406888206,1,"IOTHUB_CLIENT_CONFIRMATION_OK"
613,10406888199,10406888245,1,"IOTHUB_CLIENT_CONFIRMATION_OK"
614,10406888399,10406888443,1,"IOTHUB_CLIENT_CONFIRMATION_OK"
615,10406888599,10406888641,1,"IOTHUB_CLIENT_CONFIRMATION_OK"
616,10406888799,10406888848,1,"IOTHUB_CLIENT_CONFIRMATION_OK"
617,10406888999,10406889048,1,"IOTHUB_CLIENT_CONFIRMATION_OK"
618,10406889199,10406889247,1,"IOTHUB_CLIENT_CONFIRMATION_OK"
619,10406889399,10406889457,1,"IOTHUB_CLIENT_CONFIRMATION_OK"
620,10406889600,10406889693,1,"IOTHUB_CLIENT_CONFIRMATION_OK"
621,10406889800,10406889855,1,"IOTHUB_CLIENT_CONFIRMATION_OK"
622,10406890000,10406890047,1,"IOTHUB_CLIENT_CONFIRMATION_OK"
623,10406890200,10406890280,1,"IOTHUB_CLIENT_CONFIRMATION_OK"
624,10406890400,10406890437,1,"IOTHUB_CLIENT_CONFIRMATION_OK"
625,10406890600,10406890653,1,"IOTHUB_CLIENT_CONFIRMATION_OK"
626,10406890801,10406890854,1,"IOTHUB_CLIENT_CONFIRMATION_OK"
627,10406891001,10406891056,1,"IOTHUB_CLIENT_CONFIRMATION_OK"
628,10406891201,10406891235,1,"IOTHUB_CLIENT_CONFIRMATION_OK"
629,10406891401,10406891452,1,"IOTHUB_CLIENT_CONFIRMATION_OK"
630,10406891601,10406891728,1,"IOTHUB_CLIENT_CONFIRMATION_OK"
631,10406891801,10406891850,1,"IOTHUB_CLIENT_CONFIRMATION_OK"
632,10406892001,10406892054,1,"IOTHUB_CLIENT_CONFIRMATION_OK"
633,10406892202,10406892256,1,"IOTHUB_CLIENT_CONFIRMATION_OK"
634,10406892402,10406892465,1,"IOTHUB_CLIENT_CONFIRMATION_OK"
635,10406892602,10406892642,1,"IOTHUB_CLIENT_CONFIRMATION_OK"
636,10406892802,10406892848,1,"IOTHUB_CLIENT_CONFIRMATION_OK"
637,10406893002,10406893230,1,"IOTHUB_CLIENT_CONFIRMATION_OK"
638,10406893202,10406893296,1,"IOTHUB_CLIENT_CONFIRMATION_OK"
639,10406893403,10406893463,1,"IOTHUB_CLIENT_CONFIRMATION_OK"
640,10406893603,10406893672,1,"IOTHUB_CLIENT_CONFIRMATION_OK"
641,10406893803,10406893850,1,"IOTHUB_CLIENT_CONFIRMATION_OK"
642,10406894003,10406894107,1,"IOTHUB_CLIENT_CONFIRMATION_OK"
643,10406894203,10406894266,1,"IOTHUB_CLIENT_CONFIRMATION_OK"
644,10406894403,10406894440,1,"IOTHUB_CLIENT_CONFIRMATION_OK"
645,10406894603,10406894649,1,"IOTHUB_CLIENT_CONFIRMATION_OK"
646,10406894804,10406894911,1,"IOTHUB_CLIENT_CONFIRMATION_OK"
647,10406895004,10406895053,1,"IOTHUB_CLIENT_CONFIRMATION_OK"
648,10406895204,10406895373,1,"IOTHUB_CLIENT_CONFIRMATION_OK"
649,10406895404,10406895446,1,"IOTHUB_CLIENT_CONFIRMATION_OK"
650,10406895604,10406895660,1,"IOTHUB_CLIENT_CONFIRMATION_OK"
651,10406895804,10406895865,1,"IOTHUB_CLIENT_CONFIRMATION_OK"
652,10406896005,10406896045,1,"IOTHUB_CLIENT_CONFIRMATION_OK"
653,10406896205,10406896243,1,"IOTHUB_CLIENT_CONFIRMATION_OK"
654,10406896405,10406896446,1,"IOTHUB_CLIENT_CONFIRMATION_OK"
655,10406896605,10406896837,1,"IOTHUB_CLIENT_CONFIRMATION_OK"
656,10406896805,10406896871,1,"IOTHUB_CLIENT_CONFIRMATION_OK"
657,10406897005,10406897040,1,"IOTHUB_CLIENT_CONFIRMATION_OK"
658,10406897205,10406897248,1,"IOTHUB_CLIENT_CONFIRMATION_OK"
659,10406897406,10406897460,1,"IOTHUB_CLIENT_CONFIRMATION_OK"
660,10406897606,10406897652,1,"IOTHUB_CLIENT_CONFIRMATION_OK"
661,10406897806,10406897874,1,"IOTHUB_CLIENT_CONFIRMATION_OK"
662,10406898006,10406898218,1,"IOTHUB_CLIENT_CONFIRMATION_OK"
663,10406898206,10406898274,1,"IOTHUB_CLIENT_CONFIRMATION_OK"
664,10406898406,10406898457,1,"IOTHUB_CLIENT_CONFIRMATION_OK"
665,10406898606,10406898695,1,"IOTHUB_CLIENT_CONFIRMATION_OK"
666,10406898807,10406898884,1,"IOTHUB_CLIENT_CONFIRMATION_OK"
667,10406899007,10406899041,1,"IOTHUB_CLIENT_CONFIRMATION_OK"
668,10406899207,10406899254,1,"IOTHUB_CLIENT_CONFIRMATION_OK"
669,10406899407,10406899463,1,"IOTHUB_CLIENT_CONFIRMATION_OK"
670,10406899607,10406899670,1,"IOTHUB_CLIENT_CONFIRMATION_OK"
671,10406899807,10406899857,1,"IOTHUB_CLIENT_CONFIRMATION_OK"
672,10406900008,10406900067,1,"IOTHUB_CLIENT_CONFIRMATION_OK"
673,10406900208,10406900271,1,"IOTHUB_CLIENT_CONFIRMATION_OK"
674,10406900408,10406900452,1,"IOTHUB_CLIENT_CONFIRMATION_OK"
675,10406900608,10406900647,1,"IOTHUB_CLIENT_CONFIRMATION_OK"
676,10406900808,10406900846,1,"IOTHUB_CLIENT_CONFIRMATION_OK"
677,10406901008,10406901132,1,"IOTHUB_CLIENT_CONFIRMATION_OK"
678,10406901208,10406901248,1,"IOTHUB_CLIENT_CONFIRMATION_OK"
679,10406901409,10406901450,1,"IOTHUB_CLIENT_CONFIRMATION_OK"
680,10406901609,10406901697,1,"IOTHUB_CLIENT_CONFIRMATION_OK"
681,10406901809,10406901851,1,"IOTHUB_CLIENT_CONFIRMATION_OK"
682,10406902009,10406902058,1,"IOTHUB_CLIENT_CONFIRMATION_OK"
683,10406902209,10406902273,1,"IOTHUB_CLIENT_CONFIRMATION_OK"
684,10406902409,10406902535,1,"IOTHUB_CLIENT_CONFIRMATION_OK"
685,10406902609,10406902644,1,"IOTHUB_CLIENT_CONFIRMATION_OK"
686,10406902810,10406902864,1,"IOTHUB_CLIENT_CONFIRMATION_OK"
687,10406903010,10406903100,1,"IOTHUB_CLIENT_CONFIRMATION_OK"
688,10406903210,10406903253,1,"IOTHUB_CLIENT_CONFIRMATION_OK"
689,10406903410,10406903451,1,"IOTHUB_CLIENT_CONFIRMATION_OK"
690,10406903610,10406903662,1,"IOTHUB_CLIENT_CONFIRMATION_OK"
691,10406903810,10406903932,1,"IOTHUB_CLIENT_CONFIRMATION_OK"
692,10406904010,10406904047,1,"IOTHUB_CLIENT_CONFIRMATION_OK"
693,10406904211,10406904247,1,"IOTHUB_CLIENT_CONFIRMATION_OK"
694,10406904411,10406904447,1,"IOTHUB_CLIENT_CONFIRMATION_OK"
695,10406904611,10406904649,1,"IOTHUB_CLIENT_CONFIRMATION_OK"
696,10406904811,10406904859,1,"IOTHUB_CLIENT_CONFIRMATION_OK"
697,10406905011,10406905044,1,"IOTHUB_CLIENT_CONFIRMATION_OK"
698,10406905211,10406905378,1,"IOTHUB_CLIENT_CONFIRMATION_OK"
699,10406905411,10406905454,1,"IOTHUB_CLIENT_CONFIRMATION_OK"
700,10406905612,10406905671,1,"IOTHUB_CLIENT_CONFIRMATION_OK"
701,10406905812,10406905855,1,"IOTHUB_CLIENT_CONFIRMATION_OK"
702,10406906012,10406906119,1,"IOTHUB_CLIENT_CONFIRMATION_OK"
703,10406906212,10406906254,1,"IOTHUB_CLIENT_CONFIRMATION_OK"
704,10406906412,10406906469,1,"IOTHUB_CLIENT_CONFIRMATION_OK"
705,10406906612,10406906831,1,"IOTHUB_CLIENT_CONFIRMATION_OK"
706,10406906813,10406906934,1,"IOTHUB_CLIENT_CONFIRMATION_OK"
707,10406907013,10406907066,1,"IOTHUB_CLIENT_CONFIRMATION_OK"
708,10406907213,10406907249,1,"IOTHUB_CLIENT_CONFIRMATION_OK"
709,10406907413,10406907450,1,"IOTHUB_CLIENT_CONFIRMATION_OK"
710,10406907613,10406907653,1,"IOTHUB_CLIENT_CONFIRMATION_OK"
711,10406907813,10406907867,1,"IOTHUB_CLIENT_CONFIRMATION_OK"
712,10406908013,10406908185,1,"IOTHUB_CLIENT_CONFIRMATION_OK"
713,10406908214,10406908260,1,"IOTHUB_CLIENT_CONFIRMATION_OK"
714,10406908414,10406908473,1,"IOTHUB_CLIENT_CONFIRMATION_OK"
715,10406908614,10406908674,1,"IOTHUB_CLIENT_CONFIRMATION_OK"
716,10406908814,10406908877,1,"IOTHUB_CLIENT_CONFIRMATION_OK"
717,10406909014,10406909071,1,"IOTHUB_CLIENT_CONFIRMATION_OK"
718,10406909214,10406909249,1,"IOTHUB_CLIENT_CONFIRMATION_OK"
719,10406909415,10406909455,1,"IOTHUB_CLIENT_CONFIRMATION_OK"
720,10406909615,10406909664,1,"IOTHUB_CLIENT_CONFIRMATION_OK"
721,10406909815,10406909850,1,"IOTHUB_CLIENT_CONFIRMATION_OK"
722,10406910015,10406910359,1,"IOTHUB_CLIENT_CONFIRMATION_OK"
723,10406910215,10406910421,1,"IOTHUB_CLIENT_CONFIRMATION_OK"
724,10406910415,10406910477,1,"IOTHUB_CLIENT_CONFIRMATION_OK"
725,10406910616,10406910666,1,"IOTHUB_CLIENT_CONFIRMATION_OK"
726,10406910816,10406910856,1,"IOTHUB_CLIENT_CONFIRMATION_OK"
727,10406911016,10406911082,1,"IOTHUB_CLIENT_CONFIRMATION_OK"
728,10406911216,10406911251,1,"IOTHUB_CLIENT_CONFIRMATION_OK"
729,10406911416,10406911455,1,"IOTHUB_CLIENT_CONFIRMATION_OK"
730,10406911616,10406911712,1,"IOTHUB_CLIENT_CONFIRMATION_OK"
731,10406911816,10406911862,1,"IOTHUB_CLIENT_CONFIRMATION_OK"
732,10406912017,10406912078,1,"IOTHUB_CLIENT_CONFIRMATION_OK"
733,10406912217,10406912314,1,"IOTHUB_CLIENT_CONFIRMATION_OK"
734,10406912417,10406912504,1,"IOTHUB_CLIENT_CONFIRMATION_OK"
735,10406912617,10406912671,1,"IOTHUB_CLIENT_CONFIRMATION_OK"
736,10406912817,10406912899,1,"IOTHUB_CLIENT_CONFIRMATION_OK"
737,10406913017,10406913104,1,"IOTHUB_CLIENT_CONFIRMATION_OK"
738,10406913217,10406913248,1,"IOTHUB_CLIENT_CONFIRMATION_OK"
739,10406913418,10406913457,1,"IOTHUB_CLIENT_CONFIRMATION_OK"
740,10406913618,10406913657,1,"IOTHUB_CLIENT_CONFIRMATION_OK"
741,10406913818,10406913949,1,"IOTHUB_CLIENT_CONFIRMATION_OK"
742,10406914018,10406914057,1,"IOTHUB_CLIENT_CONFIRMATION_OK"
743,10406914218,10406914259,1,"IOTHUB_CLIENT_CONFIRMATION_OK"
744,10406914418,10406914470,1,"IOTHUB_CLIENT_CONFIRMATION_OK"
745,10406914619,10406914655,1,"IOTHUB_CLIENT_CONFIRMATION_OK"
746,10406914819,10406914862,1,"IOTHUB_CLIENT_CONFIRMATION_OK"
747,10406915019,10406915065,1,"IOTHUB_CLIENT_CONFIRMATION_OK"
748,10406915219,10406915346,1,"IOTHUB_CLIENT_CONFIRMATION_OK"
749,10406915419,10406915479,1,"IOTHUB_CLIENT_CONFIRMATION_OK"
750,10406915619,10406915678,1,"IOTHUB_CLIENT_CONFIRMATION_OK"
751,10406915819,10406915877,1,"IOTHUB_CLIENT_CONFIRMATION_OK"
752,10406916020,10406916053,1,"IOTHUB_CLIENT_CONFIRMATION_OK"
753,10406916220,10406916262,1,"IOTHUB_CLIENT_CONFIRMATION_OK"
754,10406916420,10406916471,1,"IOTHUB_CLIENT_CONFIRMATION_OK"
755,10406916620,10406916781,1,"IOTHUB_CLIENT_CONFIRMATION_OK"
756,10406916820,10406916881,1,"IOTHUB_CLIENT_CONFIRMATION_OK"
757,10406917020,10406917063,1,"IOTHUB_CLIENT_CONFIRMATION_OK"
758,10406917221,10406917262,1,"IOTHUB_CLIENT_CONFIRMATION_OK"
759,10406917421,10406917461,1,"IOTHUB_CLIENT_CONFIRMATION_OK"
760,10406917621,10406917730,1,"IOTHUB_CLIENT_CONFIRMATION_OK"
761,10406917821,10406917922,1,"IOTHUB_CLIENT_CONFIRMATION_OK"
762,10406918021,10406918177,1,"IOTHUB_CLIENT_CONFIRMATION_OK"
763,10406918221,10406918257,1,"IOTHUB_CLIENT_CONFIRMATION_OK"
764,10406918421,10406918471,1,"IOTHUB_CLIENT_CONFIRMATION_OK"
765,10406918622,10406918756,1,"IOTHUB_CLIENT_CONFIRMATION_OK"
766,10406918822,10406918871,1,"IOTHUB_CLIENT_CONFIRMATION_OK"
767,10406919022,10406919055,1,"IOTHUB_CLIENT_CONFIRMATION_OK"
768,10406919222,10406919260,1,"IOTHUB_CLIENT_CONFIRMATION_OK"
769,10406919422,10406919464,1,"IOTHUB_CLIENT_CONFIRMATION_OK"
770,10406919622,10406919663,1,"IOTHUB_CLIENT_CONFIRMATION_OK"
771,10406919823,10406919899,1,"IOTHUB_CLIENT_CONFIRMATION_OK"
772,10406920023,10406920065,1,"IOTHUB_CLIENT_CONFIRMATION_OK"
773,10406920223,10406920259,1,"IOTHUB_CLIENT_CONFIRMATION_OK"
774,10406920423,10406920473,1,"IOTHUB_CLIENT_CONFIRMATION_OK"
775,10406920623,10406920678,1,"IOTHUB_CLIENT_CONFIRMATION_OK"
776,10406920823,10406920878,1,"IOTHUB_CLIENT_CONFIRMATION_OK"
777,10406921023,10406921078,1,"IOTHUB_CLIENT_CONFIRMATION_OK"
778,10406921224,10406921273,1,"IOTHUB_CLIENT_CONFIRMATION_OK"
779,10406921424,10406921506,1,"IOTHUB_CLIENT_CONFIRMATION_OK"
780,10406921624,10406921661,1,"IOTHUB_CLIENT_CONFIRMATION_OK"
781,10406921824,10406921875,1,"IOTHUB_CLIENT_CONFIRMATION_OK"
782,10406922024,10406922080,1,"IOTHUB_CLIENT_CONFIRMATION_OK"
783,10406922224,10406922299,1,"IOTHUB_CLIENT_CONFIRMATION_OK"
784,10406922425,10406922546,1,"IOTHUB_CLIENT_CONFIRMATION_OK"
785,10406922625,10406922684,1,"IOTHUB_CLIENT_CONFIRMATION_OK"
786,10406922825,10406922864,1,"IOTHUB_CLIENT_CONFIRMATION_OK"
787,10406923025,10406923100,1,"IOTHUB_CLIENT_CONFIRMATION_OK"
788,10406923225,10406923280,1,"IOTHUB_CLIENT_CONFIRMATION_OK"
789,10406923425,10406923476,1,"IOTHUB_CLIENT_CONFIRMATION_OK"
790,10406923625,10406923666,1,"IOTHUB_CLIENT_CONFIRMATION_OK"
791,10406923826,10406923934,1,"IOTHUB_CLIENT_CONFIRMATION_OK"
792,10406924026,10406924073,1,"IOTHUB_CLIENT_CONFIRMATION_OK"
793,10406924226,10406924277,1,"IOTHUB_CLIENT_CONFIRMATION_OK"
794,10406924426,10406924473,1,"IOTHUB_CLIENT_CONFIRMATION_OK"
795,10406924626,10406924714,1,"IOTHUB_CLIENT_CONFIRMATION_OK"
796,10406924826,10406924873,1,"IOTHUB_CLIENT_CONFIRMATION_OK"
797,10406925027,10406925078,1,"IOTHUB_CLIENT_CONFIRMATION_OK"
798,10406925227,10406925386,1,"IOTHUB_CLIENT_CONFIRMATION_OK"
799,10406925427,10406925464,1,"IOTHUB_CLIENT_CONFIRMATION_OK"
800,10406925627,10406925669,1,"IOTHUB_CLIENT_CONFIRMATION_OK"
801,10406925827,10406925869,1,"IOTHUB_CLIENT_CONFIRMATION_OK"
802,10406926027,10406926068,1,"IOTHUB_CLIENT_CONFIRMATION_OK"
803,10406926227,10406926264,1,"IOTHUB_CLIENT_CONFIRMATION_OK"
804,10406926428,10406926474,1,"IOTHUB_CLIENT_CONFIRMATION_OK"
805,10406926628,10406926798,1,"IOTHUB_CLIENT_CONFIRMATION_OK"
806,10406926828,10406926859,1,"IOTHUB_CLIENT_CONFIRMATION_OK"
807,10406927028,10406927075,1,"IOTHUB_CLIENT_CONFIRMATION_OK"
808,10406927228,10406927380,1,"IOTHUB_CLIENT_CONFIRMATION_OK"
809,10406927428,10406927489,1,"IOTHUB_CLIENT_CONFIRMATION_OK"
810,10406927629,10406927709,1,"IOTHUB_CLIENT_CONFIRMATION_OK"
811,10406927829,10406927875,1,"IOTHUB_CLIENT_CONFIRMATION_OK"
812,10406928029,10406928212,1,"IOTHUB_CLIENT_CONFIRMATION_OK"
813,10406928229,10406928294,1,"IOTHUB_CLIENT_CONFIRMATION_OK"
814,10406928429,10406928479,1,"IOTHUB_CLIENT_CONFIRMATION_OK"
815,10406928629,10406928668,1,"IOTHUB_CLIENT_CONFIRMATION_OK"
816,10406928830,10406928957,1,"IOTHUB_CLIENT_CONFIRMATION_OK"
817,10406929030,10406929107,1,"IOTHUB_CLIENT_CONFIRMATION_OK"
818,10406929230,10406929265,1,"IOTHUB_CLIENT_CONFIRMATION_OK"
819,10406929430,10406929485,1,"IOTHUB_CLIENT_CONFIRMATION_OK"
820,10406929630,10406929716,1,"IOTHUB_CLIENT_CONFIRMATION_OK"
821,10406929830,10406929868,1,"IOTHUB_CLIENT_CONFIRMATION_OK"
822,10406930030,10406930078,1,"IOTHUB_CLIENT_CONFIRMATION_OK"
823,10406930231,10406930367,1,"IOTHUB_CLIENT_CONFIRMATION_OK"
824,10406930431,10406930469,1,"IOTHUB_CLIENT_CONFIRMATION_OK"
825,10406930631,10406930693,1,"IOTHUB_CLIENT_CONFIRMATION_OK"
826,10406930831,10406930866,1,"IOTHUB_CLIENT_CONFIRMATION_OK"
827,10406931031,10406931066,1,"IOTHUB_CLIENT_CONFIRMATION_OK"
828,10406931231,10406931286,1,"IOTHUB_CLIENT_CONFIRMATION_OK"
829,10406931432,10406931484,1,"IOTHUB_CLIENT_CONFIRMATION_OK"
830,10406931632,10406931811,1,"IOTHUB_CLIENT_CONFIRMATION_OK"
831,10406931832,10406931908,1,"IOTHUB_CLIENT_CONFIRMATION_OK"
832,10406932032,10406932084,1,"IOTHUB_CLIENT_CONFIRMATION_OK"
833,10406932232,10406932276,1,"IOTHUB_CLIENT_CONFIRMATION_OK"
834,10406932432,10406932466,1,"IOTHUB_CLIENT_CONFIRMATION_OK"
835,10406932632,10406932668,1,"IOTHUB_CLIENT_CONFIRMATION_OK"
836,10406932833,10406932874,1,"IOTHUB_CLIENT_CONFIRMATION_OK"
837,10406933033,10406933239,1,"IOTHUB_CLIENT_CONFIRMATION_OK"
838,10406933233,10406933289,1,"IOTHUB_CLIENT_CONFIRMATION_OK"
839,10406933433,10406933471,1,"IOTHUB_CLIENT_CONFIRMATION_OK"
840,10406933633,10406933691,1,"IOTHUB_CLIENT_CONFIRMATION_OK"
841,10406933833,10406933898,1,"IOTHUB_CLIENT_CONFIRMATION_OK"
842,10406934034,10406934075,1,"IOTHUB_CLIENT_CONFIRMATION_OK"
843,10406934234,10406934297,1,"IOTHUB_CLIENT_CONFIRMATION_OK"
844,10406934434,10406934469,1,"IOTHUB_CLIENT_CONFIRMATION_OK"
845,10406934634,10406934681,1,"IOTHUB_CLIENT_CONFIRMATION_OK"
846,10406934834,10406934888,1,"IOTHUB_CLIENT_CONFIRMATION_OK"
847,10406935034,10406935078,1,"IOTHUB_CLIENT_CONFIRMATION_OK"
848,10406935235,10406935275,1,"IOTHUB_CLIENT_CONFIRMATION_OK"
849,10406935435,10406935479,1,"IOTHUB_CLIENT_CONFIRMATION_OK"
850,10406935635,10406935680,1,"IOTHUB_CLIENT_CONFIRMATION_OK"
851,10406935835,10406935921,1,"IOTHUB_CLIENT_CONFIRMATION_OK"
852,10406936035,10406936133,1,"IOTHUB_CLIENT_CONFIRMATION_OK"
853,10406936235,10406936286,1,"IOTHUB_CLIENT_CONFIRMATION_OK"
854,10406936436,10406936486,1,"IOTHUB_CLIENT_CONFIRMATION_OK"
855,10406936636,10406936737,1,"IOTHUB_CLIENT_CONFIRMATION_OK"
856,10406936836,10406936874,1,"IOTHUB_CLIENT_CONFIRMATION_OK"
857,10406937036,10406937104,1,"IOTHUB_CLIENT_CONFIRMATION_OK"
858,10406937236,10406937288,1,"IOTHUB_CLIENT_CONFIRMATION_OK"
859,10406937436,10406937486,1,"IOTHUB_CLIENT_CONFIRMATION_OK"
860,10406937636,10406937672,1,"IOTHUB_CLIENT_CONFIRMATION_OK"
861,10406937837,10406937882,1,"IOTHUB_CLIENT_CONFIRMATION_OK"
862,10406938037,10406938200,1,"IOTHUB_CLIENT_CONFIRMATION_OK"
863,10406938237,10406938267,1,"IOTHUB_CLIENT_CONFIRMATION_OK"
864,10406938437,10406938477,1,"IOTHUB_CLIENT_CONFIRMATION_OK"
865,10406938637,10406938687,1,"IOTHUB_CLIENT_CONFIRMATION_OK"
866,10406938837,10406938907,1,"IOTHUB_CLIENT_CONFIRMATION_OK"
867,10406939038,10406939116,1,"IOTHUB_CLIENT_CONFIRMATION_OK"
868,10406939238,10406939283,1,"IOTHUB_CLIENT_CONFIRMATION_OK"
869,10406939438,10406939473,1,"IOTHUB_CLIENT_CONFIRMATION_OK"
870,10406939638,10406939679,1,"IOTHUB_CLIENT_CONFIRMATION_OK"
871,10406939838,10406939879,1,"IOTHUB_CLIENT_CONFIRMATION_OK"
872,10406940038,10406940106,1,"IOTHUB_CLIENT_CONFIRMATION_OK"
873,10406940238,10406940311,1,"IOTHUB_CLIENT_CONFIRMATION_OK"
874,10406940439,10406940472,1,"IOTHUB_CLIENT_CONFIRMATION_OK"
875,10406940639,10406940699,1,"IOTHUB_CLIENT_CONFIRMATION_OK"
876,10406940839,10406940894,1,"IOTHUB_CLIENT_CONFIRMATION_OK"
877,10406941039,10406941126,1,"IOTHUB_CLIENT_CONFIRMATION_OK"
878,10406941239,10406941288,1,"IOTHUB_CLIENT_CONFIRMATION_OK"
879,10406941439,10406941478,1,"IOTHUB_CLIENT_CONFIRMATION_OK"
880,10406941639,10406941740,1,"IOTHUB_CLIENT_CONFIRMATION_OK"
881,10406941840,10406941900,1,"IOTHUB_CLIENT_CONFIRMATION_OK"
882,10406942040,10406942079,1,"IOTHUB_CLIENT_CONFIRMATION_OK"
883,10406942240,10406942343,1,"IOTHUB_CLIENT_CONFIRMATION_OK"
884,10406942440,10406942485,1,"IOTHUB_CLIENT_CONFIRMATION_OK"
885,10406942640,10406942676,1,"IOTHUB_CLIENT_CONFIRMATION_OK"
886,10406942840,10406942873,1,"IOTHUB_CLIENT_CONFIRMATION_OK"
887,10406943041,10406943153,1,"IOTHUB_CLIENT_CONFIRMATION_OK"
888,10406943241,10406943287,1,"IOTHUB_CLIENT_CONFIRMATION_OK"
889,10406943441,10406943476,1,"IOTHUB_CLIENT_CONFIRMATION_OK"
890,10406943641,10406943674,1,"IOTHUB_CLIENT_CONFIRMATION_OK"
891,10406943841,10406944020,1,"IOTHUB_CLIENT_CONFIRMATION_OK"
892,10406944041,10406944103,1,"IOTHUB_CLIENT_CONFIRMATION_OK"
893,10406944242,10406944290,1,"IOTHUB_CLIENT_CONFIRMATION_OK"
894,10406944442,10406944501,1,"IOTHUB_CLIENT_CONFIRMATION_OK"
895,10406944642,10406944687,1,"IOTHUB_CLIENT_CONFIRMATION_OK"
896,10406944842,10406944893,1,"IOTHUB_CLIENT_CONFIRMATION_OK"
897,10406945042,10406945092,1,"IOTHUB_CLIENT_CONFIRMATION_OK"
898,10406945242,10406945288,1,"IOTHUB_CLIENT_CONFIRMATION_OK"
899,10406945442,10406945475,1,"IOTHUB_CLIENT_CONFIRMATION_OK"
900,10406945642,10406945682,1,"IOTHUB_CLIENT_CONFIRMATION_OK"
901,10406945843,10406945908,1,"IOTHUB_CLIENT_CONFIRMATION_OK"
902,10406946043,10406946102,1,"IOTHUB_CLIENT_CONFIRMATION_OK"
903,10406946243,10406946319,1,"IOTHUB_CLIENT_CONFIRMATION_OK"
904,10406946443,10406946520,1,"IOTHUB_CLIENT_CONFIRMATION_OK"
905,10406946643,10406946703,1,"IOTHUB_CLIENT_CONFIRMATION_OK"
906,10406946843,10406946900,1,"IOTHUB_CLIENT_CONFIRMATION_OK"
907,10406947044,10406947078,1,"IOTHUB_CLIENT_CONFIRMATION_OK"
908,10406947244,10406947283,1,"IOTHUB_CLIENT_CONFIRMATION_OK"
909,10406947444,10406947502,1,"IOTHUB_CLIENT_CONFIRMATION_OK"
910,10406947644,10406947708,1,"IOTHUB_CLIENT_CONFIRMATION_OK"
911,10406947844,10406947906,1,"IOTHUB_CLIENT_CONFIRMATION_OK"
912,10406948044,10406948092,1,"IOTHUB_CLIENT_CONFIRMATION_OK"
913,10406948245,10406948279,1,"IOTHUB_CLIENT_CONFIRMATION_OK"
914,10406948445,10406948491,1,"IOTHUB_CLIENT_CONFIRMATION_OK"
915,10406948645,10406948683,1,"IOTHUB_CLIENT_CONFIRMATION_OK"
916,10406948845,10406948931,1,"IOTHUB_CLIENT_CONFIRMATION_OK"
917,10406949045,10406949094,1,"IOTHUB_CLIENT_CONFIRMATION_OK"
918,10406949245,10406949283,1,"IOTHUB_CLIENT_CONFIRMATION_OK"
919,10406949445,10406949513,1,"IOTHUB_CLIENT_CONFIRMATION_OK"
920,10406949646,10406949683,1,"IOTHUB_CLIENT_CONFIRMATION_OK"
921,10406949846,10406949915,1,"IOTHUB_CLIENT_CONFIRMATION_OK"
922,10406950046,10406950133,1,"IOTHUB_CLIENT_CONFIRMATION_OK"
923,10406950246,10406950336,1,"IOTHUB_CLIENT_CONFIRMATION_OK"
924,10406950446,10406950499,1,"IOTHUB_CLIENT_CONFIRMATION_OK"
925,10406950646,10406950694,1,"IOTHUB_CLIENT_CONFIRMATION_OK"
926,10406950846,10406950898,1,"IOTHUB_CLIENT_CONFIRMATION_OK"
927,10406951047,10406951084,1,"IOTHUB_CLIENT_CONFIRMATION_OK"
928,10406951247,10406951294,1,"IOTHUB_CLIENT_CONFIRMATION_OK"
929,10406951447,10406951492,1,"IOTHUB_CLIENT_CONFIRMATION_OK"
930,10406951647,10406951773,1,"IOTHUB_CLIENT_CONFIRMATION_OK"
931,10406951847,10406951891,1,"IOTHUB_CLIENT_CONFIRMATION_OK"
932,10406952047,10406952082,1,"IOTHUB_CLIENT_CONFIRMATION_OK"
933,10406952247,10406952310,1,"IOTHUB_CLIENT_CONFIRMATION_OK"
934,10406952448,10406952496,1,"IOTHUB_CLIENT_CONFIRMATION_OK"
935,10406952648,10406952693,1,"IOTHUB_CLIENT_CONFIRMATION_OK"
936,10406952848,10406952908,1,"IOTHUB_CLIENT_CONFIRMATION_OK"
937,10406953048,10406953188,1,"IOTHUB_CLIENT_CONFIRMATION_OK"
938,10406953248,10406953283,1,"IOTHUB_CLIENT_CONFIRMATION_OK"
939,10406953448,10406953495,1,"IOTHUB_CLIENT_CONFIRMATION_OK"
940,10406953649,10406953770,1,"IOTHUB_CLIENT_CONFIRMATION_OK"
941,10406953849,10406953908,1,"IOTHUB_CLIENT_CONFIRMATION_OK"
942,10406954049,10406954097,1,"IOTHUB_CLIENT_CONFIRMATION_OK"
943,10406954249,10406954297,1,"IOTHUB_CLIENT_CONFIRMATION_OK"
944,10406954449,10406954492,1,"IOTHUB_CLIENT_CONFIRMATION_OK"
945,10406954649,10406954744,1,"IOTHUB_CLIENT_CONFIRMATION_OK"
946,10406954850,10406954883,1,"IOTHUB_CLIENT_CONFIRMATION_OK"
947,10406955050,10406955085,1,"IOTHUB_CLIENT_CONFIRMATION_OK"
948,10406955250,10406955289,1,"IOTHUB_CLIENT_CONFIRMATION_OK"
949,10406955450,10406955491,1,"IOTHUB_CLIENT_CONFIRMATION_OK"
950,10406955650,10406955704,1,"IOTHUB_CLIENT_CONFIRMATION_OK"
951,10406955850,10406955907,1,"IOTHUB_CLIENT_CONFIRMATION_OK"
952,10406956050,10406956105,1,"IOTHUB_CLIENT_CONFIRMATION_OK"
953,10406956251,10406956285,1,"IOTHUB_CLIENT_CONFIRMATION_OK"
954,10406956451,10406956482,1,"IOTHUB_CLIENT_CONFIRMATION_OK"
955,10406956651,10406956696,1,"IOTHUB_CLIENT_CONFIRMATION_OK"
956,10406956851,10406957011,1,"IOTHUB_CLIENT_CONFIRMATION_OK"
957,10406957051,10406957110,1,"IOTHUB_CLIENT_CONFIRMATION_OK"
958,10406957251,10406957297,1,"IOTHUB_CLIENT_CONFIRMATION_OK"
959,10406957451,10406957501,1,"IOTHUB_CLIENT_CONFIRMATION_OK"
960,10406957652,10406957757,1,"IOTHUB_CLIENT_CONFIRMATION_OK"
961,10406957852,10406957904,1,"IOTHUB_CLIENT_CONFIRMATION_OK"
962,10406958052,10406958098,1,"IOTHUB_CLIENT_CONFIRMATION_OK"
963,10406958252,10406958295,1,"IOTHUB_CLIENT_CONFIRMATION_OK"
964,10406958452,10406958506,1,"IOTHUB_CLIENT_CONFIRMATION_OK"
965,10406958652,10406958705,1,"IOTHUB_CLIENT_CONFIRMATION_OK"
966,10406958853,10406958910,1,"IOTHUB_CLIENT_CONFIRMATION_OK"
967,10406959053,10406959088,1,"IOTHUB_CLIENT_CONFIRMATION_OK"
968,10406959253,10406959306,1,"IOTHUB_CLIENT_CONFIRMATION_OK"
969,10406959453,10406959497,1,"IOTHUB_CLIENT_CONFIRMATION_OK"
970,10406959653,10406959690,1,"IOTHUB_CLIENT_CONFIRMATION_OK"
971,10406959853,10406959906,1,"IOTHUB_CLIENT_CONFIRMATION_OK"
972,10406960053,10406960105,1,"IOTHUB_CLIENT_CONFIRMATION_OK"
973,10406960254,10406960447,1,"IOTHUB_CLIENT_CONFIRMATION_OK"
974,10406960454,10406960509,1,"IOTHUB_CLIENT_CONFIRMATION_OK"
975,10406960654,10406960693,1,"IOTHUB_CLIENT_CONFIRMATION_OK"
976,10406960854,10406960896,1,"IOTHUB_CLIENT_CONFIRMATION_OK"
977,10406961054,10406961105,1,"IOTHUB_CLIENT_CONFIRMATION_OK"
978,10406961254,10406961324,1,"IOTHUB_CLIENT_CONFIRMATION_OK"
979,10406961454,10406961494,1,"IOTHUB_CLIENT_CONFIRMATION_OK"
980,10406961655,10406961803,1,"IOTHUB_CLIENT_CONFIRMATION_OK"
981,10406961855,10406961949,1,"IOTHUB_CLIENT_CONFIRMATION_OK"
982,10406962055,10406962107,1,"IOTHUB_CLIENT_CONFIRMATION_OK"
983,10406962255,10406962323,1,"IOTHUB_CLIENT_CONFIRMATION_OK"
984,10406962455,10406962561,1,"IOTHUB_CLIENT_CONFIRMATION_OK"
985,10406962655,10406962693,1,"IOTHUB_CLIENT_CONFIRMATION_OK"
986,10406962855,10406962921,1,"IOTHUB_CLIENT_CONFIRMATION_OK"
987,10406963056,10406963208,1,"IOTHUB_CLIENT_CONFIRMATION_OK"
988,10406963256,10406963303,1,"IOTHUB_CLIENT_CONFIRMATION_OK"
989,10406963456,10406963513,1,"IOTHUB_CLIENT_CONFIRMATION_OK"
990,10406963656,10406963695,1,"IOTHUB_CLIENT_CONFIRMATION_OK"
991,10406963856,10406963926,1,"IOTHUB_CLIENT_CONFIRMATION_OK"
992,10406964056,10406964101,1,"IOTHUB_CLIENT_CONFIRMATION_OK"
993,10406964257,10406964295,1,"IOTHUB_CLIENT_CONFIRMATION_OK"
994,10406964457,10406964520,1,"IOTHUB_CLIENT_CONFIRMATION_OK"
995,10406964657,10406964710,1,"IOTHUB_CLIENT_CONFIRMATION_OK"
996,10406964857,10406964908,1,"IOTHUB_CLIENT_CONFIRMATION_OK"
997,10406965057,10406965105,1,"IOTHUB_CLIENT_CONFIRMATION_OK"
998,10406965257,10406965389,1,"IOTHUB_CLIENT_CONFIRMATION_OK"
999,10406965458,10406965507,1,"IOTHUB_CLIENT_CONFIRMATION_OK"
1000,10406965658,10406965696,1,"IOTHUB_CLIENT_CONFIRMATION_OK"
1001,10406965858,10406965902,1,"IOTHUB_CLIENT_CONFIRMATION_OK"
1002,10406966058,10406966127,1,"IOTHUB_CLIENT_CONFIRMATION_OK"
1003,10406966258,10406966294,1,"IOTHUB_CLIENT_CONFIRMATION_OK"
1004,10406966458,10406966583,1,"IOTHUB_CLIENT_CONFIRMATION_OK"
1005,10406966658,10406966833,1,"IOTHUB_CLIENT_CONFIRMATION_OK"
1006,10406966859,10406966901,1,"IOTHUB_CLIENT_CONFIRMATION_OK"
1007,10406967059,10406967113,1,"IOTHUB_CLIENT_CONFIRMATION_OK"
1008,10406967259,10406967295,1,"IOTHUB_CLIENT_CONFIRMATION_OK"
1009,10406967459,10406967505,1,"IOTHUB_CLIENT_CONFIRMATION_OK"
1010,10406967659,10406967709,1,"IOTHUB_CLIENT_CONFIRMATION_OK"
1011,10406967859,10406967906,1,"IOTHUB_CLIENT_CONFIRMATION_OK"
1012,10406968060,10406968280,1,"IOTHUB_CLIENT_CONFIRMATION_OK"
1013,10406968260,10406968315,1,"IOTHUB_CLIENT_CONFIRMATION_OK"
1014,10406968460,10406968518,1,"IOTHUB_CLIENT_CONFIRMATION_OK"
1015,10406968660,10406968709,1,"IOTHUB_CLIENT_CONFIRMATION_OK"
1016,10406968860,10406968940,1,"IOTHUB_CLIENT_CONFIRMATION_OK"
1017,10406969060,10406969118,1,"IOTHUB_CLIENT_CONFIRMATION_OK"
1018,10406969260,10406969311,1,"IOTHUB_CLIENT_CONFIRMATION_OK"
1019,10406969461,10406969499,1,"IOTHUB_CLIENT_CONFIRMATION_OK"
1020,10406969661,10406970051,1,"IOTHUB_CLIENT_CONFIRMATION_OK"
1021,10406969861,10406970139,1,"IOTHUB_CLIENT_CONFIRMATION_OK"
1022,10406970061,10406970188,1,"IOTHUB_CLIENT_CONFIRMATION_OK"
1023,10406970261,10406970310,1,"IOTHUB_CLIENT_CONFIRMATION_OK"
1024,10406970461,10406970509,1,"IOTHUB_CLIENT_CONFIRMATION_OK"
1025,10406970662,10406970724,1,"IOTHUB_CLIENT_CONFIRMATION_OK"
1026,10406970862,10406970906,1,"IOTHUB_CLIENT_CONFIRMATION_OK"
1027,10406971062,10406971124,1,"IOTHUB_CLIENT_CONFIRMATION_OK"
1028,10406971262,10406971343,1,"IOTHUB_CLIENT_CONFIRMATION_OK"
1029,10406971462,10406971513,1,"IOTHUB_CLIENT_CONFIRMATION_OK"
1030,10406971662,10406971718,1,"IOTHUB_CLIENT_CONFIRMATION_OK"
1031,10406971862,10406971937,1,"IOTHUB_CLIENT_CONFIRMATION_OK"
1032,10406972063,10406972113,1,"IOTHUB_CLIENT_CONFIRMATION_OK"
1033,10406972263,10406972347,1,"IOTHUB_CLIENT_CONFIRMATION_OK"
1034,10406972463,10406972551,1,"IOTHUB_CLIENT_CONFIRMATION_OK"
1035,10406972663,10406972696,1,"IOTHUB_CLIENT_CONFIRMATION_OK"
1036,10406972863,10406972900,1,"IOTHUB_CLIENT_CONFIRMATION_OK"
1037,10406973063,10406973141,1,"IOTHUB_CLIENT_CONFIRMATION_OK"
1038,10406973263,10406973320,1,"IOTHUB_CLIENT_CONFIRMATION_OK"
1039,10406973464,10406973535,1,"IOTHUB_CLIENT_CONFIRMATION_OK"
1040,10406973664,10406973714,1,"IOTHUB_CLIENT_CONFIRMATION_OK"
1041,10406973864,10406974014,1,"IOTHUB_CLIENT_CONFIRMATION_OK"
1042,10406974064,10406974105,1,"IOTHUB_CLIENT_CONFIRMATION_OK"
1043,10406974264,10406974318,1,"IOTHUB_CLIENT_CONFIRMATION_OK"
1044,10406974464,10406974539,1,"IOTHUB_CLIENT_CONFIRMATION_OK"
1045,10406974664,10406974722,1,"IOTHUB_CLIENT_CONFIRMATION_OK"
1046,10406974865,10406974901,1,"IOTHUB_CLIENT_CONFIRMATION_OK"
1047,10406975065,10406975127,1,"IOTHUB_CLIENT_CONFIRMATION_OK"
1048,10406975265,10406975453,1,"IOTHUB_CLIENT_CONFIRMATION_OK"
1049,10406975465,10406975562,1,"IOTHUB_CLIENT_CONFIRMATION_OK"
1050,10406975665,10406975694,1,"IOTHUB_CLIENT_CONFIRMATION_OK"
1051,10406975865,10406975934,1,"IOTHUB_CLIENT_CONFIRMATION_OK"
1052,10406976065,10406976118,1,"IOTHUB_CLIENT_CONFIRMATION_OK"
1053,10406976265,10406976302,1,"IOTHUB_CLIENT_CONFIRMATION_OK"
1054,10406976466,10406976540,1,"IOTHUB_CLIENT_CONFIRMATION_OK"
1055,10406976666,10406976845,1,"IOTHUB_CLIENT_CONFIRMATION_OK"
1056,10406976866,10406976896,1,"IOTHUB_CLIENT_CONFIRMATION_OK"
1057,10406977066,10406977105,1,"IOTHUB_CLIENT_CONFIRMATION_OK"
1058,10406977266,10406977297,1,"IOTHUB_CLIENT_CONFIRMATION_OK"
1059,10406977466,10406977512,1,"IOTHUB_CLIENT_CONFIRMATION_OK"
1060,10406977667,10406977725,1,"IOTHUB_CLIENT_CONFIRMATION_OK"
1061,10406977867,10406977928,1,"IOTHUB_CLIENT_CONFIRMATION_OK"
1062,10406978067,10406978118,1,"IOTHUB_CLIENT_CONFIRMATION_OK"
1063,10406978267,10406978333,1,"IOTHUB_CLIENT_CONFIRMATION_OK"
1064,10406978467,10406978516,1,"IOTHUB_CLIENT_CONFIRMATION_OK"
1065,10406978667,10406978711,1,"IOTHUB_CLIENT_CONFIRMATION_OK"
1066,10406978867,10406978988,1,"IOTHUB_CLIENT_CONFIRMATION_OK"
1067,10406979068,10406979138,1,"IOTHUB_CLIENT_CONFIRMATION_OK"
1068,10406979268,10406979325,1,"IOTHUB_CLIENT_CONFIRMATION_OK"
1069,10406979468,10406979513,1,"IOTHUB_CLIENT_CONFIRMATION_OK"
1070,10406979668,10406979715,1,"IOTHUB_CLIENT_CONFIRMATION_OK"
1071,10406979868,10406979909,1,"IOTHUB_CLIENT_CONFIRMATION_OK"
1072,10406980068,10406980102,1,"IOTHUB_CLIENT_CONFIRMATION_OK"
1073,10406980269,10406980401,1,"IOTHUB_CLIENT_CONFIRMATION_OK"
1074,10406980469,10406980542,1,"IOTHUB_CLIENT_CONFIRMATION_OK"
1075,10406980669,10406980775,1,"IOTHUB_CLIENT_CONFIRMATION_OK"
1076,10406980869,10406980905,1,"IOTHUB_CLIENT_CONFIRMATION_OK"
1077,10406981069,10406981119,1,"IOTHUB_CLIENT_CONFIRMATION_OK"
1078,10406981269,10406981306,1,"IOTHUB_CLIENT_CONFIRMATION_OK"
1079,10406981469,10406981535,1,"IOTHUB_CLIENT_CONFIRMATION_OK"
1080,10406981670,10406981994,1,"IOTHUB_CLIENT_CONFIRMATION_OK"
1081,10406981870,10406982058,1,"IOTHUB_CLIENT_CONFIRMATION_OK"
1082,10406982070,10406982127,1,"IOTHUB_CLIENT_CONFIRMATION_OK"
1083,10406982270,10406982335,1,"IOTHUB_CLIENT_CONFIRMATION_OK"
1084,10406982470,10406982525,1,"IOTHUB_CLIENT_CONFIRMATION_OK"
1085,10406982670,10406982700,1,"IOTHUB_CLIENT_CONFIRMATION_OK"
1086,10406982871,10406982927,1,"IOTHUB_CLIENT_CONFIRMATION_OK"
1087,10406983071,10406983265,1,"IOTHUB_CLIENT_CONFIRMATION_OK"
1088,10406983271,10406983324,1,"IOTHUB_CLIENT_CONFIRMATION_OK"
1089,10406983471,10406983583,1,"IOTHUB_CLIENT_CONFIRMATION_OK"
1090,10406983671,10406983713,1,"IOTHUB_CLIENT_CONFIRMATION_OK"
1091,10406983871,10406983916,1,"IOTHUB_CLIENT_CONFIRMATION_OK"
1092,10406984071,10406984114,1,"IOTHUB_CLIENT_CONFIRMATION_OK"
1093,10406984272,10406984347,1,"IOTHUB_CLIENT_CONFIRMATION_OK"
1094,10406984472,10406984517,1,"IOTHUB_CLIENT_CONFIRMATION_OK"
1095,10406984672,10406984706,1,"IOTHUB_CLIENT_CONFIRMATION_OK"
1096,10406984872,10406984912,1,"IOTHUB_CLIENT_CONFIRMATION_OK"
1097,10406985072,10406985115,1,"IOTHUB_CLIENT_CONFIRMATION_OK"
1098,10406985272,10406985304,1,"IOTHUB_CLIENT_CONFIRMATION_OK"
1099,10406985472,10406985507,1,"IOTHUB_CLIENT_CONFIRMATION_OK"
1100,10406985673,10406985711,1,"IOTHUB_CLIENT_CONFIRMATION_OK"
1101,10406985873,10406985916,1,"IOTHUB_CLIENT_CONFIRMATION_OK"
1102,10406986073,10406986111,1,"IOTHUB_CLIENT_CONFIRMATION_OK"
1103,10406986273,10406986306,1,"IOTHUB_CLIENT_CONFIRMATION_OK"
1104,10406986473,10406986607,1,"IOTHUB_CLIENT_CONFIRMATION_OK"
1105,10406986673,10406986753,1,"IOTHUB_CLIENT_CONFIRMATION_OK"
1106,10406986874,10406986919,1,"IOTHUB_CLIENT_CONFIRMATION_OK"
1107,10406987074,10406987106,1,"IOTHUB_CLIENT_CONFIRMATION_OK"
1108,10406987274,10406987313,1,"IOTHUB_CLIENT_CONFIRMATION_OK"
1109,10406987474,10406987531,1,"IOTHUB_CLIENT_CONFIRMATION_OK"
1110,10406987674,10406987726,1,"IOTHUB_CLIENT_CONFIRMATION_OK"
1111,10406987874,10406987946,1,"IOTHUB_CLIENT_CONFIRMATION_OK"
1112,10406988075,10406988116,1,"IOTHUB_CLIENT_CONFIRMATION_OK"
1113,10406988275,10406988354,1,"IOTHUB_CLIENT_CONFIRMATION_OK"
1114,10406988475,10406988534,1,"IOTHUB_CLIENT_CONFIRMATION_OK"
1115,10406988675,10406988729,1,"IOTHUB_CLIENT_CONFIRMATION_OK"
1116,10406988875,10406988940,1,"IOTHUB_CLIENT_CONFIRMATION_OK"
1117,10406989075,10406989149,1,"IOTHUB_CLIENT_CONFIRMATION_OK"
1118,10406989276,10406989321,1,"IOTHUB_CLIENT_CONFIRMATION_OK"
1119,10406989476,10406989518,1,"IOTHUB_CLIENT_CONFIRMATION_OK"
1120,10406989676,10406989729,1,"IOTHUB_CLIENT_CONFIRMATION_OK"
1121,10406989876,10406990040,1,"IOTHUB_CLIENT_CONFIRMATION_OK"
1122,10406990076,10406990109,1,"IOTHUB_CLIENT_CONFIRMATION_OK"
1123,10406990276,10406990579,1,"IOTHUB_CLIENT_CONFIRMATION_OK"
1124,10406990477,10406990622,1,"IOTHUB_CLIENT_CONFIRMATION_OK"
1125,10406990677,10406990740,1,"IOTHUB_CLIENT_CONFIRMATION_OK"
1126,10406990877,10406990926,1,"IOTHUB_CLIENT_CONFIRMATION_OK"
1127,10406991077,10406991120,1,"IOTHUB_CLIENT_CONFIRMATION_OK"
1128,10406991277,10406991309,1,"IOTHUB_CLIENT_CONFIRMATION_OK"
1129,10406991477,10406991524,1,"IOTHUB_CLIENT_CONFIRMATION_OK"
1130,10406991677,10406991872,1,"IOTHUB_CLIENT_CONFIRMATION_OK"
1131,10406991878,10406991908,1,"IOTHUB_CLIENT_CONFIRMATION_OK"
1132,10406992078,10406992117,1,"IOTHUB_CLIENT_CONFIRMATION_OK"
1133,10406992278,10406992332,1,"IOTHUB_CLIENT_CONFIRMATION_OK"
1134,10406992478,10406992544,1,"IOTHUB_CLIENT_CONFIRMATION_OK"
1135,10406992678,10406992720,1,"IOTHUB_CLIENT_CONFIRMATION_OK"
1136,10406992878,10406992916,1,"IOTHUB_CLIENT_CONFIRMATION_OK"
1137,10406993079,10406993299,1,"IOTHUB_CLIENT_CONFIRMATION_OK"
1138,10406993279,10406993311,1,"IOTHUB_CLIENT_CONFIRMATION_OK"
1139,10406993479,10406993512,1,"IOTHUB_CLIENT_CONFIRMATION_OK"
1140,10406993679,10406993716,1,"IOTHUB_CLIENT_CONFIRMATION_OK"
1141,10406993879,10406993939,1,"IOTHUB_CLIENT_CONFIRMATION_OK"
1142,10406994079,10406994116,1,"IOTHUB_CLIENT_CONFIRMATION_OK"
1143,10406994279,10406994315,1,"IOTHUB_CLIENT_CONFIRMATION_OK"
1144,10406994480,10406994522,1,"IOTHUB_CLIENT_CONFIRMATION_OK"
1145,10406994680,10406994737,1,"IOTHUB_CLIENT_CONFIRMATION_OK"
1146,10406994880,10406994934,1,"IOTHUB_CLIENT_CONFIRMATION_OK"
1147,10406995080,10406995118,1,"IOTHUB_CLIENT_CONFIRMATION_OK"
1148,10406995280,10406995338,1,"IOTHUB_CLIENT_CONFIRMATION_OK"
1149,10406995480,10406995524,1,"IOTHUB_CLIENT_CONFIRMATION_OK"
1150,10406995681,10406995733,1,"IOTHUB_CLIENT_CONFIRMATION_OK"
1151,10406995881,10406995935,1,"IOTHUB_CLIENT_CONFIRMATION_OK"
1152,10406996081,10406996142,1,"IOTHUB_CLIENT_CONFIRMATION_OK"
1153,10406996281,10406996385,1,"IOTHUB_CLIENT_CONFIRMATION_OK"
1154,10406996481,10406996512,1,"IOTHUB_CLIENT_CONFIRMATION_OK"
1155,10406996681,10406996828,1,"IOTHUB_CLIENT_CONFIRMATION_OK"
1156,10406996881,10406996922,1,"IOTHUB_CLIENT_CONFIRMATION_OK"
1157,10406997082,10406997131,1,"IOTHUB_CLIENT_CONFIRMATION_OK"
1158,10406997282,10406997329,1,"IOTHUB_CLIENT_CONFIRMATION_OK"
1159,10406997482,10406997533,1,"IOTHUB_CLIENT_CONFIRMATION_OK"
1160,10406997682,10406997722,1,"IOTHUB_CLIENT_CONFIRMATION_OK"
1161,10406997882,10406997937,1,"IOTHUB_CLIENT_CONFIRMATION_OK"
1162,10406998082,10406998243,1,"IOTHUB_CLIENT_CONFIRMATION_OK"
1163,10406998282,10406998325,1,"IOTHUB_CLIENT_CONFIRMATION_OK"
1164,10406998483,10406998565,1,"IOTHUB_CLIENT_CONFIRMATION_OK"
1165,10406998683,10406998731,1,"IOTHUB_CLIENT_CONFIRMATION_OK"
1166,10406998883,10406998933,1,"IOTHUB_CLIENT_CONFIRMATION_OK"
1167,10406999083,10406999217,1,"IOTHUB_CLIENT_CONFIRMATION_OK"
1168,10406999283,10406999317,1,"IOTHUB_CLIENT_CONFIRMATION_OK"
1169,10406999483,10406999526,1,"IOTHUB_CLIENT_CONFIRMATION_OK"
1170,10406999684,10406999717,1,"IOTHUB_CLIENT_CONFIRMATION_OK"
1171,10406999884,10406999915,1,"IOTHUB_CLIENT_CONFIRMATION_OK"
1172,10407000084,10407000120,1,"IOTHUB_CLIENT_CONFIRMATION_OK"
1173,10407000284,10407000342,1,"IOTHUB_CLIENT_CONFIRMATION_OK"
1174,10407000484,10407000514,1,"IOTHUB_CLIENT_CONFIRMATION_OK"
1175,10407000684,10407000741,1,"IOTHUB_CLIENT_CONFIRMATION_OK"
1176,10407000885,10407000938,1,"IOTHUB_CLIENT_CONFIRMATION_OK"
1177,10407001085,10407001136,1,"IOTHUB_CLIENT_CONFIRMATION_OK"
1178,10407001285,10407001359,1,"IOTHUB_CLIENT_CONFIRMATION_OK"
1179,10407001485,10407001619,1,"IOTHUB_CLIENT_CONFIRMATION_OK"
1180,10407001685,10407001739,1,"IOTHUB_CLIENT_CONFIRMATION_OK"
1181,10407001885,10407002007,1,"IOTHUB_CLIENT_CONFIRMATION_OK"
1182,10407002086,10407002129,1,"IOTHUB_CLIENT_CONFIRMATION_OK"
1183,10407002286,10407002328,1,"IOTHUB_CLIENT_CONFIRMATION_OK"
1184,10407002486,10407002529,1,"IOTHUB_CLIENT_CONFIRMATION_OK"
1185,10407002686,10407002770,1,"IOTHUB_CLIENT_CONFIRMATION_OK"
1186,10407002886,10407002917,1,"IOTHUB_CLIENT_CONFIRMATION_OK"
1187,10407003086,10407003129,1,"IOTHUB_CLIENT_CONFIRMATION_OK"
1188,10407003287,10407003338,1,"IOTHUB_CLIENT_CONFIRMATION_OK"
1189,10407003487,10407003543,1,"IOTHUB_CLIENT_CONFIRMATION_OK"
1190,10407003687,10407003722,1,"IOTHUB_CLIENT_CONFIRMATION_OK"
1191,10407003887,10407003946,1,"IOTHUB_CLIENT_CONFIRMATION_OK"
1192,10407004087,10407004122,1,"IOTHUB_CLIENT_CONFIRMATION_OK"
1193,10407004287,10407004324,1,"IOTHUB_CLIENT_CONFIRMATION_OK"
1194,10407004488,10407004528,1,"IOTHUB_CLIENT_CONFIRMATION_OK"
1195,10407004688,10407004749,1,"IOTHUB_CLIENT_CONFIRMATION_OK"
1196,10407004888,10407004921,1,"IOTHUB_CLIENT_CONFIRMATION_OK"
1197,10407005088,10407005134,1,"IOTHUB_CLIENT_CONFIRMATION_OK"
1198,10407005288,10407005370,1,"IOTHUB_CLIENT_CONFIRMATION_OK"
1199,10407005488,10407005536,1,"IOTHUB_CLIENT_CONFIRMATION_OK"
1200,10407005688,10407005719,1,"IOTHUB_CLIENT_CONFIRMATION_OK"
1201,10407005889,10407005944,1,"IOTHUB_CLIENT_CONFIRMATION_OK"
1202,10407006089,10407006131,1,"IOTHUB_CLIENT_CONFIRMATION_OK"
1203,10407006289,10407006337,1,"IOTHUB_CLIENT_CONFIRMATION_OK"
1204,10407006489,10407006535,1,"IOTHUB_CLIENT_CONFIRMATION_OK"
1205,10407006689,10407006783,1,"IOTHUB_CLIENT_CONFIRMATION_OK"
1206,10407006889,10407006930,1,"IOTHUB_CLIENT_CONFIRMATION_OK"
1207,10407007090,10407007220,1,"IOTHUB_CLIENT_CONFIRMATION_OK"
1208,10407007290,10407007349,1,"IOTHUB_CLIENT_CONFIRMATION_OK"
1209,10407007490,10407007531,1,"IOTHUB_CLIENT_CONFIRMATION_OK"
1210,10407007690,10407007753,1,"IOTHUB_CLIENT_CONFIRMATION_OK"
1211,10407007890,10407007956,1,"IOTHUB_CLIENT_CONFIRMATION_OK"
1212,10407008090,10407008249,1,"IOTHUB_CLIENT_CONFIRMATION_OK"
1213,10407008290,10407008327,1,"IOTHUB_CLIENT_CONFIRMATION_OK"
1214,10407008491,10407008539,1,"IOTHUB_CLIENT_CONFIRMATION_OK"
1215,10407008691,10407008757,1,"IOTHUB_CLIENT_CONFIRMATION_OK"
1216,10407008891,10407008949,1,"IOTHUB_CLIENT_CONFIRMATION_OK"
1217,10407009091,10407009126,1,"IOTHUB_CLIENT_CONFIRMATION_OK"
1218,10407009291,10407009334,1,"IOTHUB_CLIENT_CONFIRMATION_OK"
1219,10407009491,10407009528,1,"IOTHUB_CLIENT_CONFIRMATION_OK"
1220,10407009692,10407009750,1,"IOTHUB_CLIENT_CONFIRMATION_OK"
1221,10407009892,10407009934,1,"IOTHUB_CLIENT_CONFIRMATION_OK"
1222,10407010092,10407010140,1,"IOTHUB_CLIENT_CONFIRMATION_OK"
1223,10407010292,10407010343,1,"IOTHUB_CLIENT_CONFIRMATION_OK"
1224,10407010492,10407010546,1,"IOTHUB_CLIENT_CONFIRMATION_OK"
1225,10407010692,10407010734,1,"IOTHUB_CLIENT_CONFIRMATION_OK"
1226,10407010892,10407010939,1,"IOTHUB_CLIENT_CONFIRMATION_OK"
1227,10407011093,10407011159,1,"IOTHUB_CLIENT_CONFIRMATION_OK"
1228,10407011293,10407011330,1,"IOTHUB_CLIENT_CONFIRMATION_OK"
1229,10407011493,10407011534,1,"IOTHUB_CLIENT_CONFIRMATION_OK"
1230,10407011693,10407011771,1,"IOTHUB_CLIENT_CONFIRMATION_OK"
1231,10407011893,10407011939,1,"IOTHUB_CLIENT_CONFIRMATION_OK"
1232,10407012093,10407012165,1,"IOTHUB_CLIENT_CONFIRMATION_OK"
1233,10407012294,10407012357,1,"IOTHUB_CLIENT_CONFIRMATION_OK"
1234,10407012494,10407012587,1,"IOTHUB_CLIENT_CONFIRMATION_OK"
1235,10407012694,10407012843,1,"IOTHUB_CLIENT_CONFIRMATION_OK"
1236,10407012894,10407012942,1,"IOTHUB_CLIENT_CONFIRMATION_OK"
1237,10407013094,10407013215,1,"IOTHUB_CLIENT_CONFIRMATION_OK"
1238,10407013294,10407013340,1,"IOTHUB_CLIENT_CONFIRMATION_OK"
1239,10407013495,10407013527,1,"IOTHUB_CLIENT_CONFIRMATION_OK"
1240,10407013695,10407013743,1,"IOTHUB_CLIENT_CONFIRMATION_OK"
1241,10407013895,10407014040,1,"IOTHUB_CLIENT_CONFIRMATION_OK"
1242,10407014095,10407014173,1,"IOTHUB_CLIENT_CONFIRMATION_OK"
1243,10407014295,10407014331,1,"IOTHUB_CLIENT_CONFIRMATION_OK"
1244,10407014495,10407014533,1,"IOTHUB_CLIENT_CONFIRMATION_OK"
1245,10407014695,10407014745,1,"IOTHUB_CLIENT_CONFIRMATION_OK"
1246,10407014896,10407014945,1,"IOTHUB_CLIENT_CONFIRMATION_OK"
1247,10407015096,10407015140,1,"IOTHUB_CLIENT_CONFIRMATION_OK"
1248,10407015296,10407015341,1,"IOTHUB_CLIENT_CONFIRMATION_OK"
1249,10407015496,10407015530,1,"IOTHUB_CLIENT_CONFIRMATION_OK"
1250,10407015696,10407015745,1,"IOTHUB_CLIENT_CONFIRMATION_OK"
1251,10407015896,10407015963,1,"IOTHUB_CLIENT_CONFIRMATION_OK"
1252,10407016097,10407016168,1,"IOTHUB_CLIENT_CONFIRMATION_OK"
1253,10407016297,10407016384,1,"IOTHUB_CLIENT_CONFIRMATION_OK"
1254,10407016497,10407016553,1,"IOTHUB_CLIENT_CONFIRMATION_OK"
1255,10407016697,10407016765,1,"IOTHUB_CLIENT_CONFIRMATION_OK"
1256,10407016897,10407016933,1,"IOTHUB_CLIENT_CONFIRMATION_OK"
1257,10407017097,10407017137,1,"IOTHUB_CLIENT_CONFIRMATION_OK"
1258,10407017297,10407017337,1,"IOTHUB_CLIENT_CONFIRMATION_OK"
1259,10407017498,10407017635,1,"IOTHUB_CLIENT_CONFIRMATION_OK"
1260,10407017698,10407017830,1,"IOTHUB_CLIENT_CONFIRMATION_OK"
1261,10407017898,10407017943,1,"IOTHUB_CLIENT_CONFIRMATION_OK"
1262,10407018098,10407018244,1,"IOTHUB_CLIENT_CONFIRMATION_OK"
1263,10407018298,10407018361,1,"IOTHUB_CLIENT_CONFIRMATION_OK"
1264,10407018498,10407018537,1,"IOTHUB_CLIENT_CONFIRMATION_OK"
1265,10407018699,10407018739,1,"IOTHUB_CLIENT_CONFIRMATION_OK"
1266,10407018899,10407018950,1,"IOTHUB_CLIENT_CONFIRMATION_OK"
1267,10407019099,10407019153,1,"IOTHUB_CLIENT_CONFIRMATION_OK"
1268,10407019299,10407019334,1,"IOTHUB_CLIENT_CONFIRMATION_OK"
1269,10407019499,10407019539,1,"IOTHUB_CLIENT_CONFIRMATION_OK"
1270,10407019699,10407019749,1,"IOTHUB_CLIENT_CONFIRMATION_OK"
1271,10407019900,10407019956,1,"IOTHUB_CLIENT_CONFIRMATION_OK"
1272,10407020100,10407020180,1,"IOTHUB_CLIENT_CONFIRMATION_OK"
1273,10407020300,10407020346,1,"IOTHUB_CLIENT_CONFIRMATION_OK"
1274,10407020500,10407020542,1,"IOTHUB_CLIENT_CONFIRMATION_OK"
1275,10407020700,10407020738,1,"IOTHUB_CLIENT_CONFIRMATION_OK"
1276,10407020900,10407020952,1,"IOTHUB_CLIENT_CONFIRMATION_OK"
1277,10407021101,10407021138,1,"IOTHUB_CLIENT_CONFIRMATION_OK"
1278,10407021301,10407021348,1,"IOTHUB_CLIENT_CONFIRMATION_OK"
1279,10407021501,10407021549,1,"IOTHUB_CLIENT_CONFIRMATION_OK"
1280,10407021701,10407021740,1,"IOTHUB_CLIENT_CONFIRMATION_OK"
1281,10407021901,10407021966,1,"IOTHUB_CLIENT_CONFIRMATION_OK"
1282,10407022101,10407022148,1,"IOTHUB_CLIENT_CONFIRMATION_OK"
1283,10407022302,10407022347,1,"IOTHUB_CLIENT_CONFIRMATION_OK"
1284,10407022502,10407022553,1,"IOTHUB_CLIENT_CONFIRMATION_OK"
1285,10407022702,10407022760,1,"IOTHUB_CLIENT_CONFIRMATION_OK"
1286,10407022902,10407022972,1,"IOTHUB_CLIENT_CONFIRMATION_OK"
1287,10407023102,10407023139,1,"IOTHUB_CLIENT_CONFIRMATION_OK"
1288,10407023302,10407023358,1,"IOTHUB_CLIENT_CONFIRMATION_OK"
1289,10407023502,10407023542,1,"IOTHUB_CLIENT_CONFIRMATION_OK"
1290,10407023703,10407023757,1,"IOTHUB_CLIENT_CONFIRMATION_OK"
1291,10407023903,10407023982,1,"IOTHUB_CLIENT_CONFIRMATION_OK"
1292,10407024103,10407024137,1,"IOTHUB_CLIENT_CONFIRMATION_OK"
1293,10407024303,10407024354,1,"IOTHUB_CLIENT_CONFIRMATION_OK"
1294,10407024503,10407024544,1,"IOTHUB_CLIENT_CONFIRMATION_OK"
1295,10407024703,10407024752,1,"IOTHUB_CLIENT_CONFIRMATION_OK"
1296,10407024904,10407024982,1,"IOTHUB_CLIENT_CONFIRMATION_OK"
1297,10407025104,10407025161,1,"IOTHUB_CLIENT_CONFIRMATION_OK"
1298,10407025304,10407025411,1,"IOTHUB_CLIENT_CONFIRMATION_OK"
1299,10407025504,10407025558,1,"IOTHUB_CLIENT_CONFIRMATION_OK"
1300,10407025704,10407025744,1,"IOTHUB_CLIENT_CONFIRMATION_OK"
1301,10407025904,10407025968,1,"IOTHUB_CLIENT_CONFIRMATION_OK"
1302,10407026105,10407026168,1,"IOTHUB_CLIENT_CONFIRMATION_OK"
1303,10407026305,10407026341,1,"IOTHUB_CLIENT_CONFIRMATION_OK"
1304,10407026505,10407026550,1,"IOTHUB_CLIENT_CONFIRMATION_OK"
1305,10407026705,10407026878,1,"IOTHUB_CLIENT_CONFIRMATION_OK"
1306,10407026905,10407026951,1,"IOTHUB_CLIENT_CONFIRMATION_OK"
1307,10407027105,10407027165,1,"IOTHUB_CLIENT_CONFIRMATION_OK"
1308,10407027305,10407027364,1,"IOTHUB_CLIENT_CONFIRMATION_OK"
1309,10407027506,10407027541,1,"IOTHUB_CLIENT_CONFIRMATION_OK"
1310,10407027706,10407027765,1,"IOTHUB_CLIENT_CONFIRMATION_OK"
1311,10407027906,10407027943,1,"IOTHUB_CLIENT_CONFIRMATION_OK"
1312,10407028106,10407028300,1,"IOTHUB_CLIENT_CONFIRMATION_OK"
1313,10407028306,10407028342,1,"IOTHUB_CLIENT_CONFIRMATION_OK"
1314,10407028506,10407028562,1,"IOTHUB_CLIENT_CONFIRMATION_OK"
1315,10407028707,10407028762,1,"IOTHUB_CLIENT_CONFIRMATION_OK"
1316,10407028907,10407028942,1,"IOTHUB_CLIENT_CONFIRMATION_OK"
1317,10407029107,10407029145,1,"IOTHUB_CLIENT_CONFIRMATION_OK"
1318,10407029307,10407029361,1,"IOTHUB_CLIENT_CONFIRMATION_OK"
1319,10407029507,10407029550,1,"IOTHUB_CLIENT_CONFIRMATION_OK"
1320,10407029707,10407029750,1,"IOTHUB_CLIENT_CONFIRMATION_OK"
1321,10407029908,10407029947,1,"IOTHUB_CLIENT_CONFIRMATION_OK"
1322,10407030108,10407030148,1,"IOTHUB_CLIENT_CONFIRMATION_OK"
1323,10407030308,10407030354,1,"IOTHUB_CLIENT_CONFIRMATION_OK"
1324,10407030508,10407030575,1,"IOTHUB_CLIENT_CONFIRMATION_OK"
1325,10407030708,10407030775,1,"IOTHUB_CLIENT_CONFIRMATION_OK"
1326,10407030908,10407030975,1,"IOTHUB_CLIENT_CONFIRMATION_OK"
1327,10407031109,10407031183,1,"IOTHUB_CLIENT_CONFIRMATION_OK"
1328,10407031309,10407031352,1,"IOTHUB_CLIENT_CONFIRMATION_OK"
1329,10407031509,10407031572,1,"IOTHUB_CLIENT_CONFIRMATION_OK"
1330,10407031709,10407031787,1,"IOTHUB_CLIENT_CONFIRMATION_OK"
1331,10407031909,10407031943,1,"IOTHUB_CLIENT_CONFIRMATION_OK"
1332,10407032109,10407032164,1,"IOTHUB_CLIENT_CONFIRMATION_OK"
1333,10407032310,10407032354,1,"IOTHUB_CLIENT_CONFIRMATION_OK"
1334,10407032510,10407032596,1,"IOTHUB_CLIENT_CONFIRMATION_OK"
1335,10407032710,10407032763,1,"IOTHUB_CLIENT_CONFIRMATION_OK"
1336,10407032910,10407032968,1,"IOTHUB_CLIENT_CONFIRMATION_OK"
1337,10407033110,10407033191,1,"IOTHUB_CLIENT_CONFIRMATION_OK"
1338,10407033310,10407033362,1,"IOTHUB_CLIENT_CONFIRMATION_OK"
1339,10407033510,10407033559,1,"IOTHUB_CLIENT_CONFIRMATION_OK"
1340,10407033711,10407033743,1,"IOTHUB_CLIENT_CONFIRMATION_OK"
1341,10407033911,10407034012,1,"IOTHUB_CLIENT_CONFIRMATION_OK"
1342,10407034111,10407034159,1,"IOTHUB_CLIENT_CONFIRMATION_OK"
1343,10407034311,10407034344,1,"IOTHUB_CLIENT_CONFIRMATION_OK"
1344,10407034511,10407034567,1,"IOTHUB_CLIENT_CONFIRMATION_OK"
1345,10407034711,10407034749,1,"IOTHUB_CLIENT_CONFIRMATION_OK"
1346,10407034912,10407034947,1,"IOTHUB_CLIENT_CONFIRMATION_OK"
1347,10407035112,10407035175,1,"IOTHUB_CLIENT_CONFIRMATION_OK"
1348,10407035312,10407035456,1,"IOTHUB_CLIENT_CONFIRMATION_OK"
1349,10407035512,10407035550,1,"IOTHUB_CLIENT_CONFIRMATION_OK"
1350,10407035712,10407035763,1,"IOTHUB_CLIENT_CONFIRMATION_OK"
1351,10407035912,10407035948,1,"IOTHUB_CLIENT_CONFIRMATION_OK"
1352,10407036112,10407036162,1,"IOTHUB_CLIENT_CONFIRMATION_OK"
1353,10407036313,10407036380,1,"IOTHUB_CLIENT_CONFIRMATION_OK"
1354,10407036513,10407036562,1,"IOTHUB_CLIENT_CONFIRMATION_OK"
1355,10407036713,10407036913,1,"IOTHUB_CLIENT_CONFIRMATION_OK"
1356,10407036913,10407036950,1,"IOTHUB_CLIENT_CONFIRMATION_OK"
1357,10407037113,10407037159,1,"IOTHUB_CLIENT_CONFIRMATION_OK"
1358,10407037313,10407037368,1,"IOTHUB_CLIENT_CONFIRMATION_OK"
1359,10407037514,10407037553,1,"IOTHUB_CLIENT_CONFIRMATION_OK"
1360,10407037714,10407037748,1,"IOTHUB_CLIENT_CONFIRMATION_OK"
1361,10407037914,10407037972,1,"IOTHUB_CLIENT_CONFIRMATION_OK"
1362,10407038114,10407038345,1,"IOTHUB_CLIENT_CONFIRMATION_OK"
1363,10407038314,10407038356,1,"IOTHUB_CLIENT_CONFIRMATION_OK"
1364,10407038514,10407038563,1,"IOTHUB_CLIENT_CONFIRMATION_OK"
1365,10407038715,10407038755,1,"IOTHUB_CLIENT_CONFIRMATION_OK"
1366,10407038915,10407038972,1,"IOTHUB_CLIENT_CONFIRMATION_OK"
1367,10407039115,10407039175,1,"IOTHUB_CLIENT_CONFIRMATION_OK"
1368,10407039315,10407039390,1,"IOTHUB_CLIENT_CONFIRMATION_OK"
1369,10407039515,10407039568,1,"IOTHUB_CLIENT_CONFIRMATION_OK"
1370,10407039715,10407039773,1,"IOTHUB_CLIENT_CONFIRMATION_OK"
1371,10407039916,10407039959,1,"IOTHUB_CLIENT_CONFIRMATION_OK"
1372,10407040116,10407040155,1,"IOTHUB_CLIENT_CONFIRMATION_OK"
1373,10407040316,10407040407,1,"IOTHUB_CLIENT_CONFIRMATION_OK"
1374,10407040516,10407040571,1,"IOTHUB_CLIENT_CONFIRMATION_OK"
1375,10407040716,10407040761,1,"IOTHUB_CLIENT_CONFIRMATION_OK"
1376,10407040916,10407040963,1,"IOTHUB_CLIENT_CONFIRMATION_OK"
1377,10407041117,10407041147,1,"IOTHUB_CLIENT_CONFIRMATION_OK"
1378,10407041317,10407041373,1,"IOTHUB_CLIENT_CONFIRMATION_OK"
1379,10407041517,10407041574,1,"IOTHUB_CLIENT_CONFIRMATION_OK"
1380,10407041717,10407041875,1,"IOTHUB_CLIENT_CONFIRMATION_OK"
1381,10407041917,10407041950,1,"IOTHUB_CLIENT_CONFIRMATION_OK"
1382,10407042117,10407042168,1,"IOTHUB_CLIENT_CONFIRMATION_OK"
1383,10407042317,10407042378,1,"IOTHUB_CLIENT_CONFIRMATION_OK"
1384,10407042518,10407042563,1,"IOTHUB_CLIENT_CONFIRMATION_OK"
1385,10407042718,10407042767,1,"IOTHUB_CLIENT_CONFIRMATION_OK"
1386,10407042918,10407042953,1,"IOTHUB_CLIENT_CONFIRMATION_OK"
1387,10407043118,10407043310,1,"IOTHUB_CLIENT_CONFIRMATION_OK"
1388,10407043318,10407043386,1,"IOTHUB_CLIENT_CONFIRMATION_OK"
1389,10407043518,10407043581,1,"IOTHUB_CLIENT_CONFIRMATION_OK"
1390,10407043719,10407043760,1,"IOTHUB_CLIENT_CONFIRMATION_OK"
1391,10407043919,10407043971,1,"IOTHUB_CLIENT_CONFIRMATION_OK"
1392,10407044119,10407044167,1,"IOTHUB_CLIENT_CONFIRMATION_OK"
1393,10407044319,10407044373,1,"IOTHUB_CLIENT_CONFIRMATION_OK"
1394,10407044519,10407044555,1,"IOTHUB_CLIENT_CONFIRMATION_OK"
1395,10407044719,10407044752,1,"IOTHUB_CLIENT_CONFIRMATION_OK"
1396,10407044920,10407044963,1,"IOTHUB_CLIENT_CONFIRMATION_OK"
1397,10407045120,10407045184,1,"IOTHUB_CLIENT_CONFIRMATION_OK"
1398,10407045320,10407045440,1,"IOTHUB_CLIENT_CONFIRMATION_OK"
1399,10407045520,10407045553,1,"IOTHUB_CLIENT_CONFIRMATION_OK"
1400,10407045720,10407045762,1,"IOTHUB_CLIENT_CONFIRMATION_OK"
1401,10407045920,10407045953,1,"IOTHUB_CLIENT_CONFIRMATION_OK"
1402,10407046121,10407046158,1,"IOTHUB_CLIENT_CONFIRMATION_OK"
1403,10407046321,10407046401,1,"IOTHUB_CLIENT_CONFIRMATION_OK"
1404,10407046521,10407046563,1,"IOTHUB_CLIENT_CONFIRMATION_OK"
1405,10407046721,10407046830,1,"IOTHUB_CLIENT_CONFIRMATION_OK"
1406,10407046921,10407046958,1,"IOTHUB_CLIENT_CONFIRMATION_OK"
1407,10407047121,10407047165,1,"IOTHUB_CLIENT_CONFIRMATION_OK"
1408,10407047321,10407047354,1,"IOTHUB_CLIENT_CONFIRMATION_OK"
1409,10407047522,10407047556,1,"IOTHUB_CLIENT_CONFIRMATION_OK"
1410,10407047722,10407047762,1,"IOTHUB_CLIENT_CONFIRMATION_OK"
1411,10407047922,10407047961,1,"IOTHUB_CLIENT_CONFIRMATION_OK"
1412,10407048122,10407048331,1,"IOTHUB_CLIENT_CONFIRMATION_OK"
1413,10407048322,10407048358,1,"IOTHUB_CLIENT_CONFIRMATION_OK"
1414,10407048522,10407048578,1,"IOTHUB_CLIENT_CONFIRMATION_OK"
1415,10407048723,10407048751,1,"IOTHUB_CLIENT_CONFIRMATION_OK"
1416,10407048923,10407049010,1,"IOTHUB_CLIENT_CONFIRMATION_OK"
1417,10407049123,10407049207,1,"IOTHUB_CLIENT_CONFIRMATION_OK"
1418,10407049323,10407049360,1,"IOTHUB_CLIENT_CONFIRMATION_OK"
1419,10407049523,10407049559,1,"IOTHUB_CLIENT_CONFIRMATION_OK"
1420,10407049723,10407049757,1,"IOTHUB_CLIENT_CONFIRMATION_OK"
1421,10407049923,10407049975,1,"IOTHUB_CLIENT_CONFIRMATION_OK"
1422,10407050124,10407050160,1,"IOTHUB_CLIENT_CONFIRMATION_OK"
1423,10407050324,10407050441,1,"IOTHUB_CLIENT_CONFIRMATION_OK"
1424,10407050524,10407050573,1,"IOTHUB_CLIENT_CONFIRMATION_OK"
1425,10407050724,10407050762,1,"IOTHUB_CLIENT_CONFIRMATION_OK"
1426,10407050924,10407050972,1,"IOTHUB_CLIENT_CONFIRMATION_OK"
1427,10407051124,10407051168,1,"IOTHUB_CLIENT_CONFIRMATION_OK"
1428,10407051325,10407051356,1,"IOTHUB_CLIENT_CONFIRMATION_OK"
1429,10407051525,10407051562,1,"IOTHUB_CLIENT_CONFIRMATION_OK"
1430,10407051725,10407051942,1,"IOTHUB_CLIENT_CONFIRMATION_OK"
1431,10407051925,10407051964,1,"IOTHUB_CLIENT_CONFIRMATION_OK"
1432,10407052125,10407052160,1,"IOTHUB_CLIENT_CONFIRMATION_OK"
1433,10407052325,10407052360,1,"IOTHUB_CLIENT_CONFIRMATION_OK"
1434,10407052526,10407052579,1,"IOTHUB_CLIENT_CONFIRMATION_OK"
1435,10407052726,10407052762,1,"IOTHUB_CLIENT_CONFIRMATION_OK"
1436,10407052926,10407052972,1,"IOTHUB_CLIENT_CONFIRMATION_OK"
1437,10407053126,10407053165,1,"IOTHUB_CLIENT_CONFIRMATION_OK"
1438,10407053326,10407053359,1,"IOTHUB_CLIENT_CONFIRMATION_OK"
1439,10407053526,10407053570,1,"IOTHUB_CLIENT_CONFIRMATION_OK"
1440,10407053727,10407053772,1,"IOTHUB_CLIENT_CONFIRMATION_OK"
1441,10407053927,10407053986,1,"IOTHUB_CLIENT_CONFIRMATION_OK"
1442,10407054127,10407054163,1,"IOTHUB_CLIENT_CONFIRMATION_OK"
1443,10407054327,10407054363,1,"IOTHUB_CLIENT_CONFIRMATION_OK"
1444,10407054527,10407054596,1,"IOTHUB_CLIENT_CONFIRMATION_OK"
1445,10407054727,10407054794,1,"IOTHUB_CLIENT_CONFIRMATION_OK"
1446,10407054928,10407054974,1,"IOTHUB_CLIENT_CONFIRMATION_OK"
1447,10407055128,10407055177,1,"IOTHUB_CLIENT_CONFIRMATION_OK"
1448,10407055328,10407055484,1,"IOTHUB_CLIENT_CONFIRMATION_OK"
1449,10407055528,10407055575,1,"IOTHUB_CLIENT_CONFIRMATION_OK"
1450,10407055728,10407055766,1,"IOTHUB_CLIENT_CONFIRMATION_OK"
1451,10407055928,10407055959,1,"IOTHUB_CLIENT_CONFIRMATION_OK"
1452,10407056128,10407056162,1,"IOTHUB_CLIENT_CONFIRMATION_OK"
1453,10407056329,10407056384,1,"IOTHUB_CLIENT_CONFIRMATION_OK"
1454,10407056529,10407056573,1,"IOTHUB_CLIENT_CONFIRMATION_OK"
1455,10407056729,10407056920,1,"IOTHUB_CLIENT_CONFIRMATION_OK"
1456,10407056929,10407056997,1,"IOTHUB_CLIENT_CONFIRMATION_OK"
1457,10407057129,10407057175,1,"IOTHUB_CLIENT_CONFIRMATION_OK"
1458,10407057329,10407057398,1,"IOTHUB_CLIENT_CONFIRMATION_OK"
1459,10407057530,10407057564,1,"IOTHUB_CLIENT_CONFIRMATION_OK"
1460,10407057730,10407057776,1,"IOTHUB_CLIENT_CONFIRMATION_OK"
1461,10407057930,10407057983,1,"IOTHUB_CLIENT_CONFIRMATION_OK"
1462,10407058130,10407058333,1,"IOTHUB_CLIENT_CONFIRMATION_OK"
1463,10407058330,10407058386,1,"IOTHUB_CLIENT_CONFIRMATION_OK"
1464,10407058530,10407058610,1,"IOTHUB_CLIENT_CONFIRMATION_OK"
1465,10407058731,10407058771,1,"IOTHUB_CLIENT_CONFIRMATION_OK"
1466,10407058931,10407059055,1,"IOTHUB_CLIENT_CONFIRMATION_OK"
1467,10407059131,10407059164,1,"IOTHUB_CLIENT_CONFIRMATION_OK"
1468,10407059331,10407059364,1,"IOTHUB_CLIENT_CONFIRMATION_OK"
1469,10407059531,10407059568,1,"IOTHUB_CLIENT_CONFIRMATION_OK"
1470,10407059731,10407059765,1,"IOTHUB_CLIENT_CONFIRMATION_OK"
1471,10407059932,10407059964,1,"IOTHUB_CLIENT_CONFIRMATION_OK"
1472,10407060132,10407060190,1,"IOTHUB_CLIENT_CONFIRMATION_OK"
1473,10407060332,10407060488,1,"IOTHUB_CLIENT_CONFIRMATION_OK"
1474,10407060532,10407060579,1,"IOTHUB_CLIENT_CONFIRMATION_OK"
1475,10407060732,10407060782,1,"IOTHUB_CLIENT_CONFIRMATION_OK"
1476,10407060932,10407060968,1,"IOTHUB_CLIENT_CONFIRMATION_OK"
1477,10407061132,10407061186,1,"IOTHUB_CLIENT_CONFIRMATION_OK"
1478,10407061333,10407061397,1,"IOTHUB_CLIENT_CONFIRMATION_OK"
1479,10407061533,10407061566,1,"IOTHUB_CLIENT_CONFIRMATION_OK"
1480,10407061733,10407061907,1,"IOTHUB_CLIENT_CONFIRMATION_OK"
1481,10407061933,10407061982,1,"IOTHUB_CLIENT_CONFIRMATION_OK"
1482,10407062133,10407062167,1,"IOTHUB_CLIENT_CONFIRMATION_OK"
1483,10407062333,10407062374,1,"IOTHUB_CLIENT_CONFIRMATION_OK"
1484,10407062534,10407062572,1,"IOTHUB_CLIENT_CONFIRMATION_OK"
1485,10407062734,10407062766,1,"IOTHUB_CLIENT_CONFIRMATION_OK"
1486,10407062934,10407063020,1,"IOTHUB_CLIENT_CONFIRMATION_OK"
1487,10407063134,10407063317,1,"IOTHUB_CLIENT_CONFIRMATION_OK"
1488,10407063334,10407063396,1,"IOTHUB_CLIENT_CONFIRMATION_OK"
1489,10407063534,10407063582,1,"IOTHUB_CLIENT_CONFIRMATION_OK"
1490,10407063735,10407063781,1,"IOTHUB_CLIENT_CONFIRMATION_OK"
1491,10407063935,10407063968,1,"IOTHUB_CLIENT_CONFIRMATION_OK"
1492,10407064135,10407064169,1,"IOTHUB_CLIENT_CONFIRMATION_OK"
1493,10407064335,10407064388,1,"IOTHUB_CLIENT_CONFIRMATION_OK"
1494,10407064535,10407064588,1,"IOTHUB_CLIENT_CONFIRMATION_OK"
1495,10407064735,10407064790,1,"IOTHUB_CLIENT_CONFIRMATION_OK"
1496,10407064935,10407064998,1,"IOTHUB_CLIENT_CONFIRMATION_OK"
1497,10407065136,10407065192,1,"IOTHUB_CLIENT_CONFIRMATION_OK"
1498,10407065336,10407065377,1,"IOTHUB_CLIENT_CONFIRMATION_OK"
1499,10407065536,10407065572,1,"IOTHUB_CLIENT_CONFIRMATION_OK"
1500,10407065736,10407065799,1,"IOTHUB_CLIENT_CONFIRMATION_OK"
1501,10407065936,10407066010,1,"IOTHUB_CLIENT_CONFIRMATION_OK"
1502,10407066136,10407066192,1,"IOTHUB_CLIENT_CONFIRMATION_OK"
1503,10407066337,10407066392,1,"IOTHUB_CLIENT_CONFIRMATION_OK"
1504,10407066537,10407066588,1,"IOTHUB_CLIENT_CONFIRMATION_OK"
1505,10407066737,10407066784,1,"IOTHUB_CLIENT_CONFIRMATION_OK"
1506,10407066937,10407066977,1,"IOTHUB_CLIENT_CONFIRMATION_OK"
1507,10407067137,10407067177,1,"IOTHUB_CLIENT_CONFIRMATION_OK"
1508,10407067337,10407067388,1,"IOTHUB_CLIENT_CONFIRMATION_OK"
1509,10407067538,10407067616,1,"IOTHUB_CLIENT_CONFIRMATION_OK"
1510,10407067738,10407067776,1,"IOTHUB_CLIENT_CONFIRMATION_OK"
1511,10407067938,10407067972,1,"IOTHUB_CLIENT_CONFIRMATION_OK"
1512,10407068138,10407068281,1,"IOTHUB_CLIENT_CONFIRMATION_OK"
1513,10407068338,10407068389,1,"IOTHUB_CLIENT_CONFIRMATION_OK"
1514,10407068538,10407068626,1,"IOTHUB_CLIENT_CONFIRMATION_OK"
1515,10407068738,10407068780,1,"IOTHUB_CLIENT_CONFIRMATION_OK"
1516,10407068939,10407069117,1,"IOTHUB_CLIENT_CONFIRMATION_OK"
1517,10407069139,10407069200,1,"IOTHUB_CLIENT_CONFIRMATION_OK"
1518,10407069339,10407069390,1,"IOTHUB_CLIENT_CONFIRMATION_OK"
1519,10407069539,10407069575,1,"IOTHUB_CLIENT_CONFIRMATION_OK"
1520,10407069739,10407069776,1,"IOTHUB_CLIENT_CONFIRMATION_OK"
1521,10407069939,10407069993,1,"IOTHUB_CLIENT_CONFIRMATION_OK"
1522,10407070140,10407070212,1,"IOTHUB_CLIENT_CONFIRMATION_OK"
1523,10407070340,10407070400,1,"IOTHUB_CLIENT_CONFIRMATION_OK"
1524,10407070540,10407070580,1,"IOTHUB_CLIENT_CONFIRMATION_OK"
1525,10407070740,10407070787,1,"IOTHUB_CLIENT_CONFIRMATION_OK"
1526,10407070940,10407071006,1,"IOTHUB_CLIENT_CONFIRMATION_OK"
1527,10407071140,10407071185,1,"IOTHUB_CLIENT_CONFIRMATION_OK"
1528,10407071341,10407071458,1,"IOTHUB_CLIENT_CONFIRMATION_OK"
1529,10407071541,10407071575,1,"IOTHUB_CLIENT_CONFIRMATION_OK"
1530,10407071741,10407071913,1,"IOTHUB_CLIENT_CONFIRMATION_OK"
1531,10407071941,10407071984,1,"IOTHUB_CLIENT_CONFIRMATION_OK"
1532,10407072141,10407072183,1,"IOTHUB_CLIENT_CONFIRMATION_OK"
1533,10407072341,10407072376,1,"IOTHUB_CLIENT_CONFIRMATION_OK"
1534,10407072541,10407072593,1,"IOTHUB_CLIENT_CONFIRMATION_OK"
1535,10407072742,10407072795,1,"IOTHUB_CLIENT_CONFIRMATION_OK"
1536,10407072942,10407072987,1,"IOTHUB_CLIENT_CONFIRMATION_OK"
1537,10407073142,10407073330,1,"IOTHUB_CLIENT_CONFIRMATION_OK"
1538,10407073342,10407073376,1,"IOTHUB_CLIENT_CONFIRMATION_OK"
1539,10407073542,10407073603,1,"IOTHUB_CLIENT_CONFIRMATION_OK"
1540,10407073742,10407073781,1,"IOTHUB_CLIENT_CONFIRMATION_OK"
1541,10407073943,10407074019,1,"IOTHUB_CLIENT_CONFIRMATION_OK"
1542,10407074143,10407074222,1,"IOTHUB_CLIENT_CONFIRMATION_OK"
1543,10407074343,10407074400,1,"IOTHUB_CLIENT_CONFIRMATION_OK"
1544,10407074543,10407074590,1,"IOTHUB_CLIENT_CONFIRMATION_OK"
1545,10407074743,10407074784,1,"IOTHUB_CLIENT_CONFIRMATION_OK"
1546,10407074943,10407075012,1,"IOTHUB_CLIENT_CONFIRMATION_OK"
1547,10407075144,10407075177,1,"IOTHUB_CLIENT_CONFIRMATION_OK"
1548,10407075344,10407075432,1,"IOTHUB_CLIENT_CONFIRMATION_OK"
1549,10407075544,10407075577,1,"IOTHUB_CLIENT_CONFIRMATION_OK"
1550,10407075744,10407075786,1,"IOTHUB_CLIENT_CONFIRMATION_OK"
1551,10407075944,10407075982,1,"IOTHUB_CLIENT_CONFIRMATION_OK"
1552,10407076144,10407076180,1,"IOTHUB_CLIENT_CONFIRMATION_OK"
1553,10407076345,10407076380,1,"IOTHUB_CLIENT_CONFIRMATION_OK"
1554,10407076545,10407076579,1,"IOTHUB_CLIENT_CONFIRMATION_OK"
1555,10407076745,10407076902,1,"IOTHUB_CLIENT_CONFIRMATION_OK"
1556,10407076945,10407076986,1,"IOTHUB_CLIENT_CONFIRMATION_OK"
1557,10407077145,10407077180,1,"IOTHUB_CLIENT_CONFIRMATION_OK"
1558,10407077345,10407077390,1,"IOTHUB_CLIENT_CONFIRMATION_OK"
1559,10407077546,10407077665,1,"IOTHUB_CLIENT_CONFIRMATION_OK"
1560,10407077746,10407077802,1,"IOTHUB_CLIENT_CONFIRMATION_OK"
1561,10407077946,10407077990,1,"IOTHUB_CLIENT_CONFIRMATION_OK"
1562,10407078146,10407078391,1,"IOTHUB_CLIENT_CONFIRMATION_OK"
1563,10407078346,10407078403,1,"IOTHUB_CLIENT_CONFIRMATION_OK"
1564,10407078546,10407078581,1,"IOTHUB_CLIENT_CONFIRMATION_OK"
1565,10407078747,10407078784,1,"IOTHUB_CLIENT_CONFIRMATION_OK"
1566,10407078947,10407079019,1,"IOTHUB_CLIENT_CONFIRMATION_OK"
1567,10407079147,10407079192,1,"IOTHUB_CLIENT_CONFIRMATION_OK"
1568,10407079347,10407079387,1,"IOTHUB_CLIENT_CONFIRMATION_OK"
1569,10407079547,10407079587,1,"IOTHUB_CLIENT_CONFIRMATION_OK"
1570,10407079747,10407079801,1,"IOTHUB_CLIENT_CONFIRMATION_OK"
1571,10407079948,10407079993,1,"IOTHUB_CLIENT_CONFIRMATION_OK"
1572,10407080148,10407080196,1,"IOTHUB_CLIENT_CONFIRMATION_OK"
1573,10407080348,10407080396,1,"IOTHUB_CLIENT_CONFIRMATION_OK"
1574,10407080548,10407080603,1,"IOTHUB_CLIENT_CONFIRMATION_OK"
1575,10407080748,10407080821,1,"IOTHUB_CLIENT_CONFIRMATION_OK"
1576,10407080948,10407081007,1,"IOTHUB_CLIENT_CONFIRMATION_OK"
1577,10407081149,10407081203,1,"IOTHUB_CLIENT_CONFIRMATION_OK"
1578,10407081349,10407081381,1,"IOTHUB_CLIENT_CONFIRMATION_OK"
1579,10407081549,10407081585,1,"IOTHUB_CLIENT_CONFIRMATION_OK"
1580,10407081749,10407081809,1,"IOTHUB_CLIENT_CONFIRMATION_OK"
1581,10407081949,10407081984,1,"IOTHUB_CLIENT_CONFIRMATION_OK"
1582,10407082149,10407082192,1,"IOTHUB_CLIENT_CONFIRMATION_OK"
1583,10407082350,10407082395,1,"IOTHUB_CLIENT_CONFIRMATION_OK"
1584,10407082550,10407082623,1,"IOTHUB_CLIENT_CONFIRMATION_OK"
1585,10407082750,10407082785,1,"IOTHUB_CLIENT_CONFIRMATION_OK"
1586,10407082950,10407082995,1,"IOTHUB_CLIENT_CONFIRMATION_OK"
1587,10407083150,10407083235,1,"IOTHUB_CLIENT_CONFIRMATION_OK"
1588,10407083350,10407083389,1,"IOTHUB_CLIENT_CONFIRMATION_OK"
1589,10407083550,10407083594,1,"IOTHUB_CLIENT_CONFIRMATION_OK"
1590,10407083751,10407083828,1,"IOTHUB_CLIENT_CONFIRMATION_OK"
1591,10407083951,10407084080,1,"IOTHUB_CLIENT_CONFIRMATION_OK"
1592,10407084151,10407084197,1,"IOTHUB_CLIENT_CONFIRMATION_OK"
1593,10407084351,10407084398,1,"IOTHUB_CLIENT_CONFIRMATION_OK"
1594,10407084551,10407084601,1,"IOTHUB_CLIENT_CONFIRMATION_OK"
1595,10407084751,10407084800,1,"IOTHUB_CLIENT_CONFIRMATION_OK"
1596,10407084952,10407084997,1,"IOTHUB_CLIENT_CONFIRMATION_OK"
1597,10407085152,10407085205,1,"IOTHUB_CLIENT_CONFIRMATION_OK"
1598,10407085352,10407085602,1,"IOTHUB_CLIENT_CONFIRMATION_OK"
1599,10407085552,10407085668,1,"IOTHUB_CLIENT_CONFIRMATION_OK"
1600,10407085752,10407085791,1,"IOTHUB_CLIENT_CONFIRMATION_OK"
1601,10407085952,10407086010,1,"IOTHUB_CLIENT_CONFIRMATION_OK"
1602,10407086152,10407086190,1,"IOTHUB_CLIENT_CONFIRMATION_OK"
1603,10407086353,10407086414,1,"IOTHUB_CLIENT_CONFIRMATION_OK"
1604,10407086553,10407086594,1,"IOTHUB_CLIENT_CONFIRMATION_OK"
1605,10407086753,10407086932,1,"IOTHUB_CLIENT_CONFIRMATION_OK"
1606,10407086953,10407087029,1,"IOTHUB_CLIENT_CONFIRMATION_OK"
1607,10407087153,10407087244,1,"IOTHUB_CLIENT_CONFIRMATION_OK"
1608,10407087353,10407087411,1,"IOTHUB_CLIENT_CONFIRMATION_OK"
1609,10407087553,10407087604,1,"IOTHUB_CLIENT_CONFIRMATION_OK"
1610,10407087754,10407087803,1,"IOTHUB_CLIENT_CONFIRMATION_OK"
1611,10407087954,10407087998,1,"IOTHUB_CLIENT_CONFIRMATION_OK"
1612,10407088154,10407088367,1,"IOTHUB_CLIENT_CONFIRMATION_OK"
1613,10407088354,10407088413,1,"IOTHUB_CLIENT_CONFIRMATION_OK"
1614,10407088554,10407088605,1,"IOTHUB_CLIENT_CONFIRMATION_OK"
1615,10407088754,10407088799,1,"IOTHUB_CLIENT_CONFIRMATION_OK"
1616,10407088955,10407088994,1,"IOTHUB_CLIENT_CONFIRMATION_OK"
1617,10407089155,10407089211,1,"IOTHUB_CLIENT_CONFIRMATION_OK"
1618,10407089355,10407089398,1,"IOTHUB_CLIENT_CONFIRMATION_OK"
1619,10407089555,10407089596,1,"IOTHUB_CLIENT_CONFIRMATION_OK"
1620,10407089755,10407089796,1,"IOTHUB_CLIENT_CONFIRMATION_OK"
1621,10407089955,10407089994,1,"IOTHUB_CLIENT_CONFIRMATION_OK"
1622,10407090156,10407090200,1,"IOTHUB_CLIENT_CONFIRMATION_OK"
1623,10407090356,10407090386,1,"IOTHUB_CLIENT_CONFIRMATION_OK"
1624,10407090556,10407090603,1,"IOTHUB_CLIENT_CONFIRMATION_OK"
1625,10407090756,10407090791,1,"IOTHUB_CLIENT_CONFIRMATION_OK"
1626,10407090956,10407090997,1,"IOTHUB_CLIENT_CONFIRMATION_OK"
1627,10407091156,10407091197,1,"IOTHUB_CLIENT_CONFIRMATION_OK"
1628,10407091357,10407091391,1,"IOTHUB_CLIENT_CONFIRMATION_OK"
1629,10407091557,10407091647,1,"IOTHUB_CLIENT_CONFIRMATION_OK"
1630,10407091757,10407091818,1,"IOTHUB_CLIENT_CONFIRMATION_OK"
1631,10407091957,10407091991,1,"IOTHUB_CLIENT_CONFIRMATION_OK"
1632,10407092157,10407092214,1,"IOTHUB_CLIENT_CONFIRMATION_OK"
1633,10407092357,10407092414,1,"IOTHUB_CLIENT_CONFIRMATION_OK"
1634,10407092558,10407092629,1,"IOTHUB_CLIENT_CONFIRMATION_OK"
1635,10407092758,10407092797,1,"IOTHUB_CLIENT_CONFIRMATION_OK"
1636,10407092958,10407093012,1,"IOTHUB_CLIENT_CONFIRMATION_OK"
1637,10407093158,10407093200,1,"IOTHUB_CLIENT_CONFIRMATION_OK"
1638,10407093358,10407093461,1,"IOTHUB_CLIENT_CONFIRMATION_OK"
1639,10407093558,10407093604,1,"IOTHUB_CLIENT_CONFIRMATION_OK"
1640,10407093759,10407093796,1,"IOTHUB_CLIENT_CONFIRMATION_OK"
1641,10407093959,10407094069,1,"IOTHUB_CLIENT_CONFIRMATION_OK"
1642,10407094159,10407094190,1,"IOTHUB_CLIENT_CONFIRMATION_OK"
1643,10407094359,10407094396,1,"IOTHUB_CLIENT_CONFIRMATION_OK"
1644,10407094559,10407094682,1,"IOTHUB_CLIENT_CONFIRMATION_OK"
1645,10407094759,10407094908,1,"IOTHUB_CLIENT_CONFIRMATION_OK"
1646,10407094959,10407094993,1,"IOTHUB_CLIENT_CONFIRMATION_OK"
1647,10407095160,10407095213,1,"IOTHUB_CLIENT_CONFIRMATION_OK"
1648,10407095360,10407095527,1,"IOTHUB_CLIENT_CONFIRMATION_OK"
1649,10407095560,10407095593,1,"IOTHUB_CLIENT_CONFIRMATION_OK"
1650,10407095760,10407095802,1,"IOTHUB_CLIENT_CONFIRMATION_OK"
1651,10407095960,10407096009,1,"IOTHUB_CLIENT_CONFIRMATION_OK"
1652,10407096160,10407096221,1,"IOTHUB_CLIENT_CONFIRMATION_OK"
1653,10407096360,10407096416,1,"IOTHUB_CLIENT_CONFIRMATION_OK"
1654,10407096561,10407096604,1,"IOTHUB_CLIENT_CONFIRMATION_OK"
1655,10407096761,10407096951,1,"IOTHUB_CLIENT_CONFIRMATION_OK"
1656,10407096961,10407097026,1,"IOTHUB_CLIENT_CONFIRMATION_OK"
1657,10407097161,10407097210,1,"IOTHUB_CLIENT_CONFIRMATION_OK"
1658,10407097361,10407097433,1,"IOTHUB_CLIENT_CONFIRMATION_OK"
1659,10407097561,10407097604,1,"IOTHUB_CLIENT_CONFIRMATION_OK"
1660,10407097762,10407097806,1,"IOTHUB_CLIENT_CONFIRMATION_OK"
1661,10407097962,10407098020,1,"IOTHUB_CLIENT_CONFIRMATION_OK"
1662,10407098162,10407098356,1,"IOTHUB_CLIENT_CONFIRMATION_OK"
1663,10407098362,10407098414,1,"IOTHUB_CLIENT_CONFIRMATION_OK"
1664,10407098562,10407098660,1,"IOTHUB_CLIENT_CONFIRMATION_OK"
1665,10407098762,10407098800,1,"IOTHUB_CLIENT_CONFIRMATION_OK"
1666,10407098962,10407099002,1,"IOTHUB_CLIENT_CONFIRMATION_OK"
1667,10407099163,10407099212,1,"IOTHUB_CLIENT_CONFIRMATION_OK"
1668,10407099363,10407099397,1,"IOTHUB_CLIENT_CONFIRMATION_OK"
1669,10407099563,10407099600,1,"IOTHUB_CLIENT_CONFIRMATION_OK"
1670,10407099763,10407099803,1,"IOTHUB_CLIENT_CONFIRMATION_OK"
1671,10407099963,10407100023,1,"IOTHUB_CLIENT_CONFIRMATION_OK"
1672,10407100163,10407100198,1,"IOTHUB_CLIENT_CONFIRMATION_OK"
1673,10407100364,10407100455,1,"IOTHUB_CLIENT_CONFIRMATION_OK"
1674,10407100564,10407100640,1,"IOTHUB_CLIENT_CONFIRMATION_OK"
1675,10407100764,10407100794,1,"IOTHUB_CLIENT_CONFIRMATION_OK"
1676,10407100964,10407101016,1,"IOTHUB_CLIENT_CONFIRMATION_OK"
1677,10407101164,10407101246,1,"IOTHUB_CLIENT_CONFIRMATION_OK"
1678,10407101364,10407101412,1,"IOTHUB_CLIENT_CONFIRMATION_OK"
1679,10407101564,10407101596,1,"IOTHUB_CLIENT_CONFIRMATION_OK"
1680,10407101765,10407101939,1,"IOTHUB_CLIENT_CONFIRMATION_OK"
1681,10407101965,10407101999,1,"IOTHUB_CLIENT_CONFIRMATION_OK"
1682,10407102165,10407102343,1,"IOTHUB_CLIENT_CONFIRMATION_OK"
1683,10407102365,10407102446,1,"IOTHUB_CLIENT_CONFIRMATION_OK"
1684,10407102565,10407102599,1,"IOTHUB_CLIENT_CONFIRMATION_OK"
1685,10407102765,10407102808,1,"IOTHUB_CLIENT_CONFIRMATION_OK"
1686,10407102966,10407103012,1,"IOTHUB_CLIENT_CONFIRMATION_OK"
1687,10407103166,10407103397,1,"IOTHUB_CLIENT_CONFIRMATION_OK"
1688,10407103366,10407103440,1,"IOTHUB_CLIENT_CONFIRMATION_OK"
1689,10407103566,10407103603,1,"IOTHUB_CLIENT_CONFIRMATION_OK"
1690,10407103766,10407103811,1,"IOTHUB_CLIENT_CONFIRMATION_OK"
1691,10407103966,10407104001,1,"IOTHUB_CLIENT_CONFIRMATION_OK"
1692,10407104166,10407104207,1,"IOTHUB_CLIENT_CONFIRMATION_OK"
1693,10407104367,10407104430,1,"IOTHUB_CLIENT_CONFIRMATION_OK"
1694,10407104567,10407104651,1,"IOTHUB_CLIENT_CONFIRMATION_OK"
1695,10407104767,10407104830,1,"IOTHUB_CLIENT_CONFIRMATION_OK"
1696,10407104967,10407105027,1,"IOTHUB_CLIENT_CONFIRMATION_OK"
1697,10407105167,10407105202,1,"IOTHUB_CLIENT_CONFIRMATION_OK"
1698,10407105367,10407105467,1,"IOTHUB_CLIENT_CONFIRMATION_OK"
1699,10407105568,10407105617,1,"IOTHUB_CLIENT_CONFIRMATION_OK"
1700,10407105768,10407105812,1,"IOTHUB_CLIENT_CONFIRMATION_OK"
1701,10407105968,10407106011,1,"IOTHUB_CLIENT_CONFIRMATION_OK"
1702,10407106168,10407106237,1,"IOTHUB_CLIENT_CONFIRMATION_OK"
1703,10407106368,10407106407,1,"IOTHUB_CLIENT_CONFIRMATION_OK"
1704,10407106568,10407106609,1,"IOTHUB_CLIENT_CONFIRMATION_OK"
1705,10407106768,10407106827,1,"IOTHUB_CLIENT_CONFIRMATION_OK"
1706,10407106969,10407107005,1,"IOTHUB_CLIENT_CONFIRMATION_OK"
1707,10407107169,10407107210,1,"IOTHUB_CLIENT_CONFIRMATION_OK"
1708,10407107369,10407107403,1,"IOTHUB_CLIENT_CONFIRMATION_OK"
1709,10407107569,10407107809,1,"IOTHUB_CLIENT_CONFIRMATION_OK"
1710,10407107769,10407107845,1,"IOTHUB_CLIENT_CONFIRMATION_OK"
1711,10407107969,10407108052,1,"IOTHUB_CLIENT_CONFIRMATION_OK"
1712,10407108170,10407108254,1,"IOTHUB_CLIENT_CONFIRMATION_OK"
1713,10407108370,10407108410,1,"IOTHUB_CLIENT_CONFIRMATION_OK"
1714,10407108570,10407108685,1,"IOTHUB_CLIENT_CONFIRMATION_OK"
1715,10407108770,10407108806,1,"IOTHUB_CLIENT_CONFIRMATION_OK"
1716,10407108970,10407109065,1,"IOTHUB_CLIENT_CONFIRMATION_OK"
1717,10407109170,10407109226,1,"IOTHUB_CLIENT_CONFIRMATION_OK"
1718,10407109370,10407109415,1,"IOTHUB_CLIENT_CONFIRMATION_OK"
1719,10407109571,10407109618,1,"IOTHUB_CLIENT_CONFIRMATION_OK"
1720,10407109771,10407109815,1,"IOTHUB_CLIENT_CONFIRMATION_OK"
1721,10407109971,10407110016,1,"IOTHUB_CLIENT_CONFIRMATION_OK"
1722,10407110171,10407110203,1,"IOTHUB_CLIENT_CONFIRMATION_OK"
1723,10407110371,10407110479,1,"IOTHUB_CLIENT_CONFIRMATION_OK"
1724,10407110571,10407110631,1,"IOTHUB_CLIENT_CONFIRMATION_OK"
1725,10407110772,10407110828,1,"IOTHUB_CLIENT_CONFIRMATION_OK"
1726,10407110972,10407111012,1,"IOTHUB_CLIENT_CONFIRMATION_OK"
1727,10407111172,10407111218,1,"IOTHUB_CLIENT_CONFIRMATION_OK"
1728,10407111372,10407111433,1,"IOTHUB_CLIENT_CONFIRMATION_OK"
1729,10407111572,10407111631,1,"IOTHUB_CLIENT_CONFIRMATION_OK"
1730,10407111772,10407111953,1,"IOTHUB_CLIENT_CONFIRMATION_OK"
1731,10407111972,10407112020,1,"IOTHUB_CLIENT_CONFIRMATION_OK"
1732,10407112173,10407112206,1,"IOTHUB_CLIENT_CONFIRMATION_OK"
1733,10407112373,10407112408,1,"IOTHUB_CLIENT_CONFIRMATION_OK"
1734,10407112573,10407112606,1,"IOTHUB_CLIENT_CONFIRMATION_OK"
1735,10407112773,10407112810,1,"IOTHUB_CLIENT_CONFIRMATION_OK"
1736,10407112973,10407113006,1,"IOTHUB_CLIENT_CONFIRMATION_OK"
1737,10407113173,10407113338,1,"IOTHUB_CLIENT_CONFIRMATION_OK"
1738,10407113374,10407113418,1,"IOTHUB_CLIENT_CONFIRMATION_OK"
1739,10407113574,10407113623,1,"IOTHUB_CLIENT_CONFIRMATION_OK"
1740,10407113774,10407113838,1,"IOTHUB_CLIENT_CONFIRMATION_OK"
1741,10407113974,10407114014,1,"IOTHUB_CLIENT_CONFIRMATION_OK"
1742,10407114174,10407114238,1,"IOTHUB_CLIENT_CONFIRMATION_OK"
1743,10407114374,10407114425,1,"IOTHUB_CLIENT_CONFIRMATION_OK"
1744,10407114574,10407114628,1,"IOTHUB_CLIENT_CONFIRMATION_OK"
1745,10407114775,10407114851,1,"IOTHUB_CLIENT_CONFIRMATION_OK"
1746,10407114975,10407115030,1,"IOTHUB_CLIENT_CONFIRMATION_OK"
1747,10407115175,10407115237,1,"IOTHUB_CLIENT_CONFIRMATION_OK"
1748,10407115375,10407115407,1,"IOTHUB_CLIENT_CONFIRMATION_OK"
1749,10407115575,10407115624,1,"IOTHUB_CLIENT_CONFIRMATION_OK"
1750,10407115775,10407115806,1,"IOTHUB_CLIENT_CONFIRMATION_OK"
1751,10407115975,10407116021,1,"IOTHUB_CLIENT_CONFIRMATION_OK"
1752,10407116178,10407116233,1,"IOTHUB_CLIENT_CONFIRMATION_OK"
1753,10407116378,10407116447,1,"IOTHUB_CLIENT_CONFIRMATION_OK"
1754,10407116578,10407116645,1,"IOTHUB_CLIENT_CONFIRMATION_OK"
1755,10407116778,10407116828,1,"IOTHUB_CLIENT_CONFIRMATION_OK"
1756,10407116979,10407117026,1,"IOTHUB_CLIENT_CONFIRMATION_OK"
1757,10407117179,10407117211,1,"IOTHUB_CLIENT_CONFIRMATION_OK"
1758,10407117379,10407117415,1,"IOTHUB_CLIENT_CONFIRMATION_OK"
1759,10407117579,10407117666,1,"IOTHUB_CLIENT_CONFIRMATION_OK"
1760,10407117779,10407117851,1,"IOTHUB_CLIENT_CONFIRMATION_OK"
1761,10407117979,10407118029,1,"IOTHUB_CLIENT_CONFIRMATION_OK"
1762,10407118179,10407118245,1,"IOTHUB_CLIENT_CONFIRMATION_OK"
1763,10407118380,10407118410,1,"IOTHUB_CLIENT_CONFIRMATION_OK"
1764,10407118580,10407118632,1,"IOTHUB_CLIENT_CONFIRMATION_OK"
1765,10407118780,10407118830,1,"IOTHUB_CLIENT_CONFIRMATION_OK"
1766,10407118980,10407119084,1,"IOTHUB_CLIENT_CONFIRMATION_OK"
1767,10407119180,10407119216,1,"IOTHUB_CLIENT_CONFIRMATION_OK"
1768,10407119380,10407119415,1,"IOTHUB_CLIENT_CONFIRMATION_OK"
1769,10407119580,10407119621,1,"IOTHUB_CLIENT_CONFIRMATION_OK"
1770,10407119781,10407119856,1,"IOTHUB_CLIENT_CONFIRMATION_OK"
1771,10407119981,10407120038,1,"IOTHUB_CLIENT_CONFIRMATION_OK"
1772,10407120181,10407120226,1,"IOTHUB_CLIENT_CONFIRMATION_OK"
1773,10407120381,10407120549,1,"IOTHUB_CLIENT_CONFIRMATION_OK"
1774,10407120581,10407120623,1,"IOTHUB_CLIENT_CONFIRMATION_OK"
1775,10407120781,10407120820,1,"IOTHUB_CLIENT_CONFIRMATION_OK"
1776,10407120982,10407121034,1,"IOTHUB_CLIENT_CONFIRMATION_OK"
1777,10407121182,10407121247,1,"IOTHUB_CLIENT_CONFIRMATION_OK"
1778,10407121382,10407121426,1,"IOTHUB_CLIENT_CONFIRMATION_OK"
1779,10407121582,10407121631,1,"IOTHUB_CLIENT_CONFIRMATION_OK"
1780,10407121782,10407121838,1,"IOTHUB_CLIENT_CONFIRMATION_OK"
1781,10407121982,10407122024,1,"IOTHUB_CLIENT_CONFIRMATION_OK"
1782,10407122182,10407122221,1,"IOTHUB_CLIENT_CONFIRMATION_OK"
1783,10407122383,10407122433,1,"IOTHUB_CLIENT_CONFIRMATION_OK"
1784,10407122583,10407122642,1,"IOTHUB_CLIENT_CONFIRMATION_OK"
1785,10407122783,10407122831,1,"IOTHUB_CLIENT_CONFIRMATION_OK"
1786,10407122983,10407123021,1,"IOTHUB_CLIENT_CONFIRMATION_OK"
1787,10407123183,10407123230,1,"IOTHUB_CLIENT_CONFIRMATION_OK"
1788,10407123383,10407123433,1,"IOTHUB_CLIENT_CONFIRMATION_OK"
1789,10407123584,10407123630,1,"IOTHUB_CLIENT_CONFIRMATION_OK"
1790,10407123784,10407123826,1,"IOTHUB_CLIENT_CONFIRMATION_OK"
1791,10407123984,10407124072,1,"IOTHUB_CLIENT_CONFIRMATION_OK"
1792,10407124184,10407124260,1,"IOTHUB_CLIENT_CONFIRMATION_OK"
1793,10407124384,10407124428,1,"IOTHUB_CLIENT_CONFIRMATION_OK"
1794,10407124584,10407124633,1,"IOTHUB_CLIENT_CONFIRMATION_OK"
1795,10407124785,10407124838,1,"IOTHUB_CLIENT_CONFIRMATION_OK"
1796,10407124985,10407125039,1,"IOTHUB_CLIENT_CONFIRMATION_OK"
1797,10407125185,10407125234,1,"IOTHUB_CLIENT_CONFIRMATION_OK"
1798,10407125385,10407125483,1,"IOTHUB_CLIENT_CONFIRMATION_OK"
1799,10407125585,10407125628,1,"IOTHUB_CLIENT_CONFIRMATION_OK"
1800,10407125785,10407125818,1,"IOTHUB_CLIENT_CONFIRMATION_OK"
1801,10407125985,10407126017,1,"IOTHUB_CLIENT_CONFIRMATION_OK"
1802,10407126186,10407126225,1,"IOTHUB_CLIENT_CONFIRMATION_OK"
1803,10407126386,10407126423,1,"IOTHUB_CLIENT_CONFIRMATION_OK"
1804,10407126586,10407126636,1,"IOTHUB_CLIENT_CONFIRMATION_OK"
1805,10407126786,10407126924,1,"IOTHUB_CLIENT_CONFIRMATION_OK"
1806,10407126986,10407127021,1,"IOTHUB_CLIENT_CONFIRMATION_OK"
1807,10407127186,10407127247,1,"IOTHUB_CLIENT_CONFIRMATION_OK"
1808,10407127386,10407127442,1,"IOTHUB_CLIENT_CONFIRMATION_OK"
1809,10407127587,10407127663,1,"IOTHUB_CLIENT_CONFIRMATION_OK"
1810,10407127787,10407127829,1,"IOTHUB_CLIENT_CONFIRMATION_OK"
1811,10407127987,10407128039,1,"IOTHUB_CLIENT_CONFIRMATION_OK"
1812,10407128187,10407128337,1,"IOTHUB_CLIENT_CONFIRMATION_OK"
1813,10407128387,10407128423,1,"IOTHUB_CLIENT_CONFIRMATION_OK"
1814,10407128587,10407128641,1,"IOTHUB_CLIENT_CONFIRMATION_OK"
1815,10407128788,10407128835,1,"IOTHUB_CLIENT_CONFIRMATION_OK"
1816,10407128988,10407129027,1,"IOTHUB_CLIENT_CONFIRMATION_OK"
1817,10407129188,10407129244,1,"IOTHUB_CLIENT_CONFIRMATION_OK"
1818,10407129388,10407129425,1,"IOTHUB_CLIENT_CONFIRMATION_OK"
1819,10407129588,10407129630,1,"IOTHUB_CLIENT_CONFIRMATION_OK"
1820,10407129788,10407129836,1,"IOTHUB_CLIENT_CONFIRMATION_OK"
1821,10407129988,10407130078,1,"IOTHUB_CLIENT_CONFIRMATION_OK"
1822,10407130189,10407130291,1,"IOTHUB_CLIENT_CONFIRMATION_OK"
1823,10407130389,10407130472,1,"IOTHUB_CLIENT_CONFIRMATION_OK"
1824,10407130589,10407130630,1,"IOTHUB_CLIENT_CONFIRMATION_OK"
1825,10407130789,10407130828,1,"IOTHUB_CLIENT_CONFIRMATION_OK"
1826,10407130989,10407131042,1,"IOTHUB_CLIENT_CONFIRMATION_OK"
1827,10407131189,10407131303,1,"IOTHUB_CLIENT_CONFIRMATION_OK"
1828,10407131390,10407131436,1,"IOTHUB_CLIENT_CONFIRMATION_OK"
1829,10407131590,10407131626,1,"IOTHUB_CLIENT_CONFIRMATION_OK"
1830,10407131790,10407131896,1,"IOTHUB_CLIENT_CONFIRMATION_OK"
1831,10407131990,10407132051,1,"IOTHUB_CLIENT_CONFIRMATION_OK"
1832,10407132190,10407132263,1,"IOTHUB_CLIENT_CONFIRMATION_OK"
1833,10407132390,10407132427,1,"IOTHUB_CLIENT_CONFIRMATION_OK"
1834,10407132591,10407132680,1,"IOTHUB_CLIENT_CONFIRMATION_OK"
1835,10407132791,10407132847,1,"IOTHUB_CLIENT_CONFIRMATION_OK"
1836,10407132991,10407133039,1,"IOTHUB_CLIENT_CONFIRMATION_OK"
1837,10407133191,10407133288,1,"IOTHUB_CLIENT_CONFIRMATION_OK"
1838,10407133391,10407133437,1,"IOTHUB_CLIENT_CONFIRMATION_OK"
1839,10407133591,10407133746,1,"IOTHUB_CLIENT_CONFIRMATION_OK"
1840,10407133791,10407133842,1,"IOTHUB_CLIENT_CONFIRMATION_OK"
1841,10407133992,10407134031,1,"IOTHUB_CLIENT_CONFIRMATION_OK"
1842,10407134192,10407134238,1,"IOTHUB_CLIENT_CONFIRMATION_OK"
1843,10407134392,10407134452,1,"IOTHUB_CLIENT_CONFIRMATION_OK"
1844,10407134592,10407134626,1,"IOTHUB_CLIENT_CONFIRMATION_OK"
1845,10407134792,10407134825,1,"IOTHUB_CLIENT_CONFIRMATION_OK"
1846,10407134992,10407135040,1,"IOTHUB_CLIENT_CONFIRMATION_OK"
1847,10407135192,10407135242,1,"IOTHUB_CLIENT_CONFIRMATION_OK"
1848,10407135393,10407135438,1,"IOTHUB_CLIENT_CONFIRMATION_OK"
1849,10407135593,10407135633,1,"IOTHUB_CLIENT_CONFIRMATION_OK"
1850,10407135793,10407135898,1,"IOTHUB_CLIENT_CONFIRMATION_OK"
1851,10407135993,10407136042,1,"IOTHUB_CLIENT_CONFIRMATION_OK"
1852,10407136193,10407136254,1,"IOTHUB_CLIENT_CONFIRMATION_OK"
1853,10407136393,10407136427,1,"IOTHUB_CLIENT_CONFIRMATION_OK"
1854,10407136594,10407136640,1,"IOTHUB_CLIENT_CONFIRMATION_OK"
1855,10407136794,10407136842,1,"IOTHUB_CLIENT_CONFIRMATION_OK"
1856,10407136994,10407137030,1,"IOTHUB_CLIENT_CONFIRMATION_OK"
1857,10407137194,10407137252,1,"IOTHUB_CLIENT_CONFIRMATION_OK"
1858,10407137394,10407137441,1,"IOTHUB_CLIENT_CONFIRMATION_OK"
1859,10407137594,10407137660,1,"IOTHUB_CLIENT_CONFIRMATION_OK"
1860,10407137794,10407137838,1,"IOTHUB_CLIENT_CONFIRMATION_OK"
1861,10407137995,10407138043,1,"IOTHUB_CLIENT_CONFIRMATION_OK"
1862,10407138195,10407138243,1,"IOTHUB_CLIENT_CONFIRMATION_OK"
1863,10407138395,10407138438,1,"IOTHUB_CLIENT_CONFIRMATION_OK"
1864,10407138595,10407138650,1,"IOTHUB_CLIENT_CONFIRMATION_OK"
1865,10407138795,10407138844,1,"IOTHUB_CLIENT_CONFIRMATION_OK"
1866,10407138996,10407139078,1,"IOTHUB_CLIENT_CONFIRMATION_OK"
1867,10407139196,10407139257,1,"IOTHUB_CLIENT_CONFIRMATION_OK"
1868,10407139396,10407139447,1,"IOTHUB_CLIENT_CONFIRMATION_OK"
1869,10407139596,10407139643,1,"IOTHUB_CLIENT_CONFIRMATION_OK"
1870,10407139796,10407139832,1,"IOTHUB_CLIENT_CONFIRMATION_OK"
1871,10407139996,10407140051,1,"IOTHUB_CLIENT_CONFIRMATION_OK"
1872,10407140196,10407140229,1,"IOTHUB_CLIENT_CONFIRMATION_OK"
1873,10407140397,10407140573,1,"IOTHUB_CLIENT_CONFIRMATION_OK"
1874,10407140612,10407140646,1,"IOTHUB_CLIENT_CONFIRMATION_OK"
1875,10407140812,10407140843,1,"IOTHUB_CLIENT_CONFIRMATION_OK"
1876,10407141012,10407141129,1,"IOTHUB_CLIENT_CONFIRMATION_OK"
1877,10407141212,10407141664,1,"IOTHUB_CLIENT_CONFIRMATION_OK"
1878,10407141412,10407141746,1,"IOTHUB_CLIENT_CONFIRMATION_OK"
1879,10407141612,10407141795,1,"IOTHUB_CLIENT_CONFIRMATION_OK"
1880,10407141812,10407141981,1,"IOTHUB_CLIENT_CONFIRMATION_OK"
1881,10407142013,10407142062,1,"IOTHUB_CLIENT_CONFIRMATION_OK"
1882,10407142213,10407142256,1,"IOTHUB_CLIENT_CONFIRMATION_OK"
1883,10407142413,10407142455,1,"IOTHUB_CLIENT_CONFIRMATION_OK"
1884,10407142613,10407142649,1,"IOTHUB_CLIENT_CONFIRMATION_OK"
1885,10407142813,10407142845,1,"IOTHUB_CLIENT_CONFIRMATION_OK"
1886,10407143013,10407143046,1,"IOTHUB_CLIENT_CONFIRMATION_OK"
1887,10407143214,10407143441,1,"IOTHUB_CLIENT_CONFIRMATION_OK"
1888,10407143414,10407143454,1,"IOTHUB_CLIENT_CONFIRMATION_OK"
1889,10407143614,10407143652,1,"IOTHUB_CLIENT_CONFIRMATION_OK"
1890,10407143814,10407143918,1,"IOTHUB_CLIENT_CONFIRMATION_OK"
1891,10407144014,10407144071,1,"IOTHUB_CLIENT_CONFIRMATION_OK"
1892,10407144214,10407144258,1,"IOTHUB_CLIENT_CONFIRMATION_OK"
1893,10407144415,10407144481,1,"IOTHUB_CLIENT_CONFIRMATION_OK"
1894,10407144615,10407144647,1,"IOTHUB_CLIENT_CONFIRMATION_OK"
1895,10407144815,10407144849,1,"IOTHUB_CLIENT_CONFIRMATION_OK"
1896,10407145015,10407145046,1,"IOTHUB_CLIENT_CONFIRMATION_OK"
1897,10407145215,10407145247,1,"IOTHUB_CLIENT_CONFIRMATION_OK"
1898,10407145415,10407145475,1,"IOTHUB_CLIENT_CONFIRMATION_OK"
1899,10407145616,10407145661,1,"IOTHUB_CLIENT_CONFIRMATION_OK"
1900,10407145816,10407145857,1,"IOTHUB_CLIENT_CONFIRMATION_OK"
1901,10407146016,10407146048,1,"IOTHUB_CLIENT_CONFIRMATION_OK"
1902,10407146216,10407146263,1,"IOTHUB_CLIENT_CONFIRMATION_OK"
1903,10407146416,10407146456,1,"IOTHUB_CLIENT_CONFIRMATION_OK"
1904,10407146616,10407146652,1,"IOTHUB_CLIENT_CONFIRMATION_OK"
1905,10407146816,10407146911,1,"IOTHUB_CLIENT_CONFIRMATION_OK"
1906,10407147017,10407147079,1,"IOTHUB_CLIENT_CONFIRMATION_OK"
1907,10407147217,10407147255,1,"IOTHUB_CLIENT_CONFIRMATION_OK"
1908,10407147417,10407147449,1,"IOTHUB_CLIENT_CONFIRMATION_OK"
1909,10407147617,10407147657,1,"IOTHUB_CLIENT_CONFIRMATION_OK"
1910,10407147817,10407147875,1,"IOTHUB_CLIENT_CONFIRMATION_OK"
1911,10407148017,10407148092,1,"IOTHUB_CLIENT_CONFIRMATION_OK"
1912,10407148218,10407148309,1,"IOTHUB_CLIENT_CONFIRMATION_OK"
1913,10407148418,10407148450,1,"IOTHUB_CLIENT_CONFIRMATION_OK"
1914,10407148618,10407148650,1,"IOTHUB_CLIENT_CONFIRMATION_OK"
1915,10407148818,10407148857,1,"IOTHUB_CLIENT_CONFIRMATION_OK"
1916,10407149018,10407149167,1,"IOTHUB_CLIENT_CONFIRMATION_OK"
1917,10407149218,10407149250,1,"IOTHUB_CLIENT_CONFIRMATION_OK"
1918,10407149418,10407149453,1,"IOTHUB_CLIENT_CONFIRMATION_OK"
1919,10407149619,10407149670,1,"IOTHUB_CLIENT_CONFIRMATION_OK"
1920,10407149819,10407149896,1,"IOTHUB_CLIENT_CONFIRMATION_OK"
1921,10407150019,10407150062,1,"IOTHUB_CLIENT_CONFIRMATION_OK"
1922,10407150219,10407150250,1,"IOTHUB_CLIENT_CONFIRMATION_OK"
1923,10407150419,10407150663,1,"IOTHUB_CLIENT_CONFIRMATION_OK"
1924,10407150619,10407150713,1,"IOTHUB_CLIENT_CONFIRMATION_OK"
1925,10407150820,10407150860,1,"IOTHUB_CLIENT_CONFIRMATION_OK"
1926,10407151020,10407151051,1,"IOTHUB_CLIENT_CONFIRMATION_OK"
1927,10407151220,10407151278,1,"IOTHUB_CLIENT_CONFIRMATION_OK"
1928,10407151420,10407151494,1,"IOTHUB_CLIENT_CONFIRMATION_OK"
1929,10407151620,10407151674,1,"IOTHUB_CLIENT_CONFIRMATION_OK"
1930,10407151820,10407151901,1,"IOTHUB_CLIENT_CONFIRMATION_OK"
1931,10407152021,10407152064,1,"IOTHUB_CLIENT_CONFIRMATION_OK"
1932,10407152221,10407152292,1,"IOTHUB_CLIENT_CONFIRMATION_OK"
1933,10407152421,10407152453,1,"IOTHUB_CLIENT_CONFIRMATION_OK"
1934,10407152621,10407152665,1,"IOTHUB_CLIENT_CONFIRMATION_OK"
1935,10407152821,10407152854,1,"IOTHUB_CLIENT_CONFIRMATION_OK"
1936,10407153021,10407153084,1,"IOTHUB_CLIENT_CONFIRMATION_OK"
1937,10407153221,10407153555,1,"IOTHUB_CLIENT_CONFIRMATION_OK"
1938,10407153422,10407153589,1,"IOTHUB_CLIENT_CONFIRMATION_OK"
1939,10407153622,10407153658,1,"IOTHUB_CLIENT_CONFIRMATION_OK"
1940,10407153822,10407153898,1,"IOTHUB_CLIENT_CONFIRMATION_OK"
1941,10407154022,10407154060,1,"IOTHUB_CLIENT_CONFIRMATION_OK"
1942,10407154222,10407154262,1,"IOTHUB_CLIENT_CONFIRMATION_OK"
1943,10407154422,10407154451,1,"IOTHUB_CLIENT_CONFIRMATION_OK"
1944,10407154622,10407154684,1,"IOTHUB_CLIENT_CONFIRMATION_OK"
1945,10407154823,10407154857,1,"IOTHUB_CLIENT_CONFIRMATION_OK"
1946,10407155023,10407155054,1,"IOTHUB_CLIENT_CONFIRMATION_OK"
1947,10407155223,10407155277,1,"IOTHUB_CLIENT_CONFIRMATION_OK"
1948,10407155423,10407155525,1,"IOTHUB_CLIENT_CONFIRMATION_OK"
1949,10407155623,10407155723,1,"IOTHUB_CLIENT_CONFIRMATION_OK"
1950,10407155823,10407155854,1,"IOTHUB_CLIENT_CONFIRMATION_OK"
1951,10407156023,10407156071,1,"IOTHUB_CLIENT_CONFIRMATION_OK"
1952,10407156224,10407156269,1,"IOTHUB_CLIENT_CONFIRMATION_OK"
1953,10407156424,10407156462,1,"IOTHUB_CLIENT_CONFIRMATION_OK"
1954,10407156624,10407156672,1,"IOTHUB_CLIENT_CONFIRMATION_OK"
1955,10407156824,10407156945,1,"IOTHUB_CLIENT_CONFIRMATION_OK"
1956,10407157024,10407157065,1,"IOTHUB_CLIENT_CONFIRMATION_OK"
1957,10407157224,10407157264,1,"IOTHUB_CLIENT_CONFIRMATION_OK"
1958,10407157425,10407157467,1,"IOTHUB_CLIENT_CONFIRMATION_OK"
1959,10407157625,10407157673,1,"IOTHUB_CLIENT_CONFIRMATION_OK"
1960,10407157825,10407157892,1,"IOTHUB_CLIENT_CONFIRMATION_OK"
1961,10407158025,10407158069,1,"IOTHUB_CLIENT_CONFIRMATION_OK"
1962,10407158225,10407158388,1,"IOTHUB_CLIENT_CONFIRMATION_OK"
1963,10407158425,10407158569,1,"IOTHUB_CLIENT_CONFIRMATION_OK"
1964,10407158625,10407158661,1,"IOTHUB_CLIENT_CONFIRMATION_OK"
1965,10407158826,10407158888,1,"IOTHUB_CLIENT_CONFIRMATION_OK"
1966,10407159026,10407159073,1,"IOTHUB_CLIENT_CONFIRMATION_OK"
1967,10407159226,10407159256,1,"IOTHUB_CLIENT_CONFIRMATION_OK"
1968,10407159426,10407159460,1,"IOTHUB_CLIENT_CONFIRMATION_OK"
1969,10407159626,10407159666,1,"IOTHUB_CLIENT_CONFIRMATION_OK"
1970,10407159826,10407159860,1,"IOTHUB_CLIENT_CONFIRMATION_OK"
1971,10407160026,10407160063,1,"IOTHUB_CLIENT_CONFIRMATION_OK"
1972,10407160227,10407160266,1,"IOTHUB_CLIENT_CONFIRMATION_OK"
1973,10407160427,10407160470,1,"IOTHUB_CLIENT_CONFIRMATION_OK"
1974,10407160627,10407160681,1,"IOTHUB_CLIENT_CONFIRMATION_OK"
1975,10407160827,10407160924,1,"IOTHUB_CLIENT_CONFIRMATION_OK"
1976,10407161027,10407161081,1,"IOTHUB_CLIENT_CONFIRMATION_OK"
1977,10407161227,10407161330,1,"IOTHUB_CLIENT_CONFIRMATION_OK"
1978,10407161428,10407161496,1,"IOTHUB_CLIENT_CONFIRMATION_OK"
1979,10407161628,10407161668,1,"IOTHUB_CLIENT_CONFIRMATION_OK"
1980,10407161828,10407161926,1,"IOTHUB_CLIENT_CONFIRMATION_OK"
1981,10407162028,10407162062,1,"IOTHUB_CLIENT_CONFIRMATION_OK"
1982,10407162228,10407162308,1,"IOTHUB_CLIENT_CONFIRMATION_OK"
1983,10407162428,10407162494,1,"IOTHUB_CLIENT_CONFIRMATION_OK"
1984,10407162628,10407162719,1,"IOTHUB_CLIENT_CONFIRMATION_OK"
1985,10407162829,10407162862,1,"IOTHUB_CLIENT_CONFIRMATION_OK"
1986,10407163029,10407163092,1,"IOTHUB_CLIENT_CONFIRMATION_OK"
1987,10407163229,10407163375,1,"IOTHUB_CLIENT_CONFIRMATION_OK"
1988,10407163429,10407163597,1,"IOTHUB_CLIENT_CONFIRMATION_OK"
1989,10407163629,10407163664,1,"IOTHUB_CLIENT_CONFIRMATION_OK"
1990,10407163829,10407163868,1,"IOTHUB_CLIENT_CONFIRMATION_OK"
1991,10407164030,10407164075,1,"IOTHUB_CLIENT_CONFIRMATION_OK"
1992,10407164230,10407164330,1,"IOTHUB_CLIENT_CONFIRMATION_OK"
1993,10407164430,10407164477,1,"IOTHUB_CLIENT_CONFIRMATION_OK"
1994,10407164630,10407164678,1,"IOTHUB_CLIENT_CONFIRMATION_OK"
1995,10407164830,10407164861,1,"IOTHUB_CLIENT_CONFIRMATION_OK"
1996,10407165030,10407165076,1,"IOTHUB_CLIENT_CONFIRMATION_OK"
1997,10407165231,10407165270,1,"IOTHUB_CLIENT_CONFIRMATION_OK"
1998,10407165431,10407165590,1,"IOTHUB_CLIENT_CONFIRMATION_OK"
1999,10407165631,10407165702,1,"IOTHUB_CLIENT_CONFIRMATION_OK"
2000,10407165831,10407165872,1,"IOTHUB_CLIENT_CONFIRMATION_OK"
2001,10407166031,10407166065,1,"IOTHUB_CLIENT_CONFIRMATION_OK"
2002,10407166231,10407166293,1,"IOTHUB_CLIENT_CONFIRMATION_OK"
2003,10407166431,10407166485,1,"IOTHUB_CLIENT_CONFIRMATION_OK"
2004,10407166632,10407166667,1,"IOTHUB_CLIENT_CONFIRMATION_OK"
2005,10407166832,10407166893,1,"IOTHUB_CLIENT_CONFIRMATION_OK"
2006,10407167032,10407167165,1,"IOTHUB_CLIENT_CONFIRMATION_OK"
2007,10407167232,10407167281,1,"IOTHUB_CLIENT_CONFIRMATION_OK"
2008,10407167432,10407167475,1,"IOTHUB_CLIENT_CONFIRMATION_OK"
2009,10407167632,10407167699,1,"IOTHUB_CLIENT_CONFIRMATION_OK"
2010,10407167833,10407167863,1,"IOTHUB_CLIENT_CONFIRMATION_OK"
2011,10407168033,10407168066,1,"IOTHUB_CLIENT_CONFIRMATION_OK"
2012,10407168233,10407168445,1,"IOTHUB_CLIENT_CONFIRMATION_OK"
2013,10407168433,10407168493,1,"IOTHUB_CLIENT_CONFIRMATION_OK"
2014,10407168633,10407168666,1,"IOTHUB_CLIENT_CONFIRMATION_OK"
2015,10407168833,10407168868,1,"IOTHUB_CLIENT_CONFIRMATION_OK"
2016,10407169033,10407169179,1,"IOTHUB_CLIENT_CONFIRMATION_OK"
2017,10407169234,10407169268,1,"IOTHUB_CLIENT_CONFIRMATION_OK"
2018,10407169434,10407169466,1,"IOTHUB_CLIENT_CONFIRMATION_OK"
2019,10407169634,10407169666,1,"IOTHUB_CLIENT_CONFIRMATION_OK"
2020,10407169834,10407169867,1,"IOTHUB_CLIENT_CONFIRMATION_OK"
2021,10407170034,10407170066,1,"IOTHUB_CLIENT_CONFIRMATION_OK"
2022,10407170234,10407170293,1,"IOTHUB_CLIENT_CONFIRMATION_OK"
2023,10407170435,10407170525,1,"IOTHUB_CLIENT_CONFIRMATION_OK"
2024,10407170635,10407170672,1,"IOTHUB_CLIENT_CONFIRMATION_OK"
2025,10407170835,10407170887,1,"IOTHUB_CLIENT_CONFIRMATION_OK"
2026,10407171035,10407171070,1,"IOTHUB_CLIENT_CONFIRMATION_OK"
2027,10407171235,10407171266,1,"IOTHUB_CLIENT_CONFIRMATION_OK"
2028,10407171435,10407171482,1,"IOTHUB_CLIENT_CONFIRMATION_OK"
2029,10407171635,10407171685,1,"IOTHUB_CLIENT_CONFIRMATION_OK"
2030,10407171836,10407171939,1,"IOTHUB_CLIENT_CONFIRMATION_OK"
2031,10407172036,10407172067,1,"IOTHUB_CLIENT_CONFIRMATION_OK"
2032,10407172236,10407172273,1,"IOTHUB_CLIENT_CONFIRMATION_OK"
2033,10407172436,10407172477,1,"IOTHUB_CLIENT_CONFIRMATION_OK"
2034,10407172636,10407172682,1,"IOTHUB_CLIENT_CONFIRMATION_OK"
2035,10407172836,10407172871,1,"IOTHUB_CLIENT_CONFIRMATION_OK"
2036,10407173037,10407173070,1,"IOTHUB_CLIENT_CONFIRMATION_OK"
2037,10407173237,10407173345,1,"IOTHUB_CLIENT_CONFIRMATION_OK"
2038,10407173437,10407173469,1,"IOTHUB_CLIENT_CONFIRMATION_OK"
2039,10407173637,10407173673,1,"IOTHUB_CLIENT_CONFIRMATION_OK"
2040,10407173837,10407173897,1,"IOTHUB_CLIENT_CONFIRMATION_OK"
2041,10407174037,10407174073,1,"IOTHUB_CLIENT_CONFIRMATION_OK"
2042,10407174237,10407174292,1,"IOTHUB_CLIENT_CONFIRMATION_OK"
2043,10407174438,10407174476,1,"IOTHUB_CLIENT_CONFIRMATION_OK"
2044,10407174638,10407174715,1,"IOTHUB_CLIENT_CONFIRMATION_OK"
2045,10407174838,10407174873,1,"IOTHUB_CLIENT_CONFIRMATION_OK"
2046,10407175038,10407175072,1,"IOTHUB_CLIENT_CONFIRMATION_OK"
2047,10407175238,10407175269,1,"IOTHUB_CLIENT_CONFIRMATION_OK"
2048,10407175439,10407175607,1,"IOTHUB_CLIENT_CONFIRMATION_OK"
2049,10407175639,10407175679,1,"IOTHUB_CLIENT_CONFIRMATION_OK"
2050,10407175839,10407175910,1,"IOTHUB_CLIENT_CONFIRMATION_OK"
2051,10407176039,10407176074,1,"IOTHUB_CLIENT_CONFIRMATION_OK"
2052,10407176239,10407176276,1,"IOTHUB_CLIENT_CONFIRMATION_OK"
2053,10407176439,10407176478,1,"IOTHUB_CLIENT_CONFIRMATION_OK"
2054,10407176640,10407176676,1,"IOTHUB_CLIENT_CONFIRMATION_OK"
2055,10407176840,10407177028,1,"IOTHUB_CLIENT_CONFIRMATION_OK"
2056,10407177040,10407177076,1,"IOTHUB_CLIENT_CONFIRMATION_OK"
2057,10407177240,10407177271,1,"IOTHUB_CLIENT_CONFIRMATION_OK"
2058,10407177440,10407177472,1,"IOTHUB_CLIENT_CONFIRMATION_OK"
2059,10407177640,10407177693,1,"IOTHUB_CLIENT_CONFIRMATION_OK"
2060,10407177840,10407177927,1,"IOTHUB_CLIENT_CONFIRMATION_OK"
2061,10407178040,10407178077,1,"IOTHUB_CLIENT_CONFIRMATION_OK"
2062,10407178241,10407178442,1,"IOTHUB_CLIENT_CONFIRMATION_OK"
2063,10407178441,10407178474,1,"IOTHUB_CLIENT_CONFIRMATION_OK"
2064,10407178641,10407178684,1,"IOTHUB_CLIENT_CONFIRMATION_OK"
2065,10407178841,10407178874,1,"IOTHUB_CLIENT_CONFIRMATION_OK"
2066,10407179041,10407179074,1,"IOTHUB_CLIENT_CONFIRMATION_OK"
2067,10407179241,10407179293,1,"IOTHUB_CLIENT_CONFIRMATION_OK"
2068,10407179442,10407179476,1,"IOTHUB_CLIENT_CONFIRMATION_OK"
2069,10407179642,10407179679,1,"IOTHUB_CLIENT_CONFIRMATION_OK"
2070,10407179842,10407179897,1,"IOTHUB_CLIENT_CONFIRMATION_OK"
2071,10407180042,10407180080,1,"IOTHUB_CLIENT_CONFIRMATION_OK"
2072,10407180242,10407180277,1,"IOTHUB_CLIENT_CONFIRMATION_OK"
2073,10407180442,10407180671,1,"IOTHUB_CLIENT_CONFIRMATION_OK"
2074,10407180643,10407180714,1,"IOTHUB_CLIENT_CONFIRMATION_OK"
2075,10407180843,10407180881,1,"IOTHUB_CLIENT_CONFIRMATION_OK"
2076,10407181043,10407181107,1,"IOTHUB_CLIENT_CONFIRMATION_OK"
2077,10407181243,10407181274,1,"IOTHUB_CLIENT_CONFIRMATION_OK"
2078,10407181443,10407181519,1,"IOTHUB_CLIENT_CONFIRMATION_OK"
2079,10407181643,10407181683,1,"IOTHUB_CLIENT_CONFIRMATION_OK"
2080,10407181844,10407181972,1,"IOTHUB_CLIENT_CONFIRMATION_OK"
2081,10407182044,10407182076,1,"IOTHUB_CLIENT_CONFIRMATION_OK"
2082,10407182244,10407182295,1,"IOTHUB_CLIENT_CONFIRMATION_OK"
2083,10407182444,10407182492,1,"IOTHUB_CLIENT_CONFIRMATION_OK"
2084,10407182644,10407182674,1,"IOTHUB_CLIENT_CONFIRMATION_OK"
2085,10407182844,10407182884,1,"IOTHUB_CLIENT_CONFIRMATION_OK"
2086,10407183044,10407183078,1,"IOTHUB_CLIENT_CONFIRMATION_OK"
2087,10407183245,10407183360,1,"IOTHUB_CLIENT_CONFIRMATION_OK"
2088,10407183445,10407183504,1,"IOTHUB_CLIENT_CONFIRMATION_OK"
2089,10407183645,10407183802,1,"IOTHUB_CLIENT_CONFIRMATION_OK"
2090,10407183845,10407183889,1,"IOTHUB_CLIENT_CONFIRMATION_OK"
2091,10407184045,10407184099,1,"IOTHUB_CLIENT_CONFIRMATION_OK"
2092,10407184245,10407184285,1,"IOTHUB_CLIENT_CONFIRMATION_OK"
2093,10407184445,10407184502,1,"IOTHUB_CLIENT_CONFIRMATION_OK"
2094,10407184646,10407184681,1,"IOTHUB_CLIENT_CONFIRMATION_OK"
2095,10407184846,10407184884,1,"IOTHUB_CLIENT_CONFIRMATION_OK"
2096,10407185046,10407185078,1,"IOTHUB_CLIENT_CONFIRMATION_OK"
2097,10407185246,10407185303,1,"IOTHUB_CLIENT_CONFIRMATION_OK"
2098,10407185446,10407185487,1,"IOTHUB_CLIENT_CONFIRMATION_OK"
2099,10407185646,10407185714,1,"IOTHUB_CLIENT_CONFIRMATION_OK"
2100,10407185847,10407186124,1,"IOTHUB_CLIENT_CONFIRMATION_OK"
2101,10407186047,10407186312,1,"IOTHUB_CLIENT_CONFIRMATION_OK"
2102,10407186247,10407186355,1,"IOTHUB_CLIENT_CONFIRMATION_OK"
2103,10407186447,10407186504,1,"IOTHUB_CLIENT_CONFIRMATION_OK"
2104,10407186647,10407186692,1,"IOTHUB_CLIENT_CONFIRMATION_OK"
2105,10407186847,10407186884,1,"IOTHUB_CLIENT_CONFIRMATION_OK"
2106,10407187047,10407187083,1,"IOTHUB_CLIENT_CONFIRMATION_OK"
2107,10407187248,10407187282,1,"IOTHUB_CLIENT_CONFIRMATION_OK"
2108,10407187448,10407187484,1,"IOTHUB_CLIENT_CONFIRMATION_OK"
2109,10407187648,10407187712,1,"IOTHUB_CLIENT_CONFIRMATION_OK"
2110,10407187848,10407187882,1,"IOTHUB_CLIENT_CONFIRMATION_OK"
2111,10407188048,10407188085,1,"IOTHUB_CLIENT_CONFIRMATION_OK"
2112,10407188248,10407188299,1,"IOTHUB_CLIENT_CONFIRMATION_OK"
2113,10407188449,10407188512,1,"IOTHUB_CLIENT_CONFIRMATION_OK"
2114,10407188649,10407188691,1,"IOTHUB_CLIENT_CONFIRMATION_OK"
2115,10407188849,10407188896,1,"IOTHUB_CLIENT_CONFIRMATION_OK"
2116,10407189049,10407189123,1,"IOTHUB_CLIENT_CONFIRMATION_OK"
2117,10407189249,10407189298,1,"IOTHUB_CLIENT_CONFIRMATION_OK"
2118,10407189449,10407189486,1,"IOTHUB_CLIENT_CONFIRMATION_OK"
2119,10407189650,10407189738,1,"IOTHUB_CLIENT_CONFIRMATION_OK"
2120,10407189850,10407189892,1,"IOTHUB_CLIENT_CONFIRMATION_OK"
2121,10407190050,10407190088,1,"IOTHUB_CLIENT_CONFIRMATION_OK"
2122,10407190250,10407190314,1,"IOTHUB_CLIENT_CONFIRMATION_OK"
2123,10407190450,10407190565,1,"IOTHUB_CLIENT_CONFIRMATION_OK"
2124,10407190650,10407190730,1,"IOTHUB_CLIENT_CONFIRMATION_OK"
2125,10407190850,10407190883,1,"IOTHUB_CLIENT_CONFIRMATION_OK"
2126,10407191051,10407191095,1,"IOTHUB_CLIENT_CONFIRMATION_OK"
2127,10407191251,10407191287,1,"IOTHUB_CLIENT_CONFIRMATION_OK"
2128,10407191451,10407191523,1,"IOTHUB_CLIENT_CONFIRMATION_OK"
2129,10407191651,10407191691,1,"IOTHUB_CLIENT_CONFIRMATION_OK"
2130,10407191851,10407192018,1,"IOTHUB_CLIENT_CONFIRMATION_OK"
2131,10407192051,10407192107,1,"IOTHUB_CLIENT_CONFIRMATION_OK"
2132,10407192252,10407192290,1,"IOTHUB_CLIENT_CONFIRMATION_OK"
2133,10407192452,10407192495,1,"IOTHUB_CLIENT_CONFIRMATION_OK"
2134,10407192652,10407192684,1,"IOTHUB_CLIENT_CONFIRMATION_OK"
2135,10407192852,10407192891,1,"IOTHUB_CLIENT_CONFIRMATION_OK"
2136,10407193052,10407193090,1,"IOTHUB_CLIENT_CONFIRMATION_OK"
2137,10407193252,10407193529,1,"IOTHUB_CLIENT_CONFIRMATION_OK"
2138,10407193452,10407193556,1,"IOTHUB_CLIENT_CONFIRMATION_OK"
2139,10407193653,10407193692,1,"IOTHUB_CLIENT_CONFIRMATION_OK"
2140,10407193853,10407193928,1,"IOTHUB_CLIENT_CONFIRMATION_OK"
2141,10407194053,10407194146,1,"IOTHUB_CLIENT_CONFIRMATION_OK"
2142,10407194253,10407194290,1,"IOTHUB_CLIENT_CONFIRMATION_OK"
2143,10407194453,10407194484,1,"IOTHUB_CLIENT_CONFIRMATION_OK"
2144,10407194653,10407194733,1,"IOTHUB_CLIENT_CONFIRMATION_OK"
2145,10407194854,10407194886,1,"IOTHUB_CLIENT_CONFIRMATION_OK"
2146,10407195054,10407195090,1,"IOTHUB_CLIENT_CONFIRMATION_OK"
2147,10407195254,10407195287,1,"IOTHUB_CLIENT_CONFIRMATION_OK"
2148,10407195454,10407195577,1,"IOTHUB_CLIENT_CONFIRMATION_OK"
2149,10407195654,10407195696,1,"IOTHUB_CLIENT_CONFIRMATION_OK"
2150,10407195854,10407195896,1,"IOTHUB_CLIENT_CONFIRMATION_OK"
2151,10407196054,10407196098,1,"IOTHUB_CLIENT_CONFIRMATION_OK"
2152,10407196255,10407196294,1,"IOTHUB_CLIENT_CONFIRMATION_OK"
2153,10407196455,10407196489,1,"IOTHUB_CLIENT_CONFIRMATION_OK"
2154,10407196655,10407196771,1,"IOTHUB_CLIENT_CONFIRMATION_OK"
2155,10407196855,10407197020,1,"IOTHUB_CLIENT_CONFIRMATION_OK"
2156,10407197055,10407197086,1,"IOTHUB_CLIENT_CONFIRMATION_OK"
2157,10407197255,10407197302,1,"IOTHUB_CLIENT_CONFIRMATION_OK"
2158,10407197456,10407197499,1,"IOTHUB_CLIENT_CONFIRMATION_OK"
2159,10407197656,10407197696,1,"IOTHUB_CLIENT_CONFIRMATION_OK"
2160,10407197856,10407197944,1,"IOTHUB_CLIENT_CONFIRMATION_OK"
2161,10407198056,10407198095,1,"IOTHUB_CLIENT_CONFIRMATION_OK"
2162,10407198256,10407198430,1,"IOTHUB_CLIENT_CONFIRMATION_OK"
2163,10407198456,10407198509,1,"IOTHUB_CLIENT_CONFIRMATION_OK"
2164,10407198656,10407198686,1,"IOTHUB_CLIENT_CONFIRMATION_OK"
2165,10407198856,10407198913,1,"IOTHUB_CLIENT_CONFIRMATION_OK"
2166,10407199057,10407199099,1,"IOTHUB_CLIENT_CONFIRMATION_OK"
2167,10407199257,10407199293,1,"IOTHUB_CLIENT_CONFIRMATION_OK"
2168,10407199457,10407199502,1,"IOTHUB_CLIENT_CONFIRMATION_OK"
2169,10407199657,10407199726,1,"IOTHUB_CLIENT_CONFIRMATION_OK"
2170,10407199857,10407199906,1,"IOTHUB_CLIENT_CONFIRMATION_OK"
2171,10407200057,10407200091,1,"IOTHUB_CLIENT_CONFIRMATION_OK"
2172,10407200258,10407200295,1,"IOTHUB_CLIENT_CONFIRMATION_OK"
2173,10407200458,10407200526,1,"IOTHUB_CLIENT_CONFIRMATION_OK"
2174,10407200658,10407200710,1,"IOTHUB_CLIENT_CONFIRMATION_OK"
2175,10407200858,10407200893,1,"IOTHUB_CLIENT_CONFIRMATION_OK"
2176,10407201058,10407201094,1,"IOTHUB_CLIENT_CONFIRMATION_OK"
2177,10407201258,10407201315,1,"IOTHUB_CLIENT_CONFIRMATION_OK"
2178,10407201459,10407201507,1,"IOTHUB_CLIENT_CONFIRMATION_OK"
2179,10407201659,10407201702,1,"IOTHUB_CLIENT_CONFIRMATION_OK"
2180,10407201859,10407201908,1,"IOTHUB_CLIENT_CONFIRMATION_OK"
2181,10407202059,10407202108,1,"IOTHUB_CLIENT_CONFIRMATION_OK"
2182,10407202259,10407202291,1,"IOTHUB_CLIENT_CONFIRMATION_OK"
2183,10407202459,10407202534,1,"IOTHUB_CLIENT_CONFIRMATION_OK"
2184,10407202660,10407202720,1,"IOTHUB_CLIENT_CONFIRMATION_OK"
2185,10407202860,10407202908,1,"IOTHUB_CLIENT_CONFIRMATION_OK"
2186,10407203060,10407203101,1,"IOTHUB_CLIENT_CONFIRMATION_OK"
2187,10407203260,10407203315,1,"IOTHUB_CLIENT_CONFIRMATION_OK"
2188,10407203460,10407203507,1,"IOTHUB_CLIENT_CONFIRMATION_OK"
2189,10407203660,10407203706,1,"IOTHUB_CLIENT_CONFIRMATION_OK"
2190,10407203860,10407203909,1,"IOTHUB_CLIENT_CONFIRMATION_OK"
2191,10407204061,10407204148,1,"IOTHUB_CLIENT_CONFIRMATION_OK"
2192,10407204261,10407204292,1,"IOTHUB_CLIENT_CONFIRMATION_OK"
2193,10407204461,10407204494,1,"IOTHUB_CLIENT_CONFIRMATION_OK"
2194,10407204661,10407204741,1,"IOTHUB_CLIENT_CONFIRMATION_OK"
2195,10407204861,10407205050,1,"IOTHUB_CLIENT_CONFIRMATION_OK"
2196,10407205061,10407205137,1,"IOTHUB_CLIENT_CONFIRMATION_OK"
2197,10407205262,10407205299,1,"IOTHUB_CLIENT_CONFIRMATION_OK"
2198,10407205462,10407205563,1,"IOTHUB_CLIENT_CONFIRMATION_OK"
2199,10407205662,10407205744,1,"IOTHUB_CLIENT_CONFIRMATION_OK"
2200,10407205862,10407205898,1,"IOTHUB_CLIENT_CONFIRMATION_OK"
2201,10407206062,10407206105,1,"IOTHUB_CLIENT_CONFIRMATION_OK"
2202,10407206262,10407206299,1,"IOTHUB_CLIENT_CONFIRMATION_OK"
2203,10407206462,10407206510,1,"IOTHUB_CLIENT_CONFIRMATION_OK"
2204,10407206663,10407206697,1,"IOTHUB_CLIENT_CONFIRMATION_OK"
2205,10407206863,10407207000,1,"IOTHUB_CLIENT_CONFIRMATION_OK"
2206,10407207063,10407207105,1,"IOTHUB_CLIENT_CONFIRMATION_OK"
2207,10407207263,10407207305,1,"IOTHUB_CLIENT_CONFIRMATION_OK"
2208,10407207463,10407207502,1,"IOTHUB_CLIENT_CONFIRMATION_OK"
2209,10407207663,10407207700,1,"IOTHUB_CLIENT_CONFIRMATION_OK"
2210,10407207864,10407207899,1,"IOTHUB_CLIENT_CONFIRMATION_OK"
2211,10407208064,10407208124,1,"IOTHUB_CLIENT_CONFIRMATION_OK"
2212,10407208264,10407208406,1,"IOTHUB_CLIENT_CONFIRMATION_OK"
2213,10407208464,10407208509,1,"IOTHUB_CLIENT_CONFIRMATION_OK"
2214,10407208664,10407208700,1,"IOTHUB_CLIENT_CONFIRMATION_OK"
2215,10407208864,10407208903,1,"IOTHUB_CLIENT_CONFIRMATION_OK"
2216,10407209064,10407209141,1,"IOTHUB_CLIENT_CONFIRMATION_OK"
2217,10407209265,10407209301,1,"IOTHUB_CLIENT_CONFIRMATION_OK"
2218,10407209465,10407209496,1,"IOTHUB_CLIENT_CONFIRMATION_OK"
2219,10407209665,10407209704,1,"IOTHUB_CLIENT_CONFIRMATION_OK"
2220,10407209865,10407209908,1,"IOTHUB_CLIENT_CONFIRMATION_OK"
2221,10407210065,10407210118,1,"IOTHUB_CLIENT_CONFIRMATION_OK"
2222,10407210265,10407210302,1,"IOTHUB_CLIENT_CONFIRMATION_OK"
2223,10407210465,10407210498,1,"IOTHUB_CLIENT_CONFIRMATION_OK"
2224,10407210666,10407210699,1,"IOTHUB_CLIENT_CONFIRMATION_OK"
2225,10407210866,10407210900,1,"IOTHUB_CLIENT_CONFIRMATION_OK"
2226,10407211066,10407211121,1,"IOTHUB_CLIENT_CONFIRMATION_OK"
2227,10407211266,10407211323,1,"IOTHUB_CLIENT_CONFIRMATION_OK"
2228,10407211466,10407211595,1,"IOTHUB_CLIENT_CONFIRMATION_OK"
2229,10407211666,10407211696,1,"IOTHUB_CLIENT_CONFIRMATION_OK"
2230,10407211866,10407211908,1,"IOTHUB_CLIENT_CONFIRMATION_OK"
2231,10407212067,10407212099,1,"IOTHUB_CLIENT_CONFIRMATION_OK"
2232,10407212267,10407212294,1,"IOTHUB_CLIENT_CONFIRMATION_OK"
2233,10407212467,10407212574,1,"IOTHUB_CLIENT_CONFIRMATION_OK"
2234,10407212667,10407212710,1,"IOTHUB_CLIENT_CONFIRMATION_OK"
2235,10407212867,10407212942,1,"IOTHUB_CLIENT_CONFIRMATION_OK"
2236,10407213067,10407213112,1,"IOTHUB_CLIENT_CONFIRMATION_OK"
2237,10407213268,10407213309,1,"IOTHUB_CLIENT_CONFIRMATION_OK"
2238,10407213468,10407213500,1,"IOTHUB_CLIENT_CONFIRMATION_OK"
2239,10407213668,10407213719,1,"IOTHUB_CLIENT_CONFIRMATION_OK"
2240,10407213868,10407213903,1,"IOTHUB_CLIENT_CONFIRMATION_OK"
2241,10407214068,10407214127,1,"IOTHUB_CLIENT_CONFIRMATION_OK"
2242,10407214268,10407214312,1,"IOTHUB_CLIENT_CONFIRMATION_OK"
2243,10407214468,10407214506,1,"IOTHUB_CLIENT_CONFIRMATION_OK"
2244,10407214669,10407214705,1,"IOTHUB_CLIENT_CONFIRMATION_OK"
2245,10407214869,10407214936,1,"IOTHUB_CLIENT_CONFIRMATION_OK"
2246,10407215069,10407215107,1,"IOTHUB_CLIENT_CONFIRMATION_OK"
2247,10407215269,10407215305,1,"IOTHUB_CLIENT_CONFIRMATION_OK"
2248,10407215469,10407215565,1,"IOTHUB_CLIENT_CONFIRMATION_OK"
2249,10407215669,10407215714,1,"IOTHUB_CLIENT_CONFIRMATION_OK"
2250,10407215870,10407215903,1,"IOTHUB_CLIENT_CONFIRMATION_OK"
2251,10407216070,10407216101,1,"IOTHUB_CLIENT_CONFIRMATION_OK"
2252,10407216270,10407216302,1,"IOTHUB_CLIENT_CONFIRMATION_OK"
2253,10407216470,10407216501,1,"IOTHUB_CLIENT_CONFIRMATION_OK"
2254,10407216670,10407216725,1,"IOTHUB_CLIENT_CONFIRMATION_OK"
2255,10407216870,10407216970,1,"IOTHUB_CLIENT_CONFIRMATION_OK"
2256,10407217070,10407217105,1,"IOTHUB_CLIENT_CONFIRMATION_OK"
2257,10407217271,10407217341,1,"IOTHUB_CLIENT_CONFIRMATION_OK"
2258,10407217471,10407217500,1,"IOTHUB_CLIENT_CONFIRMATION_OK"
2259,10407217671,10407217716,1,"IOTHUB_CLIENT_CONFIRMATION_OK"
2260,10407217871,10407217907,1,"IOTHUB_CLIENT_CONFIRMATION_OK"
2261,10407218071,10407218156,1,"IOTHUB_CLIENT_CONFIRMATION_OK"
2262,10407218271,10407218399,1,"IOTHUB_CLIENT_CONFIRMATION_OK"
2263,10407218472,10407218526,1,"IOTHUB_CLIENT_CONFIRMATION_OK"
2264,10407218672,10407218713,1,"IOTHUB_CLIENT_CONFIRMATION_OK"
2265,10407218872,10407218915,1,"IOTHUB_CLIENT_CONFIRMATION_OK"
2266,10407219072,10407219127,1,"IOTHUB_CLIENT_CONFIRMATION_OK"
2267,10407219272,10407219388,1,"IOTHUB_CLIENT_CONFIRMATION_OK"
2268,10407219472,10407219518,1,"IOTHUB_CLIENT_CONFIRMATION_OK"
2269,10407219673,10407219714,1,"IOTHUB_CLIENT_CONFIRMATION_OK"
2270,10407219873,10407219920,1,"IOTHUB_CLIENT_CONFIRMATION_OK"
2271,10407220073,10407220106,1,"IOTHUB_CLIENT_CONFIRMATION_OK"
2272,10407220273,10407220305,1,"IOTHUB_CLIENT_CONFIRMATION_OK"
2273,10407220473,10407220507,1,"IOTHUB_CLIENT_CONFIRMATION_OK"
2274,10407220673,10407220705,1,"IOTHUB_CLIENT_CONFIRMATION_OK"
2275,10407220873,10407220917,1,"IOTHUB_CLIENT_CONFIRMATION_OK"
2276,10407221074,10407221214,1,"IOTHUB_CLIENT_CONFIRMATION_OK"
2277,10407221274,10407221329,1,"IOTHUB_CLIENT_CONFIRMATION_OK"
2278,10407221474,10407221513,1,"IOTHUB_CLIENT_CONFIRMATION_OK"
2279,10407221674,10407221740,1,"IOTHUB_CLIENT_CONFIRMATION_OK"
2280,10407221874,10407221909,1,"IOTHUB_CLIENT_CONFIRMATION_OK"
2281,10407222074,10407222104,1,"IOTHUB_CLIENT_CONFIRMATION_OK"
2282,10407222274,10407222320,1,"IOTHUB_CLIENT_CONFIRMATION_OK"
2283,10407222474,10407222509,1,"IOTHUB_CLIENT_CONFIRMATION_OK"
2284,10407222675,10407222717,1,"IOTHUB_CLIENT_CONFIRMATION_OK"
2285,10407222875,10407222911,1,"IOTHUB_CLIENT_CONFIRMATION_OK"
2286,10407223075,10407223114,1,"IOTHUB_CLIENT_CONFIRMATION_OK"
2287,10407223275,10407223310,1,"IOTHUB_CLIENT_CONFIRMATION_OK"
2288,10407223475,10407223508,1,"IOTHUB_CLIENT_CONFIRMATION_OK"
2289,10407223675,10407223748,1,"IOTHUB_CLIENT_CONFIRMATION_OK"
2290,10407223876,10407223908,1,"IOTHUB_CLIENT_CONFIRMATION_OK"
2291,10407224076,10407224184,1,"IOTHUB_CLIENT_CONFIRMATION_OK"
2292,10407224276,10407224320,1,"IOTHUB_CLIENT_CONFIRMATION_OK"
2293,10407224476,10407224544,1,"IOTHUB_CLIENT_CONFIRMATION_OK"
2294,10407224676,10407224708,1,"IOTHUB_CLIENT_CONFIRMATION_OK"
2295,10407224876,10407224917,1,"IOTHUB_CLIENT_CONFIRMATION_OK"
2296,10407225077,10407225112,1,"IOTHUB_CLIENT_CONFIRMATION_OK"
2297,10407225277,10407225395,1,"IOTHUB_CLIENT_CONFIRMATION_OK"
2298,10407225477,10407225605,1,"IOTHUB_CLIENT_CONFIRMATION_OK"
2299,10407225677,10407225712,1,"IOTHUB_CLIENT_CONFIRMATION_OK"
2300,10407225877,10407225911,1,"IOTHUB_CLIENT_CONFIRMATION_OK"
2301,10407226077,10407226118,1,"IOTHUB_CLIENT_CONFIRMATION_OK"
2302,10407226277,10407226332,1,"IOTHUB_CLIENT_CONFIRMATION_OK"
2303,10407226478,10407226514,1,"IOTHUB_CLIENT_CONFIRMATION_OK"
2304,10407226678,10407226712,1,"IOTHUB_CLIENT_CONFIRMATION_OK"
2305,10407226878,10407227071,1,"IOTHUB_CLIENT_CONFIRMATION_OK"
2306,10407227078,10407227118,1,"IOTHUB_CLIENT_CONFIRMATION_OK"
2307,10407227278,10407227310,1,"IOTHUB_CLIENT_CONFIRMATION_OK"
2308,10407227478,10407227513,1,"IOTHUB_CLIENT_CONFIRMATION_OK"
2309,10407227678,10407227727,1,"IOTHUB_CLIENT_CONFIRMATION_OK"
2310,10407227879,10407227912,1,"IOTHUB_CLIENT_CONFIRMATION_OK"
2311,10407228079,10407228126,1,"IOTHUB_CLIENT_CONFIRMATION_OK"
2312,10407228279,10407228350,1,"IOTHUB_CLIENT_CONFIRMATION_OK"
2313,10407228479,10407228508,1,"IOTHUB_CLIENT_CONFIRMATION_OK"
2314,10407228679,10407228713,1,"IOTHUB_CLIENT_CONFIRMATION_OK"
2315,10407228879,10407228929,1,"IOTHUB_CLIENT_CONFIRMATION_OK"
2316,10407229080,10407229180,1,"IOTHUB_CLIENT_CONFIRMATION_OK"
2317,10407229280,10407229319,1,"IOTHUB_CLIENT_CONFIRMATION_OK"
2318,10407229480,10407229514,1,"IOTHUB_CLIENT_CONFIRMATION_OK"
2319,10407229680,10407229741,1,"IOTHUB_CLIENT_CONFIRMATION_OK"
2320,10407229880,10407229962,1,"IOTHUB_CLIENT_CONFIRMATION_OK"
2321,10407230080,10407230111,1,"IOTHUB_CLIENT_CONFIRMATION_OK"
2322,10407230281,10407230310,1,"IOTHUB_CLIENT_CONFIRMATION_OK"
2323,10407230481,10407230622,1,"IOTHUB_CLIENT_CONFIRMATION_OK"
2324,10407230681,10407230835,1,"IOTHUB_CLIENT_CONFIRMATION_OK"
2325,10407230881,10407230956,1,"IOTHUB_CLIENT_CONFIRMATION_OK"
2326,10407231081,10407231134,1,"IOTHUB_CLIENT_CONFIRMATION_OK"
2327,10407231281,10407231325,1,"IOTHUB_CLIENT_CONFIRMATION_OK"
2328,10407231481,10407231515,1,"IOTHUB_CLIENT_CONFIRMATION_OK"
2329,10407231682,10407231721,1,"IOTHUB_CLIENT_CONFIRMATION_OK"
2330,10407231882,10407232009,1,"IOTHUB_CLIENT_CONFIRMATION_OK"
2331,10407232082,10407232123,1,"IOTHUB_CLIENT_CONFIRMATION_OK"
2332,10407232282,10407232319,1,"IOTHUB_CLIENT_CONFIRMATION_OK"
2333,10407232482,10407232512,1,"IOTHUB_CLIENT_CONFIRMATION_OK"
2334,10407232682,10407232716,1,"IOTHUB_CLIENT_CONFIRMATION_OK"
2335,10407232883,10407232937,1,"IOTHUB_CLIENT_CONFIRMATION_OK"
2336,10407233083,10407233144,1,"IOTHUB_CLIENT_CONFIRMATION_OK"
2337,10407233283,10407233477,1,"IOTHUB_CLIENT_CONFIRMATION_OK"
2338,10407233483,10407233516,1,"IOTHUB_CLIENT_CONFIRMATION_OK"
2339,10407233683,10407233714,1,"IOTHUB_CLIENT_CONFIRMATION_OK"
2340,10407233883,10407233923,1,"IOTHUB_CLIENT_CONFIRMATION_OK"
2341,10407234083,10407234125,1,"IOTHUB_CLIENT_CONFIRMATION_OK"
2342,10407234284,10407234316,1,"IOTHUB_CLIENT_CONFIRMATION_OK"
2343,10407234484,10407234606,1,"IOTHUB_CLIENT_CONFIRMATION_OK"
2344,10407234684,10407234727,1,"IOTHUB_CLIENT_CONFIRMATION_OK"
2345,10407234884,10407234949,1,"IOTHUB_CLIENT_CONFIRMATION_OK"
2346,10407235084,10407235115,1,"IOTHUB_CLIENT_CONFIRMATION_OK"
2347,10407235284,10407235340,1,"IOTHUB_CLIENT_CONFIRMATION_OK"
2348,10407235484,10407235519,1,"IOTHUB_CLIENT_CONFIRMATION_OK"
2349,10407235685,10407235729,1,"IOTHUB_CLIENT_CONFIRMATION_OK"
2350,10407235885,10407235921,1,"IOTHUB_CLIENT_CONFIRMATION_OK"
2351,10407236085,10407236120,1,"IOTHUB_CLIENT_CONFIRMATION_OK"
2352,10407236285,10407236376,1,"IOTHUB_CLIENT_CONFIRMATION_OK"
2353,10407236485,10407236547,1,"IOTHUB_CLIENT_CONFIRMATION_OK"
2354,10407236685,10407236721,1,"IOTHUB_CLIENT_CONFIRMATION_OK"
2355,10407236885,10407236970,1,"IOTHUB_CLIENT_CONFIRMATION_OK"
2356,10407237086,10407237138,1,"IOTHUB_CLIENT_CONFIRMATION_OK"
2357,10407237286,10407237320,1,"IOTHUB_CLIENT_CONFIRMATION_OK"
2358,10407237486,10407237535,1,"IOTHUB_CLIENT_CONFIRMATION_OK"
2359,10407237686,10407237773,1,"IOTHUB_CLIENT_CONFIRMATION_OK"
2360,10407237886,10407237920,1,"IOTHUB_CLIENT_CONFIRMATION_OK"
2361,10407238086,10407238120,1,"IOTHUB_CLIENT_CONFIRMATION_OK"
2362,10407238287,10407238379,1,"IOTHUB_CLIENT_CONFIRMATION_OK"
2363,10407238487,10407238533,1,"IOTHUB_CLIENT_CONFIRMATION_OK"
2364,10407238687,10407238722,1,"IOTHUB_CLIENT_CONFIRMATION_OK"
2365,10407238887,10407238919,1,"IOTHUB_CLIENT_CONFIRMATION_OK"
2366,10407239087,10407239144,1,"IOTHUB_CLIENT_CONFIRMATION_OK"
2367,10407239287,10407239433,1,"IOTHUB_CLIENT_CONFIRMATION_OK"
2368,10407239487,10407239545,1,"IOTHUB_CLIENT_CONFIRMATION_OK"
2369,10407239688,10407239736,1,"IOTHUB_CLIENT_CONFIRMATION_OK"
2370,10407239888,10407239919,1,"IOTHUB_CLIENT_CONFIRMATION_OK"
2371,10407240088,10407240120,1,"IOTHUB_CLIENT_CONFIRMATION_OK"
2372,10407240288,10407240358,1,"IOTHUB_CLIENT_CONFIRMATION_OK"
2373,10407240488,10407240527,1,"IOTHUB_CLIENT_CONFIRMATION_OK"
2374,10407240688,10407240721,1,"IOTHUB_CLIENT_CONFIRMATION_OK"
2375,10407240889,10407240919,1,"IOTHUB_CLIENT_CONFIRMATION_OK"
2376,10407241089,10407241124,1,"IOTHUB_CLIENT_CONFIRMATION_OK"
2377,10407241289,10407241321,1,"IOTHUB_CLIENT_CONFIRMATION_OK"
2378,10407241489,10407241522,1,"IOTHUB_CLIENT_CONFIRMATION_OK"
2379,10407241689,10407241724,1,"IOTHUB_CLIENT_CONFIRMATION_OK"
2380,10407241889,10407241984,1,"IOTHUB_CLIENT_CONFIRMATION_OK"
2381,10407242090,10407242139,1,"IOTHUB_CLIENT_CONFIRMATION_OK"
2382,10407242290,10407242348,1,"IOTHUB_CLIENT_CONFIRMATION_OK"
2383,10407242490,10407242530,1,"IOTHUB_CLIENT_CONFIRMATION_OK"
2384,10407242690,10407242723,1,"IOTHUB_CLIENT_CONFIRMATION_OK"
2385,10407242890,10407242927,1,"IOTHUB_CLIENT_CONFIRMATION_OK"
2386,10407243090,10407243155,1,"IOTHUB_CLIENT_CONFIRMATION_OK"
2387,10407243290,10407243392,1,"IOTHUB_CLIENT_CONFIRMATION_OK"
2388,10407243491,10407243523,1,"IOTHUB_CLIENT_CONFIRMATION_OK"
2389,10407243691,10407243733,1,"IOTHUB_CLIENT_CONFIRMATION_OK"
2390,10407243891,10407243925,1,"IOTHUB_CLIENT_CONFIRMATION_OK"
2391,10407244091,10407244227,1,"IOTHUB_CLIENT_CONFIRMATION_OK"
2392,10407244291,10407244330,1,"IOTHUB_CLIENT_CONFIRMATION_OK"
2393,10407244491,10407244529,1,"IOTHUB_CLIENT_CONFIRMATION_OK"
2394,10407244692,10407244768,1,"IOTHUB_CLIENT_CONFIRMATION_OK"
2395,10407244892,10407244928,1,"IOTHUB_CLIENT_CONFIRMATION_OK"
2396,10407245092,10407245129,1,"IOTHUB_CLIENT_CONFIRMATION_OK"
2397,10407245292,10407245324,1,"IOTHUB_CLIENT_CONFIRMATION_OK"
2398,10407245492,10407245690,1,"IOTHUB_CLIENT_CONFIRMATION_OK"
2399,10407245692,10407245740,1,"IOTHUB_CLIENT_CONFIRMATION_OK"
2400,10407245893,10407245922,1,"IOTHUB_CLIENT_CONFIRMATION_OK"
2401,10407246093,10407246132,1,"IOTHUB_CLIENT_CONFIRMATION_OK"
2402,10407246293,10407246324,1,"IOTHUB_CLIENT_CONFIRMATION_OK"
2403,10407246493,10407246525,1,"IOTHUB_CLIENT_CONFIRMATION_OK"
2404,10407246693,10407246758,1,"IOTHUB_CLIENT_CONFIRMATION_OK"
2405,10407246893,10407246928,1,"IOTHUB_CLIENT_CONFIRMATION_OK"
2406,10407247094,10407247200,1,"IOTHUB_CLIENT_CONFIRMATION_OK"
2407,10407247294,10407247330,1,"IOTHUB_CLIENT_CONFIRMATION_OK"
2408,10407247494,10407247533,1,"IOTHUB_CLIENT_CONFIRMATION_OK"
2409,10407247694,10407247739,1,"IOTHUB_CLIENT_CONFIRMATION_OK"
2410,10407247894,10407247944,1,"IOTHUB_CLIENT_CONFIRMATION_OK"
2411,10407248094,10407248247,1,"IOTHUB_CLIENT_CONFIRMATION_OK"
2412,10407248294,10407248393,1,"IOTHUB_CLIENT_CONFIRMATION_OK"
2413,10407248495,10407248536,1,"IOTHUB_CLIENT_CONFIRMATION_OK"
2414,10407248695,10407248732,1,"IOTHUB_CLIENT_CONFIRMATION_OK"
2415,10407248895,10407248928,1,"IOTHUB_CLIENT_CONFIRMATION_OK"
2416,10407249095,10407249221,1,"IOTHUB_CLIENT_CONFIRMATION_OK"
2417,10407249295,10407249330,1,"IOTHUB_CLIENT_CONFIRMATION_OK"
2418,10407249495,10407249587,1,"IOTHUB_CLIENT_CONFIRMATION_OK"
2419,10407249696,10407249728,1,"IOTHUB_CLIENT_CONFIRMATION_OK"
2420,10407249896,10407249933,1,"IOTHUB_CLIENT_CONFIRMATION_OK"
2421,10407250096,10407250128,1,"IOTHUB_CLIENT_CONFIRMATION_OK"
2422,10407250296,10407250344,1,"IOTHUB_CLIENT_CONFIRMATION_OK"
2423,10407250496,10407250619,1,"IOTHUB_CLIENT_CONFIRMATION_OK"
2424,10407250696,10407250738,1,"IOTHUB_CLIENT_CONFIRMATION_OK"
2425,10407250896,10407250939,1,"IOTHUB_CLIENT_CONFIRMATION_OK"
2426,10407251097,10407251138,1,"IOTHUB_CLIENT_CONFIRMATION_OK"
2427,10407251297,10407251330,1,"IOTHUB_CLIENT_CONFIRMATION_OK"
2428,10407251497,10407251542,1,"IOTHUB_CLIENT_CONFIRMATION_OK"
2429,10407251697,10407251742,1,"IOTHUB_CLIENT_CONFIRMATION_OK"
2430,10407251897,10407251949,1,"IOTHUB_CLIENT_CONFIRMATION_OK"
2431,10407252097,10407252406,1,"IOTHUB_CLIENT_CONFIRMATION_OK"
2432,10407252297,10407252502,1,"IOTHUB_CLIENT_CONFIRMATION_OK"
2433,10407252498,10407252546,1,"IOTHUB_CLIENT_CONFIRMATION_OK"
2434,10407252698,10407252775,1,"IOTHUB_CLIENT_CONFIRMATION_OK"
2435,10407252898,10407252928,1,"IOTHUB_CLIENT_CONFIRMATION_OK"
2436,10407253098,10407253129,1,"IOTHUB_CLIENT_CONFIRMATION_OK"
2437,10407253298,10407253339,1,"IOTHUB_CLIENT_CONFIRMATION_OK"
2438,10407253498,10407253534,1,"IOTHUB_CLIENT_CONFIRMATION_OK"
2439,10407253699,10407253748,1,"IOTHUB_CLIENT_CONFIRMATION_OK"
2440,10407253899,10407253941,1,"IOTHUB_CLIENT_CONFIRMATION_OK"
2441,10407254099,10407254215,1,"IOTHUB_CLIENT_CONFIRMATION_OK"
2442,10407254299,10407254379,1,"IOTHUB_CLIENT_CONFIRMATION_OK"
2443,10407254499,10407254537,1,"IOTHUB_CLIENT_CONFIRMATION_OK"
2444,10407254699,10407254733,1,"IOTHUB_CLIENT_CONFIRMATION_OK"
2445,10407254899,10407254975,1,"IOTHUB_CLIENT_CONFIRMATION_OK"
2446,10407255100,10407255201,1,"IOTHUB_CLIENT_CONFIRMATION_OK"
2447,10407255300,10407255338,1,"IOTHUB_CLIENT_CONFIRMATION_OK"
2448,10407255500,10407255623,1,"IOTHUB_CLIENT_CONFIRMATION_OK"
2449,10407255700,10407255736,1,"IOTHUB_CLIENT_CONFIRMATION_OK"
2450,10407255900,10407255934,1,"IOTHUB_CLIENT_CONFIRMATION_OK"
2451,10407256100,10407256135,1,"IOTHUB_CLIENT_CONFIRMATION_OK"
2452,10407256301,10407256362,1,"IOTHUB_CLIENT_CONFIRMATION_OK"
2453,10407256501,10407256551,1,"IOTHUB_CLIENT_CONFIRMATION_OK"
2454,10407256701,10407256742,1,"IOTHUB_CLIENT_CONFIRMATION_OK"
2455,10407256901,10407257078,1,"IOTHUB_CLIENT_CONFIRMATION_OK"
2456,10407257101,10407257143,1,"IOTHUB_CLIENT_CONFIRMATION_OK"
2457,10407257301,10407257336,1,"IOTHUB_CLIENT_CONFIRMATION_OK"
2458,10407257501,10407257535,1,"IOTHUB_CLIENT_CONFIRMATION_OK"
2459,10407257702,10407257732,1,"IOTHUB_CLIENT_CONFIRMATION_OK"
2460,10407257902,10407257962,1,"IOTHUB_CLIENT_CONFIRMATION_OK"
2461,10407258102,10407258137,1,"IOTHUB_CLIENT_CONFIRMATION_OK"
2462,10407258302,10407258522,1,"IOTHUB_CLIENT_CONFIRMATION_OK"
2463,10407258502,10407258534,1,"IOTHUB_CLIENT_CONFIRMATION_OK"
2464,10407258702,10407258739,1,"IOTHUB_CLIENT_CONFIRMATION_OK"
2465,10407258902,10407258956,1,"IOTHUB_CLIENT_CONFIRMATION_OK"
2466,10407259103,10407259134,1,"IOTHUB_CLIENT_CONFIRMATION_OK"
2467,10407259303,10407259348,1,"IOTHUB_CLIENT_CONFIRMATION_OK"
2468,10407259503,10407259541,1,"IOTHUB_CLIENT_CONFIRMATION_OK"
2469,10407259703,10407259762,1,"IOTHUB_CLIENT_CONFIRMATION_OK"
2470,10407259903,10407259955,1,"IOTHUB_CLIENT_CONFIRMATION_OK"
2471,10407260103,10407260153,1,"IOTHUB_CLIENT_CONFIRMATION_OK"
2472,10407260303,10407260343,1,"IOTHUB_CLIENT_CONFIRMATION_OK"
2473,10407260504,10407260565,1,"IOTHUB_CLIENT_CONFIRMATION_OK"
2474,10407260704,10407260738,1,"IOTHUB_CLIENT_CONFIRMATION_OK"
2475,10407260904,10407260945,1,"IOTHUB_CLIENT_CONFIRMATION_OK"
2476,10407261104,10407261142,1,"IOTHUB_CLIENT_CONFIRMATION_OK"
2477,10407261304,10407261382,1,"IOTHUB_CLIENT_CONFIRMATION_OK"
2478,10407261504,10407261541,1,"IOTHUB_CLIENT_CONFIRMATION_OK"
2479,10407261705,10407261791,1,"IOTHUB_CLIENT_CONFIRMATION_OK"
2480,10407261905,10407261996,1,"IOTHUB_CLIENT_CONFIRMATION_OK"
2481,10407262105,10407262148,1,"IOTHUB_CLIENT_CONFIRMATION_OK"
2482,10407262305,10407262340,1,"IOTHUB_CLIENT_CONFIRMATION_OK"
2483,10407262505,10407262559,1,"IOTHUB_CLIENT_CONFIRMATION_OK"
2484,10407262705,10407262740,1,"IOTHUB_CLIENT_CONFIRMATION_OK"
2485,10407262905,10407262941,1,"IOTHUB_CLIENT_CONFIRMATION_OK"
2486,10407263106,10407263137,1,"IOTHUB_CLIENT_CONFIRMATION_OK"
2487,10407263306,10407263427,1,"IOTHUB_CLIENT_CONFIRMATION_OK"
2488,10407263506,10407263546,1,"IOTHUB_CLIENT_CONFIRMATION_OK"
2489,10407263706,10407263739,1,"IOTHUB_CLIENT_CONFIRMATION_OK"
2490,10407263906,10407264021,1,"IOTHUB_CLIENT_CONFIRMATION_OK"
2491,10407264106,10407264231,1,"IOTHUB_CLIENT_CONFIRMATION_OK"
2492,10407264307,10407264363,1,"IOTHUB_CLIENT_CONFIRMATION_OK"
2493,10407264507,10407264539,1,"IOTHUB_CLIENT_CONFIRMATION_OK"
2494,10407264707,10407264738,1,"IOTHUB_CLIENT_CONFIRMATION_OK"
2495,10407264907,10407265007,1,"IOTHUB_CLIENT_CONFIRMATION_OK"
2496,10407265107,10407265140,1,"IOTHUB_CLIENT_CONFIRMATION_OK"
2497,10407265307,10407265353,1,"IOTHUB_CLIENT_CONFIRMATION_OK"
2498,10407265507,10407265666,1,"IOTHUB_CLIENT_CONFIRMATION_OK"
2499,10407265708,10407265758,1,"IOTHUB_CLIENT_CONFIRMATION_OK"
2500,10407265908,10407265940,1,"IOTHUB_CLIENT_CONFIRMATION_OK"
2501,10407266108,10407266141,1,"IOTHUB_CLIENT_CONFIRMATION_OK"
2502,10407266308,10407266360,1,"IOTHUB_CLIENT_CONFIRMATION_OK"
2503,10407266508,10407266554,1,"IOTHUB_CLIENT_CONFIRMATION_OK"
2504,10407266708,10407266740,1,"IOTHUB_CLIENT_CONFIRMATION_OK"
2505,10407266909,10407267101,1,"IOTHUB_CLIENT_CONFIRMATION_OK"
2506,10407267109,10407267155,1,"IOTHUB_CLIENT_CONFIRMATION_OK"
2507,10407267309,10407267346,1,"IOTHUB_CLIENT_CONFIRMATION_OK"
2508,10407267509,10407267544,1,"IOTHUB_CLIENT_CONFIRMATION_OK"
2509,10407267709,10407267746,1,"IOTHUB_CLIENT_CONFIRMATION_OK"
2510,10407267909,10407267945,1,"IOTHUB_CLIENT_CONFIRMATION_OK"
2511,10407268110,10407268150,1,"IOTHUB_CLIENT_CONFIRMATION_OK"
2512,10407268310,10407268348,1,"IOTHUB_CLIENT_CONFIRMATION_OK"
2513,10407268510,10407268540,1,"IOTHUB_CLIENT_CONFIRMATION_OK"
2514,10407268710,10407268785,1,"IOTHUB_CLIENT_CONFIRMATION_OK"
2515,10407268910,10407268947,1,"IOTHUB_CLIENT_CONFIRMATION_OK"
2516,10407269110,10407269162,1,"IOTHUB_CLIENT_CONFIRMATION_OK"
2517,10407269310,10407269347,1,"IOTHUB_CLIENT_CONFIRMATION_OK"
2518,10407269511,10407269546,1,"IOTHUB_CLIENT_CONFIRMATION_OK"
2519,10407269711,10407269741,1,"IOTHUB_CLIENT_CONFIRMATION_OK"
2520,10407269911,10407269947,1,"IOTHUB_CLIENT_CONFIRMATION_OK"
2521,10407270111,10407270199,1,"IOTHUB_CLIENT_CONFIRMATION_OK"
2522,10407270311,10407270383,1,"IOTHUB_CLIENT_CONFIRMATION_OK"
2523,10407270511,10407270571,1,"IOTHUB_CLIENT_CONFIRMATION_OK"
2524,10407270712,10407270742,1,"IOTHUB_CLIENT_CONFIRMATION_OK"
2525,10407270912,10407270946,1,"IOTHUB_CLIENT_CONFIRMATION_OK"
2526,10407271112,10407271144,1,"IOTHUB_CLIENT_CONFIRMATION_OK"
2527,10407271312,10407271348,1,"IOTHUB_CLIENT_CONFIRMATION_OK"
2528,10407271512,10407271561,1,"IOTHUB_CLIENT_CONFIRMATION_OK"
2529,10407271712,10407271750,1,"IOTHUB_CLIENT_CONFIRMATION_OK"
2530,10407271913,10407271984,1,"IOTHUB_CLIENT_CONFIRMATION_OK"
2531,10407272113,10407272150,1,"IOTHUB_CLIENT_CONFIRMATION_OK"
2532,10407272313,10407272343,1,"IOTHUB_CLIENT_CONFIRMATION_OK"
2533,10407272513,10407272545,1,"IOTHUB_CLIENT_CONFIRMATION_OK"
2534,10407272713,10407272759,1,"IOTHUB_CLIENT_CONFIRMATION_OK"
2535,10407272913,10407272949,1,"IOTHUB_CLIENT_CONFIRMATION_OK"
2536,10407273113,10407273158,1,"IOTHUB_CLIENT_CONFIRMATION_OK"
2537,10407273314,10407273421,1,"IOTHUB_CLIENT_CONFIRMATION_OK"
2538,10407273514,10407273545,1,"IOTHUB_CLIENT_CONFIRMATION_OK"
2539,10407273714,10407273761,1,"IOTHUB_CLIENT_CONFIRMATION_OK"
2540,10407273914,10407273970,1,"IOTHUB_CLIENT_CONFIRMATION_OK"
2541,10407274114,10407274308,1,"IOTHUB_CLIENT_CONFIRMATION_OK"
2542,10407274314,10407274348,1,"IOTHUB_CLIENT_CONFIRMATION_OK"
2543,10407274515,10407274553,1,"IOTHUB_CLIENT_CONFIRMATION_OK"
2544,10407274715,10407274748,1,"IOTHUB_CLIENT_CONFIRMATION_OK"
2545,10407274915,10407275002,1,"IOTHUB_CLIENT_CONFIRMATION_OK"
2546,10407275115,10407275152,1,"IOTHUB_CLIENT_CONFIRMATION_OK"
2547,10407275315,10407275361,1,"IOTHUB_CLIENT_CONFIRMATION_OK"
2548,10407275515,10407275550,1,"IOTHUB_CLIENT_CONFIRMATION_OK"
2549,10407275715,10407275754,1,"IOTHUB_CLIENT_CONFIRMATION_OK"
2550,10407275916,10407275953,1,"IOTHUB_CLIENT_CONFIRMATION_OK"
2551,10407276116,10407276155,1,"IOTHUB_CLIENT_CONFIRMATION_OK"
2552,10407276316,10407276351,1,"IOTHUB_CLIENT_CONFIRMATION_OK"
2553,10407276516,10407276549,1,"IOTHUB_CLIENT_CONFIRMATION_OK"
2554,10407276716,10407276802,1,"IOTHUB_CLIENT_CONFIRMATION_OK"
2555,10407276916,10407276979,1,"IOTHUB_CLIENT_CONFIRMATION_OK"
2556,10407277117,10407277189,1,"IOTHUB_CLIENT_CONFIRMATION_OK"
2557,10407277317,10407277357,1,"IOTHUB_CLIENT_CONFIRMATION_OK"
2558,10407277517,10407277553,1,"IOTHUB_CLIENT_CONFIRMATION_OK"
2559,10407277717,10407277749,1,"IOTHUB_CLIENT_CONFIRMATION_OK"
2560,10407277917,10407277953,1,"IOTHUB_CLIENT_CONFIRMATION_OK"
2561,10407278117,10407278169,1,"IOTHUB_CLIENT_CONFIRMATION_OK"
2562,10407278317,10407278410,1,"IOTHUB_CLIENT_CONFIRMATION_OK"
2563,10407278518,10407278555,1,"IOTHUB_CLIENT_CONFIRMATION_OK"
2564,10407278718,10407278765,1,"IOTHUB_CLIENT_CONFIRMATION_OK"
2565,10407278918,10407278950,1,"IOTHUB_CLIENT_CONFIRMATION_OK"
2566,10407279118,10407279149,1,"IOTHUB_CLIENT_CONFIRMATION_OK"
2567,10407279318,10407279358,1,"IOTHUB_CLIENT_CONFIRMATION_OK"
2568,10407279518,10407279579,1,"IOTHUB_CLIENT_CONFIRMATION_OK"
2569,10407279719,10407279806,1,"IOTHUB_CLIENT_CONFIRMATION_OK"
2570,10407279919,10407280022,1,"IOTHUB_CLIENT_CONFIRMATION_OK"
2571,10407280119,10407280154,1,"IOTHUB_CLIENT_CONFIRMATION_OK"
2572,10407280319,10407280358,1,"IOTHUB_CLIENT_CONFIRMATION_OK"
2573,10407280519,10407280729,1,"IOTHUB_CLIENT_CONFIRMATION_OK"
2574,10407280719,10407280759,1,"IOTHUB_CLIENT_CONFIRMATION_OK"
2575,10407280920,10407280951,1,"IOTHUB_CLIENT_CONFIRMATION_OK"
2576,10407281120,10407281155,1,"IOTHUB_CLIENT_CONFIRMATION_OK"
2577,10407281320,10407281352,1,"IOTHUB_CLIENT_CONFIRMATION_OK"
2578,10407281520,10407281556,1,"IOTHUB_CLIENT_CONFIRMATION_OK"
2579,10407281720,10407281758,1,"IOTHUB_CLIENT_CONFIRMATION_OK"
2580,10407281920,10407282105,1,"IOTHUB_CLIENT_CONFIRMATION_OK"
2581,10407282120,10407282152,1,"IOTHUB_CLIENT_CONFIRMATION_OK"
2582,10407282321,10407282353,1,"IOTHUB_CLIENT_CONFIRMATION_OK"
2583,10407282521,10407282555,1,"IOTHUB_CLIENT_CONFIRMATION_OK"
2584,10407282721,10407282754,1,"IOTHUB_CLIENT_CONFIRMATION_OK"
2585,10407282921,10407282965,1,"IOTHUB_CLIENT_CONFIRMATION_OK"
2586,10407283121,10407283160,1,"IOTHUB_CLIENT_CONFIRMATION_OK"
2587,10407283321,10407283525,1,"IOTHUB_CLIENT_CONFIRMATION_OK"
2588,10407283522,10407283572,1,"IOTHUB_CLIENT_CONFIRMATION_OK"
2589,10407283722,10407283762,1,"IOTHUB_CLIENT_CONFIRMATION_OK"
2590,10407283922,10407283959,1,"IOTHUB_CLIENT_CONFIRMATION_OK"
2591,10407284122,10407284176,1,"IOTHUB_CLIENT_CONFIRMATION_OK"
2592,10407284322,10407284353,1,"IOTHUB_CLIENT_CONFIRMATION_OK"
2593,10407284522,10407284555,1,"IOTHUB_CLIENT_CONFIRMATION_OK"
2594,10407284722,10407284803,1,"IOTHUB_CLIENT_CONFIRMATION_OK"
2595,10407284923,10407284989,1,"IOTHUB_CLIENT_CONFIRMATION_OK"
2596,10407285123,10407285168,1,"IOTHUB_CLIENT_CONFIRMATION_OK"
2597,10407285323,10407285358,1,"IOTHUB_CLIENT_CONFIRMATION_OK"
2598,10407285523,10407285565,1,"IOTHUB_CLIENT_CONFIRMATION_OK"
2599,10407285723,10407285758,1,"IOTHUB_CLIENT_CONFIRMATION_OK"
2600,10407285923,10407285976,1,"IOTHUB_CLIENT_CONFIRMATION_OK"
2601,10407286124,10407286158,1,"IOTHUB_CLIENT_CONFIRMATION_OK"
2602,10407286324,10407286360,1,"IOTHUB_CLIENT_CONFIRMATION_OK"
2603,10407286524,10407286570,1,"IOTHUB_CLIENT_CONFIRMATION_OK"
2604,10407286724,10407286757,1,"IOTHUB_CLIENT_CONFIRMATION_OK"
2605,10407286924,10407287022,1,"IOTHUB_CLIENT_CONFIRMATION_OK"
2606,10407287124,10407287153,1,"IOTHUB_CLIENT_CONFIRMATION_OK"
2607,10407287325,10407287356,1,"IOTHUB_CLIENT_CONFIRMATION_OK"
2608,10407287525,10407287556,1,"IOTHUB_CLIENT_CONFIRMATION_OK"
2609,10407287725,10407287760,1,"IOTHUB_CLIENT_CONFIRMATION_OK"
2610,10407287925,10407287957,1,"IOTHUB_CLIENT_CONFIRMATION_OK"
2611,10407288125,10407288157,1,"IOTHUB_CLIENT_CONFIRMATION_OK"
2612,10407288325,10407288511,1,"IOTHUB_CLIENT_CONFIRMATION_OK"
2613,10407288525,10407288567,1,"IOTHUB_CLIENT_CONFIRMATION_OK"
2614,10407288726,10407288769,1,"IOTHUB_CLIENT_CONFIRMATION_OK"
2615,10407288926,10407288961,1,"IOTHUB_CLIENT_CONFIRMATION_OK"
2616,10407289126,10407289312,1,"IOTHUB_CLIENT_CONFIRMATION_OK"
2617,10407289326,10407289366,1,"IOTHUB_CLIENT_CONFIRMATION_OK"
2618,10407289526,10407289579,1,"IOTHUB_CLIENT_CONFIRMATION_OK"
2619,10407289726,10407289762,1,"IOTHUB_CLIENT_CONFIRMATION_OK"
2620,10407289926,10407289962,1,"IOTHUB_CLIENT_CONFIRMATION_OK"
2621,10407290127,10407290156,1,"IOTHUB_CLIENT_CONFIRMATION_OK"
2622,10407290327,10407290362,1,"IOTHUB_CLIENT_CONFIRMATION_OK"
2623,10407290527,10407290679,1,"IOTHUB_CLIENT_CONFIRMATION_OK"
2624,10407290727,10407290762,1,"IOTHUB_CLIENT_CONFIRMATION_OK"
2625,10407290927,10407290961,1,"IOTHUB_CLIENT_CONFIRMATION_OK"
2626,10407291127,10407291157,1,"IOTHUB_CLIENT_CONFIRMATION_OK"
2627,10407291328,10407291372,1,"IOTHUB_CLIENT_CONFIRMATION_OK"
2628,10407291528,10407291578,1,"IOTHUB_CLIENT_CONFIRMATION_OK"
2629,10407291728,10407291785,1,"IOTHUB_CLIENT_CONFIRMATION_OK"
2630,10407291928,10407292136,1,"IOTHUB_CLIENT_CONFIRMATION_OK"
2631,10407292128,10407292162,1,"IOTHUB_CLIENT_CONFIRMATION_OK"
2632,10407292328,10407292470,1,"IOTHUB_CLIENT_CONFIRMATION_OK"
2633,10407292528,10407292574,1,"IOTHUB_CLIENT_CONFIRMATION_OK"
2634,10407292729,10407292780,1,"IOTHUB_CLIENT_CONFIRMATION_OK"
2635,10407292929,10407293025,1,"IOTHUB_CLIENT_CONFIRMATION_OK"
2636,10407293129,10407293160,1,"IOTHUB_CLIENT_CONFIRMATION_OK"
2637,10407293329,10407293448,1,"IOTHUB_CLIENT_CONFIRMATION_OK"
2638,10407293529,10407293570,1,"IOTHUB_CLIENT_CONFIRMATION_OK"
2639,10407293729,10407293776,1,"IOTHUB_CLIENT_CONFIRMATION_OK"
2640,10407293930,10407293959,1,"IOTHUB_CLIENT_CONFIRMATION_OK"
2641,10407294130,10407294255,1,"IOTHUB_CLIENT_CONFIRMATION_OK"
2642,10407294330,10407294362,1,"IOTHUB_CLIENT_CONFIRMATION_OK"
2643,10407294530,10407294561,1,"IOTHUB_CLIENT_CONFIRMATION_OK"
2644,10407294730,10407294765,1,"IOTHUB_CLIENT_CONFIRMATION_OK"
2645,10407294930,10407294970,1,"IOTHUB_CLIENT_CONFIRMATION_OK"
2646,10407295131,10407295167,1,"IOTHUB_CLIENT_CONFIRMATION_OK"
2647,10407295331,10407295365,1,"IOTHUB_CLIENT_CONFIRMATION_OK"
2648,10407295531,10407295672,1,"IOTHUB_CLIENT_CONFIRMATION_OK"
2649,10407295731,10407295763,1,"IOTHUB_CLIENT_CONFIRMATION_OK"
2650,10407295931,10407295974,1,"IOTHUB_CLIENT_CONFIRMATION_OK"
2651,10407296131,10407296166,1,"IOTHUB_CLIENT_CONFIRMATION_OK"
2652,10407296331,10407296362,1,"IOTHUB_CLIENT_CONFIRMATION_OK"
2653,10407296532,10407296575,1,"IOTHUB_CLIENT_CONFIRMATION_OK"
2654,10407296732,10407296781,1,"IOTHUB_CLIENT_CONFIRMATION_OK"
2655,10407296932,10407297098,1,"IOTHUB_CLIENT_CONFIRMATION_OK"
2656,10407297132,10407297188,1,"IOTHUB_CLIENT_CONFIRMATION_OK"
2657,10407297332,10407297400,1,"IOTHUB_CLIENT_CONFIRMATION_OK"
2658,10407297533,10407297568,1,"IOTHUB_CLIENT_CONFIRMATION_OK"
2659,10407297733,10407297772,1,"IOTHUB_CLIENT_CONFIRMATION_OK"
2660,10407297933,10407297965,1,"IOTHUB_CLIENT_CONFIRMATION_OK"
2661,10407298133,10407298167,1,"IOTHUB_CLIENT_CONFIRMATION_OK"
2662,10407298333,10407298539,1,"IOTHUB_CLIENT_CONFIRMATION_OK"
2663,10407298533,10407298574,1,"IOTHUB_CLIENT_CONFIRMATION_OK"
2664,10407298734,10407298844,1,"IOTHUB_CLIENT_CONFIRMATION_OK"
2665,10407298934,10407298983,1,"IOTHUB_CLIENT_CONFIRMATION_OK"
2666,10407299134,10407299166,1,"IOTHUB_CLIENT_CONFIRMATION_OK"
2667,10407299334,10407299377,1,"IOTHUB_CLIENT_CONFIRMATION_OK"
2668,10407299534,10407299565,1,"IOTHUB_CLIENT_CONFIRMATION_OK"
2669,10407299734,10407299806,1,"IOTHUB_CLIENT_CONFIRMATION_OK"
2670,10407299934,10407299982,1,"IOTHUB_CLIENT_CONFIRMATION_OK"
2671,10407300135,10407300171,1,"IOTHUB_CLIENT_CONFIRMATION_OK"
2672,10407300335,10407300364,1,"IOTHUB_CLIENT_CONFIRMATION_OK"
2673,10407300535,10407300572,1,"IOTHUB_CLIENT_CONFIRMATION_OK"
2674,10407300735,10407300772,1,"IOTHUB_CLIENT_CONFIRMATION_OK"
2675,10407300935,10407300967,1,"IOTHUB_CLIENT_CONFIRMATION_OK"
2676,10407301135,10407301172,1,"IOTHUB_CLIENT_CONFIRMATION_OK"
2677,10407301335,10407301367,1,"IOTHUB_CLIENT_CONFIRMATION_OK"
2678,10407301536,10407301568,1,"IOTHUB_CLIENT_CONFIRMATION_OK"
2679,10407301736,10407301879,1,"IOTHUB_CLIENT_CONFIRMATION_OK"
2680,10407301936,10407302030,1,"IOTHUB_CLIENT_CONFIRMATION_OK"
2681,10407302136,10407302169,1,"IOTHUB_CLIENT_CONFIRMATION_OK"
2682,10407302336,10407302370,1,"IOTHUB_CLIENT_CONFIRMATION_OK"
2683,10407302536,10407302569,1,"IOTHUB_CLIENT_CONFIRMATION_OK"
2684,10407302737,10407302784,1,"IOTHUB_CLIENT_CONFIRMATION_OK"
2685,10407302937,10407302968,1,"IOTHUB_CLIENT_CONFIRMATION_OK"
2686,10407303137,10407303171,1,"IOTHUB_CLIENT_CONFIRMATION_OK"
2687,10407303337,10407303434,1,"IOTHUB_CLIENT_CONFIRMATION_OK"
2688,10407303537,10407303575,1,"IOTHUB_CLIENT_CONFIRMATION_OK"
2689,10407303737,10407303789,1,"IOTHUB_CLIENT_CONFIRMATION_OK"
2690,10407303937,10407303988,1,"IOTHUB_CLIENT_CONFIRMATION_OK"
2691,10407304138,10407304259,1,"IOTHUB_CLIENT_CONFIRMATION_OK"
2692,10407304338,10407304370,1,"IOTHUB_CLIENT_CONFIRMATION_OK"
2693,10407304538,10407304637,1,"IOTHUB_CLIENT_CONFIRMATION_OK"
2694,10407304738,10407304778,1,"IOTHUB_CLIENT_CONFIRMATION_OK"
2695,10407304938,10407304969,1,"IOTHUB_CLIENT_CONFIRMATION_OK"
2696,10407305138,10407305170,1,"IOTHUB_CLIENT_CONFIRMATION_OK"
2697,10407305339,10407305370,1,"IOTHUB_CLIENT_CONFIRMATION_OK"
2698,10407305539,10407305694,1,"IOTHUB_CLIENT_CONFIRMATION_OK"
2699,10407305739,10407305774,1,"IOTHUB_CLIENT_CONFIRMATION_OK"
2700,10407305939,10407305970,1,"IOTHUB_CLIENT_CONFIRMATION_OK"
2701,10407306139,10407306178,1,"IOTHUB_CLIENT_CONFIRMATION_OK"
2702,10407306339,10407306394,1,"IOTHUB_CLIENT_CONFIRMATION_OK"
2703,10407306539,10407306582,1,"IOTHUB_CLIENT_CONFIRMATION_OK"
2704,10407306740,10407306781,1,"IOTHUB_CLIENT_CONFIRMATION_OK"
2705,10407306940,10407307097,1,"IOTHUB_CLIENT_CONFIRMATION_OK"
2706,10407307140,10407307190,1,"IOTHUB_CLIENT_CONFIRMATION_OK"
2707,10407307340,10407307374,1,"IOTHUB_CLIENT_CONFIRMATION_OK"
2708,10407307540,10407307579,1,"IOTHUB_CLIENT_CONFIRMATION_OK"
2709,10407307740,10407307788,1,"IOTHUB_CLIENT_CONFIRMATION_OK"
2710,10407307940,10407307978,1,"IOTHUB_CLIENT_CONFIRMATION_OK"
2711,10407308141,10407308174,1,"IOTHUB_CLIENT_CONFIRMATION_OK"
2712,10407308341,10407308524,1,"IOTHUB_CLIENT_CONFIRMATION_OK"
2713,10407308541,10407308602,1,"IOTHUB_CLIENT_CONFIRMATION_OK"
2714,10407308741,10407308771,1,"IOTHUB_CLIENT_CONFIRMATION_OK"
2715,10407308941,10407308981,1,"IOTHUB_CLIENT_CONFIRMATION_OK"
2716,10407309141,10407309172,1,"IOTHUB_CLIENT_CONFIRMATION_OK"
2717,10407309342,10407309379,1,"IOTHUB_CLIENT_CONFIRMATION_OK"
2718,10407309542,10407309587,1,"IOTHUB_CLIENT_CONFIRMATION_OK"
2719,10407309742,10407309784,1,"IOTHUB_CLIENT_CONFIRMATION_OK"
2720,10407309942,10407309973,1,"IOTHUB_CLIENT_CONFIRMATION_OK"
2721,10407310142,10407310178,1,"IOTHUB_CLIENT_CONFIRMATION_OK"
2722,10407310342,10407310375,1,"IOTHUB_CLIENT_CONFIRMATION_OK"
2723,10407310543,10407310590,1,"IOTHUB_CLIENT_CONFIRMATION_OK"
2724,10407310743,10407310776,1,"IOTHUB_CLIENT_CONFIRMATION_OK"
2725,10407310943,10407310985,1,"IOTHUB_CLIENT_CONFIRMATION_OK"
2726,10407311143,10407311216,1,"IOTHUB_CLIENT_CONFIRMATION_OK"
2727,10407311343,10407311444,1,"IOTHUB_CLIENT_CONFIRMATION_OK"
2728,10407311543,10407311595,1,"IOTHUB_CLIENT_CONFIRMATION_OK"
2729,10407311744,10407311782,1,"IOTHUB_CLIENT_CONFIRMATION_OK"
2730,10407311944,10407312039,1,"IOTHUB_CLIENT_CONFIRMATION_OK"
2731,10407312144,10407312178,1,"IOTHUB_CLIENT_CONFIRMATION_OK"
2732,10407312344,10407312401,1,"IOTHUB_CLIENT_CONFIRMATION_OK"
2733,10407312544,10407312580,1,"IOTHUB_CLIENT_CONFIRMATION_OK"
2734,10407312744,10407312777,1,"IOTHUB_CLIENT_CONFIRMATION_OK"
2735,10407312944,10407312975,1,"IOTHUB_CLIENT_CONFIRMATION_OK"
2736,10407313145,10407313245,1,"IOTHUB_CLIENT_CONFIRMATION_OK"
2737,10407313345,10407313455,1,"IOTHUB_CLIENT_CONFIRMATION_OK"
2738,10407313545,10407313640,1,"IOTHUB_CLIENT_CONFIRMATION_OK"
2739,10407313745,10407313781,1,"IOTHUB_CLIENT_CONFIRMATION_OK"
2740,10407313945,10407313976,1,"IOTHUB_CLIENT_CONFIRMATION_OK"
2741,10407314145,10407314209,1,"IOTHUB_CLIENT_CONFIRMATION_OK"
2742,10407314345,10407314383,1,"IOTHUB_CLIENT_CONFIRMATION_OK"
2743,10407314546,10407314577,1,"IOTHUB_CLIENT_CONFIRMATION_OK"
2744,10407314746,10407314792,1,"IOTHUB_CLIENT_CONFIRMATION_OK"
2745,10407314946,10407314978,1,"IOTHUB_CLIENT_CONFIRMATION_OK"
2746,10407315146,10407315179,1,"IOTHUB_CLIENT_CONFIRMATION_OK"
2747,10407315346,10407315386,1,"IOTHUB_CLIENT_CONFIRMATION_OK"
2748,10407315546,10407315581,1,"IOTHUB_CLIENT_CONFIRMATION_OK"
2749,10407315747,10407315782,1,"IOTHUB_CLIENT_CONFIRMATION_OK"
2750,10407315947,10407315984,1,"IOTHUB_CLIENT_CONFIRMATION_OK"
2751,10407316147,10407316178,1,"IOTHUB_CLIENT_CONFIRMATION_OK"
2752,10407316347,10407316393,1,"IOTHUB_CLIENT_CONFIRMATION_OK"
2753,10407316547,10407316587,1,"IOTHUB_CLIENT_CONFIRMATION_OK"
2754,10407316747,10407316778,1,"IOTHUB_CLIENT_CONFIRMATION_OK"
2755,10407316948,10407316999,1,"IOTHUB_CLIENT_CONFIRMATION_OK"
2756,10407317148,10407317181,1,"IOTHUB_CLIENT_CONFIRMATION_OK"
2757,10407317348,10407317397,1,"IOTHUB_CLIENT_CONFIRMATION_OK"
2758,10407317548,10407317581,1,"IOTHUB_CLIENT_CONFIRMATION_OK"
2759,10407317748,10407317825,1,"IOTHUB_CLIENT_CONFIRMATION_OK"
2760,10407317948,10407317984,1,"IOTHUB_CLIENT_CONFIRMATION_OK"
2761,10407318149,10407318219,1,"IOTHUB_CLIENT_CONFIRMATION_OK"
2762,10407318349,10407318427,1,"IOTHUB_CLIENT_CONFIRMATION_OK"
2763,10407318549,10407318586,1,"IOTHUB_CLIENT_CONFIRMATION_OK"
2764,10407318749,10407318790,1,"IOTHUB_CLIENT_CONFIRMATION_OK"
2765,10407318949,10407318986,1,"IOTHUB_CLIENT_CONFIRMATION_OK"
2766,10407319149,10407319263,1,"IOTHUB_CLIENT_CONFIRMATION_OK"
2767,10407319349,10407319382,1,"IOTHUB_CLIENT_CONFIRMATION_OK"
2768,10407319550,10407319598,1,"IOTHUB_CLIENT_CONFIRMATION_OK"
2769,10407319750,10407319811,1,"IOTHUB_CLIENT_CONFIRMATION_OK"
2770,10407319950,10407319987,1,"IOTHUB_CLIENT_CONFIRMATION_OK"
2771,10407320150,10407320184,1,"IOTHUB_CLIENT_CONFIRMATION_OK"
2772,10407320350,10407320385,1,"IOTHUB_CLIENT_CONFIRMATION_OK"
2773,10407320550,10407320686,1,"IOTHUB_CLIENT_CONFIRMATION_OK"
2774,10407320750,10407320783,1,"IOTHUB_CLIENT_CONFIRMATION_OK"
2775,10407320951,10407320996,1,"IOTHUB_CLIENT_CONFIRMATION_OK"
2776,10407321151,10407321194,1,"IOTHUB_CLIENT_CONFIRMATION_OK"
2777,10407321351,10407321384,1,"IOTHUB_CLIENT_CONFIRMATION_OK"
2778,10407321551,10407321586,1,"IOTHUB_CLIENT_CONFIRMATION_OK"
2779,10407321751,10407321786,1,"IOTHUB_CLIENT_CONFIRMATION_OK"
2780,10407321951,10407321983,1,"IOTHUB_CLIENT_CONFIRMATION_OK"
2781,10407322152,10407322193,1,"IOTHUB_CLIENT_CONFIRMATION_OK"
2782,10407322352,10407322618,1,"IOTHUB_CLIENT_CONFIRMATION_OK"
2783,10407322552,10407322655,1,"IOTHUB_CLIENT_CONFIRMATION_OK"
2784,10407322752,10407322802,1,"IOTHUB_CLIENT_CONFIRMATION_OK"
2785,10407322952,10407323006,1,"IOTHUB_CLIENT_CONFIRMATION_OK"
2786,10407323152,10407323184,1,"IOTHUB_CLIENT_CONFIRMATION_OK"
2787,10407323352,10407323386,1,"IOTHUB_CLIENT_CONFIRMATION_OK"
2788,10407323553,10407323593,1,"IOTHUB_CLIENT_CONFIRMATION_OK"
2789,10407323753,10407323787,1,"IOTHUB_CLIENT_CONFIRMATION_OK"
2790,10407323953,10407323988,1,"IOTHUB_CLIENT_CONFIRMATION_OK"
2791,10407324153,10407324202,1,"IOTHUB_CLIENT_CONFIRMATION_OK"
2792,10407324353,10407324391,1,"IOTHUB_CLIENT_CONFIRMATION_OK"
2793,10407324553,10407324586,1,"IOTHUB_CLIENT_CONFIRMATION_OK"
2794,10407324754,10407324795,1,"IOTHUB_CLIENT_CONFIRMATION_OK"
2795,10407324954,10407324994,1,"IOTHUB_CLIENT_CONFIRMATION_OK"
2796,10407325154,10407325198,1,"IOTHUB_CLIENT_CONFIRMATION_OK"
2797,10407325354,10407325390,1,"IOTHUB_CLIENT_CONFIRMATION_OK"
2798,10407325554,10407325629,1,"IOTHUB_CLIENT_CONFIRMATION_OK"
2799,10407325754,10407325795,1,"IOTHUB_CLIENT_CONFIRMATION_OK"
2800,10407325955,10407325998,1,"IOTHUB_CLIENT_CONFIRMATION_OK"
2801,10407326155,10407326189,1,"IOTHUB_CLIENT_CONFIRMATION_OK"
2802,10407326355,10407326420,1,"IOTHUB_CLIENT_CONFIRMATION_OK"
2803,10407326555,10407326589,1,"IOTHUB_CLIENT_CONFIRMATION_OK"
2804,10407326755,10407326787,1,"IOTHUB_CLIENT_CONFIRMATION_OK"
2805,10407326955,10407327039,1,"IOTHUB_CLIENT_CONFIRMATION_OK"
2806,10407327155,10407327210,1,"IOTHUB_CLIENT_CONFIRMATION_OK"
2807,10407327356,10407327396,1,"IOTHUB_CLIENT_CONFIRMATION_OK"
2808,10407327556,10407327621,1,"IOTHUB_CLIENT_CONFIRMATION_OK"
2809,10407327756,10407327790,1,"IOTHUB_CLIENT_CONFIRMATION_OK"
2810,10407327956,10407328012,1,"IOTHUB_CLIENT_CONFIRMATION_OK"
2811,10407328156,10407328197,1,"IOTHUB_CLIENT_CONFIRMATION_OK"
2812,10407328356,10407328392,1,"IOTHUB_CLIENT_CONFIRMATION_OK"
2813,10407328557,10407328673,1,"IOTHUB_CLIENT_CONFIRMATION_OK"
2814,10407328757,10407328791,1,"IOTHUB_CLIENT_CONFIRMATION_OK"
2815,10407328957,10407329019,1,"IOTHUB_CLIENT_CONFIRMATION_OK"
2816,10407329157,10407329214,1,"IOTHUB_CLIENT_CONFIRMATION_OK"
2817,10407329357,10407329390,1,"IOTHUB_CLIENT_CONFIRMATION_OK"
2818,10407329557,10407329601,1,"IOTHUB_CLIENT_CONFIRMATION_OK"
2819,10407329757,10407329810,1,"IOTHUB_CLIENT_CONFIRMATION_OK"
2820,10407329958,10407329997,1,"IOTHUB_CLIENT_CONFIRMATION_OK"
2821,10407330158,10407330192,1,"IOTHUB_CLIENT_CONFIRMATION_OK"
2822,10407330358,10407330391,1,"IOTHUB_CLIENT_CONFIRMATION_OK"
2823,10407330558,10407330589,1,"IOTHUB_CLIENT_CONFIRMATION_OK"
2824,10407330758,10407330793,1,"IOTHUB_CLIENT_CONFIRMATION_OK"
2825,10407330958,10407330989,1,"IOTHUB_CLIENT_CONFIRMATION_OK"
2826,10407331159,10407331194,1,"IOTHUB_CLIENT_CONFIRMATION_OK"
2827,10407331359,10407331395,1,"IOTHUB_CLIENT_CONFIRMATION_OK"
2828,10407331559,10407331613,1,"IOTHUB_CLIENT_CONFIRMATION_OK"
2829,10407331759,10407331823,1,"IOTHUB_CLIENT_CONFIRMATION_OK"
2830,10407331959,10407332015,1,"IOTHUB_CLIENT_CONFIRMATION_OK"
2831,10407332159,10407332209,1,"IOTHUB_CLIENT_CONFIRMATION_OK"
2832,10407332360,10407332398,1,"IOTHUB_CLIENT_CONFIRMATION_OK"
2833,10407332560,10407332612,1,"IOTHUB_CLIENT_CONFIRMATION_OK"
2834,10407332760,10407332827,1,"IOTHUB_CLIENT_CONFIRMATION_OK"
2835,10407332960,10407332991,1,"IOTHUB_CLIENT_CONFIRMATION_OK"
2836,10407333160,10407333195,1,"IOTHUB_CLIENT_CONFIRMATION_OK"
2837,10407333360,10407333434,1,"IOTHUB_CLIENT_CONFIRMATION_OK"
2838,10407333560,10407333594,1,"IOTHUB_CLIENT_CONFIRMATION_OK"
2839,10407333761,10407333798,1,"IOTHUB_CLIENT_CONFIRMATION_OK"
2840,10407333961,10407334031,1,"IOTHUB_CLIENT_CONFIRMATION_OK"
2841,10407334161,10407334267,1,"IOTHUB_CLIENT_CONFIRMATION_OK"
2842,10407334361,10407334402,1,"IOTHUB_CLIENT_CONFIRMATION_OK"
2843,10407334561,10407334604,1,"IOTHUB_CLIENT_CONFIRMATION_OK"
2844,10407334761,10407334798,1,"IOTHUB_CLIENT_CONFIRMATION_OK"
2845,10407334961,10407335002,1,"IOTHUB_CLIENT_CONFIRMATION_OK"
2846,10407335162,10407335269,1,"IOTHUB_CLIENT_CONFIRMATION_OK"
2847,10407335362,10407335398,1,"IOTHUB_CLIENT_CONFIRMATION_OK"
2848,10407335562,10407335697,1,"IOTHUB_CLIENT_CONFIRMATION_OK"
2849,10407335762,10407335796,1,"IOTHUB_CLIENT_CONFIRMATION_OK"
2850,10407335962,10407336016,1,"IOTHUB_CLIENT_CONFIRMATION_OK"
2851,10407336162,10407336224,1,"IOTHUB_CLIENT_CONFIRMATION_OK"
2852,10407336362,10407336394,1,"IOTHUB_CLIENT_CONFIRMATION_OK"
2853,10407336563,10407336594,1,"IOTHUB_CLIENT_CONFIRMATION_OK"
2854,10407336763,10407336799,1,"IOTHUB_CLIENT_CONFIRMATION_OK"
2855,10407336963,10407337113,1,"IOTHUB_CLIENT_CONFIRMATION_OK"
2856,10407337163,10407337197,1,"IOTHUB_CLIENT_CONFIRMATION_OK"
2857,10407337363,10407337407,1,"IOTHUB_CLIENT_CONFIRMATION_OK"
2858,10407337563,10407337595,1,"IOTHUB_CLIENT_CONFIRMATION_OK"
2859,10407337764,10407337795,1,"IOTHUB_CLIENT_CONFIRMATION_OK"
2860,10407337964,10407337995,1,"IOTHUB_CLIENT_CONFIRMATION_OK"
2861,10407338164,10407338397,1,"IOTHUB_CLIENT_CONFIRMATION_OK"
2862,10407338364,10407338561,1,"IOTHUB_CLIENT_CONFIRMATION_OK"
2863,10407338564,10407338625,1,"IOTHUB_CLIENT_CONFIRMATION_OK"
2864,10407338764,10407338799,1,"IOTHUB_CLIENT_CONFIRMATION_OK"
2865,10407338964,10407339029,1,"IOTHUB_CLIENT_CONFIRMATION_OK"
2866,10407339165,10407339224,1,"IOTHUB_CLIENT_CONFIRMATION_OK"
2867,10407339365,10407339441,1,"IOTHUB_CLIENT_CONFIRMATION_OK"
2868,10407339565,10407339597,1,"IOTHUB_CLIENT_CONFIRMATION_OK"
2869,10407339765,10407339799,1,"IOTHUB_CLIENT_CONFIRMATION_OK"
2870,10407339965,10407339996,1,"IOTHUB_CLIENT_CONFIRMATION_OK"
2871,10407340165,10407340207,1,"IOTHUB_CLIENT_CONFIRMATION_OK"
2872,10407340365,10407340399,1,"IOTHUB_CLIENT_CONFIRMATION_OK"
2873,10407340566,10407340645,1,"IOTHUB_CLIENT_CONFIRMATION_OK"
2874,10407340766,10407340801,1,"IOTHUB_CLIENT_CONFIRMATION_OK"
2875,10407340966,10407340996,1,"IOTHUB_CLIENT_CONFIRMATION_OK"
2876,10407341166,10407341347,1,"IOTHUB_CLIENT_CONFIRMATION_OK"
2877,10407341366,10407341428,1,"IOTHUB_CLIENT_CONFIRMATION_OK"
2878,10407341566,10407341598,1,"IOTHUB_CLIENT_CONFIRMATION_OK"
2879,10407341766,10407341803,1,"IOTHUB_CLIENT_CONFIRMATION_OK"
2880,10407341967,10407342089,1,"IOTHUB_CLIENT_CONFIRMATION_OK"
2881,10407342167,10407342207,1,"IOTHUB_CLIENT_CONFIRMATION_OK"
2882,10407342367,10407342404,1,"IOTHUB_CLIENT_CONFIRMATION_OK"
2883,10407342567,10407342598,1,"IOTHUB_CLIENT_CONFIRMATION_OK"
2884,10407342767,10407342801,1,"IOTHUB_CLIENT_CONFIRMATION_OK"
2885,10407342967,10407342999,1,"IOTHUB_CLIENT_CONFIRMATION_OK"
2886,10407343168,10407343205,1,"IOTHUB_CLIENT_CONFIRMATION_OK"
2887,10407343368,10407343501,1,"IOTHUB_CLIENT_CONFIRMATION_OK"
2888,10407343568,10407343623,1,"IOTHUB_CLIENT_CONFIRMATION_OK"
2889,10407343768,10407343798,1,"IOTHUB_CLIENT_CONFIRMATION_OK"
2890,10407343968,10407344008,1,"IOTHUB_CLIENT_CONFIRMATION_OK"
2891,10407344168,10407344204,1,"IOTHUB_CLIENT_CONFIRMATION_OK"
2892,10407344368,10407344437,1,"IOTHUB_CLIENT_CONFIRMATION_OK"
2893,10407344569,10407344604,1,"IOTHUB_CLIENT_CONFIRMATION_OK"
2894,10407344769,10407344799,1,"IOTHUB_CLIENT_CONFIRMATION_OK"
2895,10407344969,10407345005,1,"IOTHUB_CLIENT_CONFIRMATION_OK"
2896,10407345169,10407345202,1,"IOTHUB_CLIENT_CONFIRMATION_OK"
2897,10407345369,10407345403,1,"IOTHUB_CLIENT_CONFIRMATION_OK"
2898,10407345569,10407345607,1,"IOTHUB_CLIENT_CONFIRMATION_OK"
2899,10407345770,10407345813,1,"IOTHUB_CLIENT_CONFIRMATION_OK"
2900,10407345970,10407346028,1,"IOTHUB_CLIENT_CONFIRMATION_OK"
2901,10407346170,10407346200,1,"IOTHUB_CLIENT_CONFIRMATION_OK"
2902,10407346370,10407346413,1,"IOTHUB_CLIENT_CONFIRMATION_OK"
2903,10407346570,10407346603,1,"IOTHUB_CLIENT_CONFIRMATION_OK"
2904,10407346770,10407346818,1,"IOTHUB_CLIENT_CONFIRMATION_OK"
2905,10407346970,10407347007,1,"IOTHUB_CLIENT_CONFIRMATION_OK"
2906,10407347171,10407347212,1,"IOTHUB_CLIENT_CONFIRMATION_OK"
2907,10407347371,10407347453,1,"IOTHUB_CLIENT_CONFIRMATION_OK"
2908,10407347571,10407347602,1,"IOTHUB_CLIENT_CONFIRMATION_OK"
2909,10407347771,10407347811,1,"IOTHUB_CLIENT_CONFIRMATION_OK"
2910,10407347971,10407348005,1,"IOTHUB_CLIENT_CONFIRMATION_OK"
2911,10407348171,10407348207,1,"IOTHUB_CLIENT_CONFIRMATION_OK"
2912,10407348372,10407348424,1,"IOTHUB_CLIENT_CONFIRMATION_OK"
2913,10407348572,10407348627,1,"IOTHUB_CLIENT_CONFIRMATION_OK"
2914,10407348772,10407348814,1,"IOTHUB_CLIENT_CONFIRMATION_OK"
2915,10407348972,10407349017,1,"IOTHUB_CLIENT_CONFIRMATION_OK"
2916,10407349172,10407349283,1,"IOTHUB_CLIENT_CONFIRMATION_OK"
2917,10407349372,10407349417,1,"IOTHUB_CLIENT_CONFIRMATION_OK"
2918,10407349573,10407349603,1,"IOTHUB_CLIENT_CONFIRMATION_OK"
2919,10407349773,10407349815,1,"IOTHUB_CLIENT_CONFIRMATION_OK"
2920,10407349973,10407350058,1,"IOTHUB_CLIENT_CONFIRMATION_OK"
2921,10407350173,10407350240,1,"IOTHUB_CLIENT_CONFIRMATION_OK"
2922,10407350373,10407350414,1,"IOTHUB_CLIENT_CONFIRMATION_OK"
2923,10407350573,10407350686,1,"IOTHUB_CLIENT_CONFIRMATION_OK"
2924,10407350774,10407350806,1,"IOTHUB_CLIENT_CONFIRMATION_OK"
2925,10407350974,10407351010,1,"IOTHUB_CLIENT_CONFIRMATION_OK"
2926,10407351174,10407351215,1,"IOTHUB_CLIENT_CONFIRMATION_OK"
2927,10407351374,10407351409,1,"IOTHUB_CLIENT_CONFIRMATION_OK"
2928,10407351574,10407351610,1,"IOTHUB_CLIENT_CONFIRMATION_OK"
2929,10407351774,10407351826,1,"IOTHUB_CLIENT_CONFIRMATION_OK"
2930,10407351974,10407352090,1,"IOTHUB_CLIENT_CONFIRMATION_OK"
2931,10407352175,10407352220,1,"IOTHUB_CLIENT_CONFIRMATION_OK"
2932,10407352375,10407352408,1,"IOTHUB_CLIENT_CONFIRMATION_OK"
2933,10407352575,10407352616,1,"IOTHUB_CLIENT_CONFIRMATION_OK"
2934,10407352775,10407352827,1,"IOTHUB_CLIENT_CONFIRMATION_OK"
2935,10407352975,10407353011,1,"IOTHUB_CLIENT_CONFIRMATION_OK"
2936,10407353175,10407353289,1,"IOTHUB_CLIENT_CONFIRMATION_OK"
2937,10407353376,10407353513,1,"IOTHUB_CLIENT_CONFIRMATION_OK"
2938,10407353576,10407353622,1,"IOTHUB_CLIENT_CONFIRMATION_OK"
2939,10407353776,10407353808,1,"IOTHUB_CLIENT_CONFIRMATION_OK"
2940,10407353976,10407354028,1,"IOTHUB_CLIENT_CONFIRMATION_OK"
2941,10407354176,10407354208,1,"IOTHUB_CLIENT_CONFIRMATION_OK"
2942,10407354376,10407354440,1,"IOTHUB_CLIENT_CONFIRMATION_OK"
2943,10407354576,10407354609,1,"IOTHUB_CLIENT_CONFIRMATION_OK"
2944,10407354777,10407354809,1,"IOTHUB_CLIENT_CONFIRMATION_OK"
2945,10407354977,10407355008,1,"IOTHUB_CLIENT_CONFIRMATION_OK"
2946,10407355177,10407355253,1,"IOTHUB_CLIENT_CONFIRMATION_OK"
2947,10407355377,10407355408,1,"IOTHUB_CLIENT_CONFIRMATION_OK"
2948,10407355577,10407355607,1,"IOTHUB_CLIENT_CONFIRMATION_OK"
2949,10407355777,10407355824,1,"IOTHUB_CLIENT_CONFIRMATION_OK"
2950,10407355978,10407356016,1,"IOTHUB_CLIENT_CONFIRMATION_OK"
2951,10407356178,10407356250,1,"IOTHUB_CLIENT_CONFIRMATION_OK"
2952,10407356378,10407356411,1,"IOTHUB_CLIENT_CONFIRMATION_OK"
2953,10407356578,10407356627,1,"IOTHUB_CLIENT_CONFIRMATION_OK"
2954,10407356778,10407356808,1,"IOTHUB_CLIENT_CONFIRMATION_OK"
2955,10407356978,10407357024,1,"IOTHUB_CLIENT_CONFIRMATION_OK"
2956,10407357178,10407357223,1,"IOTHUB_CLIENT_CONFIRMATION_OK"
2957,10407357379,10407357408,1,"IOTHUB_CLIENT_CONFIRMATION_OK"
2958,10407357579,10407357621,1,"IOTHUB_CLIENT_CONFIRMATION_OK"
2959,10407357779,10407357843,1,"IOTHUB_CLIENT_CONFIRMATION_OK"
2960,10407357979,10407358020,1,"IOTHUB_CLIENT_CONFIRMATION_OK"
2961,10407358179,10407358213,1,"IOTHUB_CLIENT_CONFIRMATION_OK"
2962,10407358379,10407358445,1,"IOTHUB_CLIENT_CONFIRMATION_OK"
2963,10407358580,10407358613,1,"IOTHUB_CLIENT_CONFIRMATION_OK"
2964,10407358780,10407358895,1,"IOTHUB_CLIENT_CONFIRMATION_OK"
2965,10407358980,10407359016,1,"IOTHUB_CLIENT_CONFIRMATION_OK"
2966,10407359180,10407359361,1,"IOTHUB_CLIENT_CONFIRMATION_OK"
2967,10407359380,10407359410,1,"IOTHUB_CLIENT_CONFIRMATION_OK"
2968,10407359580,10407359626,1,"IOTHUB_CLIENT_CONFIRMATION_OK"
2969,10407359781,10407359842,1,"IOTHUB_CLIENT_CONFIRMATION_OK"
2970,10407359981,10407360017,1,"IOTHUB_CLIENT_CONFIRMATION_OK"
2971,10407360181,10407360218,1,"IOTHUB_CLIENT_CONFIRMATION_OK"
2972,10407360381,10407360428,1,"IOTHUB_CLIENT_CONFIRMATION_OK"
2973,10407360581,10407360632,1,"IOTHUB_CLIENT_CONFIRMATION_OK"
2974,10407360781,10407360814,1,"IOTHUB_CLIENT_CONFIRMATION_OK"
2975,10407360982,10407361027,1,"IOTHUB_CLIENT_CONFIRMATION_OK"
2976,10407361182,10407361252,1,"IOTHUB_CLIENT_CONFIRMATION_OK"
2977,10407361382,10407361445,1,"IOTHUB_CLIENT_CONFIRMATION_OK"
2978,10407361582,10407361616,1,"IOTHUB_CLIENT_CONFIRMATION_OK"
2979,10407361782,10407361830,1,"IOTHUB_CLIENT_CONFIRMATION_OK"
2980,10407361982,10407362185,1,"IOTHUB_CLIENT_CONFIRMATION_OK"
2981,10407362183,10407362241,1,"IOTHUB_CLIENT_CONFIRMATION_OK"
2982,10407362383,10407362479,1,"IOTHUB_CLIENT_CONFIRMATION_OK"
2983,10407362583,10407362617,1,"IOTHUB_CLIENT_CONFIRMATION_OK"
2984,10407362783,10407362868,1,"IOTHUB_CLIENT_CONFIRMATION_OK"
2985,10407362983,10407363086,1,"IOTHUB_CLIENT_CONFIRMATION_OK"
2986,10407363183,10407363215,1,"IOTHUB_CLIENT_CONFIRMATION_OK"
2987,10407363383,10407363429,1,"IOTHUB_CLIENT_CONFIRMATION_OK"
2988,10407363584,10407363637,1,"IOTHUB_CLIENT_CONFIRMATION_OK"
2989,10407363784,10407363826,1,"IOTHUB_CLIENT_CONFIRMATION_OK"
2990,10407363984,10407364021,1,"IOTHUB_CLIENT_CONFIRMATION_OK"
2991,10407364184,10407364249,1,"IOTHUB_CLIENT_CONFIRMATION_OK"
2992,10407364384,10407364439,1,"IOTHUB_CLIENT_CONFIRMATION_OK"
2993,10407364584,10407364622,1,"IOTHUB_CLIENT_CONFIRMATION_OK"
2994,10407364784,10407364828,1,"IOTHUB_CLIENT_CONFIRMATION_OK"
2995,10407364985,10407365055,1,"IOTHUB_CLIENT_CONFIRMATION_OK"
2996,10407365185,10407365218,1,"IOTHUB_CLIENT_CONFIRMATION_OK"
2997,10407365385,10407365435,1,"IOTHUB_CLIENT_CONFIRMATION_OK"
2998,10407365585,10407365671,1,"IOTHUB_CLIENT_CONFIRMATION_OK"
2999,10407365785,10407365821,1,"IOTHUB_CLIENT_CONFIRMATION_OK"
3000,10407365985,10407366027,1,"IOTHUB_CLIENT_CONFIRMATION_OK"
3001,10407366185,10407366218,1,"IOTHUB_CLIENT_CONFIRMATION_OK"
3002,10407366386,10407366425,1,"IOTHUB_CLIENT_CONFIRMATION_OK"
3003,10407366586,10407366620,1,"IOTHUB_CLIENT_CONFIRMATION_OK"
3004,10407366786,10407366850,1,"IOTHUB_CLIENT_CONFIRMATION_OK"
3005,10407366986,10407367079,1,"IOTHUB_CLIENT_CONFIRMATION_OK"
3006,10407367186,10407367222,1,"IOTHUB_CLIENT_CONFIRMATION_OK"
3007,10407367387,10407367432,1,"IOTHUB_CLIENT_CONFIRMATION_OK"
3008,10407367587,10407367618,1,"IOTHUB_CLIENT_CONFIRMATION_OK"
3009,10407367787,10407367823,1,"IOTHUB_CLIENT_CONFIRMATION_OK"
3010,10407367987,10407368029,1,"IOTHUB_CLIENT_CONFIRMATION_OK"
3011,10407368187,10407368217,1,"IOTHUB_CLIENT_CONFIRMATION_OK"
3012,10407368387,10407368747,1,"IOTHUB_CLIENT_CONFIRMATION_OK"
3013,10407368588,10407368829,1,"IOTHUB_CLIENT_CONFIRMATION_OK"
3014,10407368788,10407368868,1,"IOTHUB_CLIENT_CONFIRMATION_OK"
3015,10407368988,10407369021,1,"IOTHUB_CLIENT_CONFIRMATION_OK"
3016,10407369188,10407369226,1,"IOTHUB_CLIENT_CONFIRMATION_OK"
3017,10407369388,10407369421,1,"IOTHUB_CLIENT_CONFIRMATION_OK"
3018,10407369588,10407369630,1,"IOTHUB_CLIENT_CONFIRMATION_OK"
3019,10407369788,10407369825,1,"IOTHUB_CLIENT_CONFIRMATION_OK"
3020,10407369989,10407370050,1,"IOTHUB_CLIENT_CONFIRMATION_OK"
3021,10407370189,10407370342,1,"IOTHUB_CLIENT_CONFIRMATION_OK"
3022,10407370389,10407370422,1,"IOTHUB_CLIENT_CONFIRMATION_OK"
3023,10407370589,10407370667,1,"IOTHUB_CLIENT_CONFIRMATION_OK"
3024,10407370789,10407370835,1,"IOTHUB_CLIENT_CONFIRMATION_OK"
3025,10407370989,10407371024,1,"IOTHUB_CLIENT_CONFIRMATION_OK"
3026,10407371189,10407371237,1,"IOTHUB_CLIENT_CONFIRMATION_OK"
3027,10407371390,10407371435,1,"IOTHUB_CLIENT_CONFIRMATION_OK"
3028,10407371590,10407371666,1,"IOTHUB_CLIENT_CONFIRMATION_OK"
3029,10407371790,10407371840,1,"IOTHUB_CLIENT_CONFIRMATION_OK"
3030,10407371990,10407372154,1,"IOTHUB_CLIENT_CONFIRMATION_OK"
3031,10407372190,10407372219,1,"IOTHUB_CLIENT_CONFIRMATION_OK"
3032,10407372390,10407372431,1,"IOTHUB_CLIENT_CONFIRMATION_OK"
3033,10407372591,10407372630,1,"IOTHUB_CLIENT_CONFIRMATION_OK"
3034,10407372791,10407372837,1,"IOTHUB_CLIENT_CONFIRMATION_OK"
3035,10407372991,10407373024,1,"IOTHUB_CLIENT_CONFIRMATION_OK"
3036,10407373191,10407373227,1,"IOTHUB_CLIENT_CONFIRMATION_OK"
3037,10407373391,10407373506,1,"IOTHUB_CLIENT_CONFIRMATION_OK"
3038,10407373591,10407373626,1,"IOTHUB_CLIENT_CONFIRMATION_OK"
3039,10407373791,10407373856,1,"IOTHUB_CLIENT_CONFIRMATION_OK"
3040,10407373992,10407374024,1,"IOTHUB_CLIENT_CONFIRMATION_OK"
3041,10407374192,10407374243,1,"IOTHUB_CLIENT_CONFIRMATION_OK"
3042,10407374392,10407374443,1,"IOTHUB_CLIENT_CONFIRMATION_OK"
3043,10407374592,10407374646,1,"IOTHUB_CLIENT_CONFIRMATION_OK"
3044,10407374792,10407374826,1,"IOTHUB_CLIENT_CONFIRMATION_OK"
3045,10407374992,10407375026,1,"IOTHUB_CLIENT_CONFIRMATION_OK"
3046,10407375192,10407375258,1,"IOTHUB_CLIENT_CONFIRMATION_OK"
3047,10407375393,10407375427,1,"IOTHUB_CLIENT_CONFIRMATION_OK"
3048,10407375593,10407375810,1,"IOTHUB_CLIENT_CONFIRMATION_OK"
3049,10407375793,10407375855,1,"IOTHUB_CLIENT_CONFIRMATION_OK"
3050,10407375993,10407376045,1,"IOTHUB_CLIENT_CONFIRMATION_OK"
3051,10407376193,10407376232,1,"IOTHUB_CLIENT_CONFIRMATION_OK"
3052,10407376393,10407376429,1,"IOTHUB_CLIENT_CONFIRMATION_OK"
3053,10407376593,10407376624,1,"IOTHUB_CLIENT_CONFIRMATION_OK"
3054,10407376794,10407376826,1,"IOTHUB_CLIENT_CONFIRMATION_OK"
3055,10407376994,10407377172,1,"IOTHUB_CLIENT_CONFIRMATION_OK"
3056,10407377194,10407377241,1,"IOTHUB_CLIENT_CONFIRMATION_OK"
3057,10407377394,10407377430,1,"IOTHUB_CLIENT_CONFIRMATION_OK"
3058,10407377594,10407377628,1,"IOTHUB_CLIENT_CONFIRMATION_OK"
3059,10407377794,10407377833,1,"IOTHUB_CLIENT_CONFIRMATION_OK"
3060,10407377995,10407378029,1,"IOTHUB_CLIENT_CONFIRMATION_OK"
3061,10407378195,10407378231,1,"IOTHUB_CLIENT_CONFIRMATION_OK"
3062,10407378395,10407378428,1,"IOTHUB_CLIENT_CONFIRMATION_OK"
3063,10407378595,10407378630,1,"IOTHUB_CLIENT_CONFIRMATION_OK"
3064,10407378795,10407378839,1,"IOTHUB_CLIENT_CONFIRMATION_OK"
3065,10407378995,10407379029,1,"IOTHUB_CLIENT_CONFIRMATION_OK"
3066,10407379196,10407379260,1,"IOTHUB_CLIENT_CONFIRMATION_OK"
3067,10407379396,10407379430,1,"IOTHUB_CLIENT_CONFIRMATION_OK"
3068,10407379596,10407379644,1,"IOTHUB_CLIENT_CONFIRMATION_OK"
3069,10407379796,10407379827,1,"IOTHUB_CLIENT_CONFIRMATION_OK"
3070,10407379996,10407380029,1,"IOTHUB_CLIENT_CONFIRMATION_OK"
3071,10407380196,10407380237,1,"IOTHUB_CLIENT_CONFIRMATION_OK"
3072,10407380396,10407380437,1,"IOTHUB_CLIENT_CONFIRMATION_OK"
3073,10407380597,10407380666,1,"IOTHUB_CLIENT_CONFIRMATION_OK"
3074,10407380797,10407380840,1,"IOTHUB_CLIENT_CONFIRMATION_OK"
3075,10407380997,10407381042,1,"IOTHUB_CLIENT_CONFIRMATION_OK"
3076,10407381197,10407381247,1,"IOTHUB_CLIENT_CONFIRMATION_OK"
3077,10407381397,10407381442,1,"IOTHUB_CLIENT_CONFIRMATION_OK"
3078,10407381597,10407381668,1,"IOTHUB_CLIENT_CONFIRMATION_OK"
3079,10407381798,10407381836,1,"IOTHUB_CLIENT_CONFIRMATION_OK"
3080,10407381998,10407382113,1,"IOTHUB_CLIENT_CONFIRMATION_OK"
3081,10407382198,10407382232,1,"IOTHUB_CLIENT_CONFIRMATION_OK"
3082,10407382398,10407382433,1,"IOTHUB_CLIENT_CONFIRMATION_OK"
3083,10407382598,10407382654,1,"IOTHUB_CLIENT_CONFIRMATION_OK"
3084,10407382798,10407382842,1,"IOTHUB_CLIENT_CONFIRMATION_OK"
3085,10407382999,10407383036,1,"IOTHUB_CLIENT_CONFIRMATION_OK"
3086,10407383199,10407383244,1,"IOTHUB_CLIENT_CONFIRMATION_OK"
3087,10407383399,10407383510,1,"IOTHUB_CLIENT_CONFIRMATION_OK"
3088,10407383599,10407383633,1,"IOTHUB_CLIENT_CONFIRMATION_OK"
3089,10407383799,10407383838,1,"IOTHUB_CLIENT_CONFIRMATION_OK"
3090,10407383999,10407384034,1,"IOTHUB_CLIENT_CONFIRMATION_OK"
3091,10407384199,10407384243,1,"IOTHUB_CLIENT_CONFIRMATION_OK"
3092,10407384400,10407384468,1,"IOTHUB_CLIENT_CONFIRMATION_OK"
3093,10407384600,10407384631,1,"IOTHUB_CLIENT_CONFIRMATION_OK"
3094,10407384800,10407384867,1,"IOTHUB_CLIENT_CONFIRMATION_OK"
3095,10407385000,10407385042,1,"IOTHUB_CLIENT_CONFIRMATION_OK"
3096,10407385200,10407385239,1,"IOTHUB_CLIENT_CONFIRMATION_OK"
3097,10407385400,10407385451,1,"IOTHUB_CLIENT_CONFIRMATION_OK"
3098,10407385600,10407385646,1,"IOTHUB_CLIENT_CONFIRMATION_OK"
3099,10407385801,10407385903,1,"IOTHUB_CLIENT_CONFIRMATION_OK"
3100,10407386001,10407386032,1,"IOTHUB_CLIENT_CONFIRMATION_OK"
3101,10407386201,10407386245,1,"IOTHUB_CLIENT_CONFIRMATION_OK"
3102,10407386401,10407386440,1,"IOTHUB_CLIENT_CONFIRMATION_OK"
3103,10407386601,10407386634,1,"IOTHUB_CLIENT_CONFIRMATION_OK"
3104,10407386801,10407386836,1,"IOTHUB_CLIENT_CONFIRMATION_OK"
3105,10407387002,10407387182,1,"IOTHUB_CLIENT_CONFIRMATION_OK"
3106,10407387202,10407387238,1,"IOTHUB_CLIENT_CONFIRMATION_OK"
3107,10407387402,10407387432,1,"IOTHUB_CLIENT_CONFIRMATION_OK"
3108,10407387602,10407387649,1,"IOTHUB_CLIENT_CONFIRMATION_OK"
3109,10407387802,10407387916,1,"IOTHUB_CLIENT_CONFIRMATION_OK"
3110,10407388002,10407388031,1,"IOTHUB_CLIENT_CONFIRMATION_OK"
3111,10407388202,10407388238,1,"IOTHUB_CLIENT_CONFIRMATION_OK"
3112,10407388403,10407388514,1,"IOTHUB_CLIENT_CONFIRMATION_OK"
3113,10407388603,10407388647,1,"IOTHUB_CLIENT_CONFIRMATION_OK"
3114,10407388803,10407388840,1,"IOTHUB_CLIENT_CONFIRMATION_OK"
3115,10407389003,10407389038,1,"IOTHUB_CLIENT_CONFIRMATION_OK"
3116,10407389203,10407389281,1,"IOTHUB_CLIENT_CONFIRMATION_OK"
3117,10407389403,10407389441,1,"IOTHUB_CLIENT_CONFIRMATION_OK"
3118,10407389604,10407389639,1,"IOTHUB_CLIENT_CONFIRMATION_OK"
3119,10407389804,10407389849,1,"IOTHUB_CLIENT_CONFIRMATION_OK"
3120,10407390004,10407390039,1,"IOTHUB_CLIENT_CONFIRMATION_OK"
3121,10407390204,10407390251,1,"IOTHUB_CLIENT_CONFIRMATION_OK"
3122,10407390404,10407390440,1,"IOTHUB_CLIENT_CONFIRMATION_OK"
3123,10407390604,10407390689,1,"IOTHUB_CLIENT_CONFIRMATION_OK"
3124,10407390804,10407390842,1,"IOTHUB_CLIENT_CONFIRMATION_OK"
3125,10407391005,10407391044,1,"IOTHUB_CLIENT_CONFIRMATION_OK"
3126,10407391205,10407391243,1,"IOTHUB_CLIENT_CONFIRMATION_OK"
3127,10407391405,10407391445,1,"IOTHUB_CLIENT_CONFIRMATION_OK"
3128,10407391605,10407391644,1,"IOTHUB_CLIENT_CONFIRMATION_OK"
3129,10407391805,10407391847,1,"IOTHUB_CLIENT_CONFIRMATION_OK"
3130,10407392005,10407392105,1,"IOTHUB_CLIENT_CONFIRMATION_OK"
3131,10407392206,10407392240,1,"IOTHUB_CLIENT_CONFIRMATION_OK"
3132,10407392406,10407392443,1,"IOTHUB_CLIENT_CONFIRMATION_OK"
3133,10407392606,10407392642,1,"IOTHUB_CLIENT_CONFIRMATION_OK"
3134,10407392806,10407392854,1,"IOTHUB_CLIENT_CONFIRMATION_OK"
3135,10407393006,10407393043,1,"IOTHUB_CLIENT_CONFIRMATION_OK"
3136,10407393206,10407393250,1,"IOTHUB_CLIENT_CONFIRMATION_OK"
3137,10407393406,10407393573,1,"IOTHUB_CLIENT_CONFIRMATION_OK"
3138,10407393607,10407393641,1,"IOTHUB_CLIENT_CONFIRMATION_OK"
3139,10407393807,10407393852,1,"IOTHUB_CLIENT_CONFIRMATION_OK"
3140,10407394007,10407394084,1,"IOTHUB_CLIENT_CONFIRMATION_OK"
3141,10407394207,10407394241,1,"IOTHUB_CLIENT_CONFIRMATION_OK"
3142,10407394407,10407394441,1,"IOTHUB_CLIENT_CONFIRMATION_OK"
3143,10407394607,10407394639,1,"IOTHUB_CLIENT_CONFIRMATION_OK"
3144,10407394808,10407394850,1,"IOTHUB_CLIENT_CONFIRMATION_OK"
3145,10407395008,10407395053,1,"IOTHUB_CLIENT_CONFIRMATION_OK"
3146,10407395208,10407395242,1,"IOTHUB_CLIENT_CONFIRMATION_OK"
3147,10407395408,10407395442,1,"IOTHUB_CLIENT_CONFIRMATION_OK"
3148,10407395608,10407395660,1,"IOTHUB_CLIENT_CONFIRMATION_OK"
3149,10407395808,10407395852,1,"IOTHUB_CLIENT_CONFIRMATION_OK"
3150,10407396009,10407396043,1,"IOTHUB_CLIENT_CONFIRMATION_OK"
3151,10407396209,10407396242,1,"IOTHUB_CLIENT_CONFIRMATION_OK"
3152,10407396409,10407396453,1,"IOTHUB_CLIENT_CONFIRMATION_OK"
3153,10407396609,10407396665,1,"IOTHUB_CLIENT_CONFIRMATION_OK"
3154,10407396809,10407396856,1,"IOTHUB_CLIENT_CONFIRMATION_OK"
3155,10407397009,10407397187,1,"IOTHUB_CLIENT_CONFIRMATION_OK"
3156,10407397209,10407397242,1,"IOTHUB_CLIENT_CONFIRMATION_OK"
3157,10407397410,10407397445,1,"IOTHUB_CLIENT_CONFIRMATION_OK"
3158,10407397610,10407397660,1,"IOTHUB_CLIENT_CONFIRMATION_OK"
3159,10407397810,10407397968,1,"IOTHUB_CLIENT_CONFIRMATION_OK"
3160,10407398010,10407398046,1,"IOTHUB_CLIENT_CONFIRMATION_OK"
3161,10407398210,10407398253,1,"IOTHUB_CLIENT_CONFIRMATION_OK"
3162,10407398410,10407398472,1,"IOTHUB_CLIENT_CONFIRMATION_OK"
3163,10407398611,10407398663,1,"IOTHUB_CLIENT_CONFIRMATION_OK"
3164,10407398811,10407398989,1,"IOTHUB_CLIENT_CONFIRMATION_OK"
3165,10407399011,10407399066,1,"IOTHUB_CLIENT_CONFIRMATION_OK"
3166,10407399211,10407399304,1,"IOTHUB_CLIENT_CONFIRMATION_OK"
3167,10407399411,10407399447,1,"IOTHUB_CLIENT_CONFIRMATION_OK"
3168,10407399611,10407399661,1,"IOTHUB_CLIENT_CONFIRMATION_OK"
3169,10407399812,10407399843,1,"IOTHUB_CLIENT_CONFIRMATION_OK"
3170,10407400012,10407400061,1,"IOTHUB_CLIENT_CONFIRMATION_OK"
3171,10407400212,10407400271,1,"IOTHUB_CLIENT_CONFIRMATION_OK"
3172,10407400412,10407400449,1,"IOTHUB_CLIENT_CONFIRMATION_OK"
3173,10407400612,10407400653,1,"IOTHUB_CLIENT_CONFIRMATION_OK"
3174,10407400812,10407400846,1,"IOTHUB_CLIENT_CONFIRMATION_OK"
3175,10407401013,10407401050,1,"IOTHUB_CLIENT_CONFIRMATION_OK"
3176,10407401213,10407401267,1,"IOTHUB_CLIENT_CONFIRMATION_OK"
3177,10407401413,10407401446,1,"IOTHUB_CLIENT_CONFIRMATION_OK"
3178,10407401613,10407401648,1,"IOTHUB_CLIENT_CONFIRMATION_OK"
3179,10407401813,10407401849,1,"IOTHUB_CLIENT_CONFIRMATION_OK"
3180,10407402013,10407402194,1,"IOTHUB_CLIENT_CONFIRMATION_OK"
3181,10407402213,10407402248,1,"IOTHUB_CLIENT_CONFIRMATION_OK"
3182,10407402414,10407402488,1,"IOTHUB_CLIENT_CONFIRMATION_OK"
3183,10407402614,10407402662,1,"IOTHUB_CLIENT_CONFIRMATION_OK"
3184,10407402814,10407402928,1,"IOTHUB_CLIENT_CONFIRMATION_OK"
3185,10407403014,10407403052,1,"IOTHUB_CLIENT_CONFIRMATION_OK"
3186,10407403214,10407403252,1,"IOTHUB_CLIENT_CONFIRMATION_OK"
3187,10407403414,10407403623,1,"IOTHUB_CLIENT_CONFIRMATION_OK"
3188,10407403614,10407403651,1,"IOTHUB_CLIENT_CONFIRMATION_OK"
3189,10407403815,10407403860,1,"IOTHUB_CLIENT_CONFIRMATION_OK"
3190,10407404015,10407404048,1,"IOTHUB_CLIENT_CONFIRMATION_OK"
3191,10407404215,10407404273,1,"IOTHUB_CLIENT_CONFIRMATION_OK"
3192,10407404415,10407404450,1,"IOTHUB_CLIENT_CONFIRMATION_OK"
3193,10407404615,10407404650,1,"IOTHUB_CLIENT_CONFIRMATION_OK"
3194,10407404815,10407404912,1,"IOTHUB_CLIENT_CONFIRMATION_OK"
3195,10407405016,10407405083,1,"IOTHUB_CLIENT_CONFIRMATION_OK"
3196,10407405216,10407405261,1,"IOTHUB_CLIENT_CONFIRMATION_OK"
3197,10407405416,10407405448,1,"IOTHUB_CLIENT_CONFIRMATION_OK"
3198,10407405616,10407405671,1,"IOTHUB_CLIENT_CONFIRMATION_OK"
3199,10407405816,10407405851,1,"IOTHUB_CLIENT_CONFIRMATION_OK"
3200,10407406016,10407406048,1,"IOTHUB_CLIENT_CONFIRMATION_OK"
3201,10407406217,10407406248,1,"IOTHUB_CLIENT_CONFIRMATION_OK"
3202,10407406417,10407406497,1,"IOTHUB_CLIENT_CONFIRMATION_OK"
3203,10407406617,10407406654,1,"IOTHUB_CLIENT_CONFIRMATION_OK"
3204,10407406817,10407406870,1,"IOTHUB_CLIENT_CONFIRMATION_OK"
3205,10407407017,10407407081,1,"IOTHUB_CLIENT_CONFIRMATION_OK"
3206,10407407217,10407407257,1,"IOTHUB_CLIENT_CONFIRMATION_OK"
3207,10407407418,10407407453,1,"IOTHUB_CLIENT_CONFIRMATION_OK"
3208,10407407618,10407407649,1,"IOTHUB_CLIENT_CONFIRMATION_OK"
3209,10407407818,10407407870,1,"IOTHUB_CLIENT_CONFIRMATION_OK"
3210,10407408018,10407408054,1,"IOTHUB_CLIENT_CONFIRMATION_OK"
3211,10407408218,10407408252,1,"IOTHUB_CLIENT_CONFIRMATION_OK"
3212,10407408418,10407408549,1,"IOTHUB_CLIENT_CONFIRMATION_OK"
3213,10407408618,10407408651,1,"IOTHUB_CLIENT_CONFIRMATION_OK"
3214,10407408819,10407408853,1,"IOTHUB_CLIENT_CONFIRMATION_OK"
3215,10407409019,10407409152,1,"IOTHUB_CLIENT_CONFIRMATION_OK"
3216,10407409219,10407409252,1,"IOTHUB_CLIENT_CONFIRMATION_OK"
3217,10407409419,10407409453,1,"IOTHUB_CLIENT_CONFIRMATION_OK"
3218,10407409619,10407409662,1,"IOTHUB_CLIENT_CONFIRMATION_OK"
3219,10407409819,10407409899,1,"IOTHUB_CLIENT_CONFIRMATION_OK"
3220,10407410020,10407410051,1,"IOTHUB_CLIENT_CONFIRMATION_OK"
3221,10407410220,10407410255,1,"IOTHUB_CLIENT_CONFIRMATION_OK"
3222,10407410420,10407410464,1,"IOTHUB_CLIENT_CONFIRMATION_OK"
3223,10407410620,10407410658,1,"IOTHUB_CLIENT_CONFIRMATION_OK"
3224,10407410820,10407410864,1,"IOTHUB_CLIENT_CONFIRMATION_OK"
3225,10407411020,10407411052,1,"IOTHUB_CLIENT_CONFIRMATION_OK"
3226,10407411221,10407411255,1,"IOTHUB_CLIENT_CONFIRMATION_OK"
3227,10407411421,10407411456,1,"IOTHUB_CLIENT_CONFIRMATION_OK"
3228,10407411621,10407411712,1,"IOTHUB_CLIENT_CONFIRMATION_OK"
3229,10407411821,10407411864,1,"IOTHUB_CLIENT_CONFIRMATION_OK"
3230,10407412021,10407412057,1,"IOTHUB_CLIENT_CONFIRMATION_OK"
3231,10407412221,10407412265,1,"IOTHUB_CLIENT_CONFIRMATION_OK"
3232,10407412421,10407412460,1,"IOTHUB_CLIENT_CONFIRMATION_OK"
3233,10407412622,10407412656,1,"IOTHUB_CLIENT_CONFIRMATION_OK"
3234,10407412822,10407412884,1,"IOTHUB_CLIENT_CONFIRMATION_OK"
3235,10407413022,10407413058,1,"IOTHUB_CLIENT_CONFIRMATION_OK"
3236,10407413222,10407413254,1,"IOTHUB_CLIENT_CONFIRMATION_OK"
3237,10407413422,10407413476,1,"IOTHUB_CLIENT_CONFIRMATION_OK"
3238,10407413622,10407413659,1,"IOTHUB_CLIENT_CONFIRMATION_OK"
3239,10407413823,10407413872,1,"IOTHUB_CLIENT_CONFIRMATION_OK"
3240,10407414023,10407414055,1,"IOTHUB_CLIENT_CONFIRMATION_OK"
3241,10407414223,10407414324,1,"IOTHUB_CLIENT_CONFIRMATION_OK"
3242,10407414423,10407414470,1,"IOTHUB_CLIENT_CONFIRMATION_OK"
3243,10407414623,10407414691,1,"IOTHUB_CLIENT_CONFIRMATION_OK"
3244,10407414823,10407414860,1,"IOTHUB_CLIENT_CONFIRMATION_OK"
3245,10407415024,10407415062,1,"IOTHUB_CLIENT_CONFIRMATION_OK"
3246,10407415224,10407415260,1,"IOTHUB_CLIENT_CONFIRMATION_OK"
3247,10407415424,10407415461,1,"IOTHUB_CLIENT_CONFIRMATION_OK"
3248,10407415624,10407415670,1,"IOTHUB_CLIENT_CONFIRMATION_OK"
3249,10407415824,10407415861,1,"IOTHUB_CLIENT_CONFIRMATION_OK"
3250,10407416024,10407416059,1,"IOTHUB_CLIENT_CONFIRMATION_OK"
3251,10407416224,10407416299,1,"IOTHUB_CLIENT_CONFIRMATION_OK"
3252,10407416425,10407416474,1,"IOTHUB_CLIENT_CONFIRMATION_OK"
3253,10407416625,10407416666,1,"IOTHUB_CLIENT_CONFIRMATION_OK"
3254,10407416825,10407416855,1,"IOTHUB_CLIENT_CONFIRMATION_OK"
3255,10407417025,10407417069,1,"IOTHUB_CLIENT_CONFIRMATION_OK"
3256,10407417225,10407417260,1,"IOTHUB_CLIENT_CONFIRMATION_OK"
3257,10407417425,10407417477,1,"IOTHUB_CLIENT_CONFIRMATION_OK"
3258,10407417625,10407417659,1,"IOTHUB_CLIENT_CONFIRMATION_OK"
3259,10407417826,10407417897,1,"IOTHUB_CLIENT_CONFIRMATION_OK"
3260,10407418026,10407418059,1,"IOTHUB_CLIENT_CONFIRMATION_OK"
3261,10407418226,10407418334,1,"IOTHUB_CLIENT_CONFIRMATION_OK"
3262,10407418426,10407418567,1,"IOTHUB_CLIENT_CONFIRMATION_OK"
3263,10407418626,10407418669,1,"IOTHUB_CLIENT_CONFIRMATION_OK"
3264,10407418826,10407418862,1,"IOTHUB_CLIENT_CONFIRMATION_OK"
3265,10407419027,10407419070,1,"IOTHUB_CLIENT_CONFIRMATION_OK"
3266,10407419227,10407419283,1,"IOTHUB_CLIENT_CONFIRMATION_OK"
3267,10407419427,10407419461,1,"IOTHUB_CLIENT_CONFIRMATION_OK"
3268,10407419627,10407419661,1,"IOTHUB_CLIENT_CONFIRMATION_OK"
3269,10407419827,10407419862,1,"IOTHUB_CLIENT_CONFIRMATION_OK"
3270,10407420027,10407420058,1,"IOTHUB_CLIENT_CONFIRMATION_OK"
3271,10407420228,10407420264,1,"IOTHUB_CLIENT_CONFIRMATION_OK"
3272,10407420428,10407420466,1,"IOTHUB_CLIENT_CONFIRMATION_OK"
3273,10407420628,10407420740,1,"IOTHUB_CLIENT_CONFIRMATION_OK"
3274,10407420828,10407420899,1,"IOTHUB_CLIENT_CONFIRMATION_OK"
3275,10407421028,10407421078,1,"IOTHUB_CLIENT_CONFIRMATION_OK"
3276,10407421228,10407421288,1,"IOTHUB_CLIENT_CONFIRMATION_OK"
3277,10407421428,10407421480,1,"IOTHUB_CLIENT_CONFIRMATION_OK"
3278,10407421629,10407421665,1,"IOTHUB_CLIENT_CONFIRMATION_OK"
3279,10407421829,10407421870,1,"IOTHUB_CLIENT_CONFIRMATION_OK"
3280,10407422029,10407422064,1,"IOTHUB_CLIENT_CONFIRMATION_OK"
3281,10407422229,10407422269,1,"IOTHUB_CLIENT_CONFIRMATION_OK"
3282,10407422429,10407422467,1,"IOTHUB_CLIENT_CONFIRMATION_OK"
3283,10407422629,10407422663,1,"IOTHUB_CLIENT_CONFIRMATION_OK"
3284,10407422830,10407422893,1,"IOTHUB_CLIENT_CONFIRMATION_OK"
3285,10407423030,10407423062,1,"IOTHUB_CLIENT_CONFIRMATION_OK"
3286,10407423230,10407423269,1,"IOTHUB_CLIENT_CONFIRMATION_OK"
3287,10407423430,10407423469,1,"IOTHUB_CLIENT_CONFIRMATION_OK"
3288,10407423630,10407423676,1,"IOTHUB_CLIENT_CONFIRMATION_OK"
3289,10407423830,10407423862,1,"IOTHUB_CLIENT_CONFIRMATION_OK"
3290,10407424031,10407424068,1,"IOTHUB_CLIENT_CONFIRMATION_OK"
3291,10407424231,10407424285,1,"IOTHUB_CLIENT_CONFIRMATION_OK"
3292,10407424431,10407424475,1,"IOTHUB_CLIENT_CONFIRMATION_OK"
3293,10407424631,10407424675,1,"IOTHUB_CLIENT_CONFIRMATION_OK"
3294,10407424831,10407424893,1,"IOTHUB_CLIENT_CONFIRMATION_OK"
3295,10407425031,10407425072,1,"IOTHUB_CLIENT_CONFIRMATION_OK"
3296,10407425231,10407425279,1,"IOTHUB_CLIENT_CONFIRMATION_OK"
3297,10407425432,10407425520,1,"IOTHUB_CLIENT_CONFIRMATION_OK"
3298,10407425632,10407425816,1,"IOTHUB_CLIENT_CONFIRMATION_OK"
3299,10407425832,10407425876,1,"IOTHUB_CLIENT_CONFIRMATION_OK"
3300,10407426032,10407426063,1,"IOTHUB_CLIENT_CONFIRMATION_OK"
3301,10407426232,10407426262,1,"IOTHUB_CLIENT_CONFIRMATION_OK"
3302,10407426432,10407426477,1,"IOTHUB_CLIENT_CONFIRMATION_OK"
3303,10407426633,10407426677,1,"IOTHUB_CLIENT_CONFIRMATION_OK"
3304,10407426833,10407426889,1,"IOTHUB_CLIENT_CONFIRMATION_OK"
3305,10407427033,10407427178,1,"IOTHUB_CLIENT_CONFIRMATION_OK"
3306,10407427233,10407427289,1,"IOTHUB_CLIENT_CONFIRMATION_OK"
3307,10407427433,10407427472,1,"IOTHUB_CLIENT_CONFIRMATION_OK"
3308,10407427633,10407427671,1,"IOTHUB_CLIENT_CONFIRMATION_OK"
3309,10407427833,10407427870,1,"IOTHUB_CLIENT_CONFIRMATION_OK"
3310,10407428034,10407428068,1,"IOTHUB_CLIENT_CONFIRMATION_OK"
3311,10407428234,10407428271,1,"IOTHUB_CLIENT_CONFIRMATION_OK"
3312,10407428434,10407428639,1,"IOTHUB_CLIENT_CONFIRMATION_OK"
3313,10407428634,10407428706,1,"IOTHUB_CLIENT_CONFIRMATION_OK"
3314,10407428834,10407428884,1,"IOTHUB_CLIENT_CONFIRMATION_OK"
3315,10407429034,10407429081,1,"IOTHUB_CLIENT_CONFIRMATION_OK"
3316,10407429235,10407429269,1,"IOTHUB_CLIENT_CONFIRMATION_OK"
3317,10407429435,10407429507,1,"IOTHUB_CLIENT_CONFIRMATION_OK"
3318,10407429635,10407429671,1,"IOTHUB_CLIENT_CONFIRMATION_OK"
3319,10407429835,10407429866,1,"IOTHUB_CLIENT_CONFIRMATION_OK"
3320,10407430035,10407430076,1,"IOTHUB_CLIENT_CONFIRMATION_OK"
3321,10407430235,10407430281,1,"IOTHUB_CLIENT_CONFIRMATION_OK"
3322,10407430435,10407430480,1,"IOTHUB_CLIENT_CONFIRMATION_OK"
3323,10407430636,10407430669,1,"IOTHUB_CLIENT_CONFIRMATION_OK"
3324,10407430836,10407430885,1,"IOTHUB_CLIENT_CONFIRMATION_OK"
3325,10407431036,10407431073,1,"IOTHUB_CLIENT_CONFIRMATION_OK"
3326,10407431236,10407431286,1,"IOTHUB_CLIENT_CONFIRMATION_OK"
3327,10407431436,10407431511,1,"IOTHUB_CLIENT_CONFIRMATION_OK"
3328,10407431636,10407431676,1,"IOTHUB_CLIENT_CONFIRMATION_OK"
3329,10407431837,10407431869,1,"IOTHUB_CLIENT_CONFIRMATION_OK"
3330,10407432037,10407432137,1,"IOTHUB_CLIENT_CONFIRMATION_OK"
3331,10407432237,10407432272,1,"IOTHUB_CLIENT_CONFIRMATION_OK"
3332,10407432437,10407432485,1,"IOTHUB_CLIENT_CONFIRMATION_OK"
3333,10407432637,10407432697,1,"IOTHUB_CLIENT_CONFIRMATION_OK"
3334,10407432837,10407432897,1,"IOTHUB_CLIENT_CONFIRMATION_OK"
3335,10407433038,10407433080,1,"IOTHUB_CLIENT_CONFIRMATION_OK"
3336,10407433238,10407433269,1,"IOTHUB_CLIENT_CONFIRMATION_OK"
3337,10407433438,10407433480,1,"IOTHUB_CLIENT_CONFIRMATION_OK"
3338,10407433638,10407433671,1,"IOTHUB_CLIENT_CONFIRMATION_OK"
3339,10407433838,10407433900,1,"IOTHUB_CLIENT_CONFIRMATION_OK"
3340,10407434038,10407434086,1,"IOTHUB_CLIENT_CONFIRMATION_OK"
3341,10407434239,10407434319,1,"IOTHUB_CLIENT_CONFIRMATION_OK"
3342,10407434439,10407434469,1,"IOTHUB_CLIENT_CONFIRMATION_OK"
3343,10407434639,10407434673,1,"IOTHUB_CLIENT_CONFIRMATION_OK"
3344,10407434839,10407434874,1,"IOTHUB_CLIENT_CONFIRMATION_OK"
3345,10407435039,10407435132,1,"IOTHUB_CLIENT_CONFIRMATION_OK"
3346,10407435239,10407435275,1,"IOTHUB_CLIENT_CONFIRMATION_OK"
3347,10407435439,10407435475,1,"IOTHUB_CLIENT_CONFIRMATION_OK"
3348,10407435640,10407435768,1,"IOTHUB_CLIENT_CONFIRMATION_OK"
3349,10407435840,10407435876,1,"IOTHUB_CLIENT_CONFIRMATION_OK"
3350,10407436040,10407436077,1,"IOTHUB_CLIENT_CONFIRMATION_OK"
3351,10407436240,10407436277,1,"IOTHUB_CLIENT_CONFIRMATION_OK"
3352,10407436440,10407436488,1,"IOTHUB_CLIENT_CONFIRMATION_OK"
3353,10407436640,10407436673,1,"IOTHUB_CLIENT_CONFIRMATION_OK"
3354,10407436841,10407436872,1,"IOTHUB_CLIENT_CONFIRMATION_OK"
3355,10407437041,10407437187,1,"IOTHUB_CLIENT_CONFIRMATION_OK"
3356,10407437241,10407437274,1,"IOTHUB_CLIENT_CONFIRMATION_OK"
3357,10407437441,10407437490,1,"IOTHUB_CLIENT_CONFIRMATION_OK"
3358,10407437641,10407437690,1,"IOTHUB_CLIENT_CONFIRMATION_OK"
3359,10407437841,10407437878,1,"IOTHUB_CLIENT_CONFIRMATION_OK"
3360,10407438041,10407438077,1,"IOTHUB_CLIENT_CONFIRMATION_OK"
3361,10407438242,10407438290,1,"IOTHUB_CLIENT_CONFIRMATION_OK"
3362,10407438442,10407438605,1,"IOTHUB_CLIENT_CONFIRMATION_OK"
3363,10407438642,10407438680,1,"IOTHUB_CLIENT_CONFIRMATION_OK"
3364,10407438842,10407438886,1,"IOTHUB_CLIENT_CONFIRMATION_OK"
3365,10407439042,10407439092,1,"IOTHUB_CLIENT_CONFIRMATION_OK"
3366,10407439242,10407439296,1,"IOTHUB_CLIENT_CONFIRMATION_OK"
3367,10407439443,10407439487,1,"IOTHUB_CLIENT_CONFIRMATION_OK"
3368,10407439643,10407439689,1,"IOTHUB_CLIENT_CONFIRMATION_OK"
3369,10407439843,10407439895,1,"IOTHUB_CLIENT_CONFIRMATION_OK"
3370,10407440043,10407440100,1,"IOTHUB_CLIENT_CONFIRMATION_OK"
3371,10407440243,10407440287,1,"IOTHUB_CLIENT_CONFIRMATION_OK"
3372,10407440443,10407440479,1,"IOTHUB_CLIENT_CONFIRMATION_OK"
3373,10407440644,10407440679,1,"IOTHUB_CLIENT_CONFIRMATION_OK"
3374,10407440844,10407440881,1,"IOTHUB_CLIENT_CONFIRMATION_OK"
3375,10407441044,10407441074,1,"IOTHUB_CLIENT_CONFIRMATION_OK"
3376,10407441244,10407441279,1,"IOTHUB_CLIENT_CONFIRMATION_OK"
3377,10407441444,10407441499,1,"IOTHUB_CLIENT_CONFIRMATION_OK"
3378,10407441644,10407441695,1,"IOTHUB_CLIENT_CONFIRMATION_OK"
3379,10407441845,10407441877,1,"IOTHUB_CLIENT_CONFIRMATION_OK"
3380,10407442045,10407442116,1,"IOTHUB_CLIENT_CONFIRMATION_OK"
3381,10407442245,10407442292,1,"IOTHUB_CLIENT_CONFIRMATION_OK"
3382,10407442445,10407442479,1,"IOTHUB_CLIENT_CONFIRMATION_OK"
3383,10407442645,10407442679,1,"IOTHUB_CLIENT_CONFIRMATION_OK"
3384,10407442845,10407442925,1,"IOTHUB_CLIENT_CONFIRMATION_OK"
3385,10407443045,10407443079,1,"IOTHUB_CLIENT_CONFIRMATION_OK"
3386,10407443246,10407443277,1,"IOTHUB_CLIENT_CONFIRMATION_OK"
3387,10407443446,10407443518,1,"IOTHUB_CLIENT_CONFIRMATION_OK"
3388,10407443646,10407443686,1,"IOTHUB_CLIENT_CONFIRMATION_OK"
3389,10407443846,10407443878,1,"IOTHUB_CLIENT_CONFIRMATION_OK"
3390,10407444046,10407444082,1,"IOTHUB_CLIENT_CONFIRMATION_OK"
3391,10407444246,10407444329,1,"IOTHUB_CLIENT_CONFIRMATION_OK"
3392,10407444447,10407444483,1,"IOTHUB_CLIENT_CONFIRMATION_OK"
3393,10407444647,10407444694,1,"IOTHUB_CLIENT_CONFIRMATION_OK"
3394,10407444847,10407444887,1,"IOTHUB_CLIENT_CONFIRMATION_OK"
3395,10407445047,10407445080,1,"IOTHUB_CLIENT_CONFIRMATION_OK"
3396,10407445247,10407445295,1,"IOTHUB_CLIENT_CONFIRMATION_OK"
3397,10407445447,10407445480,1,"IOTHUB_CLIENT_CONFIRMATION_OK"
3398,10407445647,10407445803,1,"IOTHUB_CLIENT_CONFIRMATION_OK"
3399,10407445848,10407445879,1,"IOTHUB_CLIENT_CONFIRMATION_OK"
3400,10407446048,10407446087,1,"IOTHUB_CLIENT_CONFIRMATION_OK"
3401,10407446248,10407446285,1,"IOTHUB_CLIENT_CONFIRMATION_OK"
3402,10407446448,10407446484,1,"IOTHUB_CLIENT_CONFIRMATION_OK"
3403,10407446648,10407446715,1,"IOTHUB_CLIENT_CONFIRMATION_OK"
3404,10407446848,10407446979,1,"IOTHUB_CLIENT_CONFIRMATION_OK"
3405,10407447049,10407447254,1,"IOTHUB_CLIENT_CONFIRMATION_OK"
3406,10407447249,10407447283,1,"IOTHUB_CLIENT_CONFIRMATION_OK"
3407,10407447449,10407447483,1,"IOTHUB_CLIENT_CONFIRMATION_OK"
3408,10407447649,10407447683,1,"IOTHUB_CLIENT_CONFIRMATION_OK"
3409,10407447849,10407447890,1,"IOTHUB_CLIENT_CONFIRMATION_OK"
3410,10407448049,10407448086,1,"IOTHUB_CLIENT_CONFIRMATION_OK"
3411,10407448249,10407448301,1,"IOTHUB_CLIENT_CONFIRMATION_OK"
3412,10407448450,10407448650,1,"IOTHUB_CLIENT_CONFIRMATION_OK"
3413,10407448650,10407448683,1,"IOTHUB_CLIENT_CONFIRMATION_OK"
3414,10407448850,10407448884,1,"IOTHUB_CLIENT_CONFIRMATION_OK"
3415,10407449050,10407449142,1,"IOTHUB_CLIENT_CONFIRMATION_OK"
3416,10407449250,10407449288,1,"IOTHUB_CLIENT_CONFIRMATION_OK"
3417,10407449450,10407449487,1,"IOTHUB_CLIENT_CONFIRMATION_OK"
3418,10407449651,10407449776,1,"IOTHUB_CLIENT_CONFIRMATION_OK"
3419,10407449851,10407449897,1,"IOTHUB_CLIENT_CONFIRMATION_OK"
3420,10407450051,10407450104,1,"IOTHUB_CLIENT_CONFIRMATION_OK"
3421,10407450251,10407450282,1,"IOTHUB_CLIENT_CONFIRMATION_OK"
3422,10407450451,10407450485,1,"IOTHUB_CLIENT_CONFIRMATION_OK"
3423,10407450651,10407450705,1,"IOTHUB_CLIENT_CONFIRMATION_OK"
3424,10407450851,10407450894,1,"IOTHUB_CLIENT_CONFIRMATION_OK"
3425,10407451052,10407451088,1,"IOTHUB_CLIENT_CONFIRMATION_OK"
3426,10407451252,10407451282,1,"IOTHUB_CLIENT_CONFIRMATION_OK"
3427,10407451452,10407451527,1,"IOTHUB_CLIENT_CONFIRMATION_OK"
3428,10407451652,10407451687,1,"IOTHUB_CLIENT_CONFIRMATION_OK"
3429,10407451852,10407451896,1,"IOTHUB_CLIENT_CONFIRMATION_OK"
3430,10407452052,10407452137,1,"IOTHUB_CLIENT_CONFIRMATION_OK"
3431,10407452253,10407452326,1,"IOTHUB_CLIENT_CONFIRMATION_OK"
3432,10407452453,10407452486,1,"IOTHUB_CLIENT_CONFIRMATION_OK"
3433,10407452653,10407452694,1,"IOTHUB_CLIENT_CONFIRMATION_OK"
3434,10407452853,10407452908,1,"IOTHUB_CLIENT_CONFIRMATION_OK"
3435,10407453053,10407453133,1,"IOTHUB_CLIENT_CONFIRMATION_OK"
3436,10407453253,10407453313,1,"IOTHUB_CLIENT_CONFIRMATION_OK"
3437,10407453453,10407453591,1,"IOTHUB_CLIENT_CONFIRMATION_OK"
3438,10407453654,10407453709,1,"IOTHUB_CLIENT_CONFIRMATION_OK"
3439,10407453854,10407453896,1,"IOTHUB_CLIENT_CONFIRMATION_OK"
3440,10407454054,10407454091,1,"IOTHUB_CLIENT_CONFIRMATION_OK"
3441,10407454254,10407454296,1,"IOTHUB_CLIENT_CONFIRMATION_OK"
3442,10407454454,10407454488,1,"IOTHUB_CLIENT_CONFIRMATION_OK"
3443,10407454654,10407454713,1,"IOTHUB_CLIENT_CONFIRMATION_OK"
3444,10407454855,10407454893,1,"IOTHUB_CLIENT_CONFIRMATION_OK"
3445,10407455055,10407455114,1,"IOTHUB_CLIENT_CONFIRMATION_OK"
3446,10407455255,10407455291,1,"IOTHUB_CLIENT_CONFIRMATION_OK"
3447,10407455455,10407455513,1,"IOTHUB_CLIENT_CONFIRMATION_OK"
3448,10407455655,10407455740,1,"IOTHUB_CLIENT_CONFIRMATION_OK"
3449,10407455855,10407455886,1,"IOTHUB_CLIENT_CONFIRMATION_OK"
3450,10407456056,10407456090,1,"IOTHUB_CLIENT_CONFIRMATION_OK"
3451,10407456256,10407456287,1,"IOTHUB_CLIENT_CONFIRMATION_OK"
3452,10407456456,10407456521,1,"IOTHUB_CLIENT_CONFIRMATION_OK"
3453,10407456656,10407456691,1,"IOTHUB_CLIENT_CONFIRMATION_OK"
3454,10407456856,10407456891,1,"IOTHUB_CLIENT_CONFIRMATION_OK"
3455,10407457056,10407457214,1,"IOTHUB_CLIENT_CONFIRMATION_OK"
3456,10407457256,10407457290,1,"IOTHUB_CLIENT_CONFIRMATION_OK"
3457,10407457457,10407457523,1,"IOTHUB_CLIENT_CONFIRMATION_OK"
3458,10407457657,10407457689,1,"IOTHUB_CLIENT_CONFIRMATION_OK"
3459,10407457857,10407457901,1,"IOTHUB_CLIENT_CONFIRMATION_OK"
3460,10407458057,10407458106,1,"IOTHUB_CLIENT_CONFIRMATION_OK"
3461,10407458257,10407458287,1,"IOTHUB_CLIENT_CONFIRMATION_OK"
3462,10407458457,10407458587,1,"IOTHUB_CLIENT_CONFIRMATION_OK"
3463,10407458657,10407458690,1,"IOTHUB_CLIENT_CONFIRMATION_OK"
3464,10407458858,10407458897,1,"IOTHUB_CLIENT_CONFIRMATION_OK"
3465,10407459058,10407459101,1,"IOTHUB_CLIENT_CONFIRMATION_OK"
3466,10407459258,10407459430,1,"IOTHUB_CLIENT_CONFIRMATION_OK"
3467,10407459458,10407459499,1,"IOTHUB_CLIENT_CONFIRMATION_OK"
3468,10407459658,10407459700,1,"IOTHUB_CLIENT_CONFIRMATION_OK"
3469,10407459858,10407459894,1,"IOTHUB_CLIENT_CONFIRMATION_OK"
3470,10407460058,10407460104,1,"IOTHUB_CLIENT_CONFIRMATION_OK"
3471,10407460259,10407460302,1,"IOTHUB_CLIENT_CONFIRMATION_OK"
3472,10407460459,10407460492,1,"IOTHUB_CLIENT_CONFIRMATION_OK"
3473,10407460659,10407460712,1,"IOTHUB_CLIENT_CONFIRMATION_OK"
3474,10407460859,10407460893,1,"IOTHUB_CLIENT_CONFIRMATION_OK"
3475,10407461059,10407461103,1,"IOTHUB_CLIENT_CONFIRMATION_OK"
3476,10407461259,10407461298,1,"IOTHUB_CLIENT_CONFIRMATION_OK"
3477,10407461460,10407461504,1,"IOTHUB_CLIENT_CONFIRMATION_OK"
3478,10407461660,10407461739,1,"IOTHUB_CLIENT_CONFIRMATION_OK"
3479,10407461860,10407461892,1,"IOTHUB_CLIENT_CONFIRMATION_OK"
3480,10407462060,10407462092,1,"IOTHUB_CLIENT_CONFIRMATION_OK"
3481,10407462260,10407462340,1,"IOTHUB_CLIENT_CONFIRMATION_OK"
3482,10407462460,10407462497,1,"IOTHUB_CLIENT_CONFIRMATION_OK"
3483,10407462661,10407462703,1,"IOTHUB_CLIENT_CONFIRMATION_OK"
3484,10407462861,10407462920,1,"IOTHUB_CLIENT_CONFIRMATION_OK"
3485,10407463061,10407463143,1,"IOTHUB_CLIENT_CONFIRMATION_OK"
3486,10407463261,10407463304,1,"IOTHUB_CLIENT_CONFIRMATION_OK"
3487,10407463461,10407463520,1,"IOTHUB_CLIENT_CONFIRMATION_OK"
3488,10407463661,10407463700,1,"IOTHUB_CLIENT_CONFIRMATION_OK"
3489,10407463861,10407463896,1,"IOTHUB_CLIENT_CONFIRMATION_OK"
3490,10407464062,10407464101,1,"IOTHUB_CLIENT_CONFIRMATION_OK"
3491,10407464262,10407464375,1,"IOTHUB_CLIENT_CONFIRMATION_OK"
3492,10407464462,10407464509,1,"IOTHUB_CLIENT_CONFIRMATION_OK"
3493,10407464662,10407464701,1,"IOTHUB_CLIENT_CONFIRMATION_OK"
3494,10407464862,10407464921,1,"IOTHUB_CLIENT_CONFIRMATION_OK"
3495,10407465062,10407465099,1,"IOTHUB_CLIENT_CONFIRMATION_OK"
3496,10407465262,10407465301,1,"IOTHUB_CLIENT_CONFIRMATION_OK"
3497,10407465463,10407465502,1,"IOTHUB_CLIENT_CONFIRMATION_OK"
3498,10407465663,10407465778,1,"IOTHUB_CLIENT_CONFIRMATION_OK"
3499,10407465863,10407465907,1,"IOTHUB_CLIENT_CONFIRMATION_OK"
3500,10407466063,10407466101,1,"IOTHUB_CLIENT_CONFIRMATION_OK"
3501,10407466263,10407466300,1,"IOTHUB_CLIENT_CONFIRMATION_OK"
3502,10407466463,10407466498,1,"IOTHUB_CLIENT_CONFIRMATION_OK"
3503,10407466663,10407466694,1,"IOTHUB_CLIENT_CONFIRMATION_OK"
3504,10407466864,10407466904,1,"IOTHUB_CLIENT_CONFIRMATION_OK"
3505,10407467064,10407467221,1,"IOTHUB_CLIENT_CONFIRMATION_OK"
3506,10407467264,10407467296,1,"IOTHUB_CLIENT_CONFIRMATION_OK"
3507,10407467464,10407467498,1,"IOTHUB_CLIENT_CONFIRMATION_OK"
3508,10407467664,10407467705,1,"IOTHUB_CLIENT_CONFIRMATION_OK"
3509,10407467864,10407467926,1,"IOTHUB_CLIENT_CONFIRMATION_OK"
3510,10407468065,10407468125,1,"IOTHUB_CLIENT_CONFIRMATION_OK"
3511,10407468265,10407468305,1,"IOTHUB_CLIENT_CONFIRMATION_OK"
3512,10407468465,10407468505,1,"IOTHUB_CLIENT_CONFIRMATION_OK"
3513,10407468665,10407468715,1,"IOTHUB_CLIENT_CONFIRMATION_OK"
3514,10407468865,10407468900,1,"IOTHUB_CLIENT_CONFIRMATION_OK"
3515,10407469065,10407469098,1,"IOTHUB_CLIENT_CONFIRMATION_OK"
3516,10407469266,10407469334,1,"IOTHUB_CLIENT_CONFIRMATION_OK"
3517,10407469466,10407469498,1,"IOTHUB_CLIENT_CONFIRMATION_OK"
3518,10407469666,10407469769,1,"IOTHUB_CLIENT_CONFIRMATION_OK"
3519,10407469866,10407469903,1,"IOTHUB_CLIENT_CONFIRMATION_OK"
3520,10407470066,10407470100,1,"IOTHUB_CLIENT_CONFIRMATION_OK"
3521,10407470266,10407470301,1,"IOTHUB_CLIENT_CONFIRMATION_OK"
3522,10407470467,10407470537,1,"IOTHUB_CLIENT_CONFIRMATION_OK"
3523,10407470667,10407470746,1,"IOTHUB_CLIENT_CONFIRMATION_OK"
3524,10407470867,10407470898,1,"IOTHUB_CLIENT_CONFIRMATION_OK"
3525,10407471067,10407471113,1,"IOTHUB_CLIENT_CONFIRMATION_OK"
3526,10407471267,10407471299,1,"IOTHUB_CLIENT_CONFIRMATION_OK"
3527,10407471467,10407471512,1,"IOTHUB_CLIENT_CONFIRMATION_OK"
3528,10407471667,10407471701,1,"IOTHUB_CLIENT_CONFIRMATION_OK"
3529,10407471868,10407471904,1,"IOTHUB_CLIENT_CONFIRMATION_OK"
3530,10407472068,10407472183,1,"IOTHUB_CLIENT_CONFIRMATION_OK"
3531,10407472268,10407472305,1,"IOTHUB_CLIENT_CONFIRMATION_OK"
3532,10407472468,10407472505,1,"IOTHUB_CLIENT_CONFIRMATION_OK"
3533,10407472668,10407472699,1,"IOTHUB_CLIENT_CONFIRMATION_OK"
3534,10407472868,10407472921,1,"IOTHUB_CLIENT_CONFIRMATION_OK"
3535,10407473069,10407473108,1,"IOTHUB_CLIENT_CONFIRMATION_OK"
3536,10407473269,10407473320,1,"IOTHUB_CLIENT_CONFIRMATION_OK"
3537,10407473469,10407473653,1,"IOTHUB_CLIENT_CONFIRMATION_OK"
3538,10407473669,10407473703,1,"IOTHUB_CLIENT_CONFIRMATION_OK"
3539,10407473869,10407473903,1,"IOTHUB_CLIENT_CONFIRMATION_OK"
3540,10407474069,10407474103,1,"IOTHUB_CLIENT_CONFIRMATION_OK"
3541,10407474270,10407474305,1,"IOTHUB_CLIENT_CONFIRMATION_OK"
3542,10407474470,10407474514,1,"IOTHUB_CLIENT_CONFIRMATION_OK"
3543,10407474670,10407474708,1,"IOTHUB_CLIENT_CONFIRMATION_OK"
3544,10407474870,10407474912,1,"IOTHUB_CLIENT_CONFIRMATION_OK"
3545,10407475070,10407475204,1,"IOTHUB_CLIENT_CONFIRMATION_OK"
3546,10407475270,10407475301,1,"IOTHUB_CLIENT_CONFIRMATION_OK"
3547,10407475470,10407475507,1,"IOTHUB_CLIENT_CONFIRMATION_OK"
3548,10407475671,10407475823,1,"IOTHUB_CLIENT_CONFIRMATION_OK"
3549,10407475871,10407475903,1,"IOTHUB_CLIENT_CONFIRMATION_OK"
3550,10407476071,10407476108,1,"IOTHUB_CLIENT_CONFIRMATION_OK"
3551,10407476271,10407476306,1,"IOTHUB_CLIENT_CONFIRMATION_OK"
3552,10407476471,10407476506,1,"IOTHUB_CLIENT_CONFIRMATION_OK"
3553,10407476671,10407476706,1,"IOTHUB_CLIENT_CONFIRMATION_OK"
3554,10407476872,10407476903,1,"IOTHUB_CLIENT_CONFIRMATION_OK"
3555,10407477072,10407477257,1,"IOTHUB_CLIENT_CONFIRMATION_OK"
3556,10407477272,10407477314,1,"IOTHUB_CLIENT_CONFIRMATION_OK"
3557,10407477472,10407477523,1,"IOTHUB_CLIENT_CONFIRMATION_OK"
3558,10407477672,10407477708,1,"IOTHUB_CLIENT_CONFIRMATION_OK"
3559,10407477872,10407477909,1,"IOTHUB_CLIENT_CONFIRMATION_OK"
3560,10407478072,10407478110,1,"IOTHUB_CLIENT_CONFIRMATION_OK"
3561,10407478273,10407478308,1,"IOTHUB_CLIENT_CONFIRMATION_OK"
3562,10407478473,10407478587,1,"IOTHUB_CLIENT_CONFIRMATION_OK"
3563,10407478673,10407478703,1,"IOTHUB_CLIENT_CONFIRMATION_OK"
3564,10407478873,10407478908,1,"IOTHUB_CLIENT_CONFIRMATION_OK"
3565,10407479073,10407479126,1,"IOTHUB_CLIENT_CONFIRMATION_OK"
3566,10407479273,10407479339,1,"IOTHUB_CLIENT_CONFIRMATION_OK"
3567,10407479474,10407479546,1,"IOTHUB_CLIENT_CONFIRMATION_OK"
3568,10407479674,10407479709,1,"IOTHUB_CLIENT_CONFIRMATION_OK"
3569,10407479874,10407479904,1,"IOTHUB_CLIENT_CONFIRMATION_OK"
3570,10407480074,10407480110,1,"IOTHUB_CLIENT_CONFIRMATION_OK"
3571,10407480274,10407480326,1,"IOTHUB_CLIENT_CONFIRMATION_OK"
3572,10407480474,10407480531,1,"IOTHUB_CLIENT_CONFIRMATION_OK"
3573,10407480674,10407480760,1,"IOTHUB_CLIENT_CONFIRMATION_OK"
3574,10407480875,10407480909,1,"IOTHUB_CLIENT_CONFIRMATION_OK"
3575,10407481075,10407481111,1,"IOTHUB_CLIENT_CONFIRMATION_OK"
3576,10407481275,10407481310,1,"IOTHUB_CLIENT_CONFIRMATION_OK"
3577,10407481475,10407481545,1,"IOTHUB_CLIENT_CONFIRMATION_OK"
3578,10407481675,10407481716,1,"IOTHUB_CLIENT_CONFIRMATION_OK"
3579,10407481875,10407481907,1,"IOTHUB_CLIENT_CONFIRMATION_OK"
3580,10407482076,10407482203,1,"IOTHUB_CLIENT_CONFIRMATION_OK"
3581,10407482276,10407482326,1,"IOTHUB_CLIENT_CONFIRMATION_OK"
3582,10407482476,10407482510,1,"IOTHUB_CLIENT_CONFIRMATION_OK"
3583,10407482676,10407482707,1,"IOTHUB_CLIENT_CONFIRMATION_OK"
3584,10407482876,10407482920,1,"IOTHUB_CLIENT_CONFIRMATION_OK"
3585,10407483076,10407483117,1,"IOTHUB_CLIENT_CONFIRMATION_OK"
3586,10407483276,10407483335,1,"IOTHUB_CLIENT_CONFIRMATION_OK"
3587,10407483477,10407483625,1,"IOTHUB_CLIENT_CONFIRMATION_OK"
3588,10407483677,10407483712,1,"IOTHUB_CLIENT_CONFIRMATION_OK"
3589,10407483877,10407483910,1,"IOTHUB_CLIENT_CONFIRMATION_OK"
3590,10407484077,10407484118,1,"IOTHUB_CLIENT_CONFIRMATION_OK"
3591,10407484277,10407484311,1,"IOTHUB_CLIENT_CONFIRMATION_OK"
3592,10407484477,10407484590,1,"IOTHUB_CLIENT_CONFIRMATION_OK"
3593,10407484678,10407484753,1,"IOTHUB_CLIENT_CONFIRMATION_OK"
3594,10407484878,10407484927,1,"IOTHUB_CLIENT_CONFIRMATION_OK"
3595,10407485078,10407485113,1,"IOTHUB_CLIENT_CONFIRMATION_OK"
3596,10407485278,10407485308,1,"IOTHUB_CLIENT_CONFIRMATION_OK"
3597,10407485478,10407485525,1,"IOTHUB_CLIENT_CONFIRMATION_OK"
3598,10407485678,10407485712,1,"IOTHUB_CLIENT_CONFIRMATION_OK"
3599,10407485879,10407485916,1,"IOTHUB_CLIENT_CONFIRMATION_OK"
3600,10407486079,10407486109,1,"IOTHUB_CLIENT_CONFIRMATION_OK"
3601,10407486279,10407486318,1,"IOTHUB_CLIENT_CONFIRMATION_OK"
3602,10407486479,10407486524,1,"IOTHUB_CLIENT_CONFIRMATION_OK"
3603,10407486679,10407486722,1,"IOTHUB_CLIENT_CONFIRMATION_OK"
3604,10407486879,10407486911,1,"IOTHUB_CLIENT_CONFIRMATION_OK"
3605,10407487079,10407487112,1,"IOTHUB_CLIENT_CONFIRMATION_OK"
3606,10407487280,10407487315,1,"IOTHUB_CLIENT_CONFIRMATION_OK"
3607,10407487480,10407487514,1,"IOTHUB_CLIENT_CONFIRMATION_OK"
3608,10407487680,10407487742,1,"IOTHUB_CLIENT_CONFIRMATION_OK"
3609,10407487880,10407487969,1,"IOTHUB_CLIENT_CONFIRMATION_OK"
3610,10407488080,10407488125,1,"IOTHUB_CLIENT_CONFIRMATION_OK"
3611,10407488280,10407488314,1,"IOTHUB_CLIENT_CONFIRMATION_OK"
3612,10407488481,10407488593,1,"IOTHUB_CLIENT_CONFIRMATION_OK"
3613,10407488681,10407488713,1,"IOTHUB_CLIENT_CONFIRMATION_OK"
3614,10407488881,10407488918,1,"IOTHUB_CLIENT_CONFIRMATION_OK"
3615,10407489081,10407489126,1,"IOTHUB_CLIENT_CONFIRMATION_OK"
3616,10407489281,10407489442,1,"IOTHUB_CLIENT_CONFIRMATION_OK"
3617,10407489481,10407489526,1,"IOTHUB_CLIENT_CONFIRMATION_OK"
3618,10407489682,10407489714,1,"IOTHUB_CLIENT_CONFIRMATION_OK"
3619,10407489882,10407489925,1,"IOTHUB_CLIENT_CONFIRMATION_OK"
3620,10407490082,10407490119,1,"IOTHUB_CLIENT_CONFIRMATION_OK"
3621,10407490282,10407490317,1,"IOTHUB_CLIENT_CONFIRMATION_OK"
3622,10407490482,10407490515,1,"IOTHUB_CLIENT_CONFIRMATION_OK"
3623,10407490682,10407491017,1,"IOTHUB_CLIENT_CONFIRMATION_OK"
3624,10407490883,10407491105,1,"IOTHUB_CLIENT_CONFIRMATION_OK"
3625,10407491083,10407491140,1,"IOTHUB_CLIENT_CONFIRMATION_OK"
3626,10407491283,10407491384,1,"IOTHUB_CLIENT_CONFIRMATION_OK"
3627,10407491483,10407491519,1,"IOTHUB_CLIENT_CONFIRMATION_OK"
3628,10407491683,10407491730,1,"IOTHUB_CLIENT_CONFIRMATION_OK"
3629,10407491883,10407491922,1,"IOTHUB_CLIENT_CONFIRMATION_OK"
3630,10407492083,10407492250,1,"IOTHUB_CLIENT_CONFIRMATION_OK"
3631,10407492284,10407492326,1,"IOTHUB_CLIENT_CONFIRMATION_OK"
3632,10407492484,10407492518,1,"IOTHUB_CLIENT_CONFIRMATION_OK"
3633,10407492684,10407492716,1,"IOTHUB_CLIENT_CONFIRMATION_OK"
3634,10407492884,10407492932,1,"IOTHUB_CLIENT_CONFIRMATION_OK"
3635,10407493084,10407493134,1,"IOTHUB_CLIENT_CONFIRMATION_OK"
3636,10407493284,10407493320,1,"IOTHUB_CLIENT_CONFIRMATION_OK"
3637,10407493485,10407493679,1,"IOTHUB_CLIENT_CONFIRMATION_OK"
3638,10407493685,10407493719,1,"IOTHUB_CLIENT_CONFIRMATION_OK"
3639,10407493885,10407493922,1,"IOTHUB_CLIENT_CONFIRMATION_OK"
3640,10407494085,10407494144,1,"IOTHUB_CLIENT_CONFIRMATION_OK"
3641,10407494285,10407494332,1,"IOTHUB_CLIENT_CONFIRMATION_OK"
3642,10407494485,10407494520,1,"IOTHUB_CLIENT_CONFIRMATION_OK"
3643,10407494686,10407494822,1,"IOTHUB_CLIENT_CONFIRMATION_OK"
3644,10407494886,10407494949,1,"IOTHUB_CLIENT_CONFIRMATION_OK"
3645,10407495086,10407495116,1,"IOTHUB_CLIENT_CONFIRMATION_OK"
3646,10407495286,10407495326,1,"IOTHUB_CLIENT_CONFIRMATION_OK"
3647,10407495486,10407495521,1,"IOTHUB_CLIENT_CONFIRMATION_OK"
3648,10407495686,10407495766,1,"IOTHUB_CLIENT_CONFIRMATION_OK"
3649,10407495886,10407495931,1,"IOTHUB_CLIENT_CONFIRMATION_OK"
3650,10407496087,10407496124,1,"IOTHUB_CLIENT_CONFIRMATION_OK"
3651,10407496287,10407496326,1,"IOTHUB_CLIENT_CONFIRMATION_OK"
3652,10407496487,10407496522,1,"IOTHUB_CLIENT_CONFIRMATION_OK"
3653,10407496687,10407496729,1,"IOTHUB_CLIENT_CONFIRMATION_OK"
3654,10407496887,10407496917,1,"IOTHUB_CLIENT_CONFIRMATION_OK"
3655,10407497088,10407497201,1,"IOTHUB_CLIENT_CONFIRMATION_OK"
3656,10407497288,10407497323,1,"IOTHUB_CLIENT_CONFIRMATION_OK"
3657,10407497488,10407497567,1,"IOTHUB_CLIENT_CONFIRMATION_OK"
3658,10407497688,10407497720,1,"IOTHUB_CLIENT_CONFIRMATION_OK"
3659,10407497888,10407497922,1,"IOTHUB_CLIENT_CONFIRMATION_OK"
3660,10407498088,10407498155,1,"IOTHUB_CLIENT_CONFIRMATION_OK"
3661,10407498288,10407498326,1,"IOTHUB_CLIENT_CONFIRMATION_OK"
3662,10407498489,10407498622,1,"IOTHUB_CLIENT_CONFIRMATION_OK"
3663,10407498689,10407498725,1,"IOTHUB_CLIENT_CONFIRMATION_OK"
3664,10407498889,10407498959,1,"IOTHUB_CLIENT_CONFIRMATION_OK"
3665,10407499089,10407499214,1,"IOTHUB_CLIENT_CONFIRMATION_OK"
3666,10407499289,10407499322,1,"IOTHUB_CLIENT_CONFIRMATION_OK"
3667,10407499489,10407499524,1,"IOTHUB_CLIENT_CONFIRMATION_OK"
3668,10407499690,10407499735,1,"IOTHUB_CLIENT_CONFIRMATION_OK"
3669,10407499890,10407499943,1,"IOTHUB_CLIENT_CONFIRMATION_OK"
3670,10407500090,10407500120,1,"IOTHUB_CLIENT_CONFIRMATION_OK"
3671,10407500290,10407500325,1,"IOTHUB_CLIENT_CONFIRMATION_OK"
3672,10407500490,10407500536,1,"IOTHUB_CLIENT_CONFIRMATION_OK"
3673,10407500690,10407500881,1,"IOTHUB_CLIENT_CONFIRMATION_OK"
3674,10407500890,10407500935,1,"IOTHUB_CLIENT_CONFIRMATION_OK"
3675,10407501091,10407501127,1,"IOTHUB_CLIENT_CONFIRMATION_OK"
3676,10407501291,10407501338,1,"IOTHUB_CLIENT_CONFIRMATION_OK"
3677,10407501491,10407501570,1,"IOTHUB_CLIENT_CONFIRMATION_OK"
3678,10407501691,10407501791,1,"IOTHUB_CLIENT_CONFIRMATION_OK"
3679,10407501891,10407501926,1,"IOTHUB_CLIENT_CONFIRMATION_OK"
3680,10407502091,10407502165,1,"IOTHUB_CLIENT_CONFIRMATION_OK"
3681,10407502292,10407502322,1,"IOTHUB_CLIENT_CONFIRMATION_OK"
3682,10407502492,10407502528,1,"IOTHUB_CLIENT_CONFIRMATION_OK"
3683,10407502692,10407502722,1,"IOTHUB_CLIENT_CONFIRMATION_OK"
3684,10407502892,10407502923,1,"IOTHUB_CLIENT_CONFIRMATION_OK"
3685,10407503092,10407503124,1,"IOTHUB_CLIENT_CONFIRMATION_OK"
3686,10407503292,10407503340,1,"IOTHUB_CLIENT_CONFIRMATION_OK"
3687,10407503493,10407503589,1,"IOTHUB_CLIENT_CONFIRMATION_OK"
3688,10407503693,10407503741,1,"IOTHUB_CLIENT_CONFIRMATION_OK"
3689,10407503893,10407503979,1,"IOTHUB_CLIENT_CONFIRMATION_OK"
3690,10407504093,10407504138,1,"IOTHUB_CLIENT_CONFIRMATION_OK"
3691,10407504293,10407504429,1,"IOTHUB_CLIENT_CONFIRMATION_OK"
3692,10407504493,10407504531,1,"IOTHUB_CLIENT_CONFIRMATION_OK"
3693,10407504693,10407504746,1,"IOTHUB_CLIENT_CONFIRMATION_OK"
3694,10407504894,10407505089,1,"IOTHUB_CLIENT_CONFIRMATION_OK"
3695,10407505094,10407505130,1,"IOTHUB_CLIENT_CONFIRMATION_OK"
3696,10407505294,10407505344,1,"IOTHUB_CLIENT_CONFIRMATION_OK"
3697,10407505494,10407505524,1,"IOTHUB_CLIENT_CONFIRMATION_OK"
3698,10407505694,10407505735,1,"IOTHUB_CLIENT_CONFIRMATION_OK"
3699,10407505894,10407505929,1,"IOTHUB_CLIENT_CONFIRMATION_OK"
3700,10407506095,10407506129,1,"IOTHUB_CLIENT_CONFIRMATION_OK"
3701,10407506295,10407506329,1,"IOTHUB_CLIENT_CONFIRMATION_OK"
3702,10407506495,10407506560,1,"IOTHUB_CLIENT_CONFIRMATION_OK"
3703,10407506695,10407506727,1,"IOTHUB_CLIENT_CONFIRMATION_OK"
3704,10407506895,10407506927,1,"IOTHUB_CLIENT_CONFIRMATION_OK"
3705,10407507095,10407507135,1,"IOTHUB_CLIENT_CONFIRMATION_OK"
3706,10407507295,10407507364,1,"IOTHUB_CLIENT_CONFIRMATION_OK"
3707,10407507496,10407507527,1,"IOTHUB_CLIENT_CONFIRMATION_OK"
3708,10407507696,10407507727,1,"IOTHUB_CLIENT_CONFIRMATION_OK"
3709,10407507896,10407507961,1,"IOTHUB_CLIENT_CONFIRMATION_OK"
3710,10407508096,10407508128,1,"IOTHUB_CLIENT_CONFIRMATION_OK"
3711,10407508296,10407508340,1,"IOTHUB_CLIENT_CONFIRMATION_OK"
3712,10407508496,10407508582,1,"IOTHUB_CLIENT_CONFIRMATION_OK"
3713,10407508697,10407508750,1,"IOTHUB_CLIENT_CONFIRMATION_OK"
3714,10407508897,10407508942,1,"IOTHUB_CLIENT_CONFIRMATION_OK"
3715,10407509097,10407509137,1,"IOTHUB_CLIENT_CONFIRMATION_OK"
3716,10407509297,10407509410,1,"IOTHUB_CLIENT_CONFIRMATION_OK"
3717,10407509497,10407509569,1,"IOTHUB_CLIENT_CONFIRMATION_OK"
3718,10407509697,10407509732,1,"IOTHUB_CLIENT_CONFIRMATION_OK"
3719,10407509897,10407509942,1,"IOTHUB_CLIENT_CONFIRMATION_OK"
3720,10407510098,10407510132,1,"IOTHUB_CLIENT_CONFIRMATION_OK"
3721,10407510298,10407510327,1,"IOTHUB_CLIENT_CONFIRMATION_OK"
3722,10407510498,10407510552,1,"IOTHUB_CLIENT_CONFIRMATION_OK"
3723,10407510698,10407510835,1,"IOTHUB_CLIENT_CONFIRMATION_OK"
3724,10407510898,10407510938,1,"IOTHUB_CLIENT_CONFIRMATION_OK"
3725,10407511098,10407511134,1,"IOTHUB_CLIENT_CONFIRMATION_OK"
3726,10407511299,10407511332,1,"IOTHUB_CLIENT_CONFIRMATION_OK"
3727,10407511499,10407511533,1,"IOTHUB_CLIENT_CONFIRMATION_OK"
3728,10407511699,10407511809,1,"IOTHUB_CLIENT_CONFIRMATION_OK"
3729,10407511899,10407511930,1,"IOTHUB_CLIENT_CONFIRMATION_OK"
3730,10407512099,10407512268,1,"IOTHUB_CLIENT_CONFIRMATION_OK"
3731,10407512299,10407512331,1,"IOTHUB_CLIENT_CONFIRMATION_OK"
3732,10407512499,10407512535,1,"IOTHUB_CLIENT_CONFIRMATION_OK"
3733,10407512700,10407512750,1,"IOTHUB_CLIENT_CONFIRMATION_OK"
3734,10407512900,10407512940,1,"IOTHUB_CLIENT_CONFIRMATION_OK"
3735,10407513100,10407513154,1,"IOTHUB_CLIENT_CONFIRMATION_OK"
3736,10407513300,10407513335,1,"IOTHUB_CLIENT_CONFIRMATION_OK"
3737,10407513500,10407513667,1,"IOTHUB_CLIENT_CONFIRMATION_OK"
3738,10407513700,10407513735,1,"IOTHUB_CLIENT_CONFIRMATION_OK"
3739,10407513900,10407513935,1,"IOTHUB_CLIENT_CONFIRMATION_OK"
3740,10407514101,10407514145,1,"IOTHUB_CLIENT_CONFIRMATION_OK"
3741,10407514301,10407514343,1,"IOTHUB_CLIENT_CONFIRMATION_OK"
3742,10407514501,10407514535,1,"IOTHUB_CLIENT_CONFIRMATION_OK"
3743,10407514701,10407514759,1,"IOTHUB_CLIENT_CONFIRMATION_OK"
3744,10407514901,10407514936,1,"IOTHUB_CLIENT_CONFIRMATION_OK"
3745,10407515101,10407515194,1,"IOTHUB_CLIENT_CONFIRMATION_OK"
3746,10407515301,10407515371,1,"IOTHUB_CLIENT_CONFIRMATION_OK"
3747,10407515502,10407515539,1,"IOTHUB_CLIENT_CONFIRMATION_OK"
3748,10407515702,10407515819,1,"IOTHUB_CLIENT_CONFIRMATION_OK"
3749,10407515902,10407515943,1,"IOTHUB_CLIENT_CONFIRMATION_OK"
3750,10407516102,10407516162,1,"IOTHUB_CLIENT_CONFIRMATION_OK"
3751,10407516302,10407516337,1,"IOTHUB_CLIENT_CONFIRMATION_OK"
3752,10407516502,10407516534,1,"IOTHUB_CLIENT_CONFIRMATION_OK"
3753,10407516703,10407516747,1,"IOTHUB_CLIENT_CONFIRMATION_OK"
3754,10407516903,10407516943,1,"IOTHUB_CLIENT_CONFIRMATION_OK"
3755,10407517103,10407517241,1,"IOTHUB_CLIENT_CONFIRMATION_OK"
3756,10407517303,10407517335,1,"IOTHUB_CLIENT_CONFIRMATION_OK"
3757,10407517503,10407517537,1,"IOTHUB_CLIENT_CONFIRMATION_OK"
3758,10407517703,10407517739,1,"IOTHUB_CLIENT_CONFIRMATION_OK"
3759,10407517903,10407517964,1,"IOTHUB_CLIENT_CONFIRMATION_OK"
3760,10407518104,10407518135,1,"IOTHUB_CLIENT_CONFIRMATION_OK"
3761,10407518304,10407518338,1,"IOTHUB_CLIENT_CONFIRMATION_OK"
3762,10407518504,10407518534,1,"IOTHUB_CLIENT_CONFIRMATION_OK"
3763,10407518704,10407518745,1,"IOTHUB_CLIENT_CONFIRMATION_OK"
3764,10407518904,10407518957,1,"IOTHUB_CLIENT_CONFIRMATION_OK"
3765,10407519104,10407519142,1,"IOTHUB_CLIENT_CONFIRMATION_OK"
3766,10407519305,10407519412,1,"IOTHUB_CLIENT_CONFIRMATION_OK"
3767,10407519505,10407519552,1,"IOTHUB_CLIENT_CONFIRMATION_OK"
3768,10407519705,10407519744,1,"IOTHUB_CLIENT_CONFIRMATION_OK"
3769,10407519905,10407519947,1,"IOTHUB_CLIENT_CONFIRMATION_OK"
3770,10407520105,10407520139,1,"IOTHUB_CLIENT_CONFIRMATION_OK"
3771,10407520305,10407520337,1,"IOTHUB_CLIENT_CONFIRMATION_OK"
3772,10407520506,10407520560,1,"IOTHUB_CLIENT_CONFIRMATION_OK"
3773,10407520706,10407520883,1,"IOTHUB_CLIENT_CONFIRMATION_OK"
3774,10407520906,10407520946,1,"IOTHUB_CLIENT_CONFIRMATION_OK"
3775,10407521106,10407521166,1,"IOTHUB_CLIENT_CONFIRMATION_OK"
3776,10407521306,10407521353,1,"IOTHUB_CLIENT_CONFIRMATION_OK"
3777,10407521506,10407521550,1,"IOTHUB_CLIENT_CONFIRMATION_OK"
3778,10407521706,10407521751,1,"IOTHUB_CLIENT_CONFIRMATION_OK"
3779,10407521907,10407521947,1,"IOTHUB_CLIENT_CONFIRMATION_OK"
3780,10407522107,10407522206,1,"IOTHUB_CLIENT_CONFIRMATION_OK"
3781,10407522307,10407522365,1,"IOTHUB_CLIENT_CONFIRMATION_OK"
3782,10407522507,10407522539,1,"IOTHUB_CLIENT_CONFIRMATION_OK"
3783,10407522707,10407522748,1,"IOTHUB_CLIENT_CONFIRMATION_OK"
3784,10407522907,10407522951,1,"IOTHUB_CLIENT_CONFIRMATION_OK"
3785,10407523107,10407523162,1,"IOTHUB_CLIENT_CONFIRMATION_OK"
3786,10407523308,10407523406,1,"IOTHUB_CLIENT_CONFIRMATION_OK"
3787,10407523508,10407523624,1,"IOTHUB_CLIENT_CONFIRMATION_OK"
3788,10407523708,10407523737,1,"IOTHUB_CLIENT_CONFIRMATION_OK"
3789,10407523908,10407523948,1,"IOTHUB_CLIENT_CONFIRMATION_OK"
3790,10407524108,10407524142,1,"IOTHUB_CLIENT_CONFIRMATION_OK"
3791,10407524308,10407524345,1,"IOTHUB_CLIENT_CONFIRMATION_OK"
3792,10407524508,10407524541,1,"IOTHUB_CLIENT_CONFIRMATION_OK"
3793,10407524709,10407524743,1,"IOTHUB_CLIENT_CONFIRMATION_OK"
3794,10407524909,10407524942,1,"IOTHUB_CLIENT_CONFIRMATION_OK"
3795,10407525109,10407525172,1,"IOTHUB_CLIENT_CONFIRMATION_OK"
3796,10407525309,10407525354,1,"IOTHUB_CLIENT_CONFIRMATION_OK"
3797,10407525509,10407525570,1,"IOTHUB_CLIENT_CONFIRMATION_OK"
3798,10407525710,10407525882,1,"IOTHUB_CLIENT_CONFIRMATION_OK"
3799,10407525910,10407525946,1,"IOTHUB_CLIENT_CONFIRMATION_OK"
3800,10407526110,10407526146,1,"IOTHUB_CLIENT_CONFIRMATION_OK"
3801,10407526310,10407526364,1,"IOTHUB_CLIENT_CONFIRMATION_OK"
3802,10407526510,10407526541,1,"IOTHUB_CLIENT_CONFIRMATION_OK"
3803,10407526710,10407526750,1,"IOTHUB_CLIENT_CONFIRMATION_OK"
3804,10407526910,10407526942,1,"IOTHUB_CLIENT_CONFIRMATION_OK"
3805,10407527111,10407527281,1,"IOTHUB_CLIENT_CONFIRMATION_OK"
3806,10407527311,10407527341,1,"IOTHUB_CLIENT_CONFIRMATION_OK"
3807,10407527511,10407527548,1,"IOTHUB_CLIENT_CONFIRMATION_OK"
3808,10407527711,10407527741,1,"IOTHUB_CLIENT_CONFIRMATION_OK"
3809,10407527911,10407527956,1,"IOTHUB_CLIENT_CONFIRMATION_OK"
3810,10407528111,10407528144,1,"IOTHUB_CLIENT_CONFIRMATION_OK"
3811,10407528312,10407528366,1,"IOTHUB_CLIENT_CONFIRMATION_OK"
3812,10407528512,10407528745,1,"IOTHUB_CLIENT_CONFIRMATION_OK"
3813,10407528712,10407528756,1,"IOTHUB_CLIENT_CONFIRMATION_OK"
3814,10407528912,10407528945,1,"IOTHUB_CLIENT_CONFIRMATION_OK"
3815,10407529112,10407529142,1,"IOTHUB_CLIENT_CONFIRMATION_OK"
3816,10407529312,10407529380,1,"IOTHUB_CLIENT_CONFIRMATION_OK"
3817,10407529513,10407529552,1,"IOTHUB_CLIENT_CONFIRMATION_OK"
3818,10407529713,10407529747,1,"IOTHUB_CLIENT_CONFIRMATION_OK"
3819,10407529913,10407529945,1,"IOTHUB_CLIENT_CONFIRMATION_OK"
3820,10407530113,10407530178,1,"IOTHUB_CLIENT_CONFIRMATION_OK"
3821,10407530313,10407530369,1,"IOTHUB_CLIENT_CONFIRMATION_OK"
3822,10407530513,10407530551,1,"IOTHUB_CLIENT_CONFIRMATION_OK"
3823,10407530714,10407530811,1,"IOTHUB_CLIENT_CONFIRMATION_OK"
3824,10407530914,10407530951,1,"IOTHUB_CLIENT_CONFIRMATION_OK"
3825,10407531114,10407531162,1,"IOTHUB_CLIENT_CONFIRMATION_OK"
3826,10407531314,10407531354,1,"IOTHUB_CLIENT_CONFIRMATION_OK"
3827,10407531514,10407531549,1,"IOTHUB_CLIENT_CONFIRMATION_OK"
3828,10407531714,10407531778,1,"IOTHUB_CLIENT_CONFIRMATION_OK"
3829,10407531914,10407531972,1,"IOTHUB_CLIENT_CONFIRMATION_OK"
3830,10407532115,10407532272,1,"IOTHUB_CLIENT_CONFIRMATION_OK"
3831,10407532315,10407532347,1,"IOTHUB_CLIENT_CONFIRMATION_OK"
3832,10407532515,10407532558,1,"IOTHUB_CLIENT_CONFIRMATION_OK"
3833,10407532715,10407532749,1,"IOTHUB_CLIENT_CONFIRMATION_OK"
3834,10407532915,10407532955,1,"IOTHUB_CLIENT_CONFIRMATION_OK"
3835,10407533115,10407533151,1,"IOTHUB_CLIENT_CONFIRMATION_OK"
3836,10407533315,10407533349,1,"IOTHUB_CLIENT_CONFIRMATION_OK"
3837,10407533516,10407533715,1,"IOTHUB_CLIENT_CONFIRMATION_OK"
3838,10407533716,10407533747,1,"IOTHUB_CLIENT_CONFIRMATION_OK"
3839,10407533916,10407534016,1,"IOTHUB_CLIENT_CONFIRMATION_OK"
3840,10407534116,10407534148,1,"IOTHUB_CLIENT_CONFIRMATION_OK"
3841,10407534316,10407534356,1,"IOTHUB_CLIENT_CONFIRMATION_OK"
3842,10407534516,10407534557,1,"IOTHUB_CLIENT_CONFIRMATION_OK"
3843,10407534717,10407534754,1,"IOTHUB_CLIENT_CONFIRMATION_OK"
3844,10407534917,10407534952,1,"IOTHUB_CLIENT_CONFIRMATION_OK"
3845,10407535117,10407535166,1,"IOTHUB_CLIENT_CONFIRMATION_OK"
3846,10407535317,10407535379,1,"IOTHUB_CLIENT_CONFIRMATION_OK"
3847,10407535517,10407535548,1,"IOTHUB_CLIENT_CONFIRMATION_OK"
3848,10407535717,10407535754,1,"IOTHUB_CLIENT_CONFIRMATION_OK"
3849,10407535917,10407535968,1,"IOTHUB_CLIENT_CONFIRMATION_OK"
3850,10407536118,10407536153,1,"IOTHUB_CLIENT_CONFIRMATION_OK"
3851,10407536318,10407536350,1,"IOTHUB_CLIENT_CONFIRMATION_OK"
3852,10407536518,10407536559,1,"IOTHUB_CLIENT_CONFIRMATION_OK"
3853,10407536718,10407536791,1,"IOTHUB_CLIENT_CONFIRMATION_OK"
3854,10407536918,10407536953,1,"IOTHUB_CLIENT_CONFIRMATION_OK"
3855,10407537118,10407537173,1,"IOTHUB_CLIENT_CONFIRMATION_OK"
3856,10407537319,10407537419,1,"IOTHUB_CLIENT_CONFIRMATION_OK"
3857,10407537519,10407537581,1,"IOTHUB_CLIENT_CONFIRMATION_OK"
3858,10407537719,10407537764,1,"IOTHUB_CLIENT_CONFIRMATION_OK"
3859,10407537919,10407538009,1,"IOTHUB_CLIENT_CONFIRMATION_OK"
3860,10407538119,10407538154,1,"IOTHUB_CLIENT_CONFIRMATION_OK"
3861,10407538319,10407538360,1,"IOTHUB_CLIENT_CONFIRMATION_OK"
3862,10407538520,10407538626,1,"IOTHUB_CLIENT_CONFIRMATION_OK"
3863,10407538720,10407538755,1,"IOTHUB_CLIENT_CONFIRMATION_OK"
3864,10407538920,10407538953,1,"IOTHUB_CLIENT_CONFIRMATION_OK"
3865,10407539120,10407539159,1,"IOTHUB_CLIENT_CONFIRMATION_OK"
3866,10407539320,10407539424,1,"IOTHUB_CLIENT_CONFIRMATION_OK"
3867,10407539520,10407539554,1,"IOTHUB_CLIENT_CONFIRMATION_OK"
3868,10407539720,10407539757,1,"IOTHUB_CLIENT_CONFIRMATION_OK"
3869,10407539921,10407539995,1,"IOTHUB_CLIENT_CONFIRMATION_OK"
3870,10407540121,10407540151,1,"IOTHUB_CLIENT_CONFIRMATION_OK"
3871,10407540321,10407540396,1,"IOTHUB_CLIENT_CONFIRMATION_OK"
3872,10407540521,10407540560,1,"IOTHUB_CLIENT_CONFIRMATION_OK"
3873,10407540721,10407540852,1,"IOTHUB_CLIENT_CONFIRMATION_OK"
3874,10407540921,10407540954,1,"IOTHUB_CLIENT_CONFIRMATION_OK"
3875,10407541122,10407541196,1,"IOTHUB_CLIENT_CONFIRMATION_OK"
3876,10407541322,10407541353,1,"IOTHUB_CLIENT_CONFIRMATION_OK"
3877,10407541522,10407541572,1,"IOTHUB_CLIENT_CONFIRMATION_OK"
3878,10407541722,10407541768,1,"IOTHUB_CLIENT_CONFIRMATION_OK"
3879,10407541922,10407541961,1,"IOTHUB_CLIENT_CONFIRMATION_OK"
3880,10407542122,10407542272,1,"IOTHUB_CLIENT_CONFIRMATION_OK"
3881,10407542322,10407542353,1,"IOTHUB_CLIENT_CONFIRMATION_OK"
3882,10407542523,10407542566,1,"IOTHUB_CLIENT_CONFIRMATION_OK"
3883,10407542723,10407542757,1,"IOTHUB_CLIENT_CONFIRMATION_OK"
3884,10407542923,10407542960,1,"IOTHUB_CLIENT_CONFIRMATION_OK"
3885,10407543123,10407543152,1,"IOTHUB_CLIENT_CONFIRMATION_OK"
3886,10407543323,10407543356,1,"IOTHUB_CLIENT_CONFIRMATION_OK"
3887,10407543523,10407543686,1,"IOTHUB_CLIENT_CONFIRMATION_OK"
3888,10407543723,10407543754,1,"IOTHUB_CLIENT_CONFIRMATION_OK"
3889,10407543924,10407543981,1,"IOTHUB_CLIENT_CONFIRMATION_OK"
3890,10407544124,10407544161,1,"IOTHUB_CLIENT_CONFIRMATION_OK"
3891,10407544324,10407544367,1,"IOTHUB_CLIENT_CONFIRMATION_OK"
3892,10407544524,10407544558,1,"IOTHUB_CLIENT_CONFIRMATION_OK"
3893,10407544724,10407544762,1,"IOTHUB_CLIENT_CONFIRMATION_OK"
3894,10407544924,10407544961,1,"IOTHUB_CLIENT_CONFIRMATION_OK"
3895,10407545124,10407545156,1,"IOTHUB_CLIENT_CONFIRMATION_OK"
3896,10407545325,10407545355,1,"IOTHUB_CLIENT_CONFIRMATION_OK"
3897,10407545525,10407545556,1,"IOTHUB_CLIENT_CONFIRMATION_OK"
3898,10407545725,10407545775,1,"IOTHUB_CLIENT_CONFIRMATION_OK"
3899,10407545925,10407545967,1,"IOTHUB_CLIENT_CONFIRMATION_OK"
3900,10407546125,10407546164,1,"IOTHUB_CLIENT_CONFIRMATION_OK"
3901,10407546325,10407546472,1,"IOTHUB_CLIENT_CONFIRMATION_OK"
3902,10407546526,10407546574,1,"IOTHUB_CLIENT_CONFIRMATION_OK"
3903,10407546726,10407546757,1,"IOTHUB_CLIENT_CONFIRMATION_OK"
3904,10407546926,10407546971,1,"IOTHUB_CLIENT_CONFIRMATION_OK"
3905,10407547126,10407547211,1,"IOTHUB_CLIENT_CONFIRMATION_OK"
3906,10407547326,10407547366,1,"IOTHUB_CLIENT_CONFIRMATION_OK"
3907,10407547526,10407547562,1,"IOTHUB_CLIENT_CONFIRMATION_OK"
3908,10407547727,10407547760,1,"IOTHUB_CLIENT_CONFIRMATION_OK"
3909,10407547927,10407548006,1,"IOTHUB_CLIENT_CONFIRMATION_OK"
3910,10407548127,10407548179,1,"IOTHUB_CLIENT_CONFIRMATION_OK"
3911,10407548327,10407548366,1,"IOTHUB_CLIENT_CONFIRMATION_OK"
3912,10407548527,10407548605,1,"IOTHUB_CLIENT_CONFIRMATION_OK"
3913,10407548727,10407548761,1,"IOTHUB_CLIENT_CONFIRMATION_OK"
3914,10407548928,10407549032,1,"IOTHUB_CLIENT_CONFIRMATION_OK"
3915,10407549128,10407549186,1,"IOTHUB_CLIENT_CONFIRMATION_OK"
3916,10407549328,10407549361,1,"IOTHUB_CLIENT_CONFIRMATION_OK"
3917,10407549528,10407549579,1,"IOTHUB_CLIENT_CONFIRMATION_OK"
3918,10407549728,10407549759,1,"IOTHUB_CLIENT_CONFIRMATION_OK"
3919,10407549928,10407549962,1,"IOTHUB_CLIENT_CONFIRMATION_OK"
3920,10407550128,10407550178,1,"IOTHUB_CLIENT_CONFIRMATION_OK"
3921,10407550329,10407550392,1,"IOTHUB_CLIENT_CONFIRMATION_OK"
3922,10407550529,10407550591,1,"IOTHUB_CLIENT_CONFIRMATION_OK"
3923,10407550729,10407550907,1,"IOTHUB_CLIENT_CONFIRMATION_OK"
3924,10407550929,10407550968,1,"IOTHUB_CLIENT_CONFIRMATION_OK"
3925,10407551129,10407551175,1,"IOTHUB_CLIENT_CONFIRMATION_OK"
3926,10407551329,10407551361,1,"IOTHUB_CLIENT_CONFIRMATION_OK"
3927,10407551530,10407551562,1,"IOTHUB_CLIENT_CONFIRMATION_OK"
3928,10407551730,10407551762,1,"IOTHUB_CLIENT_CONFIRMATION_OK"
3929,10407551930,10407551965,1,"IOTHUB_CLIENT_CONFIRMATION_OK"
3930,10407552130,10407552298,1,"IOTHUB_CLIENT_CONFIRMATION_OK"
3931,10407552330,10407552364,1,"IOTHUB_CLIENT_CONFIRMATION_OK"
3932,10407552530,10407552571,1,"IOTHUB_CLIENT_CONFIRMATION_OK"
3933,10407552730,10407552763,1,"IOTHUB_CLIENT_CONFIRMATION_OK"
3934,10407552931,10407552963,1,"IOTHUB_CLIENT_CONFIRMATION_OK"
3935,10407553131,10407553165,1,"IOTHUB_CLIENT_CONFIRMATION_OK"
3936,10407553331,10407553367,1,"IOTHUB_CLIENT_CONFIRMATION_OK"
3937,10407553531,10407553795,1,"IOTHUB_CLIENT_CONFIRMATION_OK"
3938,10407553731,10407553812,1,"IOTHUB_CLIENT_CONFIRMATION_OK"
3939,10407553931,10407553969,1,"IOTHUB_CLIENT_CONFIRMATION_OK"
3940,10407554132,10407554228,1,"IOTHUB_CLIENT_CONFIRMATION_OK"
3941,10407554332,10407554388,1,"IOTHUB_CLIENT_CONFIRMATION_OK"
3942,10407554532,10407554563,1,"IOTHUB_CLIENT_CONFIRMATION_OK"
3943,10407554732,10407554763,1,"IOTHUB_CLIENT_CONFIRMATION_OK"
3944,10407554932,10407554961,1,"IOTHUB_CLIENT_CONFIRMATION_OK"
3945,10407555132,10407555171,1,"IOTHUB_CLIENT_CONFIRMATION_OK"
3946,10407555332,10407555454,1,"IOTHUB_CLIENT_CONFIRMATION_OK"
3947,10407555533,10407555564,1,"IOTHUB_CLIENT_CONFIRMATION_OK"
3948,10407555733,10407555905,1,"IOTHUB_CLIENT_CONFIRMATION_OK"
3949,10407555933,10407555990,1,"IOTHUB_CLIENT_CONFIRMATION_OK"
3950,10407556133,10407556172,1,"IOTHUB_CLIENT_CONFIRMATION_OK"
3951,10407556333,10407556373,1,"IOTHUB_CLIENT_CONFIRMATION_OK"
3952,10407556533,10407556573,1,"IOTHUB_CLIENT_CONFIRMATION_OK"
3953,10407556733,10407556769,1,"IOTHUB_CLIENT_CONFIRMATION_OK"
3954,10407556934,10407556969,1,"IOTHUB_CLIENT_CONFIRMATION_OK"
3955,10407557134,10407557359,1,"IOTHUB_CLIENT_CONFIRMATION_OK"
3956,10407557334,10407557370,1,"IOTHUB_CLIENT_CONFIRMATION_OK"
3957,10407557534,10407557564,1,"IOTHUB_CLIENT_CONFIRMATION_OK"
3958,10407557734,10407557769,1,"IOTHUB_CLIENT_CONFIRMATION_OK"
3959,10407557934,10407557982,1,"IOTHUB_CLIENT_CONFIRMATION_OK"
3960,10407558135,10407558168,1,"IOTHUB_CLIENT_CONFIRMATION_OK"
3961,10407558335,10407558369,1,"IOTHUB_CLIENT_CONFIRMATION_OK"
3962,10407558535,10407558769,1,"IOTHUB_CLIENT_CONFIRMATION_OK"
3963,10407558735,10407558784,1,"IOTHUB_CLIENT_CONFIRMATION_OK"
3964,10407558935,10407558981,1,"IOTHUB_CLIENT_CONFIRMATION_OK"
3965,10407559135,10407559168,1,"IOTHUB_CLIENT_CONFIRMATION_OK"
3966,10407559336,10407559374,1,"IOTHUB_CLIENT_CONFIRMATION_OK"
3967,10407559536,10407559570,1,"IOTHUB_CLIENT_CONFIRMATION_OK"
3968,10407559736,10407559790,1,"IOTHUB_CLIENT_CONFIRMATION_OK"
3969,10407559936,10407559981,1,"IOTHUB_CLIENT_CONFIRMATION_OK"
3970,10407560136,10407560192,1,"IOTHUB_CLIENT_CONFIRMATION_OK"
3971,10407560336,10407560378,1,"IOTHUB_CLIENT_CONFIRMATION_OK"
3972,10407560536,10407560618,1,"IOTHUB_CLIENT_CONFIRMATION_OK"
3973,10407560737,10407560796,1,"IOTHUB_CLIENT_CONFIRMATION_OK"
3974,10407560937,10407560978,1,"IOTHUB_CLIENT_CONFIRMATION_OK"
3975,10407561137,10407561183,1,"IOTHUB_CLIENT_CONFIRMATION_OK"
3976,10407561337,10407561412,1,"IOTHUB_CLIENT_CONFIRMATION_OK"
3977,10407561537,10407561610,1,"IOTHUB_CLIENT_CONFIRMATION_OK"
3978,10407561737,10407561782,1,"IOTHUB_CLIENT_CONFIRMATION_OK"
3979,10407561938,10407561993,1,"IOTHUB_CLIENT_CONFIRMATION_OK"
3980,10407562138,10407562202,1,"IOTHUB_CLIENT_CONFIRMATION_OK"
3981,10407562338,10407562382,1,"IOTHUB_CLIENT_CONFIRMATION_OK"
3982,10407562538,10407562570,1,"IOTHUB_CLIENT_CONFIRMATION_OK"
3983,10407562738,10407562768,1,"IOTHUB_CLIENT_CONFIRMATION_OK"
3984,10407562938,10407563088,1,"IOTHUB_CLIENT_CONFIRMATION_OK"
3985,10407563138,10407563175,1,"IOTHUB_CLIENT_CONFIRMATION_OK"
3986,10407563339,10407563384,1,"IOTHUB_CLIENT_CONFIRMATION_OK"
3987,10407563539,10407563626,1,"IOTHUB_CLIENT_CONFIRMATION_OK"
3988,10407563739,10407563781,1,"IOTHUB_CLIENT_CONFIRMATION_OK"
3989,10407563939,10407563973,1,"IOTHUB_CLIENT_CONFIRMATION_OK"
3990,10407564139,10407564170,1,"IOTHUB_CLIENT_CONFIRMATION_OK"
3991,10407564339,10407564462,1,"IOTHUB_CLIENT_CONFIRMATION_OK"
3992,10407564540,10407564576,1,"IOTHUB_CLIENT_CONFIRMATION_OK"
3993,10407564740,10407564782,1,"IOTHUB_CLIENT_CONFIRMATION_OK"
3994,10407564940,10407564984,1,"IOTHUB_CLIENT_CONFIRMATION_OK"
3995,10407565140,10407565175,1,"IOTHUB_CLIENT_CONFIRMATION_OK"
3996,10407565340,10407565402,1,"IOTHUB_CLIENT_CONFIRMATION_OK"
3997,10407565540,10407565573,1,"IOTHUB_CLIENT_CONFIRMATION_OK"
3998,10407565740,10407565778,1,"IOTHUB_CLIENT_CONFIRMATION_OK"
3999,10407565941,10407565984,1,"IOTHUB_CLIENT_CONFIRMATION_OK"
4000,10407566141,10407566174,1,"IOTHUB_CLIENT_CONFIRMATION_OK"
4001,10407566341,10407566374,1,"IOTHUB_CLIENT_CONFIRMATION_OK"
4002,10407566541,10407566600,1,"IOTHUB_CLIENT_CONFIRMATION_OK"
4003,10407566741,10407566775,1,"IOTHUB_CLIENT_CONFIRMATION_OK"
4004,10407566941,10407566980,1,"IOTHUB_CLIENT_CONFIRMATION_OK"
4005,10407567142,10407567183,1,"IOTHUB_CLIENT_CONFIRMATION_OK"
4006,10407567342,10407567384,1,"IOTHUB_CLIENT_CONFIRMATION_OK"
4007,10407567542,10407567574,1,"IOTHUB_CLIENT_CONFIRMATION_OK"
4008,10407567742,10407567773,1,"IOTHUB_CLIENT_CONFIRMATION_OK"
4009,10407567942,10407568107,1,"IOTHUB_CLIENT_CONFIRMATION_OK"
4010,10407568142,10407568181,1,"IOTHUB_CLIENT_CONFIRMATION_OK"
4011,10407568343,10407568394,1,"IOTHUB_CLIENT_CONFIRMATION_OK"
4012,10407568543,10407568604,1,"IOTHUB_CLIENT_CONFIRMATION_OK"
4013,10407568743,10407568776,1,"IOTHUB_CLIENT_CONFIRMATION_OK"
4014,10407568943,10407568981,1,"IOTHUB_CLIENT_CONFIRMATION_OK"
4015,10407569143,10407569217,1,"IOTHUB_CLIENT_CONFIRMATION_OK"
4016,10407569343,10407569453,1,"IOTHUB_CLIENT_CONFIRMATION_OK"
4017,10407569543,10407569618,1,"IOTHUB_CLIENT_CONFIRMATION_OK"
4018,10407569744,10407569775,1,"IOTHUB_CLIENT_CONFIRMATION_OK"
4019,10407569944,10407569992,1,"IOTHUB_CLIENT_CONFIRMATION_OK"
4020,10407570144,10407570181,1,"IOTHUB_CLIENT_CONFIRMATION_OK"
4021,10407570344,10407570376,1,"IOTHUB_CLIENT_CONFIRMATION_OK"
4022,10407570544,10407570592,1,"IOTHUB_CLIENT_CONFIRMATION_OK"
4023,10407570744,10407570881,1,"IOTHUB_CLIENT_CONFIRMATION_OK"
4024,10407570945,10407571008,1,"IOTHUB_CLIENT_CONFIRMATION_OK"
4025,10407571145,10407571198,1,"IOTHUB_CLIENT_CONFIRMATION_OK"
4026,10407571345,10407571380,1,"IOTHUB_CLIENT_CONFIRMATION_OK"
4027,10407571545,10407571581,1,"IOTHUB_CLIENT_CONFIRMATION_OK"
4028,10407571745,10407571781,1,"IOTHUB_CLIENT_CONFIRMATION_OK"
4029,10407571945,10407571977,1,"IOTHUB_CLIENT_CONFIRMATION_OK"
4030,10407572146,10407572180,1,"IOTHUB_CLIENT_CONFIRMATION_OK"
4031,10407572346,10407572410,1,"IOTHUB_CLIENT_CONFIRMATION_OK"
4032,10407572546,10407572593,1,"IOTHUB_CLIENT_CONFIRMATION_OK"
4033,10407572746,10407572784,1,"IOTHUB_CLIENT_CONFIRMATION_OK"
4034,10407572946,10407573000,1,"IOTHUB_CLIENT_CONFIRMATION_OK"
4035,10407573146,10407573184,1,"IOTHUB_CLIENT_CONFIRMATION_OK"
4036,10407573347,10407573382,1,"IOTHUB_CLIENT_CONFIRMATION_OK"
4037,10407573547,10407573585,1,"IOTHUB_CLIENT_CONFIRMATION_OK"
4038,10407573747,10407573779,1,"IOTHUB_CLIENT_CONFIRMATION_OK"
4039,10407573947,10407573988,1,"IOTHUB_CLIENT_CONFIRMATION_OK"
4040,10407574147,10407574200,1,"IOTHUB_CLIENT_CONFIRMATION_OK"
4041,10407574347,10407574423,1,"IOTHUB_CLIENT_CONFIRMATION_OK"
4042,10407574547,10407574581,1,"IOTHUB_CLIENT_CONFIRMATION_OK"
4043,10407574748,10407574792,1,"IOTHUB_CLIENT_CONFIRMATION_OK"
4044,10407574948,10407574985,1,"IOTHUB_CLIENT_CONFIRMATION_OK"
4045,10407575148,10407575193,1,"IOTHUB_CLIENT_CONFIRMATION_OK"
4046,10407575348,10407575391,1,"IOTHUB_CLIENT_CONFIRMATION_OK"
4047,10407575548,10407575602,1,"IOTHUB_CLIENT_CONFIRMATION_OK"
4048,10407575748,10407575795,1,"IOTHUB_CLIENT_CONFIRMATION_OK"
4049,10407575948,10407575988,1,"IOTHUB_CLIENT_CONFIRMATION_OK"
4050,10407576149,10407576178,1,"IOTHUB_CLIENT_CONFIRMATION_OK"
4051,10407576349,10407576379,1,"IOTHUB_CLIENT_CONFIRMATION_OK"
4052,10407576549,10407576583,1,"IOTHUB_CLIENT_CONFIRMATION_OK"
4053,10407576749,10407576788,1,"IOTHUB_CLIENT_CONFIRMATION_OK"
4054,10407576949,10407576985,1,"IOTHUB_CLIENT_CONFIRMATION_OK"
4055,10407577149,10407577194,1,"IOTHUB_CLIENT_CONFIRMATION_OK"
4056,10407577349,10407577383,1,"IOTHUB_CLIENT_CONFIRMATION_OK"
4057,10407577550,10407577605,1,"IOTHUB_CLIENT_CONFIRMATION_OK"
4058,10407577750,10407577786,1,"IOTHUB_CLIENT_CONFIRMATION_OK"
4059,10407577950,10407577989,1,"IOTHUB_CLIENT_CONFIRMATION_OK"
4060,10407578150,10407578289,1,"IOTHUB_CLIENT_CONFIRMATION_OK"
4061,10407578350,10407578384,1,"IOTHUB_CLIENT_CONFIRMATION_OK"
4062,10407578550,10407578713,1,"IOTHUB_CLIENT_CONFIRMATION_OK"
4063,10407578750,10407578781,1,"IOTHUB_CLIENT_CONFIRMATION_OK"
4064,10407578951,10407578982,1,"IOTHUB_CLIENT_CONFIRMATION_OK"
4065,10407579151,10407579181,1,"IOTHUB_CLIENT_CONFIRMATION_OK"
4066,10407579351,10407579412,1,"IOTHUB_CLIENT_CONFIRMATION_OK"
4067,10407579551,10407579596,1,"IOTHUB_CLIENT_CONFIRMATION_OK"
4068,10407579751,10407579798,1,"IOTHUB_CLIENT_CONFIRMATION_OK"
4069,10407579951,10407579993,1,"IOTHUB_CLIENT_CONFIRMATION_OK"
4070,10407580152,10407580190,1,"IOTHUB_CLIENT_CONFIRMATION_OK"
4071,10407580352,10407580384,1,"IOTHUB_CLIENT_CONFIRMATION_OK"
4072,10407580552,10407580589,1,"IOTHUB_CLIENT_CONFIRMATION_OK"
4073,10407580752,10407580791,1,"IOTHUB_CLIENT_CONFIRMATION_OK"
4074,10407580952,10407580989,1,"IOTHUB_CLIENT_CONFIRMATION_OK"
4075,10407581152,10407581322,1,"IOTHUB_CLIENT_CONFIRMATION_OK"
4076,10407581353,10407581403,1,"IOTHUB_CLIENT_CONFIRMATION_OK"
4077,10407581553,10407581629,1,"IOTHUB_CLIENT_CONFIRMATION_OK"
4078,10407581753,10407581831,1,"IOTHUB_CLIENT_CONFIRMATION_OK"
4079,10407581953,10407581984,1,"IOTHUB_CLIENT_CONFIRMATION_OK"
4080,10407582153,10407582189,1,"IOTHUB_CLIENT_CONFIRMATION_OK"
4081,10407582353,10407582392,1,"IOTHUB_CLIENT_CONFIRMATION_OK"
4082,10407582554,10407582588,1,"IOTHUB_CLIENT_CONFIRMATION_OK"
4083,10407582754,10407582790,1,"IOTHUB_CLIENT_CONFIRMATION_OK"
4084,10407582954,10407582998,1,"IOTHUB_CLIENT_CONFIRMATION_OK"
4085,10407583154,10407583193,1,"IOTHUB_CLIENT_CONFIRMATION_OK"
4086,10407583354,10407583404,1,"IOTHUB_CLIENT_CONFIRMATION_OK"
4087,10407583554,10407583588,1,"IOTHUB_CLIENT_CONFIRMATION_OK"
4088,10407583754,10407583791,1,"IOTHUB_CLIENT_CONFIRMATION_OK"
4089,10407583955,10407583989,1,"IOTHUB_CLIENT_CONFIRMATION_OK"
4090,10407584155,10407584263,1,"IOTHUB_CLIENT_CONFIRMATION_OK"
4091,10407584355,10407584459,1,"IOTHUB_CLIENT_CONFIRMATION_OK"
4092,10407584555,10407584590,1,"IOTHUB_CLIENT_CONFIRMATION_OK"
4093,10407584755,10407584789,1,"IOTHUB_CLIENT_CONFIRMATION_OK"
4094,10407584955,10407584991,1,"IOTHUB_CLIENT_CONFIRMATION_OK"
4095,10407585156,10407585192,1,"IOTHUB_CLIENT_CONFIRMATION_OK"
4096,10407585356,10407585388,1,"IOTHUB_CLIENT_CONFIRMATION_OK"
4097,10407585556,10407585593,1,"IOTHUB_CLIENT_CONFIRMATION_OK"
4098,10407585756,10407585826,1,"IOTHUB_CLIENT_CONFIRMATION_OK"
4099,10407585956,10407585991,1,"IOTHUB_CLIENT_CONFIRMATION_OK"
4100,10407586157,10407586193,1,"IOTHUB_CLIENT_CONFIRMATION_OK"
4101,10407586357,10407586400,1,"IOTHUB_CLIENT_CONFIRMATION_OK"
4102,10407586557,10407586592,1,"IOTHUB_CLIENT_CONFIRMATION_OK"
4103,10407586757,10407586791,1,"IOTHUB_CLIENT_CONFIRMATION_OK"
4104,10407586957,10407586990,1,"IOTHUB_CLIENT_CONFIRMATION_OK"
4105,10407587157,10407587296,1,"IOTHUB_CLIENT_CONFIRMATION_OK"
4106,10407587357,10407587393,1,"IOTHUB_CLIENT_CONFIRMATION_OK"
4107,10407587558,10407587591,1,"IOTHUB_CLIENT_CONFIRMATION_OK"
4108,10407587758,10407587797,1,"IOTHUB_CLIENT_CONFIRMATION_OK"
4109,10407587958,10407587988,1,"IOTHUB_CLIENT_CONFIRMATION_OK"
4110,10407588158,10407588190,1,"IOTHUB_CLIENT_CONFIRMATION_OK"
4111,10407588358,10407588391,1,"IOTHUB_CLIENT_CONFIRMATION_OK"
4112,10407588558,10407588717,1,"IOTHUB_CLIENT_CONFIRMATION_OK"
4113,10407588759,10407588793,1,"IOTHUB_CLIENT_CONFIRMATION_OK"
4114,10407588959,10407589007,1,"IOTHUB_CLIENT_CONFIRMATION_OK"
4115,10407589159,10407589205,1,"IOTHUB_CLIENT_CONFIRMATION_OK"
4116,10407589359,10407589401,1,"IOTHUB_CLIENT_CONFIRMATION_OK"
4117,10407589559,10407589592,1,"IOTHUB_CLIENT_CONFIRMATION_OK"
4118,10407589759,10407589809,1,"IOTHUB_CLIENT_CONFIRMATION_OK"
4119,10407589959,10407589999,1,"IOTHUB_CLIENT_CONFIRMATION_OK"
4120,10407590160,10407590220,1,"IOTHUB_CLIENT_CONFIRMATION_OK"
4121,10407590360,10407590409,1,"IOTHUB_CLIENT_CONFIRMATION_OK"
4122,10407590560,10407590600,1,"IOTHUB_CLIENT_CONFIRMATION_OK"
4123,10407590760,10407590812,1,"IOTHUB_CLIENT_CONFIRMATION_OK"
4124,10407590960,10407591008,1,"IOTHUB_CLIENT_CONFIRMATION_OK"
4125,10407591160,10407591192,1,"IOTHUB_CLIENT_CONFIRMATION_OK"
4126,10407591360,10407591414,1,"IOTHUB_CLIENT_CONFIRMATION_OK"
4127,10407591561,10407591607,1,"IOTHUB_CLIENT_CONFIRMATION_OK"
4128,10407591761,10407591807,1,"IOTHUB_CLIENT_CONFIRMATION_OK"
4129,10407591961,10407591992,1,"IOTHUB_CLIENT_CONFIRMATION_OK"
4130,10407592161,10407592194,1,"IOTHUB_CLIENT_CONFIRMATION_OK"
4131,10407592361,10407592407,1,"IOTHUB_CLIENT_CONFIRMATION_OK"
4132,10407592561,10407592592,1,"IOTHUB_CLIENT_CONFIRMATION_OK"
4133,10407592762,10407592797,1,"IOTHUB_CLIENT_CONFIRMATION_OK"
4134,10407592962,10407593022,1,"IOTHUB_CLIENT_CONFIRMATION_OK"
4135,10407593162,10407593198,1,"IOTHUB_CLIENT_CONFIRMATION_OK"
4136,10407593362,10407593396,1,"IOTHUB_CLIENT_CONFIRMATION_OK"
4137,10407593562,10407593597,1,"IOTHUB_CLIENT_CONFIRMATION_OK"
4138,10407593762,10407593807,1,"IOTHUB_CLIENT_CONFIRMATION_OK"
4139,10407593962,10407594052,1,"IOTHUB_CLIENT_CONFIRMATION_OK"
4140,10407594163,10407594193,1,"IOTHUB_CLIENT_CONFIRMATION_OK"
4141,10407594363,10407594408,1,"IOTHUB_CLIENT_CONFIRMATION_OK"
4142,10407594563,10407594781,1,"IOTHUB_CLIENT_CONFIRMATION_OK"
4143,10407594763,10407594811,1,"IOTHUB_CLIENT_CONFIRMATION_OK"
4144,10407594963,10407595067,1,"IOTHUB_CLIENT_CONFIRMATION_OK"
4145,10407595163,10407595207,1,"IOTHUB_CLIENT_CONFIRMATION_OK"
4146,10407595364,10407595401,1,"IOTHUB_CLIENT_CONFIRMATION_OK"
4147,10407595564,10407595615,1,"IOTHUB_CLIENT_CONFIRMATION_OK"
4148,10407595764,10407595887,1,"IOTHUB_CLIENT_CONFIRMATION_OK"
4149,10407595964,10407595996,1,"IOTHUB_CLIENT_CONFIRMATION_OK"
4150,10407596164,10407596205,1,"IOTHUB_CLIENT_CONFIRMATION_OK"
4151,10407596364,10407596408,1,"IOTHUB_CLIENT_CONFIRMATION_OK"
4152,10407596565,10407596602,1,"IOTHUB_CLIENT_CONFIRMATION_OK"
4153,10407596765,10407596796,1,"IOTHUB_CLIENT_CONFIRMATION_OK"
4154,10407596965,10407597000,1,"IOTHUB_CLIENT_CONFIRMATION_OK"
4155,10407597165,10407597333,1,"IOTHUB_CLIENT_CONFIRMATION_OK"
4156,10407597365,10407597401,1,"IOTHUB_CLIENT_CONFIRMATION_OK"
4157,10407597565,10407597625,1,"IOTHUB_CLIENT_CONFIRMATION_OK"
4158,10407597765,10407597798,1,"IOTHUB_CLIENT_CONFIRMATION_OK"
4159,10407597966,10407598060,1,"IOTHUB_CLIENT_CONFIRMATION_OK"
4160,10407598166,10407598198,1,"IOTHUB_CLIENT_CONFIRMATION_OK"
4161,10407598366,10407598396,1,"IOTHUB_CLIENT_CONFIRMATION_OK"
4162,10407598566,10407598634,1,"IOTHUB_CLIENT_CONFIRMATION_OK"
4163,10407598766,10407598839,1,"IOTHUB_CLIENT_CONFIRMATION_OK"
4164,10407598966,10407599000,1,"IOTHUB_CLIENT_CONFIRMATION_OK"
4165,10407599166,10407599211,1,"IOTHUB_CLIENT_CONFIRMATION_OK"
4166,10407599367,10407599471,1,"IOTHUB_CLIENT_CONFIRMATION_OK"
4167,10407599567,10407599601,1,"IOTHUB_CLIENT_CONFIRMATION_OK"
4168,10407599767,10407599800,1,"IOTHUB_CLIENT_CONFIRMATION_OK"
4169,10407599967,10407600009,1,"IOTHUB_CLIENT_CONFIRMATION_OK"
4170,10407600167,10407600204,1,"IOTHUB_CLIENT_CONFIRMATION_OK"
4171,10407600367,10407600466,1,"IOTHUB_CLIENT_CONFIRMATION_OK"
4172,10407600567,10407600605,1,"IOTHUB_CLIENT_CONFIRMATION_OK"
4173,10407600768,10407600809,1,"IOTHUB_CLIENT_CONFIRMATION_OK"
4174,10407600968,10407600997,1,"IOTHUB_CLIENT_CONFIRMATION_OK"
4175,10407601168,10407601228,1,"IOTHUB_CLIENT_CONFIRMATION_OK"
4176,10407601368,10407601401,1,"IOTHUB_CLIENT_CONFIRMATION_OK"
4177,10407601568,10407601607,1,"IOTHUB_CLIENT_CONFIRMATION_OK"
4178,10407601768,10407601806,1,"IOTHUB_CLIENT_CONFIRMATION_OK"
4179,10407601968,10407602010,1,"IOTHUB_CLIENT_CONFIRMATION_OK"
4180,10407602169,10407602200,1,"IOTHUB_CLIENT_CONFIRMATION_OK"
4181,10407602369,10407602402,1,"IOTHUB_CLIENT_CONFIRMATION_OK"
4182,10407602569,10407602605,1,"IOTHUB_CLIENT_CONFIRMATION_OK"
4183,10407602769,10407602806,1,"IOTHUB_CLIENT_CONFIRMATION_OK"
4184,10407602969,10407603022,1,"IOTHUB_CLIENT_CONFIRMATION_OK"
4185,10407603169,10407603209,1,"IOTHUB_CLIENT_CONFIRMATION_OK"
4186,10407603370,10407603432,1,"IOTHUB_CLIENT_CONFIRMATION_OK"
4187,10407603570,10407603645,1,"IOTHUB_CLIENT_CONFIRMATION_OK"
4188,10407603770,10407603811,1,"IOTHUB_CLIENT_CONFIRMATION_OK"
4189,10407603970,10407604007,1,"IOTHUB_CLIENT_CONFIRMATION_OK"
4190,10407604170,10407604226,1,"IOTHUB_CLIENT_CONFIRMATION_OK"
4191,10407604370,10407604475,1,"IOTHUB_CLIENT_CONFIRMATION_OK"
4192,10407604570,10407604617,1,"IOTHUB_CLIENT_CONFIRMATION_OK"
4193,10407604771,10407604838,1,"IOTHUB_CLIENT_CONFIRMATION_OK"
4194,10407604971,10407605000,1,"IOTHUB_CLIENT_CONFIRMATION_OK"
4195,10407605171,10407605203,1,"IOTHUB_CLIENT_CONFIRMATION_OK"
4196,10407605371,10407605405,1,"IOTHUB_CLIENT_CONFIRMATION_OK"
4197,10407605571,10407605621,1,"IOTHUB_CLIENT_CONFIRMATION_OK"
4198,10407605771,10407605858,1,"IOTHUB_CLIENT_CONFIRMATION_OK"
4199,10407605971,10407606005,1,"IOTHUB_CLIENT_CONFIRMATION_OK"
4200,10407606172,10407606204,1,"IOTHUB_CLIENT_CONFIRMATION_OK"
4201,10407606372,10407606421,1,"IOTHUB_CLIENT_CONFIRMATION_OK"
4202,10407606572,10407606603,1,"IOTHUB_CLIENT_CONFIRMATION_OK"
4203,10407606772,10407606803,1,"IOTHUB_CLIENT_CONFIRMATION_OK"
4204,10407606972,10407607104,1,"IOTHUB_CLIENT_CONFIRMATION_OK"
4205,10407607172,10407607321,1,"IOTHUB_CLIENT_CONFIRMATION_OK"
4206,10407607373,10407607410,1,"IOTHUB_CLIENT_CONFIRMATION_OK"
4207,10407607573,10407607615,1,"IOTHUB_CLIENT_CONFIRMATION_OK"
4208,10407607773,10407607802,1,"IOTHUB_CLIENT_CONFIRMATION_OK"
4209,10407607973,10407608007,1,"IOTHUB_CLIENT_CONFIRMATION_OK"
4210,10407608173,10407608222,1,"IOTHUB_CLIENT_CONFIRMATION_OK"
4211,10407608373,10407608413,1,"IOTHUB_CLIENT_CONFIRMATION_OK"
4212,10407608574,10407608779,1,"IOTHUB_CLIENT_CONFIRMATION_OK"
4213,10407608774,10407608824,1,"IOTHUB_CLIENT_CONFIRMATION_OK"
4214,10407608974,10407609019,1,"IOTHUB_CLIENT_CONFIRMATION_OK"
4215,10407609174,10407609209,1,"IOTHUB_CLIENT_CONFIRMATION_OK"
4216,10407609374,10407609491,1,"IOTHUB_CLIENT_CONFIRMATION_OK"
4217,10407609574,10407609613,1,"IOTHUB_CLIENT_CONFIRMATION_OK"
4218,10407609775,10407609804,1,"IOTHUB_CLIENT_CONFIRMATION_OK"
4219,10407609975,10407610084,1,"IOTHUB_CLIENT_CONFIRMATION_OK"
4220,10407610175,10407610241,1,"IOTHUB_CLIENT_CONFIRMATION_OK"
4221,10407610375,10407610415,1,"IOTHUB_CLIENT_CONFIRMATION_OK"
4222,10407610575,10407610624,1,"IOTHUB_CLIENT_CONFIRMATION_OK"
4223,10407610775,10407610911,1,"IOTHUB_CLIENT_CONFIRMATION_OK"
4224,10407610975,10407611025,1,"IOTHUB_CLIENT_CONFIRMATION_OK"
4225,10407611176,10407611217,1,"IOTHUB_CLIENT_CONFIRMATION_OK"
4226,10407611376,10407611407,1,"IOTHUB_CLIENT_CONFIRMATION_OK"
4227,10407611576,10407611608,1,"IOTHUB_CLIENT_CONFIRMATION_OK"
4228,10407611776,10407611810,1,"IOTHUB_CLIENT_CONFIRMATION_OK"
4229,10407611976,10407612011,1,"IOTHUB_CLIENT_CONFIRMATION_OK"
4230,10407612176,10407612350,1,"IOTHUB_CLIENT_CONFIRMATION_OK"
4231,10407612377,10407612415,1,"IOTHUB_CLIENT_CONFIRMATION_OK"
4232,10407612577,10407612629,1,"IOTHUB_CLIENT_CONFIRMATION_OK"
4233,10407612777,10407612809,1,"IOTHUB_CLIENT_CONFIRMATION_OK"
4234,10407612977,10407613018,1,"IOTHUB_CLIENT_CONFIRMATION_OK"
4235,10407613177,10407613214,1,"IOTHUB_CLIENT_CONFIRMATION_OK"
4236,10407613377,10407613415,1,"IOTHUB_CLIENT_CONFIRMATION_OK"
4237,10407613577,10407613785,1,"IOTHUB_CLIENT_CONFIRMATION_OK"
4238,10407613778,10407613807,1,"IOTHUB_CLIENT_CONFIRMATION_OK"
4239,10407613978,10407614037,1,"IOTHUB_CLIENT_CONFIRMATION_OK"
4240,10407614178,10407614238,1,"IOTHUB_CLIENT_CONFIRMATION_OK"
4241,10407614378,10407614422,1,"IOTHUB_CLIENT_CONFIRMATION_OK"
4242,10407614578,10407614611,1,"IOTHUB_CLIENT_CONFIRMATION_OK"
4243,10407614778,10407614822,1,"IOTHUB_CLIENT_CONFIRMATION_OK"
4244,10407614979,10407615049,1,"IOTHUB_CLIENT_CONFIRMATION_OK"
4245,10407615179,10407615241,1,"IOTHUB_CLIENT_CONFIRMATION_OK"
4246,10407615379,10407615415,1,"IOTHUB_CLIENT_CONFIRMATION_OK"
4247,10407615579,10407615620,1,"IOTHUB_CLIENT_CONFIRMATION_OK"
4248,10407615779,10407615823,1,"IOTHUB_CLIENT_CONFIRMATION_OK"
4249,10407615979,10407616041,1,"IOTHUB_CLIENT_CONFIRMATION_OK"
4250,10407616179,10407616218,1,"IOTHUB_CLIENT_CONFIRMATION_OK"
4251,10407616380,10407616412,1,"IOTHUB_CLIENT_CONFIRMATION_OK"
4252,10407616580,10407616648,1,"IOTHUB_CLIENT_CONFIRMATION_OK"
4253,10407616780,10407616813,1,"IOTHUB_CLIENT_CONFIRMATION_OK"
4254,10407616980,10407617017,1,"IOTHUB_CLIENT_CONFIRMATION_OK"
4255,10407617180,10407617237,1,"IOTHUB_CLIENT_CONFIRMATION_OK"
4256,10407617380,10407617416,1,"IOTHUB_CLIENT_CONFIRMATION_OK"
4257,10407617581,10407617641,1,"IOTHUB_CLIENT_CONFIRMATION_OK"
4258,10407617781,10407617816,1,"IOTHUB_CLIENT_CONFIRMATION_OK"
4259,10407617981,10407618050,1,"IOTHUB_CLIENT_CONFIRMATION_OK"
4260,10407618181,10407618212,1,"IOTHUB_CLIENT_CONFIRMATION_OK"
4261,10407618381,10407618419,1,"IOTHUB_CLIENT_CONFIRMATION_OK"
4262,10407618581,10407618670,1,"IOTHUB_CLIENT_CONFIRMATION_OK"
4263,10407618781,10407618818,1,"IOTHUB_CLIENT_CONFIRMATION_OK"
4264,10407618982,10407619020,1,"IOTHUB_CLIENT_CONFIRMATION_OK"
4265,10407619182,10407619224,1,"IOTHUB_CLIENT_CONFIRMATION_OK"
4266,10407619382,10407619434,1,"IOTHUB_CLIENT_CONFIRMATION_OK"
4267,10407619582,10407619616,1,"IOTHUB_CLIENT_CONFIRMATION_OK"
4268,10407619782,10407619829,1,"IOTHUB_CLIENT_CONFIRMATION_OK"
4269,10407619982,10407620034,1,"IOTHUB_CLIENT_CONFIRMATION_OK"
4270,10407620183,10407620218,1,"IOTHUB_CLIENT_CONFIRMATION_OK"
4271,10407620383,10407620424,1,"IOTHUB_CLIENT_CONFIRMATION_OK"
4272,10407620583,10407620629,1,"IOTHUB_CLIENT_CONFIRMATION_OK"
4273,10407620783,10407620828,1,"IOTHUB_CLIENT_CONFIRMATION_OK"
4274,10407620983,10407621018,1,"IOTHUB_CLIENT_CONFIRMATION_OK"
4275,10407621183,10407621248,1,"IOTHUB_CLIENT_CONFIRMATION_OK"
4276,10407621384,10407621416,1,"IOTHUB_CLIENT_CONFIRMATION_OK"
4277,10407621584,10407621615,1,"IOTHUB_CLIENT_CONFIRMATION_OK"
4278,10407621784,10407621817,1,"IOTHUB_CLIENT_CONFIRMATION_OK"
4279,10407621984,10407622023,1,"IOTHUB_CLIENT_CONFIRMATION_OK"
4280,10407622184,10407622226,1,"IOTHUB_CLIENT_CONFIRMATION_OK"
4281,10407622384,10407622423,1,"IOTHUB_CLIENT_CONFIRMATION_OK"
4282,10407622585,10407622653,1,"IOTHUB_CLIENT_CONFIRMATION_OK"
4283,10407622785,10407622852,1,"IOTHUB_CLIENT_CONFIRMATION_OK"
4284,10407622985,10407623067,1,"IOTHUB_CLIENT_CONFIRMATION_OK"
4285,10407623185,10407623224,1,"IOTHUB_CLIENT_CONFIRMATION_OK"
4286,10407623385,10407623420,1,"IOTHUB_CLIENT_CONFIRMATION_OK"
4287,10407623585,10407623674,1,"IOTHUB_CLIENT_CONFIRMATION_OK"
4288,10407623785,10407623832,1,"IOTHUB_CLIENT_CONFIRMATION_OK"
4289,10407623986,10407624024,1,"IOTHUB_CLIENT_CONFIRMATION_OK"
4290,10407624186,10407624222,1,"IOTHUB_CLIENT_CONFIRMATION_OK"
4291,10407624386,10407624499,1,"IOTHUB_CLIENT_CONFIRMATION_OK"
4292,10407624586,10407624617,1,"IOTHUB_CLIENT_CONFIRMATION_OK"
4293,10407624786,10407624823,1,"IOTHUB_CLIENT_CONFIRMATION_OK"
4294,10407624986,10407625018,1,"IOTHUB_CLIENT_CONFIRMATION_OK"
4295,10407625187,10407625222,1,"IOTHUB_CLIENT_CONFIRMATION_OK"
4296,10407625387,10407625460,1,"IOTHUB_CLIENT_CONFIRMATION_OK"
4297,10407625587,10407625636,1,"IOTHUB_CLIENT_CONFIRMATION_OK"
4298,10407625787,10407625937,1,"IOTHUB_CLIENT_CONFIRMATION_OK"
4299,10407625987,10407626016,1,"IOTHUB_CLIENT_CONFIRMATION_OK"
4300,10407626187,10407626280,1,"IOTHUB_CLIENT_CONFIRMATION_OK"
4301,10407626387,10407626422,1,"IOTHUB_CLIENT_CONFIRMATION_OK"
4302,10407626588,10407626624,1,"IOTHUB_CLIENT_CONFIRMATION_OK"
4303,10407626788,10407626819,1,"IOTHUB_CLIENT_CONFIRMATION_OK"
4304,10407626988,10407627026,1,"IOTHUB_CLIENT_CONFIRMATION_OK"
4305,10407627188,10407627336,1,"IOTHUB_CLIENT_CONFIRMATION_OK"
4306,10407627388,10407627429,1,"IOTHUB_CLIENT_CONFIRMATION_OK"
4307,10407627588,10407627633,1,"IOTHUB_CLIENT_CONFIRMATION_OK"
4308,10407627789,10407627836,1,"IOTHUB_CLIENT_CONFIRMATION_OK"
4309,10407627989,10407628023,1,"IOTHUB_CLIENT_CONFIRMATION_OK"
4310,10407628189,10407628224,1,"IOTHUB_CLIENT_CONFIRMATION_OK"
4311,10407628389,10407628459,1,"IOTHUB_CLIENT_CONFIRMATION_OK"
4312,10407628589,10407628764,1,"IOTHUB_CLIENT_CONFIRMATION_OK"
4313,10407628789,10407628823,1,"IOTHUB_CLIENT_CONFIRMATION_OK"
4314,10407628990,10407629025,1,"IOTHUB_CLIENT_CONFIRMATION_OK"
4315,10407629190,10407629232,1,"IOTHUB_CLIENT_CONFIRMATION_OK"
4316,10407629390,10407629488,1,"IOTHUB_CLIENT_CONFIRMATION_OK"
4317,10407629590,10407629622,1,"IOTHUB_CLIENT_CONFIRMATION_OK"
4318,10407629790,10407629842,1,"IOTHUB_CLIENT_CONFIRMATION_OK"
4319,10407629990,10407630023,1,"IOTHUB_CLIENT_CONFIRMATION_OK"
4320,10407630191,10407630244,1,"IOTHUB_CLIENT_CONFIRMATION_OK"
4321,10407630391,10407630425,1,"IOTHUB_CLIENT_CONFIRMATION_OK"
4322,10407630591,10407630624,1,"IOTHUB_CLIENT_CONFIRMATION_OK"
4323,10407630791,10407630845,1,"IOTHUB_CLIENT_CONFIRMATION_OK"
4324,10407630991,10407631033,1,"IOTHUB_CLIENT_CONFIRMATION_OK"
4325,10407631191,10407631227,1,"IOTHUB_CLIENT_CONFIRMATION_OK"
4326,10407631392,10407631444,1,"IOTHUB_CLIENT_CONFIRMATION_OK"
4327,10407631592,10407631664,1,"IOTHUB_CLIENT_CONFIRMATION_OK"
4328,10407631792,10407631823,1,"IOTHUB_CLIENT_CONFIRMATION_OK"
4329,10407631992,10407632028,1,"IOTHUB_CLIENT_CONFIRMATION_OK"
4330,10407632192,10407632242,1,"IOTHUB_CLIENT_CONFIRMATION_OK"
4331,10407632392,10407632426,1,"IOTHUB_CLIENT_CONFIRMATION_OK"
4332,10407632592,10407632670,1,"IOTHUB_CLIENT_CONFIRMATION_OK"
4333,10407632793,10407633668,1,"IOTHUB_CLIENT_CONFIRMATION_OK"
4334,10407632993,10407633739,1,"IOTHUB_CLIENT_CONFIRMATION_OK"
4335,10407633193,10407633980,1,"IOTHUB_CLIENT_CONFIRMATION_OK"
4336,10407633393,10407634052,1,"IOTHUB_CLIENT_CONFIRMATION_OK"
4337,10407633593,10407634149,1,"IOTHUB_CLIENT_CONFIRMATION_OK"
4338,10407633793,10407634207,1,"IOTHUB_CLIENT_CONFIRMATION_OK"
4339,10407633994,10407634255,1,"IOTHUB_CLIENT_CONFIRMATION_OK"
4340,10407634194,10407634310,1,"IOTHUB_CLIENT_CONFIRMATION_OK"
4341,10407634394,10407634522,1,"IOTHUB_CLIENT_CONFIRMATION_OK"
4342,10407634594,10407634627,1,"IOTHUB_CLIENT_CONFIRMATION_OK"
4343,10407634794,10407634827,1,"IOTHUB_CLIENT_CONFIRMATION_OK"
4344,10407634994,10407635028,1,"IOTHUB_CLIENT_CONFIRMATION_OK"
4345,10407635195,10407635253,1,"IOTHUB_CLIENT_CONFIRMATION_OK"
4346,10407635395,10407635456,1,"IOTHUB_CLIENT_CONFIRMATION_OK"
4347,10407635595,10407635638,1,"IOTHUB_CLIENT_CONFIRMATION_OK"
4348,10407635795,10407636076,1,"IOTHUB_CLIENT_CONFIRMATION_OK"
4349,10407635995,10407636111,1,"IOTHUB_CLIENT_CONFIRMATION_OK"
4350,10407636195,10407636228,1,"IOTHUB_CLIENT_CONFIRMATION_OK"
4351,10407636395,10407636450,1,"IOTHUB_CLIENT_CONFIRMATION_OK"
4352,10407636596,10407636664,1,"IOTHUB_CLIENT_CONFIRMATION_OK"
4353,10407636796,10407636826,1,"IOTHUB_CLIENT_CONFIRMATION_OK"
4354,10407636996,10407637026,1,"IOTHUB_CLIENT_CONFIRMATION_OK"
4355,10407637196,10407637293,1,"IOTHUB_CLIENT_CONFIRMATION_OK"
4356,10407637396,10407637437,1,"IOTHUB_CLIENT_CONFIRMATION_OK"
4357,10407637596,10407637636,1,"IOTHUB_CLIENT_CONFIRMATION_OK"
4358,10407637797,10407637837,1,"IOTHUB_CLIENT_CONFIRMATION_OK"
4359,10407637997,10407638028,1,"IOTHUB_CLIENT_CONFIRMATION_OK"
4360,10407638197,10407638267,1,"IOTHUB_CLIENT_CONFIRMATION_OK"
4361,10407638397,10407638434,1,"IOTHUB_CLIENT_CONFIRMATION_OK"
4362,10407638597,10407638739,1,"IOTHUB_CLIENT_CONFIRMATION_OK"
4363,10407638797,10407638832,1,"IOTHUB_CLIENT_CONFIRMATION_OK"
4364,10407638997,10407639117,1,"IOTHUB_CLIENT_CONFIRMATION_OK"
4365,10407639198,10407639247,1,"IOTHUB_CLIENT_CONFIRMATION_OK"
4366,10407639398,10407639431,1,"IOTHUB_CLIENT_CONFIRMATION_OK"
4367,10407639598,10407639644,1,"IOTHUB_CLIENT_CONFIRMATION_OK"
4368,10407639798,10407639841,1,"IOTHUB_CLIENT_CONFIRMATION_OK"
4369,10407639998,10407640046,1,"IOTHUB_CLIENT_CONFIRMATION_OK"
4370,10407640198,10407640245,1,"IOTHUB_CLIENT_CONFIRMATION_OK"
4371,10407640399,10407640441,1,"IOTHUB_CLIENT_CONFIRMATION_OK"
4372,10407640599,10407640651,1,"IOTHUB_CLIENT_CONFIRMATION_OK"
4373,10407640799,10407640837,1,"IOTHUB_CLIENT_CONFIRMATION_OK"
4374,10407640999,10407641037,1,"IOTHUB_CLIENT_CONFIRMATION_OK"
4375,10407641199,10407641240,1,"IOTHUB_CLIENT_CONFIRMATION_OK"
4376,10407641399,10407641438,1,"IOTHUB_CLIENT_CONFIRMATION_OK"
4377,10407641600,10407641671,1,"IOTHUB_CLIENT_CONFIRMATION_OK"
4378,10407641800,10407641841,1,"IOTHUB_CLIENT_CONFIRMATION_OK"
4379,10407642000,10407642048,1,"IOTHUB_CLIENT_CONFIRMATION_OK"
4380,10407642200,10407642238,1,"IOTHUB_CLIENT_CONFIRMATION_OK"
4381,10407642400,10407642448,1,"IOTHUB_CLIENT_CONFIRMATION_OK"
4382,10407642600,10407642642,1,"IOTHUB_CLIENT_CONFIRMATION_OK"
4383,10407642800,10407642840,1,"IOTHUB_CLIENT_CONFIRMATION_OK"
4384,10407643001,10407643158,1,"IOTHUB_CLIENT_CONFIRMATION_OK"
4385,10407643201,10407643246,1,"IOTHUB_CLIENT_CONFIRMATION_OK"
4386,10407643401,10407643432,1,"IOTHUB_CLIENT_CONFIRMATION_OK"
4387,10407643601,10407643753,1,"IOTHUB_CLIENT_CONFIRMATION_OK"
4388,10407643801,10407643835,1,"IOTHUB_CLIENT_CONFIRMATION_OK"
4389,10407644001,10407644051,1,"IOTHUB_CLIENT_CONFIRMATION_OK"
4390,10407644201,10407644234,1,"IOTHUB_CLIENT_CONFIRMATION_OK"
4391,10407644402,10407644457,1,"IOTHUB_CLIENT_CONFIRMATION_OK"
4392,10407644602,10407644647,1,"IOTHUB_CLIENT_CONFIRMATION_OK"
4393,10407644802,10407644860,1,"IOTHUB_CLIENT_CONFIRMATION_OK"
4394,10407645002,10407645051,1,"IOTHUB_CLIENT_CONFIRMATION_OK"
4395,10407645202,10407645252,1,"IOTHUB_CLIENT_CONFIRMATION_OK"
4396,10407645402,10407645440,1,"IOTHUB_CLIENT_CONFIRMATION_OK"
4397,10407645603,10407645641,1,"IOTHUB_CLIENT_CONFIRMATION_OK"
4398,10407645803,10407645871,1,"IOTHUB_CLIENT_CONFIRMATION_OK"
4399,10407646003,10407646044,1,"IOTHUB_CLIENT_CONFIRMATION_OK"
4400,10407646203,10407646243,1,"IOTHUB_CLIENT_CONFIRMATION_OK"
4401,10407646403,10407646445,1,"IOTHUB_CLIENT_CONFIRMATION_OK"
4402,10407646603,10407646644,1,"IOTHUB_CLIENT_CONFIRMATION_OK"
4403,10407646803,10407646854,1,"IOTHUB_CLIENT_CONFIRMATION_OK"
4404,10407647004,10407647045,1,"IOTHUB_CLIENT_CONFIRMATION_OK"
4405,10407647204,10407647248,1,"IOTHUB_CLIENT_CONFIRMATION_OK"
4406,10407647404,10407647472,1,"IOTHUB_CLIENT_CONFIRMATION_OK"
4407,10407647604,10407647728,1,"IOTHUB_CLIENT_CONFIRMATION_OK"
4408,10407647804,10407647843,1,"IOTHUB_CLIENT_CONFIRMATION_OK"
4409,10407648004,10407648036,1,"IOTHUB_CLIENT_CONFIRMATION_OK"
4410,10407648205,10407648247,1,"IOTHUB_CLIENT_CONFIRMATION_OK"
4411,10407648405,10407648437,1,"IOTHUB_CLIENT_CONFIRMATION_OK"
4412,10407648605,10407648755,1,"IOTHUB_CLIENT_CONFIRMATION_OK"
4413,10407648805,10407648849,1,"IOTHUB_CLIENT_CONFIRMATION_OK"
4414,10407649005,10407649056,1,"IOTHUB_CLIENT_CONFIRMATION_OK"
4415,10407649205,10407649239,1,"IOTHUB_CLIENT_CONFIRMATION_OK"
4416,10407649405,10407649443,1,"IOTHUB_CLIENT_CONFIRMATION_OK"
4417,10407649606,10407649636,1,"IOTHUB_CLIENT_CONFIRMATION_OK"
4418,10407649806,10407649841,1,"IOTHUB_CLIENT_CONFIRMATION_OK"
4419,10407650006,10407650043,1,"IOTHUB_CLIENT_CONFIRMATION_OK"
4420,10407650206,10407650244,1,"IOTHUB_CLIENT_CONFIRMATION_OK"
4421,10407650406,10407650458,1,"IOTHUB_CLIENT_CONFIRMATION_OK"
4422,10407650606,10407650685,1,"IOTHUB_CLIENT_CONFIRMATION_OK"
4423,10407650807,10407650842,1,"IOTHUB_CLIENT_CONFIRMATION_OK"
4424,10407651007,10407651044,1,"IOTHUB_CLIENT_CONFIRMATION_OK"
4425,10407651207,10407651243,1,"IOTHUB_CLIENT_CONFIRMATION_OK"
4426,10407651407,10407651441,1,"IOTHUB_CLIENT_CONFIRMATION_OK"
4427,10407651607,10407651639,1,"IOTHUB_CLIENT_CONFIRMATION_OK"
4428,10407651807,10407651858,1,"IOTHUB_CLIENT_CONFIRMATION_OK"
4429,10407652008,10407652046,1,"IOTHUB_CLIENT_CONFIRMATION_OK"
4430,10407652208,10407652258,1,"IOTHUB_CLIENT_CONFIRMATION_OK"
4431,10407652408,10407652479,1,"IOTHUB_CLIENT_CONFIRMATION_OK"
4432,10407652608,10407652639,1,"IOTHUB_CLIENT_CONFIRMATION_OK"
4433,10407652808,10407652861,1,"IOTHUB_CLIENT_CONFIRMATION_OK"
4434,10407653008,10407653119,1,"IOTHUB_CLIENT_CONFIRMATION_OK"
4435,10407653208,10407653257,1,"IOTHUB_CLIENT_CONFIRMATION_OK"
4436,10407653409,10407653446,1,"IOTHUB_CLIENT_CONFIRMATION_OK"
4437,10407653609,10407653731,1,"IOTHUB_CLIENT_CONFIRMATION_OK"
4438,10407653809,10407653869,1,"IOTHUB_CLIENT_CONFIRMATION_OK"
4439,10407654009,10407654043,1,"IOTHUB_CLIENT_CONFIRMATION_OK"
4440,10407654209,10407654314,1,"IOTHUB_CLIENT_CONFIRMATION_OK"
4441,10407654409,10407654567,1,"IOTHUB_CLIENT_CONFIRMATION_OK"
4442,10407654610,10407654680,1,"IOTHUB_CLIENT_CONFIRMATION_OK"
4443,10407654810,10407654841,1,"IOTHUB_CLIENT_CONFIRMATION_OK"
4444,10407655010,10407655042,1,"IOTHUB_CLIENT_CONFIRMATION_OK"
4445,10407655210,10407655244,1,"IOTHUB_CLIENT_CONFIRMATION_OK"
4446,10407655410,10407655442,1,"IOTHUB_CLIENT_CONFIRMATION_OK"
4447,10407655610,10407655647,1,"IOTHUB_CLIENT_CONFIRMATION_OK"
4448,10407655810,10407655939,1,"IOTHUB_CLIENT_CONFIRMATION_OK"
4449,10407656011,10407656051,1,"IOTHUB_CLIENT_CONFIRMATION_OK"
4450,10407656211,10407656263,1,"IOTHUB_CLIENT_CONFIRMATION_OK"
4451,10407656411,10407656444,1,"IOTHUB_CLIENT_CONFIRMATION_OK"
4452,10407656611,10407656649,1,"IOTHUB_CLIENT_CONFIRMATION_OK"
4453,10407656811,10407656841,1,"IOTHUB_CLIENT_CONFIRMATION_OK"
4454,10407657011,10407657053,1,"IOTHUB_CLIENT_CONFIRMATION_OK"
4455,10407657211,10407657396,1,"IOTHUB_CLIENT_CONFIRMATION_OK"
4456,10407657412,10407657447,1,"IOTHUB_CLIENT_CONFIRMATION_OK"
4457,10407657612,10407657647,1,"IOTHUB_CLIENT_CONFIRMATION_OK"
4458,10407657812,10407657846,1,"IOTHUB_CLIENT_CONFIRMATION_OK"
4459,10407658012,10407658058,1,"IOTHUB_CLIENT_CONFIRMATION_OK"
4460,10407658212,10407658253,1,"IOTHUB_CLIENT_CONFIRMATION_OK"
4461,10407658412,10407658445,1,"IOTHUB_CLIENT_CONFIRMATION_OK"
4462,10407658613,10407658652,1,"IOTHUB_CLIENT_CONFIRMATION_OK"
4463,10407658813,10407658846,1,"IOTHUB_CLIENT_CONFIRMATION_OK"
4464,10407659013,10407659045,1,"IOTHUB_CLIENT_CONFIRMATION_OK"
4465,10407659213,10407659250,1,"IOTHUB_CLIENT_CONFIRMATION_OK"
4466,10407659413,10407659486,1,"IOTHUB_CLIENT_CONFIRMATION_OK"
4467,10407659613,10407659656,1,"IOTHUB_CLIENT_CONFIRMATION_OK"
4468,10407659813,10407659845,1,"IOTHUB_CLIENT_CONFIRMATION_OK"
4469,10407660014,10407660058,1,"IOTHUB_CLIENT_CONFIRMATION_OK"
4470,10407660214,10407660274,1,"IOTHUB_CLIENT_CONFIRMATION_OK"
4471,10407660414,10407660446,1,"IOTHUB_CLIENT_CONFIRMATION_OK"
4472,10407660614,10407660651,1,"IOTHUB_CLIENT_CONFIRMATION_OK"
4473,10407660814,10407660899,1,"IOTHUB_CLIENT_CONFIRMATION_OK"
4474,10407661014,10407661084,1,"IOTHUB_CLIENT_CONFIRMATION_OK"
4475,10407661215,10407661293,1,"IOTHUB_CLIENT_CONFIRMATION_OK"
4476,10407661415,10407661448,1,"IOTHUB_CLIENT_CONFIRMATION_OK"
4477,10407661615,10407661649,1,"IOTHUB_CLIENT_CONFIRMATION_OK"
4478,10407661815,10407661898,1,"IOTHUB_CLIENT_CONFIRMATION_OK"
4479,10407662015,10407662055,1,"IOTHUB_CLIENT_CONFIRMATION_OK"
4480,10407662215,10407662305,1,"IOTHUB_CLIENT_CONFIRMATION_OK"
4481,10407662415,10407662470,1,"IOTHUB_CLIENT_CONFIRMATION_OK"
4482,10407662616,10407662650,1,"IOTHUB_CLIENT_CONFIRMATION_OK"
4483,10407662816,10407662862,1,"IOTHUB_CLIENT_CONFIRMATION_OK"
4484,10407663016,10407663050,1,"IOTHUB_CLIENT_CONFIRMATION_OK"
4485,10407663216,10407663248,1,"IOTHUB_CLIENT_CONFIRMATION_OK"
4486,10407663416,10407663476,1,"IOTHUB_CLIENT_CONFIRMATION_OK"
4487,10407663616,10407663743,1,"IOTHUB_CLIENT_CONFIRMATION_OK"
4488,10407663817,10407663852,1,"IOTHUB_CLIENT_CONFIRMATION_OK"
4489,10407664017,10407664096,1,"IOTHUB_CLIENT_CONFIRMATION_OK"
4490,10407664217,10407664251,1,"IOTHUB_CLIENT_CONFIRMATION_OK"
4491,10407664417,10407664450,1,"IOTHUB_CLIENT_CONFIRMATION_OK"
4492,10407664617,10407664654,1,"IOTHUB_CLIENT_CONFIRMATION_OK"
4493,10407664817,10407664851,1,"IOTHUB_CLIENT_CONFIRMATION_OK"
4494,10407665017,10407665056,1,"IOTHUB_CLIENT_CONFIRMATION_OK"
4495,10407665218,10407665278,1,"IOTHUB_CLIENT_CONFIRMATION_OK"
4496,10407665418,10407665448,1,"IOTHUB_CLIENT_CONFIRMATION_OK"
4497,10407665618,10407665653,1,"IOTHUB_CLIENT_CONFIRMATION_OK"
4498,10407665818,10407666000,1,"IOTHUB_CLIENT_CONFIRMATION_OK"
4499,10407666018,10407666093,1,"IOTHUB_CLIENT_CONFIRMATION_OK"
4500,10407666218,10407666249,1,"IOTHUB_CLIENT_CONFIRMATION_OK"
4501,10407666419,10407666454,1,"IOTHUB_CLIENT_CONFIRMATION_OK"
4502,10407666619,10407666670,1,"IOTHUB_CLIENT_CONFIRMATION_OK"
4503,10407666819,10407666856,1,"IOTHUB_CLIENT_CONFIRMATION_OK"
4504,10407667019,10407667053,1,"IOTHUB_CLIENT_CONFIRMATION_OK"
4505,10407667219,10407667448,1,"IOTHUB_CLIENT_CONFIRMATION_OK"
4506,10407667419,10407667487,1,"IOTHUB_CLIENT_CONFIRMATION_OK"
4507,10407667619,10407667656,1,"IOTHUB_CLIENT_CONFIRMATION_OK"
4508,10407667820,10407667851,1,"IOTHUB_CLIENT_CONFIRMATION_OK"
4509,10407668020,10407668064,1,"IOTHUB_CLIENT_CONFIRMATION_OK"
4510,10407668220,10407668254,1,"IOTHUB_CLIENT_CONFIRMATION_OK"
4511,10407668420,10407668466,1,"IOTHUB_CLIENT_CONFIRMATION_OK"
4512,10407668620,10407668657,1,"IOTHUB_CLIENT_CONFIRMATION_OK"
4513,10407668820,10407668856,1,"IOTHUB_CLIENT_CONFIRMATION_OK"
4514,10407669020,10407669052,1,"IOTHUB_CLIENT_CONFIRMATION_OK"
4515,10407669221,10407669257,1,"IOTHUB_CLIENT_CONFIRMATION_OK"
4516,10407669421,10407669483,1,"IOTHUB_CLIENT_CONFIRMATION_OK"
4517,10407669621,10407669657,1,"IOTHUB_CLIENT_CONFIRMATION_OK"
4518,10407669821,10407669896,1,"IOTHUB_CLIENT_CONFIRMATION_OK"
4519,10407670021,10407670056,1,"IOTHUB_CLIENT_CONFIRMATION_OK"
4520,10407670221,10407670269,1,"IOTHUB_CLIENT_CONFIRMATION_OK"
4521,10407670422,10407670457,1,"IOTHUB_CLIENT_CONFIRMATION_OK"
4522,10407670622,10407670666,1,"IOTHUB_CLIENT_CONFIRMATION_OK"
4523,10407670822,10407670893,1,"IOTHUB_CLIENT_CONFIRMATION_OK"
4524,10407671022,10407671078,1,"IOTHUB_CLIENT_CONFIRMATION_OK"
4525,10407671222,10407671261,1,"IOTHUB_CLIENT_CONFIRMATION_OK"
4526,10407671422,10407671473,1,"IOTHUB_CLIENT_CONFIRMATION_OK"
4527,10407671622,10407671709,1,"IOTHUB_CLIENT_CONFIRMATION_OK"
4528,10407671823,10407671856,1,"IOTHUB_CLIENT_CONFIRMATION_OK"
4529,10407672023,10407672076,1,"IOTHUB_CLIENT_CONFIRMATION_OK"
4530,10407672223,10407672327,1,"IOTHUB_CLIENT_CONFIRMATION_OK"
4531,10407672423,10407672459,1,"IOTHUB_CLIENT_CONFIRMATION_OK"
4532,10407672623,10407672665,1,"IOTHUB_CLIENT_CONFIRMATION_OK"
4533,10407672823,10407672862,1,"IOTHUB_CLIENT_CONFIRMATION_OK"
4534,10407673024,10407673061,1,"IOTHUB_CLIENT_CONFIRMATION_OK"
4535,10407673224,10407673265,1,"IOTHUB_CLIENT_CONFIRMATION_OK"
4536,10407673424,10407673460,1,"IOTHUB_CLIENT_CONFIRMATION_OK"
4537,10407673624,10407673754,1,"IOTHUB_CLIENT_CONFIRMATION_OK"
4538,10407673824,10407673868,1,"IOTHUB_CLIENT_CONFIRMATION_OK"
4539,10407674024,10407674094,1,"IOTHUB_CLIENT_CONFIRMATION_OK"
4540,10407674224,10407674268,1,"IOTHUB_CLIENT_CONFIRMATION_OK"
4541,10407674425,10407674473,1,"IOTHUB_CLIENT_CONFIRMATION_OK"
4542,10407674625,10407674681,1,"IOTHUB_CLIENT_CONFIRMATION_OK"
4543,10407674825,10407674862,1,"IOTHUB_CLIENT_CONFIRMATION_OK"
4544,10407675025,10407675061,1,"IOTHUB_CLIENT_CONFIRMATION_OK"
4545,10407675225,10407675261,1,"IOTHUB_CLIENT_CONFIRMATION_OK"
4546,10407675425,10407675466,1,"IOTHUB_CLIENT_CONFIRMATION_OK"
4547,10407675626,10407675669,1,"IOTHUB_CLIENT_CONFIRMATION_OK"
4548,10407675826,10407675858,1,"IOTHUB_CLIENT_CONFIRMATION_OK"
4549,10407676026,10407676061,1,"IOTHUB_CLIENT_CONFIRMATION_OK"
4550,10407676226,10407676269,1,"IOTHUB_CLIENT_CONFIRMATION_OK"
4551,10407676426,10407676470,1,"IOTHUB_CLIENT_CONFIRMATION_OK"
4552,10407676626,10407676666,1,"IOTHUB_CLIENT_CONFIRMATION_OK"
4553,10407676826,10407676875,1,"IOTHUB_CLIENT_CONFIRMATION_OK"
4554,10407677027,10407677062,1,"IOTHUB_CLIENT_CONFIRMATION_OK"
4555,10407677227,10407677325,1,"IOTHUB_CLIENT_CONFIRMATION_OK"
4556,10407677427,10407677462,1,"IOTHUB_CLIENT_CONFIRMATION_OK"
4557,10407677627,10407677677,1,"IOTHUB_CLIENT_CONFIRMATION_OK"
4558,10407677827,10407677873,1,"IOTHUB_CLIENT_CONFIRMATION_OK"
4559,10407678027,10407678058,1,"IOTHUB_CLIENT_CONFIRMATION_OK"
4560,10407678227,10407678266,1,"IOTHUB_CLIENT_CONFIRMATION_OK"
4561,10407678428,10407678481,1,"IOTHUB_CLIENT_CONFIRMATION_OK"
4562,10407678628,10407678732,1,"IOTHUB_CLIENT_CONFIRMATION_OK"
4563,10407678828,10407678871,1,"IOTHUB_CLIENT_CONFIRMATION_OK"
4564,10407679028,10407679059,1,"IOTHUB_CLIENT_CONFIRMATION_OK"
4565,10407679228,10407679269,1,"IOTHUB_CLIENT_CONFIRMATION_OK"
4566,10407679428,10407679629,1,"IOTHUB_CLIENT_CONFIRMATION_OK"
4567,10407679629,10407679694,1,"IOTHUB_CLIENT_CONFIRMATION_OK"
4568,10407679829,10407679878,1,"IOTHUB_CLIENT_CONFIRMATION_OK"
4569,10407680029,10407680086,1,"IOTHUB_CLIENT_CONFIRMATION_OK"
4570,10407680229,10407680264,1,"IOTHUB_CLIENT_CONFIRMATION_OK"
4571,10407680429,10407680463,1,"IOTHUB_CLIENT_CONFIRMATION_OK"
4572,10407680629,10407680731,1,"IOTHUB_CLIENT_CONFIRMATION_OK"
4573,10407680830,10407680985,1,"IOTHUB_CLIENT_CONFIRMATION_OK"
4574,10407681030,10407681066,1,"IOTHUB_CLIENT_CONFIRMATION_OK"
4575,10407681230,10407681285,1,"IOTHUB_CLIENT_CONFIRMATION_OK"
4576,10407681430,10407681481,1,"IOTHUB_CLIENT_CONFIRMATION_OK"
4577,10407681630,10407681665,1,"IOTHUB_CLIENT_CONFIRMATION_OK"
4578,10407681830,10407681872,1,"IOTHUB_CLIENT_CONFIRMATION_OK"
4579,10407682030,10407682079,1,"IOTHUB_CLIENT_CONFIRMATION_OK"
4580,10407682231,10407682386,1,"IOTHUB_CLIENT_CONFIRMATION_OK"
4581,10407682431,10407682465,1,"IOTHUB_CLIENT_CONFIRMATION_OK"
4582,10407682631,10407682663,1,"IOTHUB_CLIENT_CONFIRMATION_OK"
4583,10407682831,10407682880,1,"IOTHUB_CLIENT_CONFIRMATION_OK"
4584,10407683031,10407683067,1,"IOTHUB_CLIENT_CONFIRMATION_OK"
4585,10407683231,10407683289,1,"IOTHUB_CLIENT_CONFIRMATION_OK"
4586,10407683431,10407683492,1,"IOTHUB_CLIENT_CONFIRMATION_OK"
4587,10407683632,10407683828,1,"IOTHUB_CLIENT_CONFIRMATION_OK"
4588,10407683832,10407683869,1,"IOTHUB_CLIENT_CONFIRMATION_OK"
4589,10407684032,10407684063,1,"IOTHUB_CLIENT_CONFIRMATION_OK"
4590,10407684232,10407684271,1,"IOTHUB_CLIENT_CONFIRMATION_OK"
4591,10407684432,10407684510,1,"IOTHUB_CLIENT_CONFIRMATION_OK"
4592,10407684632,10407684691,1,"IOTHUB_CLIENT_CONFIRMATION_OK"
4593,10407684833,10407684868,1,"IOTHUB_CLIENT_CONFIRMATION_OK"
4594,10407685033,10407685072,1,"IOTHUB_CLIENT_CONFIRMATION_OK"
4595,10407685233,10407685266,1,"IOTHUB_CLIENT_CONFIRMATION_OK"
4596,10407685433,10407685535,1,"IOTHUB_CLIENT_CONFIRMATION_OK"
4597,10407685633,10407685677,1,"IOTHUB_CLIENT_CONFIRMATION_OK"
4598,10407685833,10407685920,1,"IOTHUB_CLIENT_CONFIRMATION_OK"
4599,10407686034,10407686081,1,"IOTHUB_CLIENT_CONFIRMATION_OK"
4600,10407686234,10407686272,1,"IOTHUB_CLIENT_CONFIRMATION_OK"
4601,10407686434,10407686472,1,"IOTHUB_CLIENT_CONFIRMATION_OK"
4602,10407686634,10407686663,1,"IOTHUB_CLIENT_CONFIRMATION_OK"
4603,10407686834,10407686868,1,"IOTHUB_CLIENT_CONFIRMATION_OK"
4604,10407687034,10407687069,1,"IOTHUB_CLIENT_CONFIRMATION_OK"
4605,10407687234,10407687339,1,"IOTHUB_CLIENT_CONFIRMATION_OK"
4606,10407687434,10407687468,1,"IOTHUB_CLIENT_CONFIRMATION_OK"
4607,10407687635,10407687697,1,"IOTHUB_CLIENT_CONFIRMATION_OK"
4608,10407687835,10407687878,1,"IOTHUB_CLIENT_CONFIRMATION_OK"
4609,10407688035,10407688070,1,"IOTHUB_CLIENT_CONFIRMATION_OK"
4610,10407688235,10407688275,1,"IOTHUB_CLIENT_CONFIRMATION_OK"
4611,10407688435,10407688468,1,"IOTHUB_CLIENT_CONFIRMATION_OK"
4612,10407688635,10407688761,1,"IOTHUB_CLIENT_CONFIRMATION_OK"
4613,10407688836,10407688870,1,"IOTHUB_CLIENT_CONFIRMATION_OK"
4614,10407689036,10407689082,1,"IOTHUB_CLIENT_CONFIRMATION_OK"
4615,10407689236,10407689284,1,"IOTHUB_CLIENT_CONFIRMATION_OK"
4616,10407689436,10407689474,1,"IOTHUB_CLIENT_CONFIRMATION_OK"
4617,10407689636,10407689669,1,"IOTHUB_CLIENT_CONFIRMATION_OK"
4618,10407689836,10407689905,1,"IOTHUB_CLIENT_CONFIRMATION_OK"
4619,10407690036,10407690069,1,"IOTHUB_CLIENT_CONFIRMATION_OK"
4620,10407690237,10407690281,1,"IOTHUB_CLIENT_CONFIRMATION_OK"
4621,10407690437,10407690469,1,"IOTHUB_CLIENT_CONFIRMATION_OK"
4622,10407690637,10407690675,1,"IOTHUB_CLIENT_CONFIRMATION_OK"
4623,10407690837,10407690873,1,"IOTHUB_CLIENT_CONFIRMATION_OK"
4624,10407691037,10407691160,1,"IOTHUB_CLIENT_CONFIRMATION_OK"
4625,10407691237,10407691270,1,"IOTHUB_CLIENT_CONFIRMATION_OK"
4626,10407691438,10407691496,1,"IOTHUB_CLIENT_CONFIRMATION_OK"
4627,10407691638,10407691685,1,"IOTHUB_CLIENT_CONFIRMATION_OK"
4628,10407691838,10407691885,1,"IOTHUB_CLIENT_CONFIRMATION_OK"
4629,10407692038,10407692079,1,"IOTHUB_CLIENT_CONFIRMATION_OK"
4630,10407692238,10407692453,1,"IOTHUB_CLIENT_CONFIRMATION_OK"
4631,10407692438,10407692510,1,"IOTHUB_CLIENT_CONFIRMATION_OK"
4632,10407692639,10407692683,1,"IOTHUB_CLIENT_CONFIRMATION_OK"
4633,10407692839,10407692874,1,"IOTHUB_CLIENT_CONFIRMATION_OK"
4634,10407693039,10407693070,1,"IOTHUB_CLIENT_CONFIRMATION_OK"
4635,10407693239,10407693273,1,"IOTHUB_CLIENT_CONFIRMATION_OK"
4636,10407693439,10407693504,1,"IOTHUB_CLIENT_CONFIRMATION_OK"
4637,10407693639,10407693836,1,"IOTHUB_CLIENT_CONFIRMATION_OK"
4638,10407693840,10407693888,1,"IOTHUB_CLIENT_CONFIRMATION_OK"
4639,10407694040,10407694123,1,"IOTHUB_CLIENT_CONFIRMATION_OK"
4640,10407694240,10407694271,1,"IOTHUB_CLIENT_CONFIRMATION_OK"
4641,10407694440,10407694534,1,"IOTHUB_CLIENT_CONFIRMATION_OK"
4642,10407694640,10407694686,1,"IOTHUB_CLIENT_CONFIRMATION_OK"
4643,10407694840,10407694886,1,"IOTHUB_CLIENT_CONFIRMATION_OK"
4644,10407695040,10407695076,1,"IOTHUB_CLIENT_CONFIRMATION_OK"
4645,10407695241,10407695285,1,"IOTHUB_CLIENT_CONFIRMATION_OK"
4646,10407695441,10407695486,1,"IOTHUB_CLIENT_CONFIRMATION_OK"
4647,10407695641,10407695674,1,"IOTHUB_CLIENT_CONFIRMATION_OK"
4648,10407695841,10407695956,1,"IOTHUB_CLIENT_CONFIRMATION_OK"
4649,10407696041,10407696078,1,"IOTHUB_CLIENT_CONFIRMATION_OK"
4650,10407696241,10407696273,1,"IOTHUB_CLIENT_CONFIRMATION_OK"
4651,10407696441,10407696472,1,"IOTHUB_CLIENT_CONFIRMATION_OK"
4652,10407696642,10407696686,1,"IOTHUB_CLIENT_CONFIRMATION_OK"
4653,10407696842,10407696889,1,"IOTHUB_CLIENT_CONFIRMATION_OK"
4654,10407697042,10407697081,1,"IOTHUB_CLIENT_CONFIRMATION_OK"
4655,10407697242,10407697349,1,"IOTHUB_CLIENT_CONFIRMATION_OK"
4656,10407697442,10407697497,1,"IOTHUB_CLIENT_CONFIRMATION_OK"
4657,10407697642,10407697687,1,"IOTHUB_CLIENT_CONFIRMATION_OK"
4658,10407697843,10407697900,1,"IOTHUB_CLIENT_CONFIRMATION_OK"
4659,10407698043,10407698100,1,"IOTHUB_CLIENT_CONFIRMATION_OK"
4660,10407698243,10407698278,1,"IOTHUB_CLIENT_CONFIRMATION_OK"
4661,10407698443,10407698496,1,"IOTHUB_CLIENT_CONFIRMATION_OK"
4662,10407698643,10407698807,1,"IOTHUB_CLIENT_CONFIRMATION_OK"
4663,10407698843,10407698899,1,"IOTHUB_CLIENT_CONFIRMATION_OK"
4664,10407699043,10407699107,1,"IOTHUB_CLIENT_CONFIRMATION_OK"
4665,10407699244,10407699351,1,"IOTHUB_CLIENT_CONFIRMATION_OK"
4666,10407699444,10407699484,1,"IOTHUB_CLIENT_CONFIRMATION_OK"
4667,10407699644,10407699680,1,"IOTHUB_CLIENT_CONFIRMATION_OK"
4668,10407699844,10407699875,1,"IOTHUB_CLIENT_CONFIRMATION_OK"
4669,10407700044,10407700075,1,"IOTHUB_CLIENT_CONFIRMATION_OK"
4670,10407700244,10407700285,1,"IOTHUB_CLIENT_CONFIRMATION_OK"
4671,10407700445,10407700492,1,"IOTHUB_CLIENT_CONFIRMATION_OK"
4672,10407700645,10407700687,1,"IOTHUB_CLIENT_CONFIRMATION_OK"
4673,10407700845,10407700876,1,"IOTHUB_CLIENT_CONFIRMATION_OK"
4674,10407701045,10407701084,1,"IOTHUB_CLIENT_CONFIRMATION_OK"
4675,10407701245,10407701289,1,"IOTHUB_CLIENT_CONFIRMATION_OK"
4676,10407701445,10407701488,1,"IOTHUB_CLIENT_CONFIRMATION_OK"
4677,10407701646,10407701699,1,"IOTHUB_CLIENT_CONFIRMATION_OK"
4678,10407701846,10407701893,1,"IOTHUB_CLIENT_CONFIRMATION_OK"
4679,10407702046,10407702086,1,"IOTHUB_CLIENT_CONFIRMATION_OK"
4680,10407702246,10407702284,1,"IOTHUB_CLIENT_CONFIRMATION_OK"
4681,10407702446,10407702484,1,"IOTHUB_CLIENT_CONFIRMATION_OK"
4682,10407702646,10407702680,1,"IOTHUB_CLIENT_CONFIRMATION_OK"
4683,10407702846,10407702876,1,"IOTHUB_CLIENT_CONFIRMATION_OK"
4684,10407703047,10407703099,1,"IOTHUB_CLIENT_CONFIRMATION_OK"
4685,10407703247,10407703281,1,"IOTHUB_CLIENT_CONFIRMATION_OK"
4686,10407703447,10407703483,1,"IOTHUB_CLIENT_CONFIRMATION_OK"
4687,10407703647,10407703693,1,"IOTHUB_CLIENT_CONFIRMATION_OK"
4688,10407703847,10407703932,1,"IOTHUB_CLIENT_CONFIRMATION_OK"
4689,10407704047,10407704085,1,"IOTHUB_CLIENT_CONFIRMATION_OK"
4690,10407704248,10407704287,1,"IOTHUB_CLIENT_CONFIRMATION_OK"
4691,10407704448,10407704542,1,"IOTHUB_CLIENT_CONFIRMATION_OK"
4692,10407704648,10407704680,1,"IOTHUB_CLIENT_CONFIRMATION_OK"
4693,10407704848,10407704989,1,"IOTHUB_CLIENT_CONFIRMATION_OK"
4694,10407705048,10407705087,1,"IOTHUB_CLIENT_CONFIRMATION_OK"
4695,10407705248,10407705290,1,"IOTHUB_CLIENT_CONFIRMATION_OK"
4696,10407705448,10407705486,1,"IOTHUB_CLIENT_CONFIRMATION_OK"
4697,10407705649,10407705682,1,"IOTHUB_CLIENT_CONFIRMATION_OK"
4698,10407705849,10407706019,1,"IOTHUB_CLIENT_CONFIRMATION_OK"
4699,10407706049,10407706082,1,"IOTHUB_CLIENT_CONFIRMATION_OK"
4700,10407706249,10407706281,1,"IOTHUB_CLIENT_CONFIRMATION_OK"
4701,10407706449,10407706492,1,"IOTHUB_CLIENT_CONFIRMATION_OK"
4702,10407706649,10407706685,1,"IOTHUB_CLIENT_CONFIRMATION_OK"
4703,10407706850,10407706890,1,"IOTHUB_CLIENT_CONFIRMATION_OK"
4704,10407707050,10407707081,1,"IOTHUB_CLIENT_CONFIRMATION_OK"
4705,10407707250,10407707414,1,"IOTHUB_CLIENT_CONFIRMATION_OK"
4706,10407707450,10407707488,1,"IOTHUB_CLIENT_CONFIRMATION_OK"
4707,10407707650,10407707685,1,"IOTHUB_CLIENT_CONFIRMATION_OK"
4708,10407707850,10407707894,1,"IOTHUB_CLIENT_CONFIRMATION_OK"
4709,10407708050,10407708179,1,"IOTHUB_CLIENT_CONFIRMATION_OK"
4710,10407708251,10407708287,1,"IOTHUB_CLIENT_CONFIRMATION_OK"
4711,10407708451,10407708485,1,"IOTHUB_CLIENT_CONFIRMATION_OK"
4712,10407708651,10407708866,1,"IOTHUB_CLIENT_CONFIRMATION_OK"
4713,10407708851,10407708911,1,"IOTHUB_CLIENT_CONFIRMATION_OK"
4714,10407709051,10407709089,1,"IOTHUB_CLIENT_CONFIRMATION_OK"
4715,10407709251,10407709328,1,"IOTHUB_CLIENT_CONFIRMATION_OK"
4716,10407709452,10407709498,1,"IOTHUB_CLIENT_CONFIRMATION_OK"
4717,10407709652,10407709689,1,"IOTHUB_CLIENT_CONFIRMATION_OK"
4718,10407709852,10407709885,1,"IOTHUB_CLIENT_CONFIRMATION_OK"
4719,10407710052,10407710096,1,"IOTHUB_CLIENT_CONFIRMATION_OK"
4720,10407710252,10407710295,1,"IOTHUB_CLIENT_CONFIRMATION_OK"
4721,10407710452,10407710519,1,"IOTHUB_CLIENT_CONFIRMATION_OK"
4722,10407710653,10407710700,1,"IOTHUB_CLIENT_CONFIRMATION_OK"
4723,10407710853,10407710939,1,"IOTHUB_CLIENT_CONFIRMATION_OK"
4724,10407711053,10407711090,1,"IOTHUB_CLIENT_CONFIRMATION_OK"
4725,10407711253,10407711290,1,"IOTHUB_CLIENT_CONFIRMATION_OK"
4726,10407711453,10407711538,1,"IOTHUB_CLIENT_CONFIRMATION_OK"
4727,10407711653,10407711758,1,"IOTHUB_CLIENT_CONFIRMATION_OK"
4728,10407711854,10407711899,1,"IOTHUB_CLIENT_CONFIRMATION_OK"
4729,10407712054,10407712087,1,"IOTHUB_CLIENT_CONFIRMATION_OK"
4730,10407712254,10407712357,1,"IOTHUB_CLIENT_CONFIRMATION_OK"
4731,10407712454,10407712484,1,"IOTHUB_CLIENT_CONFIRMATION_OK"
4732,10407712654,10407712690,1,"IOTHUB_CLIENT_CONFIRMATION_OK"
4733,10407712854,10407712886,1,"IOTHUB_CLIENT_CONFIRMATION_OK"
4734,10407713054,10407713089,1,"IOTHUB_CLIENT_CONFIRMATION_OK"
4735,10407713255,10407713329,1,"IOTHUB_CLIENT_CONFIRMATION_OK"
4736,10407713455,10407713495,1,"IOTHUB_CLIENT_CONFIRMATION_OK"
4737,10407713655,10407713799,1,"IOTHUB_CLIENT_CONFIRMATION_OK"
4738,10407713855,10407713904,1,"IOTHUB_CLIENT_CONFIRMATION_OK"
4739,10407714055,10407714087,1,"IOTHUB_CLIENT_CONFIRMATION_OK"
4740,10407714255,10407714294,1,"IOTHUB_CLIENT_CONFIRMATION_OK"
4741,10407714455,10407714515,1,"IOTHUB_CLIENT_CONFIRMATION_OK"
4742,10407714656,10407714704,1,"IOTHUB_CLIENT_CONFIRMATION_OK"
4743,10407714856,10407714890,1,"IOTHUB_CLIENT_CONFIRMATION_OK"
4744,10407715056,10407715128,1,"IOTHUB_CLIENT_CONFIRMATION_OK"
4745,10407715256,10407715290,1,"IOTHUB_CLIENT_CONFIRMATION_OK"
4746,10407715456,10407715490,1,"IOTHUB_CLIENT_CONFIRMATION_OK"
4747,10407715656,10407715699,1,"IOTHUB_CLIENT_CONFIRMATION_OK"
4748,10407715856,10407715916,1,"IOTHUB_CLIENT_CONFIRMATION_OK"
4749,10407716057,10407716126,1,"IOTHUB_CLIENT_CONFIRMATION_OK"
4750,10407716257,10407716293,1,"IOTHUB_CLIENT_CONFIRMATION_OK"
4751,10407716457,10407716495,1,"IOTHUB_CLIENT_CONFIRMATION_OK"
4752,10407716657,10407716690,1,"IOTHUB_CLIENT_CONFIRMATION_OK"
4753,10407716857,10407716889,1,"IOTHUB_CLIENT_CONFIRMATION_OK"
4754,10407717057,10407717090,1,"IOTHUB_CLIENT_CONFIRMATION_OK"
4755,10407717258,10407717456,1,"IOTHUB_CLIENT_CONFIRMATION_OK"
4756,10407717458,10407717489,1,"IOTHUB_CLIENT_CONFIRMATION_OK"
4757,10407717658,10407717693,1,"IOTHUB_CLIENT_CONFIRMATION_OK"
4758,10407717858,10407717896,1,"IOTHUB_CLIENT_CONFIRMATION_OK"
4759,10407718058,10407718094,1,"IOTHUB_CLIENT_CONFIRMATION_OK"
4760,10407718258,10407718301,1,"IOTHUB_CLIENT_CONFIRMATION_OK"
4761,10407718458,10407718563,1,"IOTHUB_CLIENT_CONFIRMATION_OK"
4762,10407718659,10407718861,1,"IOTHUB_CLIENT_CONFIRMATION_OK"
4763,10407718859,10407718890,1,"IOTHUB_CLIENT_CONFIRMATION_OK"
4764,10407719059,10407719101,1,"IOTHUB_CLIENT_CONFIRMATION_OK"
4765,10407719259,10407719293,1,"IOTHUB_CLIENT_CONFIRMATION_OK"
4766,10407719459,10407719507,1,"IOTHUB_CLIENT_CONFIRMATION_OK"
4767,10407719659,10407719696,1,"IOTHUB_CLIENT_CONFIRMATION_OK"
4768,10407719859,10407719895,1,"IOTHUB_CLIENT_CONFIRMATION_OK"
4769,10407720060,10407720115,1,"IOTHUB_CLIENT_CONFIRMATION_OK"
4770,10407720260,10407720300,1,"IOTHUB_CLIENT_CONFIRMATION_OK"
4771,10407720460,10407720515,1,"IOTHUB_CLIENT_CONFIRMATION_OK"
4772,10407720660,10407720693,1,"IOTHUB_CLIENT_CONFIRMATION_OK"
4773,10407720860,10407720927,1,"IOTHUB_CLIENT_CONFIRMATION_OK"
4774,10407721060,10407721092,1,"IOTHUB_CLIENT_CONFIRMATION_OK"
4775,10407721261,10407721299,1,"IOTHUB_CLIENT_CONFIRMATION_OK"
4776,10407721461,10407721511,1,"IOTHUB_CLIENT_CONFIRMATION_OK"
4777,10407721661,10407721723,1,"IOTHUB_CLIENT_CONFIRMATION_OK"
4778,10407721861,10407721903,1,"IOTHUB_CLIENT_CONFIRMATION_OK"
4779,10407722061,10407722105,1,"IOTHUB_CLIENT_CONFIRMATION_OK"
4780,10407722261,10407722343,1,"IOTHUB_CLIENT_CONFIRMATION_OK"
4781,10407722462,10407722526,1,"IOTHUB_CLIENT_CONFIRMATION_OK"
4782,10407722662,10407722692,1,"IOTHUB_CLIENT_CONFIRMATION_OK"
4783,10407722862,10407722914,1,"IOTHUB_CLIENT_CONFIRMATION_OK"
4784,10407723062,10407723095,1,"IOTHUB_CLIENT_CONFIRMATION_OK"
4785,10407723262,10407723303,1,"IOTHUB_CLIENT_CONFIRMATION_OK"
4786,10407723462,10407723492,1,"IOTHUB_CLIENT_CONFIRMATION_OK"
4787,10407723662,10407723801,1,"IOTHUB_CLIENT_CONFIRMATION_OK"
4788,10407723863,10407723897,1,"IOTHUB_CLIENT_CONFIRMATION_OK"
4789,10407724063,10407724098,1,"IOTHUB_CLIENT_CONFIRMATION_OK"
4790,10407724263,10407724297,1,"IOTHUB_CLIENT_CONFIRMATION_OK"
4791,10407724463,10407724686,1,"IOTHUB_CLIENT_CONFIRMATION_OK"
4792,10407724663,10407724726,1,"IOTHUB_CLIENT_CONFIRMATION_OK"
4793,10407724863,10407724904,1,"IOTHUB_CLIENT_CONFIRMATION_OK"
4794,10407725064,10407725105,1,"IOTHUB_CLIENT_CONFIRMATION_OK"
4795,10407725264,10407725314,1,"IOTHUB_CLIENT_CONFIRMATION_OK"
4796,10407725464,10407725498,1,"IOTHUB_CLIENT_CONFIRMATION_OK"
4797,10407725664,10407725711,1,"IOTHUB_CLIENT_CONFIRMATION_OK"
4798,10407725864,10407725916,1,"IOTHUB_CLIENT_CONFIRMATION_OK"
4799,10407726064,10407726099,1,"IOTHUB_CLIENT_CONFIRMATION_OK"
4800,10407726265,10407726317,1,"IOTHUB_CLIENT_CONFIRMATION_OK"
4801,10407726465,10407726502,1,"IOTHUB_CLIENT_CONFIRMATION_OK"
4802,10407726665,10407726710,1,"IOTHUB_CLIENT_CONFIRMATION_OK"
4803,10407726865,10407726908,1,"IOTHUB_CLIENT_CONFIRMATION_OK"
4804,10407727065,10407727113,1,"IOTHUB_CLIENT_CONFIRMATION_OK"
4805,10407727265,10407727589,1,"IOTHUB_CLIENT_CONFIRMATION_OK"
4806,10407727465,10407727616,1,"IOTHUB_CLIENT_CONFIRMATION_OK"
4807,10407727666,10407727742,1,"IOTHUB_CLIENT_CONFIRMATION_OK"
4808,10407727866,10407727899,1,"IOTHUB_CLIENT_CONFIRMATION_OK"
4809,10407728066,10407728105,1,"IOTHUB_CLIENT_CONFIRMATION_OK"
4810,10407728266,10407728302,1,"IOTHUB_CLIENT_CONFIRMATION_OK"
4811,10407728466,10407728501,1,"IOTHUB_CLIENT_CONFIRMATION_OK"
4812,10407728666,10407728776,1,"IOTHUB_CLIENT_CONFIRMATION_OK"
4813,10407728866,10407728902,1,"IOTHUB_CLIENT_CONFIRMATION_OK"
4814,10407729067,10407729104,1,"IOTHUB_CLIENT_CONFIRMATION_OK"
4815,10407729267,10407729308,1,"IOTHUB_CLIENT_CONFIRMATION_OK"
4816,10407729467,10407729626,1,"IOTHUB_CLIENT_CONFIRMATION_OK"
4817,10407729667,10407729699,1,"IOTHUB_CLIENT_CONFIRMATION_OK"
4818,10407729867,10407729918,1,"IOTHUB_CLIENT_CONFIRMATION_OK"
4819,10407730067,10407730099,1,"IOTHUB_CLIENT_CONFIRMATION_OK"
4820,10407730267,10407730333,1,"IOTHUB_CLIENT_CONFIRMATION_OK"
4821,10407730468,10407730533,1,"IOTHUB_CLIENT_CONFIRMATION_OK"
4822,10407730668,10407730730,1,"IOTHUB_CLIENT_CONFIRMATION_OK"
4823,10407730868,10407730914,1,"IOTHUB_CLIENT_CONFIRMATION_OK"
4824,10407731068,10407731112,1,"IOTHUB_CLIENT_CONFIRMATION_OK"
4825,10407731268,10407731321,1,"IOTHUB_CLIENT_CONFIRMATION_OK"
4826,10407731468,10407731509,1,"IOTHUB_CLIENT_CONFIRMATION_OK"
4827,10407731669,10407731725,1,"IOTHUB_CLIENT_CONFIRMATION_OK"
4828,10407731869,10407731914,1,"IOTHUB_CLIENT_CONFIRMATION_OK"
4829,10407732069,10407732103,1,"IOTHUB_CLIENT_CONFIRMATION_OK"
4830,10407732269,10407732306,1,"IOTHUB_CLIENT_CONFIRMATION_OK"
4831,10407732469,10407732501,1,"IOTHUB_CLIENT_CONFIRMATION_OK"
4832,10407732669,10407732743,1,"IOTHUB_CLIENT_CONFIRMATION_OK"
4833,10407732869,10407732934,1,"IOTHUB_CLIENT_CONFIRMATION_OK"
4834,10407733070,10407733129,1,"IOTHUB_CLIENT_CONFIRMATION_OK"
4835,10407733270,10407733330,1,"IOTHUB_CLIENT_CONFIRMATION_OK"
4836,10407733470,10407733500,1,"IOTHUB_CLIENT_CONFIRMATION_OK"
4837,10407733670,10407733720,1,"IOTHUB_CLIENT_CONFIRMATION_OK"
4838,10407733870,10407733904,1,"IOTHUB_CLIENT_CONFIRMATION_OK"
4839,10407734070,10407734133,1,"IOTHUB_CLIENT_CONFIRMATION_OK"
4840,10407734271,10407734311,1,"IOTHUB_CLIENT_CONFIRMATION_OK"
4841,10407734471,10407734576,1,"IOTHUB_CLIENT_CONFIRMATION_OK"
4842,10407734671,10407734709,1,"IOTHUB_CLIENT_CONFIRMATION_OK"
4843,10407734871,10407734927,1,"IOTHUB_CLIENT_CONFIRMATION_OK"
4844,10407735071,10407735105,1,"IOTHUB_CLIENT_CONFIRMATION_OK"
4845,10407735271,10407735326,1,"IOTHUB_CLIENT_CONFIRMATION_OK"
4846,10407735472,10407735537,1,"IOTHUB_CLIENT_CONFIRMATION_OK"
4847,10407735672,10407735713,1,"IOTHUB_CLIENT_CONFIRMATION_OK"
4848,10407735872,10407735983,1,"IOTHUB_CLIENT_CONFIRMATION_OK"
4849,10407736072,10407736123,1,"IOTHUB_CLIENT_CONFIRMATION_OK"
4850,10407736272,10407736309,1,"IOTHUB_CLIENT_CONFIRMATION_OK"
4851,10407736472,10407736505,1,"IOTHUB_CLIENT_CONFIRMATION_OK"
4852,10407736672,10407736712,1,"IOTHUB_CLIENT_CONFIRMATION_OK"
4853,10407736873,10407736909,1,"IOTHUB_CLIENT_CONFIRMATION_OK"
4854,10407737073,10407737114,1,"IOTHUB_CLIENT_CONFIRMATION_OK"
4855,10407737273,10407737395,1,"IOTHUB_CLIENT_CONFIRMATION_OK"
4856,10407737473,10407737531,1,"IOTHUB_CLIENT_CONFIRMATION_OK"
4857,10407737673,10407737751,1,"IOTHUB_CLIENT_CONFIRMATION_OK"
4858,10407737873,10407737907,1,"IOTHUB_CLIENT_CONFIRMATION_OK"
4859,10407738073,10407738117,1,"IOTHUB_CLIENT_CONFIRMATION_OK"
4860,10407738274,10407738310,1,"IOTHUB_CLIENT_CONFIRMATION_OK"
4861,10407738474,10407738522,1,"IOTHUB_CLIENT_CONFIRMATION_OK"
4862,10407738674,10407738808,1,"IOTHUB_CLIENT_CONFIRMATION_OK"
4863,10407738874,10407738907,1,"IOTHUB_CLIENT_CONFIRMATION_OK"
4864,10407739074,10407739113,1,"IOTHUB_CLIENT_CONFIRMATION_OK"
4865,10407739274,10407739307,1,"IOTHUB_CLIENT_CONFIRMATION_OK"
4866,10407739475,10407739536,1,"IOTHUB_CLIENT_CONFIRMATION_OK"
4867,10407739675,10407739731,1,"IOTHUB_CLIENT_CONFIRMATION_OK"
4868,10407739875,10407739910,1,"IOTHUB_CLIENT_CONFIRMATION_OK"
4869,10407740075,10407740114,1,"IOTHUB_CLIENT_CONFIRMATION_OK"
4870,10407740275,10407740309,1,"IOTHUB_CLIENT_CONFIRMATION_OK"
4871,10407740475,10407740578,1,"IOTHUB_CLIENT_CONFIRMATION_OK"
4872,10407740675,10407740758,1,"IOTHUB_CLIENT_CONFIRMATION_OK"
4873,10407740876,10407740952,1,"IOTHUB_CLIENT_CONFIRMATION_OK"
4874,10407741076,10407741110,1,"IOTHUB_CLIENT_CONFIRMATION_OK"
4875,10407741276,10407741319,1,"IOTHUB_CLIENT_CONFIRMATION_OK"
4876,10407741476,10407741520,1,"IOTHUB_CLIENT_CONFIRMATION_OK"
4877,10407741676,10407741734,1,"IOTHUB_CLIENT_CONFIRMATION_OK"
4878,10407741876,10407741925,1,"IOTHUB_CLIENT_CONFIRMATION_OK"
4879,10407742076,10407742106,1,"IOTHUB_CLIENT_CONFIRMATION_OK"
4880,10407742277,10407742317,1,"IOTHUB_CLIENT_CONFIRMATION_OK"
4881,10407742477,10407742519,1,"IOTHUB_CLIENT_CONFIRMATION_OK"
4882,10407742677,10407742709,1,"IOTHUB_CLIENT_CONFIRMATION_OK"
4883,10407742877,10407742914,1,"IOTHUB_CLIENT_CONFIRMATION_OK"
4884,10407743077,10407743155,1,"IOTHUB_CLIENT_CONFIRMATION_OK"
4885,10407743277,10407743312,1,"IOTHUB_CLIENT_CONFIRMATION_OK"
4886,10407743478,10407743511,1,"IOTHUB_CLIENT_CONFIRMATION_OK"
4887,10407743678,10407743714,1,"IOTHUB_CLIENT_CONFIRMATION_OK"
4888,10407743878,10407743940,1,"IOTHUB_CLIENT_CONFIRMATION_OK"
4889,10407744078,10407744143,1,"IOTHUB_CLIENT_CONFIRMATION_OK"
4890,10407744278,10407744314,1,"IOTHUB_CLIENT_CONFIRMATION_OK"
4891,10407744478,10407744542,1,"IOTHUB_CLIENT_CONFIRMATION_OK"
4892,10407744678,10407744712,1,"IOTHUB_CLIENT_CONFIRMATION_OK"
4893,10407744879,10407744920,1,"IOTHUB_CLIENT_CONFIRMATION_OK"
4894,10407745079,10407745147,1,"IOTHUB_CLIENT_CONFIRMATION_OK"
4895,10407745279,10407745320,1,"IOTHUB_CLIENT_CONFIRMATION_OK"
4896,10407745479,10407745514,1,"IOTHUB_CLIENT_CONFIRMATION_OK"
4897,10407745679,10407745722,1,"IOTHUB_CLIENT_CONFIRMATION_OK"
4898,10407745879,10407745993,1,"IOTHUB_CLIENT_CONFIRMATION_OK"
4899,10407746080,10407746112,1,"IOTHUB_CLIENT_CONFIRMATION_OK"
4900,10407746280,10407746314,1,"IOTHUB_CLIENT_CONFIRMATION_OK"
4901,10407746480,10407746513,1,"IOTHUB_CLIENT_CONFIRMATION_OK"
4902,10407746680,10407746712,1,"IOTHUB_CLIENT_CONFIRMATION_OK"
4903,10407746880,10407746919,1,"IOTHUB_CLIENT_CONFIRMATION_OK"
4904,10407747080,10407747129,1,"IOTHUB_CLIENT_CONFIRMATION_OK"
4905,10407747280,10407747390,1,"IOTHUB_CLIENT_CONFIRMATION_OK"
4906,10407747481,10407747514,1,"IOTHUB_CLIENT_CONFIRMATION_OK"
4907,10407747681,10407747721,1,"IOTHUB_CLIENT_CONFIRMATION_OK"
4908,10407747881,10407747915,1,"IOTHUB_CLIENT_CONFIRMATION_OK"
4909,10407748081,10407748218,1,"IOTHUB_CLIENT_CONFIRMATION_OK"
4910,10407748281,10407748325,1,"IOTHUB_CLIENT_CONFIRMATION_OK"
4911,10407748481,10407748516,1,"IOTHUB_CLIENT_CONFIRMATION_OK"
4912,10407748682,10407748839,1,"IOTHUB_CLIENT_CONFIRMATION_OK"
4913,10407748882,10407748937,1,"IOTHUB_CLIENT_CONFIRMATION_OK"
4914,10407749082,10407749164,1,"IOTHUB_CLIENT_CONFIRMATION_OK"
4915,10407749282,10407749319,1,"IOTHUB_CLIENT_CONFIRMATION_OK"
4916,10407749482,10407749515,1,"IOTHUB_CLIENT_CONFIRMATION_OK"
4917,10407749682,10407749731,1,"IOTHUB_CLIENT_CONFIRMATION_OK"
4918,10407749882,10407749937,1,"IOTHUB_CLIENT_CONFIRMATION_OK"
4919,10407750083,10407750119,1,"IOTHUB_CLIENT_CONFIRMATION_OK"
4920,10407750283,10407750327,1,"IOTHUB_CLIENT_CONFIRMATION_OK"
4921,10407750483,10407750517,1,"IOTHUB_CLIENT_CONFIRMATION_OK"
4922,10407750683,10407750732,1,"IOTHUB_CLIENT_CONFIRMATION_OK"
4923,10407750883,10407750962,1,"IOTHUB_CLIENT_CONFIRMATION_OK"
4924,10407751083,10407751139,1,"IOTHUB_CLIENT_CONFIRMATION_OK"
4925,10407751284,10407751333,1,"IOTHUB_CLIENT_CONFIRMATION_OK"
4926,10407751484,10407751521,1,"IOTHUB_CLIENT_CONFIRMATION_OK"
4927,10407751684,10407751747,1,"IOTHUB_CLIENT_CONFIRMATION_OK"
4928,10407751884,10407751915,1,"IOTHUB_CLIENT_CONFIRMATION_OK"
4929,10407752084,10407752255,1,"IOTHUB_CLIENT_CONFIRMATION_OK"
4930,10407752284,10407752389,1,"IOTHUB_CLIENT_CONFIRMATION_OK"
4931,10407752484,10407752517,1,"IOTHUB_CLIENT_CONFIRMATION_OK"
4932,10407752685,10407752718,1,"IOTHUB_CLIENT_CONFIRMATION_OK"
4933,10407752885,10407752920,1,"IOTHUB_CLIENT_CONFIRMATION_OK"
4934,10407753085,10407753114,1,"IOTHUB_CLIENT_CONFIRMATION_OK"
4935,10407753285,10407753329,1,"IOTHUB_CLIENT_CONFIRMATION_OK"
4936,10407753485,10407753545,1,"IOTHUB_CLIENT_CONFIRMATION_OK"
4937,10407753685,10407753812,1,"IOTHUB_CLIENT_CONFIRMATION_OK"
4938,10407753885,10407753935,1,"IOTHUB_CLIENT_CONFIRMATION_OK"
4939,10407754086,10407754124,1,"IOTHUB_CLIENT_CONFIRMATION_OK"
4940,10407754286,10407754332,1,"IOTHUB_CLIENT_CONFIRMATION_OK"
4941,10407754486,10407754620,1,"IOTHUB_CLIENT_CONFIRMATION_OK"
4942,10407754686,10407754738,1,"IOTHUB_CLIENT_CONFIRMATION_OK"
4943,10407754886,10407754920,1,"IOTHUB_CLIENT_CONFIRMATION_OK"
4944,10407755086,10407755173,1,"IOTHUB_CLIENT_CONFIRMATION_OK"
4945,10407755287,10407755321,1,"IOTHUB_CLIENT_CONFIRMATION_OK"
4946,10407755487,10407755561,1,"IOTHUB_CLIENT_CONFIRMATION_OK"
4947,10407755687,10407755729,1,"IOTHUB_CLIENT_CONFIRMATION_OK"
4948,10407755887,10407755924,1,"IOTHUB_CLIENT_CONFIRMATION_OK"
4949,10407756087,10407756124,1,"IOTHUB_CLIENT_CONFIRMATION_OK"
4950,10407756287,10407756389,1,"IOTHUB_CLIENT_CONFIRMATION_OK"
4951,10407756487,10407756536,1,"IOTHUB_CLIENT_CONFIRMATION_OK"
4952,10407756688,10407756737,1,"IOTHUB_CLIENT_CONFIRMATION_OK"
4953,10407756888,10407756927,1,"IOTHUB_CLIENT_CONFIRMATION_OK"
4954,10407757088,10407757118,1,"IOTHUB_CLIENT_CONFIRMATION_OK"
4955,10407757288,10407757355,1,"IOTHUB_CLIENT_CONFIRMATION_OK"
4956,10407757488,10407757524,1,"IOTHUB_CLIENT_CONFIRMATION_OK"
4957,10407757688,10407757719,1,"IOTHUB_CLIENT_CONFIRMATION_OK"
4958,10407757889,10407757957,1,"IOTHUB_CLIENT_CONFIRMATION_OK"
4959,10407758089,10407758176,1,"IOTHUB_CLIENT_CONFIRMATION_OK"
4960,10407758289,10407758327,1,"IOTHUB_CLIENT_CONFIRMATION_OK"
4961,10407758489,10407758524,1,"IOTHUB_CLIENT_CONFIRMATION_OK"
4962,10407758689,10407758738,1,"IOTHUB_CLIENT_CONFIRMATION_OK"
4963,10407758889,10407758932,1,"IOTHUB_CLIENT_CONFIRMATION_OK"
4964,10407759090,10407759125,1,"IOTHUB_CLIENT_CONFIRMATION_OK"
4965,10407759290,10407759321,1,"IOTHUB_CLIENT_CONFIRMATION_OK"
4966,10407759490,10407759551,1,"IOTHUB_CLIENT_CONFIRMATION_OK"
4967,10407759690,10407759728,1,"IOTHUB_CLIENT_CONFIRMATION_OK"
4968,10407759890,10407759926,1,"IOTHUB_CLIENT_CONFIRMATION_OK"
4969,10407760090,10407760123,1,"IOTHUB_CLIENT_CONFIRMATION_OK"
4970,10407760290,10407760343,1,"IOTHUB_CLIENT_CONFIRMATION_OK"
4971,10407760491,10407760552,1,"IOTHUB_CLIENT_CONFIRMATION_OK"
4972,10407760691,10407760780,1,"IOTHUB_CLIENT_CONFIRMATION_OK"
4973,10407760891,10407761130,1,"IOTHUB_CLIENT_CONFIRMATION_OK"
4974,10407761091,10407761159,1,"IOTHUB_CLIENT_CONFIRMATION_OK"
4975,10407761291,10407761346,1,"IOTHUB_CLIENT_CONFIRMATION_OK"
4976,10407761491,10407761543,1,"IOTHUB_CLIENT_CONFIRMATION_OK"
4977,10407761692,10407761744,1,"IOTHUB_CLIENT_CONFIRMATION_OK"
4978,10407761892,10407761927,1,"IOTHUB_CLIENT_CONFIRMATION_OK"
4979,10407762092,10407762142,1,"IOTHUB_CLIENT_CONFIRMATION_OK"
4980,10407762292,10407762362,1,"IOTHUB_CLIENT_CONFIRMATION_OK"
4981,10407762492,10407762558,1,"IOTHUB_CLIENT_CONFIRMATION_OK"
4982,10407762692,10407762729,1,"IOTHUB_CLIENT_CONFIRMATION_OK"
4983,10407762892,10407762925,1,"IOTHUB_CLIENT_CONFIRMATION_OK"
4984,10407763093,10407763193,1,"IOTHUB_CLIENT_CONFIRMATION_OK"
4985,10407763293,10407763334,1,"IOTHUB_CLIENT_CONFIRMATION_OK"
4986,10407763493,10407763546,1,"IOTHUB_CLIENT_CONFIRMATION_OK"
4987,10407763693,10407763777,1,"IOTHUB_CLIENT_CONFIRMATION_OK"
4988,10407763893,10407763934,1,"IOTHUB_CLIENT_CONFIRMATION_OK"
4989,10407764093,10407764142,1,"IOTHUB_CLIENT_CONFIRMATION_OK"
4990,10407764293,10407764328,1,"IOTHUB_CLIENT_CONFIRMATION_OK"
4991,10407764494,10407764681,1,"IOTHUB_CLIENT_CONFIRMATION_OK"
4992,10407764694,10407764734,1,"IOTHUB_CLIENT_CONFIRMATION_OK"
4993,10407764894,10407764940,1,"IOTHUB_CLIENT_CONFIRMATION_OK"
4994,10407765094,10407765124,1,"IOTHUB_CLIENT_CONFIRMATION_OK"
4995,10407765294,10407765377,1,"IOTHUB_CLIENT_CONFIRMATION_OK"
4996,10407765494,10407765542,1,"IOTHUB_CLIENT_CONFIRMATION_OK"
4997,10407765695,10407765731,1,"IOTHUB_CLIENT_CONFIRMATION_OK"
4998,10407765895,10407765948,1,"IOTHUB_CLIENT_CONFIRMATION_OK"
4999,10407766095,10407766129,1,"IOTHUB_CLIENT_CONFIRMATION_OK"
5000,10407766295,10407766350,1,"IOTHUB_CLIENT_CONFIRMATION_OK"
5001,10407766495,10407766529,1,"IOTHUB_CLIENT_CONFIRMATION_OK"
5002,10407766695,10407766765,1,"IOTHUB_CLIENT_CONFIRMATION_OK"
5003,10407766895,10407766929,1,"IOTHUB_CLIENT_CONFIRMATION_OK"
5004,10407767096,10407767145,1,"IOTHUB_CLIENT_CONFIRMATION_OK"
5005,10407767296,10407767338,1,"IOTHUB_CLIENT_CONFIRMATION_OK"
5006,10407767496,10407767544,1,"IOTHUB_CLIENT_CONFIRMATION_OK"
5007,10407767696,10407767741,1,"IOTHUB_CLIENT_CONFIRMATION_OK"
5008,10407767896,10407767937,1,"IOTHUB_CLIENT_CONFIRMATION_OK"
5009,10407768096,10407768165,1,"IOTHUB_CLIENT_CONFIRMATION_OK"
5010,10407768296,10407768327,1,"IOTHUB_CLIENT_CONFIRMATION_OK"
5011,10407768497,10407768544,1,"IOTHUB_CLIENT_CONFIRMATION_OK"
5012,10407768697,10407768850,1,"IOTHUB_CLIENT_CONFIRMATION_OK"
5013,10407768897,10407768953,1,"IOTHUB_CLIENT_CONFIRMATION_OK"
5014,10407769097,10407769127,1,"IOTHUB_CLIENT_CONFIRMATION_OK"
5015,10407769297,10407769348,1,"IOTHUB_CLIENT_CONFIRMATION_OK"
5016,10407769497,10407769543,1,"IOTHUB_CLIENT_CONFIRMATION_OK"
5017,10407769698,10407769735,1,"IOTHUB_CLIENT_CONFIRMATION_OK"
5018,10407769898,10407769952,1,"IOTHUB_CLIENT_CONFIRMATION_OK"
5019,10407770098,10407770142,1,"IOTHUB_CLIENT_CONFIRMATION_OK"
5020,10407770298,10407770333,1,"IOTHUB_CLIENT_CONFIRMATION_OK"
5021,10407770498,10407770527,1,"IOTHUB_CLIENT_CONFIRMATION_OK"
5022,10407770698,10407770743,1,"IOTHUB_CLIENT_CONFIRMATION_OK"
5023,10407770898,10407770978,1,"IOTHUB_CLIENT_CONFIRMATION_OK"
5024,10407771099,10407771136,1,"IOTHUB_CLIENT_CONFIRMATION_OK"
5025,10407771299,10407771336,1,"IOTHUB_CLIENT_CONFIRMATION_OK"
5026,10407771499,10407771532,1,"IOTHUB_CLIENT_CONFIRMATION_OK"
5027,10407771699,10407771746,1,"IOTHUB_CLIENT_CONFIRMATION_OK"
5028,10407771899,10407771978,1,"IOTHUB_CLIENT_CONFIRMATION_OK"
5029,10407772099,10407772134,1,"IOTHUB_CLIENT_CONFIRMATION_OK"
5030,10407772300,10407772336,1,"IOTHUB_CLIENT_CONFIRMATION_OK"
5031,10407772500,10407772609,1,"IOTHUB_CLIENT_CONFIRMATION_OK"
5032,10407772700,10407772755,1,"IOTHUB_CLIENT_CONFIRMATION_OK"
5033,10407772900,10407772936,1,"IOTHUB_CLIENT_CONFIRMATION_OK"
5034,10407773100,10407773140,1,"IOTHUB_CLIENT_CONFIRMATION_OK"
5035,10407773300,10407773335,1,"IOTHUB_CLIENT_CONFIRMATION_OK"
5036,10407773500,10407773542,1,"IOTHUB_CLIENT_CONFIRMATION_OK"
5037,10407773701,10407773810,1,"IOTHUB_CLIENT_CONFIRMATION_OK"
5038,10407773901,10407773939,1,"IOTHUB_CLIENT_CONFIRMATION_OK"
5039,10407774101,10407774134,1,"IOTHUB_CLIENT_CONFIRMATION_OK"
5040,10407774301,10407774334,1,"IOTHUB_CLIENT_CONFIRMATION_OK"
5041,10407774501,10407774634,1,"IOTHUB_CLIENT_CONFIRMATION_OK"
5042,10407774701,10407774734,1,"IOTHUB_CLIENT_CONFIRMATION_OK"
5043,10407774902,10407774948,1,"IOTHUB_CLIENT_CONFIRMATION_OK"
5044,10407775102,10407775136,1,"IOTHUB_CLIENT_CONFIRMATION_OK"
5045,10407775302,10407775336,1,"IOTHUB_CLIENT_CONFIRMATION_OK"
5046,10407775502,10407775542,1,"IOTHUB_CLIENT_CONFIRMATION_OK"
5047,10407775702,10407775738,1,"IOTHUB_CLIENT_CONFIRMATION_OK"
5048,10407775902,10407776152,1,"IOTHUB_CLIENT_CONFIRMATION_OK"
5049,10407776103,10407776176,1,"IOTHUB_CLIENT_CONFIRMATION_OK"
5050,10407776303,10407776340,1,"IOTHUB_CLIENT_CONFIRMATION_OK"
5051,10407776503,10407776551,1,"IOTHUB_CLIENT_CONFIRMATION_OK"
5052,10407776703,10407776748,1,"IOTHUB_CLIENT_CONFIRMATION_OK"
5053,10407776903,10407776938,1,"IOTHUB_CLIENT_CONFIRMATION_OK"
5054,10407777103,10407777134,1,"IOTHUB_CLIENT_CONFIRMATION_OK"
5055,10407777303,10407777533,1,"IOTHUB_CLIENT_CONFIRMATION_OK"
5056,10407777504,10407777577,1,"IOTHUB_CLIENT_CONFIRMATION_OK"
5057,10407777704,10407777736,1,"IOTHUB_CLIENT_CONFIRMATION_OK"
5058,10407777904,10407777943,1,"IOTHUB_CLIENT_CONFIRMATION_OK"
5059,10407778104,10407778166,1,"IOTHUB_CLIENT_CONFIRMATION_OK"
5060,10407778304,10407778370,1,"IOTHUB_CLIENT_CONFIRMATION_OK"
5061,10407778504,10407778556,1,"IOTHUB_CLIENT_CONFIRMATION_OK"
5062,10407778705,10407778925,1,"IOTHUB_CLIENT_CONFIRMATION_OK"
5063,10407778905,10407778954,1,"IOTHUB_CLIENT_CONFIRMATION_OK"
5064,10407779105,10407779156,1,"IOTHUB_CLIENT_CONFIRMATION_OK"
5065,10407779305,10407779336,1,"IOTHUB_CLIENT_CONFIRMATION_OK"
5066,10407779505,10407779540,1,"IOTHUB_CLIENT_CONFIRMATION_OK"
5067,10407779705,10407779735,1,"IOTHUB_CLIENT_CONFIRMATION_OK"
5068,10407779905,10407779940,1,"IOTHUB_CLIENT_CONFIRMATION_OK"
5069,10407780106,10407780156,1,"IOTHUB_CLIENT_CONFIRMATION_OK"
5070,10407780306,10407780349,1,"IOTHUB_CLIENT_CONFIRMATION_OK"
5071,10407780506,10407780544,1,"IOTHUB_CLIENT_CONFIRMATION_OK"
5072,10407780706,10407780752,1,"IOTHUB_CLIENT_CONFIRMATION_OK"
5073,10407780906,10407780963,1,"IOTHUB_CLIENT_CONFIRMATION_OK"
5074,10407781106,10407781147,1,"IOTHUB_CLIENT_CONFIRMATION_OK"
5075,10407781306,10407781342,1,"IOTHUB_CLIENT_CONFIRMATION_OK"
5076,10407781507,10407781554,1,"IOTHUB_CLIENT_CONFIRMATION_OK"
5077,10407781707,10407781776,1,"IOTHUB_CLIENT_CONFIRMATION_OK"
5078,10407781907,10407781944,1,"IOTHUB_CLIENT_CONFIRMATION_OK"
5079,10407782107,10407782145,1,"IOTHUB_CLIENT_CONFIRMATION_OK"
5080,10407782307,10407782380,1,"IOTHUB_CLIENT_CONFIRMATION_OK"
5081,10407782507,10407782542,1,"IOTHUB_CLIENT_CONFIRMATION_OK"
5082,10407782708,10407782749,1,"IOTHUB_CLIENT_CONFIRMATION_OK"
5083,10407782908,10407782947,1,"IOTHUB_CLIENT_CONFIRMATION_OK"
5084,10407783108,10407783148,1,"IOTHUB_CLIENT_CONFIRMATION_OK"
5085,10407783308,10407783375,1,"IOTHUB_CLIENT_CONFIRMATION_OK"
5086,10407783508,10407783542,1,"IOTHUB_CLIENT_CONFIRMATION_OK"
5087,10407783708,10407783791,1,"IOTHUB_CLIENT_CONFIRMATION_OK"
5088,10407783908,10407783943,1,"IOTHUB_CLIENT_CONFIRMATION_OK"
5089,10407784109,10407784158,1,"IOTHUB_CLIENT_CONFIRMATION_OK"
5090,10407784309,10407784359,1,"IOTHUB_CLIENT_CONFIRMATION_OK"
5091,10407784509,10407784664,1,"IOTHUB_CLIENT_CONFIRMATION_OK"
5092,10407784709,10407784747,1,"IOTHUB_CLIENT_CONFIRMATION_OK"
5093,10407784909,10407784981,1,"IOTHUB_CLIENT_CONFIRMATION_OK"
5094,10407785109,10407785151,1,"IOTHUB_CLIENT_CONFIRMATION_OK"
5095,10407785310,10407785351,1,"IOTHUB_CLIENT_CONFIRMATION_OK"
5096,10407785510,10407785548,1,"IOTHUB_CLIENT_CONFIRMATION_OK"
5097,10407785710,10407785753,1,"IOTHUB_CLIENT_CONFIRMATION_OK"
5098,10407785910,10407785983,1,"IOTHUB_CLIENT_CONFIRMATION_OK"
5099,10407786110,10407786161,1,"IOTHUB_CLIENT_CONFIRMATION_OK"
5100,10407786310,10407786347,1,"IOTHUB_CLIENT_CONFIRMATION_OK"
5101,10407786510,10407786546,1,"IOTHUB_CLIENT_CONFIRMATION_OK"
5102,10407786711,10407786872,1,"IOTHUB_CLIENT_CONFIRMATION_OK"
5103,10407786911,10407786952,1,"IOTHUB_CLIENT_CONFIRMATION_OK"
5104,10407787111,10407787157,1,"IOTHUB_CLIENT_CONFIRMATION_OK"
5105,10407787311,10407787376,1,"IOTHUB_CLIENT_CONFIRMATION_OK"
5106,10407787511,10407787547,1,"IOTHUB_CLIENT_CONFIRMATION_OK"
5107,10407787711,10407787760,1,"IOTHUB_CLIENT_CONFIRMATION_OK"
5108,10407787911,10407787957,1,"IOTHUB_CLIENT_CONFIRMATION_OK"
5109,10407788112,10407788206,1,"IOTHUB_CLIENT_CONFIRMATION_OK"
5110,10407788312,10407788393,1,"IOTHUB_CLIENT_CONFIRMATION_OK"
5111,10407788512,10407788546,1,"IOTHUB_CLIENT_CONFIRMATION_OK"
5112,10407788712,10407788802,1,"IOTHUB_CLIENT_CONFIRMATION_OK"
5113,10407788912,10407788947,1,"IOTHUB_CLIENT_CONFIRMATION_OK"
5114,10407789112,10407789162,1,"IOTHUB_CLIENT_CONFIRMATION_OK"
5115,10407789313,10407789342,1,"IOTHUB_CLIENT_CONFIRMATION_OK"
5116,10407789513,10407789627,1,"IOTHUB_CLIENT_CONFIRMATION_OK"
5117,10407789713,10407789753,1,"IOTHUB_CLIENT_CONFIRMATION_OK"
5118,10407789913,10407789959,1,"IOTHUB_CLIENT_CONFIRMATION_OK"
5119,10407790113,10407790156,1,"IOTHUB_CLIENT_CONFIRMATION_OK"
5120,10407790313,10407790352,1,"IOTHUB_CLIENT_CONFIRMATION_OK"
5121,10407790514,10407790572,1,"IOTHUB_CLIENT_CONFIRMATION_OK"
5122,10407790714,10407790789,1,"IOTHUB_CLIENT_CONFIRMATION_OK"
5123,10407790914,10407791171,1,"IOTHUB_CLIENT_CONFIRMATION_OK"
5124,10407791114,10407791206,1,"IOTHUB_CLIENT_CONFIRMATION_OK"
5125,10407791314,10407791393,1,"IOTHUB_CLIENT_CONFIRMATION_OK"
5126,10407791514,10407791547,1,"IOTHUB_CLIENT_CONFIRMATION_OK"
5127,10407791714,10407791778,1,"IOTHUB_CLIENT_CONFIRMATION_OK"
5128,10407791915,10407791959,1,"IOTHUB_CLIENT_CONFIRMATION_OK"
5129,10407792115,10407792147,1,"IOTHUB_CLIENT_CONFIRMATION_OK"
5130,10407792315,10407792528,1,"IOTHUB_CLIENT_CONFIRMATION_OK"
5131,10407792515,10407792554,1,"IOTHUB_CLIENT_CONFIRMATION_OK"
5132,10407792715,10407792772,1,"IOTHUB_CLIENT_CONFIRMATION_OK"
5133,10407792915,10407792959,1,"IOTHUB_CLIENT_CONFIRMATION_OK"
5134,10407793116,10407793168,1,"IOTHUB_CLIENT_CONFIRMATION_OK"
5135,10407793316,10407793353,1,"IOTHUB_CLIENT_CONFIRMATION_OK"
5136,10407793516,10407793547,1,"IOTHUB_CLIENT_CONFIRMATION_OK"
5137,10407793716,10407793924,1,"IOTHUB_CLIENT_CONFIRMATION_OK"
5138,10407793916,10407793949,1,"IOTHUB_CLIENT_CONFIRMATION_OK"
5139,10407794116,10407794149,1,"IOTHUB_CLIENT_CONFIRMATION_OK"
5140,10407794317,10407794348,1,"IOTHUB_CLIENT_CONFIRMATION_OK"
5141,10407794517,10407794554,1,"IOTHUB_CLIENT_CONFIRMATION_OK"
5142,10407794717,10407794753,1,"IOTHUB_CLIENT_CONFIRMATION_OK"
5143,10407794917,10407794992,1,"IOTHUB_CLIENT_CONFIRMATION_OK"
5144,10407795117,10407795161,1,"IOTHUB_CLIENT_CONFIRMATION_OK"
5145,10407795317,10407795421,1,"IOTHUB_CLIENT_CONFIRMATION_OK"
5146,10407795518,10407795557,1,"IOTHUB_CLIENT_CONFIRMATION_OK"
5147,10407795718,10407795762,1,"IOTHUB_CLIENT_CONFIRMATION_OK"
5148,10407795918,10407795961,1,"IOTHUB_CLIENT_CONFIRMATION_OK"
5149,10407796118,10407796191,1,"IOTHUB_CLIENT_CONFIRMATION_OK"
5150,10407796318,10407796352,1,"IOTHUB_CLIENT_CONFIRMATION_OK"
5151,10407796518,10407796549,1,"IOTHUB_CLIENT_CONFIRMATION_OK"
5152,10407796719,10407796766,1,"IOTHUB_CLIENT_CONFIRMATION_OK"
5153,10407796919,10407796962,1,"IOTHUB_CLIENT_CONFIRMATION_OK"
5154,10407797119,10407797174,1,"IOTHUB_CLIENT_CONFIRMATION_OK"
5155,10407797319,10407797369,1,"IOTHUB_CLIENT_CONFIRMATION_OK"
5156,10407797519,10407797563,1,"IOTHUB_CLIENT_CONFIRMATION_OK"
5157,10407797719,10407797778,1,"IOTHUB_CLIENT_CONFIRMATION_OK"
5158,10407797919,10407797955,1,"IOTHUB_CLIENT_CONFIRMATION_OK"
5159,10407798120,10407798187,1,"IOTHUB_CLIENT_CONFIRMATION_OK"
5160,10407798320,10407798380,1,"IOTHUB_CLIENT_CONFIRMATION_OK"
5161,10407798520,10407798560,1,"IOTHUB_CLIENT_CONFIRMATION_OK"
5162,10407798720,10407798820,1,"IOTHUB_CLIENT_CONFIRMATION_OK"
5163,10407798920,10407798963,1,"IOTHUB_CLIENT_CONFIRMATION_OK"
5164,10407799120,10407799421,1,"IOTHUB_CLIENT_CONFIRMATION_OK"
5165,10407799321,10407799499,1,"IOTHUB_CLIENT_CONFIRMATION_OK"
5166,10407799521,10407799611,1,"IOTHUB_CLIENT_CONFIRMATION_OK"
5167,10407799721,10407799820,1,"IOTHUB_CLIENT_CONFIRMATION_OK"
5168,10407799921,10407799958,1,"IOTHUB_CLIENT_CONFIRMATION_OK"
5169,10407800121,10407800168,1,"IOTHUB_CLIENT_CONFIRMATION_OK"
5170,10407800321,10407800360,1,"IOTHUB_CLIENT_CONFIRMATION_OK"
5171,10407800521,10407800570,1,"IOTHUB_CLIENT_CONFIRMATION_OK"
5172,10407800722,10407800764,1,"IOTHUB_CLIENT_CONFIRMATION_OK"
5173,10407800922,10407801036,1,"IOTHUB_CLIENT_CONFIRMATION_OK"
5174,10407801122,10407801160,1,"IOTHUB_CLIENT_CONFIRMATION_OK"
5175,10407801322,10407801361,1,"IOTHUB_CLIENT_CONFIRMATION_OK"
5176,10407801522,10407801562,1,"IOTHUB_CLIENT_CONFIRMATION_OK"
5177,10407801722,10407801764,1,"IOTHUB_CLIENT_CONFIRMATION_OK"
5178,10407801923,10407801968,1,"IOTHUB_CLIENT_CONFIRMATION_OK"
5179,10407802123,10407802170,1,"IOTHUB_CLIENT_CONFIRMATION_OK"
5180,10407802323,10407802439,1,"IOTHUB_CLIENT_CONFIRMATION_OK"
5181,10407802523,10407802580,1,"IOTHUB_CLIENT_CONFIRMATION_OK"
5182,10407802723,10407802763,1,"IOTHUB_CLIENT_CONFIRMATION_OK"
5183,10407802923,10407802975,1,"IOTHUB_CLIENT_CONFIRMATION_OK"
5184,10407803124,10407803172,1,"IOTHUB_CLIENT_CONFIRMATION_OK"
5185,10407803324,10407803379,1,"IOTHUB_CLIENT_CONFIRMATION_OK"
5186,10407803524,10407803581,1,"IOTHUB_CLIENT_CONFIRMATION_OK"
5187,10407803724,10407803890,1,"IOTHUB_CLIENT_CONFIRMATION_OK"
5188,10407803924,10407803976,1,"IOTHUB_CLIENT_CONFIRMATION_OK"
5189,10407804124,10407804188,1,"IOTHUB_CLIENT_CONFIRMATION_OK"
5190,10407804324,10407804367,1,"IOTHUB_CLIENT_CONFIRMATION_OK"
5191,10407804525,10407804593,1,"IOTHUB_CLIENT_CONFIRMATION_OK"
5192,10407804725,10407804780,1,"IOTHUB_CLIENT_CONFIRMATION_OK"
5193,10407804925,10407804995,1,"IOTHUB_CLIENT_CONFIRMATION_OK"
5194,10407805125,10407805171,1,"IOTHUB_CLIENT_CONFIRMATION_OK"
5195,10407805325,10407805410,1,"IOTHUB_CLIENT_CONFIRMATION_OK"
5196,10407805525,10407805572,1,"IOTHUB_CLIENT_CONFIRMATION_OK"
5197,10407805725,10407805773,1,"IOTHUB_CLIENT_CONFIRMATION_OK"
5198,10407805926,10407806043,1,"IOTHUB_CLIENT_CONFIRMATION_OK"
5199,10407806126,10407806167,1,"IOTHUB_CLIENT_CONFIRMATION_OK"
5200,10407806326,10407806378,1,"IOTHUB_CLIENT_CONFIRMATION_OK"
5201,10407806526,10407806590,1,"IOTHUB_CLIENT_CONFIRMATION_OK"
5202,10407806726,10407806782,1,"IOTHUB_CLIENT_CONFIRMATION_OK"
5203,10407806926,10407806980,1,"IOTHUB_CLIENT_CONFIRMATION_OK"
5204,10407807127,10407807180,1,"IOTHUB_CLIENT_CONFIRMATION_OK"
5205,10407807327,10407807421,1,"IOTHUB_CLIENT_CONFIRMATION_OK"
5206,10407807527,10407807564,1,"IOTHUB_CLIENT_CONFIRMATION_OK"
5207,10407807727,10407807773,1,"IOTHUB_CLIENT_CONFIRMATION_OK"
5208,10407807927,10407807972,1,"IOTHUB_CLIENT_CONFIRMATION_OK"
5209,10407808127,10407808181,1,"IOTHUB_CLIENT_CONFIRMATION_OK"
5210,10407808328,10407808369,1,"IOTHUB_CLIENT_CONFIRMATION_OK"
5211,10407808528,10407808564,1,"IOTHUB_CLIENT_CONFIRMATION_OK"
5212,10407808728,10407808859,1,"IOTHUB_CLIENT_CONFIRMATION_OK"
5213,10407808928,10407808965,1,"IOTHUB_CLIENT_CONFIRMATION_OK"
5214,10407809128,10407809166,1,"IOTHUB_CLIENT_CONFIRMATION_OK"
5215,10407809328,10407809365,1,"IOTHUB_CLIENT_CONFIRMATION_OK"
5216,10407809528,10407809687,1,"IOTHUB_CLIENT_CONFIRMATION_OK"
5217,10407809729,10407809763,1,"IOTHUB_CLIENT_CONFIRMATION_OK"
5218,10407809929,10407809978,1,"IOTHUB_CLIENT_CONFIRMATION_OK"
5219,10407810129,10407810166,1,"IOTHUB_CLIENT_CONFIRMATION_OK"
5220,10407810329,10407810380,1,"IOTHUB_CLIENT_CONFIRMATION_OK"
5221,10407810529,10407810579,1,"IOTHUB_CLIENT_CONFIRMATION_OK"
5222,10407810729,10407810786,1,"IOTHUB_CLIENT_CONFIRMATION_OK"
5223,10407810930,10407811009,1,"IOTHUB_CLIENT_CONFIRMATION_OK"
5224,10407811130,10407811174,1,"IOTHUB_CLIENT_CONFIRMATION_OK"
5225,10407811330,10407811390,1,"IOTHUB_CLIENT_CONFIRMATION_OK"
5226,10407811530,10407811575,1,"IOTHUB_CLIENT_CONFIRMATION_OK"
5227,10407811730,10407811788,1,"IOTHUB_CLIENT_CONFIRMATION_OK"
5228,10407811930,10407811970,1,"IOTHUB_CLIENT_CONFIRMATION_OK"
5229,10407812130,10407812174,1,"IOTHUB_CLIENT_CONFIRMATION_OK"
5230,10407812331,10407812375,1,"IOTHUB_CLIENT_CONFIRMATION_OK"
5231,10407812531,10407812581,1,"IOTHUB_CLIENT_CONFIRMATION_OK"
5232,10407812731,10407812772,1,"IOTHUB_CLIENT_CONFIRMATION_OK"
5233,10407812931,10407812968,1,"IOTHUB_CLIENT_CONFIRMATION_OK"
5234,10407813131,10407813201,1,"IOTHUB_CLIENT_CONFIRMATION_OK"
5235,10407813331,10407813402,1,"IOTHUB_CLIENT_CONFIRMATION_OK"
5236,10407813532,10407813648,1,"IOTHUB_CLIENT_CONFIRMATION_OK"
5237,10407813732,10407813800,1,"IOTHUB_CLIENT_CONFIRMATION_OK"
5238,10407813932,10407813975,1,"IOTHUB_CLIENT_CONFIRMATION_OK"
5239,10407814132,10407814168,1,"IOTHUB_CLIENT_CONFIRMATION_OK"
5240,10407814332,10407814375,1,"IOTHUB_CLIENT_CONFIRMATION_OK"
5241,10407814532,10407814628,1,"IOTHUB_CLIENT_CONFIRMATION_OK"
5242,10407814733,10407814782,1,"IOTHUB_CLIENT_CONFIRMATION_OK"
5243,10407814933,10407814970,1,"IOTHUB_CLIENT_CONFIRMATION_OK"
5244,10407815133,10407815177,1,"IOTHUB_CLIENT_CONFIRMATION_OK"
5245,10407815333,10407815365,1,"IOTHUB_CLIENT_CONFIRMATION_OK"
5246,10407815533,10407815576,1,"IOTHUB_CLIENT_CONFIRMATION_OK"
5247,10407815733,10407815775,1,"IOTHUB_CLIENT_CONFIRMATION_OK"
5248,10407815934,10407816086,1,"IOTHUB_CLIENT_CONFIRMATION_OK"
5249,10407816134,10407816174,1,"IOTHUB_CLIENT_CONFIRMATION_OK"
5250,10407816334,10407816435,1,"IOTHUB_CLIENT_CONFIRMATION_OK"
5251,10407816534,10407816601,1,"IOTHUB_CLIENT_CONFIRMATION_OK"
5252,10407816734,10407816766,1,"IOTHUB_CLIENT_CONFIRMATION_OK"
5253,10407816934,10407816980,1,"IOTHUB_CLIENT_CONFIRMATION_OK"
5254,10407817135,10407817419,1,"IOTHUB_CLIENT_CONFIRMATION_OK"
5255,10407817335,10407817607,1,"IOTHUB_CLIENT_CONFIRMATION_OK"
5256,10407817535,10407817673,1,"IOTHUB_CLIENT_CONFIRMATION_OK"
5257,10407817735,10407817783,1,"IOTHUB_CLIENT_CONFIRMATION_OK"
5258,10407817935,10407817967,1,"IOTHUB_CLIENT_CONFIRMATION_OK"
5259,10407818135,10407818169,1,"IOTHUB_CLIENT_CONFIRMATION_OK"
5260,10407818335,10407818367,1,"IOTHUB_CLIENT_CONFIRMATION_OK"
5261,10407818536,10407818577,1,"IOTHUB_CLIENT_CONFIRMATION_OK"
5262,10407818736,10407818904,1,"IOTHUB_CLIENT_CONFIRMATION_OK"
5263,10407818936,10407818971,1,"IOTHUB_CLIENT_CONFIRMATION_OK"
5264,10407819136,10407819294,1,"IOTHUB_CLIENT_CONFIRMATION_OK"
5265,10407819336,10407819369,1,"IOTHUB_CLIENT_CONFIRMATION_OK"
5266,10407819536,10407819569,1,"IOTHUB_CLIENT_CONFIRMATION_OK"
5267,10407819736,10407819799,1,"IOTHUB_CLIENT_CONFIRMATION_OK"
5268,10407819937,10407819994,1,"IOTHUB_CLIENT_CONFIRMATION_OK"
5269,10407820137,10407820177,1,"IOTHUB_CLIENT_CONFIRMATION_OK"
5270,10407820337,10407820381,1,"IOTHUB_CLIENT_CONFIRMATION_OK"
5271,10407820537,10407820568,1,"IOTHUB_CLIENT_CONFIRMATION_OK"
5272,10407820737,10407820786,1,"IOTHUB_CLIENT_CONFIRMATION_OK"
5273,10407820937,10407820998,1,"IOTHUB_CLIENT_CONFIRMATION_OK"
5274,10407821138,10407821173,1,"IOTHUB_CLIENT_CONFIRMATION_OK"
5275,10407821338,10407821389,1,"IOTHUB_CLIENT_CONFIRMATION_OK"
5276,10407821538,10407821580,1,"IOTHUB_CLIENT_CONFIRMATION_OK"
5277,10407821738,10407821803,1,"IOTHUB_CLIENT_CONFIRMATION_OK"
5278,10407821938,10407822040,1,"IOTHUB_CLIENT_CONFIRMATION_OK"
5279,10407822138,10407822207,1,"IOTHUB_CLIENT_CONFIRMATION_OK"
5280,10407822339,10407822403,1,"IOTHUB_CLIENT_CONFIRMATION_OK"
5281,10407822539,10407822597,1,"IOTHUB_CLIENT_CONFIRMATION_OK"
5282,10407822739,10407822769,1,"IOTHUB_CLIENT_CONFIRMATION_OK"
5283,10407822939,10407822970,1,"IOTHUB_CLIENT_CONFIRMATION_OK"
5284,10407823139,10407823173,1,"IOTHUB_CLIENT_CONFIRMATION_OK"
5285,10407823339,10407823388,1,"IOTHUB_CLIENT_CONFIRMATION_OK"
5286,10407823539,10407823570,1,"IOTHUB_CLIENT_CONFIRMATION_OK"
5287,10407823740,10407823849,1,"IOTHUB_CLIENT_CONFIRMATION_OK"
5288,10407823940,10407823982,1,"IOTHUB_CLIENT_CONFIRMATION_OK"
5289,10407824140,10407824184,1,"IOTHUB_CLIENT_CONFIRMATION_OK"
5290,10407824340,10407824376,1,"IOTHUB_CLIENT_CONFIRMATION_OK"
5291,10407824540,10407824576,1,"IOTHUB_CLIENT_CONFIRMATION_OK"
5292,10407824740,10407824835,1,"IOTHUB_CLIENT_CONFIRMATION_OK"
5293,10407824940,10407824998,1,"IOTHUB_CLIENT_CONFIRMATION_OK"
5294,10407825141,10407825198,1,"IOTHUB_CLIENT_CONFIRMATION_OK"
5295,10407825341,10407825374,1,"IOTHUB_CLIENT_CONFIRMATION_OK"
5296,10407825541,10407825571,1,"IOTHUB_CLIENT_CONFIRMATION_OK"
5297,10407825741,10407825801,1,"IOTHUB_CLIENT_CONFIRMATION_OK"
5298,10407825941,10407825974,1,"IOTHUB_CLIENT_CONFIRMATION_OK"
5299,10407826141,10407826182,1,"IOTHUB_CLIENT_CONFIRMATION_OK"
5300,10407826342,10407826414,1,"IOTHUB_CLIENT_CONFIRMATION_OK"
5301,10407826542,10407826581,1,"IOTHUB_CLIENT_CONFIRMATION_OK"
5302,10407826742,10407826796,1,"IOTHUB_CLIENT_CONFIRMATION_OK"
5303,10407826942,10407826979,1,"IOTHUB_CLIENT_CONFIRMATION_OK"
5304,10407827142,10407827178,1,"IOTHUB_CLIENT_CONFIRMATION_OK"
5305,10407827342,10407827420,1,"IOTHUB_CLIENT_CONFIRMATION_OK"
5306,10407827542,10407827589,1,"IOTHUB_CLIENT_CONFIRMATION_OK"
5307,10407827743,10407827791,1,"IOTHUB_CLIENT_CONFIRMATION_OK"
5308,10407827943,10407828031,1,"IOTHUB_CLIENT_CONFIRMATION_OK"
5309,10407828143,10407828210,1,"IOTHUB_CLIENT_CONFIRMATION_OK"
5310,10407828343,10407828412,1,"IOTHUB_CLIENT_CONFIRMATION_OK"
5311,10407828543,10407828574,1,"IOTHUB_CLIENT_CONFIRMATION_OK"
5312,10407828744,10407828793,1,"IOTHUB_CLIENT_CONFIRMATION_OK"
5313,10407828944,10407828980,1,"IOTHUB_CLIENT_CONFIRMATION_OK"
5314,10407829144,10407829174,1,"IOTHUB_CLIENT_CONFIRMATION_OK"
5315,10407829344,10407829388,1,"IOTHUB_CLIENT_CONFIRMATION_OK"
5316,10407829544,10407829653,1,"IOTHUB_CLIENT_CONFIRMATION_OK"
5317,10407829744,10407829778,1,"IOTHUB_CLIENT_CONFIRMATION_OK"
5318,10407829944,10407829974,1,"IOTHUB_CLIENT_CONFIRMATION_OK"
5319,10407830145,10407830185,1,"IOTHUB_CLIENT_CONFIRMATION_OK"
5320,10407830345,10407830403,1,"IOTHUB_CLIENT_CONFIRMATION_OK"
5321,10407830545,10407830591,1,"IOTHUB_CLIENT_CONFIRMATION_OK"
5322,10407830745,10407830894,1,"IOTHUB_CLIENT_CONFIRMATION_OK"
5323,10407830945,10407831092,1,"IOTHUB_CLIENT_CONFIRMATION_OK"
5324,10407831145,10407831191,1,"IOTHUB_CLIENT_CONFIRMATION_OK"
5325,10407831346,10407831388,1,"IOTHUB_CLIENT_CONFIRMATION_OK"
5326,10407831546,10407831581,1,"IOTHUB_CLIENT_CONFIRMATION_OK"
5327,10407831746,10407831780,1,"IOTHUB_CLIENT_CONFIRMATION_OK"
5328,10407831946,10407831981,1,"IOTHUB_CLIENT_CONFIRMATION_OK"
5329,10407832146,10407832183,1,"IOTHUB_CLIENT_CONFIRMATION_OK"
5330,10407832346,10407832494,1,"IOTHUB_CLIENT_CONFIRMATION_OK"
5331,10407832547,10407832575,1,"IOTHUB_CLIENT_CONFIRMATION_OK"
5332,10407832747,10407832777,1,"IOTHUB_CLIENT_CONFIRMATION_OK"
5333,10407832947,10407832984,1,"IOTHUB_CLIENT_CONFIRMATION_OK"
5334,10407833147,10407833180,1,"IOTHUB_CLIENT_CONFIRMATION_OK"
5335,10407833347,10407833378,1,"IOTHUB_CLIENT_CONFIRMATION_OK"
5336,10407833547,10407833599,1,"IOTHUB_CLIENT_CONFIRMATION_OK"
5337,10407833747,10407833800,1,"IOTHUB_CLIENT_CONFIRMATION_OK"
5338,10407833948,10407833980,1,"IOTHUB_CLIENT_CONFIRMATION_OK"
5339,10407834148,10407834192,1,"IOTHUB_CLIENT_CONFIRMATION_OK"
5340,10407834348,10407834381,1,"IOTHUB_CLIENT_CONFIRMATION_OK"
5341,10407834548,10407834596,1,"IOTHUB_CLIENT_CONFIRMATION_OK"
5342,10407834748,10407834779,1,"IOTHUB_CLIENT_CONFIRMATION_OK"
5343,10407834948,10407834977,1,"IOTHUB_CLIENT_CONFIRMATION_OK"
5344,10407835149,10407835184,1,"IOTHUB_CLIENT_CONFIRMATION_OK"
5345,10407835349,10407835384,1,"IOTHUB_CLIENT_CONFIRMATION_OK"
5346,10407835549,10407835604,1,"IOTHUB_CLIENT_CONFIRMATION_OK"
5347,10407835749,10407835779,1,"IOTHUB_CLIENT_CONFIRMATION_OK"
5348,10407835949,10407836016,1,"IOTHUB_CLIENT_CONFIRMATION_OK"
5349,10407836149,10407836183,1,"IOTHUB_CLIENT_CONFIRMATION_OK"
5350,10407836349,10407836447,1,"IOTHUB_CLIENT_CONFIRMATION_OK"
5351,10407836550,10407836588,1,"IOTHUB_CLIENT_CONFIRMATION_OK"
5352,10407836750,10407836791,1,"IOTHUB_CLIENT_CONFIRMATION_OK"
5353,10407836950,10407836986,1,"IOTHUB_CLIENT_CONFIRMATION_OK"
5354,10407837150,10407837199,1,"IOTHUB_CLIENT_CONFIRMATION_OK"
5355,10407837350,10407837434,1,"IOTHUB_CLIENT_CONFIRMATION_OK"
5356,10407837550,10407837585,1,"IOTHUB_CLIENT_CONFIRMATION_OK"
5357,10407837751,10407837787,1,"IOTHUB_CLIENT_CONFIRMATION_OK"
5358,10407837951,10407837986,1,"IOTHUB_CLIENT_CONFIRMATION_OK"
5359,10407838151,10407838194,1,"IOTHUB_CLIENT_CONFIRMATION_OK"
5360,10407838351,10407838392,1,"IOTHUB_CLIENT_CONFIRMATION_OK"
5361,10407838551,10407838592,1,"IOTHUB_CLIENT_CONFIRMATION_OK"
5362,10407838751,10407838909,1,"IOTHUB_CLIENT_CONFIRMATION_OK"
5363,10407838951,10407838984,1,"IOTHUB_CLIENT_CONFIRMATION_OK"
5364,10407839152,10407839194,1,"IOTHUB_CLIENT_CONFIRMATION_OK"
5365,10407839352,10407839404,1,"IOTHUB_CLIENT_CONFIRMATION_OK"
5366,10407839552,10407839693,1,"IOTHUB_CLIENT_CONFIRMATION_OK"
5367,10407839752,10407839790,1,"IOTHUB_CLIENT_CONFIRMATION_OK"
5368,10407839952,10407839984,1,"IOTHUB_CLIENT_CONFIRMATION_OK"
5369,10407840152,10407840189,1,"IOTHUB_CLIENT_CONFIRMATION_OK"
5370,10407840353,10407840388,1,"IOTHUB_CLIENT_CONFIRMATION_OK"
5371,10407840553,10407840609,1,"IOTHUB_CLIENT_CONFIRMATION_OK"
5372,10407840753,10407840789,1,"IOTHUB_CLIENT_CONFIRMATION_OK"
5373,10407840953,10407841007,1,"IOTHUB_CLIENT_CONFIRMATION_OK"
5374,10407841153,10407841193,1,"IOTHUB_CLIENT_CONFIRMATION_OK"
5375,10407841353,10407841415,1,"IOTHUB_CLIENT_CONFIRMATION_OK"
5376,10407841554,10407841590,1,"IOTHUB_CLIENT_CONFIRMATION_OK"
5377,10407841754,10407841784,1,"IOTHUB_CLIENT_CONFIRMATION_OK"
5378,10407841954,10407842011,1,"IOTHUB_CLIENT_CONFIRMATION_OK"
5379,10407842154,10407842188,1,"IOTHUB_CLIENT_CONFIRMATION_OK"
5380,10407842354,10407842581,1,"IOTHUB_CLIENT_CONFIRMATION_OK"
5381,10407842554,10407842632,1,"IOTHUB_CLIENT_CONFIRMATION_OK"
5382,10407842754,10407842820,1,"IOTHUB_CLIENT_CONFIRMATION_OK"
5383,10407842955,10407842987,1,"IOTHUB_CLIENT_CONFIRMATION_OK"
5384,10407843155,10407843249,1,"IOTHUB_CLIENT_CONFIRMATION_OK"
5385,10407843355,10407843398,1,"IOTHUB_CLIENT_CONFIRMATION_OK"
5386,10407843555,10407843590,1,"IOTHUB_CLIENT_CONFIRMATION_OK"
5387,10407843755,10407843830,1,"IOTHUB_CLIENT_CONFIRMATION_OK"
5388,10407843955,10407844042,1,"IOTHUB_CLIENT_CONFIRMATION_OK"
5389,10407844156,10407844190,1,"IOTHUB_CLIENT_CONFIRMATION_OK"
5390,10407844356,10407844390,1,"IOTHUB_CLIENT_CONFIRMATION_OK"
5391,10407844556,10407844681,1,"IOTHUB_CLIENT_CONFIRMATION_OK"
5392,10407844756,10407844791,1,"IOTHUB_CLIENT_CONFIRMATION_OK"
5393,10407844956,10407844991,1,"IOTHUB_CLIENT_CONFIRMATION_OK"
5394,10407845156,10407845232,1,"IOTHUB_CLIENT_CONFIRMATION_OK"
5395,10407845357,10407845397,1,"IOTHUB_CLIENT_CONFIRMATION_OK"
5396,10407845557,10407845688,1,"IOTHUB_CLIENT_CONFIRMATION_OK"
5397,10407845757,10407845796,1,"IOTHUB_CLIENT_CONFIRMATION_OK"
5398,10407845957,10407846097,1,"IOTHUB_CLIENT_CONFIRMATION_OK"
5399,10407846157,10407846211,1,"IOTHUB_CLIENT_CONFIRMATION_OK"
5400,10407846357,10407846428,1,"IOTHUB_CLIENT_CONFIRMATION_OK"
5401,10407846558,10407846593,1,"IOTHUB_CLIENT_CONFIRMATION_OK"
5402,10407846758,10407846810,1,"IOTHUB_CLIENT_CONFIRMATION_OK"
5403,10407846958,10407846995,1,"IOTHUB_CLIENT_CONFIRMATION_OK"
5404,10407847158,10407847204,1,"IOTHUB_CLIENT_CONFIRMATION_OK"
5405,10407847358,10407847539,1,"IOTHUB_CLIENT_CONFIRMATION_OK"
5406,10407847558,10407847604,1,"IOTHUB_CLIENT_CONFIRMATION_OK"
5407,10407847758,10407847795,1,"IOTHUB_CLIENT_CONFIRMATION_OK"
5408,10407847959,10407847991,1,"IOTHUB_CLIENT_CONFIRMATION_OK"
5409,10407848159,10407848190,1,"IOTHUB_CLIENT_CONFIRMATION_OK"
5410,10407848359,10407848391,1,"IOTHUB_CLIENT_CONFIRMATION_OK"
5411,10407848559,10407848611,1,"IOTHUB_CLIENT_CONFIRMATION_OK"
5412,10407848759,10407848940,1,"IOTHUB_CLIENT_CONFIRMATION_OK"
5413,10407848959,10407848997,1,"IOTHUB_CLIENT_CONFIRMATION_OK"
5414,10407849160,10407849208,1,"IOTHUB_CLIENT_CONFIRMATION_OK"
5415,10407849360,10407849397,1,"IOTHUB_CLIENT_CONFIRMATION_OK"
5416,10407849560,10407849647,1,"IOTHUB_CLIENT_CONFIRMATION_OK"
5417,10407849760,10407849803,1,"IOTHUB_CLIENT_CONFIRMATION_OK"
5418,10407849960,10407850072,1,"IOTHUB_CLIENT_CONFIRMATION_OK"
5419,10407850160,10407850220,1,"IOTHUB_CLIENT_CONFIRMATION_OK"
5420,10407850361,10407850413,1,"IOTHUB_CLIENT_CONFIRMATION_OK"
5421,10407850561,10407850603,1,"IOTHUB_CLIENT_CONFIRMATION_OK"
5422,10407850761,10407850798,1,"IOTHUB_CLIENT_CONFIRMATION_OK"
5423,10407850961,10407851002,1,"IOTHUB_CLIENT_CONFIRMATION_OK"
5424,10407851161,10407851198,1,"IOTHUB_CLIENT_CONFIRMATION_OK"
5425,10407851361,10407851394,1,"IOTHUB_CLIENT_CONFIRMATION_OK"
5426,10407851561,10407851597,1,"IOTHUB_CLIENT_CONFIRMATION_OK"
5427,10407851762,10407851837,1,"IOTHUB_CLIENT_CONFIRMATION_OK"
5428,10407851962,10407852000,1,"IOTHUB_CLIENT_CONFIRMATION_OK"
5429,10407852162,10407852200,1,"IOTHUB_CLIENT_CONFIRMATION_OK"
5430,10407852362,10407852436,1,"IOTHUB_CLIENT_CONFIRMATION_OK"
5431,10407852562,10407852600,1,"IOTHUB_CLIENT_CONFIRMATION_OK"
5432,10407852762,10407852803,1,"IOTHUB_CLIENT_CONFIRMATION_OK"
5433,10407852963,10407852993,1,"IOTHUB_CLIENT_CONFIRMATION_OK"
5434,10407853163,10407853288,1,"IOTHUB_CLIENT_CONFIRMATION_OK"
5435,10407853363,10407853392,1,"IOTHUB_CLIENT_CONFIRMATION_OK"
5436,10407853563,10407853596,1,"IOTHUB_CLIENT_CONFIRMATION_OK"
5437,10407853763,10407853854,1,"IOTHUB_CLIENT_CONFIRMATION_OK"
5438,10407853963,10407854017,1,"IOTHUB_CLIENT_CONFIRMATION_OK"
5439,10407854163,10407854199,1,"IOTHUB_CLIENT_CONFIRMATION_OK"
5440,10407854364,10407854428,1,"IOTHUB_CLIENT_CONFIRMATION_OK"
5441,10407854564,10407854698,1,"IOTHUB_CLIENT_CONFIRMATION_OK"
5442,10407854764,10407854806,1,"IOTHUB_CLIENT_CONFIRMATION_OK"
5443,10407854964,10407855000,1,"IOTHUB_CLIENT_CONFIRMATION_OK"
5444,10407855164,10407855229,1,"IOTHUB_CLIENT_CONFIRMATION_OK"
5445,10407855364,10407855394,1,"IOTHUB_CLIENT_CONFIRMATION_OK"
5446,10407855564,10407855669,1,"IOTHUB_CLIENT_CONFIRMATION_OK"
5447,10407855765,10407855796,1,"IOTHUB_CLIENT_CONFIRMATION_OK"
5448,10407855965,10407856178,1,"IOTHUB_CLIENT_CONFIRMATION_OK"
5449,10407856165,10407856218,1,"IOTHUB_CLIENT_CONFIRMATION_OK"
5450,10407856365,10407856427,1,"IOTHUB_CLIENT_CONFIRMATION_OK"
5451,10407856565,10407856613,1,"IOTHUB_CLIENT_CONFIRMATION_OK"
5452,10407856765,10407856821,1,"IOTHUB_CLIENT_CONFIRMATION_OK"
5453,10407856966,10407857003,1,"IOTHUB_CLIENT_CONFIRMATION_OK"
5454,10407857166,10407857208,1,"IOTHUB_CLIENT_CONFIRMATION_OK"
5455,10407857366,10407857450,1,"IOTHUB_CLIENT_CONFIRMATION_OK"
5456,10407857566,10407857620,1,"IOTHUB_CLIENT_CONFIRMATION_OK"
5457,10407857766,10407857807,1,"IOTHUB_CLIENT_CONFIRMATION_OK"
5458,10407857966,10407858008,1,"IOTHUB_CLIENT_CONFIRMATION_OK"
5459,10407858166,10407858246,1,"IOTHUB_CLIENT_CONFIRMATION_OK"
5460,10407858367,10407858402,1,"IOTHUB_CLIENT_CONFIRMATION_OK"
5461,10407858567,10407858612,1,"IOTHUB_CLIENT_CONFIRMATION_OK"
5462,10407858767,10407858855,1,"IOTHUB_CLIENT_CONFIRMATION_OK"
5463,10407858967,10407858997,1,"IOTHUB_CLIENT_CONFIRMATION_OK"
5464,10407859167,10407859263,1,"IOTHUB_CLIENT_CONFIRMATION_OK"
5465,10407859367,10407859411,1,"IOTHUB_CLIENT_CONFIRMATION_OK"
5466,10407859567,10407859675,1,"IOTHUB_CLIENT_CONFIRMATION_OK"
5467,10407859768,10407859807,1,"IOTHUB_CLIENT_CONFIRMATION_OK"
5468,10407859968,10407860006,1,"IOTHUB_CLIENT_CONFIRMATION_OK"
5469,10407860168,10407860232,1,"IOTHUB_CLIENT_CONFIRMATION_OK"
5470,10407860368,10407860426,1,"IOTHUB_CLIENT_CONFIRMATION_OK"
5471,10407860568,10407860616,1,"IOTHUB_CLIENT_CONFIRMATION_OK"
5472,10407860768,10407860806,1,"IOTHUB_CLIENT_CONFIRMATION_OK"
5473,10407860969,10407861109,1,"IOTHUB_CLIENT_CONFIRMATION_OK"
5474,10407861169,10407861221,1,"IOTHUB_CLIENT_CONFIRMATION_OK"
5475,10407861369,10407861420,1,"IOTHUB_CLIENT_CONFIRMATION_OK"
5476,10407861569,10407861615,1,"IOTHUB_CLIENT_CONFIRMATION_OK"
5477,10407861769,10407861801,1,"IOTHUB_CLIENT_CONFIRMATION_OK"
5478,10407861969,10407862013,1,"IOTHUB_CLIENT_CONFIRMATION_OK"
5479,10407862169,10407862203,1,"IOTHUB_CLIENT_CONFIRMATION_OK"
5480,10407862370,10407862530,1,"IOTHUB_CLIENT_CONFIRMATION_OK"
5481,10407862570,10407862603,1,"IOTHUB_CLIENT_CONFIRMATION_OK"
5482,10407862770,10407862810,1,"IOTHUB_CLIENT_CONFIRMATION_OK"
5483,10407862970,10407863002,1,"IOTHUB_CLIENT_CONFIRMATION_OK"
5484,10407863170,10407863206,1,"IOTHUB_CLIENT_CONFIRMATION_OK"
5485,10407863370,10407863419,1,"IOTHUB_CLIENT_CONFIRMATION_OK"
5486,10407863570,10407863621,1,"IOTHUB_CLIENT_CONFIRMATION_OK"
5487,10407863771,10407863967,1,"IOTHUB_CLIENT_CONFIRMATION_OK"
5488,10407863971,10407864005,1,"IOTHUB_CLIENT_CONFIRMATION_OK"
5489,10407864171,10407864207,1,"IOTHUB_CLIENT_CONFIRMATION_OK"
5490,10407864371,10407864405,1,"IOTHUB_CLIENT_CONFIRMATION_OK"
5491,10407864571,10407864626,1,"IOTHUB_CLIENT_CONFIRMATION_OK"
5492,10407864771,10407864865,1,"IOTHUB_CLIENT_CONFIRMATION_OK"
5493,10407864972,10407865003,1,"IOTHUB_CLIENT_CONFIRMATION_OK"
5494,10407865172,10407865222,1,"IOTHUB_CLIENT_CONFIRMATION_OK"
5495,10407865372,10407865416,1,"IOTHUB_CLIENT_CONFIRMATION_OK"
5496,10407865572,10407865629,1,"IOTHUB_CLIENT_CONFIRMATION_OK"
5497,10407865772,10407865815,1,"IOTHUB_CLIENT_CONFIRMATION_OK"
5498,10407865972,10407866071,1,"IOTHUB_CLIENT_CONFIRMATION_OK"
5499,10407866172,10407866205,1,"IOTHUB_CLIENT_CONFIRMATION_OK"
5500,10407866373,10407866405,1,"IOTHUB_CLIENT_CONFIRMATION_OK"
5501,10407866573,10407866618,1,"IOTHUB_CLIENT_CONFIRMATION_OK"
5502,10407866773,10407866911,1,"IOTHUB_CLIENT_CONFIRMATION_OK"
5503,10407866973,10407867006,1,"IOTHUB_CLIENT_CONFIRMATION_OK"
5504,10407867173,10407867207,1,"IOTHUB_CLIENT_CONFIRMATION_OK"
5505,10407867373,10407867485,1,"IOTHUB_CLIENT_CONFIRMATION_OK"
5506,10407867574,10407867617,1,"IOTHUB_CLIENT_CONFIRMATION_OK"
5507,10407867774,10407867809,1,"IOTHUB_CLIENT_CONFIRMATION_OK"
5508,10407867974,10407868026,1,"IOTHUB_CLIENT_CONFIRMATION_OK"
5509,10407868174,10407868233,1,"IOTHUB_CLIENT_CONFIRMATION_OK"
5510,10407868374,10407868431,1,"IOTHUB_CLIENT_CONFIRMATION_OK"
5511,10407868574,10407868662,1,"IOTHUB_CLIENT_CONFIRMATION_OK"
5512,10407868774,10407868891,1,"IOTHUB_CLIENT_CONFIRMATION_OK"
5513,10407868975,10407869072,1,"IOTHUB_CLIENT_CONFIRMATION_OK"
5514,10407869175,10407869208,1,"IOTHUB_CLIENT_CONFIRMATION_OK"
5515,10407869375,10407869413,1,"IOTHUB_CLIENT_CONFIRMATION_OK"
5516,10407869575,10407869624,1,"IOTHUB_CLIENT_CONFIRMATION_OK"
5517,10407869775,10407869843,1,"IOTHUB_CLIENT_CONFIRMATION_OK"
5518,10407869975,10407870018,1,"IOTHUB_CLIENT_CONFIRMATION_OK"
5519,10407870176,10407870221,1,"IOTHUB_CLIENT_CONFIRMATION_OK"
5520,10407870376,10407870461,1,"IOTHUB_CLIENT_CONFIRMATION_OK"
5521,10407870576,10407870621,1,"IOTHUB_CLIENT_CONFIRMATION_OK"
5522,10407870776,10407870834,1,"IOTHUB_CLIENT_CONFIRMATION_OK"
5523,10407870976,10407871030,1,"IOTHUB_CLIENT_CONFIRMATION_OK"
5524,10407871176,10407871234,1,"IOTHUB_CLIENT_CONFIRMATION_OK"
5525,10407871376,10407871411,1,"IOTHUB_CLIENT_CONFIRMATION_OK"
5526,10407871577,10407871610,1,"IOTHUB_CLIENT_CONFIRMATION_OK"
5527,10407871777,10407871851,1,"IOTHUB_CLIENT_CONFIRMATION_OK"
5528,10407871977,10407872018,1,"IOTHUB_CLIENT_CONFIRMATION_OK"
5529,10407872177,10407872207,1,"IOTHUB_CLIENT_CONFIRMATION_OK"
5530,10407872377,10407872577,1,"IOTHUB_CLIENT_CONFIRMATION_OK"
5531,10407872577,10407872623,1,"IOTHUB_CLIENT_CONFIRMATION_OK"
5532,10407872777,10407872844,1,"IOTHUB_CLIENT_CONFIRMATION_OK"
5533,10407872978,10407873010,1,"IOTHUB_CLIENT_CONFIRMATION_OK"
5534,10407873178,10407873227,1,"IOTHUB_CLIENT_CONFIRMATION_OK"
5535,10407873378,10407873411,1,"IOTHUB_CLIENT_CONFIRMATION_OK"
5536,10407873578,10407873625,1,"IOTHUB_CLIENT_CONFIRMATION_OK"
5537,10407873778,10407873988,1,"IOTHUB_CLIENT_CONFIRMATION_OK"
5538,10407873978,10407874013,1,"IOTHUB_CLIENT_CONFIRMATION_OK"
5539,10407874179,10407874213,1,"IOTHUB_CLIENT_CONFIRMATION_OK"
5540,10407874379,10407874419,1,"IOTHUB_CLIENT_CONFIRMATION_OK"
5541,10407874579,10407874621,1,"IOTHUB_CLIENT_CONFIRMATION_OK"
5542,10407874779,10407874837,1,"IOTHUB_CLIENT_CONFIRMATION_OK"
5543,10407874979,10407875014,1,"IOTHUB_CLIENT_CONFIRMATION_OK"
5544,10407875179,10407875215,1,"IOTHUB_CLIENT_CONFIRMATION_OK"
5545,10407875379,10407875440,1,"IOTHUB_CLIENT_CONFIRMATION_OK"
5546,10407875580,10407875612,1,"IOTHUB_CLIENT_CONFIRMATION_OK"
5547,10407875780,10407875827,1,"IOTHUB_CLIENT_CONFIRMATION_OK"
5548,10407875980,10407876060,1,"IOTHUB_CLIENT_CONFIRMATION_OK"
5549,10407876180,10407876213,1,"IOTHUB_CLIENT_CONFIRMATION_OK"
5550,10407876380,10407876411,1,"IOTHUB_CLIENT_CONFIRMATION_OK"
5551,10407876580,10407876611,1,"IOTHUB_CLIENT_CONFIRMATION_OK"
5552,10407876781,10407876854,1,"IOTHUB_CLIENT_CONFIRMATION_OK"
5553,10407876981,10407877020,1,"IOTHUB_CLIENT_CONFIRMATION_OK"
5554,10407877181,10407877212,1,"IOTHUB_CLIENT_CONFIRMATION_OK"
5555,10407877381,10407877454,1,"IOTHUB_CLIENT_CONFIRMATION_OK"
5556,10407877581,10407877638,1,"IOTHUB_CLIENT_CONFIRMATION_OK"
5557,10407877781,10407877838,1,"IOTHUB_CLIENT_CONFIRMATION_OK"
5558,10407877981,10407878042,1,"IOTHUB_CLIENT_CONFIRMATION_OK"
5559,10407878182,10407878266,1,"IOTHUB_CLIENT_CONFIRMATION_OK"
5560,10407878382,10407878446,1,"IOTHUB_CLIENT_CONFIRMATION_OK"
5561,10407878582,10407878610,1,"IOTHUB_CLIENT_CONFIRMATION_OK"
5562,10407878782,10407878918,1,"IOTHUB_CLIENT_CONFIRMATION_OK"
5563,10407878982,10407879016,1,"IOTHUB_CLIENT_CONFIRMATION_OK"
5564,10407879182,10407879227,1,"IOTHUB_CLIENT_CONFIRMATION_OK"
5565,10407879383,10407879424,1,"IOTHUB_CLIENT_CONFIRMATION_OK"
5566,10407879583,10407879708,1,"IOTHUB_CLIENT_CONFIRMATION_OK"
5567,10407879783,10407879821,1,"IOTHUB_CLIENT_CONFIRMATION_OK"
5568,10407879983,10407880025,1,"IOTHUB_CLIENT_CONFIRMATION_OK"
5569,10407880183,10407880227,1,"IOTHUB_CLIENT_CONFIRMATION_OK"
5570,10407880383,10407880418,1,"IOTHUB_CLIENT_CONFIRMATION_OK"
5571,10407880583,10407880613,1,"IOTHUB_CLIENT_CONFIRMATION_OK"
5572,10407880784,10407880841,1,"IOTHUB_CLIENT_CONFIRMATION_OK"
5573,10407880984,10407881110,1,"IOTHUB_CLIENT_CONFIRMATION_OK"
5574,10407881184,10407881229,1,"IOTHUB_CLIENT_CONFIRMATION_OK"
5575,10407881384,10407881413,1,"IOTHUB_CLIENT_CONFIRMATION_OK"
5576,10407881584,10407881685,1,"IOTHUB_CLIENT_CONFIRMATION_OK"
5577,10407881784,10407881827,1,"IOTHUB_CLIENT_CONFIRMATION_OK"
5578,10407881985,10407882018,1,"IOTHUB_CLIENT_CONFIRMATION_OK"
5579,10407882185,10407882233,1,"IOTHUB_CLIENT_CONFIRMATION_OK"
5580,10407882385,10407882519,1,"IOTHUB_CLIENT_CONFIRMATION_OK"
5581,10407882585,10407882616,1,"IOTHUB_CLIENT_CONFIRMATION_OK"
5582,10407882785,10407882817,1,"IOTHUB_CLIENT_CONFIRMATION_OK"
5583,10407882985,10407883017,1,"IOTHUB_CLIENT_CONFIRMATION_OK"
5584,10407883185,10407883225,1,"IOTHUB_CLIENT_CONFIRMATION_OK"
5585,10407883386,10407883424,1,"IOTHUB_CLIENT_CONFIRMATION_OK"
5586,10407883586,10407883619,1,"IOTHUB_CLIENT_CONFIRMATION_OK"
5587,10407883786,10407883958,1,"IOTHUB_CLIENT_CONFIRMATION_OK"
5588,10407883986,10407884018,1,"IOTHUB_CLIENT_CONFIRMATION_OK"
5589,10407884186,10407884223,1,"IOTHUB_CLIENT_CONFIRMATION_OK"
5590,10407884386,10407884438,1,"IOTHUB_CLIENT_CONFIRMATION_OK"
5591,10407884586,10407884663,1,"IOTHUB_CLIENT_CONFIRMATION_OK"
5592,10407884787,10407884836,1,"IOTHUB_CLIENT_CONFIRMATION_OK"
5593,10407884987,10407885040,1,"IOTHUB_CLIENT_CONFIRMATION_OK"
5594,10407885187,10407885225,1,"IOTHUB_CLIENT_CONFIRMATION_OK"
5595,10407885387,10407885438,1,"IOTHUB_CLIENT_CONFIRMATION_OK"
5596,10407885587,10407885620,1,"IOTHUB_CLIENT_CONFIRMATION_OK"
5597,10407885787,10407885820,1,"IOTHUB_CLIENT_CONFIRMATION_OK"
5598,10407885988,10407886179,1,"IOTHUB_CLIENT_CONFIRMATION_OK"
5599,10407886188,10407886351,1,"IOTHUB_CLIENT_CONFIRMATION_OK"
5600,10407886388,10407886465,1,"IOTHUB_CLIENT_CONFIRMATION_OK"
5601,10407886588,10407886685,1,"IOTHUB_CLIENT_CONFIRMATION_OK"
5602,10407886788,10407886878,1,"IOTHUB_CLIENT_CONFIRMATION_OK"
5603,10407886988,10407887025,1,"IOTHUB_CLIENT_CONFIRMATION_OK"
5604,10407887188,10407887319,1,"IOTHUB_CLIENT_CONFIRMATION_OK"
5605,10407887389,10407887534,1,"IOTHUB_CLIENT_CONFIRMATION_OK"
5606,10407887589,10407887634,1,"IOTHUB_CLIENT_CONFIRMATION_OK"
5607,10407887789,10407887832,1,"IOTHUB_CLIENT_CONFIRMATION_OK"
5608,10407887989,10407888031,1,"IOTHUB_CLIENT_CONFIRMATION_OK"
5609,10407888189,10407888229,1,"IOTHUB_CLIENT_CONFIRMATION_OK"
5610,10407888389,10407888464,1,"IOTHUB_CLIENT_CONFIRMATION_OK"
5611,10407888589,10407888637,1,"IOTHUB_CLIENT_CONFIRMATION_OK"
5612,10407888790,10407889037,1,"IOTHUB_CLIENT_CONFIRMATION_OK"
5613,10407888990,10407889052,1,"IOTHUB_CLIENT_CONFIRMATION_OK"
5614,10407889190,10407889225,1,"IOTHUB_CLIENT_CONFIRMATION_OK"
5615,10407889390,10407889432,1,"IOTHUB_CLIENT_CONFIRMATION_OK"
5616,10407889590,10407889671,1,"IOTHUB_CLIENT_CONFIRMATION_OK"
5617,10407889790,10407889832,1,"IOTHUB_CLIENT_CONFIRMATION_OK"
5618,10407889991,10407890044,1,"IOTHUB_CLIENT_CONFIRMATION_OK"
5619,10407890191,10407890228,1,"IOTHUB_CLIENT_CONFIRMATION_OK"
5620,10407890391,10407890474,1,"IOTHUB_CLIENT_CONFIRMATION_OK"
5621,10407890591,10407890627,1,"IOTHUB_CLIENT_CONFIRMATION_OK"
5622,10407890791,10407890862,1,"IOTHUB_CLIENT_CONFIRMATION_OK"
5623,10407890991,10407891062,1,"IOTHUB_CLIENT_CONFIRMATION_OK"
5624,10407891192,10407891233,1,"IOTHUB_CLIENT_CONFIRMATION_OK"
5625,10407891392,10407891428,1,"IOTHUB_CLIENT_CONFIRMATION_OK"
5626,10407891592,10407891638,1,"IOTHUB_CLIENT_CONFIRMATION_OK"
5627,10407891792,10407891825,1,"IOTHUB_CLIENT_CONFIRMATION_OK"
5628,10407891992,10407892030,1,"IOTHUB_CLIENT_CONFIRMATION_OK"
5629,10407892192,10407892229,1,"IOTHUB_CLIENT_CONFIRMATION_OK"
5630,10407892392,10407892504,1,"IOTHUB_CLIENT_CONFIRMATION_OK"
5631,10407892593,10407892635,1,"IOTHUB_CLIENT_CONFIRMATION_OK"
5632,10407892793,10407892844,1,"IOTHUB_CLIENT_CONFIRMATION_OK"
5633,10407892993,10407893043,1,"IOTHUB_CLIENT_CONFIRMATION_OK"
5634,10407893193,10407893265,1,"IOTHUB_CLIENT_CONFIRMATION_OK"
5635,10407893393,10407893433,1,"IOTHUB_CLIENT_CONFIRMATION_OK"
5636,10407893593,10407893635,1,"IOTHUB_CLIENT_CONFIRMATION_OK"
5637,10407893794,10407894009,1,"IOTHUB_CLIENT_CONFIRMATION_OK"
5638,10407893994,10407894039,1,"IOTHUB_CLIENT_CONFIRMATION_OK"
5639,10407894194,10407894240,1,"IOTHUB_CLIENT_CONFIRMATION_OK"
5640,10407894394,10407894428,1,"IOTHUB_CLIENT_CONFIRMATION_OK"
5641,10407894594,10407894636,1,"IOTHUB_CLIENT_CONFIRMATION_OK"
5642,10407894794,10407894833,1,"IOTHUB_CLIENT_CONFIRMATION_OK"
5643,10407894994,10407895029,1,"IOTHUB_CLIENT_CONFIRMATION_OK"
5644,10407895195,10407895276,1,"IOTHUB_CLIENT_CONFIRMATION_OK"
5645,10407895395,10407895433,1,"IOTHUB_CLIENT_CONFIRMATION_OK"
5646,10407895595,10407895647,1,"IOTHUB_CLIENT_CONFIRMATION_OK"
5647,10407895795,10407895833,1,"IOTHUB_CLIENT_CONFIRMATION_OK"
5648,10407895995,10407896053,1,"IOTHUB_CLIENT_CONFIRMATION_OK"
5649,10407896195,10407896228,1,"IOTHUB_CLIENT_CONFIRMATION_OK"
5650,10407896396,10407896440,1,"IOTHUB_CLIENT_CONFIRMATION_OK"
5651,10407896596,10407896629,1,"IOTHUB_CLIENT_CONFIRMATION_OK"
5652,10407896796,10407896858,1,"IOTHUB_CLIENT_CONFIRMATION_OK"
5653,10407896996,10407897032,1,"IOTHUB_CLIENT_CONFIRMATION_OK"
5654,10407897196,10407897299,1,"IOTHUB_CLIENT_CONFIRMATION_OK"
5655,10407897396,10407897493,1,"IOTHUB_CLIENT_CONFIRMATION_OK"
5656,10407897596,10407897630,1,"IOTHUB_CLIENT_CONFIRMATION_OK"
5657,10407897797,10407897831,1,"IOTHUB_CLIENT_CONFIRMATION_OK"
5658,10407897997,10407898045,1,"IOTHUB_CLIENT_CONFIRMATION_OK"
5659,10407898197,10407898233,1,"IOTHUB_CLIENT_CONFIRMATION_OK"
5660,10407898397,10407898435,1,"IOTHUB_CLIENT_CONFIRMATION_OK"
5661,10407898597,10407898662,1,"IOTHUB_CLIENT_CONFIRMATION_OK"
5662,10407898798,10407898907,1,"IOTHUB_CLIENT_CONFIRMATION_OK"
5663,10407898998,10407899041,1,"IOTHUB_CLIENT_CONFIRMATION_OK"
5664,10407899198,10407899247,1,"IOTHUB_CLIENT_CONFIRMATION_OK"
5665,10407899398,10407899455,1,"IOTHUB_CLIENT_CONFIRMATION_OK"
5666,10407899598,10407899816,1,"IOTHUB_CLIENT_CONFIRMATION_OK"
5667,10407899798,10407899906,1,"IOTHUB_CLIENT_CONFIRMATION_OK"
5668,10407899998,10407900049,1,"IOTHUB_CLIENT_CONFIRMATION_OK"
5669,10407900199,10407900277,1,"IOTHUB_CLIENT_CONFIRMATION_OK"
5670,10407900399,10407900430,1,"IOTHUB_CLIENT_CONFIRMATION_OK"
5671,10407900599,10407900631,1,"IOTHUB_CLIENT_CONFIRMATION_OK"
5672,10407900799,10407900831,1,"IOTHUB_CLIENT_CONFIRMATION_OK"
5673,10407900999,10407901061,1,"IOTHUB_CLIENT_CONFIRMATION_OK"
5674,10407901199,10407901234,1,"IOTHUB_CLIENT_CONFIRMATION_OK"
5675,10407901400,10407901443,1,"IOTHUB_CLIENT_CONFIRMATION_OK"
5676,10407901600,10407901634,1,"IOTHUB_CLIENT_CONFIRMATION_OK"
5677,10407901800,10407901869,1,"IOTHUB_CLIENT_CONFIRMATION_OK"
5678,10407902000,10407902035,1,"IOTHUB_CLIENT_CONFIRMATION_OK"
5679,10407902200,10407902238,1,"IOTHUB_CLIENT_CONFIRMATION_OK"
5680,10407902400,10407902439,1,"IOTHUB_CLIENT_CONFIRMATION_OK"
5681,10407902601,10407902643,1,"IOTHUB_CLIENT_CONFIRMATION_OK"
5682,10407902801,10407902860,1,"IOTHUB_CLIENT_CONFIRMATION_OK"
5683,10407903001,10407903040,1,"IOTHUB_CLIENT_CONFIRMATION_OK"
5684,10407903201,10407903259,1,"IOTHUB_CLIENT_CONFIRMATION_OK"
5685,10407903401,10407903437,1,"IOTHUB_CLIENT_CONFIRMATION_OK"
5686,10407903601,10407903654,1,"IOTHUB_CLIENT_CONFIRMATION_OK"
5687,10407903802,10407903853,1,"IOTHUB_CLIENT_CONFIRMATION_OK"
5688,10407904002,10407904036,1,"IOTHUB_CLIENT_CONFIRMATION_OK"
5689,10407904202,10407904243,1,"IOTHUB_CLIENT_CONFIRMATION_OK"
5690,10407904402,10407904480,1,"IOTHUB_CLIENT_CONFIRMATION_OK"
5691,10407904602,10407904663,1,"IOTHUB_CLIENT_CONFIRMATION_OK"
5692,10407904802,10407904836,1,"IOTHUB_CLIENT_CONFIRMATION_OK"
5693,10407905002,10407905053,1,"IOTHUB_CLIENT_CONFIRMATION_OK"
5694,10407905203,10407905250,1,"IOTHUB_CLIENT_CONFIRMATION_OK"
5695,10407905403,10407905457,1,"IOTHUB_CLIENT_CONFIRMATION_OK"
5696,10407905603,10407905644,1,"IOTHUB_CLIENT_CONFIRMATION_OK"
5697,10407905803,10407905949,1,"IOTHUB_CLIENT_CONFIRMATION_OK"
5698,10407906003,10407906124,1,"IOTHUB_CLIENT_CONFIRMATION_OK"
5699,10407906203,10407906261,1,"IOTHUB_CLIENT_CONFIRMATION_OK"
5700,10407906404,10407906439,1,"IOTHUB_CLIENT_CONFIRMATION_OK"
5701,10407906604,10407906637,1,"IOTHUB_CLIENT_CONFIRMATION_OK"
5702,10407906804,10407906846,1,"IOTHUB_CLIENT_CONFIRMATION_OK"
5703,10407907004,10407907039,1,"IOTHUB_CLIENT_CONFIRMATION_OK"
5704,10407907204,10407907244,1,"IOTHUB_CLIENT_CONFIRMATION_OK"
5705,10407907404,10407907539,1,"IOTHUB_CLIENT_CONFIRMATION_OK"
5706,10407907605,10407907646,1,"IOTHUB_CLIENT_CONFIRMATION_OK"
5707,10407907805,10407907847,1,"IOTHUB_CLIENT_CONFIRMATION_OK"
5708,10407908005,10407908041,1,"IOTHUB_CLIENT_CONFIRMATION_OK"
5709,10407908205,10407908242,1,"IOTHUB_CLIENT_CONFIRMATION_OK"
5710,10407908405,10407908482,1,"IOTHUB_CLIENT_CONFIRMATION_OK"
5711,10407908605,10407908638,1,"IOTHUB_CLIENT_CONFIRMATION_OK"
5712,10407908806,10407908943,1,"IOTHUB_CLIENT_CONFIRMATION_OK"
5713,10407909006,10407909041,1,"IOTHUB_CLIENT_CONFIRMATION_OK"
5714,10407909206,10407909342,1,"IOTHUB_CLIENT_CONFIRMATION_OK"
5715,10407909406,10407909448,1,"IOTHUB_CLIENT_CONFIRMATION_OK"
5716,10407909606,10407909640,1,"IOTHUB_CLIENT_CONFIRMATION_OK"
5717,10407909806,10407909844,1,"IOTHUB_CLIENT_CONFIRMATION_OK"
5718,10407910006,10407910040,1,"IOTHUB_CLIENT_CONFIRMATION_OK"
5719,10407910207,10407910238,1,"IOTHUB_CLIENT_CONFIRMATION_OK"
5720,10407910407,10407910460,1,"IOTHUB_CLIENT_CONFIRMATION_OK"
5721,10407910607,10407910671,1,"IOTHUB_CLIENT_CONFIRMATION_OK"
5722,10407910807,10407910847,1,"IOTHUB_CLIENT_CONFIRMATION_OK"
5723,10407911007,10407911046,1,"IOTHUB_CLIENT_CONFIRMATION_OK"
5724,10407911207,10407911246,1,"IOTHUB_CLIENT_CONFIRMATION_OK"
5725,10407911408,10407911463,1,"IOTHUB_CLIENT_CONFIRMATION_OK"
5726,10407911608,10407911651,1,"IOTHUB_CLIENT_CONFIRMATION_OK"
5727,10407911808,10407911848,1,"IOTHUB_CLIENT_CONFIRMATION_OK"
5728,10407912008,10407912041,1,"IOTHUB_CLIENT_CONFIRMATION_OK"
5729,10407912208,10407912244,1,"IOTHUB_CLIENT_CONFIRMATION_OK"
5730,10407912408,10407912447,1,"IOTHUB_CLIENT_CONFIRMATION_OK"
5731,10407912609,10407912713,1,"IOTHUB_CLIENT_CONFIRMATION_OK"
5732,10407912809,10407912849,1,"IOTHUB_CLIENT_CONFIRMATION_OK"
5733,10407913009,10407913058,1,"IOTHUB_CLIENT_CONFIRMATION_OK"
5734,10407913209,10407913271,1,"IOTHUB_CLIENT_CONFIRMATION_OK"
5735,10407913409,10407913463,1,"IOTHUB_CLIENT_CONFIRMATION_OK"
5736,10407913609,10407913657,1,"IOTHUB_CLIENT_CONFIRMATION_OK"
5737,10407913810,10407913852,1,"IOTHUB_CLIENT_CONFIRMATION_OK"
5738,10407914010,10407914081,1,"IOTHUB_CLIENT_CONFIRMATION_OK"
5739,10407914210,10407914247,1,"IOTHUB_CLIENT_CONFIRMATION_OK"
5740,10407914410,10407914458,1,"IOTHUB_CLIENT_CONFIRMATION_OK"
5741,10407914610,10407914669,1,"IOTHUB_CLIENT_CONFIRMATION_OK"
5742,10407914810,10407914841,1,"IOTHUB_CLIENT_CONFIRMATION_OK"
5743,10407915011,10407915052,1,"IOTHUB_CLIENT_CONFIRMATION_OK"
5744,10407915211,10407915260,1,"IOTHUB_CLIENT_CONFIRMATION_OK"
5745,10407915411,10407915460,1,"IOTHUB_CLIENT_CONFIRMATION_OK"
5746,10407915611,10407915646,1,"IOTHUB_CLIENT_CONFIRMATION_OK"
5747,10407915811,10407915906,1,"IOTHUB_CLIENT_CONFIRMATION_OK"
5748,10407916011,10407916145,1,"IOTHUB_CLIENT_CONFIRMATION_OK"
5749,10407916211,10407916247,1,"IOTHUB_CLIENT_CONFIRMATION_OK"
5750,10407916412,10407916450,1,"IOTHUB_CLIENT_CONFIRMATION_OK"
5751,10407916612,10407916647,1,"IOTHUB_CLIENT_CONFIRMATION_OK"
5752,10407916812,10407916847,1,"IOTHUB_CLIENT_CONFIRMATION_OK"
5753,10407917012,10407917048,1,"IOTHUB_CLIENT_CONFIRMATION_OK"
5754,10407917212,10407917258,1,"IOTHUB_CLIENT_CONFIRMATION_OK"
5755,10407917412,10407917570,1,"IOTHUB_CLIENT_CONFIRMATION_OK"
5756,10407917612,10407917684,1,"IOTHUB_CLIENT_CONFIRMATION_OK"
5757,10407917813,10407917854,1,"IOTHUB_CLIENT_CONFIRMATION_OK"
5758,10407918013,10407918070,1,"IOTHUB_CLIENT_CONFIRMATION_OK"
5759,10407918213,10407918261,1,"IOTHUB_CLIENT_CONFIRMATION_OK"
5760,10407918413,10407918463,1,"IOTHUB_CLIENT_CONFIRMATION_OK"
5761,10407918613,10407918654,1,"IOTHUB_CLIENT_CONFIRMATION_OK"
5762,10407918813,10407919841,1,"IOTHUB_CLIENT_CONFIRMATION_OK"
5763,10407919014,10407919933,1,"IOTHUB_CLIENT_CONFIRMATION_OK"
5764,10407919214,10407920002,1,"IOTHUB_CLIENT_CONFIRMATION_OK"
5765,10407919414,10407920070,1,"IOTHUB_CLIENT_CONFIRMATION_OK"
5766,10407919614,10407920138,1,"IOTHUB_CLIENT_CONFIRMATION_OK"
5767,10407919814,10407920233,1,"IOTHUB_CLIENT_CONFIRMATION_OK"
5768,10407920014,10407920329,1,"IOTHUB_CLIENT_CONFIRMATION_OK"
5769,10407920215,10407920459,1,"IOTHUB_CLIENT_CONFIRMATION_OK"
5770,10407920415,10407920529,1,"IOTHUB_CLIENT_CONFIRMATION_OK"
5771,10407920615,10407920669,1,"IOTHUB_CLIENT_CONFIRMATION_OK"
5772,10407920815,10407920859,1,"IOTHUB_CLIENT_CONFIRMATION_OK"
5773,10407921015,10407921092,1,"IOTHUB_CLIENT_CONFIRMATION_OK"
5774,10407921215,10407921252,1,"IOTHUB_CLIENT_CONFIRMATION_OK"
5775,10407921415,10407921462,1,"IOTHUB_CLIENT_CONFIRMATION_OK"
5776,10407921616,10407921655,1,"IOTHUB_CLIENT_CONFIRMATION_OK"
5777,10407921816,10407921848,1,"IOTHUB_CLIENT_CONFIRMATION_OK"
5778,10407922016,10407922056,1,"IOTHUB_CLIENT_CONFIRMATION_OK"
5779,10407922216,10407922247,1,"IOTHUB_CLIENT_CONFIRMATION_OK"
5780,10407922416,10407922518,1,"IOTHUB_CLIENT_CONFIRMATION_OK"
5781,10407922616,10407922657,1,"IOTHUB_CLIENT_CONFIRMATION_OK"
5782,10407922817,10407922863,1,"IOTHUB_CLIENT_CONFIRMATION_OK"
5783,10407923017,10407923068,1,"IOTHUB_CLIENT_CONFIRMATION_OK"
5784,10407923217,10407923265,1,"IOTHUB_CLIENT_CONFIRMATION_OK"
5785,10407923417,10407923482,1,"IOTHUB_CLIENT_CONFIRMATION_OK"
5786,10407923617,10407923656,1,"IOTHUB_CLIENT_CONFIRMATION_OK"
5787,10407923817,10407924002,1,"IOTHUB_CLIENT_CONFIRMATION_OK"
5788,10407924017,10407924061,1,"IOTHUB_CLIENT_CONFIRMATION_OK"
5789,10407924218,10407924249,1,"IOTHUB_CLIENT_CONFIRMATION_OK"
5790,10407924418,10407924464,1,"IOTHUB_CLIENT_CONFIRMATION_OK"
5791,10407924618,10407924672,1,"IOTHUB_CLIENT_CONFIRMATION_OK"
5792,10407924818,10407924863,1,"IOTHUB_CLIENT_CONFIRMATION_OK"
5793,10407925018,10407925079,1,"IOTHUB_CLIENT_CONFIRMATION_OK"
5794,10407925218,10407925250,1,"IOTHUB_CLIENT_CONFIRMATION_OK"
5795,10407925418,10407925467,1,"IOTHUB_CLIENT_CONFIRMATION_OK"
5796,10407925619,10407925694,1,"IOTHUB_CLIENT_CONFIRMATION_OK"
5797,10407925819,10407925856,1,"IOTHUB_CLIENT_CONFIRMATION_OK"
5798,10407926019,10407926166,1,"IOTHUB_CLIENT_CONFIRMATION_OK"
5799,10407926219,10407926261,1,"IOTHUB_CLIENT_CONFIRMATION_OK"
5800,10407926419,10407926453,1,"IOTHUB_CLIENT_CONFIRMATION_OK"
5801,10407926619,10407926655,1,"IOTHUB_CLIENT_CONFIRMATION_OK"
5802,10407926820,10407926881,1,"IOTHUB_CLIENT_CONFIRMATION_OK"
5803,10407927020,10407927055,1,"IOTHUB_CLIENT_CONFIRMATION_OK"
5804,10407927220,10407927259,1,"IOTHUB_CLIENT_CONFIRMATION_OK"
5805,10407927420,10407927495,1,"IOTHUB_CLIENT_CONFIRMATION_OK"
5806,10407927620,10407927665,1,"IOTHUB_CLIENT_CONFIRMATION_OK"
5807,10407927820,10407927861,1,"IOTHUB_CLIENT_CONFIRMATION_OK"
5808,10407928020,10407928061,1,"IOTHUB_CLIENT_CONFIRMATION_OK"
5809,10407928221,10407928308,1,"IOTHUB_CLIENT_CONFIRMATION_OK"
5810,10407928421,10407928456,1,"IOTHUB_CLIENT_CONFIRMATION_OK"
5811,10407928621,10407928661,1,"IOTHUB_CLIENT_CONFIRMATION_OK"
5812,10407928821,10407928903,1,"IOTHUB_CLIENT_CONFIRMATION_OK"
5813,10407929021,10407929095,1,"IOTHUB_CLIENT_CONFIRMATION_OK"
5814,10407929221,10407929261,1,"IOTHUB_CLIENT_CONFIRMATION_OK"
5815,10407929421,10407929451,1,"IOTHUB_CLIENT_CONFIRMATION_OK"
5816,10407929622,10407929756,1,"IOTHUB_CLIENT_CONFIRMATION_OK"
5817,10407929822,10407929858,1,"IOTHUB_CLIENT_CONFIRMATION_OK"
5818,10407930022,10407930066,1,"IOTHUB_CLIENT_CONFIRMATION_OK"
5819,10407930222,10407930264,1,"IOTHUB_CLIENT_CONFIRMATION_OK"
5820,10407930422,10407930485,1,"IOTHUB_CLIENT_CONFIRMATION_OK"
5821,10407930622,10407930658,1,"IOTHUB_CLIENT_CONFIRMATION_OK"
5822,10407930822,10407930861,1,"IOTHUB_CLIENT_CONFIRMATION_OK"
5823,10407931023,10407931163,1,"IOTHUB_CLIENT_CONFIRMATION_OK"
5824,10407931223,10407931275,1,"IOTHUB_CLIENT_CONFIRMATION_OK"
5825,10407931423,10407931495,1,"IOTHUB_CLIENT_CONFIRMATION_OK"
5826,10407931623,10407931658,1,"IOTHUB_CLIENT_CONFIRMATION_OK"
5827,10407931823,10407931857,1,"IOTHUB_CLIENT_CONFIRMATION_OK"
5828,10407932023,10407932061,1,"IOTHUB_CLIENT_CONFIRMATION_OK"
5829,10407932224,10407932252,1,"IOTHUB_CLIENT_CONFIRMATION_OK"
5830,10407932424,10407932618,1,"IOTHUB_CLIENT_CONFIRMATION_OK"
5831,10407932624,10407932660,1,"IOTHUB_CLIENT_CONFIRMATION_OK"
5832,10407932824,10407932873,1,"IOTHUB_CLIENT_CONFIRMATION_OK"
5833,10407933024,10407933068,1,"IOTHUB_CLIENT_CONFIRMATION_OK"
5834,10407933224,10407933292,1,"IOTHUB_CLIENT_CONFIRMATION_OK"
5835,10407933425,10407933466,1,"IOTHUB_CLIENT_CONFIRMATION_OK"
5836,10407933625,10407933656,1,"IOTHUB_CLIENT_CONFIRMATION_OK"
5837,10407933825,10407934047,1,"IOTHUB_CLIENT_CONFIRMATION_OK"
5838,10407934025,10407934091,1,"IOTHUB_CLIENT_CONFIRMATION_OK"
5839,10407934225,10407934256,1,"IOTHUB_CLIENT_CONFIRMATION_OK"
5840,10407934425,10407934458,1,"IOTHUB_CLIENT_CONFIRMATION_OK"
5841,10407934625,10407934667,1,"IOTHUB_CLIENT_CONFIRMATION_OK"
5842,10407934826,10407934867,1,"IOTHUB_CLIENT_CONFIRMATION_OK"
5843,10407935026,10407935064,1,"IOTHUB_CLIENT_CONFIRMATION_OK"
5844,10407935226,10407935282,1,"IOTHUB_CLIENT_CONFIRMATION_OK"
5845,10407935426,10407935468,1,"IOTHUB_CLIENT_CONFIRMATION_OK"
5846,10407935626,10407935668,1,"IOTHUB_CLIENT_CONFIRMATION_OK"
5847,10407935826,10407935886,1,"IOTHUB_CLIENT_CONFIRMATION_OK"
5848,10407936027,10407936075,1,"IOTHUB_CLIENT_CONFIRMATION_OK"
5849,10407936227,10407936262,1,"IOTHUB_CLIENT_CONFIRMATION_OK"
5850,10407936427,10407936458,1,"IOTHUB_CLIENT_CONFIRMATION_OK"
5851,10407936627,10407936669,1,"IOTHUB_CLIENT_CONFIRMATION_OK"
5852,10407936827,10407936879,1,"IOTHUB_CLIENT_CONFIRMATION_OK"
5853,10407937027,10407937059,1,"IOTHUB_CLIENT_CONFIRMATION_OK"
5854,10407937227,10407937267,1,"IOTHUB_CLIENT_CONFIRMATION_OK"
5855,10407937428,10407937544,1,"IOTHUB_CLIENT_CONFIRMATION_OK"
5856,10407937628,10407937684,1,"IOTHUB_CLIENT_CONFIRMATION_OK"
5857,10407937828,10407937868,1,"IOTHUB_CLIENT_CONFIRMATION_OK"
5858,10407938028,10407938072,1,"IOTHUB_CLIENT_CONFIRMATION_OK"
5859,10407938228,10407938315,1,"IOTHUB_CLIENT_CONFIRMATION_OK"
5860,10407938428,10407938491,1,"IOTHUB_CLIENT_CONFIRMATION_OK"
5861,10407938629,10407938673,1,"IOTHUB_CLIENT_CONFIRMATION_OK"
5862,10407938829,10407938901,1,"IOTHUB_CLIENT_CONFIRMATION_OK"
5863,10407939029,10407939082,1,"IOTHUB_CLIENT_CONFIRMATION_OK"
5864,10407939229,10407939300,1,"IOTHUB_CLIENT_CONFIRMATION_OK"
5865,10407939429,10407939465,1,"IOTHUB_CLIENT_CONFIRMATION_OK"
5866,10407939629,10407939703,1,"IOTHUB_CLIENT_CONFIRMATION_OK"
5867,10407939830,10407939860,1,"IOTHUB_CLIENT_CONFIRMATION_OK"
5868,10407940030,10407940073,1,"IOTHUB_CLIENT_CONFIRMATION_OK"
5869,10407940230,10407940261,1,"IOTHUB_CLIENT_CONFIRMATION_OK"
5870,10407940430,10407940526,1,"IOTHUB_CLIENT_CONFIRMATION_OK"
5871,10407940630,10407940674,1,"IOTHUB_CLIENT_CONFIRMATION_OK"
5872,10407940830,10407940881,1,"IOTHUB_CLIENT_CONFIRMATION_OK"
5873,10407941030,10407941141,1,"IOTHUB_CLIENT_CONFIRMATION_OK"
5874,10407941231,10407941271,1,"IOTHUB_CLIENT_CONFIRMATION_OK"
5875,10407941431,10407941467,1,"IOTHUB_CLIENT_CONFIRMATION_OK"
5876,10407941631,10407941686,1,"IOTHUB_CLIENT_CONFIRMATION_OK"
5877,10407941831,10407941881,1,"IOTHUB_CLIENT_CONFIRMATION_OK"
5878,10407942031,10407942085,1,"IOTHUB_CLIENT_CONFIRMATION_OK"
5879,10407942231,10407942264,1,"IOTHUB_CLIENT_CONFIRMATION_OK"
5880,10407942432,10407942554,1,"IOTHUB_CLIENT_CONFIRMATION_OK"
5881,10407942632,10407942671,1,"IOTHUB_CLIENT_CONFIRMATION_OK"
5882,10407942832,10407942865,1,"IOTHUB_CLIENT_CONFIRMATION_OK"
5883,10407943032,10407943072,1,"IOTHUB_CLIENT_CONFIRMATION_OK"
5884,10407943232,10407943274,1,"IOTHUB_CLIENT_CONFIRMATION_OK"
5885,10407943432,10407943517,1,"IOTHUB_CLIENT_CONFIRMATION_OK"
5886,10407943632,10407943668,1,"IOTHUB_CLIENT_CONFIRMATION_OK"
5887,10407943833,10407943976,1,"IOTHUB_CLIENT_CONFIRMATION_OK"
5888,10407944033,10407944078,1,"IOTHUB_CLIENT_CONFIRMATION_OK"
5889,10407944233,10407944296,1,"IOTHUB_CLIENT_CONFIRMATION_OK"
5890,10407944433,10407944480,1,"IOTHUB_CLIENT_CONFIRMATION_OK"
5891,10407944633,10407944677,1,"IOTHUB_CLIENT_CONFIRMATION_OK"
5892,10407944833,10407944887,1,"IOTHUB_CLIENT_CONFIRMATION_OK"
5893,10407945033,10407945071,1,"IOTHUB_CLIENT_CONFIRMATION_OK"
5894,10407945234,10407945276,1,"IOTHUB_CLIENT_CONFIRMATION_OK"
5895,10407945434,10407945487,1,"IOTHUB_CLIENT_CONFIRMATION_OK"
5896,10407945634,10407945664,1,"IOTHUB_CLIENT_CONFIRMATION_OK"
5897,10407945834,10407945867,1,"IOTHUB_CLIENT_CONFIRMATION_OK"
5898,10407946034,10407946076,1,"IOTHUB_CLIENT_CONFIRMATION_OK"
5899,10407946234,10407946277,1,"IOTHUB_CLIENT_CONFIRMATION_OK"
5900,10407946434,10407946467,1,"IOTHUB_CLIENT_CONFIRMATION_OK"
5901,10407946635,10407946687,1,"IOTHUB_CLIENT_CONFIRMATION_OK"
5902,10407946835,10407946878,1,"IOTHUB_CLIENT_CONFIRMATION_OK"
5903,10407947035,10407947066,1,"IOTHUB_CLIENT_CONFIRMATION_OK"
5904,10407947235,10407947275,1,"IOTHUB_CLIENT_CONFIRMATION_OK"
5905,10407947435,10407947500,1,"IOTHUB_CLIENT_CONFIRMATION_OK"
5906,10407947635,10407947680,1,"IOTHUB_CLIENT_CONFIRMATION_OK"
5907,10407947835,10407947890,1,"IOTHUB_CLIENT_CONFIRMATION_OK"
5908,10407948036,10407948074,1,"IOTHUB_CLIENT_CONFIRMATION_OK"
5909,10407948236,10407948449,1,"IOTHUB_CLIENT_CONFIRMATION_OK"
5910,10407948436,10407948494,1,"IOTHUB_CLIENT_CONFIRMATION_OK"
5911,10407948636,10407948683,1,"IOTHUB_CLIENT_CONFIRMATION_OK"
5912,10407948836,10407948895,1,"IOTHUB_CLIENT_CONFIRMATION_OK"
5913,10407949036,10407949135,1,"IOTHUB_CLIENT_CONFIRMATION_OK"
5914,10407949237,10407949304,1,"IOTHUB_CLIENT_CONFIRMATION_OK"
5915,10407949437,10407949466,1,"IOTHUB_CLIENT_CONFIRMATION_OK"
5916,10407949637,10407949720,1,"IOTHUB_CLIENT_CONFIRMATION_OK"
5917,10407949837,10407949873,1,"IOTHUB_CLIENT_CONFIRMATION_OK"
5918,10407950037,10407950114,1,"IOTHUB_CLIENT_CONFIRMATION_OK"
5919,10407950237,10407950292,1,"IOTHUB_CLIENT_CONFIRMATION_OK"
5920,10407950437,10407950518,1,"IOTHUB_CLIENT_CONFIRMATION_OK"
5921,10407950638,10407950680,1,"IOTHUB_CLIENT_CONFIRMATION_OK"
5922,10407950838,10407950875,1,"IOTHUB_CLIENT_CONFIRMATION_OK"
5923,10407951038,10407951187,1,"IOTHUB_CLIENT_CONFIRMATION_OK"
5924,10407951238,10407951286,1,"IOTHUB_CLIENT_CONFIRMATION_OK"
5925,10407951438,10407951507,1,"IOTHUB_CLIENT_CONFIRMATION_OK"
5926,10407951638,10407951673,1,"IOTHUB_CLIENT_CONFIRMATION_OK"
5927,10407951839,10407951872,1,"IOTHUB_CLIENT_CONFIRMATION_OK"
5928,10407952039,10407952072,1,"IOTHUB_CLIENT_CONFIRMATION_OK"
5929,10407952239,10407952272,1,"IOTHUB_CLIENT_CONFIRMATION_OK"
5930,10407952439,10407952576,1,"IOTHUB_CLIENT_CONFIRMATION_OK"
5931,10407952639,10407952677,1,"IOTHUB_CLIENT_CONFIRMATION_OK"
5932,10407952839,10407952902,1,"IOTHUB_CLIENT_CONFIRMATION_OK"
5933,10407953040,10407953070,1,"IOTHUB_CLIENT_CONFIRMATION_OK"
5934,10407953240,10407953269,1,"IOTHUB_CLIENT_CONFIRMATION_OK"
5935,10407953440,10407953480,1,"IOTHUB_CLIENT_CONFIRMATION_OK"
5936,10407953640,10407953674,1,"IOTHUB_CLIENT_CONFIRMATION_OK"
5937,10407953840,10407954033,1,"IOTHUB_CLIENT_CONFIRMATION_OK"
5938,10407954040,10407954095,1,"IOTHUB_CLIENT_CONFIRMATION_OK"
5939,10407954240,10407954304,1,"IOTHUB_CLIENT_CONFIRMATION_OK"
5940,10407954441,10407954478,1,"IOTHUB_CLIENT_CONFIRMATION_OK"
5941,10407954641,10407954702,1,"IOTHUB_CLIENT_CONFIRMATION_OK"
5942,10407954841,10407954906,1,"IOTHUB_CLIENT_CONFIRMATION_OK"
5943,10407955041,10407955083,1,"IOTHUB_CLIENT_CONFIRMATION_OK"
5944,10407955241,10407955325,1,"IOTHUB_CLIENT_CONFIRMATION_OK"
5945,10407955441,10407955491,1,"IOTHUB_CLIENT_CONFIRMATION_OK"
5946,10407955641,10407955698,1,"IOTHUB_CLIENT_CONFIRMATION_OK"
5947,10407955842,10407955877,1,"IOTHUB_CLIENT_CONFIRMATION_OK"
5948,10407956042,10407956107,1,"IOTHUB_CLIENT_CONFIRMATION_OK"
5949,10407956242,10407956296,1,"IOTHUB_CLIENT_CONFIRMATION_OK"
5950,10407956442,10407956478,1,"IOTHUB_CLIENT_CONFIRMATION_OK"
5951,10407956642,10407956687,1,"IOTHUB_CLIENT_CONFIRMATION_OK"
5952,10407956842,10407956978,1,"IOTHUB_CLIENT_CONFIRMATION_OK"
5953,10407957043,10407957120,1,"IOTHUB_CLIENT_CONFIRMATION_OK"
5954,10407957243,10407957280,1,"IOTHUB_CLIENT_CONFIRMATION_OK"
5955,10407957443,10407957574,1,"IOTHUB_CLIENT_CONFIRMATION_OK"
5956,10407957643,10407957710,1,"IOTHUB_CLIENT_CONFIRMATION_OK"
5957,10407957843,10407957877,1,"IOTHUB_CLIENT_CONFIRMATION_OK"
5958,10407958043,10407958217,1,"IOTHUB_CLIENT_CONFIRMATION_OK"
5959,10407958243,10407958282,1,"IOTHUB_CLIENT_CONFIRMATION_OK"
5960,10407958444,10407958477,1,"IOTHUB_CLIENT_CONFIRMATION_OK"
5961,10407958644,10407958678,1,"IOTHUB_CLIENT_CONFIRMATION_OK"
5962,10407958844,10407959380,1,"IOTHUB_CLIENT_CONFIRMATION_OK"
5963,10407959044,10407959469,1,"IOTHUB_CLIENT_CONFIRMATION_OK"
5964,10407959244,10407959578,1,"IOTHUB_CLIENT_CONFIRMATION_OK"
5965,10407959444,10407959634,1,"IOTHUB_CLIENT_CONFIRMATION_OK"
5966,10407959645,10407959826,1,"IOTHUB_CLIENT_CONFIRMATION_OK"
5967,10407959845,10407959884,1,"IOTHUB_CLIENT_CONFIRMATION_OK"
5968,10407960045,10407960106,1,"IOTHUB_CLIENT_CONFIRMATION_OK"
5969,10407960245,10407960285,1,"IOTHUB_CLIENT_CONFIRMATION_OK"
5970,10407960445,10407960505,1,"IOTHUB_CLIENT_CONFIRMATION_OK"
5971,10407960645,10407960676,1,"IOTHUB_CLIENT_CONFIRMATION_OK"
5972,10407960846,10407960884,1,"IOTHUB_CLIENT_CONFIRMATION_OK"
5973,10407961046,10407961076,1,"IOTHUB_CLIENT_CONFIRMATION_OK"
5974,10407961246,10407961308,1,"IOTHUB_CLIENT_CONFIRMATION_OK"
5975,10407961446,10407961480,1,"IOTHUB_CLIENT_CONFIRMATION_OK"
5976,10407961646,10407961770,1,"IOTHUB_CLIENT_CONFIRMATION_OK"
5977,10407961846,10407961894,1,"IOTHUB_CLIENT_CONFIRMATION_OK"
5978,10407962046,10407962079,1,"IOTHUB_CLIENT_CONFIRMATION_OK"
5979,10407962247,10407962280,1,"IOTHUB_CLIENT_CONFIRMATION_OK"
5980,10407962447,10407962492,1,"IOTHUB_CLIENT_CONFIRMATION_OK"
5981,10407962647,10407962705,1,"IOTHUB_CLIENT_CONFIRMATION_OK"
5982,10407962847,10407962888,1,"IOTHUB_CLIENT_CONFIRMATION_OK"
5983,10407963047,10407963082,1,"IOTHUB_CLIENT_CONFIRMATION_OK"
5984,10407963247,10407963302,1,"IOTHUB_CLIENT_CONFIRMATION_OK"
5985,10407963448,10407963486,1,"IOTHUB_CLIENT_CONFIRMATION_OK"
5986,10407963648,10407963688,1,"IOTHUB_CLIENT_CONFIRMATION_OK"
5987,10407963848,10407963910,1,"IOTHUB_CLIENT_CONFIRMATION_OK"
5988,10407964048,10407964089,1,"IOTHUB_CLIENT_CONFIRMATION_OK"
5989,10407964248,10407964282,1,"IOTHUB_CLIENT_CONFIRMATION_OK"
5990,10407964448,10407964489,1,"IOTHUB_CLIENT_CONFIRMATION_OK"
5991,10407964648,10407964771,1,"IOTHUB_CLIENT_CONFIRMATION_OK"
5992,10407964849,10407964906,1,"IOTHUB_CLIENT_CONFIRMATION_OK"
5993,10407965049,10407965092,1,"IOTHUB_CLIENT_CONFIRMATION_OK"
5994,10407965249,10407965291,1,"IOTHUB_CLIENT_CONFIRMATION_OK"
5995,10407965449,10407965519,1,"IOTHUB_CLIENT_CONFIRMATION_OK"
5996,10407965649,10407965683,1,"IOTHUB_CLIENT_CONFIRMATION_OK"
5997,10407965849,10407965901,1,"IOTHUB_CLIENT_CONFIRMATION_OK"
5998,10407966050,10407966087,1,"IOTHUB_CLIENT_CONFIRMATION_OK"
5999,10407966250,10407966321,1,"IOTHUB_CLIENT_CONFIRMATION_OK"
6000,10407966450,10407966489,1,"IOTHUB_CLIENT_CONFIRMATION_OK"
6001,10407966650,10407966714,1,"IOTHUB_CLIENT_CONFIRMATION_OK"
6002,10407966850,10407966886,1,"IOTHUB_CLIENT_CONFIRMATION_OK"
6003,10407967050,10407967106,1,"IOTHUB_CLIENT_CONFIRMATION_OK"
6004,10407967250,10407967348,1,"IOTHUB_CLIENT_CONFIRMATION_OK"
6005,10407967451,10407967652,1,"IOTHUB_CLIENT_CONFIRMATION_OK"
6006,10407967651,10407967684,1,"IOTHUB_CLIENT_CONFIRMATION_OK"
6007,10407967851,10407967902,1,"IOTHUB_CLIENT_CONFIRMATION_OK"
6008,10407968051,10407968086,1,"IOTHUB_CLIENT_CONFIRMATION_OK"
6009,10407968251,10407968289,1,"IOTHUB_CLIENT_CONFIRMATION_OK"
6010,10407968451,10407968516,1,"IOTHUB_CLIENT_CONFIRMATION_OK"
6011,10407968651,10407968685,1,"IOTHUB_CLIENT_CONFIRMATION_OK"
6012,10407968852,10407969069,1,"IOTHUB_CLIENT_CONFIRMATION_OK"
6013,10407969052,10407969116,1,"IOTHUB_CLIENT_CONFIRMATION_OK"
6014,10407969252,10407969294,1,"IOTHUB_CLIENT_CONFIRMATION_OK"
6015,10407969452,10407969489,1,"IOTHUB_CLIENT_CONFIRMATION_OK"
6016,10407969652,10407969694,1,"IOTHUB_CLIENT_CONFIRMATION_OK"
6017,10407969852,10407969894,1,"IOTHUB_CLIENT_CONFIRMATION_OK"
6018,10407970053,10407970082,1,"IOTHUB_CLIENT_CONFIRMATION_OK"
6019,10407970253,10407970318,1,"IOTHUB_CLIENT_CONFIRMATION_OK"
6020,10407970453,10407970513,1,"IOTHUB_CLIENT_CONFIRMATION_OK"
6021,10407970653,10407970682,1,"IOTHUB_CLIENT_CONFIRMATION_OK"
6022,10407970853,10407970920,1,"IOTHUB_CLIENT_CONFIRMATION_OK"
6023,10407971053,10407971101,1,"IOTHUB_CLIENT_CONFIRMATION_OK"
6024,10407971254,10407971296,1,"IOTHUB_CLIENT_CONFIRMATION_OK"
6025,10407971454,10407971488,1,"IOTHUB_CLIENT_CONFIRMATION_OK"
6026,10407971654,10407971688,1,"IOTHUB_CLIENT_CONFIRMATION_OK"
6027,10407971854,10407971919,1,"IOTHUB_CLIENT_CONFIRMATION_OK"
6028,10407972054,10407972092,1,"IOTHUB_CLIENT_CONFIRMATION_OK"
6029,10407972254,10407972286,1,"IOTHUB_CLIENT_CONFIRMATION_OK"
6030,10407972454,10407972593,1,"IOTHUB_CLIENT_CONFIRMATION_OK"
6031,10407972655,10407972700,1,"IOTHUB_CLIENT_CONFIRMATION_OK"
6032,10407972855,10407972917,1,"IOTHUB_CLIENT_CONFIRMATION_OK"
6033,10407973055,10407973094,1,"IOTHUB_CLIENT_CONFIRMATION_OK"
6034,10407973255,10407973293,1,"IOTHUB_CLIENT_CONFIRMATION_OK"
6035,10407973455,10407973516,1,"IOTHUB_CLIENT_CONFIRMATION_OK"
6036,10407973655,10407973709,1,"IOTHUB_CLIENT_CONFIRMATION_OK"
6037,10407973856,10407974008,1,"IOTHUB_CLIENT_CONFIRMATION_OK"
6038,10407974056,10407974090,1,"IOTHUB_CLIENT_CONFIRMATION_OK"
6039,10407974256,10407974291,1,"IOTHUB_CLIENT_CONFIRMATION_OK"
6040,10407974456,10407974506,1,"IOTHUB_CLIENT_CONFIRMATION_OK"
6041,10407974656,10407974701,1,"IOTHUB_CLIENT_CONFIRMATION_OK"
6042,10407974856,10407974894,1,"IOTHUB_CLIENT_CONFIRMATION_OK"
6043,10407975057,10407975111,1,"IOTHUB_CLIENT_CONFIRMATION_OK"
6044,10407975257,10407975298,1,"IOTHUB_CLIENT_CONFIRMATION_OK"
6045,10407975457,10407975497,1,"IOTHUB_CLIENT_CONFIRMATION_OK"
6046,10407975657,10407975700,1,"IOTHUB_CLIENT_CONFIRMATION_OK"
6047,10407975857,10407975951,1,"IOTHUB_CLIENT_CONFIRMATION_OK"
6048,10407976057,10407976150,1,"IOTHUB_CLIENT_CONFIRMATION_OK"
6049,10407976257,10407976322,1,"IOTHUB_CLIENT_CONFIRMATION_OK"
6050,10407976458,10407976512,1,"IOTHUB_CLIENT_CONFIRMATION_OK"
6051,10407976658,10407976690,1,"IOTHUB_CLIENT_CONFIRMATION_OK"
6052,10407976858,10407976938,1,"IOTHUB_CLIENT_CONFIRMATION_OK"
6053,10407977058,10407977117,1,"IOTHUB_CLIENT_CONFIRMATION_OK"
6054,10407977258,10407977299,1,"IOTHUB_CLIENT_CONFIRMATION_OK"
6055,10407977458,10407977539,1,"IOTHUB_CLIENT_CONFIRMATION_OK"
6056,10407977659,10407977696,1,"IOTHUB_CLIENT_CONFIRMATION_OK"
6057,10407977859,10407977898,1,"IOTHUB_CLIENT_CONFIRMATION_OK"
6058,10407978059,10407978103,1,"IOTHUB_CLIENT_CONFIRMATION_OK"
6059,10407978259,10407978351,1,"IOTHUB_CLIENT_CONFIRMATION_OK"
6060,10407978459,10407978519,1,"IOTHUB_CLIENT_CONFIRMATION_OK"
6061,10407978659,10407978744,1,"IOTHUB_CLIENT_CONFIRMATION_OK"
6062,10407978859,10407978945,1,"IOTHUB_CLIENT_CONFIRMATION_OK"
6063,10407979060,10407979117,1,"IOTHUB_CLIENT_CONFIRMATION_OK"
6064,10407979260,10407979302,1,"IOTHUB_CLIENT_CONFIRMATION_OK"
6065,10407979460,10407979525,1,"IOTHUB_CLIENT_CONFIRMATION_OK"
6066,10407979660,10407979789,1,"IOTHUB_CLIENT_CONFIRMATION_OK"
6067,10407979860,10407979893,1,"IOTHUB_CLIENT_CONFIRMATION_OK"
6068,10407980060,10407980100,1,"IOTHUB_CLIENT_CONFIRMATION_OK"
6069,10407980261,10407980295,1,"IOTHUB_CLIENT_CONFIRMATION_OK"
6070,10407980461,10407980491,1,"IOTHUB_CLIENT_CONFIRMATION_OK"
6071,10407980661,10407980694,1,"IOTHUB_CLIENT_CONFIRMATION_OK"
6072,10407980861,10407980895,1,"IOTHUB_CLIENT_CONFIRMATION_OK"
6073,10407981061,10407981245,1,"IOTHUB_CLIENT_CONFIRMATION_OK"
6074,10407981261,10407981305,1,"IOTHUB_CLIENT_CONFIRMATION_OK"
6075,10407981462,10407981506,1,"IOTHUB_CLIENT_CONFIRMATION_OK"
6076,10407981662,10407981696,1,"IOTHUB_CLIENT_CONFIRMATION_OK"
6077,10407981862,10407981920,1,"IOTHUB_CLIENT_CONFIRMATION_OK"
6078,10407982062,10407982134,1,"IOTHUB_CLIENT_CONFIRMATION_OK"
6079,10407982262,10407982311,1,"IOTHUB_CLIENT_CONFIRMATION_OK"
6080,10407982462,10407982657,1,"IOTHUB_CLIENT_CONFIRMATION_OK"
6081,10407982662,10407982699,1,"IOTHUB_CLIENT_CONFIRMATION_OK"
6082,10407982863,10407982944,1,"IOTHUB_CLIENT_CONFIRMATION_OK"
6083,10407983063,10407983104,1,"IOTHUB_CLIENT_CONFIRMATION_OK"
6084,10407983263,10407983294,1,"IOTHUB_CLIENT_CONFIRMATION_OK"
6085,10407983463,10407983609,1,"IOTHUB_CLIENT_CONFIRMATION_OK"
6086,10407983663,10407983717,1,"IOTHUB_CLIENT_CONFIRMATION_OK"
6087,10407983863,10407984059,1,"IOTHUB_CLIENT_CONFIRMATION_OK"
6088,10407984064,10407984128,1,"IOTHUB_CLIENT_CONFIRMATION_OK"
6089,10407984264,10407984294,1,"IOTHUB_CLIENT_CONFIRMATION_OK"
6090,10407984464,10407984522,1,"IOTHUB_CLIENT_CONFIRMATION_OK"
6091,10407984664,10407984695,1,"IOTHUB_CLIENT_CONFIRMATION_OK"
6092,10407984864,10407984902,1,"IOTHUB_CLIENT_CONFIRMATION_OK"
6093,10407985064,10407985111,1,"IOTHUB_CLIENT_CONFIRMATION_OK"
6094,10407985264,10407985297,1,"IOTHUB_CLIENT_CONFIRMATION_OK"
6095,10407985465,10407985505,1,"IOTHUB_CLIENT_CONFIRMATION_OK"
6096,10407985665,10407985707,1,"IOTHUB_CLIENT_CONFIRMATION_OK"
6097,10407985865,10407985911,1,"IOTHUB_CLIENT_CONFIRMATION_OK"
6098,10407986065,10407986125,1,"IOTHUB_CLIENT_CONFIRMATION_OK"
6099,10407986265,10407986321,1,"IOTHUB_CLIENT_CONFIRMATION_OK"
6100,10407986465,10407986510,1,"IOTHUB_CLIENT_CONFIRMATION_OK"
6101,10407986666,10407986696,1,"IOTHUB_CLIENT_CONFIRMATION_OK"
6102,10407986866,10407986940,1,"IOTHUB_CLIENT_CONFIRMATION_OK"
6103,10407987066,10407987101,1,"IOTHUB_CLIENT_CONFIRMATION_OK"
6104,10407987266,10407987306,1,"IOTHUB_CLIENT_CONFIRMATION_OK"
6105,10407987466,10407987553,1,"IOTHUB_CLIENT_CONFIRMATION_OK"
6106,10407987666,10407987700,1,"IOTHUB_CLIENT_CONFIRMATION_OK"
6107,10407987867,10407987905,1,"IOTHUB_CLIENT_CONFIRMATION_OK"
6108,10407988067,10407988118,1,"IOTHUB_CLIENT_CONFIRMATION_OK"
6109,10407988267,10407988463,1,"IOTHUB_CLIENT_CONFIRMATION_OK"
6110,10407988467,10407988517,1,"IOTHUB_CLIENT_CONFIRMATION_OK"
6111,10407988667,10407988715,1,"IOTHUB_CLIENT_CONFIRMATION_OK"
6112,10407988867,10407988947,1,"IOTHUB_CLIENT_CONFIRMATION_OK"
6113,10407989067,10407989124,1,"IOTHUB_CLIENT_CONFIRMATION_OK"
6114,10407989268,10407989302,1,"IOTHUB_CLIENT_CONFIRMATION_OK"
6115,10407989468,10407989505,1,"IOTHUB_CLIENT_CONFIRMATION_OK"
6116,10407989668,10407989779,1,"IOTHUB_CLIENT_CONFIRMATION_OK"
6117,10407989868,10407989912,1,"IOTHUB_CLIENT_CONFIRMATION_OK"
6118,10407990068,10407990113,1,"IOTHUB_CLIENT_CONFIRMATION_OK"
6119,10407990268,10407990327,1,"IOTHUB_CLIENT_CONFIRMATION_OK"
6120,10407990469,10407990507,1,"IOTHUB_CLIENT_CONFIRMATION_OK"
6121,10407990669,10407990707,1,"IOTHUB_CLIENT_CONFIRMATION_OK"
6122,10407990869,10407990911,1,"IOTHUB_CLIENT_CONFIRMATION_OK"
6123,10407991069,10407991220,1,"IOTHUB_CLIENT_CONFIRMATION_OK"
6124,10407991269,10407991306,1,"IOTHUB_CLIENT_CONFIRMATION_OK"
6125,10407991469,10407991557,1,"IOTHUB_CLIENT_CONFIRMATION_OK"
6126,10407991669,10407991722,1,"IOTHUB_CLIENT_CONFIRMATION_OK"
6127,10407991870,10407991924,1,"IOTHUB_CLIENT_CONFIRMATION_OK"
6128,10407992070,10407992112,1,"IOTHUB_CLIENT_CONFIRMATION_OK"
6129,10407992270,10407992311,1,"IOTHUB_CLIENT_CONFIRMATION_OK"
6130,10407992470,10407992622,1,"IOTHUB_CLIENT_CONFIRMATION_OK"
6131,10407992670,10407992707,1,"IOTHUB_CLIENT_CONFIRMATION_OK"
6132,10407992870,10407992906,1,"IOTHUB_CLIENT_CONFIRMATION_OK"
6133,10407993071,10407993113,1,"IOTHUB_CLIENT_CONFIRMATION_OK"
6134,10407993271,10407993320,1,"IOTHUB_CLIENT_CONFIRMATION_OK"
6135,10407993471,10407993521,1,"IOTHUB_CLIENT_CONFIRMATION_OK"
6136,10407993671,10407993713,1,"IOTHUB_CLIENT_CONFIRMATION_OK"
6137,10407993871,10407994042,1,"IOTHUB_CLIENT_CONFIRMATION_OK"
6138,10407994071,10407994120,1,"IOTHUB_CLIENT_CONFIRMATION_OK"
6139,10407994271,10407994302,1,"IOTHUB_CLIENT_CONFIRMATION_OK"
6140,10407994472,10407994505,1,"IOTHUB_CLIENT_CONFIRMATION_OK"
6141,10407994672,10407994701,1,"IOTHUB_CLIENT_CONFIRMATION_OK"
6142,10407994872,10407994916,1,"IOTHUB_CLIENT_CONFIRMATION_OK"
6143,10407995072,10407995121,1,"IOTHUB_CLIENT_CONFIRMATION_OK"
6144,10407995272,10407995306,1,"IOTHUB_CLIENT_CONFIRMATION_OK"
6145,10407995472,10407995520,1,"IOTHUB_CLIENT_CONFIRMATION_OK"
6146,10407995673,10407995716,1,"IOTHUB_CLIENT_CONFIRMATION_OK"
6147,10407995873,10407995910,1,"IOTHUB_CLIENT_CONFIRMATION_OK"
6148,10407996073,10407996131,1,"IOTHUB_CLIENT_CONFIRMATION_OK"
6149,10407996273,10407996341,1,"IOTHUB_CLIENT_CONFIRMATION_OK"
6150,10407996473,10407996514,1,"IOTHUB_CLIENT_CONFIRMATION_OK"
6151,10407996673,10407996705,1,"IOTHUB_CLIENT_CONFIRMATION_OK"
6152,10407996873,10407996930,1,"IOTHUB_CLIENT_CONFIRMATION_OK"
6153,10407997074,10407997107,1,"IOTHUB_CLIENT_CONFIRMATION_OK"
6154,10407997274,10407997335,1,"IOTHUB_CLIENT_CONFIRMATION_OK"
6155,10407997474,10407997727,1,"IOTHUB_CLIENT_CONFIRMATION_OK"
6156,10407997674,10407997749,1,"IOTHUB_CLIENT_CONFIRMATION_OK"
6157,10407997874,10407997909,1,"IOTHUB_CLIENT_CONFIRMATION_OK"
6158,10407998074,10407998108,1,"IOTHUB_CLIENT_CONFIRMATION_OK"
6159,10407998275,10407998340,1,"IOTHUB_CLIENT_CONFIRMATION_OK"
6160,10407998475,10407998533,1,"IOTHUB_CLIENT_CONFIRMATION_OK"
6161,10407998675,10407998716,1,"IOTHUB_CLIENT_CONFIRMATION_OK"
6162,10407998875,10407998927,1,"IOTHUB_CLIENT_CONFIRMATION_OK"
6163,10407999075,10407999115,1,"IOTHUB_CLIENT_CONFIRMATION_OK"
6164,10407999275,10407999319,1,"IOTHUB_CLIENT_CONFIRMATION_OK"
6165,10407999476,10407999512,1,"IOTHUB_CLIENT_CONFIRMATION_OK"
6166,10407999676,10407999780,1,"IOTHUB_CLIENT_CONFIRMATION_OK"
6167,10407999876,10407999919,1,"IOTHUB_CLIENT_CONFIRMATION_OK"
6168,10408000076,10408000141,1,"IOTHUB_CLIENT_CONFIRMATION_OK"
6169,10408000276,10408000418,1,"IOTHUB_CLIENT_CONFIRMATION_OK"
6170,10408000476,10408000578,1,"IOTHUB_CLIENT_CONFIRMATION_OK"
6171,10408000676,10408000757,1,"IOTHUB_CLIENT_CONFIRMATION_OK"
6172,10408000877,10408000924,1,"IOTHUB_CLIENT_CONFIRMATION_OK"
6173,10408001077,10408001226,1,"IOTHUB_CLIENT_CONFIRMATION_OK"
6174,10408001277,10408001311,1,"IOTHUB_CLIENT_CONFIRMATION_OK"
6175,10408001477,10408001507,1,"IOTHUB_CLIENT_CONFIRMATION_OK"
6176,10408001677,10408001713,1,"IOTHUB_CLIENT_CONFIRMATION_OK"
6177,10408001877,10408001908,1,"IOTHUB_CLIENT_CONFIRMATION_OK"
6178,10408002077,10408002128,1,"IOTHUB_CLIENT_CONFIRMATION_OK"
6179,10408002278,10408002337,1,"IOTHUB_CLIENT_CONFIRMATION_OK"
6180,10408002478,10408002669,1,"IOTHUB_CLIENT_CONFIRMATION_OK"
6181,10408002678,10408002736,1,"IOTHUB_CLIENT_CONFIRMATION_OK"
6182,10408002878,10408002910,1,"IOTHUB_CLIENT_CONFIRMATION_OK"
6183,10408003078,10408003178,1,"IOTHUB_CLIENT_CONFIRMATION_OK"
6184,10408003278,10408003309,1,"IOTHUB_CLIENT_CONFIRMATION_OK"
6185,10408003478,10408003519,1,"IOTHUB_CLIENT_CONFIRMATION_OK"
6186,10408003679,10408003723,1,"IOTHUB_CLIENT_CONFIRMATION_OK"
6187,10408003879,10408004086,1,"IOTHUB_CLIENT_CONFIRMATION_OK"
6188,10408004079,10408004135,1,"IOTHUB_CLIENT_CONFIRMATION_OK"
6189,10408004279,10408004326,1,"IOTHUB_CLIENT_CONFIRMATION_OK"
6190,10408004479,10408004522,1,"IOTHUB_CLIENT_CONFIRMATION_OK"
6191,10408004679,10408004747,1,"IOTHUB_CLIENT_CONFIRMATION_OK"
6192,10408004880,10408004931,1,"IOTHUB_CLIENT_CONFIRMATION_OK"
6193,10408005080,10408005152,1,"IOTHUB_CLIENT_CONFIRMATION_OK"
6194,10408005280,10408005317,1,"IOTHUB_CLIENT_CONFIRMATION_OK"
6195,10408005480,10408005518,1,"IOTHUB_CLIENT_CONFIRMATION_OK"
6196,10408005680,10408005720,1,"IOTHUB_CLIENT_CONFIRMATION_OK"
6197,10408005880,10408005915,1,"IOTHUB_CLIENT_CONFIRMATION_OK"
6198,10408006081,10408006159,1,"IOTHUB_CLIENT_CONFIRMATION_OK"
6199,10408006281,10408006383,1,"IOTHUB_CLIENT_CONFIRMATION_OK"
6200,10408006481,10408006541,1,"IOTHUB_CLIENT_CONFIRMATION_OK"
6201,10408006681,10408006740,1,"IOTHUB_CLIENT_CONFIRMATION_OK"
6202,10408006881,10408006917,1,"IOTHUB_CLIENT_CONFIRMATION_OK"
6203,10408007081,10408007112,1,"IOTHUB_CLIENT_CONFIRMATION_OK"
6204,10408007281,10408007328,1,"IOTHUB_CLIENT_CONFIRMATION_OK"
6205,10408007482,10408007580,1,"IOTHUB_CLIENT_CONFIRMATION_OK"
6206,10408007682,10408007713,1,"IOTHUB_CLIENT_CONFIRMATION_OK"
6207,10408007882,10408007928,1,"IOTHUB_CLIENT_CONFIRMATION_OK"
6208,10408008082,10408008130,1,"IOTHUB_CLIENT_CONFIRMATION_OK"
6209,10408008282,10408008317,1,"IOTHUB_CLIENT_CONFIRMATION_OK"
6210,10408008482,10408008514,1,"IOTHUB_CLIENT_CONFIRMATION_OK"
6211,10408008683,10408008757,1,"IOTHUB_CLIENT_CONFIRMATION_OK"
6212,10408008883,10408009005,1,"IOTHUB_CLIENT_CONFIRMATION_OK"
6213,10408009083,10408009116,1,"IOTHUB_CLIENT_CONFIRMATION_OK"
6214,10408009283,10408009324,1,"IOTHUB_CLIENT_CONFIRMATION_OK"
6215,10408009483,10408009524,1,"IOTHUB_CLIENT_CONFIRMATION_OK"
6216,10408009683,10408009718,1,"IOTHUB_CLIENT_CONFIRMATION_OK"
6217,10408009883,10408010042,1,"IOTHUB_CLIENT_CONFIRMATION_OK"
6218,10408010084,10408010143,1,"IOTHUB_CLIENT_CONFIRMATION_OK"
6219,10408010284,10408010316,1,"IOTHUB_CLIENT_CONFIRMATION_OK"
6220,10408010484,10408010540,1,"IOTHUB_CLIENT_CONFIRMATION_OK"
6221,10408010684,10408010734,1,"IOTHUB_CLIENT_CONFIRMATION_OK"
6222,10408010884,10408010937,1,"IOTHUB_CLIENT_CONFIRMATION_OK"
6223,10408011084,10408011132,1,"IOTHUB_CLIENT_CONFIRMATION_OK"
6224,10408011284,10408011334,1,"IOTHUB_CLIENT_CONFIRMATION_OK"
6225,10408011485,10408011522,1,"IOTHUB_CLIENT_CONFIRMATION_OK"
6226,10408011685,10408011718,1,"IOTHUB_CLIENT_CONFIRMATION_OK"
6227,10408011885,10408012041,1,"IOTHUB_CLIENT_CONFIRMATION_OK"
6228,10408012085,10408012161,1,"IOTHUB_CLIENT_CONFIRMATION_OK"
6229,10408012285,10408012316,1,"IOTHUB_CLIENT_CONFIRMATION_OK"
6230,10408012485,10408012519,1,"IOTHUB_CLIENT_CONFIRMATION_OK"
6231,10408012686,10408012757,1,"IOTHUB_CLIENT_CONFIRMATION_OK"
6232,10408012886,10408012919,1,"IOTHUB_CLIENT_CONFIRMATION_OK"
6233,10408013086,10408013136,1,"IOTHUB_CLIENT_CONFIRMATION_OK"
6234,10408013286,10408013322,1,"IOTHUB_CLIENT_CONFIRMATION_OK"
6235,10408013486,10408013524,1,"IOTHUB_CLIENT_CONFIRMATION_OK"
6236,10408013686,10408013729,1,"IOTHUB_CLIENT_CONFIRMATION_OK"
6237,10408013887,10408013942,1,"IOTHUB_CLIENT_CONFIRMATION_OK"
6238,10408014087,10408014129,1,"IOTHUB_CLIENT_CONFIRMATION_OK"
6239,10408014287,10408014322,1,"IOTHUB_CLIENT_CONFIRMATION_OK"
6240,10408014487,10408014526,1,"IOTHUB_CLIENT_CONFIRMATION_OK"
6241,10408014687,10408014738,1,"IOTHUB_CLIENT_CONFIRMATION_OK"
6242,10408014887,10408014980,1,"IOTHUB_CLIENT_CONFIRMATION_OK"
6243,10408015088,10408015153,1,"IOTHUB_CLIENT_CONFIRMATION_OK"
6244,10408015288,10408015332,1,"IOTHUB_CLIENT_CONFIRMATION_OK"
6245,10408015488,10408015543,1,"IOTHUB_CLIENT_CONFIRMATION_OK"
6246,10408015688,10408015746,1,"IOTHUB_CLIENT_CONFIRMATION_OK"
6247,10408015888,10408015941,1,"IOTHUB_CLIENT_CONFIRMATION_OK"
6248,10408016088,10408016206,1,"IOTHUB_CLIENT_CONFIRMATION_OK"
6249,10408016289,10408016338,1,"IOTHUB_CLIENT_CONFIRMATION_OK"
6250,10408016489,10408016535,1,"IOTHUB_CLIENT_CONFIRMATION_OK"
6251,10408016689,10408016724,1,"IOTHUB_CLIENT_CONFIRMATION_OK"
6252,10408016889,10408016943,1,"IOTHUB_CLIENT_CONFIRMATION_OK"
6253,10408017089,10408017139,1,"IOTHUB_CLIENT_CONFIRMATION_OK"
6254,10408017289,10408017323,1,"IOTHUB_CLIENT_CONFIRMATION_OK"
6255,10408017489,10408017650,1,"IOTHUB_CLIENT_CONFIRMATION_OK"
6256,10408017690,10408017738,1,"IOTHUB_CLIENT_CONFIRMATION_OK"
6257,10408017890,10408017953,1,"IOTHUB_CLIENT_CONFIRMATION_OK"
6258,10408018090,10408018134,1,"IOTHUB_CLIENT_CONFIRMATION_OK"
6259,10408018290,10408018322,1,"IOTHUB_CLIENT_CONFIRMATION_OK"
6260,10408018490,10408018549,1,"IOTHUB_CLIENT_CONFIRMATION_OK"
6261,10408018690,10408018737,1,"IOTHUB_CLIENT_CONFIRMATION_OK"
6262,10408018891,10408019132,1,"IOTHUB_CLIENT_CONFIRMATION_OK"
6263,10408019091,10408019156,1,"IOTHUB_CLIENT_CONFIRMATION_OK"
6264,10408019291,10408019323,1,"IOTHUB_CLIENT_CONFIRMATION_OK"
6265,10408019491,10408019527,1,"IOTHUB_CLIENT_CONFIRMATION_OK"
6266,10408019691,10408019752,1,"IOTHUB_CLIENT_CONFIRMATION_OK"
6267,10408019891,10408019938,1,"IOTHUB_CLIENT_CONFIRMATION_OK"
6268,10408020091,10408020137,1,"IOTHUB_CLIENT_CONFIRMATION_OK"
6269,10408020292,10408020322,1,"IOTHUB_CLIENT_CONFIRMATION_OK"
6270,10408020492,10408020637,1,"IOTHUB_CLIENT_CONFIRMATION_OK"
6271,10408020692,10408020745,1,"IOTHUB_CLIENT_CONFIRMATION_OK"
6272,10408020892,10408020934,1,"IOTHUB_CLIENT_CONFIRMATION_OK"
6273,10408021092,10408021165,1,"IOTHUB_CLIENT_CONFIRMATION_OK"
6274,10408021292,10408021326,1,"IOTHUB_CLIENT_CONFIRMATION_OK"
6275,10408021493,10408021525,1,"IOTHUB_CLIENT_CONFIRMATION_OK"
6276,10408021693,10408021728,1,"IOTHUB_CLIENT_CONFIRMATION_OK"
6277,10408021893,10408021981,1,"IOTHUB_CLIENT_CONFIRMATION_OK"
6278,10408022093,10408022128,1,"IOTHUB_CLIENT_CONFIRMATION_OK"
6279,10408022293,10408022349,1,"IOTHUB_CLIENT_CONFIRMATION_OK"
6280,10408022493,10408022568,1,"IOTHUB_CLIENT_CONFIRMATION_OK"
6281,10408022694,10408022782,1,"IOTHUB_CLIENT_CONFIRMATION_OK"
6282,10408022894,10408022939,1,"IOTHUB_CLIENT_CONFIRMATION_OK"
6283,10408023094,10408023187,1,"IOTHUB_CLIENT_CONFIRMATION_OK"
6284,10408023294,10408023338,1,"IOTHUB_CLIENT_CONFIRMATION_OK"
6285,10408023494,10408023549,1,"IOTHUB_CLIENT_CONFIRMATION_OK"
6286,10408023694,10408023783,1,"IOTHUB_CLIENT_CONFIRMATION_OK"
6287,10408023895,10408023999,1,"IOTHUB_CLIENT_CONFIRMATION_OK"
6288,10408024095,10408024139,1,"IOTHUB_CLIENT_CONFIRMATION_OK"
6289,10408024295,10408024330,1,"IOTHUB_CLIENT_CONFIRMATION_OK"
6290,10408024495,10408024631,1,"IOTHUB_CLIENT_CONFIRMATION_OK"
6291,10408024695,10408024830,1,"IOTHUB_CLIENT_CONFIRMATION_OK"
6292,10408024895,10408024944,1,"IOTHUB_CLIENT_CONFIRMATION_OK"
6293,10408025095,10408025132,1,"IOTHUB_CLIENT_CONFIRMATION_OK"
6294,10408025296,10408025346,1,"IOTHUB_CLIENT_CONFIRMATION_OK"
6295,10408025496,10408025537,1,"IOTHUB_CLIENT_CONFIRMATION_OK"
6296,10408025696,10408025764,1,"IOTHUB_CLIENT_CONFIRMATION_OK"
6297,10408025896,10408025940,1,"IOTHUB_CLIENT_CONFIRMATION_OK"
6298,10408026096,10408026298,1,"IOTHUB_CLIENT_CONFIRMATION_OK"
6299,10408026296,10408026348,1,"IOTHUB_CLIENT_CONFIRMATION_OK"
6300,10408026496,10408026545,1,"IOTHUB_CLIENT_CONFIRMATION_OK"
6301,10408026697,10408026729,1,"IOTHUB_CLIENT_CONFIRMATION_OK"
6302,10408026897,10408026929,1,"IOTHUB_CLIENT_CONFIRMATION_OK"
6303,10408027097,10408027142,1,"IOTHUB_CLIENT_CONFIRMATION_OK"
6304,10408027297,10408027340,1,"IOTHUB_CLIENT_CONFIRMATION_OK"
6305,10408027497,10408027549,1,"IOTHUB_CLIENT_CONFIRMATION_OK"
6306,10408027697,10408027796,1,"IOTHUB_CLIENT_CONFIRMATION_OK"
6307,10408027898,10408027935,1,"IOTHUB_CLIENT_CONFIRMATION_OK"
6308,10408028098,10408028126,1,"IOTHUB_CLIENT_CONFIRMATION_OK"
6309,10408028298,10408028405,1,"IOTHUB_CLIENT_CONFIRMATION_OK"
6310,10408028498,10408028545,1,"IOTHUB_CLIENT_CONFIRMATION_OK"
6311,10408028698,10408028737,1,"IOTHUB_CLIENT_CONFIRMATION_OK"
6312,10408028898,10408029170,1,"IOTHUB_CLIENT_CONFIRMATION_OK"
6313,10408029098,10408029201,1,"IOTHUB_CLIENT_CONFIRMATION_OK"
6314,10408029299,10408029343,1,"IOTHUB_CLIENT_CONFIRMATION_OK"
6315,10408029499,10408029533,1,"IOTHUB_CLIENT_CONFIRMATION_OK"
6316,10408029699,10408029775,1,"IOTHUB_CLIENT_CONFIRMATION_OK"
6317,10408029899,10408029938,1,"IOTHUB_CLIENT_CONFIRMATION_OK"
6318,10408030099,10408030134,1,"IOTHUB_CLIENT_CONFIRMATION_OK"
6319,10408030299,10408030366,1,"IOTHUB_CLIENT_CONFIRMATION_OK"
6320,10408030500,10408030543,1,"IOTHUB_CLIENT_CONFIRMATION_OK"
6321,10408030700,10408030748,1,"IOTHUB_CLIENT_CONFIRMATION_OK"
6322,10408030900,10408030945,1,"IOTHUB_CLIENT_CONFIRMATION_OK"
6323,10408031100,10408031197,1,"IOTHUB_CLIENT_CONFIRMATION_OK"
6324,10408031300,10408031354,1,"IOTHUB_CLIENT_CONFIRMATION_OK"
6325,10408031500,10408031532,1,"IOTHUB_CLIENT_CONFIRMATION_OK"
6326,10408031700,10408031738,1,"IOTHUB_CLIENT_CONFIRMATION_OK"
6327,10408031901,10408031940,1,"IOTHUB_CLIENT_CONFIRMATION_OK"
6328,10408032101,10408032170,1,"IOTHUB_CLIENT_CONFIRMATION_OK"
6329,10408032301,10408032533,1,"IOTHUB_CLIENT_CONFIRMATION_OK"
6330,10408032501,10408032564,1,"IOTHUB_CLIENT_CONFIRMATION_OK"
6331,10408032701,10408032925,1,"IOTHUB_CLIENT_CONFIRMATION_OK"
6332,10408032901,10408033058,1,"IOTHUB_CLIENT_CONFIRMATION_OK"
6333,10408033101,10408033185,1,"IOTHUB_CLIENT_CONFIRMATION_OK"
6334,10408033302,10408033387,1,"IOTHUB_CLIENT_CONFIRMATION_OK"
6335,10408033502,10408033551,1,"IOTHUB_CLIENT_CONFIRMATION_OK"
6336,10408033702,10408033733,1,"IOTHUB_CLIENT_CONFIRMATION_OK"
6337,10408033902,10408033979,1,"IOTHUB_CLIENT_CONFIRMATION_OK"
6338,10408034102,10408034145,1,"IOTHUB_CLIENT_CONFIRMATION_OK"
6339,10408034302,10408034361,1,"IOTHUB_CLIENT_CONFIRMATION_OK"
6340,10408034503,10408034533,1,"IOTHUB_CLIENT_CONFIRMATION_OK"
6341,10408034703,10408034861,1,"IOTHUB_CLIENT_CONFIRMATION_OK"
6342,10408034903,10408034941,1,"IOTHUB_CLIENT_CONFIRMATION_OK"
6343,10408035103,10408035148,1,"IOTHUB_CLIENT_CONFIRMATION_OK"
6344,10408035303,10408035348,1,"IOTHUB_CLIENT_CONFIRMATION_OK"
6345,10408035503,10408035542,1,"IOTHUB_CLIENT_CONFIRMATION_OK"
6346,10408035703,10408035739,1,"IOTHUB_CLIENT_CONFIRMATION_OK"
6347,10408035904,10408035973,1,"IOTHUB_CLIENT_CONFIRMATION_OK"
6348,10408036104,10408036138,1,"IOTHUB_CLIENT_CONFIRMATION_OK"
6349,10408036304,10408036338,1,"IOTHUB_CLIENT_CONFIRMATION_OK"
6350,10408036504,10408036550,1,"IOTHUB_CLIENT_CONFIRMATION_OK"
6351,10408036704,10408036744,1,"IOTHUB_CLIENT_CONFIRMATION_OK"
6352,10408036904,10408036953,1,"IOTHUB_CLIENT_CONFIRMATION_OK"
6353,10408037105,10408037166,1,"IOTHUB_CLIENT_CONFIRMATION_OK"
6354,10408037305,10408037339,1,"IOTHUB_CLIENT_CONFIRMATION_OK"
6355,10408037505,10408037536,1,"IOTHUB_CLIENT_CONFIRMATION_OK"
6356,10408037705,10408037738,1,"IOTHUB_CLIENT_CONFIRMATION_OK"
6357,10408037905,10408037940,1,"IOTHUB_CLIENT_CONFIRMATION_OK"
6358,10408038105,10408038154,1,"IOTHUB_CLIENT_CONFIRMATION_OK"
6359,10408038306,10408038367,1,"IOTHUB_CLIENT_CONFIRMATION_OK"
6360,10408038506,10408038544,1,"IOTHUB_CLIENT_CONFIRMATION_OK"
6361,10408038706,10408038751,1,"IOTHUB_CLIENT_CONFIRMATION_OK"
6362,10408038906,10408038992,1,"IOTHUB_CLIENT_CONFIRMATION_OK"
6363,10408039106,10408039147,1,"IOTHUB_CLIENT_CONFIRMATION_OK"
6364,10408039306,10408039350,1,"IOTHUB_CLIENT_CONFIRMATION_OK"
6365,10408039507,10408039543,1,"IOTHUB_CLIENT_CONFIRMATION_OK"
6366,10408039707,10408039848,1,"IOTHUB_CLIENT_CONFIRMATION_OK"
6367,10408039907,10408039954,1,"IOTHUB_CLIENT_CONFIRMATION_OK"
6368,10408040107,10408040139,1,"IOTHUB_CLIENT_CONFIRMATION_OK"
6369,10408040307,10408040342,1,"IOTHUB_CLIENT_CONFIRMATION_OK"
6370,10408040507,10408040537,1,"IOTHUB_CLIENT_CONFIRMATION_OK"
6371,10408040707,10408040793,1,"IOTHUB_CLIENT_CONFIRMATION_OK"
6372,10408040908,10408040950,1,"IOTHUB_CLIENT_CONFIRMATION_OK"
6373,10408041108,10408041224,1,"IOTHUB_CLIENT_CONFIRMATION_OK"
6374,10408041308,10408041354,1,"IOTHUB_CLIENT_CONFIRMATION_OK"
6375,10408041508,10408041670,1,"IOTHUB_CLIENT_CONFIRMATION_OK"
6376,10408041708,10408041771,1,"IOTHUB_CLIENT_CONFIRMATION_OK"
6377,10408041908,10408041939,1,"IOTHUB_CLIENT_CONFIRMATION_OK"
6378,10408042109,10408042172,1,"IOTHUB_CLIENT_CONFIRMATION_OK"
6379,10408042309,10408042361,1,"IOTHUB_CLIENT_CONFIRMATION_OK"
6380,10408042509,10408042713,1,"IOTHUB_CLIENT_CONFIRMATION_OK"
6381,10408042709,10408042740,1,"IOTHUB_CLIENT_CONFIRMATION_OK"
6382,10408042909,10408042945,1,"IOTHUB_CLIENT_CONFIRMATION_OK"
6383,10408043109,10408043147,1,"IOTHUB_CLIENT_CONFIRMATION_OK"
6384,10408043310,10408043345,1,"IOTHUB_CLIENT_CONFIRMATION_OK"
6385,10408043510,10408043610,1,"IOTHUB_CLIENT_CONFIRMATION_OK"
6386,10408043710,10408043757,1,"IOTHUB_CLIENT_CONFIRMATION_OK"
6387,10408043910,10408044142,1,"IOTHUB_CLIENT_CONFIRMATION_OK"
6388,10408044110,10408044158,1,"IOTHUB_CLIENT_CONFIRMATION_OK"
6389,10408044310,10408044351,1,"IOTHUB_CLIENT_CONFIRMATION_OK"
6390,10408044510,10408044541,1,"IOTHUB_CLIENT_CONFIRMATION_OK"
6391,10408044711,10408046253,1,"IOTHUB_CLIENT_CONFIRMATION_OK"
6392,10408044911,10408046335,1,"IOTHUB_CLIENT_CONFIRMATION_OK"
6393,10408045111,10408046424,1,"IOTHUB_CLIENT_CONFIRMATION_OK"
6394,10408045311,10408046496,1,"IOTHUB_CLIENT_CONFIRMATION_OK"
6395,10408045511,10408046630,1,"IOTHUB_CLIENT_CONFIRMATION_OK"
6396,10408045711,10408046718,1,"IOTHUB_CLIENT_CONFIRMATION_OK"
6397,10408045912,10408046798,1,"IOTHUB_CLIENT_CONFIRMATION_OK"
6398,10408046112,10408046884,1,"IOTHUB_CLIENT_CONFIRMATION_OK"
6399,10408046312,10408046957,1,"IOTHUB_CLIENT_CONFIRMATION_OK"
6400,10408046512,10408047133,1,"IOTHUB_CLIENT_CONFIRMATION_OK"
6401,10408046712,10408047212,1,"IOTHUB_CLIENT_CONFIRMATION_OK"
6402,10408046912,10408047269,1,"IOTHUB_CLIENT_CONFIRMATION_OK"
6403,10408047113,10408047341,1,"IOTHUB_CLIENT_CONFIRMATION_OK"
6404,10408047313,10408047401,1,"IOTHUB_CLIENT_CONFIRMATION_OK"
6405,10408047513,10408047710,1,"IOTHUB_CLIENT_CONFIRMATION_OK"
6406,10408047713,10408047760,1,"IOTHUB_CLIENT_CONFIRMATION_OK"
6407,10408047913,10408047982,1,"IOTHUB_CLIENT_CONFIRMATION_OK"
6408,10408048113,10408048158,1,"IOTHUB_CLIENT_CONFIRMATION_OK"
6409,10408048314,10408048358,1,"IOTHUB_CLIENT_CONFIRMATION_OK"
6410,10408048514,10408048639,1,"IOTHUB_CLIENT_CONFIRMATION_OK"
6411,10408048714,10408048758,1,"IOTHUB_CLIENT_CONFIRMATION_OK"
6412,10408048914,10408049080,1,"IOTHUB_CLIENT_CONFIRMATION_OK"
6413,10408049114,10408049166,1,"IOTHUB_CLIENT_CONFIRMATION_OK"
6414,10408049314,10408049358,1,"IOTHUB_CLIENT_CONFIRMATION_OK"
6415,10408049514,10408049558,1,"IOTHUB_CLIENT_CONFIRMATION_OK"
6416,10408049715,10408049762,1,"IOTHUB_CLIENT_CONFIRMATION_OK"
6417,10408049915,10408049951,1,"IOTHUB_CLIENT_CONFIRMATION_OK"
6418,10408050115,10408050164,1,"IOTHUB_CLIENT_CONFIRMATION_OK"
6419,10408050315,10408050361,1,"IOTHUB_CLIENT_CONFIRMATION_OK"
6420,10408050515,10408050572,1,"IOTHUB_CLIENT_CONFIRMATION_OK"
6421,10408050715,10408050770,1,"IOTHUB_CLIENT_CONFIRMATION_OK"
6422,10408050915,10408051040,1,"IOTHUB_CLIENT_CONFIRMATION_OK"
6423,10408051116,10408051161,1,"IOTHUB_CLIENT_CONFIRMATION_OK"
6424,10408051316,10408051355,1,"IOTHUB_CLIENT_CONFIRMATION_OK"
6425,10408051516,10408051562,1,"IOTHUB_CLIENT_CONFIRMATION_OK"
6426,10408051716,10408051760,1,"IOTHUB_CLIENT_CONFIRMATION_OK"
6427,10408051916,10408052059,1,"IOTHUB_CLIENT_CONFIRMATION_OK"
6428,10408052116,10408052167,1,"IOTHUB_CLIENT_CONFIRMATION_OK"
6429,10408052316,10408052355,1,"IOTHUB_CLIENT_CONFIRMATION_OK"
6430,10408052517,10408052654,1,"IOTHUB_CLIENT_CONFIRMATION_OK"
6431,10408052717,10408052765,1,"IOTHUB_CLIENT_CONFIRMATION_OK"
6432,10408052917,10408052950,1,"IOTHUB_CLIENT_CONFIRMATION_OK"
6433,10408053117,10408053168,1,"IOTHUB_CLIENT_CONFIRMATION_OK"
6434,10408053317,10408053358,1,"IOTHUB_CLIENT_CONFIRMATION_OK"
6435,10408053517,10408053579,1,"IOTHUB_CLIENT_CONFIRMATION_OK"
6436,10408053717,10408053765,1,"IOTHUB_CLIENT_CONFIRMATION_OK"
6437,10408053918,10408054081,1,"IOTHUB_CLIENT_CONFIRMATION_OK"
6438,10408054118,10408054156,1,"IOTHUB_CLIENT_CONFIRMATION_OK"
6439,10408054318,10408054409,1,"IOTHUB_CLIENT_CONFIRMATION_OK"
6440,10408054518,10408054552,1,"IOTHUB_CLIENT_CONFIRMATION_OK"
6441,10408054718,10408054829,1,"IOTHUB_CLIENT_CONFIRMATION_OK"
6442,10408054918,10408054952,1,"IOTHUB_CLIENT_CONFIRMATION_OK"
6443,10408055119,10408055150,1,"IOTHUB_CLIENT_CONFIRMATION_OK"
6444,10408055319,10408055350,1,"IOTHUB_CLIENT_CONFIRMATION_OK"
6445,10408055519,10408055577,1,"IOTHUB_CLIENT_CONFIRMATION_OK"
6446,10408055719,10408055755,1,"IOTHUB_CLIENT_CONFIRMATION_OK"
6447,10408055919,10408055953,1,"IOTHUB_CLIENT_CONFIRMATION_OK"
6448,10408056119,10408056164,1,"IOTHUB_CLIENT_CONFIRMATION_OK"
6449,10408056320,10408056358,1,"IOTHUB_CLIENT_CONFIRMATION_OK"
6450,10408056520,10408056612,1,"IOTHUB_CLIENT_CONFIRMATION_OK"
6451,10408056720,10408056772,1,"IOTHUB_CLIENT_CONFIRMATION_OK"
6452,10408056920,10408056962,1,"IOTHUB_CLIENT_CONFIRMATION_OK"
6453,10408057120,10408057162,1,"IOTHUB_CLIENT_CONFIRMATION_OK"
6454,10408057320,10408057399,1,"IOTHUB_CLIENT_CONFIRMATION_OK"
6455,10408057520,10408057604,1,"IOTHUB_CLIENT_CONFIRMATION_OK"
6456,10408057721,10408057776,1,"IOTHUB_CLIENT_CONFIRMATION_OK"
6457,10408057921,10408057990,1,"IOTHUB_CLIENT_CONFIRMATION_OK"
6458,10408058121,10408058154,1,"IOTHUB_CLIENT_CONFIRMATION_OK"
6459,10408058321,10408058447,1,"IOTHUB_CLIENT_CONFIRMATION_OK"
6460,10408058521,10408058557,1,"IOTHUB_CLIENT_CONFIRMATION_OK"
6461,10408058721,10408058759,1,"IOTHUB_CLIENT_CONFIRMATION_OK"
6462,10408058922,10408059012,1,"IOTHUB_CLIENT_CONFIRMATION_OK"
6463,10408059122,10408059155,1,"IOTHUB_CLIENT_CONFIRMATION_OK"
6464,10408059322,10408059373,1,"IOTHUB_CLIENT_CONFIRMATION_OK"
6465,10408059522,10408059565,1,"IOTHUB_CLIENT_CONFIRMATION_OK"
6466,10408059722,10408059888,1,"IOTHUB_CLIENT_CONFIRMATION_OK"
6467,10408059922,10408060005,1,"IOTHUB_CLIENT_CONFIRMATION_OK"
6468,10408060122,10408060188,1,"IOTHUB_CLIENT_CONFIRMATION_OK"
6469,10408060323,10408060363,1,"IOTHUB_CLIENT_CONFIRMATION_OK"
6470,10408060523,10408060554,1,"IOTHUB_CLIENT_CONFIRMATION_OK"
6471,10408060723,10408060757,1,"IOTHUB_CLIENT_CONFIRMATION_OK"
6472,10408060923,10408060970,1,"IOTHUB_CLIENT_CONFIRMATION_OK"
6473,10408061123,10408061290,1,"IOTHUB_CLIENT_CONFIRMATION_OK"
6474,10408061323,10408061367,1,"IOTHUB_CLIENT_CONFIRMATION_OK"
6475,10408061523,10408061557,1,"IOTHUB_CLIENT_CONFIRMATION_OK"
6476,10408061724,10408061761,1,"IOTHUB_CLIENT_CONFIRMATION_OK"
6477,10408061924,10408062014,1,"IOTHUB_CLIENT_CONFIRMATION_OK"
6478,10408062124,10408062188,1,"IOTHUB_CLIENT_CONFIRMATION_OK"
6479,10408062324,10408062587,1,"IOTHUB_CLIENT_CONFIRMATION_OK"
6480,10408062524,10408062718,1,"IOTHUB_CLIENT_CONFIRMATION_OK"
6481,10408062724,10408062777,1,"IOTHUB_CLIENT_CONFIRMATION_OK"
6482,10408062925,10408062969,1,"IOTHUB_CLIENT_CONFIRMATION_OK"
6483,10408063125,10408063172,1,"IOTHUB_CLIENT_CONFIRMATION_OK"
6484,10408063325,10408063362,1,"IOTHUB_CLIENT_CONFIRMATION_OK"
6485,10408063525,10408063563,1,"IOTHUB_CLIENT_CONFIRMATION_OK"
6486,10408063725,10408063778,1,"IOTHUB_CLIENT_CONFIRMATION_OK"
6487,10408063925,10408064130,1,"IOTHUB_CLIENT_CONFIRMATION_OK"
6488,10408064125,10408064160,1,"IOTHUB_CLIENT_CONFIRMATION_OK"
6489,10408064326,10408064365,1,"IOTHUB_CLIENT_CONFIRMATION_OK"
6490,10408064526,10408064583,1,"IOTHUB_CLIENT_CONFIRMATION_OK"
6491,10408064726,10408064780,1,"IOTHUB_CLIENT_CONFIRMATION_OK"
6492,10408064926,10408065005,1,"IOTHUB_CLIENT_CONFIRMATION_OK"
6493,10408065126,10408065178,1,"IOTHUB_CLIENT_CONFIRMATION_OK"
6494,10408065326,10408065384,1,"IOTHUB_CLIENT_CONFIRMATION_OK"
6495,10408065527,10408065577,1,"IOTHUB_CLIENT_CONFIRMATION_OK"
6496,10408065727,10408065760,1,"IOTHUB_CLIENT_CONFIRMATION_OK"
6497,10408065927,10408065991,1,"IOTHUB_CLIENT_CONFIRMATION_OK"
6498,10408066127,10408066159,1,"IOTHUB_CLIENT_CONFIRMATION_OK"
6499,10408066327,10408066397,1,"IOTHUB_CLIENT_CONFIRMATION_OK"
6500,10408066527,10408066606,1,"IOTHUB_CLIENT_CONFIRMATION_OK"
6501,10408066727,10408066773,1,"IOTHUB_CLIENT_CONFIRMATION_OK"
6502,10408066928,10408066999,1,"IOTHUB_CLIENT_CONFIRMATION_OK"
6503,10408067128,10408067195,1,"IOTHUB_CLIENT_CONFIRMATION_OK"
6504,10408067328,10408067374,1,"IOTHUB_CLIENT_CONFIRMATION_OK"
6505,10408067528,10408067631,1,"IOTHUB_CLIENT_CONFIRMATION_OK"
6506,10408067728,10408067760,1,"IOTHUB_CLIENT_CONFIRMATION_OK"
6507,10408067928,10408067984,1,"IOTHUB_CLIENT_CONFIRMATION_OK"
6508,10408068129,10408068180,1,"IOTHUB_CLIENT_CONFIRMATION_OK"
6509,10408068329,10408068377,1,"IOTHUB_CLIENT_CONFIRMATION_OK"
6510,10408068529,10408068573,1,"IOTHUB_CLIENT_CONFIRMATION_OK"
6511,10408068729,10408068759,1,"IOTHUB_CLIENT_CONFIRMATION_OK"
6512,10408068929,10408069082,1,"IOTHUB_CLIENT_CONFIRMATION_OK"
6513,10408069129,10408069170,1,"IOTHUB_CLIENT_CONFIRMATION_OK"
6514,10408069329,10408069397,1,"IOTHUB_CLIENT_CONFIRMATION_OK"
6515,10408069530,10408069580,1,"IOTHUB_CLIENT_CONFIRMATION_OK"
6516,10408069730,10408069766,1,"IOTHUB_CLIENT_CONFIRMATION_OK"
6517,10408069930,10408069976,1,"IOTHUB_CLIENT_CONFIRMATION_OK"
6518,10408070130,10408070207,1,"IOTHUB_CLIENT_CONFIRMATION_OK"
6519,10408070330,10408070383,1,"IOTHUB_CLIENT_CONFIRMATION_OK"
6520,10408070530,10408070583,1,"IOTHUB_CLIENT_CONFIRMATION_OK"
6521,10408070731,10408070767,1,"IOTHUB_CLIENT_CONFIRMATION_OK"
6522,10408070931,10408070992,1,"IOTHUB_CLIENT_CONFIRMATION_OK"
6523,10408071131,10408071175,1,"IOTHUB_CLIENT_CONFIRMATION_OK"
6524,10408071331,10408071387,1,"IOTHUB_CLIENT_CONFIRMATION_OK"
6525,10408071531,10408071605,1,"IOTHUB_CLIENT_CONFIRMATION_OK"
6526,10408071731,10408071784,1,"IOTHUB_CLIENT_CONFIRMATION_OK"
6527,10408071932,10408071982,1,"IOTHUB_CLIENT_CONFIRMATION_OK"
6528,10408072132,10408072176,1,"IOTHUB_CLIENT_CONFIRMATION_OK"
6529,10408072332,10408072374,1,"IOTHUB_CLIENT_CONFIRMATION_OK"
6530,10408072532,10408072584,1,"IOTHUB_CLIENT_CONFIRMATION_OK"
6531,10408072732,10408072764,1,"IOTHUB_CLIENT_CONFIRMATION_OK"
6532,10408072932,10408072988,1,"IOTHUB_CLIENT_CONFIRMATION_OK"
6533,10408073133,10408073175,1,"IOTHUB_CLIENT_CONFIRMATION_OK"
6534,10408073333,10408073388,1,"IOTHUB_CLIENT_CONFIRMATION_OK"
6535,10408073533,10408073592,1,"IOTHUB_CLIENT_CONFIRMATION_OK"
6536,10408073733,10408073782,1,"IOTHUB_CLIENT_CONFIRMATION_OK"
6537,10408073933,10408073984,1,"IOTHUB_CLIENT_CONFIRMATION_OK"
6538,10408074133,10408074180,1,"IOTHUB_CLIENT_CONFIRMATION_OK"
6539,10408074333,10408074366,1,"IOTHUB_CLIENT_CONFIRMATION_OK"
6540,10408074534,10408074598,1,"IOTHUB_CLIENT_CONFIRMATION_OK"
6541,10408074734,10408074826,1,"IOTHUB_CLIENT_CONFIRMATION_OK"
6542,10408074934,10408074973,1,"IOTHUB_CLIENT_CONFIRMATION_OK"
6543,10408075134,10408075181,1,"IOTHUB_CLIENT_CONFIRMATION_OK"
6544,10408075334,10408075372,1,"IOTHUB_CLIENT_CONFIRMATION_OK"
6545,10408075534,10408075619,1,"IOTHUB_CLIENT_CONFIRMATION_OK"
6546,10408075735,10408075780,1,"IOTHUB_CLIENT_CONFIRMATION_OK"
6547,10408075935,10408075997,1,"IOTHUB_CLIENT_CONFIRMATION_OK"
6548,10408076135,10408076237,1,"IOTHUB_CLIENT_CONFIRMATION_OK"
6549,10408076335,10408076375,1,"IOTHUB_CLIENT_CONFIRMATION_OK"
6550,10408076535,10408076594,1,"IOTHUB_CLIENT_CONFIRMATION_OK"
6551,10408076735,10408076880,1,"IOTHUB_CLIENT_CONFIRMATION_OK"
6552,10408076936,10408077115,1,"IOTHUB_CLIENT_CONFIRMATION_OK"
6553,10408077136,10408077186,1,"IOTHUB_CLIENT_CONFIRMATION_OK"
6554,10408077336,10408077379,1,"IOTHUB_CLIENT_CONFIRMATION_OK"
6555,10408077536,10408077726,1,"IOTHUB_CLIENT_CONFIRMATION_OK"
6556,10408077736,10408077779,1,"IOTHUB_CLIENT_CONFIRMATION_OK"
6557,10408077936,10408077985,1,"IOTHUB_CLIENT_CONFIRMATION_OK"
6558,10408078137,10408078190,1,"IOTHUB_CLIENT_CONFIRMATION_OK"
6559,10408078337,10408078378,1,"IOTHUB_CLIENT_CONFIRMATION_OK"
6560,10408078537,10408078578,1,"IOTHUB_CLIENT_CONFIRMATION_OK"
6561,10408078737,10408078770,1,"IOTHUB_CLIENT_CONFIRMATION_OK"
6562,10408078937,10408079140,1,"IOTHUB_CLIENT_CONFIRMATION_OK"
6563,10408079137,10408079189,1,"IOTHUB_CLIENT_CONFIRMATION_OK"
6564,10408079337,10408079372,1,"IOTHUB_CLIENT_CONFIRMATION_OK"
6565,10408079538,10408079605,1,"IOTHUB_CLIENT_CONFIRMATION_OK"
6566,10408079738,10408079800,1,"IOTHUB_CLIENT_CONFIRMATION_OK"
6567,10408079938,10408079971,1,"IOTHUB_CLIENT_CONFIRMATION_OK"
6568,10408080138,10408080175,1,"IOTHUB_CLIENT_CONFIRMATION_OK"
6569,10408080338,10408080376,1,"IOTHUB_CLIENT_CONFIRMATION_OK"
6570,10408080538,10408080569,1,"IOTHUB_CLIENT_CONFIRMATION_OK"
6571,10408080738,10408080776,1,"IOTHUB_CLIENT_CONFIRMATION_OK"
6572,10408080939,10408080997,1,"IOTHUB_CLIENT_CONFIRMATION_OK"
6573,10408081139,10408081183,1,"IOTHUB_CLIENT_CONFIRMATION_OK"
6574,10408081339,10408081371,1,"IOTHUB_CLIENT_CONFIRMATION_OK"
6575,10408081539,10408081573,1,"IOTHUB_CLIENT_CONFIRMATION_OK"
6576,10408081739,10408081796,1,"IOTHUB_CLIENT_CONFIRMATION_OK"
6577,10408081939,10408081983,1,"IOTHUB_CLIENT_CONFIRMATION_OK"
6578,10408082140,10408082179,1,"IOTHUB_CLIENT_CONFIRMATION_OK"
6579,10408082340,10408082379,1,"IOTHUB_CLIENT_CONFIRMATION_OK"
6580,10408082540,10408082584,1,"IOTHUB_CLIENT_CONFIRMATION_OK"
6581,10408082740,10408082775,1,"IOTHUB_CLIENT_CONFIRMATION_OK"
6582,10408082940,10408083000,1,"IOTHUB_CLIENT_CONFIRMATION_OK"
6583,10408083140,10408083229,1,"IOTHUB_CLIENT_CONFIRMATION_OK"
6584,10408083340,10408083425,1,"IOTHUB_CLIENT_CONFIRMATION_OK"
6585,10408083541,10408083587,1,"IOTHUB_CLIENT_CONFIRMATION_OK"
6586,10408083741,10408083775,1,"IOTHUB_CLIENT_CONFIRMATION_OK"
6587,10408083941,10408084060,1,"IOTHUB_CLIENT_CONFIRMATION_OK"
6588,10408084141,10408084212,1,"IOTHUB_CLIENT_CONFIRMATION_OK"
6589,10408084341,10408084405,1,"IOTHUB_CLIENT_CONFIRMATION_OK"
6590,10408084541,10408084597,1,"IOTHUB_CLIENT_CONFIRMATION_OK"
6591,10408084742,10408084829,1,"IOTHUB_CLIENT_CONFIRMATION_OK"
6592,10408084942,10408084978,1,"IOTHUB_CLIENT_CONFIRMATION_OK"
6593,10408085142,10408085194,1,"IOTHUB_CLIENT_CONFIRMATION_OK"
6594,10408085342,10408085400,1,"IOTHUB_CLIENT_CONFIRMATION_OK"
6595,10408085542,10408085592,1,"IOTHUB_CLIENT_CONFIRMATION_OK"
6596,10408085742,10408085794,1,"IOTHUB_CLIENT_CONFIRMATION_OK"
6597,10408085942,10408086030,1,"IOTHUB_CLIENT_CONFIRMATION_OK"
6598,10408086143,10408086275,1,"IOTHUB_CLIENT_CONFIRMATION_OK"
6599,10408086343,10408086402,1,"IOTHUB_CLIENT_CONFIRMATION_OK"
6600,10408086543,10408086610,1,"IOTHUB_CLIENT_CONFIRMATION_OK"
6601,10408086743,10408086776,1,"IOTHUB_CLIENT_CONFIRMATION_OK"
6602,10408086943,10408087049,1,"IOTHUB_CLIENT_CONFIRMATION_OK"
6603,10408087143,10408087178,1,"IOTHUB_CLIENT_CONFIRMATION_OK"
6604,10408087343,10408087395,1,"IOTHUB_CLIENT_CONFIRMATION_OK"
6605,10408087544,10408087675,1,"IOTHUB_CLIENT_CONFIRMATION_OK"
6606,10408087744,10408087790,1,"IOTHUB_CLIENT_CONFIRMATION_OK"
6607,10408087944,10408088003,1,"IOTHUB_CLIENT_CONFIRMATION_OK"
6608,10408088144,10408088178,1,"IOTHUB_CLIENT_CONFIRMATION_OK"
6609,10408088344,10408088383,1,"IOTHUB_CLIENT_CONFIRMATION_OK"
6610,10408088544,10408088578,1,"IOTHUB_CLIENT_CONFIRMATION_OK"
6611,10408088745,10408088791,1,"IOTHUB_CLIENT_CONFIRMATION_OK"
6612,10408088945,10408089133,1,"IOTHUB_CLIENT_CONFIRMATION_OK"
6613,10408089145,10408089187,1,"IOTHUB_CLIENT_CONFIRMATION_OK"
6614,10408089345,10408089397,1,"IOTHUB_CLIENT_CONFIRMATION_OK"
6615,10408089545,10408089616,1,"IOTHUB_CLIENT_CONFIRMATION_OK"
6616,10408089745,10408089803,1,"IOTHUB_CLIENT_CONFIRMATION_OK"
6617,10408089946,10408090035,1,"IOTHUB_CLIENT_CONFIRMATION_OK"
6618,10408090146,10408090179,1,"IOTHUB_CLIENT_CONFIRMATION_OK"
6619,10408090346,10408090399,1,"IOTHUB_CLIENT_CONFIRMATION_OK"
6620,10408090546,10408090598,1,"IOTHUB_CLIENT_CONFIRMATION_OK"
6621,10408090746,10408090789,1,"IOTHUB_CLIENT_CONFIRMATION_OK"
6622,10408090946,10408091000,1,"IOTHUB_CLIENT_CONFIRMATION_OK"
6623,10408091147,10408091205,1,"IOTHUB_CLIENT_CONFIRMATION_OK"
6624,10408091347,10408091385,1,"IOTHUB_CLIENT_CONFIRMATION_OK"
6625,10408091547,10408091586,1,"IOTHUB_CLIENT_CONFIRMATION_OK"
6626,10408091747,10408091783,1,"IOTHUB_CLIENT_CONFIRMATION_OK"
6627,10408091947,10408092043,1,"IOTHUB_CLIENT_CONFIRMATION_OK"
6628,10408092147,10408092185,1,"IOTHUB_CLIENT_CONFIRMATION_OK"
6629,10408092347,10408092392,1,"IOTHUB_CLIENT_CONFIRMATION_OK"
6630,10408092548,10408092680,1,"IOTHUB_CLIENT_CONFIRMATION_OK"
6631,10408092748,10408092794,1,"IOTHUB_CLIENT_CONFIRMATION_OK"
6632,10408092948,10408093030,1,"IOTHUB_CLIENT_CONFIRMATION_OK"
6633,10408093148,10408093188,1,"IOTHUB_CLIENT_CONFIRMATION_OK"
6634,10408093348,10408093385,1,"IOTHUB_CLIENT_CONFIRMATION_OK"
6635,10408093548,10408093586,1,"IOTHUB_CLIENT_CONFIRMATION_OK"
6636,10408093749,10408093826,1,"IOTHUB_CLIENT_CONFIRMATION_OK"
6637,10408093949,10408094081,1,"IOTHUB_CLIENT_CONFIRMATION_OK"
6638,10408094149,10408094180,1,"IOTHUB_CLIENT_CONFIRMATION_OK"
6639,10408094349,10408094389,1,"IOTHUB_CLIENT_CONFIRMATION_OK"
6640,10408094549,10408094583,1,"IOTHUB_CLIENT_CONFIRMATION_OK"
6641,10408094749,10408094798,1,"IOTHUB_CLIENT_CONFIRMATION_OK"
6642,10408094949,10408094997,1,"IOTHUB_CLIENT_CONFIRMATION_OK"
6643,10408095150,10408095189,1,"IOTHUB_CLIENT_CONFIRMATION_OK"
6644,10408095350,10408095502,1,"IOTHUB_CLIENT_CONFIRMATION_OK"
6645,10408095550,10408095669,1,"IOTHUB_CLIENT_CONFIRMATION_OK"
6646,10408095750,10408095786,1,"IOTHUB_CLIENT_CONFIRMATION_OK"
6647,10408095950,10408095987,1,"IOTHUB_CLIENT_CONFIRMATION_OK"
6648,10408096150,10408096190,1,"IOTHUB_CLIENT_CONFIRMATION_OK"
6649,10408096351,10408096401,1,"IOTHUB_CLIENT_CONFIRMATION_OK"
6650,10408096551,10408096594,1,"IOTHUB_CLIENT_CONFIRMATION_OK"
6651,10408096751,10408096831,1,"IOTHUB_CLIENT_CONFIRMATION_OK"
6652,10408096951,10408096990,1,"IOTHUB_CLIENT_CONFIRMATION_OK"
6653,10408097151,10408097191,1,"IOTHUB_CLIENT_CONFIRMATION_OK"
6654,10408097351,10408097384,1,"IOTHUB_CLIENT_CONFIRMATION_OK"
6655,10408097551,10408097601,1,"IOTHUB_CLIENT_CONFIRMATION_OK"
6656,10408097752,10408097795,1,"IOTHUB_CLIENT_CONFIRMATION_OK"
6657,10408097952,10408098009,1,"IOTHUB_CLIENT_CONFIRMATION_OK"
6658,10408098152,10408098191,1,"IOTHUB_CLIENT_CONFIRMATION_OK"
6659,10408098352,10408098456,1,"IOTHUB_CLIENT_CONFIRMATION_OK"
6660,10408098552,10408098604,1,"IOTHUB_CLIENT_CONFIRMATION_OK"
6661,10408098752,10408098789,1,"IOTHUB_CLIENT_CONFIRMATION_OK"
6662,10408098953,10408099053,1,"IOTHUB_CLIENT_CONFIRMATION_OK"
6663,10408099153,10408099213,1,"IOTHUB_CLIENT_CONFIRMATION_OK"
6664,10408099353,10408099406,1,"IOTHUB_CLIENT_CONFIRMATION_OK"
6665,10408099553,10408099591,1,"IOTHUB_CLIENT_CONFIRMATION_OK"
6666,10408099753,10408099910,1,"IOTHUB_CLIENT_CONFIRMATION_OK"
6667,10408099953,10408100005,1,"IOTHUB_CLIENT_CONFIRMATION_OK"
6668,10408100153,10408100183,1,"IOTHUB_CLIENT_CONFIRMATION_OK"
6669,10408100354,10408100384,1,"IOTHUB_CLIENT_CONFIRMATION_OK"
6670,10408100554,10408100606,1,"IOTHUB_CLIENT_CONFIRMATION_OK"
6671,10408100754,10408100787,1,"IOTHUB_CLIENT_CONFIRMATION_OK"
6672,10408100954,10408100998,1,"IOTHUB_CLIENT_CONFIRMATION_OK"
6673,10408101154,10408101309,1,"IOTHUB_CLIENT_CONFIRMATION_OK"
6674,10408101354,10408101398,1,"IOTHUB_CLIENT_CONFIRMATION_OK"
6675,10408101555,10408101601,1,"IOTHUB_CLIENT_CONFIRMATION_OK"
6676,10408101755,10408101808,1,"IOTHUB_CLIENT_CONFIRMATION_OK"
6677,10408101955,10408102027,1,"IOTHUB_CLIENT_CONFIRMATION_OK"
6678,10408102155,10408102204,1,"IOTHUB_CLIENT_CONFIRMATION_OK"
6679,10408102355,10408102396,1,"IOTHUB_CLIENT_CONFIRMATION_OK"
6680,10408102555,10408102600,1,"IOTHUB_CLIENT_CONFIRMATION_OK"
6681,10408102756,10408102800,1,"IOTHUB_CLIENT_CONFIRMATION_OK"
6682,10408102956,10408102999,1,"IOTHUB_CLIENT_CONFIRMATION_OK"
6683,10408103156,10408103203,1,"IOTHUB_CLIENT_CONFIRMATION_OK"
6684,10408103356,10408103395,1,"IOTHUB_CLIENT_CONFIRMATION_OK"
6685,10408103556,10408103600,1,"IOTHUB_CLIENT_CONFIRMATION_OK"
6686,10408103756,10408103818,1,"IOTHUB_CLIENT_CONFIRMATION_OK"
6687,10408103957,10408104171,1,"IOTHUB_CLIENT_CONFIRMATION_OK"
6688,10408104157,10408104206,1,"IOTHUB_CLIENT_CONFIRMATION_OK"
6689,10408104357,10408104404,1,"IOTHUB_CLIENT_CONFIRMATION_OK"
6690,10408104557,10408104592,1,"IOTHUB_CLIENT_CONFIRMATION_OK"
6691,10408104757,10408104913,1,"IOTHUB_CLIENT_CONFIRMATION_OK"
6692,10408104957,10408104999,1,"IOTHUB_CLIENT_CONFIRMATION_OK"
6693,10408105157,10408105199,1,"IOTHUB_CLIENT_CONFIRMATION_OK"
6694,10408105358,10408105393,1,"IOTHUB_CLIENT_CONFIRMATION_OK"
6695,10408105558,10408105623,1,"IOTHUB_CLIENT_CONFIRMATION_OK"
6696,10408105758,10408105806,1,"IOTHUB_CLIENT_CONFIRMATION_OK"
6697,10408105958,10408106004,1,"IOTHUB_CLIENT_CONFIRMATION_OK"
6698,10408106158,10408106251,1,"IOTHUB_CLIENT_CONFIRMATION_OK"
6699,10408106358,10408106393,1,"IOTHUB_CLIENT_CONFIRMATION_OK"
6700,10408106559,10408106600,1,"IOTHUB_CLIENT_CONFIRMATION_OK"
6701,10408106759,10408106829,1,"IOTHUB_CLIENT_CONFIRMATION_OK"
6702,10408106959,10408107030,1,"IOTHUB_CLIENT_CONFIRMATION_OK"
6703,10408107159,10408107210,1,"IOTHUB_CLIENT_CONFIRMATION_OK"
6704,10408107359,10408107420,1,"IOTHUB_CLIENT_CONFIRMATION_OK"
6705,10408107559,10408107646,1,"IOTHUB_CLIENT_CONFIRMATION_OK"
6706,10408107760,10408107799,1,"IOTHUB_CLIENT_CONFIRMATION_OK"
6707,10408107960,10408108024,1,"IOTHUB_CLIENT_CONFIRMATION_OK"
6708,10408108160,10408108214,1,"IOTHUB_CLIENT_CONFIRMATION_OK"
6709,10408108360,10408108459,1,"IOTHUB_CLIENT_CONFIRMATION_OK"
6710,10408108560,10408108593,1,"IOTHUB_CLIENT_CONFIRMATION_OK"
6711,10408108760,10408108810,1,"IOTHUB_CLIENT_CONFIRMATION_OK"
6712,10408108961,10408109050,1,"IOTHUB_CLIENT_CONFIRMATION_OK"
6713,10408109161,10408109211,1,"IOTHUB_CLIENT_CONFIRMATION_OK"
6714,10408109361,10408109416,1,"IOTHUB_CLIENT_CONFIRMATION_OK"
6715,10408109561,10408109609,1,"IOTHUB_CLIENT_CONFIRMATION_OK"
6716,10408109761,10408109880,1,"IOTHUB_CLIENT_CONFIRMATION_OK"
6717,10408109961,10408109995,1,"IOTHUB_CLIENT_CONFIRMATION_OK"
6718,10408110161,10408110218,1,"IOTHUB_CLIENT_CONFIRMATION_OK"
6719,10408110362,10408110403,1,"IOTHUB_CLIENT_CONFIRMATION_OK"
6720,10408110562,10408110598,1,"IOTHUB_CLIENT_CONFIRMATION_OK"
6721,10408110762,10408110803,1,"IOTHUB_CLIENT_CONFIRMATION_OK"
6722,10408110962,10408111008,1,"IOTHUB_CLIENT_CONFIRMATION_OK"
6723,10408111162,10408111291,1,"IOTHUB_CLIENT_CONFIRMATION_OK"
6724,10408111362,10408111449,1,"IOTHUB_CLIENT_CONFIRMATION_OK"
6725,10408111563,10408111607,1,"IOTHUB_CLIENT_CONFIRMATION_OK"
6726,10408111763,10408111830,1,"IOTHUB_CLIENT_CONFIRMATION_OK"
6727,10408111963,10408112016,1,"IOTHUB_CLIENT_CONFIRMATION_OK"
6728,10408112163,10408112201,1,"IOTHUB_CLIENT_CONFIRMATION_OK"
6729,10408112363,10408112439,1,"IOTHUB_CLIENT_CONFIRMATION_OK"
6730,10408112563,10408112799,1,"IOTHUB_CLIENT_CONFIRMATION_OK"
6731,10408112763,10408112828,1,"IOTHUB_CLIENT_CONFIRMATION_OK"
6732,10408112964,10408113027,1,"IOTHUB_CLIENT_CONFIRMATION_OK"
6733,10408113164,10408113207,1,"IOTHUB_CLIENT_CONFIRMATION_OK"
6734,10408113364,10408113413,1,"IOTHUB_CLIENT_CONFIRMATION_OK"
6735,10408113564,10408113609,1,"IOTHUB_CLIENT_CONFIRMATION_OK"
6736,10408113764,10408113824,1,"IOTHUB_CLIENT_CONFIRMATION_OK"
6737,10408113964,10408113995,1,"IOTHUB_CLIENT_CONFIRMATION_OK"
6738,10408114165,10408114206,1,"IOTHUB_CLIENT_CONFIRMATION_OK"
6739,10408114365,10408114404,1,"IOTHUB_CLIENT_CONFIRMATION_OK"
6740,10408114565,10408114653,1,"IOTHUB_CLIENT_CONFIRMATION_OK"
6741,10408114765,10408114909,1,"IOTHUB_CLIENT_CONFIRMATION_OK"
6742,10408114965,10408115006,1,"IOTHUB_CLIENT_CONFIRMATION_OK"
6743,10408115165,10408115202,1,"IOTHUB_CLIENT_CONFIRMATION_OK"
6744,10408115365,10408115399,1,"IOTHUB_CLIENT_CONFIRMATION_OK"
6745,10408115566,10408115627,1,"IOTHUB_CLIENT_CONFIRMATION_OK"
6746,10408115766,10408115811,1,"IOTHUB_CLIENT_CONFIRMATION_OK"
6747,10408115966,10408116013,1,"IOTHUB_CLIENT_CONFIRMATION_OK"
6748,10408116166,10408116332,1,"IOTHUB_CLIENT_CONFIRMATION_OK"
6749,10408116366,10408116418,1,"IOTHUB_CLIENT_CONFIRMATION_OK"
6750,10408116566,10408116600,1,"IOTHUB_CLIENT_CONFIRMATION_OK"
6751,10408116767,10408116815,1,"IOTHUB_CLIENT_CONFIRMATION_OK"
6752,10408116967,10408117017,1,"IOTHUB_CLIENT_CONFIRMATION_OK"
6753,10408117167,10408117200,1,"IOTHUB_CLIENT_CONFIRMATION_OK"
6754,10408117367,10408117436,1,"IOTHUB_CLIENT_CONFIRMATION_OK"
6755,10408117567,10408117867,1,"IOTHUB_CLIENT_CONFIRMATION_OK"
6756,10408117767,10408117916,1,"IOTHUB_CLIENT_CONFIRMATION_OK"
6757,10408117968,10408118059,1,"IOTHUB_CLIENT_CONFIRMATION_OK"
6758,10408118168,10408118231,1,"IOTHUB_CLIENT_CONFIRMATION_OK"
6759,10408118368,10408118404,1,"IOTHUB_CLIENT_CONFIRMATION_OK"
6760,10408118568,10408118606,1,"IOTHUB_CLIENT_CONFIRMATION_OK"
6761,10408118768,10408118809,1,"IOTHUB_CLIENT_CONFIRMATION_OK"
6762,10408118968,10408119192,1,"IOTHUB_CLIENT_CONFIRMATION_OK"
6763,10408119168,10408119220,1,"IOTHUB_CLIENT_CONFIRMATION_OK"
6764,10408119369,10408119443,1,"IOTHUB_CLIENT_CONFIRMATION_OK"
6765,10408119569,10408119610,1,"IOTHUB_CLIENT_CONFIRMATION_OK"
6766,10408119769,10408119825,1,"IOTHUB_CLIENT_CONFIRMATION_OK"
6767,10408119969,10408120044,1,"IOTHUB_CLIENT_CONFIRMATION_OK"
6768,10408120169,10408120229,1,"IOTHUB_CLIENT_CONFIRMATION_OK"
6769,10408120369,10408120404,1,"IOTHUB_CLIENT_CONFIRMATION_OK"
6770,10408120570,10408120599,1,"IOTHUB_CLIENT_CONFIRMATION_OK"
6771,10408120770,10408120804,1,"IOTHUB_CLIENT_CONFIRMATION_OK"
6772,10408120970,10408121007,1,"IOTHUB_CLIENT_CONFIRMATION_OK"
6773,10408121170,10408121251,1,"IOTHUB_CLIENT_CONFIRMATION_OK"
6774,10408121370,10408121401,1,"IOTHUB_CLIENT_CONFIRMATION_OK"
6775,10408121570,10408121614,1,"IOTHUB_CLIENT_CONFIRMATION_OK"
6776,10408121770,10408121820,1,"IOTHUB_CLIENT_CONFIRMATION_OK"
6777,10408121971,10408122023,1,"IOTHUB_CLIENT_CONFIRMATION_OK"
6778,10408122171,10408122200,1,"IOTHUB_CLIENT_CONFIRMATION_OK"
6779,10408122371,10408122404,1,"IOTHUB_CLIENT_CONFIRMATION_OK"
6780,10408122571,10408122711,1,"IOTHUB_CLIENT_CONFIRMATION_OK"
6781,10408122771,10408122820,1,"IOTHUB_CLIENT_CONFIRMATION_OK"
6782,10408122971,10408123032,1,"IOTHUB_CLIENT_CONFIRMATION_OK"
6783,10408123172,10408123206,1,"IOTHUB_CLIENT_CONFIRMATION_OK"
6784,10408123372,10408123419,1,"IOTHUB_CLIENT_CONFIRMATION_OK"
6785,10408123572,10408123636,1,"IOTHUB_CLIENT_CONFIRMATION_OK"
6786,10408123772,10408123859,1,"IOTHUB_CLIENT_CONFIRMATION_OK"
6787,10408123972,10408124094,1,"IOTHUB_CLIENT_CONFIRMATION_OK"
6788,10408124172,10408124206,1,"IOTHUB_CLIENT_CONFIRMATION_OK"
6789,10408124373,10408124408,1,"IOTHUB_CLIENT_CONFIRMATION_OK"
6790,10408124573,10408124613,1,"IOTHUB_CLIENT_CONFIRMATION_OK"
6791,10408124773,10408124811,1,"IOTHUB_CLIENT_CONFIRMATION_OK"
6792,10408124973,10408125016,1,"IOTHUB_CLIENT_CONFIRMATION_OK"
6793,10408125173,10408125208,1,"IOTHUB_CLIENT_CONFIRMATION_OK"
6794,10408125373,10408125417,1,"IOTHUB_CLIENT_CONFIRMATION_OK"
6795,10408125573,10408125611,1,"IOTHUB_CLIENT_CONFIRMATION_OK"
6796,10408125774,10408125807,1,"IOTHUB_CLIENT_CONFIRMATION_OK"
6797,10408125974,10408126052,1,"IOTHUB_CLIENT_CONFIRMATION_OK"
6798,10408126174,10408126207,1,"IOTHUB_CLIENT_CONFIRMATION_OK"
6799,10408126374,10408126431,1,"IOTHUB_CLIENT_CONFIRMATION_OK"
6800,10408126574,10408126651,1,"IOTHUB_CLIENT_CONFIRMATION_OK"
6801,10408126774,10408126810,1,"IOTHUB_CLIENT_CONFIRMATION_OK"
6802,10408126975,10408127074,1,"IOTHUB_CLIENT_CONFIRMATION_OK"
6803,10408127175,10408127222,1,"IOTHUB_CLIENT_CONFIRMATION_OK"
6804,10408127375,10408127410,1,"IOTHUB_CLIENT_CONFIRMATION_OK"
6805,10408127575,10408127745,1,"IOTHUB_CLIENT_CONFIRMATION_OK"
6806,10408127775,10408127812,1,"IOTHUB_CLIENT_CONFIRMATION_OK"
6807,10408127975,10408128023,1,"IOTHUB_CLIENT_CONFIRMATION_OK"
6808,10408128176,10408128210,1,"IOTHUB_CLIENT_CONFIRMATION_OK"
6809,10408128376,10408128422,1,"IOTHUB_CLIENT_CONFIRMATION_OK"
6810,10408128576,10408128610,1,"IOTHUB_CLIENT_CONFIRMATION_OK"
6811,10408128776,10408128814,1,"IOTHUB_CLIENT_CONFIRMATION_OK"
6812,10408128976,10408129136,1,"IOTHUB_CLIENT_CONFIRMATION_OK"
6813,10408129176,10408129206,1,"IOTHUB_CLIENT_CONFIRMATION_OK"
6814,10408129376,10408129411,1,"IOTHUB_CLIENT_CONFIRMATION_OK"
6815,10408129577,10408129616,1,"IOTHUB_CLIENT_CONFIRMATION_OK"
6816,10408129777,10408129812,1,"IOTHUB_CLIENT_CONFIRMATION_OK"
6817,10408129977,10408130018,1,"IOTHUB_CLIENT_CONFIRMATION_OK"
6818,10408130177,10408130213,1,"IOTHUB_CLIENT_CONFIRMATION_OK"
6819,10408130377,10408130484,1,"IOTHUB_CLIENT_CONFIRMATION_OK"
6820,10408130577,10408130626,1,"IOTHUB_CLIENT_CONFIRMATION_OK"
6821,10408130777,10408130809,1,"IOTHUB_CLIENT_CONFIRMATION_OK"
6822,10408130978,10408131049,1,"IOTHUB_CLIENT_CONFIRMATION_OK"
6823,10408131178,10408131211,1,"IOTHUB_CLIENT_CONFIRMATION_OK"
6824,10408131378,10408131428,1,"IOTHUB_CLIENT_CONFIRMATION_OK"
6825,10408131578,10408131633,1,"IOTHUB_CLIENT_CONFIRMATION_OK"
6826,10408131778,10408131832,1,"IOTHUB_CLIENT_CONFIRMATION_OK"
6827,10408131978,10408132035,1,"IOTHUB_CLIENT_CONFIRMATION_OK"
6828,10408132179,10408132218,1,"IOTHUB_CLIENT_CONFIRMATION_OK"
6829,10408132379,10408132417,1,"IOTHUB_CLIENT_CONFIRMATION_OK"
6830,10408132579,10408132637,1,"IOTHUB_CLIENT_CONFIRMATION_OK"
6831,10408132779,10408132820,1,"IOTHUB_CLIENT_CONFIRMATION_OK"
6832,10408132979,10408133028,1,"IOTHUB_CLIENT_CONFIRMATION_OK"
6833,10408133179,10408133209,1,"IOTHUB_CLIENT_CONFIRMATION_OK"
6834,10408133379,10408133456,1,"IOTHUB_CLIENT_CONFIRMATION_OK"
6835,10408133580,10408133612,1,"IOTHUB_CLIENT_CONFIRMATION_OK"
6836,10408133780,10408133920,1,"IOTHUB_CLIENT_CONFIRMATION_OK"
6837,10408133980,10408134085,1,"IOTHUB_CLIENT_CONFIRMATION_OK"
6838,10408134180,10408134227,1,"IOTHUB_CLIENT_CONFIRMATION_OK"
6839,10408134380,10408134418,1,"IOTHUB_CLIENT_CONFIRMATION_OK"
6840,10408134580,10408134625,1,"IOTHUB_CLIENT_CONFIRMATION_OK"
6841,10408134781,10408134931,1,"IOTHUB_CLIENT_CONFIRMATION_OK"
6842,10408134981,10408135036,1,"IOTHUB_CLIENT_CONFIRMATION_OK"
6843,10408135181,10408135213,1,"IOTHUB_CLIENT_CONFIRMATION_OK"
6844,10408135381,10408135419,1,"IOTHUB_CLIENT_CONFIRMATION_OK"
6845,10408135581,10408135617,1,"IOTHUB_CLIENT_CONFIRMATION_OK"
6846,10408135781,10408135823,1,"IOTHUB_CLIENT_CONFIRMATION_OK"
6847,10408135981,10408136033,1,"IOTHUB_CLIENT_CONFIRMATION_OK"
6848,10408136182,10408136319,1,"IOTHUB_CLIENT_CONFIRMATION_OK"
6849,10408136382,10408136427,1,"IOTHUB_CLIENT_CONFIRMATION_OK"
6850,10408136582,10408136634,1,"IOTHUB_CLIENT_CONFIRMATION_OK"
6851,10408136782,10408136817,1,"IOTHUB_CLIENT_CONFIRMATION_OK"
6852,10408136982,10408137236,1,"IOTHUB_CLIENT_CONFIRMATION_OK"
6853,10408137182,10408137332,1,"IOTHUB_CLIENT_CONFIRMATION_OK"
6854,10408137382,10408137427,1,"IOTHUB_CLIENT_CONFIRMATION_OK"
6855,10408137583,10408137823,1,"IOTHUB_CLIENT_CONFIRMATION_OK"
6856,10408137783,10408137853,1,"IOTHUB_CLIENT_CONFIRMATION_OK"
6857,10408137983,10408138053,1,"IOTHUB_CLIENT_CONFIRMATION_OK"
6858,10408138183,10408138230,1,"IOTHUB_CLIENT_CONFIRMATION_OK"
6859,10408138383,10408138443,1,"IOTHUB_CLIENT_CONFIRMATION_OK"
6860,10408138583,10408138639,1,"IOTHUB_CLIENT_CONFIRMATION_OK"
6861,10408138784,10408138818,1,"IOTHUB_CLIENT_CONFIRMATION_OK"
6862,10408138984,10408139140,1,"IOTHUB_CLIENT_CONFIRMATION_OK"
6863,10408139184,10408139216,1,"IOTHUB_CLIENT_CONFIRMATION_OK"
6864,10408139384,10408139421,1,"IOTHUB_CLIENT_CONFIRMATION_OK"
6865,10408139584,10408139625,1,"IOTHUB_CLIENT_CONFIRMATION_OK"
6866,10408139784,10408139815,1,"IOTHUB_CLIENT_CONFIRMATION_OK"
6867,10408139984,10408140037,1,"IOTHUB_CLIENT_CONFIRMATION_OK"
6868,10408140185,10408140215,1,"IOTHUB_CLIENT_CONFIRMATION_OK"
6869,10408140385,10408140423,1,"IOTHUB_CLIENT_CONFIRMATION_OK"
6870,10408140585,10408140643,1,"IOTHUB_CLIENT_CONFIRMATION_OK"
6871,10408140785,10408140819,1,"IOTHUB_CLIENT_CONFIRMATION_OK"
6872,10408140985,10408141026,1,"IOTHUB_CLIENT_CONFIRMATION_OK"
6873,10408141185,10408141246,1,"IOTHUB_CLIENT_CONFIRMATION_OK"
6874,10408141386,10408141458,1,"IOTHUB_CLIENT_CONFIRMATION_OK"
6875,10408141586,10408141655,1,"IOTHUB_CLIENT_CONFIRMATION_OK"
6876,10408141786,10408141853,1,"IOTHUB_CLIENT_CONFIRMATION_OK"
6877,10408141986,10408142039,1,"IOTHUB_CLIENT_CONFIRMATION_OK"
6878,10408142186,10408142221,1,"IOTHUB_CLIENT_CONFIRMATION_OK"
6879,10408142386,10408142438,1,"IOTHUB_CLIENT_CONFIRMATION_OK"
6880,10408142586,10408142637,1,"IOTHUB_CLIENT_CONFIRMATION_OK"
6881,10408142787,10408142822,1,"IOTHUB_CLIENT_CONFIRMATION_OK"
6882,10408142987,10408143028,1,"IOTHUB_CLIENT_CONFIRMATION_OK"
6883,10408143187,10408143218,1,"IOTHUB_CLIENT_CONFIRMATION_OK"
6884,10408143387,10408143461,1,"IOTHUB_CLIENT_CONFIRMATION_OK"
6885,10408143587,10408143638,1,"IOTHUB_CLIENT_CONFIRMATION_OK"
6886,10408143787,10408143820,1,"IOTHUB_CLIENT_CONFIRMATION_OK"
6887,10408143988,10408144082,1,"IOTHUB_CLIENT_CONFIRMATION_OK"
6888,10408144188,10408144229,1,"IOTHUB_CLIENT_CONFIRMATION_OK"
6889,10408144388,10408144441,1,"IOTHUB_CLIENT_CONFIRMATION_OK"
6890,10408144588,10408144628,1,"IOTHUB_CLIENT_CONFIRMATION_OK"
6891,10408144788,10408144916,1,"IOTHUB_CLIENT_CONFIRMATION_OK"
6892,10408144988,10408145021,1,"IOTHUB_CLIENT_CONFIRMATION_OK"
6893,10408145188,10408145240,1,"IOTHUB_CLIENT_CONFIRMATION_OK"
6894,10408145389,10408145426,1,"IOTHUB_CLIENT_CONFIRMATION_OK"
6895,10408145589,10408145625,1,"IOTHUB_CLIENT_CONFIRMATION_OK"
6896,10408145789,10408145872,1,"IOTHUB_CLIENT_CONFIRMATION_OK"
6897,10408145989,10408146091,1,"IOTHUB_CLIENT_CONFIRMATION_OK"
6898,10408146189,10408146222,1,"IOTHUB_CLIENT_CONFIRMATION_OK"
6899,10408146389,10408146496,1,"IOTHUB_CLIENT_CONFIRMATION_OK"
6900,10408146590,10408146640,1,"IOTHUB_CLIENT_CONFIRMATION_OK"
6901,10408146790,10408146825,1,"IOTHUB_CLIENT_CONFIRMATION_OK"
6902,10408146990,10408147034,1,"IOTHUB_CLIENT_CONFIRMATION_OK"
6903,10408147190,10408147251,1,"IOTHUB_CLIENT_CONFIRMATION_OK"
6904,10408147390,10408147437,1,"IOTHUB_CLIENT_CONFIRMATION_OK"
6905,10408147590,10408147726,1,"IOTHUB_CLIENT_CONFIRMATION_OK"
6906,10408147790,10408147865,1,"IOTHUB_CLIENT_CONFIRMATION_OK"
6907,10408147991,10408148040,1,"IOTHUB_CLIENT_CONFIRMATION_OK"
6908,10408148191,10408148224,1,"IOTHUB_CLIENT_CONFIRMATION_OK"
6909,10408148391,10408148451,1,"IOTHUB_CLIENT_CONFIRMATION_OK"
6910,10408148591,10408148655,1,"IOTHUB_CLIENT_CONFIRMATION_OK"
6911,10408148791,10408148830,1,"IOTHUB_CLIENT_CONFIRMATION_OK"
6912,10408148991,10408149139,1,"IOTHUB_CLIENT_CONFIRMATION_OK"
6913,10408149192,10408149226,1,"IOTHUB_CLIENT_CONFIRMATION_OK"
6914,10408149392,10408149448,1,"IOTHUB_CLIENT_CONFIRMATION_OK"
6915,10408149592,10408149634,1,"IOTHUB_CLIENT_CONFIRMATION_OK"
6916,10408149792,10408149835,1,"IOTHUB_CLIENT_CONFIRMATION_OK"
6917,10408149992,10408150033,1,"IOTHUB_CLIENT_CONFIRMATION_OK"
6918,10408150192,10408150238,1,"IOTHUB_CLIENT_CONFIRMATION_OK"
6919,10408150392,10408150440,1,"IOTHUB_CLIENT_CONFIRMATION_OK"
6920,10408150593,10408150663,1,"IOTHUB_CLIENT_CONFIRMATION_OK"
6921,10408150793,10408150846,1,"IOTHUB_CLIENT_CONFIRMATION_OK"
6922,10408150993,10408151044,1,"IOTHUB_CLIENT_CONFIRMATION_OK"
6923,10408151193,10408151234,1,"IOTHUB_CLIENT_CONFIRMATION_OK"
6924,10408151393,10408151485,1,"IOTHUB_CLIENT_CONFIRMATION_OK"
6925,10408151593,10408151654,1,"IOTHUB_CLIENT_CONFIRMATION_OK"
6926,10408151793,10408151835,1,"IOTHUB_CLIENT_CONFIRMATION_OK"
6927,10408151994,10408152108,1,"IOTHUB_CLIENT_CONFIRMATION_OK"
6928,10408152194,10408152241,1,"IOTHUB_CLIENT_CONFIRMATION_OK"
6929,10408152394,10408152427,1,"IOTHUB_CLIENT_CONFIRMATION_OK"
6930,10408152594,10408152694,1,"IOTHUB_CLIENT_CONFIRMATION_OK"
6931,10408152794,10408152890,1,"IOTHUB_CLIENT_CONFIRMATION_OK"
6932,10408152994,10408153049,1,"IOTHUB_CLIENT_CONFIRMATION_OK"
6933,10408153194,10408153258,1,"IOTHUB_CLIENT_CONFIRMATION_OK"
6934,10408153395,10408153431,1,"IOTHUB_CLIENT_CONFIRMATION_OK"
6935,10408153595,10408153669,1,"IOTHUB_CLIENT_CONFIRMATION_OK"
6936,10408153795,10408153909,1,"IOTHUB_CLIENT_CONFIRMATION_OK"
6937,10408153995,10408154129,1,"IOTHUB_CLIENT_CONFIRMATION_OK"
6938,10408154195,10408154228,1,"IOTHUB_CLIENT_CONFIRMATION_OK"
6939,10408154395,10408154441,1,"IOTHUB_CLIENT_CONFIRMATION_OK"
6940,10408154595,10408154660,1,"IOTHUB_CLIENT_CONFIRMATION_OK"
6941,10408154796,10408154847,1,"IOTHUB_CLIENT_CONFIRMATION_OK"
6942,10408154996,10408155038,1,"IOTHUB_CLIENT_CONFIRMATION_OK"
6943,10408155196,10408155236,1,"IOTHUB_CLIENT_CONFIRMATION_OK"
6944,10408155396,10408155469,1,"IOTHUB_CLIENT_CONFIRMATION_OK"
6945,10408155596,10408155634,1,"IOTHUB_CLIENT_CONFIRMATION_OK"
6946,10408155796,10408155830,1,"IOTHUB_CLIENT_CONFIRMATION_OK"
6947,10408155996,10408156030,1,"IOTHUB_CLIENT_CONFIRMATION_OK"
6948,10408156197,10408156239,1,"IOTHUB_CLIENT_CONFIRMATION_OK"
6949,10408156397,10408156435,1,"IOTHUB_CLIENT_CONFIRMATION_OK"
6950,10408156597,10408156734,1,"IOTHUB_CLIENT_CONFIRMATION_OK"
6951,10408156797,10408156857,1,"IOTHUB_CLIENT_CONFIRMATION_OK"
6952,10408156997,10408157215,1,"IOTHUB_CLIENT_CONFIRMATION_OK"
6953,10408157197,10408157276,1,"IOTHUB_CLIENT_CONFIRMATION_OK"
6954,10408157398,10408157434,1,"IOTHUB_CLIENT_CONFIRMATION_OK"
6955,10408157598,10408157683,1,"IOTHUB_CLIENT_CONFIRMATION_OK"
6956,10408157798,10408157841,1,"IOTHUB_CLIENT_CONFIRMATION_OK"
6957,10408157998,10408158035,1,"IOTHUB_CLIENT_CONFIRMATION_OK"
6958,10408158198,10408158241,1,"IOTHUB_CLIENT_CONFIRMATION_OK"
6959,10408158398,10408158484,1,"IOTHUB_CLIENT_CONFIRMATION_OK"
6960,10408158598,10408158650,1,"IOTHUB_CLIENT_CONFIRMATION_OK"
6961,10408158799,10408158842,1,"IOTHUB_CLIENT_CONFIRMATION_OK"
6962,10408158999,10408159072,1,"IOTHUB_CLIENT_CONFIRMATION_OK"
6963,10408159199,10408159265,1,"IOTHUB_CLIENT_CONFIRMATION_OK"
6964,10408159399,10408159446,1,"IOTHUB_CLIENT_CONFIRMATION_OK"
6965,10408159599,10408159658,1,"IOTHUB_CLIENT_CONFIRMATION_OK"
6966,10408159799,10408159920,1,"IOTHUB_CLIENT_CONFIRMATION_OK"
6967,10408160000,10408160057,1,"IOTHUB_CLIENT_CONFIRMATION_OK"
6968,10408160200,10408160234,1,"IOTHUB_CLIENT_CONFIRMATION_OK"
6969,10408160400,10408160500,1,"IOTHUB_CLIENT_CONFIRMATION_OK"
6970,10408160600,10408160634,1,"IOTHUB_CLIENT_CONFIRMATION_OK"
6971,10408160800,10408160836,1,"IOTHUB_CLIENT_CONFIRMATION_OK"
6972,10408161000,10408161037,1,"IOTHUB_CLIENT_CONFIRMATION_OK"
6973,10408161200,10408161331,1,"IOTHUB_CLIENT_CONFIRMATION_OK"
6974,10408161401,10408161461,1,"IOTHUB_CLIENT_CONFIRMATION_OK"
6975,10408161601,10408161642,1,"IOTHUB_CLIENT_CONFIRMATION_OK"
6976,10408161801,10408161850,1,"IOTHUB_CLIENT_CONFIRMATION_OK"
6977,10408162001,10408162042,1,"IOTHUB_CLIENT_CONFIRMATION_OK"
6978,10408162201,10408162238,1,"IOTHUB_CLIENT_CONFIRMATION_OK"
6979,10408162401,10408162431,1,"IOTHUB_CLIENT_CONFIRMATION_OK"
6980,10408162601,10408162839,1,"IOTHUB_CLIENT_CONFIRMATION_OK"
6981,10408162802,10408162877,1,"IOTHUB_CLIENT_CONFIRMATION_OK"
6982,10408163002,10408163050,1,"IOTHUB_CLIENT_CONFIRMATION_OK"
6983,10408163202,10408163242,1,"IOTHUB_CLIENT_CONFIRMATION_OK"
6984,10408163402,10408163506,1,"IOTHUB_CLIENT_CONFIRMATION_OK"
6985,10408163602,10408163642,1,"IOTHUB_CLIENT_CONFIRMATION_OK"
6986,10408163802,10408163834,1,"IOTHUB_CLIENT_CONFIRMATION_OK"
6987,10408164003,10408164123,1,"IOTHUB_CLIENT_CONFIRMATION_OK"
6988,10408164203,10408164268,1,"IOTHUB_CLIENT_CONFIRMATION_OK"
6989,10408164403,10408164458,1,"IOTHUB_CLIENT_CONFIRMATION_OK"
6990,10408164603,10408164663,1,"IOTHUB_CLIENT_CONFIRMATION_OK"
6991,10408164803,10408164861,1,"IOTHUB_CLIENT_CONFIRMATION_OK"
6992,10408165003,10408165057,1,"IOTHUB_CLIENT_CONFIRMATION_OK"
6993,10408165203,10408165255,1,"IOTHUB_CLIENT_CONFIRMATION_OK"
6994,10408165404,10408165444,1,"IOTHUB_CLIENT_CONFIRMATION_OK"
6995,10408165604,10408165651,1,"IOTHUB_CLIENT_CONFIRMATION_OK"
6996,10408165804,10408165850,1,"IOTHUB_CLIENT_CONFIRMATION_OK"
6997,10408166004,10408166058,1,"IOTHUB_CLIENT_CONFIRMATION_OK"
6998,10408166204,10408166260,1,"IOTHUB_CLIENT_CONFIRMATION_OK"
6999,10408166404,10408166461,1,"IOTHUB_CLIENT_CONFIRMATION_OK"
7000,10408166605,10408166647,1,"IOTHUB_CLIENT_CONFIRMATION_OK"
7001,10408166805,10408166895,1,"IOTHUB_CLIENT_CONFIRMATION_OK"
7002,10408167005,10408167054,1,"IOTHUB_CLIENT_CONFIRMATION_OK"
7003,10408167205,10408167244,1,"IOTHUB_CLIENT_CONFIRMATION_OK"
7004,10408167405,10408167440,1,"IOTHUB_CLIENT_CONFIRMATION_OK"
7005,10408167605,10408167636,1,"IOTHUB_CLIENT_CONFIRMATION_OK"
7006,10408167805,10408167859,1,"IOTHUB_CLIENT_CONFIRMATION_OK"
7007,10408168006,10408168043,1,"IOTHUB_CLIENT_CONFIRMATION_OK"
7008,10408168206,10408168259,1,"IOTHUB_CLIENT_CONFIRMATION_OK"
7009,10408168406,10408168476,1,"IOTHUB_CLIENT_CONFIRMATION_OK"
7010,10408168606,10408168646,1,"IOTHUB_CLIENT_CONFIRMATION_OK"
7011,10408168806,10408168854,1,"IOTHUB_CLIENT_CONFIRMATION_OK"
7012,10408169006,10408169060,1,"IOTHUB_CLIENT_CONFIRMATION_OK"
7013,10408169207,10408169263,1,"IOTHUB_CLIENT_CONFIRMATION_OK"
7014,10408169407,10408169457,1,"IOTHUB_CLIENT_CONFIRMATION_OK"
7015,10408169607,10408169650,1,"IOTHUB_CLIENT_CONFIRMATION_OK"
7016,10408169807,10408169899,1,"IOTHUB_CLIENT_CONFIRMATION_OK"
7017,10408170007,10408170129,1,"IOTHUB_CLIENT_CONFIRMATION_OK"
7018,10408170207,10408170240,1,"IOTHUB_CLIENT_CONFIRMATION_OK"
7019,10408170407,10408170462,1,"IOTHUB_CLIENT_CONFIRMATION_OK"
7020,10408170608,10408170640,1,"IOTHUB_CLIENT_CONFIRMATION_OK"
7021,10408170808,10408170890,1,"IOTHUB_CLIENT_CONFIRMATION_OK"
7022,10408171008,10408171073,1,"IOTHUB_CLIENT_CONFIRMATION_OK"
7023,10408171208,10408171324,1,"IOTHUB_CLIENT_CONFIRMATION_OK"
7024,10408171408,10408171454,1,"IOTHUB_CLIENT_CONFIRMATION_OK"
7025,10408171608,10408171643,1,"IOTHUB_CLIENT_CONFIRMATION_OK"
7026,10408171808,10408171851,1,"IOTHUB_CLIENT_CONFIRMATION_OK"
7027,10408172009,10408172104,1,"IOTHUB_CLIENT_CONFIRMATION_OK"
7028,10408172209,10408172260,1,"IOTHUB_CLIENT_CONFIRMATION_OK"
7029,10408172409,10408172445,1,"IOTHUB_CLIENT_CONFIRMATION_OK"
7030,10408172609,10408172823,1,"IOTHUB_CLIENT_CONFIRMATION_OK"
7031,10408172809,10408172852,1,"IOTHUB_CLIENT_CONFIRMATION_OK"
7032,10408173009,10408173062,1,"IOTHUB_CLIENT_CONFIRMATION_OK"
7033,10408173210,10408173241,1,"IOTHUB_CLIENT_CONFIRMATION_OK"
7034,10408173410,10408173447,1,"IOTHUB_CLIENT_CONFIRMATION_OK"
7035,10408173610,10408173668,1,"IOTHUB_CLIENT_CONFIRMATION_OK"
7036,10408173810,10408173934,1,"IOTHUB_CLIENT_CONFIRMATION_OK"
7037,10408174010,10408174258,1,"IOTHUB_CLIENT_CONFIRMATION_OK"
7038,10408174210,10408174278,1,"IOTHUB_CLIENT_CONFIRMATION_OK"
7039,10408174411,10408174452,1,"IOTHUB_CLIENT_CONFIRMATION_OK"
7040,10408174611,10408174683,1,"IOTHUB_CLIENT_CONFIRMATION_OK"
7041,10408174811,10408174866,1,"IOTHUB_CLIENT_CONFIRMATION_OK"
7042,10408175011,10408175082,1,"IOTHUB_CLIENT_CONFIRMATION_OK"
7043,10408175211,10408175254,1,"IOTHUB_CLIENT_CONFIRMATION_OK"
7044,10408175411,10408175460,1,"IOTHUB_CLIENT_CONFIRMATION_OK"
7045,10408175612,10408175658,1,"IOTHUB_CLIENT_CONFIRMATION_OK"
7046,10408175812,10408175860,1,"IOTHUB_CLIENT_CONFIRMATION_OK"
7047,10408176012,10408176066,1,"IOTHUB_CLIENT_CONFIRMATION_OK"
7048,10408176212,10408176278,1,"IOTHUB_CLIENT_CONFIRMATION_OK"
7049,10408176412,10408176456,1,"IOTHUB_CLIENT_CONFIRMATION_OK"
7050,10408176612,10408176656,1,"IOTHUB_CLIENT_CONFIRMATION_OK"
7051,10408176812,10408176846,1,"IOTHUB_CLIENT_CONFIRMATION_OK"
7052,10408177013,10408177053,1,"IOTHUB_CLIENT_CONFIRMATION_OK"
7053,10408177213,10408177258,1,"IOTHUB_CLIENT_CONFIRMATION_OK"
7054,10408177413,10408177447,1,"IOTHUB_CLIENT_CONFIRMATION_OK"
7055,10408177613,10408177717,1,"IOTHUB_CLIENT_CONFIRMATION_OK"
7056,10408177813,10408177856,1,"IOTHUB_CLIENT_CONFIRMATION_OK"
7057,10408178013,10408178071,1,"IOTHUB_CLIENT_CONFIRMATION_OK"
7058,10408178213,10408178246,1,"IOTHUB_CLIENT_CONFIRMATION_OK"
7059,10408178414,10408178519,1,"IOTHUB_CLIENT_CONFIRMATION_OK"
7060,10408178614,10408178666,1,"IOTHUB_CLIENT_CONFIRMATION_OK"
7061,10408178814,10408178848,1,"IOTHUB_CLIENT_CONFIRMATION_OK"
7062,10408179014,10408179122,1,"IOTHUB_CLIENT_CONFIRMATION_OK"
7063,10408179214,10408179244,1,"IOTHUB_CLIENT_CONFIRMATION_OK"
7064,10408179414,10408179455,1,"IOTHUB_CLIENT_CONFIRMATION_OK"
7065,10408179615,10408179668,1,"IOTHUB_CLIENT_CONFIRMATION_OK"
7066,10408179815,10408179944,1,"IOTHUB_CLIENT_CONFIRMATION_OK"
7067,10408180015,10408180064,1,"IOTHUB_CLIENT_CONFIRMATION_OK"
7068,10408180215,10408180251,1,"IOTHUB_CLIENT_CONFIRMATION_OK"
7069,10408180415,10408180466,1,"IOTHUB_CLIENT_CONFIRMATION_OK"
7070,10408180615,10408180648,1,"IOTHUB_CLIENT_CONFIRMATION_OK"
7071,10408180815,10408180847,1,"IOTHUB_CLIENT_CONFIRMATION_OK"
7072,10408181016,10408181065,1,"IOTHUB_CLIENT_CONFIRMATION_OK"
7073,10408181216,10408181358,1,"IOTHUB_CLIENT_CONFIRMATION_OK"
7074,10408181416,10408181452,1,"IOTHUB_CLIENT_CONFIRMATION_OK"
7075,10408181616,10408181650,1,"IOTHUB_CLIENT_CONFIRMATION_OK"
7076,10408181816,10408181882,1,"IOTHUB_CLIENT_CONFIRMATION_OK"
7077,10408182016,10408182060,1,"IOTHUB_CLIENT_CONFIRMATION_OK"
7078,10408182217,10408182273,1,"IOTHUB_CLIENT_CONFIRMATION_OK"
7079,10408182417,10408182454,1,"IOTHUB_CLIENT_CONFIRMATION_OK"
7080,10408182617,10408182781,1,"IOTHUB_CLIENT_CONFIRMATION_OK"
7081,10408182817,10408182857,1,"IOTHUB_CLIENT_CONFIRMATION_OK"
7082,10408183017,10408183097,1,"IOTHUB_CLIENT_CONFIRMATION_OK"
7083,10408183217,10408183286,1,"IOTHUB_CLIENT_CONFIRMATION_OK"
7084,10408183417,10408183472,1,"IOTHUB_CLIENT_CONFIRMATION_OK"
7085,10408183618,10408183677,1,"IOTHUB_CLIENT_CONFIRMATION_OK"
7086,10408183818,10408183885,1,"IOTHUB_CLIENT_CONFIRMATION_OK"
7087,10408184018,10408184208,1,"IOTHUB_CLIENT_CONFIRMATION_OK"
7088,10408184218,10408184255,1,"IOTHUB_CLIENT_CONFIRMATION_OK"
7089,10408184418,10408184494,1,"IOTHUB_CLIENT_CONFIRMATION_OK"
7090,10408184618,10408184660,1,"IOTHUB_CLIENT_CONFIRMATION_OK"
7091,10408184818,10408184871,1,"IOTHUB_CLIENT_CONFIRMATION_OK"
7092,10408185019,10408185182,1,"IOTHUB_CLIENT_CONFIRMATION_OK"
7093,10408185219,10408185301,1,"IOTHUB_CLIENT_CONFIRMATION_OK"
7094,10408185419,10408185480,1,"IOTHUB_CLIENT_CONFIRMATION_OK"
7095,10408185619,10408185660,1,"IOTHUB_CLIENT_CONFIRMATION_OK"
7096,10408185819,10408185856,1,"IOTHUB_CLIENT_CONFIRMATION_OK"
7097,10408186019,10408186059,1,"IOTHUB_CLIENT_CONFIRMATION_OK"
7098,10408186220,10408186258,1,"IOTHUB_CLIENT_CONFIRMATION_OK"
7099,10408186420,10408186465,1,"IOTHUB_CLIENT_CONFIRMATION_OK"
7100,10408186620,10408186653,1,"IOTHUB_CLIENT_CONFIRMATION_OK"
7101,10408186820,10408186862,1,"IOTHUB_CLIENT_CONFIRMATION_OK"
7102,10408187020,10408187069,1,"IOTHUB_CLIENT_CONFIRMATION_OK"
7103,10408187220,10408187252,1,"IOTHUB_CLIENT_CONFIRMATION_OK"
7104,10408187420,10408187475,1,"IOTHUB_CLIENT_CONFIRMATION_OK"
7105,10408187621,10408187665,1,"IOTHUB_CLIENT_CONFIRMATION_OK"
7106,10408187821,10408187859,1,"IOTHUB_CLIENT_CONFIRMATION_OK"
7107,10408188021,10408188084,1,"IOTHUB_CLIENT_CONFIRMATION_OK"
7108,10408188221,10408188260,1,"IOTHUB_CLIENT_CONFIRMATION_OK"
7109,10408188421,10408188476,1,"IOTHUB_CLIENT_CONFIRMATION_OK"
7110,10408188621,10408188736,1,"IOTHUB_CLIENT_CONFIRMATION_OK"
7111,10408188822,10408188865,1,"IOTHUB_CLIENT_CONFIRMATION_OK"
7112,10408189022,10408189157,1,"IOTHUB_CLIENT_CONFIRMATION_OK"
7113,10408189222,10408189262,1,"IOTHUB_CLIENT_CONFIRMATION_OK"
7114,10408189422,10408189463,1,"IOTHUB_CLIENT_CONFIRMATION_OK"
7115,10408189622,10408189657,1,"IOTHUB_CLIENT_CONFIRMATION_OK"
7116,10408189822,10408189876,1,"IOTHUB_CLIENT_CONFIRMATION_OK"
7117,10408190022,10408190056,1,"IOTHUB_CLIENT_CONFIRMATION_OK"
7118,10408190223,10408190274,1,"IOTHUB_CLIENT_CONFIRMATION_OK"
7119,10408190423,10408190455,1,"IOTHUB_CLIENT_CONFIRMATION_OK"
7120,10408190623,10408190678,1,"IOTHUB_CLIENT_CONFIRMATION_OK"
7121,10408190823,10408190862,1,"IOTHUB_CLIENT_CONFIRMATION_OK"
7122,10408191023,10408191062,1,"IOTHUB_CLIENT_CONFIRMATION_OK"
7123,10408191223,10408191414,1,"IOTHUB_CLIENT_CONFIRMATION_OK"
7124,10408191424,10408191550,1,"IOTHUB_CLIENT_CONFIRMATION_OK"
7125,10408191624,10408191702,1,"IOTHUB_CLIENT_CONFIRMATION_OK"
7126,10408191824,10408191873,1,"IOTHUB_CLIENT_CONFIRMATION_OK"
7127,10408192024,10408192058,1,"IOTHUB_CLIENT_CONFIRMATION_OK"
7128,10408192224,10408192269,1,"IOTHUB_CLIENT_CONFIRMATION_OK"
7129,10408192424,10408192476,1,"IOTHUB_CLIENT_CONFIRMATION_OK"
7130,10408192624,10408192827,1,"IOTHUB_CLIENT_CONFIRMATION_OK"
7131,10408192825,10408192899,1,"IOTHUB_CLIENT_CONFIRMATION_OK"
7132,10408193025,10408193066,1,"IOTHUB_CLIENT_CONFIRMATION_OK"
7133,10408193225,10408193264,1,"IOTHUB_CLIENT_CONFIRMATION_OK"
7134,10408193425,10408193479,1,"IOTHUB_CLIENT_CONFIRMATION_OK"
7135,10408193625,10408193670,1,"IOTHUB_CLIENT_CONFIRMATION_OK"
7136,10408193825,10408193922,1,"IOTHUB_CLIENT_CONFIRMATION_OK"
7137,10408194026,10408194216,1,"IOTHUB_CLIENT_CONFIRMATION_OK"
7138,10408194226,10408194279,1,"IOTHUB_CLIENT_CONFIRMATION_OK"
7139,10408194426,10408194472,1,"IOTHUB_CLIENT_CONFIRMATION_OK"
7140,10408194626,10408194691,1,"IOTHUB_CLIENT_CONFIRMATION_OK"
7141,10408194826,10408194877,1,"IOTHUB_CLIENT_CONFIRMATION_OK"
7142,10408195026,10408195160,1,"IOTHUB_CLIENT_CONFIRMATION_OK"
7143,10408195226,10408195308,1,"IOTHUB_CLIENT_CONFIRMATION_OK"
7144,10408195427,10408195474,1,"IOTHUB_CLIENT_CONFIRMATION_OK"
7145,10408195627,10408195674,1,"IOTHUB_CLIENT_CONFIRMATION_OK"
7146,10408195827,10408195860,1,"IOTHUB_CLIENT_CONFIRMATION_OK"
7147,10408196027,10408196115,1,"IOTHUB_CLIENT_CONFIRMATION_OK"
7148,10408196227,10408196297,1,"IOTHUB_CLIENT_CONFIRMATION_OK"
7149,10408196427,10408196474,1,"IOTHUB_CLIENT_CONFIRMATION_OK"
7150,10408196627,10408196676,1,"IOTHUB_CLIENT_CONFIRMATION_OK"
7151,10408196828,10408196866,1,"IOTHUB_CLIENT_CONFIRMATION_OK"
7152,10408197028,10408197068,1,"IOTHUB_CLIENT_CONFIRMATION_OK"
7153,10408197228,10408197264,1,"IOTHUB_CLIENT_CONFIRMATION_OK"
7154,10408197428,10408197464,1,"IOTHUB_CLIENT_CONFIRMATION_OK"
7155,10408197628,10408197688,1,"IOTHUB_CLIENT_CONFIRMATION_OK"
7156,10408197828,10408197888,1,"IOTHUB_CLIENT_CONFIRMATION_OK"
7157,10408198029,10408198064,1,"IOTHUB_CLIENT_CONFIRMATION_OK"
7158,10408198229,10408198269,1,"IOTHUB_CLIENT_CONFIRMATION_OK"
7159,10408198429,10408198502,1,"IOTHUB_CLIENT_CONFIRMATION_OK"
7160,10408198629,10408198669,1,"IOTHUB_CLIENT_CONFIRMATION_OK"
7161,10408198829,10408198862,1,"IOTHUB_CLIENT_CONFIRMATION_OK"
7162,10408199029,10408199097,1,"IOTHUB_CLIENT_CONFIRMATION_OK"
7163,10408199230,10408199273,1,"IOTHUB_CLIENT_CONFIRMATION_OK"
7164,10408199430,10408199469,1,"IOTHUB_CLIENT_CONFIRMATION_OK"
7165,10408199630,10408199678,1,"IOTHUB_CLIENT_CONFIRMATION_OK"
7166,10408199830,10408199942,1,"IOTHUB_CLIENT_CONFIRMATION_OK"
7167,10408200030,10408200070,1,"IOTHUB_CLIENT_CONFIRMATION_OK"
7168,10408200230,10408200271,1,"IOTHUB_CLIENT_CONFIRMATION_OK"
7169,10408200430,10408200480,1,"IOTHUB_CLIENT_CONFIRMATION_OK"
7170,10408200631,10408200675,1,"IOTHUB_CLIENT_CONFIRMATION_OK"
7171,10408200831,10408200877,1,"IOTHUB_CLIENT_CONFIRMATION_OK"
7172,10408201031,10408201064,1,"IOTHUB_CLIENT_CONFIRMATION_OK"
7173,10408201231,10408201357,1,"IOTHUB_CLIENT_CONFIRMATION_OK"
7174,10408201431,10408201468,1,"IOTHUB_CLIENT_CONFIRMATION_OK"
7175,10408201631,10408201731,1,"IOTHUB_CLIENT_CONFIRMATION_OK"
7176,10408201832,10408201885,1,"IOTHUB_CLIENT_CONFIRMATION_OK"
7177,10408202032,10408202072,1,"IOTHUB_CLIENT_CONFIRMATION_OK"
7178,10408202232,10408202304,1,"IOTHUB_CLIENT_CONFIRMATION_OK"
7179,10408202432,10408202466,1,"IOTHUB_CLIENT_CONFIRMATION_OK"
7180,10408202632,10408202811,1,"IOTHUB_CLIENT_CONFIRMATION_OK"
7181,10408202832,10408202883,1,"IOTHUB_CLIENT_CONFIRMATION_OK"
7182,10408203032,10408203064,1,"IOTHUB_CLIENT_CONFIRMATION_OK"
7183,10408203233,10408203286,1,"IOTHUB_CLIENT_CONFIRMATION_OK"
7184,10408203433,10408203504,1,"IOTHUB_CLIENT_CONFIRMATION_OK"
7185,10408203633,10408203681,1,"IOTHUB_CLIENT_CONFIRMATION_OK"
7186,10408203833,10408203867,1,"IOTHUB_CLIENT_CONFIRMATION_OK"
7187,10408204033,10408204120,1,"IOTHUB_CLIENT_CONFIRMATION_OK"
7188,10408204233,10408204277,1,"IOTHUB_CLIENT_CONFIRMATION_OK"
7189,10408204433,10408204476,1,"IOTHUB_CLIENT_CONFIRMATION_OK"
7190,10408204634,10408204697,1,"IOTHUB_CLIENT_CONFIRMATION_OK"
7191,10408204834,10408204879,1,"IOTHUB_CLIENT_CONFIRMATION_OK"
7192,10408205034,10408205070,1,"IOTHUB_CLIENT_CONFIRMATION_OK"
7193,10408205234,10408205277,1,"IOTHUB_CLIENT_CONFIRMATION_OK"
7194,10408205434,10408205482,1,"IOTHUB_CLIENT_CONFIRMATION_OK"
7195,10408205634,10408205685,1,"IOTHUB_CLIENT_CONFIRMATION_OK"
7196,10408205835,10408205884,1,"IOTHUB_CLIENT_CONFIRMATION_OK"
7197,10408206035,10408206064,1,"IOTHUB_CLIENT_CONFIRMATION_OK"
7198,10408206235,10408206268,1,"IOTHUB_CLIENT_CONFIRMATION_OK"
7199,10408206435,10408206473,1,"IOTHUB_CLIENT_CONFIRMATION_OK"
7200,10408206635,10408206683,1,"IOTHUB_CLIENT_CONFIRMATION_OK"
7201,10408206835,10408206893,1,"IOTHUB_CLIENT_CONFIRMATION_OK"
7202,10408207036,10408207101,1,"IOTHUB_CLIENT_CONFIRMATION_OK"
7203,10408207236,10408207308,1,"IOTHUB_CLIENT_CONFIRMATION_OK"
7204,10408207436,10408207495,1,"IOTHUB_CLIENT_CONFIRMATION_OK"
7205,10408207636,10408207697,1,"IOTHUB_CLIENT_CONFIRMATION_OK"
7206,10408207836,10408207889,1,"IOTHUB_CLIENT_CONFIRMATION_OK"
7207,10408208036,10408208078,1,"IOTHUB_CLIENT_CONFIRMATION_OK"
7208,10408208236,10408208288,1,"IOTHUB_CLIENT_CONFIRMATION_OK"
7209,10408208437,10408208561,1,"IOTHUB_CLIENT_CONFIRMATION_OK"
7210,10408208637,10408208679,1,"IOTHUB_CLIENT_CONFIRMATION_OK"
7211,10408208837,10408208884,1,"IOTHUB_CLIENT_CONFIRMATION_OK"
7212,10408209037,10408209113,1,"IOTHUB_CLIENT_CONFIRMATION_OK"
7213,10408209237,10408209272,1,"IOTHUB_CLIENT_CONFIRMATION_OK"
7214,10408209437,10408209470,1,"IOTHUB_CLIENT_CONFIRMATION_OK"
7215,10408209638,10408209667,1,"IOTHUB_CLIENT_CONFIRMATION_OK"
7216,10408209838,10408209951,1,"IOTHUB_CLIENT_CONFIRMATION_OK"
7217,10408210038,10408210093,1,"IOTHUB_CLIENT_CONFIRMATION_OK"
7218,10408210238,10408210306,1,"IOTHUB_CLIENT_CONFIRMATION_OK"
7219,10408210438,10408210512,1,"IOTHUB_CLIENT_CONFIRMATION_OK"
7220,10408210638,10408210729,1,"IOTHUB_CLIENT_CONFIRMATION_OK"
7221,10408210839,10408210882,1,"IOTHUB_CLIENT_CONFIRMATION_OK"
7222,10408211039,10408211071,1,"IOTHUB_CLIENT_CONFIRMATION_OK"
7223,10408211239,10408211360,1,"IOTHUB_CLIENT_CONFIRMATION_OK"
7224,10408211439,10408211479,1,"IOTHUB_CLIENT_CONFIRMATION_OK"
7225,10408211639,10408211674,1,"IOTHUB_CLIENT_CONFIRMATION_OK"
7226,10408211839,10408211893,1,"IOTHUB_CLIENT_CONFIRMATION_OK"
7227,10408212039,10408212081,1,"IOTHUB_CLIENT_CONFIRMATION_OK"
7228,10408212240,10408212271,1,"IOTHUB_CLIENT_CONFIRMATION_OK"
7229,10408212440,10408212483,1,"IOTHUB_CLIENT_CONFIRMATION_OK"
7230,10408212640,10408212793,1,"IOTHUB_CLIENT_CONFIRMATION_OK"
7231,10408212840,10408212883,1,"IOTHUB_CLIENT_CONFIRMATION_OK"
7232,10408213040,10408213076,1,"IOTHUB_CLIENT_CONFIRMATION_OK"
7233,10408213240,10408213277,1,"IOTHUB_CLIENT_CONFIRMATION_OK"
7234,10408213440,10408213473,1,"IOTHUB_CLIENT_CONFIRMATION_OK"
7235,10408213641,10408213693,1,"IOTHUB_CLIENT_CONFIRMATION_OK"
7236,10408213841,10408213896,1,"IOTHUB_CLIENT_CONFIRMATION_OK"
7237,10408214041,10408214201,1,"IOTHUB_CLIENT_CONFIRMATION_OK"
7238,10408214241,10408214285,1,"IOTHUB_CLIENT_CONFIRMATION_OK"
7239,10408214441,10408214474,1,"IOTHUB_CLIENT_CONFIRMATION_OK"
7240,10408214641,10408214830,1,"IOTHUB_CLIENT_CONFIRMATION_OK"
7241,10408214842,10408214923,1,"IOTHUB_CLIENT_CONFIRMATION_OK"
7242,10408215042,10408215074,1,"IOTHUB_CLIENT_CONFIRMATION_OK"
7243,10408215242,10408215289,1,"IOTHUB_CLIENT_CONFIRMATION_OK"
7244,10408215442,10408215483,1,"IOTHUB_CLIENT_CONFIRMATION_OK"
7245,10408215642,10408215712,1,"IOTHUB_CLIENT_CONFIRMATION_OK"
7246,10408215842,10408215878,1,"IOTHUB_CLIENT_CONFIRMATION_OK"
7247,10408216043,10408216085,1,"IOTHUB_CLIENT_CONFIRMATION_OK"
7248,10408216243,10408216300,1,"IOTHUB_CLIENT_CONFIRMATION_OK"
7249,10408216443,10408216492,1,"IOTHUB_CLIENT_CONFIRMATION_OK"
7250,10408216643,10408216700,1,"IOTHUB_CLIENT_CONFIRMATION_OK"
7251,10408216843,10408216881,1,"IOTHUB_CLIENT_CONFIRMATION_OK"
7252,10408217043,10408217128,1,"IOTHUB_CLIENT_CONFIRMATION_OK"
7253,10408217243,10408217288,1,"IOTHUB_CLIENT_CONFIRMATION_OK"
7254,10408217443,10408217509,1,"IOTHUB_CLIENT_CONFIRMATION_OK"
7255,10408217644,10408217693,1,"IOTHUB_CLIENT_CONFIRMATION_OK"
7256,10408217844,10408217941,1,"IOTHUB_CLIENT_CONFIRMATION_OK"
7257,10408218044,10408218080,1,"IOTHUB_CLIENT_CONFIRMATION_OK"
7258,10408218244,10408218285,1,"IOTHUB_CLIENT_CONFIRMATION_OK"
7259,10408218444,10408218576,1,"IOTHUB_CLIENT_CONFIRMATION_OK"
7260,10408218644,10408218680,1,"IOTHUB_CLIENT_CONFIRMATION_OK"
7261,10408218845,10408218881,1,"IOTHUB_CLIENT_CONFIRMATION_OK"
7262,10408219045,10408219143,1,"IOTHUB_CLIENT_CONFIRMATION_OK"
7263,10408219245,10408219400,1,"IOTHUB_CLIENT_CONFIRMATION_OK"
7264,10408219445,10408219509,1,"IOTHUB_CLIENT_CONFIRMATION_OK"
7265,10408219645,10408219704,1,"IOTHUB_CLIENT_CONFIRMATION_OK"
7266,10408219845,10408219992,1,"IOTHUB_CLIENT_CONFIRMATION_OK"
7267,10408220045,10408220088,1,"IOTHUB_CLIENT_CONFIRMATION_OK"
7268,10408220246,10408220295,1,"IOTHUB_CLIENT_CONFIRMATION_OK"
7269,10408220446,10408220479,1,"IOTHUB_CLIENT_CONFIRMATION_OK"
7270,10408220646,10408220688,1,"IOTHUB_CLIENT_CONFIRMATION_OK"
7271,10408220846,10408220882,1,"IOTHUB_CLIENT_CONFIRMATION_OK"
7272,10408221046,10408221114,1,"IOTHUB_CLIENT_CONFIRMATION_OK"
7273,10408221246,10408221405,1,"IOTHUB_CLIENT_CONFIRMATION_OK"
7274,10408221447,10408221480,1,"IOTHUB_CLIENT_CONFIRMATION_OK"
7275,10408221647,10408221681,1,"IOTHUB_CLIENT_CONFIRMATION_OK"
7276,10408221847,10408221885,1,"IOTHUB_CLIENT_CONFIRMATION_OK"
7277,10408222047,10408222100,1,"IOTHUB_CLIENT_CONFIRMATION_OK"
7278,10408222247,10408222293,1,"IOTHUB_CLIENT_CONFIRMATION_OK"
7279,10408222447,10408222500,1,"IOTHUB_CLIENT_CONFIRMATION_OK"
7280,10408222648,10408222822,1,"IOTHUB_CLIENT_CONFIRMATION_OK"
7281,10408222848,10408222892,1,"IOTHUB_CLIENT_CONFIRMATION_OK"
7282,10408223048,10408223094,1,"IOTHUB_CLIENT_CONFIRMATION_OK"
7283,10408223248,10408223280,1,"IOTHUB_CLIENT_CONFIRMATION_OK"
7284,10408223448,10408223486,1,"IOTHUB_CLIENT_CONFIRMATION_OK"
7285,10408223648,10408223686,1,"IOTHUB_CLIENT_CONFIRMATION_OK"
7286,10408223848,10408223895,1,"IOTHUB_CLIENT_CONFIRMATION_OK"
7287,10408224049,10408224238,1,"IOTHUB_CLIENT_CONFIRMATION_OK"
7288,10408224249,10408224281,1,"IOTHUB_CLIENT_CONFIRMATION_OK"
7289,10408224449,10408224588,1,"IOTHUB_CLIENT_CONFIRMATION_OK"
7290,10408224649,10408224680,1,"IOTHUB_CLIENT_CONFIRMATION_OK"
7291,10408224849,10408224901,1,"IOTHUB_CLIENT_CONFIRMATION_OK"
7292,10408225049,10408225082,1,"IOTHUB_CLIENT_CONFIRMATION_OK"
7293,10408225249,10408225313,1,"IOTHUB_CLIENT_CONFIRMATION_OK"
7294,10408225450,10408225492,1,"IOTHUB_CLIENT_CONFIRMATION_OK"
7295,10408225650,10408225743,1,"IOTHUB_CLIENT_CONFIRMATION_OK"
7296,10408225850,10408225895,1,"IOTHUB_CLIENT_CONFIRMATION_OK"
7297,10408226050,10408226100,1,"IOTHUB_CLIENT_CONFIRMATION_OK"
7298,10408226250,10408226305,1,"IOTHUB_CLIENT_CONFIRMATION_OK"
7299,10408226450,10408226516,1,"IOTHUB_CLIENT_CONFIRMATION_OK"
7300,10408226651,10408226686,1,"IOTHUB_CLIENT_CONFIRMATION_OK"
7301,10408226851,10408226890,1,"IOTHUB_CLIENT_CONFIRMATION_OK"
7302,10408227051,10408227134,1,"IOTHUB_CLIENT_CONFIRMATION_OK"
7303,10408227251,10408227301,1,"IOTHUB_CLIENT_CONFIRMATION_OK"
7304,10408227451,10408227591,1,"IOTHUB_CLIENT_CONFIRMATION_OK"
7305,10408227651,10408227749,1,"IOTHUB_CLIENT_CONFIRMATION_OK"
7306,10408227852,10408227905,1,"IOTHUB_CLIENT_CONFIRMATION_OK"
7307,10408228052,10408228097,1,"IOTHUB_CLIENT_CONFIRMATION_OK"
7308,10408228252,10408228286,1,"IOTHUB_CLIENT_CONFIRMATION_OK"
7309,10408228452,10408228501,1,"IOTHUB_CLIENT_CONFIRMATION_OK"
7310,10408228652,10408228729,1,"IOTHUB_CLIENT_CONFIRMATION_OK"
7311,10408228852,10408228891,1,"IOTHUB_CLIENT_CONFIRMATION_OK"
7312,10408229053,10408229158,1,"IOTHUB_CLIENT_CONFIRMATION_OK"
7313,10408229253,10408229292,1,"IOTHUB_CLIENT_CONFIRMATION_OK"
7314,10408229453,10408229503,1,"IOTHUB_CLIENT_CONFIRMATION_OK"
7315,10408229653,10408229714,1,"IOTHUB_CLIENT_CONFIRMATION_OK"
7316,10408229853,10408230056,1,"IOTHUB_CLIENT_CONFIRMATION_OK"
7317,10408230053,10408230102,1,"IOTHUB_CLIENT_CONFIRMATION_OK"
7318,10408230253,10408230319,1,"IOTHUB_CLIENT_CONFIRMATION_OK"
7319,10408230454,10408230518,1,"IOTHUB_CLIENT_CONFIRMATION_OK"
7320,10408230654,10408230710,1,"IOTHUB_CLIENT_CONFIRMATION_OK"
7321,10408230854,10408230891,1,"IOTHUB_CLIENT_CONFIRMATION_OK"
7322,10408231054,10408231109,1,"IOTHUB_CLIENT_CONFIRMATION_OK"
7323,10408231254,10408231287,1,"IOTHUB_CLIENT_CONFIRMATION_OK"
7324,10408231454,10408231549,1,"IOTHUB_CLIENT_CONFIRMATION_OK"
7325,10408231655,10408231702,1,"IOTHUB_CLIENT_CONFIRMATION_OK"
7326,10408231855,10408231900,1,"IOTHUB_CLIENT_CONFIRMATION_OK"
7327,10408232055,10408232105,1,"IOTHUB_CLIENT_CONFIRMATION_OK"
7328,10408232255,10408232284,1,"IOTHUB_CLIENT_CONFIRMATION_OK"
7329,10408232455,10408232512,1,"IOTHUB_CLIENT_CONFIRMATION_OK"
7330,10408232655,10408232710,1,"IOTHUB_CLIENT_CONFIRMATION_OK"
7331,10408232855,10408232907,1,"IOTHUB_CLIENT_CONFIRMATION_OK"
7332,10408233056,10408233165,1,"IOTHUB_CLIENT_CONFIRMATION_OK"
7333,10408233256,10408233299,1,"IOTHUB_CLIENT_CONFIRMATION_OK"
7334,10408233456,10408233599,1,"IOTHUB_CLIENT_CONFIRMATION_OK"
7335,10408233656,10408233696,1,"IOTHUB_CLIENT_CONFIRMATION_OK"
7336,10408233856,10408233898,1,"IOTHUB_CLIENT_CONFIRMATION_OK"
7337,10408234056,10408234145,1,"IOTHUB_CLIENT_CONFIRMATION_OK"
7338,10408234257,10408234308,1,"IOTHUB_CLIENT_CONFIRMATION_OK"
7339,10408234457,10408234497,1,"IOTHUB_CLIENT_CONFIRMATION_OK"
7340,10408234657,10408234707,1,"IOTHUB_CLIENT_CONFIRMATION_OK"
7341,10408234857,10408234987,1,"IOTHUB_CLIENT_CONFIRMATION_OK"
7342,10408235057,10408235110,1,"IOTHUB_CLIENT_CONFIRMATION_OK"
7343,10408235257,10408235305,1,"IOTHUB_CLIENT_CONFIRMATION_OK"
7344,10408235458,10408235499,1,"IOTHUB_CLIENT_CONFIRMATION_OK"
7345,10408235658,10408235698,1,"IOTHUB_CLIENT_CONFIRMATION_OK"
7346,10408235858,10408235904,1,"IOTHUB_CLIENT_CONFIRMATION_OK"
7347,10408236058,10408236111,1,"IOTHUB_CLIENT_CONFIRMATION_OK"
7348,10408236258,10408236432,1,"IOTHUB_CLIENT_CONFIRMATION_OK"
7349,10408236458,10408236514,1,"IOTHUB_CLIENT_CONFIRMATION_OK"
7350,10408236658,10408236717,1,"IOTHUB_CLIENT_CONFIRMATION_OK"
7351,10408236859,10408236908,1,"IOTHUB_CLIENT_CONFIRMATION_OK"
7352,10408237059,10408237097,1,"IOTHUB_CLIENT_CONFIRMATION_OK"
7353,10408237259,10408237292,1,"IOTHUB_CLIENT_CONFIRMATION_OK"
7354,10408237459,10408237498,1,"IOTHUB_CLIENT_CONFIRMATION_OK"
7355,10408237659,10408237833,1,"IOTHUB_CLIENT_CONFIRMATION_OK"
7356,10408237859,10408237904,1,"IOTHUB_CLIENT_CONFIRMATION_OK"
7357,10408238060,10408238107,1,"IOTHUB_CLIENT_CONFIRMATION_OK"
7358,10408238260,10408238331,1,"IOTHUB_CLIENT_CONFIRMATION_OK"
7359,10408238460,10408238498,1,"IOTHUB_CLIENT_CONFIRMATION_OK"
7360,10408238660,10408238798,1,"IOTHUB_CLIENT_CONFIRMATION_OK"
7361,10408238860,10408238922,1,"IOTHUB_CLIENT_CONFIRMATION_OK"
7362,10408239060,10408239255,1,"IOTHUB_CLIENT_CONFIRMATION_OK"
7363,10408239260,10408239304,1,"IOTHUB_CLIENT_CONFIRMATION_OK"
7364,10408239461,10408239499,1,"IOTHUB_CLIENT_CONFIRMATION_OK"
7365,10408239661,10408239718,1,"IOTHUB_CLIENT_CONFIRMATION_OK"
7366,10408239861,10408239902,1,"IOTHUB_CLIENT_CONFIRMATION_OK"
7367,10408240061,10408240103,1,"IOTHUB_CLIENT_CONFIRMATION_OK"
7368,10408240261,10408240305,1,"IOTHUB_CLIENT_CONFIRMATION_OK"
7369,10408240461,10408240509,1,"IOTHUB_CLIENT_CONFIRMATION_OK"
7370,10408240662,10408240704,1,"IOTHUB_CLIENT_CONFIRMATION_OK"
7371,10408240862,10408240896,1,"IOTHUB_CLIENT_CONFIRMATION_OK"
7372,10408241062,10408241106,1,"IOTHUB_CLIENT_CONFIRMATION_OK"
7373,10408241262,10408241362,1,"IOTHUB_CLIENT_CONFIRMATION_OK"
7374,10408241462,10408241523,1,"IOTHUB_CLIENT_CONFIRMATION_OK"
7375,10408241662,10408241746,1,"IOTHUB_CLIENT_CONFIRMATION_OK"
7376,10408241863,10408241904,1,"IOTHUB_CLIENT_CONFIRMATION_OK"
7377,10408242063,10408242094,1,"IOTHUB_CLIENT_CONFIRMATION_OK"
7378,10408242263,10408242299,1,"IOTHUB_CLIENT_CONFIRMATION_OK"
7379,10408242463,10408242545,1,"IOTHUB_CLIENT_CONFIRMATION_OK"
7380,10408242663,10408242777,1,"IOTHUB_CLIENT_CONFIRMATION_OK"
7381,10408242863,10408242905,1,"IOTHUB_CLIENT_CONFIRMATION_OK"
7382,10408243063,10408243096,1,"IOTHUB_CLIENT_CONFIRMATION_OK"
7383,10408243264,10408243319,1,"IOTHUB_CLIENT_CONFIRMATION_OK"
7384,10408243464,10408243495,1,"IOTHUB_CLIENT_CONFIRMATION_OK"
7385,10408243664,10408243705,1,"IOTHUB_CLIENT_CONFIRMATION_OK"
7386,10408243864,10408243901,1,"IOTHUB_CLIENT_CONFIRMATION_OK"
7387,10408244064,10408244210,1,"IOTHUB_CLIENT_CONFIRMATION_OK"
7388,10408244264,10408244301,1,"IOTHUB_CLIENT_CONFIRMATION_OK"
7389,10408244464,10408244541,1,"IOTHUB_CLIENT_CONFIRMATION_OK"
7390,10408244665,10408244722,1,"IOTHUB_CLIENT_CONFIRMATION_OK"
7391,10408244865,10408244913,1,"IOTHUB_CLIENT_CONFIRMATION_OK"
7392,10408245065,10408245108,1,"IOTHUB_CLIENT_CONFIRMATION_OK"
7393,10408245265,10408245316,1,"IOTHUB_CLIENT_CONFIRMATION_OK"
7394,10408245465,10408245518,1,"IOTHUB_CLIENT_CONFIRMATION_OK"
7395,10408245665,10408245722,1,"IOTHUB_CLIENT_CONFIRMATION_OK"
7396,10408245866,10408245903,1,"IOTHUB_CLIENT_CONFIRMATION_OK"
7397,10408246066,10408246136,1,"IOTHUB_CLIENT_CONFIRMATION_OK"
7398,10408246266,10408246379,1,"IOTHUB_CLIENT_CONFIRMATION_OK"
7399,10408246466,10408246520,1,"IOTHUB_CLIENT_CONFIRMATION_OK"
7400,10408246666,10408246708,1,"IOTHUB_CLIENT_CONFIRMATION_OK"
7401,10408246866,10408246926,1,"IOTHUB_CLIENT_CONFIRMATION_OK"
7402,10408247066,10408247117,1,"IOTHUB_CLIENT_CONFIRMATION_OK"
7403,10408247267,10408247304,1,"IOTHUB_CLIENT_CONFIRMATION_OK"
7404,10408247467,10408247511,1,"IOTHUB_CLIENT_CONFIRMATION_OK"
7405,10408247667,10408247864,1,"IOTHUB_CLIENT_CONFIRMATION_OK"
7406,10408247867,10408247911,1,"IOTHUB_CLIENT_CONFIRMATION_OK"
7407,10408248067,10408248103,1,"IOTHUB_CLIENT_CONFIRMATION_OK"
7408,10408248267,10408248302,1,"IOTHUB_CLIENT_CONFIRMATION_OK"
7409,10408248468,10408248507,1,"IOTHUB_CLIENT_CONFIRMATION_OK"
7410,10408248668,10408248708,1,"IOTHUB_CLIENT_CONFIRMATION_OK"
7411,10408248868,10408248903,1,"IOTHUB_CLIENT_CONFIRMATION_OK"
7412,10408249068,10408249280,1,"IOTHUB_CLIENT_CONFIRMATION_OK"
7413,10408249268,10408249326,1,"IOTHUB_CLIENT_CONFIRMATION_OK"
7414,10408249468,10408249599,1,"IOTHUB_CLIENT_CONFIRMATION_OK"
7415,10408249668,10408249710,1,"IOTHUB_CLIENT_CONFIRMATION_OK"
7416,10408249869,10408249922,1,"IOTHUB_CLIENT_CONFIRMATION_OK"
7417,10408250069,10408250099,1,"IOTHUB_CLIENT_CONFIRMATION_OK"
7418,10408250269,10408250300,1,"IOTHUB_CLIENT_CONFIRMATION_OK"
7419,10408250469,10408250512,1,"IOTHUB_CLIENT_CONFIRMATION_OK"
7420,10408250669,10408250739,1,"IOTHUB_CLIENT_CONFIRMATION_OK"
7421,10408250869,10408250907,1,"IOTHUB_CLIENT_CONFIRMATION_OK"
7422,10408251070,10408251115,1,"IOTHUB_CLIENT_CONFIRMATION_OK"
7423,10408251270,10408251329,1,"IOTHUB_CLIENT_CONFIRMATION_OK"
7424,10408251470,10408251511,1,"IOTHUB_CLIENT_CONFIRMATION_OK"
7425,10408251670,10408251709,1,"IOTHUB_CLIENT_CONFIRMATION_OK"
7426,10408251870,10408251996,1,"IOTHUB_CLIENT_CONFIRMATION_OK"
7427,10408252070,10408252163,1,"IOTHUB_CLIENT_CONFIRMATION_OK"
7428,10408252270,10408252315,1,"IOTHUB_CLIENT_CONFIRMATION_OK"
7429,10408252471,10408252505,1,"IOTHUB_CLIENT_CONFIRMATION_OK"
7430,10408252671,10408252955,1,"IOTHUB_CLIENT_CONFIRMATION_OK"
7431,10408252871,10408252974,1,"IOTHUB_CLIENT_CONFIRMATION_OK"
7432,10408253071,10408253111,1,"IOTHUB_CLIENT_CONFIRMATION_OK"
7433,10408253271,10408253306,1,"IOTHUB_CLIENT_CONFIRMATION_OK"
7434,10408253471,10408253512,1,"IOTHUB_CLIENT_CONFIRMATION_OK"
7435,10408253671,10408253731,1,"IOTHUB_CLIENT_CONFIRMATION_OK"
7436,10408253872,10408253921,1,"IOTHUB_CLIENT_CONFIRMATION_OK"
7437,10408254072,10408254186,1,"IOTHUB_CLIENT_CONFIRMATION_OK"
7438,10408254272,10408254317,1,"IOTHUB_CLIENT_CONFIRMATION_OK"
7439,10408254472,10408254517,1,"IOTHUB_CLIENT_CONFIRMATION_OK"
7440,10408254672,10408254733,1,"IOTHUB_CLIENT_CONFIRMATION_OK"
7441,10408254872,10408255074,1,"IOTHUB_CLIENT_CONFIRMATION_OK"
7442,10408255072,10408255148,1,"IOTHUB_CLIENT_CONFIRMATION_OK"
7443,10408255273,10408255308,1,"IOTHUB_CLIENT_CONFIRMATION_OK"
7444,10408255473,10408255515,1,"IOTHUB_CLIENT_CONFIRMATION_OK"
7445,10408255673,10408255724,1,"IOTHUB_CLIENT_CONFIRMATION_OK"
7446,10408255873,10408255918,1,"IOTHUB_CLIENT_CONFIRMATION_OK"
7447,10408256073,10408256122,1,"IOTHUB_CLIENT_CONFIRMATION_OK"
7448,10408256273,10408256430,1,"IOTHUB_CLIENT_CONFIRMATION_OK"
7449,10408256473,10408256567,1,"IOTHUB_CLIENT_CONFIRMATION_OK"
7450,10408256674,10408256729,1,"IOTHUB_CLIENT_CONFIRMATION_OK"
7451,10408256874,10408256920,1,"IOTHUB_CLIENT_CONFIRMATION_OK"
7452,10408257074,10408257136,1,"IOTHUB_CLIENT_CONFIRMATION_OK"
7453,10408257274,10408257317,1,"IOTHUB_CLIENT_CONFIRMATION_OK"
7454,10408257474,10408257521,1,"IOTHUB_CLIENT_CONFIRMATION_OK"
7455,10408257674,10408257968,1,"IOTHUB_CLIENT_CONFIRMATION_OK"
7456,10408257875,10408258005,1,"IOTHUB_CLIENT_CONFIRMATION_OK"
7457,10408258075,10408258131,1,"IOTHUB_CLIENT_CONFIRMATION_OK"
7458,10408258275,10408258312,1,"IOTHUB_CLIENT_CONFIRMATION_OK"
7459,10408258475,10408258523,1,"IOTHUB_CLIENT_CONFIRMATION_OK"
7460,10408258675,10408258718,1,"IOTHUB_CLIENT_CONFIRMATION_OK"
7461,10408258875,10408258914,1,"IOTHUB_CLIENT_CONFIRMATION_OK"
7462,10408259076,10408259255,1,"IOTHUB_CLIENT_CONFIRMATION_OK"
7463,10408259276,10408259316,1,"IOTHUB_CLIENT_CONFIRMATION_OK"
7464,10408259476,10408259515,1,"IOTHUB_CLIENT_CONFIRMATION_OK"
7465,10408259676,10408259723,1,"IOTHUB_CLIENT_CONFIRMATION_OK"
7466,10408259876,10408259942,1,"IOTHUB_CLIENT_CONFIRMATION_OK"
7467,10408260076,10408260112,1,"IOTHUB_CLIENT_CONFIRMATION_OK"
7468,10408260276,10408260320,1,"IOTHUB_CLIENT_CONFIRMATION_OK"
7469,10408260477,10408260513,1,"IOTHUB_CLIENT_CONFIRMATION_OK"
7470,10408260677,10408260722,1,"IOTHUB_CLIENT_CONFIRMATION_OK"
7471,10408260877,10408260947,1,"IOTHUB_CLIENT_CONFIRMATION_OK"
7472,10408261077,10408261117,1,"IOTHUB_CLIENT_CONFIRMATION_OK"
7473,10408261277,10408261327,1,"IOTHUB_CLIENT_CONFIRMATION_OK"
7474,10408261477,10408261520,1,"IOTHUB_CLIENT_CONFIRMATION_OK"
7475,10408261677,10408261722,1,"IOTHUB_CLIENT_CONFIRMATION_OK"
7476,10408261878,10408261933,1,"IOTHUB_CLIENT_CONFIRMATION_OK"
7477,10408262078,10408262146,1,"IOTHUB_CLIENT_CONFIRMATION_OK"
7478,10408262278,10408262334,1,"IOTHUB_CLIENT_CONFIRMATION_OK"
7479,10408262478,10408262511,1,"IOTHUB_CLIENT_CONFIRMATION_OK"
7480,10408262678,10408262734,1,"IOTHUB_CLIENT_CONFIRMATION_OK"
7481,10408262878,10408262911,1,"IOTHUB_CLIENT_CONFIRMATION_OK"
7482,10408263079,10408263127,1,"IOTHUB_CLIENT_CONFIRMATION_OK"
7483,10408263279,10408263313,1,"IOTHUB_CLIENT_CONFIRMATION_OK"
7484,10408263479,10408263557,1,"IOTHUB_CLIENT_CONFIRMATION_OK"
7485,10408263679,10408263745,1,"IOTHUB_CLIENT_CONFIRMATION_OK"
7486,10408263879,10408263931,1,"IOTHUB_CLIENT_CONFIRMATION_OK"
7487,10408264079,10408264177,1,"IOTHUB_CLIENT_CONFIRMATION_OK"
7488,10408264280,10408264312,1,"IOTHUB_CLIENT_CONFIRMATION_OK"
7489,10408264480,10408264546,1,"IOTHUB_CLIENT_CONFIRMATION_OK"
7490,10408264680,10408264716,1,"IOTHUB_CLIENT_CONFIRMATION_OK"
7491,10408264880,10408265067,1,"IOTHUB_CLIENT_CONFIRMATION_OK"
7492,10408265080,10408265136,1,"IOTHUB_CLIENT_CONFIRMATION_OK"
7493,10408265280,10408265314,1,"IOTHUB_CLIENT_CONFIRMATION_OK"
7494,10408265480,10408265525,1,"IOTHUB_CLIENT_CONFIRMATION_OK"
7495,10408265681,10408265741,1,"IOTHUB_CLIENT_CONFIRMATION_OK"
7496,10408265881,10408265924,1,"IOTHUB_CLIENT_CONFIRMATION_OK"
7497,10408266081,10408266205,1,"IOTHUB_CLIENT_CONFIRMATION_OK"
7498,10408266281,10408266484,1,"IOTHUB_CLIENT_CONFIRMATION_OK"
7499,10408266481,10408266529,1,"IOTHUB_CLIENT_CONFIRMATION_OK"
7500,10408266681,10408266730,1,"IOTHUB_CLIENT_CONFIRMATION_OK"
7501,10408266882,10408266918,1,"IOTHUB_CLIENT_CONFIRMATION_OK"
7502,10408267082,10408267128,1,"IOTHUB_CLIENT_CONFIRMATION_OK"
7503,10408267282,10408267334,1,"IOTHUB_CLIENT_CONFIRMATION_OK"
7504,10408267482,10408267518,1,"IOTHUB_CLIENT_CONFIRMATION_OK"
7505,10408267682,10408267852,1,"IOTHUB_CLIENT_CONFIRMATION_OK"
7506,10408267882,10408267942,1,"IOTHUB_CLIENT_CONFIRMATION_OK"
7507,10408268083,10408268149,1,"IOTHUB_CLIENT_CONFIRMATION_OK"
7508,10408268283,10408268318,1,"IOTHUB_CLIENT_CONFIRMATION_OK"
7509,10408268483,10408268531,1,"IOTHUB_CLIENT_CONFIRMATION_OK"
7510,10408268683,10408268764,1,"IOTHUB_CLIENT_CONFIRMATION_OK"
7511,10408268883,10408268990,1,"IOTHUB_CLIENT_CONFIRMATION_OK"
7512,10408269083,10408269293,1,"IOTHUB_CLIENT_CONFIRMATION_OK"
7513,10408269284,10408269343,1,"IOTHUB_CLIENT_CONFIRMATION_OK"
7514,10408269484,10408269524,1,"IOTHUB_CLIENT_CONFIRMATION_OK"
7515,10408269684,10408269728,1,"IOTHUB_CLIENT_CONFIRMATION_OK"
7516,10408269884,10408269937,1,"IOTHUB_CLIENT_CONFIRMATION_OK"
7517,10408270084,10408270135,1,"IOTHUB_CLIENT_CONFIRMATION_OK"
7518,10408270284,10408270425,1,"IOTHUB_CLIENT_CONFIRMATION_OK"
7519,10408270484,10408270519,1,"IOTHUB_CLIENT_CONFIRMATION_OK"
7520,10408270685,10408270751,1,"IOTHUB_CLIENT_CONFIRMATION_OK"
7521,10408270885,10408270949,1,"IOTHUB_CLIENT_CONFIRMATION_OK"
7522,10408271085,10408271128,1,"IOTHUB_CLIENT_CONFIRMATION_OK"
7523,10408271285,10408271327,1,"IOTHUB_CLIENT_CONFIRMATION_OK"
7524,10408271485,10408271522,1,"IOTHUB_CLIENT_CONFIRMATION_OK"
7525,10408271685,10408271772,1,"IOTHUB_CLIENT_CONFIRMATION_OK"
7526,10408271886,10408271935,1,"IOTHUB_CLIENT_CONFIRMATION_OK"
7527,10408272086,10408272139,1,"IOTHUB_CLIENT_CONFIRMATION_OK"
7528,10408272286,10408272338,1,"IOTHUB_CLIENT_CONFIRMATION_OK"
7529,10408272486,10408272535,1,"IOTHUB_CLIENT_CONFIRMATION_OK"
7530,10408272686,10408272735,1,"IOTHUB_CLIENT_CONFIRMATION_OK"
7531,10408272886,10408272921,1,"IOTHUB_CLIENT_CONFIRMATION_OK"
7532,10408273086,10408273119,1,"IOTHUB_CLIENT_CONFIRMATION_OK"
7533,10408273287,10408273332,1,"IOTHUB_CLIENT_CONFIRMATION_OK"
7534,10408273487,10408273567,1,"IOTHUB_CLIENT_CONFIRMATION_OK"
7535,10408273687,10408273727,1,"IOTHUB_CLIENT_CONFIRMATION_OK"
7536,10408273887,10408273928,1,"IOTHUB_CLIENT_CONFIRMATION_OK"
7537,10408274087,10408274156,1,"IOTHUB_CLIENT_CONFIRMATION_OK"
7538,10408274287,10408274322,1,"IOTHUB_CLIENT_CONFIRMATION_OK"
7539,10408274488,10408274520,1,"IOTHUB_CLIENT_CONFIRMATION_OK"
7540,10408274688,10408274748,1,"IOTHUB_CLIENT_CONFIRMATION_OK"
7541,10408274888,10408274968,1,"IOTHUB_CLIENT_CONFIRMATION_OK"
7542,10408275088,10408275145,1,"IOTHUB_CLIENT_CONFIRMATION_OK"
7543,10408275288,10408275322,1,"IOTHUB_CLIENT_CONFIRMATION_OK"
7544,10408275488,10408275528,1,"IOTHUB_CLIENT_CONFIRMATION_OK"
7545,10408275688,10408275729,1,"IOTHUB_CLIENT_CONFIRMATION_OK"
7546,10408275889,10408275939,1,"IOTHUB_CLIENT_CONFIRMATION_OK"
7547,10408276089,10408276142,1,"IOTHUB_CLIENT_CONFIRMATION_OK"
7548,10408276289,10408276440,1,"IOTHUB_CLIENT_CONFIRMATION_OK"
7549,10408276489,10408276536,1,"IOTHUB_CLIENT_CONFIRMATION_OK"
7550,10408276689,10408276733,1,"IOTHUB_CLIENT_CONFIRMATION_OK"
7551,10408276889,10408276928,1,"IOTHUB_CLIENT_CONFIRMATION_OK"
7552,10408277090,10408277135,1,"IOTHUB_CLIENT_CONFIRMATION_OK"
7553,10408277290,10408277359,1,"IOTHUB_CLIENT_CONFIRMATION_OK"
7554,10408277490,10408277523,1,"IOTHUB_CLIENT_CONFIRMATION_OK"
7555,10408277690,10408277851,1,"IOTHUB_CLIENT_CONFIRMATION_OK"
7556,10408277890,10408277931,1,"IOTHUB_CLIENT_CONFIRMATION_OK"
7557,10408278090,10408278150,1,"IOTHUB_CLIENT_CONFIRMATION_OK"
7558,10408278291,10408278339,1,"IOTHUB_CLIENT_CONFIRMATION_OK"
7559,10408278491,10408278524,1,"IOTHUB_CLIENT_CONFIRMATION_OK"
7560,10408278691,10408278743,1,"IOTHUB_CLIENT_CONFIRMATION_OK"
7561,10408278891,10408278956,1,"IOTHUB_CLIENT_CONFIRMATION_OK"
7562,10408279091,10408279272,1,"IOTHUB_CLIENT_CONFIRMATION_OK"
7563,10408279291,10408279335,1,"IOTHUB_CLIENT_CONFIRMATION_OK"
7564,10408279491,10408279537,1,"IOTHUB_CLIENT_CONFIRMATION_OK"
7565,10408279692,10408279777,1,"IOTHUB_CLIENT_CONFIRMATION_OK"
7566,10408279892,10408279967,1,"IOTHUB_CLIENT_CONFIRMATION_OK"
7567,10408280092,10408280157,1,"IOTHUB_CLIENT_CONFIRMATION_OK"
7568,10408280292,10408280340,1,"IOTHUB_CLIENT_CONFIRMATION_OK"
7569,10408280492,10408280530,1,"IOTHUB_CLIENT_CONFIRMATION_OK"
7570,10408280692,10408280762,1,"IOTHUB_CLIENT_CONFIRMATION_OK"
7571,10408280893,10408280954,1,"IOTHUB_CLIENT_CONFIRMATION_OK"
7572,10408281093,10408281142,1,"IOTHUB_CLIENT_CONFIRMATION_OK"
7573,10408281293,10408281346,1,"IOTHUB_CLIENT_CONFIRMATION_OK"
7574,10408281493,10408281543,1,"IOTHUB_CLIENT_CONFIRMATION_OK"
7575,10408281693,10408281763,1,"IOTHUB_CLIENT_CONFIRMATION_OK"
7576,10408281893,10408281947,1,"IOTHUB_CLIENT_CONFIRMATION_OK"
7577,10408282094,10408282142,1,"IOTHUB_CLIENT_CONFIRMATION_OK"
7578,10408282294,10408282371,1,"IOTHUB_CLIENT_CONFIRMATION_OK"
7579,10408282494,10408282527,1,"IOTHUB_CLIENT_CONFIRMATION_OK"
7580,10408282694,10408282730,1,"IOTHUB_CLIENT_CONFIRMATION_OK"
7581,10408282894,10408282937,1,"IOTHUB_CLIENT_CONFIRMATION_OK"
7582,10408283094,10408283137,1,"IOTHUB_CLIENT_CONFIRMATION_OK"
7583,10408283294,10408283402,1,"IOTHUB_CLIENT_CONFIRMATION_OK"
7584,10408283495,10408283587,1,"IOTHUB_CLIENT_CONFIRMATION_OK"
7585,10408283695,10408283745,1,"IOTHUB_CLIENT_CONFIRMATION_OK"
7586,10408283895,10408283930,1,"IOTHUB_CLIENT_CONFIRMATION_OK"
7587,10408284095,10408284159,1,"IOTHUB_CLIENT_CONFIRMATION_OK"
7588,10408284295,10408284329,1,"IOTHUB_CLIENT_CONFIRMATION_OK"
7589,10408284495,10408284528,1,"IOTHUB_CLIENT_CONFIRMATION_OK"
7590,10408284696,10408284731,1,"IOTHUB_CLIENT_CONFIRMATION_OK"
7591,10408284896,10408284991,1,"IOTHUB_CLIENT_CONFIRMATION_OK"
7592,10408285096,10408285152,1,"IOTHUB_CLIENT_CONFIRMATION_OK"
7593,10408285296,10408285349,1,"IOTHUB_CLIENT_CONFIRMATION_OK"
7594,10408285496,10408285540,1,"IOTHUB_CLIENT_CONFIRMATION_OK"
7595,10408285696,10408285750,1,"IOTHUB_CLIENT_CONFIRMATION_OK"
7596,10408285896,10408285944,1,"IOTHUB_CLIENT_CONFIRMATION_OK"
7597,10408286097,10408286127,1,"IOTHUB_CLIENT_CONFIRMATION_OK"
7598,10408286297,10408286433,1,"IOTHUB_CLIENT_CONFIRMATION_OK"
7599,10408286497,10408286540,1,"IOTHUB_CLIENT_CONFIRMATION_OK"
7600,10408286697,10408286746,1,"IOTHUB_CLIENT_CONFIRMATION_OK"
7601,10408286897,10408286932,1,"IOTHUB_CLIENT_CONFIRMATION_OK"
7602,10408287097,10408287155,1,"IOTHUB_CLIENT_CONFIRMATION_OK"
7603,10408287298,10408287358,1,"IOTHUB_CLIENT_CONFIRMATION_OK"
7604,10408287498,10408287540,1,"IOTHUB_CLIENT_CONFIRMATION_OK"
7605,10408287698,10408287869,1,"IOTHUB_CLIENT_CONFIRMATION_OK"
7606,10408287898,10408287942,1,"IOTHUB_CLIENT_CONFIRMATION_OK"
7607,10408288098,10408288142,1,"IOTHUB_CLIENT_CONFIRMATION_OK"
7608,10408288298,10408288344,1,"IOTHUB_CLIENT_CONFIRMATION_OK"
7609,10408288498,10408288541,1,"IOTHUB_CLIENT_CONFIRMATION_OK"
7610,10408288699,10408288783,1,"IOTHUB_CLIENT_CONFIRMATION_OK"
7611,10408288899,10408288947,1,"IOTHUB_CLIENT_CONFIRMATION_OK"
7612,10408289099,10408289141,1,"IOTHUB_CLIENT_CONFIRMATION_OK"
7613,10408289299,10408289362,1,"IOTHUB_CLIENT_CONFIRMATION_OK"
7614,10408289499,10408289556,1,"IOTHUB_CLIENT_CONFIRMATION_OK"
7615,10408289699,10408289815,1,"IOTHUB_CLIENT_CONFIRMATION_OK"
7616,10408289900,10408289934,1,"IOTHUB_CLIENT_CONFIRMATION_OK"
7617,10408290100,10408290141,1,"IOTHUB_CLIENT_CONFIRMATION_OK"
7618,10408290300,10408290349,1,"IOTHUB_CLIENT_CONFIRMATION_OK"
7619,10408290500,10408290535,1,"IOTHUB_CLIENT_CONFIRMATION_OK"
7620,10408290700,10408290759,1,"IOTHUB_CLIENT_CONFIRMATION_OK"
7621,10408290900,10408290946,1,"IOTHUB_CLIENT_CONFIRMATION_OK"
7622,10408291100,10408291167,1,"IOTHUB_CLIENT_CONFIRMATION_OK"
7623,10408291301,10408291341,1,"IOTHUB_CLIENT_CONFIRMATION_OK"
7624,10408291501,10408291557,1,"IOTHUB_CLIENT_CONFIRMATION_OK"
7625,10408291701,10408291736,1,"IOTHUB_CLIENT_CONFIRMATION_OK"
7626,10408291901,10408291950,1,"IOTHUB_CLIENT_CONFIRMATION_OK"
7627,10408292101,10408292149,1,"IOTHUB_CLIENT_CONFIRMATION_OK"
7628,10408292301,10408292341,1,"IOTHUB_CLIENT_CONFIRMATION_OK"
7629,10408292502,10408292560,1,"IOTHUB_CLIENT_CONFIRMATION_OK"
7630,10408292702,10408292752,1,"IOTHUB_CLIENT_CONFIRMATION_OK"
7631,10408292902,10408292941,1,"IOTHUB_CLIENT_CONFIRMATION_OK"
7632,10408293102,10408293137,1,"IOTHUB_CLIENT_CONFIRMATION_OK"
7633,10408293302,10408293386,1,"IOTHUB_CLIENT_CONFIRMATION_OK"
7634,10408293502,10408293595,1,"IOTHUB_CLIENT_CONFIRMATION_OK"
7635,10408293703,10408293769,1,"IOTHUB_CLIENT_CONFIRMATION_OK"
7636,10408293903,10408293970,1,"IOTHUB_CLIENT_CONFIRMATION_OK"
7637,10408294103,10408294139,1,"IOTHUB_CLIENT_CONFIRMATION_OK"
7638,10408294303,10408294365,1,"IOTHUB_CLIENT_CONFIRMATION_OK"
7639,10408294503,10408294546,1,"IOTHUB_CLIENT_CONFIRMATION_OK"
7640,10408294703,10408294760,1,"IOTHUB_CLIENT_CONFIRMATION_OK"
7641,10408294903,10408294965,1,"IOTHUB_CLIENT_CONFIRMATION_OK"
7642,10408295104,10408295171,1,"IOTHUB_CLIENT_CONFIRMATION_OK"
7643,10408295304,10408295365,1,"IOTHUB_CLIENT_CONFIRMATION_OK"
7644,10408295504,10408295536,1,"IOTHUB_CLIENT_CONFIRMATION_OK"
7645,10408295704,10408295738,1,"IOTHUB_CLIENT_CONFIRMATION_OK"
7646,10408295904,10408295970,1,"IOTHUB_CLIENT_CONFIRMATION_OK"
7647,10408296104,10408296145,1,"IOTHUB_CLIENT_CONFIRMATION_OK"
7648,10408296305,10408296404,1,"IOTHUB_CLIENT_CONFIRMATION_OK"
7649,10408296505,10408296564,1,"IOTHUB_CLIENT_CONFIRMATION_OK"
7650,10408296705,10408296769,1,"IOTHUB_CLIENT_CONFIRMATION_OK"
7651,10408296905,10408296939,1,"IOTHUB_CLIENT_CONFIRMATION_OK"
7652,10408297105,10408297145,1,"IOTHUB_CLIENT_CONFIRMATION_OK"
7653,10408297305,10408297353,1,"IOTHUB_CLIENT_CONFIRMATION_OK"
7654,10408297506,10408297555,1,"IOTHUB_CLIENT_CONFIRMATION_OK"
7655,10408297706,10408297777,1,"IOTHUB_CLIENT_CONFIRMATION_OK"
7656,10408297906,10408297964,1,"IOTHUB_CLIENT_CONFIRMATION_OK"
7657,10408298106,10408298159,1,"IOTHUB_CLIENT_CONFIRMATION_OK"
7658,10408298306,10408298338,1,"IOTHUB_CLIENT_CONFIRMATION_OK"
7659,10408298506,10408298569,1,"IOTHUB_CLIENT_CONFIRMATION_OK"
7660,10408298707,10408298781,1,"IOTHUB_CLIENT_CONFIRMATION_OK"
7661,10408298907,10408298942,1,"IOTHUB_CLIENT_CONFIRMATION_OK"
7662,10408299107,10408299206,1,"IOTHUB_CLIENT_CONFIRMATION_OK"
7663,10408299307,10408299352,1,"IOTHUB_CLIENT_CONFIRMATION_OK"
7664,10408299507,10408299566,1,"IOTHUB_CLIENT_CONFIRMATION_OK"
7665,10408299707,10408299746,1,"IOTHUB_CLIENT_CONFIRMATION_OK"
7666,10408299907,10408300045,1,"IOTHUB_CLIENT_CONFIRMATION_OK"
7667,10408300108,10408300153,1,"IOTHUB_CLIENT_CONFIRMATION_OK"
7668,10408300308,10408300349,1,"IOTHUB_CLIENT_CONFIRMATION_OK"
7669,10408300508,10408300570,1,"IOTHUB_CLIENT_CONFIRMATION_OK"
7670,10408300708,10408300837,1,"IOTHUB_CLIENT_CONFIRMATION_OK"
7671,10408300908,10408300946,1,"IOTHUB_CLIENT_CONFIRMATION_OK"
7672,10408301108,10408301145,1,"IOTHUB_CLIENT_CONFIRMATION_OK"
7673,10408301309,10408301472,1,"IOTHUB_CLIENT_CONFIRMATION_OK"
7674,10408301509,10408301545,1,"IOTHUB_CLIENT_CONFIRMATION_OK"
7675,10408301709,10408301747,1,"IOTHUB_CLIENT_CONFIRMATION_OK"
7676,10408301909,10408301944,1,"IOTHUB_CLIENT_CONFIRMATION_OK"
7677,10408302109,10408302432,1,"IOTHUB_CLIENT_CONFIRMATION_OK"
7678,10408302309,10408302518,1,"IOTHUB_CLIENT_CONFIRMATION_OK"
7679,10408302509,10408302576,1,"IOTHUB_CLIENT_CONFIRMATION_OK"
7680,10408302710,10408302905,1,"IOTHUB_CLIENT_CONFIRMATION_OK"
7681,10408302910,10408302950,1,"IOTHUB_CLIENT_CONFIRMATION_OK"
7682,10408303110,10408303154,1,"IOTHUB_CLIENT_CONFIRMATION_OK"
7683,10408303310,10408303364,1,"IOTHUB_CLIENT_CONFIRMATION_OK"
7684,10408303510,10408303655,1,"IOTHUB_CLIENT_CONFIRMATION_OK"
7685,10408303710,10408303790,1,"IOTHUB_CLIENT_CONFIRMATION_OK"
7686,10408303911,10408303972,1,"IOTHUB_CLIENT_CONFIRMATION_OK"
7687,10408304111,10408304326,1,"IOTHUB_CLIENT_CONFIRMATION_OK"
7688,10408304311,10408304374,1,"IOTHUB_CLIENT_CONFIRMATION_OK"
7689,10408304511,10408304561,1,"IOTHUB_CLIENT_CONFIRMATION_OK"
7690,10408304711,10408304769,1,"IOTHUB_CLIENT_CONFIRMATION_OK"
7691,10408304911,10408304947,1,"IOTHUB_CLIENT_CONFIRMATION_OK"
7692,10408305111,10408305161,1,"IOTHUB_CLIENT_CONFIRMATION_OK"
7693,10408305312,10408305351,1,"IOTHUB_CLIENT_CONFIRMATION_OK"
7694,10408305512,10408305555,1,"IOTHUB_CLIENT_CONFIRMATION_OK"
7695,10408305712,10408305759,1,"IOTHUB_CLIENT_CONFIRMATION_OK"
7696,10408305912,10408305965,1,"IOTHUB_CLIENT_CONFIRMATION_OK"
7697,10408306112,10408306165,1,"IOTHUB_CLIENT_CONFIRMATION_OK"
7698,10408306312,10408306371,1,"IOTHUB_CLIENT_CONFIRMATION_OK"
7699,10408306512,10408306564,1,"IOTHUB_CLIENT_CONFIRMATION_OK"
7700,10408306713,10408306787,1,"IOTHUB_CLIENT_CONFIRMATION_OK"
7701,10408306913,10408306958,1,"IOTHUB_CLIENT_CONFIRMATION_OK"
7702,10408307113,10408307183,1,"IOTHUB_CLIENT_CONFIRMATION_OK"
7703,10408307313,10408307358,1,"IOTHUB_CLIENT_CONFIRMATION_OK"
7704,10408307513,10408307543,1,"IOTHUB_CLIENT_CONFIRMATION_OK"
7705,10408307713,10408307805,1,"IOTHUB_CLIENT_CONFIRMATION_OK"
7706,10408307914,10408307982,1,"IOTHUB_CLIENT_CONFIRMATION_OK"
7707,10408308114,10408308165,1,"IOTHUB_CLIENT_CONFIRMATION_OK"
7708,10408308314,10408308344,1,"IOTHUB_CLIENT_CONFIRMATION_OK"
7709,10408308514,10408308616,1,"IOTHUB_CLIENT_CONFIRMATION_OK"
7710,10408308714,10408308752,1,"IOTHUB_CLIENT_CONFIRMATION_OK"
7711,10408308914,10408308964,1,"IOTHUB_CLIENT_CONFIRMATION_OK"
7712,10408309115,10408309197,1,"IOTHUB_CLIENT_CONFIRMATION_OK"
7713,10408309315,10408309361,1,"IOTHUB_CLIENT_CONFIRMATION_OK"
7714,10408309515,10408309564,1,"IOTHUB_CLIENT_CONFIRMATION_OK"
7715,10408309715,10408309761,1,"IOTHUB_CLIENT_CONFIRMATION_OK"
7716,10408309915,10408310052,1,"IOTHUB_CLIENT_CONFIRMATION_OK"
7717,10408310115,10408310158,1,"IOTHUB_CLIENT_CONFIRMATION_OK"
7718,10408310315,10408310364,1,"IOTHUB_CLIENT_CONFIRMATION_OK"
7719,10408310516,10408310577,1,"IOTHUB_CLIENT_CONFIRMATION_OK"
7720,10408310716,10408310747,1,"IOTHUB_CLIENT_CONFIRMATION_OK"
7721,10408310916,10408310968,1,"IOTHUB_CLIENT_CONFIRMATION_OK"
7722,10408311116,10408311148,1,"IOTHUB_CLIENT_CONFIRMATION_OK"
7723,10408311316,10408311450,1,"IOTHUB_CLIENT_CONFIRMATION_OK"
7724,10408311516,10408311548,1,"IOTHUB_CLIENT_CONFIRMATION_OK"
7725,10408311717,10408311774,1,"IOTHUB_CLIENT_CONFIRMATION_OK"
7726,10408311917,10408311963,1,"IOTHUB_CLIENT_CONFIRMATION_OK"
7727,10408312117,10408312181,1,"IOTHUB_CLIENT_CONFIRMATION_OK"
7728,10408312317,10408312354,1,"IOTHUB_CLIENT_CONFIRMATION_OK"
7729,10408312517,10408312581,1,"IOTHUB_CLIENT_CONFIRMATION_OK"
7730,10408312717,10408312890,1,"IOTHUB_CLIENT_CONFIRMATION_OK"
7731,10408312918,10408312953,1,"IOTHUB_CLIENT_CONFIRMATION_OK"
7732,10408313118,10408313237,1,"IOTHUB_CLIENT_CONFIRMATION_OK"
7733,10408313318,10408313388,1,"IOTHUB_CLIENT_CONFIRMATION_OK"
7734,10408313518,10408313598,1,"IOTHUB_CLIENT_CONFIRMATION_OK"
7735,10408313718,10408313764,1,"IOTHUB_CLIENT_CONFIRMATION_OK"
7736,10408313918,10408313960,1,"IOTHUB_CLIENT_CONFIRMATION_OK"
7737,10408314118,10408314234,1,"IOTHUB_CLIENT_CONFIRMATION_OK"
7738,10408314319,10408314379,1,"IOTHUB_CLIENT_CONFIRMATION_OK"
7739,10408314519,10408314596,1,"IOTHUB_CLIENT_CONFIRMATION_OK"
7740,10408314719,10408314760,1,"IOTHUB_CLIENT_CONFIRMATION_OK"
7741,10408314919,10408314993,1,"IOTHUB_CLIENT_CONFIRMATION_OK"
7742,10408315119,10408315171,1,"IOTHUB_CLIENT_CONFIRMATION_OK"
7743,10408315319,10408315356,1,"IOTHUB_CLIENT_CONFIRMATION_OK"
7744,10408315519,10408315562,1,"IOTHUB_CLIENT_CONFIRMATION_OK"
7745,10408315720,10408315758,1,"IOTHUB_CLIENT_CONFIRMATION_OK"
7746,10408315920,10408315971,1,"IOTHUB_CLIENT_CONFIRMATION_OK"
7747,10408316120,10408316173,1,"IOTHUB_CLIENT_CONFIRMATION_OK"
7748,10408316320,10408316353,1,"IOTHUB_CLIENT_CONFIRMATION_OK"
7749,10408316520,10408316561,1,"IOTHUB_CLIENT_CONFIRMATION_OK"
7750,10408316720,10408316771,1,"IOTHUB_CLIENT_CONFIRMATION_OK"
7751,10408316920,10408317004,1,"IOTHUB_CLIENT_CONFIRMATION_OK"
7752,10408317121,10408317242,1,"IOTHUB_CLIENT_CONFIRMATION_OK"
7753,10408317321,10408317373,1,"IOTHUB_CLIENT_CONFIRMATION_OK"
7754,10408317521,10408317557,1,"IOTHUB_CLIENT_CONFIRMATION_OK"
7755,10408317721,10408317964,1,"IOTHUB_CLIENT_CONFIRMATION_OK"
7756,10408317921,10408318032,1,"IOTHUB_CLIENT_CONFIRMATION_OK"
7757,10408318121,10408318165,1,"IOTHUB_CLIENT_CONFIRMATION_OK"
7758,10408318322,10408318357,1,"IOTHUB_CLIENT_CONFIRMATION_OK"
7759,10408318522,10408318616,1,"IOTHUB_CLIENT_CONFIRMATION_OK"
7760,10408318722,10408318756,1,"IOTHUB_CLIENT_CONFIRMATION_OK"
7761,10408318922,10408318966,1,"IOTHUB_CLIENT_CONFIRMATION_OK"
7762,10408319122,10408319166,1,"IOTHUB_CLIENT_CONFIRMATION_OK"
7763,10408319322,10408319379,1,"IOTHUB_CLIENT_CONFIRMATION_OK"
7764,10408319522,10408319560,1,"IOTHUB_CLIENT_CONFIRMATION_OK"
7765,10408319723,10408319823,1,"IOTHUB_CLIENT_CONFIRMATION_OK"
7766,10408319923,10408320046,1,"IOTHUB_CLIENT_CONFIRMATION_OK"
7767,10408320123,10408320172,1,"IOTHUB_CLIENT_CONFIRMATION_OK"
7768,10408320323,10408320366,1,"IOTHUB_CLIENT_CONFIRMATION_OK"
7769,10408320523,10408320581,1,"IOTHUB_CLIENT_CONFIRMATION_OK"
7770,10408320723,10408320759,1,"IOTHUB_CLIENT_CONFIRMATION_OK"
7771,10408320923,10408320959,1,"IOTHUB_CLIENT_CONFIRMATION_OK"
7772,10408321124,10408321209,1,"IOTHUB_CLIENT_CONFIRMATION_OK"
7773,10408321324,10408321491,1,"IOTHUB_CLIENT_CONFIRMATION_OK"
7774,10408321524,10408321561,1,"IOTHUB_CLIENT_CONFIRMATION_OK"
7775,10408321724,10408321764,1,"IOTHUB_CLIENT_CONFIRMATION_OK"
7776,10408321924,10408321989,1,"IOTHUB_CLIENT_CONFIRMATION_OK"
7777,10408322124,10408322165,1,"IOTHUB_CLIENT_CONFIRMATION_OK"
7778,10408322324,10408322363,1,"IOTHUB_CLIENT_CONFIRMATION_OK"
7779,10408322525,10408322585,1,"IOTHUB_CLIENT_CONFIRMATION_OK"
7780,10408322725,10408322893,1,"IOTHUB_CLIENT_CONFIRMATION_OK"
7781,10408322925,10408322962,1,"IOTHUB_CLIENT_CONFIRMATION_OK"
7782,10408323125,10408323178,1,"IOTHUB_CLIENT_CONFIRMATION_OK"
7783,10408323325,10408323356,1,"IOTHUB_CLIENT_CONFIRMATION_OK"
7784,10408323525,10408323569,1,"IOTHUB_CLIENT_CONFIRMATION_OK"
7785,10408323725,10408323779,1,"IOTHUB_CLIENT_CONFIRMATION_OK"
7786,10408323926,10408323979,1,"IOTHUB_CLIENT_CONFIRMATION_OK"
7787,10408324126,10408324180,1,"IOTHUB_CLIENT_CONFIRMATION_OK"
7788,10408324326,10408324369,1,"IOTHUB_CLIENT_CONFIRMATION_OK"
7789,10408324526,10408324584,1,"IOTHUB_CLIENT_CONFIRMATION_OK"
7790,10408324726,10408324778,1,"IOTHUB_CLIENT_CONFIRMATION_OK"
7791,10408324926,10408324964,1,"IOTHUB_CLIENT_CONFIRMATION_OK"
7792,10408325126,10408325167,1,"IOTHUB_CLIENT_CONFIRMATION_OK"
7793,10408325327,10408325359,1,"IOTHUB_CLIENT_CONFIRMATION_OK"
7794,10408325527,10408325567,1,"IOTHUB_CLIENT_CONFIRMATION_OK"
7795,10408325727,10408325769,1,"IOTHUB_CLIENT_CONFIRMATION_OK"
7796,10408325927,10408325985,1,"IOTHUB_CLIENT_CONFIRMATION_OK"
7797,10408326127,10408326179,1,"IOTHUB_CLIENT_CONFIRMATION_OK"
7798,10408326327,10408326383,1,"IOTHUB_CLIENT_CONFIRMATION_OK"
7799,10408326528,10408326574,1,"IOTHUB_CLIENT_CONFIRMATION_OK"
7800,10408326728,10408326773,1,"IOTHUB_CLIENT_CONFIRMATION_OK"
7801,10408326928,10408326962,1,"IOTHUB_CLIENT_CONFIRMATION_OK"
7802,10408327128,10408327236,1,"IOTHUB_CLIENT_CONFIRMATION_OK"
7803,10408327328,10408327388,1,"IOTHUB_CLIENT_CONFIRMATION_OK"
7804,10408327528,10408327582,1,"IOTHUB_CLIENT_CONFIRMATION_OK"
7805,10408327728,10408327959,1,"IOTHUB_CLIENT_CONFIRMATION_OK"
7806,10408327929,10408328012,1,"IOTHUB_CLIENT_CONFIRMATION_OK"
7807,10408328129,10408328198,1,"IOTHUB_CLIENT_CONFIRMATION_OK"
7808,10408328329,10408328362,1,"IOTHUB_CLIENT_CONFIRMATION_OK"
7809,10408328529,10408328643,1,"IOTHUB_CLIENT_CONFIRMATION_OK"
7810,10408328729,10408328771,1,"IOTHUB_CLIENT_CONFIRMATION_OK"
7811,10408328929,10408328965,1,"IOTHUB_CLIENT_CONFIRMATION_OK"
7812,10408329130,10408329172,1,"IOTHUB_CLIENT_CONFIRMATION_OK"
7813,10408329330,10408329385,1,"IOTHUB_CLIENT_CONFIRMATION_OK"
7814,10408329530,10408329578,1,"IOTHUB_CLIENT_CONFIRMATION_OK"
7815,10408329730,10408329779,1,"IOTHUB_CLIENT_CONFIRMATION_OK"
7816,10408329930,10408330121,1,"IOTHUB_CLIENT_CONFIRMATION_OK"
7817,10408330130,10408330189,1,"IOTHUB_CLIENT_CONFIRMATION_OK"
7818,10408330330,10408330372,1,"IOTHUB_CLIENT_CONFIRMATION_OK"
7819,10408330531,10408330580,1,"IOTHUB_CLIENT_CONFIRMATION_OK"
7820,10408330731,10408330772,1,"IOTHUB_CLIENT_CONFIRMATION_OK"
7821,10408330931,10408330975,1,"IOTHUB_CLIENT_CONFIRMATION_OK"
7822,10408331131,10408331206,1,"IOTHUB_CLIENT_CONFIRMATION_OK"
7823,10408331331,10408331495,1,"IOTHUB_CLIENT_CONFIRMATION_OK"
7824,10408331531,10408331566,1,"IOTHUB_CLIENT_CONFIRMATION_OK"
7825,10408331732,10408331848,1,"IOTHUB_CLIENT_CONFIRMATION_OK"
7826,10408331932,10408331976,1,"IOTHUB_CLIENT_CONFIRMATION_OK"
7827,10408332132,10408332193,1,"IOTHUB_CLIENT_CONFIRMATION_OK"
7828,10408332332,10408332377,1,"IOTHUB_CLIENT_CONFIRMATION_OK"
7829,10408332532,10408332565,1,"IOTHUB_CLIENT_CONFIRMATION_OK"
7830,10408332732,10408332900,1,"IOTHUB_CLIENT_CONFIRMATION_OK"
7831,10408332932,10408332978,1,"IOTHUB_CLIENT_CONFIRMATION_OK"
7832,10408333133,10408333189,1,"IOTHUB_CLIENT_CONFIRMATION_OK"
7833,10408333333,10408333384,1,"IOTHUB_CLIENT_CONFIRMATION_OK"
7834,10408333533,10408333623,1,"IOTHUB_CLIENT_CONFIRMATION_OK"
7835,10408333733,10408333800,1,"IOTHUB_CLIENT_CONFIRMATION_OK"
7836,10408333933,10408333997,1,"IOTHUB_CLIENT_CONFIRMATION_OK"
7837,10408334133,10408334204,1,"IOTHUB_CLIENT_CONFIRMATION_OK"
7838,10408334333,10408334375,1,"IOTHUB_CLIENT_CONFIRMATION_OK"
7839,10408334534,10408334583,1,"IOTHUB_CLIENT_CONFIRMATION_OK"
7840,10408334734,10408334791,1,"IOTHUB_CLIENT_CONFIRMATION_OK"
7841,10408334934,10408334988,1,"IOTHUB_CLIENT_CONFIRMATION_OK"
7842,10408335134,10408335208,1,"IOTHUB_CLIENT_CONFIRMATION_OK"
7843,10408335334,10408335380,1,"IOTHUB_CLIENT_CONFIRMATION_OK"
7844,10408335534,10408335586,1,"IOTHUB_CLIENT_CONFIRMATION_OK"
7845,10408335735,10408335821,1,"IOTHUB_CLIENT_CONFIRMATION_OK"
7846,10408335935,10408335997,1,"IOTHUB_CLIENT_CONFIRMATION_OK"
7847,10408336135,10408336180,1,"IOTHUB_CLIENT_CONFIRMATION_OK"
7848,10408336335,10408336391,1,"IOTHUB_CLIENT_CONFIRMATION_OK"
7849,10408336535,10408336593,1,"IOTHUB_CLIENT_CONFIRMATION_OK"
7850,10408336735,10408336779,1,"IOTHUB_CLIENT_CONFIRMATION_OK"
7851,10408336935,10408336970,1,"IOTHUB_CLIENT_CONFIRMATION_OK"
7852,10408337136,10408337199,1,"IOTHUB_CLIENT_CONFIRMATION_OK"
7853,10408337336,10408337404,1,"IOTHUB_CLIENT_CONFIRMATION_OK"
7854,10408337536,10408337596,1,"IOTHUB_CLIENT_CONFIRMATION_OK"
7855,10408337736,10408337824,1,"IOTHUB_CLIENT_CONFIRMATION_OK"
7856,10408337936,10408337976,1,"IOTHUB_CLIENT_CONFIRMATION_OK"
7857,10408338136,10408338175,1,"IOTHUB_CLIENT_CONFIRMATION_OK"
7858,10408338337,10408338379,1,"IOTHUB_CLIENT_CONFIRMATION_OK"
7859,10408338537,10408338645,1,"IOTHUB_CLIENT_CONFIRMATION_OK"
7860,10408338737,10408338796,1,"IOTHUB_CLIENT_CONFIRMATION_OK"
7861,10408338937,10408338980,1,"IOTHUB_CLIENT_CONFIRMATION_OK"
7862,10408339137,10408339203,1,"IOTHUB_CLIENT_CONFIRMATION_OK"
7863,10408339337,10408339379,1,"IOTHUB_CLIENT_CONFIRMATION_OK"
7864,10408339538,10408339571,1,"IOTHUB_CLIENT_CONFIRMATION_OK"
7865,10408339738,10408339797,1,"IOTHUB_CLIENT_CONFIRMATION_OK"
7866,10408339938,10408340081,1,"IOTHUB_CLIENT_CONFIRMATION_OK"
7867,10408340138,10408340182,1,"IOTHUB_CLIENT_CONFIRMATION_OK"
7868,10408340338,10408340402,1,"IOTHUB_CLIENT_CONFIRMATION_OK"
7869,10408340538,10408340584,1,"IOTHUB_CLIENT_CONFIRMATION_OK"
7870,10408340738,10408340784,1,"IOTHUB_CLIENT_CONFIRMATION_OK"
7871,10408340939,10408341009,1,"IOTHUB_CLIENT_CONFIRMATION_OK"
7872,10408341139,10408341207,1,"IOTHUB_CLIENT_CONFIRMATION_OK"
7873,10408341339,10408341526,1,"IOTHUB_CLIENT_CONFIRMATION_OK"
7874,10408341539,10408341574,1,"IOTHUB_CLIENT_CONFIRMATION_OK"
7875,10408341739,10408341820,1,"IOTHUB_CLIENT_CONFIRMATION_OK"
7876,10408341939,10408341995,1,"IOTHUB_CLIENT_CONFIRMATION_OK"
7877,10408342140,10408342195,1,"IOTHUB_CLIENT_CONFIRMATION_OK"
7878,10408342340,10408342386,1,"IOTHUB_CLIENT_CONFIRMATION_OK"
7879,10408342540,10408342589,1,"IOTHUB_CLIENT_CONFIRMATION_OK"
7880,10408342740,10408342779,1,"IOTHUB_CLIENT_CONFIRMATION_OK"
7881,10408342940,10408342981,1,"IOTHUB_CLIENT_CONFIRMATION_OK"
7882,10408343140,10408343175,1,"IOTHUB_CLIENT_CONFIRMATION_OK"
7883,10408343340,10408343385,1,"IOTHUB_CLIENT_CONFIRMATION_OK"
7884,10408343541,10408343620,1,"IOTHUB_CLIENT_CONFIRMATION_OK"
7885,10408343741,10408343808,1,"IOTHUB_CLIENT_CONFIRMATION_OK"
7886,10408343941,10408344000,1,"IOTHUB_CLIENT_CONFIRMATION_OK"
7887,10408344141,10408344189,1,"IOTHUB_CLIENT_CONFIRMATION_OK"
7888,10408344341,10408344393,1,"IOTHUB_CLIENT_CONFIRMATION_OK"
7889,10408344541,10408344582,1,"IOTHUB_CLIENT_CONFIRMATION_OK"
7890,10408344742,10408344799,1,"IOTHUB_CLIENT_CONFIRMATION_OK"
7891,10408344942,10408345037,1,"IOTHUB_CLIENT_CONFIRMATION_OK"
7892,10408345142,10408345202,1,"IOTHUB_CLIENT_CONFIRMATION_OK"
7893,10408345342,10408345375,1,"IOTHUB_CLIENT_CONFIRMATION_OK"
7894,10408345542,10408345667,1,"IOTHUB_CLIENT_CONFIRMATION_OK"
7895,10408345742,10408345786,1,"IOTHUB_CLIENT_CONFIRMATION_OK"
7896,10408345942,10408345993,1,"IOTHUB_CLIENT_CONFIRMATION_OK"
7897,10408346143,10408346200,1,"IOTHUB_CLIENT_CONFIRMATION_OK"
7898,10408346343,10408346396,1,"IOTHUB_CLIENT_CONFIRMATION_OK"
7899,10408346543,10408346585,1,"IOTHUB_CLIENT_CONFIRMATION_OK"
7900,10408346743,10408346845,1,"IOTHUB_CLIENT_CONFIRMATION_OK"
7901,10408346943,10408346981,1,"IOTHUB_CLIENT_CONFIRMATION_OK"
7902,10408347143,10408347220,1,"IOTHUB_CLIENT_CONFIRMATION_OK"
7903,10408347343,10408347384,1,"IOTHUB_CLIENT_CONFIRMATION_OK"
7904,10408347544,10408347576,1,"IOTHUB_CLIENT_CONFIRMATION_OK"
7905,10408347744,10408347811,1,"IOTHUB_CLIENT_CONFIRMATION_OK"
7906,10408347944,10408347987,1,"IOTHUB_CLIENT_CONFIRMATION_OK"
7907,10408348144,10408348193,1,"IOTHUB_CLIENT_CONFIRMATION_OK"
7908,10408348344,10408348393,1,"IOTHUB_CLIENT_CONFIRMATION_OK"
7909,10408348544,10408348616,1,"IOTHUB_CLIENT_CONFIRMATION_OK"
7910,10408348745,10408348886,1,"IOTHUB_CLIENT_CONFIRMATION_OK"
7911,10408348945,10408348999,1,"IOTHUB_CLIENT_CONFIRMATION_OK"
7912,10408349145,10408349200,1,"IOTHUB_CLIENT_CONFIRMATION_OK"
7913,10408349345,10408349381,1,"IOTHUB_CLIENT_CONFIRMATION_OK"
7914,10408349545,10408349585,1,"IOTHUB_CLIENT_CONFIRMATION_OK"
7915,10408349745,10408349782,1,"IOTHUB_CLIENT_CONFIRMATION_OK"
7916,10408349945,10408350113,1,"IOTHUB_CLIENT_CONFIRMATION_OK"
7917,10408350146,10408350189,1,"IOTHUB_CLIENT_CONFIRMATION_OK"
7918,10408350346,10408350383,1,"IOTHUB_CLIENT_CONFIRMATION_OK"
7919,10408350546,10408350596,1,"IOTHUB_CLIENT_CONFIRMATION_OK"
7920,10408350746,10408350783,1,"IOTHUB_CLIENT_CONFIRMATION_OK"
7921,10408350946,10408350990,1,"IOTHUB_CLIENT_CONFIRMATION_OK"
7922,10408351146,10408351182,1,"IOTHUB_CLIENT_CONFIRMATION_OK"
7923,10408351347,10408351384,1,"IOTHUB_CLIENT_CONFIRMATION_OK"
7924,10408351547,10408351586,1,"IOTHUB_CLIENT_CONFIRMATION_OK"
7925,10408351747,10408351782,1,"IOTHUB_CLIENT_CONFIRMATION_OK"
7926,10408351947,10408351982,1,"IOTHUB_CLIENT_CONFIRMATION_OK"
7927,10408352147,10408352192,1,"IOTHUB_CLIENT_CONFIRMATION_OK"
7928,10408352347,10408352445,1,"IOTHUB_CLIENT_CONFIRMATION_OK"
7929,10408352547,10408352586,1,"IOTHUB_CLIENT_CONFIRMATION_OK"
7930,10408352748,10408352942,1,"IOTHUB_CLIENT_CONFIRMATION_OK"
7931,10408352948,10408352992,1,"IOTHUB_CLIENT_CONFIRMATION_OK"
7932,10408353148,10408353232,1,"IOTHUB_CLIENT_CONFIRMATION_OK"
7933,10408353348,10408353393,1,"IOTHUB_CLIENT_CONFIRMATION_OK"
7934,10408353548,10408353632,1,"IOTHUB_CLIENT_CONFIRMATION_OK"
7935,10408353748,10408353806,1,"IOTHUB_CLIENT_CONFIRMATION_OK"
7936,10408353949,10408353984,1,"IOTHUB_CLIENT_CONFIRMATION_OK"
7937,10408354149,10408354197,1,"IOTHUB_CLIENT_CONFIRMATION_OK"
7938,10408354349,10408354386,1,"IOTHUB_CLIENT_CONFIRMATION_OK"
7939,10408354549,10408354593,1,"IOTHUB_CLIENT_CONFIRMATION_OK"
7940,10408354749,10408354785,1,"IOTHUB_CLIENT_CONFIRMATION_OK"
7941,10408354949,10408354994,1,"IOTHUB_CLIENT_CONFIRMATION_OK"
7942,10408355150,10408355180,1,"IOTHUB_CLIENT_CONFIRMATION_OK"
7943,10408355350,10408355418,1,"IOTHUB_CLIENT_CONFIRMATION_OK"
7944,10408355550,10408355615,1,"IOTHUB_CLIENT_CONFIRMATION_OK"
7945,10408355750,10408355809,1,"IOTHUB_CLIENT_CONFIRMATION_OK"
7946,10408355950,10408356004,1,"IOTHUB_CLIENT_CONFIRMATION_OK"
7947,10408356150,10408356198,1,"IOTHUB_CLIENT_CONFIRMATION_OK"
7948,10408356350,10408356395,1,"IOTHUB_CLIENT_CONFIRMATION_OK"
7949,10408356551,10408356610,1,"IOTHUB_CLIENT_CONFIRMATION_OK"
7950,10408356751,10408356796,1,"IOTHUB_CLIENT_CONFIRMATION_OK"
7951,10408356951,10408357023,1,"IOTHUB_CLIENT_CONFIRMATION_OK"
7952,10408357151,10408357218,1,"IOTHUB_CLIENT_CONFIRMATION_OK"
7953,10408357351,10408357386,1,"IOTHUB_CLIENT_CONFIRMATION_OK"
7954,10408357551,10408357613,1,"IOTHUB_CLIENT_CONFIRMATION_OK"
7955,10408357752,10408357873,1,"IOTHUB_CLIENT_CONFIRMATION_OK"
7956,10408357952,10408358002,1,"IOTHUB_CLIENT_CONFIRMATION_OK"
7957,10408358152,10408358188,1,"IOTHUB_CLIENT_CONFIRMATION_OK"
7958,10408358352,10408358405,1,"IOTHUB_CLIENT_CONFIRMATION_OK"
7959,10408358552,10408358641,1,"IOTHUB_CLIENT_CONFIRMATION_OK"
7960,10408358752,10408358797,1,"IOTHUB_CLIENT_CONFIRMATION_OK"
7961,10408358952,10408358989,1,"IOTHUB_CLIENT_CONFIRMATION_OK"
7962,10408359153,10408359208,1,"IOTHUB_CLIENT_CONFIRMATION_OK"
7963,10408359353,10408359384,1,"IOTHUB_CLIENT_CONFIRMATION_OK"
7964,10408359553,10408359657,1,"IOTHUB_CLIENT_CONFIRMATION_OK"
7965,10408359753,10408359799,1,"IOTHUB_CLIENT_CONFIRMATION_OK"
7966,10408359953,10408360055,1,"IOTHUB_CLIENT_CONFIRMATION_OK"
7967,10408360153,10408360202,1,"IOTHUB_CLIENT_CONFIRMATION_OK"
7968,10408360354,10408360395,1,"IOTHUB_CLIENT_CONFIRMATION_OK"
7969,10408360554,10408360589,1,"IOTHUB_CLIENT_CONFIRMATION_OK"
7970,10408360754,10408360794,1,"IOTHUB_CLIENT_CONFIRMATION_OK"
7971,10408360954,10408361061,1,"IOTHUB_CLIENT_CONFIRMATION_OK"
7972,10408361154,10408361197,1,"IOTHUB_CLIENT_CONFIRMATION_OK"
7973,10408361354,10408361495,1,"IOTHUB_CLIENT_CONFIRMATION_OK"
7974,10408361554,10408361632,1,"IOTHUB_CLIENT_CONFIRMATION_OK"
7975,10408361755,10408361788,1,"IOTHUB_CLIENT_CONFIRMATION_OK"
7976,10408361955,10408361995,1,"IOTHUB_CLIENT_CONFIRMATION_OK"
7977,10408362155,10408362194,1,"IOTHUB_CLIENT_CONFIRMATION_OK"
7978,10408362355,10408362407,1,"IOTHUB_CLIENT_CONFIRMATION_OK"
7979,10408362555,10408362606,1,"IOTHUB_CLIENT_CONFIRMATION_OK"
7980,10408362755,10408362904,1,"IOTHUB_CLIENT_CONFIRMATION_OK"
7981,10408362955,10408363013,1,"IOTHUB_CLIENT_CONFIRMATION_OK"
7982,10408363156,10408363198,1,"IOTHUB_CLIENT_CONFIRMATION_OK"
7983,10408363356,10408363405,1,"IOTHUB_CLIENT_CONFIRMATION_OK"
7984,10408363556,10408363621,1,"IOTHUB_CLIENT_CONFIRMATION_OK"
7985,10408363756,10408363791,1,"IOTHUB_CLIENT_CONFIRMATION_OK"
7986,10408363956,10408364010,1,"IOTHUB_CLIENT_CONFIRMATION_OK"
7987,10408364156,10408364203,1,"IOTHUB_CLIENT_CONFIRMATION_OK"
7988,10408364357,10408364413,1,"IOTHUB_CLIENT_CONFIRMATION_OK"
7989,10408364557,10408364609,1,"IOTHUB_CLIENT_CONFIRMATION_OK"
7990,10408364757,10408364817,1,"IOTHUB_CLIENT_CONFIRMATION_OK"
7991,10408364957,10408365021,1,"IOTHUB_CLIENT_CONFIRMATION_OK"
7992,10408365157,10408365197,1,"IOTHUB_CLIENT_CONFIRMATION_OK"
7993,10408365357,10408365400,1,"IOTHUB_CLIENT_CONFIRMATION_OK"
7994,10408365557,10408365615,1,"IOTHUB_CLIENT_CONFIRMATION_OK"
7995,10408365758,10408365822,1,"IOTHUB_CLIENT_CONFIRMATION_OK"
7996,10408365958,10408366006,1,"IOTHUB_CLIENT_CONFIRMATION_OK"
7997,10408366158,10408366209,1,"IOTHUB_CLIENT_CONFIRMATION_OK"
7998,10408366358,10408366448,1,"IOTHUB_CLIENT_CONFIRMATION_OK"
7999,10408366558,10408366612,1,"IOTHUB_CLIENT_CONFIRMATION_OK"
8000,10408366758,10408366862,1,"IOTHUB_CLIENT_CONFIRMATION_OK"
8001,10408366959,10408366995,1,"IOTHUB_CLIENT_CONFIRMATION_OK"
8002,10408367159,10408367212,1,"IOTHUB_CLIENT_CONFIRMATION_OK"
8003,10408367359,10408367427,1,"IOTHUB_CLIENT_CONFIRMATION_OK"
8004,10408367559,10408367604,1,"IOTHUB_CLIENT_CONFIRMATION_OK"
8005,10408367759,10408367923,1,"IOTHUB_CLIENT_CONFIRMATION_OK"
8006,10408367959,10408368000,1,"IOTHUB_CLIENT_CONFIRMATION_OK"
8007,10408368159,10408368209,1,"IOTHUB_CLIENT_CONFIRMATION_OK"
8008,10408368360,10408368431,1,"IOTHUB_CLIENT_CONFIRMATION_OK"
8009,10408368560,10408368599,1,"IOTHUB_CLIENT_CONFIRMATION_OK"
8010,10408368760,10408368800,1,"IOTHUB_CLIENT_CONFIRMATION_OK"
8011,10408368960,10408369004,1,"IOTHUB_CLIENT_CONFIRMATION_OK"
8012,10408369160,10408369207,1,"IOTHUB_CLIENT_CONFIRMATION_OK"
8013,10408369360,10408369419,1,"IOTHUB_CLIENT_CONFIRMATION_OK"
8014,10408369561,10408369600,1,"IOTHUB_CLIENT_CONFIRMATION_OK"
8015,10408369761,10408369829,1,"IOTHUB_CLIENT_CONFIRMATION_OK"
8016,10408369961,10408369999,1,"IOTHUB_CLIENT_CONFIRMATION_OK"
8017,10408370161,10408370205,1,"IOTHUB_CLIENT_CONFIRMATION_OK"
8018,10408370361,10408370410,1,"IOTHUB_CLIENT_CONFIRMATION_OK"
8019,10408370561,10408370603,1,"IOTHUB_CLIENT_CONFIRMATION_OK"
8020,10408370762,10408370810,1,"IOTHUB_CLIENT_CONFIRMATION_OK"
8021,10408370962,10408371037,1,"IOTHUB_CLIENT_CONFIRMATION_OK"
8022,10408371162,10408371215,1,"IOTHUB_CLIENT_CONFIRMATION_OK"
8023,10408371362,10408371419,1,"IOTHUB_CLIENT_CONFIRMATION_OK"
8024,10408371562,10408371622,1,"IOTHUB_CLIENT_CONFIRMATION_OK"
8025,10408371762,10408371839,1,"IOTHUB_CLIENT_CONFIRMATION_OK"
8026,10408371962,10408372026,1,"IOTHUB_CLIENT_CONFIRMATION_OK"
8027,10408372163,10408372215,1,"IOTHUB_CLIENT_CONFIRMATION_OK"
8028,10408372363,10408372413,1,"IOTHUB_CLIENT_CONFIRMATION_OK"
8029,10408372563,10408372605,1,"IOTHUB_CLIENT_CONFIRMATION_OK"
8030,10408372763,10408372797,1,"IOTHUB_CLIENT_CONFIRMATION_OK"
8031,10408372963,10408373000,1,"IOTHUB_CLIENT_CONFIRMATION_OK"
8032,10408373163,10408373212,1,"IOTHUB_CLIENT_CONFIRMATION_OK"
8033,10408373363,10408373470,1,"IOTHUB_CLIENT_CONFIRMATION_OK"
8034,10408373564,10408373612,1,"IOTHUB_CLIENT_CONFIRMATION_OK"
8035,10408373764,10408373828,1,"IOTHUB_CLIENT_CONFIRMATION_OK"
8036,10408373964,10408374002,1,"IOTHUB_CLIENT_CONFIRMATION_OK"
8037,10408374164,10408374235,1,"IOTHUB_CLIENT_CONFIRMATION_OK"
8038,10408374364,10408374409,1,"IOTHUB_CLIENT_CONFIRMATION_OK"
8039,10408374564,10408374623,1,"IOTHUB_CLIENT_CONFIRMATION_OK"
8040,10408374765,10408374813,1,"IOTHUB_CLIENT_CONFIRMATION_OK"
8041,10408374965,10408375026,1,"IOTHUB_CLIENT_CONFIRMATION_OK"
8042,10408375165,10408375235,1,"IOTHUB_CLIENT_CONFIRMATION_OK"
8043,10408375365,10408375417,1,"IOTHUB_CLIENT_CONFIRMATION_OK"
8044,10408375565,10408375643,1,"IOTHUB_CLIENT_CONFIRMATION_OK"
8045,10408375765,10408375812,1,"IOTHUB_CLIENT_CONFIRMATION_OK"
8046,10408375965,10408376005,1,"IOTHUB_CLIENT_CONFIRMATION_OK"
8047,10408376165,10408376206,1,"IOTHUB_CLIENT_CONFIRMATION_OK"
8048,10408376366,10408376457,1,"IOTHUB_CLIENT_CONFIRMATION_OK"
8049,10408376566,10408376764,1,"IOTHUB_CLIENT_CONFIRMATION_OK"
8050,10408376766,10408376806,1,"IOTHUB_CLIENT_CONFIRMATION_OK"
8051,10408376966,10408377060,1,"IOTHUB_CLIENT_CONFIRMATION_OK"
8052,10408377166,10408377200,1,"IOTHUB_CLIENT_CONFIRMATION_OK"
8053,10408377366,10408377411,1,"IOTHUB_CLIENT_CONFIRMATION_OK"
8054,10408377567,10408377612,1,"IOTHUB_CLIENT_CONFIRMATION_OK"
8055,10408377767,10408377865,1,"IOTHUB_CLIENT_CONFIRMATION_OK"
8056,10408377967,10408378008,1,"IOTHUB_CLIENT_CONFIRMATION_OK"
8057,10408378167,10408378231,1,"IOTHUB_CLIENT_CONFIRMATION_OK"
8058,10408378367,10408378412,1,"IOTHUB_CLIENT_CONFIRMATION_OK"
8059,10408378567,10408378614,1,"IOTHUB_CLIENT_CONFIRMATION_OK"
8060,10408378768,10408378809,1,"IOTHUB_CLIENT_CONFIRMATION_OK"
8061,10408378968,10408379012,1,"IOTHUB_CLIENT_CONFIRMATION_OK"
8062,10408379168,10408379273,1,"IOTHUB_CLIENT_CONFIRMATION_OK"
8063,10408379368,10408379415,1,"IOTHUB_CLIENT_CONFIRMATION_OK"
8064,10408379568,10408379603,1,"IOTHUB_CLIENT_CONFIRMATION_OK"
8065,10408379768,10408379819,1,"IOTHUB_CLIENT_CONFIRMATION_OK"
8066,10408379968,10408380022,1,"IOTHUB_CLIENT_CONFIRMATION_OK"
8067,10408380169,10408380216,1,"IOTHUB_CLIENT_CONFIRMATION_OK"
8068,10408380369,10408380425,1,"IOTHUB_CLIENT_CONFIRMATION_OK"
8069,10408380569,10408380619,1,"IOTHUB_CLIENT_CONFIRMATION_OK"
8070,10408380769,10408380809,1,"IOTHUB_CLIENT_CONFIRMATION_OK"
8071,10408380969,10408381068,1,"IOTHUB_CLIENT_CONFIRMATION_OK"
8072,10408381169,10408381257,1,"IOTHUB_CLIENT_CONFIRMATION_OK"
8073,10408381370,10408381439,1,"IOTHUB_CLIENT_CONFIRMATION_OK"
8074,10408381570,10408381606,1,"IOTHUB_CLIENT_CONFIRMATION_OK"
8075,10408381770,10408381803,1,"IOTHUB_CLIENT_CONFIRMATION_OK"
8076,10408381970,10408382016,1,"IOTHUB_CLIENT_CONFIRMATION_OK"
8077,10408382170,10408382275,1,"IOTHUB_CLIENT_CONFIRMATION_OK"
8078,10408382370,10408382406,1,"IOTHUB_CLIENT_CONFIRMATION_OK"
8079,10408382570,10408382622,1,"IOTHUB_CLIENT_CONFIRMATION_OK"
8080,10408382771,10408382827,1,"IOTHUB_CLIENT_CONFIRMATION_OK"
8081,10408382971,10408383021,1,"IOTHUB_CLIENT_CONFIRMATION_OK"
8082,10408383171,10408383204,1,"IOTHUB_CLIENT_CONFIRMATION_OK"
8083,10408383371,10408383413,1,"IOTHUB_CLIENT_CONFIRMATION_OK"
8084,10408383571,10408383652,1,"IOTHUB_CLIENT_CONFIRMATION_OK"
8085,10408383771,10408383855,1,"IOTHUB_CLIENT_CONFIRMATION_OK"
8086,10408383971,10408384004,1,"IOTHUB_CLIENT_CONFIRMATION_OK"
8087,10408384172,10408384217,1,"IOTHUB_CLIENT_CONFIRMATION_OK"
8088,10408384372,10408384430,1,"IOTHUB_CLIENT_CONFIRMATION_OK"
8089,10408384572,10408384634,1,"IOTHUB_CLIENT_CONFIRMATION_OK"
8090,10408384772,10408384811,1,"IOTHUB_CLIENT_CONFIRMATION_OK"
8091,10408384972,10408385070,1,"IOTHUB_CLIENT_CONFIRMATION_OK"
8092,10408385172,10408385237,1,"IOTHUB_CLIENT_CONFIRMATION_OK"
8093,10408385373,10408385412,1,"IOTHUB_CLIENT_CONFIRMATION_OK"
8094,10408385573,10408385618,1,"IOTHUB_CLIENT_CONFIRMATION_OK"
8095,10408385773,10408385818,1,"IOTHUB_CLIENT_CONFIRMATION_OK"
8096,10408385973,10408386021,1,"IOTHUB_CLIENT_CONFIRMATION_OK"
8097,10408386173,10408386212,1,"IOTHUB_CLIENT_CONFIRMATION_OK"
8098,10408386373,10408386531,1,"IOTHUB_CLIENT_CONFIRMATION_OK"
8099,10408386573,10408386637,1,"IOTHUB_CLIENT_CONFIRMATION_OK"
8100,10408386774,10408386818,1,"IOTHUB_CLIENT_CONFIRMATION_OK"
8101,10408386974,10408387011,1,"IOTHUB_CLIENT_CONFIRMATION_OK"
8102,10408387174,10408387222,1,"IOTHUB_CLIENT_CONFIRMATION_OK"
8103,10408387374,10408387427,1,"IOTHUB_CLIENT_CONFIRMATION_OK"
8104,10408387574,10408387635,1,"IOTHUB_CLIENT_CONFIRMATION_OK"
8105,10408387774,10408387918,1,"IOTHUB_CLIENT_CONFIRMATION_OK"
8106,10408387975,10408388041,1,"IOTHUB_CLIENT_CONFIRMATION_OK"
8107,10408388175,10408388218,1,"IOTHUB_CLIENT_CONFIRMATION_OK"
8108,10408388375,10408388404,1,"IOTHUB_CLIENT_CONFIRMATION_OK"
8109,10408388575,10408388650,1,"IOTHUB_CLIENT_CONFIRMATION_OK"
8110,10408388775,10408388845,1,"IOTHUB_CLIENT_CONFIRMATION_OK"
8111,10408388975,10408389022,1,"IOTHUB_CLIENT_CONFIRMATION_OK"
8112,10408389175,10408389223,1,"IOTHUB_CLIENT_CONFIRMATION_OK"
8113,10408389376,10408389414,1,"IOTHUB_CLIENT_CONFIRMATION_OK"
8114,10408389576,10408389626,1,"IOTHUB_CLIENT_CONFIRMATION_OK"
8115,10408389776,10408389828,1,"IOTHUB_CLIENT_CONFIRMATION_OK"
8116,10408389976,10408390045,1,"IOTHUB_CLIENT_CONFIRMATION_OK"
8117,10408390176,10408390233,1,"IOTHUB_CLIENT_CONFIRMATION_OK"
8118,10408390376,10408390411,1,"IOTHUB_CLIENT_CONFIRMATION_OK"
8119,10408390577,10408390660,1,"IOTHUB_CLIENT_CONFIRMATION_OK"
8120,10408390777,10408390820,1,"IOTHUB_CLIENT_CONFIRMATION_OK"
8121,10408390977,10408391014,1,"IOTHUB_CLIENT_CONFIRMATION_OK"
8122,10408391177,10408391227,1,"IOTHUB_CLIENT_CONFIRMATION_OK"
8123,10408391377,10408391502,1,"IOTHUB_CLIENT_CONFIRMATION_OK"
8124,10408391577,10408391629,1,"IOTHUB_CLIENT_CONFIRMATION_OK"
8125,10408391777,10408391816,1,"IOTHUB_CLIENT_CONFIRMATION_OK"
8126,10408391978,10408392025,1,"IOTHUB_CLIENT_CONFIRMATION_OK"
8127,10408392178,10408392226,1,"IOTHUB_CLIENT_CONFIRMATION_OK"
8128,10408392378,10408392445,1,"IOTHUB_CLIENT_CONFIRMATION_OK"
8129,10408392578,10408392638,1,"IOTHUB_CLIENT_CONFIRMATION_OK"
8130,10408392778,10408392883,1,"IOTHUB_CLIENT_CONFIRMATION_OK"
8131,10408392978,10408393018,1,"IOTHUB_CLIENT_CONFIRMATION_OK"
8132,10408393179,10408393225,1,"IOTHUB_CLIENT_CONFIRMATION_OK"
8133,10408393379,10408393421,1,"IOTHUB_CLIENT_CONFIRMATION_OK"
8134,10408393579,10408393683,1,"IOTHUB_CLIENT_CONFIRMATION_OK"
8135,10408393779,10408393823,1,"IOTHUB_CLIENT_CONFIRMATION_OK"
8136,10408393979,10408394045,1,"IOTHUB_CLIENT_CONFIRMATION_OK"
8137,10408394179,10408394249,1,"IOTHUB_CLIENT_CONFIRMATION_OK"
8138,10408394380,10408394433,1,"IOTHUB_CLIENT_CONFIRMATION_OK"
8139,10408394580,10408394706,1,"IOTHUB_CLIENT_CONFIRMATION_OK"
8140,10408394780,10408394822,1,"IOTHUB_CLIENT_CONFIRMATION_OK"
8141,10408394980,10408395113,1,"IOTHUB_CLIENT_CONFIRMATION_OK"
8142,10408395180,10408395240,1,"IOTHUB_CLIENT_CONFIRMATION_OK"
8143,10408395380,10408395424,1,"IOTHUB_CLIENT_CONFIRMATION_OK"
8144,10408395581,10408395713,1,"IOTHUB_CLIENT_CONFIRMATION_OK"
8145,10408395781,10408395828,1,"IOTHUB_CLIENT_CONFIRMATION_OK"
8146,10408395981,10408396055,1,"IOTHUB_CLIENT_CONFIRMATION_OK"
8147,10408396181,10408396232,1,"IOTHUB_CLIENT_CONFIRMATION_OK"
8148,10408396381,10408396568,1,"IOTHUB_CLIENT_CONFIRMATION_OK"
8149,10408396581,10408396641,1,"IOTHUB_CLIENT_CONFIRMATION_OK"
8150,10408396781,10408396820,1,"IOTHUB_CLIENT_CONFIRMATION_OK"
8151,10408396982,10408397071,1,"IOTHUB_CLIENT_CONFIRMATION_OK"
8152,10408397182,10408397221,1,"IOTHUB_CLIENT_CONFIRMATION_OK"
8153,10408397382,10408397416,1,"IOTHUB_CLIENT_CONFIRMATION_OK"
8154,10408397582,10408397645,1,"IOTHUB_CLIENT_CONFIRMATION_OK"
8155,10408397782,10408398008,1,"IOTHUB_CLIENT_CONFIRMATION_OK"
8156,10408397982,10408398034,1,"IOTHUB_CLIENT_CONFIRMATION_OK"
8157,10408398183,10408398222,1,"IOTHUB_CLIENT_CONFIRMATION_OK"
8158,10408398383,10408398430,1,"IOTHUB_CLIENT_CONFIRMATION_OK"
8159,10408398583,10408398626,1,"IOTHUB_CLIENT_CONFIRMATION_OK"
8160,10408398783,10408398879,1,"IOTHUB_CLIENT_CONFIRMATION_OK"
8161,10408398983,10408399034,1,"IOTHUB_CLIENT_CONFIRMATION_OK"
8162,10408399183,10408399228,1,"IOTHUB_CLIENT_CONFIRMATION_OK"
8163,10408399383,10408399429,1,"IOTHUB_CLIENT_CONFIRMATION_OK"
8164,10408399584,10408399641,1,"IOTHUB_CLIENT_CONFIRMATION_OK"
8165,10408399784,10408399842,1,"IOTHUB_CLIENT_CONFIRMATION_OK"
8166,10408399984,10408400025,1,"IOTHUB_CLIENT_CONFIRMATION_OK"
8167,10408400184,10408400259,1,"IOTHUB_CLIENT_CONFIRMATION_OK"
8168,10408400384,10408400417,1,"IOTHUB_CLIENT_CONFIRMATION_OK"
8169,10408400584,10408400622,1,"IOTHUB_CLIENT_CONFIRMATION_OK"
8170,10408400785,10408400854,1,"IOTHUB_CLIENT_CONFIRMATION_OK"
8171,10408400985,10408401040,1,"IOTHUB_CLIENT_CONFIRMATION_OK"
8172,10408401185,10408401231,1,"IOTHUB_CLIENT_CONFIRMATION_OK"
8173,10408401385,10408401457,1,"IOTHUB_CLIENT_CONFIRMATION_OK"
8174,10408401585,10408401623,1,"IOTHUB_CLIENT_CONFIRMATION_OK"
8175,10408401785,10408401866,1,"IOTHUB_CLIENT_CONFIRMATION_OK"
8176,10408401986,10408402028,1,"IOTHUB_CLIENT_CONFIRMATION_OK"
8177,10408402186,10408402284,1,"IOTHUB_CLIENT_CONFIRMATION_OK"
8178,10408402386,10408402433,1,"IOTHUB_CLIENT_CONFIRMATION_OK"
8179,10408402586,10408402651,1,"IOTHUB_CLIENT_CONFIRMATION_OK"
8180,10408402786,10408402899,1,"IOTHUB_CLIENT_CONFIRMATION_OK"
8181,10408402986,10408403029,1,"IOTHUB_CLIENT_CONFIRMATION_OK"
8182,10408403186,10408403240,1,"IOTHUB_CLIENT_CONFIRMATION_OK"
8183,10408403387,10408403427,1,"IOTHUB_CLIENT_CONFIRMATION_OK"
8184,10408403587,10408403700,1,"IOTHUB_CLIENT_CONFIRMATION_OK"
8185,10408403787,10408403837,1,"IOTHUB_CLIENT_CONFIRMATION_OK"
8186,10408403987,10408404030,1,"IOTHUB_CLIENT_CONFIRMATION_OK"
8187,10408404187,10408404229,1,"IOTHUB_CLIENT_CONFIRMATION_OK"
8188,10408404387,10408404425,1,"IOTHUB_CLIENT_CONFIRMATION_OK"
8189,10408404588,10408404651,1,"IOTHUB_CLIENT_CONFIRMATION_OK"
8190,10408404788,10408404846,1,"IOTHUB_CLIENT_CONFIRMATION_OK"
8191,10408404988,10408405117,1,"IOTHUB_CLIENT_CONFIRMATION_OK"
8192,10408405188,10408405297,1,"IOTHUB_CLIENT_CONFIRMATION_OK"
8193,10408405389,10408405434,1,"IOTHUB_CLIENT_CONFIRMATION_OK"
8194,10408405589,10408405642,1,"IOTHUB_CLIENT_CONFIRMATION_OK"
8195,10408405789,10408405823,1,"IOTHUB_CLIENT_CONFIRMATION_OK"
8196,10408405989,10408406026,1,"IOTHUB_CLIENT_CONFIRMATION_OK"
8197,10408406189,10408406218,1,"IOTHUB_CLIENT_CONFIRMATION_OK"
8198,10408406389,10408406550,1,"IOTHUB_CLIENT_CONFIRMATION_OK"
8199,10408406589,10408406635,1,"IOTHUB_CLIENT_CONFIRMATION_OK"
8200,10408406790,10408406836,1,"IOTHUB_CLIENT_CONFIRMATION_OK"
8201,10408406990,10408407177,1,"IOTHUB_CLIENT_CONFIRMATION_OK"
8202,10408407190,10408407254,1,"IOTHUB_CLIENT_CONFIRMATION_OK"
8203,10408407390,10408407431,1,"IOTHUB_CLIENT_CONFIRMATION_OK"
8204,10408407590,10408407640,1,"IOTHUB_CLIENT_CONFIRMATION_OK"
8205,10408407790,10408407993,1,"IOTHUB_CLIENT_CONFIRMATION_OK"
8206,10408407991,10408408074,1,"IOTHUB_CLIENT_CONFIRMATION_OK"
8207,10408408191,10408408276,1,"IOTHUB_CLIENT_CONFIRMATION_OK"
8208,10408408391,10408408432,1,"IOTHUB_CLIENT_CONFIRMATION_OK"
8209,10408408591,10408408690,1,"IOTHUB_CLIENT_CONFIRMATION_OK"
8210,10408408791,10408408826,1,"IOTHUB_CLIENT_CONFIRMATION_OK"
8211,10408408991,10408409036,1,"IOTHUB_CLIENT_CONFIRMATION_OK"
8212,10408409191,10408409230,1,"IOTHUB_CLIENT_CONFIRMATION_OK"
8213,10408409392,10408409450,1,"IOTHUB_CLIENT_CONFIRMATION_OK"
8214,10408409592,10408409683,1,"IOTHUB_CLIENT_CONFIRMATION_OK"
8215,10408409792,10408409847,1,"IOTHUB_CLIENT_CONFIRMATION_OK"
8216,10408409992,10408410033,1,"IOTHUB_CLIENT_CONFIRMATION_OK"
8217,10408410192,10408410239,1,"IOTHUB_CLIENT_CONFIRMATION_OK"
8218,10408410392,10408410434,1,"IOTHUB_CLIENT_CONFIRMATION_OK"
8219,10408410593,10408410634,1,"IOTHUB_CLIENT_CONFIRMATION_OK"
8220,10408410793,10408410856,1,"IOTHUB_CLIENT_CONFIRMATION_OK"
8221,10408410993,10408411052,1,"IOTHUB_CLIENT_CONFIRMATION_OK"
8222,10408411193,10408411234,1,"IOTHUB_CLIENT_CONFIRMATION_OK"
8223,10408411393,10408411437,1,"IOTHUB_CLIENT_CONFIRMATION_OK"
8224,10408411593,10408411665,1,"IOTHUB_CLIENT_CONFIRMATION_OK"
8225,10408411793,10408411837,1,"IOTHUB_CLIENT_CONFIRMATION_OK"
8226,10408411994,10408412124,1,"IOTHUB_CLIENT_CONFIRMATION_OK"
8227,10408412194,10408412240,1,"IOTHUB_CLIENT_CONFIRMATION_OK"
8228,10408412394,10408412448,1,"IOTHUB_CLIENT_CONFIRMATION_OK"
8229,10408412594,10408412635,1,"IOTHUB_CLIENT_CONFIRMATION_OK"
8230,10408412794,10408412849,1,"IOTHUB_CLIENT_CONFIRMATION_OK"
8231,10408412994,10408413039,1,"IOTHUB_CLIENT_CONFIRMATION_OK"
8232,10408413195,10408413248,1,"IOTHUB_CLIENT_CONFIRMATION_OK"
8233,10408413395,10408413440,1,"IOTHUB_CLIENT_CONFIRMATION_OK"
8234,10408413595,10408413650,1,"IOTHUB_CLIENT_CONFIRMATION_OK"
8235,10408413795,10408413876,1,"IOTHUB_CLIENT_CONFIRMATION_OK"
8236,10408413995,10408414030,1,"IOTHUB_CLIENT_CONFIRMATION_OK"
8237,10408414195,10408414236,1,"IOTHUB_CLIENT_CONFIRMATION_OK"
8238,10408414396,10408414428,1,"IOTHUB_CLIENT_CONFIRMATION_OK"
8239,10408414596,10408414647,1,"IOTHUB_CLIENT_CONFIRMATION_OK"
8240,10408414796,10408414832,1,"IOTHUB_CLIENT_CONFIRMATION_OK"
8241,10408414996,10408415144,1,"IOTHUB_CLIENT_CONFIRMATION_OK"
8242,10408415196,10408415234,1,"IOTHUB_CLIENT_CONFIRMATION_OK"
8243,10408415396,10408415445,1,"IOTHUB_CLIENT_CONFIRMATION_OK"
8244,10408415596,10408415636,1,"IOTHUB_CLIENT_CONFIRMATION_OK"
8245,10408415797,10408415837,1,"IOTHUB_CLIENT_CONFIRMATION_OK"
8246,10408415997,10408416035,1,"IOTHUB_CLIENT_CONFIRMATION_OK"
8247,10408416197,10408416245,1,"IOTHUB_CLIENT_CONFIRMATION_OK"
8248,10408416397,10408416579,1,"IOTHUB_CLIENT_CONFIRMATION_OK"
8249,10408416597,10408416634,1,"IOTHUB_CLIENT_CONFIRMATION_OK"
8250,10408416797,10408416895,1,"IOTHUB_CLIENT_CONFIRMATION_OK"
8251,10408416998,10408417043,1,"IOTHUB_CLIENT_CONFIRMATION_OK"
8252,10408417198,10408417245,1,"IOTHUB_CLIENT_CONFIRMATION_OK"
8253,10408417398,10408417430,1,"IOTHUB_CLIENT_CONFIRMATION_OK"
8254,10408417598,10408417648,1,"IOTHUB_CLIENT_CONFIRMATION_OK"
8255,10408417798,10408417960,1,"IOTHUB_CLIENT_CONFIRMATION_OK"
8256,10408417998,10408418029,1,"IOTHUB_CLIENT_CONFIRMATION_OK"
8257,10408418199,10408418247,1,"IOTHUB_CLIENT_CONFIRMATION_OK"
8258,10408418399,10408418437,1,"IOTHUB_CLIENT_CONFIRMATION_OK"
8259,10408418599,10408418632,1,"IOTHUB_CLIENT_CONFIRMATION_OK"
8260,10408418799,10408418835,1,"IOTHUB_CLIENT_CONFIRMATION_OK"
8261,10408418999,10408419044,1,"IOTHUB_CLIENT_CONFIRMATION_OK"
8262,10408419199,10408419270,1,"IOTHUB_CLIENT_CONFIRMATION_OK"
8263,10408419400,10408419445,1,"IOTHUB_CLIENT_CONFIRMATION_OK"
8264,10408419600,10408419652,1,"IOTHUB_CLIENT_CONFIRMATION_OK"
8265,10408419800,10408419838,1,"IOTHUB_CLIENT_CONFIRMATION_OK"
8266,10408420000,10408420031,1,"IOTHUB_CLIENT_CONFIRMATION_OK"
8267,10408420200,10408420253,1,"IOTHUB_CLIENT_CONFIRMATION_OK"
8268,10408420400,10408420450,1,"IOTHUB_CLIENT_CONFIRMATION_OK"
8269,10408420600,10408420641,1,"IOTHUB_CLIENT_CONFIRMATION_OK"
8270,10408420801,10408420841,1,"IOTHUB_CLIENT_CONFIRMATION_OK"
8271,10408421001,10408421053,1,"IOTHUB_CLIENT_CONFIRMATION_OK"
8272,10408421201,10408421251,1,"IOTHUB_CLIENT_CONFIRMATION_OK"
8273,10408421401,10408421439,1,"IOTHUB_CLIENT_CONFIRMATION_OK"
8274,10408421601,10408421642,1,"IOTHUB_CLIENT_CONFIRMATION_OK"
8275,10408421801,10408421860,1,"IOTHUB_CLIENT_CONFIRMATION_OK"
8276,10408422002,10408422049,1,"IOTHUB_CLIENT_CONFIRMATION_OK"
8277,10408422202,10408422261,1,"IOTHUB_CLIENT_CONFIRMATION_OK"
8278,10408422402,10408422467,1,"IOTHUB_CLIENT_CONFIRMATION_OK"
8279,10408422602,10408422676,1,"IOTHUB_CLIENT_CONFIRMATION_OK"
8280,10408422802,10408422861,1,"IOTHUB_CLIENT_CONFIRMATION_OK"
8281,10408423002,10408423060,1,"IOTHUB_CLIENT_CONFIRMATION_OK"
8282,10408423202,10408423252,1,"IOTHUB_CLIENT_CONFIRMATION_OK"
8283,10408423403,10408423456,1,"IOTHUB_CLIENT_CONFIRMATION_OK"
8284,10408423603,10408423736,1,"IOTHUB_CLIENT_CONFIRMATION_OK"
8285,10408423803,10408423858,1,"IOTHUB_CLIENT_CONFIRMATION_OK"
8286,10408424003,10408424052,1,"IOTHUB_CLIENT_CONFIRMATION_OK"
8287,10408424203,10408424252,1,"IOTHUB_CLIENT_CONFIRMATION_OK"
8288,10408424403,10408424447,1,"IOTHUB_CLIENT_CONFIRMATION_OK"
8289,10408424603,10408424641,1,"IOTHUB_CLIENT_CONFIRMATION_OK"
8290,10408424804,10408424866,1,"IOTHUB_CLIENT_CONFIRMATION_OK"
8291,10408425004,10408425115,1,"IOTHUB_CLIENT_CONFIRMATION_OK"
8292,10408425204,10408425280,1,"IOTHUB_CLIENT_CONFIRMATION_OK"
8293,10408425404,10408425462,1,"IOTHUB_CLIENT_CONFIRMATION_OK"
8294,10408425604,10408425651,1,"IOTHUB_CLIENT_CONFIRMATION_OK"
8295,10408425804,10408425837,1,"IOTHUB_CLIENT_CONFIRMATION_OK"
8296,10408426005,10408426053,1,"IOTHUB_CLIENT_CONFIRMATION_OK"
8297,10408426205,10408426245,1,"IOTHUB_CLIENT_CONFIRMATION_OK"
8298,10408426405,10408426517,1,"IOTHUB_CLIENT_CONFIRMATION_OK"
8299,10408426605,10408426770,1,"IOTHUB_CLIENT_CONFIRMATION_OK"
8300,10408426805,10408426838,1,"IOTHUB_CLIENT_CONFIRMATION_OK"
8301,10408427005,10408427053,1,"IOTHUB_CLIENT_CONFIRMATION_OK"
8302,10408427206,10408427250,1,"IOTHUB_CLIENT_CONFIRMATION_OK"
8303,10408427406,10408427453,1,"IOTHUB_CLIENT_CONFIRMATION_OK"
8304,10408427606,10408427637,1,"IOTHUB_CLIENT_CONFIRMATION_OK"
8305,10408427806,10408428020,1,"IOTHUB_CLIENT_CONFIRMATION_OK"
8306,10408428006,10408428059,1,"IOTHUB_CLIENT_CONFIRMATION_OK"
8307,10408428206,10408428255,1,"IOTHUB_CLIENT_CONFIRMATION_OK"
8308,10408428406,10408428469,1,"IOTHUB_CLIENT_CONFIRMATION_OK"
8309,10408428607,10408428662,1,"IOTHUB_CLIENT_CONFIRMATION_OK"
8310,10408428807,10408428874,1,"IOTHUB_CLIENT_CONFIRMATION_OK"
8311,10408429007,10408429071,1,"IOTHUB_CLIENT_CONFIRMATION_OK"
8312,10408429207,10408429252,1,"IOTHUB_CLIENT_CONFIRMATION_OK"
8313,10408429407,10408429469,1,"IOTHUB_CLIENT_CONFIRMATION_OK"
8314,10408429607,10408429653,1,"IOTHUB_CLIENT_CONFIRMATION_OK"
8315,10408429808,10408429853,1,"IOTHUB_CLIENT_CONFIRMATION_OK"
8316,10408430008,10408430049,1,"IOTHUB_CLIENT_CONFIRMATION_OK"
8317,10408430208,10408430248,1,"IOTHUB_CLIENT_CONFIRMATION_OK"
8318,10408430408,10408430461,1,"IOTHUB_CLIENT_CONFIRMATION_OK"
8319,10408430608,10408430656,1,"IOTHUB_CLIENT_CONFIRMATION_OK"
8320,10408430808,10408430866,1,"IOTHUB_CLIENT_CONFIRMATION_OK"
8321,10408431009,10408431055,1,"IOTHUB_CLIENT_CONFIRMATION_OK"
8322,10408431209,10408431261,1,"IOTHUB_CLIENT_CONFIRMATION_OK"
8323,10408431409,10408431462,1,"IOTHUB_CLIENT_CONFIRMATION_OK"
8324,10408431609,10408431641,1,"IOTHUB_CLIENT_CONFIRMATION_OK"
8325,10408431809,10408431870,1,"IOTHUB_CLIENT_CONFIRMATION_OK"
8326,10408432009,10408432065,1,"IOTHUB_CLIENT_CONFIRMATION_OK"
8327,10408432210,10408432278,1,"IOTHUB_CLIENT_CONFIRMATION_OK"
8328,10408432410,10408432453,1,"IOTHUB_CLIENT_CONFIRMATION_OK"
8329,10408432610,10408432658,1,"IOTHUB_CLIENT_CONFIRMATION_OK"
8330,10408432810,10408432897,1,"IOTHUB_CLIENT_CONFIRMATION_OK"
8331,10408433010,10408433056,1,"IOTHUB_CLIENT_CONFIRMATION_OK"
8332,10408433210,10408433268,1,"IOTHUB_CLIENT_CONFIRMATION_OK"
8333,10408433411,10408433480,1,"IOTHUB_CLIENT_CONFIRMATION_OK"
8334,10408433611,10408433724,1,"IOTHUB_CLIENT_CONFIRMATION_OK"
8335,10408433811,10408433880,1,"IOTHUB_CLIENT_CONFIRMATION_OK"
8336,10408434011,10408434054,1,"IOTHUB_CLIENT_CONFIRMATION_OK"
8337,10408434211,10408434251,1,"IOTHUB_CLIENT_CONFIRMATION_OK"
8338,10408434411,10408434453,1,"IOTHUB_CLIENT_CONFIRMATION_OK"
8339,10408434612,10408434643,1,"IOTHUB_CLIENT_CONFIRMATION_OK"
8340,10408434812,10408434848,1,"IOTHUB_CLIENT_CONFIRMATION_OK"
8341,10408435012,10408435145,1,"IOTHUB_CLIENT_CONFIRMATION_OK"
8342,10408435212,10408435254,1,"IOTHUB_CLIENT_CONFIRMATION_OK"
8343,10408435412,10408435459,1,"IOTHUB_CLIENT_CONFIRMATION_OK"
8344,10408435612,10408435654,1,"IOTHUB_CLIENT_CONFIRMATION_OK"
8345,10408435812,10408435874,1,"IOTHUB_CLIENT_CONFIRMATION_OK"
8346,10408436013,10408436082,1,"IOTHUB_CLIENT_CONFIRMATION_OK"
8347,10408436213,10408436266,1,"IOTHUB_CLIENT_CONFIRMATION_OK"
8348,10408436413,10408436565,1,"IOTHUB_CLIENT_CONFIRMATION_OK"
8349,10408436613,10408436670,1,"IOTHUB_CLIENT_CONFIRMATION_OK"
8350,10408436813,10408436856,1,"IOTHUB_CLIENT_CONFIRMATION_OK"
8351,10408437013,10408437055,1,"IOTHUB_CLIENT_CONFIRMATION_OK"
8352,10408437213,10408437249,1,"IOTHUB_CLIENT_CONFIRMATION_OK"
8353,10408437414,10408437467,1,"IOTHUB_CLIENT_CONFIRMATION_OK"
8354,10408437614,10408437662,1,"IOTHUB_CLIENT_CONFIRMATION_OK"
8355,10408437814,10408437990,1,"IOTHUB_CLIENT_CONFIRMATION_OK"
8356,10408438014,10408438050,1,"IOTHUB_CLIENT_CONFIRMATION_OK"
8357,10408438214,10408438271,1,"IOTHUB_CLIENT_CONFIRMATION_OK"
8358,10408438414,10408438452,1,"IOTHUB_CLIENT_CONFIRMATION_OK"
8359,10408438614,10408438666,1,"IOTHUB_CLIENT_CONFIRMATION_OK"
8360,10408438815,10408438853,1,"IOTHUB_CLIENT_CONFIRMATION_OK"
8361,10408439015,10408439047,1,"IOTHUB_CLIENT_CONFIRMATION_OK"
8362,10408439215,10408439249,1,"IOTHUB_CLIENT_CONFIRMATION_OK"
8363,10408439415,10408439461,1,"IOTHUB_CLIENT_CONFIRMATION_OK"
8364,10408439615,10408439655,1,"IOTHUB_CLIENT_CONFIRMATION_OK"
8365,10408439815,10408439875,1,"IOTHUB_CLIENT_CONFIRMATION_OK"
8366,10408440015,10408440047,1,"IOTHUB_CLIENT_CONFIRMATION_OK"
8367,10408440216,10408440267,1,"IOTHUB_CLIENT_CONFIRMATION_OK"
8368,10408440416,10408440487,1,"IOTHUB_CLIENT_CONFIRMATION_OK"
8369,10408440616,10408440681,1,"IOTHUB_CLIENT_CONFIRMATION_OK"
8370,10408440816,10408440859,1,"IOTHUB_CLIENT_CONFIRMATION_OK"
8371,10408441016,10408441057,1,"IOTHUB_CLIENT_CONFIRMATION_OK"
8372,10408441216,10408441277,1,"IOTHUB_CLIENT_CONFIRMATION_OK"
8373,10408441416,10408441473,1,"IOTHUB_CLIENT_CONFIRMATION_OK"
8374,10408441617,10408441680,1,"IOTHUB_CLIENT_CONFIRMATION_OK"
8375,10408441817,10408441890,1,"IOTHUB_CLIENT_CONFIRMATION_OK"
8376,10408442017,10408442062,1,"IOTHUB_CLIENT_CONFIRMATION_OK"
8377,10408442217,10408442295,1,"IOTHUB_CLIENT_CONFIRMATION_OK"
8378,10408442417,10408442463,1,"IOTHUB_CLIENT_CONFIRMATION_OK"
8379,10408442617,10408442665,1,"IOTHUB_CLIENT_CONFIRMATION_OK"
8380,10408442818,10408442899,1,"IOTHUB_CLIENT_CONFIRMATION_OK"
8381,10408443018,10408443057,1,"IOTHUB_CLIENT_CONFIRMATION_OK"
8382,10408443218,10408443257,1,"IOTHUB_CLIENT_CONFIRMATION_OK"
8383,10408443418,10408443466,1,"IOTHUB_CLIENT_CONFIRMATION_OK"
8384,10408443618,10408443715,1,"IOTHUB_CLIENT_CONFIRMATION_OK"
8385,10408443818,10408443857,1,"IOTHUB_CLIENT_CONFIRMATION_OK"
8386,10408444018,10408444055,1,"IOTHUB_CLIENT_CONFIRMATION_OK"
8387,10408444219,10408444257,1,"IOTHUB_CLIENT_CONFIRMATION_OK"
8388,10408444419,10408444470,1,"IOTHUB_CLIENT_CONFIRMATION_OK"
8389,10408444619,10408444664,1,"IOTHUB_CLIENT_CONFIRMATION_OK"
8390,10408444819,10408444859,1,"IOTHUB_CLIENT_CONFIRMATION_OK"
8391,10408445019,10408445139,1,"IOTHUB_CLIENT_CONFIRMATION_OK"
8392,10408445219,10408445251,1,"IOTHUB_CLIENT_CONFIRMATION_OK"
8393,10408445420,10408445457,1,"IOTHUB_CLIENT_CONFIRMATION_OK"
8394,10408445620,10408445762,1,"IOTHUB_CLIENT_CONFIRMATION_OK"
8395,10408445820,10408445859,1,"IOTHUB_CLIENT_CONFIRMATION_OK"
8396,10408446020,10408446066,1,"IOTHUB_CLIENT_CONFIRMATION_OK"
8397,10408446220,10408446260,1,"IOTHUB_CLIENT_CONFIRMATION_OK"
8398,10408446420,10408446481,1,"IOTHUB_CLIENT_CONFIRMATION_OK"
8399,10408446620,10408446661,1,"IOTHUB_CLIENT_CONFIRMATION_OK"
8400,10408446821,10408446886,1,"IOTHUB_CLIENT_CONFIRMATION_OK"
8401,10408447021,10408447060,1,"IOTHUB_CLIENT_CONFIRMATION_OK"
8402,10408447221,10408447312,1,"IOTHUB_CLIENT_CONFIRMATION_OK"
8403,10408447421,10408447451,1,"IOTHUB_CLIENT_CONFIRMATION_OK"
8404,10408447621,10408447695,1,"IOTHUB_CLIENT_CONFIRMATION_OK"
8405,10408447821,10408447873,1,"IOTHUB_CLIENT_CONFIRMATION_OK"
8406,10408448022,10408448073,1,"IOTHUB_CLIENT_CONFIRMATION_OK"
8407,10408448222,10408448263,1,"IOTHUB_CLIENT_CONFIRMATION_OK"
8408,10408448422,10408448460,1,"IOTHUB_CLIENT_CONFIRMATION_OK"
8409,10408448622,10408448682,1,"IOTHUB_CLIENT_CONFIRMATION_OK"
8410,10408448822,10408448876,1,"IOTHUB_CLIENT_CONFIRMATION_OK"
8411,10408449022,10408449061,1,"IOTHUB_CLIENT_CONFIRMATION_OK"
8412,10408449222,10408449304,1,"IOTHUB_CLIENT_CONFIRMATION_OK"
8413,10408449423,10408449464,1,"IOTHUB_CLIENT_CONFIRMATION_OK"
8414,10408449623,10408449688,1,"IOTHUB_CLIENT_CONFIRMATION_OK"
8415,10408449823,10408449907,1,"IOTHUB_CLIENT_CONFIRMATION_OK"
8416,10408450023,10408450101,1,"IOTHUB_CLIENT_CONFIRMATION_OK"
8417,10408450223,10408450265,1,"IOTHUB_CLIENT_CONFIRMATION_OK"
8418,10408450423,10408450463,1,"IOTHUB_CLIENT_CONFIRMATION_OK"
8419,10408450624,10408450676,1,"IOTHUB_CLIENT_CONFIRMATION_OK"
8420,10408450824,10408450867,1,"IOTHUB_CLIENT_CONFIRMATION_OK"
8421,10408451024,10408451104,1,"IOTHUB_CLIENT_CONFIRMATION_OK"
8422,10408451224,10408451264,1,"IOTHUB_CLIENT_CONFIRMATION_OK"
8423,10408451424,10408451521,1,"IOTHUB_CLIENT_CONFIRMATION_OK"
8424,10408451624,10408451664,1,"IOTHUB_CLIENT_CONFIRMATION_OK"
8425,10408451824,10408451894,1,"IOTHUB_CLIENT_CONFIRMATION_OK"
8426,10408452025,10408452074,1,"IOTHUB_CLIENT_CONFIRMATION_OK"
8427,10408452225,10408452273,1,"IOTHUB_CLIENT_CONFIRMATION_OK"
8428,10408452425,10408452461,1,"IOTHUB_CLIENT_CONFIRMATION_OK"
8429,10408452625,10408452669,1,"IOTHUB_CLIENT_CONFIRMATION_OK"
8430,10408452825,10408453002,1,"IOTHUB_CLIENT_CONFIRMATION_OK"
8431,10408453025,10408453061,1,"IOTHUB_CLIENT_CONFIRMATION_OK"
8432,10408453225,10408453258,1,"IOTHUB_CLIENT_CONFIRMATION_OK"
8433,10408453426,10408453533,1,"IOTHUB_CLIENT_CONFIRMATION_OK"
8434,10408453626,10408453674,1,"IOTHUB_CLIENT_CONFIRMATION_OK"
8435,10408453826,10408453884,1,"IOTHUB_CLIENT_CONFIRMATION_OK"
8436,10408454026,10408454069,1,"IOTHUB_CLIENT_CONFIRMATION_OK"
8437,10408454226,10408454404,1,"IOTHUB_CLIENT_CONFIRMATION_OK"
8438,10408454426,10408454467,1,"IOTHUB_CLIENT_CONFIRMATION_OK"
8439,10408454627,10408454677,1,"IOTHUB_CLIENT_CONFIRMATION_OK"
8440,10408454827,10408454864,1,"IOTHUB_CLIENT_CONFIRMATION_OK"
8441,10408455027,10408455092,1,"IOTHUB_CLIENT_CONFIRMATION_OK"
8442,10408455227,10408455312,1,"IOTHUB_CLIENT_CONFIRMATION_OK"
8443,10408455427,10408455494,1,"IOTHUB_CLIENT_CONFIRMATION_OK"
8444,10408455627,10408455661,1,"IOTHUB_CLIENT_CONFIRMATION_OK"
8445,10408455828,10408455910,1,"IOTHUB_CLIENT_CONFIRMATION_OK"
8446,10408456028,10408456081,1,"IOTHUB_CLIENT_CONFIRMATION_OK"
8447,10408456228,10408456260,1,"IOTHUB_CLIENT_CONFIRMATION_OK"
8448,10408456428,10408456599,1,"IOTHUB_CLIENT_CONFIRMATION_OK"
8449,10408456628,10408456694,1,"IOTHUB_CLIENT_CONFIRMATION_OK"
8450,10408456828,10408456885,1,"IOTHUB_CLIENT_CONFIRMATION_OK"
8451,10408457029,10408457068,1,"IOTHUB_CLIENT_CONFIRMATION_OK"
8452,10408457229,10408457277,1,"IOTHUB_CLIENT_CONFIRMATION_OK"
8453,10408457429,10408457470,1,"IOTHUB_CLIENT_CONFIRMATION_OK"
8454,10408457629,10408457664,1,"IOTHUB_CLIENT_CONFIRMATION_OK"
8455,10408457829,10408457998,1,"IOTHUB_CLIENT_CONFIRMATION_OK"
8456,10408458029,10408458078,1,"IOTHUB_CLIENT_CONFIRMATION_OK"
8457,10408458229,10408458269,1,"IOTHUB_CLIENT_CONFIRMATION_OK"
8458,10408458430,10408458517,1,"IOTHUB_CLIENT_CONFIRMATION_OK"
8459,10408458630,10408458675,1,"IOTHUB_CLIENT_CONFIRMATION_OK"
8460,10408458830,10408458874,1,"IOTHUB_CLIENT_CONFIRMATION_OK"
8461,10408459030,10408459070,1,"IOTHUB_CLIENT_CONFIRMATION_OK"
8462,10408459230,10408459271,1,"IOTHUB_CLIENT_CONFIRMATION_OK"
8463,10408459430,10408459486,1,"IOTHUB_CLIENT_CONFIRMATION_OK"
8464,10408459631,10408459698,1,"IOTHUB_CLIENT_CONFIRMATION_OK"
8465,10408459831,10408459882,1,"IOTHUB_CLIENT_CONFIRMATION_OK"
8466,10408460031,10408460082,1,"IOTHUB_CLIENT_CONFIRMATION_OK"
8467,10408460231,10408460281,1,"IOTHUB_CLIENT_CONFIRMATION_OK"
8468,10408460431,10408460478,1,"IOTHUB_CLIENT_CONFIRMATION_OK"
8469,10408460631,10408460696,1,"IOTHUB_CLIENT_CONFIRMATION_OK"
8470,10408460832,10408460905,1,"IOTHUB_CLIENT_CONFIRMATION_OK"
8471,10408461032,10408461076,1,"IOTHUB_CLIENT_CONFIRMATION_OK"
8472,10408461232,10408461281,1,"IOTHUB_CLIENT_CONFIRMATION_OK"
8473,10408461432,10408461498,1,"IOTHUB_CLIENT_CONFIRMATION_OK"
8474,10408461632,10408461700,1,"IOTHUB_CLIENT_CONFIRMATION_OK"
8475,10408461832,10408461867,1,"IOTHUB_CLIENT_CONFIRMATION_OK"
8476,10408462032,10408462063,1,"IOTHUB_CLIENT_CONFIRMATION_OK"
8477,10408462233,10408462275,1,"IOTHUB_CLIENT_CONFIRMATION_OK"
8478,10408462433,10408462488,1,"IOTHUB_CLIENT_CONFIRMATION_OK"
8479,10408462633,10408462669,1,"IOTHUB_CLIENT_CONFIRMATION_OK"
8480,10408462833,10408462953,1,"IOTHUB_CLIENT_CONFIRMATION_OK"
8481,10408463033,10408463097,1,"IOTHUB_CLIENT_CONFIRMATION_OK"
8482,10408463233,10408463267,1,"IOTHUB_CLIENT_CONFIRMATION_OK"
8483,10408463433,10408463467,1,"IOTHUB_CLIENT_CONFIRMATION_OK"
8484,10408463634,10408463671,1,"IOTHUB_CLIENT_CONFIRMATION_OK"
8485,10408463834,10408463884,1,"IOTHUB_CLIENT_CONFIRMATION_OK"
8486,10408464034,10408464129,1,"IOTHUB_CLIENT_CONFIRMATION_OK"
8487,10408464234,10408464283,1,"IOTHUB_CLIENT_CONFIRMATION_OK"
8488,10408464434,10408464486,1,"IOTHUB_CLIENT_CONFIRMATION_OK"
8489,10408464634,10408464674,1,"IOTHUB_CLIENT_CONFIRMATION_OK"
8490,10408464835,10408464880,1,"IOTHUB_CLIENT_CONFIRMATION_OK"
8491,10408465035,10408465079,1,"IOTHUB_CLIENT_CONFIRMATION_OK"
8492,10408465235,10408465303,1,"IOTHUB_CLIENT_CONFIRMATION_OK"
8493,10408465435,10408465489,1,"IOTHUB_CLIENT_CONFIRMATION_OK"
8494,10408465635,10408465681,1,"IOTHUB_CLIENT_CONFIRMATION_OK"
8495,10408465835,10408465873,1,"IOTHUB_CLIENT_CONFIRMATION_OK"
8496,10408466035,10408466089,1,"IOTHUB_CLIENT_CONFIRMATION_OK"
8497,10408466236,10408466281,1,"IOTHUB_CLIENT_CONFIRMATION_OK"
8498,10408466436,10408466481,1,"IOTHUB_CLIENT_CONFIRMATION_OK"
8499,10408466636,10408466679,1,"IOTHUB_CLIENT_CONFIRMATION_OK"
8500,10408466836,10408466890,1,"IOTHUB_CLIENT_CONFIRMATION_OK"
8501,10408467036,10408467082,1,"IOTHUB_CLIENT_CONFIRMATION_OK"
8502,10408467236,10408467296,1,"IOTHUB_CLIENT_CONFIRMATION_OK"
8503,10408467437,10408467642,1,"IOTHUB_CLIENT_CONFIRMATION_OK"
8504,10408467637,10408467727,1,"IOTHUB_CLIENT_CONFIRMATION_OK"
8505,10408467837,10408467981,1,"IOTHUB_CLIENT_CONFIRMATION_OK"
8506,10408468037,10408468076,1,"IOTHUB_CLIENT_CONFIRMATION_OK"
8507,10408468237,10408468406,1,"IOTHUB_CLIENT_CONFIRMATION_OK"
8508,10408468437,10408468491,1,"IOTHUB_CLIENT_CONFIRMATION_OK"
8509,10408468637,10408468674,1,"IOTHUB_CLIENT_CONFIRMATION_OK"
8510,10408468838,10408468870,1,"IOTHUB_CLIENT_CONFIRMATION_OK"
8511,10408469038,10408469069,1,"IOTHUB_CLIENT_CONFIRMATION_OK"
8512,10408469238,10408469289,1,"IOTHUB_CLIENT_CONFIRMATION_OK"
8513,10408469438,10408469503,1,"IOTHUB_CLIENT_CONFIRMATION_OK"
8514,10408469638,10408469688,1,"IOTHUB_CLIENT_CONFIRMATION_OK"
8515,10408469838,10408469887,1,"IOTHUB_CLIENT_CONFIRMATION_OK"
8516,10408470038,10408470086,1,"IOTHUB_CLIENT_CONFIRMATION_OK"
8517,10408470239,10408470270,1,"IOTHUB_CLIENT_CONFIRMATION_OK"
8518,10408470439,10408470505,1,"IOTHUB_CLIENT_CONFIRMATION_OK"
8519,10408470639,10408470803,1,"IOTHUB_CLIENT_CONFIRMATION_OK"
8520,10408470839,10408470898,1,"IOTHUB_CLIENT_CONFIRMATION_OK"
8521,10408471039,10408471090,1,"IOTHUB_CLIENT_CONFIRMATION_OK"
8522,10408471239,10408471270,1,"IOTHUB_CLIENT_CONFIRMATION_OK"
8523,10408471440,10408471523,1,"IOTHUB_CLIENT_CONFIRMATION_OK"
8524,10408471640,10408471673,1,"IOTHUB_CLIENT_CONFIRMATION_OK"
8525,10408471840,10408471871,1,"IOTHUB_CLIENT_CONFIRMATION_OK"
8526,10408472040,10408472076,1,"IOTHUB_CLIENT_CONFIRMATION_OK"
8527,10408472240,10408472292,1,"IOTHUB_CLIENT_CONFIRMATION_OK"
8528,10408472440,10408472490,1,"IOTHUB_CLIENT_CONFIRMATION_OK"
8529,10408472640,10408472697,1,"IOTHUB_CLIENT_CONFIRMATION_OK"
8530,10408472841,10408472902,1,"IOTHUB_CLIENT_CONFIRMATION_OK"
8531,10408473041,10408473081,1,"IOTHUB_CLIENT_CONFIRMATION_OK"
8532,10408473241,10408473290,1,"IOTHUB_CLIENT_CONFIRMATION_OK"
8533,10408473441,10408473476,1,"IOTHUB_CLIENT_CONFIRMATION_OK"
8534,10408473641,10408473799,1,"IOTHUB_CLIENT_CONFIRMATION_OK"
8535,10408473841,10408473890,1,"IOTHUB_CLIENT_CONFIRMATION_OK"
8536,10408474042,10408474083,1,"IOTHUB_CLIENT_CONFIRMATION_OK"
8537,10408474242,10408474278,1,"IOTHUB_CLIENT_CONFIRMATION_OK"
8538,10408474442,10408474477,1,"IOTHUB_CLIENT_CONFIRMATION_OK"
8539,10408474642,10408474703,1,"IOTHUB_CLIENT_CONFIRMATION_OK"
8540,10408474842,10408474915,1,"IOTHUB_CLIENT_CONFIRMATION_OK"
8541,10408475042,10408475146,1,"IOTHUB_CLIENT_CONFIRMATION_OK"
8542,10408475243,10408475300,1,"IOTHUB_CLIENT_CONFIRMATION_OK"
8543,10408475443,10408475495,1,"IOTHUB_CLIENT_CONFIRMATION_OK"
8544,10408475643,10408475703,1,"IOTHUB_CLIENT_CONFIRMATION_OK"
8545,10408475843,10408475877,1,"IOTHUB_CLIENT_CONFIRMATION_OK"
8546,10408476043,10408476083,1,"IOTHUB_CLIENT_CONFIRMATION_OK"
8547,10408476243,10408476294,1,"IOTHUB_CLIENT_CONFIRMATION_OK"
8548,10408476443,10408476649,1,"IOTHUB_CLIENT_CONFIRMATION_OK"
8549,10408476644,10408476698,1,"IOTHUB_CLIENT_CONFIRMATION_OK"
8550,10408476844,10408476954,1,"IOTHUB_CLIENT_CONFIRMATION_OK"
8551,10408477044,10408477084,1,"IOTHUB_CLIENT_CONFIRMATION_OK"
8552,10408477244,10408477282,1,"IOTHUB_CLIENT_CONFIRMATION_OK"
8553,10408477444,10408477494,1,"IOTHUB_CLIENT_CONFIRMATION_OK"
8554,10408477644,10408477694,1,"IOTHUB_CLIENT_CONFIRMATION_OK"
8555,10408477845,10408478047,1,"IOTHUB_CLIENT_CONFIRMATION_OK"
8556,10408478045,10408478091,1,"IOTHUB_CLIENT_CONFIRMATION_OK"
8557,10408478245,10408478295,1,"IOTHUB_CLIENT_CONFIRMATION_OK"
8558,10408478445,10408478497,1,"IOTHUB_CLIENT_CONFIRMATION_OK"
8559,10408478645,10408478700,1,"IOTHUB_CLIENT_CONFIRMATION_OK"
8560,10408478845,10408478885,1,"IOTHUB_CLIENT_CONFIRMATION_OK"
8561,10408479045,10408479089,1,"IOTHUB_CLIENT_CONFIRMATION_OK"
8562,10408479246,10408479319,1,"IOTHUB_CLIENT_CONFIRMATION_OK"
8563,10408479446,10408479505,1,"IOTHUB_CLIENT_CONFIRMATION_OK"
8564,10408479646,10408479695,1,"IOTHUB_CLIENT_CONFIRMATION_OK"
8565,10408479846,10408479882,1,"IOTHUB_CLIENT_CONFIRMATION_OK"
8566,10408480046,10408480097,1,"IOTHUB_CLIENT_CONFIRMATION_OK"
8567,10408480246,10408480301,1,"IOTHUB_CLIENT_CONFIRMATION_OK"
8568,10408480447,10408480488,1,"IOTHUB_CLIENT_CONFIRMATION_OK"
8569,10408480647,10408480686,1,"IOTHUB_CLIENT_CONFIRMATION_OK"
8570,10408480847,10408480895,1,"IOTHUB_CLIENT_CONFIRMATION_OK"
8571,10408481047,10408481083,1,"IOTHUB_CLIENT_CONFIRMATION_OK"
8572,10408481247,10408481334,1,"IOTHUB_CLIENT_CONFIRMATION_OK"
8573,10408481447,10408481578,1,"IOTHUB_CLIENT_CONFIRMATION_OK"
8574,10408481647,10408481701,1,"IOTHUB_CLIENT_CONFIRMATION_OK"
8575,10408481848,10408481899,1,"IOTHUB_CLIENT_CONFIRMATION_OK"
8576,10408482048,10408482102,1,"IOTHUB_CLIENT_CONFIRMATION_OK"
8577,10408482248,10408482317,1,"IOTHUB_CLIENT_CONFIRMATION_OK"
8578,10408482448,10408482504,1,"IOTHUB_CLIENT_CONFIRMATION_OK"
8579,10408482648,10408482681,1,"IOTHUB_CLIENT_CONFIRMATION_OK"
8580,10408482848,10408482934,1,"IOTHUB_CLIENT_CONFIRMATION_OK"
8581,10408483049,10408483088,1,"IOTHUB_CLIENT_CONFIRMATION_OK"
8582,10408483249,10408483291,1,"IOTHUB_CLIENT_CONFIRMATION_OK"
8583,10408483449,10408483487,1,"IOTHUB_CLIENT_CONFIRMATION_OK"
8584,10408483649,10408483744,1,"IOTHUB_CLIENT_CONFIRMATION_OK"
8585,10408483849,10408483895,1,"IOTHUB_CLIENT_CONFIRMATION_OK"
8586,10408484049,10408484091,1,"IOTHUB_CLIENT_CONFIRMATION_OK"
8587,10408484250,10408484294,1,"IOTHUB_CLIENT_CONFIRMATION_OK"
8588,10408484450,10408484549,1,"IOTHUB_CLIENT_CONFIRMATION_OK"
8589,10408484650,10408484725,1,"IOTHUB_CLIENT_CONFIRMATION_OK"
8590,10408484850,10408484902,1,"IOTHUB_CLIENT_CONFIRMATION_OK"
8591,10408485050,10408485176,1,"IOTHUB_CLIENT_CONFIRMATION_OK"
8592,10408485250,10408485297,1,"IOTHUB_CLIENT_CONFIRMATION_OK"
8593,10408485450,10408485481,1,"IOTHUB_CLIENT_CONFIRMATION_OK"
8594,10408485651,10408485699,1,"IOTHUB_CLIENT_CONFIRMATION_OK"
8595,10408485851,10408485881,1,"IOTHUB_CLIENT_CONFIRMATION_OK"
8596,10408486051,10408486093,1,"IOTHUB_CLIENT_CONFIRMATION_OK"
8597,10408486251,10408486292,1,"IOTHUB_CLIENT_CONFIRMATION_OK"
8598,10408486451,10408486629,1,"IOTHUB_CLIENT_CONFIRMATION_OK"
8599,10408486651,10408486705,1,"IOTHUB_CLIENT_CONFIRMATION_OK"
8600,10408486852,10408486898,1,"IOTHUB_CLIENT_CONFIRMATION_OK"
8601,10408487052,10408487102,1,"IOTHUB_CLIENT_CONFIRMATION_OK"
8602,10408487252,10408487293,1,"IOTHUB_CLIENT_CONFIRMATION_OK"
8603,10408487452,10408487489,1,"IOTHUB_CLIENT_CONFIRMATION_OK"
8604,10408487652,10408487694,1,"IOTHUB_CLIENT_CONFIRMATION_OK"
8605,10408487852,10408488027,1,"IOTHUB_CLIENT_CONFIRMATION_OK"
8606,10408488053,10408488093,1,"IOTHUB_CLIENT_CONFIRMATION_OK"
8607,10408488253,10408488311,1,"IOTHUB_CLIENT_CONFIRMATION_OK"
8608,10408488453,10408488494,1,"IOTHUB_CLIENT_CONFIRMATION_OK"
8609,10408488653,10408488692,1,"IOTHUB_CLIENT_CONFIRMATION_OK"
8610,10408488853,10408488904,1,"IOTHUB_CLIENT_CONFIRMATION_OK"
8611,10408489053,10408489123,1,"IOTHUB_CLIENT_CONFIRMATION_OK"
8612,10408489254,10408489325,1,"IOTHUB_CLIENT_CONFIRMATION_OK"
8613,10408489454,10408489498,1,"IOTHUB_CLIENT_CONFIRMATION_OK"
8614,10408489654,10408489706,1,"IOTHUB_CLIENT_CONFIRMATION_OK"
8615,10408489854,10408489917,1,"IOTHUB_CLIENT_CONFIRMATION_OK"
8616,10408490054,10408490112,1,"IOTHUB_CLIENT_CONFIRMATION_OK"
8617,10408490254,10408490307,1,"IOTHUB_CLIENT_CONFIRMATION_OK"
8618,10408490454,10408490498,1,"IOTHUB_CLIENT_CONFIRMATION_OK"
8619,10408490655,10408490713,1,"IOTHUB_CLIENT_CONFIRMATION_OK"
8620,10408490855,10408490919,1,"IOTHUB_CLIENT_CONFIRMATION_OK"
8621,10408491055,10408491091,1,"IOTHUB_CLIENT_CONFIRMATION_OK"
8622,10408491255,10408491301,1,"IOTHUB_CLIENT_CONFIRMATION_OK"
8623,10408491455,10408491531,1,"IOTHUB_CLIENT_CONFIRMATION_OK"
8624,10408491655,10408491711,1,"IOTHUB_CLIENT_CONFIRMATION_OK"
8625,10408491855,10408491903,1,"IOTHUB_CLIENT_CONFIRMATION_OK"
8626,10408492056,10408492093,1,"IOTHUB_CLIENT_CONFIRMATION_OK"
8627,10408492256,10408492304,1,"IOTHUB_CLIENT_CONFIRMATION_OK"
8628,10408492456,10408492488,1,"IOTHUB_CLIENT_CONFIRMATION_OK"
8629,10408492656,10408492690,1,"IOTHUB_CLIENT_CONFIRMATION_OK"
8630,10408492856,10408492998,1,"IOTHUB_CLIENT_CONFIRMATION_OK"
8631,10408493056,10408493107,1,"IOTHUB_CLIENT_CONFIRMATION_OK"
8632,10408493257,10408493315,1,"IOTHUB_CLIENT_CONFIRMATION_OK"
8633,10408493457,10408493492,1,"IOTHUB_CLIENT_CONFIRMATION_OK"
8634,10408493657,10408493758,1,"IOTHUB_CLIENT_CONFIRMATION_OK"
8635,10408493857,10408493905,1,"IOTHUB_CLIENT_CONFIRMATION_OK"
8636,10408494057,10408494114,1,"IOTHUB_CLIENT_CONFIRMATION_OK"
8637,10408494257,10408494308,1,"IOTHUB_CLIENT_CONFIRMATION_OK"
8638,10408494458,10408494495,1,"IOTHUB_CLIENT_CONFIRMATION_OK"
8639,10408494658,10408494717,1,"IOTHUB_CLIENT_CONFIRMATION_OK"
8640,10408494858,10408494898,1,"IOTHUB_CLIENT_CONFIRMATION_OK"
8641,10408495058,10408495111,1,"IOTHUB_CLIENT_CONFIRMATION_OK"
8642,10408495258,10408495309,1,"IOTHUB_CLIENT_CONFIRMATION_OK"
8643,10408495458,10408495509,1,"IOTHUB_CLIENT_CONFIRMATION_OK"
8644,10408495658,10408495699,1,"IOTHUB_CLIENT_CONFIRMATION_OK"
8645,10408495859,10408495896,1,"IOTHUB_CLIENT_CONFIRMATION_OK"
8646,10408496059,10408496098,1,"IOTHUB_CLIENT_CONFIRMATION_OK"
8647,10408496259,10408496326,1,"IOTHUB_CLIENT_CONFIRMATION_OK"
8648,10408496459,10408496510,1,"IOTHUB_CLIENT_CONFIRMATION_OK"
8649,10408496659,10408496722,1,"IOTHUB_CLIENT_CONFIRMATION_OK"
8650,10408496859,10408496907,1,"IOTHUB_CLIENT_CONFIRMATION_OK"
8651,10408497060,10408497103,1,"IOTHUB_CLIENT_CONFIRMATION_OK"
8652,10408497260,10408497331,1,"IOTHUB_CLIENT_CONFIRMATION_OK"
8653,10408497460,10408497561,1,"IOTHUB_CLIENT_CONFIRMATION_OK"
8654,10408497660,10408497690,1,"IOTHUB_CLIENT_CONFIRMATION_OK"
8655,10408497860,10408498021,1,"IOTHUB_CLIENT_CONFIRMATION_OK"
8656,10408498060,10408498108,1,"IOTHUB_CLIENT_CONFIRMATION_OK"
8657,10408498260,10408498307,1,"IOTHUB_CLIENT_CONFIRMATION_OK"
8658,10408498461,10408498493,1,"IOTHUB_CLIENT_CONFIRMATION_OK"
8659,10408498661,10408498734,1,"IOTHUB_CLIENT_CONFIRMATION_OK"
8660,10408498861,10408498904,1,"IOTHUB_CLIENT_CONFIRMATION_OK"
8661,10408499061,10408499094,1,"IOTHUB_CLIENT_CONFIRMATION_OK"
8662,10408499261,10408499315,1,"IOTHUB_CLIENT_CONFIRMATION_OK"
8663,10408499461,10408499498,1,"IOTHUB_CLIENT_CONFIRMATION_OK"
8664,10408499662,10408499693,1,"IOTHUB_CLIENT_CONFIRMATION_OK"
8665,10408499862,10408499975,1,"IOTHUB_CLIENT_CONFIRMATION_OK"
8666,10408500062,10408500100,1,"IOTHUB_CLIENT_CONFIRMATION_OK"
8667,10408500262,10408500307,1,"IOTHUB_CLIENT_CONFIRMATION_OK"
8668,10408500462,10408500521,1,"IOTHUB_CLIENT_CONFIRMATION_OK"
8669,10408500662,10408500709,1,"IOTHUB_CLIENT_CONFIRMATION_OK"
8670,10408500862,10408500921,1,"IOTHUB_CLIENT_CONFIRMATION_OK"
8671,10408501063,10408501104,1,"IOTHUB_CLIENT_CONFIRMATION_OK"
8672,10408501263,10408501327,1,"IOTHUB_CLIENT_CONFIRMATION_OK"
8673,10408501463,10408501529,1,"IOTHUB_CLIENT_CONFIRMATION_OK"
8674,10408501663,10408501722,1,"IOTHUB_CLIENT_CONFIRMATION_OK"
8675,10408501863,10408501904,1,"IOTHUB_CLIENT_CONFIRMATION_OK"
8676,10408502063,10408502117,1,"IOTHUB_CLIENT_CONFIRMATION_OK"
8677,10408502263,10408502340,1,"IOTHUB_CLIENT_CONFIRMATION_OK"
8678,10408502464,10408502507,1,"IOTHUB_CLIENT_CONFIRMATION_OK"
8679,10408502664,10408502716,1,"IOTHUB_CLIENT_CONFIRMATION_OK"
8680,10408502864,10408502944,1,"IOTHUB_CLIENT_CONFIRMATION_OK"
8681,10408503064,10408503152,1,"IOTHUB_CLIENT_CONFIRMATION_OK"
8682,10408503264,10408503307,1,"IOTHUB_CLIENT_CONFIRMATION_OK"
8683,10408503464,10408503499,1,"IOTHUB_CLIENT_CONFIRMATION_OK"
8684,10408503664,10408503849,1,"IOTHUB_CLIENT_CONFIRMATION_OK"
8685,10408503865,10408503924,1,"IOTHUB_CLIENT_CONFIRMATION_OK"
8686,10408504065,10408504124,1,"IOTHUB_CLIENT_CONFIRMATION_OK"
8687,10408504265,10408504310,1,"IOTHUB_CLIENT_CONFIRMATION_OK"
8688,10408504465,10408504502,1,"IOTHUB_CLIENT_CONFIRMATION_OK"
8689,10408504665,10408504721,1,"IOTHUB_CLIENT_CONFIRMATION_OK"
8690,10408504865,10408504927,1,"IOTHUB_CLIENT_CONFIRMATION_OK"
8691,10408505066,10408505117,1,"IOTHUB_CLIENT_CONFIRMATION_OK"
8692,10408505266,10408505322,1,"IOTHUB_CLIENT_CONFIRMATION_OK"
8693,10408505466,10408505534,1,"IOTHUB_CLIENT_CONFIRMATION_OK"
8694,10408505666,10408505711,1,"IOTHUB_CLIENT_CONFIRMATION_OK"
8695,10408505866,10408505908,1,"IOTHUB_CLIENT_CONFIRMATION_OK"
8696,10408506066,10408506109,1,"IOTHUB_CLIENT_CONFIRMATION_OK"
8697,10408506266,10408506306,1,"IOTHUB_CLIENT_CONFIRMATION_OK"
8698,10408506467,10408506556,1,"IOTHUB_CLIENT_CONFIRMATION_OK"
8699,10408506667,10408506749,1,"IOTHUB_CLIENT_CONFIRMATION_OK"
8700,10408506867,10408506918,1,"IOTHUB_CLIENT_CONFIRMATION_OK"
8701,10408507067,10408507117,1,"IOTHUB_CLIENT_CONFIRMATION_OK"
8702,10408507267,10408507312,1,"IOTHUB_CLIENT_CONFIRMATION_OK"
8703,10408507467,10408507526,1,"IOTHUB_CLIENT_CONFIRMATION_OK"
8704,10408507667,10408507738,1,"IOTHUB_CLIENT_CONFIRMATION_OK"
8705,10408507868,10408507982,1,"IOTHUB_CLIENT_CONFIRMATION_OK"
8706,10408508068,10408508155,1,"IOTHUB_CLIENT_CONFIRMATION_OK"
8707,10408508268,10408508340,1,"IOTHUB_CLIENT_CONFIRMATION_OK"
8708,10408508468,10408508507,1,"IOTHUB_CLIENT_CONFIRMATION_OK"
8709,10408508668,10408508821,1,"IOTHUB_CLIENT_CONFIRMATION_OK"
8710,10408508868,10408508928,1,"IOTHUB_CLIENT_CONFIRMATION_OK"
8711,10408509069,10408509109,1,"IOTHUB_CLIENT_CONFIRMATION_OK"
8712,10408509269,10408509315,1,"IOTHUB_CLIENT_CONFIRMATION_OK"
8713,10408509469,10408509508,1,"IOTHUB_CLIENT_CONFIRMATION_OK"
8714,10408509669,10408509793,1,"IOTHUB_CLIENT_CONFIRMATION_OK"
8715,10408509869,10408509907,1,"IOTHUB_CLIENT_CONFIRMATION_OK"
8716,10408510069,10408510205,1,"IOTHUB_CLIENT_CONFIRMATION_OK"
8717,10408510269,10408510333,1,"IOTHUB_CLIENT_CONFIRMATION_OK"
8718,10408510470,10408510517,1,"IOTHUB_CLIENT_CONFIRMATION_OK"
8719,10408510670,10408510723,1,"IOTHUB_CLIENT_CONFIRMATION_OK"
8720,10408510870,10408510911,1,"IOTHUB_CLIENT_CONFIRMATION_OK"
8721,10408511070,10408511112,1,"IOTHUB_CLIENT_CONFIRMATION_OK"
8722,10408511270,10408511309,1,"IOTHUB_CLIENT_CONFIRMATION_OK"
8723,10408511470,10408511635,1,"IOTHUB_CLIENT_CONFIRMATION_OK"
8724,10408511671,10408511719,1,"IOTHUB_CLIENT_CONFIRMATION_OK"
8725,10408511871,10408511917,1,"IOTHUB_CLIENT_CONFIRMATION_OK"
8726,10408512071,10408512119,1,"IOTHUB_CLIENT_CONFIRMATION_OK"
8727,10408512271,10408512327,1,"IOTHUB_CLIENT_CONFIRMATION_OK"
8728,10408512471,10408512600,1,"IOTHUB_CLIENT_CONFIRMATION_OK"
8729,10408512671,10408512717,1,"IOTHUB_CLIENT_CONFIRMATION_OK"
8730,10408512871,10408513120,1,"IOTHUB_CLIENT_CONFIRMATION_OK"
8731,10408513072,10408513156,1,"IOTHUB_CLIENT_CONFIRMATION_OK"
8732,10408513272,10408513354,1,"IOTHUB_CLIENT_CONFIRMATION_OK"
8733,10408513472,10408513521,1,"IOTHUB_CLIENT_CONFIRMATION_OK"
8734,10408513672,10408513754,1,"IOTHUB_CLIENT_CONFIRMATION_OK"
8735,10408513872,10408513940,1,"IOTHUB_CLIENT_CONFIRMATION_OK"
8736,10408514072,10408514119,1,"IOTHUB_CLIENT_CONFIRMATION_OK"
8737,10408514273,10408514320,1,"IOTHUB_CLIENT_CONFIRMATION_OK"
8738,10408514473,10408514516,1,"IOTHUB_CLIENT_CONFIRMATION_OK"
8739,10408514673,10408514714,1,"IOTHUB_CLIENT_CONFIRMATION_OK"
8740,10408514873,10408514922,1,"IOTHUB_CLIENT_CONFIRMATION_OK"
8741,10408515073,10408515149,1,"IOTHUB_CLIENT_CONFIRMATION_OK"
8742,10408515273,10408515319,1,"IOTHUB_CLIENT_CONFIRMATION_OK"
8743,10408515473,10408515524,1,"IOTHUB_CLIENT_CONFIRMATION_OK"
8744,10408515674,10408515730,1,"IOTHUB_CLIENT_CONFIRMATION_OK"
8745,10408515874,10408515955,1,"IOTHUB_CLIENT_CONFIRMATION_OK"
8746,10408516074,10408516127,1,"IOTHUB_CLIENT_CONFIRMATION_OK"
8747,10408516274,10408516342,1,"IOTHUB_CLIENT_CONFIRMATION_OK"
8748,10408516474,10408516552,1,"IOTHUB_CLIENT_CONFIRMATION_OK"
8749,10408516674,10408516796,1,"IOTHUB_CLIENT_CONFIRMATION_OK"
8750,10408516874,10408516919,1,"IOTHUB_CLIENT_CONFIRMATION_OK"
8751,10408517075,10408517113,1,"IOTHUB_CLIENT_CONFIRMATION_OK"
8752,10408517275,10408517331,1,"IOTHUB_CLIENT_CONFIRMATION_OK"
8753,10408517475,10408517543,1,"IOTHUB_CLIENT_CONFIRMATION_OK"
8754,10408517675,10408517731,1,"IOTHUB_CLIENT_CONFIRMATION_OK"
8755,10408517875,10408517963,1,"IOTHUB_CLIENT_CONFIRMATION_OK"
8756,10408518075,10408518111,1,"IOTHUB_CLIENT_CONFIRMATION_OK"
8757,10408518276,10408518318,1,"IOTHUB_CLIENT_CONFIRMATION_OK"
8758,10408518476,10408518509,1,"IOTHUB_CLIENT_CONFIRMATION_OK"
8759,10408518676,10408518712,1,"IOTHUB_CLIENT_CONFIRMATION_OK"
8760,10408518876,10408518940,1,"IOTHUB_CLIENT_CONFIRMATION_OK"
8761,10408519076,10408519120,1,"IOTHUB_CLIENT_CONFIRMATION_OK"
8762,10408519276,10408519338,1,"IOTHUB_CLIENT_CONFIRMATION_OK"
8763,10408519477,10408519569,1,"IOTHUB_CLIENT_CONFIRMATION_OK"
8764,10408519677,10408519726,1,"IOTHUB_CLIENT_CONFIRMATION_OK"
8765,10408519877,10408519929,1,"IOTHUB_CLIENT_CONFIRMATION_OK"
8766,10408520077,10408520225,1,"IOTHUB_CLIENT_CONFIRMATION_OK"
8767,10408520277,10408520317,1,"IOTHUB_CLIENT_CONFIRMATION_OK"
8768,10408520477,10408520534,1,"IOTHUB_CLIENT_CONFIRMATION_OK"
8769,10408520677,10408520721,1,"IOTHUB_CLIENT_CONFIRMATION_OK"
8770,10408520878,10408520934,1,"IOTHUB_CLIENT_CONFIRMATION_OK"
8771,10408521078,10408521118,1,"IOTHUB_CLIENT_CONFIRMATION_OK"
8772,10408521278,10408521339,1,"IOTHUB_CLIENT_CONFIRMATION_OK"
8773,10408521478,10408521674,1,"IOTHUB_CLIENT_CONFIRMATION_OK"
8774,10408521678,10408521716,1,"IOTHUB_CLIENT_CONFIRMATION_OK"
8775,10408521878,10408521928,1,"IOTHUB_CLIENT_CONFIRMATION_OK"
8776,10408522079,10408522116,1,"IOTHUB_CLIENT_CONFIRMATION_OK"
8777,10408522279,10408522353,1,"IOTHUB_CLIENT_CONFIRMATION_OK"
8778,10408522479,10408522534,1,"IOTHUB_CLIENT_CONFIRMATION_OK"
8779,10408522679,10408522734,1,"IOTHUB_CLIENT_CONFIRMATION_OK"
8780,10408522879,10408523146,1,"IOTHUB_CLIENT_CONFIRMATION_OK"
8781,10408523079,10408523170,1,"IOTHUB_CLIENT_CONFIRMATION_OK"
8782,10408523279,10408523318,1,"IOTHUB_CLIENT_CONFIRMATION_OK"
8783,10408523480,10408523522,1,"IOTHUB_CLIENT_CONFIRMATION_OK"
8784,10408523680,10408523748,1,"IOTHUB_CLIENT_CONFIRMATION_OK"
8785,10408523880,10408523919,1,"IOTHUB_CLIENT_CONFIRMATION_OK"
8786,10408524080,10408524134,1,"IOTHUB_CLIENT_CONFIRMATION_OK"
8787,10408524280,10408524362,1,"IOTHUB_CLIENT_CONFIRMATION_OK"
8788,10408524480,10408524514,1,"IOTHUB_CLIENT_CONFIRMATION_OK"
8789,10408524681,10408524718,1,"IOTHUB_CLIENT_CONFIRMATION_OK"
8790,10408524881,10408524940,1,"IOTHUB_CLIENT_CONFIRMATION_OK"
8791,10408525081,10408525174,1,"IOTHUB_CLIENT_CONFIRMATION_OK"
8792,10408525281,10408525335,1,"IOTHUB_CLIENT_CONFIRMATION_OK"
8793,10408525481,10408525557,1,"IOTHUB_CLIENT_CONFIRMATION_OK"
8794,10408525681,10408525741,1,"IOTHUB_CLIENT_CONFIRMATION_OK"
8795,10408525881,10408525927,1,"IOTHUB_CLIENT_CONFIRMATION_OK"
8796,10408526082,10408526131,1,"IOTHUB_CLIENT_CONFIRMATION_OK"
8797,10408526282,10408526351,1,"IOTHUB_CLIENT_CONFIRMATION_OK"
8798,10408526482,10408526641,1,"IOTHUB_CLIENT_CONFIRMATION_OK"
8799,10408526682,10408526730,1,"IOTHUB_CLIENT_CONFIRMATION_OK"
8800,10408526882,10408526925,1,"IOTHUB_CLIENT_CONFIRMATION_OK"
8801,10408527082,10408527115,1,"IOTHUB_CLIENT_CONFIRMATION_OK"
8802,10408527283,10408527343,1,"IOTHUB_CLIENT_CONFIRMATION_OK"
8803,10408527483,10408527515,1,"IOTHUB_CLIENT_CONFIRMATION_OK"
8804,10408527683,10408527759,1,"IOTHUB_CLIENT_CONFIRMATION_OK"
8805,10408527883,10408528070,1,"IOTHUB_CLIENT_CONFIRMATION_OK"
8806,10408528083,10408528126,1,"IOTHUB_CLIENT_CONFIRMATION_OK"
8807,10408528283,10408528354,1,"IOTHUB_CLIENT_CONFIRMATION_OK"
8808,10408528483,10408528537,1,"IOTHUB_CLIENT_CONFIRMATION_OK"
8809,10408528684,10408528728,1,"IOTHUB_CLIENT_CONFIRMATION_OK"
8810,10408528884,10408528929,1,"IOTHUB_CLIENT_CONFIRMATION_OK"
8811,10408529084,10408529138,1,"IOTHUB_CLIENT_CONFIRMATION_OK"
8812,10408529284,10408529363,1,"IOTHUB_CLIENT_CONFIRMATION_OK"
8813,10408529484,10408529525,1,"IOTHUB_CLIENT_CONFIRMATION_OK"
8814,10408529684,10408529729,1,"IOTHUB_CLIENT_CONFIRMATION_OK"
8815,10408529884,10408529926,1,"IOTHUB_CLIENT_CONFIRMATION_OK"
8816,10408530085,10408530122,1,"IOTHUB_CLIENT_CONFIRMATION_OK"
8817,10408530285,10408530325,1,"IOTHUB_CLIENT_CONFIRMATION_OK"
8818,10408530485,10408530523,1,"IOTHUB_CLIENT_CONFIRMATION_OK"
8819,10408530685,10408530726,1,"IOTHUB_CLIENT_CONFIRMATION_OK"
8820,10408530885,10408530957,1,"IOTHUB_CLIENT_CONFIRMATION_OK"
8821,10408531085,10408531146,1,"IOTHUB_CLIENT_CONFIRMATION_OK"
8822,10408531286,10408531318,1,"IOTHUB_CLIENT_CONFIRMATION_OK"
8823,10408531486,10408531543,1,"IOTHUB_CLIENT_CONFIRMATION_OK"
8824,10408531686,10408531727,1,"IOTHUB_CLIENT_CONFIRMATION_OK"
8825,10408531886,10408531938,1,"IOTHUB_CLIENT_CONFIRMATION_OK"
8826,10408532086,10408532122,1,"IOTHUB_CLIENT_CONFIRMATION_OK"
8827,10408532286,10408532381,1,"IOTHUB_CLIENT_CONFIRMATION_OK"
8828,10408532487,10408532526,1,"IOTHUB_CLIENT_CONFIRMATION_OK"
8829,10408532687,10408532729,1,"IOTHUB_CLIENT_CONFIRMATION_OK"
8830,10408532887,10408533101,1,"IOTHUB_CLIENT_CONFIRMATION_OK"
8831,10408533087,10408533173,1,"IOTHUB_CLIENT_CONFIRMATION_OK"
8832,10408533287,10408533330,1,"IOTHUB_CLIENT_CONFIRMATION_OK"
8833,10408533487,10408533519,1,"IOTHUB_CLIENT_CONFIRMATION_OK"
8834,10408533687,10408533734,1,"IOTHUB_CLIENT_CONFIRMATION_OK"
8835,10408533888,10408533983,1,"IOTHUB_CLIENT_CONFIRMATION_OK"
8836,10408534088,10408534145,1,"IOTHUB_CLIENT_CONFIRMATION_OK"
8837,10408534288,10408534326,1,"IOTHUB_CLIENT_CONFIRMATION_OK"
8838,10408534488,10408534533,1,"IOTHUB_CLIENT_CONFIRMATION_OK"
8839,10408534688,10408534734,1,"IOTHUB_CLIENT_CONFIRMATION_OK"
8840,10408534888,10408534929,1,"IOTHUB_CLIENT_CONFIRMATION_OK"
8841,10408535088,10408535132,1,"IOTHUB_CLIENT_CONFIRMATION_OK"
8842,10408535289,10408535356,1,"IOTHUB_CLIENT_CONFIRMATION_OK"
8843,10408535489,10408535534,1,"IOTHUB_CLIENT_CONFIRMATION_OK"
8844,10408535689,10408535725,1,"IOTHUB_CLIENT_CONFIRMATION_OK"
8845,10408535889,10408535959,1,"IOTHUB_CLIENT_CONFIRMATION_OK"
8846,10408536089,10408536134,1,"IOTHUB_CLIENT_CONFIRMATION_OK"
8847,10408536289,10408536327,1,"IOTHUB_CLIENT_CONFIRMATION_OK"
8848,10408536490,10408536607,1,"IOTHUB_CLIENT_CONFIRMATION_OK"
8849,10408536690,10408536735,1,"IOTHUB_CLIENT_CONFIRMATION_OK"
8850,10408536890,10408536955,1,"IOTHUB_CLIENT_CONFIRMATION_OK"
8851,10408537090,10408537149,1,"IOTHUB_CLIENT_CONFIRMATION_OK"
8852,10408537290,10408537328,1,"IOTHUB_CLIENT_CONFIRMATION_OK"
8853,10408537490,10408537546,1,"IOTHUB_CLIENT_CONFIRMATION_OK"
8854,10408537691,10408537728,1,"IOTHUB_CLIENT_CONFIRMATION_OK"
8855,10408537891,10408537961,1,"IOTHUB_CLIENT_CONFIRMATION_OK"
8856,10408538091,10408538152,1,"IOTHUB_CLIENT_CONFIRMATION_OK"
8857,10408538291,10408538346,1,"IOTHUB_CLIENT_CONFIRMATION_OK"
8858,10408538491,10408538597,1,"IOTHUB_CLIENT_CONFIRMATION_OK"
8859,10408538691,10408538795,1,"IOTHUB_CLIENT_CONFIRMATION_OK"
8860,10408538891,10408538954,1,"IOTHUB_CLIENT_CONFIRMATION_OK"
8861,10408539092,10408539133,1,"IOTHUB_CLIENT_CONFIRMATION_OK"
8862,10408539292,10408539339,1,"IOTHUB_CLIENT_CONFIRMATION_OK"
8863,10408539492,10408539528,1,"IOTHUB_CLIENT_CONFIRMATION_OK"
8864,10408539692,10408539740,1,"IOTHUB_CLIENT_CONFIRMATION_OK"
8865,10408539892,10408539952,1,"IOTHUB_CLIENT_CONFIRMATION_OK"
8866,10408540093,10408540259,1,"IOTHUB_CLIENT_CONFIRMATION_OK"
8867,10408540293,10408540343,1,"IOTHUB_CLIENT_CONFIRMATION_OK"
8868,10408540493,10408540533,1,"IOTHUB_CLIENT_CONFIRMATION_OK"
8869,10408540693,10408540745,1,"IOTHUB_CLIENT_CONFIRMATION_OK"
8870,10408540893,10408540932,1,"IOTHUB_CLIENT_CONFIRMATION_OK"
8871,10408541093,10408541182,1,"IOTHUB_CLIENT_CONFIRMATION_OK"
8872,10408541293,10408541333,1,"IOTHUB_CLIENT_CONFIRMATION_OK"
8873,10408541494,10408541658,1,"IOTHUB_CLIENT_CONFIRMATION_OK"
8874,10408541694,10408541739,1,"IOTHUB_CLIENT_CONFIRMATION_OK"
8875,10408541894,10408541932,1,"IOTHUB_CLIENT_CONFIRMATION_OK"
8876,10408542094,10408542162,1,"IOTHUB_CLIENT_CONFIRMATION_OK"
8877,10408542294,10408542332,1,"IOTHUB_CLIENT_CONFIRMATION_OK"
8878,10408542494,10408542528,1,"IOTHUB_CLIENT_CONFIRMATION_OK"
8879,10408542695,10408542760,1,"IOTHUB_CLIENT_CONFIRMATION_OK"
8880,10408542895,10408543052,1,"IOTHUB_CLIENT_CONFIRMATION_OK"
8881,10408543095,10408543151,1,"IOTHUB_CLIENT_CONFIRMATION_OK"
8882,10408543295,10408543341,1,"IOTHUB_CLIENT_CONFIRMATION_OK"
8883,10408543495,10408543528,1,"IOTHUB_CLIENT_CONFIRMATION_OK"
8884,10408543695,10408543739,1,"IOTHUB_CLIENT_CONFIRMATION_OK"
8885,10408543895,10408543947,1,"IOTHUB_CLIENT_CONFIRMATION_OK"
8886,10408544096,10408544144,1,"IOTHUB_CLIENT_CONFIRMATION_OK"
8887,10408544296,10408544383,1,"IOTHUB_CLIENT_CONFIRMATION_OK"
8888,10408544496,10408545433,1,"IOTHUB_CLIENT_CONFIRMATION_OK"
8889,10408544696,10408545529,1,"IOTHUB_CLIENT_CONFIRMATION_OK"
8890,10408544896,10408545612,1,"IOTHUB_CLIENT_CONFIRMATION_OK"
8891,10408545096,10408545687,1,"IOTHUB_CLIENT_CONFIRMATION_OK"
8892,10408545296,10408545740,1,"IOTHUB_CLIENT_CONFIRMATION_OK"
8893,10408545497,10408545848,1,"IOTHUB_CLIENT_CONFIRMATION_OK"
8894,10408545697,10408545952,1,"IOTHUB_CLIENT_CONFIRMATION_OK"
8895,10408545897,10408546048,1,"IOTHUB_CLIENT_CONFIRMATION_OK"
8896,10408546097,10408546182,1,"IOTHUB_CLIENT_CONFIRMATION_OK"
8897,10408546297,10408546345,1,"IOTHUB_CLIENT_CONFIRMATION_OK"
8898,10408546497,10408546547,1,"IOTHUB_CLIENT_CONFIRMATION_OK"
8899,10408546698,10408546767,1,"IOTHUB_CLIENT_CONFIRMATION_OK"
8900,10408546898,10408547009,1,"IOTHUB_CLIENT_CONFIRMATION_OK"
8901,10408547098,10408547146,1,"IOTHUB_CLIENT_CONFIRMATION_OK"
8902,10408547298,10408547344,1,"IOTHUB_CLIENT_CONFIRMATION_OK"
8903,10408547498,10408547575,1,"IOTHUB_CLIENT_CONFIRMATION_OK"
8904,10408547698,10408547778,1,"IOTHUB_CLIENT_CONFIRMATION_OK"
8905,10408547898,10408548003,1,"IOTHUB_CLIENT_CONFIRMATION_OK"
8906,10408548099,10408548159,1,"IOTHUB_CLIENT_CONFIRMATION_OK"
8907,10408548299,10408548361,1,"IOTHUB_CLIENT_CONFIRMATION_OK"
8908,10408548499,10408548554,1,"IOTHUB_CLIENT_CONFIRMATION_OK"
8909,10408548699,10408548798,1,"IOTHUB_CLIENT_CONFIRMATION_OK"
8910,10408548899,10408548935,1,"IOTHUB_CLIENT_CONFIRMATION_OK"
8911,10408549099,10408549147,1,"IOTHUB_CLIENT_CONFIRMATION_OK"
8912,10408549300,10408549359,1,"IOTHUB_CLIENT_CONFIRMATION_OK"
8913,10408549500,10408549548,1,"IOTHUB_CLIENT_CONFIRMATION_OK"
8914,10408549700,10408549750,1,"IOTHUB_CLIENT_CONFIRMATION_OK"
8915,10408549900,10408549937,1,"IOTHUB_CLIENT_CONFIRMATION_OK"
8916,10408550100,10408550213,1,"IOTHUB_CLIENT_CONFIRMATION_OK"
8917,10408550300,10408550359,1,"IOTHUB_CLIENT_CONFIRMATION_OK"
8918,10408550501,10408550617,1,"IOTHUB_CLIENT_CONFIRMATION_OK"
8919,10408550701,10408550740,1,"IOTHUB_CLIENT_CONFIRMATION_OK"
8920,10408550901,10408550977,1,"IOTHUB_CLIENT_CONFIRMATION_OK"
8921,10408551101,10408551140,1,"IOTHUB_CLIENT_CONFIRMATION_OK"
8922,10408551301,10408551335,1,"IOTHUB_CLIENT_CONFIRMATION_OK"
8923,10408551501,10408551716,1,"IOTHUB_CLIENT_CONFIRMATION_OK"
8924,10408551701,10408551739,1,"IOTHUB_CLIENT_CONFIRMATION_OK"
8925,10408551902,10408551954,1,"IOTHUB_CLIENT_CONFIRMATION_OK"
8926,10408552102,10408552195,1,"IOTHUB_CLIENT_CONFIRMATION_OK"
8927,10408552302,10408552358,1,"IOTHUB_CLIENT_CONFIRMATION_OK"
8928,10408552502,10408552598,1,"IOTHUB_CLIENT_CONFIRMATION_OK"
8929,10408552702,10408552752,1,"IOTHUB_CLIENT_CONFIRMATION_OK"
8930,10408552902,10408552958,1,"IOTHUB_CLIENT_CONFIRMATION_OK"
8931,10408553103,10408553141,1,"IOTHUB_CLIENT_CONFIRMATION_OK"
8932,10408553303,10408553389,1,"IOTHUB_CLIENT_CONFIRMATION_OK"
8933,10408553503,10408553561,1,"IOTHUB_CLIENT_CONFIRMATION_OK"
8934,10408553703,10408553760,1,"IOTHUB_CLIENT_CONFIRMATION_OK"
8935,10408553903,10408553987,1,"IOTHUB_CLIENT_CONFIRMATION_OK"
8936,10408554103,10408554221,1,"IOTHUB_CLIENT_CONFIRMATION_OK"
8937,10408554303,10408554345,1,"IOTHUB_CLIENT_CONFIRMATION_OK"
8938,10408554504,10408554537,1,"IOTHUB_CLIENT_CONFIRMATION_OK"
8939,10408554704,10408554738,1,"IOTHUB_CLIENT_CONFIRMATION_OK"
8940,10408554904,10408554957,1,"IOTHUB_CLIENT_CONFIRMATION_OK"
8941,10408555104,10408555184,1,"IOTHUB_CLIENT_CONFIRMATION_OK"
8942,10408555304,10408555339,1,"IOTHUB_CLIENT_CONFIRMATION_OK"
8943,10408555504,10408555586,1,"IOTHUB_CLIENT_CONFIRMATION_OK"
8944,10408555704,10408555735,1,"IOTHUB_CLIENT_CONFIRMATION_OK"
8945,10408555905,10408555949,1,"IOTHUB_CLIENT_CONFIRMATION_OK"
8946,10408556105,10408556153,1,"IOTHUB_CLIENT_CONFIRMATION_OK"
8947,10408556305,10408556353,1,"IOTHUB_CLIENT_CONFIRMATION_OK"
8948,10408556505,10408556604,1,"IOTHUB_CLIENT_CONFIRMATION_OK"
8949,10408556705,10408556755,1,"IOTHUB_CLIENT_CONFIRMATION_OK"
8950,10408556905,10408556939,1,"IOTHUB_CLIENT_CONFIRMATION_OK"
8951,10408557106,10408557154,1,"IOTHUB_CLIENT_CONFIRMATION_OK"
8952,10408557306,10408557425,1,"IOTHUB_CLIENT_CONFIRMATION_OK"
8953,10408557506,10408557545,1,"IOTHUB_CLIENT_CONFIRMATION_OK"
8954,10408557706,10408557756,1,"IOTHUB_CLIENT_CONFIRMATION_OK"
8955,10408557906,10408558084,1,"IOTHUB_CLIENT_CONFIRMATION_OK"
8956,10408558106,10408558167,1,"IOTHUB_CLIENT_CONFIRMATION_OK"
8957,10408558306,10408558341,1,"IOTHUB_CLIENT_CONFIRMATION_OK"
8958,10408558507,10408558555,1,"IOTHUB_CLIENT_CONFIRMATION_OK"
8959,10408558707,10408558749,1,"IOTHUB_CLIENT_CONFIRMATION_OK"
8960,10408558907,10408558974,1,"IOTHUB_CLIENT_CONFIRMATION_OK"
8961,10408559107,10408559162,1,"IOTHUB_CLIENT_CONFIRMATION_OK"
8962,10408559307,10408559357,1,"IOTHUB_CLIENT_CONFIRMATION_OK"
8963,10408559507,10408559558,1,"IOTHUB_CLIENT_CONFIRMATION_OK"
8964,10408559708,10408559750,1,"IOTHUB_CLIENT_CONFIRMATION_OK"
8965,10408559908,10408559961,1,"IOTHUB_CLIENT_CONFIRMATION_OK"
8966,10408560108,10408560165,1,"IOTHUB_CLIENT_CONFIRMATION_OK"
8967,10408560308,10408560363,1,"IOTHUB_CLIENT_CONFIRMATION_OK"
8968,10408560508,10408560544,1,"IOTHUB_CLIENT_CONFIRMATION_OK"
8969,10408560708,10408560753,1,"IOTHUB_CLIENT_CONFIRMATION_OK"
8970,10408560909,10408560990,1,"IOTHUB_CLIENT_CONFIRMATION_OK"
8971,10408561109,10408561182,1,"IOTHUB_CLIENT_CONFIRMATION_OK"
8972,10408561309,10408561360,1,"IOTHUB_CLIENT_CONFIRMATION_OK"
8973,10408561509,10408561580,1,"IOTHUB_CLIENT_CONFIRMATION_OK"
8974,10408561709,10408561742,1,"IOTHUB_CLIENT_CONFIRMATION_OK"
8975,10408561909,10408561949,1,"IOTHUB_CLIENT_CONFIRMATION_OK"
8976,10408562109,10408562178,1,"IOTHUB_CLIENT_CONFIRMATION_OK"
8977,10408562310,10408562391,1,"IOTHUB_CLIENT_CONFIRMATION_OK"
8978,10408562510,10408562549,1,"IOTHUB_CLIENT_CONFIRMATION_OK"
8979,10408562710,10408562774,1,"IOTHUB_CLIENT_CONFIRMATION_OK"
8980,10408562910,10408562996,1,"IOTHUB_CLIENT_CONFIRMATION_OK"
8981,10408563110,10408563178,1,"IOTHUB_CLIENT_CONFIRMATION_OK"
8982,10408563310,10408563431,1,"IOTHUB_CLIENT_CONFIRMATION_OK"
8983,10408563511,10408563549,1,"IOTHUB_CLIENT_CONFIRMATION_OK"
8984,10408563711,10408563808,1,"IOTHUB_CLIENT_CONFIRMATION_OK"
8985,10408563911,10408563974,1,"IOTHUB_CLIENT_CONFIRMATION_OK"
8986,10408564111,10408564175,1,"IOTHUB_CLIENT_CONFIRMATION_OK"
8987,10408564311,10408564354,1,"IOTHUB_CLIENT_CONFIRMATION_OK"
8988,10408564511,10408564561,1,"IOTHUB_CLIENT_CONFIRMATION_OK"
8989,10408564712,10408564757,1,"IOTHUB_CLIENT_CONFIRMATION_OK"
8990,10408564912,10408564955,1,"IOTHUB_CLIENT_CONFIRMATION_OK"
8991,10408565112,10408565237,1,"IOTHUB_CLIENT_CONFIRMATION_OK"
8992,10408565312,10408565381,1,"IOTHUB_CLIENT_CONFIRMATION_OK"
8993,10408565512,10408565590,1,"IOTHUB_CLIENT_CONFIRMATION_OK"
8994,10408565713,10408565783,1,"IOTHUB_CLIENT_CONFIRMATION_OK"
8995,10408565913,10408565964,1,"IOTHUB_CLIENT_CONFIRMATION_OK"
8996,10408566113,10408566147,1,"IOTHUB_CLIENT_CONFIRMATION_OK"
8997,10408566313,10408566355,1,"IOTHUB_CLIENT_CONFIRMATION_OK"
8998,10408566513,10408566676,1,"IOTHUB_CLIENT_CONFIRMATION_OK"
8999,10408566713,10408566788,1,"IOTHUB_CLIENT_CONFIRMATION_OK"
9000,10408566914,10408566957,1,"IOTHUB_CLIENT_CONFIRMATION_OK"
9001,10408567114,10408567155,1,"IOTHUB_CLIENT_CONFIRMATION_OK"
9002,10408567314,10408567363,1,"IOTHUB_CLIENT_CONFIRMATION_OK"
9003,10408567514,10408567558,1,"IOTHUB_CLIENT_CONFIRMATION_OK"
9004,10408567714,10408567787,1,"IOTHUB_CLIENT_CONFIRMATION_OK"
9005,10408567914,10408568091,1,"IOTHUB_CLIENT_CONFIRMATION_OK"
9006,10408568115,10408568158,1,"IOTHUB_CLIENT_CONFIRMATION_OK"
9007,10408568315,10408568428,1,"IOTHUB_CLIENT_CONFIRMATION_OK"
9008,10408568515,10408568563,1,"IOTHUB_CLIENT_CONFIRMATION_OK"
9009,10408568715,10408568753,1,"IOTHUB_CLIENT_CONFIRMATION_OK"
9010,10408568915,10408568981,1,"IOTHUB_CLIENT_CONFIRMATION_OK"
9011,10408569115,10408569160,1,"IOTHUB_CLIENT_CONFIRMATION_OK"
9012,10408569315,10408569348,1,"IOTHUB_CLIENT_CONFIRMATION_OK"
9013,10408569516,10408569557,1,"IOTHUB_CLIENT_CONFIRMATION_OK"
9014,10408569716,10408569788,1,"IOTHUB_CLIENT_CONFIRMATION_OK"
9015,10408569916,10408569969,1,"IOTHUB_CLIENT_CONFIRMATION_OK"
9016,10408570116,10408570154,1,"IOTHUB_CLIENT_CONFIRMATION_OK"
9017,10408570316,10408570370,1,"IOTHUB_CLIENT_CONFIRMATION_OK"
9018,10408570516,10408570559,1,"IOTHUB_CLIENT_CONFIRMATION_OK"
9019,10408570717,10408570817,1,"IOTHUB_CLIENT_CONFIRMATION_OK"
9020,10408570917,10408570964,1,"IOTHUB_CLIENT_CONFIRMATION_OK"
9021,10408571117,10408571174,1,"IOTHUB_CLIENT_CONFIRMATION_OK"
9022,10408571317,10408571369,1,"IOTHUB_CLIENT_CONFIRMATION_OK"
9023,10408571517,10408571564,1,"IOTHUB_CLIENT_CONFIRMATION_OK"
9024,10408571717,10408571791,1,"IOTHUB_CLIENT_CONFIRMATION_OK"
9025,10408571917,10408571963,1,"IOTHUB_CLIENT_CONFIRMATION_OK"
9026,10408572118,10408572161,1,"IOTHUB_CLIENT_CONFIRMATION_OK"
9027,10408572318,10408572402,1,"IOTHUB_CLIENT_CONFIRMATION_OK"
9028,10408572518,10408572561,1,"IOTHUB_CLIENT_CONFIRMATION_OK"
9029,10408572718,10408572764,1,"IOTHUB_CLIENT_CONFIRMATION_OK"
9030,10408572918,10408572976,1,"IOTHUB_CLIENT_CONFIRMATION_OK"
9031,10408573118,10408573172,1,"IOTHUB_CLIENT_CONFIRMATION_OK"
9032,10408573319,10408573349,1,"IOTHUB_CLIENT_CONFIRMATION_OK"
9033,10408573519,10408573642,1,"IOTHUB_CLIENT_CONFIRMATION_OK"
9034,10408573719,10408573845,1,"IOTHUB_CLIENT_CONFIRMATION_OK"
9035,10408573919,10408573966,1,"IOTHUB_CLIENT_CONFIRMATION_OK"
9036,10408574119,10408574168,1,"IOTHUB_CLIENT_CONFIRMATION_OK"
9037,10408574319,10408574351,1,"IOTHUB_CLIENT_CONFIRMATION_OK"
9038,10408574520,10408574571,1,"IOTHUB_CLIENT_CONFIRMATION_OK"
9039,10408574720,10408575418,1,"IOTHUB_CLIENT_CONFIRMATION_OK"
9040,10408574920,10408575530,1,"IOTHUB_CLIENT_CONFIRMATION_OK"
9041,10408575120,10408575582,1,"IOTHUB_CLIENT_CONFIRMATION_OK"
9042,10408575320,10408575679,1,"IOTHUB_CLIENT_CONFIRMATION_OK"
9043,10408575520,10408575768,1,"IOTHUB_CLIENT_CONFIRMATION_OK"
9044,10408575720,10408575839,1,"IOTHUB_CLIENT_CONFIRMATION_OK"
9045,10408575921,10408575988,1,"IOTHUB_CLIENT_CONFIRMATION_OK"
9046,10408576121,10408576158,1,"IOTHUB_CLIENT_CONFIRMATION_OK"
9047,10408576321,10408576365,1,"IOTHUB_CLIENT_CONFIRMATION_OK"
9048,10408576521,10408576703,1,"IOTHUB_CLIENT_CONFIRMATION_OK"
9049,10408576721,10408576762,1,"IOTHUB_CLIENT_CONFIRMATION_OK"
9050,10408576921,10408576962,1,"IOTHUB_CLIENT_CONFIRMATION_OK"
9051,10408577121,10408577178,1,"IOTHUB_CLIENT_CONFIRMATION_OK"
9052,10408577322,10408577362,1,"IOTHUB_CLIENT_CONFIRMATION_OK"
9053,10408577522,10408577618,1,"IOTHUB_CLIENT_CONFIRMATION_OK"
9054,10408577722,10408577767,1,"IOTHUB_CLIENT_CONFIRMATION_OK"
9055,10408577922,10408578106,1,"IOTHUB_CLIENT_CONFIRMATION_OK"
9056,10408578122,10408578182,1,"IOTHUB_CLIENT_CONFIRMATION_OK"
9057,10408578322,10408578368,1,"IOTHUB_CLIENT_CONFIRMATION_OK"
9058,10408578523,10408578554,1,"IOTHUB_CLIENT_CONFIRMATION_OK"
9059,10408578723,10408578773,1,"IOTHUB_CLIENT_CONFIRMATION_OK"
9060,10408578923,10408578968,1,"IOTHUB_CLIENT_CONFIRMATION_OK"
9061,10408579123,10408579184,1,"IOTHUB_CLIENT_CONFIRMATION_OK"
9062,10408579323,10408579372,1,"IOTHUB_CLIENT_CONFIRMATION_OK"
9063,10408579523,10408579587,1,"IOTHUB_CLIENT_CONFIRMATION_OK"
9064,10408579723,10408579775,1,"IOTHUB_CLIENT_CONFIRMATION_OK"
9065,10408579924,10408579966,1,"IOTHUB_CLIENT_CONFIRMATION_OK"
9066,10408580124,10408580252,1,"IOTHUB_CLIENT_CONFIRMATION_OK"
9067,10408580324,10408580371,1,"IOTHUB_CLIENT_CONFIRMATION_OK"
9068,10408580524,10408580574,1,"IOTHUB_CLIENT_CONFIRMATION_OK"
9069,10408580724,10408580776,1,"IOTHUB_CLIENT_CONFIRMATION_OK"
9070,10408580924,10408580966,1,"IOTHUB_CLIENT_CONFIRMATION_OK"
9071,10408581125,10408581174,1,"IOTHUB_CLIENT_CONFIRMATION_OK"
9072,10408581325,10408581379,1,"IOTHUB_CLIENT_CONFIRMATION_OK"
9073,10408581525,10408581581,1,"IOTHUB_CLIENT_CONFIRMATION_OK"
9074,10408581725,10408581775,1,"IOTHUB_CLIENT_CONFIRMATION_OK"
9075,10408581925,10408581998,1,"IOTHUB_CLIENT_CONFIRMATION_OK"
9076,10408582125,10408582175,1,"IOTHUB_CLIENT_CONFIRMATION_OK"
9077,10408582325,10408582380,1,"IOTHUB_CLIENT_CONFIRMATION_OK"
9078,10408582526,10408582572,1,"IOTHUB_CLIENT_CONFIRMATION_OK"
9079,10408582726,10408582769,1,"IOTHUB_CLIENT_CONFIRMATION_OK"
9080,10408582926,10408582988,1,"IOTHUB_CLIENT_CONFIRMATION_OK"
9081,10408583126,10408583178,1,"IOTHUB_CLIENT_CONFIRMATION_OK"
9082,10408583326,10408583386,1,"IOTHUB_CLIENT_CONFIRMATION_OK"
9083,10408583526,10408583596,1,"IOTHUB_CLIENT_CONFIRMATION_OK"
9084,10408583727,10408583816,1,"IOTHUB_CLIENT_CONFIRMATION_OK"
9085,10408583927,10408583974,1,"IOTHUB_CLIENT_CONFIRMATION_OK"
9086,10408584127,10408584171,1,"IOTHUB_CLIENT_CONFIRMATION_OK"
9087,10408584327,10408584380,1,"IOTHUB_CLIENT_CONFIRMATION_OK"
9088,10408584527,10408584564,1,"IOTHUB_CLIENT_CONFIRMATION_OK"
9089,10408584727,10408584773,1,"IOTHUB_CLIENT_CONFIRMATION_OK"
9090,10408584928,10408584969,1,"IOTHUB_CLIENT_CONFIRMATION_OK"
9091,10408585128,10408585224,1,"IOTHUB_CLIENT_CONFIRMATION_OK"
9092,10408585328,10408585380,1,"IOTHUB_CLIENT_CONFIRMATION_OK"
9093,10408585528,10408585563,1,"IOTHUB_CLIENT_CONFIRMATION_OK"
9094,10408585728,10408585770,1,"IOTHUB_CLIENT_CONFIRMATION_OK"
9095,10408585928,10408585966,1,"IOTHUB_CLIENT_CONFIRMATION_OK"
9096,10408586128,10408586177,1,"IOTHUB_CLIENT_CONFIRMATION_OK"
9097,10408586329,10408586361,1,"IOTHUB_CLIENT_CONFIRMATION_OK"
9098,10408586529,10408586637,1,"IOTHUB_CLIENT_CONFIRMATION_OK"
9099,10408586729,10408586784,1,"IOTHUB_CLIENT_CONFIRMATION_OK"
9100,10408586929,10408586977,1,"IOTHUB_CLIENT_CONFIRMATION_OK"
9101,10408587129,10408587182,1,"IOTHUB_CLIENT_CONFIRMATION_OK"
9102,10408587329,10408587360,1,"IOTHUB_CLIENT_CONFIRMATION_OK"
9103,10408587530,10408587569,1,"IOTHUB_CLIENT_CONFIRMATION_OK"
9104,10408587730,10408587775,1,"IOTHUB_CLIENT_CONFIRMATION_OK"
9105,10408587930,10408588055,1,"IOTHUB_CLIENT_CONFIRMATION_OK"
9106,10408588130,10408588188,1,"IOTHUB_CLIENT_CONFIRMATION_OK"
9107,10408588330,10408588392,1,"IOTHUB_CLIENT_CONFIRMATION_OK"
9108,10408588530,10408588579,1,"IOTHUB_CLIENT_CONFIRMATION_OK"
9109,10408588730,10408588776,1,"IOTHUB_CLIENT_CONFIRMATION_OK"
9110,10408588931,10408588975,1,"IOTHUB_CLIENT_CONFIRMATION_OK"
9111,10408589131,10408589176,1,"IOTHUB_CLIENT_CONFIRMATION_OK"
9112,10408589331,10408589366,1,"IOTHUB_CLIENT_CONFIRMATION_OK"
9113,10408589531,10408589566,1,"IOTHUB_CLIENT_CONFIRMATION_OK"
9114,10408589731,10408589776,1,"IOTHUB_CLIENT_CONFIRMATION_OK"
9115,10408589931,10408589975,1,"IOTHUB_CLIENT_CONFIRMATION_OK"
9116,10408590132,10408590174,1,"IOTHUB_CLIENT_CONFIRMATION_OK"
9117,10408590332,10408590390,1,"IOTHUB_CLIENT_CONFIRMATION_OK"
9118,10408590532,10408590578,1,"IOTHUB_CLIENT_CONFIRMATION_OK"
9119,10408590732,10408590771,1,"IOTHUB_CLIENT_CONFIRMATION_OK"
9120,10408590932,10408590997,1,"IOTHUB_CLIENT_CONFIRMATION_OK"
9121,10408591132,10408591182,1,"IOTHUB_CLIENT_CONFIRMATION_OK"
9122,10408591332,10408591392,1,"IOTHUB_CLIENT_CONFIRMATION_OK"
9123,10408591533,10408591570,1,"IOTHUB_CLIENT_CONFIRMATION_OK"
9124,10408591733,10408591797,1,"IOTHUB_CLIENT_CONFIRMATION_OK"
9125,10408591933,10408592019,1,"IOTHUB_CLIENT_CONFIRMATION_OK"
9126,10408592133,10408592190,1,"IOTHUB_CLIENT_CONFIRMATION_OK"
9127,10408592333,10408592455,1,"IOTHUB_CLIENT_CONFIRMATION_OK"
9128,10408592533,10408592572,1,"IOTHUB_CLIENT_CONFIRMATION_OK"
9129,10408592733,10408592794,1,"IOTHUB_CLIENT_CONFIRMATION_OK"
9130,10408592934,10408593147,1,"IOTHUB_CLIENT_CONFIRMATION_OK"
9131,10408593134,10408593176,1,"IOTHUB_CLIENT_CONFIRMATION_OK"
9132,10408593334,10408593366,1,"IOTHUB_CLIENT_CONFIRMATION_OK"
9133,10408593534,10408593609,1,"IOTHUB_CLIENT_CONFIRMATION_OK"
9134,10408593734,10408593787,1,"IOTHUB_CLIENT_CONFIRMATION_OK"
9135,10408593934,10408593964,1,"IOTHUB_CLIENT_CONFIRMATION_OK"
9136,10408594134,10408594222,1,"IOTHUB_CLIENT_CONFIRMATION_OK"
9137,10408594335,10408594379,1,"IOTHUB_CLIENT_CONFIRMATION_OK"
9138,10408594535,10408594604,1,"IOTHUB_CLIENT_CONFIRMATION_OK"
9139,10408594735,10408594804,1,"IOTHUB_CLIENT_CONFIRMATION_OK"
9140,10408594935,10408594987,1,"IOTHUB_CLIENT_CONFIRMATION_OK"
9141,10408595135,10408595182,1,"IOTHUB_CLIENT_CONFIRMATION_OK"
9142,10408595335,10408595385,1,"IOTHUB_CLIENT_CONFIRMATION_OK"
9143,10408595536,10408595579,1,"IOTHUB_CLIENT_CONFIRMATION_OK"
9144,10408595736,10408595809,1,"IOTHUB_CLIENT_CONFIRMATION_OK"
9145,10408595936,10408595989,1,"IOTHUB_CLIENT_CONFIRMATION_OK"
9146,10408596136,10408596194,1,"IOTHUB_CLIENT_CONFIRMATION_OK"
9147,10408596336,10408596376,1,"IOTHUB_CLIENT_CONFIRMATION_OK"
9148,10408596536,10408596584,1,"IOTHUB_CLIENT_CONFIRMATION_OK"
9149,10408596736,10408596781,1,"IOTHUB_CLIENT_CONFIRMATION_OK"
9150,10408596937,10408596973,1,"IOTHUB_CLIENT_CONFIRMATION_OK"
9151,10408597137,10408597214,1,"IOTHUB_CLIENT_CONFIRMATION_OK"
9152,10408597337,10408597414,1,"IOTHUB_CLIENT_CONFIRMATION_OK"
9153,10408597537,10408597581,1,"IOTHUB_CLIENT_CONFIRMATION_OK"
9154,10408597737,10408597786,1,"IOTHUB_CLIENT_CONFIRMATION_OK"
9155,10408597937,10408598113,1,"IOTHUB_CLIENT_CONFIRMATION_OK"
9156,10408598137,10408598190,1,"IOTHUB_CLIENT_CONFIRMATION_OK"
9157,10408598338,10408598389,1,"IOTHUB_CLIENT_CONFIRMATION_OK"
9158,10408598538,10408598582,1,"IOTHUB_CLIENT_CONFIRMATION_OK"
9159,10408598738,10408598841,1,"IOTHUB_CLIENT_CONFIRMATION_OK"
9160,10408598938,10408598972,1,"IOTHUB_CLIENT_CONFIRMATION_OK"
9161,10408599138,10408599201,1,"IOTHUB_CLIENT_CONFIRMATION_OK"
9162,10408599338,10408599395,1,"IOTHUB_CLIENT_CONFIRMATION_OK"
9163,10408599539,10408599595,1,"IOTHUB_CLIENT_CONFIRMATION_OK"
9164,10408599739,10408599789,1,"IOTHUB_CLIENT_CONFIRMATION_OK"
9165,10408599939,10408599984,1,"IOTHUB_CLIENT_CONFIRMATION_OK"
9166,10408600139,10408600182,1,"IOTHUB_CLIENT_CONFIRMATION_OK"
9167,10408600339,10408600378,1,"IOTHUB_CLIENT_CONFIRMATION_OK"
9168,10408600539,10408600592,1,"IOTHUB_CLIENT_CONFIRMATION_OK"
9169,10408600739,10408600788,1,"IOTHUB_CLIENT_CONFIRMATION_OK"
9170,10408600940,10408601008,1,"IOTHUB_CLIENT_CONFIRMATION_OK"
9171,10408601140,10408601178,1,"IOTHUB_CLIENT_CONFIRMATION_OK"
9172,10408601340,10408601394,1,"IOTHUB_CLIENT_CONFIRMATION_OK"
9173,10408601540,10408601811,1,"IOTHUB_CLIENT_CONFIRMATION_OK"
9174,10408601740,10408601838,1,"IOTHUB_CLIENT_CONFIRMATION_OK"
9175,10408601940,10408601993,1,"IOTHUB_CLIENT_CONFIRMATION_OK"
9176,10408602140,10408602200,1,"IOTHUB_CLIENT_CONFIRMATION_OK"
9177,10408602341,10408602420,1,"IOTHUB_CLIENT_CONFIRMATION_OK"
9178,10408602541,10408602577,1,"IOTHUB_CLIENT_CONFIRMATION_OK"
9179,10408602741,10408602797,1,"IOTHUB_CLIENT_CONFIRMATION_OK"
9180,10408602941,10408602996,1,"IOTHUB_CLIENT_CONFIRMATION_OK"
9181,10408603141,10408603182,1,"IOTHUB_CLIENT_CONFIRMATION_OK"
9182,10408603341,10408603400,1,"IOTHUB_CLIENT_CONFIRMATION_OK"
9183,10408603541,10408603626,1,"IOTHUB_CLIENT_CONFIRMATION_OK"
9184,10408603742,10408603821,1,"IOTHUB_CLIENT_CONFIRMATION_OK"
9185,10408603942,10408603999,1,"IOTHUB_CLIENT_CONFIRMATION_OK"
9186,10408604142,10408604198,1,"IOTHUB_CLIENT_CONFIRMATION_OK"
9187,10408604342,10408604384,1,"IOTHUB_CLIENT_CONFIRMATION_OK"
9188,10408604542,10408604607,1,"IOTHUB_CLIENT_CONFIRMATION_OK"
9189,10408604742,10408604781,1,"IOTHUB_CLIENT_CONFIRMATION_OK"
9190,10408604943,10408604978,1,"IOTHUB_CLIENT_CONFIRMATION_OK"
9191,10408605143,10408605312,1,"IOTHUB_CLIENT_CONFIRMATION_OK"
9192,10408605343,10408605387,1,"IOTHUB_CLIENT_CONFIRMATION_OK"
9193,10408605543,10408605601,1,"IOTHUB_CLIENT_CONFIRMATION_OK"
9194,10408605743,10408605787,1,"IOTHUB_CLIENT_CONFIRMATION_OK"
9195,10408605943,10408605978,1,"IOTHUB_CLIENT_CONFIRMATION_OK"
9196,10408606143,10408606187,1,"IOTHUB_CLIENT_CONFIRMATION_OK"
9197,10408606344,10408606402,1,"IOTHUB_CLIENT_CONFIRMATION_OK"
9198,10408606544,10408606730,1,"IOTHUB_CLIENT_CONFIRMATION_OK"
9199,10408606744,10408606800,1,"IOTHUB_CLIENT_CONFIRMATION_OK"
9200,10408606944,10408606988,1,"IOTHUB_CLIENT_CONFIRMATION_OK"
9201,10408607144,10408607200,1,"IOTHUB_CLIENT_CONFIRMATION_OK"
9202,10408607344,10408607419,1,"IOTHUB_CLIENT_CONFIRMATION_OK"
9203,10408607545,10408607590,1,"IOTHUB_CLIENT_CONFIRMATION_OK"
9204,10408607745,10408607784,1,"IOTHUB_CLIENT_CONFIRMATION_OK"
9205,10408607945,10408608174,1,"IOTHUB_CLIENT_CONFIRMATION_OK"
9206,10408608145,10408608228,1,"IOTHUB_CLIENT_CONFIRMATION_OK"
9207,10408608345,10408608389,1,"IOTHUB_CLIENT_CONFIRMATION_OK"
9208,10408608545,10408608632,1,"IOTHUB_CLIENT_CONFIRMATION_OK"
9209,10408608745,10408608788,1,"IOTHUB_CLIENT_CONFIRMATION_OK"
9210,10408608946,10408609013,1,"IOTHUB_CLIENT_CONFIRMATION_OK"
9211,10408609146,10408609202,1,"IOTHUB_CLIENT_CONFIRMATION_OK"
9212,10408609346,10408609407,1,"IOTHUB_CLIENT_CONFIRMATION_OK"
9213,10408609546,10408609646,1,"IOTHUB_CLIENT_CONFIRMATION_OK"
9214,10408609746,10408609791,1,"IOTHUB_CLIENT_CONFIRMATION_OK"
9215,10408609946,10408610002,1,"IOTHUB_CLIENT_CONFIRMATION_OK"
9216,10408610147,10408610209,1,"IOTHUB_CLIENT_CONFIRMATION_OK"
9217,10408610347,10408610386,1,"IOTHUB_CLIENT_CONFIRMATION_OK"
9218,10408610547,10408610608,1,"IOTHUB_CLIENT_CONFIRMATION_OK"
9219,10408610747,10408610791,1,"IOTHUB_CLIENT_CONFIRMATION_OK"
9220,10408610947,10408610989,1,"IOTHUB_CLIENT_CONFIRMATION_OK"
9221,10408611147,10408611200,1,"IOTHUB_CLIENT_CONFIRMATION_OK"
9222,10408611347,10408611395,1,"IOTHUB_CLIENT_CONFIRMATION_OK"
9223,10408611548,10408611664,1,"IOTHUB_CLIENT_CONFIRMATION_OK"
9224,10408611748,10408611789,1,"IOTHUB_CLIENT_CONFIRMATION_OK"
9225,10408611948,10408612007,1,"IOTHUB_CLIENT_CONFIRMATION_OK"
9226,10408612148,10408612201,1,"IOTHUB_CLIENT_CONFIRMATION_OK"
9227,10408612348,10408612400,1,"IOTHUB_CLIENT_CONFIRMATION_OK"
9228,10408612548,10408612583,1,"IOTHUB_CLIENT_CONFIRMATION_OK"
9229,10408612748,10408612781,1,"IOTHUB_CLIENT_CONFIRMATION_OK"
9230,10408612949,10408613086,1,"IOTHUB_CLIENT_CONFIRMATION_OK"
9231,10408613149,10408613190,1,"IOTHUB_CLIENT_CONFIRMATION_OK"
9232,10408613349,10408613405,1,"IOTHUB_CLIENT_CONFIRMATION_OK"
9233,10408613549,10408613584,1,"IOTHUB_CLIENT_CONFIRMATION_OK"
9234,10408613749,10408613785,1,"IOTHUB_CLIENT_CONFIRMATION_OK"
9235,10408613949,10408613994,1,"IOTHUB_CLIENT_CONFIRMATION_OK"
9236,10408614149,10408614197,1,"IOTHUB_CLIENT_CONFIRMATION_OK"
9237,10408614350,10408614388,1,"IOTHUB_CLIENT_CONFIRMATION_OK"
9238,10408614550,10408614590,1,"IOTHUB_CLIENT_CONFIRMATION_OK"
9239,10408614750,10408614816,1,"IOTHUB_CLIENT_CONFIRMATION_OK"
9240,10408614950,10408615001,1,"IOTHUB_CLIENT_CONFIRMATION_OK"
9241,10408615150,10408615203,1,"IOTHUB_CLIENT_CONFIRMATION_OK"
9242,10408615351,10408615393,1,"IOTHUB_CLIENT_CONFIRMATION_OK"
9243,10408615551,10408615596,1,"IOTHUB_CLIENT_CONFIRMATION_OK"
9244,10408615751,10408615787,1,"IOTHUB_CLIENT_CONFIRMATION_OK"
9245,10408615951,10408616004,1,"IOTHUB_CLIENT_CONFIRMATION_OK"
9246,10408616151,10408616187,1,"IOTHUB_CLIENT_CONFIRMATION_OK"
9247,10408616351,10408616400,1,"IOTHUB_CLIENT_CONFIRMATION_OK"
9248,10408616551,10408616588,1,"IOTHUB_CLIENT_CONFIRMATION_OK"
9249,10408616752,10408616838,1,"IOTHUB_CLIENT_CONFIRMATION_OK"
9250,10408616952,10408616992,1,"IOTHUB_CLIENT_CONFIRMATION_OK"
9251,10408617152,10408617195,1,"IOTHUB_CLIENT_CONFIRMATION_OK"
9252,10408617352,10408617440,1,"IOTHUB_CLIENT_CONFIRMATION_OK"
9253,10408617552,10408617603,1,"IOTHUB_CLIENT_CONFIRMATION_OK"
9254,10408617752,10408617791,1,"IOTHUB_CLIENT_CONFIRMATION_OK"
9255,10408617952,10408618002,1,"IOTHUB_CLIENT_CONFIRMATION_OK"
9256,10408618153,10408618194,1,"IOTHUB_CLIENT_CONFIRMATION_OK"
9257,10408618353,10408618416,1,"IOTHUB_CLIENT_CONFIRMATION_OK"
9258,10408618553,10408618591,1,"IOTHUB_CLIENT_CONFIRMATION_OK"
9259,10408618753,10408618816,1,"IOTHUB_CLIENT_CONFIRMATION_OK"
9260,10408618953,10408618999,1,"IOTHUB_CLIENT_CONFIRMATION_OK"
9261,10408619153,10408619225,1,"IOTHUB_CLIENT_CONFIRMATION_OK"
9262,10408619354,10408619397,1,"IOTHUB_CLIENT_CONFIRMATION_OK"
9263,10408619554,10408619590,1,"IOTHUB_CLIENT_CONFIRMATION_OK"
9264,10408619754,10408619806,1,"IOTHUB_CLIENT_CONFIRMATION_OK"
9265,10408619954,10408620011,1,"IOTHUB_CLIENT_CONFIRMATION_OK"
9266,10408620154,10408620284,1,"IOTHUB_CLIENT_CONFIRMATION_OK"
9267,10408620354,10408620396,1,"IOTHUB_CLIENT_CONFIRMATION_OK"
9268,10408620555,10408620635,1,"IOTHUB_CLIENT_CONFIRMATION_OK"
9269,10408620755,10408620799,1,"IOTHUB_CLIENT_CONFIRMATION_OK"
9270,10408620955,10408621024,1,"IOTHUB_CLIENT_CONFIRMATION_OK"
9271,10408621155,10408621192,1,"IOTHUB_CLIENT_CONFIRMATION_OK"
9272,10408621355,10408621407,1,"IOTHUB_CLIENT_CONFIRMATION_OK"
9273,10408621555,10408621667,1,"IOTHUB_CLIENT_CONFIRMATION_OK"
9274,10408621756,10408621832,1,"IOTHUB_CLIENT_CONFIRMATION_OK"
9275,10408621956,10408622280,1,"IOTHUB_CLIENT_CONFIRMATION_OK"
9276,10408622156,10408622494,1,"IOTHUB_CLIENT_CONFIRMATION_OK"
9277,10408622356,10408622547,1,"IOTHUB_CLIENT_CONFIRMATION_OK"
9278,10408622556,10408622621,1,"IOTHUB_CLIENT_CONFIRMATION_OK"
9279,10408622756,10408622865,1,"IOTHUB_CLIENT_CONFIRMATION_OK"
9280,10408622956,10408623141,1,"IOTHUB_CLIENT_CONFIRMATION_OK"
9281,10408623157,10408623213,1,"IOTHUB_CLIENT_CONFIRMATION_OK"
9282,10408623357,10408623410,1,"IOTHUB_CLIENT_CONFIRMATION_OK"
9283,10408623557,10408623602,1,"IOTHUB_CLIENT_CONFIRMATION_OK"
9284,10408623757,10408623796,1,"IOTHUB_CLIENT_CONFIRMATION_OK"
9285,10408623957,10408624007,1,"IOTHUB_CLIENT_CONFIRMATION_OK"
9286,10408624157,10408624193,1,"IOTHUB_CLIENT_CONFIRMATION_OK"
9287,10408624357,10408624399,1,"IOTHUB_CLIENT_CONFIRMATION_OK"
9288,10408624558,10408624606,1,"IOTHUB_CLIENT_CONFIRMATION_OK"
9289,10408624758,10408624806,1,"IOTHUB_CLIENT_CONFIRMATION_OK"
9290,10408624958,10408625022,1,"IOTHUB_CLIENT_CONFIRMATION_OK"
9291,10408625158,10408625208,1,"IOTHUB_CLIENT_CONFIRMATION_OK"
9292,10408625358,10408625407,1,"IOTHUB_CLIENT_CONFIRMATION_OK"
9293,10408625558,10408625610,1,"IOTHUB_CLIENT_CONFIRMATION_OK"
9294,10408625758,10408625816,1,"IOTHUB_CLIENT_CONFIRMATION_OK"
9295,10408625959,10408626023,1,"IOTHUB_CLIENT_CONFIRMATION_OK"
9296,10408626159,10408626219,1,"IOTHUB_CLIENT_CONFIRMATION_OK"
9297,10408626359,10408626409,1,"IOTHUB_CLIENT_CONFIRMATION_OK"
9298,10408626559,10408626609,1,"IOTHUB_CLIENT_CONFIRMATION_OK"
9299,10408626759,10408626805,1,"IOTHUB_CLIENT_CONFIRMATION_OK"
9300,10408626959,10408627004,1,"IOTHUB_CLIENT_CONFIRMATION_OK"
9301,10408627160,10408627204,1,"IOTHUB_CLIENT_CONFIRMATION_OK"
9302,10408627360,10408627467,1,"IOTHUB_CLIENT_CONFIRMATION_OK"
9303,10408627560,10408627607,1,"IOTHUB_CLIENT_CONFIRMATION_OK"
9304,10408627760,10408627839,1,"IOTHUB_CLIENT_CONFIRMATION_OK"
9305,10408627960,10408628052,1,"IOTHUB_CLIENT_CONFIRMATION_OK"
9306,10408628160,10408628236,1,"IOTHUB_CLIENT_CONFIRMATION_OK"
9307,10408628360,10408628498,1,"IOTHUB_CLIENT_CONFIRMATION_OK"
9308,10408628561,10408628599,1,"IOTHUB_CLIENT_CONFIRMATION_OK"
9309,10408628761,10408628806,1,"IOTHUB_CLIENT_CONFIRMATION_OK"
9310,10408628961,10408629005,1,"IOTHUB_CLIENT_CONFIRMATION_OK"
9311,10408629161,10408629208,1,"IOTHUB_CLIENT_CONFIRMATION_OK"
9312,10408629361,10408629401,1,"IOTHUB_CLIENT_CONFIRMATION_OK"
9313,10408629561,10408629617,1,"IOTHUB_CLIENT_CONFIRMATION_OK"
9314,10408629762,10408629857,1,"IOTHUB_CLIENT_CONFIRMATION_OK"
9315,10408629962,10408630019,1,"IOTHUB_CLIENT_CONFIRMATION_OK"
9316,10408630162,10408630203,1,"IOTHUB_CLIENT_CONFIRMATION_OK"
9317,10408630362,10408630414,1,"IOTHUB_CLIENT_CONFIRMATION_OK"
9318,10408630562,10408630605,1,"IOTHUB_CLIENT_CONFIRMATION_OK"
9319,10408630762,10408630796,1,"IOTHUB_CLIENT_CONFIRMATION_OK"
9320,10408630962,10408631018,1,"IOTHUB_CLIENT_CONFIRMATION_OK"
9321,10408631163,10408631232,1,"IOTHUB_CLIENT_CONFIRMATION_OK"
9322,10408631363,10408631403,1,"IOTHUB_CLIENT_CONFIRMATION_OK"
9323,10408631563,10408631623,1,"IOTHUB_CLIENT_CONFIRMATION_OK"
9324,10408631763,10408631809,1,"IOTHUB_CLIENT_CONFIRMATION_OK"
9325,10408631963,10408632067,1,"IOTHUB_CLIENT_CONFIRMATION_OK"
9326,10408632163,10408632215,1,"IOTHUB_CLIENT_CONFIRMATION_OK"
9327,10408632364,10408632428,1,"IOTHUB_CLIENT_CONFIRMATION_OK"
9328,10408632564,10408632615,1,"IOTHUB_CLIENT_CONFIRMATION_OK"
9329,10408632764,10408632839,1,"IOTHUB_CLIENT_CONFIRMATION_OK"
9330,10408632964,10408633032,1,"IOTHUB_CLIENT_CONFIRMATION_OK"
9331,10408633164,10408633196,1,"IOTHUB_CLIENT_CONFIRMATION_OK"
9332,10408633364,10408633404,1,"IOTHUB_CLIENT_CONFIRMATION_OK"
9333,10408633564,10408633625,1,"IOTHUB_CLIENT_CONFIRMATION_OK"
9334,10408633765,10408633874,1,"IOTHUB_CLIENT_CONFIRMATION_OK"
9335,10408633965,10408634035,1,"IOTHUB_CLIENT_CONFIRMATION_OK"
9336,10408634165,10408634201,1,"IOTHUB_CLIENT_CONFIRMATION_OK"
9337,10408634365,10408634406,1,"IOTHUB_CLIENT_CONFIRMATION_OK"
9338,10408634565,10408634636,1,"IOTHUB_CLIENT_CONFIRMATION_OK"
9339,10408634765,10408634800,1,"IOTHUB_CLIENT_CONFIRMATION_OK"
9340,10408634966,10408635006,1,"IOTHUB_CLIENT_CONFIRMATION_OK"
9341,10408635166,10408635304,1,"IOTHUB_CLIENT_CONFIRMATION_OK"
9342,10408635366,10408635419,1,"IOTHUB_CLIENT_CONFIRMATION_OK"
9343,10408635566,10408635601,1,"IOTHUB_CLIENT_CONFIRMATION_OK"
9344,10408635766,10408635818,1,"IOTHUB_CLIENT_CONFIRMATION_OK"
9345,10408635966,10408636012,1,"IOTHUB_CLIENT_CONFIRMATION_OK"
9346,10408636167,10408636281,1,"IOTHUB_CLIENT_CONFIRMATION_OK"
9347,10408636367,10408636413,1,"IOTHUB_CLIENT_CONFIRMATION_OK"
9348,10408636567,10408636759,1,"IOTHUB_CLIENT_CONFIRMATION_OK"
9349,10408636767,10408636819,1,"IOTHUB_CLIENT_CONFIRMATION_OK"
9350,10408636967,10408637005,1,"IOTHUB_CLIENT_CONFIRMATION_OK"
9351,10408637167,10408637250,1,"IOTHUB_CLIENT_CONFIRMATION_OK"
9352,10408637368,10408637406,1,"IOTHUB_CLIENT_CONFIRMATION_OK"
9353,10408637568,10408637612,1,"IOTHUB_CLIENT_CONFIRMATION_OK"
9354,10408637768,10408637800,1,"IOTHUB_CLIENT_CONFIRMATION_OK"
9355,10408637968,10408638171,1,"IOTHUB_CLIENT_CONFIRMATION_OK"
9356,10408638168,10408638214,1,"IOTHUB_CLIENT_CONFIRMATION_OK"
9357,10408638368,10408638406,1,"IOTHUB_CLIENT_CONFIRMATION_OK"
9358,10408638568,10408638620,1,"IOTHUB_CLIENT_CONFIRMATION_OK"
9359,10408638769,10408638813,1,"IOTHUB_CLIENT_CONFIRMATION_OK"
9360,10408638969,10408639050,1,"IOTHUB_CLIENT_CONFIRMATION_OK"
9361,10408639169,10408639249,1,"IOTHUB_CLIENT_CONFIRMATION_OK"
9362,10408639369,10408639433,1,"IOTHUB_CLIENT_CONFIRMATION_OK"
9363,10408639569,10408639641,1,"IOTHUB_CLIENT_CONFIRMATION_OK"
9364,10408639769,10408639820,1,"IOTHUB_CLIENT_CONFIRMATION_OK"
9365,10408639970,10408640013,1,"IOTHUB_CLIENT_CONFIRMATION_OK"
9366,10408640170,10408640225,1,"IOTHUB_CLIENT_CONFIRMATION_OK"
9367,10408640370,10408640414,1,"IOTHUB_CLIENT_CONFIRMATION_OK"
9368,10408640570,10408640609,1,"IOTHUB_CLIENT_CONFIRMATION_OK"
9369,10408640770,10408640812,1,"IOTHUB_CLIENT_CONFIRMATION_OK"
9370,10408640970,10408641012,1,"IOTHUB_CLIENT_CONFIRMATION_OK"
9371,10408641170,10408641210,1,"IOTHUB_CLIENT_CONFIRMATION_OK"
9372,10408641371,10408641418,1,"IOTHUB_CLIENT_CONFIRMATION_OK"
9373,10408641571,10408641605,1,"IOTHUB_CLIENT_CONFIRMATION_OK"
9374,10408641771,10408641840,1,"IOTHUB_CLIENT_CONFIRMATION_OK"
9375,10408641971,10408642099,1,"IOTHUB_CLIENT_CONFIRMATION_OK"
9376,10408642171,10408642213,1,"IOTHUB_CLIENT_CONFIRMATION_OK"
9377,10408642371,10408642420,1,"IOTHUB_CLIENT_CONFIRMATION_OK"
9378,10408642572,10408642671,1,"IOTHUB_CLIENT_CONFIRMATION_OK"
9379,10408642772,10408642808,1,"IOTHUB_CLIENT_CONFIRMATION_OK"
9380,10408642972,10408643019,1,"IOTHUB_CLIENT_CONFIRMATION_OK"
9381,10408643172,10408643235,1,"IOTHUB_CLIENT_CONFIRMATION_OK"
9382,10408643372,10408643414,1,"IOTHUB_CLIENT_CONFIRMATION_OK"
9383,10408643572,10408643638,1,"IOTHUB_CLIENT_CONFIRMATION_OK"
9384,10408643772,10408643838,1,"IOTHUB_CLIENT_CONFIRMATION_OK"
9385,10408643973,10408644044,1,"IOTHUB_CLIENT_CONFIRMATION_OK"
9386,10408644173,10408644204,1,"IOTHUB_CLIENT_CONFIRMATION_OK"
9387,10408644373,10408644433,1,"IOTHUB_CLIENT_CONFIRMATION_OK"
9388,10408644573,10408644619,1,"IOTHUB_CLIENT_CONFIRMATION_OK"
9389,10408644773,10408644805,1,"IOTHUB_CLIENT_CONFIRMATION_OK"
9390,10408644973,10408645067,1,"IOTHUB_CLIENT_CONFIRMATION_OK"
9391,10408645174,10408645286,1,"IOTHUB_CLIENT_CONFIRMATION_OK"
9392,10408645374,10408645410,1,"IOTHUB_CLIENT_CONFIRMATION_OK"
9393,10408645574,10408645613,1,"IOTHUB_CLIENT_CONFIRMATION_OK"
9394,10408645774,10408645821,1,"IOTHUB_CLIENT_CONFIRMATION_OK"
9395,10408645974,10408646024,1,"IOTHUB_CLIENT_CONFIRMATION_OK"
9396,10408646174,10408646230,1,"IOTHUB_CLIENT_CONFIRMATION_OK"
9397,10408646374,10408646413,1,"IOTHUB_CLIENT_CONFIRMATION_OK"
9398,10408646575,10408646717,1,"IOTHUB_CLIENT_CONFIRMATION_OK"
9399,10408646775,10408646811,1,"IOTHUB_CLIENT_CONFIRMATION_OK"
9400,10408646975,10408647015,1,"IOTHUB_CLIENT_CONFIRMATION_OK"
9401,10408647175,10408647219,1,"IOTHUB_CLIENT_CONFIRMATION_OK"
9402,10408647375,10408647423,1,"IOTHUB_CLIENT_CONFIRMATION_OK"
9403,10408647575,10408647613,1,"IOTHUB_CLIENT_CONFIRMATION_OK"
9404,10408647776,10408647810,1,"IOTHUB_CLIENT_CONFIRMATION_OK"
9405,10408647976,10408648146,1,"IOTHUB_CLIENT_CONFIRMATION_OK"
9406,10408648176,10408648328,1,"IOTHUB_CLIENT_CONFIRMATION_OK"
9407,10408648376,10408648413,1,"IOTHUB_CLIENT_CONFIRMATION_OK"
9408,10408648576,10408648617,1,"IOTHUB_CLIENT_CONFIRMATION_OK"
9409,10408648776,10408648824,1,"IOTHUB_CLIENT_CONFIRMATION_OK"
9410,10408648976,10408649023,1,"IOTHUB_CLIENT_CONFIRMATION_OK"
9411,10408649177,10408649263,1,"IOTHUB_CLIENT_CONFIRMATION_OK"
9412,10408649377,10408649447,1,"IOTHUB_CLIENT_CONFIRMATION_OK"
9413,10408649577,10408649630,1,"IOTHUB_CLIENT_CONFIRMATION_OK"
9414,10408649777,10408649832,1,"IOTHUB_CLIENT_CONFIRMATION_OK"
9415,10408649977,10408650014,1,"IOTHUB_CLIENT_CONFIRMATION_OK"
9416,10408650177,10408650218,1,"IOTHUB_CLIENT_CONFIRMATION_OK"
9417,10408650378,10408650417,1,"IOTHUB_CLIENT_CONFIRMATION_OK"
9418,10408650578,10408650618,1,"IOTHUB_CLIENT_CONFIRMATION_OK"
9419,10408650778,10408650859,1,"IOTHUB_CLIENT_CONFIRMATION_OK"
9420,10408650978,10408651020,1,"IOTHUB_CLIENT_CONFIRMATION_OK"
9421,10408651178,10408651235,1,"IOTHUB_CLIENT_CONFIRMATION_OK"
9422,10408651378,10408651440,1,"IOTHUB_CLIENT_CONFIRMATION_OK"
9423,10408651578,10408651623,1,"IOTHUB_CLIENT_CONFIRMATION_OK"
9424,10408651779,10408651812,1,"IOTHUB_CLIENT_CONFIRMATION_OK"
9425,10408651979,10408652029,1,"IOTHUB_CLIENT_CONFIRMATION_OK"
9426,10408652179,10408652222,1,"IOTHUB_CLIENT_CONFIRMATION_OK"
9427,10408652379,10408652450,1,"IOTHUB_CLIENT_CONFIRMATION_OK"
9428,10408652579,10408652616,1,"IOTHUB_CLIENT_CONFIRMATION_OK"
9429,10408652779,10408652829,1,"IOTHUB_CLIENT_CONFIRMATION_OK"
9430,10408652980,10408653060,1,"IOTHUB_CLIENT_CONFIRMATION_OK"
9431,10408653180,10408653245,1,"IOTHUB_CLIENT_CONFIRMATION_OK"
9432,10408653380,10408653428,1,"IOTHUB_CLIENT_CONFIRMATION_OK"
9433,10408653580,10408653628,1,"IOTHUB_CLIENT_CONFIRMATION_OK"
9434,10408653780,10408653907,1,"IOTHUB_CLIENT_CONFIRMATION_OK"
9435,10408653980,10408654085,1,"IOTHUB_CLIENT_CONFIRMATION_OK"
9436,10408654180,10408654229,1,"IOTHUB_CLIENT_CONFIRMATION_OK"
9437,10408654381,10408654417,1,"IOTHUB_CLIENT_CONFIRMATION_OK"
9438,10408654581,10408654621,1,"IOTHUB_CLIENT_CONFIRMATION_OK"
9439,10408654781,10408654827,1,"IOTHUB_CLIENT_CONFIRMATION_OK"
9440,10408654981,10408655025,1,"IOTHUB_CLIENT_CONFIRMATION_OK"
9441,10408655181,10408655365,1,"IOTHUB_CLIENT_CONFIRMATION_OK"
9442,10408655381,10408655426,1,"IOTHUB_CLIENT_CONFIRMATION_OK"
9443,10408655581,10408655650,1,"IOTHUB_CLIENT_CONFIRMATION_OK"
9444,10408655782,10408655825,1,"IOTHUB_CLIENT_CONFIRMATION_OK"
9445,10408655982,10408656047,1,"IOTHUB_CLIENT_CONFIRMATION_OK"
9446,10408656182,10408656287,1,"IOTHUB_CLIENT_CONFIRMATION_OK"
9447,10408656382,10408656432,1,"IOTHUB_CLIENT_CONFIRMATION_OK"
9448,10408656582,10408656637,1,"IOTHUB_CLIENT_CONFIRMATION_OK"
9449,10408656782,10408656831,1,"IOTHUB_CLIENT_CONFIRMATION_OK"
9450,10408656983,10408657039,1,"IOTHUB_CLIENT_CONFIRMATION_OK"
9451,10408657183,10408657226,1,"IOTHUB_CLIENT_CONFIRMATION_OK"
9452,10408657383,10408657419,1,"IOTHUB_CLIENT_CONFIRMATION_OK"
9453,10408657583,10408657622,1,"IOTHUB_CLIENT_CONFIRMATION_OK"
9454,10408657783,10408657823,1,"IOTHUB_CLIENT_CONFIRMATION_OK"
9455,10408657983,10408658026,1,"IOTHUB_CLIENT_CONFIRMATION_OK"
9456,10408658184,10408658219,1,"IOTHUB_CLIENT_CONFIRMATION_OK"
9457,10408658384,10408658442,1,"IOTHUB_CLIENT_CONFIRMATION_OK"
9458,10408658584,10408658636,1,"IOTHUB_CLIENT_CONFIRMATION_OK"
9459,10408658784,10408658867,1,"IOTHUB_CLIENT_CONFIRMATION_OK"
9460,10408658984,10408659021,1,"IOTHUB_CLIENT_CONFIRMATION_OK"
9461,10408659184,10408659266,1,"IOTHUB_CLIENT_CONFIRMATION_OK"
9462,10408659384,10408659475,1,"IOTHUB_CLIENT_CONFIRMATION_OK"
9463,10408659585,10408659636,1,"IOTHUB_CLIENT_CONFIRMATION_OK"
9464,10408659785,10408659826,1,"IOTHUB_CLIENT_CONFIRMATION_OK"
9465,10408659985,10408660028,1,"IOTHUB_CLIENT_CONFIRMATION_OK"
9466,10408660185,10408660289,1,"IOTHUB_CLIENT_CONFIRMATION_OK"
9467,10408660385,10408660468,1,"IOTHUB_CLIENT_CONFIRMATION_OK"
9468,10408660585,10408660618,1,"IOTHUB_CLIENT_CONFIRMATION_OK"
9469,10408660786,10408660839,1,"IOTHUB_CLIENT_CONFIRMATION_OK"
9470,10408660986,10408661021,1,"IOTHUB_CLIENT_CONFIRMATION_OK"
9471,10408661186,10408661231,1,"IOTHUB_CLIENT_CONFIRMATION_OK"
9472,10408661386,10408661450,1,"IOTHUB_CLIENT_CONFIRMATION_OK"
9473,10408661586,10408661704,1,"IOTHUB_CLIENT_CONFIRMATION_OK"
9474,10408661786,10408661833,1,"IOTHUB_CLIENT_CONFIRMATION_OK"
9475,10408661987,10408662073,1,"IOTHUB_CLIENT_CONFIRMATION_OK"
9476,10408662187,10408662227,1,"IOTHUB_CLIENT_CONFIRMATION_OK"
9477,10408662387,10408662422,1,"IOTHUB_CLIENT_CONFIRMATION_OK"
9478,10408662587,10408662625,1,"IOTHUB_CLIENT_CONFIRMATION_OK"
9479,10408662787,10408662830,1,"IOTHUB_CLIENT_CONFIRMATION_OK"
9480,10408662987,10408663155,1,"IOTHUB_CLIENT_CONFIRMATION_OK"
9481,10408663188,10408663235,1,"IOTHUB_CLIENT_CONFIRMATION_OK"
9482,10408663388,10408663433,1,"IOTHUB_CLIENT_CONFIRMATION_OK"
9483,10408663588,10408663627,1,"IOTHUB_CLIENT_CONFIRMATION_OK"
9484,10408663788,10408663835,1,"IOTHUB_CLIENT_CONFIRMATION_OK"
9485,10408663988,10408664057,1,"IOTHUB_CLIENT_CONFIRMATION_OK"
9486,10408664188,10408664234,1,"IOTHUB_CLIENT_CONFIRMATION_OK"
9487,10408664389,10408664431,1,"IOTHUB_CLIENT_CONFIRMATION_OK"
9488,10408664589,10408664653,1,"IOTHUB_CLIENT_CONFIRMATION_OK"
9489,10408664789,10408664827,1,"IOTHUB_CLIENT_CONFIRMATION_OK"
9490,10408664989,10408665052,1,"IOTHUB_CLIENT_CONFIRMATION_OK"
9491,10408665189,10408665350,1,"IOTHUB_CLIENT_CONFIRMATION_OK"
9492,10408665389,10408665429,1,"IOTHUB_CLIENT_CONFIRMATION_OK"
9493,10408665589,10408665644,1,"IOTHUB_CLIENT_CONFIRMATION_OK"
9494,10408665790,10408665879,1,"IOTHUB_CLIENT_CONFIRMATION_OK"
9495,10408665990,10408666028,1,"IOTHUB_CLIENT_CONFIRMATION_OK"
9496,10408666190,10408666272,1,"IOTHUB_CLIENT_CONFIRMATION_OK"
9497,10408666390,10408666456,1,"IOTHUB_CLIENT_CONFIRMATION_OK"
9498,10408666590,10408666632,1,"IOTHUB_CLIENT_CONFIRMATION_OK"
9499,10408666790,10408666839,1,"IOTHUB_CLIENT_CONFIRMATION_OK"
9500,10408666991,10408667054,1,"IOTHUB_CLIENT_CONFIRMATION_OK"
9501,10408667191,10408667248,1,"IOTHUB_CLIENT_CONFIRMATION_OK"
9502,10408667391,10408667440,1,"IOTHUB_CLIENT_CONFIRMATION_OK"
9503,10408667591,10408667654,1,"IOTHUB_CLIENT_CONFIRMATION_OK"
9504,10408667791,10408667822,1,"IOTHUB_CLIENT_CONFIRMATION_OK"
9505,10408667991,10408668027,1,"IOTHUB_CLIENT_CONFIRMATION_OK"
9506,10408668191,10408668230,1,"IOTHUB_CLIENT_CONFIRMATION_OK"
9507,10408668392,10408668523,1,"IOTHUB_CLIENT_CONFIRMATION_OK"
9508,10408668592,10408668641,1,"IOTHUB_CLIENT_CONFIRMATION_OK"
9509,10408668792,10408668835,1,"IOTHUB_CLIENT_CONFIRMATION_OK"
9510,10408668992,10408669046,1,"IOTHUB_CLIENT_CONFIRMATION_OK"
9511,10408669192,10408669242,1,"IOTHUB_CLIENT_CONFIRMATION_OK"
9512,10408669392,10408669436,1,"IOTHUB_CLIENT_CONFIRMATION_OK"
9513,10408669593,10408669645,1,"IOTHUB_CLIENT_CONFIRMATION_OK"
9514,10408669793,10408669842,1,"IOTHUB_CLIENT_CONFIRMATION_OK"
9515,10408669993,10408670040,1,"IOTHUB_CLIENT_CONFIRMATION_OK"
9516,10408670193,10408670253,1,"IOTHUB_CLIENT_CONFIRMATION_OK"
9517,10408670393,10408670444,1,"IOTHUB_CLIENT_CONFIRMATION_OK"
9518,10408670593,10408670629,1,"IOTHUB_CLIENT_CONFIRMATION_OK"
9519,10408670793,10408670828,1,"IOTHUB_CLIENT_CONFIRMATION_OK"
9520,10408670994,10408671049,1,"IOTHUB_CLIENT_CONFIRMATION_OK"
9521,10408671194,10408671241,1,"IOTHUB_CLIENT_CONFIRMATION_OK"
9522,10408671394,10408671437,1,"IOTHUB_CLIENT_CONFIRMATION_OK"
9523,10408671594,10408671697,1,"IOTHUB_CLIENT_CONFIRMATION_OK"
9524,10408671794,10408671849,1,"IOTHUB_CLIENT_CONFIRMATION_OK"
9525,10408671994,10408672038,1,"IOTHUB_CLIENT_CONFIRMATION_OK"
9526,10408672194,10408672234,1,"IOTHUB_CLIENT_CONFIRMATION_OK"
9527,10408672395,10408672444,1,"IOTHUB_CLIENT_CONFIRMATION_OK"
9528,10408672595,10408672644,1,"IOTHUB_CLIENT_CONFIRMATION_OK"
9529,10408672795,10408672829,1,"IOTHUB_CLIENT_CONFIRMATION_OK"
9530,10408672995,10408673124,1,"IOTHUB_CLIENT_CONFIRMATION_OK"
9531,10408673195,10408673239,1,"IOTHUB_CLIENT_CONFIRMATION_OK"
9532,10408673395,10408673451,1,"IOTHUB_CLIENT_CONFIRMATION_OK"
9533,10408673595,10408673641,1,"IOTHUB_CLIENT_CONFIRMATION_OK"
9534,10408673796,10408673837,1,"IOTHUB_CLIENT_CONFIRMATION_OK"
9535,10408673996,10408674032,1,"IOTHUB_CLIENT_CONFIRMATION_OK"
9536,10408674196,10408674240,1,"IOTHUB_CLIENT_CONFIRMATION_OK"
9537,10408674396,10408674448,1,"IOTHUB_CLIENT_CONFIRMATION_OK"
9538,10408674596,10408674654,1,"IOTHUB_CLIENT_CONFIRMATION_OK"
9539,10408674796,10408674839,1,"IOTHUB_CLIENT_CONFIRMATION_OK"
9540,10408674997,10408675030,1,"IOTHUB_CLIENT_CONFIRMATION_OK"
9541,10408675197,10408675232,1,"IOTHUB_CLIENT_CONFIRMATION_OK"
9542,10408675397,10408675445,1,"IOTHUB_CLIENT_CONFIRMATION_OK"
9543,10408675597,10408675640,1,"IOTHUB_CLIENT_CONFIRMATION_OK"
9544,10408675797,10408675856,1,"IOTHUB_CLIENT_CONFIRMATION_OK"
9545,10408675997,10408676041,1,"IOTHUB_CLIENT_CONFIRMATION_OK"
9546,10408676197,10408676275,1,"IOTHUB_CLIENT_CONFIRMATION_OK"
9547,10408676398,10408676456,1,"IOTHUB_CLIENT_CONFIRMATION_OK"
9548,10408676598,10408676635,1,"IOTHUB_CLIENT_CONFIRMATION_OK"
9549,10408676798,10408676841,1,"IOTHUB_CLIENT_CONFIRMATION_OK"
9550,10408676998,10408677031,1,"IOTHUB_CLIENT_CONFIRMATION_OK"
9551,10408677198,10408677237,1,"IOTHUB_CLIENT_CONFIRMATION_OK"
9552,10408677398,10408677461,1,"IOTHUB_CLIENT_CONFIRMATION_OK"
9553,10408677599,10408677644,1,"IOTHUB_CLIENT_CONFIRMATION_OK"
9554,10408677799,10408677902,1,"IOTHUB_CLIENT_CONFIRMATION_OK"
9555,10408677999,10408678285,1,"IOTHUB_CLIENT_CONFIRMATION_OK"
9556,10408678199,10408678325,1,"IOTHUB_CLIENT_CONFIRMATION_OK"
9557,10408678399,10408678442,1,"IOTHUB_CLIENT_CONFIRMATION_OK"
9558,10408678599,10408678647,1,"IOTHUB_CLIENT_CONFIRMATION_OK"
9559,10408678799,10408678881,1,"IOTHUB_CLIENT_CONFIRMATION_OK"
9560,10408679000,10408679035,1,"IOTHUB_CLIENT_CONFIRMATION_OK"
9561,10408679200,10408679320,1,"IOTHUB_CLIENT_CONFIRMATION_OK"
9562,10408679400,10408679443,1,"IOTHUB_CLIENT_CONFIRMATION_OK"
9563,10408679600,10408679636,1,"IOTHUB_CLIENT_CONFIRMATION_OK"
9564,10408679800,10408679838,1,"IOTHUB_CLIENT_CONFIRMATION_OK"
9565,10408680000,10408680061,1,"IOTHUB_CLIENT_CONFIRMATION_OK"
9566,10408680201,10408680314,1,"IOTHUB_CLIENT_CONFIRMATION_OK"
9567,10408680401,10408680454,1,"IOTHUB_CLIENT_CONFIRMATION_OK"
9568,10408680601,10408680647,1,"IOTHUB_CLIENT_CONFIRMATION_OK"
9569,10408680801,10408680852,1,"IOTHUB_CLIENT_CONFIRMATION_OK"
9570,10408681001,10408681055,1,"IOTHUB_CLIENT_CONFIRMATION_OK"
9571,10408681201,10408681266,1,"IOTHUB_CLIENT_CONFIRMATION_OK"
9572,10408681401,10408681456,1,"IOTHUB_CLIENT_CONFIRMATION_OK"
9573,10408681602,10408681774,1,"IOTHUB_CLIENT_CONFIRMATION_OK"
9574,10408681802,10408681842,1,"IOTHUB_CLIENT_CONFIRMATION_OK"
9575,10408682002,10408682041,1,"IOTHUB_CLIENT_CONFIRMATION_OK"
9576,10408682202,10408682242,1,"IOTHUB_CLIENT_CONFIRMATION_OK"
9577,10408682402,10408682464,1,"IOTHUB_CLIENT_CONFIRMATION_OK"
9578,10408682602,10408682645,1,"IOTHUB_CLIENT_CONFIRMATION_OK"
9579,10408682803,10408682844,1,"IOTHUB_CLIENT_CONFIRMATION_OK"
9580,10408683003,10408683167,1,"IOTHUB_CLIENT_CONFIRMATION_OK"
9581,10408683203,10408683251,1,"IOTHUB_CLIENT_CONFIRMATION_OK"
9582,10408683403,10408683458,1,"IOTHUB_CLIENT_CONFIRMATION_OK"
9583,10408683603,10408683660,1,"IOTHUB_CLIENT_CONFIRMATION_OK"
9584,10408683803,10408683871,1,"IOTHUB_CLIENT_CONFIRMATION_OK"
9585,10408684003,10408684044,1,"IOTHUB_CLIENT_CONFIRMATION_OK"
9586,10408684204,10408684250,1,"IOTHUB_CLIENT_CONFIRMATION_OK"
9587,10408684404,10408684447,1,"IOTHUB_CLIENT_CONFIRMATION_OK"
9588,10408684604,10408684651,1,"IOTHUB_CLIENT_CONFIRMATION_OK"
9589,10408684804,10408684847,1,"IOTHUB_CLIENT_CONFIRMATION_OK"
9590,10408685004,10408685042,1,"IOTHUB_CLIENT_CONFIRMATION_OK"
9591,10408685204,10408685259,1,"IOTHUB_CLIENT_CONFIRMATION_OK"
9592,10408685404,10408685457,1,"IOTHUB_CLIENT_CONFIRMATION_OK"
9593,10408685605,10408685658,1,"IOTHUB_CLIENT_CONFIRMATION_OK"
9594,10408685805,10408685849,1,"IOTHUB_CLIENT_CONFIRMATION_OK"
9595,10408686005,10408686085,1,"IOTHUB_CLIENT_CONFIRMATION_OK"
9596,10408686205,10408686264,1,"IOTHUB_CLIENT_CONFIRMATION_OK"
9597,10408686405,10408686475,1,"IOTHUB_CLIENT_CONFIRMATION_OK"
9598,10408686605,10408686650,1,"IOTHUB_CLIENT_CONFIRMATION_OK"
9599,10408686806,10408686951,1,"IOTHUB_CLIENT_CONFIRMATION_OK"
9600,10408687006,10408687059,1,"IOTHUB_CLIENT_CONFIRMATION_OK"
9601,10408687206,10408687268,1,"IOTHUB_CLIENT_CONFIRMATION_OK"
9602,10408687406,10408687468,1,"IOTHUB_CLIENT_CONFIRMATION_OK"
9603,10408687606,10408687667,1,"IOTHUB_CLIENT_CONFIRMATION_OK"
9604,10408687806,10408687837,1,"IOTHUB_CLIENT_CONFIRMATION_OK"
9605,10408688007,10408688070,1,"IOTHUB_CLIENT_CONFIRMATION_OK"
9606,10408688207,10408688254,1,"IOTHUB_CLIENT_CONFIRMATION_OK"
9607,10408688407,10408688451,1,"IOTHUB_CLIENT_CONFIRMATION_OK"
9608,10408688607,10408688643,1,"IOTHUB_CLIENT_CONFIRMATION_OK"
9609,10408688807,10408688893,1,"IOTHUB_CLIENT_CONFIRMATION_OK"
9610,10408689007,10408689049,1,"IOTHUB_CLIENT_CONFIRMATION_OK"
9611,10408689208,10408689295,1,"IOTHUB_CLIENT_CONFIRMATION_OK"
9612,10408689408,10408689457,1,"IOTHUB_CLIENT_CONFIRMATION_OK"
9613,10408689608,10408689649,1,"IOTHUB_CLIENT_CONFIRMATION_OK"
9614,10408689808,10408689931,1,"IOTHUB_CLIENT_CONFIRMATION_OK"
9615,10408690008,10408690062,1,"IOTHUB_CLIENT_CONFIRMATION_OK"
9616,10408690208,10408690342,1,"IOTHUB_CLIENT_CONFIRMATION_OK"
9617,10408690408,10408690459,1,"IOTHUB_CLIENT_CONFIRMATION_OK"
9618,10408690609,10408690662,1,"IOTHUB_CLIENT_CONFIRMATION_OK"
9619,10408690809,10408690851,1,"IOTHUB_CLIENT_CONFIRMATION_OK"
9620,10408691009,10408691060,1,"IOTHUB_CLIENT_CONFIRMATION_OK"
9621,10408691209,10408691255,1,"IOTHUB_CLIENT_CONFIRMATION_OK"
9622,10408691409,10408691464,1,"IOTHUB_CLIENT_CONFIRMATION_OK"
9623,10408691609,10408691778,1,"IOTHUB_CLIENT_CONFIRMATION_OK"
9624,10408691810,10408691855,1,"IOTHUB_CLIENT_CONFIRMATION_OK"
9625,10408692010,10408692098,1,"IOTHUB_CLIENT_CONFIRMATION_OK"
9626,10408692210,10408692249,1,"IOTHUB_CLIENT_CONFIRMATION_OK"
9627,10408692410,10408692469,1,"IOTHUB_CLIENT_CONFIRMATION_OK"
9628,10408692610,10408692649,1,"IOTHUB_CLIENT_CONFIRMATION_OK"
9629,10408692810,10408692850,1,"IOTHUB_CLIENT_CONFIRMATION_OK"
9630,10408693010,10408693172,1,"IOTHUB_CLIENT_CONFIRMATION_OK"
9631,10408693211,10408693256,1,"IOTHUB_CLIENT_CONFIRMATION_OK"
9632,10408693411,10408693474,1,"IOTHUB_CLIENT_CONFIRMATION_OK"
9633,10408693611,10408693661,1,"IOTHUB_CLIENT_CONFIRMATION_OK"
9634,10408693811,10408693854,1,"IOTHUB_CLIENT_CONFIRMATION_OK"
9635,10408694011,10408694064,1,"IOTHUB_CLIENT_CONFIRMATION_OK"
9636,10408694211,10408694265,1,"IOTHUB_CLIENT_CONFIRMATION_OK"
9637,10408694412,10408694450,1,"IOTHUB_CLIENT_CONFIRMATION_OK"
9638,10408694612,10408694670,1,"IOTHUB_CLIENT_CONFIRMATION_OK"
9639,10408694812,10408694853,1,"IOTHUB_CLIENT_CONFIRMATION_OK"
9640,10408695012,10408695064,1,"IOTHUB_CLIENT_CONFIRMATION_OK"
9641,10408695212,10408695277,1,"IOTHUB_CLIENT_CONFIRMATION_OK"
9642,10408695412,10408695453,1,"IOTHUB_CLIENT_CONFIRMATION_OK"
9643,10408695612,10408695659,1,"IOTHUB_CLIENT_CONFIRMATION_OK"
9644,10408695813,10408695850,1,"IOTHUB_CLIENT_CONFIRMATION_OK"
9645,10408696013,10408696052,1,"IOTHUB_CLIENT_CONFIRMATION_OK"
9646,10408696213,10408696290,1,"IOTHUB_CLIENT_CONFIRMATION_OK"
9647,10408696413,10408696578,1,"IOTHUB_CLIENT_CONFIRMATION_OK"
9648,10408696613,10408696730,1,"IOTHUB_CLIENT_CONFIRMATION_OK"
9649,10408696813,10408696849,1,"IOTHUB_CLIENT_CONFIRMATION_OK"
9650,10408697014,10408697061,1,"IOTHUB_CLIENT_CONFIRMATION_OK"
9651,10408697214,10408697273,1,"IOTHUB_CLIENT_CONFIRMATION_OK"
9652,10408697414,10408697466,1,"IOTHUB_CLIENT_CONFIRMATION_OK"
9653,10408697614,10408697686,1,"IOTHUB_CLIENT_CONFIRMATION_OK"
9654,10408697814,10408697879,1,"IOTHUB_CLIENT_CONFIRMATION_OK"
9655,10408698014,10408698140,1,"IOTHUB_CLIENT_CONFIRMATION_OK"
9656,10408698215,10408698267,1,"IOTHUB_CLIENT_CONFIRMATION_OK"
9657,10408698415,10408698513,1,"IOTHUB_CLIENT_CONFIRMATION_OK"
9658,10408698615,10408698676,1,"IOTHUB_CLIENT_CONFIRMATION_OK"
9659,10408698815,10408698852,1,"IOTHUB_CLIENT_CONFIRMATION_OK"
9660,10408699015,10408699050,1,"IOTHUB_CLIENT_CONFIRMATION_OK"
9661,10408699215,10408699273,1,"IOTHUB_CLIENT_CONFIRMATION_OK"
9662,10408699415,10408699463,1,"IOTHUB_CLIENT_CONFIRMATION_OK"
9663,10408699616,10408699668,1,"IOTHUB_CLIENT_CONFIRMATION_OK"
9664,10408699816,10408699855,1,"IOTHUB_CLIENT_CONFIRMATION_OK"
9665,10408700016,10408700071,1,"IOTHUB_CLIENT_CONFIRMATION_OK"
9666,10408700216,10408700280,1,"IOTHUB_CLIENT_CONFIRMATION_OK"
9667,10408700416,10408700471,1,"IOTHUB_CLIENT_CONFIRMATION_OK"
9668,10408700616,10408700680,1,"IOTHUB_CLIENT_CONFIRMATION_OK"
9669,10408700817,10408700871,1,"IOTHUB_CLIENT_CONFIRMATION_OK"
9670,10408701017,10408701068,1,"IOTHUB_CLIENT_CONFIRMATION_OK"
9671,10408701217,10408701257,1,"IOTHUB_CLIENT_CONFIRMATION_OK"
9672,10408701417,10408701482,1,"IOTHUB_CLIENT_CONFIRMATION_OK"
9673,10408701617,10408701672,1,"IOTHUB_CLIENT_CONFIRMATION_OK"
9674,10408701817,10408701865,1,"IOTHUB_CLIENT_CONFIRMATION_OK"
9675,10408702017,10408702069,1,"IOTHUB_CLIENT_CONFIRMATION_OK"
9676,10408702218,10408702266,1,"IOTHUB_CLIENT_CONFIRMATION_OK"
9677,10408702418,10408702509,1,"IOTHUB_CLIENT_CONFIRMATION_OK"
9678,10408702618,10408702670,1,"IOTHUB_CLIENT_CONFIRMATION_OK"
9679,10408702818,10408702851,1,"IOTHUB_CLIENT_CONFIRMATION_OK"
9680,10408703018,10408703103,1,"IOTHUB_CLIENT_CONFIRMATION_OK"
9681,10408703218,10408703292,1,"IOTHUB_CLIENT_CONFIRMATION_OK"
9682,10408703419,10408703466,1,"IOTHUB_CLIENT_CONFIRMATION_OK"
9683,10408703619,10408703655,1,"IOTHUB_CLIENT_CONFIRMATION_OK"
9684,10408703819,10408703932,1,"IOTHUB_CLIENT_CONFIRMATION_OK"
9685,10408704019,10408704129,1,"IOTHUB_CLIENT_CONFIRMATION_OK"
9686,10408704219,10408704285,1,"IOTHUB_CLIENT_CONFIRMATION_OK"
9687,10408704419,10408704481,1,"IOTHUB_CLIENT_CONFIRMATION_OK"
9688,10408704620,10408704660,1,"IOTHUB_CLIENT_CONFIRMATION_OK"
9689,10408704820,10408704881,1,"IOTHUB_CLIENT_CONFIRMATION_OK"
9690,10408705020,10408705072,1,"IOTHUB_CLIENT_CONFIRMATION_OK"
9691,10408705220,10408705368,1,"IOTHUB_CLIENT_CONFIRMATION_OK"
9692,10408705420,10408705514,1,"IOTHUB_CLIENT_CONFIRMATION_OK"
9693,10408705620,10408705711,1,"IOTHUB_CLIENT_CONFIRMATION_OK"
9694,10408705821,10408705895,1,"IOTHUB_CLIENT_CONFIRMATION_OK"
9695,10408706021,10408706091,1,"IOTHUB_CLIENT_CONFIRMATION_OK"
9696,10408706221,10408706285,1,"IOTHUB_CLIENT_CONFIRMATION_OK"
9697,10408706421,10408706485,1,"IOTHUB_CLIENT_CONFIRMATION_OK"
9698,10408706621,10408706780,1,"IOTHUB_CLIENT_CONFIRMATION_OK"
9699,10408706821,10408706860,1,"IOTHUB_CLIENT_CONFIRMATION_OK"
9700,10408707022,10408707071,1,"IOTHUB_CLIENT_CONFIRMATION_OK"
9701,10408707222,10408707269,1,"IOTHUB_CLIENT_CONFIRMATION_OK"
9702,10408707422,10408707473,1,"IOTHUB_CLIENT_CONFIRMATION_OK"
9703,10408707622,10408707662,1,"IOTHUB_CLIENT_CONFIRMATION_OK"
9704,10408707822,10408707871,1,"IOTHUB_CLIENT_CONFIRMATION_OK"
9705,10408708022,10408708169,1,"IOTHUB_CLIENT_CONFIRMATION_OK"
9706,10408708222,10408708277,1,"IOTHUB_CLIENT_CONFIRMATION_OK"
9707,10408708423,10408708492,1,"IOTHUB_CLIENT_CONFIRMATION_OK"
9708,10408708623,10408708708,1,"IOTHUB_CLIENT_CONFIRMATION_OK"
9709,10408708823,10408708883,1,"IOTHUB_CLIENT_CONFIRMATION_OK"
9710,10408709023,10408709075,1,"IOTHUB_CLIENT_CONFIRMATION_OK"
9711,10408709223,10408709274,1,"IOTHUB_CLIENT_CONFIRMATION_OK"
9712,10408709423,10408709474,1,"IOTHUB_CLIENT_CONFIRMATION_OK"
9713,10408709623,10408709702,1,"IOTHUB_CLIENT_CONFIRMATION_OK"
9714,10408709824,10408709870,1,"IOTHUB_CLIENT_CONFIRMATION_OK"
9715,10408710024,10408710085,1,"IOTHUB_CLIENT_CONFIRMATION_OK"
9716,10408710224,10408710265,1,"IOTHUB_CLIENT_CONFIRMATION_OK"
9717,10408710424,10408710463,1,"IOTHUB_CLIENT_CONFIRMATION_OK"
9718,10408710624,10408710685,1,"IOTHUB_CLIENT_CONFIRMATION_OK"
9719,10408710824,10408710919,1,"IOTHUB_CLIENT_CONFIRMATION_OK"
9720,10408711025,10408711066,1,"IOTHUB_CLIENT_CONFIRMATION_OK"
9721,10408711225,10408711298,1,"IOTHUB_CLIENT_CONFIRMATION_OK"
9722,10408711425,10408711471,1,"IOTHUB_CLIENT_CONFIRMATION_OK"
9723,10408711625,10408711675,1,"IOTHUB_CLIENT_CONFIRMATION_OK"
9724,10408711825,10408711877,1,"IOTHUB_CLIENT_CONFIRMATION_OK"
9725,10408712025,10408712123,1,"IOTHUB_CLIENT_CONFIRMATION_OK"
9726,10408712226,10408712282,1,"IOTHUB_CLIENT_CONFIRMATION_OK"
9727,10408712426,10408712477,1,"IOTHUB_CLIENT_CONFIRMATION_OK"
9728,10408712626,10408712670,1,"IOTHUB_CLIENT_CONFIRMATION_OK"
9729,10408712826,10408712897,1,"IOTHUB_CLIENT_CONFIRMATION_OK"
9730,10408713026,10408713062,1,"IOTHUB_CLIENT_CONFIRMATION_OK"
9731,10408713226,10408713278,1,"IOTHUB_CLIENT_CONFIRMATION_OK"
9732,10408713426,10408713473,1,"IOTHUB_CLIENT_CONFIRMATION_OK"
9733,10408713627,10408713680,1,"IOTHUB_CLIENT_CONFIRMATION_OK"
9734,10408713827,10408713907,1,"IOTHUB_CLIENT_CONFIRMATION_OK"
9735,10408714027,10408714067,1,"IOTHUB_CLIENT_CONFIRMATION_OK"
9736,10408714227,10408714287,1,"IOTHUB_CLIENT_CONFIRMATION_OK"
9737,10408714427,10408714468,1,"IOTHUB_CLIENT_CONFIRMATION_OK"
9738,10408714627,10408714696,1,"IOTHUB_CLIENT_CONFIRMATION_OK"
9739,10408714827,10408714878,1,"IOTHUB_CLIENT_CONFIRMATION_OK"
9740,10408715028,10408715105,1,"IOTHUB_CLIENT_CONFIRMATION_OK"
9741,10408715228,10408715280,1,"IOTHUB_CLIENT_CONFIRMATION_OK"
9742,10408715428,10408715547,1,"IOTHUB_CLIENT_CONFIRMATION_OK"
9743,10408715628,10408715707,1,"IOTHUB_CLIENT_CONFIRMATION_OK"
9744,10408715828,10408715875,1,"IOTHUB_CLIENT_CONFIRMATION_OK"
9745,10408716028,10408716089,1,"IOTHUB_CLIENT_CONFIRMATION_OK"
9746,10408716229,10408716277,1,"IOTHUB_CLIENT_CONFIRMATION_OK"
9747,10408716429,10408716471,1,"IOTHUB_CLIENT_CONFIRMATION_OK"
9748,10408716629,10408716728,1,"IOTHUB_CLIENT_CONFIRMATION_OK"
9749,10408716829,10408716881,1,"IOTHUB_CLIENT_CONFIRMATION_OK"
9750,10408717029,10408717071,1,"IOTHUB_CLIENT_CONFIRMATION_OK"
9751,10408717229,10408717273,1,"IOTHUB_CLIENT_CONFIRMATION_OK"
9752,10408717429,10408717476,1,"IOTHUB_CLIENT_CONFIRMATION_OK"
9753,10408717630,10408717677,1,"IOTHUB_CLIENT_CONFIRMATION_OK"
9754,10408717830,10408717883,1,"IOTHUB_CLIENT_CONFIRMATION_OK"
9755,10408718030,10408718176,1,"IOTHUB_CLIENT_CONFIRMATION_OK"
9756,10408718230,10408718273,1,"IOTHUB_CLIENT_CONFIRMATION_OK"
9757,10408718430,10408718469,1,"IOTHUB_CLIENT_CONFIRMATION_OK"
9758,10408718630,10408718701,1,"IOTHUB_CLIENT_CONFIRMATION_OK"
9759,10408718831,10408718884,1,"IOTHUB_CLIENT_CONFIRMATION_OK"
9760,10408719031,10408719085,1,"IOTHUB_CLIENT_CONFIRMATION_OK"
9761,10408719231,10408719273,1,"IOTHUB_CLIENT_CONFIRMATION_OK"
9762,10408719431,10408719474,1,"IOTHUB_CLIENT_CONFIRMATION_OK"
9763,10408719631,10408719669,1,"IOTHUB_CLIENT_CONFIRMATION_OK"
9764,10408719831,10408719899,1,"IOTHUB_CLIENT_CONFIRMATION_OK"
9765,10408720031,10408720112,1,"IOTHUB_CLIENT_CONFIRMATION_OK"
9766,10408720232,10408720292,1,"IOTHUB_CLIENT_CONFIRMATION_OK"
9767,10408720432,10408720479,1,"IOTHUB_CLIENT_CONFIRMATION_OK"
9768,10408720632,10408720676,1,"IOTHUB_CLIENT_CONFIRMATION_OK"
9769,10408720832,10408720889,1,"IOTHUB_CLIENT_CONFIRMATION_OK"
9770,10408721032,10408721173,1,"IOTHUB_CLIENT_CONFIRMATION_OK"
9771,10408721232,10408721294,1,"IOTHUB_CLIENT_CONFIRMATION_OK"
9772,10408721432,10408721480,1,"IOTHUB_CLIENT_CONFIRMATION_OK"
9773,10408721633,10408721681,1,"IOTHUB_CLIENT_CONFIRMATION_OK"
9774,10408721833,10408721873,1,"IOTHUB_CLIENT_CONFIRMATION_OK"
9775,10408722033,10408722082,1,"IOTHUB_CLIENT_CONFIRMATION_OK"
9776,10408722233,10408722313,1,"IOTHUB_CLIENT_CONFIRMATION_OK"
9777,10408722433,10408722508,1,"IOTHUB_CLIENT_CONFIRMATION_OK"
9778,10408722633,10408722686,1,"IOTHUB_CLIENT_CONFIRMATION_OK"
9779,10408722833,10408722882,1,"IOTHUB_CLIENT_CONFIRMATION_OK"
9780,10408723034,10408723073,1,"IOTHUB_CLIENT_CONFIRMATION_OK"
9781,10408723234,10408723268,1,"IOTHUB_CLIENT_CONFIRMATION_OK"
9782,10408723434,10408723476,1,"IOTHUB_CLIENT_CONFIRMATION_OK"
9783,10408723634,10408723669,1,"IOTHUB_CLIENT_CONFIRMATION_OK"
9784,10408723834,10408723881,1,"IOTHUB_CLIENT_CONFIRMATION_OK"
9785,10408724034,10408724081,1,"IOTHUB_CLIENT_CONFIRMATION_OK"
9786,10408724235,10408724279,1,"IOTHUB_CLIENT_CONFIRMATION_OK"
9787,10408724435,10408724517,1,"IOTHUB_CLIENT_CONFIRMATION_OK"
9788,10408724635,10408724679,1,"IOTHUB_CLIENT_CONFIRMATION_OK"
9789,10408724835,10408724883,1,"IOTHUB_CLIENT_CONFIRMATION_OK"
9790,10408725035,10408725097,1,"IOTHUB_CLIENT_CONFIRMATION_OK"
9791,10408725235,10408725305,1,"IOTHUB_CLIENT_CONFIRMATION_OK"
9792,10408725436,10408725490,1,"IOTHUB_CLIENT_CONFIRMATION_OK"
9793,10408725636,10408725688,1,"IOTHUB_CLIENT_CONFIRMATION_OK"
9794,10408725836,10408725900,1,"IOTHUB_CLIENT_CONFIRMATION_OK"
9795,10408726036,10408726080,1,"IOTHUB_CLIENT_CONFIRMATION_OK"
9796,10408726236,10408726284,1,"IOTHUB_CLIENT_CONFIRMATION_OK"
9797,10408726436,10408726484,1,"IOTHUB_CLIENT_CONFIRMATION_OK"
9798,10408726636,10408726739,1,"IOTHUB_CLIENT_CONFIRMATION_OK"
9799,10408726837,10408726881,1,"IOTHUB_CLIENT_CONFIRMATION_OK"
9800,10408727037,10408727083,1,"IOTHUB_CLIENT_CONFIRMATION_OK"
9801,10408727237,10408727284,1,"IOTHUB_CLIENT_CONFIRMATION_OK"
9802,10408727437,10408727478,1,"IOTHUB_CLIENT_CONFIRMATION_OK"
9803,10408727637,10408727687,1,"IOTHUB_CLIENT_CONFIRMATION_OK"
9804,10408727837,10408727874,1,"IOTHUB_CLIENT_CONFIRMATION_OK"
9805,10408728037,10408728203,1,"IOTHUB_CLIENT_CONFIRMATION_OK"
9806,10408728238,10408728288,1,"IOTHUB_CLIENT_CONFIRMATION_OK"
9807,10408728438,10408728484,1,"IOTHUB_CLIENT_CONFIRMATION_OK"
9808,10408728638,10408728739,1,"IOTHUB_CLIENT_CONFIRMATION_OK"
9809,10408728838,10408728881,1,"IOTHUB_CLIENT_CONFIRMATION_OK"
9810,10408729038,10408729085,1,"IOTHUB_CLIENT_CONFIRMATION_OK"
9811,10408729238,10408729284,1,"IOTHUB_CLIENT_CONFIRMATION_OK"
9812,10408729439,10408729531,1,"IOTHUB_CLIENT_CONFIRMATION_OK"
9813,10408729639,10408729680,1,"IOTHUB_CLIENT_CONFIRMATION_OK"
9814,10408729839,10408729875,1,"IOTHUB_CLIENT_CONFIRMATION_OK"
9815,10408730039,10408730095,1,"IOTHUB_CLIENT_CONFIRMATION_OK"
9816,10408730239,10408730292,1,"IOTHUB_CLIENT_CONFIRMATION_OK"
9817,10408730439,10408730482,1,"IOTHUB_CLIENT_CONFIRMATION_OK"
9818,10408730640,10408730758,1,"IOTHUB_CLIENT_CONFIRMATION_OK"
9819,10408730840,10408730910,1,"IOTHUB_CLIENT_CONFIRMATION_OK"
9820,10408731040,10408731098,1,"IOTHUB_CLIENT_CONFIRMATION_OK"
9821,10408731240,10408731291,1,"IOTHUB_CLIENT_CONFIRMATION_OK"
9822,10408731440,10408731494,1,"IOTHUB_CLIENT_CONFIRMATION_OK"
9823,10408731640,10408731685,1,"IOTHUB_CLIENT_CONFIRMATION_OK"
9824,10408731840,10408731906,1,"IOTHUB_CLIENT_CONFIRMATION_OK"
9825,10408732041,10408732092,1,"IOTHUB_CLIENT_CONFIRMATION_OK"
9826,10408732241,10408732277,1,"IOTHUB_CLIENT_CONFIRMATION_OK"
9827,10408732441,10408732488,1,"IOTHUB_CLIENT_CONFIRMATION_OK"
9828,10408732641,10408732687,1,"IOTHUB_CLIENT_CONFIRMATION_OK"
9829,10408732841,10408733113,1,"IOTHUB_CLIENT_CONFIRMATION_OK"
9830,10408733041,10408733169,1,"IOTHUB_CLIENT_CONFIRMATION_OK"
9831,10408733242,10408733285,1,"IOTHUB_CLIENT_CONFIRMATION_OK"
9832,10408733442,10408733511,1,"IOTHUB_CLIENT_CONFIRMATION_OK"
9833,10408733642,10408733695,1,"IOTHUB_CLIENT_CONFIRMATION_OK"
9834,10408733842,10408733927,1,"IOTHUB_CLIENT_CONFIRMATION_OK"
9835,10408734042,10408734172,1,"IOTHUB_CLIENT_CONFIRMATION_OK"
9836,10408734242,10408734312,1,"IOTHUB_CLIENT_CONFIRMATION_OK"
9837,10408734443,10408734492,1,"IOTHUB_CLIENT_CONFIRMATION_OK"
9838,10408734643,10408734683,1,"IOTHUB_CLIENT_CONFIRMATION_OK"
9839,10408734843,10408734899,1,"IOTHUB_CLIENT_CONFIRMATION_OK"
9840,10408735043,10408735080,1,"IOTHUB_CLIENT_CONFIRMATION_OK"
9841,10408735243,10408735304,1,"IOTHUB_CLIENT_CONFIRMATION_OK"
9842,10408735443,10408735514,1,"IOTHUB_CLIENT_CONFIRMATION_OK"
9843,10408735643,10408735714,1,"IOTHUB_CLIENT_CONFIRMATION_OK"
9844,10408735844,10408735886,1,"IOTHUB_CLIENT_CONFIRMATION_OK"
9845,10408736044,10408736109,1,"IOTHUB_CLIENT_CONFIRMATION_OK"
9846,10408736244,10408736305,1,"IOTHUB_CLIENT_CONFIRMATION_OK"
9847,10408736444,10408736494,1,"IOTHUB_CLIENT_CONFIRMATION_OK"
9848,10408736644,10408736691,1,"IOTHUB_CLIENT_CONFIRMATION_OK"
9849,10408736844,10408736901,1,"IOTHUB_CLIENT_CONFIRMATION_OK"
9850,10408737044,10408737192,1,"IOTHUB_CLIENT_CONFIRMATION_OK"
9851,10408737245,10408737291,1,"IOTHUB_CLIENT_CONFIRMATION_OK"
9852,10408737445,10408737487,1,"IOTHUB_CLIENT_CONFIRMATION_OK"
9853,10408737645,10408737694,1,"IOTHUB_CLIENT_CONFIRMATION_OK"
9854,10408737845,10408737894,1,"IOTHUB_CLIENT_CONFIRMATION_OK"
9855,10408738045,10408738266,1,"IOTHUB_CLIENT_CONFIRMATION_OK"
9856,10408738245,10408738299,1,"IOTHUB_CLIENT_CONFIRMATION_OK"
9857,10408738446,10408738490,1,"IOTHUB_CLIENT_CONFIRMATION_OK"
9858,10408738646,10408738683,1,"IOTHUB_CLIENT_CONFIRMATION_OK"
9859,10408738846,10408738905,1,"IOTHUB_CLIENT_CONFIRMATION_OK"
9860,10408739046,10408739080,1,"IOTHUB_CLIENT_CONFIRMATION_OK"
9861,10408739246,10408739276,1,"IOTHUB_CLIENT_CONFIRMATION_OK"
9862,10408739446,10408739484,1,"IOTHUB_CLIENT_CONFIRMATION_OK"
9863,10408739646,10408739716,1,"IOTHUB_CLIENT_CONFIRMATION_OK"
9864,10408739847,10408739891,1,"IOTHUB_CLIENT_CONFIRMATION_OK"
9865,10408740047,10408740146,1,"IOTHUB_CLIENT_CONFIRMATION_OK"
9866,10408740247,10408740376,1,"IOTHUB_CLIENT_CONFIRMATION_OK"
9867,10408740447,10408740493,1,"IOTHUB_CLIENT_CONFIRMATION_OK"
9868,10408740647,10408740687,1,"IOTHUB_CLIENT_CONFIRMATION_OK"
9869,10408740847,10408740924,1,"IOTHUB_CLIENT_CONFIRMATION_OK"
9870,10408741048,10408741093,1,"IOTHUB_CLIENT_CONFIRMATION_OK"
9871,10408741248,10408741286,1,"IOTHUB_CLIENT_CONFIRMATION_OK"
9872,10408741448,10408741507,1,"IOTHUB_CLIENT_CONFIRMATION_OK"
9873,10408741648,10408741800,1,"IOTHUB_CLIENT_CONFIRMATION_OK"
9874,10408741848,10408741889,1,"IOTHUB_CLIENT_CONFIRMATION_OK"
9875,10408742048,10408742093,1,"IOTHUB_CLIENT_CONFIRMATION_OK"
9876,10408742249,10408742290,1,"IOTHUB_CLIENT_CONFIRMATION_OK"
9877,10408742449,10408742504,1,"IOTHUB_CLIENT_CONFIRMATION_OK"
9878,10408742649,10408742706,1,"IOTHUB_CLIENT_CONFIRMATION_OK"
9879,10408742849,10408742907,1,"IOTHUB_CLIENT_CONFIRMATION_OK"
9880,10408743049,10408743275,1,"IOTHUB_CLIENT_CONFIRMATION_OK"
9881,10408743249,10408743312,1,"IOTHUB_CLIENT_CONFIRMATION_OK"
9882,10408743449,10408743521,1,"IOTHUB_CLIENT_CONFIRMATION_OK"
9883,10408743650,10408743691,1,"IOTHUB_CLIENT_CONFIRMATION_OK"
9884,10408743850,10408743909,1,"IOTHUB_CLIENT_CONFIRMATION_OK"
9885,10408744050,10408744101,1,"IOTHUB_CLIENT_CONFIRMATION_OK"
9886,10408744250,10408744281,1,"IOTHUB_CLIENT_CONFIRMATION_OK"
9887,10408744450,10408744489,1,"IOTHUB_CLIENT_CONFIRMATION_OK"
9888,10408744650,10408744692,1,"IOTHUB_CLIENT_CONFIRMATION_OK"
9889,10408744851,10408744915,1,"IOTHUB_CLIENT_CONFIRMATION_OK"
9890,10408745051,10408745093,1,"IOTHUB_CLIENT_CONFIRMATION_OK"
9891,10408745251,10408745306,1,"IOTHUB_CLIENT_CONFIRMATION_OK"
9892,10408745451,10408745514,1,"IOTHUB_CLIENT_CONFIRMATION_OK"
9893,10408745651,10408745709,1,"IOTHUB_CLIENT_CONFIRMATION_OK"
9894,10408745851,10408745897,1,"IOTHUB_CLIENT_CONFIRMATION_OK"
9895,10408746052,10408746112,1,"IOTHUB_CLIENT_CONFIRMATION_OK"
9896,10408746252,10408746322,1,"IOTHUB_CLIENT_CONFIRMATION_OK"
9897,10408746452,10408746573,1,"IOTHUB_CLIENT_CONFIRMATION_OK"
9898,10408746652,10408746755,1,"IOTHUB_CLIENT_CONFIRMATION_OK"
9899,10408746852,10408746895,1,"IOTHUB_CLIENT_CONFIRMATION_OK"
9900,10408747052,10408747090,1,"IOTHUB_CLIENT_CONFIRMATION_OK"
9901,10408747252,10408747294,1,"IOTHUB_CLIENT_CONFIRMATION_OK"
9902,10408747453,10408747499,1,"IOTHUB_CLIENT_CONFIRMATION_OK"
9903,10408747653,10408747697,1,"IOTHUB_CLIENT_CONFIRMATION_OK"
9904,10408747853,10408747907,1,"IOTHUB_CLIENT_CONFIRMATION_OK"
9905,10408748053,10408748162,1,"IOTHUB_CLIENT_CONFIRMATION_OK"
9906,10408748253,10408748318,1,"IOTHUB_CLIENT_CONFIRMATION_OK"
9907,10408748453,10408748503,1,"IOTHUB_CLIENT_CONFIRMATION_OK"
9908,10408748653,10408748753,1,"IOTHUB_CLIENT_CONFIRMATION_OK"
9909,10408748854,10408748927,1,"IOTHUB_CLIENT_CONFIRMATION_OK"
9910,10408749054,10408749109,1,"IOTHUB_CLIENT_CONFIRMATION_OK"
9911,10408749254,10408749297,1,"IOTHUB_CLIENT_CONFIRMATION_OK"
9912,10408749454,10408749579,1,"IOTHUB_CLIENT_CONFIRMATION_OK"
9913,10408749654,10408749705,1,"IOTHUB_CLIENT_CONFIRMATION_OK"
9914,10408749854,10408749919,1,"IOTHUB_CLIENT_CONFIRMATION_OK"
9915,10408750055,10408750117,1,"IOTHUB_CLIENT_CONFIRMATION_OK"
9916,10408750255,10408750309,1,"IOTHUB_CLIENT_CONFIRMATION_OK"
9917,10408750455,10408750523,1,"IOTHUB_CLIENT_CONFIRMATION_OK"
9918,10408750655,10408750711,1,"IOTHUB_CLIENT_CONFIRMATION_OK"
9919,10408750855,10408751033,1,"IOTHUB_CLIENT_CONFIRMATION_OK"
9920,10408751055,10408751110,1,"IOTHUB_CLIENT_CONFIRMATION_OK"
9921,10408751255,10408751298,1,"IOTHUB_CLIENT_CONFIRMATION_OK"
9922,10408751456,10408751495,1,"IOTHUB_CLIENT_CONFIRMATION_OK"
9923,10408751656,10408751705,1,"IOTHUB_CLIENT_CONFIRMATION_OK"
9924,10408751856,10408751893,1,"IOTHUB_CLIENT_CONFIRMATION_OK"
9925,10408752056,10408752116,1,"IOTHUB_CLIENT_CONFIRMATION_OK"
9926,10408752256,10408752303,1,"IOTHUB_CLIENT_CONFIRMATION_OK"
9927,10408752456,10408752566,1,"IOTHUB_CLIENT_CONFIRMATION_OK"
9928,10408752657,10408752735,1,"IOTHUB_CLIENT_CONFIRMATION_OK"
9929,10408752857,10408752950,1,"IOTHUB_CLIENT_CONFIRMATION_OK"
9930,10408753057,10408753187,1,"IOTHUB_CLIENT_CONFIRMATION_OK"
9931,10408753257,10408753297,1,"IOTHUB_CLIENT_CONFIRMATION_OK"
9932,10408753457,10408753502,1,"IOTHUB_CLIENT_CONFIRMATION_OK"
9933,10408753657,10408753898,1,"IOTHUB_CLIENT_CONFIRMATION_OK"
9934,10408753857,10408753979,1,"IOTHUB_CLIENT_CONFIRMATION_OK"
9935,10408754058,10408754132,1,"IOTHUB_CLIENT_CONFIRMATION_OK"
9936,10408754258,10408754336,1,"IOTHUB_CLIENT_CONFIRMATION_OK"
9937,10408754458,10408754503,1,"IOTHUB_CLIENT_CONFIRMATION_OK"
9938,10408754658,10408754833,1,"IOTHUB_CLIENT_CONFIRMATION_OK"
9939,10408754858,10408754962,1,"IOTHUB_CLIENT_CONFIRMATION_OK"
9940,10408755058,10408755201,1,"IOTHUB_CLIENT_CONFIRMATION_OK"
9941,10408755259,10408755299,1,"IOTHUB_CLIENT_CONFIRMATION_OK"
9942,10408755459,10408755495,1,"IOTHUB_CLIENT_CONFIRMATION_OK"
9943,10408755659,10408755757,1,"IOTHUB_CLIENT_CONFIRMATION_OK"
9944,10408755859,10408755911,1,"IOTHUB_CLIENT_CONFIRMATION_OK"
9945,10408756059,10408756105,1,"IOTHUB_CLIENT_CONFIRMATION_OK"
9946,10408756259,10408756320,1,"IOTHUB_CLIENT_CONFIRMATION_OK"
9947,10408756460,10408756507,1,"IOTHUB_CLIENT_CONFIRMATION_OK"
9948,10408756660,10408756699,1,"IOTHUB_CLIENT_CONFIRMATION_OK"
9949,10408756860,10408756979,1,"IOTHUB_CLIENT_CONFIRMATION_OK"
9950,10408757060,10408757122,1,"IOTHUB_CLIENT_CONFIRMATION_OK"
9951,10408757260,10408757347,1,"IOTHUB_CLIENT_CONFIRMATION_OK"
9952,10408757460,10408757521,1,"IOTHUB_CLIENT_CONFIRMATION_OK"
9953,10408757660,10408757718,1,"IOTHUB_CLIENT_CONFIRMATION_OK"
9954,10408757861,10408757932,1,"IOTHUB_CLIENT_CONFIRMATION_OK"
9955,10408758061,10408758310,1,"IOTHUB_CLIENT_CONFIRMATION_OK"
9956,10408758261,10408758327,1,"IOTHUB_CLIENT_CONFIRMATION_OK"
9957,10408758461,10408758510,1,"IOTHUB_CLIENT_CONFIRMATION_OK"
9958,10408758661,10408758709,1,"IOTHUB_CLIENT_CONFIRMATION_OK"
9959,10408758861,10408758922,1,"IOTHUB_CLIENT_CONFIRMATION_OK"
9960,10408759062,10408759179,1,"IOTHUB_CLIENT_CONFIRMATION_OK"
9961,10408759262,10408759321,1,"IOTHUB_CLIENT_CONFIRMATION_OK"
9962,10408759462,10408759528,1,"IOTHUB_CLIENT_CONFIRMATION_OK"
9963,10408759662,10408759705,1,"IOTHUB_CLIENT_CONFIRMATION_OK"
9964,10408759862,10408759960,1,"IOTHUB_CLIENT_CONFIRMATION_OK"
9965,10408760062,10408760113,1,"IOTHUB_CLIENT_CONFIRMATION_OK"
9966,10408760262,10408760318,1,"IOTHUB_CLIENT_CONFIRMATION_OK"
9967,10408760463,10408760506,1,"IOTHUB_CLIENT_CONFIRMATION_OK"
9968,10408760663,10408760723,1,"IOTHUB_CLIENT_CONFIRMATION_OK"
9969,10408760863,10408760918,1,"IOTHUB_CLIENT_CONFIRMATION_OK"
9970,10408761063,10408761096,1,"IOTHUB_CLIENT_CONFIRMATION_OK"
9971,10408761263,10408761321,1,"IOTHUB_CLIENT_CONFIRMATION_OK"
9972,10408761463,10408761521,1,"IOTHUB_CLIENT_CONFIRMATION_OK"
9973,10408761663,10408761717,1,"IOTHUB_CLIENT_CONFIRMATION_OK"
9974,10408761864,10408761905,1,"IOTHUB_CLIENT_CONFIRMATION_OK"
9975,10408762064,10408762116,1,"IOTHUB_CLIENT_CONFIRMATION_OK"
9976,10408762264,10408762309,1,"IOTHUB_CLIENT_CONFIRMATION_OK"
9977,10408762464,10408762525,1,"IOTHUB_CLIENT_CONFIRMATION_OK"
9978,10408762664,10408762714,1,"IOTHUB_CLIENT_CONFIRMATION_OK"
9979,10408762864,10408762929,1,"IOTHUB_CLIENT_CONFIRMATION_OK"
9980,10408763065,10408763177,1,"IOTHUB_CLIENT_CONFIRMATION_OK"
9981,10408763265,10408763314,1,"IOTHUB_CLIENT_CONFIRMATION_OK"
9982,10408763465,10408763507,1,"IOTHUB_CLIENT_CONFIRMATION_OK"
9983,10408763665,10408763754,1,"IOTHUB_CLIENT_CONFIRMATION_OK"
9984,10408763865,10408764036,1,"IOTHUB_CLIENT_CONFIRMATION_OK"
9985,10408764065,10408764129,1,"IOTHUB_CLIENT_CONFIRMATION_OK"
9986,10408764266,10408764323,1,"IOTHUB_CLIENT_CONFIRMATION_OK"
9987,10408764466,10408764520,1,"IOTHUB_CLIENT_CONFIRMATION_OK"
9988,10408764666,10408764712,1,"IOTHUB_CLIENT_CONFIRMATION_OK"
9989,10408764866,10408764917,1,"IOTHUB_CLIENT_CONFIRMATION_OK"
9990,10408765066,10408765114,1,"IOTHUB_CLIENT_CONFIRMATION_OK"
9991,10408765266,10408765423,1,"IOTHUB_CLIENT_CONFIRMATION_OK"
9992,10408765467,10408765585,1,"IOTHUB_CLIENT_CONFIRMATION_OK"
9993,10408765667,10408765704,1,"IOTHUB_CLIENT_CONFIRMATION_OK"
9994,10408765867,10408765958,1,"IOTHUB_CLIENT_CONFIRMATION_OK"
9995,10408766067,10408766135,1,"IOTHUB_CLIENT_CONFIRMATION_OK"
9996,10408766267,10408766346,1,"IOTHUB_CLIENT_CONFIRMATION_OK"
9997,10408766467,10408766520,1,"IOTHUB_CLIENT_CONFIRMATION_OK"
9998,10408766668,10408766707,1,"IOTHUB_CLIENT_CONFIRMATION_OK"
9999,10408766868,10408766913,1,"IOTHUB_CLIENT_CONFIRMATION_OK"
10000,10408767068,10408767111,1,"IOTHUB_CLIENT_CONFIRMATION_OK"
10001,10408767268,10408767319,1,"IOTHUB_CLIENT_CONFIRMATION_OK"
10002,10408767468,10408767527,1,"IOTHUB_CLIENT_CONFIRMATION_OK"
10003,10408767668,10408767724,1,"IOTHUB_CLIENT_CONFIRMATION_OK"
10004,10408767868,10408767915,1,"IOTHUB_CLIENT_CONFIRMATION_OK"
10005,10408768069,10408768140,1,"IOTHUB_CLIENT_CONFIRMATION_OK"
10006,10408768269,10408768310,1,"IOTHUB_CLIENT_CONFIRMATION_OK"
10007,10408768469,10408768513,1,"IOTHUB_CLIENT_CONFIRMATION_OK"
10008,10408768669,10408768745,1,"IOTHUB_CLIENT_CONFIRMATION_OK"
10009,10408768869,10408768944,1,"IOTHUB_CLIENT_CONFIRMATION_OK"
10010,10408769069,10408769110,1,"IOTHUB_CLIENT_CONFIRMATION_OK"
10011,10408769270,10408769354,1,"IOTHUB_CLIENT_CONFIRMATION_OK"
10012,10408769470,10408769532,1,"IOTHUB_CLIENT_CONFIRMATION_OK"
10013,10408769670,10408769721,1,"IOTHUB_CLIENT_CONFIRMATION_OK"
10014,10408769870,10408769910,1,"IOTHUB_CLIENT_CONFIRMATION_OK"
10015,10408770070,10408770113,1,"IOTHUB_CLIENT_CONFIRMATION_OK"
10016,10408770270,10408770378,1,"IOTHUB_CLIENT_CONFIRMATION_OK"
10017,10408770470,10408770508,1,"IOTHUB_CLIENT_CONFIRMATION_OK"
10018,10408770671,10408770725,1,"IOTHUB_CLIENT_CONFIRMATION_OK"
10019,10408770871,10408770923,1,"IOTHUB_CLIENT_CONFIRMATION_OK"
10020,10408771071,10408771116,1,"IOTHUB_CLIENT_CONFIRMATION_OK"
10021,10408771271,10408771313,1,"IOTHUB_CLIENT_CONFIRMATION_OK"
10022,10408771471,10408771526,1,"IOTHUB_CLIENT_CONFIRMATION_OK"
10023,10408771671,10408771825,1,"IOTHUB_CLIENT_CONFIRMATION_OK"
10024,10408771872,10408771919,1,"IOTHUB_CLIENT_CONFIRMATION_OK"
10025,10408772072,10408772121,1,"IOTHUB_CLIENT_CONFIRMATION_OK"
10026,10408772272,10408772326,1,"IOTHUB_CLIENT_CONFIRMATION_OK"
10027,10408772472,10408772516,1,"IOTHUB_CLIENT_CONFIRMATION_OK"
10028,10408772672,10408772712,1,"IOTHUB_CLIENT_CONFIRMATION_OK"
10029,10408772872,10408772918,1,"IOTHUB_CLIENT_CONFIRMATION_OK"
10030,10408773073,10408773262,1,"IOTHUB_CLIENT_CONFIRMATION_OK"
10031,10408773273,10408773313,1,"IOTHUB_CLIENT_CONFIRMATION_OK"
10032,10408773473,10408773525,1,"IOTHUB_CLIENT_CONFIRMATION_OK"
10033,10408773673,10408773720,1,"IOTHUB_CLIENT_CONFIRMATION_OK"
10034,10408773873,10408773913,1,"IOTHUB_CLIENT_CONFIRMATION_OK"
10035,10408774073,10408774133,1,"IOTHUB_CLIENT_CONFIRMATION_OK"
10036,10408774273,10408774309,1,"IOTHUB_CLIENT_CONFIRMATION_OK"
10037,10408774474,10408774541,1,"IOTHUB_CLIENT_CONFIRMATION_OK"
10038,10408774674,10408774714,1,"IOTHUB_CLIENT_CONFIRMATION_OK"
10039,10408774874,10408774923,1,"IOTHUB_CLIENT_CONFIRMATION_OK"
10040,10408775074,10408775133,1,"IOTHUB_CLIENT_CONFIRMATION_OK"
10041,10408775274,10408775338,1,"IOTHUB_CLIENT_CONFIRMATION_OK"
10042,10408775474,10408775535,1,"IOTHUB_CLIENT_CONFIRMATION_OK"
10043,10408775675,10408775719,1,"IOTHUB_CLIENT_CONFIRMATION_OK"
10044,10408775875,10408775917,1,"IOTHUB_CLIENT_CONFIRMATION_OK"
10045,10408776075,10408776154,1,"IOTHUB_CLIENT_CONFIRMATION_OK"
10046,10408776275,10408776311,1,"IOTHUB_CLIENT_CONFIRMATION_OK"
10047,10408776475,10408776519,1,"IOTHUB_CLIENT_CONFIRMATION_OK"
10048,10408776675,10408776757,1,"IOTHUB_CLIENT_CONFIRMATION_OK"
10049,10408776875,10408776926,1,"IOTHUB_CLIENT_CONFIRMATION_OK"
10050,10408777076,10408777123,1,"IOTHUB_CLIENT_CONFIRMATION_OK"
10051,10408777276,10408777319,1,"IOTHUB_CLIENT_CONFIRMATION_OK"
10052,10408777476,10408777540,1,"IOTHUB_CLIENT_CONFIRMATION_OK"
10053,10408777676,10408777724,1,"IOTHUB_CLIENT_CONFIRMATION_OK"
10054,10408777876,10408777920,1,"IOTHUB_CLIENT_CONFIRMATION_OK"
10055,10408778076,10408778202,1,"IOTHUB_CLIENT_CONFIRMATION_OK"
10056,10408778277,10408778316,1,"IOTHUB_CLIENT_CONFIRMATION_OK"
10057,10408778477,10408778521,1,"IOTHUB_CLIENT_CONFIRMATION_OK"
10058,10408778677,10408778723,1,"IOTHUB_CLIENT_CONFIRMATION_OK"
10059,10408778877,10408778923,1,"IOTHUB_CLIENT_CONFIRMATION_OK"
10060,10408779077,10408779116,1,"IOTHUB_CLIENT_CONFIRMATION_OK"
10061,10408779277,10408779336,1,"IOTHUB_CLIENT_CONFIRMATION_OK"
10062,10408779477,10408779520,1,"IOTHUB_CLIENT_CONFIRMATION_OK"
10063,10408779678,10408779743,1,"IOTHUB_CLIENT_CONFIRMATION_OK"
10064,10408779878,10408779927,1,"IOTHUB_CLIENT_CONFIRMATION_OK"
10065,10408780078,10408780124,1,"IOTHUB_CLIENT_CONFIRMATION_OK"
10066,10408780278,10408780326,1,"IOTHUB_CLIENT_CONFIRMATION_OK"
10067,10408780478,10408780522,1,"IOTHUB_CLIENT_CONFIRMATION_OK"
10068,10408780678,10408780731,1,"IOTHUB_CLIENT_CONFIRMATION_OK"
10069,10408780879,10408780934,1,"IOTHUB_CLIENT_CONFIRMATION_OK"
10070,10408781079,10408781191,1,"IOTHUB_CLIENT_CONFIRMATION_OK"
10071,10408781279,10408781321,1,"IOTHUB_CLIENT_CONFIRMATION_OK"
10072,10408781479,10408781550,1,"IOTHUB_CLIENT_CONFIRMATION_OK"
10073,10408781679,10408781829,1,"IOTHUB_CLIENT_CONFIRMATION_OK"
10074,10408781879,10408781926,1,"IOTHUB_CLIENT_CONFIRMATION_OK"
10075,10408782079,10408782131,1,"IOTHUB_CLIENT_CONFIRMATION_OK"
10076,10408782280,10408782313,1,"IOTHUB_CLIENT_CONFIRMATION_OK"
10077,10408782480,10408782518,1,"IOTHUB_CLIENT_CONFIRMATION_OK"
10078,10408782680,10408782722,1,"IOTHUB_CLIENT_CONFIRMATION_OK"
10079,10408782880,10408782934,1,"IOTHUB_CLIENT_CONFIRMATION_OK"
10080,10408783080,10408783286,1,"IOTHUB_CLIENT_CONFIRMATION_OK"
10081,10408783280,10408783341,1,"IOTHUB_CLIENT_CONFIRMATION_OK"
10082,10408783481,10408783574,1,"IOTHUB_CLIENT_CONFIRMATION_OK"
10083,10408783681,10408783723,1,"IOTHUB_CLIENT_CONFIRMATION_OK"
10084,10408783881,10408783937,1,"IOTHUB_CLIENT_CONFIRMATION_OK"
10085,10408784081,10408784126,1,"IOTHUB_CLIENT_CONFIRMATION_OK"
10086,10408784281,10408784329,1,"IOTHUB_CLIENT_CONFIRMATION_OK"
10087,10408784481,10408784541,1,"IOTHUB_CLIENT_CONFIRMATION_OK"
10088,10408784682,10408784726,1,"IOTHUB_CLIENT_CONFIRMATION_OK"
10089,10408784882,10408784931,1,"IOTHUB_CLIENT_CONFIRMATION_OK"
10090,10408785082,10408785144,1,"IOTHUB_CLIENT_CONFIRMATION_OK"
10091,10408785282,10408785374,1,"IOTHUB_CLIENT_CONFIRMATION_OK"
10092,10408785482,10408785533,1,"IOTHUB_CLIENT_CONFIRMATION_OK"
10093,10408785682,10408785722,1,"IOTHUB_CLIENT_CONFIRMATION_OK"
10094,10408785882,10408785932,1,"IOTHUB_CLIENT_CONFIRMATION_OK"
10095,10408786083,10408786127,1,"IOTHUB_CLIENT_CONFIRMATION_OK"
10096,10408786283,10408786329,1,"IOTHUB_CLIENT_CONFIRMATION_OK"
10097,10408786483,10408786548,1,"IOTHUB_CLIENT_CONFIRMATION_OK"
10098,10408786683,10408786805,1,"IOTHUB_CLIENT_CONFIRMATION_OK"
10099,10408786883,10408786933,1,"IOTHUB_CLIENT_CONFIRMATION_OK"
10100,10408787083,10408787127,1,"IOTHUB_CLIENT_CONFIRMATION_OK"
10101,10408787283,10408787317,1,"IOTHUB_CLIENT_CONFIRMATION_OK"
10102,10408787484,10408787540,1,"IOTHUB_CLIENT_CONFIRMATION_OK"
10103,10408787684,10408787734,1,"IOTHUB_CLIENT_CONFIRMATION_OK"
10104,10408787884,10408787962,1,"IOTHUB_CLIENT_CONFIRMATION_OK"
10105,10408788084,10408788238,1,"IOTHUB_CLIENT_CONFIRMATION_OK"
10106,10408788284,10408788387,1,"IOTHUB_CLIENT_CONFIRMATION_OK"
10107,10408788484,10408788558,1,"IOTHUB_CLIENT_CONFIRMATION_OK"
10108,10408788685,10408788729,1,"IOTHUB_CLIENT_CONFIRMATION_OK"
10109,10408788885,10408788932,1,"IOTHUB_CLIENT_CONFIRMATION_OK"
10110,10408789085,10408789128,1,"IOTHUB_CLIENT_CONFIRMATION_OK"
10111,10408789285,10408789352,1,"IOTHUB_CLIENT_CONFIRMATION_OK"
10112,10408789485,10408789555,1,"IOTHUB_CLIENT_CONFIRMATION_OK"
10113,10408789685,10408789740,1,"IOTHUB_CLIENT_CONFIRMATION_OK"
10114,10408789885,10408789936,1,"IOTHUB_CLIENT_CONFIRMATION_OK"
10115,10408790086,10408790126,1,"IOTHUB_CLIENT_CONFIRMATION_OK"
10116,10408790286,10408790331,1,"IOTHUB_CLIENT_CONFIRMATION_OK"
10117,10408790486,10408790536,1,"IOTHUB_CLIENT_CONFIRMATION_OK"
10118,10408790686,10408790737,1,"IOTHUB_CLIENT_CONFIRMATION_OK"
10119,10408790886,10408790934,1,"IOTHUB_CLIENT_CONFIRMATION_OK"
10120,10408791086,10408791142,1,"IOTHUB_CLIENT_CONFIRMATION_OK"
10121,10408791287,10408791333,1,"IOTHUB_CLIENT_CONFIRMATION_OK"
10122,10408791487,10408791525,1,"IOTHUB_CLIENT_CONFIRMATION_OK"
10123,10408791687,10408791739,1,"IOTHUB_CLIENT_CONFIRMATION_OK"
10124,10408791887,10408791951,1,"IOTHUB_CLIENT_CONFIRMATION_OK"
10125,10408792087,10408792156,1,"IOTHUB_CLIENT_CONFIRMATION_OK"
10126,10408792287,10408792337,1,"IOTHUB_CLIENT_CONFIRMATION_OK"
10127,10408792487,10408792553,1,"IOTHUB_CLIENT_CONFIRMATION_OK"
10128,10408792688,10408792738,1,"IOTHUB_CLIENT_CONFIRMATION_OK"
10129,10408792888,10408792964,1,"IOTHUB_CLIENT_CONFIRMATION_OK"
10130,10408793088,10408793160,1,"IOTHUB_CLIENT_CONFIRMATION_OK"
10131,10408793288,10408793325,1,"IOTHUB_CLIENT_CONFIRMATION_OK"
10132,10408793488,10408793582,1,"IOTHUB_CLIENT_CONFIRMATION_OK"
10133,10408793688,10408793748,1,"IOTHUB_CLIENT_CONFIRMATION_OK"
10134,10408793888,10408793992,1,"IOTHUB_CLIENT_CONFIRMATION_OK"
10135,10408794089,10408794149,1,"IOTHUB_CLIENT_CONFIRMATION_OK"
10136,10408794289,10408794343,1,"IOTHUB_CLIENT_CONFIRMATION_OK"
10137,10408794489,10408794551,1,"IOTHUB_CLIENT_CONFIRMATION_OK"
10138,10408794689,10408794745,1,"IOTHUB_CLIENT_CONFIRMATION_OK"
10139,10408794889,10408794934,1,"IOTHUB_CLIENT_CONFIRMATION_OK"
10140,10408795089,10408795127,1,"IOTHUB_CLIENT_CONFIRMATION_OK"
10141,10408795290,10408795403,1,"IOTHUB_CLIENT_CONFIRMATION_OK"
10142,10408795490,10408795579,1,"IOTHUB_CLIENT_CONFIRMATION_OK"
10143,10408795690,10408795738,1,"IOTHUB_CLIENT_CONFIRMATION_OK"
10144,10408795890,10408795926,1,"IOTHUB_CLIENT_CONFIRMATION_OK"
10145,10408796090,10408796132,1,"IOTHUB_CLIENT_CONFIRMATION_OK"
10146,10408796290,10408796337,1,"IOTHUB_CLIENT_CONFIRMATION_OK"
10147,10408796491,10408796550,1,"IOTHUB_CLIENT_CONFIRMATION_OK"
10148,10408796691,10408796883,1,"IOTHUB_CLIENT_CONFIRMATION_OK"
10149,10408796891,10408796945,1,"IOTHUB_CLIENT_CONFIRMATION_OK"
10150,10408797091,10408797132,1,"IOTHUB_CLIENT_CONFIRMATION_OK"
10151,10408797291,10408797345,1,"IOTHUB_CLIENT_CONFIRMATION_OK"
10152,10408797491,10408797535,1,"IOTHUB_CLIENT_CONFIRMATION_OK"
10153,10408797691,10408797732,1,"IOTHUB_CLIENT_CONFIRMATION_OK"
10154,10408797892,10408797931,1,"IOTHUB_CLIENT_CONFIRMATION_OK"
10155,10408798092,10408798313,1,"IOTHUB_CLIENT_CONFIRMATION_OK"
10156,10408798292,10408798347,1,"IOTHUB_CLIENT_CONFIRMATION_OK"
10157,10408798492,10408798556,1,"IOTHUB_CLIENT_CONFIRMATION_OK"
10158,10408798692,10408798759,1,"IOTHUB_CLIENT_CONFIRMATION_OK"
10159,10408798892,10408798977,1,"IOTHUB_CLIENT_CONFIRMATION_OK"
10160,10408799092,10408799152,1,"IOTHUB_CLIENT_CONFIRMATION_OK"
10161,10408799293,10408799342,1,"IOTHUB_CLIENT_CONFIRMATION_OK"
10162,10408799493,10408799567,1,"IOTHUB_CLIENT_CONFIRMATION_OK"
10163,10408799693,10408799734,1,"IOTHUB_CLIENT_CONFIRMATION_OK"
10164,10408799893,10408799936,1,"IOTHUB_CLIENT_CONFIRMATION_OK"
10165,10408800093,10408800145,1,"IOTHUB_CLIENT_CONFIRMATION_OK"
10166,10408800293,10408800373,1,"IOTHUB_CLIENT_CONFIRMATION_OK"
10167,10408800493,10408800557,1,"IOTHUB_CLIENT_CONFIRMATION_OK"
10168,10408800694,10408800739,1,"IOTHUB_CLIENT_CONFIRMATION_OK"
10169,10408800894,10408801245,1,"IOTHUB_CLIENT_CONFIRMATION_OK"
10170,10408801094,10408801273,1,"IOTHUB_CLIENT_CONFIRMATION_OK"
10171,10408801294,10408801333,1,"IOTHUB_CLIENT_CONFIRMATION_OK"
10172,10408801494,10408801530,1,"IOTHUB_CLIENT_CONFIRMATION_OK"
10173,10408801694,10408801804,1,"IOTHUB_CLIENT_CONFIRMATION_OK"
10174,10408801895,10408801957,1,"IOTHUB_CLIENT_CONFIRMATION_OK"
10175,10408802095,10408802147,1,"IOTHUB_CLIENT_CONFIRMATION_OK"
10176,10408802295,10408802366,1,"IOTHUB_CLIENT_CONFIRMATION_OK"
10177,10408802495,10408802552,1,"IOTHUB_CLIENT_CONFIRMATION_OK"
10178,10408802695,10408802734,1,"IOTHUB_CLIENT_CONFIRMATION_OK"
10179,10408802895,10408802952,1,"IOTHUB_CLIENT_CONFIRMATION_OK"
10180,10408803095,10408803269,1,"IOTHUB_CLIENT_CONFIRMATION_OK"
10181,10408803296,10408803349,1,"IOTHUB_CLIENT_CONFIRMATION_OK"
10182,10408803496,10408803537,1,"IOTHUB_CLIENT_CONFIRMATION_OK"
10183,10408803696,10408803756,1,"IOTHUB_CLIENT_CONFIRMATION_OK"
10184,10408803896,10408803936,1,"IOTHUB_CLIENT_CONFIRMATION_OK"
10185,10408804096,10408804138,1,"IOTHUB_CLIENT_CONFIRMATION_OK"
10186,10408804296,10408804353,1,"IOTHUB_CLIENT_CONFIRMATION_OK"
10187,10408804496,10408804569,1,"IOTHUB_CLIENT_CONFIRMATION_OK"
10188,10408804697,10408804773,1,"IOTHUB_CLIENT_CONFIRMATION_OK"
10189,10408804897,10408804940,1,"IOTHUB_CLIENT_CONFIRMATION_OK"
10190,10408805097,10408805144,1,"IOTHUB_CLIENT_CONFIRMATION_OK"
10191,10408805297,10408805343,1,"IOTHUB_CLIENT_CONFIRMATION_OK"
10192,10408805497,10408805544,1,"IOTHUB_CLIENT_CONFIRMATION_OK"
10193,10408805697,10408805748,1,"IOTHUB_CLIENT_CONFIRMATION_OK"
10194,10408805898,10408805945,1,"IOTHUB_CLIENT_CONFIRMATION_OK"
10195,10408806098,10408806144,1,"IOTHUB_CLIENT_CONFIRMATION_OK"
10196,10408806298,10408806356,1,"IOTHUB_CLIENT_CONFIRMATION_OK"
10197,10408806498,10408806538,1,"IOTHUB_CLIENT_CONFIRMATION_OK"
10198,10408806698,10408806754,1,"IOTHUB_CLIENT_CONFIRMATION_OK"
10199,10408806898,10408806961,1,"IOTHUB_CLIENT_CONFIRMATION_OK"
10200,10408807099,10408807141,1,"IOTHUB_CLIENT_CONFIRMATION_OK"
10201,10408807299,10408807344,1,"IOTHUB_CLIENT_CONFIRMATION_OK"
10202,10408807499,10408807564,1,"IOTHUB_CLIENT_CONFIRMATION_OK"
10203,10408807699,10408807757,1,"IOTHUB_CLIENT_CONFIRMATION_OK"
10204,10408807899,10408807943,1,"IOTHUB_CLIENT_CONFIRMATION_OK"
10205,10408808099,10408808178,1,"IOTHUB_CLIENT_CONFIRMATION_OK"
10206,10408808299,10408808348,1,"IOTHUB_CLIENT_CONFIRMATION_OK"
10207,10408808500,10408808551,1,"IOTHUB_CLIENT_CONFIRMATION_OK"
10208,10408808700,10408808809,1,"IOTHUB_CLIENT_CONFIRMATION_OK"
10209,10408808900,10408808948,1,"IOTHUB_CLIENT_CONFIRMATION_OK"
10210,10408809100,10408809145,1,"IOTHUB_CLIENT_CONFIRMATION_OK"
10211,10408809300,10408809350,1,"IOTHUB_CLIENT_CONFIRMATION_OK"
10212,10408809500,10408809562,1,"IOTHUB_CLIENT_CONFIRMATION_OK"
10213,10408809700,10408809750,1,"IOTHUB_CLIENT_CONFIRMATION_OK"
10214,10408809901,10408809942,1,"IOTHUB_CLIENT_CONFIRMATION_OK"
10215,10408810101,10408810200,1,"IOTHUB_CLIENT_CONFIRMATION_OK"
10216,10408810301,10408810456,1,"IOTHUB_CLIENT_CONFIRMATION_OK"
10217,10408810501,10408810560,1,"IOTHUB_CLIENT_CONFIRMATION_OK"
10218,10408810701,10408810744,1,"IOTHUB_CLIENT_CONFIRMATION_OK"
10219,10408810901,10408810948,1,"IOTHUB_CLIENT_CONFIRMATION_OK"
10220,10408811102,10408811154,1,"IOTHUB_CLIENT_CONFIRMATION_OK"
10221,10408811302,10408811353,1,"IOTHUB_CLIENT_CONFIRMATION_OK"
10222,10408811502,10408811549,1,"IOTHUB_CLIENT_CONFIRMATION_OK"
10223,10408811702,10408811908,1,"IOTHUB_CLIENT_CONFIRMATION_OK"
10224,10408811902,10408811946,1,"IOTHUB_CLIENT_CONFIRMATION_OK"
10225,10408812102,10408812150,1,"IOTHUB_CLIENT_CONFIRMATION_OK"
10226,10408812302,10408812368,1,"IOTHUB_CLIENT_CONFIRMATION_OK"
10227,10408812503,10408812554,1,"IOTHUB_CLIENT_CONFIRMATION_OK"
10228,10408812703,10408812748,1,"IOTHUB_CLIENT_CONFIRMATION_OK"
10229,10408812903,10408812957,1,"IOTHUB_CLIENT_CONFIRMATION_OK"
10230,10408813103,10408813165,1,"IOTHUB_CLIENT_CONFIRMATION_OK"
10231,10408813303,10408813349,1,"IOTHUB_CLIENT_CONFIRMATION_OK"
10232,10408813503,10408813551,1,"IOTHUB_CLIENT_CONFIRMATION_OK"
10233,10408813704,10408813745,1,"IOTHUB_CLIENT_CONFIRMATION_OK"
10234,10408813904,10408813978,1,"IOTHUB_CLIENT_CONFIRMATION_OK"
10235,10408814104,10408814160,1,"IOTHUB_CLIENT_CONFIRMATION_OK"
10236,10408814304,10408814356,1,"IOTHUB_CLIENT_CONFIRMATION_OK"
10237,10408814504,10408814542,1,"IOTHUB_CLIENT_CONFIRMATION_OK"
10238,10408814704,10408814747,1,"IOTHUB_CLIENT_CONFIRMATION_OK"
10239,10408814905,10408814962,1,"IOTHUB_CLIENT_CONFIRMATION_OK"
10240,10408815105,10408815244,1,"IOTHUB_CLIENT_CONFIRMATION_OK"
10241,10408815305,10408815455,1,"IOTHUB_CLIENT_CONFIRMATION_OK"
10242,10408815505,10408815556,1,"IOTHUB_CLIENT_CONFIRMATION_OK"
10243,10408815705,10408815742,1,"IOTHUB_CLIENT_CONFIRMATION_OK"
10244,10408815905,10408815943,1,"IOTHUB_CLIENT_CONFIRMATION_OK"
10245,10408816105,10408816151,1,"IOTHUB_CLIENT_CONFIRMATION_OK"
10246,10408816306,10408816359,1,"IOTHUB_CLIENT_CONFIRMATION_OK"
10247,10408816506,10408816593,1,"IOTHUB_CLIENT_CONFIRMATION_OK"
10248,10408816706,10408816876,1,"IOTHUB_CLIENT_CONFIRMATION_OK"
10249,10408816906,10408816946,1,"IOTHUB_CLIENT_CONFIRMATION_OK"
10250,10408817106,10408817156,1,"IOTHUB_CLIENT_CONFIRMATION_OK"
10251,10408817306,10408817348,1,"IOTHUB_CLIENT_CONFIRMATION_OK"
10252,10408817507,10408817567,1,"IOTHUB_CLIENT_CONFIRMATION_OK"
10253,10408817707,10408817752,1,"IOTHUB_CLIENT_CONFIRMATION_OK"
10254,10408817907,10408817973,1,"IOTHUB_CLIENT_CONFIRMATION_OK"
10255,10408818107,10408818324,1,"IOTHUB_CLIENT_CONFIRMATION_OK"
10256,10408818307,10408818362,1,"IOTHUB_CLIENT_CONFIRMATION_OK"
10257,10408818507,10408818563,1,"IOTHUB_CLIENT_CONFIRMATION_OK"
10258,10408818707,10408818760,1,"IOTHUB_CLIENT_CONFIRMATION_OK"
10259,10408818908,10408818949,1,"IOTHUB_CLIENT_CONFIRMATION_OK"
10260,10408819108,10408819202,1,"IOTHUB_CLIENT_CONFIRMATION_OK"
10261,10408819308,10408819375,1,"IOTHUB_CLIENT_CONFIRMATION_OK"
10262,10408819508,10408819560,1,"IOTHUB_CLIENT_CONFIRMATION_OK"
10263,10408819708,10408819755,1,"IOTHUB_CLIENT_CONFIRMATION_OK"
10264,10408819908,10408819954,1,"IOTHUB_CLIENT_CONFIRMATION_OK"
10265,10408820109,10408820158,1,"IOTHUB_CLIENT_CONFIRMATION_OK"
10266,10408820309,10408820354,1,"IOTHUB_CLIENT_CONFIRMATION_OK"
10267,10408820509,10408820561,1,"IOTHUB_CLIENT_CONFIRMATION_OK"
10268,10408820709,10408820755,1,"IOTHUB_CLIENT_CONFIRMATION_OK"
10269,10408820909,10408821048,1,"IOTHUB_CLIENT_CONFIRMATION_OK"
10270,10408821109,10408821158,1,"IOTHUB_CLIENT_CONFIRMATION_OK"
10271,10408821309,10408821365,1,"IOTHUB_CLIENT_CONFIRMATION_OK"
10272,10408821510,10408821569,1,"IOTHUB_CLIENT_CONFIRMATION_OK"
10273,10408821710,10408821811,1,"IOTHUB_CLIENT_CONFIRMATION_OK"
10274,10408821910,10408821959,1,"IOTHUB_CLIENT_CONFIRMATION_OK"
10275,10408822110,10408822157,1,"IOTHUB_CLIENT_CONFIRMATION_OK"
10276,10408822310,10408822362,1,"IOTHUB_CLIENT_CONFIRMATION_OK"
10277,10408822510,10408822563,1,"IOTHUB_CLIENT_CONFIRMATION_OK"
10278,10408822711,10408822758,1,"IOTHUB_CLIENT_CONFIRMATION_OK"
10279,10408822911,10408822952,1,"IOTHUB_CLIENT_CONFIRMATION_OK"
10280,10408823111,10408823219,1,"IOTHUB_CLIENT_CONFIRMATION_OK"
10281,10408823311,10408823350,1,"IOTHUB_CLIENT_CONFIRMATION_OK"
10282,10408823511,10408823553,1,"IOTHUB_CLIENT_CONFIRMATION_OK"
10283,10408823711,10408823758,1,"IOTHUB_CLIENT_CONFIRMATION_OK"
10284,10408823911,10408824033,1,"IOTHUB_CLIENT_CONFIRMATION_OK"
10285,10408824112,10408824219,1,"IOTHUB_CLIENT_CONFIRMATION_OK"
10286,10408824312,10408824360,1,"IOTHUB_CLIENT_CONFIRMATION_OK"
10287,10408824512,10408824597,1,"IOTHUB_CLIENT_CONFIRMATION_OK"
10288,10408824712,10408824762,1,"IOTHUB_CLIENT_CONFIRMATION_OK"
10289,10408824912,10408824964,1,"IOTHUB_CLIENT_CONFIRMATION_OK"
10290,10408825112,10408825165,1,"IOTHUB_CLIENT_CONFIRMATION_OK"
10291,10408825313,10408825451,1,"IOTHUB_CLIENT_CONFIRMATION_OK"
10292,10408825513,10408825554,1,"IOTHUB_CLIENT_CONFIRMATION_OK"
10293,10408825713,10408825791,1,"IOTHUB_CLIENT_CONFIRMATION_OK"
10294,10408825913,10408825957,1,"IOTHUB_CLIENT_CONFIRMATION_OK"
10295,10408826113,10408826228,1,"IOTHUB_CLIENT_CONFIRMATION_OK"
10296,10408826313,10408826377,1,"IOTHUB_CLIENT_CONFIRMATION_OK"
10297,10408826514,10408826564,1,"IOTHUB_CLIENT_CONFIRMATION_OK"
10298,10408826714,10408826918,1,"IOTHUB_CLIENT_CONFIRMATION_OK"
10299,10408826914,10408826963,1,"IOTHUB_CLIENT_CONFIRMATION_OK"
10300,10408827114,10408827169,1,"IOTHUB_CLIENT_CONFIRMATION_OK"
10301,10408827314,10408827358,1,"IOTHUB_CLIENT_CONFIRMATION_OK"
10302,10408827514,10408827559,1,"IOTHUB_CLIENT_CONFIRMATION_OK"
10303,10408827714,10408827760,1,"IOTHUB_CLIENT_CONFIRMATION_OK"
10304,10408827915,10408827953,1,"IOTHUB_CLIENT_CONFIRMATION_OK"
10305,10408828115,10408828174,1,"IOTHUB_CLIENT_CONFIRMATION_OK"
10306,10408828315,10408828361,1,"IOTHUB_CLIENT_CONFIRMATION_OK"
10307,10408828515,10408828561,1,"IOTHUB_CLIENT_CONFIRMATION_OK"
10308,10408828715,10408828762,1,"IOTHUB_CLIENT_CONFIRMATION_OK"
10309,10408828915,10408828969,1,"IOTHUB_CLIENT_CONFIRMATION_OK"
10310,10408829116,10408829163,1,"IOTHUB_CLIENT_CONFIRMATION_OK"
10311,10408829316,10408829361,1,"IOTHUB_CLIENT_CONFIRMATION_OK"
10312,10408829516,10408829560,1,"IOTHUB_CLIENT_CONFIRMATION_OK"
10313,10408829716,10408829783,1,"IOTHUB_CLIENT_CONFIRMATION_OK"
10314,10408829916,10408829972,1,"IOTHUB_CLIENT_CONFIRMATION_OK"
10315,10408830116,10408830174,1,"IOTHUB_CLIENT_CONFIRMATION_OK"
10316,10408830317,10408830392,1,"IOTHUB_CLIENT_CONFIRMATION_OK"
10317,10408830517,10408830580,1,"IOTHUB_CLIENT_CONFIRMATION_OK"
10318,10408830717,10408830774,1,"IOTHUB_CLIENT_CONFIRMATION_OK"
10319,10408830917,10408830958,1,"IOTHUB_CLIENT_CONFIRMATION_OK"
10320,10408831117,10408831199,1,"IOTHUB_CLIENT_CONFIRMATION_OK"
10321,10408831317,10408831356,1,"IOTHUB_CLIENT_CONFIRMATION_OK"
10322,10408831517,10408831565,1,"IOTHUB_CLIENT_CONFIRMATION_OK"
10323,10408831718,10408831824,1,"IOTHUB_CLIENT_CONFIRMATION_OK"
10324,10408831918,10408831979,1,"IOTHUB_CLIENT_CONFIRMATION_OK"
10325,10408832118,10408832209,1,"IOTHUB_CLIENT_CONFIRMATION_OK"
10326,10408832318,10408832358,1,"IOTHUB_CLIENT_CONFIRMATION_OK"
10327,10408832518,10408832564,1,"IOTHUB_CLIENT_CONFIRMATION_OK"
10328,10408832718,10408832755,1,"IOTHUB_CLIENT_CONFIRMATION_OK"
10329,10408832919,10408832959,1,"IOTHUB_CLIENT_CONFIRMATION_OK"
10330,10408833119,10408833258,1,"IOTHUB_CLIENT_CONFIRMATION_OK"
10331,10408833319,10408833363,1,"IOTHUB_CLIENT_CONFIRMATION_OK"
10332,10408833519,10408833564,1,"IOTHUB_CLIENT_CONFIRMATION_OK"
10333,10408833719,10408833786,1,"IOTHUB_CLIENT_CONFIRMATION_OK"
10334,10408833919,10408833967,1,"IOTHUB_CLIENT_CONFIRMATION_OK"
10335,10408834119,10408834162,1,"IOTHUB_CLIENT_CONFIRMATION_OK"
10336,10408834320,10408834379,1,"IOTHUB_CLIENT_CONFIRMATION_OK"
10337,10408834520,10408834554,1,"IOTHUB_CLIENT_CONFIRMATION_OK"
10338,10408834720,10408834760,1,"IOTHUB_CLIENT_CONFIRMATION_OK"
10339,10408834920,10408834963,1,"IOTHUB_CLIENT_CONFIRMATION_OK"
10340,10408835120,10408835172,1,"IOTHUB_CLIENT_CONFIRMATION_OK"
10341,10408835320,10408835358,1,"IOTHUB_CLIENT_CONFIRMATION_OK"
10342,10408835520,10408835572,1,"IOTHUB_CLIENT_CONFIRMATION_OK"
10343,10408835721,10408835764,1,"IOTHUB_CLIENT_CONFIRMATION_OK"
10344,10408835921,10408835966,1,"IOTHUB_CLIENT_CONFIRMATION_OK"
10345,10408836121,10408836162,1,"IOTHUB_CLIENT_CONFIRMATION_OK"
10346,10408836321,10408836379,1,"IOTHUB_CLIENT_CONFIRMATION_OK"
10347,10408836521,10408836562,1,"IOTHUB_CLIENT_CONFIRMATION_OK"
10348,10408836721,10408836776,1,"IOTHUB_CLIENT_CONFIRMATION_OK"
10349,10408836922,10408836968,1,"IOTHUB_CLIENT_CONFIRMATION_OK"
10350,10408837122,10408837249,1,"IOTHUB_CLIENT_CONFIRMATION_OK"
10351,10408837322,10408837367,1,"IOTHUB_CLIENT_CONFIRMATION_OK"
10352,10408837522,10408837574,1,"IOTHUB_CLIENT_CONFIRMATION_OK"
10353,10408837722,10408837830,1,"IOTHUB_CLIENT_CONFIRMATION_OK"
10354,10408837922,10408837963,1,"IOTHUB_CLIENT_CONFIRMATION_OK"
10355,10408838122,10408838163,1,"IOTHUB_CLIENT_CONFIRMATION_OK"
10356,10408838323,10408838361,1,"IOTHUB_CLIENT_CONFIRMATION_OK"
10357,10408838523,10408838561,1,"IOTHUB_CLIENT_CONFIRMATION_OK"
10358,10408838723,10408838789,1,"IOTHUB_CLIENT_CONFIRMATION_OK"
10359,10408838923,10408838975,1,"IOTHUB_CLIENT_CONFIRMATION_OK"
10360,10408839123,10408839170,1,"IOTHUB_CLIENT_CONFIRMATION_OK"
10361,10408839323,10408839373,1,"IOTHUB_CLIENT_CONFIRMATION_OK"
10362,10408839524,10408839567,1,"IOTHUB_CLIENT_CONFIRMATION_OK"
10363,10408839724,10408839772,1,"IOTHUB_CLIENT_CONFIRMATION_OK"
10364,10408839924,10408839981,1,"IOTHUB_CLIENT_CONFIRMATION_OK"
10365,10408840124,10408840164,1,"IOTHUB_CLIENT_CONFIRMATION_OK"
10366,10408840324,10408840396,1,"IOTHUB_CLIENT_CONFIRMATION_OK"
10367,10408840524,10408840632,1,"IOTHUB_CLIENT_CONFIRMATION_OK"
10368,10408840724,10408840777,1,"IOTHUB_CLIENT_CONFIRMATION_OK"
10369,10408840925,10408840968,1,"IOTHUB_CLIENT_CONFIRMATION_OK"
10370,10408841125,10408841160,1,"IOTHUB_CLIENT_CONFIRMATION_OK"
10371,10408841325,10408841364,1,"IOTHUB_CLIENT_CONFIRMATION_OK"
10372,10408841525,10408841574,1,"IOTHUB_CLIENT_CONFIRMATION_OK"
10373,10408841725,10408841862,1,"IOTHUB_CLIENT_CONFIRMATION_OK"
10374,10408841925,10408841965,1,"IOTHUB_CLIENT_CONFIRMATION_OK"
10375,10408842126,10408842171,1,"IOTHUB_CLIENT_CONFIRMATION_OK"
10376,10408842326,10408842363,1,"IOTHUB_CLIENT_CONFIRMATION_OK"
10377,10408842526,10408842567,1,"IOTHUB_CLIENT_CONFIRMATION_OK"
10378,10408842726,10408842776,1,"IOTHUB_CLIENT_CONFIRMATION_OK"
10379,10408842926,10408842965,1,"IOTHUB_CLIENT_CONFIRMATION_OK"
10380,10408843126,10408843302,1,"IOTHUB_CLIENT_CONFIRMATION_OK"
10381,10408843326,10408843380,1,"IOTHUB_CLIENT_CONFIRMATION_OK"
10382,10408843527,10408843644,1,"IOTHUB_CLIENT_CONFIRMATION_OK"
10383,10408843727,10408843818,1,"IOTHUB_CLIENT_CONFIRMATION_OK"
10384,10408843927,10408843976,1,"IOTHUB_CLIENT_CONFIRMATION_OK"
10385,10408844127,10408844165,1,"IOTHUB_CLIENT_CONFIRMATION_OK"
10386,10408844327,10408844432,1,"IOTHUB_CLIENT_CONFIRMATION_OK"
10387,10408844527,10408844579,1,"IOTHUB_CLIENT_CONFIRMATION_OK"
10388,10408844728,10408844771,1,"IOTHUB_CLIENT_CONFIRMATION_OK"
10389,10408844928,10408844966,1,"IOTHUB_CLIENT_CONFIRMATION_OK"
10390,10408845128,10408845172,1,"IOTHUB_CLIENT_CONFIRMATION_OK"
10391,10408845328,10408845384,1,"IOTHUB_CLIENT_CONFIRMATION_OK"
10392,10408845528,10408845577,1,"IOTHUB_CLIENT_CONFIRMATION_OK"
10393,10408845728,10408845781,1,"IOTHUB_CLIENT_CONFIRMATION_OK"
10394,10408845929,10408846063,1,"IOTHUB_CLIENT_CONFIRMATION_OK"
10395,10408846129,10408846182,1,"IOTHUB_CLIENT_CONFIRMATION_OK"
10396,10408846329,10408846381,1,"IOTHUB_CLIENT_CONFIRMATION_OK"
10397,10408846529,10408846567,1,"IOTHUB_CLIENT_CONFIRMATION_OK"
10398,10408846729,10408846787,1,"IOTHUB_CLIENT_CONFIRMATION_OK"
10399,10408846929,10408846985,1,"IOTHUB_CLIENT_CONFIRMATION_OK"
10400,10408847129,10408847177,1,"IOTHUB_CLIENT_CONFIRMATION_OK"
10401,10408847330,10408847374,1,"IOTHUB_CLIENT_CONFIRMATION_OK"
10402,10408847530,10408847582,1,"IOTHUB_CLIENT_CONFIRMATION_OK"
10403,10408847730,10408847826,1,"IOTHUB_CLIENT_CONFIRMATION_OK"
10404,10408847930,10408847987,1,"IOTHUB_CLIENT_CONFIRMATION_OK"
10405,10408848130,10408848244,1,"IOTHUB_CLIENT_CONFIRMATION_OK"
10406,10408848330,10408848362,1,"IOTHUB_CLIENT_CONFIRMATION_OK"
10407,10408848531,10408848578,1,"IOTHUB_CLIENT_CONFIRMATION_OK"
10408,10408848731,10408848780,1,"IOTHUB_CLIENT_CONFIRMATION_OK"
10409,10408848931,10408848984,1,"IOTHUB_CLIENT_CONFIRMATION_OK"
10410,10408849131,10408849241,1,"IOTHUB_CLIENT_CONFIRMATION_OK"
10411,10408849331,10408849373,1,"IOTHUB_CLIENT_CONFIRMATION_OK"
10412,10408849531,10408849585,1,"IOTHUB_CLIENT_CONFIRMATION_OK"
10413,10408849731,10408849772,1,"IOTHUB_CLIENT_CONFIRMATION_OK"
10414,10408849932,10408849984,1,"IOTHUB_CLIENT_CONFIRMATION_OK"
10415,10408850132,10408850172,1,"IOTHUB_CLIENT_CONFIRMATION_OK"
10416,10408850332,10408850402,1,"IOTHUB_CLIENT_CONFIRMATION_OK"
10417,10408850532,10408850573,1,"IOTHUB_CLIENT_CONFIRMATION_OK"
10418,10408850732,10408850788,1,"IOTHUB_CLIENT_CONFIRMATION_OK"
10419,10408850932,10408850975,1,"IOTHUB_CLIENT_CONFIRMATION_OK"
10420,10408851133,10408851186,1,"IOTHUB_CLIENT_CONFIRMATION_OK"
10421,10408851333,10408851397,1,"IOTHUB_CLIENT_CONFIRMATION_OK"
10422,10408851533,10408851600,1,"IOTHUB_CLIENT_CONFIRMATION_OK"
10423,10408851733,10408851840,1,"IOTHUB_CLIENT_CONFIRMATION_OK"
10424,10408851933,10408851985,1,"IOTHUB_CLIENT_CONFIRMATION_OK"
10425,10408852133,10408852190,1,"IOTHUB_CLIENT_CONFIRMATION_OK"
10426,10408852333,10408852395,1,"IOTHUB_CLIENT_CONFIRMATION_OK"
10427,10408852534,10408852576,1,"IOTHUB_CLIENT_CONFIRMATION_OK"
10428,10408852734,10408852773,1,"IOTHUB_CLIENT_CONFIRMATION_OK"
10429,10408852934,10408852974,1,"IOTHUB_CLIENT_CONFIRMATION_OK"
10430,10408853134,10408853248,1,"IOTHUB_CLIENT_CONFIRMATION_OK"
10431,10408853334,10408853371,1,"IOTHUB_CLIENT_CONFIRMATION_OK"
10432,10408853534,10408853576,1,"IOTHUB_CLIENT_CONFIRMATION_OK"
10433,10408853734,10408853777,1,"IOTHUB_CLIENT_CONFIRMATION_OK"
10434,10408853935,10408853990,1,"IOTHUB_CLIENT_CONFIRMATION_OK"
10435,10408854135,10408854179,1,"IOTHUB_CLIENT_CONFIRMATION_OK"
10436,10408854335,10408854387,1,"IOTHUB_CLIENT_CONFIRMATION_OK"
10437,10408854535,10408854581,1,"IOTHUB_CLIENT_CONFIRMATION_OK"
10438,10408854735,10408854880,1,"IOTHUB_CLIENT_CONFIRMATION_OK"
10439,10408854935,10408854974,1,"IOTHUB_CLIENT_CONFIRMATION_OK"
10440,10408855136,10408855181,1,"IOTHUB_CLIENT_CONFIRMATION_OK"
10441,10408855336,10408855507,1,"IOTHUB_CLIENT_CONFIRMATION_OK"
10442,10408855536,10408855590,1,"IOTHUB_CLIENT_CONFIRMATION_OK"
10443,10408855736,10408855780,1,"IOTHUB_CLIENT_CONFIRMATION_OK"
10444,10408855936,10408855974,1,"IOTHUB_CLIENT_CONFIRMATION_OK"
10445,10408856136,10408856180,1,"IOTHUB_CLIENT_CONFIRMATION_OK"
10446,10408856336,10408856393,1,"IOTHUB_CLIENT_CONFIRMATION_OK"
10447,10408856537,10408856579,1,"IOTHUB_CLIENT_CONFIRMATION_OK"
10448,10408856737,10408856911,1,"IOTHUB_CLIENT_CONFIRMATION_OK"
10449,10408856937,10408857003,1,"IOTHUB_CLIENT_CONFIRMATION_OK"
10450,10408857137,10408857177,1,"IOTHUB_CLIENT_CONFIRMATION_OK"
10451,10408857337,10408857383,1,"IOTHUB_CLIENT_CONFIRMATION_OK"
10452,10408857537,10408857598,1,"IOTHUB_CLIENT_CONFIRMATION_OK"
10453,10408857738,10408857792,1,"IOTHUB_CLIENT_CONFIRMATION_OK"
10454,10408857938,10408858043,1,"IOTHUB_CLIENT_CONFIRMATION_OK"
10455,10408858138,10408858384,1,"IOTHUB_CLIENT_CONFIRMATION_OK"
10456,10408858338,10408858432,1,"IOTHUB_CLIENT_CONFIRMATION_OK"
10457,10408858538,10408858597,1,"IOTHUB_CLIENT_CONFIRMATION_OK"
10458,10408858738,10408858800,1,"IOTHUB_CLIENT_CONFIRMATION_OK"
10459,10408858939,10408858983,1,"IOTHUB_CLIENT_CONFIRMATION_OK"
10460,10408859139,10408859184,1,"IOTHUB_CLIENT_CONFIRMATION_OK"
10461,10408859339,10408859395,1,"IOTHUB_CLIENT_CONFIRMATION_OK"
10462,10408859539,10408859596,1,"IOTHUB_CLIENT_CONFIRMATION_OK"
10463,10408859739,10408859783,1,"IOTHUB_CLIENT_CONFIRMATION_OK"
10464,10408859939,10408859989,1,"IOTHUB_CLIENT_CONFIRMATION_OK"
10465,10408860139,10408860222,1,"IOTHUB_CLIENT_CONFIRMATION_OK"
10466,10408860340,10408860502,1,"IOTHUB_CLIENT_CONFIRMATION_OK"
10467,10408860540,10408860607,1,"IOTHUB_CLIENT_CONFIRMATION_OK"
10468,10408860740,10408860795,1,"IOTHUB_CLIENT_CONFIRMATION_OK"
10469,10408860940,10408861079,1,"IOTHUB_CLIENT_CONFIRMATION_OK"
10470,10408861140,10408861218,1,"IOTHUB_CLIENT_CONFIRMATION_OK"
10471,10408861340,10408861393,1,"IOTHUB_CLIENT_CONFIRMATION_OK"
10472,10408861541,10408861575,1,"IOTHUB_CLIENT_CONFIRMATION_OK"
10473,10408861741,10408861842,1,"IOTHUB_CLIENT_CONFIRMATION_OK"
10474,10408861941,10408861988,1,"IOTHUB_CLIENT_CONFIRMATION_OK"
10475,10408862141,10408862198,1,"IOTHUB_CLIENT_CONFIRMATION_OK"
10476,10408862341,10408862386,1,"IOTHUB_CLIENT_CONFIRMATION_OK"
10477,10408862541,10408862599,1,"IOTHUB_CLIENT_CONFIRMATION_OK"
10478,10408862741,10408862784,1,"IOTHUB_CLIENT_CONFIRMATION_OK"
10479,10408862942,10408862999,1,"IOTHUB_CLIENT_CONFIRMATION_OK"
10480,10408863142,10408863232,1,"IOTHUB_CLIENT_CONFIRMATION_OK"
10481,10408863342,10408863393,1,"IOTHUB_CLIENT_CONFIRMATION_OK"
10482,10408863542,10408863609,1,"IOTHUB_CLIENT_CONFIRMATION_OK"
10483,10408863742,10408863791,1,"IOTHUB_CLIENT_CONFIRMATION_OK"
10484,10408863942,10408864092,1,"IOTHUB_CLIENT_CONFIRMATION_OK"
10485,10408864142,10408864188,1,"IOTHUB_CLIENT_CONFIRMATION_OK"
10486,10408864343,10408864392,1,"IOTHUB_CLIENT_CONFIRMATION_OK"
10487,10408864543,10408864623,1,"IOTHUB_CLIENT_CONFIRMATION_OK"
10488,10408864743,10408864781,1,"IOTHUB_CLIENT_CONFIRMATION_OK"
10489,10408864943,10408864988,1,"IOTHUB_CLIENT_CONFIRMATION_OK"
10490,10408865143,10408865204,1,"IOTHUB_CLIENT_CONFIRMATION_OK"
10491,10408865343,10408865403,1,"IOTHUB_CLIENT_CONFIRMATION_OK"
10492,10408865544,10408865593,1,"IOTHUB_CLIENT_CONFIRMATION_OK"
10493,10408865744,10408865805,1,"IOTHUB_CLIENT_CONFIRMATION_OK"
10494,10408865944,10408866145,1,"IOTHUB_CLIENT_CONFIRMATION_OK"
10495,10408866144,10408866196,1,"IOTHUB_CLIENT_CONFIRMATION_OK"
10496,10408866344,10408866389,1,"IOTHUB_CLIENT_CONFIRMATION_OK"
10497,10408866544,10408866591,1,"IOTHUB_CLIENT_CONFIRMATION_OK"
10498,10408866744,10408866931,1,"IOTHUB_CLIENT_CONFIRMATION_OK"
10499,10408866945,10408866989,1,"IOTHUB_CLIENT_CONFIRMATION_OK"
10500,10408867145,10408867222,1,"IOTHUB_CLIENT_CONFIRMATION_OK"
10501,10408867345,10408867407,1,"IOTHUB_CLIENT_CONFIRMATION_OK"
10502,10408867545,10408867599,1,"IOTHUB_CLIENT_CONFIRMATION_OK"
10503,10408867745,10408867796,1,"IOTHUB_CLIENT_CONFIRMATION_OK"
10504,10408867945,10408867987,1,"IOTHUB_CLIENT_CONFIRMATION_OK"
10505,10408868145,10408868370,1,"IOTHUB_CLIENT_CONFIRMATION_OK"
10506,10408868346,10408868396,1,"IOTHUB_CLIENT_CONFIRMATION_OK"
10507,10408868546,10408868600,1,"IOTHUB_CLIENT_CONFIRMATION_OK"
10508,10408868746,10408868785,1,"IOTHUB_CLIENT_CONFIRMATION_OK"
10509,10408868946,10408868997,1,"IOTHUB_CLIENT_CONFIRMATION_OK"
10510,10408869146,10408869187,1,"IOTHUB_CLIENT_CONFIRMATION_OK"
10511,10408869346,10408869390,1,"IOTHUB_CLIENT_CONFIRMATION_OK"
10512,10408869547,10408869615,1,"IOTHUB_CLIENT_CONFIRMATION_OK"
10513,10408869747,10408869894,1,"IOTHUB_CLIENT_CONFIRMATION_OK"
10514,10408869947,10408869995,1,"IOTHUB_CLIENT_CONFIRMATION_OK"
10515,10408870147,10408870208,1,"IOTHUB_CLIENT_CONFIRMATION_OK"
10516,10408870347,10408870391,1,"IOTHUB_CLIENT_CONFIRMATION_OK"
10517,10408870547,10408870621,1,"IOTHUB_CLIENT_CONFIRMATION_OK"
10518,10408870748,10408870799,1,"IOTHUB_CLIENT_CONFIRMATION_OK"
10519,10408870948,10408871033,1,"IOTHUB_CLIENT_CONFIRMATION_OK"
10520,10408871148,10408871224,1,"IOTHUB_CLIENT_CONFIRMATION_OK"
10521,10408871348,10408871442,1,"IOTHUB_CLIENT_CONFIRMATION_OK"
10522,10408871548,10408871617,1,"IOTHUB_CLIENT_CONFIRMATION_OK"
10523,10408871748,10408871812,1,"IOTHUB_CLIENT_CONFIRMATION_OK"
10524,10408871949,10408872020,1,"IOTHUB_CLIENT_CONFIRMATION_OK"
10525,10408872149,10408872195,1,"IOTHUB_CLIENT_CONFIRMATION_OK"
10526,10408872349,10408872413,1,"IOTHUB_CLIENT_CONFIRMATION_OK"
10527,10408872549,10408872683,1,"IOTHUB_CLIENT_CONFIRMATION_OK"
10528,10408872749,10408872798,1,"IOTHUB_CLIENT_CONFIRMATION_OK"
10529,10408872949,10408873043,1,"IOTHUB_CLIENT_CONFIRMATION_OK"
10530,10408873150,10408873306,1,"IOTHUB_CLIENT_CONFIRMATION_OK"
10531,10408873350,10408873396,1,"IOTHUB_CLIENT_CONFIRMATION_OK"
10532,10408873550,10408873588,1,"IOTHUB_CLIENT_CONFIRMATION_OK"
10533,10408873750,10408873792,1,"IOTHUB_CLIENT_CONFIRMATION_OK"
10534,10408873950,10408874007,1,"IOTHUB_CLIENT_CONFIRMATION_OK"
10535,10408874150,10408874192,1,"IOTHUB_CLIENT_CONFIRMATION_OK"
10536,10408874350,10408874393,1,"IOTHUB_CLIENT_CONFIRMATION_OK"
10537,10408874551,10408874636,1,"IOTHUB_CLIENT_CONFIRMATION_OK"
10538,10408874751,10408874810,1,"IOTHUB_CLIENT_CONFIRMATION_OK"
10539,10408874951,10408875022,1,"IOTHUB_CLIENT_CONFIRMATION_OK"
10540,10408875151,10408875196,1,"IOTHUB_CLIENT_CONFIRMATION_OK"
10541,10408875351,10408875411,1,"IOTHUB_CLIENT_CONFIRMATION_OK"
10542,10408875551,10408875605,1,"IOTHUB_CLIENT_CONFIRMATION_OK"
10543,10408875752,10408875837,1,"IOTHUB_CLIENT_CONFIRMATION_OK"
10544,10408875952,10408875999,1,"IOTHUB_CLIENT_CONFIRMATION_OK"
10545,10408876152,10408876204,1,"IOTHUB_CLIENT_CONFIRMATION_OK"
10546,10408876352,10408876415,1,"IOTHUB_CLIENT_CONFIRMATION_OK"
10547,10408876552,10408876592,1,"IOTHUB_CLIENT_CONFIRMATION_OK"
10548,10408876752,10408876896,1,"IOTHUB_CLIENT_CONFIRMATION_OK"
10549,10408876952,10408877005,1,"IOTHUB_CLIENT_CONFIRMATION_OK"
10550,10408877153,10408877203,1,"IOTHUB_CLIENT_CONFIRMATION_OK"
10551,10408877353,10408877406,1,"IOTHUB_CLIENT_CONFIRMATION_OK"
10552,10408877553,10408877614,1,"IOTHUB_CLIENT_CONFIRMATION_OK"
10553,10408877753,10408878011,1,"IOTHUB_CLIENT_CONFIRMATION_OK"
10554,10408877953,10408878065,1,"IOTHUB_CLIENT_CONFIRMATION_OK"
10555,10408878153,10408878215,1,"IOTHUB_CLIENT_CONFIRMATION_OK"
10556,10408878353,10408878435,1,"IOTHUB_CLIENT_CONFIRMATION_OK"
10557,10408878554,10408878612,1,"IOTHUB_CLIENT_CONFIRMATION_OK"
10558,10408878754,10408878805,1,"IOTHUB_CLIENT_CONFIRMATION_OK"
10559,10408878954,10408879006,1,"IOTHUB_CLIENT_CONFIRMATION_OK"
10560,10408879154,10408879200,1,"IOTHUB_CLIENT_CONFIRMATION_OK"
10561,10408879354,10408879410,1,"IOTHUB_CLIENT_CONFIRMATION_OK"
10562,10408879554,10408879606,1,"IOTHUB_CLIENT_CONFIRMATION_OK"
10563,10408879755,10408879832,1,"IOTHUB_CLIENT_CONFIRMATION_OK"
10564,10408879955,10408880032,1,"IOTHUB_CLIENT_CONFIRMATION_OK"
10565,10408880155,10408880193,1,"IOTHUB_CLIENT_CONFIRMATION_OK"
10566,10408880355,10408880466,1,"IOTHUB_CLIENT_CONFIRMATION_OK"
10567,10408880555,10408880660,1,"IOTHUB_CLIENT_CONFIRMATION_OK"
10568,10408880755,10408880814,1,"IOTHUB_CLIENT_CONFIRMATION_OK"
10569,10408880955,10408881013,1,"IOTHUB_CLIENT_CONFIRMATION_OK"
10570,10408881156,10408881205,1,"IOTHUB_CLIENT_CONFIRMATION_OK"
10571,10408881356,10408881403,1,"IOTHUB_CLIENT_CONFIRMATION_OK"
10572,10408881556,10408881610,1,"IOTHUB_CLIENT_CONFIRMATION_OK"
10573,10408881756,10408881836,1,"IOTHUB_CLIENT_CONFIRMATION_OK"
10574,10408881956,10408882008,1,"IOTHUB_CLIENT_CONFIRMATION_OK"
10575,10408882156,10408882208,1,"IOTHUB_CLIENT_CONFIRMATION_OK"
10576,10408882357,10408882469,1,"IOTHUB_CLIENT_CONFIRMATION_OK"
10577,10408882557,10408882816,1,"IOTHUB_CLIENT_CONFIRMATION_OK"
10578,10408882757,10408882921,1,"IOTHUB_CLIENT_CONFIRMATION_OK"
10579,10408882957,10408883000,1,"IOTHUB_CLIENT_CONFIRMATION_OK"
10580,10408883157,10408883315,1,"IOTHUB_CLIENT_CONFIRMATION_OK"
10581,10408883357,10408883404,1,"IOTHUB_CLIENT_CONFIRMATION_OK"
10582,10408883557,10408883598,1,"IOTHUB_CLIENT_CONFIRMATION_OK"
10583,10408883758,10408883804,1,"IOTHUB_CLIENT_CONFIRMATION_OK"
10584,10408883958,10408883993,1,"IOTHUB_CLIENT_CONFIRMATION_OK"
10585,10408884158,10408884233,1,"IOTHUB_CLIENT_CONFIRMATION_OK"
10586,10408884358,10408884400,1,"IOTHUB_CLIENT_CONFIRMATION_OK"
10587,10408884558,10408884600,1,"IOTHUB_CLIENT_CONFIRMATION_OK"
10588,10408884758,10408884827,1,"IOTHUB_CLIENT_CONFIRMATION_OK"
10589,10408884958,10408885009,1,"IOTHUB_CLIENT_CONFIRMATION_OK"
10590,10408885159,10408885203,1,"IOTHUB_CLIENT_CONFIRMATION_OK"
10591,10408885359,10408885403,1,"IOTHUB_CLIENT_CONFIRMATION_OK"
10592,10408885559,10408885752,1,"IOTHUB_CLIENT_CONFIRMATION_OK"
10593,10408885759,10408885827,1,"IOTHUB_CLIENT_CONFIRMATION_OK"
10594,10408885959,10408886007,1,"IOTHUB_CLIENT_CONFIRMATION_OK"
10595,10408886159,10408886201,1,"IOTHUB_CLIENT_CONFIRMATION_OK"
10596,10408886360,10408886398,1,"IOTHUB_CLIENT_CONFIRMATION_OK"
10597,10408886560,10408886609,1,"IOTHUB_CLIENT_CONFIRMATION_OK"
10598,10408886760,10408886800,1,"IOTHUB_CLIENT_CONFIRMATION_OK"
10599,10408886960,10408887015,1,"IOTHUB_CLIENT_CONFIRMATION_OK"
10600,10408887160,10408887198,1,"IOTHUB_CLIENT_CONFIRMATION_OK"
10601,10408887360,10408887407,1,"IOTHUB_CLIENT_CONFIRMATION_OK"
10602,10408887561,10408887631,1,"IOTHUB_CLIENT_CONFIRMATION_OK"
10603,10408887761,10408887819,1,"IOTHUB_CLIENT_CONFIRMATION_OK"
10604,10408887961,10408888027,1,"IOTHUB_CLIENT_CONFIRMATION_OK"
10605,10408888161,10408888206,1,"IOTHUB_CLIENT_CONFIRMATION_OK"
10606,10408888361,10408888412,1,"IOTHUB_CLIENT_CONFIRMATION_OK"
10607,10408888561,10408888598,1,"IOTHUB_CLIENT_CONFIRMATION_OK"
10608,10408888761,10408888801,1,"IOTHUB_CLIENT_CONFIRMATION_OK"
10609,10408888962,10408889049,1,"IOTHUB_CLIENT_CONFIRMATION_OK"
10610,10408889162,10408889207,1,"IOTHUB_CLIENT_CONFIRMATION_OK"
10611,10408889362,10408889417,1,"IOTHUB_CLIENT_CONFIRMATION_OK"
10612,10408889562,10408889607,1,"IOTHUB_CLIENT_CONFIRMATION_OK"
10613,10408889762,10408889805,1,"IOTHUB_CLIENT_CONFIRMATION_OK"
10614,10408889962,10408890010,1,"IOTHUB_CLIENT_CONFIRMATION_OK"
10615,10408890163,10408890215,1,"IOTHUB_CLIENT_CONFIRMATION_OK"
10616,10408890363,10408890438,1,"IOTHUB_CLIENT_CONFIRMATION_OK"
10617,10408890563,10408890607,1,"IOTHUB_CLIENT_CONFIRMATION_OK"
10618,10408890763,10408890804,1,"IOTHUB_CLIENT_CONFIRMATION_OK"
10619,10408890963,10408891024,1,"IOTHUB_CLIENT_CONFIRMATION_OK"
10620,10408891163,10408891211,1,"IOTHUB_CLIENT_CONFIRMATION_OK"
10621,10408891364,10408891403,1,"IOTHUB_CLIENT_CONFIRMATION_OK"
10622,10408891564,10408891602,1,"IOTHUB_CLIENT_CONFIRMATION_OK"
10623,10408891764,10408891809,1,"IOTHUB_CLIENT_CONFIRMATION_OK"
10624,10408891964,10408892011,1,"IOTHUB_CLIENT_CONFIRMATION_OK"
10625,10408892164,10408892209,1,"IOTHUB_CLIENT_CONFIRMATION_OK"
10626,10408892364,10408892413,1,"IOTHUB_CLIENT_CONFIRMATION_OK"
10627,10408892564,10408892623,1,"IOTHUB_CLIENT_CONFIRMATION_OK"
10628,10408892765,10408892812,1,"IOTHUB_CLIENT_CONFIRMATION_OK"
10629,10408892965,10408893116,1,"IOTHUB_CLIENT_CONFIRMATION_OK"
10630,10408893165,10408893231,1,"IOTHUB_CLIENT_CONFIRMATION_OK"
10631,10408893365,10408893406,1,"IOTHUB_CLIENT_CONFIRMATION_OK"
10632,10408893565,10408893654,1,"IOTHUB_CLIENT_CONFIRMATION_OK"
10633,10408893765,10408893866,1,"IOTHUB_CLIENT_CONFIRMATION_OK"
10634,10408893966,10408894005,1,"IOTHUB_CLIENT_CONFIRMATION_OK"
10635,10408894166,10408894220,1,"IOTHUB_CLIENT_CONFIRMATION_OK"
10636,10408894366,10408894415,1,"IOTHUB_CLIENT_CONFIRMATION_OK"
10637,10408894566,10408894662,1,"IOTHUB_CLIENT_CONFIRMATION_OK"
10638,10408894766,10408894835,1,"IOTHUB_CLIENT_CONFIRMATION_OK"
10639,10408894966,10408895027,1,"IOTHUB_CLIENT_CONFIRMATION_OK"
10640,10408895166,10408895211,1,"IOTHUB_CLIENT_CONFIRMATION_OK"
10641,10408895367,10408895422,1,"IOTHUB_CLIENT_CONFIRMATION_OK"
10642,10408895567,10408895653,1,"IOTHUB_CLIENT_CONFIRMATION_OK"
10643,10408895767,10408895833,1,"IOTHUB_CLIENT_CONFIRMATION_OK"
10644,10408895967,10408896021,1,"IOTHUB_CLIENT_CONFIRMATION_OK"
10645,10408896167,10408896228,1,"IOTHUB_CLIENT_CONFIRMATION_OK"
10646,10408896367,10408896425,1,"IOTHUB_CLIENT_CONFIRMATION_OK"
10647,10408896568,10408896630,1,"IOTHUB_CLIENT_CONFIRMATION_OK"
10648,10408896768,10408896841,1,"IOTHUB_CLIENT_CONFIRMATION_OK"
10649,10408896968,10408897028,1,"IOTHUB_CLIENT_CONFIRMATION_OK"
10650,10408897168,10408897235,1,"IOTHUB_CLIENT_CONFIRMATION_OK"
10651,10408897368,10408897439,1,"IOTHUB_CLIENT_CONFIRMATION_OK"
10652,10408897568,10408897666,1,"IOTHUB_CLIENT_CONFIRMATION_OK"
10653,10408897768,10408897836,1,"IOTHUB_CLIENT_CONFIRMATION_OK"
10654,10408897969,10408898047,1,"IOTHUB_CLIENT_CONFIRMATION_OK"
10655,10408898169,10408898304,1,"IOTHUB_CLIENT_CONFIRMATION_OK"
10656,10408898369,10408898426,1,"IOTHUB_CLIENT_CONFIRMATION_OK"
10657,10408898569,10408898629,1,"IOTHUB_CLIENT_CONFIRMATION_OK"
10658,10408898769,10408898829,1,"IOTHUB_CLIENT_CONFIRMATION_OK"
10659,10408898969,10408899027,1,"IOTHUB_CLIENT_CONFIRMATION_OK"
10660,10408899170,10408899241,1,"IOTHUB_CLIENT_CONFIRMATION_OK"
10661,10408899370,10408899429,1,"IOTHUB_CLIENT_CONFIRMATION_OK"
10662,10408899570,10408899668,1,"IOTHUB_CLIENT_CONFIRMATION_OK"
10663,10408899770,10408899823,1,"IOTHUB_CLIENT_CONFIRMATION_OK"
10664,10408899970,10408900034,1,"IOTHUB_CLIENT_CONFIRMATION_OK"
10665,10408900170,10408900229,1,"IOTHUB_CLIENT_CONFIRMATION_OK"
10666,10408900370,10408900431,1,"IOTHUB_CLIENT_CONFIRMATION_OK"
10667,10408900571,10408900627,1,"IOTHUB_CLIENT_CONFIRMATION_OK"
10668,10408900771,10408900825,1,"IOTHUB_CLIENT_CONFIRMATION_OK"
10669,10408900971,10408901037,1,"IOTHUB_CLIENT_CONFIRMATION_OK"
10670,10408901171,10408901225,1,"IOTHUB_CLIENT_CONFIRMATION_OK"
10671,10408901371,10408901448,1,"IOTHUB_CLIENT_CONFIRMATION_OK"
10672,10408901571,10408901635,1,"IOTHUB_CLIENT_CONFIRMATION_OK"
10673,10408901771,10408901838,1,"IOTHUB_CLIENT_CONFIRMATION_OK"
10674,10408901972,10408902018,1,"IOTHUB_CLIENT_CONFIRMATION_OK"
10675,10408902172,10408902234,1,"IOTHUB_CLIENT_CONFIRMATION_OK"
10676,10408902372,10408902451,1,"IOTHUB_CLIENT_CONFIRMATION_OK"
10677,10408902572,10408902623,1,"IOTHUB_CLIENT_CONFIRMATION_OK"
10678,10408902772,10408902821,1,"IOTHUB_CLIENT_CONFIRMATION_OK"
10679,10408902972,10408903044,1,"IOTHUB_CLIENT_CONFIRMATION_OK"
10680,10408903173,10408903253,1,"IOTHUB_CLIENT_CONFIRMATION_OK"
10681,10408903373,10408903424,1,"IOTHUB_CLIENT_CONFIRMATION_OK"
10682,10408903573,10408903616,1,"IOTHUB_CLIENT_CONFIRMATION_OK"
10683,10408903773,10408903838,1,"IOTHUB_CLIENT_CONFIRMATION_OK"
10684,10408903973,10408904060,1,"IOTHUB_CLIENT_CONFIRMATION_OK"
10685,10408904173,10408904289,1,"IOTHUB_CLIENT_CONFIRMATION_OK"
10686,10408904374,10408904451,1,"IOTHUB_CLIENT_CONFIRMATION_OK"
10687,10408904574,10408904644,1,"IOTHUB_CLIENT_CONFIRMATION_OK"
10688,10408904774,10408904844,1,"IOTHUB_CLIENT_CONFIRMATION_OK"
10689,10408904974,10408905054,1,"IOTHUB_CLIENT_CONFIRMATION_OK"
10690,10408905174,10408905231,1,"IOTHUB_CLIENT_CONFIRMATION_OK"
10691,10408905374,10408905525,1,"IOTHUB_CLIENT_CONFIRMATION_OK"
10692,10408905574,10408905617,1,"IOTHUB_CLIENT_CONFIRMATION_OK"
10693,10408905775,10408905822,1,"IOTHUB_CLIENT_CONFIRMATION_OK"
10694,10408905975,10408906042,1,"IOTHUB_CLIENT_CONFIRMATION_OK"
10695,10408906175,10408906239,1,"IOTHUB_CLIENT_CONFIRMATION_OK"
10696,10408906375,10408906438,1,"IOTHUB_CLIENT_CONFIRMATION_OK"
10697,10408906575,10408906654,1,"IOTHUB_CLIENT_CONFIRMATION_OK"
10698,10408906775,10408906957,1,"IOTHUB_CLIENT_CONFIRMATION_OK"
10699,10408906976,10408907045,1,"IOTHUB_CLIENT_CONFIRMATION_OK"
10700,10408907176,10408907363,1,"IOTHUB_CLIENT_CONFIRMATION_OK"
10701,10408907376,10408907553,1,"IOTHUB_CLIENT_CONFIRMATION_OK"
10702,10408907576,10408907979,1,"IOTHUB_CLIENT_CONFIRMATION_OK"
10703,10408907776,10408908015,1,"IOTHUB_CLIENT_CONFIRMATION_OK"
10704,10408907976,10408908045,1,"IOTHUB_CLIENT_CONFIRMATION_OK"
10705,10408908176,10408908407,1,"IOTHUB_CLIENT_CONFIRMATION_OK"
10706,10408908377,10408908433,1,"IOTHUB_CLIENT_CONFIRMATION_OK"
10707,10408908577,10408908631,1,"IOTHUB_CLIENT_CONFIRMATION_OK"
10708,10408908777,10408908837,1,"IOTHUB_CLIENT_CONFIRMATION_OK"
10709,10408908977,10408909040,1,"IOTHUB_CLIENT_CONFIRMATION_OK"
10710,10408909177,10408909235,1,"IOTHUB_CLIENT_CONFIRMATION_OK"
10711,10408909377,10408909450,1,"IOTHUB_CLIENT_CONFIRMATION_OK"
10712,10408909578,10408909628,1,"IOTHUB_CLIENT_CONFIRMATION_OK"
10713,10408909778,10408909833,1,"IOTHUB_CLIENT_CONFIRMATION_OK"
10714,10408909978,10408910039,1,"IOTHUB_CLIENT_CONFIRMATION_OK"
10715,10408910178,10408910271,1,"IOTHUB_CLIENT_CONFIRMATION_OK"
10716,10408910378,10408910433,1,"IOTHUB_CLIENT_CONFIRMATION_OK"
10717,10408910578,10408910806,1,"IOTHUB_CLIENT_CONFIRMATION_OK"
10718,10408910779,10408910864,1,"IOTHUB_CLIENT_CONFIRMATION_OK"
10719,10408910979,10408911032,1,"IOTHUB_CLIENT_CONFIRMATION_OK"
10720,10408911179,10408911257,1,"IOTHUB_CLIENT_CONFIRMATION_OK"
10721,10408911379,10408911435,1,"IOTHUB_CLIENT_CONFIRMATION_OK"
10722,10408911579,10408911642,1,"IOTHUB_CLIENT_CONFIRMATION_OK"
10723,10408911779,10408911860,1,"IOTHUB_CLIENT_CONFIRMATION_OK"
10724,10408911979,10408912038,1,"IOTHUB_CLIENT_CONFIRMATION_OK"
10725,10408912180,10408912295,1,"IOTHUB_CLIENT_CONFIRMATION_OK"
10726,10408912380,10408912437,1,"IOTHUB_CLIENT_CONFIRMATION_OK"
10727,10408912580,10408912662,1,"IOTHUB_CLIENT_CONFIRMATION_OK"
10728,10408912780,10408912839,1,"IOTHUB_CLIENT_CONFIRMATION_OK"
10729,10408912980,10408913042,1,"IOTHUB_CLIENT_CONFIRMATION_OK"
10730,10408913180,10408913281,1,"IOTHUB_CLIENT_CONFIRMATION_OK"
10731,10408913381,10408913457,1,"IOTHUB_CLIENT_CONFIRMATION_OK"
10732,10408913581,10408913649,1,"IOTHUB_CLIENT_CONFIRMATION_OK"
10733,10408913781,10408913839,1,"IOTHUB_CLIENT_CONFIRMATION_OK"
10734,10408913981,10408914099,1,"IOTHUB_CLIENT_CONFIRMATION_OK"
10735,10408914181,10408914260,1,"IOTHUB_CLIENT_CONFIRMATION_OK"
10736,10408914381,10408914450,1,"IOTHUB_CLIENT_CONFIRMATION_OK"
10737,10408914581,10408914735,1,"IOTHUB_CLIENT_CONFIRMATION_OK"
10738,10408914782,10408914851,1,"IOTHUB_CLIENT_CONFIRMATION_OK"
10739,10408914982,10408915046,1,"IOTHUB_CLIENT_CONFIRMATION_OK"
10740,10408915182,10408915249,1,"IOTHUB_CLIENT_CONFIRMATION_OK"
10741,10408915382,10408915532,1,"IOTHUB_CLIENT_CONFIRMATION_OK"
10742,10408915582,10408915628,1,"IOTHUB_CLIENT_CONFIRMATION_OK"
10743,10408915782,10408915882,1,"IOTHUB_CLIENT_CONFIRMATION_OK"
10744,10408915983,10408916022,1,"IOTHUB_CLIENT_CONFIRMATION_OK"
10745,10408916183,10408916271,1,"IOTHUB_CLIENT_CONFIRMATION_OK"
10746,10408916383,10408916421,1,"IOTHUB_CLIENT_CONFIRMATION_OK"
10747,10408916583,10408916626,1,"IOTHUB_CLIENT_CONFIRMATION_OK"
10748,10408916783,10408916952,1,"IOTHUB_CLIENT_CONFIRMATION_OK"
10749,10408916983,10408917034,1,"IOTHUB_CLIENT_CONFIRMATION_OK"
10750,10408917184,10408917235,1,"IOTHUB_CLIENT_CONFIRMATION_OK"
10751,10408917384,10408917430,1,"IOTHUB_CLIENT_CONFIRMATION_OK"
10752,10408917584,10408917627,1,"IOTHUB_CLIENT_CONFIRMATION_OK"
10753,10408917784,10408917831,1,"IOTHUB_CLIENT_CONFIRMATION_OK"
10754,10408917984,10408918023,1,"IOTHUB_CLIENT_CONFIRMATION_OK"
10755,10408918184,10408918426,1,"IOTHUB_CLIENT_CONFIRMATION_OK"
10756,10408918384,10408918489,1,"IOTHUB_CLIENT_CONFIRMATION_OK"
10757,10408918585,10408918634,1,"IOTHUB_CLIENT_CONFIRMATION_OK"
10758,10408918785,10408918828,1,"IOTHUB_CLIENT_CONFIRMATION_OK"
10759,10408918985,10408919030,1,"IOTHUB_CLIENT_CONFIRMATION_OK"
10760,10408919185,10408919244,1,"IOTHUB_CLIENT_CONFIRMATION_OK"
10761,10408919385,10408919435,1,"IOTHUB_CLIENT_CONFIRMATION_OK"
10762,10408919585,10408919660,1,"IOTHUB_CLIENT_CONFIRMATION_OK"
10763,10408919786,10408919828,1,"IOTHUB_CLIENT_CONFIRMATION_OK"
10764,10408919986,10408920028,1,"IOTHUB_CLIENT_CONFIRMATION_OK"
10765,10408920186,10408920239,1,"IOTHUB_CLIENT_CONFIRMATION_OK"
10766,10408920386,10408920465,1,"IOTHUB_CLIENT_CONFIRMATION_OK"
10767,10408920586,10408920626,1,"IOTHUB_CLIENT_CONFIRMATION_OK"
10768,10408920786,10408920865,1,"IOTHUB_CLIENT_CONFIRMATION_OK"
10769,10408920986,10408921039,1,"IOTHUB_CLIENT_CONFIRMATION_OK"
10770,10408921187,10408921265,1,"IOTHUB_CLIENT_CONFIRMATION_OK"
10771,10408921387,10408921426,1,"IOTHUB_CLIENT_CONFIRMATION_OK"
10772,10408921587,10408921633,1,"IOTHUB_CLIENT_CONFIRMATION_OK"
10773,10408921787,10408921902,1,"IOTHUB_CLIENT_CONFIRMATION_OK"
10774,10408921987,10408922038,1,"IOTHUB_CLIENT_CONFIRMATION_OK"
10775,10408922187,10408922230,1,"IOTHUB_CLIENT_CONFIRMATION_OK"
10776,10408922388,10408922441,1,"IOTHUB_CLIENT_CONFIRMATION_OK"
10777,10408922588,10408922625,1,"IOTHUB_CLIENT_CONFIRMATION_OK"
10778,10408922788,10408922830,1,"IOTHUB_CLIENT_CONFIRMATION_OK"
10779,10408922988,10408923037,1,"IOTHUB_CLIENT_CONFIRMATION_OK"
10780,10408923188,10408923303,1,"IOTHUB_CLIENT_CONFIRMATION_OK"
10781,10408923388,10408923439,1,"IOTHUB_CLIENT_CONFIRMATION_OK"
10782,10408923589,10408923638,1,"IOTHUB_CLIENT_CONFIRMATION_OK"
10783,10408923789,10408923942,1,"IOTHUB_CLIENT_CONFIRMATION_OK"
10784,10408923989,10408924105,1,"IOTHUB_CLIENT_CONFIRMATION_OK"
10785,10408924189,10408924233,1,"IOTHUB_CLIENT_CONFIRMATION_OK"
10786,10408924389,10408924434,1,"IOTHUB_CLIENT_CONFIRMATION_OK"
10787,10408924589,10408924650,1,"IOTHUB_CLIENT_CONFIRMATION_OK"
10788,10408924789,10408924838,1,"IOTHUB_CLIENT_CONFIRMATION_OK"
10789,10408924990,10408925049,1,"IOTHUB_CLIENT_CONFIRMATION_OK"
10790,10408925190,10408925226,1,"IOTHUB_CLIENT_CONFIRMATION_OK"
10791,10408925390,10408925540,1,"IOTHUB_CLIENT_CONFIRMATION_OK"
10792,10408925590,10408925640,1,"IOTHUB_CLIENT_CONFIRMATION_OK"
10793,10408925790,10408925860,1,"IOTHUB_CLIENT_CONFIRMATION_OK"
10794,10408925990,10408926069,1,"IOTHUB_CLIENT_CONFIRMATION_OK"
10795,10408926190,10408926240,1,"IOTHUB_CLIENT_CONFIRMATION_OK"
10796,10408926391,10408926430,1,"IOTHUB_CLIENT_CONFIRMATION_OK"
10797,10408926591,10408926629,1,"IOTHUB_CLIENT_CONFIRMATION_OK"
10798,10408926791,10408926951,1,"IOTHUB_CLIENT_CONFIRMATION_OK"
10799,10408926991,10408927039,1,"IOTHUB_CLIENT_CONFIRMATION_OK"
10800,10408927191,10408927260,1,"IOTHUB_CLIENT_CONFIRMATION_OK"
10801,10408927391,10408927461,1,"IOTHUB_CLIENT_CONFIRMATION_OK"
10802,10408927592,10408927674,1,"IOTHUB_CLIENT_CONFIRMATION_OK"
10803,10408927792,10408927877,1,"IOTHUB_CLIENT_CONFIRMATION_OK"
10804,10408927992,10408928044,1,"IOTHUB_CLIENT_CONFIRMATION_OK"
10805,10408928192,10408928406,1,"IOTHUB_CLIENT_CONFIRMATION_OK"
10806,10408928392,10408928444,1,"IOTHUB_CLIENT_CONFIRMATION_OK"
10807,10408928592,10408928637,1,"IOTHUB_CLIENT_CONFIRMATION_OK"
10808,10408928793,10408928874,1,"IOTHUB_CLIENT_CONFIRMATION_OK"
10809,10408928993,10408929070,1,"IOTHUB_CLIENT_CONFIRMATION_OK"
10810,10408929193,10408929250,1,"IOTHUB_CLIENT_CONFIRMATION_OK"
10811,10408929393,10408929442,1,"IOTHUB_CLIENT_CONFIRMATION_OK"
10812,10408929593,10408929651,1,"IOTHUB_CLIENT_CONFIRMATION_OK"
10813,10408929793,10408929860,1,"IOTHUB_CLIENT_CONFIRMATION_OK"
10814,10408929993,10408930055,1,"IOTHUB_CLIENT_CONFIRMATION_OK"
10815,10408930194,10408930246,1,"IOTHUB_CLIENT_CONFIRMATION_OK"
10816,10408930394,10408930479,1,"IOTHUB_CLIENT_CONFIRMATION_OK"
10817,10408930594,10408930642,1,"IOTHUB_CLIENT_CONFIRMATION_OK"
10818,10408930794,10408930858,1,"IOTHUB_CLIENT_CONFIRMATION_OK"
10819,10408930994,10408931042,1,"IOTHUB_CLIENT_CONFIRMATION_OK"
10820,10408931194,10408931241,1,"IOTHUB_CLIENT_CONFIRMATION_OK"
10821,10408931395,10408931441,1,"IOTHUB_CLIENT_CONFIRMATION_OK"
10822,10408931595,10408931662,1,"IOTHUB_CLIENT_CONFIRMATION_OK"
10823,10408931795,10408931916,1,"IOTHUB_CLIENT_CONFIRMATION_OK"
10824,10408931995,10408932044,1,"IOTHUB_CLIENT_CONFIRMATION_OK"
10825,10408932195,10408932240,1,"IOTHUB_CLIENT_CONFIRMATION_OK"
10826,10408932395,10408932441,1,"IOTHUB_CLIENT_CONFIRMATION_OK"
10827,10408932595,10408932691,1,"IOTHUB_CLIENT_CONFIRMATION_OK"
10828,10408932796,10408932841,1,"IOTHUB_CLIENT_CONFIRMATION_OK"
10829,10408932996,10408933115,1,"IOTHUB_CLIENT_CONFIRMATION_OK"
10830,10408933196,10408933396,1,"IOTHUB_CLIENT_CONFIRMATION_OK"
10831,10408933396,10408933443,1,"IOTHUB_CLIENT_CONFIRMATION_OK"
10832,10408933596,10408933656,1,"IOTHUB_CLIENT_CONFIRMATION_OK"
10833,10408933796,10408933856,1,"IOTHUB_CLIENT_CONFIRMATION_OK"
10834,10408933997,10408934076,1,"IOTHUB_CLIENT_CONFIRMATION_OK"
10835,10408934197,10408934235,1,"IOTHUB_CLIENT_CONFIRMATION_OK"
10836,10408934397,10408934434,1,"IOTHUB_CLIENT_CONFIRMATION_OK"
10837,10408934597,10408934700,1,"IOTHUB_CLIENT_CONFIRMATION_OK"
10838,10408934797,10408934859,1,"IOTHUB_CLIENT_CONFIRMATION_OK"
10839,10408934997,10408935059,1,"IOTHUB_CLIENT_CONFIRMATION_OK"
10840,10408935197,10408935266,1,"IOTHUB_CLIENT_CONFIRMATION_OK"
10841,10408935398,10408935450,1,"IOTHUB_CLIENT_CONFIRMATION_OK"
10842,10408935598,10408935652,1,"IOTHUB_CLIENT_CONFIRMATION_OK"
10843,10408935798,10408935838,1,"IOTHUB_CLIENT_CONFIRMATION_OK"
10844,10408935998,10408936053,1,"IOTHUB_CLIENT_CONFIRMATION_OK"
10845,10408936198,10408936242,1,"IOTHUB_CLIENT_CONFIRMATION_OK"
10846,10408936398,10408936458,1,"IOTHUB_CLIENT_CONFIRMATION_OK"
10847,10408936599,10408936649,1,"IOTHUB_CLIENT_CONFIRMATION_OK"
10848,10408936799,10408936892,1,"IOTHUB_CLIENT_CONFIRMATION_OK"
10849,10408936999,10408937040,1,"IOTHUB_CLIENT_CONFIRMATION_OK"
10850,10408937199,10408937352,1,"IOTHUB_CLIENT_CONFIRMATION_OK"
10851,10408937399,10408937440,1,"IOTHUB_CLIENT_CONFIRMATION_OK"
10852,10408937599,10408937677,1,"IOTHUB_CLIENT_CONFIRMATION_OK"
10853,10408937799,10408937844,1,"IOTHUB_CLIENT_CONFIRMATION_OK"
10854,10408938000,10408938101,1,"IOTHUB_CLIENT_CONFIRMATION_OK"
10855,10408938200,10408938317,1,"IOTHUB_CLIENT_CONFIRMATION_OK"
10856,10408938400,10408938459,1,"IOTHUB_CLIENT_CONFIRMATION_OK"
10857,10408938600,10408938660,1,"IOTHUB_CLIENT_CONFIRMATION_OK"
10858,10408938800,10408938952,1,"IOTHUB_CLIENT_CONFIRMATION_OK"
10859,10408939000,10408939172,1,"IOTHUB_CLIENT_CONFIRMATION_OK"
10860,10408939201,10408939248,1,"IOTHUB_CLIENT_CONFIRMATION_OK"
10861,10408939401,10408939445,1,"IOTHUB_CLIENT_CONFIRMATION_OK"
10862,10408939601,10408939652,1,"IOTHUB_CLIENT_CONFIRMATION_OK"
10863,10408939801,10408939837,1,"IOTHUB_CLIENT_CONFIRMATION_OK"
10864,10408940001,10408940053,1,"IOTHUB_CLIENT_CONFIRMATION_OK"
10865,10408940201,10408940260,1,"IOTHUB_CLIENT_CONFIRMATION_OK"
10866,10408940402,10408940446,1,"IOTHUB_CLIENT_CONFIRMATION_OK"
10867,10408940602,10408940642,1,"IOTHUB_CLIENT_CONFIRMATION_OK"
10868,10408940802,10408940872,1,"IOTHUB_CLIENT_CONFIRMATION_OK"
10869,10408941002,10408941038,1,"IOTHUB_CLIENT_CONFIRMATION_OK"
10870,10408941202,10408941252,1,"IOTHUB_CLIENT_CONFIRMATION_OK"
10871,10408941402,10408941455,1,"IOTHUB_CLIENT_CONFIRMATION_OK"
10872,10408941602,10408941642,1,"IOTHUB_CLIENT_CONFIRMATION_OK"
10873,10408941803,10408941845,1,"IOTHUB_CLIENT_CONFIRMATION_OK"
10874,10408942003,10408942071,1,"IOTHUB_CLIENT_CONFIRMATION_OK"
10875,10408942203,10408942283,1,"IOTHUB_CLIENT_CONFIRMATION_OK"
10876,10408942403,10408942444,1,"IOTHUB_CLIENT_CONFIRMATION_OK"
10877,10408942603,10408942712,1,"IOTHUB_CLIENT_CONFIRMATION_OK"
10878,10408942803,10408942844,1,"IOTHUB_CLIENT_CONFIRMATION_OK"
10879,10408943004,10408943057,1,"IOTHUB_CLIENT_CONFIRMATION_OK"
10880,10408943204,10408943326,1,"IOTHUB_CLIENT_CONFIRMATION_OK"
10881,10408943404,10408943455,1,"IOTHUB_CLIENT_CONFIRMATION_OK"
10882,10408943604,10408943676,1,"IOTHUB_CLIENT_CONFIRMATION_OK"
10883,10408943804,10408943857,1,"IOTHUB_CLIENT_CONFIRMATION_OK"
10884,10408944004,10408944049,1,"IOTHUB_CLIENT_CONFIRMATION_OK"
10885,10408944204,10408944253,1,"IOTHUB_CLIENT_CONFIRMATION_OK"
10886,10408944405,10408944444,1,"IOTHUB_CLIENT_CONFIRMATION_OK"
10887,10408944605,10408944651,1,"IOTHUB_CLIENT_CONFIRMATION_OK"
10888,10408944805,10408944845,1,"IOTHUB_CLIENT_CONFIRMATION_OK"
10889,10408945005,10408945046,1,"IOTHUB_CLIENT_CONFIRMATION_OK"
10890,10408945205,10408945253,1,"IOTHUB_CLIENT_CONFIRMATION_OK"
10891,10408945405,10408945466,1,"IOTHUB_CLIENT_CONFIRMATION_OK"
10892,10408945606,10408945670,1,"IOTHUB_CLIENT_CONFIRMATION_OK"
10893,10408945806,10408945863,1,"IOTHUB_CLIENT_CONFIRMATION_OK"
10894,10408946006,10408946053,1,"IOTHUB_CLIENT_CONFIRMATION_OK"
10895,10408946206,10408946244,1,"IOTHUB_CLIENT_CONFIRMATION_OK"
10896,10408946406,10408946468,1,"IOTHUB_CLIENT_CONFIRMATION_OK"
10897,10408946606,10408946654,1,"IOTHUB_CLIENT_CONFIRMATION_OK"
10898,10408946806,10408946850,1,"IOTHUB_CLIENT_CONFIRMATION_OK"
10899,10408947007,10408947066,1,"IOTHUB_CLIENT_CONFIRMATION_OK"
10900,10408947207,10408947264,1,"IOTHUB_CLIENT_CONFIRMATION_OK"
10901,10408947407,10408947457,1,"IOTHUB_CLIENT_CONFIRMATION_OK"
10902,10408947607,10408947685,1,"IOTHUB_CLIENT_CONFIRMATION_OK"
10903,10408947807,10408947850,1,"IOTHUB_CLIENT_CONFIRMATION_OK"
10904,10408948007,10408948135,1,"IOTHUB_CLIENT_CONFIRMATION_OK"
10905,10408948208,10408948249,1,"IOTHUB_CLIENT_CONFIRMATION_OK"
10906,10408948408,10408948455,1,"IOTHUB_CLIENT_CONFIRMATION_OK"
10907,10408948608,10408948649,1,"IOTHUB_CLIENT_CONFIRMATION_OK"
10908,10408948808,10408948873,1,"IOTHUB_CLIENT_CONFIRMATION_OK"
10909,10408949008,10408949078,1,"IOTHUB_CLIENT_CONFIRMATION_OK"
10910,10408949208,10408949260,1,"IOTHUB_CLIENT_CONFIRMATION_OK"
10911,10408949408,10408949459,1,"IOTHUB_CLIENT_CONFIRMATION_OK"
10912,10408949609,10408949701,1,"IOTHUB_CLIENT_CONFIRMATION_OK"
10913,10408949809,10408949850,1,"IOTHUB_CLIENT_CONFIRMATION_OK"
10914,10408950009,10408950064,1,"IOTHUB_CLIENT_CONFIRMATION_OK"
10915,10408950209,10408950279,1,"IOTHUB_CLIENT_CONFIRMATION_OK"
10916,10408950409,10408950526,1,"IOTHUB_CLIENT_CONFIRMATION_OK"
10917,10408950609,10408950661,1,"IOTHUB_CLIENT_CONFIRMATION_OK"
10918,10408950809,10408950855,1,"IOTHUB_CLIENT_CONFIRMATION_OK"
10919,10408951010,10408951049,1,"IOTHUB_CLIENT_CONFIRMATION_OK"
10920,10408951210,10408951273,1,"IOTHUB_CLIENT_CONFIRMATION_OK"
10921,10408951410,10408951447,1,"IOTHUB_CLIENT_CONFIRMATION_OK"
10922,10408951610,10408951702,1,"IOTHUB_CLIENT_CONFIRMATION_OK"
10923,10408951810,10408951947,1,"IOTHUB_CLIENT_CONFIRMATION_OK"
10924,10408952010,10408952058,1,"IOTHUB_CLIENT_CONFIRMATION_OK"
10925,10408952211,10408952383,1,"IOTHUB_CLIENT_CONFIRMATION_OK"
10926,10408952411,10408952514,1,"IOTHUB_CLIENT_CONFIRMATION_OK"
10927,10408952611,10408952659,1,"IOTHUB_CLIENT_CONFIRMATION_OK"
10928,10408952811,10408952864,1,"IOTHUB_CLIENT_CONFIRMATION_OK"
10929,10408953011,10408953075,1,"IOTHUB_CLIENT_CONFIRMATION_OK"
10930,10408953211,10408953392,1,"IOTHUB_CLIENT_CONFIRMATION_OK"
10931,10408953411,10408953467,1,"IOTHUB_CLIENT_CONFIRMATION_OK"
10932,10408953612,10408953658,1,"IOTHUB_CLIENT_CONFIRMATION_OK"
10933,10408953812,10408953855,1,"IOTHUB_CLIENT_CONFIRMATION_OK"
10934,10408954012,10408954057,1,"IOTHUB_CLIENT_CONFIRMATION_OK"
10935,10408954212,10408954263,1,"IOTHUB_CLIENT_CONFIRMATION_OK"
10936,10408954412,10408954467,1,"IOTHUB_CLIENT_CONFIRMATION_OK"
10937,10408954612,10408954713,1,"IOTHUB_CLIENT_CONFIRMATION_OK"
10938,10408954812,10408954851,1,"IOTHUB_CLIENT_CONFIRMATION_OK"
10939,10408955013,10408955054,1,"IOTHUB_CLIENT_CONFIRMATION_OK"
10940,10408955213,10408955324,1,"IOTHUB_CLIENT_CONFIRMATION_OK"
10941,10408955413,10408955454,1,"IOTHUB_CLIENT_CONFIRMATION_OK"
10942,10408955613,10408955651,1,"IOTHUB_CLIENT_CONFIRMATION_OK"
10943,10408955813,10408955859,1,"IOTHUB_CLIENT_CONFIRMATION_OK"
10944,10408956013,10408956079,1,"IOTHUB_CLIENT_CONFIRMATION_OK"
10945,10408956214,10408956265,1,"IOTHUB_CLIENT_CONFIRMATION_OK"
10946,10408956414,10408956467,1,"IOTHUB_CLIENT_CONFIRMATION_OK"
10947,10408956614,10408956680,1,"IOTHUB_CLIENT_CONFIRMATION_OK"
10948,10408956814,10408956864,1,"IOTHUB_CLIENT_CONFIRMATION_OK"
10949,10408957014,10408957067,1,"IOTHUB_CLIENT_CONFIRMATION_OK"
10950,10408957214,10408957261,1,"IOTHUB_CLIENT_CONFIRMATION_OK"
10951,10408957414,10408957475,1,"IOTHUB_CLIENT_CONFIRMATION_OK"
10952,10408957615,10408957665,1,"IOTHUB_CLIENT_CONFIRMATION_OK"
10953,10408957815,10408957871,1,"IOTHUB_CLIENT_CONFIRMATION_OK"
10954,10408958015,10408958054,1,"IOTHUB_CLIENT_CONFIRMATION_OK"
10955,10408958215,10408958280,1,"IOTHUB_CLIENT_CONFIRMATION_OK"
10956,10408958415,10408958473,1,"IOTHUB_CLIENT_CONFIRMATION_OK"
10957,10408958615,10408958689,1,"IOTHUB_CLIENT_CONFIRMATION_OK"
10958,10408958816,10408958872,1,"IOTHUB_CLIENT_CONFIRMATION_OK"
10959,10408959016,10408959106,1,"IOTHUB_CLIENT_CONFIRMATION_OK"
10960,10408959216,10408959261,1,"IOTHUB_CLIENT_CONFIRMATION_OK"
10961,10408959416,10408959461,1,"IOTHUB_CLIENT_CONFIRMATION_OK"
10962,10408959616,10408959671,1,"IOTHUB_CLIENT_CONFIRMATION_OK"
10963,10408959816,10408959888,1,"IOTHUB_CLIENT_CONFIRMATION_OK"
10964,10408960016,10408960067,1,"IOTHUB_CLIENT_CONFIRMATION_OK"
10965,10408960217,10408960259,1,"IOTHUB_CLIENT_CONFIRMATION_OK"
10966,10408960417,10408960562,1,"IOTHUB_CLIENT_CONFIRMATION_OK"
10967,10408960617,10408960684,1,"IOTHUB_CLIENT_CONFIRMATION_OK"
10968,10408960817,10408960890,1,"IOTHUB_CLIENT_CONFIRMATION_OK"
10969,10408961017,10408961061,1,"IOTHUB_CLIENT_CONFIRMATION_OK"
10970,10408961217,10408961267,1,"IOTHUB_CLIENT_CONFIRMATION_OK"
10971,10408961418,10408961468,1,"IOTHUB_CLIENT_CONFIRMATION_OK"
10972,10408961618,10408961693,1,"IOTHUB_CLIENT_CONFIRMATION_OK"
10973,10408961818,10408961889,1,"IOTHUB_CLIENT_CONFIRMATION_OK"
10974,10408962018,10408962080,1,"IOTHUB_CLIENT_CONFIRMATION_OK"
10975,10408962218,10408962267,1,"IOTHUB_CLIENT_CONFIRMATION_OK"
10976,10408962418,10408962494,1,"IOTHUB_CLIENT_CONFIRMATION_OK"
10977,10408962619,10408962708,1,"IOTHUB_CLIENT_CONFIRMATION_OK"
10978,10408962819,10408962867,1,"IOTHUB_CLIENT_CONFIRMATION_OK"
10979,10408963019,10408963064,1,"IOTHUB_CLIENT_CONFIRMATION_OK"
10980,10408963219,10408963347,1,"IOTHUB_CLIENT_CONFIRMATION_OK"
10981,10408963419,10408963470,1,"IOTHUB_CLIENT_CONFIRMATION_OK"
10982,10408963619,10408963667,1,"IOTHUB_CLIENT_CONFIRMATION_OK"
10983,10408963819,10408963877,1,"IOTHUB_CLIENT_CONFIRMATION_OK"
10984,10408964020,10408964059,1,"IOTHUB_CLIENT_CONFIRMATION_OK"
10985,10408964220,10408964268,1,"IOTHUB_CLIENT_CONFIRMATION_OK"
10986,10408964420,10408964473,1,"IOTHUB_CLIENT_CONFIRMATION_OK"
10987,10408964620,10408964689,1,"IOTHUB_CLIENT_CONFIRMATION_OK"
10988,10408964820,10408964866,1,"IOTHUB_CLIENT_CONFIRMATION_OK"
10989,10408965020,10408965058,1,"IOTHUB_CLIENT_CONFIRMATION_OK"
10990,10408965221,10408965273,1,"IOTHUB_CLIENT_CONFIRMATION_OK"
10991,10408965421,10408965667,1,"IOTHUB_CLIENT_CONFIRMATION_OK"
10992,10408965621,10408965728,1,"IOTHUB_CLIENT_CONFIRMATION_OK"
10993,10408965821,10408965876,1,"IOTHUB_CLIENT_CONFIRMATION_OK"
10994,10408966021,10408966096,1,"IOTHUB_CLIENT_CONFIRMATION_OK"
10995,10408966221,10408966262,1,"IOTHUB_CLIENT_CONFIRMATION_OK"
10996,10408966421,10408966486,1,"IOTHUB_CLIENT_CONFIRMATION_OK"
10997,10408966622,10408966666,1,"IOTHUB_CLIENT_CONFIRMATION_OK"
10998,10408966822,10408966998,1,"IOTHUB_CLIENT_CONFIRMATION_OK"
10999,10408967022,10408967104,1,"IOTHUB_CLIENT_CONFIRMATION_OK"
11000,10408967222,10408967283,1,"IOTHUB_CLIENT_CONFIRMATION_OK"
11001,10408967422,10408967507,1,"IOTHUB_CLIENT_CONFIRMATION_OK"
11002,10408967622,10408967684,1,"IOTHUB_CLIENT_CONFIRMATION_OK"
11003,10408967823,10408967862,1,"IOTHUB_CLIENT_CONFIRMATION_OK"
11004,10408968023,10408968088,1,"IOTHUB_CLIENT_CONFIRMATION_OK"
11005,10408968223,10408968404,1,"IOTHUB_CLIENT_CONFIRMATION_OK"
11006,10408968423,10408968474,1,"IOTHUB_CLIENT_CONFIRMATION_OK"
11007,10408968623,10408968660,1,"IOTHUB_CLIENT_CONFIRMATION_OK"
11008,10408968823,10408968864,1,"IOTHUB_CLIENT_CONFIRMATION_OK"
11009,10408969024,10408969070,1,"IOTHUB_CLIENT_CONFIRMATION_OK"
11010,10408969224,10408969299,1,"IOTHUB_CLIENT_CONFIRMATION_OK"
11011,10408969424,10408969477,1,"IOTHUB_CLIENT_CONFIRMATION_OK"
11012,10408969624,10408969673,1,"IOTHUB_CLIENT_CONFIRMATION_OK"
11013,10408969824,10408969869,1,"IOTHUB_CLIENT_CONFIRMATION_OK"
11014,10408970024,10408970074,1,"IOTHUB_CLIENT_CONFIRMATION_OK"
11015,10408970224,10408970272,1,"IOTHUB_CLIENT_CONFIRMATION_OK"
11016,10408970425,10408970473,1,"IOTHUB_CLIENT_CONFIRMATION_OK"
11017,10408970625,10408970668,1,"IOTHUB_CLIENT_CONFIRMATION_OK"
11018,10408970825,10408970878,1,"IOTHUB_CLIENT_CONFIRMATION_OK"
11019,10408971025,10408971076,1,"IOTHUB_CLIENT_CONFIRMATION_OK"
11020,10408971225,10408971277,1,"IOTHUB_CLIENT_CONFIRMATION_OK"
11021,10408971425,10408971466,1,"IOTHUB_CLIENT_CONFIRMATION_OK"
11022,10408971625,10408971729,1,"IOTHUB_CLIENT_CONFIRMATION_OK"
11023,10408971826,10408971888,1,"IOTHUB_CLIENT_CONFIRMATION_OK"
11024,10408972026,10408972072,1,"IOTHUB_CLIENT_CONFIRMATION_OK"
11025,10408972226,10408972272,1,"IOTHUB_CLIENT_CONFIRMATION_OK"
11026,10408972426,10408972473,1,"IOTHUB_CLIENT_CONFIRMATION_OK"
11027,10408972626,10408972694,1,"IOTHUB_CLIENT_CONFIRMATION_OK"
11028,10408972826,10408972881,1,"IOTHUB_CLIENT_CONFIRMATION_OK"
11029,10408973027,10408973075,1,"IOTHUB_CLIENT_CONFIRMATION_OK"
11030,10408973227,10408973298,1,"IOTHUB_CLIENT_CONFIRMATION_OK"
11031,10408973427,10408973474,1,"IOTHUB_CLIENT_CONFIRMATION_OK"
11032,10408973627,10408973668,1,"IOTHUB_CLIENT_CONFIRMATION_OK"
11033,10408973827,10408973893,1,"IOTHUB_CLIENT_CONFIRMATION_OK"
11034,10408974027,10408974124,1,"IOTHUB_CLIENT_CONFIRMATION_OK"
11035,10408974228,10408974293,1,"IOTHUB_CLIENT_CONFIRMATION_OK"
11036,10408974428,10408974472,1,"IOTHUB_CLIENT_CONFIRMATION_OK"
11037,10408974628,10408974683,1,"IOTHUB_CLIENT_CONFIRMATION_OK"
11038,10408974828,10408974887,1,"IOTHUB_CLIENT_CONFIRMATION_OK"
11039,10408975028,10408975074,1,"IOTHUB_CLIENT_CONFIRMATION_OK"
11040,10408975228,10408975277,1,"IOTHUB_CLIENT_CONFIRMATION_OK"
11041,10408975429,10408975534,1,"IOTHUB_CLIENT_CONFIRMATION_OK"
11042,10408975629,10408975679,1,"IOTHUB_CLIENT_CONFIRMATION_OK"
11043,10408975829,10408975874,1,"IOTHUB_CLIENT_CONFIRMATION_OK"
11044,10408976029,10408976080,1,"IOTHUB_CLIENT_CONFIRMATION_OK"
11045,10408976229,10408976271,1,"IOTHUB_CLIENT_CONFIRMATION_OK"
11046,10408976429,10408976499,1,"IOTHUB_CLIENT_CONFIRMATION_OK"
11047,10408976629,10408976683,1,"IOTHUB_CLIENT_CONFIRMATION_OK"
11048,10408976830,10408976979,1,"IOTHUB_CLIENT_CONFIRMATION_OK"
11049,10408977030,10408977070,1,"IOTHUB_CLIENT_CONFIRMATION_OK"
11050,10408977230,10408977295,1,"IOTHUB_CLIENT_CONFIRMATION_OK"
11051,10408977430,10408977520,1,"IOTHUB_CLIENT_CONFIRMATION_OK"
11052,10408977630,10408977674,1,"IOTHUB_CLIENT_CONFIRMATION_OK"
11053,10408977830,10408977887,1,"IOTHUB_CLIENT_CONFIRMATION_OK"
11054,10408978031,10408978080,1,"IOTHUB_CLIENT_CONFIRMATION_OK"
11055,10408978231,10408978421,1,"IOTHUB_CLIENT_CONFIRMATION_OK"
11056,10408978431,10408978471,1,"IOTHUB_CLIENT_CONFIRMATION_OK"
11057,10408978631,10408978687,1,"IOTHUB_CLIENT_CONFIRMATION_OK"
11058,10408978832,10408978873,1,"IOTHUB_CLIENT_CONFIRMATION_OK"
11059,10408979032,10408979099,1,"IOTHUB_CLIENT_CONFIRMATION_OK"
11060,10408979232,10408979280,1,"IOTHUB_CLIENT_CONFIRMATION_OK"
11061,10408979432,10408979478,1,"IOTHUB_CLIENT_CONFIRMATION_OK"
11062,10408979632,10408979708,1,"IOTHUB_CLIENT_CONFIRMATION_OK"
11063,10408979832,10408979869,1,"IOTHUB_CLIENT_CONFIRMATION_OK"
11064,10408980033,10408980070,1,"IOTHUB_CLIENT_CONFIRMATION_OK"
11065,10408980233,10408980280,1,"IOTHUB_CLIENT_CONFIRMATION_OK"
11066,10408980433,10408980473,1,"IOTHUB_CLIENT_CONFIRMATION_OK"
11067,10408980633,10408980697,1,"IOTHUB_CLIENT_CONFIRMATION_OK"
11068,10408980833,10408980914,1,"IOTHUB_CLIENT_CONFIRMATION_OK"
11069,10408981033,10408981088,1,"IOTHUB_CLIENT_CONFIRMATION_OK"
11070,10408981233,10408981277,1,"IOTHUB_CLIENT_CONFIRMATION_OK"
11071,10408981434,10408981479,1,"IOTHUB_CLIENT_CONFIRMATION_OK"
11072,10408981634,10408981673,1,"IOTHUB_CLIENT_CONFIRMATION_OK"
11073,10408981834,10408981872,1,"IOTHUB_CLIENT_CONFIRMATION_OK"
11074,10408982034,10408982121,1,"IOTHUB_CLIENT_CONFIRMATION_OK"
11075,10408982234,10408982272,1,"IOTHUB_CLIENT_CONFIRMATION_OK"
11076,10408982434,10408982480,1,"IOTHUB_CLIENT_CONFIRMATION_OK"
11077,10408982635,10408982702,1,"IOTHUB_CLIENT_CONFIRMATION_OK"
11078,10408982835,10408982898,1,"IOTHUB_CLIENT_CONFIRMATION_OK"
11079,10408983035,10408983085,1,"IOTHUB_CLIENT_CONFIRMATION_OK"
11080,10408983235,10408983328,1,"IOTHUB_CLIENT_CONFIRMATION_OK"
11081,10408983435,10408983471,1,"IOTHUB_CLIENT_CONFIRMATION_OK"
11082,10408983635,10408983679,1,"IOTHUB_CLIENT_CONFIRMATION_OK"
11083,10408983835,10408983940,1,"IOTHUB_CLIENT_CONFIRMATION_OK"
11084,10408984036,10408984126,1,"IOTHUB_CLIENT_CONFIRMATION_OK"
11085,10408984236,10408984286,1,"IOTHUB_CLIENT_CONFIRMATION_OK"
11086,10408984436,10408984496,1,"IOTHUB_CLIENT_CONFIRMATION_OK"
11087,10408984636,10408984682,1,"IOTHUB_CLIENT_CONFIRMATION_OK"
11088,10408984836,10408984880,1,"IOTHUB_CLIENT_CONFIRMATION_OK"
11089,10408985036,10408985091,1,"IOTHUB_CLIENT_CONFIRMATION_OK"
11090,10408985237,10408985274,1,"IOTHUB_CLIENT_CONFIRMATION_OK"
11091,10408985437,10408985594,1,"IOTHUB_CLIENT_CONFIRMATION_OK"
11092,10408985637,10408985685,1,"IOTHUB_CLIENT_CONFIRMATION_OK"
11093,10408985837,10408985883,1,"IOTHUB_CLIENT_CONFIRMATION_OK"
11094,10408986037,10408986087,1,"IOTHUB_CLIENT_CONFIRMATION_OK"
11095,10408986237,10408986281,1,"IOTHUB_CLIENT_CONFIRMATION_OK"
11096,10408986438,10408986486,1,"IOTHUB_CLIENT_CONFIRMATION_OK"
11097,10408986638,10408986682,1,"IOTHUB_CLIENT_CONFIRMATION_OK"
11098,10408986838,10408987020,1,"IOTHUB_CLIENT_CONFIRMATION_OK"
11099,10408987038,10408987158,1,"IOTHUB_CLIENT_CONFIRMATION_OK"
11100,10408987238,10408987283,1,"IOTHUB_CLIENT_CONFIRMATION_OK"
11101,10408987438,10408987483,1,"IOTHUB_CLIENT_CONFIRMATION_OK"
11102,10408987638,10408987687,1,"IOTHUB_CLIENT_CONFIRMATION_OK"
11103,10408987839,10408987884,1,"IOTHUB_CLIENT_CONFIRMATION_OK"
11104,10408988039,10408988099,1,"IOTHUB_CLIENT_CONFIRMATION_OK"
11105,10408988239,10408988453,1,"IOTHUB_CLIENT_CONFIRMATION_OK"
11106,10408988439,10408988474,1,"IOTHUB_CLIENT_CONFIRMATION_OK"
11107,10408988639,10408988694,1,"IOTHUB_CLIENT_CONFIRMATION_OK"
11108,10408988839,10408988892,1,"IOTHUB_CLIENT_CONFIRMATION_OK"
11109,10408989040,10408989126,1,"IOTHUB_CLIENT_CONFIRMATION_OK"
11110,10408989240,10408989286,1,"IOTHUB_CLIENT_CONFIRMATION_OK"
11111,10408989440,10408989503,1,"IOTHUB_CLIENT_CONFIRMATION_OK"
11112,10408989640,10408989683,1,"IOTHUB_CLIENT_CONFIRMATION_OK"
11113,10408989840,10408989895,1,"IOTHUB_CLIENT_CONFIRMATION_OK"
11114,10408990040,10408990093,1,"IOTHUB_CLIENT_CONFIRMATION_OK"
11115,10408990240,10408990310,1,"IOTHUB_CLIENT_CONFIRMATION_OK"
11116,10408990441,10408990531,1,"IOTHUB_CLIENT_CONFIRMATION_OK"
11117,10408990641,10408990686,1,"IOTHUB_CLIENT_CONFIRMATION_OK"
11118,10408990841,10408990887,1,"IOTHUB_CLIENT_CONFIRMATION_OK"
11119,10408991041,10408991107,1,"IOTHUB_CLIENT_CONFIRMATION_OK"
11120,10408991241,10408991292,1,"IOTHUB_CLIENT_CONFIRMATION_OK"
11121,10408991441,10408991493,1,"IOTHUB_CLIENT_CONFIRMATION_OK"
11122,10408991642,10408991682,1,"IOTHUB_CLIENT_CONFIRMATION_OK"
11123,10408991842,10408991959,1,"IOTHUB_CLIENT_CONFIRMATION_OK"
11124,10408992042,10408992083,1,"IOTHUB_CLIENT_CONFIRMATION_OK"
11125,10408992242,10408992283,1,"IOTHUB_CLIENT_CONFIRMATION_OK"
11126,10408992442,10408992491,1,"IOTHUB_CLIENT_CONFIRMATION_OK"
11127,10408992642,10408992689,1,"IOTHUB_CLIENT_CONFIRMATION_OK"
11128,10408992843,10408992885,1,"IOTHUB_CLIENT_CONFIRMATION_OK"
11129,10408993043,10408993146,1,"IOTHUB_CLIENT_CONFIRMATION_OK"
11130,10408993243,10408993445,1,"IOTHUB_CLIENT_CONFIRMATION_OK"
11131,10408993443,10408993491,1,"IOTHUB_CLIENT_CONFIRMATION_OK"
11132,10408993643,10408993685,1,"IOTHUB_CLIENT_CONFIRMATION_OK"
11133,10408993843,10408993903,1,"IOTHUB_CLIENT_CONFIRMATION_OK"
11134,10408994043,10408994111,1,"IOTHUB_CLIENT_CONFIRMATION_OK"
11135,10408994244,10408994331,1,"IOTHUB_CLIENT_CONFIRMATION_OK"
11136,10408994444,10408994489,1,"IOTHUB_CLIENT_CONFIRMATION_OK"
11137,10408994644,10408994684,1,"IOTHUB_CLIENT_CONFIRMATION_OK"
11138,10408994844,10408994895,1,"IOTHUB_CLIENT_CONFIRMATION_OK"
11139,10408995044,10408995095,1,"IOTHUB_CLIENT_CONFIRMATION_OK"
11140,10408995244,10408995314,1,"IOTHUB_CLIENT_CONFIRMATION_OK"
11141,10408995444,10408995495,1,"IOTHUB_CLIENT_CONFIRMATION_OK"
11142,10408995645,10408995693,1,"IOTHUB_CLIENT_CONFIRMATION_OK"
11143,10408995845,10408995901,1,"IOTHUB_CLIENT_CONFIRMATION_OK"
11144,10408996045,10408996089,1,"IOTHUB_CLIENT_CONFIRMATION_OK"
11145,10408996245,10408996292,1,"IOTHUB_CLIENT_CONFIRMATION_OK"
11146,10408996445,10408996546,1,"IOTHUB_CLIENT_CONFIRMATION_OK"
11147,10408996645,10408996694,1,"IOTHUB_CLIENT_CONFIRMATION_OK"
11148,10408996846,10408996984,1,"IOTHUB_CLIENT_CONFIRMATION_OK"
11149,10408997046,10408997097,1,"IOTHUB_CLIENT_CONFIRMATION_OK"
11150,10408997246,10408997322,1,"IOTHUB_CLIENT_CONFIRMATION_OK"
11151,10408997446,10408997539,1,"IOTHUB_CLIENT_CONFIRMATION_OK"
11152,10408997646,10408997771,1,"IOTHUB_CLIENT_CONFIRMATION_OK"
11153,10408997846,10408997896,1,"IOTHUB_CLIENT_CONFIRMATION_OK"
11154,10408998047,10408998085,1,"IOTHUB_CLIENT_CONFIRMATION_OK"
11155,10408998247,10408998402,1,"IOTHUB_CLIENT_CONFIRMATION_OK"
11156,10408998447,10408998491,1,"IOTHUB_CLIENT_CONFIRMATION_OK"
11157,10408998647,10408998689,1,"IOTHUB_CLIENT_CONFIRMATION_OK"
11158,10408998847,10408998892,1,"IOTHUB_CLIENT_CONFIRMATION_OK"
11159,10408999047,10408999095,1,"IOTHUB_CLIENT_CONFIRMATION_OK"
11160,10408999247,10408999296,1,"IOTHUB_CLIENT_CONFIRMATION_OK"
11161,10408999448,10408999510,1,"IOTHUB_CLIENT_CONFIRMATION_OK"
11162,10408999648,10408999725,1,"IOTHUB_CLIENT_CONFIRMATION_OK"
11163,10408999848,10408999946,1,"IOTHUB_CLIENT_CONFIRMATION_OK"
11164,10409000048,10409000089,1,"IOTHUB_CLIENT_CONFIRMATION_OK"
11165,10409000248,10409000287,1,"IOTHUB_CLIENT_CONFIRMATION_OK"
11166,10409000448,10409000557,1,"IOTHUB_CLIENT_CONFIRMATION_OK"
11167,10409000648,10409000700,1,"IOTHUB_CLIENT_CONFIRMATION_OK"
11168,10409000849,10409000914,1,"IOTHUB_CLIENT_CONFIRMATION_OK"
11169,10409001049,10409001097,1,"IOTHUB_CLIENT_CONFIRMATION_OK"
11170,10409001249,10409001296,1,"IOTHUB_CLIENT_CONFIRMATION_OK"
11171,10409001449,10409001508,1,"IOTHUB_CLIENT_CONFIRMATION_OK"
11172,10409001649,10409001696,1,"IOTHUB_CLIENT_CONFIRMATION_OK"
11173,10409001849,10409002016,1,"IOTHUB_CLIENT_CONFIRMATION_OK"
11174,10409002050,10409002091,1,"IOTHUB_CLIENT_CONFIRMATION_OK"
11175,10409002250,10409002329,1,"IOTHUB_CLIENT_CONFIRMATION_OK"
11176,10409002450,10409002503,1,"IOTHUB_CLIENT_CONFIRMATION_OK"
11177,10409002650,10409002691,1,"IOTHUB_CLIENT_CONFIRMATION_OK"
11178,10409002850,10409002912,1,"IOTHUB_CLIENT_CONFIRMATION_OK"
11179,10409003050,10409003100,1,"IOTHUB_CLIENT_CONFIRMATION_OK"
11180,10409003250,10409003288,1,"IOTHUB_CLIENT_CONFIRMATION_OK"
11181,10409003451,10409003496,1,"IOTHUB_CLIENT_CONFIRMATION_OK"
11182,10409003651,10409003708,1,"IOTHUB_CLIENT_CONFIRMATION_OK"
11183,10409003851,10409003895,1,"IOTHUB_CLIENT_CONFIRMATION_OK"
11184,10409004051,10409004104,1,"IOTHUB_CLIENT_CONFIRMATION_OK"
11185,10409004251,10409004346,1,"IOTHUB_CLIENT_CONFIRMATION_OK"
11186,10409004451,10409004486,1,"IOTHUB_CLIENT_CONFIRMATION_OK"
11187,10409004652,10409004695,1,"IOTHUB_CLIENT_CONFIRMATION_OK"
11188,10409004852,10409004888,1,"IOTHUB_CLIENT_CONFIRMATION_OK"
11189,10409005052,10409005119,1,"IOTHUB_CLIENT_CONFIRMATION_OK"
11190,10409005252,10409005304,1,"IOTHUB_CLIENT_CONFIRMATION_OK"
11191,10409005452,10409005528,1,"IOTHUB_CLIENT_CONFIRMATION_OK"
11192,10409005652,10409005685,1,"IOTHUB_CLIENT_CONFIRMATION_OK"
11193,10409005852,10409005923,1,"IOTHUB_CLIENT_CONFIRMATION_OK"
11194,10409006053,10409006102,1,"IOTHUB_CLIENT_CONFIRMATION_OK"
11195,10409006253,10409006301,1,"IOTHUB_CLIENT_CONFIRMATION_OK"
11196,10409006453,10409006494,1,"IOTHUB_CLIENT_CONFIRMATION_OK"
11197,10409006653,10409006712,1,"IOTHUB_CLIENT_CONFIRMATION_OK"
11198,10409006853,10409006981,1,"IOTHUB_CLIENT_CONFIRMATION_OK"
11199,10409007053,10409007096,1,"IOTHUB_CLIENT_CONFIRMATION_OK"
11200,10409007253,10409007316,1,"IOTHUB_CLIENT_CONFIRMATION_OK"
11201,10409007454,10409007491,1,"IOTHUB_CLIENT_CONFIRMATION_OK"
11202,10409007654,10409007718,1,"IOTHUB_CLIENT_CONFIRMATION_OK"
11203,10409007854,10409007894,1,"IOTHUB_CLIENT_CONFIRMATION_OK"
11204,10409008054,10409008097,1,"IOTHUB_CLIENT_CONFIRMATION_OK"
11205,10409008254,10409008400,1,"IOTHUB_CLIENT_CONFIRMATION_OK"
11206,10409008454,10409008518,1,"IOTHUB_CLIENT_CONFIRMATION_OK"
11207,10409008655,10409008703,1,"IOTHUB_CLIENT_CONFIRMATION_OK"
11208,10409008855,10409008896,1,"IOTHUB_CLIENT_CONFIRMATION_OK"
11209,10409009055,10409009100,1,"IOTHUB_CLIENT_CONFIRMATION_OK"
11210,10409009255,10409009301,1,"IOTHUB_CLIENT_CONFIRMATION_OK"
11211,10409009455,10409009492,1,"IOTHUB_CLIENT_CONFIRMATION_OK"
11212,10409009655,10409009700,1,"IOTHUB_CLIENT_CONFIRMATION_OK"
11213,10409009856,10409009909,1,"IOTHUB_CLIENT_CONFIRMATION_OK"
11214,10409010056,10409010104,1,"IOTHUB_CLIENT_CONFIRMATION_OK"
11215,10409010256,10409010300,1,"IOTHUB_CLIENT_CONFIRMATION_OK"
11216,10409010456,10409010521,1,"IOTHUB_CLIENT_CONFIRMATION_OK"
11217,10409010656,10409010703,1,"IOTHUB_CLIENT_CONFIRMATION_OK"
11218,10409010856,10409010905,1,"IOTHUB_CLIENT_CONFIRMATION_OK"
11219,10409011056,10409011109,1,"IOTHUB_CLIENT_CONFIRMATION_OK"
11220,10409011257,10409011355,1,"IOTHUB_CLIENT_CONFIRMATION_OK"
11221,10409011457,10409011494,1,"IOTHUB_CLIENT_CONFIRMATION_OK"
11222,10409011657,10409011722,1,"IOTHUB_CLIENT_CONFIRMATION_OK"
11223,10409011857,10409011893,1,"IOTHUB_CLIENT_CONFIRMATION_OK"
11224,10409012057,10409012108,1,"IOTHUB_CLIENT_CONFIRMATION_OK"
11225,10409012257,10409012324,1,"IOTHUB_CLIENT_CONFIRMATION_OK"
11226,10409012457,10409012504,1,"IOTHUB_CLIENT_CONFIRMATION_OK"
11227,10409012658,10409012709,1,"IOTHUB_CLIENT_CONFIRMATION_OK"
11228,10409012858,10409012904,1,"IOTHUB_CLIENT_CONFIRMATION_OK"
11229,10409013058,10409013094,1,"IOTHUB_CLIENT_CONFIRMATION_OK"
11230,10409013258,10409013313,1,"IOTHUB_CLIENT_CONFIRMATION_OK"
11231,10409013458,10409013499,1,"IOTHUB_CLIENT_CONFIRMATION_OK"
11232,10409013658,10409013707,1,"IOTHUB_CLIENT_CONFIRMATION_OK"
11233,10409013859,10409013902,1,"IOTHUB_CLIENT_CONFIRMATION_OK"
11234,10409014059,10409014176,1,"IOTHUB_CLIENT_CONFIRMATION_OK"
11235,10409014259,10409014339,1,"IOTHUB_CLIENT_CONFIRMATION_OK"
11236,10409014459,10409014510,1,"IOTHUB_CLIENT_CONFIRMATION_OK"
11237,10409014659,10409014733,1,"IOTHUB_CLIENT_CONFIRMATION_OK"
11238,10409014859,10409014935,1,"IOTHUB_CLIENT_CONFIRMATION_OK"
11239,10409015060,10409015100,1,"IOTHUB_CLIENT_CONFIRMATION_OK"
11240,10409015260,10409015300,1,"IOTHUB_CLIENT_CONFIRMATION_OK"
11241,10409015460,10409015623,1,"IOTHUB_CLIENT_CONFIRMATION_OK"
11242,10409015660,10409015715,1,"IOTHUB_CLIENT_CONFIRMATION_OK"
11243,10409015860,10409015919,1,"IOTHUB_CLIENT_CONFIRMATION_OK"
11244,10409016060,10409016136,1,"IOTHUB_CLIENT_CONFIRMATION_OK"
11245,10409016260,10409016310,1,"IOTHUB_CLIENT_CONFIRMATION_OK"
11246,10409016461,10409016504,1,"IOTHUB_CLIENT_CONFIRMATION_OK"
11247,10409016661,10409016725,1,"IOTHUB_CLIENT_CONFIRMATION_OK"
11248,10409016861,10409017044,1,"IOTHUB_CLIENT_CONFIRMATION_OK"
11249,10409017061,10409017112,1,"IOTHUB_CLIENT_CONFIRMATION_OK"
11250,10409017261,10409017297,1,"IOTHUB_CLIENT_CONFIRMATION_OK"
11251,10409017461,10409017531,1,"IOTHUB_CLIENT_CONFIRMATION_OK"
11252,10409017661,10409017721,1,"IOTHUB_CLIENT_CONFIRMATION_OK"
11253,10409017862,10409017932,1,"IOTHUB_CLIENT_CONFIRMATION_OK"
11254,10409018062,10409018118,1,"IOTHUB_CLIENT_CONFIRMATION_OK"
11255,10409018262,10409018458,1,"IOTHUB_CLIENT_CONFIRMATION_OK"
11256,10409018462,10409018506,1,"IOTHUB_CLIENT_CONFIRMATION_OK"
11257,10409018662,10409018730,1,"IOTHUB_CLIENT_CONFIRMATION_OK"
11258,10409018862,10409018930,1,"IOTHUB_CLIENT_CONFIRMATION_OK"
11259,10409019063,10409019103,1,"IOTHUB_CLIENT_CONFIRMATION_OK"
11260,10409019263,10409019307,1,"IOTHUB_CLIENT_CONFIRMATION_OK"
11261,10409019463,10409019512,1,"IOTHUB_CLIENT_CONFIRMATION_OK"
11262,10409019663,10409019751,1,"IOTHUB_CLIENT_CONFIRMATION_OK"
11263,10409019863,10409019923,1,"IOTHUB_CLIENT_CONFIRMATION_OK"
11264,10409020063,10409020116,1,"IOTHUB_CLIENT_CONFIRMATION_OK"
11265,10409020264,10409020301,1,"IOTHUB_CLIENT_CONFIRMATION_OK"
11266,10409020464,10409020519,1,"IOTHUB_CLIENT_CONFIRMATION_OK"
11267,10409020664,10409020704,1,"IOTHUB_CLIENT_CONFIRMATION_OK"
11268,10409020864,10409020924,1,"IOTHUB_CLIENT_CONFIRMATION_OK"
11269,10409021064,10409021109,1,"IOTHUB_CLIENT_CONFIRMATION_OK"
11270,10409021264,10409021323,1,"IOTHUB_CLIENT_CONFIRMATION_OK"
11271,10409021464,10409021507,1,"IOTHUB_CLIENT_CONFIRMATION_OK"
11272,10409021665,10409021723,1,"IOTHUB_CLIENT_CONFIRMATION_OK"
11273,10409021865,10409021938,1,"IOTHUB_CLIENT_CONFIRMATION_OK"
11274,10409022065,10409022119,1,"IOTHUB_CLIENT_CONFIRMATION_OK"
11275,10409022265,10409022313,1,"IOTHUB_CLIENT_CONFIRMATION_OK"
11276,10409022465,10409022511,1,"IOTHUB_CLIENT_CONFIRMATION_OK"
11277,10409022665,10409022704,1,"IOTHUB_CLIENT_CONFIRMATION_OK"
11278,10409022866,10409022919,1,"IOTHUB_CLIENT_CONFIRMATION_OK"
11279,10409023066,10409023118,1,"IOTHUB_CLIENT_CONFIRMATION_OK"
11280,10409023266,10409023366,1,"IOTHUB_CLIENT_CONFIRMATION_OK"
11281,10409023466,10409023505,1,"IOTHUB_CLIENT_CONFIRMATION_OK"
11282,10409023666,10409023715,1,"IOTHUB_CLIENT_CONFIRMATION_OK"
11283,10409023866,10409023907,1,"IOTHUB_CLIENT_CONFIRMATION_OK"
11284,10409024067,10409024193,1,"IOTHUB_CLIENT_CONFIRMATION_OK"
11285,10409024267,10409024326,1,"IOTHUB_CLIENT_CONFIRMATION_OK"
11286,10409024467,10409024521,1,"IOTHUB_CLIENT_CONFIRMATION_OK"
11287,10409024667,10409024732,1,"IOTHUB_CLIENT_CONFIRMATION_OK"
11288,10409024867,10409024913,1,"IOTHUB_CLIENT_CONFIRMATION_OK"
11289,10409025067,10409025127,1,"IOTHUB_CLIENT_CONFIRMATION_OK"
11290,10409025268,10409025439,1,"IOTHUB_CLIENT_CONFIRMATION_OK"
11291,10409025468,10409025705,1,"IOTHUB_CLIENT_CONFIRMATION_OK"
11292,10409025668,10409025742,1,"IOTHUB_CLIENT_CONFIRMATION_OK"
11293,10409025868,10409025915,1,"IOTHUB_CLIENT_CONFIRMATION_OK"
11294,10409026068,10409026165,1,"IOTHUB_CLIENT_CONFIRMATION_OK"
11295,10409026268,10409026312,1,"IOTHUB_CLIENT_CONFIRMATION_OK"
11296,10409026468,10409026517,1,"IOTHUB_CLIENT_CONFIRMATION_OK"
11297,10409026669,10409026716,1,"IOTHUB_CLIENT_CONFIRMATION_OK"
11298,10409026869,10409026908,1,"IOTHUB_CLIENT_CONFIRMATION_OK"
11299,10409027069,10409027118,1,"IOTHUB_CLIENT_CONFIRMATION_OK"
11300,10409027269,10409027369,1,"IOTHUB_CLIENT_CONFIRMATION_OK"
11301,10409027469,10409027514,1,"IOTHUB_CLIENT_CONFIRMATION_OK"
11302,10409027669,10409027752,1,"IOTHUB_CLIENT_CONFIRMATION_OK"
11303,10409027870,10409027945,1,"IOTHUB_CLIENT_CONFIRMATION_OK"
11304,10409028070,10409028128,1,"IOTHUB_CLIENT_CONFIRMATION_OK"
11305,10409028270,10409028330,1,"IOTHUB_CLIENT_CONFIRMATION_OK"
11306,10409028470,10409028528,1,"IOTHUB_CLIENT_CONFIRMATION_OK"
11307,10409028670,10409028719,1,"IOTHUB_CLIENT_CONFIRMATION_OK"
11308,10409028870,10409028946,1,"IOTHUB_CLIENT_CONFIRMATION_OK"
11309,10409029070,10409029172,1,"IOTHUB_CLIENT_CONFIRMATION_OK"
11310,10409029271,10409029333,1,"IOTHUB_CLIENT_CONFIRMATION_OK"
11311,10409029471,10409029525,1,"IOTHUB_CLIENT_CONFIRMATION_OK"
11312,10409029671,10409029736,1,"IOTHUB_CLIENT_CONFIRMATION_OK"
11313,10409029871,10409029921,1,"IOTHUB_CLIENT_CONFIRMATION_OK"
11314,10409030071,10409030133,1,"IOTHUB_CLIENT_CONFIRMATION_OK"
11315,10409030271,10409030347,1,"IOTHUB_CLIENT_CONFIRMATION_OK"
11316,10409030472,10409030578,1,"IOTHUB_CLIENT_CONFIRMATION_OK"
11317,10409030672,10409030716,1,"IOTHUB_CLIENT_CONFIRMATION_OK"
11318,10409030872,10409030915,1,"IOTHUB_CLIENT_CONFIRMATION_OK"
11319,10409031072,10409031127,1,"IOTHUB_CLIENT_CONFIRMATION_OK"
11320,10409031272,10409031313,1,"IOTHUB_CLIENT_CONFIRMATION_OK"
11321,10409031472,10409031583,1,"IOTHUB_CLIENT_CONFIRMATION_OK"
11322,10409031672,10409031710,1,"IOTHUB_CLIENT_CONFIRMATION_OK"
11323,10409031873,10409032028,1,"IOTHUB_CLIENT_CONFIRMATION_OK"
11324,10409032073,10409032124,1,"IOTHUB_CLIENT_CONFIRMATION_OK"
11325,10409032273,10409032317,1,"IOTHUB_CLIENT_CONFIRMATION_OK"
11326,10409032473,10409032524,1,"IOTHUB_CLIENT_CONFIRMATION_OK"
11327,10409032673,10409032718,1,"IOTHUB_CLIENT_CONFIRMATION_OK"
11328,10409032873,10409032926,1,"IOTHUB_CLIENT_CONFIRMATION_OK"
11329,10409033073,10409033110,1,"IOTHUB_CLIENT_CONFIRMATION_OK"
11330,10409033274,10409033474,1,"IOTHUB_CLIENT_CONFIRMATION_OK"
11331,10409033474,10409033529,1,"IOTHUB_CLIENT_CONFIRMATION_OK"
11332,10409033674,10409033711,1,"IOTHUB_CLIENT_CONFIRMATION_OK"
11333,10409033874,10409033914,1,"IOTHUB_CLIENT_CONFIRMATION_OK"
11334,10409034074,10409034120,1,"IOTHUB_CLIENT_CONFIRMATION_OK"
11335,10409034274,10409034357,1,"IOTHUB_CLIENT_CONFIRMATION_OK"
11336,10409034475,10409034526,1,"IOTHUB_CLIENT_CONFIRMATION_OK"
11337,10409034675,10409034731,1,"IOTHUB_CLIENT_CONFIRMATION_OK"
11338,10409034875,10409034916,1,"IOTHUB_CLIENT_CONFIRMATION_OK"
11339,10409035075,10409035116,1,"IOTHUB_CLIENT_CONFIRMATION_OK"
11340,10409035275,10409035336,1,"IOTHUB_CLIENT_CONFIRMATION_OK"
11341,10409035475,10409035518,1,"IOTHUB_CLIENT_CONFIRMATION_OK"
11342,10409035675,10409035741,1,"IOTHUB_CLIENT_CONFIRMATION_OK"
11343,10409035876,10409035932,1,"IOTHUB_CLIENT_CONFIRMATION_OK"
11344,10409036076,10409036118,1,"IOTHUB_CLIENT_CONFIRMATION_OK"
11345,10409036276,10409036323,1,"IOTHUB_CLIENT_CONFIRMATION_OK"
11346,10409036476,10409036546,1,"IOTHUB_CLIENT_CONFIRMATION_OK"
11347,10409036676,10409036751,1,"IOTHUB_CLIENT_CONFIRMATION_OK"
11348,10409036876,10409036936,1,"IOTHUB_CLIENT_CONFIRMATION_OK"
11349,10409037077,10409037129,1,"IOTHUB_CLIENT_CONFIRMATION_OK"
11350,10409037277,10409037322,1,"IOTHUB_CLIENT_CONFIRMATION_OK"
11351,10409037477,10409037527,1,"IOTHUB_CLIENT_CONFIRMATION_OK"
11352,10409037677,10409037721,1,"IOTHUB_CLIENT_CONFIRMATION_OK"
11353,10409037877,10409037925,1,"IOTHUB_CLIENT_CONFIRMATION_OK"
11354,10409038077,10409038129,1,"IOTHUB_CLIENT_CONFIRMATION_OK"
11355,10409038277,10409038604,1,"IOTHUB_CLIENT_CONFIRMATION_OK"
11356,10409038478,10409038643,1,"IOTHUB_CLIENT_CONFIRMATION_OK"
11357,10409038678,10409038719,1,"IOTHUB_CLIENT_CONFIRMATION_OK"
11358,10409038878,10409038935,1,"IOTHUB_CLIENT_CONFIRMATION_OK"
11359,10409039078,10409039190,1,"IOTHUB_CLIENT_CONFIRMATION_OK"
11360,10409039278,10409039315,1,"IOTHUB_CLIENT_CONFIRMATION_OK"
11361,10409039478,10409039517,1,"IOTHUB_CLIENT_CONFIRMATION_OK"
11362,10409039679,10409039731,1,"IOTHUB_CLIENT_CONFIRMATION_OK"
11363,10409039879,10409039924,1,"IOTHUB_CLIENT_CONFIRMATION_OK"
11364,10409040079,10409040118,1,"IOTHUB_CLIENT_CONFIRMATION_OK"
11365,10409040279,10409040324,1,"IOTHUB_CLIENT_CONFIRMATION_OK"
11366,10409040479,10409040621,1,"IOTHUB_CLIENT_CONFIRMATION_OK"
11367,10409040679,10409040739,1,"IOTHUB_CLIENT_CONFIRMATION_OK"
11368,10409040880,10409040956,1,"IOTHUB_CLIENT_CONFIRMATION_OK"
11369,10409041080,10409041196,1,"IOTHUB_CLIENT_CONFIRMATION_OK"
11370,10409041280,10409041316,1,"IOTHUB_CLIENT_CONFIRMATION_OK"
11371,10409041480,10409041575,1,"IOTHUB_CLIENT_CONFIRMATION_OK"
11372,10409041680,10409041735,1,"IOTHUB_CLIENT_CONFIRMATION_OK"
11373,10409041880,10409042037,1,"IOTHUB_CLIENT_CONFIRMATION_OK"
11374,10409042081,10409042124,1,"IOTHUB_CLIENT_CONFIRMATION_OK"
11375,10409042281,10409042334,1,"IOTHUB_CLIENT_CONFIRMATION_OK"
11376,10409042481,10409042525,1,"IOTHUB_CLIENT_CONFIRMATION_OK"
11377,10409042681,10409042722,1,"IOTHUB_CLIENT_CONFIRMATION_OK"
11378,10409042881,10409042930,1,"IOTHUB_CLIENT_CONFIRMATION_OK"
11379,10409043081,10409043116,1,"IOTHUB_CLIENT_CONFIRMATION_OK"
11380,10409043281,10409043564,1,"IOTHUB_CLIENT_CONFIRMATION_OK"
11381,10409043482,10409043602,1,"IOTHUB_CLIENT_CONFIRMATION_OK"
11382,10409043682,10409043745,1,"IOTHUB_CLIENT_CONFIRMATION_OK"
11383,10409043882,10409043974,1,"IOTHUB_CLIENT_CONFIRMATION_OK"
11384,10409044082,10409044118,1,"IOTHUB_CLIENT_CONFIRMATION_OK"
11385,10409044282,10409044329,1,"IOTHUB_CLIENT_CONFIRMATION_OK"
11386,10409044482,10409044523,1,"IOTHUB_CLIENT_CONFIRMATION_OK"
11387,10409044683,10409044740,1,"IOTHUB_CLIENT_CONFIRMATION_OK"
11388,10409044883,10409044931,1,"IOTHUB_CLIENT_CONFIRMATION_OK"
11389,10409045083,10409045120,1,"IOTHUB_CLIENT_CONFIRMATION_OK"
11390,10409045283,10409045329,1,"IOTHUB_CLIENT_CONFIRMATION_OK"
11391,10409045483,10409045570,1,"IOTHUB_CLIENT_CONFIRMATION_OK"
11392,10409045683,10409045727,1,"IOTHUB_CLIENT_CONFIRMATION_OK"
11393,10409045883,10409045927,1,"IOTHUB_CLIENT_CONFIRMATION_OK"
11394,10409046084,10409046158,1,"IOTHUB_CLIENT_CONFIRMATION_OK"
11395,10409046284,10409046358,1,"IOTHUB_CLIENT_CONFIRMATION_OK"
11396,10409046484,10409046535,1,"IOTHUB_CLIENT_CONFIRMATION_OK"
11397,10409046684,10409046730,1,"IOTHUB_CLIENT_CONFIRMATION_OK"
11398,10409046884,10409046961,1,"IOTHUB_CLIENT_CONFIRMATION_OK"
11399,10409047084,10409047122,1,"IOTHUB_CLIENT_CONFIRMATION_OK"
11400,10409047284,10409047345,1,"IOTHUB_CLIENT_CONFIRMATION_OK"
11401,10409047485,10409047522,1,"IOTHUB_CLIENT_CONFIRMATION_OK"
11402,10409047685,10409047759,1,"IOTHUB_CLIENT_CONFIRMATION_OK"
11403,10409047885,10409047926,1,"IOTHUB_CLIENT_CONFIRMATION_OK"
11404,10409048085,10409048133,1,"IOTHUB_CLIENT_CONFIRMATION_OK"
11405,10409048285,10409048395,1,"IOTHUB_CLIENT_CONFIRMATION_OK"
11406,10409048485,10409048557,1,"IOTHUB_CLIENT_CONFIRMATION_OK"
11407,10409048685,10409048737,1,"IOTHUB_CLIENT_CONFIRMATION_OK"
11408,10409048886,10409048933,1,"IOTHUB_CLIENT_CONFIRMATION_OK"
11409,10409049086,10409049130,1,"IOTHUB_CLIENT_CONFIRMATION_OK"
11410,10409049286,10409049327,1,"IOTHUB_CLIENT_CONFIRMATION_OK"
11411,10409049486,10409049532,1,"IOTHUB_CLIENT_CONFIRMATION_OK"
11412,10409049686,10409049733,1,"IOTHUB_CLIENT_CONFIRMATION_OK"
11413,10409049886,10409049942,1,"IOTHUB_CLIENT_CONFIRMATION_OK"
11414,10409050086,10409050194,1,"IOTHUB_CLIENT_CONFIRMATION_OK"
11415,10409050287,10409050342,1,"IOTHUB_CLIENT_CONFIRMATION_OK"
11416,10409050487,10409050642,1,"IOTHUB_CLIENT_CONFIRMATION_OK"
11417,10409050687,10409050726,1,"IOTHUB_CLIENT_CONFIRMATION_OK"
11418,10409050887,10409050932,1,"IOTHUB_CLIENT_CONFIRMATION_OK"
11419,10409051087,10409051129,1,"IOTHUB_CLIENT_CONFIRMATION_OK"
11420,10409051287,10409051356,1,"IOTHUB_CLIENT_CONFIRMATION_OK"
11421,10409051488,10409051554,1,"IOTHUB_CLIENT_CONFIRMATION_OK"
11422,10409051688,10409051734,1,"IOTHUB_CLIENT_CONFIRMATION_OK"
11423,10409051888,10409052061,1,"IOTHUB_CLIENT_CONFIRMATION_OK"
11424,10409052088,10409052130,1,"IOTHUB_CLIENT_CONFIRMATION_OK"
11425,10409052288,10409052335,1,"IOTHUB_CLIENT_CONFIRMATION_OK"
11426,10409052488,10409052533,1,"IOTHUB_CLIENT_CONFIRMATION_OK"
11427,10409052689,10409052739,1,"IOTHUB_CLIENT_CONFIRMATION_OK"
11428,10409052889,10409052952,1,"IOTHUB_CLIENT_CONFIRMATION_OK"
11429,10409053089,10409053130,1,"IOTHUB_CLIENT_CONFIRMATION_OK"
11430,10409053289,10409053494,1,"IOTHUB_CLIENT_CONFIRMATION_OK"
11431,10409053489,10409053537,1,"IOTHUB_CLIENT_CONFIRMATION_OK"
11432,10409053689,10409053737,1,"IOTHUB_CLIENT_CONFIRMATION_OK"
11433,10409053890,10409053938,1,"IOTHUB_CLIENT_CONFIRMATION_OK"
11434,10409054090,10409054130,1,"IOTHUB_CLIENT_CONFIRMATION_OK"
11435,10409054290,10409054337,1,"IOTHUB_CLIENT_CONFIRMATION_OK"
11436,10409054490,10409054554,1,"IOTHUB_CLIENT_CONFIRMATION_OK"
11437,10409054690,10409054738,1,"IOTHUB_CLIENT_CONFIRMATION_OK"
11438,10409054890,10409054965,1,"IOTHUB_CLIENT_CONFIRMATION_OK"
11439,10409055090,10409055147,1,"IOTHUB_CLIENT_CONFIRMATION_OK"
11440,10409055291,10409055375,1,"IOTHUB_CLIENT_CONFIRMATION_OK"
11441,10409055491,10409055530,1,"IOTHUB_CLIENT_CONFIRMATION_OK"
11442,10409055691,10409055750,1,"IOTHUB_CLIENT_CONFIRMATION_OK"
11443,10409055891,10409055933,1,"IOTHUB_CLIENT_CONFIRMATION_OK"
11444,10409056091,10409056169,1,"IOTHUB_CLIENT_CONFIRMATION_OK"
11445,10409056291,10409056341,1,"IOTHUB_CLIENT_CONFIRMATION_OK"
11446,10409056492,10409056542,1,"IOTHUB_CLIENT_CONFIRMATION_OK"
11447,10409056692,10409056744,1,"IOTHUB_CLIENT_CONFIRMATION_OK"
11448,10409056892,10409056938,1,"IOTHUB_CLIENT_CONFIRMATION_OK"
11449,10409057092,10409057234,1,"IOTHUB_CLIENT_CONFIRMATION_OK"
11450,10409057292,10409057332,1,"IOTHUB_CLIENT_CONFIRMATION_OK"
11451,10409057492,10409057540,1,"IOTHUB_CLIENT_CONFIRMATION_OK"
11452,10409057692,10409057766,1,"IOTHUB_CLIENT_CONFIRMATION_OK"
11453,10409057893,10409057948,1,"IOTHUB_CLIENT_CONFIRMATION_OK"
11454,10409058093,10409058172,1,"IOTHUB_CLIENT_CONFIRMATION_OK"
11455,10409058293,10409058359,1,"IOTHUB_CLIENT_CONFIRMATION_OK"
11456,10409058493,10409058579,1,"IOTHUB_CLIENT_CONFIRMATION_OK"
11457,10409058693,10409058746,1,"IOTHUB_CLIENT_CONFIRMATION_OK"
11458,10409058893,10409058953,1,"IOTHUB_CLIENT_CONFIRMATION_OK"
11459,10409059093,10409059161,1,"IOTHUB_CLIENT_CONFIRMATION_OK"
11460,10409059294,10409059333,1,"IOTHUB_CLIENT_CONFIRMATION_OK"
11461,10409059494,10409059546,1,"IOTHUB_CLIENT_CONFIRMATION_OK"
11462,10409059694,10409059757,1,"IOTHUB_CLIENT_CONFIRMATION_OK"
11463,10409059894,10409059951,1,"IOTHUB_CLIENT_CONFIRMATION_OK"
11464,10409060094,10409060134,1,"IOTHUB_CLIENT_CONFIRMATION_OK"
11465,10409060294,10409060367,1,"IOTHUB_CLIENT_CONFIRMATION_OK"
11466,10409060495,10409060595,1,"IOTHUB_CLIENT_CONFIRMATION_OK"
11467,10409060695,10409060755,1,"IOTHUB_CLIENT_CONFIRMATION_OK"
11468,10409060895,10409061003,1,"IOTHUB_CLIENT_CONFIRMATION_OK"
11469,10409061095,10409061145,1,"IOTHUB_CLIENT_CONFIRMATION_OK"
11470,10409061295,10409061362,1,"IOTHUB_CLIENT_CONFIRMATION_OK"
11471,10409061495,10409061546,1,"IOTHUB_CLIENT_CONFIRMATION_OK"
11472,10409061696,10409061749,1,"IOTHUB_CLIENT_CONFIRMATION_OK"
11473,10409061896,10409062003,1,"IOTHUB_CLIENT_CONFIRMATION_OK"
11474,10409062096,10409062160,1,"IOTHUB_CLIENT_CONFIRMATION_OK"
11475,10409062296,10409062355,1,"IOTHUB_CLIENT_CONFIRMATION_OK"
11476,10409062496,10409062557,1,"IOTHUB_CLIENT_CONFIRMATION_OK"
11477,10409062696,10409062743,1,"IOTHUB_CLIENT_CONFIRMATION_OK"
11478,10409062897,10409062942,1,"IOTHUB_CLIENT_CONFIRMATION_OK"
11479,10409063097,10409063149,1,"IOTHUB_CLIENT_CONFIRMATION_OK"
11480,10409063297,10409063427,1,"IOTHUB_CLIENT_CONFIRMATION_OK"
11481,10409063497,10409063579,1,"IOTHUB_CLIENT_CONFIRMATION_OK"
11482,10409063697,10409063761,1,"IOTHUB_CLIENT_CONFIRMATION_OK"
11483,10409063897,10409063946,1,"IOTHUB_CLIENT_CONFIRMATION_OK"
11484,10409064097,10409064137,1,"IOTHUB_CLIENT_CONFIRMATION_OK"
11485,10409064298,10409064341,1,"IOTHUB_CLIENT_CONFIRMATION_OK"
11486,10409064498,10409064544,1,"IOTHUB_CLIENT_CONFIRMATION_OK"
11487,10409064698,10409064746,1,"IOTHUB_CLIENT_CONFIRMATION_OK"
11488,10409064898,10409064940,1,"IOTHUB_CLIENT_CONFIRMATION_OK"
11489,10409065098,10409065143,1,"IOTHUB_CLIENT_CONFIRMATION_OK"
11490,10409065298,10409065341,1,"IOTHUB_CLIENT_CONFIRMATION_OK"
11491,10409065499,10409065551,1,"IOTHUB_CLIENT_CONFIRMATION_OK"
11492,10409065699,10409065748,1,"IOTHUB_CLIENT_CONFIRMATION_OK"
11493,10409065899,10409065972,1,"IOTHUB_CLIENT_CONFIRMATION_OK"
11494,10409066099,10409066154,1,"IOTHUB_CLIENT_CONFIRMATION_OK"
11495,10409066299,10409066378,1,"IOTHUB_CLIENT_CONFIRMATION_OK"
11496,10409066499,10409066588,1,"IOTHUB_CLIENT_CONFIRMATION_OK"
11497,10409066699,10409066768,1,"IOTHUB_CLIENT_CONFIRMATION_OK"
11498,10409066900,10409067143,1,"IOTHUB_CLIENT_CONFIRMATION_OK"
11499,10409067100,10409067182,1,"IOTHUB_CLIENT_CONFIRMATION_OK"
11500,10409067300,10409067348,1,"IOTHUB_CLIENT_CONFIRMATION_OK"
11501,10409067500,10409067558,1,"IOTHUB_CLIENT_CONFIRMATION_OK"
11502,10409067700,10409067754,1,"IOTHUB_CLIENT_CONFIRMATION_OK"
11503,10409067900,10409067936,1,"IOTHUB_CLIENT_CONFIRMATION_OK"
11504,10409068101,10409068147,1,"IOTHUB_CLIENT_CONFIRMATION_OK"
11505,10409068301,10409068503,1,"IOTHUB_CLIENT_CONFIRMATION_OK"
11506,10409068501,10409068551,1,"IOTHUB_CLIENT_CONFIRMATION_OK"
11507,10409068701,10409068751,1,"IOTHUB_CLIENT_CONFIRMATION_OK"
11508,10409068901,10409068951,1,"IOTHUB_CLIENT_CONFIRMATION_OK"
11509,10409069101,10409069145,1,"IOTHUB_CLIENT_CONFIRMATION_OK"
11510,10409069302,10409069335,1,"IOTHUB_CLIENT_CONFIRMATION_OK"
11511,10409069502,10409069546,1,"IOTHUB_CLIENT_CONFIRMATION_OK"
11512,10409069702,10409069737,1,"IOTHUB_CLIENT_CONFIRMATION_OK"
11513,10409069902,10409069960,1,"IOTHUB_CLIENT_CONFIRMATION_OK"
11514,10409070102,10409070161,1,"IOTHUB_CLIENT_CONFIRMATION_OK"
11515,10409070302,10409070344,1,"IOTHUB_CLIENT_CONFIRMATION_OK"
11516,10409070503,10409070562,1,"IOTHUB_CLIENT_CONFIRMATION_OK"
11517,10409070703,10409070767,1,"IOTHUB_CLIENT_CONFIRMATION_OK"
11518,10409070903,10409070972,1,"IOTHUB_CLIENT_CONFIRMATION_OK"
11519,10409071103,10409071150,1,"IOTHUB_CLIENT_CONFIRMATION_OK"
11520,10409071303,10409071353,1,"IOTHUB_CLIENT_CONFIRMATION_OK"
11521,10409071503,10409071550,1,"IOTHUB_CLIENT_CONFIRMATION_OK"
11522,10409071703,10409071752,1,"IOTHUB_CLIENT_CONFIRMATION_OK"
11523,10409071904,10409071971,1,"IOTHUB_CLIENT_CONFIRMATION_OK"
11524,10409072104,10409072155,1,"IOTHUB_CLIENT_CONFIRMATION_OK"
11525,10409072304,10409072346,1,"IOTHUB_CLIENT_CONFIRMATION_OK"
11526,10409072504,10409072574,1,"IOTHUB_CLIENT_CONFIRMATION_OK"
11527,10409072704,10409072783,1,"IOTHUB_CLIENT_CONFIRMATION_OK"
11528,10409072904,10409072960,1,"IOTHUB_CLIENT_CONFIRMATION_OK"
11529,10409073105,10409073173,1,"IOTHUB_CLIENT_CONFIRMATION_OK"
11530,10409073305,10409073385,1,"IOTHUB_CLIENT_CONFIRMATION_OK"
11531,10409073505,10409073611,1,"IOTHUB_CLIENT_CONFIRMATION_OK"
11532,10409073705,10409073749,1,"IOTHUB_CLIENT_CONFIRMATION_OK"
11533,10409073905,10409073956,1,"IOTHUB_CLIENT_CONFIRMATION_OK"
11534,10409074105,10409074164,1,"IOTHUB_CLIENT_CONFIRMATION_OK"
11535,10409074306,10409074358,1,"IOTHUB_CLIENT_CONFIRMATION_OK"
11536,10409074506,10409074563,1,"IOTHUB_CLIENT_CONFIRMATION_OK"
11537,10409074706,10409074768,1,"IOTHUB_CLIENT_CONFIRMATION_OK"
11538,10409074906,10409074949,1,"IOTHUB_CLIENT_CONFIRMATION_OK"
11539,10409075106,10409075155,1,"IOTHUB_CLIENT_CONFIRMATION_OK"
11540,10409075306,10409075353,1,"IOTHUB_CLIENT_CONFIRMATION_OK"
11541,10409075506,10409075664,1,"IOTHUB_CLIENT_CONFIRMATION_OK"
11542,10409075707,10409075775,1,"IOTHUB_CLIENT_CONFIRMATION_OK"
11543,10409075907,10409075957,1,"IOTHUB_CLIENT_CONFIRMATION_OK"
11544,10409076107,10409076145,1,"IOTHUB_CLIENT_CONFIRMATION_OK"
11545,10409076307,10409076354,1,"IOTHUB_CLIENT_CONFIRMATION_OK"
11546,10409076507,10409076555,1,"IOTHUB_CLIENT_CONFIRMATION_OK"
11547,10409076707,10409076758,1,"IOTHUB_CLIENT_CONFIRMATION_OK"
11548,10409076908,10409077096,1,"IOTHUB_CLIENT_CONFIRMATION_OK"
11549,10409077108,10409077157,1,"IOTHUB_CLIENT_CONFIRMATION_OK"
11550,10409077308,10409077347,1,"IOTHUB_CLIENT_CONFIRMATION_OK"
11551,10409077508,10409077547,1,"IOTHUB_CLIENT_CONFIRMATION_OK"
11552,10409077708,10409077746,1,"IOTHUB_CLIENT_CONFIRMATION_OK"
11553,10409077908,10409077950,1,"IOTHUB_CLIENT_CONFIRMATION_OK"
11554,10409078108,10409078157,1,"IOTHUB_CLIENT_CONFIRMATION_OK"
11555,10409078309,10409078519,1,"IOTHUB_CLIENT_CONFIRMATION_OK"
11556,10409078509,10409078561,1,"IOTHUB_CLIENT_CONFIRMATION_OK"
11557,10409078709,10409078767,1,"IOTHUB_CLIENT_CONFIRMATION_OK"
11558,10409078909,10409078958,1,"IOTHUB_CLIENT_CONFIRMATION_OK"
11559,10409079109,10409079173,1,"IOTHUB_CLIENT_CONFIRMATION_OK"
11560,10409079309,10409079386,1,"IOTHUB_CLIENT_CONFIRMATION_OK"
11561,10409079510,10409079558,1,"IOTHUB_CLIENT_CONFIRMATION_OK"
11562,10409079710,10409079764,1,"IOTHUB_CLIENT_CONFIRMATION_OK"
11563,10409079910,10409079954,1,"IOTHUB_CLIENT_CONFIRMATION_OK"
11564,10409080110,10409080176,1,"IOTHUB_CLIENT_CONFIRMATION_OK"
11565,10409080310,10409080381,1,"IOTHUB_CLIENT_CONFIRMATION_OK"
11566,10409080510,10409080577,1,"IOTHUB_CLIENT_CONFIRMATION_OK"
11567,10409080711,10409080749,1,"IOTHUB_CLIENT_CONFIRMATION_OK"
11568,10409080911,10409080954,1,"IOTHUB_CLIENT_CONFIRMATION_OK"
11569,10409081111,10409081155,1,"IOTHUB_CLIENT_CONFIRMATION_OK"
11570,10409081311,10409081373,1,"IOTHUB_CLIENT_CONFIRMATION_OK"
11571,10409081511,10409081566,1,"IOTHUB_CLIENT_CONFIRMATION_OK"
11572,10409081711,10409081770,1,"IOTHUB_CLIENT_CONFIRMATION_OK"
11573,10409081911,10409082018,1,"IOTHUB_CLIENT_CONFIRMATION_OK"
11574,10409082112,10409082221,1,"IOTHUB_CLIENT_CONFIRMATION_OK"
11575,10409082312,10409082354,1,"IOTHUB_CLIENT_CONFIRMATION_OK"
11576,10409082512,10409082556,1,"IOTHUB_CLIENT_CONFIRMATION_OK"
11577,10409082712,10409082774,1,"IOTHUB_CLIENT_CONFIRMATION_OK"
11578,10409082912,10409082956,1,"IOTHUB_CLIENT_CONFIRMATION_OK"
11579,10409083112,10409083192,1,"IOTHUB_CLIENT_CONFIRMATION_OK"
11580,10409083313,10409083444,1,"IOTHUB_CLIENT_CONFIRMATION_OK"
11581,10409083513,10409083554,1,"IOTHUB_CLIENT_CONFIRMATION_OK"
11582,10409083713,10409083751,1,"IOTHUB_CLIENT_CONFIRMATION_OK"
11583,10409083913,10409083971,1,"IOTHUB_CLIENT_CONFIRMATION_OK"
11584,10409084113,10409084156,1,"IOTHUB_CLIENT_CONFIRMATION_OK"
11585,10409084313,10409084414,1,"IOTHUB_CLIENT_CONFIRMATION_OK"
11586,10409084513,10409084553,1,"IOTHUB_CLIENT_CONFIRMATION_OK"
11587,10409084714,10409084763,1,"IOTHUB_CLIENT_CONFIRMATION_OK"
11588,10409084914,10409084982,1,"IOTHUB_CLIENT_CONFIRMATION_OK"
11589,10409085114,10409085212,1,"IOTHUB_CLIENT_CONFIRMATION_OK"
11590,10409085314,10409085379,1,"IOTHUB_CLIENT_CONFIRMATION_OK"
11591,10409085514,10409085670,1,"IOTHUB_CLIENT_CONFIRMATION_OK"
11592,10409085714,10409085760,1,"IOTHUB_CLIENT_CONFIRMATION_OK"
11593,10409085915,10409085960,1,"IOTHUB_CLIENT_CONFIRMATION_OK"
11594,10409086115,10409086223,1,"IOTHUB_CLIENT_CONFIRMATION_OK"
11595,10409086315,10409086373,1,"IOTHUB_CLIENT_CONFIRMATION_OK"
11596,10409086515,10409086565,1,"IOTHUB_CLIENT_CONFIRMATION_OK"
11597,10409086715,10409086757,1,"IOTHUB_CLIENT_CONFIRMATION_OK"
11598,10409086915,10409087086,1,"IOTHUB_CLIENT_CONFIRMATION_OK"
11599,10409087115,10409087189,1,"IOTHUB_CLIENT_CONFIRMATION_OK"
11600,10409087316,10409087365,1,"IOTHUB_CLIENT_CONFIRMATION_OK"
11601,10409087516,10409087557,1,"IOTHUB_CLIENT_CONFIRMATION_OK"
11602,10409087716,10409087774,1,"IOTHUB_CLIENT_CONFIRMATION_OK"
11603,10409087916,10409087954,1,"IOTHUB_CLIENT_CONFIRMATION_OK"
11604,10409088116,10409088160,1,"IOTHUB_CLIENT_CONFIRMATION_OK"
11605,10409088316,10409088559,1,"IOTHUB_CLIENT_CONFIRMATION_OK"
11606,10409088517,10409088578,1,"IOTHUB_CLIENT_CONFIRMATION_OK"
11607,10409088717,10409088765,1,"IOTHUB_CLIENT_CONFIRMATION_OK"
11608,10409088917,10409088981,1,"IOTHUB_CLIENT_CONFIRMATION_OK"
11609,10409089117,10409089250,1,"IOTHUB_CLIENT_CONFIRMATION_OK"
11610,10409089317,10409089367,1,"IOTHUB_CLIENT_CONFIRMATION_OK"
11611,10409089517,10409089579,1,"IOTHUB_CLIENT_CONFIRMATION_OK"
11612,10409089717,10409089764,1,"IOTHUB_CLIENT_CONFIRMATION_OK"
11613,10409089918,10409089984,1,"IOTHUB_CLIENT_CONFIRMATION_OK"
11614,10409090118,10409090154,1,"IOTHUB_CLIENT_CONFIRMATION_OK"
11615,10409090318,10409090364,1,"IOTHUB_CLIENT_CONFIRMATION_OK"
11616,10409090518,10409090617,1,"IOTHUB_CLIENT_CONFIRMATION_OK"
11617,10409090718,10409090772,1,"IOTHUB_CLIENT_CONFIRMATION_OK"
11618,10409090918,10409091005,1,"IOTHUB_CLIENT_CONFIRMATION_OK"
11619,10409091119,10409091246,1,"IOTHUB_CLIENT_CONFIRMATION_OK"
11620,10409091319,10409091372,1,"IOTHUB_CLIENT_CONFIRMATION_OK"
11621,10409091519,10409091555,1,"IOTHUB_CLIENT_CONFIRMATION_OK"
11622,10409091719,10409091787,1,"IOTHUB_CLIENT_CONFIRMATION_OK"
11623,10409091919,10409092001,1,"IOTHUB_CLIENT_CONFIRMATION_OK"
11624,10409092119,10409092157,1,"IOTHUB_CLIENT_CONFIRMATION_OK"
11625,10409092320,10409092373,1,"IOTHUB_CLIENT_CONFIRMATION_OK"
11626,10409092520,10409092556,1,"IOTHUB_CLIENT_CONFIRMATION_OK"
11627,10409092720,10409092770,1,"IOTHUB_CLIENT_CONFIRMATION_OK"
11628,10409092920,10409092960,1,"IOTHUB_CLIENT_CONFIRMATION_OK"
11629,10409093120,10409093161,1,"IOTHUB_CLIENT_CONFIRMATION_OK"
11630,10409093320,10409093536,1,"IOTHUB_CLIENT_CONFIRMATION_OK"
11631,10409093521,10409093575,1,"IOTHUB_CLIENT_CONFIRMATION_OK"
11632,10409093721,10409093787,1,"IOTHUB_CLIENT_CONFIRMATION_OK"
11633,10409093921,10409093986,1,"IOTHUB_CLIENT_CONFIRMATION_OK"
11634,10409094121,10409094171,1,"IOTHUB_CLIENT_CONFIRMATION_OK"
11635,10409094321,10409094391,1,"IOTHUB_CLIENT_CONFIRMATION_OK"
11636,10409094521,10409094565,1,"IOTHUB_CLIENT_CONFIRMATION_OK"
11637,10409094721,10409094833,1,"IOTHUB_CLIENT_CONFIRMATION_OK"
11638,10409094922,10409095068,1,"IOTHUB_CLIENT_CONFIRMATION_OK"
11639,10409095122,10409095168,1,"IOTHUB_CLIENT_CONFIRMATION_OK"
11640,10409095322,10409095369,1,"IOTHUB_CLIENT_CONFIRMATION_OK"
11641,10409095522,10409095600,1,"IOTHUB_CLIENT_CONFIRMATION_OK"
11642,10409095722,10409095833,1,"IOTHUB_CLIENT_CONFIRMATION_OK"
11643,10409095922,10409095968,1,"IOTHUB_CLIENT_CONFIRMATION_OK"
11644,10409096122,10409096170,1,"IOTHUB_CLIENT_CONFIRMATION_OK"
11645,10409096323,10409096361,1,"IOTHUB_CLIENT_CONFIRMATION_OK"
11646,10409096523,10409096621,1,"IOTHUB_CLIENT_CONFIRMATION_OK"
11647,10409096723,10409096768,1,"IOTHUB_CLIENT_CONFIRMATION_OK"
11648,10409096923,10409097050,1,"IOTHUB_CLIENT_CONFIRMATION_OK"
11649,10409097123,10409097168,1,"IOTHUB_CLIENT_CONFIRMATION_OK"
11650,10409097323,10409097367,1,"IOTHUB_CLIENT_CONFIRMATION_OK"
11651,10409097524,10409097597,1,"IOTHUB_CLIENT_CONFIRMATION_OK"
11652,10409097724,10409097780,1,"IOTHUB_CLIENT_CONFIRMATION_OK"
11653,10409097924,10409097966,1,"IOTHUB_CLIENT_CONFIRMATION_OK"
11654,10409098124,10409098166,1,"IOTHUB_CLIENT_CONFIRMATION_OK"
11655,10409098324,10409098545,1,"IOTHUB_CLIENT_CONFIRMATION_OK"
11656,10409098524,10409098568,1,"IOTHUB_CLIENT_CONFIRMATION_OK"
11657,10409098724,10409098804,1,"IOTHUB_CLIENT_CONFIRMATION_OK"
11658,10409098924,10409098977,1,"IOTHUB_CLIENT_CONFIRMATION_OK"
11659,10409099125,10409099182,1,"IOTHUB_CLIENT_CONFIRMATION_OK"
11660,10409099325,10409099359,1,"IOTHUB_CLIENT_CONFIRMATION_OK"
11661,10409099525,10409099574,1,"IOTHUB_CLIENT_CONFIRMATION_OK"
11662,10409099725,10409099769,1,"IOTHUB_CLIENT_CONFIRMATION_OK"
11663,10409099925,10409099982,1,"IOTHUB_CLIENT_CONFIRMATION_OK"
11664,10409100125,10409100182,1,"IOTHUB_CLIENT_CONFIRMATION_OK"
11665,10409100326,10409100493,1,"IOTHUB_CLIENT_CONFIRMATION_OK"
11666,10409100526,10409100613,1,"IOTHUB_CLIENT_CONFIRMATION_OK"
11667,10409100726,10409100788,1,"IOTHUB_CLIENT_CONFIRMATION_OK"
11668,10409100926,10409100979,1,"IOTHUB_CLIENT_CONFIRMATION_OK"
11669,10409101126,10409101173,1,"IOTHUB_CLIENT_CONFIRMATION_OK"
11670,10409101326,10409101375,1,"IOTHUB_CLIENT_CONFIRMATION_OK"
11671,10409101526,10409101567,1,"IOTHUB_CLIENT_CONFIRMATION_OK"
11672,10409101727,10409101784,1,"IOTHUB_CLIENT_CONFIRMATION_OK"
11673,10409101927,10409102044,1,"IOTHUB_CLIENT_CONFIRMATION_OK"
11674,10409102127,10409102195,1,"IOTHUB_CLIENT_CONFIRMATION_OK"
11675,10409102327,10409102375,1,"IOTHUB_CLIENT_CONFIRMATION_OK"
11676,10409102527,10409102574,1,"IOTHUB_CLIENT_CONFIRMATION_OK"
11677,10409102727,10409102776,1,"IOTHUB_CLIENT_CONFIRMATION_OK"
11678,10409102928,10409102971,1,"IOTHUB_CLIENT_CONFIRMATION_OK"
11679,10409103128,10409103175,1,"IOTHUB_CLIENT_CONFIRMATION_OK"
11680,10409103328,10409103459,1,"IOTHUB_CLIENT_CONFIRMATION_OK"
11681,10409103528,10409103600,1,"IOTHUB_CLIENT_CONFIRMATION_OK"
11682,10409103728,10409103784,1,"IOTHUB_CLIENT_CONFIRMATION_OK"
11683,10409103928,10409104048,1,"IOTHUB_CLIENT_CONFIRMATION_OK"
11684,10409104128,10409104180,1,"IOTHUB_CLIENT_CONFIRMATION_OK"
11685,10409104329,10409104398,1,"IOTHUB_CLIENT_CONFIRMATION_OK"
11686,10409104529,10409104582,1,"IOTHUB_CLIENT_CONFIRMATION_OK"
11687,10409104729,10409104788,1,"IOTHUB_CLIENT_CONFIRMATION_OK"
11688,10409104929,10409104982,1,"IOTHUB_CLIENT_CONFIRMATION_OK"
11689,10409105129,10409105176,1,"IOTHUB_CLIENT_CONFIRMATION_OK"
11690,10409105329,10409105376,1,"IOTHUB_CLIENT_CONFIRMATION_OK"
11691,10409105530,10409105584,1,"IOTHUB_CLIENT_CONFIRMATION_OK"
11692,10409105730,10409105783,1,"IOTHUB_CLIENT_CONFIRMATION_OK"
11693,10409105930,10409106012,1,"IOTHUB_CLIENT_CONFIRMATION_OK"
11694,10409106130,10409106170,1,"IOTHUB_CLIENT_CONFIRMATION_OK"
11695,10409106330,10409106378,1,"IOTHUB_CLIENT_CONFIRMATION_OK"
11696,10409106530,10409106573,1,"IOTHUB_CLIENT_CONFIRMATION_OK"
11697,10409106731,10409106777,1,"IOTHUB_CLIENT_CONFIRMATION_OK"
11698,10409106931,10409106973,1,"IOTHUB_CLIENT_CONFIRMATION_OK"
11699,10409107131,10409107192,1,"IOTHUB_CLIENT_CONFIRMATION_OK"
11700,10409107331,10409107377,1,"IOTHUB_CLIENT_CONFIRMATION_OK"
11701,10409107531,10409107580,1,"IOTHUB_CLIENT_CONFIRMATION_OK"
11702,10409107731,10409107846,1,"IOTHUB_CLIENT_CONFIRMATION_OK"
11703,10409107931,10409107972,1,"IOTHUB_CLIENT_CONFIRMATION_OK"
11704,10409108132,10409108253,1,"IOTHUB_CLIENT_CONFIRMATION_OK"
11705,10409108332,10409108443,1,"IOTHUB_CLIENT_CONFIRMATION_OK"
11706,10409108532,10409108581,1,"IOTHUB_CLIENT_CONFIRMATION_OK"
11707,10409108732,10409108779,1,"IOTHUB_CLIENT_CONFIRMATION_OK"
11708,10409108932,10409108983,1,"IOTHUB_CLIENT_CONFIRMATION_OK"
11709,10409109132,10409109261,1,"IOTHUB_CLIENT_CONFIRMATION_OK"
11710,10409109333,10409109377,1,"IOTHUB_CLIENT_CONFIRMATION_OK"
11711,10409109533,10409109579,1,"IOTHUB_CLIENT_CONFIRMATION_OK"
11712,10409109733,10409109789,1,"IOTHUB_CLIENT_CONFIRMATION_OK"
11713,10409109933,10409109983,1,"IOTHUB_CLIENT_CONFIRMATION_OK"
11714,10409110133,10409110175,1,"IOTHUB_CLIENT_CONFIRMATION_OK"
11715,10409110333,10409110426,1,"IOTHUB_CLIENT_CONFIRMATION_OK"
11716,10409110533,10409110581,1,"IOTHUB_CLIENT_CONFIRMATION_OK"
11717,10409110734,10409110793,1,"IOTHUB_CLIENT_CONFIRMATION_OK"
11718,10409110934,10409110991,1,"IOTHUB_CLIENT_CONFIRMATION_OK"
11719,10409111134,10409111273,1,"IOTHUB_CLIENT_CONFIRMATION_OK"
11720,10409111334,10409111396,1,"IOTHUB_CLIENT_CONFIRMATION_OK"
11721,10409111534,10409111582,1,"IOTHUB_CLIENT_CONFIRMATION_OK"
11722,10409111734,10409111808,1,"IOTHUB_CLIENT_CONFIRMATION_OK"
11723,10409111935,10409111998,1,"IOTHUB_CLIENT_CONFIRMATION_OK"
11724,10409112135,10409112177,1,"IOTHUB_CLIENT_CONFIRMATION_OK"
11725,10409112335,10409112419,1,"IOTHUB_CLIENT_CONFIRMATION_OK"
11726,10409112535,10409112589,1,"IOTHUB_CLIENT_CONFIRMATION_OK"
11727,10409112735,10409112798,1,"IOTHUB_CLIENT_CONFIRMATION_OK"
11728,10409112935,10409112986,1,"IOTHUB_CLIENT_CONFIRMATION_OK"
11729,10409113135,10409113199,1,"IOTHUB_CLIENT_CONFIRMATION_OK"
11730,10409113336,10409113401,1,"IOTHUB_CLIENT_CONFIRMATION_OK"
11731,10409113536,10409113579,1,"IOTHUB_CLIENT_CONFIRMATION_OK"
11732,10409113736,10409113824,1,"IOTHUB_CLIENT_CONFIRMATION_OK"
11733,10409113936,10409114011,1,"IOTHUB_CLIENT_CONFIRMATION_OK"
11734,10409114136,10409114242,1,"IOTHUB_CLIENT_CONFIRMATION_OK"
11735,10409114336,10409114380,1,"IOTHUB_CLIENT_CONFIRMATION_OK"
11736,10409114537,10409114780,1,"IOTHUB_CLIENT_CONFIRMATION_OK"
11737,10409114737,10409114886,1,"IOTHUB_CLIENT_CONFIRMATION_OK"
11738,10409114937,10409114998,1,"IOTHUB_CLIENT_CONFIRMATION_OK"
11739,10409115137,10409115195,1,"IOTHUB_CLIENT_CONFIRMATION_OK"
11740,10409115337,10409115386,1,"IOTHUB_CLIENT_CONFIRMATION_OK"
11741,10409115537,10409115682,1,"IOTHUB_CLIENT_CONFIRMATION_OK"
11742,10409115737,10409115788,1,"IOTHUB_CLIENT_CONFIRMATION_OK"
11743,10409115938,10409115980,1,"IOTHUB_CLIENT_CONFIRMATION_OK"
11744,10409116138,10409116181,1,"IOTHUB_CLIENT_CONFIRMATION_OK"
11745,10409116338,10409116416,1,"IOTHUB_CLIENT_CONFIRMATION_OK"
11746,10409116538,10409116593,1,"IOTHUB_CLIENT_CONFIRMATION_OK"
11747,10409116738,10409116773,1,"IOTHUB_CLIENT_CONFIRMATION_OK"
11748,10409116938,10409117181,1,"IOTHUB_CLIENT_CONFIRMATION_OK"
11749,10409117138,10409117250,1,"IOTHUB_CLIENT_CONFIRMATION_OK"
11750,10409117339,10409117388,1,"IOTHUB_CLIENT_CONFIRMATION_OK"
11751,10409117539,10409117597,1,"IOTHUB_CLIENT_CONFIRMATION_OK"
11752,10409117739,10409117785,1,"IOTHUB_CLIENT_CONFIRMATION_OK"
11753,10409117939,10409117998,1,"IOTHUB_CLIENT_CONFIRMATION_OK"
11754,10409118139,10409118185,1,"IOTHUB_CLIENT_CONFIRMATION_OK"
11755,10409118339,10409118573,1,"IOTHUB_CLIENT_CONFIRMATION_OK"
11756,10409118540,10409118630,1,"IOTHUB_CLIENT_CONFIRMATION_OK"
11757,10409118740,10409118812,1,"IOTHUB_CLIENT_CONFIRMATION_OK"
11758,10409118940,10409118995,1,"IOTHUB_CLIENT_CONFIRMATION_OK"
11759,10409119140,10409119238,1,"IOTHUB_CLIENT_CONFIRMATION_OK"
11760,10409119340,10409119390,1,"IOTHUB_CLIENT_CONFIRMATION_OK"
11761,10409119540,10409119581,1,"IOTHUB_CLIENT_CONFIRMATION_OK"
11762,10409119741,10409119796,1,"IOTHUB_CLIENT_CONFIRMATION_OK"
11763,10409119941,10409119983,1,"IOTHUB_CLIENT_CONFIRMATION_OK"
11764,10409120141,10409120187,1,"IOTHUB_CLIENT_CONFIRMATION_OK"
11765,10409120341,10409120388,1,"IOTHUB_CLIENT_CONFIRMATION_OK"
11766,10409120541,10409120639,1,"IOTHUB_CLIENT_CONFIRMATION_OK"
11767,10409120741,10409120793,1,"IOTHUB_CLIENT_CONFIRMATION_OK"
11768,10409120941,10409120992,1,"IOTHUB_CLIENT_CONFIRMATION_OK"
11769,10409121142,10409121185,1,"IOTHUB_CLIENT_CONFIRMATION_OK"
11770,10409121342,10409121400,1,"IOTHUB_CLIENT_CONFIRMATION_OK"
11771,10409121542,10409121607,1,"IOTHUB_CLIENT_CONFIRMATION_OK"
11772,10409121742,10409121787,1,"IOTHUB_CLIENT_CONFIRMATION_OK"
11773,10409121942,10409121990,1,"IOTHUB_CLIENT_CONFIRMATION_OK"
11774,10409122142,10409122185,1,"IOTHUB_CLIENT_CONFIRMATION_OK"
11775,10409122343,10409122444,1,"IOTHUB_CLIENT_CONFIRMATION_OK"
11776,10409122543,10409122611,1,"IOTHUB_CLIENT_CONFIRMATION_OK"
11777,10409122743,10409122807,1,"IOTHUB_CLIENT_CONFIRMATION_OK"
11778,10409122943,10409123004,1,"IOTHUB_CLIENT_CONFIRMATION_OK"
11779,10409123143,10409123195,1,"IOTHUB_CLIENT_CONFIRMATION_OK"
11780,10409123343,10409123472,1,"IOTHUB_CLIENT_CONFIRMATION_OK"
11781,10409123544,10409123592,1,"IOTHUB_CLIENT_CONFIRMATION_OK"
11782,10409123744,10409123785,1,"IOTHUB_CLIENT_CONFIRMATION_OK"
11783,10409123944,10409123986,1,"IOTHUB_CLIENT_CONFIRMATION_OK"
11784,10409124144,10409124187,1,"IOTHUB_CLIENT_CONFIRMATION_OK"
11785,10409124344,10409124385,1,"IOTHUB_CLIENT_CONFIRMATION_OK"
11786,10409124544,10409124592,1,"IOTHUB_CLIENT_CONFIRMATION_OK"
11787,10409124744,10409124791,1,"IOTHUB_CLIENT_CONFIRMATION_OK"
11788,10409124945,10409125023,1,"IOTHUB_CLIENT_CONFIRMATION_OK"
11789,10409125145,10409125191,1,"IOTHUB_CLIENT_CONFIRMATION_OK"
11790,10409125345,10409125393,1,"IOTHUB_CLIENT_CONFIRMATION_OK"
11791,10409125545,10409125604,1,"IOTHUB_CLIENT_CONFIRMATION_OK"
11792,10409125745,10409125788,1,"IOTHUB_CLIENT_CONFIRMATION_OK"
11793,10409125945,10409125986,1,"IOTHUB_CLIENT_CONFIRMATION_OK"
11794,10409126146,10409126195,1,"IOTHUB_CLIENT_CONFIRMATION_OK"
11795,10409126346,10409126391,1,"IOTHUB_CLIENT_CONFIRMATION_OK"
11796,10409126546,10409126586,1,"IOTHUB_CLIENT_CONFIRMATION_OK"
11797,10409126746,10409126787,1,"IOTHUB_CLIENT_CONFIRMATION_OK"
11798,10409126946,10409126998,1,"IOTHUB_CLIENT_CONFIRMATION_OK"
11799,10409127146,10409127203,1,"IOTHUB_CLIENT_CONFIRMATION_OK"
11800,10409127347,10409127394,1,"IOTHUB_CLIENT_CONFIRMATION_OK"
11801,10409127547,10409127595,1,"IOTHUB_CLIENT_CONFIRMATION_OK"
11802,10409127747,10409127833,1,"IOTHUB_CLIENT_CONFIRMATION_OK"
11803,10409127947,10409128000,1,"IOTHUB_CLIENT_CONFIRMATION_OK"
11804,10409128147,10409128197,1,"IOTHUB_CLIENT_CONFIRMATION_OK"
11805,10409128347,10409128505,1,"IOTHUB_CLIENT_CONFIRMATION_OK"
11806,10409128547,10409128594,1,"IOTHUB_CLIENT_CONFIRMATION_OK"
11807,10409128748,10409128792,1,"IOTHUB_CLIENT_CONFIRMATION_OK"
11808,10409128948,10409128998,1,"IOTHUB_CLIENT_CONFIRMATION_OK"
11809,10409129148,10409129228,1,"IOTHUB_CLIENT_CONFIRMATION_OK"
11810,10409129348,10409129408,1,"IOTHUB_CLIENT_CONFIRMATION_OK"
11811,10409129548,10409129595,1,"IOTHUB_CLIENT_CONFIRMATION_OK"
11812,10409129748,10409129802,1,"IOTHUB_CLIENT_CONFIRMATION_OK"
11813,10409129949,10409129998,1,"IOTHUB_CLIENT_CONFIRMATION_OK"
11814,10409130149,10409130207,1,"IOTHUB_CLIENT_CONFIRMATION_OK"
11815,10409130349,10409130394,1,"IOTHUB_CLIENT_CONFIRMATION_OK"
11816,10409130549,10409130647,1,"IOTHUB_CLIENT_CONFIRMATION_OK"
11817,10409130749,10409130801,1,"IOTHUB_CLIENT_CONFIRMATION_OK"
11818,10409130949,10409130998,1,"IOTHUB_CLIENT_CONFIRMATION_OK"
11819,10409131149,10409131194,1,"IOTHUB_CLIENT_CONFIRMATION_OK"
11820,10409131350,10409131395,1,"IOTHUB_CLIENT_CONFIRMATION_OK"
11821,10409131550,10409131592,1,"IOTHUB_CLIENT_CONFIRMATION_OK"
11822,10409131750,10409131843,1,"IOTHUB_CLIENT_CONFIRMATION_OK"
11823,10409131950,10409132075,1,"IOTHUB_CLIENT_CONFIRMATION_OK"
11824,10409132150,10409132194,1,"IOTHUB_CLIENT_CONFIRMATION_OK"
11825,10409132350,10409132392,1,"IOTHUB_CLIENT_CONFIRMATION_OK"
11826,10409132550,10409132590,1,"IOTHUB_CLIENT_CONFIRMATION_OK"
11827,10409132751,10409132805,1,"IOTHUB_CLIENT_CONFIRMATION_OK"
11828,10409132951,10409132991,1,"IOTHUB_CLIENT_CONFIRMATION_OK"
11829,10409133151,10409133193,1,"IOTHUB_CLIENT_CONFIRMATION_OK"
11830,10409133351,10409133501,1,"IOTHUB_CLIENT_CONFIRMATION_OK"
11831,10409133551,10409133609,1,"IOTHUB_CLIENT_CONFIRMATION_OK"
11832,10409133751,10409133796,1,"IOTHUB_CLIENT_CONFIRMATION_OK"
11833,10409133952,10409134005,1,"IOTHUB_CLIENT_CONFIRMATION_OK"
11834,10409134152,10409134199,1,"IOTHUB_CLIENT_CONFIRMATION_OK"
11835,10409134352,10409134415,1,"IOTHUB_CLIENT_CONFIRMATION_OK"
11836,10409134552,10409134710,1,"IOTHUB_CLIENT_CONFIRMATION_OK"
11837,10409134752,10409134811,1,"IOTHUB_CLIENT_CONFIRMATION_OK"
11838,10409134952,10409134999,1,"IOTHUB_CLIENT_CONFIRMATION_OK"
11839,10409135153,10409135204,1,"IOTHUB_CLIENT_CONFIRMATION_OK"
11840,10409135353,10409135403,1,"IOTHUB_CLIENT_CONFIRMATION_OK"
11841,10409135553,10409135618,1,"IOTHUB_CLIENT_CONFIRMATION_OK"
11842,10409135753,10409135796,1,"IOTHUB_CLIENT_CONFIRMATION_OK"
11843,10409135953,10409135998,1,"IOTHUB_CLIENT_CONFIRMATION_OK"
11844,10409136153,10409136201,1,"IOTHUB_CLIENT_CONFIRMATION_OK"
11845,10409136354,10409136401,1,"IOTHUB_CLIENT_CONFIRMATION_OK"
11846,10409136554,10409136608,1,"IOTHUB_CLIENT_CONFIRMATION_OK"
11847,10409136754,10409136829,1,"IOTHUB_CLIENT_CONFIRMATION_OK"
11848,10409136954,10409137014,1,"IOTHUB_CLIENT_CONFIRMATION_OK"
11849,10409137154,10409137196,1,"IOTHUB_CLIENT_CONFIRMATION_OK"
11850,10409137354,10409137412,1,"IOTHUB_CLIENT_CONFIRMATION_OK"
11851,10409137554,10409137616,1,"IOTHUB_CLIENT_CONFIRMATION_OK"
11852,10409137755,10409137822,1,"IOTHUB_CLIENT_CONFIRMATION_OK"
11853,10409137955,10409138009,1,"IOTHUB_CLIENT_CONFIRMATION_OK"
11854,10409138155,10409138194,1,"IOTHUB_CLIENT_CONFIRMATION_OK"
11855,10409138355,10409138473,1,"IOTHUB_CLIENT_CONFIRMATION_OK"
11856,10409138555,10409138604,1,"IOTHUB_CLIENT_CONFIRMATION_OK"
11857,10409138755,10409138828,1,"IOTHUB_CLIENT_CONFIRMATION_OK"
11858,10409138956,10409138994,1,"IOTHUB_CLIENT_CONFIRMATION_OK"
11859,10409139156,10409139277,1,"IOTHUB_CLIENT_CONFIRMATION_OK"
11860,10409139356,10409139400,1,"IOTHUB_CLIENT_CONFIRMATION_OK"
11861,10409139556,10409139616,1,"IOTHUB_CLIENT_CONFIRMATION_OK"
11862,10409139756,10409139801,1,"IOTHUB_CLIENT_CONFIRMATION_OK"
11863,10409139956,10409140003,1,"IOTHUB_CLIENT_CONFIRMATION_OK"
11864,10409140157,10409140275,1,"IOTHUB_CLIENT_CONFIRMATION_OK"
11865,10409140357,10409140425,1,"IOTHUB_CLIENT_CONFIRMATION_OK"
11866,10409140557,10409140704,1,"IOTHUB_CLIENT_CONFIRMATION_OK"
11867,10409140757,10409140821,1,"IOTHUB_CLIENT_CONFIRMATION_OK"
11868,10409140957,10409141003,1,"IOTHUB_CLIENT_CONFIRMATION_OK"
11869,10409141157,10409141196,1,"IOTHUB_CLIENT_CONFIRMATION_OK"
11870,10409141358,10409141405,1,"IOTHUB_CLIENT_CONFIRMATION_OK"
11871,10409141558,10409141635,1,"IOTHUB_CLIENT_CONFIRMATION_OK"
11872,10409141758,10409141797,1,"IOTHUB_CLIENT_CONFIRMATION_OK"
11873,10409141958,10409142145,1,"IOTHUB_CLIENT_CONFIRMATION_OK"
11874,10409142158,10409142223,1,"IOTHUB_CLIENT_CONFIRMATION_OK"
11875,10409142358,10409142402,1,"IOTHUB_CLIENT_CONFIRMATION_OK"
11876,10409142558,10409142617,1,"IOTHUB_CLIENT_CONFIRMATION_OK"
11877,10409142759,10409142798,1,"IOTHUB_CLIENT_CONFIRMATION_OK"
11878,10409142959,10409142994,1,"IOTHUB_CLIENT_CONFIRMATION_OK"
11879,10409143159,10409143204,1,"IOTHUB_CLIENT_CONFIRMATION_OK"
11880,10409143359,10409143420,1,"IOTHUB_CLIENT_CONFIRMATION_OK"
11881,10409143559,10409143609,1,"IOTHUB_CLIENT_CONFIRMATION_OK"
11882,10409143759,10409143812,1,"IOTHUB_CLIENT_CONFIRMATION_OK"
11883,10409143960,10409144005,1,"IOTHUB_CLIENT_CONFIRMATION_OK"
11884,10409144160,10409144230,1,"IOTHUB_CLIENT_CONFIRMATION_OK"
11885,10409144360,10409144401,1,"IOTHUB_CLIENT_CONFIRMATION_OK"
11886,10409144560,10409144609,1,"IOTHUB_CLIENT_CONFIRMATION_OK"
11887,10409144760,10409144818,1,"IOTHUB_CLIENT_CONFIRMATION_OK"
11888,10409144960,10409145068,1,"IOTHUB_CLIENT_CONFIRMATION_OK"
11889,10409145160,10409145234,1,"IOTHUB_CLIENT_CONFIRMATION_OK"
11890,10409145361,10409145402,1,"IOTHUB_CLIENT_CONFIRMATION_OK"
11891,10409145561,10409145650,1,"IOTHUB_CLIENT_CONFIRMATION_OK"
11892,10409145761,10409145833,1,"IOTHUB_CLIENT_CONFIRMATION_OK"
11893,10409145961,10409145999,1,"IOTHUB_CLIENT_CONFIRMATION_OK"
11894,10409146161,10409146225,1,"IOTHUB_CLIENT_CONFIRMATION_OK"
11895,10409146361,10409146451,1,"IOTHUB_CLIENT_CONFIRMATION_OK"
11896,10409146562,10409146602,1,"IOTHUB_CLIENT_CONFIRMATION_OK"
11897,10409146762,10409146826,1,"IOTHUB_CLIENT_CONFIRMATION_OK"
11898,10409146962,10409147127,1,"IOTHUB_CLIENT_CONFIRMATION_OK"
11899,10409147162,10409147311,1,"IOTHUB_CLIENT_CONFIRMATION_OK"
11900,10409147362,10409147486,1,"IOTHUB_CLIENT_CONFIRMATION_OK"
11901,10409147562,10409147610,1,"IOTHUB_CLIENT_CONFIRMATION_OK"
11902,10409147763,10409147824,1,"IOTHUB_CLIENT_CONFIRMATION_OK"
11903,10409147963,10409148026,1,"IOTHUB_CLIENT_CONFIRMATION_OK"
11904,10409148163,10409148212,1,"IOTHUB_CLIENT_CONFIRMATION_OK"
11905,10409148363,10409148554,1,"IOTHUB_CLIENT_CONFIRMATION_OK"
11906,10409148563,10409148603,1,"IOTHUB_CLIENT_CONFIRMATION_OK"
11907,10409148763,10409148804,1,"IOTHUB_CLIENT_CONFIRMATION_OK"
11908,10409148963,10409149010,1,"IOTHUB_CLIENT_CONFIRMATION_OK"
11909,10409149164,10409149211,1,"IOTHUB_CLIENT_CONFIRMATION_OK"
11910,10409149364,10409149434,1,"IOTHUB_CLIENT_CONFIRMATION_OK"
11911,10409149564,10409149673,1,"IOTHUB_CLIENT_CONFIRMATION_OK"
11912,10409149764,10409149848,1,"IOTHUB_CLIENT_CONFIRMATION_OK"
11913,10409149964,10409150014,1,"IOTHUB_CLIENT_CONFIRMATION_OK"
11914,10409150164,10409150205,1,"IOTHUB_CLIENT_CONFIRMATION_OK"
11915,10409150365,10409150414,1,"IOTHUB_CLIENT_CONFIRMATION_OK"
11916,10409150565,10409150659,1,"IOTHUB_CLIENT_CONFIRMATION_OK"
11917,10409150765,10409150807,1,"IOTHUB_CLIENT_CONFIRMATION_OK"
11918,10409150965,10409151010,1,"IOTHUB_CLIENT_CONFIRMATION_OK"
11919,10409151165,10409151212,1,"IOTHUB_CLIENT_CONFIRMATION_OK"
11920,10409151365,10409151428,1,"IOTHUB_CLIENT_CONFIRMATION_OK"
11921,10409151565,10409151610,1,"IOTHUB_CLIENT_CONFIRMATION_OK"
11922,10409151766,10409151815,1,"IOTHUB_CLIENT_CONFIRMATION_OK"
11923,10409151966,10409152048,1,"IOTHUB_CLIENT_CONFIRMATION_OK"
11924,10409152166,10409152206,1,"IOTHUB_CLIENT_CONFIRMATION_OK"
11925,10409152366,10409152415,1,"IOTHUB_CLIENT_CONFIRMATION_OK"
11926,10409152566,10409152629,1,"IOTHUB_CLIENT_CONFIRMATION_OK"
11927,10409152766,10409152889,1,"IOTHUB_CLIENT_CONFIRMATION_OK"
11928,10409152967,10409153122,1,"IOTHUB_CLIENT_CONFIRMATION_OK"
11929,10409153167,10409153224,1,"IOTHUB_CLIENT_CONFIRMATION_OK"
11930,10409153367,10409153634,1,"IOTHUB_CLIENT_CONFIRMATION_OK"
11931,10409153567,10409153657,1,"IOTHUB_CLIENT_CONFIRMATION_OK"
11932,10409153767,10409153812,1,"IOTHUB_CLIENT_CONFIRMATION_OK"
11933,10409153967,10409154054,1,"IOTHUB_CLIENT_CONFIRMATION_OK"
11934,10409154167,10409154267,1,"IOTHUB_CLIENT_CONFIRMATION_OK"
11935,10409154368,10409154410,1,"IOTHUB_CLIENT_CONFIRMATION_OK"
11936,10409154568,10409154621,1,"IOTHUB_CLIENT_CONFIRMATION_OK"
11937,10409154768,10409154827,1,"IOTHUB_CLIENT_CONFIRMATION_OK"
11938,10409154968,10409155017,1,"IOTHUB_CLIENT_CONFIRMATION_OK"
11939,10409155168,10409155210,1,"IOTHUB_CLIENT_CONFIRMATION_OK"
11940,10409155368,10409155407,1,"IOTHUB_CLIENT_CONFIRMATION_OK"
11941,10409155569,10409155683,1,"IOTHUB_CLIENT_CONFIRMATION_OK"
11942,10409155769,10409155814,1,"IOTHUB_CLIENT_CONFIRMATION_OK"
11943,10409155969,10409156036,1,"IOTHUB_CLIENT_CONFIRMATION_OK"
11944,10409156169,10409156268,1,"IOTHUB_CLIENT_CONFIRMATION_OK"
11945,10409156369,10409156413,1,"IOTHUB_CLIENT_CONFIRMATION_OK"
11946,10409156569,10409156620,1,"IOTHUB_CLIENT_CONFIRMATION_OK"
11947,10409156769,10409156818,1,"IOTHUB_CLIENT_CONFIRMATION_OK"
11948,10409156970,10409157016,1,"IOTHUB_CLIENT_CONFIRMATION_OK"
11949,10409157170,10409157218,1,"IOTHUB_CLIENT_CONFIRMATION_OK"
11950,10409157370,10409157418,1,"IOTHUB_CLIENT_CONFIRMATION_OK"
11951,10409157570,10409157618,1,"IOTHUB_CLIENT_CONFIRMATION_OK"
11952,10409157770,10409157823,1,"IOTHUB_CLIENT_CONFIRMATION_OK"
11953,10409157970,10409158024,1,"IOTHUB_CLIENT_CONFIRMATION_OK"
11954,10409158171,10409158221,1,"IOTHUB_CLIENT_CONFIRMATION_OK"
11955,10409158371,10409158439,1,"IOTHUB_CLIENT_CONFIRMATION_OK"
11956,10409158571,10409158617,1,"IOTHUB_CLIENT_CONFIRMATION_OK"
11957,10409158771,10409158813,1,"IOTHUB_CLIENT_CONFIRMATION_OK"
11958,10409158971,10409159016,1,"IOTHUB_CLIENT_CONFIRMATION_OK"
11959,10409159171,10409159268,1,"IOTHUB_CLIENT_CONFIRMATION_OK"
11960,10409159372,10409159448,1,"IOTHUB_CLIENT_CONFIRMATION_OK"
11961,10409159572,10409159618,1,"IOTHUB_CLIENT_CONFIRMATION_OK"
11962,10409159772,10409159826,1,"IOTHUB_CLIENT_CONFIRMATION_OK"
11963,10409159972,10409160026,1,"IOTHUB_CLIENT_CONFIRMATION_OK"
11964,10409160172,10409160211,1,"IOTHUB_CLIENT_CONFIRMATION_OK"
11965,10409160372,10409160430,1,"IOTHUB_CLIENT_CONFIRMATION_OK"
11966,10409160573,10409160737,1,"IOTHUB_CLIENT_CONFIRMATION_OK"
11967,10409160773,10409160821,1,"IOTHUB_CLIENT_CONFIRMATION_OK"
11968,10409160973,10409161017,1,"IOTHUB_CLIENT_CONFIRMATION_OK"
11969,10409161173,10409161215,1,"IOTHUB_CLIENT_CONFIRMATION_OK"
11970,10409161373,10409161417,1,"IOTHUB_CLIENT_CONFIRMATION_OK"
11971,10409161573,10409161616,1,"IOTHUB_CLIENT_CONFIRMATION_OK"
11972,10409161773,10409161840,1,"IOTHUB_CLIENT_CONFIRMATION_OK"
11973,10409161974,10409162132,1,"IOTHUB_CLIENT_CONFIRMATION_OK"
11974,10409162174,10409162213,1,"IOTHUB_CLIENT_CONFIRMATION_OK"
11975,10409162374,10409162438,1,"IOTHUB_CLIENT_CONFIRMATION_OK"
11976,10409162574,10409162639,1,"IOTHUB_CLIENT_CONFIRMATION_OK"
11977,10409162774,10409162876,1,"IOTHUB_CLIENT_CONFIRMATION_OK"
11978,10409162974,10409163017,1,"IOTHUB_CLIENT_CONFIRMATION_OK"
11979,10409163175,10409163240,1,"IOTHUB_CLIENT_CONFIRMATION_OK"
11980,10409163375,10409163574,1,"IOTHUB_CLIENT_CONFIRMATION_OK"
11981,10409163575,10409163629,1,"IOTHUB_CLIENT_CONFIRMATION_OK"
11982,10409163775,10409163813,1,"IOTHUB_CLIENT_CONFIRMATION_OK"
11983,10409163975,10409164015,1,"IOTHUB_CLIENT_CONFIRMATION_OK"
11984,10409164175,10409164234,1,"IOTHUB_CLIENT_CONFIRMATION_OK"
11985,10409164376,10409164429,1,"IOTHUB_CLIENT_CONFIRMATION_OK"
11986,10409164576,10409164633,1,"IOTHUB_CLIENT_CONFIRMATION_OK"
11987,10409164776,10409164831,1,"IOTHUB_CLIENT_CONFIRMATION_OK"
11988,10409164976,10409165026,1,"IOTHUB_CLIENT_CONFIRMATION_OK"
11989,10409165176,10409165224,1,"IOTHUB_CLIENT_CONFIRMATION_OK"
11990,10409165376,10409165441,1,"IOTHUB_CLIENT_CONFIRMATION_OK"
11991,10409165576,10409165659,1,"IOTHUB_CLIENT_CONFIRMATION_OK"
11992,10409165777,10409165840,1,"IOTHUB_CLIENT_CONFIRMATION_OK"
11993,10409165977,10409166032,1,"IOTHUB_CLIENT_CONFIRMATION_OK"
11994,10409166177,10409166237,1,"IOTHUB_CLIENT_CONFIRMATION_OK"
11995,10409166377,10409166430,1,"IOTHUB_CLIENT_CONFIRMATION_OK"
11996,10409166577,10409166621,1,"IOTHUB_CLIENT_CONFIRMATION_OK"
11997,10409166777,10409166822,1,"IOTHUB_CLIENT_CONFIRMATION_OK"
11998,10409166978,10409167107,1,"IOTHUB_CLIENT_CONFIRMATION_OK"
11999,10409167178,10409167217,1,"IOTHUB_CLIENT_CONFIRMATION_OK"
12000,10409167378,10409167423,1,"IOTHUB_CLIENT_CONFIRMATION_OK"
12001,10409167578,10409167624,1,"IOTHUB_CLIENT_CONFIRMATION_OK"
12002,10409167778,10409167818,1,"IOTHUB_CLIENT_CONFIRMATION_OK"
12003,10409167978,10409168032,1,"IOTHUB_CLIENT_CONFIRMATION_OK"
12004,10409168179,10409168300,1,"IOTHUB_CLIENT_CONFIRMATION_OK"
12005,10409168379,10409168551,1,"IOTHUB_CLIENT_CONFIRMATION_OK"
12006,10409168579,10409168648,1,"IOTHUB_CLIENT_CONFIRMATION_OK"
12007,10409168779,10409168829,1,"IOTHUB_CLIENT_CONFIRMATION_OK"
12008,10409168979,10409169026,1,"IOTHUB_CLIENT_CONFIRMATION_OK"
12009,10409169179,10409169270,1,"IOTHUB_CLIENT_CONFIRMATION_OK"
12010,10409169379,10409169439,1,"IOTHUB_CLIENT_CONFIRMATION_OK"
12011,10409169580,10409169625,1,"IOTHUB_CLIENT_CONFIRMATION_OK"
12012,10409169780,10409169828,1,"IOTHUB_CLIENT_CONFIRMATION_OK"
12013,10409169980,10409170030,1,"IOTHUB_CLIENT_CONFIRMATION_OK"
12014,10409170180,10409170614,1,"IOTHUB_CLIENT_CONFIRMATION_OK"
12015,10409170380,10409170816,1,"IOTHUB_CLIENT_CONFIRMATION_OK"
12016,10409170580,10409170958,1,"IOTHUB_CLIENT_CONFIRMATION_OK"
12017,10409170780,10409170994,1,"IOTHUB_CLIENT_CONFIRMATION_OK"
12018,10409170981,10409171023,1,"IOTHUB_CLIENT_CONFIRMATION_OK"
12019,10409171181,10409171226,1,"IOTHUB_CLIENT_CONFIRMATION_OK"
12020,10409171381,10409171441,1,"IOTHUB_CLIENT_CONFIRMATION_OK"
12021,10409171581,10409171660,1,"IOTHUB_CLIENT_CONFIRMATION_OK"
12022,10409171781,10409171821,1,"IOTHUB_CLIENT_CONFIRMATION_OK"
12023,10409171981,10409172029,1,"IOTHUB_CLIENT_CONFIRMATION_OK"
12024,10409172182,10409172230,1,"IOTHUB_CLIENT_CONFIRMATION_OK"
12025,10409172382,10409172423,1,"IOTHUB_CLIENT_CONFIRMATION_OK"
12026,10409172582,10409172630,1,"IOTHUB_CLIENT_CONFIRMATION_OK"
12027,10409172782,10409172842,1,"IOTHUB_CLIENT_CONFIRMATION_OK"
12028,10409172982,10409173045,1,"IOTHUB_CLIENT_CONFIRMATION_OK"
12029,10409173182,10409173249,1,"IOTHUB_CLIENT_CONFIRMATION_OK"
12030,10409173382,10409173449,1,"IOTHUB_CLIENT_CONFIRMATION_OK"
12031,10409173583,10409173623,1,"IOTHUB_CLIENT_CONFIRMATION_OK"
12032,10409173783,10409173822,1,"IOTHUB_CLIENT_CONFIRMATION_OK"
12033,10409173983,10409174037,1,"IOTHUB_CLIENT_CONFIRMATION_OK"
12034,10409174183,10409174305,1,"IOTHUB_CLIENT_CONFIRMATION_OK"
12035,10409174383,10409174427,1,"IOTHUB_CLIENT_CONFIRMATION_OK"
12036,10409174583,10409174636,1,"IOTHUB_CLIENT_CONFIRMATION_OK"
12037,10409174784,10409174841,1,"IOTHUB_CLIENT_CONFIRMATION_OK"
12038,10409174984,10409175029,1,"IOTHUB_CLIENT_CONFIRMATION_OK"
12039,10409175184,10409175259,1,"IOTHUB_CLIENT_CONFIRMATION_OK"
12040,10409175384,10409175432,1,"IOTHUB_CLIENT_CONFIRMATION_OK"
12041,10409175584,10409175707,1,"IOTHUB_CLIENT_CONFIRMATION_OK"
12042,10409175784,10409175830,1,"IOTHUB_CLIENT_CONFIRMATION_OK"
12043,10409175985,10409176029,1,"IOTHUB_CLIENT_CONFIRMATION_OK"
12044,10409176185,10409176280,1,"IOTHUB_CLIENT_CONFIRMATION_OK"
12045,10409176385,10409176492,1,"IOTHUB_CLIENT_CONFIRMATION_OK"
12046,10409176585,10409176627,1,"IOTHUB_CLIENT_CONFIRMATION_OK"
12047,10409176785,10409176837,1,"IOTHUB_CLIENT_CONFIRMATION_OK"
12048,10409176985,10409177112,1,"IOTHUB_CLIENT_CONFIRMATION_OK"
12049,10409177185,10409177228,1,"IOTHUB_CLIENT_CONFIRMATION_OK"
12050,10409177386,10409177451,1,"IOTHUB_CLIENT_CONFIRMATION_OK"
12051,10409177586,10409177632,1,"IOTHUB_CLIENT_CONFIRMATION_OK"
12052,10409177786,10409177835,1,"IOTHUB_CLIENT_CONFIRMATION_OK"
12053,10409177986,10409178029,1,"IOTHUB_CLIENT_CONFIRMATION_OK"
12054,10409178186,10409178250,1,"IOTHUB_CLIENT_CONFIRMATION_OK"
12055,10409178386,10409178599,1,"IOTHUB_CLIENT_CONFIRMATION_OK"
12056,10409178587,10409178632,1,"IOTHUB_CLIENT_CONFIRMATION_OK"
12057,10409178787,10409178837,1,"IOTHUB_CLIENT_CONFIRMATION_OK"
12058,10409178987,10409179033,1,"IOTHUB_CLIENT_CONFIRMATION_OK"
12059,10409179187,10409179234,1,"IOTHUB_CLIENT_CONFIRMATION_OK"
12060,10409179387,10409179440,1,"IOTHUB_CLIENT_CONFIRMATION_OK"
12061,10409179587,10409179642,1,"IOTHUB_CLIENT_CONFIRMATION_OK"
12062,10409179788,10409179838,1,"IOTHUB_CLIENT_CONFIRMATION_OK"
12063,10409179988,10409180025,1,"IOTHUB_CLIENT_CONFIRMATION_OK"
12064,10409180188,10409180250,1,"IOTHUB_CLIENT_CONFIRMATION_OK"
12065,10409180388,10409180433,1,"IOTHUB_CLIENT_CONFIRMATION_OK"
12066,10409180588,10409180632,1,"IOTHUB_CLIENT_CONFIRMATION_OK"
12067,10409180788,10409180837,1,"IOTHUB_CLIENT_CONFIRMATION_OK"
12068,10409180989,10409181029,1,"IOTHUB_CLIENT_CONFIRMATION_OK"
12069,10409181189,10409181235,1,"IOTHUB_CLIENT_CONFIRMATION_OK"
12070,10409181389,10409181452,1,"IOTHUB_CLIENT_CONFIRMATION_OK"
12071,10409181589,10409181656,1,"IOTHUB_CLIENT_CONFIRMATION_OK"
12072,10409181789,10409181848,1,"IOTHUB_CLIENT_CONFIRMATION_OK"
12073,10409181989,10409182066,1,"IOTHUB_CLIENT_CONFIRMATION_OK"
12074,10409182189,10409182230,1,"IOTHUB_CLIENT_CONFIRMATION_OK"
12075,10409182390,10409182422,1,"IOTHUB_CLIENT_CONFIRMATION_OK"
12076,10409182590,10409182657,1,"IOTHUB_CLIENT_CONFIRMATION_OK"
12077,10409182790,10409182856,1,"IOTHUB_CLIENT_CONFIRMATION_OK"
12078,10409182990,10409183035,1,"IOTHUB_CLIENT_CONFIRMATION_OK"
12079,10409183190,10409183299,1,"IOTHUB_CLIENT_CONFIRMATION_OK"
12080,10409183390,10409183485,1,"IOTHUB_CLIENT_CONFIRMATION_OK"
12081,10409183590,10409183634,1,"IOTHUB_CLIENT_CONFIRMATION_OK"
12082,10409183791,10409183839,1,"IOTHUB_CLIENT_CONFIRMATION_OK"
12083,10409183991,10409184038,1,"IOTHUB_CLIENT_CONFIRMATION_OK"
12084,10409184191,10409184362,1,"IOTHUB_CLIENT_CONFIRMATION_OK"
12085,10409184391,10409184431,1,"IOTHUB_CLIENT_CONFIRMATION_OK"
12086,10409184591,10409184641,1,"IOTHUB_CLIENT_CONFIRMATION_OK"
12087,10409184791,10409184857,1,"IOTHUB_CLIENT_CONFIRMATION_OK"
12088,10409184992,10409185052,1,"IOTHUB_CLIENT_CONFIRMATION_OK"
12089,10409185192,10409185230,1,"IOTHUB_CLIENT_CONFIRMATION_OK"
12090,10409185392,10409185437,1,"IOTHUB_CLIENT_CONFIRMATION_OK"
12091,10409185592,10409185781,1,"IOTHUB_CLIENT_CONFIRMATION_OK"
12092,10409185792,10409185882,1,"IOTHUB_CLIENT_CONFIRMATION_OK"
12093,10409185992,10409186041,1,"IOTHUB_CLIENT_CONFIRMATION_OK"
12094,10409186193,10409186252,1,"IOTHUB_CLIENT_CONFIRMATION_OK"
12095,10409186393,10409186443,1,"IOTHUB_CLIENT_CONFIRMATION_OK"
12096,10409186593,10409186648,1,"IOTHUB_CLIENT_CONFIRMATION_OK"
12097,10409186793,10409186844,1,"IOTHUB_CLIENT_CONFIRMATION_OK"
12098,10409186993,10409187167,1,"IOTHUB_CLIENT_CONFIRMATION_OK"
12099,10409187193,10409187237,1,"IOTHUB_CLIENT_CONFIRMATION_OK"
12100,10409187393,10409187432,1,"IOTHUB_CLIENT_CONFIRMATION_OK"
12101,10409187594,10409187648,1,"IOTHUB_CLIENT_CONFIRMATION_OK"
12102,10409187794,10409187878,1,"IOTHUB_CLIENT_CONFIRMATION_OK"
12103,10409187994,10409188034,1,"IOTHUB_CLIENT_CONFIRMATION_OK"
12104,10409188194,10409188240,1,"IOTHUB_CLIENT_CONFIRMATION_OK"
12105,10409188394,10409188483,1,"IOTHUB_CLIENT_CONFIRMATION_OK"
12106,10409188594,10409188637,1,"IOTHUB_CLIENT_CONFIRMATION_OK"
12107,10409188794,10409188850,1,"IOTHUB_CLIENT_CONFIRMATION_OK"
12108,10409188995,10409189070,1,"IOTHUB_CLIENT_CONFIRMATION_OK"
12109,10409189195,10409189288,1,"IOTHUB_CLIENT_CONFIRMATION_OK"
12110,10409189395,10409189436,1,"IOTHUB_CLIENT_CONFIRMATION_OK"
12111,10409189595,10409189636,1,"IOTHUB_CLIENT_CONFIRMATION_OK"
12112,10409189795,10409189837,1,"IOTHUB_CLIENT_CONFIRMATION_OK"
12113,10409189995,10409190066,1,"IOTHUB_CLIENT_CONFIRMATION_OK"
12114,10409190196,10409190235,1,"IOTHUB_CLIENT_CONFIRMATION_OK"
12115,10409190396,10409190470,1,"IOTHUB_CLIENT_CONFIRMATION_OK"
12116,10409190596,10409190707,1,"IOTHUB_CLIENT_CONFIRMATION_OK"
12117,10409190796,10409190849,1,"IOTHUB_CLIENT_CONFIRMATION_OK"
12118,10409190996,10409191060,1,"IOTHUB_CLIENT_CONFIRMATION_OK"
12119,10409191196,10409191262,1,"IOTHUB_CLIENT_CONFIRMATION_OK"
12120,10409191396,10409191438,1,"IOTHUB_CLIENT_CONFIRMATION_OK"
12121,10409191597,10409191648,1,"IOTHUB_CLIENT_CONFIRMATION_OK"
12122,10409191797,10409191862,1,"IOTHUB_CLIENT_CONFIRMATION_OK"
12123,10409191997,10409192133,1,"IOTHUB_CLIENT_CONFIRMATION_OK"
12124,10409192197,10409192244,1,"IOTHUB_CLIENT_CONFIRMATION_OK"
12125,10409192397,10409192474,1,"IOTHUB_CLIENT_CONFIRMATION_OK"
12126,10409192597,10409192662,1,"IOTHUB_CLIENT_CONFIRMATION_OK"
12127,10409192798,10409192862,1,"IOTHUB_CLIENT_CONFIRMATION_OK"
12128,10409192998,10409193048,1,"IOTHUB_CLIENT_CONFIRMATION_OK"
12129,10409193198,10409193243,1,"IOTHUB_CLIENT_CONFIRMATION_OK"
12130,10409193398,10409193540,1,"IOTHUB_CLIENT_CONFIRMATION_OK"
12131,10409193598,10409193639,1,"IOTHUB_CLIENT_CONFIRMATION_OK"
12132,10409193798,10409193859,1,"IOTHUB_CLIENT_CONFIRMATION_OK"
12133,10409193999,10409194064,1,"IOTHUB_CLIENT_CONFIRMATION_OK"
12134,10409194199,10409194250,1,"IOTHUB_CLIENT_CONFIRMATION_OK"
12135,10409194399,10409194454,1,"IOTHUB_CLIENT_CONFIRMATION_OK"
12136,10409194599,10409194639,1,"IOTHUB_CLIENT_CONFIRMATION_OK"
12137,10409194799,10409194850,1,"IOTHUB_CLIENT_CONFIRMATION_OK"
12138,10409194999,10409195038,1,"IOTHUB_CLIENT_CONFIRMATION_OK"
12139,10409195199,10409195317,1,"IOTHUB_CLIENT_CONFIRMATION_OK"
12140,10409195400,10409195442,1,"IOTHUB_CLIENT_CONFIRMATION_OK"
12141,10409195600,10409195656,1,"IOTHUB_CLIENT_CONFIRMATION_OK"
12142,10409195800,10409195862,1,"IOTHUB_CLIENT_CONFIRMATION_OK"
12143,10409196000,10409196039,1,"IOTHUB_CLIENT_CONFIRMATION_OK"
12144,10409196200,10409196272,1,"IOTHUB_CLIENT_CONFIRMATION_OK"
12145,10409196400,10409196449,1,"IOTHUB_CLIENT_CONFIRMATION_OK"
12146,10409196601,10409196651,1,"IOTHUB_CLIENT_CONFIRMATION_OK"
12147,10409196801,10409196909,1,"IOTHUB_CLIENT_CONFIRMATION_OK"
12148,10409197001,10409197194,1,"IOTHUB_CLIENT_CONFIRMATION_OK"
12149,10409197201,10409197250,1,"IOTHUB_CLIENT_CONFIRMATION_OK"
12150,10409197401,10409197448,1,"IOTHUB_CLIENT_CONFIRMATION_OK"
12151,10409197601,10409197650,1,"IOTHUB_CLIENT_CONFIRMATION_OK"
12152,10409197801,10409197843,1,"IOTHUB_CLIENT_CONFIRMATION_OK"
12153,10409198002,10409198054,1,"IOTHUB_CLIENT_CONFIRMATION_OK"
12154,10409198202,10409198253,1,"IOTHUB_CLIENT_CONFIRMATION_OK"
12155,10409198402,10409198617,1,"IOTHUB_CLIENT_CONFIRMATION_OK"
12156,10409198602,10409198644,1,"IOTHUB_CLIENT_CONFIRMATION_OK"
12157,10409198802,10409198849,1,"IOTHUB_CLIENT_CONFIRMATION_OK"
12158,10409199002,10409199053,1,"IOTHUB_CLIENT_CONFIRMATION_OK"
12159,10409199203,10409199280,1,"IOTHUB_CLIENT_CONFIRMATION_OK"
12160,10409199403,10409199447,1,"IOTHUB_CLIENT_CONFIRMATION_OK"
12161,10409199603,10409199654,1,"IOTHUB_CLIENT_CONFIRMATION_OK"
12162,10409199803,10409199885,1,"IOTHUB_CLIENT_CONFIRMATION_OK"
12163,10409200003,10409200052,1,"IOTHUB_CLIENT_CONFIRMATION_OK"
12164,10409200203,10409200247,1,"IOTHUB_CLIENT_CONFIRMATION_OK"
12165,10409200404,10409200484,1,"IOTHUB_CLIENT_CONFIRMATION_OK"
12166,10409200604,10409200653,1,"IOTHUB_CLIENT_CONFIRMATION_OK"
12167,10409200804,10409200882,1,"IOTHUB_CLIENT_CONFIRMATION_OK"
12168,10409201004,10409201089,1,"IOTHUB_CLIENT_CONFIRMATION_OK"
12169,10409201204,10409201254,1,"IOTHUB_CLIENT_CONFIRMATION_OK"
12170,10409201404,10409201479,1,"IOTHUB_CLIENT_CONFIRMATION_OK"
12171,10409201605,10409201646,1,"IOTHUB_CLIENT_CONFIRMATION_OK"
12172,10409201805,10409201855,1,"IOTHUB_CLIENT_CONFIRMATION_OK"
12173,10409202005,10409202080,1,"IOTHUB_CLIENT_CONFIRMATION_OK"
12174,10409202205,10409202254,1,"IOTHUB_CLIENT_CONFIRMATION_OK"
12175,10409202405,10409202462,1,"IOTHUB_CLIENT_CONFIRMATION_OK"
12176,10409202605,10409202699,1,"IOTHUB_CLIENT_CONFIRMATION_OK"
12177,10409202805,10409202903,1,"IOTHUB_CLIENT_CONFIRMATION_OK"
12178,10409203006,10409203048,1,"IOTHUB_CLIENT_CONFIRMATION_OK"
12179,10409203206,10409203259,1,"IOTHUB_CLIENT_CONFIRMATION_OK"
12180,10409203406,10409203505,1,"IOTHUB_CLIENT_CONFIRMATION_OK"
12181,10409203606,10409203681,1,"IOTHUB_CLIENT_CONFIRMATION_OK"
12182,10409203806,10409203867,1,"IOTHUB_CLIENT_CONFIRMATION_OK"
12183,10409204006,10409204084,1,"IOTHUB_CLIENT_CONFIRMATION_OK"
12184,10409204207,10409204330,1,"IOTHUB_CLIENT_CONFIRMATION_OK"
12185,10409204407,10409204447,1,"IOTHUB_CLIENT_CONFIRMATION_OK"
12186,10409204607,10409204644,1,"IOTHUB_CLIENT_CONFIRMATION_OK"
12187,10409204807,10409204865,1,"IOTHUB_CLIENT_CONFIRMATION_OK"
12188,10409205007,10409205054,1,"IOTHUB_CLIENT_CONFIRMATION_OK"
12189,10409205207,10409205272,1,"IOTHUB_CLIENT_CONFIRMATION_OK"
12190,10409205408,10409205463,1,"IOTHUB_CLIENT_CONFIRMATION_OK"
12191,10409205608,10409205767,1,"IOTHUB_CLIENT_CONFIRMATION_OK"
12192,10409205808,10409205910,1,"IOTHUB_CLIENT_CONFIRMATION_OK"
12193,10409206008,10409206052,1,"IOTHUB_CLIENT_CONFIRMATION_OK"
12194,10409206208,10409206273,1,"IOTHUB_CLIENT_CONFIRMATION_OK"
12195,10409206408,10409206475,1,"IOTHUB_CLIENT_CONFIRMATION_OK"
12196,10409206609,10409206651,1,"IOTHUB_CLIENT_CONFIRMATION_OK"
12197,10409206809,10409206859,1,"IOTHUB_CLIENT_CONFIRMATION_OK"
12198,10409207009,10409207190,1,"IOTHUB_CLIENT_CONFIRMATION_OK"
12199,10409207209,10409207247,1,"IOTHUB_CLIENT_CONFIRMATION_OK"
12200,10409207409,10409207455,1,"IOTHUB_CLIENT_CONFIRMATION_OK"
12201,10409207609,10409207666,1,"IOTHUB_CLIENT_CONFIRMATION_OK"
12202,10409207809,10409207849,1,"IOTHUB_CLIENT_CONFIRMATION_OK"
12203,10409208010,10409208055,1,"IOTHUB_CLIENT_CONFIRMATION_OK"
12204,10409208210,10409208273,1,"IOTHUB_CLIENT_CONFIRMATION_OK"
12205,10409208410,10409208616,1,"IOTHUB_CLIENT_CONFIRMATION_OK"
12206,10409208610,10409208648,1,"IOTHUB_CLIENT_CONFIRMATION_OK"
12207,10409208810,10409208871,1,"IOTHUB_CLIENT_CONFIRMATION_OK"
12208,10409209010,10409209053,1,"IOTHUB_CLIENT_CONFIRMATION_OK"
12209,10409209211,10409209253,1,"IOTHUB_CLIENT_CONFIRMATION_OK"
12210,10409209411,10409209448,1,"IOTHUB_CLIENT_CONFIRMATION_OK"
12211,10409209611,10409209663,1,"IOTHUB_CLIENT_CONFIRMATION_OK"
12212,10409209811,10409209860,1,"IOTHUB_CLIENT_CONFIRMATION_OK"
12213,10409210011,10409210052,1,"IOTHUB_CLIENT_CONFIRMATION_OK"
12214,10409210211,10409210266,1,"IOTHUB_CLIENT_CONFIRMATION_OK"
12215,10409210412,10409210476,1,"IOTHUB_CLIENT_CONFIRMATION_OK"
12216,10409210612,10409210664,1,"IOTHUB_CLIENT_CONFIRMATION_OK"
12217,10409210812,10409210883,1,"IOTHUB_CLIENT_CONFIRMATION_OK"
12218,10409211012,10409211076,1,"IOTHUB_CLIENT_CONFIRMATION_OK"
12219,10409211212,10409211257,1,"IOTHUB_CLIENT_CONFIRMATION_OK"
12220,10409211412,10409211492,1,"IOTHUB_CLIENT_CONFIRMATION_OK"
12221,10409211613,10409211669,1,"IOTHUB_CLIENT_CONFIRMATION_OK"
12222,10409211813,10409211862,1,"IOTHUB_CLIENT_CONFIRMATION_OK"
12223,10409212013,10409212093,1,"IOTHUB_CLIENT_CONFIRMATION_OK"
12224,10409212213,10409212249,1,"IOTHUB_CLIENT_CONFIRMATION_OK"
12225,10409212413,10409212460,1,"IOTHUB_CLIENT_CONFIRMATION_OK"
12226,10409212613,10409212657,1,"IOTHUB_CLIENT_CONFIRMATION_OK"
12227,10409212814,10409212970,1,"IOTHUB_CLIENT_CONFIRMATION_OK"
12228,10409213014,10409213066,1,"IOTHUB_CLIENT_CONFIRMATION_OK"
12229,10409213214,10409213247,1,"IOTHUB_CLIENT_CONFIRMATION_OK"
12230,10409213414,10409213534,1,"IOTHUB_CLIENT_CONFIRMATION_OK"
12231,10409213614,10409213654,1,"IOTHUB_CLIENT_CONFIRMATION_OK"
12232,10409213814,10409213862,1,"IOTHUB_CLIENT_CONFIRMATION_OK"
12233,10409214014,10409214058,1,"IOTHUB_CLIENT_CONFIRMATION_OK"
12234,10409214215,10409214319,1,"IOTHUB_CLIENT_CONFIRMATION_OK"
12235,10409214415,10409214454,1,"IOTHUB_CLIENT_CONFIRMATION_OK"
12236,10409214615,10409214669,1,"IOTHUB_CLIENT_CONFIRMATION_OK"
12237,10409214815,10409214863,1,"IOTHUB_CLIENT_CONFIRMATION_OK"
12238,10409215015,10409215089,1,"IOTHUB_CLIENT_CONFIRMATION_OK"
12239,10409215215,10409215284,1,"IOTHUB_CLIENT_CONFIRMATION_OK"
12240,10409215416,10409215458,1,"IOTHUB_CLIENT_CONFIRMATION_OK"
12241,10409215616,10409215735,1,"IOTHUB_CLIENT_CONFIRMATION_OK"
12242,10409215816,10409215869,1,"IOTHUB_CLIENT_CONFIRMATION_OK"
12243,10409216016,10409216074,1,"IOTHUB_CLIENT_CONFIRMATION_OK"
12244,10409216216,10409216336,1,"IOTHUB_CLIENT_CONFIRMATION_OK"
12245,10409216416,10409216467,1,"IOTHUB_CLIENT_CONFIRMATION_OK"
12246,10409216617,10409216674,1,"IOTHUB_CLIENT_CONFIRMATION_OK"
12247,10409216817,10409216868,1,"IOTHUB_CLIENT_CONFIRMATION_OK"
12248,10409217017,10409217174,1,"IOTHUB_CLIENT_CONFIRMATION_OK"
12249,10409217217,10409217263,1,"IOTHUB_CLIENT_CONFIRMATION_OK"
12250,10409217417,10409217464,1,"IOTHUB_CLIENT_CONFIRMATION_OK"
12251,10409217617,10409217685,1,"IOTHUB_CLIENT_CONFIRMATION_OK"
12252,10409217818,10409217868,1,"IOTHUB_CLIENT_CONFIRMATION_OK"
12253,10409218018,10409218064,1,"IOTHUB_CLIENT_CONFIRMATION_OK"
12254,10409218218,10409218273,1,"IOTHUB_CLIENT_CONFIRMATION_OK"
12255,10409218418,10409218596,1,"IOTHUB_CLIENT_CONFIRMATION_OK"
12256,10409218618,10409218669,1,"IOTHUB_CLIENT_CONFIRMATION_OK"
12257,10409218818,10409218864,1,"IOTHUB_CLIENT_CONFIRMATION_OK"
12258,10409219018,10409219067,1,"IOTHUB_CLIENT_CONFIRMATION_OK"
12259,10409219219,10409219257,1,"IOTHUB_CLIENT_CONFIRMATION_OK"
12260,10409219419,10409219546,1,"IOTHUB_CLIENT_CONFIRMATION_OK"
12261,10409219619,10409219680,1,"IOTHUB_CLIENT_CONFIRMATION_OK"
12262,10409219819,10409219882,1,"IOTHUB_CLIENT_CONFIRMATION_OK"
12263,10409220019,10409220076,1,"IOTHUB_CLIENT_CONFIRMATION_OK"
12264,10409220219,10409220280,1,"IOTHUB_CLIENT_CONFIRMATION_OK"
12265,10409220420,10409220465,1,"IOTHUB_CLIENT_CONFIRMATION_OK"
12266,10409220620,10409220712,1,"IOTHUB_CLIENT_CONFIRMATION_OK"
12267,10409220820,10409220869,1,"IOTHUB_CLIENT_CONFIRMATION_OK"
12268,10409221020,10409221058,1,"IOTHUB_CLIENT_CONFIRMATION_OK"
12269,10409221220,10409221270,1,"IOTHUB_CLIENT_CONFIRMATION_OK"
12270,10409221420,10409221467,1,"IOTHUB_CLIENT_CONFIRMATION_OK"
12271,10409221620,10409221666,1,"IOTHUB_CLIENT_CONFIRMATION_OK"
12272,10409221821,10409221857,1,"IOTHUB_CLIENT_CONFIRMATION_OK"
12273,10409222021,10409222115,1,"IOTHUB_CLIENT_CONFIRMATION_OK"
12274,10409222221,10409222261,1,"IOTHUB_CLIENT_CONFIRMATION_OK"
12275,10409222421,10409222461,1,"IOTHUB_CLIENT_CONFIRMATION_OK"
12276,10409222621,10409222678,1,"IOTHUB_CLIENT_CONFIRMATION_OK"
12277,10409222821,10409222877,1,"IOTHUB_CLIENT_CONFIRMATION_OK"
12278,10409223021,10409223064,1,"IOTHUB_CLIENT_CONFIRMATION_OK"
12279,10409223222,10409223301,1,"IOTHUB_CLIENT_CONFIRMATION_OK"
12280,10409223422,10409223562,1,"IOTHUB_CLIENT_CONFIRMATION_OK"
12281,10409223622,10409223702,1,"IOTHUB_CLIENT_CONFIRMATION_OK"
12282,10409223822,10409223887,1,"IOTHUB_CLIENT_CONFIRMATION_OK"
12283,10409224022,10409224074,1,"IOTHUB_CLIENT_CONFIRMATION_OK"
12284,10409224222,10409224289,1,"IOTHUB_CLIENT_CONFIRMATION_OK"
12285,10409224423,10409224476,1,"IOTHUB_CLIENT_CONFIRMATION_OK"
12286,10409224623,10409224705,1,"IOTHUB_CLIENT_CONFIRMATION_OK"
12287,10409224823,10409224887,1,"IOTHUB_CLIENT_CONFIRMATION_OK"
12288,10409225023,10409225061,1,"IOTHUB_CLIENT_CONFIRMATION_OK"
12289,10409225223,10409225293,1,"IOTHUB_CLIENT_CONFIRMATION_OK"
12290,10409225423,10409225479,1,"IOTHUB_CLIENT_CONFIRMATION_OK"
12291,10409225624,10409225684,1,"IOTHUB_CLIENT_CONFIRMATION_OK"
12292,10409225824,10409225921,1,"IOTHUB_CLIENT_CONFIRMATION_OK"
12293,10409226024,10409226116,1,"IOTHUB_CLIENT_CONFIRMATION_OK"
12294,10409226224,10409226284,1,"IOTHUB_CLIENT_CONFIRMATION_OK"
12295,10409226424,10409226481,1,"IOTHUB_CLIENT_CONFIRMATION_OK"
12296,10409226624,10409226685,1,"IOTHUB_CLIENT_CONFIRMATION_OK"
12297,10409226825,10409226892,1,"IOTHUB_CLIENT_CONFIRMATION_OK"
12298,10409227025,10409227066,1,"IOTHUB_CLIENT_CONFIRMATION_OK"
12299,10409227225,10409227270,1,"IOTHUB_CLIENT_CONFIRMATION_OK"
12300,10409227425,10409227489,1,"IOTHUB_CLIENT_CONFIRMATION_OK"
12301,10409227625,10409227676,1,"IOTHUB_CLIENT_CONFIRMATION_OK"
12302,10409227825,10409227875,1,"IOTHUB_CLIENT_CONFIRMATION_OK"
12303,10409228026,10409228079,1,"IOTHUB_CLIENT_CONFIRMATION_OK"
12304,10409228226,10409228281,1,"IOTHUB_CLIENT_CONFIRMATION_OK"
12305,10409228426,10409228746,1,"IOTHUB_CLIENT_CONFIRMATION_OK"
12306,10409228626,10409228837,1,"IOTHUB_CLIENT_CONFIRMATION_OK"
12307,10409228826,10409228929,1,"IOTHUB_CLIENT_CONFIRMATION_OK"
12308,10409229026,10409229090,1,"IOTHUB_CLIENT_CONFIRMATION_OK"
12309,10409229227,10409229271,1,"IOTHUB_CLIENT_CONFIRMATION_OK"
12310,10409229427,10409229484,1,"IOTHUB_CLIENT_CONFIRMATION_OK"
12311,10409229627,10409229676,1,"IOTHUB_CLIENT_CONFIRMATION_OK"
12312,10409229827,10409229908,1,"IOTHUB_CLIENT_CONFIRMATION_OK"
12313,10409230027,10409230089,1,"IOTHUB_CLIENT_CONFIRMATION_OK"
12314,10409230227,10409230288,1,"IOTHUB_CLIENT_CONFIRMATION_OK"
12315,10409230427,10409230472,1,"IOTHUB_CLIENT_CONFIRMATION_OK"
12316,10409230628,10409230681,1,"IOTHUB_CLIENT_CONFIRMATION_OK"
12317,10409230828,10409230885,1,"IOTHUB_CLIENT_CONFIRMATION_OK"
12318,10409231028,10409231104,1,"IOTHUB_CLIENT_CONFIRMATION_OK"
12319,10409231228,10409231293,1,"IOTHUB_CLIENT_CONFIRMATION_OK"
12320,10409231428,10409231510,1,"IOTHUB_CLIENT_CONFIRMATION_OK"
12321,10409231628,10409231678,1,"IOTHUB_CLIENT_CONFIRMATION_OK"
12322,10409231829,10409231867,1,"IOTHUB_CLIENT_CONFIRMATION_OK"
12323,10409232029,10409232104,1,"IOTHUB_CLIENT_CONFIRMATION_OK"
12324,10409232229,10409232269,1,"IOTHUB_CLIENT_CONFIRMATION_OK"
12325,10409232429,10409232497,1,"IOTHUB_CLIENT_CONFIRMATION_OK"
12326,10409232629,10409232682,1,"IOTHUB_CLIENT_CONFIRMATION_OK"
12327,10409232829,10409232873,1,"IOTHUB_CLIENT_CONFIRMATION_OK"
12328,10409233029,10409233080,1,"IOTHUB_CLIENT_CONFIRMATION_OK"
12329,10409233230,10409233287,1,"IOTHUB_CLIENT_CONFIRMATION_OK"
12330,10409233430,10409233544,1,"IOTHUB_CLIENT_CONFIRMATION_OK"
12331,10409233630,10409233672,1,"IOTHUB_CLIENT_CONFIRMATION_OK"
12332,10409233830,10409233880,1,"IOTHUB_CLIENT_CONFIRMATION_OK"
12333,10409234030,10409234070,1,"IOTHUB_CLIENT_CONFIRMATION_OK"
12334,10409234230,10409234507,1,"IOTHUB_CLIENT_CONFIRMATION_OK"
12335,10409234431,10409234568,1,"IOTHUB_CLIENT_CONFIRMATION_OK"
12336,10409234631,10409234690,1,"IOTHUB_CLIENT_CONFIRMATION_OK"
12337,10409234831,10409234873,1,"IOTHUB_CLIENT_CONFIRMATION_OK"
12338,10409235031,10409235099,1,"IOTHUB_CLIENT_CONFIRMATION_OK"
12339,10409235231,10409235284,1,"IOTHUB_CLIENT_CONFIRMATION_OK"
12340,10409235431,10409235489,1,"IOTHUB_CLIENT_CONFIRMATION_OK"
12341,10409235632,10409235876,1,"IOTHUB_CLIENT_CONFIRMATION_OK"
12342,10409235832,10409235913,1,"IOTHUB_CLIENT_CONFIRMATION_OK"
12343,10409236032,10409236095,1,"IOTHUB_CLIENT_CONFIRMATION_OK"
12344,10409236232,10409236282,1,"IOTHUB_CLIENT_CONFIRMATION_OK"
12345,10409236432,10409236485,1,"IOTHUB_CLIENT_CONFIRMATION_OK"
12346,10409236632,10409236674,1,"IOTHUB_CLIENT_CONFIRMATION_OK"
12347,10409236832,10409236886,1,"IOTHUB_CLIENT_CONFIRMATION_OK"
12348,10409237033,10409237094,1,"IOTHUB_CLIENT_CONFIRMATION_OK"
12349,10409237233,10409237293,1,"IOTHUB_CLIENT_CONFIRMATION_OK"
12350,10409237433,10409237478,1,"IOTHUB_CLIENT_CONFIRMATION_OK"
12351,10409237633,10409237670,1,"IOTHUB_CLIENT_CONFIRMATION_OK"
12352,10409237833,10409237921,1,"IOTHUB_CLIENT_CONFIRMATION_OK"
12353,10409238033,10409238104,1,"IOTHUB_CLIENT_CONFIRMATION_OK"
12354,10409238234,10409238282,1,"IOTHUB_CLIENT_CONFIRMATION_OK"
12355,10409238434,10409238531,1,"IOTHUB_CLIENT_CONFIRMATION_OK"
12356,10409238634,10409238688,1,"IOTHUB_CLIENT_CONFIRMATION_OK"
12357,10409238834,10409238874,1,"IOTHUB_CLIENT_CONFIRMATION_OK"
12358,10409239034,10409239077,1,"IOTHUB_CLIENT_CONFIRMATION_OK"
12359,10409239234,10409239319,1,"IOTHUB_CLIENT_CONFIRMATION_OK"
12360,10409239434,10409239475,1,"IOTHUB_CLIENT_CONFIRMATION_OK"
12361,10409239635,10409239677,1,"IOTHUB_CLIENT_CONFIRMATION_OK"
12362,10409239835,10409239885,1,"IOTHUB_CLIENT_CONFIRMATION_OK"
12363,10409240035,10409240079,1,"IOTHUB_CLIENT_CONFIRMATION_OK"
12364,10409240235,10409240269,1,"IOTHUB_CLIENT_CONFIRMATION_OK"
12365,10409240435,10409240499,1,"IOTHUB_CLIENT_CONFIRMATION_OK"
12366,10409240635,10409240739,1,"IOTHUB_CLIENT_CONFIRMATION_OK"
12367,10409240836,10409240898,1,"IOTHUB_CLIENT_CONFIRMATION_OK"
12368,10409241036,10409241107,1,"IOTHUB_CLIENT_CONFIRMATION_OK"
12369,10409241236,10409241285,1,"IOTHUB_CLIENT_CONFIRMATION_OK"
12370,10409241436,10409241488,1,"IOTHUB_CLIENT_CONFIRMATION_OK"
12371,10409241636,10409241697,1,"IOTHUB_CLIENT_CONFIRMATION_OK"
12372,10409241837,10409241890,1,"IOTHUB_CLIENT_CONFIRMATION_OK"
12373,10409242037,10409242184,1,"IOTHUB_CLIENT_CONFIRMATION_OK"
12374,10409242237,10409242325,1,"IOTHUB_CLIENT_CONFIRMATION_OK"
12375,10409242437,10409242479,1,"IOTHUB_CLIENT_CONFIRMATION_OK"
12376,10409242637,10409242687,1,"IOTHUB_CLIENT_CONFIRMATION_OK"
12377,10409242837,10409242902,1,"IOTHUB_CLIENT_CONFIRMATION_OK"
12378,10409243037,10409243082,1,"IOTHUB_CLIENT_CONFIRMATION_OK"
12379,10409243238,10409243303,1,"IOTHUB_CLIENT_CONFIRMATION_OK"
12380,10409243438,10409243616,1,"IOTHUB_CLIENT_CONFIRMATION_OK"
12381,10409243638,10409243678,1,"IOTHUB_CLIENT_CONFIRMATION_OK"
12382,10409243838,10409243899,1,"IOTHUB_CLIENT_CONFIRMATION_OK"
12383,10409244038,10409244123,1,"IOTHUB_CLIENT_CONFIRMATION_OK"
12384,10409244238,10409244278,1,"IOTHUB_CLIENT_CONFIRMATION_OK"
12385,10409244439,10409244491,1,"IOTHUB_CLIENT_CONFIRMATION_OK"
12386,10409244639,10409244675,1,"IOTHUB_CLIENT_CONFIRMATION_OK"
12387,10409244839,10409244898,1,"IOTHUB_CLIENT_CONFIRMATION_OK"
12388,10409245039,10409245109,1,"IOTHUB_CLIENT_CONFIRMATION_OK"
12389,10409245239,10409245279,1,"IOTHUB_CLIENT_CONFIRMATION_OK"
12390,10409245440,10409245585,1,"IOTHUB_CLIENT_CONFIRMATION_OK"
12391,10409245640,10409245690,1,"IOTHUB_CLIENT_CONFIRMATION_OK"
12392,10409245840,10409245887,1,"IOTHUB_CLIENT_CONFIRMATION_OK"
12393,10409246040,10409246084,1,"IOTHUB_CLIENT_CONFIRMATION_OK"
12394,10409246240,10409246288,1,"IOTHUB_CLIENT_CONFIRMATION_OK"
12395,10409246440,10409246502,1,"IOTHUB_CLIENT_CONFIRMATION_OK"
12396,10409246640,10409246680,1,"IOTHUB_CLIENT_CONFIRMATION_OK"
12397,10409246841,10409246899,1,"IOTHUB_CLIENT_CONFIRMATION_OK"
12398,10409247041,10409247085,1,"IOTHUB_CLIENT_CONFIRMATION_OK"
12399,10409247241,10409247290,1,"IOTHUB_CLIENT_CONFIRMATION_OK"
12400,10409247441,10409247506,1,"IOTHUB_CLIENT_CONFIRMATION_OK"
12401,10409247641,10409247692,1,"IOTHUB_CLIENT_CONFIRMATION_OK"
12402,10409247841,10409247902,1,"IOTHUB_CLIENT_CONFIRMATION_OK"
12403,10409248042,10409248111,1,"IOTHUB_CLIENT_CONFIRMATION_OK"
12404,10409248242,10409248294,1,"IOTHUB_CLIENT_CONFIRMATION_OK"
12405,10409248442,10409248522,1,"IOTHUB_CLIENT_CONFIRMATION_OK"
12406,10409248642,10409248760,1,"IOTHUB_CLIENT_CONFIRMATION_OK"
12407,10409248842,10409248903,1,"IOTHUB_CLIENT_CONFIRMATION_OK"
12408,10409249042,10409249108,1,"IOTHUB_CLIENT_CONFIRMATION_OK"
12409,10409249243,10409249304,1,"IOTHUB_CLIENT_CONFIRMATION_OK"
12410,10409249443,10409249499,1,"IOTHUB_CLIENT_CONFIRMATION_OK"
12411,10409249643,10409249695,1,"IOTHUB_CLIENT_CONFIRMATION_OK"
12412,10409249843,10409249886,1,"IOTHUB_CLIENT_CONFIRMATION_OK"
12413,10409250043,10409250095,1,"IOTHUB_CLIENT_CONFIRMATION_OK"
12414,10409250243,10409250334,1,"IOTHUB_CLIENT_CONFIRMATION_OK"
12415,10409250443,10409250503,1,"IOTHUB_CLIENT_CONFIRMATION_OK"
12416,10409250644,10409250699,1,"IOTHUB_CLIENT_CONFIRMATION_OK"
12417,10409250844,10409250891,1,"IOTHUB_CLIENT_CONFIRMATION_OK"
12418,10409251044,10409251137,1,"IOTHUB_CLIENT_CONFIRMATION_OK"
12419,10409251244,10409251293,1,"IOTHUB_CLIENT_CONFIRMATION_OK"
12420,10409251444,10409251500,1,"IOTHUB_CLIENT_CONFIRMATION_OK"
12421,10409251644,10409251696,1,"IOTHUB_CLIENT_CONFIRMATION_OK"
12422,10409251844,10409252063,1,"IOTHUB_CLIENT_CONFIRMATION_OK"
12423,10409252045,10409252244,1,"IOTHUB_CLIENT_CONFIRMATION_OK"
12424,10409252245,10409252285,1,"IOTHUB_CLIENT_CONFIRMATION_OK"
12425,10409252445,10409252489,1,"IOTHUB_CLIENT_CONFIRMATION_OK"
12426,10409252645,10409252704,1,"IOTHUB_CLIENT_CONFIRMATION_OK"
12427,10409252845,10409253003,1,"IOTHUB_CLIENT_CONFIRMATION_OK"
12428,10409253045,10409253094,1,"IOTHUB_CLIENT_CONFIRMATION_OK"
12429,10409253246,10409253290,1,"IOTHUB_CLIENT_CONFIRMATION_OK"
12430,10409253446,10409253508,1,"IOTHUB_CLIENT_CONFIRMATION_OK"
12431,10409253646,10409253692,1,"IOTHUB_CLIENT_CONFIRMATION_OK"
12432,10409253846,10409253906,1,"IOTHUB_CLIENT_CONFIRMATION_OK"
12433,10409254046,10409254107,1,"IOTHUB_CLIENT_CONFIRMATION_OK"
12434,10409254246,10409254353,1,"IOTHUB_CLIENT_CONFIRMATION_OK"
12435,10409254446,10409254501,1,"IOTHUB_CLIENT_CONFIRMATION_OK"
12436,10409254647,10409254697,1,"IOTHUB_CLIENT_CONFIRMATION_OK"
12437,10409254847,10409254893,1,"IOTHUB_CLIENT_CONFIRMATION_OK"
12438,10409255047,10409255102,1,"IOTHUB_CLIENT_CONFIRMATION_OK"
12439,10409255247,10409255324,1,"IOTHUB_CLIENT_CONFIRMATION_OK"
12440,10409255447,10409255520,1,"IOTHUB_CLIENT_CONFIRMATION_OK"
12441,10409255647,10409255726,1,"IOTHUB_CLIENT_CONFIRMATION_OK"
12442,10409255848,10409255898,1,"IOTHUB_CLIENT_CONFIRMATION_OK"
12443,10409256048,10409256095,1,"IOTHUB_CLIENT_CONFIRMATION_OK"
12444,10409256248,10409256297,1,"IOTHUB_CLIENT_CONFIRMATION_OK"
12445,10409256448,10409256496,1,"IOTHUB_CLIENT_CONFIRMATION_OK"
12446,10409256648,10409256712,1,"IOTHUB_CLIENT_CONFIRMATION_OK"
12447,10409256848,10409256904,1,"IOTHUB_CLIENT_CONFIRMATION_OK"
12448,10409257048,10409257155,1,"IOTHUB_CLIENT_CONFIRMATION_OK"
12449,10409257249,10409257293,1,"IOTHUB_CLIENT_CONFIRMATION_OK"
12450,10409257449,10409257495,1,"IOTHUB_CLIENT_CONFIRMATION_OK"
12451,10409257649,10409257698,1,"IOTHUB_CLIENT_CONFIRMATION_OK"
12452,10409257849,10409257894,1,"IOTHUB_CLIENT_CONFIRMATION_OK"
12453,10409258049,10409258098,1,"IOTHUB_CLIENT_CONFIRMATION_OK"
12454,10409258249,10409258320,1,"IOTHUB_CLIENT_CONFIRMATION_OK"
12455,10409258450,10409258581,1,"IOTHUB_CLIENT_CONFIRMATION_OK"
12456,10409258650,10409258688,1,"IOTHUB_CLIENT_CONFIRMATION_OK"
12457,10409258850,10409258906,1,"IOTHUB_CLIENT_CONFIRMATION_OK"
12458,10409259050,10409259094,1,"IOTHUB_CLIENT_CONFIRMATION_OK"
12459,10409259250,10409259297,1,"IOTHUB_CLIENT_CONFIRMATION_OK"
12460,10409259450,10409259493,1,"IOTHUB_CLIENT_CONFIRMATION_OK"
12461,10409259651,10409259695,1,"IOTHUB_CLIENT_CONFIRMATION_OK"
12462,10409259851,10409259909,1,"IOTHUB_CLIENT_CONFIRMATION_OK"
12463,10409260051,10409260092,1,"IOTHUB_CLIENT_CONFIRMATION_OK"
12464,10409260251,10409260366,1,"IOTHUB_CLIENT_CONFIRMATION_OK"
12465,10409260451,10409260488,1,"IOTHUB_CLIENT_CONFIRMATION_OK"
12466,10409260651,10409260694,1,"IOTHUB_CLIENT_CONFIRMATION_OK"
12467,10409260852,10409260905,1,"IOTHUB_CLIENT_CONFIRMATION_OK"
12468,10409261052,10409261093,1,"IOTHUB_CLIENT_CONFIRMATION_OK"
12469,10409261252,10409261309,1,"IOTHUB_CLIENT_CONFIRMATION_OK"
12470,10409261452,10409261494,1,"IOTHUB_CLIENT_CONFIRMATION_OK"
12471,10409261652,10409261687,1,"IOTHUB_CLIENT_CONFIRMATION_OK"
12472,10409261852,10409261918,1,"IOTHUB_CLIENT_CONFIRMATION_OK"
12473,10409262052,10409262102,1,"IOTHUB_CLIENT_CONFIRMATION_OK"
12474,10409262253,10409262345,1,"IOTHUB_CLIENT_CONFIRMATION_OK"
12475,10409262453,10409262512,1,"IOTHUB_CLIENT_CONFIRMATION_OK"
12476,10409262653,10409262702,1,"IOTHUB_CLIENT_CONFIRMATION_OK"
12477,10409262853,10409262898,1,"IOTHUB_CLIENT_CONFIRMATION_OK"
12478,10409263053,10409263092,1,"IOTHUB_CLIENT_CONFIRMATION_OK"
12479,10409263253,10409263299,1,"IOTHUB_CLIENT_CONFIRMATION_OK"
12480,10409263453,10409263509,1,"IOTHUB_CLIENT_CONFIRMATION_OK"
12481,10409263654,10409263702,1,"IOTHUB_CLIENT_CONFIRMATION_OK"
12482,10409263854,10409263919,1,"IOTHUB_CLIENT_CONFIRMATION_OK"
12483,10409264054,10409264108,1,"IOTHUB_CLIENT_CONFIRMATION_OK"
12484,10409264254,10409264317,1,"IOTHUB_CLIENT_CONFIRMATION_OK"
12485,10409264454,10409264499,1,"IOTHUB_CLIENT_CONFIRMATION_OK"
12486,10409264654,10409264697,1,"IOTHUB_CLIENT_CONFIRMATION_OK"
12487,10409264854,10409264893,1,"IOTHUB_CLIENT_CONFIRMATION_OK"
12488,10409265055,10409265097,1,"IOTHUB_CLIENT_CONFIRMATION_OK"
12489,10409265255,10409265303,1,"IOTHUB_CLIENT_CONFIRMATION_OK"
12490,10409265455,10409265501,1,"IOTHUB_CLIENT_CONFIRMATION_OK"
12491,10409265655,10409265727,1,"IOTHUB_CLIENT_CONFIRMATION_OK"
12492,10409265855,10409265904,1,"IOTHUB_CLIENT_CONFIRMATION_OK"
12493,10409266055,10409266158,1,"IOTHUB_CLIENT_CONFIRMATION_OK"
12494,10409266256,10409266410,1,"IOTHUB_CLIENT_CONFIRMATION_OK"
12495,10409266456,10409266608,1,"IOTHUB_CLIENT_CONFIRMATION_OK"
12496,10409266656,10409266714,1,"IOTHUB_CLIENT_CONFIRMATION_OK"
12497,10409266856,10409266900,1,"IOTHUB_CLIENT_CONFIRMATION_OK"
12498,10409267056,10409267218,1,"IOTHUB_CLIENT_CONFIRMATION_OK"
12499,10409267256,10409267299,1,"IOTHUB_CLIENT_CONFIRMATION_OK"
12500,10409267456,10409267503,1,"IOTHUB_CLIENT_CONFIRMATION_OK"
12501,10409267657,10409267703,1,"IOTHUB_CLIENT_CONFIRMATION_OK"
12502,10409267857,10409267896,1,"IOTHUB_CLIENT_CONFIRMATION_OK"
12503,10409268057,10409268171,1,"IOTHUB_CLIENT_CONFIRMATION_OK"
12504,10409268257,10409268300,1,"IOTHUB_CLIENT_CONFIRMATION_OK"
12505,10409268457,10409268675,1,"IOTHUB_CLIENT_CONFIRMATION_OK"
12506,10409268657,10409268714,1,"IOTHUB_CLIENT_CONFIRMATION_OK"
12507,10409268857,10409268910,1,"IOTHUB_CLIENT_CONFIRMATION_OK"
12508,10409269058,10409269103,1,"IOTHUB_CLIENT_CONFIRMATION_OK"
12509,10409269258,10409269321,1,"IOTHUB_CLIENT_CONFIRMATION_OK"
12510,10409269458,10409269501,1,"IOTHUB_CLIENT_CONFIRMATION_OK"
12511,10409269658,10409269700,1,"IOTHUB_CLIENT_CONFIRMATION_OK"
12512,10409269858,10409269909,1,"IOTHUB_CLIENT_CONFIRMATION_OK"
12513,10409270058,10409270110,1,"IOTHUB_CLIENT_CONFIRMATION_OK"
12514,10409270259,10409270301,1,"IOTHUB_CLIENT_CONFIRMATION_OK"
12515,10409270459,10409270532,1,"IOTHUB_CLIENT_CONFIRMATION_OK"
12516,10409270659,10409270735,1,"IOTHUB_CLIENT_CONFIRMATION_OK"
12517,10409270859,10409270912,1,"IOTHUB_CLIENT_CONFIRMATION_OK"
12518,10409271059,10409271141,1,"IOTHUB_CLIENT_CONFIRMATION_OK"
12519,10409271259,10409271333,1,"IOTHUB_CLIENT_CONFIRMATION_OK"
12520,10409271459,10409271558,1,"IOTHUB_CLIENT_CONFIRMATION_OK"
12521,10409271660,10409271707,1,"IOTHUB_CLIENT_CONFIRMATION_OK"
12522,10409271860,10409271917,1,"IOTHUB_CLIENT_CONFIRMATION_OK"
12523,10409272060,10409272187,1,"IOTHUB_CLIENT_CONFIRMATION_OK"
12524,10409272260,10409272309,1,"IOTHUB_CLIENT_CONFIRMATION_OK"
12525,10409272460,10409272501,1,"IOTHUB_CLIENT_CONFIRMATION_OK"
12526,10409272660,10409272699,1,"IOTHUB_CLIENT_CONFIRMATION_OK"
12527,10409272861,10409272904,1,"IOTHUB_CLIENT_CONFIRMATION_OK"
12528,10409273061,10409273107,1,"IOTHUB_CLIENT_CONFIRMATION_OK"
12529,10409273261,10409273302,1,"IOTHUB_CLIENT_CONFIRMATION_OK"
12530,10409273461,10409273675,1,"IOTHUB_CLIENT_CONFIRMATION_OK"
12531,10409273661,10409273711,1,"IOTHUB_CLIENT_CONFIRMATION_OK"
12532,10409273861,10409273936,1,"IOTHUB_CLIENT_CONFIRMATION_OK"
12533,10409274062,10409274113,1,"IOTHUB_CLIENT_CONFIRMATION_OK"
12534,10409274262,10409274321,1,"IOTHUB_CLIENT_CONFIRMATION_OK"
12535,10409274462,10409274506,1,"IOTHUB_CLIENT_CONFIRMATION_OK"
12536,10409274662,10409274783,1,"IOTHUB_CLIENT_CONFIRMATION_OK"
12537,10409274862,10409274905,1,"IOTHUB_CLIENT_CONFIRMATION_OK"
12538,10409275062,10409275101,1,"IOTHUB_CLIENT_CONFIRMATION_OK"
12539,10409275262,10409275310,1,"IOTHUB_CLIENT_CONFIRMATION_OK"
12540,10409275463,10409275506,1,"IOTHUB_CLIENT_CONFIRMATION_OK"
12541,10409275663,10409275752,1,"IOTHUB_CLIENT_CONFIRMATION_OK"
12542,10409275863,10409275900,1,"IOTHUB_CLIENT_CONFIRMATION_OK"
12543,10409276063,10409276112,1,"IOTHUB_CLIENT_CONFIRMATION_OK"
12544,10409276263,10409276314,1,"IOTHUB_CLIENT_CONFIRMATION_OK"
12545,10409276463,10409276522,1,"IOTHUB_CLIENT_CONFIRMATION_OK"
12546,10409276664,10409276707,1,"IOTHUB_CLIENT_CONFIRMATION_OK"
12547,10409276864,10409276925,1,"IOTHUB_CLIENT_CONFIRMATION_OK"
12548,10409277064,10409277143,1,"IOTHUB_CLIENT_CONFIRMATION_OK"
12549,10409277264,10409277317,1,"IOTHUB_CLIENT_CONFIRMATION_OK"
12550,10409277464,10409277527,1,"IOTHUB_CLIENT_CONFIRMATION_OK"
12551,10409277664,10409277705,1,"IOTHUB_CLIENT_CONFIRMATION_OK"
12552,10409277865,10409277936,1,"IOTHUB_CLIENT_CONFIRMATION_OK"
12553,10409278065,10409278130,1,"IOTHUB_CLIENT_CONFIRMATION_OK"
12554,10409278265,10409278327,1,"IOTHUB_CLIENT_CONFIRMATION_OK"
12555,10409278465,10409278691,1,"IOTHUB_CLIENT_CONFIRMATION_OK"
12556,10409278665,10409278719,1,"IOTHUB_CLIENT_CONFIRMATION_OK"
12557,10409278865,10409278916,1,"IOTHUB_CLIENT_CONFIRMATION_OK"
12558,10409279066,10409279126,1,"IOTHUB_CLIENT_CONFIRMATION_OK"
12559,10409279266,10409279309,1,"IOTHUB_CLIENT_CONFIRMATION_OK"
12560,10409279466,10409279513,1,"IOTHUB_CLIENT_CONFIRMATION_OK"
12561,10409279666,10409279735,1,"IOTHUB_CLIENT_CONFIRMATION_OK"
12562,10409279866,10409279927,1,"IOTHUB_CLIENT_CONFIRMATION_OK"
12563,10409280066,10409280108,1,"IOTHUB_CLIENT_CONFIRMATION_OK"
12564,10409280266,10409280329,1,"IOTHUB_CLIENT_CONFIRMATION_OK"
12565,10409280467,10409280519,1,"IOTHUB_CLIENT_CONFIRMATION_OK"
12566,10409280667,10409280756,1,"IOTHUB_CLIENT_CONFIRMATION_OK"
12567,10409280867,10409280926,1,"IOTHUB_CLIENT_CONFIRMATION_OK"
12568,10409281067,10409281107,1,"IOTHUB_CLIENT_CONFIRMATION_OK"
12569,10409281267,10409281315,1,"IOTHUB_CLIENT_CONFIRMATION_OK"
12570,10409281467,10409281545,1,"IOTHUB_CLIENT_CONFIRMATION_OK"
12571,10409281668,10409281720,1,"IOTHUB_CLIENT_CONFIRMATION_OK"
12572,10409281868,10409281907,1,"IOTHUB_CLIENT_CONFIRMATION_OK"
12573,10409282068,10409282248,1,"IOTHUB_CLIENT_CONFIRMATION_OK"
12574,10409282268,10409282322,1,"IOTHUB_CLIENT_CONFIRMATION_OK"
12575,10409282468,10409282526,1,"IOTHUB_CLIENT_CONFIRMATION_OK"
12576,10409282668,10409282715,1,"IOTHUB_CLIENT_CONFIRMATION_OK"
12577,10409282868,10409282942,1,"IOTHUB_CLIENT_CONFIRMATION_OK"
12578,10409283069,10409283116,1,"IOTHUB_CLIENT_CONFIRMATION_OK"
12579,10409283269,10409283318,1,"IOTHUB_CLIENT_CONFIRMATION_OK"
12580,10409283469,10409283624,1,"IOTHUB_CLIENT_CONFIRMATION_OK"
12581,10409283669,10409283721,1,"IOTHUB_CLIENT_CONFIRMATION_OK"
12582,10409283869,10409283943,1,"IOTHUB_CLIENT_CONFIRMATION_OK"
12583,10409284069,10409284130,1,"IOTHUB_CLIENT_CONFIRMATION_OK"
12584,10409284270,10409284321,1,"IOTHUB_CLIENT_CONFIRMATION_OK"
12585,10409284470,10409284613,1,"IOTHUB_CLIENT_CONFIRMATION_OK"
12586,10409284670,10409284713,1,"IOTHUB_CLIENT_CONFIRMATION_OK"
12587,10409284870,10409284924,1,"IOTHUB_CLIENT_CONFIRMATION_OK"
12588,10409285070,10409285106,1,"IOTHUB_CLIENT_CONFIRMATION_OK"
12589,10409285270,10409285342,1,"IOTHUB_CLIENT_CONFIRMATION_OK"
12590,10409285470,10409285518,1,"IOTHUB_CLIENT_CONFIRMATION_OK"
12591,10409285671,10409285707,1,"IOTHUB_CLIENT_CONFIRMATION_OK"
12592,10409285871,10409285931,1,"IOTHUB_CLIENT_CONFIRMATION_OK"
12593,10409286071,10409286110,1,"IOTHUB_CLIENT_CONFIRMATION_OK"
12594,10409286271,10409286318,1,"IOTHUB_CLIENT_CONFIRMATION_OK"
12595,10409286471,10409286515,1,"IOTHUB_CLIENT_CONFIRMATION_OK"
12596,10409286671,10409286746,1,"IOTHUB_CLIENT_CONFIRMATION_OK"
12597,10409286872,10409286998,1,"IOTHUB_CLIENT_CONFIRMATION_OK"
12598,10409287072,10409287123,1,"IOTHUB_CLIENT_CONFIRMATION_OK"
12599,10409287272,10409287385,1,"IOTHUB_CLIENT_CONFIRMATION_OK"
12600,10409287472,10409287525,1,"IOTHUB_CLIENT_CONFIRMATION_OK"
12601,10409287672,10409287737,1,"IOTHUB_CLIENT_CONFIRMATION_OK"
12602,10409287872,10409287926,1,"IOTHUB_CLIENT_CONFIRMATION_OK"
12603,10409288072,10409288125,1,"IOTHUB_CLIENT_CONFIRMATION_OK"
12604,10409288273,10409288328,1,"IOTHUB_CLIENT_CONFIRMATION_OK"
12605,10409288473,10409288522,1,"IOTHUB_CLIENT_CONFIRMATION_OK"
12606,10409288673,10409288728,1,"IOTHUB_CLIENT_CONFIRMATION_OK"
12607,10409288873,10409288933,1,"IOTHUB_CLIENT_CONFIRMATION_OK"
12608,10409289073,10409289120,1,"IOTHUB_CLIENT_CONFIRMATION_OK"
12609,10409289273,10409289356,1,"IOTHUB_CLIENT_CONFIRMATION_OK"
12610,10409289474,10409289520,1,"IOTHUB_CLIENT_CONFIRMATION_OK"
12611,10409289674,10409289721,1,"IOTHUB_CLIENT_CONFIRMATION_OK"
12612,10409289874,10409289920,1,"IOTHUB_CLIENT_CONFIRMATION_OK"
12613,10409290074,10409290251,1,"IOTHUB_CLIENT_CONFIRMATION_OK"
12614,10409290274,10409290318,1,"IOTHUB_CLIENT_CONFIRMATION_OK"
12615,10409290474,10409290568,1,"IOTHUB_CLIENT_CONFIRMATION_OK"
12616,10409290675,10409290827,1,"IOTHUB_CLIENT_CONFIRMATION_OK"
12617,10409290875,10409290916,1,"IOTHUB_CLIENT_CONFIRMATION_OK"
12618,10409291075,10409291121,1,"IOTHUB_CLIENT_CONFIRMATION_OK"
12619,10409291275,10409291325,1,"IOTHUB_CLIENT_CONFIRMATION_OK"
12620,10409291475,10409291521,1,"IOTHUB_CLIENT_CONFIRMATION_OK"
12621,10409291675,10409291751,1,"IOTHUB_CLIENT_CONFIRMATION_OK"
12622,10409291876,10409291925,1,"IOTHUB_CLIENT_CONFIRMATION_OK"
12623,10409292076,10409292264,1,"IOTHUB_CLIENT_CONFIRMATION_OK"
12624,10409292276,10409292319,1,"IOTHUB_CLIENT_CONFIRMATION_OK"
12625,10409292476,10409292541,1,"IOTHUB_CLIENT_CONFIRMATION_OK"
12626,10409292676,10409292744,1,"IOTHUB_CLIENT_CONFIRMATION_OK"
12627,10409292876,10409292924,1,"IOTHUB_CLIENT_CONFIRMATION_OK"
12628,10409293077,10409293131,1,"IOTHUB_CLIENT_CONFIRMATION_OK"
12629,10409293277,10409293321,1,"IOTHUB_CLIENT_CONFIRMATION_OK"
12630,10409293477,10409293732,1,"IOTHUB_CLIENT_CONFIRMATION_OK"
12631,10409293677,10409293794,1,"IOTHUB_CLIENT_CONFIRMATION_OK"
12632,10409293877,10409293939,1,"IOTHUB_CLIENT_CONFIRMATION_OK"
12633,10409294077,10409294123,1,"IOTHUB_CLIENT_CONFIRMATION_OK"
12634,10409294277,10409294345,1,"IOTHUB_CLIENT_CONFIRMATION_OK"
12635,10409294478,10409294523,1,"IOTHUB_CLIENT_CONFIRMATION_OK"
12636,10409294678,10409294779,1,"IOTHUB_CLIENT_CONFIRMATION_OK"
12637,10409294878,10409294926,1,"IOTHUB_CLIENT_CONFIRMATION_OK"
12638,10409295078,10409295126,1,"IOTHUB_CLIENT_CONFIRMATION_OK"
12639,10409295278,10409295325,1,"IOTHUB_CLIENT_CONFIRMATION_OK"
12640,10409295479,10409295530,1,"IOTHUB_CLIENT_CONFIRMATION_OK"
12641,10409295679,10409295801,1,"IOTHUB_CLIENT_CONFIRMATION_OK"
12642,10409295879,10409295920,1,"IOTHUB_CLIENT_CONFIRMATION_OK"
12643,10409296079,10409296139,1,"IOTHUB_CLIENT_CONFIRMATION_OK"
12644,10409296279,10409296318,1,"IOTHUB_CLIENT_CONFIRMATION_OK"
12645,10409296479,10409296534,1,"IOTHUB_CLIENT_CONFIRMATION_OK"
12646,10409296679,10409296726,1,"IOTHUB_CLIENT_CONFIRMATION_OK"
12647,10409296880,10409296926,1,"IOTHUB_CLIENT_CONFIRMATION_OK"
12648,10409297080,10409297186,1,"IOTHUB_CLIENT_CONFIRMATION_OK"
12649,10409297280,10409297333,1,"IOTHUB_CLIENT_CONFIRMATION_OK"
12650,10409297480,10409297532,1,"IOTHUB_CLIENT_CONFIRMATION_OK"
12651,10409297680,10409297743,1,"IOTHUB_CLIENT_CONFIRMATION_OK"
12652,10409297880,10409297936,1,"IOTHUB_CLIENT_CONFIRMATION_OK"
12653,10409298081,10409298134,1,"IOTHUB_CLIENT_CONFIRMATION_OK"
12654,10409298281,10409298332,1,"IOTHUB_CLIENT_CONFIRMATION_OK"
12655,10409298481,10409298597,1,"IOTHUB_CLIENT_CONFIRMATION_OK"
12656,10409298681,10409298727,1,"IOTHUB_CLIENT_CONFIRMATION_OK"
12657,10409298881,10409298938,1,"IOTHUB_CLIENT_CONFIRMATION_OK"
12658,10409299081,10409299140,1,"IOTHUB_CLIENT_CONFIRMATION_OK"
12659,10409299281,10409299327,1,"IOTHUB_CLIENT_CONFIRMATION_OK"
12660,10409299482,10409299628,1,"IOTHUB_CLIENT_CONFIRMATION_OK"
12661,10409299682,10409299723,1,"IOTHUB_CLIENT_CONFIRMATION_OK"
12662,10409299882,10409299932,1,"IOTHUB_CLIENT_CONFIRMATION_OK"
12663,10409300082,10409300130,1,"IOTHUB_CLIENT_CONFIRMATION_OK"
12664,10409300282,10409300331,1,"IOTHUB_CLIENT_CONFIRMATION_OK"
12665,10409300482,10409300523,1,"IOTHUB_CLIENT_CONFIRMATION_OK"
12666,10409300683,10409300769,1,"IOTHUB_CLIENT_CONFIRMATION_OK"
12667,10409300883,10409300974,1,"IOTHUB_CLIENT_CONFIRMATION_OK"
12668,10409301083,10409301124,1,"IOTHUB_CLIENT_CONFIRMATION_OK"
12669,10409301283,10409301321,1,"IOTHUB_CLIENT_CONFIRMATION_OK"
12670,10409301483,10409301520,1,"IOTHUB_CLIENT_CONFIRMATION_OK"
12671,10409301683,10409301739,1,"IOTHUB_CLIENT_CONFIRMATION_OK"
12672,10409301884,10409301924,1,"IOTHUB_CLIENT_CONFIRMATION_OK"
12673,10409302084,10409302127,1,"IOTHUB_CLIENT_CONFIRMATION_OK"
12674,10409302284,10409302336,1,"IOTHUB_CLIENT_CONFIRMATION_OK"
12675,10409302484,10409302522,1,"IOTHUB_CLIENT_CONFIRMATION_OK"
12676,10409302684,10409302739,1,"IOTHUB_CLIENT_CONFIRMATION_OK"
12677,10409302884,10409302940,1,"IOTHUB_CLIENT_CONFIRMATION_OK"
12678,10409303085,10409303216,1,"IOTHUB_CLIENT_CONFIRMATION_OK"
12679,10409303285,10409303324,1,"IOTHUB_CLIENT_CONFIRMATION_OK"
12680,10409303485,10409303629,1,"IOTHUB_CLIENT_CONFIRMATION_OK"
12681,10409303685,10409303725,1,"IOTHUB_CLIENT_CONFIRMATION_OK"
12682,10409303885,10409303936,1,"IOTHUB_CLIENT_CONFIRMATION_OK"
12683,10409304085,10409304132,1,"IOTHUB_CLIENT_CONFIRMATION_OK"
12684,10409304286,10409304332,1,"IOTHUB_CLIENT_CONFIRMATION_OK"
12685,10409304486,10409304528,1,"IOTHUB_CLIENT_CONFIRMATION_OK"
12686,10409304686,10409304733,1,"IOTHUB_CLIENT_CONFIRMATION_OK"
12687,10409304886,10409304930,1,"IOTHUB_CLIENT_CONFIRMATION_OK"
12688,10409305086,10409305155,1,"IOTHUB_CLIENT_CONFIRMATION_OK"
12689,10409305286,10409305334,1,"IOTHUB_CLIENT_CONFIRMATION_OK"
12690,10409305487,10409305537,1,"IOTHUB_CLIENT_CONFIRMATION_OK"
12691,10409305687,10409305747,1,"IOTHUB_CLIENT_CONFIRMATION_OK"
12692,10409305887,10409305947,1,"IOTHUB_CLIENT_CONFIRMATION_OK"
12693,10409306087,10409306261,1,"IOTHUB_CLIENT_CONFIRMATION_OK"
12694,10409306287,10409306350,1,"IOTHUB_CLIENT_CONFIRMATION_OK"
12695,10409306487,10409306569,1,"IOTHUB_CLIENT_CONFIRMATION_OK"
12696,10409306688,10409306736,1,"IOTHUB_CLIENT_CONFIRMATION_OK"
12697,10409306888,10409306937,1,"IOTHUB_CLIENT_CONFIRMATION_OK"
12698,10409307088,10409307157,1,"IOTHUB_CLIENT_CONFIRMATION_OK"
12699,10409307288,10409307330,1,"IOTHUB_CLIENT_CONFIRMATION_OK"
12700,10409307488,10409307527,1,"IOTHUB_CLIENT_CONFIRMATION_OK"
12701,10409307688,10409307725,1,"IOTHUB_CLIENT_CONFIRMATION_OK"
12702,10409307888,10409307985,1,"IOTHUB_CLIENT_CONFIRMATION_OK"
12703,10409308089,10409308132,1,"IOTHUB_CLIENT_CONFIRMATION_OK"
12704,10409308289,10409308340,1,"IOTHUB_CLIENT_CONFIRMATION_OK"
12705,10409308489,10409308596,1,"IOTHUB_CLIENT_CONFIRMATION_OK"
12706,10409308689,10409308746,1,"IOTHUB_CLIENT_CONFIRMATION_OK"
12707,10409308889,10409308932,1,"IOTHUB_CLIENT_CONFIRMATION_OK"
12708,10409309089,10409309205,1,"IOTHUB_CLIENT_CONFIRMATION_OK"
12709,10409309290,10409309468,1,"IOTHUB_CLIENT_CONFIRMATION_OK"
12710,10409309490,10409309534,1,"IOTHUB_CLIENT_CONFIRMATION_OK"
12711,10409309690,10409309769,1,"IOTHUB_CLIENT_CONFIRMATION_OK"
12712,10409309890,10409309961,1,"IOTHUB_CLIENT_CONFIRMATION_OK"
12713,10409310090,10409310135,1,"IOTHUB_CLIENT_CONFIRMATION_OK"
12714,10409310290,10409310328,1,"IOTHUB_CLIENT_CONFIRMATION_OK"
12715,10409310490,10409310528,1,"IOTHUB_CLIENT_CONFIRMATION_OK"
12716,10409310691,10409310744,1,"IOTHUB_CLIENT_CONFIRMATION_OK"
12717,10409310891,10409310938,1,"IOTHUB_CLIENT_CONFIRMATION_OK"
12718,10409311091,10409311194,1,"IOTHUB_CLIENT_CONFIRMATION_OK"
12719,10409311291,10409311342,1,"IOTHUB_CLIENT_CONFIRMATION_OK"
12720,10409311491,10409311565,1,"IOTHUB_CLIENT_CONFIRMATION_OK"
12721,10409311691,10409311734,1,"IOTHUB_CLIENT_CONFIRMATION_OK"
12722,10409311892,10409311934,1,"IOTHUB_CLIENT_CONFIRMATION_OK"
12723,10409312092,10409312136,1,"IOTHUB_CLIENT_CONFIRMATION_OK"
12724,10409312292,10409312361,1,"IOTHUB_CLIENT_CONFIRMATION_OK"
12725,10409312492,10409312575,1,"IOTHUB_CLIENT_CONFIRMATION_OK"
12726,10409312692,10409312738,1,"IOTHUB_CLIENT_CONFIRMATION_OK"
12727,10409312892,10409312987,1,"IOTHUB_CLIENT_CONFIRMATION_OK"
12728,10409313092,10409313142,1,"IOTHUB_CLIENT_CONFIRMATION_OK"
12729,10409313293,10409313342,1,"IOTHUB_CLIENT_CONFIRMATION_OK"
12730,10409313493,10409313579,1,"IOTHUB_CLIENT_CONFIRMATION_OK"
12731,10409313693,10409313761,1,"IOTHUB_CLIENT_CONFIRMATION_OK"
12732,10409313893,10409313942,1,"IOTHUB_CLIENT_CONFIRMATION_OK"
12733,10409314093,10409314149,1,"IOTHUB_CLIENT_CONFIRMATION_OK"
12734,10409314293,10409314396,1,"IOTHUB_CLIENT_CONFIRMATION_OK"
12735,10409314494,10409314541,1,"IOTHUB_CLIENT_CONFIRMATION_OK"
12736,10409314694,10409314747,1,"IOTHUB_CLIENT_CONFIRMATION_OK"
12737,10409314894,10409314957,1,"IOTHUB_CLIENT_CONFIRMATION_OK"
12738,10409315094,10409315134,1,"IOTHUB_CLIENT_CONFIRMATION_OK"
12739,10409315294,10409315348,1,"IOTHUB_CLIENT_CONFIRMATION_OK"
12740,10409315494,10409315638,1,"IOTHUB_CLIENT_CONFIRMATION_OK"
12741,10409315694,10409315899,1,"IOTHUB_CLIENT_CONFIRMATION_OK"
12742,10409315895,10409315938,1,"IOTHUB_CLIENT_CONFIRMATION_OK"
12743,10409316095,10409316140,1,"IOTHUB_CLIENT_CONFIRMATION_OK"
12744,10409316295,10409316345,1,"IOTHUB_CLIENT_CONFIRMATION_OK"
12745,10409316495,10409316539,1,"IOTHUB_CLIENT_CONFIRMATION_OK"
12746,10409316695,10409316743,1,"IOTHUB_CLIENT_CONFIRMATION_OK"
12747,10409316895,10409316943,1,"IOTHUB_CLIENT_CONFIRMATION_OK"
12748,10409317096,10409317146,1,"IOTHUB_CLIENT_CONFIRMATION_OK"
12749,10409317296,10409317355,1,"IOTHUB_CLIENT_CONFIRMATION_OK"
12750,10409317496,10409317565,1,"IOTHUB_CLIENT_CONFIRMATION_OK"
12751,10409317696,10409317740,1,"IOTHUB_CLIENT_CONFIRMATION_OK"
12752,10409317896,10409317973,1,"IOTHUB_CLIENT_CONFIRMATION_OK"
12753,10409318096,10409318171,1,"IOTHUB_CLIENT_CONFIRMATION_OK"
12754,10409318296,10409318499,1,"IOTHUB_CLIENT_CONFIRMATION_OK"
12755,10409318497,10409318714,1,"IOTHUB_CLIENT_CONFIRMATION_OK"
12756,10409318697,10409318792,1,"IOTHUB_CLIENT_CONFIRMATION_OK"
12757,10409318897,10409318934,1,"IOTHUB_CLIENT_CONFIRMATION_OK"
12758,10409319097,10409319139,1,"IOTHUB_CLIENT_CONFIRMATION_OK"
12759,10409319297,10409319354,1,"IOTHUB_CLIENT_CONFIRMATION_OK"
12760,10409319497,10409319546,1,"IOTHUB_CLIENT_CONFIRMATION_OK"
12761,10409319698,10409319736,1,"IOTHUB_CLIENT_CONFIRMATION_OK"
12762,10409319898,10409319959,1,"IOTHUB_CLIENT_CONFIRMATION_OK"
12763,10409320098,10409320142,1,"IOTHUB_CLIENT_CONFIRMATION_OK"
12764,10409320298,10409320340,1,"IOTHUB_CLIENT_CONFIRMATION_OK"
12765,10409320498,10409320537,1,"IOTHUB_CLIENT_CONFIRMATION_OK"
12766,10409320698,10409320756,1,"IOTHUB_CLIENT_CONFIRMATION_OK"
12767,10409320899,10409320959,1,"IOTHUB_CLIENT_CONFIRMATION_OK"
12768,10409321099,10409321137,1,"IOTHUB_CLIENT_CONFIRMATION_OK"
12769,10409321299,10409321348,1,"IOTHUB_CLIENT_CONFIRMATION_OK"
12770,10409321499,10409321583,1,"IOTHUB_CLIENT_CONFIRMATION_OK"
12771,10409321699,10409321742,1,"IOTHUB_CLIENT_CONFIRMATION_OK"
12772,10409321899,10409321955,1,"IOTHUB_CLIENT_CONFIRMATION_OK"
12773,10409322100,10409322165,1,"IOTHUB_CLIENT_CONFIRMATION_OK"
12774,10409322300,10409322352,1,"IOTHUB_CLIENT_CONFIRMATION_OK"
12775,10409322500,10409322548,1,"IOTHUB_CLIENT_CONFIRMATION_OK"
12776,10409322700,10409322741,1,"IOTHUB_CLIENT_CONFIRMATION_OK"
12777,10409322900,10409322982,1,"IOTHUB_CLIENT_CONFIRMATION_OK"
12778,10409323100,10409323171,1,"IOTHUB_CLIENT_CONFIRMATION_OK"
12779,10409323300,10409323360,1,"IOTHUB_CLIENT_CONFIRMATION_OK"
12780,10409323501,10409323587,1,"IOTHUB_CLIENT_CONFIRMATION_OK"
12781,10409323701,10409323754,1,"IOTHUB_CLIENT_CONFIRMATION_OK"
12782,10409323901,10409323965,1,"IOTHUB_CLIENT_CONFIRMATION_OK"
12783,10409324101,10409324161,1,"IOTHUB_CLIENT_CONFIRMATION_OK"
12784,10409324301,10409324398,1,"IOTHUB_CLIENT_CONFIRMATION_OK"
12785,10409324501,10409324550,1,"IOTHUB_CLIENT_CONFIRMATION_OK"
12786,10409324702,10409324763,1,"IOTHUB_CLIENT_CONFIRMATION_OK"
12787,10409324902,10409324948,1,"IOTHUB_CLIENT_CONFIRMATION_OK"
12788,10409325102,10409325164,1,"IOTHUB_CLIENT_CONFIRMATION_OK"
12789,10409325302,10409325340,1,"IOTHUB_CLIENT_CONFIRMATION_OK"
12790,10409325502,10409325559,1,"IOTHUB_CLIENT_CONFIRMATION_OK"
12791,10409325702,10409325816,1,"IOTHUB_CLIENT_CONFIRMATION_OK"
12792,10409325902,10409325946,1,"IOTHUB_CLIENT_CONFIRMATION_OK"
12793,10409326103,10409326152,1,"IOTHUB_CLIENT_CONFIRMATION_OK"
12794,10409326303,10409326336,1,"IOTHUB_CLIENT_CONFIRMATION_OK"
12795,10409326503,10409326553,1,"IOTHUB_CLIENT_CONFIRMATION_OK"
12796,10409326703,10409326756,1,"IOTHUB_CLIENT_CONFIRMATION_OK"
12797,10409326903,10409326963,1,"IOTHUB_CLIENT_CONFIRMATION_OK"
12798,10409327103,10409327348,1,"IOTHUB_CLIENT_CONFIRMATION_OK"
12799,10409327304,10409327375,1,"IOTHUB_CLIENT_CONFIRMATION_OK"
12800,10409327504,10409327541,1,"IOTHUB_CLIENT_CONFIRMATION_OK"
12801,10409327704,10409327793,1,"IOTHUB_CLIENT_CONFIRMATION_OK"
12802,10409327904,10409327963,1,"IOTHUB_CLIENT_CONFIRMATION_OK"
12803,10409328104,10409328143,1,"IOTHUB_CLIENT_CONFIRMATION_OK"
12804,10409328304,10409328354,1,"IOTHUB_CLIENT_CONFIRMATION_OK"
12805,10409328504,10409328585,1,"IOTHUB_CLIENT_CONFIRMATION_OK"
12806,10409328705,10409328744,1,"IOTHUB_CLIENT_CONFIRMATION_OK"
12807,10409328905,10409328947,1,"IOTHUB_CLIENT_CONFIRMATION_OK"
12808,10409329105,10409329165,1,"IOTHUB_CLIENT_CONFIRMATION_OK"
12809,10409329305,10409329399,1,"IOTHUB_CLIENT_CONFIRMATION_OK"
12810,10409329505,10409329552,1,"IOTHUB_CLIENT_CONFIRMATION_OK"
12811,10409329705,10409329750,1,"IOTHUB_CLIENT_CONFIRMATION_OK"
12812,10409329906,10409329945,1,"IOTHUB_CLIENT_CONFIRMATION_OK"
12813,10409330106,10409330164,1,"IOTHUB_CLIENT_CONFIRMATION_OK"
12814,10409330306,10409330353,1,"IOTHUB_CLIENT_CONFIRMATION_OK"
12815,10409330506,10409330599,1,"IOTHUB_CLIENT_CONFIRMATION_OK"
12816,10409330706,10409331160,1,"IOTHUB_CLIENT_CONFIRMATION_OK"
12817,10409330906,10409331261,1,"IOTHUB_CLIENT_CONFIRMATION_OK"
12818,10409331106,10409331324,1,"IOTHUB_CLIENT_CONFIRMATION_OK"
12819,10409331307,10409331362,1,"IOTHUB_CLIENT_CONFIRMATION_OK"
12820,10409331507,10409331562,1,"IOTHUB_CLIENT_CONFIRMATION_OK"
12821,10409331707,10409331746,1,"IOTHUB_CLIENT_CONFIRMATION_OK"
12822,10409331907,10409332002,1,"IOTHUB_CLIENT_CONFIRMATION_OK"
12823,10409332107,10409332295,1,"IOTHUB_CLIENT_CONFIRMATION_OK"
12824,10409332307,10409332367,1,"IOTHUB_CLIENT_CONFIRMATION_OK"
12825,10409332507,10409332558,1,"IOTHUB_CLIENT_CONFIRMATION_OK"
12826,10409332708,10409332745,1,"IOTHUB_CLIENT_CONFIRMATION_OK"
12827,10409332908,10409332949,1,"IOTHUB_CLIENT_CONFIRMATION_OK"
12828,10409333108,10409333150,1,"IOTHUB_CLIENT_CONFIRMATION_OK"
12829,10409333308,10409333350,1,"IOTHUB_CLIENT_CONFIRMATION_OK"
12830,10409333508,10409333696,1,"IOTHUB_CLIENT_CONFIRMATION_OK"
12831,10409333708,10409333790,1,"IOTHUB_CLIENT_CONFIRMATION_OK"
12832,10409333909,10409334014,1,"IOTHUB_CLIENT_CONFIRMATION_OK"
12833,10409334109,10409334151,1,"IOTHUB_CLIENT_CONFIRMATION_OK"
12834,10409334309,10409334356,1,"IOTHUB_CLIENT_CONFIRMATION_OK"
12835,10409334509,10409334546,1,"IOTHUB_CLIENT_CONFIRMATION_OK"
12836,10409334709,10409334752,1,"IOTHUB_CLIENT_CONFIRMATION_OK"
12837,10409334909,10409334950,1,"IOTHUB_CLIENT_CONFIRMATION_OK"
12838,10409335109,10409335166,1,"IOTHUB_CLIENT_CONFIRMATION_OK"
12839,10409335310,10409335362,1,"IOTHUB_CLIENT_CONFIRMATION_OK"
12840,10409335510,10409335582,1,"IOTHUB_CLIENT_CONFIRMATION_OK"
12841,10409335710,10409335753,1,"IOTHUB_CLIENT_CONFIRMATION_OK"
12842,10409335910,10409335973,1,"IOTHUB_CLIENT_CONFIRMATION_OK"
12843,10409336110,10409336163,1,"IOTHUB_CLIENT_CONFIRMATION_OK"
12844,10409336310,10409336351,1,"IOTHUB_CLIENT_CONFIRMATION_OK"
12845,10409336511,10409336556,1,"IOTHUB_CLIENT_CONFIRMATION_OK"
12846,10409336711,10409336753,1,"IOTHUB_CLIENT_CONFIRMATION_OK"
12847,10409336911,10409336964,1,"IOTHUB_CLIENT_CONFIRMATION_OK"
12848,10409337111,10409337258,1,"IOTHUB_CLIENT_CONFIRMATION_OK"
12849,10409337311,10409337359,1,"IOTHUB_CLIENT_CONFIRMATION_OK"
12850,10409337511,10409337570,1,"IOTHUB_CLIENT_CONFIRMATION_OK"
12851,10409337712,10409337769,1,"IOTHUB_CLIENT_CONFIRMATION_OK"
12852,10409337912,10409337986,1,"IOTHUB_CLIENT_CONFIRMATION_OK"
12853,10409338112,10409338178,1,"IOTHUB_CLIENT_CONFIRMATION_OK"
12854,10409338312,10409338395,1,"IOTHUB_CLIENT_CONFIRMATION_OK"
12855,10409338512,10409338614,1,"IOTHUB_CLIENT_CONFIRMATION_OK"
12856,10409338712,10409338760,1,"IOTHUB_CLIENT_CONFIRMATION_OK"
12857,10409338912,10409338962,1,"IOTHUB_CLIENT_CONFIRMATION_OK"
12858,10409339113,10409339171,1,"IOTHUB_CLIENT_CONFIRMATION_OK"
12859,10409339313,10409339443,1,"IOTHUB_CLIENT_CONFIRMATION_OK"
12860,10409339513,10409339594,1,"IOTHUB_CLIENT_CONFIRMATION_OK"
12861,10409339713,10409339775,1,"IOTHUB_CLIENT_CONFIRMATION_OK"
12862,10409339913,10409339952,1,"IOTHUB_CLIENT_CONFIRMATION_OK"
12863,10409340113,10409340155,1,"IOTHUB_CLIENT_CONFIRMATION_OK"
12864,10409340314,10409340358,1,"IOTHUB_CLIENT_CONFIRMATION_OK"
12865,10409340514,10409340622,1,"IOTHUB_CLIENT_CONFIRMATION_OK"
12866,10409340714,10409340875,1,"IOTHUB_CLIENT_CONFIRMATION_OK"
12867,10409340914,10409340949,1,"IOTHUB_CLIENT_CONFIRMATION_OK"
12868,10409341114,10409341167,1,"IOTHUB_CLIENT_CONFIRMATION_OK"
12869,10409341314,10409341383,1,"IOTHUB_CLIENT_CONFIRMATION_OK"
12870,10409341514,10409341559,1,"IOTHUB_CLIENT_CONFIRMATION_OK"
12871,10409341715,10409341766,1,"IOTHUB_CLIENT_CONFIRMATION_OK"
12872,10409341915,10409341971,1,"IOTHUB_CLIENT_CONFIRMATION_OK"
12873,10409342115,10409342284,1,"IOTHUB_CLIENT_CONFIRMATION_OK"
12874,10409342315,10409342354,1,"IOTHUB_CLIENT_CONFIRMATION_OK"
12875,10409342515,10409342574,1,"IOTHUB_CLIENT_CONFIRMATION_OK"
12876,10409342715,10409342782,1,"IOTHUB_CLIENT_CONFIRMATION_OK"
12877,10409342915,10409342980,1,"IOTHUB_CLIENT_CONFIRMATION_OK"
12878,10409343116,10409343175,1,"IOTHUB_CLIENT_CONFIRMATION_OK"
12879,10409343316,10409343360,1,"IOTHUB_CLIENT_CONFIRMATION_OK"
12880,10409343516,10409343700,1,"IOTHUB_CLIENT_CONFIRMATION_OK"
12881,10409343716,10409343760,1,"IOTHUB_CLIENT_CONFIRMATION_OK"
12882,10409343916,10409344026,1,"IOTHUB_CLIENT_CONFIRMATION_OK"
12883,10409344116,10409344158,1,"IOTHUB_CLIENT_CONFIRMATION_OK"
12884,10409344317,10409344393,1,"IOTHUB_CLIENT_CONFIRMATION_OK"
12885,10409344517,10409344567,1,"IOTHUB_CLIENT_CONFIRMATION_OK"
12886,10409344717,10409344753,1,"IOTHUB_CLIENT_CONFIRMATION_OK"
12887,10409344917,10409344991,1,"IOTHUB_CLIENT_CONFIRMATION_OK"
12888,10409345117,10409345170,1,"IOTHUB_CLIENT_CONFIRMATION_OK"
12889,10409345317,10409345372,1,"IOTHUB_CLIENT_CONFIRMATION_OK"
12890,10409345517,10409345557,1,"IOTHUB_CLIENT_CONFIRMATION_OK"
12891,10409345718,10409345781,1,"IOTHUB_CLIENT_CONFIRMATION_OK"
12892,10409345918,10409346011,1,"IOTHUB_CLIENT_CONFIRMATION_OK"
12893,10409346118,10409346180,1,"IOTHUB_CLIENT_CONFIRMATION_OK"
12894,10409346318,10409346366,1,"IOTHUB_CLIENT_CONFIRMATION_OK"
12895,10409346518,10409346575,1,"IOTHUB_CLIENT_CONFIRMATION_OK"
12896,10409346718,10409346774,1,"IOTHUB_CLIENT_CONFIRMATION_OK"
12897,10409346919,10409346972,1,"IOTHUB_CLIENT_CONFIRMATION_OK"
12898,10409347119,10409347161,1,"IOTHUB_CLIENT_CONFIRMATION_OK"
12899,10409347319,10409347369,1,"IOTHUB_CLIENT_CONFIRMATION_OK"
12900,10409347519,10409347576,1,"IOTHUB_CLIENT_CONFIRMATION_OK"
12901,10409347719,10409347756,1,"IOTHUB_CLIENT_CONFIRMATION_OK"
12902,10409347919,10409347978,1,"IOTHUB_CLIENT_CONFIRMATION_OK"
12903,10409348119,10409348158,1,"IOTHUB_CLIENT_CONFIRMATION_OK"
12904,10409348320,10409348383,1,"IOTHUB_CLIENT_CONFIRMATION_OK"
12905,10409348520,10409348598,1,"IOTHUB_CLIENT_CONFIRMATION_OK"
12906,10409348720,10409348790,1,"IOTHUB_CLIENT_CONFIRMATION_OK"
12907,10409348920,10409348971,1,"IOTHUB_CLIENT_CONFIRMATION_OK"
12908,10409349120,10409349175,1,"IOTHUB_CLIENT_CONFIRMATION_OK"
12909,10409349320,10409349409,1,"IOTHUB_CLIENT_CONFIRMATION_OK"
12910,10409349521,10409349569,1,"IOTHUB_CLIENT_CONFIRMATION_OK"
12911,10409349721,10409349781,1,"IOTHUB_CLIENT_CONFIRMATION_OK"
12912,10409349921,10409349984,1,"IOTHUB_CLIENT_CONFIRMATION_OK"
12913,10409350121,10409350240,1,"IOTHUB_CLIENT_CONFIRMATION_OK"
12914,10409350321,10409350359,1,"IOTHUB_CLIENT_CONFIRMATION_OK"
12915,10409350521,10409350573,1,"IOTHUB_CLIENT_CONFIRMATION_OK"
12916,10409350721,10409350845,1,"IOTHUB_CLIENT_CONFIRMATION_OK"
12917,10409350922,10409350983,1,"IOTHUB_CLIENT_CONFIRMATION_OK"
12918,10409351122,10409351185,1,"IOTHUB_CLIENT_CONFIRMATION_OK"
12919,10409351322,10409351368,1,"IOTHUB_CLIENT_CONFIRMATION_OK"
12920,10409351522,10409351630,1,"IOTHUB_CLIENT_CONFIRMATION_OK"
12921,10409351722,10409351796,1,"IOTHUB_CLIENT_CONFIRMATION_OK"
12922,10409351922,10409351977,1,"IOTHUB_CLIENT_CONFIRMATION_OK"
12923,10409352123,10409352242,1,"IOTHUB_CLIENT_CONFIRMATION_OK"
12924,10409352323,10409352366,1,"IOTHUB_CLIENT_CONFIRMATION_OK"
12925,10409352523,10409352577,1,"IOTHUB_CLIENT_CONFIRMATION_OK"
12926,10409352723,10409352782,1,"IOTHUB_CLIENT_CONFIRMATION_OK"
12927,10409352923,10409352979,1,"IOTHUB_CLIENT_CONFIRMATION_OK"
12928,10409353123,10409353169,1,"IOTHUB_CLIENT_CONFIRMATION_OK"
12929,10409353323,10409353383,1,"IOTHUB_CLIENT_CONFIRMATION_OK"
12930,10409353524,10409353790,1,"IOTHUB_CLIENT_CONFIRMATION_OK"
12931,10409353724,10409353837,1,"IOTHUB_CLIENT_CONFIRMATION_OK"
12932,10409353924,10409353977,1,"IOTHUB_CLIENT_CONFIRMATION_OK"
12933,10409354124,10409354165,1,"IOTHUB_CLIENT_CONFIRMATION_OK"
12934,10409354324,10409354379,1,"IOTHUB_CLIENT_CONFIRMATION_OK"
12935,10409354524,10409354570,1,"IOTHUB_CLIENT_CONFIRMATION_OK"
12936,10409354725,10409354775,1,"IOTHUB_CLIENT_CONFIRMATION_OK"
12937,10409354925,10409354976,1,"IOTHUB_CLIENT_CONFIRMATION_OK"
12938,10409355125,10409355186,1,"IOTHUB_CLIENT_CONFIRMATION_OK"
12939,10409355325,10409355371,1,"IOTHUB_CLIENT_CONFIRMATION_OK"
12940,10409355525,10409355590,1,"IOTHUB_CLIENT_CONFIRMATION_OK"
12941,10409355725,10409355775,1,"IOTHUB_CLIENT_CONFIRMATION_OK"
12942,10409355925,10409355971,1,"IOTHUB_CLIENT_CONFIRMATION_OK"
12943,10409356126,10409356165,1,"IOTHUB_CLIENT_CONFIRMATION_OK"
12944,10409356326,10409356365,1,"IOTHUB_CLIENT_CONFIRMATION_OK"
12945,10409356526,10409356577,1,"IOTHUB_CLIENT_CONFIRMATION_OK"
12946,10409356726,10409356781,1,"IOTHUB_CLIENT_CONFIRMATION_OK"
12947,10409356926,10409356976,1,"IOTHUB_CLIENT_CONFIRMATION_OK"
12948,10409357126,10409357194,1,"IOTHUB_CLIENT_CONFIRMATION_OK"
12949,10409357326,10409357399,1,"IOTHUB_CLIENT_CONFIRMATION_OK"
12950,10409357527,10409357591,1,"IOTHUB_CLIENT_CONFIRMATION_OK"
12951,10409357727,10409357795,1,"IOTHUB_CLIENT_CONFIRMATION_OK"
12952,10409357927,10409358031,1,"IOTHUB_CLIENT_CONFIRMATION_OK"
12953,10409358127,10409358192,1,"IOTHUB_CLIENT_CONFIRMATION_OK"
12954,10409358327,10409358368,1,"IOTHUB_CLIENT_CONFIRMATION_OK"
12955,10409358527,10409358621,1,"IOTHUB_CLIENT_CONFIRMATION_OK"
12956,10409358728,10409358781,1,"IOTHUB_CLIENT_CONFIRMATION_OK"
12957,10409358928,10409359006,1,"IOTHUB_CLIENT_CONFIRMATION_OK"
12958,10409359128,10409359172,1,"IOTHUB_CLIENT_CONFIRMATION_OK"
12959,10409359328,10409359457,1,"IOTHUB_CLIENT_CONFIRMATION_OK"
12960,10409359528,10409359566,1,"IOTHUB_CLIENT_CONFIRMATION_OK"
12961,10409359728,10409359776,1,"IOTHUB_CLIENT_CONFIRMATION_OK"
12962,10409359929,10409359982,1,"IOTHUB_CLIENT_CONFIRMATION_OK"
12963,10409360129,10409360189,1,"IOTHUB_CLIENT_CONFIRMATION_OK"
12964,10409360329,10409360377,1,"IOTHUB_CLIENT_CONFIRMATION_OK"
12965,10409360529,10409360578,1,"IOTHUB_CLIENT_CONFIRMATION_OK"
12966,10409360729,10409360863,1,"IOTHUB_CLIENT_CONFIRMATION_OK"
12967,10409360929,10409361002,1,"IOTHUB_CLIENT_CONFIRMATION_OK"
12968,10409361129,10409361203,1,"IOTHUB_CLIENT_CONFIRMATION_OK"
12969,10409361330,10409361367,1,"IOTHUB_CLIENT_CONFIRMATION_OK"
12970,10409361530,10409361574,1,"IOTHUB_CLIENT_CONFIRMATION_OK"
12971,10409361730,10409361771,1,"IOTHUB_CLIENT_CONFIRMATION_OK"
12972,10409361930,10409361986,1,"IOTHUB_CLIENT_CONFIRMATION_OK"
12973,10409362130,10409362278,1,"IOTHUB_CLIENT_CONFIRMATION_OK"
12974,10409362330,10409362386,1,"IOTHUB_CLIENT_CONFIRMATION_OK"
12975,10409362530,10409362604,1,"IOTHUB_CLIENT_CONFIRMATION_OK"
12976,10409362731,10409362782,1,"IOTHUB_CLIENT_CONFIRMATION_OK"
12977,10409362931,10409362972,1,"IOTHUB_CLIENT_CONFIRMATION_OK"
12978,10409363131,10409363188,1,"IOTHUB_CLIENT_CONFIRMATION_OK"
12979,10409363331,10409363458,1,"IOTHUB_CLIENT_CONFIRMATION_OK"
12980,10409363531,10409363731,1,"IOTHUB_CLIENT_CONFIRMATION_OK"
12981,10409363731,10409363779,1,"IOTHUB_CLIENT_CONFIRMATION_OK"
12982,10409363932,10409363984,1,"IOTHUB_CLIENT_CONFIRMATION_OK"
12983,10409364132,10409364189,1,"IOTHUB_CLIENT_CONFIRMATION_OK"
12984,10409364332,10409364373,1,"IOTHUB_CLIENT_CONFIRMATION_OK"
12985,10409364532,10409364569,1,"IOTHUB_CLIENT_CONFIRMATION_OK"
12986,10409364732,10409364809,1,"IOTHUB_CLIENT_CONFIRMATION_OK"
12987,10409364932,10409365010,1,"IOTHUB_CLIENT_CONFIRMATION_OK"
12988,10409365132,10409365169,1,"IOTHUB_CLIENT_CONFIRMATION_OK"
12989,10409365333,10409365379,1,"IOTHUB_CLIENT_CONFIRMATION_OK"
12990,10409365533,10409365569,1,"IOTHUB_CLIENT_CONFIRMATION_OK"
12991,10409365733,10409365819,1,"IOTHUB_CLIENT_CONFIRMATION_OK"
12992,10409365933,10409365997,1,"IOTHUB_CLIENT_CONFIRMATION_OK"
12993,10409366133,10409366172,1,"IOTHUB_CLIENT_CONFIRMATION_OK"
12994,10409366333,10409366441,1,"IOTHUB_CLIENT_CONFIRMATION_OK"
12995,10409366534,10409366632,1,"IOTHUB_CLIENT_CONFIRMATION_OK"
12996,10409366734,10409366794,1,"IOTHUB_CLIENT_CONFIRMATION_OK"
12997,10409366934,10409366996,1,"IOTHUB_CLIENT_CONFIRMATION_OK"
12998,10409367134,10409367236,1,"IOTHUB_CLIENT_CONFIRMATION_OK"
12999,10409367334,10409367391,1,"IOTHUB_CLIENT_CONFIRMATION_OK"
13000,10409367534,10409367579,1,"IOTHUB_CLIENT_CONFIRMATION_OK"
13001,10409367734,10409367806,1,"IOTHUB_CLIENT_CONFIRMATION_OK"
13002,10409367935,10409368035,1,"IOTHUB_CLIENT_CONFIRMATION_OK"
13003,10409368135,10409368175,1,"IOTHUB_CLIENT_CONFIRMATION_OK"
13004,10409368335,10409368435,1,"IOTHUB_CLIENT_CONFIRMATION_OK"
13005,10409368535,10409368665,1,"IOTHUB_CLIENT_CONFIRMATION_OK"
13006,10409368735,10409368781,1,"IOTHUB_CLIENT_CONFIRMATION_OK"
13007,10409368935,10409368983,1,"IOTHUB_CLIENT_CONFIRMATION_OK"
13008,10409369135,10409369206,1,"IOTHUB_CLIENT_CONFIRMATION_OK"
13009,10409369336,10409369451,1,"IOTHUB_CLIENT_CONFIRMATION_OK"
13010,10409369536,10409369649,1,"IOTHUB_CLIENT_CONFIRMATION_OK"
13011,10409369736,10409369780,1,"IOTHUB_CLIENT_CONFIRMATION_OK"
13012,10409369936,10409369990,1,"IOTHUB_CLIENT_CONFIRMATION_OK"
13013,10409370136,10409370188,1,"IOTHUB_CLIENT_CONFIRMATION_OK"
13014,10409370336,10409370395,1,"IOTHUB_CLIENT_CONFIRMATION_OK"
13015,10409370536,10409370590,1,"IOTHUB_CLIENT_CONFIRMATION_OK"
13016,10409370737,10409370909,1,"IOTHUB_CLIENT_CONFIRMATION_OK"
13017,10409370937,10409370979,1,"IOTHUB_CLIENT_CONFIRMATION_OK"
13018,10409371137,10409371189,1,"IOTHUB_CLIENT_CONFIRMATION_OK"
13019,10409371337,10409371388,1,"IOTHUB_CLIENT_CONFIRMATION_OK"
13020,10409371537,10409371586,1,"IOTHUB_CLIENT_CONFIRMATION_OK"
13021,10409371737,10409371780,1,"IOTHUB_CLIENT_CONFIRMATION_OK"
13022,10409371938,10409371984,1,"IOTHUB_CLIENT_CONFIRMATION_OK"
13023,10409372138,10409372313,1,"IOTHUB_CLIENT_CONFIRMATION_OK"
13024,10409372338,10409372390,1,"IOTHUB_CLIENT_CONFIRMATION_OK"
13025,10409372538,10409372583,1,"IOTHUB_CLIENT_CONFIRMATION_OK"
13026,10409372738,10409372785,1,"IOTHUB_CLIENT_CONFIRMATION_OK"
13027,10409372938,10409372978,1,"IOTHUB_CLIENT_CONFIRMATION_OK"
13028,10409373138,10409373194,1,"IOTHUB_CLIENT_CONFIRMATION_OK"
13029,10409373339,10409373385,1,"IOTHUB_CLIENT_CONFIRMATION_OK"
13030,10409373539,10409373735,1,"IOTHUB_CLIENT_CONFIRMATION_OK"
13031,10409373739,10409373778,1,"IOTHUB_CLIENT_CONFIRMATION_OK"
13032,10409373939,10409373996,1,"IOTHUB_CLIENT_CONFIRMATION_OK"
13033,10409374139,10409374193,1,"IOTHUB_CLIENT_CONFIRMATION_OK"
13034,10409374339,10409374378,1,"IOTHUB_CLIENT_CONFIRMATION_OK"
13035,10409374539,10409374590,1,"IOTHUB_CLIENT_CONFIRMATION_OK"
13036,10409374740,10409374794,1,"IOTHUB_CLIENT_CONFIRMATION_OK"
13037,10409374940,10409374998,1,"IOTHUB_CLIENT_CONFIRMATION_OK"
13038,10409375140,10409375202,1,"IOTHUB_CLIENT_CONFIRMATION_OK"
13039,10409375340,10409375389,1,"IOTHUB_CLIENT_CONFIRMATION_OK"
13040,10409375540,10409375589,1,"IOTHUB_CLIENT_CONFIRMATION_OK"
13041,10409375740,10409375787,1,"IOTHUB_CLIENT_CONFIRMATION_OK"
13042,10409375941,10409375998,1,"IOTHUB_CLIENT_CONFIRMATION_OK"
13043,10409376141,10409376207,1,"IOTHUB_CLIENT_CONFIRMATION_OK"
13044,10409376341,10409376400,1,"IOTHUB_CLIENT_CONFIRMATION_OK"
13045,10409376541,10409376586,1,"IOTHUB_CLIENT_CONFIRMATION_OK"
13046,10409376741,10409376804,1,"IOTHUB_CLIENT_CONFIRMATION_OK"
13047,10409376941,10409376978,1,"IOTHUB_CLIENT_CONFIRMATION_OK"
13048,10409377142,10409377231,1,"IOTHUB_CLIENT_CONFIRMATION_OK"
13049,10409377342,10409377389,1,"IOTHUB_CLIENT_CONFIRMATION_OK"
13050,10409377542,10409377584,1,"IOTHUB_CLIENT_CONFIRMATION_OK"
13051,10409377742,10409377783,1,"IOTHUB_CLIENT_CONFIRMATION_OK"
13052,10409377942,10409378027,1,"IOTHUB_CLIENT_CONFIRMATION_OK"
13053,10409378142,10409378190,1,"IOTHUB_CLIENT_CONFIRMATION_OK"
13054,10409378343,10409378394,1,"IOTHUB_CLIENT_CONFIRMATION_OK"
13055,10409378543,10409378590,1,"IOTHUB_CLIENT_CONFIRMATION_OK"
13056,10409378743,10409378792,1,"IOTHUB_CLIENT_CONFIRMATION_OK"
13057,10409378943,10409378990,1,"IOTHUB_CLIENT_CONFIRMATION_OK"
13058,10409379143,10409379190,1,"IOTHUB_CLIENT_CONFIRMATION_OK"
13059,10409379343,10409379448,1,"IOTHUB_CLIENT_CONFIRMATION_OK"
13060,10409379544,10409379625,1,"IOTHUB_CLIENT_CONFIRMATION_OK"
13061,10409379744,10409379811,1,"IOTHUB_CLIENT_CONFIRMATION_OK"
13062,10409379944,10409379985,1,"IOTHUB_CLIENT_CONFIRMATION_OK"
13063,10409380144,10409380201,1,"IOTHUB_CLIENT_CONFIRMATION_OK"
13064,10409380344,10409380384,1,"IOTHUB_CLIENT_CONFIRMATION_OK"
13065,10409380544,10409380661,1,"IOTHUB_CLIENT_CONFIRMATION_OK"
13066,10409380745,10409380889,1,"IOTHUB_CLIENT_CONFIRMATION_OK"
13067,10409380945,10409381001,1,"IOTHUB_CLIENT_CONFIRMATION_OK"
13068,10409381145,10409381235,1,"IOTHUB_CLIENT_CONFIRMATION_OK"
13069,10409381345,10409381442,1,"IOTHUB_CLIENT_CONFIRMATION_OK"
13070,10409381545,10409381624,1,"IOTHUB_CLIENT_CONFIRMATION_OK"
13071,10409381746,10409381797,1,"IOTHUB_CLIENT_CONFIRMATION_OK"
13072,10409381946,10409381993,1,"IOTHUB_CLIENT_CONFIRMATION_OK"
13073,10409382146,10409382189,1,"IOTHUB_CLIENT_CONFIRMATION_OK"
13074,10409382346,10409382428,1,"IOTHUB_CLIENT_CONFIRMATION_OK"
13075,10409382546,10409382581,1,"IOTHUB_CLIENT_CONFIRMATION_OK"
13076,10409382746,10409382787,1,"IOTHUB_CLIENT_CONFIRMATION_OK"
13077,10409382947,10409382993,1,"IOTHUB_CLIENT_CONFIRMATION_OK"
13078,10409383147,10409383193,1,"IOTHUB_CLIENT_CONFIRMATION_OK"
13079,10409383347,10409383429,1,"IOTHUB_CLIENT_CONFIRMATION_OK"
13080,10409383547,10409383831,1,"IOTHUB_CLIENT_CONFIRMATION_OK"
13081,10409383747,10409383859,1,"IOTHUB_CLIENT_CONFIRMATION_OK"
13082,10409383947,10409384110,1,"IOTHUB_CLIENT_CONFIRMATION_OK"
13083,10409384147,10409384213,1,"IOTHUB_CLIENT_CONFIRMATION_OK"
13084,10409384348,10409384453,1,"IOTHUB_CLIENT_CONFIRMATION_OK"
13085,10409384548,10409384589,1,"IOTHUB_CLIENT_CONFIRMATION_OK"
13086,10409384748,10409384863,1,"IOTHUB_CLIENT_CONFIRMATION_OK"
13087,10409384948,10409384993,1,"IOTHUB_CLIENT_CONFIRMATION_OK"
13088,10409385148,10409385191,1,"IOTHUB_CLIENT_CONFIRMATION_OK"
13089,10409385348,10409385416,1,"IOTHUB_CLIENT_CONFIRMATION_OK"
13090,10409385549,10409385598,1,"IOTHUB_CLIENT_CONFIRMATION_OK"
13091,10409385749,10409385911,1,"IOTHUB_CLIENT_CONFIRMATION_OK"
13092,10409385949,10409386002,1,"IOTHUB_CLIENT_CONFIRMATION_OK"
13093,10409386149,10409386192,1,"IOTHUB_CLIENT_CONFIRMATION_OK"
13094,10409386349,10409386402,1,"IOTHUB_CLIENT_CONFIRMATION_OK"
13095,10409386549,10409386601,1,"IOTHUB_CLIENT_CONFIRMATION_OK"
13096,10409386750,10409386851,1,"IOTHUB_CLIENT_CONFIRMATION_OK"
13097,10409386950,10409387012,1,"IOTHUB_CLIENT_CONFIRMATION_OK"
13098,10409387150,10409387326,1,"IOTHUB_CLIENT_CONFIRMATION_OK"
13099,10409387350,10409387422,1,"IOTHUB_CLIENT_CONFIRMATION_OK"
13100,10409387550,10409387608,1,"IOTHUB_CLIENT_CONFIRMATION_OK"
13101,10409387750,10409387812,1,"IOTHUB_CLIENT_CONFIRMATION_OK"
13102,10409387951,10409388012,1,"IOTHUB_CLIENT_CONFIRMATION_OK"
13103,10409388151,10409388204,1,"IOTHUB_CLIENT_CONFIRMATION_OK"
13104,10409388351,10409388429,1,"IOTHUB_CLIENT_CONFIRMATION_OK"
13105,10409388551,10409388733,1,"IOTHUB_CLIENT_CONFIRMATION_OK"
13106,10409388751,10409388788,1,"IOTHUB_CLIENT_CONFIRMATION_OK"
13107,10409388951,10409389014,1,"IOTHUB_CLIENT_CONFIRMATION_OK"
13108,10409389151,10409389214,1,"IOTHUB_CLIENT_CONFIRMATION_OK"
13109,10409389352,10409389404,1,"IOTHUB_CLIENT_CONFIRMATION_OK"
13110,10409389552,10409389593,1,"IOTHUB_CLIENT_CONFIRMATION_OK"
13111,10409389752,10409389803,1,"IOTHUB_CLIENT_CONFIRMATION_OK"
13112,10409389952,10409390005,1,"IOTHUB_CLIENT_CONFIRMATION_OK"
13113,10409390152,10409390291,1,"IOTHUB_CLIENT_CONFIRMATION_OK"
13114,10409390352,10409390396,1,"IOTHUB_CLIENT_CONFIRMATION_OK"
13115,10409390553,10409390624,1,"IOTHUB_CLIENT_CONFIRMATION_OK"
13116,10409390753,10409390806,1,"IOTHUB_CLIENT_CONFIRMATION_OK"
13117,10409390953,10409391011,1,"IOTHUB_CLIENT_CONFIRMATION_OK"
13118,10409391153,10409391199,1,"IOTHUB_CLIENT_CONFIRMATION_OK"
13119,10409391353,10409391460,1,"IOTHUB_CLIENT_CONFIRMATION_OK"
13120,10409391553,10409391613,1,"IOTHUB_CLIENT_CONFIRMATION_OK"
13121,10409391754,10409391813,1,"IOTHUB_CLIENT_CONFIRMATION_OK"
13122,10409391954,10409392020,1,"IOTHUB_CLIENT_CONFIRMATION_OK"
13123,10409392154,10409392197,1,"IOTHUB_CLIENT_CONFIRMATION_OK"
13124,10409392354,10409392392,1,"IOTHUB_CLIENT_CONFIRMATION_OK"
13125,10409392554,10409392602,1,"IOTHUB_CLIENT_CONFIRMATION_OK"
13126,10409392754,10409392790,1,"IOTHUB_CLIENT_CONFIRMATION_OK"
13127,10409392954,10409393013,1,"IOTHUB_CLIENT_CONFIRMATION_OK"
13128,10409393155,10409393194,1,"IOTHUB_CLIENT_CONFIRMATION_OK"
13129,10409393355,10409393456,1,"IOTHUB_CLIENT_CONFIRMATION_OK"
13130,10409393555,10409393683,1,"IOTHUB_CLIENT_CONFIRMATION_OK"
13131,10409393755,10409393795,1,"IOTHUB_CLIENT_CONFIRMATION_OK"
13132,10409393955,10409393993,1,"IOTHUB_CLIENT_CONFIRMATION_OK"
13133,10409394155,10409394212,1,"IOTHUB_CLIENT_CONFIRMATION_OK"
13134,10409394356,10409394433,1,"IOTHUB_CLIENT_CONFIRMATION_OK"
13135,10409394556,10409394599,1,"IOTHUB_CLIENT_CONFIRMATION_OK"
13136,10409394756,10409394801,1,"IOTHUB_CLIENT_CONFIRMATION_OK"
13137,10409394956,10409395004,1,"IOTHUB_CLIENT_CONFIRMATION_OK"
13138,10409395156,10409395205,1,"IOTHUB_CLIENT_CONFIRMATION_OK"
13139,10409395356,10409395400,1,"IOTHUB_CLIENT_CONFIRMATION_OK"
13140,10409395557,10409395609,1,"IOTHUB_CLIENT_CONFIRMATION_OK"
13141,10409395757,10409395828,1,"IOTHUB_CLIENT_CONFIRMATION_OK"
13142,10409395957,10409395996,1,"IOTHUB_CLIENT_CONFIRMATION_OK"
13143,10409396157,10409396309,1,"IOTHUB_CLIENT_CONFIRMATION_OK"
13144,10409396357,10409396439,1,"IOTHUB_CLIENT_CONFIRMATION_OK"
13145,10409396557,10409396626,1,"IOTHUB_CLIENT_CONFIRMATION_OK"
13146,10409396758,10409396810,1,"IOTHUB_CLIENT_CONFIRMATION_OK"
13147,10409396958,10409397081,1,"IOTHUB_CLIENT_CONFIRMATION_OK"
13148,10409397158,10409397207,1,"IOTHUB_CLIENT_CONFIRMATION_OK"
13149,10409397358,10409397441,1,"IOTHUB_CLIENT_CONFIRMATION_OK"
13150,10409397558,10409397614,1,"IOTHUB_CLIENT_CONFIRMATION_OK"
13151,10409397758,10409397804,1,"IOTHUB_CLIENT_CONFIRMATION_OK"
13152,10409397958,10409398023,1,"IOTHUB_CLIENT_CONFIRMATION_OK"
13153,10409398159,10409398205,1,"IOTHUB_CLIENT_CONFIRMATION_OK"
13154,10409398359,10409398408,1,"IOTHUB_CLIENT_CONFIRMATION_OK"
13155,10409398559,10409398636,1,"IOTHUB_CLIENT_CONFIRMATION_OK"
13156,10409398759,10409398810,1,"IOTHUB_CLIENT_CONFIRMATION_OK"
13157,10409398959,10409399003,1,"IOTHUB_CLIENT_CONFIRMATION_OK"
13158,10409399159,10409399220,1,"IOTHUB_CLIENT_CONFIRMATION_OK"
13159,10409399360,10409399453,1,"IOTHUB_CLIENT_CONFIRMATION_OK"
13160,10409399560,10409399622,1,"IOTHUB_CLIENT_CONFIRMATION_OK"
13161,10409399760,10409399800,1,"IOTHUB_CLIENT_CONFIRMATION_OK"
13162,10409399960,10409400006,1,"IOTHUB_CLIENT_CONFIRMATION_OK"
13163,10409400160,10409400209,1,"IOTHUB_CLIENT_CONFIRMATION_OK"
13164,10409400360,10409400406,1,"IOTHUB_CLIENT_CONFIRMATION_OK"
13165,10409400561,10409400597,1,"IOTHUB_CLIENT_CONFIRMATION_OK"
13166,10409400761,10409400878,1,"IOTHUB_CLIENT_CONFIRMATION_OK"
13167,10409400961,10409401005,1,"IOTHUB_CLIENT_CONFIRMATION_OK"
13168,10409401161,10409401231,1,"IOTHUB_CLIENT_CONFIRMATION_OK"
13169,10409401361,10409401411,1,"IOTHUB_CLIENT_CONFIRMATION_OK"
13170,10409401561,10409401624,1,"IOTHUB_CLIENT_CONFIRMATION_OK"
13171,10409401761,10409401854,1,"IOTHUB_CLIENT_CONFIRMATION_OK"
13172,10409401962,10409402007,1,"IOTHUB_CLIENT_CONFIRMATION_OK"
13173,10409402162,10409402248,1,"IOTHUB_CLIENT_CONFIRMATION_OK"
13174,10409402362,10409402399,1,"IOTHUB_CLIENT_CONFIRMATION_OK"
13175,10409402562,10409402600,1,"IOTHUB_CLIENT_CONFIRMATION_OK"
13176,10409402762,10409402819,1,"IOTHUB_CLIENT_CONFIRMATION_OK"
13177,10409402962,10409403010,1,"IOTHUB_CLIENT_CONFIRMATION_OK"
13178,10409403163,10409403213,1,"IOTHUB_CLIENT_CONFIRMATION_OK"
13179,10409403363,10409403408,1,"IOTHUB_CLIENT_CONFIRMATION_OK"
13180,10409403563,10409403633,1,"IOTHUB_CLIENT_CONFIRMATION_OK"
13181,10409403763,10409403822,1,"IOTHUB_CLIENT_CONFIRMATION_OK"
13182,10409403963,10409404050,1,"IOTHUB_CLIENT_CONFIRMATION_OK"
13183,10409404163,10409404202,1,"IOTHUB_CLIENT_CONFIRMATION_OK"
13184,10409404364,10409404460,1,"IOTHUB_CLIENT_CONFIRMATION_OK"
13185,10409404564,10409404604,1,"IOTHUB_CLIENT_CONFIRMATION_OK"
13186,10409404764,10409404801,1,"IOTHUB_CLIENT_CONFIRMATION_OK"
13187,10409404964,10409405015,1,"IOTHUB_CLIENT_CONFIRMATION_OK"
13188,10409405164,10409405210,1,"IOTHUB_CLIENT_CONFIRMATION_OK"
13189,10409405364,10409405420,1,"IOTHUB_CLIENT_CONFIRMATION_OK"
13190,10409405565,10409405605,1,"IOTHUB_CLIENT_CONFIRMATION_OK"
13191,10409405765,10409405886,1,"IOTHUB_CLIENT_CONFIRMATION_OK"
13192,10409405965,10409406028,1,"IOTHUB_CLIENT_CONFIRMATION_OK"
13193,10409406165,10409406212,1,"IOTHUB_CLIENT_CONFIRMATION_OK"
13194,10409406365,10409406416,1,"IOTHUB_CLIENT_CONFIRMATION_OK"
13195,10409406565,10409406631,1,"IOTHUB_CLIENT_CONFIRMATION_OK"
13196,10409406765,10409406814,1,"IOTHUB_CLIENT_CONFIRMATION_OK"
13197,10409406966,10409407013,1,"IOTHUB_CLIENT_CONFIRMATION_OK"
13198,10409407166,10409407208,1,"IOTHUB_CLIENT_CONFIRMATION_OK"
13199,10409407366,10409407491,1,"IOTHUB_CLIENT_CONFIRMATION_OK"
13200,10409407566,10409407605,1,"IOTHUB_CLIENT_CONFIRMATION_OK"
13201,10409407766,10409407802,1,"IOTHUB_CLIENT_CONFIRMATION_OK"
13202,10409407966,10409408061,1,"IOTHUB_CLIENT_CONFIRMATION_OK"
13203,10409408166,10409408218,1,"IOTHUB_CLIENT_CONFIRMATION_OK"
13204,10409408367,10409408412,1,"IOTHUB_CLIENT_CONFIRMATION_OK"
13205,10409408567,10409408877,1,"IOTHUB_CLIENT_CONFIRMATION_OK"
13206,10409408767,10409408906,1,"IOTHUB_CLIENT_CONFIRMATION_OK"
13207,10409408967,10409409022,1,"IOTHUB_CLIENT_CONFIRMATION_OK"
13208,10409409167,10409409214,1,"IOTHUB_CLIENT_CONFIRMATION_OK"
13209,10409409367,10409409465,1,"IOTHUB_CLIENT_CONFIRMATION_OK"
13210,10409409568,10409409616,1,"IOTHUB_CLIENT_CONFIRMATION_OK"
13211,10409409768,10409409813,1,"IOTHUB_CLIENT_CONFIRMATION_OK"
13212,10409409968,10409410019,1,"IOTHUB_CLIENT_CONFIRMATION_OK"
13213,10409410168,10409410218,1,"IOTHUB_CLIENT_CONFIRMATION_OK"
13214,10409410368,10409410428,1,"IOTHUB_CLIENT_CONFIRMATION_OK"
13215,10409410568,10409410613,1,"IOTHUB_CLIENT_CONFIRMATION_OK"
13216,10409410769,10409410874,1,"IOTHUB_CLIENT_CONFIRMATION_OK"
13217,10409410969,10409411008,1,"IOTHUB_CLIENT_CONFIRMATION_OK"
13218,10409411169,10409411218,1,"IOTHUB_CLIENT_CONFIRMATION_OK"
13219,10409411369,10409411422,1,"IOTHUB_CLIENT_CONFIRMATION_OK"
13220,10409411569,10409411627,1,"IOTHUB_CLIENT_CONFIRMATION_OK"
13221,10409411769,10409411823,1,"IOTHUB_CLIENT_CONFIRMATION_OK"
13222,10409411969,10409412009,1,"IOTHUB_CLIENT_CONFIRMATION_OK"
13223,10409412170,10409412341,1,"IOTHUB_CLIENT_CONFIRMATION_OK"
13224,10409412370,10409412414,1,"IOTHUB_CLIENT_CONFIRMATION_OK"
13225,10409412570,10409412633,1,"IOTHUB_CLIENT_CONFIRMATION_OK"
13226,10409412770,10409412817,1,"IOTHUB_CLIENT_CONFIRMATION_OK"
13227,10409412970,10409413019,1,"IOTHUB_CLIENT_CONFIRMATION_OK"
13228,10409413170,10409413218,1,"IOTHUB_CLIENT_CONFIRMATION_OK"
13229,10409413371,10409413421,1,"IOTHUB_CLIENT_CONFIRMATION_OK"
13230,10409413571,10409413719,1,"IOTHUB_CLIENT_CONFIRMATION_OK"
13231,10409413771,10409413822,1,"IOTHUB_CLIENT_CONFIRMATION_OK"
13232,10409413971,10409414061,1,"IOTHUB_CLIENT_CONFIRMATION_OK"
13233,10409414171,10409414220,1,"IOTHUB_CLIENT_CONFIRMATION_OK"
13234,10409414371,10409414421,1,"IOTHUB_CLIENT_CONFIRMATION_OK"
13235,10409414571,10409414620,1,"IOTHUB_CLIENT_CONFIRMATION_OK"
13236,10409414772,10409414813,1,"IOTHUB_CLIENT_CONFIRMATION_OK"
13237,10409414972,10409415022,1,"IOTHUB_CLIENT_CONFIRMATION_OK"
13238,10409415172,10409415215,1,"IOTHUB_CLIENT_CONFIRMATION_OK"
13239,10409415372,10409415416,1,"IOTHUB_CLIENT_CONFIRMATION_OK"
13240,10409415572,10409415633,1,"IOTHUB_CLIENT_CONFIRMATION_OK"
13241,10409415772,10409415870,1,"IOTHUB_CLIENT_CONFIRMATION_OK"
13242,10409415972,10409416015,1,"IOTHUB_CLIENT_CONFIRMATION_OK"
13243,10409416173,10409416218,1,"IOTHUB_CLIENT_CONFIRMATION_OK"
13244,10409416373,10409416425,1,"IOTHUB_CLIENT_CONFIRMATION_OK"
13245,10409416573,10409416623,1,"IOTHUB_CLIENT_CONFIRMATION_OK"
13246,10409416773,10409416811,1,"IOTHUB_CLIENT_CONFIRMATION_OK"
13247,10409416973,10409417014,1,"IOTHUB_CLIENT_CONFIRMATION_OK"
13248,10409417173,10409417222,1,"IOTHUB_CLIENT_CONFIRMATION_OK"
13249,10409417374,10409417433,1,"IOTHUB_CLIENT_CONFIRMATION_OK"
13250,10409417574,10409417628,1,"IOTHUB_CLIENT_CONFIRMATION_OK"
13251,10409417774,10409417826,1,"IOTHUB_CLIENT_CONFIRMATION_OK"
13252,10409417974,10409418025,1,"IOTHUB_CLIENT_CONFIRMATION_OK"
13253,10409418174,10409418219,1,"IOTHUB_CLIENT_CONFIRMATION_OK"
13254,10409418374,10409418424,1,"IOTHUB_CLIENT_CONFIRMATION_OK"
13255,10409418575,10409418641,1,"IOTHUB_CLIENT_CONFIRMATION_OK"
13256,10409418775,10409418818,1,"IOTHUB_CLIENT_CONFIRMATION_OK"
13257,10409418975,10409419135,1,"IOTHUB_CLIENT_CONFIRMATION_OK"
13258,10409419175,10409419215,1,"IOTHUB_CLIENT_CONFIRMATION_OK"
13259,10409419375,10409419427,1,"IOTHUB_CLIENT_CONFIRMATION_OK"
13260,10409419575,10409419625,1,"IOTHUB_CLIENT_CONFIRMATION_OK"
13261,10409419775,10409419812,1,"IOTHUB_CLIENT_CONFIRMATION_OK"
13262,10409419976,10409420024,1,"IOTHUB_CLIENT_CONFIRMATION_OK"
13263,10409420176,10409420223,1,"IOTHUB_CLIENT_CONFIRMATION_OK"
13264,10409420376,10409420437,1,"IOTHUB_CLIENT_CONFIRMATION_OK"
13265,10409420576,10409420624,1,"IOTHUB_CLIENT_CONFIRMATION_OK"
13266,10409420776,10409420827,1,"IOTHUB_CLIENT_CONFIRMATION_OK"
13267,10409420976,10409421020,1,"IOTHUB_CLIENT_CONFIRMATION_OK"
13268,10409421177,10409421229,1,"IOTHUB_CLIENT_CONFIRMATION_OK"
13269,10409421377,10409421457,1,"IOTHUB_CLIENT_CONFIRMATION_OK"
13270,10409421577,10409421636,1,"IOTHUB_CLIENT_CONFIRMATION_OK"
13271,10409421777,10409421829,1,"IOTHUB_CLIENT_CONFIRMATION_OK"
13272,10409421977,10409422032,1,"IOTHUB_CLIENT_CONFIRMATION_OK"
13273,10409422177,10409422294,1,"IOTHUB_CLIENT_CONFIRMATION_OK"
13274,10409422377,10409422428,1,"IOTHUB_CLIENT_CONFIRMATION_OK"
13275,10409422578,10409422625,1,"IOTHUB_CLIENT_CONFIRMATION_OK"
13276,10409422778,10409422830,1,"IOTHUB_CLIENT_CONFIRMATION_OK"
13277,10409422978,10409423021,1,"IOTHUB_CLIENT_CONFIRMATION_OK"
13278,10409423178,10409423243,1,"IOTHUB_CLIENT_CONFIRMATION_OK"
13279,10409423378,10409423432,1,"IOTHUB_CLIENT_CONFIRMATION_OK"
13280,10409423578,10409423713,1,"IOTHUB_CLIENT_CONFIRMATION_OK"
13281,10409423779,10409423858,1,"IOTHUB_CLIENT_CONFIRMATION_OK"
13282,10409423979,10409424044,1,"IOTHUB_CLIENT_CONFIRMATION_OK"
13283,10409424179,10409424220,1,"IOTHUB_CLIENT_CONFIRMATION_OK"
13284,10409424379,10409424421,1,"IOTHUB_CLIENT_CONFIRMATION_OK"
13285,10409424579,10409424630,1,"IOTHUB_CLIENT_CONFIRMATION_OK"
13286,10409424779,10409424841,1,"IOTHUB_CLIENT_CONFIRMATION_OK"
13287,10409424980,10409425033,1,"IOTHUB_CLIENT_CONFIRMATION_OK"
13288,10409425180,10409425244,1,"IOTHUB_CLIENT_CONFIRMATION_OK"
13289,10409425380,10409425485,1,"IOTHUB_CLIENT_CONFIRMATION_OK"
13290,10409425580,10409425645,1,"IOTHUB_CLIENT_CONFIRMATION_OK"
13291,10409425780,10409425939,1,"IOTHUB_CLIENT_CONFIRMATION_OK"
13292,10409425980,10409426020,1,"IOTHUB_CLIENT_CONFIRMATION_OK"
13293,10409426180,10409426236,1,"IOTHUB_CLIENT_CONFIRMATION_OK"
13294,10409426381,10409426442,1,"IOTHUB_CLIENT_CONFIRMATION_OK"
13295,10409426581,10409426635,1,"IOTHUB_CLIENT_CONFIRMATION_OK"
13296,10409426781,10409426846,1,"IOTHUB_CLIENT_CONFIRMATION_OK"
13297,10409426981,10409427048,1,"IOTHUB_CLIENT_CONFIRMATION_OK"
13298,10409427181,10409427369,1,"IOTHUB_CLIENT_CONFIRMATION_OK"
13299,10409427381,10409427440,1,"IOTHUB_CLIENT_CONFIRMATION_OK"
13300,10409427582,10409427625,1,"IOTHUB_CLIENT_CONFIRMATION_OK"
13301,10409427782,10409427842,1,"IOTHUB_CLIENT_CONFIRMATION_OK"
13302,10409427982,10409428048,1,"IOTHUB_CLIENT_CONFIRMATION_OK"
13303,10409428182,10409428225,1,"IOTHUB_CLIENT_CONFIRMATION_OK"
13304,10409428382,10409428428,1,"IOTHUB_CLIENT_CONFIRMATION_OK"
13305,10409428582,10409428806,1,"IOTHUB_CLIENT_CONFIRMATION_OK"
13306,10409428783,10409428841,1,"IOTHUB_CLIENT_CONFIRMATION_OK"
13307,10409428983,10409429038,1,"IOTHUB_CLIENT_CONFIRMATION_OK"
13308,10409429183,10409429231,1,"IOTHUB_CLIENT_CONFIRMATION_OK"
13309,10409429383,10409429447,1,"IOTHUB_CLIENT_CONFIRMATION_OK"
13310,10409429583,10409429633,1,"IOTHUB_CLIENT_CONFIRMATION_OK"
13311,10409429783,10409429850,1,"IOTHUB_CLIENT_CONFIRMATION_OK"
13312,10409429983,10409430062,1,"IOTHUB_CLIENT_CONFIRMATION_OK"
13313,10409430184,10409430243,1,"IOTHUB_CLIENT_CONFIRMATION_OK"
13314,10409430384,10409430458,1,"IOTHUB_CLIENT_CONFIRMATION_OK"
13315,10409430584,10409430625,1,"IOTHUB_CLIENT_CONFIRMATION_OK"
13316,10409430784,10409430854,1,"IOTHUB_CLIENT_CONFIRMATION_OK"
13317,10409430984,10409431022,1,"IOTHUB_CLIENT_CONFIRMATION_OK"
13318,10409431184,10409431241,1,"IOTHUB_CLIENT_CONFIRMATION_OK"
13319,10409431384,10409431427,1,"IOTHUB_CLIENT_CONFIRMATION_OK"
13320,10409431585,10409431743,1,"IOTHUB_CLIENT_CONFIRMATION_OK"
13321,10409431785,10409431860,1,"IOTHUB_CLIENT_CONFIRMATION_OK"
13322,10409431985,10409432041,1,"IOTHUB_CLIENT_CONFIRMATION_OK"
13323,10409432185,10409432333,1,"IOTHUB_CLIENT_CONFIRMATION_OK"
13324,10409432385,10409432428,1,"IOTHUB_CLIENT_CONFIRMATION_OK"
13325,10409432585,10409432646,1,"IOTHUB_CLIENT_CONFIRMATION_OK"
13326,10409432786,10409432831,1,"IOTHUB_CLIENT_CONFIRMATION_OK"
13327,10409432986,10409433030,1,"IOTHUB_CLIENT_CONFIRMATION_OK"
13328,10409433186,10409433233,1,"IOTHUB_CLIENT_CONFIRMATION_OK"
13329,10409433386,10409433429,1,"IOTHUB_CLIENT_CONFIRMATION_OK"
13330,10409433586,10409433756,1,"IOTHUB_CLIENT_CONFIRMATION_OK"
13331,10409433786,10409433840,1,"IOTHUB_CLIENT_CONFIRMATION_OK"
13332,10409433986,10409434039,1,"IOTHUB_CLIENT_CONFIRMATION_OK"
13333,10409434187,10409434232,1,"IOTHUB_CLIENT_CONFIRMATION_OK"
13334,10409434387,10409434433,1,"IOTHUB_CLIENT_CONFIRMATION_OK"
13335,10409434587,10409434653,1,"IOTHUB_CLIENT_CONFIRMATION_OK"
13336,10409434787,10409434829,1,"IOTHUB_CLIENT_CONFIRMATION_OK"
13337,10409434987,10409435049,1,"IOTHUB_CLIENT_CONFIRMATION_OK"
13338,10409435187,10409435238,1,"IOTHUB_CLIENT_CONFIRMATION_OK"
13339,10409435388,10409435440,1,"IOTHUB_CLIENT_CONFIRMATION_OK"
13340,10409435588,10409435635,1,"IOTHUB_CLIENT_CONFIRMATION_OK"
13341,10409435788,10409435824,1,"IOTHUB_CLIENT_CONFIRMATION_OK"
13342,10409435988,10409436060,1,"IOTHUB_CLIENT_CONFIRMATION_OK"
13343,10409436188,10409436252,1,"IOTHUB_CLIENT_CONFIRMATION_OK"
13344,10409436388,10409436447,1,"IOTHUB_CLIENT_CONFIRMATION_OK"
13345,10409436589,10409436662,1,"IOTHUB_CLIENT_CONFIRMATION_OK"
13346,10409436789,10409436909,1,"IOTHUB_CLIENT_CONFIRMATION_OK"
13347,10409436989,10409437045,1,"IOTHUB_CLIENT_CONFIRMATION_OK"
13348,10409437189,10409437238,1,"IOTHUB_CLIENT_CONFIRMATION_OK"
13349,10409437389,10409437464,1,"IOTHUB_CLIENT_CONFIRMATION_OK"
13350,10409437589,10409437646,1,"IOTHUB_CLIENT_CONFIRMATION_OK"
13351,10409437790,10409437836,1,"IOTHUB_CLIENT_CONFIRMATION_OK"
13352,10409437990,10409438029,1,"IOTHUB_CLIENT_CONFIRMATION_OK"
13353,10409438190,10409438246,1,"IOTHUB_CLIENT_CONFIRMATION_OK"
13354,10409438390,10409438441,1,"IOTHUB_CLIENT_CONFIRMATION_OK"
13355,10409438590,10409438828,1,"IOTHUB_CLIENT_CONFIRMATION_OK"
13356,10409438790,10409438858,1,"IOTHUB_CLIENT_CONFIRMATION_OK"
13357,10409438991,10409439031,1,"IOTHUB_CLIENT_CONFIRMATION_OK"
13358,10409439191,10409439246,1,"IOTHUB_CLIENT_CONFIRMATION_OK"
13359,10409439391,10409439449,1,"IOTHUB_CLIENT_CONFIRMATION_OK"
13360,10409439591,10409439634,1,"IOTHUB_CLIENT_CONFIRMATION_OK"
13361,10409439791,10409439846,1,"IOTHUB_CLIENT_CONFIRMATION_OK"
13362,10409439991,10409440063,1,"IOTHUB_CLIENT_CONFIRMATION_OK"
13363,10409440192,10409440276,1,"IOTHUB_CLIENT_CONFIRMATION_OK"
13364,10409440392,10409440428,1,"IOTHUB_CLIENT_CONFIRMATION_OK"
13365,10409440592,10409440654,1,"IOTHUB_CLIENT_CONFIRMATION_OK"
13366,10409440792,10409441066,1,"IOTHUB_CLIENT_CONFIRMATION_OK"
13367,10409440992,10409441180,1,"IOTHUB_CLIENT_CONFIRMATION_OK"
13368,10409441192,10409441260,1,"IOTHUB_CLIENT_CONFIRMATION_OK"
13369,10409441393,10409441451,1,"IOTHUB_CLIENT_CONFIRMATION_OK"
13370,10409441593,10409441662,1,"IOTHUB_CLIENT_CONFIRMATION_OK"
13371,10409441793,10409441839,1,"IOTHUB_CLIENT_CONFIRMATION_OK"
13372,10409441993,10409442058,1,"IOTHUB_CLIENT_CONFIRMATION_OK"
13373,10409442193,10409442330,1,"IOTHUB_CLIENT_CONFIRMATION_OK"
13374,10409442393,10409442449,1,"IOTHUB_CLIENT_CONFIRMATION_OK"
13375,10409442593,10409442672,1,"IOTHUB_CLIENT_CONFIRMATION_OK"
13376,10409442794,10409442842,1,"IOTHUB_CLIENT_CONFIRMATION_OK"
13377,10409442994,10409443042,1,"IOTHUB_CLIENT_CONFIRMATION_OK"
13378,10409443194,10409443274,1,"IOTHUB_CLIENT_CONFIRMATION_OK"
13379,10409443394,10409443452,1,"IOTHUB_CLIENT_CONFIRMATION_OK"
13380,10409443594,10409443763,1,"IOTHUB_CLIENT_CONFIRMATION_OK"
13381,10409443794,10409443838,1,"IOTHUB_CLIENT_CONFIRMATION_OK"
13382,10409443995,10409444054,1,"IOTHUB_CLIENT_CONFIRMATION_OK"
13383,10409444195,10409444236,1,"IOTHUB_CLIENT_CONFIRMATION_OK"
13384,10409444395,10409444478,1,"IOTHUB_CLIENT_CONFIRMATION_OK"
13385,10409444595,10409444635,1,"IOTHUB_CLIENT_CONFIRMATION_OK"
13386,10409444795,10409444847,1,"IOTHUB_CLIENT_CONFIRMATION_OK"
13387,10409444995,10409445055,1,"IOTHUB_CLIENT_CONFIRMATION_OK"
13388,10409445195,10409445241,1,"IOTHUB_CLIENT_CONFIRMATION_OK"
13389,10409445396,10409445473,1,"IOTHUB_CLIENT_CONFIRMATION_OK"
13390,10409445596,10409445660,1,"IOTHUB_CLIENT_CONFIRMATION_OK"
13391,10409445796,10409445859,1,"IOTHUB_CLIENT_CONFIRMATION_OK"
13392,10409445996,10409446037,1,"IOTHUB_CLIENT_CONFIRMATION_OK"
13393,10409446196,10409446240,1,"IOTHUB_CLIENT_CONFIRMATION_OK"
13394,10409446396,10409446444,1,"IOTHUB_CLIENT_CONFIRMATION_OK"
13395,10409446596,10409446646,1,"IOTHUB_CLIENT_CONFIRMATION_OK"
13396,10409446797,10409446835,1,"IOTHUB_CLIENT_CONFIRMATION_OK"
13397,10409446997,10409447055,1,"IOTHUB_CLIENT_CONFIRMATION_OK"
13398,10409447197,10409447241,1,"IOTHUB_CLIENT_CONFIRMATION_OK"
13399,10409447397,10409447444,1,"IOTHUB_CLIENT_CONFIRMATION_OK"
13400,10409447597,10409447644,1,"IOTHUB_CLIENT_CONFIRMATION_OK"
13401,10409447797,10409447844,1,"IOTHUB_CLIENT_CONFIRMATION_OK"
13402,10409447998,10409448063,1,"IOTHUB_CLIENT_CONFIRMATION_OK"
13403,10409448198,10409448243,1,"IOTHUB_CLIENT_CONFIRMATION_OK"
13404,10409448398,10409448446,1,"IOTHUB_CLIENT_CONFIRMATION_OK"
13405,10409448598,10409448666,1,"IOTHUB_CLIENT_CONFIRMATION_OK"
13406,10409448798,10409448917,1,"IOTHUB_CLIENT_CONFIRMATION_OK"
13407,10409448998,10409449053,1,"IOTHUB_CLIENT_CONFIRMATION_OK"
13408,10409449199,10409449252,1,"IOTHUB_CLIENT_CONFIRMATION_OK"
13409,10409449399,10409449567,1,"IOTHUB_CLIENT_CONFIRMATION_OK"
13410,10409449599,10409449738,1,"IOTHUB_CLIENT_CONFIRMATION_OK"
13411,10409449799,10409450054,1,"IOTHUB_CLIENT_CONFIRMATION_OK"
13412,10409449999,10409450130,1,"IOTHUB_CLIENT_CONFIRMATION_OK"
13413,10409450199,10409450248,1,"IOTHUB_CLIENT_CONFIRMATION_OK"
13414,10409450400,10409450462,1,"IOTHUB_CLIENT_CONFIRMATION_OK"
13415,10409450600,10409450643,1,"IOTHUB_CLIENT_CONFIRMATION_OK"
13416,10409450800,10409450953,1,"IOTHUB_CLIENT_CONFIRMATION_OK"
13417,10409451000,10409451069,1,"IOTHUB_CLIENT_CONFIRMATION_OK"
13418,10409451200,10409451253,1,"IOTHUB_CLIENT_CONFIRMATION_OK"
13419,10409451400,10409451453,1,"IOTHUB_CLIENT_CONFIRMATION_OK"
13420,10409451601,10409451645,1,"IOTHUB_CLIENT_CONFIRMATION_OK"
13421,10409451801,10409451885,1,"IOTHUB_CLIENT_CONFIRMATION_OK"
13422,10409452001,10409452101,1,"IOTHUB_CLIENT_CONFIRMATION_OK"
13423,10409452201,10409452322,1,"IOTHUB_CLIENT_CONFIRMATION_OK"
13424,10409452401,10409452447,1,"IOTHUB_CLIENT_CONFIRMATION_OK"
13425,10409452601,10409452645,1,"IOTHUB_CLIENT_CONFIRMATION_OK"
13426,10409452801,10409452856,1,"IOTHUB_CLIENT_CONFIRMATION_OK"
13427,10409453002,10409453042,1,"IOTHUB_CLIENT_CONFIRMATION_OK"
13428,10409453202,10409453251,1,"IOTHUB_CLIENT_CONFIRMATION_OK"
13429,10409453402,10409453448,1,"IOTHUB_CLIENT_CONFIRMATION_OK"
13430,10409453602,10409453861,1,"IOTHUB_CLIENT_CONFIRMATION_OK"
13431,10409453802,10409453893,1,"IOTHUB_CLIENT_CONFIRMATION_OK"
13432,10409454002,10409454060,1,"IOTHUB_CLIENT_CONFIRMATION_OK"
13433,10409454203,10409454291,1,"IOTHUB_CLIENT_CONFIRMATION_OK"
13434,10409454403,10409454470,1,"IOTHUB_CLIENT_CONFIRMATION_OK"
13435,10409454603,10409454639,1,"IOTHUB_CLIENT_CONFIRMATION_OK"
13436,10409454803,10409454861,1,"IOTHUB_CLIENT_CONFIRMATION_OK"
13437,10409455003,10409455051,1,"IOTHUB_CLIENT_CONFIRMATION_OK"
13438,10409455203,10409455352,1,"IOTHUB_CLIENT_CONFIRMATION_OK"
13439,10409455404,10409455451,1,"IOTHUB_CLIENT_CONFIRMATION_OK"
13440,10409455604,10409455647,1,"IOTHUB_CLIENT_CONFIRMATION_OK"
13441,10409455804,10409455898,1,"IOTHUB_CLIENT_CONFIRMATION_OK"
13442,10409456004,10409456046,1,"IOTHUB_CLIENT_CONFIRMATION_OK"
13443,10409456204,10409456256,1,"IOTHUB_CLIENT_CONFIRMATION_OK"
13444,10409456404,10409456476,1,"IOTHUB_CLIENT_CONFIRMATION_OK"
13445,10409456605,10409456666,1,"IOTHUB_CLIENT_CONFIRMATION_OK"
13446,10409456805,10409456856,1,"IOTHUB_CLIENT_CONFIRMATION_OK"
13447,10409457005,10409457083,1,"IOTHUB_CLIENT_CONFIRMATION_OK"
13448,10409457205,10409457348,1,"IOTHUB_CLIENT_CONFIRMATION_OK"
13449,10409457405,10409457492,1,"IOTHUB_CLIENT_CONFIRMATION_OK"
13450,10409457605,10409457654,1,"IOTHUB_CLIENT_CONFIRMATION_OK"
13451,10409457806,10409457857,1,"IOTHUB_CLIENT_CONFIRMATION_OK"
13452,10409458006,10409458060,1,"IOTHUB_CLIENT_CONFIRMATION_OK"
13453,10409458206,10409458250,1,"IOTHUB_CLIENT_CONFIRMATION_OK"
13454,10409458406,10409458457,1,"IOTHUB_CLIENT_CONFIRMATION_OK"
13455,10409458606,10409458801,1,"IOTHUB_CLIENT_CONFIRMATION_OK"
13456,10409458806,10409458851,1,"IOTHUB_CLIENT_CONFIRMATION_OK"
13457,10409459006,10409459063,1,"IOTHUB_CLIENT_CONFIRMATION_OK"
13458,10409459207,10409459261,1,"IOTHUB_CLIENT_CONFIRMATION_OK"
13459,10409459407,10409459484,1,"IOTHUB_CLIENT_CONFIRMATION_OK"
13460,10409459607,10409459670,1,"IOTHUB_CLIENT_CONFIRMATION_OK"
13461,10409459807,10409459855,1,"IOTHUB_CLIENT_CONFIRMATION_OK"
13462,10409460007,10409460052,1,"IOTHUB_CLIENT_CONFIRMATION_OK"
13463,10409460207,10409460262,1,"IOTHUB_CLIENT_CONFIRMATION_OK"
13464,10409460407,10409460455,1,"IOTHUB_CLIENT_CONFIRMATION_OK"
13465,10409460608,10409460652,1,"IOTHUB_CLIENT_CONFIRMATION_OK"
13466,10409460808,10409460872,1,"IOTHUB_CLIENT_CONFIRMATION_OK"
13467,10409461008,10409461056,1,"IOTHUB_CLIENT_CONFIRMATION_OK"
13468,10409461208,10409461246,1,"IOTHUB_CLIENT_CONFIRMATION_OK"
13469,10409461408,10409461480,1,"IOTHUB_CLIENT_CONFIRMATION_OK"
13470,10409461608,10409461679,1,"IOTHUB_CLIENT_CONFIRMATION_OK"
13471,10409461809,10409461850,1,"IOTHUB_CLIENT_CONFIRMATION_OK"
13472,10409462009,10409462053,1,"IOTHUB_CLIENT_CONFIRMATION_OK"
13473,10409462209,10409462269,1,"IOTHUB_CLIENT_CONFIRMATION_OK"
13474,10409462409,10409462471,1,"IOTHUB_CLIENT_CONFIRMATION_OK"
13475,10409462609,10409462666,1,"IOTHUB_CLIENT_CONFIRMATION_OK"
13476,10409462809,10409462860,1,"IOTHUB_CLIENT_CONFIRMATION_OK"
13477,10409463010,10409463126,1,"IOTHUB_CLIENT_CONFIRMATION_OK"
13478,10409463210,10409463275,1,"IOTHUB_CLIENT_CONFIRMATION_OK"
13479,10409463410,10409463449,1,"IOTHUB_CLIENT_CONFIRMATION_OK"
13480,10409463610,10409463701,1,"IOTHUB_CLIENT_CONFIRMATION_OK"
13481,10409463810,10409463853,1,"IOTHUB_CLIENT_CONFIRMATION_OK"
13482,10409464010,10409464063,1,"IOTHUB_CLIENT_CONFIRMATION_OK"
13483,10409464210,10409464282,1,"IOTHUB_CLIENT_CONFIRMATION_OK"
13484,10409464411,10409464529,1,"IOTHUB_CLIENT_CONFIRMATION_OK"
13485,10409464611,10409464740,1,"IOTHUB_CLIENT_CONFIRMATION_OK"
13486,10409464811,10409464891,1,"IOTHUB_CLIENT_CONFIRMATION_OK"
13487,10409465011,10409465068,1,"IOTHUB_CLIENT_CONFIRMATION_OK"
13488,10409465211,10409465276,1,"IOTHUB_CLIENT_CONFIRMATION_OK"
13489,10409465411,10409465463,1,"IOTHUB_CLIENT_CONFIRMATION_OK"
13490,10409465612,10409465665,1,"IOTHUB_CLIENT_CONFIRMATION_OK"
13491,10409465812,10409465881,1,"IOTHUB_CLIENT_CONFIRMATION_OK"
13492,10409466012,10409466073,1,"IOTHUB_CLIENT_CONFIRMATION_OK"
13493,10409466212,10409466256,1,"IOTHUB_CLIENT_CONFIRMATION_OK"
13494,10409466412,10409466450,1,"IOTHUB_CLIENT_CONFIRMATION_OK"
13495,10409466612,10409466651,1,"IOTHUB_CLIENT_CONFIRMATION_OK"
13496,10409466812,10409466852,1,"IOTHUB_CLIENT_CONFIRMATION_OK"
13497,10409467013,10409467067,1,"IOTHUB_CLIENT_CONFIRMATION_OK"
13498,10409467213,10409467272,1,"IOTHUB_CLIENT_CONFIRMATION_OK"
13499,10409467413,10409467508,1,"IOTHUB_CLIENT_CONFIRMATION_OK"
13500,10409467613,10409467669,1,"IOTHUB_CLIENT_CONFIRMATION_OK"
13501,10409467813,10409467854,1,"IOTHUB_CLIENT_CONFIRMATION_OK"
13502,10409468013,10409468063,1,"IOTHUB_CLIENT_CONFIRMATION_OK"
13503,10409468214,10409468257,1,"IOTHUB_CLIENT_CONFIRMATION_OK"
13504,10409468414,10409468464,1,"IOTHUB_CLIENT_CONFIRMATION_OK"
13505,10409468614,10409468723,1,"IOTHUB_CLIENT_CONFIRMATION_OK"
13506,10409468814,10409468927,1,"IOTHUB_CLIENT_CONFIRMATION_OK"
13507,10409469014,10409469062,1,"IOTHUB_CLIENT_CONFIRMATION_OK"
13508,10409469214,10409469282,1,"IOTHUB_CLIENT_CONFIRMATION_OK"
13509,10409469415,10409469515,1,"IOTHUB_CLIENT_CONFIRMATION_OK"
13510,10409469615,10409469660,1,"IOTHUB_CLIENT_CONFIRMATION_OK"
13511,10409469815,10409469893,1,"IOTHUB_CLIENT_CONFIRMATION_OK"
13512,10409470015,10409470068,1,"IOTHUB_CLIENT_CONFIRMATION_OK"
13513,10409470215,10409470280,1,"IOTHUB_CLIENT_CONFIRMATION_OK"
13514,10409470415,10409470466,1,"IOTHUB_CLIENT_CONFIRMATION_OK"
13515,10409470616,10409470688,1,"IOTHUB_CLIENT_CONFIRMATION_OK"
13516,10409470816,10409470860,1,"IOTHUB_CLIENT_CONFIRMATION_OK"
13517,10409471016,10409471064,1,"IOTHUB_CLIENT_CONFIRMATION_OK"
13518,10409471216,10409471265,1,"IOTHUB_CLIENT_CONFIRMATION_OK"
13519,10409471416,10409471455,1,"IOTHUB_CLIENT_CONFIRMATION_OK"
13520,10409471616,10409471693,1,"IOTHUB_CLIENT_CONFIRMATION_OK"
13521,10409471816,10409471856,1,"IOTHUB_CLIENT_CONFIRMATION_OK"
13522,10409472017,10409472068,1,"IOTHUB_CLIENT_CONFIRMATION_OK"
13523,10409472217,10409472281,1,"IOTHUB_CLIENT_CONFIRMATION_OK"
13524,10409472417,10409472503,1,"IOTHUB_CLIENT_CONFIRMATION_OK"
13525,10409472617,10409472754,1,"IOTHUB_CLIENT_CONFIRMATION_OK"
13526,10409472817,10409472857,1,"IOTHUB_CLIENT_CONFIRMATION_OK"
13527,10409473017,10409473087,1,"IOTHUB_CLIENT_CONFIRMATION_OK"
13528,10409473218,10409473296,1,"IOTHUB_CLIENT_CONFIRMATION_OK"
13529,10409473418,10409473461,1,"IOTHUB_CLIENT_CONFIRMATION_OK"
13530,10409473618,10409473692,1,"IOTHUB_CLIENT_CONFIRMATION_OK"
13531,10409473818,10409473900,1,"IOTHUB_CLIENT_CONFIRMATION_OK"
13532,10409474018,10409474062,1,"IOTHUB_CLIENT_CONFIRMATION_OK"
13533,10409474218,10409474267,1,"IOTHUB_CLIENT_CONFIRMATION_OK"
13534,10409474419,10409474512,1,"IOTHUB_CLIENT_CONFIRMATION_OK"
13535,10409474619,10409474698,1,"IOTHUB_CLIENT_CONFIRMATION_OK"
13536,10409474819,10409474885,1,"IOTHUB_CLIENT_CONFIRMATION_OK"
13537,10409475019,10409475077,1,"IOTHUB_CLIENT_CONFIRMATION_OK"
13538,10409475219,10409475262,1,"IOTHUB_CLIENT_CONFIRMATION_OK"
13539,10409475419,10409475466,1,"IOTHUB_CLIENT_CONFIRMATION_OK"
13540,10409475619,10409475752,1,"IOTHUB_CLIENT_CONFIRMATION_OK"
13541,10409475820,10409475983,1,"IOTHUB_CLIENT_CONFIRMATION_OK"
13542,10409476020,10409476068,1,"IOTHUB_CLIENT_CONFIRMATION_OK"
13543,10409476220,10409476268,1,"IOTHUB_CLIENT_CONFIRMATION_OK"
13544,10409476420,10409476474,1,"IOTHUB_CLIENT_CONFIRMATION_OK"
13545,10409476620,10409476703,1,"IOTHUB_CLIENT_CONFIRMATION_OK"
13546,10409476820,10409476868,1,"IOTHUB_CLIENT_CONFIRMATION_OK"
13547,10409477021,10409477075,1,"IOTHUB_CLIENT_CONFIRMATION_OK"
13548,10409477221,10409477427,1,"IOTHUB_CLIENT_CONFIRMATION_OK"
13549,10409477421,10409477471,1,"IOTHUB_CLIENT_CONFIRMATION_OK"
13550,10409477621,10409477671,1,"IOTHUB_CLIENT_CONFIRMATION_OK"
13551,10409477821,10409477894,1,"IOTHUB_CLIENT_CONFIRMATION_OK"
13552,10409478021,10409478144,1,"IOTHUB_CLIENT_CONFIRMATION_OK"
13553,10409478222,10409478262,1,"IOTHUB_CLIENT_CONFIRMATION_OK"
13554,10409478422,10409478480,1,"IOTHUB_CLIENT_CONFIRMATION_OK"
13555,10409478622,10409478860,1,"IOTHUB_CLIENT_CONFIRMATION_OK"
13556,10409478822,10409478882,1,"IOTHUB_CLIENT_CONFIRMATION_OK"
13557,10409479022,10409479074,1,"IOTHUB_CLIENT_CONFIRMATION_OK"
13558,10409479222,10409479290,1,"IOTHUB_CLIENT_CONFIRMATION_OK"
13559,10409479422,10409479469,1,"IOTHUB_CLIENT_CONFIRMATION_OK"
13560,10409479623,10409479665,1,"IOTHUB_CLIENT_CONFIRMATION_OK"
13561,10409479823,10409479897,1,"IOTHUB_CLIENT_CONFIRMATION_OK"
13562,10409480023,10409480313,1,"IOTHUB_CLIENT_CONFIRMATION_OK"
13563,10409480223,10409481067,1,"IOTHUB_CLIENT_CONFIRMATION_OK"
13564,10409480423,10409481142,1,"IOTHUB_CLIENT_CONFIRMATION_OK"
13565,10409480623,10409481204,1,"IOTHUB_CLIENT_CONFIRMATION_OK"
13566,10409480824,10409481354,1,"IOTHUB_CLIENT_CONFIRMATION_OK"
13567,10409481024,10409481411,1,"IOTHUB_CLIENT_CONFIRMATION_OK"
13568,10409481224,10409481495,1,"IOTHUB_CLIENT_CONFIRMATION_OK"
13569,10409481424,10409481563,1,"IOTHUB_CLIENT_CONFIRMATION_OK"
13570,10409481624,10409481769,1,"IOTHUB_CLIENT_CONFIRMATION_OK"
13571,10409481824,10409481885,1,"IOTHUB_CLIENT_CONFIRMATION_OK"
13572,10409482025,10409482133,1,"IOTHUB_CLIENT_CONFIRMATION_OK"
13573,10409482225,10409482395,1,"IOTHUB_CLIENT_CONFIRMATION_OK"
13574,10409482425,10409482465,1,"IOTHUB_CLIENT_CONFIRMATION_OK"
13575,10409482625,10409482666,1,"IOTHUB_CLIENT_CONFIRMATION_OK"
13576,10409482825,10409482874,1,"IOTHUB_CLIENT_CONFIRMATION_OK"
13577,10409483025,10409483072,1,"IOTHUB_CLIENT_CONFIRMATION_OK"
13578,10409483225,10409483282,1,"IOTHUB_CLIENT_CONFIRMATION_OK"
13579,10409483426,10409483463,1,"IOTHUB_CLIENT_CONFIRMATION_OK"
13580,10409483626,10409483788,1,"IOTHUB_CLIENT_CONFIRMATION_OK"
13581,10409483826,10409483866,1,"IOTHUB_CLIENT_CONFIRMATION_OK"
13582,10409484026,10409484090,1,"IOTHUB_CLIENT_CONFIRMATION_OK"
13583,10409484226,10409484275,1,"IOTHUB_CLIENT_CONFIRMATION_OK"
13584,10409484426,10409484467,1,"IOTHUB_CLIENT_CONFIRMATION_OK"
13585,10409484627,10409484667,1,"IOTHUB_CLIENT_CONFIRMATION_OK"
13586,10409484827,10409484875,1,"IOTHUB_CLIENT_CONFIRMATION_OK"
13587,10409485027,10409485128,1,"IOTHUB_CLIENT_CONFIRMATION_OK"
13588,10409485227,10409485269,1,"IOTHUB_CLIENT_CONFIRMATION_OK"
13589,10409485427,10409485497,1,"IOTHUB_CLIENT_CONFIRMATION_OK"
13590,10409485627,10409485701,1,"IOTHUB_CLIENT_CONFIRMATION_OK"
13591,10409485827,10409485867,1,"IOTHUB_CLIENT_CONFIRMATION_OK"
13592,10409486028,10409486081,1,"IOTHUB_CLIENT_CONFIRMATION_OK"
13593,10409486228,10409486336,1,"IOTHUB_CLIENT_CONFIRMATION_OK"
13594,10409486428,10409486465,1,"IOTHUB_CLIENT_CONFIRMATION_OK"
13595,10409486628,10409486709,1,"IOTHUB_CLIENT_CONFIRMATION_OK"
13596,10409486828,10409486872,1,"IOTHUB_CLIENT_CONFIRMATION_OK"
13597,10409487028,10409487091,1,"IOTHUB_CLIENT_CONFIRMATION_OK"
13598,10409487229,10409487290,1,"IOTHUB_CLIENT_CONFIRMATION_OK"
13599,10409487429,10409487469,1,"IOTHUB_CLIENT_CONFIRMATION_OK"
13600,10409487629,10409487699,1,"IOTHUB_CLIENT_CONFIRMATION_OK"
13601,10409487829,10409487888,1,"IOTHUB_CLIENT_CONFIRMATION_OK"
13602,10409488029,10409488086,1,"IOTHUB_CLIENT_CONFIRMATION_OK"
13603,10409488229,10409488285,1,"IOTHUB_CLIENT_CONFIRMATION_OK"
13604,10409488430,10409488490,1,"IOTHUB_CLIENT_CONFIRMATION_OK"
13605,10409488630,10409488718,1,"IOTHUB_CLIENT_CONFIRMATION_OK"
13606,10409488830,10409488887,1,"IOTHUB_CLIENT_CONFIRMATION_OK"
13607,10409489030,10409489105,1,"IOTHUB_CLIENT_CONFIRMATION_OK"
13608,10409489230,10409489290,1,"IOTHUB_CLIENT_CONFIRMATION_OK"
13609,10409489430,10409489544,1,"IOTHUB_CLIENT_CONFIRMATION_OK"
13610,10409489631,10409489676,1,"IOTHUB_CLIENT_CONFIRMATION_OK"
13611,10409489831,10409489873,1,"IOTHUB_CLIENT_CONFIRMATION_OK"
13612,10409490031,10409490092,1,"IOTHUB_CLIENT_CONFIRMATION_OK"
13613,10409490231,10409490276,1,"IOTHUB_CLIENT_CONFIRMATION_OK"
13614,10409490431,10409490498,1,"IOTHUB_CLIENT_CONFIRMATION_OK"
13615,10409490631,10409490682,1,"IOTHUB_CLIENT_CONFIRMATION_OK"
13616,10409490832,10409490971,1,"IOTHUB_CLIENT_CONFIRMATION_OK"
13617,10409491032,10409491074,1,"IOTHUB_CLIENT_CONFIRMATION_OK"
13618,10409491232,10409491287,1,"IOTHUB_CLIENT_CONFIRMATION_OK"
13619,10409491432,10409491495,1,"IOTHUB_CLIENT_CONFIRMATION_OK"
13620,10409491632,10409491681,1,"IOTHUB_CLIENT_CONFIRMATION_OK"
13621,10409491832,10409491871,1,"IOTHUB_CLIENT_CONFIRMATION_OK"
13622,10409492033,10409492094,1,"IOTHUB_CLIENT_CONFIRMATION_OK"
13623,10409492233,10409492464,1,"IOTHUB_CLIENT_CONFIRMATION_OK"
13624,10409492433,10409492502,1,"IOTHUB_CLIENT_CONFIRMATION_OK"
13625,10409492633,10409492670,1,"IOTHUB_CLIENT_CONFIRMATION_OK"
13626,10409492833,10409492879,1,"IOTHUB_CLIENT_CONFIRMATION_OK"
13627,10409493033,10409493092,1,"IOTHUB_CLIENT_CONFIRMATION_OK"
13628,10409493233,10409493299,1,"IOTHUB_CLIENT_CONFIRMATION_OK"
13629,10409493434,10409493480,1,"IOTHUB_CLIENT_CONFIRMATION_OK"
13630,10409493634,10409493680,1,"IOTHUB_CLIENT_CONFIRMATION_OK"
13631,10409493834,10409493919,1,"IOTHUB_CLIENT_CONFIRMATION_OK"
13632,10409494034,10409494073,1,"IOTHUB_CLIENT_CONFIRMATION_OK"
13633,10409494234,10409494290,1,"IOTHUB_CLIENT_CONFIRMATION_OK"
13634,10409494434,10409494492,1,"IOTHUB_CLIENT_CONFIRMATION_OK"
13635,10409494635,10409494696,1,"IOTHUB_CLIENT_CONFIRMATION_OK"
13636,10409494835,10409494874,1,"IOTHUB_CLIENT_CONFIRMATION_OK"
13637,10409495035,10409495072,1,"IOTHUB_CLIENT_CONFIRMATION_OK"
13638,10409495235,10409495284,1,"IOTHUB_CLIENT_CONFIRMATION_OK"
13639,10409495435,10409495585,1,"IOTHUB_CLIENT_CONFIRMATION_OK"
13640,10409495635,10409495691,1,"IOTHUB_CLIENT_CONFIRMATION_OK"
13641,10409495836,10409495877,1,"IOTHUB_CLIENT_CONFIRMATION_OK"
13642,10409496036,10409496096,1,"IOTHUB_CLIENT_CONFIRMATION_OK"
13643,10409496236,10409496279,1,"IOTHUB_CLIENT_CONFIRMATION_OK"
13644,10409496436,10409496543,1,"IOTHUB_CLIENT_CONFIRMATION_OK"
13645,10409496636,10409496692,1,"IOTHUB_CLIENT_CONFIRMATION_OK"
13646,10409496836,10409496876,1,"IOTHUB_CLIENT_CONFIRMATION_OK"
13647,10409497037,10409497085,1,"IOTHUB_CLIENT_CONFIRMATION_OK"
13648,10409497237,10409497289,1,"IOTHUB_CLIENT_CONFIRMATION_OK"
13649,10409497437,10409497484,1,"IOTHUB_CLIENT_CONFIRMATION_OK"
13650,10409497637,10409497741,1,"IOTHUB_CLIENT_CONFIRMATION_OK"
13651,10409497837,10409497893,1,"IOTHUB_CLIENT_CONFIRMATION_OK"
13652,10409498037,10409498079,1,"IOTHUB_CLIENT_CONFIRMATION_OK"
13653,10409498238,10409498320,1,"IOTHUB_CLIENT_CONFIRMATION_OK"
13654,10409498438,10409498487,1,"IOTHUB_CLIENT_CONFIRMATION_OK"
13655,10409498638,10409498712,1,"IOTHUB_CLIENT_CONFIRMATION_OK"
13656,10409498838,10409498886,1,"IOTHUB_CLIENT_CONFIRMATION_OK"
13657,10409499038,10409499092,1,"IOTHUB_CLIENT_CONFIRMATION_OK"
13658,10409499238,10409499283,1,"IOTHUB_CLIENT_CONFIRMATION_OK"
13659,10409499438,10409499557,1,"IOTHUB_CLIENT_CONFIRMATION_OK"
13660,10409499639,10409499697,1,"IOTHUB_CLIENT_CONFIRMATION_OK"
13661,10409499839,10409499908,1,"IOTHUB_CLIENT_CONFIRMATION_OK"
13662,10409500039,10409500100,1,"IOTHUB_CLIENT_CONFIRMATION_OK"
13663,10409500239,10409500284,1,"IOTHUB_CLIENT_CONFIRMATION_OK"
13664,10409500439,10409500540,1,"IOTHUB_CLIENT_CONFIRMATION_OK"
13665,10409500639,10409500687,1,"IOTHUB_CLIENT_CONFIRMATION_OK"
13666,10409500840,10409500996,1,"IOTHUB_CLIENT_CONFIRMATION_OK"
13667,10409501040,10409501083,1,"IOTHUB_CLIENT_CONFIRMATION_OK"
13668,10409501240,10409501287,1,"IOTHUB_CLIENT_CONFIRMATION_OK"
13669,10409501440,10409501504,1,"IOTHUB_CLIENT_CONFIRMATION_OK"
13670,10409501640,10409501711,1,"IOTHUB_CLIENT_CONFIRMATION_OK"
13671,10409501840,10409501901,1,"IOTHUB_CLIENT_CONFIRMATION_OK"
13672,10409502040,10409502079,1,"IOTHUB_CLIENT_CONFIRMATION_OK"
13673,10409502241,10409502410,1,"IOTHUB_CLIENT_CONFIRMATION_OK"
13674,10409502441,10409502488,1,"IOTHUB_CLIENT_CONFIRMATION_OK"
13675,10409502641,10409502693,1,"IOTHUB_CLIENT_CONFIRMATION_OK"
13676,10409502841,10409502888,1,"IOTHUB_CLIENT_CONFIRMATION_OK"
13677,10409503041,10409503095,1,"IOTHUB_CLIENT_CONFIRMATION_OK"
13678,10409503241,10409503288,1,"IOTHUB_CLIENT_CONFIRMATION_OK"
13679,10409503442,10409503514,1,"IOTHUB_CLIENT_CONFIRMATION_OK"
13680,10409503642,10409503859,1,"IOTHUB_CLIENT_CONFIRMATION_OK"
13681,10409503842,10409503900,1,"IOTHUB_CLIENT_CONFIRMATION_OK"
13682,10409504042,10409504106,1,"IOTHUB_CLIENT_CONFIRMATION_OK"
13683,10409504242,10409504288,1,"IOTHUB_CLIENT_CONFIRMATION_OK"
13684,10409504442,10409504485,1,"IOTHUB_CLIENT_CONFIRMATION_OK"
13685,10409504643,10409504706,1,"IOTHUB_CLIENT_CONFIRMATION_OK"
13686,10409504843,10409504888,1,"IOTHUB_CLIENT_CONFIRMATION_OK"
13687,10409505043,10409505085,1,"IOTHUB_CLIENT_CONFIRMATION_OK"
13688,10409505243,10409505293,1,"IOTHUB_CLIENT_CONFIRMATION_OK"
13689,10409505443,10409505495,1,"IOTHUB_CLIENT_CONFIRMATION_OK"
13690,10409505643,10409505683,1,"IOTHUB_CLIENT_CONFIRMATION_OK"
13691,10409505844,10409505970,1,"IOTHUB_CLIENT_CONFIRMATION_OK"
13692,10409506044,10409506101,1,"IOTHUB_CLIENT_CONFIRMATION_OK"
13693,10409506244,10409506284,1,"IOTHUB_CLIENT_CONFIRMATION_OK"
13694,10409506444,10409506480,1,"IOTHUB_CLIENT_CONFIRMATION_OK"
13695,10409506644,10409506713,1,"IOTHUB_CLIENT_CONFIRMATION_OK"
13696,10409506844,10409506883,1,"IOTHUB_CLIENT_CONFIRMATION_OK"
13697,10409507044,10409507092,1,"IOTHUB_CLIENT_CONFIRMATION_OK"
13698,10409507245,10409507337,1,"IOTHUB_CLIENT_CONFIRMATION_OK"
13699,10409507445,10409507486,1,"IOTHUB_CLIENT_CONFIRMATION_OK"
13700,10409507645,10409507696,1,"IOTHUB_CLIENT_CONFIRMATION_OK"
13701,10409507845,10409507923,1,"IOTHUB_CLIENT_CONFIRMATION_OK"
13702,10409508045,10409508095,1,"IOTHUB_CLIENT_CONFIRMATION_OK"
13703,10409508245,10409508284,1,"IOTHUB_CLIENT_CONFIRMATION_OK"
13704,10409508446,10409508485,1,"IOTHUB_CLIENT_CONFIRMATION_OK"
13705,10409508646,10409508732,1,"IOTHUB_CLIENT_CONFIRMATION_OK"
13706,10409508846,10409508912,1,"IOTHUB_CLIENT_CONFIRMATION_OK"
13707,10409509046,10409509082,1,"IOTHUB_CLIENT_CONFIRMATION_OK"
13708,10409509246,10409509425,1,"IOTHUB_CLIENT_CONFIRMATION_OK"
13709,10409509447,10409509603,1,"IOTHUB_CLIENT_CONFIRMATION_OK"
13710,10409509647,10409509706,1,"IOTHUB_CLIENT_CONFIRMATION_OK"
13711,10409509847,10409509891,1,"IOTHUB_CLIENT_CONFIRMATION_OK"
13712,10409510047,10409510089,1,"IOTHUB_CLIENT_CONFIRMATION_OK"
13713,10409510247,10409510324,1,"IOTHUB_CLIENT_CONFIRMATION_OK"
13714,10409510447,10409510489,1,"IOTHUB_CLIENT_CONFIRMATION_OK"
13715,10409510647,10409510707,1,"IOTHUB_CLIENT_CONFIRMATION_OK"
13716,10409510848,10409510916,1,"IOTHUB_CLIENT_CONFIRMATION_OK"
13717,10409511048,10409511102,1,"IOTHUB_CLIENT_CONFIRMATION_OK"
13718,10409511248,10409511285,1,"IOTHUB_CLIENT_CONFIRMATION_OK"
13719,10409511448,10409511501,1,"IOTHUB_CLIENT_CONFIRMATION_OK"
13720,10409511648,10409511692,1,"IOTHUB_CLIENT_CONFIRMATION_OK"
13721,10409511848,10409511885,1,"IOTHUB_CLIENT_CONFIRMATION_OK"
13722,10409512049,10409512107,1,"IOTHUB_CLIENT_CONFIRMATION_OK"
13723,10409512249,10409512300,1,"IOTHUB_CLIENT_CONFIRMATION_OK"
13724,10409512449,10409512496,1,"IOTHUB_CLIENT_CONFIRMATION_OK"
13725,10409512649,10409512689,1,"IOTHUB_CLIENT_CONFIRMATION_OK"
13726,10409512849,10409512899,1,"IOTHUB_CLIENT_CONFIRMATION_OK"
13727,10409513049,10409513099,1,"IOTHUB_CLIENT_CONFIRMATION_OK"
13728,10409513250,10409513310,1,"IOTHUB_CLIENT_CONFIRMATION_OK"
13729,10409513450,10409513511,1,"IOTHUB_CLIENT_CONFIRMATION_OK"
13730,10409513650,10409513710,1,"IOTHUB_CLIENT_CONFIRMATION_OK"
13731,10409513850,10409513887,1,"IOTHUB_CLIENT_CONFIRMATION_OK"
13732,10409514050,10409514129,1,"IOTHUB_CLIENT_CONFIRMATION_OK"
13733,10409514250,10409514298,1,"IOTHUB_CLIENT_CONFIRMATION_OK"
13734,10409514450,10409514525,1,"IOTHUB_CLIENT_CONFIRMATION_OK"
13735,10409514651,10409514726,1,"IOTHUB_CLIENT_CONFIRMATION_OK"
13736,10409514851,10409514927,1,"IOTHUB_CLIENT_CONFIRMATION_OK"
13737,10409515051,10409515123,1,"IOTHUB_CLIENT_CONFIRMATION_OK"
13738,10409515251,10409515290,1,"IOTHUB_CLIENT_CONFIRMATION_OK"
13739,10409515451,10409515499,1,"IOTHUB_CLIENT_CONFIRMATION_OK"
13740,10409515651,10409515694,1,"IOTHUB_CLIENT_CONFIRMATION_OK"
13741,10409515852,10409516020,1,"IOTHUB_CLIENT_CONFIRMATION_OK"
13742,10409516052,10409516107,1,"IOTHUB_CLIENT_CONFIRMATION_OK"
13743,10409516252,10409516307,1,"IOTHUB_CLIENT_CONFIRMATION_OK"
13744,10409516452,10409516523,1,"IOTHUB_CLIENT_CONFIRMATION_OK"
13745,10409516652,10409516732,1,"IOTHUB_CLIENT_CONFIRMATION_OK"
13746,10409516852,10409516888,1,"IOTHUB_CLIENT_CONFIRMATION_OK"
13747,10409517053,10409517098,1,"IOTHUB_CLIENT_CONFIRMATION_OK"
13748,10409517253,10409517437,1,"IOTHUB_CLIENT_CONFIRMATION_OK"
13749,10409517453,10409517506,1,"IOTHUB_CLIENT_CONFIRMATION_OK"
13750,10409517653,10409517697,1,"IOTHUB_CLIENT_CONFIRMATION_OK"
13751,10409517853,10409517917,1,"IOTHUB_CLIENT_CONFIRMATION_OK"
13752,10409518053,10409518112,1,"IOTHUB_CLIENT_CONFIRMATION_OK"
13753,10409518254,10409518308,1,"IOTHUB_CLIENT_CONFIRMATION_OK"
13754,10409518454,10409518497,1,"IOTHUB_CLIENT_CONFIRMATION_OK"
13755,10409518654,10409518850,1,"IOTHUB_CLIENT_CONFIRMATION_OK"
13756,10409518854,10409518913,1,"IOTHUB_CLIENT_CONFIRMATION_OK"
13757,10409519054,10409519124,1,"IOTHUB_CLIENT_CONFIRMATION_OK"
13758,10409519254,10409519300,1,"IOTHUB_CLIENT_CONFIRMATION_OK"
13759,10409519455,10409519542,1,"IOTHUB_CLIENT_CONFIRMATION_OK"
13760,10409519655,10409519710,1,"IOTHUB_CLIENT_CONFIRMATION_OK"
13761,10409519855,10409519919,1,"IOTHUB_CLIENT_CONFIRMATION_OK"
13762,10409520055,10409520104,1,"IOTHUB_CLIENT_CONFIRMATION_OK"
13763,10409520255,10409520308,1,"IOTHUB_CLIENT_CONFIRMATION_OK"
13764,10409520455,10409520500,1,"IOTHUB_CLIENT_CONFIRMATION_OK"
13765,10409520655,10409520723,1,"IOTHUB_CLIENT_CONFIRMATION_OK"
13766,10409520856,10409520962,1,"IOTHUB_CLIENT_CONFIRMATION_OK"
13767,10409521056,10409521094,1,"IOTHUB_CLIENT_CONFIRMATION_OK"
13768,10409521256,10409521293,1,"IOTHUB_CLIENT_CONFIRMATION_OK"
13769,10409521456,10409521508,1,"IOTHUB_CLIENT_CONFIRMATION_OK"
13770,10409521656,10409521712,1,"IOTHUB_CLIENT_CONFIRMATION_OK"
13771,10409521856,10409521907,1,"IOTHUB_CLIENT_CONFIRMATION_OK"
13772,10409522057,10409522111,1,"IOTHUB_CLIENT_CONFIRMATION_OK"
13773,10409522257,10409522399,1,"IOTHUB_CLIENT_CONFIRMATION_OK"
13774,10409522457,10409522504,1,"IOTHUB_CLIENT_CONFIRMATION_OK"
13775,10409522657,10409522726,1,"IOTHUB_CLIENT_CONFIRMATION_OK"
13776,10409522857,10409522913,1,"IOTHUB_CLIENT_CONFIRMATION_OK"
13777,10409523058,10409523115,1,"IOTHUB_CLIENT_CONFIRMATION_OK"
13778,10409523258,10409523338,1,"IOTHUB_CLIENT_CONFIRMATION_OK"
13779,10409523458,10409523512,1,"IOTHUB_CLIENT_CONFIRMATION_OK"
13780,10409523658,10409523835,1,"IOTHUB_CLIENT_CONFIRMATION_OK"
13781,10409523858,10409523909,1,"IOTHUB_CLIENT_CONFIRMATION_OK"
13782,10409524058,10409524106,1,"IOTHUB_CLIENT_CONFIRMATION_OK"
13783,10409524258,10409524311,1,"IOTHUB_CLIENT_CONFIRMATION_OK"
13784,10409524459,10409524510,1,"IOTHUB_CLIENT_CONFIRMATION_OK"
13785,10409524659,10409524754,1,"IOTHUB_CLIENT_CONFIRMATION_OK"
13786,10409524859,10409524946,1,"IOTHUB_CLIENT_CONFIRMATION_OK"
13787,10409525059,10409525111,1,"IOTHUB_CLIENT_CONFIRMATION_OK"
13788,10409525259,10409525335,1,"IOTHUB_CLIENT_CONFIRMATION_OK"
13789,10409525459,10409525521,1,"IOTHUB_CLIENT_CONFIRMATION_OK"
13790,10409525660,10409525697,1,"IOTHUB_CLIENT_CONFIRMATION_OK"
13791,10409525860,10409525947,1,"IOTHUB_CLIENT_CONFIRMATION_OK"
13792,10409526060,10409526116,1,"IOTHUB_CLIENT_CONFIRMATION_OK"
13793,10409526260,10409526317,1,"IOTHUB_CLIENT_CONFIRMATION_OK"
13794,10409526460,10409526504,1,"IOTHUB_CLIENT_CONFIRMATION_OK"
13795,10409526660,10409526698,1,"IOTHUB_CLIENT_CONFIRMATION_OK"
13796,10409526861,10409526912,1,"IOTHUB_CLIENT_CONFIRMATION_OK"
13797,10409527061,10409527108,1,"IOTHUB_CLIENT_CONFIRMATION_OK"
13798,10409527261,10409527428,1,"IOTHUB_CLIENT_CONFIRMATION_OK"
13799,10409527461,10409527531,1,"IOTHUB_CLIENT_CONFIRMATION_OK"
13800,10409527661,10409527725,1,"IOTHUB_CLIENT_CONFIRMATION_OK"
13801,10409527861,10409527927,1,"IOTHUB_CLIENT_CONFIRMATION_OK"
13802,10409528062,10409528109,1,"IOTHUB_CLIENT_CONFIRMATION_OK"
13803,10409528262,10409528328,1,"IOTHUB_CLIENT_CONFIRMATION_OK"
13804,10409528462,10409528505,1,"IOTHUB_CLIENT_CONFIRMATION_OK"
13805,10409528662,10409528881,1,"IOTHUB_CLIENT_CONFIRMATION_OK"
13806,10409528862,10409528924,1,"IOTHUB_CLIENT_CONFIRMATION_OK"
13807,10409529062,10409529151,1,"IOTHUB_CLIENT_CONFIRMATION_OK"
13808,10409529263,10409529303,1,"IOTHUB_CLIENT_CONFIRMATION_OK"
13809,10409529463,10409529512,1,"IOTHUB_CLIENT_CONFIRMATION_OK"
13810,10409529663,10409529713,1,"IOTHUB_CLIENT_CONFIRMATION_OK"
13811,10409529863,10409529917,1,"IOTHUB_CLIENT_CONFIRMATION_OK"
13812,10409530063,10409530119,1,"IOTHUB_CLIENT_CONFIRMATION_OK"
13813,10409530263,10409530318,1,"IOTHUB_CLIENT_CONFIRMATION_OK"
13814,10409530464,10409530512,1,"IOTHUB_CLIENT_CONFIRMATION_OK"
13815,10409530664,10409530715,1,"IOTHUB_CLIENT_CONFIRMATION_OK"
13816,10409530864,10409530937,1,"IOTHUB_CLIENT_CONFIRMATION_OK"
13817,10409531064,10409531162,1,"IOTHUB_CLIENT_CONFIRMATION_OK"
13818,10409531264,10409531317,1,"IOTHUB_CLIENT_CONFIRMATION_OK"
13819,10409531464,10409531508,1,"IOTHUB_CLIENT_CONFIRMATION_OK"
13820,10409531665,10409531703,1,"IOTHUB_CLIENT_CONFIRMATION_OK"
13821,10409531865,10409531907,1,"IOTHUB_CLIENT_CONFIRMATION_OK"
13822,10409532065,10409532129,1,"IOTHUB_CLIENT_CONFIRMATION_OK"
13823,10409532265,10409532374,1,"IOTHUB_CLIENT_CONFIRMATION_OK"
13824,10409532465,10409532509,1,"IOTHUB_CLIENT_CONFIRMATION_OK"
13825,10409532665,10409532714,1,"IOTHUB_CLIENT_CONFIRMATION_OK"
13826,10409532865,10409532914,1,"IOTHUB_CLIENT_CONFIRMATION_OK"
13827,10409533066,10409533110,1,"IOTHUB_CLIENT_CONFIRMATION_OK"
13828,10409533266,10409533308,1,"IOTHUB_CLIENT_CONFIRMATION_OK"
13829,10409533466,10409533507,1,"IOTHUB_CLIENT_CONFIRMATION_OK"
13830,10409533666,10409533796,1,"IOTHUB_CLIENT_CONFIRMATION_OK"
13831,10409533866,10409533921,1,"IOTHUB_CLIENT_CONFIRMATION_OK"
13832,10409534066,10409534113,1,"IOTHUB_CLIENT_CONFIRMATION_OK"
13833,10409534267,10409534326,1,"IOTHUB_CLIENT_CONFIRMATION_OK"
13834,10409534467,10409534542,1,"IOTHUB_CLIENT_CONFIRMATION_OK"
13835,10409534667,10409534728,1,"IOTHUB_CLIENT_CONFIRMATION_OK"
13836,10409534867,10409534916,1,"IOTHUB_CLIENT_CONFIRMATION_OK"
13837,10409535067,10409535107,1,"IOTHUB_CLIENT_CONFIRMATION_OK"
13838,10409535267,10409535329,1,"IOTHUB_CLIENT_CONFIRMATION_OK"
13839,10409535468,10409535517,1,"IOTHUB_CLIENT_CONFIRMATION_OK"
13840,10409535668,10409535709,1,"IOTHUB_CLIENT_CONFIRMATION_OK"
13841,10409535868,10409535982,1,"IOTHUB_CLIENT_CONFIRMATION_OK"
13842,10409536068,10409536122,1,"IOTHUB_CLIENT_CONFIRMATION_OK"
13843,10409536268,10409536316,1,"IOTHUB_CLIENT_CONFIRMATION_OK"
13844,10409536468,10409536510,1,"IOTHUB_CLIENT_CONFIRMATION_OK"
13845,10409536668,10409536715,1,"IOTHUB_CLIENT_CONFIRMATION_OK"
13846,10409536869,10409537023,1,"IOTHUB_CLIENT_CONFIRMATION_OK"
13847,10409537069,10409537109,1,"IOTHUB_CLIENT_CONFIRMATION_OK"
13848,10409537269,10409537462,1,"IOTHUB_CLIENT_CONFIRMATION_OK"
13849,10409537469,10409537509,1,"IOTHUB_CLIENT_CONFIRMATION_OK"
13850,10409537669,10409537723,1,"IOTHUB_CLIENT_CONFIRMATION_OK"
13851,10409537869,10409537919,1,"IOTHUB_CLIENT_CONFIRMATION_OK"
13852,10409538070,10409538126,1,"IOTHUB_CLIENT_CONFIRMATION_OK"
13853,10409538270,10409538313,1,"IOTHUB_CLIENT_CONFIRMATION_OK"
13854,10409538470,10409538511,1,"IOTHUB_CLIENT_CONFIRMATION_OK"
13855,10409538670,10409538901,1,"IOTHUB_CLIENT_CONFIRMATION_OK"
13856,10409538870,10409538945,1,"IOTHUB_CLIENT_CONFIRMATION_OK"
13857,10409539070,10409539114,1,"IOTHUB_CLIENT_CONFIRMATION_OK"
13858,10409539270,10409539318,1,"IOTHUB_CLIENT_CONFIRMATION_OK"
13859,10409539471,10409539522,1,"IOTHUB_CLIENT_CONFIRMATION_OK"
13860,10409539671,10409539751,1,"IOTHUB_CLIENT_CONFIRMATION_OK"
13861,10409539871,10409539934,1,"IOTHUB_CLIENT_CONFIRMATION_OK"
13862,10409540071,10409540413,1,"IOTHUB_CLIENT_CONFIRMATION_OK"
13863,10409540271,10409540436,1,"IOTHUB_CLIENT_CONFIRMATION_OK"
13864,10409540471,10409540507,1,"IOTHUB_CLIENT_CONFIRMATION_OK"
13865,10409540672,10409540722,1,"IOTHUB_CLIENT_CONFIRMATION_OK"
13866,10409540872,10409541041,1,"IOTHUB_CLIENT_CONFIRMATION_OK"
13867,10409541072,10409541147,1,"IOTHUB_CLIENT_CONFIRMATION_OK"
13868,10409541272,10409541370,1,"IOTHUB_CLIENT_CONFIRMATION_OK"
13869,10409541472,10409541512,1,"IOTHUB_CLIENT_CONFIRMATION_OK"
13870,10409541672,10409541815,1,"IOTHUB_CLIENT_CONFIRMATION_OK"
13871,10409541873,10409541919,1,"IOTHUB_CLIENT_CONFIRMATION_OK"
13872,10409542073,10409542124,1,"IOTHUB_CLIENT_CONFIRMATION_OK"
13873,10409542273,10409542322,1,"IOTHUB_CLIENT_CONFIRMATION_OK"
13874,10409542473,10409542514,1,"IOTHUB_CLIENT_CONFIRMATION_OK"
13875,10409542673,10409542720,1,"IOTHUB_CLIENT_CONFIRMATION_OK"
13876,10409542873,10409542948,1,"IOTHUB_CLIENT_CONFIRMATION_OK"
13877,10409543074,10409543123,1,"IOTHUB_CLIENT_CONFIRMATION_OK"
13878,10409543274,10409543317,1,"IOTHUB_CLIENT_CONFIRMATION_OK"
13879,10409543474,10409543527,1,"IOTHUB_CLIENT_CONFIRMATION_OK"
13880,10409543674,10409543731,1,"IOTHUB_CLIENT_CONFIRMATION_OK"
13881,10409543874,10409543915,1,"IOTHUB_CLIENT_CONFIRMATION_OK"
13882,10409544074,10409544147,1,"IOTHUB_CLIENT_CONFIRMATION_OK"
13883,10409544274,10409544331,1,"IOTHUB_CLIENT_CONFIRMATION_OK"
13884,10409544475,10409544525,1,"IOTHUB_CLIENT_CONFIRMATION_OK"
13885,10409544675,10409544729,1,"IOTHUB_CLIENT_CONFIRMATION_OK"
13886,10409544875,10409544922,1,"IOTHUB_CLIENT_CONFIRMATION_OK"
13887,10409545075,10409545118,1,"IOTHUB_CLIENT_CONFIRMATION_OK"
13888,10409545275,10409545331,1,"IOTHUB_CLIENT_CONFIRMATION_OK"
13889,10409545475,10409545539,1,"IOTHUB_CLIENT_CONFIRMATION_OK"
13890,10409545676,10409545719,1,"IOTHUB_CLIENT_CONFIRMATION_OK"
13891,10409545876,10409545949,1,"IOTHUB_CLIENT_CONFIRMATION_OK"
13892,10409546076,10409546119,1,"IOTHUB_CLIENT_CONFIRMATION_OK"
13893,10409546276,10409546319,1,"IOTHUB_CLIENT_CONFIRMATION_OK"
13894,10409546476,10409546543,1,"IOTHUB_CLIENT_CONFIRMATION_OK"
13895,10409546676,10409546741,1,"IOTHUB_CLIENT_CONFIRMATION_OK"
13896,10409546877,10409547010,1,"IOTHUB_CLIENT_CONFIRMATION_OK"
13897,10409547077,10409547136,1,"IOTHUB_CLIENT_CONFIRMATION_OK"
13898,10409547277,10409547411,1,"IOTHUB_CLIENT_CONFIRMATION_OK"
13899,10409547477,10409547530,1,"IOTHUB_CLIENT_CONFIRMATION_OK"
13900,10409547677,10409547715,1,"IOTHUB_CLIENT_CONFIRMATION_OK"
13901,10409547877,10409547937,1,"IOTHUB_CLIENT_CONFIRMATION_OK"
13902,10409548078,10409548131,1,"IOTHUB_CLIENT_CONFIRMATION_OK"
13903,10409548278,10409548344,1,"IOTHUB_CLIENT_CONFIRMATION_OK"
13904,10409548478,10409548535,1,"IOTHUB_CLIENT_CONFIRMATION_OK"
13905,10409548678,10409548844,1,"IOTHUB_CLIENT_CONFIRMATION_OK"
13906,10409548878,10409548931,1,"IOTHUB_CLIENT_CONFIRMATION_OK"
13907,10409549078,10409549119,1,"IOTHUB_CLIENT_CONFIRMATION_OK"
13908,10409549279,10409549328,1,"IOTHUB_CLIENT_CONFIRMATION_OK"
13909,10409549479,10409549531,1,"IOTHUB_CLIENT_CONFIRMATION_OK"
13910,10409549679,10409549727,1,"IOTHUB_CLIENT_CONFIRMATION_OK"
13911,10409549879,10409549921,1,"IOTHUB_CLIENT_CONFIRMATION_OK"
13912,10409550079,10409550153,1,"IOTHUB_CLIENT_CONFIRMATION_OK"
13913,10409550279,10409550384,1,"IOTHUB_CLIENT_CONFIRMATION_OK"
13914,10409550480,10409550539,1,"IOTHUB_CLIENT_CONFIRMATION_OK"
13915,10409550680,10409550741,1,"IOTHUB_CLIENT_CONFIRMATION_OK"
13916,10409550880,10409550934,1,"IOTHUB_CLIENT_CONFIRMATION_OK"
13917,10409551080,10409551129,1,"IOTHUB_CLIENT_CONFIRMATION_OK"
13918,10409551280,10409551324,1,"IOTHUB_CLIENT_CONFIRMATION_OK"
13919,10409551480,10409551526,1,"IOTHUB_CLIENT_CONFIRMATION_OK"
13920,10409551681,10409551757,1,"IOTHUB_CLIENT_CONFIRMATION_OK"
13921,10409551881,10409551947,1,"IOTHUB_CLIENT_CONFIRMATION_OK"
13922,10409552081,10409552134,1,"IOTHUB_CLIENT_CONFIRMATION_OK"
13923,10409552281,10409552334,1,"IOTHUB_CLIENT_CONFIRMATION_OK"
13924,10409552481,10409552612,1,"IOTHUB_CLIENT_CONFIRMATION_OK"
13925,10409552681,10409552727,1,"IOTHUB_CLIENT_CONFIRMATION_OK"
13926,10409552881,10409552928,1,"IOTHUB_CLIENT_CONFIRMATION_OK"
13927,10409553082,10409553157,1,"IOTHUB_CLIENT_CONFIRMATION_OK"
13928,10409553282,10409553334,1,"IOTHUB_CLIENT_CONFIRMATION_OK"
13929,10409553482,10409553526,1,"IOTHUB_CLIENT_CONFIRMATION_OK"
13930,10409553682,10409553797,1,"IOTHUB_CLIENT_CONFIRMATION_OK"
13931,10409553882,10409553935,1,"IOTHUB_CLIENT_CONFIRMATION_OK"
13932,10409554082,10409554142,1,"IOTHUB_CLIENT_CONFIRMATION_OK"
13933,10409554283,10409554348,1,"IOTHUB_CLIENT_CONFIRMATION_OK"
13934,10409554483,10409554597,1,"IOTHUB_CLIENT_CONFIRMATION_OK"
13935,10409554683,10409554737,1,"IOTHUB_CLIENT_CONFIRMATION_OK"
13936,10409554883,10409554948,1,"IOTHUB_CLIENT_CONFIRMATION_OK"
13937,10409555083,10409555137,1,"IOTHUB_CLIENT_CONFIRMATION_OK"
13938,10409555283,10409555325,1,"IOTHUB_CLIENT_CONFIRMATION_OK"
13939,10409555483,10409555523,1,"IOTHUB_CLIENT_CONFIRMATION_OK"
13940,10409555684,10409555745,1,"IOTHUB_CLIENT_CONFIRMATION_OK"
13941,10409555884,10409556051,1,"IOTHUB_CLIENT_CONFIRMATION_OK"
13942,10409556084,10409556125,1,"IOTHUB_CLIENT_CONFIRMATION_OK"
13943,10409556284,10409556368,1,"IOTHUB_CLIENT_CONFIRMATION_OK"
13944,10409556484,10409556530,1,"IOTHUB_CLIENT_CONFIRMATION_OK"
13945,10409556684,10409556744,1,"IOTHUB_CLIENT_CONFIRMATION_OK"
13946,10409556885,10409556965,1,"IOTHUB_CLIENT_CONFIRMATION_OK"
13947,10409557085,10409557129,1,"IOTHUB_CLIENT_CONFIRMATION_OK"
13948,10409557285,10409557340,1,"IOTHUB_CLIENT_CONFIRMATION_OK"
13949,10409557485,10409557527,1,"IOTHUB_CLIENT_CONFIRMATION_OK"
13950,10409557685,10409557735,1,"IOTHUB_CLIENT_CONFIRMATION_OK"
13951,10409557885,10409557930,1,"IOTHUB_CLIENT_CONFIRMATION_OK"
13952,10409558086,10409558163,1,"IOTHUB_CLIENT_CONFIRMATION_OK"
13953,10409558286,10409558351,1,"IOTHUB_CLIENT_CONFIRMATION_OK"
13954,10409558486,10409558551,1,"IOTHUB_CLIENT_CONFIRMATION_OK"
13955,10409558686,10409558780,1,"IOTHUB_CLIENT_CONFIRMATION_OK"
13956,10409558886,10409558971,1,"IOTHUB_CLIENT_CONFIRMATION_OK"
13957,10409559086,10409559136,1,"IOTHUB_CLIENT_CONFIRMATION_OK"
13958,10409559286,10409559356,1,"IOTHUB_CLIENT_CONFIRMATION_OK"
13959,10409559487,10409559567,1,"IOTHUB_CLIENT_CONFIRMATION_OK"
13960,10409559687,10409559726,1,"IOTHUB_CLIENT_CONFIRMATION_OK"
13961,10409559887,10409559937,1,"IOTHUB_CLIENT_CONFIRMATION_OK"
13962,10409560087,10409560146,1,"IOTHUB_CLIENT_CONFIRMATION_OK"
13963,10409560287,10409560366,1,"IOTHUB_CLIENT_CONFIRMATION_OK"
13964,10409560487,10409560532,1,"IOTHUB_CLIENT_CONFIRMATION_OK"
13965,10409560688,10409560739,1,"IOTHUB_CLIENT_CONFIRMATION_OK"
13966,10409560888,10409561006,1,"IOTHUB_CLIENT_CONFIRMATION_OK"
13967,10409561088,10409561133,1,"IOTHUB_CLIENT_CONFIRMATION_OK"
13968,10409561288,10409561337,1,"IOTHUB_CLIENT_CONFIRMATION_OK"
13969,10409561488,10409561573,1,"IOTHUB_CLIENT_CONFIRMATION_OK"
13970,10409561688,10409561745,1,"IOTHUB_CLIENT_CONFIRMATION_OK"
13971,10409561888,10409561940,1,"IOTHUB_CLIENT_CONFIRMATION_OK"
13972,10409562089,10409562136,1,"IOTHUB_CLIENT_CONFIRMATION_OK"
13973,10409562289,10409562336,1,"IOTHUB_CLIENT_CONFIRMATION_OK"
13974,10409562489,10409562545,1,"IOTHUB_CLIENT_CONFIRMATION_OK"
13975,10409562689,10409562731,1,"IOTHUB_CLIENT_CONFIRMATION_OK"
13976,10409562889,10409562927,1,"IOTHUB_CLIENT_CONFIRMATION_OK"
13977,10409563089,10409563152,1,"IOTHUB_CLIENT_CONFIRMATION_OK"
13978,10409563290,10409563333,1,"IOTHUB_CLIENT_CONFIRMATION_OK"
13979,10409563490,10409563538,1,"IOTHUB_CLIENT_CONFIRMATION_OK"
13980,10409563690,10409563771,1,"IOTHUB_CLIENT_CONFIRMATION_OK"
13981,10409563890,10409563934,1,"IOTHUB_CLIENT_CONFIRMATION_OK"
13982,10409564090,10409564144,1,"IOTHUB_CLIENT_CONFIRMATION_OK"
13983,10409564290,10409564358,1,"IOTHUB_CLIENT_CONFIRMATION_OK"
13984,10409564491,10409564591,1,"IOTHUB_CLIENT_CONFIRMATION_OK"
13985,10409564691,10409564743,1,"IOTHUB_CLIENT_CONFIRMATION_OK"
13986,10409564891,10409564962,1,"IOTHUB_CLIENT_CONFIRMATION_OK"
13987,10409565091,10409565130,1,"IOTHUB_CLIENT_CONFIRMATION_OK"
13988,10409565291,10409565348,1,"IOTHUB_CLIENT_CONFIRMATION_OK"
13989,10409565491,10409565580,1,"IOTHUB_CLIENT_CONFIRMATION_OK"
13990,10409565692,10409565772,1,"IOTHUB_CLIENT_CONFIRMATION_OK"
13991,10409565892,10409566008,1,"IOTHUB_CLIENT_CONFIRMATION_OK"
13992,10409566092,10409566148,1,"IOTHUB_CLIENT_CONFIRMATION_OK"
13993,10409566292,10409566352,1,"IOTHUB_CLIENT_CONFIRMATION_OK"
13994,10409566492,10409566550,1,"IOTHUB_CLIENT_CONFIRMATION_OK"
13995,10409566692,10409566738,1,"IOTHUB_CLIENT_CONFIRMATION_OK"
13996,10409566893,10409566928,1,"IOTHUB_CLIENT_CONFIRMATION_OK"
13997,10409567093,10409567146,1,"IOTHUB_CLIENT_CONFIRMATION_OK"
13998,10409567293,10409567414,1,"IOTHUB_CLIENT_CONFIRMATION_OK"
13999,10409567493,10409567536,1,"IOTHUB_CLIENT_CONFIRMATION_OK"
14000,10409567693,10409567750,1,"IOTHUB_CLIENT_CONFIRMATION_OK"
14001,10409567893,10409567958,1,"IOTHUB_CLIENT_CONFIRMATION_OK"
14002,10409568093,10409568144,1,"IOTHUB_CLIENT_CONFIRMATION_OK"
14003,10409568294,10409568437,1,"IOTHUB_CLIENT_CONFIRMATION_OK"
14004,10409568494,10409568538,1,"IOTHUB_CLIENT_CONFIRMATION_OK"
14005,10409568694,10409568872,1,"IOTHUB_CLIENT_CONFIRMATION_OK"
14006,10409568894,10409568938,1,"IOTHUB_CLIENT_CONFIRMATION_OK"
14007,10409569094,10409569134,1,"IOTHUB_CLIENT_CONFIRMATION_OK"
14008,10409569294,10409569340,1,"IOTHUB_CLIENT_CONFIRMATION_OK"
14009,10409569495,10409569545,1,"IOTHUB_CLIENT_CONFIRMATION_OK"
14010,10409569695,10409569761,1,"IOTHUB_CLIENT_CONFIRMATION_OK"
14011,10409569895,10409569940,1,"IOTHUB_CLIENT_CONFIRMATION_OK"
14012,10409570095,10409570154,1,"IOTHUB_CLIENT_CONFIRMATION_OK"
14013,10409570295,10409570334,1,"IOTHUB_CLIENT_CONFIRMATION_OK"
14014,10409570495,10409570574,1,"IOTHUB_CLIENT_CONFIRMATION_OK"
14015,10409570695,10409570752,1,"IOTHUB_CLIENT_CONFIRMATION_OK"
14016,10409570896,10409571039,1,"IOTHUB_CLIENT_CONFIRMATION_OK"
14017,10409571096,10409571150,1,"IOTHUB_CLIENT_CONFIRMATION_OK"
14018,10409571296,10409571348,1,"IOTHUB_CLIENT_CONFIRMATION_OK"
14019,10409571496,10409571558,1,"IOTHUB_CLIENT_CONFIRMATION_OK"
14020,10409571696,10409571742,1,"IOTHUB_CLIENT_CONFIRMATION_OK"
14021,10409571896,10409572003,1,"IOTHUB_CLIENT_CONFIRMATION_OK"
14022,10409572097,10409572135,1,"IOTHUB_CLIENT_CONFIRMATION_OK"
14023,10409572297,10409572351,1,"IOTHUB_CLIENT_CONFIRMATION_OK"
14024,10409572497,10409572536,1,"IOTHUB_CLIENT_CONFIRMATION_OK"
14025,10409572697,10409572763,1,"IOTHUB_CLIENT_CONFIRMATION_OK"
14026,10409572897,10409572950,1,"IOTHUB_CLIENT_CONFIRMATION_OK"
14027,10409573097,10409573151,1,"IOTHUB_CLIENT_CONFIRMATION_OK"
14028,10409573298,10409573338,1,"IOTHUB_CLIENT_CONFIRMATION_OK"
14029,10409573498,10409573543,1,"IOTHUB_CLIENT_CONFIRMATION_OK"
14030,10409573698,10409573745,1,"IOTHUB_CLIENT_CONFIRMATION_OK"
14031,10409573898,10409573948,1,"IOTHUB_CLIENT_CONFIRMATION_OK"
14032,10409574098,10409574137,1,"IOTHUB_CLIENT_CONFIRMATION_OK"
14033,10409574298,10409574349,1,"IOTHUB_CLIENT_CONFIRMATION_OK"
14034,10409574499,10409574580,1,"IOTHUB_CLIENT_CONFIRMATION_OK"
14035,10409574699,10409574759,1,"IOTHUB_CLIENT_CONFIRMATION_OK"
14036,10409574899,10409574961,1,"IOTHUB_CLIENT_CONFIRMATION_OK"
14037,10409575099,10409575147,1,"IOTHUB_CLIENT_CONFIRMATION_OK"
14038,10409575299,10409575351,1,"IOTHUB_CLIENT_CONFIRMATION_OK"
14039,10409575499,10409575541,1,"IOTHUB_CLIENT_CONFIRMATION_OK"
14040,10409575699,10409575764,1,"IOTHUB_CLIENT_CONFIRMATION_OK"
14041,10409575900,10409576037,1,"IOTHUB_CLIENT_CONFIRMATION_OK"
14042,10409576100,10409576153,1,"IOTHUB_CLIENT_CONFIRMATION_OK"
14043,10409576300,10409576339,1,"IOTHUB_CLIENT_CONFIRMATION_OK"
14044,10409576500,10409576548,1,"IOTHUB_CLIENT_CONFIRMATION_OK"
14045,10409576700,10409576744,1,"IOTHUB_CLIENT_CONFIRMATION_OK"
14046,10409576901,10409576940,1,"IOTHUB_CLIENT_CONFIRMATION_OK"
14047,10409577101,10409577136,1,"IOTHUB_CLIENT_CONFIRMATION_OK"
14048,10409577301,10409577486,1,"IOTHUB_CLIENT_CONFIRMATION_OK"
14049,10409577501,10409577552,1,"IOTHUB_CLIENT_CONFIRMATION_OK"
14050,10409577701,10409577758,1,"IOTHUB_CLIENT_CONFIRMATION_OK"
14051,10409577901,10409577940,1,"IOTHUB_CLIENT_CONFIRMATION_OK"
14052,10409578101,10409578141,1,"IOTHUB_CLIENT_CONFIRMATION_OK"
14053,10409578302,10409578365,1,"IOTHUB_CLIENT_CONFIRMATION_OK"
14054,10409578502,10409578544,1,"IOTHUB_CLIENT_CONFIRMATION_OK"
14055,10409578702,10409578896,1,"IOTHUB_CLIENT_CONFIRMATION_OK"
14056,10409578902,10409578971,1,"IOTHUB_CLIENT_CONFIRMATION_OK"
14057,10409579102,10409579161,1,"IOTHUB_CLIENT_CONFIRMATION_OK"
14058,10409579302,10409579339,1,"IOTHUB_CLIENT_CONFIRMATION_OK"
14059,10409579503,10409579557,1,"IOTHUB_CLIENT_CONFIRMATION_OK"
14060,10409579703,10409579765,1,"IOTHUB_CLIENT_CONFIRMATION_OK"
14061,10409579903,10409579966,1,"IOTHUB_CLIENT_CONFIRMATION_OK"
14062,10409580103,10409580155,1,"IOTHUB_CLIENT_CONFIRMATION_OK"
14063,10409580303,10409580344,1,"IOTHUB_CLIENT_CONFIRMATION_OK"
14064,10409580503,10409580557,1,"IOTHUB_CLIENT_CONFIRMATION_OK"
14065,10409580704,10409580752,1,"IOTHUB_CLIENT_CONFIRMATION_OK"
14066,10409580904,10409580962,1,"IOTHUB_CLIENT_CONFIRMATION_OK"
14067,10409581104,10409581154,1,"IOTHUB_CLIENT_CONFIRMATION_OK"
14068,10409581304,10409581350,1,"IOTHUB_CLIENT_CONFIRMATION_OK"
14069,10409581504,10409581553,1,"IOTHUB_CLIENT_CONFIRMATION_OK"
14070,10409581704,10409581763,1,"IOTHUB_CLIENT_CONFIRMATION_OK"
14071,10409581904,10409581948,1,"IOTHUB_CLIENT_CONFIRMATION_OK"
14072,10409582105,10409582158,1,"IOTHUB_CLIENT_CONFIRMATION_OK"
14073,10409582305,10409582390,1,"IOTHUB_CLIENT_CONFIRMATION_OK"
14074,10409582505,10409582543,1,"IOTHUB_CLIENT_CONFIRMATION_OK"
14075,10409582705,10409582748,1,"IOTHUB_CLIENT_CONFIRMATION_OK"
14076,10409582905,10409582967,1,"IOTHUB_CLIENT_CONFIRMATION_OK"
14077,10409583105,10409583198,1,"IOTHUB_CLIENT_CONFIRMATION_OK"
14078,10409583306,10409583358,1,"IOTHUB_CLIENT_CONFIRMATION_OK"
14079,10409583506,10409583559,1,"IOTHUB_CLIENT_CONFIRMATION_OK"
14080,10409583706,10409583805,1,"IOTHUB_CLIENT_CONFIRMATION_OK"
14081,10409583906,10409583975,1,"IOTHUB_CLIENT_CONFIRMATION_OK"
14082,10409584106,10409584210,1,"IOTHUB_CLIENT_CONFIRMATION_OK"
14083,10409584306,10409584361,1,"IOTHUB_CLIENT_CONFIRMATION_OK"
14084,10409584506,10409584554,1,"IOTHUB_CLIENT_CONFIRMATION_OK"
14085,10409584707,10409584761,1,"IOTHUB_CLIENT_CONFIRMATION_OK"
14086,10409584907,10409584948,1,"IOTHUB_CLIENT_CONFIRMATION_OK"
14087,10409585107,10409585174,1,"IOTHUB_CLIENT_CONFIRMATION_OK"
14088,10409585307,10409585348,1,"IOTHUB_CLIENT_CONFIRMATION_OK"
14089,10409585507,10409585552,1,"IOTHUB_CLIENT_CONFIRMATION_OK"
14090,10409585707,10409585757,1,"IOTHUB_CLIENT_CONFIRMATION_OK"
14091,10409585908,10409585960,1,"IOTHUB_CLIENT_CONFIRMATION_OK"
14092,10409586108,10409586150,1,"IOTHUB_CLIENT_CONFIRMATION_OK"
14093,10409586308,10409586344,1,"IOTHUB_CLIENT_CONFIRMATION_OK"
14094,10409586508,10409586546,1,"IOTHUB_CLIENT_CONFIRMATION_OK"
14095,10409586708,10409586761,1,"IOTHUB_CLIENT_CONFIRMATION_OK"
14096,10409586908,10409586947,1,"IOTHUB_CLIENT_CONFIRMATION_OK"
14097,10409587109,10409587184,1,"IOTHUB_CLIENT_CONFIRMATION_OK"
14098,10409587309,10409587520,1,"IOTHUB_CLIENT_CONFIRMATION_OK"
14099,10409587509,10409587575,1,"IOTHUB_CLIENT_CONFIRMATION_OK"
14100,10409587709,10409587759,1,"IOTHUB_CLIENT_CONFIRMATION_OK"
14101,10409587909,10409587952,1,"IOTHUB_CLIENT_CONFIRMATION_OK"
14102,10409588109,10409588175,1,"IOTHUB_CLIENT_CONFIRMATION_OK"
14103,10409588310,10409588410,1,"IOTHUB_CLIENT_CONFIRMATION_OK"
14104,10409588510,10409588552,1,"IOTHUB_CLIENT_CONFIRMATION_OK"
14105,10409588710,10409588939,1,"IOTHUB_CLIENT_CONFIRMATION_OK"
14106,10409588910,10409588962,1,"IOTHUB_CLIENT_CONFIRMATION_OK"
14107,10409589110,10409589168,1,"IOTHUB_CLIENT_CONFIRMATION_OK"
14108,10409589310,10409589355,1,"IOTHUB_CLIENT_CONFIRMATION_OK"
14109,10409589511,10409589548,1,"IOTHUB_CLIENT_CONFIRMATION_OK"
14110,10409589711,10409589854,1,"IOTHUB_CLIENT_CONFIRMATION_OK"
14111,10409589911,10409589961,1,"IOTHUB_CLIENT_CONFIRMATION_OK"
14112,10409590111,10409590156,1,"IOTHUB_CLIENT_CONFIRMATION_OK"
14113,10409590311,10409590371,1,"IOTHUB_CLIENT_CONFIRMATION_OK"
14114,10409590511,10409590557,1,"IOTHUB_CLIENT_CONFIRMATION_OK"
14115,10409590712,10409590758,1,"IOTHUB_CLIENT_CONFIRMATION_OK"
14116,10409590912,10409591063,1,"IOTHUB_CLIENT_CONFIRMATION_OK"
14117,10409591112,10409591171,1,"IOTHUB_CLIENT_CONFIRMATION_OK"
14118,10409591312,10409591376,1,"IOTHUB_CLIENT_CONFIRMATION_OK"
14119,10409591512,10409591641,1,"IOTHUB_CLIENT_CONFIRMATION_OK"
14120,10409591712,10409591747,1,"IOTHUB_CLIENT_CONFIRMATION_OK"
14121,10409591912,10409591979,1,"IOTHUB_CLIENT_CONFIRMATION_OK"
14122,10409592113,10409592159,1,"IOTHUB_CLIENT_CONFIRMATION_OK"
14123,10409592313,10409592490,1,"IOTHUB_CLIENT_CONFIRMATION_OK"
14124,10409592513,10409592550,1,"IOTHUB_CLIENT_CONFIRMATION_OK"
14125,10409592713,10409592758,1,"IOTHUB_CLIENT_CONFIRMATION_OK"
14126,10409592913,10409593018,1,"IOTHUB_CLIENT_CONFIRMATION_OK"
14127,10409593113,10409593161,1,"IOTHUB_CLIENT_CONFIRMATION_OK"
14128,10409593314,10409593374,1,"IOTHUB_CLIENT_CONFIRMATION_OK"
14129,10409593514,10409593601,1,"IOTHUB_CLIENT_CONFIRMATION_OK"
14130,10409593714,10409593912,1,"IOTHUB_CLIENT_CONFIRMATION_OK"
14131,10409593914,10409593953,1,"IOTHUB_CLIENT_CONFIRMATION_OK"
14132,10409594114,10409594172,1,"IOTHUB_CLIENT_CONFIRMATION_OK"
14133,10409594314,10409594359,1,"IOTHUB_CLIENT_CONFIRMATION_OK"
14134,10409594515,10409594552,1,"IOTHUB_CLIENT_CONFIRMATION_OK"
14135,10409594715,10409594760,1,"IOTHUB_CLIENT_CONFIRMATION_OK"
14136,10409594915,10409594954,1,"IOTHUB_CLIENT_CONFIRMATION_OK"
14137,10409595115,10409595158,1,"IOTHUB_CLIENT_CONFIRMATION_OK"
14138,10409595315,10409595357,1,"IOTHUB_CLIENT_CONFIRMATION_OK"
14139,10409595515,10409595557,1,"IOTHUB_CLIENT_CONFIRMATION_OK"
14140,10409595716,10409595799,1,"IOTHUB_CLIENT_CONFIRMATION_OK"
14141,10409595916,10409595965,1,"IOTHUB_CLIENT_CONFIRMATION_OK"
14142,10409596116,10409596163,1,"IOTHUB_CLIENT_CONFIRMATION_OK"
14143,10409596316,10409596364,1,"IOTHUB_CLIENT_CONFIRMATION_OK"
14144,10409596516,10409596566,1,"IOTHUB_CLIENT_CONFIRMATION_OK"
14145,10409596716,10409596763,1,"IOTHUB_CLIENT_CONFIRMATION_OK"
14146,10409596917,10409596965,1,"IOTHUB_CLIENT_CONFIRMATION_OK"
14147,10409597117,10409597224,1,"IOTHUB_CLIENT_CONFIRMATION_OK"
14148,10409597317,10409597392,1,"IOTHUB_CLIENT_CONFIRMATION_OK"
14149,10409597517,10409597576,1,"IOTHUB_CLIENT_CONFIRMATION_OK"
14150,10409597717,10409597757,1,"IOTHUB_CLIENT_CONFIRMATION_OK"
14151,10409597917,10409597971,1,"IOTHUB_CLIENT_CONFIRMATION_OK"
14152,10409598117,10409598208,1,"IOTHUB_CLIENT_CONFIRMATION_OK"
14153,10409598318,10409598378,1,"IOTHUB_CLIENT_CONFIRMATION_OK"
14154,10409598518,10409598557,1,"IOTHUB_CLIENT_CONFIRMATION_OK"
14155,10409598718,10409598800,1,"IOTHUB_CLIENT_CONFIRMATION_OK"
14156,10409598918,10409598962,1,"IOTHUB_CLIENT_CONFIRMATION_OK"
14157,10409599118,10409599398,1,"IOTHUB_CLIENT_CONFIRMATION_OK"
14158,10409599318,10409599460,1,"IOTHUB_CLIENT_CONFIRMATION_OK"
14159,10409599519,10409599657,1,"IOTHUB_CLIENT_CONFIRMATION_OK"
14160,10409599719,10409599761,1,"IOTHUB_CLIENT_CONFIRMATION_OK"
14161,10409599919,10409599982,1,"IOTHUB_CLIENT_CONFIRMATION_OK"
14162,10409600119,10409600180,1,"IOTHUB_CLIENT_CONFIRMATION_OK"
14163,10409600319,10409600382,1,"IOTHUB_CLIENT_CONFIRMATION_OK"
14164,10409600519,10409600549,1,"IOTHUB_CLIENT_CONFIRMATION_OK"
14165,10409600719,10409600762,1,"IOTHUB_CLIENT_CONFIRMATION_OK"
14166,10409600920,10409601074,1,"IOTHUB_CLIENT_CONFIRMATION_OK"
14167,10409601120,10409601168,1,"IOTHUB_CLIENT_CONFIRMATION_OK"
14168,10409601320,10409601364,1,"IOTHUB_CLIENT_CONFIRMATION_OK"
14169,10409601520,10409601563,1,"IOTHUB_CLIENT_CONFIRMATION_OK"
14170,10409601720,10409601769,1,"IOTHUB_CLIENT_CONFIRMATION_OK"
14171,10409601920,10409602063,1,"IOTHUB_CLIENT_CONFIRMATION_OK"
14172,10409602120,10409602172,1,"IOTHUB_CLIENT_CONFIRMATION_OK"
14173,10409602321,10409602501,1,"IOTHUB_CLIENT_CONFIRMATION_OK"
14174,10409602521,10409602560,1,"IOTHUB_CLIENT_CONFIRMATION_OK"
14175,10409602721,10409602814,1,"IOTHUB_CLIENT_CONFIRMATION_OK"
14176,10409602921,10409602962,1,"IOTHUB_CLIENT_CONFIRMATION_OK"
14177,10409603121,10409603171,1,"IOTHUB_CLIENT_CONFIRMATION_OK"
14178,10409603321,10409603363,1,"IOTHUB_CLIENT_CONFIRMATION_OK"
14179,10409603522,10409603589,1,"IOTHUB_CLIENT_CONFIRMATION_OK"
14180,10409603722,10409603934,1,"IOTHUB_CLIENT_CONFIRMATION_OK"
14181,10409603922,10409603968,1,"IOTHUB_CLIENT_CONFIRMATION_OK"
14182,10409604122,10409604163,1,"IOTHUB_CLIENT_CONFIRMATION_OK"
14183,10409604322,10409604362,1,"IOTHUB_CLIENT_CONFIRMATION_OK"
14184,10409604522,10409604572,1,"IOTHUB_CLIENT_CONFIRMATION_OK"
14185,10409604722,10409604768,1,"IOTHUB_CLIENT_CONFIRMATION_OK"
14186,10409604923,10409604967,1,"IOTHUB_CLIENT_CONFIRMATION_OK"
14187,10409605123,10409605167,1,"IOTHUB_CLIENT_CONFIRMATION_OK"
14188,10409605323,10409605491,1,"IOTHUB_CLIENT_CONFIRMATION_OK"
14189,10409605523,10409605581,1,"IOTHUB_CLIENT_CONFIRMATION_OK"
14190,10409605723,10409605771,1,"IOTHUB_CLIENT_CONFIRMATION_OK"
14191,10409605923,10409605963,1,"IOTHUB_CLIENT_CONFIRMATION_OK"
14192,10409606123,10409606186,1,"IOTHUB_CLIENT_CONFIRMATION_OK"
14193,10409606324,10409606372,1,"IOTHUB_CLIENT_CONFIRMATION_OK"
14194,10409606524,10409606562,1,"IOTHUB_CLIENT_CONFIRMATION_OK"
14195,10409606724,10409606767,1,"IOTHUB_CLIENT_CONFIRMATION_OK"
14196,10409606924,10409606969,1,"IOTHUB_CLIENT_CONFIRMATION_OK"
14197,10409607124,10409607170,1,"IOTHUB_CLIENT_CONFIRMATION_OK"
14198,10409607324,10409607377,1,"IOTHUB_CLIENT_CONFIRMATION_OK"
14199,10409607525,10409607588,1,"IOTHUB_CLIENT_CONFIRMATION_OK"
14200,10409607725,10409607771,1,"IOTHUB_CLIENT_CONFIRMATION_OK"
14201,10409607925,10409608002,1,"IOTHUB_CLIENT_CONFIRMATION_OK"
14202,10409608125,10409608210,1,"IOTHUB_CLIENT_CONFIRMATION_OK"
14203,10409608325,10409608371,1,"IOTHUB_CLIENT_CONFIRMATION_OK"
14204,10409608525,10409608562,1,"IOTHUB_CLIENT_CONFIRMATION_OK"
14205,10409608725,10409608798,1,"IOTHUB_CLIENT_CONFIRMATION_OK"
14206,10409608926,10409608968,1,"IOTHUB_CLIENT_CONFIRMATION_OK"
14207,10409609126,10409609205,1,"IOTHUB_CLIENT_CONFIRMATION_OK"
14208,10409609326,10409609385,1,"IOTHUB_CLIENT_CONFIRMATION_OK"
14209,10409609526,10409609667,1,"IOTHUB_CLIENT_CONFIRMATION_OK"
14210,10409609726,10409609774,1,"IOTHUB_CLIENT_CONFIRMATION_OK"
14211,10409609926,10409609991,1,"IOTHUB_CLIENT_CONFIRMATION_OK"
14212,10409610127,10409610174,1,"IOTHUB_CLIENT_CONFIRMATION_OK"
14213,10409610327,10409610371,1,"IOTHUB_CLIENT_CONFIRMATION_OK"
14214,10409610527,10409610573,1,"IOTHUB_CLIENT_CONFIRMATION_OK"
14215,10409610727,10409610796,1,"IOTHUB_CLIENT_CONFIRMATION_OK"
14216,10409610927,10409611079,1,"IOTHUB_CLIENT_CONFIRMATION_OK"
14217,10409611127,10409611162,1,"IOTHUB_CLIENT_CONFIRMATION_OK"
14218,10409611327,10409611390,1,"IOTHUB_CLIENT_CONFIRMATION_OK"
14219,10409611528,10409611660,1,"IOTHUB_CLIENT_CONFIRMATION_OK"
14220,10409611728,10409611767,1,"IOTHUB_CLIENT_CONFIRMATION_OK"
14221,10409611928,10409611969,1,"IOTHUB_CLIENT_CONFIRMATION_OK"
14222,10409612128,10409612177,1,"IOTHUB_CLIENT_CONFIRMATION_OK"
14223,10409612328,10409612537,1,"IOTHUB_CLIENT_CONFIRMATION_OK"
14224,10409612528,10409612578,1,"IOTHUB_CLIENT_CONFIRMATION_OK"
14225,10409612729,10409612774,1,"IOTHUB_CLIENT_CONFIRMATION_OK"
14226,10409612929,10409612984,1,"IOTHUB_CLIENT_CONFIRMATION_OK"
14227,10409613129,10409613178,1,"IOTHUB_CLIENT_CONFIRMATION_OK"
14228,10409613329,10409613388,1,"IOTHUB_CLIENT_CONFIRMATION_OK"
14229,10409613529,10409613573,1,"IOTHUB_CLIENT_CONFIRMATION_OK"
14230,10409613729,10409613933,1,"IOTHUB_CLIENT_CONFIRMATION_OK"
14231,10409613929,10409613979,1,"IOTHUB_CLIENT_CONFIRMATION_OK"
14232,10409614130,10409614191,1,"IOTHUB_CLIENT_CONFIRMATION_OK"
14233,10409614330,10409614371,1,"IOTHUB_CLIENT_CONFIRMATION_OK"
14234,10409614530,10409614586,1,"IOTHUB_CLIENT_CONFIRMATION_OK"
14235,10409614730,10409614849,1,"IOTHUB_CLIENT_CONFIRMATION_OK"
14236,10409614930,10409614981,1,"IOTHUB_CLIENT_CONFIRMATION_OK"
14237,10409615130,10409615180,1,"IOTHUB_CLIENT_CONFIRMATION_OK"
14238,10409615330,10409615372,1,"IOTHUB_CLIENT_CONFIRMATION_OK"
14239,10409615531,10409615593,1,"IOTHUB_CLIENT_CONFIRMATION_OK"
14240,10409615731,10409615773,1,"IOTHUB_CLIENT_CONFIRMATION_OK"
14241,10409615931,10409616028,1,"IOTHUB_CLIENT_CONFIRMATION_OK"
14242,10409616131,10409616181,1,"IOTHUB_CLIENT_CONFIRMATION_OK"
14243,10409616331,10409616388,1,"IOTHUB_CLIENT_CONFIRMATION_OK"
14244,10409616531,10409616575,1,"IOTHUB_CLIENT_CONFIRMATION_OK"
14245,10409616732,10409616820,1,"IOTHUB_CLIENT_CONFIRMATION_OK"
14246,10409616932,10409616978,1,"IOTHUB_CLIENT_CONFIRMATION_OK"
14247,10409617132,10409617190,1,"IOTHUB_CLIENT_CONFIRMATION_OK"
14248,10409617332,10409617436,1,"IOTHUB_CLIENT_CONFIRMATION_OK"
14249,10409617532,10409617590,1,"IOTHUB_CLIENT_CONFIRMATION_OK"
14250,10409617732,10409617859,1,"IOTHUB_CLIENT_CONFIRMATION_OK"
14251,10409617932,10409617985,1,"IOTHUB_CLIENT_CONFIRMATION_OK"
14252,10409618133,10409618270,1,"IOTHUB_CLIENT_CONFIRMATION_OK"
14253,10409618333,10409618381,1,"IOTHUB_CLIENT_CONFIRMATION_OK"
14254,10409618533,10409618584,1,"IOTHUB_CLIENT_CONFIRMATION_OK"
14255,10409618733,10409618893,1,"IOTHUB_CLIENT_CONFIRMATION_OK"
14256,10409618933,10409618991,1,"IOTHUB_CLIENT_CONFIRMATION_OK"
14257,10409619133,10409619181,1,"IOTHUB_CLIENT_CONFIRMATION_OK"
14258,10409619334,10409619371,1,"IOTHUB_CLIENT_CONFIRMATION_OK"
14259,10409619534,10409619577,1,"IOTHUB_CLIENT_CONFIRMATION_OK"
14260,10409619734,10409619804,1,"IOTHUB_CLIENT_CONFIRMATION_OK"
14261,10409619934,10409619974,1,"IOTHUB_CLIENT_CONFIRMATION_OK"
14262,10409620134,10409620180,1,"IOTHUB_CLIENT_CONFIRMATION_OK"
14263,10409620334,10409620371,1,"IOTHUB_CLIENT_CONFIRMATION_OK"
14264,10409620534,10409620592,1,"IOTHUB_CLIENT_CONFIRMATION_OK"
14265,10409620735,10409620807,1,"IOTHUB_CLIENT_CONFIRMATION_OK"
14266,10409620935,10409620987,1,"IOTHUB_CLIENT_CONFIRMATION_OK"
14267,10409621135,10409621181,1,"IOTHUB_CLIENT_CONFIRMATION_OK"
14268,10409621335,10409621380,1,"IOTHUB_CLIENT_CONFIRMATION_OK"
14269,10409621535,10409621580,1,"IOTHUB_CLIENT_CONFIRMATION_OK"
14270,10409621735,10409621777,1,"IOTHUB_CLIENT_CONFIRMATION_OK"
14271,10409621935,10409621984,1,"IOTHUB_CLIENT_CONFIRMATION_OK"
14272,10409622136,10409622191,1,"IOTHUB_CLIENT_CONFIRMATION_OK"
14273,10409622336,10409622375,1,"IOTHUB_CLIENT_CONFIRMATION_OK"
14274,10409622536,10409622588,1,"IOTHUB_CLIENT_CONFIRMATION_OK"
14275,10409622736,10409622781,1,"IOTHUB_CLIENT_CONFIRMATION_OK"
14276,10409622936,10409623059,1,"IOTHUB_CLIENT_CONFIRMATION_OK"
14277,10409623136,10409623193,1,"IOTHUB_CLIENT_CONFIRMATION_OK"
14278,10409623337,10409623375,1,"IOTHUB_CLIENT_CONFIRMATION_OK"
14279,10409623537,10409623575,1,"IOTHUB_CLIENT_CONFIRMATION_OK"
14280,10409623737,10409623782,1,"IOTHUB_CLIENT_CONFIRMATION_OK"
14281,10409623937,10409623978,1,"IOTHUB_CLIENT_CONFIRMATION_OK"
14282,10409624137,10409624212,1,"IOTHUB_CLIENT_CONFIRMATION_OK"
14283,10409624337,10409624381,1,"IOTHUB_CLIENT_CONFIRMATION_OK"
14284,10409624538,10409624589,1,"IOTHUB_CLIENT_CONFIRMATION_OK"
14285,10409624738,10409624785,1,"IOTHUB_CLIENT_CONFIRMATION_OK"
14286,10409624938,10409624990,1,"IOTHUB_CLIENT_CONFIRMATION_OK"
14287,10409625138,10409625184,1,"IOTHUB_CLIENT_CONFIRMATION_OK"
14288,10409625338,10409625384,1,"IOTHUB_CLIENT_CONFIRMATION_OK"
14289,10409625538,10409625583,1,"IOTHUB_CLIENT_CONFIRMATION_OK"
14290,10409625738,10409625835,1,"IOTHUB_CLIENT_CONFIRMATION_OK"
14291,10409625939,10409626019,1,"IOTHUB_CLIENT_CONFIRMATION_OK"
14292,10409626139,10409626240,1,"IOTHUB_CLIENT_CONFIRMATION_OK"
14293,10409626339,10409626396,1,"IOTHUB_CLIENT_CONFIRMATION_OK"
14294,10409626539,10409626613,1,"IOTHUB_CLIENT_CONFIRMATION_OK"
14295,10409626739,10409626804,1,"IOTHUB_CLIENT_CONFIRMATION_OK"
14296,10409626939,10409626980,1,"IOTHUB_CLIENT_CONFIRMATION_OK"
14297,10409627139,10409627198,1,"IOTHUB_CLIENT_CONFIRMATION_OK"
14298,10409627340,10409627499,1,"IOTHUB_CLIENT_CONFIRMATION_OK"
14299,10409627540,10409627584,1,"IOTHUB_CLIENT_CONFIRMATION_OK"
14300,10409627740,10409627812,1,"IOTHUB_CLIENT_CONFIRMATION_OK"
14301,10409627940,10409627978,1,"IOTHUB_CLIENT_CONFIRMATION_OK"
14302,10409628140,10409628324,1,"IOTHUB_CLIENT_CONFIRMATION_OK"
14303,10409628340,10409628394,1,"IOTHUB_CLIENT_CONFIRMATION_OK"
14304,10409628541,10409628588,1,"IOTHUB_CLIENT_CONFIRMATION_OK"
14305,10409628741,10409628923,1,"IOTHUB_CLIENT_CONFIRMATION_OK"
14306,10409628941,10409628993,1,"IOTHUB_CLIENT_CONFIRMATION_OK"
14307,10409629141,10409629200,1,"IOTHUB_CLIENT_CONFIRMATION_OK"
14308,10409629341,10409629390,1,"IOTHUB_CLIENT_CONFIRMATION_OK"
14309,10409629541,10409629618,1,"IOTHUB_CLIENT_CONFIRMATION_OK"
14310,10409629742,10409629782,1,"IOTHUB_CLIENT_CONFIRMATION_OK"
14311,10409629942,10409629982,1,"IOTHUB_CLIENT_CONFIRMATION_OK"
14312,10409630142,10409630200,1,"IOTHUB_CLIENT_CONFIRMATION_OK"
14313,10409630342,10409630387,1,"IOTHUB_CLIENT_CONFIRMATION_OK"
14314,10409630542,10409630599,1,"IOTHUB_CLIENT_CONFIRMATION_OK"
14315,10409630742,10409630791,1,"IOTHUB_CLIENT_CONFIRMATION_OK"
14316,10409630942,10409631060,1,"IOTHUB_CLIENT_CONFIRMATION_OK"
14317,10409631143,10409631184,1,"IOTHUB_CLIENT_CONFIRMATION_OK"
14318,10409631343,10409631393,1,"IOTHUB_CLIENT_CONFIRMATION_OK"
14319,10409631543,10409631582,1,"IOTHUB_CLIENT_CONFIRMATION_OK"
14320,10409631743,10409631789,1,"IOTHUB_CLIENT_CONFIRMATION_OK"
14321,10409631943,10409631987,1,"IOTHUB_CLIENT_CONFIRMATION_OK"
14322,10409632143,10409632190,1,"IOTHUB_CLIENT_CONFIRMATION_OK"
14323,10409632344,10409632505,1,"IOTHUB_CLIENT_CONFIRMATION_OK"
14324,10409632544,10409632581,1,"IOTHUB_CLIENT_CONFIRMATION_OK"
14325,10409632744,10409632793,1,"IOTHUB_CLIENT_CONFIRMATION_OK"
14326,10409632944,10409633004,1,"IOTHUB_CLIENT_CONFIRMATION_OK"
14327,10409633144,10409633218,1,"IOTHUB_CLIENT_CONFIRMATION_OK"
14328,10409633344,10409633394,1,"IOTHUB_CLIENT_CONFIRMATION_OK"
14329,10409633544,10409633599,1,"IOTHUB_CLIENT_CONFIRMATION_OK"
14330,10409633745,10409633948,1,"IOTHUB_CLIENT_CONFIRMATION_OK"
14331,10409633945,10409634004,1,"IOTHUB_CLIENT_CONFIRMATION_OK"
14332,10409634145,10409634192,1,"IOTHUB_CLIENT_CONFIRMATION_OK"
14333,10409634345,10409634405,1,"IOTHUB_CLIENT_CONFIRMATION_OK"
14334,10409634545,10409634591,1,"IOTHUB_CLIENT_CONFIRMATION_OK"
14335,10409634745,10409634784,1,"IOTHUB_CLIENT_CONFIRMATION_OK"
14336,10409634946,10409634996,1,"IOTHUB_CLIENT_CONFIRMATION_OK"
14337,10409635146,10409635209,1,"IOTHUB_CLIENT_CONFIRMATION_OK"
14338,10409635346,10409635397,1,"IOTHUB_CLIENT_CONFIRMATION_OK"
14339,10409635546,10409635600,1,"IOTHUB_CLIENT_CONFIRMATION_OK"
14340,10409635746,10409635791,1,"IOTHUB_CLIENT_CONFIRMATION_OK"
14341,10409635946,10409635995,1,"IOTHUB_CLIENT_CONFIRMATION_OK"
14342,10409636146,10409636194,1,"IOTHUB_CLIENT_CONFIRMATION_OK"
14343,10409636347,10409636389,1,"IOTHUB_CLIENT_CONFIRMATION_OK"
14344,10409636547,10409636584,1,"IOTHUB_CLIENT_CONFIRMATION_OK"
14345,10409636747,10409636811,1,"IOTHUB_CLIENT_CONFIRMATION_OK"
14346,10409636947,10409637030,1,"IOTHUB_CLIENT_CONFIRMATION_OK"
14347,10409637147,10409637194,1,"IOTHUB_CLIENT_CONFIRMATION_OK"
14348,10409637347,10409637380,1,"IOTHUB_CLIENT_CONFIRMATION_OK"
14349,10409637548,10409637596,1,"IOTHUB_CLIENT_CONFIRMATION_OK"
14350,10409637748,10409637785,1,"IOTHUB_CLIENT_CONFIRMATION_OK"
14351,10409637948,10409637999,1,"IOTHUB_CLIENT_CONFIRMATION_OK"
14352,10409638148,10409638213,1,"IOTHUB_CLIENT_CONFIRMATION_OK"
14353,10409638348,10409638392,1,"IOTHUB_CLIENT_CONFIRMATION_OK"
14354,10409638548,10409638667,1,"IOTHUB_CLIENT_CONFIRMATION_OK"
14355,10409638749,10409638933,1,"IOTHUB_CLIENT_CONFIRMATION_OK"
14356,10409638949,10409638989,1,"IOTHUB_CLIENT_CONFIRMATION_OK"
14357,10409639149,10409639201,1,"IOTHUB_CLIENT_CONFIRMATION_OK"
14358,10409639349,10409639403,1,"IOTHUB_CLIENT_CONFIRMATION_OK"
14359,10409639549,10409639590,1,"IOTHUB_CLIENT_CONFIRMATION_OK"
14360,10409639749,10409639792,1,"IOTHUB_CLIENT_CONFIRMATION_OK"
14361,10409639950,10409639991,1,"IOTHUB_CLIENT_CONFIRMATION_OK"
14362,10409640150,10409640198,1,"IOTHUB_CLIENT_CONFIRMATION_OK"
14363,10409640350,10409640444,1,"IOTHUB_CLIENT_CONFIRMATION_OK"
14364,10409640550,10409640597,1,"IOTHUB_CLIENT_CONFIRMATION_OK"
14365,10409640750,10409640816,1,"IOTHUB_CLIENT_CONFIRMATION_OK"
14366,10409640950,10409640999,1,"IOTHUB_CLIENT_CONFIRMATION_OK"
14367,10409641150,10409641199,1,"IOTHUB_CLIENT_CONFIRMATION_OK"
14368,10409641351,10409641464,1,"IOTHUB_CLIENT_CONFIRMATION_OK"
14369,10409641551,10409641603,1,"IOTHUB_CLIENT_CONFIRMATION_OK"
14370,10409641751,10409641803,1,"IOTHUB_CLIENT_CONFIRMATION_OK"
14371,10409641951,10409642010,1,"IOTHUB_CLIENT_CONFIRMATION_OK"
14372,10409642151,10409642197,1,"IOTHUB_CLIENT_CONFIRMATION_OK"
14373,10409642351,10409642394,1,"IOTHUB_CLIENT_CONFIRMATION_OK"
14374,10409642552,10409642622,1,"IOTHUB_CLIENT_CONFIRMATION_OK"
14375,10409642752,10409642798,1,"IOTHUB_CLIENT_CONFIRMATION_OK"
14376,10409642952,10409642998,1,"IOTHUB_CLIENT_CONFIRMATION_OK"
14377,10409643152,10409643242,1,"IOTHUB_CLIENT_CONFIRMATION_OK"
14378,10409643352,10409643388,1,"IOTHUB_CLIENT_CONFIRMATION_OK"
14379,10409643552,10409643627,1,"IOTHUB_CLIENT_CONFIRMATION_OK"
14380,10409643753,10409643846,1,"IOTHUB_CLIENT_CONFIRMATION_OK"
14381,10409643953,10409643997,1,"IOTHUB_CLIENT_CONFIRMATION_OK"
14382,10409644153,10409644200,1,"IOTHUB_CLIENT_CONFIRMATION_OK"
14383,10409644353,10409644396,1,"IOTHUB_CLIENT_CONFIRMATION_OK"
14384,10409644553,10409644655,1,"IOTHUB_CLIENT_CONFIRMATION_OK"
14385,10409644753,10409644831,1,"IOTHUB_CLIENT_CONFIRMATION_OK"
14386,10409644953,10409644996,1,"IOTHUB_CLIENT_CONFIRMATION_OK"
14387,10409645154,10409645189,1,"IOTHUB_CLIENT_CONFIRMATION_OK"
14388,10409645354,10409645417,1,"IOTHUB_CLIENT_CONFIRMATION_OK"
14389,10409645554,10409645614,1,"IOTHUB_CLIENT_CONFIRMATION_OK"
14390,10409645754,10409645807,1,"IOTHUB_CLIENT_CONFIRMATION_OK"
14391,10409645954,10409645997,1,"IOTHUB_CLIENT_CONFIRMATION_OK"
14392,10409646154,10409646212,1,"IOTHUB_CLIENT_CONFIRMATION_OK"
14393,10409646354,10409646418,1,"IOTHUB_CLIENT_CONFIRMATION_OK"
14394,10409646555,10409646730,1,"IOTHUB_CLIENT_CONFIRMATION_OK"
14395,10409646816,10409646856,1,"IOTHUB_CLIENT_CONFIRMATION_OK"
14396,10409647016,10409647057,1,"IOTHUB_CLIENT_CONFIRMATION_OK"
14397,10409647216,10409647352,1,"IOTHUB_CLIENT_CONFIRMATION_OK"
14398,10409647417,10409647516,1,"IOTHUB_CLIENT_CONFIRMATION_OK"
14399,10409647617,10409647655,1,"IOTHUB_CLIENT_CONFIRMATION_OK"
14400,10409647817,10409647965,1,"IOTHUB_CLIENT_CONFIRMATION_OK"
14401,10409648017,10409648071,1,"IOTHUB_CLIENT_CONFIRMATION_OK"
14402,10409648217,10409648379,1,"IOTHUB_CLIENT_CONFIRMATION_OK"
14403,10409648417,10409648492,1,"IOTHUB_CLIENT_CONFIRMATION_OK"
14404,10409648618,10409648663,1,"IOTHUB_CLIENT_CONFIRMATION_OK"
14405,10409648818,10409648870,1,"IOTHUB_CLIENT_CONFIRMATION_OK"
14406,10409649018,10409649126,1,"IOTHUB_CLIENT_CONFIRMATION_OK"
14407,10409649218,10409649260,1,"IOTHUB_CLIENT_CONFIRMATION_OK"
14408,10409649418,10409649489,1,"IOTHUB_CLIENT_CONFIRMATION_OK"
14409,10409649618,10409649678,1,"IOTHUB_CLIENT_CONFIRMATION_OK"
14410,10409649818,10409649860,1,"IOTHUB_CLIENT_CONFIRMATION_OK"
14411,10409650019,10409650083,1,"IOTHUB_CLIENT_CONFIRMATION_OK"
14412,10409650219,10409650266,1,"IOTHUB_CLIENT_CONFIRMATION_OK"
14413,10409650419,10409650475,1,"IOTHUB_CLIENT_CONFIRMATION_OK"
14414,10409650619,10409650675,1,"IOTHUB_CLIENT_CONFIRMATION_OK"
14415,10409650819,10409650877,1,"IOTHUB_CLIENT_CONFIRMATION_OK"
14416,10409651019,10409651061,1,"IOTHUB_CLIENT_CONFIRMATION_OK"
14417,10409651219,10409651272,1,"IOTHUB_CLIENT_CONFIRMATION_OK"
14418,10409651420,10409651644,1,"IOTHUB_CLIENT_CONFIRMATION_OK"
14419,10409651620,10409651671,1,"IOTHUB_CLIENT_CONFIRMATION_OK"
14420,10409651820,10409651862,1,"IOTHUB_CLIENT_CONFIRMATION_OK"
14421,10409652020,10409652069,1,"IOTHUB_CLIENT_CONFIRMATION_OK"
14422,10409652220,10409652283,1,"IOTHUB_CLIENT_CONFIRMATION_OK"
14423,10409652420,10409652476,1,"IOTHUB_CLIENT_CONFIRMATION_OK"
14424,10409652621,10409652717,1,"IOTHUB_CLIENT_CONFIRMATION_OK"
14425,10409652821,10409652877,1,"IOTHUB_CLIENT_CONFIRMATION_OK"
14426,10409653021,10409653075,1,"IOTHUB_CLIENT_CONFIRMATION_OK"
14427,10409653221,10409653281,1,"IOTHUB_CLIENT_CONFIRMATION_OK"
14428,10409653421,10409653504,1,"IOTHUB_CLIENT_CONFIRMATION_OK"
14429,10409653621,10409653660,1,"IOTHUB_CLIENT_CONFIRMATION_OK"
14430,10409653821,10409653867,1,"IOTHUB_CLIENT_CONFIRMATION_OK"
14431,10409654022,10409654051,1,"IOTHUB_CLIENT_CONFIRMATION_OK"
14432,10409654222,10409654349,1,"IOTHUB_CLIENT_CONFIRMATION_OK"
14433,10409654422,10409654484,1,"IOTHUB_CLIENT_CONFIRMATION_OK"
14434,10409654622,10409654701,1,"IOTHUB_CLIENT_CONFIRMATION_OK"
14435,10409654822,10409654955,1,"IOTHUB_CLIENT_CONFIRMATION_OK"
14436,10409655022,10409655071,1,"IOTHUB_CLIENT_CONFIRMATION_OK"
14437,10409655222,10409655280,1,"IOTHUB_CLIENT_CONFIRMATION_OK"
14438,10409655423,10409655471,1,"IOTHUB_CLIENT_CONFIRMATION_OK"
14439,10409655623,10409655676,1,"IOTHUB_CLIENT_CONFIRMATION_OK"
14440,10409655823,10409655864,1,"IOTHUB_CLIENT_CONFIRMATION_OK"
14441,10409656023,10409656070,1,"IOTHUB_CLIENT_CONFIRMATION_OK"
14442,10409656223,10409656267,1,"IOTHUB_CLIENT_CONFIRMATION_OK"
14443,10409656423,10409656557,1,"IOTHUB_CLIENT_CONFIRMATION_OK"
14444,10409656624,10409656673,1,"IOTHUB_CLIENT_CONFIRMATION_OK"
14445,10409656824,10409656902,1,"IOTHUB_CLIENT_CONFIRMATION_OK"
14446,10409657024,10409657199,1,"IOTHUB_CLIENT_CONFIRMATION_OK"
14447,10409657224,10409657306,1,"IOTHUB_CLIENT_CONFIRMATION_OK"
14448,10409657424,10409657467,1,"IOTHUB_CLIENT_CONFIRMATION_OK"
14449,10409657624,10409657676,1,"IOTHUB_CLIENT_CONFIRMATION_OK"
14450,10409657825,10409657881,1,"IOTHUB_CLIENT_CONFIRMATION_OK"
14451,10409658025,10409658072,1,"IOTHUB_CLIENT_CONFIRMATION_OK"
14452,10409658225,10409658275,1,"IOTHUB_CLIENT_CONFIRMATION_OK"
14453,10409658425,10409658535,1,"IOTHUB_CLIENT_CONFIRMATION_OK"
14454,10409658625,10409658725,1,"IOTHUB_CLIENT_CONFIRMATION_OK"
14455,10409658825,10409658879,1,"IOTHUB_CLIENT_CONFIRMATION_OK"
14456,10409659026,10409659068,1,"IOTHUB_CLIENT_CONFIRMATION_OK"
14457,10409659226,10409659449,1,"IOTHUB_CLIENT_CONFIRMATION_OK"
14458,10409659426,10409659482,1,"IOTHUB_CLIENT_CONFIRMATION_OK"
14459,10409659626,10409659687,1,"IOTHUB_CLIENT_CONFIRMATION_OK"
14460,10409659826,10409659865,1,"IOTHUB_CLIENT_CONFIRMATION_OK"
14461,10409660026,10409660125,1,"IOTHUB_CLIENT_CONFIRMATION_OK"
14462,10409660227,10409660272,1,"IOTHUB_CLIENT_CONFIRMATION_OK"
14463,10409660427,10409660469,1,"IOTHUB_CLIENT_CONFIRMATION_OK"
14464,10409660627,10409660666,1,"IOTHUB_CLIENT_CONFIRMATION_OK"
14465,10409660827,10409660876,1,"IOTHUB_CLIENT_CONFIRMATION_OK"
14466,10409661027,10409661088,1,"IOTHUB_CLIENT_CONFIRMATION_OK"
14467,10409661227,10409661267,1,"IOTHUB_CLIENT_CONFIRMATION_OK"
14468,10409661428,10409661475,1,"IOTHUB_CLIENT_CONFIRMATION_OK"
14469,10409661628,10409661679,1,"IOTHUB_CLIENT_CONFIRMATION_OK"
14470,10409661828,10409661873,1,"IOTHUB_CLIENT_CONFIRMATION_OK"
14471,10409662028,10409662086,1,"IOTHUB_CLIENT_CONFIRMATION_OK"
14472,10409662228,10409662279,1,"IOTHUB_CLIENT_CONFIRMATION_OK"
14473,10409662428,10409662552,1,"IOTHUB_CLIENT_CONFIRMATION_OK"
14474,10409662628,10409662801,1,"IOTHUB_CLIENT_CONFIRMATION_OK"
14475,10409662829,10409662864,1,"IOTHUB_CLIENT_CONFIRMATION_OK"
14476,10409663029,10409663070,1,"IOTHUB_CLIENT_CONFIRMATION_OK"
14477,10409663229,10409663277,1,"IOTHUB_CLIENT_CONFIRMATION_OK"
14478,10409663429,10409663485,1,"IOTHUB_CLIENT_CONFIRMATION_OK"
14479,10409663629,10409663669,1,"IOTHUB_CLIENT_CONFIRMATION_OK"
14480,10409663829,10409663900,1,"IOTHUB_CLIENT_CONFIRMATION_OK"
14481,10409664030,10409664077,1,"IOTHUB_CLIENT_CONFIRMATION_OK"
14482,10409664230,10409664437,1,"IOTHUB_CLIENT_CONFIRMATION_OK"
14483,10409664430,10409664482,1,"IOTHUB_CLIENT_CONFIRMATION_OK"
14484,10409664630,10409664668,1,"IOTHUB_CLIENT_CONFIRMATION_OK"
14485,10409664830,10409664867,1,"IOTHUB_CLIENT_CONFIRMATION_OK"
14486,10409665030,10409665107,1,"IOTHUB_CLIENT_CONFIRMATION_OK"
14487,10409665230,10409665267,1,"IOTHUB_CLIENT_CONFIRMATION_OK"
14488,10409665431,10409665494,1,"IOTHUB_CLIENT_CONFIRMATION_OK"
14489,10409665631,10409665696,1,"IOTHUB_CLIENT_CONFIRMATION_OK"
14490,10409665831,10409665901,1,"IOTHUB_CLIENT_CONFIRMATION_OK"
14491,10409666031,10409666072,1,"IOTHUB_CLIENT_CONFIRMATION_OK"
14492,10409666231,10409666273,1,"IOTHUB_CLIENT_CONFIRMATION_OK"
14493,10409666431,10409666677,1,"IOTHUB_CLIENT_CONFIRMATION_OK"
14494,10409666632,10409666716,1,"IOTHUB_CLIENT_CONFIRMATION_OK"
14495,10409666832,10409666879,1,"IOTHUB_CLIENT_CONFIRMATION_OK"
14496,10409667032,10409667077,1,"IOTHUB_CLIENT_CONFIRMATION_OK"
14497,10409667232,10409667402,1,"IOTHUB_CLIENT_CONFIRMATION_OK"
14498,10409667432,10409667490,1,"IOTHUB_CLIENT_CONFIRMATION_OK"
14499,10409667632,10409667690,1,"IOTHUB_CLIENT_CONFIRMATION_OK"
14500,10409667832,10409667882,1,"IOTHUB_CLIENT_CONFIRMATION_OK"
14501,10409668033,10409668093,1,"IOTHUB_CLIENT_CONFIRMATION_OK"
14502,10409668233,10409668295,1,"IOTHUB_CLIENT_CONFIRMATION_OK"
14503,10409668433,10409668475,1,"IOTHUB_CLIENT_CONFIRMATION_OK"
14504,10409668633,10409668687,1,"IOTHUB_CLIENT_CONFIRMATION_OK"
14505,10409668833,10409668904,1,"IOTHUB_CLIENT_CONFIRMATION_OK"
14506,10409669033,10409669082,1,"IOTHUB_CLIENT_CONFIRMATION_OK"
14507,10409669234,10409669318,1,"IOTHUB_CLIENT_CONFIRMATION_OK"
14508,10409669434,10409669504,1,"IOTHUB_CLIENT_CONFIRMATION_OK"
14509,10409669634,10409669685,1,"IOTHUB_CLIENT_CONFIRMATION_OK"
14510,10409669834,10409669958,1,"IOTHUB_CLIENT_CONFIRMATION_OK"
14511,10409670034,10409670091,1,"IOTHUB_CLIENT_CONFIRMATION_OK"
14512,10409670234,10409670285,1,"IOTHUB_CLIENT_CONFIRMATION_OK"
14513,10409670434,10409670587,1,"IOTHUB_CLIENT_CONFIRMATION_OK"
14514,10409670635,10409670679,1,"IOTHUB_CLIENT_CONFIRMATION_OK"
14515,10409670835,10409670887,1,"IOTHUB_CLIENT_CONFIRMATION_OK"
14516,10409671035,10409671095,1,"IOTHUB_CLIENT_CONFIRMATION_OK"
14517,10409671235,10409671278,1,"IOTHUB_CLIENT_CONFIRMATION_OK"
14518,10409671435,10409671600,1,"IOTHUB_CLIENT_CONFIRMATION_OK"
14519,10409671635,10409671688,1,"IOTHUB_CLIENT_CONFIRMATION_OK"
14520,10409671836,10409671878,1,"IOTHUB_CLIENT_CONFIRMATION_OK"
14521,10409672036,10409672263,1,"IOTHUB_CLIENT_CONFIRMATION_OK"
14522,10409672236,10409672293,1,"IOTHUB_CLIENT_CONFIRMATION_OK"
14523,10409672436,10409672506,1,"IOTHUB_CLIENT_CONFIRMATION_OK"
14524,10409672636,10409672692,1,"IOTHUB_CLIENT_CONFIRMATION_OK"
14525,10409672836,10409672888,1,"IOTHUB_CLIENT_CONFIRMATION_OK"
14526,10409673037,10409673097,1,"IOTHUB_CLIENT_CONFIRMATION_OK"
14527,10409673237,10409673277,1,"IOTHUB_CLIENT_CONFIRMATION_OK"
14528,10409673437,10409673484,1,"IOTHUB_CLIENT_CONFIRMATION_OK"
14529,10409673637,10409673681,1,"IOTHUB_CLIENT_CONFIRMATION_OK"
14530,10409673837,10409673882,1,"IOTHUB_CLIENT_CONFIRMATION_OK"
14531,10409674037,10409674098,1,"IOTHUB_CLIENT_CONFIRMATION_OK"
14532,10409674237,10409674448,1,"IOTHUB_CLIENT_CONFIRMATION_OK"
14533,10409674438,10409674482,1,"IOTHUB_CLIENT_CONFIRMATION_OK"
14534,10409674638,10409674688,1,"IOTHUB_CLIENT_CONFIRMATION_OK"
14535,10409674838,10409674944,1,"IOTHUB_CLIENT_CONFIRMATION_OK"
14536,10409675038,10409675075,1,"IOTHUB_CLIENT_CONFIRMATION_OK"
14537,10409675238,10409675292,1,"IOTHUB_CLIENT_CONFIRMATION_OK"
14538,10409675438,10409675500,1,"IOTHUB_CLIENT_CONFIRMATION_OK"
14539,10409675639,10409675723,1,"IOTHUB_CLIENT_CONFIRMATION_OK"
14540,10409675839,10409675900,1,"IOTHUB_CLIENT_CONFIRMATION_OK"
14541,10409676039,10409676091,1,"IOTHUB_CLIENT_CONFIRMATION_OK"
14542,10409676239,10409676285,1,"IOTHUB_CLIENT_CONFIRMATION_OK"
14543,10409676439,10409676494,1,"IOTHUB_CLIENT_CONFIRMATION_OK"
14544,10409676639,10409676689,1,"IOTHUB_CLIENT_CONFIRMATION_OK"
14545,10409676839,10409676919,1,"IOTHUB_CLIENT_CONFIRMATION_OK"
14546,10409677040,10409677097,1,"IOTHUB_CLIENT_CONFIRMATION_OK"
14547,10409677240,10409677279,1,"IOTHUB_CLIENT_CONFIRMATION_OK"
14548,10409677440,10409677489,1,"IOTHUB_CLIENT_CONFIRMATION_OK"
14549,10409677640,10409677703,1,"IOTHUB_CLIENT_CONFIRMATION_OK"
14550,10409677840,10409677887,1,"IOTHUB_CLIENT_CONFIRMATION_OK"
14551,10409678040,10409678085,1,"IOTHUB_CLIENT_CONFIRMATION_OK"
14552,10409678241,10409678324,1,"IOTHUB_CLIENT_CONFIRMATION_OK"
14553,10409678441,10409678479,1,"IOTHUB_CLIENT_CONFIRMATION_OK"
14554,10409678641,10409678687,1,"IOTHUB_CLIENT_CONFIRMATION_OK"
14555,10409678841,10409678925,1,"IOTHUB_CLIENT_CONFIRMATION_OK"
14556,10409679041,10409679074,1,"IOTHUB_CLIENT_CONFIRMATION_OK"
14557,10409679241,10409679347,1,"IOTHUB_CLIENT_CONFIRMATION_OK"
14558,10409679441,10409679487,1,"IOTHUB_CLIENT_CONFIRMATION_OK"
14559,10409679642,10409679686,1,"IOTHUB_CLIENT_CONFIRMATION_OK"
14560,10409679842,10409679963,1,"IOTHUB_CLIENT_CONFIRMATION_OK"
14561,10409680042,10409680093,1,"IOTHUB_CLIENT_CONFIRMATION_OK"
14562,10409680242,10409680295,1,"IOTHUB_CLIENT_CONFIRMATION_OK"
14563,10409680442,10409680483,1,"IOTHUB_CLIENT_CONFIRMATION_OK"
14564,10409680642,10409680707,1,"IOTHUB_CLIENT_CONFIRMATION_OK"
14565,10409680843,10409680894,1,"IOTHUB_CLIENT_CONFIRMATION_OK"
14566,10409681043,10409681131,1,"IOTHUB_CLIENT_CONFIRMATION_OK"
14567,10409681243,10409681285,1,"IOTHUB_CLIENT_CONFIRMATION_OK"
14568,10409681443,10409681606,1,"IOTHUB_CLIENT_CONFIRMATION_OK"
14569,10409681643,10409681687,1,"IOTHUB_CLIENT_CONFIRMATION_OK"
14570,10409681843,10409681926,1,"IOTHUB_CLIENT_CONFIRMATION_OK"
14571,10409682043,10409682201,1,"IOTHUB_CLIENT_CONFIRMATION_OK"
14572,10409682244,10409682290,1,"IOTHUB_CLIENT_CONFIRMATION_OK"
14573,10409682444,10409682503,1,"IOTHUB_CLIENT_CONFIRMATION_OK"
14574,10409682644,10409682719,1,"IOTHUB_CLIENT_CONFIRMATION_OK"
14575,10409682844,10409682884,1,"IOTHUB_CLIENT_CONFIRMATION_OK"
14576,10409683045,10409683086,1,"IOTHUB_CLIENT_CONFIRMATION_OK"
14577,10409683245,10409683305,1,"IOTHUB_CLIENT_CONFIRMATION_OK"
14578,10409683445,10409683488,1,"IOTHUB_CLIENT_CONFIRMATION_OK"
14579,10409683645,10409683687,1,"IOTHUB_CLIENT_CONFIRMATION_OK"
14580,10409683845,10409683918,1,"IOTHUB_CLIENT_CONFIRMATION_OK"
14581,10409684045,10409684130,1,"IOTHUB_CLIENT_CONFIRMATION_OK"
14582,10409684245,10409684441,1,"IOTHUB_CLIENT_CONFIRMATION_OK"
14583,10409684446,10409684494,1,"IOTHUB_CLIENT_CONFIRMATION_OK"
14584,10409684646,10409684686,1,"IOTHUB_CLIENT_CONFIRMATION_OK"
14585,10409684846,10409684906,1,"IOTHUB_CLIENT_CONFIRMATION_OK"
14586,10409685046,10409685138,1,"IOTHUB_CLIENT_CONFIRMATION_OK"
14587,10409685246,10409685279,1,"IOTHUB_CLIENT_CONFIRMATION_OK"
14588,10409685446,10409685519,1,"IOTHUB_CLIENT_CONFIRMATION_OK"
14589,10409685646,10409685705,1,"IOTHUB_CLIENT_CONFIRMATION_OK"
14590,10409685847,10409685912,1,"IOTHUB_CLIENT_CONFIRMATION_OK"
14591,10409686047,10409686094,1,"IOTHUB_CLIENT_CONFIRMATION_OK"
14592,10409686247,10409686288,1,"IOTHUB_CLIENT_CONFIRMATION_OK"
14593,10409686447,10409686489,1,"IOTHUB_CLIENT_CONFIRMATION_OK"
14594,10409686647,10409686783,1,"IOTHUB_CLIENT_CONFIRMATION_OK"
14595,10409686847,10409686904,1,"IOTHUB_CLIENT_CONFIRMATION_OK"
14596,10409687048,10409687221,1,"IOTHUB_CLIENT_CONFIRMATION_OK"
14597,10409687248,10409687302,1,"IOTHUB_CLIENT_CONFIRMATION_OK"
14598,10409687448,10409687553,1,"IOTHUB_CLIENT_CONFIRMATION_OK"
14599,10409687648,10409687714,1,"IOTHUB_CLIENT_CONFIRMATION_OK"
14600,10409687848,10409687886,1,"IOTHUB_CLIENT_CONFIRMATION_OK"
14601,10409688048,10409688117,1,"IOTHUB_CLIENT_CONFIRMATION_OK"
14602,10409688248,10409688303,1,"IOTHUB_CLIENT_CONFIRMATION_OK"
14603,10409688449,10409688498,1,"IOTHUB_CLIENT_CONFIRMATION_OK"
14604,10409688649,10409688699,1,"IOTHUB_CLIENT_CONFIRMATION_OK"
14605,10409688849,10409688898,1,"IOTHUB_CLIENT_CONFIRMATION_OK"
14606,10409689049,10409689093,1,"IOTHUB_CLIENT_CONFIRMATION_OK"
14607,10409689249,10409689283,1,"IOTHUB_CLIENT_CONFIRMATION_OK"
14608,10409689449,10409689503,1,"IOTHUB_CLIENT_CONFIRMATION_OK"
14609,10409689650,10409689678,1,"IOTHUB_CLIENT_CONFIRMATION_OK"
14610,10409689850,10409689887,1,"IOTHUB_CLIENT_CONFIRMATION_OK"
14611,10409690050,10409690110,1,"IOTHUB_CLIENT_CONFIRMATION_OK"
14612,10409690250,10409690292,1,"IOTHUB_CLIENT_CONFIRMATION_OK"
14613,10409690450,10409690511,1,"IOTHUB_CLIENT_CONFIRMATION_OK"
14614,10409690650,10409690689,1,"IOTHUB_CLIENT_CONFIRMATION_OK"
14615,10409690850,10409690888,1,"IOTHUB_CLIENT_CONFIRMATION_OK"
14616,10409691051,10409691118,1,"IOTHUB_CLIENT_CONFIRMATION_OK"
14617,10409691251,10409691286,1,"IOTHUB_CLIENT_CONFIRMATION_OK"
14618,10409691451,10409691525,1,"IOTHUB_CLIENT_CONFIRMATION_OK"
14619,10409691651,10409691696,1,"IOTHUB_CLIENT_CONFIRMATION_OK"
14620,10409691851,10409691898,1,"IOTHUB_CLIENT_CONFIRMATION_OK"
14621,10409692051,10409692314,1,"IOTHUB_CLIENT_CONFIRMATION_OK"
14622,10409692252,10409692352,1,"IOTHUB_CLIENT_CONFIRMATION_OK"
14623,10409692452,10409692519,1,"IOTHUB_CLIENT_CONFIRMATION_OK"
14624,10409692652,10409692688,1,"IOTHUB_CLIENT_CONFIRMATION_OK"
14625,10409692852,10409692895,1,"IOTHUB_CLIENT_CONFIRMATION_OK"
14626,10409693052,10409693086,1,"IOTHUB_CLIENT_CONFIRMATION_OK"
14627,10409693252,10409693306,1,"IOTHUB_CLIENT_CONFIRMATION_OK"
14628,10409693452,10409693505,1,"IOTHUB_CLIENT_CONFIRMATION_OK"
14629,10409693653,10409693688,1,"IOTHUB_CLIENT_CONFIRMATION_OK"
14630,10409693853,10409693912,1,"IOTHUB_CLIENT_CONFIRMATION_OK"
14631,10409694053,10409694110,1,"IOTHUB_CLIENT_CONFIRMATION_OK"
14632,10409694253,10409694314,1,"IOTHUB_CLIENT_CONFIRMATION_OK"
14633,10409694453,10409694504,1,"IOTHUB_CLIENT_CONFIRMATION_OK"
14634,10409694653,10409694694,1,"IOTHUB_CLIENT_CONFIRMATION_OK"
14635,10409694853,10409694899,1,"IOTHUB_CLIENT_CONFIRMATION_OK"
14636,10409695054,10409695102,1,"IOTHUB_CLIENT_CONFIRMATION_OK"
14637,10409695254,10409695302,1,"IOTHUB_CLIENT_CONFIRMATION_OK"
14638,10409695454,10409695516,1,"IOTHUB_CLIENT_CONFIRMATION_OK"
14639,10409695654,10409695717,1,"IOTHUB_CLIENT_CONFIRMATION_OK"
14640,10409695854,10409695920,1,"IOTHUB_CLIENT_CONFIRMATION_OK"
14641,10409696054,10409696132,1,"IOTHUB_CLIENT_CONFIRMATION_OK"
14642,10409696255,10409696311,1,"IOTHUB_CLIENT_CONFIRMATION_OK"
14643,10409696455,10409696507,1,"IOTHUB_CLIENT_CONFIRMATION_OK"
14644,10409696655,10409696702,1,"IOTHUB_CLIENT_CONFIRMATION_OK"
14645,10409696855,10409696907,1,"IOTHUB_CLIENT_CONFIRMATION_OK"
14646,10409697055,10409697197,1,"IOTHUB_CLIENT_CONFIRMATION_OK"
14647,10409697255,10409697287,1,"IOTHUB_CLIENT_CONFIRMATION_OK"
14648,10409697455,10409697505,1,"IOTHUB_CLIENT_CONFIRMATION_OK"
14649,10409697656,10409697695,1,"IOTHUB_CLIENT_CONFIRMATION_OK"
14650,10409697856,10409697901,1,"IOTHUB_CLIENT_CONFIRMATION_OK"
14651,10409698056,10409698086,1,"IOTHUB_CLIENT_CONFIRMATION_OK"
14652,10409698256,10409698285,1,"IOTHUB_CLIENT_CONFIRMATION_OK"
14653,10409698456,10409698499,1,"IOTHUB_CLIENT_CONFIRMATION_OK"
14654,10409698656,10409698722,1,"IOTHUB_CLIENT_CONFIRMATION_OK"
14655,10409698857,10409698895,1,"IOTHUB_CLIENT_CONFIRMATION_OK"
14656,10409699057,10409699100,1,"IOTHUB_CLIENT_CONFIRMATION_OK"
14657,10409699257,10409699450,1,"IOTHUB_CLIENT_CONFIRMATION_OK"
14658,10409699457,10409699494,1,"IOTHUB_CLIENT_CONFIRMATION_OK"
14659,10409699657,10409699698,1,"IOTHUB_CLIENT_CONFIRMATION_OK"
14660,10409699857,10409699907,1,"IOTHUB_CLIENT_CONFIRMATION_OK"
14661,10409700057,10409700094,1,"IOTHUB_CLIENT_CONFIRMATION_OK"
14662,10409700258,10409700304,1,"IOTHUB_CLIENT_CONFIRMATION_OK"
14663,10409700458,10409700499,1,"IOTHUB_CLIENT_CONFIRMATION_OK"
14664,10409700658,10409700703,1,"IOTHUB_CLIENT_CONFIRMATION_OK"
14665,10409700858,10409700948,1,"IOTHUB_CLIENT_CONFIRMATION_OK"
14666,10409701058,10409701102,1,"IOTHUB_CLIENT_CONFIRMATION_OK"
14667,10409701258,10409701312,1,"IOTHUB_CLIENT_CONFIRMATION_OK"
14668,10409701458,10409701687,1,"IOTHUB_CLIENT_CONFIRMATION_OK"
14669,10409701659,10409701714,1,"IOTHUB_CLIENT_CONFIRMATION_OK"
14670,10409701859,10409701898,1,"IOTHUB_CLIENT_CONFIRMATION_OK"
14671,10409702059,10409702120,1,"IOTHUB_CLIENT_CONFIRMATION_OK"
14672,10409702259,10409702365,1,"IOTHUB_CLIENT_CONFIRMATION_OK"
14673,10409702459,10409702508,1,"IOTHUB_CLIENT_CONFIRMATION_OK"
14674,10409702659,10409702725,1,"IOTHUB_CLIENT_CONFIRMATION_OK"
14675,10409702860,10409702919,1,"IOTHUB_CLIENT_CONFIRMATION_OK"
14676,10409703060,10409703104,1,"IOTHUB_CLIENT_CONFIRMATION_OK"
14677,10409703260,10409703383,1,"IOTHUB_CLIENT_CONFIRMATION_OK"
14678,10409703460,10409703518,1,"IOTHUB_CLIENT_CONFIRMATION_OK"
14679,10409703660,10409703694,1,"IOTHUB_CLIENT_CONFIRMATION_OK"
14680,10409703860,10409703903,1,"IOTHUB_CLIENT_CONFIRMATION_OK"
14681,10409704060,10409704112,1,"IOTHUB_CLIENT_CONFIRMATION_OK"
14682,10409704261,10409704359,1,"IOTHUB_CLIENT_CONFIRMATION_OK"
14683,10409704461,10409704515,1,"IOTHUB_CLIENT_CONFIRMATION_OK"
14684,10409704661,10409704708,1,"IOTHUB_CLIENT_CONFIRMATION_OK"
14685,10409704861,10409704979,1,"IOTHUB_CLIENT_CONFIRMATION_OK"
14686,10409705061,10409705108,1,"IOTHUB_CLIENT_CONFIRMATION_OK"
14687,10409705261,10409705302,1,"IOTHUB_CLIENT_CONFIRMATION_OK"
14688,10409705461,10409705501,1,"IOTHUB_CLIENT_CONFIRMATION_OK"
14689,10409705662,10409705701,1,"IOTHUB_CLIENT_CONFIRMATION_OK"
14690,10409705862,10409705899,1,"IOTHUB_CLIENT_CONFIRMATION_OK"
14691,10409706062,10409706119,1,"IOTHUB_CLIENT_CONFIRMATION_OK"
14692,10409706262,10409706333,1,"IOTHUB_CLIENT_CONFIRMATION_OK"
14693,10409706462,10409706585,1,"IOTHUB_CLIENT_CONFIRMATION_OK"
14694,10409706662,10409706712,1,"IOTHUB_CLIENT_CONFIRMATION_OK"
14695,10409706863,10409706913,1,"IOTHUB_CLIENT_CONFIRMATION_OK"
14696,10409707063,10409707214,1,"IOTHUB_CLIENT_CONFIRMATION_OK"
14697,10409707263,10409707306,1,"IOTHUB_CLIENT_CONFIRMATION_OK"
14698,10409707463,10409707519,1,"IOTHUB_CLIENT_CONFIRMATION_OK"
14699,10409707663,10409707710,1,"IOTHUB_CLIENT_CONFIRMATION_OK"
14700,10409707863,10409707905,1,"IOTHUB_CLIENT_CONFIRMATION_OK"
14701,10409708063,10409708118,1,"IOTHUB_CLIENT_CONFIRMATION_OK"
14702,10409708264,10409708331,1,"IOTHUB_CLIENT_CONFIRMATION_OK"
14703,10409708464,10409708545,1,"IOTHUB_CLIENT_CONFIRMATION_OK"
14704,10409708664,10409708706,1,"IOTHUB_CLIENT_CONFIRMATION_OK"
14705,10409708864,10409709034,1,"IOTHUB_CLIENT_CONFIRMATION_OK"
14706,10409709064,10409709114,1,"IOTHUB_CLIENT_CONFIRMATION_OK"
14707,10409709264,10409709334,1,"IOTHUB_CLIENT_CONFIRMATION_OK"
14708,10409709464,10409709519,1,"IOTHUB_CLIENT_CONFIRMATION_OK"
14709,10409709665,10409709710,1,"IOTHUB_CLIENT_CONFIRMATION_OK"
14710,10409709865,10409709947,1,"IOTHUB_CLIENT_CONFIRMATION_OK"
14711,10409710065,10409710129,1,"IOTHUB_CLIENT_CONFIRMATION_OK"
14712,10409710265,10409710301,1,"IOTHUB_CLIENT_CONFIRMATION_OK"
14713,10409710465,10409710597,1,"IOTHUB_CLIENT_CONFIRMATION_OK"
14714,10409710665,10409710712,1,"IOTHUB_CLIENT_CONFIRMATION_OK"
14715,10409710866,10409710956,1,"IOTHUB_CLIENT_CONFIRMATION_OK"
14716,10409711066,10409711125,1,"IOTHUB_CLIENT_CONFIRMATION_OK"
14717,10409711266,10409711316,1,"IOTHUB_CLIENT_CONFIRMATION_OK"
14718,10409711466,10409711603,1,"IOTHUB_CLIENT_CONFIRMATION_OK"
14719,10409711666,10409711717,1,"IOTHUB_CLIENT_CONFIRMATION_OK"
14720,10409711866,10409711913,1,"IOTHUB_CLIENT_CONFIRMATION_OK"
14721,10409712066,10409712118,1,"IOTHUB_CLIENT_CONFIRMATION_OK"
14722,10409712267,10409712342,1,"IOTHUB_CLIENT_CONFIRMATION_OK"
14723,10409712467,10409712567,1,"IOTHUB_CLIENT_CONFIRMATION_OK"
14724,10409712667,10409712742,1,"IOTHUB_CLIENT_CONFIRMATION_OK"
14725,10409712867,10409712904,1,"IOTHUB_CLIENT_CONFIRMATION_OK"
14726,10409713067,10409713106,1,"IOTHUB_CLIENT_CONFIRMATION_OK"
14727,10409713267,10409713310,1,"IOTHUB_CLIENT_CONFIRMATION_OK"
14728,10409713468,10409713555,1,"IOTHUB_CLIENT_CONFIRMATION_OK"
14729,10409713668,10409713914,1,"IOTHUB_CLIENT_CONFIRMATION_OK"
14730,10409713868,10409713972,1,"IOTHUB_CLIENT_CONFIRMATION_OK"
14731,10409714068,10409714107,1,"IOTHUB_CLIENT_CONFIRMATION_OK"
14732,10409714268,10409714310,1,"IOTHUB_CLIENT_CONFIRMATION_OK"
14733,10409714468,10409714556,1,"IOTHUB_CLIENT_CONFIRMATION_OK"
14734,10409714668,10409714719,1,"IOTHUB_CLIENT_CONFIRMATION_OK"
14735,10409714869,10409714941,1,"IOTHUB_CLIENT_CONFIRMATION_OK"
14736,10409715069,10409715104,1,"IOTHUB_CLIENT_CONFIRMATION_OK"
14737,10409715269,10409715343,1,"IOTHUB_CLIENT_CONFIRMATION_OK"
14738,10409715469,10409715521,1,"IOTHUB_CLIENT_CONFIRMATION_OK"
14739,10409715669,10409715706,1,"IOTHUB_CLIENT_CONFIRMATION_OK"
14740,10409715869,10409715915,1,"IOTHUB_CLIENT_CONFIRMATION_OK"
14741,10409716070,10409716142,1,"IOTHUB_CLIENT_CONFIRMATION_OK"
14742,10409716270,10409716314,1,"IOTHUB_CLIENT_CONFIRMATION_OK"
14743,10409716470,10409716533,1,"IOTHUB_CLIENT_CONFIRMATION_OK"
14744,10409716670,10409716722,1,"IOTHUB_CLIENT_CONFIRMATION_OK"
14745,10409716870,10409716919,1,"IOTHUB_CLIENT_CONFIRMATION_OK"
14746,10409717070,10409717154,1,"IOTHUB_CLIENT_CONFIRMATION_OK"
14747,10409717270,10409717312,1,"IOTHUB_CLIENT_CONFIRMATION_OK"
14748,10409717471,10409717512,1,"IOTHUB_CLIENT_CONFIRMATION_OK"
14749,10409717671,10409717786,1,"IOTHUB_CLIENT_CONFIRMATION_OK"
14750,10409717871,10409717905,1,"IOTHUB_CLIENT_CONFIRMATION_OK"
14751,10409718071,10409718125,1,"IOTHUB_CLIENT_CONFIRMATION_OK"
14752,10409718271,10409718316,1,"IOTHUB_CLIENT_CONFIRMATION_OK"
14753,10409718471,10409718532,1,"IOTHUB_CLIENT_CONFIRMATION_OK"
14754,10409718671,10409718806,1,"IOTHUB_CLIENT_CONFIRMATION_OK"
14755,10409718872,10409718937,1,"IOTHUB_CLIENT_CONFIRMATION_OK"
14756,10409719072,10409719129,1,"IOTHUB_CLIENT_CONFIRMATION_OK"
14757,10409719272,10409719445,1,"IOTHUB_CLIENT_CONFIRMATION_OK"
14758,10409719472,10409719510,1,"IOTHUB_CLIENT_CONFIRMATION_OK"
14759,10409719672,10409719714,1,"IOTHUB_CLIENT_CONFIRMATION_OK"
14760,10409719872,10409719920,1,"IOTHUB_CLIENT_CONFIRMATION_OK"
14761,10409720073,10409720199,1,"IOTHUB_CLIENT_CONFIRMATION_OK"
14762,10409720273,10409720357,1,"IOTHUB_CLIENT_CONFIRMATION_OK"
14763,10409720473,10409720530,1,"IOTHUB_CLIENT_CONFIRMATION_OK"
14764,10409720673,10409720709,1,"IOTHUB_CLIENT_CONFIRMATION_OK"
14765,10409720873,10409720914,1,"IOTHUB_CLIENT_CONFIRMATION_OK"
14766,10409721073,10409721107,1,"IOTHUB_CLIENT_CONFIRMATION_OK"
14767,10409721273,10409721310,1,"IOTHUB_CLIENT_CONFIRMATION_OK"
14768,10409721474,10409721556,1,"IOTHUB_CLIENT_CONFIRMATION_OK"
14769,10409721674,10409721705,1,"IOTHUB_CLIENT_CONFIRMATION_OK"
14770,10409721874,10409721925,1,"IOTHUB_CLIENT_CONFIRMATION_OK"
14771,10409722074,10409722116,1,"IOTHUB_CLIENT_CONFIRMATION_OK"
14772,10409722274,10409722323,1,"IOTHUB_CLIENT_CONFIRMATION_OK"
14773,10409722474,10409722533,1,"IOTHUB_CLIENT_CONFIRMATION_OK"
14774,10409722675,10409722727,1,"IOTHUB_CLIENT_CONFIRMATION_OK"
14775,10409722875,10409722915,1,"IOTHUB_CLIENT_CONFIRMATION_OK"
14776,10409723075,10409723127,1,"IOTHUB_CLIENT_CONFIRMATION_OK"
14777,10409723275,10409723319,1,"IOTHUB_CLIENT_CONFIRMATION_OK"
14778,10409723475,10409723594,1,"IOTHUB_CLIENT_CONFIRMATION_OK"
14779,10409723675,10409723722,1,"IOTHUB_CLIENT_CONFIRMATION_OK"
14780,10409723876,10409723927,1,"IOTHUB_CLIENT_CONFIRMATION_OK"
14781,10409724076,10409724126,1,"IOTHUB_CLIENT_CONFIRMATION_OK"
14782,10409724276,10409724319,1,"IOTHUB_CLIENT_CONFIRMATION_OK"
14783,10409724476,10409724516,1,"IOTHUB_CLIENT_CONFIRMATION_OK"
14784,10409724676,10409724728,1,"IOTHUB_CLIENT_CONFIRMATION_OK"
14785,10409724876,10409724959,1,"IOTHUB_CLIENT_CONFIRMATION_OK"
14786,10409725076,10409725133,1,"IOTHUB_CLIENT_CONFIRMATION_OK"
14787,10409725277,10409725344,1,"IOTHUB_CLIENT_CONFIRMATION_OK"
14788,10409725477,10409725553,1,"IOTHUB_CLIENT_CONFIRMATION_OK"
14789,10409725677,10409725712,1,"IOTHUB_CLIENT_CONFIRMATION_OK"
14790,10409725877,10409725927,1,"IOTHUB_CLIENT_CONFIRMATION_OK"
14791,10409726077,10409726120,1,"IOTHUB_CLIENT_CONFIRMATION_OK"
14792,10409726277,10409726327,1,"IOTHUB_CLIENT_CONFIRMATION_OK"
14793,10409726478,10409726591,1,"IOTHUB_CLIENT_CONFIRMATION_OK"
14794,10409726678,10409726723,1,"IOTHUB_CLIENT_CONFIRMATION_OK"
14795,10409726878,10409726918,1,"IOTHUB_CLIENT_CONFIRMATION_OK"
14796,10409727078,10409727227,1,"IOTHUB_CLIENT_CONFIRMATION_OK"
14797,10409727278,10409727323,1,"IOTHUB_CLIENT_CONFIRMATION_OK"
14798,10409727478,10409727532,1,"IOTHUB_CLIENT_CONFIRMATION_OK"
14799,10409727679,10409727730,1,"IOTHUB_CLIENT_CONFIRMATION_OK"
14800,10409727879,10409727919,1,"IOTHUB_CLIENT_CONFIRMATION_OK"
14801,10409728079,10409728116,1,"IOTHUB_CLIENT_CONFIRMATION_OK"
14802,10409728279,10409728339,1,"IOTHUB_CLIENT_CONFIRMATION_OK"
14803,10409728479,10409728522,1,"IOTHUB_CLIENT_CONFIRMATION_OK"
14804,10409728679,10409728984,1,"IOTHUB_CLIENT_CONFIRMATION_OK"
14805,10409728879,10409729016,1,"IOTHUB_CLIENT_CONFIRMATION_OK"
14806,10409729080,10409729130,1,"IOTHUB_CLIENT_CONFIRMATION_OK"
14807,10409729280,10409729454,1,"IOTHUB_CLIENT_CONFIRMATION_OK"
14808,10409729480,10409729523,1,"IOTHUB_CLIENT_CONFIRMATION_OK"
14809,10409729680,10409729716,1,"IOTHUB_CLIENT_CONFIRMATION_OK"
14810,10409729880,10409729926,1,"IOTHUB_CLIENT_CONFIRMATION_OK"
14811,10409730080,10409730212,1,"IOTHUB_CLIENT_CONFIRMATION_OK"
14812,10409730281,10409730382,1,"IOTHUB_CLIENT_CONFIRMATION_OK"
14813,10409730481,10409730515,1,"IOTHUB_CLIENT_CONFIRMATION_OK"
14814,10409730681,10409730753,1,"IOTHUB_CLIENT_CONFIRMATION_OK"
14815,10409730881,10409730942,1,"IOTHUB_CLIENT_CONFIRMATION_OK"
14816,10409731081,10409731128,1,"IOTHUB_CLIENT_CONFIRMATION_OK"
14817,10409731281,10409731366,1,"IOTHUB_CLIENT_CONFIRMATION_OK"
14818,10409731482,10409731536,1,"IOTHUB_CLIENT_CONFIRMATION_OK"
14819,10409731682,10409731732,1,"IOTHUB_CLIENT_CONFIRMATION_OK"
14820,10409731882,10409731928,1,"IOTHUB_CLIENT_CONFIRMATION_OK"
14821,10409732082,10409732146,1,"IOTHUB_CLIENT_CONFIRMATION_OK"
14822,10409732282,10409732321,1,"IOTHUB_CLIENT_CONFIRMATION_OK"
14823,10409732482,10409732552,1,"IOTHUB_CLIENT_CONFIRMATION_OK"
14824,10409732682,10409732725,1,"IOTHUB_CLIENT_CONFIRMATION_OK"
14825,10409732882,10409732933,1,"IOTHUB_CLIENT_CONFIRMATION_OK"
14826,10409733083,10409733129,1,"IOTHUB_CLIENT_CONFIRMATION_OK"
14827,10409733283,10409733351,1,"IOTHUB_CLIENT_CONFIRMATION_OK"
14828,10409733483,10409733532,1,"IOTHUB_CLIENT_CONFIRMATION_OK"
14829,10409733683,10409733737,1,"IOTHUB_CLIENT_CONFIRMATION_OK"
14830,10409733883,10409733981,1,"IOTHUB_CLIENT_CONFIRMATION_OK"
14831,10409734083,10409734152,1,"IOTHUB_CLIENT_CONFIRMATION_OK"
14832,10409734284,10409734388,1,"IOTHUB_CLIENT_CONFIRMATION_OK"
14833,10409734484,10409734533,1,"IOTHUB_CLIENT_CONFIRMATION_OK"
14834,10409734684,10409734733,1,"IOTHUB_CLIENT_CONFIRMATION_OK"
14835,10409734884,10409735082,1,"IOTHUB_CLIENT_CONFIRMATION_OK"
14836,10409735084,10409735165,1,"IOTHUB_CLIENT_CONFIRMATION_OK"
14837,10409735284,10409735338,1,"IOTHUB_CLIENT_CONFIRMATION_OK"
14838,10409735484,10409735549,1,"IOTHUB_CLIENT_CONFIRMATION_OK"
14839,10409735685,10409735723,1,"IOTHUB_CLIENT_CONFIRMATION_OK"
14840,10409735885,10409735934,1,"IOTHUB_CLIENT_CONFIRMATION_OK"
14841,10409736085,10409736138,1,"IOTHUB_CLIENT_CONFIRMATION_OK"
14842,10409736285,10409736365,1,"IOTHUB_CLIENT_CONFIRMATION_OK"
14843,10409736485,10409736618,1,"IOTHUB_CLIENT_CONFIRMATION_OK"
14844,10409736685,10409736736,1,"IOTHUB_CLIENT_CONFIRMATION_OK"
14845,10409736886,10409737054,1,"IOTHUB_CLIENT_CONFIRMATION_OK"
14846,10409737086,10409737245,1,"IOTHUB_CLIENT_CONFIRMATION_OK"
14847,10409737286,10409737342,1,"IOTHUB_CLIENT_CONFIRMATION_OK"
14848,10409737486,10409737524,1,"IOTHUB_CLIENT_CONFIRMATION_OK"
14849,10409737686,10409737722,1,"IOTHUB_CLIENT_CONFIRMATION_OK"
14850,10409737886,10409737957,1,"IOTHUB_CLIENT_CONFIRMATION_OK"
14851,10409738086,10409738131,1,"IOTHUB_CLIENT_CONFIRMATION_OK"
14852,10409738287,10409738328,1,"IOTHUB_CLIENT_CONFIRMATION_OK"
14853,10409738487,10409738546,1,"IOTHUB_CLIENT_CONFIRMATION_OK"
14854,10409738687,10409738849,1,"IOTHUB_CLIENT_CONFIRMATION_OK"
14855,10409738887,10409738938,1,"IOTHUB_CLIENT_CONFIRMATION_OK"
14856,10409739087,10409739167,1,"IOTHUB_CLIENT_CONFIRMATION_OK"
14857,10409739287,10409739466,1,"IOTHUB_CLIENT_CONFIRMATION_OK"
14858,10409739488,10409739575,1,"IOTHUB_CLIENT_CONFIRMATION_OK"
14859,10409739688,10409739745,1,"IOTHUB_CLIENT_CONFIRMATION_OK"
14860,10409739888,10409739938,1,"IOTHUB_CLIENT_CONFIRMATION_OK"
14861,10409740088,10409740124,1,"IOTHUB_CLIENT_CONFIRMATION_OK"
14862,10409740288,10409740363,1,"IOTHUB_CLIENT_CONFIRMATION_OK"
14863,10409740488,10409740688,1,"IOTHUB_CLIENT_CONFIRMATION_OK"
14864,10409740688,10409740771,1,"IOTHUB_CLIENT_CONFIRMATION_OK"
14865,10409740889,10409741124,1,"IOTHUB_CLIENT_CONFIRMATION_OK"
14866,10409741089,10409741186,1,"IOTHUB_CLIENT_CONFIRMATION_OK"
14867,10409741289,10409741339,1,"IOTHUB_CLIENT_CONFIRMATION_OK"
14868,10409741489,10409741629,1,"IOTHUB_CLIENT_CONFIRMATION_OK"
14869,10409741689,10409741735,1,"IOTHUB_CLIENT_CONFIRMATION_OK"
14870,10409741889,10409741953,1,"IOTHUB_CLIENT_CONFIRMATION_OK"
14871,10409742090,10409742151,1,"IOTHUB_CLIENT_CONFIRMATION_OK"
14872,10409742290,10409742344,1,"IOTHUB_CLIENT_CONFIRMATION_OK"
14873,10409742490,10409742545,1,"IOTHUB_CLIENT_CONFIRMATION_OK"
14874,10409742690,10409742742,1,"IOTHUB_CLIENT_CONFIRMATION_OK"
14875,10409742890,10409742930,1,"IOTHUB_CLIENT_CONFIRMATION_OK"
14876,10409743090,10409743125,1,"IOTHUB_CLIENT_CONFIRMATION_OK"
14877,10409743290,10409743341,1,"IOTHUB_CLIENT_CONFIRMATION_OK"
14878,10409743491,10409743567,1,"IOTHUB_CLIENT_CONFIRMATION_OK"
14879,10409743691,10409743750,1,"IOTHUB_CLIENT_CONFIRMATION_OK"
14880,10409743891,10409743932,1,"IOTHUB_CLIENT_CONFIRMATION_OK"
14881,10409744091,10409744146,1,"IOTHUB_CLIENT_CONFIRMATION_OK"
14882,10409744291,10409744397,1,"IOTHUB_CLIENT_CONFIRMATION_OK"
14883,10409744491,10409744537,1,"IOTHUB_CLIENT_CONFIRMATION_OK"
14884,10409744692,10409744736,1,"IOTHUB_CLIENT_CONFIRMATION_OK"
14885,10409744892,10409745002,1,"IOTHUB_CLIENT_CONFIRMATION_OK"
14886,10409745092,10409745136,1,"IOTHUB_CLIENT_CONFIRMATION_OK"
14887,10409745292,10409745329,1,"IOTHUB_CLIENT_CONFIRMATION_OK"
14888,10409745492,10409745542,1,"IOTHUB_CLIENT_CONFIRMATION_OK"
14889,10409745692,10409745775,1,"IOTHUB_CLIENT_CONFIRMATION_OK"
14890,10409745893,10409745929,1,"IOTHUB_CLIENT_CONFIRMATION_OK"
14891,10409746093,10409746134,1,"IOTHUB_CLIENT_CONFIRMATION_OK"
14892,10409746293,10409746577,1,"IOTHUB_CLIENT_CONFIRMATION_OK"
14893,10409746493,10409746652,1,"IOTHUB_CLIENT_CONFIRMATION_OK"
14894,10409746693,10409746755,1,"IOTHUB_CLIENT_CONFIRMATION_OK"
14895,10409746893,10409746956,1,"IOTHUB_CLIENT_CONFIRMATION_OK"
14896,10409747093,10409747229,1,"IOTHUB_CLIENT_CONFIRMATION_OK"
14897,10409747294,10409747334,1,"IOTHUB_CLIENT_CONFIRMATION_OK"
14898,10409747494,10409747527,1,"IOTHUB_CLIENT_CONFIRMATION_OK"
14899,10409747694,10409747730,1,"IOTHUB_CLIENT_CONFIRMATION_OK"
14900,10409747894,10409747930,1,"IOTHUB_CLIENT_CONFIRMATION_OK"
14901,10409748094,10409748192,1,"IOTHUB_CLIENT_CONFIRMATION_OK"
14902,10409748294,10409748337,1,"IOTHUB_CLIENT_CONFIRMATION_OK"
14903,10409748495,10409748549,1,"IOTHUB_CLIENT_CONFIRMATION_OK"
14904,10409748695,10409748855,1,"IOTHUB_CLIENT_CONFIRMATION_OK"
14905,10409748895,10409748929,1,"IOTHUB_CLIENT_CONFIRMATION_OK"
14906,10409749095,10409749149,1,"IOTHUB_CLIENT_CONFIRMATION_OK"
14907,10409749295,10409749460,1,"IOTHUB_CLIENT_CONFIRMATION_OK"
14908,10409749495,10409749537,1,"IOTHUB_CLIENT_CONFIRMATION_OK"
14909,10409749695,10409749761,1,"IOTHUB_CLIENT_CONFIRMATION_OK"
14910,10409749896,10409749937,1,"IOTHUB_CLIENT_CONFIRMATION_OK"
14911,10409750096,10409750295,1,"IOTHUB_CLIENT_CONFIRMATION_OK"
14912,10409750296,10409750345,1,"IOTHUB_CLIENT_CONFIRMATION_OK"
14913,10409750496,10409750562,1,"IOTHUB_CLIENT_CONFIRMATION_OK"
14914,10409750696,10409750758,1,"IOTHUB_CLIENT_CONFIRMATION_OK"
14915,10409750896,10409750944,1,"IOTHUB_CLIENT_CONFIRMATION_OK"
14916,10409751096,10409751150,1,"IOTHUB_CLIENT_CONFIRMATION_OK"
14917,10409751297,10409751341,1,"IOTHUB_CLIENT_CONFIRMATION_OK"
14918,10409751497,10409751580,1,"IOTHUB_CLIENT_CONFIRMATION_OK"
14919,10409751697,10409751755,1,"IOTHUB_CLIENT_CONFIRMATION_OK"
14920,10409751897,10409751935,1,"IOTHUB_CLIENT_CONFIRMATION_OK"
14921,10409752097,10409752200,1,"IOTHUB_CLIENT_CONFIRMATION_OK"
14922,10409752297,10409752344,1,"IOTHUB_CLIENT_CONFIRMATION_OK"
14923,10409752498,10409752530,1,"IOTHUB_CLIENT_CONFIRMATION_OK"
14924,10409752698,10409752813,1,"IOTHUB_CLIENT_CONFIRMATION_OK"
14925,10409752898,10409752933,1,"IOTHUB_CLIENT_CONFIRMATION_OK"
14926,10409753098,10409753184,1,"IOTHUB_CLIENT_CONFIRMATION_OK"
14927,10409753298,10409753360,1,"IOTHUB_CLIENT_CONFIRMATION_OK"
14928,10409753498,10409753596,1,"IOTHUB_CLIENT_CONFIRMATION_OK"
14929,10409753698,10409753790,1,"IOTHUB_CLIENT_CONFIRMATION_OK"
14930,10409753899,10409753984,1,"IOTHUB_CLIENT_CONFIRMATION_OK"
14931,10409754099,10409754141,1,"IOTHUB_CLIENT_CONFIRMATION_OK"
14932,10409754299,10409754474,1,"IOTHUB_CLIENT_CONFIRMATION_OK"
14933,10409754499,10409754539,1,"IOTHUB_CLIENT_CONFIRMATION_OK"
14934,10409754699,10409754766,1,"IOTHUB_CLIENT_CONFIRMATION_OK"
14935,10409754899,10409754945,1,"IOTHUB_CLIENT_CONFIRMATION_OK"
14936,10409755100,10409755152,1,"IOTHUB_CLIENT_CONFIRMATION_OK"
14937,10409755300,10409755348,1,"IOTHUB_CLIENT_CONFIRMATION_OK"
14938,10409755500,10409755539,1,"IOTHUB_CLIENT_CONFIRMATION_OK"
14939,10409755700,10409755758,1,"IOTHUB_CLIENT_CONFIRMATION_OK"
14940,10409755900,10409756036,1,"IOTHUB_CLIENT_CONFIRMATION_OK"
14941,10409756100,10409756174,1,"IOTHUB_CLIENT_CONFIRMATION_OK"
14942,10409756301,10409756341,1,"IOTHUB_CLIENT_CONFIRMATION_OK"
14943,10409756501,10409756651,1,"IOTHUB_CLIENT_CONFIRMATION_OK"
14944,10409756701,10409756738,1,"IOTHUB_CLIENT_CONFIRMATION_OK"
14945,10409756901,10409756953,1,"IOTHUB_CLIENT_CONFIRMATION_OK"
14946,10409757101,10409757173,1,"IOTHUB_CLIENT_CONFIRMATION_OK"
14947,10409757301,10409757345,1,"IOTHUB_CLIENT_CONFIRMATION_OK"
14948,10409757501,10409757541,1,"IOTHUB_CLIENT_CONFIRMATION_OK"
14949,10409757702,10409757739,1,"IOTHUB_CLIENT_CONFIRMATION_OK"
14950,10409757902,10409757976,1,"IOTHUB_CLIENT_CONFIRMATION_OK"
14951,10409758102,10409758143,1,"IOTHUB_CLIENT_CONFIRMATION_OK"
14952,10409758302,10409758354,1,"IOTHUB_CLIENT_CONFIRMATION_OK"
14953,10409758502,10409758551,1,"IOTHUB_CLIENT_CONFIRMATION_OK"
14954,10409758702,10409758977,1,"IOTHUB_CLIENT_CONFIRMATION_OK"
14955,10409758903,10409759030,1,"IOTHUB_CLIENT_CONFIRMATION_OK"
14956,10409759103,10409759213,1,"IOTHUB_CLIENT_CONFIRMATION_OK"
14957,10409759303,10409759352,1,"IOTHUB_CLIENT_CONFIRMATION_OK"
14958,10409759503,10409759536,1,"IOTHUB_CLIENT_CONFIRMATION_OK"
14959,10409759703,10409759742,1,"IOTHUB_CLIENT_CONFIRMATION_OK"
14960,10409759903,10409759938,1,"IOTHUB_CLIENT_CONFIRMATION_OK"
14961,10409760103,10409760146,1,"IOTHUB_CLIENT_CONFIRMATION_OK"
14962,10409760304,10409760363,1,"IOTHUB_CLIENT_CONFIRMATION_OK"
14963,10409760504,10409760833,1,"IOTHUB_CLIENT_CONFIRMATION_OK"
14964,10409760704,10409760865,1,"IOTHUB_CLIENT_CONFIRMATION_OK"
14965,10409760904,10409760968,1,"IOTHUB_CLIENT_CONFIRMATION_OK"
14966,10409761104,10409761187,1,"IOTHUB_CLIENT_CONFIRMATION_OK"
14967,10409761304,10409761351,1,"IOTHUB_CLIENT_CONFIRMATION_OK"
14968,10409761505,10409761644,1,"IOTHUB_CLIENT_CONFIRMATION_OK"
14969,10409761705,10409761781,1,"IOTHUB_CLIENT_CONFIRMATION_OK"
14970,10409761905,10409761953,1,"IOTHUB_CLIENT_CONFIRMATION_OK"
14971,10409762105,10409762208,1,"IOTHUB_CLIENT_CONFIRMATION_OK"
14972,10409762305,10409762359,1,"IOTHUB_CLIENT_CONFIRMATION_OK"
14973,10409762505,10409762564,1,"IOTHUB_CLIENT_CONFIRMATION_OK"
14974,10409762705,10409762765,1,"IOTHUB_CLIENT_CONFIRMATION_OK"
14975,10409762906,10409762953,1,"IOTHUB_CLIENT_CONFIRMATION_OK"
14976,10409763106,10409763212,1,"IOTHUB_CLIENT_CONFIRMATION_OK"
14977,10409763306,10409763363,1,"IOTHUB_CLIENT_CONFIRMATION_OK"
14978,10409763506,10409763586,1,"IOTHUB_CLIENT_CONFIRMATION_OK"
14979,10409763706,10409763830,1,"IOTHUB_CLIENT_CONFIRMATION_OK"
14980,10409763906,10409763954,1,"IOTHUB_CLIENT_CONFIRMATION_OK"
14981,10409764107,10409764183,1,"IOTHUB_CLIENT_CONFIRMATION_OK"
14982,10409764307,10409764454,1,"IOTHUB_CLIENT_CONFIRMATION_OK"
14983,10409764507,10409764561,1,"IOTHUB_CLIENT_CONFIRMATION_OK"
14984,10409764707,10409764788,1,"IOTHUB_CLIENT_CONFIRMATION_OK"
14985,10409764907,10409764960,1,"IOTHUB_CLIENT_CONFIRMATION_OK"
14986,10409765107,10409765155,1,"IOTHUB_CLIENT_CONFIRMATION_OK"
14987,10409765307,10409765363,1,"IOTHUB_CLIENT_CONFIRMATION_OK"
14988,10409765508,10409765557,1,"IOTHUB_CLIENT_CONFIRMATION_OK"
14989,10409765708,10409765772,1,"IOTHUB_CLIENT_CONFIRMATION_OK"
14990,10409765908,10409765972,1,"IOTHUB_CLIENT_CONFIRMATION_OK"
14991,10409766108,10409766185,1,"IOTHUB_CLIENT_CONFIRMATION_OK"
14992,10409766308,10409766358,1,"IOTHUB_CLIENT_CONFIRMATION_OK"
14993,10409766508,10409766695,1,"IOTHUB_CLIENT_CONFIRMATION_OK"
14994,10409766709,10409766770,1,"IOTHUB_CLIENT_CONFIRMATION_OK"
14995,10409766909,10409766953,1,"IOTHUB_CLIENT_CONFIRMATION_OK"
14996,10409767109,10409767172,1,"IOTHUB_CLIENT_CONFIRMATION_OK"
14997,10409767309,10409767358,1,"IOTHUB_CLIENT_CONFIRMATION_OK"
14998,10409767509,10409767567,1,"IOTHUB_CLIENT_CONFIRMATION_OK"
14999,10409767709,10409767776,1,"IOTHUB_CLIENT_CONFIRMATION_OK"
15000,10409767909,10409767972,1,"IOTHUB_CLIENT_CONFIRMATION_OK"
15001,10409768110,10409768151,1,"IOTHUB_CLIENT_CONFIRMATION_OK"
15002,10409768310,10409768354,1,"IOTHUB_CLIENT_CONFIRMATION_OK"
15003,10409768510,10409768560,1,"IOTHUB_CLIENT_CONFIRMATION_OK"
15004,10409768710,10409768768,1,"IOTHUB_CLIENT_CONFIRMATION_OK"
15005,10409768910,10409768953,1,"IOTHUB_CLIENT_CONFIRMATION_OK"
15006,10409769110,10409769155,1,"IOTHUB_CLIENT_CONFIRMATION_OK"
15007,10409769311,10409769369,1,"IOTHUB_CLIENT_CONFIRMATION_OK"
15008,10409769511,10409769574,1,"IOTHUB_CLIENT_CONFIRMATION_OK"
15009,10409769711,10409769766,1,"IOTHUB_CLIENT_CONFIRMATION_OK"
15010,10409769911,10409769959,1,"IOTHUB_CLIENT_CONFIRMATION_OK"
15011,10409770111,10409770174,1,"IOTHUB_CLIENT_CONFIRMATION_OK"
15012,10409770311,10409770427,1,"IOTHUB_CLIENT_CONFIRMATION_OK"
15013,10409770511,10409770596,1,"IOTHUB_CLIENT_CONFIRMATION_OK"
15014,10409770712,10409770775,1,"IOTHUB_CLIENT_CONFIRMATION_OK"
15015,10409770912,10409770947,1,"IOTHUB_CLIENT_CONFIRMATION_OK"
15016,10409771112,10409771156,1,"IOTHUB_CLIENT_CONFIRMATION_OK"
15017,10409771312,10409771349,1,"IOTHUB_CLIENT_CONFIRMATION_OK"
15018,10409771512,10409771633,1,"IOTHUB_CLIENT_CONFIRMATION_OK"
15019,10409771712,10409771753,1,"IOTHUB_CLIENT_CONFIRMATION_OK"
15020,10409771913,10409771978,1,"IOTHUB_CLIENT_CONFIRMATION_OK"
15021,10409772113,10409772228,1,"IOTHUB_CLIENT_CONFIRMATION_OK"
15022,10409772313,10409772358,1,"IOTHUB_CLIENT_CONFIRMATION_OK"
15023,10409772513,10409772553,1,"IOTHUB_CLIENT_CONFIRMATION_OK"
15024,10409772713,10409772784,1,"IOTHUB_CLIENT_CONFIRMATION_OK"
15025,10409772913,10409772957,1,"IOTHUB_CLIENT_CONFIRMATION_OK"
15026,10409773114,10409773148,1,"IOTHUB_CLIENT_CONFIRMATION_OK"
15027,10409773314,10409773368,1,"IOTHUB_CLIENT_CONFIRMATION_OK"
15028,10409773514,10409773578,1,"IOTHUB_CLIENT_CONFIRMATION_OK"
15029,10409773714,10409773824,1,"IOTHUB_CLIENT_CONFIRMATION_OK"
15030,10409773914,10409773954,1,"IOTHUB_CLIENT_CONFIRMATION_OK"
15031,10409774114,10409774171,1,"IOTHUB_CLIENT_CONFIRMATION_OK"
15032,10409774314,10409774468,1,"IOTHUB_CLIENT_CONFIRMATION_OK"
15033,10409774515,10409774580,1,"IOTHUB_CLIENT_CONFIRMATION_OK"
15034,10409774715,10409774753,1,"IOTHUB_CLIENT_CONFIRMATION_OK"
15035,10409774915,10409774956,1,"IOTHUB_CLIENT_CONFIRMATION_OK"
15036,10409775115,10409775145,1,"IOTHUB_CLIENT_CONFIRMATION_OK"
15037,10409775315,10409775358,1,"IOTHUB_CLIENT_CONFIRMATION_OK"
15038,10409775515,10409775664,1,"IOTHUB_CLIENT_CONFIRMATION_OK"
15039,10409775716,10409775765,1,"IOTHUB_CLIENT_CONFIRMATION_OK"
15040,10409775916,10409776025,1,"IOTHUB_CLIENT_CONFIRMATION_OK"
15041,10409776116,10409776162,1,"IOTHUB_CLIENT_CONFIRMATION_OK"
15042,10409776316,10409776371,1,"IOTHUB_CLIENT_CONFIRMATION_OK"
15043,10409776516,10409776705,1,"IOTHUB_CLIENT_CONFIRMATION_OK"
15044,10409776716,10409776762,1,"IOTHUB_CLIENT_CONFIRMATION_OK"
15045,10409776916,10409776958,1,"IOTHUB_CLIENT_CONFIRMATION_OK"
15046,10409777117,10409777165,1,"IOTHUB_CLIENT_CONFIRMATION_OK"
15047,10409777317,10409777364,1,"IOTHUB_CLIENT_CONFIRMATION_OK"
15048,10409777517,10409777581,1,"IOTHUB_CLIENT_CONFIRMATION_OK"
15049,10409777717,10409777770,1,"IOTHUB_CLIENT_CONFIRMATION_OK"
15050,10409777917,10409777963,1,"IOTHUB_CLIENT_CONFIRMATION_OK"
15051,10409778117,10409778173,1,"IOTHUB_CLIENT_CONFIRMATION_OK"
15052,10409778318,10409778375,1,"IOTHUB_CLIENT_CONFIRMATION_OK"
15053,10409778518,10409778554,1,"IOTHUB_CLIENT_CONFIRMATION_OK"
15054,10409778718,10409778918,1,"IOTHUB_CLIENT_CONFIRMATION_OK"
15055,10409778918,10409778965,1,"IOTHUB_CLIENT_CONFIRMATION_OK"
15056,10409779118,10409779163,1,"IOTHUB_CLIENT_CONFIRMATION_OK"
15057,10409779318,10409779409,1,"IOTHUB_CLIENT_CONFIRMATION_OK"
15058,10409779519,10409779557,1,"IOTHUB_CLIENT_CONFIRMATION_OK"
15059,10409779719,10409779792,1,"IOTHUB_CLIENT_CONFIRMATION_OK"
15060,10409779919,10409780120,1,"IOTHUB_CLIENT_CONFIRMATION_OK"
15061,10409780119,10409780173,1,"IOTHUB_CLIENT_CONFIRMATION_OK"
15062,10409780319,10409780426,1,"IOTHUB_CLIENT_CONFIRMATION_OK"
15063,10409780519,10409781095,1,"IOTHUB_CLIENT_CONFIRMATION_OK"
15064,10409780719,10409781183,1,"IOTHUB_CLIENT_CONFIRMATION_OK"
15065,10409780920,10409781282,1,"IOTHUB_CLIENT_CONFIRMATION_OK"
15066,10409781120,10409781349,1,"IOTHUB_CLIENT_CONFIRMATION_OK"
15067,10409781320,10409781436,1,"IOTHUB_CLIENT_CONFIRMATION_OK"
15068,10409781520,10409781692,1,"IOTHUB_CLIENT_CONFIRMATION_OK"
15069,10409781720,10409781775,1,"IOTHUB_CLIENT_CONFIRMATION_OK"
15070,10409781920,10409781983,1,"IOTHUB_CLIENT_CONFIRMATION_OK"
15071,10409782120,10409782256,1,"IOTHUB_CLIENT_CONFIRMATION_OK"
15072,10409782321,10409782370,1,"IOTHUB_CLIENT_CONFIRMATION_OK"
15073,10409782521,10409782567,1,"IOTHUB_CLIENT_CONFIRMATION_OK"
15074,10409782721,10409782790,1,"IOTHUB_CLIENT_CONFIRMATION_OK"
15075,10409782921,10409782961,1,"IOTHUB_CLIENT_CONFIRMATION_OK"
15076,10409783121,10409783181,1,"IOTHUB_CLIENT_CONFIRMATION_OK"
15077,10409783321,10409783367,1,"IOTHUB_CLIENT_CONFIRMATION_OK"
15078,10409783522,10409783573,1,"IOTHUB_CLIENT_CONFIRMATION_OK"
15079,10409783722,10409783885,1,"IOTHUB_CLIENT_CONFIRMATION_OK"
15080,10409783922,10409783962,1,"IOTHUB_CLIENT_CONFIRMATION_OK"
15081,10409784122,10409784169,1,"IOTHUB_CLIENT_CONFIRMATION_OK"
15082,10409784322,10409784481,1,"IOTHUB_CLIENT_CONFIRMATION_OK"
15083,10409784522,10409784562,1,"IOTHUB_CLIENT_CONFIRMATION_OK"
15084,10409784722,10409784785,1,"IOTHUB_CLIENT_CONFIRMATION_OK"
15085,10409784923,10409784964,1,"IOTHUB_CLIENT_CONFIRMATION_OK"
15086,10409785123,10409785173,1,"IOTHUB_CLIENT_CONFIRMATION_OK"
15087,10409785323,10409785385,1,"IOTHUB_CLIENT_CONFIRMATION_OK"
15088,10409785523,10409785575,1,"IOTHUB_CLIENT_CONFIRMATION_OK"
15089,10409785723,10409785767,1,"IOTHUB_CLIENT_CONFIRMATION_OK"
15090,10409785923,10409785959,1,"IOTHUB_CLIENT_CONFIRMATION_OK"
15091,10409786123,10409786205,1,"IOTHUB_CLIENT_CONFIRMATION_OK"
15092,10409786324,10409786370,1,"IOTHUB_CLIENT_CONFIRMATION_OK"
15093,10409786524,10409786589,1,"IOTHUB_CLIENT_CONFIRMATION_OK"
15094,10409786724,10409786759,1,"IOTHUB_CLIENT_CONFIRMATION_OK"
15095,10409786924,10409787000,1,"IOTHUB_CLIENT_CONFIRMATION_OK"
15096,10409787124,10409787202,1,"IOTHUB_CLIENT_CONFIRMATION_OK"
15097,10409787324,10409787384,1,"IOTHUB_CLIENT_CONFIRMATION_OK"
15098,10409787525,10409787567,1,"IOTHUB_CLIENT_CONFIRMATION_OK"
15099,10409787725,10409787817,1,"IOTHUB_CLIENT_CONFIRMATION_OK"
15100,10409787925,10409787971,1,"IOTHUB_CLIENT_CONFIRMATION_OK"
15101,10409788125,10409788181,1,"IOTHUB_CLIENT_CONFIRMATION_OK"
15102,10409788325,10409788367,1,"IOTHUB_CLIENT_CONFIRMATION_OK"
15103,10409788525,10409788588,1,"IOTHUB_CLIENT_CONFIRMATION_OK"
15104,10409788725,10409788806,1,"IOTHUB_CLIENT_CONFIRMATION_OK"
15105,10409788926,10409788969,1,"IOTHUB_CLIENT_CONFIRMATION_OK"
15106,10409789126,10409789174,1,"IOTHUB_CLIENT_CONFIRMATION_OK"
15107,10409789326,10409789438,1,"IOTHUB_CLIENT_CONFIRMATION_OK"
15108,10409789526,10409789562,1,"IOTHUB_CLIENT_CONFIRMATION_OK"
15109,10409789726,10409789778,1,"IOTHUB_CLIENT_CONFIRMATION_OK"
15110,10409789926,10409790038,1,"IOTHUB_CLIENT_CONFIRMATION_OK"
15111,10409790127,10409790173,1,"IOTHUB_CLIENT_CONFIRMATION_OK"
15112,10409790327,10409790366,1,"IOTHUB_CLIENT_CONFIRMATION_OK"
15113,10409790527,10409790593,1,"IOTHUB_CLIENT_CONFIRMATION_OK"
15114,10409790727,10409790779,1,"IOTHUB_CLIENT_CONFIRMATION_OK"
15115,10409790927,10409790985,1,"IOTHUB_CLIENT_CONFIRMATION_OK"
15116,10409791127,10409791307,1,"IOTHUB_CLIENT_CONFIRMATION_OK"
15117,10409791328,10409791367,1,"IOTHUB_CLIENT_CONFIRMATION_OK"
15118,10409791528,10409791663,1,"IOTHUB_CLIENT_CONFIRMATION_OK"
15119,10409791728,10409791786,1,"IOTHUB_CLIENT_CONFIRMATION_OK"
15120,10409791928,10409791990,1,"IOTHUB_CLIENT_CONFIRMATION_OK"
15121,10409792128,10409792278,1,"IOTHUB_CLIENT_CONFIRMATION_OK"
15122,10409792328,10409792380,1,"IOTHUB_CLIENT_CONFIRMATION_OK"
15123,10409792528,10409792586,1,"IOTHUB_CLIENT_CONFIRMATION_OK"
15124,10409792729,10409792795,1,"IOTHUB_CLIENT_CONFIRMATION_OK"
15125,10409792929,10409792968,1,"IOTHUB_CLIENT_CONFIRMATION_OK"
15126,10409793129,10409793188,1,"IOTHUB_CLIENT_CONFIRMATION_OK"
15127,10409793329,10409793381,1,"IOTHUB_CLIENT_CONFIRMATION_OK"
15128,10409793529,10409793569,1,"IOTHUB_CLIENT_CONFIRMATION_OK"
15129,10409793729,10409793895,1,"IOTHUB_CLIENT_CONFIRMATION_OK"
15130,10409793930,10409793974,1,"IOTHUB_CLIENT_CONFIRMATION_OK"
15131,10409794130,10409794178,1,"IOTHUB_CLIENT_CONFIRMATION_OK"
15132,10409794330,10409794383,1,"IOTHUB_CLIENT_CONFIRMATION_OK"
15133,10409794530,10409794641,1,"IOTHUB_CLIENT_CONFIRMATION_OK"
15134,10409794730,10409794769,1,"IOTHUB_CLIENT_CONFIRMATION_OK"
15135,10409794930,10409794978,1,"IOTHUB_CLIENT_CONFIRMATION_OK"
15136,10409795131,10409795203,1,"IOTHUB_CLIENT_CONFIRMATION_OK"
15137,10409795331,10409795371,1,"IOTHUB_CLIENT_CONFIRMATION_OK"
15138,10409795531,10409795618,1,"IOTHUB_CLIENT_CONFIRMATION_OK"
15139,10409795731,10409795795,1,"IOTHUB_CLIENT_CONFIRMATION_OK"
15140,10409795931,10409795979,1,"IOTHUB_CLIENT_CONFIRMATION_OK"
15141,10409796131,10409796303,1,"IOTHUB_CLIENT_CONFIRMATION_OK"
15142,10409796331,10409796390,1,"IOTHUB_CLIENT_CONFIRMATION_OK"
15143,10409796532,10409796577,1,"IOTHUB_CLIENT_CONFIRMATION_OK"
15144,10409796732,10409796797,1,"IOTHUB_CLIENT_CONFIRMATION_OK"
15145,10409796932,10409796983,1,"IOTHUB_CLIENT_CONFIRMATION_OK"
15146,10409797132,10409797205,1,"IOTHUB_CLIENT_CONFIRMATION_OK"
15147,10409797332,10409797375,1,"IOTHUB_CLIENT_CONFIRMATION_OK"
15148,10409797532,10409797572,1,"IOTHUB_CLIENT_CONFIRMATION_OK"
15149,10409797733,10409797818,1,"IOTHUB_CLIENT_CONFIRMATION_OK"
15150,10409797933,10409797974,1,"IOTHUB_CLIENT_CONFIRMATION_OK"
15151,10409798133,10409798171,1,"IOTHUB_CLIENT_CONFIRMATION_OK"
15152,10409798333,10409798396,1,"IOTHUB_CLIENT_CONFIRMATION_OK"
15153,10409798533,10409798578,1,"IOTHUB_CLIENT_CONFIRMATION_OK"
15154,10409798733,10409798817,1,"IOTHUB_CLIENT_CONFIRMATION_OK"
15155,10409798933,10409799021,1,"IOTHUB_CLIENT_CONFIRMATION_OK"
15156,10409799134,10409799179,1,"IOTHUB_CLIENT_CONFIRMATION_OK"
15157,10409799334,10409799454,1,"IOTHUB_CLIENT_CONFIRMATION_OK"
15158,10409799534,10409799626,1,"IOTHUB_CLIENT_CONFIRMATION_OK"
15159,10409799734,10409799767,1,"IOTHUB_CLIENT_CONFIRMATION_OK"
15160,10409799934,10409800040,1,"IOTHUB_CLIENT_CONFIRMATION_OK"
15161,10409800134,10409800183,1,"IOTHUB_CLIENT_CONFIRMATION_OK"
15162,10409800335,10409800372,1,"IOTHUB_CLIENT_CONFIRMATION_OK"
15163,10409800535,10409800596,1,"IOTHUB_CLIENT_CONFIRMATION_OK"
15164,10409800735,10409800787,1,"IOTHUB_CLIENT_CONFIRMATION_OK"
15165,10409800935,10409800979,1,"IOTHUB_CLIENT_CONFIRMATION_OK"
15166,10409801135,10409801180,1,"IOTHUB_CLIENT_CONFIRMATION_OK"
15167,10409801335,10409801373,1,"IOTHUB_CLIENT_CONFIRMATION_OK"
15168,10409801535,10409801664,1,"IOTHUB_CLIENT_CONFIRMATION_OK"
15169,10409801736,10409801782,1,"IOTHUB_CLIENT_CONFIRMATION_OK"
15170,10409801936,10409801982,1,"IOTHUB_CLIENT_CONFIRMATION_OK"
15171,10409802136,10409802291,1,"IOTHUB_CLIENT_CONFIRMATION_OK"
15172,10409802336,10409802376,1,"IOTHUB_CLIENT_CONFIRMATION_OK"
15173,10409802536,10409802571,1,"IOTHUB_CLIENT_CONFIRMATION_OK"
15174,10409802736,10409802814,1,"IOTHUB_CLIENT_CONFIRMATION_OK"
15175,10409802937,10409802977,1,"IOTHUB_CLIENT_CONFIRMATION_OK"
15176,10409803137,10409803174,1,"IOTHUB_CLIENT_CONFIRMATION_OK"
15177,10409803337,10409803377,1,"IOTHUB_CLIENT_CONFIRMATION_OK"
15178,10409803537,10409803591,1,"IOTHUB_CLIENT_CONFIRMATION_OK"
15179,10409803737,10409803918,1,"IOTHUB_CLIENT_CONFIRMATION_OK"
15180,10409803937,10409803988,1,"IOTHUB_CLIENT_CONFIRMATION_OK"
15181,10409804137,10409804179,1,"IOTHUB_CLIENT_CONFIRMATION_OK"
15182,10409804338,10409804391,1,"IOTHUB_CLIENT_CONFIRMATION_OK"
15183,10409804538,10409804601,1,"IOTHUB_CLIENT_CONFIRMATION_OK"
15184,10409804738,10409804796,1,"IOTHUB_CLIENT_CONFIRMATION_OK"
15185,10409804938,10409805007,1,"IOTHUB_CLIENT_CONFIRMATION_OK"
15186,10409805138,10409805173,1,"IOTHUB_CLIENT_CONFIRMATION_OK"
15187,10409805338,10409805378,1,"IOTHUB_CLIENT_CONFIRMATION_OK"
15188,10409805539,10409805616,1,"IOTHUB_CLIENT_CONFIRMATION_OK"
15189,10409805739,10409805780,1,"IOTHUB_CLIENT_CONFIRMATION_OK"
15190,10409805939,10409806000,1,"IOTHUB_CLIENT_CONFIRMATION_OK"
15191,10409806139,10409806184,1,"IOTHUB_CLIENT_CONFIRMATION_OK"
15192,10409806339,10409806381,1,"IOTHUB_CLIENT_CONFIRMATION_OK"
15193,10409806539,10409806634,1,"IOTHUB_CLIENT_CONFIRMATION_OK"
15194,10409806740,10409806789,1,"IOTHUB_CLIENT_CONFIRMATION_OK"
15195,10409806940,10409806996,1,"IOTHUB_CLIENT_CONFIRMATION_OK"
15196,10409807140,10409807242,1,"IOTHUB_CLIENT_CONFIRMATION_OK"
15197,10409807340,10409807380,1,"IOTHUB_CLIENT_CONFIRMATION_OK"
15198,10409807540,10409807594,1,"IOTHUB_CLIENT_CONFIRMATION_OK"
15199,10409807740,10409807790,1,"IOTHUB_CLIENT_CONFIRMATION_OK"
15200,10409807940,10409807992,1,"IOTHUB_CLIENT_CONFIRMATION_OK"
15201,10409808141,10409808179,1,"IOTHUB_CLIENT_CONFIRMATION_OK"
15202,10409808341,10409808397,1,"IOTHUB_CLIENT_CONFIRMATION_OK"
15203,10409808541,10409808578,1,"IOTHUB_CLIENT_CONFIRMATION_OK"
15204,10409808741,10409808858,1,"IOTHUB_CLIENT_CONFIRMATION_OK"
15205,10409808941,10409808990,1,"IOTHUB_CLIENT_CONFIRMATION_OK"
15206,10409809141,10409809191,1,"IOTHUB_CLIENT_CONFIRMATION_OK"
15207,10409809342,10409809520,1,"IOTHUB_CLIENT_CONFIRMATION_OK"
15208,10409809542,10409809598,1,"IOTHUB_CLIENT_CONFIRMATION_OK"
15209,10409809742,10409809791,1,"IOTHUB_CLIENT_CONFIRMATION_OK"
15210,10409809942,10409809987,1,"IOTHUB_CLIENT_CONFIRMATION_OK"
15211,10409810142,10409810200,1,"IOTHUB_CLIENT_CONFIRMATION_OK"
15212,10409810342,10409810392,1,"IOTHUB_CLIENT_CONFIRMATION_OK"
15213,10409810542,10409810580,1,"IOTHUB_CLIENT_CONFIRMATION_OK"
15214,10409810743,10409810790,1,"IOTHUB_CLIENT_CONFIRMATION_OK"
15215,10409810943,10409811000,1,"IOTHUB_CLIENT_CONFIRMATION_OK"
15216,10409811143,10409811202,1,"IOTHUB_CLIENT_CONFIRMATION_OK"
15217,10409811343,10409811379,1,"IOTHUB_CLIENT_CONFIRMATION_OK"
15218,10409811543,10409811585,1,"IOTHUB_CLIENT_CONFIRMATION_OK"
15219,10409811743,10409811796,1,"IOTHUB_CLIENT_CONFIRMATION_OK"
15220,10409811944,10409812019,1,"IOTHUB_CLIENT_CONFIRMATION_OK"
15221,10409812144,10409812208,1,"IOTHUB_CLIENT_CONFIRMATION_OK"
15222,10409812344,10409812392,1,"IOTHUB_CLIENT_CONFIRMATION_OK"
15223,10409812544,10409812617,1,"IOTHUB_CLIENT_CONFIRMATION_OK"
15224,10409812744,10409812826,1,"IOTHUB_CLIENT_CONFIRMATION_OK"
15225,10409812944,10409812982,1,"IOTHUB_CLIENT_CONFIRMATION_OK"
15226,10409813144,10409813182,1,"IOTHUB_CLIENT_CONFIRMATION_OK"
15227,10409813345,10409813396,1,"IOTHUB_CLIENT_CONFIRMATION_OK"
15228,10409813545,10409813629,1,"IOTHUB_CLIENT_CONFIRMATION_OK"
15229,10409813745,10409813845,1,"IOTHUB_CLIENT_CONFIRMATION_OK"
15230,10409813945,10409814010,1,"IOTHUB_CLIENT_CONFIRMATION_OK"
15231,10409814145,10409814178,1,"IOTHUB_CLIENT_CONFIRMATION_OK"
15232,10409814345,10409814470,1,"IOTHUB_CLIENT_CONFIRMATION_OK"
15233,10409814546,10409814592,1,"IOTHUB_CLIENT_CONFIRMATION_OK"
15234,10409814746,10409814794,1,"IOTHUB_CLIENT_CONFIRMATION_OK"
15235,10409814946,10409815029,1,"IOTHUB_CLIENT_CONFIRMATION_OK"
15236,10409815146,10409815193,1,"IOTHUB_CLIENT_CONFIRMATION_OK"
15237,10409815346,10409815439,1,"IOTHUB_CLIENT_CONFIRMATION_OK"
15238,10409815546,10409815611,1,"IOTHUB_CLIENT_CONFIRMATION_OK"
15239,10409815746,10409815785,1,"IOTHUB_CLIENT_CONFIRMATION_OK"
15240,10409815947,10409816014,1,"IOTHUB_CLIENT_CONFIRMATION_OK"
15241,10409816147,10409816193,1,"IOTHUB_CLIENT_CONFIRMATION_OK"
15242,10409816347,10409816435,1,"IOTHUB_CLIENT_CONFIRMATION_OK"
15243,10409816547,10409816707,1,"IOTHUB_CLIENT_CONFIRMATION_OK"
15244,10409816747,10409816807,1,"IOTHUB_CLIENT_CONFIRMATION_OK"
15245,10409816947,10409817018,1,"IOTHUB_CLIENT_CONFIRMATION_OK"
15246,10409817148,10409817193,1,"IOTHUB_CLIENT_CONFIRMATION_OK"
15247,10409817348,10409817400,1,"IOTHUB_CLIENT_CONFIRMATION_OK"
15248,10409817548,10409817585,1,"IOTHUB_CLIENT_CONFIRMATION_OK"
15249,10409817748,10409817799,1,"IOTHUB_CLIENT_CONFIRMATION_OK"
15250,10409817948,10409817990,1,"IOTHUB_CLIENT_CONFIRMATION_OK"
15251,10409818148,10409818195,1,"IOTHUB_CLIENT_CONFIRMATION_OK"
15252,10409818349,10409818399,1,"IOTHUB_CLIENT_CONFIRMATION_OK"
15253,10409818549,10409818586,1,"IOTHUB_CLIENT_CONFIRMATION_OK"
15254,10409818749,10409818923,1,"IOTHUB_CLIENT_CONFIRMATION_OK"
15255,10409818949,10409818985,1,"IOTHUB_CLIENT_CONFIRMATION_OK"
15256,10409819149,10409819181,1,"IOTHUB_CLIENT_CONFIRMATION_OK"
15257,10409819349,10409819396,1,"IOTHUB_CLIENT_CONFIRMATION_OK"
15258,10409819549,10409819590,1,"IOTHUB_CLIENT_CONFIRMATION_OK"
15259,10409819750,10409819783,1,"IOTHUB_CLIENT_CONFIRMATION_OK"
15260,10409819950,10409819988,1,"IOTHUB_CLIENT_CONFIRMATION_OK"
15261,10409820150,10409820228,1,"IOTHUB_CLIENT_CONFIRMATION_OK"
15262,10409820350,10409820409,1,"IOTHUB_CLIENT_CONFIRMATION_OK"
15263,10409820550,10409820765,1,"IOTHUB_CLIENT_CONFIRMATION_OK"
15264,10409820750,10409820829,1,"IOTHUB_CLIENT_CONFIRMATION_OK"
15265,10409820950,10409820997,1,"IOTHUB_CLIENT_CONFIRMATION_OK"
15266,10409821151,10409821209,1,"IOTHUB_CLIENT_CONFIRMATION_OK"
15267,10409821351,10409821413,1,"IOTHUB_CLIENT_CONFIRMATION_OK"
15268,10409821551,10409821617,1,"IOTHUB_CLIENT_CONFIRMATION_OK"
15269,10409821751,10409821826,1,"IOTHUB_CLIENT_CONFIRMATION_OK"
15270,10409821951,10409822010,1,"IOTHUB_CLIENT_CONFIRMATION_OK"
15271,10409822151,10409822223,1,"IOTHUB_CLIENT_CONFIRMATION_OK"
15272,10409822351,10409822436,1,"IOTHUB_CLIENT_CONFIRMATION_OK"
15273,10409822552,10409822594,1,"IOTHUB_CLIENT_CONFIRMATION_OK"
15274,10409822752,10409822876,1,"IOTHUB_CLIENT_CONFIRMATION_OK"
15275,10409822952,10409822985,1,"IOTHUB_CLIENT_CONFIRMATION_OK"
15276,10409823152,10409823189,1,"IOTHUB_CLIENT_CONFIRMATION_OK"
15277,10409823352,10409823400,1,"IOTHUB_CLIENT_CONFIRMATION_OK"
15278,10409823552,10409823589,1,"IOTHUB_CLIENT_CONFIRMATION_OK"
15279,10409823753,10409823847,1,"IOTHUB_CLIENT_CONFIRMATION_OK"
15280,10409823953,10409824032,1,"IOTHUB_CLIENT_CONFIRMATION_OK"
15281,10409824153,10409824185,1,"IOTHUB_CLIENT_CONFIRMATION_OK"
15282,10409824353,10409824482,1,"IOTHUB_CLIENT_CONFIRMATION_OK"
15283,10409824553,10409824585,1,"IOTHUB_CLIENT_CONFIRMATION_OK"
15284,10409824753,10409824793,1,"IOTHUB_CLIENT_CONFIRMATION_OK"
15285,10409824953,10409825075,1,"IOTHUB_CLIENT_CONFIRMATION_OK"
15286,10409825154,10409825192,1,"IOTHUB_CLIENT_CONFIRMATION_OK"
15287,10409825354,10409825404,1,"IOTHUB_CLIENT_CONFIRMATION_OK"
15288,10409825554,10409825598,1,"IOTHUB_CLIENT_CONFIRMATION_OK"
15289,10409825754,10409825820,1,"IOTHUB_CLIENT_CONFIRMATION_OK"
15290,10409825954,10409826009,1,"IOTHUB_CLIENT_CONFIRMATION_OK"
15291,10409826154,10409826204,1,"IOTHUB_CLIENT_CONFIRMATION_OK"
15292,10409826355,10409826401,1,"IOTHUB_CLIENT_CONFIRMATION_OK"
15293,10409826555,10409826724,1,"IOTHUB_CLIENT_CONFIRMATION_OK"
15294,10409826755,10409826802,1,"IOTHUB_CLIENT_CONFIRMATION_OK"
15295,10409826955,10409827032,1,"IOTHUB_CLIENT_CONFIRMATION_OK"
15296,10409827155,10409827202,1,"IOTHUB_CLIENT_CONFIRMATION_OK"
15297,10409827355,10409827417,1,"IOTHUB_CLIENT_CONFIRMATION_OK"
15298,10409827555,10409827592,1,"IOTHUB_CLIENT_CONFIRMATION_OK"
15299,10409827756,10409827795,1,"IOTHUB_CLIENT_CONFIRMATION_OK"
15300,10409827956,10409828000,1,"IOTHUB_CLIENT_CONFIRMATION_OK"
15301,10409828156,10409828231,1,"IOTHUB_CLIENT_CONFIRMATION_OK"
15302,10409828356,10409828396,1,"IOTHUB_CLIENT_CONFIRMATION_OK"
15303,10409828556,10409828602,1,"IOTHUB_CLIENT_CONFIRMATION_OK"
15304,10409828756,10409828933,1,"IOTHUB_CLIENT_CONFIRMATION_OK"
15305,10409828957,10409829036,1,"IOTHUB_CLIENT_CONFIRMATION_OK"
15306,10409829157,10409829207,1,"IOTHUB_CLIENT_CONFIRMATION_OK"
15307,10409829357,10409829395,1,"IOTHUB_CLIENT_CONFIRMATION_OK"
15308,10409829557,10409829638,1,"IOTHUB_CLIENT_CONFIRMATION_OK"
15309,10409829757,10409829804,1,"IOTHUB_CLIENT_CONFIRMATION_OK"
15310,10409829957,10409830000,1,"IOTHUB_CLIENT_CONFIRMATION_OK"
15311,10409830157,10409830200,1,"IOTHUB_CLIENT_CONFIRMATION_OK"
15312,10409830358,10409830435,1,"IOTHUB_CLIENT_CONFIRMATION_OK"
15313,10409830558,10409830601,1,"IOTHUB_CLIENT_CONFIRMATION_OK"
15314,10409830758,10409830804,1,"IOTHUB_CLIENT_CONFIRMATION_OK"
15315,10409830958,10409831029,1,"IOTHUB_CLIENT_CONFIRMATION_OK"
15316,10409831158,10409831228,1,"IOTHUB_CLIENT_CONFIRMATION_OK"
15317,10409831358,10409831399,1,"IOTHUB_CLIENT_CONFIRMATION_OK"
15318,10409831559,10409831609,1,"IOTHUB_CLIENT_CONFIRMATION_OK"
15319,10409831759,10409831807,1,"IOTHUB_CLIENT_CONFIRMATION_OK"
15320,10409831959,10409832018,1,"IOTHUB_CLIENT_CONFIRMATION_OK"
15321,10409832159,10409832208,1,"IOTHUB_CLIENT_CONFIRMATION_OK"
15322,10409832359,10409832408,1,"IOTHUB_CLIENT_CONFIRMATION_OK"
15323,10409832559,10409832607,1,"IOTHUB_CLIENT_CONFIRMATION_OK"
15324,10409832759,10409832859,1,"IOTHUB_CLIENT_CONFIRMATION_OK"
15325,10409832960,10409833013,1,"IOTHUB_CLIENT_CONFIRMATION_OK"
15326,10409833160,10409833199,1,"IOTHUB_CLIENT_CONFIRMATION_OK"
15327,10409833360,10409833416,1,"IOTHUB_CLIENT_CONFIRMATION_OK"
15328,10409833560,10409833602,1,"IOTHUB_CLIENT_CONFIRMATION_OK"
15329,10409833760,10409833864,1,"IOTHUB_CLIENT_CONFIRMATION_OK"
15330,10409833960,10409834014,1,"IOTHUB_CLIENT_CONFIRMATION_OK"
15331,10409834161,10409834210,1,"IOTHUB_CLIENT_CONFIRMATION_OK"
15332,10409834361,10409834515,1,"IOTHUB_CLIENT_CONFIRMATION_OK"
15333,10409834561,10409834644,1,"IOTHUB_CLIENT_CONFIRMATION_OK"
15334,10409834761,10409834826,1,"IOTHUB_CLIENT_CONFIRMATION_OK"
15335,10409834961,10409835012,1,"IOTHUB_CLIENT_CONFIRMATION_OK"
15336,10409835161,10409835195,1,"IOTHUB_CLIENT_CONFIRMATION_OK"
15337,10409835361,10409835435,1,"IOTHUB_CLIENT_CONFIRMATION_OK"
15338,10409835562,10409835616,1,"IOTHUB_CLIENT_CONFIRMATION_OK"
15339,10409835762,10409835816,1,"IOTHUB_CLIENT_CONFIRMATION_OK"
15340,10409835962,10409836024,1,"IOTHUB_CLIENT_CONFIRMATION_OK"
15341,10409836162,10409836236,1,"IOTHUB_CLIENT_CONFIRMATION_OK"
15342,10409836362,10409836403,1,"IOTHUB_CLIENT_CONFIRMATION_OK"
15343,10409836562,10409836612,1,"IOTHUB_CLIENT_CONFIRMATION_OK"
15344,10409836762,10409836805,1,"IOTHUB_CLIENT_CONFIRMATION_OK"
15345,10409836963,10409837002,1,"IOTHUB_CLIENT_CONFIRMATION_OK"
15346,10409837163,10409837202,1,"IOTHUB_CLIENT_CONFIRMATION_OK"
15347,10409837363,10409837497,1,"IOTHUB_CLIENT_CONFIRMATION_OK"
15348,10409837563,10409837638,1,"IOTHUB_CLIENT_CONFIRMATION_OK"
15349,10409837763,10409837812,1,"IOTHUB_CLIENT_CONFIRMATION_OK"
15350,10409837963,10409838042,1,"IOTHUB_CLIENT_CONFIRMATION_OK"
15351,10409838164,10409838233,1,"IOTHUB_CLIENT_CONFIRMATION_OK"
15352,10409838364,10409838425,1,"IOTHUB_CLIENT_CONFIRMATION_OK"
15353,10409838564,10409838610,1,"IOTHUB_CLIENT_CONFIRMATION_OK"
15354,10409838764,10409838815,1,"IOTHUB_CLIENT_CONFIRMATION_OK"
15355,10409838964,10409839039,1,"IOTHUB_CLIENT_CONFIRMATION_OK"
15356,10409839164,10409839208,1,"IOTHUB_CLIENT_CONFIRMATION_OK"
15357,10409839364,10409839421,1,"IOTHUB_CLIENT_CONFIRMATION_OK"
15358,10409839565,10409839599,1,"IOTHUB_CLIENT_CONFIRMATION_OK"
15359,10409839765,10409839805,1,"IOTHUB_CLIENT_CONFIRMATION_OK"
15360,10409839965,10409840094,1,"IOTHUB_CLIENT_CONFIRMATION_OK"
15361,10409840165,10409840211,1,"IOTHUB_CLIENT_CONFIRMATION_OK"
15362,10409840365,10409840424,1,"IOTHUB_CLIENT_CONFIRMATION_OK"
15363,10409840565,10409840640,1,"IOTHUB_CLIENT_CONFIRMATION_OK"
15364,10409840765,10409840817,1,"IOTHUB_CLIENT_CONFIRMATION_OK"
15365,10409840966,10409841034,1,"IOTHUB_CLIENT_CONFIRMATION_OK"
15366,10409841166,10409841196,1,"IOTHUB_CLIENT_CONFIRMATION_OK"
15367,10409841366,10409841402,1,"IOTHUB_CLIENT_CONFIRMATION_OK"
15368,10409841566,10409841723,1,"IOTHUB_CLIENT_CONFIRMATION_OK"
15369,10409841766,10409841812,1,"IOTHUB_CLIENT_CONFIRMATION_OK"
15370,10409841966,10409842028,1,"IOTHUB_CLIENT_CONFIRMATION_OK"
15371,10409842167,10409842306,1,"IOTHUB_CLIENT_CONFIRMATION_OK"
15372,10409842367,10409842422,1,"IOTHUB_CLIENT_CONFIRMATION_OK"
15373,10409842567,10409842624,1,"IOTHUB_CLIENT_CONFIRMATION_OK"
15374,10409842767,10409842831,1,"IOTHUB_CLIENT_CONFIRMATION_OK"
15375,10409842967,10409843030,1,"IOTHUB_CLIENT_CONFIRMATION_OK"
15376,10409843167,10409843214,1,"IOTHUB_CLIENT_CONFIRMATION_OK"
15377,10409843367,10409843404,1,"IOTHUB_CLIENT_CONFIRMATION_OK"
15378,10409843568,10409843606,1,"IOTHUB_CLIENT_CONFIRMATION_OK"
15379,10409843768,10409843916,1,"IOTHUB_CLIENT_CONFIRMATION_OK"
15380,10409843968,10409844011,1,"IOTHUB_CLIENT_CONFIRMATION_OK"
15381,10409844168,10409844229,1,"IOTHUB_CLIENT_CONFIRMATION_OK"
15382,10409844368,10409844403,1,"IOTHUB_CLIENT_CONFIRMATION_OK"
15383,10409844568,10409844605,1,"IOTHUB_CLIENT_CONFIRMATION_OK"
15384,10409844769,10409844824,1,"IOTHUB_CLIENT_CONFIRMATION_OK"
15385,10409844969,10409845034,1,"IOTHUB_CLIENT_CONFIRMATION_OK"
15386,10409845169,10409845231,1,"IOTHUB_CLIENT_CONFIRMATION_OK"
15387,10409845369,10409845414,1,"IOTHUB_CLIENT_CONFIRMATION_OK"
15388,10409845569,10409845612,1,"IOTHUB_CLIENT_CONFIRMATION_OK"
15389,10409845769,10409845817,1,"IOTHUB_CLIENT_CONFIRMATION_OK"
15390,10409845970,10409846012,1,"IOTHUB_CLIENT_CONFIRMATION_OK"
15391,10409846170,10409846226,1,"IOTHUB_CLIENT_CONFIRMATION_OK"
15392,10409846370,10409846419,1,"IOTHUB_CLIENT_CONFIRMATION_OK"
15393,10409846570,10409846722,1,"IOTHUB_CLIENT_CONFIRMATION_OK"
15394,10409846770,10409846806,1,"IOTHUB_CLIENT_CONFIRMATION_OK"
15395,10409846970,10409847033,1,"IOTHUB_CLIENT_CONFIRMATION_OK"
15396,10409847170,10409847234,1,"IOTHUB_CLIENT_CONFIRMATION_OK"
15397,10409847371,10409847443,1,"IOTHUB_CLIENT_CONFIRMATION_OK"
15398,10409847571,10409847626,1,"IOTHUB_CLIENT_CONFIRMATION_OK"
15399,10409847771,10409847850,1,"IOTHUB_CLIENT_CONFIRMATION_OK"
15400,10409847971,10409848018,1,"IOTHUB_CLIENT_CONFIRMATION_OK"
15401,10409848171,10409848230,1,"IOTHUB_CLIENT_CONFIRMATION_OK"
15402,10409848371,10409848457,1,"IOTHUB_CLIENT_CONFIRMATION_OK"
15403,10409848572,10409848615,1,"IOTHUB_CLIENT_CONFIRMATION_OK"
15404,10409848772,10409848933,1,"IOTHUB_CLIENT_CONFIRMATION_OK"
15405,10409848972,10409849005,1,"IOTHUB_CLIENT_CONFIRMATION_OK"
15406,10409849172,10409849222,1,"IOTHUB_CLIENT_CONFIRMATION_OK"
15407,10409849372,10409849497,1,"IOTHUB_CLIENT_CONFIRMATION_OK"
15408,10409849572,10409849620,1,"IOTHUB_CLIENT_CONFIRMATION_OK"
15409,10409849773,10409849806,1,"IOTHUB_CLIENT_CONFIRMATION_OK"
15410,10409849973,10409850014,1,"IOTHUB_CLIENT_CONFIRMATION_OK"
15411,10409850173,10409850215,1,"IOTHUB_CLIENT_CONFIRMATION_OK"
15412,10409850373,10409850410,1,"IOTHUB_CLIENT_CONFIRMATION_OK"
15413,10409850573,10409850615,1,"IOTHUB_CLIENT_CONFIRMATION_OK"
15414,10409850773,10409850854,1,"IOTHUB_CLIENT_CONFIRMATION_OK"
15415,10409850973,10409851010,1,"IOTHUB_CLIENT_CONFIRMATION_OK"
15416,10409851174,10409851215,1,"IOTHUB_CLIENT_CONFIRMATION_OK"
15417,10409851374,10409851448,1,"IOTHUB_CLIENT_CONFIRMATION_OK"
15418,10409851574,10409851768,1,"IOTHUB_CLIENT_CONFIRMATION_OK"
15419,10409851774,10409851820,1,"IOTHUB_CLIENT_CONFIRMATION_OK"
15420,10409851974,10409852052,1,"IOTHUB_CLIENT_CONFIRMATION_OK"
15421,10409852174,10409852215,1,"IOTHUB_CLIENT_CONFIRMATION_OK"
15422,10409852375,10409852417,1,"IOTHUB_CLIENT_CONFIRMATION_OK"
15423,10409852575,10409852636,1,"IOTHUB_CLIENT_CONFIRMATION_OK"
15424,10409852775,10409852826,1,"IOTHUB_CLIENT_CONFIRMATION_OK"
15425,10409852975,10409853029,1,"IOTHUB_CLIENT_CONFIRMATION_OK"
15426,10409853175,10409853223,1,"IOTHUB_CLIENT_CONFIRMATION_OK"
15427,10409853375,10409853457,1,"IOTHUB_CLIENT_CONFIRMATION_OK"
15428,10409853575,10409853610,1,"IOTHUB_CLIENT_CONFIRMATION_OK"
15429,10409853776,10409853812,1,"IOTHUB_CLIENT_CONFIRMATION_OK"
15430,10409853976,10409854081,1,"IOTHUB_CLIENT_CONFIRMATION_OK"
15431,10409854176,10409854220,1,"IOTHUB_CLIENT_CONFIRMATION_OK"
15432,10409854376,10409854416,1,"IOTHUB_CLIENT_CONFIRMATION_OK"
15433,10409854576,10409854616,1,"IOTHUB_CLIENT_CONFIRMATION_OK"
15434,10409854776,10409854814,1,"IOTHUB_CLIENT_CONFIRMATION_OK"
15435,10409854976,10409855150,1,"IOTHUB_CLIENT_CONFIRMATION_OK"
15436,10409855177,10409855206,1,"IOTHUB_CLIENT_CONFIRMATION_OK"
15437,10409855377,10409855431,1,"IOTHUB_CLIENT_CONFIRMATION_OK"
15438,10409855577,10409855626,1,"IOTHUB_CLIENT_CONFIRMATION_OK"
15439,10409855777,10409855812,1,"IOTHUB_CLIENT_CONFIRMATION_OK"
15440,10409855977,10409856028,1,"IOTHUB_CLIENT_CONFIRMATION_OK"
15441,10409856177,10409856221,1,"IOTHUB_CLIENT_CONFIRMATION_OK"
15442,10409856378,10409856419,1,"IOTHUB_CLIENT_CONFIRMATION_OK"
15443,10409856578,10409856853,1,"IOTHUB_CLIENT_CONFIRMATION_OK"
15444,10409856778,10409856870,1,"IOTHUB_CLIENT_CONFIRMATION_OK"
15445,10409856978,10409857030,1,"IOTHUB_CLIENT_CONFIRMATION_OK"
15446,10409857178,10409857238,1,"IOTHUB_CLIENT_CONFIRMATION_OK"
15447,10409857378,10409857474,1,"IOTHUB_CLIENT_CONFIRMATION_OK"
15448,10409857578,10409857613,1,"IOTHUB_CLIENT_CONFIRMATION_OK"
15449,10409857779,10409857850,1,"IOTHUB_CLIENT_CONFIRMATION_OK"
15450,10409857979,10409858016,1,"IOTHUB_CLIENT_CONFIRMATION_OK"
15451,10409858179,10409858237,1,"IOTHUB_CLIENT_CONFIRMATION_OK"
15452,10409858379,10409858429,1,"IOTHUB_CLIENT_CONFIRMATION_OK"
15453,10409858579,10409858621,1,"IOTHUB_CLIENT_CONFIRMATION_OK"
15454,10409858779,10409859010,1,"IOTHUB_CLIENT_CONFIRMATION_OK"
15455,10409858980,10409859042,1,"IOTHUB_CLIENT_CONFIRMATION_OK"
15456,10409859180,10409859229,1,"IOTHUB_CLIENT_CONFIRMATION_OK"
15457,10409859380,10409859463,1,"IOTHUB_CLIENT_CONFIRMATION_OK"
15458,10409859580,10409859721,1,"IOTHUB_CLIENT_CONFIRMATION_OK"
15459,10409859780,10409859819,1,"IOTHUB_CLIENT_CONFIRMATION_OK"
15460,10409859980,10409860035,1,"IOTHUB_CLIENT_CONFIRMATION_OK"
15461,10409860181,10409860221,1,"IOTHUB_CLIENT_CONFIRMATION_OK"
15462,10409860381,10409860421,1,"IOTHUB_CLIENT_CONFIRMATION_OK"
15463,10409860581,10409860646,1,"IOTHUB_CLIENT_CONFIRMATION_OK"
15464,10409860781,10409860842,1,"IOTHUB_CLIENT_CONFIRMATION_OK"
15465,10409860981,10409861027,1,"IOTHUB_CLIENT_CONFIRMATION_OK"
15466,10409861181,10409861227,1,"IOTHUB_CLIENT_CONFIRMATION_OK"
15467,10409861382,10409861449,1,"IOTHUB_CLIENT_CONFIRMATION_OK"
15468,10409861582,10409861657,1,"IOTHUB_CLIENT_CONFIRMATION_OK"
15469,10409861782,10409861825,1,"IOTHUB_CLIENT_CONFIRMATION_OK"
15470,10409861982,10409862016,1,"IOTHUB_CLIENT_CONFIRMATION_OK"
15471,10409862182,10409862261,1,"IOTHUB_CLIENT_CONFIRMATION_OK"
15472,10409862382,10409862444,1,"IOTHUB_CLIENT_CONFIRMATION_OK"
15473,10409862582,10409862620,1,"IOTHUB_CLIENT_CONFIRMATION_OK"
15474,10409862783,10409862897,1,"IOTHUB_CLIENT_CONFIRMATION_OK"
15475,10409862983,10409863019,1,"IOTHUB_CLIENT_CONFIRMATION_OK"
15476,10409863183,10409863234,1,"IOTHUB_CLIENT_CONFIRMATION_OK"
15477,10409863383,10409863421,1,"IOTHUB_CLIENT_CONFIRMATION_OK"
15478,10409863583,10409863625,1,"IOTHUB_CLIENT_CONFIRMATION_OK"
15479,10409863783,10409863889,1,"IOTHUB_CLIENT_CONFIRMATION_OK"
15480,10409863983,10409864035,1,"IOTHUB_CLIENT_CONFIRMATION_OK"
15481,10409864184,10409864232,1,"IOTHUB_CLIENT_CONFIRMATION_OK"
15482,10409864384,10409864510,1,"IOTHUB_CLIENT_CONFIRMATION_OK"
15483,10409864584,10409864630,1,"IOTHUB_CLIENT_CONFIRMATION_OK"
15484,10409864784,10409864819,1,"IOTHUB_CLIENT_CONFIRMATION_OK"
15485,10409864984,10409865121,1,"IOTHUB_CLIENT_CONFIRMATION_OK"
15486,10409865184,10409865232,1,"IOTHUB_CLIENT_CONFIRMATION_OK"
15487,10409865385,10409865418,1,"IOTHUB_CLIENT_CONFIRMATION_OK"
15488,10409865585,10409865649,1,"IOTHUB_CLIENT_CONFIRMATION_OK"
15489,10409865785,10409865871,1,"IOTHUB_CLIENT_CONFIRMATION_OK"
15490,10409865985,10409866020,1,"IOTHUB_CLIENT_CONFIRMATION_OK"
15491,10409866185,10409866256,1,"IOTHUB_CLIENT_CONFIRMATION_OK"
15492,10409866385,10409866424,1,"IOTHUB_CLIENT_CONFIRMATION_OK"
15493,10409866585,10409866747,1,"IOTHUB_CLIENT_CONFIRMATION_OK"
15494,10409866786,10409866826,1,"IOTHUB_CLIENT_CONFIRMATION_OK"
15495,10409866986,10409867029,1,"IOTHUB_CLIENT_CONFIRMATION_OK"
15496,10409867186,10409867288,1,"IOTHUB_CLIENT_CONFIRMATION_OK"
15497,10409867386,10409867441,1,"IOTHUB_CLIENT_CONFIRMATION_OK"
15498,10409867586,10409867633,1,"IOTHUB_CLIENT_CONFIRMATION_OK"
15499,10409867786,10409867831,1,"IOTHUB_CLIENT_CONFIRMATION_OK"
15500,10409867986,10409868027,1,"IOTHUB_CLIENT_CONFIRMATION_OK"
15501,10409868187,10409868221,1,"IOTHUB_CLIENT_CONFIRMATION_OK"
15502,10409868387,10409868639,1,"IOTHUB_CLIENT_CONFIRMATION_OK"
15503,10409868587,10409868755,1,"IOTHUB_CLIENT_CONFIRMATION_OK"
15504,10409868787,10409869007,1,"IOTHUB_CLIENT_CONFIRMATION_OK"
15505,10409868987,10409869060,1,"IOTHUB_CLIENT_CONFIRMATION_OK"
15506,10409869187,10409869238,1,"IOTHUB_CLIENT_CONFIRMATION_OK"
15507,10409869388,10409869446,1,"IOTHUB_CLIENT_CONFIRMATION_OK"
15508,10409869588,10409869643,1,"IOTHUB_CLIENT_CONFIRMATION_OK"
15509,10409869788,10409869837,1,"IOTHUB_CLIENT_CONFIRMATION_OK"
15510,10409869988,10409870041,1,"IOTHUB_CLIENT_CONFIRMATION_OK"
15511,10409870188,10409870226,1,"IOTHUB_CLIENT_CONFIRMATION_OK"
15512,10409870388,10409870450,1,"IOTHUB_CLIENT_CONFIRMATION_OK"
15513,10409870589,10409870651,1,"IOTHUB_CLIENT_CONFIRMATION_OK"
15514,10409870789,10409870854,1,"IOTHUB_CLIENT_CONFIRMATION_OK"
15515,10409870989,10409871030,1,"IOTHUB_CLIENT_CONFIRMATION_OK"
15516,10409871189,10409871227,1,"IOTHUB_CLIENT_CONFIRMATION_OK"
15517,10409871389,10409871436,1,"IOTHUB_CLIENT_CONFIRMATION_OK"
15518,10409871589,10409871636,1,"IOTHUB_CLIENT_CONFIRMATION_OK"
15519,10409871789,10409871832,1,"IOTHUB_CLIENT_CONFIRMATION_OK"
15520,10409871990,10409872034,1,"IOTHUB_CLIENT_CONFIRMATION_OK"
15521,10409872190,10409872245,1,"IOTHUB_CLIENT_CONFIRMATION_OK"
15522,10409872390,10409872435,1,"IOTHUB_CLIENT_CONFIRMATION_OK"
15523,10409872590,10409872683,1,"IOTHUB_CLIENT_CONFIRMATION_OK"
15524,10409872790,10409872884,1,"IOTHUB_CLIENT_CONFIRMATION_OK"
15525,10409872990,10409873034,1,"IOTHUB_CLIENT_CONFIRMATION_OK"
15526,10409873190,10409873232,1,"IOTHUB_CLIENT_CONFIRMATION_OK"
15527,10409873391,10409873425,1,"IOTHUB_CLIENT_CONFIRMATION_OK"
15528,10409873591,10409873633,1,"IOTHUB_CLIENT_CONFIRMATION_OK"
15529,10409873791,10409873882,1,"IOTHUB_CLIENT_CONFIRMATION_OK"
15530,10409873991,10409874028,1,"IOTHUB_CLIENT_CONFIRMATION_OK"
15531,10409874191,10409874256,1,"IOTHUB_CLIENT_CONFIRMATION_OK"
15532,10409874391,10409874527,1,"IOTHUB_CLIENT_CONFIRMATION_OK"
15533,10409874591,10409874633,1,"IOTHUB_CLIENT_CONFIRMATION_OK"
15534,10409874792,10409874832,1,"IOTHUB_CLIENT_CONFIRMATION_OK"
15535,10409874992,10409875044,1,"IOTHUB_CLIENT_CONFIRMATION_OK"
15536,10409875192,10409875233,1,"IOTHUB_CLIENT_CONFIRMATION_OK"
15537,10409875392,10409875456,1,"IOTHUB_CLIENT_CONFIRMATION_OK"
15538,10409875592,10409875634,1,"IOTHUB_CLIENT_CONFIRMATION_OK"
15539,10409875792,10409875835,1,"IOTHUB_CLIENT_CONFIRMATION_OK"
15540,10409875992,10409876154,1,"IOTHUB_CLIENT_CONFIRMATION_OK"
15541,10409876193,10409876236,1,"IOTHUB_CLIENT_CONFIRMATION_OK"
15542,10409876393,10409876431,1,"IOTHUB_CLIENT_CONFIRMATION_OK"
15543,10409876593,10409876772,1,"IOTHUB_CLIENT_CONFIRMATION_OK"
15544,10409876793,10409876839,1,"IOTHUB_CLIENT_CONFIRMATION_OK"
15545,10409876993,10409877046,1,"IOTHUB_CLIENT_CONFIRMATION_OK"
15546,10409877193,10409877244,1,"IOTHUB_CLIENT_CONFIRMATION_OK"
15547,10409877394,10409877435,1,"IOTHUB_CLIENT_CONFIRMATION_OK"
15548,10409877594,10409877636,1,"IOTHUB_CLIENT_CONFIRMATION_OK"
15549,10409877794,10409877865,1,"IOTHUB_CLIENT_CONFIRMATION_OK"
15550,10409877994,10409878033,1,"IOTHUB_CLIENT_CONFIRMATION_OK"
15551,10409878194,10409878229,1,"IOTHUB_CLIENT_CONFIRMATION_OK"
15552,10409878394,10409878431,1,"IOTHUB_CLIENT_CONFIRMATION_OK"
15553,10409878595,10409878659,1,"IOTHUB_CLIENT_CONFIRMATION_OK"
15554,10409878795,10409878965,1,"IOTHUB_CLIENT_CONFIRMATION_OK"
15555,10409878995,10409879044,1,"IOTHUB_CLIENT_CONFIRMATION_OK"
15556,10409879195,10409879263,1,"IOTHUB_CLIENT_CONFIRMATION_OK"
15557,10409879395,10409879538,1,"IOTHUB_CLIENT_CONFIRMATION_OK"
15558,10409879595,10409879647,1,"IOTHUB_CLIENT_CONFIRMATION_OK"
15559,10409879795,10409879843,1,"IOTHUB_CLIENT_CONFIRMATION_OK"
15560,10409879996,10409880042,1,"IOTHUB_CLIENT_CONFIRMATION_OK"
15561,10409880196,10409880244,1,"IOTHUB_CLIENT_CONFIRMATION_OK"
15562,10409880396,10409880450,1,"IOTHUB_CLIENT_CONFIRMATION_OK"
15563,10409880596,10409880635,1,"IOTHUB_CLIENT_CONFIRMATION_OK"
15564,10409880796,10409880853,1,"IOTHUB_CLIENT_CONFIRMATION_OK"
15565,10409880996,10409881041,1,"IOTHUB_CLIENT_CONFIRMATION_OK"
15566,10409881197,10409881235,1,"IOTHUB_CLIENT_CONFIRMATION_OK"
15567,10409881397,10409881442,1,"IOTHUB_CLIENT_CONFIRMATION_OK"
15568,10409881597,10409881773,1,"IOTHUB_CLIENT_CONFIRMATION_OK"
15569,10409881797,10409881845,1,"IOTHUB_CLIENT_CONFIRMATION_OK"
15570,10409881997,10409882051,1,"IOTHUB_CLIENT_CONFIRMATION_OK"
15571,10409882197,10409882242,1,"IOTHUB_CLIENT_CONFIRMATION_OK"
15572,10409882397,10409882446,1,"IOTHUB_CLIENT_CONFIRMATION_OK"
15573,10409882598,10409882645,1,"IOTHUB_CLIENT_CONFIRMATION_OK"
15574,10409882798,10409882847,1,"IOTHUB_CLIENT_CONFIRMATION_OK"
15575,10409882998,10409883045,1,"IOTHUB_CLIENT_CONFIRMATION_OK"
15576,10409883198,10409883243,1,"IOTHUB_CLIENT_CONFIRMATION_OK"
15577,10409883398,10409883458,1,"IOTHUB_CLIENT_CONFIRMATION_OK"
15578,10409883598,10409883661,1,"IOTHUB_CLIENT_CONFIRMATION_OK"
15579,10409883799,10409884002,1,"IOTHUB_CLIENT_CONFIRMATION_OK"
15580,10409883999,10409884038,1,"IOTHUB_CLIENT_CONFIRMATION_OK"
15581,10409884199,10409884246,1,"IOTHUB_CLIENT_CONFIRMATION_OK"
15582,10409884399,10409884451,1,"IOTHUB_CLIENT_CONFIRMATION_OK"
15583,10409884599,10409884653,1,"IOTHUB_CLIENT_CONFIRMATION_OK"
15584,10409884799,10409884837,1,"IOTHUB_CLIENT_CONFIRMATION_OK"
15585,10409884999,10409885042,1,"IOTHUB_CLIENT_CONFIRMATION_OK"
15586,10409885200,10409885242,1,"IOTHUB_CLIENT_CONFIRMATION_OK"
15587,10409885400,10409885444,1,"IOTHUB_CLIENT_CONFIRMATION_OK"
15588,10409885600,10409885697,1,"IOTHUB_CLIENT_CONFIRMATION_OK"
15589,10409885800,10409885849,1,"IOTHUB_CLIENT_CONFIRMATION_OK"
15590,10409886000,10409886040,1,"IOTHUB_CLIENT_CONFIRMATION_OK"
15591,10409886200,10409886251,1,"IOTHUB_CLIENT_CONFIRMATION_OK"
15592,10409886401,10409886444,1,"IOTHUB_CLIENT_CONFIRMATION_OK"
15593,10409886601,10409886678,1,"IOTHUB_CLIENT_CONFIRMATION_OK"
15594,10409886801,10409886849,1,"IOTHUB_CLIENT_CONFIRMATION_OK"
15595,10409887001,10409887067,1,"IOTHUB_CLIENT_CONFIRMATION_OK"
15596,10409887201,10409887349,1,"IOTHUB_CLIENT_CONFIRMATION_OK"
15597,10409887401,10409887447,1,"IOTHUB_CLIENT_CONFIRMATION_OK"
15598,10409887602,10409887658,1,"IOTHUB_CLIENT_CONFIRMATION_OK"
15599,10409887802,10409887962,1,"IOTHUB_CLIENT_CONFIRMATION_OK"
15600,10409888002,10409888046,1,"IOTHUB_CLIENT_CONFIRMATION_OK"
15601,10409888202,10409888290,1,"IOTHUB_CLIENT_CONFIRMATION_OK"
15602,10409888402,10409888625,1,"IOTHUB_CLIENT_CONFIRMATION_OK"
15603,10409888602,10409888743,1,"IOTHUB_CLIENT_CONFIRMATION_OK"
15604,10409888802,10409888917,1,"IOTHUB_CLIENT_CONFIRMATION_OK"
15605,10409889003,10409889054,1,"IOTHUB_CLIENT_CONFIRMATION_OK"
15606,10409889203,10409889257,1,"IOTHUB_CLIENT_CONFIRMATION_OK"
15607,10409889403,10409889561,1,"IOTHUB_CLIENT_CONFIRMATION_OK"
15608,10409889603,10409889655,1,"IOTHUB_CLIENT_CONFIRMATION_OK"
15609,10409889803,10409889853,1,"IOTHUB_CLIENT_CONFIRMATION_OK"
15610,10409890003,10409890139,1,"IOTHUB_CLIENT_CONFIRMATION_OK"
15611,10409890204,10409890256,1,"IOTHUB_CLIENT_CONFIRMATION_OK"
15612,10409890404,10409890441,1,"IOTHUB_CLIENT_CONFIRMATION_OK"
15613,10409890604,10409890660,1,"IOTHUB_CLIENT_CONFIRMATION_OK"
15614,10409890804,10409890854,1,"IOTHUB_CLIENT_CONFIRMATION_OK"
15615,10409891004,10409891056,1,"IOTHUB_CLIENT_CONFIRMATION_OK"
15616,10409891204,10409891244,1,"IOTHUB_CLIENT_CONFIRMATION_OK"
15617,10409891404,10409891461,1,"IOTHUB_CLIENT_CONFIRMATION_OK"
15618,10409891605,10409891814,1,"IOTHUB_CLIENT_CONFIRMATION_OK"
15619,10409891805,10409891854,1,"IOTHUB_CLIENT_CONFIRMATION_OK"
15620,10409892005,10409892066,1,"IOTHUB_CLIENT_CONFIRMATION_OK"
15621,10409892205,10409892274,1,"IOTHUB_CLIENT_CONFIRMATION_OK"
15622,10409892405,10409892450,1,"IOTHUB_CLIENT_CONFIRMATION_OK"
15623,10409892605,10409892678,1,"IOTHUB_CLIENT_CONFIRMATION_OK"
15624,10409892805,10409893004,1,"IOTHUB_CLIENT_CONFIRMATION_OK"
15625,10409893006,10409893063,1,"IOTHUB_CLIENT_CONFIRMATION_OK"
15626,10409893206,10409893261,1,"IOTHUB_CLIENT_CONFIRMATION_OK"
15627,10409893406,10409893462,1,"IOTHUB_CLIENT_CONFIRMATION_OK"
15628,10409893606,10409893690,1,"IOTHUB_CLIENT_CONFIRMATION_OK"
15629,10409893806,10409893985,1,"IOTHUB_CLIENT_CONFIRMATION_OK"
15630,10409894006,10409894078,1,"IOTHUB_CLIENT_CONFIRMATION_OK"
15631,10409894207,10409894274,1,"IOTHUB_CLIENT_CONFIRMATION_OK"
15632,10409894407,10409894460,1,"IOTHUB_CLIENT_CONFIRMATION_OK"
15633,10409894607,10409894647,1,"IOTHUB_CLIENT_CONFIRMATION_OK"
15634,10409894807,10409894900,1,"IOTHUB_CLIENT_CONFIRMATION_OK"
15635,10409895007,10409895055,1,"IOTHUB_CLIENT_CONFIRMATION_OK"
15636,10409895207,10409895257,1,"IOTHUB_CLIENT_CONFIRMATION_OK"
15637,10409895407,10409895446,1,"IOTHUB_CLIENT_CONFIRMATION_OK"
15638,10409895608,10409895811,1,"IOTHUB_CLIENT_CONFIRMATION_OK"
15639,10409895808,10409895861,1,"IOTHUB_CLIENT_CONFIRMATION_OK"
15640,10409896008,10409896252,1,"IOTHUB_CLIENT_CONFIRMATION_OK"
15641,10409896208,10409896286,1,"IOTHUB_CLIENT_CONFIRMATION_OK"
15642,10409896408,10409896458,1,"IOTHUB_CLIENT_CONFIRMATION_OK"
15643,10409896608,10409896661,1,"IOTHUB_CLIENT_CONFIRMATION_OK"
15644,10409896808,10409896850,1,"IOTHUB_CLIENT_CONFIRMATION_OK"
15645,10409897009,10409897063,1,"IOTHUB_CLIENT_CONFIRMATION_OK"
15646,10409897209,10409897249,1,"IOTHUB_CLIENT_CONFIRMATION_OK"
15647,10409897409,10409897452,1,"IOTHUB_CLIENT_CONFIRMATION_OK"
15648,10409897609,10409897683,1,"IOTHUB_CLIENT_CONFIRMATION_OK"
15649,10409897809,10409897912,1,"IOTHUB_CLIENT_CONFIRMATION_OK"
15650,10409898009,10409898072,1,"IOTHUB_CLIENT_CONFIRMATION_OK"
15651,10409898209,10409898256,1,"IOTHUB_CLIENT_CONFIRMATION_OK"
15652,10409898410,10409898489,1,"IOTHUB_CLIENT_CONFIRMATION_OK"
15653,10409898610,10409898652,1,"IOTHUB_CLIENT_CONFIRMATION_OK"
15654,10409898810,10409898872,1,"IOTHUB_CLIENT_CONFIRMATION_OK"
15655,10409899010,10409899053,1,"IOTHUB_CLIENT_CONFIRMATION_OK"
15656,10409899210,10409899253,1,"IOTHUB_CLIENT_CONFIRMATION_OK"
15657,10409899410,10409899502,1,"IOTHUB_CLIENT_CONFIRMATION_OK"
15658,10409899611,10409899671,1,"IOTHUB_CLIENT_CONFIRMATION_OK"
15659,10409899811,10409899885,1,"IOTHUB_CLIENT_CONFIRMATION_OK"
15660,10409900011,10409900113,1,"IOTHUB_CLIENT_CONFIRMATION_OK"
15661,10409900211,10409900281,1,"IOTHUB_CLIENT_CONFIRMATION_OK"
15662,10409900411,10409900466,1,"IOTHUB_CLIENT_CONFIRMATION_OK"
15663,10409900611,10409900656,1,"IOTHUB_CLIENT_CONFIRMATION_OK"
15664,10409900812,10409900862,1,"IOTHUB_CLIENT_CONFIRMATION_OK"
15665,10409901012,10409901053,1,"IOTHUB_CLIENT_CONFIRMATION_OK"
15666,10409901212,10409901279,1,"IOTHUB_CLIENT_CONFIRMATION_OK"
15667,10409901412,10409901466,1,"IOTHUB_CLIENT_CONFIRMATION_OK"
15668,10409901612,10409901738,1,"IOTHUB_CLIENT_CONFIRMATION_OK"
15669,10409901812,10409901849,1,"IOTHUB_CLIENT_CONFIRMATION_OK"
15670,10409902012,10409902066,1,"IOTHUB_CLIENT_CONFIRMATION_OK"
15671,10409902213,10409902356,1,"IOTHUB_CLIENT_CONFIRMATION_OK"
15672,10409902413,10409902460,1,"IOTHUB_CLIENT_CONFIRMATION_OK"
15673,10409902613,10409902662,1,"IOTHUB_CLIENT_CONFIRMATION_OK"
15674,10409902813,10409902851,1,"IOTHUB_CLIENT_CONFIRMATION_OK"
15675,10409903013,10409903060,1,"IOTHUB_CLIENT_CONFIRMATION_OK"
15676,10409903213,10409903270,1,"IOTHUB_CLIENT_CONFIRMATION_OK"
15677,10409903413,10409903459,1,"IOTHUB_CLIENT_CONFIRMATION_OK"
15678,10409903614,10409903664,1,"IOTHUB_CLIENT_CONFIRMATION_OK"
15679,10409903814,10409903972,1,"IOTHUB_CLIENT_CONFIRMATION_OK"
15680,10409904014,10409904080,1,"IOTHUB_CLIENT_CONFIRMATION_OK"
15681,10409904214,10409904309,1,"IOTHUB_CLIENT_CONFIRMATION_OK"
15682,10409904414,10409904470,1,"IOTHUB_CLIENT_CONFIRMATION_OK"
15683,10409904614,10409904654,1,"IOTHUB_CLIENT_CONFIRMATION_OK"
15684,10409904815,10409904865,1,"IOTHUB_CLIENT_CONFIRMATION_OK"
15685,10409905015,10409905077,1,"IOTHUB_CLIENT_CONFIRMATION_OK"
15686,10409905215,10409905261,1,"IOTHUB_CLIENT_CONFIRMATION_OK"
15687,10409905415,10409905448,1,"IOTHUB_CLIENT_CONFIRMATION_OK"
15688,10409905615,10409905699,1,"IOTHUB_CLIENT_CONFIRMATION_OK"
15689,10409905815,10409905860,1,"IOTHUB_CLIENT_CONFIRMATION_OK"
15690,10409906015,10409906059,1,"IOTHUB_CLIENT_CONFIRMATION_OK"
15691,10409906216,10409906265,1,"IOTHUB_CLIENT_CONFIRMATION_OK"
15692,10409906416,10409906463,1,"IOTHUB_CLIENT_CONFIRMATION_OK"
15693,10409906616,10409906697,1,"IOTHUB_CLIENT_CONFIRMATION_OK"
15694,10409906816,10409906867,1,"IOTHUB_CLIENT_CONFIRMATION_OK"
15695,10409907016,10409907089,1,"IOTHUB_CLIENT_CONFIRMATION_OK"
15696,10409907216,10409907316,1,"IOTHUB_CLIENT_CONFIRMATION_OK"
15697,10409907417,10409907458,1,"IOTHUB_CLIENT_CONFIRMATION_OK"
15698,10409907617,10409907658,1,"IOTHUB_CLIENT_CONFIRMATION_OK"
15699,10409907817,10409907861,1,"IOTHUB_CLIENT_CONFIRMATION_OK"
15700,10409908017,10409908061,1,"IOTHUB_CLIENT_CONFIRMATION_OK"
15701,10409908217,10409908259,1,"IOTHUB_CLIENT_CONFIRMATION_OK"
15702,10409908417,10409908459,1,"IOTHUB_CLIENT_CONFIRMATION_OK"
15703,10409908617,10409908679,1,"IOTHUB_CLIENT_CONFIRMATION_OK"
15704,10409908818,10409908953,1,"IOTHUB_CLIENT_CONFIRMATION_OK"
15705,10409909018,10409909049,1,"IOTHUB_CLIENT_CONFIRMATION_OK"
15706,10409909218,10409909281,1,"IOTHUB_CLIENT_CONFIRMATION_OK"
15707,10409909418,10409909567,1,"IOTHUB_CLIENT_CONFIRMATION_OK"
15708,10409909618,10409909662,1,"IOTHUB_CLIENT_CONFIRMATION_OK"
15709,10409909818,10409909909,1,"IOTHUB_CLIENT_CONFIRMATION_OK"
15710,10409910019,10409910060,1,"IOTHUB_CLIENT_CONFIRMATION_OK"
15711,10409910219,10409910267,1,"IOTHUB_CLIENT_CONFIRMATION_OK"
15712,10409910419,10409910459,1,"IOTHUB_CLIENT_CONFIRMATION_OK"
15713,10409910619,10409910670,1,"IOTHUB_CLIENT_CONFIRMATION_OK"
15714,10409910819,10409910863,1,"IOTHUB_CLIENT_CONFIRMATION_OK"
15715,10409911019,10409911058,1,"IOTHUB_CLIENT_CONFIRMATION_OK"
15716,10409911219,10409911265,1,"IOTHUB_CLIENT_CONFIRMATION_OK"
15717,10409911420,10409911465,1,"IOTHUB_CLIENT_CONFIRMATION_OK"
15718,10409911620,10409911841,1,"IOTHUB_CLIENT_CONFIRMATION_OK"
15719,10409911820,10409911897,1,"IOTHUB_CLIENT_CONFIRMATION_OK"
15720,10409912020,10409912086,1,"IOTHUB_CLIENT_CONFIRMATION_OK"
15721,10409912220,10409912352,1,"IOTHUB_CLIENT_CONFIRMATION_OK"
15722,10409912420,10409912495,1,"IOTHUB_CLIENT_CONFIRMATION_OK"
15723,10409912621,10409912671,1,"IOTHUB_CLIENT_CONFIRMATION_OK"
15724,10409912821,10409912873,1,"IOTHUB_CLIENT_CONFIRMATION_OK"
15725,10409913021,10409913065,1,"IOTHUB_CLIENT_CONFIRMATION_OK"
15726,10409913221,10409913262,1,"IOTHUB_CLIENT_CONFIRMATION_OK"
15727,10409913421,10409913495,1,"IOTHUB_CLIENT_CONFIRMATION_OK"
15728,10409913621,10409913675,1,"IOTHUB_CLIENT_CONFIRMATION_OK"
15729,10409913821,10409913877,1,"IOTHUB_CLIENT_CONFIRMATION_OK"
15730,10409914022,10409914074,1,"IOTHUB_CLIENT_CONFIRMATION_OK"
15731,10409914222,10409914269,1,"IOTHUB_CLIENT_CONFIRMATION_OK"
15732,10409914422,10409914460,1,"IOTHUB_CLIENT_CONFIRMATION_OK"
15733,10409914622,10409914656,1,"IOTHUB_CLIENT_CONFIRMATION_OK"
15734,10409914822,10409914856,1,"IOTHUB_CLIENT_CONFIRMATION_OK"
15735,10409915022,10409915072,1,"IOTHUB_CLIENT_CONFIRMATION_OK"
15736,10409915223,10409915259,1,"IOTHUB_CLIENT_CONFIRMATION_OK"
15737,10409915423,10409915507,1,"IOTHUB_CLIENT_CONFIRMATION_OK"
15738,10409915623,10409915684,1,"IOTHUB_CLIENT_CONFIRMATION_OK"
15739,10409915823,10409915859,1,"IOTHUB_CLIENT_CONFIRMATION_OK"
15740,10409916023,10409916095,1,"IOTHUB_CLIENT_CONFIRMATION_OK"
15741,10409916223,10409916285,1,"IOTHUB_CLIENT_CONFIRMATION_OK"
15742,10409916423,10409916457,1,"IOTHUB_CLIENT_CONFIRMATION_OK"
15743,10409916624,10409916709,1,"IOTHUB_CLIENT_CONFIRMATION_OK"
15744,10409916824,10409916887,1,"IOTHUB_CLIENT_CONFIRMATION_OK"
15745,10409917024,10409917063,1,"IOTHUB_CLIENT_CONFIRMATION_OK"
15746,10409917224,10409917326,1,"IOTHUB_CLIENT_CONFIRMATION_OK"
15747,10409917424,10409917463,1,"IOTHUB_CLIENT_CONFIRMATION_OK"
15748,10409917624,10409917688,1,"IOTHUB_CLIENT_CONFIRMATION_OK"
15749,10409917825,10409917878,1,"IOTHUB_CLIENT_CONFIRMATION_OK"
15750,10409918025,10409918081,1,"IOTHUB_CLIENT_CONFIRMATION_OK"
15751,10409918225,10409918266,1,"IOTHUB_CLIENT_CONFIRMATION_OK"
15752,10409918425,10409918473,1,"IOTHUB_CLIENT_CONFIRMATION_OK"
15753,10409918625,10409918668,1,"IOTHUB_CLIENT_CONFIRMATION_OK"
15754,10409918825,10409918924,1,"IOTHUB_CLIENT_CONFIRMATION_OK"
15755,10409919026,10409919065,1,"IOTHUB_CLIENT_CONFIRMATION_OK"
15756,10409919226,10409919268,1,"IOTHUB_CLIENT_CONFIRMATION_OK"
15757,10409919426,10409919554,1,"IOTHUB_CLIENT_CONFIRMATION_OK"
15758,10409919626,10409919679,1,"IOTHUB_CLIENT_CONFIRMATION_OK"
15759,10409919826,10409919873,1,"IOTHUB_CLIENT_CONFIRMATION_OK"
15760,10409920026,10409920072,1,"IOTHUB_CLIENT_CONFIRMATION_OK"
15761,10409920227,10409920279,1,"IOTHUB_CLIENT_CONFIRMATION_OK"
15762,10409920427,10409920471,1,"IOTHUB_CLIENT_CONFIRMATION_OK"
15763,10409920627,10409920658,1,"IOTHUB_CLIENT_CONFIRMATION_OK"
15764,10409920827,10409920878,1,"IOTHUB_CLIENT_CONFIRMATION_OK"
15765,10409921027,10409921093,1,"IOTHUB_CLIENT_CONFIRMATION_OK"
15766,10409921227,10409921312,1,"IOTHUB_CLIENT_CONFIRMATION_OK"
15767,10409921427,10409921474,1,"IOTHUB_CLIENT_CONFIRMATION_OK"
15768,10409921628,10409921677,1,"IOTHUB_CLIENT_CONFIRMATION_OK"
15769,10409921828,10409921872,1,"IOTHUB_CLIENT_CONFIRMATION_OK"
15770,10409922028,10409922070,1,"IOTHUB_CLIENT_CONFIRMATION_OK"
15771,10409922228,10409922290,1,"IOTHUB_CLIENT_CONFIRMATION_OK"
15772,10409922428,10409922474,1,"IOTHUB_CLIENT_CONFIRMATION_OK"
15773,10409922628,10409922672,1,"IOTHUB_CLIENT_CONFIRMATION_OK"
15774,10409922828,10409922876,1,"IOTHUB_CLIENT_CONFIRMATION_OK"
15775,10409923029,10409923075,1,"IOTHUB_CLIENT_CONFIRMATION_OK"
15776,10409923229,10409923265,1,"IOTHUB_CLIENT_CONFIRMATION_OK"
15777,10409923429,10409923502,1,"IOTHUB_CLIENT_CONFIRMATION_OK"
15778,10409923629,10409923686,1,"IOTHUB_CLIENT_CONFIRMATION_OK"
15779,10409923829,10409923871,1,"IOTHUB_CLIENT_CONFIRMATION_OK"
15780,10409924029,10409924088,1,"IOTHUB_CLIENT_CONFIRMATION_OK"
15781,10409924229,10409924284,1,"IOTHUB_CLIENT_CONFIRMATION_OK"
15782,10409924430,10409924508,1,"IOTHUB_CLIENT_CONFIRMATION_OK"
15783,10409924630,10409924679,1,"IOTHUB_CLIENT_CONFIRMATION_OK"
15784,10409924830,10409924864,1,"IOTHUB_CLIENT_CONFIRMATION_OK"
15785,10409925030,10409925121,1,"IOTHUB_CLIENT_CONFIRMATION_OK"
15786,10409925230,10409925266,1,"IOTHUB_CLIENT_CONFIRMATION_OK"
15787,10409925430,10409925477,1,"IOTHUB_CLIENT_CONFIRMATION_OK"
15788,10409925630,10409925722,1,"IOTHUB_CLIENT_CONFIRMATION_OK"
15789,10409925831,10409925871,1,"IOTHUB_CLIENT_CONFIRMATION_OK"
15790,10409926031,10409926073,1,"IOTHUB_CLIENT_CONFIRMATION_OK"
15791,10409926231,10409926279,1,"IOTHUB_CLIENT_CONFIRMATION_OK"
15792,10409926431,10409926568,1,"IOTHUB_CLIENT_CONFIRMATION_OK"
15793,10409926631,10409926828,1,"IOTHUB_CLIENT_CONFIRMATION_OK"
15794,10409926831,10409926873,1,"IOTHUB_CLIENT_CONFIRMATION_OK"
15795,10409927031,10409927099,1,"IOTHUB_CLIENT_CONFIRMATION_OK"
15796,10409927232,10409927321,1,"IOTHUB_CLIENT_CONFIRMATION_OK"
15797,10409927432,10409927480,1,"IOTHUB_CLIENT_CONFIRMATION_OK"
15798,10409927632,10409927671,1,"IOTHUB_CLIENT_CONFIRMATION_OK"
15799,10409927832,10409927879,1,"IOTHUB_CLIENT_CONFIRMATION_OK"
15800,10409928032,10409928085,1,"IOTHUB_CLIENT_CONFIRMATION_OK"
15801,10409928232,10409928273,1,"IOTHUB_CLIENT_CONFIRMATION_OK"
15802,10409928433,10409928486,1,"IOTHUB_CLIENT_CONFIRMATION_OK"
15803,10409928633,10409928671,1,"IOTHUB_CLIENT_CONFIRMATION_OK"
15804,10409928833,10409929032,1,"IOTHUB_CLIENT_CONFIRMATION_OK"
15805,10409929033,10409929075,1,"IOTHUB_CLIENT_CONFIRMATION_OK"
15806,10409929233,10409929290,1,"IOTHUB_CLIENT_CONFIRMATION_OK"
15807,10409929433,10409929480,1,"IOTHUB_CLIENT_CONFIRMATION_OK"
15808,10409929633,10409929671,1,"IOTHUB_CLIENT_CONFIRMATION_OK"
15809,10409929834,10409929880,1,"IOTHUB_CLIENT_CONFIRMATION_OK"
15810,10409930034,10409930110,1,"IOTHUB_CLIENT_CONFIRMATION_OK"
15811,10409930234,10409930291,1,"IOTHUB_CLIENT_CONFIRMATION_OK"
15812,10409930434,10409930478,1,"IOTHUB_CLIENT_CONFIRMATION_OK"
15813,10409930634,10409930707,1,"IOTHUB_CLIENT_CONFIRMATION_OK"
15814,10409930834,10409930885,1,"IOTHUB_CLIENT_CONFIRMATION_OK"
15815,10409931035,10409931070,1,"IOTHUB_CLIENT_CONFIRMATION_OK"
15816,10409931235,10409931279,1,"IOTHUB_CLIENT_CONFIRMATION_OK"
15817,10409931435,10409931523,1,"IOTHUB_CLIENT_CONFIRMATION_OK"
15818,10409931635,10409931701,1,"IOTHUB_CLIENT_CONFIRMATION_OK"
15819,10409931835,10409931904,1,"IOTHUB_CLIENT_CONFIRMATION_OK"
15820,10409932035,10409932074,1,"IOTHUB_CLIENT_CONFIRMATION_OK"
15821,10409932236,10409932361,1,"IOTHUB_CLIENT_CONFIRMATION_OK"
15822,10409932436,10409932566,1,"IOTHUB_CLIENT_CONFIRMATION_OK"
15823,10409932636,10409932714,1,"IOTHUB_CLIENT_CONFIRMATION_OK"
15824,10409932836,10409932941,1,"IOTHUB_CLIENT_CONFIRMATION_OK"
15825,10409933036,10409933095,1,"IOTHUB_CLIENT_CONFIRMATION_OK"
15826,10409933236,10409933310,1,"IOTHUB_CLIENT_CONFIRMATION_OK"
15827,10409933436,10409933482,1,"IOTHUB_CLIENT_CONFIRMATION_OK"
15828,10409933637,10409933717,1,"IOTHUB_CLIENT_CONFIRMATION_OK"
15829,10409933837,10409933929,1,"IOTHUB_CLIENT_CONFIRMATION_OK"
15830,10409934037,10409934072,1,"IOTHUB_CLIENT_CONFIRMATION_OK"
15831,10409934237,10409934274,1,"IOTHUB_CLIENT_CONFIRMATION_OK"
15832,10409934437,10409934550,1,"IOTHUB_CLIENT_CONFIRMATION_OK"
15833,10409934637,10409934700,1,"IOTHUB_CLIENT_CONFIRMATION_OK"
15834,10409934838,10409934882,1,"IOTHUB_CLIENT_CONFIRMATION_OK"
15835,10409935038,10409935163,1,"IOTHUB_CLIENT_CONFIRMATION_OK"
15836,10409935238,10409935294,1,"IOTHUB_CLIENT_CONFIRMATION_OK"
15837,10409935438,10409935478,1,"IOTHUB_CLIENT_CONFIRMATION_OK"
15838,10409935638,10409935685,1,"IOTHUB_CLIENT_CONFIRMATION_OK"
15839,10409935838,10409935890,1,"IOTHUB_CLIENT_CONFIRMATION_OK"
15840,10409936038,10409936099,1,"IOTHUB_CLIENT_CONFIRMATION_OK"
15841,10409936239,10409936318,1,"IOTHUB_CLIENT_CONFIRMATION_OK"
15842,10409936439,10409936499,1,"IOTHUB_CLIENT_CONFIRMATION_OK"
15843,10409936639,10409936776,1,"IOTHUB_CLIENT_CONFIRMATION_OK"
15844,10409936839,10409936904,1,"IOTHUB_CLIENT_CONFIRMATION_OK"
15845,10409937039,10409937091,1,"IOTHUB_CLIENT_CONFIRMATION_OK"
15846,10409937239,10409937392,1,"IOTHUB_CLIENT_CONFIRMATION_OK"
15847,10409937440,10409937500,1,"IOTHUB_CLIENT_CONFIRMATION_OK"
15848,10409937640,10409937703,1,"IOTHUB_CLIENT_CONFIRMATION_OK"
15849,10409937840,10409937889,1,"IOTHUB_CLIENT_CONFIRMATION_OK"
15850,10409938040,10409938183,1,"IOTHUB_CLIENT_CONFIRMATION_OK"
15851,10409938240,10409938325,1,"IOTHUB_CLIENT_CONFIRMATION_OK"
15852,10409938440,10409938488,1,"IOTHUB_CLIENT_CONFIRMATION_OK"
15853,10409938641,10409938679,1,"IOTHUB_CLIENT_CONFIRMATION_OK"
15854,10409938841,10409938991,1,"IOTHUB_CLIENT_CONFIRMATION_OK"
15855,10409939041,10409939122,1,"IOTHUB_CLIENT_CONFIRMATION_OK"
15856,10409939241,10409939289,1,"IOTHUB_CLIENT_CONFIRMATION_OK"
15857,10409939441,10409939623,1,"IOTHUB_CLIENT_CONFIRMATION_OK"
15858,10409939641,10409939702,1,"IOTHUB_CLIENT_CONFIRMATION_OK"
15859,10409939841,10409939897,1,"IOTHUB_CLIENT_CONFIRMATION_OK"
15860,10409940042,10409940081,1,"IOTHUB_CLIENT_CONFIRMATION_OK"
15861,10409940242,10409940278,1,"IOTHUB_CLIENT_CONFIRMATION_OK"
15862,10409940442,10409940474,1,"IOTHUB_CLIENT_CONFIRMATION_OK"
15863,10409940642,10409940689,1,"IOTHUB_CLIENT_CONFIRMATION_OK"
15864,10409940842,10409940896,1,"IOTHUB_CLIENT_CONFIRMATION_OK"
15865,10409941042,10409941104,1,"IOTHUB_CLIENT_CONFIRMATION_OK"
15866,10409941243,10409941280,1,"IOTHUB_CLIENT_CONFIRMATION_OK"
15867,10409941443,10409941491,1,"IOTHUB_CLIENT_CONFIRMATION_OK"
15868,10409941643,10409941685,1,"IOTHUB_CLIENT_CONFIRMATION_OK"
15869,10409941843,10409941935,1,"IOTHUB_CLIENT_CONFIRMATION_OK"
15870,10409942043,10409942086,1,"IOTHUB_CLIENT_CONFIRMATION_OK"
15871,10409942243,10409942312,1,"IOTHUB_CLIENT_CONFIRMATION_OK"
15872,10409942443,10409942572,1,"IOTHUB_CLIENT_CONFIRMATION_OK"
15873,10409942644,10409942715,1,"IOTHUB_CLIENT_CONFIRMATION_OK"
15874,10409942844,10409942912,1,"IOTHUB_CLIENT_CONFIRMATION_OK"
15875,10409943044,10409943097,1,"IOTHUB_CLIENT_CONFIRMATION_OK"
15876,10409943244,10409943281,1,"IOTHUB_CLIENT_CONFIRMATION_OK"
15877,10409943444,10409943551,1,"IOTHUB_CLIENT_CONFIRMATION_OK"
15878,10409943644,10409943688,1,"IOTHUB_CLIENT_CONFIRMATION_OK"
15879,10409943845,10409943941,1,"IOTHUB_CLIENT_CONFIRMATION_OK"
15880,10409944045,10409944107,1,"IOTHUB_CLIENT_CONFIRMATION_OK"
15881,10409944245,10409944296,1,"IOTHUB_CLIENT_CONFIRMATION_OK"
15882,10409944445,10409944561,1,"IOTHUB_CLIENT_CONFIRMATION_OK"
15883,10409944645,10409944722,1,"IOTHUB_CLIENT_CONFIRMATION_OK"
15884,10409944845,10409944898,1,"IOTHUB_CLIENT_CONFIRMATION_OK"
15885,10409945045,10409945168,1,"IOTHUB_CLIENT_CONFIRMATION_OK"
15886,10409945246,10409945299,1,"IOTHUB_CLIENT_CONFIRMATION_OK"
15887,10409945446,10409945481,1,"IOTHUB_CLIENT_CONFIRMATION_OK"
15888,10409945646,10409945699,1,"IOTHUB_CLIENT_CONFIRMATION_OK"
15889,10409945846,10409945905,1,"IOTHUB_CLIENT_CONFIRMATION_OK"
15890,10409946046,10409946088,1,"IOTHUB_CLIENT_CONFIRMATION_OK"
15891,10409946246,10409946301,1,"IOTHUB_CLIENT_CONFIRMATION_OK"
15892,10409946447,10409946481,1,"IOTHUB_CLIENT_CONFIRMATION_OK"
15893,10409946647,10409946868,1,"IOTHUB_CLIENT_CONFIRMATION_OK"
15894,10409946847,10409946915,1,"IOTHUB_CLIENT_CONFIRMATION_OK"
15895,10409947047,10409947092,1,"IOTHUB_CLIENT_CONFIRMATION_OK"
15896,10409947247,10409947394,1,"IOTHUB_CLIENT_CONFIRMATION_OK"
15897,10409947447,10409947483,1,"IOTHUB_CLIENT_CONFIRMATION_OK"
15898,10409947647,10409947691,1,"IOTHUB_CLIENT_CONFIRMATION_OK"
15899,10409947848,10409947890,1,"IOTHUB_CLIENT_CONFIRMATION_OK"
15900,10409948048,10409948086,1,"IOTHUB_CLIENT_CONFIRMATION_OK"
15901,10409948248,10409948285,1,"IOTHUB_CLIENT_CONFIRMATION_OK"
15902,10409948448,10409948516,1,"IOTHUB_CLIENT_CONFIRMATION_OK"
15903,10409948648,10409948696,1,"IOTHUB_CLIENT_CONFIRMATION_OK"
15904,10409948848,10409949040,1,"IOTHUB_CLIENT_CONFIRMATION_OK"
15905,10409949048,10409949101,1,"IOTHUB_CLIENT_CONFIRMATION_OK"
15906,10409949249,10409949354,1,"IOTHUB_CLIENT_CONFIRMATION_OK"
15907,10409949449,10409949520,1,"IOTHUB_CLIENT_CONFIRMATION_OK"
15908,10409949649,10409949702,1,"IOTHUB_CLIENT_CONFIRMATION_OK"
15909,10409949849,10409949895,1,"IOTHUB_CLIENT_CONFIRMATION_OK"
15910,10409950049,10409950090,1,"IOTHUB_CLIENT_CONFIRMATION_OK"
15911,10409950249,10409950300,1,"IOTHUB_CLIENT_CONFIRMATION_OK"
15912,10409950450,10409950495,1,"IOTHUB_CLIENT_CONFIRMATION_OK"
15913,10409950650,10409950701,1,"IOTHUB_CLIENT_CONFIRMATION_OK"
15914,10409950850,10409950888,1,"IOTHUB_CLIENT_CONFIRMATION_OK"
15915,10409951050,10409951095,1,"IOTHUB_CLIENT_CONFIRMATION_OK"
15916,10409951250,10409951299,1,"IOTHUB_CLIENT_CONFIRMATION_OK"
15917,10409951450,10409951501,1,"IOTHUB_CLIENT_CONFIRMATION_OK"
15918,10409951650,10409951694,1,"IOTHUB_CLIENT_CONFIRMATION_OK"
15919,10409951851,10409951908,1,"IOTHUB_CLIENT_CONFIRMATION_OK"
15920,10409952051,10409952097,1,"IOTHUB_CLIENT_CONFIRMATION_OK"
15921,10409952251,10409952306,1,"IOTHUB_CLIENT_CONFIRMATION_OK"
15922,10409952451,10409952510,1,"IOTHUB_CLIENT_CONFIRMATION_OK"
15923,10409952651,10409952695,1,"IOTHUB_CLIENT_CONFIRMATION_OK"
15924,10409952851,10409952941,1,"IOTHUB_CLIENT_CONFIRMATION_OK"
15925,10409953051,10409953115,1,"IOTHUB_CLIENT_CONFIRMATION_OK"
15926,10409953252,10409953325,1,"IOTHUB_CLIENT_CONFIRMATION_OK"
15927,10409953452,10409953513,1,"IOTHUB_CLIENT_CONFIRMATION_OK"
15928,10409953652,10409953796,1,"IOTHUB_CLIENT_CONFIRMATION_OK"
15929,10409953852,10409953926,1,"IOTHUB_CLIENT_CONFIRMATION_OK"
15930,10409954052,10409954116,1,"IOTHUB_CLIENT_CONFIRMATION_OK"
15931,10409954252,10409954292,1,"IOTHUB_CLIENT_CONFIRMATION_OK"
15932,10409954453,10409954569,1,"IOTHUB_CLIENT_CONFIRMATION_OK"
15933,10409954653,10409954714,1,"IOTHUB_CLIENT_CONFIRMATION_OK"
15934,10409954853,10409954901,1,"IOTHUB_CLIENT_CONFIRMATION_OK"
15935,10409955053,10409955184,1,"IOTHUB_CLIENT_CONFIRMATION_OK"
15936,10409955253,10409955298,1,"IOTHUB_CLIENT_CONFIRMATION_OK"
15937,10409955453,10409955493,1,"IOTHUB_CLIENT_CONFIRMATION_OK"
15938,10409955654,10409955695,1,"IOTHUB_CLIENT_CONFIRMATION_OK"
15939,10409955854,10409955911,1,"IOTHUB_CLIENT_CONFIRMATION_OK"
15940,10409956054,10409956104,1,"IOTHUB_CLIENT_CONFIRMATION_OK"
15941,10409956254,10409956304,1,"IOTHUB_CLIENT_CONFIRMATION_OK"
15942,10409956454,10409956504,1,"IOTHUB_CLIENT_CONFIRMATION_OK"
15943,10409956654,10409956833,1,"IOTHUB_CLIENT_CONFIRMATION_OK"
15944,10409956854,10409956905,1,"IOTHUB_CLIENT_CONFIRMATION_OK"
15945,10409957055,10409957096,1,"IOTHUB_CLIENT_CONFIRMATION_OK"
15946,10409957255,10409957294,1,"IOTHUB_CLIENT_CONFIRMATION_OK"
15947,10409957455,10409957503,1,"IOTHUB_CLIENT_CONFIRMATION_OK"
15948,10409957655,10409957698,1,"IOTHUB_CLIENT_CONFIRMATION_OK"
15949,10409957855,10409957911,1,"IOTHUB_CLIENT_CONFIRMATION_OK"
15950,10409958055,10409958106,1,"IOTHUB_CLIENT_CONFIRMATION_OK"
15951,10409958256,10409958315,1,"IOTHUB_CLIENT_CONFIRMATION_OK"
15952,10409958456,10409958526,1,"IOTHUB_CLIENT_CONFIRMATION_OK"
15953,10409958656,10409958735,1,"IOTHUB_CLIENT_CONFIRMATION_OK"
15954,10409958856,10409958936,1,"IOTHUB_CLIENT_CONFIRMATION_OK"
15955,10409959056,10409959097,1,"IOTHUB_CLIENT_CONFIRMATION_OK"
15956,10409959256,10409959311,1,"IOTHUB_CLIENT_CONFIRMATION_OK"
15957,10409959457,10409959550,1,"IOTHUB_CLIENT_CONFIRMATION_OK"
15958,10409959657,10409959696,1,"IOTHUB_CLIENT_CONFIRMATION_OK"
15959,10409959857,10409959898,1,"IOTHUB_CLIENT_CONFIRMATION_OK"
15960,10409960057,10409960158,1,"IOTHUB_CLIENT_CONFIRMATION_OK"
15961,10409960257,10409960304,1,"IOTHUB_CLIENT_CONFIRMATION_OK"
15962,10409960457,10409960498,1,"IOTHUB_CLIENT_CONFIRMATION_OK"
15963,10409960657,10409960704,1,"IOTHUB_CLIENT_CONFIRMATION_OK"
15964,10409960858,10409960898,1,"IOTHUB_CLIENT_CONFIRMATION_OK"
15965,10409961058,10409961116,1,"IOTHUB_CLIENT_CONFIRMATION_OK"
15966,10409961258,10409961297,1,"IOTHUB_CLIENT_CONFIRMATION_OK"
15967,10409961458,10409961530,1,"IOTHUB_CLIENT_CONFIRMATION_OK"
15968,10409961658,10409961798,1,"IOTHUB_CLIENT_CONFIRMATION_OK"
15969,10409961858,10409961909,1,"IOTHUB_CLIENT_CONFIRMATION_OK"
15970,10409962059,10409962092,1,"IOTHUB_CLIENT_CONFIRMATION_OK"
15971,10409962259,10409962408,1,"IOTHUB_CLIENT_CONFIRMATION_OK"
15972,10409962459,10409962504,1,"IOTHUB_CLIENT_CONFIRMATION_OK"
15973,10409962659,10409962724,1,"IOTHUB_CLIENT_CONFIRMATION_OK"
15974,10409962859,10409962925,1,"IOTHUB_CLIENT_CONFIRMATION_OK"
15975,10409963059,10409963112,1,"IOTHUB_CLIENT_CONFIRMATION_OK"
15976,10409963259,10409963324,1,"IOTHUB_CLIENT_CONFIRMATION_OK"
15977,10409963460,10409963510,1,"IOTHUB_CLIENT_CONFIRMATION_OK"
15978,10409963660,10409963705,1,"IOTHUB_CLIENT_CONFIRMATION_OK"
15979,10409963860,10409964083,1,"IOTHUB_CLIENT_CONFIRMATION_OK"
15980,10409964060,10409964127,1,"IOTHUB_CLIENT_CONFIRMATION_OK"
15981,10409964260,10409964320,1,"IOTHUB_CLIENT_CONFIRMATION_OK"
15982,10409964460,10409964521,1,"IOTHUB_CLIENT_CONFIRMATION_OK"
15983,10409964661,10409964701,1,"IOTHUB_CLIENT_CONFIRMATION_OK"
15984,10409964861,10409964911,1,"IOTHUB_CLIENT_CONFIRMATION_OK"
15985,10409965061,10409965123,1,"IOTHUB_CLIENT_CONFIRMATION_OK"
15986,10409965261,10409965307,1,"IOTHUB_CLIENT_CONFIRMATION_OK"
15987,10409965461,10409965503,1,"IOTHUB_CLIENT_CONFIRMATION_OK"
15988,10409965661,10409965784,1,"IOTHUB_CLIENT_CONFIRMATION_OK"
15989,10409965861,10409965919,1,"IOTHUB_CLIENT_CONFIRMATION_OK"
15990,10409966062,10409966113,1,"IOTHUB_CLIENT_CONFIRMATION_OK"
15991,10409966262,10409966306,1,"IOTHUB_CLIENT_CONFIRMATION_OK"
15992,10409966462,10409966520,1,"IOTHUB_CLIENT_CONFIRMATION_OK"
15993,10409966662,10409966759,1,"IOTHUB_CLIENT_CONFIRMATION_OK"
15994,10409966862,10409966906,1,"IOTHUB_CLIENT_CONFIRMATION_OK"
15995,10409967062,10409967101,1,"IOTHUB_CLIENT_CONFIRMATION_OK"
15996,10409967262,10409967399,1,"IOTHUB_CLIENT_CONFIRMATION_OK"
15997,10409967463,10409967521,1,"IOTHUB_CLIENT_CONFIRMATION_OK"
15998,10409967663,10409967714,1,"IOTHUB_CLIENT_CONFIRMATION_OK"
15999,10409967863,10409967932,1,"IOTHUB_CLIENT_CONFIRMATION_OK"
16000,10409968063,10409968107,1,"IOTHUB_CLIENT_CONFIRMATION_OK"
16001,10409968263,10409968300,1,"IOTHUB_CLIENT_CONFIRMATION_OK"
16002,10409968463,10409968556,1,"IOTHUB_CLIENT_CONFIRMATION_OK"
16003,10409968664,10409968698,1,"IOTHUB_CLIENT_CONFIRMATION_OK"
16004,10409968864,10409969052,1,"IOTHUB_CLIENT_CONFIRMATION_OK"
16005,10409969064,10409969107,1,"IOTHUB_CLIENT_CONFIRMATION_OK"
16006,10409969264,10409969321,1,"IOTHUB_CLIENT_CONFIRMATION_OK"
16007,10409969464,10409969507,1,"IOTHUB_CLIENT_CONFIRMATION_OK"
16008,10409969664,10409969720,1,"IOTHUB_CLIENT_CONFIRMATION_OK"
16009,10409969864,10409969926,1,"IOTHUB_CLIENT_CONFIRMATION_OK"
16010,10409970065,10409970125,1,"IOTHUB_CLIENT_CONFIRMATION_OK"
16011,10409970265,10409970330,1,"IOTHUB_CLIENT_CONFIRMATION_OK"
16012,10409970465,10409970506,1,"IOTHUB_CLIENT_CONFIRMATION_OK"
16013,10409970665,10409970716,1,"IOTHUB_CLIENT_CONFIRMATION_OK"
16014,10409970865,10409970911,1,"IOTHUB_CLIENT_CONFIRMATION_OK"
16015,10409971065,10409971111,1,"IOTHUB_CLIENT_CONFIRMATION_OK"
16016,10409971266,10409971348,1,"IOTHUB_CLIENT_CONFIRMATION_OK"
16017,10409971466,10409971513,1,"IOTHUB_CLIENT_CONFIRMATION_OK"
16018,10409971666,10409971731,1,"IOTHUB_CLIENT_CONFIRMATION_OK"
16019,10409971866,10409971912,1,"IOTHUB_CLIENT_CONFIRMATION_OK"
16020,10409972066,10409972099,1,"IOTHUB_CLIENT_CONFIRMATION_OK"
16021,10409972266,10409972364,1,"IOTHUB_CLIENT_CONFIRMATION_OK"
16022,10409972466,10409972524,1,"IOTHUB_CLIENT_CONFIRMATION_OK"
16023,10409972666,10409972743,1,"IOTHUB_CLIENT_CONFIRMATION_OK"
16024,10409972867,10409972969,1,"IOTHUB_CLIENT_CONFIRMATION_OK"
16025,10409973067,10409973116,1,"IOTHUB_CLIENT_CONFIRMATION_OK"
16026,10409973267,10409973334,1,"IOTHUB_CLIENT_CONFIRMATION_OK"
16027,10409973467,10409973555,1,"IOTHUB_CLIENT_CONFIRMATION_OK"
16028,10409973667,10409973714,1,"IOTHUB_CLIENT_CONFIRMATION_OK"
16029,10409973867,10409973970,1,"IOTHUB_CLIENT_CONFIRMATION_OK"
16030,10409974068,10409974106,1,"IOTHUB_CLIENT_CONFIRMATION_OK"
16031,10409974268,10409974322,1,"IOTHUB_CLIENT_CONFIRMATION_OK"
16032,10409974468,10409974596,1,"IOTHUB_CLIENT_CONFIRMATION_OK"
16033,10409974668,10409974703,1,"IOTHUB_CLIENT_CONFIRMATION_OK"
16034,10409974868,10409974908,1,"IOTHUB_CLIENT_CONFIRMATION_OK"
16035,10409975068,10409975222,1,"IOTHUB_CLIENT_CONFIRMATION_OK"
16036,10409975268,10409975313,1,"IOTHUB_CLIENT_CONFIRMATION_OK"
16037,10409975469,10409975511,1,"IOTHUB_CLIENT_CONFIRMATION_OK"
16038,10409975669,10409975715,1,"IOTHUB_CLIENT_CONFIRMATION_OK"
16039,10409975869,10409975928,1,"IOTHUB_CLIENT_CONFIRMATION_OK"
16040,10409976069,10409976111,1,"IOTHUB_CLIENT_CONFIRMATION_OK"
16041,10409976269,10409976334,1,"IOTHUB_CLIENT_CONFIRMATION_OK"
16042,10409976469,10409976509,1,"IOTHUB_CLIENT_CONFIRMATION_OK"
16043,10409976670,10409976896,1,"IOTHUB_CLIENT_CONFIRMATION_OK"
16044,10409976870,10409976930,1,"IOTHUB_CLIENT_CONFIRMATION_OK"
16045,10409977070,10409977130,1,"IOTHUB_CLIENT_CONFIRMATION_OK"
16046,10409977270,10409977314,1,"IOTHUB_CLIENT_CONFIRMATION_OK"
16047,10409977470,10409977521,1,"IOTHUB_CLIENT_CONFIRMATION_OK"
16048,10409977670,10409977719,1,"IOTHUB_CLIENT_CONFIRMATION_OK"
16049,10409977870,10409977937,1,"IOTHUB_CLIENT_CONFIRMATION_OK"
16050,10409978071,10409978122,1,"IOTHUB_CLIENT_CONFIRMATION_OK"
16051,10409978271,10409978488,1,"IOTHUB_CLIENT_CONFIRMATION_OK"
16052,10409978471,10409978533,1,"IOTHUB_CLIENT_CONFIRMATION_OK"
16053,10409978671,10409978723,1,"IOTHUB_CLIENT_CONFIRMATION_OK"
16054,10409978871,10409979077,1,"IOTHUB_CLIENT_CONFIRMATION_OK"
16055,10409979071,10409979114,1,"IOTHUB_CLIENT_CONFIRMATION_OK"
16056,10409979272,10409979329,1,"IOTHUB_CLIENT_CONFIRMATION_OK"
16057,10409979472,10409979526,1,"IOTHUB_CLIENT_CONFIRMATION_OK"
16058,10409979672,10409979729,1,"IOTHUB_CLIENT_CONFIRMATION_OK"
16059,10409979872,10409979952,1,"IOTHUB_CLIENT_CONFIRMATION_OK"
16060,10409980072,10409980128,1,"IOTHUB_CLIENT_CONFIRMATION_OK"
16061,10409980272,10409980307,1,"IOTHUB_CLIENT_CONFIRMATION_OK"
16062,10409980472,10409980521,1,"IOTHUB_CLIENT_CONFIRMATION_OK"
16063,10409980673,10409980747,1,"IOTHUB_CLIENT_CONFIRMATION_OK"
16064,10409980873,10409980919,1,"IOTHUB_CLIENT_CONFIRMATION_OK"
16065,10409981073,10409981128,1,"IOTHUB_CLIENT_CONFIRMATION_OK"
16066,10409981273,10409981318,1,"IOTHUB_CLIENT_CONFIRMATION_OK"
16067,10409981473,10409981521,1,"IOTHUB_CLIENT_CONFIRMATION_OK"
16068,10409981673,10409981775,1,"IOTHUB_CLIENT_CONFIRMATION_OK"
16069,10409981874,10409981921,1,"IOTHUB_CLIENT_CONFIRMATION_OK"
16070,10409982074,10409982118,1,"IOTHUB_CLIENT_CONFIRMATION_OK"
16071,10409982274,10409982366,1,"IOTHUB_CLIENT_CONFIRMATION_OK"
16072,10409982474,10409982524,1,"IOTHUB_CLIENT_CONFIRMATION_OK"
16073,10409982674,10409982708,1,"IOTHUB_CLIENT_CONFIRMATION_OK"
16074,10409982874,10409982974,1,"IOTHUB_CLIENT_CONFIRMATION_OK"
16075,10409983074,10409983136,1,"IOTHUB_CLIENT_CONFIRMATION_OK"
16076,10409983275,10409983333,1,"IOTHUB_CLIENT_CONFIRMATION_OK"
16077,10409983475,10409983523,1,"IOTHUB_CLIENT_CONFIRMATION_OK"
16078,10409983675,10409983747,1,"IOTHUB_CLIENT_CONFIRMATION_OK"
16079,10409983875,10409984001,1,"IOTHUB_CLIENT_CONFIRMATION_OK"
16080,10409984075,10409984118,1,"IOTHUB_CLIENT_CONFIRMATION_OK"
16081,10409984275,10409984342,1,"IOTHUB_CLIENT_CONFIRMATION_OK"
16082,10409984476,10409984602,1,"IOTHUB_CLIENT_CONFIRMATION_OK"
16083,10409984676,10409984731,1,"IOTHUB_CLIENT_CONFIRMATION_OK"
16084,10409984876,10409984917,1,"IOTHUB_CLIENT_CONFIRMATION_OK"
16085,10409985076,10409985131,1,"IOTHUB_CLIENT_CONFIRMATION_OK"
16086,10409985276,10409985334,1,"IOTHUB_CLIENT_CONFIRMATION_OK"
16087,10409985476,10409985523,1,"IOTHUB_CLIENT_CONFIRMATION_OK"
16088,10409985677,10409985722,1,"IOTHUB_CLIENT_CONFIRMATION_OK"
16089,10409985877,10409985939,1,"IOTHUB_CLIENT_CONFIRMATION_OK"
16090,10409986077,10409986119,1,"IOTHUB_CLIENT_CONFIRMATION_OK"
16091,10409986277,10409986343,1,"IOTHUB_CLIENT_CONFIRMATION_OK"
16092,10409986477,10409986536,1,"IOTHUB_CLIENT_CONFIRMATION_OK"
16093,10409986677,10409986915,1,"IOTHUB_CLIENT_CONFIRMATION_OK"
16094,10409986877,10409986981,1,"IOTHUB_CLIENT_CONFIRMATION_OK"
16095,10409987077,10409987144,1,"IOTHUB_CLIENT_CONFIRMATION_OK"
16096,10409987278,10409987349,1,"IOTHUB_CLIENT_CONFIRMATION_OK"
16097,10409987478,10409987524,1,"IOTHUB_CLIENT_CONFIRMATION_OK"
16098,10409987678,10409987738,1,"IOTHUB_CLIENT_CONFIRMATION_OK"
16099,10409987878,10409987929,1,"IOTHUB_CLIENT_CONFIRMATION_OK"
16100,10409988078,10409988120,1,"IOTHUB_CLIENT_CONFIRMATION_OK"
16101,10409988278,10409988319,1,"IOTHUB_CLIENT_CONFIRMATION_OK"
16102,10409988479,10409988525,1,"IOTHUB_CLIENT_CONFIRMATION_OK"
16103,10409988679,10409988721,1,"IOTHUB_CLIENT_CONFIRMATION_OK"
16104,10409988879,10409989064,1,"IOTHUB_CLIENT_CONFIRMATION_OK"
16105,10409989079,10409989117,1,"IOTHUB_CLIENT_CONFIRMATION_OK"
16106,10409989279,10409989324,1,"IOTHUB_CLIENT_CONFIRMATION_OK"
16107,10409989479,10409989534,1,"IOTHUB_CLIENT_CONFIRMATION_OK"
16108,10409989680,10409989737,1,"IOTHUB_CLIENT_CONFIRMATION_OK"
16109,10409989880,10409989937,1,"IOTHUB_CLIENT_CONFIRMATION_OK"
16110,10409990080,10409990136,1,"IOTHUB_CLIENT_CONFIRMATION_OK"
16111,10409990280,10409990339,1,"IOTHUB_CLIENT_CONFIRMATION_OK"
16112,10409990480,10409990528,1,"IOTHUB_CLIENT_CONFIRMATION_OK"
16113,10409990680,10409990736,1,"IOTHUB_CLIENT_CONFIRMATION_OK"
16114,10409990881,10409990958,1,"IOTHUB_CLIENT_CONFIRMATION_OK"
16115,10409991081,10409991114,1,"IOTHUB_CLIENT_CONFIRMATION_OK"
16116,10409991281,10409991341,1,"IOTHUB_CLIENT_CONFIRMATION_OK"
16117,10409991481,10409991535,1,"IOTHUB_CLIENT_CONFIRMATION_OK"
16118,10409991681,10409991739,1,"IOTHUB_CLIENT_CONFIRMATION_OK"
16119,10409991881,10409991979,1,"IOTHUB_CLIENT_CONFIRMATION_OK"
16120,10409992081,10409992145,1,"IOTHUB_CLIENT_CONFIRMATION_OK"
16121,10409992282,10409992357,1,"IOTHUB_CLIENT_CONFIRMATION_OK"
16122,10409992482,10409992525,1,"IOTHUB_CLIENT_CONFIRMATION_OK"
16123,10409992682,10409992719,1,"IOTHUB_CLIENT_CONFIRMATION_OK"
16124,10409992882,10409992981,1,"IOTHUB_CLIENT_CONFIRMATION_OK"
16125,10409993082,10409993120,1,"IOTHUB_CLIENT_CONFIRMATION_OK"
16126,10409993282,10409993322,1,"IOTHUB_CLIENT_CONFIRMATION_OK"
16127,10409993483,10409993524,1,"IOTHUB_CLIENT_CONFIRMATION_OK"
16128,10409993683,10409993744,1,"IOTHUB_CLIENT_CONFIRMATION_OK"
16129,10409993883,10409993998,1,"IOTHUB_CLIENT_CONFIRMATION_OK"
16130,10409994083,10409994140,1,"IOTHUB_CLIENT_CONFIRMATION_OK"
16131,10409994283,10409994400,1,"IOTHUB_CLIENT_CONFIRMATION_OK"
16132,10409994483,10409994631,1,"IOTHUB_CLIENT_CONFIRMATION_OK"
16133,10409994683,10409994749,1,"IOTHUB_CLIENT_CONFIRMATION_OK"
16134,10409994884,10409994926,1,"IOTHUB_CLIENT_CONFIRMATION_OK"
16135,10409995084,10409995151,1,"IOTHUB_CLIENT_CONFIRMATION_OK"
16136,10409995284,10409995362,1,"IOTHUB_CLIENT_CONFIRMATION_OK"
16137,10409995484,10409995533,1,"IOTHUB_CLIENT_CONFIRMATION_OK"
16138,10409995684,10409995732,1,"IOTHUB_CLIENT_CONFIRMATION_OK"
16139,10409995884,10409995927,1,"IOTHUB_CLIENT_CONFIRMATION_OK"
16140,10409996084,10409996135,1,"IOTHUB_CLIENT_CONFIRMATION_OK"
16141,10409996285,10409996343,1,"IOTHUB_CLIENT_CONFIRMATION_OK"
16142,10409996485,10409996523,1,"IOTHUB_CLIENT_CONFIRMATION_OK"
16143,10409996685,10409996728,1,"IOTHUB_CLIENT_CONFIRMATION_OK"
16144,10409996885,10409996931,1,"IOTHUB_CLIENT_CONFIRMATION_OK"
16145,10409997085,10409997137,1,"IOTHUB_CLIENT_CONFIRMATION_OK"
16146,10409997285,10409997339,1,"IOTHUB_CLIENT_CONFIRMATION_OK"
16147,10409997486,10409997536,1,"IOTHUB_CLIENT_CONFIRMATION_OK"
16148,10409997686,10409997736,1,"IOTHUB_CLIENT_CONFIRMATION_OK"
16149,10409997886,10409997922,1,"IOTHUB_CLIENT_CONFIRMATION_OK"
16150,10409998086,10409998144,1,"IOTHUB_CLIENT_CONFIRMATION_OK"
16151,10409998286,10409998331,1,"IOTHUB_CLIENT_CONFIRMATION_OK"
16152,10409998486,10409998558,1,"IOTHUB_CLIENT_CONFIRMATION_OK"
16153,10409998686,10409998727,1,"IOTHUB_CLIENT_CONFIRMATION_OK"
16154,10409998887,10409998944,1,"IOTHUB_CLIENT_CONFIRMATION_OK"
16155,10409999087,10409999126,1,"IOTHUB_CLIENT_CONFIRMATION_OK"
16156,10409999287,10409999332,1,"IOTHUB_CLIENT_CONFIRMATION_OK"
16157,10409999487,10409999560,1,"IOTHUB_CLIENT_CONFIRMATION_OK"
16158,10409999687,10409999734,1,"IOTHUB_CLIENT_CONFIRMATION_OK"
16159,10409999887,10409999953,1,"IOTHUB_CLIENT_CONFIRMATION_OK"
16160,10410000088,10410000170,1,"IOTHUB_CLIENT_CONFIRMATION_OK"
16161,10410000288,10410000322,1,"IOTHUB_CLIENT_CONFIRMATION_OK"
16162,10410000488,10410000531,1,"IOTHUB_CLIENT_CONFIRMATION_OK"
16163,10410000688,10410000733,1,"IOTHUB_CLIENT_CONFIRMATION_OK"
16164,10410000888,10410000949,1,"IOTHUB_CLIENT_CONFIRMATION_OK"
16165,10410001088,10410001138,1,"IOTHUB_CLIENT_CONFIRMATION_OK"
16166,10410001289,10410001330,1,"IOTHUB_CLIENT_CONFIRMATION_OK"
16167,10410001489,10410001535,1,"IOTHUB_CLIENT_CONFIRMATION_OK"
16168,10410001689,10410001807,1,"IOTHUB_CLIENT_CONFIRMATION_OK"
16169,10410001889,10410001930,1,"IOTHUB_CLIENT_CONFIRMATION_OK"
16170,10410002089,10410002138,1,"IOTHUB_CLIENT_CONFIRMATION_OK"
16171,10410002289,10410002415,1,"IOTHUB_CLIENT_CONFIRMATION_OK"
16172,10410002490,10410002549,1,"IOTHUB_CLIENT_CONFIRMATION_OK"
16173,10410002690,10410002743,1,"IOTHUB_CLIENT_CONFIRMATION_OK"
16174,10410002890,10410002959,1,"IOTHUB_CLIENT_CONFIRMATION_OK"
16175,10410003090,10410003174,1,"IOTHUB_CLIENT_CONFIRMATION_OK"
16176,10410003290,10410003333,1,"IOTHUB_CLIENT_CONFIRMATION_OK"
16177,10410003490,10410003571,1,"IOTHUB_CLIENT_CONFIRMATION_OK"
16178,10410003690,10410003733,1,"IOTHUB_CLIENT_CONFIRMATION_OK"
16179,10410003891,10410004031,1,"IOTHUB_CLIENT_CONFIRMATION_OK"
16180,10410004091,10410004157,1,"IOTHUB_CLIENT_CONFIRMATION_OK"
16181,10410004291,10410004469,1,"IOTHUB_CLIENT_CONFIRMATION_OK"
16182,10410004491,10410004717,1,"IOTHUB_CLIENT_CONFIRMATION_OK"
16183,10410004691,10410004804,1,"IOTHUB_CLIENT_CONFIRMATION_OK"
16184,10410004891,10410004934,1,"IOTHUB_CLIENT_CONFIRMATION_OK"
16185,10410005092,10410005171,1,"IOTHUB_CLIENT_CONFIRMATION_OK"
16186,10410005292,10410005351,1,"IOTHUB_CLIENT_CONFIRMATION_OK"
16187,10410005492,10410005537,1,"IOTHUB_CLIENT_CONFIRMATION_OK"
16188,10410005692,10410005767,1,"IOTHUB_CLIENT_CONFIRMATION_OK"
16189,10410005892,10410005930,1,"IOTHUB_CLIENT_CONFIRMATION_OK"
16190,10410006092,10410006124,1,"IOTHUB_CLIENT_CONFIRMATION_OK"
16191,10410006292,10410006351,1,"IOTHUB_CLIENT_CONFIRMATION_OK"
16192,10410006493,10410006547,1,"IOTHUB_CLIENT_CONFIRMATION_OK"
16193,10410006693,10410006739,1,"IOTHUB_CLIENT_CONFIRMATION_OK"
16194,10410006893,10410006936,1,"IOTHUB_CLIENT_CONFIRMATION_OK"
16195,10410007093,10410007150,1,"IOTHUB_CLIENT_CONFIRMATION_OK"
16196,10410007293,10410007348,1,"IOTHUB_CLIENT_CONFIRMATION_OK"
16197,10410007493,10410007544,1,"IOTHUB_CLIENT_CONFIRMATION_OK"
16198,10410007694,10410007739,1,"IOTHUB_CLIENT_CONFIRMATION_OK"
16199,10410007894,10410007965,1,"IOTHUB_CLIENT_CONFIRMATION_OK"
16200,10410008094,10410008154,1,"IOTHUB_CLIENT_CONFIRMATION_OK"
16201,10410008294,10410008334,1,"IOTHUB_CLIENT_CONFIRMATION_OK"
16202,10410008494,10410008528,1,"IOTHUB_CLIENT_CONFIRMATION_OK"
16203,10410008694,10410008744,1,"IOTHUB_CLIENT_CONFIRMATION_OK"
16204,10410008895,10410008973,1,"IOTHUB_CLIENT_CONFIRMATION_OK"
16205,10410009095,10410009131,1,"IOTHUB_CLIENT_CONFIRMATION_OK"
16206,10410009295,10410009365,1,"IOTHUB_CLIENT_CONFIRMATION_OK"
16207,10410009495,10410009584,1,"IOTHUB_CLIENT_CONFIRMATION_OK"
16208,10410009695,10410009727,1,"IOTHUB_CLIENT_CONFIRMATION_OK"
16209,10410009895,10410009958,1,"IOTHUB_CLIENT_CONFIRMATION_OK"
16210,10410010095,10410010195,1,"IOTHUB_CLIENT_CONFIRMATION_OK"
16211,10410010296,10410010370,1,"IOTHUB_CLIENT_CONFIRMATION_OK"
16212,10410010496,10410010538,1,"IOTHUB_CLIENT_CONFIRMATION_OK"
16213,10410010696,10410010732,1,"IOTHUB_CLIENT_CONFIRMATION_OK"
16214,10410010896,10410010931,1,"IOTHUB_CLIENT_CONFIRMATION_OK"
16215,10410011096,10410011136,1,"IOTHUB_CLIENT_CONFIRMATION_OK"
16216,10410011296,10410011341,1,"IOTHUB_CLIENT_CONFIRMATION_OK"
16217,10410011497,10410011548,1,"IOTHUB_CLIENT_CONFIRMATION_OK"
16218,10410011697,10410011828,1,"IOTHUB_CLIENT_CONFIRMATION_OK"
16219,10410011897,10410011947,1,"IOTHUB_CLIENT_CONFIRMATION_OK"
16220,10410012097,10410012150,1,"IOTHUB_CLIENT_CONFIRMATION_OK"
16221,10410012297,10410012433,1,"IOTHUB_CLIENT_CONFIRMATION_OK"
16222,10410012497,10410012537,1,"IOTHUB_CLIENT_CONFIRMATION_OK"
16223,10410012697,10410012732,1,"IOTHUB_CLIENT_CONFIRMATION_OK"
16224,10410012898,10410012953,1,"IOTHUB_CLIENT_CONFIRMATION_OK"
16225,10410013098,10410013163,1,"IOTHUB_CLIENT_CONFIRMATION_OK"
16226,10410013298,10410013402,1,"IOTHUB_CLIENT_CONFIRMATION_OK"
16227,10410013498,10410013571,1,"IOTHUB_CLIENT_CONFIRMATION_OK"
16228,10410013698,10410013760,1,"IOTHUB_CLIENT_CONFIRMATION_OK"
16229,10410013898,10410014032,1,"IOTHUB_CLIENT_CONFIRMATION_OK"
16230,10410014099,10410014143,1,"IOTHUB_CLIENT_CONFIRMATION_OK"
16231,10410014299,10410014339,1,"IOTHUB_CLIENT_CONFIRMATION_OK"
16232,10410014499,10410014547,1,"IOTHUB_CLIENT_CONFIRMATION_OK"
16233,10410014699,10410014779,1,"IOTHUB_CLIENT_CONFIRMATION_OK"
16234,10410014899,10410014944,1,"IOTHUB_CLIENT_CONFIRMATION_OK"
16235,10410015099,10410015158,1,"IOTHUB_CLIENT_CONFIRMATION_OK"
16236,10410015299,10410015364,1,"IOTHUB_CLIENT_CONFIRMATION_OK"
16237,10410015500,10410015544,1,"IOTHUB_CLIENT_CONFIRMATION_OK"
16238,10410015700,10410015746,1,"IOTHUB_CLIENT_CONFIRMATION_OK"
16239,10410015900,10410015957,1,"IOTHUB_CLIENT_CONFIRMATION_OK"
16240,10410016100,10410016173,1,"IOTHUB_CLIENT_CONFIRMATION_OK"
16241,10410016300,10410016361,1,"IOTHUB_CLIENT_CONFIRMATION_OK"
16242,10410016500,10410016544,1,"IOTHUB_CLIENT_CONFIRMATION_OK"
16243,10410016700,10410016874,1,"IOTHUB_CLIENT_CONFIRMATION_OK"
16244,10410016901,10410016938,1,"IOTHUB_CLIENT_CONFIRMATION_OK"
16245,10410017101,10410017158,1,"IOTHUB_CLIENT_CONFIRMATION_OK"
16246,10410017301,10410017349,1,"IOTHUB_CLIENT_CONFIRMATION_OK"
16247,10410017501,10410017561,1,"IOTHUB_CLIENT_CONFIRMATION_OK"
16248,10410017701,10410017752,1,"IOTHUB_CLIENT_CONFIRMATION_OK"
16249,10410017901,10410017965,1,"IOTHUB_CLIENT_CONFIRMATION_OK"
16250,10410018102,10410018181,1,"IOTHUB_CLIENT_CONFIRMATION_OK"
16251,10410018302,10410018419,1,"IOTHUB_CLIENT_CONFIRMATION_OK"
16252,10410018502,10410018540,1,"IOTHUB_CLIENT_CONFIRMATION_OK"
16253,10410018702,10410018738,1,"IOTHUB_CLIENT_CONFIRMATION_OK"
16254,10410018902,10410019100,1,"IOTHUB_CLIENT_CONFIRMATION_OK"
16255,10410019102,10410019139,1,"IOTHUB_CLIENT_CONFIRMATION_OK"
16256,10410019302,10410019342,1,"IOTHUB_CLIENT_CONFIRMATION_OK"
16257,10410019503,10410019560,1,"IOTHUB_CLIENT_CONFIRMATION_OK"
16258,10410019703,10410019772,1,"IOTHUB_CLIENT_CONFIRMATION_OK"
16259,10410019903,10410020123,1,"IOTHUB_CLIENT_CONFIRMATION_OK"
16260,10410020103,10410020192,1,"IOTHUB_CLIENT_CONFIRMATION_OK"
16261,10410020303,10410020353,1,"IOTHUB_CLIENT_CONFIRMATION_OK"
16262,10410020503,10410020548,1,"IOTHUB_CLIENT_CONFIRMATION_OK"
16263,10410020704,10410020790,1,"IOTHUB_CLIENT_CONFIRMATION_OK"
16264,10410020904,10410020962,1,"IOTHUB_CLIENT_CONFIRMATION_OK"
16265,10410021104,10410021163,1,"IOTHUB_CLIENT_CONFIRMATION_OK"
16266,10410021304,10410021365,1,"IOTHUB_CLIENT_CONFIRMATION_OK"
16267,10410021504,10410021816,1,"IOTHUB_CLIENT_CONFIRMATION_OK"
16268,10410021704,10410021893,1,"IOTHUB_CLIENT_CONFIRMATION_OK"
16269,10410021904,10410021961,1,"IOTHUB_CLIENT_CONFIRMATION_OK"
16270,10410022105,10410022150,1,"IOTHUB_CLIENT_CONFIRMATION_OK"
16271,10410022305,10410022476,1,"IOTHUB_CLIENT_CONFIRMATION_OK"
16272,10410022505,10410022577,1,"IOTHUB_CLIENT_CONFIRMATION_OK"
16273,10410022705,10410022780,1,"IOTHUB_CLIENT_CONFIRMATION_OK"
16274,10410022905,10410022951,1,"IOTHUB_CLIENT_CONFIRMATION_OK"
16275,10410023105,10410023155,1,"IOTHUB_CLIENT_CONFIRMATION_OK"
16276,10410023305,10410023378,1,"IOTHUB_CLIENT_CONFIRMATION_OK"
16277,10410023506,10410023566,1,"IOTHUB_CLIENT_CONFIRMATION_OK"
16278,10410023706,10410023771,1,"IOTHUB_CLIENT_CONFIRMATION_OK"
16279,10410023906,10410024068,1,"IOTHUB_CLIENT_CONFIRMATION_OK"
16280,10410024106,10410024152,1,"IOTHUB_CLIENT_CONFIRMATION_OK"
16281,10410024306,10410024349,1,"IOTHUB_CLIENT_CONFIRMATION_OK"
16282,10410024506,10410024564,1,"IOTHUB_CLIENT_CONFIRMATION_OK"
16283,10410024707,10410024745,1,"IOTHUB_CLIENT_CONFIRMATION_OK"
16284,10410024907,10410024987,1,"IOTHUB_CLIENT_CONFIRMATION_OK"
16285,10410025107,10410025161,1,"IOTHUB_CLIENT_CONFIRMATION_OK"
16286,10410025307,10410025483,1,"IOTHUB_CLIENT_CONFIRMATION_OK"
16287,10410025507,10410025549,1,"IOTHUB_CLIENT_CONFIRMATION_OK"
16288,10410025707,10410025746,1,"IOTHUB_CLIENT_CONFIRMATION_OK"
16289,10410025907,10410025953,1,"IOTHUB_CLIENT_CONFIRMATION_OK"
16290,10410026108,10410026156,1,"IOTHUB_CLIENT_CONFIRMATION_OK"
16291,10410026308,10410026366,1,"IOTHUB_CLIENT_CONFIRMATION_OK"
16292,10410026508,10410026574,1,"IOTHUB_CLIENT_CONFIRMATION_OK"
16293,10410026708,10410026757,1,"IOTHUB_CLIENT_CONFIRMATION_OK"
16294,10410026908,10410026958,1,"IOTHUB_CLIENT_CONFIRMATION_OK"
16295,10410027108,10410027241,1,"IOTHUB_CLIENT_CONFIRMATION_OK"
16296,10410027309,10410027351,1,"IOTHUB_CLIENT_CONFIRMATION_OK"
16297,10410027509,10410027547,1,"IOTHUB_CLIENT_CONFIRMATION_OK"
16298,10410027709,10410027751,1,"IOTHUB_CLIENT_CONFIRMATION_OK"
16299,10410027909,10410027945,1,"IOTHUB_CLIENT_CONFIRMATION_OK"
16300,10410028109,10410028185,1,"IOTHUB_CLIENT_CONFIRMATION_OK"
16301,10410028309,10410028383,1,"IOTHUB_CLIENT_CONFIRMATION_OK"
16302,10410028509,10410028566,1,"IOTHUB_CLIENT_CONFIRMATION_OK"
16303,10410028710,10410028748,1,"IOTHUB_CLIENT_CONFIRMATION_OK"
16304,10410028910,10410028973,1,"IOTHUB_CLIENT_CONFIRMATION_OK"
16305,10410029110,10410029158,1,"IOTHUB_CLIENT_CONFIRMATION_OK"
16306,10410029310,10410029373,1,"IOTHUB_CLIENT_CONFIRMATION_OK"
16307,10410029510,10410029611,1,"IOTHUB_CLIENT_CONFIRMATION_OK"
16308,10410029710,10410029770,1,"IOTHUB_CLIENT_CONFIRMATION_OK"
16309,10410029910,10410029956,1,"IOTHUB_CLIENT_CONFIRMATION_OK"
16310,10410030111,10410030257,1,"IOTHUB_CLIENT_CONFIRMATION_OK"
16311,10410030311,10410030350,1,"IOTHUB_CLIENT_CONFIRMATION_OK"
16312,10410030511,10410030556,1,"IOTHUB_CLIENT_CONFIRMATION_OK"
16313,10410030711,10410030773,1,"IOTHUB_CLIENT_CONFIRMATION_OK"
16314,10410030911,10410030955,1,"IOTHUB_CLIENT_CONFIRMATION_OK"
16315,10410031111,10410031214,1,"IOTHUB_CLIENT_CONFIRMATION_OK"
16316,10410031312,10410031364,1,"IOTHUB_CLIENT_CONFIRMATION_OK"
16317,10410031512,10410031568,1,"IOTHUB_CLIENT_CONFIRMATION_OK"
16318,10410031712,10410031856,1,"IOTHUB_CLIENT_CONFIRMATION_OK"
16319,10410031912,10410031965,1,"IOTHUB_CLIENT_CONFIRMATION_OK"
16320,10410032112,10410032160,1,"IOTHUB_CLIENT_CONFIRMATION_OK"
16321,10410032312,10410032457,1,"IOTHUB_CLIENT_CONFIRMATION_OK"
16322,10410032513,10410032593,1,"IOTHUB_CLIENT_CONFIRMATION_OK"
16323,10410032713,10410032765,1,"IOTHUB_CLIENT_CONFIRMATION_OK"
16324,10410032913,10410032956,1,"IOTHUB_CLIENT_CONFIRMATION_OK"
16325,10410033113,10410033152,1,"IOTHUB_CLIENT_CONFIRMATION_OK"
16326,10410033313,10410033357,1,"IOTHUB_CLIENT_CONFIRMATION_OK"
16327,10410033513,10410033566,1,"IOTHUB_CLIENT_CONFIRMATION_OK"
16328,10410033713,10410033773,1,"IOTHUB_CLIENT_CONFIRMATION_OK"
16329,10410033914,10410034055,1,"IOTHUB_CLIENT_CONFIRMATION_OK"
16330,10410034114,10410034153,1,"IOTHUB_CLIENT_CONFIRMATION_OK"
16331,10410034314,10410034354,1,"IOTHUB_CLIENT_CONFIRMATION_OK"
16332,10410034514,10410034691,1,"IOTHUB_CLIENT_CONFIRMATION_OK"
16333,10410034714,10410034755,1,"IOTHUB_CLIENT_CONFIRMATION_OK"
16334,10410034914,10410034980,1,"IOTHUB_CLIENT_CONFIRMATION_OK"
16335,10410035115,10410035154,1,"IOTHUB_CLIENT_CONFIRMATION_OK"
16336,10410035315,10410035375,1,"IOTHUB_CLIENT_CONFIRMATION_OK"
16337,10410035515,10410035593,1,"IOTHUB_CLIENT_CONFIRMATION_OK"
16338,10410035715,10410035764,1,"IOTHUB_CLIENT_CONFIRMATION_OK"
16339,10410035915,10410036006,1,"IOTHUB_CLIENT_CONFIRMATION_OK"
16340,10410036115,10410036184,1,"IOTHUB_CLIENT_CONFIRMATION_OK"
16341,10410036316,10410036378,1,"IOTHUB_CLIENT_CONFIRMATION_OK"
16342,10410036516,10410036565,1,"IOTHUB_CLIENT_CONFIRMATION_OK"
16343,10410036716,10410036929,1,"IOTHUB_CLIENT_CONFIRMATION_OK"
16344,10410036916,10410036992,1,"IOTHUB_CLIENT_CONFIRMATION_OK"
16345,10410037116,10410037159,1,"IOTHUB_CLIENT_CONFIRMATION_OK"
16346,10410037316,10410037364,1,"IOTHUB_CLIENT_CONFIRMATION_OK"
16347,10410037516,10410037569,1,"IOTHUB_CLIENT_CONFIRMATION_OK"
16348,10410037716,10410037767,1,"IOTHUB_CLIENT_CONFIRMATION_OK"
16349,10410037917,10410037975,1,"IOTHUB_CLIENT_CONFIRMATION_OK"
16350,10410038117,10410038170,1,"IOTHUB_CLIENT_CONFIRMATION_OK"
16351,10410038317,10410038362,1,"IOTHUB_CLIENT_CONFIRMATION_OK"
16352,10410038517,10410038564,1,"IOTHUB_CLIENT_CONFIRMATION_OK"
16353,10410038717,10410038776,1,"IOTHUB_CLIENT_CONFIRMATION_OK"
16354,10410038917,10410038981,1,"IOTHUB_CLIENT_CONFIRMATION_OK"
16355,10410039118,10410039166,1,"IOTHUB_CLIENT_CONFIRMATION_OK"
16356,10410039318,10410039359,1,"IOTHUB_CLIENT_CONFIRMATION_OK"
16357,10410039518,10410039588,1,"IOTHUB_CLIENT_CONFIRMATION_OK"
16358,10410039718,10410039750,1,"IOTHUB_CLIENT_CONFIRMATION_OK"
16359,10410039918,10410039956,1,"IOTHUB_CLIENT_CONFIRMATION_OK"
16360,10410040118,10410040182,1,"IOTHUB_CLIENT_CONFIRMATION_OK"
16361,10410040318,10410040368,1,"IOTHUB_CLIENT_CONFIRMATION_OK"
16362,10410040519,10410040795,1,"IOTHUB_CLIENT_CONFIRMATION_OK"
16363,10410040719,10410040858,1,"IOTHUB_CLIENT_CONFIRMATION_OK"
16364,10410040919,10410041028,1,"IOTHUB_CLIENT_CONFIRMATION_OK"
16365,10410041119,10410041158,1,"IOTHUB_CLIENT_CONFIRMATION_OK"
16366,10410041319,10410041371,1,"IOTHUB_CLIENT_CONFIRMATION_OK"
16367,10410041519,10410041561,1,"IOTHUB_CLIENT_CONFIRMATION_OK"
16368,10410041719,10410041863,1,"IOTHUB_CLIENT_CONFIRMATION_OK"
16369,10410041920,10410041966,1,"IOTHUB_CLIENT_CONFIRMATION_OK"
16370,10410042120,10410042171,1,"IOTHUB_CLIENT_CONFIRMATION_OK"
16371,10410042320,10410042367,1,"IOTHUB_CLIENT_CONFIRMATION_OK"
16372,10410042520,10410042570,1,"IOTHUB_CLIENT_CONFIRMATION_OK"
16373,10410042720,10410042791,1,"IOTHUB_CLIENT_CONFIRMATION_OK"
16374,10410042920,10410042965,1,"IOTHUB_CLIENT_CONFIRMATION_OK"
16375,10410043121,10410043174,1,"IOTHUB_CLIENT_CONFIRMATION_OK"
16376,10410043321,10410043364,1,"IOTHUB_CLIENT_CONFIRMATION_OK"
16377,10410043521,10410043635,1,"IOTHUB_CLIENT_CONFIRMATION_OK"
16378,10410043721,10410043768,1,"IOTHUB_CLIENT_CONFIRMATION_OK"
16379,10410043921,10410043972,1,"IOTHUB_CLIENT_CONFIRMATION_OK"
16380,10410044121,10410044186,1,"IOTHUB_CLIENT_CONFIRMATION_OK"
16381,10410044322,10410044376,1,"IOTHUB_CLIENT_CONFIRMATION_OK"
16382,10410044522,10410044570,1,"IOTHUB_CLIENT_CONFIRMATION_OK"
16383,10410044722,10410044776,1,"IOTHUB_CLIENT_CONFIRMATION_OK"
16384,10410044922,10410044965,1,"IOTHUB_CLIENT_CONFIRMATION_OK"
16385,10410045123,10410045168,1,"IOTHUB_CLIENT_CONFIRMATION_OK"
16386,10410045323,10410045373,1,"IOTHUB_CLIENT_CONFIRMATION_OK"
16387,10410045523,10410045628,1,"IOTHUB_CLIENT_CONFIRMATION_OK"
16388,10410045723,10410045874,1,"IOTHUB_CLIENT_CONFIRMATION_OK"
16389,10410045923,10410045993,1,"IOTHUB_CLIENT_CONFIRMATION_OK"
16390,10410046124,10410046172,1,"IOTHUB_CLIENT_CONFIRMATION_OK"
16391,10410046324,10410046381,1,"IOTHUB_CLIENT_CONFIRMATION_OK"
16392,10410046524,10410046561,1,"IOTHUB_CLIENT_CONFIRMATION_OK"
16393,10410046724,10410046869,1,"IOTHUB_CLIENT_CONFIRMATION_OK"
16394,10410046924,10410046956,1,"IOTHUB_CLIENT_CONFIRMATION_OK"
16395,10410047124,10410047178,1,"IOTHUB_CLIENT_CONFIRMATION_OK"
16396,10410047325,10410047462,1,"IOTHUB_CLIENT_CONFIRMATION_OK"
16397,10410047525,10410047561,1,"IOTHUB_CLIENT_CONFIRMATION_OK"
16398,10410047725,10410047788,1,"IOTHUB_CLIENT_CONFIRMATION_OK"
16399,10410047925,10410047970,1,"IOTHUB_CLIENT_CONFIRMATION_OK"
16400,10410048125,10410048176,1,"IOTHUB_CLIENT_CONFIRMATION_OK"
16401,10410048325,10410048383,1,"IOTHUB_CLIENT_CONFIRMATION_OK"
16402,10410048525,10410048592,1,"IOTHUB_CLIENT_CONFIRMATION_OK"
16403,10410048726,10410048768,1,"IOTHUB_CLIENT_CONFIRMATION_OK"
16404,10410048926,10410049105,1,"IOTHUB_CLIENT_CONFIRMATION_OK"
16405,10410049126,10410049171,1,"IOTHUB_CLIENT_CONFIRMATION_OK"
16406,10410049326,10410049409,1,"IOTHUB_CLIENT_CONFIRMATION_OK"
16407,10410049526,10410049703,1,"IOTHUB_CLIENT_CONFIRMATION_OK"
16408,10410049726,10410049778,1,"IOTHUB_CLIENT_CONFIRMATION_OK"
16409,10410049926,10410049980,1,"IOTHUB_CLIENT_CONFIRMATION_OK"
16410,10410050127,10410050204,1,"IOTHUB_CLIENT_CONFIRMATION_OK"
16411,10410050327,10410050390,1,"IOTHUB_CLIENT_CONFIRMATION_OK"
16412,10410050527,10410050576,1,"IOTHUB_CLIENT_CONFIRMATION_OK"
16413,10410050727,10410050788,1,"IOTHUB_CLIENT_CONFIRMATION_OK"
16414,10410050927,10410050967,1,"IOTHUB_CLIENT_CONFIRMATION_OK"
16415,10410051127,10410051172,1,"IOTHUB_CLIENT_CONFIRMATION_OK"
16416,10410051327,10410051373,1,"IOTHUB_CLIENT_CONFIRMATION_OK"
16417,10410051528,10410051612,1,"IOTHUB_CLIENT_CONFIRMATION_OK"
16418,10410051728,10410051952,1,"IOTHUB_CLIENT_CONFIRMATION_OK"
16419,10410051928,10410051979,1,"IOTHUB_CLIENT_CONFIRMATION_OK"
16420,10410052128,10410052196,1,"IOTHUB_CLIENT_CONFIRMATION_OK"
16421,10410052328,10410052377,1,"IOTHUB_CLIENT_CONFIRMATION_OK"
16422,10410052528,10410052565,1,"IOTHUB_CLIENT_CONFIRMATION_OK"
16423,10410052729,10410052809,1,"IOTHUB_CLIENT_CONFIRMATION_OK"
16424,10410052929,10410052995,1,"IOTHUB_CLIENT_CONFIRMATION_OK"
16425,10410053129,10410053181,1,"IOTHUB_CLIENT_CONFIRMATION_OK"
16426,10410053329,10410053387,1,"IOTHUB_CLIENT_CONFIRMATION_OK"
16427,10410053529,10410053585,1,"IOTHUB_CLIENT_CONFIRMATION_OK"
16428,10410053729,10410053853,1,"IOTHUB_CLIENT_CONFIRMATION_OK"
16429,10410053929,10410053977,1,"IOTHUB_CLIENT_CONFIRMATION_OK"
16430,10410054130,10410054167,1,"IOTHUB_CLIENT_CONFIRMATION_OK"
16431,10410054330,10410054369,1,"IOTHUB_CLIENT_CONFIRMATION_OK"
16432,10410054530,10410054611,1,"IOTHUB_CLIENT_CONFIRMATION_OK"
16433,10410054730,10410054776,1,"IOTHUB_CLIENT_CONFIRMATION_OK"
16434,10410054930,10410055048,1,"IOTHUB_CLIENT_CONFIRMATION_OK"
16435,10410055130,10410055216,1,"IOTHUB_CLIENT_CONFIRMATION_OK"
16436,10410055331,10410055397,1,"IOTHUB_CLIENT_CONFIRMATION_OK"
16437,10410055531,10410055571,1,"IOTHUB_CLIENT_CONFIRMATION_OK"
16438,10410055731,10410055789,1,"IOTHUB_CLIENT_CONFIRMATION_OK"
16439,10410055931,10410055965,1,"IOTHUB_CLIENT_CONFIRMATION_OK"
16440,10410056131,10410056171,1,"IOTHUB_CLIENT_CONFIRMATION_OK"
16441,10410056331,10410056376,1,"IOTHUB_CLIENT_CONFIRMATION_OK"
16442,10410056532,10410056593,1,"IOTHUB_CLIENT_CONFIRMATION_OK"
16443,10410056732,10410056901,1,"IOTHUB_CLIENT_CONFIRMATION_OK"
16444,10410056932,10410056984,1,"IOTHUB_CLIENT_CONFIRMATION_OK"
16445,10410057132,10410057200,1,"IOTHUB_CLIENT_CONFIRMATION_OK"
16446,10410057332,10410057429,1,"IOTHUB_CLIENT_CONFIRMATION_OK"
16447,10410057532,10410057578,1,"IOTHUB_CLIENT_CONFIRMATION_OK"
16448,10410057733,10410057793,1,"IOTHUB_CLIENT_CONFIRMATION_OK"
16449,10410057933,10410058017,1,"IOTHUB_CLIENT_CONFIRMATION_OK"
16450,10410058133,10410058176,1,"IOTHUB_CLIENT_CONFIRMATION_OK"
16451,10410058333,10410058376,1,"IOTHUB_CLIENT_CONFIRMATION_OK"
16452,10410058533,10410058577,1,"IOTHUB_CLIENT_CONFIRMATION_OK"
16453,10410058733,10410058782,1,"IOTHUB_CLIENT_CONFIRMATION_OK"
16454,10410058934,10410059122,1,"IOTHUB_CLIENT_CONFIRMATION_OK"
16455,10410059134,10410059175,1,"IOTHUB_CLIENT_CONFIRMATION_OK"
16456,10410059334,10410059390,1,"IOTHUB_CLIENT_CONFIRMATION_OK"
16457,10410059534,10410059587,1,"IOTHUB_CLIENT_CONFIRMATION_OK"
16458,10410059734,10410059811,1,"IOTHUB_CLIENT_CONFIRMATION_OK"
16459,10410059934,10410059983,1,"IOTHUB_CLIENT_CONFIRMATION_OK"
16460,10410060134,10410060216,1,"IOTHUB_CLIENT_CONFIRMATION_OK"
16461,10410060335,10410060381,1,"IOTHUB_CLIENT_CONFIRMATION_OK"
16462,10410060535,10410060625,1,"IOTHUB_CLIENT_CONFIRMATION_OK"
16463,10410060735,10410060793,1,"IOTHUB_CLIENT_CONFIRMATION_OK"
16464,10410060935,10410060982,1,"IOTHUB_CLIENT_CONFIRMATION_OK"
16465,10410061135,10410061200,1,"IOTHUB_CLIENT_CONFIRMATION_OK"
16466,10410061335,10410061400,1,"IOTHUB_CLIENT_CONFIRMATION_OK"
16467,10410061536,10410061581,1,"IOTHUB_CLIENT_CONFIRMATION_OK"
16468,10410061736,10410061822,1,"IOTHUB_CLIENT_CONFIRMATION_OK"
16469,10410061936,10410061985,1,"IOTHUB_CLIENT_CONFIRMATION_OK"
16470,10410062136,10410062192,1,"IOTHUB_CLIENT_CONFIRMATION_OK"
16471,10410062336,10410062419,1,"IOTHUB_CLIENT_CONFIRMATION_OK"
16472,10410062536,10410062581,1,"IOTHUB_CLIENT_CONFIRMATION_OK"
16473,10410062737,10410062784,1,"IOTHUB_CLIENT_CONFIRMATION_OK"
16474,10410062937,10410063047,1,"IOTHUB_CLIENT_CONFIRMATION_OK"
16475,10410063137,10410063190,1,"IOTHUB_CLIENT_CONFIRMATION_OK"
16476,10410063337,10410063397,1,"IOTHUB_CLIENT_CONFIRMATION_OK"
16477,10410063537,10410063609,1,"IOTHUB_CLIENT_CONFIRMATION_OK"
16478,10410063737,10410063778,1,"IOTHUB_CLIENT_CONFIRMATION_OK"
16479,10410063938,10410064073,1,"IOTHUB_CLIENT_CONFIRMATION_OK"
16480,10410064138,10410064174,1,"IOTHUB_CLIENT_CONFIRMATION_OK"
16481,10410064338,10410064386,1,"IOTHUB_CLIENT_CONFIRMATION_OK"
16482,10410064538,10410064695,1,"IOTHUB_CLIENT_CONFIRMATION_OK"
16483,10410064738,10410064795,1,"IOTHUB_CLIENT_CONFIRMATION_OK"
16484,10410064938,10410064995,1,"IOTHUB_CLIENT_CONFIRMATION_OK"
16485,10410065139,10410065177,1,"IOTHUB_CLIENT_CONFIRMATION_OK"
16486,10410065339,10410065379,1,"IOTHUB_CLIENT_CONFIRMATION_OK"
16487,10410065539,10410065597,1,"IOTHUB_CLIENT_CONFIRMATION_OK"
16488,10410065739,10410065812,1,"IOTHUB_CLIENT_CONFIRMATION_OK"
16489,10410065939,10410065990,1,"IOTHUB_CLIENT_CONFIRMATION_OK"
16490,10410066139,10410066209,1,"IOTHUB_CLIENT_CONFIRMATION_OK"
16491,10410066339,10410066395,1,"IOTHUB_CLIENT_CONFIRMATION_OK"
16492,10410066540,10410066579,1,"IOTHUB_CLIENT_CONFIRMATION_OK"
16493,10410066740,10410066962,1,"IOTHUB_CLIENT_CONFIRMATION_OK"
16494,10410066940,10410067006,1,"IOTHUB_CLIENT_CONFIRMATION_OK"
16495,10410067140,10410067210,1,"IOTHUB_CLIENT_CONFIRMATION_OK"
16496,10410067340,10410067438,1,"IOTHUB_CLIENT_CONFIRMATION_OK"
16497,10410067540,10410067594,1,"IOTHUB_CLIENT_CONFIRMATION_OK"
16498,10410067741,10410067795,1,"IOTHUB_CLIENT_CONFIRMATION_OK"
16499,10410067941,10410068029,1,"IOTHUB_CLIENT_CONFIRMATION_OK"
16500,10410068141,10410068185,1,"IOTHUB_CLIENT_CONFIRMATION_OK"
16501,10410068341,10410068397,1,"IOTHUB_CLIENT_CONFIRMATION_OK"
16502,10410068541,10410068596,1,"IOTHUB_CLIENT_CONFIRMATION_OK"
16503,10410068742,10410068787,1,"IOTHUB_CLIENT_CONFIRMATION_OK"
16504,10410068942,10410069044,1,"IOTHUB_CLIENT_CONFIRMATION_OK"
16505,10410069142,10410069179,1,"IOTHUB_CLIENT_CONFIRMATION_OK"
16506,10410069342,10410069408,1,"IOTHUB_CLIENT_CONFIRMATION_OK"
16507,10410069542,10410069737,1,"IOTHUB_CLIENT_CONFIRMATION_OK"
16508,10410069742,10410069796,1,"IOTHUB_CLIENT_CONFIRMATION_OK"
16509,10410069942,10410070022,1,"IOTHUB_CLIENT_CONFIRMATION_OK"
16510,10410070143,10410070660,1,"IOTHUB_CLIENT_CONFIRMATION_OK"
16511,10410070343,10410070768,1,"IOTHUB_CLIENT_CONFIRMATION_OK"
16512,10410070543,10410070890,1,"IOTHUB_CLIENT_CONFIRMATION_OK"
16513,10410070743,10410070987,1,"IOTHUB_CLIENT_CONFIRMATION_OK"
16514,10410070943,10410071057,1,"IOTHUB_CLIENT_CONFIRMATION_OK"
16515,10410071143,10410071194,1,"IOTHUB_CLIENT_CONFIRMATION_OK"
16516,10410071344,10410071396,1,"IOTHUB_CLIENT_CONFIRMATION_OK"
16517,10410071544,10410071607,1,"IOTHUB_CLIENT_CONFIRMATION_OK"
16518,10410071744,10410071936,1,"IOTHUB_CLIENT_CONFIRMATION_OK"
16519,10410071944,10410071982,1,"IOTHUB_CLIENT_CONFIRMATION_OK"
16520,10410072144,10410072181,1,"IOTHUB_CLIENT_CONFIRMATION_OK"
16521,10410072344,10410072573,1,"IOTHUB_CLIENT_CONFIRMATION_OK"
16522,10410072544,10410072614,1,"IOTHUB_CLIENT_CONFIRMATION_OK"
16523,10410072745,10410072784,1,"IOTHUB_CLIENT_CONFIRMATION_OK"
16524,10410072945,10410073012,1,"IOTHUB_CLIENT_CONFIRMATION_OK"
16525,10410073145,10410073208,1,"IOTHUB_CLIENT_CONFIRMATION_OK"
16526,10410073345,10410073415,1,"IOTHUB_CLIENT_CONFIRMATION_OK"
16527,10410073545,10410073601,1,"IOTHUB_CLIENT_CONFIRMATION_OK"
16528,10410073745,10410073802,1,"IOTHUB_CLIENT_CONFIRMATION_OK"
16529,10410073946,10410074105,1,"IOTHUB_CLIENT_CONFIRMATION_OK"
16530,10410074146,10410074204,1,"IOTHUB_CLIENT_CONFIRMATION_OK"
16531,10410074346,10410074402,1,"IOTHUB_CLIENT_CONFIRMATION_OK"
16532,10410074546,10410074748,1,"IOTHUB_CLIENT_CONFIRMATION_OK"
16533,10410074746,10410074786,1,"IOTHUB_CLIENT_CONFIRMATION_OK"
16534,10410074946,10410074999,1,"IOTHUB_CLIENT_CONFIRMATION_OK"
16535,10410075146,10410075198,1,"IOTHUB_CLIENT_CONFIRMATION_OK"
16536,10410075347,10410075415,1,"IOTHUB_CLIENT_CONFIRMATION_OK"
16537,10410075547,10410075589,1,"IOTHUB_CLIENT_CONFIRMATION_OK"
16538,10410075747,10410075829,1,"IOTHUB_CLIENT_CONFIRMATION_OK"
16539,10410075947,10410075999,1,"IOTHUB_CLIENT_CONFIRMATION_OK"
16540,10410076147,10410076200,1,"IOTHUB_CLIENT_CONFIRMATION_OK"
16541,10410076347,10410076395,1,"IOTHUB_CLIENT_CONFIRMATION_OK"
16542,10410076547,10410076597,1,"IOTHUB_CLIENT_CONFIRMATION_OK"
16543,10410076748,10410076821,1,"IOTHUB_CLIENT_CONFIRMATION_OK"
16544,10410076948,10410076987,1,"IOTHUB_CLIENT_CONFIRMATION_OK"
16545,10410077148,10410077193,1,"IOTHUB_CLIENT_CONFIRMATION_OK"
16546,10410077348,10410077424,1,"IOTHUB_CLIENT_CONFIRMATION_OK"
16547,10410077548,10410077645,1,"IOTHUB_CLIENT_CONFIRMATION_OK"
16548,10410077748,10410077798,1,"IOTHUB_CLIENT_CONFIRMATION_OK"
16549,10410077948,10410078057,1,"IOTHUB_CLIENT_CONFIRMATION_OK"
16550,10410078149,10410078200,1,"IOTHUB_CLIENT_CONFIRMATION_OK"
16551,10410078349,10410078405,1,"IOTHUB_CLIENT_CONFIRMATION_OK"
16552,10410078549,10410078588,1,"IOTHUB_CLIENT_CONFIRMATION_OK"
16553,10410078749,10410078805,1,"IOTHUB_CLIENT_CONFIRMATION_OK"
16554,10410078949,10410079083,1,"IOTHUB_CLIENT_CONFIRMATION_OK"
16555,10410079149,10410079200,1,"IOTHUB_CLIENT_CONFIRMATION_OK"
16556,10410079350,10410079405,1,"IOTHUB_CLIENT_CONFIRMATION_OK"
16557,10410079550,10410079686,1,"IOTHUB_CLIENT_CONFIRMATION_OK"
16558,10410079750,10410079797,1,"IOTHUB_CLIENT_CONFIRMATION_OK"
16559,10410079950,10410080006,1,"IOTHUB_CLIENT_CONFIRMATION_OK"
16560,10410080150,10410080208,1,"IOTHUB_CLIENT_CONFIRMATION_OK"
16561,10410080350,10410080413,1,"IOTHUB_CLIENT_CONFIRMATION_OK"
16562,10410080551,10410080599,1,"IOTHUB_CLIENT_CONFIRMATION_OK"
16563,10410080751,10410080794,1,"IOTHUB_CLIENT_CONFIRMATION_OK"
16564,10410080951,10410080989,1,"IOTHUB_CLIENT_CONFIRMATION_OK"
16565,10410081151,10410081222,1,"IOTHUB_CLIENT_CONFIRMATION_OK"
16566,10410081351,10410081400,1,"IOTHUB_CLIENT_CONFIRMATION_OK"
16567,10410081551,10410081591,1,"IOTHUB_CLIENT_CONFIRMATION_OK"
16568,10410081752,10410081923,1,"IOTHUB_CLIENT_CONFIRMATION_OK"
16569,10410081952,10410082027,1,"IOTHUB_CLIENT_CONFIRMATION_OK"
16570,10410082152,10410082190,1,"IOTHUB_CLIENT_CONFIRMATION_OK"
16571,10410082352,10410082404,1,"IOTHUB_CLIENT_CONFIRMATION_OK"
16572,10410082552,10410082644,1,"IOTHUB_CLIENT_CONFIRMATION_OK"
16573,10410082752,10410082788,1,"IOTHUB_CLIENT_CONFIRMATION_OK"
16574,10410082952,10410083000,1,"IOTHUB_CLIENT_CONFIRMATION_OK"
16575,10410083153,10410083201,1,"IOTHUB_CLIENT_CONFIRMATION_OK"
16576,10410083353,10410083391,1,"IOTHUB_CLIENT_CONFIRMATION_OK"
16577,10410083553,10410083644,1,"IOTHUB_CLIENT_CONFIRMATION_OK"
16578,10410083753,10410083793,1,"IOTHUB_CLIENT_CONFIRMATION_OK"
16579,10410083953,10410084139,1,"IOTHUB_CLIENT_CONFIRMATION_OK"
16580,10410084153,10410084189,1,"IOTHUB_CLIENT_CONFIRMATION_OK"
16581,10410084354,10410084397,1,"IOTHUB_CLIENT_CONFIRMATION_OK"
16582,10410084554,10410084593,1,"IOTHUB_CLIENT_CONFIRMATION_OK"
16583,10410084754,10410084794,1,"IOTHUB_CLIENT_CONFIRMATION_OK"
16584,10410084954,10410085016,1,"IOTHUB_CLIENT_CONFIRMATION_OK"
16585,10410085154,10410085244,1,"IOTHUB_CLIENT_CONFIRMATION_OK"
16586,10410085354,10410085397,1,"IOTHUB_CLIENT_CONFIRMATION_OK"
16587,10410085554,10410085625,1,"IOTHUB_CLIENT_CONFIRMATION_OK"
16588,10410085755,10410085830,1,"IOTHUB_CLIENT_CONFIRMATION_OK"
16589,10410085955,10410086022,1,"IOTHUB_CLIENT_CONFIRMATION_OK"
16590,10410086155,10410086203,1,"IOTHUB_CLIENT_CONFIRMATION_OK"
16591,10410086355,10410086418,1,"IOTHUB_CLIENT_CONFIRMATION_OK"
16592,10410086555,10410086705,1,"IOTHUB_CLIENT_CONFIRMATION_OK"
16593,10410086755,10410086807,1,"IOTHUB_CLIENT_CONFIRMATION_OK"
16594,10410086956,10410087047,1,"IOTHUB_CLIENT_CONFIRMATION_OK"
16595,10410087156,10410087196,1,"IOTHUB_CLIENT_CONFIRMATION_OK"
16596,10410087356,10410087463,1,"IOTHUB_CLIENT_CONFIRMATION_OK"
16597,10410087556,10410087616,1,"IOTHUB_CLIENT_CONFIRMATION_OK"
16598,10410087756,10410087804,1,"IOTHUB_CLIENT_CONFIRMATION_OK"
16599,10410087956,10410088051,1,"IOTHUB_CLIENT_CONFIRMATION_OK"
16600,10410088156,10410088204,1,"IOTHUB_CLIENT_CONFIRMATION_OK"
16601,10410088357,10410088437,1,"IOTHUB_CLIENT_CONFIRMATION_OK"
16602,10410088557,10410088607,1,"IOTHUB_CLIENT_CONFIRMATION_OK"
16603,10410088757,10410088790,1,"IOTHUB_CLIENT_CONFIRMATION_OK"
16604,10410088957,10410089031,1,"IOTHUB_CLIENT_CONFIRMATION_OK"
16605,10410089157,10410089200,1,"IOTHUB_CLIENT_CONFIRMATION_OK"
16606,10410089357,10410089402,1,"IOTHUB_CLIENT_CONFIRMATION_OK"
16607,10410089557,10410089673,1,"IOTHUB_CLIENT_CONFIRMATION_OK"
16608,10410089758,10410089834,1,"IOTHUB_CLIENT_CONFIRMATION_OK"
16609,10410089958,10410090003,1,"IOTHUB_CLIENT_CONFIRMATION_OK"
16610,10410090158,10410090290,1,"IOTHUB_CLIENT_CONFIRMATION_OK"
16611,10410090358,10410090410,1,"IOTHUB_CLIENT_CONFIRMATION_OK"
16612,10410090558,10410090622,1,"IOTHUB_CLIENT_CONFIRMATION_OK"
16613,10410090758,10410090812,1,"IOTHUB_CLIENT_CONFIRMATION_OK"
16614,10410090959,10410091024,1,"IOTHUB_CLIENT_CONFIRMATION_OK"
16615,10410091159,10410091200,1,"IOTHUB_CLIENT_CONFIRMATION_OK"
16616,10410091359,10410091408,1,"IOTHUB_CLIENT_CONFIRMATION_OK"
16617,10410091559,10410091608,1,"IOTHUB_CLIENT_CONFIRMATION_OK"
16618,10410091759,10410091910,1,"IOTHUB_CLIENT_CONFIRMATION_OK"
16619,10410091959,10410092070,1,"IOTHUB_CLIENT_CONFIRMATION_OK"
16620,10410092160,10410092212,1,"IOTHUB_CLIENT_CONFIRMATION_OK"
16621,10410092360,10410092524,1,"IOTHUB_CLIENT_CONFIRMATION_OK"
16622,10410092560,10410092603,1,"IOTHUB_CLIENT_CONFIRMATION_OK"
16623,10410092760,10410092812,1,"IOTHUB_CLIENT_CONFIRMATION_OK"
16624,10410092960,10410093054,1,"IOTHUB_CLIENT_CONFIRMATION_OK"
16625,10410093160,10410093208,1,"IOTHUB_CLIENT_CONFIRMATION_OK"
16626,10410093360,10410093411,1,"IOTHUB_CLIENT_CONFIRMATION_OK"
16627,10410093561,10410093612,1,"IOTHUB_CLIENT_CONFIRMATION_OK"
16628,10410093761,10410093819,1,"IOTHUB_CLIENT_CONFIRMATION_OK"
16629,10410093961,10410094146,1,"IOTHUB_CLIENT_CONFIRMATION_OK"
16630,10410094161,10410094207,1,"IOTHUB_CLIENT_CONFIRMATION_OK"
16631,10410094361,10410094406,1,"IOTHUB_CLIENT_CONFIRMATION_OK"
16632,10410094561,10410094668,1,"IOTHUB_CLIENT_CONFIRMATION_OK"
16633,10410094762,10410094837,1,"IOTHUB_CLIENT_CONFIRMATION_OK"
16634,10410094962,10410095017,1,"IOTHUB_CLIENT_CONFIRMATION_OK"
16635,10410095162,10410095223,1,"IOTHUB_CLIENT_CONFIRMATION_OK"
16636,10410095362,10410095404,1,"IOTHUB_CLIENT_CONFIRMATION_OK"
16637,10410095562,10410095610,1,"IOTHUB_CLIENT_CONFIRMATION_OK"
16638,10410095762,10410095836,1,"IOTHUB_CLIENT_CONFIRMATION_OK"
16639,10410095962,10410096006,1,"IOTHUB_CLIENT_CONFIRMATION_OK"
16640,10410096163,10410096223,1,"IOTHUB_CLIENT_CONFIRMATION_OK"
16641,10410096363,10410096485,1,"IOTHUB_CLIENT_CONFIRMATION_OK"
16642,10410096563,10410096625,1,"IOTHUB_CLIENT_CONFIRMATION_OK"
16643,10410096763,10410096825,1,"IOTHUB_CLIENT_CONFIRMATION_OK"
16644,10410096963,10410097016,1,"IOTHUB_CLIENT_CONFIRMATION_OK"
16645,10410097163,10410097205,1,"IOTHUB_CLIENT_CONFIRMATION_OK"
16646,10410097364,10410097474,1,"IOTHUB_CLIENT_CONFIRMATION_OK"
16647,10410097564,10410097609,1,"IOTHUB_CLIENT_CONFIRMATION_OK"
16648,10410097764,10410097805,1,"IOTHUB_CLIENT_CONFIRMATION_OK"
16649,10410097964,10410098050,1,"IOTHUB_CLIENT_CONFIRMATION_OK"
16650,10410098164,10410098207,1,"IOTHUB_CLIENT_CONFIRMATION_OK"
16651,10410098364,10410098410,1,"IOTHUB_CLIENT_CONFIRMATION_OK"
16652,10410098564,10410098631,1,"IOTHUB_CLIENT_CONFIRMATION_OK"
16653,10410098765,10410098808,1,"IOTHUB_CLIENT_CONFIRMATION_OK"
16654,10410098965,10410099053,1,"IOTHUB_CLIENT_CONFIRMATION_OK"
16655,10410099165,10410099228,1,"IOTHUB_CLIENT_CONFIRMATION_OK"
16656,10410099365,10410099438,1,"IOTHUB_CLIENT_CONFIRMATION_OK"
16657,10410099565,10410099720,1,"IOTHUB_CLIENT_CONFIRMATION_OK"
16658,10410099765,10410099824,1,"IOTHUB_CLIENT_CONFIRMATION_OK"
16659,10410099966,10410100012,1,"IOTHUB_CLIENT_CONFIRMATION_OK"
16660,10410100166,10410100281,1,"IOTHUB_CLIENT_CONFIRMATION_OK"
16661,10410100366,10410100418,1,"IOTHUB_CLIENT_CONFIRMATION_OK"
16662,10410100566,10410100615,1,"IOTHUB_CLIENT_CONFIRMATION_OK"
16663,10410100766,10410100808,1,"IOTHUB_CLIENT_CONFIRMATION_OK"
16664,10410100966,10410101029,1,"IOTHUB_CLIENT_CONFIRMATION_OK"
16665,10410101166,10410101212,1,"IOTHUB_CLIENT_CONFIRMATION_OK"
16666,10410101366,10410101424,1,"IOTHUB_CLIENT_CONFIRMATION_OK"
16667,10410101567,10410101606,1,"IOTHUB_CLIENT_CONFIRMATION_OK"
16668,10410101767,10410101906,1,"IOTHUB_CLIENT_CONFIRMATION_OK"
16669,10410101967,10410102030,1,"IOTHUB_CLIENT_CONFIRMATION_OK"
16670,10410102167,10410102274,1,"IOTHUB_CLIENT_CONFIRMATION_OK"
16671,10410102367,10410102415,1,"IOTHUB_CLIENT_CONFIRMATION_OK"
16672,10410102567,10410102620,1,"IOTHUB_CLIENT_CONFIRMATION_OK"
16673,10410102768,10410102817,1,"IOTHUB_CLIENT_CONFIRMATION_OK"
16674,10410102968,10410103017,1,"IOTHUB_CLIENT_CONFIRMATION_OK"
16675,10410103168,10410103223,1,"IOTHUB_CLIENT_CONFIRMATION_OK"
16676,10410103368,10410103431,1,"IOTHUB_CLIENT_CONFIRMATION_OK"
16677,10410103568,10410103626,1,"IOTHUB_CLIENT_CONFIRMATION_OK"
16678,10410103768,10410103817,1,"IOTHUB_CLIENT_CONFIRMATION_OK"
16679,10410103968,10410104030,1,"IOTHUB_CLIENT_CONFIRMATION_OK"
16680,10410104169,10410104216,1,"IOTHUB_CLIENT_CONFIRMATION_OK"
16681,10410104369,10410104409,1,"IOTHUB_CLIENT_CONFIRMATION_OK"
16682,10410104569,10410104645,1,"IOTHUB_CLIENT_CONFIRMATION_OK"
16683,10410104769,10410104848,1,"IOTHUB_CLIENT_CONFIRMATION_OK"
16684,10410104969,10410105034,1,"IOTHUB_CLIENT_CONFIRMATION_OK"
16685,10410105169,10410105355,1,"IOTHUB_CLIENT_CONFIRMATION_OK"
16686,10410105370,10410105428,1,"IOTHUB_CLIENT_CONFIRMATION_OK"
16687,10410105570,10410105617,1,"IOTHUB_CLIENT_CONFIRMATION_OK"
16688,10410105770,10410105863,1,"IOTHUB_CLIENT_CONFIRMATION_OK"
16689,10410105970,10410106018,1,"IOTHUB_CLIENT_CONFIRMATION_OK"
16690,10410106170,10410106208,1,"IOTHUB_CLIENT_CONFIRMATION_OK"
16691,10410106370,10410106445,1,"IOTHUB_CLIENT_CONFIRMATION_OK"
16692,10410106570,10410106629,1,"IOTHUB_CLIENT_CONFIRMATION_OK"
16693,10410106771,10410106818,1,"IOTHUB_CLIENT_CONFIRMATION_OK"
16694,10410106971,10410107025,1,"IOTHUB_CLIENT_CONFIRMATION_OK"
16695,10410107171,10410107219,1,"IOTHUB_CLIENT_CONFIRMATION_OK"
16696,10410107371,10410107521,1,"IOTHUB_CLIENT_CONFIRMATION_OK"
16697,10410107571,10410107607,1,"IOTHUB_CLIENT_CONFIRMATION_OK"
16698,10410107771,10410107808,1,"IOTHUB_CLIENT_CONFIRMATION_OK"
16699,10410107972,10410108029,1,"IOTHUB_CLIENT_CONFIRMATION_OK"
16700,10410108172,10410108241,1,"IOTHUB_CLIENT_CONFIRMATION_OK"
16701,10410108372,10410108423,1,"IOTHUB_CLIENT_CONFIRMATION_OK"
16702,10410108572,10410108660,1,"IOTHUB_CLIENT_CONFIRMATION_OK"
16703,10410108772,10410108829,1,"IOTHUB_CLIENT_CONFIRMATION_OK"
16704,10410108972,10410109028,1,"IOTHUB_CLIENT_CONFIRMATION_OK"
16705,10410109173,10410109251,1,"IOTHUB_CLIENT_CONFIRMATION_OK"
16706,10410109373,10410109415,1,"IOTHUB_CLIENT_CONFIRMATION_OK"
16707,10410109573,10410109660,1,"IOTHUB_CLIENT_CONFIRMATION_OK"
16708,10410109773,10410109819,1,"IOTHUB_CLIENT_CONFIRMATION_OK"
16709,10410109973,10410110014,1,"IOTHUB_CLIENT_CONFIRMATION_OK"
16710,10410110173,10410110288,1,"IOTHUB_CLIENT_CONFIRMATION_OK"
16711,10410110373,10410110452,1,"IOTHUB_CLIENT_CONFIRMATION_OK"
16712,10410110574,10410110619,1,"IOTHUB_CLIENT_CONFIRMATION_OK"
16713,10410110774,10410110849,1,"IOTHUB_CLIENT_CONFIRMATION_OK"
16714,10410110974,10410111021,1,"IOTHUB_CLIENT_CONFIRMATION_OK"
16715,10410111174,10410111243,1,"IOTHUB_CLIENT_CONFIRMATION_OK"
16716,10410111374,10410111415,1,"IOTHUB_CLIENT_CONFIRMATION_OK"
16717,10410111574,10410111618,1,"IOTHUB_CLIENT_CONFIRMATION_OK"
16718,10410111775,10410111905,1,"IOTHUB_CLIENT_CONFIRMATION_OK"
16719,10410111975,10410112024,1,"IOTHUB_CLIENT_CONFIRMATION_OK"
16720,10410112175,10410112234,1,"IOTHUB_CLIENT_CONFIRMATION_OK"
16721,10410112375,10410112575,1,"IOTHUB_CLIENT_CONFIRMATION_OK"
16722,10410112575,10410112616,1,"IOTHUB_CLIENT_CONFIRMATION_OK"
16723,10410112775,10410112814,1,"IOTHUB_CLIENT_CONFIRMATION_OK"
16724,10410112976,10410113018,1,"IOTHUB_CLIENT_CONFIRMATION_OK"
16725,10410113176,10410113228,1,"IOTHUB_CLIENT_CONFIRMATION_OK"
16726,10410113376,10410113427,1,"IOTHUB_CLIENT_CONFIRMATION_OK"
16727,10410113576,10410113664,1,"IOTHUB_CLIENT_CONFIRMATION_OK"
16728,10410113776,10410113930,1,"IOTHUB_CLIENT_CONFIRMATION_OK"
16729,10410113976,10410114173,1,"IOTHUB_CLIENT_CONFIRMATION_OK"
16730,10410114176,10410114248,1,"IOTHUB_CLIENT_CONFIRMATION_OK"
16731,10410114377,10410114437,1,"IOTHUB_CLIENT_CONFIRMATION_OK"
16732,10410114577,10410114619,1,"IOTHUB_CLIENT_CONFIRMATION_OK"
16733,10410114777,10410114823,1,"IOTHUB_CLIENT_CONFIRMATION_OK"
16734,10410114977,10410115025,1,"IOTHUB_CLIENT_CONFIRMATION_OK"
16735,10410115177,10410115248,1,"IOTHUB_CLIENT_CONFIRMATION_OK"
16736,10410115377,10410115456,1,"IOTHUB_CLIENT_CONFIRMATION_OK"
16737,10410115578,10410115633,1,"IOTHUB_CLIENT_CONFIRMATION_OK"
16738,10410115778,10410115823,1,"IOTHUB_CLIENT_CONFIRMATION_OK"
16739,10410115978,10410116023,1,"IOTHUB_CLIENT_CONFIRMATION_OK"
16740,10410116178,10410116237,1,"IOTHUB_CLIENT_CONFIRMATION_OK"
16741,10410116378,10410116458,1,"IOTHUB_CLIENT_CONFIRMATION_OK"
16742,10410116578,10410116624,1,"IOTHUB_CLIENT_CONFIRMATION_OK"
16743,10410116779,10410116900,1,"IOTHUB_CLIENT_CONFIRMATION_OK"
16744,10410116979,10410117064,1,"IOTHUB_CLIENT_CONFIRMATION_OK"
16745,10410117179,10410117249,1,"IOTHUB_CLIENT_CONFIRMATION_OK"
16746,10410117379,10410117522,1,"IOTHUB_CLIENT_CONFIRMATION_OK"
16747,10410117579,10410117640,1,"IOTHUB_CLIENT_CONFIRMATION_OK"
16748,10410117779,10410117822,1,"IOTHUB_CLIENT_CONFIRMATION_OK"
16749,10410117979,10410118015,1,"IOTHUB_CLIENT_CONFIRMATION_OK"
16750,10410118180,10410118237,1,"IOTHUB_CLIENT_CONFIRMATION_OK"
16751,10410118380,10410118434,1,"IOTHUB_CLIENT_CONFIRMATION_OK"
16752,10410118580,10410118648,1,"IOTHUB_CLIENT_CONFIRMATION_OK"
16753,10410118780,10410118831,1,"IOTHUB_CLIENT_CONFIRMATION_OK"
16754,10410118980,10410119146,1,"IOTHUB_CLIENT_CONFIRMATION_OK"
16755,10410119180,10410119222,1,"IOTHUB_CLIENT_CONFIRMATION_OK"
16756,10410119381,10410119428,1,"IOTHUB_CLIENT_CONFIRMATION_OK"
16757,10410119581,10410119809,1,"IOTHUB_CLIENT_CONFIRMATION_OK"
16758,10410119781,10410119834,1,"IOTHUB_CLIENT_CONFIRMATION_OK"
16759,10410119981,10410120029,1,"IOTHUB_CLIENT_CONFIRMATION_OK"
16760,10410120181,10410120248,1,"IOTHUB_CLIENT_CONFIRMATION_OK"
16761,10410120381,10410120421,1,"IOTHUB_CLIENT_CONFIRMATION_OK"
16762,10410120581,10410120640,1,"IOTHUB_CLIENT_CONFIRMATION_OK"
16763,10410120782,10410120867,1,"IOTHUB_CLIENT_CONFIRMATION_OK"
16764,10410120982,10410121021,1,"IOTHUB_CLIENT_CONFIRMATION_OK"
16765,10410121182,10410121228,1,"IOTHUB_CLIENT_CONFIRMATION_OK"
16766,10410121382,10410121450,1,"IOTHUB_CLIENT_CONFIRMATION_OK"
16767,10410121582,10410121631,1,"IOTHUB_CLIENT_CONFIRMATION_OK"
16768,10410121782,10410121862,1,"IOTHUB_CLIENT_CONFIRMATION_OK"
16769,10410121983,10410122064,1,"IOTHUB_CLIENT_CONFIRMATION_OK"
16770,10410122183,10410122243,1,"IOTHUB_CLIENT_CONFIRMATION_OK"
16771,10410122383,10410122477,1,"IOTHUB_CLIENT_CONFIRMATION_OK"
16772,10410122583,10410122643,1,"IOTHUB_CLIENT_CONFIRMATION_OK"
16773,10410122783,10410122825,1,"IOTHUB_CLIENT_CONFIRMATION_OK"
16774,10410122983,10410123103,1,"IOTHUB_CLIENT_CONFIRMATION_OK"
16775,10410123184,10410123219,1,"IOTHUB_CLIENT_CONFIRMATION_OK"
16776,10410123384,10410123434,1,"IOTHUB_CLIENT_CONFIRMATION_OK"
16777,10410123584,10410123648,1,"IOTHUB_CLIENT_CONFIRMATION_OK"
16778,10410123784,10410123831,1,"IOTHUB_CLIENT_CONFIRMATION_OK"
16779,10410123984,10410124088,1,"IOTHUB_CLIENT_CONFIRMATION_OK"
16780,10410124184,10410124242,1,"IOTHUB_CLIENT_CONFIRMATION_OK"
16781,10410124385,10410124447,1,"IOTHUB_CLIENT_CONFIRMATION_OK"
16782,10410124585,10410124735,1,"IOTHUB_CLIENT_CONFIRMATION_OK"
16783,10410124785,10410124843,1,"IOTHUB_CLIENT_CONFIRMATION_OK"
16784,10410124985,10410125050,1,"IOTHUB_CLIENT_CONFIRMATION_OK"
16785,10410125185,10410125232,1,"IOTHUB_CLIENT_CONFIRMATION_OK"
16786,10410125385,10410125433,1,"IOTHUB_CLIENT_CONFIRMATION_OK"
16787,10410125585,10410125684,1,"IOTHUB_CLIENT_CONFIRMATION_OK"
16788,10410125786,10410125852,1,"IOTHUB_CLIENT_CONFIRMATION_OK"
16789,10410125986,10410126044,1,"IOTHUB_CLIENT_CONFIRMATION_OK"
16790,10410126186,10410126225,1,"IOTHUB_CLIENT_CONFIRMATION_OK"
16791,10410126386,10410126428,1,"IOTHUB_CLIENT_CONFIRMATION_OK"
16792,10410126586,10410126639,1,"IOTHUB_CLIENT_CONFIRMATION_OK"
16793,10410126786,10410126951,1,"IOTHUB_CLIENT_CONFIRMATION_OK"
16794,10410126986,10410127040,1,"IOTHUB_CLIENT_CONFIRMATION_OK"
16795,10410127187,10410127482,1,"IOTHUB_CLIENT_CONFIRMATION_OK"
16796,10410127387,10410127548,1,"IOTHUB_CLIENT_CONFIRMATION_OK"
16797,10410127587,10410127646,1,"IOTHUB_CLIENT_CONFIRMATION_OK"
16798,10410127787,10410127836,1,"IOTHUB_CLIENT_CONFIRMATION_OK"
16799,10410127987,10410128025,1,"IOTHUB_CLIENT_CONFIRMATION_OK"
16800,10410128187,10410128236,1,"IOTHUB_CLIENT_CONFIRMATION_OK"
16801,10410128387,10410128434,1,"IOTHUB_CLIENT_CONFIRMATION_OK"
16802,10410128588,10410128642,1,"IOTHUB_CLIENT_CONFIRMATION_OK"
16803,10410128788,10410128843,1,"IOTHUB_CLIENT_CONFIRMATION_OK"
16804,10410128988,10410129309,1,"IOTHUB_CLIENT_CONFIRMATION_OK"
16805,10410129188,10410129354,1,"IOTHUB_CLIENT_CONFIRMATION_OK"
16806,10410129388,10410129439,1,"IOTHUB_CLIENT_CONFIRMATION_OK"
16807,10410129588,10410129763,1,"IOTHUB_CLIENT_CONFIRMATION_OK"
16808,10410129788,10410129851,1,"IOTHUB_CLIENT_CONFIRMATION_OK"
16809,10410129989,10410130034,1,"IOTHUB_CLIENT_CONFIRMATION_OK"
16810,10410130189,10410130387,1,"IOTHUB_CLIENT_CONFIRMATION_OK"
16811,10410130389,10410130461,1,"IOTHUB_CLIENT_CONFIRMATION_OK"
16812,10410130589,10410130681,1,"IOTHUB_CLIENT_CONFIRMATION_OK"
16813,10410130789,10410130836,1,"IOTHUB_CLIENT_CONFIRMATION_OK"
16814,10410130989,10410131031,1,"IOTHUB_CLIENT_CONFIRMATION_OK"
16815,10410131189,10410131249,1,"IOTHUB_CLIENT_CONFIRMATION_OK"
16816,10410131390,10410131433,1,"IOTHUB_CLIENT_CONFIRMATION_OK"
16817,10410131590,10410131659,1,"IOTHUB_CLIENT_CONFIRMATION_OK"
16818,10410131790,10410131836,1,"IOTHUB_CLIENT_CONFIRMATION_OK"
16819,10410131990,10410132041,1,"IOTHUB_CLIENT_CONFIRMATION_OK"
16820,10410132190,10410132247,1,"IOTHUB_CLIENT_CONFIRMATION_OK"
16821,10410132390,10410132448,1,"IOTHUB_CLIENT_CONFIRMATION_OK"
16822,10410132591,10410132635,1,"IOTHUB_CLIENT_CONFIRMATION_OK"
16823,10410132791,10410132840,1,"IOTHUB_CLIENT_CONFIRMATION_OK"
16824,10410132991,10410133039,1,"IOTHUB_CLIENT_CONFIRMATION_OK"
16825,10410133191,10410133233,1,"IOTHUB_CLIENT_CONFIRMATION_OK"
16826,10410133391,10410133449,1,"IOTHUB_CLIENT_CONFIRMATION_OK"
16827,10410133591,10410133648,1,"IOTHUB_CLIENT_CONFIRMATION_OK"
16828,10410133791,10410133830,1,"IOTHUB_CLIENT_CONFIRMATION_OK"
16829,10410133992,10410134038,1,"IOTHUB_CLIENT_CONFIRMATION_OK"
16830,10410134192,10410134247,1,"IOTHUB_CLIENT_CONFIRMATION_OK"
16831,10410134392,10410134437,1,"IOTHUB_CLIENT_CONFIRMATION_OK"
16832,10410134592,10410134679,1,"IOTHUB_CLIENT_CONFIRMATION_OK"
16833,10410134792,10410134835,1,"IOTHUB_CLIENT_CONFIRMATION_OK"
16834,10410134992,10410135461,1,"IOTHUB_CLIENT_CONFIRMATION_OK"
16835,10410135193,10410135564,1,"IOTHUB_CLIENT_CONFIRMATION_OK"
16836,10410135393,10410135647,1,"IOTHUB_CLIENT_CONFIRMATION_OK"
16837,10410135593,10410135746,1,"IOTHUB_CLIENT_CONFIRMATION_OK"
16838,10410135793,10410135888,1,"IOTHUB_CLIENT_CONFIRMATION_OK"
16839,10410135993,10410136048,1,"IOTHUB_CLIENT_CONFIRMATION_OK"
16840,10410136193,10410136236,1,"IOTHUB_CLIENT_CONFIRMATION_OK"
16841,10410136394,10410136464,1,"IOTHUB_CLIENT_CONFIRMATION_OK"
16842,10410136594,10410136660,1,"IOTHUB_CLIENT_CONFIRMATION_OK"
16843,10410136794,10410136892,1,"IOTHUB_CLIENT_CONFIRMATION_OK"
16844,10410136994,10410137032,1,"IOTHUB_CLIENT_CONFIRMATION_OK"
16845,10410137194,10410137256,1,"IOTHUB_CLIENT_CONFIRMATION_OK"
16846,10410137394,10410137495,1,"IOTHUB_CLIENT_CONFIRMATION_OK"
16847,10410137594,10410137646,1,"IOTHUB_CLIENT_CONFIRMATION_OK"
16848,10410137795,10410137835,1,"IOTHUB_CLIENT_CONFIRMATION_OK"
16849,10410137995,10410138176,1,"IOTHUB_CLIENT_CONFIRMATION_OK"
16850,10410138195,10410138243,1,"IOTHUB_CLIENT_CONFIRMATION_OK"
16851,10410138395,10410138443,1,"IOTHUB_CLIENT_CONFIRMATION_OK"
16852,10410138595,10410138640,1,"IOTHUB_CLIENT_CONFIRMATION_OK"
16853,10410138795,10410138861,1,"IOTHUB_CLIENT_CONFIRMATION_OK"
16854,10410138995,10410139098,1,"IOTHUB_CLIENT_CONFIRMATION_OK"
16855,10410139195,10410139239,1,"IOTHUB_CLIENT_CONFIRMATION_OK"
16856,10410139396,10410139440,1,"IOTHUB_CLIENT_CONFIRMATION_OK"
16857,10410139596,10410139733,1,"IOTHUB_CLIENT_CONFIRMATION_OK"
16858,10410139796,10410139835,1,"IOTHUB_CLIENT_CONFIRMATION_OK"
16859,10410139996,10410140054,1,"IOTHUB_CLIENT_CONFIRMATION_OK"
16860,10410140196,10410140245,1,"IOTHUB_CLIENT_CONFIRMATION_OK"
16861,10410140396,10410140439,1,"IOTHUB_CLIENT_CONFIRMATION_OK"
16862,10410140597,10410140639,1,"IOTHUB_CLIENT_CONFIRMATION_OK"
16863,10410140797,10410140852,1,"IOTHUB_CLIENT_CONFIRMATION_OK"
16864,10410140997,10410141041,1,"IOTHUB_CLIENT_CONFIRMATION_OK"
16865,10410141197,10410141243,1,"IOTHUB_CLIENT_CONFIRMATION_OK"
16866,10410141397,10410141439,1,"IOTHUB_CLIENT_CONFIRMATION_OK"
16867,10410141597,10410141666,1,"IOTHUB_CLIENT_CONFIRMATION_OK"
16868,10410141797,10410141965,1,"IOTHUB_CLIENT_CONFIRMATION_OK"
16869,10410141998,10410142049,1,"IOTHUB_CLIENT_CONFIRMATION_OK"
16870,10410142198,10410142272,1,"IOTHUB_CLIENT_CONFIRMATION_OK"
16871,10410142398,10410142449,1,"IOTHUB_CLIENT_CONFIRMATION_OK"
16872,10410142598,10410142649,1,"IOTHUB_CLIENT_CONFIRMATION_OK"
16873,10410142798,10410142843,1,"IOTHUB_CLIENT_CONFIRMATION_OK"
16874,10410142998,10410143049,1,"IOTHUB_CLIENT_CONFIRMATION_OK"
16875,10410143198,10410143240,1,"IOTHUB_CLIENT_CONFIRMATION_OK"
16876,10410143399,10410143447,1,"IOTHUB_CLIENT_CONFIRMATION_OK"
16877,10410143599,10410143646,1,"IOTHUB_CLIENT_CONFIRMATION_OK"
16878,10410143799,10410143835,1,"IOTHUB_CLIENT_CONFIRMATION_OK"
16879,10410143999,10410144048,1,"IOTHUB_CLIENT_CONFIRMATION_OK"
16880,10410144199,10410144245,1,"IOTHUB_CLIENT_CONFIRMATION_OK"
16881,10410144399,10410144437,1,"IOTHUB_CLIENT_CONFIRMATION_OK"
16882,10410144599,10410144646,1,"IOTHUB_CLIENT_CONFIRMATION_OK"
16883,10410144800,10410144875,1,"IOTHUB_CLIENT_CONFIRMATION_OK"
16884,10410145000,10410145043,1,"IOTHUB_CLIENT_CONFIRMATION_OK"
16885,10410145200,10410145264,1,"IOTHUB_CLIENT_CONFIRMATION_OK"
16886,10410145400,10410145451,1,"IOTHUB_CLIENT_CONFIRMATION_OK"
16887,10410145600,10410145638,1,"IOTHUB_CLIENT_CONFIRMATION_OK"
16888,10410145800,10410145877,1,"IOTHUB_CLIENT_CONFIRMATION_OK"
16889,10410146001,10410146038,1,"IOTHUB_CLIENT_CONFIRMATION_OK"
16890,10410146201,10410146252,1,"IOTHUB_CLIENT_CONFIRMATION_OK"
16891,10410146401,10410146451,1,"IOTHUB_CLIENT_CONFIRMATION_OK"
16892,10410146601,10410146646,1,"IOTHUB_CLIENT_CONFIRMATION_OK"
16893,10410146801,10410146898,1,"IOTHUB_CLIENT_CONFIRMATION_OK"
16894,10410147001,10410147046,1,"IOTHUB_CLIENT_CONFIRMATION_OK"
16895,10410147201,10410147272,1,"IOTHUB_CLIENT_CONFIRMATION_OK"
16896,10410147402,10410147496,1,"IOTHUB_CLIENT_CONFIRMATION_OK"
16897,10410147602,10410147643,1,"IOTHUB_CLIENT_CONFIRMATION_OK"
16898,10410147802,10410147854,1,"IOTHUB_CLIENT_CONFIRMATION_OK"
16899,10410148002,10410148099,1,"IOTHUB_CLIENT_CONFIRMATION_OK"
16900,10410148202,10410148262,1,"IOTHUB_CLIENT_CONFIRMATION_OK"
16901,10410148402,10410148451,1,"IOTHUB_CLIENT_CONFIRMATION_OK"
16902,10410148603,10410148651,1,"IOTHUB_CLIENT_CONFIRMATION_OK"
16903,10410148803,10410148841,1,"IOTHUB_CLIENT_CONFIRMATION_OK"
16904,10410149003,10410149117,1,"IOTHUB_CLIENT_CONFIRMATION_OK"
16905,10410149203,10410149284,1,"IOTHUB_CLIENT_CONFIRMATION_OK"
16906,10410149403,10410149454,1,"IOTHUB_CLIENT_CONFIRMATION_OK"
16907,10410149603,10410149741,1,"IOTHUB_CLIENT_CONFIRMATION_OK"
16908,10410149803,10410149854,1,"IOTHUB_CLIENT_CONFIRMATION_OK"
16909,10410150003,10410150080,1,"IOTHUB_CLIENT_CONFIRMATION_OK"
16910,10410150204,10410150258,1,"IOTHUB_CLIENT_CONFIRMATION_OK"
16911,10410150404,10410150455,1,"IOTHUB_CLIENT_CONFIRMATION_OK"
16912,10410150604,10410150644,1,"IOTHUB_CLIENT_CONFIRMATION_OK"
16913,10410150804,10410150845,1,"IOTHUB_CLIENT_CONFIRMATION_OK"
16914,10410151004,10410151048,1,"IOTHUB_CLIENT_CONFIRMATION_OK"
16915,10410151204,10410151260,1,"IOTHUB_CLIENT_CONFIRMATION_OK"
16916,10410151405,10410151445,1,"IOTHUB_CLIENT_CONFIRMATION_OK"
16917,10410151605,10410151647,1,"IOTHUB_CLIENT_CONFIRMATION_OK"
16918,10410151805,10410151976,1,"IOTHUB_CLIENT_CONFIRMATION_OK"
16919,10410152005,10410152059,1,"IOTHUB_CLIENT_CONFIRMATION_OK"
16920,10410152205,10410152262,1,"IOTHUB_CLIENT_CONFIRMATION_OK"
16921,10410152405,10410152487,1,"IOTHUB_CLIENT_CONFIRMATION_OK"
16922,10410152605,10410152646,1,"IOTHUB_CLIENT_CONFIRMATION_OK"
16923,10410152806,10410152902,1,"IOTHUB_CLIENT_CONFIRMATION_OK"
16924,10410153006,10410153046,1,"IOTHUB_CLIENT_CONFIRMATION_OK"
16925,10410153206,10410153251,1,"IOTHUB_CLIENT_CONFIRMATION_OK"
16926,10410153406,10410153461,1,"IOTHUB_CLIENT_CONFIRMATION_OK"
16927,10410153606,10410153663,1,"IOTHUB_CLIENT_CONFIRMATION_OK"
16928,10410153806,10410153863,1,"IOTHUB_CLIENT_CONFIRMATION_OK"
16929,10410154007,10410154204,1,"IOTHUB_CLIENT_CONFIRMATION_OK"
16930,10410154207,10410154279,1,"IOTHUB_CLIENT_CONFIRMATION_OK"
16931,10410154407,10410154469,1,"IOTHUB_CLIENT_CONFIRMATION_OK"
16932,10410154607,10410154709,1,"IOTHUB_CLIENT_CONFIRMATION_OK"
16933,10410154807,10410154882,1,"IOTHUB_CLIENT_CONFIRMATION_OK"
16934,10410155007,10410155092,1,"IOTHUB_CLIENT_CONFIRMATION_OK"
16935,10410155207,10410155253,1,"IOTHUB_CLIENT_CONFIRMATION_OK"
16936,10410155408,10410155518,1,"IOTHUB_CLIENT_CONFIRMATION_OK"
16937,10410155608,10410155679,1,"IOTHUB_CLIENT_CONFIRMATION_OK"
16938,10410155808,10410155854,1,"IOTHUB_CLIENT_CONFIRMATION_OK"
16939,10410156008,10410156046,1,"IOTHUB_CLIENT_CONFIRMATION_OK"
16940,10410156208,10410156290,1,"IOTHUB_CLIENT_CONFIRMATION_OK"
16941,10410156408,10410156447,1,"IOTHUB_CLIENT_CONFIRMATION_OK"
16942,10410156608,10410156700,1,"IOTHUB_CLIENT_CONFIRMATION_OK"
16943,10410156809,10410156954,1,"IOTHUB_CLIENT_CONFIRMATION_OK"
16944,10410157009,10410157054,1,"IOTHUB_CLIENT_CONFIRMATION_OK"
16945,10410157209,10410157247,1,"IOTHUB_CLIENT_CONFIRMATION_OK"
16946,10410157409,10410157542,1,"IOTHUB_CLIENT_CONFIRMATION_OK"
16947,10410157609,10410157654,1,"IOTHUB_CLIENT_CONFIRMATION_OK"
16948,10410157809,10410157852,1,"IOTHUB_CLIENT_CONFIRMATION_OK"
16949,10410158010,10410158058,1,"IOTHUB_CLIENT_CONFIRMATION_OK"
16950,10410158210,10410158263,1,"IOTHUB_CLIENT_CONFIRMATION_OK"
16951,10410158410,10410158461,1,"IOTHUB_CLIENT_CONFIRMATION_OK"
16952,10410158610,10410158647,1,"IOTHUB_CLIENT_CONFIRMATION_OK"
16953,10410158810,10410158854,1,"IOTHUB_CLIENT_CONFIRMATION_OK"
16954,10410159010,10410159195,1,"IOTHUB_CLIENT_CONFIRMATION_OK"
16955,10410159211,10410159283,1,"IOTHUB_CLIENT_CONFIRMATION_OK"
16956,10410159411,10410159450,1,"IOTHUB_CLIENT_CONFIRMATION_OK"
16957,10410159611,10410159805,1,"IOTHUB_CLIENT_CONFIRMATION_OK"
16958,10410159811,10410159875,1,"IOTHUB_CLIENT_CONFIRMATION_OK"
16959,10410160011,10410160148,1,"IOTHUB_CLIENT_CONFIRMATION_OK"
16960,10410160211,10410160298,1,"IOTHUB_CLIENT_CONFIRMATION_OK"
16961,10410160411,10410160504,1,"IOTHUB_CLIENT_CONFIRMATION_OK"
16962,10410160612,10410160664,1,"IOTHUB_CLIENT_CONFIRMATION_OK"
16963,10410160812,10410160858,1,"IOTHUB_CLIENT_CONFIRMATION_OK"
16964,10410161012,10410161111,1,"IOTHUB_CLIENT_CONFIRMATION_OK"
16965,10410161212,10410161263,1,"IOTHUB_CLIENT_CONFIRMATION_OK"
16966,10410161412,10410161451,1,"IOTHUB_CLIENT_CONFIRMATION_OK"
16967,10410161612,10410161667,1,"IOTHUB_CLIENT_CONFIRMATION_OK"
16968,10410161813,10410161890,1,"IOTHUB_CLIENT_CONFIRMATION_OK"
16969,10410162013,10410162058,1,"IOTHUB_CLIENT_CONFIRMATION_OK"
16970,10410162213,10410162259,1,"IOTHUB_CLIENT_CONFIRMATION_OK"
16971,10410162413,10410162505,1,"IOTHUB_CLIENT_CONFIRMATION_OK"
16972,10410162613,10410162657,1,"IOTHUB_CLIENT_CONFIRMATION_OK"
16973,10410162813,10410162859,1,"IOTHUB_CLIENT_CONFIRMATION_OK"
16974,10410163013,10410163083,1,"IOTHUB_CLIENT_CONFIRMATION_OK"
16975,10410163214,10410163267,1,"IOTHUB_CLIENT_CONFIRMATION_OK"
16976,10410163414,10410163463,1,"IOTHUB_CLIENT_CONFIRMATION_OK"
16977,10410163614,10410163687,1,"IOTHUB_CLIENT_CONFIRMATION_OK"
16978,10410163814,10410163893,1,"IOTHUB_CLIENT_CONFIRMATION_OK"
16979,10410164014,10410164062,1,"IOTHUB_CLIENT_CONFIRMATION_OK"
16980,10410164214,10410164271,1,"IOTHUB_CLIENT_CONFIRMATION_OK"
16981,10410164415,10410164487,1,"IOTHUB_CLIENT_CONFIRMATION_OK"
16982,10410164615,10410164693,1,"IOTHUB_CLIENT_CONFIRMATION_OK"
16983,10410164815,10410164871,1,"IOTHUB_CLIENT_CONFIRMATION_OK"
16984,10410165015,10410165084,1,"IOTHUB_CLIENT_CONFIRMATION_OK"
16985,10410165215,10410165299,1,"IOTHUB_CLIENT_CONFIRMATION_OK"
16986,10410165415,10410165455,1,"IOTHUB_CLIENT_CONFIRMATION_OK"
16987,10410165616,10410165664,1,"IOTHUB_CLIENT_CONFIRMATION_OK"
16988,10410165816,10410165917,1,"IOTHUB_CLIENT_CONFIRMATION_OK"
16989,10410166016,10410166072,1,"IOTHUB_CLIENT_CONFIRMATION_OK"
16990,10410166216,10410166266,1,"IOTHUB_CLIENT_CONFIRMATION_OK"
16991,10410166416,10410166483,1,"IOTHUB_CLIENT_CONFIRMATION_OK"
16992,10410166616,10410166698,1,"IOTHUB_CLIENT_CONFIRMATION_OK"
16993,10410166816,10410166923,1,"IOTHUB_CLIENT_CONFIRMATION_OK"
16994,10410167017,10410167084,1,"IOTHUB_CLIENT_CONFIRMATION_OK"
16995,10410167217,10410167271,1,"IOTHUB_CLIENT_CONFIRMATION_OK"
16996,10410167417,10410167540,1,"IOTHUB_CLIENT_CONFIRMATION_OK"
16997,10410167617,10410167676,1,"IOTHUB_CLIENT_CONFIRMATION_OK"
16998,10410167817,10410167856,1,"IOTHUB_CLIENT_CONFIRMATION_OK"
16999,10410168017,10410168067,1,"IOTHUB_CLIENT_CONFIRMATION_OK"
17000,10410168218,10410168263,1,"IOTHUB_CLIENT_CONFIRMATION_OK"
17001,10410168418,10410168466,1,"IOTHUB_CLIENT_CONFIRMATION_OK"
17002,10410168618,10410168673,1,"IOTHUB_CLIENT_CONFIRMATION_OK"
17003,10410168818,10410168881,1,"IOTHUB_CLIENT_CONFIRMATION_OK"
17004,10410169018,10410169164,1,"IOTHUB_CLIENT_CONFIRMATION_OK"
17005,10410169218,10410169268,1,"IOTHUB_CLIENT_CONFIRMATION_OK"
17006,10410169418,10410169466,1,"IOTHUB_CLIENT_CONFIRMATION_OK"
17007,10410169619,10410169770,1,"IOTHUB_CLIENT_CONFIRMATION_OK"
17008,10410169819,10410169912,1,"IOTHUB_CLIENT_CONFIRMATION_OK"
17009,10410170019,10410170068,1,"IOTHUB_CLIENT_CONFIRMATION_OK"
17010,10410170219,10410170260,1,"IOTHUB_CLIENT_CONFIRMATION_OK"
17011,10410170419,10410170459,1,"IOTHUB_CLIENT_CONFIRMATION_OK"
17012,10410170619,10410170668,1,"IOTHUB_CLIENT_CONFIRMATION_OK"
17013,10410170819,10410170862,1,"IOTHUB_CLIENT_CONFIRMATION_OK"
17014,10410171020,10410171071,1,"IOTHUB_CLIENT_CONFIRMATION_OK"
17015,10410171220,10410171266,1,"IOTHUB_CLIENT_CONFIRMATION_OK"
17016,10410171420,10410171472,1,"IOTHUB_CLIENT_CONFIRMATION_OK"
17017,10410171620,10410171699,1,"IOTHUB_CLIENT_CONFIRMATION_OK"
17018,10410171820,10410172032,1,"IOTHUB_CLIENT_CONFIRMATION_OK"
17019,10410172020,10410172067,1,"IOTHUB_CLIENT_CONFIRMATION_OK"
17020,10410172221,10410172356,1,"IOTHUB_CLIENT_CONFIRMATION_OK"
17021,10410172421,10410172475,1,"IOTHUB_CLIENT_CONFIRMATION_OK"
17022,10410172621,10410172696,1,"IOTHUB_CLIENT_CONFIRMATION_OK"
17023,10410172821,10410172879,1,"IOTHUB_CLIENT_CONFIRMATION_OK"
17024,10410173021,10410173065,1,"IOTHUB_CLIENT_CONFIRMATION_OK"
17025,10410173221,10410173321,1,"IOTHUB_CLIENT_CONFIRMATION_OK"
17026,10410173422,10410173474,1,"IOTHUB_CLIENT_CONFIRMATION_OK"
17027,10410173622,10410173679,1,"IOTHUB_CLIENT_CONFIRMATION_OK"
17028,10410173822,10410173885,1,"IOTHUB_CLIENT_CONFIRMATION_OK"
17029,10410174022,10410174075,1,"IOTHUB_CLIENT_CONFIRMATION_OK"
17030,10410174222,10410174264,1,"IOTHUB_CLIENT_CONFIRMATION_OK"
17031,10410174422,10410174474,1,"IOTHUB_CLIENT_CONFIRMATION_OK"
17032,10410174622,10410174685,1,"IOTHUB_CLIENT_CONFIRMATION_OK"
17033,10410174823,10410174863,1,"IOTHUB_CLIENT_CONFIRMATION_OK"
17034,10410175023,10410175086,1,"IOTHUB_CLIENT_CONFIRMATION_OK"
17035,10410175223,10410175293,1,"IOTHUB_CLIENT_CONFIRMATION_OK"
17036,10410175423,10410175463,1,"IOTHUB_CLIENT_CONFIRMATION_OK"
17037,10410175623,10410175667,1,"IOTHUB_CLIENT_CONFIRMATION_OK"
17038,10410175823,10410175883,1,"IOTHUB_CLIENT_CONFIRMATION_OK"
17039,10410176023,10410176067,1,"IOTHUB_CLIENT_CONFIRMATION_OK"
17040,10410176224,10410176298,1,"IOTHUB_CLIENT_CONFIRMATION_OK"
17041,10410176424,10410176498,1,"IOTHUB_CLIENT_CONFIRMATION_OK"
17042,10410176624,10410176673,1,"IOTHUB_CLIENT_CONFIRMATION_OK"
17043,10410176824,10410176973,1,"IOTHUB_CLIENT_CONFIRMATION_OK"
17044,10410177024,10410177096,1,"IOTHUB_CLIENT_CONFIRMATION_OK"
17045,10410177224,10410177287,1,"IOTHUB_CLIENT_CONFIRMATION_OK"
17046,10410177425,10410177517,1,"IOTHUB_CLIENT_CONFIRMATION_OK"
17047,10410177625,10410177664,1,"IOTHUB_CLIENT_CONFIRMATION_OK"
17048,10410177825,10410177870,1,"IOTHUB_CLIENT_CONFIRMATION_OK"
17049,10410178025,10410178117,1,"IOTHUB_CLIENT_CONFIRMATION_OK"
17050,10410178225,10410178269,1,"IOTHUB_CLIENT_CONFIRMATION_OK"
17051,10410178425,10410178470,1,"IOTHUB_CLIENT_CONFIRMATION_OK"
17052,10410178626,10410178670,1,"IOTHUB_CLIENT_CONFIRMATION_OK"
17053,10410178826,10410178880,1,"IOTHUB_CLIENT_CONFIRMATION_OK"
17054,10410179026,10410179115,1,"IOTHUB_CLIENT_CONFIRMATION_OK"
17055,10410179226,10410179274,1,"IOTHUB_CLIENT_CONFIRMATION_OK"
17056,10410179426,10410179479,1,"IOTHUB_CLIENT_CONFIRMATION_OK"
17057,10410179626,10410179755,1,"IOTHUB_CLIENT_CONFIRMATION_OK"
17058,10410179826,10410179874,1,"IOTHUB_CLIENT_CONFIRMATION_OK"
17059,10410180027,10410180081,1,"IOTHUB_CLIENT_CONFIRMATION_OK"
17060,10410180227,10410180351,1,"IOTHUB_CLIENT_CONFIRMATION_OK"
17061,10410180427,10410180470,1,"IOTHUB_CLIENT_CONFIRMATION_OK"
17062,10410180627,10410180665,1,"IOTHUB_CLIENT_CONFIRMATION_OK"
17063,10410180827,10410180870,1,"IOTHUB_CLIENT_CONFIRMATION_OK"
17064,10410181027,10410181074,1,"IOTHUB_CLIENT_CONFIRMATION_OK"
17065,10410181228,10410181293,1,"IOTHUB_CLIENT_CONFIRMATION_OK"
17066,10410181428,10410181469,1,"IOTHUB_CLIENT_CONFIRMATION_OK"
17067,10410181628,10410181686,1,"IOTHUB_CLIENT_CONFIRMATION_OK"
17068,10410181828,10410182016,1,"IOTHUB_CLIENT_CONFIRMATION_OK"
17069,10410182028,10410182089,1,"IOTHUB_CLIENT_CONFIRMATION_OK"
17070,10410182228,10410182282,1,"IOTHUB_CLIENT_CONFIRMATION_OK"
17071,10410182428,10410182474,1,"IOTHUB_CLIENT_CONFIRMATION_OK"
17072,10410182629,10410182674,1,"IOTHUB_CLIENT_CONFIRMATION_OK"
17073,10410182829,10410182865,1,"IOTHUB_CLIENT_CONFIRMATION_OK"
17074,10410183029,10410183082,1,"IOTHUB_CLIENT_CONFIRMATION_OK"
17075,10410183229,10410183269,1,"IOTHUB_CLIENT_CONFIRMATION_OK"
17076,10410183429,10410183627,1,"IOTHUB_CLIENT_CONFIRMATION_OK"
17077,10410183629,10410183711,1,"IOTHUB_CLIENT_CONFIRMATION_OK"
17078,10410183830,10410183892,1,"IOTHUB_CLIENT_CONFIRMATION_OK"
17079,10410184030,10410184298,1,"IOTHUB_CLIENT_CONFIRMATION_OK"
17080,10410184230,10410184366,1,"IOTHUB_CLIENT_CONFIRMATION_OK"
17081,10410184430,10410184485,1,"IOTHUB_CLIENT_CONFIRMATION_OK"
17082,10410184630,10410184713,1,"IOTHUB_CLIENT_CONFIRMATION_OK"
17083,10410184830,10410184907,1,"IOTHUB_CLIENT_CONFIRMATION_OK"
17084,10410185030,10410185103,1,"IOTHUB_CLIENT_CONFIRMATION_OK"
17085,10410185231,10410185316,1,"IOTHUB_CLIENT_CONFIRMATION_OK"
17086,10410185431,10410185488,1,"IOTHUB_CLIENT_CONFIRMATION_OK"
17087,10410185631,10410185675,1,"IOTHUB_CLIENT_CONFIRMATION_OK"
17088,10410185831,10410185883,1,"IOTHUB_CLIENT_CONFIRMATION_OK"
17089,10410186031,10410186103,1,"IOTHUB_CLIENT_CONFIRMATION_OK"
17090,10410186231,10410186280,1,"IOTHUB_CLIENT_CONFIRMATION_OK"
17091,10410186432,10410186513,1,"IOTHUB_CLIENT_CONFIRMATION_OK"
17092,10410186632,10410186673,1,"IOTHUB_CLIENT_CONFIRMATION_OK"
17093,10410186832,10410186951,1,"IOTHUB_CLIENT_CONFIRMATION_OK"
17094,10410187032,10410187072,1,"IOTHUB_CLIENT_CONFIRMATION_OK"
17095,10410187232,10410187301,1,"IOTHUB_CLIENT_CONFIRMATION_OK"
17096,10410187432,10410187518,1,"IOTHUB_CLIENT_CONFIRMATION_OK"
17097,10410187632,10410187677,1,"IOTHUB_CLIENT_CONFIRMATION_OK"
17098,10410187832,10410187875,1,"IOTHUB_CLIENT_CONFIRMATION_OK"
17099,10410188033,10410188104,1,"IOTHUB_CLIENT_CONFIRMATION_OK"
17100,10410188233,10410188282,1,"IOTHUB_CLIENT_CONFIRMATION_OK"
17101,10410188433,10410188475,1,"IOTHUB_CLIENT_CONFIRMATION_OK"
17102,10410188633,10410188674,1,"IOTHUB_CLIENT_CONFIRMATION_OK"
17103,10410188833,10410188868,1,"IOTHUB_CLIENT_CONFIRMATION_OK"
17104,10410189033,10410189126,1,"IOTHUB_CLIENT_CONFIRMATION_OK"
17105,10410189234,10410189300,1,"IOTHUB_CLIENT_CONFIRMATION_OK"
17106,10410189434,10410189486,1,"IOTHUB_CLIENT_CONFIRMATION_OK"
17107,10410189634,10410189742,1,"IOTHUB_CLIENT_CONFIRMATION_OK"
17108,10410189834,10410189880,1,"IOTHUB_CLIENT_CONFIRMATION_OK"
17109,10410190034,10410190094,1,"IOTHUB_CLIENT_CONFIRMATION_OK"
17110,10410190234,10410190358,1,"IOTHUB_CLIENT_CONFIRMATION_OK"
17111,10410190434,10410190488,1,"IOTHUB_CLIENT_CONFIRMATION_OK"
17112,10410190635,10410190679,1,"IOTHUB_CLIENT_CONFIRMATION_OK"
17113,10410190835,10410190900,1,"IOTHUB_CLIENT_CONFIRMATION_OK"
17114,10410191035,10410191093,1,"IOTHUB_CLIENT_CONFIRMATION_OK"
17115,10410191235,10410191276,1,"IOTHUB_CLIENT_CONFIRMATION_OK"
17116,10410191435,10410191486,1,"IOTHUB_CLIENT_CONFIRMATION_OK"
17117,10410191635,10410191708,1,"IOTHUB_CLIENT_CONFIRMATION_OK"
17118,10410191836,10410192069,1,"IOTHUB_CLIENT_CONFIRMATION_OK"
17119,10410192036,10410192114,1,"IOTHUB_CLIENT_CONFIRMATION_OK"
17120,10410192236,10410192278,1,"IOTHUB_CLIENT_CONFIRMATION_OK"
17121,10410192436,10410192569,1,"IOTHUB_CLIENT_CONFIRMATION_OK"
17122,10410192636,10410192682,1,"IOTHUB_CLIENT_CONFIRMATION_OK"
17123,10410192836,10410192896,1,"IOTHUB_CLIENT_CONFIRMATION_OK"
17124,10410193036,10410193077,1,"IOTHUB_CLIENT_CONFIRMATION_OK"
17125,10410193237,10410193279,1,"IOTHUB_CLIENT_CONFIRMATION_OK"
17126,10410193437,10410193497,1,"IOTHUB_CLIENT_CONFIRMATION_OK"
17127,10410193637,10410193731,1,"IOTHUB_CLIENT_CONFIRMATION_OK"
17128,10410193837,10410193887,1,"IOTHUB_CLIENT_CONFIRMATION_OK"
17129,10410194037,10410194208,1,"IOTHUB_CLIENT_CONFIRMATION_OK"
17130,10410194237,10410194284,1,"IOTHUB_CLIENT_CONFIRMATION_OK"
17131,10410194438,10410194496,1,"IOTHUB_CLIENT_CONFIRMATION_OK"
17132,10410194638,10410194828,1,"IOTHUB_CLIENT_CONFIRMATION_OK"
17133,10410194838,10410194957,1,"IOTHUB_CLIENT_CONFIRMATION_OK"
17134,10410195038,10410195088,1,"IOTHUB_CLIENT_CONFIRMATION_OK"
17135,10410195238,10410195308,1,"IOTHUB_CLIENT_CONFIRMATION_OK"
17136,10410195438,10410195485,1,"IOTHUB_CLIENT_CONFIRMATION_OK"
17137,10410195638,10410195690,1,"IOTHUB_CLIENT_CONFIRMATION_OK"
17138,10410195839,10410195889,1,"IOTHUB_CLIENT_CONFIRMATION_OK"
17139,10410196039,10410196090,1,"IOTHUB_CLIENT_CONFIRMATION_OK"
17140,10410196239,10410196289,1,"IOTHUB_CLIENT_CONFIRMATION_OK"
17141,10410196439,10410196543,1,"IOTHUB_CLIENT_CONFIRMATION_OK"
17142,10410196639,10410196691,1,"IOTHUB_CLIENT_CONFIRMATION_OK"
17143,10410196839,10410196890,1,"IOTHUB_CLIENT_CONFIRMATION_OK"
17144,10410197040,10410197076,1,"IOTHUB_CLIENT_CONFIRMATION_OK"
17145,10410197240,10410197291,1,"IOTHUB_CLIENT_CONFIRMATION_OK"
17146,10410197440,10410197493,1,"IOTHUB_CLIENT_CONFIRMATION_OK"
17147,10410197640,10410197686,1,"IOTHUB_CLIENT_CONFIRMATION_OK"
17148,10410197840,10410197887,1,"IOTHUB_CLIENT_CONFIRMATION_OK"
17149,10410198040,10410198089,1,"IOTHUB_CLIENT_CONFIRMATION_OK"
17150,10410198240,10410198361,1,"IOTHUB_CLIENT_CONFIRMATION_OK"
17151,10410198441,10410198484,1,"IOTHUB_CLIENT_CONFIRMATION_OK"
17152,10410198641,10410198718,1,"IOTHUB_CLIENT_CONFIRMATION_OK"
17153,10410198841,10410198914,1,"IOTHUB_CLIENT_CONFIRMATION_OK"
17154,10410199041,10410199091,1,"IOTHUB_CLIENT_CONFIRMATION_OK"
17155,10410199241,10410199286,1,"IOTHUB_CLIENT_CONFIRMATION_OK"
17156,10410199441,10410199493,1,"IOTHUB_CLIENT_CONFIRMATION_OK"
17157,10410199642,10410199750,1,"IOTHUB_CLIENT_CONFIRMATION_OK"
17158,10410199842,10410199888,1,"IOTHUB_CLIENT_CONFIRMATION_OK"
17159,10410200042,10410200148,1,"IOTHUB_CLIENT_CONFIRMATION_OK"
17160,10410200242,10410200337,1,"IOTHUB_CLIENT_CONFIRMATION_OK"
17161,10410200442,10410200479,1,"IOTHUB_CLIENT_CONFIRMATION_OK"
17162,10410200642,10410200702,1,"IOTHUB_CLIENT_CONFIRMATION_OK"
17163,10410200842,10410200895,1,"IOTHUB_CLIENT_CONFIRMATION_OK"
17164,10410201043,10410201096,1,"IOTHUB_CLIENT_CONFIRMATION_OK"
17165,10410201243,10410201299,1,"IOTHUB_CLIENT_CONFIRMATION_OK"
17166,10410201443,10410201478,1,"IOTHUB_CLIENT_CONFIRMATION_OK"
17167,10410201643,10410201712,1,"IOTHUB_CLIENT_CONFIRMATION_OK"
17168,10410201843,10410201974,1,"IOTHUB_CLIENT_CONFIRMATION_OK"
17169,10410202043,10410202102,1,"IOTHUB_CLIENT_CONFIRMATION_OK"
17170,10410202244,10410202299,1,"IOTHUB_CLIENT_CONFIRMATION_OK"
17171,10410202444,10410202574,1,"IOTHUB_CLIENT_CONFIRMATION_OK"
17172,10410202644,10410202716,1,"IOTHUB_CLIENT_CONFIRMATION_OK"
17173,10410202844,10410202911,1,"IOTHUB_CLIENT_CONFIRMATION_OK"
17174,10410203044,10410203096,1,"IOTHUB_CLIENT_CONFIRMATION_OK"
17175,10410203244,10410203280,1,"IOTHUB_CLIENT_CONFIRMATION_OK"
17176,10410203444,10410203538,1,"IOTHUB_CLIENT_CONFIRMATION_OK"
17177,10410203645,10410203682,1,"IOTHUB_CLIENT_CONFIRMATION_OK"
17178,10410203845,10410203924,1,"IOTHUB_CLIENT_CONFIRMATION_OK"
17179,10410204045,10410204224,1,"IOTHUB_CLIENT_CONFIRMATION_OK"
17180,10410204245,10410204291,1,"IOTHUB_CLIENT_CONFIRMATION_OK"
17181,10410204445,10410204488,1,"IOTHUB_CLIENT_CONFIRMATION_OK"
17182,10410204645,10410204693,1,"IOTHUB_CLIENT_CONFIRMATION_OK"
17183,10410204845,10410204908,1,"IOTHUB_CLIENT_CONFIRMATION_OK"
17184,10410205046,10410205095,1,"IOTHUB_CLIENT_CONFIRMATION_OK"
17185,10410205246,10410205293,1,"IOTHUB_CLIENT_CONFIRMATION_OK"
17186,10410205446,10410205524,1,"IOTHUB_CLIENT_CONFIRMATION_OK"
17187,10410205646,10410205753,1,"IOTHUB_CLIENT_CONFIRMATION_OK"
17188,10410205846,10410205901,1,"IOTHUB_CLIENT_CONFIRMATION_OK"
17189,10410206046,10410206134,1,"IOTHUB_CLIENT_CONFIRMATION_OK"
17190,10410206247,10410206288,1,"IOTHUB_CLIENT_CONFIRMATION_OK"
17191,10410206447,10410206493,1,"IOTHUB_CLIENT_CONFIRMATION_OK"
17192,10410206647,10410206703,1,"IOTHUB_CLIENT_CONFIRMATION_OK"
17193,10410206847,10410206911,1,"IOTHUB_CLIENT_CONFIRMATION_OK"
17194,10410207047,10410207100,1,"IOTHUB_CLIENT_CONFIRMATION_OK"
17195,10410207247,10410207290,1,"IOTHUB_CLIENT_CONFIRMATION_OK"
17196,10410207447,10410207781,1,"IOTHUB_CLIENT_CONFIRMATION_OK"
17197,10410207648,10410207881,1,"IOTHUB_CLIENT_CONFIRMATION_OK"
17198,10410207848,10410207948,1,"IOTHUB_CLIENT_CONFIRMATION_OK"
17199,10410208048,10410208110,1,"IOTHUB_CLIENT_CONFIRMATION_OK"
17200,10410208248,10410208341,1,"IOTHUB_CLIENT_CONFIRMATION_OK"
17201,10410208448,10410208489,1,"IOTHUB_CLIENT_CONFIRMATION_OK"
17202,10410208648,10410208698,1,"IOTHUB_CLIENT_CONFIRMATION_OK"
17203,10410208849,10410208895,1,"IOTHUB_CLIENT_CONFIRMATION_OK"
17204,10410209049,10410209116,1,"IOTHUB_CLIENT_CONFIRMATION_OK"
17205,10410209249,10410209301,1,"IOTHUB_CLIENT_CONFIRMATION_OK"
17206,10410209449,10410209491,1,"IOTHUB_CLIENT_CONFIRMATION_OK"
17207,10410209649,10410209740,1,"IOTHUB_CLIENT_CONFIRMATION_OK"
17208,10410209849,10410209915,1,"IOTHUB_CLIENT_CONFIRMATION_OK"
17209,10410210049,10410210087,1,"IOTHUB_CLIENT_CONFIRMATION_OK"
17210,10410210250,10410210398,1,"IOTHUB_CLIENT_CONFIRMATION_OK"
17211,10410210450,10410210502,1,"IOTHUB_CLIENT_CONFIRMATION_OK"
17212,10410210650,10410210705,1,"IOTHUB_CLIENT_CONFIRMATION_OK"
17213,10410210850,10410210902,1,"IOTHUB_CLIENT_CONFIRMATION_OK"
17214,10410211050,10410211128,1,"IOTHUB_CLIENT_CONFIRMATION_OK"
17215,10410211250,10410211482,1,"IOTHUB_CLIENT_CONFIRMATION_OK"
17216,10410211451,10410211524,1,"IOTHUB_CLIENT_CONFIRMATION_OK"
17217,10410211651,10410211727,1,"IOTHUB_CLIENT_CONFIRMATION_OK"
17218,10410211851,10410212025,1,"IOTHUB_CLIENT_CONFIRMATION_OK"
17219,10410212051,10410212108,1,"IOTHUB_CLIENT_CONFIRMATION_OK"
17220,10410212251,10410212292,1,"IOTHUB_CLIENT_CONFIRMATION_OK"
17221,10410212451,10410212656,1,"IOTHUB_CLIENT_CONFIRMATION_OK"
17222,10410212652,10410212694,1,"IOTHUB_CLIENT_CONFIRMATION_OK"
17223,10410212852,10410212936,1,"IOTHUB_CLIENT_CONFIRMATION_OK"
17224,10410213052,10410213202,1,"IOTHUB_CLIENT_CONFIRMATION_OK"
17225,10410213252,10410213297,1,"IOTHUB_CLIENT_CONFIRMATION_OK"
17226,10410213452,10410213571,1,"IOTHUB_CLIENT_CONFIRMATION_OK"
17227,10410213652,10410213695,1,"IOTHUB_CLIENT_CONFIRMATION_OK"
17228,10410213852,10410213899,1,"IOTHUB_CLIENT_CONFIRMATION_OK"
17229,10410214053,10410214212,1,"IOTHUB_CLIENT_CONFIRMATION_OK"
17230,10410214253,10410214304,1,"IOTHUB_CLIENT_CONFIRMATION_OK"
17231,10410214453,10410214492,1,"IOTHUB_CLIENT_CONFIRMATION_OK"
17232,10410214653,10410214842,1,"IOTHUB_CLIENT_CONFIRMATION_OK"
17233,10410214853,10410214910,1,"IOTHUB_CLIENT_CONFIRMATION_OK"
17234,10410215053,10410215090,1,"IOTHUB_CLIENT_CONFIRMATION_OK"
17235,10410215254,10410215303,1,"IOTHUB_CLIENT_CONFIRMATION_OK"
17236,10410215454,10410215494,1,"IOTHUB_CLIENT_CONFIRMATION_OK"
17237,10410215654,10410215710,1,"IOTHUB_CLIENT_CONFIRMATION_OK"
17238,10410215854,10410215909,1,"IOTHUB_CLIENT_CONFIRMATION_OK"
17239,10410216054,10410216112,1,"IOTHUB_CLIENT_CONFIRMATION_OK"
17240,10410216254,10410216305,1,"IOTHUB_CLIENT_CONFIRMATION_OK"
17241,10410216454,10410216508,1,"IOTHUB_CLIENT_CONFIRMATION_OK"
17242,10410216655,10410216709,1,"IOTHUB_CLIENT_CONFIRMATION_OK"
17243,10410216855,10410216908,1,"IOTHUB_CLIENT_CONFIRMATION_OK"
17244,10410217055,10410217131,1,"IOTHUB_CLIENT_CONFIRMATION_OK"
17245,10410217255,10410217410,1,"IOTHUB_CLIENT_CONFIRMATION_OK"
17246,10410217455,10410217497,1,"IOTHUB_CLIENT_CONFIRMATION_OK"
17247,10410217655,10410217705,1,"IOTHUB_CLIENT_CONFIRMATION_OK"
17248,10410217856,10410217907,1,"IOTHUB_CLIENT_CONFIRMATION_OK"
17249,10410218056,10410218092,1,"IOTHUB_CLIENT_CONFIRMATION_OK"
17250,10410218256,10410218294,1,"IOTHUB_CLIENT_CONFIRMATION_OK"
17251,10410218456,10410218507,1,"IOTHUB_CLIENT_CONFIRMATION_OK"
17252,10410218656,10410218754,1,"IOTHUB_CLIENT_CONFIRMATION_OK"
17253,10410218856,10410218914,1,"IOTHUB_CLIENT_CONFIRMATION_OK"
17254,10410219057,10410219105,1,"IOTHUB_CLIENT_CONFIRMATION_OK"
17255,10410219257,10410219301,1,"IOTHUB_CLIENT_CONFIRMATION_OK"
17256,10410219457,10410219498,1,"IOTHUB_CLIENT_CONFIRMATION_OK"
17257,10410219657,10410219805,1,"IOTHUB_CLIENT_CONFIRMATION_OK"
17258,10410219857,10410219934,1,"IOTHUB_CLIENT_CONFIRMATION_OK"
17259,10410220057,10410220102,1,"IOTHUB_CLIENT_CONFIRMATION_OK"
17260,10410220257,10410220350,1,"IOTHUB_CLIENT_CONFIRMATION_OK"
17261,10410220458,10410220506,1,"IOTHUB_CLIENT_CONFIRMATION_OK"
17262,10410220658,10410220725,1,"IOTHUB_CLIENT_CONFIRMATION_OK"
17263,10410220858,10410220945,1,"IOTHUB_CLIENT_CONFIRMATION_OK"
17264,10410221058,10410221144,1,"IOTHUB_CLIENT_CONFIRMATION_OK"
17265,10410221258,10410221310,1,"IOTHUB_CLIENT_CONFIRMATION_OK"
17266,10410221458,10410221512,1,"IOTHUB_CLIENT_CONFIRMATION_OK"
17267,10410221658,10410221702,1,"IOTHUB_CLIENT_CONFIRMATION_OK"
17268,10410221859,10410221989,1,"IOTHUB_CLIENT_CONFIRMATION_OK"
17269,10410222059,10410222106,1,"IOTHUB_CLIENT_CONFIRMATION_OK"
17270,10410222259,10410222304,1,"IOTHUB_CLIENT_CONFIRMATION_OK"
17271,10410222459,10410222667,1,"IOTHUB_CLIENT_CONFIRMATION_OK"
17272,10410222659,10410222706,1,"IOTHUB_CLIENT_CONFIRMATION_OK"
17273,10410222859,10410222913,1,"IOTHUB_CLIENT_CONFIRMATION_OK"
17274,10410223060,10410223095,1,"IOTHUB_CLIENT_CONFIRMATION_OK"
17275,10410223260,10410223300,1,"IOTHUB_CLIENT_CONFIRMATION_OK"
17276,10410223460,10410223520,1,"IOTHUB_CLIENT_CONFIRMATION_OK"
17277,10410223660,10410223704,1,"IOTHUB_CLIENT_CONFIRMATION_OK"
17278,10410223860,10410223924,1,"IOTHUB_CLIENT_CONFIRMATION_OK"
17279,10410224060,10410224114,1,"IOTHUB_CLIENT_CONFIRMATION_OK"
17280,10410224260,10410224334,1,"IOTHUB_CLIENT_CONFIRMATION_OK"
17281,10410224461,10410224513,1,"IOTHUB_CLIENT_CONFIRMATION_OK"
17282,10410224661,10410224834,1,"IOTHUB_CLIENT_CONFIRMATION_OK"
17283,10410224861,10410224968,1,"IOTHUB_CLIENT_CONFIRMATION_OK"
17284,10410225061,10410225343,1,"IOTHUB_CLIENT_CONFIRMATION_OK"
17285,10410225261,10410225431,1,"IOTHUB_CLIENT_CONFIRMATION_OK"
17286,10410225461,10410225537,1,"IOTHUB_CLIENT_CONFIRMATION_OK"
17287,10410225662,10410225723,1,"IOTHUB_CLIENT_CONFIRMATION_OK"
17288,10410225862,10410225911,1,"IOTHUB_CLIENT_CONFIRMATION_OK"
17289,10410226062,10410226117,1,"IOTHUB_CLIENT_CONFIRMATION_OK"
17290,10410226262,10410226332,1,"IOTHUB_CLIENT_CONFIRMATION_OK"
17291,10410226462,10410226537,1,"IOTHUB_CLIENT_CONFIRMATION_OK"
17292,10410226662,10410226738,1,"IOTHUB_CLIENT_CONFIRMATION_OK"
17293,10410226863,10410227074,1,"IOTHUB_CLIENT_CONFIRMATION_OK"
17294,10410227063,10410227112,1,"IOTHUB_CLIENT_CONFIRMATION_OK"
17295,10410227263,10410227301,1,"IOTHUB_CLIENT_CONFIRMATION_OK"
17296,10410227463,10410227518,1,"IOTHUB_CLIENT_CONFIRMATION_OK"
17297,10410227663,10410227725,1,"IOTHUB_CLIENT_CONFIRMATION_OK"
17298,10410227863,10410227901,1,"IOTHUB_CLIENT_CONFIRMATION_OK"
17299,10410228063,10410228121,1,"IOTHUB_CLIENT_CONFIRMATION_OK"
17300,10410228264,10410228323,1,"IOTHUB_CLIENT_CONFIRMATION_OK"
17301,10410228464,10410228522,1,"IOTHUB_CLIENT_CONFIRMATION_OK"
17302,10410228664,10410228737,1,"IOTHUB_CLIENT_CONFIRMATION_OK"
17303,10410228864,10410228912,1,"IOTHUB_CLIENT_CONFIRMATION_OK"
17304,10410229064,10410229252,1,"IOTHUB_CLIENT_CONFIRMATION_OK"
17305,10410229264,10410229390,1,"IOTHUB_CLIENT_CONFIRMATION_OK"
17306,10410229465,10410229543,1,"IOTHUB_CLIENT_CONFIRMATION_OK"
17307,10410229665,10410229736,1,"IOTHUB_CLIENT_CONFIRMATION_OK"
17308,10410229865,10410229908,1,"IOTHUB_CLIENT_CONFIRMATION_OK"
17309,10410230065,10410230110,1,"IOTHUB_CLIENT_CONFIRMATION_OK"
17310,10410230265,10410230347,1,"IOTHUB_CLIENT_CONFIRMATION_OK"
17311,10410230465,10410230512,1,"IOTHUB_CLIENT_CONFIRMATION_OK"
17312,10410230665,10410230735,1,"IOTHUB_CLIENT_CONFIRMATION_OK"
17313,10410230866,10410230983,1,"IOTHUB_CLIENT_CONFIRMATION_OK"
17314,10410231066,10410231108,1,"IOTHUB_CLIENT_CONFIRMATION_OK"
17315,10410231266,10410231313,1,"IOTHUB_CLIENT_CONFIRMATION_OK"
17316,10410231466,10410231515,1,"IOTHUB_CLIENT_CONFIRMATION_OK"
17317,10410231666,10410231708,1,"IOTHUB_CLIENT_CONFIRMATION_OK"
17318,10410231866,10410231962,1,"IOTHUB_CLIENT_CONFIRMATION_OK"
17319,10410232066,10410232122,1,"IOTHUB_CLIENT_CONFIRMATION_OK"
17320,10410232267,10410232317,1,"IOTHUB_CLIENT_CONFIRMATION_OK"
17321,10410232467,10410232581,1,"IOTHUB_CLIENT_CONFIRMATION_OK"
17322,10410232667,10410232720,1,"IOTHUB_CLIENT_CONFIRMATION_OK"
17323,10410232867,10410232927,1,"IOTHUB_CLIENT_CONFIRMATION_OK"
17324,10410233067,10410233103,1,"IOTHUB_CLIENT_CONFIRMATION_OK"
17325,10410233267,10410233311,1,"IOTHUB_CLIENT_CONFIRMATION_OK"
17326,10410233468,10410233541,1,"IOTHUB_CLIENT_CONFIRMATION_OK"
17327,10410233668,10410233725,1,"IOTHUB_CLIENT_CONFIRMATION_OK"
17328,10410233868,10410233909,1,"IOTHUB_CLIENT_CONFIRMATION_OK"
17329,10410234068,10410234119,1,"IOTHUB_CLIENT_CONFIRMATION_OK"
17330,10410234268,10410234319,1,"IOTHUB_CLIENT_CONFIRMATION_OK"
17331,10410234468,10410234517,1,"IOTHUB_CLIENT_CONFIRMATION_OK"
17332,10410234669,10410234710,1,"IOTHUB_CLIENT_CONFIRMATION_OK"
17333,10410234869,10410234939,1,"IOTHUB_CLIENT_CONFIRMATION_OK"
17334,10410235069,10410235150,1,"IOTHUB_CLIENT_CONFIRMATION_OK"
17335,10410235269,10410235318,1,"IOTHUB_CLIENT_CONFIRMATION_OK"
17336,10410235469,10410235536,1,"IOTHUB_CLIENT_CONFIRMATION_OK"
17337,10410235669,10410235719,1,"IOTHUB_CLIENT_CONFIRMATION_OK"
17338,10410235869,10410235916,1,"IOTHUB_CLIENT_CONFIRMATION_OK"
17339,10410236070,10410236134,1,"IOTHUB_CLIENT_CONFIRMATION_OK"
17340,10410236270,10410236315,1,"IOTHUB_CLIENT_CONFIRMATION_OK"
17341,10410236470,10410236511,1,"IOTHUB_CLIENT_CONFIRMATION_OK"
17342,10410236670,10410236715,1,"IOTHUB_CLIENT_CONFIRMATION_OK"
17343,10410236870,10410236910,1,"IOTHUB_CLIENT_CONFIRMATION_OK"
17344,10410237070,10410237115,1,"IOTHUB_CLIENT_CONFIRMATION_OK"
17345,10410237270,10410237320,1,"IOTHUB_CLIENT_CONFIRMATION_OK"
17346,10410237471,10410237554,1,"IOTHUB_CLIENT_CONFIRMATION_OK"
17347,10410237671,10410237717,1,"IOTHUB_CLIENT_CONFIRMATION_OK"
17348,10410237871,10410237916,1,"IOTHUB_CLIENT_CONFIRMATION_OK"
17349,10410238071,10410238133,1,"IOTHUB_CLIENT_CONFIRMATION_OK"
17350,10410238271,10410238322,1,"IOTHUB_CLIENT_CONFIRMATION_OK"
17351,10410238471,10410238528,1,"IOTHUB_CLIENT_CONFIRMATION_OK"
17352,10410238672,10410238730,1,"IOTHUB_CLIENT_CONFIRMATION_OK"
17353,10410238872,10410238944,1,"IOTHUB_CLIENT_CONFIRMATION_OK"
17354,10410239072,10410239135,1,"IOTHUB_CLIENT_CONFIRMATION_OK"
17355,10410239272,10410239352,1,"IOTHUB_CLIENT_CONFIRMATION_OK"
17356,10410239472,10410239530,1,"IOTHUB_CLIENT_CONFIRMATION_OK"
17357,10410239672,10410239823,1,"IOTHUB_CLIENT_CONFIRMATION_OK"
17358,10410239872,10410239927,1,"IOTHUB_CLIENT_CONFIRMATION_OK"
17359,10410240073,10410240137,1,"IOTHUB_CLIENT_CONFIRMATION_OK"
17360,10410240273,10410240334,1,"IOTHUB_CLIENT_CONFIRMATION_OK"
17361,10410240473,10410240516,1,"IOTHUB_CLIENT_CONFIRMATION_OK"
17362,10410240673,10410240729,1,"IOTHUB_CLIENT_CONFIRMATION_OK"
17363,10410240873,10410240956,1,"IOTHUB_CLIENT_CONFIRMATION_OK"
17364,10410241073,10410241129,1,"IOTHUB_CLIENT_CONFIRMATION_OK"
17365,10410241274,10410241324,1,"IOTHUB_CLIENT_CONFIRMATION_OK"
17366,10410241474,10410241655,1,"IOTHUB_CLIENT_CONFIRMATION_OK"
17367,10410241674,10410241724,1,"IOTHUB_CLIENT_CONFIRMATION_OK"
17368,10410241874,10410242123,1,"IOTHUB_CLIENT_CONFIRMATION_OK"
17369,10410242074,10410242163,1,"IOTHUB_CLIENT_CONFIRMATION_OK"
17370,10410242274,10410242378,1,"IOTHUB_CLIENT_CONFIRMATION_OK"
17371,10410242474,10410242527,1,"IOTHUB_CLIENT_CONFIRMATION_OK"
17372,10410242675,10410242740,1,"IOTHUB_CLIENT_CONFIRMATION_OK"
17373,10410242875,10410242928,1,"IOTHUB_CLIENT_CONFIRMATION_OK"
17374,10410243075,10410243115,1,"IOTHUB_CLIENT_CONFIRMATION_OK"
17375,10410243275,10410243322,1,"IOTHUB_CLIENT_CONFIRMATION_OK"
17376,10410243475,10410243515,1,"IOTHUB_CLIENT_CONFIRMATION_OK"
17377,10410243675,10410243715,1,"IOTHUB_CLIENT_CONFIRMATION_OK"
17378,10410243875,10410243927,1,"IOTHUB_CLIENT_CONFIRMATION_OK"
17379,10410244076,10410244128,1,"IOTHUB_CLIENT_CONFIRMATION_OK"
17380,10410244276,10410244319,1,"IOTHUB_CLIENT_CONFIRMATION_OK"
17381,10410244476,10410244515,1,"IOTHUB_CLIENT_CONFIRMATION_OK"
17382,10410244676,10410244714,1,"IOTHUB_CLIENT_CONFIRMATION_OK"
17383,10410244876,10410244945,1,"IOTHUB_CLIENT_CONFIRMATION_OK"
17384,10410245076,10410245118,1,"IOTHUB_CLIENT_CONFIRMATION_OK"
17385,10410245277,10410245330,1,"IOTHUB_CLIENT_CONFIRMATION_OK"
17386,10410245477,10410245538,1,"IOTHUB_CLIENT_CONFIRMATION_OK"
17387,10410245677,10410245726,1,"IOTHUB_CLIENT_CONFIRMATION_OK"
17388,10410245877,10410245954,1,"IOTHUB_CLIENT_CONFIRMATION_OK"
17389,10410246077,10410246129,1,"IOTHUB_CLIENT_CONFIRMATION_OK"
17390,10410246277,10410246351,1,"IOTHUB_CLIENT_CONFIRMATION_OK"
17391,10410246478,10410246542,1,"IOTHUB_CLIENT_CONFIRMATION_OK"
17392,10410246678,10410246756,1,"IOTHUB_CLIENT_CONFIRMATION_OK"
17393,10410246878,10410246982,1,"IOTHUB_CLIENT_CONFIRMATION_OK"
17394,10410247078,10410247122,1,"IOTHUB_CLIENT_CONFIRMATION_OK"
17395,10410247278,10410247336,1,"IOTHUB_CLIENT_CONFIRMATION_OK"
17396,10410247478,10410247601,1,"IOTHUB_CLIENT_CONFIRMATION_OK"
17397,10410247678,10410247736,1,"IOTHUB_CLIENT_CONFIRMATION_OK"
17398,10410247879,10410247936,1,"IOTHUB_CLIENT_CONFIRMATION_OK"
17399,10410248079,10410248117,1,"IOTHUB_CLIENT_CONFIRMATION_OK"
17400,10410248279,10410248320,1,"IOTHUB_CLIENT_CONFIRMATION_OK"
17401,10410248479,10410248532,1,"IOTHUB_CLIENT_CONFIRMATION_OK"
17402,10410248679,10410248757,1,"IOTHUB_CLIENT_CONFIRMATION_OK"
17403,10410248879,10410248927,1,"IOTHUB_CLIENT_CONFIRMATION_OK"
17404,10410249080,10410249129,1,"IOTHUB_CLIENT_CONFIRMATION_OK"
17405,10410249280,10410249352,1,"IOTHUB_CLIENT_CONFIRMATION_OK"
17406,10410249480,10410249569,1,"IOTHUB_CLIENT_CONFIRMATION_OK"
17407,10410249680,10410249751,1,"IOTHUB_CLIENT_CONFIRMATION_OK"
17408,10410249880,10410249967,1,"IOTHUB_CLIENT_CONFIRMATION_OK"
17409,10410250080,10410250124,1,"IOTHUB_CLIENT_CONFIRMATION_OK"
17410,10410250281,10410250451,1,"IOTHUB_CLIENT_CONFIRMATION_OK"
17411,10410250481,10410250528,1,"IOTHUB_CLIENT_CONFIRMATION_OK"
17412,10410250681,10410250743,1,"IOTHUB_CLIENT_CONFIRMATION_OK"
17413,10410250881,10410250926,1,"IOTHUB_CLIENT_CONFIRMATION_OK"
17414,10410251081,10410251130,1,"IOTHUB_CLIENT_CONFIRMATION_OK"
17415,10410251281,10410251333,1,"IOTHUB_CLIENT_CONFIRMATION_OK"
17416,10410251482,10410251532,1,"IOTHUB_CLIENT_CONFIRMATION_OK"
17417,10410251682,10410251733,1,"IOTHUB_CLIENT_CONFIRMATION_OK"
17418,10410251882,10410251930,1,"IOTHUB_CLIENT_CONFIRMATION_OK"
17419,10410252082,10410252126,1,"IOTHUB_CLIENT_CONFIRMATION_OK"
17420,10410252282,10410252358,1,"IOTHUB_CLIENT_CONFIRMATION_OK"
17421,10410252482,10410252525,1,"IOTHUB_CLIENT_CONFIRMATION_OK"
17422,10410252682,10410252733,1,"IOTHUB_CLIENT_CONFIRMATION_OK"
17423,10410252883,10410252980,1,"IOTHUB_CLIENT_CONFIRMATION_OK"
17424,10410253083,10410253147,1,"IOTHUB_CLIENT_CONFIRMATION_OK"
17425,10410253283,10410253322,1,"IOTHUB_CLIENT_CONFIRMATION_OK"
17426,10410253483,10410253524,1,"IOTHUB_CLIENT_CONFIRMATION_OK"
17427,10410253683,10410253725,1,"IOTHUB_CLIENT_CONFIRMATION_OK"
17428,10410253883,10410253924,1,"IOTHUB_CLIENT_CONFIRMATION_OK"
17429,10410254083,10410254130,1,"IOTHUB_CLIENT_CONFIRMATION_OK"
17430,10410254284,10410254324,1,"IOTHUB_CLIENT_CONFIRMATION_OK"
17431,10410254484,10410254527,1,"IOTHUB_CLIENT_CONFIRMATION_OK"
17432,10410254684,10410254787,1,"IOTHUB_CLIENT_CONFIRMATION_OK"
17433,10410254884,10410254947,1,"IOTHUB_CLIENT_CONFIRMATION_OK"
17434,10410255084,10410255151,1,"IOTHUB_CLIENT_CONFIRMATION_OK"
17435,10410255284,10410255410,1,"IOTHUB_CLIENT_CONFIRMATION_OK"
17436,10410255485,10410255527,1,"IOTHUB_CLIENT_CONFIRMATION_OK"
17437,10410255685,10410255727,1,"IOTHUB_CLIENT_CONFIRMATION_OK"
17438,10410255885,10410255986,1,"IOTHUB_CLIENT_CONFIRMATION_OK"
17439,10410256085,10410256134,1,"IOTHUB_CLIENT_CONFIRMATION_OK"
17440,10410256285,10410256344,1,"IOTHUB_CLIENT_CONFIRMATION_OK"
17441,10410256485,10410256537,1,"IOTHUB_CLIENT_CONFIRMATION_OK"
17442,10410256686,10410256723,1,"IOTHUB_CLIENT_CONFIRMATION_OK"
17443,10410256886,10410257048,1,"IOTHUB_CLIENT_CONFIRMATION_OK"
17444,10410257086,10410257124,1,"IOTHUB_CLIENT_CONFIRMATION_OK"
17445,10410257286,10410257401,1,"IOTHUB_CLIENT_CONFIRMATION_OK"
17446,10410257486,10410257519,1,"IOTHUB_CLIENT_CONFIRMATION_OK"
17447,10410257686,10410257733,1,"IOTHUB_CLIENT_CONFIRMATION_OK"
17448,10410257886,10410257934,1,"IOTHUB_CLIENT_CONFIRMATION_OK"
17449,10410258087,10410258128,1,"IOTHUB_CLIENT_CONFIRMATION_OK"
17450,10410258287,10410258341,1,"IOTHUB_CLIENT_CONFIRMATION_OK"
17451,10410258487,10410258530,1,"IOTHUB_CLIENT_CONFIRMATION_OK"
17452,10410258687,10410258753,1,"IOTHUB_CLIENT_CONFIRMATION_OK"
17453,10410258887,10410258940,1,"IOTHUB_CLIENT_CONFIRMATION_OK"
17454,10410259087,10410259186,1,"IOTHUB_CLIENT_CONFIRMATION_OK"
17455,10410259288,10410259410,1,"IOTHUB_CLIENT_CONFIRMATION_OK"
17456,10410259488,10410259545,1,"IOTHUB_CLIENT_CONFIRMATION_OK"
17457,10410259688,10410259822,1,"IOTHUB_CLIENT_CONFIRMATION_OK"
17458,10410259888,10410259931,1,"IOTHUB_CLIENT_CONFIRMATION_OK"
17459,10410260088,10410260141,1,"IOTHUB_CLIENT_CONFIRMATION_OK"
17460,10410260288,10410260410,1,"IOTHUB_CLIENT_CONFIRMATION_OK"
17461,10410260488,10410260549,1,"IOTHUB_CLIENT_CONFIRMATION_OK"
17462,10410260689,10410260732,1,"IOTHUB_CLIENT_CONFIRMATION_OK"
17463,10410260889,10410260946,1,"IOTHUB_CLIENT_CONFIRMATION_OK"
17464,10410261089,10410261136,1,"IOTHUB_CLIENT_CONFIRMATION_OK"
17465,10410261289,10410261397,1,"IOTHUB_CLIENT_CONFIRMATION_OK"
17466,10410261489,10410261556,1,"IOTHUB_CLIENT_CONFIRMATION_OK"
17467,10410261689,10410261739,1,"IOTHUB_CLIENT_CONFIRMATION_OK"
17468,10410261890,10410262048,1,"IOTHUB_CLIENT_CONFIRMATION_OK"
17469,10410262090,10410262131,1,"IOTHUB_CLIENT_CONFIRMATION_OK"
17470,10410262290,10410262328,1,"IOTHUB_CLIENT_CONFIRMATION_OK"
17471,10410262490,10410262537,1,"IOTHUB_CLIENT_CONFIRMATION_OK"
17472,10410262690,10410262746,1,"IOTHUB_CLIENT_CONFIRMATION_OK"
17473,10410262890,10410262943,1,"IOTHUB_CLIENT_CONFIRMATION_OK"
17474,10410263091,10410263134,1,"IOTHUB_CLIENT_CONFIRMATION_OK"
17475,10410263291,10410263329,1,"IOTHUB_CLIENT_CONFIRMATION_OK"
17476,10410263491,10410263529,1,"IOTHUB_CLIENT_CONFIRMATION_OK"
17477,10410263691,10410263739,1,"IOTHUB_CLIENT_CONFIRMATION_OK"
17478,10410263891,10410264020,1,"IOTHUB_CLIENT_CONFIRMATION_OK"
17479,10410264091,10410264145,1,"IOTHUB_CLIENT_CONFIRMATION_OK"
17480,10410264291,10410264368,1,"IOTHUB_CLIENT_CONFIRMATION_OK"
17481,10410264492,10410264530,1,"IOTHUB_CLIENT_CONFIRMATION_OK"
17482,10410264692,10410264760,1,"IOTHUB_CLIENT_CONFIRMATION_OK"
17483,10410264892,10410264926,1,"IOTHUB_CLIENT_CONFIRMATION_OK"
17484,10410265092,10410265139,1,"IOTHUB_CLIENT_CONFIRMATION_OK"
17485,10410265292,10410265400,1,"IOTHUB_CLIENT_CONFIRMATION_OK"
17486,10410265492,10410265574,1,"IOTHUB_CLIENT_CONFIRMATION_OK"
17487,10410265692,10410265738,1,"IOTHUB_CLIENT_CONFIRMATION_OK"
17488,10410265893,10410266003,1,"IOTHUB_CLIENT_CONFIRMATION_OK"
17489,10410266093,10410266138,1,"IOTHUB_CLIENT_CONFIRMATION_OK"
17490,10410266293,10410266345,1,"IOTHUB_CLIENT_CONFIRMATION_OK"
17491,10410266493,10410266544,1,"IOTHUB_CLIENT_CONFIRMATION_OK"
17492,10410266693,10410266745,1,"IOTHUB_CLIENT_CONFIRMATION_OK"
17493,10410266893,10410266991,1,"IOTHUB_CLIENT_CONFIRMATION_OK"
17494,10410267093,10410267158,1,"IOTHUB_CLIENT_CONFIRMATION_OK"
17495,10410267294,10410267340,1,"IOTHUB_CLIENT_CONFIRMATION_OK"
17496,10410267494,10410267642,1,"IOTHUB_CLIENT_CONFIRMATION_OK"
17497,10410267694,10410267731,1,"IOTHUB_CLIENT_CONFIRMATION_OK"
17498,10410267894,10410267942,1,"IOTHUB_CLIENT_CONFIRMATION_OK"
17499,10410268094,10410268182,1,"IOTHUB_CLIENT_CONFIRMATION_OK"
17500,10410268294,10410268339,1,"IOTHUB_CLIENT_CONFIRMATION_OK"
17501,10410268495,10410268565,1,"IOTHUB_CLIENT_CONFIRMATION_OK"
17502,10410268695,10410268764,1,"IOTHUB_CLIENT_CONFIRMATION_OK"
17503,10410268895,10410268945,1,"IOTHUB_CLIENT_CONFIRMATION_OK"
17504,10410269095,10410269143,1,"IOTHUB_CLIENT_CONFIRMATION_OK"
17505,10410269295,10410269356,1,"IOTHUB_CLIENT_CONFIRMATION_OK"
17506,10410269495,10410269547,1,"IOTHUB_CLIENT_CONFIRMATION_OK"
17507,10410269696,10410269756,1,"IOTHUB_CLIENT_CONFIRMATION_OK"
17508,10410269896,10410269960,1,"IOTHUB_CLIENT_CONFIRMATION_OK"
17509,10410270096,10410270139,1,"IOTHUB_CLIENT_CONFIRMATION_OK"
17510,10410270296,10410270350,1,"IOTHUB_CLIENT_CONFIRMATION_OK"
17511,10410270496,10410270550,1,"IOTHUB_CLIENT_CONFIRMATION_OK"
17512,10410270696,10410270742,1,"IOTHUB_CLIENT_CONFIRMATION_OK"
17513,10410270896,10410270971,1,"IOTHUB_CLIENT_CONFIRMATION_OK"
17514,10410271097,10410271145,1,"IOTHUB_CLIENT_CONFIRMATION_OK"
17515,10410271297,10410271338,1,"IOTHUB_CLIENT_CONFIRMATION_OK"
17516,10410271497,10410271557,1,"IOTHUB_CLIENT_CONFIRMATION_OK"
17517,10410271697,10410271740,1,"IOTHUB_CLIENT_CONFIRMATION_OK"
17518,10410271897,10410271981,1,"IOTHUB_CLIENT_CONFIRMATION_OK"
17519,10410272097,10410272146,1,"IOTHUB_CLIENT_CONFIRMATION_OK"
17520,10410272297,10410272356,1,"IOTHUB_CLIENT_CONFIRMATION_OK"
17521,10410272498,10410272604,1,"IOTHUB_CLIENT_CONFIRMATION_OK"
17522,10410272698,10410272760,1,"IOTHUB_CLIENT_CONFIRMATION_OK"
17523,10410272898,10410272942,1,"IOTHUB_CLIENT_CONFIRMATION_OK"
17524,10410273098,10410273208,1,"IOTHUB_CLIENT_CONFIRMATION_OK"
17525,10410273298,10410273348,1,"IOTHUB_CLIENT_CONFIRMATION_OK"
17526,10410273498,10410273544,1,"IOTHUB_CLIENT_CONFIRMATION_OK"
17527,10410273698,10410273740,1,"IOTHUB_CLIENT_CONFIRMATION_OK"
17528,10410273899,10410273959,1,"IOTHUB_CLIENT_CONFIRMATION_OK"
17529,10410274099,10410274214,1,"IOTHUB_CLIENT_CONFIRMATION_OK"
17530,10410274299,10410274355,1,"IOTHUB_CLIENT_CONFIRMATION_OK"
17531,10410274499,10410274549,1,"IOTHUB_CLIENT_CONFIRMATION_OK"
17532,10410274699,10410274827,1,"IOTHUB_CLIENT_CONFIRMATION_OK"
17533,10410274899,10410274943,1,"IOTHUB_CLIENT_CONFIRMATION_OK"
17534,10410275100,10410275303,1,"IOTHUB_CLIENT_CONFIRMATION_OK"
17535,10410275300,10410275349,1,"IOTHUB_CLIENT_CONFIRMATION_OK"
17536,10410275500,10410275542,1,"IOTHUB_CLIENT_CONFIRMATION_OK"
17537,10410275700,10410275772,1,"IOTHUB_CLIENT_CONFIRMATION_OK"
17538,10410275900,10410275950,1,"IOTHUB_CLIENT_CONFIRMATION_OK"
17539,10410276100,10410276167,1,"IOTHUB_CLIENT_CONFIRMATION_OK"
17540,10410276300,10410276351,1,"IOTHUB_CLIENT_CONFIRMATION_OK"
17541,10410276501,10410276550,1,"IOTHUB_CLIENT_CONFIRMATION_OK"
17542,10410276701,10410276747,1,"IOTHUB_CLIENT_CONFIRMATION_OK"
17543,10410276901,10410277092,1,"IOTHUB_CLIENT_CONFIRMATION_OK"
17544,10410277101,10410277145,1,"IOTHUB_CLIENT_CONFIRMATION_OK"
17545,10410277301,10410277340,1,"IOTHUB_CLIENT_CONFIRMATION_OK"
17546,10410277501,10410277566,1,"IOTHUB_CLIENT_CONFIRMATION_OK"
17547,10410277702,10410277772,1,"IOTHUB_CLIENT_CONFIRMATION_OK"
17548,10410277902,10410277958,1,"IOTHUB_CLIENT_CONFIRMATION_OK"
17549,10410278102,10410278152,1,"IOTHUB_CLIENT_CONFIRMATION_OK"
17550,10410278302,10410278371,1,"IOTHUB_CLIENT_CONFIRMATION_OK"
17551,10410278502,10410278546,1,"IOTHUB_CLIENT_CONFIRMATION_OK"
17552,10410278702,10410278759,1,"IOTHUB_CLIENT_CONFIRMATION_OK"
17553,10410278903,10410278950,1,"IOTHUB_CLIENT_CONFIRMATION_OK"
17554,10410279103,10410279162,1,"IOTHUB_CLIENT_CONFIRMATION_OK"
17555,10410279303,10410279436,1,"IOTHUB_CLIENT_CONFIRMATION_OK"
17556,10410279503,10410279573,1,"IOTHUB_CLIENT_CONFIRMATION_OK"
17557,10410279703,10410279750,1,"IOTHUB_CLIENT_CONFIRMATION_OK"
17558,10410279903,10410279955,1,"IOTHUB_CLIENT_CONFIRMATION_OK"
17559,10410280103,10410280176,1,"IOTHUB_CLIENT_CONFIRMATION_OK"
17560,10410280304,10410280378,1,"IOTHUB_CLIENT_CONFIRMATION_OK"
17561,10410280504,10410280546,1,"IOTHUB_CLIENT_CONFIRMATION_OK"
17562,10410280704,10410280756,1,"IOTHUB_CLIENT_CONFIRMATION_OK"
17563,10410280904,10410280992,1,"IOTHUB_CLIENT_CONFIRMATION_OK"
17564,10410281104,10410281151,1,"IOTHUB_CLIENT_CONFIRMATION_OK"
17565,10410281304,10410281415,1,"IOTHUB_CLIENT_CONFIRMATION_OK"
17566,10410281505,10410281555,1,"IOTHUB_CLIENT_CONFIRMATION_OK"
17567,10410281705,10410281751,1,"IOTHUB_CLIENT_CONFIRMATION_OK"
17568,10410281905,10410282006,1,"IOTHUB_CLIENT_CONFIRMATION_OK"
17569,10410282105,10410282150,1,"IOTHUB_CLIENT_CONFIRMATION_OK"
17570,10410282305,10410282342,1,"IOTHUB_CLIENT_CONFIRMATION_OK"
17571,10410282505,10410282637,1,"IOTHUB_CLIENT_CONFIRMATION_OK"
17572,10410282706,10410282761,1,"IOTHUB_CLIENT_CONFIRMATION_OK"
17573,10410282906,10410282955,1,"IOTHUB_CLIENT_CONFIRMATION_OK"
17574,10410283106,10410283153,1,"IOTHUB_CLIENT_CONFIRMATION_OK"
17575,10410283306,10410283358,1,"IOTHUB_CLIENT_CONFIRMATION_OK"
17576,10410283506,10410283554,1,"IOTHUB_CLIENT_CONFIRMATION_OK"
17577,10410283706,10410283763,1,"IOTHUB_CLIENT_CONFIRMATION_OK"
17578,10410283906,10410283952,1,"IOTHUB_CLIENT_CONFIRMATION_OK"
17579,10410284107,10410284144,1,"IOTHUB_CLIENT_CONFIRMATION_OK"
17580,10410284307,10410284424,1,"IOTHUB_CLIENT_CONFIRMATION_OK"
17581,10410284507,10410284545,1,"IOTHUB_CLIENT_CONFIRMATION_OK"
17582,10410284707,10410284858,1,"IOTHUB_CLIENT_CONFIRMATION_OK"
17583,10410284907,10410284944,1,"IOTHUB_CLIENT_CONFIRMATION_OK"
17584,10410285107,10410285152,1,"IOTHUB_CLIENT_CONFIRMATION_OK"
17585,10410285307,10410285376,1,"IOTHUB_CLIENT_CONFIRMATION_OK"
17586,10410285508,10410285565,1,"IOTHUB_CLIENT_CONFIRMATION_OK"
17587,10410285708,10410285756,1,"IOTHUB_CLIENT_CONFIRMATION_OK"
17588,10410285908,10410285954,1,"IOTHUB_CLIENT_CONFIRMATION_OK"
17589,10410286108,10410286153,1,"IOTHUB_CLIENT_CONFIRMATION_OK"
17590,10410286308,10410286350,1,"IOTHUB_CLIENT_CONFIRMATION_OK"
17591,10410286508,10410286554,1,"IOTHUB_CLIENT_CONFIRMATION_OK"
17592,10410286709,10410286754,1,"IOTHUB_CLIENT_CONFIRMATION_OK"
17593,10410286909,10410287126,1,"IOTHUB_CLIENT_CONFIRMATION_OK"
17594,10410287109,10410287151,1,"IOTHUB_CLIENT_CONFIRMATION_OK"
17595,10410287309,10410287363,1,"IOTHUB_CLIENT_CONFIRMATION_OK"
17596,10410287509,10410287570,1,"IOTHUB_CLIENT_CONFIRMATION_OK"
17597,10410287709,10410287753,1,"IOTHUB_CLIENT_CONFIRMATION_OK"
17598,10410287909,10410287966,1,"IOTHUB_CLIENT_CONFIRMATION_OK"
17599,10410288110,10410288164,1,"IOTHUB_CLIENT_CONFIRMATION_OK"
17600,10410288310,10410288354,1,"IOTHUB_CLIENT_CONFIRMATION_OK"
17601,10410288510,10410288570,1,"IOTHUB_CLIENT_CONFIRMATION_OK"
17602,10410288710,10410288787,1,"IOTHUB_CLIENT_CONFIRMATION_OK"
17603,10410288910,10410288964,1,"IOTHUB_CLIENT_CONFIRMATION_OK"
17604,10410289110,10410289167,1,"IOTHUB_CLIENT_CONFIRMATION_OK"
17605,10410289310,10410289370,1,"IOTHUB_CLIENT_CONFIRMATION_OK"
17606,10410289511,10410289631,1,"IOTHUB_CLIENT_CONFIRMATION_OK"
17607,10410289711,10410289761,1,"IOTHUB_CLIENT_CONFIRMATION_OK"
17608,10410289911,10410289976,1,"IOTHUB_CLIENT_CONFIRMATION_OK"
17609,10410290111,10410290155,1,"IOTHUB_CLIENT_CONFIRMATION_OK"
17610,10410290311,10410290389,1,"IOTHUB_CLIENT_CONFIRMATION_OK"
17611,10410290511,10410290559,1,"IOTHUB_CLIENT_CONFIRMATION_OK"
17612,10410290712,10410290756,1,"IOTHUB_CLIENT_CONFIRMATION_OK"
17613,10410290912,10410290970,1,"IOTHUB_CLIENT_CONFIRMATION_OK"
17614,10410291112,10410291159,1,"IOTHUB_CLIENT_CONFIRMATION_OK"
17615,10410291312,10410291355,1,"IOTHUB_CLIENT_CONFIRMATION_OK"
17616,10410291512,10410291588,1,"IOTHUB_CLIENT_CONFIRMATION_OK"
17617,10410291712,10410291763,1,"IOTHUB_CLIENT_CONFIRMATION_OK"
17618,10410291913,10410291977,1,"IOTHUB_CLIENT_CONFIRMATION_OK"
17619,10410292113,10410292159,1,"IOTHUB_CLIENT_CONFIRMATION_OK"
17620,10410292313,10410292400,1,"IOTHUB_CLIENT_CONFIRMATION_OK"
17621,10410292513,10410292597,1,"IOTHUB_CLIENT_CONFIRMATION_OK"
17622,10410292713,10410292764,1,"IOTHUB_CLIENT_CONFIRMATION_OK"
17623,10410292913,10410292978,1,"IOTHUB_CLIENT_CONFIRMATION_OK"
17624,10410293113,10410293199,1,"IOTHUB_CLIENT_CONFIRMATION_OK"
17625,10410293314,10410293361,1,"IOTHUB_CLIENT_CONFIRMATION_OK"
17626,10410293514,10410293565,1,"IOTHUB_CLIENT_CONFIRMATION_OK"
17627,10410293714,10410293798,1,"IOTHUB_CLIENT_CONFIRMATION_OK"
17628,10410293914,10410293952,1,"IOTHUB_CLIENT_CONFIRMATION_OK"
17629,10410294114,10410294155,1,"IOTHUB_CLIENT_CONFIRMATION_OK"
17630,10410294314,10410294360,1,"IOTHUB_CLIENT_CONFIRMATION_OK"
17631,10410294514,10410294570,1,"IOTHUB_CLIENT_CONFIRMATION_OK"
17632,10410294715,10410294795,1,"IOTHUB_CLIENT_CONFIRMATION_OK"
17633,10410294915,10410294959,1,"IOTHUB_CLIENT_CONFIRMATION_OK"
17634,10410295115,10410295163,1,"IOTHUB_CLIENT_CONFIRMATION_OK"
17635,10410295315,10410295405,1,"IOTHUB_CLIENT_CONFIRMATION_OK"
17636,10410295515,10410295586,1,"IOTHUB_CLIENT_CONFIRMATION_OK"
17637,10410295715,10410295760,1,"IOTHUB_CLIENT_CONFIRMATION_OK"
17638,10410295916,10410295962,1,"IOTHUB_CLIENT_CONFIRMATION_OK"
17639,10410296116,10410296170,1,"IOTHUB_CLIENT_CONFIRMATION_OK"
17640,10410296316,10410296359,1,"IOTHUB_CLIENT_CONFIRMATION_OK"
17641,10410296516,10410296573,1,"IOTHUB_CLIENT_CONFIRMATION_OK"
17642,10410296716,10410296751,1,"IOTHUB_CLIENT_CONFIRMATION_OK"
17643,10410296916,10410297032,1,"IOTHUB_CLIENT_CONFIRMATION_OK"
17644,10410297116,10410297164,1,"IOTHUB_CLIENT_CONFIRMATION_OK"
17645,10410297317,10410297370,1,"IOTHUB_CLIENT_CONFIRMATION_OK"
17646,10410297517,10410297651,1,"IOTHUB_CLIENT_CONFIRMATION_OK"
17647,10410297717,10410297756,1,"IOTHUB_CLIENT_CONFIRMATION_OK"
17648,10410297917,10410297959,1,"IOTHUB_CLIENT_CONFIRMATION_OK"
17649,10410298117,10410298165,1,"IOTHUB_CLIENT_CONFIRMATION_OK"
17650,10410298317,10410298376,1,"IOTHUB_CLIENT_CONFIRMATION_OK"
17651,10410298518,10410298602,1,"IOTHUB_CLIENT_CONFIRMATION_OK"
17652,10410298718,10410298777,1,"IOTHUB_CLIENT_CONFIRMATION_OK"
17653,10410298918,10410298955,1,"IOTHUB_CLIENT_CONFIRMATION_OK"
17654,10410299118,10410299156,1,"IOTHUB_CLIENT_CONFIRMATION_OK"
17655,10410299318,10410299370,1,"IOTHUB_CLIENT_CONFIRMATION_OK"
17656,10410299518,10410299588,1,"IOTHUB_CLIENT_CONFIRMATION_OK"
17657,10410299718,10410299768,1,"IOTHUB_CLIENT_CONFIRMATION_OK"
17658,10410299919,10410299975,1,"IOTHUB_CLIENT_CONFIRMATION_OK"
17659,10410300119,10410300177,1,"IOTHUB_CLIENT_CONFIRMATION_OK"
17660,10410300319,10410300367,1,"IOTHUB_CLIENT_CONFIRMATION_OK"
17661,10410300519,10410300616,1,"IOTHUB_CLIENT_CONFIRMATION_OK"
17662,10410300719,10410300767,1,"IOTHUB_CLIENT_CONFIRMATION_OK"
17663,10410300919,10410300983,1,"IOTHUB_CLIENT_CONFIRMATION_OK"
17664,10410301119,10410301167,1,"IOTHUB_CLIENT_CONFIRMATION_OK"
17665,10410301320,10410301377,1,"IOTHUB_CLIENT_CONFIRMATION_OK"
17666,10410301520,10410301641,1,"IOTHUB_CLIENT_CONFIRMATION_OK"
17667,10410301720,10410301769,1,"IOTHUB_CLIENT_CONFIRMATION_OK"
17668,10410301920,10410301991,1,"IOTHUB_CLIENT_CONFIRMATION_OK"
17669,10410302120,10410302195,1,"IOTHUB_CLIENT_CONFIRMATION_OK"
17670,10410302320,10410302376,1,"IOTHUB_CLIENT_CONFIRMATION_OK"
17671,10410302521,10410302613,1,"IOTHUB_CLIENT_CONFIRMATION_OK"
17672,10410302721,10410302763,1,"IOTHUB_CLIENT_CONFIRMATION_OK"
17673,10410302921,10410303043,1,"IOTHUB_CLIENT_CONFIRMATION_OK"
17674,10410303121,10410303218,1,"IOTHUB_CLIENT_CONFIRMATION_OK"
17675,10410303321,10410303380,1,"IOTHUB_CLIENT_CONFIRMATION_OK"
17676,10410303521,10410303560,1,"IOTHUB_CLIENT_CONFIRMATION_OK"
17677,10410303722,10410303761,1,"IOTHUB_CLIENT_CONFIRMATION_OK"
17678,10410303922,10410303975,1,"IOTHUB_CLIENT_CONFIRMATION_OK"
17679,10410304122,10410304163,1,"IOTHUB_CLIENT_CONFIRMATION_OK"
17680,10410304322,10410304363,1,"IOTHUB_CLIENT_CONFIRMATION_OK"
17681,10410304522,10410304568,1,"IOTHUB_CLIENT_CONFIRMATION_OK"
17682,10410304722,10410304849,1,"IOTHUB_CLIENT_CONFIRMATION_OK"
17683,10410304922,10410304978,1,"IOTHUB_CLIENT_CONFIRMATION_OK"
17684,10410305123,10410305185,1,"IOTHUB_CLIENT_CONFIRMATION_OK"
17685,10410305323,10410305386,1,"IOTHUB_CLIENT_CONFIRMATION_OK"
17686,10410305523,10410305579,1,"IOTHUB_CLIENT_CONFIRMATION_OK"
17687,10410305723,10410305775,1,"IOTHUB_CLIENT_CONFIRMATION_OK"
17688,10410305923,10410305971,1,"IOTHUB_CLIENT_CONFIRMATION_OK"
17689,10410306123,10410306194,1,"IOTHUB_CLIENT_CONFIRMATION_OK"
17690,10410306324,10410306364,1,"IOTHUB_CLIENT_CONFIRMATION_OK"
17691,10410306524,10410306564,1,"IOTHUB_CLIENT_CONFIRMATION_OK"
17692,10410306724,10410306772,1,"IOTHUB_CLIENT_CONFIRMATION_OK"
17693,10410306924,10410307159,1,"IOTHUB_CLIENT_CONFIRMATION_OK"
17694,10410307124,10410307195,1,"IOTHUB_CLIENT_CONFIRMATION_OK"
17695,10410307324,10410307396,1,"IOTHUB_CLIENT_CONFIRMATION_OK"
17696,10410307524,10410307616,1,"IOTHUB_CLIENT_CONFIRMATION_OK"
17697,10410307725,10410307769,1,"IOTHUB_CLIENT_CONFIRMATION_OK"
17698,10410307925,10410307965,1,"IOTHUB_CLIENT_CONFIRMATION_OK"
17699,10410308125,10410308176,1,"IOTHUB_CLIENT_CONFIRMATION_OK"
17700,10410308325,10410308373,1,"IOTHUB_CLIENT_CONFIRMATION_OK"
17701,10410308525,10410308575,1,"IOTHUB_CLIENT_CONFIRMATION_OK"
17702,10410308725,10410308776,1,"IOTHUB_CLIENT_CONFIRMATION_OK"
17703,10410308925,10410308963,1,"IOTHUB_CLIENT_CONFIRMATION_OK"
17704,10410309126,10410309167,1,"IOTHUB_CLIENT_CONFIRMATION_OK"
17705,10410309326,10410309362,1,"IOTHUB_CLIENT_CONFIRMATION_OK"
17706,10410309526,10410309578,1,"IOTHUB_CLIENT_CONFIRMATION_OK"
17707,10410309726,10410309777,1,"IOTHUB_CLIENT_CONFIRMATION_OK"
17708,10410309926,10410309968,1,"IOTHUB_CLIENT_CONFIRMATION_OK"
17709,10410310126,10410310172,1,"IOTHUB_CLIENT_CONFIRMATION_OK"
17710,10410310327,10410310445,1,"IOTHUB_CLIENT_CONFIRMATION_OK"
17711,10410310527,10410310601,1,"IOTHUB_CLIENT_CONFIRMATION_OK"
17712,10410310727,10410310779,1,"IOTHUB_CLIENT_CONFIRMATION_OK"
17713,10410310927,10410310976,1,"IOTHUB_CLIENT_CONFIRMATION_OK"
17714,10410311127,10410311169,1,"IOTHUB_CLIENT_CONFIRMATION_OK"
17715,10410311327,10410311400,1,"IOTHUB_CLIENT_CONFIRMATION_OK"
17716,10410311527,10410311577,1,"IOTHUB_CLIENT_CONFIRMATION_OK"
17717,10410311728,10410311789,1,"IOTHUB_CLIENT_CONFIRMATION_OK"
17718,10410311928,10410312064,1,"IOTHUB_CLIENT_CONFIRMATION_OK"
17719,10410312128,10410312167,1,"IOTHUB_CLIENT_CONFIRMATION_OK"
17720,10410312328,10410312371,1,"IOTHUB_CLIENT_CONFIRMATION_OK"
17721,10410312528,10410312660,1,"IOTHUB_CLIENT_CONFIRMATION_OK"
17722,10410312728,10410312788,1,"IOTHUB_CLIENT_CONFIRMATION_OK"
17723,10410312929,10410312976,1,"IOTHUB_CLIENT_CONFIRMATION_OK"
17724,10410313129,10410313182,1,"IOTHUB_CLIENT_CONFIRMATION_OK"
17725,10410313329,10410313370,1,"IOTHUB_CLIENT_CONFIRMATION_OK"
17726,10410313529,10410313577,1,"IOTHUB_CLIENT_CONFIRMATION_OK"
17727,10410313729,10410313787,1,"IOTHUB_CLIENT_CONFIRMATION_OK"
17728,10410313929,10410313980,1,"IOTHUB_CLIENT_CONFIRMATION_OK"
17729,10410314130,10410314168,1,"IOTHUB_CLIENT_CONFIRMATION_OK"
17730,10410314330,10410314692,1,"IOTHUB_CLIENT_CONFIRMATION_OK"
17731,10410314530,10410314766,1,"IOTHUB_CLIENT_CONFIRMATION_OK"
17732,10410314730,10410315005,1,"IOTHUB_CLIENT_CONFIRMATION_OK"
17733,10410314930,10410315061,1,"IOTHUB_CLIENT_CONFIRMATION_OK"
17734,10410315130,10410315187,1,"IOTHUB_CLIENT_CONFIRMATION_OK"
17735,10410315330,10410315386,1,"IOTHUB_CLIENT_CONFIRMATION_OK"
17736,10410315531,10410315592,1,"IOTHUB_CLIENT_CONFIRMATION_OK"
17737,10410315731,10410315770,1,"IOTHUB_CLIENT_CONFIRMATION_OK"
17738,10410315931,10410315992,1,"IOTHUB_CLIENT_CONFIRMATION_OK"
17739,10410316131,10410316174,1,"IOTHUB_CLIENT_CONFIRMATION_OK"
17740,10410316331,10410316375,1,"IOTHUB_CLIENT_CONFIRMATION_OK"
17741,10410316531,10410316591,1,"IOTHUB_CLIENT_CONFIRMATION_OK"
17742,10410316732,10410316799,1,"IOTHUB_CLIENT_CONFIRMATION_OK"
17743,10410316932,10410317013,1,"IOTHUB_CLIENT_CONFIRMATION_OK"
17744,10410317132,10410317177,1,"IOTHUB_CLIENT_CONFIRMATION_OK"
17745,10410317332,10410317397,1,"IOTHUB_CLIENT_CONFIRMATION_OK"
17746,10410317532,10410317652,1,"IOTHUB_CLIENT_CONFIRMATION_OK"
17747,10410317732,10410317770,1,"IOTHUB_CLIENT_CONFIRMATION_OK"
17748,10410317933,10410317974,1,"IOTHUB_CLIENT_CONFIRMATION_OK"
17749,10410318133,10410318185,1,"IOTHUB_CLIENT_CONFIRMATION_OK"
17750,10410318333,10410318374,1,"IOTHUB_CLIENT_CONFIRMATION_OK"
17751,10410318533,10410318581,1,"IOTHUB_CLIENT_CONFIRMATION_OK"
17752,10410318733,10410318789,1,"IOTHUB_CLIENT_CONFIRMATION_OK"
17753,10410318933,10410319001,1,"IOTHUB_CLIENT_CONFIRMATION_OK"
17754,10410319133,10410319182,1,"IOTHUB_CLIENT_CONFIRMATION_OK"
17755,10410319334,10410319385,1,"IOTHUB_CLIENT_CONFIRMATION_OK"
17756,10410319534,10410319570,1,"IOTHUB_CLIENT_CONFIRMATION_OK"
17757,10410319734,10410319945,1,"IOTHUB_CLIENT_CONFIRMATION_OK"
17758,10410319934,10410320003,1,"IOTHUB_CLIENT_CONFIRMATION_OK"
17759,10410320134,10410320204,1,"IOTHUB_CLIENT_CONFIRMATION_OK"
17760,10410320334,10410320378,1,"IOTHUB_CLIENT_CONFIRMATION_OK"
17761,10410320535,10410320609,1,"IOTHUB_CLIENT_CONFIRMATION_OK"
17762,10410320735,10410320784,1,"IOTHUB_CLIENT_CONFIRMATION_OK"
17763,10410320935,10410321012,1,"IOTHUB_CLIENT_CONFIRMATION_OK"
17764,10410321135,10410321184,1,"IOTHUB_CLIENT_CONFIRMATION_OK"
17765,10410321335,10410321396,1,"IOTHUB_CLIENT_CONFIRMATION_OK"
17766,10410321535,10410321579,1,"IOTHUB_CLIENT_CONFIRMATION_OK"
17767,10410321735,10410321782,1,"IOTHUB_CLIENT_CONFIRMATION_OK"
17768,10410321936,10410322133,1,"IOTHUB_CLIENT_CONFIRMATION_OK"
17769,10410322136,10410322189,1,"IOTHUB_CLIENT_CONFIRMATION_OK"
17770,10410322336,10410322389,1,"IOTHUB_CLIENT_CONFIRMATION_OK"
17771,10410322536,10410322616,1,"IOTHUB_CLIENT_CONFIRMATION_OK"
17772,10410322736,10410322787,1,"IOTHUB_CLIENT_CONFIRMATION_OK"
17773,10410322936,10410322991,1,"IOTHUB_CLIENT_CONFIRMATION_OK"
17774,10410323136,10410323194,1,"IOTHUB_CLIENT_CONFIRMATION_OK"
17775,10410323337,10410323385,1,"IOTHUB_CLIENT_CONFIRMATION_OK"
17776,10410323537,10410323587,1,"IOTHUB_CLIENT_CONFIRMATION_OK"
17777,10410323737,10410323770,1,"IOTHUB_CLIENT_CONFIRMATION_OK"
17778,10410323937,10410323997,1,"IOTHUB_CLIENT_CONFIRMATION_OK"
17779,10410324137,10410324256,1,"IOTHUB_CLIENT_CONFIRMATION_OK"
17780,10410324337,10410324396,1,"IOTHUB_CLIENT_CONFIRMATION_OK"
17781,10410324538,10410324588,1,"IOTHUB_CLIENT_CONFIRMATION_OK"
17782,10410324738,10410324783,1,"IOTHUB_CLIENT_CONFIRMATION_OK"
17783,10410324938,10410324992,1,"IOTHUB_CLIENT_CONFIRMATION_OK"
17784,10410325138,10410325203,1,"IOTHUB_CLIENT_CONFIRMATION_OK"
17785,10410325338,10410325421,1,"IOTHUB_CLIENT_CONFIRMATION_OK"
17786,10410325538,10410325594,1,"IOTHUB_CLIENT_CONFIRMATION_OK"
17787,10410325739,10410325805,1,"IOTHUB_CLIENT_CONFIRMATION_OK"
17788,10410325939,10410326032,1,"IOTHUB_CLIENT_CONFIRMATION_OK"
17789,10410326139,10410326180,1,"IOTHUB_CLIENT_CONFIRMATION_OK"
17790,10410326339,10410326381,1,"IOTHUB_CLIENT_CONFIRMATION_OK"
17791,10410326539,10410326588,1,"IOTHUB_CLIENT_CONFIRMATION_OK"
17792,10410326739,10410326788,1,"IOTHUB_CLIENT_CONFIRMATION_OK"
17793,10410326939,10410327039,1,"IOTHUB_CLIENT_CONFIRMATION_OK"
17794,10410327140,10410327182,1,"IOTHUB_CLIENT_CONFIRMATION_OK"
17795,10410327340,10410327392,1,"IOTHUB_CLIENT_CONFIRMATION_OK"
17796,10410327540,10410327665,1,"IOTHUB_CLIENT_CONFIRMATION_OK"
17797,10410327740,10410327791,1,"IOTHUB_CLIENT_CONFIRMATION_OK"
17798,10410327940,10410327990,1,"IOTHUB_CLIENT_CONFIRMATION_OK"
17799,10410328140,10410328182,1,"IOTHUB_CLIENT_CONFIRMATION_OK"
17800,10410328341,10410328385,1,"IOTHUB_CLIENT_CONFIRMATION_OK"
17801,10410328541,10410328618,1,"IOTHUB_CLIENT_CONFIRMATION_OK"
17802,10410328741,10410328793,1,"IOTHUB_CLIENT_CONFIRMATION_OK"
17803,10410328941,10410328997,1,"IOTHUB_CLIENT_CONFIRMATION_OK"
17804,10410329141,10410329200,1,"IOTHUB_CLIENT_CONFIRMATION_OK"
17805,10410329341,10410329401,1,"IOTHUB_CLIENT_CONFIRMATION_OK"
17806,10410329541,10410329595,1,"IOTHUB_CLIENT_CONFIRMATION_OK"
17807,10410329742,10410329901,1,"IOTHUB_CLIENT_CONFIRMATION_OK"
17808,10410329942,10410329990,1,"IOTHUB_CLIENT_CONFIRMATION_OK"
17809,10410330142,10410330194,1,"IOTHUB_CLIENT_CONFIRMATION_OK"
17810,10410330342,10410330386,1,"IOTHUB_CLIENT_CONFIRMATION_OK"
17811,10410330542,10410330605,1,"IOTHUB_CLIENT_CONFIRMATION_OK"
17812,10410330742,10410330789,1,"IOTHUB_CLIENT_CONFIRMATION_OK"
17813,10410330943,10410331001,1,"IOTHUB_CLIENT_CONFIRMATION_OK"
17814,10410331143,10410331191,1,"IOTHUB_CLIENT_CONFIRMATION_OK"
17815,10410331343,10410331390,1,"IOTHUB_CLIENT_CONFIRMATION_OK"
17816,10410331543,10410331595,1,"IOTHUB_CLIENT_CONFIRMATION_OK"
17817,10410331743,10410331784,1,"IOTHUB_CLIENT_CONFIRMATION_OK"
17818,10410331943,10410332007,1,"IOTHUB_CLIENT_CONFIRMATION_OK"
17819,10410332144,10410332184,1,"IOTHUB_CLIENT_CONFIRMATION_OK"
17820,10410332344,10410332398,1,"IOTHUB_CLIENT_CONFIRMATION_OK"
17821,10410332544,10410332632,1,"IOTHUB_CLIENT_CONFIRMATION_OK"
17822,10410332744,10410332810,1,"IOTHUB_CLIENT_CONFIRMATION_OK"
17823,10410332944,10410332999,1,"IOTHUB_CLIENT_CONFIRMATION_OK"
17824,10410333144,10410333202,1,"IOTHUB_CLIENT_CONFIRMATION_OK"
17825,10410333344,10410333394,1,"IOTHUB_CLIENT_CONFIRMATION_OK"
17826,10410333545,10410333601,1,"IOTHUB_CLIENT_CONFIRMATION_OK"
17827,10410333745,10410333804,1,"IOTHUB_CLIENT_CONFIRMATION_OK"
17828,10410333945,10410334000,1,"IOTHUB_CLIENT_CONFIRMATION_OK"
17829,10410334145,10410334187,1,"IOTHUB_CLIENT_CONFIRMATION_OK"
17830,10410334345,10410334391,1,"IOTHUB_CLIENT_CONFIRMATION_OK"
17831,10410334545,10410334601,1,"IOTHUB_CLIENT_CONFIRMATION_OK"
17832,10410334746,10410334816,1,"IOTHUB_CLIENT_CONFIRMATION_OK"
17833,10410334946,10410334992,1,"IOTHUB_CLIENT_CONFIRMATION_OK"
17834,10410335146,10410335365,1,"IOTHUB_CLIENT_CONFIRMATION_OK"
17835,10410335346,10410335624,1,"IOTHUB_CLIENT_CONFIRMATION_OK"
17836,10410335546,10410335688,1,"IOTHUB_CLIENT_CONFIRMATION_OK"
17837,10410335746,10410335812,1,"IOTHUB_CLIENT_CONFIRMATION_OK"
17838,10410335946,10410336005,1,"IOTHUB_CLIENT_CONFIRMATION_OK"
17839,10410336147,10410336198,1,"IOTHUB_CLIENT_CONFIRMATION_OK"
17840,10410336347,10410336477,1,"IOTHUB_CLIENT_CONFIRMATION_OK"
17841,10410336547,10410336623,1,"IOTHUB_CLIENT_CONFIRMATION_OK"
17842,10410336747,10410336802,1,"IOTHUB_CLIENT_CONFIRMATION_OK"
17843,10410336947,10410337002,1,"IOTHUB_CLIENT_CONFIRMATION_OK"
17844,10410337147,10410337196,1,"IOTHUB_CLIENT_CONFIRMATION_OK"
17845,10410337347,10410337394,1,"IOTHUB_CLIENT_CONFIRMATION_OK"
17846,10410337548,10410337651,1,"IOTHUB_CLIENT_CONFIRMATION_OK"
17847,10410337748,10410337813,1,"IOTHUB_CLIENT_CONFIRMATION_OK"
17848,10410337948,10410338040,1,"IOTHUB_CLIENT_CONFIRMATION_OK"
17849,10410338148,10410338242,1,"IOTHUB_CLIENT_CONFIRMATION_OK"
17850,10410338348,10410338401,1,"IOTHUB_CLIENT_CONFIRMATION_OK"
17851,10410338548,10410338618,1,"IOTHUB_CLIENT_CONFIRMATION_OK"
17852,10410338749,10410338801,1,"IOTHUB_CLIENT_CONFIRMATION_OK"
17853,10410338949,10410338999,1,"IOTHUB_CLIENT_CONFIRMATION_OK"
17854,10410339149,10410339198,1,"IOTHUB_CLIENT_CONFIRMATION_OK"
17855,10410339349,10410339406,1,"IOTHUB_CLIENT_CONFIRMATION_OK"
17856,10410339549,10410339595,1,"IOTHUB_CLIENT_CONFIRMATION_OK"
17857,10410339749,10410339858,1,"IOTHUB_CLIENT_CONFIRMATION_OK"
17858,10410339949,10410339992,1,"IOTHUB_CLIENT_CONFIRMATION_OK"
17859,10410340150,10410340203,1,"IOTHUB_CLIENT_CONFIRMATION_OK"
17860,10410340350,10410340481,1,"IOTHUB_CLIENT_CONFIRMATION_OK"
17861,10410340550,10410340678,1,"IOTHUB_CLIENT_CONFIRMATION_OK"
17862,10410340750,10410340826,1,"IOTHUB_CLIENT_CONFIRMATION_OK"
17863,10410340950,10410340994,1,"IOTHUB_CLIENT_CONFIRMATION_OK"
17864,10410341150,10410341206,1,"IOTHUB_CLIENT_CONFIRMATION_OK"
17865,10410341351,10410341392,1,"IOTHUB_CLIENT_CONFIRMATION_OK"
17866,10410341551,10410341606,1,"IOTHUB_CLIENT_CONFIRMATION_OK"
17867,10410341751,10410341793,1,"IOTHUB_CLIENT_CONFIRMATION_OK"
17868,10410341951,10410342141,1,"IOTHUB_CLIENT_CONFIRMATION_OK"
17869,10410342151,10410342192,1,"IOTHUB_CLIENT_CONFIRMATION_OK"
17870,10410342351,10410342413,1,"IOTHUB_CLIENT_CONFIRMATION_OK"
17871,10410342551,10410342596,1,"IOTHUB_CLIENT_CONFIRMATION_OK"
17872,10410342752,10410342804,1,"IOTHUB_CLIENT_CONFIRMATION_OK"
17873,10410342952,10410343018,1,"IOTHUB_CLIENT_CONFIRMATION_OK"
17874,10410343152,10410343195,1,"IOTHUB_CLIENT_CONFIRMATION_OK"
17875,10410343352,10410343393,1,"IOTHUB_CLIENT_CONFIRMATION_OK"
17876,10410343552,10410343586,1,"IOTHUB_CLIENT_CONFIRMATION_OK"
17877,10410343752,10410343803,1,"IOTHUB_CLIENT_CONFIRMATION_OK"
17878,10410343953,10410344006,1,"IOTHUB_CLIENT_CONFIRMATION_OK"
17879,10410344153,10410344206,1,"IOTHUB_CLIENT_CONFIRMATION_OK"
17880,10410344353,10410344421,1,"IOTHUB_CLIENT_CONFIRMATION_OK"
17881,10410344553,10410344602,1,"IOTHUB_CLIENT_CONFIRMATION_OK"
17882,10410344753,10410344799,1,"IOTHUB_CLIENT_CONFIRMATION_OK"
17883,10410344953,10410345022,1,"IOTHUB_CLIENT_CONFIRMATION_OK"
17884,10410345153,10410345197,1,"IOTHUB_CLIENT_CONFIRMATION_OK"
17885,10410345354,10410345420,1,"IOTHUB_CLIENT_CONFIRMATION_OK"
17886,10410345554,10410345623,1,"IOTHUB_CLIENT_CONFIRMATION_OK"
17887,10410345754,10410345808,1,"IOTHUB_CLIENT_CONFIRMATION_OK"
17888,10410345954,10410346110,1,"IOTHUB_CLIENT_CONFIRMATION_OK"
17889,10410346154,10410346198,1,"IOTHUB_CLIENT_CONFIRMATION_OK"
17890,10410346354,10410346399,1,"IOTHUB_CLIENT_CONFIRMATION_OK"
17891,10410346555,10410346618,1,"IOTHUB_CLIENT_CONFIRMATION_OK"
17892,10410346755,10410346807,1,"IOTHUB_CLIENT_CONFIRMATION_OK"
17893,10410346955,10410347114,1,"IOTHUB_CLIENT_CONFIRMATION_OK"
17894,10410347155,10410347194,1,"IOTHUB_CLIENT_CONFIRMATION_OK"
17895,10410347355,10410347408,1,"IOTHUB_CLIENT_CONFIRMATION_OK"
17896,10410347555,10410347612,1,"IOTHUB_CLIENT_CONFIRMATION_OK"
17897,10410347755,10410347816,1,"IOTHUB_CLIENT_CONFIRMATION_OK"
17898,10410347956,10410347999,1,"IOTHUB_CLIENT_CONFIRMATION_OK"
17899,10410348156,10410348193,1,"IOTHUB_CLIENT_CONFIRMATION_OK"
17900,10410348356,10410348397,1,"IOTHUB_CLIENT_CONFIRMATION_OK"
17901,10410348556,10410348600,1,"IOTHUB_CLIENT_CONFIRMATION_OK"
17902,10410348756,10410348814,1,"IOTHUB_CLIENT_CONFIRMATION_OK"
17903,10410348956,10410349004,1,"IOTHUB_CLIENT_CONFIRMATION_OK"
17904,10410349157,10410349199,1,"IOTHUB_CLIENT_CONFIRMATION_OK"
17905,10410349357,10410349403,1,"IOTHUB_CLIENT_CONFIRMATION_OK"
17906,10410349557,10410349602,1,"IOTHUB_CLIENT_CONFIRMATION_OK"
17907,10410349757,10410349797,1,"IOTHUB_CLIENT_CONFIRMATION_OK"
17908,10410349957,10410350001,1,"IOTHUB_CLIENT_CONFIRMATION_OK"
17909,10410350157,10410350206,1,"IOTHUB_CLIENT_CONFIRMATION_OK"
17910,10410350357,10410350427,1,"IOTHUB_CLIENT_CONFIRMATION_OK"
17911,10410350558,10410350643,1,"IOTHUB_CLIENT_CONFIRMATION_OK"
17912,10410350758,10410350871,1,"IOTHUB_CLIENT_CONFIRMATION_OK"
17913,10410350958,10410351011,1,"IOTHUB_CLIENT_CONFIRMATION_OK"
17914,10410351158,10410351212,1,"IOTHUB_CLIENT_CONFIRMATION_OK"
17915,10410351358,10410351411,1,"IOTHUB_CLIENT_CONFIRMATION_OK"
17916,10410351558,10410351664,1,"IOTHUB_CLIENT_CONFIRMATION_OK"
17917,10410351759,10410351805,1,"IOTHUB_CLIENT_CONFIRMATION_OK"
17918,10410351959,10410352019,1,"IOTHUB_CLIENT_CONFIRMATION_OK"
17919,10410352159,10410352255,1,"IOTHUB_CLIENT_CONFIRMATION_OK"
17920,10410352359,10410352439,1,"IOTHUB_CLIENT_CONFIRMATION_OK"
17921,10410352559,10410352646,1,"IOTHUB_CLIENT_CONFIRMATION_OK"
17922,10410352759,10410352857,1,"IOTHUB_CLIENT_CONFIRMATION_OK"
17923,10410352960,10410353016,1,"IOTHUB_CLIENT_CONFIRMATION_OK"
17924,10410353160,10410353257,1,"IOTHUB_CLIENT_CONFIRMATION_OK"
17925,10410353360,10410353407,1,"IOTHUB_CLIENT_CONFIRMATION_OK"
17926,10410353560,10410353661,1,"IOTHUB_CLIENT_CONFIRMATION_OK"
17927,10410353760,10410353808,1,"IOTHUB_CLIENT_CONFIRMATION_OK"
17928,10410353960,10410354001,1,"IOTHUB_CLIENT_CONFIRMATION_OK"
17929,10410354160,10410354207,1,"IOTHUB_CLIENT_CONFIRMATION_OK"
17930,10410354361,10410354412,1,"IOTHUB_CLIENT_CONFIRMATION_OK"
17931,10410354561,10410354612,1,"IOTHUB_CLIENT_CONFIRMATION_OK"
17932,10410354761,10410354867,1,"IOTHUB_CLIENT_CONFIRMATION_OK"
17933,10410354961,10410355008,1,"IOTHUB_CLIENT_CONFIRMATION_OK"
17934,10410355161,10410355203,1,"IOTHUB_CLIENT_CONFIRMATION_OK"
17935,10410355361,10410355501,1,"IOTHUB_CLIENT_CONFIRMATION_OK"
17936,10410355561,10410355672,1,"IOTHUB_CLIENT_CONFIRMATION_OK"
17937,10410355762,10410355801,1,"IOTHUB_CLIENT_CONFIRMATION_OK"
17938,10410355962,10410356007,1,"IOTHUB_CLIENT_CONFIRMATION_OK"
17939,10410356162,10410356230,1,"IOTHUB_CLIENT_CONFIRMATION_OK"
17940,10410356362,10410356515,1,"IOTHUB_CLIENT_CONFIRMATION_OK"
17941,10410356562,10410356620,1,"IOTHUB_CLIENT_CONFIRMATION_OK"
17942,10410356762,10410356802,1,"IOTHUB_CLIENT_CONFIRMATION_OK"
17943,10410356963,10410357123,1,"IOTHUB_CLIENT_CONFIRMATION_OK"
17944,10410357163,10410357240,1,"IOTHUB_CLIENT_CONFIRMATION_OK"
17945,10410357363,10410357409,1,"IOTHUB_CLIENT_CONFIRMATION_OK"
17946,10410357563,10410357762,1,"IOTHUB_CLIENT_CONFIRMATION_OK"
17947,10410357763,10410357848,1,"IOTHUB_CLIENT_CONFIRMATION_OK"
17948,10410357963,10410358015,1,"IOTHUB_CLIENT_CONFIRMATION_OK"
17949,10410358163,10410358217,1,"IOTHUB_CLIENT_CONFIRMATION_OK"
17950,10410358364,10410358423,1,"IOTHUB_CLIENT_CONFIRMATION_OK"
17951,10410358564,10410358610,1,"IOTHUB_CLIENT_CONFIRMATION_OK"
17952,10410358764,10410358816,1,"IOTHUB_CLIENT_CONFIRMATION_OK"
17953,10410358964,10410359030,1,"IOTHUB_CLIENT_CONFIRMATION_OK"
17954,10410359164,10410359209,1,"IOTHUB_CLIENT_CONFIRMATION_OK"
17955,10410359364,10410359407,1,"IOTHUB_CLIENT_CONFIRMATION_OK"
17956,10410359564,10410359605,1,"IOTHUB_CLIENT_CONFIRMATION_OK"
17957,10410359765,10410359811,1,"IOTHUB_CLIENT_CONFIRMATION_OK"
17958,10410359965,10410359998,1,"IOTHUB_CLIENT_CONFIRMATION_OK"
17959,10410360165,10410360207,1,"IOTHUB_CLIENT_CONFIRMATION_OK"
17960,10410360365,10410360408,1,"IOTHUB_CLIENT_CONFIRMATION_OK"
17961,10410360565,10410360607,1,"IOTHUB_CLIENT_CONFIRMATION_OK"
17962,10410360765,10410360812,1,"IOTHUB_CLIENT_CONFIRMATION_OK"
17963,10410360966,10410361012,1,"IOTHUB_CLIENT_CONFIRMATION_OK"
17964,10410361166,10410361208,1,"IOTHUB_CLIENT_CONFIRMATION_OK"
17965,10410361366,10410361409,1,"IOTHUB_CLIENT_CONFIRMATION_OK"
17966,10410361566,10410361619,1,"IOTHUB_CLIENT_CONFIRMATION_OK"
17967,10410361766,10410361827,1,"IOTHUB_CLIENT_CONFIRMATION_OK"
17968,10410361966,10410362123,1,"IOTHUB_CLIENT_CONFIRMATION_OK"
17969,10410362167,10410362216,1,"IOTHUB_CLIENT_CONFIRMATION_OK"
17970,10410362367,10410362435,1,"IOTHUB_CLIENT_CONFIRMATION_OK"
17971,10410362567,10410362648,1,"IOTHUB_CLIENT_CONFIRMATION_OK"
17972,10410362767,10410362819,1,"IOTHUB_CLIENT_CONFIRMATION_OK"
17973,10410362967,10410363013,1,"IOTHUB_CLIENT_CONFIRMATION_OK"
17974,10410363167,10410363371,1,"IOTHUB_CLIENT_CONFIRMATION_OK"
17975,10410363368,10410363457,1,"IOTHUB_CLIENT_CONFIRMATION_OK"
17976,10410363568,10410363618,1,"IOTHUB_CLIENT_CONFIRMATION_OK"
17977,10410363768,10410363824,1,"IOTHUB_CLIENT_CONFIRMATION_OK"
17978,10410363968,10410364025,1,"IOTHUB_CLIENT_CONFIRMATION_OK"
17979,10410364168,10410364213,1,"IOTHUB_CLIENT_CONFIRMATION_OK"
17980,10410364368,10410364409,1,"IOTHUB_CLIENT_CONFIRMATION_OK"
17981,10410364568,10410364613,1,"IOTHUB_CLIENT_CONFIRMATION_OK"
17982,10410364769,10410364917,1,"IOTHUB_CLIENT_CONFIRMATION_OK"
17983,10410364969,10410365015,1,"IOTHUB_CLIENT_CONFIRMATION_OK"
17984,10410365169,10410365213,1,"IOTHUB_CLIENT_CONFIRMATION_OK"
17985,10410365369,10410365409,1,"IOTHUB_CLIENT_CONFIRMATION_OK"
17986,10410365569,10410365632,1,"IOTHUB_CLIENT_CONFIRMATION_OK"
17987,10410365769,10410365853,1,"IOTHUB_CLIENT_CONFIRMATION_OK"
17988,10410365970,10410366026,1,"IOTHUB_CLIENT_CONFIRMATION_OK"
17989,10410366170,10410366229,1,"IOTHUB_CLIENT_CONFIRMATION_OK"
17990,10410366370,10410366430,1,"IOTHUB_CLIENT_CONFIRMATION_OK"
17991,10410366570,10410366620,1,"IOTHUB_CLIENT_CONFIRMATION_OK"
17992,10410366770,10410366813,1,"IOTHUB_CLIENT_CONFIRMATION_OK"
17993,10410366970,10410367127,1,"IOTHUB_CLIENT_CONFIRMATION_OK"
17994,10410367170,10410367213,1,"IOTHUB_CLIENT_CONFIRMATION_OK"
17995,10410367371,10410367410,1,"IOTHUB_CLIENT_CONFIRMATION_OK"
17996,10410367571,10410367645,1,"IOTHUB_CLIENT_CONFIRMATION_OK"
17997,10410367771,10410367814,1,"IOTHUB_CLIENT_CONFIRMATION_OK"
17998,10410367971,10410368015,1,"IOTHUB_CLIENT_CONFIRMATION_OK"
17999,10410368171,10410368221,1,"IOTHUB_CLIENT_CONFIRMATION_OK"
18000,10410368371,10410368417,1,"IOTHUB_CLIENT_CONFIRMATION_OK"
18001,10410368572,10410368650,1,"IOTHUB_CLIENT_CONFIRMATION_OK"
18002,10410368772,10410368827,1,"IOTHUB_CLIENT_CONFIRMATION_OK"
18003,10410368972,10410369021,1,"IOTHUB_CLIENT_CONFIRMATION_OK"
18004,10410369172,10410369294,1,"IOTHUB_CLIENT_CONFIRMATION_OK"
18005,10410369372,10410369420,1,"IOTHUB_CLIENT_CONFIRMATION_OK"
18006,10410369572,10410369613,1,"IOTHUB_CLIENT_CONFIRMATION_OK"
18007,10410369772,10410369897,1,"IOTHUB_CLIENT_CONFIRMATION_OK"
18008,10410369973,10410370027,1,"IOTHUB_CLIENT_CONFIRMATION_OK"
18009,10410370173,10410370246,1,"IOTHUB_CLIENT_CONFIRMATION_OK"
18010,10410370373,10410370511,1,"IOTHUB_CLIENT_CONFIRMATION_OK"
18011,10410370573,10410370631,1,"IOTHUB_CLIENT_CONFIRMATION_OK"
18012,10410370773,10410370814,1,"IOTHUB_CLIENT_CONFIRMATION_OK"
18013,10410370973,10410371030,1,"IOTHUB_CLIENT_CONFIRMATION_OK"
18014,10410371174,10410371213,1,"IOTHUB_CLIENT_CONFIRMATION_OK"
18015,10410371374,10410371427,1,"IOTHUB_CLIENT_CONFIRMATION_OK"
18016,10410371574,10410371628,1,"IOTHUB_CLIENT_CONFIRMATION_OK"
18017,10410371774,10410371824,1,"IOTHUB_CLIENT_CONFIRMATION_OK"
18018,10410371974,10410372136,1,"IOTHUB_CLIENT_CONFIRMATION_OK"
18019,10410372174,10410372231,1,"IOTHUB_CLIENT_CONFIRMATION_OK"
18020,10410372375,10410372429,1,"IOTHUB_CLIENT_CONFIRMATION_OK"
18021,10410372575,10410372742,1,"IOTHUB_CLIENT_CONFIRMATION_OK"
18022,10410372775,10410372822,1,"IOTHUB_CLIENT_CONFIRMATION_OK"
18023,10410372975,10410373036,1,"IOTHUB_CLIENT_CONFIRMATION_OK"
18024,10410373175,10410373308,1,"IOTHUB_CLIENT_CONFIRMATION_OK"
18025,10410373375,10410373424,1,"IOTHUB_CLIENT_CONFIRMATION_OK"
18026,10410373575,10410373637,1,"IOTHUB_CLIENT_CONFIRMATION_OK"
18027,10410373776,10410373841,1,"IOTHUB_CLIENT_CONFIRMATION_OK"
18028,10410373976,10410374033,1,"IOTHUB_CLIENT_CONFIRMATION_OK"
18029,10410374176,10410374227,1,"IOTHUB_CLIENT_CONFIRMATION_OK"
18030,10410374376,10410374436,1,"IOTHUB_CLIENT_CONFIRMATION_OK"
18031,10410374576,10410374944,1,"IOTHUB_CLIENT_CONFIRMATION_OK"
18032,10410374776,10410375064,1,"IOTHUB_CLIENT_CONFIRMATION_OK"
18033,10410374976,10410375136,1,"IOTHUB_CLIENT_CONFIRMATION_OK"
18034,10410375177,10410375247,1,"IOTHUB_CLIENT_CONFIRMATION_OK"
18035,10410375377,10410375435,1,"IOTHUB_CLIENT_CONFIRMATION_OK"
18036,10410375577,10410375662,1,"IOTHUB_CLIENT_CONFIRMATION_OK"
18037,10410375777,10410375840,1,"IOTHUB_CLIENT_CONFIRMATION_OK"
18038,10410375977,10410376038,1,"IOTHUB_CLIENT_CONFIRMATION_OK"
18039,10410376177,10410376217,1,"IOTHUB_CLIENT_CONFIRMATION_OK"
18040,10410376377,10410376420,1,"IOTHUB_CLIENT_CONFIRMATION_OK"
18041,10410376578,10410376653,1,"IOTHUB_CLIENT_CONFIRMATION_OK"
18042,10410376778,10410376867,1,"IOTHUB_CLIENT_CONFIRMATION_OK"
18043,10410376978,10410377029,1,"IOTHUB_CLIENT_CONFIRMATION_OK"
18044,10410377178,10410377291,1,"IOTHUB_CLIENT_CONFIRMATION_OK"
18045,10410377378,10410377431,1,"IOTHUB_CLIENT_CONFIRMATION_OK"
18046,10410377578,10410377643,1,"IOTHUB_CLIENT_CONFIRMATION_OK"
18047,10410377779,10410377828,1,"IOTHUB_CLIENT_CONFIRMATION_OK"
18048,10410377979,10410378029,1,"IOTHUB_CLIENT_CONFIRMATION_OK"
18049,10410378179,10410378251,1,"IOTHUB_CLIENT_CONFIRMATION_OK"
18050,10410378379,10410378424,1,"IOTHUB_CLIENT_CONFIRMATION_OK"
18051,10410378579,10410378652,1,"IOTHUB_CLIENT_CONFIRMATION_OK"
18052,10410378779,10410378880,1,"IOTHUB_CLIENT_CONFIRMATION_OK"
18053,10410378980,10410379030,1,"IOTHUB_CLIENT_CONFIRMATION_OK"
18054,10410379180,10410379226,1,"IOTHUB_CLIENT_CONFIRMATION_OK"
18055,10410379380,10410379509,1,"IOTHUB_CLIENT_CONFIRMATION_OK"
18056,10410379580,10410379630,1,"IOTHUB_CLIENT_CONFIRMATION_OK"
18057,10410379780,10410379945,1,"IOTHUB_CLIENT_CONFIRMATION_OK"
18058,10410379980,10410380040,1,"IOTHUB_CLIENT_CONFIRMATION_OK"
18059,10410380180,10410380219,1,"IOTHUB_CLIENT_CONFIRMATION_OK"
18060,10410380381,10410380513,1,"IOTHUB_CLIENT_CONFIRMATION_OK"
18061,10410380581,10410380646,1,"IOTHUB_CLIENT_CONFIRMATION_OK"
18062,10410380781,10410380835,1,"IOTHUB_CLIENT_CONFIRMATION_OK"
18063,10410380981,10410381040,1,"IOTHUB_CLIENT_CONFIRMATION_OK"
18064,10410381181,10410381257,1,"IOTHUB_CLIENT_CONFIRMATION_OK"
18065,10410381381,10410381420,1,"IOTHUB_CLIENT_CONFIRMATION_OK"
18066,10410381581,10410381630,1,"IOTHUB_CLIENT_CONFIRMATION_OK"
18067,10410381782,10410381840,1,"IOTHUB_CLIENT_CONFIRMATION_OK"
18068,10410381982,10410382213,1,"IOTHUB_CLIENT_CONFIRMATION_OK"
18069,10410382182,10410382252,1,"IOTHUB_CLIENT_CONFIRMATION_OK"
18070,10410382382,10410382459,1,"IOTHUB_CLIENT_CONFIRMATION_OK"
18071,10410382582,10410382675,1,"IOTHUB_CLIENT_CONFIRMATION_OK"
18072,10410382782,10410382850,1,"IOTHUB_CLIENT_CONFIRMATION_OK"
18073,10410382983,10410383030,1,"IOTHUB_CLIENT_CONFIRMATION_OK"
18074,10410383183,10410383229,1,"IOTHUB_CLIENT_CONFIRMATION_OK"
18075,10410383383,10410383437,1,"IOTHUB_CLIENT_CONFIRMATION_OK"
18076,10410383583,10410383623,1,"IOTHUB_CLIENT_CONFIRMATION_OK"
18077,10410383783,10410383875,1,"IOTHUB_CLIENT_CONFIRMATION_OK"
18078,10410383983,10410384119,1,"IOTHUB_CLIENT_CONFIRMATION_OK"
18079,10410384184,10410384230,1,"IOTHUB_CLIENT_CONFIRMATION_OK"
18080,10410384384,10410384476,1,"IOTHUB_CLIENT_CONFIRMATION_OK"
18081,10410384584,10410384668,1,"IOTHUB_CLIENT_CONFIRMATION_OK"
18082,10410384784,10410384864,1,"IOTHUB_CLIENT_CONFIRMATION_OK"
18083,10410384984,10410385037,1,"IOTHUB_CLIENT_CONFIRMATION_OK"
18084,10410385184,10410385238,1,"IOTHUB_CLIENT_CONFIRMATION_OK"
18085,10410385384,10410385499,1,"IOTHUB_CLIENT_CONFIRMATION_OK"
18086,10410385585,10410385635,1,"IOTHUB_CLIENT_CONFIRMATION_OK"
18087,10410385785,10410385830,1,"IOTHUB_CLIENT_CONFIRMATION_OK"
18088,10410385985,10410386056,1,"IOTHUB_CLIENT_CONFIRMATION_OK"
18089,10410386185,10410386230,1,"IOTHUB_CLIENT_CONFIRMATION_OK"
18090,10410386385,10410386437,1,"IOTHUB_CLIENT_CONFIRMATION_OK"
18091,10410386585,10410386664,1,"IOTHUB_CLIENT_CONFIRMATION_OK"
18092,10410386786,10410386831,1,"IOTHUB_CLIENT_CONFIRMATION_OK"
18093,10410386986,10410387167,1,"IOTHUB_CLIENT_CONFIRMATION_OK"
18094,10410387186,10410387234,1,"IOTHUB_CLIENT_CONFIRMATION_OK"
18095,10410387386,10410387423,1,"IOTHUB_CLIENT_CONFIRMATION_OK"
18096,10410387586,10410387642,1,"IOTHUB_CLIENT_CONFIRMATION_OK"
18097,10410387787,10410387842,1,"IOTHUB_CLIENT_CONFIRMATION_OK"
18098,10410387987,10410388039,1,"IOTHUB_CLIENT_CONFIRMATION_OK"
18099,10410388187,10410388263,1,"IOTHUB_CLIENT_CONFIRMATION_OK"
18100,10410388387,10410388433,1,"IOTHUB_CLIENT_CONFIRMATION_OK"
18101,10410388587,10410388636,1,"IOTHUB_CLIENT_CONFIRMATION_OK"
18102,10410388787,10410388853,1,"IOTHUB_CLIENT_CONFIRMATION_OK"
18103,10410388987,10410389107,1,"IOTHUB_CLIENT_CONFIRMATION_OK"
18104,10410389188,10410389249,1,"IOTHUB_CLIENT_CONFIRMATION_OK"
18105,10410389388,10410389452,1,"IOTHUB_CLIENT_CONFIRMATION_OK"
18106,10410389588,10410389635,1,"IOTHUB_CLIENT_CONFIRMATION_OK"
18107,10410389788,10410389833,1,"IOTHUB_CLIENT_CONFIRMATION_OK"
18108,10410389988,10410390069,1,"IOTHUB_CLIENT_CONFIRMATION_OK"
18109,10410390188,10410390235,1,"IOTHUB_CLIENT_CONFIRMATION_OK"
18110,10410390389,10410390439,1,"IOTHUB_CLIENT_CONFIRMATION_OK"
18111,10410390589,10410390638,1,"IOTHUB_CLIENT_CONFIRMATION_OK"
18112,10410390789,10410390847,1,"IOTHUB_CLIENT_CONFIRMATION_OK"
18113,10410390989,10410391049,1,"IOTHUB_CLIENT_CONFIRMATION_OK"
18114,10410391189,10410391264,1,"IOTHUB_CLIENT_CONFIRMATION_OK"
18115,10410391389,10410391439,1,"IOTHUB_CLIENT_CONFIRMATION_OK"
18116,10410391589,10410391719,1,"IOTHUB_CLIENT_CONFIRMATION_OK"
18117,10410391790,10410391840,1,"IOTHUB_CLIENT_CONFIRMATION_OK"
18118,10410391990,10410392073,1,"IOTHUB_CLIENT_CONFIRMATION_OK"
18119,10410392190,10410392272,1,"IOTHUB_CLIENT_CONFIRMATION_OK"
18120,10410392390,10410392437,1,"IOTHUB_CLIENT_CONFIRMATION_OK"
18121,10410392590,10410392683,1,"IOTHUB_CLIENT_CONFIRMATION_OK"
18122,10410392790,10410392838,1,"IOTHUB_CLIENT_CONFIRMATION_OK"
18123,10410392991,10410393049,1,"IOTHUB_CLIENT_CONFIRMATION_OK"
18124,10410393191,10410393286,1,"IOTHUB_CLIENT_CONFIRMATION_OK"
18125,10410393391,10410393446,1,"IOTHUB_CLIENT_CONFIRMATION_OK"
18126,10410393591,10410393647,1,"IOTHUB_CLIENT_CONFIRMATION_OK"
18127,10410393791,10410393824,1,"IOTHUB_CLIENT_CONFIRMATION_OK"
18128,10410393991,10410394155,1,"IOTHUB_CLIENT_CONFIRMATION_OK"
18129,10410394191,10410394240,1,"IOTHUB_CLIENT_CONFIRMATION_OK"
18130,10410394392,10410394442,1,"IOTHUB_CLIENT_CONFIRMATION_OK"
18131,10410394592,10410394638,1,"IOTHUB_CLIENT_CONFIRMATION_OK"
18132,10410394792,10410394828,1,"IOTHUB_CLIENT_CONFIRMATION_OK"
18133,10410394992,10410395040,1,"IOTHUB_CLIENT_CONFIRMATION_OK"
18134,10410395192,10410395228,1,"IOTHUB_CLIENT_CONFIRMATION_OK"
18135,10410395392,10410395445,1,"IOTHUB_CLIENT_CONFIRMATION_OK"
18136,10410395593,10410395637,1,"IOTHUB_CLIENT_CONFIRMATION_OK"
18137,10410395793,10410395888,1,"IOTHUB_CLIENT_CONFIRMATION_OK"
18138,10410395993,10410396072,1,"IOTHUB_CLIENT_CONFIRMATION_OK"
18139,10410396193,10410396242,1,"IOTHUB_CLIENT_CONFIRMATION_OK"
18140,10410396393,10410396437,1,"IOTHUB_CLIENT_CONFIRMATION_OK"
18141,10410396593,10410396645,1,"IOTHUB_CLIENT_CONFIRMATION_OK"
18142,10410396794,10410396837,1,"IOTHUB_CLIENT_CONFIRMATION_OK"
18143,10410396994,10410397048,1,"IOTHUB_CLIENT_CONFIRMATION_OK"
18144,10410397194,10410397236,1,"IOTHUB_CLIENT_CONFIRMATION_OK"
18145,10410397394,10410397435,1,"IOTHUB_CLIENT_CONFIRMATION_OK"
18146,10410397594,10410397659,1,"IOTHUB_CLIENT_CONFIRMATION_OK"
18147,10410397794,10410397865,1,"IOTHUB_CLIENT_CONFIRMATION_OK"
18148,10410397994,10410398050,1,"IOTHUB_CLIENT_CONFIRMATION_OK"
18149,10410398195,10410398254,1,"IOTHUB_CLIENT_CONFIRMATION_OK"
18150,10410398395,10410398432,1,"IOTHUB_CLIENT_CONFIRMATION_OK"
18151,10410398595,10410398641,1,"IOTHUB_CLIENT_CONFIRMATION_OK"
18152,10410398795,10410398926,1,"IOTHUB_CLIENT_CONFIRMATION_OK"
18153,10410398995,10410399063,1,"IOTHUB_CLIENT_CONFIRMATION_OK"
18154,10410399195,10410399254,1,"IOTHUB_CLIENT_CONFIRMATION_OK"
18155,10410399396,10410399466,1,"IOTHUB_CLIENT_CONFIRMATION_OK"
18156,10410399596,10410399655,1,"IOTHUB_CLIENT_CONFIRMATION_OK"
18157,10410399796,10410399944,1,"IOTHUB_CLIENT_CONFIRMATION_OK"
18158,10410399996,10410400049,1,"IOTHUB_CLIENT_CONFIRMATION_OK"
18159,10410400196,10410400239,1,"IOTHUB_CLIENT_CONFIRMATION_OK"
18160,10410400396,10410400433,1,"IOTHUB_CLIENT_CONFIRMATION_OK"
18161,10410400596,10410400654,1,"IOTHUB_CLIENT_CONFIRMATION_OK"
18162,10410400797,10410400858,1,"IOTHUB_CLIENT_CONFIRMATION_OK"
18163,10410400997,10410401106,1,"IOTHUB_CLIENT_CONFIRMATION_OK"
18164,10410401197,10410401243,1,"IOTHUB_CLIENT_CONFIRMATION_OK"
18165,10410401397,10410401453,1,"IOTHUB_CLIENT_CONFIRMATION_OK"
18166,10410401597,10410401648,1,"IOTHUB_CLIENT_CONFIRMATION_OK"
18167,10410401797,10410401852,1,"IOTHUB_CLIENT_CONFIRMATION_OK"
18168,10410401998,10410402156,1,"IOTHUB_CLIENT_CONFIRMATION_OK"
18169,10410402198,10410402272,1,"IOTHUB_CLIENT_CONFIRMATION_OK"
18170,10410402398,10410402451,1,"IOTHUB_CLIENT_CONFIRMATION_OK"
18171,10410402598,10410402669,1,"IOTHUB_CLIENT_CONFIRMATION_OK"
18172,10410402798,10410402851,1,"IOTHUB_CLIENT_CONFIRMATION_OK"
18173,10410402998,10410403055,1,"IOTHUB_CLIENT_CONFIRMATION_OK"
18174,10410403199,10410403252,1,"IOTHUB_CLIENT_CONFIRMATION_OK"
18175,10410403399,10410403449,1,"IOTHUB_CLIENT_CONFIRMATION_OK"
18176,10410403599,10410403644,1,"IOTHUB_CLIENT_CONFIRMATION_OK"
18177,10410403799,10410403845,1,"IOTHUB_CLIENT_CONFIRMATION_OK"
18178,10410403999,10410404040,1,"IOTHUB_CLIENT_CONFIRMATION_OK"
18179,10410404199,10410404246,1,"IOTHUB_CLIENT_CONFIRMATION_OK"
18180,10410404399,10410404463,1,"IOTHUB_CLIENT_CONFIRMATION_OK"
18181,10410404600,10410404641,1,"IOTHUB_CLIENT_CONFIRMATION_OK"
18182,10410404800,10410404866,1,"IOTHUB_CLIENT_CONFIRMATION_OK"
18183,10410405000,10410405036,1,"IOTHUB_CLIENT_CONFIRMATION_OK"
18184,10410405200,10410405266,1,"IOTHUB_CLIENT_CONFIRMATION_OK"
18185,10410405400,10410405474,1,"IOTHUB_CLIENT_CONFIRMATION_OK"
18186,10410405600,10410405641,1,"IOTHUB_CLIENT_CONFIRMATION_OK"
18187,10410405801,10410405842,1,"IOTHUB_CLIENT_CONFIRMATION_OK"
18188,10410406001,10410406075,1,"IOTHUB_CLIENT_CONFIRMATION_OK"
18189,10410406201,10410406246,1,"IOTHUB_CLIENT_CONFIRMATION_OK"
18190,10410406401,10410406468,1,"IOTHUB_CLIENT_CONFIRMATION_OK"
18191,10410406601,10410406648,1,"IOTHUB_CLIENT_CONFIRMATION_OK"
18192,10410406801,10410406842,1,"IOTHUB_CLIENT_CONFIRMATION_OK"
18193,10410407002,10410407087,1,"IOTHUB_CLIENT_CONFIRMATION_OK"
18194,10410407202,10410407241,1,"IOTHUB_CLIENT_CONFIRMATION_OK"
18195,10410407402,10410407447,1,"IOTHUB_CLIENT_CONFIRMATION_OK"
18196,10410407602,10410407702,1,"IOTHUB_CLIENT_CONFIRMATION_OK"
18197,10410407802,10410407843,1,"IOTHUB_CLIENT_CONFIRMATION_OK"
18198,10410408002,10410408039,1,"IOTHUB_CLIENT_CONFIRMATION_OK"
18199,10410408202,10410408374,1,"IOTHUB_CLIENT_CONFIRMATION_OK"
18200,10410408403,10410408466,1,"IOTHUB_CLIENT_CONFIRMATION_OK"
18201,10410408603,10410408651,1,"IOTHUB_CLIENT_CONFIRMATION_OK"
18202,10410408803,10410408852,1,"IOTHUB_CLIENT_CONFIRMATION_OK"
18203,10410409003,10410409047,1,"IOTHUB_CLIENT_CONFIRMATION_OK"
18204,10410409203,10410409249,1,"IOTHUB_CLIENT_CONFIRMATION_OK"
18205,10410409403,10410409443,1,"IOTHUB_CLIENT_CONFIRMATION_OK"
18206,10410409604,10410409672,1,"IOTHUB_CLIENT_CONFIRMATION_OK"
18207,10410409804,10410410329,1,"IOTHUB_CLIENT_CONFIRMATION_OK"
18208,10410410004,10410410733,1,"IOTHUB_CLIENT_CONFIRMATION_OK"
18209,10410410204,10410410845,1,"IOTHUB_CLIENT_CONFIRMATION_OK"
18210,10410410404,10410410920,1,"IOTHUB_CLIENT_CONFIRMATION_OK"
18211,10410410604,10410411003,1,"IOTHUB_CLIENT_CONFIRMATION_OK"
18212,10410410804,10410411066,1,"IOTHUB_CLIENT_CONFIRMATION_OK"
18213,10410411005,10410411145,1,"IOTHUB_CLIENT_CONFIRMATION_OK"
18214,10410411205,10410411270,1,"IOTHUB_CLIENT_CONFIRMATION_OK"
18215,10410411405,10410411457,1,"IOTHUB_CLIENT_CONFIRMATION_OK"
18216,10410411605,10410411657,1,"IOTHUB_CLIENT_CONFIRMATION_OK"
18217,10410411805,10410411851,1,"IOTHUB_CLIENT_CONFIRMATION_OK"
18218,10410412005,10410412257,1,"IOTHUB_CLIENT_CONFIRMATION_OK"
18219,10410412206,10410412313,1,"IOTHUB_CLIENT_CONFIRMATION_OK"
18220,10410412406,10410412464,1,"IOTHUB_CLIENT_CONFIRMATION_OK"
18221,10410412606,10410412651,1,"IOTHUB_CLIENT_CONFIRMATION_OK"
18222,10410412806,10410412848,1,"IOTHUB_CLIENT_CONFIRMATION_OK"
18223,10410413006,10410413074,1,"IOTHUB_CLIENT_CONFIRMATION_OK"
18224,10410413206,10410413254,1,"IOTHUB_CLIENT_CONFIRMATION_OK"
18225,10410413406,10410413451,1,"IOTHUB_CLIENT_CONFIRMATION_OK"
18226,10410413607,10410413649,1,"IOTHUB_CLIENT_CONFIRMATION_OK"
18227,10410413807,10410413889,1,"IOTHUB_CLIENT_CONFIRMATION_OK"
18228,10410414007,10410414063,1,"IOTHUB_CLIENT_CONFIRMATION_OK"
18229,10410414207,10410414251,1,"IOTHUB_CLIENT_CONFIRMATION_OK"
18230,10410414407,10410414477,1,"IOTHUB_CLIENT_CONFIRMATION_OK"
18231,10410414607,10410414650,1,"IOTHUB_CLIENT_CONFIRMATION_OK"
18232,10410414808,10410414924,1,"IOTHUB_CLIENT_CONFIRMATION_OK"
18233,10410415008,10410415050,1,"IOTHUB_CLIENT_CONFIRMATION_OK"
18234,10410415208,10410415262,1,"IOTHUB_CLIENT_CONFIRMATION_OK"
18235,10410415408,10410415498,1,"IOTHUB_CLIENT_CONFIRMATION_OK"
18236,10410415608,10410415739,1,"IOTHUB_CLIENT_CONFIRMATION_OK"
18237,10410415808,10410415874,1,"IOTHUB_CLIENT_CONFIRMATION_OK"
18238,10410416009,10410416056,1,"IOTHUB_CLIENT_CONFIRMATION_OK"
18239,10410416209,10410416279,1,"IOTHUB_CLIENT_CONFIRMATION_OK"
18240,10410416409,10410416451,1,"IOTHUB_CLIENT_CONFIRMATION_OK"
18241,10410416609,10410416664,1,"IOTHUB_CLIENT_CONFIRMATION_OK"
18242,10410416809,10410416848,1,"IOTHUB_CLIENT_CONFIRMATION_OK"
18243,10410417009,10410417246,1,"IOTHUB_CLIENT_CONFIRMATION_OK"
18244,10410417209,10410417273,1,"IOTHUB_CLIENT_CONFIRMATION_OK"
18245,10410417410,10410417462,1,"IOTHUB_CLIENT_CONFIRMATION_OK"
18246,10410417610,10410417668,1,"IOTHUB_CLIENT_CONFIRMATION_OK"
18247,10410417810,10410417857,1,"IOTHUB_CLIENT_CONFIRMATION_OK"
18248,10410418010,10410418059,1,"IOTHUB_CLIENT_CONFIRMATION_OK"
18249,10410418210,10410418301,1,"IOTHUB_CLIENT_CONFIRMATION_OK"
18250,10410418410,10410418466,1,"IOTHUB_CLIENT_CONFIRMATION_OK"
18251,10410418611,10410418661,1,"IOTHUB_CLIENT_CONFIRMATION_OK"
18252,10410418811,10410418869,1,"IOTHUB_CLIENT_CONFIRMATION_OK"
18253,10410419011,10410419078,1,"IOTHUB_CLIENT_CONFIRMATION_OK"
18254,10410419211,10410419275,1,"IOTHUB_CLIENT_CONFIRMATION_OK"
18255,10410419411,10410419447,1,"IOTHUB_CLIENT_CONFIRMATION_OK"
18256,10410419611,10410419648,1,"IOTHUB_CLIENT_CONFIRMATION_OK"
18257,10410419811,10410419884,1,"IOTHUB_CLIENT_CONFIRMATION_OK"
18258,10410420012,10410420069,1,"IOTHUB_CLIENT_CONFIRMATION_OK"
18259,10410420212,10410420311,1,"IOTHUB_CLIENT_CONFIRMATION_OK"
18260,10410420412,10410420497,1,"IOTHUB_CLIENT_CONFIRMATION_OK"
18261,10410420612,10410420685,1,"IOTHUB_CLIENT_CONFIRMATION_OK"
18262,10410420812,10410420861,1,"IOTHUB_CLIENT_CONFIRMATION_OK"
18263,10410421012,10410421114,1,"IOTHUB_CLIENT_CONFIRMATION_OK"
18264,10410421213,10410421268,1,"IOTHUB_CLIENT_CONFIRMATION_OK"
18265,10410421413,10410421466,1,"IOTHUB_CLIENT_CONFIRMATION_OK"
18266,10410421613,10410421659,1,"IOTHUB_CLIENT_CONFIRMATION_OK"
18267,10410421813,10410421874,1,"IOTHUB_CLIENT_CONFIRMATION_OK"
18268,10410422013,10410422164,1,"IOTHUB_CLIENT_CONFIRMATION_OK"
18269,10410422213,10410422277,1,"IOTHUB_CLIENT_CONFIRMATION_OK"
18270,10410422413,10410422477,1,"IOTHUB_CLIENT_CONFIRMATION_OK"
18271,10410422614,10410422710,1,"IOTHUB_CLIENT_CONFIRMATION_OK"
18272,10410422814,10410422865,1,"IOTHUB_CLIENT_CONFIRMATION_OK"
18273,10410423014,10410423054,1,"IOTHUB_CLIENT_CONFIRMATION_OK"
18274,10410423214,10410423345,1,"IOTHUB_CLIENT_CONFIRMATION_OK"
18275,10410423414,10410423489,1,"IOTHUB_CLIENT_CONFIRMATION_OK"
18276,10410423614,10410423665,1,"IOTHUB_CLIENT_CONFIRMATION_OK"
18277,10410423815,10410423872,1,"IOTHUB_CLIENT_CONFIRMATION_OK"
18278,10410424015,10410424055,1,"IOTHUB_CLIENT_CONFIRMATION_OK"
18279,10410424215,10410424263,1,"IOTHUB_CLIENT_CONFIRMATION_OK"
18280,10410424415,10410424491,1,"IOTHUB_CLIENT_CONFIRMATION_OK"
18281,10410424615,10410424701,1,"IOTHUB_CLIENT_CONFIRMATION_OK"
18282,10410424815,10410424980,1,"IOTHUB_CLIENT_CONFIRMATION_OK"
18283,10410425015,10410425061,1,"IOTHUB_CLIENT_CONFIRMATION_OK"
18284,10410425216,10410425258,1,"IOTHUB_CLIENT_CONFIRMATION_OK"
18285,10410425416,10410425453,1,"IOTHUB_CLIENT_CONFIRMATION_OK"
18286,10410425616,10410425661,1,"IOTHUB_CLIENT_CONFIRMATION_OK"
18287,10410425816,10410425916,1,"IOTHUB_CLIENT_CONFIRMATION_OK"
18288,10410426016,10410426052,1,"IOTHUB_CLIENT_CONFIRMATION_OK"
18289,10410426216,10410426271,1,"IOTHUB_CLIENT_CONFIRMATION_OK"
18290,10410426417,10410426474,1,"IOTHUB_CLIENT_CONFIRMATION_OK"
18291,10410426617,10410426683,1,"IOTHUB_CLIENT_CONFIRMATION_OK"
18292,10410426817,10410426878,1,"IOTHUB_CLIENT_CONFIRMATION_OK"
18293,10410427017,10410427202,1,"IOTHUB_CLIENT_CONFIRMATION_OK"
18294,10410427217,10410427269,1,"IOTHUB_CLIENT_CONFIRMATION_OK"
18295,10410427417,10410427475,1,"IOTHUB_CLIENT_CONFIRMATION_OK"
18296,10410427617,10410427660,1,"IOTHUB_CLIENT_CONFIRMATION_OK"
18297,10410427818,10410427876,1,"IOTHUB_CLIENT_CONFIRMATION_OK"
18298,10410428018,10410428062,1,"IOTHUB_CLIENT_CONFIRMATION_OK"
18299,10410428218,10410428260,1,"IOTHUB_CLIENT_CONFIRMATION_OK"
18300,10410428418,10410428511,1,"IOTHUB_CLIENT_CONFIRMATION_OK"
18301,10410428618,10410428681,1,"IOTHUB_CLIENT_CONFIRMATION_OK"
18302,10410428818,10410428927,1,"IOTHUB_CLIENT_CONFIRMATION_OK"
18303,10410429019,10410429099,1,"IOTHUB_CLIENT_CONFIRMATION_OK"
18304,10410429219,10410429291,1,"IOTHUB_CLIENT_CONFIRMATION_OK"
18305,10410429419,10410429465,1,"IOTHUB_CLIENT_CONFIRMATION_OK"
18306,10410429619,10410429679,1,"IOTHUB_CLIENT_CONFIRMATION_OK"
18307,10410429819,10410429892,1,"IOTHUB_CLIENT_CONFIRMATION_OK"
18308,10410430019,10410430059,1,"IOTHUB_CLIENT_CONFIRMATION_OK"
18309,10410430219,10410430261,1,"IOTHUB_CLIENT_CONFIRMATION_OK"
18310,10410430420,10410430489,1,"IOTHUB_CLIENT_CONFIRMATION_OK"
18311,10410430620,10410430669,1,"IOTHUB_CLIENT_CONFIRMATION_OK"
18312,10410430820,10410430877,1,"IOTHUB_CLIENT_CONFIRMATION_OK"
18313,10410431020,10410431077,1,"IOTHUB_CLIENT_CONFIRMATION_OK"
18314,10410431220,10410431256,1,"IOTHUB_CLIENT_CONFIRMATION_OK"
18315,10410431420,10410431468,1,"IOTHUB_CLIENT_CONFIRMATION_OK"
18316,10410431621,10410431686,1,"IOTHUB_CLIENT_CONFIRMATION_OK"
18317,10410431821,10410431871,1,"IOTHUB_CLIENT_CONFIRMATION_OK"
18318,10410432021,10410432073,1,"IOTHUB_CLIENT_CONFIRMATION_OK"
18319,10410432221,10410432266,1,"IOTHUB_CLIENT_CONFIRMATION_OK"
18320,10410432421,10410432471,1,"IOTHUB_CLIENT_CONFIRMATION_OK"
18321,10410432621,10410432690,1,"IOTHUB_CLIENT_CONFIRMATION_OK"
18322,10410432822,10410432886,1,"IOTHUB_CLIENT_CONFIRMATION_OK"
18323,10410433022,10410433081,1,"IOTHUB_CLIENT_CONFIRMATION_OK"
18324,10410433222,10410433258,1,"IOTHUB_CLIENT_CONFIRMATION_OK"
18325,10410433422,10410433495,1,"IOTHUB_CLIENT_CONFIRMATION_OK"
18326,10410433622,10410433679,1,"IOTHUB_CLIENT_CONFIRMATION_OK"
18327,10410433822,10410433872,1,"IOTHUB_CLIENT_CONFIRMATION_OK"
18328,10410434022,10410434085,1,"IOTHUB_CLIENT_CONFIRMATION_OK"
18329,10410434223,10410434263,1,"IOTHUB_CLIENT_CONFIRMATION_OK"
18330,10410434423,10410434476,1,"IOTHUB_CLIENT_CONFIRMATION_OK"
18331,10410434623,10410434663,1,"IOTHUB_CLIENT_CONFIRMATION_OK"
18332,10410434823,10410434975,1,"IOTHUB_CLIENT_CONFIRMATION_OK"
18333,10410435023,10410435080,1,"IOTHUB_CLIENT_CONFIRMATION_OK"
18334,10410435223,10410435272,1,"IOTHUB_CLIENT_CONFIRMATION_OK"
18335,10410435423,10410435460,1,"IOTHUB_CLIENT_CONFIRMATION_OK"
18336,10410435624,10410435668,1,"IOTHUB_CLIENT_CONFIRMATION_OK"
18337,10410435824,10410435865,1,"IOTHUB_CLIENT_CONFIRMATION_OK"
18338,10410436024,10410436145,1,"IOTHUB_CLIENT_CONFIRMATION_OK"
18339,10410436224,10410436267,1,"IOTHUB_CLIENT_CONFIRMATION_OK"
18340,10410436424,10410436501,1,"IOTHUB_CLIENT_CONFIRMATION_OK"
18341,10410436624,10410436663,1,"IOTHUB_CLIENT_CONFIRMATION_OK"
18342,10410436825,10410436864,1,"IOTHUB_CLIENT_CONFIRMATION_OK"
18343,10410437025,10410437221,1,"IOTHUB_CLIENT_CONFIRMATION_OK"
18344,10410437225,10410437281,1,"IOTHUB_CLIENT_CONFIRMATION_OK"
18345,10410437425,10410437478,1,"IOTHUB_CLIENT_CONFIRMATION_OK"
18346,10410437625,10410437671,1,"IOTHUB_CLIENT_CONFIRMATION_OK"
18347,10410437825,10410437879,1,"IOTHUB_CLIENT_CONFIRMATION_OK"
18348,10410438025,10410438066,1,"IOTHUB_CLIENT_CONFIRMATION_OK"
18349,10410438226,10410438308,1,"IOTHUB_CLIENT_CONFIRMATION_OK"
18350,10410438426,10410438479,1,"IOTHUB_CLIENT_CONFIRMATION_OK"
18351,10410438626,10410438675,1,"IOTHUB_CLIENT_CONFIRMATION_OK"
18352,10410438826,10410438883,1,"IOTHUB_CLIENT_CONFIRMATION_OK"
18353,10410439026,10410439074,1,"IOTHUB_CLIENT_CONFIRMATION_OK"
18354,10410439226,10410439290,1,"IOTHUB_CLIENT_CONFIRMATION_OK"
18355,10410439427,10410439477,1,"IOTHUB_CLIENT_CONFIRMATION_OK"
18356,10410439627,10410439684,1,"IOTHUB_CLIENT_CONFIRMATION_OK"
18357,10410439827,10410439911,1,"IOTHUB_CLIENT_CONFIRMATION_OK"
18358,10410440027,10410440075,1,"IOTHUB_CLIENT_CONFIRMATION_OK"
18359,10410440227,10410440289,1,"IOTHUB_CLIENT_CONFIRMATION_OK"
18360,10410440427,10410440652,1,"IOTHUB_CLIENT_CONFIRMATION_OK"
18361,10410440627,10410440675,1,"IOTHUB_CLIENT_CONFIRMATION_OK"
18362,10410440828,10410440912,1,"IOTHUB_CLIENT_CONFIRMATION_OK"
18363,10410441028,10410441085,1,"IOTHUB_CLIENT_CONFIRMATION_OK"
18364,10410441228,10410441293,1,"IOTHUB_CLIENT_CONFIRMATION_OK"
18365,10410441428,10410441480,1,"IOTHUB_CLIENT_CONFIRMATION_OK"
18366,10410441628,10410441668,1,"IOTHUB_CLIENT_CONFIRMATION_OK"
18367,10410441828,10410441898,1,"IOTHUB_CLIENT_CONFIRMATION_OK"
18368,10410442029,10410442070,1,"IOTHUB_CLIENT_CONFIRMATION_OK"
18369,10410442229,10410442266,1,"IOTHUB_CLIENT_CONFIRMATION_OK"
18370,10410442429,10410442484,1,"IOTHUB_CLIENT_CONFIRMATION_OK"
18371,10410442629,10410442698,1,"IOTHUB_CLIENT_CONFIRMATION_OK"
18372,10410442829,10410442880,1,"IOTHUB_CLIENT_CONFIRMATION_OK"
18373,10410443029,10410443096,1,"IOTHUB_CLIENT_CONFIRMATION_OK"
18374,10410443229,10410443274,1,"IOTHUB_CLIENT_CONFIRMATION_OK"
18375,10410443430,10410443489,1,"IOTHUB_CLIENT_CONFIRMATION_OK"
18376,10410443630,10410443685,1,"IOTHUB_CLIENT_CONFIRMATION_OK"
18377,10410443830,10410443925,1,"IOTHUB_CLIENT_CONFIRMATION_OK"
18378,10410444030,10410444092,1,"IOTHUB_CLIENT_CONFIRMATION_OK"
18379,10410444230,10410444279,1,"IOTHUB_CLIENT_CONFIRMATION_OK"
18380,10410444430,10410444487,1,"IOTHUB_CLIENT_CONFIRMATION_OK"
18381,10410444631,10410444673,1,"IOTHUB_CLIENT_CONFIRMATION_OK"
18382,10410444831,10410444912,1,"IOTHUB_CLIENT_CONFIRMATION_OK"
18383,10410445031,10410445076,1,"IOTHUB_CLIENT_CONFIRMATION_OK"
18384,10410445231,10410445287,1,"IOTHUB_CLIENT_CONFIRMATION_OK"
18385,10410445431,10410445550,1,"IOTHUB_CLIENT_CONFIRMATION_OK"
18386,10410445631,10410445684,1,"IOTHUB_CLIENT_CONFIRMATION_OK"
18387,10410445832,10410445926,1,"IOTHUB_CLIENT_CONFIRMATION_OK"
18388,10410446032,10410446131,1,"IOTHUB_CLIENT_CONFIRMATION_OK"
18389,10410446232,10410446277,1,"IOTHUB_CLIENT_CONFIRMATION_OK"
18390,10410446432,10410446472,1,"IOTHUB_CLIENT_CONFIRMATION_OK"
18391,10410446632,10410446672,1,"IOTHUB_CLIENT_CONFIRMATION_OK"
18392,10410446832,10410446873,1,"IOTHUB_CLIENT_CONFIRMATION_OK"
18393,10410447032,10410447153,1,"IOTHUB_CLIENT_CONFIRMATION_OK"
18394,10410447233,10410447269,1,"IOTHUB_CLIENT_CONFIRMATION_OK"
18395,10410447433,10410447509,1,"IOTHUB_CLIENT_CONFIRMATION_OK"
18396,10410447633,10410447748,1,"IOTHUB_CLIENT_CONFIRMATION_OK"
18397,10410447833,10410447889,1,"IOTHUB_CLIENT_CONFIRMATION_OK"
18398,10410448033,10410448090,1,"IOTHUB_CLIENT_CONFIRMATION_OK"
18399,10410448233,10410448281,1,"IOTHUB_CLIENT_CONFIRMATION_OK"
18400,10410448434,10410448475,1,"IOTHUB_CLIENT_CONFIRMATION_OK"
18401,10410448634,10410448682,1,"IOTHUB_CLIENT_CONFIRMATION_OK"
18402,10410448834,10410448891,1,"IOTHUB_CLIENT_CONFIRMATION_OK"
18403,10410449034,10410449075,1,"IOTHUB_CLIENT_CONFIRMATION_OK"
18404,10410449234,10410449289,1,"IOTHUB_CLIENT_CONFIRMATION_OK"
18405,10410449434,10410449487,1,"IOTHUB_CLIENT_CONFIRMATION_OK"
18406,10410449635,10410449671,1,"IOTHUB_CLIENT_CONFIRMATION_OK"
18407,10410449835,10410449997,1,"IOTHUB_CLIENT_CONFIRMATION_OK"
18408,10410450035,10410450077,1,"IOTHUB_CLIENT_CONFIRMATION_OK"
18409,10410450235,10410450496,1,"IOTHUB_CLIENT_CONFIRMATION_OK"
18410,10410450435,10410450576,1,"IOTHUB_CLIENT_CONFIRMATION_OK"
18411,10410450635,10410450691,1,"IOTHUB_CLIENT_CONFIRMATION_OK"
18412,10410450836,10410450896,1,"IOTHUB_CLIENT_CONFIRMATION_OK"
18413,10410451036,10410451075,1,"IOTHUB_CLIENT_CONFIRMATION_OK"
18414,10410451236,10410451316,1,"IOTHUB_CLIENT_CONFIRMATION_OK"
18415,10410451436,10410451482,1,"IOTHUB_CLIENT_CONFIRMATION_OK"
18416,10410451636,10410451690,1,"IOTHUB_CLIENT_CONFIRMATION_OK"
18417,10410451836,10410451892,1,"IOTHUB_CLIENT_CONFIRMATION_OK"
18418,10410452036,10410452088,1,"IOTHUB_CLIENT_CONFIRMATION_OK"
18419,10410452237,10410452281,1,"IOTHUB_CLIENT_CONFIRMATION_OK"
18420,10410452437,10410452477,1,"IOTHUB_CLIENT_CONFIRMATION_OK"
18421,10410452637,10410452710,1,"IOTHUB_CLIENT_CONFIRMATION_OK"
18422,10410452837,10410452881,1,"IOTHUB_CLIENT_CONFIRMATION_OK"
18423,10410453037,10410453079,1,"IOTHUB_CLIENT_CONFIRMATION_OK"
18424,10410453237,10410453319,1,"IOTHUB_CLIENT_CONFIRMATION_OK"
18425,10410453438,10410453524,1,"IOTHUB_CLIENT_CONFIRMATION_OK"
18426,10410453638,10410453681,1,"IOTHUB_CLIENT_CONFIRMATION_OK"
18427,10410453838,10410453931,1,"IOTHUB_CLIENT_CONFIRMATION_OK"
18428,10410454038,10410454081,1,"IOTHUB_CLIENT_CONFIRMATION_OK"
18429,10410454238,10410454283,1,"IOTHUB_CLIENT_CONFIRMATION_OK"
18430,10410454438,10410454492,1,"IOTHUB_CLIENT_CONFIRMATION_OK"
18431,10410454638,10410454699,1,"IOTHUB_CLIENT_CONFIRMATION_OK"
18432,10410454839,10410455007,1,"IOTHUB_CLIENT_CONFIRMATION_OK"
18433,10410455039,10410455082,1,"IOTHUB_CLIENT_CONFIRMATION_OK"
18434,10410455239,10410455327,1,"IOTHUB_CLIENT_CONFIRMATION_OK"
18435,10410455439,10410455587,1,"IOTHUB_CLIENT_CONFIRMATION_OK"
18436,10410455639,10410455683,1,"IOTHUB_CLIENT_CONFIRMATION_OK"
18437,10410455839,10410455912,1,"IOTHUB_CLIENT_CONFIRMATION_OK"
18438,10410456040,10410456077,1,"IOTHUB_CLIENT_CONFIRMATION_OK"
18439,10410456240,10410456283,1,"IOTHUB_CLIENT_CONFIRMATION_OK"
18440,10410456440,10410456477,1,"IOTHUB_CLIENT_CONFIRMATION_OK"
18441,10410456640,10410456679,1,"IOTHUB_CLIENT_CONFIRMATION_OK"
18442,10410456840,10410456927,1,"IOTHUB_CLIENT_CONFIRMATION_OK"
18443,10410457040,10410457105,1,"IOTHUB_CLIENT_CONFIRMATION_OK"
18444,10410457241,10410457288,1,"IOTHUB_CLIENT_CONFIRMATION_OK"
18445,10410457441,10410457481,1,"IOTHUB_CLIENT_CONFIRMATION_OK"
18446,10410457641,10410457685,1,"IOTHUB_CLIENT_CONFIRMATION_OK"
18447,10410457841,10410457891,1,"IOTHUB_CLIENT_CONFIRMATION_OK"
18448,10410458041,10410458106,1,"IOTHUB_CLIENT_CONFIRMATION_OK"
18449,10410458241,10410458289,1,"IOTHUB_CLIENT_CONFIRMATION_OK"
18450,10410458441,10410458479,1,"IOTHUB_CLIENT_CONFIRMATION_OK"
18451,10410458642,10410458711,1,"IOTHUB_CLIENT_CONFIRMATION_OK"
18452,10410458842,10410458894,1,"IOTHUB_CLIENT_CONFIRMATION_OK"
18453,10410459042,10410459101,1,"IOTHUB_CLIENT_CONFIRMATION_OK"
18454,10410459242,10410459291,1,"IOTHUB_CLIENT_CONFIRMATION_OK"
18455,10410459442,10410459483,1,"IOTHUB_CLIENT_CONFIRMATION_OK"
18456,10410459642,10410459706,1,"IOTHUB_CLIENT_CONFIRMATION_OK"
18457,10410459843,10410459903,1,"IOTHUB_CLIENT_CONFIRMATION_OK"
18458,10410460043,10410460089,1,"IOTHUB_CLIENT_CONFIRMATION_OK"
18459,10410460243,10410460308,1,"IOTHUB_CLIENT_CONFIRMATION_OK"
18460,10410460443,10410460532,1,"IOTHUB_CLIENT_CONFIRMATION_OK"
18461,10410460643,10410460686,1,"IOTHUB_CLIENT_CONFIRMATION_OK"
18462,10410460843,10410460893,1,"IOTHUB_CLIENT_CONFIRMATION_OK"
18463,10410461043,10410461208,1,"IOTHUB_CLIENT_CONFIRMATION_OK"
18464,10410461244,10410461300,1,"IOTHUB_CLIENT_CONFIRMATION_OK"
18465,10410461444,10410461496,1,"IOTHUB_CLIENT_CONFIRMATION_OK"
18466,10410461644,10410461687,1,"IOTHUB_CLIENT_CONFIRMATION_OK"
18467,10410461844,10410461885,1,"IOTHUB_CLIENT_CONFIRMATION_OK"
18468,10410462044,10410462175,1,"IOTHUB_CLIENT_CONFIRMATION_OK"
18469,10410462244,10410462287,1,"IOTHUB_CLIENT_CONFIRMATION_OK"
18470,10410462445,10410462566,1,"IOTHUB_CLIENT_CONFIRMATION_OK"
18471,10410462645,10410462747,1,"IOTHUB_CLIENT_CONFIRMATION_OK"
18472,10410462845,10410462886,1,"IOTHUB_CLIENT_CONFIRMATION_OK"
18473,10410463045,10410463084,1,"IOTHUB_CLIENT_CONFIRMATION_OK"
18474,10410463245,10410463296,1,"IOTHUB_CLIENT_CONFIRMATION_OK"
18475,10410463445,10410463488,1,"IOTHUB_CLIENT_CONFIRMATION_OK"
18476,10410463645,10410463704,1,"IOTHUB_CLIENT_CONFIRMATION_OK"
18477,10410463846,10410463893,1,"IOTHUB_CLIENT_CONFIRMATION_OK"
18478,10410464046,10410464108,1,"IOTHUB_CLIENT_CONFIRMATION_OK"
18479,10410464246,10410464310,1,"IOTHUB_CLIENT_CONFIRMATION_OK"
18480,10410464446,10410464502,1,"IOTHUB_CLIENT_CONFIRMATION_OK"
18481,10410464646,10410464693,1,"IOTHUB_CLIENT_CONFIRMATION_OK"
18482,10410464846,10410464975,1,"IOTHUB_CLIENT_CONFIRMATION_OK"
18483,10410465046,10410465096,1,"IOTHUB_CLIENT_CONFIRMATION_OK"
18484,10410465247,10410465291,1,"IOTHUB_CLIENT_CONFIRMATION_OK"
18485,10410465447,10410465503,1,"IOTHUB_CLIENT_CONFIRMATION_OK"
18486,10410465647,10410465695,1,"IOTHUB_CLIENT_CONFIRMATION_OK"
18487,10410465847,10410465889,1,"IOTHUB_CLIENT_CONFIRMATION_OK"
18488,10410466047,10410466084,1,"IOTHUB_CLIENT_CONFIRMATION_OK"
18489,10410466247,10410466286,1,"IOTHUB_CLIENT_CONFIRMATION_OK"
18490,10410466448,10410466483,1,"IOTHUB_CLIENT_CONFIRMATION_OK"
18491,10410466648,10410466727,1,"IOTHUB_CLIENT_CONFIRMATION_OK"
18492,10410466848,10410466902,1,"IOTHUB_CLIENT_CONFIRMATION_OK"
18493,10410467048,10410467237,1,"IOTHUB_CLIENT_CONFIRMATION_OK"
18494,10410467248,10410467294,1,"IOTHUB_CLIENT_CONFIRMATION_OK"
18495,10410467448,10410467487,1,"IOTHUB_CLIENT_CONFIRMATION_OK"
18496,10410467648,10410467757,1,"IOTHUB_CLIENT_CONFIRMATION_OK"
18497,10410467849,10410467891,1,"IOTHUB_CLIENT_CONFIRMATION_OK"
18498,10410468049,10410468134,1,"IOTHUB_CLIENT_CONFIRMATION_OK"
18499,10410468249,10410468310,1,"IOTHUB_CLIENT_CONFIRMATION_OK"
18500,10410468449,10410468509,1,"IOTHUB_CLIENT_CONFIRMATION_OK"
18501,10410468649,10410468696,1,"IOTHUB_CLIENT_CONFIRMATION_OK"
18502,10410468849,10410468925,1,"IOTHUB_CLIENT_CONFIRMATION_OK"
18503,10410469049,10410469102,1,"IOTHUB_CLIENT_CONFIRMATION_OK"
18504,10410469250,10410469313,1,"IOTHUB_CLIENT_CONFIRMATION_OK"
18505,10410469450,10410469503,1,"IOTHUB_CLIENT_CONFIRMATION_OK"
18506,10410469650,10410469690,1,"IOTHUB_CLIENT_CONFIRMATION_OK"
18507,10410469850,10410470112,1,"IOTHUB_CLIENT_CONFIRMATION_OK"
18508,10410470050,10410470255,1,"IOTHUB_CLIENT_CONFIRMATION_OK"
18509,10410470250,10410470333,1,"IOTHUB_CLIENT_CONFIRMATION_OK"
18510,10410470451,10410470523,1,"IOTHUB_CLIENT_CONFIRMATION_OK"
18511,10410470651,10410470700,1,"IOTHUB_CLIENT_CONFIRMATION_OK"
18512,10410470851,10410470893,1,"IOTHUB_CLIENT_CONFIRMATION_OK"
18513,10410471051,10410471155,1,"IOTHUB_CLIENT_CONFIRMATION_OK"
18514,10410471251,10410471294,1,"IOTHUB_CLIENT_CONFIRMATION_OK"
18515,10410471451,10410471496,1,"IOTHUB_CLIENT_CONFIRMATION_OK"
18516,10410471651,10410471693,1,"IOTHUB_CLIENT_CONFIRMATION_OK"
18517,10410471852,10410471892,1,"IOTHUB_CLIENT_CONFIRMATION_OK"
18518,10410472052,10410472143,1,"IOTHUB_CLIENT_CONFIRMATION_OK"
18519,10410472252,10410472333,1,"IOTHUB_CLIENT_CONFIRMATION_OK"
18520,10410472452,10410472498,1,"IOTHUB_CLIENT_CONFIRMATION_OK"
18521,10410472652,10410472738,1,"IOTHUB_CLIENT_CONFIRMATION_OK"
18522,10410472852,10410472891,1,"IOTHUB_CLIENT_CONFIRMATION_OK"
18523,10410473052,10410473093,1,"IOTHUB_CLIENT_CONFIRMATION_OK"
18524,10410473253,10410473469,1,"IOTHUB_CLIENT_CONFIRMATION_OK"
18525,10410473453,10410473514,1,"IOTHUB_CLIENT_CONFIRMATION_OK"
18526,10410473653,10410473711,1,"IOTHUB_CLIENT_CONFIRMATION_OK"
18527,10410473853,10410473906,1,"IOTHUB_CLIENT_CONFIRMATION_OK"
18528,10410474053,10410474102,1,"IOTHUB_CLIENT_CONFIRMATION_OK"
18529,10410474253,10410474304,1,"IOTHUB_CLIENT_CONFIRMATION_OK"
18530,10410474454,10410474507,1,"IOTHUB_CLIENT_CONFIRMATION_OK"
18531,10410474654,10410474694,1,"IOTHUB_CLIENT_CONFIRMATION_OK"
18532,10410474854,10410474987,1,"IOTHUB_CLIENT_CONFIRMATION_OK"
18533,10410475054,10410475099,1,"IOTHUB_CLIENT_CONFIRMATION_OK"
18534,10410475254,10410475324,1,"IOTHUB_CLIENT_CONFIRMATION_OK"
18535,10410475454,10410475497,1,"IOTHUB_CLIENT_CONFIRMATION_OK"
18536,10410475654,10410475743,1,"IOTHUB_CLIENT_CONFIRMATION_OK"
18537,10410475855,10410475898,1,"IOTHUB_CLIENT_CONFIRMATION_OK"
18538,10410476055,10410476102,1,"IOTHUB_CLIENT_CONFIRMATION_OK"
18539,10410476255,10410476367,1,"IOTHUB_CLIENT_CONFIRMATION_OK"
18540,10410476455,10410476549,1,"IOTHUB_CLIENT_CONFIRMATION_OK"
18541,10410476655,10410476704,1,"IOTHUB_CLIENT_CONFIRMATION_OK"
18542,10410476855,10410476904,1,"IOTHUB_CLIENT_CONFIRMATION_OK"
18543,10410477056,10410477233,1,"IOTHUB_CLIENT_CONFIRMATION_OK"
18544,10410477256,10410477302,1,"IOTHUB_CLIENT_CONFIRMATION_OK"
18545,10410477456,10410477503,1,"IOTHUB_CLIENT_CONFIRMATION_OK"
18546,10410477656,10410477726,1,"IOTHUB_CLIENT_CONFIRMATION_OK"
18547,10410477856,10410477903,1,"IOTHUB_CLIENT_CONFIRMATION_OK"
18548,10410478056,10410478097,1,"IOTHUB_CLIENT_CONFIRMATION_OK"
18549,10410478256,10410478301,1,"IOTHUB_CLIENT_CONFIRMATION_OK"
18550,10410478457,10410478498,1,"IOTHUB_CLIENT_CONFIRMATION_OK"
18551,10410478657,10410478697,1,"IOTHUB_CLIENT_CONFIRMATION_OK"
18552,10410478857,10410478901,1,"IOTHUB_CLIENT_CONFIRMATION_OK"
18553,10410479057,10410479104,1,"IOTHUB_CLIENT_CONFIRMATION_OK"
18554,10410479257,10410479345,1,"IOTHUB_CLIENT_CONFIRMATION_OK"
18555,10410479457,10410479512,1,"IOTHUB_CLIENT_CONFIRMATION_OK"
18556,10410479658,10410479715,1,"IOTHUB_CLIENT_CONFIRMATION_OK"
18557,10410479858,10410480009,1,"IOTHUB_CLIENT_CONFIRMATION_OK"
18558,10410480058,10410480174,1,"IOTHUB_CLIENT_CONFIRMATION_OK"
18559,10410480258,10410480311,1,"IOTHUB_CLIENT_CONFIRMATION_OK"
18560,10410480458,10410480556,1,"IOTHUB_CLIENT_CONFIRMATION_OK"
18561,10410480658,10410480706,1,"IOTHUB_CLIENT_CONFIRMATION_OK"
18562,10410480858,10410480901,1,"IOTHUB_CLIENT_CONFIRMATION_OK"
18563,10410481059,10410481106,1,"IOTHUB_CLIENT_CONFIRMATION_OK"
18564,10410481259,10410481296,1,"IOTHUB_CLIENT_CONFIRMATION_OK"
18565,10410481459,10410481536,1,"IOTHUB_CLIENT_CONFIRMATION_OK"
18566,10410481659,10410481703,1,"IOTHUB_CLIENT_CONFIRMATION_OK"
18567,10410481859,10410481905,1,"IOTHUB_CLIENT_CONFIRMATION_OK"
18568,10410482059,10410482218,1,"IOTHUB_CLIENT_CONFIRMATION_OK"
18569,10410482260,10410482319,1,"IOTHUB_CLIENT_CONFIRMATION_OK"
18570,10410482460,10410482497,1,"IOTHUB_CLIENT_CONFIRMATION_OK"
18571,10410482660,10410482796,1,"IOTHUB_CLIENT_CONFIRMATION_OK"
18572,10410482860,10410482908,1,"IOTHUB_CLIENT_CONFIRMATION_OK"
18573,10410483060,10410483103,1,"IOTHUB_CLIENT_CONFIRMATION_OK"
18574,10410483260,10410483302,1,"IOTHUB_CLIENT_CONFIRMATION_OK"
18575,10410483460,10410483503,1,"IOTHUB_CLIENT_CONFIRMATION_OK"
18576,10410483661,10410483726,1,"IOTHUB_CLIENT_CONFIRMATION_OK"
18577,10410483861,10410483915,1,"IOTHUB_CLIENT_CONFIRMATION_OK"
18578,10410484061,10410484144,1,"IOTHUB_CLIENT_CONFIRMATION_OK"
18579,10410484261,10410484297,1,"IOTHUB_CLIENT_CONFIRMATION_OK"
18580,10410484461,10410484502,1,"IOTHUB_CLIENT_CONFIRMATION_OK"
18581,10410484661,10410484703,1,"IOTHUB_CLIENT_CONFIRMATION_OK"
18582,10410484862,10410485135,1,"IOTHUB_CLIENT_CONFIRMATION_OK"
18583,10410485062,10410485167,1,"IOTHUB_CLIENT_CONFIRMATION_OK"
18584,10410485262,10410485311,1,"IOTHUB_CLIENT_CONFIRMATION_OK"
18585,10410485462,10410485504,1,"IOTHUB_CLIENT_CONFIRMATION_OK"
18586,10410485662,10410485706,1,"IOTHUB_CLIENT_CONFIRMATION_OK"
18587,10410485862,10410485924,1,"IOTHUB_CLIENT_CONFIRMATION_OK"
18588,10410486063,10410486106,1,"IOTHUB_CLIENT_CONFIRMATION_OK"
18589,10410486263,10410486336,1,"IOTHUB_CLIENT_CONFIRMATION_OK"
18590,10410486463,10410486514,1,"IOTHUB_CLIENT_CONFIRMATION_OK"
18591,10410486663,10410486731,1,"IOTHUB_CLIENT_CONFIRMATION_OK"
18592,10410486863,10410486914,1,"IOTHUB_CLIENT_CONFIRMATION_OK"
18593,10410487063,10410487155,1,"IOTHUB_CLIENT_CONFIRMATION_OK"
18594,10410487263,10410487309,1,"IOTHUB_CLIENT_CONFIRMATION_OK"
18595,10410487464,10410487521,1,"IOTHUB_CLIENT_CONFIRMATION_OK"
18596,10410487664,10410487715,1,"IOTHUB_CLIENT_CONFIRMATION_OK"
18597,10410487864,10410487920,1,"IOTHUB_CLIENT_CONFIRMATION_OK"
18598,10410488064,10410488104,1,"IOTHUB_CLIENT_CONFIRMATION_OK"
18599,10410488264,10410488316,1,"IOTHUB_CLIENT_CONFIRMATION_OK"
18600,10410488464,10410488567,1,"IOTHUB_CLIENT_CONFIRMATION_OK"
18601,10410488665,10410488717,1,"IOTHUB_CLIENT_CONFIRMATION_OK"
18602,10410488865,10410488917,1,"IOTHUB_CLIENT_CONFIRMATION_OK"
18603,10410489065,10410489136,1,"IOTHUB_CLIENT_CONFIRMATION_OK"
18604,10410489265,10410489353,1,"IOTHUB_CLIENT_CONFIRMATION_OK"
18605,10410489465,10410489531,1,"IOTHUB_CLIENT_CONFIRMATION_OK"
18606,10410489665,10410489708,1,"IOTHUB_CLIENT_CONFIRMATION_OK"
18607,10410489865,10410489940,1,"IOTHUB_CLIENT_CONFIRMATION_OK"
18608,10410490066,10410490102,1,"IOTHUB_CLIENT_CONFIRMATION_OK"
18609,10410490266,10410490322,1,"IOTHUB_CLIENT_CONFIRMATION_OK"
18610,10410490466,10410490536,1,"IOTHUB_CLIENT_CONFIRMATION_OK"
18611,10410490666,10410490774,1,"IOTHUB_CLIENT_CONFIRMATION_OK"
18612,10410490866,10410490908,1,"IOTHUB_CLIENT_CONFIRMATION_OK"
18613,10410491066,10410491185,1,"IOTHUB_CLIENT_CONFIRMATION_OK"
18614,10410491267,10410491309,1,"IOTHUB_CLIENT_CONFIRMATION_OK"
18615,10410491467,10410491508,1,"IOTHUB_CLIENT_CONFIRMATION_OK"
18616,10410491667,10410491716,1,"IOTHUB_CLIENT_CONFIRMATION_OK"
18617,10410491867,10410491925,1,"IOTHUB_CLIENT_CONFIRMATION_OK"
18618,10410492067,10410492184,1,"IOTHUB_CLIENT_CONFIRMATION_OK"
18619,10410492267,10410492309,1,"IOTHUB_CLIENT_CONFIRMATION_OK"
18620,10410492468,10410492511,1,"IOTHUB_CLIENT_CONFIRMATION_OK"
18621,10410492668,10410492803,1,"IOTHUB_CLIENT_CONFIRMATION_OK"
18622,10410492868,10410492942,1,"IOTHUB_CLIENT_CONFIRMATION_OK"
18623,10410493068,10410493106,1,"IOTHUB_CLIENT_CONFIRMATION_OK"
18624,10410493268,10410493321,1,"IOTHUB_CLIENT_CONFIRMATION_OK"
18625,10410493468,10410493516,1,"IOTHUB_CLIENT_CONFIRMATION_OK"
18626,10410493668,10410493719,1,"IOTHUB_CLIENT_CONFIRMATION_OK"
18627,10410493869,10410493932,1,"IOTHUB_CLIENT_CONFIRMATION_OK"
18628,10410494069,10410494124,1,"IOTHUB_CLIENT_CONFIRMATION_OK"
18629,10410494269,10410494316,1,"IOTHUB_CLIENT_CONFIRMATION_OK"
18630,10410494469,10410494531,1,"IOTHUB_CLIENT_CONFIRMATION_OK"
18631,10410494669,10410494713,1,"IOTHUB_CLIENT_CONFIRMATION_OK"
18632,10410494869,10410495137,1,"IOTHUB_CLIENT_CONFIRMATION_OK"
18633,10410495070,10410495164,1,"IOTHUB_CLIENT_CONFIRMATION_OK"
18634,10410495270,10410495328,1,"IOTHUB_CLIENT_CONFIRMATION_OK"
18635,10410495470,10410495523,1,"IOTHUB_CLIENT_CONFIRMATION_OK"
18636,10410495670,10410495764,1,"IOTHUB_CLIENT_CONFIRMATION_OK"
18637,10410495870,10410495920,1,"IOTHUB_CLIENT_CONFIRMATION_OK"
18638,10410496070,10410496135,1,"IOTHUB_CLIENT_CONFIRMATION_OK"
18639,10410496270,10410496321,1,"IOTHUB_CLIENT_CONFIRMATION_OK"
18640,10410496471,10410496511,1,"IOTHUB_CLIENT_CONFIRMATION_OK"
18641,10410496671,10410496727,1,"IOTHUB_CLIENT_CONFIRMATION_OK"
18642,10410496871,10410496943,1,"IOTHUB_CLIENT_CONFIRMATION_OK"
18643,10410497071,10410497282,1,"IOTHUB_CLIENT_CONFIRMATION_OK"
18644,10410497271,10410497315,1,"IOTHUB_CLIENT_CONFIRMATION_OK"
18645,10410497471,10410497515,1,"IOTHUB_CLIENT_CONFIRMATION_OK"
18646,10410497671,10410497725,1,"IOTHUB_CLIENT_CONFIRMATION_OK"
18647,10410497872,10410497917,1,"IOTHUB_CLIENT_CONFIRMATION_OK"
18648,10410498072,10410498119,1,"IOTHUB_CLIENT_CONFIRMATION_OK"
18649,10410498272,10410498315,1,"IOTHUB_CLIENT_CONFIRMATION_OK"
18650,10410498472,10410498512,1,"IOTHUB_CLIENT_CONFIRMATION_OK"
18651,10410498672,10410498750,1,"IOTHUB_CLIENT_CONFIRMATION_OK"
18652,10410498872,10410498918,1,"IOTHUB_CLIENT_CONFIRMATION_OK"
18653,10410499072,10410499822,1,"IOTHUB_CLIENT_CONFIRMATION_OK"
18654,10410499273,10410499866,1,"IOTHUB_CLIENT_CONFIRMATION_OK"
18655,10410499473,10410499991,1,"IOTHUB_CLIENT_CONFIRMATION_OK"
18656,10410499673,10410500210,1,"IOTHUB_CLIENT_CONFIRMATION_OK"
18657,10410499873,10410500305,1,"IOTHUB_CLIENT_CONFIRMATION_OK"
18658,10410500073,10410500399,1,"IOTHUB_CLIENT_CONFIRMATION_OK"
18659,10410500273,10410500486,1,"IOTHUB_CLIENT_CONFIRMATION_OK"
18660,10410500474,10410500606,1,"IOTHUB_CLIENT_CONFIRMATION_OK"
18661,10410500674,10410500736,1,"IOTHUB_CLIENT_CONFIRMATION_OK"
18662,10410500874,10410500916,1,"IOTHUB_CLIENT_CONFIRMATION_OK"
18663,10410501074,10410501168,1,"IOTHUB_CLIENT_CONFIRMATION_OK"
18664,10410501274,10410501374,1,"IOTHUB_CLIENT_CONFIRMATION_OK"
18665,10410501474,10410501573,1,"IOTHUB_CLIENT_CONFIRMATION_OK"
18666,10410501674,10410501737,1,"IOTHUB_CLIENT_CONFIRMATION_OK"
18667,10410501875,10410501929,1,"IOTHUB_CLIENT_CONFIRMATION_OK"
18668,10410502075,10410502174,1,"IOTHUB_CLIENT_CONFIRMATION_OK"
18669,10410502275,10410502317,1,"IOTHUB_CLIENT_CONFIRMATION_OK"
18670,10410502475,10410502539,1,"IOTHUB_CLIENT_CONFIRMATION_OK"
18671,10410502675,10410502775,1,"IOTHUB_CLIENT_CONFIRMATION_OK"
18672,10410502875,10410502932,1,"IOTHUB_CLIENT_CONFIRMATION_OK"
18673,10410503075,10410503132,1,"IOTHUB_CLIENT_CONFIRMATION_OK"
18674,10410503276,10410503392,1,"IOTHUB_CLIENT_CONFIRMATION_OK"
18675,10410503476,10410503516,1,"IOTHUB_CLIENT_CONFIRMATION_OK"
18676,10410503676,10410503712,1,"IOTHUB_CLIENT_CONFIRMATION_OK"
18677,10410503876,10410503948,1,"IOTHUB_CLIENT_CONFIRMATION_OK"
18678,10410504076,10410504195,1,"IOTHUB_CLIENT_CONFIRMATION_OK"
18679,10410504276,10410504322,1,"IOTHUB_CLIENT_CONFIRMATION_OK"
18680,10410504476,10410504519,1,"IOTHUB_CLIENT_CONFIRMATION_OK"
18681,10410504677,10410504752,1,"IOTHUB_CLIENT_CONFIRMATION_OK"
18682,10410504877,10410505018,1,"IOTHUB_CLIENT_CONFIRMATION_OK"
18683,10410505077,10410505122,1,"IOTHUB_CLIENT_CONFIRMATION_OK"
18684,10410505277,10410505329,1,"IOTHUB_CLIENT_CONFIRMATION_OK"
18685,10410505477,10410505532,1,"IOTHUB_CLIENT_CONFIRMATION_OK"
18686,10410505677,10410505726,1,"IOTHUB_CLIENT_CONFIRMATION_OK"
18687,10410505878,10410505932,1,"IOTHUB_CLIENT_CONFIRMATION_OK"
18688,10410506078,10410506120,1,"IOTHUB_CLIENT_CONFIRMATION_OK"
18689,10410506278,10410506328,1,"IOTHUB_CLIENT_CONFIRMATION_OK"
18690,10410506478,10410506532,1,"IOTHUB_CLIENT_CONFIRMATION_OK"
18691,10410506678,10410506729,1,"IOTHUB_CLIENT_CONFIRMATION_OK"
18692,10410506878,10410506919,1,"IOTHUB_CLIENT_CONFIRMATION_OK"
18693,10410507078,10410507289,1,"IOTHUB_CLIENT_CONFIRMATION_OK"
18694,10410507279,10410507339,1,"IOTHUB_CLIENT_CONFIRMATION_OK"
18695,10410507479,10410507518,1,"IOTHUB_CLIENT_CONFIRMATION_OK"
18696,10410507679,10410507721,1,"IOTHUB_CLIENT_CONFIRMATION_OK"
18697,10410507879,10410507923,1,"IOTHUB_CLIENT_CONFIRMATION_OK"
18698,10410508079,10410508180,1,"IOTHUB_CLIENT_CONFIRMATION_OK"
18699,10410508279,10410508330,1,"IOTHUB_CLIENT_CONFIRMATION_OK"
18700,10410508480,10410508516,1,"IOTHUB_CLIENT_CONFIRMATION_OK"
18701,10410508680,10410508752,1,"IOTHUB_CLIENT_CONFIRMATION_OK"
18702,10410508880,10410508947,1,"IOTHUB_CLIENT_CONFIRMATION_OK"
18703,10410509080,10410509125,1,"IOTHUB_CLIENT_CONFIRMATION_OK"
18704,10410509280,10410509335,1,"IOTHUB_CLIENT_CONFIRMATION_OK"
18705,10410509480,10410509524,1,"IOTHUB_CLIENT_CONFIRMATION_OK"
18706,10410509681,10410509729,1,"IOTHUB_CLIENT_CONFIRMATION_OK"
18707,10410509881,10410509938,1,"IOTHUB_CLIENT_CONFIRMATION_OK"
18708,10410510081,10410510169,1,"IOTHUB_CLIENT_CONFIRMATION_OK"
18709,10410510281,10410510323,1,"IOTHUB_CLIENT_CONFIRMATION_OK"
18710,10410510481,10410510528,1,"IOTHUB_CLIENT_CONFIRMATION_OK"
18711,10410510681,10410510751,1,"IOTHUB_CLIENT_CONFIRMATION_OK"
18712,10410510881,10410510931,1,"IOTHUB_CLIENT_CONFIRMATION_OK"
18713,10410511082,10410511130,1,"IOTHUB_CLIENT_CONFIRMATION_OK"
18714,10410511282,10410511334,1,"IOTHUB_CLIENT_CONFIRMATION_OK"
18715,10410511482,10410511536,1,"IOTHUB_CLIENT_CONFIRMATION_OK"
18716,10410511682,10410511729,1,"IOTHUB_CLIENT_CONFIRMATION_OK"
18717,10410511882,10410511929,1,"IOTHUB_CLIENT_CONFIRMATION_OK"
18718,10410512082,10410512127,1,"IOTHUB_CLIENT_CONFIRMATION_OK"
18719,10410512283,10410512342,1,"IOTHUB_CLIENT_CONFIRMATION_OK"
18720,10410512483,10410512521,1,"IOTHUB_CLIENT_CONFIRMATION_OK"
18721,10410512683,10410512747,1,"IOTHUB_CLIENT_CONFIRMATION_OK"
18722,10410512883,10410512941,1,"IOTHUB_CLIENT_CONFIRMATION_OK"
18723,10410513083,10410513126,1,"IOTHUB_CLIENT_CONFIRMATION_OK"
18724,10410513283,10410513359,1,"IOTHUB_CLIENT_CONFIRMATION_OK"
18725,10410513483,10410513527,1,"IOTHUB_CLIENT_CONFIRMATION_OK"
18726,10410513684,10410513742,1,"IOTHUB_CLIENT_CONFIRMATION_OK"
18727,10410513884,10410513923,1,"IOTHUB_CLIENT_CONFIRMATION_OK"
18728,10410514084,10410514119,1,"IOTHUB_CLIENT_CONFIRMATION_OK"
18729,10410514284,10410514396,1,"IOTHUB_CLIENT_CONFIRMATION_OK"
18730,10410514484,10410514547,1,"IOTHUB_CLIENT_CONFIRMATION_OK"
18731,10410514684,10410514732,1,"IOTHUB_CLIENT_CONFIRMATION_OK"
18732,10410514884,10410514987,1,"IOTHUB_CLIENT_CONFIRMATION_OK"
18733,10410515085,10410515141,1,"IOTHUB_CLIENT_CONFIRMATION_OK"
18734,10410515285,10410515330,1,"IOTHUB_CLIENT_CONFIRMATION_OK"
18735,10410515485,10410515614,1,"IOTHUB_CLIENT_CONFIRMATION_OK"
18736,10410515685,10410515727,1,"IOTHUB_CLIENT_CONFIRMATION_OK"
18737,10410515885,10410515928,1,"IOTHUB_CLIENT_CONFIRMATION_OK"
18738,10410516085,10410516148,1,"IOTHUB_CLIENT_CONFIRMATION_OK"
18739,10410516286,10410516338,1,"IOTHUB_CLIENT_CONFIRMATION_OK"
18740,10410516486,10410516572,1,"IOTHUB_CLIENT_CONFIRMATION_OK"
18741,10410516686,10410516725,1,"IOTHUB_CLIENT_CONFIRMATION_OK"
18742,10410516886,10410516943,1,"IOTHUB_CLIENT_CONFIRMATION_OK"
18743,10410517086,10410517230,1,"IOTHUB_CLIENT_CONFIRMATION_OK"
18744,10410517286,10410517329,1,"IOTHUB_CLIENT_CONFIRMATION_OK"
18745,10410517486,10410517540,1,"IOTHUB_CLIENT_CONFIRMATION_OK"
18746,10410517687,10410517836,1,"IOTHUB_CLIENT_CONFIRMATION_OK"
18747,10410517887,10410517933,1,"IOTHUB_CLIENT_CONFIRMATION_OK"
18748,10410518087,10410518135,1,"IOTHUB_CLIENT_CONFIRMATION_OK"
18749,10410518287,10410518341,1,"IOTHUB_CLIENT_CONFIRMATION_OK"
18750,10410518487,10410518529,1,"IOTHUB_CLIENT_CONFIRMATION_OK"
18751,10410518687,10410518725,1,"IOTHUB_CLIENT_CONFIRMATION_OK"
18752,10410518888,10410519058,1,"IOTHUB_CLIENT_CONFIRMATION_OK"
18753,10410519088,10410519142,1,"IOTHUB_CLIENT_CONFIRMATION_OK"
18754,10410519288,10410519338,1,"IOTHUB_CLIENT_CONFIRMATION_OK"
18755,10410519488,10410519553,1,"IOTHUB_CLIENT_CONFIRMATION_OK"
18756,10410519688,10410519750,1,"IOTHUB_CLIENT_CONFIRMATION_OK"
18757,10410519888,10410519944,1,"IOTHUB_CLIENT_CONFIRMATION_OK"
18758,10410520088,10410520128,1,"IOTHUB_CLIENT_CONFIRMATION_OK"
18759,10410520289,10410520329,1,"IOTHUB_CLIENT_CONFIRMATION_OK"
18760,10410520489,10410520529,1,"IOTHUB_CLIENT_CONFIRMATION_OK"
18761,10410520689,10410520751,1,"IOTHUB_CLIENT_CONFIRMATION_OK"
18762,10410520889,10410520936,1,"IOTHUB_CLIENT_CONFIRMATION_OK"
18763,10410521089,10410521272,1,"IOTHUB_CLIENT_CONFIRMATION_OK"
18764,10410521289,10410521351,1,"IOTHUB_CLIENT_CONFIRMATION_OK"
18765,10410521489,10410521529,1,"IOTHUB_CLIENT_CONFIRMATION_OK"
18766,10410521690,10410521759,1,"IOTHUB_CLIENT_CONFIRMATION_OK"
18767,10410521890,10410521948,1,"IOTHUB_CLIENT_CONFIRMATION_OK"
18768,10410522090,10410522129,1,"IOTHUB_CLIENT_CONFIRMATION_OK"
18769,10410522290,10410522346,1,"IOTHUB_CLIENT_CONFIRMATION_OK"
18770,10410522490,10410522531,1,"IOTHUB_CLIENT_CONFIRMATION_OK"
18771,10410522690,10410522736,1,"IOTHUB_CLIENT_CONFIRMATION_OK"
18772,10410522891,10410522937,1,"IOTHUB_CLIENT_CONFIRMATION_OK"
18773,10410523091,10410523141,1,"IOTHUB_CLIENT_CONFIRMATION_OK"
18774,10410523291,10410523349,1,"IOTHUB_CLIENT_CONFIRMATION_OK"
18775,10410523491,10410523543,1,"IOTHUB_CLIENT_CONFIRMATION_OK"
18776,10410523691,10410523740,1,"IOTHUB_CLIENT_CONFIRMATION_OK"
18777,10410523891,10410523991,1,"IOTHUB_CLIENT_CONFIRMATION_OK"
18778,10410524091,10410524139,1,"IOTHUB_CLIENT_CONFIRMATION_OK"
18779,10410524292,10410524336,1,"IOTHUB_CLIENT_CONFIRMATION_OK"
18780,10410524492,10410524549,1,"IOTHUB_CLIENT_CONFIRMATION_OK"
18781,10410524692,10410524745,1,"IOTHUB_CLIENT_CONFIRMATION_OK"
18782,10410524892,10410524981,1,"IOTHUB_CLIENT_CONFIRMATION_OK"
18783,10410525092,10410525161,1,"IOTHUB_CLIENT_CONFIRMATION_OK"
18784,10410525292,10410525334,1,"IOTHUB_CLIENT_CONFIRMATION_OK"
18785,10410525492,10410525537,1,"IOTHUB_CLIENT_CONFIRMATION_OK"
18786,10410525693,10410525742,1,"IOTHUB_CLIENT_CONFIRMATION_OK"
18787,10410525893,10410525937,1,"IOTHUB_CLIENT_CONFIRMATION_OK"
18788,10410526093,10410526144,1,"IOTHUB_CLIENT_CONFIRMATION_OK"
18789,10410526293,10410526338,1,"IOTHUB_CLIENT_CONFIRMATION_OK"
18790,10410526493,10410526537,1,"IOTHUB_CLIENT_CONFIRMATION_OK"
18791,10410526693,10410526777,1,"IOTHUB_CLIENT_CONFIRMATION_OK"
18792,10410526894,10410526940,1,"IOTHUB_CLIENT_CONFIRMATION_OK"
18793,10410527094,10410527149,1,"IOTHUB_CLIENT_CONFIRMATION_OK"
18794,10410527294,10410527336,1,"IOTHUB_CLIENT_CONFIRMATION_OK"
18795,10410527494,10410527569,1,"IOTHUB_CLIENT_CONFIRMATION_OK"
18796,10410527694,10410527783,1,"IOTHUB_CLIENT_CONFIRMATION_OK"
18797,10410527894,10410527953,1,"IOTHUB_CLIENT_CONFIRMATION_OK"
18798,10410528094,10410528136,1,"IOTHUB_CLIENT_CONFIRMATION_OK"
18799,10410528295,10410528440,1,"IOTHUB_CLIENT_CONFIRMATION_OK"
18800,10410528495,10410528532,1,"IOTHUB_CLIENT_CONFIRMATION_OK"
18801,10410528695,10410528732,1,"IOTHUB_CLIENT_CONFIRMATION_OK"
18802,10410528895,10410528942,1,"IOTHUB_CLIENT_CONFIRMATION_OK"
18803,10410529095,10410529135,1,"IOTHUB_CLIENT_CONFIRMATION_OK"
18804,10410529295,10410529336,1,"IOTHUB_CLIENT_CONFIRMATION_OK"
18805,10410529495,10410529546,1,"IOTHUB_CLIENT_CONFIRMATION_OK"
18806,10410529696,10410529738,1,"IOTHUB_CLIENT_CONFIRMATION_OK"
18807,10410529896,10410530048,1,"IOTHUB_CLIENT_CONFIRMATION_OK"
18808,10410530096,10410530211,1,"IOTHUB_CLIENT_CONFIRMATION_OK"
18809,10410530296,10410530346,1,"IOTHUB_CLIENT_CONFIRMATION_OK"
18810,10410530496,10410530648,1,"IOTHUB_CLIENT_CONFIRMATION_OK"
18811,10410530696,10410530746,1,"IOTHUB_CLIENT_CONFIRMATION_OK"
18812,10410530897,10410530958,1,"IOTHUB_CLIENT_CONFIRMATION_OK"
18813,10410531097,10410531158,1,"IOTHUB_CLIENT_CONFIRMATION_OK"
18814,10410531297,10410531338,1,"IOTHUB_CLIENT_CONFIRMATION_OK"
18815,10410531497,10410531544,1,"IOTHUB_CLIENT_CONFIRMATION_OK"
18816,10410531697,10410531749,1,"IOTHUB_CLIENT_CONFIRMATION_OK"
18817,10410531897,10410531969,1,"IOTHUB_CLIENT_CONFIRMATION_OK"
18818,10410532098,10410532270,1,"IOTHUB_CLIENT_CONFIRMATION_OK"
18819,10410532298,10410532337,1,"IOTHUB_CLIENT_CONFIRMATION_OK"
18820,10410532498,10410532554,1,"IOTHUB_CLIENT_CONFIRMATION_OK"
18821,10410532698,10410532746,1,"IOTHUB_CLIENT_CONFIRMATION_OK"
18822,10410532898,10410532950,1,"IOTHUB_CLIENT_CONFIRMATION_OK"
18823,10410533098,10410533139,1,"IOTHUB_CLIENT_CONFIRMATION_OK"
18824,10410533298,10410533345,1,"IOTHUB_CLIENT_CONFIRMATION_OK"
18825,10410533499,10410533537,1,"IOTHUB_CLIENT_CONFIRMATION_OK"
18826,10410533699,10410533759,1,"IOTHUB_CLIENT_CONFIRMATION_OK"
18827,10410533899,10410533951,1,"IOTHUB_CLIENT_CONFIRMATION_OK"
18828,10410534099,10410534137,1,"IOTHUB_CLIENT_CONFIRMATION_OK"
18829,10410534299,10410534363,1,"IOTHUB_CLIENT_CONFIRMATION_OK"
18830,10410534499,10410534548,1,"IOTHUB_CLIENT_CONFIRMATION_OK"
18831,10410534699,10410534837,1,"IOTHUB_CLIENT_CONFIRMATION_OK"
18832,10410534900,10410534970,1,"IOTHUB_CLIENT_CONFIRMATION_OK"
18833,10410535100,10410535154,1,"IOTHUB_CLIENT_CONFIRMATION_OK"
18834,10410535300,10410535349,1,"IOTHUB_CLIENT_CONFIRMATION_OK"
18835,10410535500,10410535565,1,"IOTHUB_CLIENT_CONFIRMATION_OK"
18836,10410535700,10410535743,1,"IOTHUB_CLIENT_CONFIRMATION_OK"
18837,10410535900,10410535947,1,"IOTHUB_CLIENT_CONFIRMATION_OK"
18838,10410536101,10410536147,1,"IOTHUB_CLIENT_CONFIRMATION_OK"
18839,10410536301,10410536341,1,"IOTHUB_CLIENT_CONFIRMATION_OK"
18840,10410536501,10410536565,1,"IOTHUB_CLIENT_CONFIRMATION_OK"
18841,10410536701,10410536739,1,"IOTHUB_CLIENT_CONFIRMATION_OK"
18842,10410536901,10410536962,1,"IOTHUB_CLIENT_CONFIRMATION_OK"
18843,10410537101,10410537177,1,"IOTHUB_CLIENT_CONFIRMATION_OK"
18844,10410537301,10410537349,1,"IOTHUB_CLIENT_CONFIRMATION_OK"
18845,10410537502,10410537538,1,"IOTHUB_CLIENT_CONFIRMATION_OK"
18846,10410537702,10410537743,1,"IOTHUB_CLIENT_CONFIRMATION_OK"
18847,10410537902,10410537956,1,"IOTHUB_CLIENT_CONFIRMATION_OK"
18848,10410538102,10410538168,1,"IOTHUB_CLIENT_CONFIRMATION_OK"
18849,10410538302,10410538379,1,"IOTHUB_CLIENT_CONFIRMATION_OK"
18850,10410538502,10410538544,1,"IOTHUB_CLIENT_CONFIRMATION_OK"
18851,10410538703,10410538757,1,"IOTHUB_CLIENT_CONFIRMATION_OK"
18852,10410538903,10410538941,1,"IOTHUB_CLIENT_CONFIRMATION_OK"
18853,10410539103,10410539145,1,"IOTHUB_CLIENT_CONFIRMATION_OK"
18854,10410539303,10410539365,1,"IOTHUB_CLIENT_CONFIRMATION_OK"
18855,10410539503,10410539546,1,"IOTHUB_CLIENT_CONFIRMATION_OK"
18856,10410539703,10410539754,1,"IOTHUB_CLIENT_CONFIRMATION_OK"
18857,10410539903,10410540139,1,"IOTHUB_CLIENT_CONFIRMATION_OK"
18858,10410540104,10410540263,1,"IOTHUB_CLIENT_CONFIRMATION_OK"
18859,10410540304,10410540429,1,"IOTHUB_CLIENT_CONFIRMATION_OK"
18860,10410540504,10410540586,1,"IOTHUB_CLIENT_CONFIRMATION_OK"
18861,10410540704,10410540745,1,"IOTHUB_CLIENT_CONFIRMATION_OK"
18862,10410540904,10410540953,1,"IOTHUB_CLIENT_CONFIRMATION_OK"
18863,10410541104,10410541146,1,"IOTHUB_CLIENT_CONFIRMATION_OK"
18864,10410541304,10410541351,1,"IOTHUB_CLIENT_CONFIRMATION_OK"
18865,10410541505,10410541566,1,"IOTHUB_CLIENT_CONFIRMATION_OK"
18866,10410541705,10410541776,1,"IOTHUB_CLIENT_CONFIRMATION_OK"
18867,10410541905,10410541946,1,"IOTHUB_CLIENT_CONFIRMATION_OK"
18868,10410542105,10410542157,1,"IOTHUB_CLIENT_CONFIRMATION_OK"
18869,10410542305,10410542354,1,"IOTHUB_CLIENT_CONFIRMATION_OK"
18870,10410542505,10410542551,1,"IOTHUB_CLIENT_CONFIRMATION_OK"
18871,10410542706,10410542778,1,"IOTHUB_CLIENT_CONFIRMATION_OK"
18872,10410542906,10410542955,1,"IOTHUB_CLIENT_CONFIRMATION_OK"
18873,10410543106,10410543150,1,"IOTHUB_CLIENT_CONFIRMATION_OK"
18874,10410543306,10410543367,1,"IOTHUB_CLIENT_CONFIRMATION_OK"
18875,10410543506,10410543553,1,"IOTHUB_CLIENT_CONFIRMATION_OK"
18876,10410543706,10410543742,1,"IOTHUB_CLIENT_CONFIRMATION_OK"
18877,10410543907,10410544010,1,"IOTHUB_CLIENT_CONFIRMATION_OK"
18878,10410544107,10410544167,1,"IOTHUB_CLIENT_CONFIRMATION_OK"
18879,10410544307,10410544360,1,"IOTHUB_CLIENT_CONFIRMATION_OK"
18880,10410544507,10410544554,1,"IOTHUB_CLIENT_CONFIRMATION_OK"
18881,10410544707,10410544879,1,"IOTHUB_CLIENT_CONFIRMATION_OK"
18882,10410544907,10410545096,1,"IOTHUB_CLIENT_CONFIRMATION_OK"
18883,10410545107,10410545163,1,"IOTHUB_CLIENT_CONFIRMATION_OK"
18884,10410545308,10410545364,1,"IOTHUB_CLIENT_CONFIRMATION_OK"
18885,10410545508,10410545561,1,"IOTHUB_CLIENT_CONFIRMATION_OK"
18886,10410545708,10410545764,1,"IOTHUB_CLIENT_CONFIRMATION_OK"
18887,10410545908,10410545974,1,"IOTHUB_CLIENT_CONFIRMATION_OK"
18888,10410546108,10410546163,1,"IOTHUB_CLIENT_CONFIRMATION_OK"
18889,10410546308,10410546348,1,"IOTHUB_CLIENT_CONFIRMATION_OK"
18890,10410546509,10410546550,1,"IOTHUB_CLIENT_CONFIRMATION_OK"
18891,10410546709,10410546773,1,"IOTHUB_CLIENT_CONFIRMATION_OK"
18892,10410546909,10410546961,1,"IOTHUB_CLIENT_CONFIRMATION_OK"
18893,10410547109,10410547164,1,"IOTHUB_CLIENT_CONFIRMATION_OK"
18894,10410547309,10410547358,1,"IOTHUB_CLIENT_CONFIRMATION_OK"
18895,10410547509,10410547564,1,"IOTHUB_CLIENT_CONFIRMATION_OK"
18896,10410547710,10410547774,1,"IOTHUB_CLIENT_CONFIRMATION_OK"
18897,10410547910,10410547963,1,"IOTHUB_CLIENT_CONFIRMATION_OK"
18898,10410548110,10410548184,1,"IOTHUB_CLIENT_CONFIRMATION_OK"
18899,10410548310,10410548362,1,"IOTHUB_CLIENT_CONFIRMATION_OK"
18900,10410548510,10410548562,1,"IOTHUB_CLIENT_CONFIRMATION_OK"
18901,10410548710,10410548754,1,"IOTHUB_CLIENT_CONFIRMATION_OK"
18902,10410548911,10410549056,1,"IOTHUB_CLIENT_CONFIRMATION_OK"
18903,10410549111,10410549174,1,"IOTHUB_CLIENT_CONFIRMATION_OK"
18904,10410549311,10410549368,1,"IOTHUB_CLIENT_CONFIRMATION_OK"
18905,10410549511,10410549565,1,"IOTHUB_CLIENT_CONFIRMATION_OK"
18906,10410549711,10410549764,1,"IOTHUB_CLIENT_CONFIRMATION_OK"
18907,10410549911,10410550064,1,"IOTHUB_CLIENT_CONFIRMATION_OK"
18908,10410550111,10410550216,1,"IOTHUB_CLIENT_CONFIRMATION_OK"
18909,10410550312,10410550364,1,"IOTHUB_CLIENT_CONFIRMATION_OK"
18910,10410550512,10410550617,1,"IOTHUB_CLIENT_CONFIRMATION_OK"
18911,10410550712,10410550761,1,"IOTHUB_CLIENT_CONFIRMATION_OK"
18912,10410550912,10410550958,1,"IOTHUB_CLIENT_CONFIRMATION_OK"
18913,10410551112,10410551213,1,"IOTHUB_CLIENT_CONFIRMATION_OK"
18914,10410551312,10410551365,1,"IOTHUB_CLIENT_CONFIRMATION_OK"
18915,10410551512,10410551563,1,"IOTHUB_CLIENT_CONFIRMATION_OK"
18916,10410551713,10410551806,1,"IOTHUB_CLIENT_CONFIRMATION_OK"
18917,10410551913,10410551949,1,"IOTHUB_CLIENT_CONFIRMATION_OK"
18918,10410552113,10410552254,1,"IOTHUB_CLIENT_CONFIRMATION_OK"
18919,10410552313,10410552370,1,"IOTHUB_CLIENT_CONFIRMATION_OK"
18920,10410552513,10410552597,1,"IOTHUB_CLIENT_CONFIRMATION_OK"
18921,10410552713,10410552840,1,"IOTHUB_CLIENT_CONFIRMATION_OK"
18922,10410552914,10410552956,1,"IOTHUB_CLIENT_CONFIRMATION_OK"
18923,10410553114,10410553155,1,"IOTHUB_CLIENT_CONFIRMATION_OK"
18924,10410553314,10410553366,1,"IOTHUB_CLIENT_CONFIRMATION_OK"
18925,10410553514,10410553568,1,"IOTHUB_CLIENT_CONFIRMATION_OK"
18926,10410553714,10410553767,1,"IOTHUB_CLIENT_CONFIRMATION_OK"
18927,10410553914,10410553959,1,"IOTHUB_CLIENT_CONFIRMATION_OK"
18928,10410554114,10410554168,1,"IOTHUB_CLIENT_CONFIRMATION_OK"
18929,10410554315,10410554373,1,"IOTHUB_CLIENT_CONFIRMATION_OK"
18930,10410554515,10410554621,1,"IOTHUB_CLIENT_CONFIRMATION_OK"
18931,10410554715,10410554767,1,"IOTHUB_CLIENT_CONFIRMATION_OK"
18932,10410554915,10410554985,1,"IOTHUB_CLIENT_CONFIRMATION_OK"
18933,10410555115,10410555171,1,"IOTHUB_CLIENT_CONFIRMATION_OK"
18934,10410555315,10410555361,1,"IOTHUB_CLIENT_CONFIRMATION_OK"
18935,10410555516,10410555570,1,"IOTHUB_CLIENT_CONFIRMATION_OK"
18936,10410555716,10410555769,1,"IOTHUB_CLIENT_CONFIRMATION_OK"
18937,10410555916,10410555956,1,"IOTHUB_CLIENT_CONFIRMATION_OK"
18938,10410556116,10410556210,1,"IOTHUB_CLIENT_CONFIRMATION_OK"
18939,10410556316,10410556356,1,"IOTHUB_CLIENT_CONFIRMATION_OK"
18940,10410556516,10410556573,1,"IOTHUB_CLIENT_CONFIRMATION_OK"
18941,10410556716,10410556761,1,"IOTHUB_CLIENT_CONFIRMATION_OK"
18942,10410556917,10410556955,1,"IOTHUB_CLIENT_CONFIRMATION_OK"
18943,10410557117,10410557235,1,"IOTHUB_CLIENT_CONFIRMATION_OK"
18944,10410557317,10410557393,1,"IOTHUB_CLIENT_CONFIRMATION_OK"
18945,10410557517,10410557555,1,"IOTHUB_CLIENT_CONFIRMATION_OK"
18946,10410557717,10410557831,1,"IOTHUB_CLIENT_CONFIRMATION_OK"
18947,10410557917,10410557965,1,"IOTHUB_CLIENT_CONFIRMATION_OK"
18948,10410558118,10410558164,1,"IOTHUB_CLIENT_CONFIRMATION_OK"
18949,10410558318,10410558391,1,"IOTHUB_CLIENT_CONFIRMATION_OK"
18950,10410558518,10410558584,1,"IOTHUB_CLIENT_CONFIRMATION_OK"
18951,10410558718,10410558944,1,"IOTHUB_CLIENT_CONFIRMATION_OK"
18952,10410558918,10410558994,1,"IOTHUB_CLIENT_CONFIRMATION_OK"
18953,10410559118,10410559171,1,"IOTHUB_CLIENT_CONFIRMATION_OK"
18954,10410559318,10410559360,1,"IOTHUB_CLIENT_CONFIRMATION_OK"
18955,10410559519,10410559566,1,"IOTHUB_CLIENT_CONFIRMATION_OK"
18956,10410559719,10410559775,1,"IOTHUB_CLIENT_CONFIRMATION_OK"
18957,10410559919,10410559993,1,"IOTHUB_CLIENT_CONFIRMATION_OK"
18958,10410560119,10410560160,1,"IOTHUB_CLIENT_CONFIRMATION_OK"
18959,10410560319,10410560366,1,"IOTHUB_CLIENT_CONFIRMATION_OK"
18960,10410560519,10410560578,1,"IOTHUB_CLIENT_CONFIRMATION_OK"
18961,10410560719,10410560767,1,"IOTHUB_CLIENT_CONFIRMATION_OK"
18962,10410560920,10410560965,1,"IOTHUB_CLIENT_CONFIRMATION_OK"
18963,10410561120,10410561188,1,"IOTHUB_CLIENT_CONFIRMATION_OK"
18964,10410561320,10410561364,1,"IOTHUB_CLIENT_CONFIRMATION_OK"
18965,10410561520,10410561580,1,"IOTHUB_CLIENT_CONFIRMATION_OK"
18966,10410561720,10410561775,1,"IOTHUB_CLIENT_CONFIRMATION_OK"
18967,10410561920,10410561976,1,"IOTHUB_CLIENT_CONFIRMATION_OK"
18968,10410562121,10410562187,1,"IOTHUB_CLIENT_CONFIRMATION_OK"
18969,10410562321,10410562380,1,"IOTHUB_CLIENT_CONFIRMATION_OK"
18970,10410562521,10410562575,1,"IOTHUB_CLIENT_CONFIRMATION_OK"
18971,10410562721,10410562770,1,"IOTHUB_CLIENT_CONFIRMATION_OK"
18972,10410562921,10410562996,1,"IOTHUB_CLIENT_CONFIRMATION_OK"
18973,10410563121,10410563180,1,"IOTHUB_CLIENT_CONFIRMATION_OK"
18974,10410563322,10410563390,1,"IOTHUB_CLIENT_CONFIRMATION_OK"
18975,10410563522,10410563567,1,"IOTHUB_CLIENT_CONFIRMATION_OK"
18976,10410563722,10410563790,1,"IOTHUB_CLIENT_CONFIRMATION_OK"
18977,10410563922,10410564102,1,"IOTHUB_CLIENT_CONFIRMATION_OK"
18978,10410564122,10410564174,1,"IOTHUB_CLIENT_CONFIRMATION_OK"
18979,10410564322,10410564366,1,"IOTHUB_CLIENT_CONFIRMATION_OK"
18980,10410564523,10410564578,1,"IOTHUB_CLIENT_CONFIRMATION_OK"
18981,10410564723,10410564778,1,"IOTHUB_CLIENT_CONFIRMATION_OK"
18982,10410564923,10410565027,1,"IOTHUB_CLIENT_CONFIRMATION_OK"
18983,10410565123,10410565168,1,"IOTHUB_CLIENT_CONFIRMATION_OK"
18984,10410565323,10410565366,1,"IOTHUB_CLIENT_CONFIRMATION_OK"
18985,10410565523,10410565651,1,"IOTHUB_CLIENT_CONFIRMATION_OK"
18986,10410565723,10410565771,1,"IOTHUB_CLIENT_CONFIRMATION_OK"
18987,10410565924,10410565986,1,"IOTHUB_CLIENT_CONFIRMATION_OK"
18988,10410566124,10410566168,1,"IOTHUB_CLIENT_CONFIRMATION_OK"
18989,10410566324,10410566383,1,"IOTHUB_CLIENT_CONFIRMATION_OK"
18990,10410566524,10410566583,1,"IOTHUB_CLIENT_CONFIRMATION_OK"
18991,10410566724,10410566778,1,"IOTHUB_CLIENT_CONFIRMATION_OK"
18992,10410566924,10410566980,1,"IOTHUB_CLIENT_CONFIRMATION_OK"
18993,10410567124,10410567286,1,"IOTHUB_CLIENT_CONFIRMATION_OK"
18994,10410567325,10410567375,1,"IOTHUB_CLIENT_CONFIRMATION_OK"
18995,10410567525,10410567610,1,"IOTHUB_CLIENT_CONFIRMATION_OK"
18996,10410567725,10410567817,1,"IOTHUB_CLIENT_CONFIRMATION_OK"
18997,10410567925,10410567983,1,"IOTHUB_CLIENT_CONFIRMATION_OK"
18998,10410568125,10410568169,1,"IOTHUB_CLIENT_CONFIRMATION_OK"
18999,10410568325,10410568395,1,"IOTHUB_CLIENT_CONFIRMATION_OK"
19000,10410568525,10410568582,1,"IOTHUB_CLIENT_CONFIRMATION_OK"
19001,10410568726,10410568765,1,"IOTHUB_CLIENT_CONFIRMATION_OK"
19002,10410568926,10410568966,1,"IOTHUB_CLIENT_CONFIRMATION_OK"
19003,10410569126,10410569242,1,"IOTHUB_CLIENT_CONFIRMATION_OK"
19004,10410569326,10410569388,1,"IOTHUB_CLIENT_CONFIRMATION_OK"
19005,10410569526,10410569588,1,"IOTHUB_CLIENT_CONFIRMATION_OK"
19006,10410569726,10410569773,1,"IOTHUB_CLIENT_CONFIRMATION_OK"
19007,10410569927,10410570033,1,"IOTHUB_CLIENT_CONFIRMATION_OK"
19008,10410570127,10410570176,1,"IOTHUB_CLIENT_CONFIRMATION_OK"
19009,10410570327,10410570375,1,"IOTHUB_CLIENT_CONFIRMATION_OK"
19010,10410570527,10410570655,1,"IOTHUB_CLIENT_CONFIRMATION_OK"
19011,10410570727,10410570771,1,"IOTHUB_CLIENT_CONFIRMATION_OK"
19012,10410570927,10410570978,1,"IOTHUB_CLIENT_CONFIRMATION_OK"
19013,10410571128,10410571205,1,"IOTHUB_CLIENT_CONFIRMATION_OK"
19014,10410571328,10410571368,1,"IOTHUB_CLIENT_CONFIRMATION_OK"
19015,10410571528,10410571577,1,"IOTHUB_CLIENT_CONFIRMATION_OK"
19016,10410571728,10410571780,1,"IOTHUB_CLIENT_CONFIRMATION_OK"
19017,10410571928,10410571981,1,"IOTHUB_CLIENT_CONFIRMATION_OK"
19018,10410572128,10410572283,1,"IOTHUB_CLIENT_CONFIRMATION_OK"
19019,10410572328,10410572417,1,"IOTHUB_CLIENT_CONFIRMATION_OK"
19020,10410572529,10410572596,1,"IOTHUB_CLIENT_CONFIRMATION_OK"
19021,10410572729,10410572889,1,"IOTHUB_CLIENT_CONFIRMATION_OK"
19022,10410572929,10410572966,1,"IOTHUB_CLIENT_CONFIRMATION_OK"
19023,10410573129,10410573177,1,"IOTHUB_CLIENT_CONFIRMATION_OK"
19024,10410573329,10410573369,1,"IOTHUB_CLIENT_CONFIRMATION_OK"
19025,10410573529,10410573572,1,"IOTHUB_CLIENT_CONFIRMATION_OK"
19026,10410573730,10410573768,1,"IOTHUB_CLIENT_CONFIRMATION_OK"
19027,10410573930,10410573971,1,"IOTHUB_CLIENT_CONFIRMATION_OK"
19028,10410574130,10410574205,1,"IOTHUB_CLIENT_CONFIRMATION_OK"
19029,10410574330,10410574401,1,"IOTHUB_CLIENT_CONFIRMATION_OK"
19030,10410574530,10410574578,1,"IOTHUB_CLIENT_CONFIRMATION_OK"
19031,10410574730,10410574768,1,"IOTHUB_CLIENT_CONFIRMATION_OK"
19032,10410574931,10410574968,1,"IOTHUB_CLIENT_CONFIRMATION_OK"
19033,10410575131,10410575180,1,"IOTHUB_CLIENT_CONFIRMATION_OK"
19034,10410575331,10410575402,1,"IOTHUB_CLIENT_CONFIRMATION_OK"
19035,10410575531,10410575586,1,"IOTHUB_CLIENT_CONFIRMATION_OK"
19036,10410575731,10410575790,1,"IOTHUB_CLIENT_CONFIRMATION_OK"
19037,10410575931,10410575980,1,"IOTHUB_CLIENT_CONFIRMATION_OK"
19038,10410576131,10410576191,1,"IOTHUB_CLIENT_CONFIRMATION_OK"
19039,10410576332,10410576378,1,"IOTHUB_CLIENT_CONFIRMATION_OK"
19040,10410576532,10410576597,1,"IOTHUB_CLIENT_CONFIRMATION_OK"
19041,10410576732,10410576790,1,"IOTHUB_CLIENT_CONFIRMATION_OK"
19042,10410576932,10410576974,1,"IOTHUB_CLIENT_CONFIRMATION_OK"
19043,10410577132,10410577398,1,"IOTHUB_CLIENT_CONFIRMATION_OK"
19044,10410577332,10410577427,1,"IOTHUB_CLIENT_CONFIRMATION_OK"
19045,10410577533,10410577584,1,"IOTHUB_CLIENT_CONFIRMATION_OK"
19046,10410577733,10410577781,1,"IOTHUB_CLIENT_CONFIRMATION_OK"
19047,10410577933,10410577992,1,"IOTHUB_CLIENT_CONFIRMATION_OK"
19048,10410578133,10410578184,1,"IOTHUB_CLIENT_CONFIRMATION_OK"
19049,10410578333,10410578449,1,"IOTHUB_CLIENT_CONFIRMATION_OK"
19050,10410578533,10410578580,1,"IOTHUB_CLIENT_CONFIRMATION_OK"
19051,10410578733,10410578786,1,"IOTHUB_CLIENT_CONFIRMATION_OK"
19052,10410578934,10410578986,1,"IOTHUB_CLIENT_CONFIRMATION_OK"
19053,10410579134,10410579166,1,"IOTHUB_CLIENT_CONFIRMATION_OK"
19054,10410579334,10410579390,1,"IOTHUB_CLIENT_CONFIRMATION_OK"
19055,10410579534,10410579574,1,"IOTHUB_CLIENT_CONFIRMATION_OK"
19056,10410579734,10410579787,1,"IOTHUB_CLIENT_CONFIRMATION_OK"
19057,10410579934,10410580038,1,"IOTHUB_CLIENT_CONFIRMATION_OK"
19058,10410580134,10410580185,1,"IOTHUB_CLIENT_CONFIRMATION_OK"
19059,10410580335,10410580381,1,"IOTHUB_CLIENT_CONFIRMATION_OK"
19060,10410580535,10410580758,1,"IOTHUB_CLIENT_CONFIRMATION_OK"
19061,10410580735,10410580817,1,"IOTHUB_CLIENT_CONFIRMATION_OK"
19062,10410580935,10410580987,1,"IOTHUB_CLIENT_CONFIRMATION_OK"
19063,10410581135,10410581187,1,"IOTHUB_CLIENT_CONFIRMATION_OK"
19064,10410581335,10410581379,1,"IOTHUB_CLIENT_CONFIRMATION_OK"
19065,10410581536,10410581597,1,"IOTHUB_CLIENT_CONFIRMATION_OK"
19066,10410581736,10410581798,1,"IOTHUB_CLIENT_CONFIRMATION_OK"
19067,10410581936,10410581985,1,"IOTHUB_CLIENT_CONFIRMATION_OK"
19068,10410582136,10410582186,1,"IOTHUB_CLIENT_CONFIRMATION_OK"
19069,10410582336,10410582378,1,"IOTHUB_CLIENT_CONFIRMATION_OK"
19070,10410582536,10410582687,1,"IOTHUB_CLIENT_CONFIRMATION_OK"
19071,10410582736,10410582793,1,"IOTHUB_CLIENT_CONFIRMATION_OK"
19072,10410582937,10410582980,1,"IOTHUB_CLIENT_CONFIRMATION_OK"
19073,10410583137,10410583331,1,"IOTHUB_CLIENT_CONFIRMATION_OK"
19074,10410583337,10410583397,1,"IOTHUB_CLIENT_CONFIRMATION_OK"
19075,10410583537,10410583576,1,"IOTHUB_CLIENT_CONFIRMATION_OK"
19076,10410583737,10410583778,1,"IOTHUB_CLIENT_CONFIRMATION_OK"
19077,10410583937,10410584009,1,"IOTHUB_CLIENT_CONFIRMATION_OK"
19078,10410584138,10410584181,1,"IOTHUB_CLIENT_CONFIRMATION_OK"
19079,10410584338,10410584382,1,"IOTHUB_CLIENT_CONFIRMATION_OK"
19080,10410584538,10410584577,1,"IOTHUB_CLIENT_CONFIRMATION_OK"
19081,10410584738,10410584781,1,"IOTHUB_CLIENT_CONFIRMATION_OK"
19082,10410584938,10410585034,1,"IOTHUB_CLIENT_CONFIRMATION_OK"
19083,10410585138,10410585179,1,"IOTHUB_CLIENT_CONFIRMATION_OK"
19084,10410585339,10410585436,1,"IOTHUB_CLIENT_CONFIRMATION_OK"
19085,10410585539,10410585654,1,"IOTHUB_CLIENT_CONFIRMATION_OK"
19086,10410585739,10410585788,1,"IOTHUB_CLIENT_CONFIRMATION_OK"
19087,10410585939,10410585998,1,"IOTHUB_CLIENT_CONFIRMATION_OK"
19088,10410586139,10410586194,1,"IOTHUB_CLIENT_CONFIRMATION_OK"
19089,10410586339,10410586409,1,"IOTHUB_CLIENT_CONFIRMATION_OK"
19090,10410586539,10410586632,1,"IOTHUB_CLIENT_CONFIRMATION_OK"
19091,10410586740,10410586806,1,"IOTHUB_CLIENT_CONFIRMATION_OK"
19092,10410586940,10410587009,1,"IOTHUB_CLIENT_CONFIRMATION_OK"
19093,10410587140,10410587343,1,"IOTHUB_CLIENT_CONFIRMATION_OK"
19094,10410587340,10410587431,1,"IOTHUB_CLIENT_CONFIRMATION_OK"
19095,10410587540,10410587582,1,"IOTHUB_CLIENT_CONFIRMATION_OK"
19096,10410587740,10410587859,1,"IOTHUB_CLIENT_CONFIRMATION_OK"
19097,10410587940,10410587978,1,"IOTHUB_CLIENT_CONFIRMATION_OK"
19098,10410588141,10410588205,1,"IOTHUB_CLIENT_CONFIRMATION_OK"
19099,10410588341,10410588403,1,"IOTHUB_CLIENT_CONFIRMATION_OK"
19100,10410588541,10410588590,1,"IOTHUB_CLIENT_CONFIRMATION_OK"
19101,10410588741,10410588797,1,"IOTHUB_CLIENT_CONFIRMATION_OK"
19102,10410588941,10410589000,1,"IOTHUB_CLIENT_CONFIRMATION_OK"
19103,10410589141,10410589194,1,"IOTHUB_CLIENT_CONFIRMATION_OK"
19104,10410589342,10410589396,1,"IOTHUB_CLIENT_CONFIRMATION_OK"
19105,10410589542,10410589599,1,"IOTHUB_CLIENT_CONFIRMATION_OK"
19106,10410589742,10410589796,1,"IOTHUB_CLIENT_CONFIRMATION_OK"
19107,10410589942,10410590102,1,"IOTHUB_CLIENT_CONFIRMATION_OK"
19108,10410590142,10410590178,1,"IOTHUB_CLIENT_CONFIRMATION_OK"
19109,10410590342,10410590402,1,"IOTHUB_CLIENT_CONFIRMATION_OK"
19110,10410590542,10410590620,1,"IOTHUB_CLIENT_CONFIRMATION_OK"
19111,10410590743,10410590793,1,"IOTHUB_CLIENT_CONFIRMATION_OK"
19112,10410590943,10410590987,1,"IOTHUB_CLIENT_CONFIRMATION_OK"
19113,10410591143,10410591202,1,"IOTHUB_CLIENT_CONFIRMATION_OK"
19114,10410591343,10410591380,1,"IOTHUB_CLIENT_CONFIRMATION_OK"
19115,10410591543,10410591615,1,"IOTHUB_CLIENT_CONFIRMATION_OK"
19116,10410591743,10410591793,1,"IOTHUB_CLIENT_CONFIRMATION_OK"
19117,10410591944,10410591991,1,"IOTHUB_CLIENT_CONFIRMATION_OK"
19118,10410592144,10410592397,1,"IOTHUB_CLIENT_CONFIRMATION_OK"
19119,10410592344,10410592428,1,"IOTHUB_CLIENT_CONFIRMATION_OK"
19120,10410592544,10410592582,1,"IOTHUB_CLIENT_CONFIRMATION_OK"
19121,10410592744,10410592802,1,"IOTHUB_CLIENT_CONFIRMATION_OK"
19122,10410592944,10410593015,1,"IOTHUB_CLIENT_CONFIRMATION_OK"
19123,10410593145,10410593195,1,"IOTHUB_CLIENT_CONFIRMATION_OK"
19124,10410593345,10410593407,1,"IOTHUB_CLIENT_CONFIRMATION_OK"
19125,10410593545,10410593589,1,"IOTHUB_CLIENT_CONFIRMATION_OK"
19126,10410593745,10410593819,1,"IOTHUB_CLIENT_CONFIRMATION_OK"
19127,10410593945,10410594102,1,"IOTHUB_CLIENT_CONFIRMATION_OK"
19128,10410594145,10410594210,1,"IOTHUB_CLIENT_CONFIRMATION_OK"
19129,10410594345,10410594389,1,"IOTHUB_CLIENT_CONFIRMATION_OK"
19130,10410594546,10410594634,1,"IOTHUB_CLIENT_CONFIRMATION_OK"
19131,10410594746,10410594792,1,"IOTHUB_CLIENT_CONFIRMATION_OK"
19132,10410594946,10410595099,1,"IOTHUB_CLIENT_CONFIRMATION_OK"
19133,10410595146,10410595196,1,"IOTHUB_CLIENT_CONFIRMATION_OK"
19134,10410595346,10410595390,1,"IOTHUB_CLIENT_CONFIRMATION_OK"
19135,10410595546,10410595729,1,"IOTHUB_CLIENT_CONFIRMATION_OK"
19136,10410595747,10410595793,1,"IOTHUB_CLIENT_CONFIRMATION_OK"
19137,10410595947,10410596008,1,"IOTHUB_CLIENT_CONFIRMATION_OK"
19138,10410596147,10410596191,1,"IOTHUB_CLIENT_CONFIRMATION_OK"
19139,10410596347,10410596488,1,"IOTHUB_CLIENT_CONFIRMATION_OK"
19140,10410596547,10410596666,1,"IOTHUB_CLIENT_CONFIRMATION_OK"
19141,10410596747,10410596780,1,"IOTHUB_CLIENT_CONFIRMATION_OK"
19142,10410596947,10410596988,1,"IOTHUB_CLIENT_CONFIRMATION_OK"
19143,10410597148,10410597332,1,"IOTHUB_CLIENT_CONFIRMATION_OK"
19144,10410597348,10410597425,1,"IOTHUB_CLIENT_CONFIRMATION_OK"
19145,10410597548,10410597603,1,"IOTHUB_CLIENT_CONFIRMATION_OK"
19146,10410597748,10410597816,1,"IOTHUB_CLIENT_CONFIRMATION_OK"
19147,10410597948,10410597992,1,"IOTHUB_CLIENT_CONFIRMATION_OK"
19148,10410598148,10410598200,1,"IOTHUB_CLIENT_CONFIRMATION_OK"
19149,10410598349,10410598403,1,"IOTHUB_CLIENT_CONFIRMATION_OK"
19150,10410598549,10410598598,1,"IOTHUB_CLIENT_CONFIRMATION_OK"
19151,10410598749,10410598791,1,"IOTHUB_CLIENT_CONFIRMATION_OK"
19152,10410598949,10410598993,1,"IOTHUB_CLIENT_CONFIRMATION_OK"
19153,10410599149,10410599197,1,"IOTHUB_CLIENT_CONFIRMATION_OK"
19154,10410599349,10410599394,1,"IOTHUB_CLIENT_CONFIRMATION_OK"
19155,10410599549,10410599606,1,"IOTHUB_CLIENT_CONFIRMATION_OK"
19156,10410599750,10410599786,1,"IOTHUB_CLIENT_CONFIRMATION_OK"
19157,10410599950,10410599997,1,"IOTHUB_CLIENT_CONFIRMATION_OK"
19158,10410600150,10410600219,1,"IOTHUB_CLIENT_CONFIRMATION_OK"
19159,10410600350,10410600396,1,"IOTHUB_CLIENT_CONFIRMATION_OK"
19160,10410600550,10410600602,1,"IOTHUB_CLIENT_CONFIRMATION_OK"
19161,10410600750,10410600838,1,"IOTHUB_CLIENT_CONFIRMATION_OK"
19162,10410600951,10410601014,1,"IOTHUB_CLIENT_CONFIRMATION_OK"
19163,10410601151,10410601244,1,"IOTHUB_CLIENT_CONFIRMATION_OK"
19164,10410601351,10410601395,1,"IOTHUB_CLIENT_CONFIRMATION_OK"
19165,10410601551,10410601598,1,"IOTHUB_CLIENT_CONFIRMATION_OK"
19166,10410601751,10410601796,1,"IOTHUB_CLIENT_CONFIRMATION_OK"
19167,10410601951,10410602038,1,"IOTHUB_CLIENT_CONFIRMATION_OK"
19168,10410602151,10410602240,1,"IOTHUB_CLIENT_CONFIRMATION_OK"
19169,10410602352,10410602395,1,"IOTHUB_CLIENT_CONFIRMATION_OK"
19170,10410602552,10410602602,1,"IOTHUB_CLIENT_CONFIRMATION_OK"
19171,10410602752,10410602868,1,"IOTHUB_CLIENT_CONFIRMATION_OK"
19172,10410602952,10410603006,1,"IOTHUB_CLIENT_CONFIRMATION_OK"
19173,10410603152,10410603200,1,"IOTHUB_CLIENT_CONFIRMATION_OK"
19174,10410603352,10410603501,1,"IOTHUB_CLIENT_CONFIRMATION_OK"
19175,10410603552,10410603601,1,"IOTHUB_CLIENT_CONFIRMATION_OK"
19176,10410603753,10410603798,1,"IOTHUB_CLIENT_CONFIRMATION_OK"
19177,10410603953,10410604001,1,"IOTHUB_CLIENT_CONFIRMATION_OK"
19178,10410604153,10410604200,1,"IOTHUB_CLIENT_CONFIRMATION_OK"
19179,10410604353,10410604421,1,"IOTHUB_CLIENT_CONFIRMATION_OK"
19180,10410604553,10410604605,1,"IOTHUB_CLIENT_CONFIRMATION_OK"
19181,10410604753,10410604816,1,"IOTHUB_CLIENT_CONFIRMATION_OK"
19182,10410604954,10410605133,1,"IOTHUB_CLIENT_CONFIRMATION_OK"
19183,10410605154,10410605238,1,"IOTHUB_CLIENT_CONFIRMATION_OK"
19184,10410605354,10410605429,1,"IOTHUB_CLIENT_CONFIRMATION_OK"
19185,10410605554,10410605622,1,"IOTHUB_CLIENT_CONFIRMATION_OK"
19186,10410605754,10410605806,1,"IOTHUB_CLIENT_CONFIRMATION_OK"
19187,10410605954,10410606079,1,"IOTHUB_CLIENT_CONFIRMATION_OK"
19188,10410606154,10410606202,1,"IOTHUB_CLIENT_CONFIRMATION_OK"
19189,10410606355,10410606406,1,"IOTHUB_CLIENT_CONFIRMATION_OK"
19190,10410606555,10410606621,1,"IOTHUB_CLIENT_CONFIRMATION_OK"
19191,10410606755,10410606802,1,"IOTHUB_CLIENT_CONFIRMATION_OK"
19192,10410606955,10410607019,1,"IOTHUB_CLIENT_CONFIRMATION_OK"
19193,10410607155,10410607201,1,"IOTHUB_CLIENT_CONFIRMATION_OK"
19194,10410607355,10410607405,1,"IOTHUB_CLIENT_CONFIRMATION_OK"
19195,10410607555,10410607677,1,"IOTHUB_CLIENT_CONFIRMATION_OK"
19196,10410607756,10410607823,1,"IOTHUB_CLIENT_CONFIRMATION_OK"
19197,10410607956,10410608015,1,"IOTHUB_CLIENT_CONFIRMATION_OK"
19198,10410608156,10410608203,1,"IOTHUB_CLIENT_CONFIRMATION_OK"
19199,10410608356,10410608435,1,"IOTHUB_CLIENT_CONFIRMATION_OK"
19200,10410608556,10410608607,1,"IOTHUB_CLIENT_CONFIRMATION_OK"
19201,10410608756,10410608811,1,"IOTHUB_CLIENT_CONFIRMATION_OK"
19202,10410608957,10410609003,1,"IOTHUB_CLIENT_CONFIRMATION_OK"
19203,10410609157,10410609210,1,"IOTHUB_CLIENT_CONFIRMATION_OK"
19204,10410609357,10410609430,1,"IOTHUB_CLIENT_CONFIRMATION_OK"
19205,10410609557,10410609649,1,"IOTHUB_CLIENT_CONFIRMATION_OK"
19206,10410609757,10410609819,1,"IOTHUB_CLIENT_CONFIRMATION_OK"
19207,10410609957,10410610063,1,"IOTHUB_CLIENT_CONFIRMATION_OK"
19208,10410610157,10410610253,1,"IOTHUB_CLIENT_CONFIRMATION_OK"
19209,10410610358,10410610397,1,"IOTHUB_CLIENT_CONFIRMATION_OK"
19210,10410610558,10410610868,1,"IOTHUB_CLIENT_CONFIRMATION_OK"
19211,10410610758,10410610953,1,"IOTHUB_CLIENT_CONFIRMATION_OK"
19212,10410610958,10410611029,1,"IOTHUB_CLIENT_CONFIRMATION_OK"
19213,10410611158,10410611209,1,"IOTHUB_CLIENT_CONFIRMATION_OK"
19214,10410611358,10410611450,1,"IOTHUB_CLIENT_CONFIRMATION_OK"
19215,10410611559,10410611602,1,"IOTHUB_CLIENT_CONFIRMATION_OK"
19216,10410611759,10410611816,1,"IOTHUB_CLIENT_CONFIRMATION_OK"
19217,10410611959,10410612006,1,"IOTHUB_CLIENT_CONFIRMATION_OK"
19218,10410612159,10410612331,1,"IOTHUB_CLIENT_CONFIRMATION_OK"
19219,10410612359,10410612397,1,"IOTHUB_CLIENT_CONFIRMATION_OK"
19220,10410612559,10410612623,1,"IOTHUB_CLIENT_CONFIRMATION_OK"
19221,10410612760,10410612808,1,"IOTHUB_CLIENT_CONFIRMATION_OK"
19222,10410612960,10410613005,1,"IOTHUB_CLIENT_CONFIRMATION_OK"
19223,10410613160,10410613320,1,"IOTHUB_CLIENT_CONFIRMATION_OK"
19224,10410613360,10410613424,1,"IOTHUB_CLIENT_CONFIRMATION_OK"
19225,10410613560,10410613611,1,"IOTHUB_CLIENT_CONFIRMATION_OK"
19226,10410613760,10410613801,1,"IOTHUB_CLIENT_CONFIRMATION_OK"
19227,10410613960,10410614046,1,"IOTHUB_CLIENT_CONFIRMATION_OK"
19228,10410614161,10410614209,1,"IOTHUB_CLIENT_CONFIRMATION_OK"
19229,10410614361,10410614410,1,"IOTHUB_CLIENT_CONFIRMATION_OK"
19230,10410614561,10410614598,1,"IOTHUB_CLIENT_CONFIRMATION_OK"
19231,10410614761,10410614835,1,"IOTHUB_CLIENT_CONFIRMATION_OK"
19232,10410614961,10410615020,1,"IOTHUB_CLIENT_CONFIRMATION_OK"
19233,10410615161,10410615213,1,"IOTHUB_CLIENT_CONFIRMATION_OK"
19234,10410615362,10410615419,1,"IOTHUB_CLIENT_CONFIRMATION_OK"
19235,10410615562,10410615635,1,"IOTHUB_CLIENT_CONFIRMATION_OK"
19236,10410615762,10410615807,1,"IOTHUB_CLIENT_CONFIRMATION_OK"
19237,10410615962,10410616007,1,"IOTHUB_CLIENT_CONFIRMATION_OK"
19238,10410616162,10410616218,1,"IOTHUB_CLIENT_CONFIRMATION_OK"
19239,10410616362,10410616404,1,"IOTHUB_CLIENT_CONFIRMATION_OK"
19240,10410616562,10410616614,1,"IOTHUB_CLIENT_CONFIRMATION_OK"
19241,10410616763,10410616818,1,"IOTHUB_CLIENT_CONFIRMATION_OK"
19242,10410616963,10410617003,1,"IOTHUB_CLIENT_CONFIRMATION_OK"
19243,10410617163,10410617319,1,"IOTHUB_CLIENT_CONFIRMATION_OK"
19244,10410617363,10410617419,1,"IOTHUB_CLIENT_CONFIRMATION_OK"
19245,10410617563,10410617604,1,"IOTHUB_CLIENT_CONFIRMATION_OK"
19246,10410617763,10410617804,1,"IOTHUB_CLIENT_CONFIRMATION_OK"
19247,10410617963,10410618015,1,"IOTHUB_CLIENT_CONFIRMATION_OK"
19248,10410618164,10410618213,1,"IOTHUB_CLIENT_CONFIRMATION_OK"
19249,10410618364,10410618442,1,"IOTHUB_CLIENT_CONFIRMATION_OK"
19250,10410618564,10410618607,1,"IOTHUB_CLIENT_CONFIRMATION_OK"
19251,10410618764,10410618824,1,"IOTHUB_CLIENT_CONFIRMATION_OK"
19252,10410618964,10410619003,1,"IOTHUB_CLIENT_CONFIRMATION_OK"
19253,10410619164,10410619223,1,"IOTHUB_CLIENT_CONFIRMATION_OK"
19254,10410619365,10410619416,1,"IOTHUB_CLIENT_CONFIRMATION_OK"
19255,10410619565,10410619625,1,"IOTHUB_CLIENT_CONFIRMATION_OK"
19256,10410619765,10410619812,1,"IOTHUB_CLIENT_CONFIRMATION_OK"
19257,10410619965,10410620171,1,"IOTHUB_CLIENT_CONFIRMATION_OK"
19258,10410620165,10410620227,1,"IOTHUB_CLIENT_CONFIRMATION_OK"
19259,10410620365,10410620414,1,"IOTHUB_CLIENT_CONFIRMATION_OK"
19260,10410620565,10410620609,1,"IOTHUB_CLIENT_CONFIRMATION_OK"
19261,10410620766,10410620811,1,"IOTHUB_CLIENT_CONFIRMATION_OK"
19262,10410620966,10410621009,1,"IOTHUB_CLIENT_CONFIRMATION_OK"
19263,10410621166,10410621204,1,"IOTHUB_CLIENT_CONFIRMATION_OK"
19264,10410621366,10410621416,1,"IOTHUB_CLIENT_CONFIRMATION_OK"
19265,10410621566,10410621610,1,"IOTHUB_CLIENT_CONFIRMATION_OK"
19266,10410621766,10410621923,1,"IOTHUB_CLIENT_CONFIRMATION_OK"
19267,10410621966,10410622024,1,"IOTHUB_CLIENT_CONFIRMATION_OK"
19268,10410622167,10410622217,1,"IOTHUB_CLIENT_CONFIRMATION_OK"
19269,10410622367,10410622408,1,"IOTHUB_CLIENT_CONFIRMATION_OK"
19270,10410622567,10410622609,1,"IOTHUB_CLIENT_CONFIRMATION_OK"
19271,10410622767,10410622874,1,"IOTHUB_CLIENT_CONFIRMATION_OK"
19272,10410622967,10410623013,1,"IOTHUB_CLIENT_CONFIRMATION_OK"
19273,10410623167,10410623224,1,"IOTHUB_CLIENT_CONFIRMATION_OK"
19274,10410623368,10410623447,1,"IOTHUB_CLIENT_CONFIRMATION_OK"
19275,10410623568,10410623625,1,"IOTHUB_CLIENT_CONFIRMATION_OK"
19276,10410623768,10410623850,1,"IOTHUB_CLIENT_CONFIRMATION_OK"
19277,10410623968,10410624009,1,"IOTHUB_CLIENT_CONFIRMATION_OK"
19278,10410624168,10410624214,1,"IOTHUB_CLIENT_CONFIRMATION_OK"
19279,10410624368,10410624447,1,"IOTHUB_CLIENT_CONFIRMATION_OK"
19280,10410624568,10410624614,1,"IOTHUB_CLIENT_CONFIRMATION_OK"
19281,10410624769,10410624806,1,"IOTHUB_CLIENT_CONFIRMATION_OK"
19282,10410624969,10410625100,1,"IOTHUB_CLIENT_CONFIRMATION_OK"
19283,10410625169,10410625223,1,"IOTHUB_CLIENT_CONFIRMATION_OK"
19284,10410625369,10410625433,1,"IOTHUB_CLIENT_CONFIRMATION_OK"
19285,10410625569,10410625624,1,"IOTHUB_CLIENT_CONFIRMATION_OK"
19286,10410625769,10410625826,1,"IOTHUB_CLIENT_CONFIRMATION_OK"
19287,10410625969,10410626014,1,"IOTHUB_CLIENT_CONFIRMATION_OK"
19288,10410626170,10410626221,1,"IOTHUB_CLIENT_CONFIRMATION_OK"
19289,10410626370,10410626417,1,"IOTHUB_CLIENT_CONFIRMATION_OK"
19290,10410626570,10410626638,1,"IOTHUB_CLIENT_CONFIRMATION_OK"
19291,10410626770,10410626815,1,"IOTHUB_CLIENT_CONFIRMATION_OK"
19292,10410626970,10410627041,1,"IOTHUB_CLIENT_CONFIRMATION_OK"
19293,10410627170,10410627370,1,"IOTHUB_CLIENT_CONFIRMATION_OK"
19294,10410627371,10410627435,1,"IOTHUB_CLIENT_CONFIRMATION_OK"
19295,10410627571,10410627611,1,"IOTHUB_CLIENT_CONFIRMATION_OK"
19296,10410627771,10410627819,1,"IOTHUB_CLIENT_CONFIRMATION_OK"
19297,10410627971,10410628015,1,"IOTHUB_CLIENT_CONFIRMATION_OK"
19298,10410628171,10410628215,1,"IOTHUB_CLIENT_CONFIRMATION_OK"
19299,10410628371,10410628486,1,"IOTHUB_CLIENT_CONFIRMATION_OK"
19300,10410628571,10410628605,1,"IOTHUB_CLIENT_CONFIRMATION_OK"
19301,10410628772,10410628814,1,"IOTHUB_CLIENT_CONFIRMATION_OK"
19302,10410628972,10410629019,1,"IOTHUB_CLIENT_CONFIRMATION_OK"
19303,10410629172,10410629230,1,"IOTHUB_CLIENT_CONFIRMATION_OK"
19304,10410629372,10410629452,1,"IOTHUB_CLIENT_CONFIRMATION_OK"
19305,10410629572,10410629619,1,"IOTHUB_CLIENT_CONFIRMATION_OK"
19306,10410629772,10410629819,1,"IOTHUB_CLIENT_CONFIRMATION_OK"
19307,10410629973,10410630032,1,"IOTHUB_CLIENT_CONFIRMATION_OK"
19308,10410630173,10410630215,1,"IOTHUB_CLIENT_CONFIRMATION_OK"
19309,10410630373,10410630415,1,"IOTHUB_CLIENT_CONFIRMATION_OK"
19310,10410630573,10410630631,1,"IOTHUB_CLIENT_CONFIRMATION_OK"
19311,10410630773,10410630814,1,"IOTHUB_CLIENT_CONFIRMATION_OK"
19312,10410630973,10410631025,1,"IOTHUB_CLIENT_CONFIRMATION_OK"
19313,10410631173,10410631267,1,"IOTHUB_CLIENT_CONFIRMATION_OK"
19314,10410631374,10410631422,1,"IOTHUB_CLIENT_CONFIRMATION_OK"
19315,10410631574,10410631701,1,"IOTHUB_CLIENT_CONFIRMATION_OK"
19316,10410631774,10410631817,1,"IOTHUB_CLIENT_CONFIRMATION_OK"
19317,10410631974,10410632028,1,"IOTHUB_CLIENT_CONFIRMATION_OK"
19318,10410632174,10410632393,1,"IOTHUB_CLIENT_CONFIRMATION_OK"
19319,10410632374,10410632492,1,"IOTHUB_CLIENT_CONFIRMATION_OK"
19320,10410632575,10410632631,1,"IOTHUB_CLIENT_CONFIRMATION_OK"
19321,10410632775,10410632935,1,"IOTHUB_CLIENT_CONFIRMATION_OK"
19322,10410632975,10410633020,1,"IOTHUB_CLIENT_CONFIRMATION_OK"
19323,10410633175,10410633236,1,"IOTHUB_CLIENT_CONFIRMATION_OK"
19324,10410633375,10410633518,1,"IOTHUB_CLIENT_CONFIRMATION_OK"
19325,10410633575,10410633619,1,"IOTHUB_CLIENT_CONFIRMATION_OK"
19326,10410633776,10410633850,1,"IOTHUB_CLIENT_CONFIRMATION_OK"
19327,10410633976,10410634052,1,"IOTHUB_CLIENT_CONFIRMATION_OK"
19328,10410634176,10410634224,1,"IOTHUB_CLIENT_CONFIRMATION_OK"
19329,10410634376,10410634458,1,"IOTHUB_CLIENT_CONFIRMATION_OK"
19330,10410634576,10410634618,1,"IOTHUB_CLIENT_CONFIRMATION_OK"
19331,10410634776,10410634875,1,"IOTHUB_CLIENT_CONFIRMATION_OK"
19332,10410634976,10410635170,1,"IOTHUB_CLIENT_CONFIRMATION_OK"
19333,10410635177,10410635212,1,"IOTHUB_CLIENT_CONFIRMATION_OK"
19334,10410635377,10410635425,1,"IOTHUB_CLIENT_CONFIRMATION_OK"
19335,10410635577,10410635624,1,"IOTHUB_CLIENT_CONFIRMATION_OK"
19336,10410635777,10410635816,1,"IOTHUB_CLIENT_CONFIRMATION_OK"
19337,10410635977,10410636028,1,"IOTHUB_CLIENT_CONFIRMATION_OK"
19338,10410636177,10410636218,1,"IOTHUB_CLIENT_CONFIRMATION_OK"
19339,10410636378,10410636431,1,"IOTHUB_CLIENT_CONFIRMATION_OK"
19340,10410636578,10410636622,1,"IOTHUB_CLIENT_CONFIRMATION_OK"
19341,10410636778,10410636837,1,"IOTHUB_CLIENT_CONFIRMATION_OK"
19342,10410636978,10410637029,1,"IOTHUB_CLIENT_CONFIRMATION_OK"
19343,10410637178,10410637214,1,"IOTHUB_CLIENT_CONFIRMATION_OK"
19344,10410637378,10410637449,1,"IOTHUB_CLIENT_CONFIRMATION_OK"
19345,10410637579,10410637628,1,"IOTHUB_CLIENT_CONFIRMATION_OK"
19346,10410637779,10410637833,1,"IOTHUB_CLIENT_CONFIRMATION_OK"
19347,10410637979,10410638030,1,"IOTHUB_CLIENT_CONFIRMATION_OK"
19348,10410638179,10410638234,1,"IOTHUB_CLIENT_CONFIRMATION_OK"
19349,10410638379,10410638479,1,"IOTHUB_CLIENT_CONFIRMATION_OK"
19350,10410638579,10410638629,1,"IOTHUB_CLIENT_CONFIRMATION_OK"
19351,10410638779,10410638824,1,"IOTHUB_CLIENT_CONFIRMATION_OK"
19352,10410638980,10410639027,1,"IOTHUB_CLIENT_CONFIRMATION_OK"
19353,10410639180,10410639244,1,"IOTHUB_CLIENT_CONFIRMATION_OK"
19354,10410639380,10410639427,1,"IOTHUB_CLIENT_CONFIRMATION_OK"
19355,10410639580,10410639618,1,"IOTHUB_CLIENT_CONFIRMATION_OK"
19356,10410639780,10410639834,1,"IOTHUB_CLIENT_CONFIRMATION_OK"
19357,10410639980,10410640140,1,"IOTHUB_CLIENT_CONFIRMATION_OK"
19358,10410640181,10410640244,1,"IOTHUB_CLIENT_CONFIRMATION_OK"
19359,10410640381,10410640423,1,"IOTHUB_CLIENT_CONFIRMATION_OK"
19360,10410640581,10410640621,1,"IOTHUB_CLIENT_CONFIRMATION_OK"
19361,10410640781,10410640831,1,"IOTHUB_CLIENT_CONFIRMATION_OK"
19362,10410640981,10410641029,1,"IOTHUB_CLIENT_CONFIRMATION_OK"
19363,10410641181,10410641235,1,"IOTHUB_CLIENT_CONFIRMATION_OK"
19364,10410641381,10410641442,1,"IOTHUB_CLIENT_CONFIRMATION_OK"
19365,10410641582,10410641619,1,"IOTHUB_CLIENT_CONFIRMATION_OK"
19366,10410641782,10410641839,1,"IOTHUB_CLIENT_CONFIRMATION_OK"
19367,10410641982,10410642070,1,"IOTHUB_CLIENT_CONFIRMATION_OK"
19368,10410642182,10410642381,1,"IOTHUB_CLIENT_CONFIRMATION_OK"
19369,10410642382,10410642419,1,"IOTHUB_CLIENT_CONFIRMATION_OK"
19370,10410642582,10410642646,1,"IOTHUB_CLIENT_CONFIRMATION_OK"
19371,10410642783,10410642859,1,"IOTHUB_CLIENT_CONFIRMATION_OK"
19372,10410642983,10410643030,1,"IOTHUB_CLIENT_CONFIRMATION_OK"
19373,10410643183,10410643222,1,"IOTHUB_CLIENT_CONFIRMATION_OK"
19374,10410643383,10410643422,1,"IOTHUB_CLIENT_CONFIRMATION_OK"
19375,10410643583,10410643623,1,"IOTHUB_CLIENT_CONFIRMATION_OK"
19376,10410643783,10410643829,1,"IOTHUB_CLIENT_CONFIRMATION_OK"
19377,10410643983,10410644026,1,"IOTHUB_CLIENT_CONFIRMATION_OK"
19378,10410644184,10410644226,1,"IOTHUB_CLIENT_CONFIRMATION_OK"
19379,10410644384,10410644477,1,"IOTHUB_CLIENT_CONFIRMATION_OK"
19380,10410644584,10410644720,1,"IOTHUB_CLIENT_CONFIRMATION_OK"
19381,10410644784,10410644842,1,"IOTHUB_CLIENT_CONFIRMATION_OK"
19382,10410644984,10410645186,1,"IOTHUB_CLIENT_CONFIRMATION_OK"
19383,10410645184,10410645275,1,"IOTHUB_CLIENT_CONFIRMATION_OK"
19384,10410645385,10410645464,1,"IOTHUB_CLIENT_CONFIRMATION_OK"
19385,10410645585,10410645635,1,"IOTHUB_CLIENT_CONFIRMATION_OK"
19386,10410645785,10410645824,1,"IOTHUB_CLIENT_CONFIRMATION_OK"
19387,10410645985,10410646033,1,"IOTHUB_CLIENT_CONFIRMATION_OK"
19388,10410646185,10410646264,1,"IOTHUB_CLIENT_CONFIRMATION_OK"
19389,10410646385,10410646438,1,"IOTHUB_CLIENT_CONFIRMATION_OK"
19390,10410646585,10410646712,1,"IOTHUB_CLIENT_CONFIRMATION_OK"
19391,10410646786,10410646857,1,"IOTHUB_CLIENT_CONFIRMATION_OK"
19392,10410646986,10410647029,1,"IOTHUB_CLIENT_CONFIRMATION_OK"
19393,10410647186,10410647272,1,"IOTHUB_CLIENT_CONFIRMATION_OK"
19394,10410647386,10410647448,1,"IOTHUB_CLIENT_CONFIRMATION_OK"
19395,10410647586,10410647653,1,"IOTHUB_CLIENT_CONFIRMATION_OK"
19396,10410647786,10410647945,1,"IOTHUB_CLIENT_CONFIRMATION_OK"
19397,10410647987,10410648026,1,"IOTHUB_CLIENT_CONFIRMATION_OK"
19398,10410648187,10410648241,1,"IOTHUB_CLIENT_CONFIRMATION_OK"
19399,10410648387,10410648426,1,"IOTHUB_CLIENT_CONFIRMATION_OK"
19400,10410648587,10410648647,1,"IOTHUB_CLIENT_CONFIRMATION_OK"
19401,10410648787,10410648833,1,"IOTHUB_CLIENT_CONFIRMATION_OK"
19402,10410648987,10410649044,1,"IOTHUB_CLIENT_CONFIRMATION_OK"
19403,10410649187,10410649243,1,"IOTHUB_CLIENT_CONFIRMATION_OK"
19404,10410649388,10410649557,1,"IOTHUB_CLIENT_CONFIRMATION_OK"
19405,10410649588,10410649640,1,"IOTHUB_CLIENT_CONFIRMATION_OK"
19406,10410649788,10410649832,1,"IOTHUB_CLIENT_CONFIRMATION_OK"
19407,10410649988,10410650176,1,"IOTHUB_CLIENT_CONFIRMATION_OK"
19408,10410650188,10410650292,1,"IOTHUB_CLIENT_CONFIRMATION_OK"
19409,10410650388,10410650444,1,"IOTHUB_CLIENT_CONFIRMATION_OK"
19410,10410650589,10410650630,1,"IOTHUB_CLIENT_CONFIRMATION_OK"
19411,10410650789,10410650836,1,"IOTHUB_CLIENT_CONFIRMATION_OK"
19412,10410650989,10410651046,1,"IOTHUB_CLIENT_CONFIRMATION_OK"
19413,10410651189,10410651243,1,"IOTHUB_CLIENT_CONFIRMATION_OK"
19414,10410651389,10410651492,1,"IOTHUB_CLIENT_CONFIRMATION_OK"
19415,10410651589,10410651650,1,"IOTHUB_CLIENT_CONFIRMATION_OK"
19416,10410651789,10410651914,1,"IOTHUB_CLIENT_CONFIRMATION_OK"
19417,10410651990,10410652029,1,"IOTHUB_CLIENT_CONFIRMATION_OK"
19418,10410652190,10410652263,1,"IOTHUB_CLIENT_CONFIRMATION_OK"
19419,10410652390,10410652441,1,"IOTHUB_CLIENT_CONFIRMATION_OK"
19420,10410652590,10410652678,1,"IOTHUB_CLIENT_CONFIRMATION_OK"
19421,10410652790,10410652865,1,"IOTHUB_CLIENT_CONFIRMATION_OK"
19422,10410652990,10410653032,1,"IOTHUB_CLIENT_CONFIRMATION_OK"
19423,10410653191,10410653236,1,"IOTHUB_CLIENT_CONFIRMATION_OK"
19424,10410653391,10410653443,1,"IOTHUB_CLIENT_CONFIRMATION_OK"
19425,10410653591,10410653635,1,"IOTHUB_CLIENT_CONFIRMATION_OK"
19426,10410653791,10410653897,1,"IOTHUB_CLIENT_CONFIRMATION_OK"
19427,10410653991,10410654178,1,"IOTHUB_CLIENT_CONFIRMATION_OK"
19428,10410654191,10410654249,1,"IOTHUB_CLIENT_CONFIRMATION_OK"
19429,10410654392,10410654445,1,"IOTHUB_CLIENT_CONFIRMATION_OK"
19430,10410654592,10410654648,1,"IOTHUB_CLIENT_CONFIRMATION_OK"
19431,10410654792,10410654844,1,"IOTHUB_CLIENT_CONFIRMATION_OK"
19432,10410654992,10410655192,1,"IOTHUB_CLIENT_CONFIRMATION_OK"
19433,10410655192,10410655233,1,"IOTHUB_CLIENT_CONFIRMATION_OK"
19434,10410655392,10410655443,1,"IOTHUB_CLIENT_CONFIRMATION_OK"
19435,10410655592,10410655674,1,"IOTHUB_CLIENT_CONFIRMATION_OK"
19436,10410655793,10410655844,1,"IOTHUB_CLIENT_CONFIRMATION_OK"
19437,10410655993,10410656038,1,"IOTHUB_CLIENT_CONFIRMATION_OK"
19438,10410656193,10410656315,1,"IOTHUB_CLIENT_CONFIRMATION_OK"
19439,10410656393,10410656431,1,"IOTHUB_CLIENT_CONFIRMATION_OK"
19440,10410656593,10410656648,1,"IOTHUB_CLIENT_CONFIRMATION_OK"
19441,10410656793,10410656874,1,"IOTHUB_CLIENT_CONFIRMATION_OK"
19442,10410656994,10410657048,1,"IOTHUB_CLIENT_CONFIRMATION_OK"
19443,10410657194,10410657281,1,"IOTHUB_CLIENT_CONFIRMATION_OK"
19444,10410657394,10410657455,1,"IOTHUB_CLIENT_CONFIRMATION_OK"
19445,10410657594,10410657639,1,"IOTHUB_CLIENT_CONFIRMATION_OK"
19446,10410657794,10410657911,1,"IOTHUB_CLIENT_CONFIRMATION_OK"
19447,10410657994,10410658043,1,"IOTHUB_CLIENT_CONFIRMATION_OK"
19448,10410658194,10410658262,1,"IOTHUB_CLIENT_CONFIRMATION_OK"
19449,10410658395,10410658813,1,"IOTHUB_CLIENT_CONFIRMATION_OK"
19450,10410658595,10410658856,1,"IOTHUB_CLIENT_CONFIRMATION_OK"
19451,10410658795,10410658898,1,"IOTHUB_CLIENT_CONFIRMATION_OK"
19452,10410658995,10410659035,1,"IOTHUB_CLIENT_CONFIRMATION_OK"
19453,10410659195,10410659243,1,"IOTHUB_CLIENT_CONFIRMATION_OK"
19454,10410659395,10410659442,1,"IOTHUB_CLIENT_CONFIRMATION_OK"
19455,10410659596,10410659766,1,"IOTHUB_CLIENT_CONFIRMATION_OK"
19456,10410659796,10410659851,1,"IOTHUB_CLIENT_CONFIRMATION_OK"
19457,10410659996,10410660047,1,"IOTHUB_CLIENT_CONFIRMATION_OK"
19458,10410660196,10410660265,1,"IOTHUB_CLIENT_CONFIRMATION_OK"
19459,10410660396,10410660482,1,"IOTHUB_CLIENT_CONFIRMATION_OK"
19460,10410660596,10410660681,1,"IOTHUB_CLIENT_CONFIRMATION_OK"
19461,10410660796,10410660843,1,"IOTHUB_CLIENT_CONFIRMATION_OK"
19462,10410660997,10410661038,1,"IOTHUB_CLIENT_CONFIRMATION_OK"
19463,10410661197,10410661251,1,"IOTHUB_CLIENT_CONFIRMATION_OK"
19464,10410661397,10410661441,1,"IOTHUB_CLIENT_CONFIRMATION_OK"
19465,10410661597,10410661668,1,"IOTHUB_CLIENT_CONFIRMATION_OK"
19466,10410661797,10410661900,1,"IOTHUB_CLIENT_CONFIRMATION_OK"
19467,10410661997,10410662077,1,"IOTHUB_CLIENT_CONFIRMATION_OK"
19468,10410662198,10410662243,1,"IOTHUB_CLIENT_CONFIRMATION_OK"
19469,10410662398,10410662485,1,"IOTHUB_CLIENT_CONFIRMATION_OK"
19470,10410662598,10410662642,1,"IOTHUB_CLIENT_CONFIRMATION_OK"
19471,10410662798,10410662880,1,"IOTHUB_CLIENT_CONFIRMATION_OK"
19472,10410662998,10410663077,1,"IOTHUB_CLIENT_CONFIRMATION_OK"
19473,10410663198,10410663249,1,"IOTHUB_CLIENT_CONFIRMATION_OK"
19474,10410663398,10410663489,1,"IOTHUB_CLIENT_CONFIRMATION_OK"
19475,10410663599,10410663641,1,"IOTHUB_CLIENT_CONFIRMATION_OK"
19476,10410663799,10410663852,1,"IOTHUB_CLIENT_CONFIRMATION_OK"
19477,10410663999,10410664137,1,"IOTHUB_CLIENT_CONFIRMATION_OK"
19478,10410664199,10410664254,1,"IOTHUB_CLIENT_CONFIRMATION_OK"
19479,10410664399,10410664456,1,"IOTHUB_CLIENT_CONFIRMATION_OK"
19480,10410664599,10410664690,1,"IOTHUB_CLIENT_CONFIRMATION_OK"
19481,10410664800,10410664867,1,"IOTHUB_CLIENT_CONFIRMATION_OK"
19482,10410665000,10410665095,1,"IOTHUB_CLIENT_CONFIRMATION_OK"
19483,10410665200,10410665284,1,"IOTHUB_CLIENT_CONFIRMATION_OK"
19484,10410665400,10410665481,1,"IOTHUB_CLIENT_CONFIRMATION_OK"
19485,10410665600,10410665696,1,"IOTHUB_CLIENT_CONFIRMATION_OK"
19486,10410665800,10410665849,1,"IOTHUB_CLIENT_CONFIRMATION_OK"
19487,10410666001,10410666049,1,"IOTHUB_CLIENT_CONFIRMATION_OK"
19488,10410666201,10410666247,1,"IOTHUB_CLIENT_CONFIRMATION_OK"
19489,10410666401,10410666449,1,"IOTHUB_CLIENT_CONFIRMATION_OK"
19490,10410666601,10410666643,1,"IOTHUB_CLIENT_CONFIRMATION_OK"
19491,10410666801,10410666858,1,"IOTHUB_CLIENT_CONFIRMATION_OK"
19492,10410667001,10410667095,1,"IOTHUB_CLIENT_CONFIRMATION_OK"
19493,10410667201,10410667322,1,"IOTHUB_CLIENT_CONFIRMATION_OK"
19494,10410667402,10410667441,1,"IOTHUB_CLIENT_CONFIRMATION_OK"
19495,10410667602,10410667655,1,"IOTHUB_CLIENT_CONFIRMATION_OK"
19496,10410667802,10410667954,1,"IOTHUB_CLIENT_CONFIRMATION_OK"
19497,10410668002,10410668128,1,"IOTHUB_CLIENT_CONFIRMATION_OK"
19498,10410668202,10410668276,1,"IOTHUB_CLIENT_CONFIRMATION_OK"
19499,10410668402,10410668459,1,"IOTHUB_CLIENT_CONFIRMATION_OK"
19500,10410668602,10410668655,1,"IOTHUB_CLIENT_CONFIRMATION_OK"
19501,10410668803,10410668845,1,"IOTHUB_CLIENT_CONFIRMATION_OK"
19502,10410669003,10410669073,1,"IOTHUB_CLIENT_CONFIRMATION_OK"
19503,10410669203,10410669255,1,"IOTHUB_CLIENT_CONFIRMATION_OK"
19504,10410669403,10410669447,1,"IOTHUB_CLIENT_CONFIRMATION_OK"
19505,10410669603,10410669647,1,"IOTHUB_CLIENT_CONFIRMATION_OK"
19506,10410669803,10410669857,1,"IOTHUB_CLIENT_CONFIRMATION_OK"
19507,10410670003,10410670224,1,"IOTHUB_CLIENT_CONFIRMATION_OK"
19508,10410670204,10410670249,1,"IOTHUB_CLIENT_CONFIRMATION_OK"
19509,10410670404,10410670543,1,"IOTHUB_CLIENT_CONFIRMATION_OK"
19510,10410670604,10410670655,1,"IOTHUB_CLIENT_CONFIRMATION_OK"
19511,10410670804,10410670846,1,"IOTHUB_CLIENT_CONFIRMATION_OK"
19512,10410671004,10410671070,1,"IOTHUB_CLIENT_CONFIRMATION_OK"
19513,10410671204,10410671249,1,"IOTHUB_CLIENT_CONFIRMATION_OK"
19514,10410671405,10410671455,1,"IOTHUB_CLIENT_CONFIRMATION_OK"
19515,10410671605,10410671659,1,"IOTHUB_CLIENT_CONFIRMATION_OK"
19516,10410671805,10410671856,1,"IOTHUB_CLIENT_CONFIRMATION_OK"
19517,10410672005,10410672046,1,"IOTHUB_CLIENT_CONFIRMATION_OK"
19518,10410672205,10410672438,1,"IOTHUB_CLIENT_CONFIRMATION_OK"
19519,10410672405,10410672476,1,"IOTHUB_CLIENT_CONFIRMATION_OK"
19520,10410672606,10410672667,1,"IOTHUB_CLIENT_CONFIRMATION_OK"
19521,10410672806,10410672888,1,"IOTHUB_CLIENT_CONFIRMATION_OK"
19522,10410673006,10410673048,1,"IOTHUB_CLIENT_CONFIRMATION_OK"
19523,10410673206,10410673256,1,"IOTHUB_CLIENT_CONFIRMATION_OK"
19524,10410673406,10410673453,1,"IOTHUB_CLIENT_CONFIRMATION_OK"
19525,10410673606,10410673657,1,"IOTHUB_CLIENT_CONFIRMATION_OK"
19526,10410673807,10410673861,1,"IOTHUB_CLIENT_CONFIRMATION_OK"
19527,10410674007,10410674051,1,"IOTHUB_CLIENT_CONFIRMATION_OK"
19528,10410674207,10410674250,1,"IOTHUB_CLIENT_CONFIRMATION_OK"
19529,10410674407,10410674459,1,"IOTHUB_CLIENT_CONFIRMATION_OK"
19530,10410674607,10410674664,1,"IOTHUB_CLIENT_CONFIRMATION_OK"
19531,10410674807,10410674859,1,"IOTHUB_CLIENT_CONFIRMATION_OK"
19532,10410675007,10410675084,1,"IOTHUB_CLIENT_CONFIRMATION_OK"
19533,10410675208,10410675320,1,"IOTHUB_CLIENT_CONFIRMATION_OK"
19534,10410675408,10410675458,1,"IOTHUB_CLIENT_CONFIRMATION_OK"
19535,10410675608,10410675697,1,"IOTHUB_CLIENT_CONFIRMATION_OK"
19536,10410675808,10410675854,1,"IOTHUB_CLIENT_CONFIRMATION_OK"
19537,10410676008,10410676053,1,"IOTHUB_CLIENT_CONFIRMATION_OK"
19538,10410676208,10410676300,1,"IOTHUB_CLIENT_CONFIRMATION_OK"
19539,10410676408,10410676535,1,"IOTHUB_CLIENT_CONFIRMATION_OK"
19540,10410676609,10410676664,1,"IOTHUB_CLIENT_CONFIRMATION_OK"
19541,10410676809,10410676853,1,"IOTHUB_CLIENT_CONFIRMATION_OK"
19542,10410677009,10410677067,1,"IOTHUB_CLIENT_CONFIRMATION_OK"
19543,10410677209,10410677434,1,"IOTHUB_CLIENT_CONFIRMATION_OK"
19544,10410677409,10410677467,1,"IOTHUB_CLIENT_CONFIRMATION_OK"
19545,10410677609,10410677653,1,"IOTHUB_CLIENT_CONFIRMATION_OK"
19546,10410677809,10410677877,1,"IOTHUB_CLIENT_CONFIRMATION_OK"
19547,10410678010,10410678075,1,"IOTHUB_CLIENT_CONFIRMATION_OK"
19548,10410678210,10410678253,1,"IOTHUB_CLIENT_CONFIRMATION_OK"
19549,10410678410,10410678687,1,"IOTHUB_CLIENT_CONFIRMATION_OK"
19550,10410678610,10410678764,1,"IOTHUB_CLIENT_CONFIRMATION_OK"
19551,10410678810,10410678894,1,"IOTHUB_CLIENT_CONFIRMATION_OK"
19552,10410679010,10410679063,1,"IOTHUB_CLIENT_CONFIRMATION_OK"
19553,10410679211,10410679280,1,"IOTHUB_CLIENT_CONFIRMATION_OK"
19554,10410679411,10410679481,1,"IOTHUB_CLIENT_CONFIRMATION_OK"
19555,10410679611,10410679651,1,"IOTHUB_CLIENT_CONFIRMATION_OK"
19556,10410679811,10410679881,1,"IOTHUB_CLIENT_CONFIRMATION_OK"
19557,10410680011,10410680054,1,"IOTHUB_CLIENT_CONFIRMATION_OK"
19558,10410680211,10410680301,1,"IOTHUB_CLIENT_CONFIRMATION_OK"
19559,10410680412,10410680516,1,"IOTHUB_CLIENT_CONFIRMATION_OK"
19560,10410680612,10410680675,1,"IOTHUB_CLIENT_CONFIRMATION_OK"
19561,10410680812,10410680919,1,"IOTHUB_CLIENT_CONFIRMATION_OK"
19562,10410681012,10410681051,1,"IOTHUB_CLIENT_CONFIRMATION_OK"
19563,10410681212,10410681250,1,"IOTHUB_CLIENT_CONFIRMATION_OK"
19564,10410681412,10410681471,1,"IOTHUB_CLIENT_CONFIRMATION_OK"
19565,10410681613,10410681686,1,"IOTHUB_CLIENT_CONFIRMATION_OK"
19566,10410681813,10410681867,1,"IOTHUB_CLIENT_CONFIRMATION_OK"
19567,10410682013,10410682251,1,"IOTHUB_CLIENT_CONFIRMATION_OK"
19568,10410682213,10410682346,1,"IOTHUB_CLIENT_CONFIRMATION_OK"
19569,10410682413,10410682460,1,"IOTHUB_CLIENT_CONFIRMATION_OK"
19570,10410682613,10410682663,1,"IOTHUB_CLIENT_CONFIRMATION_OK"
19571,10410682813,10410682983,1,"IOTHUB_CLIENT_CONFIRMATION_OK"
19572,10410683014,10410683066,1,"IOTHUB_CLIENT_CONFIRMATION_OK"
19573,10410683214,10410683259,1,"IOTHUB_CLIENT_CONFIRMATION_OK"
19574,10410683414,10410683459,1,"IOTHUB_CLIENT_CONFIRMATION_OK"
19575,10410683614,10410683661,1,"IOTHUB_CLIENT_CONFIRMATION_OK"
19576,10410683814,10410683880,1,"IOTHUB_CLIENT_CONFIRMATION_OK"
19577,10410684014,10410684091,1,"IOTHUB_CLIENT_CONFIRMATION_OK"
19578,10410684215,10410684275,1,"IOTHUB_CLIENT_CONFIRMATION_OK"
19579,10410684415,10410684451,1,"IOTHUB_CLIENT_CONFIRMATION_OK"
19580,10410684615,10410684682,1,"IOTHUB_CLIENT_CONFIRMATION_OK"
19581,10410684815,10410684870,1,"IOTHUB_CLIENT_CONFIRMATION_OK"
19582,10410685015,10410685227,1,"IOTHUB_CLIENT_CONFIRMATION_OK"
19583,10410685215,10410685274,1,"IOTHUB_CLIENT_CONFIRMATION_OK"
19584,10410685415,10410685517,1,"IOTHUB_CLIENT_CONFIRMATION_OK"
19585,10410685616,10410685664,1,"IOTHUB_CLIENT_CONFIRMATION_OK"
19586,10410685816,10410685863,1,"IOTHUB_CLIENT_CONFIRMATION_OK"
19587,10410686016,10410686055,1,"IOTHUB_CLIENT_CONFIRMATION_OK"
19588,10410686216,10410686264,1,"IOTHUB_CLIENT_CONFIRMATION_OK"
19589,10410686416,10410686468,1,"IOTHUB_CLIENT_CONFIRMATION_OK"
19590,10410686616,10410686673,1,"IOTHUB_CLIENT_CONFIRMATION_OK"
19591,10410686817,10410686863,1,"IOTHUB_CLIENT_CONFIRMATION_OK"
19592,10410687017,10410687062,1,"IOTHUB_CLIENT_CONFIRMATION_OK"
19593,10410687217,10410687441,1,"IOTHUB_CLIENT_CONFIRMATION_OK"
19594,10410687417,10410687478,1,"IOTHUB_CLIENT_CONFIRMATION_OK"
19595,10410687617,10410687654,1,"IOTHUB_CLIENT_CONFIRMATION_OK"
19596,10410687817,10410687862,1,"IOTHUB_CLIENT_CONFIRMATION_OK"
19597,10410688017,10410688059,1,"IOTHUB_CLIENT_CONFIRMATION_OK"
19598,10410688218,10410688256,1,"IOTHUB_CLIENT_CONFIRMATION_OK"
19599,10410688418,10410688480,1,"IOTHUB_CLIENT_CONFIRMATION_OK"
19600,10410688618,10410688657,1,"IOTHUB_CLIENT_CONFIRMATION_OK"
19601,10410688818,10410688863,1,"IOTHUB_CLIENT_CONFIRMATION_OK"
19602,10410689018,10410689106,1,"IOTHUB_CLIENT_CONFIRMATION_OK"
19603,10410689218,10410689271,1,"IOTHUB_CLIENT_CONFIRMATION_OK"
19604,10410689419,10410689495,1,"IOTHUB_CLIENT_CONFIRMATION_OK"
19605,10410689619,10410689684,1,"IOTHUB_CLIENT_CONFIRMATION_OK"
19606,10410689819,10410689859,1,"IOTHUB_CLIENT_CONFIRMATION_OK"
19607,10410690019,10410690082,1,"IOTHUB_CLIENT_CONFIRMATION_OK"
19608,10410690219,10410690271,1,"IOTHUB_CLIENT_CONFIRMATION_OK"
19609,10410690419,10410690466,1,"IOTHUB_CLIENT_CONFIRMATION_OK"
19610,10410690619,10410690698,1,"IOTHUB_CLIENT_CONFIRMATION_OK"
19611,10410690820,10410690874,1,"IOTHUB_CLIENT_CONFIRMATION_OK"
19612,10410691020,10410691078,1,"IOTHUB_CLIENT_CONFIRMATION_OK"
19613,10410691220,10410691456,1,"IOTHUB_CLIENT_CONFIRMATION_OK"
19614,10410691420,10410691483,1,"IOTHUB_CLIENT_CONFIRMATION_OK"
19615,10410691620,10410691669,1,"IOTHUB_CLIENT_CONFIRMATION_OK"
19616,10410691820,10410691875,1,"IOTHUB_CLIENT_CONFIRMATION_OK"
19617,10410692021,10410692072,1,"IOTHUB_CLIENT_CONFIRMATION_OK"
19618,10410692221,10410692394,1,"IOTHUB_CLIENT_CONFIRMATION_OK"
19619,10410692421,10410692467,1,"IOTHUB_CLIENT_CONFIRMATION_OK"
19620,10410692621,10410692662,1,"IOTHUB_CLIENT_CONFIRMATION_OK"
19621,10410692821,10410692872,1,"IOTHUB_CLIENT_CONFIRMATION_OK"
19622,10410693021,10410693063,1,"IOTHUB_CLIENT_CONFIRMATION_OK"
19623,10410693221,10410693356,1,"IOTHUB_CLIENT_CONFIRMATION_OK"
19624,10410693422,10410693485,1,"IOTHUB_CLIENT_CONFIRMATION_OK"
19625,10410693622,10410693669,1,"IOTHUB_CLIENT_CONFIRMATION_OK"
19626,10410693822,10410693868,1,"IOTHUB_CLIENT_CONFIRMATION_OK"
19627,10410694022,10410694078,1,"IOTHUB_CLIENT_CONFIRMATION_OK"
19628,10410694222,10410694277,1,"IOTHUB_CLIENT_CONFIRMATION_OK"
19629,10410694422,10410694474,1,"IOTHUB_CLIENT_CONFIRMATION_OK"
19630,10410694623,10410694683,1,"IOTHUB_CLIENT_CONFIRMATION_OK"
19631,10410694823,10410694874,1,"IOTHUB_CLIENT_CONFIRMATION_OK"
19632,10410695023,10410695074,1,"IOTHUB_CLIENT_CONFIRMATION_OK"
19633,10410695223,10410695279,1,"IOTHUB_CLIENT_CONFIRMATION_OK"
19634,10410695423,10410695466,1,"IOTHUB_CLIENT_CONFIRMATION_OK"
19635,10410695623,10410695678,1,"IOTHUB_CLIENT_CONFIRMATION_OK"
19636,10410695823,10410695868,1,"IOTHUB_CLIENT_CONFIRMATION_OK"
19637,10410696024,10410696137,1,"IOTHUB_CLIENT_CONFIRMATION_OK"
19638,10410696224,10410696416,1,"IOTHUB_CLIENT_CONFIRMATION_OK"
19639,10410696424,10410696492,1,"IOTHUB_CLIENT_CONFIRMATION_OK"
19640,10410696624,10410696692,1,"IOTHUB_CLIENT_CONFIRMATION_OK"
19641,10410696824,10410696956,1,"IOTHUB_CLIENT_CONFIRMATION_OK"
19642,10410697024,10410697131,1,"IOTHUB_CLIENT_CONFIRMATION_OK"
19643,10410697225,10410697305,1,"IOTHUB_CLIENT_CONFIRMATION_OK"
19644,10410697425,10410697481,1,"IOTHUB_CLIENT_CONFIRMATION_OK"
19645,10410697625,10410697682,1,"IOTHUB_CLIENT_CONFIRMATION_OK"
19646,10410697825,10410697948,1,"IOTHUB_CLIENT_CONFIRMATION_OK"
19647,10410698025,10410698071,1,"IOTHUB_CLIENT_CONFIRMATION_OK"
19648,10410698225,10410698289,1,"IOTHUB_CLIENT_CONFIRMATION_OK"
19649,10410698425,10410698543,1,"IOTHUB_CLIENT_CONFIRMATION_OK"
19650,10410698626,10410698718,1,"IOTHUB_CLIENT_CONFIRMATION_OK"
19651,10410698826,10410698876,1,"IOTHUB_CLIENT_CONFIRMATION_OK"
19652,10410699026,10410699069,1,"IOTHUB_CLIENT_CONFIRMATION_OK"
19653,10410699226,10410699270,1,"IOTHUB_CLIENT_CONFIRMATION_OK"
19654,10410699426,10410699469,1,"IOTHUB_CLIENT_CONFIRMATION_OK"
19655,10410699626,10410699661,1,"IOTHUB_CLIENT_CONFIRMATION_OK"
19656,10410699827,10410699870,1,"IOTHUB_CLIENT_CONFIRMATION_OK"
19657,10410700027,10410700163,1,"IOTHUB_CLIENT_CONFIRMATION_OK"
19658,10410700227,10410700277,1,"IOTHUB_CLIENT_CONFIRMATION_OK"
19659,10410700427,10410700504,1,"IOTHUB_CLIENT_CONFIRMATION_OK"
19660,10410700627,10410700712,1,"IOTHUB_CLIENT_CONFIRMATION_OK"
19661,10410700827,10410700874,1,"IOTHUB_CLIENT_CONFIRMATION_OK"
19662,10410701028,10410701110,1,"IOTHUB_CLIENT_CONFIRMATION_OK"
19663,10410701228,10410701284,1,"IOTHUB_CLIENT_CONFIRMATION_OK"
19664,10410701428,10410701495,1,"IOTHUB_CLIENT_CONFIRMATION_OK"
19665,10410701628,10410701696,1,"IOTHUB_CLIENT_CONFIRMATION_OK"
19666,10410701828,10410701882,1,"IOTHUB_CLIENT_CONFIRMATION_OK"
19667,10410702028,10410702112,1,"IOTHUB_CLIENT_CONFIRMATION_OK"
19668,10410702228,10410702278,1,"IOTHUB_CLIENT_CONFIRMATION_OK"
19669,10410702429,10410702524,1,"IOTHUB_CLIENT_CONFIRMATION_OK"
19670,10410702629,10410702680,1,"IOTHUB_CLIENT_CONFIRMATION_OK"
19671,10410702829,10410702947,1,"IOTHUB_CLIENT_CONFIRMATION_OK"
19672,10410703029,10410703074,1,"IOTHUB_CLIENT_CONFIRMATION_OK"
19673,10410703229,10410703268,1,"IOTHUB_CLIENT_CONFIRMATION_OK"
19674,10410703429,10410703479,1,"IOTHUB_CLIENT_CONFIRMATION_OK"
19675,10410703630,10410703688,1,"IOTHUB_CLIENT_CONFIRMATION_OK"
19676,10410703830,10410703880,1,"IOTHUB_CLIENT_CONFIRMATION_OK"
19677,10410704030,10410704123,1,"IOTHUB_CLIENT_CONFIRMATION_OK"
19678,10410704230,10410704275,1,"IOTHUB_CLIENT_CONFIRMATION_OK"
19679,10410704430,10410704471,1,"IOTHUB_CLIENT_CONFIRMATION_OK"
19680,10410704630,10410704686,1,"IOTHUB_CLIENT_CONFIRMATION_OK"
19681,10410704830,10410704897,1,"IOTHUB_CLIENT_CONFIRMATION_OK"
19682,10410705031,10410705119,1,"IOTHUB_CLIENT_CONFIRMATION_OK"
19683,10410705231,10410705271,1,"IOTHUB_CLIENT_CONFIRMATION_OK"
19684,10410705431,10410705476,1,"IOTHUB_CLIENT_CONFIRMATION_OK"
19685,10410705631,10410705828,1,"IOTHUB_CLIENT_CONFIRMATION_OK"
19686,10410705831,10410705901,1,"IOTHUB_CLIENT_CONFIRMATION_OK"
19687,10410706031,10410706106,1,"IOTHUB_CLIENT_CONFIRMATION_OK"
19688,10410706232,10410706282,1,"IOTHUB_CLIENT_CONFIRMATION_OK"
19689,10410706432,10410706484,1,"IOTHUB_CLIENT_CONFIRMATION_OK"
19690,10410706632,10410706676,1,"IOTHUB_CLIENT_CONFIRMATION_OK"
19691,10410706832,10410706890,1,"IOTHUB_CLIENT_CONFIRMATION_OK"
19692,10410707032,10410707091,1,"IOTHUB_CLIENT_CONFIRMATION_OK"
19693,10410707232,10410707357,1,"IOTHUB_CLIENT_CONFIRMATION_OK"
19694,10410707432,10410707474,1,"IOTHUB_CLIENT_CONFIRMATION_OK"
19695,10410707633,10410707729,1,"IOTHUB_CLIENT_CONFIRMATION_OK"
19696,10410707833,10410707969,1,"IOTHUB_CLIENT_CONFIRMATION_OK"
19697,10410708033,10410708134,1,"IOTHUB_CLIENT_CONFIRMATION_OK"
19698,10410708233,10410708284,1,"IOTHUB_CLIENT_CONFIRMATION_OK"
19699,10410708433,10410708484,1,"IOTHUB_CLIENT_CONFIRMATION_OK"
19700,10410708633,10410708679,1,"IOTHUB_CLIENT_CONFIRMATION_OK"
19701,10410708834,10410708884,1,"IOTHUB_CLIENT_CONFIRMATION_OK"
19702,10410709034,10410709085,1,"IOTHUB_CLIENT_CONFIRMATION_OK"
19703,10410709234,10410709279,1,"IOTHUB_CLIENT_CONFIRMATION_OK"
19704,10410709434,10410709487,1,"IOTHUB_CLIENT_CONFIRMATION_OK"
19705,10410709634,10410709680,1,"IOTHUB_CLIENT_CONFIRMATION_OK"
19706,10410709834,10410709890,1,"IOTHUB_CLIENT_CONFIRMATION_OK"
19707,10410710034,10410710197,1,"IOTHUB_CLIENT_CONFIRMATION_OK"
19708,10410710235,10410710291,1,"IOTHUB_CLIENT_CONFIRMATION_OK"
19709,10410710435,10410710483,1,"IOTHUB_CLIENT_CONFIRMATION_OK"
19710,10410710635,10410710738,1,"IOTHUB_CLIENT_CONFIRMATION_OK"
19711,10410710835,10410710892,1,"IOTHUB_CLIENT_CONFIRMATION_OK"
19712,10410711035,10410711147,1,"IOTHUB_CLIENT_CONFIRMATION_OK"
19713,10410711235,10410711299,1,"IOTHUB_CLIENT_CONFIRMATION_OK"
19714,10410711436,10410711501,1,"IOTHUB_CLIENT_CONFIRMATION_OK"
19715,10410711636,10410711679,1,"IOTHUB_CLIENT_CONFIRMATION_OK"
19716,10410711836,10410711876,1,"IOTHUB_CLIENT_CONFIRMATION_OK"
19717,10410712036,10410712080,1,"IOTHUB_CLIENT_CONFIRMATION_OK"
19718,10410712236,10410712446,1,"IOTHUB_CLIENT_CONFIRMATION_OK"
19719,10410712436,10410712474,1,"IOTHUB_CLIENT_CONFIRMATION_OK"
19720,10410712636,10410712676,1,"IOTHUB_CLIENT_CONFIRMATION_OK"
19721,10410712837,10410712898,1,"IOTHUB_CLIENT_CONFIRMATION_OK"
19722,10410713037,10410713090,1,"IOTHUB_CLIENT_CONFIRMATION_OK"
19723,10410713237,10410713323,1,"IOTHUB_CLIENT_CONFIRMATION_OK"
19724,10410713437,10410713482,1,"IOTHUB_CLIENT_CONFIRMATION_OK"
19725,10410713637,10410713717,1,"IOTHUB_CLIENT_CONFIRMATION_OK"
19726,10410713837,10410713895,1,"IOTHUB_CLIENT_CONFIRMATION_OK"
19727,10410714038,10410714088,1,"IOTHUB_CLIENT_CONFIRMATION_OK"
19728,10410714238,10410714295,1,"IOTHUB_CLIENT_CONFIRMATION_OK"
19729,10410714438,10410714485,1,"IOTHUB_CLIENT_CONFIRMATION_OK"
19730,10410714638,10410714692,1,"IOTHUB_CLIENT_CONFIRMATION_OK"
19731,10410714838,10410714898,1,"IOTHUB_CLIENT_CONFIRMATION_OK"
19732,10410715038,10410715090,1,"IOTHUB_CLIENT_CONFIRMATION_OK"
19733,10410715238,10410715283,1,"IOTHUB_CLIENT_CONFIRMATION_OK"
19734,10410715439,10410715481,1,"IOTHUB_CLIENT_CONFIRMATION_OK"
19735,10410715639,10410715720,1,"IOTHUB_CLIENT_CONFIRMATION_OK"
19736,10410715839,10410715885,1,"IOTHUB_CLIENT_CONFIRMATION_OK"
19737,10410716039,10410716091,1,"IOTHUB_CLIENT_CONFIRMATION_OK"
19738,10410716239,10410716312,1,"IOTHUB_CLIENT_CONFIRMATION_OK"
19739,10410716439,10410716480,1,"IOTHUB_CLIENT_CONFIRMATION_OK"
19740,10410716640,10410716798,1,"IOTHUB_CLIENT_CONFIRMATION_OK"
19741,10410716840,10410716898,1,"IOTHUB_CLIENT_CONFIRMATION_OK"
19742,10410717040,10410717125,1,"IOTHUB_CLIENT_CONFIRMATION_OK"
19743,10410717240,10410717360,1,"IOTHUB_CLIENT_CONFIRMATION_OK"
19744,10410717440,10410717486,1,"IOTHUB_CLIENT_CONFIRMATION_OK"
19745,10410717640,10410717683,1,"IOTHUB_CLIENT_CONFIRMATION_OK"
19746,10410717840,10410717937,1,"IOTHUB_CLIENT_CONFIRMATION_OK"
19747,10410718041,10410718104,1,"IOTHUB_CLIENT_CONFIRMATION_OK"
19748,10410718241,10410718296,1,"IOTHUB_CLIENT_CONFIRMATION_OK"
19749,10410718441,10410718546,1,"IOTHUB_CLIENT_CONFIRMATION_OK"
19750,10410718641,10410718684,1,"IOTHUB_CLIENT_CONFIRMATION_OK"
19751,10410718841,10410718908,1,"IOTHUB_CLIENT_CONFIRMATION_OK"
19752,10410719041,10410719087,1,"IOTHUB_CLIENT_CONFIRMATION_OK"
19753,10410719241,10410719295,1,"IOTHUB_CLIENT_CONFIRMATION_OK"
19754,10410719442,10410719489,1,"IOTHUB_CLIENT_CONFIRMATION_OK"
19755,10410719642,10410719693,1,"IOTHUB_CLIENT_CONFIRMATION_OK"
19756,10410719842,10410719886,1,"IOTHUB_CLIENT_CONFIRMATION_OK"
19757,10410720042,10410720167,1,"IOTHUB_CLIENT_CONFIRMATION_OK"
19758,10410720242,10410720284,1,"IOTHUB_CLIENT_CONFIRMATION_OK"
19759,10410720442,10410720495,1,"IOTHUB_CLIENT_CONFIRMATION_OK"
19760,10410720642,10410720776,1,"IOTHUB_CLIENT_CONFIRMATION_OK"
19761,10410720843,10410720912,1,"IOTHUB_CLIENT_CONFIRMATION_OK"
19762,10410721043,10410721093,1,"IOTHUB_CLIENT_CONFIRMATION_OK"
19763,10410721243,10410721281,1,"IOTHUB_CLIENT_CONFIRMATION_OK"
19764,10410721443,10410721519,1,"IOTHUB_CLIENT_CONFIRMATION_OK"
19765,10410721643,10410721693,1,"IOTHUB_CLIENT_CONFIRMATION_OK"
19766,10410721843,10410721902,1,"IOTHUB_CLIENT_CONFIRMATION_OK"
19767,10410722044,10410722144,1,"IOTHUB_CLIENT_CONFIRMATION_OK"
19768,10410722244,10410722295,1,"IOTHUB_CLIENT_CONFIRMATION_OK"
19769,10410722444,10410722498,1,"IOTHUB_CLIENT_CONFIRMATION_OK"
19770,10410722644,10410722711,1,"IOTHUB_CLIENT_CONFIRMATION_OK"
19771,10410722844,10410722912,1,"IOTHUB_CLIENT_CONFIRMATION_OK"
19772,10410723044,10410723088,1,"IOTHUB_CLIENT_CONFIRMATION_OK"
19773,10410723244,10410723288,1,"IOTHUB_CLIENT_CONFIRMATION_OK"
19774,10410723445,10410723553,1,"IOTHUB_CLIENT_CONFIRMATION_OK"
19775,10410723645,10410723693,1,"IOTHUB_CLIENT_CONFIRMATION_OK"
19776,10410723845,10410723891,1,"IOTHUB_CLIENT_CONFIRMATION_OK"
19777,10410724045,10410724092,1,"IOTHUB_CLIENT_CONFIRMATION_OK"
19778,10410724245,10410724284,1,"IOTHUB_CLIENT_CONFIRMATION_OK"
19779,10410724445,10410724522,1,"IOTHUB_CLIENT_CONFIRMATION_OK"
19780,10410724646,10410724723,1,"IOTHUB_CLIENT_CONFIRMATION_OK"
19781,10410724846,10410724913,1,"IOTHUB_CLIENT_CONFIRMATION_OK"
19782,10410725046,10410725161,1,"IOTHUB_CLIENT_CONFIRMATION_OK"
19783,10410725246,10410725321,1,"IOTHUB_CLIENT_CONFIRMATION_OK"
19784,10410725446,10410725494,1,"IOTHUB_CLIENT_CONFIRMATION_OK"
19785,10410725646,10410725774,1,"IOTHUB_CLIENT_CONFIRMATION_OK"
19786,10410725846,10410725922,1,"IOTHUB_CLIENT_CONFIRMATION_OK"
19787,10410726047,10410726099,1,"IOTHUB_CLIENT_CONFIRMATION_OK"
19788,10410726247,10410726296,1,"IOTHUB_CLIENT_CONFIRMATION_OK"
19789,10410726447,10410726494,1,"IOTHUB_CLIENT_CONFIRMATION_OK"
19790,10410726647,10410726717,1,"IOTHUB_CLIENT_CONFIRMATION_OK"
19791,10410726847,10410726903,1,"IOTHUB_CLIENT_CONFIRMATION_OK"
19792,10410727047,10410727095,1,"IOTHUB_CLIENT_CONFIRMATION_OK"
19793,10410727248,10410727415,1,"IOTHUB_CLIENT_CONFIRMATION_OK"
19794,10410727448,10410727491,1,"IOTHUB_CLIENT_CONFIRMATION_OK"
19795,10410727648,10410727730,1,"IOTHUB_CLIENT_CONFIRMATION_OK"
19796,10410727848,10410728024,1,"IOTHUB_CLIENT_CONFIRMATION_OK"
19797,10410728048,10410728125,1,"IOTHUB_CLIENT_CONFIRMATION_OK"
19798,10410728248,10410728297,1,"IOTHUB_CLIENT_CONFIRMATION_OK"
19799,10410728448,10410728537,1,"IOTHUB_CLIENT_CONFIRMATION_OK"
19800,10410728649,10410728702,1,"IOTHUB_CLIENT_CONFIRMATION_OK"
19801,10410728849,10410728903,1,"IOTHUB_CLIENT_CONFIRMATION_OK"
19802,10410729049,10410729152,1,"IOTHUB_CLIENT_CONFIRMATION_OK"
19803,10410729249,10410729292,1,"IOTHUB_CLIENT_CONFIRMATION_OK"
19804,10410729449,10410729496,1,"IOTHUB_CLIENT_CONFIRMATION_OK"
19805,10410729649,10410729688,1,"IOTHUB_CLIENT_CONFIRMATION_OK"
19806,10410729850,10410729901,1,"IOTHUB_CLIENT_CONFIRMATION_OK"
19807,10410730050,10410730259,1,"IOTHUB_CLIENT_CONFIRMATION_OK"
19808,10410730250,10410730315,1,"IOTHUB_CLIENT_CONFIRMATION_OK"
19809,10410730450,10410730501,1,"IOTHUB_CLIENT_CONFIRMATION_OK"
19810,10410730650,10410730709,1,"IOTHUB_CLIENT_CONFIRMATION_OK"
19811,10410730850,10410730917,1,"IOTHUB_CLIENT_CONFIRMATION_OK"
19812,10410731051,10410731122,1,"IOTHUB_CLIENT_CONFIRMATION_OK"
19813,10410731251,10410731370,1,"IOTHUB_CLIENT_CONFIRMATION_OK"
19814,10410731451,10410731499,1,"IOTHUB_CLIENT_CONFIRMATION_OK"
19815,10410731651,10410731695,1,"IOTHUB_CLIENT_CONFIRMATION_OK"
19816,10410731851,10410731933,1,"IOTHUB_CLIENT_CONFIRMATION_OK"
19817,10410732051,10410732106,1,"IOTHUB_CLIENT_CONFIRMATION_OK"
19818,10410732251,10410732486,1,"IOTHUB_CLIENT_CONFIRMATION_OK"
19819,10410732452,10410732514,1,"IOTHUB_CLIENT_CONFIRMATION_OK"
19820,10410732652,10410732705,1,"IOTHUB_CLIENT_CONFIRMATION_OK"
19821,10410732852,10410732900,1,"IOTHUB_CLIENT_CONFIRMATION_OK"
19822,10410733052,10410733096,1,"IOTHUB_CLIENT_CONFIRMATION_OK"
19823,10410733252,10410733293,1,"IOTHUB_CLIENT_CONFIRMATION_OK"
19824,10410733452,10410733524,1,"IOTHUB_CLIENT_CONFIRMATION_OK"
19825,10410733653,10410733700,1,"IOTHUB_CLIENT_CONFIRMATION_OK"
19826,10410733853,10410733910,1,"IOTHUB_CLIENT_CONFIRMATION_OK"
19827,10410734053,10410734106,1,"IOTHUB_CLIENT_CONFIRMATION_OK"
19828,10410734253,10410734298,1,"IOTHUB_CLIENT_CONFIRMATION_OK"
19829,10410734453,10410734547,1,"IOTHUB_CLIENT_CONFIRMATION_OK"
19830,10410734653,10410734702,1,"IOTHUB_CLIENT_CONFIRMATION_OK"
19831,10410734854,10410734888,1,"IOTHUB_CLIENT_CONFIRMATION_OK"
19832,10410735054,10410735112,1,"IOTHUB_CLIENT_CONFIRMATION_OK"
19833,10410735254,10410735291,1,"IOTHUB_CLIENT_CONFIRMATION_OK"
19834,10410735454,10410735522,1,"IOTHUB_CLIENT_CONFIRMATION_OK"
19835,10410735654,10410735752,1,"IOTHUB_CLIENT_CONFIRMATION_OK"
19836,10410735854,10410735914,1,"IOTHUB_CLIENT_CONFIRMATION_OK"
19837,10410736054,10410736096,1,"IOTHUB_CLIENT_CONFIRMATION_OK"
19838,10410736255,10410736319,1,"IOTHUB_CLIENT_CONFIRMATION_OK"
19839,10410736455,10410736498,1,"IOTHUB_CLIENT_CONFIRMATION_OK"
19840,10410736655,10410736696,1,"IOTHUB_CLIENT_CONFIRMATION_OK"
19841,10410736855,10410736925,1,"IOTHUB_CLIENT_CONFIRMATION_OK"
19842,10410737055,10410737091,1,"IOTHUB_CLIENT_CONFIRMATION_OK"
19843,10410737255,10410737383,1,"IOTHUB_CLIENT_CONFIRMATION_OK"
19844,10410737456,10410737498,1,"IOTHUB_CLIENT_CONFIRMATION_OK"
19845,10410737656,10410737706,1,"IOTHUB_CLIENT_CONFIRMATION_OK"
19846,10410737856,10410738004,1,"IOTHUB_CLIENT_CONFIRMATION_OK"
19847,10410738056,10410738095,1,"IOTHUB_CLIENT_CONFIRMATION_OK"
19848,10410738256,10410738303,1,"IOTHUB_CLIENT_CONFIRMATION_OK"
19849,10410738456,10410738517,1,"IOTHUB_CLIENT_CONFIRMATION_OK"
19850,10410738656,10410738714,1,"IOTHUB_CLIENT_CONFIRMATION_OK"
19851,10410738857,10410738900,1,"IOTHUB_CLIENT_CONFIRMATION_OK"
19852,10410739057,10410739104,1,"IOTHUB_CLIENT_CONFIRMATION_OK"
19853,10410739257,10410739320,1,"IOTHUB_CLIENT_CONFIRMATION_OK"
19854,10410739457,10410739503,1,"IOTHUB_CLIENT_CONFIRMATION_OK"
19855,10410739657,10410739705,1,"IOTHUB_CLIENT_CONFIRMATION_OK"
19856,10410739857,10410739902,1,"IOTHUB_CLIENT_CONFIRMATION_OK"
19857,10410740058,10410740237,1,"IOTHUB_CLIENT_CONFIRMATION_OK"
19858,10410740258,10410740316,1,"IOTHUB_CLIENT_CONFIRMATION_OK"
19859,10410740458,10410740506,1,"IOTHUB_CLIENT_CONFIRMATION_OK"
19860,10410740658,10410740757,1,"IOTHUB_CLIENT_CONFIRMATION_OK"
19861,10410740858,10410740909,1,"IOTHUB_CLIENT_CONFIRMATION_OK"
19862,10410741058,10410741104,1,"IOTHUB_CLIENT_CONFIRMATION_OK"
19863,10410741259,10410741298,1,"IOTHUB_CLIENT_CONFIRMATION_OK"
19864,10410741459,10410741512,1,"IOTHUB_CLIENT_CONFIRMATION_OK"
19865,10410741659,10410741718,1,"IOTHUB_CLIENT_CONFIRMATION_OK"
19866,10410741859,10410741912,1,"IOTHUB_CLIENT_CONFIRMATION_OK"
19867,10410742059,10410742116,1,"IOTHUB_CLIENT_CONFIRMATION_OK"
19868,10410742259,10410742336,1,"IOTHUB_CLIENT_CONFIRMATION_OK"
19869,10410742459,10410742504,1,"IOTHUB_CLIENT_CONFIRMATION_OK"
19870,10410742660,10410742715,1,"IOTHUB_CLIENT_CONFIRMATION_OK"
19871,10410742860,10410742901,1,"IOTHUB_CLIENT_CONFIRMATION_OK"
19872,10410743060,10410743106,1,"IOTHUB_CLIENT_CONFIRMATION_OK"
19873,10410743260,10410743333,1,"IOTHUB_CLIENT_CONFIRMATION_OK"
19874,10410743460,10410743516,1,"IOTHUB_CLIENT_CONFIRMATION_OK"
19875,10410743660,10410743728,1,"IOTHUB_CLIENT_CONFIRMATION_OK"
19876,10410743861,10410743902,1,"IOTHUB_CLIENT_CONFIRMATION_OK"
19877,10410744061,10410744203,1,"IOTHUB_CLIENT_CONFIRMATION_OK"
19878,10410744261,10410744299,1,"IOTHUB_CLIENT_CONFIRMATION_OK"
19879,10410744461,10410744508,1,"IOTHUB_CLIENT_CONFIRMATION_OK"
19880,10410744661,10410744729,1,"IOTHUB_CLIENT_CONFIRMATION_OK"
19881,10410744861,10410744925,1,"IOTHUB_CLIENT_CONFIRMATION_OK"
19882,10410745062,10410745163,1,"IOTHUB_CLIENT_CONFIRMATION_OK"
19883,10410745262,10410745311,1,"IOTHUB_CLIENT_CONFIRMATION_OK"
19884,10410745462,10410745501,1,"IOTHUB_CLIENT_CONFIRMATION_OK"
19885,10410745662,10410745755,1,"IOTHUB_CLIENT_CONFIRMATION_OK"
19886,10410745862,10410745915,1,"IOTHUB_CLIENT_CONFIRMATION_OK"
19887,10410746062,10410746109,1,"IOTHUB_CLIENT_CONFIRMATION_OK"
19888,10410746262,10410746305,1,"IOTHUB_CLIENT_CONFIRMATION_OK"
19889,10410746463,10410746503,1,"IOTHUB_CLIENT_CONFIRMATION_OK"
19890,10410746663,10410746716,1,"IOTHUB_CLIENT_CONFIRMATION_OK"
19891,10410746863,10410746919,1,"IOTHUB_CLIENT_CONFIRMATION_OK"
19892,10410747063,10410747104,1,"IOTHUB_CLIENT_CONFIRMATION_OK"
19893,10410747263,10410747407,1,"IOTHUB_CLIENT_CONFIRMATION_OK"
19894,10410747463,10410747506,1,"IOTHUB_CLIENT_CONFIRMATION_OK"
19895,10410747664,10410747744,1,"IOTHUB_CLIENT_CONFIRMATION_OK"
19896,10410747864,10410748016,1,"IOTHUB_CLIENT_CONFIRMATION_OK"
19897,10410748064,10410748112,1,"IOTHUB_CLIENT_CONFIRMATION_OK"
19898,10410748264,10410748314,1,"IOTHUB_CLIENT_CONFIRMATION_OK"
19899,10410748464,10410748508,1,"IOTHUB_CLIENT_CONFIRMATION_OK"
19900,10410748664,10410748712,1,"IOTHUB_CLIENT_CONFIRMATION_OK"
19901,10410748864,10410748918,1,"IOTHUB_CLIENT_CONFIRMATION_OK"
19902,10410749065,10410749109,1,"IOTHUB_CLIENT_CONFIRMATION_OK"
19903,10410749265,10410749322,1,"IOTHUB_CLIENT_CONFIRMATION_OK"
19904,10410749465,10410749512,1,"IOTHUB_CLIENT_CONFIRMATION_OK"
19905,10410749665,10410749713,1,"IOTHUB_CLIENT_CONFIRMATION_OK"
19906,10410749865,10410749910,1,"IOTHUB_CLIENT_CONFIRMATION_OK"
19907,10410750065,10410750266,1,"IOTHUB_CLIENT_CONFIRMATION_OK"
19908,10410750265,10410750306,1,"IOTHUB_CLIENT_CONFIRMATION_OK"
19909,10410750466,10410750845,1,"IOTHUB_CLIENT_CONFIRMATION_OK"
19910,10410750666,10410750939,1,"IOTHUB_CLIENT_CONFIRMATION_OK"
19911,10410750866,10410751028,1,"IOTHUB_CLIENT_CONFIRMATION_OK"
19912,10410751066,10410751132,1,"IOTHUB_CLIENT_CONFIRMATION_OK"
19913,10410751266,10410751342,1,"IOTHUB_CLIENT_CONFIRMATION_OK"
19914,10410751466,10410751517,1,"IOTHUB_CLIENT_CONFIRMATION_OK"
19915,10410751667,10410751715,1,"IOTHUB_CLIENT_CONFIRMATION_OK"
19916,10410751867,10410751962,1,"IOTHUB_CLIENT_CONFIRMATION_OK"
19917,10410752067,10410752117,1,"IOTHUB_CLIENT_CONFIRMATION_OK"
19918,10410752267,10410752348,1,"IOTHUB_CLIENT_CONFIRMATION_OK"
19919,10410752467,10410752512,1,"IOTHUB_CLIENT_CONFIRMATION_OK"
19920,10410752667,10410752776,1,"IOTHUB_CLIENT_CONFIRMATION_OK"
19921,10410752867,10410752964,1,"IOTHUB_CLIENT_CONFIRMATION_OK"
19922,10410753068,10410753107,1,"IOTHUB_CLIENT_CONFIRMATION_OK"
19923,10410753268,10410753325,1,"IOTHUB_CLIENT_CONFIRMATION_OK"
19924,10410753468,10410753561,1,"IOTHUB_CLIENT_CONFIRMATION_OK"
19925,10410753668,10410753726,1,"IOTHUB_CLIENT_CONFIRMATION_OK"
19926,10410753868,10410753918,1,"IOTHUB_CLIENT_CONFIRMATION_OK"
19927,10410754069,10410754133,1,"IOTHUB_CLIENT_CONFIRMATION_OK"
19928,10410754269,10410754312,1,"IOTHUB_CLIENT_CONFIRMATION_OK"
19929,10410754469,10410754520,1,"IOTHUB_CLIENT_CONFIRMATION_OK"
19930,10410754669,10410754709,1,"IOTHUB_CLIENT_CONFIRMATION_OK"
19931,10410754869,10410754917,1,"IOTHUB_CLIENT_CONFIRMATION_OK"
19932,10410755069,10410755196,1,"IOTHUB_CLIENT_CONFIRMATION_OK"
19933,10410755269,10410755320,1,"IOTHUB_CLIENT_CONFIRMATION_OK"
19934,10410755470,10410755548,1,"IOTHUB_CLIENT_CONFIRMATION_OK"
19935,10410755670,10410755730,1,"IOTHUB_CLIENT_CONFIRMATION_OK"
19936,10410755870,10410755930,1,"IOTHUB_CLIENT_CONFIRMATION_OK"
19937,10410756070,10410756118,1,"IOTHUB_CLIENT_CONFIRMATION_OK"
19938,10410756270,10410756334,1,"IOTHUB_CLIENT_CONFIRMATION_OK"
19939,10410756470,10410756513,1,"IOTHUB_CLIENT_CONFIRMATION_OK"
19940,10410756670,10410756720,1,"IOTHUB_CLIENT_CONFIRMATION_OK"
19941,10410756871,10410756916,1,"IOTHUB_CLIENT_CONFIRMATION_OK"
19942,10410757071,10410757116,1,"IOTHUB_CLIENT_CONFIRMATION_OK"
19943,10410757271,10410757465,1,"IOTHUB_CLIENT_CONFIRMATION_OK"
19944,10410757471,10410757515,1,"IOTHUB_CLIENT_CONFIRMATION_OK"
19945,10410757671,10410757730,1,"IOTHUB_CLIENT_CONFIRMATION_OK"
19946,10410757871,10410757925,1,"IOTHUB_CLIENT_CONFIRMATION_OK"
19947,10410758072,10410758114,1,"IOTHUB_CLIENT_CONFIRMATION_OK"
19948,10410758272,10410758345,1,"IOTHUB_CLIENT_CONFIRMATION_OK"
19949,10410758472,10410758518,1,"IOTHUB_CLIENT_CONFIRMATION_OK"
19950,10410758672,10410758726,1,"IOTHUB_CLIENT_CONFIRMATION_OK"
19951,10410758872,10410758938,1,"IOTHUB_CLIENT_CONFIRMATION_OK"
19952,10410759072,10410759115,1,"IOTHUB_CLIENT_CONFIRMATION_OK"
19953,10410759272,10410759324,1,"IOTHUB_CLIENT_CONFIRMATION_OK"
19954,10410759473,10410759516,1,"IOTHUB_CLIENT_CONFIRMATION_OK"
19955,10410759673,10410759723,1,"IOTHUB_CLIENT_CONFIRMATION_OK"
19956,10410759873,10410759922,1,"IOTHUB_CLIENT_CONFIRMATION_OK"
19957,10410760073,10410760140,1,"IOTHUB_CLIENT_CONFIRMATION_OK"
19958,10410760273,10410760314,1,"IOTHUB_CLIENT_CONFIRMATION_OK"
19959,10410760473,10410760524,1,"IOTHUB_CLIENT_CONFIRMATION_OK"
19960,10410760674,10410760743,1,"IOTHUB_CLIENT_CONFIRMATION_OK"
19961,10410760874,10410760918,1,"IOTHUB_CLIENT_CONFIRMATION_OK"
19962,10410761074,10410761120,1,"IOTHUB_CLIENT_CONFIRMATION_OK"
19963,10410761274,10410761467,1,"IOTHUB_CLIENT_CONFIRMATION_OK"
19964,10410761474,10410761662,1,"IOTHUB_CLIENT_CONFIRMATION_OK"
19965,10410761674,10410761710,1,"IOTHUB_CLIENT_CONFIRMATION_OK"
19966,10410761874,10410761921,1,"IOTHUB_CLIENT_CONFIRMATION_OK"
19967,10410762075,10410762123,1,"IOTHUB_CLIENT_CONFIRMATION_OK"
19968,10410762275,10410762360,1,"IOTHUB_CLIENT_CONFIRMATION_OK"
19969,10410762475,10410762562,1,"IOTHUB_CLIENT_CONFIRMATION_OK"
19970,10410762675,10410762789,1,"IOTHUB_CLIENT_CONFIRMATION_OK"
19971,10410762875,10410762963,1,"IOTHUB_CLIENT_CONFIRMATION_OK"
19972,10410763075,10410763128,1,"IOTHUB_CLIENT_CONFIRMATION_OK"
19973,10410763275,10410763315,1,"IOTHUB_CLIENT_CONFIRMATION_OK"
19974,10410763476,10410763597,1,"IOTHUB_CLIENT_CONFIRMATION_OK"
19975,10410763676,10410763746,1,"IOTHUB_CLIENT_CONFIRMATION_OK"
19976,10410763876,10410763924,1,"IOTHUB_CLIENT_CONFIRMATION_OK"
19977,10410764076,10410764137,1,"IOTHUB_CLIENT_CONFIRMATION_OK"
19978,10410764276,10410764321,1,"IOTHUB_CLIENT_CONFIRMATION_OK"
19979,10410764476,10410764590,1,"IOTHUB_CLIENT_CONFIRMATION_OK"
19980,10410764677,10410764715,1,"IOTHUB_CLIENT_CONFIRMATION_OK"
19981,10410764877,10410764938,1,"IOTHUB_CLIENT_CONFIRMATION_OK"
19982,10410765077,10410765224,1,"IOTHUB_CLIENT_CONFIRMATION_OK"
19983,10410765277,10410765314,1,"IOTHUB_CLIENT_CONFIRMATION_OK"
19984,10410765477,10410765520,1,"IOTHUB_CLIENT_CONFIRMATION_OK"
19985,10410765677,10410765831,1,"IOTHUB_CLIENT_CONFIRMATION_OK"
19986,10410765877,10410765938,1,"IOTHUB_CLIENT_CONFIRMATION_OK"
19987,10410766078,10410766134,1,"IOTHUB_CLIENT_CONFIRMATION_OK"
19988,10410766278,10410766334,1,"IOTHUB_CLIENT_CONFIRMATION_OK"
19989,10410766478,10410766522,1,"IOTHUB_CLIENT_CONFIRMATION_OK"
19990,10410766678,10410766753,1,"IOTHUB_CLIENT_CONFIRMATION_OK"
19991,10410766878,10410766931,1,"IOTHUB_CLIENT_CONFIRMATION_OK"
19992,10410767078,10410767124,1,"IOTHUB_CLIENT_CONFIRMATION_OK"
19993,10410767279,10410767444,1,"IOTHUB_CLIENT_CONFIRMATION_OK"
19994,10410767479,10410767605,1,"IOTHUB_CLIENT_CONFIRMATION_OK"
19995,10410767679,10410767720,1,"IOTHUB_CLIENT_CONFIRMATION_OK"
19996,10410767879,10410767942,1,"IOTHUB_CLIENT_CONFIRMATION_OK"
19997,10410768079,10410768154,1,"IOTHUB_CLIENT_CONFIRMATION_OK"
19998,10410768279,10410768353,1,"IOTHUB_CLIENT_CONFIRMATION_OK"
19999,10410768480,10410768625,1,"IOTHUB_CLIENT_CONFIRMATION_OK"
20000,10410768680,10410768716,1,"IOTHUB_CLIENT_CONFIRMATION_OK"
20001,10410768880,10410768927,1,"IOTHUB_CLIENT_CONFIRMATION_OK"
20002,10410769080,10410769121,1,"IOTHUB_CLIENT_CONFIRMATION_OK"
20003,10410769280,10410769321,1,"IOTHUB_CLIENT_CONFIRMATION_OK"
20004,10410769480,10410769543,1,"IOTHUB_CLIENT_CONFIRMATION_OK"
20005,10410769680,10410769725,1,"IOTHUB_CLIENT_CONFIRMATION_OK"
20006,10410769881,10410769947,1,"IOTHUB_CLIENT_CONFIRMATION_OK"
20007,10410770081,10410770140,1,"IOTHUB_CLIENT_CONFIRMATION_OK"
20008,10410770281,10410770354,1,"IOTHUB_CLIENT_CONFIRMATION_OK"
20009,10410770481,10410770556,1,"IOTHUB_CLIENT_CONFIRMATION_OK"
20010,10410770681,10410770717,1,"IOTHUB_CLIENT_CONFIRMATION_OK"
20011,10410770881,10410770932,1,"IOTHUB_CLIENT_CONFIRMATION_OK"
20012,10410771081,10410771142,1,"IOTHUB_CLIENT_CONFIRMATION_OK"
20013,10410771282,10410771323,1,"IOTHUB_CLIENT_CONFIRMATION_OK"
20014,10410771482,10410771522,1,"IOTHUB_CLIENT_CONFIRMATION_OK"
20015,10410771682,10410771734,1,"IOTHUB_CLIENT_CONFIRMATION_OK"
20016,10410771882,10410771953,1,"IOTHUB_CLIENT_CONFIRMATION_OK"
20017,10410772082,10410772127,1,"IOTHUB_CLIENT_CONFIRMATION_OK"
20018,10410772282,10410772344,1,"IOTHUB_CLIENT_CONFIRMATION_OK"
20019,10410772483,10410772594,1,"IOTHUB_CLIENT_CONFIRMATION_OK"
20020,10410772683,10410772730,1,"IOTHUB_CLIENT_CONFIRMATION_OK"
20021,10410772883,10410772950,1,"IOTHUB_CLIENT_CONFIRMATION_OK"
20022,10410773083,10410773132,1,"IOTHUB_CLIENT_CONFIRMATION_OK"
20023,10410773283,10410773346,1,"IOTHUB_CLIENT_CONFIRMATION_OK"
20024,10410773483,10410773564,1,"IOTHUB_CLIENT_CONFIRMATION_OK"
20025,10410773683,10410773737,1,"IOTHUB_CLIENT_CONFIRMATION_OK"
20026,10410773884,10410773938,1,"IOTHUB_CLIENT_CONFIRMATION_OK"
20027,10410774084,10410774165,1,"IOTHUB_CLIENT_CONFIRMATION_OK"
20028,10410774284,10410774352,1,"IOTHUB_CLIENT_CONFIRMATION_OK"
20029,10410774484,10410774565,1,"IOTHUB_CLIENT_CONFIRMATION_OK"
20030,10410774684,10410774766,1,"IOTHUB_CLIENT_CONFIRMATION_OK"
20031,10410774884,10410774935,1,"IOTHUB_CLIENT_CONFIRMATION_OK"
20032,10410775085,10410775190,1,"IOTHUB_CLIENT_CONFIRMATION_OK"
20033,10410775285,10410775327,1,"IOTHUB_CLIENT_CONFIRMATION_OK"
20034,10410775485,10410775529,1,"IOTHUB_CLIENT_CONFIRMATION_OK"
20035,10410775685,10410775787,1,"IOTHUB_CLIENT_CONFIRMATION_OK"
20036,10410775885,10410775922,1,"IOTHUB_CLIENT_CONFIRMATION_OK"
20037,10410776085,10410776147,1,"IOTHUB_CLIENT_CONFIRMATION_OK"
20038,10410776285,10410776331,1,"IOTHUB_CLIENT_CONFIRMATION_OK"
20039,10410776486,10410776548,1,"IOTHUB_CLIENT_CONFIRMATION_OK"
20040,10410776686,10410776725,1,"IOTHUB_CLIENT_CONFIRMATION_OK"
20041,10410776886,10410776971,1,"IOTHUB_CLIENT_CONFIRMATION_OK"
20042,10410777086,10410777130,1,"IOTHUB_CLIENT_CONFIRMATION_OK"
20043,10410777286,10410777427,1,"IOTHUB_CLIENT_CONFIRMATION_OK"
20044,10410777486,10410777539,1,"IOTHUB_CLIENT_CONFIRMATION_OK"
20045,10410777687,10410777740,1,"IOTHUB_CLIENT_CONFIRMATION_OK"
20046,10410777887,10410778032,1,"IOTHUB_CLIENT_CONFIRMATION_OK"
20047,10410778087,10410778146,1,"IOTHUB_CLIENT_CONFIRMATION_OK"
20048,10410778287,10410778339,1,"IOTHUB_CLIENT_CONFIRMATION_OK"
20049,10410778487,10410778554,1,"IOTHUB_CLIENT_CONFIRMATION_OK"
20050,10410778687,10410778737,1,"IOTHUB_CLIENT_CONFIRMATION_OK"
20051,10410778887,10410778975,1,"IOTHUB_CLIENT_CONFIRMATION_OK"
20052,10410779088,10410779126,1,"IOTHUB_CLIENT_CONFIRMATION_OK"
20053,10410779288,10410779329,1,"IOTHUB_CLIENT_CONFIRMATION_OK"
20054,10410779488,10410779598,1,"IOTHUB_CLIENT_CONFIRMATION_OK"
20055,10410779688,10410779733,1,"IOTHUB_CLIENT_CONFIRMATION_OK"
20056,10410779888,10410779939,1,"IOTHUB_CLIENT_CONFIRMATION_OK"
20057,10410780088,10410780259,1,"IOTHUB_CLIENT_CONFIRMATION_OK"
20058,10410780289,10410780375,1,"IOTHUB_CLIENT_CONFIRMATION_OK"
20059,10410780489,10410780539,1,"IOTHUB_CLIENT_CONFIRMATION_OK"
20060,10410780689,10410780736,1,"IOTHUB_CLIENT_CONFIRMATION_OK"
20061,10410780889,10410780932,1,"IOTHUB_CLIENT_CONFIRMATION_OK"
20062,10410781089,10410781138,1,"IOTHUB_CLIENT_CONFIRMATION_OK"
20063,10410781289,10410781335,1,"IOTHUB_CLIENT_CONFIRMATION_OK"
20064,10410781490,10410781540,1,"IOTHUB_CLIENT_CONFIRMATION_OK"
20065,10410781690,10410781744,1,"IOTHUB_CLIENT_CONFIRMATION_OK"
20066,10410781890,10410781948,1,"IOTHUB_CLIENT_CONFIRMATION_OK"
20067,10410782090,10410782137,1,"IOTHUB_CLIENT_CONFIRMATION_OK"
20068,10410782290,10410782524,1,"IOTHUB_CLIENT_CONFIRMATION_OK"
20069,10410782490,10410782563,1,"IOTHUB_CLIENT_CONFIRMATION_OK"
20070,10410782691,10410782752,1,"IOTHUB_CLIENT_CONFIRMATION_OK"
20071,10410782891,10410782951,1,"IOTHUB_CLIENT_CONFIRMATION_OK"
20072,10410783091,10410783144,1,"IOTHUB_CLIENT_CONFIRMATION_OK"
20073,10410783291,10410783350,1,"IOTHUB_CLIENT_CONFIRMATION_OK"
20074,10410783491,10410783564,1,"IOTHUB_CLIENT_CONFIRMATION_OK"
20075,10410783691,10410783801,1,"IOTHUB_CLIENT_CONFIRMATION_OK"
20076,10410783891,10410783936,1,"IOTHUB_CLIENT_CONFIRMATION_OK"
20077,10410784092,10410784145,1,"IOTHUB_CLIENT_CONFIRMATION_OK"
20078,10410784292,10410784329,1,"IOTHUB_CLIENT_CONFIRMATION_OK"
20079,10410784492,10410784593,1,"IOTHUB_CLIENT_CONFIRMATION_OK"
20080,10410784692,10410784737,1,"IOTHUB_CLIENT_CONFIRMATION_OK"
20081,10410784892,10410784933,1,"IOTHUB_CLIENT_CONFIRMATION_OK"
20082,10410785092,10410785171,1,"IOTHUB_CLIENT_CONFIRMATION_OK"
20083,10410785293,10410785430,1,"IOTHUB_CLIENT_CONFIRMATION_OK"
20084,10410785493,10410785545,1,"IOTHUB_CLIENT_CONFIRMATION_OK"
20085,10410785693,10410785794,1,"IOTHUB_CLIENT_CONFIRMATION_OK"
20086,10410785893,10410785987,1,"IOTHUB_CLIENT_CONFIRMATION_OK"
20087,10410786093,10410786145,1,"IOTHUB_CLIENT_CONFIRMATION_OK"
20088,10410786293,10410786408,1,"IOTHUB_CLIENT_CONFIRMATION_OK"
20089,10410786494,10410786533,1,"IOTHUB_CLIENT_CONFIRMATION_OK"
20090,10410786694,10410786743,1,"IOTHUB_CLIENT_CONFIRMATION_OK"
20091,10410786894,10410786935,1,"IOTHUB_CLIENT_CONFIRMATION_OK"
20092,10410787094,10410787139,1,"IOTHUB_CLIENT_CONFIRMATION_OK"
20093,10410787294,10410787520,1,"IOTHUB_CLIENT_CONFIRMATION_OK"
20094,10410787494,10410787556,1,"IOTHUB_CLIENT_CONFIRMATION_OK"
20095,10410787694,10410787754,1,"IOTHUB_CLIENT_CONFIRMATION_OK"
20096,10410787895,10410787942,1,"IOTHUB_CLIENT_CONFIRMATION_OK"
20097,10410788095,10410788433,1,"IOTHUB_CLIENT_CONFIRMATION_OK"
20098,10410788295,10410788536,1,"IOTHUB_CLIENT_CONFIRMATION_OK"
20099,10410788495,10410788597,1,"IOTHUB_CLIENT_CONFIRMATION_OK"
20100,10410788695,10410788743,1,"IOTHUB_CLIENT_CONFIRMATION_OK"
20101,10410788895,10410788941,1,"IOTHUB_CLIENT_CONFIRMATION_OK"
20102,10410789096,10410789155,1,"IOTHUB_CLIENT_CONFIRMATION_OK"
20103,10410789296,10410789328,1,"IOTHUB_CLIENT_CONFIRMATION_OK"
20104,10410789496,10410789551,1,"IOTHUB_CLIENT_CONFIRMATION_OK"
20105,10410789696,10410789768,1,"IOTHUB_CLIENT_CONFIRMATION_OK"
20106,10410789896,10410789944,1,"IOTHUB_CLIENT_CONFIRMATION_OK"
20107,10410790096,10410790297,1,"IOTHUB_CLIENT_CONFIRMATION_OK"
20108,10410790296,10410790370,1,"IOTHUB_CLIENT_CONFIRMATION_OK"
20109,10410790497,10410790571,1,"IOTHUB_CLIENT_CONFIRMATION_OK"
20110,10410790697,10410790803,1,"IOTHUB_CLIENT_CONFIRMATION_OK"
20111,10410790897,10410790962,1,"IOTHUB_CLIENT_CONFIRMATION_OK"
20112,10410791097,10410791143,1,"IOTHUB_CLIENT_CONFIRMATION_OK"
20113,10410791297,10410791391,1,"IOTHUB_CLIENT_CONFIRMATION_OK"
20114,10410791497,10410791537,1,"IOTHUB_CLIENT_CONFIRMATION_OK"
20115,10410791698,10410791735,1,"IOTHUB_CLIENT_CONFIRMATION_OK"
20116,10410791898,10410791951,1,"IOTHUB_CLIENT_CONFIRMATION_OK"
20117,10410792098,10410792152,1,"IOTHUB_CLIENT_CONFIRMATION_OK"
20118,10410792298,10410792532,1,"IOTHUB_CLIENT_CONFIRMATION_OK"
20119,10410792498,10410792588,1,"IOTHUB_CLIENT_CONFIRMATION_OK"
20120,10410792698,10410792740,1,"IOTHUB_CLIENT_CONFIRMATION_OK"
20121,10410792898,10410792949,1,"IOTHUB_CLIENT_CONFIRMATION_OK"
20122,10410793099,10410793179,1,"IOTHUB_CLIENT_CONFIRMATION_OK"
20123,10410793299,10410793351,1,"IOTHUB_CLIENT_CONFIRMATION_OK"
20124,10410793499,10410793554,1,"IOTHUB_CLIENT_CONFIRMATION_OK"
20125,10410793699,10410793749,1,"IOTHUB_CLIENT_CONFIRMATION_OK"
20126,10410793899,10410793946,1,"IOTHUB_CLIENT_CONFIRMATION_OK"
20127,10410794099,10410794191,1,"IOTHUB_CLIENT_CONFIRMATION_OK"
20128,10410794300,10410794349,1,"IOTHUB_CLIENT_CONFIRMATION_OK"
20129,10410794500,10410794543,1,"IOTHUB_CLIENT_CONFIRMATION_OK"
20130,10410794700,10410794737,1,"IOTHUB_CLIENT_CONFIRMATION_OK"
20131,10410794900,10410794951,1,"IOTHUB_CLIENT_CONFIRMATION_OK"
20132,10410795100,10410795164,1,"IOTHUB_CLIENT_CONFIRMATION_OK"
20133,10410795300,10410795353,1,"IOTHUB_CLIENT_CONFIRMATION_OK"
20134,10410795500,10410795559,1,"IOTHUB_CLIENT_CONFIRMATION_OK"
20135,10410795701,10410795766,1,"IOTHUB_CLIENT_CONFIRMATION_OK"
20136,10410795901,10410795966,1,"IOTHUB_CLIENT_CONFIRMATION_OK"
20137,10410796101,10410796169,1,"IOTHUB_CLIENT_CONFIRMATION_OK"
20138,10410796301,10410796421,1,"IOTHUB_CLIENT_CONFIRMATION_OK"
20139,10410796501,10410796564,1,"IOTHUB_CLIENT_CONFIRMATION_OK"
20140,10410796701,10410796747,1,"IOTHUB_CLIENT_CONFIRMATION_OK"
20141,10410796902,10410796937,1,"IOTHUB_CLIENT_CONFIRMATION_OK"
20142,10410797102,10410797144,1,"IOTHUB_CLIENT_CONFIRMATION_OK"
20143,10410797302,10410797429,1,"IOTHUB_CLIENT_CONFIRMATION_OK"
20144,10410797502,10410797575,1,"IOTHUB_CLIENT_CONFIRMATION_OK"
20145,10410797702,10410797764,1,"IOTHUB_CLIENT_CONFIRMATION_OK"
20146,10410797902,10410798068,1,"IOTHUB_CLIENT_CONFIRMATION_OK"
20147,10410798102,10410798155,1,"IOTHUB_CLIENT_CONFIRMATION_OK"
20148,10410798303,10410798380,1,"IOTHUB_CLIENT_CONFIRMATION_OK"
20149,10410798503,10410798584,1,"IOTHUB_CLIENT_CONFIRMATION_OK"
20150,10410798703,10410798759,1,"IOTHUB_CLIENT_CONFIRMATION_OK"
20151,10410798903,10410798953,1,"IOTHUB_CLIENT_CONFIRMATION_OK"
20152,10410799103,10410799151,1,"IOTHUB_CLIENT_CONFIRMATION_OK"
20153,10410799303,10410799336,1,"IOTHUB_CLIENT_CONFIRMATION_OK"
20154,10410799504,10410799548,1,"IOTHUB_CLIENT_CONFIRMATION_OK"
20155,10410799704,10410799766,1,"IOTHUB_CLIENT_CONFIRMATION_OK"
20156,10410799904,10410799956,1,"IOTHUB_CLIENT_CONFIRMATION_OK"
20157,10410800104,10410800320,1,"IOTHUB_CLIENT_CONFIRMATION_OK"
20158,10410800304,10410800400,1,"IOTHUB_CLIENT_CONFIRMATION_OK"
20159,10410800504,10410800594,1,"IOTHUB_CLIENT_CONFIRMATION_OK"
20160,10410800704,10410800759,1,"IOTHUB_CLIENT_CONFIRMATION_OK"
20161,10410800905,10410800993,1,"IOTHUB_CLIENT_CONFIRMATION_OK"
20162,10410801105,10410801157,1,"IOTHUB_CLIENT_CONFIRMATION_OK"
20163,10410801305,10410801355,1,"IOTHUB_CLIENT_CONFIRMATION_OK"
20164,10410801505,10410801563,1,"IOTHUB_CLIENT_CONFIRMATION_OK"
20165,10410801705,10410801785,1,"IOTHUB_CLIENT_CONFIRMATION_OK"
20166,10410801905,10410801964,1,"IOTHUB_CLIENT_CONFIRMATION_OK"
20167,10410802105,10410802187,1,"IOTHUB_CLIENT_CONFIRMATION_OK"
20168,10410802306,10410802345,1,"IOTHUB_CLIENT_CONFIRMATION_OK"
20169,10410802506,10410802550,1,"IOTHUB_CLIENT_CONFIRMATION_OK"
20170,10410802706,10410802768,1,"IOTHUB_CLIENT_CONFIRMATION_OK"
20171,10410802906,10410803020,1,"IOTHUB_CLIENT_CONFIRMATION_OK"
20172,10410803106,10410803163,1,"IOTHUB_CLIENT_CONFIRMATION_OK"
20173,10410803306,10410803355,1,"IOTHUB_CLIENT_CONFIRMATION_OK"
20174,10410803507,10410803612,1,"IOTHUB_CLIENT_CONFIRMATION_OK"
20175,10410803707,10410803831,1,"IOTHUB_CLIENT_CONFIRMATION_OK"
20176,10410803907,10410803967,1,"IOTHUB_CLIENT_CONFIRMATION_OK"
20177,10410804107,10410804166,1,"IOTHUB_CLIENT_CONFIRMATION_OK"
20178,10410804307,10410804351,1,"IOTHUB_CLIENT_CONFIRMATION_OK"
20179,10410804507,10410804550,1,"IOTHUB_CLIENT_CONFIRMATION_OK"
20180,10410804707,10410804794,1,"IOTHUB_CLIENT_CONFIRMATION_OK"
20181,10410804908,10410804944,1,"IOTHUB_CLIENT_CONFIRMATION_OK"
20182,10410805108,10410805273,1,"IOTHUB_CLIENT_CONFIRMATION_OK"
20183,10410805308,10410805349,1,"IOTHUB_CLIENT_CONFIRMATION_OK"
20184,10410805508,10410805557,1,"IOTHUB_CLIENT_CONFIRMATION_OK"
20185,10410805708,10410805764,1,"IOTHUB_CLIENT_CONFIRMATION_OK"
20186,10410805908,10410805948,1,"IOTHUB_CLIENT_CONFIRMATION_OK"
20187,10410806109,10410806169,1,"IOTHUB_CLIENT_CONFIRMATION_OK"
20188,10410806309,10410806373,1,"IOTHUB_CLIENT_CONFIRMATION_OK"
20189,10410806509,10410806565,1,"IOTHUB_CLIENT_CONFIRMATION_OK"
20190,10410806709,10410806752,1,"IOTHUB_CLIENT_CONFIRMATION_OK"
20191,10410806909,10410806978,1,"IOTHUB_CLIENT_CONFIRMATION_OK"
20192,10410807109,10410807146,1,"IOTHUB_CLIENT_CONFIRMATION_OK"
20193,10410807309,10410807383,1,"IOTHUB_CLIENT_CONFIRMATION_OK"
20194,10410807510,10410807595,1,"IOTHUB_CLIENT_CONFIRMATION_OK"
20195,10410807710,10410807758,1,"IOTHUB_CLIENT_CONFIRMATION_OK"
20196,10410807910,10410808026,1,"IOTHUB_CLIENT_CONFIRMATION_OK"
20197,10410808110,10410808170,1,"IOTHUB_CLIENT_CONFIRMATION_OK"
20198,10410808310,10410808351,1,"IOTHUB_CLIENT_CONFIRMATION_OK"
20199,10410808510,10410808690,1,"IOTHUB_CLIENT_CONFIRMATION_OK"
20200,10410808710,10410808785,1,"IOTHUB_CLIENT_CONFIRMATION_OK"
20201,10410808911,10410808977,1,"IOTHUB_CLIENT_CONFIRMATION_OK"
20202,10410809111,10410809155,1,"IOTHUB_CLIENT_CONFIRMATION_OK"
20203,10410809311,10410809354,1,"IOTHUB_CLIENT_CONFIRMATION_OK"
20204,10410809511,10410809545,1,"IOTHUB_CLIENT_CONFIRMATION_OK"
20205,10410809711,10410809766,1,"IOTHUB_CLIENT_CONFIRMATION_OK"
20206,10410809911,10410809950,1,"IOTHUB_CLIENT_CONFIRMATION_OK"
20207,10410810112,10410810261,1,"IOTHUB_CLIENT_CONFIRMATION_OK"
20208,10410810312,10410810363,1,"IOTHUB_CLIENT_CONFIRMATION_OK"
20209,10410810512,10410810557,1,"IOTHUB_CLIENT_CONFIRMATION_OK"
20210,10410810712,10410810748,1,"IOTHUB_CLIENT_CONFIRMATION_OK"
20211,10410810912,10410811048,1,"IOTHUB_CLIENT_CONFIRMATION_OK"
20212,10410811112,10410811148,1,"IOTHUB_CLIENT_CONFIRMATION_OK"
20213,10410811313,10410811379,1,"IOTHUB_CLIENT_CONFIRMATION_OK"
20214,10410811513,10410811556,1,"IOTHUB_CLIENT_CONFIRMATION_OK"
20215,10410811713,10410811760,1,"IOTHUB_CLIENT_CONFIRMATION_OK"
20216,10410811913,10410811958,1,"IOTHUB_CLIENT_CONFIRMATION_OK"
20217,10410812113,10410812166,1,"IOTHUB_CLIENT_CONFIRMATION_OK"
20218,10410812313,10410812486,1,"IOTHUB_CLIENT_CONFIRMATION_OK"
20219,10410812513,10410812590,1,"IOTHUB_CLIENT_CONFIRMATION_OK"
20220,10410812714,10410812756,1,"IOTHUB_CLIENT_CONFIRMATION_OK"
20221,10410812914,10410812976,1,"IOTHUB_CLIENT_CONFIRMATION_OK"
20222,10410813114,10410813241,1,"IOTHUB_CLIENT_CONFIRMATION_OK"
20223,10410813314,10410813386,1,"IOTHUB_CLIENT_CONFIRMATION_OK"
20224,10410813514,10410813565,1,"IOTHUB_CLIENT_CONFIRMATION_OK"
20225,10410813714,10410813761,1,"IOTHUB_CLIENT_CONFIRMATION_OK"
20226,10410813915,10410813975,1,"IOTHUB_CLIENT_CONFIRMATION_OK"
20227,10410814115,10410814253,1,"IOTHUB_CLIENT_CONFIRMATION_OK"
20228,10410814315,10410814357,1,"IOTHUB_CLIENT_CONFIRMATION_OK"
20229,10410814515,10410814556,1,"IOTHUB_CLIENT_CONFIRMATION_OK"
20230,10410814715,10410814770,1,"IOTHUB_CLIENT_CONFIRMATION_OK"
20231,10410814915,10410814964,1,"IOTHUB_CLIENT_CONFIRMATION_OK"
20232,10410815116,10410815182,1,"IOTHUB_CLIENT_CONFIRMATION_OK"
20233,10410815316,10410815357,1,"IOTHUB_CLIENT_CONFIRMATION_OK"
20234,10410815516,10410815585,1,"IOTHUB_CLIENT_CONFIRMATION_OK"
20235,10410815716,10410815761,1,"IOTHUB_CLIENT_CONFIRMATION_OK"
20236,10410815916,10410815968,1,"IOTHUB_CLIENT_CONFIRMATION_OK"
20237,10410816116,10410816190,1,"IOTHUB_CLIENT_CONFIRMATION_OK"
20238,10410816316,10410816378,1,"IOTHUB_CLIENT_CONFIRMATION_OK"
20239,10410816517,10410816565,1,"IOTHUB_CLIENT_CONFIRMATION_OK"
20240,10410816717,10410816781,1,"IOTHUB_CLIENT_CONFIRMATION_OK"
20241,10410816917,10410816985,1,"IOTHUB_CLIENT_CONFIRMATION_OK"
20242,10410817117,10410817157,1,"IOTHUB_CLIENT_CONFIRMATION_OK"
20243,10410817317,10410817384,1,"IOTHUB_CLIENT_CONFIRMATION_OK"
20244,10410817517,10410817558,1,"IOTHUB_CLIENT_CONFIRMATION_OK"
20245,10410817718,10410817764,1,"IOTHUB_CLIENT_CONFIRMATION_OK"
20246,10410817918,10410818038,1,"IOTHUB_CLIENT_CONFIRMATION_OK"
20247,10410818118,10410818162,1,"IOTHUB_CLIENT_CONFIRMATION_OK"
20248,10410818318,10410818358,1,"IOTHUB_CLIENT_CONFIRMATION_OK"
20249,10410818518,10410818621,1,"IOTHUB_CLIENT_CONFIRMATION_OK"
20250,10410818718,10410818783,1,"IOTHUB_CLIENT_CONFIRMATION_OK"
20251,10410818918,10410818974,1,"IOTHUB_CLIENT_CONFIRMATION_OK"
20252,10410819119,10410819167,1,"IOTHUB_CLIENT_CONFIRMATION_OK"
20253,10410819319,10410819375,1,"IOTHUB_CLIENT_CONFIRMATION_OK"
20254,10410819519,10410819568,1,"IOTHUB_CLIENT_CONFIRMATION_OK"
20255,10410819719,10410819768,1,"IOTHUB_CLIENT_CONFIRMATION_OK"
20256,10410819919,10410819963,1,"IOTHUB_CLIENT_CONFIRMATION_OK"
20257,10410820119,10410820236,1,"IOTHUB_CLIENT_CONFIRMATION_OK"
20258,10410820319,10410820391,1,"IOTHUB_CLIENT_CONFIRMATION_OK"
20259,10410820520,10410820558,1,"IOTHUB_CLIENT_CONFIRMATION_OK"
20260,10410820720,10410820861,1,"IOTHUB_CLIENT_CONFIRMATION_OK"
20261,10410820920,10410821000,1,"IOTHUB_CLIENT_CONFIRMATION_OK"
20262,10410821120,10410821159,1,"IOTHUB_CLIENT_CONFIRMATION_OK"
20263,10410821320,10410821380,1,"IOTHUB_CLIENT_CONFIRMATION_OK"
20264,10410821520,10410821587,1,"IOTHUB_CLIENT_CONFIRMATION_OK"
20265,10410821721,10410821852,1,"IOTHUB_CLIENT_CONFIRMATION_OK"
20266,10410821921,10410821972,1,"IOTHUB_CLIENT_CONFIRMATION_OK"
20267,10410822121,10410822162,1,"IOTHUB_CLIENT_CONFIRMATION_OK"
20268,10410822321,10410822474,1,"IOTHUB_CLIENT_CONFIRMATION_OK"
20269,10410822521,10410822570,1,"IOTHUB_CLIENT_CONFIRMATION_OK"
20270,10410822721,10410822817,1,"IOTHUB_CLIENT_CONFIRMATION_OK"
20271,10410822921,10410823094,1,"IOTHUB_CLIENT_CONFIRMATION_OK"
20272,10410823122,10410823171,1,"IOTHUB_CLIENT_CONFIRMATION_OK"
20273,10410823322,10410823364,1,"IOTHUB_CLIENT_CONFIRMATION_OK"
20274,10410823522,10410823588,1,"IOTHUB_CLIENT_CONFIRMATION_OK"
20275,10410823722,10410823860,1,"IOTHUB_CLIENT_CONFIRMATION_OK"
20276,10410823922,10410823979,1,"IOTHUB_CLIENT_CONFIRMATION_OK"
20277,10410824122,10410824200,1,"IOTHUB_CLIENT_CONFIRMATION_OK"
20278,10410824322,10410824370,1,"IOTHUB_CLIENT_CONFIRMATION_OK"
20279,10410824523,10410824623,1,"IOTHUB_CLIENT_CONFIRMATION_OK"
20280,10410824723,10410824808,1,"IOTHUB_CLIENT_CONFIRMATION_OK"
20281,10410824923,10410825009,1,"IOTHUB_CLIENT_CONFIRMATION_OK"
20282,10410825123,10410825343,1,"IOTHUB_CLIENT_CONFIRMATION_OK"
20283,10410825323,10410825382,1,"IOTHUB_CLIENT_CONFIRMATION_OK"
20284,10410825523,10410825587,1,"IOTHUB_CLIENT_CONFIRMATION_OK"
20285,10410825724,10410825767,1,"IOTHUB_CLIENT_CONFIRMATION_OK"
20286,10410825924,10410825975,1,"IOTHUB_CLIENT_CONFIRMATION_OK"
20287,10410826124,10410826196,1,"IOTHUB_CLIENT_CONFIRMATION_OK"
20288,10410826324,10410826391,1,"IOTHUB_CLIENT_CONFIRMATION_OK"
20289,10410826524,10410826566,1,"IOTHUB_CLIENT_CONFIRMATION_OK"
20290,10410826724,10410826766,1,"IOTHUB_CLIENT_CONFIRMATION_OK"
20291,10410826924,10410826977,1,"IOTHUB_CLIENT_CONFIRMATION_OK"
20292,10410827125,10410827167,1,"IOTHUB_CLIENT_CONFIRMATION_OK"
20293,10410827325,10410827546,1,"IOTHUB_CLIENT_CONFIRMATION_OK"
20294,10410827525,10410827570,1,"IOTHUB_CLIENT_CONFIRMATION_OK"
20295,10410827725,10410827770,1,"IOTHUB_CLIENT_CONFIRMATION_OK"
20296,10410827925,10410827975,1,"IOTHUB_CLIENT_CONFIRMATION_OK"
20297,10410828125,10410828167,1,"IOTHUB_CLIENT_CONFIRMATION_OK"
20298,10410828326,10410828379,1,"IOTHUB_CLIENT_CONFIRMATION_OK"
20299,10410828526,10410828607,1,"IOTHUB_CLIENT_CONFIRMATION_OK"
20300,10410828726,10410828766,1,"IOTHUB_CLIENT_CONFIRMATION_OK"
20301,10410828926,10410828973,1,"IOTHUB_CLIENT_CONFIRMATION_OK"
20302,10410829126,10410829174,1,"IOTHUB_CLIENT_CONFIRMATION_OK"
20303,10410829326,10410829452,1,"IOTHUB_CLIENT_CONFIRMATION_OK"
20304,10410829526,10410829644,1,"IOTHUB_CLIENT_CONFIRMATION_OK"
20305,10410829727,10410829789,1,"IOTHUB_CLIENT_CONFIRMATION_OK"
20306,10410829927,10410829966,1,"IOTHUB_CLIENT_CONFIRMATION_OK"
20307,10410830127,10410830265,1,"IOTHUB_CLIENT_CONFIRMATION_OK"
20308,10410830327,10410830366,1,"IOTHUB_CLIENT_CONFIRMATION_OK"
20309,10410830527,10410830580,1,"IOTHUB_CLIENT_CONFIRMATION_OK"
20310,10410830727,10410830915,1,"IOTHUB_CLIENT_CONFIRMATION_OK"
20311,10410830928,10410831023,1,"IOTHUB_CLIENT_CONFIRMATION_OK"
20312,10410831128,10410831174,1,"IOTHUB_CLIENT_CONFIRMATION_OK"
20313,10410831328,10410831384,1,"IOTHUB_CLIENT_CONFIRMATION_OK"
20314,10410831528,10410831576,1,"IOTHUB_CLIENT_CONFIRMATION_OK"
20315,10410831728,10410831779,1,"IOTHUB_CLIENT_CONFIRMATION_OK"
20316,10410831928,10410831979,1,"IOTHUB_CLIENT_CONFIRMATION_OK"
20317,10410832128,10410832183,1,"IOTHUB_CLIENT_CONFIRMATION_OK"
20318,10410832329,10410832450,1,"IOTHUB_CLIENT_CONFIRMATION_OK"
20319,10410832529,10410832603,1,"IOTHUB_CLIENT_CONFIRMATION_OK"
20320,10410832729,10410832783,1,"IOTHUB_CLIENT_CONFIRMATION_OK"
20321,10410832929,10410833078,1,"IOTHUB_CLIENT_CONFIRMATION_OK"
20322,10410833129,10410833217,1,"IOTHUB_CLIENT_CONFIRMATION_OK"
20323,10410833329,10410833368,1,"IOTHUB_CLIENT_CONFIRMATION_OK"
20324,10410833529,10410833584,1,"IOTHUB_CLIENT_CONFIRMATION_OK"
20325,10410833730,10410833790,1,"IOTHUB_CLIENT_CONFIRMATION_OK"
20326,10410833930,10410833978,1,"IOTHUB_CLIENT_CONFIRMATION_OK"
20327,10410834130,10410834179,1,"IOTHUB_CLIENT_CONFIRMATION_OK"
20328,10410834330,10410834393,1,"IOTHUB_CLIENT_CONFIRMATION_OK"
20329,10410834530,10410834651,1,"IOTHUB_CLIENT_CONFIRMATION_OK"
20330,10410834730,10410834800,1,"IOTHUB_CLIENT_CONFIRMATION_OK"
20331,10410834931,10410834983,1,"IOTHUB_CLIENT_CONFIRMATION_OK"
20332,10410835131,10410835313,1,"IOTHUB_CLIENT_CONFIRMATION_OK"
20333,10410835331,10410835395,1,"IOTHUB_CLIENT_CONFIRMATION_OK"
20334,10410835531,10410835584,1,"IOTHUB_CLIENT_CONFIRMATION_OK"
20335,10410835731,10410835796,1,"IOTHUB_CLIENT_CONFIRMATION_OK"
20336,10410835931,10410835971,1,"IOTHUB_CLIENT_CONFIRMATION_OK"
20337,10410836131,10410836185,1,"IOTHUB_CLIENT_CONFIRMATION_OK"
20338,10410836332,10410836372,1,"IOTHUB_CLIENT_CONFIRMATION_OK"
20339,10410836532,10410836580,1,"IOTHUB_CLIENT_CONFIRMATION_OK"
20340,10410836732,10410836772,1,"IOTHUB_CLIENT_CONFIRMATION_OK"
20341,10410836932,10410836982,1,"IOTHUB_CLIENT_CONFIRMATION_OK"
20342,10410837132,10410837178,1,"IOTHUB_CLIENT_CONFIRMATION_OK"
20343,10410837332,10410837539,1,"IOTHUB_CLIENT_CONFIRMATION_OK"
20344,10410837533,10410837597,1,"IOTHUB_CLIENT_CONFIRMATION_OK"
20345,10410837733,10410837782,1,"IOTHUB_CLIENT_CONFIRMATION_OK"
20346,10410837933,10410837974,1,"IOTHUB_CLIENT_CONFIRMATION_OK"
20347,10410838133,10410838177,1,"IOTHUB_CLIENT_CONFIRMATION_OK"
20348,10410838333,10410838368,1,"IOTHUB_CLIENT_CONFIRMATION_OK"
20349,10410838533,10410838637,1,"IOTHUB_CLIENT_CONFIRMATION_OK"
20350,10410838733,10410838805,1,"IOTHUB_CLIENT_CONFIRMATION_OK"
20351,10410838934,10410838980,1,"IOTHUB_CLIENT_CONFIRMATION_OK"
20352,10410839134,10410839190,1,"IOTHUB_CLIENT_CONFIRMATION_OK"
20353,10410839334,10410839375,1,"IOTHUB_CLIENT_CONFIRMATION_OK"
20354,10410839534,10410839592,1,"IOTHUB_CLIENT_CONFIRMATION_OK"
20355,10410839734,10410839822,1,"IOTHUB_CLIENT_CONFIRMATION_OK"
20356,10410839934,10410839987,1,"IOTHUB_CLIENT_CONFIRMATION_OK"
20357,10410840134,10410840181,1,"IOTHUB_CLIENT_CONFIRMATION_OK"
20358,10410840335,10410840389,1,"IOTHUB_CLIENT_CONFIRMATION_OK"
20359,10410840535,10410840594,1,"IOTHUB_CLIENT_CONFIRMATION_OK"
20360,10410840735,10410840810,1,"IOTHUB_CLIENT_CONFIRMATION_OK"
20361,10410840935,10410840983,1,"IOTHUB_CLIENT_CONFIRMATION_OK"
20362,10410841135,10410841187,1,"IOTHUB_CLIENT_CONFIRMATION_OK"
20363,10410841335,10410841417,1,"IOTHUB_CLIENT_CONFIRMATION_OK"
20364,10410841536,10410841575,1,"IOTHUB_CLIENT_CONFIRMATION_OK"
20365,10410841736,10410841783,1,"IOTHUB_CLIENT_CONFIRMATION_OK"
20366,10410841936,10410841978,1,"IOTHUB_CLIENT_CONFIRMATION_OK"
20367,10410842136,10410842177,1,"IOTHUB_CLIENT_CONFIRMATION_OK"
20368,10410842336,10410842477,1,"IOTHUB_CLIENT_CONFIRMATION_OK"
20369,10410842536,10410842585,1,"IOTHUB_CLIENT_CONFIRMATION_OK"
20370,10410842737,10410842785,1,"IOTHUB_CLIENT_CONFIRMATION_OK"
20371,10410842937,10410843076,1,"IOTHUB_CLIENT_CONFIRMATION_OK"
20372,10410843137,10410843219,1,"IOTHUB_CLIENT_CONFIRMATION_OK"
20373,10410843337,10410843390,1,"IOTHUB_CLIENT_CONFIRMATION_OK"
20374,10410843537,10410843665,1,"IOTHUB_CLIENT_CONFIRMATION_OK"
20375,10410843737,10410843783,1,"IOTHUB_CLIENT_CONFIRMATION_OK"
20376,10410843938,10410844020,1,"IOTHUB_CLIENT_CONFIRMATION_OK"
20377,10410844138,10410844183,1,"IOTHUB_CLIENT_CONFIRMATION_OK"
20378,10410844338,10410844380,1,"IOTHUB_CLIENT_CONFIRMATION_OK"
20379,10410844538,10410844579,1,"IOTHUB_CLIENT_CONFIRMATION_OK"
20380,10410844738,10410844780,1,"IOTHUB_CLIENT_CONFIRMATION_OK"
20381,10410844938,10410845000,1,"IOTHUB_CLIENT_CONFIRMATION_OK"
20382,10410845138,10410845298,1,"IOTHUB_CLIENT_CONFIRMATION_OK"
20383,10410845339,10410845380,1,"IOTHUB_CLIENT_CONFIRMATION_OK"
20384,10410845539,10410845596,1,"IOTHUB_CLIENT_CONFIRMATION_OK"
20385,10410845739,10410845801,1,"IOTHUB_CLIENT_CONFIRMATION_OK"
20386,10410845939,10410845984,1,"IOTHUB_CLIENT_CONFIRMATION_OK"
20387,10410846139,10410846187,1,"IOTHUB_CLIENT_CONFIRMATION_OK"
20388,10410846339,10410846408,1,"IOTHUB_CLIENT_CONFIRMATION_OK"
20389,10410846539,10410846580,1,"IOTHUB_CLIENT_CONFIRMATION_OK"
20390,10410846740,10410846785,1,"IOTHUB_CLIENT_CONFIRMATION_OK"
20391,10410846940,10410847010,1,"IOTHUB_CLIENT_CONFIRMATION_OK"
20392,10410847140,10410847190,1,"IOTHUB_CLIENT_CONFIRMATION_OK"
20393,10410847340,10410847399,1,"IOTHUB_CLIENT_CONFIRMATION_OK"
20394,10410847540,10410847664,1,"IOTHUB_CLIENT_CONFIRMATION_OK"
20395,10410847740,10410847790,1,"IOTHUB_CLIENT_CONFIRMATION_OK"
20396,10410847941,10410848009,1,"IOTHUB_CLIENT_CONFIRMATION_OK"
20397,10410848141,10410848178,1,"IOTHUB_CLIENT_CONFIRMATION_OK"
20398,10410848341,10410848401,1,"IOTHUB_CLIENT_CONFIRMATION_OK"
20399,10410848541,10410848601,1,"IOTHUB_CLIENT_CONFIRMATION_OK"
20400,10410848741,10410848784,1,"IOTHUB_CLIENT_CONFIRMATION_OK"
20401,10410848941,10410848984,1,"IOTHUB_CLIENT_CONFIRMATION_OK"
20402,10410849141,10410849221,1,"IOTHUB_CLIENT_CONFIRMATION_OK"
20403,10410849342,10410849391,1,"IOTHUB_CLIENT_CONFIRMATION_OK"
20404,10410849542,10410849585,1,"IOTHUB_CLIENT_CONFIRMATION_OK"
20405,10410849742,10410849833,1,"IOTHUB_CLIENT_CONFIRMATION_OK"
20406,10410849942,10410849986,1,"IOTHUB_CLIENT_CONFIRMATION_OK"
20407,10410850142,10410850253,1,"IOTHUB_CLIENT_CONFIRMATION_OK"
20408,10410850342,10410850399,1,"IOTHUB_CLIENT_CONFIRMATION_OK"
20409,10410850542,10410850601,1,"IOTHUB_CLIENT_CONFIRMATION_OK"
20410,10410850743,10410850877,1,"IOTHUB_CLIENT_CONFIRMATION_OK"
20411,10410850943,10410850983,1,"IOTHUB_CLIENT_CONFIRMATION_OK"
20412,10410851143,10410851191,1,"IOTHUB_CLIENT_CONFIRMATION_OK"
20413,10410851343,10410851386,1,"IOTHUB_CLIENT_CONFIRMATION_OK"
20414,10410851543,10410851617,1,"IOTHUB_CLIENT_CONFIRMATION_OK"
20415,10410851743,10410851807,1,"IOTHUB_CLIENT_CONFIRMATION_OK"
20416,10410851944,10410852038,1,"IOTHUB_CLIENT_CONFIRMATION_OK"
20417,10410852144,10410852192,1,"IOTHUB_CLIENT_CONFIRMATION_OK"
20418,10410852344,10410852485,1,"IOTHUB_CLIENT_CONFIRMATION_OK"
20419,10410852544,10410852599,1,"IOTHUB_CLIENT_CONFIRMATION_OK"
20420,10410852744,10410852791,1,"IOTHUB_CLIENT_CONFIRMATION_OK"
20421,10410852944,10410853160,1,"IOTHUB_CLIENT_CONFIRMATION_OK"
20422,10410853144,10410853252,1,"IOTHUB_CLIENT_CONFIRMATION_OK"
20423,10410853345,10410853401,1,"IOTHUB_CLIENT_CONFIRMATION_OK"
20424,10410853545,10410853612,1,"IOTHUB_CLIENT_CONFIRMATION_OK"
20425,10410853745,10410853789,1,"IOTHUB_CLIENT_CONFIRMATION_OK"
20426,10410853945,10410853989,1,"IOTHUB_CLIENT_CONFIRMATION_OK"
20427,10410854145,10410854233,1,"IOTHUB_CLIENT_CONFIRMATION_OK"
20428,10410854345,10410854390,1,"IOTHUB_CLIENT_CONFIRMATION_OK"
20429,10410854546,10410854610,1,"IOTHUB_CLIENT_CONFIRMATION_OK"
20430,10410854746,10410854788,1,"IOTHUB_CLIENT_CONFIRMATION_OK"
20431,10410854946,10410854987,1,"IOTHUB_CLIENT_CONFIRMATION_OK"
20432,10410855146,10410855204,1,"IOTHUB_CLIENT_CONFIRMATION_OK"
20433,10410855346,10410855401,1,"IOTHUB_CLIENT_CONFIRMATION_OK"
20434,10410855546,10410855668,1,"IOTHUB_CLIENT_CONFIRMATION_OK"
20435,10410855746,10410855860,1,"IOTHUB_CLIENT_CONFIRMATION_OK"
20436,10410855947,10410855999,1,"IOTHUB_CLIENT_CONFIRMATION_OK"
20437,10410856147,10410856196,1,"IOTHUB_CLIENT_CONFIRMATION_OK"
20438,10410856347,10410856400,1,"IOTHUB_CLIENT_CONFIRMATION_OK"
20439,10410856547,10410856598,1,"IOTHUB_CLIENT_CONFIRMATION_OK"
20440,10410856747,10410856818,1,"IOTHUB_CLIENT_CONFIRMATION_OK"
20441,10410856947,10410856994,1,"IOTHUB_CLIENT_CONFIRMATION_OK"
20442,10410857148,10410857221,1,"IOTHUB_CLIENT_CONFIRMATION_OK"
20443,10410857348,10410857571,1,"IOTHUB_CLIENT_CONFIRMATION_OK"
20444,10410857548,10410857599,1,"IOTHUB_CLIENT_CONFIRMATION_OK"
20445,10410857748,10410857791,1,"IOTHUB_CLIENT_CONFIRMATION_OK"
20446,10410857948,10410857996,1,"IOTHUB_CLIENT_CONFIRMATION_OK"
20447,10410858148,10410858212,1,"IOTHUB_CLIENT_CONFIRMATION_OK"
20448,10410858349,10410858389,1,"IOTHUB_CLIENT_CONFIRMATION_OK"
20449,10410858549,10410858595,1,"IOTHUB_CLIENT_CONFIRMATION_OK"
20450,10410858749,10410858869,1,"IOTHUB_CLIENT_CONFIRMATION_OK"
20451,10410858949,10410858991,1,"IOTHUB_CLIENT_CONFIRMATION_OK"
20452,10410859149,10410859194,1,"IOTHUB_CLIENT_CONFIRMATION_OK"
20453,10410859349,10410859392,1,"IOTHUB_CLIENT_CONFIRMATION_OK"
20454,10410859550,10410859601,1,"IOTHUB_CLIENT_CONFIRMATION_OK"
20455,10410859750,10410859909,1,"IOTHUB_CLIENT_CONFIRMATION_OK"
20456,10410859950,10410860024,1,"IOTHUB_CLIENT_CONFIRMATION_OK"
20457,10410860150,10410860207,1,"IOTHUB_CLIENT_CONFIRMATION_OK"
20458,10410860350,10410860444,1,"IOTHUB_CLIENT_CONFIRMATION_OK"
20459,10410860550,10410860630,1,"IOTHUB_CLIENT_CONFIRMATION_OK"
20460,10410860750,10410860847,1,"IOTHUB_CLIENT_CONFIRMATION_OK"
20461,10410860951,10410861006,1,"IOTHUB_CLIENT_CONFIRMATION_OK"
20462,10410861151,10410861205,1,"IOTHUB_CLIENT_CONFIRMATION_OK"
20463,10410861351,10410861471,1,"IOTHUB_CLIENT_CONFIRMATION_OK"
20464,10410861551,10410861605,1,"IOTHUB_CLIENT_CONFIRMATION_OK"
20465,10410861751,10410861806,1,"IOTHUB_CLIENT_CONFIRMATION_OK"
20466,10410861951,10410861987,1,"IOTHUB_CLIENT_CONFIRMATION_OK"
20467,10410862151,10410862226,1,"IOTHUB_CLIENT_CONFIRMATION_OK"
20468,10410862352,10410862449,1,"IOTHUB_CLIENT_CONFIRMATION_OK"
20469,10410862552,10410862592,1,"IOTHUB_CLIENT_CONFIRMATION_OK"
20470,10410862752,10410862858,1,"IOTHUB_CLIENT_CONFIRMATION_OK"
20471,10410862952,10410863054,1,"IOTHUB_CLIENT_CONFIRMATION_OK"
20472,10410863152,10410863259,1,"IOTHUB_CLIENT_CONFIRMATION_OK"
20473,10410863352,10410863397,1,"IOTHUB_CLIENT_CONFIRMATION_OK"
20474,10410863553,10410863687,1,"IOTHUB_CLIENT_CONFIRMATION_OK"
20475,10410863753,10410863803,1,"IOTHUB_CLIENT_CONFIRMATION_OK"
20476,10410863953,10410863998,1,"IOTHUB_CLIENT_CONFIRMATION_OK"
20477,10410864153,10410864240,1,"IOTHUB_CLIENT_CONFIRMATION_OK"
20478,10410864353,10410864429,1,"IOTHUB_CLIENT_CONFIRMATION_OK"
20479,10410864553,10410864654,1,"IOTHUB_CLIENT_CONFIRMATION_OK"
20480,10410864754,10410864814,1,"IOTHUB_CLIENT_CONFIRMATION_OK"
20481,10410864954,10410865000,1,"IOTHUB_CLIENT_CONFIRMATION_OK"
20482,10410865154,10410865450,1,"IOTHUB_CLIENT_CONFIRMATION_OK"
20483,10410865354,10410865490,1,"IOTHUB_CLIENT_CONFIRMATION_OK"
20484,10410865554,10410865586,1,"IOTHUB_CLIENT_CONFIRMATION_OK"
20485,10410865754,10410865792,1,"IOTHUB_CLIENT_CONFIRMATION_OK"
20486,10410865954,10410866012,1,"IOTHUB_CLIENT_CONFIRMATION_OK"
20487,10410866155,10410866196,1,"IOTHUB_CLIENT_CONFIRMATION_OK"
20488,10410866355,10410866396,1,"IOTHUB_CLIENT_CONFIRMATION_OK"
20489,10410866555,10410866603,1,"IOTHUB_CLIENT_CONFIRMATION_OK"
20490,10410866755,10410866878,1,"IOTHUB_CLIENT_CONFIRMATION_OK"
20491,10410866955,10410867001,1,"IOTHUB_CLIENT_CONFIRMATION_OK"
20492,10410867155,10410867219,1,"IOTHUB_CLIENT_CONFIRMATION_OK"
20493,10410867355,10410867600,1,"IOTHUB_CLIENT_CONFIRMATION_OK"
20494,10410867556,10410867656,1,"IOTHUB_CLIENT_CONFIRMATION_OK"
20495,10410867756,10410867796,1,"IOTHUB_CLIENT_CONFIRMATION_OK"
20496,10410867956,10410867997,1,"IOTHUB_CLIENT_CONFIRMATION_OK"
20497,10410868156,10410868208,1,"IOTHUB_CLIENT_CONFIRMATION_OK"
20498,10410868356,10410868404,1,"IOTHUB_CLIENT_CONFIRMATION_OK"
20499,10410868556,10410868604,1,"IOTHUB_CLIENT_CONFIRMATION_OK"
20500,10410868756,10410868852,1,"IOTHUB_CLIENT_CONFIRMATION_OK"
20501,10410868957,10410869033,1,"IOTHUB_CLIENT_CONFIRMATION_OK"
20502,10410869157,10410869222,1,"IOTHUB_CLIENT_CONFIRMATION_OK"
20503,10410869357,10410869399,1,"IOTHUB_CLIENT_CONFIRMATION_OK"
20504,10410869557,10410869617,1,"IOTHUB_CLIENT_CONFIRMATION_OK"
20505,10410869757,10410869809,1,"IOTHUB_CLIENT_CONFIRMATION_OK"
20506,10410869957,10410870049,1,"IOTHUB_CLIENT_CONFIRMATION_OK"
20507,10410870158,10410870230,1,"IOTHUB_CLIENT_CONFIRMATION_OK"
20508,10410870358,10410870420,1,"IOTHUB_CLIENT_CONFIRMATION_OK"
20509,10410870558,10410870599,1,"IOTHUB_CLIENT_CONFIRMATION_OK"
20510,10410870758,10410870909,1,"IOTHUB_CLIENT_CONFIRMATION_OK"
20511,10410870958,10410871007,1,"IOTHUB_CLIENT_CONFIRMATION_OK"
20512,10410871158,10410871229,1,"IOTHUB_CLIENT_CONFIRMATION_OK"
20513,10410871358,10410871432,1,"IOTHUB_CLIENT_CONFIRMATION_OK"
20514,10410871559,10410871599,1,"IOTHUB_CLIENT_CONFIRMATION_OK"
20515,10410871759,10410871802,1,"IOTHUB_CLIENT_CONFIRMATION_OK"
20516,10410871959,10410871999,1,"IOTHUB_CLIENT_CONFIRMATION_OK"
20517,10410872159,10410872288,1,"IOTHUB_CLIENT_CONFIRMATION_OK"
20518,10410872359,10410872456,1,"IOTHUB_CLIENT_CONFIRMATION_OK"
20519,10410872559,10410872719,1,"IOTHUB_CLIENT_CONFIRMATION_OK"
20520,10410872760,10410872800,1,"IOTHUB_CLIENT_CONFIRMATION_OK"
20521,10410872960,10410873097,1,"IOTHUB_CLIENT_CONFIRMATION_OK"
20522,10410873160,10410873231,1,"IOTHUB_CLIENT_CONFIRMATION_OK"
20523,10410873360,10410873436,1,"IOTHUB_CLIENT_CONFIRMATION_OK"
20524,10410873560,10410873681,1,"IOTHUB_CLIENT_CONFIRMATION_OK"
20525,10410873760,10410873806,1,"IOTHUB_CLIENT_CONFIRMATION_OK"
20526,10410873961,10410874007,1,"IOTHUB_CLIENT_CONFIRMATION_OK"
20527,10410874161,10410874195,1,"IOTHUB_CLIENT_CONFIRMATION_OK"
20528,10410874361,10410874435,1,"IOTHUB_CLIENT_CONFIRMATION_OK"
20529,10410874561,10410874662,1,"IOTHUB_CLIENT_CONFIRMATION_OK"
20530,10410874761,10410874806,1,"IOTHUB_CLIENT_CONFIRMATION_OK"
20531,10410874961,10410875014,1,"IOTHUB_CLIENT_CONFIRMATION_OK"
20532,10410875161,10410875346,1,"IOTHUB_CLIENT_CONFIRMATION_OK"
20533,10410875362,10410875401,1,"IOTHUB_CLIENT_CONFIRMATION_OK"
20534,10410875562,10410875688,1,"IOTHUB_CLIENT_CONFIRMATION_OK"
20535,10410875762,10410875879,1,"IOTHUB_CLIENT_CONFIRMATION_OK"
20536,10410875962,10410876016,1,"IOTHUB_CLIENT_CONFIRMATION_OK"
20537,10410876162,10410876219,1,"IOTHUB_CLIENT_CONFIRMATION_OK"
20538,10410876362,10410876411,1,"IOTHUB_CLIENT_CONFIRMATION_OK"
20539,10410876563,10410876613,1,"IOTHUB_CLIENT_CONFIRMATION_OK"
20540,10410876763,10410876807,1,"IOTHUB_CLIENT_CONFIRMATION_OK"
20541,10410876963,10410877022,1,"IOTHUB_CLIENT_CONFIRMATION_OK"
20542,10410877163,10410877200,1,"IOTHUB_CLIENT_CONFIRMATION_OK"
20543,10410877363,10410877504,1,"IOTHUB_CLIENT_CONFIRMATION_OK"
20544,10410877563,10410877611,1,"IOTHUB_CLIENT_CONFIRMATION_OK"
20545,10410877763,10410877810,1,"IOTHUB_CLIENT_CONFIRMATION_OK"
20546,10410877964,10410878101,1,"IOTHUB_CLIENT_CONFIRMATION_OK"
20547,10410878164,10410878207,1,"IOTHUB_CLIENT_CONFIRMATION_OK"
20548,10410878364,10410878408,1,"IOTHUB_CLIENT_CONFIRMATION_OK"
20549,10410878564,10410878606,1,"IOTHUB_CLIENT_CONFIRMATION_OK"
20550,10410878764,10410878798,1,"IOTHUB_CLIENT_CONFIRMATION_OK"
20551,10410878964,10410879016,1,"IOTHUB_CLIENT_CONFIRMATION_OK"
20552,10410879164,10410879206,1,"IOTHUB_CLIENT_CONFIRMATION_OK"
20553,10410879365,10410879428,1,"IOTHUB_CLIENT_CONFIRMATION_OK"
20554,10410879565,10410879613,1,"IOTHUB_CLIENT_CONFIRMATION_OK"
20555,10410879765,10410879825,1,"IOTHUB_CLIENT_CONFIRMATION_OK"
20556,10410879965,10410880013,1,"IOTHUB_CLIENT_CONFIRMATION_OK"
20557,10410880165,10410880342,1,"IOTHUB_CLIENT_CONFIRMATION_OK"
20558,10410880365,10410880415,1,"IOTHUB_CLIENT_CONFIRMATION_OK"
20559,10410880566,10410880625,1,"IOTHUB_CLIENT_CONFIRMATION_OK"
20560,10410880766,10410880808,1,"IOTHUB_CLIENT_CONFIRMATION_OK"
20561,10410880966,10410881023,1,"IOTHUB_CLIENT_CONFIRMATION_OK"
20562,10410881166,10410881223,1,"IOTHUB_CLIENT_CONFIRMATION_OK"
20563,10410881366,10410881433,1,"IOTHUB_CLIENT_CONFIRMATION_OK"
20564,10410881566,10410881643,1,"IOTHUB_CLIENT_CONFIRMATION_OK"
20565,10410881767,10410881814,1,"IOTHUB_CLIENT_CONFIRMATION_OK"
20566,10410881967,10410882016,1,"IOTHUB_CLIENT_CONFIRMATION_OK"
20567,10410882167,10410882267,1,"IOTHUB_CLIENT_CONFIRMATION_OK"
20568,10410882367,10410882591,1,"IOTHUB_CLIENT_CONFIRMATION_OK"
20569,10410882567,10410882626,1,"IOTHUB_CLIENT_CONFIRMATION_OK"
20570,10410882767,10410882822,1,"IOTHUB_CLIENT_CONFIRMATION_OK"
20571,10410882967,10410883017,1,"IOTHUB_CLIENT_CONFIRMATION_OK"
20572,10410883168,10410883223,1,"IOTHUB_CLIENT_CONFIRMATION_OK"
20573,10410883368,10410883413,1,"IOTHUB_CLIENT_CONFIRMATION_OK"
20574,10410883568,10410883631,1,"IOTHUB_CLIENT_CONFIRMATION_OK"
20575,10410883768,10410883808,1,"IOTHUB_CLIENT_CONFIRMATION_OK"
20576,10410883968,10410884016,1,"IOTHUB_CLIENT_CONFIRMATION_OK"
20577,10410884168,10410884256,1,"IOTHUB_CLIENT_CONFIRMATION_OK"
20578,10410884369,10410884427,1,"IOTHUB_CLIENT_CONFIRMATION_OK"
20579,10410884569,10410884641,1,"IOTHUB_CLIENT_CONFIRMATION_OK"
20580,10410884769,10410884823,1,"IOTHUB_CLIENT_CONFIRMATION_OK"
20581,10410884969,10410885012,1,"IOTHUB_CLIENT_CONFIRMATION_OK"
20582,10410885169,10410885254,1,"IOTHUB_CLIENT_CONFIRMATION_OK"
20583,10410885369,10410885412,1,"IOTHUB_CLIENT_CONFIRMATION_OK"
20584,10410885569,10410885611,1,"IOTHUB_CLIENT_CONFIRMATION_OK"
20585,10410885770,10410885857,1,"IOTHUB_CLIENT_CONFIRMATION_OK"
20586,10410885970,10410886017,1,"IOTHUB_CLIENT_CONFIRMATION_OK"
20587,10410886170,10410886213,1,"IOTHUB_CLIENT_CONFIRMATION_OK"
20588,10410886370,10410886415,1,"IOTHUB_CLIENT_CONFIRMATION_OK"
20589,10410886570,10410886649,1,"IOTHUB_CLIENT_CONFIRMATION_OK"
20590,10410886770,10410886860,1,"IOTHUB_CLIENT_CONFIRMATION_OK"
20591,10410886971,10410887028,1,"IOTHUB_CLIENT_CONFIRMATION_OK"
20592,10410887171,10410887381,1,"IOTHUB_CLIENT_CONFIRMATION_OK"
20593,10410887371,10410887600,1,"IOTHUB_CLIENT_CONFIRMATION_OK"
20594,10410887571,10410887629,1,"IOTHUB_CLIENT_CONFIRMATION_OK"
20595,10410887771,10410887812,1,"IOTHUB_CLIENT_CONFIRMATION_OK"
20596,10410887971,10410888032,1,"IOTHUB_CLIENT_CONFIRMATION_OK"
20597,10410888171,10410888215,1,"IOTHUB_CLIENT_CONFIRMATION_OK"
20598,10410888372,10410888413,1,"IOTHUB_CLIENT_CONFIRMATION_OK"
20599,10410888572,10410888664,1,"IOTHUB_CLIENT_CONFIRMATION_OK"
20600,10410888772,10410888818,1,"IOTHUB_CLIENT_CONFIRMATION_OK"
20601,10410888972,10410889173,1,"IOTHUB_CLIENT_CONFIRMATION_OK"
20602,10410889172,10410889299,1,"IOTHUB_CLIENT_CONFIRMATION_OK"
20603,10410889372,10410889413,1,"IOTHUB_CLIENT_CONFIRMATION_OK"
20604,10410889573,10410889640,1,"IOTHUB_CLIENT_CONFIRMATION_OK"
20605,10410889773,10410889822,1,"IOTHUB_CLIENT_CONFIRMATION_OK"
20606,10410889973,10410890014,1,"IOTHUB_CLIENT_CONFIRMATION_OK"
20607,10410890173,10410890314,1,"IOTHUB_CLIENT_CONFIRMATION_OK"
20608,10410890373,10410890416,1,"IOTHUB_CLIENT_CONFIRMATION_OK"
20609,10410890573,10410890626,1,"IOTHUB_CLIENT_CONFIRMATION_OK"
20610,10410890774,10410890911,1,"IOTHUB_CLIENT_CONFIRMATION_OK"
20611,10410890974,10410891043,1,"IOTHUB_CLIENT_CONFIRMATION_OK"
20612,10410891174,10410891226,1,"IOTHUB_CLIENT_CONFIRMATION_OK"
20613,10410891374,10410891420,1,"IOTHUB_CLIENT_CONFIRMATION_OK"
20614,10410891574,10410891719,1,"IOTHUB_CLIENT_CONFIRMATION_OK"
20615,10410891774,10410891932,1,"IOTHUB_CLIENT_CONFIRMATION_OK"
20616,10410891974,10410892030,1,"IOTHUB_CLIENT_CONFIRMATION_OK"
20617,10410892175,10410892227,1,"IOTHUB_CLIENT_CONFIRMATION_OK"
20618,10410892375,10410892545,1,"IOTHUB_CLIENT_CONFIRMATION_OK"
20619,10410892575,10410892623,1,"IOTHUB_CLIENT_CONFIRMATION_OK"
20620,10410892775,10410892820,1,"IOTHUB_CLIENT_CONFIRMATION_OK"
20621,10410892975,10410893041,1,"IOTHUB_CLIENT_CONFIRMATION_OK"
20622,10410893175,10410893325,1,"IOTHUB_CLIENT_CONFIRMATION_OK"
20623,10410893376,10410893407,1,"IOTHUB_CLIENT_CONFIRMATION_OK"
20624,10410893576,10410893631,1,"IOTHUB_CLIENT_CONFIRMATION_OK"
20625,10410893776,10410893822,1,"IOTHUB_CLIENT_CONFIRMATION_OK"
20626,10410893976,10410894022,1,"IOTHUB_CLIENT_CONFIRMATION_OK"
20627,10410894176,10410894220,1,"IOTHUB_CLIENT_CONFIRMATION_OK"
20628,10410894376,10410894421,1,"IOTHUB_CLIENT_CONFIRMATION_OK"
20629,10410894576,10410894664,1,"IOTHUB_CLIENT_CONFIRMATION_OK"
20630,10410894777,10410894822,1,"IOTHUB_CLIENT_CONFIRMATION_OK"
20631,10410894977,10410895021,1,"IOTHUB_CLIENT_CONFIRMATION_OK"
20632,10410895177,10410895236,1,"IOTHUB_CLIENT_CONFIRMATION_OK"
20633,10410895377,10410895416,1,"IOTHUB_CLIENT_CONFIRMATION_OK"
20634,10410895577,10410895635,1,"IOTHUB_CLIENT_CONFIRMATION_OK"
20635,10410895777,10410895822,1,"IOTHUB_CLIENT_CONFIRMATION_OK"
20636,10410895978,10410896021,1,"IOTHUB_CLIENT_CONFIRMATION_OK"
20637,10410896178,10410896248,1,"IOTHUB_CLIENT_CONFIRMATION_OK"
20638,10410896378,10410896419,1,"IOTHUB_CLIENT_CONFIRMATION_OK"
20639,10410896578,10410896624,1,"IOTHUB_CLIENT_CONFIRMATION_OK"
20640,10410896778,10410896826,1,"IOTHUB_CLIENT_CONFIRMATION_OK"
20641,10410896978,10410897086,1,"IOTHUB_CLIENT_CONFIRMATION_OK"
20642,10410897179,10410897222,1,"IOTHUB_CLIENT_CONFIRMATION_OK"
20643,10410897379,10410897427,1,"IOTHUB_CLIENT_CONFIRMATION_OK"
20644,10410897579,10410897647,1,"IOTHUB_CLIENT_CONFIRMATION_OK"
20645,10410897779,10410897818,1,"IOTHUB_CLIENT_CONFIRMATION_OK"
20646,10410897979,10410898057,1,"IOTHUB_CLIENT_CONFIRMATION_OK"
20647,10410898179,10410898227,1,"IOTHUB_CLIENT_CONFIRMATION_OK"
20648,10410898379,10410898424,1,"IOTHUB_CLIENT_CONFIRMATION_OK"
20649,10410898580,10410898655,1,"IOTHUB_CLIENT_CONFIRMATION_OK"
20650,10410898780,10410898856,1,"IOTHUB_CLIENT_CONFIRMATION_OK"
20651,10410898980,10410899043,1,"IOTHUB_CLIENT_CONFIRMATION_OK"
20652,10410899180,10410899276,1,"IOTHUB_CLIENT_CONFIRMATION_OK"
20653,10410899380,10410899428,1,"IOTHUB_CLIENT_CONFIRMATION_OK"
20654,10410899580,10410899623,1,"IOTHUB_CLIENT_CONFIRMATION_OK"
20655,10410899781,10410899912,1,"IOTHUB_CLIENT_CONFIRMATION_OK"
20656,10410899981,10410900032,1,"IOTHUB_CLIENT_CONFIRMATION_OK"
20657,10410900181,10410900279,1,"IOTHUB_CLIENT_CONFIRMATION_OK"
20658,10410900381,10410900421,1,"IOTHUB_CLIENT_CONFIRMATION_OK"
20659,10410900581,10410900702,1,"IOTHUB_CLIENT_CONFIRMATION_OK"
20660,10410900781,10410900901,1,"IOTHUB_CLIENT_CONFIRMATION_OK"
20661,10410900981,10410901030,1,"IOTHUB_CLIENT_CONFIRMATION_OK"
20662,10410901181,10410901226,1,"IOTHUB_CLIENT_CONFIRMATION_OK"
20663,10410901382,10410901444,1,"IOTHUB_CLIENT_CONFIRMATION_OK"
20664,10410901582,10410901657,1,"IOTHUB_CLIENT_CONFIRMATION_OK"
20665,10410901782,10410901829,1,"IOTHUB_CLIENT_CONFIRMATION_OK"
20666,10410901982,10410902034,1,"IOTHUB_CLIENT_CONFIRMATION_OK"
20667,10410902182,10410902240,1,"IOTHUB_CLIENT_CONFIRMATION_OK"
20668,10410902382,10410902551,1,"IOTHUB_CLIENT_CONFIRMATION_OK"
20669,10410902583,10410902629,1,"IOTHUB_CLIENT_CONFIRMATION_OK"
20670,10410902783,10410902861,1,"IOTHUB_CLIENT_CONFIRMATION_OK"
20671,10410902983,10410903174,1,"IOTHUB_CLIENT_CONFIRMATION_OK"
20672,10410903183,10410903234,1,"IOTHUB_CLIENT_CONFIRMATION_OK"
20673,10410903383,10410903484,1,"IOTHUB_CLIENT_CONFIRMATION_OK"
20674,10410903583,10410903618,1,"IOTHUB_CLIENT_CONFIRMATION_OK"
20675,10410903783,10410903830,1,"IOTHUB_CLIENT_CONFIRMATION_OK"
20676,10410903984,10410904085,1,"IOTHUB_CLIENT_CONFIRMATION_OK"
20677,10410904184,10410904226,1,"IOTHUB_CLIENT_CONFIRMATION_OK"
20678,10410904384,10410904449,1,"IOTHUB_CLIENT_CONFIRMATION_OK"
20679,10410904584,10410904618,1,"IOTHUB_CLIENT_CONFIRMATION_OK"
20680,10410904784,10410904825,1,"IOTHUB_CLIENT_CONFIRMATION_OK"
20681,10410904984,10410905047,1,"IOTHUB_CLIENT_CONFIRMATION_OK"
20682,10410905184,10410905361,1,"IOTHUB_CLIENT_CONFIRMATION_OK"
20683,10410905385,10410905435,1,"IOTHUB_CLIENT_CONFIRMATION_OK"
20684,10410905585,10410905630,1,"IOTHUB_CLIENT_CONFIRMATION_OK"
20685,10410905785,10410905824,1,"IOTHUB_CLIENT_CONFIRMATION_OK"
20686,10410905985,10410906021,1,"IOTHUB_CLIENT_CONFIRMATION_OK"
20687,10410906185,10410906238,1,"IOTHUB_CLIENT_CONFIRMATION_OK"
20688,10410906385,10410906454,1,"IOTHUB_CLIENT_CONFIRMATION_OK"
20689,10410906586,10410906634,1,"IOTHUB_CLIENT_CONFIRMATION_OK"
20690,10410906786,10410906879,1,"IOTHUB_CLIENT_CONFIRMATION_OK"
20691,10410906986,10410907043,1,"IOTHUB_CLIENT_CONFIRMATION_OK"
20692,10410907186,10410907290,1,"IOTHUB_CLIENT_CONFIRMATION_OK"
20693,10410907386,10410907584,1,"IOTHUB_CLIENT_CONFIRMATION_OK"
20694,10410907586,10410907638,1,"IOTHUB_CLIENT_CONFIRMATION_OK"
20695,10410907786,10410907831,1,"IOTHUB_CLIENT_CONFIRMATION_OK"
20696,10410907987,10410908028,1,"IOTHUB_CLIENT_CONFIRMATION_OK"
20697,10410908187,10410908268,1,"IOTHUB_CLIENT_CONFIRMATION_OK"
20698,10410908387,10410908440,1,"IOTHUB_CLIENT_CONFIRMATION_OK"
20699,10410908587,10410908716,1,"IOTHUB_CLIENT_CONFIRMATION_OK"
20700,10410908787,10410908835,1,"IOTHUB_CLIENT_CONFIRMATION_OK"
20701,10410908987,10410909099,1,"IOTHUB_CLIENT_CONFIRMATION_OK"
20702,10410909187,10410909236,1,"IOTHUB_CLIENT_CONFIRMATION_OK"
20703,10410909388,10410909434,1,"IOTHUB_CLIENT_CONFIRMATION_OK"
20704,10410909588,10410909646,1,"IOTHUB_CLIENT_CONFIRMATION_OK"
20705,10410909788,10410909838,1,"IOTHUB_CLIENT_CONFIRMATION_OK"
20706,10410909988,10410910031,1,"IOTHUB_CLIENT_CONFIRMATION_OK"
20707,10410910188,10410910259,1,"IOTHUB_CLIENT_CONFIRMATION_OK"
20708,10410910388,10410910446,1,"IOTHUB_CLIENT_CONFIRMATION_OK"
20709,10410910589,10410910642,1,"IOTHUB_CLIENT_CONFIRMATION_OK"
20710,10410910789,10410910855,1,"IOTHUB_CLIENT_CONFIRMATION_OK"
20711,10410910989,10410911030,1,"IOTHUB_CLIENT_CONFIRMATION_OK"
20712,10410911189,10410911233,1,"IOTHUB_CLIENT_CONFIRMATION_OK"
20713,10410911389,10410911478,1,"IOTHUB_CLIENT_CONFIRMATION_OK"
20714,10410911589,10410911627,1,"IOTHUB_CLIENT_CONFIRMATION_OK"
20715,10410911789,10410911829,1,"IOTHUB_CLIENT_CONFIRMATION_OK"
20716,10410911990,10410912040,1,"IOTHUB_CLIENT_CONFIRMATION_OK"
20717,10410912190,10410912237,1,"IOTHUB_CLIENT_CONFIRMATION_OK"
20718,10410912390,10410912515,1,"IOTHUB_CLIENT_CONFIRMATION_OK"
20719,10410912590,10410912650,1,"IOTHUB_CLIENT_CONFIRMATION_OK"
20720,10410912790,10410912850,1,"IOTHUB_CLIENT_CONFIRMATION_OK"
20721,10410912990,10410913110,1,"IOTHUB_CLIENT_CONFIRMATION_OK"
20722,10410913191,10410913310,1,"IOTHUB_CLIENT_CONFIRMATION_OK"
20723,10410913391,10410913455,1,"IOTHUB_CLIENT_CONFIRMATION_OK"
20724,10410913591,10410913647,1,"IOTHUB_CLIENT_CONFIRMATION_OK"
20725,10410913791,10410913878,1,"IOTHUB_CLIENT_CONFIRMATION_OK"
20726,10410913991,10410914039,1,"IOTHUB_CLIENT_CONFIRMATION_OK"
20727,10410914191,10410914230,1,"IOTHUB_CLIENT_CONFIRMATION_OK"
20728,10410914391,10410914441,1,"IOTHUB_CLIENT_CONFIRMATION_OK"
20729,10410914592,10410914681,1,"IOTHUB_CLIENT_CONFIRMATION_OK"
20730,10410914792,10410914839,1,"IOTHUB_CLIENT_CONFIRMATION_OK"
20731,10410914992,10410915032,1,"IOTHUB_CLIENT_CONFIRMATION_OK"
20732,10410915192,10410915461,1,"IOTHUB_CLIENT_CONFIRMATION_OK"
20733,10410915392,10410915501,1,"IOTHUB_CLIENT_CONFIRMATION_OK"
20734,10410915592,10410915633,1,"IOTHUB_CLIENT_CONFIRMATION_OK"
20735,10410915793,10410915854,1,"IOTHUB_CLIENT_CONFIRMATION_OK"
20736,10410915993,10410916039,1,"IOTHUB_CLIENT_CONFIRMATION_OK"
20737,10410916193,10410916253,1,"IOTHUB_CLIENT_CONFIRMATION_OK"
20738,10410916393,10410916464,1,"IOTHUB_CLIENT_CONFIRMATION_OK"
20739,10410916593,10410916642,1,"IOTHUB_CLIENT_CONFIRMATION_OK"
20740,10410916793,10410916862,1,"IOTHUB_CLIENT_CONFIRMATION_OK"
20741,10410916993,10410917051,1,"IOTHUB_CLIENT_CONFIRMATION_OK"
20742,10410917194,10410917233,1,"IOTHUB_CLIENT_CONFIRMATION_OK"
20743,10410917394,10410917465,1,"IOTHUB_CLIENT_CONFIRMATION_OK"
20744,10410917594,10410917641,1,"IOTHUB_CLIENT_CONFIRMATION_OK"
20745,10410917794,10410917855,1,"IOTHUB_CLIENT_CONFIRMATION_OK"
20746,10410917994,10410918090,1,"IOTHUB_CLIENT_CONFIRMATION_OK"
20747,10410918194,10410918254,1,"IOTHUB_CLIENT_CONFIRMATION_OK"
20748,10410918395,10410918439,1,"IOTHUB_CLIENT_CONFIRMATION_OK"
20749,10410918595,10410918697,1,"IOTHUB_CLIENT_CONFIRMATION_OK"
20750,10410918795,10410918918,1,"IOTHUB_CLIENT_CONFIRMATION_OK"
20751,10410918995,10410919033,1,"IOTHUB_CLIENT_CONFIRMATION_OK"
20752,10410919195,10410919239,1,"IOTHUB_CLIENT_CONFIRMATION_OK"
20753,10410919395,10410919433,1,"IOTHUB_CLIENT_CONFIRMATION_OK"
20754,10410919596,10410919643,1,"IOTHUB_CLIENT_CONFIRMATION_OK"
20755,10410919796,10410919838,1,"IOTHUB_CLIENT_CONFIRMATION_OK"
20756,10410919996,10410920039,1,"IOTHUB_CLIENT_CONFIRMATION_OK"
20757,10410920196,10410920337,1,"IOTHUB_CLIENT_CONFIRMATION_OK"
20758,10410920396,10410920455,1,"IOTHUB_CLIENT_CONFIRMATION_OK"
20759,10410920596,10410920639,1,"IOTHUB_CLIENT_CONFIRMATION_OK"
20760,10410920796,10410920840,1,"IOTHUB_CLIENT_CONFIRMATION_OK"
20761,10410920997,10410921083,1,"IOTHUB_CLIENT_CONFIRMATION_OK"
20762,10410921197,10410921249,1,"IOTHUB_CLIENT_CONFIRMATION_OK"
20763,10410921397,10410921473,1,"IOTHUB_CLIENT_CONFIRMATION_OK"
20764,10410921597,10410921647,1,"IOTHUB_CLIENT_CONFIRMATION_OK"
20765,10410921797,10410921836,1,"IOTHUB_CLIENT_CONFIRMATION_OK"
20766,10410921997,10410922039,1,"IOTHUB_CLIENT_CONFIRMATION_OK"
20767,10410922198,10410922236,1,"IOTHUB_CLIENT_CONFIRMATION_OK"
20768,10410922398,10410922577,1,"IOTHUB_CLIENT_CONFIRMATION_OK"
20769,10410922598,10410922638,1,"IOTHUB_CLIENT_CONFIRMATION_OK"
20770,10410922798,10410922837,1,"IOTHUB_CLIENT_CONFIRMATION_OK"
20771,10410922998,10410923038,1,"IOTHUB_CLIENT_CONFIRMATION_OK"
20772,10410923198,10410923238,1,"IOTHUB_CLIENT_CONFIRMATION_OK"
20773,10410923398,10410923508,1,"IOTHUB_CLIENT_CONFIRMATION_OK"
20774,10410923599,10410923649,1,"IOTHUB_CLIENT_CONFIRMATION_OK"
20775,10410923799,10410923836,1,"IOTHUB_CLIENT_CONFIRMATION_OK"
20776,10410923999,10410924050,1,"IOTHUB_CLIENT_CONFIRMATION_OK"
20777,10410924199,10410924248,1,"IOTHUB_CLIENT_CONFIRMATION_OK"
20778,10410924399,10410924448,1,"IOTHUB_CLIENT_CONFIRMATION_OK"
20779,10410924599,10410924663,1,"IOTHUB_CLIENT_CONFIRMATION_OK"
20780,10410924799,10410924848,1,"IOTHUB_CLIENT_CONFIRMATION_OK"
20781,10410925000,10410925058,1,"IOTHUB_CLIENT_CONFIRMATION_OK"
20782,10410925200,10410925331,1,"IOTHUB_CLIENT_CONFIRMATION_OK"
20783,10410925400,10410925500,1,"IOTHUB_CLIENT_CONFIRMATION_OK"
20784,10410925600,10410925656,1,"IOTHUB_CLIENT_CONFIRMATION_OK"
20785,10410925800,10410925866,1,"IOTHUB_CLIENT_CONFIRMATION_OK"
20786,10410926000,10410926050,1,"IOTHUB_CLIENT_CONFIRMATION_OK"
20787,10410926201,10410926253,1,"IOTHUB_CLIENT_CONFIRMATION_OK"
20788,10410926401,10410926484,1,"IOTHUB_CLIENT_CONFIRMATION_OK"
20789,10410926601,10410926652,1,"IOTHUB_CLIENT_CONFIRMATION_OK"
20790,10410926801,10410926888,1,"IOTHUB_CLIENT_CONFIRMATION_OK"
20791,10410927001,10410927053,1,"IOTHUB_CLIENT_CONFIRMATION_OK"
20792,10410927201,10410927243,1,"IOTHUB_CLIENT_CONFIRMATION_OK"
20793,10410927401,10410927491,1,"IOTHUB_CLIENT_CONFIRMATION_OK"
20794,10410927602,10410927655,1,"IOTHUB_CLIENT_CONFIRMATION_OK"
20795,10410927802,10410927851,1,"IOTHUB_CLIENT_CONFIRMATION_OK"
20796,10410928002,10410928154,1,"IOTHUB_CLIENT_CONFIRMATION_OK"
20797,10410928202,10410928258,1,"IOTHUB_CLIENT_CONFIRMATION_OK"
20798,10410928402,10410928568,1,"IOTHUB_CLIENT_CONFIRMATION_OK"
20799,10410928602,10410928747,1,"IOTHUB_CLIENT_CONFIRMATION_OK"
20800,10410928802,10410928848,1,"IOTHUB_CLIENT_CONFIRMATION_OK"
20801,10410929003,10410929048,1,"IOTHUB_CLIENT_CONFIRMATION_OK"
20802,10410929203,10410929248,1,"IOTHUB_CLIENT_CONFIRMATION_OK"
20803,10410929403,10410929658,1,"IOTHUB_CLIENT_CONFIRMATION_OK"
20804,10410929603,10410929856,1,"IOTHUB_CLIENT_CONFIRMATION_OK"
20805,10410929803,10410929955,1,"IOTHUB_CLIENT_CONFIRMATION_OK"
20806,10410930003,10410930201,1,"IOTHUB_CLIENT_CONFIRMATION_OK"
20807,10410930204,10410930394,1,"IOTHUB_CLIENT_CONFIRMATION_OK"
20808,10410930404,10410930484,1,"IOTHUB_CLIENT_CONFIRMATION_OK"
20809,10410930604,10410930647,1,"IOTHUB_CLIENT_CONFIRMATION_OK"
20810,10410930804,10410930849,1,"IOTHUB_CLIENT_CONFIRMATION_OK"
20811,10410931004,10410931110,1,"IOTHUB_CLIENT_CONFIRMATION_OK"
20812,10410931204,10410931262,1,"IOTHUB_CLIENT_CONFIRMATION_OK"
20813,10410931404,10410931452,1,"IOTHUB_CLIENT_CONFIRMATION_OK"
20814,10410931605,10410931694,1,"IOTHUB_CLIENT_CONFIRMATION_OK"
20815,10410931805,10410931856,1,"IOTHUB_CLIENT_CONFIRMATION_OK"
20816,10410932005,10410932063,1,"IOTHUB_CLIENT_CONFIRMATION_OK"
20817,10410932205,10410932286,1,"IOTHUB_CLIENT_CONFIRMATION_OK"
20818,10410932405,10410932664,1,"IOTHUB_CLIENT_CONFIRMATION_OK"
20819,10410932605,10410932705,1,"IOTHUB_CLIENT_CONFIRMATION_OK"
20820,10410932805,10410932862,1,"IOTHUB_CLIENT_CONFIRMATION_OK"
20821,10410933006,10410933052,1,"IOTHUB_CLIENT_CONFIRMATION_OK"
20822,10410933206,10410933250,1,"IOTHUB_CLIENT_CONFIRMATION_OK"
20823,10410933406,10410933475,1,"IOTHUB_CLIENT_CONFIRMATION_OK"
20824,10410933606,10410933685,1,"IOTHUB_CLIENT_CONFIRMATION_OK"
20825,10410933806,10410933860,1,"IOTHUB_CLIENT_CONFIRMATION_OK"
20826,10410934006,10410934051,1,"IOTHUB_CLIENT_CONFIRMATION_OK"
20827,10410934207,10410934264,1,"IOTHUB_CLIENT_CONFIRMATION_OK"
20828,10410934407,10410934483,1,"IOTHUB_CLIENT_CONFIRMATION_OK"
20829,10410934607,10410934674,1,"IOTHUB_CLIENT_CONFIRMATION_OK"
20830,10410934807,10410934851,1,"IOTHUB_CLIENT_CONFIRMATION_OK"
20831,10410935007,10410935050,1,"IOTHUB_CLIENT_CONFIRMATION_OK"
20832,10410935207,10410935321,1,"IOTHUB_CLIENT_CONFIRMATION_OK"
20833,10410935407,10410935450,1,"IOTHUB_CLIENT_CONFIRMATION_OK"
20834,10410935608,10410935660,1,"IOTHUB_CLIENT_CONFIRMATION_OK"
20835,10410935808,10410935912,1,"IOTHUB_CLIENT_CONFIRMATION_OK"
20836,10410936008,10410936108,1,"IOTHUB_CLIENT_CONFIRMATION_OK"
20837,10410936208,10410936249,1,"IOTHUB_CLIENT_CONFIRMATION_OK"
20838,10410936408,10410936465,1,"IOTHUB_CLIENT_CONFIRMATION_OK"
20839,10410936608,10410936650,1,"IOTHUB_CLIENT_CONFIRMATION_OK"
20840,10410936808,10410936847,1,"IOTHUB_CLIENT_CONFIRMATION_OK"
20841,10410937009,10410937052,1,"IOTHUB_CLIENT_CONFIRMATION_OK"
20842,10410937209,10410937261,1,"IOTHUB_CLIENT_CONFIRMATION_OK"
20843,10410937409,10410937571,1,"IOTHUB_CLIENT_CONFIRMATION_OK"
20844,10410937609,10410937674,1,"IOTHUB_CLIENT_CONFIRMATION_OK"
20845,10410937809,10410937850,1,"IOTHUB_CLIENT_CONFIRMATION_OK"
20846,10410938009,10410938167,1,"IOTHUB_CLIENT_CONFIRMATION_OK"
20847,10410938210,10410938251,1,"IOTHUB_CLIENT_CONFIRMATION_OK"
20848,10410938410,10410938523,1,"IOTHUB_CLIENT_CONFIRMATION_OK"
20849,10410938610,10410938657,1,"IOTHUB_CLIENT_CONFIRMATION_OK"
20850,10410938810,10410938867,1,"IOTHUB_CLIENT_CONFIRMATION_OK"
20851,10410939010,10410939051,1,"IOTHUB_CLIENT_CONFIRMATION_OK"
20852,10410939210,10410939261,1,"IOTHUB_CLIENT_CONFIRMATION_OK"
20853,10410939411,10410939451,1,"IOTHUB_CLIENT_CONFIRMATION_OK"
20854,10410939611,10410939658,1,"IOTHUB_CLIENT_CONFIRMATION_OK"
20855,10410939811,10410939865,1,"IOTHUB_CLIENT_CONFIRMATION_OK"
20856,10410940011,10410940048,1,"IOTHUB_CLIENT_CONFIRMATION_OK"
20857,10410940211,10410940375,1,"IOTHUB_CLIENT_CONFIRMATION_OK"
20858,10410940411,10410940458,1,"IOTHUB_CLIENT_CONFIRMATION_OK"
20859,10410940611,10410940667,1,"IOTHUB_CLIENT_CONFIRMATION_OK"
20860,10410940812,10410940934,1,"IOTHUB_CLIENT_CONFIRMATION_OK"
20861,10410941012,10410941060,1,"IOTHUB_CLIENT_CONFIRMATION_OK"
20862,10410941212,10410941273,1,"IOTHUB_CLIENT_CONFIRMATION_OK"
20863,10410941412,10410941461,1,"IOTHUB_CLIENT_CONFIRMATION_OK"
20864,10410941612,10410941651,1,"IOTHUB_CLIENT_CONFIRMATION_OK"
20865,10410941812,10410941852,1,"IOTHUB_CLIENT_CONFIRMATION_OK"
20866,10410942012,10410942057,1,"IOTHUB_CLIENT_CONFIRMATION_OK"
20867,10410942213,10410942270,1,"IOTHUB_CLIENT_CONFIRMATION_OK"
20868,10410942413,10410942616,1,"IOTHUB_CLIENT_CONFIRMATION_OK"
20869,10410942613,10410942671,1,"IOTHUB_CLIENT_CONFIRMATION_OK"
20870,10410942813,10410942854,1,"IOTHUB_CLIENT_CONFIRMATION_OK"
20871,10410943013,10410943053,1,"IOTHUB_CLIENT_CONFIRMATION_OK"
20872,10410943213,10410943275,1,"IOTHUB_CLIENT_CONFIRMATION_OK"
20873,10410943414,10410943464,1,"IOTHUB_CLIENT_CONFIRMATION_OK"
20874,10410943614,10410943655,1,"IOTHUB_CLIENT_CONFIRMATION_OK"
20875,10410943814,10410943858,1,"IOTHUB_CLIENT_CONFIRMATION_OK"
20876,10410944014,10410944106,1,"IOTHUB_CLIENT_CONFIRMATION_OK"
20877,10410944214,10410944303,1,"IOTHUB_CLIENT_CONFIRMATION_OK"
20878,10410944414,10410944480,1,"IOTHUB_CLIENT_CONFIRMATION_OK"
20879,10410944615,10410944673,1,"IOTHUB_CLIENT_CONFIRMATION_OK"
20880,10410944815,10410944885,1,"IOTHUB_CLIENT_CONFIRMATION_OK"
20881,10410945015,10410945068,1,"IOTHUB_CLIENT_CONFIRMATION_OK"
20882,10410945215,10410945271,1,"IOTHUB_CLIENT_CONFIRMATION_OK"
20883,10410945415,10410945476,1,"IOTHUB_CLIENT_CONFIRMATION_OK"
20884,10410945615,10410945654,1,"IOTHUB_CLIENT_CONFIRMATION_OK"
20885,10410945816,10410945872,1,"IOTHUB_CLIENT_CONFIRMATION_OK"
20886,10410946016,10410946072,1,"IOTHUB_CLIENT_CONFIRMATION_OK"
20887,10410946216,10410946261,1,"IOTHUB_CLIENT_CONFIRMATION_OK"
20888,10410946416,10410946477,1,"IOTHUB_CLIENT_CONFIRMATION_OK"
20889,10410946616,10410946670,1,"IOTHUB_CLIENT_CONFIRMATION_OK"
20890,10410946816,10410946864,1,"IOTHUB_CLIENT_CONFIRMATION_OK"
20891,10410947016,10410947121,1,"IOTHUB_CLIENT_CONFIRMATION_OK"
20892,10410947217,10410947277,1,"IOTHUB_CLIENT_CONFIRMATION_OK"
20893,10410947417,10410947512,1,"IOTHUB_CLIENT_CONFIRMATION_OK"
20894,10410947617,10410947653,1,"IOTHUB_CLIENT_CONFIRMATION_OK"
20895,10410947817,10410947857,1,"IOTHUB_CLIENT_CONFIRMATION_OK"
20896,10410948017,10410948181,1,"IOTHUB_CLIENT_CONFIRMATION_OK"
20897,10410948217,10410948263,1,"IOTHUB_CLIENT_CONFIRMATION_OK"
20898,10410948418,10410948520,1,"IOTHUB_CLIENT_CONFIRMATION_OK"
20899,10410948618,10410948752,1,"IOTHUB_CLIENT_CONFIRMATION_OK"
20900,10410948818,10410948870,1,"IOTHUB_CLIENT_CONFIRMATION_OK"
20901,10410949018,10410949147,1,"IOTHUB_CLIENT_CONFIRMATION_OK"
20902,10410949218,10410949289,1,"IOTHUB_CLIENT_CONFIRMATION_OK"
20903,10410949418,10410949462,1,"IOTHUB_CLIENT_CONFIRMATION_OK"
20904,10410949619,10410949660,1,"IOTHUB_CLIENT_CONFIRMATION_OK"
20905,10410949819,10410949865,1,"IOTHUB_CLIENT_CONFIRMATION_OK"
20906,10410950019,10410950061,1,"IOTHUB_CLIENT_CONFIRMATION_OK"
20907,10410950219,10410950364,1,"IOTHUB_CLIENT_CONFIRMATION_OK"
20908,10410950419,10410950461,1,"IOTHUB_CLIENT_CONFIRMATION_OK"
20909,10410950619,10410950660,1,"IOTHUB_CLIENT_CONFIRMATION_OK"
20910,10410950819,10410950890,1,"IOTHUB_CLIENT_CONFIRMATION_OK"
20911,10410951020,10410951064,1,"IOTHUB_CLIENT_CONFIRMATION_OK"
20912,10410951220,10410951283,1,"IOTHUB_CLIENT_CONFIRMATION_OK"
20913,10410951420,10410951467,1,"IOTHUB_CLIENT_CONFIRMATION_OK"
20914,10410951620,10410951684,1,"IOTHUB_CLIENT_CONFIRMATION_OK"
20915,10410951820,10410951869,1,"IOTHUB_CLIENT_CONFIRMATION_OK"
20916,10410952020,10410952071,1,"IOTHUB_CLIENT_CONFIRMATION_OK"
20917,10410952221,10410952269,1,"IOTHUB_CLIENT_CONFIRMATION_OK"
20918,10410952421,10410952726,1,"IOTHUB_CLIENT_CONFIRMATION_OK"
20919,10410952621,10410952768,1,"IOTHUB_CLIENT_CONFIRMATION_OK"
20920,10410952821,10410952863,1,"IOTHUB_CLIENT_CONFIRMATION_OK"
20921,10410953021,10410953072,1,"IOTHUB_CLIENT_CONFIRMATION_OK"
20922,10410953221,10410953270,1,"IOTHUB_CLIENT_CONFIRMATION_OK"
20923,10410953421,10410953470,1,"IOTHUB_CLIENT_CONFIRMATION_OK"
20924,10410953622,10410953729,1,"IOTHUB_CLIENT_CONFIRMATION_OK"
20925,10410953822,10410953878,1,"IOTHUB_CLIENT_CONFIRMATION_OK"
20926,10410954022,10410954076,1,"IOTHUB_CLIENT_CONFIRMATION_OK"
20927,10410954222,10410954303,1,"IOTHUB_CLIENT_CONFIRMATION_OK"
20928,10410954422,10410954490,1,"IOTHUB_CLIENT_CONFIRMATION_OK"
20929,10410954622,10410954666,1,"IOTHUB_CLIENT_CONFIRMATION_OK"
20930,10410954822,10410954864,1,"IOTHUB_CLIENT_CONFIRMATION_OK"
20931,10410955023,10410955085,1,"IOTHUB_CLIENT_CONFIRMATION_OK"
20932,10410955223,10410955273,1,"IOTHUB_CLIENT_CONFIRMATION_OK"
20933,10410955423,10410955490,1,"IOTHUB_CLIENT_CONFIRMATION_OK"
20934,10410955623,10410955668,1,"IOTHUB_CLIENT_CONFIRMATION_OK"
20935,10410955823,10410955870,1,"IOTHUB_CLIENT_CONFIRMATION_OK"
20936,10410956023,10410956084,1,"IOTHUB_CLIENT_CONFIRMATION_OK"
20937,10410956223,10410956265,1,"IOTHUB_CLIENT_CONFIRMATION_OK"
20938,10410956424,10410956477,1,"IOTHUB_CLIENT_CONFIRMATION_OK"
20939,10410956624,10410956671,1,"IOTHUB_CLIENT_CONFIRMATION_OK"
20940,10410956824,10410956885,1,"IOTHUB_CLIENT_CONFIRMATION_OK"
20941,10410957024,10410957090,1,"IOTHUB_CLIENT_CONFIRMATION_OK"
20942,10410957224,10410957261,1,"IOTHUB_CLIENT_CONFIRMATION_OK"
20943,10410957424,10410957500,1,"IOTHUB_CLIENT_CONFIRMATION_OK"
20944,10410957625,10410957665,1,"IOTHUB_CLIENT_CONFIRMATION_OK"
20945,10410957825,10410957903,1,"IOTHUB_CLIENT_CONFIRMATION_OK"
20946,10410958025,10410958088,1,"IOTHUB_CLIENT_CONFIRMATION_OK"
20947,10410958225,10410958265,1,"IOTHUB_CLIENT_CONFIRMATION_OK"
20948,10410958425,10410958471,1,"IOTHUB_CLIENT_CONFIRMATION_OK"
20949,10410958625,10410958710,1,"IOTHUB_CLIENT_CONFIRMATION_OK"
20950,10410958825,10410958901,1,"IOTHUB_CLIENT_CONFIRMATION_OK"
20951,10410959026,10410959065,1,"IOTHUB_CLIENT_CONFIRMATION_OK"
20952,10410959226,10410959327,1,"IOTHUB_CLIENT_CONFIRMATION_OK"
20953,10410959426,10410959468,1,"IOTHUB_CLIENT_CONFIRMATION_OK"
20954,10410959626,10410959702,1,"IOTHUB_CLIENT_CONFIRMATION_OK"
20955,10410959826,10410959891,1,"IOTHUB_CLIENT_CONFIRMATION_OK"
20956,10410960026,10410960062,1,"IOTHUB_CLIENT_CONFIRMATION_OK"
20957,10410960226,10410960337,1,"IOTHUB_CLIENT_CONFIRMATION_OK"
20958,10410960427,10410960473,1,"IOTHUB_CLIENT_CONFIRMATION_OK"
20959,10410960627,10410960676,1,"IOTHUB_CLIENT_CONFIRMATION_OK"
20960,10410960827,10410961022,1,"IOTHUB_CLIENT_CONFIRMATION_OK"
20961,10410961027,10410961062,1,"IOTHUB_CLIENT_CONFIRMATION_OK"
20962,10410961227,10410961299,1,"IOTHUB_CLIENT_CONFIRMATION_OK"
20963,10410961427,10410961469,1,"IOTHUB_CLIENT_CONFIRMATION_OK"
20964,10410961628,10410961669,1,"IOTHUB_CLIENT_CONFIRMATION_OK"
20965,10410961828,10410961874,1,"IOTHUB_CLIENT_CONFIRMATION_OK"
20966,10410962028,10410962072,1,"IOTHUB_CLIENT_CONFIRMATION_OK"
20967,10410962228,10410962275,1,"IOTHUB_CLIENT_CONFIRMATION_OK"
20968,10410962428,10410962659,1,"IOTHUB_CLIENT_CONFIRMATION_OK"
20969,10410962628,10410962696,1,"IOTHUB_CLIENT_CONFIRMATION_OK"
20970,10410962828,10410962882,1,"IOTHUB_CLIENT_CONFIRMATION_OK"
20971,10410963029,10410963066,1,"IOTHUB_CLIENT_CONFIRMATION_OK"
20972,10410963229,10410963276,1,"IOTHUB_CLIENT_CONFIRMATION_OK"
20973,10410963429,10410963466,1,"IOTHUB_CLIENT_CONFIRMATION_OK"
20974,10410963629,10410963677,1,"IOTHUB_CLIENT_CONFIRMATION_OK"
20975,10410963829,10410963883,1,"IOTHUB_CLIENT_CONFIRMATION_OK"
20976,10410964029,10410964071,1,"IOTHUB_CLIENT_CONFIRMATION_OK"
20977,10410964230,10410964278,1,"IOTHUB_CLIENT_CONFIRMATION_OK"
20978,10410964430,10410964486,1,"IOTHUB_CLIENT_CONFIRMATION_OK"
20979,10410964630,10410964672,1,"IOTHUB_CLIENT_CONFIRMATION_OK"
20980,10410964830,10410964997,1,"IOTHUB_CLIENT_CONFIRMATION_OK"
20981,10410965030,10410965091,1,"IOTHUB_CLIENT_CONFIRMATION_OK"
20982,10410965230,10410965320,1,"IOTHUB_CLIENT_CONFIRMATION_OK"
20983,10410965430,10410965467,1,"IOTHUB_CLIENT_CONFIRMATION_OK"
20984,10410965631,10410965692,1,"IOTHUB_CLIENT_CONFIRMATION_OK"
20985,10410965831,10410965887,1,"IOTHUB_CLIENT_CONFIRMATION_OK"
20986,10410966031,10410966074,1,"IOTHUB_CLIENT_CONFIRMATION_OK"
20987,10410966231,10410966304,1,"IOTHUB_CLIENT_CONFIRMATION_OK"
20988,10410966431,10410966541,1,"IOTHUB_CLIENT_CONFIRMATION_OK"
20989,10410966631,10410966703,1,"IOTHUB_CLIENT_CONFIRMATION_OK"
20990,10410966831,10410966877,1,"IOTHUB_CLIENT_CONFIRMATION_OK"
20991,10410967032,10410967078,1,"IOTHUB_CLIENT_CONFIRMATION_OK"
20992,10410967232,10410967277,1,"IOTHUB_CLIENT_CONFIRMATION_OK"
20993,10410967432,10410967513,1,"IOTHUB_CLIENT_CONFIRMATION_OK"
20994,10410967632,10410967680,1,"IOTHUB_CLIENT_CONFIRMATION_OK"
20995,10410967832,10410967879,1,"IOTHUB_CLIENT_CONFIRMATION_OK"
20996,10410968032,10410968120,1,"IOTHUB_CLIENT_CONFIRMATION_OK"
20997,10410968233,10410968288,1,"IOTHUB_CLIENT_CONFIRMATION_OK"
20998,10410968433,10410968474,1,"IOTHUB_CLIENT_CONFIRMATION_OK"
20999,10410968633,10410968759,1,"IOTHUB_CLIENT_CONFIRMATION_OK"
21000,10410968833,10410968934,1,"IOTHUB_CLIENT_CONFIRMATION_OK"
21001,10410969033,10410969083,1,"IOTHUB_CLIENT_CONFIRMATION_OK"
21002,10410969233,10410969308,1,"IOTHUB_CLIENT_CONFIRMATION_OK"
21003,10410969433,10410969491,1,"IOTHUB_CLIENT_CONFIRMATION_OK"
21004,10410969634,10410969676,1,"IOTHUB_CLIENT_CONFIRMATION_OK"
21005,10410969834,10410969874,1,"IOTHUB_CLIENT_CONFIRMATION_OK"
21006,10410970034,10410970097,1,"IOTHUB_CLIENT_CONFIRMATION_OK"
21007,10410970234,10410970562,1,"IOTHUB_CLIENT_CONFIRMATION_OK"
21008,10410970434,10410970692,1,"IOTHUB_CLIENT_CONFIRMATION_OK"
21009,10410970634,10410970770,1,"IOTHUB_CLIENT_CONFIRMATION_OK"
21010,10410970835,10410970987,1,"IOTHUB_CLIENT_CONFIRMATION_OK"
21011,10410971035,10410971097,1,"IOTHUB_CLIENT_CONFIRMATION_OK"
21012,10410971235,10410971279,1,"IOTHUB_CLIENT_CONFIRMATION_OK"
21013,10410971435,10410971476,1,"IOTHUB_CLIENT_CONFIRMATION_OK"
21014,10410971635,10410971676,1,"IOTHUB_CLIENT_CONFIRMATION_OK"
21015,10410971835,10410971910,1,"IOTHUB_CLIENT_CONFIRMATION_OK"
21016,10410972035,10410972157,1,"IOTHUB_CLIENT_CONFIRMATION_OK"
21017,10410972236,10410972280,1,"IOTHUB_CLIENT_CONFIRMATION_OK"
21018,10410972436,10410972521,1,"IOTHUB_CLIENT_CONFIRMATION_OK"
21019,10410972636,10410972696,1,"IOTHUB_CLIENT_CONFIRMATION_OK"
21020,10410972836,10410972882,1,"IOTHUB_CLIENT_CONFIRMATION_OK"
21021,10410973036,10410973109,1,"IOTHUB_CLIENT_CONFIRMATION_OK"
21022,10410973236,10410973275,1,"IOTHUB_CLIENT_CONFIRMATION_OK"
21023,10410973437,10410973508,1,"IOTHUB_CLIENT_CONFIRMATION_OK"
21024,10410973637,10410973723,1,"IOTHUB_CLIENT_CONFIRMATION_OK"
21025,10410973837,10410973928,1,"IOTHUB_CLIENT_CONFIRMATION_OK"
21026,10410974037,10410974092,1,"IOTHUB_CLIENT_CONFIRMATION_OK"
21027,10410974237,10410974347,1,"IOTHUB_CLIENT_CONFIRMATION_OK"
21028,10410974437,10410974484,1,"IOTHUB_CLIENT_CONFIRMATION_OK"
21029,10410974637,10410974715,1,"IOTHUB_CLIENT_CONFIRMATION_OK"
21030,10410974838,10410974884,1,"IOTHUB_CLIENT_CONFIRMATION_OK"
21031,10410975038,10410975089,1,"IOTHUB_CLIENT_CONFIRMATION_OK"
21032,10410975238,10410975347,1,"IOTHUB_CLIENT_CONFIRMATION_OK"
21033,10410975438,10410975485,1,"IOTHUB_CLIENT_CONFIRMATION_OK"
21034,10410975638,10410975690,1,"IOTHUB_CLIENT_CONFIRMATION_OK"
21035,10410975838,10410976023,1,"IOTHUB_CLIENT_CONFIRMATION_OK"
21036,10410976039,10410976094,1,"IOTHUB_CLIENT_CONFIRMATION_OK"
21037,10410976239,10410976299,1,"IOTHUB_CLIENT_CONFIRMATION_OK"
21038,10410976439,10410976497,1,"IOTHUB_CLIENT_CONFIRMATION_OK"
21039,10410976639,10410976680,1,"IOTHUB_CLIENT_CONFIRMATION_OK"
21040,10410976839,10410976905,1,"IOTHUB_CLIENT_CONFIRMATION_OK"
21041,10410977039,10410977245,1,"IOTHUB_CLIENT_CONFIRMATION_OK"
21042,10410977239,10410977309,1,"IOTHUB_CLIENT_CONFIRMATION_OK"
21043,10410977440,10410977728,1,"IOTHUB_CLIENT_CONFIRMATION_OK"
21044,10410977640,10410977794,1,"IOTHUB_CLIENT_CONFIRMATION_OK"
21045,10410977840,10410977964,1,"IOTHUB_CLIENT_CONFIRMATION_OK"
21046,10410978040,10410978086,1,"IOTHUB_CLIENT_CONFIRMATION_OK"
21047,10410978240,10410978303,1,"IOTHUB_CLIENT_CONFIRMATION_OK"
21048,10410978440,10410978515,1,"IOTHUB_CLIENT_CONFIRMATION_OK"
21049,10410978641,10410978692,1,"IOTHUB_CLIENT_CONFIRMATION_OK"
21050,10410978841,10410978883,1,"IOTHUB_CLIENT_CONFIRMATION_OK"
21051,10410979041,10410979081,1,"IOTHUB_CLIENT_CONFIRMATION_OK"
21052,10410979241,10410979342,1,"IOTHUB_CLIENT_CONFIRMATION_OK"
21053,10410979441,10410979500,1,"IOTHUB_CLIENT_CONFIRMATION_OK"
21054,10410979641,10410979706,1,"IOTHUB_CLIENT_CONFIRMATION_OK"
21055,10410979842,10410979936,1,"IOTHUB_CLIENT_CONFIRMATION_OK"
21056,10410980042,10410980100,1,"IOTHUB_CLIENT_CONFIRMATION_OK"
21057,10410980242,10410980338,1,"IOTHUB_CLIENT_CONFIRMATION_OK"
21058,10410980442,10410980488,1,"IOTHUB_CLIENT_CONFIRMATION_OK"
21059,10410980642,10410980689,1,"IOTHUB_CLIENT_CONFIRMATION_OK"
21060,10410980842,10410980949,1,"IOTHUB_CLIENT_CONFIRMATION_OK"
21061,10410981043,10410981102,1,"IOTHUB_CLIENT_CONFIRMATION_OK"
21062,10410981243,10410981303,1,"IOTHUB_CLIENT_CONFIRMATION_OK"
21063,10410981443,10410981481,1,"IOTHUB_CLIENT_CONFIRMATION_OK"
21064,10410981643,10410981703,1,"IOTHUB_CLIENT_CONFIRMATION_OK"
21065,10410981843,10410981918,1,"IOTHUB_CLIENT_CONFIRMATION_OK"
21066,10410982043,10410982097,1,"IOTHUB_CLIENT_CONFIRMATION_OK"
21067,10410982243,10410982287,1,"IOTHUB_CLIENT_CONFIRMATION_OK"
21068,10410982444,10410982562,1,"IOTHUB_CLIENT_CONFIRMATION_OK"
21069,10410982644,10410982708,1,"IOTHUB_CLIENT_CONFIRMATION_OK"
21070,10410982844,10410982899,1,"IOTHUB_CLIENT_CONFIRMATION_OK"
21071,10410983044,10410983190,1,"IOTHUB_CLIENT_CONFIRMATION_OK"
21072,10410983244,10410983289,1,"IOTHUB_CLIENT_CONFIRMATION_OK"
21073,10410983444,10410983501,1,"IOTHUB_CLIENT_CONFIRMATION_OK"
21074,10410983645,10410983694,1,"IOTHUB_CLIENT_CONFIRMATION_OK"
21075,10410983845,10410983901,1,"IOTHUB_CLIENT_CONFIRMATION_OK"
21076,10410984045,10410984096,1,"IOTHUB_CLIENT_CONFIRMATION_OK"
21077,10410984245,10410984291,1,"IOTHUB_CLIENT_CONFIRMATION_OK"
21078,10410984445,10410984484,1,"IOTHUB_CLIENT_CONFIRMATION_OK"
21079,10410984645,10410984693,1,"IOTHUB_CLIENT_CONFIRMATION_OK"
21080,10410984846,10410984898,1,"IOTHUB_CLIENT_CONFIRMATION_OK"
21081,10410985046,10410985096,1,"IOTHUB_CLIENT_CONFIRMATION_OK"
21082,10410985246,10410985429,1,"IOTHUB_CLIENT_CONFIRMATION_OK"
21083,10410985446,10410985496,1,"IOTHUB_CLIENT_CONFIRMATION_OK"
21084,10410985646,10410985687,1,"IOTHUB_CLIENT_CONFIRMATION_OK"
21085,10410985846,10410985911,1,"IOTHUB_CLIENT_CONFIRMATION_OK"
21086,10410986046,10410986105,1,"IOTHUB_CLIENT_CONFIRMATION_OK"
21087,10410986247,10410986303,1,"IOTHUB_CLIENT_CONFIRMATION_OK"
21088,10410986447,10410986561,1,"IOTHUB_CLIENT_CONFIRMATION_OK"
21089,10410986647,10410986689,1,"IOTHUB_CLIENT_CONFIRMATION_OK"
21090,10410986847,10410986922,1,"IOTHUB_CLIENT_CONFIRMATION_OK"
21091,10410987047,10410987190,1,"IOTHUB_CLIENT_CONFIRMATION_OK"
21092,10410987247,10410987298,1,"IOTHUB_CLIENT_CONFIRMATION_OK"
21093,10410987448,10410987674,1,"IOTHUB_CLIENT_CONFIRMATION_OK"
21094,10410987648,10410987703,1,"IOTHUB_CLIENT_CONFIRMATION_OK"
21095,10410987848,10410987916,1,"IOTHUB_CLIENT_CONFIRMATION_OK"
21096,10410988048,10410988090,1,"IOTHUB_CLIENT_CONFIRMATION_OK"
21097,10410988248,10410988302,1,"IOTHUB_CLIENT_CONFIRMATION_OK"
21098,10410988448,10410988491,1,"IOTHUB_CLIENT_CONFIRMATION_OK"
21099,10410988648,10410988688,1,"IOTHUB_CLIENT_CONFIRMATION_OK"
21100,10410988849,10410988885,1,"IOTHUB_CLIENT_CONFIRMATION_OK"
21101,10410989049,10410989101,1,"IOTHUB_CLIENT_CONFIRMATION_OK"
21102,10410989249,10410989360,1,"IOTHUB_CLIENT_CONFIRMATION_OK"
21103,10410989449,10410989526,1,"IOTHUB_CLIENT_CONFIRMATION_OK"
21104,10410989649,10410989694,1,"IOTHUB_CLIENT_CONFIRMATION_OK"
21105,10410989849,10410989888,1,"IOTHUB_CLIENT_CONFIRMATION_OK"
21106,10410990050,10410990100,1,"IOTHUB_CLIENT_CONFIRMATION_OK"
21107,10410990250,10410990350,1,"IOTHUB_CLIENT_CONFIRMATION_OK"
21108,10410990450,10410990502,1,"IOTHUB_CLIENT_CONFIRMATION_OK"
21109,10410990650,10410990694,1,"IOTHUB_CLIENT_CONFIRMATION_OK"
21110,10410990850,10410990925,1,"IOTHUB_CLIENT_CONFIRMATION_OK"
21111,10410991050,10410991103,1,"IOTHUB_CLIENT_CONFIRMATION_OK"
21112,10410991250,10410991293,1,"IOTHUB_CLIENT_CONFIRMATION_OK"
21113,10410991451,10410991557,1,"IOTHUB_CLIENT_CONFIRMATION_OK"
21114,10410991651,10410991721,1,"IOTHUB_CLIENT_CONFIRMATION_OK"
21115,10410991851,10410991919,1,"IOTHUB_CLIENT_CONFIRMATION_OK"
21116,10410992051,10410992098,1,"IOTHUB_CLIENT_CONFIRMATION_OK"
21117,10410992251,10410992368,1,"IOTHUB_CLIENT_CONFIRMATION_OK"
21118,10410992451,10410992567,1,"IOTHUB_CLIENT_CONFIRMATION_OK"
21119,10410992652,10410992706,1,"IOTHUB_CLIENT_CONFIRMATION_OK"
21120,10410992852,10410992944,1,"IOTHUB_CLIENT_CONFIRMATION_OK"
21121,10410993052,10410993196,1,"IOTHUB_CLIENT_CONFIRMATION_OK"
21122,10410993252,10410993304,1,"IOTHUB_CLIENT_CONFIRMATION_OK"
21123,10410993452,10410993492,1,"IOTHUB_CLIENT_CONFIRMATION_OK"
21124,10410993652,10410993719,1,"IOTHUB_CLIENT_CONFIRMATION_OK"
21125,10410993852,10410993930,1,"IOTHUB_CLIENT_CONFIRMATION_OK"
21126,10410994053,10410994095,1,"IOTHUB_CLIENT_CONFIRMATION_OK"
21127,10410994253,10410994306,1,"IOTHUB_CLIENT_CONFIRMATION_OK"
21128,10410994453,10410994513,1,"IOTHUB_CLIENT_CONFIRMATION_OK"
21129,10410994653,10410994704,1,"IOTHUB_CLIENT_CONFIRMATION_OK"
21130,10410994853,10410994912,1,"IOTHUB_CLIENT_CONFIRMATION_OK"
21131,10410995053,10410995090,1,"IOTHUB_CLIENT_CONFIRMATION_OK"
21132,10410995254,10410995466,1,"IOTHUB_CLIENT_CONFIRMATION_OK"
21133,10410995454,10410995538,1,"IOTHUB_CLIENT_CONFIRMATION_OK"
21134,10410995654,10410995713,1,"IOTHUB_CLIENT_CONFIRMATION_OK"
21135,10410995854,10410995910,1,"IOTHUB_CLIENT_CONFIRMATION_OK"
21136,10410996054,10410996122,1,"IOTHUB_CLIENT_CONFIRMATION_OK"
21137,10410996254,10410996341,1,"IOTHUB_CLIENT_CONFIRMATION_OK"
21138,10410996454,10410996518,1,"IOTHUB_CLIENT_CONFIRMATION_OK"
21139,10410996655,10410996718,1,"IOTHUB_CLIENT_CONFIRMATION_OK"
21140,10410996855,10410996918,1,"IOTHUB_CLIENT_CONFIRMATION_OK"
21141,10410997055,10410997121,1,"IOTHUB_CLIENT_CONFIRMATION_OK"
21142,10410997255,10410997316,1,"IOTHUB_CLIENT_CONFIRMATION_OK"
21143,10410997455,10410997522,1,"IOTHUB_CLIENT_CONFIRMATION_OK"
21144,10410997655,10410997713,1,"IOTHUB_CLIENT_CONFIRMATION_OK"
21145,10410997856,10410997924,1,"IOTHUB_CLIENT_CONFIRMATION_OK"
21146,10410998056,10410998167,1,"IOTHUB_CLIENT_CONFIRMATION_OK"
21147,10410998256,10410998345,1,"IOTHUB_CLIENT_CONFIRMATION_OK"
21148,10410998456,10410998515,1,"IOTHUB_CLIENT_CONFIRMATION_OK"
21149,10410998656,10410998756,1,"IOTHUB_CLIENT_CONFIRMATION_OK"
21150,10410998856,10410998899,1,"IOTHUB_CLIENT_CONFIRMATION_OK"
21151,10410999056,10410999112,1,"IOTHUB_CLIENT_CONFIRMATION_OK"
21152,10410999257,10410999374,1,"IOTHUB_CLIENT_CONFIRMATION_OK"
21153,10410999457,10410999499,1,"IOTHUB_CLIENT_CONFIRMATION_OK"
21154,10410999657,10410999695,1,"IOTHUB_CLIENT_CONFIRMATION_OK"
21155,10410999857,10410999911,1,"IOTHUB_CLIENT_CONFIRMATION_OK"
21156,10411000057,10411000146,1,"IOTHUB_CLIENT_CONFIRMATION_OK"
21157,10411000257,10411000365,1,"IOTHUB_CLIENT_CONFIRMATION_OK"
21158,10411000458,10411000500,1,"IOTHUB_CLIENT_CONFIRMATION_OK"
21159,10411000658,10411000705,1,"IOTHUB_CLIENT_CONFIRMATION_OK"
21160,10411000858,10411000996,1,"IOTHUB_CLIENT_CONFIRMATION_OK"
21161,10411001058,10411001093,1,"IOTHUB_CLIENT_CONFIRMATION_OK"
21162,10411001258,10411001310,1,"IOTHUB_CLIENT_CONFIRMATION_OK"
21163,10411001458,10411001517,1,"IOTHUB_CLIENT_CONFIRMATION_OK"
21164,10411001658,10411001708,1,"IOTHUB_CLIENT_CONFIRMATION_OK"
21165,10411001859,10411001910,1,"IOTHUB_CLIENT_CONFIRMATION_OK"
21166,10411002059,10411002112,1,"IOTHUB_CLIENT_CONFIRMATION_OK"
21167,10411002259,10411002298,1,"IOTHUB_CLIENT_CONFIRMATION_OK"
21168,10411002459,10411002635,1,"IOTHUB_CLIENT_CONFIRMATION_OK"
21169,10411002659,10411002717,1,"IOTHUB_CLIENT_CONFIRMATION_OK"
21170,10411002859,10411002937,1,"IOTHUB_CLIENT_CONFIRMATION_OK"
21171,10411003060,10411003228,1,"IOTHUB_CLIENT_CONFIRMATION_OK"
21172,10411003260,10411003312,1,"IOTHUB_CLIENT_CONFIRMATION_OK"
21173,10411003460,10411003509,1,"IOTHUB_CLIENT_CONFIRMATION_OK"
21174,10411003660,10411003713,1,"IOTHUB_CLIENT_CONFIRMATION_OK"
21175,10411003860,10411003987,1,"IOTHUB_CLIENT_CONFIRMATION_OK"
21176,10411004060,10411004136,1,"IOTHUB_CLIENT_CONFIRMATION_OK"
21177,10411004260,10411004303,1,"IOTHUB_CLIENT_CONFIRMATION_OK"
21178,10411004461,10411004508,1,"IOTHUB_CLIENT_CONFIRMATION_OK"
21179,10411004661,10411004700,1,"IOTHUB_CLIENT_CONFIRMATION_OK"
21180,10411004861,10411004926,1,"IOTHUB_CLIENT_CONFIRMATION_OK"
21181,10411005061,10411005115,1,"IOTHUB_CLIENT_CONFIRMATION_OK"
21182,10411005261,10411005304,1,"IOTHUB_CLIENT_CONFIRMATION_OK"
21183,10411005461,10411005515,1,"IOTHUB_CLIENT_CONFIRMATION_OK"
21184,10411005662,10411005702,1,"IOTHUB_CLIENT_CONFIRMATION_OK"
21185,10411005862,10411005970,1,"IOTHUB_CLIENT_CONFIRMATION_OK"
21186,10411006062,10411006102,1,"IOTHUB_CLIENT_CONFIRMATION_OK"
21187,10411006262,10411006316,1,"IOTHUB_CLIENT_CONFIRMATION_OK"
21188,10411006462,10411006556,1,"IOTHUB_CLIENT_CONFIRMATION_OK"
21189,10411006662,10411006719,1,"IOTHUB_CLIENT_CONFIRMATION_OK"
21190,10411006862,10411006908,1,"IOTHUB_CLIENT_CONFIRMATION_OK"
21191,10411007063,10411007103,1,"IOTHUB_CLIENT_CONFIRMATION_OK"
21192,10411007263,10411007312,1,"IOTHUB_CLIENT_CONFIRMATION_OK"
21193,10411007463,10411007618,1,"IOTHUB_CLIENT_CONFIRMATION_OK"
21194,10411007663,10411007722,1,"IOTHUB_CLIENT_CONFIRMATION_OK"
21195,10411007863,10411007924,1,"IOTHUB_CLIENT_CONFIRMATION_OK"
21196,10411008063,10411008234,1,"IOTHUB_CLIENT_CONFIRMATION_OK"
21197,10411008263,10411008305,1,"IOTHUB_CLIENT_CONFIRMATION_OK"
21198,10411008464,10411008506,1,"IOTHUB_CLIENT_CONFIRMATION_OK"
21199,10411008664,10411008701,1,"IOTHUB_CLIENT_CONFIRMATION_OK"
21200,10411008864,10411008920,1,"IOTHUB_CLIENT_CONFIRMATION_OK"
21201,10411009064,10411009132,1,"IOTHUB_CLIENT_CONFIRMATION_OK"
21202,10411009264,10411009308,1,"IOTHUB_CLIENT_CONFIRMATION_OK"
21203,10411009464,10411009528,1,"IOTHUB_CLIENT_CONFIRMATION_OK"
21204,10411009665,10411009714,1,"IOTHUB_CLIENT_CONFIRMATION_OK"
21205,10411009865,10411009921,1,"IOTHUB_CLIENT_CONFIRMATION_OK"
21206,10411010065,10411010106,1,"IOTHUB_CLIENT_CONFIRMATION_OK"
21207,10411010265,10411010475,1,"IOTHUB_CLIENT_CONFIRMATION_OK"
21208,10411010465,10411010527,1,"IOTHUB_CLIENT_CONFIRMATION_OK"
21209,10411010665,10411010743,1,"IOTHUB_CLIENT_CONFIRMATION_OK"
21210,10411010865,10411010915,1,"IOTHUB_CLIENT_CONFIRMATION_OK"
21211,10411011066,10411011122,1,"IOTHUB_CLIENT_CONFIRMATION_OK"
21212,10411011266,10411011331,1,"IOTHUB_CLIENT_CONFIRMATION_OK"
21213,10411011466,10411011517,1,"IOTHUB_CLIENT_CONFIRMATION_OK"
21214,10411011666,10411011720,1,"IOTHUB_CLIENT_CONFIRMATION_OK"
21215,10411011866,10411011916,1,"IOTHUB_CLIENT_CONFIRMATION_OK"
21216,10411012066,10411012159,1,"IOTHUB_CLIENT_CONFIRMATION_OK"
21217,10411012267,10411012305,1,"IOTHUB_CLIENT_CONFIRMATION_OK"
21218,10411012467,10411012531,1,"IOTHUB_CLIENT_CONFIRMATION_OK"
21219,10411012667,10411012717,1,"IOTHUB_CLIENT_CONFIRMATION_OK"
21220,10411012867,10411012910,1,"IOTHUB_CLIENT_CONFIRMATION_OK"
21221,10411013067,10411013147,1,"IOTHUB_CLIENT_CONFIRMATION_OK"
21222,10411013267,10411013308,1,"IOTHUB_CLIENT_CONFIRMATION_OK"
21223,10411013467,10411013529,1,"IOTHUB_CLIENT_CONFIRMATION_OK"
21224,10411013668,10411013748,1,"IOTHUB_CLIENT_CONFIRMATION_OK"
21225,10411013868,10411013907,1,"IOTHUB_CLIENT_CONFIRMATION_OK"
21226,10411014068,10411014108,1,"IOTHUB_CLIENT_CONFIRMATION_OK"
21227,10411014268,10411014366,1,"IOTHUB_CLIENT_CONFIRMATION_OK"
21228,10411014468,10411014510,1,"IOTHUB_CLIENT_CONFIRMATION_OK"
21229,10411014668,10411014734,1,"IOTHUB_CLIENT_CONFIRMATION_OK"
21230,10411014869,10411014947,1,"IOTHUB_CLIENT_CONFIRMATION_OK"
21231,10411015069,10411015165,1,"IOTHUB_CLIENT_CONFIRMATION_OK"
21232,10411015269,10411015381,1,"IOTHUB_CLIENT_CONFIRMATION_OK"
21233,10411015469,10411015527,1,"IOTHUB_CLIENT_CONFIRMATION_OK"
21234,10411015669,10411015743,1,"IOTHUB_CLIENT_CONFIRMATION_OK"
21235,10411015869,10411015983,1,"IOTHUB_CLIENT_CONFIRMATION_OK"
21236,10411016069,10411016122,1,"IOTHUB_CLIENT_CONFIRMATION_OK"
21237,10411016270,10411016320,1,"IOTHUB_CLIENT_CONFIRMATION_OK"
21238,10411016470,10411016517,1,"IOTHUB_CLIENT_CONFIRMATION_OK"
21239,10411016670,10411016720,1,"IOTHUB_CLIENT_CONFIRMATION_OK"
21240,10411016870,10411017045,1,"IOTHUB_CLIENT_CONFIRMATION_OK"
21241,10411017070,10411017265,1,"IOTHUB_CLIENT_CONFIRMATION_OK"
21242,10411017270,10411017328,1,"IOTHUB_CLIENT_CONFIRMATION_OK"
21243,10411017471,10411017663,1,"IOTHUB_CLIENT_CONFIRMATION_OK"
21244,10411017671,10411017727,1,"IOTHUB_CLIENT_CONFIRMATION_OK"
21245,10411017871,10411017929,1,"IOTHUB_CLIENT_CONFIRMATION_OK"
21246,10411018071,10411018140,1,"IOTHUB_CLIENT_CONFIRMATION_OK"
21247,10411018271,10411018322,1,"IOTHUB_CLIENT_CONFIRMATION_OK"
21248,10411018471,10411018535,1,"IOTHUB_CLIENT_CONFIRMATION_OK"
21249,10411018671,10411018718,1,"IOTHUB_CLIENT_CONFIRMATION_OK"
21250,10411018872,10411018948,1,"IOTHUB_CLIENT_CONFIRMATION_OK"
21251,10411019072,10411019131,1,"IOTHUB_CLIENT_CONFIRMATION_OK"
21252,10411019272,10411019351,1,"IOTHUB_CLIENT_CONFIRMATION_OK"
21253,10411019472,10411019510,1,"IOTHUB_CLIENT_CONFIRMATION_OK"
21254,10411019672,10411019750,1,"IOTHUB_CLIENT_CONFIRMATION_OK"
21255,10411019872,10411019938,1,"IOTHUB_CLIENT_CONFIRMATION_OK"
21256,10411020073,10411020198,1,"IOTHUB_CLIENT_CONFIRMATION_OK"
21257,10411020273,10411020329,1,"IOTHUB_CLIENT_CONFIRMATION_OK"
21258,10411020473,10411020547,1,"IOTHUB_CLIENT_CONFIRMATION_OK"
21259,10411020673,10411020731,1,"IOTHUB_CLIENT_CONFIRMATION_OK"
21260,10411020873,10411020941,1,"IOTHUB_CLIENT_CONFIRMATION_OK"
21261,10411021073,10411021135,1,"IOTHUB_CLIENT_CONFIRMATION_OK"
21262,10411021274,10411021330,1,"IOTHUB_CLIENT_CONFIRMATION_OK"
21263,10411021474,10411021535,1,"IOTHUB_CLIENT_CONFIRMATION_OK"
21264,10411021674,10411021721,1,"IOTHUB_CLIENT_CONFIRMATION_OK"
21265,10411021874,10411021921,1,"IOTHUB_CLIENT_CONFIRMATION_OK"
21266,10411022074,10411022132,1,"IOTHUB_CLIENT_CONFIRMATION_OK"
21267,10411022274,10411022327,1,"IOTHUB_CLIENT_CONFIRMATION_OK"
21268,10411022474,10411022648,1,"IOTHUB_CLIENT_CONFIRMATION_OK"
21269,10411022675,10411022732,1,"IOTHUB_CLIENT_CONFIRMATION_OK"
21270,10411022875,10411022948,1,"IOTHUB_CLIENT_CONFIRMATION_OK"
21271,10411023075,10411023140,1,"IOTHUB_CLIENT_CONFIRMATION_OK"
21272,10411023275,10411023316,1,"IOTHUB_CLIENT_CONFIRMATION_OK"
21273,10411023475,10411023514,1,"IOTHUB_CLIENT_CONFIRMATION_OK"
21274,10411023675,10411023733,1,"IOTHUB_CLIENT_CONFIRMATION_OK"
21275,10411023875,10411023926,1,"IOTHUB_CLIENT_CONFIRMATION_OK"
21276,10411024076,10411024126,1,"IOTHUB_CLIENT_CONFIRMATION_OK"
21277,10411024276,10411024333,1,"IOTHUB_CLIENT_CONFIRMATION_OK"
21278,10411024476,10411024532,1,"IOTHUB_CLIENT_CONFIRMATION_OK"
21279,10411024676,10411024717,1,"IOTHUB_CLIENT_CONFIRMATION_OK"
21280,10411024876,10411024929,1,"IOTHUB_CLIENT_CONFIRMATION_OK"
21281,10411025076,10411025143,1,"IOTHUB_CLIENT_CONFIRMATION_OK"
21282,10411025277,10411025323,1,"IOTHUB_CLIENT_CONFIRMATION_OK"
21283,10411025477,10411025521,1,"IOTHUB_CLIENT_CONFIRMATION_OK"
21284,10411025677,10411025748,1,"IOTHUB_CLIENT_CONFIRMATION_OK"
21285,10411025877,10411025931,1,"IOTHUB_CLIENT_CONFIRMATION_OK"
21286,10411026077,10411026115,1,"IOTHUB_CLIENT_CONFIRMATION_OK"
21287,10411026277,10411026352,1,"IOTHUB_CLIENT_CONFIRMATION_OK"
21288,10411026477,10411026538,1,"IOTHUB_CLIENT_CONFIRMATION_OK"
21289,10411026678,10411026728,1,"IOTHUB_CLIENT_CONFIRMATION_OK"
21290,10411026878,10411026947,1,"IOTHUB_CLIENT_CONFIRMATION_OK"
21291,10411027078,10411027156,1,"IOTHUB_CLIENT_CONFIRMATION_OK"
21292,10411027278,10411027336,1,"IOTHUB_CLIENT_CONFIRMATION_OK"
21293,10411027478,10411027556,1,"IOTHUB_CLIENT_CONFIRMATION_OK"
21294,10411027678,10411027743,1,"IOTHUB_CLIENT_CONFIRMATION_OK"
21295,10411027879,10411027922,1,"IOTHUB_CLIENT_CONFIRMATION_OK"
21296,10411028079,10411028163,1,"IOTHUB_CLIENT_CONFIRMATION_OK"
21297,10411028279,10411028317,1,"IOTHUB_CLIENT_CONFIRMATION_OK"
21298,10411028479,10411028533,1,"IOTHUB_CLIENT_CONFIRMATION_OK"
21299,10411028679,10411028763,1,"IOTHUB_CLIENT_CONFIRMATION_OK"
21300,10411028879,10411028962,1,"IOTHUB_CLIENT_CONFIRMATION_OK"
21301,10411029079,10411029151,1,"IOTHUB_CLIENT_CONFIRMATION_OK"
21302,10411029280,10411029335,1,"IOTHUB_CLIENT_CONFIRMATION_OK"
21303,10411029480,10411029532,1,"IOTHUB_CLIENT_CONFIRMATION_OK"
21304,10411029680,10411029749,1,"IOTHUB_CLIENT_CONFIRMATION_OK"
21305,10411029880,10411029939,1,"IOTHUB_CLIENT_CONFIRMATION_OK"
21306,10411030080,10411030161,1,"IOTHUB_CLIENT_CONFIRMATION_OK"
21307,10411030280,10411030439,1,"IOTHUB_CLIENT_CONFIRMATION_OK"
21308,10411030481,10411030559,1,"IOTHUB_CLIENT_CONFIRMATION_OK"
21309,10411030681,10411030748,1,"IOTHUB_CLIENT_CONFIRMATION_OK"
21310,10411030881,10411030923,1,"IOTHUB_CLIENT_CONFIRMATION_OK"
21311,10411031081,10411031136,1,"IOTHUB_CLIENT_CONFIRMATION_OK"
21312,10411031281,10411031328,1,"IOTHUB_CLIENT_CONFIRMATION_OK"
21313,10411031481,10411031561,1,"IOTHUB_CLIENT_CONFIRMATION_OK"
21314,10411031681,10411031730,1,"IOTHUB_CLIENT_CONFIRMATION_OK"
21315,10411031882,10411031924,1,"IOTHUB_CLIENT_CONFIRMATION_OK"
21316,10411032082,10411032134,1,"IOTHUB_CLIENT_CONFIRMATION_OK"
21317,10411032282,10411032386,1,"IOTHUB_CLIENT_CONFIRMATION_OK"
21318,10411032482,10411032712,1,"IOTHUB_CLIENT_CONFIRMATION_OK"
21319,10411032682,10411032759,1,"IOTHUB_CLIENT_CONFIRMATION_OK"
21320,10411032882,10411032933,1,"IOTHUB_CLIENT_CONFIRMATION_OK"
21321,10411033083,10411033132,1,"IOTHUB_CLIENT_CONFIRMATION_OK"
21322,10411033283,10411033361,1,"IOTHUB_CLIENT_CONFIRMATION_OK"
21323,10411033483,10411033538,1,"IOTHUB_CLIENT_CONFIRMATION_OK"
21324,10411033683,10411033739,1,"IOTHUB_CLIENT_CONFIRMATION_OK"
21325,10411033883,10411033935,1,"IOTHUB_CLIENT_CONFIRMATION_OK"
21326,10411034083,10411034124,1,"IOTHUB_CLIENT_CONFIRMATION_OK"
21327,10411034283,10411034336,1,"IOTHUB_CLIENT_CONFIRMATION_OK"
21328,10411034484,10411034536,1,"IOTHUB_CLIENT_CONFIRMATION_OK"
21329,10411034684,10411034733,1,"IOTHUB_CLIENT_CONFIRMATION_OK"
21330,10411034884,10411034931,1,"IOTHUB_CLIENT_CONFIRMATION_OK"
21331,10411035084,10411035128,1,"IOTHUB_CLIENT_CONFIRMATION_OK"
21332,10411035284,10411035329,1,"IOTHUB_CLIENT_CONFIRMATION_OK"
21333,10411035484,10411035584,1,"IOTHUB_CLIENT_CONFIRMATION_OK"
21334,10411035685,10411035758,1,"IOTHUB_CLIENT_CONFIRMATION_OK"
21335,10411035885,10411035985,1,"IOTHUB_CLIENT_CONFIRMATION_OK"
21336,10411036085,10411036139,1,"IOTHUB_CLIENT_CONFIRMATION_OK"
21337,10411036285,10411036336,1,"IOTHUB_CLIENT_CONFIRMATION_OK"
21338,10411036485,10411036938,1,"IOTHUB_CLIENT_CONFIRMATION_OK"
21339,10411036685,10411036968,1,"IOTHUB_CLIENT_CONFIRMATION_OK"
21340,10411036886,10411037009,1,"IOTHUB_CLIENT_CONFIRMATION_OK"
21341,10411037086,10411037217,1,"IOTHUB_CLIENT_CONFIRMATION_OK"
21342,10411037286,10411037327,1,"IOTHUB_CLIENT_CONFIRMATION_OK"
21343,10411037486,10411037610,1,"IOTHUB_CLIENT_CONFIRMATION_OK"
21344,10411037686,10411037729,1,"IOTHUB_CLIENT_CONFIRMATION_OK"
21345,10411037886,10411037931,1,"IOTHUB_CLIENT_CONFIRMATION_OK"
21346,10411038087,10411038232,1,"IOTHUB_CLIENT_CONFIRMATION_OK"
21347,10411038287,10411038331,1,"IOTHUB_CLIENT_CONFIRMATION_OK"
21348,10411038487,10411038556,1,"IOTHUB_CLIENT_CONFIRMATION_OK"
21349,10411038687,10411038737,1,"IOTHUB_CLIENT_CONFIRMATION_OK"
21350,10411038887,10411038938,1,"IOTHUB_CLIENT_CONFIRMATION_OK"
21351,10411039087,10411039157,1,"IOTHUB_CLIENT_CONFIRMATION_OK"
21352,10411039287,10411039339,1,"IOTHUB_CLIENT_CONFIRMATION_OK"
21353,10411039488,10411039533,1,"IOTHUB_CLIENT_CONFIRMATION_OK"
21354,10411039688,10411039732,1,"IOTHUB_CLIENT_CONFIRMATION_OK"
21355,10411039888,10411039945,1,"IOTHUB_CLIENT_CONFIRMATION_OK"
21356,10411040088,10411040201,1,"IOTHUB_CLIENT_CONFIRMATION_OK"
21357,10411040288,10411040498,1,"IOTHUB_CLIENT_CONFIRMATION_OK"
21358,10411040488,10411040692,1,"IOTHUB_CLIENT_CONFIRMATION_OK"
21359,10411040689,10411040741,1,"IOTHUB_CLIENT_CONFIRMATION_OK"
21360,10411040889,10411040934,1,"IOTHUB_CLIENT_CONFIRMATION_OK"
21361,10411041089,10411041126,1,"IOTHUB_CLIENT_CONFIRMATION_OK"
21362,10411041289,10411041385,1,"IOTHUB_CLIENT_CONFIRMATION_OK"
21363,10411041489,10411041526,1,"IOTHUB_CLIENT_CONFIRMATION_OK"
21364,10411041689,10411041738,1,"IOTHUB_CLIENT_CONFIRMATION_OK"
21365,10411041890,10411041947,1,"IOTHUB_CLIENT_CONFIRMATION_OK"
21366,10411042090,10411042188,1,"IOTHUB_CLIENT_CONFIRMATION_OK"
21367,10411042290,10411042348,1,"IOTHUB_CLIENT_CONFIRMATION_OK"
21368,10411042490,10411042582,1,"IOTHUB_CLIENT_CONFIRMATION_OK"
21369,10411042690,10411042748,1,"IOTHUB_CLIENT_CONFIRMATION_OK"
21370,10411042890,10411042941,1,"IOTHUB_CLIENT_CONFIRMATION_OK"
21371,10411043090,10411043189,1,"IOTHUB_CLIENT_CONFIRMATION_OK"
21372,10411043291,10411043335,1,"IOTHUB_CLIENT_CONFIRMATION_OK"
21373,10411043491,10411043554,1,"IOTHUB_CLIENT_CONFIRMATION_OK"
21374,10411043691,10411043787,1,"IOTHUB_CLIENT_CONFIRMATION_OK"
21375,10411043891,10411043932,1,"IOTHUB_CLIENT_CONFIRMATION_OK"
21376,10411044091,10411044142,1,"IOTHUB_CLIENT_CONFIRMATION_OK"
21377,10411044291,10411044332,1,"IOTHUB_CLIENT_CONFIRMATION_OK"
21378,10411044491,10411044538,1,"IOTHUB_CLIENT_CONFIRMATION_OK"
21379,10411044692,10411044734,1,"IOTHUB_CLIENT_CONFIRMATION_OK"
21380,10411044892,10411044946,1,"IOTHUB_CLIENT_CONFIRMATION_OK"
21381,10411045092,10411045128,1,"IOTHUB_CLIENT_CONFIRMATION_OK"
21382,10411045292,10411045532,1,"IOTHUB_CLIENT_CONFIRMATION_OK"
21383,10411045492,10411045567,1,"IOTHUB_CLIENT_CONFIRMATION_OK"
21384,10411045692,10411045764,1,"IOTHUB_CLIENT_CONFIRMATION_OK"
21385,10411045893,10411046039,1,"IOTHUB_CLIENT_CONFIRMATION_OK"
21386,10411046093,10411046143,1,"IOTHUB_CLIENT_CONFIRMATION_OK"
21387,10411046293,10411046336,1,"IOTHUB_CLIENT_CONFIRMATION_OK"
21388,10411046493,10411046540,1,"IOTHUB_CLIENT_CONFIRMATION_OK"
21389,10411046693,10411046766,1,"IOTHUB_CLIENT_CONFIRMATION_OK"
21390,10411046893,10411046972,1,"IOTHUB_CLIENT_CONFIRMATION_OK"
21391,10411047094,10411047141,1,"IOTHUB_CLIENT_CONFIRMATION_OK"
21392,10411047294,10411047339,1,"IOTHUB_CLIENT_CONFIRMATION_OK"
21393,10411047494,10411047659,1,"IOTHUB_CLIENT_CONFIRMATION_OK"
21394,10411047694,10411047758,1,"IOTHUB_CLIENT_CONFIRMATION_OK"
21395,10411047894,10411047941,1,"IOTHUB_CLIENT_CONFIRMATION_OK"
21396,10411048094,10411048153,1,"IOTHUB_CLIENT_CONFIRMATION_OK"
21397,10411048294,10411048354,1,"IOTHUB_CLIENT_CONFIRMATION_OK"
21398,10411048495,10411048550,1,"IOTHUB_CLIENT_CONFIRMATION_OK"
21399,10411048695,10411048732,1,"IOTHUB_CLIENT_CONFIRMATION_OK"
21400,10411048895,10411048947,1,"IOTHUB_CLIENT_CONFIRMATION_OK"
21401,10411049095,10411049147,1,"IOTHUB_CLIENT_CONFIRMATION_OK"
21402,10411049295,10411049422,1,"IOTHUB_CLIENT_CONFIRMATION_OK"
21403,10411049495,10411049545,1,"IOTHUB_CLIENT_CONFIRMATION_OK"
21404,10411049696,10411049765,1,"IOTHUB_CLIENT_CONFIRMATION_OK"
21405,10411049896,10411049943,1,"IOTHUB_CLIENT_CONFIRMATION_OK"
21406,10411050096,10411050163,1,"IOTHUB_CLIENT_CONFIRMATION_OK"
21407,10411050296,10411050346,1,"IOTHUB_CLIENT_CONFIRMATION_OK"
21408,10411050496,10411050567,1,"IOTHUB_CLIENT_CONFIRMATION_OK"
21409,10411050696,10411050770,1,"IOTHUB_CLIENT_CONFIRMATION_OK"
21410,10411050896,10411050944,1,"IOTHUB_CLIENT_CONFIRMATION_OK"
21411,10411051097,10411051138,1,"IOTHUB_CLIENT_CONFIRMATION_OK"
21412,10411051297,10411051354,1,"IOTHUB_CLIENT_CONFIRMATION_OK"
21413,10411051497,10411051571,1,"IOTHUB_CLIENT_CONFIRMATION_OK"
21414,10411051697,10411051779,1,"IOTHUB_CLIENT_CONFIRMATION_OK"
21415,10411051897,10411051942,1,"IOTHUB_CLIENT_CONFIRMATION_OK"
21416,10411052097,10411052157,1,"IOTHUB_CLIENT_CONFIRMATION_OK"
21417,10411052298,10411052344,1,"IOTHUB_CLIENT_CONFIRMATION_OK"
21418,10411052498,10411052590,1,"IOTHUB_CLIENT_CONFIRMATION_OK"
21419,10411052698,10411052738,1,"IOTHUB_CLIENT_CONFIRMATION_OK"
21420,10411052898,10411052945,1,"IOTHUB_CLIENT_CONFIRMATION_OK"
21421,10411053098,10411053193,1,"IOTHUB_CLIENT_CONFIRMATION_OK"
21422,10411053298,10411053355,1,"IOTHUB_CLIENT_CONFIRMATION_OK"
21423,10411053498,10411053579,1,"IOTHUB_CLIENT_CONFIRMATION_OK"
21424,10411053699,10411053779,1,"IOTHUB_CLIENT_CONFIRMATION_OK"
21425,10411053899,10411053942,1,"IOTHUB_CLIENT_CONFIRMATION_OK"
21426,10411054099,10411054217,1,"IOTHUB_CLIENT_CONFIRMATION_OK"
21427,10411054299,10411054337,1,"IOTHUB_CLIENT_CONFIRMATION_OK"
21428,10411054499,10411054560,1,"IOTHUB_CLIENT_CONFIRMATION_OK"
21429,10411054699,10411054743,1,"IOTHUB_CLIENT_CONFIRMATION_OK"
21430,10411054899,10411054951,1,"IOTHUB_CLIENT_CONFIRMATION_OK"
21431,10411055100,10411055153,1,"IOTHUB_CLIENT_CONFIRMATION_OK"
21432,10411055300,10411055404,1,"IOTHUB_CLIENT_CONFIRMATION_OK"
21433,10411055500,10411055553,1,"IOTHUB_CLIENT_CONFIRMATION_OK"
21434,10411055700,10411055765,1,"IOTHUB_CLIENT_CONFIRMATION_OK"
21435,10411055900,10411056032,1,"IOTHUB_CLIENT_CONFIRMATION_OK"
21436,10411056100,10411056153,1,"IOTHUB_CLIENT_CONFIRMATION_OK"
21437,10411056301,10411056340,1,"IOTHUB_CLIENT_CONFIRMATION_OK"
21438,10411056501,10411056536,1,"IOTHUB_CLIENT_CONFIRMATION_OK"
21439,10411056701,10411056741,1,"IOTHUB_CLIENT_CONFIRMATION_OK"
21440,10411056901,10411056952,1,"IOTHUB_CLIENT_CONFIRMATION_OK"
21441,10411057101,10411057141,1,"IOTHUB_CLIENT_CONFIRMATION_OK"
21442,10411057301,10411057350,1,"IOTHUB_CLIENT_CONFIRMATION_OK"
21443,10411057502,10411057637,1,"IOTHUB_CLIENT_CONFIRMATION_OK"
21444,10411057702,10411057747,1,"IOTHUB_CLIENT_CONFIRMATION_OK"
21445,10411057902,10411057938,1,"IOTHUB_CLIENT_CONFIRMATION_OK"
21446,10411058102,10411058250,1,"IOTHUB_CLIENT_CONFIRMATION_OK"
21447,10411058302,10411058353,1,"IOTHUB_CLIENT_CONFIRMATION_OK"
21448,10411058502,10411058561,1,"IOTHUB_CLIENT_CONFIRMATION_OK"
21449,10411058702,10411058751,1,"IOTHUB_CLIENT_CONFIRMATION_OK"
21450,10411058903,10411058963,1,"IOTHUB_CLIENT_CONFIRMATION_OK"
21451,10411059103,10411059156,1,"IOTHUB_CLIENT_CONFIRMATION_OK"
21452,10411059303,10411059345,1,"IOTHUB_CLIENT_CONFIRMATION_OK"
21453,10411059503,10411059538,1,"IOTHUB_CLIENT_CONFIRMATION_OK"
21454,10411059703,10411059921,1,"IOTHUB_CLIENT_CONFIRMATION_OK"
21455,10411059903,10411059976,1,"IOTHUB_CLIENT_CONFIRMATION_OK"
21456,10411060104,10411060182,1,"IOTHUB_CLIENT_CONFIRMATION_OK"
21457,10411060304,10411060337,1,"IOTHUB_CLIENT_CONFIRMATION_OK"
21458,10411060504,10411060548,1,"IOTHUB_CLIENT_CONFIRMATION_OK"
21459,10411060704,10411060748,1,"IOTHUB_CLIENT_CONFIRMATION_OK"
21460,10411060904,10411060990,1,"IOTHUB_CLIENT_CONFIRMATION_OK"
21461,10411061104,10411061155,1,"IOTHUB_CLIENT_CONFIRMATION_OK"
21462,10411061304,10411061372,1,"IOTHUB_CLIENT_CONFIRMATION_OK"
21463,10411061505,10411061644,1,"IOTHUB_CLIENT_CONFIRMATION_OK"
21464,10411061705,10411061766,1,"IOTHUB_CLIENT_CONFIRMATION_OK"
21465,10411061905,10411061959,1,"IOTHUB_CLIENT_CONFIRMATION_OK"
21466,10411062105,10411062151,1,"IOTHUB_CLIENT_CONFIRMATION_OK"
21467,10411062305,10411062345,1,"IOTHUB_CLIENT_CONFIRMATION_OK"
21468,10411062505,10411062612,1,"IOTHUB_CLIENT_CONFIRMATION_OK"
21469,10411062706,10411062747,1,"IOTHUB_CLIENT_CONFIRMATION_OK"
21470,10411062906,10411062946,1,"IOTHUB_CLIENT_CONFIRMATION_OK"
21471,10411063106,10411063214,1,"IOTHUB_CLIENT_CONFIRMATION_OK"
21472,10411063306,10411063356,1,"IOTHUB_CLIENT_CONFIRMATION_OK"
21473,10411063506,10411063590,1,"IOTHUB_CLIENT_CONFIRMATION_OK"
21474,10411063706,10411063877,1,"IOTHUB_CLIENT_CONFIRMATION_OK"
21475,10411063907,10411063957,1,"IOTHUB_CLIENT_CONFIRMATION_OK"
21476,10411064107,10411064174,1,"IOTHUB_CLIENT_CONFIRMATION_OK"
21477,10411064307,10411064393,1,"IOTHUB_CLIENT_CONFIRMATION_OK"
21478,10411064507,10411064553,1,"IOTHUB_CLIENT_CONFIRMATION_OK"
21479,10411064707,10411064759,1,"IOTHUB_CLIENT_CONFIRMATION_OK"
21480,10411064907,10411064959,1,"IOTHUB_CLIENT_CONFIRMATION_OK"
21481,10411065107,10411065149,1,"IOTHUB_CLIENT_CONFIRMATION_OK"
21482,10411065308,10411065454,1,"IOTHUB_CLIENT_CONFIRMATION_OK"
21483,10411065508,10411065549,1,"IOTHUB_CLIENT_CONFIRMATION_OK"
21484,10411065708,10411065755,1,"IOTHUB_CLIENT_CONFIRMATION_OK"
21485,10411065908,10411065953,1,"IOTHUB_CLIENT_CONFIRMATION_OK"
21486,10411066108,10411066155,1,"IOTHUB_CLIENT_CONFIRMATION_OK"
21487,10411066308,10411066351,1,"IOTHUB_CLIENT_CONFIRMATION_OK"
21488,10411066508,10411066556,1,"IOTHUB_CLIENT_CONFIRMATION_OK"
21489,10411066709,10411066768,1,"IOTHUB_CLIENT_CONFIRMATION_OK"
21490,10411066909,10411066967,1,"IOTHUB_CLIENT_CONFIRMATION_OK"
21491,10411067109,10411067149,1,"IOTHUB_CLIENT_CONFIRMATION_OK"
21492,10411067309,10411067348,1,"IOTHUB_CLIENT_CONFIRMATION_OK"
21493,10411067509,10411067709,1,"IOTHUB_CLIENT_CONFIRMATION_OK"
21494,10411067709,10411067758,1,"IOTHUB_CLIENT_CONFIRMATION_OK"
21495,10411067910,10411067951,1,"IOTHUB_CLIENT_CONFIRMATION_OK"
21496,10411068110,10411068151,1,"IOTHUB_CLIENT_CONFIRMATION_OK"
21497,10411068310,10411068372,1,"IOTHUB_CLIENT_CONFIRMATION_OK"
21498,10411068510,10411068567,1,"IOTHUB_CLIENT_CONFIRMATION_OK"
21499,10411068710,10411068762,1,"IOTHUB_CLIENT_CONFIRMATION_OK"
21500,10411068910,10411068949,1,"IOTHUB_CLIENT_CONFIRMATION_OK"
21501,10411069110,10411069150,1,"IOTHUB_CLIENT_CONFIRMATION_OK"
21502,10411069311,10411069391,1,"IOTHUB_CLIENT_CONFIRMATION_OK"
21503,10411069511,10411069572,1,"IOTHUB_CLIENT_CONFIRMATION_OK"
21504,10411069711,10411069759,1,"IOTHUB_CLIENT_CONFIRMATION_OK"
21505,10411069911,10411069976,1,"IOTHUB_CLIENT_CONFIRMATION_OK"
21506,10411070111,10411070155,1,"IOTHUB_CLIENT_CONFIRMATION_OK"
21507,10411070311,10411070367,1,"IOTHUB_CLIENT_CONFIRMATION_OK"
21508,10411070512,10411070568,1,"IOTHUB_CLIENT_CONFIRMATION_OK"
21509,10411070712,10411070751,1,"IOTHUB_CLIENT_CONFIRMATION_OK"
21510,10411070912,10411070999,1,"IOTHUB_CLIENT_CONFIRMATION_OK"
21511,10411071112,10411071197,1,"IOTHUB_CLIENT_CONFIRMATION_OK"
21512,10411071312,10411071549,1,"IOTHUB_CLIENT_CONFIRMATION_OK"
21513,10411071512,10411071578,1,"IOTHUB_CLIENT_CONFIRMATION_OK"
21514,10411071712,10411071760,1,"IOTHUB_CLIENT_CONFIRMATION_OK"
21515,10411071913,10411071978,1,"IOTHUB_CLIENT_CONFIRMATION_OK"
21516,10411072113,10411072167,1,"IOTHUB_CLIENT_CONFIRMATION_OK"
21517,10411072313,10411072365,1,"IOTHUB_CLIENT_CONFIRMATION_OK"
21518,10411072513,10411072583,1,"IOTHUB_CLIENT_CONFIRMATION_OK"
21519,10411072713,10411072761,1,"IOTHUB_CLIENT_CONFIRMATION_OK"
21520,10411072913,10411072962,1,"IOTHUB_CLIENT_CONFIRMATION_OK"
21521,10411073114,10411073186,1,"IOTHUB_CLIENT_CONFIRMATION_OK"
21522,10411073314,10411073365,1,"IOTHUB_CLIENT_CONFIRMATION_OK"
21523,10411073514,10411073574,1,"IOTHUB_CLIENT_CONFIRMATION_OK"
21524,10411073714,10411073840,1,"IOTHUB_CLIENT_CONFIRMATION_OK"
21525,10411073914,10411073972,1,"IOTHUB_CLIENT_CONFIRMATION_OK"
21526,10411074114,10411074159,1,"IOTHUB_CLIENT_CONFIRMATION_OK"
21527,10411074315,10411074372,1,"IOTHUB_CLIENT_CONFIRMATION_OK"
21528,10411074515,10411074590,1,"IOTHUB_CLIENT_CONFIRMATION_OK"
21529,10411074715,10411074752,1,"IOTHUB_CLIENT_CONFIRMATION_OK"
21530,10411074915,10411074956,1,"IOTHUB_CLIENT_CONFIRMATION_OK"
21531,10411075115,10411075189,1,"IOTHUB_CLIENT_CONFIRMATION_OK"
21532,10411075315,10411075419,1,"IOTHUB_CLIENT_CONFIRMATION_OK"
21533,10411075515,10411075576,1,"IOTHUB_CLIENT_CONFIRMATION_OK"
21534,10411075716,10411075764,1,"IOTHUB_CLIENT_CONFIRMATION_OK"
21535,10411075916,10411076055,1,"IOTHUB_CLIENT_CONFIRMATION_OK"
21536,10411076116,10411076154,1,"IOTHUB_CLIENT_CONFIRMATION_OK"
21537,10411076316,10411076363,1,"IOTHUB_CLIENT_CONFIRMATION_OK"
21538,10411076516,10411076557,1,"IOTHUB_CLIENT_CONFIRMATION_OK"
21539,10411076716,10411076774,1,"IOTHUB_CLIENT_CONFIRMATION_OK"
21540,10411076917,10411076955,1,"IOTHUB_CLIENT_CONFIRMATION_OK"
21541,10411077117,10411077156,1,"IOTHUB_CLIENT_CONFIRMATION_OK"
21542,10411077317,10411077363,1,"IOTHUB_CLIENT_CONFIRMATION_OK"
21543,10411077517,10411077743,1,"IOTHUB_CLIENT_CONFIRMATION_OK"
21544,10411077717,10411077801,1,"IOTHUB_CLIENT_CONFIRMATION_OK"
21545,10411077917,10411077973,1,"IOTHUB_CLIENT_CONFIRMATION_OK"
21546,10411078117,10411078164,1,"IOTHUB_CLIENT_CONFIRMATION_OK"
21547,10411078318,10411078371,1,"IOTHUB_CLIENT_CONFIRMATION_OK"
21548,10411078518,10411078556,1,"IOTHUB_CLIENT_CONFIRMATION_OK"
21549,10411078718,10411078791,1,"IOTHUB_CLIENT_CONFIRMATION_OK"
21550,10411078918,10411078976,1,"IOTHUB_CLIENT_CONFIRMATION_OK"
21551,10411079118,10411079185,1,"IOTHUB_CLIENT_CONFIRMATION_OK"
21552,10411079318,10411079365,1,"IOTHUB_CLIENT_CONFIRMATION_OK"
21553,10411079519,10411079559,1,"IOTHUB_CLIENT_CONFIRMATION_OK"
21554,10411079719,10411079780,1,"IOTHUB_CLIENT_CONFIRMATION_OK"
21555,10411079919,10411079983,1,"IOTHUB_CLIENT_CONFIRMATION_OK"
21556,10411080119,10411080162,1,"IOTHUB_CLIENT_CONFIRMATION_OK"
21557,10411080319,10411080373,1,"IOTHUB_CLIENT_CONFIRMATION_OK"
21558,10411080519,10411080570,1,"IOTHUB_CLIENT_CONFIRMATION_OK"
21559,10411080719,10411080776,1,"IOTHUB_CLIENT_CONFIRMATION_OK"
21560,10411080920,10411080980,1,"IOTHUB_CLIENT_CONFIRMATION_OK"
21561,10411081120,10411081163,1,"IOTHUB_CLIENT_CONFIRMATION_OK"
21562,10411081320,10411081380,1,"IOTHUB_CLIENT_CONFIRMATION_OK"
21563,10411081520,10411081650,1,"IOTHUB_CLIENT_CONFIRMATION_OK"
21564,10411081720,10411081783,1,"IOTHUB_CLIENT_CONFIRMATION_OK"
21565,10411081920,10411081982,1,"IOTHUB_CLIENT_CONFIRMATION_OK"
21566,10411082120,10411082160,1,"IOTHUB_CLIENT_CONFIRMATION_OK"
21567,10411082321,10411082360,1,"IOTHUB_CLIENT_CONFIRMATION_OK"
21568,10411082521,10411082837,1,"IOTHUB_CLIENT_CONFIRMATION_OK"
21569,10411082721,10411082863,1,"IOTHUB_CLIENT_CONFIRMATION_OK"
21570,10411082921,10411082979,1,"IOTHUB_CLIENT_CONFIRMATION_OK"
21571,10411083121,10411083278,1,"IOTHUB_CLIENT_CONFIRMATION_OK"
21572,10411083321,10411083380,1,"IOTHUB_CLIENT_CONFIRMATION_OK"
21573,10411083521,10411083572,1,"IOTHUB_CLIENT_CONFIRMATION_OK"
21574,10411083722,10411083761,1,"IOTHUB_CLIENT_CONFIRMATION_OK"
21575,10411083922,10411083999,1,"IOTHUB_CLIENT_CONFIRMATION_OK"
21576,10411084122,10411084165,1,"IOTHUB_CLIENT_CONFIRMATION_OK"
21577,10411084322,10411084373,1,"IOTHUB_CLIENT_CONFIRMATION_OK"
21578,10411084522,10411084576,1,"IOTHUB_CLIENT_CONFIRMATION_OK"
21579,10411084722,10411084766,1,"IOTHUB_CLIENT_CONFIRMATION_OK"
21580,10411084923,10411084969,1,"IOTHUB_CLIENT_CONFIRMATION_OK"
21581,10411085123,10411085166,1,"IOTHUB_CLIENT_CONFIRMATION_OK"
21582,10411085323,10411085482,1,"IOTHUB_CLIENT_CONFIRMATION_OK"
21583,10411085523,10411085568,1,"IOTHUB_CLIENT_CONFIRMATION_OK"
21584,10411085723,10411085776,1,"IOTHUB_CLIENT_CONFIRMATION_OK"
21585,10411085923,10411085978,1,"IOTHUB_CLIENT_CONFIRMATION_OK"
21586,10411086124,10411086164,1,"IOTHUB_CLIENT_CONFIRMATION_OK"
21587,10411086324,10411086375,1,"IOTHUB_CLIENT_CONFIRMATION_OK"
21588,10411086524,10411086570,1,"IOTHUB_CLIENT_CONFIRMATION_OK"
21589,10411086724,10411086775,1,"IOTHUB_CLIENT_CONFIRMATION_OK"
21590,10411086924,10411087022,1,"IOTHUB_CLIENT_CONFIRMATION_OK"
21591,10411087124,10411087194,1,"IOTHUB_CLIENT_CONFIRMATION_OK"
21592,10411087324,10411087375,1,"IOTHUB_CLIENT_CONFIRMATION_OK"
21593,10411087525,10411087721,1,"IOTHUB_CLIENT_CONFIRMATION_OK"
21594,10411087725,10411087771,1,"IOTHUB_CLIENT_CONFIRMATION_OK"
21595,10411087925,10411087980,1,"IOTHUB_CLIENT_CONFIRMATION_OK"
21596,10411088125,10411088165,1,"IOTHUB_CLIENT_CONFIRMATION_OK"
21597,10411088325,10411088381,1,"IOTHUB_CLIENT_CONFIRMATION_OK"
21598,10411088525,10411088608,1,"IOTHUB_CLIENT_CONFIRMATION_OK"
21599,10411088725,10411088802,1,"IOTHUB_CLIENT_CONFIRMATION_OK"
21600,10411088926,10411088971,1,"IOTHUB_CLIENT_CONFIRMATION_OK"
21601,10411089126,10411089168,1,"IOTHUB_CLIENT_CONFIRMATION_OK"
21602,10411089326,10411089372,1,"IOTHUB_CLIENT_CONFIRMATION_OK"
21603,10411089526,10411089572,1,"IOTHUB_CLIENT_CONFIRMATION_OK"
21604,10411089726,10411089764,1,"IOTHUB_CLIENT_CONFIRMATION_OK"
21605,10411089926,10411089982,1,"IOTHUB_CLIENT_CONFIRMATION_OK"
21606,10411090126,10411090203,1,"IOTHUB_CLIENT_CONFIRMATION_OK"
21607,10411090327,10411090380,1,"IOTHUB_CLIENT_CONFIRMATION_OK"
21608,10411090527,10411090593,1,"IOTHUB_CLIENT_CONFIRMATION_OK"
21609,10411090727,10411090792,1,"IOTHUB_CLIENT_CONFIRMATION_OK"
21610,10411090927,10411091028,1,"IOTHUB_CLIENT_CONFIRMATION_OK"
21611,10411091127,10411091185,1,"IOTHUB_CLIENT_CONFIRMATION_OK"
21612,10411091327,10411091403,1,"IOTHUB_CLIENT_CONFIRMATION_OK"
21613,10411091528,10411091598,1,"IOTHUB_CLIENT_CONFIRMATION_OK"
21614,10411091728,10411091763,1,"IOTHUB_CLIENT_CONFIRMATION_OK"
21615,10411091928,10411091996,1,"IOTHUB_CLIENT_CONFIRMATION_OK"
21616,10411092128,10411092174,1,"IOTHUB_CLIENT_CONFIRMATION_OK"
21617,10411092328,10411092382,1,"IOTHUB_CLIENT_CONFIRMATION_OK"
21618,10411092528,10411092622,1,"IOTHUB_CLIENT_CONFIRMATION_OK"
21619,10411092728,10411092772,1,"IOTHUB_CLIENT_CONFIRMATION_OK"
21620,10411092929,10411092994,1,"IOTHUB_CLIENT_CONFIRMATION_OK"
21621,10411093129,10411093333,1,"IOTHUB_CLIENT_CONFIRMATION_OK"
21622,10411093329,10411093383,1,"IOTHUB_CLIENT_CONFIRMATION_OK"
21623,10411093529,10411093569,1,"IOTHUB_CLIENT_CONFIRMATION_OK"
21624,10411093729,10411093842,1,"IOTHUB_CLIENT_CONFIRMATION_OK"
21625,10411093929,10411094030,1,"IOTHUB_CLIENT_CONFIRMATION_OK"
21626,10411094130,10411094214,1,"IOTHUB_CLIENT_CONFIRMATION_OK"
21627,10411094330,10411094378,1,"IOTHUB_CLIENT_CONFIRMATION_OK"
21628,10411094530,10411094617,1,"IOTHUB_CLIENT_CONFIRMATION_OK"
21629,10411094730,10411094783,1,"IOTHUB_CLIENT_CONFIRMATION_OK"
21630,10411094930,10411094976,1,"IOTHUB_CLIENT_CONFIRMATION_OK"
21631,10411095130,10411095189,1,"IOTHUB_CLIENT_CONFIRMATION_OK"
21632,10411095330,10411095467,1,"IOTHUB_CLIENT_CONFIRMATION_OK"
21633,10411095531,10411095578,1,"IOTHUB_CLIENT_CONFIRMATION_OK"
21634,10411095731,10411095784,1,"IOTHUB_CLIENT_CONFIRMATION_OK"
21635,10411095931,10411096070,1,"IOTHUB_CLIENT_CONFIRMATION_OK"
21636,10411096131,10411096182,1,"IOTHUB_CLIENT_CONFIRMATION_OK"
21637,10411096331,10411096394,1,"IOTHUB_CLIENT_CONFIRMATION_OK"
21638,10411096531,10411096598,1,"IOTHUB_CLIENT_CONFIRMATION_OK"
21639,10411096731,10411096817,1,"IOTHUB_CLIENT_CONFIRMATION_OK"
21640,10411096932,10411097003,1,"IOTHUB_CLIENT_CONFIRMATION_OK"
21641,10411097132,10411097170,1,"IOTHUB_CLIENT_CONFIRMATION_OK"
21642,10411097332,10411097421,1,"IOTHUB_CLIENT_CONFIRMATION_OK"
21643,10411097532,10411097695,1,"IOTHUB_CLIENT_CONFIRMATION_OK"
21644,10411097732,10411097767,1,"IOTHUB_CLIENT_CONFIRMATION_OK"
21645,10411097932,10411097980,1,"IOTHUB_CLIENT_CONFIRMATION_OK"
21646,10411098132,10411098185,1,"IOTHUB_CLIENT_CONFIRMATION_OK"
21647,10411098333,10411098400,1,"IOTHUB_CLIENT_CONFIRMATION_OK"
21648,10411098533,10411098594,1,"IOTHUB_CLIENT_CONFIRMATION_OK"
21649,10411098733,10411098902,1,"IOTHUB_CLIENT_CONFIRMATION_OK"
21650,10411098933,10411098997,1,"IOTHUB_CLIENT_CONFIRMATION_OK"
21651,10411099133,10411099193,1,"IOTHUB_CLIENT_CONFIRMATION_OK"
21652,10411099333,10411099429,1,"IOTHUB_CLIENT_CONFIRMATION_OK"
21653,10411099534,10411099596,1,"IOTHUB_CLIENT_CONFIRMATION_OK"
21654,10411099734,10411099780,1,"IOTHUB_CLIENT_CONFIRMATION_OK"
21655,10411099934,10411099998,1,"IOTHUB_CLIENT_CONFIRMATION_OK"
21656,10411100134,10411100187,1,"IOTHUB_CLIENT_CONFIRMATION_OK"
21657,10411100334,10411100383,1,"IOTHUB_CLIENT_CONFIRMATION_OK"
21658,10411100534,10411100591,1,"IOTHUB_CLIENT_CONFIRMATION_OK"
21659,10411100734,10411100814,1,"IOTHUB_CLIENT_CONFIRMATION_OK"
21660,10411100935,10411101034,1,"IOTHUB_CLIENT_CONFIRMATION_OK"
21661,10411101135,10411101174,1,"IOTHUB_CLIENT_CONFIRMATION_OK"
21662,10411101335,10411101376,1,"IOTHUB_CLIENT_CONFIRMATION_OK"
21663,10411101535,10411101598,1,"IOTHUB_CLIENT_CONFIRMATION_OK"
21664,10411101735,10411101806,1,"IOTHUB_CLIENT_CONFIRMATION_OK"
21665,10411101935,10411102006,1,"IOTHUB_CLIENT_CONFIRMATION_OK"
21666,10411102136,10411102192,1,"IOTHUB_CLIENT_CONFIRMATION_OK"
21667,10411102336,10411102381,1,"IOTHUB_CLIENT_CONFIRMATION_OK"
21668,10411102536,10411102601,1,"IOTHUB_CLIENT_CONFIRMATION_OK"
21669,10411102736,10411102797,1,"IOTHUB_CLIENT_CONFIRMATION_OK"
21670,10411102936,10411103001,1,"IOTHUB_CLIENT_CONFIRMATION_OK"
21671,10411103137,10411103208,1,"IOTHUB_CLIENT_CONFIRMATION_OK"
21672,10411103337,10411103372,1,"IOTHUB_CLIENT_CONFIRMATION_OK"
21673,10411103537,10411103584,1,"IOTHUB_CLIENT_CONFIRMATION_OK"
21674,10411103737,10411103831,1,"IOTHUB_CLIENT_CONFIRMATION_OK"
21675,10411103937,10411103974,1,"IOTHUB_CLIENT_CONFIRMATION_OK"
21676,10411104137,10411104191,1,"IOTHUB_CLIENT_CONFIRMATION_OK"
21677,10411104337,10411104431,1,"IOTHUB_CLIENT_CONFIRMATION_OK"
21678,10411104538,10411104581,1,"IOTHUB_CLIENT_CONFIRMATION_OK"
21679,10411104738,10411104808,1,"IOTHUB_CLIENT_CONFIRMATION_OK"
21680,10411104938,10411104991,1,"IOTHUB_CLIENT_CONFIRMATION_OK"
21681,10411105138,10411105222,1,"IOTHUB_CLIENT_CONFIRMATION_OK"
21682,10411105338,10411105457,1,"IOTHUB_CLIENT_CONFIRMATION_OK"
21683,10411105538,10411105591,1,"IOTHUB_CLIENT_CONFIRMATION_OK"
21684,10411105738,10411105784,1,"IOTHUB_CLIENT_CONFIRMATION_OK"
21685,10411105939,10411106058,1,"IOTHUB_CLIENT_CONFIRMATION_OK"
21686,10411106139,10411106184,1,"IOTHUB_CLIENT_CONFIRMATION_OK"
21687,10411106339,10411106382,1,"IOTHUB_CLIENT_CONFIRMATION_OK"
21688,10411106539,10411106577,1,"IOTHUB_CLIENT_CONFIRMATION_OK"
21689,10411106739,10411106791,1,"IOTHUB_CLIENT_CONFIRMATION_OK"
21690,10411106939,10411106974,1,"IOTHUB_CLIENT_CONFIRMATION_OK"
21691,10411107140,10411107195,1,"IOTHUB_CLIENT_CONFIRMATION_OK"
21692,10411107340,10411107391,1,"IOTHUB_CLIENT_CONFIRMATION_OK"
21693,10411107540,10411107700,1,"IOTHUB_CLIENT_CONFIRMATION_OK"
21694,10411107740,10411107785,1,"IOTHUB_CLIENT_CONFIRMATION_OK"
21695,10411107940,10411108046,1,"IOTHUB_CLIENT_CONFIRMATION_OK"
21696,10411108140,10411108373,1,"IOTHUB_CLIENT_CONFIRMATION_OK"
21697,10411108340,10411108417,1,"IOTHUB_CLIENT_CONFIRMATION_OK"
21698,10411108541,10411108584,1,"IOTHUB_CLIENT_CONFIRMATION_OK"
21699,10411108741,10411108793,1,"IOTHUB_CLIENT_CONFIRMATION_OK"
21700,10411108941,10411109011,1,"IOTHUB_CLIENT_CONFIRMATION_OK"
21701,10411109141,10411109193,1,"IOTHUB_CLIENT_CONFIRMATION_OK"
21702,10411109341,10411109431,1,"IOTHUB_CLIENT_CONFIRMATION_OK"
21703,10411109541,10411109595,1,"IOTHUB_CLIENT_CONFIRMATION_OK"
21704,10411109742,10411109813,1,"IOTHUB_CLIENT_CONFIRMATION_OK"
21705,10411109942,10411110114,1,"IOTHUB_CLIENT_CONFIRMATION_OK"
21706,10411110142,10411110192,1,"IOTHUB_CLIENT_CONFIRMATION_OK"
21707,10411110342,10411110397,1,"IOTHUB_CLIENT_CONFIRMATION_OK"
21708,10411110542,10411110606,1,"IOTHUB_CLIENT_CONFIRMATION_OK"
21709,10411110742,10411110796,1,"IOTHUB_CLIENT_CONFIRMATION_OK"
21710,10411110942,10411111016,1,"IOTHUB_CLIENT_CONFIRMATION_OK"
21711,10411111143,10411111188,1,"IOTHUB_CLIENT_CONFIRMATION_OK"
21712,10411111343,10411111387,1,"IOTHUB_CLIENT_CONFIRMATION_OK"
21713,10411111543,10411111587,1,"IOTHUB_CLIENT_CONFIRMATION_OK"
21714,10411111743,10411111788,1,"IOTHUB_CLIENT_CONFIRMATION_OK"
21715,10411111943,10411111997,1,"IOTHUB_CLIENT_CONFIRMATION_OK"
21716,10411112143,10411112194,1,"IOTHUB_CLIENT_CONFIRMATION_OK"
21717,10411112344,10411112382,1,"IOTHUB_CLIENT_CONFIRMATION_OK"
21718,10411112544,10411112588,1,"IOTHUB_CLIENT_CONFIRMATION_OK"
21719,10411112744,10411112797,1,"IOTHUB_CLIENT_CONFIRMATION_OK"
21720,10411112944,10411112985,1,"IOTHUB_CLIENT_CONFIRMATION_OK"
21721,10411113144,10411113239,1,"IOTHUB_CLIENT_CONFIRMATION_OK"
21722,10411113344,10411113381,1,"IOTHUB_CLIENT_CONFIRMATION_OK"
21723,10411113544,10411113597,1,"IOTHUB_CLIENT_CONFIRMATION_OK"
21724,10411113745,10411113818,1,"IOTHUB_CLIENT_CONFIRMATION_OK"
21725,10411113945,10411114004,1,"IOTHUB_CLIENT_CONFIRMATION_OK"
21726,10411114145,10411114189,1,"IOTHUB_CLIENT_CONFIRMATION_OK"
21727,10411114345,10411114454,1,"IOTHUB_CLIENT_CONFIRMATION_OK"
21728,10411114545,10411114581,1,"IOTHUB_CLIENT_CONFIRMATION_OK"
21729,10411114745,10411114807,1,"IOTHUB_CLIENT_CONFIRMATION_OK"
21730,10411114946,10411114990,1,"IOTHUB_CLIENT_CONFIRMATION_OK"
21731,10411115146,10411115231,1,"IOTHUB_CLIENT_CONFIRMATION_OK"
21732,10411115346,10411115457,1,"IOTHUB_CLIENT_CONFIRMATION_OK"
21733,10411115546,10411115615,1,"IOTHUB_CLIENT_CONFIRMATION_OK"
21734,10411115746,10411115815,1,"IOTHUB_CLIENT_CONFIRMATION_OK"
21735,10411115946,10411115981,1,"IOTHUB_CLIENT_CONFIRMATION_OK"
21736,10411116147,10411116200,1,"IOTHUB_CLIENT_CONFIRMATION_OK"
21737,10411116347,10411116389,1,"IOTHUB_CLIENT_CONFIRMATION_OK"
21738,10411116547,10411116617,1,"IOTHUB_CLIENT_CONFIRMATION_OK"
21739,10411116747,10411116810,1,"IOTHUB_CLIENT_CONFIRMATION_OK"
21740,10411116947,10411116988,1,"IOTHUB_CLIENT_CONFIRMATION_OK"
21741,10411117147,10411117215,1,"IOTHUB_CLIENT_CONFIRMATION_OK"
21742,10411117347,10411117394,1,"IOTHUB_CLIENT_CONFIRMATION_OK"
21743,10411117548,10411117740,1,"IOTHUB_CLIENT_CONFIRMATION_OK"
21744,10411117748,10411117794,1,"IOTHUB_CLIENT_CONFIRMATION_OK"
21745,10411117948,10411118118,1,"IOTHUB_CLIENT_CONFIRMATION_OK"
21746,10411118148,10411118190,1,"IOTHUB_CLIENT_CONFIRMATION_OK"
21747,10411118348,10411118407,1,"IOTHUB_CLIENT_CONFIRMATION_OK"
21748,10411118548,10411118588,1,"IOTHUB_CLIENT_CONFIRMATION_OK"
21749,10411118748,10411118787,1,"IOTHUB_CLIENT_CONFIRMATION_OK"
21750,10411118949,10411119004,1,"IOTHUB_CLIENT_CONFIRMATION_OK"
21751,10411119149,10411119198,1,"IOTHUB_CLIENT_CONFIRMATION_OK"
21752,10411119349,10411119409,1,"IOTHUB_CLIENT_CONFIRMATION_OK"
21753,10411119549,10411119593,1,"IOTHUB_CLIENT_CONFIRMATION_OK"
21754,10411119749,10411119799,1,"IOTHUB_CLIENT_CONFIRMATION_OK"
21755,10411119949,10411119989,1,"IOTHUB_CLIENT_CONFIRMATION_OK"
21756,10411120150,10411120192,1,"IOTHUB_CLIENT_CONFIRMATION_OK"
21757,10411120350,10411120465,1,"IOTHUB_CLIENT_CONFIRMATION_OK"
21758,10411120550,10411120632,1,"IOTHUB_CLIENT_CONFIRMATION_OK"
21759,10411120750,10411120790,1,"IOTHUB_CLIENT_CONFIRMATION_OK"
21760,10411120950,10411121093,1,"IOTHUB_CLIENT_CONFIRMATION_OK"
21761,10411121150,10411121303,1,"IOTHUB_CLIENT_CONFIRMATION_OK"
21762,10411121350,10411121396,1,"IOTHUB_CLIENT_CONFIRMATION_OK"
21763,10411121551,10411121673,1,"IOTHUB_CLIENT_CONFIRMATION_OK"
21764,10411121751,10411121808,1,"IOTHUB_CLIENT_CONFIRMATION_OK"
21765,10411121951,10411121995,1,"IOTHUB_CLIENT_CONFIRMATION_OK"
21766,10411122151,10411122240,1,"IOTHUB_CLIENT_CONFIRMATION_OK"
21767,10411122351,10411122402,1,"IOTHUB_CLIENT_CONFIRMATION_OK"
21768,10411122551,10411122751,1,"IOTHUB_CLIENT_CONFIRMATION_OK"
21769,10411122752,10411122799,1,"IOTHUB_CLIENT_CONFIRMATION_OK"
21770,10411122952,10411123005,1,"IOTHUB_CLIENT_CONFIRMATION_OK"
21771,10411123152,10411123201,1,"IOTHUB_CLIENT_CONFIRMATION_OK"
21772,10411123352,10411123406,1,"IOTHUB_CLIENT_CONFIRMATION_OK"
21773,10411123552,10411123599,1,"IOTHUB_CLIENT_CONFIRMATION_OK"
21774,10411123752,10411123804,1,"IOTHUB_CLIENT_CONFIRMATION_OK"
21775,10411123952,10411124009,1,"IOTHUB_CLIENT_CONFIRMATION_OK"
21776,10411124153,10411124196,1,"IOTHUB_CLIENT_CONFIRMATION_OK"
21777,10411124353,10411124407,1,"IOTHUB_CLIENT_CONFIRMATION_OK"
21778,10411124553,10411124642,1,"IOTHUB_CLIENT_CONFIRMATION_OK"
21779,10411124753,10411124798,1,"IOTHUB_CLIENT_CONFIRMATION_OK"
21780,10411124953,10411125034,1,"IOTHUB_CLIENT_CONFIRMATION_OK"
21781,10411125153,10411125206,1,"IOTHUB_CLIENT_CONFIRMATION_OK"
21782,10411125354,10411125426,1,"IOTHUB_CLIENT_CONFIRMATION_OK"
21783,10411125554,10411125598,1,"IOTHUB_CLIENT_CONFIRMATION_OK"
21784,10411125754,10411125821,1,"IOTHUB_CLIENT_CONFIRMATION_OK"
21785,10411125954,10411126023,1,"IOTHUB_CLIENT_CONFIRMATION_OK"
21786,10411126154,10411126234,1,"IOTHUB_CLIENT_CONFIRMATION_OK"
21787,10411126354,10411126398,1,"IOTHUB_CLIENT_CONFIRMATION_OK"
21788,10411126554,10411126651,1,"IOTHUB_CLIENT_CONFIRMATION_OK"
21789,10411126755,10411126804,1,"IOTHUB_CLIENT_CONFIRMATION_OK"
21790,10411126955,10411127026,1,"IOTHUB_CLIENT_CONFIRMATION_OK"
21791,10411127155,10411127197,1,"IOTHUB_CLIENT_CONFIRMATION_OK"
21792,10411127355,10411127419,1,"IOTHUB_CLIENT_CONFIRMATION_OK"
21793,10411127555,10411127677,1,"IOTHUB_CLIENT_CONFIRMATION_OK"
21794,10411127755,10411127822,1,"IOTHUB_CLIENT_CONFIRMATION_OK"
21795,10411127956,10411128006,1,"IOTHUB_CLIENT_CONFIRMATION_OK"
21796,10411128156,10411128362,1,"IOTHUB_CLIENT_CONFIRMATION_OK"
21797,10411128356,10411128398,1,"IOTHUB_CLIENT_CONFIRMATION_OK"
21798,10411128556,10411128601,1,"IOTHUB_CLIENT_CONFIRMATION_OK"
21799,10411128756,10411128811,1,"IOTHUB_CLIENT_CONFIRMATION_OK"
21800,10411128956,10411129007,1,"IOTHUB_CLIENT_CONFIRMATION_OK"
21801,10411129156,10411129202,1,"IOTHUB_CLIENT_CONFIRMATION_OK"
21802,10411129357,10411129396,1,"IOTHUB_CLIENT_CONFIRMATION_OK"
21803,10411129557,10411129612,1,"IOTHUB_CLIENT_CONFIRMATION_OK"
21804,10411129757,10411129825,1,"IOTHUB_CLIENT_CONFIRMATION_OK"
21805,10411129957,10411130019,1,"IOTHUB_CLIENT_CONFIRMATION_OK"
21806,10411130157,10411130234,1,"IOTHUB_CLIENT_CONFIRMATION_OK"
21807,10411130357,10411130612,1,"IOTHUB_CLIENT_CONFIRMATION_OK"
21808,10411130558,10411130661,1,"IOTHUB_CLIENT_CONFIRMATION_OK"
21809,10411130758,10411130805,1,"IOTHUB_CLIENT_CONFIRMATION_OK"
21810,10411130958,10411131006,1,"IOTHUB_CLIENT_CONFIRMATION_OK"
21811,10411131158,10411131201,1,"IOTHUB_CLIENT_CONFIRMATION_OK"
21812,10411131358,10411131398,1,"IOTHUB_CLIENT_CONFIRMATION_OK"
21813,10411131558,10411131620,1,"IOTHUB_CLIENT_CONFIRMATION_OK"
21814,10411131759,10411131808,1,"IOTHUB_CLIENT_CONFIRMATION_OK"
21815,10411131959,10411132011,1,"IOTHUB_CLIENT_CONFIRMATION_OK"
21816,10411132159,10411132200,1,"IOTHUB_CLIENT_CONFIRMATION_OK"
21817,10411132359,10411132410,1,"IOTHUB_CLIENT_CONFIRMATION_OK"
21818,10411132559,10411132604,1,"IOTHUB_CLIENT_CONFIRMATION_OK"
21819,10411132759,10411132798,1,"IOTHUB_CLIENT_CONFIRMATION_OK"
21820,10411132960,10411133029,1,"IOTHUB_CLIENT_CONFIRMATION_OK"
21821,10411133160,10411133204,1,"IOTHUB_CLIENT_CONFIRMATION_OK"
21822,10411133360,10411133418,1,"IOTHUB_CLIENT_CONFIRMATION_OK"
21823,10411133560,10411133606,1,"IOTHUB_CLIENT_CONFIRMATION_OK"
21824,10411133760,10411133848,1,"IOTHUB_CLIENT_CONFIRMATION_OK"
21825,10411133960,10411134006,1,"IOTHUB_CLIENT_CONFIRMATION_OK"
21826,10411134160,10411134214,1,"IOTHUB_CLIENT_CONFIRMATION_OK"
21827,10411134361,10411134402,1,"IOTHUB_CLIENT_CONFIRMATION_OK"
21828,10411134561,10411134651,1,"IOTHUB_CLIENT_CONFIRMATION_OK"
21829,10411134761,10411134807,1,"IOTHUB_CLIENT_CONFIRMATION_OK"
21830,10411134961,10411135046,1,"IOTHUB_CLIENT_CONFIRMATION_OK"
21831,10411135161,10411135203,1,"IOTHUB_CLIENT_CONFIRMATION_OK"
21832,10411135361,10411135460,1,"IOTHUB_CLIENT_CONFIRMATION_OK"
21833,10411135562,10411135599,1,"IOTHUB_CLIENT_CONFIRMATION_OK"
21834,10411135762,10411135811,1,"IOTHUB_CLIENT_CONFIRMATION_OK"
21835,10411135962,10411136096,1,"IOTHUB_CLIENT_CONFIRMATION_OK"
21836,10411136162,10411136227,1,"IOTHUB_CLIENT_CONFIRMATION_OK"
21837,10411136362,10411136408,1,"IOTHUB_CLIENT_CONFIRMATION_OK"
21838,10411136562,10411136609,1,"IOTHUB_CLIENT_CONFIRMATION_OK"
21839,10411136762,10411136811,1,"IOTHUB_CLIENT_CONFIRMATION_OK"
21840,10411136963,10411137015,1,"IOTHUB_CLIENT_CONFIRMATION_OK"
21841,10411137163,10411137208,1,"IOTHUB_CLIENT_CONFIRMATION_OK"
21842,10411137363,10411137413,1,"IOTHUB_CLIENT_CONFIRMATION_OK"
21843,10411137563,10411137699,1,"IOTHUB_CLIENT_CONFIRMATION_OK"
21844,10411137763,10411137820,1,"IOTHUB_CLIENT_CONFIRMATION_OK"
21845,10411137963,10411138008,1,"IOTHUB_CLIENT_CONFIRMATION_OK"
21846,10411138164,10411138322,1,"IOTHUB_CLIENT_CONFIRMATION_OK"
21847,10411138364,10411138407,1,"IOTHUB_CLIENT_CONFIRMATION_OK"
21848,10411138564,10411138625,1,"IOTHUB_CLIENT_CONFIRMATION_OK"
21849,10411138764,10411138985,1,"IOTHUB_CLIENT_CONFIRMATION_OK"
21850,10411138964,10411139013,1,"IOTHUB_CLIENT_CONFIRMATION_OK"
21851,10411139164,10411139206,1,"IOTHUB_CLIENT_CONFIRMATION_OK"
21852,10411139365,10411139415,1,"IOTHUB_CLIENT_CONFIRMATION_OK"
21853,10411139565,10411139628,1,"IOTHUB_CLIENT_CONFIRMATION_OK"
21854,10411139765,10411139821,1,"IOTHUB_CLIENT_CONFIRMATION_OK"
21855,10411139965,10411140013,1,"IOTHUB_CLIENT_CONFIRMATION_OK"
21856,10411140165,10411140212,1,"IOTHUB_CLIENT_CONFIRMATION_OK"
21857,10411140365,10411140415,1,"IOTHUB_CLIENT_CONFIRMATION_OK"
21858,10411140565,10411140612,1,"IOTHUB_CLIENT_CONFIRMATION_OK"
21859,10411140766,10411140811,1,"IOTHUB_CLIENT_CONFIRMATION_OK"
21860,10411140966,10411141045,1,"IOTHUB_CLIENT_CONFIRMATION_OK"
21861,10411141166,10411141225,1,"IOTHUB_CLIENT_CONFIRMATION_OK"
21862,10411141366,10411141428,1,"IOTHUB_CLIENT_CONFIRMATION_OK"
21863,10411141566,10411141639,1,"IOTHUB_CLIENT_CONFIRMATION_OK"
21864,10411141766,10411141804,1,"IOTHUB_CLIENT_CONFIRMATION_OK"
21865,10411141967,10411142002,1,"IOTHUB_CLIENT_CONFIRMATION_OK"
21866,10411142167,10411142243,1,"IOTHUB_CLIENT_CONFIRMATION_OK"
21867,10411142367,10411142431,1,"IOTHUB_CLIENT_CONFIRMATION_OK"
21868,10411142567,10411142686,1,"IOTHUB_CLIENT_CONFIRMATION_OK"
21869,10411142767,10411142818,1,"IOTHUB_CLIENT_CONFIRMATION_OK"
21870,10411142967,10411143015,1,"IOTHUB_CLIENT_CONFIRMATION_OK"
21871,10411143168,10411143297,1,"IOTHUB_CLIENT_CONFIRMATION_OK"
21872,10411143368,10411143424,1,"IOTHUB_CLIENT_CONFIRMATION_OK"
21873,10411143568,10411143609,1,"IOTHUB_CLIENT_CONFIRMATION_OK"
21874,10411143768,10411143907,1,"IOTHUB_CLIENT_CONFIRMATION_OK"
21875,10411143968,10411144058,1,"IOTHUB_CLIENT_CONFIRMATION_OK"
21876,10411144168,10411144215,1,"IOTHUB_CLIENT_CONFIRMATION_OK"
21877,10411144368,10411144487,1,"IOTHUB_CLIENT_CONFIRMATION_OK"
21878,10411144569,10411144610,1,"IOTHUB_CLIENT_CONFIRMATION_OK"
21879,10411144769,10411144816,1,"IOTHUB_CLIENT_CONFIRMATION_OK"
21880,10411144969,10411145019,1,"IOTHUB_CLIENT_CONFIRMATION_OK"
21881,10411145169,10411145208,1,"IOTHUB_CLIENT_CONFIRMATION_OK"
21882,10411145369,10411145576,1,"IOTHUB_CLIENT_CONFIRMATION_OK"
21883,10411145569,10411145616,1,"IOTHUB_CLIENT_CONFIRMATION_OK"
21884,10411145770,10411145821,1,"IOTHUB_CLIENT_CONFIRMATION_OK"
21885,10411145970,10411146046,1,"IOTHUB_CLIENT_CONFIRMATION_OK"
21886,10411146170,10411146242,1,"IOTHUB_CLIENT_CONFIRMATION_OK"
21887,10411146370,10411146414,1,"IOTHUB_CLIENT_CONFIRMATION_OK"
21888,10411146570,10411146628,1,"IOTHUB_CLIENT_CONFIRMATION_OK"
21889,10411146770,10411146813,1,"IOTHUB_CLIENT_CONFIRMATION_OK"
21890,10411146971,10411147018,1,"IOTHUB_CLIENT_CONFIRMATION_OK"
21891,10411147171,10411147215,1,"IOTHUB_CLIENT_CONFIRMATION_OK"
21892,10411147371,10411147424,1,"IOTHUB_CLIENT_CONFIRMATION_OK"
21893,10411147571,10411147797,1,"IOTHUB_CLIENT_CONFIRMATION_OK"
21894,10411147771,10411147827,1,"IOTHUB_CLIENT_CONFIRMATION_OK"
21895,10411147971,10411148053,1,"IOTHUB_CLIENT_CONFIRMATION_OK"
21896,10411148171,10411148212,1,"IOTHUB_CLIENT_CONFIRMATION_OK"
21897,10411148372,10411148412,1,"IOTHUB_CLIENT_CONFIRMATION_OK"
21898,10411148572,10411148621,1,"IOTHUB_CLIENT_CONFIRMATION_OK"
21899,10411148772,10411148833,1,"IOTHUB_CLIENT_CONFIRMATION_OK"
21900,10411148972,10411149122,1,"IOTHUB_CLIENT_CONFIRMATION_OK"
21901,10411149172,10411149228,1,"IOTHUB_CLIENT_CONFIRMATION_OK"
21902,10411149372,10411149450,1,"IOTHUB_CLIENT_CONFIRMATION_OK"
21903,10411149573,10411149638,1,"IOTHUB_CLIENT_CONFIRMATION_OK"
21904,10411149773,10411149821,1,"IOTHUB_CLIENT_CONFIRMATION_OK"
21905,10411149973,10411150044,1,"IOTHUB_CLIENT_CONFIRMATION_OK"
21906,10411150173,10411150221,1,"IOTHUB_CLIENT_CONFIRMATION_OK"
21907,10411150373,10411150452,1,"IOTHUB_CLIENT_CONFIRMATION_OK"
21908,10411150573,10411150627,1,"IOTHUB_CLIENT_CONFIRMATION_OK"
21909,10411150773,10411150812,1,"IOTHUB_CLIENT_CONFIRMATION_OK"
21910,10411150974,10411151108,1,"IOTHUB_CLIENT_CONFIRMATION_OK"
21911,10411151174,10411151244,1,"IOTHUB_CLIENT_CONFIRMATION_OK"
21912,10411151374,10411151439,1,"IOTHUB_CLIENT_CONFIRMATION_OK"
21913,10411151574,10411151636,1,"IOTHUB_CLIENT_CONFIRMATION_OK"
21914,10411151774,10411151822,1,"IOTHUB_CLIENT_CONFIRMATION_OK"
21915,10411151974,10411152024,1,"IOTHUB_CLIENT_CONFIRMATION_OK"
21916,10411152175,10411152249,1,"IOTHUB_CLIENT_CONFIRMATION_OK"
21917,10411152375,10411152424,1,"IOTHUB_CLIENT_CONFIRMATION_OK"
21918,10411152575,10411152723,1,"IOTHUB_CLIENT_CONFIRMATION_OK"
21919,10411152775,10411152819,1,"IOTHUB_CLIENT_CONFIRMATION_OK"
21920,10411152975,10411153024,1,"IOTHUB_CLIENT_CONFIRMATION_OK"
21921,10411153175,10411153352,1,"IOTHUB_CLIENT_CONFIRMATION_OK"
21922,10411153376,10411153431,1,"IOTHUB_CLIENT_CONFIRMATION_OK"
21923,10411153576,10411153616,1,"IOTHUB_CLIENT_CONFIRMATION_OK"
21924,10411153776,10411153825,1,"IOTHUB_CLIENT_CONFIRMATION_OK"
21925,10411153976,10411154054,1,"IOTHUB_CLIENT_CONFIRMATION_OK"
21926,10411154176,10411154244,1,"IOTHUB_CLIENT_CONFIRMATION_OK"
21927,10411154376,10411154436,1,"IOTHUB_CLIENT_CONFIRMATION_OK"
21928,10411154577,10411154730,1,"IOTHUB_CLIENT_CONFIRMATION_OK"
21929,10411154777,10411154827,1,"IOTHUB_CLIENT_CONFIRMATION_OK"
21930,10411154977,10411155031,1,"IOTHUB_CLIENT_CONFIRMATION_OK"
21931,10411155177,10411155217,1,"IOTHUB_CLIENT_CONFIRMATION_OK"
21932,10411155377,10411155466,1,"IOTHUB_CLIENT_CONFIRMATION_OK"
21933,10411155577,10411155645,1,"IOTHUB_CLIENT_CONFIRMATION_OK"
21934,10411155777,10411155830,1,"IOTHUB_CLIENT_CONFIRMATION_OK"
21935,10411155978,10411156076,1,"IOTHUB_CLIENT_CONFIRMATION_OK"
21936,10411156178,10411156226,1,"IOTHUB_CLIENT_CONFIRMATION_OK"
21937,10411156378,10411156450,1,"IOTHUB_CLIENT_CONFIRMATION_OK"
21938,10411156578,10411156621,1,"IOTHUB_CLIENT_CONFIRMATION_OK"
21939,10411156778,10411156835,1,"IOTHUB_CLIENT_CONFIRMATION_OK"
21940,10411156978,10411157038,1,"IOTHUB_CLIENT_CONFIRMATION_OK"
21941,10411157179,10411157228,1,"IOTHUB_CLIENT_CONFIRMATION_OK"
21942,10411157379,10411157430,1,"IOTHUB_CLIENT_CONFIRMATION_OK"
21943,10411157579,10411157720,1,"IOTHUB_CLIENT_CONFIRMATION_OK"
21944,10411157779,10411157836,1,"IOTHUB_CLIENT_CONFIRMATION_OK"
21945,10411157979,10411158072,1,"IOTHUB_CLIENT_CONFIRMATION_OK"
21946,10411158179,10411158340,1,"IOTHUB_CLIENT_CONFIRMATION_OK"
21947,10411158379,10411158436,1,"IOTHUB_CLIENT_CONFIRMATION_OK"
21948,10411158580,10411158636,1,"IOTHUB_CLIENT_CONFIRMATION_OK"
21949,10411158780,10411158858,1,"IOTHUB_CLIENT_CONFIRMATION_OK"
21950,10411158980,10411159043,1,"IOTHUB_CLIENT_CONFIRMATION_OK"
21951,10411159180,10411159242,1,"IOTHUB_CLIENT_CONFIRMATION_OK"
21952,10411159380,10411159518,1,"IOTHUB_CLIENT_CONFIRMATION_OK"
21953,10411159580,10411159636,1,"IOTHUB_CLIENT_CONFIRMATION_OK"
21954,10411159781,10411159875,1,"IOTHUB_CLIENT_CONFIRMATION_OK"
21955,10411159981,10411160026,1,"IOTHUB_CLIENT_CONFIRMATION_OK"
21956,10411160181,10411160295,1,"IOTHUB_CLIENT_CONFIRMATION_OK"
21957,10411160381,10411160518,1,"IOTHUB_CLIENT_CONFIRMATION_OK"
21958,10411160581,10411160625,1,"IOTHUB_CLIENT_CONFIRMATION_OK"
21959,10411160781,10411160835,1,"IOTHUB_CLIENT_CONFIRMATION_OK"
21960,10411160981,10411161156,1,"IOTHUB_CLIENT_CONFIRMATION_OK"
21961,10411161182,10411161231,1,"IOTHUB_CLIENT_CONFIRMATION_OK"
21962,10411161382,10411161448,1,"IOTHUB_CLIENT_CONFIRMATION_OK"
21963,10411161582,10411161623,1,"IOTHUB_CLIENT_CONFIRMATION_OK"
21964,10411161782,10411161840,1,"IOTHUB_CLIENT_CONFIRMATION_OK"
21965,10411161982,10411162039,1,"IOTHUB_CLIENT_CONFIRMATION_OK"
21966,10411162182,10411162218,1,"IOTHUB_CLIENT_CONFIRMATION_OK"
21967,10411162383,10411162448,1,"IOTHUB_CLIENT_CONFIRMATION_OK"
21968,10411162583,10411162742,1,"IOTHUB_CLIENT_CONFIRMATION_OK"
21969,10411162783,10411162824,1,"IOTHUB_CLIENT_CONFIRMATION_OK"
21970,10411162983,10411163051,1,"IOTHUB_CLIENT_CONFIRMATION_OK"
21971,10411163183,10411163368,1,"IOTHUB_CLIENT_CONFIRMATION_OK"
21972,10411163383,10411163437,1,"IOTHUB_CLIENT_CONFIRMATION_OK"
21973,10411163583,10411163626,1,"IOTHUB_CLIENT_CONFIRMATION_OK"
21974,10411163784,10411163829,1,"IOTHUB_CLIENT_CONFIRMATION_OK"
21975,10411163984,10411164109,1,"IOTHUB_CLIENT_CONFIRMATION_OK"
21976,10411164184,10411164255,1,"IOTHUB_CLIENT_CONFIRMATION_OK"
21977,10411164384,10411164425,1,"IOTHUB_CLIENT_CONFIRMATION_OK"
21978,10411164584,10411164654,1,"IOTHUB_CLIENT_CONFIRMATION_OK"
21979,10411164784,10411164843,1,"IOTHUB_CLIENT_CONFIRMATION_OK"
21980,10411164985,10411165020,1,"IOTHUB_CLIENT_CONFIRMATION_OK"
21981,10411165185,10411165233,1,"IOTHUB_CLIENT_CONFIRMATION_OK"
21982,10411165385,10411165585,1,"IOTHUB_CLIENT_CONFIRMATION_OK"
21983,10411165585,10411165648,1,"IOTHUB_CLIENT_CONFIRMATION_OK"
21984,10411165785,10411165945,1,"IOTHUB_CLIENT_CONFIRMATION_OK"
21985,10411165985,10411166047,1,"IOTHUB_CLIENT_CONFIRMATION_OK"
21986,10411166185,10411166234,1,"IOTHUB_CLIENT_CONFIRMATION_OK"
21987,10411166386,10411166449,1,"IOTHUB_CLIENT_CONFIRMATION_OK"
21988,10411166586,10411166625,1,"IOTHUB_CLIENT_CONFIRMATION_OK"
21989,10411166786,10411166828,1,"IOTHUB_CLIENT_CONFIRMATION_OK"
21990,10411166986,10411167047,1,"IOTHUB_CLIENT_CONFIRMATION_OK"
21991,10411167186,10411167247,1,"IOTHUB_CLIENT_CONFIRMATION_OK"
21992,10411167386,10411167426,1,"IOTHUB_CLIENT_CONFIRMATION_OK"
21993,10411167586,10411167823,1,"IOTHUB_CLIENT_CONFIRMATION_OK"
21994,10411167787,10411167864,1,"IOTHUB_CLIENT_CONFIRMATION_OK"
21995,10411167987,10411168032,1,"IOTHUB_CLIENT_CONFIRMATION_OK"
21996,10411168187,10411168256,1,"IOTHUB_CLIENT_CONFIRMATION_OK"
21997,10411168387,10411168452,1,"IOTHUB_CLIENT_CONFIRMATION_OK"
21998,10411168587,10411168650,1,"IOTHUB_CLIENT_CONFIRMATION_OK"
21999,10411168787,10411168837,1,"IOTHUB_CLIENT_CONFIRMATION_OK"
22000,10411168988,10411169043,1,"IOTHUB_CLIENT_CONFIRMATION_OK"
22001,10411169188,10411169243,1,"IOTHUB_CLIENT_CONFIRMATION_OK"
22002,10411169388,10411169567,1,"IOTHUB_CLIENT_CONFIRMATION_OK"
22003,10411169588,10411169666,1,"IOTHUB_CLIENT_CONFIRMATION_OK"
22004,10411169788,10411169839,1,"IOTHUB_CLIENT_CONFIRMATION_OK"
22005,10411169988,10411170033,1,"IOTHUB_CLIENT_CONFIRMATION_OK"
22006,10411170188,10411170232,1,"IOTHUB_CLIENT_CONFIRMATION_OK"
22007,10411170389,10411170476,1,"IOTHUB_CLIENT_CONFIRMATION_OK"
22008,10411170589,10411170630,1,"IOTHUB_CLIENT_CONFIRMATION_OK"
22009,10411170789,10411170821,1,"IOTHUB_CLIENT_CONFIRMATION_OK"
22010,10411170989,10411171103,1,"IOTHUB_CLIENT_CONFIRMATION_OK"
22011,10411171189,10411171253,1,"IOTHUB_CLIENT_CONFIRMATION_OK"
22012,10411171389,10411171454,1,"IOTHUB_CLIENT_CONFIRMATION_OK"
22013,10411171589,10411171700,1,"IOTHUB_CLIENT_CONFIRMATION_OK"
22014,10411171790,10411171825,1,"IOTHUB_CLIENT_CONFIRMATION_OK"
22015,10411171990,10411172035,1,"IOTHUB_CLIENT_CONFIRMATION_OK"
22016,10411172190,10411172249,1,"IOTHUB_CLIENT_CONFIRMATION_OK"
22017,10411172390,10411172434,1,"IOTHUB_CLIENT_CONFIRMATION_OK"
22018,10411172590,10411172713,1,"IOTHUB_CLIENT_CONFIRMATION_OK"
22019,10411172790,10411172834,1,"IOTHUB_CLIENT_CONFIRMATION_OK"
22020,10411172991,10411173040,1,"IOTHUB_CLIENT_CONFIRMATION_OK"
22021,10411173191,10411173348,1,"IOTHUB_CLIENT_CONFIRMATION_OK"
22022,10411173391,10411173441,1,"IOTHUB_CLIENT_CONFIRMATION_OK"
22023,10411173591,10411173635,1,"IOTHUB_CLIENT_CONFIRMATION_OK"
22024,10411173791,10411173833,1,"IOTHUB_CLIENT_CONFIRMATION_OK"
22025,10411173991,10411174061,1,"IOTHUB_CLIENT_CONFIRMATION_OK"
22026,10411174192,10411174247,1,"IOTHUB_CLIENT_CONFIRMATION_OK"
22027,10411174392,10411174430,1,"IOTHUB_CLIENT_CONFIRMATION_OK"
22028,10411174592,10411174642,1,"IOTHUB_CLIENT_CONFIRMATION_OK"
22029,10411174792,10411174916,1,"IOTHUB_CLIENT_CONFIRMATION_OK"
22030,10411174992,10411175076,1,"IOTHUB_CLIENT_CONFIRMATION_OK"
22031,10411175192,10411175237,1,"IOTHUB_CLIENT_CONFIRMATION_OK"
22032,10411175392,10411175705,1,"IOTHUB_CLIENT_CONFIRMATION_OK"
22033,10411175593,10411175778,1,"IOTHUB_CLIENT_CONFIRMATION_OK"
22034,10411175793,10411175845,1,"IOTHUB_CLIENT_CONFIRMATION_OK"
22035,10411175993,10411176041,1,"IOTHUB_CLIENT_CONFIRMATION_OK"
22036,10411176193,10411176256,1,"IOTHUB_CLIENT_CONFIRMATION_OK"
22037,10411176393,10411176452,1,"IOTHUB_CLIENT_CONFIRMATION_OK"
22038,10411176593,10411176687,1,"IOTHUB_CLIENT_CONFIRMATION_OK"
22039,10411176794,10411176854,1,"IOTHUB_CLIENT_CONFIRMATION_OK"
22040,10411176994,10411177050,1,"IOTHUB_CLIENT_CONFIRMATION_OK"
22041,10411177194,10411177253,1,"IOTHUB_CLIENT_CONFIRMATION_OK"
22042,10411177394,10411177440,1,"IOTHUB_CLIENT_CONFIRMATION_OK"
22043,10411177594,10411177656,1,"IOTHUB_CLIENT_CONFIRMATION_OK"
22044,10411177794,10411177883,1,"IOTHUB_CLIENT_CONFIRMATION_OK"
22045,10411177994,10411178036,1,"IOTHUB_CLIENT_CONFIRMATION_OK"
22046,10411178195,10411178274,1,"IOTHUB_CLIENT_CONFIRMATION_OK"
22047,10411178395,10411178443,1,"IOTHUB_CLIENT_CONFIRMATION_OK"
22048,10411178595,10411178641,1,"IOTHUB_CLIENT_CONFIRMATION_OK"
22049,10411178795,10411178856,1,"IOTHUB_CLIENT_CONFIRMATION_OK"
22050,10411178995,10411179041,1,"IOTHUB_CLIENT_CONFIRMATION_OK"
22051,10411179195,10411179269,1,"IOTHUB_CLIENT_CONFIRMATION_OK"
22052,10411179395,10411179488,1,"IOTHUB_CLIENT_CONFIRMATION_OK"
22053,10411179596,10411179665,1,"IOTHUB_CLIENT_CONFIRMATION_OK"
22054,10411179796,10411179846,1,"IOTHUB_CLIENT_CONFIRMATION_OK"
22055,10411179996,10411180156,1,"IOTHUB_CLIENT_CONFIRMATION_OK"
22056,10411180196,10411180245,1,"IOTHUB_CLIENT_CONFIRMATION_OK"
22057,10411180396,10411180576,1,"IOTHUB_CLIENT_CONFIRMATION_OK"
22058,10411180596,10411180639,1,"IOTHUB_CLIENT_CONFIRMATION_OK"
22059,10411180797,10411180834,1,"IOTHUB_CLIENT_CONFIRMATION_OK"
22060,10411180997,10411181047,1,"IOTHUB_CLIENT_CONFIRMATION_OK"
22061,10411181197,10411181245,1,"IOTHUB_CLIENT_CONFIRMATION_OK"
22062,10411181397,10411181440,1,"IOTHUB_CLIENT_CONFIRMATION_OK"
22063,10411181597,10411181648,1,"IOTHUB_CLIENT_CONFIRMATION_OK"
22064,10411181797,10411181865,1,"IOTHUB_CLIENT_CONFIRMATION_OK"
22065,10411181998,10411182036,1,"IOTHUB_CLIENT_CONFIRMATION_OK"
22066,10411182198,10411182247,1,"IOTHUB_CLIENT_CONFIRMATION_OK"
22067,10411182398,10411182451,1,"IOTHUB_CLIENT_CONFIRMATION_OK"
22068,10411182598,10411182634,1,"IOTHUB_CLIENT_CONFIRMATION_OK"
22069,10411182798,10411182846,1,"IOTHUB_CLIENT_CONFIRMATION_OK"
22070,10411182998,10411183057,1,"IOTHUB_CLIENT_CONFIRMATION_OK"
22071,10411183198,10411183272,1,"IOTHUB_CLIENT_CONFIRMATION_OK"
22072,10411183399,10411183457,1,"IOTHUB_CLIENT_CONFIRMATION_OK"
22073,10411183599,10411183652,1,"IOTHUB_CLIENT_CONFIRMATION_OK"
22074,10411183799,10411183859,1,"IOTHUB_CLIENT_CONFIRMATION_OK"
22075,10411183999,10411184096,1,"IOTHUB_CLIENT_CONFIRMATION_OK"
22076,10411184199,10411184248,1,"IOTHUB_CLIENT_CONFIRMATION_OK"
22077,10411184399,10411184459,1,"IOTHUB_CLIENT_CONFIRMATION_OK"
22078,10411184599,10411184648,1,"IOTHUB_CLIENT_CONFIRMATION_OK"
22079,10411184800,10411184851,1,"IOTHUB_CLIENT_CONFIRMATION_OK"
22080,10411185000,10411185071,1,"IOTHUB_CLIENT_CONFIRMATION_OK"
22081,10411185200,10411185255,1,"IOTHUB_CLIENT_CONFIRMATION_OK"
22082,10411185400,10411185508,1,"IOTHUB_CLIENT_CONFIRMATION_OK"
22083,10411185600,10411185642,1,"IOTHUB_CLIENT_CONFIRMATION_OK"
22084,10411185800,10411185861,1,"IOTHUB_CLIENT_CONFIRMATION_OK"
22085,10411186001,10411186235,1,"IOTHUB_CLIENT_CONFIRMATION_OK"
22086,10411186201,10411186266,1,"IOTHUB_CLIENT_CONFIRMATION_OK"
22087,10411186401,10411186442,1,"IOTHUB_CLIENT_CONFIRMATION_OK"
22088,10411186601,10411186647,1,"IOTHUB_CLIENT_CONFIRMATION_OK"
22089,10411186801,10411186845,1,"IOTHUB_CLIENT_CONFIRMATION_OK"
22090,10411187001,10411187057,1,"IOTHUB_CLIENT_CONFIRMATION_OK"
22091,10411187201,10411187255,1,"IOTHUB_CLIENT_CONFIRMATION_OK"
22092,10411187402,10411187454,1,"IOTHUB_CLIENT_CONFIRMATION_OK"
22093,10411187602,10411187747,1,"IOTHUB_CLIENT_CONFIRMATION_OK"
22094,10411187802,10411187853,1,"IOTHUB_CLIENT_CONFIRMATION_OK"
22095,10411188002,10411188048,1,"IOTHUB_CLIENT_CONFIRMATION_OK"
22096,10411188202,10411188374,1,"IOTHUB_CLIENT_CONFIRMATION_OK"
22097,10411188402,10411188455,1,"IOTHUB_CLIENT_CONFIRMATION_OK"
22098,10411188602,10411188664,1,"IOTHUB_CLIENT_CONFIRMATION_OK"
22099,10411188803,10411188862,1,"IOTHUB_CLIENT_CONFIRMATION_OK"
22100,10411189003,10411189050,1,"IOTHUB_CLIENT_CONFIRMATION_OK"
22101,10411189203,10411189259,1,"IOTHUB_CLIENT_CONFIRMATION_OK"
22102,10411189403,10411189763,1,"IOTHUB_CLIENT_CONFIRMATION_OK"
22103,10411189603,10411189784,1,"IOTHUB_CLIENT_CONFIRMATION_OK"
22104,10411189803,10411189864,1,"IOTHUB_CLIENT_CONFIRMATION_OK"
22105,10411190004,10411190048,1,"IOTHUB_CLIENT_CONFIRMATION_OK"
22106,10411190204,10411190270,1,"IOTHUB_CLIENT_CONFIRMATION_OK"
22107,10411190404,10411190638,1,"IOTHUB_CLIENT_CONFIRMATION_OK"
22108,10411190604,10411190674,1,"IOTHUB_CLIENT_CONFIRMATION_OK"
22109,10411190804,10411190850,1,"IOTHUB_CLIENT_CONFIRMATION_OK"
22110,10411191004,10411191076,1,"IOTHUB_CLIENT_CONFIRMATION_OK"
22111,10411191204,10411191263,1,"IOTHUB_CLIENT_CONFIRMATION_OK"
22112,10411191405,10411191464,1,"IOTHUB_CLIENT_CONFIRMATION_OK"
22113,10411191605,10411191650,1,"IOTHUB_CLIENT_CONFIRMATION_OK"
22114,10411191805,10411191849,1,"IOTHUB_CLIENT_CONFIRMATION_OK"
22115,10411192005,10411192056,1,"IOTHUB_CLIENT_CONFIRMATION_OK"
22116,10411192205,10411192335,1,"IOTHUB_CLIENT_CONFIRMATION_OK"
22117,10411192405,10411192451,1,"IOTHUB_CLIENT_CONFIRMATION_OK"
22118,10411192606,10411192835,1,"IOTHUB_CLIENT_CONFIRMATION_OK"
22119,10411192806,10411192863,1,"IOTHUB_CLIENT_CONFIRMATION_OK"
22120,10411193006,10411193045,1,"IOTHUB_CLIENT_CONFIRMATION_OK"
22121,10411193206,10411193267,1,"IOTHUB_CLIENT_CONFIRMATION_OK"
22122,10411193406,10411193490,1,"IOTHUB_CLIENT_CONFIRMATION_OK"
22123,10411193606,10411193678,1,"IOTHUB_CLIENT_CONFIRMATION_OK"
22124,10411193807,10411193852,1,"IOTHUB_CLIENT_CONFIRMATION_OK"
22125,10411194007,10411194098,1,"IOTHUB_CLIENT_CONFIRMATION_OK"
22126,10411194207,10411194247,1,"IOTHUB_CLIENT_CONFIRMATION_OK"
22127,10411194407,10411194524,1,"IOTHUB_CLIENT_CONFIRMATION_OK"
22128,10411194607,10411194663,1,"IOTHUB_CLIENT_CONFIRMATION_OK"
22129,10411194807,10411194854,1,"IOTHUB_CLIENT_CONFIRMATION_OK"
22130,10411195007,10411195069,1,"IOTHUB_CLIENT_CONFIRMATION_OK"
22131,10411195208,10411195276,1,"IOTHUB_CLIENT_CONFIRMATION_OK"
22132,10411195408,10411195489,1,"IOTHUB_CLIENT_CONFIRMATION_OK"
22133,10411195608,10411195650,1,"IOTHUB_CLIENT_CONFIRMATION_OK"
22134,10411195808,10411195861,1,"IOTHUB_CLIENT_CONFIRMATION_OK"
22135,10411196008,10411196084,1,"IOTHUB_CLIENT_CONFIRMATION_OK"
22136,10411196208,10411196277,1,"IOTHUB_CLIENT_CONFIRMATION_OK"
22137,10411196409,10411196454,1,"IOTHUB_CLIENT_CONFIRMATION_OK"
22138,10411196609,10411196732,1,"IOTHUB_CLIENT_CONFIRMATION_OK"
22139,10411196809,10411196848,1,"IOTHUB_CLIENT_CONFIRMATION_OK"
22140,10411197009,10411197058,1,"IOTHUB_CLIENT_CONFIRMATION_OK"
22141,10411197209,10411197264,1,"IOTHUB_CLIENT_CONFIRMATION_OK"
22142,10411197409,10411197490,1,"IOTHUB_CLIENT_CONFIRMATION_OK"
22143,10411197609,10411197806,1,"IOTHUB_CLIENT_CONFIRMATION_OK"
22144,10411197810,10411197867,1,"IOTHUB_CLIENT_CONFIRMATION_OK"
22145,10411198010,10411198050,1,"IOTHUB_CLIENT_CONFIRMATION_OK"
22146,10411198210,10411198373,1,"IOTHUB_CLIENT_CONFIRMATION_OK"
22147,10411198410,10411198459,1,"IOTHUB_CLIENT_CONFIRMATION_OK"
22148,10411198610,10411198660,1,"IOTHUB_CLIENT_CONFIRMATION_OK"
22149,10411198810,10411198945,1,"IOTHUB_CLIENT_CONFIRMATION_OK"
22150,10411199011,10411199054,1,"IOTHUB_CLIENT_CONFIRMATION_OK"
22151,10411199211,10411199287,1,"IOTHUB_CLIENT_CONFIRMATION_OK"
22152,10411199411,10411199454,1,"IOTHUB_CLIENT_CONFIRMATION_OK"
22153,10411199611,10411199671,1,"IOTHUB_CLIENT_CONFIRMATION_OK"
22154,10411199811,10411199858,1,"IOTHUB_CLIENT_CONFIRMATION_OK"
22155,10411200011,10411200067,1,"IOTHUB_CLIENT_CONFIRMATION_OK"
22156,10411200211,10411200298,1,"IOTHUB_CLIENT_CONFIRMATION_OK"
22157,10411200412,10411200553,1,"IOTHUB_CLIENT_CONFIRMATION_OK"
22158,10411200612,10411200711,1,"IOTHUB_CLIENT_CONFIRMATION_OK"
22159,10411200812,10411200895,1,"IOTHUB_CLIENT_CONFIRMATION_OK"
22160,10411201012,10411201082,1,"IOTHUB_CLIENT_CONFIRMATION_OK"
22161,10411201212,10411201276,1,"IOTHUB_CLIENT_CONFIRMATION_OK"
22162,10411201412,10411201472,1,"IOTHUB_CLIENT_CONFIRMATION_OK"
22163,10411201613,10411201650,1,"IOTHUB_CLIENT_CONFIRMATION_OK"
22164,10411201813,10411201847,1,"IOTHUB_CLIENT_CONFIRMATION_OK"
22165,10411202013,10411202056,1,"IOTHUB_CLIENT_CONFIRMATION_OK"
22166,10411202213,10411202269,1,"IOTHUB_CLIENT_CONFIRMATION_OK"
22167,10411202413,10411202533,1,"IOTHUB_CLIENT_CONFIRMATION_OK"
22168,10411202613,10411202786,1,"IOTHUB_CLIENT_CONFIRMATION_OK"
22169,10411202813,10411202877,1,"IOTHUB_CLIENT_CONFIRMATION_OK"
22170,10411203014,10411203065,1,"IOTHUB_CLIENT_CONFIRMATION_OK"
22171,10411203214,10411203354,1,"IOTHUB_CLIENT_CONFIRMATION_OK"
22172,10411203414,10411203460,1,"IOTHUB_CLIENT_CONFIRMATION_OK"
22173,10411203614,10411203656,1,"IOTHUB_CLIENT_CONFIRMATION_OK"
22174,10411203814,10411203858,1,"IOTHUB_CLIENT_CONFIRMATION_OK"
22175,10411204014,10411204058,1,"IOTHUB_CLIENT_CONFIRMATION_OK"
22176,10411204215,10411204264,1,"IOTHUB_CLIENT_CONFIRMATION_OK"
22177,10411204415,10411204468,1,"IOTHUB_CLIENT_CONFIRMATION_OK"
22178,10411204615,10411204670,1,"IOTHUB_CLIENT_CONFIRMATION_OK"
22179,10411204815,10411204920,1,"IOTHUB_CLIENT_CONFIRMATION_OK"
22180,10411205015,10411205071,1,"IOTHUB_CLIENT_CONFIRMATION_OK"
22181,10411205215,10411205291,1,"IOTHUB_CLIENT_CONFIRMATION_OK"
22182,10411205415,10411205584,1,"IOTHUB_CLIENT_CONFIRMATION_OK"
22183,10411205616,10411205663,1,"IOTHUB_CLIENT_CONFIRMATION_OK"
22184,10411205816,10411205865,1,"IOTHUB_CLIENT_CONFIRMATION_OK"
22185,10411206016,10411206088,1,"IOTHUB_CLIENT_CONFIRMATION_OK"
22186,10411206216,10411206278,1,"IOTHUB_CLIENT_CONFIRMATION_OK"
22187,10411206416,10411206468,1,"IOTHUB_CLIENT_CONFIRMATION_OK"
22188,10411206616,10411206667,1,"IOTHUB_CLIENT_CONFIRMATION_OK"
22189,10411206817,10411206879,1,"IOTHUB_CLIENT_CONFIRMATION_OK"
22190,10411207017,10411207060,1,"IOTHUB_CLIENT_CONFIRMATION_OK"
22191,10411207217,10411207267,1,"IOTHUB_CLIENT_CONFIRMATION_OK"
22192,10411207417,10411207509,1,"IOTHUB_CLIENT_CONFIRMATION_OK"
22193,10411207617,10411207796,1,"IOTHUB_CLIENT_CONFIRMATION_OK"
22194,10411207817,10411207900,1,"IOTHUB_CLIENT_CONFIRMATION_OK"
22195,10411208017,10411208105,1,"IOTHUB_CLIENT_CONFIRMATION_OK"
22196,10411208218,10411208411,1,"IOTHUB_CLIENT_CONFIRMATION_OK"
22197,10411208418,10411208489,1,"IOTHUB_CLIENT_CONFIRMATION_OK"
22198,10411208618,10411208686,1,"IOTHUB_CLIENT_CONFIRMATION_OK"
22199,10411208818,10411208871,1,"IOTHUB_CLIENT_CONFIRMATION_OK"
22200,10411209018,10411209066,1,"IOTHUB_CLIENT_CONFIRMATION_OK"
22201,10411209218,10411209297,1,"IOTHUB_CLIENT_CONFIRMATION_OK"
22202,10411209419,10411209479,1,"IOTHUB_CLIENT_CONFIRMATION_OK"
22203,10411209619,10411209681,1,"IOTHUB_CLIENT_CONFIRMATION_OK"
22204,10411209819,10411209889,1,"IOTHUB_CLIENT_CONFIRMATION_OK"
22205,10411210019,10411210082,1,"IOTHUB_CLIENT_CONFIRMATION_OK"
22206,10411210219,10411210266,1,"IOTHUB_CLIENT_CONFIRMATION_OK"
22207,10411210419,10411210563,1,"IOTHUB_CLIENT_CONFIRMATION_OK"
22208,10411210620,10411210669,1,"IOTHUB_CLIENT_CONFIRMATION_OK"
22209,10411210820,10411210860,1,"IOTHUB_CLIENT_CONFIRMATION_OK"
22210,10411211020,10411211085,1,"IOTHUB_CLIENT_CONFIRMATION_OK"
22211,10411211220,10411211281,1,"IOTHUB_CLIENT_CONFIRMATION_OK"
22212,10411211420,10411211457,1,"IOTHUB_CLIENT_CONFIRMATION_OK"
22213,10411211621,10411211677,1,"IOTHUB_CLIENT_CONFIRMATION_OK"
22214,10411211821,10411211893,1,"IOTHUB_CLIENT_CONFIRMATION_OK"
22215,10411212021,10411212069,1,"IOTHUB_CLIENT_CONFIRMATION_OK"
22216,10411212221,10411212270,1,"IOTHUB_CLIENT_CONFIRMATION_OK"
22217,10411212421,10411212469,1,"IOTHUB_CLIENT_CONFIRMATION_OK"
22218,10411212621,10411212758,1,"IOTHUB_CLIENT_CONFIRMATION_OK"
22219,10411212821,10411212878,1,"IOTHUB_CLIENT_CONFIRMATION_OK"
22220,10411213022,10411213077,1,"IOTHUB_CLIENT_CONFIRMATION_OK"
22221,10411213222,10411213303,1,"IOTHUB_CLIENT_CONFIRMATION_OK"
22222,10411213422,10411213469,1,"IOTHUB_CLIENT_CONFIRMATION_OK"
22223,10411213622,10411213673,1,"IOTHUB_CLIENT_CONFIRMATION_OK"
22224,10411213822,10411213922,1,"IOTHUB_CLIENT_CONFIRMATION_OK"
22225,10411214022,10411214264,1,"IOTHUB_CLIENT_CONFIRMATION_OK"
22226,10411214222,10411214345,1,"IOTHUB_CLIENT_CONFIRMATION_OK"
22227,10411214423,10411214475,1,"IOTHUB_CLIENT_CONFIRMATION_OK"
22228,10411214623,10411214695,1,"IOTHUB_CLIENT_CONFIRMATION_OK"
22229,10411214823,10411214877,1,"IOTHUB_CLIENT_CONFIRMATION_OK"
22230,10411215023,10411215062,1,"IOTHUB_CLIENT_CONFIRMATION_OK"
22231,10411215223,10411215274,1,"IOTHUB_CLIENT_CONFIRMATION_OK"
22232,10411215423,10411215544,1,"IOTHUB_CLIENT_CONFIRMATION_OK"
22233,10411215623,10411215673,1,"IOTHUB_CLIENT_CONFIRMATION_OK"
22234,10411215824,10411215882,1,"IOTHUB_CLIENT_CONFIRMATION_OK"
22235,10411216024,10411216148,1,"IOTHUB_CLIENT_CONFIRMATION_OK"
22236,10411216224,10411216286,1,"IOTHUB_CLIENT_CONFIRMATION_OK"
22237,10411216424,10411216473,1,"IOTHUB_CLIENT_CONFIRMATION_OK"
22238,10411216624,10411216689,1,"IOTHUB_CLIENT_CONFIRMATION_OK"
22239,10411216824,10411216907,1,"IOTHUB_CLIENT_CONFIRMATION_OK"
22240,10411217025,10411217069,1,"IOTHUB_CLIENT_CONFIRMATION_OK"
22241,10411217225,10411217275,1,"IOTHUB_CLIENT_CONFIRMATION_OK"
22242,10411217425,10411217468,1,"IOTHUB_CLIENT_CONFIRMATION_OK"
22243,10411217625,10411217772,1,"IOTHUB_CLIENT_CONFIRMATION_OK"
22244,10411217825,10411217900,1,"IOTHUB_CLIENT_CONFIRMATION_OK"
22245,10411218025,10411218080,1,"IOTHUB_CLIENT_CONFIRMATION_OK"
22246,10411218225,10411218393,1,"IOTHUB_CLIENT_CONFIRMATION_OK"
22247,10411218426,10411218479,1,"IOTHUB_CLIENT_CONFIRMATION_OK"
22248,10411218626,10411218690,1,"IOTHUB_CLIENT_CONFIRMATION_OK"
22249,10411218826,10411218866,1,"IOTHUB_CLIENT_CONFIRMATION_OK"
22250,10411219026,10411219066,1,"IOTHUB_CLIENT_CONFIRMATION_OK"
22251,10411219226,10411219271,1,"IOTHUB_CLIENT_CONFIRMATION_OK"
22252,10411219426,10411219495,1,"IOTHUB_CLIENT_CONFIRMATION_OK"
22253,10411219627,10411219664,1,"IOTHUB_CLIENT_CONFIRMATION_OK"
22254,10411219827,10411219877,1,"IOTHUB_CLIENT_CONFIRMATION_OK"
22255,10411220027,10411220072,1,"IOTHUB_CLIENT_CONFIRMATION_OK"
22256,10411220227,10411220296,1,"IOTHUB_CLIENT_CONFIRMATION_OK"
22257,10411220427,10411220633,1,"IOTHUB_CLIENT_CONFIRMATION_OK"
22258,10411220627,10411220691,1,"IOTHUB_CLIENT_CONFIRMATION_OK"
22259,10411220828,10411220874,1,"IOTHUB_CLIENT_CONFIRMATION_OK"
22260,10411221028,10411221149,1,"IOTHUB_CLIENT_CONFIRMATION_OK"
22261,10411221228,10411221285,1,"IOTHUB_CLIENT_CONFIRMATION_OK"
22262,10411221428,10411221493,1,"IOTHUB_CLIENT_CONFIRMATION_OK"
22263,10411221628,10411221782,1,"IOTHUB_CLIENT_CONFIRMATION_OK"
22264,10411221828,10411221878,1,"IOTHUB_CLIENT_CONFIRMATION_OK"
22265,10411222028,10411222099,1,"IOTHUB_CLIENT_CONFIRMATION_OK"
22266,10411222229,10411222273,1,"IOTHUB_CLIENT_CONFIRMATION_OK"
22267,10411222429,10411222501,1,"IOTHUB_CLIENT_CONFIRMATION_OK"
22268,10411222629,10411222666,1,"IOTHUB_CLIENT_CONFIRMATION_OK"
22269,10411222829,10411222873,1,"IOTHUB_CLIENT_CONFIRMATION_OK"
22270,10411223029,10411223086,1,"IOTHUB_CLIENT_CONFIRMATION_OK"
22271,10411223229,10411223312,1,"IOTHUB_CLIENT_CONFIRMATION_OK"
22272,10411223430,10411223487,1,"IOTHUB_CLIENT_CONFIRMATION_OK"
22273,10411223630,10411223687,1,"IOTHUB_CLIENT_CONFIRMATION_OK"
22274,10411223830,10411223915,1,"IOTHUB_CLIENT_CONFIRMATION_OK"
22275,10411224030,10411224071,1,"IOTHUB_CLIENT_CONFIRMATION_OK"
22276,10411224230,10411224312,1,"IOTHUB_CLIENT_CONFIRMATION_OK"
22277,10411224430,10411224521,1,"IOTHUB_CLIENT_CONFIRMATION_OK"
22278,10411224631,10411224676,1,"IOTHUB_CLIENT_CONFIRMATION_OK"
22279,10411224831,10411224875,1,"IOTHUB_CLIENT_CONFIRMATION_OK"
22280,10411225031,10411225097,1,"IOTHUB_CLIENT_CONFIRMATION_OK"
22281,10411225231,10411225304,1,"IOTHUB_CLIENT_CONFIRMATION_OK"
22282,10411225431,10411225549,1,"IOTHUB_CLIENT_CONFIRMATION_OK"
22283,10411225631,10411225712,1,"IOTHUB_CLIENT_CONFIRMATION_OK"
22284,10411225831,10411225907,1,"IOTHUB_CLIENT_CONFIRMATION_OK"
22285,10411226032,10411226140,1,"IOTHUB_CLIENT_CONFIRMATION_OK"
22286,10411226232,10411226277,1,"IOTHUB_CLIENT_CONFIRMATION_OK"
22287,10411226432,10411226506,1,"IOTHUB_CLIENT_CONFIRMATION_OK"
22288,10411226632,10411226682,1,"IOTHUB_CLIENT_CONFIRMATION_OK"
22289,10411226832,10411226895,1,"IOTHUB_CLIENT_CONFIRMATION_OK"
22290,10411227032,10411227096,1,"IOTHUB_CLIENT_CONFIRMATION_OK"
22291,10411227233,10411227289,1,"IOTHUB_CLIENT_CONFIRMATION_OK"
22292,10411227433,10411227479,1,"IOTHUB_CLIENT_CONFIRMATION_OK"
22293,10411227633,10411227770,1,"IOTHUB_CLIENT_CONFIRMATION_OK"
22294,10411227833,10411227902,1,"IOTHUB_CLIENT_CONFIRMATION_OK"
22295,10411228033,10411228081,1,"IOTHUB_CLIENT_CONFIRMATION_OK"
22296,10411228233,10411228387,1,"IOTHUB_CLIENT_CONFIRMATION_OK"
22297,10411228433,10411228490,1,"IOTHUB_CLIENT_CONFIRMATION_OK"
22298,10411228634,10411228684,1,"IOTHUB_CLIENT_CONFIRMATION_OK"
22299,10411228834,10411228883,1,"IOTHUB_CLIENT_CONFIRMATION_OK"
22300,10411229034,10411229077,1,"IOTHUB_CLIENT_CONFIRMATION_OK"
22301,10411229234,10411229284,1,"IOTHUB_CLIENT_CONFIRMATION_OK"
22302,10411229434,10411229492,1,"IOTHUB_CLIENT_CONFIRMATION_OK"
22303,10411229634,10411229699,1,"IOTHUB_CLIENT_CONFIRMATION_OK"
22304,10411229834,10411229877,1,"IOTHUB_CLIENT_CONFIRMATION_OK"
22305,10411230035,10411230084,1,"IOTHUB_CLIENT_CONFIRMATION_OK"
22306,10411230235,10411230297,1,"IOTHUB_CLIENT_CONFIRMATION_OK"
22307,10411230435,10411230615,1,"IOTHUB_CLIENT_CONFIRMATION_OK"
22308,10411230635,10411230698,1,"IOTHUB_CLIENT_CONFIRMATION_OK"
22309,10411230835,10411230881,1,"IOTHUB_CLIENT_CONFIRMATION_OK"
22310,10411231035,10411231113,1,"IOTHUB_CLIENT_CONFIRMATION_OK"
22311,10411231236,10411231294,1,"IOTHUB_CLIENT_CONFIRMATION_OK"
22312,10411231436,10411231475,1,"IOTHUB_CLIENT_CONFIRMATION_OK"
22313,10411231636,10411231682,1,"IOTHUB_CLIENT_CONFIRMATION_OK"
22314,10411231836,10411231896,1,"IOTHUB_CLIENT_CONFIRMATION_OK"
22315,10411232036,10411232087,1,"IOTHUB_CLIENT_CONFIRMATION_OK"
22316,10411232236,10411232321,1,"IOTHUB_CLIENT_CONFIRMATION_OK"
22317,10411232437,10411232487,1,"IOTHUB_CLIENT_CONFIRMATION_OK"
22318,10411232637,10411232852,1,"IOTHUB_CLIENT_CONFIRMATION_OK"
22319,10411232837,10411232926,1,"IOTHUB_CLIENT_CONFIRMATION_OK"
22320,10411233037,10411233099,1,"IOTHUB_CLIENT_CONFIRMATION_OK"
22321,10411233237,10411233274,1,"IOTHUB_CLIENT_CONFIRMATION_OK"
22322,10411233437,10411233499,1,"IOTHUB_CLIENT_CONFIRMATION_OK"
22323,10411233637,10411233702,1,"IOTHUB_CLIENT_CONFIRMATION_OK"
22324,10411233838,10411233887,1,"IOTHUB_CLIENT_CONFIRMATION_OK"
22325,10411234038,10411234084,1,"IOTHUB_CLIENT_CONFIRMATION_OK"
22326,10411234238,10411234312,1,"IOTHUB_CLIENT_CONFIRMATION_OK"
22327,10411234438,10411234510,1,"IOTHUB_CLIENT_CONFIRMATION_OK"
22328,10411234638,10411234693,1,"IOTHUB_CLIENT_CONFIRMATION_OK"
22329,10411234838,10411234892,1,"IOTHUB_CLIENT_CONFIRMATION_OK"
22330,10411235038,10411235098,1,"IOTHUB_CLIENT_CONFIRMATION_OK"
22331,10411235239,10411235293,1,"IOTHUB_CLIENT_CONFIRMATION_OK"
22332,10411235439,10411235481,1,"IOTHUB_CLIENT_CONFIRMATION_OK"
22333,10411235639,10411235686,1,"IOTHUB_CLIENT_CONFIRMATION_OK"
22334,10411235839,10411235885,1,"IOTHUB_CLIENT_CONFIRMATION_OK"
22335,10411236039,10411236094,1,"IOTHUB_CLIENT_CONFIRMATION_OK"
22336,10411236239,10411236290,1,"IOTHUB_CLIENT_CONFIRMATION_OK"
22337,10411236440,10411236474,1,"IOTHUB_CLIENT_CONFIRMATION_OK"
22338,10411236640,10411236714,1,"IOTHUB_CLIENT_CONFIRMATION_OK"
22339,10411236840,10411236903,1,"IOTHUB_CLIENT_CONFIRMATION_OK"
22340,10411237040,10411237081,1,"IOTHUB_CLIENT_CONFIRMATION_OK"
22341,10411237240,10411237296,1,"IOTHUB_CLIENT_CONFIRMATION_OK"
22342,10411237440,10411237501,1,"IOTHUB_CLIENT_CONFIRMATION_OK"
22343,10411237640,10411237721,1,"IOTHUB_CLIENT_CONFIRMATION_OK"
22344,10411237841,10411237955,1,"IOTHUB_CLIENT_CONFIRMATION_OK"
22345,10411238041,10411238100,1,"IOTHUB_CLIENT_CONFIRMATION_OK"
22346,10411238241,10411238419,1,"IOTHUB_CLIENT_CONFIRMATION_OK"
22347,10411238441,10411238488,1,"IOTHUB_CLIENT_CONFIRMATION_OK"
22348,10411238641,10411238681,1,"IOTHUB_CLIENT_CONFIRMATION_OK"
22349,10411238841,10411238901,1,"IOTHUB_CLIENT_CONFIRMATION_OK"
22350,10411239041,10411239089,1,"IOTHUB_CLIENT_CONFIRMATION_OK"
22351,10411239242,10411239305,1,"IOTHUB_CLIENT_CONFIRMATION_OK"
22352,10411239442,10411239487,1,"IOTHUB_CLIENT_CONFIRMATION_OK"
22353,10411239642,10411239708,1,"IOTHUB_CLIENT_CONFIRMATION_OK"
22354,10411239842,10411239883,1,"IOTHUB_CLIENT_CONFIRMATION_OK"
22355,10411240042,10411240177,1,"IOTHUB_CLIENT_CONFIRMATION_OK"
22356,10411240242,10411240292,1,"IOTHUB_CLIENT_CONFIRMATION_OK"
22357,10411240443,10411240611,1,"IOTHUB_CLIENT_CONFIRMATION_OK"
22358,10411240643,10411240700,1,"IOTHUB_CLIENT_CONFIRMATION_OK"
22359,10411240843,10411240877,1,"IOTHUB_CLIENT_CONFIRMATION_OK"
22360,10411241043,10411241097,1,"IOTHUB_CLIENT_CONFIRMATION_OK"
22361,10411241243,10411241282,1,"IOTHUB_CLIENT_CONFIRMATION_OK"
22362,10411241443,10411241521,1,"IOTHUB_CLIENT_CONFIRMATION_OK"
22363,10411241644,10411241686,1,"IOTHUB_CLIENT_CONFIRMATION_OK"
22364,10411241844,10411241902,1,"IOTHUB_CLIENT_CONFIRMATION_OK"
22365,10411242044,10411242084,1,"IOTHUB_CLIENT_CONFIRMATION_OK"
22366,10411242244,10411242294,1,"IOTHUB_CLIENT_CONFIRMATION_OK"
22367,10411242444,10411242491,1,"IOTHUB_CLIENT_CONFIRMATION_OK"
22368,10411242644,10411242880,1,"IOTHUB_CLIENT_CONFIRMATION_OK"
22369,10411242844,10411242908,1,"IOTHUB_CLIENT_CONFIRMATION_OK"
22370,10411243045,10411243094,1,"IOTHUB_CLIENT_CONFIRMATION_OK"
22371,10411243245,10411243308,1,"IOTHUB_CLIENT_CONFIRMATION_OK"
22372,10411243445,10411243487,1,"IOTHUB_CLIENT_CONFIRMATION_OK"
22373,10411243645,10411243730,1,"IOTHUB_CLIENT_CONFIRMATION_OK"
22374,10411243845,10411243900,1,"IOTHUB_CLIENT_CONFIRMATION_OK"
22375,10411244045,10411244090,1,"IOTHUB_CLIENT_CONFIRMATION_OK"
22376,10411244246,10411244291,1,"IOTHUB_CLIENT_CONFIRMATION_OK"
22377,10411244446,10411244505,1,"IOTHUB_CLIENT_CONFIRMATION_OK"
22378,10411244646,10411244719,1,"IOTHUB_CLIENT_CONFIRMATION_OK"
22379,10411244846,10411244895,1,"IOTHUB_CLIENT_CONFIRMATION_OK"
22380,10411245046,10411245118,1,"IOTHUB_CLIENT_CONFIRMATION_OK"
22381,10411245246,10411245296,1,"IOTHUB_CLIENT_CONFIRMATION_OK"
22382,10411245446,10411245498,1,"IOTHUB_CLIENT_CONFIRMATION_OK"
22383,10411245647,10411245688,1,"IOTHUB_CLIENT_CONFIRMATION_OK"
22384,10411245847,10411245893,1,"IOTHUB_CLIENT_CONFIRMATION_OK"
22385,10411246047,10411246118,1,"IOTHUB_CLIENT_CONFIRMATION_OK"
22386,10411246247,10411246298,1,"IOTHUB_CLIENT_CONFIRMATION_OK"
22387,10411246447,10411246490,1,"IOTHUB_CLIENT_CONFIRMATION_OK"
22388,10411246647,10411246741,1,"IOTHUB_CLIENT_CONFIRMATION_OK"
22389,10411246848,10411246917,1,"IOTHUB_CLIENT_CONFIRMATION_OK"
22390,10411247048,10411247095,1,"IOTHUB_CLIENT_CONFIRMATION_OK"
22391,10411247248,10411247434,1,"IOTHUB_CLIENT_CONFIRMATION_OK"
22392,10411247448,10411247512,1,"IOTHUB_CLIENT_CONFIRMATION_OK"
22393,10411247648,10411247712,1,"IOTHUB_CLIENT_CONFIRMATION_OK"
22394,10411247848,10411247905,1,"IOTHUB_CLIENT_CONFIRMATION_OK"
22395,10411248049,10411248120,1,"IOTHUB_CLIENT_CONFIRMATION_OK"
22396,10411248249,10411248326,1,"IOTHUB_CLIENT_CONFIRMATION_OK"
22397,10411248449,10411248485,1,"IOTHUB_CLIENT_CONFIRMATION_OK"
22398,10411248649,10411248807,1,"IOTHUB_CLIENT_CONFIRMATION_OK"
22399,10411248849,10411248972,1,"IOTHUB_CLIENT_CONFIRMATION_OK"
22400,10411249049,10411249105,1,"IOTHUB_CLIENT_CONFIRMATION_OK"
22401,10411249249,10411249305,1,"IOTHUB_CLIENT_CONFIRMATION_OK"
22402,10411249450,10411249610,1,"IOTHUB_CLIENT_CONFIRMATION_OK"
22403,10411249650,10411249731,1,"IOTHUB_CLIENT_CONFIRMATION_OK"
22404,10411249850,10411249898,1,"IOTHUB_CLIENT_CONFIRMATION_OK"
22405,10411250050,10411250093,1,"IOTHUB_CLIENT_CONFIRMATION_OK"
22406,10411250250,10411250288,1,"IOTHUB_CLIENT_CONFIRMATION_OK"
22407,10411250450,10411250594,1,"IOTHUB_CLIENT_CONFIRMATION_OK"
22408,10411250650,10411250705,1,"IOTHUB_CLIENT_CONFIRMATION_OK"
22409,10411250851,10411250903,1,"IOTHUB_CLIENT_CONFIRMATION_OK"
22410,10411251051,10411251201,1,"IOTHUB_CLIENT_CONFIRMATION_OK"
22411,10411251251,10411251307,1,"IOTHUB_CLIENT_CONFIRMATION_OK"
22412,10411251451,10411251495,1,"IOTHUB_CLIENT_CONFIRMATION_OK"
22413,10411251651,10411251706,1,"IOTHUB_CLIENT_CONFIRMATION_OK"
22414,10411251851,10411251896,1,"IOTHUB_CLIENT_CONFIRMATION_OK"
22415,10411252052,10411252112,1,"IOTHUB_CLIENT_CONFIRMATION_OK"
22416,10411252252,10411252309,1,"IOTHUB_CLIENT_CONFIRMATION_OK"
22417,10411252452,10411252568,1,"IOTHUB_CLIENT_CONFIRMATION_OK"
22418,10411252652,10411252833,1,"IOTHUB_CLIENT_CONFIRMATION_OK"
22419,10411252852,10411252891,1,"IOTHUB_CLIENT_CONFIRMATION_OK"
22420,10411253052,10411253096,1,"IOTHUB_CLIENT_CONFIRMATION_OK"
22421,10411253252,10411253307,1,"IOTHUB_CLIENT_CONFIRMATION_OK"
22422,10411253453,10411253496,1,"IOTHUB_CLIENT_CONFIRMATION_OK"
22423,10411253653,10411253694,1,"IOTHUB_CLIENT_CONFIRMATION_OK"
22424,10411253853,10411253924,1,"IOTHUB_CLIENT_CONFIRMATION_OK"
22425,10411254053,10411254113,1,"IOTHUB_CLIENT_CONFIRMATION_OK"
22426,10411254253,10411254298,1,"IOTHUB_CLIENT_CONFIRMATION_OK"
22427,10411254453,10411254502,1,"IOTHUB_CLIENT_CONFIRMATION_OK"
22428,10411254654,10411254707,1,"IOTHUB_CLIENT_CONFIRMATION_OK"
22429,10411254854,10411254892,1,"IOTHUB_CLIENT_CONFIRMATION_OK"
22430,10411255054,10411255191,1,"IOTHUB_CLIENT_CONFIRMATION_OK"
22431,10411255254,10411255302,1,"IOTHUB_CLIENT_CONFIRMATION_OK"
22432,10411255454,10411255495,1,"IOTHUB_CLIENT_CONFIRMATION_OK"
22433,10411255654,10411255701,1,"IOTHUB_CLIENT_CONFIRMATION_OK"
22434,10411255854,10411255931,1,"IOTHUB_CLIENT_CONFIRMATION_OK"
22435,10411256055,10411256104,1,"IOTHUB_CLIENT_CONFIRMATION_OK"
22436,10411256255,10411256325,1,"IOTHUB_CLIENT_CONFIRMATION_OK"
22437,10411256455,10411256502,1,"IOTHUB_CLIENT_CONFIRMATION_OK"
22438,10411256655,10411256708,1,"IOTHUB_CLIENT_CONFIRMATION_OK"
22439,10411256855,10411256906,1,"IOTHUB_CLIENT_CONFIRMATION_OK"
22440,10411257055,10411257103,1,"IOTHUB_CLIENT_CONFIRMATION_OK"
22441,10411257256,10411257332,1,"IOTHUB_CLIENT_CONFIRMATION_OK"
22442,10411257456,10411257496,1,"IOTHUB_CLIENT_CONFIRMATION_OK"
22443,10411257656,10411257701,1,"IOTHUB_CLIENT_CONFIRMATION_OK"
22444,10411257856,10411257895,1,"IOTHUB_CLIENT_CONFIRMATION_OK"
22445,10411258056,10411258103,1,"IOTHUB_CLIENT_CONFIRMATION_OK"
22446,10411258256,10411258345,1,"IOTHUB_CLIENT_CONFIRMATION_OK"
22447,10411258456,10411258555,1,"IOTHUB_CLIENT_CONFIRMATION_OK"
22448,10411258657,10411258713,1,"IOTHUB_CLIENT_CONFIRMATION_OK"
22449,10411258857,10411258948,1,"IOTHUB_CLIENT_CONFIRMATION_OK"
22450,10411259057,10411259117,1,"IOTHUB_CLIENT_CONFIRMATION_OK"
22451,10411259257,10411259304,1,"IOTHUB_CLIENT_CONFIRMATION_OK"
22452,10411259457,10411259504,1,"IOTHUB_CLIENT_CONFIRMATION_OK"
22453,10411259657,10411259707,1,"IOTHUB_CLIENT_CONFIRMATION_OK"
22454,10411259858,10411259909,1,"IOTHUB_CLIENT_CONFIRMATION_OK"
22455,10411260058,10411260113,1,"IOTHUB_CLIENT_CONFIRMATION_OK"
22456,10411260258,10411260308,1,"IOTHUB_CLIENT_CONFIRMATION_OK"
22457,10411260458,10411260569,1,"IOTHUB_CLIENT_CONFIRMATION_OK"
22458,10411260658,10411260735,1,"IOTHUB_CLIENT_CONFIRMATION_OK"
22459,10411260858,10411260907,1,"IOTHUB_CLIENT_CONFIRMATION_OK"
22460,10411261058,10411261223,1,"IOTHUB_CLIENT_CONFIRMATION_OK"
22461,10411261259,10411261318,1,"IOTHUB_CLIENT_CONFIRMATION_OK"
22462,10411261459,10411261521,1,"IOTHUB_CLIENT_CONFIRMATION_OK"
22463,10411261659,10411261705,1,"IOTHUB_CLIENT_CONFIRMATION_OK"
22464,10411261859,10411261897,1,"IOTHUB_CLIENT_CONFIRMATION_OK"
22465,10411262059,10411262121,1,"IOTHUB_CLIENT_CONFIRMATION_OK"
22466,10411262259,10411262314,1,"IOTHUB_CLIENT_CONFIRMATION_OK"
22467,10411262460,10411262507,1,"IOTHUB_CLIENT_CONFIRMATION_OK"
22468,10411262660,10411262835,1,"IOTHUB_CLIENT_CONFIRMATION_OK"
22469,10411262860,10411262902,1,"IOTHUB_CLIENT_CONFIRMATION_OK"
22470,10411263060,10411263103,1,"IOTHUB_CLIENT_CONFIRMATION_OK"
22471,10411263260,10411263321,1,"IOTHUB_CLIENT_CONFIRMATION_OK"
22472,10411263460,10411263518,1,"IOTHUB_CLIENT_CONFIRMATION_OK"
22473,10411263660,10411263698,1,"IOTHUB_CLIENT_CONFIRMATION_OK"
22474,10411263861,10411263922,1,"IOTHUB_CLIENT_CONFIRMATION_OK"
22475,10411264061,10411264103,1,"IOTHUB_CLIENT_CONFIRMATION_OK"
22476,10411264261,10411264309,1,"IOTHUB_CLIENT_CONFIRMATION_OK"
22477,10411264461,10411264572,1,"IOTHUB_CLIENT_CONFIRMATION_OK"
22478,10411264661,10411264750,1,"IOTHUB_CLIENT_CONFIRMATION_OK"
22479,10411264861,10411264909,1,"IOTHUB_CLIENT_CONFIRMATION_OK"
22480,10411265061,10411265110,1,"IOTHUB_CLIENT_CONFIRMATION_OK"
22481,10411265262,10411265318,1,"IOTHUB_CLIENT_CONFIRMATION_OK"
22482,10411265462,10411265558,1,"IOTHUB_CLIENT_CONFIRMATION_OK"
22483,10411265662,10411265730,1,"IOTHUB_CLIENT_CONFIRMATION_OK"
22484,10411265862,10411265907,1,"IOTHUB_CLIENT_CONFIRMATION_OK"
22485,10411266062,10411266179,1,"IOTHUB_CLIENT_CONFIRMATION_OK"
22486,10411266262,10411266478,1,"IOTHUB_CLIENT_CONFIRMATION_OK"
22487,10411266462,10411266524,1,"IOTHUB_CLIENT_CONFIRMATION_OK"
22488,10411266663,10411266709,1,"IOTHUB_CLIENT_CONFIRMATION_OK"
22489,10411266863,10411266917,1,"IOTHUB_CLIENT_CONFIRMATION_OK"
22490,10411267063,10411267114,1,"IOTHUB_CLIENT_CONFIRMATION_OK"
22491,10411267263,10411267329,1,"IOTHUB_CLIENT_CONFIRMATION_OK"
22492,10411267463,10411267522,1,"IOTHUB_CLIENT_CONFIRMATION_OK"
22493,10411267663,10411267820,1,"IOTHUB_CLIENT_CONFIRMATION_OK"
22494,10411267863,10411267939,1,"IOTHUB_CLIENT_CONFIRMATION_OK"
22495,10411268064,10411268112,1,"IOTHUB_CLIENT_CONFIRMATION_OK"
22496,10411268264,10411268456,1,"IOTHUB_CLIENT_CONFIRMATION_OK"
22497,10411268464,10411268508,1,"IOTHUB_CLIENT_CONFIRMATION_OK"
22498,10411268664,10411268731,1,"IOTHUB_CLIENT_CONFIRMATION_OK"
22499,10411268864,10411268927,1,"IOTHUB_CLIENT_CONFIRMATION_OK"
22500,10411269064,10411269109,1,"IOTHUB_CLIENT_CONFIRMATION_OK"
22501,10411269265,10411269305,1,"IOTHUB_CLIENT_CONFIRMATION_OK"
22502,10411269465,10411269518,1,"IOTHUB_CLIENT_CONFIRMATION_OK"
22503,10411269665,10411269723,1,"IOTHUB_CLIENT_CONFIRMATION_OK"
22504,10411269865,10411269920,1,"IOTHUB_CLIENT_CONFIRMATION_OK"
22505,10411270065,10411270154,1,"IOTHUB_CLIENT_CONFIRMATION_OK"
22506,10411270265,10411270326,1,"IOTHUB_CLIENT_CONFIRMATION_OK"
22507,10411270466,10411270499,1,"IOTHUB_CLIENT_CONFIRMATION_OK"
22508,10411270666,10411270722,1,"IOTHUB_CLIENT_CONFIRMATION_OK"
22509,10411270866,10411270928,1,"IOTHUB_CLIENT_CONFIRMATION_OK"
22510,10411271066,10411271163,1,"IOTHUB_CLIENT_CONFIRMATION_OK"
22511,10411271266,10411271359,1,"IOTHUB_CLIENT_CONFIRMATION_OK"
22512,10411271466,10411271511,1,"IOTHUB_CLIENT_CONFIRMATION_OK"
22513,10411271666,10411271729,1,"IOTHUB_CLIENT_CONFIRMATION_OK"
22514,10411271867,10411271918,1,"IOTHUB_CLIENT_CONFIRMATION_OK"
22515,10411272067,10411272128,1,"IOTHUB_CLIENT_CONFIRMATION_OK"
22516,10411272267,10411272337,1,"IOTHUB_CLIENT_CONFIRMATION_OK"
22517,10411272467,10411272517,1,"IOTHUB_CLIENT_CONFIRMATION_OK"
22518,10411272667,10411272735,1,"IOTHUB_CLIENT_CONFIRMATION_OK"
22519,10411272867,10411272910,1,"IOTHUB_CLIENT_CONFIRMATION_OK"
22520,10411273068,10411273123,1,"IOTHUB_CLIENT_CONFIRMATION_OK"
22521,10411273268,10411273372,1,"IOTHUB_CLIENT_CONFIRMATION_OK"
22522,10411273468,10411273559,1,"IOTHUB_CLIENT_CONFIRMATION_OK"
22523,10411273668,10411273705,1,"IOTHUB_CLIENT_CONFIRMATION_OK"
22524,10411273868,10411274066,1,"IOTHUB_CLIENT_CONFIRMATION_OK"
22525,10411274068,10411274135,1,"IOTHUB_CLIENT_CONFIRMATION_OK"
22526,10411274268,10411274383,1,"IOTHUB_CLIENT_CONFIRMATION_OK"
22527,10411274469,10411274729,1,"IOTHUB_CLIENT_CONFIRMATION_OK"
22528,10411274669,10411274833,1,"IOTHUB_CLIENT_CONFIRMATION_OK"
22529,10411274869,10411274919,1,"IOTHUB_CLIENT_CONFIRMATION_OK"
22530,10411275069,10411275116,1,"IOTHUB_CLIENT_CONFIRMATION_OK"
22531,10411275269,10411275324,1,"IOTHUB_CLIENT_CONFIRMATION_OK"
22532,10411275469,10411275619,1,"IOTHUB_CLIENT_CONFIRMATION_OK"
22533,10411275670,10411275721,1,"IOTHUB_CLIENT_CONFIRMATION_OK"
22534,10411275870,10411275934,1,"IOTHUB_CLIENT_CONFIRMATION_OK"
22535,10411276070,10411276184,1,"IOTHUB_CLIENT_CONFIRMATION_OK"
22536,10411276270,10411276452,1,"IOTHUB_CLIENT_CONFIRMATION_OK"
22537,10411276470,10411276534,1,"IOTHUB_CLIENT_CONFIRMATION_OK"
22538,10411276670,10411276726,1,"IOTHUB_CLIENT_CONFIRMATION_OK"
22539,10411276870,10411276948,1,"IOTHUB_CLIENT_CONFIRMATION_OK"
22540,10411277071,10411277122,1,"IOTHUB_CLIENT_CONFIRMATION_OK"
22541,10411277271,10411277342,1,"IOTHUB_CLIENT_CONFIRMATION_OK"
22542,10411277471,10411277569,1,"IOTHUB_CLIENT_CONFIRMATION_OK"
22543,10411277671,10411277892,1,"IOTHUB_CLIENT_CONFIRMATION_OK"
22544,10411277871,10411277947,1,"IOTHUB_CLIENT_CONFIRMATION_OK"
22545,10411278071,10411278106,1,"IOTHUB_CLIENT_CONFIRMATION_OK"
22546,10411278272,10411278336,1,"IOTHUB_CLIENT_CONFIRMATION_OK"
22547,10411278472,10411278530,1,"IOTHUB_CLIENT_CONFIRMATION_OK"
22548,10411278672,10411278725,1,"IOTHUB_CLIENT_CONFIRMATION_OK"
22549,10411278872,10411278997,1,"IOTHUB_CLIENT_CONFIRMATION_OK"
22550,10411279072,10411279114,1,"IOTHUB_CLIENT_CONFIRMATION_OK"
22551,10411279272,10411279321,1,"IOTHUB_CLIENT_CONFIRMATION_OK"
22552,10411279473,10411279512,1,"IOTHUB_CLIENT_CONFIRMATION_OK"
22553,10411279673,10411279715,1,"IOTHUB_CLIENT_CONFIRMATION_OK"
22554,10411279873,10411279920,1,"IOTHUB_CLIENT_CONFIRMATION_OK"
22555,10411280073,10411280110,1,"IOTHUB_CLIENT_CONFIRMATION_OK"
22556,10411280273,10411280326,1,"IOTHUB_CLIENT_CONFIRMATION_OK"
22557,10411280473,10411280591,1,"IOTHUB_CLIENT_CONFIRMATION_OK"
22558,10411280673,10411280725,1,"IOTHUB_CLIENT_CONFIRMATION_OK"
22559,10411280874,10411280955,1,"IOTHUB_CLIENT_CONFIRMATION_OK"
22560,10411281074,10411281216,1,"IOTHUB_CLIENT_CONFIRMATION_OK"
22561,10411281274,10411281314,1,"IOTHUB_CLIENT_CONFIRMATION_OK"
22562,10411281474,10411281510,1,"IOTHUB_CLIENT_CONFIRMATION_OK"
22563,10411281674,10411281719,1,"IOTHUB_CLIENT_CONFIRMATION_OK"
22564,10411281874,10411281933,1,"IOTHUB_CLIENT_CONFIRMATION_OK"
22565,10411282074,10411282126,1,"IOTHUB_CLIENT_CONFIRMATION_OK"
22566,10411282275,10411282328,1,"IOTHUB_CLIENT_CONFIRMATION_OK"
22567,10411282475,10411282515,1,"IOTHUB_CLIENT_CONFIRMATION_OK"
22568,10411282675,10411282862,1,"IOTHUB_CLIENT_CONFIRMATION_OK"
22569,10411282875,10411282916,1,"IOTHUB_CLIENT_CONFIRMATION_OK"
22570,10411283075,10411283159,1,"IOTHUB_CLIENT_CONFIRMATION_OK"
22571,10411283275,10411283339,1,"IOTHUB_CLIENT_CONFIRMATION_OK"
22572,10411283476,10411283542,1,"IOTHUB_CLIENT_CONFIRMATION_OK"
22573,10411283676,10411283714,1,"IOTHUB_CLIENT_CONFIRMATION_OK"
22574,10411283876,10411283955,1,"IOTHUB_CLIENT_CONFIRMATION_OK"
22575,10411284076,10411284122,1,"IOTHUB_CLIENT_CONFIRMATION_OK"
22576,10411284276,10411284320,1,"IOTHUB_CLIENT_CONFIRMATION_OK"
22577,10411284476,10411284519,1,"IOTHUB_CLIENT_CONFIRMATION_OK"
22578,10411284676,10411284717,1,"IOTHUB_CLIENT_CONFIRMATION_OK"
22579,10411284877,10411284944,1,"IOTHUB_CLIENT_CONFIRMATION_OK"
22580,10411285077,10411285119,1,"IOTHUB_CLIENT_CONFIRMATION_OK"
22581,10411285277,10411285326,1,"IOTHUB_CLIENT_CONFIRMATION_OK"
22582,10411285477,10411285518,1,"IOTHUB_CLIENT_CONFIRMATION_OK"
22583,10411285677,10411285746,1,"IOTHUB_CLIENT_CONFIRMATION_OK"
22584,10411285877,10411285954,1,"IOTHUB_CLIENT_CONFIRMATION_OK"
22585,10411286078,10411286123,1,"IOTHUB_CLIENT_CONFIRMATION_OK"
22586,10411286278,10411286326,1,"IOTHUB_CLIENT_CONFIRMATION_OK"
22587,10411286478,10411286561,1,"IOTHUB_CLIENT_CONFIRMATION_OK"
22588,10411286678,10411286742,1,"IOTHUB_CLIENT_CONFIRMATION_OK"
22589,10411286878,10411286946,1,"IOTHUB_CLIENT_CONFIRMATION_OK"
22590,10411287078,10411287144,1,"IOTHUB_CLIENT_CONFIRMATION_OK"
22591,10411287279,10411287351,1,"IOTHUB_CLIENT_CONFIRMATION_OK"
22592,10411287479,10411287527,1,"IOTHUB_CLIENT_CONFIRMATION_OK"
22593,10411287679,10411287736,1,"IOTHUB_CLIENT_CONFIRMATION_OK"
22594,10411287879,10411287922,1,"IOTHUB_CLIENT_CONFIRMATION_OK"
22595,10411288079,10411288121,1,"IOTHUB_CLIENT_CONFIRMATION_OK"
22596,10411288279,10411288359,1,"IOTHUB_CLIENT_CONFIRMATION_OK"
22597,10411288479,10411288520,1,"IOTHUB_CLIENT_CONFIRMATION_OK"
22598,10411288680,10411288726,1,"IOTHUB_CLIENT_CONFIRMATION_OK"
22599,10411288880,10411288978,1,"IOTHUB_CLIENT_CONFIRMATION_OK"
22600,10411289080,10411289121,1,"IOTHUB_CLIENT_CONFIRMATION_OK"
22601,10411289280,10411289332,1,"IOTHUB_CLIENT_CONFIRMATION_OK"
22602,10411289480,10411289540,1,"IOTHUB_CLIENT_CONFIRMATION_OK"
22603,10411289680,10411289768,1,"IOTHUB_CLIENT_CONFIRMATION_OK"
22604,10411289881,10411289926,1,"IOTHUB_CLIENT_CONFIRMATION_OK"
22605,10411290081,10411290126,1,"IOTHUB_CLIENT_CONFIRMATION_OK"
22606,10411290281,10411290332,1,"IOTHUB_CLIENT_CONFIRMATION_OK"
22607,10411290481,10411290606,1,"IOTHUB_CLIENT_CONFIRMATION_OK"
22608,10411290681,10411290735,1,"IOTHUB_CLIENT_CONFIRMATION_OK"
22609,10411290881,10411290927,1,"IOTHUB_CLIENT_CONFIRMATION_OK"
22610,10411291081,10411291225,1,"IOTHUB_CLIENT_CONFIRMATION_OK"
22611,10411291282,10411291321,1,"IOTHUB_CLIENT_CONFIRMATION_OK"
22612,10411291482,10411291530,1,"IOTHUB_CLIENT_CONFIRMATION_OK"
22613,10411291682,10411291725,1,"IOTHUB_CLIENT_CONFIRMATION_OK"
22614,10411291882,10411291925,1,"IOTHUB_CLIENT_CONFIRMATION_OK"
22615,10411292082,10411292144,1,"IOTHUB_CLIENT_CONFIRMATION_OK"
22616,10411292282,10411292330,1,"IOTHUB_CLIENT_CONFIRMATION_OK"
22617,10411292483,10411292514,1,"IOTHUB_CLIENT_CONFIRMATION_OK"
22618,10411292683,10411293746,1,"IOTHUB_CLIENT_CONFIRMATION_OK"
22619,10411292883,10411293808,1,"IOTHUB_CLIENT_CONFIRMATION_OK"
22620,10411293083,10411293893,1,"IOTHUB_CLIENT_CONFIRMATION_OK"
22621,10411293283,10411293982,1,"IOTHUB_CLIENT_CONFIRMATION_OK"
22622,10411293483,10411294129,1,"IOTHUB_CLIENT_CONFIRMATION_OK"
22623,10411293683,10411294247,1,"IOTHUB_CLIENT_CONFIRMATION_OK"
22624,10411293884,10411294314,1,"IOTHUB_CLIENT_CONFIRMATION_OK"
22625,10411294084,10411294424,1,"IOTHUB_CLIENT_CONFIRMATION_OK"
22626,10411294284,10411294512,1,"IOTHUB_CLIENT_CONFIRMATION_OK"
22627,10411294484,10411294563,1,"IOTHUB_CLIENT_CONFIRMATION_OK"
22628,10411294684,10411294754,1,"IOTHUB_CLIENT_CONFIRMATION_OK"
22629,10411294884,10411294924,1,"IOTHUB_CLIENT_CONFIRMATION_OK"
22630,10411295085,10411295154,1,"IOTHUB_CLIENT_CONFIRMATION_OK"
22631,10411295285,10411295327,1,"IOTHUB_CLIENT_CONFIRMATION_OK"
22632,10411295485,10411295526,1,"IOTHUB_CLIENT_CONFIRMATION_OK"
22633,10411295685,10411295734,1,"IOTHUB_CLIENT_CONFIRMATION_OK"
22634,10411295885,10411295934,1,"IOTHUB_CLIENT_CONFIRMATION_OK"
22635,10411296085,10411296145,1,"IOTHUB_CLIENT_CONFIRMATION_OK"
22636,10411296285,10411296337,1,"IOTHUB_CLIENT_CONFIRMATION_OK"
22637,10411296486,10411296551,1,"IOTHUB_CLIENT_CONFIRMATION_OK"
22638,10411296686,10411296734,1,"IOTHUB_CLIENT_CONFIRMATION_OK"
22639,10411296886,10411296933,1,"IOTHUB_CLIENT_CONFIRMATION_OK"
22640,10411297086,10411297151,1,"IOTHUB_CLIENT_CONFIRMATION_OK"
22641,10411297286,10411297331,1,"IOTHUB_CLIENT_CONFIRMATION_OK"
22642,10411297486,10411297535,1,"IOTHUB_CLIENT_CONFIRMATION_OK"
22643,10411297686,10411297721,1,"IOTHUB_CLIENT_CONFIRMATION_OK"
22644,10411297887,10411297926,1,"IOTHUB_CLIENT_CONFIRMATION_OK"
22645,10411298087,10411298135,1,"IOTHUB_CLIENT_CONFIRMATION_OK"
22646,10411298287,10411298346,1,"IOTHUB_CLIENT_CONFIRMATION_OK"
22647,10411298487,10411298543,1,"IOTHUB_CLIENT_CONFIRMATION_OK"
22648,10411298687,10411298778,1,"IOTHUB_CLIENT_CONFIRMATION_OK"
22649,10411298887,10411299000,1,"IOTHUB_CLIENT_CONFIRMATION_OK"
22650,10411299088,10411299129,1,"IOTHUB_CLIENT_CONFIRMATION_OK"
22651,10411299288,10411299326,1,"IOTHUB_CLIENT_CONFIRMATION_OK"
22652,10411299488,10411299533,1,"IOTHUB_CLIENT_CONFIRMATION_OK"
22653,10411299688,10411299777,1,"IOTHUB_CLIENT_CONFIRMATION_OK"
22654,10411299888,10411299930,1,"IOTHUB_CLIENT_CONFIRMATION_OK"
22655,10411300088,10411300141,1,"IOTHUB_CLIENT_CONFIRMATION_OK"
22656,10411300288,10411300330,1,"IOTHUB_CLIENT_CONFIRMATION_OK"
22657,10411300489,10411300631,1,"IOTHUB_CLIENT_CONFIRMATION_OK"
22658,10411300689,10411300748,1,"IOTHUB_CLIENT_CONFIRMATION_OK"
22659,10411300889,10411300937,1,"IOTHUB_CLIENT_CONFIRMATION_OK"
22660,10411301089,10411301257,1,"IOTHUB_CLIENT_CONFIRMATION_OK"
22661,10411301289,10411301329,1,"IOTHUB_CLIENT_CONFIRMATION_OK"
22662,10411301489,10411301535,1,"IOTHUB_CLIENT_CONFIRMATION_OK"
22663,10411301689,10411301738,1,"IOTHUB_CLIENT_CONFIRMATION_OK"
22664,10411301890,10411301940,1,"IOTHUB_CLIENT_CONFIRMATION_OK"
22665,10411302090,10411302135,1,"IOTHUB_CLIENT_CONFIRMATION_OK"
22666,10411302290,10411302351,1,"IOTHUB_CLIENT_CONFIRMATION_OK"
22667,10411302490,10411302574,1,"IOTHUB_CLIENT_CONFIRMATION_OK"
22668,10411302690,10411302915,1,"IOTHUB_CLIENT_CONFIRMATION_OK"
22669,10411302890,10411302950,1,"IOTHUB_CLIENT_CONFIRMATION_OK"
22670,10411303091,10411303164,1,"IOTHUB_CLIENT_CONFIRMATION_OK"
22671,10411303291,10411303347,1,"IOTHUB_CLIENT_CONFIRMATION_OK"
22672,10411303491,10411303534,1,"IOTHUB_CLIENT_CONFIRMATION_OK"
22673,10411303691,10411303743,1,"IOTHUB_CLIENT_CONFIRMATION_OK"
22674,10411303891,10411303953,1,"IOTHUB_CLIENT_CONFIRMATION_OK"
22675,10411304091,10411304149,1,"IOTHUB_CLIENT_CONFIRMATION_OK"
22676,10411304291,10411304333,1,"IOTHUB_CLIENT_CONFIRMATION_OK"
22677,10411304492,10411304546,1,"IOTHUB_CLIENT_CONFIRMATION_OK"
22678,10411304692,10411304734,1,"IOTHUB_CLIENT_CONFIRMATION_OK"
22679,10411304892,10411304933,1,"IOTHUB_CLIENT_CONFIRMATION_OK"
22680,10411305092,10411305134,1,"IOTHUB_CLIENT_CONFIRMATION_OK"
22681,10411305292,10411305402,1,"IOTHUB_CLIENT_CONFIRMATION_OK"
22682,10411305492,10411305553,1,"IOTHUB_CLIENT_CONFIRMATION_OK"
22683,10411305692,10411305746,1,"IOTHUB_CLIENT_CONFIRMATION_OK"
22684,10411305893,10411305935,1,"IOTHUB_CLIENT_CONFIRMATION_OK"
22685,10411306093,10411306162,1,"IOTHUB_CLIENT_CONFIRMATION_OK"
22686,10411306293,10411306352,1,"IOTHUB_CLIENT_CONFIRMATION_OK"
22687,10411306493,10411306529,1,"IOTHUB_CLIENT_CONFIRMATION_OK"
22688,10411306693,10411306802,1,"IOTHUB_CLIENT_CONFIRMATION_OK"
22689,10411306893,10411306936,1,"IOTHUB_CLIENT_CONFIRMATION_OK"
22690,10411307093,10411307139,1,"IOTHUB_CLIENT_CONFIRMATION_OK"
22691,10411307294,10411307336,1,"IOTHUB_CLIENT_CONFIRMATION_OK"
22692,10411307494,10411307617,1,"IOTHUB_CLIENT_CONFIRMATION_OK"
22693,10411307694,10411307841,1,"IOTHUB_CLIENT_CONFIRMATION_OK"
22694,10411307894,10411307940,1,"IOTHUB_CLIENT_CONFIRMATION_OK"
22695,10411308094,10411308139,1,"IOTHUB_CLIENT_CONFIRMATION_OK"
22696,10411308294,10411308440,1,"IOTHUB_CLIENT_CONFIRMATION_OK"
22697,10411308495,10411308542,1,"IOTHUB_CLIENT_CONFIRMATION_OK"
22698,10411308695,10411308741,1,"IOTHUB_CLIENT_CONFIRMATION_OK"
22699,10411308895,10411308953,1,"IOTHUB_CLIENT_CONFIRMATION_OK"
22700,10411309095,10411309134,1,"IOTHUB_CLIENT_CONFIRMATION_OK"
22701,10411309295,10411309343,1,"IOTHUB_CLIENT_CONFIRMATION_OK"
22702,10411309495,10411309537,1,"IOTHUB_CLIENT_CONFIRMATION_OK"
22703,10411309695,10411309738,1,"IOTHUB_CLIENT_CONFIRMATION_OK"
22704,10411309896,10411309939,1,"IOTHUB_CLIENT_CONFIRMATION_OK"
22705,10411310096,10411310152,1,"IOTHUB_CLIENT_CONFIRMATION_OK"
22706,10411310296,10411310363,1,"IOTHUB_CLIENT_CONFIRMATION_OK"
22707,10411310496,10411310686,1,"IOTHUB_CLIENT_CONFIRMATION_OK"
22708,10411310696,10411310742,1,"IOTHUB_CLIENT_CONFIRMATION_OK"
22709,10411310896,10411310957,1,"IOTHUB_CLIENT_CONFIRMATION_OK"
22710,10411311097,10411311152,1,"IOTHUB_CLIENT_CONFIRMATION_OK"
22711,10411311297,10411311359,1,"IOTHUB_CLIENT_CONFIRMATION_OK"
22712,10411311497,10411311561,1,"IOTHUB_CLIENT_CONFIRMATION_OK"
22713,10411311697,10411311735,1,"IOTHUB_CLIENT_CONFIRMATION_OK"
22714,10411311897,10411311946,1,"IOTHUB_CLIENT_CONFIRMATION_OK"
22715,10411312097,10411312157,1,"IOTHUB_CLIENT_CONFIRMATION_OK"
22716,10411312297,10411312350,1,"IOTHUB_CLIENT_CONFIRMATION_OK"
22717,10411312498,10411312541,1,"IOTHUB_CLIENT_CONFIRMATION_OK"
22718,10411312698,10411312907,1,"IOTHUB_CLIENT_CONFIRMATION_OK"
22719,10411312898,10411312969,1,"IOTHUB_CLIENT_CONFIRMATION_OK"
22720,10411313098,10411313178,1,"IOTHUB_CLIENT_CONFIRMATION_OK"
22721,10411313298,10411313366,1,"IOTHUB_CLIENT_CONFIRMATION_OK"
22722,10411313498,10411313542,1,"IOTHUB_CLIENT_CONFIRMATION_OK"
22723,10411313699,10411313780,1,"IOTHUB_CLIENT_CONFIRMATION_OK"
22724,10411313899,10411313944,1,"IOTHUB_CLIENT_CONFIRMATION_OK"
22725,10411314099,10411314164,1,"IOTHUB_CLIENT_CONFIRMATION_OK"
22726,10411314299,10411314340,1,"IOTHUB_CLIENT_CONFIRMATION_OK"
22727,10411314499,10411314568,1,"IOTHUB_CLIENT_CONFIRMATION_OK"
22728,10411314699,10411314764,1,"IOTHUB_CLIENT_CONFIRMATION_OK"
22729,10411314899,10411314978,1,"IOTHUB_CLIENT_CONFIRMATION_OK"
22730,10411315100,10411315168,1,"IOTHUB_CLIENT_CONFIRMATION_OK"
22731,10411315300,10411315336,1,"IOTHUB_CLIENT_CONFIRMATION_OK"
22732,10411315500,10411315575,1,"IOTHUB_CLIENT_CONFIRMATION_OK"
22733,10411315700,10411315760,1,"IOTHUB_CLIENT_CONFIRMATION_OK"
22734,10411315900,10411315967,1,"IOTHUB_CLIENT_CONFIRMATION_OK"
22735,10411316100,10411316223,1,"IOTHUB_CLIENT_CONFIRMATION_OK"
22736,10411316300,10411316339,1,"IOTHUB_CLIENT_CONFIRMATION_OK"
22737,10411316501,10411316566,1,"IOTHUB_CLIENT_CONFIRMATION_OK"
22738,10411316701,10411316795,1,"IOTHUB_CLIENT_CONFIRMATION_OK"
22739,10411316901,10411316951,1,"IOTHUB_CLIENT_CONFIRMATION_OK"
22740,10411317101,10411317144,1,"IOTHUB_CLIENT_CONFIRMATION_OK"
22741,10411317301,10411317353,1,"IOTHUB_CLIENT_CONFIRMATION_OK"
22742,10411317501,10411317550,1,"IOTHUB_CLIENT_CONFIRMATION_OK"
22743,10411317702,10411317820,1,"IOTHUB_CLIENT_CONFIRMATION_OK"
22744,10411317902,10411317978,1,"IOTHUB_CLIENT_CONFIRMATION_OK"
22745,10411318102,10411318170,1,"IOTHUB_CLIENT_CONFIRMATION_OK"
22746,10411318302,10411318412,1,"IOTHUB_CLIENT_CONFIRMATION_OK"
22747,10411318502,10411318591,1,"IOTHUB_CLIENT_CONFIRMATION_OK"
22748,10411318702,10411318747,1,"IOTHUB_CLIENT_CONFIRMATION_OK"
22749,10411318902,10411319030,1,"IOTHUB_CLIENT_CONFIRMATION_OK"
22750,10411319103,10411319147,1,"IOTHUB_CLIENT_CONFIRMATION_OK"
22751,10411319303,10411319360,1,"IOTHUB_CLIENT_CONFIRMATION_OK"
22752,10411319503,10411319551,1,"IOTHUB_CLIENT_CONFIRMATION_OK"
22753,10411319703,10411319764,1,"IOTHUB_CLIENT_CONFIRMATION_OK"
22754,10411319903,10411319976,1,"IOTHUB_CLIENT_CONFIRMATION_OK"
22755,10411320103,10411320143,1,"IOTHUB_CLIENT_CONFIRMATION_OK"
22756,10411320303,10411320359,1,"IOTHUB_CLIENT_CONFIRMATION_OK"
22757,10411320504,10411320566,1,"IOTHUB_CLIENT_CONFIRMATION_OK"
22758,10411320704,10411320756,1,"IOTHUB_CLIENT_CONFIRMATION_OK"
22759,10411320904,10411320965,1,"IOTHUB_CLIENT_CONFIRMATION_OK"
22760,10411321104,10411321174,1,"IOTHUB_CLIENT_CONFIRMATION_OK"
22761,10411321304,10411321357,1,"IOTHUB_CLIENT_CONFIRMATION_OK"
22762,10411321504,10411321564,1,"IOTHUB_CLIENT_CONFIRMATION_OK"
22763,10411321705,10411321780,1,"IOTHUB_CLIENT_CONFIRMATION_OK"
22764,10411321905,10411321951,1,"IOTHUB_CLIENT_CONFIRMATION_OK"
22765,10411322105,10411322156,1,"IOTHUB_CLIENT_CONFIRMATION_OK"
22766,10411322305,10411322360,1,"IOTHUB_CLIENT_CONFIRMATION_OK"
22767,10411322505,10411322556,1,"IOTHUB_CLIENT_CONFIRMATION_OK"
22768,10411322705,10411322807,1,"IOTHUB_CLIENT_CONFIRMATION_OK"
22769,10411322905,10411322947,1,"IOTHUB_CLIENT_CONFIRMATION_OK"
22770,10411323106,10411323164,1,"IOTHUB_CLIENT_CONFIRMATION_OK"
22771,10411323306,10411323411,1,"IOTHUB_CLIENT_CONFIRMATION_OK"
22772,10411323506,10411323623,1,"IOTHUB_CLIENT_CONFIRMATION_OK"
22773,10411323706,10411323760,1,"IOTHUB_CLIENT_CONFIRMATION_OK"
22774,10411323906,10411324097,1,"IOTHUB_CLIENT_CONFIRMATION_OK"
22775,10411324106,10411324177,1,"IOTHUB_CLIENT_CONFIRMATION_OK"
22776,10411324306,10411324352,1,"IOTHUB_CLIENT_CONFIRMATION_OK"
22777,10411324507,10411324548,1,"IOTHUB_CLIENT_CONFIRMATION_OK"
22778,10411324707,10411324762,1,"IOTHUB_CLIENT_CONFIRMATION_OK"
22779,10411324907,10411324949,1,"IOTHUB_CLIENT_CONFIRMATION_OK"
22780,10411325107,10411325157,1,"IOTHUB_CLIENT_CONFIRMATION_OK"
22781,10411325307,10411325370,1,"IOTHUB_CLIENT_CONFIRMATION_OK"
22782,10411325507,10411325540,1,"IOTHUB_CLIENT_CONFIRMATION_OK"
22783,10411325708,10411325759,1,"IOTHUB_CLIENT_CONFIRMATION_OK"
22784,10411325908,10411325952,1,"IOTHUB_CLIENT_CONFIRMATION_OK"
22785,10411326108,10411326158,1,"IOTHUB_CLIENT_CONFIRMATION_OK"
22786,10411326308,10411326372,1,"IOTHUB_CLIENT_CONFIRMATION_OK"
22787,10411326508,10411326556,1,"IOTHUB_CLIENT_CONFIRMATION_OK"
22788,10411326708,10411326761,1,"IOTHUB_CLIENT_CONFIRMATION_OK"
22789,10411326909,10411326970,1,"IOTHUB_CLIENT_CONFIRMATION_OK"
22790,10411327109,10411327163,1,"IOTHUB_CLIENT_CONFIRMATION_OK"
22791,10411327309,10411327384,1,"IOTHUB_CLIENT_CONFIRMATION_OK"
22792,10411327509,10411327570,1,"IOTHUB_CLIENT_CONFIRMATION_OK"
22793,10411327709,10411327801,1,"IOTHUB_CLIENT_CONFIRMATION_OK"
22794,10411327909,10411328022,1,"IOTHUB_CLIENT_CONFIRMATION_OK"
22795,10411328109,10411328154,1,"IOTHUB_CLIENT_CONFIRMATION_OK"
22796,10411328310,10411328423,1,"IOTHUB_CLIENT_CONFIRMATION_OK"
22797,10411328510,10411328555,1,"IOTHUB_CLIENT_CONFIRMATION_OK"
22798,10411328710,10411328785,1,"IOTHUB_CLIENT_CONFIRMATION_OK"
22799,10411328910,10411329026,1,"IOTHUB_CLIENT_CONFIRMATION_OK"
22800,10411329110,10411329178,1,"IOTHUB_CLIENT_CONFIRMATION_OK"
22801,10411329310,10411329390,1,"IOTHUB_CLIENT_CONFIRMATION_OK"
22802,10411329511,10411329545,1,"IOTHUB_CLIENT_CONFIRMATION_OK"
22803,10411329711,10411329761,1,"IOTHUB_CLIENT_CONFIRMATION_OK"
22804,10411329911,10411329974,1,"IOTHUB_CLIENT_CONFIRMATION_OK"
22805,10411330111,10411330162,1,"IOTHUB_CLIENT_CONFIRMATION_OK"
22806,10411330311,10411330346,1,"IOTHUB_CLIENT_CONFIRMATION_OK"
22807,10411330511,10411330684,1,"IOTHUB_CLIENT_CONFIRMATION_OK"
22808,10411330711,10411330864,1,"IOTHUB_CLIENT_CONFIRMATION_OK"
22809,10411330912,10411330970,1,"IOTHUB_CLIENT_CONFIRMATION_OK"
22810,10411331112,10411331176,1,"IOTHUB_CLIENT_CONFIRMATION_OK"
22811,10411331312,10411331360,1,"IOTHUB_CLIENT_CONFIRMATION_OK"
22812,10411331512,10411331561,1,"IOTHUB_CLIENT_CONFIRMATION_OK"
22813,10411331712,10411331761,1,"IOTHUB_CLIENT_CONFIRMATION_OK"
22814,10411331912,10411331961,1,"IOTHUB_CLIENT_CONFIRMATION_OK"
22815,10411332112,10411332154,1,"IOTHUB_CLIENT_CONFIRMATION_OK"
22816,10411332313,10411332374,1,"IOTHUB_CLIENT_CONFIRMATION_OK"
22817,10411332513,10411332577,1,"IOTHUB_CLIENT_CONFIRMATION_OK"
22818,10411332713,10411332930,1,"IOTHUB_CLIENT_CONFIRMATION_OK"
22819,10411332913,10411332968,1,"IOTHUB_CLIENT_CONFIRMATION_OK"
22820,10411333113,10411333156,1,"IOTHUB_CLIENT_CONFIRMATION_OK"
22821,10411333313,10411333389,1,"IOTHUB_CLIENT_CONFIRMATION_OK"
22822,10411333514,10411333561,1,"IOTHUB_CLIENT_CONFIRMATION_OK"
22823,10411333714,10411333755,1,"IOTHUB_CLIENT_CONFIRMATION_OK"
22824,10411333914,10411333963,1,"IOTHUB_CLIENT_CONFIRMATION_OK"
22825,10411334114,10411334166,1,"IOTHUB_CLIENT_CONFIRMATION_OK"
22826,10411334314,10411334363,1,"IOTHUB_CLIENT_CONFIRMATION_OK"
22827,10411334514,10411334622,1,"IOTHUB_CLIENT_CONFIRMATION_OK"
22828,10411334714,10411334754,1,"IOTHUB_CLIENT_CONFIRMATION_OK"
22829,10411334915,10411335002,1,"IOTHUB_CLIENT_CONFIRMATION_OK"
22830,10411335115,10411335165,1,"IOTHUB_CLIENT_CONFIRMATION_OK"
22831,10411335315,10411335353,1,"IOTHUB_CLIENT_CONFIRMATION_OK"
22832,10411335515,10411335684,1,"IOTHUB_CLIENT_CONFIRMATION_OK"
22833,10411335715,10411335765,1,"IOTHUB_CLIENT_CONFIRMATION_OK"
22834,10411335915,10411335964,1,"IOTHUB_CLIENT_CONFIRMATION_OK"
22835,10411336115,10411336169,1,"IOTHUB_CLIENT_CONFIRMATION_OK"
22836,10411336316,10411336368,1,"IOTHUB_CLIENT_CONFIRMATION_OK"
22837,10411336516,10411336561,1,"IOTHUB_CLIENT_CONFIRMATION_OK"
22838,10411336716,10411336760,1,"IOTHUB_CLIENT_CONFIRMATION_OK"
22839,10411336916,10411336974,1,"IOTHUB_CLIENT_CONFIRMATION_OK"
22840,10411337116,10411337151,1,"IOTHUB_CLIENT_CONFIRMATION_OK"
22841,10411337316,10411337401,1,"IOTHUB_CLIENT_CONFIRMATION_OK"
22842,10411337517,10411337580,1,"IOTHUB_CLIENT_CONFIRMATION_OK"
22843,10411337717,10411337909,1,"IOTHUB_CLIENT_CONFIRMATION_OK"
22844,10411337917,10411337955,1,"IOTHUB_CLIENT_CONFIRMATION_OK"
22845,10411338117,10411338188,1,"IOTHUB_CLIENT_CONFIRMATION_OK"
22846,10411338317,10411338357,1,"IOTHUB_CLIENT_CONFIRMATION_OK"
22847,10411338517,10411338593,1,"IOTHUB_CLIENT_CONFIRMATION_OK"
22848,10411338717,10411338768,1,"IOTHUB_CLIENT_CONFIRMATION_OK"
22849,10411338918,10411338996,1,"IOTHUB_CLIENT_CONFIRMATION_OK"
22850,10411339118,10411339161,1,"IOTHUB_CLIENT_CONFIRMATION_OK"
22851,10411339318,10411339368,1,"IOTHUB_CLIENT_CONFIRMATION_OK"
22852,10411339518,10411339574,1,"IOTHUB_CLIENT_CONFIRMATION_OK"
22853,10411339718,10411339766,1,"IOTHUB_CLIENT_CONFIRMATION_OK"
22854,10411339918,10411339974,1,"IOTHUB_CLIENT_CONFIRMATION_OK"
22855,10411340119,10411340178,1,"IOTHUB_CLIENT_CONFIRMATION_OK"
22856,10411340319,10411340384,1,"IOTHUB_CLIENT_CONFIRMATION_OK"
22857,10411340519,10411340643,1,"IOTHUB_CLIENT_CONFIRMATION_OK"
22858,10411340719,10411340765,1,"IOTHUB_CLIENT_CONFIRMATION_OK"
22859,10411340919,10411340975,1,"IOTHUB_CLIENT_CONFIRMATION_OK"
22860,10411341119,10411341171,1,"IOTHUB_CLIENT_CONFIRMATION_OK"
22861,10411341320,10411341364,1,"IOTHUB_CLIENT_CONFIRMATION_OK"
22862,10411341520,10411341567,1,"IOTHUB_CLIENT_CONFIRMATION_OK"
22863,10411341720,10411341777,1,"IOTHUB_CLIENT_CONFIRMATION_OK"
22864,10411341920,10411341995,1,"IOTHUB_CLIENT_CONFIRMATION_OK"
22865,10411342120,10411342161,1,"IOTHUB_CLIENT_CONFIRMATION_OK"
22866,10411342320,10411342403,1,"IOTHUB_CLIENT_CONFIRMATION_OK"
22867,10411342520,10411342566,1,"IOTHUB_CLIENT_CONFIRMATION_OK"
22868,10411342721,10411342796,1,"IOTHUB_CLIENT_CONFIRMATION_OK"
22869,10411342921,10411342964,1,"IOTHUB_CLIENT_CONFIRMATION_OK"
22870,10411343121,10411343182,1,"IOTHUB_CLIENT_CONFIRMATION_OK"
22871,10411343321,10411343419,1,"IOTHUB_CLIENT_CONFIRMATION_OK"
22872,10411343521,10411343579,1,"IOTHUB_CLIENT_CONFIRMATION_OK"
22873,10411343721,10411343772,1,"IOTHUB_CLIENT_CONFIRMATION_OK"
22874,10411343922,10411344050,1,"IOTHUB_CLIENT_CONFIRMATION_OK"
22875,10411344122,10411344210,1,"IOTHUB_CLIENT_CONFIRMATION_OK"
22876,10411344322,10411344398,1,"IOTHUB_CLIENT_CONFIRMATION_OK"
22877,10411344522,10411344561,1,"IOTHUB_CLIENT_CONFIRMATION_OK"
22878,10411344722,10411344782,1,"IOTHUB_CLIENT_CONFIRMATION_OK"
22879,10411344922,10411344966,1,"IOTHUB_CLIENT_CONFIRMATION_OK"
22880,10411345123,10411345176,1,"IOTHUB_CLIENT_CONFIRMATION_OK"
22881,10411345323,10411345377,1,"IOTHUB_CLIENT_CONFIRMATION_OK"
22882,10411345523,10411345684,1,"IOTHUB_CLIENT_CONFIRMATION_OK"
22883,10411345723,10411345774,1,"IOTHUB_CLIENT_CONFIRMATION_OK"
22884,10411345923,10411345969,1,"IOTHUB_CLIENT_CONFIRMATION_OK"
22885,10411346123,10411346291,1,"IOTHUB_CLIENT_CONFIRMATION_OK"
22886,10411346323,10411346377,1,"IOTHUB_CLIENT_CONFIRMATION_OK"
22887,10411346524,10411346564,1,"IOTHUB_CLIENT_CONFIRMATION_OK"
22888,10411346724,10411346770,1,"IOTHUB_CLIENT_CONFIRMATION_OK"
22889,10411346924,10411346989,1,"IOTHUB_CLIENT_CONFIRMATION_OK"
22890,10411347124,10411347186,1,"IOTHUB_CLIENT_CONFIRMATION_OK"
22891,10411347324,10411347379,1,"IOTHUB_CLIENT_CONFIRMATION_OK"
22892,10411347524,10411347568,1,"IOTHUB_CLIENT_CONFIRMATION_OK"
22893,10411347725,10411347906,1,"IOTHUB_CLIENT_CONFIRMATION_OK"
22894,10411347925,10411348032,1,"IOTHUB_CLIENT_CONFIRMATION_OK"
22895,10411348125,10411348161,1,"IOTHUB_CLIENT_CONFIRMATION_OK"
22896,10411348325,10411348385,1,"IOTHUB_CLIENT_CONFIRMATION_OK"
22897,10411348525,10411348594,1,"IOTHUB_CLIENT_CONFIRMATION_OK"
22898,10411348725,10411348773,1,"IOTHUB_CLIENT_CONFIRMATION_OK"
22899,10411348926,10411348963,1,"IOTHUB_CLIENT_CONFIRMATION_OK"
22900,10411349126,10411349177,1,"IOTHUB_CLIENT_CONFIRMATION_OK"
22901,10411349326,10411349381,1,"IOTHUB_CLIENT_CONFIRMATION_OK"
22902,10411349526,10411349595,1,"IOTHUB_CLIENT_CONFIRMATION_OK"
22903,10411349726,10411349772,1,"IOTHUB_CLIENT_CONFIRMATION_OK"
22904,10411349926,10411350010,1,"IOTHUB_CLIENT_CONFIRMATION_OK"
22905,10411350126,10411350164,1,"IOTHUB_CLIENT_CONFIRMATION_OK"
22906,10411350327,10411350372,1,"IOTHUB_CLIENT_CONFIRMATION_OK"
22907,10411350527,10411350583,1,"IOTHUB_CLIENT_CONFIRMATION_OK"
22908,10411350727,10411350773,1,"IOTHUB_CLIENT_CONFIRMATION_OK"
22909,10411350927,10411351023,1,"IOTHUB_CLIENT_CONFIRMATION_OK"
22910,10411351127,10411351188,1,"IOTHUB_CLIENT_CONFIRMATION_OK"
22911,10411351327,10411351383,1,"IOTHUB_CLIENT_CONFIRMATION_OK"
22912,10411351527,10411351608,1,"IOTHUB_CLIENT_CONFIRMATION_OK"
22913,10411351728,10411351785,1,"IOTHUB_CLIENT_CONFIRMATION_OK"
22914,10411351928,10411351983,1,"IOTHUB_CLIENT_CONFIRMATION_OK"
22915,10411352128,10411352182,1,"IOTHUB_CLIENT_CONFIRMATION_OK"
22916,10411352328,10411352435,1,"IOTHUB_CLIENT_CONFIRMATION_OK"
22917,10411352528,10411352574,1,"IOTHUB_CLIENT_CONFIRMATION_OK"
22918,10411352728,10411352796,1,"IOTHUB_CLIENT_CONFIRMATION_OK"
22919,10411352928,10411352972,1,"IOTHUB_CLIENT_CONFIRMATION_OK"
22920,10411353129,10411353171,1,"IOTHUB_CLIENT_CONFIRMATION_OK"
22921,10411353329,10411353413,1,"IOTHUB_CLIENT_CONFIRMATION_OK"
22922,10411353529,10411353611,1,"IOTHUB_CLIENT_CONFIRMATION_OK"
22923,10411353729,10411353777,1,"IOTHUB_CLIENT_CONFIRMATION_OK"
22924,10411353929,10411354119,1,"IOTHUB_CLIENT_CONFIRMATION_OK"
22925,10411354129,10411354178,1,"IOTHUB_CLIENT_CONFIRMATION_OK"
22926,10411354330,10411354371,1,"IOTHUB_CLIENT_CONFIRMATION_OK"
22927,10411354530,10411354570,1,"IOTHUB_CLIENT_CONFIRMATION_OK"
22928,10411354730,10411354765,1,"IOTHUB_CLIENT_CONFIRMATION_OK"
22929,10411354930,10411354983,1,"IOTHUB_CLIENT_CONFIRMATION_OK"
22930,10411355130,10411355204,1,"IOTHUB_CLIENT_CONFIRMATION_OK"
22931,10411355330,10411355369,1,"IOTHUB_CLIENT_CONFIRMATION_OK"
22932,10411355530,10411355714,1,"IOTHUB_CLIENT_CONFIRMATION_OK"
22933,10411355730,10411355780,1,"IOTHUB_CLIENT_CONFIRMATION_OK"
22934,10411355931,10411355981,1,"IOTHUB_CLIENT_CONFIRMATION_OK"
22935,10411356131,10411356170,1,"IOTHUB_CLIENT_CONFIRMATION_OK"
22936,10411356331,10411356385,1,"IOTHUB_CLIENT_CONFIRMATION_OK"
22937,10411356531,10411356584,1,"IOTHUB_CLIENT_CONFIRMATION_OK"
22938,10411356731,10411356788,1,"IOTHUB_CLIENT_CONFIRMATION_OK"
22939,10411356931,10411356981,1,"IOTHUB_CLIENT_CONFIRMATION_OK"
22940,10411357132,10411357212,1,"IOTHUB_CLIENT_CONFIRMATION_OK"
22941,10411357332,10411357440,1,"IOTHUB_CLIENT_CONFIRMATION_OK"
22942,10411357532,10411357622,1,"IOTHUB_CLIENT_CONFIRMATION_OK"
22943,10411357732,10411357943,1,"IOTHUB_CLIENT_CONFIRMATION_OK"
22944,10411357932,10411357999,1,"IOTHUB_CLIENT_CONFIRMATION_OK"
22945,10411358132,10411358178,1,"IOTHUB_CLIENT_CONFIRMATION_OK"
22946,10411358333,10411358371,1,"IOTHUB_CLIENT_CONFIRMATION_OK"
22947,10411358533,10411358579,1,"IOTHUB_CLIENT_CONFIRMATION_OK"
22948,10411358733,10411358788,1,"IOTHUB_CLIENT_CONFIRMATION_OK"
22949,10411358933,10411358986,1,"IOTHUB_CLIENT_CONFIRMATION_OK"
22950,10411359133,10411359181,1,"IOTHUB_CLIENT_CONFIRMATION_OK"
22951,10411359333,10411359382,1,"IOTHUB_CLIENT_CONFIRMATION_OK"
22952,10411359533,10411359578,1,"IOTHUB_CLIENT_CONFIRMATION_OK"
22953,10411359734,10411359807,1,"IOTHUB_CLIENT_CONFIRMATION_OK"
22954,10411359934,10411359983,1,"IOTHUB_CLIENT_CONFIRMATION_OK"
22955,10411360134,10411360203,1,"IOTHUB_CLIENT_CONFIRMATION_OK"
22956,10411360334,10411360393,1,"IOTHUB_CLIENT_CONFIRMATION_OK"
22957,10411360534,10411360590,1,"IOTHUB_CLIENT_CONFIRMATION_OK"
22958,10411360734,10411360778,1,"IOTHUB_CLIENT_CONFIRMATION_OK"
22959,10411360934,10411360987,1,"IOTHUB_CLIENT_CONFIRMATION_OK"
22960,10411361135,10411361245,1,"IOTHUB_CLIENT_CONFIRMATION_OK"
22961,10411361335,10411361374,1,"IOTHUB_CLIENT_CONFIRMATION_OK"
22962,10411361535,10411361595,1,"IOTHUB_CLIENT_CONFIRMATION_OK"
22963,10411361735,10411361841,1,"IOTHUB_CLIENT_CONFIRMATION_OK"
22964,10411361935,10411361983,1,"IOTHUB_CLIENT_CONFIRMATION_OK"
22965,10411362135,10411362173,1,"IOTHUB_CLIENT_CONFIRMATION_OK"
22966,10411362335,10411362382,1,"IOTHUB_CLIENT_CONFIRMATION_OK"
22967,10411362536,10411362575,1,"IOTHUB_CLIENT_CONFIRMATION_OK"
22968,10411362736,10411362857,1,"IOTHUB_CLIENT_CONFIRMATION_OK"
22969,10411362936,10411362984,1,"IOTHUB_CLIENT_CONFIRMATION_OK"
22970,10411363136,10411363195,1,"IOTHUB_CLIENT_CONFIRMATION_OK"
22971,10411363336,10411363483,1,"IOTHUB_CLIENT_CONFIRMATION_OK"
22972,10411363536,10411363593,1,"IOTHUB_CLIENT_CONFIRMATION_OK"
22973,10411363737,10411363802,1,"IOTHUB_CLIENT_CONFIRMATION_OK"
22974,10411363937,10411364056,1,"IOTHUB_CLIENT_CONFIRMATION_OK"
22975,10411364137,10411364199,1,"IOTHUB_CLIENT_CONFIRMATION_OK"
22976,10411364337,10411364390,1,"IOTHUB_CLIENT_CONFIRMATION_OK"
22977,10411364537,10411364686,1,"IOTHUB_CLIENT_CONFIRMATION_OK"
22978,10411364737,10411364813,1,"IOTHUB_CLIENT_CONFIRMATION_OK"
22979,10411364937,10411365018,1,"IOTHUB_CLIENT_CONFIRMATION_OK"
22980,10411365138,10411365191,1,"IOTHUB_CLIENT_CONFIRMATION_OK"
22981,10411365338,10411365480,1,"IOTHUB_CLIENT_CONFIRMATION_OK"
22982,10411365538,10411365613,1,"IOTHUB_CLIENT_CONFIRMATION_OK"
22983,10411365738,10411365878,1,"IOTHUB_CLIENT_CONFIRMATION_OK"
22984,10411365938,10411365974,1,"IOTHUB_CLIENT_CONFIRMATION_OK"
22985,10411366138,10411366199,1,"IOTHUB_CLIENT_CONFIRMATION_OK"
22986,10411366339,10411366389,1,"IOTHUB_CLIENT_CONFIRMATION_OK"
22987,10411366539,10411366595,1,"IOTHUB_CLIENT_CONFIRMATION_OK"
22988,10411366739,10411366863,1,"IOTHUB_CLIENT_CONFIRMATION_OK"
22989,10411366939,10411367287,1,"IOTHUB_CLIENT_CONFIRMATION_OK"
22990,10411367139,10411367404,1,"IOTHUB_CLIENT_CONFIRMATION_OK"
22991,10411367339,10411367467,1,"IOTHUB_CLIENT_CONFIRMATION_OK"
22992,10411367539,10411367583,1,"IOTHUB_CLIENT_CONFIRMATION_OK"
22993,10411367740,10411367939,1,"IOTHUB_CLIENT_CONFIRMATION_OK"
22994,10411367940,10411367980,1,"IOTHUB_CLIENT_CONFIRMATION_OK"
22995,10411368140,10411368198,1,"IOTHUB_CLIENT_CONFIRMATION_OK"
22996,10411368340,10411368392,1,"IOTHUB_CLIENT_CONFIRMATION_OK"
22997,10411368540,10411368574,1,"IOTHUB_CLIENT_CONFIRMATION_OK"
22998,10411368740,10411368776,1,"IOTHUB_CLIENT_CONFIRMATION_OK"
22999,10411368941,10411368988,1,"IOTHUB_CLIENT_CONFIRMATION_OK"
23000,10411369141,10411369182,1,"IOTHUB_CLIENT_CONFIRMATION_OK"
23001,10411369341,10411369391,1,"IOTHUB_CLIENT_CONFIRMATION_OK"
23002,10411369541,10411369611,1,"IOTHUB_CLIENT_CONFIRMATION_OK"
23003,10411369741,10411369786,1,"IOTHUB_CLIENT_CONFIRMATION_OK"
23004,10411369941,10411369986,1,"IOTHUB_CLIENT_CONFIRMATION_OK"
23005,10411370142,10411370200,1,"IOTHUB_CLIENT_CONFIRMATION_OK"
23006,10411370342,10411370382,1,"IOTHUB_CLIENT_CONFIRMATION_OK"
23007,10411370542,10411370624,1,"IOTHUB_CLIENT_CONFIRMATION_OK"
23008,10411370742,10411370785,1,"IOTHUB_CLIENT_CONFIRMATION_OK"
23009,10411370942,10411370986,1,"IOTHUB_CLIENT_CONFIRMATION_OK"
23010,10411371142,10411371258,1,"IOTHUB_CLIENT_CONFIRMATION_OK"
23011,10411371342,10411371424,1,"IOTHUB_CLIENT_CONFIRMATION_OK"
23012,10411371543,10411371594,1,"IOTHUB_CLIENT_CONFIRMATION_OK"
23013,10411371743,10411371809,1,"IOTHUB_CLIENT_CONFIRMATION_OK"
23014,10411371943,10411372011,1,"IOTHUB_CLIENT_CONFIRMATION_OK"
23015,10411372143,10411372191,1,"IOTHUB_CLIENT_CONFIRMATION_OK"
23016,10411372343,10411372403,1,"IOTHUB_CLIENT_CONFIRMATION_OK"
23017,10411372543,10411372586,1,"IOTHUB_CLIENT_CONFIRMATION_OK"
23018,10411372743,10411372873,1,"IOTHUB_CLIENT_CONFIRMATION_OK"
23019,10411372944,10411373000,1,"IOTHUB_CLIENT_CONFIRMATION_OK"
23020,10411373144,10411373209,1,"IOTHUB_CLIENT_CONFIRMATION_OK"
23021,10411373344,10411373507,1,"IOTHUB_CLIENT_CONFIRMATION_OK"
23022,10411373544,10411373606,1,"IOTHUB_CLIENT_CONFIRMATION_OK"
23023,10411373744,10411373784,1,"IOTHUB_CLIENT_CONFIRMATION_OK"
23024,10411373944,10411373988,1,"IOTHUB_CLIENT_CONFIRMATION_OK"
23025,10411374144,10411374188,1,"IOTHUB_CLIENT_CONFIRMATION_OK"
23026,10411374345,10411374402,1,"IOTHUB_CLIENT_CONFIRMATION_OK"
23027,10411374545,10411374600,1,"IOTHUB_CLIENT_CONFIRMATION_OK"
23028,10411374745,10411374786,1,"IOTHUB_CLIENT_CONFIRMATION_OK"
23029,10411374945,10411375003,1,"IOTHUB_CLIENT_CONFIRMATION_OK"
23030,10411375145,10411375206,1,"IOTHUB_CLIENT_CONFIRMATION_OK"
23031,10411375345,10411375378,1,"IOTHUB_CLIENT_CONFIRMATION_OK"
23032,10411375546,10411375605,1,"IOTHUB_CLIENT_CONFIRMATION_OK"
23033,10411375746,10411375791,1,"IOTHUB_CLIENT_CONFIRMATION_OK"
23034,10411375946,10411376008,1,"IOTHUB_CLIENT_CONFIRMATION_OK"
23035,10411376146,10411376196,1,"IOTHUB_CLIENT_CONFIRMATION_OK"
23036,10411376346,10411376417,1,"IOTHUB_CLIENT_CONFIRMATION_OK"
23037,10411376546,10411376597,1,"IOTHUB_CLIENT_CONFIRMATION_OK"
23038,10411376747,10411376796,1,"IOTHUB_CLIENT_CONFIRMATION_OK"
23039,10411376947,10411377033,1,"IOTHUB_CLIENT_CONFIRMATION_OK"
23040,10411377147,10411377208,1,"IOTHUB_CLIENT_CONFIRMATION_OK"
23041,10411377347,10411377407,1,"IOTHUB_CLIENT_CONFIRMATION_OK"
23042,10411377547,10411377593,1,"IOTHUB_CLIENT_CONFIRMATION_OK"
23043,10411377747,10411377833,1,"IOTHUB_CLIENT_CONFIRMATION_OK"
23044,10411377948,10411377995,1,"IOTHUB_CLIENT_CONFIRMATION_OK"
23045,10411378148,10411378205,1,"IOTHUB_CLIENT_CONFIRMATION_OK"
23046,10411378348,10411378469,1,"IOTHUB_CLIENT_CONFIRMATION_OK"
23047,10411378548,10411378628,1,"IOTHUB_CLIENT_CONFIRMATION_OK"
23048,10411378748,10411378788,1,"IOTHUB_CLIENT_CONFIRMATION_OK"
23049,10411378948,10411379151,1,"IOTHUB_CLIENT_CONFIRMATION_OK"
23050,10411379148,10411379200,1,"IOTHUB_CLIENT_CONFIRMATION_OK"
23051,10411379349,10411379399,1,"IOTHUB_CLIENT_CONFIRMATION_OK"
23052,10411379549,10411379597,1,"IOTHUB_CLIENT_CONFIRMATION_OK"
23053,10411379749,10411379797,1,"IOTHUB_CLIENT_CONFIRMATION_OK"
23054,10411379949,10411380057,1,"IOTHUB_CLIENT_CONFIRMATION_OK"
23055,10411380149,10411380203,1,"IOTHUB_CLIENT_CONFIRMATION_OK"
23056,10411380349,10411380402,1,"IOTHUB_CLIENT_CONFIRMATION_OK"
23057,10411380550,10411380764,1,"IOTHUB_CLIENT_CONFIRMATION_OK"
23058,10411380750,10411380808,1,"IOTHUB_CLIENT_CONFIRMATION_OK"
23059,10411380950,10411380999,1,"IOTHUB_CLIENT_CONFIRMATION_OK"
23060,10411381150,10411381217,1,"IOTHUB_CLIENT_CONFIRMATION_OK"
23061,10411381350,10411381413,1,"IOTHUB_CLIENT_CONFIRMATION_OK"
23062,10411381550,10411381600,1,"IOTHUB_CLIENT_CONFIRMATION_OK"
23063,10411381751,10411381799,1,"IOTHUB_CLIENT_CONFIRMATION_OK"
23064,10411381951,10411382004,1,"IOTHUB_CLIENT_CONFIRMATION_OK"
23065,10411382151,10411382190,1,"IOTHUB_CLIENT_CONFIRMATION_OK"
23066,10411382351,10411382477,1,"IOTHUB_CLIENT_CONFIRMATION_OK"
23067,10411382551,10411382589,1,"IOTHUB_CLIENT_CONFIRMATION_OK"
23068,10411382751,10411382984,1,"IOTHUB_CLIENT_CONFIRMATION_OK"
23069,10411382952,10411383003,1,"IOTHUB_CLIENT_CONFIRMATION_OK"
23070,10411383152,10411383205,1,"IOTHUB_CLIENT_CONFIRMATION_OK"
23071,10411383352,10411383394,1,"IOTHUB_CLIENT_CONFIRMATION_OK"
23072,10411383552,10411383703,1,"IOTHUB_CLIENT_CONFIRMATION_OK"
23073,10411383752,10411383872,1,"IOTHUB_CLIENT_CONFIRMATION_OK"
23074,10411383952,10411384013,1,"IOTHUB_CLIENT_CONFIRMATION_OK"
23075,10411384152,10411384204,1,"IOTHUB_CLIENT_CONFIRMATION_OK"
23076,10411384353,10411384454,1,"IOTHUB_CLIENT_CONFIRMATION_OK"
23077,10411384553,10411384610,1,"IOTHUB_CLIENT_CONFIRMATION_OK"
23078,10411384753,10411384808,1,"IOTHUB_CLIENT_CONFIRMATION_OK"
23079,10411384953,10411385041,1,"IOTHUB_CLIENT_CONFIRMATION_OK"
23080,10411385153,10411385210,1,"IOTHUB_CLIENT_CONFIRMATION_OK"
23081,10411385353,10411385424,1,"IOTHUB_CLIENT_CONFIRMATION_OK"
23082,10411385553,10411385659,1,"IOTHUB_CLIENT_CONFIRMATION_OK"
23083,10411385754,10411385790,1,"IOTHUB_CLIENT_CONFIRMATION_OK"
23084,10411385954,10411386002,1,"IOTHUB_CLIENT_CONFIRMATION_OK"
23085,10411386154,10411386263,1,"IOTHUB_CLIENT_CONFIRMATION_OK"
23086,10411386354,10411386399,1,"IOTHUB_CLIENT_CONFIRMATION_OK"
23087,10411386554,10411386620,1,"IOTHUB_CLIENT_CONFIRMATION_OK"
23088,10411386754,10411386805,1,"IOTHUB_CLIENT_CONFIRMATION_OK"
23089,10411386954,10411387014,1,"IOTHUB_CLIENT_CONFIRMATION_OK"
23090,10411387155,10411387211,1,"IOTHUB_CLIENT_CONFIRMATION_OK"
23091,10411387355,10411387393,1,"IOTHUB_CLIENT_CONFIRMATION_OK"
23092,10411387555,10411387601,1,"IOTHUB_CLIENT_CONFIRMATION_OK"
23093,10411387755,10411387925,1,"IOTHUB_CLIENT_CONFIRMATION_OK"
23094,10411387955,10411388002,1,"IOTHUB_CLIENT_CONFIRMATION_OK"
23095,10411388155,10411388199,1,"IOTHUB_CLIENT_CONFIRMATION_OK"
23096,10411388356,10411388401,1,"IOTHUB_CLIENT_CONFIRMATION_OK"
23097,10411388556,10411388599,1,"IOTHUB_CLIENT_CONFIRMATION_OK"
23098,10411388756,10411388812,1,"IOTHUB_CLIENT_CONFIRMATION_OK"
23099,10411388956,10411389008,1,"IOTHUB_CLIENT_CONFIRMATION_OK"
23100,10411389156,10411389245,1,"IOTHUB_CLIENT_CONFIRMATION_OK"
23101,10411389356,10411389394,1,"IOTHUB_CLIENT_CONFIRMATION_OK"
23102,10411389557,10411389592,1,"IOTHUB_CLIENT_CONFIRMATION_OK"
23103,10411389757,10411389812,1,"IOTHUB_CLIENT_CONFIRMATION_OK"
23104,10411389957,10411390027,1,"IOTHUB_CLIENT_CONFIRMATION_OK"
23105,10411390157,10411390223,1,"IOTHUB_CLIENT_CONFIRMATION_OK"
23106,10411390357,10411390412,1,"IOTHUB_CLIENT_CONFIRMATION_OK"
23107,10411390557,10411390597,1,"IOTHUB_CLIENT_CONFIRMATION_OK"
23108,10411390757,10411390809,1,"IOTHUB_CLIENT_CONFIRMATION_OK"
23109,10411390958,10411391010,1,"IOTHUB_CLIENT_CONFIRMATION_OK"
23110,10411391158,10411391210,1,"IOTHUB_CLIENT_CONFIRMATION_OK"
23111,10411391358,10411391438,1,"IOTHUB_CLIENT_CONFIRMATION_OK"
23112,10411391558,10411391624,1,"IOTHUB_CLIENT_CONFIRMATION_OK"
23113,10411391758,10411391809,1,"IOTHUB_CLIENT_CONFIRMATION_OK"
23114,10411391958,10411392018,1,"IOTHUB_CLIENT_CONFIRMATION_OK"
23115,10411392159,10411392214,1,"IOTHUB_CLIENT_CONFIRMATION_OK"
23116,10411392359,10411392419,1,"IOTHUB_CLIENT_CONFIRMATION_OK"
23117,10411392559,10411392604,1,"IOTHUB_CLIENT_CONFIRMATION_OK"
23118,10411392759,10411392807,1,"IOTHUB_CLIENT_CONFIRMATION_OK"
23119,10411392959,10411393025,1,"IOTHUB_CLIENT_CONFIRMATION_OK"
23120,10411393159,10411393195,1,"IOTHUB_CLIENT_CONFIRMATION_OK"
23121,10411393359,10411393418,1,"IOTHUB_CLIENT_CONFIRMATION_OK"
23122,10411393560,10411393613,1,"IOTHUB_CLIENT_CONFIRMATION_OK"
23123,10411393760,10411393813,1,"IOTHUB_CLIENT_CONFIRMATION_OK"
23124,10411393960,10411394065,1,"IOTHUB_CLIENT_CONFIRMATION_OK"
23125,10411394160,10411394202,1,"IOTHUB_CLIENT_CONFIRMATION_OK"
23126,10411394360,10411394415,1,"IOTHUB_CLIENT_CONFIRMATION_OK"
23127,10411394560,10411394704,1,"IOTHUB_CLIENT_CONFIRMATION_OK"
23128,10411394761,10411394826,1,"IOTHUB_CLIENT_CONFIRMATION_OK"
23129,10411394961,10411395014,1,"IOTHUB_CLIENT_CONFIRMATION_OK"
23130,10411395161,10411395204,1,"IOTHUB_CLIENT_CONFIRMATION_OK"
23131,10411395361,10411395402,1,"IOTHUB_CLIENT_CONFIRMATION_OK"
23132,10411395561,10411395660,1,"IOTHUB_CLIENT_CONFIRMATION_OK"
23133,10411395761,10411395833,1,"IOTHUB_CLIENT_CONFIRMATION_OK"
23134,10411395961,10411395999,1,"IOTHUB_CLIENT_CONFIRMATION_OK"
23135,10411396162,10411396280,1,"IOTHUB_CLIENT_CONFIRMATION_OK"
23136,10411396362,10411396433,1,"IOTHUB_CLIENT_CONFIRMATION_OK"
23137,10411396562,10411396611,1,"IOTHUB_CLIENT_CONFIRMATION_OK"
23138,10411396762,10411396808,1,"IOTHUB_CLIENT_CONFIRMATION_OK"
23139,10411396962,10411397005,1,"IOTHUB_CLIENT_CONFIRMATION_OK"
23140,10411397162,10411397212,1,"IOTHUB_CLIENT_CONFIRMATION_OK"
23141,10411397362,10411397408,1,"IOTHUB_CLIENT_CONFIRMATION_OK"
23142,10411397563,10411397611,1,"IOTHUB_CLIENT_CONFIRMATION_OK"
23143,10411397763,10411397908,1,"IOTHUB_CLIENT_CONFIRMATION_OK"
23144,10411397963,10411398002,1,"IOTHUB_CLIENT_CONFIRMATION_OK"
23145,10411398163,10411398205,1,"IOTHUB_CLIENT_CONFIRMATION_OK"
23146,10411398363,10411398500,1,"IOTHUB_CLIENT_CONFIRMATION_OK"
23147,10411398563,10411398657,1,"IOTHUB_CLIENT_CONFIRMATION_OK"
23148,10411398764,10411398811,1,"IOTHUB_CLIENT_CONFIRMATION_OK"
23149,10411398964,10411399025,1,"IOTHUB_CLIENT_CONFIRMATION_OK"
23150,10411399164,10411399207,1,"IOTHUB_CLIENT_CONFIRMATION_OK"
23151,10411399364,10411399542,1,"IOTHUB_CLIENT_CONFIRMATION_OK"
23152,10411399564,10411399652,1,"IOTHUB_CLIENT_CONFIRMATION_OK"
23153,10411399764,10411399828,1,"IOTHUB_CLIENT_CONFIRMATION_OK"
23154,10411399964,10411400142,1,"IOTHUB_CLIENT_CONFIRMATION_OK"
23155,10411400165,10411400281,1,"IOTHUB_CLIENT_CONFIRMATION_OK"
23156,10411400365,10411400427,1,"IOTHUB_CLIENT_CONFIRMATION_OK"
23157,10411400565,10411400737,1,"IOTHUB_CLIENT_CONFIRMATION_OK"
23158,10411400765,10411400818,1,"IOTHUB_CLIENT_CONFIRMATION_OK"
23159,10411400965,10411401009,1,"IOTHUB_CLIENT_CONFIRMATION_OK"
23160,10411401165,10411401205,1,"IOTHUB_CLIENT_CONFIRMATION_OK"
23161,10411401365,10411401416,1,"IOTHUB_CLIENT_CONFIRMATION_OK"
23162,10411401566,10411401615,1,"IOTHUB_CLIENT_CONFIRMATION_OK"
23163,10411401766,10411401853,1,"IOTHUB_CLIENT_CONFIRMATION_OK"
23164,10411401966,10411403206,1,"IOTHUB_CLIENT_CONFIRMATION_OK"
23165,10411402166,10411403599,1,"IOTHUB_CLIENT_CONFIRMATION_OK"
23166,10411402366,10411403720,1,"IOTHUB_CLIENT_CONFIRMATION_OK"
23167,10411402566,10411403784,1,"IOTHUB_CLIENT_CONFIRMATION_OK"
23168,10411402767,10411403876,1,"IOTHUB_CLIENT_CONFIRMATION_OK"
23169,10411402967,10411404074,1,"IOTHUB_CLIENT_CONFIRMATION_OK"
23170,10411403167,10411404118,1,"IOTHUB_CLIENT_CONFIRMATION_OK"
23171,10411403367,10411404187,1,"IOTHUB_CLIENT_CONFIRMATION_OK"
23172,10411403567,10411404248,1,"IOTHUB_CLIENT_CONFIRMATION_OK"
23173,10411403767,10411404353,1,"IOTHUB_CLIENT_CONFIRMATION_OK"
23174,10411403968,10411404472,1,"IOTHUB_CLIENT_CONFIRMATION_OK"
23175,10411404168,10411404528,1,"IOTHUB_CLIENT_CONFIRMATION_OK"
23176,10411404368,10411404721,1,"IOTHUB_CLIENT_CONFIRMATION_OK"
23177,10411404568,10411404811,1,"IOTHUB_CLIENT_CONFIRMATION_OK"
23178,10411404768,10411404901,1,"IOTHUB_CLIENT_CONFIRMATION_OK"
23179,10411404968,10411405035,1,"IOTHUB_CLIENT_CONFIRMATION_OK"
23180,10411405168,10411405215,1,"IOTHUB_CLIENT_CONFIRMATION_OK"
23181,10411405369,10411405413,1,"IOTHUB_CLIENT_CONFIRMATION_OK"
23182,10411405569,10411405659,1,"IOTHUB_CLIENT_CONFIRMATION_OK"
23183,10411405769,10411405835,1,"IOTHUB_CLIENT_CONFIRMATION_OK"
23184,10411405969,10411406079,1,"IOTHUB_CLIENT_CONFIRMATION_OK"
23185,10411406169,10411406264,1,"IOTHUB_CLIENT_CONFIRMATION_OK"
23186,10411406369,10411406423,1,"IOTHUB_CLIENT_CONFIRMATION_OK"
23187,10411406570,10411406614,1,"IOTHUB_CLIENT_CONFIRMATION_OK"
23188,10411406770,10411406880,1,"IOTHUB_CLIENT_CONFIRMATION_OK"
23189,10411406970,10411407017,1,"IOTHUB_CLIENT_CONFIRMATION_OK"
23190,10411407170,10411407220,1,"IOTHUB_CLIENT_CONFIRMATION_OK"
23191,10411407370,10411407416,1,"IOTHUB_CLIENT_CONFIRMATION_OK"
23192,10411407570,10411407610,1,"IOTHUB_CLIENT_CONFIRMATION_OK"
23193,10411407771,10411407892,1,"IOTHUB_CLIENT_CONFIRMATION_OK"
23194,10411407971,10411408222,1,"IOTHUB_CLIENT_CONFIRMATION_OK"
23195,10411408171,10411408267,1,"IOTHUB_CLIENT_CONFIRMATION_OK"
23196,10411408371,10411408504,1,"IOTHUB_CLIENT_CONFIRMATION_OK"
23197,10411408571,10411408611,1,"IOTHUB_CLIENT_CONFIRMATION_OK"
23198,10411408771,10411408812,1,"IOTHUB_CLIENT_CONFIRMATION_OK"
23199,10411408971,10411409112,1,"IOTHUB_CLIENT_CONFIRMATION_OK"
23200,10411409172,10411409210,1,"IOTHUB_CLIENT_CONFIRMATION_OK"
23201,10411409372,10411409421,1,"IOTHUB_CLIENT_CONFIRMATION_OK"
23202,10411409572,10411409633,1,"IOTHUB_CLIENT_CONFIRMATION_OK"
23203,10411409772,10411409809,1,"IOTHUB_CLIENT_CONFIRMATION_OK"
23204,10411409972,10411410011,1,"IOTHUB_CLIENT_CONFIRMATION_OK"
23205,10411410172,10411410215,1,"IOTHUB_CLIENT_CONFIRMATION_OK"
23206,10411410373,10411410437,1,"IOTHUB_CLIENT_CONFIRMATION_OK"
23207,10411410573,10411410738,1,"IOTHUB_CLIENT_CONFIRMATION_OK"
23208,10411410773,10411410824,1,"IOTHUB_CLIENT_CONFIRMATION_OK"
23209,10411410973,10411411016,1,"IOTHUB_CLIENT_CONFIRMATION_OK"
23210,10411411173,10411411213,1,"IOTHUB_CLIENT_CONFIRMATION_OK"
23211,10411411373,10411411449,1,"IOTHUB_CLIENT_CONFIRMATION_OK"
23212,10411411573,10411411620,1,"IOTHUB_CLIENT_CONFIRMATION_OK"
23213,10411411774,10411411854,1,"IOTHUB_CLIENT_CONFIRMATION_OK"
23214,10411411974,10411412025,1,"IOTHUB_CLIENT_CONFIRMATION_OK"
23215,10411412174,10411412222,1,"IOTHUB_CLIENT_CONFIRMATION_OK"
23216,10411412374,10411412415,1,"IOTHUB_CLIENT_CONFIRMATION_OK"
23217,10411412574,10411412643,1,"IOTHUB_CLIENT_CONFIRMATION_OK"
23218,10411412774,10411413092,1,"IOTHUB_CLIENT_CONFIRMATION_OK"
23219,10411412975,10411413128,1,"IOTHUB_CLIENT_CONFIRMATION_OK"
23220,10411413175,10411413224,1,"IOTHUB_CLIENT_CONFIRMATION_OK"
23221,10411413375,10411413537,1,"IOTHUB_CLIENT_CONFIRMATION_OK"
23222,10411413575,10411413641,1,"IOTHUB_CLIENT_CONFIRMATION_OK"
23223,10411413775,10411413812,1,"IOTHUB_CLIENT_CONFIRMATION_OK"
23224,10411413975,10411414038,1,"IOTHUB_CLIENT_CONFIRMATION_OK"
23225,10411414175,10411414217,1,"IOTHUB_CLIENT_CONFIRMATION_OK"
23226,10411414376,10411414418,1,"IOTHUB_CLIENT_CONFIRMATION_OK"
23227,10411414576,10411414672,1,"IOTHUB_CLIENT_CONFIRMATION_OK"
23228,10411414776,10411414815,1,"IOTHUB_CLIENT_CONFIRMATION_OK"
23229,10411414976,10411415008,1,"IOTHUB_CLIENT_CONFIRMATION_OK"
23230,10411415176,10411415255,1,"IOTHUB_CLIENT_CONFIRMATION_OK"
23231,10411415376,10411415431,1,"IOTHUB_CLIENT_CONFIRMATION_OK"
23232,10411415577,10411415744,1,"IOTHUB_CLIENT_CONFIRMATION_OK"
23233,10411415777,10411415816,1,"IOTHUB_CLIENT_CONFIRMATION_OK"
23234,10411415977,10411416025,1,"IOTHUB_CLIENT_CONFIRMATION_OK"
23235,10411416177,10411416210,1,"IOTHUB_CLIENT_CONFIRMATION_OK"
23236,10411416377,10411416443,1,"IOTHUB_CLIENT_CONFIRMATION_OK"
23237,10411416577,10411416620,1,"IOTHUB_CLIENT_CONFIRMATION_OK"
23238,10411416777,10411416837,1,"IOTHUB_CLIENT_CONFIRMATION_OK"
23239,10411416978,10411417044,1,"IOTHUB_CLIENT_CONFIRMATION_OK"
23240,10411417178,10411417235,1,"IOTHUB_CLIENT_CONFIRMATION_OK"
23241,10411417378,10411417446,1,"IOTHUB_CLIENT_CONFIRMATION_OK"
23242,10411417578,10411417631,1,"IOTHUB_CLIENT_CONFIRMATION_OK"
23243,10411417778,10411417858,1,"IOTHUB_CLIENT_CONFIRMATION_OK"
23244,10411417978,10411418040,1,"IOTHUB_CLIENT_CONFIRMATION_OK"
23245,10411418178,10411418228,1,"IOTHUB_CLIENT_CONFIRMATION_OK"
23246,10411418379,10411418463,1,"IOTHUB_CLIENT_CONFIRMATION_OK"
23247,10411418579,10411418650,1,"IOTHUB_CLIENT_CONFIRMATION_OK"
23248,10411418779,10411418819,1,"IOTHUB_CLIENT_CONFIRMATION_OK"
23249,10411418979,10411419065,1,"IOTHUB_CLIENT_CONFIRMATION_OK"
23250,10411419179,10411419235,1,"IOTHUB_CLIENT_CONFIRMATION_OK"
23251,10411419379,10411419439,1,"IOTHUB_CLIENT_CONFIRMATION_OK"
23252,10411419580,10411419623,1,"IOTHUB_CLIENT_CONFIRMATION_OK"
23253,10411419780,10411419829,1,"IOTHUB_CLIENT_CONFIRMATION_OK"
23254,10411419980,10411420021,1,"IOTHUB_CLIENT_CONFIRMATION_OK"
23255,10411420180,10411420221,1,"IOTHUB_CLIENT_CONFIRMATION_OK"
23256,10411420380,10411420453,1,"IOTHUB_CLIENT_CONFIRMATION_OK"
23257,10411420580,10411420733,1,"IOTHUB_CLIENT_CONFIRMATION_OK"
23258,10411420780,10411420839,1,"IOTHUB_CLIENT_CONFIRMATION_OK"
23259,10411420981,10411421037,1,"IOTHUB_CLIENT_CONFIRMATION_OK"
23260,10411421181,10411421321,1,"IOTHUB_CLIENT_CONFIRMATION_OK"
23261,10411421381,10411421426,1,"IOTHUB_CLIENT_CONFIRMATION_OK"
23262,10411421581,10411421627,1,"IOTHUB_CLIENT_CONFIRMATION_OK"
23263,10411421781,10411421830,1,"IOTHUB_CLIENT_CONFIRMATION_OK"
23264,10411421981,10411422058,1,"IOTHUB_CLIENT_CONFIRMATION_OK"
23265,10411422182,10411422234,1,"IOTHUB_CLIENT_CONFIRMATION_OK"
23266,10411422382,10411422425,1,"IOTHUB_CLIENT_CONFIRMATION_OK"
23267,10411422582,10411422635,1,"IOTHUB_CLIENT_CONFIRMATION_OK"
23268,10411422782,10411422952,1,"IOTHUB_CLIENT_CONFIRMATION_OK"
23269,10411422982,10411423028,1,"IOTHUB_CLIENT_CONFIRMATION_OK"
23270,10411423182,10411423239,1,"IOTHUB_CLIENT_CONFIRMATION_OK"
23271,10411423383,10411423554,1,"IOTHUB_CLIENT_CONFIRMATION_OK"
23272,10411423583,10411423630,1,"IOTHUB_CLIENT_CONFIRMATION_OK"
23273,10411423783,10411423877,1,"IOTHUB_CLIENT_CONFIRMATION_OK"
23274,10411423983,10411424027,1,"IOTHUB_CLIENT_CONFIRMATION_OK"
23275,10411424183,10411424227,1,"IOTHUB_CLIENT_CONFIRMATION_OK"
23276,10411424383,10411424444,1,"IOTHUB_CLIENT_CONFIRMATION_OK"
23277,10411424583,10411424627,1,"IOTHUB_CLIENT_CONFIRMATION_OK"
23278,10411424784,10411424825,1,"IOTHUB_CLIENT_CONFIRMATION_OK"
23279,10411424984,10411425048,1,"IOTHUB_CLIENT_CONFIRMATION_OK"
23280,10411425184,10411425230,1,"IOTHUB_CLIENT_CONFIRMATION_OK"
23281,10411425384,10411425448,1,"IOTHUB_CLIENT_CONFIRMATION_OK"
23282,10411425584,10411425636,1,"IOTHUB_CLIENT_CONFIRMATION_OK"
23283,10411425784,10411425823,1,"IOTHUB_CLIENT_CONFIRMATION_OK"
23284,10411425985,10411426027,1,"IOTHUB_CLIENT_CONFIRMATION_OK"
23285,10411426185,10411426261,1,"IOTHUB_CLIENT_CONFIRMATION_OK"
23286,10411426385,10411426429,1,"IOTHUB_CLIENT_CONFIRMATION_OK"
23287,10411426585,10411426657,1,"IOTHUB_CLIENT_CONFIRMATION_OK"
23288,10411426785,10411426847,1,"IOTHUB_CLIENT_CONFIRMATION_OK"
23289,10411426985,10411427059,1,"IOTHUB_CLIENT_CONFIRMATION_OK"
23290,10411427186,10411427231,1,"IOTHUB_CLIENT_CONFIRMATION_OK"
23291,10411427386,10411427448,1,"IOTHUB_CLIENT_CONFIRMATION_OK"
23292,10411427586,10411427648,1,"IOTHUB_CLIENT_CONFIRMATION_OK"
23293,10411427786,10411427828,1,"IOTHUB_CLIENT_CONFIRMATION_OK"
23294,10411427986,10411428040,1,"IOTHUB_CLIENT_CONFIRMATION_OK"
23295,10411428186,10411428316,1,"IOTHUB_CLIENT_CONFIRMATION_OK"
23296,10411428386,10411428441,1,"IOTHUB_CLIENT_CONFIRMATION_OK"
23297,10411428587,10411428692,1,"IOTHUB_CLIENT_CONFIRMATION_OK"
23298,10411428787,10411428836,1,"IOTHUB_CLIENT_CONFIRMATION_OK"
23299,10411428987,10411429069,1,"IOTHUB_CLIENT_CONFIRMATION_OK"
23300,10411429187,10411429242,1,"IOTHUB_CLIENT_CONFIRMATION_OK"
23301,10411429387,10411429448,1,"IOTHUB_CLIENT_CONFIRMATION_OK"
23302,10411429587,10411429690,1,"IOTHUB_CLIENT_CONFIRMATION_OK"
23303,10411429788,10411429847,1,"IOTHUB_CLIENT_CONFIRMATION_OK"
23304,10411429988,10411430046,1,"IOTHUB_CLIENT_CONFIRMATION_OK"
23305,10411430188,10411430236,1,"IOTHUB_CLIENT_CONFIRMATION_OK"
23306,10411430388,10411430430,1,"IOTHUB_CLIENT_CONFIRMATION_OK"
23307,10411430588,10411430682,1,"IOTHUB_CLIENT_CONFIRMATION_OK"
23308,10411430788,10411430842,1,"IOTHUB_CLIENT_CONFIRMATION_OK"
23309,10411430989,10411431050,1,"IOTHUB_CLIENT_CONFIRMATION_OK"
23310,10411431189,10411431346,1,"IOTHUB_CLIENT_CONFIRMATION_OK"
23311,10411431389,10411431437,1,"IOTHUB_CLIENT_CONFIRMATION_OK"
23312,10411431589,10411431643,1,"IOTHUB_CLIENT_CONFIRMATION_OK"
23313,10411431789,10411431854,1,"IOTHUB_CLIENT_CONFIRMATION_OK"
23314,10411431989,10411432032,1,"IOTHUB_CLIENT_CONFIRMATION_OK"
23315,10411432190,10411432249,1,"IOTHUB_CLIENT_CONFIRMATION_OK"
23316,10411432390,10411432451,1,"IOTHUB_CLIENT_CONFIRMATION_OK"
23317,10411432590,10411432638,1,"IOTHUB_CLIENT_CONFIRMATION_OK"
23318,10411432790,10411432943,1,"IOTHUB_CLIENT_CONFIRMATION_OK"
23319,10411432990,10411433050,1,"IOTHUB_CLIENT_CONFIRMATION_OK"
23320,10411433190,10411433243,1,"IOTHUB_CLIENT_CONFIRMATION_OK"
23321,10411433391,10411433572,1,"IOTHUB_CLIENT_CONFIRMATION_OK"
23322,10411433591,10411433630,1,"IOTHUB_CLIENT_CONFIRMATION_OK"
23323,10411433791,10411433956,1,"IOTHUB_CLIENT_CONFIRMATION_OK"
23324,10411433991,10411434187,1,"IOTHUB_CLIENT_CONFIRMATION_OK"
23325,10411434191,10411434247,1,"IOTHUB_CLIENT_CONFIRMATION_OK"
23326,10411434391,10411434448,1,"IOTHUB_CLIENT_CONFIRMATION_OK"
23327,10411434591,10411434652,1,"IOTHUB_CLIENT_CONFIRMATION_OK"
23328,10411434792,10411434840,1,"IOTHUB_CLIENT_CONFIRMATION_OK"
23329,10411434992,10411435046,1,"IOTHUB_CLIENT_CONFIRMATION_OK"
23330,10411435192,10411435281,1,"IOTHUB_CLIENT_CONFIRMATION_OK"
23331,10411435392,10411435496,1,"IOTHUB_CLIENT_CONFIRMATION_OK"
23332,10411435592,10411435634,1,"IOTHUB_CLIENT_CONFIRMATION_OK"
23333,10411435792,10411435831,1,"IOTHUB_CLIENT_CONFIRMATION_OK"
23334,10411435993,10411436049,1,"IOTHUB_CLIENT_CONFIRMATION_OK"
23335,10411436193,10411436263,1,"IOTHUB_CLIENT_CONFIRMATION_OK"
23336,10411436393,10411436458,1,"IOTHUB_CLIENT_CONFIRMATION_OK"
23337,10411436593,10411436682,1,"IOTHUB_CLIENT_CONFIRMATION_OK"
23338,10411436793,10411436842,1,"IOTHUB_CLIENT_CONFIRMATION_OK"
23339,10411436993,10411437035,1,"IOTHUB_CLIENT_CONFIRMATION_OK"
23340,10411437193,10411437249,1,"IOTHUB_CLIENT_CONFIRMATION_OK"
23341,10411437394,10411437452,1,"IOTHUB_CLIENT_CONFIRMATION_OK"
23342,10411437594,10411437640,1,"IOTHUB_CLIENT_CONFIRMATION_OK"
23343,10411437794,10411437850,1,"IOTHUB_CLIENT_CONFIRMATION_OK"
23344,10411437994,10411438043,1,"IOTHUB_CLIENT_CONFIRMATION_OK"
23345,10411438194,10411438250,1,"IOTHUB_CLIENT_CONFIRMATION_OK"
23346,10411438394,10411438437,1,"IOTHUB_CLIENT_CONFIRMATION_OK"
23347,10411438595,10411438640,1,"IOTHUB_CLIENT_CONFIRMATION_OK"
23348,10411438795,10411438841,1,"IOTHUB_CLIENT_CONFIRMATION_OK"
23349,10411438995,10411439075,1,"IOTHUB_CLIENT_CONFIRMATION_OK"
23350,10411439195,10411439355,1,"IOTHUB_CLIENT_CONFIRMATION_OK"
23351,10411439395,10411439451,1,"IOTHUB_CLIENT_CONFIRMATION_OK"
23352,10411439595,10411439653,1,"IOTHUB_CLIENT_CONFIRMATION_OK"
23353,10411439795,10411439846,1,"IOTHUB_CLIENT_CONFIRMATION_OK"
23354,10411439996,10411440047,1,"IOTHUB_CLIENT_CONFIRMATION_OK"
23355,10411440196,10411440241,1,"IOTHUB_CLIENT_CONFIRMATION_OK"
23356,10411440396,10411440453,1,"IOTHUB_CLIENT_CONFIRMATION_OK"
23357,10411440596,10411440751,1,"IOTHUB_CLIENT_CONFIRMATION_OK"
23358,10411440796,10411440847,1,"IOTHUB_CLIENT_CONFIRMATION_OK"
23359,10411440996,10411441034,1,"IOTHUB_CLIENT_CONFIRMATION_OK"
23360,10411441197,10411441244,1,"IOTHUB_CLIENT_CONFIRMATION_OK"
23361,10411441397,10411441444,1,"IOTHUB_CLIENT_CONFIRMATION_OK"
23362,10411441597,10411441659,1,"IOTHUB_CLIENT_CONFIRMATION_OK"
23363,10411441797,10411441838,1,"IOTHUB_CLIENT_CONFIRMATION_OK"
23364,10411441997,10411442042,1,"IOTHUB_CLIENT_CONFIRMATION_OK"
23365,10411442197,10411442260,1,"IOTHUB_CLIENT_CONFIRMATION_OK"
23366,10411442397,10411442479,1,"IOTHUB_CLIENT_CONFIRMATION_OK"
23367,10411442598,10411442647,1,"IOTHUB_CLIENT_CONFIRMATION_OK"
23368,10411442798,10411442984,1,"IOTHUB_CLIENT_CONFIRMATION_OK"
23369,10411442998,10411443048,1,"IOTHUB_CLIENT_CONFIRMATION_OK"
23370,10411443198,10411443255,1,"IOTHUB_CLIENT_CONFIRMATION_OK"
23371,10411443398,10411443470,1,"IOTHUB_CLIENT_CONFIRMATION_OK"
23372,10411443598,10411443648,1,"IOTHUB_CLIENT_CONFIRMATION_OK"
23373,10411443799,10411443859,1,"IOTHUB_CLIENT_CONFIRMATION_OK"
23374,10411443999,10411444048,1,"IOTHUB_CLIENT_CONFIRMATION_OK"
23375,10411444199,10411444270,1,"IOTHUB_CLIENT_CONFIRMATION_OK"
23376,10411444399,10411444460,1,"IOTHUB_CLIENT_CONFIRMATION_OK"
23377,10411444599,10411444714,1,"IOTHUB_CLIENT_CONFIRMATION_OK"
23378,10411444799,10411444913,1,"IOTHUB_CLIENT_CONFIRMATION_OK"
23379,10411444999,10411445041,1,"IOTHUB_CLIENT_CONFIRMATION_OK"
23380,10411445200,10411445241,1,"IOTHUB_CLIENT_CONFIRMATION_OK"
23381,10411445400,10411445444,1,"IOTHUB_CLIENT_CONFIRMATION_OK"
23382,10411445600,10411445728,1,"IOTHUB_CLIENT_CONFIRMATION_OK"
23383,10411445800,10411445851,1,"IOTHUB_CLIENT_CONFIRMATION_OK"
23384,10411446000,10411446062,1,"IOTHUB_CLIENT_CONFIRMATION_OK"
23385,10411446200,10411446414,1,"IOTHUB_CLIENT_CONFIRMATION_OK"
23386,10411446401,10411446463,1,"IOTHUB_CLIENT_CONFIRMATION_OK"
23387,10411446601,10411446648,1,"IOTHUB_CLIENT_CONFIRMATION_OK"
23388,10411446801,10411446854,1,"IOTHUB_CLIENT_CONFIRMATION_OK"
23389,10411447001,10411447040,1,"IOTHUB_CLIENT_CONFIRMATION_OK"
23390,10411447201,10411447261,1,"IOTHUB_CLIENT_CONFIRMATION_OK"
23391,10411447401,10411447459,1,"IOTHUB_CLIENT_CONFIRMATION_OK"
23392,10411447601,10411447648,1,"IOTHUB_CLIENT_CONFIRMATION_OK"
23393,10411447802,10411447947,1,"IOTHUB_CLIENT_CONFIRMATION_OK"
23394,10411448002,10411448065,1,"IOTHUB_CLIENT_CONFIRMATION_OK"
23395,10411448202,10411448249,1,"IOTHUB_CLIENT_CONFIRMATION_OK"
23396,10411448402,10411448587,1,"IOTHUB_CLIENT_CONFIRMATION_OK"
23397,10411448602,10411448732,1,"IOTHUB_CLIENT_CONFIRMATION_OK"
23398,10411448802,10411448847,1,"IOTHUB_CLIENT_CONFIRMATION_OK"
23399,10411449003,10411449042,1,"IOTHUB_CLIENT_CONFIRMATION_OK"
23400,10411449203,10411449243,1,"IOTHUB_CLIENT_CONFIRMATION_OK"
23401,10411449403,10411449457,1,"IOTHUB_CLIENT_CONFIRMATION_OK"
23402,10411449603,10411449657,1,"IOTHUB_CLIENT_CONFIRMATION_OK"
23403,10411449803,10411449848,1,"IOTHUB_CLIENT_CONFIRMATION_OK"
23404,10411450003,10411450055,1,"IOTHUB_CLIENT_CONFIRMATION_OK"
23405,10411450203,10411450272,1,"IOTHUB_CLIENT_CONFIRMATION_OK"
23406,10411450404,10411450497,1,"IOTHUB_CLIENT_CONFIRMATION_OK"
23407,10411450604,10411450645,1,"IOTHUB_CLIENT_CONFIRMATION_OK"
23408,10411450804,10411450860,1,"IOTHUB_CLIENT_CONFIRMATION_OK"
23409,10411451004,10411451050,1,"IOTHUB_CLIENT_CONFIRMATION_OK"
23410,10411451204,10411451262,1,"IOTHUB_CLIENT_CONFIRMATION_OK"
23411,10411451404,10411451443,1,"IOTHUB_CLIENT_CONFIRMATION_OK"
23412,10411451605,10411451660,1,"IOTHUB_CLIENT_CONFIRMATION_OK"
23413,10411451805,10411451871,1,"IOTHUB_CLIENT_CONFIRMATION_OK"
23414,10411452005,10411452055,1,"IOTHUB_CLIENT_CONFIRMATION_OK"
23415,10411452205,10411452251,1,"IOTHUB_CLIENT_CONFIRMATION_OK"
23416,10411452405,10411452490,1,"IOTHUB_CLIENT_CONFIRMATION_OK"
23417,10411452605,10411452665,1,"IOTHUB_CLIENT_CONFIRMATION_OK"
23418,10411452806,10411452956,1,"IOTHUB_CLIENT_CONFIRMATION_OK"
23419,10411453006,10411453154,1,"IOTHUB_CLIENT_CONFIRMATION_OK"
23420,10411453206,10411453272,1,"IOTHUB_CLIENT_CONFIRMATION_OK"
23421,10411453406,10411453503,1,"IOTHUB_CLIENT_CONFIRMATION_OK"
23422,10411453606,10411453675,1,"IOTHUB_CLIENT_CONFIRMATION_OK"
23423,10411453806,10411453973,1,"IOTHUB_CLIENT_CONFIRMATION_OK"
23424,10411454006,10411454185,1,"IOTHUB_CLIENT_CONFIRMATION_OK"
23425,10411454207,10411454265,1,"IOTHUB_CLIENT_CONFIRMATION_OK"
23426,10411454407,10411454466,1,"IOTHUB_CLIENT_CONFIRMATION_OK"
23427,10411454607,10411454892,1,"IOTHUB_CLIENT_CONFIRMATION_OK"
23428,10411454807,10411454968,1,"IOTHUB_CLIENT_CONFIRMATION_OK"
23429,10411455007,10411455046,1,"IOTHUB_CLIENT_CONFIRMATION_OK"
23430,10411455207,10411455282,1,"IOTHUB_CLIENT_CONFIRMATION_OK"
23431,10411455407,10411455451,1,"IOTHUB_CLIENT_CONFIRMATION_OK"
23432,10411455608,10411455818,1,"IOTHUB_CLIENT_CONFIRMATION_OK"
23433,10411455808,10411455865,1,"IOTHUB_CLIENT_CONFIRMATION_OK"
23434,10411456008,10411456121,1,"IOTHUB_CLIENT_CONFIRMATION_OK"
23435,10411456208,10411456267,1,"IOTHUB_CLIENT_CONFIRMATION_OK"
23436,10411456408,10411456448,1,"IOTHUB_CLIENT_CONFIRMATION_OK"
23437,10411456608,10411456651,1,"IOTHUB_CLIENT_CONFIRMATION_OK"
23438,10411456809,10411456847,1,"IOTHUB_CLIENT_CONFIRMATION_OK"
23439,10411457009,10411457048,1,"IOTHUB_CLIENT_CONFIRMATION_OK"
23440,10411457209,10411457252,1,"IOTHUB_CLIENT_CONFIRMATION_OK"
23441,10411457409,10411457453,1,"IOTHUB_CLIENT_CONFIRMATION_OK"
23442,10411457609,10411457650,1,"IOTHUB_CLIENT_CONFIRMATION_OK"
23443,10411457809,10411458077,1,"IOTHUB_CLIENT_CONFIRMATION_OK"
23444,10411458010,10411458111,1,"IOTHUB_CLIENT_CONFIRMATION_OK"
23445,10411458210,10411458257,1,"IOTHUB_CLIENT_CONFIRMATION_OK"
23446,10411458410,10411458503,1,"IOTHUB_CLIENT_CONFIRMATION_OK"
23447,10411458610,10411458672,1,"IOTHUB_CLIENT_CONFIRMATION_OK"
23448,10411458810,10411458849,1,"IOTHUB_CLIENT_CONFIRMATION_OK"
23449,10411459010,10411459176,1,"IOTHUB_CLIENT_CONFIRMATION_OK"
23450,10411459210,10411459254,1,"IOTHUB_CLIENT_CONFIRMATION_OK"
23451,10411459411,10411459449,1,"IOTHUB_CLIENT_CONFIRMATION_OK"
23452,10411459611,10411459734,1,"IOTHUB_CLIENT_CONFIRMATION_OK"
23453,10411459811,10411459859,1,"IOTHUB_CLIENT_CONFIRMATION_OK"
23454,10411460011,10411460065,1,"IOTHUB_CLIENT_CONFIRMATION_OK"
23455,10411460211,10411460250,1,"IOTHUB_CLIENT_CONFIRMATION_OK"
23456,10411460411,10411460471,1,"IOTHUB_CLIENT_CONFIRMATION_OK"
23457,10411460611,10411460743,1,"IOTHUB_CLIENT_CONFIRMATION_OK"
23458,10411460812,10411460852,1,"IOTHUB_CLIENT_CONFIRMATION_OK"
23459,10411461012,10411461062,1,"IOTHUB_CLIENT_CONFIRMATION_OK"
23460,10411461212,10411461359,1,"IOTHUB_CLIENT_CONFIRMATION_OK"
23461,10411461412,10411461467,1,"IOTHUB_CLIENT_CONFIRMATION_OK"
23462,10411461612,10411461676,1,"IOTHUB_CLIENT_CONFIRMATION_OK"
23463,10411461812,10411461856,1,"IOTHUB_CLIENT_CONFIRMATION_OK"
23464,10411462012,10411462053,1,"IOTHUB_CLIENT_CONFIRMATION_OK"
23465,10411462213,10411462316,1,"IOTHUB_CLIENT_CONFIRMATION_OK"
23466,10411462413,10411462453,1,"IOTHUB_CLIENT_CONFIRMATION_OK"
23467,10411462613,10411462670,1,"IOTHUB_CLIENT_CONFIRMATION_OK"
23468,10411462813,10411463049,1,"IOTHUB_CLIENT_CONFIRMATION_OK"
23469,10411463013,10411463073,1,"IOTHUB_CLIENT_CONFIRMATION_OK"
23470,10411463213,10411463269,1,"IOTHUB_CLIENT_CONFIRMATION_OK"
23471,10411463413,10411463481,1,"IOTHUB_CLIENT_CONFIRMATION_OK"
23472,10411463614,10411463656,1,"IOTHUB_CLIENT_CONFIRMATION_OK"
23473,10411463814,10411463868,1,"IOTHUB_CLIENT_CONFIRMATION_OK"
23474,10411464014,10411464085,1,"IOTHUB_CLIENT_CONFIRMATION_OK"
23475,10411464214,10411464269,1,"IOTHUB_CLIENT_CONFIRMATION_OK"
23476,10411464414,10411464452,1,"IOTHUB_CLIENT_CONFIRMATION_OK"
23477,10411464614,10411464718,1,"IOTHUB_CLIENT_CONFIRMATION_OK"
23478,10411464814,10411464862,1,"IOTHUB_CLIENT_CONFIRMATION_OK"
23479,10411465015,10411465089,1,"IOTHUB_CLIENT_CONFIRMATION_OK"
23480,10411465215,10411465270,1,"IOTHUB_CLIENT_CONFIRMATION_OK"
23481,10411465415,10411465455,1,"IOTHUB_CLIENT_CONFIRMATION_OK"
23482,10411465615,10411465767,1,"IOTHUB_CLIENT_CONFIRMATION_OK"
23483,10411465815,10411465873,1,"IOTHUB_CLIENT_CONFIRMATION_OK"
23484,10411466015,10411466074,1,"IOTHUB_CLIENT_CONFIRMATION_OK"
23485,10411466216,10411466315,1,"IOTHUB_CLIENT_CONFIRMATION_OK"
23486,10411466416,10411466468,1,"IOTHUB_CLIENT_CONFIRMATION_OK"
23487,10411466616,10411466700,1,"IOTHUB_CLIENT_CONFIRMATION_OK"
23488,10411466816,10411466871,1,"IOTHUB_CLIENT_CONFIRMATION_OK"
23489,10411467016,10411467076,1,"IOTHUB_CLIENT_CONFIRMATION_OK"
23490,10411467216,10411467324,1,"IOTHUB_CLIENT_CONFIRMATION_OK"
23491,10411467416,10411467467,1,"IOTHUB_CLIENT_CONFIRMATION_OK"
23492,10411467617,10411467656,1,"IOTHUB_CLIENT_CONFIRMATION_OK"
23493,10411467817,10411467953,1,"IOTHUB_CLIENT_CONFIRMATION_OK"
23494,10411468017,10411468069,1,"IOTHUB_CLIENT_CONFIRMATION_OK"
23495,10411468217,10411468263,1,"IOTHUB_CLIENT_CONFIRMATION_OK"
23496,10411468417,10411468573,1,"IOTHUB_CLIENT_CONFIRMATION_OK"
23497,10411468617,10411468655,1,"IOTHUB_CLIENT_CONFIRMATION_OK"
23498,10411468818,10411468857,1,"IOTHUB_CLIENT_CONFIRMATION_OK"
23499,10411469018,10411469080,1,"IOTHUB_CLIENT_CONFIRMATION_OK"
23500,10411469218,10411469257,1,"IOTHUB_CLIENT_CONFIRMATION_OK"
23501,10411469418,10411469480,1,"IOTHUB_CLIENT_CONFIRMATION_OK"
23502,10411469618,10411469662,1,"IOTHUB_CLIENT_CONFIRMATION_OK"
23503,10411469818,10411469859,1,"IOTHUB_CLIENT_CONFIRMATION_OK"
23504,10411470018,10411470058,1,"IOTHUB_CLIENT_CONFIRMATION_OK"
23505,10411470219,10411470268,1,"IOTHUB_CLIENT_CONFIRMATION_OK"
23506,10411470419,10411470466,1,"IOTHUB_CLIENT_CONFIRMATION_OK"
23507,10411470619,10411470803,1,"IOTHUB_CLIENT_CONFIRMATION_OK"
23508,10411470819,10411470887,1,"IOTHUB_CLIENT_CONFIRMATION_OK"
23509,10411471019,10411471084,1,"IOTHUB_CLIENT_CONFIRMATION_OK"
23510,10411471219,10411471299,1,"IOTHUB_CLIENT_CONFIRMATION_OK"
23511,10411471420,10411471488,1,"IOTHUB_CLIENT_CONFIRMATION_OK"
23512,10411471620,10411471672,1,"IOTHUB_CLIENT_CONFIRMATION_OK"
23513,10411471820,10411471877,1,"IOTHUB_CLIENT_CONFIRMATION_OK"
23514,10411472020,10411472076,1,"IOTHUB_CLIENT_CONFIRMATION_OK"
23515,10411472220,10411472302,1,"IOTHUB_CLIENT_CONFIRMATION_OK"
23516,10411472420,10411472468,1,"IOTHUB_CLIENT_CONFIRMATION_OK"
23517,10411472620,10411472789,1,"IOTHUB_CLIENT_CONFIRMATION_OK"
23518,10411472821,10411473055,1,"IOTHUB_CLIENT_CONFIRMATION_OK"
23519,10411473021,10411473079,1,"IOTHUB_CLIENT_CONFIRMATION_OK"
23520,10411473221,10411473272,1,"IOTHUB_CLIENT_CONFIRMATION_OK"
23521,10411473421,10411473470,1,"IOTHUB_CLIENT_CONFIRMATION_OK"
23522,10411473621,10411473667,1,"IOTHUB_CLIENT_CONFIRMATION_OK"
23523,10411473821,10411473881,1,"IOTHUB_CLIENT_CONFIRMATION_OK"
23524,10411474022,10411474085,1,"IOTHUB_CLIENT_CONFIRMATION_OK"
23525,10411474222,10411474262,1,"IOTHUB_CLIENT_CONFIRMATION_OK"
23526,10411474422,10411474464,1,"IOTHUB_CLIENT_CONFIRMATION_OK"
23527,10411474622,10411474708,1,"IOTHUB_CLIENT_CONFIRMATION_OK"
23528,10411474822,10411474873,1,"IOTHUB_CLIENT_CONFIRMATION_OK"
23529,10411475022,10411475071,1,"IOTHUB_CLIENT_CONFIRMATION_OK"
23530,10411475222,10411475279,1,"IOTHUB_CLIENT_CONFIRMATION_OK"
23531,10411475423,10411475472,1,"IOTHUB_CLIENT_CONFIRMATION_OK"
23532,10411475623,10411475708,1,"IOTHUB_CLIENT_CONFIRMATION_OK"
23533,10411475823,10411475871,1,"IOTHUB_CLIENT_CONFIRMATION_OK"
23534,10411476023,10411476088,1,"IOTHUB_CLIENT_CONFIRMATION_OK"
23535,10411476223,10411476332,1,"IOTHUB_CLIENT_CONFIRMATION_OK"
23536,10411476423,10411476472,1,"IOTHUB_CLIENT_CONFIRMATION_OK"
23537,10411476624,10411476669,1,"IOTHUB_CLIENT_CONFIRMATION_OK"
23538,10411476824,10411476947,1,"IOTHUB_CLIENT_CONFIRMATION_OK"
23539,10411477024,10411477068,1,"IOTHUB_CLIENT_CONFIRMATION_OK"
23540,10411477224,10411477266,1,"IOTHUB_CLIENT_CONFIRMATION_OK"
23541,10411477424,10411477486,1,"IOTHUB_CLIENT_CONFIRMATION_OK"
23542,10411477624,10411477675,1,"IOTHUB_CLIENT_CONFIRMATION_OK"
23543,10411477824,10411477985,1,"IOTHUB_CLIENT_CONFIRMATION_OK"
23544,10411478025,10411478070,1,"IOTHUB_CLIENT_CONFIRMATION_OK"
23545,10411478225,10411478271,1,"IOTHUB_CLIENT_CONFIRMATION_OK"
23546,10411478425,10411478537,1,"IOTHUB_CLIENT_CONFIRMATION_OK"
23547,10411478625,10411478667,1,"IOTHUB_CLIENT_CONFIRMATION_OK"
23548,10411478825,10411478866,1,"IOTHUB_CLIENT_CONFIRMATION_OK"
23549,10411479025,10411479079,1,"IOTHUB_CLIENT_CONFIRMATION_OK"
23550,10411479226,10411479280,1,"IOTHUB_CLIENT_CONFIRMATION_OK"
23551,10411479426,10411479478,1,"IOTHUB_CLIENT_CONFIRMATION_OK"
23552,10411479626,10411479809,1,"IOTHUB_CLIENT_CONFIRMATION_OK"
23553,10411479826,10411479903,1,"IOTHUB_CLIENT_CONFIRMATION_OK"
23554,10411480026,10411480075,1,"IOTHUB_CLIENT_CONFIRMATION_OK"
23555,10411480226,10411480288,1,"IOTHUB_CLIENT_CONFIRMATION_OK"
23556,10411480426,10411480487,1,"IOTHUB_CLIENT_CONFIRMATION_OK"
23557,10411480627,10411480813,1,"IOTHUB_CLIENT_CONFIRMATION_OK"
23558,10411480827,10411480902,1,"IOTHUB_CLIENT_CONFIRMATION_OK"
23559,10411481027,10411481070,1,"IOTHUB_CLIENT_CONFIRMATION_OK"
23560,10411481227,10411481434,1,"IOTHUB_CLIENT_CONFIRMATION_OK"
23561,10411481427,10411481493,1,"IOTHUB_CLIENT_CONFIRMATION_OK"
23562,10411481627,10411481689,1,"IOTHUB_CLIENT_CONFIRMATION_OK"
23563,10411481827,10411481875,1,"IOTHUB_CLIENT_CONFIRMATION_OK"
23564,10411482028,10411482072,1,"IOTHUB_CLIENT_CONFIRMATION_OK"
23565,10411482228,10411482281,1,"IOTHUB_CLIENT_CONFIRMATION_OK"
23566,10411482428,10411482493,1,"IOTHUB_CLIENT_CONFIRMATION_OK"
23567,10411482628,10411482675,1,"IOTHUB_CLIENT_CONFIRMATION_OK"
23568,10411482828,10411482878,1,"IOTHUB_CLIENT_CONFIRMATION_OK"
23569,10411483028,10411483106,1,"IOTHUB_CLIENT_CONFIRMATION_OK"
23570,10411483229,10411483276,1,"IOTHUB_CLIENT_CONFIRMATION_OK"
23571,10411483429,10411483490,1,"IOTHUB_CLIENT_CONFIRMATION_OK"
23572,10411483629,10411483666,1,"IOTHUB_CLIENT_CONFIRMATION_OK"
23573,10411483829,10411483874,1,"IOTHUB_CLIENT_CONFIRMATION_OK"
23574,10411484029,10411484112,1,"IOTHUB_CLIENT_CONFIRMATION_OK"
23575,10411484229,10411484270,1,"IOTHUB_CLIENT_CONFIRMATION_OK"
23576,10411484429,10411484473,1,"IOTHUB_CLIENT_CONFIRMATION_OK"
23577,10411484630,10411484735,1,"IOTHUB_CLIENT_CONFIRMATION_OK"
23578,10411484830,10411484887,1,"IOTHUB_CLIENT_CONFIRMATION_OK"
23579,10411485030,10411485080,1,"IOTHUB_CLIENT_CONFIRMATION_OK"
23580,10411485230,10411485315,1,"IOTHUB_CLIENT_CONFIRMATION_OK"
23581,10411485430,10411485488,1,"IOTHUB_CLIENT_CONFIRMATION_OK"
23582,10411485630,10411485752,1,"IOTHUB_CLIENT_CONFIRMATION_OK"
23583,10411485831,10411485885,1,"IOTHUB_CLIENT_CONFIRMATION_OK"
23584,10411486031,10411486083,1,"IOTHUB_CLIENT_CONFIRMATION_OK"
23585,10411486231,10411486360,1,"IOTHUB_CLIENT_CONFIRMATION_OK"
23586,10411486431,10411486471,1,"IOTHUB_CLIENT_CONFIRMATION_OK"
23587,10411486631,10411486666,1,"IOTHUB_CLIENT_CONFIRMATION_OK"
23588,10411486831,10411486871,1,"IOTHUB_CLIENT_CONFIRMATION_OK"
23589,10411487031,10411487083,1,"IOTHUB_CLIENT_CONFIRMATION_OK"
23590,10411487232,10411487286,1,"IOTHUB_CLIENT_CONFIRMATION_OK"
23591,10411487432,10411487501,1,"IOTHUB_CLIENT_CONFIRMATION_OK"
23592,10411487632,10411487676,1,"IOTHUB_CLIENT_CONFIRMATION_OK"
23593,10411487832,10411488035,1,"IOTHUB_CLIENT_CONFIRMATION_OK"
23594,10411488032,10411488079,1,"IOTHUB_CLIENT_CONFIRMATION_OK"
23595,10411488232,10411488280,1,"IOTHUB_CLIENT_CONFIRMATION_OK"
23596,10411488432,10411488471,1,"IOTHUB_CLIENT_CONFIRMATION_OK"
23597,10411488633,10411488696,1,"IOTHUB_CLIENT_CONFIRMATION_OK"
23598,10411488833,10411488876,1,"IOTHUB_CLIENT_CONFIRMATION_OK"
23599,10411489033,10411489099,1,"IOTHUB_CLIENT_CONFIRMATION_OK"
23600,10411489233,10411489274,1,"IOTHUB_CLIENT_CONFIRMATION_OK"
23601,10411489433,10411489481,1,"IOTHUB_CLIENT_CONFIRMATION_OK"
23602,10411489633,10411489677,1,"IOTHUB_CLIENT_CONFIRMATION_OK"
23603,10411489834,10411489878,1,"IOTHUB_CLIENT_CONFIRMATION_OK"
23604,10411490034,10411490124,1,"IOTHUB_CLIENT_CONFIRMATION_OK"
23605,10411490234,10411490297,1,"IOTHUB_CLIENT_CONFIRMATION_OK"
23606,10411490434,10411490480,1,"IOTHUB_CLIENT_CONFIRMATION_OK"
23607,10411490634,10411490701,1,"IOTHUB_CLIENT_CONFIRMATION_OK"
23608,10411490834,10411490876,1,"IOTHUB_CLIENT_CONFIRMATION_OK"
23609,10411491035,10411491085,1,"IOTHUB_CLIENT_CONFIRMATION_OK"
23610,10411491235,10411491339,1,"IOTHUB_CLIENT_CONFIRMATION_OK"
23611,10411491435,10411491513,1,"IOTHUB_CLIENT_CONFIRMATION_OK"
23612,10411491635,10411491694,1,"IOTHUB_CLIENT_CONFIRMATION_OK"
23613,10411491835,10411491881,1,"IOTHUB_CLIENT_CONFIRMATION_OK"
23614,10411492035,10411492082,1,"IOTHUB_CLIENT_CONFIRMATION_OK"
23615,10411492236,10411492280,1,"IOTHUB_CLIENT_CONFIRMATION_OK"
23616,10411492436,10411492514,1,"IOTHUB_CLIENT_CONFIRMATION_OK"
23617,10411492636,10411492719,1,"IOTHUB_CLIENT_CONFIRMATION_OK"
23618,10411492836,10411492938,1,"IOTHUB_CLIENT_CONFIRMATION_OK"
23619,10411493036,10411493242,1,"IOTHUB_CLIENT_CONFIRMATION_OK"
23620,10411493236,10411493281,1,"IOTHUB_CLIENT_CONFIRMATION_OK"
23621,10411493436,10411493502,1,"IOTHUB_CLIENT_CONFIRMATION_OK"
23622,10411493637,10411493691,1,"IOTHUB_CLIENT_CONFIRMATION_OK"
23623,10411493837,10411493883,1,"IOTHUB_CLIENT_CONFIRMATION_OK"
23624,10411494037,10411494233,1,"IOTHUB_CLIENT_CONFIRMATION_OK"
23625,10411494237,10411494308,1,"IOTHUB_CLIENT_CONFIRMATION_OK"
23626,10411494437,10411494474,1,"IOTHUB_CLIENT_CONFIRMATION_OK"
23627,10411494637,10411494800,1,"IOTHUB_CLIENT_CONFIRMATION_OK"
23628,10411494838,10411494890,1,"IOTHUB_CLIENT_CONFIRMATION_OK"
23629,10411495038,10411495142,1,"IOTHUB_CLIENT_CONFIRMATION_OK"
23630,10411495238,10411495282,1,"IOTHUB_CLIENT_CONFIRMATION_OK"
23631,10411495438,10411495499,1,"IOTHUB_CLIENT_CONFIRMATION_OK"
23632,10411495638,10411495688,1,"IOTHUB_CLIENT_CONFIRMATION_OK"
23633,10411495838,10411495889,1,"IOTHUB_CLIENT_CONFIRMATION_OK"
23634,10411496038,10411496091,1,"IOTHUB_CLIENT_CONFIRMATION_OK"
23635,10411496239,10411496316,1,"IOTHUB_CLIENT_CONFIRMATION_OK"
23636,10411496439,10411496491,1,"IOTHUB_CLIENT_CONFIRMATION_OK"
23637,10411496639,10411496683,1,"IOTHUB_CLIENT_CONFIRMATION_OK"
23638,10411496839,10411496966,1,"IOTHUB_CLIENT_CONFIRMATION_OK"
23639,10411497039,10411497088,1,"IOTHUB_CLIENT_CONFIRMATION_OK"
23640,10411497239,10411497287,1,"IOTHUB_CLIENT_CONFIRMATION_OK"
23641,10411497439,10411497478,1,"IOTHUB_CLIENT_CONFIRMATION_OK"
23642,10411497640,10411497692,1,"IOTHUB_CLIENT_CONFIRMATION_OK"
23643,10411497840,10411497958,1,"IOTHUB_CLIENT_CONFIRMATION_OK"
23644,10411498040,10411498107,1,"IOTHUB_CLIENT_CONFIRMATION_OK"
23645,10411498240,10411498296,1,"IOTHUB_CLIENT_CONFIRMATION_OK"
23646,10411498440,10411498652,1,"IOTHUB_CLIENT_CONFIRMATION_OK"
23647,10411498640,10411498715,1,"IOTHUB_CLIENT_CONFIRMATION_OK"
23648,10411498841,10411498894,1,"IOTHUB_CLIENT_CONFIRMATION_OK"
23649,10411499041,10411499102,1,"IOTHUB_CLIENT_CONFIRMATION_OK"
23650,10411499241,10411499292,1,"IOTHUB_CLIENT_CONFIRMATION_OK"
23651,10411499441,10411499476,1,"IOTHUB_CLIENT_CONFIRMATION_OK"
23652,10411499641,10411499686,1,"IOTHUB_CLIENT_CONFIRMATION_OK"
23653,10411499841,10411499880,1,"IOTHUB_CLIENT_CONFIRMATION_OK"
23654,10411500041,10411500095,1,"IOTHUB_CLIENT_CONFIRMATION_OK"
23655,10411500242,10411500286,1,"IOTHUB_CLIENT_CONFIRMATION_OK"
23656,10411500442,10411500486,1,"IOTHUB_CLIENT_CONFIRMATION_OK"
23657,10411500642,10411500724,1,"IOTHUB_CLIENT_CONFIRMATION_OK"
23658,10411500842,10411500889,1,"IOTHUB_CLIENT_CONFIRMATION_OK"
23659,10411501042,10411501103,1,"IOTHUB_CLIENT_CONFIRMATION_OK"
23660,10411501242,10411501306,1,"IOTHUB_CLIENT_CONFIRMATION_OK"
23661,10411501443,10411501518,1,"IOTHUB_CLIENT_CONFIRMATION_OK"
23662,10411501643,10411501699,1,"IOTHUB_CLIENT_CONFIRMATION_OK"
23663,10411501843,10411501932,1,"IOTHUB_CLIENT_CONFIRMATION_OK"
23664,10411502043,10411502095,1,"IOTHUB_CLIENT_CONFIRMATION_OK"
23665,10411502243,10411502307,1,"IOTHUB_CLIENT_CONFIRMATION_OK"
23666,10411502443,10411502493,1,"IOTHUB_CLIENT_CONFIRMATION_OK"
23667,10411502644,10411502675,1,"IOTHUB_CLIENT_CONFIRMATION_OK"
23668,10411502844,10411502912,1,"IOTHUB_CLIENT_CONFIRMATION_OK"
23669,10411503044,10411503084,1,"IOTHUB_CLIENT_CONFIRMATION_OK"
23670,10411503244,10411503371,1,"IOTHUB_CLIENT_CONFIRMATION_OK"
23671,10411503444,10411503614,1,"IOTHUB_CLIENT_CONFIRMATION_OK"
23672,10411503644,10411503684,1,"IOTHUB_CLIENT_CONFIRMATION_OK"
23673,10411503844,10411503893,1,"IOTHUB_CLIENT_CONFIRMATION_OK"
23674,10411504045,10411504091,1,"IOTHUB_CLIENT_CONFIRMATION_OK"
23675,10411504245,10411504293,1,"IOTHUB_CLIENT_CONFIRMATION_OK"
23676,10411504445,10411504487,1,"IOTHUB_CLIENT_CONFIRMATION_OK"
23677,10411504645,10411504686,1,"IOTHUB_CLIENT_CONFIRMATION_OK"
23678,10411504845,10411504899,1,"IOTHUB_CLIENT_CONFIRMATION_OK"
23679,10411505045,10411505089,1,"IOTHUB_CLIENT_CONFIRMATION_OK"
23680,10411505245,10411505292,1,"IOTHUB_CLIENT_CONFIRMATION_OK"
23681,10411505446,10411505494,1,"IOTHUB_CLIENT_CONFIRMATION_OK"
23682,10411505646,10411505889,1,"IOTHUB_CLIENT_CONFIRMATION_OK"
23683,10411505846,10411505952,1,"IOTHUB_CLIENT_CONFIRMATION_OK"
23684,10411506046,10411506104,1,"IOTHUB_CLIENT_CONFIRMATION_OK"
23685,10411506246,10411506331,1,"IOTHUB_CLIENT_CONFIRMATION_OK"
23686,10411506446,10411506492,1,"IOTHUB_CLIENT_CONFIRMATION_OK"
23687,10411506647,10411506694,1,"IOTHUB_CLIENT_CONFIRMATION_OK"
23688,10411506847,10411506893,1,"IOTHUB_CLIENT_CONFIRMATION_OK"
23689,10411507047,10411507092,1,"IOTHUB_CLIENT_CONFIRMATION_OK"
23690,10411507247,10411507310,1,"IOTHUB_CLIENT_CONFIRMATION_OK"
23691,10411507447,10411507497,1,"IOTHUB_CLIENT_CONFIRMATION_OK"
23692,10411507647,10411507714,1,"IOTHUB_CLIENT_CONFIRMATION_OK"
23693,10411507847,10411507893,1,"IOTHUB_CLIENT_CONFIRMATION_OK"
23694,10411508048,10411508110,1,"IOTHUB_CLIENT_CONFIRMATION_OK"
23695,10411508248,10411508315,1,"IOTHUB_CLIENT_CONFIRMATION_OK"
23696,10411508448,10411508501,1,"IOTHUB_CLIENT_CONFIRMATION_OK"
23697,10411508648,10411508712,1,"IOTHUB_CLIENT_CONFIRMATION_OK"
23698,10411508848,10411508889,1,"IOTHUB_CLIENT_CONFIRMATION_OK"
23699,10411509048,10411509133,1,"IOTHUB_CLIENT_CONFIRMATION_OK"
23700,10411509248,10411509295,1,"IOTHUB_CLIENT_CONFIRMATION_OK"
23701,10411509449,10411509500,1,"IOTHUB_CLIENT_CONFIRMATION_OK"
23702,10411509649,10411509755,1,"IOTHUB_CLIENT_CONFIRMATION_OK"
23703,10411509849,10411509890,1,"IOTHUB_CLIENT_CONFIRMATION_OK"
23704,10411510049,10411510099,1,"IOTHUB_CLIENT_CONFIRMATION_OK"
23705,10411510249,10411510295,1,"IOTHUB_CLIENT_CONFIRMATION_OK"
23706,10411510449,10411510509,1,"IOTHUB_CLIENT_CONFIRMATION_OK"
23707,10411510650,10411510758,1,"IOTHUB_CLIENT_CONFIRMATION_OK"
23708,10411510850,10411510899,1,"IOTHUB_CLIENT_CONFIRMATION_OK"
23709,10411511050,10411511100,1,"IOTHUB_CLIENT_CONFIRMATION_OK"
23710,10411511250,10411511369,1,"IOTHUB_CLIENT_CONFIRMATION_OK"
23711,10411511450,10411511492,1,"IOTHUB_CLIENT_CONFIRMATION_OK"
23712,10411511650,10411511726,1,"IOTHUB_CLIENT_CONFIRMATION_OK"
23713,10411511851,10411511953,1,"IOTHUB_CLIENT_CONFIRMATION_OK"
23714,10411512051,10411512095,1,"IOTHUB_CLIENT_CONFIRMATION_OK"
23715,10411512251,10411512286,1,"IOTHUB_CLIENT_CONFIRMATION_OK"
23716,10411512451,10411512489,1,"IOTHUB_CLIENT_CONFIRMATION_OK"
23717,10411512651,10411512692,1,"IOTHUB_CLIENT_CONFIRMATION_OK"
23718,10411512851,10411513016,1,"IOTHUB_CLIENT_CONFIRMATION_OK"
23719,10411513051,10411513102,1,"IOTHUB_CLIENT_CONFIRMATION_OK"
23720,10411513252,10411513303,1,"IOTHUB_CLIENT_CONFIRMATION_OK"
23721,10411513452,10411513519,1,"IOTHUB_CLIENT_CONFIRMATION_OK"
23722,10411513652,10411513715,1,"IOTHUB_CLIENT_CONFIRMATION_OK"
23723,10411513852,10411513892,1,"IOTHUB_CLIENT_CONFIRMATION_OK"
23724,10411514052,10411514090,1,"IOTHUB_CLIENT_CONFIRMATION_OK"
23725,10411514252,10411514298,1,"IOTHUB_CLIENT_CONFIRMATION_OK"
23726,10411514453,10411514633,1,"IOTHUB_CLIENT_CONFIRMATION_OK"
23727,10411514653,10411514726,1,"IOTHUB_CLIENT_CONFIRMATION_OK"
23728,10411514853,10411514927,1,"IOTHUB_CLIENT_CONFIRMATION_OK"
23729,10411515053,10411515118,1,"IOTHUB_CLIENT_CONFIRMATION_OK"
23730,10411515253,10411515311,1,"IOTHUB_CLIENT_CONFIRMATION_OK"
23731,10411515453,10411515500,1,"IOTHUB_CLIENT_CONFIRMATION_OK"
23732,10411515653,10411515733,1,"IOTHUB_CLIENT_CONFIRMATION_OK"
23733,10411515854,10411515891,1,"IOTHUB_CLIENT_CONFIRMATION_OK"
23734,10411516054,10411516102,1,"IOTHUB_CLIENT_CONFIRMATION_OK"
23735,10411516254,10411516340,1,"IOTHUB_CLIENT_CONFIRMATION_OK"
23736,10411516454,10411516508,1,"IOTHUB_CLIENT_CONFIRMATION_OK"
23737,10411516654,10411516693,1,"IOTHUB_CLIENT_CONFIRMATION_OK"
23738,10411516854,10411516983,1,"IOTHUB_CLIENT_CONFIRMATION_OK"
23739,10411517055,10411517097,1,"IOTHUB_CLIENT_CONFIRMATION_OK"
23740,10411517255,10411517318,1,"IOTHUB_CLIENT_CONFIRMATION_OK"
23741,10411517455,10411517500,1,"IOTHUB_CLIENT_CONFIRMATION_OK"
23742,10411517655,10411517701,1,"IOTHUB_CLIENT_CONFIRMATION_OK"
23743,10411517855,10411518023,1,"IOTHUB_CLIENT_CONFIRMATION_OK"
23744,10411518055,10411518102,1,"IOTHUB_CLIENT_CONFIRMATION_OK"
23745,10411518255,10411518311,1,"IOTHUB_CLIENT_CONFIRMATION_OK"
23746,10411518456,10411518518,1,"IOTHUB_CLIENT_CONFIRMATION_OK"
23747,10411518656,10411518715,1,"IOTHUB_CLIENT_CONFIRMATION_OK"
23748,10411518856,10411518905,1,"IOTHUB_CLIENT_CONFIRMATION_OK"
23749,10411519056,10411519118,1,"IOTHUB_CLIENT_CONFIRMATION_OK"
23750,10411519256,10411519314,1,"IOTHUB_CLIENT_CONFIRMATION_OK"
23751,10411519456,10411519519,1,"IOTHUB_CLIENT_CONFIRMATION_OK"
23752,10411519656,10411519738,1,"IOTHUB_CLIENT_CONFIRMATION_OK"
23753,10411519857,10411519900,1,"IOTHUB_CLIENT_CONFIRMATION_OK"
23754,10411520057,10411520097,1,"IOTHUB_CLIENT_CONFIRMATION_OK"
23755,10411520257,10411520307,1,"IOTHUB_CLIENT_CONFIRMATION_OK"
23756,10411520457,10411520504,1,"IOTHUB_CLIENT_CONFIRMATION_OK"
23757,10411520657,10411520712,1,"IOTHUB_CLIENT_CONFIRMATION_OK"
23758,10411520857,10411520910,1,"IOTHUB_CLIENT_CONFIRMATION_OK"
23759,10411521057,10411521113,1,"IOTHUB_CLIENT_CONFIRMATION_OK"
23760,10411521258,10411521314,1,"IOTHUB_CLIENT_CONFIRMATION_OK"
23761,10411521458,10411521528,1,"IOTHUB_CLIENT_CONFIRMATION_OK"
23762,10411521658,10411521711,1,"IOTHUB_CLIENT_CONFIRMATION_OK"
23763,10411521858,10411521911,1,"IOTHUB_CLIENT_CONFIRMATION_OK"
23764,10411522058,10411522129,1,"IOTHUB_CLIENT_CONFIRMATION_OK"
23765,10411522258,10411522309,1,"IOTHUB_CLIENT_CONFIRMATION_OK"
23766,10411522458,10411522534,1,"IOTHUB_CLIENT_CONFIRMATION_OK"
23767,10411522659,10411522706,1,"IOTHUB_CLIENT_CONFIRMATION_OK"
23768,10411522859,10411522929,1,"IOTHUB_CLIENT_CONFIRMATION_OK"
23769,10411523059,10411523152,1,"IOTHUB_CLIENT_CONFIRMATION_OK"
23770,10411523259,10411523301,1,"IOTHUB_CLIENT_CONFIRMATION_OK"
23771,10411523459,10411523558,1,"IOTHUB_CLIENT_CONFIRMATION_OK"
23772,10411523659,10411523697,1,"IOTHUB_CLIENT_CONFIRMATION_OK"
23773,10411523860,10411523931,1,"IOTHUB_CLIENT_CONFIRMATION_OK"
23774,10411524060,10411524169,1,"IOTHUB_CLIENT_CONFIRMATION_OK"
23775,10411524260,10411524314,1,"IOTHUB_CLIENT_CONFIRMATION_OK"
23776,10411524460,10411524506,1,"IOTHUB_CLIENT_CONFIRMATION_OK"
23777,10411524660,10411524701,1,"IOTHUB_CLIENT_CONFIRMATION_OK"
23778,10411524860,10411524927,1,"IOTHUB_CLIENT_CONFIRMATION_OK"
23779,10411525061,10411525098,1,"IOTHUB_CLIENT_CONFIRMATION_OK"
23780,10411525261,10411525306,1,"IOTHUB_CLIENT_CONFIRMATION_OK"
23781,10411525461,10411525507,1,"IOTHUB_CLIENT_CONFIRMATION_OK"
23782,10411525661,10411525794,1,"IOTHUB_CLIENT_CONFIRMATION_OK"
23783,10411525861,10411525912,1,"IOTHUB_CLIENT_CONFIRMATION_OK"
23784,10411526061,10411526108,1,"IOTHUB_CLIENT_CONFIRMATION_OK"
23785,10411526262,10411526396,1,"IOTHUB_CLIENT_CONFIRMATION_OK"
23786,10411526462,10411526517,1,"IOTHUB_CLIENT_CONFIRMATION_OK"
23787,10411526662,10411526705,1,"IOTHUB_CLIENT_CONFIRMATION_OK"
23788,10411526862,10411526993,1,"IOTHUB_CLIENT_CONFIRMATION_OK"
23789,10411527062,10411527116,1,"IOTHUB_CLIENT_CONFIRMATION_OK"
23790,10411527262,10411527302,1,"IOTHUB_CLIENT_CONFIRMATION_OK"
23791,10411527462,10411527509,1,"IOTHUB_CLIENT_CONFIRMATION_OK"
23792,10411527663,10411527711,1,"IOTHUB_CLIENT_CONFIRMATION_OK"
23793,10411527863,10411528019,1,"IOTHUB_CLIENT_CONFIRMATION_OK"
23794,10411528063,10411528108,1,"IOTHUB_CLIENT_CONFIRMATION_OK"
23795,10411528263,10411528305,1,"IOTHUB_CLIENT_CONFIRMATION_OK"
23796,10411528463,10411528647,1,"IOTHUB_CLIENT_CONFIRMATION_OK"
23797,10411528663,10411528708,1,"IOTHUB_CLIENT_CONFIRMATION_OK"
23798,10411528863,10411528914,1,"IOTHUB_CLIENT_CONFIRMATION_OK"
23799,10411529064,10411529107,1,"IOTHUB_CLIENT_CONFIRMATION_OK"
23800,10411529264,10411529367,1,"IOTHUB_CLIENT_CONFIRMATION_OK"
23801,10411529464,10411529537,1,"IOTHUB_CLIENT_CONFIRMATION_OK"
23802,10411529664,10411529752,1,"IOTHUB_CLIENT_CONFIRMATION_OK"
23803,10411529864,10411529919,1,"IOTHUB_CLIENT_CONFIRMATION_OK"
23804,10411530064,10411530123,1,"IOTHUB_CLIENT_CONFIRMATION_OK"
23805,10411530265,10411530321,1,"IOTHUB_CLIENT_CONFIRMATION_OK"
23806,10411530465,10411530498,1,"IOTHUB_CLIENT_CONFIRMATION_OK"
23807,10411530665,10411530765,1,"IOTHUB_CLIENT_CONFIRMATION_OK"
23808,10411530865,10411530926,1,"IOTHUB_CLIENT_CONFIRMATION_OK"
23809,10411531065,10411531295,1,"IOTHUB_CLIENT_CONFIRMATION_OK"
23810,10411531266,10411531401,1,"IOTHUB_CLIENT_CONFIRMATION_OK"
23811,10411531466,10411531533,1,"IOTHUB_CLIENT_CONFIRMATION_OK"
23812,10411531666,10411531715,1,"IOTHUB_CLIENT_CONFIRMATION_OK"
23813,10411531866,10411531916,1,"IOTHUB_CLIENT_CONFIRMATION_OK"
23814,10411532066,10411532104,1,"IOTHUB_CLIENT_CONFIRMATION_OK"
23815,10411532266,10411532306,1,"IOTHUB_CLIENT_CONFIRMATION_OK"
23816,10411532467,10411532524,1,"IOTHUB_CLIENT_CONFIRMATION_OK"
23817,10411532667,10411532743,1,"IOTHUB_CLIENT_CONFIRMATION_OK"
23818,10411532867,10411532997,1,"IOTHUB_CLIENT_CONFIRMATION_OK"
23819,10411533067,10411533128,1,"IOTHUB_CLIENT_CONFIRMATION_OK"
23820,10411533267,10411533342,1,"IOTHUB_CLIENT_CONFIRMATION_OK"
23821,10411533467,10411533617,1,"IOTHUB_CLIENT_CONFIRMATION_OK"
23822,10411533667,10411533729,1,"IOTHUB_CLIENT_CONFIRMATION_OK"
23823,10411533868,10411533921,1,"IOTHUB_CLIENT_CONFIRMATION_OK"
23824,10411534068,10411534137,1,"IOTHUB_CLIENT_CONFIRMATION_OK"
23825,10411534268,10411534329,1,"IOTHUB_CLIENT_CONFIRMATION_OK"
23826,10411534468,10411534521,1,"IOTHUB_CLIENT_CONFIRMATION_OK"
23827,10411534668,10411534716,1,"IOTHUB_CLIENT_CONFIRMATION_OK"
23828,10411534868,10411534909,1,"IOTHUB_CLIENT_CONFIRMATION_OK"
23829,10411535069,10411535113,1,"IOTHUB_CLIENT_CONFIRMATION_OK"
23830,10411535269,10411535312,1,"IOTHUB_CLIENT_CONFIRMATION_OK"
23831,10411535469,10411535513,1,"IOTHUB_CLIENT_CONFIRMATION_OK"
23832,10411535669,10411535716,1,"IOTHUB_CLIENT_CONFIRMATION_OK"
23833,10411535869,10411535919,1,"IOTHUB_CLIENT_CONFIRMATION_OK"
23834,10411536069,10411536121,1,"IOTHUB_CLIENT_CONFIRMATION_OK"
23835,10411536269,10411536308,1,"IOTHUB_CLIENT_CONFIRMATION_OK"
23836,10411536470,10411536525,1,"IOTHUB_CLIENT_CONFIRMATION_OK"
23837,10411536670,10411536712,1,"IOTHUB_CLIENT_CONFIRMATION_OK"
23838,10411536870,10411536916,1,"IOTHUB_CLIENT_CONFIRMATION_OK"
23839,10411537070,10411537102,1,"IOTHUB_CLIENT_CONFIRMATION_OK"
23840,10411537270,10411537334,1,"IOTHUB_CLIENT_CONFIRMATION_OK"
23841,10411537470,10411537534,1,"IOTHUB_CLIENT_CONFIRMATION_OK"
23842,10411537671,10411537722,1,"IOTHUB_CLIENT_CONFIRMATION_OK"
23843,10411537871,10411537919,1,"IOTHUB_CLIENT_CONFIRMATION_OK"
23844,10411538071,10411538124,1,"IOTHUB_CLIENT_CONFIRMATION_OK"
23845,10411538271,10411538313,1,"IOTHUB_CLIENT_CONFIRMATION_OK"
23846,10411538471,10411538536,1,"IOTHUB_CLIENT_CONFIRMATION_OK"
23847,10411538671,10411538716,1,"IOTHUB_CLIENT_CONFIRMATION_OK"
23848,10411538871,10411538938,1,"IOTHUB_CLIENT_CONFIRMATION_OK"
23849,10411539072,10411539147,1,"IOTHUB_CLIENT_CONFIRMATION_OK"
23850,10411539272,10411539313,1,"IOTHUB_CLIENT_CONFIRMATION_OK"
23851,10411539472,10411539520,1,"IOTHUB_CLIENT_CONFIRMATION_OK"
23852,10411539672,10411539819,1,"IOTHUB_CLIENT_CONFIRMATION_OK"
23853,10411539872,10411539911,1,"IOTHUB_CLIENT_CONFIRMATION_OK"
23854,10411540072,10411540128,1,"IOTHUB_CLIENT_CONFIRMATION_OK"
23855,10411540272,10411540324,1,"IOTHUB_CLIENT_CONFIRMATION_OK"
23856,10411540473,10411540516,1,"IOTHUB_CLIENT_CONFIRMATION_OK"
23857,10411540673,10411540782,1,"IOTHUB_CLIENT_CONFIRMATION_OK"
23858,10411540873,10411540928,1,"IOTHUB_CLIENT_CONFIRMATION_OK"
23859,10411541073,10411541119,1,"IOTHUB_CLIENT_CONFIRMATION_OK"
23860,10411541273,10411541387,1,"IOTHUB_CLIENT_CONFIRMATION_OK"
23861,10411541473,10411541545,1,"IOTHUB_CLIENT_CONFIRMATION_OK"
23862,10411541673,10411541736,1,"IOTHUB_CLIENT_CONFIRMATION_OK"
23863,10411541874,10411541934,1,"IOTHUB_CLIENT_CONFIRMATION_OK"
23864,10411542074,10411542120,1,"IOTHUB_CLIENT_CONFIRMATION_OK"
23865,10411542274,10411542327,1,"IOTHUB_CLIENT_CONFIRMATION_OK"
23866,10411542474,10411542566,1,"IOTHUB_CLIENT_CONFIRMATION_OK"
23867,10411542674,10411542759,1,"IOTHUB_CLIENT_CONFIRMATION_OK"
23868,10411542874,10411543025,1,"IOTHUB_CLIENT_CONFIRMATION_OK"
23869,10411543075,10411543153,1,"IOTHUB_CLIENT_CONFIRMATION_OK"
23870,10411543275,10411543320,1,"IOTHUB_CLIENT_CONFIRMATION_OK"
23871,10411543475,10411543629,1,"IOTHUB_CLIENT_CONFIRMATION_OK"
23872,10411543675,10411543731,1,"IOTHUB_CLIENT_CONFIRMATION_OK"
23873,10411543875,10411543931,1,"IOTHUB_CLIENT_CONFIRMATION_OK"
23874,10411544075,10411544122,1,"IOTHUB_CLIENT_CONFIRMATION_OK"
23875,10411544276,10411544311,1,"IOTHUB_CLIENT_CONFIRMATION_OK"
23876,10411544476,10411544512,1,"IOTHUB_CLIENT_CONFIRMATION_OK"
23877,10411544676,10411544732,1,"IOTHUB_CLIENT_CONFIRMATION_OK"
23878,10411544876,10411544951,1,"IOTHUB_CLIENT_CONFIRMATION_OK"
23879,10411545076,10411545136,1,"IOTHUB_CLIENT_CONFIRMATION_OK"
23880,10411545276,10411545415,1,"IOTHUB_CLIENT_CONFIRMATION_OK"
23881,10411545477,10411545536,1,"IOTHUB_CLIENT_CONFIRMATION_OK"
23882,10411545677,10411545763,1,"IOTHUB_CLIENT_CONFIRMATION_OK"
23883,10411545877,10411545942,1,"IOTHUB_CLIENT_CONFIRMATION_OK"
23884,10411546077,10411546126,1,"IOTHUB_CLIENT_CONFIRMATION_OK"
23885,10411546277,10411546470,1,"IOTHUB_CLIENT_CONFIRMATION_OK"
23886,10411546477,10411546521,1,"IOTHUB_CLIENT_CONFIRMATION_OK"
23887,10411546677,10411546727,1,"IOTHUB_CLIENT_CONFIRMATION_OK"
23888,10411546878,10411546909,1,"IOTHUB_CLIENT_CONFIRMATION_OK"
23889,10411547078,10411547119,1,"IOTHUB_CLIENT_CONFIRMATION_OK"
23890,10411547278,10411547325,1,"IOTHUB_CLIENT_CONFIRMATION_OK"
23891,10411547478,10411547520,1,"IOTHUB_CLIENT_CONFIRMATION_OK"
23892,10411547678,10411547755,1,"IOTHUB_CLIENT_CONFIRMATION_OK"
23893,10411547878,10411548043,1,"IOTHUB_CLIENT_CONFIRMATION_OK"
23894,10411548079,10411548140,1,"IOTHUB_CLIENT_CONFIRMATION_OK"
23895,10411548279,10411548315,1,"IOTHUB_CLIENT_CONFIRMATION_OK"
23896,10411548479,10411548547,1,"IOTHUB_CLIENT_CONFIRMATION_OK"
23897,10411548679,10411548716,1,"IOTHUB_CLIENT_CONFIRMATION_OK"
23898,10411548879,10411548919,1,"IOTHUB_CLIENT_CONFIRMATION_OK"
23899,10411549079,10411549118,1,"IOTHUB_CLIENT_CONFIRMATION_OK"
23900,10411549279,10411549338,1,"IOTHUB_CLIENT_CONFIRMATION_OK"
23901,10411549479,10411549531,1,"IOTHUB_CLIENT_CONFIRMATION_OK"
23902,10411549680,10411549731,1,"IOTHUB_CLIENT_CONFIRMATION_OK"
23903,10411549880,10411549927,1,"IOTHUB_CLIENT_CONFIRMATION_OK"
23904,10411550080,10411550127,1,"IOTHUB_CLIENT_CONFIRMATION_OK"
23905,10411550280,10411550334,1,"IOTHUB_CLIENT_CONFIRMATION_OK"
23906,10411550480,10411550523,1,"IOTHUB_CLIENT_CONFIRMATION_OK"
23907,10411550680,10411551030,1,"IOTHUB_CLIENT_CONFIRMATION_OK"
23908,10411550881,10411551059,1,"IOTHUB_CLIENT_CONFIRMATION_OK"
23909,10411551081,10411551134,1,"IOTHUB_CLIENT_CONFIRMATION_OK"
23910,10411551281,10411551411,1,"IOTHUB_CLIENT_CONFIRMATION_OK"
23911,10411551481,10411551520,1,"IOTHUB_CLIENT_CONFIRMATION_OK"
23912,10411551681,10411551759,1,"IOTHUB_CLIENT_CONFIRMATION_OK"
23913,10411551881,10411551930,1,"IOTHUB_CLIENT_CONFIRMATION_OK"
23914,10411552082,10411552118,1,"IOTHUB_CLIENT_CONFIRMATION_OK"
23915,10411552282,10411552324,1,"IOTHUB_CLIENT_CONFIRMATION_OK"
23916,10411552482,10411552522,1,"IOTHUB_CLIENT_CONFIRMATION_OK"
23917,10411552682,10411552722,1,"IOTHUB_CLIENT_CONFIRMATION_OK"
23918,10411552882,10411552998,1,"IOTHUB_CLIENT_CONFIRMATION_OK"
23919,10411553082,10411553132,1,"IOTHUB_CLIENT_CONFIRMATION_OK"
23920,10411553282,10411553345,1,"IOTHUB_CLIENT_CONFIRMATION_OK"
23921,10411553483,10411553646,1,"IOTHUB_CLIENT_CONFIRMATION_OK"
23922,10411553683,10411553723,1,"IOTHUB_CLIENT_CONFIRMATION_OK"
23923,10411553883,10411553935,1,"IOTHUB_CLIENT_CONFIRMATION_OK"
23924,10411554083,10411554158,1,"IOTHUB_CLIENT_CONFIRMATION_OK"
23925,10411554283,10411554349,1,"IOTHUB_CLIENT_CONFIRMATION_OK"
23926,10411554483,10411554550,1,"IOTHUB_CLIENT_CONFIRMATION_OK"
23927,10411554683,10411554728,1,"IOTHUB_CLIENT_CONFIRMATION_OK"
23928,10411554884,10411554928,1,"IOTHUB_CLIENT_CONFIRMATION_OK"
23929,10411555084,10411555137,1,"IOTHUB_CLIENT_CONFIRMATION_OK"
23930,10411555284,10411555331,1,"IOTHUB_CLIENT_CONFIRMATION_OK"
23931,10411555484,10411555562,1,"IOTHUB_CLIENT_CONFIRMATION_OK"
23932,10411555684,10411555856,1,"IOTHUB_CLIENT_CONFIRMATION_OK"
23933,10411555884,10411555925,1,"IOTHUB_CLIENT_CONFIRMATION_OK"
23934,10411556085,10411556145,1,"IOTHUB_CLIENT_CONFIRMATION_OK"
23935,10411556285,10411556346,1,"IOTHUB_CLIENT_CONFIRMATION_OK"
23936,10411556485,10411556583,1,"IOTHUB_CLIENT_CONFIRMATION_OK"
23937,10411556685,10411556731,1,"IOTHUB_CLIENT_CONFIRMATION_OK"
23938,10411556885,10411556935,1,"IOTHUB_CLIENT_CONFIRMATION_OK"
23939,10411557085,10411557140,1,"IOTHUB_CLIENT_CONFIRMATION_OK"
23940,10411557286,10411557323,1,"IOTHUB_CLIENT_CONFIRMATION_OK"
23941,10411557486,10411557536,1,"IOTHUB_CLIENT_CONFIRMATION_OK"
23942,10411557686,10411557733,1,"IOTHUB_CLIENT_CONFIRMATION_OK"
23943,10411557886,10411558100,1,"IOTHUB_CLIENT_CONFIRMATION_OK"
23944,10411558086,10411558136,1,"IOTHUB_CLIENT_CONFIRMATION_OK"
23945,10411558286,10411558332,1,"IOTHUB_CLIENT_CONFIRMATION_OK"
23946,10411558486,10411558527,1,"IOTHUB_CLIENT_CONFIRMATION_OK"
23947,10411558687,10411558748,1,"IOTHUB_CLIENT_CONFIRMATION_OK"
23948,10411558887,10411558967,1,"IOTHUB_CLIENT_CONFIRMATION_OK"
23949,10411559087,10411559135,1,"IOTHUB_CLIENT_CONFIRMATION_OK"
23950,10411559287,10411559336,1,"IOTHUB_CLIENT_CONFIRMATION_OK"
23951,10411559487,10411559562,1,"IOTHUB_CLIENT_CONFIRMATION_OK"
23952,10411559687,10411559747,1,"IOTHUB_CLIENT_CONFIRMATION_OK"
23953,10411559887,10411560004,1,"IOTHUB_CLIENT_CONFIRMATION_OK"
23954,10411560088,10411560150,1,"IOTHUB_CLIENT_CONFIRMATION_OK"
23955,10411560288,10411560326,1,"IOTHUB_CLIENT_CONFIRMATION_OK"
23956,10411560488,10411560553,1,"IOTHUB_CLIENT_CONFIRMATION_OK"
23957,10411560688,10411560760,1,"IOTHUB_CLIENT_CONFIRMATION_OK"
23958,10411560888,10411560964,1,"IOTHUB_CLIENT_CONFIRMATION_OK"
23959,10411561088,10411561138,1,"IOTHUB_CLIENT_CONFIRMATION_OK"
23960,10411561289,10411561377,1,"IOTHUB_CLIENT_CONFIRMATION_OK"
23961,10411561489,10411561537,1,"IOTHUB_CLIENT_CONFIRMATION_OK"
23962,10411561689,10411561755,1,"IOTHUB_CLIENT_CONFIRMATION_OK"
23963,10411561889,10411561978,1,"IOTHUB_CLIENT_CONFIRMATION_OK"
23964,10411562089,10411562197,1,"IOTHUB_CLIENT_CONFIRMATION_OK"
23965,10411562289,10411562332,1,"IOTHUB_CLIENT_CONFIRMATION_OK"
23966,10411562489,10411562537,1,"IOTHUB_CLIENT_CONFIRMATION_OK"
23967,10411562690,10411562727,1,"IOTHUB_CLIENT_CONFIRMATION_OK"
23968,10411562890,10411563047,1,"IOTHUB_CLIENT_CONFIRMATION_OK"
23969,10411563090,10411563133,1,"IOTHUB_CLIENT_CONFIRMATION_OK"
23970,10411563290,10411563344,1,"IOTHUB_CLIENT_CONFIRMATION_OK"
23971,10411563490,10411563641,1,"IOTHUB_CLIENT_CONFIRMATION_OK"
23972,10411563690,10411563726,1,"IOTHUB_CLIENT_CONFIRMATION_OK"
23973,10411563891,10411563938,1,"IOTHUB_CLIENT_CONFIRMATION_OK"
23974,10411564091,10411564223,1,"IOTHUB_CLIENT_CONFIRMATION_OK"
23975,10411564291,10411564335,1,"IOTHUB_CLIENT_CONFIRMATION_OK"
23976,10411564491,10411564548,1,"IOTHUB_CLIENT_CONFIRMATION_OK"
23977,10411564691,10411564743,1,"IOTHUB_CLIENT_CONFIRMATION_OK"
23978,10411564891,10411564947,1,"IOTHUB_CLIENT_CONFIRMATION_OK"
23979,10411565091,10411565135,1,"IOTHUB_CLIENT_CONFIRMATION_OK"
23980,10411565292,10411565333,1,"IOTHUB_CLIENT_CONFIRMATION_OK"
23981,10411565492,10411565535,1,"IOTHUB_CLIENT_CONFIRMATION_OK"
23982,10411565692,10411565856,1,"IOTHUB_CLIENT_CONFIRMATION_OK"
23983,10411565892,10411565938,1,"IOTHUB_CLIENT_CONFIRMATION_OK"
23984,10411566092,10411566139,1,"IOTHUB_CLIENT_CONFIRMATION_OK"
23985,10411566292,10411566356,1,"IOTHUB_CLIENT_CONFIRMATION_OK"
23986,10411566493,10411566539,1,"IOTHUB_CLIENT_CONFIRMATION_OK"
23987,10411566693,10411566769,1,"IOTHUB_CLIENT_CONFIRMATION_OK"
23988,10411566893,10411566947,1,"IOTHUB_CLIENT_CONFIRMATION_OK"
23989,10411567093,10411567168,1,"IOTHUB_CLIENT_CONFIRMATION_OK"
23990,10411567293,10411567332,1,"IOTHUB_CLIENT_CONFIRMATION_OK"
23991,10411567493,10411567570,1,"IOTHUB_CLIENT_CONFIRMATION_OK"
23992,10411567693,10411567766,1,"IOTHUB_CLIENT_CONFIRMATION_OK"
23993,10411567894,10411568162,1,"IOTHUB_CLIENT_CONFIRMATION_OK"
23994,10411568094,10411568220,1,"IOTHUB_CLIENT_CONFIRMATION_OK"
23995,10411568294,10411568364,1,"IOTHUB_CLIENT_CONFIRMATION_OK"
23996,10411568494,10411568556,1,"IOTHUB_CLIENT_CONFIRMATION_OK"
23997,10411568694,10411568789,1,"IOTHUB_CLIENT_CONFIRMATION_OK"
23998,10411568894,10411568940,1,"IOTHUB_CLIENT_CONFIRMATION_OK"
23999,10411569094,10411569171,1,"IOTHUB_CLIENT_CONFIRMATION_OK"
24000,10411569295,10411569351,1,"IOTHUB_CLIENT_CONFIRMATION_OK"
24001,10411569495,10411569551,1,"IOTHUB_CLIENT_CONFIRMATION_OK"
24002,10411569695,10411569828,1,"IOTHUB_CLIENT_CONFIRMATION_OK"
24003,10411569895,10411569942,1,"IOTHUB_CLIENT_CONFIRMATION_OK"
24004,10411570095,10411570160,1,"IOTHUB_CLIENT_CONFIRMATION_OK"
24005,10411570295,10411570340,1,"IOTHUB_CLIENT_CONFIRMATION_OK"
24006,10411570496,10411570528,1,"IOTHUB_CLIENT_CONFIRMATION_OK"
24007,10411570696,10411570801,1,"IOTHUB_CLIENT_CONFIRMATION_OK"
24008,10411570896,10411570942,1,"IOTHUB_CLIENT_CONFIRMATION_OK"
24009,10411571096,10411571156,1,"IOTHUB_CLIENT_CONFIRMATION_OK"
24010,10411571296,10411571428,1,"IOTHUB_CLIENT_CONFIRMATION_OK"
24011,10411571496,10411571558,1,"IOTHUB_CLIENT_CONFIRMATION_OK"
24012,10411571696,10411572076,1,"IOTHUB_CLIENT_CONFIRMATION_OK"
24013,10411571897,10411572110,1,"IOTHUB_CLIENT_CONFIRMATION_OK"
24014,10411572097,10411572136,1,"IOTHUB_CLIENT_CONFIRMATION_OK"
24015,10411572297,10411572350,1,"IOTHUB_CLIENT_CONFIRMATION_OK"
24016,10411572497,10411572555,1,"IOTHUB_CLIENT_CONFIRMATION_OK"
24017,10411572697,10411572742,1,"IOTHUB_CLIENT_CONFIRMATION_OK"
24018,10411572897,10411573250,1,"IOTHUB_CLIENT_CONFIRMATION_OK"
24019,10411573097,10411573333,1,"IOTHUB_CLIENT_CONFIRMATION_OK"
24020,10411573298,10411573515,1,"IOTHUB_CLIENT_CONFIRMATION_OK"
24021,10411573498,10411573775,1,"IOTHUB_CLIENT_CONFIRMATION_OK"
24022,10411573698,10411573820,1,"IOTHUB_CLIENT_CONFIRMATION_OK"
24023,10411573898,10411573963,1,"IOTHUB_CLIENT_CONFIRMATION_OK"
24024,10411574098,10411574147,1,"IOTHUB_CLIENT_CONFIRMATION_OK"
24025,10411574298,10411574353,1,"IOTHUB_CLIENT_CONFIRMATION_OK"
24026,10411574499,10411574541,1,"IOTHUB_CLIENT_CONFIRMATION_OK"
24027,10411574699,10411574747,1,"IOTHUB_CLIENT_CONFIRMATION_OK"
24028,10411574899,10411574972,1,"IOTHUB_CLIENT_CONFIRMATION_OK"
24029,10411575099,10411575142,1,"IOTHUB_CLIENT_CONFIRMATION_OK"
24030,10411575299,10411575365,1,"IOTHUB_CLIENT_CONFIRMATION_OK"
24031,10411575499,10411575563,1,"IOTHUB_CLIENT_CONFIRMATION_OK"
24032,10411575700,10411575762,1,"IOTHUB_CLIENT_CONFIRMATION_OK"
24033,10411575900,10411575999,1,"IOTHUB_CLIENT_CONFIRMATION_OK"
24034,10411576100,10411576166,1,"IOTHUB_CLIENT_CONFIRMATION_OK"
24035,10411576300,10411576410,1,"IOTHUB_CLIENT_CONFIRMATION_OK"
24036,10411576500,10411576557,1,"IOTHUB_CLIENT_CONFIRMATION_OK"
24037,10411576700,10411576800,1,"IOTHUB_CLIENT_CONFIRMATION_OK"
24038,10411576901,10411577013,1,"IOTHUB_CLIENT_CONFIRMATION_OK"
24039,10411577101,10411577156,1,"IOTHUB_CLIENT_CONFIRMATION_OK"
24040,10411577301,10411577422,1,"IOTHUB_CLIENT_CONFIRMATION_OK"
24041,10411577501,10411577572,1,"IOTHUB_CLIENT_CONFIRMATION_OK"
24042,10411577701,10411577752,1,"IOTHUB_CLIENT_CONFIRMATION_OK"
24043,10411577901,10411578026,1,"IOTHUB_CLIENT_CONFIRMATION_OK"
24044,10411578101,10411578680,1,"IOTHUB_CLIENT_CONFIRMATION_OK"
24045,10411578302,10411578880,1,"IOTHUB_CLIENT_CONFIRMATION_OK"
24046,10411578502,10411578936,1,"IOTHUB_CLIENT_CONFIRMATION_OK"
24047,10411578702,10411579036,1,"IOTHUB_CLIENT_CONFIRMATION_OK"
24048,10411578902,10411579148,1,"IOTHUB_CLIENT_CONFIRMATION_OK"
24049,10411579102,10411579358,1,"IOTHUB_CLIENT_CONFIRMATION_OK"
24050,10411579302,10411579411,1,"IOTHUB_CLIENT_CONFIRMATION_OK"
24051,10411579503,10411579547,1,"IOTHUB_CLIENT_CONFIRMATION_OK"
24052,10411579703,10411579758,1,"IOTHUB_CLIENT_CONFIRMATION_OK"
24053,10411579903,10411579947,1,"IOTHUB_CLIENT_CONFIRMATION_OK"
24054,10411580103,10411580162,1,"IOTHUB_CLIENT_CONFIRMATION_OK"
24055,10411580303,10411580420,1,"IOTHUB_CLIENT_CONFIRMATION_OK"
24056,10411580503,10411580564,1,"IOTHUB_CLIENT_CONFIRMATION_OK"
24057,10411580703,10411580937,1,"IOTHUB_CLIENT_CONFIRMATION_OK"
24058,10411580904,10411580991,1,"IOTHUB_CLIENT_CONFIRMATION_OK"
24059,10411581104,10411581144,1,"IOTHUB_CLIENT_CONFIRMATION_OK"
24060,10411581304,10411581360,1,"IOTHUB_CLIENT_CONFIRMATION_OK"
24061,10411581504,10411581543,1,"IOTHUB_CLIENT_CONFIRMATION_OK"
24062,10411581704,10411581752,1,"IOTHUB_CLIENT_CONFIRMATION_OK"
24063,10411581904,10411581954,1,"IOTHUB_CLIENT_CONFIRMATION_OK"
24064,10411582105,10411582149,1,"IOTHUB_CLIENT_CONFIRMATION_OK"
24065,10411582305,10411582349,1,"IOTHUB_CLIENT_CONFIRMATION_OK"
24066,10411582505,10411582566,1,"IOTHUB_CLIENT_CONFIRMATION_OK"
24067,10411582705,10411582751,1,"IOTHUB_CLIENT_CONFIRMATION_OK"
24068,10411582905,10411582992,1,"IOTHUB_CLIENT_CONFIRMATION_OK"
24069,10411583105,10411583199,1,"IOTHUB_CLIENT_CONFIRMATION_OK"
24070,10411583305,10411583362,1,"IOTHUB_CLIENT_CONFIRMATION_OK"
24071,10411583506,10411583574,1,"IOTHUB_CLIENT_CONFIRMATION_OK"
24072,10411583706,10411583768,1,"IOTHUB_CLIENT_CONFIRMATION_OK"
24073,10411583906,10411583949,1,"IOTHUB_CLIENT_CONFIRMATION_OK"
24074,10411584106,10411584157,1,"IOTHUB_CLIENT_CONFIRMATION_OK"
24075,10411584306,10411584358,1,"IOTHUB_CLIENT_CONFIRMATION_OK"
24076,10411584506,10411584581,1,"IOTHUB_CLIENT_CONFIRMATION_OK"
24077,10411584707,10411584782,1,"IOTHUB_CLIENT_CONFIRMATION_OK"
24078,10411584907,10411584967,1,"IOTHUB_CLIENT_CONFIRMATION_OK"
24079,10411585107,10411585160,1,"IOTHUB_CLIENT_CONFIRMATION_OK"
24080,10411585307,10411585366,1,"IOTHUB_CLIENT_CONFIRMATION_OK"
24081,10411585507,10411585550,1,"IOTHUB_CLIENT_CONFIRMATION_OK"
24082,10411585707,10411585812,1,"IOTHUB_CLIENT_CONFIRMATION_OK"
24083,10411585908,10411585955,1,"IOTHUB_CLIENT_CONFIRMATION_OK"
24084,10411586108,10411586171,1,"IOTHUB_CLIENT_CONFIRMATION_OK"
24085,10411586308,10411586571,1,"IOTHUB_CLIENT_CONFIRMATION_OK"
24086,10411586508,10411586614,1,"IOTHUB_CLIENT_CONFIRMATION_OK"
24087,10411586708,10411586770,1,"IOTHUB_CLIENT_CONFIRMATION_OK"
24088,10411586908,10411587023,1,"IOTHUB_CLIENT_CONFIRMATION_OK"
24089,10411587109,10411587158,1,"IOTHUB_CLIENT_CONFIRMATION_OK"
24090,10411587309,10411587372,1,"IOTHUB_CLIENT_CONFIRMATION_OK"
24091,10411587509,10411587554,1,"IOTHUB_CLIENT_CONFIRMATION_OK"
24092,10411587709,10411587774,1,"IOTHUB_CLIENT_CONFIRMATION_OK"
24093,10411587909,10411588020,1,"IOTHUB_CLIENT_CONFIRMATION_OK"
24094,10411588109,10411588151,1,"IOTHUB_CLIENT_CONFIRMATION_OK"
24095,10411588309,10411588384,1,"IOTHUB_CLIENT_CONFIRMATION_OK"
24096,10411588510,10411588661,1,"IOTHUB_CLIENT_CONFIRMATION_OK"
24097,10411588710,10411588776,1,"IOTHUB_CLIENT_CONFIRMATION_OK"
24098,10411588910,10411588950,1,"IOTHUB_CLIENT_CONFIRMATION_OK"
24099,10411589110,10411589151,1,"IOTHUB_CLIENT_CONFIRMATION_OK"
24100,10411589310,10411589358,1,"IOTHUB_CLIENT_CONFIRMATION_OK"
24101,10411589510,10411589571,1,"IOTHUB_CLIENT_CONFIRMATION_OK"
24102,10411589711,10411589765,1,"IOTHUB_CLIENT_CONFIRMATION_OK"
24103,10411589911,10411589959,1,"IOTHUB_CLIENT_CONFIRMATION_OK"
24104,10411590111,10411590161,1,"IOTHUB_CLIENT_CONFIRMATION_OK"
24105,10411590311,10411590359,1,"IOTHUB_CLIENT_CONFIRMATION_OK"
24106,10411590511,10411590580,1,"IOTHUB_CLIENT_CONFIRMATION_OK"
24107,10411590711,10411590770,1,"IOTHUB_CLIENT_CONFIRMATION_OK"
24108,10411590911,10411590955,1,"IOTHUB_CLIENT_CONFIRMATION_OK"
24109,10411591112,10411591150,1,"IOTHUB_CLIENT_CONFIRMATION_OK"
24110,10411591312,10411591392,1,"IOTHUB_CLIENT_CONFIRMATION_OK"
24111,10411591512,10411591571,1,"IOTHUB_CLIENT_CONFIRMATION_OK"
24112,10411591712,10411591748,1,"IOTHUB_CLIENT_CONFIRMATION_OK"
24113,10411591912,10411592044,1,"IOTHUB_CLIENT_CONFIRMATION_OK"
24114,10411592112,10411592162,1,"IOTHUB_CLIENT_CONFIRMATION_OK"
24115,10411592312,10411592361,1,"IOTHUB_CLIENT_CONFIRMATION_OK"
24116,10411592513,10411592555,1,"IOTHUB_CLIENT_CONFIRMATION_OK"
24117,10411592713,10411592762,1,"IOTHUB_CLIENT_CONFIRMATION_OK"
24118,10411592913,10411593030,1,"IOTHUB_CLIENT_CONFIRMATION_OK"
24119,10411593113,10411593156,1,"IOTHUB_CLIENT_CONFIRMATION_OK"
24120,10411593313,10411593361,1,"IOTHUB_CLIENT_CONFIRMATION_OK"
24121,10411593513,10411593656,1,"IOTHUB_CLIENT_CONFIRMATION_OK"
24122,10411593714,10411593791,1,"IOTHUB_CLIENT_CONFIRMATION_OK"
24123,10411593914,10411593959,1,"IOTHUB_CLIENT_CONFIRMATION_OK"
24124,10411594114,10411594204,1,"IOTHUB_CLIENT_CONFIRMATION_OK"
24125,10411594314,10411594365,1,"IOTHUB_CLIENT_CONFIRMATION_OK"
24126,10411594514,10411594567,1,"IOTHUB_CLIENT_CONFIRMATION_OK"
24127,10411594714,10411594753,1,"IOTHUB_CLIENT_CONFIRMATION_OK"
24128,10411594915,10411594985,1,"IOTHUB_CLIENT_CONFIRMATION_OK"
24129,10411595115,10411595291,1,"IOTHUB_CLIENT_CONFIRMATION_OK"
24130,10411595315,10411595360,1,"IOTHUB_CLIENT_CONFIRMATION_OK"
24131,10411595515,10411595555,1,"IOTHUB_CLIENT_CONFIRMATION_OK"
24132,10411595715,10411595885,1,"IOTHUB_CLIENT_CONFIRMATION_OK"
24133,10411595915,10411595962,1,"IOTHUB_CLIENT_CONFIRMATION_OK"
24134,10411596116,10411596177,1,"IOTHUB_CLIENT_CONFIRMATION_OK"
24135,10411596316,10411596370,1,"IOTHUB_CLIENT_CONFIRMATION_OK"
24136,10411596516,10411596584,1,"IOTHUB_CLIENT_CONFIRMATION_OK"
24137,10411596716,10411596795,1,"IOTHUB_CLIENT_CONFIRMATION_OK"
24138,10411596916,10411596963,1,"IOTHUB_CLIENT_CONFIRMATION_OK"
24139,10411597116,10411597161,1,"IOTHUB_CLIENT_CONFIRMATION_OK"
24140,10411597316,10411597362,1,"IOTHUB_CLIENT_CONFIRMATION_OK"
24141,10411597517,10411597594,1,"IOTHUB_CLIENT_CONFIRMATION_OK"
24142,10411597717,10411597758,1,"IOTHUB_CLIENT_CONFIRMATION_OK"
24143,10411597917,10411598004,1,"IOTHUB_CLIENT_CONFIRMATION_OK"
24144,10411598117,10411598163,1,"IOTHUB_CLIENT_CONFIRMATION_OK"
24145,10411598317,10411598382,1,"IOTHUB_CLIENT_CONFIRMATION_OK"
24146,10411598517,10411598658,1,"IOTHUB_CLIENT_CONFIRMATION_OK"
24147,10411598718,10411598759,1,"IOTHUB_CLIENT_CONFIRMATION_OK"
24148,10411598918,10411598977,1,"IOTHUB_CLIENT_CONFIRMATION_OK"
24149,10411599118,10411599252,1,"IOTHUB_CLIENT_CONFIRMATION_OK"
24150,10411599318,10411599399,1,"IOTHUB_CLIENT_CONFIRMATION_OK"
24151,10411599518,10411599656,1,"IOTHUB_CLIENT_CONFIRMATION_OK"
24152,10411599718,10411599780,1,"IOTHUB_CLIENT_CONFIRMATION_OK"
24153,10411599918,10411599954,1,"IOTHUB_CLIENT_CONFIRMATION_OK"
24154,10411600119,10411600159,1,"IOTHUB_CLIENT_CONFIRMATION_OK"
24155,10411600319,10411600361,1,"IOTHUB_CLIENT_CONFIRMATION_OK"
24156,10411600519,10411600564,1,"IOTHUB_CLIENT_CONFIRMATION_OK"
24157,10411600719,10411600899,1,"IOTHUB_CLIENT_CONFIRMATION_OK"
24158,10411600919,10411601009,1,"IOTHUB_CLIENT_CONFIRMATION_OK"
24159,10411601119,10411601222,1,"IOTHUB_CLIENT_CONFIRMATION_OK"
24160,10411601320,10411601360,1,"IOTHUB_CLIENT_CONFIRMATION_OK"
24161,10411601520,10411601586,1,"IOTHUB_CLIENT_CONFIRMATION_OK"
24162,10411601720,10411601765,1,"IOTHUB_CLIENT_CONFIRMATION_OK"
24163,10411601920,10411601974,1,"IOTHUB_CLIENT_CONFIRMATION_OK"
24164,10411602120,10411602185,1,"IOTHUB_CLIENT_CONFIRMATION_OK"
24165,10411602320,10411602368,1,"IOTHUB_CLIENT_CONFIRMATION_OK"
24166,10411602520,10411602595,1,"IOTHUB_CLIENT_CONFIRMATION_OK"
24167,10411602721,10411602774,1,"IOTHUB_CLIENT_CONFIRMATION_OK"
24168,10411602921,10411603097,1,"IOTHUB_CLIENT_CONFIRMATION_OK"
24169,10411603121,10411603173,1,"IOTHUB_CLIENT_CONFIRMATION_OK"
24170,10411603321,10411603408,1,"IOTHUB_CLIENT_CONFIRMATION_OK"
24171,10411603521,10411603576,1,"IOTHUB_CLIENT_CONFIRMATION_OK"
24172,10411603722,10411603771,1,"IOTHUB_CLIENT_CONFIRMATION_OK"
24173,10411603922,10411603964,1,"IOTHUB_CLIENT_CONFIRMATION_OK"
24174,10411604122,10411604171,1,"IOTHUB_CLIENT_CONFIRMATION_OK"
24175,10411604322,10411604374,1,"IOTHUB_CLIENT_CONFIRMATION_OK"
24176,10411604522,10411604574,1,"IOTHUB_CLIENT_CONFIRMATION_OK"
24177,10411604722,10411604780,1,"IOTHUB_CLIENT_CONFIRMATION_OK"
24178,10411604922,10411604961,1,"IOTHUB_CLIENT_CONFIRMATION_OK"
24179,10411605123,10411605173,1,"IOTHUB_CLIENT_CONFIRMATION_OK"
24180,10411605323,10411605369,1,"IOTHUB_CLIENT_CONFIRMATION_OK"
24181,10411605523,10411605598,1,"IOTHUB_CLIENT_CONFIRMATION_OK"
24182,10411605723,10411605792,1,"IOTHUB_CLIENT_CONFIRMATION_OK"
24183,10411605923,10411605964,1,"IOTHUB_CLIENT_CONFIRMATION_OK"
24184,10411606123,10411606192,1,"IOTHUB_CLIENT_CONFIRMATION_OK"
24185,10411606324,10411606417,1,"IOTHUB_CLIENT_CONFIRMATION_OK"
24186,10411606524,10411606569,1,"IOTHUB_CLIENT_CONFIRMATION_OK"
24187,10411606724,10411606866,1,"IOTHUB_CLIENT_CONFIRMATION_OK"
24188,10411606924,10411607038,1,"IOTHUB_CLIENT_CONFIRMATION_OK"
24189,10411607124,10411607221,1,"IOTHUB_CLIENT_CONFIRMATION_OK"
24190,10411607324,10411607366,1,"IOTHUB_CLIENT_CONFIRMATION_OK"
24191,10411607525,10411607562,1,"IOTHUB_CLIENT_CONFIRMATION_OK"
24192,10411607725,10411607775,1,"IOTHUB_CLIENT_CONFIRMATION_OK"
24193,10411607925,10411608013,1,"IOTHUB_CLIENT_CONFIRMATION_OK"
24194,10411608125,10411608182,1,"IOTHUB_CLIENT_CONFIRMATION_OK"
24195,10411608325,10411608403,1,"IOTHUB_CLIENT_CONFIRMATION_OK"
24196,10411608525,10411608634,1,"IOTHUB_CLIENT_CONFIRMATION_OK"
24197,10411608726,10411608779,1,"IOTHUB_CLIENT_CONFIRMATION_OK"
24198,10411608926,10411608978,1,"IOTHUB_CLIENT_CONFIRMATION_OK"
24199,10411609126,10411609174,1,"IOTHUB_CLIENT_CONFIRMATION_OK"
24200,10411609326,10411609373,1,"IOTHUB_CLIENT_CONFIRMATION_OK"
24201,10411609526,10411609604,1,"IOTHUB_CLIENT_CONFIRMATION_OK"
24202,10411609726,10411609803,1,"IOTHUB_CLIENT_CONFIRMATION_OK"
24203,10411609926,10411609970,1,"IOTHUB_CLIENT_CONFIRMATION_OK"
24204,10411610127,10411610206,1,"IOTHUB_CLIENT_CONFIRMATION_OK"
24205,10411610327,10411610381,1,"IOTHUB_CLIENT_CONFIRMATION_OK"
24206,10411610527,10411610576,1,"IOTHUB_CLIENT_CONFIRMATION_OK"
24207,10411610727,10411610976,1,"IOTHUB_CLIENT_CONFIRMATION_OK"
24208,10411610927,10411610999,1,"IOTHUB_CLIENT_CONFIRMATION_OK"
24209,10411611127,10411611183,1,"IOTHUB_CLIENT_CONFIRMATION_OK"
24210,10411611328,10411611401,1,"IOTHUB_CLIENT_CONFIRMATION_OK"
24211,10411611528,10411611620,1,"IOTHUB_CLIENT_CONFIRMATION_OK"
24212,10411611728,10411611801,1,"IOTHUB_CLIENT_CONFIRMATION_OK"
24213,10411611928,10411611999,1,"IOTHUB_CLIENT_CONFIRMATION_OK"
24214,10411612128,10411612180,1,"IOTHUB_CLIENT_CONFIRMATION_OK"
24215,10411612328,10411612374,1,"IOTHUB_CLIENT_CONFIRMATION_OK"
24216,10411612528,10411612619,1,"IOTHUB_CLIENT_CONFIRMATION_OK"
24217,10411612729,10411612789,1,"IOTHUB_CLIENT_CONFIRMATION_OK"
24218,10411612929,10411612989,1,"IOTHUB_CLIENT_CONFIRMATION_OK"
24219,10411613129,10411613178,1,"IOTHUB_CLIENT_CONFIRMATION_OK"
24220,10411613329,10411613371,1,"IOTHUB_CLIENT_CONFIRMATION_OK"
24221,10411613529,10411613610,1,"IOTHUB_CLIENT_CONFIRMATION_OK"
24222,10411613729,10411613806,1,"IOTHUB_CLIENT_CONFIRMATION_OK"
24223,10411613930,10411613992,1,"IOTHUB_CLIENT_CONFIRMATION_OK"
24224,10411614130,10411614238,1,"IOTHUB_CLIENT_CONFIRMATION_OK"
24225,10411614330,10411614373,1,"IOTHUB_CLIENT_CONFIRMATION_OK"
24226,10411614530,10411614574,1,"IOTHUB_CLIENT_CONFIRMATION_OK"
24227,10411614730,10411614841,1,"IOTHUB_CLIENT_CONFIRMATION_OK"
24228,10411614930,10411614976,1,"IOTHUB_CLIENT_CONFIRMATION_OK"
24229,10411615131,10411615190,1,"IOTHUB_CLIENT_CONFIRMATION_OK"
24230,10411615331,10411615398,1,"IOTHUB_CLIENT_CONFIRMATION_OK"
24231,10411615531,10411615596,1,"IOTHUB_CLIENT_CONFIRMATION_OK"
24232,10411615731,10411615805,1,"IOTHUB_CLIENT_CONFIRMATION_OK"
24233,10411615931,10411615990,1,"IOTHUB_CLIENT_CONFIRMATION_OK"
24234,10411616131,10411616190,1,"IOTHUB_CLIENT_CONFIRMATION_OK"
24235,10411616331,10411616372,1,"IOTHUB_CLIENT_CONFIRMATION_OK"
24236,10411616532,10411616589,1,"IOTHUB_CLIENT_CONFIRMATION_OK"
24237,10411616732,10411616780,1,"IOTHUB_CLIENT_CONFIRMATION_OK"
24238,10411616932,10411616983,1,"IOTHUB_CLIENT_CONFIRMATION_OK"
24239,10411617132,10411617175,1,"IOTHUB_CLIENT_CONFIRMATION_OK"
24240,10411617332,10411617376,1,"IOTHUB_CLIENT_CONFIRMATION_OK"
24241,10411617532,10411617575,1,"IOTHUB_CLIENT_CONFIRMATION_OK"
24242,10411617733,10411617822,1,"IOTHUB_CLIENT_CONFIRMATION_OK"
24243,10411617933,10411618153,1,"IOTHUB_CLIENT_CONFIRMATION_OK"
24244,10411618133,10411618180,1,"IOTHUB_CLIENT_CONFIRMATION_OK"
24245,10411618333,10411618376,1,"IOTHUB_CLIENT_CONFIRMATION_OK"
24246,10411618533,10411618580,1,"IOTHUB_CLIENT_CONFIRMATION_OK"
24247,10411618733,10411618773,1,"IOTHUB_CLIENT_CONFIRMATION_OK"
24248,10411618933,10411618988,1,"IOTHUB_CLIENT_CONFIRMATION_OK"
24249,10411619134,10411619244,1,"IOTHUB_CLIENT_CONFIRMATION_OK"
24250,10411619334,10411619373,1,"IOTHUB_CLIENT_CONFIRMATION_OK"
24251,10411619534,10411619587,1,"IOTHUB_CLIENT_CONFIRMATION_OK"
24252,10411619734,10411619804,1,"IOTHUB_CLIENT_CONFIRMATION_OK"
24253,10411619934,10411619990,1,"IOTHUB_CLIENT_CONFIRMATION_OK"
24254,10411620134,10411620183,1,"IOTHUB_CLIENT_CONFIRMATION_OK"
24255,10411620335,10411620405,1,"IOTHUB_CLIENT_CONFIRMATION_OK"
24256,10411620535,10411620583,1,"IOTHUB_CLIENT_CONFIRMATION_OK"
24257,10411620735,10411620792,1,"IOTHUB_CLIENT_CONFIRMATION_OK"
24258,10411620935,10411620993,1,"IOTHUB_CLIENT_CONFIRMATION_OK"
24259,10411621135,10411621194,1,"IOTHUB_CLIENT_CONFIRMATION_OK"
24260,10411621335,10411621425,1,"IOTHUB_CLIENT_CONFIRMATION_OK"
24261,10411621536,10411621576,1,"IOTHUB_CLIENT_CONFIRMATION_OK"
24262,10411621736,10411621784,1,"IOTHUB_CLIENT_CONFIRMATION_OK"
24263,10411621936,10411622027,1,"IOTHUB_CLIENT_CONFIRMATION_OK"
24264,10411622136,10411622180,1,"IOTHUB_CLIENT_CONFIRMATION_OK"
24265,10411622336,10411622431,1,"IOTHUB_CLIENT_CONFIRMATION_OK"
24266,10411622536,10411622589,1,"IOTHUB_CLIENT_CONFIRMATION_OK"
24267,10411622736,10411622783,1,"IOTHUB_CLIENT_CONFIRMATION_OK"
24268,10411622937,10411623018,1,"IOTHUB_CLIENT_CONFIRMATION_OK"
24269,10411623137,10411623184,1,"IOTHUB_CLIENT_CONFIRMATION_OK"
24270,10411623337,10411623395,1,"IOTHUB_CLIENT_CONFIRMATION_OK"
24271,10411623537,10411623641,1,"IOTHUB_CLIENT_CONFIRMATION_OK"
24272,10411623737,10411623800,1,"IOTHUB_CLIENT_CONFIRMATION_OK"
24273,10411623937,10411623981,1,"IOTHUB_CLIENT_CONFIRMATION_OK"
24274,10411624138,10411624270,1,"IOTHUB_CLIENT_CONFIRMATION_OK"
24275,10411624338,10411624410,1,"IOTHUB_CLIENT_CONFIRMATION_OK"
24276,10411624538,10411624585,1,"IOTHUB_CLIENT_CONFIRMATION_OK"
24277,10411624738,10411624818,1,"IOTHUB_CLIENT_CONFIRMATION_OK"
24278,10411624938,10411624983,1,"IOTHUB_CLIENT_CONFIRMATION_OK"
24279,10411625138,10411625177,1,"IOTHUB_CLIENT_CONFIRMATION_OK"
24280,10411625338,10411625385,1,"IOTHUB_CLIENT_CONFIRMATION_OK"
24281,10411625539,10411625583,1,"IOTHUB_CLIENT_CONFIRMATION_OK"
24282,10411625739,10411625868,1,"IOTHUB_CLIENT_CONFIRMATION_OK"
24283,10411625939,10411625995,1,"IOTHUB_CLIENT_CONFIRMATION_OK"
24284,10411626139,10411626175,1,"IOTHUB_CLIENT_CONFIRMATION_OK"
24285,10411626339,10411626496,1,"IOTHUB_CLIENT_CONFIRMATION_OK"
24286,10411626539,10411626581,1,"IOTHUB_CLIENT_CONFIRMATION_OK"
24287,10411626739,10411626780,1,"IOTHUB_CLIENT_CONFIRMATION_OK"
24288,10411626940,10411626983,1,"IOTHUB_CLIENT_CONFIRMATION_OK"
24289,10411627140,10411627193,1,"IOTHUB_CLIENT_CONFIRMATION_OK"
24290,10411627340,10411627414,1,"IOTHUB_CLIENT_CONFIRMATION_OK"
24291,10411627540,10411627592,1,"IOTHUB_CLIENT_CONFIRMATION_OK"
24292,10411627740,10411627785,1,"IOTHUB_CLIENT_CONFIRMATION_OK"
24293,10411627940,10411628089,1,"IOTHUB_CLIENT_CONFIRMATION_OK"
24294,10411628140,10411628286,1,"IOTHUB_CLIENT_CONFIRMATION_OK"
24295,10411628341,10411628413,1,"IOTHUB_CLIENT_CONFIRMATION_OK"
24296,10411628541,10411628711,1,"IOTHUB_CLIENT_CONFIRMATION_OK"
24297,10411628741,10411628796,1,"IOTHUB_CLIENT_CONFIRMATION_OK"
24298,10411628941,10411628993,1,"IOTHUB_CLIENT_CONFIRMATION_OK"
24299,10411629141,10411629183,1,"IOTHUB_CLIENT_CONFIRMATION_OK"
24300,10411629341,10411629398,1,"IOTHUB_CLIENT_CONFIRMATION_OK"
24301,10411629542,10411629599,1,"IOTHUB_CLIENT_CONFIRMATION_OK"
24302,10411629742,10411629779,1,"IOTHUB_CLIENT_CONFIRMATION_OK"
24303,10411629942,10411629990,1,"IOTHUB_CLIENT_CONFIRMATION_OK"
24304,10411630142,10411630195,1,"IOTHUB_CLIENT_CONFIRMATION_OK"
24305,10411630342,10411630388,1,"IOTHUB_CLIENT_CONFIRMATION_OK"
24306,10411630542,10411630595,1,"IOTHUB_CLIENT_CONFIRMATION_OK"
24307,10411630743,10411630948,1,"IOTHUB_CLIENT_CONFIRMATION_OK"
24308,10411630943,10411631103,1,"IOTHUB_CLIENT_CONFIRMATION_OK"
24309,10411631143,10411631202,1,"IOTHUB_CLIENT_CONFIRMATION_OK"
24310,10411631343,10411631409,1,"IOTHUB_CLIENT_CONFIRMATION_OK"
24311,10411631543,10411631574,1,"IOTHUB_CLIENT_CONFIRMATION_OK"
24312,10411631743,10411631840,1,"IOTHUB_CLIENT_CONFIRMATION_OK"
24313,10411631944,10411631993,1,"IOTHUB_CLIENT_CONFIRMATION_OK"
24314,10411632144,10411632200,1,"IOTHUB_CLIENT_CONFIRMATION_OK"
24315,10411632344,10411632389,1,"IOTHUB_CLIENT_CONFIRMATION_OK"
24316,10411632544,10411632597,1,"IOTHUB_CLIENT_CONFIRMATION_OK"
24317,10411632744,10411632798,1,"IOTHUB_CLIENT_CONFIRMATION_OK"
24318,10411632944,10411632990,1,"IOTHUB_CLIENT_CONFIRMATION_OK"
24319,10411633144,10411633199,1,"IOTHUB_CLIENT_CONFIRMATION_OK"
24320,10411633345,10411633416,1,"IOTHUB_CLIENT_CONFIRMATION_OK"
24321,10411633545,10411633610,1,"IOTHUB_CLIENT_CONFIRMATION_OK"
24322,10411633745,10411633785,1,"IOTHUB_CLIENT_CONFIRMATION_OK"
24323,10411633945,10411633996,1,"IOTHUB_CLIENT_CONFIRMATION_OK"
24324,10411634145,10411634259,1,"IOTHUB_CLIENT_CONFIRMATION_OK"
24325,10411634345,10411634398,1,"IOTHUB_CLIENT_CONFIRMATION_OK"
24326,10411634546,10411634743,1,"IOTHUB_CLIENT_CONFIRMATION_OK"
24327,10411634746,10411634873,1,"IOTHUB_CLIENT_CONFIRMATION_OK"
24328,10411634946,10411634987,1,"IOTHUB_CLIENT_CONFIRMATION_OK"
24329,10411635146,10411635191,1,"IOTHUB_CLIENT_CONFIRMATION_OK"
24330,10411635346,10411635399,1,"IOTHUB_CLIENT_CONFIRMATION_OK"
24331,10411635546,10411635591,1,"IOTHUB_CLIENT_CONFIRMATION_OK"
24332,10411635746,10411635854,1,"IOTHUB_CLIENT_CONFIRMATION_OK"
24333,10411635947,10411636002,1,"IOTHUB_CLIENT_CONFIRMATION_OK"
24334,10411636147,10411636213,1,"IOTHUB_CLIENT_CONFIRMATION_OK"
24335,10411636347,10411636480,1,"IOTHUB_CLIENT_CONFIRMATION_OK"
24336,10411636547,10411636623,1,"IOTHUB_CLIENT_CONFIRMATION_OK"
24337,10411636747,10411636800,1,"IOTHUB_CLIENT_CONFIRMATION_OK"
24338,10411636947,10411637004,1,"IOTHUB_CLIENT_CONFIRMATION_OK"
24339,10411637148,10411637199,1,"IOTHUB_CLIENT_CONFIRMATION_OK"
24340,10411637348,10411637420,1,"IOTHUB_CLIENT_CONFIRMATION_OK"
24341,10411637548,10411637592,1,"IOTHUB_CLIENT_CONFIRMATION_OK"
24342,10411637748,10411637807,1,"IOTHUB_CLIENT_CONFIRMATION_OK"
24343,10411637948,10411638106,1,"IOTHUB_CLIENT_CONFIRMATION_OK"
24344,10411638148,10411638200,1,"IOTHUB_CLIENT_CONFIRMATION_OK"
24345,10411638349,10411638390,1,"IOTHUB_CLIENT_CONFIRMATION_OK"
24346,10411638549,10411638745,1,"IOTHUB_CLIENT_CONFIRMATION_OK"
24347,10411638749,10411638802,1,"IOTHUB_CLIENT_CONFIRMATION_OK"
24348,10411638949,10411639026,1,"IOTHUB_CLIENT_CONFIRMATION_OK"
24349,10411639149,10411639191,1,"IOTHUB_CLIENT_CONFIRMATION_OK"
24350,10411639349,10411639396,1,"IOTHUB_CLIENT_CONFIRMATION_OK"
24351,10411639549,10411639594,1,"IOTHUB_CLIENT_CONFIRMATION_OK"
24352,10411639750,10411639804,1,"IOTHUB_CLIENT_CONFIRMATION_OK"
24353,10411639950,10411640006,1,"IOTHUB_CLIENT_CONFIRMATION_OK"
24354,10411640150,10411640205,1,"IOTHUB_CLIENT_CONFIRMATION_OK"
24355,10411640350,10411640439,1,"IOTHUB_CLIENT_CONFIRMATION_OK"
24356,10411640550,10411640595,1,"IOTHUB_CLIENT_CONFIRMATION_OK"
24357,10411640750,10411640798,1,"IOTHUB_CLIENT_CONFIRMATION_OK"
24358,10411640951,10411640994,1,"IOTHUB_CLIENT_CONFIRMATION_OK"
24359,10411641151,10411641182,1,"IOTHUB_CLIENT_CONFIRMATION_OK"
24360,10411641351,10411641396,1,"IOTHUB_CLIENT_CONFIRMATION_OK"
24361,10411641551,10411641599,1,"IOTHUB_CLIENT_CONFIRMATION_OK"
24362,10411641751,10411641797,1,"IOTHUB_CLIENT_CONFIRMATION_OK"
24363,10411641951,10411642006,1,"IOTHUB_CLIENT_CONFIRMATION_OK"
24364,10411642151,10411642193,1,"IOTHUB_CLIENT_CONFIRMATION_OK"
24365,10411642352,10411642401,1,"IOTHUB_CLIENT_CONFIRMATION_OK"
24366,10411642552,10411642624,1,"IOTHUB_CLIENT_CONFIRMATION_OK"
24367,10411642752,10411642870,1,"IOTHUB_CLIENT_CONFIRMATION_OK"
24368,10411642952,10411643056,1,"IOTHUB_CLIENT_CONFIRMATION_OK"
24369,10411643152,10411643201,1,"IOTHUB_CLIENT_CONFIRMATION_OK"
24370,10411643352,10411643406,1,"IOTHUB_CLIENT_CONFIRMATION_OK"
24371,10411643553,10411643652,1,"IOTHUB_CLIENT_CONFIRMATION_OK"
24372,10411643753,10411643807,1,"IOTHUB_CLIENT_CONFIRMATION_OK"
24373,10411643953,10411644007,1,"IOTHUB_CLIENT_CONFIRMATION_OK"
24374,10411644153,10411644251,1,"IOTHUB_CLIENT_CONFIRMATION_OK"
24375,10411644353,10411644419,1,"IOTHUB_CLIENT_CONFIRMATION_OK"
24376,10411644553,10411644607,1,"IOTHUB_CLIENT_CONFIRMATION_OK"
24377,10411644754,10411644798,1,"IOTHUB_CLIENT_CONFIRMATION_OK"
24378,10411644954,10411645009,1,"IOTHUB_CLIENT_CONFIRMATION_OK"
24379,10411645154,10411645212,1,"IOTHUB_CLIENT_CONFIRMATION_OK"
24380,10411645354,10411645425,1,"IOTHUB_CLIENT_CONFIRMATION_OK"
24381,10411645554,10411645627,1,"IOTHUB_CLIENT_CONFIRMATION_OK"
24382,10411645754,10411645993,1,"IOTHUB_CLIENT_CONFIRMATION_OK"
24383,10411645954,10411646043,1,"IOTHUB_CLIENT_CONFIRMATION_OK"
24384,10411646155,10411646205,1,"IOTHUB_CLIENT_CONFIRMATION_OK"
24385,10411646355,10411646499,1,"IOTHUB_CLIENT_CONFIRMATION_OK"
24386,10411646555,10411646607,1,"IOTHUB_CLIENT_CONFIRMATION_OK"
24387,10411646755,10411646816,1,"IOTHUB_CLIENT_CONFIRMATION_OK"
24388,10411646955,10411647006,1,"IOTHUB_CLIENT_CONFIRMATION_OK"
24389,10411647155,10411647213,1,"IOTHUB_CLIENT_CONFIRMATION_OK"
24390,10411647356,10411647411,1,"IOTHUB_CLIENT_CONFIRMATION_OK"
24391,10411647556,10411647607,1,"IOTHUB_CLIENT_CONFIRMATION_OK"
24392,10411647756,10411647810,1,"IOTHUB_CLIENT_CONFIRMATION_OK"
24393,10411647956,10411648122,1,"IOTHUB_CLIENT_CONFIRMATION_OK"
24394,10411648156,10411648218,1,"IOTHUB_CLIENT_CONFIRMATION_OK"
24395,10411648356,10411648397,1,"IOTHUB_CLIENT_CONFIRMATION_OK"
24396,10411648557,10411648619,1,"IOTHUB_CLIENT_CONFIRMATION_OK"
24397,10411648757,10411648806,1,"IOTHUB_CLIENT_CONFIRMATION_OK"
24398,10411648957,10411649021,1,"IOTHUB_CLIENT_CONFIRMATION_OK"
24399,10411649157,10411649301,1,"IOTHUB_CLIENT_CONFIRMATION_OK"
24400,10411649357,10411649401,1,"IOTHUB_CLIENT_CONFIRMATION_OK"
24401,10411649557,10411649609,1,"IOTHUB_CLIENT_CONFIRMATION_OK"
24402,10411649758,10411649802,1,"IOTHUB_CLIENT_CONFIRMATION_OK"
24403,10411649958,10411650009,1,"IOTHUB_CLIENT_CONFIRMATION_OK"
24404,10411650158,10411650220,1,"IOTHUB_CLIENT_CONFIRMATION_OK"
24405,10411650358,10411650399,1,"IOTHUB_CLIENT_CONFIRMATION_OK"
24406,10411650558,10411650635,1,"IOTHUB_CLIENT_CONFIRMATION_OK"
24407,10411650758,10411650814,1,"IOTHUB_CLIENT_CONFIRMATION_OK"
24408,10411650959,10411651017,1,"IOTHUB_CLIENT_CONFIRMATION_OK"
24409,10411651159,10411651222,1,"IOTHUB_CLIENT_CONFIRMATION_OK"
24410,10411651359,10411651541,1,"IOTHUB_CLIENT_CONFIRMATION_OK"
24411,10411651559,10411651663,1,"IOTHUB_CLIENT_CONFIRMATION_OK"
24412,10411651759,10411651798,1,"IOTHUB_CLIENT_CONFIRMATION_OK"
24413,10411651959,10411652023,1,"IOTHUB_CLIENT_CONFIRMATION_OK"
24414,10411652159,10411652222,1,"IOTHUB_CLIENT_CONFIRMATION_OK"
24415,10411652360,10411652412,1,"IOTHUB_CLIENT_CONFIRMATION_OK"
24416,10411652560,10411652676,1,"IOTHUB_CLIENT_CONFIRMATION_OK"
24417,10411652760,10411652799,1,"IOTHUB_CLIENT_CONFIRMATION_OK"
24418,10411652960,10411653022,1,"IOTHUB_CLIENT_CONFIRMATION_OK"
24419,10411653160,10411653262,1,"IOTHUB_CLIENT_CONFIRMATION_OK"
24420,10411653360,10411653418,1,"IOTHUB_CLIENT_CONFIRMATION_OK"
24421,10411653561,10411653652,1,"IOTHUB_CLIENT_CONFIRMATION_OK"
24422,10411653761,10411653818,1,"IOTHUB_CLIENT_CONFIRMATION_OK"
24423,10411653961,10411654010,1,"IOTHUB_CLIENT_CONFIRMATION_OK"
24424,10411654161,10411654240,1,"IOTHUB_CLIENT_CONFIRMATION_OK"
24425,10411654361,10411654411,1,"IOTHUB_CLIENT_CONFIRMATION_OK"
24426,10411654561,10411654607,1,"IOTHUB_CLIENT_CONFIRMATION_OK"
24427,10411654762,10411654881,1,"IOTHUB_CLIENT_CONFIRMATION_OK"
24428,10411654962,10411655017,1,"IOTHUB_CLIENT_CONFIRMATION_OK"
24429,10411655162,10411655261,1,"IOTHUB_CLIENT_CONFIRMATION_OK"
24430,10411655362,10411655415,1,"IOTHUB_CLIENT_CONFIRMATION_OK"
24431,10411655562,10411655623,1,"IOTHUB_CLIENT_CONFIRMATION_OK"
24432,10411655762,10411655852,1,"IOTHUB_CLIENT_CONFIRMATION_OK"
24433,10411655962,10411656031,1,"IOTHUB_CLIENT_CONFIRMATION_OK"
24434,10411656163,10411656249,1,"IOTHUB_CLIENT_CONFIRMATION_OK"
24435,10411656363,10411656664,1,"IOTHUB_CLIENT_CONFIRMATION_OK"
24436,10411656563,10411656716,1,"IOTHUB_CLIENT_CONFIRMATION_OK"
24437,10411656763,10411656800,1,"IOTHUB_CLIENT_CONFIRMATION_OK"
24438,10411656963,10411657064,1,"IOTHUB_CLIENT_CONFIRMATION_OK"
24439,10411657163,10411657214,1,"IOTHUB_CLIENT_CONFIRMATION_OK"
24440,10411657364,10411657463,1,"IOTHUB_CLIENT_CONFIRMATION_OK"
24441,10411657564,10411657611,1,"IOTHUB_CLIENT_CONFIRMATION_OK"
24442,10411657764,10411657838,1,"IOTHUB_CLIENT_CONFIRMATION_OK"
24443,10411657964,10411658100,1,"IOTHUB_CLIENT_CONFIRMATION_OK"
24444,10411658164,10411658205,1,"IOTHUB_CLIENT_CONFIRMATION_OK"
24445,10411658364,10411658419,1,"IOTHUB_CLIENT_CONFIRMATION_OK"
24446,10411658564,10411658722,1,"IOTHUB_CLIENT_CONFIRMATION_OK"
24447,10411658765,10411658824,1,"IOTHUB_CLIENT_CONFIRMATION_OK"
24448,10411658965,10411659011,1,"IOTHUB_CLIENT_CONFIRMATION_OK"
24449,10411659165,10411659209,1,"IOTHUB_CLIENT_CONFIRMATION_OK"
24450,10411659365,10411659412,1,"IOTHUB_CLIENT_CONFIRMATION_OK"
24451,10411659565,10411659641,1,"IOTHUB_CLIENT_CONFIRMATION_OK"
24452,10411659765,10411659938,1,"IOTHUB_CLIENT_CONFIRMATION_OK"
24453,10411659965,10411660041,1,"IOTHUB_CLIENT_CONFIRMATION_OK"
24454,10411660166,10411660238,1,"IOTHUB_CLIENT_CONFIRMATION_OK"
24455,10411660366,10411660411,1,"IOTHUB_CLIENT_CONFIRMATION_OK"
24456,10411660566,10411660617,1,"IOTHUB_CLIENT_CONFIRMATION_OK"
24457,10411660766,10411660966,1,"IOTHUB_CLIENT_CONFIRMATION_OK"
24458,10411660966,10411661036,1,"IOTHUB_CLIENT_CONFIRMATION_OK"
24459,10411661166,10411661213,1,"IOTHUB_CLIENT_CONFIRMATION_OK"
24460,10411661367,10411661415,1,"IOTHUB_CLIENT_CONFIRMATION_OK"
24461,10411661567,10411661615,1,"IOTHUB_CLIENT_CONFIRMATION_OK"
24462,10411661767,10411661811,1,"IOTHUB_CLIENT_CONFIRMATION_OK"
24463,10411661967,10411662024,1,"IOTHUB_CLIENT_CONFIRMATION_OK"
24464,10411662167,10411662216,1,"IOTHUB_CLIENT_CONFIRMATION_OK"
24465,10411662367,10411662414,1,"IOTHUB_CLIENT_CONFIRMATION_OK"
24466,10411662567,10411662669,1,"IOTHUB_CLIENT_CONFIRMATION_OK"
24467,10411662768,10411662818,1,"IOTHUB_CLIENT_CONFIRMATION_OK"
24468,10411662968,10411663199,1,"IOTHUB_CLIENT_CONFIRMATION_OK"
24469,10411663168,10411663237,1,"IOTHUB_CLIENT_CONFIRMATION_OK"
24470,10411663368,10411663410,1,"IOTHUB_CLIENT_CONFIRMATION_OK"
24471,10411663568,10411663651,1,"IOTHUB_CLIENT_CONFIRMATION_OK"
24472,10411663768,10411663815,1,"IOTHUB_CLIENT_CONFIRMATION_OK"
24473,10411663968,10411664194,1,"IOTHUB_CLIENT_CONFIRMATION_OK"
24474,10411664169,10411664239,1,"IOTHUB_CLIENT_CONFIRMATION_OK"
24475,10411664369,10411664458,1,"IOTHUB_CLIENT_CONFIRMATION_OK"
24476,10411664569,10411664665,1,"IOTHUB_CLIENT_CONFIRMATION_OK"
24477,10411664769,10411664841,1,"IOTHUB_CLIENT_CONFIRMATION_OK"
24478,10411664969,10411665026,1,"IOTHUB_CLIENT_CONFIRMATION_OK"
24479,10411665169,10411665217,1,"IOTHUB_CLIENT_CONFIRMATION_OK"
24480,10411665369,10411665422,1,"IOTHUB_CLIENT_CONFIRMATION_OK"
24481,10411665570,10411665619,1,"IOTHUB_CLIENT_CONFIRMATION_OK"
24482,10411665770,10411665912,1,"IOTHUB_CLIENT_CONFIRMATION_OK"
24483,10411665970,10411666020,1,"IOTHUB_CLIENT_CONFIRMATION_OK"
24484,10411666170,10411666219,1,"IOTHUB_CLIENT_CONFIRMATION_OK"
24485,10411666370,10411666514,1,"IOTHUB_CLIENT_CONFIRMATION_OK"
24486,10411666570,10411666621,1,"IOTHUB_CLIENT_CONFIRMATION_OK"
24487,10411666771,10411666814,1,"IOTHUB_CLIENT_CONFIRMATION_OK"
24488,10411666971,10411667035,1,"IOTHUB_CLIENT_CONFIRMATION_OK"
24489,10411667171,10411667213,1,"IOTHUB_CLIENT_CONFIRMATION_OK"
24490,10411667371,10411667411,1,"IOTHUB_CLIENT_CONFIRMATION_OK"
24491,10411667571,10411667624,1,"IOTHUB_CLIENT_CONFIRMATION_OK"
24492,10411667771,10411667811,1,"IOTHUB_CLIENT_CONFIRMATION_OK"
24493,10411667971,10411668112,1,"IOTHUB_CLIENT_CONFIRMATION_OK"
24494,10411668172,10411668241,1,"IOTHUB_CLIENT_CONFIRMATION_OK"
24495,10411668372,10411668414,1,"IOTHUB_CLIENT_CONFIRMATION_OK"
24496,10411668572,10411668736,1,"IOTHUB_CLIENT_CONFIRMATION_OK"
24497,10411668772,10411668820,1,"IOTHUB_CLIENT_CONFIRMATION_OK"
24498,10411668972,10411669023,1,"IOTHUB_CLIENT_CONFIRMATION_OK"
24499,10411669172,10411669249,1,"IOTHUB_CLIENT_CONFIRMATION_OK"
24500,10411669373,10411669418,1,"IOTHUB_CLIENT_CONFIRMATION_OK"
24501,10411669573,10411669620,1,"IOTHUB_CLIENT_CONFIRMATION_OK"
24502,10411669773,10411669865,1,"IOTHUB_CLIENT_CONFIRMATION_OK"
24503,10411669973,10411670014,1,"IOTHUB_CLIENT_CONFIRMATION_OK"
24504,10411670173,10411670211,1,"IOTHUB_CLIENT_CONFIRMATION_OK"
24505,10411670373,10411670486,1,"IOTHUB_CLIENT_CONFIRMATION_OK"
24506,10411670573,10411670620,1,"IOTHUB_CLIENT_CONFIRMATION_OK"
24507,10411670774,10411671029,1,"IOTHUB_CLIENT_CONFIRMATION_OK"
24508,10411670974,10411671073,1,"IOTHUB_CLIENT_CONFIRMATION_OK"
24509,10411671174,10411671211,1,"IOTHUB_CLIENT_CONFIRMATION_OK"
24510,10411671374,10411671420,1,"IOTHUB_CLIENT_CONFIRMATION_OK"
24511,10411671574,10411671650,1,"IOTHUB_CLIENT_CONFIRMATION_OK"
24512,10411671774,10411671835,1,"IOTHUB_CLIENT_CONFIRMATION_OK"
24513,10411671974,10411672021,1,"IOTHUB_CLIENT_CONFIRMATION_OK"
24514,10411672175,10411672221,1,"IOTHUB_CLIENT_CONFIRMATION_OK"
24515,10411672375,10411672429,1,"IOTHUB_CLIENT_CONFIRMATION_OK"
24516,10411672575,10411672629,1,"IOTHUB_CLIENT_CONFIRMATION_OK"
24517,10411672775,10411672828,1,"IOTHUB_CLIENT_CONFIRMATION_OK"
24518,10411672975,10411673067,1,"IOTHUB_CLIENT_CONFIRMATION_OK"
24519,10411673175,10411673219,1,"IOTHUB_CLIENT_CONFIRMATION_OK"
24520,10411673376,10411673422,1,"IOTHUB_CLIENT_CONFIRMATION_OK"
24521,10411673576,10411673641,1,"IOTHUB_CLIENT_CONFIRMATION_OK"
24522,10411673776,10411673826,1,"IOTHUB_CLIENT_CONFIRMATION_OK"
24523,10411673976,10411674020,1,"IOTHUB_CLIENT_CONFIRMATION_OK"
24524,10411674176,10411674270,1,"IOTHUB_CLIENT_CONFIRMATION_OK"
24525,10411674376,10411674423,1,"IOTHUB_CLIENT_CONFIRMATION_OK"
24526,10411674577,10411674631,1,"IOTHUB_CLIENT_CONFIRMATION_OK"
24527,10411674777,10411674871,1,"IOTHUB_CLIENT_CONFIRMATION_OK"
24528,10411674977,10411675028,1,"IOTHUB_CLIENT_CONFIRMATION_OK"
24529,10411675177,10411675242,1,"IOTHUB_CLIENT_CONFIRMATION_OK"
24530,10411675377,10411675426,1,"IOTHUB_CLIENT_CONFIRMATION_OK"
24531,10411675577,10411675667,1,"IOTHUB_CLIENT_CONFIRMATION_OK"
24532,10411675777,10411675873,1,"IOTHUB_CLIENT_CONFIRMATION_OK"
24533,10411675978,10411676019,1,"IOTHUB_CLIENT_CONFIRMATION_OK"
24534,10411676178,10411676227,1,"IOTHUB_CLIENT_CONFIRMATION_OK"
24535,10411676378,10411676487,1,"IOTHUB_CLIENT_CONFIRMATION_OK"
24536,10411676578,10411676628,1,"IOTHUB_CLIENT_CONFIRMATION_OK"
24537,10411676778,10411676816,1,"IOTHUB_CLIENT_CONFIRMATION_OK"
24538,10411676978,10411677020,1,"IOTHUB_CLIENT_CONFIRMATION_OK"
24539,10411677178,10411677228,1,"IOTHUB_CLIENT_CONFIRMATION_OK"
24540,10411677379,10411677418,1,"IOTHUB_CLIENT_CONFIRMATION_OK"
24541,10411677579,10411677634,1,"IOTHUB_CLIENT_CONFIRMATION_OK"
24542,10411677779,10411677824,1,"IOTHUB_CLIENT_CONFIRMATION_OK"
24543,10411677979,10411678099,1,"IOTHUB_CLIENT_CONFIRMATION_OK"
24544,10411678179,10411678246,1,"IOTHUB_CLIENT_CONFIRMATION_OK"
24545,10411678379,10411678424,1,"IOTHUB_CLIENT_CONFIRMATION_OK"
24546,10411678579,10411678719,1,"IOTHUB_CLIENT_CONFIRMATION_OK"
24547,10411678780,10411678849,1,"IOTHUB_CLIENT_CONFIRMATION_OK"
24548,10411678980,10411679032,1,"IOTHUB_CLIENT_CONFIRMATION_OK"
24549,10411679180,10411679240,1,"IOTHUB_CLIENT_CONFIRMATION_OK"
24550,10411679380,10411679424,1,"IOTHUB_CLIENT_CONFIRMATION_OK"
24551,10411679580,10411679631,1,"IOTHUB_CLIENT_CONFIRMATION_OK"
24552,10411679780,10411679839,1,"IOTHUB_CLIENT_CONFIRMATION_OK"
24553,10411679981,10411680021,1,"IOTHUB_CLIENT_CONFIRMATION_OK"
24554,10411680181,10411680242,1,"IOTHUB_CLIENT_CONFIRMATION_OK"
24555,10411680381,10411680435,1,"IOTHUB_CLIENT_CONFIRMATION_OK"
24556,10411680581,10411680646,1,"IOTHUB_CLIENT_CONFIRMATION_OK"
24557,10411680781,10411681049,1,"IOTHUB_CLIENT_CONFIRMATION_OK"
24558,10411680981,10411681083,1,"IOTHUB_CLIENT_CONFIRMATION_OK"
24559,10411681181,10411681231,1,"IOTHUB_CLIENT_CONFIRMATION_OK"
24560,10411681382,10411681421,1,"IOTHUB_CLIENT_CONFIRMATION_OK"
24561,10411681582,10411681638,1,"IOTHUB_CLIENT_CONFIRMATION_OK"
24562,10411681782,10411681850,1,"IOTHUB_CLIENT_CONFIRMATION_OK"
24563,10411681982,10411682025,1,"IOTHUB_CLIENT_CONFIRMATION_OK"
24564,10411682182,10411682231,1,"IOTHUB_CLIENT_CONFIRMATION_OK"
24565,10411682382,10411682427,1,"IOTHUB_CLIENT_CONFIRMATION_OK"
24566,10411682583,10411682628,1,"IOTHUB_CLIENT_CONFIRMATION_OK"
24567,10411682783,10411682830,1,"IOTHUB_CLIENT_CONFIRMATION_OK"
24568,10411682983,10411683192,1,"IOTHUB_CLIENT_CONFIRMATION_OK"
24569,10411683183,10411683233,1,"IOTHUB_CLIENT_CONFIRMATION_OK"
24570,10411683383,10411683428,1,"IOTHUB_CLIENT_CONFIRMATION_OK"
24571,10411683583,10411683777,1,"IOTHUB_CLIENT_CONFIRMATION_OK"
24572,10411683783,10411683852,1,"IOTHUB_CLIENT_CONFIRMATION_OK"
24573,10411683984,10411684022,1,"IOTHUB_CLIENT_CONFIRMATION_OK"
24574,10411684184,10411684222,1,"IOTHUB_CLIENT_CONFIRMATION_OK"
24575,10411684384,10411684454,1,"IOTHUB_CLIENT_CONFIRMATION_OK"
24576,10411684584,10411684637,1,"IOTHUB_CLIENT_CONFIRMATION_OK"
24577,10411684784,10411684840,1,"IOTHUB_CLIENT_CONFIRMATION_OK"
24578,10411684984,10411685043,1,"IOTHUB_CLIENT_CONFIRMATION_OK"
24579,10411685185,10411685236,1,"IOTHUB_CLIENT_CONFIRMATION_OK"
24580,10411685385,10411685430,1,"IOTHUB_CLIENT_CONFIRMATION_OK"
24581,10411685585,10411685628,1,"IOTHUB_CLIENT_CONFIRMATION_OK"
24582,10411685785,10411686007,1,"IOTHUB_CLIENT_CONFIRMATION_OK"
24583,10411685985,10411686042,1,"IOTHUB_CLIENT_CONFIRMATION_OK"
24584,10411686185,10411686236,1,"IOTHUB_CLIENT_CONFIRMATION_OK"
24585,10411686386,10411686437,1,"IOTHUB_CLIENT_CONFIRMATION_OK"
24586,10411686586,10411686666,1,"IOTHUB_CLIENT_CONFIRMATION_OK"
24587,10411686786,10411686834,1,"IOTHUB_CLIENT_CONFIRMATION_OK"
24588,10411686986,10411687028,1,"IOTHUB_CLIENT_CONFIRMATION_OK"
24589,10411687186,10411687254,1,"IOTHUB_CLIENT_CONFIRMATION_OK"
24590,10411687386,10411687429,1,"IOTHUB_CLIENT_CONFIRMATION_OK"
24591,10411687586,10411687639,1,"IOTHUB_CLIENT_CONFIRMATION_OK"
24592,10411687787,10411687839,1,"IOTHUB_CLIENT_CONFIRMATION_OK"
24593,10411687987,10411688251,1,"IOTHUB_CLIENT_CONFIRMATION_OK"
24594,10411688187,10411688288,1,"IOTHUB_CLIENT_CONFIRMATION_OK"
24595,10411688387,10411688441,1,"IOTHUB_CLIENT_CONFIRMATION_OK"
24596,10411688587,10411688632,1,"IOTHUB_CLIENT_CONFIRMATION_OK"
24597,10411688787,10411688837,1,"IOTHUB_CLIENT_CONFIRMATION_OK"
24598,10411688987,10411689051,1,"IOTHUB_CLIENT_CONFIRMATION_OK"
24599,10411689188,10411689283,1,"IOTHUB_CLIENT_CONFIRMATION_OK"
24600,10411689388,10411689426,1,"IOTHUB_CLIENT_CONFIRMATION_OK"
24601,10411689588,10411689646,1,"IOTHUB_CLIENT_CONFIRMATION_OK"
24602,10411689788,10411689852,1,"IOTHUB_CLIENT_CONFIRMATION_OK"
24603,10411689988,10411690042,1,"IOTHUB_CLIENT_CONFIRMATION_OK"
24604,10411690188,10411690260,1,"IOTHUB_CLIENT_CONFIRMATION_OK"
24605,10411690389,10411690432,1,"IOTHUB_CLIENT_CONFIRMATION_OK"
24606,10411690589,10411690642,1,"IOTHUB_CLIENT_CONFIRMATION_OK"
24607,10411690789,10411690867,1,"IOTHUB_CLIENT_CONFIRMATION_OK"
24608,10411690989,10411691047,1,"IOTHUB_CLIENT_CONFIRMATION_OK"
24609,10411691189,10411691276,1,"IOTHUB_CLIENT_CONFIRMATION_OK"
24610,10411691389,10411691482,1,"IOTHUB_CLIENT_CONFIRMATION_OK"
24611,10411691589,10411691837,1,"IOTHUB_CLIENT_CONFIRMATION_OK"
24612,10411691790,10411691874,1,"IOTHUB_CLIENT_CONFIRMATION_OK"
24613,10411691990,10411692029,1,"IOTHUB_CLIENT_CONFIRMATION_OK"
24614,10411692190,10411692234,1,"IOTHUB_CLIENT_CONFIRMATION_OK"
24615,10411692390,10411692447,1,"IOTHUB_CLIENT_CONFIRMATION_OK"
24616,10411692590,10411692638,1,"IOTHUB_CLIENT_CONFIRMATION_OK"
24617,10411692790,10411692841,1,"IOTHUB_CLIENT_CONFIRMATION_OK"
24618,10411692990,10411693104,1,"IOTHUB_CLIENT_CONFIRMATION_OK"
24619,10411693191,10411693264,1,"IOTHUB_CLIENT_CONFIRMATION_OK"
24620,10411693391,10411693443,1,"IOTHUB_CLIENT_CONFIRMATION_OK"
24621,10411693591,10411693740,1,"IOTHUB_CLIENT_CONFIRMATION_OK"
24622,10411693791,10411693862,1,"IOTHUB_CLIENT_CONFIRMATION_OK"
24623,10411693991,10411694041,1,"IOTHUB_CLIENT_CONFIRMATION_OK"
24624,10411694191,10411694239,1,"IOTHUB_CLIENT_CONFIRMATION_OK"
24625,10411694392,10411694440,1,"IOTHUB_CLIENT_CONFIRMATION_OK"
24626,10411694592,10411694666,1,"IOTHUB_CLIENT_CONFIRMATION_OK"
24627,10411694792,10411694838,1,"IOTHUB_CLIENT_CONFIRMATION_OK"
24628,10411694992,10411695048,1,"IOTHUB_CLIENT_CONFIRMATION_OK"
24629,10411695192,10411695259,1,"IOTHUB_CLIENT_CONFIRMATION_OK"
24630,10411695392,10411695521,1,"IOTHUB_CLIENT_CONFIRMATION_OK"
24631,10411695592,10411695645,1,"IOTHUB_CLIENT_CONFIRMATION_OK"
24632,10411695793,10411695964,1,"IOTHUB_CLIENT_CONFIRMATION_OK"
24633,10411695993,10411696045,1,"IOTHUB_CLIENT_CONFIRMATION_OK"
24634,10411696193,10411696270,1,"IOTHUB_CLIENT_CONFIRMATION_OK"
24635,10411696393,10411696437,1,"IOTHUB_CLIENT_CONFIRMATION_OK"
24636,10411696593,10411696655,1,"IOTHUB_CLIENT_CONFIRMATION_OK"
24637,10411696793,10411696836,1,"IOTHUB_CLIENT_CONFIRMATION_OK"
24638,10411696994,10411697065,1,"IOTHUB_CLIENT_CONFIRMATION_OK"
24639,10411697194,10411697254,1,"IOTHUB_CLIENT_CONFIRMATION_OK"
24640,10411697394,10411697437,1,"IOTHUB_CLIENT_CONFIRMATION_OK"
24641,10411697594,10411697645,1,"IOTHUB_CLIENT_CONFIRMATION_OK"
24642,10411697794,10411697841,1,"IOTHUB_CLIENT_CONFIRMATION_OK"
24643,10411697994,10411698244,1,"IOTHUB_CLIENT_CONFIRMATION_OK"
24644,10411698195,10411698273,1,"IOTHUB_CLIENT_CONFIRMATION_OK"
24645,10411698395,10411698443,1,"IOTHUB_CLIENT_CONFIRMATION_OK"
24646,10411698595,10411698652,1,"IOTHUB_CLIENT_CONFIRMATION_OK"
24647,10411698795,10411698858,1,"IOTHUB_CLIENT_CONFIRMATION_OK"
24648,10411698995,10411699070,1,"IOTHUB_CLIENT_CONFIRMATION_OK"
24649,10411699195,10411699301,1,"IOTHUB_CLIENT_CONFIRMATION_OK"
24650,10411699395,10411699438,1,"IOTHUB_CLIENT_CONFIRMATION_OK"
24651,10411699596,10411699641,1,"IOTHUB_CLIENT_CONFIRMATION_OK"
24652,10411699796,10411699893,1,"IOTHUB_CLIENT_CONFIRMATION_OK"
24653,10411699996,10411700036,1,"IOTHUB_CLIENT_CONFIRMATION_OK"
24654,10411700196,10411700254,1,"IOTHUB_CLIENT_CONFIRMATION_OK"
24655,10411700396,10411700462,1,"IOTHUB_CLIENT_CONFIRMATION_OK"
24656,10411700596,10411700647,1,"IOTHUB_CLIENT_CONFIRMATION_OK"
24657,10411700797,10411700900,1,"IOTHUB_CLIENT_CONFIRMATION_OK"
24658,10411700997,10411701043,1,"IOTHUB_CLIENT_CONFIRMATION_OK"
24659,10411701197,10411701235,1,"IOTHUB_CLIENT_CONFIRMATION_OK"
24660,10411701397,10411701598,1,"IOTHUB_CLIENT_CONFIRMATION_OK"
24661,10411701597,10411701707,1,"IOTHUB_CLIENT_CONFIRMATION_OK"
24662,10411701797,10411701840,1,"IOTHUB_CLIENT_CONFIRMATION_OK"
24663,10411701997,10411702059,1,"IOTHUB_CLIENT_CONFIRMATION_OK"
24664,10411702198,10411702257,1,"IOTHUB_CLIENT_CONFIRMATION_OK"
24665,10411702398,10411702445,1,"IOTHUB_CLIENT_CONFIRMATION_OK"
24666,10411702598,10411702644,1,"IOTHUB_CLIENT_CONFIRMATION_OK"
24667,10411702798,10411702852,1,"IOTHUB_CLIENT_CONFIRMATION_OK"
24668,10411702998,10411703189,1,"IOTHUB_CLIENT_CONFIRMATION_OK"
24669,10411703198,10411703260,1,"IOTHUB_CLIENT_CONFIRMATION_OK"
24670,10411703399,10411703493,1,"IOTHUB_CLIENT_CONFIRMATION_OK"
24671,10411703599,10411703641,1,"IOTHUB_CLIENT_CONFIRMATION_OK"
24672,10411703799,10411703842,1,"IOTHUB_CLIENT_CONFIRMATION_OK"
24673,10411703999,10411704062,1,"IOTHUB_CLIENT_CONFIRMATION_OK"
24674,10411704199,10411704281,1,"IOTHUB_CLIENT_CONFIRMATION_OK"
24675,10411704399,10411704496,1,"IOTHUB_CLIENT_CONFIRMATION_OK"
24676,10411704599,10411704646,1,"IOTHUB_CLIENT_CONFIRMATION_OK"
24677,10411704800,10411704848,1,"IOTHUB_CLIENT_CONFIRMATION_OK"
24678,10411705000,10411705285,1,"IOTHUB_CLIENT_CONFIRMATION_OK"
24679,10411705200,10411705435,1,"IOTHUB_CLIENT_CONFIRMATION_OK"
24680,10411705400,10411705472,1,"IOTHUB_CLIENT_CONFIRMATION_OK"
24681,10411705600,10411705638,1,"IOTHUB_CLIENT_CONFIRMATION_OK"
24682,10411705800,10411705855,1,"IOTHUB_CLIENT_CONFIRMATION_OK"
24683,10411706001,10411706052,1,"IOTHUB_CLIENT_CONFIRMATION_OK"
24684,10411706201,10411706271,1,"IOTHUB_CLIENT_CONFIRMATION_OK"
24685,10411706401,10411706475,1,"IOTHUB_CLIENT_CONFIRMATION_OK"
24686,10411706601,10411706652,1,"IOTHUB_CLIENT_CONFIRMATION_OK"
24687,10411706801,10411706861,1,"IOTHUB_CLIENT_CONFIRMATION_OK"
24688,10411707001,10411707079,1,"IOTHUB_CLIENT_CONFIRMATION_OK"
24689,10411707201,10411707300,1,"IOTHUB_CLIENT_CONFIRMATION_OK"
24690,10411707402,10411707441,1,"IOTHUB_CLIENT_CONFIRMATION_OK"
24691,10411707602,10411707639,1,"IOTHUB_CLIENT_CONFIRMATION_OK"
24692,10411707802,10411707843,1,"IOTHUB_CLIENT_CONFIRMATION_OK"
24693,10411708002,10411708084,1,"IOTHUB_CLIENT_CONFIRMATION_OK"
24694,10411708202,10411708235,1,"IOTHUB_CLIENT_CONFIRMATION_OK"
24695,10411708402,10411708451,1,"IOTHUB_CLIENT_CONFIRMATION_OK"
24696,10411708602,10411708754,1,"IOTHUB_CLIENT_CONFIRMATION_OK"
24697,10411708803,10411708859,1,"IOTHUB_CLIENT_CONFIRMATION_OK"
24698,10411709003,10411709054,1,"IOTHUB_CLIENT_CONFIRMATION_OK"
24699,10411709203,10411709349,1,"IOTHUB_CLIENT_CONFIRMATION_OK"
24700,10411709403,10411709467,1,"IOTHUB_CLIENT_CONFIRMATION_OK"
24701,10411709603,10411709649,1,"IOTHUB_CLIENT_CONFIRMATION_OK"
24702,10411709803,10411709842,1,"IOTHUB_CLIENT_CONFIRMATION_OK"
24703,10411710004,10411710075,1,"IOTHUB_CLIENT_CONFIRMATION_OK"
24704,10411710204,10411710252,1,"IOTHUB_CLIENT_CONFIRMATION_OK"
24705,10411710404,10411710470,1,"IOTHUB_CLIENT_CONFIRMATION_OK"
24706,10411710604,10411710643,1,"IOTHUB_CLIENT_CONFIRMATION_OK"
24707,10411710804,10411710957,1,"IOTHUB_CLIENT_CONFIRMATION_OK"
24708,10411711004,10411711055,1,"IOTHUB_CLIENT_CONFIRMATION_OK"
24709,10411711204,10411711250,1,"IOTHUB_CLIENT_CONFIRMATION_OK"
24710,10411711405,10411711458,1,"IOTHUB_CLIENT_CONFIRMATION_OK"
24711,10411711605,10411711655,1,"IOTHUB_CLIENT_CONFIRMATION_OK"
24712,10411711805,10411711842,1,"IOTHUB_CLIENT_CONFIRMATION_OK"
24713,10411712005,10411712084,1,"IOTHUB_CLIENT_CONFIRMATION_OK"
24714,10411712205,10411712249,1,"IOTHUB_CLIENT_CONFIRMATION_OK"
24715,10411712405,10411712445,1,"IOTHUB_CLIENT_CONFIRMATION_OK"
24716,10411712606,10411712649,1,"IOTHUB_CLIENT_CONFIRMATION_OK"
24717,10411712806,10411712879,1,"IOTHUB_CLIENT_CONFIRMATION_OK"
24718,10411713006,10411713177,1,"IOTHUB_CLIENT_CONFIRMATION_OK"
24719,10411713206,10411713250,1,"IOTHUB_CLIENT_CONFIRMATION_OK"
24720,10411713406,10411713469,1,"IOTHUB_CLIENT_CONFIRMATION_OK"
24721,10411713606,10411713661,1,"IOTHUB_CLIENT_CONFIRMATION_OK"
24722,10411713807,10411713847,1,"IOTHUB_CLIENT_CONFIRMATION_OK"
24723,10411714007,10411714054,1,"IOTHUB_CLIENT_CONFIRMATION_OK"
24724,10411714207,10411714265,1,"IOTHUB_CLIENT_CONFIRMATION_OK"
24725,10411714407,10411714447,1,"IOTHUB_CLIENT_CONFIRMATION_OK"
24726,10411714607,10411714676,1,"IOTHUB_CLIENT_CONFIRMATION_OK"
24727,10411714807,10411714858,1,"IOTHUB_CLIENT_CONFIRMATION_OK"
24728,10411715007,10411715064,1,"IOTHUB_CLIENT_CONFIRMATION_OK"
24729,10411715208,10411715249,1,"IOTHUB_CLIENT_CONFIRMATION_OK"
24730,10411715408,10411715461,1,"IOTHUB_CLIENT_CONFIRMATION_OK"
24731,10411715608,10411715657,1,"IOTHUB_CLIENT_CONFIRMATION_OK"
24732,10411715808,10411715854,1,"IOTHUB_CLIENT_CONFIRMATION_OK"
24733,10411716008,10411716056,1,"IOTHUB_CLIENT_CONFIRMATION_OK"
24734,10411716208,10411716258,1,"IOTHUB_CLIENT_CONFIRMATION_OK"
24735,10411716409,10411716479,1,"IOTHUB_CLIENT_CONFIRMATION_OK"
24736,10411716609,10411716659,1,"IOTHUB_CLIENT_CONFIRMATION_OK"
24737,10411716809,10411716862,1,"IOTHUB_CLIENT_CONFIRMATION_OK"
24738,10411717009,10411717106,1,"IOTHUB_CLIENT_CONFIRMATION_OK"
24739,10411717209,10411717353,1,"IOTHUB_CLIENT_CONFIRMATION_OK"
24740,10411717409,10411717487,1,"IOTHUB_CLIENT_CONFIRMATION_OK"
24741,10411717609,10411717658,1,"IOTHUB_CLIENT_CONFIRMATION_OK"
24742,10411717810,10411717848,1,"IOTHUB_CLIENT_CONFIRMATION_OK"
24743,10411718010,10411718158,1,"IOTHUB_CLIENT_CONFIRMATION_OK"
24744,10411718210,10411718250,1,"IOTHUB_CLIENT_CONFIRMATION_OK"
24745,10411718410,10411718455,1,"IOTHUB_CLIENT_CONFIRMATION_OK"
24746,10411718610,10411718848,1,"IOTHUB_CLIENT_CONFIRMATION_OK"
24747,10411718810,10411718887,1,"IOTHUB_CLIENT_CONFIRMATION_OK"
24748,10411719010,10411719066,1,"IOTHUB_CLIENT_CONFIRMATION_OK"
24749,10411719211,10411719247,1,"IOTHUB_CLIENT_CONFIRMATION_OK"
24750,10411719411,10411719495,1,"IOTHUB_CLIENT_CONFIRMATION_OK"
24751,10411719611,10411719670,1,"IOTHUB_CLIENT_CONFIRMATION_OK"
24752,10411719811,10411719879,1,"IOTHUB_CLIENT_CONFIRMATION_OK"
24753,10411720011,10411720070,1,"IOTHUB_CLIENT_CONFIRMATION_OK"
24754,10411720211,10411720346,1,"IOTHUB_CLIENT_CONFIRMATION_OK"
24755,10411720412,10411720473,1,"IOTHUB_CLIENT_CONFIRMATION_OK"
24756,10411720612,10411720719,1,"IOTHUB_CLIENT_CONFIRMATION_OK"
24757,10411720812,10411720859,1,"IOTHUB_CLIENT_CONFIRMATION_OK"
24758,10411721012,10411721077,1,"IOTHUB_CLIENT_CONFIRMATION_OK"
24759,10411721212,10411721276,1,"IOTHUB_CLIENT_CONFIRMATION_OK"
24760,10411721412,10411721612,1,"IOTHUB_CLIENT_CONFIRMATION_OK"
24761,10411721613,10411721685,1,"IOTHUB_CLIENT_CONFIRMATION_OK"
24762,10411721813,10411721874,1,"IOTHUB_CLIENT_CONFIRMATION_OK"
24763,10411722013,10411722090,1,"IOTHUB_CLIENT_CONFIRMATION_OK"
24764,10411722213,10411722293,1,"IOTHUB_CLIENT_CONFIRMATION_OK"
24765,10411722413,10411722465,1,"IOTHUB_CLIENT_CONFIRMATION_OK"
24766,10411722613,10411722660,1,"IOTHUB_CLIENT_CONFIRMATION_OK"
24767,10411722814,10411722869,1,"IOTHUB_CLIENT_CONFIRMATION_OK"
24768,10411723014,10411723079,1,"IOTHUB_CLIENT_CONFIRMATION_OK"
24769,10411723214,10411723298,1,"IOTHUB_CLIENT_CONFIRMATION_OK"
24770,10411723414,10411723466,1,"IOTHUB_CLIENT_CONFIRMATION_OK"
24771,10411723614,10411723665,1,"IOTHUB_CLIENT_CONFIRMATION_OK"
24772,10411723814,10411723899,1,"IOTHUB_CLIENT_CONFIRMATION_OK"
24773,10411724014,10411724060,1,"IOTHUB_CLIENT_CONFIRMATION_OK"
24774,10411724215,10411724360,1,"IOTHUB_CLIENT_CONFIRMATION_OK"
24775,10411724415,10411724467,1,"IOTHUB_CLIENT_CONFIRMATION_OK"
24776,10411724615,10411724685,1,"IOTHUB_CLIENT_CONFIRMATION_OK"
24777,10411724815,10411724908,1,"IOTHUB_CLIENT_CONFIRMATION_OK"
24778,10411725015,10411725062,1,"IOTHUB_CLIENT_CONFIRMATION_OK"
24779,10411725215,10411725255,1,"IOTHUB_CLIENT_CONFIRMATION_OK"
24780,10411725416,10411725462,1,"IOTHUB_CLIENT_CONFIRMATION_OK"
24781,10411725616,10411725661,1,"IOTHUB_CLIENT_CONFIRMATION_OK"
24782,10411725816,10411725897,1,"IOTHUB_CLIENT_CONFIRMATION_OK"
24783,10411726016,10411726075,1,"IOTHUB_CLIENT_CONFIRMATION_OK"
24784,10411726216,10411726272,1,"IOTHUB_CLIENT_CONFIRMATION_OK"
24785,10411726416,10411726520,1,"IOTHUB_CLIENT_CONFIRMATION_OK"
24786,10411726616,10411726724,1,"IOTHUB_CLIENT_CONFIRMATION_OK"
24787,10411726817,10411726856,1,"IOTHUB_CLIENT_CONFIRMATION_OK"
24788,10411727017,10411727135,1,"IOTHUB_CLIENT_CONFIRMATION_OK"
24789,10411727217,10411727268,1,"IOTHUB_CLIENT_CONFIRMATION_OK"
24790,10411727417,10411727459,1,"IOTHUB_CLIENT_CONFIRMATION_OK"
24791,10411727617,10411727670,1,"IOTHUB_CLIENT_CONFIRMATION_OK"
24792,10411727817,10411727858,1,"IOTHUB_CLIENT_CONFIRMATION_OK"
24793,10411728018,10411728145,1,"IOTHUB_CLIENT_CONFIRMATION_OK"
24794,10411728218,10411728268,1,"IOTHUB_CLIENT_CONFIRMATION_OK"
24795,10411728418,10411728458,1,"IOTHUB_CLIENT_CONFIRMATION_OK"
24796,10411728618,10411728782,1,"IOTHUB_CLIENT_CONFIRMATION_OK"
24797,10411728818,10411728855,1,"IOTHUB_CLIENT_CONFIRMATION_OK"
24798,10411729018,10411729064,1,"IOTHUB_CLIENT_CONFIRMATION_OK"
24799,10411729218,10411729264,1,"IOTHUB_CLIENT_CONFIRMATION_OK"
24800,10411729419,10411729470,1,"IOTHUB_CLIENT_CONFIRMATION_OK"
24801,10411729619,10411729687,1,"IOTHUB_CLIENT_CONFIRMATION_OK"
24802,10411729819,10411729861,1,"IOTHUB_CLIENT_CONFIRMATION_OK"
24803,10411730019,10411730074,1,"IOTHUB_CLIENT_CONFIRMATION_OK"
24804,10411730219,10411730261,1,"IOTHUB_CLIENT_CONFIRMATION_OK"
24805,10411730419,10411730458,1,"IOTHUB_CLIENT_CONFIRMATION_OK"
24806,10411730620,10411730663,1,"IOTHUB_CLIENT_CONFIRMATION_OK"
24807,10411730820,10411731005,1,"IOTHUB_CLIENT_CONFIRMATION_OK"
24808,10411731020,10411731058,1,"IOTHUB_CLIENT_CONFIRMATION_OK"
24809,10411731220,10411731318,1,"IOTHUB_CLIENT_CONFIRMATION_OK"
24810,10411731420,10411731469,1,"IOTHUB_CLIENT_CONFIRMATION_OK"
24811,10411731620,10411731677,1,"IOTHUB_CLIENT_CONFIRMATION_OK"
24812,10411731820,10411731870,1,"IOTHUB_CLIENT_CONFIRMATION_OK"
24813,10411732021,10411732092,1,"IOTHUB_CLIENT_CONFIRMATION_OK"
24814,10411732221,10411732257,1,"IOTHUB_CLIENT_CONFIRMATION_OK"
24815,10411732421,10411732461,1,"IOTHUB_CLIENT_CONFIRMATION_OK"
24816,10411732621,10411732660,1,"IOTHUB_CLIENT_CONFIRMATION_OK"
24817,10411732821,10411732858,1,"IOTHUB_CLIENT_CONFIRMATION_OK"
24818,10411733021,10411733216,1,"IOTHUB_CLIENT_CONFIRMATION_OK"
24819,10411733222,10411733282,1,"IOTHUB_CLIENT_CONFIRMATION_OK"
24820,10411733422,10411733464,1,"IOTHUB_CLIENT_CONFIRMATION_OK"
24821,10411733622,10411733665,1,"IOTHUB_CLIENT_CONFIRMATION_OK"
24822,10411733822,10411733922,1,"IOTHUB_CLIENT_CONFIRMATION_OK"
24823,10411734022,10411734081,1,"IOTHUB_CLIENT_CONFIRMATION_OK"
24824,10411734222,10411734326,1,"IOTHUB_CLIENT_CONFIRMATION_OK"
24825,10411734422,10411734488,1,"IOTHUB_CLIENT_CONFIRMATION_OK"
24826,10411734623,10411734684,1,"IOTHUB_CLIENT_CONFIRMATION_OK"
24827,10411734823,10411734867,1,"IOTHUB_CLIENT_CONFIRMATION_OK"
24828,10411735023,10411735097,1,"IOTHUB_CLIENT_CONFIRMATION_OK"
24829,10411735223,10411735281,1,"IOTHUB_CLIENT_CONFIRMATION_OK"
24830,10411735423,10411735479,1,"IOTHUB_CLIENT_CONFIRMATION_OK"
24831,10411735623,10411735674,1,"IOTHUB_CLIENT_CONFIRMATION_OK"
24832,10411735824,10411735963,1,"IOTHUB_CLIENT_CONFIRMATION_OK"
24833,10411736024,10411736086,1,"IOTHUB_CLIENT_CONFIRMATION_OK"
24834,10411736224,10411736260,1,"IOTHUB_CLIENT_CONFIRMATION_OK"
24835,10411736424,10411736597,1,"IOTHUB_CLIENT_CONFIRMATION_OK"
24836,10411736624,10411736666,1,"IOTHUB_CLIENT_CONFIRMATION_OK"
24837,10411736824,10411736865,1,"IOTHUB_CLIENT_CONFIRMATION_OK"
24838,10411737025,10411737070,1,"IOTHUB_CLIENT_CONFIRMATION_OK"
24839,10411737225,10411737323,1,"IOTHUB_CLIENT_CONFIRMATION_OK"
24840,10411737425,10411737488,1,"IOTHUB_CLIENT_CONFIRMATION_OK"
24841,10411737625,10411737677,1,"IOTHUB_CLIENT_CONFIRMATION_OK"
24842,10411737825,10411737867,1,"IOTHUB_CLIENT_CONFIRMATION_OK"
24843,10411738025,10411738253,1,"IOTHUB_CLIENT_CONFIRMATION_OK"
24844,10411738226,10411738305,1,"IOTHUB_CLIENT_CONFIRMATION_OK"
24845,10411738426,10411738469,1,"IOTHUB_CLIENT_CONFIRMATION_OK"
24846,10411738626,10411738827,1,"IOTHUB_CLIENT_CONFIRMATION_OK"
24847,10411738826,10411738865,1,"IOTHUB_CLIENT_CONFIRMATION_OK"
24848,10411739026,10411739083,1,"IOTHUB_CLIENT_CONFIRMATION_OK"
24849,10411739226,10411739347,1,"IOTHUB_CLIENT_CONFIRMATION_OK"
24850,10411739426,10411739471,1,"IOTHUB_CLIENT_CONFIRMATION_OK"
24851,10411739627,10411739675,1,"IOTHUB_CLIENT_CONFIRMATION_OK"
24852,10411739827,10411739882,1,"IOTHUB_CLIENT_CONFIRMATION_OK"
24853,10411740027,10411740074,1,"IOTHUB_CLIENT_CONFIRMATION_OK"
24854,10411740227,10411740289,1,"IOTHUB_CLIENT_CONFIRMATION_OK"
24855,10411740427,10411740474,1,"IOTHUB_CLIENT_CONFIRMATION_OK"
24856,10411740627,10411740719,1,"IOTHUB_CLIENT_CONFIRMATION_OK"
24857,10411740828,10411740945,1,"IOTHUB_CLIENT_CONFIRMATION_OK"
24858,10411741028,10411741072,1,"IOTHUB_CLIENT_CONFIRMATION_OK"
24859,10411741228,10411741286,1,"IOTHUB_CLIENT_CONFIRMATION_OK"
24860,10411741428,10411741573,1,"IOTHUB_CLIENT_CONFIRMATION_OK"
24861,10411741628,10411741671,1,"IOTHUB_CLIENT_CONFIRMATION_OK"
24862,10411741828,10411741868,1,"IOTHUB_CLIENT_CONFIRMATION_OK"
24863,10411742028,10411742095,1,"IOTHUB_CLIENT_CONFIRMATION_OK"
24864,10411742229,10411742290,1,"IOTHUB_CLIENT_CONFIRMATION_OK"
24865,10411742429,10411742494,1,"IOTHUB_CLIENT_CONFIRMATION_OK"
24866,10411742629,10411742721,1,"IOTHUB_CLIENT_CONFIRMATION_OK"
24867,10411742829,10411742878,1,"IOTHUB_CLIENT_CONFIRMATION_OK"
24868,10411743029,10411743191,1,"IOTHUB_CLIENT_CONFIRMATION_OK"
24869,10411743229,10411743277,1,"IOTHUB_CLIENT_CONFIRMATION_OK"
24870,10411743430,10411743492,1,"IOTHUB_CLIENT_CONFIRMATION_OK"
24871,10411743630,10411743805,1,"IOTHUB_CLIENT_CONFIRMATION_OK"
24872,10411743830,10411744030,1,"IOTHUB_CLIENT_CONFIRMATION_OK"
24873,10411744030,10411744073,1,"IOTHUB_CLIENT_CONFIRMATION_OK"
24874,10411744230,10411744284,1,"IOTHUB_CLIENT_CONFIRMATION_OK"
24875,10411744430,10411744481,1,"IOTHUB_CLIENT_CONFIRMATION_OK"
24876,10411744630,10411744688,1,"IOTHUB_CLIENT_CONFIRMATION_OK"
24877,10411744831,10411744892,1,"IOTHUB_CLIENT_CONFIRMATION_OK"
24878,10411745031,10411745085,1,"IOTHUB_CLIENT_CONFIRMATION_OK"
24879,10411745231,10411745324,1,"IOTHUB_CLIENT_CONFIRMATION_OK"
24880,10411745431,10411745483,1,"IOTHUB_CLIENT_CONFIRMATION_OK"
24881,10411745631,10411745676,1,"IOTHUB_CLIENT_CONFIRMATION_OK"
24882,10411745831,10411745889,1,"IOTHUB_CLIENT_CONFIRMATION_OK"
24883,10411746032,10411746091,1,"IOTHUB_CLIENT_CONFIRMATION_OK"
24884,10411746232,10411746358,1,"IOTHUB_CLIENT_CONFIRMATION_OK"
24885,10411746432,10411746497,1,"IOTHUB_CLIENT_CONFIRMATION_OK"
24886,10411746632,10411746678,1,"IOTHUB_CLIENT_CONFIRMATION_OK"
24887,10411746832,10411746883,1,"IOTHUB_CLIENT_CONFIRMATION_OK"
24888,10411747032,10411747150,1,"IOTHUB_CLIENT_CONFIRMATION_OK"
24889,10411747233,10411747272,1,"IOTHUB_CLIENT_CONFIRMATION_OK"
24890,10411747433,10411747485,1,"IOTHUB_CLIENT_CONFIRMATION_OK"
24891,10411747633,10411747670,1,"IOTHUB_CLIENT_CONFIRMATION_OK"
24892,10411747833,10411747875,1,"IOTHUB_CLIENT_CONFIRMATION_OK"
24893,10411748033,10411748104,1,"IOTHUB_CLIENT_CONFIRMATION_OK"
24894,10411748233,10411748290,1,"IOTHUB_CLIENT_CONFIRMATION_OK"
24895,10411748433,10411748489,1,"IOTHUB_CLIENT_CONFIRMATION_OK"
24896,10411748634,10411748752,1,"IOTHUB_CLIENT_CONFIRMATION_OK"
24897,10411748834,10411748909,1,"IOTHUB_CLIENT_CONFIRMATION_OK"
24898,10411749034,10411749097,1,"IOTHUB_CLIENT_CONFIRMATION_OK"
24899,10411749234,10411749367,1,"IOTHUB_CLIENT_CONFIRMATION_OK"
24900,10411749434,10411749481,1,"IOTHUB_CLIENT_CONFIRMATION_OK"
24901,10411749634,10411749693,1,"IOTHUB_CLIENT_CONFIRMATION_OK"
24902,10411749835,10411749879,1,"IOTHUB_CLIENT_CONFIRMATION_OK"
24903,10411750035,10411750067,1,"IOTHUB_CLIENT_CONFIRMATION_OK"
24904,10411750235,10411750292,1,"IOTHUB_CLIENT_CONFIRMATION_OK"
24905,10411750435,10411750501,1,"IOTHUB_CLIENT_CONFIRMATION_OK"
24906,10411750635,10411750690,1,"IOTHUB_CLIENT_CONFIRMATION_OK"
24907,10411750835,10411750997,1,"IOTHUB_CLIENT_CONFIRMATION_OK"
24908,10411751035,10411751103,1,"IOTHUB_CLIENT_CONFIRMATION_OK"
24909,10411751236,10411751288,1,"IOTHUB_CLIENT_CONFIRMATION_OK"
24910,10411751436,10411751483,1,"IOTHUB_CLIENT_CONFIRMATION_OK"
24911,10411751636,10411751683,1,"IOTHUB_CLIENT_CONFIRMATION_OK"
24912,10411751836,10411751927,1,"IOTHUB_CLIENT_CONFIRMATION_OK"
24913,10411752036,10411752085,1,"IOTHUB_CLIENT_CONFIRMATION_OK"
24914,10411752236,10411752294,1,"IOTHUB_CLIENT_CONFIRMATION_OK"
24915,10411752437,10411752502,1,"IOTHUB_CLIENT_CONFIRMATION_OK"
24916,10411752637,10411752693,1,"IOTHUB_CLIENT_CONFIRMATION_OK"
24917,10411752837,10411752950,1,"IOTHUB_CLIENT_CONFIRMATION_OK"
24918,10411753037,10411753281,1,"IOTHUB_CLIENT_CONFIRMATION_OK"
24919,10411753237,10411753315,1,"IOTHUB_CLIENT_CONFIRMATION_OK"
24920,10411753437,10411753507,1,"IOTHUB_CLIENT_CONFIRMATION_OK"
24921,10411753637,10411753775,1,"IOTHUB_CLIENT_CONFIRMATION_OK"
24922,10411753838,10411753940,1,"IOTHUB_CLIENT_CONFIRMATION_OK"
24923,10411754038,10411754085,1,"IOTHUB_CLIENT_CONFIRMATION_OK"
24924,10411754238,10411754295,1,"IOTHUB_CLIENT_CONFIRMATION_OK"
24925,10411754438,10411754478,1,"IOTHUB_CLIENT_CONFIRMATION_OK"
24926,10411754638,10411754676,1,"IOTHUB_CLIENT_CONFIRMATION_OK"
24927,10411754838,10411754887,1,"IOTHUB_CLIENT_CONFIRMATION_OK"
24928,10411755039,10411755158,1,"IOTHUB_CLIENT_CONFIRMATION_OK"
24929,10411755239,10411755285,1,"IOTHUB_CLIENT_CONFIRMATION_OK"
24930,10411755439,10411755497,1,"IOTHUB_CLIENT_CONFIRMATION_OK"
24931,10411755639,10411755716,1,"IOTHUB_CLIENT_CONFIRMATION_OK"
24932,10411755839,10411755887,1,"IOTHUB_CLIENT_CONFIRMATION_OK"
24933,10411756039,10411756083,1,"IOTHUB_CLIENT_CONFIRMATION_OK"
24934,10411756239,10411756291,1,"IOTHUB_CLIENT_CONFIRMATION_OK"
24935,10411756440,10411756515,1,"IOTHUB_CLIENT_CONFIRMATION_OK"
24936,10411756640,10411756703,1,"IOTHUB_CLIENT_CONFIRMATION_OK"
24937,10411756840,10411756994,1,"IOTHUB_CLIENT_CONFIRMATION_OK"
24938,10411757040,10411757130,1,"IOTHUB_CLIENT_CONFIRMATION_OK"
24939,10411757240,10411757288,1,"IOTHUB_CLIENT_CONFIRMATION_OK"
24940,10411757440,10411757565,1,"IOTHUB_CLIENT_CONFIRMATION_OK"
24941,10411757641,10411757691,1,"IOTHUB_CLIENT_CONFIRMATION_OK"
24942,10411757841,10411757911,1,"IOTHUB_CLIENT_CONFIRMATION_OK"
24943,10411758041,10411758135,1,"IOTHUB_CLIENT_CONFIRMATION_OK"
24944,10411758241,10411758296,1,"IOTHUB_CLIENT_CONFIRMATION_OK"
24945,10411758441,10411758478,1,"IOTHUB_CLIENT_CONFIRMATION_OK"
24946,10411758641,10411758855,1,"IOTHUB_CLIENT_CONFIRMATION_OK"
24947,10411758841,10411758895,1,"IOTHUB_CLIENT_CONFIRMATION_OK"
24948,10411759042,10411759090,1,"IOTHUB_CLIENT_CONFIRMATION_OK"
24949,10411759242,10411759277,1,"IOTHUB_CLIENT_CONFIRMATION_OK"
24950,10411759442,10411759507,1,"IOTHUB_CLIENT_CONFIRMATION_OK"
24951,10411759642,10411759678,1,"IOTHUB_CLIENT_CONFIRMATION_OK"
24952,10411759842,10411759902,1,"IOTHUB_CLIENT_CONFIRMATION_OK"
24953,10411760042,10411760097,1,"IOTHUB_CLIENT_CONFIRMATION_OK"
24954,10411760243,10411760278,1,"IOTHUB_CLIENT_CONFIRMATION_OK"
24955,10411760443,10411760479,1,"IOTHUB_CLIENT_CONFIRMATION_OK"
24956,10411760643,10411760683,1,"IOTHUB_CLIENT_CONFIRMATION_OK"
24957,10411760843,10411760934,1,"IOTHUB_CLIENT_CONFIRMATION_OK"
24958,10411761043,10411761105,1,"IOTHUB_CLIENT_CONFIRMATION_OK"
24959,10411761243,10411761300,1,"IOTHUB_CLIENT_CONFIRMATION_OK"
24960,10411761444,10411761542,1,"IOTHUB_CLIENT_CONFIRMATION_OK"
24961,10411761644,10411761689,1,"IOTHUB_CLIENT_CONFIRMATION_OK"
24962,10411761844,10411761907,1,"IOTHUB_CLIENT_CONFIRMATION_OK"
24963,10411762044,10411762153,1,"IOTHUB_CLIENT_CONFIRMATION_OK"
24964,10411762244,10411762300,1,"IOTHUB_CLIENT_CONFIRMATION_OK"
24965,10411762444,10411762491,1,"IOTHUB_CLIENT_CONFIRMATION_OK"
24966,10411762644,10411762712,1,"IOTHUB_CLIENT_CONFIRMATION_OK"
24967,10411762845,10411762892,1,"IOTHUB_CLIENT_CONFIRMATION_OK"
24968,10411763045,10411763126,1,"IOTHUB_CLIENT_CONFIRMATION_OK"
24969,10411763245,10411763289,1,"IOTHUB_CLIENT_CONFIRMATION_OK"
24970,10411763445,10411763503,1,"IOTHUB_CLIENT_CONFIRMATION_OK"
24971,10411763645,10411763706,1,"IOTHUB_CLIENT_CONFIRMATION_OK"
24972,10411763845,10411764038,1,"IOTHUB_CLIENT_CONFIRMATION_OK"
24973,10411764046,10411764132,1,"IOTHUB_CLIENT_CONFIRMATION_OK"
24974,10411764246,10411764321,1,"IOTHUB_CLIENT_CONFIRMATION_OK"
24975,10411764446,10411764538,1,"IOTHUB_CLIENT_CONFIRMATION_OK"
24976,10411764646,10411764691,1,"IOTHUB_CLIENT_CONFIRMATION_OK"
24977,10411764846,10411764934,1,"IOTHUB_CLIENT_CONFIRMATION_OK"
24978,10411765046,10411765102,1,"IOTHUB_CLIENT_CONFIRMATION_OK"
24979,10411765246,10411765285,1,"IOTHUB_CLIENT_CONFIRMATION_OK"
24980,10411765447,10411765495,1,"IOTHUB_CLIENT_CONFIRMATION_OK"
24981,10411765647,10411765706,1,"IOTHUB_CLIENT_CONFIRMATION_OK"
24982,10411765847,10411765954,1,"IOTHUB_CLIENT_CONFIRMATION_OK"
24983,10411766047,10411766088,1,"IOTHUB_CLIENT_CONFIRMATION_OK"
24984,10411766247,10411766290,1,"IOTHUB_CLIENT_CONFIRMATION_OK"
24985,10411766447,10411766590,1,"IOTHUB_CLIENT_CONFIRMATION_OK"
24986,10411766647,10411766685,1,"IOTHUB_CLIENT_CONFIRMATION_OK"
24987,10411766848,10411766884,1,"IOTHUB_CLIENT_CONFIRMATION_OK"
24988,10411767048,10411767093,1,"IOTHUB_CLIENT_CONFIRMATION_OK"
24989,10411767248,10411767305,1,"IOTHUB_CLIENT_CONFIRMATION_OK"
24990,10411767448,10411767492,1,"IOTHUB_CLIENT_CONFIRMATION_OK"
24991,10411767648,10411767713,1,"IOTHUB_CLIENT_CONFIRMATION_OK"
24992,10411767848,10411767899,1,"IOTHUB_CLIENT_CONFIRMATION_OK"
24993,10411768048,10411768175,1,"IOTHUB_CLIENT_CONFIRMATION_OK"
24994,10411768249,10411768293,1,"IOTHUB_CLIENT_CONFIRMATION_OK"
24995,10411768449,10411768507,1,"IOTHUB_CLIENT_CONFIRMATION_OK"
24996,10411768649,10411768973,1,"IOTHUB_CLIENT_CONFIRMATION_OK"
24997,10411768849,10411769018,1,"IOTHUB_CLIENT_CONFIRMATION_OK"
24998,10411769049,10411769098,1,"IOTHUB_CLIENT_CONFIRMATION_OK"
24999,10411769249,10411769374,1,"IOTHUB_CLIENT_CONFIRMATION_OK"
25000,10411769450,10411769490,1,"IOTHUB_CLIENT_CONFIRMATION_OK"
25001,10411769650,10411769695,1,"IOTHUB_CLIENT_CONFIRMATION_OK"
25002,10411769850,10411769901,1,"IOTHUB_CLIENT_CONFIRMATION_OK"
25003,10411770050,10411770093,1,"IOTHUB_CLIENT_CONFIRMATION_OK"
25004,10411770250,10411770316,1,"IOTHUB_CLIENT_CONFIRMATION_OK"
25005,10411770450,10411770494,1,"IOTHUB_CLIENT_CONFIRMATION_OK"
25006,10411770650,10411770711,1,"IOTHUB_CLIENT_CONFIRMATION_OK"
25007,10411770851,10411770986,1,"IOTHUB_CLIENT_CONFIRMATION_OK"
25008,10411771051,10411771135,1,"IOTHUB_CLIENT_CONFIRMATION_OK"
25009,10411771251,10411771292,1,"IOTHUB_CLIENT_CONFIRMATION_OK"
25010,10411771451,10411771640,1,"IOTHUB_CLIENT_CONFIRMATION_OK"
25011,10411771651,10411771704,1,"IOTHUB_CLIENT_CONFIRMATION_OK"
25012,10411771851,10411771898,1,"IOTHUB_CLIENT_CONFIRMATION_OK"
25013,10411772052,10411772102,1,"IOTHUB_CLIENT_CONFIRMATION_OK"
25014,10411772252,10411772290,1,"IOTHUB_CLIENT_CONFIRMATION_OK"
25015,10411772452,10411772490,1,"IOTHUB_CLIENT_CONFIRMATION_OK"
25016,10411772652,10411772730,1,"IOTHUB_CLIENT_CONFIRMATION_OK"
25017,10411772852,10411772901,1,"IOTHUB_CLIENT_CONFIRMATION_OK"
25018,10411773052,10411773097,1,"IOTHUB_CLIENT_CONFIRMATION_OK"
25019,10411773252,10411773517,1,"IOTHUB_CLIENT_CONFIRMATION_OK"
25020,10411773453,10411773590,1,"IOTHUB_CLIENT_CONFIRMATION_OK"
25021,10411773653,10411773696,1,"IOTHUB_CLIENT_CONFIRMATION_OK"
25022,10411773853,10411773903,1,"IOTHUB_CLIENT_CONFIRMATION_OK"
25023,10411774053,10411774169,1,"IOTHUB_CLIENT_CONFIRMATION_OK"
25024,10411774253,10411774306,1,"IOTHUB_CLIENT_CONFIRMATION_OK"
25025,10411774453,10411774498,1,"IOTHUB_CLIENT_CONFIRMATION_OK"
25026,10411774654,10411774693,1,"IOTHUB_CLIENT_CONFIRMATION_OK"
25027,10411774854,10411774900,1,"IOTHUB_CLIENT_CONFIRMATION_OK"
25028,10411775054,10411775126,1,"IOTHUB_CLIENT_CONFIRMATION_OK"
25029,10411775254,10411775346,1,"IOTHUB_CLIENT_CONFIRMATION_OK"
25030,10411775454,10411775502,1,"IOTHUB_CLIENT_CONFIRMATION_OK"
25031,10411775654,10411775710,1,"IOTHUB_CLIENT_CONFIRMATION_OK"
25032,10411775854,10411775914,1,"IOTHUB_CLIENT_CONFIRMATION_OK"
25033,10411776055,10411776112,1,"IOTHUB_CLIENT_CONFIRMATION_OK"
25034,10411776255,10411776327,1,"IOTHUB_CLIENT_CONFIRMATION_OK"
25035,10411776455,10411776492,1,"IOTHUB_CLIENT_CONFIRMATION_OK"
25036,10411776655,10411776699,1,"IOTHUB_CLIENT_CONFIRMATION_OK"
25037,10411776855,10411776924,1,"IOTHUB_CLIENT_CONFIRMATION_OK"
25038,10411777055,10411777091,1,"IOTHUB_CLIENT_CONFIRMATION_OK"
25039,10411777255,10411777302,1,"IOTHUB_CLIENT_CONFIRMATION_OK"
25040,10411777456,10411777497,1,"IOTHUB_CLIENT_CONFIRMATION_OK"
25041,10411777656,10411777702,1,"IOTHUB_CLIENT_CONFIRMATION_OK"
25042,10411777856,10411777916,1,"IOTHUB_CLIENT_CONFIRMATION_OK"
25043,10411778056,10411778191,1,"IOTHUB_CLIENT_CONFIRMATION_OK"
25044,10411778256,10411778341,1,"IOTHUB_CLIENT_CONFIRMATION_OK"
25045,10411778456,10411778501,1,"IOTHUB_CLIENT_CONFIRMATION_OK"
25046,10411778656,10411778829,1,"IOTHUB_CLIENT_CONFIRMATION_OK"
25047,10411778857,10411778908,1,"IOTHUB_CLIENT_CONFIRMATION_OK"
25048,10411779057,10411779097,1,"IOTHUB_CLIENT_CONFIRMATION_OK"
25049,10411779257,10411779332,1,"IOTHUB_CLIENT_CONFIRMATION_OK"
25050,10411779457,10411779499,1,"IOTHUB_CLIENT_CONFIRMATION_OK"
25051,10411779657,10411779741,1,"IOTHUB_CLIENT_CONFIRMATION_OK"
25052,10411779857,10411779932,1,"IOTHUB_CLIENT_CONFIRMATION_OK"
25053,10411780058,10411780117,1,"IOTHUB_CLIENT_CONFIRMATION_OK"
25054,10411780258,10411780294,1,"IOTHUB_CLIENT_CONFIRMATION_OK"
25055,10411780458,10411780502,1,"IOTHUB_CLIENT_CONFIRMATION_OK"
25056,10411780658,10411780702,1,"IOTHUB_CLIENT_CONFIRMATION_OK"
25057,10411780858,10411781071,1,"IOTHUB_CLIENT_CONFIRMATION_OK"
25058,10411781058,10411781113,1,"IOTHUB_CLIENT_CONFIRMATION_OK"
25059,10411781258,10411781307,1,"IOTHUB_CLIENT_CONFIRMATION_OK"
25060,10411781459,10411781510,1,"IOTHUB_CLIENT_CONFIRMATION_OK"
25061,10411781659,10411781707,1,"IOTHUB_CLIENT_CONFIRMATION_OK"
25062,10411781859,10411781905,1,"IOTHUB_CLIENT_CONFIRMATION_OK"
25063,10411782059,10411782112,1,"IOTHUB_CLIENT_CONFIRMATION_OK"
25064,10411782259,10411782302,1,"IOTHUB_CLIENT_CONFIRMATION_OK"
25065,10411782459,10411782509,1,"IOTHUB_CLIENT_CONFIRMATION_OK"
25066,10411782660,10411782719,1,"IOTHUB_CLIENT_CONFIRMATION_OK"
25067,10411782860,10411782923,1,"IOTHUB_CLIENT_CONFIRMATION_OK"
25068,10411783060,10411783102,1,"IOTHUB_CLIENT_CONFIRMATION_OK"
25069,10411783260,10411783309,1,"IOTHUB_CLIENT_CONFIRMATION_OK"
25070,10411783460,10411783502,1,"IOTHUB_CLIENT_CONFIRMATION_OK"
25071,10411783660,10411783723,1,"IOTHUB_CLIENT_CONFIRMATION_OK"
25072,10411783860,10411783995,1,"IOTHUB_CLIENT_CONFIRMATION_OK"
25073,10411784061,10411784108,1,"IOTHUB_CLIENT_CONFIRMATION_OK"
25074,10411784261,10411784298,1,"IOTHUB_CLIENT_CONFIRMATION_OK"
25075,10411784461,10411784504,1,"IOTHUB_CLIENT_CONFIRMATION_OK"
25076,10411784661,10411784706,1,"IOTHUB_CLIENT_CONFIRMATION_OK"
25077,10411784861,10411784929,1,"IOTHUB_CLIENT_CONFIRMATION_OK"
25078,10411785061,10411785133,1,"IOTHUB_CLIENT_CONFIRMATION_OK"
25079,10411785262,10411785350,1,"IOTHUB_CLIENT_CONFIRMATION_OK"
25080,10411785462,10411785550,1,"IOTHUB_CLIENT_CONFIRMATION_OK"
25081,10411785662,10411785718,1,"IOTHUB_CLIENT_CONFIRMATION_OK"
25082,10411785862,10411786109,1,"IOTHUB_CLIENT_CONFIRMATION_OK"
25083,10411786062,10411786137,1,"IOTHUB_CLIENT_CONFIRMATION_OK"
25084,10411786262,10411786334,1,"IOTHUB_CLIENT_CONFIRMATION_OK"
25085,10411786462,10411786515,1,"IOTHUB_CLIENT_CONFIRMATION_OK"
25086,10411786663,10411786723,1,"IOTHUB_CLIENT_CONFIRMATION_OK"
25087,10411786863,10411786910,1,"IOTHUB_CLIENT_CONFIRMATION_OK"
25088,10411787063,10411787122,1,"IOTHUB_CLIENT_CONFIRMATION_OK"
25089,10411787263,10411787311,1,"IOTHUB_CLIENT_CONFIRMATION_OK"
25090,10411787463,10411787545,1,"IOTHUB_CLIENT_CONFIRMATION_OK"
25091,10411787663,10411787722,1,"IOTHUB_CLIENT_CONFIRMATION_OK"
25092,10411787864,10411787926,1,"IOTHUB_CLIENT_CONFIRMATION_OK"
25093,10411788064,10411788114,1,"IOTHUB_CLIENT_CONFIRMATION_OK"
25094,10411788264,10411788299,1,"IOTHUB_CLIENT_CONFIRMATION_OK"
25095,10411788464,10411788509,1,"IOTHUB_CLIENT_CONFIRMATION_OK"
25096,10411788664,10411788727,1,"IOTHUB_CLIENT_CONFIRMATION_OK"
25097,10411788864,10411788929,1,"IOTHUB_CLIENT_CONFIRMATION_OK"
25098,10411789065,10411789133,1,"IOTHUB_CLIENT_CONFIRMATION_OK"
25099,10411789265,10411789332,1,"IOTHUB_CLIENT_CONFIRMATION_OK"
25100,10411789465,10411789512,1,"IOTHUB_CLIENT_CONFIRMATION_OK"
25101,10411789665,10411789707,1,"IOTHUB_CLIENT_CONFIRMATION_OK"
25102,10411789865,10411789967,1,"IOTHUB_CLIENT_CONFIRMATION_OK"
25103,10411790065,10411790132,1,"IOTHUB_CLIENT_CONFIRMATION_OK"
25104,10411790265,10411790314,1,"IOTHUB_CLIENT_CONFIRMATION_OK"
25105,10411790466,10411790520,1,"IOTHUB_CLIENT_CONFIRMATION_OK"
25106,10411790666,10411790709,1,"IOTHUB_CLIENT_CONFIRMATION_OK"
25107,10411790866,10411791004,1,"IOTHUB_CLIENT_CONFIRMATION_OK"
25108,10411791066,10411791119,1,"IOTHUB_CLIENT_CONFIRMATION_OK"
25109,10411791266,10411791314,1,"IOTHUB_CLIENT_CONFIRMATION_OK"
25110,10411791466,10411791584,1,"IOTHUB_CLIENT_CONFIRMATION_OK"
25111,10411791667,10411791711,1,"IOTHUB_CLIENT_CONFIRMATION_OK"
25112,10411791867,10411791927,1,"IOTHUB_CLIENT_CONFIRMATION_OK"
25113,10411792067,10411792112,1,"IOTHUB_CLIENT_CONFIRMATION_OK"
25114,10411792267,10411792314,1,"IOTHUB_CLIENT_CONFIRMATION_OK"
25115,10411792467,10411792529,1,"IOTHUB_CLIENT_CONFIRMATION_OK"
25116,10411792667,10411792716,1,"IOTHUB_CLIENT_CONFIRMATION_OK"
25117,10411792868,10411792914,1,"IOTHUB_CLIENT_CONFIRMATION_OK"
25118,10411793068,10411793277,1,"IOTHUB_CLIENT_CONFIRMATION_OK"
25119,10411793268,10411793350,1,"IOTHUB_CLIENT_CONFIRMATION_OK"
25120,10411793468,10411793515,1,"IOTHUB_CLIENT_CONFIRMATION_OK"
25121,10411793668,10411793855,1,"IOTHUB_CLIENT_CONFIRMATION_OK"
25122,10411793868,10411793916,1,"IOTHUB_CLIENT_CONFIRMATION_OK"
25123,10411794069,10411794115,1,"IOTHUB_CLIENT_CONFIRMATION_OK"
25124,10411794269,10411794344,1,"IOTHUB_CLIENT_CONFIRMATION_OK"
25125,10411794469,10411794563,1,"IOTHUB_CLIENT_CONFIRMATION_OK"
25126,10411794669,10411794727,1,"IOTHUB_CLIENT_CONFIRMATION_OK"
25127,10411794869,10411794911,1,"IOTHUB_CLIENT_CONFIRMATION_OK"
25128,10411795069,10411795127,1,"IOTHUB_CLIENT_CONFIRMATION_OK"
25129,10411795269,10411795315,1,"IOTHUB_CLIENT_CONFIRMATION_OK"
25130,10411795470,10411795517,1,"IOTHUB_CLIENT_CONFIRMATION_OK"
25131,10411795670,10411795722,1,"IOTHUB_CLIENT_CONFIRMATION_OK"
25132,10411795870,10411795973,1,"IOTHUB_CLIENT_CONFIRMATION_OK"
25133,10411796070,10411796110,1,"IOTHUB_CLIENT_CONFIRMATION_OK"
25134,10411796270,10411796331,1,"IOTHUB_CLIENT_CONFIRMATION_OK"
25135,10411796470,10411796660,1,"IOTHUB_CLIENT_CONFIRMATION_OK"
25136,10411796670,10411796728,1,"IOTHUB_CLIENT_CONFIRMATION_OK"
25137,10411796871,10411796912,1,"IOTHUB_CLIENT_CONFIRMATION_OK"
25138,10411797071,10411797141,1,"IOTHUB_CLIENT_CONFIRMATION_OK"
25139,10411797271,10411797327,1,"IOTHUB_CLIENT_CONFIRMATION_OK"
25140,10411797471,10411797518,1,"IOTHUB_CLIENT_CONFIRMATION_OK"
25141,10411797671,10411797718,1,"IOTHUB_CLIENT_CONFIRMATION_OK"
25142,10411797871,10411797933,1,"IOTHUB_CLIENT_CONFIRMATION_OK"
25143,10411798072,10411798239,1,"IOTHUB_CLIENT_CONFIRMATION_OK"
25144,10411798272,10411798322,1,"IOTHUB_CLIENT_CONFIRMATION_OK"
25145,10411798472,10411798518,1,"IOTHUB_CLIENT_CONFIRMATION_OK"
25146,10411798672,10411798846,1,"IOTHUB_CLIENT_CONFIRMATION_OK"
25147,10411798872,10411798979,1,"IOTHUB_CLIENT_CONFIRMATION_OK"
25148,10411799072,10411799217,1,"IOTHUB_CLIENT_CONFIRMATION_OK"
25149,10411799273,10411799319,1,"IOTHUB_CLIENT_CONFIRMATION_OK"
25150,10411799473,10411799527,1,"IOTHUB_CLIENT_CONFIRMATION_OK"
25151,10411799673,10411799759,1,"IOTHUB_CLIENT_CONFIRMATION_OK"
25152,10411799873,10411799927,1,"IOTHUB_CLIENT_CONFIRMATION_OK"
25153,10411800073,10411800120,1,"IOTHUB_CLIENT_CONFIRMATION_OK"
25154,10411800273,10411800319,1,"IOTHUB_CLIENT_CONFIRMATION_OK"
25155,10411800473,10411800519,1,"IOTHUB_CLIENT_CONFIRMATION_OK"
25156,10411800674,10411800744,1,"IOTHUB_CLIENT_CONFIRMATION_OK"
25157,10411800874,10411801079,1,"IOTHUB_CLIENT_CONFIRMATION_OK"
25158,10411801074,10411801115,1,"IOTHUB_CLIENT_CONFIRMATION_OK"
25159,10411801274,10411801343,1,"IOTHUB_CLIENT_CONFIRMATION_OK"
25160,10411801474,10411801523,1,"IOTHUB_CLIENT_CONFIRMATION_OK"
25161,10411801674,10411801723,1,"IOTHUB_CLIENT_CONFIRMATION_OK"
25162,10411801875,10411801916,1,"IOTHUB_CLIENT_CONFIRMATION_OK"
25163,10411802075,10411802155,1,"IOTHUB_CLIENT_CONFIRMATION_OK"
25164,10411802275,10411802330,1,"IOTHUB_CLIENT_CONFIRMATION_OK"
25165,10411802475,10411802506,1,"IOTHUB_CLIENT_CONFIRMATION_OK"
25166,10411802675,10411802728,1,"IOTHUB_CLIENT_CONFIRMATION_OK"
25167,10411802875,10411802910,1,"IOTHUB_CLIENT_CONFIRMATION_OK"
25168,10411803075,10411803167,1,"IOTHUB_CLIENT_CONFIRMATION_OK"
25169,10411803276,10411803375,1,"IOTHUB_CLIENT_CONFIRMATION_OK"
25170,10411803476,10411803540,1,"IOTHUB_CLIENT_CONFIRMATION_OK"
25171,10411803676,10411803828,1,"IOTHUB_CLIENT_CONFIRMATION_OK"
25172,10411803876,10411803936,1,"IOTHUB_CLIENT_CONFIRMATION_OK"
25173,10411804076,10411804136,1,"IOTHUB_CLIENT_CONFIRMATION_OK"
25174,10411804276,10411804321,1,"IOTHUB_CLIENT_CONFIRMATION_OK"
25175,10411804477,10411804538,1,"IOTHUB_CLIENT_CONFIRMATION_OK"
25176,10411804677,10411804772,1,"IOTHUB_CLIENT_CONFIRMATION_OK"
25177,10411804877,10411804919,1,"IOTHUB_CLIENT_CONFIRMATION_OK"
25178,10411805077,10411805131,1,"IOTHUB_CLIENT_CONFIRMATION_OK"
25179,10411805277,10411805360,1,"IOTHUB_CLIENT_CONFIRMATION_OK"
25180,10411805477,10411805603,1,"IOTHUB_CLIENT_CONFIRMATION_OK"
25181,10411805678,10411805728,1,"IOTHUB_CLIENT_CONFIRMATION_OK"
25182,10411805878,10411806053,1,"IOTHUB_CLIENT_CONFIRMATION_OK"
25183,10411806078,10411806124,1,"IOTHUB_CLIENT_CONFIRMATION_OK"
25184,10411806278,10411806322,1,"IOTHUB_CLIENT_CONFIRMATION_OK"
25185,10411806478,10411806531,1,"IOTHUB_CLIENT_CONFIRMATION_OK"
25186,10411806678,10411806739,1,"IOTHUB_CLIENT_CONFIRMATION_OK"
25187,10411806878,10411806940,1,"IOTHUB_CLIENT_CONFIRMATION_OK"
25188,10411807079,10411807177,1,"IOTHUB_CLIENT_CONFIRMATION_OK"
25189,10411807279,10411807341,1,"IOTHUB_CLIENT_CONFIRMATION_OK"
25190,10411807479,10411807519,1,"IOTHUB_CLIENT_CONFIRMATION_OK"
25191,10411807679,10411807791,1,"IOTHUB_CLIENT_CONFIRMATION_OK"
25192,10411807879,10411807949,1,"IOTHUB_CLIENT_CONFIRMATION_OK"
25193,10411808079,10411808186,1,"IOTHUB_CLIENT_CONFIRMATION_OK"
25194,10411808279,10411808321,1,"IOTHUB_CLIENT_CONFIRMATION_OK"
25195,10411808480,10411808573,1,"IOTHUB_CLIENT_CONFIRMATION_OK"
25196,10411808680,10411808808,1,"IOTHUB_CLIENT_CONFIRMATION_OK"
25197,10411808880,10411808931,1,"IOTHUB_CLIENT_CONFIRMATION_OK"
25198,10411809080,10411809125,1,"IOTHUB_CLIENT_CONFIRMATION_OK"
25199,10411809280,10411809496,1,"IOTHUB_CLIENT_CONFIRMATION_OK"
25200,10411809480,10411809536,1,"IOTHUB_CLIENT_CONFIRMATION_OK"
25201,10411809681,10411809720,1,"IOTHUB_CLIENT_CONFIRMATION_OK"
25202,10411809881,10411809932,1,"IOTHUB_CLIENT_CONFIRMATION_OK"
25203,10411810081,10411810123,1,"IOTHUB_CLIENT_CONFIRMATION_OK"
25204,10411810281,10411810340,1,"IOTHUB_CLIENT_CONFIRMATION_OK"
25205,10411810481,10411810564,1,"IOTHUB_CLIENT_CONFIRMATION_OK"
25206,10411810681,10411810756,1,"IOTHUB_CLIENT_CONFIRMATION_OK"
25207,10411810882,10411810946,1,"IOTHUB_CLIENT_CONFIRMATION_OK"
25208,10411811082,10411811134,1,"IOTHUB_CLIENT_CONFIRMATION_OK"
25209,10411811282,10411811321,1,"IOTHUB_CLIENT_CONFIRMATION_OK"
25210,10411811482,10411811592,1,"IOTHUB_CLIENT_CONFIRMATION_OK"
25211,10411811682,10411811731,1,"IOTHUB_CLIENT_CONFIRMATION_OK"
25212,10411811882,10411811933,1,"IOTHUB_CLIENT_CONFIRMATION_OK"
25213,10411812083,10411812138,1,"IOTHUB_CLIENT_CONFIRMATION_OK"
25214,10411812283,10411812337,1,"IOTHUB_CLIENT_CONFIRMATION_OK"
25215,10411812483,10411812533,1,"IOTHUB_CLIENT_CONFIRMATION_OK"
25216,10411812683,10411812743,1,"IOTHUB_CLIENT_CONFIRMATION_OK"
25217,10411812883,10411812932,1,"IOTHUB_CLIENT_CONFIRMATION_OK"
25218,10411813083,10411813208,1,"IOTHUB_CLIENT_CONFIRMATION_OK"
25219,10411813283,10411813347,1,"IOTHUB_CLIENT_CONFIRMATION_OK"
25220,10411813484,10411813538,1,"IOTHUB_CLIENT_CONFIRMATION_OK"
25221,10411813684,10411813824,1,"IOTHUB_CLIENT_CONFIRMATION_OK"
25222,10411813884,10411813943,1,"IOTHUB_CLIENT_CONFIRMATION_OK"
25223,10411814084,10411814166,1,"IOTHUB_CLIENT_CONFIRMATION_OK"
25224,10411814284,10411814475,1,"IOTHUB_CLIENT_CONFIRMATION_OK"
25225,10411814484,10411814532,1,"IOTHUB_CLIENT_CONFIRMATION_OK"
25226,10411814685,10411814727,1,"IOTHUB_CLIENT_CONFIRMATION_OK"
25227,10411814885,10411814946,1,"IOTHUB_CLIENT_CONFIRMATION_OK"
25228,10411815085,10411815132,1,"IOTHUB_CLIENT_CONFIRMATION_OK"
25229,10411815285,10411815334,1,"IOTHUB_CLIENT_CONFIRMATION_OK"
25230,10411815485,10411815557,1,"IOTHUB_CLIENT_CONFIRMATION_OK"
25231,10411815685,10411815725,1,"IOTHUB_CLIENT_CONFIRMATION_OK"
25232,10411815885,10411815975,1,"IOTHUB_CLIENT_CONFIRMATION_OK"
25233,10411816086,10411816131,1,"IOTHUB_CLIENT_CONFIRMATION_OK"
25234,10411816286,10411816321,1,"IOTHUB_CLIENT_CONFIRMATION_OK"
25235,10411816486,10411816628,1,"IOTHUB_CLIENT_CONFIRMATION_OK"
25236,10411816686,10411816738,1,"IOTHUB_CLIENT_CONFIRMATION_OK"
25237,10411816886,10411816936,1,"IOTHUB_CLIENT_CONFIRMATION_OK"
25238,10411817086,10411817191,1,"IOTHUB_CLIENT_CONFIRMATION_OK"
25239,10411817287,10411817333,1,"IOTHUB_CLIENT_CONFIRMATION_OK"
25240,10411817487,10411817570,1,"IOTHUB_CLIENT_CONFIRMATION_OK"
25241,10411817687,10411817732,1,"IOTHUB_CLIENT_CONFIRMATION_OK"
25242,10411817887,10411817949,1,"IOTHUB_CLIENT_CONFIRMATION_OK"
25243,10411818087,10411818192,1,"IOTHUB_CLIENT_CONFIRMATION_OK"
25244,10411818287,10411818353,1,"IOTHUB_CLIENT_CONFIRMATION_OK"
25245,10411818488,10411818538,1,"IOTHUB_CLIENT_CONFIRMATION_OK"
25246,10411818688,10411818831,1,"IOTHUB_CLIENT_CONFIRMATION_OK"
25247,10411818888,10411818954,1,"IOTHUB_CLIENT_CONFIRMATION_OK"
25248,10411819088,10411819203,1,"IOTHUB_CLIENT_CONFIRMATION_OK"
25249,10411819288,10411819354,1,"IOTHUB_CLIENT_CONFIRMATION_OK"
25250,10411819488,10411819624,1,"IOTHUB_CLIENT_CONFIRMATION_OK"
25251,10411819688,10411819735,1,"IOTHUB_CLIENT_CONFIRMATION_OK"
25252,10411819889,10411819938,1,"IOTHUB_CLIENT_CONFIRMATION_OK"
25253,10411820089,10411820159,1,"IOTHUB_CLIENT_CONFIRMATION_OK"
25254,10411820289,10411820339,1,"IOTHUB_CLIENT_CONFIRMATION_OK"
25255,10411820489,10411820538,1,"IOTHUB_CLIENT_CONFIRMATION_OK"
25256,10411820689,10411820736,1,"IOTHUB_CLIENT_CONFIRMATION_OK"
25257,10411820889,10411821062,1,"IOTHUB_CLIENT_CONFIRMATION_OK"
25258,10411821090,10411821130,1,"IOTHUB_CLIENT_CONFIRMATION_OK"
25259,10411821290,10411821338,1,"IOTHUB_CLIENT_CONFIRMATION_OK"
25260,10411821490,10411821550,1,"IOTHUB_CLIENT_CONFIRMATION_OK"
25261,10411821690,10411821732,1,"IOTHUB_CLIENT_CONFIRMATION_OK"
25262,10411821890,10411821937,1,"IOTHUB_CLIENT_CONFIRMATION_OK"
25263,10411822090,10411822151,1,"IOTHUB_CLIENT_CONFIRMATION_OK"
25264,10411822290,10411822338,1,"IOTHUB_CLIENT_CONFIRMATION_OK"
25265,10411822491,10411822549,1,"IOTHUB_CLIENT_CONFIRMATION_OK"
25266,10411822691,10411822779,1,"IOTHUB_CLIENT_CONFIRMATION_OK"
25267,10411822891,10411822946,1,"IOTHUB_CLIENT_CONFIRMATION_OK"
25268,10411823091,10411823277,1,"IOTHUB_CLIENT_CONFIRMATION_OK"
25269,10411823291,10411823338,1,"IOTHUB_CLIENT_CONFIRMATION_OK"
25270,10411823491,10411823545,1,"IOTHUB_CLIENT_CONFIRMATION_OK"
25271,10411823692,10411823744,1,"IOTHUB_CLIENT_CONFIRMATION_OK"
25272,10411823892,10411823947,1,"IOTHUB_CLIENT_CONFIRMATION_OK"
25273,10411824092,10411824184,1,"IOTHUB_CLIENT_CONFIRMATION_OK"
25274,10411824292,10411824348,1,"IOTHUB_CLIENT_CONFIRMATION_OK"
25275,10411824492,10411824571,1,"IOTHUB_CLIENT_CONFIRMATION_OK"
25276,10411824692,10411824726,1,"IOTHUB_CLIENT_CONFIRMATION_OK"
25277,10411824892,10411824937,1,"IOTHUB_CLIENT_CONFIRMATION_OK"
25278,10411825093,10411825166,1,"IOTHUB_CLIENT_CONFIRMATION_OK"
25279,10411825293,10411825358,1,"IOTHUB_CLIENT_CONFIRMATION_OK"
25280,10411825493,10411825555,1,"IOTHUB_CLIENT_CONFIRMATION_OK"
25281,10411825693,10411825741,1,"IOTHUB_CLIENT_CONFIRMATION_OK"
25282,10411825893,10411825973,1,"IOTHUB_CLIENT_CONFIRMATION_OK"
25283,10411826093,10411826144,1,"IOTHUB_CLIENT_CONFIRMATION_OK"
25284,10411826294,10411826339,1,"IOTHUB_CLIENT_CONFIRMATION_OK"
25285,10411826494,10411826585,1,"IOTHUB_CLIENT_CONFIRMATION_OK"
25286,10411826694,10411826761,1,"IOTHUB_CLIENT_CONFIRMATION_OK"
25287,10411826894,10411826931,1,"IOTHUB_CLIENT_CONFIRMATION_OK"
25288,10411827094,10411827154,1,"IOTHUB_CLIENT_CONFIRMATION_OK"
25289,10411827294,10411827335,1,"IOTHUB_CLIENT_CONFIRMATION_OK"
25290,10411827495,10411827553,1,"IOTHUB_CLIENT_CONFIRMATION_OK"
25291,10411827695,10411827784,1,"IOTHUB_CLIENT_CONFIRMATION_OK"
25292,10411827895,10411827934,1,"IOTHUB_CLIENT_CONFIRMATION_OK"
25293,10411828095,10411828159,1,"IOTHUB_CLIENT_CONFIRMATION_OK"
25294,10411828295,10411828339,1,"IOTHUB_CLIENT_CONFIRMATION_OK"
25295,10411828495,10411828547,1,"IOTHUB_CLIENT_CONFIRMATION_OK"
25296,10411828695,10411828774,1,"IOTHUB_CLIENT_CONFIRMATION_OK"
25297,10411828896,10411828949,1,"IOTHUB_CLIENT_CONFIRMATION_OK"
25298,10411829096,10411829143,1,"IOTHUB_CLIENT_CONFIRMATION_OK"
25299,10411829296,10411829388,1,"IOTHUB_CLIENT_CONFIRMATION_OK"
25300,10411829496,10411829539,1,"IOTHUB_CLIENT_CONFIRMATION_OK"
25301,10411829696,10411829752,1,"IOTHUB_CLIENT_CONFIRMATION_OK"
25302,10411829896,10411829944,1,"IOTHUB_CLIENT_CONFIRMATION_OK"
25303,10411830097,10411830159,1,"IOTHUB_CLIENT_CONFIRMATION_OK"
25304,10411830297,10411830367,1,"IOTHUB_CLIENT_CONFIRMATION_OK"
25305,10411830497,10411830547,1,"IOTHUB_CLIENT_CONFIRMATION_OK"
25306,10411830697,10411830758,1,"IOTHUB_CLIENT_CONFIRMATION_OK"
25307,10411830897,10411831016,1,"IOTHUB_CLIENT_CONFIRMATION_OK"
25308,10411831097,10411831175,1,"IOTHUB_CLIENT_CONFIRMATION_OK"
25309,10411831297,10411831351,1,"IOTHUB_CLIENT_CONFIRMATION_OK"
25310,10411831498,10411831635,1,"IOTHUB_CLIENT_CONFIRMATION_OK"
25311,10411831698,10411831798,1,"IOTHUB_CLIENT_CONFIRMATION_OK"
25312,10411831898,10411831965,1,"IOTHUB_CLIENT_CONFIRMATION_OK"
25313,10411832098,10411832145,1,"IOTHUB_CLIENT_CONFIRMATION_OK"
25314,10411832298,10411832347,1,"IOTHUB_CLIENT_CONFIRMATION_OK"
25315,10411832498,10411832546,1,"IOTHUB_CLIENT_CONFIRMATION_OK"
25316,10411832698,10411832740,1,"IOTHUB_CLIENT_CONFIRMATION_OK"
25317,10411832899,10411832942,1,"IOTHUB_CLIENT_CONFIRMATION_OK"
25318,10411833099,10411833287,1,"IOTHUB_CLIENT_CONFIRMATION_OK"
25319,10411833299,10411833375,1,"IOTHUB_CLIENT_CONFIRMATION_OK"
25320,10411833499,10411833552,1,"IOTHUB_CLIENT_CONFIRMATION_OK"
25321,10411833699,10411833891,1,"IOTHUB_CLIENT_CONFIRMATION_OK"
25322,10411833899,10411833963,1,"IOTHUB_CLIENT_CONFIRMATION_OK"
25323,10411834100,10411834150,1,"IOTHUB_CLIENT_CONFIRMATION_OK"
25324,10411834300,10411834353,1,"IOTHUB_CLIENT_CONFIRMATION_OK"
25325,10411834500,10411834583,1,"IOTHUB_CLIENT_CONFIRMATION_OK"
25326,10411834700,10411834738,1,"IOTHUB_CLIENT_CONFIRMATION_OK"
25327,10411834900,10411835077,1,"IOTHUB_CLIENT_CONFIRMATION_OK"
25328,10411835100,10411835182,1,"IOTHUB_CLIENT_CONFIRMATION_OK"
25329,10411835300,10411835344,1,"IOTHUB_CLIENT_CONFIRMATION_OK"
25330,10411835501,10411835590,1,"IOTHUB_CLIENT_CONFIRMATION_OK"
25331,10411835701,10411835798,1,"IOTHUB_CLIENT_CONFIRMATION_OK"
25332,10411835901,10411835938,1,"IOTHUB_CLIENT_CONFIRMATION_OK"
25333,10411836101,10411836142,1,"IOTHUB_CLIENT_CONFIRMATION_OK"
25334,10411836301,10411836381,1,"IOTHUB_CLIENT_CONFIRMATION_OK"
25335,10411836501,10411836576,1,"IOTHUB_CLIENT_CONFIRMATION_OK"
25336,10411836701,10411836741,1,"IOTHUB_CLIENT_CONFIRMATION_OK"
25337,10411836902,10411836976,1,"IOTHUB_CLIENT_CONFIRMATION_OK"
25338,10411837102,10411837187,1,"IOTHUB_CLIENT_CONFIRMATION_OK"
25339,10411837302,10411837341,1,"IOTHUB_CLIENT_CONFIRMATION_OK"
25340,10411837502,10411837548,1,"IOTHUB_CLIENT_CONFIRMATION_OK"
25341,10411837702,10411837761,1,"IOTHUB_CLIENT_CONFIRMATION_OK"
25342,10411837902,10411837944,1,"IOTHUB_CLIENT_CONFIRMATION_OK"
25343,10411838103,10411838203,1,"IOTHUB_CLIENT_CONFIRMATION_OK"
25344,10411838303,10411838359,1,"IOTHUB_CLIENT_CONFIRMATION_OK"
25345,10411838503,10411838544,1,"IOTHUB_CLIENT_CONFIRMATION_OK"
25346,10411838703,10411838802,1,"IOTHUB_CLIENT_CONFIRMATION_OK"
25347,10411838903,10411838941,1,"IOTHUB_CLIENT_CONFIRMATION_OK"
25348,10411839103,10411839148,1,"IOTHUB_CLIENT_CONFIRMATION_OK"
25349,10411839303,10411839429,1,"IOTHUB_CLIENT_CONFIRMATION_OK"
25350,10411839504,10411839612,1,"IOTHUB_CLIENT_CONFIRMATION_OK"
25351,10411839704,10411839798,1,"IOTHUB_CLIENT_CONFIRMATION_OK"
25352,10411839904,10411840021,1,"IOTHUB_CLIENT_CONFIRMATION_OK"
25353,10411840104,10411840156,1,"IOTHUB_CLIENT_CONFIRMATION_OK"
25354,10411840304,10411840345,1,"IOTHUB_CLIENT_CONFIRMATION_OK"
25355,10411840504,10411840595,1,"IOTHUB_CLIENT_CONFIRMATION_OK"
25356,10411840704,10411840754,1,"IOTHUB_CLIENT_CONFIRMATION_OK"
25357,10411840905,10411841065,1,"IOTHUB_CLIENT_CONFIRMATION_OK"
25358,10411841105,10411841167,1,"IOTHUB_CLIENT_CONFIRMATION_OK"
25359,10411841305,10411841344,1,"IOTHUB_CLIENT_CONFIRMATION_OK"
25360,10411841505,10411841563,1,"IOTHUB_CLIENT_CONFIRMATION_OK"
25361,10411841705,10411841753,1,"IOTHUB_CLIENT_CONFIRMATION_OK"
25362,10411841905,10411841967,1,"IOTHUB_CLIENT_CONFIRMATION_OK"
25363,10411842106,10411842147,1,"IOTHUB_CLIENT_CONFIRMATION_OK"
25364,10411842306,10411842342,1,"IOTHUB_CLIENT_CONFIRMATION_OK"
25365,10411842506,10411842587,1,"IOTHUB_CLIENT_CONFIRMATION_OK"
25366,10411842706,10411842766,1,"IOTHUB_CLIENT_CONFIRMATION_OK"
25367,10411842906,10411842964,1,"IOTHUB_CLIENT_CONFIRMATION_OK"
25368,10411843106,10411843272,1,"IOTHUB_CLIENT_CONFIRMATION_OK"
25369,10411843306,10411843354,1,"IOTHUB_CLIENT_CONFIRMATION_OK"
25370,10411843507,10411843561,1,"IOTHUB_CLIENT_CONFIRMATION_OK"
25371,10411843707,10411843765,1,"IOTHUB_CLIENT_CONFIRMATION_OK"
25372,10411843907,10411843959,1,"IOTHUB_CLIENT_CONFIRMATION_OK"
25373,10411844107,10411844156,1,"IOTHUB_CLIENT_CONFIRMATION_OK"
25374,10411844307,10411844358,1,"IOTHUB_CLIENT_CONFIRMATION_OK"
25375,10411844507,10411844574,1,"IOTHUB_CLIENT_CONFIRMATION_OK"
25376,10411844708,10411844755,1,"IOTHUB_CLIENT_CONFIRMATION_OK"
25377,10411844908,10411844947,1,"IOTHUB_CLIENT_CONFIRMATION_OK"
25378,10411845108,10411845224,1,"IOTHUB_CLIENT_CONFIRMATION_OK"
25379,10411845308,10411845355,1,"IOTHUB_CLIENT_CONFIRMATION_OK"
25380,10411845508,10411845557,1,"IOTHUB_CLIENT_CONFIRMATION_OK"
25381,10411845708,10411845789,1,"IOTHUB_CLIENT_CONFIRMATION_OK"
25382,10411845908,10411845949,1,"IOTHUB_CLIENT_CONFIRMATION_OK"
25383,10411846109,10411846164,1,"IOTHUB_CLIENT_CONFIRMATION_OK"
25384,10411846309,10411846351,1,"IOTHUB_CLIENT_CONFIRMATION_OK"
25385,10411846509,10411846576,1,"IOTHUB_CLIENT_CONFIRMATION_OK"
25386,10411846709,10411846822,1,"IOTHUB_CLIENT_CONFIRMATION_OK"
25387,10411846909,10411846957,1,"IOTHUB_CLIENT_CONFIRMATION_OK"
25388,10411847109,10411847177,1,"IOTHUB_CLIENT_CONFIRMATION_OK"
25389,10411847309,10411847348,1,"IOTHUB_CLIENT_CONFIRMATION_OK"
25390,10411847510,10411847554,1,"IOTHUB_CLIENT_CONFIRMATION_OK"
25391,10411847710,10411847790,1,"IOTHUB_CLIENT_CONFIRMATION_OK"
25392,10411847910,10411847952,1,"IOTHUB_CLIENT_CONFIRMATION_OK"
25393,10411848110,10411848192,1,"IOTHUB_CLIENT_CONFIRMATION_OK"
25394,10411848310,10411848349,1,"IOTHUB_CLIENT_CONFIRMATION_OK"
25395,10411848510,10411848551,1,"IOTHUB_CLIENT_CONFIRMATION_OK"
25396,10411848711,10411848802,1,"IOTHUB_CLIENT_CONFIRMATION_OK"
25397,10411848911,10411848960,1,"IOTHUB_CLIENT_CONFIRMATION_OK"
25398,10411849111,10411849163,1,"IOTHUB_CLIENT_CONFIRMATION_OK"
25399,10411849311,10411849418,1,"IOTHUB_CLIENT_CONFIRMATION_OK"
25400,10411849511,10411849570,1,"IOTHUB_CLIENT_CONFIRMATION_OK"
25401,10411849711,10411849765,1,"IOTHUB_CLIENT_CONFIRMATION_OK"
25402,10411849912,10411849960,1,"IOTHUB_CLIENT_CONFIRMATION_OK"
25403,10411850112,10411850180,1,"IOTHUB_CLIENT_CONFIRMATION_OK"
25404,10411850312,10411850440,1,"IOTHUB_CLIENT_CONFIRMATION_OK"
25405,10411850512,10411850552,1,"IOTHUB_CLIENT_CONFIRMATION_OK"
25406,10411850712,10411850773,1,"IOTHUB_CLIENT_CONFIRMATION_OK"
25407,10411850912,10411851081,1,"IOTHUB_CLIENT_CONFIRMATION_OK"
25408,10411851113,10411851160,1,"IOTHUB_CLIENT_CONFIRMATION_OK"
25409,10411851313,10411851406,1,"IOTHUB_CLIENT_CONFIRMATION_OK"
25410,10411851513,10411851597,1,"IOTHUB_CLIENT_CONFIRMATION_OK"
25411,10411851713,10411851757,1,"IOTHUB_CLIENT_CONFIRMATION_OK"
25412,10411851913,10411851960,1,"IOTHUB_CLIENT_CONFIRMATION_OK"
25413,10411852113,10411852162,1,"IOTHUB_CLIENT_CONFIRMATION_OK"
25414,10411852314,10411852445,1,"IOTHUB_CLIENT_CONFIRMATION_OK"
25415,10411852514,10411852564,1,"IOTHUB_CLIENT_CONFIRMATION_OK"
25416,10411852714,10411852771,1,"IOTHUB_CLIENT_CONFIRMATION_OK"
25417,10411852914,10411852970,1,"IOTHUB_CLIENT_CONFIRMATION_OK"
25418,10411853114,10411853307,1,"IOTHUB_CLIENT_CONFIRMATION_OK"
25419,10411853314,10411853357,1,"IOTHUB_CLIENT_CONFIRMATION_OK"
25420,10411853514,10411853571,1,"IOTHUB_CLIENT_CONFIRMATION_OK"
25421,10411853715,10411853750,1,"IOTHUB_CLIENT_CONFIRMATION_OK"
25422,10411853915,10411853958,1,"IOTHUB_CLIENT_CONFIRMATION_OK"
25423,10411854115,10411854165,1,"IOTHUB_CLIENT_CONFIRMATION_OK"
25424,10411854315,10411854362,1,"IOTHUB_CLIENT_CONFIRMATION_OK"
25425,10411854515,10411854609,1,"IOTHUB_CLIENT_CONFIRMATION_OK"
25426,10411854715,10411854754,1,"IOTHUB_CLIENT_CONFIRMATION_OK"
25427,10411854916,10411854971,1,"IOTHUB_CLIENT_CONFIRMATION_OK"
25428,10411855116,10411855160,1,"IOTHUB_CLIENT_CONFIRMATION_OK"
25429,10411855316,10411855399,1,"IOTHUB_CLIENT_CONFIRMATION_OK"
25430,10411855516,10411855586,1,"IOTHUB_CLIENT_CONFIRMATION_OK"
25431,10411855716,10411855781,1,"IOTHUB_CLIENT_CONFIRMATION_OK"
25432,10411855916,10411856075,1,"IOTHUB_CLIENT_CONFIRMATION_OK"
25433,10411856117,10411856160,1,"IOTHUB_CLIENT_CONFIRMATION_OK"
25434,10411856317,10411856353,1,"IOTHUB_CLIENT_CONFIRMATION_OK"
25435,10411856517,10411856605,1,"IOTHUB_CLIENT_CONFIRMATION_OK"
25436,10411856717,10411856776,1,"IOTHUB_CLIENT_CONFIRMATION_OK"
25437,10411856917,10411857021,1,"IOTHUB_CLIENT_CONFIRMATION_OK"
25438,10411857117,10411857163,1,"IOTHUB_CLIENT_CONFIRMATION_OK"
25439,10411857317,10411857365,1,"IOTHUB_CLIENT_CONFIRMATION_OK"
25440,10411857518,10411857576,1,"IOTHUB_CLIENT_CONFIRMATION_OK"
25441,10411857718,10411857809,1,"IOTHUB_CLIENT_CONFIRMATION_OK"
25442,10411857918,10411857990,1,"IOTHUB_CLIENT_CONFIRMATION_OK"
25443,10411858118,10411858268,1,"IOTHUB_CLIENT_CONFIRMATION_OK"
25444,10411858318,10411858386,1,"IOTHUB_CLIENT_CONFIRMATION_OK"
25445,10411858518,10411858606,1,"IOTHUB_CLIENT_CONFIRMATION_OK"
25446,10411858719,10411858895,1,"IOTHUB_CLIENT_CONFIRMATION_OK"
25447,10411858919,10411858976,1,"IOTHUB_CLIENT_CONFIRMATION_OK"
25448,10411859119,10411859166,1,"IOTHUB_CLIENT_CONFIRMATION_OK"
25449,10411859319,10411859368,1,"IOTHUB_CLIENT_CONFIRMATION_OK"
25450,10411859519,10411859580,1,"IOTHUB_CLIENT_CONFIRMATION_OK"
25451,10411859719,10411859790,1,"IOTHUB_CLIENT_CONFIRMATION_OK"
25452,10411859920,10411859981,1,"IOTHUB_CLIENT_CONFIRMATION_OK"
25453,10411860120,10411860170,1,"IOTHUB_CLIENT_CONFIRMATION_OK"
25454,10411860320,10411860365,1,"IOTHUB_CLIENT_CONFIRMATION_OK"
25455,10411860520,10411860567,1,"IOTHUB_CLIENT_CONFIRMATION_OK"
25456,10411860720,10411860762,1,"IOTHUB_CLIENT_CONFIRMATION_OK"
25457,10411860920,10411861121,1,"IOTHUB_CLIENT_CONFIRMATION_OK"
25458,10411861121,10411861159,1,"IOTHUB_CLIENT_CONFIRMATION_OK"
25459,10411861321,10411861402,1,"IOTHUB_CLIENT_CONFIRMATION_OK"
25460,10411861521,10411861600,1,"IOTHUB_CLIENT_CONFIRMATION_OK"
25461,10411861721,10411861764,1,"IOTHUB_CLIENT_CONFIRMATION_OK"
25462,10411861921,10411861972,1,"IOTHUB_CLIENT_CONFIRMATION_OK"
25463,10411862121,10411862171,1,"IOTHUB_CLIENT_CONFIRMATION_OK"
25464,10411862321,10411862371,1,"IOTHUB_CLIENT_CONFIRMATION_OK"
25465,10411862522,10411862572,1,"IOTHUB_CLIENT_CONFIRMATION_OK"
25466,10411862722,10411862770,1,"IOTHUB_CLIENT_CONFIRMATION_OK"
25467,10411862922,10411862966,1,"IOTHUB_CLIENT_CONFIRMATION_OK"
25468,10411863122,10411863162,1,"IOTHUB_CLIENT_CONFIRMATION_OK"
25469,10411863322,10411863384,1,"IOTHUB_CLIENT_CONFIRMATION_OK"
25470,10411863522,10411863577,1,"IOTHUB_CLIENT_CONFIRMATION_OK"
25471,10411863723,10411863776,1,"IOTHUB_CLIENT_CONFIRMATION_OK"
25472,10411863923,10411864028,1,"IOTHUB_CLIENT_CONFIRMATION_OK"
25473,10411864123,10411864175,1,"IOTHUB_CLIENT_CONFIRMATION_OK"
25474,10411864323,10411864431,1,"IOTHUB_CLIENT_CONFIRMATION_OK"
25475,10411864523,10411864573,1,"IOTHUB_CLIENT_CONFIRMATION_OK"
25476,10411864723,10411864769,1,"IOTHUB_CLIENT_CONFIRMATION_OK"
25477,10411864923,10411865035,1,"IOTHUB_CLIENT_CONFIRMATION_OK"
25478,10411865124,10411865192,1,"IOTHUB_CLIENT_CONFIRMATION_OK"
25479,10411865324,10411865377,1,"IOTHUB_CLIENT_CONFIRMATION_OK"
25480,10411865524,10411865568,1,"IOTHUB_CLIENT_CONFIRMATION_OK"
25481,10411865724,10411865825,1,"IOTHUB_CLIENT_CONFIRMATION_OK"
25482,10411865924,10411866048,1,"IOTHUB_CLIENT_CONFIRMATION_OK"
25483,10411866124,10411866172,1,"IOTHUB_CLIENT_CONFIRMATION_OK"
25484,10411866325,10411866412,1,"IOTHUB_CLIENT_CONFIRMATION_OK"
25485,10411866525,10411866732,1,"IOTHUB_CLIENT_CONFIRMATION_OK"
25486,10411866725,10411866775,1,"IOTHUB_CLIENT_CONFIRMATION_OK"
25487,10411866925,10411866978,1,"IOTHUB_CLIENT_CONFIRMATION_OK"
25488,10411867125,10411867186,1,"IOTHUB_CLIENT_CONFIRMATION_OK"
25489,10411867325,10411867381,1,"IOTHUB_CLIENT_CONFIRMATION_OK"
25490,10411867526,10411867566,1,"IOTHUB_CLIENT_CONFIRMATION_OK"
25491,10411867726,10411867777,1,"IOTHUB_CLIENT_CONFIRMATION_OK"
25492,10411867926,10411867973,1,"IOTHUB_CLIENT_CONFIRMATION_OK"
25493,10411868126,10411868182,1,"IOTHUB_CLIENT_CONFIRMATION_OK"
25494,10411868326,10411868370,1,"IOTHUB_CLIENT_CONFIRMATION_OK"
25495,10411868526,10411868584,1,"IOTHUB_CLIENT_CONFIRMATION_OK"
25496,10411868726,10411868789,1,"IOTHUB_CLIENT_CONFIRMATION_OK"
25497,10411868927,10411868970,1,"IOTHUB_CLIENT_CONFIRMATION_OK"
25498,10411869127,10411869204,1,"IOTHUB_CLIENT_CONFIRMATION_OK"
25499,10411869327,10411869402,1,"IOTHUB_CLIENT_CONFIRMATION_OK"
25500,10411869527,10411869578,1,"IOTHUB_CLIENT_CONFIRMATION_OK"
25501,10411869727,10411869776,1,"IOTHUB_CLIENT_CONFIRMATION_OK"
25502,10411869927,10411870020,1,"IOTHUB_CLIENT_CONFIRMATION_OK"
25503,10411870127,10411870414,1,"IOTHUB_CLIENT_CONFIRMATION_OK"
25504,10411870328,10411870519,1,"IOTHUB_CLIENT_CONFIRMATION_OK"
25505,10411870528,10411870598,1,"IOTHUB_CLIENT_CONFIRMATION_OK"
25506,10411870728,10411870780,1,"IOTHUB_CLIENT_CONFIRMATION_OK"
25507,10411870928,10411871024,1,"IOTHUB_CLIENT_CONFIRMATION_OK"
25508,10411871128,10411871196,1,"IOTHUB_CLIENT_CONFIRMATION_OK"
25509,10411871328,10411871378,1,"IOTHUB_CLIENT_CONFIRMATION_OK"
25510,10411871529,10411871679,1,"IOTHUB_CLIENT_CONFIRMATION_OK"
25511,10411871729,10411871781,1,"IOTHUB_CLIENT_CONFIRMATION_OK"
25512,10411871929,10411871981,1,"IOTHUB_CLIENT_CONFIRMATION_OK"
25513,10411872129,10411872182,1,"IOTHUB_CLIENT_CONFIRMATION_OK"
25514,10411872329,10411872413,1,"IOTHUB_CLIENT_CONFIRMATION_OK"
25515,10411872529,10411872581,1,"IOTHUB_CLIENT_CONFIRMATION_OK"
25516,10411872730,10411872808,1,"IOTHUB_CLIENT_CONFIRMATION_OK"
25517,10411872930,10411873020,1,"IOTHUB_CLIENT_CONFIRMATION_OK"
25518,10411873130,10411873305,1,"IOTHUB_CLIENT_CONFIRMATION_OK"
25519,10411873330,10411873385,1,"IOTHUB_CLIENT_CONFIRMATION_OK"
25520,10411873530,10411873600,1,"IOTHUB_CLIENT_CONFIRMATION_OK"
25521,10411873730,10411873779,1,"IOTHUB_CLIENT_CONFIRMATION_OK"
25522,10411873930,10411873988,1,"IOTHUB_CLIENT_CONFIRMATION_OK"
25523,10411874131,10411874171,1,"IOTHUB_CLIENT_CONFIRMATION_OK"
25524,10411874331,10411874418,1,"IOTHUB_CLIENT_CONFIRMATION_OK"
25525,10411874531,10411874600,1,"IOTHUB_CLIENT_CONFIRMATION_OK"
25526,10411874731,10411874769,1,"IOTHUB_CLIENT_CONFIRMATION_OK"
25527,10411874931,10411874984,1,"IOTHUB_CLIENT_CONFIRMATION_OK"
25528,10411875131,10411875206,1,"IOTHUB_CLIENT_CONFIRMATION_OK"
25529,10411875332,10411875393,1,"IOTHUB_CLIENT_CONFIRMATION_OK"
25530,10411875532,10411875602,1,"IOTHUB_CLIENT_CONFIRMATION_OK"
25531,10411875732,10411875779,1,"IOTHUB_CLIENT_CONFIRMATION_OK"
25532,10411875932,10411875994,1,"IOTHUB_CLIENT_CONFIRMATION_OK"
25533,10411876132,10411876228,1,"IOTHUB_CLIENT_CONFIRMATION_OK"
25534,10411876332,10411876391,1,"IOTHUB_CLIENT_CONFIRMATION_OK"
25535,10411876533,10411876641,1,"IOTHUB_CLIENT_CONFIRMATION_OK"
25536,10411876733,10411876806,1,"IOTHUB_CLIENT_CONFIRMATION_OK"
25537,10411876933,10411876979,1,"IOTHUB_CLIENT_CONFIRMATION_OK"
25538,10411877133,10411877248,1,"IOTHUB_CLIENT_CONFIRMATION_OK"
25539,10411877333,10411877375,1,"IOTHUB_CLIENT_CONFIRMATION_OK"
25540,10411877533,10411877578,1,"IOTHUB_CLIENT_CONFIRMATION_OK"
25541,10411877734,10411877791,1,"IOTHUB_CLIENT_CONFIRMATION_OK"
25542,10411877934,10411877996,1,"IOTHUB_CLIENT_CONFIRMATION_OK"
25543,10411878134,10411878230,1,"IOTHUB_CLIENT_CONFIRMATION_OK"
25544,10411878334,10411878376,1,"IOTHUB_CLIENT_CONFIRMATION_OK"
25545,10411878534,10411878597,1,"IOTHUB_CLIENT_CONFIRMATION_OK"
25546,10411878734,10411878894,1,"IOTHUB_CLIENT_CONFIRMATION_OK"
25547,10411878934,10411878980,1,"IOTHUB_CLIENT_CONFIRMATION_OK"
25548,10411879135,10411879202,1,"IOTHUB_CLIENT_CONFIRMATION_OK"
25549,10411879335,10411879379,1,"IOTHUB_CLIENT_CONFIRMATION_OK"
25550,10411879535,10411879584,1,"IOTHUB_CLIENT_CONFIRMATION_OK"
25551,10411879735,10411879781,1,"IOTHUB_CLIENT_CONFIRMATION_OK"
25552,10411879935,10411879976,1,"IOTHUB_CLIENT_CONFIRMATION_OK"
25553,10411880135,10411880204,1,"IOTHUB_CLIENT_CONFIRMATION_OK"
25554,10411880336,10411880389,1,"IOTHUB_CLIENT_CONFIRMATION_OK"
25555,10411880536,10411880588,1,"IOTHUB_CLIENT_CONFIRMATION_OK"
25556,10411880736,10411880778,1,"IOTHUB_CLIENT_CONFIRMATION_OK"
25557,10411880936,10411881112,1,"IOTHUB_CLIENT_CONFIRMATION_OK"
25558,10411881136,10411881204,1,"IOTHUB_CLIENT_CONFIRMATION_OK"
25559,10411881336,10411881464,1,"IOTHUB_CLIENT_CONFIRMATION_OK"
25560,10411881537,10411881577,1,"IOTHUB_CLIENT_CONFIRMATION_OK"
25561,10411881737,10411881779,1,"IOTHUB_CLIENT_CONFIRMATION_OK"
25562,10411881937,10411881991,1,"IOTHUB_CLIENT_CONFIRMATION_OK"
25563,10411882137,10411882183,1,"IOTHUB_CLIENT_CONFIRMATION_OK"
25564,10411882337,10411882409,1,"IOTHUB_CLIENT_CONFIRMATION_OK"
25565,10411882537,10411882581,1,"IOTHUB_CLIENT_CONFIRMATION_OK"
25566,10411882738,10411882790,1,"IOTHUB_CLIENT_CONFIRMATION_OK"
25567,10411882938,10411882997,1,"IOTHUB_CLIENT_CONFIRMATION_OK"
25568,10411883138,10411883351,1,"IOTHUB_CLIENT_CONFIRMATION_OK"
25569,10411883338,10411883407,1,"IOTHUB_CLIENT_CONFIRMATION_OK"
25570,10411883538,10411883578,1,"IOTHUB_CLIENT_CONFIRMATION_OK"
25571,10411883738,10411883790,1,"IOTHUB_CLIENT_CONFIRMATION_OK"
25572,10411883939,10411883990,1,"IOTHUB_CLIENT_CONFIRMATION_OK"
25573,10411884139,10411884193,1,"IOTHUB_CLIENT_CONFIRMATION_OK"
25574,10411884339,10411884402,1,"IOTHUB_CLIENT_CONFIRMATION_OK"
25575,10411884539,10411884586,1,"IOTHUB_CLIENT_CONFIRMATION_OK"
25576,10411884739,10411884815,1,"IOTHUB_CLIENT_CONFIRMATION_OK"
25577,10411884939,10411885007,1,"IOTHUB_CLIENT_CONFIRMATION_OK"
25578,10411885139,10411885270,1,"IOTHUB_CLIENT_CONFIRMATION_OK"
25579,10411885340,10411885384,1,"IOTHUB_CLIENT_CONFIRMATION_OK"
25580,10411885540,10411885594,1,"IOTHUB_CLIENT_CONFIRMATION_OK"
25581,10411885740,10411885783,1,"IOTHUB_CLIENT_CONFIRMATION_OK"
25582,10411885940,10411886127,1,"IOTHUB_CLIENT_CONFIRMATION_OK"
25583,10411886140,10411886186,1,"IOTHUB_CLIENT_CONFIRMATION_OK"
25584,10411886340,10411886384,1,"IOTHUB_CLIENT_CONFIRMATION_OK"
25585,10411886541,10411886663,1,"IOTHUB_CLIENT_CONFIRMATION_OK"
25586,10411886741,10411886785,1,"IOTHUB_CLIENT_CONFIRMATION_OK"
25587,10411886941,10411887003,1,"IOTHUB_CLIENT_CONFIRMATION_OK"
25588,10411887141,10411887199,1,"IOTHUB_CLIENT_CONFIRMATION_OK"
25589,10411887341,10411887381,1,"IOTHUB_CLIENT_CONFIRMATION_OK"
25590,10411887541,10411887595,1,"IOTHUB_CLIENT_CONFIRMATION_OK"
25591,10411887741,10411887787,1,"IOTHUB_CLIENT_CONFIRMATION_OK"
25592,10411887942,10411887990,1,"IOTHUB_CLIENT_CONFIRMATION_OK"
25593,10411888142,10411888315,1,"IOTHUB_CLIENT_CONFIRMATION_OK"
25594,10411888342,10411888388,1,"IOTHUB_CLIENT_CONFIRMATION_OK"
25595,10411888542,10411888587,1,"IOTHUB_CLIENT_CONFIRMATION_OK"
25596,10411888742,10411888794,1,"IOTHUB_CLIENT_CONFIRMATION_OK"
25597,10411888942,10411888991,1,"IOTHUB_CLIENT_CONFIRMATION_OK"
25598,10411889143,10411889184,1,"IOTHUB_CLIENT_CONFIRMATION_OK"
25599,10411889343,10411889398,1,"IOTHUB_CLIENT_CONFIRMATION_OK"
25600,10411889543,10411889580,1,"IOTHUB_CLIENT_CONFIRMATION_OK"
25601,10411889743,10411889787,1,"IOTHUB_CLIENT_CONFIRMATION_OK"
25602,10411889943,10411889989,1,"IOTHUB_CLIENT_CONFIRMATION_OK"
25603,10411890143,10411890181,1,"IOTHUB_CLIENT_CONFIRMATION_OK"
25604,10411890344,10411890388,1,"IOTHUB_CLIENT_CONFIRMATION_OK"
25605,10411890544,10411890585,1,"IOTHUB_CLIENT_CONFIRMATION_OK"
25606,10411890744,10411890808,1,"IOTHUB_CLIENT_CONFIRMATION_OK"
25607,10411890944,10411890985,1,"IOTHUB_CLIENT_CONFIRMATION_OK"
25608,10411891144,10411891186,1,"IOTHUB_CLIENT_CONFIRMATION_OK"
25609,10411891344,10411891403,1,"IOTHUB_CLIENT_CONFIRMATION_OK"
25610,10411891544,10411891636,1,"IOTHUB_CLIENT_CONFIRMATION_OK"
25611,10411891745,10411891860,1,"IOTHUB_CLIENT_CONFIRMATION_OK"
25612,10411891945,10411892021,1,"IOTHUB_CLIENT_CONFIRMATION_OK"
25613,10411892145,10411892303,1,"IOTHUB_CLIENT_CONFIRMATION_OK"
25614,10411892345,10411892407,1,"IOTHUB_CLIENT_CONFIRMATION_OK"
25615,10411892545,10411892595,1,"IOTHUB_CLIENT_CONFIRMATION_OK"
25616,10411892745,10411892831,1,"IOTHUB_CLIENT_CONFIRMATION_OK"
25617,10411892946,10411892998,1,"IOTHUB_CLIENT_CONFIRMATION_OK"
25618,10411893146,10411893287,1,"IOTHUB_CLIENT_CONFIRMATION_OK"
25619,10411893346,10411893402,1,"IOTHUB_CLIENT_CONFIRMATION_OK"
25620,10411893546,10411893584,1,"IOTHUB_CLIENT_CONFIRMATION_OK"
25621,10411893746,10411893911,1,"IOTHUB_CLIENT_CONFIRMATION_OK"
25622,10411893946,10411893988,1,"IOTHUB_CLIENT_CONFIRMATION_OK"
25623,10411894147,10411894211,1,"IOTHUB_CLIENT_CONFIRMATION_OK"
25624,10411894347,10411894395,1,"IOTHUB_CLIENT_CONFIRMATION_OK"
25625,10411894547,10411894636,1,"IOTHUB_CLIENT_CONFIRMATION_OK"
25626,10411894747,10411894821,1,"IOTHUB_CLIENT_CONFIRMATION_OK"
25627,10411894947,10411894997,1,"IOTHUB_CLIENT_CONFIRMATION_OK"
25628,10411895147,10411895194,1,"IOTHUB_CLIENT_CONFIRMATION_OK"
25629,10411895347,10411895400,1,"IOTHUB_CLIENT_CONFIRMATION_OK"
25630,10411895548,10411895629,1,"IOTHUB_CLIENT_CONFIRMATION_OK"
25631,10411895748,10411895807,1,"IOTHUB_CLIENT_CONFIRMATION_OK"
25632,10411895948,10411896009,1,"IOTHUB_CLIENT_CONFIRMATION_OK"
25633,10411896148,10411896191,1,"IOTHUB_CLIENT_CONFIRMATION_OK"
25634,10411896348,10411896388,1,"IOTHUB_CLIENT_CONFIRMATION_OK"
25635,10411896548,10411896625,1,"IOTHUB_CLIENT_CONFIRMATION_OK"
25636,10411896749,10411896810,1,"IOTHUB_CLIENT_CONFIRMATION_OK"
25637,10411896949,10411897042,1,"IOTHUB_CLIENT_CONFIRMATION_OK"
25638,10411897149,10411897251,1,"IOTHUB_CLIENT_CONFIRMATION_OK"
25639,10411897349,10411897500,1,"IOTHUB_CLIENT_CONFIRMATION_OK"
25640,10411897549,10411897612,1,"IOTHUB_CLIENT_CONFIRMATION_OK"
25641,10411897749,10411897801,1,"IOTHUB_CLIENT_CONFIRMATION_OK"
25642,10411897949,10411897988,1,"IOTHUB_CLIENT_CONFIRMATION_OK"
25643,10411898150,10411898238,1,"IOTHUB_CLIENT_CONFIRMATION_OK"
25644,10411898350,10411898389,1,"IOTHUB_CLIENT_CONFIRMATION_OK"
25645,10411898550,10411898604,1,"IOTHUB_CLIENT_CONFIRMATION_OK"
25646,10411898750,10411898872,1,"IOTHUB_CLIENT_CONFIRMATION_OK"
25647,10411898950,10411899019,1,"IOTHUB_CLIENT_CONFIRMATION_OK"
25648,10411899150,10411899238,1,"IOTHUB_CLIENT_CONFIRMATION_OK"
25649,10411899351,10411899499,1,"IOTHUB_CLIENT_CONFIRMATION_OK"
25650,10411899551,10411899594,1,"IOTHUB_CLIENT_CONFIRMATION_OK"
25651,10411899751,10411899803,1,"IOTHUB_CLIENT_CONFIRMATION_OK"
25652,10411899951,10411899991,1,"IOTHUB_CLIENT_CONFIRMATION_OK"
25653,10411900151,10411900190,1,"IOTHUB_CLIENT_CONFIRMATION_OK"
25654,10411900351,10411900405,1,"IOTHUB_CLIENT_CONFIRMATION_OK"
25655,10411900552,10411900596,1,"IOTHUB_CLIENT_CONFIRMATION_OK"
25656,10411900752,10411900792,1,"IOTHUB_CLIENT_CONFIRMATION_OK"
25657,10411900952,10411901118,1,"IOTHUB_CLIENT_CONFIRMATION_OK"
25658,10411901152,10411901210,1,"IOTHUB_CLIENT_CONFIRMATION_OK"
25659,10411901352,10411901582,1,"IOTHUB_CLIENT_CONFIRMATION_OK"
25660,10411901552,10411901949,1,"IOTHUB_CLIENT_CONFIRMATION_OK"
25661,10411901753,10411901997,1,"IOTHUB_CLIENT_CONFIRMATION_OK"
25662,10411901953,10411902025,1,"IOTHUB_CLIENT_CONFIRMATION_OK"
25663,10411902153,10411902193,1,"IOTHUB_CLIENT_CONFIRMATION_OK"
25664,10411902353,10411902400,1,"IOTHUB_CLIENT_CONFIRMATION_OK"
25665,10411902553,10411902693,1,"IOTHUB_CLIENT_CONFIRMATION_OK"
25666,10411902753,10411902803,1,"IOTHUB_CLIENT_CONFIRMATION_OK"
25667,10411902954,10411903000,1,"IOTHUB_CLIENT_CONFIRMATION_OK"
25668,10411903154,10411903331,1,"IOTHUB_CLIENT_CONFIRMATION_OK"
25669,10411903354,10411903409,1,"IOTHUB_CLIENT_CONFIRMATION_OK"
25670,10411903554,10411903600,1,"IOTHUB_CLIENT_CONFIRMATION_OK"
25671,10411903754,10411903804,1,"IOTHUB_CLIENT_CONFIRMATION_OK"
25672,10411903954,10411904035,1,"IOTHUB_CLIENT_CONFIRMATION_OK"
25673,10411904154,10411904213,1,"IOTHUB_CLIENT_CONFIRMATION_OK"
25674,10411904355,10411904409,1,"IOTHUB_CLIENT_CONFIRMATION_OK"
25675,10411904555,10411904604,1,"IOTHUB_CLIENT_CONFIRMATION_OK"
25676,10411904755,10411904829,1,"IOTHUB_CLIENT_CONFIRMATION_OK"
25677,10411904955,10411905033,1,"IOTHUB_CLIENT_CONFIRMATION_OK"
25678,10411905155,10411905218,1,"IOTHUB_CLIENT_CONFIRMATION_OK"
25679,10411905355,10411905417,1,"IOTHUB_CLIENT_CONFIRMATION_OK"
25680,10411905556,10411905629,1,"IOTHUB_CLIENT_CONFIRMATION_OK"
25681,10411905756,10411905792,1,"IOTHUB_CLIENT_CONFIRMATION_OK"
25682,10411905956,10411906033,1,"IOTHUB_CLIENT_CONFIRMATION_OK"
25683,10411906156,10411906224,1,"IOTHUB_CLIENT_CONFIRMATION_OK"
25684,10411906356,10411906402,1,"IOTHUB_CLIENT_CONFIRMATION_OK"
25685,10411906556,10411906651,1,"IOTHUB_CLIENT_CONFIRMATION_OK"
25686,10411906757,10411906809,1,"IOTHUB_CLIENT_CONFIRMATION_OK"
25687,10411906957,10411907009,1,"IOTHUB_CLIENT_CONFIRMATION_OK"
25688,10411907157,10411907392,1,"IOTHUB_CLIENT_CONFIRMATION_OK"
25689,10411907357,10411907430,1,"IOTHUB_CLIENT_CONFIRMATION_OK"
25690,10411907557,10411907607,1,"IOTHUB_CLIENT_CONFIRMATION_OK"
25691,10411907757,10411907813,1,"IOTHUB_CLIENT_CONFIRMATION_OK"
25692,10411907958,10411908032,1,"IOTHUB_CLIENT_CONFIRMATION_OK"
25693,10411908158,10411908226,1,"IOTHUB_CLIENT_CONFIRMATION_OK"
25694,10411908358,10411908398,1,"IOTHUB_CLIENT_CONFIRMATION_OK"
25695,10411908558,10411908606,1,"IOTHUB_CLIENT_CONFIRMATION_OK"
25696,10411908758,10411908818,1,"IOTHUB_CLIENT_CONFIRMATION_OK"
25697,10411908958,10411909010,1,"IOTHUB_CLIENT_CONFIRMATION_OK"
25698,10411909158,10411909202,1,"IOTHUB_CLIENT_CONFIRMATION_OK"
25699,10411909359,10411909420,1,"IOTHUB_CLIENT_CONFIRMATION_OK"
25700,10411909559,10411909611,1,"IOTHUB_CLIENT_CONFIRMATION_OK"
25701,10411909759,10411909838,1,"IOTHUB_CLIENT_CONFIRMATION_OK"
25702,10411909959,10411910036,1,"IOTHUB_CLIENT_CONFIRMATION_OK"
25703,10411910159,10411910203,1,"IOTHUB_CLIENT_CONFIRMATION_OK"
25704,10411910359,10411910400,1,"IOTHUB_CLIENT_CONFIRMATION_OK"
25705,10411910560,10411910612,1,"IOTHUB_CLIENT_CONFIRMATION_OK"
25706,10411910760,10411910833,1,"IOTHUB_CLIENT_CONFIRMATION_OK"
25707,10411910960,10411911084,1,"IOTHUB_CLIENT_CONFIRMATION_OK"
25708,10411911160,10411911202,1,"IOTHUB_CLIENT_CONFIRMATION_OK"
25709,10411911360,10411911407,1,"IOTHUB_CLIENT_CONFIRMATION_OK"
25710,10411911560,10411911664,1,"IOTHUB_CLIENT_CONFIRMATION_OK"
25711,10411911761,10411911832,1,"IOTHUB_CLIENT_CONFIRMATION_OK"
25712,10411911961,10411911998,1,"IOTHUB_CLIENT_CONFIRMATION_OK"
25713,10411912161,10411912267,1,"IOTHUB_CLIENT_CONFIRMATION_OK"
25714,10411912361,10411912409,1,"IOTHUB_CLIENT_CONFIRMATION_OK"
25715,10411912561,10411912625,1,"IOTHUB_CLIENT_CONFIRMATION_OK"
25716,10411912761,10411912802,1,"IOTHUB_CLIENT_CONFIRMATION_OK"
25717,10411912962,10411913042,1,"IOTHUB_CLIENT_CONFIRMATION_OK"
25718,10411913162,10411913363,1,"IOTHUB_CLIENT_CONFIRMATION_OK"
25719,10411913362,10411913416,1,"IOTHUB_CLIENT_CONFIRMATION_OK"
25720,10411913562,10411913619,1,"IOTHUB_CLIENT_CONFIRMATION_OK"
25721,10411913762,10411913880,1,"IOTHUB_CLIENT_CONFIRMATION_OK"
25722,10411913962,10411914000,1,"IOTHUB_CLIENT_CONFIRMATION_OK"
25723,10411914163,10411914207,1,"IOTHUB_CLIENT_CONFIRMATION_OK"
25724,10411914363,10411914542,1,"IOTHUB_CLIENT_CONFIRMATION_OK"
25725,10411914563,10411914634,1,"IOTHUB_CLIENT_CONFIRMATION_OK"
25726,10411914763,10411914804,1,"IOTHUB_CLIENT_CONFIRMATION_OK"
25727,10411914963,10411915185,1,"IOTHUB_CLIENT_CONFIRMATION_OK"
25728,10411915163,10411915245,1,"IOTHUB_CLIENT_CONFIRMATION_OK"
25729,10411915364,10411915425,1,"IOTHUB_CLIENT_CONFIRMATION_OK"
25730,10411915564,10411915617,1,"IOTHUB_CLIENT_CONFIRMATION_OK"
25731,10411915764,10411915808,1,"IOTHUB_CLIENT_CONFIRMATION_OK"
25732,10411915964,10411916118,1,"IOTHUB_CLIENT_CONFIRMATION_OK"
25733,10411916164,10411916215,1,"IOTHUB_CLIENT_CONFIRMATION_OK"
25734,10411916364,10411916407,1,"IOTHUB_CLIENT_CONFIRMATION_OK"
25735,10411916564,10411916605,1,"IOTHUB_CLIENT_CONFIRMATION_OK"
25736,10411916765,10411916810,1,"IOTHUB_CLIENT_CONFIRMATION_OK"
25737,10411916965,10411917042,1,"IOTHUB_CLIENT_CONFIRMATION_OK"
25738,10411917165,10411917225,1,"IOTHUB_CLIENT_CONFIRMATION_OK"
25739,10411917365,10411917417,1,"IOTHUB_CLIENT_CONFIRMATION_OK"
25740,10411917565,10411917620,1,"IOTHUB_CLIENT_CONFIRMATION_OK"
25741,10411917765,10411917865,1,"IOTHUB_CLIENT_CONFIRMATION_OK"
25742,10411917966,10411918018,1,"IOTHUB_CLIENT_CONFIRMATION_OK"
25743,10411918166,10411918220,1,"IOTHUB_CLIENT_CONFIRMATION_OK"
25744,10411918366,10411918409,1,"IOTHUB_CLIENT_CONFIRMATION_OK"
25745,10411918566,10411918604,1,"IOTHUB_CLIENT_CONFIRMATION_OK"
25746,10411918766,10411918864,1,"IOTHUB_CLIENT_CONFIRMATION_OK"
25747,10411918966,10411919027,1,"IOTHUB_CLIENT_CONFIRMATION_OK"
25748,10411919167,10411919206,1,"IOTHUB_CLIENT_CONFIRMATION_OK"
25749,10411919367,10411919478,1,"IOTHUB_CLIENT_CONFIRMATION_OK"
25750,10411919567,10411919613,1,"IOTHUB_CLIENT_CONFIRMATION_OK"
25751,10411919767,10411919821,1,"IOTHUB_CLIENT_CONFIRMATION_OK"
25752,10411919967,10411920014,1,"IOTHUB_CLIENT_CONFIRMATION_OK"
25753,10411920167,10411920224,1,"IOTHUB_CLIENT_CONFIRMATION_OK"
25754,10411920367,10411920420,1,"IOTHUB_CLIENT_CONFIRMATION_OK"
25755,10411920568,10411920606,1,"IOTHUB_CLIENT_CONFIRMATION_OK"
25756,10411920768,10411920815,1,"IOTHUB_CLIENT_CONFIRMATION_OK"
25757,10411920968,10411921087,1,"IOTHUB_CLIENT_CONFIRMATION_OK"
25758,10411921168,10411921211,1,"IOTHUB_CLIENT_CONFIRMATION_OK"
25759,10411921368,10411921421,1,"IOTHUB_CLIENT_CONFIRMATION_OK"
25760,10411921568,10411921733,1,"IOTHUB_CLIENT_CONFIRMATION_OK"
25761,10411921769,10411921820,1,"IOTHUB_CLIENT_CONFIRMATION_OK"
25762,10411921969,10411922025,1,"IOTHUB_CLIENT_CONFIRMATION_OK"
25763,10411922169,10411922213,1,"IOTHUB_CLIENT_CONFIRMATION_OK"
25764,10411922369,10411922422,1,"IOTHUB_CLIENT_CONFIRMATION_OK"
25765,10411922569,10411922649,1,"IOTHUB_CLIENT_CONFIRMATION_OK"
25766,10411922769,10411922811,1,"IOTHUB_CLIENT_CONFIRMATION_OK"
25767,10411922969,10411923010,1,"IOTHUB_CLIENT_CONFIRMATION_OK"
25768,10411923170,10411923307,1,"IOTHUB_CLIENT_CONFIRMATION_OK"
25769,10411923370,10411923415,1,"IOTHUB_CLIENT_CONFIRMATION_OK"
25770,10411923570,10411923615,1,"IOTHUB_CLIENT_CONFIRMATION_OK"
25771,10411923770,10411924018,1,"IOTHUB_CLIENT_CONFIRMATION_OK"
25772,10411923970,10411924066,1,"IOTHUB_CLIENT_CONFIRMATION_OK"
25773,10411924170,10411924230,1,"IOTHUB_CLIENT_CONFIRMATION_OK"
25774,10411924371,10411924427,1,"IOTHUB_CLIENT_CONFIRMATION_OK"
25775,10411924571,10411924623,1,"IOTHUB_CLIENT_CONFIRMATION_OK"
25776,10411924771,10411924828,1,"IOTHUB_CLIENT_CONFIRMATION_OK"
25777,10411924971,10411925044,1,"IOTHUB_CLIENT_CONFIRMATION_OK"
25778,10411925171,10411925214,1,"IOTHUB_CLIENT_CONFIRMATION_OK"
25779,10411925371,10411925422,1,"IOTHUB_CLIENT_CONFIRMATION_OK"
25780,10411925572,10411925639,1,"IOTHUB_CLIENT_CONFIRMATION_OK"
25781,10411925772,10411925824,1,"IOTHUB_CLIENT_CONFIRMATION_OK"
25782,10411925972,10411926043,1,"IOTHUB_CLIENT_CONFIRMATION_OK"
25783,10411926172,10411926223,1,"IOTHUB_CLIENT_CONFIRMATION_OK"
25784,10411926372,10411926436,1,"IOTHUB_CLIENT_CONFIRMATION_OK"
25785,10411926572,10411926671,1,"IOTHUB_CLIENT_CONFIRMATION_OK"
25786,10411926772,10411926814,1,"IOTHUB_CLIENT_CONFIRMATION_OK"
25787,10411926973,10411927024,1,"IOTHUB_CLIENT_CONFIRMATION_OK"
25788,10411927173,10411927294,1,"IOTHUB_CLIENT_CONFIRMATION_OK"
25789,10411927373,10411927432,1,"IOTHUB_CLIENT_CONFIRMATION_OK"
25790,10411927573,10411927640,1,"IOTHUB_CLIENT_CONFIRMATION_OK"
25791,10411927773,10411927830,1,"IOTHUB_CLIENT_CONFIRMATION_OK"
25792,10411927973,10411928069,1,"IOTHUB_CLIENT_CONFIRMATION_OK"
25793,10411928174,10411928219,1,"IOTHUB_CLIENT_CONFIRMATION_OK"
25794,10411928374,10411928411,1,"IOTHUB_CLIENT_CONFIRMATION_OK"
25795,10411928574,10411928615,1,"IOTHUB_CLIENT_CONFIRMATION_OK"
25796,10411928774,10411928892,1,"IOTHUB_CLIENT_CONFIRMATION_OK"
25797,10411928974,10411929039,1,"IOTHUB_CLIENT_CONFIRMATION_OK"
25798,10411929174,10411929210,1,"IOTHUB_CLIENT_CONFIRMATION_OK"
25799,10411929374,10411929510,1,"IOTHUB_CLIENT_CONFIRMATION_OK"
25800,10411929575,10411929642,1,"IOTHUB_CLIENT_CONFIRMATION_OK"
25801,10411929775,10411929833,1,"IOTHUB_CLIENT_CONFIRMATION_OK"
25802,10411929975,10411930028,1,"IOTHUB_CLIENT_CONFIRMATION_OK"
25803,10411930175,10411930229,1,"IOTHUB_CLIENT_CONFIRMATION_OK"
25804,10411930375,10411930478,1,"IOTHUB_CLIENT_CONFIRMATION_OK"
25805,10411930575,10411930645,1,"IOTHUB_CLIENT_CONFIRMATION_OK"
25806,10411930776,10411930823,1,"IOTHUB_CLIENT_CONFIRMATION_OK"
25807,10411930976,10411931173,1,"IOTHUB_CLIENT_CONFIRMATION_OK"
25808,10411931176,10411931230,1,"IOTHUB_CLIENT_CONFIRMATION_OK"
25809,10411931376,10411931421,1,"IOTHUB_CLIENT_CONFIRMATION_OK"
25810,10411931576,10411931640,1,"IOTHUB_CLIENT_CONFIRMATION_OK"
25811,10411931776,10411931826,1,"IOTHUB_CLIENT_CONFIRMATION_OK"
25812,10411931977,10411932013,1,"IOTHUB_CLIENT_CONFIRMATION_OK"
25813,10411932177,10411932226,1,"IOTHUB_CLIENT_CONFIRMATION_OK"
25814,10411932377,10411932415,1,"IOTHUB_CLIENT_CONFIRMATION_OK"
25815,10411932577,10411932620,1,"IOTHUB_CLIENT_CONFIRMATION_OK"
25816,10411932777,10411932850,1,"IOTHUB_CLIENT_CONFIRMATION_OK"
25817,10411932977,10411933048,1,"IOTHUB_CLIENT_CONFIRMATION_OK"
25818,10411933178,10411933220,1,"IOTHUB_CLIENT_CONFIRMATION_OK"
25819,10411933378,10411933430,1,"IOTHUB_CLIENT_CONFIRMATION_OK"
25820,10411933578,10411933632,1,"IOTHUB_CLIENT_CONFIRMATION_OK"
25821,10411933778,10411933862,1,"IOTHUB_CLIENT_CONFIRMATION_OK"
25822,10411933978,10411934029,1,"IOTHUB_CLIENT_CONFIRMATION_OK"
25823,10411934178,10411934219,1,"IOTHUB_CLIENT_CONFIRMATION_OK"
25824,10411934378,10411934470,1,"IOTHUB_CLIENT_CONFIRMATION_OK"
25825,10411934579,10411934629,1,"IOTHUB_CLIENT_CONFIRMATION_OK"
25826,10411934779,10411934843,1,"IOTHUB_CLIENT_CONFIRMATION_OK"
25827,10411934979,10411935039,1,"IOTHUB_CLIENT_CONFIRMATION_OK"
25828,10411935179,10411935280,1,"IOTHUB_CLIENT_CONFIRMATION_OK"
25829,10411935379,10411935433,1,"IOTHUB_CLIENT_CONFIRMATION_OK"
25830,10411935579,10411935639,1,"IOTHUB_CLIENT_CONFIRMATION_OK"
25831,10411935780,10411935853,1,"IOTHUB_CLIENT_CONFIRMATION_OK"
25832,10411935980,10411936127,1,"IOTHUB_CLIENT_CONFIRMATION_OK"
25833,10411936180,10411936230,1,"IOTHUB_CLIENT_CONFIRMATION_OK"
25834,10411936380,10411936428,1,"IOTHUB_CLIENT_CONFIRMATION_OK"
25835,10411936580,10411936749,1,"IOTHUB_CLIENT_CONFIRMATION_OK"
25836,10411936780,10411936857,1,"IOTHUB_CLIENT_CONFIRMATION_OK"
25837,10411936981,10411937050,1,"IOTHUB_CLIENT_CONFIRMATION_OK"
25838,10411937181,10411937239,1,"IOTHUB_CLIENT_CONFIRMATION_OK"
25839,10411937381,10411937443,1,"IOTHUB_CLIENT_CONFIRMATION_OK"
25840,10411937581,10411937641,1,"IOTHUB_CLIENT_CONFIRMATION_OK"
25841,10411937781,10411937843,1,"IOTHUB_CLIENT_CONFIRMATION_OK"
25842,10411937981,10411938039,1,"IOTHUB_CLIENT_CONFIRMATION_OK"
25843,10411938182,10411938219,1,"IOTHUB_CLIENT_CONFIRMATION_OK"
25844,10411938382,10411938438,1,"IOTHUB_CLIENT_CONFIRMATION_OK"
25845,10411938582,10411938645,1,"IOTHUB_CLIENT_CONFIRMATION_OK"
25846,10411938782,10411938820,1,"IOTHUB_CLIENT_CONFIRMATION_OK"
25847,10411938982,10411939036,1,"IOTHUB_CLIENT_CONFIRMATION_OK"
25848,10411939182,10411939240,1,"IOTHUB_CLIENT_CONFIRMATION_OK"
25849,10411939383,10411939454,1,"IOTHUB_CLIENT_CONFIRMATION_OK"
25850,10411939583,10411939626,1,"IOTHUB_CLIENT_CONFIRMATION_OK"
25851,10411939783,10411939819,1,"IOTHUB_CLIENT_CONFIRMATION_OK"
25852,10411939983,10411940042,1,"IOTHUB_CLIENT_CONFIRMATION_OK"
25853,10411940183,10411940234,1,"IOTHUB_CLIENT_CONFIRMATION_OK"
25854,10411940383,10411940451,1,"IOTHUB_CLIENT_CONFIRMATION_OK"
25855,10411940584,10411940650,1,"IOTHUB_CLIENT_CONFIRMATION_OK"
25856,10411940784,10411940840,1,"IOTHUB_CLIENT_CONFIRMATION_OK"
25857,10411940984,10411941059,1,"IOTHUB_CLIENT_CONFIRMATION_OK"
25858,10411941184,10411941256,1,"IOTHUB_CLIENT_CONFIRMATION_OK"
25859,10411941384,10411941455,1,"IOTHUB_CLIENT_CONFIRMATION_OK"
25860,10411941584,10411941761,1,"IOTHUB_CLIENT_CONFIRMATION_OK"
25861,10411941784,10411941848,1,"IOTHUB_CLIENT_CONFIRMATION_OK"
25862,10411941985,10411942032,1,"IOTHUB_CLIENT_CONFIRMATION_OK"
25863,10411942185,10411942265,1,"IOTHUB_CLIENT_CONFIRMATION_OK"
25864,10411942385,10411942433,1,"IOTHUB_CLIENT_CONFIRMATION_OK"
25865,10411942585,10411942630,1,"IOTHUB_CLIENT_CONFIRMATION_OK"
25866,10411942785,10411942821,1,"IOTHUB_CLIENT_CONFIRMATION_OK"
25867,10411942985,10411943036,1,"IOTHUB_CLIENT_CONFIRMATION_OK"
25868,10411943186,10411943342,1,"IOTHUB_CLIENT_CONFIRMATION_OK"
25869,10411943386,10411943432,1,"IOTHUB_CLIENT_CONFIRMATION_OK"
25870,10411943586,10411943635,1,"IOTHUB_CLIENT_CONFIRMATION_OK"
25871,10411943786,10411944028,1,"IOTHUB_CLIENT_CONFIRMATION_OK"
25872,10411943986,10411944058,1,"IOTHUB_CLIENT_CONFIRMATION_OK"
25873,10411944186,10411944239,1,"IOTHUB_CLIENT_CONFIRMATION_OK"
25874,10411944387,10411944448,1,"IOTHUB_CLIENT_CONFIRMATION_OK"
25875,10411944587,10411944630,1,"IOTHUB_CLIENT_CONFIRMATION_OK"
25876,10411944787,10411944829,1,"IOTHUB_CLIENT_CONFIRMATION_OK"
25877,10411944987,10411945038,1,"IOTHUB_CLIENT_CONFIRMATION_OK"
25878,10411945187,10411945222,1,"IOTHUB_CLIENT_CONFIRMATION_OK"
25879,10411945387,10411945437,1,"IOTHUB_CLIENT_CONFIRMATION_OK"
25880,10411945588,10411945695,1,"IOTHUB_CLIENT_CONFIRMATION_OK"
25881,10411945788,10411945842,1,"IOTHUB_CLIENT_CONFIRMATION_OK"
25882,10411945988,10411946067,1,"IOTHUB_CLIENT_CONFIRMATION_OK"
25883,10411946188,10411946284,1,"IOTHUB_CLIENT_CONFIRMATION_OK"
25884,10411946388,10411946451,1,"IOTHUB_CLIENT_CONFIRMATION_OK"
25885,10411946588,10411946657,1,"IOTHUB_CLIENT_CONFIRMATION_OK"
25886,10411946789,10411946833,1,"IOTHUB_CLIENT_CONFIRMATION_OK"
25887,10411946989,10411947126,1,"IOTHUB_CLIENT_CONFIRMATION_OK"
25888,10411947189,10411947406,1,"IOTHUB_CLIENT_CONFIRMATION_OK"
25889,10411947389,10411947476,1,"IOTHUB_CLIENT_CONFIRMATION_OK"
25890,10411947589,10411947629,1,"IOTHUB_CLIENT_CONFIRMATION_OK"
25891,10411947789,10411947829,1,"IOTHUB_CLIENT_CONFIRMATION_OK"
25892,10411947989,10411948035,1,"IOTHUB_CLIENT_CONFIRMATION_OK"
25893,10411948190,10411948305,1,"IOTHUB_CLIENT_CONFIRMATION_OK"
25894,10411948390,10411948451,1,"IOTHUB_CLIENT_CONFIRMATION_OK"
25895,10411948590,10411948656,1,"IOTHUB_CLIENT_CONFIRMATION_OK"
25896,10411948790,10411948954,1,"IOTHUB_CLIENT_CONFIRMATION_OK"
25897,10411948990,10411949056,1,"IOTHUB_CLIENT_CONFIRMATION_OK"
25898,10411949190,10411949235,1,"IOTHUB_CLIENT_CONFIRMATION_OK"
25899,10411949391,10411949526,1,"IOTHUB_CLIENT_CONFIRMATION_OK"
25900,10411949591,10411949658,1,"IOTHUB_CLIENT_CONFIRMATION_OK"
25901,10411949791,10411949896,1,"IOTHUB_CLIENT_CONFIRMATION_OK"
25902,10411949991,10411950037,1,"IOTHUB_CLIENT_CONFIRMATION_OK"
25903,10411950191,10411950249,1,"IOTHUB_CLIENT_CONFIRMATION_OK"
25904,10411950391,10411950442,1,"IOTHUB_CLIENT_CONFIRMATION_OK"
25905,10411950592,10411950641,1,"IOTHUB_CLIENT_CONFIRMATION_OK"
25906,10411950792,10411950849,1,"IOTHUB_CLIENT_CONFIRMATION_OK"
25907,10411950992,10411951292,1,"IOTHUB_CLIENT_CONFIRMATION_OK"
25908,10411951192,10411951340,1,"IOTHUB_CLIENT_CONFIRMATION_OK"
25909,10411951392,10411951442,1,"IOTHUB_CLIENT_CONFIRMATION_OK"
25910,10411951592,10411951658,1,"IOTHUB_CLIENT_CONFIRMATION_OK"
25911,10411951793,10411951849,1,"IOTHUB_CLIENT_CONFIRMATION_OK"
25912,10411951993,10411952055,1,"IOTHUB_CLIENT_CONFIRMATION_OK"
25913,10411952193,10411952301,1,"IOTHUB_CLIENT_CONFIRMATION_OK"
25914,10411952393,10411952443,1,"IOTHUB_CLIENT_CONFIRMATION_OK"
25915,10411952593,10411952650,1,"IOTHUB_CLIENT_CONFIRMATION_OK"
25916,10411952793,10411952896,1,"IOTHUB_CLIENT_CONFIRMATION_OK"
25917,10411952994,10411953075,1,"IOTHUB_CLIENT_CONFIRMATION_OK"
25918,10411953194,10411953308,1,"IOTHUB_CLIENT_CONFIRMATION_OK"
25919,10411953394,10411953469,1,"IOTHUB_CLIENT_CONFIRMATION_OK"
25920,10411953594,10411953647,1,"IOTHUB_CLIENT_CONFIRMATION_OK"
25921,10411953794,10411953906,1,"IOTHUB_CLIENT_CONFIRMATION_OK"
25922,10411953994,10411954041,1,"IOTHUB_CLIENT_CONFIRMATION_OK"
25923,10411954194,10411954256,1,"IOTHUB_CLIENT_CONFIRMATION_OK"
25924,10411954395,10411954456,1,"IOTHUB_CLIENT_CONFIRMATION_OK"
25925,10411954595,10411954642,1,"IOTHUB_CLIENT_CONFIRMATION_OK"
25926,10411954795,10411954893,1,"IOTHUB_CLIENT_CONFIRMATION_OK"
25927,10411954995,10411955046,1,"IOTHUB_CLIENT_CONFIRMATION_OK"
25928,10411955195,10411955241,1,"IOTHUB_CLIENT_CONFIRMATION_OK"
25929,10411955395,10411955445,1,"IOTHUB_CLIENT_CONFIRMATION_OK"
25930,10411955596,10411955635,1,"IOTHUB_CLIENT_CONFIRMATION_OK"
25931,10411955796,10411955844,1,"IOTHUB_CLIENT_CONFIRMATION_OK"
25932,10411955996,10411956109,1,"IOTHUB_CLIENT_CONFIRMATION_OK"
25933,10411956196,10411956241,1,"IOTHUB_CLIENT_CONFIRMATION_OK"
25934,10411956396,10411956440,1,"IOTHUB_CLIENT_CONFIRMATION_OK"
25935,10411956596,10411956690,1,"IOTHUB_CLIENT_CONFIRMATION_OK"
25936,10411956796,10411956836,1,"IOTHUB_CLIENT_CONFIRMATION_OK"
25937,10411956997,10411957044,1,"IOTHUB_CLIENT_CONFIRMATION_OK"
25938,10411957197,10411957314,1,"IOTHUB_CLIENT_CONFIRMATION_OK"
25939,10411957397,10411957447,1,"IOTHUB_CLIENT_CONFIRMATION_OK"
25940,10411957597,10411957645,1,"IOTHUB_CLIENT_CONFIRMATION_OK"
25941,10411957797,10411957874,1,"IOTHUB_CLIENT_CONFIRMATION_OK"
25942,10411957997,10411958038,1,"IOTHUB_CLIENT_CONFIRMATION_OK"
25943,10411958197,10411958296,1,"IOTHUB_CLIENT_CONFIRMATION_OK"
25944,10411958398,10411958512,1,"IOTHUB_CLIENT_CONFIRMATION_OK"
25945,10411958598,10411958712,1,"IOTHUB_CLIENT_CONFIRMATION_OK"
25946,10411958798,10411958935,1,"IOTHUB_CLIENT_CONFIRMATION_OK"
25947,10411958998,10411959052,1,"IOTHUB_CLIENT_CONFIRMATION_OK"
25948,10411959198,10411959241,1,"IOTHUB_CLIENT_CONFIRMATION_OK"
25949,10411959398,10411959464,1,"IOTHUB_CLIENT_CONFIRMATION_OK"
25950,10411959599,10411959646,1,"IOTHUB_CLIENT_CONFIRMATION_OK"
25951,10411959799,10411959869,1,"IOTHUB_CLIENT_CONFIRMATION_OK"
25952,10411959999,10411960049,1,"IOTHUB_CLIENT_CONFIRMATION_OK"
25953,10411960199,10411960250,1,"IOTHUB_CLIENT_CONFIRMATION_OK"
25954,10411960399,10411960456,1,"IOTHUB_CLIENT_CONFIRMATION_OK"
25955,10411960599,10411960659,1,"IOTHUB_CLIENT_CONFIRMATION_OK"
25956,10411960800,10411960852,1,"IOTHUB_CLIENT_CONFIRMATION_OK"
25957,10411961000,10411961175,1,"IOTHUB_CLIENT_CONFIRMATION_OK"
25958,10411961200,10411961250,1,"IOTHUB_CLIENT_CONFIRMATION_OK"
25959,10411961400,10411961537,1,"IOTHUB_CLIENT_CONFIRMATION_OK"
25960,10411961600,10411961665,1,"IOTHUB_CLIENT_CONFIRMATION_OK"
25961,10411961800,10411961839,1,"IOTHUB_CLIENT_CONFIRMATION_OK"
25962,10411962001,10411962098,1,"IOTHUB_CLIENT_CONFIRMATION_OK"
25963,10411962201,10411962242,1,"IOTHUB_CLIENT_CONFIRMATION_OK"
25964,10411962401,10411962456,1,"IOTHUB_CLIENT_CONFIRMATION_OK"
25965,10411962601,10411962644,1,"IOTHUB_CLIENT_CONFIRMATION_OK"
25966,10411962801,10411962849,1,"IOTHUB_CLIENT_CONFIRMATION_OK"
25967,10411963001,10411963055,1,"IOTHUB_CLIENT_CONFIRMATION_OK"
25968,10411963202,10411963396,1,"IOTHUB_CLIENT_CONFIRMATION_OK"
25969,10411963402,10411963466,1,"IOTHUB_CLIENT_CONFIRMATION_OK"
25970,10411963602,10411963656,1,"IOTHUB_CLIENT_CONFIRMATION_OK"
25971,10411963802,10411963843,1,"IOTHUB_CLIENT_CONFIRMATION_OK"
25972,10411964002,10411964120,1,"IOTHUB_CLIENT_CONFIRMATION_OK"
25973,10411964202,10411964240,1,"IOTHUB_CLIENT_CONFIRMATION_OK"
25974,10411964402,10411964453,1,"IOTHUB_CLIENT_CONFIRMATION_OK"
25975,10411964603,10411964668,1,"IOTHUB_CLIENT_CONFIRMATION_OK"
25976,10411964803,10411964848,1,"IOTHUB_CLIENT_CONFIRMATION_OK"
25977,10411965003,10411965064,1,"IOTHUB_CLIENT_CONFIRMATION_OK"
25978,10411965203,10411965270,1,"IOTHUB_CLIENT_CONFIRMATION_OK"
25979,10411965403,10411965470,1,"IOTHUB_CLIENT_CONFIRMATION_OK"
25980,10411965603,10411965662,1,"IOTHUB_CLIENT_CONFIRMATION_OK"
25981,10411965804,10411965848,1,"IOTHUB_CLIENT_CONFIRMATION_OK"
25982,10411966004,10411966066,1,"IOTHUB_CLIENT_CONFIRMATION_OK"
25983,10411966204,10411966257,1,"IOTHUB_CLIENT_CONFIRMATION_OK"
25984,10411966404,10411966459,1,"IOTHUB_CLIENT_CONFIRMATION_OK"
25985,10411966604,10411966714,1,"IOTHUB_CLIENT_CONFIRMATION_OK"
25986,10411966804,10411966855,1,"IOTHUB_CLIENT_CONFIRMATION_OK"
25987,10411967005,10411967064,1,"IOTHUB_CLIENT_CONFIRMATION_OK"
25988,10411967205,10411967312,1,"IOTHUB_CLIENT_CONFIRMATION_OK"
25989,10411967405,10411967487,1,"IOTHUB_CLIENT_CONFIRMATION_OK"
25990,10411967605,10411967646,1,"IOTHUB_CLIENT_CONFIRMATION_OK"
25991,10411967805,10411967857,1,"IOTHUB_CLIENT_CONFIRMATION_OK"
25992,10411968005,10411968128,1,"IOTHUB_CLIENT_CONFIRMATION_OK"
25993,10411968206,10411968308,1,"IOTHUB_CLIENT_CONFIRMATION_OK"
25994,10411968406,10411968458,1,"IOTHUB_CLIENT_CONFIRMATION_OK"
25995,10411968606,10411968657,1,"IOTHUB_CLIENT_CONFIRMATION_OK"
25996,10411968806,10411968957,1,"IOTHUB_CLIENT_CONFIRMATION_OK"
25997,10411969006,10411969057,1,"IOTHUB_CLIENT_CONFIRMATION_OK"
25998,10411969206,10411969244,1,"IOTHUB_CLIENT_CONFIRMATION_OK"
25999,10411969406,10411969444,1,"IOTHUB_CLIENT_CONFIRMATION_OK"
26000,10411969607,10411969669,1,"IOTHUB_CLIENT_CONFIRMATION_OK"
26001,10411969807,10411969861,1,"IOTHUB_CLIENT_CONFIRMATION_OK"
26002,10411970007,10411970080,1,"IOTHUB_CLIENT_CONFIRMATION_OK"
26003,10411970207,10411970254,1,"IOTHUB_CLIENT_CONFIRMATION_OK"
26004,10411970407,10411970471,1,"IOTHUB_CLIENT_CONFIRMATION_OK"
26005,10411970607,10411970661,1,"IOTHUB_CLIENT_CONFIRMATION_OK"
26006,10411970808,10411970847,1,"IOTHUB_CLIENT_CONFIRMATION_OK"
26007,10411971008,10411971234,1,"IOTHUB_CLIENT_CONFIRMATION_OK"
26008,10411971208,10411971266,1,"IOTHUB_CLIENT_CONFIRMATION_OK"
26009,10411971408,10411971472,1,"IOTHUB_CLIENT_CONFIRMATION_OK"
26010,10411971608,10411971659,1,"IOTHUB_CLIENT_CONFIRMATION_OK"
26011,10411971808,10411971852,1,"IOTHUB_CLIENT_CONFIRMATION_OK"
26012,10411972009,10411972067,1,"IOTHUB_CLIENT_CONFIRMATION_OK"
26013,10411972209,10411972252,1,"IOTHUB_CLIENT_CONFIRMATION_OK"
26014,10411972409,10411972465,1,"IOTHUB_CLIENT_CONFIRMATION_OK"
26015,10411972609,10411972683,1,"IOTHUB_CLIENT_CONFIRMATION_OK"
26016,10411972809,10411972863,1,"IOTHUB_CLIENT_CONFIRMATION_OK"
26017,10411973009,10411973051,1,"IOTHUB_CLIENT_CONFIRMATION_OK"
26018,10411973209,10411973277,1,"IOTHUB_CLIENT_CONFIRMATION_OK"
26019,10411973410,10411973459,1,"IOTHUB_CLIENT_CONFIRMATION_OK"
26020,10411973610,10411973673,1,"IOTHUB_CLIENT_CONFIRMATION_OK"
26021,10411973810,10411973859,1,"IOTHUB_CLIENT_CONFIRMATION_OK"
26022,10411974010,10411974097,1,"IOTHUB_CLIENT_CONFIRMATION_OK"
26023,10411974210,10411974270,1,"IOTHUB_CLIENT_CONFIRMATION_OK"
26024,10411974410,10411974466,1,"IOTHUB_CLIENT_CONFIRMATION_OK"
26025,10411974611,10411974665,1,"IOTHUB_CLIENT_CONFIRMATION_OK"
26026,10411974811,10411974879,1,"IOTHUB_CLIENT_CONFIRMATION_OK"
26027,10411975011,10411975103,1,"IOTHUB_CLIENT_CONFIRMATION_OK"
26028,10411975211,10411975262,1,"IOTHUB_CLIENT_CONFIRMATION_OK"
26029,10411975411,10411975452,1,"IOTHUB_CLIENT_CONFIRMATION_OK"
26030,10411975611,10411975651,1,"IOTHUB_CLIENT_CONFIRMATION_OK"
26031,10411975811,10411975874,1,"IOTHUB_CLIENT_CONFIRMATION_OK"
26032,10411976012,10411976106,1,"IOTHUB_CLIENT_CONFIRMATION_OK"
26033,10411976212,10411976256,1,"IOTHUB_CLIENT_CONFIRMATION_OK"
26034,10411976412,10411976451,1,"IOTHUB_CLIENT_CONFIRMATION_OK"
26035,10411976612,10411976704,1,"IOTHUB_CLIENT_CONFIRMATION_OK"
26036,10411976812,10411976852,1,"IOTHUB_CLIENT_CONFIRMATION_OK"
26037,10411977012,10411977061,1,"IOTHUB_CLIENT_CONFIRMATION_OK"
26038,10411977213,10411977289,1,"IOTHUB_CLIENT_CONFIRMATION_OK"
26039,10411977413,10411977465,1,"IOTHUB_CLIENT_CONFIRMATION_OK"
26040,10411977613,10411977656,1,"IOTHUB_CLIENT_CONFIRMATION_OK"
26041,10411977813,10411977861,1,"IOTHUB_CLIENT_CONFIRMATION_OK"
26042,10411978013,10411978095,1,"IOTHUB_CLIENT_CONFIRMATION_OK"
26043,10411978213,10411978340,1,"IOTHUB_CLIENT_CONFIRMATION_OK"
26044,10411978414,10411978456,1,"IOTHUB_CLIENT_CONFIRMATION_OK"
26045,10411978614,10411978669,1,"IOTHUB_CLIENT_CONFIRMATION_OK"
26046,10411978814,10411978964,1,"IOTHUB_CLIENT_CONFIRMATION_OK"
26047,10411979014,10411979056,1,"IOTHUB_CLIENT_CONFIRMATION_OK"
26048,10411979214,10411979285,1,"IOTHUB_CLIENT_CONFIRMATION_OK"
26049,10411979414,10411979476,1,"IOTHUB_CLIENT_CONFIRMATION_OK"
26050,10411979614,10411979697,1,"IOTHUB_CLIENT_CONFIRMATION_OK"
26051,10411979815,10411979860,1,"IOTHUB_CLIENT_CONFIRMATION_OK"
26052,10411980015,10411980061,1,"IOTHUB_CLIENT_CONFIRMATION_OK"
26053,10411980215,10411980260,1,"IOTHUB_CLIENT_CONFIRMATION_OK"
26054,10411980415,10411980465,1,"IOTHUB_CLIENT_CONFIRMATION_OK"
26055,10411980615,10411980672,1,"IOTHUB_CLIENT_CONFIRMATION_OK"
26056,10411980815,10411980879,1,"IOTHUB_CLIENT_CONFIRMATION_OK"
26057,10411981016,10411981269,1,"IOTHUB_CLIENT_CONFIRMATION_OK"
26058,10411981216,10411981301,1,"IOTHUB_CLIENT_CONFIRMATION_OK"
26059,10411981416,10411981507,1,"IOTHUB_CLIENT_CONFIRMATION_OK"
26060,10411981616,10411981659,1,"IOTHUB_CLIENT_CONFIRMATION_OK"
26061,10411981816,10411981884,1,"IOTHUB_CLIENT_CONFIRMATION_OK"
26062,10411982016,10411982057,1,"IOTHUB_CLIENT_CONFIRMATION_OK"
26063,10411982216,10411982276,1,"IOTHUB_CLIENT_CONFIRMATION_OK"
26064,10411982417,10411982448,1,"IOTHUB_CLIENT_CONFIRMATION_OK"
26065,10411982617,10411982658,1,"IOTHUB_CLIENT_CONFIRMATION_OK"
26066,10411982817,10411982868,1,"IOTHUB_CLIENT_CONFIRMATION_OK"
26067,10411983017,10411983067,1,"IOTHUB_CLIENT_CONFIRMATION_OK"
26068,10411983217,10411983407,1,"IOTHUB_CLIENT_CONFIRMATION_OK"
26069,10411983417,10411983481,1,"IOTHUB_CLIENT_CONFIRMATION_OK"
26070,10411983618,10411983660,1,"IOTHUB_CLIENT_CONFIRMATION_OK"
26071,10411983818,10411983877,1,"IOTHUB_CLIENT_CONFIRMATION_OK"
26072,10411984018,10411984070,1,"IOTHUB_CLIENT_CONFIRMATION_OK"
26073,10411984218,10411984286,1,"IOTHUB_CLIENT_CONFIRMATION_OK"
26074,10411984418,10411984482,1,"IOTHUB_CLIENT_CONFIRMATION_OK"
26075,10411984618,10411984670,1,"IOTHUB_CLIENT_CONFIRMATION_OK"
26076,10411984819,10411984862,1,"IOTHUB_CLIENT_CONFIRMATION_OK"
26077,10411985019,10411985064,1,"IOTHUB_CLIENT_CONFIRMATION_OK"
26078,10411985219,10411985271,1,"IOTHUB_CLIENT_CONFIRMATION_OK"
26079,10411985419,10411985492,1,"IOTHUB_CLIENT_CONFIRMATION_OK"
26080,10411985619,10411985670,1,"IOTHUB_CLIENT_CONFIRMATION_OK"
26081,10411985819,10411985890,1,"IOTHUB_CLIENT_CONFIRMATION_OK"
26082,10411986020,10411986068,1,"IOTHUB_CLIENT_CONFIRMATION_OK"
26083,10411986220,10411986275,1,"IOTHUB_CLIENT_CONFIRMATION_OK"
26084,10411986420,10411986478,1,"IOTHUB_CLIENT_CONFIRMATION_OK"
26085,10411986620,10411986751,1,"IOTHUB_CLIENT_CONFIRMATION_OK"
26086,10411986820,10411986860,1,"IOTHUB_CLIENT_CONFIRMATION_OK"
26087,10411987020,10411987059,1,"IOTHUB_CLIENT_CONFIRMATION_OK"
26088,10411987220,10411987275,1,"IOTHUB_CLIENT_CONFIRMATION_OK"
26089,10411987421,10411987464,1,"IOTHUB_CLIENT_CONFIRMATION_OK"
26090,10411987621,10411987686,1,"IOTHUB_CLIENT_CONFIRMATION_OK"
26091,10411987821,10411987899,1,"IOTHUB_CLIENT_CONFIRMATION_OK"
26092,10411988021,10411988116,1,"IOTHUB_CLIENT_CONFIRMATION_OK"
26093,10411988221,10411988292,1,"IOTHUB_CLIENT_CONFIRMATION_OK"
26094,10411988421,10411988459,1,"IOTHUB_CLIENT_CONFIRMATION_OK"
26095,10411988622,10411988700,1,"IOTHUB_CLIENT_CONFIRMATION_OK"
26096,10411988822,10411988902,1,"IOTHUB_CLIENT_CONFIRMATION_OK"
26097,10411989022,10411989080,1,"IOTHUB_CLIENT_CONFIRMATION_OK"
26098,10411989222,10411989268,1,"IOTHUB_CLIENT_CONFIRMATION_OK"
26099,10411989422,10411989509,1,"IOTHUB_CLIENT_CONFIRMATION_OK"
26100,10411989622,10411989668,1,"IOTHUB_CLIENT_CONFIRMATION_OK"
26101,10411989823,10411989872,1,"IOTHUB_CLIENT_CONFIRMATION_OK"
26102,10411990023,10411990132,1,"IOTHUB_CLIENT_CONFIRMATION_OK"
26103,10411990223,10411990297,1,"IOTHUB_CLIENT_CONFIRMATION_OK"
26104,10411990423,10411990462,1,"IOTHUB_CLIENT_CONFIRMATION_OK"
26105,10411990623,10411990670,1,"IOTHUB_CLIENT_CONFIRMATION_OK"
26106,10411990823,10411990889,1,"IOTHUB_CLIENT_CONFIRMATION_OK"
26107,10411991023,10411991131,1,"IOTHUB_CLIENT_CONFIRMATION_OK"
26108,10411991224,10411991376,1,"IOTHUB_CLIENT_CONFIRMATION_OK"
26109,10411991424,10411991475,1,"IOTHUB_CLIENT_CONFIRMATION_OK"
26110,10411991624,10411991765,1,"IOTHUB_CLIENT_CONFIRMATION_OK"
26111,10411991824,10411991965,1,"IOTHUB_CLIENT_CONFIRMATION_OK"
26112,10411992024,10411992072,1,"IOTHUB_CLIENT_CONFIRMATION_OK"
26113,10411992224,10411992268,1,"IOTHUB_CLIENT_CONFIRMATION_OK"
26114,10411992425,10411992472,1,"IOTHUB_CLIENT_CONFIRMATION_OK"
26115,10411992625,10411992676,1,"IOTHUB_CLIENT_CONFIRMATION_OK"
26116,10411992825,10411992890,1,"IOTHUB_CLIENT_CONFIRMATION_OK"
26117,10411993025,10411993103,1,"IOTHUB_CLIENT_CONFIRMATION_OK"
26118,10411993225,10411993380,1,"IOTHUB_CLIENT_CONFIRMATION_OK"
26119,10411993425,10411993466,1,"IOTHUB_CLIENT_CONFIRMATION_OK"
26120,10411993625,10411993691,1,"IOTHUB_CLIENT_CONFIRMATION_OK"
26121,10411993826,10411994024,1,"IOTHUB_CLIENT_CONFIRMATION_OK"
26122,10411994026,10411994088,1,"IOTHUB_CLIENT_CONFIRMATION_OK"
26123,10411994226,10411994274,1,"IOTHUB_CLIENT_CONFIRMATION_OK"
26124,10411994426,10411994471,1,"IOTHUB_CLIENT_CONFIRMATION_OK"
26125,10411994626,10411994689,1,"IOTHUB_CLIENT_CONFIRMATION_OK"
26126,10411994826,10411994876,1,"IOTHUB_CLIENT_CONFIRMATION_OK"
26127,10411995027,10411995073,1,"IOTHUB_CLIENT_CONFIRMATION_OK"
26128,10411995227,10411995274,1,"IOTHUB_CLIENT_CONFIRMATION_OK"
26129,10411995427,10411995476,1,"IOTHUB_CLIENT_CONFIRMATION_OK"
26130,10411995627,10411995664,1,"IOTHUB_CLIENT_CONFIRMATION_OK"
26131,10411995827,10411995874,1,"IOTHUB_CLIENT_CONFIRMATION_OK"
26132,10411996027,10411996242,1,"IOTHUB_CLIENT_CONFIRMATION_OK"
26133,10411996227,10411996285,1,"IOTHUB_CLIENT_CONFIRMATION_OK"
26134,10411996428,10411996476,1,"IOTHUB_CLIENT_CONFIRMATION_OK"
26135,10411996628,10411996673,1,"IOTHUB_CLIENT_CONFIRMATION_OK"
26136,10411996828,10411996880,1,"IOTHUB_CLIENT_CONFIRMATION_OK"
26137,10411997028,10411997085,1,"IOTHUB_CLIENT_CONFIRMATION_OK"
26138,10411997228,10411997293,1,"IOTHUB_CLIENT_CONFIRMATION_OK"
26139,10411997429,10411997512,1,"IOTHUB_CLIENT_CONFIRMATION_OK"
26140,10411997629,10411997669,1,"IOTHUB_CLIENT_CONFIRMATION_OK"
26141,10411997829,10411997879,1,"IOTHUB_CLIENT_CONFIRMATION_OK"
26142,10411998029,10411998080,1,"IOTHUB_CLIENT_CONFIRMATION_OK"
26143,10411998229,10411998274,1,"IOTHUB_CLIENT_CONFIRMATION_OK"
26144,10411998429,10411998467,1,"IOTHUB_CLIENT_CONFIRMATION_OK"
26145,10411998629,10411998712,1,"IOTHUB_CLIENT_CONFIRMATION_OK"
26146,10411998830,10411998897,1,"IOTHUB_CLIENT_CONFIRMATION_OK"
26147,10411999030,10411999111,1,"IOTHUB_CLIENT_CONFIRMATION_OK"
26148,10411999230,10411999266,1,"IOTHUB_CLIENT_CONFIRMATION_OK"
26149,10411999430,10411999501,1,"IOTHUB_CLIENT_CONFIRMATION_OK"
26150,10411999630,10411999671,1,"IOTHUB_CLIENT_CONFIRMATION_OK"
26151,10411999830,10411999865,1,"IOTHUB_CLIENT_CONFIRMATION_OK"
26152,10412000031,10412000130,1,"IOTHUB_CLIENT_CONFIRMATION_OK"
26153,10412000231,10412000280,1,"IOTHUB_CLIENT_CONFIRMATION_OK"
26154,10412000431,10412000483,1,"IOTHUB_CLIENT_CONFIRMATION_OK"
26155,10412000631,10412000679,1,"IOTHUB_CLIENT_CONFIRMATION_OK"
26156,10412000831,10412000966,1,"IOTHUB_CLIENT_CONFIRMATION_OK"
26157,10412001031,10412001238,1,"IOTHUB_CLIENT_CONFIRMATION_OK"
26158,10412001231,10412001287,1,"IOTHUB_CLIENT_CONFIRMATION_OK"
26159,10412001432,10412001504,1,"IOTHUB_CLIENT_CONFIRMATION_OK"
26160,10412001632,10412001672,1,"IOTHUB_CLIENT_CONFIRMATION_OK"
26161,10412001832,10412001875,1,"IOTHUB_CLIENT_CONFIRMATION_OK"
26162,10412002032,10412002083,1,"IOTHUB_CLIENT_CONFIRMATION_OK"
26163,10412002232,10412002281,1,"IOTHUB_CLIENT_CONFIRMATION_OK"
26164,10412002432,10412002511,1,"IOTHUB_CLIENT_CONFIRMATION_OK"
26165,10412002633,10412002710,1,"IOTHUB_CLIENT_CONFIRMATION_OK"
26166,10412002833,10412002876,1,"IOTHUB_CLIENT_CONFIRMATION_OK"
26167,10412003033,10412003140,1,"IOTHUB_CLIENT_CONFIRMATION_OK"
26168,10412003233,10412003432,1,"IOTHUB_CLIENT_CONFIRMATION_OK"
26169,10412003433,10412003503,1,"IOTHUB_CLIENT_CONFIRMATION_OK"
26170,10412003633,10412003680,1,"IOTHUB_CLIENT_CONFIRMATION_OK"
26171,10412003833,10412003876,1,"IOTHUB_CLIENT_CONFIRMATION_OK"
26172,10412004034,10412004110,1,"IOTHUB_CLIENT_CONFIRMATION_OK"
26173,10412004234,10412004278,1,"IOTHUB_CLIENT_CONFIRMATION_OK"
26174,10412004434,10412004498,1,"IOTHUB_CLIENT_CONFIRMATION_OK"
26175,10412004634,10412004676,1,"IOTHUB_CLIENT_CONFIRMATION_OK"
26176,10412004834,10412004893,1,"IOTHUB_CLIENT_CONFIRMATION_OK"
26177,10412005034,10412005099,1,"IOTHUB_CLIENT_CONFIRMATION_OK"
26178,10412005235,10412005357,1,"IOTHUB_CLIENT_CONFIRMATION_OK"
26179,10412005435,10412005490,1,"IOTHUB_CLIENT_CONFIRMATION_OK"
26180,10412005635,10412005696,1,"IOTHUB_CLIENT_CONFIRMATION_OK"
26181,10412005835,10412005879,1,"IOTHUB_CLIENT_CONFIRMATION_OK"
26182,10412006035,10412006082,1,"IOTHUB_CLIENT_CONFIRMATION_OK"
26183,10412006235,10412006282,1,"IOTHUB_CLIENT_CONFIRMATION_OK"
26184,10412006435,10412006498,1,"IOTHUB_CLIENT_CONFIRMATION_OK"
26185,10412006636,10412006867,1,"IOTHUB_CLIENT_CONFIRMATION_OK"
26186,10412006836,10412006925,1,"IOTHUB_CLIENT_CONFIRMATION_OK"
26187,10412007036,10412007126,1,"IOTHUB_CLIENT_CONFIRMATION_OK"
26188,10412007236,10412007280,1,"IOTHUB_CLIENT_CONFIRMATION_OK"
26189,10412007436,10412007487,1,"IOTHUB_CLIENT_CONFIRMATION_OK"
26190,10412007636,10412007675,1,"IOTHUB_CLIENT_CONFIRMATION_OK"
26191,10412007836,10412007898,1,"IOTHUB_CLIENT_CONFIRMATION_OK"
26192,10412008037,10412008192,1,"IOTHUB_CLIENT_CONFIRMATION_OK"
26193,10412008237,10412008394,1,"IOTHUB_CLIENT_CONFIRMATION_OK"
26194,10412008437,10412008502,1,"IOTHUB_CLIENT_CONFIRMATION_OK"
26195,10412008637,10412008767,1,"IOTHUB_CLIENT_CONFIRMATION_OK"
26196,10412008837,10412009030,1,"IOTHUB_CLIENT_CONFIRMATION_OK"
26197,10412009037,10412009079,1,"IOTHUB_CLIENT_CONFIRMATION_OK"
26198,10412009238,10412009289,1,"IOTHUB_CLIENT_CONFIRMATION_OK"
26199,10412009438,10412009478,1,"IOTHUB_CLIENT_CONFIRMATION_OK"
26200,10412009638,10412009699,1,"IOTHUB_CLIENT_CONFIRMATION_OK"
26201,10412009838,10412009890,1,"IOTHUB_CLIENT_CONFIRMATION_OK"
26202,10412010038,10412010127,1,"IOTHUB_CLIENT_CONFIRMATION_OK"
26203,10412010238,10412010281,1,"IOTHUB_CLIENT_CONFIRMATION_OK"
26204,10412010439,10412010489,1,"IOTHUB_CLIENT_CONFIRMATION_OK"
26205,10412010639,10412010681,1,"IOTHUB_CLIENT_CONFIRMATION_OK"
26206,10412010839,10412010918,1,"IOTHUB_CLIENT_CONFIRMATION_OK"
26207,10412011039,10412011262,1,"IOTHUB_CLIENT_CONFIRMATION_OK"
26208,10412011239,10412011319,1,"IOTHUB_CLIENT_CONFIRMATION_OK"
26209,10412011439,10412011496,1,"IOTHUB_CLIENT_CONFIRMATION_OK"
26210,10412011639,10412011699,1,"IOTHUB_CLIENT_CONFIRMATION_OK"
26211,10412011840,10412011905,1,"IOTHUB_CLIENT_CONFIRMATION_OK"
26212,10412012040,10412012101,1,"IOTHUB_CLIENT_CONFIRMATION_OK"
26213,10412012240,10412012323,1,"IOTHUB_CLIENT_CONFIRMATION_OK"
26214,10412012440,10412012497,1,"IOTHUB_CLIENT_CONFIRMATION_OK"
26215,10412012640,10412012696,1,"IOTHUB_CLIENT_CONFIRMATION_OK"
26216,10412012840,10412012938,1,"IOTHUB_CLIENT_CONFIRMATION_OK"
26217,10412013041,10412013119,1,"IOTHUB_CLIENT_CONFIRMATION_OK"
26218,10412013241,10412013345,1,"IOTHUB_CLIENT_CONFIRMATION_OK"
26219,10412013441,10412013494,1,"IOTHUB_CLIENT_CONFIRMATION_OK"
26220,10412013641,10412013689,1,"IOTHUB_CLIENT_CONFIRMATION_OK"
26221,10412013841,10412013948,1,"IOTHUB_CLIENT_CONFIRMATION_OK"
26222,10412014041,10412014077,1,"IOTHUB_CLIENT_CONFIRMATION_OK"
26223,10412014241,10412014289,1,"IOTHUB_CLIENT_CONFIRMATION_OK"
26224,10412014442,10412014589,1,"IOTHUB_CLIENT_CONFIRMATION_OK"
26225,10412014642,10412014698,1,"IOTHUB_CLIENT_CONFIRMATION_OK"
26226,10412014842,10412014890,1,"IOTHUB_CLIENT_CONFIRMATION_OK"
26227,10412015042,10412015083,1,"IOTHUB_CLIENT_CONFIRMATION_OK"
26228,10412015242,10412015284,1,"IOTHUB_CLIENT_CONFIRMATION_OK"
26229,10412015442,10412015501,1,"IOTHUB_CLIENT_CONFIRMATION_OK"
26230,10412015643,10412015716,1,"IOTHUB_CLIENT_CONFIRMATION_OK"
26231,10412015843,10412015885,1,"IOTHUB_CLIENT_CONFIRMATION_OK"
26232,10412016043,10412016253,1,"IOTHUB_CLIENT_CONFIRMATION_OK"
26233,10412016243,10412016309,1,"IOTHUB_CLIENT_CONFIRMATION_OK"
26234,10412016443,10412016522,1,"IOTHUB_CLIENT_CONFIRMATION_OK"
26235,10412016643,10412016699,1,"IOTHUB_CLIENT_CONFIRMATION_OK"
26236,10412016844,10412016887,1,"IOTHUB_CLIENT_CONFIRMATION_OK"
26237,10412017044,10412017101,1,"IOTHUB_CLIENT_CONFIRMATION_OK"
26238,10412017244,10412017289,1,"IOTHUB_CLIENT_CONFIRMATION_OK"
26239,10412017444,10412017522,1,"IOTHUB_CLIENT_CONFIRMATION_OK"
26240,10412017644,10412017691,1,"IOTHUB_CLIENT_CONFIRMATION_OK"
26241,10412017844,10412017894,1,"IOTHUB_CLIENT_CONFIRMATION_OK"
26242,10412018044,10412018089,1,"IOTHUB_CLIENT_CONFIRMATION_OK"
26243,10412018245,10412018318,1,"IOTHUB_CLIENT_CONFIRMATION_OK"
26244,10412018445,10412018514,1,"IOTHUB_CLIENT_CONFIRMATION_OK"
26245,10412018645,10412018682,1,"IOTHUB_CLIENT_CONFIRMATION_OK"
26246,10412018845,10412018888,1,"IOTHUB_CLIENT_CONFIRMATION_OK"
26247,10412019045,10412019111,1,"IOTHUB_CLIENT_CONFIRMATION_OK"
26248,10412019245,10412019309,1,"IOTHUB_CLIENT_CONFIRMATION_OK"
26249,10412019446,10412019499,1,"IOTHUB_CLIENT_CONFIRMATION_OK"
26250,10412019646,10412019731,1,"IOTHUB_CLIENT_CONFIRMATION_OK"
26251,10412019846,10412019895,1,"IOTHUB_CLIENT_CONFIRMATION_OK"
26252,10412020046,10412020132,1,"IOTHUB_CLIENT_CONFIRMATION_OK"
26253,10412020246,10412020288,1,"IOTHUB_CLIENT_CONFIRMATION_OK"
26254,10412020446,10412020492,1,"IOTHUB_CLIENT_CONFIRMATION_OK"
26255,10412020646,10412020688,1,"IOTHUB_CLIENT_CONFIRMATION_OK"
26256,10412020847,10412020964,1,"IOTHUB_CLIENT_CONFIRMATION_OK"
26257,10412021047,10412021193,1,"IOTHUB_CLIENT_CONFIRMATION_OK"
26258,10412021247,10412021299,1,"IOTHUB_CLIENT_CONFIRMATION_OK"
26259,10412021447,10412021491,1,"IOTHUB_CLIENT_CONFIRMATION_OK"
26260,10412021647,10412021861,1,"IOTHUB_CLIENT_CONFIRMATION_OK"
26261,10412021847,10412021929,1,"IOTHUB_CLIENT_CONFIRMATION_OK"
26262,10412022047,10412022094,1,"IOTHUB_CLIENT_CONFIRMATION_OK"
26263,10412022248,10412022290,1,"IOTHUB_CLIENT_CONFIRMATION_OK"
26264,10412022448,10412022500,1,"IOTHUB_CLIENT_CONFIRMATION_OK"
26265,10412022648,10412022693,1,"IOTHUB_CLIENT_CONFIRMATION_OK"
26266,10412022848,10412022905,1,"IOTHUB_CLIENT_CONFIRMATION_OK"
26267,10412023048,10412023102,1,"IOTHUB_CLIENT_CONFIRMATION_OK"
26268,10412023248,10412023419,1,"IOTHUB_CLIENT_CONFIRMATION_OK"
26269,10412023449,10412023507,1,"IOTHUB_CLIENT_CONFIRMATION_OK"
26270,10412023649,10412023699,1,"IOTHUB_CLIENT_CONFIRMATION_OK"
26271,10412023849,10412023928,1,"IOTHUB_CLIENT_CONFIRMATION_OK"
26272,10412024049,10412024091,1,"IOTHUB_CLIENT_CONFIRMATION_OK"
26273,10412024249,10412024290,1,"IOTHUB_CLIENT_CONFIRMATION_OK"
26274,10412024449,10412024494,1,"IOTHUB_CLIENT_CONFIRMATION_OK"
26275,10412024650,10412024706,1,"IOTHUB_CLIENT_CONFIRMATION_OK"
26276,10412024850,10412024892,1,"IOTHUB_CLIENT_CONFIRMATION_OK"
26277,10412025050,10412025115,1,"IOTHUB_CLIENT_CONFIRMATION_OK"
26278,10412025250,10412025309,1,"IOTHUB_CLIENT_CONFIRMATION_OK"
26279,10412025450,10412025494,1,"IOTHUB_CLIENT_CONFIRMATION_OK"
26280,10412025650,10412025712,1,"IOTHUB_CLIENT_CONFIRMATION_OK"
26281,10412025850,10412025909,1,"IOTHUB_CLIENT_CONFIRMATION_OK"
26282,10412026051,10412026112,1,"IOTHUB_CLIENT_CONFIRMATION_OK"
26283,10412026251,10412026309,1,"IOTHUB_CLIENT_CONFIRMATION_OK"
26284,10412026451,10412026509,1,"IOTHUB_CLIENT_CONFIRMATION_OK"
26285,10412026651,10412026723,1,"IOTHUB_CLIENT_CONFIRMATION_OK"
26286,10412026851,10412026908,1,"IOTHUB_CLIENT_CONFIRMATION_OK"
26287,10412027051,10412027090,1,"IOTHUB_CLIENT_CONFIRMATION_OK"
26288,10412027252,10412027297,1,"IOTHUB_CLIENT_CONFIRMATION_OK"
26289,10412027452,10412027511,1,"IOTHUB_CLIENT_CONFIRMATION_OK"
26290,10412027652,10412027714,1,"IOTHUB_CLIENT_CONFIRMATION_OK"
26291,10412027852,10412027935,1,"IOTHUB_CLIENT_CONFIRMATION_OK"
26292,10412028052,10412028107,1,"IOTHUB_CLIENT_CONFIRMATION_OK"
26293,10412028252,10412028309,1,"IOTHUB_CLIENT_CONFIRMATION_OK"
26294,10412028453,10412028506,1,"IOTHUB_CLIENT_CONFIRMATION_OK"
26295,10412028653,10412028700,1,"IOTHUB_CLIENT_CONFIRMATION_OK"
26296,10412028853,10412028943,1,"IOTHUB_CLIENT_CONFIRMATION_OK"
26297,10412029053,10412029100,1,"IOTHUB_CLIENT_CONFIRMATION_OK"
26298,10412029253,10412029304,1,"IOTHUB_CLIENT_CONFIRMATION_OK"
26299,10412029453,10412029562,1,"IOTHUB_CLIENT_CONFIRMATION_OK"
26300,10412029653,10412029698,1,"IOTHUB_CLIENT_CONFIRMATION_OK"
26301,10412029854,10412029895,1,"IOTHUB_CLIENT_CONFIRMATION_OK"
26302,10412030054,10412030125,1,"IOTHUB_CLIENT_CONFIRMATION_OK"
26303,10412030254,10412030317,1,"IOTHUB_CLIENT_CONFIRMATION_OK"
26304,10412030454,10412030494,1,"IOTHUB_CLIENT_CONFIRMATION_OK"
26305,10412030654,10412030698,1,"IOTHUB_CLIENT_CONFIRMATION_OK"
26306,10412030854,10412030894,1,"IOTHUB_CLIENT_CONFIRMATION_OK"
26307,10412031054,10412031208,1,"IOTHUB_CLIENT_CONFIRMATION_OK"
26308,10412031255,10412031315,1,"IOTHUB_CLIENT_CONFIRMATION_OK"
26309,10412031455,10412031590,1,"IOTHUB_CLIENT_CONFIRMATION_OK"
26310,10412031655,10412031785,1,"IOTHUB_CLIENT_CONFIRMATION_OK"
26311,10412031855,10412031915,1,"IOTHUB_CLIENT_CONFIRMATION_OK"
26312,10412032055,10412032110,1,"IOTHUB_CLIENT_CONFIRMATION_OK"
26313,10412032255,10412032359,1,"IOTHUB_CLIENT_CONFIRMATION_OK"
26314,10412032456,10412032498,1,"IOTHUB_CLIENT_CONFIRMATION_OK"
26315,10412032656,10412032719,1,"IOTHUB_CLIENT_CONFIRMATION_OK"
26316,10412032856,10412032911,1,"IOTHUB_CLIENT_CONFIRMATION_OK"
26317,10412033056,10412033139,1,"IOTHUB_CLIENT_CONFIRMATION_OK"
26318,10412033256,10412033395,1,"IOTHUB_CLIENT_CONFIRMATION_OK"
26319,10412033456,10412033498,1,"IOTHUB_CLIENT_CONFIRMATION_OK"
26320,10412033656,10412033717,1,"IOTHUB_CLIENT_CONFIRMATION_OK"
26321,10412033857,10412034119,1,"IOTHUB_CLIENT_CONFIRMATION_OK"
26322,10412034057,10412034157,1,"IOTHUB_CLIENT_CONFIRMATION_OK"
26323,10412034257,10412034296,1,"IOTHUB_CLIENT_CONFIRMATION_OK"
26324,10412034457,10412034495,1,"IOTHUB_CLIENT_CONFIRMATION_OK"
26325,10412034657,10412034742,1,"IOTHUB_CLIENT_CONFIRMATION_OK"
26326,10412034857,10412034900,1,"IOTHUB_CLIENT_CONFIRMATION_OK"
26327,10412035058,10412035097,1,"IOTHUB_CLIENT_CONFIRMATION_OK"
26328,10412035258,10412035320,1,"IOTHUB_CLIENT_CONFIRMATION_OK"
26329,10412035458,10412035497,1,"IOTHUB_CLIENT_CONFIRMATION_OK"
26330,10412035658,10412035701,1,"IOTHUB_CLIENT_CONFIRMATION_OK"
26331,10412035858,10412035910,1,"IOTHUB_CLIENT_CONFIRMATION_OK"
26332,10412036058,10412036282,1,"IOTHUB_CLIENT_CONFIRMATION_OK"
26333,10412036258,10412036313,1,"IOTHUB_CLIENT_CONFIRMATION_OK"
26334,10412036459,10412036524,1,"IOTHUB_CLIENT_CONFIRMATION_OK"
26335,10412036659,10412036712,1,"IOTHUB_CLIENT_CONFIRMATION_OK"
26336,10412036859,10412036919,1,"IOTHUB_CLIENT_CONFIRMATION_OK"
26337,10412037059,10412037101,1,"IOTHUB_CLIENT_CONFIRMATION_OK"
26338,10412037259,10412037326,1,"IOTHUB_CLIENT_CONFIRMATION_OK"
26339,10412037459,10412037514,1,"IOTHUB_CLIENT_CONFIRMATION_OK"
26340,10412037660,10412037720,1,"IOTHUB_CLIENT_CONFIRMATION_OK"
26341,10412037860,10412038029,1,"IOTHUB_CLIENT_CONFIRMATION_OK"
26342,10412038060,10412038102,1,"IOTHUB_CLIENT_CONFIRMATION_OK"
26343,10412038260,10412038310,1,"IOTHUB_CLIENT_CONFIRMATION_OK"
26344,10412038460,10412038505,1,"IOTHUB_CLIENT_CONFIRMATION_OK"
26345,10412038660,10412038703,1,"IOTHUB_CLIENT_CONFIRMATION_OK"
26346,10412038860,10412039038,1,"IOTHUB_CLIENT_CONFIRMATION_OK"
26347,10412039061,10412039114,1,"IOTHUB_CLIENT_CONFIRMATION_OK"
26348,10412039261,10412039310,1,"IOTHUB_CLIENT_CONFIRMATION_OK"
26349,10412039461,10412039509,1,"IOTHUB_CLIENT_CONFIRMATION_OK"
26350,10412039661,10412039710,1,"IOTHUB_CLIENT_CONFIRMATION_OK"
26351,10412039861,10412039912,1,"IOTHUB_CLIENT_CONFIRMATION_OK"
26352,10412040061,10412040104,1,"IOTHUB_CLIENT_CONFIRMATION_OK"
26353,10412040262,10412040320,1,"IOTHUB_CLIENT_CONFIRMATION_OK"
26354,10412040462,10412040531,1,"IOTHUB_CLIENT_CONFIRMATION_OK"
26355,10412040662,10412040716,1,"IOTHUB_CLIENT_CONFIRMATION_OK"
26356,10412040862,10412040919,1,"IOTHUB_CLIENT_CONFIRMATION_OK"
26357,10412041062,10412041291,1,"IOTHUB_CLIENT_CONFIRMATION_OK"
26358,10412041262,10412041332,1,"IOTHUB_CLIENT_CONFIRMATION_OK"
26359,10412041463,10412041515,1,"IOTHUB_CLIENT_CONFIRMATION_OK"
26360,10412041663,10412041707,1,"IOTHUB_CLIENT_CONFIRMATION_OK"
26361,10412041863,10412041910,1,"IOTHUB_CLIENT_CONFIRMATION_OK"
26362,10412042063,10412042222,1,"IOTHUB_CLIENT_CONFIRMATION_OK"
26363,10412042263,10412042320,1,"IOTHUB_CLIENT_CONFIRMATION_OK"
26364,10412042463,10412042499,1,"IOTHUB_CLIENT_CONFIRMATION_OK"
26365,10412042663,10412042713,1,"IOTHUB_CLIENT_CONFIRMATION_OK"
26366,10412042864,10412042921,1,"IOTHUB_CLIENT_CONFIRMATION_OK"
26367,10412043064,10412043115,1,"IOTHUB_CLIENT_CONFIRMATION_OK"
26368,10412043264,10412043322,1,"IOTHUB_CLIENT_CONFIRMATION_OK"
26369,10412043464,10412043511,1,"IOTHUB_CLIENT_CONFIRMATION_OK"
26370,10412043664,10412043711,1,"IOTHUB_CLIENT_CONFIRMATION_OK"
26371,10412043864,10412043920,1,"IOTHUB_CLIENT_CONFIRMATION_OK"
26372,10412044065,10412044104,1,"IOTHUB_CLIENT_CONFIRMATION_OK"
26373,10412044265,10412044340,1,"IOTHUB_CLIENT_CONFIRMATION_OK"
26374,10412044465,10412044528,1,"IOTHUB_CLIENT_CONFIRMATION_OK"
26375,10412044665,10412044723,1,"IOTHUB_CLIENT_CONFIRMATION_OK"
26376,10412044865,10412044913,1,"IOTHUB_CLIENT_CONFIRMATION_OK"
26377,10412045065,10412045139,1,"IOTHUB_CLIENT_CONFIRMATION_OK"
26378,10412045265,10412045320,1,"IOTHUB_CLIENT_CONFIRMATION_OK"
26379,10412045466,10412045594,1,"IOTHUB_CLIENT_CONFIRMATION_OK"
26380,10412045666,10412045718,1,"IOTHUB_CLIENT_CONFIRMATION_OK"
26381,10412045866,10412045946,1,"IOTHUB_CLIENT_CONFIRMATION_OK"
26382,10412046066,10412046167,1,"IOTHUB_CLIENT_CONFIRMATION_OK"
26383,10412046266,10412046320,1,"IOTHUB_CLIENT_CONFIRMATION_OK"
26384,10412046466,10412046544,1,"IOTHUB_CLIENT_CONFIRMATION_OK"
26385,10412046667,10412046767,1,"IOTHUB_CLIENT_CONFIRMATION_OK"
26386,10412046867,10412047001,1,"IOTHUB_CLIENT_CONFIRMATION_OK"
26387,10412047067,10412047119,1,"IOTHUB_CLIENT_CONFIRMATION_OK"
26388,10412047267,10412047337,1,"IOTHUB_CLIENT_CONFIRMATION_OK"
26389,10412047467,10412047538,1,"IOTHUB_CLIENT_CONFIRMATION_OK"
26390,10412047667,10412047819,1,"IOTHUB_CLIENT_CONFIRMATION_OK"
26391,10412047868,10412047927,1,"IOTHUB_CLIENT_CONFIRMATION_OK"
26392,10412048068,10412048114,1,"IOTHUB_CLIENT_CONFIRMATION_OK"
26393,10412048268,10412048315,1,"IOTHUB_CLIENT_CONFIRMATION_OK"
26394,10412048468,10412048525,1,"IOTHUB_CLIENT_CONFIRMATION_OK"
26395,10412048668,10412048734,1,"IOTHUB_CLIENT_CONFIRMATION_OK"
26396,10412048868,10412049049,1,"IOTHUB_CLIENT_CONFIRMATION_OK"
26397,10412049068,10412049131,1,"IOTHUB_CLIENT_CONFIRMATION_OK"
26398,10412049269,10412049311,1,"IOTHUB_CLIENT_CONFIRMATION_OK"
26399,10412049469,10412049525,1,"IOTHUB_CLIENT_CONFIRMATION_OK"
26400,10412049669,10412049728,1,"IOTHUB_CLIENT_CONFIRMATION_OK"
26401,10412049869,10412049925,1,"IOTHUB_CLIENT_CONFIRMATION_OK"
26402,10412050069,10412050133,1,"IOTHUB_CLIENT_CONFIRMATION_OK"
26403,10412050269,10412050334,1,"IOTHUB_CLIENT_CONFIRMATION_OK"
26404,10412050470,10412050528,1,"IOTHUB_CLIENT_CONFIRMATION_OK"
26405,10412050670,10412050764,1,"IOTHUB_CLIENT_CONFIRMATION_OK"
26406,10412050870,10412050939,1,"IOTHUB_CLIENT_CONFIRMATION_OK"
26407,10412051070,10412051176,1,"IOTHUB_CLIENT_CONFIRMATION_OK"
26408,10412051270,10412051313,1,"IOTHUB_CLIENT_CONFIRMATION_OK"
26409,10412051470,10412051522,1,"IOTHUB_CLIENT_CONFIRMATION_OK"
26410,10412051671,10412051778,1,"IOTHUB_CLIENT_CONFIRMATION_OK"
26411,10412051871,10412051924,1,"IOTHUB_CLIENT_CONFIRMATION_OK"
26412,10412052071,10412052110,1,"IOTHUB_CLIENT_CONFIRMATION_OK"
26413,10412052271,10412052333,1,"IOTHUB_CLIENT_CONFIRMATION_OK"
26414,10412052471,10412052515,1,"IOTHUB_CLIENT_CONFIRMATION_OK"
26415,10412052671,10412052729,1,"IOTHUB_CLIENT_CONFIRMATION_OK"
26416,10412052871,10412052918,1,"IOTHUB_CLIENT_CONFIRMATION_OK"
26417,10412053071,10412053110,1,"IOTHUB_CLIENT_CONFIRMATION_OK"
26418,10412053272,10412053400,1,"IOTHUB_CLIENT_CONFIRMATION_OK"
26419,10412053472,10412053517,1,"IOTHUB_CLIENT_CONFIRMATION_OK"
26420,10412053672,10412053729,1,"IOTHUB_CLIENT_CONFIRMATION_OK"
26421,10412053872,10412054042,1,"IOTHUB_CLIENT_CONFIRMATION_OK"
26422,10412054072,10412054122,1,"IOTHUB_CLIENT_CONFIRMATION_OK"
26423,10412054272,10412054320,1,"IOTHUB_CLIENT_CONFIRMATION_OK"
26424,10412054473,10412054554,1,"IOTHUB_CLIENT_CONFIRMATION_OK"
26425,10412054673,10412054729,1,"IOTHUB_CLIENT_CONFIRMATION_OK"
26426,10412054873,10412054924,1,"IOTHUB_CLIENT_CONFIRMATION_OK"
26427,10412055073,10412055112,1,"IOTHUB_CLIENT_CONFIRMATION_OK"
26428,10412055273,10412055320,1,"IOTHUB_CLIENT_CONFIRMATION_OK"
26429,10412055473,10412055569,1,"IOTHUB_CLIENT_CONFIRMATION_OK"
26430,10412055673,10412055724,1,"IOTHUB_CLIENT_CONFIRMATION_OK"
26431,10412055874,10412055944,1,"IOTHUB_CLIENT_CONFIRMATION_OK"
26432,10412056074,10412056267,1,"IOTHUB_CLIENT_CONFIRMATION_OK"
26433,10412056274,10412056331,1,"IOTHUB_CLIENT_CONFIRMATION_OK"
26434,10412056474,10412056562,1,"IOTHUB_CLIENT_CONFIRMATION_OK"
26435,10412056674,10412056719,1,"IOTHUB_CLIENT_CONFIRMATION_OK"
26436,10412056874,10412056917,1,"IOTHUB_CLIENT_CONFIRMATION_OK"
26437,10412057074,10412057144,1,"IOTHUB_CLIENT_CONFIRMATION_OK"
26438,10412057275,10412057326,1,"IOTHUB_CLIENT_CONFIRMATION_OK"
26439,10412057475,10412057517,1,"IOTHUB_CLIENT_CONFIRMATION_OK"
26440,10412057675,10412057723,1,"IOTHUB_CLIENT_CONFIRMATION_OK"
26441,10412057875,10412057937,1,"IOTHUB_CLIENT_CONFIRMATION_OK"
26442,10412058075,10412058118,1,"IOTHUB_CLIENT_CONFIRMATION_OK"
26443,10412058275,10412058523,1,"IOTHUB_CLIENT_CONFIRMATION_OK"
26444,10412058476,10412058569,1,"IOTHUB_CLIENT_CONFIRMATION_OK"
26445,10412058676,10412058741,1,"IOTHUB_CLIENT_CONFIRMATION_OK"
26446,10412058876,10412058939,1,"IOTHUB_CLIENT_CONFIRMATION_OK"
26447,10412059076,10412059137,1,"IOTHUB_CLIENT_CONFIRMATION_OK"
26448,10412059276,10412059326,1,"IOTHUB_CLIENT_CONFIRMATION_OK"
26449,10412059476,10412059524,1,"IOTHUB_CLIENT_CONFIRMATION_OK"
26450,10412059676,10412059753,1,"IOTHUB_CLIENT_CONFIRMATION_OK"
26451,10412059877,10412060074,1,"IOTHUB_CLIENT_CONFIRMATION_OK"
26452,10412060077,10412060311,1,"IOTHUB_CLIENT_CONFIRMATION_OK"
26453,10412060277,10412060360,1,"IOTHUB_CLIENT_CONFIRMATION_OK"
26454,10412060477,10412060540,1,"IOTHUB_CLIENT_CONFIRMATION_OK"
26455,10412060677,10412060726,1,"IOTHUB_CLIENT_CONFIRMATION_OK"
26456,10412060877,10412060921,1,"IOTHUB_CLIENT_CONFIRMATION_OK"
26457,10412061078,10412061124,1,"IOTHUB_CLIENT_CONFIRMATION_OK"
26458,10412061278,10412061317,1,"IOTHUB_CLIENT_CONFIRMATION_OK"
26459,10412061478,10412061544,1,"IOTHUB_CLIENT_CONFIRMATION_OK"
26460,10412061678,10412061746,1,"IOTHUB_CLIENT_CONFIRMATION_OK"
26461,10412061878,10412061927,1,"IOTHUB_CLIENT_CONFIRMATION_OK"
26462,10412062078,10412062136,1,"IOTHUB_CLIENT_CONFIRMATION_OK"
26463,10412062278,10412062348,1,"IOTHUB_CLIENT_CONFIRMATION_OK"
26464,10412062479,10412062540,1,"IOTHUB_CLIENT_CONFIRMATION_OK"
26465,10412062679,10412062726,1,"IOTHUB_CLIENT_CONFIRMATION_OK"
26466,10412062879,10412062967,1,"IOTHUB_CLIENT_CONFIRMATION_OK"
26467,10412063079,10412063132,1,"IOTHUB_CLIENT_CONFIRMATION_OK"
26468,10412063279,10412063346,1,"IOTHUB_CLIENT_CONFIRMATION_OK"
26469,10412063479,10412063550,1,"IOTHUB_CLIENT_CONFIRMATION_OK"
26470,10412063680,10412063741,1,"IOTHUB_CLIENT_CONFIRMATION_OK"
26471,10412063880,10412063982,1,"IOTHUB_CLIENT_CONFIRMATION_OK"
26472,10412064080,10412064177,1,"IOTHUB_CLIENT_CONFIRMATION_OK"
26473,10412064280,10412064333,1,"IOTHUB_CLIENT_CONFIRMATION_OK"
26474,10412064480,10412064538,1,"IOTHUB_CLIENT_CONFIRMATION_OK"
26475,10412064680,10412064726,1,"IOTHUB_CLIENT_CONFIRMATION_OK"
26476,10412064880,10412064935,1,"IOTHUB_CLIENT_CONFIRMATION_OK"
26477,10412065081,10412065131,1,"IOTHUB_CLIENT_CONFIRMATION_OK"
26478,10412065281,10412065322,1,"IOTHUB_CLIENT_CONFIRMATION_OK"
26479,10412065481,10412065528,1,"IOTHUB_CLIENT_CONFIRMATION_OK"
26480,10412065681,10412065745,1,"IOTHUB_CLIENT_CONFIRMATION_OK"
26481,10412065881,10412065926,1,"IOTHUB_CLIENT_CONFIRMATION_OK"
26482,10412066081,10412066260,1,"IOTHUB_CLIENT_CONFIRMATION_OK"
26483,10412066282,10412066333,1,"IOTHUB_CLIENT_CONFIRMATION_OK"
26484,10412066482,10412066539,1,"IOTHUB_CLIENT_CONFIRMATION_OK"
26485,10412066682,10412066741,1,"IOTHUB_CLIENT_CONFIRMATION_OK"
26486,10412066882,10412066935,1,"IOTHUB_CLIENT_CONFIRMATION_OK"
26487,10412067082,10412067133,1,"IOTHUB_CLIENT_CONFIRMATION_OK"
26488,10412067282,10412067350,1,"IOTHUB_CLIENT_CONFIRMATION_OK"
26489,10412067482,10412067532,1,"IOTHUB_CLIENT_CONFIRMATION_OK"
26490,10412067683,10412067727,1,"IOTHUB_CLIENT_CONFIRMATION_OK"
26491,10412067883,10412067924,1,"IOTHUB_CLIENT_CONFIRMATION_OK"
26492,10412068083,10412068122,1,"IOTHUB_CLIENT_CONFIRMATION_OK"
26493,10412068283,10412068476,1,"IOTHUB_CLIENT_CONFIRMATION_OK"
26494,10412068483,10412068536,1,"IOTHUB_CLIENT_CONFIRMATION_OK"
26495,10412068683,10412068722,1,"IOTHUB_CLIENT_CONFIRMATION_OK"
26496,10412068884,10412068950,1,"IOTHUB_CLIENT_CONFIRMATION_OK"
26497,10412069084,10412069154,1,"IOTHUB_CLIENT_CONFIRMATION_OK"
26498,10412069284,10412069319,1,"IOTHUB_CLIENT_CONFIRMATION_OK"
26499,10412069484,10412069539,1,"IOTHUB_CLIENT_CONFIRMATION_OK"
26500,10412069684,10412069725,1,"IOTHUB_CLIENT_CONFIRMATION_OK"
26501,10412069884,10412069938,1,"IOTHUB_CLIENT_CONFIRMATION_OK"
26502,10412070085,10412070139,1,"IOTHUB_CLIENT_CONFIRMATION_OK"
26503,10412070285,10412070337,1,"IOTHUB_CLIENT_CONFIRMATION_OK"
26504,10412070485,10412070530,1,"IOTHUB_CLIENT_CONFIRMATION_OK"
26505,10412070685,10412070761,1,"IOTHUB_CLIENT_CONFIRMATION_OK"
26506,10412070885,10412070951,1,"IOTHUB_CLIENT_CONFIRMATION_OK"
26507,10412071085,10412071167,1,"IOTHUB_CLIENT_CONFIRMATION_OK"
26508,10412071285,10412071340,1,"IOTHUB_CLIENT_CONFIRMATION_OK"
26509,10412071486,10412071551,1,"IOTHUB_CLIENT_CONFIRMATION_OK"
26510,10412071686,10412071755,1,"IOTHUB_CLIENT_CONFIRMATION_OK"
26511,10412071886,10412071940,1,"IOTHUB_CLIENT_CONFIRMATION_OK"
26512,10412072086,10412072124,1,"IOTHUB_CLIENT_CONFIRMATION_OK"
26513,10412072286,10412072381,1,"IOTHUB_CLIENT_CONFIRMATION_OK"
26514,10412072486,10412072531,1,"IOTHUB_CLIENT_CONFIRMATION_OK"
26515,10412072687,10412072752,1,"IOTHUB_CLIENT_CONFIRMATION_OK"
26516,10412072887,10412073013,1,"IOTHUB_CLIENT_CONFIRMATION_OK"
26517,10412073087,10412073136,1,"IOTHUB_CLIENT_CONFIRMATION_OK"
26518,10412073287,10412073336,1,"IOTHUB_CLIENT_CONFIRMATION_OK"
26519,10412073487,10412073536,1,"IOTHUB_CLIENT_CONFIRMATION_OK"
26520,10412073687,10412073724,1,"IOTHUB_CLIENT_CONFIRMATION_OK"
26521,10412073888,10412074030,1,"IOTHUB_CLIENT_CONFIRMATION_OK"
26522,10412074088,10412074146,1,"IOTHUB_CLIENT_CONFIRMATION_OK"
26523,10412074288,10412074334,1,"IOTHUB_CLIENT_CONFIRMATION_OK"
26524,10412074488,10412074532,1,"IOTHUB_CLIENT_CONFIRMATION_OK"
26525,10412074688,10412074743,1,"IOTHUB_CLIENT_CONFIRMATION_OK"
26526,10412074888,10412074935,1,"IOTHUB_CLIENT_CONFIRMATION_OK"
26527,10412075088,10412075145,1,"IOTHUB_CLIENT_CONFIRMATION_OK"
26528,10412075289,10412075336,1,"IOTHUB_CLIENT_CONFIRMATION_OK"
26529,10412075489,10412075533,1,"IOTHUB_CLIENT_CONFIRMATION_OK"
26530,10412075689,10412075735,1,"IOTHUB_CLIENT_CONFIRMATION_OK"
26531,10412075889,10412075941,1,"IOTHUB_CLIENT_CONFIRMATION_OK"
26532,10412076089,10412076283,1,"IOTHUB_CLIENT_CONFIRMATION_OK"
26533,10412076289,10412076352,1,"IOTHUB_CLIENT_CONFIRMATION_OK"
26534,10412076490,10412076533,1,"IOTHUB_CLIENT_CONFIRMATION_OK"
26535,10412076690,10412076727,1,"IOTHUB_CLIENT_CONFIRMATION_OK"
26536,10412076890,10412076957,1,"IOTHUB_CLIENT_CONFIRMATION_OK"
26537,10412077090,10412077176,1,"IOTHUB_CLIENT_CONFIRMATION_OK"
26538,10412077290,10412077347,1,"IOTHUB_CLIENT_CONFIRMATION_OK"
26539,10412077490,10412077547,1,"IOTHUB_CLIENT_CONFIRMATION_OK"
26540,10412077690,10412077729,1,"IOTHUB_CLIENT_CONFIRMATION_OK"
26541,10412077891,10412077962,1,"IOTHUB_CLIENT_CONFIRMATION_OK"
26542,10412078091,10412078126,1,"IOTHUB_CLIENT_CONFIRMATION_OK"
26543,10412078291,10412078510,1,"IOTHUB_CLIENT_CONFIRMATION_OK"
26544,10412078491,10412078554,1,"IOTHUB_CLIENT_CONFIRMATION_OK"
26545,10412078691,10412078733,1,"IOTHUB_CLIENT_CONFIRMATION_OK"
26546,10412078891,10412078951,1,"IOTHUB_CLIENT_CONFIRMATION_OK"
26547,10412079092,10412079174,1,"IOTHUB_CLIENT_CONFIRMATION_OK"
26548,10412079292,10412079365,1,"IOTHUB_CLIENT_CONFIRMATION_OK"
26549,10412079492,10412079570,1,"IOTHUB_CLIENT_CONFIRMATION_OK"
26550,10412079692,10412079735,1,"IOTHUB_CLIENT_CONFIRMATION_OK"
26551,10412079892,10412079937,1,"IOTHUB_CLIENT_CONFIRMATION_OK"
26552,10412080092,10412080165,1,"IOTHUB_CLIENT_CONFIRMATION_OK"
26553,10412080292,10412080349,1,"IOTHUB_CLIENT_CONFIRMATION_OK"
26554,10412080493,10412080537,1,"IOTHUB_CLIENT_CONFIRMATION_OK"
26555,10412080693,10412080736,1,"IOTHUB_CLIENT_CONFIRMATION_OK"
26556,10412080893,10412080953,1,"IOTHUB_CLIENT_CONFIRMATION_OK"
26557,10412081093,10412081229,1,"IOTHUB_CLIENT_CONFIRMATION_OK"
26558,10412081293,10412081349,1,"IOTHUB_CLIENT_CONFIRMATION_OK"
26559,10412081493,10412081530,1,"IOTHUB_CLIENT_CONFIRMATION_OK"
26560,10412081693,10412081809,1,"IOTHUB_CLIENT_CONFIRMATION_OK"
26561,10412081894,10412081959,1,"IOTHUB_CLIENT_CONFIRMATION_OK"
26562,10412082094,10412082154,1,"IOTHUB_CLIENT_CONFIRMATION_OK"
26563,10412082294,10412082346,1,"IOTHUB_CLIENT_CONFIRMATION_OK"
26564,10412082494,10412082657,1,"IOTHUB_CLIENT_CONFIRMATION_OK"
26565,10412082694,10412082739,1,"IOTHUB_CLIENT_CONFIRMATION_OK"
26566,10412082894,10412082949,1,"IOTHUB_CLIENT_CONFIRMATION_OK"
26567,10412083095,10412083142,1,"IOTHUB_CLIENT_CONFIRMATION_OK"
26568,10412083295,10412083350,1,"IOTHUB_CLIENT_CONFIRMATION_OK"
26569,10412083495,10412083534,1,"IOTHUB_CLIENT_CONFIRMATION_OK"
26570,10412083695,10412083752,1,"IOTHUB_CLIENT_CONFIRMATION_OK"
26571,10412083895,10412083956,1,"IOTHUB_CLIENT_CONFIRMATION_OK"
26572,10412084095,10412084155,1,"IOTHUB_CLIENT_CONFIRMATION_OK"
26573,10412084295,10412084360,1,"IOTHUB_CLIENT_CONFIRMATION_OK"
26574,10412084496,10412084607,1,"IOTHUB_CLIENT_CONFIRMATION_OK"
26575,10412084696,10412084745,1,"IOTHUB_CLIENT_CONFIRMATION_OK"
26576,10412084896,10412084967,1,"IOTHUB_CLIENT_CONFIRMATION_OK"
26577,10412085096,10412085168,1,"IOTHUB_CLIENT_CONFIRMATION_OK"
26578,10412085296,10412085360,1,"IOTHUB_CLIENT_CONFIRMATION_OK"
26579,10412085496,10412085545,1,"IOTHUB_CLIENT_CONFIRMATION_OK"
26580,10412085697,10412085755,1,"IOTHUB_CLIENT_CONFIRMATION_OK"
26581,10412085897,10412085949,1,"IOTHUB_CLIENT_CONFIRMATION_OK"
26582,10412086097,10412086203,1,"IOTHUB_CLIENT_CONFIRMATION_OK"
26583,10412086297,10412086346,1,"IOTHUB_CLIENT_CONFIRMATION_OK"
26584,10412086497,10412086562,1,"IOTHUB_CLIENT_CONFIRMATION_OK"
26585,10412086697,10412086890,1,"IOTHUB_CLIENT_CONFIRMATION_OK"
26586,10412086897,10412086964,1,"IOTHUB_CLIENT_CONFIRMATION_OK"
26587,10412087098,10412087147,1,"IOTHUB_CLIENT_CONFIRMATION_OK"
26588,10412087298,10412087380,1,"IOTHUB_CLIENT_CONFIRMATION_OK"
26589,10412087498,10412087567,1,"IOTHUB_CLIENT_CONFIRMATION_OK"
26590,10412087698,10412087747,1,"IOTHUB_CLIENT_CONFIRMATION_OK"
26591,10412087898,10412087964,1,"IOTHUB_CLIENT_CONFIRMATION_OK"
26592,10412088098,10412088153,1,"IOTHUB_CLIENT_CONFIRMATION_OK"
26593,10412088299,10412088493,1,"IOTHUB_CLIENT_CONFIRMATION_OK"
26594,10412088499,10412088561,1,"IOTHUB_CLIENT_CONFIRMATION_OK"
26595,10412088699,10412088761,1,"IOTHUB_CLIENT_CONFIRMATION_OK"
26596,10412088899,10412088988,1,"IOTHUB_CLIENT_CONFIRMATION_OK"
26597,10412089099,10412089145,1,"IOTHUB_CLIENT_CONFIRMATION_OK"
26598,10412089299,10412089356,1,"IOTHUB_CLIENT_CONFIRMATION_OK"
26599,10412089500,10412089563,1,"IOTHUB_CLIENT_CONFIRMATION_OK"
26600,10412089700,10412089750,1,"IOTHUB_CLIENT_CONFIRMATION_OK"
26601,10412089900,10412089946,1,"IOTHUB_CLIENT_CONFIRMATION_OK"
26602,10412090100,10412090167,1,"IOTHUB_CLIENT_CONFIRMATION_OK"
26603,10412090300,10412090374,1,"IOTHUB_CLIENT_CONFIRMATION_OK"
26604,10412090500,10412090591,1,"IOTHUB_CLIENT_CONFIRMATION_OK"
26605,10412090700,10412090806,1,"IOTHUB_CLIENT_CONFIRMATION_OK"
26606,10412090901,10412090963,1,"IOTHUB_CLIENT_CONFIRMATION_OK"
26607,10412091101,10412091147,1,"IOTHUB_CLIENT_CONFIRMATION_OK"
26608,10412091301,10412091343,1,"IOTHUB_CLIENT_CONFIRMATION_OK"
26609,10412091501,10412091573,1,"IOTHUB_CLIENT_CONFIRMATION_OK"
26610,10412091701,10412091787,1,"IOTHUB_CLIENT_CONFIRMATION_OK"
26611,10412091901,10412091953,1,"IOTHUB_CLIENT_CONFIRMATION_OK"
26612,10412092101,10412092158,1,"IOTHUB_CLIENT_CONFIRMATION_OK"
26613,10412092302,10412092408,1,"IOTHUB_CLIENT_CONFIRMATION_OK"
26614,10412092502,10412092546,1,"IOTHUB_CLIENT_CONFIRMATION_OK"
26615,10412092702,10412092756,1,"IOTHUB_CLIENT_CONFIRMATION_OK"
26616,10412092902,10412093009,1,"IOTHUB_CLIENT_CONFIRMATION_OK"
26617,10412093102,10412093146,1,"IOTHUB_CLIENT_CONFIRMATION_OK"
26618,10412093302,10412093394,1,"IOTHUB_CLIENT_CONFIRMATION_OK"
26619,10412093503,10412093570,1,"IOTHUB_CLIENT_CONFIRMATION_OK"
26620,10412093703,10412093743,1,"IOTHUB_CLIENT_CONFIRMATION_OK"
26621,10412093903,10412093999,1,"IOTHUB_CLIENT_CONFIRMATION_OK"
26622,10412094103,10412094156,1,"IOTHUB_CLIENT_CONFIRMATION_OK"
26623,10412094303,10412094360,1,"IOTHUB_CLIENT_CONFIRMATION_OK"
26624,10412094503,10412094620,1,"IOTHUB_CLIENT_CONFIRMATION_OK"
26625,10412094703,10412094747,1,"IOTHUB_CLIENT_CONFIRMATION_OK"
26626,10412094904,10412094948,1,"IOTHUB_CLIENT_CONFIRMATION_OK"
26627,10412095104,10412095151,1,"IOTHUB_CLIENT_CONFIRMATION_OK"
26628,10412095304,10412095373,1,"IOTHUB_CLIENT_CONFIRMATION_OK"
26629,10412095504,10412095548,1,"IOTHUB_CLIENT_CONFIRMATION_OK"
26630,10412095704,10412095782,1,"IOTHUB_CLIENT_CONFIRMATION_OK"
26631,10412095904,10412095971,1,"IOTHUB_CLIENT_CONFIRMATION_OK"
26632,10412096105,10412096256,1,"IOTHUB_CLIENT_CONFIRMATION_OK"
26633,10412096305,10412096373,1,"IOTHUB_CLIENT_CONFIRMATION_OK"
26634,10412096505,10412096548,1,"IOTHUB_CLIENT_CONFIRMATION_OK"
26635,10412096705,10412096865,1,"IOTHUB_CLIENT_CONFIRMATION_OK"
26636,10412096905,10412096960,1,"IOTHUB_CLIENT_CONFIRMATION_OK"
26637,10412097105,10412097152,1,"IOTHUB_CLIENT_CONFIRMATION_OK"
26638,10412097305,10412097371,1,"IOTHUB_CLIENT_CONFIRMATION_OK"
26639,10412097506,10412097577,1,"IOTHUB_CLIENT_CONFIRMATION_OK"
26640,10412097706,10412097757,1,"IOTHUB_CLIENT_CONFIRMATION_OK"
26641,10412097906,10412098005,1,"IOTHUB_CLIENT_CONFIRMATION_OK"
26642,10412098106,10412098165,1,"IOTHUB_CLIENT_CONFIRMATION_OK"
26643,10412098306,10412098360,1,"IOTHUB_CLIENT_CONFIRMATION_OK"
26644,10412098506,10412098546,1,"IOTHUB_CLIENT_CONFIRMATION_OK"
26645,10412098707,10412098765,1,"IOTHUB_CLIENT_CONFIRMATION_OK"
26646,10412098907,10412098961,1,"IOTHUB_CLIENT_CONFIRMATION_OK"
26647,10412099107,10412099159,1,"IOTHUB_CLIENT_CONFIRMATION_OK"
26648,10412099307,10412099387,1,"IOTHUB_CLIENT_CONFIRMATION_OK"
26649,10412099507,10412099549,1,"IOTHUB_CLIENT_CONFIRMATION_OK"
26650,10412099707,10412099754,1,"IOTHUB_CLIENT_CONFIRMATION_OK"
26651,10412099908,10412099955,1,"IOTHUB_CLIENT_CONFIRMATION_OK"
26652,10412100108,10412100153,1,"IOTHUB_CLIENT_CONFIRMATION_OK"
26653,10412100308,10412100360,1,"IOTHUB_CLIENT_CONFIRMATION_OK"
26654,10412100508,10412100552,1,"IOTHUB_CLIENT_CONFIRMATION_OK"
26655,10412100708,10412100782,1,"IOTHUB_CLIENT_CONFIRMATION_OK"
26656,10412100908,10412100948,1,"IOTHUB_CLIENT_CONFIRMATION_OK"
26657,10412101109,10412101155,1,"IOTHUB_CLIENT_CONFIRMATION_OK"
26658,10412101309,10412101378,1,"IOTHUB_CLIENT_CONFIRMATION_OK"
26659,10412101509,10412101551,1,"IOTHUB_CLIENT_CONFIRMATION_OK"
26660,10412101709,10412101782,1,"IOTHUB_CLIENT_CONFIRMATION_OK"
26661,10412101909,10412101951,1,"IOTHUB_CLIENT_CONFIRMATION_OK"
26662,10412102109,10412102165,1,"IOTHUB_CLIENT_CONFIRMATION_OK"
26663,10412102310,10412102423,1,"IOTHUB_CLIENT_CONFIRMATION_OK"
26664,10412102510,10412102571,1,"IOTHUB_CLIENT_CONFIRMATION_OK"
26665,10412102710,10412102756,1,"IOTHUB_CLIENT_CONFIRMATION_OK"
26666,10412102910,10412103002,1,"IOTHUB_CLIENT_CONFIRMATION_OK"
26667,10412103110,10412103157,1,"IOTHUB_CLIENT_CONFIRMATION_OK"
26668,10412103310,10412103420,1,"IOTHUB_CLIENT_CONFIRMATION_OK"
26669,10412103510,10412103601,1,"IOTHUB_CLIENT_CONFIRMATION_OK"
26670,10412103711,10412103766,1,"IOTHUB_CLIENT_CONFIRMATION_OK"
26671,10412103911,10412104049,1,"IOTHUB_CLIENT_CONFIRMATION_OK"
26672,10412104111,10412104154,1,"IOTHUB_CLIENT_CONFIRMATION_OK"
26673,10412104311,10412104456,1,"IOTHUB_CLIENT_CONFIRMATION_OK"
26674,10412104511,10412104702,1,"IOTHUB_CLIENT_CONFIRMATION_OK"
26675,10412104711,10412104759,1,"IOTHUB_CLIENT_CONFIRMATION_OK"
26676,10412104912,10412104962,1,"IOTHUB_CLIENT_CONFIRMATION_OK"
26677,10412105112,10412105160,1,"IOTHUB_CLIENT_CONFIRMATION_OK"
26678,10412105312,10412105348,1,"IOTHUB_CLIENT_CONFIRMATION_OK"
26679,10412105512,10412105560,1,"IOTHUB_CLIENT_CONFIRMATION_OK"
26680,10412105712,10412105749,1,"IOTHUB_CLIENT_CONFIRMATION_OK"
26681,10412105912,10412106012,1,"IOTHUB_CLIENT_CONFIRMATION_OK"
26682,10412106112,10412106169,1,"IOTHUB_CLIENT_CONFIRMATION_OK"
26683,10412106313,10412106389,1,"IOTHUB_CLIENT_CONFIRMATION_OK"
26684,10412106513,10412106570,1,"IOTHUB_CLIENT_CONFIRMATION_OK"
26685,10412106713,10412106757,1,"IOTHUB_CLIENT_CONFIRMATION_OK"
26686,10412106913,10412107206,1,"IOTHUB_CLIENT_CONFIRMATION_OK"
26687,10412107113,10412107265,1,"IOTHUB_CLIENT_CONFIRMATION_OK"
26688,10412107313,10412107405,1,"IOTHUB_CLIENT_CONFIRMATION_OK"
26689,10412107514,10412107578,1,"IOTHUB_CLIENT_CONFIRMATION_OK"
26690,10412107714,10412107752,1,"IOTHUB_CLIENT_CONFIRMATION_OK"
26691,10412107914,10412108027,1,"IOTHUB_CLIENT_CONFIRMATION_OK"
26692,10412108114,10412108165,1,"IOTHUB_CLIENT_CONFIRMATION_OK"
26693,10412108314,10412108392,1,"IOTHUB_CLIENT_CONFIRMATION_OK"
26694,10412108514,10412108584,1,"IOTHUB_CLIENT_CONFIRMATION_OK"
26695,10412108715,10412108779,1,"IOTHUB_CLIENT_CONFIRMATION_OK"
26696,10412108915,10412109018,1,"IOTHUB_CLIENT_CONFIRMATION_OK"
26697,10412109115,10412109193,1,"IOTHUB_CLIENT_CONFIRMATION_OK"
26698,10412109315,10412109379,1,"IOTHUB_CLIENT_CONFIRMATION_OK"
26699,10412109515,10412109632,1,"IOTHUB_CLIENT_CONFIRMATION_OK"
26700,10412109715,10412109757,1,"IOTHUB_CLIENT_CONFIRMATION_OK"
26701,10412109915,10412110017,1,"IOTHUB_CLIENT_CONFIRMATION_OK"
26702,10412110116,10412110207,1,"IOTHUB_CLIENT_CONFIRMATION_OK"
26703,10412110316,10412110356,1,"IOTHUB_CLIENT_CONFIRMATION_OK"
26704,10412110516,10412110563,1,"IOTHUB_CLIENT_CONFIRMATION_OK"
26705,10412110716,10412110769,1,"IOTHUB_CLIENT_CONFIRMATION_OK"
26706,10412110916,10412110969,1,"IOTHUB_CLIENT_CONFIRMATION_OK"
26707,10412111116,10412111276,1,"IOTHUB_CLIENT_CONFIRMATION_OK"
26708,10412111316,10412111351,1,"IOTHUB_CLIENT_CONFIRMATION_OK"
26709,10412111517,10412111560,1,"IOTHUB_CLIENT_CONFIRMATION_OK"
26710,10412111717,10412111764,1,"IOTHUB_CLIENT_CONFIRMATION_OK"
26711,10412111917,10412111979,1,"IOTHUB_CLIENT_CONFIRMATION_OK"
26712,10412112117,10412112171,1,"IOTHUB_CLIENT_CONFIRMATION_OK"
26713,10412112317,10412112372,1,"IOTHUB_CLIENT_CONFIRMATION_OK"
26714,10412112517,10412112570,1,"IOTHUB_CLIENT_CONFIRMATION_OK"
26715,10412112718,10412112806,1,"IOTHUB_CLIENT_CONFIRMATION_OK"
26716,10412112918,10412112983,1,"IOTHUB_CLIENT_CONFIRMATION_OK"
26717,10412113118,10412113204,1,"IOTHUB_CLIENT_CONFIRMATION_OK"
26718,10412113318,10412113514,1,"IOTHUB_CLIENT_CONFIRMATION_OK"
26719,10412113518,10412113563,1,"IOTHUB_CLIENT_CONFIRMATION_OK"
26720,10412113718,10412113766,1,"IOTHUB_CLIENT_CONFIRMATION_OK"
26721,10412113918,10412113958,1,"IOTHUB_CLIENT_CONFIRMATION_OK"
26722,10412114119,10412114167,1,"IOTHUB_CLIENT_CONFIRMATION_OK"
26723,10412114319,10412114365,1,"IOTHUB_CLIENT_CONFIRMATION_OK"
26724,10412114519,10412114574,1,"IOTHUB_CLIENT_CONFIRMATION_OK"
26725,10412114719,10412114799,1,"IOTHUB_CLIENT_CONFIRMATION_OK"
26726,10412114919,10412114964,1,"IOTHUB_CLIENT_CONFIRMATION_OK"
26727,10412115119,10412115181,1,"IOTHUB_CLIENT_CONFIRMATION_OK"
26728,10412115319,10412115385,1,"IOTHUB_CLIENT_CONFIRMATION_OK"
26729,10412115520,10412115577,1,"IOTHUB_CLIENT_CONFIRMATION_OK"
26730,10412115720,10412115763,1,"IOTHUB_CLIENT_CONFIRMATION_OK"
26731,10412115920,10412115964,1,"IOTHUB_CLIENT_CONFIRMATION_OK"
26732,10412116120,10412116180,1,"IOTHUB_CLIENT_CONFIRMATION_OK"
26733,10412116320,10412116365,1,"IOTHUB_CLIENT_CONFIRMATION_OK"
26734,10412116520,10412116561,1,"IOTHUB_CLIENT_CONFIRMATION_OK"
26735,10412116721,10412116804,1,"IOTHUB_CLIENT_CONFIRMATION_OK"
26736,10412116921,10412116997,1,"IOTHUB_CLIENT_CONFIRMATION_OK"
26737,10412117121,10412117174,1,"IOTHUB_CLIENT_CONFIRMATION_OK"
26738,10412117321,10412117414,1,"IOTHUB_CLIENT_CONFIRMATION_OK"
26739,10412117521,10412117559,1,"IOTHUB_CLIENT_CONFIRMATION_OK"
26740,10412117721,10412117796,1,"IOTHUB_CLIENT_CONFIRMATION_OK"
26741,10412117922,10412117976,1,"IOTHUB_CLIENT_CONFIRMATION_OK"
26742,10412118122,10412118170,1,"IOTHUB_CLIENT_CONFIRMATION_OK"
26743,10412118322,10412118412,1,"IOTHUB_CLIENT_CONFIRMATION_OK"
26744,10412118522,10412118590,1,"IOTHUB_CLIENT_CONFIRMATION_OK"
26745,10412118722,10412118787,1,"IOTHUB_CLIENT_CONFIRMATION_OK"
26746,10412118922,10412119039,1,"IOTHUB_CLIENT_CONFIRMATION_OK"
26747,10412119122,10412119166,1,"IOTHUB_CLIENT_CONFIRMATION_OK"
26748,10412119323,10412119375,1,"IOTHUB_CLIENT_CONFIRMATION_OK"
26749,10412119523,10412119680,1,"IOTHUB_CLIENT_CONFIRMATION_OK"
26750,10412119723,10412119776,1,"IOTHUB_CLIENT_CONFIRMATION_OK"
26751,10412119923,10412120035,1,"IOTHUB_CLIENT_CONFIRMATION_OK"
26752,10412120123,10412120178,1,"IOTHUB_CLIENT_CONFIRMATION_OK"
26753,10412120323,10412120487,1,"IOTHUB_CLIENT_CONFIRMATION_OK"
26754,10412120524,10412120589,1,"IOTHUB_CLIENT_CONFIRMATION_OK"
26755,10412120724,10412120764,1,"IOTHUB_CLIENT_CONFIRMATION_OK"
26756,10412120924,10412121209,1,"IOTHUB_CLIENT_CONFIRMATION_OK"
26757,10412121124,10412121273,1,"IOTHUB_CLIENT_CONFIRMATION_OK"
26758,10412121324,10412121511,1,"IOTHUB_CLIENT_CONFIRMATION_OK"
26759,10412121524,10412121568,1,"IOTHUB_CLIENT_CONFIRMATION_OK"
26760,10412121724,10412121892,1,"IOTHUB_CLIENT_CONFIRMATION_OK"
26761,10412121925,10412121982,1,"IOTHUB_CLIENT_CONFIRMATION_OK"
26762,10412122125,10412122163,1,"IOTHUB_CLIENT_CONFIRMATION_OK"
26763,10412122325,10412122363,1,"IOTHUB_CLIENT_CONFIRMATION_OK"
26764,10412122525,10412122564,1,"IOTHUB_CLIENT_CONFIRMATION_OK"
26765,10412122725,10412122774,1,"IOTHUB_CLIENT_CONFIRMATION_OK"
26766,10412122925,10412123074,1,"IOTHUB_CLIENT_CONFIRMATION_OK"
26767,10412123126,10412123177,1,"IOTHUB_CLIENT_CONFIRMATION_OK"
26768,10412123326,10412123487,1,"IOTHUB_CLIENT_CONFIRMATION_OK"
26769,10412123526,10412123667,1,"IOTHUB_CLIENT_CONFIRMATION_OK"
26770,10412123726,10412123772,1,"IOTHUB_CLIENT_CONFIRMATION_OK"
26771,10412123926,10412123973,1,"IOTHUB_CLIENT_CONFIRMATION_OK"
26772,10412124126,10412124191,1,"IOTHUB_CLIENT_CONFIRMATION_OK"
26773,10412124326,10412124410,1,"IOTHUB_CLIENT_CONFIRMATION_OK"
26774,10412124527,10412124587,1,"IOTHUB_CLIENT_CONFIRMATION_OK"
26775,10412124727,10412124763,1,"IOTHUB_CLIENT_CONFIRMATION_OK"
26776,10412124927,10412124971,1,"IOTHUB_CLIENT_CONFIRMATION_OK"
26777,10412125127,10412125181,1,"IOTHUB_CLIENT_CONFIRMATION_OK"
26778,10412125327,10412125363,1,"IOTHUB_CLIENT_CONFIRMATION_OK"
26779,10412125527,10412125564,1,"IOTHUB_CLIENT_CONFIRMATION_OK"
26780,10412125728,10412125777,1,"IOTHUB_CLIENT_CONFIRMATION_OK"
26781,10412125928,10412125973,1,"IOTHUB_CLIENT_CONFIRMATION_OK"
26782,10412126128,10412126168,1,"IOTHUB_CLIENT_CONFIRMATION_OK"
26783,10412126328,10412126364,1,"IOTHUB_CLIENT_CONFIRMATION_OK"
26784,10412126528,10412126585,1,"IOTHUB_CLIENT_CONFIRMATION_OK"
26785,10412126728,10412126797,1,"IOTHUB_CLIENT_CONFIRMATION_OK"
26786,10412126928,10412126986,1,"IOTHUB_CLIENT_CONFIRMATION_OK"
26787,10412127129,10412127197,1,"IOTHUB_CLIENT_CONFIRMATION_OK"
26788,10412127329,10412127422,1,"IOTHUB_CLIENT_CONFIRMATION_OK"
26789,10412127529,10412127569,1,"IOTHUB_CLIENT_CONFIRMATION_OK"
26790,10412127729,10412127779,1,"IOTHUB_CLIENT_CONFIRMATION_OK"
26791,10412127929,10412128011,1,"IOTHUB_CLIENT_CONFIRMATION_OK"
26792,10412128129,10412128184,1,"IOTHUB_CLIENT_CONFIRMATION_OK"
26793,10412128330,10412128463,1,"IOTHUB_CLIENT_CONFIRMATION_OK"
26794,10412128530,10412128584,1,"IOTHUB_CLIENT_CONFIRMATION_OK"
26795,10412128730,10412128770,1,"IOTHUB_CLIENT_CONFIRMATION_OK"
26796,10412128930,10412129025,1,"IOTHUB_CLIENT_CONFIRMATION_OK"
26797,10412129130,10412129182,1,"IOTHUB_CLIENT_CONFIRMATION_OK"
26798,10412129330,10412129369,1,"IOTHUB_CLIENT_CONFIRMATION_OK"
26799,10412129530,10412129629,1,"IOTHUB_CLIENT_CONFIRMATION_OK"
26800,10412129731,10412129788,1,"IOTHUB_CLIENT_CONFIRMATION_OK"
26801,10412129931,10412129987,1,"IOTHUB_CLIENT_CONFIRMATION_OK"
26802,10412130131,10412130170,1,"IOTHUB_CLIENT_CONFIRMATION_OK"
26803,10412130331,10412130383,1,"IOTHUB_CLIENT_CONFIRMATION_OK"
26804,10412130531,10412130574,1,"IOTHUB_CLIENT_CONFIRMATION_OK"
26805,10412130731,10412130782,1,"IOTHUB_CLIENT_CONFIRMATION_OK"
26806,10412130932,10412130976,1,"IOTHUB_CLIENT_CONFIRMATION_OK"
26807,10412131132,10412131298,1,"IOTHUB_CLIENT_CONFIRMATION_OK"
26808,10412131332,10412131380,1,"IOTHUB_CLIENT_CONFIRMATION_OK"
26809,10412131532,10412131637,1,"IOTHUB_CLIENT_CONFIRMATION_OK"
26810,10412131732,10412131889,1,"IOTHUB_CLIENT_CONFIRMATION_OK"
26811,10412131932,10412132011,1,"IOTHUB_CLIENT_CONFIRMATION_OK"
26812,10412132133,10412132180,1,"IOTHUB_CLIENT_CONFIRMATION_OK"
26813,10412132333,10412132392,1,"IOTHUB_CLIENT_CONFIRMATION_OK"
26814,10412132533,10412132600,1,"IOTHUB_CLIENT_CONFIRMATION_OK"
26815,10412132733,10412132791,1,"IOTHUB_CLIENT_CONFIRMATION_OK"
26816,10412132933,10412132989,1,"IOTHUB_CLIENT_CONFIRMATION_OK"
26817,10412133133,10412133210,1,"IOTHUB_CLIENT_CONFIRMATION_OK"
26818,10412133333,10412133382,1,"IOTHUB_CLIENT_CONFIRMATION_OK"
26819,10412133534,10412133576,1,"IOTHUB_CLIENT_CONFIRMATION_OK"
26820,10412133734,10412133811,1,"IOTHUB_CLIENT_CONFIRMATION_OK"
26821,10412133934,10412134141,1,"IOTHUB_CLIENT_CONFIRMATION_OK"
26822,10412134134,10412134199,1,"IOTHUB_CLIENT_CONFIRMATION_OK"
26823,10412134334,10412134385,1,"IOTHUB_CLIENT_CONFIRMATION_OK"
26824,10412134534,10412134585,1,"IOTHUB_CLIENT_CONFIRMATION_OK"
26825,10412134734,10412134774,1,"IOTHUB_CLIENT_CONFIRMATION_OK"
26826,10412134935,10412134982,1,"IOTHUB_CLIENT_CONFIRMATION_OK"
26827,10412135135,10412135176,1,"IOTHUB_CLIENT_CONFIRMATION_OK"
26828,10412135335,10412135385,1,"IOTHUB_CLIENT_CONFIRMATION_OK"
26829,10412135535,10412135580,1,"IOTHUB_CLIENT_CONFIRMATION_OK"
26830,10412135735,10412135810,1,"IOTHUB_CLIENT_CONFIRMATION_OK"
26831,10412135935,10412135986,1,"IOTHUB_CLIENT_CONFIRMATION_OK"
26832,10412136136,10412136192,1,"IOTHUB_CLIENT_CONFIRMATION_OK"
26833,10412136336,10412136398,1,"IOTHUB_CLIENT_CONFIRMATION_OK"
26834,10412136536,10412136593,1,"IOTHUB_CLIENT_CONFIRMATION_OK"
26835,10412136736,10412136789,1,"IOTHUB_CLIENT_CONFIRMATION_OK"
26836,10412136936,10412136978,1,"IOTHUB_CLIENT_CONFIRMATION_OK"
26837,10412137136,10412137187,1,"IOTHUB_CLIENT_CONFIRMATION_OK"
26838,10412137336,10412137383,1,"IOTHUB_CLIENT_CONFIRMATION_OK"
26839,10412137537,10412137580,1,"IOTHUB_CLIENT_CONFIRMATION_OK"
26840,10412137737,10412137876,1,"IOTHUB_CLIENT_CONFIRMATION_OK"
26841,10412137937,10412138147,1,"IOTHUB_CLIENT_CONFIRMATION_OK"
26842,10412138137,10412138191,1,"IOTHUB_CLIENT_CONFIRMATION_OK"
26843,10412138337,10412138373,1,"IOTHUB_CLIENT_CONFIRMATION_OK"
26844,10412138537,10412138606,1,"IOTHUB_CLIENT_CONFIRMATION_OK"
26845,10412138738,10412138797,1,"IOTHUB_CLIENT_CONFIRMATION_OK"
26846,10412138938,10412138984,1,"IOTHUB_CLIENT_CONFIRMATION_OK"
26847,10412139138,10412139216,1,"IOTHUB_CLIENT_CONFIRMATION_OK"
26848,10412139338,10412139388,1,"IOTHUB_CLIENT_CONFIRMATION_OK"
26849,10412139538,10412139595,1,"IOTHUB_CLIENT_CONFIRMATION_OK"
26850,10412139738,10412139781,1,"IOTHUB_CLIENT_CONFIRMATION_OK"
26851,10412139939,10412139978,1,"IOTHUB_CLIENT_CONFIRMATION_OK"
26852,10412140139,10412140190,1,"IOTHUB_CLIENT_CONFIRMATION_OK"
26853,10412140339,10412140386,1,"IOTHUB_CLIENT_CONFIRMATION_OK"
26854,10412140539,10412140586,1,"IOTHUB_CLIENT_CONFIRMATION_OK"
26855,10412140739,10412140789,1,"IOTHUB_CLIENT_CONFIRMATION_OK"
26856,10412140939,10412140992,1,"IOTHUB_CLIENT_CONFIRMATION_OK"
26857,10412141139,10412141196,1,"IOTHUB_CLIENT_CONFIRMATION_OK"
26858,10412141340,10412141386,1,"IOTHUB_CLIENT_CONFIRMATION_OK"
26859,10412141540,10412141601,1,"IOTHUB_CLIENT_CONFIRMATION_OK"
26860,10412141740,10412141812,1,"IOTHUB_CLIENT_CONFIRMATION_OK"
26861,10412141940,10412141999,1,"IOTHUB_CLIENT_CONFIRMATION_OK"
26862,10412142140,10412142192,1,"IOTHUB_CLIENT_CONFIRMATION_OK"
26863,10412142340,10412142466,1,"IOTHUB_CLIENT_CONFIRMATION_OK"
26864,10412142541,10412142657,1,"IOTHUB_CLIENT_CONFIRMATION_OK"
26865,10412142741,10412142892,1,"IOTHUB_CLIENT_CONFIRMATION_OK"
26866,10412142941,10412142997,1,"IOTHUB_CLIENT_CONFIRMATION_OK"
26867,10412143141,10412143198,1,"IOTHUB_CLIENT_CONFIRMATION_OK"
26868,10412143341,10412143456,1,"IOTHUB_CLIENT_CONFIRMATION_OK"
26869,10412143541,10412143602,1,"IOTHUB_CLIENT_CONFIRMATION_OK"
26870,10412143741,10412143792,1,"IOTHUB_CLIENT_CONFIRMATION_OK"
26871,10412143942,10412144093,1,"IOTHUB_CLIENT_CONFIRMATION_OK"
26872,10412144142,10412144199,1,"IOTHUB_CLIENT_CONFIRMATION_OK"
26873,10412144342,10412144394,1,"IOTHUB_CLIENT_CONFIRMATION_OK"
26874,10412144542,10412144610,1,"IOTHUB_CLIENT_CONFIRMATION_OK"
26875,10412144742,10412144800,1,"IOTHUB_CLIENT_CONFIRMATION_OK"
26876,10412144942,10412144990,1,"IOTHUB_CLIENT_CONFIRMATION_OK"
26877,10412145142,10412145184,1,"IOTHUB_CLIENT_CONFIRMATION_OK"
26878,10412145343,10412145389,1,"IOTHUB_CLIENT_CONFIRMATION_OK"
26879,10412145543,10412145580,1,"IOTHUB_CLIENT_CONFIRMATION_OK"
26880,10412145743,10412145796,1,"IOTHUB_CLIENT_CONFIRMATION_OK"
26881,10412145943,10412145985,1,"IOTHUB_CLIENT_CONFIRMATION_OK"
26882,10412146143,10412146308,1,"IOTHUB_CLIENT_CONFIRMATION_OK"
26883,10412146343,10412146396,1,"IOTHUB_CLIENT_CONFIRMATION_OK"
26884,10412146544,10412146599,1,"IOTHUB_CLIENT_CONFIRMATION_OK"
26885,10412146744,10412146827,1,"IOTHUB_CLIENT_CONFIRMATION_OK"
26886,10412146944,10412146996,1,"IOTHUB_CLIENT_CONFIRMATION_OK"
26887,10412147144,10412147204,1,"IOTHUB_CLIENT_CONFIRMATION_OK"
26888,10412147344,10412147396,1,"IOTHUB_CLIENT_CONFIRMATION_OK"
26889,10412147544,10412147589,1,"IOTHUB_CLIENT_CONFIRMATION_OK"
26890,10412147745,10412147802,1,"IOTHUB_CLIENT_CONFIRMATION_OK"
26891,10412147945,10412147991,1,"IOTHUB_CLIENT_CONFIRMATION_OK"
26892,10412148145,10412148296,1,"IOTHUB_CLIENT_CONFIRMATION_OK"
26893,10412148345,10412148401,1,"IOTHUB_CLIENT_CONFIRMATION_OK"
26894,10412148545,10412148627,1,"IOTHUB_CLIENT_CONFIRMATION_OK"
26895,10412148745,10412148796,1,"IOTHUB_CLIENT_CONFIRMATION_OK"
26896,10412148946,10412148991,1,"IOTHUB_CLIENT_CONFIRMATION_OK"
26897,10412149146,10412149185,1,"IOTHUB_CLIENT_CONFIRMATION_OK"
26898,10412149346,10412149390,1,"IOTHUB_CLIENT_CONFIRMATION_OK"
26899,10412149546,10412149667,1,"IOTHUB_CLIENT_CONFIRMATION_OK"
26900,10412149746,10412149796,1,"IOTHUB_CLIENT_CONFIRMATION_OK"
26901,10412149946,10412149987,1,"IOTHUB_CLIENT_CONFIRMATION_OK"
26902,10412150146,10412150225,1,"IOTHUB_CLIENT_CONFIRMATION_OK"
26903,10412150347,10412150385,1,"IOTHUB_CLIENT_CONFIRMATION_OK"
26904,10412150547,10412150600,1,"IOTHUB_CLIENT_CONFIRMATION_OK"
26905,10412150747,10412150833,1,"IOTHUB_CLIENT_CONFIRMATION_OK"
26906,10412150947,10412151022,1,"IOTHUB_CLIENT_CONFIRMATION_OK"
26907,10412151147,10412151234,1,"IOTHUB_CLIENT_CONFIRMATION_OK"
26908,10412151347,10412151392,1,"IOTHUB_CLIENT_CONFIRMATION_OK"
26909,10412151548,10412151612,1,"IOTHUB_CLIENT_CONFIRMATION_OK"
26910,10412151748,10412151838,1,"IOTHUB_CLIENT_CONFIRMATION_OK"
26911,10412151948,10412151988,1,"IOTHUB_CLIENT_CONFIRMATION_OK"
26912,10412152148,10412152232,1,"IOTHUB_CLIENT_CONFIRMATION_OK"
26913,10412152348,10412152460,1,"IOTHUB_CLIENT_CONFIRMATION_OK"
26914,10412152548,10412152606,1,"IOTHUB_CLIENT_CONFIRMATION_OK"
26915,10412152748,10412152810,1,"IOTHUB_CLIENT_CONFIRMATION_OK"
26916,10412152949,10412152986,1,"IOTHUB_CLIENT_CONFIRMATION_OK"
26917,10412153149,10412153187,1,"IOTHUB_CLIENT_CONFIRMATION_OK"
26918,10412153349,10412153411,1,"IOTHUB_CLIENT_CONFIRMATION_OK"
26919,10412153549,10412153595,1,"IOTHUB_CLIENT_CONFIRMATION_OK"
26920,10412153749,10412153885,1,"IOTHUB_CLIENT_CONFIRMATION_OK"
26921,10412153949,10412154098,1,"IOTHUB_CLIENT_CONFIRMATION_OK"
26922,10412154150,10412154269,1,"IOTHUB_CLIENT_CONFIRMATION_OK"
26923,10412154350,10412154389,1,"IOTHUB_CLIENT_CONFIRMATION_OK"
26924,10412154550,10412154609,1,"IOTHUB_CLIENT_CONFIRMATION_OK"
26925,10412154750,10412154790,1,"IOTHUB_CLIENT_CONFIRMATION_OK"
26926,10412154950,10412154992,1,"IOTHUB_CLIENT_CONFIRMATION_OK"
26927,10412155150,10412155215,1,"IOTHUB_CLIENT_CONFIRMATION_OK"
26928,10412155350,10412155394,1,"IOTHUB_CLIENT_CONFIRMATION_OK"
26929,10412155551,10412155594,1,"IOTHUB_CLIENT_CONFIRMATION_OK"
26930,10412155751,10412155806,1,"IOTHUB_CLIENT_CONFIRMATION_OK"
26931,10412155951,10412156002,1,"IOTHUB_CLIENT_CONFIRMATION_OK"
26932,10412156151,10412156343,1,"IOTHUB_CLIENT_CONFIRMATION_OK"
26933,10412156351,10412156406,1,"IOTHUB_CLIENT_CONFIRMATION_OK"
26934,10412156551,10412156605,1,"IOTHUB_CLIENT_CONFIRMATION_OK"
26935,10412156752,10412156809,1,"IOTHUB_CLIENT_CONFIRMATION_OK"
26936,10412156952,10412157014,1,"IOTHUB_CLIENT_CONFIRMATION_OK"
26937,10412157152,10412157198,1,"IOTHUB_CLIENT_CONFIRMATION_OK"
26938,10412157352,10412157431,1,"IOTHUB_CLIENT_CONFIRMATION_OK"
26939,10412157552,10412157609,1,"IOTHUB_CLIENT_CONFIRMATION_OK"
26940,10412157752,10412157799,1,"IOTHUB_CLIENT_CONFIRMATION_OK"
26941,10412157952,10412158052,1,"IOTHUB_CLIENT_CONFIRMATION_OK"
26942,10412158153,10412158199,1,"IOTHUB_CLIENT_CONFIRMATION_OK"
26943,10412158353,10412158402,1,"IOTHUB_CLIENT_CONFIRMATION_OK"
26944,10412158553,10412158607,1,"IOTHUB_CLIENT_CONFIRMATION_OK"
26945,10412158753,10412158901,1,"IOTHUB_CLIENT_CONFIRMATION_OK"
26946,10412158953,10412159002,1,"IOTHUB_CLIENT_CONFIRMATION_OK"
26947,10412159153,10412159218,1,"IOTHUB_CLIENT_CONFIRMATION_OK"
26948,10412159354,10412160880,1,"IOTHUB_CLIENT_CONFIRMATION_OK"
26949,10412159554,10412160954,1,"IOTHUB_CLIENT_CONFIRMATION_OK"
26950,10412159754,10412161045,1,"IOTHUB_CLIENT_CONFIRMATION_OK"
26951,10412159954,10412161107,1,"IOTHUB_CLIENT_CONFIRMATION_OK"
26952,10412160154,10412161245,1,"IOTHUB_CLIENT_CONFIRMATION_OK"
26953,10412160354,10412161339,1,"IOTHUB_CLIENT_CONFIRMATION_OK"
26954,10412160554,10412161412,1,"IOTHUB_CLIENT_CONFIRMATION_OK"
26955,10412160755,10412161636,1,"IOTHUB_CLIENT_CONFIRMATION_OK"
26956,10412160955,10412161691,1,"IOTHUB_CLIENT_CONFIRMATION_OK"
26957,10412161155,10412161762,1,"IOTHUB_CLIENT_CONFIRMATION_OK"
26958,10412161355,10412161843,1,"IOTHUB_CLIENT_CONFIRMATION_OK"
26959,10412161555,10412161906,1,"IOTHUB_CLIENT_CONFIRMATION_OK"
26960,10412161755,10412161971,1,"IOTHUB_CLIENT_CONFIRMATION_OK"
26961,10412161955,10412162045,1,"IOTHUB_CLIENT_CONFIRMATION_OK"
26962,10412162156,10412162224,1,"IOTHUB_CLIENT_CONFIRMATION_OK"
26963,10412162356,10412162397,1,"IOTHUB_CLIENT_CONFIRMATION_OK"
26964,10412162556,10412162620,1,"IOTHUB_CLIENT_CONFIRMATION_OK"
26965,10412162756,10412162812,1,"IOTHUB_CLIENT_CONFIRMATION_OK"
26966,10412162956,10412163041,1,"IOTHUB_CLIENT_CONFIRMATION_OK"
26967,10412163156,10412163219,1,"IOTHUB_CLIENT_CONFIRMATION_OK"
26968,10412163357,10412163434,1,"IOTHUB_CLIENT_CONFIRMATION_OK"
26969,10412163557,10412163633,1,"IOTHUB_CLIENT_CONFIRMATION_OK"
26970,10412163757,10412163810,1,"IOTHUB_CLIENT_CONFIRMATION_OK"
26971,10412163957,10412164058,1,"IOTHUB_CLIENT_CONFIRMATION_OK"
26972,10412164157,10412164195,1,"IOTHUB_CLIENT_CONFIRMATION_OK"
26973,10412164357,10412164423,1,"IOTHUB_CLIENT_CONFIRMATION_OK"
26974,10412164558,10412164686,1,"IOTHUB_CLIENT_CONFIRMATION_OK"
26975,10412164758,10412164794,1,"IOTHUB_CLIENT_CONFIRMATION_OK"
26976,10412164958,10412165053,1,"IOTHUB_CLIENT_CONFIRMATION_OK"
26977,10412165158,10412165210,1,"IOTHUB_CLIENT_CONFIRMATION_OK"
26978,10412165358,10412165397,1,"IOTHUB_CLIENT_CONFIRMATION_OK"
26979,10412165558,10412165613,1,"IOTHUB_CLIENT_CONFIRMATION_OK"
26980,10412165758,10412165802,1,"IOTHUB_CLIENT_CONFIRMATION_OK"
26981,10412165959,10412166005,1,"IOTHUB_CLIENT_CONFIRMATION_OK"
26982,10412166159,10412166295,1,"IOTHUB_CLIENT_CONFIRMATION_OK"
26983,10412166359,10412166398,1,"IOTHUB_CLIENT_CONFIRMATION_OK"
26984,10412166559,10412166615,1,"IOTHUB_CLIENT_CONFIRMATION_OK"
26985,10412166759,10412166911,1,"IOTHUB_CLIENT_CONFIRMATION_OK"
26986,10412166959,10412167018,1,"IOTHUB_CLIENT_CONFIRMATION_OK"
26987,10412167160,10412167223,1,"IOTHUB_CLIENT_CONFIRMATION_OK"
26988,10412167360,10412167414,1,"IOTHUB_CLIENT_CONFIRMATION_OK"
26989,10412167560,10412167646,1,"IOTHUB_CLIENT_CONFIRMATION_OK"
26990,10412167760,10412167807,1,"IOTHUB_CLIENT_CONFIRMATION_OK"
26991,10412167960,10412168011,1,"IOTHUB_CLIENT_CONFIRMATION_OK"
26992,10412168160,10412168219,1,"IOTHUB_CLIENT_CONFIRMATION_OK"
26993,10412168360,10412168520,1,"IOTHUB_CLIENT_CONFIRMATION_OK"
26994,10412168561,10412168610,1,"IOTHUB_CLIENT_CONFIRMATION_OK"
26995,10412168761,10412168833,1,"IOTHUB_CLIENT_CONFIRMATION_OK"
26996,10412168961,10412169196,1,"IOTHUB_CLIENT_CONFIRMATION_OK"
26997,10412169161,10412169244,1,"IOTHUB_CLIENT_CONFIRMATION_OK"
26998,10412169361,10412169401,1,"IOTHUB_CLIENT_CONFIRMATION_OK"
26999,10412169561,10412169642,1,"IOTHUB_CLIENT_CONFIRMATION_OK"
